239	20
1	0.0155959	0.00176367	0.00311079	0.0105712	0.0152252	0.0152428	0.00532151	0.0536592	0.264583	0.0903339	0.0279382	0.0167402	0.00250804	0.014395	0.375477	0.0217658	0.0304435	0.0108043	0.00424055	0.0202801
2	0.00491512	0.00125907	0.00893645	0.00736561	0.00133731	0.00273112	0.0398737	0.0119222	0.446452	0.00369598	0.0116456	0.0588968	0.00149365	0.0756081	0.241726	0.0413149	0.033323	0.00406166	0.000628055	0.00281422
3	0.00755907	0.0046263	0.000627262	0.00206251	0.017957	0.000762293	0.003265	0.578971	0.000900984	0.0747628	0.0231627	0.00227627	0.000287598	0.000902701	0.000744696	0.00323448	0.0122168	0.262306	0.00217699	0.00119707
4	0.657367	0.0609789	0.00264294	0.00400021	0.00214418	0.0588676	0.00442808	0.0115325	0.005746	0.00825199	0.00490885	0.00484493	0.00498534	0.00640839	0.00785406	0.0944924	0.020846	0.0322802	0.000513966	0.00690689
5	0.0135782	0.00745547	0.00681871	0.00430824	0.30247	0.00280949	0.00767094	0.253838	0.00414949	0.139598	0.00632077	0.00735133	0.00149597	0.0036382	0.00350306	0.0139006	0.0146904	0.162967	0.000726807	0.0427104
6	0.0121105	0.0143665	0.00479273	0.00999602	0.201912	0.00933968	0.0135139	0.0116838	0.0161876	0.0234582	0.00673605	0.00665184	0.00333414	0.00869915	0.0152722	0.0106207	0.00879777	0.012175	0.0044101	0.605942
7	0.00257703	0.0011536	0.00233329	0.00203203	0.000507665	0.962766	0.00182429	0.000877047	0.00243564	0.00102456	0.000810765	0.00398799	0.000350711	0.00129627	0.00147569	0.0105683	0.00160674	0.00134435	0.00022183	0.000806261
8	0.0293642	0.00442364	0.0247531	0.0506375	0.00804652	0.0148114	0.0235091	0.0148546	0.389303	0.0209806	0.0189699	0.0577567	0.00637858	0.0555248	0.168993	0.0403841	0.0366715	0.0164022	0.00151916	0.0167156
9	0.00682691	0.00118641	0.00286084	0.00250316	0.000541306	0.953417	0.00230242	0.00100097	0.00309114	0.00103903	0.000819148	0.004815	0.000381224	0.00142085	0.00195601	0.0113866	0.00198972	0.00155988	0.000227533	0.000674493
10	0.00415521	0.00147224	0.00303658	0.00244503	0.000969626	0.953511	0.00197412	0.00109629	0.00264832	0.0014312	0.000890363	0.0050519	0.000372108	0.00158875	0.00185998	0.0114918	0.00241582	0.00162417	0.000285156	0.00168032
11	0.0124833	0.00454098	0.00212914	0.00453204	0.0151859	0.00129454	0.00330997	0.505969	0.00174591	0.0807858	0.0289714	0.00260857	0.000673392	0.00250556	0.00100256	0.00563963	0.0193581	0.302831	0.00231591	0.00211783
12	0.00263083	0.00110054	0.00332987	0.00262906	0.000547913	0.956596	0.00254944	0.000998061	0.00331849	0.00123052	0.000832849	0.00521525	0.000349802	0.00167926	0.00244549	0.0107098	0.0014557	0.00143359	0.000248174	0.000699782
13	0.0361604	0.00586505	0.0255011	0.0508243	0.00761043	0.0238571	0.0239736	0.0178773	0.368256	0.0262757	0.0193956	0.0532431	0.00526627	0.054531	0.163242	0.046304	0.0376406	0.018092	0.00189958	0.0141855
14	0.16149	0.0526933	0.0403467	0.0371698	0.0095073	0.0346838	0.0110917	0.0184718	0.0282579	0.0189317	0.013769	0.0274732	0.0119321	0.0202397	0.0231839	0.362196	0.0823793	0.0345309	0.00217838	0.00947299
15	0.0725891	0.0708867	0.00271065	0.00391076	0.00210783	0.0108931	0.00284844	0.0193603	0.00458855	0.0094142	0.00806175	0.0062172	0.00665767	0.0146873	0.00377483	0.185071	0.496899	0.0761754	0.00100701	0.00213938
16	0.0143845	0.00989546	0.00320656	0.00495694	0.0139957	0.00269732	0.00409328	0.45095	0.00241797	0.0954515	0.0397524	0.00658789	0.00116425	0.00330689	0.00259227	0.00822124	0.0352406	0.296306	0.00239722	0.00238121
17	0.103006	0.0735345	0.00201368	0.00300062	0.00129247	0.0039256	0.00195133	0.0190504	0.00302638	0.00530097	0.00669555	0.0033551	0.00353135	0.0268919	0.00252765	0.151885	0.473424	0.113446	0.000506076	0.0016364
18	0.388602	0.0854087	0.00460448	0.00479733	0.00528135	0.0192603	0.00336422	0.00986858	0.00519609	0.00477984	0.00605597	0.00760835	0.00804272	0.0202103	0.00650623	0.380559	0.0181885	0.0164489	0.000844996	0.00437238
19	0.0448246	0.0112875	0.0462469	0.0419464	0.0078594	0.0783227	0.0709962	0.0182698	0.0627967	0.0259409	0.0163812	0.343691	0.00556532	0.0385761	0.0485812	0.046444	0.0481381	0.0191168	0.00436986	0.0206458
20	0.00758164	0.00452808	0.000723186	0.00295171	0.0234366	0.00300815	0.0058575	0.271203	0.0043274	0.378204	0.144673	0.00198442	0.000489194	0.00276883	0.00171197	0.00620598	0.018911	0.116971	0.00110211	0.00336174
21	0.4333	0.0127965	0.00646545	0.00349448	0.00159057	0.0166798	0.00486118	0.0422189	0.00459175	0.0220049	0.0136766	0.00298047	0.0064138	0.00459367	0.00373007	0.198263	0.0774552	0.142031	0.000598602	0.00225518
22	0.70513	0.0240905	0.00222968	0.00141492	0.000577629	0.0355902	0.0023982	0.0106768	0.00142052	0.0055684	0.00553516	0.00158204	0.00310461	0.00326852	0.0043271	0.117722	0.0247398	0.048194	0.000225564	0.00220476
23	0.802243	0.011909	0.00118228	0.00161906	0.000581034	0.0535662	0.00239265	0.00658423	0.00179452	0.00235076	0.00271084	0.00245849	0.00165288	0.00600174	0.00958429	0.0684258	0.00928197	0.0133294	0.000263677	0.00206788
24	0.00635263	0.0198724	0.00178204	0.00324431	0.084142	0.00315432	0.00301623	0.0620605	0.018901	0.476146	0.211548	0.00733827	0.00335077	0.00697129	0.0139549	0.0120301	0.0128508	0.0289153	0.00347315	0.0208962
25	0.563971	0.0119486	0.00532332	0.00158074	0.000642859	0.0216156	0.00606204	0.0128929	0.00159873	0.00605012	0.00486981	0.00184156	0.00312328	0.00186164	0.00247542	0.222087	0.0465376	0.0839249	0.000292712	0.0013003
26	0.0413542	0.00212141	0.0534832	0.406487	0.0126584	0.0148272	0.0598413	0.00372633	0.0299688	0.0482579	0.0241437	0.0403675	0.00165367	0.028919	0.017363	0.0427732	0.095261	0.00455864	0.000803476	0.0714312
27	0.00803368	0.000761063	0.06495	0.0268454	0.000566509	0.698745	0.0206725	0.00101461	0.025858	0.00399981	0.000692399	0.113755	0.000334987	0.00691959	0.00507546	0.0131255	0.00117183	0.0035388	0.000303705	0.00363661
28	0.00834622	0.00264505	0.00374256	0.0210608	0.0421949	0.00392191	0.0644434	0.0199781	0.266305	0.125553	0.00465648	0.0956424	0.00217983	0.0679115	0.0769621	0.0079197	0.00675368	0.0217978	0.0013968	0.156589
29	0.0028967	0.000932163	0.010299	0.00527879	0.000904545	0.0017623	0.0338506	0.00651962	0.466771	0.00191928	0.00994941	0.064833	0.000653178	0.0414091	0.260917	0.0488476	0.0387949	0.00208272	0.000334314	0.00104527
30	0.0303819	0.00504365	0.000961398	0.00269926	0.000588711	0.00118926	0.0017223	0.252096	0.000908833	0.0264646	0.0139076	0.000813503	0.00125105	0.00109206	0.000792373	0.0131118	0.0444102	0.599123	0.00126724	0.00217524
31	0.00576938	0.0199659	0.00202385	0.00310874	0.0735255	0.0028163	0.00322712	0.105505	0.011614	0.370597	0.29604	0.00789323	0.00168352	0.00394905	0.00943258	0.0124919	0.0153986	0.0380385	0.00664047	0.0102795
32	0.0239756	0.00419572	0.0101348	0.0342416	0.00857284	0.00573183	0.0318246	0.230035	0.00672466	0.121621	0.101656	0.00674183	0.00151771	0.22743	0.00784785	0.00907253	0.0262277	0.134766	0.00136714	0.00631582
33	0.00908025	0.00477453	0.000668084	0.00257412	0.0166534	0.00081209	0.00377001	0.552416	0.000902937	0.0679117	0.0218887	0.00210628	0.00033579	0.000978842	0.000867633	0.00442834	0.0147822	0.291346	0.00224717	0.00145627
34	0.00297166	0.00125113	0.00325228	0.00252142	0.000687846	0.955111	0.00245644	0.000962898	0.00357817	0.00117431	0.000927983	0.00549622	0.000377	0.00142041	0.00208998	0.0107468	0.00160635	0.00139974	0.000221846	0.00174661
35	0.30833	0.258922	0.00958028	0.0132108	0.0100369	0.0312648	0.00961646	0.0223846	0.0116546	0.0223472	0.0131118	0.0158794	0.00939408	0.0141979	0.012948	0.152369	0.0417962	0.0283912	0.00187853	0.0126868
36	0.0285597	0.00591041	0.508408	0.12127	0.00730488	0.0115465	0.04691	0.0107192	0.0295167	0.0101786	0.00714268	0.0485305	0.00504155	0.0362946	0.0222427	0.0600242	0.0175816	0.0109627	0.00255312	0.00930189
37	0.0360287	0.0104812	0.0154992	0.0245395	0.000986752	0.0145328	0.00650647	0.00260672	0.00337887	0.00281538	0.00180878	0.0114636	0.799291	0.00207656	0.0068394	0.0387095	0.0114208	0.00901608	0.00088761	0.00111081
38	0.0318226	0.00609953	0.023468	0.0451886	0.00966013	0.0222264	0.0233401	0.0204294	0.35787	0.0315951	0.023048	0.0551661	0.00949048	0.0566714	0.167341	0.0442326	0.0360435	0.0163182	0.00199541	0.017993
39	0.581928	0.00578841	0.00610692	0.00776792	0.00396555	0.0176052	0.0706071	0.0078927	0.00770105	0.00828072	0.00568428	0.0418601	0.0039067	0.0081312	0.041139	0.12224	0.0367204	0.0162313	0.00157747	0.00486593
40	0.0327766	0.00421677	0.513213	0.124583	0.00712284	0.016126	0.0475365	0.00716846	0.0297212	0.00798472	0.00506177	0.0488507	0.00594386	0.0366008	0.0222935	0.0565748	0.0164592	0.00741848	0.00128596	0.00906239
41	0.179957	0.184159	0.00379782	0.00550071	0.00753838	0.00783843	0.00364024	0.0146943	0.00585208	0.00602731	0.0101479	0.0100093	0.00239808	0.0132411	0.00572466	0.36657	0.136906	0.0310241	0.000973652	0.0040005
42	0.0665099	0.0477594	0.00236025	0.0045738	0.00143653	0.00631982	0.00223337	0.0179458	0.00630646	0.00853636	0.00524066	0.00637119	0.00830018	0.0134098	0.00381927	0.188682	0.535079	0.0722749	0.000538521	0.00230347
43	0.0179454	0.00139814	0.00183269	0.0100461	0.0217703	0.0191184	0.0042313	0.0565551	0.17434	0.0943658	0.0367596	0.0254218	0.00241439	0.015476	0.39963	0.0265303	0.0436687	0.0121294	0.00556092	0.0308055
44	0.0494463	0.0362416	0.0089662	0.0149351	0.00619612	0.00736867	0.00811573	0.0785789	0.0127206	0.0885748	0.185934	0.210003	0.00365476	0.0133821	0.0131613	0.0171245	0.157045	0.0789603	0.00233508	0.0072559
45	0.0119231	0.00782505	0.00107662	0.00441946	0.0193854	0.00539463	0.00551988	0.189496	0.00350258	0.472348	0.141452	0.00214792	0.000723841	0.00401088	0.0029954	0.00566411	0.0120937	0.101807	0.00121649	0.00699844
46	0.0310904	0.018293	0.00283414	0.0119297	0.0177322	0.00566153	0.0150494	0.0652661	0.0305526	0.23252	0.157522	0.00688858	0.00177874	0.0268769	0.0738923	0.0162571	0.101023	0.149302	0.000957981	0.0345732
47	0.00466832	0.00960168	0.074625	0.047342	0.00141148	0.460096	0.11353	0.00214649	0.0883538	0.00306016	0.00194683	0.0921356	0.000866525	0.0119029	0.0427024	0.0356375	0.00349179	0.00415093	0.000470677	0.00185992
48	0.112049	0.0192257	0.00750019	0.0268855	0.00659017	0.520762	0.00914996	0.00174674	0.0345321	0.00190095	0.00150035	0.0217364	0.000867366	0.0089898	0.0261214	0.120543	0.0602761	0.0175105	0.000439621	0.00167376
49	0.0920212	0.000778782	0.0467181	0.118715	0.00951702	0.00275403	0.0264918	0.0282053	0.184719	0.0501619	0.0234081	0.0491678	0.00542238	0.0496263	0.15222	0.0549025	0.0336826	0.0516061	0.00187044	0.0180111
50	0.0685028	0.00210789	0.0731685	0.0673163	0.00287757	0.00702897	0.00726381	0.0211506	0.106664	0.0138981	0.022653	0.0766068	0.236644	0.0253725	0.0654274	0.077844	0.0656009	0.0528677	0.000777427	0.00622764
51	0.0524622	0.0223351	0.00322972	0.00473614	0.00159827	0.00845996	0.00203023	0.0196807	0.00355636	0.00929221	0.00285202	0.0127044	0.0179728	0.00631525	0.00333542	0.25147	0.548879	0.0265801	0.000646668	0.00186307
52	0.0298768	0.00492506	0.000929897	0.00261873	0.000788258	0.00118731	0.00171161	0.256498	0.000878419	0.0276164	0.0142792	0.000828341	0.00113637	0.00105946	0.000790298	0.0128729	0.0434177	0.595157	0.00123207	0.00219673
53	0.00902568	0.00938317	0.000941785	0.00408204	0.0245871	0.00558125	0.00501884	0.162997	0.0042924	0.506664	0.155076	0.00258974	0.000659843	0.0040441	0.00286599	0.00533527	0.0102146	0.0775409	0.00164654	0.00745434
54	0.0138686	0.00241104	0.587641	0.0932882	0.00436442	0.00395923	0.0927183	0.00328382	0.0115375	0.00448118	0.00273545	0.0462166	0.00157749	0.0432831	0.0193393	0.0491715	0.00915662	0.00425879	0.000938168	0.00576909
55	0.0328139	0.00899479	0.00282193	0.0172452	0.0153489	0.004883	0.00799093	0.0628139	0.045616	0.227668	0.11501	0.00440813	0.00339454	0.0408302	0.0566782	0.0217052	0.151062	0.141314	0.00122623	0.0381742
56	0.0125756	0.00693399	0.00145382	0.00714568	0.0232011	0.00503142	0.00750192	0.194248	0.00512878	0.451787	0.142014	0.00251171	0.00175898	0.0068099	0.00348488	0.00621074	0.0143842	0.0966964	0.00133042	0.00979156
57	0.0908453	0.00381602	0.0144045	0.0524155	0.00464022	0.0114851	0.0107524	0.0162888	0.167303	0.0266564	0.0128983	0.0625289	0.00479791	0.0225403	0.385603	0.0494381	0.0245604	0.0139585	0.00155888	0.0235086
58	0.0141257	0.00730281	0.168594	0.332945	0.00115384	0.0193514	0.0214099	0.00478229	0.107487	0.0072888	0.00675431	0.0350534	0.00631525	0.0640025	0.02865	0.0432067	0.102684	0.0212609	0.000321888	0.00731009
59	0.0507527	0.00239566	0.0039174	0.0402778	0.0306239	0.0237769	0.003168	0.136816	0.0227973	0.333435	0.0301271	0.00301914	0.0608216	0.0112101	0.00470591	0.0410268	0.0570533	0.1196	0.00695144	0.0175233
60	0.0554809	0.00110229	0.267287	0.497387	0.00204851	0.0152441	0.0166198	0.00171777	0.024984	0.00195382	0.00176135	0.0143065	0.00335757	0.0298923	0.00389056	0.0471294	0.00493438	0.00193533	0.000285088	0.00868307
61	0.0319526	0.00139742	0.50459	0.221458	0.00850881	0.00678962	0.0263532	0.00253366	0.0293981	0.0028258	0.00213131	0.049455	0.00157297	0.0241601	0.0143755	0.036677	0.021164	0.0032343	0.000478083	0.0109445
62	0.0124791	0.003904	0.000493889	0.00231579	0.0122843	0.000582275	0.00246389	0.507615	0.000669665	0.0838931	0.0266369	0.00233576	0.000267398	0.000816252	0.000611568	0.00471274	0.017663	0.316419	0.00250295	0.00133305
63	0.0165654	0.0169388	0.0040972	0.0173569	0.00245551	0.0195621	0.00486686	0.125401	0.00752579	0.145588	0.143281	0.00371599	0.00177698	0.00525051	0.0504367	0.0336407	0.0233202	0.371548	0.00092934	0.00574284
64	0.0696377	0.00965023	0.0139702	0.229785	0.00124219	0.0197166	0.00211004	0.133723	0.0965858	0.0185933	0.00203006	0.00304441	0.0428716	0.0575608	0.0110133	0.0162671	0.159468	0.101596	0.00924356	0.0018909
65	0.0368551	0.0115413	0.00838027	0.0112881	0.00255073	0.669512	0.00526247	0.00437402	0.013104	0.00521227	0.00439211	0.0117794	0.00260726	0.0085039	0.00974378	0.165077	0.0129137	0.0118401	0.00116358	0.0038997
66	0.00410327	0.00300452	0.00202361	0.0114969	0.538836	0.00220804	0.00353652	0.00572621	0.0209787	0.00633328	0.00177968	0.00260439	0.00956363	0.0116971	0.00430375	0.0240761	0.00349261	0.00316204	0.0176136	0.32346
67	0.0774792	0.0311139	0.00224244	0.0160374	0.00120902	0.308452	0.0184965	0.00257274	0.174774	0.0359883	0.010207	0.128248	0.000753001	0.0270238	0.0956367	0.0195836	0.0369822	0.00255088	0.00888372	0.00176567
68	0.00821582	0.00072324	0.0656771	0.0268684	0.000575072	0.699173	0.0199141	0.0010425	0.0259825	0.00414794	0.000697971	0.113498	0.000366662	0.00684104	0.0048574	0.0128129	0.00122415	0.00349445	0.000306385	0.00358112
69	0.0307716	0.00503285	0.000999187	0.00282056	0.000585194	0.00117767	0.00178052	0.255671	0.000932957	0.025848	0.0134497	0.000758044	0.00126602	0.00112096	0.000773329	0.0135806	0.0450936	0.594848	0.00130439	0.00218631
70	0.0176843	0.00144963	0.0018745	0.00744908	0.0288775	0.0132997	0.0042823	0.0506268	0.192215	0.124137	0.0390156	0.0222204	0.00182324	0.0174436	0.340161	0.0216702	0.040949	0.0178517	0.00816616	0.0488036
71	0.0697506	0.290641	0.0149388	0.0210931	0.0149927	0.119623	0.0297496	0.0235567	0.036242	0.125791	0.0212793	0.0269059	0.00668887	0.0214052	0.0292519	0.0374699	0.0280226	0.0280759	0.00477247	0.0497495
72	0.0561533	0.00673945	0.003331	0.00243988	0.000573905	0.00226923	0.00157342	0.217804	0.00173804	0.0302942	0.0136799	0.00126013	0.00577586	0.0037464	0.00161153	0.0152041	0.0725642	0.560456	0.000897917	0.0018868
73	0.0485113	0.00460146	0.120811	0.531291	0.00263298	0.0104177	0.0146266	0.00753529	0.0452243	0.00852725	0.0067729	0.0221656	0.00691765	0.0675999	0.0236118	0.0338223	0.0260578	0.0097563	0.00114637	0.00797124
74	0.563725	0.0119486	0.00530382	0.00158019	0.000642413	0.0215958	0.00604682	0.0128926	0.00159826	0.00604494	0.00485528	0.0018651	0.00314385	0.00186142	0.00250678	0.222454	0.0465428	0.0837998	0.000293007	0.0013003
75	0.00530163	0.00122205	0.00364036	0.0030384	0.000594475	0.949116	0.00234018	0.000968457	0.00375735	0.00107864	0.000903184	0.00667905	0.000441136	0.00159529	0.00207696	0.0118326	0.00220426	0.00227006	0.000209056	0.000730581
76	0.00540182	0.00158072	0.0045879	0.0035189	0.000690518	0.941585	0.00203131	0.00110788	0.00454886	0.00149697	0.000888584	0.00836429	0.000499613	0.0016533	0.00255627	0.0130116	0.00325023	0.00206752	0.000288907	0.000869707
77	0.0329241	0.0102685	0.014889	0.0247189	0.0014007	0.0145535	0.00667272	0.00220193	0.0022976	0.00303688	0.00153986	0.0105629	0.813495	0.00170756	0.00631447	0.0347304	0.0102166	0.00694849	0.000395993	0.00112494
78	0.0962976	0.00590425	0.0630897	0.268343	0.00278096	0.0133932	0.00951072	0.0478665	0.109716	0.0170986	0.00701885	0.0197678	0.0188731	0.0633897	0.0324184	0.0375264	0.0975957	0.0801217	0.00313358	0.00615395
79	0.0400713	0.0104542	0.0170114	0.0268464	0.00121886	0.0143383	0.00666514	0.00398806	0.00533639	0.00529771	0.00223826	0.0120036	0.782201	0.0035095	0.00809224	0.0358436	0.0122217	0.0101632	0.000524219	0.00197489
80	0.00224134	0.00098324	0.00268139	0.00219047	0.000489518	0.963329	0.00169656	0.000902817	0.00213208	0.00103677	0.000797888	0.00481569	0.000336637	0.00121605	0.00138284	0.0102457	0.00132238	0.00127918	0.000215523	0.00070471
81	0.022594	0.00475786	0.00220012	0.00382665	0.00475382	0.00161235	0.00234649	0.317147	0.00109462	0.0466496	0.0207154	0.00170534	0.000544809	0.00191281	0.00181242	0.0123871	0.0354306	0.510045	0.00150269	0.00696121
82	0.00278064	0.0011212	0.00328869	0.00218912	0.000676742	0.959893	0.002141	0.000956266	0.00282727	0.00122448	0.000827489	0.00467138	0.000331999	0.00132305	0.00155502	0.00991452	0.00138883	0.00138238	0.000273508	0.00123367
83	0.12521	0.352234	0.0134745	0.0209757	0.014594	0.0402298	0.0139528	0.0254238	0.022255	0.0448452	0.016718	0.024148	0.0107416	0.0191953	0.0203566	0.115566	0.0538059	0.0320541	0.00283547	0.0313836
84	0.604491	0.0227707	0.00634891	0.0111712	0.00216138	0.0749806	0.00675007	0.0118506	0.0120108	0.00700231	0.00583353	0.0113957	0.0029194	0.00868854	0.0112061	0.109927	0.0448427	0.0408229	0.000712661	0.00411374
85	0.00791398	0.0014041	0.00392715	0.00307674	0.000618292	0.947312	0.00179951	0.00105642	0.00336169	0.00114366	0.00090676	0.00647179	0.00053512	0.00155452	0.0020651	0.0117309	0.00239222	0.00173614	0.000229121	0.000765284
86	0.0308751	0.00695881	0.00993442	0.0259536	0.0160405	0.0213136	0.0127221	0.0427039	0.1334	0.08237	0.0714652	0.0293296	0.00599797	0.0317249	0.347548	0.0379422	0.0378464	0.0279225	0.00461635	0.0233358
87	0.00301512	0.0010671	0.00503424	0.00497283	0.00059663	0.946409	0.00302326	0.00109466	0.00410116	0.0012367	0.00120853	0.00799345	0.00081026	0.00188636	0.00189139	0.0106839	0.00190894	0.00173818	0.000415322	0.00091288
88	0.0148721	0.00465237	0.000644111	0.00280131	0.0102752	0.000930518	0.00295793	0.473671	0.000919893	0.0561764	0.0194937	0.00172815	0.000557372	0.000994732	0.000742015	0.00690407	0.0228083	0.375253	0.00212	0.00149767
89	0.115864	0.009445	0.0287525	0.0530652	0.0200064	0.0141027	0.0182125	0.142427	0.0415177	0.141569	0.0319027	0.103215	0.00791616	0.0309764	0.0352818	0.0884039	0.0346783	0.0479061	0.00553323	0.0292242
90	0.102796	0.0630939	0.00209708	0.00270717	0.00119032	0.00458846	0.00170774	0.0198655	0.00296666	0.00599346	0.00634977	0.00370748	0.00472623	0.0215288	0.00266413	0.155161	0.486337	0.110453	0.000461173	0.00160481
91	0.588278	0.0142724	0.00466687	0.00161386	0.000620529	0.0229511	0.00547513	0.0122911	0.00157284	0.00580564	0.00460947	0.00181753	0.0031859	0.00194367	0.00271285	0.203125	0.0458484	0.0774168	0.000325243	0.0014674
92	0.00786455	0.00407378	0.00067971	0.00175941	0.0328702	0.000811814	0.0041409	0.443151	0.00286119	0.190692	0.0597992	0.0021968	0.000359624	0.0014128	0.00094752	0.00538439	0.0184196	0.218758	0.0015919	0.00222527
93	0.0175065	0.00191298	0.161284	0.319032	0.00150357	0.0444421	0.00592289	0.00632183	0.0679432	0.00644829	0.0129963	0.0789361	0.0053785	0.0924886	0.0333912	0.0776843	0.0580527	0.00523956	0.000436367	0.00307932
94	0.0259419	0.0097689	0.00251128	0.0123126	0.0469796	0.0025483	0.00729633	0.0507185	0.0623861	0.295717	0.132603	0.00711917	0.00282933	0.0448612	0.0607544	0.0134417	0.0976417	0.0819389	0.00154206	0.041088
95	0.00673703	0.0128681	0.00134309	0.00329431	0.0551068	0.00326171	0.00411255	0.142061	0.00929442	0.448457	0.20225	0.0048556	0.00139536	0.00379323	0.00687773	0.00965145	0.0133832	0.0575862	0.00356912	0.0101034
96	0.0429374	0.00186236	0.123795	0.258731	0.0073539	0.0128773	0.0341575	0.00480274	0.128387	0.0149355	0.0042542	0.0535134	0.00280507	0.119338	0.0990996	0.0393266	0.016518	0.012052	0.000736808	0.0225163
97	0.0662714	0.00143863	0.111006	0.212864	0.00932492	0.0117031	0.0200373	0.00442454	0.140016	0.0118915	0.00529275	0.0519553	0.00199314	0.120479	0.113045	0.0691091	0.0254542	0.0084461	0.000490306	0.0147582
98	0.0503575	0.0022434	0.0162203	0.109089	0.0242745	0.00347389	0.0209208	0.0952335	0.0217981	0.328233	0.0510682	0.0727998	0.00140266	0.0774449	0.0217138	0.0107419	0.0326287	0.0340725	0.00359715	0.0226858
99	0.00466102	0.00950395	0.0746854	0.0472633	0.00140169	0.461135	0.113057	0.00214141	0.0883131	0.00305937	0.00189867	0.0922653	0.00086526	0.0117656	0.0424662	0.0356015	0.00347098	0.00411567	0.000467088	0.00186287
100	0.161421	0.00805418	0.0289037	0.0125793	0.00605649	0.0558412	0.00831629	0.0887589	0.0315234	0.112818	0.0237309	0.00740504	0.00713562	0.0123879	0.0386929	0.0205313	0.0615568	0.305646	0.00157617	0.00706454
101	0.0232615	0.00355942	0.0123473	0.00408751	0.536704	0.00231854	0.0039077	0.0847835	0.00394559	0.147822	0.00229626	0.00360983	0.000958223	0.0032882	0.0034787	0.0151971	0.00703825	0.0680689	0.000446359	0.072881
102	0.0152781	0.00480606	0.16334	0.353233	0.000992034	0.0210983	0.0173792	0.00472868	0.0922857	0.00833409	0.00871642	0.0399436	0.00716081	0.0667147	0.0303561	0.0459044	0.0949432	0.0165924	0.000262268	0.00793055
103	0.0412517	0.00236375	0.0046199	0.0415239	0.031259	0.0318756	0.00328335	0.142444	0.0178205	0.284925	0.0302598	0.00341965	0.102094	0.0145246	0.00493102	0.0398831	0.0590672	0.117907	0.0114566	0.0150895
104	0.0313456	0.00309433	0.461832	0.188032	0.00576655	0.00998144	0.0360552	0.00388745	0.0377447	0.00663422	0.00523017	0.0585298	0.00391741	0.0407937	0.023833	0.0474633	0.0220244	0.00513996	0.000719743	0.00797524
105	0.0118408	0.00481175	0.00826818	0.00867094	0.0997694	0.00603199	0.00561091	0.217411	0.0084452	0.116401	0.0094432	0.0260585	0.00282739	0.00751465	0.00690884	0.011378	0.0114215	0.305408	0.00145484	0.130324
106	0.0314532	0.0049971	0.00103084	0.002682	0.000584544	0.00119781	0.00173008	0.252594	0.000895414	0.026207	0.0134042	0.000796925	0.00131798	0.00113471	0.000793949	0.0132036	0.0458902	0.59679	0.00123722	0.00205879
107	0.0136308	0.0158052	0.00427437	0.00617116	0.186016	0.00455891	0.014942	0.225273	0.00941938	0.266192	0.0517123	0.00460067	0.00470654	0.00612966	0.00616239	0.0220216	0.035779	0.104867	0.00113784	0.0165991
108	0.00463497	0.0135561	0.00171683	0.00460816	0.243803	0.00488752	0.0106127	0.0053312	0.00762654	0.0123209	0.00188714	0.00264148	0.00281283	0.00504163	0.0103147	0.00672083	0.00391499	0.00278007	0.00451787	0.650271
109	0.030507	0.00495243	0.504033	0.128022	0.00832816	0.0158504	0.0462292	0.0100234	0.0278048	0.00982279	0.00729347	0.0478431	0.00373431	0.035987	0.0238626	0.0573894	0.0190613	0.0104905	0.000750687	0.00801474
110	0.0523805	0.0101997	0.0130316	0.0177282	0.0125482	0.036757	0.00715472	0.217882	0.0137583	0.0873049	0.0380823	0.00734605	0.00933469	0.0111017	0.0159379	0.0263271	0.046283	0.363794	0.00179082	0.0112583
111	0.0428754	0.00922514	0.0100884	0.0336371	0.04005	0.0255726	0.008172	0.0945741	0.0238715	0.287438	0.0454807	0.014217	0.134712	0.0157999	0.0150969	0.0381378	0.0458031	0.0842382	0.00670405	0.0243063
112	0.00349822	0.00124713	0.00309045	0.00278141	0.000636336	0.955601	0.00195386	0.00108026	0.00274519	0.00113958	0.000963597	0.00548674	0.000379579	0.00156468	0.00181113	0.0113562	0.00190327	0.00173382	0.0002362	0.000790941
113	0.0393326	0.010747	0.463434	0.104175	0.0069532	0.0124623	0.0422418	0.00812853	0.0249461	0.0100451	0.00560918	0.0575288	0.00488667	0.0309549	0.022499	0.114429	0.0210118	0.0108045	0.00145839	0.00835107
114	0.0235823	0.00475824	0.00126791	0.00312832	0.0087173	0.0017844	0.00260182	0.337763	0.00151926	0.0608315	0.023405	0.00166235	0.00180804	0.00166617	0.00184409	0.0106705	0.0342201	0.4734	0.00170586	0.00366363
115	0.0383133	0.00783449	0.00564111	0.00815516	0.00908244	0.00659836	0.00490413	0.243081	0.00649146	0.0473081	0.022177	0.0053231	0.00410201	0.00708338	0.00834414	0.0184218	0.0496947	0.497949	0.00152873	0.00796656
116	0.120329	0.349	0.0138392	0.0190997	0.0185001	0.0395679	0.0159898	0.024069	0.0220312	0.0457033	0.0216568	0.0216448	0.00836102	0.0193269	0.018537	0.119168	0.0610928	0.0315866	0.00344677	0.0270506
117	0.0031885	0.00107908	0.00291939	0.0022157	0.000518936	0.960082	0.00163489	0.000912235	0.00239454	0.00102272	0.000777126	0.00483507	0.000363762	0.00128909	0.00140542	0.0112109	0.00188849	0.00137557	0.000225083	0.000661632
118	0.0060236	0.00232312	0.00382846	0.00309055	0.000781132	0.942704	0.00271474	0.00105181	0.00344549	0.00260261	0.000994605	0.00714574	0.000445019	0.00155221	0.00211916	0.0130296	0.0027375	0.00200297	0.000327259	0.00108028
119	0.0205927	0.00579614	0.00984397	0.00910666	0.465576	0.00539359	0.00572443	0.0685249	0.0130299	0.131918	0.0202048	0.0078025	0.00365029	0.00760438	0.00969991	0.0165928	0.0102851	0.0532378	0.00406001	0.131356
120	0.571374	0.0122335	0.0051522	0.00159628	0.000643492	0.0228289	0.00592267	0.0125356	0.00158566	0.00581875	0.00471887	0.00190318	0.00321264	0.00208672	0.00279082	0.21837	0.0444648	0.081143	0.000272846	0.00134635
121	0.0717667	0.00972571	0.00689882	0.00851256	0.00429286	0.0129304	0.00466374	0.154062	0.00703181	0.0964176	0.108425	0.005474	0.00568825	0.00690262	0.0192173	0.0204036	0.0477146	0.403153	0.00108846	0.00563081
122	0.0328224	0.0105187	0.0152214	0.0247472	0.00112719	0.0149364	0.00608893	0.00189231	0.00230942	0.00339033	0.00138719	0.0103732	0.812663	0.00160747	0.00726149	0.034734	0.01052	0.00690744	0.000359639	0.00113198
123	0.00760313	0.00436207	0.000681637	0.0027801	0.0239555	0.00262121	0.00601087	0.277647	0.00416215	0.378022	0.144107	0.00195558	0.000428275	0.00276655	0.00110579	0.00596171	0.0183529	0.112787	0.00124851	0.00344118
124	0.042872	0.00589135	0.0253198	0.0580757	0.00789889	0.0189691	0.0232788	0.0230153	0.151008	0.032658	0.022177	0.0443341	0.0151846	0.117218	0.238947	0.0484831	0.0875825	0.0218776	0.00291717	0.0122916
125	0.0235153	0.00174	0.1693	0.365211	0.0010336	0.0323035	0.00740835	0.00611557	0.080103	0.00669503	0.0171136	0.0591821	0.0049181	0.0811662	0.0332042	0.0553843	0.0469033	0.00527833	0.000210161	0.0032144
126	0.00719877	0.00108001	0.0623476	0.0272917	0.000588494	0.690946	0.0244505	0.00101062	0.0282906	0.00371991	0.000700262	0.114063	0.00034883	0.00771531	0.00688357	0.0147263	0.00116739	0.00376003	0.000320315	0.0033911
127	0.0102661	0.0206744	0.00474236	0.00615246	0.103479	0.00465861	0.00553401	0.0555266	0.0665504	0.231189	0.117365	0.0199367	0.0185345	0.0111954	0.0304389	0.0117206	0.015266	0.0476123	0.00216915	0.216988
128	0.399699	0.0252546	0.00652612	0.00379042	0.00194068	0.0168047	0.00509594	0.0339739	0.00586905	0.0140021	0.00852688	0.00449994	0.00602207	0.00805048	0.00442906	0.165078	0.131755	0.155419	0.000549465	0.00271428
129	0.0179548	0.00181418	0.174549	0.304322	0.00296804	0.0218052	0.00955363	0.00559347	0.0898366	0.00653871	0.0103693	0.0634479	0.0041036	0.11009	0.0616842	0.0553981	0.0484417	0.00578297	0.000252374	0.00549436
130	0.0313668	0.00283444	0.136537	0.33767	0.00478478	0.0130499	0.0326944	0.00358726	0.101333	0.0106567	0.00393465	0.043071	0.00323637	0.10891	0.0633367	0.0388939	0.0313502	0.0138624	0.000493251	0.0183967
131	0.0303293	0.00505604	0.00096184	0.00288643	0.000876044	0.00115899	0.00186668	0.263672	0.000896281	0.0264995	0.0137872	0.000791201	0.00124675	0.0011065	0.000765939	0.0133967	0.0440807	0.587117	0.00138819	0.00211643
132	0.00542034	0.0143619	0.00175875	0.00453691	0.236783	0.00596097	0.0110479	0.00525036	0.0077674	0.0128193	0.00197949	0.00261436	0.00261707	0.00487912	0.010819	0.00653138	0.00414536	0.0027052	0.00442794	0.653574
133	0.0117955	0.0041707	0.000534218	0.00241383	0.0122234	0.000596379	0.00263678	0.511442	0.000713044	0.0825858	0.0263682	0.00234243	0.000413559	0.00087511	0.000610709	0.0048497	0.0185347	0.313102	0.00256492	0.0012273
134	0.0129684	0.0039571	0.000659709	0.00227019	0.0121518	0.000735847	0.00270448	0.476725	0.000996332	0.0866889	0.0287846	0.00217313	0.000289906	0.00121712	0.000957272	0.00520287	0.0199904	0.337822	0.00212755	0.00157745
135	0.0908621	0.0941763	0.00186844	0.00278592	0.0012378	0.00396794	0.00171344	0.0142085	0.00277011	0.00481603	0.00865424	0.00318865	0.00324148	0.0180667	0.00273718	0.149269	0.494315	0.0999415	0.000587114	0.00159241
136	0.0870556	0.0394502	0.012924	0.0177702	0.00330626	0.0187711	0.00682889	0.0208609	0.0165566	0.0118016	0.00796186	0.0186978	0.0126769	0.0157407	0.010897	0.257998	0.387314	0.0477826	0.00123816	0.004367
137	0.211062	0.0485194	0.00981588	0.0246928	0.00498879	0.294591	0.0102285	0.00710862	0.025607	0.00583323	0.00495314	0.0147858	0.00250943	0.0131404	0.0232847	0.209563	0.0393119	0.044492	0.00115256	0.00435989
138	0.0445295	0.00246	0.272144	0.370055	0.0023313	0.0484925	0.0216341	0.00438873	0.0439262	0.00548209	0.00576289	0.0345619	0.00555643	0.0421764	0.0161913	0.0478851	0.0193667	0.00518115	0.000308442	0.00756643
139	0.0110332	0.0184499	0.00596104	0.00832427	0.0998514	0.00433851	0.00563907	0.0559421	0.0737714	0.224049	0.117029	0.0254504	0.0229903	0.0108511	0.0285778	0.0124496	0.0140866	0.046772	0.0021895	0.212244
140	0.0100885	0.0137364	0.00294985	0.00716547	0.0491123	0.00475902	0.00505597	0.139569	0.0112772	0.400502	0.220379	0.00982775	0.00247473	0.00675273	0.0110935	0.0116564	0.018511	0.0598849	0.00456945	0.0106341
141	0.546268	0.0168029	0.00368072	0.00336261	0.00140255	0.0235158	0.00586267	0.00996444	0.00377606	0.00548252	0.00427471	0.0038382	0.0170003	0.00862412	0.00646946	0.273142	0.0239033	0.039653	0.000519264	0.00245775
142	0.00756877	0.0043412	0.00067537	0.00273617	0.0240894	0.0026397	0.00601702	0.274012	0.00431845	0.382893	0.145406	0.00196969	0.00042435	0.00274527	0.00111597	0.00593082	0.0187386	0.10983	0.00117137	0.00337617
143	0.00540403	0.0138143	0.00194172	0.00454159	0.239654	0.00562867	0.0114896	0.00653747	0.00770423	0.0143058	0.00196781	0.00273329	0.00244101	0.00494816	0.0106293	0.00633792	0.004177	0.00363603	0.00414421	0.647963
144	0.583472	0.0235305	0.00659417	0.0137938	0.00466167	0.0340571	0.00713142	0.0161181	0.00799351	0.0113751	0.0074478	0.0078912	0.00424068	0.00806725	0.0106471	0.123369	0.0696145	0.0544409	0.000806967	0.00474699
145	0.62762	0.0198731	0.00564733	0.00791689	0.00262423	0.0750228	0.00722555	0.010277	0.00995474	0.00766945	0.00559444	0.00791538	0.00372497	0.00799975	0.0114207	0.105646	0.0431535	0.035346	0.000834555	0.00453294
146	0.072017	0.00446786	0.0473763	0.0562458	0.00355665	0.0379272	0.0360928	0.0070494	0.0258438	0.00988929	0.0085021	0.413121	0.0062637	0.0151613	0.0377244	0.0882745	0.0899782	0.0104702	0.00156476	0.0284737
147	0.0469465	0.00967799	0.04393	0.0455886	0.00778345	0.0642496	0.0275773	0.019957	0.0706078	0.024679	0.0191442	0.396079	0.00932291	0.035054	0.0409324	0.0494998	0.0455194	0.0233636	0.00274746	0.0173402
148	0.0122366	0.00589113	0.00260887	0.00588262	0.0271925	0.00393169	0.0055458	0.40377	0.00516967	0.202988	0.0690543	0.0045469	0.00167539	0.00380046	0.00377535	0.00759678	0.0199808	0.206334	0.00228719	0.00573162
149	0.281294	0.261891	0.00305302	0.00488555	0.0180118	0.0074994	0.002694	0.0216927	0.0051283	0.00360388	0.0149636	0.0169531	0.00142687	0.00768149	0.00460982	0.319424	0.0143659	0.00423203	0.000994815	0.00559538
150	0.00290145	0.000930446	0.0102236	0.0052842	0.00089774	0.00173004	0.0337367	0.00653975	0.46702	0.00189975	0.00996173	0.0646032	0.000654246	0.0415514	0.261034	0.0488475	0.0387425	0.00207159	0.000325084	0.00104503
151	0.624102	0.0174494	0.00404705	0.00700312	0.0013404	0.0795302	0.00489518	0.00861823	0.00920245	0.00388222	0.00358605	0.00667693	0.002577	0.00636446	0.00995108	0.142892	0.027441	0.037767	0.000318687	0.00235556
152	0.00932935	0.00383727	0.000430842	0.00218114	0.0140788	0.00054363	0.00259936	0.536482	0.000686747	0.0900487	0.0281562	0.00251404	0.000198119	0.000840074	0.000614595	0.00353949	0.0149582	0.285176	0.00259412	0.00119094
153	0.119007	0.00115872	0.0359634	0.0892983	0.00503574	0.00330615	0.0222008	0.0254219	0.180545	0.0516978	0.0341218	0.0759131	0.00306431	0.0436338	0.11974	0.081619	0.0394215	0.0580754	0.000756559	0.0100194
154	0.0200277	0.00135508	0.0110198	0.0350181	0.0014162	0.00667116	0.0207535	0.00836543	0.329966	0.0106142	0.0113211	0.0584539	0.0042791	0.054918	0.336516	0.0462351	0.035686	0.00284491	0.000728866	0.00381034
155	0.0193238	0.0029785	0.0102616	0.00449441	0.549926	0.00207195	0.00339364	0.0686095	0.00563403	0.121238	0.00200872	0.0032061	0.0017518	0.00381144	0.00417737	0.0130536	0.00444139	0.0485175	0.00246073	0.12864
156	0.155138	0.011444	0.0155592	0.0404358	0.00360706	0.203501	0.00773625	0.00515967	0.118599	0.00536113	0.0081182	0.0658446	0.00204697	0.0319733	0.0206628	0.200821	0.0481894	0.0376818	0.000932866	0.0171883
157	0.099715	0.0139463	0.0216992	0.0297605	0.00592612	0.45702	0.00901621	0.00315042	0.032762	0.00360681	0.00289317	0.0341847	0.00267035	0.0189967	0.021941	0.153515	0.0688871	0.0155849	0.000813364	0.00391187
158	0.0638519	0.00408293	0.0408609	0.0405393	0.0047354	0.121818	0.00762921	0.00885556	0.162273	0.0103994	0.0272823	0.0890336	0.00336775	0.0349587	0.0387017	0.147551	0.0572263	0.0566087	0.00157615	0.078648
159	0.450093	0.047238	0.00481374	0.00357935	0.00189295	0.0174283	0.00317798	0.072695	0.00329061	0.0187208	0.00810315	0.00240361	0.0120195	0.00430461	0.00337528	0.0916115	0.0550162	0.196145	0.000736162	0.00335474
160	0.0550558	0.00319523	0.00776215	0.0379792	0.00529763	0.0286925	0.00958934	0.0149895	0.126726	0.0628562	0.0129471	0.0176139	0.0480081	0.0382624	0.384466	0.0642457	0.0645743	0.00764063	0.00138871	0.00871017
161	0.0198307	0.00508375	0.0105667	0.00434259	0.438844	0.00259561	0.00433144	0.0975361	0.00431356	0.214048	0.0136411	0.00433579	0.00135982	0.00358631	0.00384938	0.0141082	0.00743937	0.0818055	0.000582955	0.0677989
162	0.116006	0.0156567	0.00653572	0.0209565	0.0086849	0.541201	0.00814118	0.00203338	0.0353768	0.00218334	0.00184258	0.0212073	0.000853575	0.0083339	0.0281333	0.112443	0.0532311	0.0148029	0.000520042	0.0018572
163	0.00508063	0.00102755	0.00163715	0.00182844	0.000487765	0.962558	0.00151792	0.000924298	0.00207634	0.000970749	0.000797675	0.0030476	0.000357704	0.00122694	0.0014556	0.0110999	0.00171681	0.00134485	0.00022867	0.000615455
164	0.00909964	0.00359653	0.000471105	0.00184917	0.0172611	0.000578721	0.00281934	0.509685	0.00107957	0.121422	0.0377652	0.00229196	0.000236482	0.000873632	0.000666189	0.00406633	0.0162766	0.266468	0.00220755	0.00128602
165	0.0112395	0.00462538	0.000783891	0.00259542	0.0114227	0.000957707	0.00334483	0.553124	0.00111877	0.054681	0.0184482	0.0019749	0.000389155	0.00109186	0.000933998	0.00534864	0.0173455	0.30727	0.00198518	0.00131946
166	0.0928394	0.142404	0.00925517	0.0135685	0.0546474	0.140204	0.0601233	0.0179046	0.0267549	0.0950878	0.0105389	0.0108874	0.00368177	0.0283241	0.018443	0.0273227	0.0222205	0.0127738	0.00706651	0.205953
167	0.0527707	0.0107879	0.042966	0.0444531	0.00718793	0.0630471	0.0281378	0.014879	0.0708879	0.0269559	0.0192292	0.394578	0.0102513	0.0351039	0.0398969	0.0522873	0.0427744	0.0182309	0.00365701	0.0219182
168	0.168924	0.0316297	0.032044	0.0880076	0.00437282	0.121499	0.0264454	0.00630876	0.0506746	0.00671759	0.00550476	0.0173198	0.00280846	0.0338176	0.0704409	0.265104	0.0239463	0.0354029	0.00111554	0.00791589
169	0.0203764	0.00122838	0.00244914	0.0121522	0.0189102	0.0179204	0.00449936	0.0541666	0.177413	0.0924888	0.0358822	0.0243219	0.00237357	0.0158422	0.409206	0.0254647	0.0403595	0.0120777	0.00515292	0.0277144
170	0.0287482	0.00169853	0.0353642	0.0210395	0.00161305	0.0544205	0.00447957	0.00312416	0.191526	0.0142485	0.0336438	0.46225	0.00226844	0.0444673	0.0365419	0.0306271	0.0162376	0.0139147	0.000654806	0.0031316
171	0.0931317	0.0152594	0.0137368	0.00444859	0.00310421	0.00750925	0.00249518	0.13769	0.00649655	0.0429736	0.0183234	0.00351533	0.0242952	0.0144824	0.00526876	0.0261718	0.152821	0.423507	0.00117909	0.00358985
172	0.137623	0.00260329	0.149129	0.206018	0.00230962	0.034382	0.0039783	0.0228164	0.098145	0.0206603	0.0186794	0.0300807	0.105135	0.0158052	0.0315899	0.0584441	0.0342889	0.0105636	0.000876765	0.0168713
173	0.0581313	0.00364722	0.130307	0.610863	0.00107303	0.00583752	0.0173131	0.00164287	0.0258234	0.00206414	0.00176314	0.0113816	0.00332521	0.0709474	0.00942867	0.0312711	0.00805314	0.0030979	0.000293351	0.00373576
174	0.0768286	0.000906094	0.0590956	0.118215	0.0136376	0.00243484	0.0399985	0.0307647	0.155575	0.0617853	0.00580193	0.0185556	0.0107078	0.0619598	0.195811	0.0289538	0.0222434	0.0486051	0.00495894	0.0431622
175	0.0608351	0.0021565	0.166788	0.603565	0.000677478	0.00791243	0.0120395	0.00128127	0.0248097	0.00132637	0.00133912	0.012149	0.00480036	0.0525445	0.00515516	0.0321288	0.00485128	0.00170302	0.000222698	0.00371495
176	0.00744838	0.00556993	0.000709001	0.00296459	0.0347954	0.00250057	0.00598792	0.26317	0.00796913	0.382022	0.142929	0.00259546	0.000972686	0.00288324	0.00236102	0.00717775	0.018866	0.10248	0.00154302	0.00505398
177	0.0232098	0.00378443	0.00067319	0.00155593	0.00435902	0.00110095	0.00140725	0.326952	0.000803507	0.0512748	0.0191777	0.00127142	0.000447721	0.000933884	0.000847471	0.00919179	0.0334591	0.516295	0.00109735	0.00215756
178	0.0151381	0.00212937	0.160218	0.359823	0.000962668	0.0277877	0.00749363	0.0075289	0.0805478	0.00770929	0.0153296	0.0585098	0.00611592	0.0803836	0.0408277	0.0551107	0.0639227	0.0064232	0.000219669	0.00381927
179	0.183096	0.00698654	0.0830931	0.283627	0.0011053	0.0135406	0.00286931	0.0106345	0.104009	0.00719793	0.00742546	0.0453789	0.0032822	0.0503665	0.0431136	0.0844789	0.0567002	0.0109205	0.000464419	0.00171013
180	0.0241754	0.00368219	0.0114563	0.00401107	0.538234	0.00250827	0.00434592	0.0816598	0.0037088	0.15226	0.00221649	0.00363921	0.00111211	0.00345418	0.00367724	0.0150291	0.00778613	0.071114	0.000446465	0.0654827
181	0.638452	0.0486398	0.00270543	0.00204122	0.000840842	0.028052	0.0031993	0.0184884	0.00216035	0.0112152	0.00444373	0.00191209	0.00531863	0.00257729	0.00316836	0.120253	0.0330672	0.0697772	0.000285829	0.00340218
182	0.148329	0.00243306	0.0769405	0.218528	0.00156517	0.0235196	0.00682467	0.00533955	0.17915	0.0141275	0.00560786	0.0291835	0.00743779	0.0431984	0.0667064	0.108662	0.0433179	0.0168692	0.000385016	0.00187587
183	0.0539977	0.00132499	0.0299869	0.160325	0.0014701	0.00944248	0.00781584	0.00573719	0.310537	0.0152916	0.012306	0.0383217	0.000572386	0.0578588	0.256495	0.0125772	0.0205417	0.0030956	0.000331638	0.0019721
184	0.0079955	0.00460567	0.000704042	0.00270837	0.0275315	0.00238728	0.00675942	0.282895	0.00488417	0.373201	0.140787	0.00197182	0.000527495	0.00281998	0.00115301	0.006797	0.0202952	0.107437	0.00115839	0.00338058
185	0.00696969	0.00124395	0.0625189	0.027617	0.00052838	0.681589	0.0270153	0.000998343	0.0296123	0.00355026	0.000692544	0.116135	0.000354552	0.00800973	0.00745443	0.0168436	0.00127203	0.00405527	0.000308437	0.00323119
186	0.0487601	0.0314846	0.00174944	0.00226576	0.00110635	0.0080991	0.00142433	0.0175927	0.00250776	0.00927701	0.00310182	0.00714092	0.0122907	0.0074928	0.0021677	0.221719	0.579529	0.0405729	0.000481031	0.00123675
187	0.0104207	0.0018836	0.0255945	0.0424061	0.00149488	0.0307989	0.0582511	0.00287283	0.195091	0.0101055	0.00226965	0.0662172	0.0976281	0.227191	0.13899	0.0453054	0.0335883	0.00735738	0.000450812	0.00208271
188	0.00763252	0.00429983	0.000671428	0.00272906	0.0250903	0.00251899	0.0061565	0.277179	0.00439661	0.379095	0.14449	0.00196182	0.000403081	0.00277928	0.00110921	0.00611738	0.018894	0.10988	0.00120037	0.00339545
189	0.010193	0.00377172	0.000511448	0.00256033	0.0162033	0.000959074	0.00269312	0.503649	0.00146084	0.117145	0.0378344	0.00228521	0.000608945	0.00103765	0.00110695	0.00487661	0.0178052	0.271414	0.00233063	0.00155373
