668	20
1	0.130415	0.0167366	0.0356293	0.0288396	0.0020511	0.105415	0.0377914	0.0227354	0.0233304	0.0336066	0.011975	0.0698651	0.0282451	0.0577819	0.0259091	0.255181	0.0829589	0.0274115	0.000561652	0.00356007
2	0.0280758	0.0131209	0.00271206	0.007791	0.0511821	0.00415633	0.014853	0.139354	0.00423566	0.445157	0.0627966	0.00760949	0.00653875	0.0145492	0.00563414	0.024029	0.034053	0.104813	0.0042073	0.0251322
3	0.021947	0.0116522	0.000309839	0.00226897	0.0301474	0.0024353	0.00198202	0.175057	0.00177688	0.513574	0.0535409	0.00222728	0.0024645	0.00269993	0.00289718	0.0109885	0.0287818	0.127644	0.000114283	0.0074912
4	0.0442965	0.00207716	0.221675	0.444107	0.00236852	0.0210238	0.0073103	0.003469	0.0241039	0.00993696	0.00386486	0.0366913	0.0219977	0.0492084	0.0108096	0.0475159	0.0269278	0.0160411	0.000795948	0.00577939
5	0.0284567	0.00425938	0.0191164	0.0314059	0.00093708	0.0232808	0.00868853	0.0127466	0.358759	0.0161658	0.00808824	0.0317346	0.0119361	0.0495445	0.309421	0.0461928	0.022348	0.0131839	0.000575479	0.00315927
6	0.0310883	0.0215451	0.0033571	0.00780319	0.248447	0.00345582	0.0447348	0.0299627	0.0111895	0.130336	0.0220707	0.0285707	0.0057787	0.0126552	0.0123656	0.0331895	0.00752854	0.0288571	0.0197357	0.297328
7	0.0556066	0.0160941	0.00817136	0.0136281	0.0400578	0.0113869	0.0124046	0.156479	0.0169454	0.260877	0.0769961	0.0142032	0.0101593	0.0233409	0.0183093	0.04347	0.0497765	0.150501	0.00373959	0.0178524
8	0.543209	0.0226096	0.00167776	0.0017386	0.00170611	0.0468649	0.00159562	0.00901016	0.00366311	0.0116197	0.00267094	0.00670099	0.00189565	0.00317877	0.00375431	0.220247	0.0785475	0.0360513	0.000687616	0.00257167
9	0.0978053	0.0473452	0.00175688	0.0045264	0.0279727	0.014493	0.00744806	0.126525	0.00568518	0.247202	0.0614233	0.0103325	0.0050268	0.0131278	0.00597715	0.0645377	0.0962761	0.15056	0.00417036	0.00780794
10	0.0624039	0.00961119	0.0217711	0.00797684	0.020348	0.028862	0.0515145	0.0320529	0.0114948	0.0152513	0.00509659	0.187154	0.0148308	0.0139958	0.0096614	0.376225	0.0705636	0.0213041	0.00113929	0.0387435
11	0.012484	0.00614114	0.572696	0.196718	0.00205404	0.0267988	0.0091971	0.00667463	0.0175407	0.00722516	0.00153126	0.0464301	0.013348	0.0180603	0.0108944	0.0206429	0.0198043	0.00580174	0.00211336	0.00384357
12	0.0114374	0.0132317	0.000729076	0.00216573	0.0760526	0.00286693	0.00311018	0.132784	0.00268954	0.558703	0.0488965	0.00465387	0.00396879	0.00401988	0.00522342	0.0101375	0.0149778	0.077275	0.000883298	0.0261938
13	0.0682853	0.0293952	0.00573995	0.0117513	0.0570462	0.00998217	0.0276109	0.152178	0.0114177	0.207299	0.067633	0.043228	0.00970275	0.0228243	0.0105839	0.0589879	0.0588801	0.117303	0.00575449	0.0243963
14	0.155246	0.0192429	0.02859	0.040913	0.00614417	0.0546301	0.015427	0.0323306	0.0414404	0.0432301	0.0182689	0.0643122	0.0108661	0.0518263	0.0464338	0.176714	0.121566	0.0680563	0.00022887	0.00453251
15	0.108072	0.0077268	0.0492701	0.0876067	0.00816749	0.0222817	0.0189092	0.0826138	0.0250346	0.107857	0.0456482	0.0402732	0.0116124	0.0575101	0.0311207	0.0775811	0.0789862	0.127957	0.00103467	0.0107371
16	0.0174416	0.0111805	0.00037789	0.00234669	0.0368169	0.00229162	0.00225207	0.167713	0.00207579	0.534109	0.0527407	0.00252445	0.00287552	0.00259501	0.00336044	0.0098726	0.0255899	0.113095	0.00018562	0.0105556
17	0.0395961	0.00549206	0.362574	0.21391	0.00212394	0.0443351	0.0130829	0.0112042	0.0329914	0.0155954	0.00491944	0.0649979	0.0164114	0.0378934	0.015818	0.0608761	0.039741	0.0122232	0.0016224	0.00459201
18	0.0945446	0.00236198	0.102625	0.124096	0.00173054	0.0557822	0.0112313	0.01063	0.0427941	0.0263039	0.00751595	0.0664511	0.111738	0.0863349	0.0235967	0.14012	0.0669018	0.0167634	0.000986019	0.00749342
19	0.0536596	0.00246844	0.18209	0.376699	0.00772571	0.0225287	0.0101854	0.00413503	0.0286023	0.0162082	0.00241526	0.067897	0.0132427	0.0682219	0.0122818	0.050825	0.0426609	0.0225264	0.000442798	0.0151836
20	0.0825545	0.013635	0.00642666	0.0211272	0.0126009	0.0120031	0.0137654	0.131154	0.0191282	0.160337	0.0504751	0.0265785	0.008536	0.04542	0.0215142	0.0735524	0.135604	0.152809	0.00077567	0.0120034
21	0.129362	0.0248437	0.0341737	0.0550261	0.00956644	0.0408944	0.046346	0.0401574	0.0386418	0.0456019	0.016401	0.0553587	0.0205419	0.0721403	0.0348053	0.132066	0.13397	0.0581894	0.00151437	0.0104005
22	0.0428586	0.00491254	0.021032	0.0326998	0.00158132	0.0241504	0.0125909	0.0186456	0.31338	0.0168233	0.0108968	0.0398361	0.0143323	0.052621	0.266242	0.0687939	0.0317419	0.0197699	0.000503351	0.00658788
23	0.0281461	0.00376022	0.0200734	0.032904	0.00078737	0.0244173	0.00807036	0.012375	0.364707	0.0142195	0.00773806	0.0333308	0.0119064	0.0468771	0.304934	0.0472396	0.0225431	0.0127085	0.000520787	0.00274162
24	0.0263043	0.00409376	0.000485199	0.00209865	0.011235	0.00141094	0.00173532	0.385495	0.00165741	0.120525	0.0308019	0.00492695	0.0011022	0.00373238	0.00307496	0.00948714	0.0275671	0.360078	0.000146556	0.00404209
25	0.0133074	0.0108023	0.000358381	0.00227625	0.0393682	0.00209493	0.00209786	0.157111	0.00207749	0.564788	0.0517298	0.00271435	0.00402807	0.00260373	0.00372556	0.00827593	0.0237057	0.0973828	0.000143248	0.0114088
26	0.0301653	0.00419692	0.0218045	0.033235	0.000784796	0.023964	0.00882667	0.0121937	0.362642	0.0140309	0.00822044	0.0346001	0.0118227	0.0500866	0.295409	0.0466092	0.024786	0.01293	0.000491904	0.00320008
27	0.0898947	0.00933348	0.0134109	0.0333847	0.0163943	0.0170176	0.0353069	0.0804787	0.0176203	0.235072	0.0576876	0.0263906	0.0176654	0.0724383	0.0259773	0.0597628	0.0724293	0.096271	0.00373918	0.0197254
28	0.0194121	0.0135033	0.00034311	0.00259665	0.0285066	0.0025353	0.00245252	0.168359	0.00209887	0.518504	0.0545584	0.00301869	0.00282404	0.0033253	0.00310714	0.0132	0.0360082	0.118098	0.00040575	0.00714262
29	0.0579933	0.00715815	0.0945498	0.12327	0.00664736	0.0586933	0.0326546	0.0101374	0.107309	0.0183446	0.00199959	0.129578	0.00271108	0.0856331	0.0333481	0.113492	0.0884337	0.0217495	0.000233609	0.0060644
30	0.0105199	0.00614021	0.589528	0.191998	0.00183256	0.0263481	0.00955247	0.00677026	0.01602	0.0063058	0.00126622	0.0463918	0.0131203	0.0165085	0.0105298	0.0183262	0.0186324	0.00422617	0.00217359	0.00380931
31	0.143127	0.0158361	0.0291054	0.0390778	0.006936	0.0449865	0.0212033	0.0318245	0.0842876	0.0357993	0.0153479	0.0496687	0.0256218	0.0790789	0.0452082	0.158856	0.111919	0.0530718	0.00159389	0.00744954
32	0.109587	0.0143064	0.0215974	0.0105615	0.0114205	0.0437609	0.0376787	0.0282134	0.0115474	0.0159789	0.00530217	0.162065	0.0153893	0.0156075	0.00887509	0.369052	0.0744361	0.0210101	0.00100137	0.0226093
33	0.0427551	0.00886074	0.000696178	0.00261341	0.0165116	0.00353869	0.00176585	0.33662	0.00200084	0.1449	0.0387113	0.0048196	0.00176606	0.00460134	0.00308862	0.0170008	0.0343658	0.331383	0.000140862	0.00386056
34	0.0921263	0.0216279	0.0167613	0.0315011	0.0101682	0.0267843	0.0190173	0.0211112	0.265947	0.0212753	0.0125398	0.0309548	0.0146494	0.104159	0.13873	0.0893752	0.0419127	0.0236608	0.00408728	0.0136115
35	0.0944166	0.00849291	0.0742496	0.0877679	0.00382772	0.0656058	0.0243979	0.0154008	0.0651699	0.0234744	0.00735137	0.0950495	0.0369741	0.0782465	0.0273105	0.161704	0.0990942	0.0262143	0.000607169	0.00464455
36	0.077562	0.00332613	0.0146743	0.0429198	0.015714	0.0125842	0.0317433	0.0984371	0.0181877	0.224259	0.0569996	0.0284386	0.0165262	0.0844318	0.0295366	0.0476254	0.0601034	0.114237	0.000631228	0.0220626
37	0.336449	0.0454143	0.00392259	0.0071243	0.0122907	0.0321864	0.00378137	0.0659361	0.00634394	0.061645	0.0172457	0.0103794	0.00470593	0.00845776	0.00503111	0.136562	0.10765	0.1291	0.000726348	0.00504946
38	0.0399671	0.0084027	0.000339475	0.0021412	0.020376	0.00209466	0.00162882	0.323494	0.00133225	0.172956	0.0485346	0.00369209	0.00103246	0.00328092	0.00277239	0.0154461	0.0324436	0.316775	0.00015334	0.00313777
39	0.0604308	0.00966053	0.0191351	0.0307045	0.00417743	0.0176492	0.049744	0.0312025	0.19872	0.0324618	0.0135139	0.0454015	0.00883433	0.128806	0.159862	0.0738714	0.0527823	0.0333955	0.0014873	0.0281604
40	0.0586079	0.0130575	0.000220206	0.00208843	0.0296281	0.00312039	0.00142526	0.268232	0.0008374	0.210474	0.0654793	0.00135976	0.000590643	0.00277729	0.00200172	0.0228836	0.0381141	0.277169	0.000112517	0.00182128
41	0.128216	0.0143962	0.0553553	0.0764708	0.00694301	0.0346656	0.020817	0.0537425	0.0386694	0.0589952	0.0233265	0.0529625	0.017191	0.0723294	0.0362678	0.109862	0.111153	0.0805225	0.000912173	0.00720246
42	0.132167	0.0136871	0.0414616	0.0471062	0.0081702	0.0366575	0.0312354	0.0492963	0.0372778	0.0484937	0.0222447	0.0581107	0.0182018	0.0710025	0.0456219	0.126121	0.123016	0.076306	0.000637664	0.0131847
43	0.0533013	0.0141924	0.000358926	0.00261476	0.0276523	0.00329506	0.00202535	0.264466	0.00154087	0.210386	0.0757152	0.00233912	0.00134861	0.00357118	0.00261014	0.0237651	0.0415735	0.266807	0.000208632	0.00222904
44	0.233356	0.0782585	0.000674906	0.00376572	0.0205526	0.0312773	0.00112461	0.106795	0.00436821	0.0756179	0.0164521	0.00864573	0.00126839	0.00709346	0.00108607	0.095246	0.121952	0.186748	0.000144348	0.00557355
45	0.0237622	0.00578	0.446681	0.283673	0.00119794	0.0258543	0.00998249	0.00477239	0.0215189	0.00679928	0.00149995	0.0507774	0.0165829	0.0262006	0.0135744	0.0284184	0.0196345	0.00713576	0.00132478	0.00483025
46	0.10062	0.0108396	0.0244703	0.0339797	0.00667956	0.0318134	0.0281999	0.0333956	0.150004	0.0292022	0.0129933	0.0564859	0.00876712	0.0584018	0.110133	0.151602	0.0903917	0.0453328	0.00138864	0.0152996
47	0.014714	0.0123664	0.000520517	0.00255659	0.0451794	0.00276592	0.00260379	0.152712	0.00239349	0.551133	0.0511876	0.00363588	0.00320896	0.00329187	0.00418407	0.0104275	0.0233655	0.0990143	0.000417511	0.0143215
48	0.178011	0.0457461	0.013864	0.0202767	0.00920049	0.0388655	0.0133396	0.0611552	0.0205719	0.0651253	0.0196919	0.0339327	0.00838724	0.0370343	0.0244589	0.182559	0.130275	0.0884303	0.00172931	0.00734551
49	0.111938	0.0106231	0.104793	0.111301	0.00265876	0.0578947	0.0185488	0.0355612	0.0378516	0.0352393	0.0189099	0.0743785	0.0223099	0.0548589	0.0216746	0.12994	0.110123	0.0359851	0.00222211	0.00318791
50	0.0600372	0.00708181	0.100301	0.120643	0.00573721	0.061014	0.0309802	0.011315	0.102171	0.0199168	0.00346831	0.126964	0.00578342	0.0826044	0.0320008	0.115952	0.0871421	0.0208247	0.000508565	0.0055542
51	0.0463274	0.00151615	0.229041	0.45215	0.00274006	0.0209233	0.00673529	0.00160335	0.0190766	0.00933953	0.001964	0.0377896	0.0190642	0.0500064	0.00941356	0.0440572	0.0240359	0.0161497	0.000384648	0.00768233
52	0.054604	0.00680936	0.0429071	0.0688727	0.0020405	0.0259764	0.0411594	0.0237853	0.204552	0.0369243	0.0160631	0.045135	0.00917952	0.16468	0.123969	0.0441138	0.0469333	0.0245987	0.000526442	0.01717
53	0.0624404	0.0111847	0.0127624	0.0118197	0.024539	0.0182782	0.0819382	0.0261746	0.120136	0.0955276	0.00984291	0.0436886	0.0146515	0.0696645	0.19063	0.0800825	0.0330491	0.0517521	0.00800982	0.0338283
54	0.0231759	0.0144595	0.00579456	0.00857947	0.00468421	0.0073768	0.0332868	0.0113297	0.206059	0.0469756	0.00485519	0.0200684	0.00674101	0.0576442	0.446434	0.0417086	0.0250554	0.0228415	0.00307218	0.00985825
55	0.0377112	0.00730443	0.408789	0.189939	0.00575116	0.035008	0.0129012	0.0139401	0.023978	0.0209959	0.00907335	0.0526666	0.0195181	0.0304814	0.0143499	0.053348	0.0351079	0.0139046	0.00867716	0.00655418
56	0.0620521	0.00998768	0.00235466	0.00939147	0.0134713	0.0065455	0.00555611	0.256288	0.0109424	0.130668	0.0458523	0.0140707	0.00414279	0.0212039	0.0138732	0.042572	0.0962286	0.248472	0.000389601	0.00593723
57	0.284521	0.0963763	0.00957812	0.0146969	0.00469623	0.0873832	0.0176008	0.0201963	0.0228868	0.0272745	0.00759538	0.022829	0.0221849	0.0149709	0.0155731	0.227685	0.0490212	0.0304581	0.0020507	0.0224217
58	0.343231	0.0592189	0.00282737	0.00477881	0.00325688	0.0679658	0.0042979	0.0265671	0.00819833	0.0335883	0.00917275	0.0160832	0.00506794	0.0068211	0.00515601	0.26037	0.0833226	0.0514648	0.00226849	0.00634244
59	0.401381	0.0407912	0.00206388	0.00360628	0.00238567	0.154887	0.00230464	0.0162274	0.00609311	0.0206299	0.00464647	0.00940036	0.00383955	0.00649815	0.00571364	0.201402	0.0764233	0.0369681	0.000933712	0.00380483
60	0.0138626	0.0120709	0.000475709	0.00219374	0.0493911	0.00248697	0.00218669	0.156281	0.00230828	0.550525	0.0512211	0.00314977	0.00332408	0.00288286	0.00419783	0.00964945	0.0217264	0.0964789	0.000331625	0.0152565
61	0.0279242	0.00449646	0.0170947	0.0281554	0.00115197	0.0232916	0.00870773	0.0129381	0.350904	0.018043	0.00789368	0.0297397	0.0125314	0.045735	0.326403	0.0471691	0.0207283	0.0132742	0.000852037	0.00296632
62	0.161674	0.0190344	0.0310432	0.0415299	0.00761902	0.044735	0.0209893	0.0456441	0.0374392	0.0482436	0.0183593	0.0574684	0.0157986	0.0531494	0.0319256	0.157264	0.133031	0.0659021	0.000850585	0.00829957
63	0.0512711	0.0104164	0.000263265	0.00207377	0.0255309	0.00258353	0.00147867	0.297073	0.000973898	0.184389	0.0577005	0.0023018	0.000745257	0.00296981	0.00248429	0.0190504	0.0349382	0.301446	0.000104134	0.00220672
64	0.017998	0.00165157	0.000577741	0.00202959	0.00606686	0.00109569	0.0017052	0.427292	0.00179213	0.0834113	0.0212326	0.00604499	0.00125355	0.00450216	0.00331322	0.00585461	0.0255529	0.38383	0.000175788	0.00462014
65	0.276717	0.0495049	0.00701998	0.0132047	0.00398556	0.0643189	0.00572324	0.0287285	0.0169824	0.041952	0.0119115	0.0320786	0.00622234	0.0149668	0.0152252	0.254195	0.0931259	0.0567943	0.00209498	0.00524797
66	0.0634633	0.00627498	0.10863	0.151892	0.00568855	0.0523019	0.0271114	0.0108078	0.0918367	0.0205548	0.00367681	0.123127	0.00656757	0.0847905	0.0281876	0.103584	0.0806361	0.0233844	0.00047284	0.00701238
67	0.036653	0.0128922	0.000261946	0.00230468	0.029618	0.00232191	0.00199878	0.246219	0.00157953	0.344257	0.0599043	0.00213184	0.0012185	0.00242795	0.00187804	0.016875	0.0333463	0.200151	7.94606e-05	0.00388204
68	0.117585	0.00429296	0.0185729	0.0170728	0.00452972	0.0413273	0.01986	0.0124934	0.0224005	0.0169297	0.00260094	0.0559542	0.383573	0.0176232	0.0161647	0.164109	0.0526687	0.027841	0.00190266	0.00249835
69	0.102289	0.0112133	0.0177398	0.0277256	0.00729144	0.0333425	0.0232256	0.0273956	0.152041	0.0337803	0.0121722	0.056378	0.00689658	0.0566372	0.121465	0.139045	0.100581	0.0498178	0.00125035	0.0197129
70	0.0269627	0.012952	0.000295749	0.00246518	0.0312357	0.00225965	0.00221078	0.224721	0.00198967	0.417672	0.0569268	0.00244647	0.00159082	0.00220666	0.00208417	0.0135843	0.0309834	0.161414	0.000110837	0.00588797
71	0.23109	0.0770127	0.000636397	0.00377656	0.0204345	0.0316291	0.00121859	0.104648	0.00458354	0.0754416	0.0172308	0.00922135	0.00166295	0.00711673	0.00128359	0.0979393	0.126175	0.182875	0.000183372	0.0058411
72	0.116253	0.0038649	0.0180735	0.0186742	0.00481459	0.0433687	0.0201299	0.0146188	0.023983	0.0180711	0.002925	0.0567855	0.355876	0.0197937	0.0156124	0.163365	0.0692062	0.03065	0.00171301	0.00222137
73	0.0243841	0.00686625	0.0107093	0.0185061	0.00101053	0.0152882	0.00912981	0.0101608	0.339243	0.0282817	0.00783774	0.0216069	0.0132616	0.0461513	0.376147	0.0392896	0.0167237	0.0122898	0.000991007	0.00212099
74	0.0108891	0.0133373	0.00107634	0.00276219	0.0922124	0.00301284	0.00549454	0.124745	0.00301147	0.539673	0.0516446	0.00511168	0.0045642	0.0053499	0.0053714	0.0121668	0.0126656	0.0738305	0.00174739	0.0313337
75	0.0644179	0.015711	0.00427367	0.0159848	0.025968	0.00950754	0.0162307	0.140027	0.0152821	0.234233	0.0604509	0.0204933	0.00809782	0.0352952	0.0166936	0.0613245	0.0967442	0.144049	0.00226526	0.0129497
76	0.091287	0.00177551	0.108755	0.138601	0.0011004	0.0562991	0.0100943	0.00754695	0.0417641	0.0227871	0.00561851	0.0674113	0.117596	0.0865783	0.0218332	0.138434	0.0609218	0.01362	0.000840102	0.00713594
77	0.0299408	0.0038055	0.000600745	0.00299	0.011112	0.00139449	0.0016162	0.382225	0.00174826	0.109705	0.0325544	0.00645971	0.00109438	0.00407559	0.00324356	0.0101441	0.0302535	0.363154	0.000163351	0.0037191
78	0.117953	0.0113832	0.0258894	0.0287893	0.0208544	0.037261	0.0339455	0.0296391	0.111728	0.0782061	0.0127424	0.0544821	0.0128527	0.0678971	0.0827372	0.125774	0.0659311	0.0596137	0.00574577	0.0165748
79	0.0966707	0.0350725	0.00328493	0.00996466	0.0399406	0.017345	0.0179224	0.11965	0.00722907	0.220685	0.0601724	0.0153198	0.0116849	0.0211869	0.00865593	0.0763175	0.0771272	0.141423	0.00472288	0.0156247
80	0.0482194	0.00154998	0.22485	0.44568	0.0030024	0.0210709	0.006677	0.00183545	0.0196197	0.0101189	0.0019141	0.0408744	0.0186509	0.0515485	0.00947574	0.0441293	0.0251425	0.0168184	0.00038765	0.00843471
81	0.271883	0.0662507	0.00292804	0.00524162	0.006398	0.0487083	0.00557786	0.0515188	0.00842341	0.0440282	0.0111015	0.0173201	0.00399147	0.00742015	0.00415235	0.247122	0.102973	0.0848883	0.00219513	0.00787839
82	0.015654	0.0127617	0.000372368	0.00241737	0.0374255	0.00219902	0.0020678	0.172563	0.00215108	0.532359	0.0522068	0.00288692	0.00254649	0.00257148	0.0030503	0.00975134	0.0265371	0.109781	0.000159696	0.0105378
83	0.0154456	0.00603164	0.521642	0.239613	0.00199994	0.0257114	0.00913361	0.00547333	0.0177122	0.00682912	0.00141524	0.0479782	0.0140735	0.0240382	0.0103512	0.021212	0.0198265	0.00580596	0.00143458	0.00427243
84	0.0276991	0.00363487	0.000567559	0.00251962	0.0105951	0.00142662	0.00166317	0.3837	0.00180496	0.109983	0.0325372	0.00606709	0.00114064	0.00454337	0.0034159	0.00956202	0.0300309	0.365015	0.000164712	0.0039287
85	0.0220934	0.0119978	0.000311745	0.002468	0.0306273	0.00243194	0.00231864	0.186496	0.00183777	0.487528	0.0560207	0.00233978	0.00247956	0.00252301	0.00281368	0.0118034	0.029034	0.13689	0.000265837	0.00771956
86	0.163707	0.0232154	0.0333326	0.032492	0.00113594	0.0956217	0.0264828	0.0214227	0.0257578	0.0307244	0.0100608	0.0636022	0.0211005	0.0390145	0.0251254	0.253573	0.0968248	0.0344532	0.000511257	0.00184179
87	0.0455932	0.00172422	0.22955	0.448099	0.00272597	0.0197791	0.00717823	0.00236959	0.020811	0.010239	0.00247074	0.039061	0.0170173	0.0513075	0.0097008	0.0426872	0.0241028	0.0179939	0.000443764	0.00714632
88	0.0566463	0.0129577	0.000216617	0.00214655	0.0294221	0.002957	0.0015029	0.270011	0.000860172	0.215643	0.0653666	0.0014907	0.000576728	0.00270854	0.00199483	0.0222735	0.0375196	0.273699	8.5869e-05	0.00192158
89	0.0425883	0.0122947	0.000248922	0.00224339	0.0311835	0.00303666	0.00183691	0.231194	0.00118756	0.336874	0.0614493	0.0017582	0.00130283	0.00268579	0.00207811	0.0175593	0.0339352	0.212302	0.000165649	0.00407585
90	0.0635337	0.0182169	0.0516564	0.0677353	0.00579198	0.057412	0.0521882	0.0148729	0.108197	0.0291081	0.00421994	0.106334	0.00419246	0.0782645	0.0655332	0.119745	0.0956098	0.0347799	0.000688852	0.0219195
91	0.0294611	0.0199119	0.000556844	0.0025876	0.0303281	0.00418482	0.00433156	0.177851	0.00248675	0.440691	0.0609809	0.00461589	0.00312603	0.00441908	0.00358613	0.0245801	0.0425589	0.134012	0.0014726	0.00825829
92	0.0697114	0.00302911	0.0149995	0.0434066	0.0189149	0.0139389	0.0333821	0.0842244	0.0184395	0.261583	0.0642985	0.0259006	0.0190878	0.0950884	0.0327957	0.039844	0.0431504	0.0921357	0.00114419	0.0249253
93	0.0565799	0.00746343	0.0905226	0.114904	0.00636594	0.0615776	0.033379	0.0100703	0.112348	0.0179086	0.0015103	0.131956	0.000869343	0.0866786	0.0342142	0.116029	0.0909105	0.0209374	0.00019192	0.00558263
94	0.278066	0.0639649	0.00359646	0.00560629	0.00375849	0.0490829	0.00528701	0.0409462	0.00951934	0.0389157	0.0107745	0.0171935	0.00455287	0.00759351	0.00466704	0.277837	0.101164	0.0675652	0.00270791	0.00720085
95	0.0417322	0.0285642	0.000589197	0.00230309	0.0303642	0.00642844	0.00482072	0.157049	0.00322726	0.385944	0.0646824	0.00655531	0.00382268	0.00654247	0.00440601	0.0374893	0.0613068	0.145646	0.00223272	0.0062935
96	0.0166415	0.0115708	0.000295605	0.00282394	0.0298504	0.00185285	0.00247016	0.183512	0.00207388	0.519464	0.0545031	0.00273263	0.00250216	0.00274846	0.00251804	0.00977337	0.0295104	0.117807	0.000195889	0.00715312
97	0.127895	0.0120344	0.0472892	0.0542396	0.0123564	0.0362901	0.0198439	0.040488	0.0342582	0.0443702	0.02304	0.0472252	0.07874	0.0662524	0.0417457	0.128275	0.114225	0.0620627	0.000691731	0.0086776
98	0.112895	0.00987141	0.0263131	0.0413315	0.0176187	0.0256817	0.0207479	0.0543327	0.0262668	0.0830701	0.0351853	0.0338274	0.092484	0.0650534	0.0427395	0.113976	0.103878	0.0780942	0.000693661	0.0159397
99	0.304798	0.0444968	0.00199038	0.00422954	0.00955503	0.0373614	0.00358206	0.0280891	0.00494777	0.0640046	0.0244027	0.0115387	0.00995735	0.00700795	0.00505593	0.156485	0.165509	0.111597	0.000986831	0.0044048
100	0.0373584	0.00724926	0.000793679	0.0042383	0.0157946	0.0026354	0.00308734	0.315187	0.00507551	0.172184	0.0432314	0.00791876	0.00202565	0.00800945	0.00528744	0.0194058	0.0454123	0.300842	0.000187582	0.0040763
101	0.0394133	0.00882346	0.0149455	0.0232755	0.00279741	0.0194818	0.0128662	0.0192356	0.295511	0.0249114	0.00940818	0.0277815	0.0163872	0.0522717	0.312577	0.0623311	0.0325941	0.0183782	0.00126627	0.00574356
102	0.0320444	0.00708771	0.0144351	0.0248854	0.0021201	0.0194964	0.0118061	0.0126693	0.331549	0.0235492	0.00790035	0.0278997	0.0123152	0.0508123	0.326194	0.0512092	0.0237134	0.0148071	0.00111376	0.00439278
103	0.0205578	0.010222	0.00821209	0.0130561	0.00182931	0.0108242	0.0152252	0.00972699	0.281406	0.0346918	0.0058937	0.0185328	0.00982396	0.0445075	0.439999	0.0374088	0.0180918	0.0152168	0.00166423	0.00311013
104	0.552458	0.0202449	0.00110613	0.0011489	0.00152781	0.0433963	0.00114211	0.00701791	0.00264775	0.0109394	0.00286926	0.00488613	0.00175429	0.00210749	0.004194	0.212747	0.0876588	0.0395148	0.00033156	0.00230695
105	0.222809	0.072998	0.0012539	0.00536195	0.0198385	0.0305196	0.00140036	0.110534	0.00499758	0.0770298	0.0184503	0.0111042	0.00160817	0.00802084	0.00185476	0.0959312	0.123201	0.186537	0.000182797	0.00636796
106	0.0895469	0.0128831	0.00672932	0.0214098	0.0104019	0.0138175	0.013308	0.127461	0.0191226	0.137674	0.0521637	0.0271768	0.00917918	0.0531909	0.0211828	0.0738391	0.144703	0.153929	0.000594703	0.0116861
107	0.288598	0.0765703	0.000713817	0.00273958	0.0153541	0.0287758	0.00124791	0.0635195	0.00344169	0.0708895	0.0179721	0.0061776	0.00316364	0.00494615	0.0022454	0.102494	0.147431	0.158944	0.000250582	0.00452596
108	0.0173054	0.0118039	0.000280088	0.00273093	0.027354	0.00172011	0.00245041	0.195414	0.00216425	0.50734	0.053409	0.00270515	0.00221838	0.00240408	0.00220668	0.0100773	0.0310571	0.121366	0.00010293	0.00588986
109	0.273431	0.0485417	0.0054154	0.00842645	0.00303588	0.266977	0.00550031	0.0167255	0.0109061	0.0200317	0.00535965	0.0147981	0.00631517	0.0115159	0.0106616	0.209499	0.0495869	0.0246076	0.00128275	0.00738312
110	0.124533	0.0283382	0.0194622	0.0104852	0.0793396	0.0181813	0.0831869	0.0243704	0.0183831	0.0413236	0.0152855	0.0847443	0.0117117	0.0316606	0.00433099	0.194782	0.115479	0.0209383	0.000843841	0.0726199
111	0.0235475	0.0116511	0.00148231	0.00495005	0.0417728	0.0036443	0.00400366	0.163067	0.00423127	0.482394	0.0514605	0.00539354	0.0048324	0.00860601	0.00805388	0.0158684	0.0292189	0.122239	0.000242409	0.0133408
112	0.32781	0.0613525	0.00267267	0.00563114	0.00305841	0.0717314	0.00424561	0.0266471	0.00867345	0.0422295	0.0122784	0.0183753	0.00671408	0.00816344	0.00539273	0.25637	0.0794404	0.0504421	0.00291659	0.00585531
113	0.0578276	0.00629338	0.0046626	0.015413	0.0158373	0.00839638	0.0146282	0.15862	0.0311091	0.127535	0.0561917	0.0176965	0.0152604	0.0322932	0.0578401	0.068401	0.153314	0.151092	0.00081517	0.00677295
114	0.0268175	0.00560046	0.0144154	0.0238104	0.00118219	0.0186223	0.00919599	0.0109347	0.347674	0.0222925	0.00759325	0.027035	0.012026	0.0469943	0.346899	0.0431389	0.0197638	0.0124554	0.000831859	0.0027174
115	0.0808192	0.0140911	0.00588505	0.0190768	0.0137689	0.0114675	0.0123898	0.140798	0.0223444	0.166294	0.0491056	0.026956	0.00986898	0.0373813	0.0223005	0.0734515	0.134554	0.148467	0.000974339	0.0100076
116	0.0348447	0.0173335	0.00399944	0.0101601	0.168506	0.00395356	0.0369823	0.0835695	0.00661224	0.217967	0.0617565	0.0204051	0.00760346	0.0172934	0.00519862	0.0396792	0.0161523	0.0746816	0.0213962	0.151905
117	0.0349607	0.00576452	0.000422299	0.00208723	0.0154079	0.00178113	0.00159257	0.359717	0.00149627	0.131931	0.0402808	0.00444351	0.000991031	0.00371686	0.00394168	0.0123413	0.0318415	0.343954	0.000140098	0.00318868
118	0.091472	0.0192527	0.0109453	0.01522	0.0463469	0.0450381	0.0272783	0.042234	0.113829	0.0858132	0.0100763	0.0317907	0.0144036	0.087828	0.0628066	0.122744	0.100454	0.0290127	0.0261854	0.0172693
119	0.147235	0.0528848	0.00176366	0.00693529	0.0195238	0.0194134	0.00480128	0.125635	0.00812709	0.143625	0.0408473	0.0127089	0.00377467	0.020058	0.00644457	0.0773561	0.126944	0.173997	0.001196	0.00672997
120	0.0555504	0.0165676	0.000272866	0.00197661	0.031426	0.00435372	0.00222439	0.246965	0.00123496	0.241765	0.0662161	0.00255076	0.00134301	0.00330052	0.00208104	0.0262056	0.043084	0.24927	0.00046513	0.0031468
121	0.137683	0.0353244	0.00417747	0.00803897	0.00217904	0.610888	0.00314137	0.0121257	0.00692721	0.0139474	0.00240366	0.012151	0.00634095	0.0191887	0.0124716	0.0723381	0.0309463	0.00646317	0.000577362	0.00268624
122	0.279047	0.0498222	0.00322779	0.00569909	0.00370946	0.0493847	0.00493367	0.0328447	0.00945088	0.0369461	0.0128632	0.0184995	0.00622989	0.00878329	0.00446593	0.276992	0.12579	0.0625927	0.00258316	0.00613402
123	0.0569404	0.0127282	0.000218762	0.00208861	0.0293949	0.00301082	0.00142199	0.270703	0.000841382	0.212877	0.0645437	0.00142616	0.000600362	0.00283079	0.0019906	0.0222365	0.0374965	0.276638	8.0773e-05	0.0019315
124	0.281658	0.06369	0.0034521	0.00553814	0.00403978	0.0511659	0.00560497	0.0417777	0.00921775	0.039173	0.010458	0.0177509	0.00467632	0.00774819	0.00459838	0.274186	0.0977987	0.0674505	0.0026443	0.00737123
125	0.229879	0.0514646	0.0154646	0.0194069	0.00393806	0.0949	0.0143414	0.0225851	0.0278945	0.0325749	0.00940648	0.0337595	0.0532196	0.0239477	0.0169572	0.223915	0.0730619	0.0433119	0.00189023	0.00808153
126	0.0802507	0.0228625	0.0486575	0.0270342	0.0091289	0.0512084	0.13469	0.0139553	0.044856	0.0304438	0.00473456	0.074521	0.0234255	0.0628579	0.0960528	0.123378	0.0462352	0.0353469	0.00194774	0.0684139
127	0.0339876	0.00493063	0.0202504	0.0358489	0.00150543	0.023308	0.0137055	0.0138909	0.335703	0.0172303	0.00890151	0.0332616	0.0118002	0.0642557	0.280297	0.0522789	0.0274699	0.0148243	0.000661849	0.0058876
128	0.00871675	0.0156521	0.000898958	0.00148644	0.141984	0.00355363	0.00300916	0.128829	0.0034099	0.508525	0.0422379	0.00568107	0.00371481	0.00687144	0.00703194	0.0102375	0.00996224	0.061861	0.000373389	0.0359635
129	0.0581163	0.0132427	0.000226264	0.00207835	0.0299989	0.00317282	0.0015623	0.266743	0.000831785	0.215501	0.0654873	0.00156264	0.000702854	0.00280705	0.00205507	0.0232155	0.0381716	0.272436	0.000126927	0.00196283
130	0.0586849	0.012956	0.000214302	0.00208843	0.0296909	0.00309236	0.00140927	0.268967	0.000766664	0.209423	0.0655959	0.00133122	0.000569268	0.00272299	0.00200211	0.0228056	0.0378521	0.277931	8.55887e-05	0.0018116
131	0.100055	0.0176925	0.0314897	0.0388579	0.0284165	0.0280921	0.0220243	0.0181671	0.0265408	0.0528403	0.0117449	0.0262364	0.267199	0.0333563	0.0621489	0.127074	0.0596719	0.0374342	0.00189458	0.00906369
132	0.0394176	0.0162455	0.00523267	0.0149963	0.100412	0.00544446	0.0324628	0.119033	0.00534054	0.272369	0.0819727	0.0122704	0.0122746	0.0256237	0.00532223	0.0427655	0.03199	0.111341	0.0123475	0.0531384
133	0.0192828	0.0121234	0.00030185	0.00261304	0.0300788	0.00184082	0.00235839	0.202468	0.00218939	0.486911	0.053434	0.00266108	0.00206965	0.00237266	0.00223269	0.0108197	0.0303831	0.129249	9.8659e-05	0.00651208
134	0.0253921	0.0157566	0.000665474	0.00385359	0.0328475	0.00358466	0.00480367	0.165523	0.00404693	0.464447	0.0556928	0.00739779	0.00428239	0.00838594	0.00458828	0.0226565	0.049111	0.117412	0.000870275	0.00868352
135	0.023496	0.0140684	0.00406097	0.00716822	0.00548979	0.00575923	0.0274357	0.0248819	0.185031	0.0534287	0.00759992	0.0172269	0.00529706	0.056851	0.42766	0.0416745	0.0454223	0.0358335	0.00258548	0.00902893
136	0.0506489	0.00211729	0.209358	0.398443	0.00262146	0.0307056	0.00882585	0.00539844	0.0260439	0.0134179	0.00369302	0.0467899	0.0224486	0.0532011	0.0120234	0.0583684	0.0317539	0.0167669	0.000726897	0.00664725
137	0.125286	0.0274133	0.0197767	0.0110783	0.0803346	0.0190813	0.0831579	0.0230608	0.0193832	0.0399946	0.0143406	0.0865789	0.0124491	0.0317628	0.00421016	0.198735	0.112017	0.0196622	0.000936302	0.0707411
138	0.271776	0.0737675	0.00222446	0.00487437	0.00969032	0.0484737	0.0037536	0.0619083	0.0074577	0.0524637	0.0122217	0.0151982	0.00393645	0.00940916	0.0038953	0.203847	0.102396	0.105064	0.00163784	0.00600453
139	0.00694685	0.0142511	0.000675822	0.00145912	0.0946086	0.0029662	0.00144754	0.132162	0.00361652	0.564952	0.0447952	0.00509119	0.00354585	0.00333633	0.00639377	0.00907151	0.00900654	0.0651851	0.00025225	0.0302362
140	0.0830417	0.0040318	0.0155265	0.0418542	0.0145402	0.0133873	0.0309338	0.0972315	0.0193495	0.201984	0.0544312	0.030736	0.0157894	0.0792994	0.0298159	0.0550356	0.0717005	0.119049	0.000591689	0.0216712
141	0.38101	0.0529645	0.00135689	0.00286093	0.00713675	0.0529051	0.00184829	0.0423069	0.00485008	0.0367128	0.00845067	0.00857195	0.00267021	0.00475209	0.00322593	0.187441	0.107509	0.0885423	0.000775228	0.00410911
142	0.00634177	0.0162185	0.000790795	0.00133754	0.119125	0.00306048	0.00136481	0.125542	0.0033	0.547455	0.04243	0.00566486	0.00380337	0.0040154	0.00662366	0.00918021	0.00786714	0.0602839	0.000303171	0.035293
143	0.0354887	0.003263	0.324781	0.372027	0.00244419	0.0252402	0.00839451	0.0037881	0.0216361	0.0087422	0.00215612	0.0444702	0.0162854	0.0400822	0.0102622	0.0364606	0.0230582	0.0125358	0.000685116	0.0081989
144	0.28272	0.0501364	0.00454328	0.0111267	0.00619397	0.0560946	0.00493426	0.0328673	0.0134306	0.045427	0.0116923	0.0293077	0.00561948	0.0131368	0.0118912	0.253901	0.0942555	0.0641475	0.00220252	0.00637189
145	0.00886177	0.0145105	0.000753563	0.00188129	0.101993	0.00271059	0.00200314	0.138727	0.00298624	0.538686	0.0447067	0.00487703	0.0033837	0.00397358	0.0054387	0.00932857	0.0134616	0.0729456	0.000425666	0.0283465
146	0.0573831	0.0129362	0.000214586	0.00208453	0.0296802	0.00307175	0.00143813	0.268066	0.000839731	0.216801	0.0653667	0.00134687	0.000599626	0.00269265	0.00200215	0.0223988	0.0375233	0.273548	8.09708e-05	0.00192607
147	0.079662	0.00356974	0.0152172	0.0420962	0.0148325	0.0144487	0.0337238	0.0875543	0.0196601	0.219728	0.0559188	0.0293866	0.0168768	0.0788872	0.0315449	0.0593424	0.0656637	0.108174	0.000711177	0.0230013
148	0.0555169	0.0135099	0.00754672	0.0134816	0.0196099	0.0154859	0.0251459	0.0162163	0.227223	0.0390773	0.00770741	0.0298869	0.0073484	0.0526358	0.29026	0.0898567	0.0422048	0.0233549	0.0049494	0.0189827
149	0.0873394	0.0517018	0.0167	0.0191094	0.044201	0.0259728	0.040653	0.0528211	0.0293776	0.106842	0.0265197	0.058426	0.012688	0.0565275	0.0375144	0.111577	0.0694576	0.0841516	0.00531454	0.0631057
150	0.113011	0.00462938	0.0211636	0.0223903	0.00401454	0.0445295	0.0217919	0.0134715	0.0258753	0.0181957	0.00405229	0.0577529	0.33052	0.0309014	0.0160919	0.170366	0.0673285	0.028769	0.00178741	0.00335788
151	0.0965458	0.00976639	0.0267664	0.0479645	0.00633222	0.0427658	0.0133757	0.020836	0.18021	0.0207279	0.0137435	0.0569756	0.00764203	0.0582988	0.117654	0.151368	0.0831687	0.0359628	0.000617628	0.00927888
152	0.0498358	0.00176072	0.207072	0.414795	0.00405924	0.0210027	0.00759186	0.0032196	0.025394	0.0150426	0.00250107	0.0576451	0.0141912	0.0621694	0.0107277	0.0428622	0.0293074	0.0206878	0.000450668	0.0096841
153	0.0540177	0.0139498	0.000394013	0.00250604	0.0275521	0.00298578	0.00158774	0.272319	0.00112632	0.199182	0.075466	0.00160631	0.00107571	0.00307023	0.0022214	0.0224287	0.0379557	0.278606	0.000123775	0.00182584
154	0.133293	0.0123348	0.0538516	0.0479432	0.0116625	0.0501962	0.0212615	0.038463	0.0306487	0.0415493	0.0216907	0.0516757	0.0135232	0.0726146	0.0465845	0.136852	0.138236	0.0611511	0.000491612	0.0159763
155	0.0565799	0.00746343	0.0905226	0.114904	0.00636594	0.0615776	0.033379	0.0100703	0.112348	0.0179086	0.0015103	0.131956	0.000869343	0.0866786	0.0342142	0.116029	0.0909105	0.0209374	0.00019192	0.00558263
156	0.0758063	0.013365	0.00638357	0.0217407	0.0164237	0.0107036	0.0168824	0.125231	0.015857	0.232972	0.057534	0.0231501	0.00878626	0.0436779	0.0232552	0.0663407	0.0896761	0.13934	0.00146541	0.0114099
157	0.331603	0.0859476	0.0028932	0.00596039	0.00360499	0.0718818	0.00426808	0.0216602	0.00995198	0.0507034	0.0106495	0.0204727	0.00666026	0.00826867	0.00792145	0.227684	0.0738299	0.0477565	0.00267847	0.00560444
158	0.0309495	0.023145	0.000659717	0.00287394	0.027088	0.00567817	0.00449216	0.14415	0.00369152	0.455378	0.0616814	0.00620602	0.00445325	0.00689582	0.00651409	0.0318861	0.0577183	0.117224	0.00195376	0.00736154
159	0.0514198	0.00712752	0.0339808	0.064126	0.00156413	0.0149625	0.0392418	0.0255279	0.219714	0.0433711	0.0188086	0.0359701	0.0100871	0.173817	0.135475	0.031788	0.0424895	0.0313031	0.000510734	0.0187147
160	0.0344144	0.0244628	0.00279943	0.00659539	0.276437	0.00309561	0.0304636	0.0121368	0.0131572	0.109757	0.0150776	0.033481	0.00350735	0.0107623	0.0152097	0.0356063	0.00486757	0.0196992	0.0237519	0.324718
161	0.0249152	0.0125486	0.000270982	0.00257287	0.0275004	0.00183121	0.00224933	0.22518	0.00204714	0.430169	0.0564381	0.00237662	0.00164694	0.00231131	0.00203529	0.012975	0.0320093	0.156143	0.00010386	0.00467619
162	0.141893	0.042432	0.00998186	0.0208023	0.0128115	0.035156	0.0170533	0.0261996	0.227498	0.0159007	0.0114473	0.0312966	0.0125711	0.0810101	0.0675784	0.139781	0.057002	0.0313433	0.00516989	0.0130722
163	0.0284622	0.0132496	0.0072058	0.0158148	0.162927	0.00525346	0.153634	0.0100464	0.00879721	0.0462188	0.00709228	0.0285256	0.0220497	0.0159682	0.0139439	0.0331016	0.0141614	0.0308486	0.0064169	0.376283
164	0.0316909	0.00850269	0.355704	0.12839	0.00323485	0.0316285	0.0190054	0.0115386	0.0932015	0.0147924	0.00466015	0.0593998	0.0147545	0.035215	0.0887261	0.050463	0.0284456	0.0115913	0.00168704	0.00736862
165	0.0959946	0.01388	0.0297546	0.0305797	0.0125837	0.0375387	0.021974	0.0176561	0.0747968	0.0317939	0.0123636	0.0427386	0.255298	0.0407509	0.0372599	0.137005	0.0508817	0.0267443	0.0196105	0.0107958
166	0.10523	0.0125729	0.0751911	0.0739669	0.00735515	0.0455576	0.0255627	0.0646456	0.060665	0.0452379	0.0192461	0.101172	0.0158842	0.0532652	0.0400382	0.111937	0.076913	0.0537745	0.00193771	0.00984704
167	0.0371553	0.0286034	0.00536414	0.00745426	0.211951	0.00768802	0.0430644	0.0129396	0.0174276	0.0983645	0.0126923	0.0406511	0.00726816	0.0230493	0.0365093	0.0496524	0.0120077	0.036077	0.0181042	0.293977
168	0.0340746	0.00194945	0.331067	0.391712	0.004018	0.0194889	0.00641896	0.00288881	0.0166471	0.00885035	0.00175631	0.0376984	0.0142092	0.0439632	0.0071764	0.0331093	0.0231003	0.0146146	0.000748239	0.00650846
169	0.0475288	0.0113827	0.396371	0.13885	0.00273211	0.132086	0.0121437	0.0113034	0.0235937	0.0135806	0.00378562	0.0475212	0.0147903	0.0277645	0.0145727	0.0536976	0.0321007	0.00937594	0.00203495	0.00478363
170	0.136667	0.00791498	0.0213737	0.0439132	0.00869515	0.00925041	0.00875887	0.134183	0.0129887	0.0746513	0.0613045	0.0356379	0.00576942	0.0236775	0.0159707	0.0796309	0.0953233	0.213904	0.000827866	0.00955811
171	0.139614	0.0142026	0.0278494	0.0315768	0.0039493	0.0660059	0.0209925	0.0258127	0.0364532	0.0279646	0.0114294	0.0727229	0.0269152	0.052337	0.0199173	0.216786	0.156921	0.043527	0.000985689	0.00403662
172	0.0875416	0.0317624	0.0152473	0.0164463	0.0281397	0.0525775	0.022463	0.0500168	0.026063	0.213248	0.0439796	0.0247629	0.0157054	0.030249	0.0240686	0.113386	0.0792997	0.0545125	0.0516042	0.0189263
173	0.0954364	0.0181968	0.0230607	0.0351071	0.00743539	0.0459057	0.019422	0.0339444	0.218454	0.0300098	0.012409	0.0409642	0.0155601	0.0645857	0.13698	0.0996659	0.0567491	0.0334116	0.00239184	0.0103105
174	0.025656	0.00427389	0.000509213	0.00209054	0.0117356	0.00135542	0.00170501	0.379923	0.00167288	0.129968	0.031582	0.00502945	0.00113913	0.00386059	0.00313733	0.00943267	0.0279007	0.354921	0.000161165	0.00394564
175	0.0177338	0.0157849	0.00199281	0.00240012	0.00494535	0.00310987	0.0304057	0.0090395	0.200121	0.0504766	0.00341916	0.0152095	0.0054493	0.049799	0.499259	0.0373912	0.0219988	0.0200143	0.00363306	0.00781681
176	0.0312483	0.00585939	0.0161463	0.0258861	0.00159938	0.0227737	0.0107053	0.0127406	0.334666	0.0204955	0.00803225	0.0298847	0.0156449	0.0463763	0.324324	0.0518377	0.0221918	0.0139831	0.000991215	0.00461416
177	0.352184	0.0587344	0.00322578	0.00657643	0.00295035	0.0617864	0.00444224	0.0239148	0.00861065	0.0337594	0.00882173	0.0172483	0.00696801	0.00767827	0.00536637	0.26485	0.079262	0.0445657	0.00241796	0.00663642
178	0.577666	0.0178156	0.0010637	0.00120528	0.00139076	0.0428334	0.00110504	0.00604294	0.00283303	0.00693427	0.00130983	0.00526307	0.00127364	0.00226379	0.00350377	0.222729	0.0704454	0.0316337	0.000468865	0.00221819
179	0.229553	0.0780676	0.000603167	0.00405083	0.0192651	0.0310651	0.00133547	0.10543	0.00564275	0.0761426	0.0168834	0.00902511	0.00144946	0.00794755	0.00188458	0.0963167	0.125016	0.184679	0.000221701	0.00541985
180	0.029199	0.00404081	0.0214237	0.0333791	0.000888565	0.0245674	0.00942588	0.0124782	0.360491	0.0143459	0.00794639	0.0337832	0.0118001	0.0491525	0.298296	0.0473095	0.0237015	0.0136171	0.000517885	0.00363633
181	0.290161	0.0720744	0.000696612	0.00259547	0.0148722	0.0251032	0.00127228	0.0578569	0.00329978	0.0742302	0.0206212	0.00574336	0.00400755	0.00475159	0.00245876	0.0999104	0.158692	0.157128	0.000232214	0.00429308
182	0.0178867	0.0117482	0.00029582	0.00252778	0.0320653	0.00193655	0.00224021	0.186197	0.00204201	0.510364	0.0537962	0.00271701	0.00246122	0.00228675	0.00257993	0.00997091	0.0287822	0.122082	9.85051e-05	0.00792237
183	0.097399	0.0126968	0.080574	0.0849466	0.00713812	0.0519378	0.0545328	0.0240784	0.061912	0.0295848	0.0101925	0.0979832	0.0106815	0.0693903	0.0422788	0.127239	0.0840404	0.0339508	0.000610762	0.0188326
184	0.514045	0.0263191	0.00140577	0.00196982	0.0016346	0.0502516	0.00167114	0.0117671	0.00396339	0.0128724	0.00308102	0.00703124	0.00202105	0.00303728	0.00379372	0.229486	0.0830387	0.0388273	0.000730601	0.00305285
185	0.0581788	0.0129919	0.000213281	0.00208841	0.0297723	0.00311715	0.00141141	0.268103	0.000780735	0.213159	0.0655264	0.00129954	0.000578324	0.0026839	0.00197866	0.0226091	0.0376293	0.27591	8.47731e-05	0.00188403
186	0.0366473	0.00690728	0.000407531	0.00198577	0.0183921	0.00178735	0.0020887	0.361531	0.00123811	0.143043	0.0431093	0.00356443	0.0008589	0.00340132	0.0029708	0.0134395	0.0297118	0.325731	0.000112544	0.00307224
187	0.181158	0.0311755	0.0215502	0.0326609	0.00882423	0.0521855	0.0131933	0.0371593	0.0296675	0.0542011	0.0185799	0.0515183	0.00851872	0.0442015	0.0403087	0.182797	0.113843	0.0718544	0.0009424	0.00566069
188	0.265868	0.0612927	0.00369382	0.0058494	0.00350126	0.0473393	0.00575538	0.0378039	0.010997	0.0361369	0.00983915	0.0177367	0.0048275	0.00838193	0.00545292	0.289239	0.115066	0.0591237	0.00449911	0.0075965
189	0.061008	0.0141984	0.00966258	0.0079641	0.0261546	0.0174948	0.0865449	0.025598	0.117644	0.0523437	0.00529197	0.0414341	0.0117088	0.0511353	0.24245	0.0944848	0.0377997	0.0386483	0.014596	0.043838
190	0.0954928	0.0103832	0.0289574	0.0384389	0.0245473	0.0310095	0.0211783	0.0131075	0.0267131	0.0423002	0.00897084	0.0245767	0.324526	0.0303667	0.05429	0.130877	0.0585899	0.027116	0.00173169	0.00682641
191	0.0456913	0.00173581	0.230653	0.449018	0.00269571	0.020278	0.00720286	0.00167495	0.0197242	0.00990486	0.00233065	0.0390899	0.0177398	0.0502914	0.0100332	0.0437159	0.0239867	0.0165249	0.000526767	0.00718294
192	0.057146	0.00683854	0.0162938	0.0338425	0.0149912	0.0231798	0.0249754	0.0670405	0.0137687	0.320929	0.0694307	0.0201952	0.0204223	0.0647427	0.0291179	0.0576099	0.0562589	0.0746335	0.00365654	0.0249266
193	0.322934	0.0643967	0.00280169	0.00577981	0.00308247	0.0733714	0.00449886	0.026257	0.00897186	0.0438024	0.0127264	0.0193664	0.00738143	0.0085851	0.00562549	0.25528	0.0771827	0.0488381	0.00308182	0.00603678
