234	20
1	0.0184979	0.00690823	0.000378445	0.000483244	0.00306286	0.00212355	0.00170037	0.266426	0.000433668	0.0392321	0.0113032	0.000772885	0.000264947	0.000469131	0.000455176	0.00227096	0.0132856	0.630464	0.000180458	0.00128747
2	0.496835	0.165365	0.00353582	0.00341591	0.00499121	0.0461267	0.00444439	0.00858216	0.00437832	0.123897	0.00549821	0.00636717	0.0228638	0.0045172	0.00439532	0.0109153	0.00910062	0.0682912	0.00219659	0.00428338
3	0.00606665	0.00216596	0.000532558	0.000578822	0.0144111	0.000810521	0.00080738	0.494651	0.000574411	0.0342335	0.00140258	0.000961155	0.000371664	0.000642822	0.000606547	0.00139308	0.0072947	0.430543	0.000233517	0.00171936
4	0.00624594	0.00232741	0.000494865	0.000581929	0.0141976	0.000837562	0.000857107	0.489209	0.000566077	0.0343011	0.00178453	0.000951795	0.000368767	0.000645833	0.000615026	0.00144984	0.00742218	0.435227	0.000222623	0.00169373
5	0.00373259	0.000650966	0.00380037	0.00281888	0.000766079	0.93544	0.00159886	0.00269668	0.00336593	0.00286962	0.00302013	0.0146455	0.000334749	0.00365747	0.00284968	0.0114547	0.00227704	0.00309239	0.000264902	0.000663188
6	0.669411	0.00693059	0.00094978	0.00109275	0.0194578	0.127588	0.00114284	0.00173332	0.00168351	0.00947745	0.0013828	0.00174175	0.000802104	0.00122864	0.00164016	0.0974854	0.0284608	0.0139971	0.000426651	0.0133673
7	0.239555	0.0746996	0.00359083	0.00262248	0.00617667	0.0193676	0.00491062	0.103475	0.00387376	0.0422859	0.0056223	0.0186354	0.143853	0.00346157	0.00236798	0.128361	0.0464911	0.144796	0.00107761	0.00477579
8	0.387349	0.223696	0.00122477	0.00591833	0.00392581	0.0809244	0.0017158	0.00298701	0.0017242	0.00408167	0.0124871	0.0098466	0.0011332	0.00274049	0.00146506	0.200775	0.04062	0.00982086	0.00071126	0.00685381
9	0.00369281	0.000770506	0.00378371	0.00275102	0.000678116	0.934492	0.00156132	0.00290166	0.00337115	0.00293218	0.00323281	0.0146659	0.000334901	0.00360786	0.00333371	0.0113083	0.00226247	0.00325924	0.00026197	0.000798431
10	0.00747197	0.00310681	0.00202983	0.00160382	0.00549975	0.00113391	0.00450791	0.233038	0.00121169	0.553158	0.0632345	0.00836355	0.000823154	0.014445	0.00444544	0.00247261	0.00896222	0.0825799	0.000562159	0.00135008
11	0.214326	0.0697723	0.00211781	0.00190681	0.00315581	0.014613	0.00320351	0.0204196	0.00252866	0.00678672	0.00336143	0.00637424	0.0658727	0.00278472	0.00241705	0.053177	0.294865	0.228807	0.00122792	0.00228293
12	0.406195	0.0526784	0.00173216	0.00194016	0.0193516	0.0365445	0.00254437	0.00461607	0.00205474	0.0123521	0.00462747	0.00568143	0.00143107	0.0111864	0.001762	0.371279	0.0343867	0.0256594	0.000927819	0.00305
13	0.0957488	0.0158055	0.0012131	0.00880113	0.0155644	0.0123703	0.00131953	0.185185	0.00288748	0.15906	0.074518	0.0065204	0.00262452	0.00583282	0.00108672	0.0463992	0.103471	0.259231	0.000409817	0.00195107
14	0.0208846	0.0109923	0.0154752	0.036734	0.00507519	0.0170593	0.0155713	0.00452652	0.392644	0.0132183	0.0194487	0.0324706	0.0108716	0.0762628	0.232206	0.0296994	0.0452524	0.012598	0.00156942	0.0074406
15	0.15861	0.0922687	0.00381365	0.0697481	0.00280194	0.0340938	0.0310106	0.0279719	0.00531326	0.0161918	0.00982153	0.0363276	0.00145492	0.0671249	0.0182689	0.235016	0.137265	0.0207318	0.00950414	0.0226608
16	0.246282	0.0747184	0.00578688	0.00757844	0.0165152	0.0372233	0.0106529	0.0560416	0.00461465	0.0899117	0.0571714	0.0163232	0.0044383	0.00568754	0.00535083	0.233632	0.0557546	0.0611563	0.00188211	0.00927856
17	0.00783143	0.00493946	0.00399618	0.00773725	0.00283792	0.00512903	0.00413392	0.233679	0.00353572	0.441048	0.0201109	0.0384805	0.00269539	0.00981586	0.0215651	0.00625474	0.0328832	0.150088	0.000744258	0.00249372
18	0.0293591	0.00656288	0.175409	0.570553	0.0101433	0.00879989	0.00180701	0.0114365	0.0127169	0.0172253	0.0044627	0.0248446	0.00101095	0.0600499	0.00601061	0.0239337	0.0219801	0.00914008	0.000646224	0.00390859
19	0.140122	0.0747854	0.0888836	0.112556	0.0209549	0.0430004	0.0878435	0.0450411	0.0175168	0.0416294	0.0075255	0.153629	0.00458232	0.0148411	0.0139408	0.0258726	0.0158204	0.0216163	0.00389926	0.0659387
20	0.0386084	0.00672365	0.154351	0.388194	0.0108481	0.0084846	0.00343958	0.0185473	0.0795288	0.0140513	0.00414152	0.0553938	0.000655525	0.123139	0.0303455	0.0272346	0.0221692	0.0091259	0.000452733	0.00456539
21	0.09956	0.013321	0.00614406	0.00116782	0.0234302	0.0210132	0.0169291	0.0569019	0.00592426	0.0640003	0.0123917	0.00346241	0.467299	0.00204079	0.00130818	0.0528992	0.0406381	0.0967899	0.00092225	0.013857
22	0.00511868	0.00642184	0.0101625	0.0199848	0.0033717	0.00722883	0.00436198	0.278168	0.0122324	0.0506095	0.00814258	0.0131799	0.00175052	0.017332	0.0127394	0.00945642	0.272456	0.263471	0.00105709	0.00275456
23	0.105122	0.035295	0.00127728	0.0118726	0.0138479	0.0127361	0.00188632	0.214583	0.00197518	0.112788	0.0340466	0.0109234	0.00516077	0.00724234	0.00137069	0.042253	0.0422901	0.340333	0.000516711	0.00447883
24	0.00725627	0.0174302	0.000517633	0.00354971	0.727175	0.00076266	0.00104178	0.0162422	0.000818908	0.0226412	0.00826251	0.00693196	0.000466974	0.000703083	0.00054946	0.00137319	0.00151794	0.00885209	0.00053169	0.173375
25	0.0280039	0.00692454	0.182429	0.560485	0.0105004	0.00897328	0.0023437	0.0115435	0.013841	0.0171308	0.00448982	0.0273101	0.00104759	0.057538	0.00667252	0.0241341	0.0219514	0.00960082	0.000659656	0.00442065
26	0.0361406	0.0143166	0.00881119	0.0301036	0.00936694	0.0278489	0.0023049	0.00259477	0.461556	0.00396429	0.0392241	0.00761524	0.0146914	0.097561	0.155458	0.0315761	0.0421876	0.0121742	0.000719402	0.00178527
27	0.0450397	0.00853427	0.26173	0.113334	0.00244164	0.081878	0.0508986	0.0193701	0.0185288	0.00847801	0.00162237	0.146001	0.0165431	0.0273345	0.0269289	0.145549	0.0163623	0.00449878	0.00127888	0.00364765
28	0.0617755	0.0167161	0.151995	0.0729557	0.0191158	0.0863048	0.0928703	0.00741565	0.068278	0.0164552	0.00357194	0.11712	0.00986316	0.0531988	0.0515586	0.0851535	0.0292908	0.012173	0.00872771	0.0354608
29	0.0331605	0.0116576	0.00520498	0.00038275	0.145448	0.000553776	0.000910202	0.37149	0.00050672	0.150022	0.0458111	0.00179731	0.00215461	0.000592494	0.000493528	0.00826956	0.00364232	0.193843	0.00232758	0.0217322
30	0.00370405	0.000664682	0.00373751	0.00285286	0.000696024	0.935221	0.00159644	0.00269579	0.00338447	0.00289516	0.00301567	0.0145367	0.000333595	0.00362422	0.00290537	0.011612	0.00241665	0.00307846	0.000262786	0.000766834
31	0.00357729	0.000640273	0.00387364	0.0027196	0.000750115	0.936346	0.00163208	0.00271561	0.00332964	0.0028246	0.00303093	0.0148085	0.000333216	0.00371864	0.00281138	0.0107634	0.00219731	0.00303003	0.000264682	0.0006333
32	0.0830508	0.0158403	0.00181102	0.0129264	0.0101447	0.0129619	0.00218049	0.181205	0.0023812	0.18541	0.0573567	0.00973968	0.00387426	0.0155198	0.00179471	0.0428591	0.0460494	0.310341	0.000592819	0.00395977
33	0.0189258	0.00331371	0.00225331	0.00281363	0.0691172	0.0139469	0.0181404	0.00499176	0.00257684	0.0659606	0.0330666	0.00425031	0.00144082	0.00258094	0.00268745	0.00586835	0.00909836	0.0270074	0.555195	0.156764
34	0.0118758	0.00938609	0.0187102	0.0239701	0.00205389	0.0030489	0.0562471	0.013087	0.243567	0.0201818	0.00353007	0.133099	0.00291135	0.0537239	0.230935	0.0460104	0.0600236	0.030291	0.00864959	0.0286982
35	0.0209915	0.00587779	0.00419469	0.00306108	0.209138	0.00695213	0.0426956	0.0338711	0.0303932	0.0569266	0.0139233	0.0458267	0.0228476	0.00777008	0.00321073	0.013083	0.0277749	0.0250484	0.00574784	0.420665
36	0.0455321	0.0182118	0.0309318	0.108584	0.00842746	0.0184695	0.0445229	0.0102963	0.204277	0.00784742	0.00406327	0.0515855	0.000361473	0.0680446	0.153426	0.106183	0.0869891	0.0197686	0.00248895	0.00998955
37	0.0571179	0.0764179	0.0155153	0.0107978	0.00544727	0.116045	0.00926502	0.0340358	0.116844	0.0320703	0.00695827	0.0391485	0.01098	0.0277317	0.0283541	0.196502	0.19621	0.0125161	0.00230401	0.00573867
38	0.0945906	0.0222295	0.00123594	0.0149784	0.00703356	0.0153278	0.00136291	0.20543	0.00216732	0.129539	0.0484194	0.0109226	0.00695839	0.0103214	0.00122628	0.0493954	0.0504648	0.324432	0.00047076	0.00349406
39	0.0680091	0.0229486	0.00294992	0.0132105	0.101544	0.0134345	0.0138398	0.009081	0.00357399	0.0740721	0.0464972	0.0157605	0.00389463	0.00888746	0.00770676	0.012847	0.0317825	0.0275969	0.236712	0.285651
40	0.00401505	0.0132151	0.0398192	0.0649773	0.00117288	0.00209755	0.0496881	0.0080673	0.279782	0.0350449	0.00208674	0.06362	0.00974433	0.074716	0.267998	0.0230936	0.0155222	0.0159378	0.00394589	0.0254556
41	0.0379215	0.0412977	0.0022558	0.0208514	0.0276774	0.0545127	0.0236178	0.0143693	0.00488485	0.00586013	0.00428719	0.184183	0.00208638	0.0123243	0.0299091	0.376989	0.1463	0.00601365	0.00124581	0.00341365
42	0.0455407	0.0434597	0.00385974	0.0049924	0.00863929	0.0052175	0.00529263	0.0827258	0.00487969	0.455233	0.0935128	0.00904112	0.00248093	0.010004	0.0064194	0.0137405	0.118956	0.0799303	0.00181864	0.00425639
43	0.00710554	0.0200277	0.00297708	0.00363758	0.0308586	0.00433166	0.0497329	0.163468	0.0345988	0.00890351	0.019186	0.00580669	0.00239904	0.00448614	0.0476725	0.0235638	0.196009	0.354829	0.0015727	0.0188345
44	0.0967226	0.0437015	0.00195773	0.00226458	0.0113629	0.0141814	0.0164061	0.0587578	0.00220514	0.111168	0.0371834	0.0183394	0.00181667	0.00287512	0.00284429	0.233622	0.230352	0.102875	0.000941853	0.0104218
45	0.027645	0.015237	0.0126258	0.0133559	0.0155229	0.0161486	0.0928432	0.0220829	0.0210385	0.0223971	0.0155097	0.459754	0.00972075	0.0178251	0.0177014	0.0350488	0.0808434	0.0812225	0.00640974	0.0170676
46	0.0346812	0.0120423	0.00343668	0.00316642	0.0235381	0.00899749	0.00943364	0.100982	0.00371401	0.054305	0.0123074	0.0316634	0.00322658	0.003922	0.00380456	0.2793	0.193922	0.206158	0.00133956	0.0100598
47	0.00311596	0.0232971	0.00117925	0.001249	0.00165913	0.00169965	0.00149044	0.00239108	0.00153367	0.002707	0.00195572	0.0116579	0.0159897	0.00162926	0.00136855	0.859485	0.055939	0.0029479	0.00715719	0.00154748
48	0.00898467	0.014802	0.0296013	0.0525201	0.00148821	0.00582866	0.0495523	0.00912931	0.255679	0.0304802	0.00464032	0.0655276	0.00673732	0.0739262	0.277343	0.0357575	0.0285	0.0186859	0.00428198	0.0265345
49	0.0829056	0.0491339	0.115258	0.116891	0.0562996	0.0363248	0.109793	0.0194564	0.0242705	0.0442917	0.00823274	0.0945398	0.0057281	0.019724	0.0183665	0.0311593	0.0184153	0.0434448	0.00501879	0.100746
50	0.0480955	0.0139686	0.00353563	0.00601322	0.0488643	0.0165337	0.0102496	0.143829	0.00750731	0.193072	0.0881744	0.0169403	0.00267511	0.0099611	0.00890016	0.0935426	0.1008	0.17071	0.00382549	0.0128031
51	0.00945751	0.0229999	0.00340518	0.00424338	0.0049289	0.00507968	0.0051552	0.00781261	0.00454138	0.00895494	0.298332	0.00681241	0.00347871	0.00449282	0.00391845	0.21199	0.342275	0.0277781	0.00193037	0.0224138
52	0.375429	0.224957	0.00145588	0.0106022	0.00219167	0.080856	0.00235981	0.00503106	0.00178089	0.0051064	0.0164932	0.0140985	0.00120954	0.0041098	0.00210027	0.182223	0.049565	0.0102476	0.000957988	0.00922523
53	0.00474007	0.0111741	0.00050761	0.00244599	0.576862	0.000824664	0.00608613	0.0102944	0.000889756	0.0199263	0.0071722	0.00484288	0.000450574	0.000778813	0.000540959	0.0014357	0.00153627	0.00597442	0.00352806	0.339989
54	0.00315432	0.0186713	0.00117735	0.00127493	0.00172528	0.00185013	0.00146048	0.00239039	0.00167128	0.00274656	0.00247029	0.00988635	0.0202196	0.00174459	0.0014463	0.846326	0.0709981	0.00312132	0.00601298	0.001653
55	0.00382162	0.00152231	0.759376	0.0812514	0.00134382	0.00172935	0.0132577	0.00238253	0.00927779	0.018982	0.00176918	0.0582268	0.00178368	0.0123591	0.00874403	0.0114769	0.00251497	0.00809713	0.000647864	0.00143584
56	0.00603616	0.0150071	0.000507409	0.00310247	0.679855	0.000739594	0.00246891	0.0136141	0.000842134	0.0204598	0.00760696	0.00618103	0.000462133	0.000741004	0.000535407	0.0014086	0.00131137	0.00751312	0.00125577	0.230352
57	0.100108	0.0112145	0.00663099	0.0013703	0.0267478	0.0195426	0.0193904	0.0610219	0.00657332	0.0755728	0.0137759	0.00344567	0.44419	0.00241514	0.00155923	0.0642106	0.0417395	0.0821427	0.000934133	0.0174142
58	0.0256184	0.0211961	0.0214641	0.00352343	0.205272	0.00479574	0.00433973	0.059647	0.00451127	0.0534775	0.148928	0.0239397	0.117115	0.00816222	0.00357417	0.00968407	0.0291968	0.0917059	0.0751219	0.0887264
59	0.0672381	0.0426393	0.00268902	0.0223698	0.155951	0.014055	0.0213041	0.00975901	0.00353953	0.0736321	0.0402216	0.0269388	0.00199612	0.0131519	0.0116207	0.0181569	0.0371873	0.0290143	0.0341164	0.374419
60	0.139997	0.0156698	0.0540557	0.0307611	0.00251459	0.0112008	0.0317486	0.0133384	0.0157404	0.00773631	0.00465492	0.0515482	0.437157	0.0123409	0.00597121	0.141578	0.0130792	0.00545694	0.00306934	0.00238127
61	0.067693	0.00880054	0.0550873	0.00449722	0.0084851	0.00903375	0.00755556	0.147866	0.0271315	0.0428722	0.0752289	0.0822801	0.205698	0.00683658	0.00461785	0.0418612	0.0586513	0.135071	0.00276475	0.0079685
62	0.0069938	0.0173546	0.000515274	0.00358163	0.7296	0.000761607	0.000962239	0.0157746	0.000776807	0.0208071	0.00810925	0.00693952	0.000464879	0.000704789	0.000549462	0.00138089	0.00141489	0.00858395	0.000331628	0.174393
63	0.0215065	0.00982667	0.00864652	0.00368556	0.0699147	0.00694976	0.0065069	0.0757957	0.00554267	0.157052	0.152982	0.0121308	0.228148	0.0240662	0.00407092	0.0143088	0.0344138	0.0889666	0.0323024	0.0431832
64	0.023461	0.00432535	0.0199538	0.00442257	0.00180786	0.0864032	0.0785998	0.00493895	0.0305139	0.00701015	0.00241869	0.0937413	0.227804	0.0495575	0.0583239	0.189685	0.0926136	0.00582395	0.00854686	0.0100493
65	0.0368774	0.00198098	0.0163094	0.0341473	0.00818501	0.0118337	0.467263	0.00265565	0.0870789	0.00422574	0.00966792	0.103481	0.0152317	0.047815	0.0826448	0.0273449	0.016089	0.00926196	0.00772153	0.0101851
66	0.0199115	0.00396354	0.00231811	0.00162783	0.0878642	0.00252673	0.0100923	0.125604	0.00183075	0.25015	0.0825623	0.00270369	0.00135077	0.00216034	0.00180743	0.00531522	0.0126457	0.353295	0.00186157	0.0304091
67	0.0313439	0.0325104	0.00287011	0.0115429	0.100066	0.0172775	0.0515625	0.0610374	0.0203769	0.340655	0.0821412	0.0138415	0.00184108	0.0504061	0.0134004	0.0114385	0.0106211	0.0368802	0.0184727	0.0917145
68	0.06541	0.0043782	0.131993	0.236445	0.00204854	0.00127482	0.00773922	0.0106301	0.179727	0.00847449	0.00118026	0.0716093	0.000520252	0.157595	0.0663143	0.0256595	0.0186192	0.00265539	0.000318544	0.00740741
69	0.00429423	0.00184549	0.00116584	0.00144379	0.184218	0.00192419	0.0262896	0.00454319	0.00246533	0.0168547	0.0044046	0.00363756	0.00126683	0.00222315	0.0017968	0.00342229	0.00470316	0.00380285	0.0135571	0.716141
70	0.0302566	0.0336848	0.000882275	0.000793595	0.325139	0.00490091	0.016498	0.0707251	0.0062625	0.277592	0.0368904	0.0105425	0.000712841	0.00537787	0.00117102	0.00375773	0.0142917	0.0361114	0.0151663	0.109244
71	0.0161668	0.0205374	0.0304229	0.0883575	0.00305104	0.00724595	0.0551503	0.0119369	0.233675	0.0230895	0.00273383	0.059426	0.00414512	0.074648	0.229861	0.0486876	0.0417888	0.0231013	0.00540031	0.0205746
72	0.0826682	0.0267824	0.0736023	0.0677733	0.00278466	0.0155613	0.0029909	0.0165786	0.0140564	0.24639	0.0881202	0.0737862	0.00153659	0.0147294	0.0253262	0.221039	0.0166414	0.00575468	0.000976601	0.00290122
73	0.00214404	0.00130198	0.000620541	0.000727332	0.199368	0.00117477	0.0260849	0.00202659	0.000993635	0.0118914	0.00236983	0.00147773	0.000542175	0.000978709	0.000798119	0.00185577	0.00197941	0.00191576	0.0142567	0.727493
74	0.304351	0.115219	0.000885464	0.00105272	0.00512883	0.0114697	0.00482317	0.0468907	0.00509578	0.0318764	0.00583686	0.023186	0.00388774	0.00112544	0.00116827	0.0870381	0.0991243	0.249803	0.000449976	0.00158762
75	0.0641524	0.00438533	0.13375	0.237828	0.00216759	0.0014051	0.00749405	0.0108342	0.17804	0.00838405	0.00123699	0.0711711	0.00051776	0.157619	0.0659861	0.0258332	0.0190042	0.00274262	0.000315555	0.00713326
76	0.0366194	0.00187352	0.0156078	0.0361419	0.00907019	0.00964269	0.470412	0.00253371	0.093071	0.00360013	0.00807798	0.103789	0.0114304	0.0471756	0.084188	0.0242926	0.0173468	0.0100237	0.00657805	0.00852563
77	0.017696	0.0164182	0.00524797	0.00282665	0.268593	0.0247161	0.113485	0.0122649	0.0382956	0.0425756	0.0145069	0.0964905	0.00674279	0.0249548	0.0384064	0.019031	0.0183647	0.0100651	0.0109096	0.21841
78	0.00512066	0.00290735	0.170799	0.0424756	0.00324719	0.239383	0.0359432	0.00381722	0.142013	0.00460309	0.0114538	0.185891	0.00123855	0.0661979	0.0161357	0.0431446	0.00745427	0.0140025	0.00135441	0.00281868
79	0.0312335	0.00578109	0.0080625	0.00242029	0.0451155	0.00257458	0.00327834	0.246131	0.00160102	0.390641	0.0391631	0.00672903	0.00150283	0.00659333	0.00376794	0.0079942	0.012034	0.176128	0.00126037	0.00798865
80	0.0252891	0.0115998	0.00581235	0.0450352	0.0552469	0.00737417	0.0331494	0.0907039	0.0500721	0.246396	0.111935	0.0254789	0.00639723	0.0528789	0.0538811	0.0206348	0.0416864	0.0585059	0.0121048	0.0458189
81	0.00402703	0.00263047	0.0164157	0.033427	0.00211425	0.0100985	0.00220593	0.33235	0.0173004	0.058366	0.0101425	0.0226263	0.00232919	0.0144746	0.0195469	0.0111927	0.210321	0.227842	0.000677378	0.00191252
82	0.00925789	0.0184657	0.000593996	0.0036424	0.727624	0.00104481	0.00103127	0.0157475	0.000861794	0.0207569	0.00804077	0.0070127	0.000589361	0.000726172	0.000543585	0.00157327	0.00162842	0.0106314	0.000465489	0.169763
83	0.00767831	0.00173195	0.711722	0.0978313	0.00165994	0.00218787	0.0126178	0.00311593	0.0200299	0.0181905	0.00180561	0.0593114	0.0017712	0.0214029	0.0127834	0.0126445	0.00368263	0.00756599	0.000606462	0.00166084
84	0.444028	0.0188779	0.00222133	0.00287898	0.120354	0.138653	0.00290182	0.00573761	0.0160358	0.00643399	0.00378501	0.00460432	0.00197653	0.00296617	0.0175807	0.073963	0.00941002	0.0125561	0.00135418	0.113681
85	0.020793	0.00801927	0.000384749	0.000477354	0.00129619	0.00250031	0.00195123	0.22894	0.000445866	0.0403201	0.0136449	0.000787294	0.000276428	0.000522164	0.000435263	0.00262182	0.0150625	0.660085	0.000188794	0.00124706
86	0.0287417	0.0141888	0.00133468	0.00671164	0.0230643	0.00157768	0.00155684	0.177887	0.00137539	0.342895	0.300678	0.0021943	0.000751278	0.0254228	0.00154412	0.00334507	0.0124982	0.0522422	0.000633435	0.00135779
87	0.0184595	0.00987884	0.000493329	0.00064064	0.00213997	0.00217847	0.00276537	0.25649	0.000507131	0.0401516	0.01712	0.00100057	0.000360148	0.000605035	0.000471845	0.00345639	0.0174586	0.624147	0.000197168	0.00147835
88	0.412075	0.241295	0.00131197	0.00555818	0.00260899	0.0903047	0.00171485	0.0030764	0.00180871	0.00494716	0.0121284	0.009315	0.0012186	0.00197423	0.00148505	0.153389	0.0388372	0.00944881	0.000721025	0.00678179
89	0.0362706	0.0143138	0.00726559	0.00193578	0.00246831	0.00612886	0.00234757	0.0608936	0.00189018	0.00855559	0.0149412	0.0681398	0.00893393	0.00202399	0.00489233	0.177134	0.54059	0.038048	0.000968614	0.00225757
90	0.00874812	0.00153658	0.00327017	0.00485886	0.00199642	0.890445	0.00198724	0.00396976	0.00515113	0.00543046	0.00316975	0.013026	0.000789888	0.00323448	0.00315412	0.034332	0.00503094	0.00742713	0.000571936	0.0018703
91	0.030039	0.0151816	0.00648681	0.035299	0.0551033	0.005954	0.0288339	0.114357	0.039051	0.238673	0.113839	0.0207301	0.00497248	0.0463334	0.0442412	0.0321277	0.0397996	0.0731973	0.0113902	0.0443902
92	0.0124835	0.0093768	0.0177415	0.00440038	0.320864	0.00706003	0.064893	0.0145184	0.0111466	0.0890436	0.0122591	0.0473274	0.00496916	0.0349207	0.00601894	0.0382421	0.0334377	0.0139013	0.00540885	0.251986
93	0.0450667	0.0178986	0.031396	0.107943	0.00829796	0.0185443	0.0444877	0.010702	0.203842	0.00777648	0.00403346	0.0531621	0.00041094	0.0676858	0.152077	0.105886	0.0878856	0.0203976	0.00248756	0.0100199
94	0.00710076	0.0174405	0.000538752	0.0035956	0.729567	0.000782823	0.000955873	0.0157596	0.00079798	0.0208205	0.00808668	0.00698634	0.000481798	0.000744547	0.000603718	0.00145074	0.00140716	0.00871093	0.000331694	0.173837
95	0.026997	0.0122295	0.013572	0.0537236	0.00536972	0.0281098	0.00194081	0.00252583	0.438196	0.00323329	0.0230828	0.0114292	0.0215649	0.119721	0.14977	0.0185108	0.0609522	0.00653782	0.000775457	0.00175874
96	0.00357729	0.000640273	0.00387364	0.0027196	0.000750115	0.936346	0.00163208	0.00271561	0.00332964	0.0028246	0.00303093	0.0148085	0.000333216	0.00371864	0.00281138	0.0107634	0.00219731	0.00303003	0.000264682	0.0006333
97	0.0320476	0.0194168	0.0283615	0.109222	0.00587997	0.0134242	0.0471094	0.0110968	0.22125	0.0120276	0.00407351	0.0533939	0.00164137	0.073592	0.182008	0.0798998	0.0663273	0.0209453	0.00426394	0.0140199
98	0.0266253	0.0119097	0.0162775	0.0544321	0.00532513	0.0256073	0.00371035	0.00299367	0.437992	0.00397336	0.02459	0.0131817	0.018939	0.118223	0.150832	0.0191366	0.0557032	0.00717487	0.000848719	0.0025242
99	0.00659367	0.00349653	0.012906	0.00588027	0.00205369	0.00772913	0.0221838	0.00673723	0.22218	0.00720214	0.0057153	0.101451	0.00109935	0.0399524	0.37471	0.0565852	0.0897597	0.0198486	0.00325412	0.0106622
100	0.0205752	0.00802759	0.000385685	0.000456419	0.00127244	0.00244531	0.00196157	0.228658	0.000446577	0.0399926	0.0137239	0.000777156	0.000247076	0.000485725	0.000429511	0.00252965	0.0150647	0.661118	0.000192134	0.00121096
101	0.0512311	0.00251771	0.00262808	0.00167119	0.0272519	0.00219	0.00448307	0.0790212	0.001937	0.396096	0.0549086	0.00314269	0.0013916	0.00402696	0.00209223	0.00517675	0.00762643	0.342742	0.000838029	0.00902703
102	0.0205212	0.00805259	0.000389866	0.000473587	0.00158838	0.00252037	0.00195589	0.234503	0.000444242	0.0407465	0.014226	0.000843086	0.000260288	0.000499433	0.000423857	0.00265937	0.0149194	0.653498	0.000205687	0.00126945
103	0.0202817	0.00784252	0.00037014	0.000462388	0.00145235	0.00242792	0.00191522	0.231644	0.000441723	0.040332	0.0132916	0.000774382	0.000244839	0.000490388	0.000428492	0.00247981	0.0147745	0.658913	0.000186121	0.00124672
104	0.00357729	0.000640273	0.00387364	0.0027196	0.000750115	0.936346	0.00163208	0.00271561	0.00332964	0.0028246	0.00303093	0.0148085	0.000333216	0.00371864	0.00281138	0.0107634	0.00219731	0.00303003	0.000264682	0.0006333
105	0.0676008	0.0085625	0.00178391	0.00618697	0.0397887	0.0319918	0.00403678	0.165091	0.00792346	0.174699	0.0830525	0.00810918	0.00201114	0.00566507	0.00366883	0.0776174	0.0863025	0.216547	0.00334902	0.00601228
106	0.245641	0.0234116	0.00416809	0.00984454	0.0330601	0.162424	0.00734149	0.0149332	0.00977258	0.0431709	0.0133852	0.0140835	0.00335127	0.00662423	0.00518057	0.294087	0.0624072	0.0344579	0.00175513	0.0108997
107	0.0967025	0.0495295	0.00429024	0.0252033	0.117824	0.0138822	0.0361715	0.0514633	0.00528523	0.0446175	0.0397198	0.0808845	0.0433924	0.0163936	0.00634692	0.1779	0.0748011	0.0613626	0.00252027	0.0517089
108	0.00320247	0.0186288	0.00121484	0.00126447	0.00173202	0.00181489	0.00148947	0.00240961	0.00162131	0.00274722	0.00246252	0.00986815	0.0202	0.00176645	0.00144159	0.846189	0.0711891	0.00310747	0.00599897	0.00165183
109	0.649322	0.00654274	0.00112488	0.00138351	0.0192299	0.153201	0.00131211	0.00214826	0.00189785	0.00880805	0.00152279	0.00184528	0.000983218	0.00135025	0.00192947	0.0919875	0.025738	0.014498	0.000563184	0.0146129
110	0.263322	0.131367	0.0012156	0.00121626	0.00506077	0.0351552	0.0043795	0.0581953	0.00389294	0.0539847	0.00593218	0.0180761	0.00474559	0.0013037	0.0014055	0.0922779	0.079372	0.236689	0.000645593	0.00176309
111	0.0128791	0.00332133	0.574381	0.188083	0.00439323	0.00425643	0.00971187	0.00705366	0.0244434	0.0171369	0.00256793	0.057608	0.0015774	0.0442204	0.0122632	0.0160961	0.00879024	0.00816849	0.000638345	0.00241022
112	0.0335754	0.0104767	0.00242483	0.000704174	0.0734533	0.000888572	0.000674206	0.487787	0.000612785	0.135855	0.0397672	0.00334823	0.0017933	0.00093049	0.000550284	0.0069819	0.00312726	0.186219	0.000996855	0.0098331
113	0.366054	0.0421443	0.00109793	0.00149552	0.0153943	0.0346122	0.00717674	0.0219285	0.00197152	0.0436296	0.0152042	0.0101231	0.00131876	0.00398416	0.00141273	0.277372	0.0742935	0.0733343	0.000605745	0.00684742
114	0.23615	0.118612	0.00200697	0.0104663	0.00460899	0.0246247	0.00768891	0.0417201	0.00432411	0.0289796	0.0076197	0.0411401	0.00435664	0.00993245	0.00430484	0.137128	0.127749	0.181953	0.00138981	0.00524416
115	0.0429325	0.0590497	0.00381777	0.00717481	0.00992009	0.0100638	0.00733355	0.145428	0.00587958	0.150165	0.0341913	0.0112512	0.00340505	0.00890339	0.00578774	0.0364119	0.19072	0.260613	0.00180409	0.00514696
116	0.0145037	0.00764111	0.0029414	0.0039638	0.213278	0.0108086	0.05066	0.0354796	0.00914212	0.0657388	0.027067	0.0240114	0.00610816	0.00679381	0.00288123	0.0148655	0.0510352	0.0237886	0.0111835	0.418109
117	0.00376644	0.00136214	0.00213224	0.000725022	0.00188059	0.00109753	0.00505186	0.236019	0.000875016	0.583292	0.0376619	0.00937324	0.000581483	0.0112694	0.00464396	0.00196717	0.0084196	0.0884813	0.000405385	0.000995146
118	0.0829693	0.0181988	0.00232416	0.011126	0.0119945	0.0124029	0.00547438	0.183354	0.00318407	0.0987083	0.0308167	0.0233097	0.00569426	0.00874901	0.00340179	0.127361	0.0658335	0.286564	0.00162662	0.0169079
119	0.062296	0.0401944	0.00599565	0.00676594	0.00393497	0.061472	0.00573273	0.0848893	0.0152484	0.0321486	0.0244532	0.0470149	0.00545461	0.00713791	0.0195064	0.165071	0.379488	0.0255908	0.00186408	0.00574106
120	0.0303698	0.0122011	0.0252505	0.0745715	0.00599427	0.0263495	0.0563436	0.00777252	0.182288	0.00755077	0.00472586	0.0611359	0.00121617	0.0559309	0.237975	0.103361	0.0806635	0.0153953	0.00238974	0.00851521
121	0.0318027	0.0114883	0.0243862	0.0721586	0.00648569	0.0287932	0.0416076	0.00757147	0.177047	0.00677233	0.00504292	0.0590613	0.000654377	0.0543618	0.244799	0.114746	0.0895795	0.0147392	0.00170814	0.00719353
122	0.0076915	0.00271535	0.00174884	0.00224552	0.101445	0.0102419	0.028135	0.00459037	0.0021095	0.0458561	0.0193583	0.00360401	0.00111873	0.00189083	0.00198513	0.0048264	0.00513244	0.0197956	0.406773	0.328737
123	0.0140077	0.00624959	0.000418243	0.000523809	0.00866759	0.00142095	0.00148442	0.361857	0.000457396	0.0436642	0.00751522	0.000859095	0.000322744	0.000534734	0.000504991	0.00212731	0.0136847	0.533002	0.000232988	0.00246538
124	0.0336248	0.011473	0.00574291	0.000411908	0.148042	0.000561903	0.000943144	0.362512	0.00052263	0.15286	0.0465373	0.00175767	0.00204494	0.000626863	0.000505478	0.00824115	0.00392111	0.194028	0.0025548	0.0230885
125	0.02257	0.00419285	0.0187166	0.00411458	0.00180466	0.0879213	0.0775975	0.0049126	0.0301981	0.00689683	0.00251645	0.0940697	0.228114	0.0501979	0.0600748	0.189957	0.0908834	0.00580045	0.00903236	0.0104297
126	0.023721	0.00889041	0.0153475	0.0355763	0.00426028	0.0151893	0.0227527	0.00637203	0.22907	0.00885766	0.0128928	0.0651056	0.00471489	0.0634929	0.305664	0.0747397	0.0777236	0.0153874	0.00227098	0.00797142
127	0.036931	0.0166809	0.00648837	0.0221117	0.0601972	0.00707806	0.0257216	0.138183	0.026999	0.23001	0.106169	0.0188619	0.00420962	0.0317427	0.0350989	0.0429041	0.0491029	0.0947291	0.0102937	0.0364878
128	0.0627001	0.0163655	0.116699	0.0641257	0.0244687	0.102008	0.0976108	0.00444148	0.0779047	0.020671	0.00563206	0.120851	0.00750018	0.0619402	0.0548429	0.0701714	0.0275827	0.0109714	0.0109423	0.0425713
129	0.0089605	0.00371557	0.0160062	0.00961477	0.00310489	0.787206	0.00686423	0.0142203	0.0191693	0.0159077	0.00562354	0.0419411	0.00346338	0.0073325	0.00611414	0.0307277	0.00802669	0.00724031	0.0015231	0.0032377
130	0.0275751	0.0141174	0.00769181	0.043647	0.056313	0.00538138	0.0258687	0.109073	0.0434739	0.234466	0.121532	0.0190871	0.00418019	0.0512952	0.0499501	0.0231471	0.0327312	0.0670066	0.016549	0.0469143
131	0.0791169	0.0125227	0.00681034	0.00248147	0.0293311	0.0178899	0.0157616	0.0445237	0.0061855	0.0604963	0.0124598	0.00470012	0.520407	0.00344931	0.0025094	0.0437456	0.0324459	0.0900663	0.00168996	0.0134068
132	0.0439868	0.00461989	0.00231499	0.00225241	0.129427	0.0204947	0.0134692	0.171682	0.00425107	0.153711	0.0617433	0.013841	0.00198261	0.0041358	0.0126942	0.0472576	0.0628349	0.133588	0.0595029	0.0562106
133	0.00383766	0.00150363	0.755833	0.082037	0.00137723	0.00161073	0.0137109	0.00252312	0.00919655	0.019541	0.0018524	0.0590885	0.00186219	0.0128903	0.00878953	0.0112663	0.00238514	0.00850566	0.000647412	0.00154168
134	0.0407039	0.0249792	0.0120923	0.0129538	0.0558864	0.00614368	0.0277301	0.140218	0.0156938	0.223445	0.118934	0.0159938	0.00420332	0.0286439	0.0251961	0.0566889	0.0521602	0.103858	0.00505812	0.029417
135	0.0840751	0.0104279	0.00142533	0.00864169	0.0250557	0.0154129	0.0015678	0.175581	0.00411141	0.165346	0.0909393	0.00601215	0.00174089	0.0044345	0.00136222	0.0559743	0.11293	0.232034	0.000736641	0.00219108
136	0.0333529	0.0114946	0.00452402	0.000361016	0.131418	0.000511381	0.00077404	0.3945	0.000499037	0.147201	0.0444065	0.00202635	0.00241015	0.000598697	0.000487543	0.00820496	0.00328659	0.192595	0.00205519	0.019293
137	0.0409488	0.033245	0.00280735	0.0254858	0.0215624	0.0537714	0.0216009	0.0174048	0.00552233	0.00666311	0.00460174	0.18697	0.00214412	0.0168326	0.0329555	0.38022	0.135894	0.00614397	0.00124831	0.00397805
138	0.0386295	0.00708421	0.365252	0.106571	0.00286909	0.0604522	0.0437589	0.0149765	0.0181355	0.00988087	0.00178312	0.112866	0.0209503	0.0244169	0.0270376	0.118102	0.0146662	0.0067778	0.00144882	0.0043405
139	0.0246245	0.0144917	0.135333	0.508998	0.0242077	0.0154067	0.00372075	0.018668	0.0117842	0.0199916	0.00449727	0.0549135	0.00125748	0.0390451	0.00558159	0.0374707	0.0422175	0.0240374	0.0009022	0.0128515
140	0.0299882	0.0123886	0.00467819	0.000771427	0.147754	0.00130849	0.00232608	0.335171	0.00106833	0.177759	0.0419129	0.00292558	0.0021049	0.0013788	0.00105647	0.00780721	0.00490106	0.176754	0.00356636	0.0443792
141	0.105081	0.0108269	0.00667025	0.000853852	0.0266303	0.0202903	0.0199716	0.0614371	0.0060257	0.0735182	0.0128271	0.00269574	0.450607	0.00168608	0.000906235	0.0609133	0.0401259	0.0819863	0.000834475	0.0161128
142	0.0380675	0.133129	0.021257	0.0092752	0.00389281	0.0206525	0.0534424	0.0197014	0.130104	0.0927535	0.0195262	0.0365618	0.00240945	0.0830462	0.217299	0.0722097	0.0130906	0.0132815	0.00168414	0.0186164
143	0.0338783	0.00537814	0.0027257	0.000937144	0.0562655	0.00146329	0.00343919	0.245316	0.0010894	0.28691	0.0570881	0.00274601	0.0012902	0.0027901	0.00139491	0.00545082	0.00650823	0.272366	0.000965885	0.0119971
144	0.0330369	0.0177577	0.00681477	0.03083	0.0524812	0.00547502	0.0246005	0.131444	0.0324474	0.236834	0.114334	0.0192745	0.00443476	0.0397175	0.0402531	0.0375832	0.0420232	0.0827791	0.00978234	0.0380964
145	0.140774	0.122249	0.0109203	0.0423947	0.0024332	0.0148846	0.0157765	0.0348143	0.0127019	0.0384885	0.0167595	0.0837935	0.00148608	0.0517859	0.0190133	0.203361	0.145717	0.0208019	0.00319552	0.0186494
146	0.0171181	0.00509378	0.0908712	0.0303728	0.00674983	0.456989	0.0409137	0.00427036	0.0775404	0.0072196	0.00673618	0.106302	0.00679282	0.0440173	0.0217238	0.0367864	0.0177467	0.00918221	0.00269405	0.0108804
147	0.103183	0.00709566	0.0184243	0.056985	0.0183775	0.0241143	0.023145	0.0122833	0.163355	0.0274589	0.0200558	0.0336244	0.00128082	0.0301497	0.156138	0.148516	0.120278	0.0226275	0.00097076	0.0119363
148	0.00818404	0.00290863	0.00049025	0.000596696	0.0159653	0.00079866	0.000788389	0.50731	0.000601911	0.0453614	0.00440082	0.00120798	0.000395315	0.000666298	0.000588535	0.00167483	0.00817566	0.397547	0.000240536	0.00209776
149	0.00845248	0.0327201	0.0168553	0.0255913	0.00342987	0.00413425	0.0575725	0.021061	0.227571	0.0456512	0.00431188	0.0476054	0.00386271	0.0454014	0.311905	0.0276916	0.0552123	0.0419187	0.00392067	0.0151305
150	0.0541713	0.0253573	0.0457573	0.0158944	0.00324875	0.121221	0.0277192	0.0178635	0.0463548	0.0190116	0.00315846	0.0508695	0.138579	0.0279595	0.0283608	0.191794	0.158327	0.0158505	0.00331948	0.00518187
151	0.0449436	0.00844444	0.264011	0.112767	0.00244065	0.0817001	0.0503672	0.0194378	0.0182647	0.00844076	0.00163435	0.145326	0.0165649	0.0275424	0.0268736	0.145693	0.0163169	0.00443508	0.0012671	0.00352917
152	0.00985367	0.00619931	0.00462571	0.0320444	0.00346266	0.0197409	0.00345861	0.469888	0.00483243	0.114033	0.00499755	0.0448666	0.0140468	0.0174755	0.00846744	0.0110196	0.0419317	0.184729	0.00117091	0.00315634
153	0.0455063	0.0182044	0.0309451	0.108692	0.00842132	0.0184503	0.0445405	0.0103095	0.204239	0.00784252	0.00406546	0.0516438	0.000362485	0.0680948	0.153357	0.10607	0.0869492	0.0198109	0.00249142	0.0100025
154	0.0464631	0.0183802	0.0304603	0.10744	0.00862807	0.0186974	0.0442528	0.0101295	0.203861	0.00833683	0.00421077	0.0507732	0.000405452	0.0675473	0.154333	0.10691	0.0871965	0.0196385	0.00244265	0.00989338
155	0.0327452	0.0104824	0.00350555	0.000425156	0.10599	0.000603135	0.000693131	0.44165	0.000520957	0.143129	0.042127	0.00266649	0.00193071	0.000697821	0.000472838	0.00741362	0.00276114	0.185507	0.0015538	0.0151246
156	0.00576213	0.00206673	0.000511419	0.000589305	0.0150809	0.000773215	0.000767936	0.501704	0.000586451	0.034917	0.00105735	0.000975012	0.000379566	0.000661306	0.000616232	0.00137959	0.00728328	0.422832	0.000237983	0.00181801
157	0.00569814	0.0020648	0.000511422	0.000590155	0.0150054	0.00077311	0.000768039	0.501528	0.000586116	0.0347828	0.00100718	0.000967064	0.000379895	0.000653528	0.000616092	0.00137413	0.0073102	0.423333	0.000236969	0.00181411
158	0.0365405	0.0324893	0.000652856	0.000940676	0.375658	0.00263506	0.0136593	0.0590529	0.00748895	0.226608	0.0377528	0.0152402	0.000656862	0.00193069	0.000905891	0.00262624	0.0188025	0.0387419	0.0221971	0.10542
159	0.399847	0.249161	0.0012588	0.00585501	0.00216435	0.0904526	0.00166953	0.00343138	0.0017857	0.00436421	0.0128031	0.00983055	0.00117261	0.00196377	0.00145268	0.15682	0.0394942	0.00889381	0.000785098	0.0067947
160	0.0331317	0.0155647	0.0268092	0.00523427	0.00579123	0.0112871	0.00664026	0.0501238	0.00761258	0.0134833	0.0164661	0.0781907	0.010117	0.00710713	0.0091267	0.161061	0.481201	0.0538284	0.00213248	0.00509181
161	0.00357729	0.000640273	0.00387364	0.0027196	0.000750115	0.936346	0.00163208	0.00271561	0.00332964	0.0028246	0.00303093	0.0148085	0.000333216	0.00371864	0.00281138	0.0107634	0.00219731	0.00303003	0.000264682	0.0006333
162	0.00263651	0.00354008	0.000611285	0.00113766	0.285276	0.00103463	0.0211877	0.0038729	0.000973742	0.0132654	0.00332803	0.00208293	0.000492989	0.000881084	0.000718344	0.00172369	0.00176251	0.00274371	0.0117948	0.640936
163	0.0639218	0.0172191	0.126586	0.0713198	0.0179421	0.0801906	0.0862723	0.0056992	0.0899305	0.0160113	0.00369017	0.109027	0.00790829	0.0603216	0.0663756	0.0847914	0.0405762	0.011562	0.00754064	0.0331147
164	0.0347265	0.0311596	0.00068671	0.000744911	0.371966	0.00263121	0.0140766	0.0627411	0.00714437	0.229049	0.0361816	0.0149594	0.000733648	0.00216022	0.000891933	0.00270453	0.0178288	0.0398329	0.0213637	0.108418
165	0.0955126	0.00897447	0.0457709	0.0293646	0.00215765	0.0120753	0.0433238	0.00595381	0.0243413	0.00821039	0.00403624	0.0592714	0.447523	0.0158906	0.00845107	0.166222	0.0152328	0.00340284	0.00282608	0.00145949
166	0.00725393	0.0178034	0.000515968	0.00364225	0.73054	0.000778026	0.000967891	0.0159689	0.00076451	0.0206021	0.00824543	0.00686979	0.000461309	0.000715093	0.000546771	0.00140488	0.00147172	0.00874502	0.000331081	0.172372
167	0.0336886	0.0115164	0.00578899	0.0004425	0.147833	0.000602477	0.00111519	0.361642	0.000568832	0.153111	0.0467901	0.00180854	0.00206773	0.000665324	0.000552342	0.00849508	0.00426793	0.193382	0.00259318	0.0230693
168	0.0533496	0.0218543	0.076649	0.0951732	0.0308922	0.0193017	0.00805116	0.0255944	0.0608771	0.0536844	0.00646904	0.0573768	0.156545	0.0417324	0.060721	0.0783386	0.0715794	0.053268	0.00483475	0.0237073
169	0.0624816	0.0165453	0.00244237	0.00617901	0.01838	0.00499359	0.00410804	0.159015	0.00322551	0.358301	0.180645	0.0054381	0.001414	0.0150542	0.00404544	0.0167216	0.0502005	0.085855	0.000938261	0.00401665
170	0.00203538	0.0010686	0.000633951	0.000694432	0.193096	0.00117713	0.0263077	0.00182038	0.000990588	0.0117867	0.00235822	0.00138682	0.000544658	0.000995299	0.000794185	0.00186209	0.00195822	0.00183285	0.0143939	0.734262
171	0.00424866	0.0140817	0.0385588	0.0635912	0.00118283	0.00212351	0.0487263	0.00784636	0.282098	0.0399141	0.00219708	0.0627694	0.00902584	0.0746995	0.265094	0.0235548	0.0158757	0.0162908	0.00384464	0.0242763
172	0.0225497	0.0290595	0.00215613	0.00206023	0.178008	0.0450527	0.154458	0.00343443	0.0435376	0.0333491	0.0203628	0.148575	0.00116484	0.0345896	0.0785054	0.0171724	0.0133484	0.00419207	0.0199354	0.148489
173	0.0195348	0.00973448	0.000512817	0.000531242	0.00137284	0.00230839	0.0026293	0.238951	0.000515745	0.0393512	0.019325	0.000885645	0.000299016	0.000581996	0.000484088	0.00327446	0.0183701	0.639716	0.000201299	0.00141988
174	0.0331588	0.0144659	0.00263043	0.00152013	0.263456	0.00898939	0.00999367	0.125826	0.00443573	0.156021	0.0503504	0.0145134	0.00908161	0.00241943	0.00517047	0.0182643	0.0344179	0.0885725	0.0691106	0.0876027
175	0.120631	0.0132073	0.0347606	0.0219279	0.00223283	0.0195715	0.0387269	0.00724468	0.0155376	0.00728091	0.00623898	0.0550265	0.453442	0.0153822	0.00600459	0.154285	0.0176463	0.00436289	0.00460078	0.00188878
176	0.104919	0.0108807	0.00663681	0.000855797	0.0265433	0.0200674	0.0199003	0.0613353	0.00602657	0.0733708	0.0128159	0.00266657	0.451594	0.00167711	0.000920127	0.0607376	0.040204	0.0822185	0.000804701	0.0158257
177	0.0646403	0.016995	0.132129	0.0677579	0.0206597	0.0890232	0.09528	0.00525896	0.0778851	0.0182158	0.0039366	0.11726	0.00920624	0.0594309	0.0560593	0.0757658	0.0314803	0.0115675	0.00901208	0.0384367
178	0.0317296	0.0192995	0.00654095	0.0294806	0.056259	0.00748894	0.0283955	0.120979	0.0295295	0.239527	0.109577	0.0198371	0.00608734	0.0383237	0.0372365	0.042003	0.0455767	0.0854952	0.00861465	0.0380195
179	0.0258414	0.00504015	0.0188075	0.00717797	0.00453698	0.0424919	0.223394	0.00547033	0.119344	0.0201141	0.00504001	0.0539707	0.156224	0.0559036	0.149012	0.0609948	0.0174327	0.00707716	0.00353236	0.0185943
180	0.0972844	0.00917032	0.0458341	0.0294787	0.0021659	0.0109542	0.0431071	0.00605082	0.0242593	0.00827106	0.00411982	0.0586755	0.45059	0.0155335	0.00796301	0.165	0.013995	0.00336937	0.0027661	0.00141196
181	0.039781	0.0336838	0.00250638	0.0243867	0.0225202	0.0531534	0.0245193	0.0149998	0.00418583	0.00624735	0.0044515	0.189156	0.00250279	0.0137709	0.0287047	0.373416	0.150852	0.00606037	0.00132336	0.00377807
182	0.0248679	0.0119318	0.00126272	0.00572588	0.0228769	0.00146256	0.00194957	0.195765	0.00135774	0.371095	0.259176	0.00261144	0.000763658	0.0230146	0.00148578	0.003148	0.0113659	0.0580402	0.000623907	0.00147521
183	0.631948	0.00988331	0.00119565	0.00124167	0.0286205	0.145734	0.00115737	0.00210577	0.00347399	0.00764273	0.00146351	0.00189603	0.000889262	0.00132317	0.00341562	0.0851397	0.0239681	0.0205025	0.000548151	0.0278512
184	0.0325595	0.0130857	0.00526761	0.000446521	0.154078	0.00069295	0.000984446	0.357982	0.000559086	0.147647	0.0462714	0.00177176	0.00208962	0.000664769	0.000542258	0.008075	0.00381532	0.198492	0.00235419	0.0226206
185	0.0330659	0.01019	0.00251111	0.000503306	0.0754226	0.000791358	0.000633187	0.487892	0.000620572	0.135559	0.040387	0.00325715	0.00160965	0.000811368	0.00050025	0.00695872	0.00313468	0.184942	0.00104746	0.0101638
186	0.00923765	0.00147809	0.00321319	0.00540681	0.00201417	0.887312	0.0015544	0.00390538	0.0052083	0.00588302	0.00313332	0.013176	0.000832282	0.00310674	0.00298865	0.0375284	0.00563133	0.00598414	0.000502271	0.00190426
187	0.0299104	0.0449311	0.00154628	0.00182859	0.215965	0.0196407	0.046224	0.0601572	0.00720834	0.293558	0.0606373	0.00939487	0.00104633	0.0277355	0.0016788	0.0117698	0.00939987	0.0253248	0.0125486	0.119494
188	0.088999	0.019488	0.00101161	0.0188473	0.00748396	0.0172399	0.00129259	0.197342	0.00205926	0.134269	0.0498007	0.0119097	0.00433114	0.0116913	0.00118126	0.0476413	0.057761	0.32386	0.000473189	0.00331786
189	0.229459	0.0310831	0.00122794	0.00155647	0.0294738	0.0173905	0.0132979	0.0439497	0.00192762	0.0658342	0.0384716	0.0157305	0.00253852	0.00253164	0.00156808	0.288548	0.0828949	0.119737	0.000686355	0.0120935
190	0.0251248	0.00598581	0.244947	0.510733	0.00906287	0.00812287	0.00347686	0.0104258	0.0142468	0.0174038	0.00414653	0.0302647	0.0010165	0.0541354	0.00676286	0.0219658	0.0191807	0.00882513	0.000555283	0.00361829
