349	20
1	0.0337367	0.0081987	0.403316	0.140448	0.00350666	0.0109759	0.0321177	0.00776934	0.0614741	0.0133476	0.00585929	0.135396	0.00445664	0.0302942	0.054415	0.0247	0.014691	0.0096739	0.00125879	0.00436492
2	0.0668173	0.00972742	0.00284236	0.0048705	0.00869711	0.00517032	0.00151711	0.220546	0.00258012	0.197926	0.0196612	0.00668343	0.00116629	0.00317781	0.00191089	0.0278653	0.0283178	0.384987	0.000948821	0.00458803
3	0.0303448	0.00723321	0.000845954	0.00114127	0.00275736	0.00131097	0.000690956	0.369008	0.00245838	0.202942	0.0423716	0.00286092	0.00131293	0.00136912	0.00131063	0.0072051	0.0171954	0.301893	0.00018952	0.00555919
4	0.0111678	0.00968843	0.000643542	0.00103278	0.002305	0.000790874	0.00115015	0.439695	0.00367658	0.0494074	0.0152767	0.000912195	0.00449184	0.00087244	0.00334244	0.00447486	0.0054139	0.442726	0.00077216	0.00215965
5	0.0114328	0.00968199	0.000600542	0.00100064	0.00220184	0.000715825	0.00107128	0.437351	0.00371067	0.0528101	0.016022	0.000822638	0.00439705	0.000826519	0.00333385	0.00432877	0.00571722	0.441055	0.000718314	0.00220162
6	0.015614	0.000538428	0.000847416	0.000724927	0.000491493	0.960433	0.00116608	0.00078229	0.00170457	0.00195828	0.000744551	0.00203233	0.00128708	0.000897568	0.000562312	0.00690241	0.00139133	0.000973572	0.000274268	0.000674356
7	0.260841	0.0164402	0.00147609	0.00163645	0.0031653	0.508636	0.00140649	0.00195587	0.00201823	0.0028639	0.00287112	0.01021	0.00863138	0.00475902	0.00186809	0.12289	0.0388635	0.0028529	0.00196325	0.00465175
8	0.0158182	0.00053279	0.000993192	0.00078686	0.000637128	0.958773	0.00118253	0.000695334	0.00153543	0.00193309	0.000610202	0.00244675	0.00140462	0.00101619	0.000597822	0.00738827	0.00147999	0.000934047	0.000373928	0.000860596
9	0.149343	0.00616969	0.00979331	0.00957474	0.00800168	0.280239	0.00696175	0.235645	0.0119944	0.122698	0.0551496	0.011077	0.00530098	0.0115877	0.00921	0.0158755	0.0169492	0.0190817	0.00408473	0.0112627
10	0.654708	0.0147323	0.00511297	0.000870441	0.00695021	0.0842423	0.000460223	0.00534936	0.000690395	0.00112109	0.00162569	0.00489671	0.00354551	0.00596929	0.00250371	0.169373	0.0229819	0.0137941	0.000286035	0.000786955
11	0.0136585	0.000373021	0.000704328	0.000689394	0.000452325	0.965019	0.000960722	0.000636417	0.00159812	0.00186871	0.000620834	0.00167126	0.00124018	0.000792872	0.000544829	0.00620163	0.0011511	0.000900215	0.000266811	0.0006494
12	0.0120057	0.0502941	0.00392493	0.0253333	0.00316834	0.0157397	0.00799593	0.0248242	0.00693532	0.478939	0.171886	0.00495789	0.00737154	0.0531863	0.0149852	0.0484836	0.0383409	0.0252272	0.00201568	0.00438443
13	0.0656301	0.00687502	0.00818265	0.00939761	0.00859106	0.0105954	0.0084555	0.0137931	0.0100909	0.0203175	0.235565	0.010131	0.00587896	0.0530318	0.162734	0.162478	0.0585213	0.0567653	0.00380288	0.0891618
14	0.650908	0.0466451	0.00309682	0.000551949	0.00228504	0.0354299	0.000605445	0.0236735	0.000514979	0.00838112	0.00812412	0.00217754	0.000833588	0.0019318	0.00157747	0.0970966	0.0320268	0.0804506	0.000225703	0.00346403
15	0.641145	0.017969	0.00487859	0.00107349	0.00653564	0.08757	0.000554863	0.00634296	0.00103834	0.00216674	0.00229533	0.00551464	0.00387496	0.00588785	0.0026586	0.166299	0.024572	0.0180702	0.000406891	0.00114598
16	0.0299319	0.0051404	0.00245041	0.00511798	0.0236626	0.00264159	0.0058511	0.243565	0.00229653	0.350835	0.0856185	0.00871557	0.00145873	0.00949324	0.00791956	0.00859805	0.024529	0.171365	0.00401695	0.0067931
17	0.242922	0.00214706	0.0166825	0.313836	0.00438016	0.026884	0.00545676	0.00998347	0.0466987	0.0063847	0.00527461	0.0393144	0.00436614	0.0910715	0.0241265	0.0590588	0.0255668	0.0468121	0.012814	0.0162196
18	0.252767	0.0400966	0.000517602	0.000659206	0.0260455	0.0167445	0.0022373	0.108413	0.00235218	0.118302	0.0548524	0.00162207	0.000493633	0.000770604	0.00582265	0.0248838	0.0900638	0.249086	0.000441528	0.00382942
19	0.381849	0.0120858	0.0152802	0.00789802	0.00266301	0.0566088	0.023879	0.0131441	0.0975771	0.0174714	0.0333242	0.0165362	0.00656843	0.057816	0.0582592	0.104367	0.02987	0.0418553	0.00211703	0.0208301
20	0.0393712	0.00857178	0.00153002	0.00188808	0.00331386	0.00220296	0.00105154	0.329595	0.00234362	0.230404	0.0364346	0.0053038	0.000888422	0.00241104	0.001536	0.0131032	0.0161843	0.298074	0.000231144	0.00556132
21	0.0242758	0.00734732	0.000445235	0.000489439	0.00177268	0.000544307	0.000501816	0.391027	0.00239599	0.172197	0.0445961	0.00160883	0.00168812	0.000933115	0.00133153	0.0042854	0.0165243	0.322107	0.000178505	0.00575038
22	0.119186	0.0254641	0.00218319	0.0192994	0.0018665	0.0153751	0.00172809	0.00745768	0.00187709	0.00450769	0.00746039	0.0119497	0.00165222	0.00223191	0.00219409	0.140986	0.61846	0.013023	0.000934632	0.00216341
23	0.0373187	0.00628778	0.0139976	0.05882	0.0237801	0.0101224	0.0138325	0.16705	0.080797	0.269581	0.0315846	0.0134992	0.00626808	0.0223586	0.0531805	0.0227497	0.0357304	0.0912276	0.00704878	0.0347654
24	0.0229737	0.0102633	0.00194978	0.0140326	0.00992884	0.00368723	0.00653187	0.134437	0.0131261	0.105371	0.0339542	0.0029815	0.00072321	0.00252338	0.00533135	0.0470323	0.121902	0.45546	0.00073529	0.00705613
25	0.0295324	0.00612137	0.00460925	0.00470362	0.167582	0.00613844	0.246926	0.00601314	0.0198668	0.0775629	0.0633231	0.0242035	0.0854975	0.115223	0.00780702	0.0458808	0.00773342	0.00763031	0.00203591	0.0716101
26	0.17654	0.017643	0.00393069	0.0097301	0.00323387	0.0450898	0.00378202	0.0631674	0.00558435	0.0460605	0.0225042	0.00398139	0.467871	0.00628081	0.00533066	0.00854176	0.0237272	0.0757459	0.00198772	0.00926748
27	0.0465097	0.00853987	0.0116997	0.0300639	0.0255208	0.0052636	0.0210314	0.105514	0.0394986	0.223361	0.0577296	0.0180325	0.0126678	0.044946	0.0545269	0.0343917	0.0804831	0.121273	0.014464	0.0444824
28	0.0791362	0.00749658	0.0155253	0.0452208	0.011939	0.0208566	0.0163663	0.0126943	0.089859	0.0285685	0.0185512	0.0227524	0.00666254	0.0602938	0.474426	0.0232847	0.0254108	0.0235855	0.00213137	0.015239
29	0.175643	0.118017	0.00904029	0.00708891	0.00816147	0.0309893	0.00683258	0.0121933	0.00896374	0.0188697	0.0104416	0.205283	0.0494098	0.0153707	0.00962568	0.237675	0.0273868	0.0164812	0.00317141	0.0293566
30	0.129776	0.0114963	0.0291352	0.0355467	0.0265438	0.031549	0.183023	0.0171348	0.0324013	0.0394595	0.0244251	0.138292	0.0136822	0.130649	0.0311143	0.0345528	0.0350652	0.0243772	0.00667103	0.0251056
31	0.034275	0.00706661	0.00536419	0.00733077	0.00182747	0.00476762	0.002079	0.0165649	0.00220077	0.00493904	0.00470212	0.0173483	0.00118565	0.00222022	0.00307283	0.263153	0.606505	0.0122325	0.00103997	0.00212498
32	0.298428	0.108444	0.00303881	0.00250443	0.0195315	0.033042	0.00238429	0.0459538	0.00308619	0.045645	0.0190109	0.0179969	0.00293667	0.00321752	0.00357275	0.10769	0.0586409	0.215546	0.00188882	0.00744199
33	0.53481	0.0814255	0.003914	0.00182261	0.00328676	0.0303353	0.00164381	0.020962	0.00170663	0.0108157	0.0303794	0.00737543	0.00208357	0.00297625	0.00256218	0.130439	0.0313625	0.0951765	0.00108833	0.00583484
34	0.177626	0.00158638	0.0357921	0.3352	0.00482456	0.0255171	0.00730411	0.010981	0.0973553	0.00497391	0.00514638	0.0286645	0.0077374	0.115631	0.0254436	0.0449639	0.0228429	0.0349538	0.00476765	0.0086886
35	0.01401	0.000363501	0.000878802	0.000500287	0.000469077	0.965964	0.00054163	0.000671857	0.00145487	0.00179739	0.000594446	0.00113231	0.00125842	0.000793813	0.00053142	0.00612037	0.00102347	0.000889104	0.000338651	0.00066676
36	0.0162457	0.000468245	0.000740527	0.000684946	0.000602269	0.95777	0.000723489	0.000743054	0.00253595	0.00193624	0.000875156	0.00146741	0.00150113	0.00141088	0.00138369	0.00705002	0.00158641	0.00120096	0.000281107	0.000792719
37	0.24086	0.0324253	0.0012593	0.0014786	0.0266729	0.0148026	0.00264839	0.128213	0.00290785	0.105908	0.0900192	0.00224201	0.000922163	0.00220175	0.00543368	0.0279436	0.0866973	0.221733	0.000943617	0.00468803
38	0.360908	0.0428111	0.00651279	0.00346149	0.00588008	0.162113	0.00453976	0.00627941	0.00635122	0.00592911	0.00783658	0.106579	0.00921858	0.0260629	0.00582971	0.187391	0.0282254	0.0114471	0.002038	0.0105862
39	0.581062	0.0106965	0.00397375	0.00105161	0.00534655	0.210873	0.000720572	0.00447076	0.00116919	0.00177701	0.00170993	0.00411627	0.00410037	0.00481592	0.00216085	0.12555	0.023667	0.0106761	0.000529891	0.00153295
40	0.512325	0.0723669	0.00285974	0.00155625	0.00418155	0.0234489	0.00130545	0.0221416	0.00145125	0.0118476	0.00991502	0.00609347	0.00118809	0.00247869	0.00225991	0.123617	0.037389	0.149819	0.000991076	0.0127643
41	0.0123899	0.00811762	0.00102012	0.00166627	0.0380198	0.002487	0.00162809	0.15447	0.000631892	0.551783	0.0685324	0.00164592	0.000437708	0.00239007	0.00151798	0.00507331	0.0308194	0.11077	0.00254619	0.00405414
42	0.0670189	0.00993178	0.0177819	0.0418899	0.0244874	0.00495767	0.0260287	0.0788539	0.0509711	0.201705	0.0422771	0.0204891	0.00852159	0.062331	0.0456834	0.0446906	0.0786702	0.102467	0.00880389	0.0624402
43	0.0455996	0.00886412	0.0185302	0.0139013	0.0567112	0.0219061	0.3725	0.0252566	0.0235246	0.068054	0.0815046	0.0379788	0.0320976	0.0592495	0.0171247	0.0280019	0.025653	0.0287873	0.00530631	0.0294489
44	0.201491	0.00313825	0.00766486	0.0495741	0.085133	0.0110242	0.0049731	0.152677	0.0266031	0.0269946	0.0114225	0.0113858	0.00269867	0.00772155	0.00577058	0.0501717	0.143167	0.143257	0.00631486	0.048818
45	0.118849	0.00743051	0.0248008	0.0348033	0.110004	0.0118704	0.0706886	0.00416336	0.00818383	0.0564926	0.0185608	0.0406226	0.00185848	0.0960912	0.00283604	0.00540062	0.00590989	0.0158232	0.0562787	0.309333
46	0.0180499	0.00788311	0.554621	0.113012	0.0027637	0.0106874	0.0267155	0.00546704	0.0232877	0.00755133	0.00291849	0.15029	0.00328733	0.0158644	0.0178829	0.0189534	0.0110095	0.00608386	0.00113216	0.00253892
47	0.0849541	0.0163581	0.034022	0.0764882	0.00857792	0.0206078	0.008742	0.017616	0.0234942	0.019938	0.0131375	0.0263071	0.011361	0.0193769	0.0301968	0.0948972	0.454904	0.0252997	0.00322728	0.010494
48	0.0236252	0.00698198	0.000472669	0.00053795	0.00199973	0.000477174	0.000557936	0.400107	0.0023361	0.163311	0.0457708	0.00140159	0.00193639	0.000937436	0.00128317	0.00390062	0.0176432	0.320258	0.000250442	0.00621198
49	0.17811	0.00606499	0.0239102	0.0360614	0.00215811	0.0598223	0.030127	0.0116485	0.236844	0.0102999	0.00934556	0.0666225	0.00319752	0.0193015	0.0734012	0.13289	0.0372546	0.0484604	0.00118339	0.0132967
50	0.20978	0.0124973	0.00180476	0.00141778	0.00321584	0.611185	0.00146345	0.00266546	0.0023542	0.00305464	0.00278407	0.0110534	0.00604964	0.00505172	0.00180523	0.0857818	0.0263773	0.00465598	0.00209116	0.00491198
51	0.287432	0.0207597	0.00142096	0.00149764	0.00231333	0.461864	0.00118158	0.00195286	0.00177823	0.00273744	0.00299722	0.00829837	0.00993822	0.00353936	0.00168492	0.136881	0.0469106	0.00299661	0.00112518	0.00269026
52	0.267968	0.00747988	0.179051	0.0379186	0.00993139	0.0223841	0.0602942	0.0142932	0.038853	0.0261201	0.0159464	0.0214233	0.0164381	0.0258613	0.109667	0.0336378	0.0233236	0.0644307	0.00751342	0.0174651
53	0.0175771	0.00625274	0.0178799	0.0031884	0.396012	0.0321985	0.00603417	0.00454599	0.0157752	0.0287194	0.0101726	0.00596958	0.00215868	0.00614801	0.00303329	0.00701824	0.00523892	0.0134191	0.15927	0.259388
54	0.049041	0.00722186	0.00750207	0.0261875	0.0223363	0.0228263	0.00599059	0.204062	0.00993387	0.293143	0.0413911	0.00766728	0.00346123	0.00883241	0.0136473	0.0209111	0.0344855	0.204267	0.00534108	0.0117515
55	0.601905	0.065793	0.00279029	0.000653633	0.00184966	0.0381757	0.000762385	0.026786	0.00067976	0.0110233	0.0107987	0.00286123	0.000560474	0.00135221	0.00134515	0.0861749	0.032631	0.109334	0.000277805	0.00424601
56	0.0184017	0.01564	0.460578	0.144563	0.00368998	0.00659864	0.0587201	0.00441538	0.0312948	0.0126035	0.00287695	0.143129	0.00433586	0.0188782	0.0318838	0.0201855	0.00583665	0.00635709	0.00262589	0.00738623
57	0.129358	0.00300905	0.078629	0.252078	0.0176425	0.0261057	0.0206172	0.0127525	0.106812	0.0241479	0.011922	0.0366837	0.0111428	0.0883664	0.0696675	0.0310185	0.027832	0.0362307	0.00493912	0.0110459
58	0.138181	0.000647772	0.0695795	0.274748	0.00665725	0.0349794	0.0103211	0.00992063	0.143022	0.00471678	0.00592665	0.0266437	0.0152259	0.0922445	0.0348598	0.0364019	0.0342109	0.0519847	0.00125823	0.00847042
59	0.323112	0.0495249	0.00154721	0.00183706	0.022276	0.0142438	0.00457454	0.0860858	0.00299903	0.0722088	0.0426091	0.0040056	0.00225245	0.00561659	0.010416	0.0275278	0.0521486	0.26983	0.00198432	0.00520037
60	0.30456	0.0161872	0.00414454	0.00577752	0.0170754	0.00872143	0.00496296	0.189549	0.00554283	0.0281655	0.0152886	0.00653839	0.00467247	0.00641938	0.00641109	0.0131189	0.0208795	0.328059	0.00427442	0.00965183
61	0.120467	0.00195987	0.0987749	0.179115	0.0166414	0.0215206	0.0592394	0.00666798	0.0791454	0.0618597	0.0199676	0.0762134	0.00864794	0.0493487	0.0851087	0.0351011	0.0179721	0.027866	0.0176246	0.0167594
62	0.0615948	0.00919365	0.0137947	0.0365268	0.03323	0.0051073	0.0271912	0.0922875	0.0453617	0.201058	0.041758	0.0185288	0.00861428	0.0561821	0.0511892	0.0365312	0.0751412	0.106257	0.00944288	0.0710095
63	0.0389086	0.00232189	0.00278067	0.00311089	0.241802	0.00384544	0.00301892	0.00643747	0.00334263	0.468929	0.0477859	0.00351263	0.0053443	0.0172295	0.00301531	0.0188942	0.00530564	0.0450074	0.00214432	0.0772632
64	0.420306	0.22207	0.00177539	0.00164066	0.00312728	0.0159052	0.00148882	0.0104965	0.00155976	0.0116506	0.00554072	0.0111088	0.00117664	0.00204344	0.00205319	0.0750323	0.0517159	0.155696	0.00121008	0.00440198
65	0.629113	0.0590391	0.00280721	0.000553703	0.00116073	0.0289748	0.000730208	0.0285602	0.000552077	0.0108478	0.0109172	0.00196305	0.000372437	0.00115019	0.00123816	0.0837339	0.0325685	0.101196	0.00024294	0.00427852
66	0.150756	0.0106659	0.00910493	0.0301225	0.00439529	0.0854898	0.00411966	0.053994	0.00563341	0.0256089	0.0148504	0.00610801	0.451326	0.00727124	0.00605378	0.0152376	0.058857	0.0317916	0.00197414	0.0266395
67	0.0994805	0.000956112	0.0712999	0.227814	0.00285629	0.027127	0.0162341	0.0222575	0.152621	0.00991767	0.0122925	0.0455904	0.0113713	0.0841243	0.113964	0.0290813	0.033032	0.0276016	0.00068976	0.0116893
68	0.170195	0.0035179	0.0347604	0.19219	0.00890106	0.0364075	0.00591045	0.0911466	0.0266401	0.0111426	0.0270252	0.0108644	0.00500558	0.0610307	0.0298777	0.0393651	0.0868184	0.147939	0.00306046	0.00820193
69	0.0178979	0.00749869	0.0004686	0.00153746	0.00206783	0.000815641	0.000538952	0.38793	0.0028993	0.120899	0.0359136	0.00104514	0.00251024	0.000935901	0.00169474	0.006261	0.0222221	0.382095	0.000243599	0.00452471
70	0.0357278	0.00253765	0.0193049	0.00356091	0.14565	0.00394566	0.00219926	0.135636	0.00351855	0.207492	0.0932375	0.0118267	0.00236712	0.0307689	0.0536885	0.00491807	0.00548415	0.00646098	0.1628	0.0688754
71	0.0422408	0.00407139	0.0233266	0.0207158	0.00737654	0.589014	0.0224595	0.0182111	0.0468281	0.0621157	0.0200789	0.0370895	0.00595927	0.0154833	0.0210989	0.0225212	0.0151104	0.0144314	0.00250252	0.00936475
72	0.236158	0.0388722	0.000704665	0.000952962	0.0244698	0.0155772	0.00240475	0.107896	0.00268746	0.116621	0.0651776	0.00178761	0.000580381	0.00108213	0.00562908	0.0254044	0.0931726	0.256604	0.000502333	0.0037149
73	0.0954113	0.0285306	0.00855803	0.0173454	0.00941443	0.0121032	0.00735526	0.0233876	0.0357041	0.146133	0.0175212	0.0147316	0.299056	0.0446784	0.012375	0.0898346	0.0676356	0.0521732	0.00397379	0.0140777
74	0.030433	0.00534161	0.0177081	0.00546779	0.270539	0.0179253	0.00705103	0.0463916	0.0107421	0.102791	0.0360716	0.00991207	0.00354856	0.018797	0.0190367	0.00890722	0.00912611	0.013187	0.224083	0.14294
75	0.087318	0.00415349	0.0670629	0.0108515	0.00424373	0.00890233	0.0274214	0.00772441	0.00715749	0.0120411	0.00910083	0.145389	0.00431695	0.0108874	0.00673402	0.35943	0.200943	0.0140045	0.00248633	0.00983189
76	0.045112	0.00930278	0.0192581	0.0266114	0.00957106	0.0116209	0.0147744	0.0251816	0.0518411	0.0687378	0.018164	0.017294	0.00624793	0.0252756	0.410299	0.0347389	0.142512	0.0437863	0.00305853	0.0166128
77	0.0575992	0.00293305	0.0381564	0.0695309	0.0033077	0.0287258	0.030459	0.00926716	0.223447	0.0355759	0.0185434	0.0485758	0.00253935	0.0183867	0.142868	0.0641098	0.15512	0.0181655	0.00137857	0.0313106
78	0.0240045	0.00715314	0.00185003	0.00178463	0.00512016	0.00083341	0.00275515	0.44066	0.00233247	0.136273	0.0462924	0.00134815	0.00409656	0.00245416	0.00195024	0.00366176	0.0154059	0.291755	0.00230622	0.00796347
79	0.322051	0.00381429	0.0638031	0.00486442	0.00380529	0.0295997	0.0412033	0.00561336	0.00611463	0.0566768	0.0452351	0.125628	0.00244924	0.043442	0.00595491	0.100022	0.0855038	0.00864747	0.00178024	0.0437916
80	0.225719	0.0070014	0.00968671	0.0137644	0.00889677	0.0130088	0.010806	0.0145361	0.0179411	0.109938	0.0151544	0.0115099	0.00907513	0.204547	0.0840558	0.0599905	0.0557058	0.111708	0.00398378	0.0129715
81	0.0198898	0.0105244	0.00561603	0.0059989	0.00643955	0.00545885	0.00648506	0.00601776	0.0346028	0.0128857	0.00610441	0.00628303	0.00135048	0.0111708	0.794059	0.0120353	0.0300387	0.0170181	0.00120459	0.00681647
82	0.19497	0.00364388	0.0646536	0.0202492	0.00358155	0.00845619	0.00458067	0.0069485	0.0495259	0.0465993	0.0239234	0.0868178	0.225292	0.0172451	0.110199	0.0553501	0.0337201	0.0134144	0.00379139	0.027038
83	0.0297893	0.00482144	0.00373673	0.00444375	0.173929	0.00525802	0.00639478	0.0727191	0.00409037	0.415419	0.0784361	0.00558914	0.00920257	0.0149472	0.00930225	0.0151845	0.0147776	0.0614334	0.0150135	0.0555124
84	0.0175442	0.000410941	0.000721292	0.000898535	0.000608264	0.95909	0.000765059	0.000823782	0.00140833	0.00193702	0.000643368	0.00154976	0.00139718	0.000877322	0.000600924	0.00701426	0.00164512	0.00108682	0.000291927	0.000685671
85	0.305571	0.0111806	0.00223799	0.00165556	0.00289884	0.523322	0.0015497	0.00523805	0.00244905	0.00441758	0.00307933	0.00601822	0.00578673	0.00434752	0.0021584	0.080335	0.0260411	0.00765753	0.00123035	0.002825
86	0.109098	0.00628444	0.00865778	0.00914743	0.0135085	0.00832717	0.0743093	0.0198878	0.0110207	0.107474	0.116116	0.0129931	0.0137958	0.227391	0.0128032	0.0299255	0.123967	0.0335344	0.0035723	0.0581857
87	0.132845	0.00144449	0.0690308	0.10106	0.00174335	0.0140961	0.00665474	0.0100345	0.153215	0.0178502	0.00656428	0.0454648	0.182755	0.0619689	0.0928241	0.0333911	0.0277881	0.0198638	0.0112606	0.0101455
88	0.0213292	0.0102147	0.00612338	0.00671853	0.00563502	0.00674658	0.00627442	0.00559502	0.0327007	0.0131919	0.0068274	0.00677891	0.00262819	0.0112138	0.785297	0.0151794	0.0330189	0.017259	0.00111969	0.00614802
89	0.119027	0.0261713	0.00193796	0.0181875	0.00172137	0.0153683	0.0016004	0.0079275	0.00186552	0.00462185	0.00715409	0.0108716	0.00159438	0.00213073	0.00214651	0.126574	0.634412	0.013616	0.000875216	0.0021969
90	0.161169	0.166459	0.00730176	0.00906086	0.0103345	0.0111013	0.00919184	0.01323	0.00956843	0.0173296	0.0112269	0.0467373	0.00478744	0.0120713	0.0488203	0.0224087	0.100654	0.210735	0.0418698	0.0859439
91	0.0135396	0.006415	0.00514985	0.00241645	0.472527	0.00764409	0.0076578	0.00217984	0.00438179	0.0284266	0.0141328	0.00319417	0.000841638	0.00339474	0.00163685	0.00305551	0.00237886	0.00881876	0.0740122	0.338197
92	0.630996	0.0575728	0.00286426	0.000578087	0.00131425	0.0290685	0.000748359	0.0287868	0.000570482	0.0105841	0.0104491	0.00199234	0.000413532	0.00125113	0.00131085	0.0851683	0.0330569	0.0988852	0.00024137	0.00414787
93	0.409755	0.00813015	0.0106397	0.00651419	0.00397806	0.0768132	0.0148877	0.0106218	0.0966996	0.0122192	0.0234131	0.0144821	0.00383341	0.0735152	0.0315464	0.12708	0.0204206	0.025684	0.00210126	0.0276656
94	0.258344	0.010958	0.241024	0.0715033	0.0112554	0.0341319	0.0272403	0.0206093	0.0304165	0.024518	0.0164287	0.0407669	0.0148055	0.0293568	0.0352281	0.0464908	0.0285699	0.0365175	0.00530041	0.0165347
95	0.069098	0.00519919	0.00500049	0.0298706	0.0368157	0.0230623	0.0232645	0.0169749	0.153105	0.039773	0.023114	0.0198276	0.00160842	0.0369088	0.409804	0.0268567	0.0187248	0.0302638	0.000722595	0.0300056
96	0.101198	0.0111646	0.00354124	0.00747541	0.0078792	0.00880898	0.00471065	0.0631919	0.0045012	0.0354878	0.0277305	0.0093873	0.00408334	0.004438	0.00393951	0.13216	0.455811	0.105278	0.00285717	0.00635582
97	0.0151247	0.000405562	0.00106286	0.000973928	0.000779031	0.95844	0.00129036	0.00076162	0.00170672	0.00204407	0.000662829	0.00287895	0.00150165	0.00113007	0.000608221	0.0070312	0.00107136	0.00111163	0.000400577	0.00101482
98	0.0496931	0.00490144	0.00671779	0.00470346	0.146174	0.0068674	0.273008	0.00693876	0.0282029	0.119137	0.0650233	0.0164167	0.0602825	0.124149	0.00677531	0.0283253	0.0101628	0.00678527	0.00240438	0.0333318
99	0.178549	0.0751362	0.00278204	0.010838	0.0937336	0.00247489	0.0486328	0.0232188	0.033357	0.00738871	0.0250226	0.0166862	0.00103681	0.0479719	0.00531149	0.0761086	0.157159	0.0466857	0.0125908	0.135317
100	0.0212853	0.00226689	0.00100576	0.00862125	0.0207228	0.00210037	0.00205916	0.210755	0.00122964	0.408924	0.166435	0.00730182	0.000570861	0.0149706	0.00714392	0.00503506	0.0178106	0.0958506	0.000750978	0.00516051
101	0.0180868	0.0141507	0.00215407	0.0112241	0.0118473	0.0049799	0.00351262	0.114191	0.0029512	0.42416	0.200778	0.00743134	0.00267218	0.0318224	0.0112317	0.0164063	0.03396	0.080729	0.00125932	0.00645235
102	0.0202071	0.0268217	0.00621402	0.0057268	0.180481	0.00656995	0.190004	0.00722517	0.0564426	0.0255299	0.0187929	0.0106452	0.019243	0.228975	0.0285687	0.0409455	0.00888323	0.00972311	0.00269952	0.106302
103	0.216767	0.0238749	0.00394287	0.0251768	0.00367205	0.0339033	0.00318935	0.00874425	0.00464411	0.00695375	0.0091617	0.0183877	0.00305431	0.00465219	0.00425324	0.117685	0.481483	0.0250395	0.00148737	0.00392838
104	0.0105312	0.0129708	0.00112719	0.00290114	0.0308068	0.00222545	0.00168463	0.131308	0.000924816	0.559416	0.0854824	0.00218154	0.000563862	0.00700674	0.00250686	0.00680793	0.0322002	0.103654	0.00202087	0.00367967
105	0.0843882	0.00788207	0.0240151	0.01452	0.211057	0.021309	0.0337826	0.0103555	0.00776915	0.0613962	0.0184681	0.0313618	0.00365269	0.0505891	0.00263484	0.0185292	0.00852837	0.026708	0.081054	0.281999
106	0.249486	0.0413487	0.000561544	0.000689255	0.0280277	0.0156669	0.00212231	0.10325	0.00217666	0.115936	0.0548851	0.00153504	0.000761778	0.00079611	0.00570888	0.0228493	0.0826808	0.267065	0.000664125	0.00378902
107	0.0192583	0.00694202	0.00231778	0.00493264	0.0432553	0.00336406	0.00294444	0.145891	0.00182413	0.464565	0.0610937	0.00253807	0.00219445	0.0041203	0.00711949	0.0103838	0.0560269	0.14403	0.0100586	0.00714007
108	0.0897288	0.00193716	0.136729	0.111332	0.00413657	0.0283568	0.0119812	0.00958008	0.0874072	0.0120551	0.00590108	0.0956621	0.00415921	0.0390971	0.0937513	0.163552	0.0687582	0.0279533	0.00193538	0.00598656
109	0.0103188	0.00776593	0.000865417	0.00145619	0.0371084	0.00234273	0.00146502	0.158693	0.000705787	0.564273	0.072745	0.00161769	0.000297504	0.00241983	0.00122536	0.00394286	0.0246892	0.102842	0.00174824	0.003478
110	0.0699708	0.00838124	0.00611053	0.00951376	0.0145023	0.00919164	0.00179633	0.23809	0.00246276	0.273889	0.0288558	0.00919747	0.00121943	0.00397174	0.0036037	0.0275424	0.0234429	0.25985	0.00293768	0.00546965
111	0.0223022	0.0171336	0.00524097	0.0113081	0.00890369	0.00424247	0.0778854	0.0954955	0.0502917	0.122564	0.0496901	0.0185404	0.00350515	0.0139465	0.0370922	0.0284896	0.117868	0.269778	0.00415437	0.0415671
112	0.090159	0.0196096	0.00955611	0.0636481	0.0249337	0.0160295	0.0304068	0.0367635	0.102378	0.101428	0.0394358	0.0175301	0.00468914	0.0778481	0.127538	0.0559043	0.0583302	0.06617	0.00259707	0.0550442
113	0.0283483	0.0016941	0.000583362	0.000639031	0.00102426	0.93088	0.00049216	0.000855308	0.00157223	0.00191724	0.000969021	0.00319901	0.00166257	0.00179705	0.000906806	0.0160103	0.00347108	0.00109621	0.00091929	0.00196284
114	0.1617	0.0423872	0.00145359	0.00150777	0.046973	0.0100088	0.00159164	0.0928602	0.00196202	0.113311	0.0335393	0.00188105	0.00416411	0.00133092	0.00321238	0.00942186	0.0223369	0.439343	0.0041324	0.00688274
115	0.0239089	0.00668434	0.00210013	0.0144868	0.0145431	0.00526751	0.0028989	0.151259	0.00844164	0.124086	0.0255108	0.00197194	0.00086427	0.00267903	0.00364634	0.044047	0.11967	0.441004	0.00120437	0.00572591
116	0.243951	0.0385261	0.000576424	0.000975491	0.0263467	0.0166931	0.00221741	0.110643	0.00239267	0.122381	0.0533972	0.00167725	0.000540244	0.000799965	0.00575115	0.0245071	0.088126	0.255896	0.000633881	0.00396745
117	0.0241544	0.00213827	0.0118551	0.00310426	0.149967	0.00339956	0.00222446	0.151675	0.00350917	0.220132	0.101174	0.0163158	0.00225971	0.0195304	0.0694798	0.00463657	0.00518164	0.00629629	0.103799	0.0991682
118	0.00867701	0.0136785	0.491576	0.122837	0.00450717	0.00453559	0.0481982	0.00327785	0.029443	0.0132518	0.0019508	0.177117	0.00215494	0.0194334	0.0263343	0.0224333	0.00489888	0.00306174	0.000825795	0.00180853
119	0.0153277	0.0051507	0.00137057	0.0110947	0.017997	0.00278647	0.00336888	0.178664	0.00182747	0.402526	0.178554	0.00984179	0.001893	0.0243915	0.0140619	0.00653977	0.0240561	0.0934743	0.00159918	0.00547508
120	0.64519	0.0180085	0.00504403	0.000894935	0.00699841	0.0757589	0.000467567	0.00780546	0.000694285	0.00186175	0.00231058	0.00541171	0.00336964	0.0061913	0.0030249	0.168586	0.0253997	0.0216844	0.000300684	0.00099722
121	0.090817	0.0142298	0.00233733	0.00763635	0.0222769	0.0120262	0.00223115	0.171076	0.00377525	0.183381	0.0284428	0.00317912	0.0011219	0.00243013	0.00445492	0.0250342	0.0799598	0.337452	0.00214273	0.00599445
122	0.0238262	0.00748293	0.000415895	0.000466093	0.00176816	0.000484966	0.000476417	0.394795	0.00238517	0.169543	0.0457983	0.0014618	0.00172204	0.000867438	0.00133594	0.00393901	0.0169912	0.320189	0.000174257	0.00587721
123	0.0102015	0.00717337	0.000889245	0.00175794	0.0369181	0.00225183	0.00170744	0.164424	0.000625036	0.553736	0.0790509	0.00209059	0.000320111	0.00318578	0.001645	0.00366394	0.023245	0.101833	0.00168432	0.00359705
124	0.455984	0.18815	0.00276561	0.00199897	0.00304306	0.0211272	0.00189283	0.0144475	0.00181616	0.0116235	0.00752538	0.0220118	0.00422977	0.00261306	0.00258543	0.0900011	0.0410875	0.119213	0.00133366	0.00655125
125	0.258267	0.0235884	0.00318146	0.0109969	0.00310095	0.0850831	0.00153414	0.00604891	0.00210239	0.00468384	0.0111568	0.0111183	0.00606312	0.00424275	0.00252183	0.16161	0.387449	0.01392	0.000942263	0.00238918
126	0.016025	0.000574152	0.00115748	0.00136423	0.000565452	0.956757	0.00129951	0.000700168	0.00168809	0.00198328	0.000729035	0.00279295	0.00129403	0.00101657	0.000633058	0.00744222	0.00133732	0.00132518	0.000338851	0.00097603
127	0.0160859	0.000464962	0.00104474	0.000804618	0.000464333	0.960635	0.0010319	0.000655902	0.00155414	0.00180925	0.000629971	0.00220901	0.00127208	0.000826188	0.000541046	0.00670448	0.00130601	0.00102954	0.00027591	0.000654876
128	0.102867	0.019461	0.015372	0.00220265	0.10704	0.0670257	0.0151108	0.0285039	0.00260764	0.0673375	0.053663	0.0331406	0.018843	0.00562292	0.00212435	0.0928288	0.023897	0.0353796	0.053318	0.253654
129	0.353336	0.0384845	0.00278125	0.00182675	0.00349118	0.286766	0.0010998	0.00320695	0.00186376	0.00276339	0.00349542	0.0125222	0.0125538	0.00527004	0.00224707	0.196116	0.0611895	0.00875858	0.000521342	0.00170678
130	0.0692553	0.00411311	0.00873673	0.0242209	0.0187017	0.0302304	0.0229758	0.0146283	0.179787	0.0410396	0.0312674	0.0306687	0.00148398	0.0527115	0.401706	0.0149691	0.0164871	0.0177056	0.000709046	0.0186028
131	0.0414809	0.00644648	0.00159414	0.00207701	0.00414914	0.0022966	0.00115819	0.353793	0.00242074	0.228795	0.0460154	0.00455119	0.00104705	0.0018385	0.00150015	0.0105728	0.0192698	0.265343	0.000232089	0.00541915
132	0.01121	0.00644174	0.00499599	0.00173334	0.475489	0.00794688	0.0066498	0.00189688	0.00453392	0.0288755	0.0130077	0.00240906	0.000798415	0.00231701	0.00149389	0.00243784	0.00219161	0.00808155	0.0792488	0.338241
133	0.0385023	0.00491726	0.0117578	0.00526375	0.00198464	0.00366107	0.00589956	0.0112407	0.0022825	0.00432286	0.00333187	0.0550581	0.00214827	0.00241515	0.00268268	0.351976	0.47333	0.0152505	0.00115777	0.00281816
134	0.027865	0.006211	0.00550276	0.00597766	0.00232506	0.00333826	0.00226494	0.0180095	0.00221261	0.0051217	0.00494914	0.0177576	0.00134279	0.00233624	0.00305279	0.276357	0.599512	0.0122182	0.000979788	0.00266574
135	0.0795491	0.0107738	0.0837211	0.0175088	0.0147042	0.0688541	0.0186319	0.0176671	0.020734	0.0318267	0.0747529	0.221537	0.00753289	0.0231264	0.0165096	0.0471106	0.138325	0.0257682	0.00629272	0.075074
136	0.641293	0.0145063	0.00598514	0.00105838	0.00704454	0.0839179	0.000632292	0.00555988	0.000801736	0.00127987	0.00164591	0.00544937	0.00531271	0.00618193	0.00272717	0.177223	0.0234353	0.0147568	0.000363586	0.000825254
137	0.0459855	0.00551701	0.00691286	0.00538464	0.080903	0.0285677	0.0542165	0.124792	0.0124667	0.100795	0.0152249	0.0368682	0.0048525	0.0211128	0.0129465	0.0343517	0.0576467	0.114736	0.0579306	0.17879
138	0.0395455	0.00402263	0.156326	0.0601552	0.00707731	0.0145654	0.00905164	0.0114465	0.0236696	0.0112624	0.00647738	0.0540644	0.00324019	0.0162392	0.0532812	0.203066	0.297921	0.0196429	0.00227125	0.00667434
139	0.122759	0.00798606	0.00882308	0.00823774	0.00353302	0.668082	0.00341658	0.00848475	0.00362486	0.00805154	0.0042649	0.00604433	0.0539078	0.00352122	0.00313853	0.0490165	0.0230146	0.00824097	0.00136026	0.00449181
140	0.0819146	0.00508763	0.173938	0.0674202	0.0431709	0.0434875	0.0097512	0.0816771	0.0211387	0.0195231	0.0108581	0.0621123	0.00591605	0.0187806	0.0190333	0.107505	0.140273	0.0692655	0.00531631	0.0138313
141	0.242064	0.0365013	0.0014256	0.00174093	0.0246984	0.0311537	0.00253409	0.111702	0.00256826	0.118402	0.0571145	0.00285582	0.00289116	0.00205159	0.00621788	0.0245047	0.0870363	0.238972	0.0010144	0.00455148
142	0.0542126	0.0106938	0.0142362	0.0317874	0.0271575	0.00481297	0.0272414	0.0933519	0.0395197	0.220842	0.0580412	0.0158585	0.0108574	0.0633283	0.0412037	0.0364538	0.074479	0.111163	0.0102814	0.0544775
143	0.654282	0.0144471	0.00544302	0.000890267	0.00723944	0.0817614	0.000459531	0.00541016	0.000712547	0.00101406	0.00153131	0.00512552	0.00363674	0.00619273	0.00270777	0.171808	0.0226218	0.0136603	0.000308138	0.000748141
144	0.105346	0.00282699	0.00240462	0.00569595	0.00509432	0.00627391	0.00218911	0.205267	0.00372448	0.272874	0.237105	0.00466648	0.00153371	0.0204981	0.00468553	0.0318717	0.0218646	0.0474977	0.00142718	0.0171539
145	0.615019	0.0556457	0.00268678	0.000566804	0.00200278	0.0286918	0.000700359	0.0323279	0.000697743	0.0159644	0.012844	0.00172806	0.000407513	0.00106638	0.00144772	0.0808681	0.0355589	0.107161	0.000257713	0.00435757
146	0.0404797	0.00228897	0.00290959	0.0031334	0.244079	0.00383616	0.00306497	0.00400052	0.00335954	0.466235	0.0460089	0.00355527	0.00520219	0.0176918	0.00315633	0.0195756	0.00518073	0.0449029	0.00216749	0.0791724
147	0.0801429	0.00185387	0.0553917	0.145082	0.00237231	0.0285011	0.0252541	0.0321161	0.143519	0.0220583	0.023498	0.0602342	0.00812593	0.0700928	0.201356	0.0344214	0.0345744	0.0172232	0.000993448	0.01319
148	0.216234	0.00235261	0.0514419	0.0694114	0.0019546	0.0272515	0.00755212	0.0086965	0.112456	0.0149803	0.00768678	0.029004	0.159791	0.0586959	0.0803311	0.0480209	0.0410532	0.043021	0.00721812	0.0128477
149	0.0199392	0.00817597	0.00144024	0.0026657	0.0371088	0.00491279	0.00161171	0.157865	0.00133414	0.536455	0.0718345	0.00209612	0.0005388	0.00299381	0.00292071	0.00553111	0.0274279	0.108366	0.00232352	0.00445857
150	0.100805	0.0150292	0.0273814	0.142659	0.013838	0.0283953	0.0226954	0.0183471	0.125904	0.0399264	0.0352912	0.0285241	0.00510674	0.0855335	0.164748	0.0535809	0.0306146	0.0357591	0.0019884	0.0238728
151	0.0284844	0.00778051	0.406347	0.0635063	0.00435415	0.0960019	0.0288738	0.00909707	0.0215182	0.0126178	0.0100467	0.209466	0.00496659	0.0153707	0.0139623	0.0220202	0.0240504	0.0111124	0.00207234	0.00835223
152	0.12335	0.0312617	0.00407709	0.00777253	0.00633206	0.0273705	0.00364912	0.0812206	0.00538991	0.0749406	0.16044	0.00488158	0.363617	0.00672382	0.00525879	0.0088032	0.0336117	0.0408418	0.00244206	0.00801502
153	0.0838559	0.00363756	0.10538	0.451573	0.00708275	0.0224471	0.0202145	0.0133347	0.0491748	0.0182048	0.0116477	0.036528	0.0113017	0.0399189	0.0346575	0.0227721	0.0259686	0.0249588	0.00500949	0.0123325
154	0.108814	0.0113639	0.0114719	0.0128497	0.130367	0.0163557	0.0108487	0.0226618	0.0128791	0.0316427	0.475994	0.0149754	0.0121661	0.0162195	0.0135354	0.0228638	0.0249663	0.0259414	0.00570818	0.0183755
155	0.00951682	0.00830916	0.00696485	0.0123127	0.0568793	0.00204763	0.0253521	0.363991	0.0180673	0.103564	0.0400556	0.00181193	0.00998873	0.0079498	0.0238159	0.00492015	0.00902382	0.252911	0.0267142	0.015804
156	0.0938315	0.0137128	0.0288638	0.0523039	0.035574	0.0300795	0.0481326	0.0291741	0.0491472	0.0600249	0.0348142	0.0367483	0.0302283	0.243171	0.047573	0.0391544	0.0421082	0.0398438	0.00821273	0.0373018
157	0.0182395	0.00643941	0.00919669	0.002562	0.421929	0.0158191	0.00841124	0.00541992	0.00755805	0.0332689	0.0133755	0.00594177	0.00155355	0.00629994	0.00229649	0.00765973	0.00489885	0.016439	0.101635	0.311056
158	0.0416333	0.00799572	0.0282627	0.0215626	0.0507653	0.0217067	0.372831	0.0260393	0.030517	0.108775	0.036397	0.0287828	0.0407552	0.0522646	0.0189395	0.0216473	0.0203119	0.0251199	0.00934196	0.0363513
159	0.0976461	0.0120656	0.0135871	0.029171	0.00742678	0.0295375	0.00696992	0.0363509	0.0160658	0.0707819	0.0200286	0.0110427	0.493563	0.0269341	0.00937545	0.0259455	0.0416623	0.0366904	0.00377538	0.0113807
160	0.0569197	0.0103874	0.0103825	0.0105279	0.00376025	0.00943269	0.00330221	0.0178162	0.00412551	0.00821032	0.00696206	0.0168279	0.00248985	0.00491107	0.0074787	0.210999	0.589927	0.0193426	0.00154189	0.00465514
161	0.287601	0.0317399	0.00163619	0.00245534	0.00188286	0.400027	0.00125837	0.00258133	0.00205996	0.00316657	0.00345916	0.00942348	0.0148537	0.0034291	0.00188102	0.146684	0.0788461	0.00435536	0.000822779	0.00183759
162	0.0117108	0.00754936	0.000940111	0.0038556	0.0300411	0.0021869	0.00182798	0.158496	0.000987861	0.509195	0.110545	0.0038582	0.000519422	0.008254	0.00391296	0.00478345	0.0302361	0.104812	0.00187694	0.00441065
163	0.307774	0.00411953	0.0262156	0.0481757	0.00508622	0.0364977	0.0406287	0.00824636	0.0592716	0.0370388	0.0111292	0.0115429	0.0766975	0.022985	0.0958008	0.0459377	0.0207802	0.0728377	0.0247186	0.044516
164	0.0423459	0.00917604	0.00218097	0.00806183	0.0227457	0.00468113	0.00727127	0.251754	0.00870915	0.142021	0.0415089	0.00283545	0.00216742	0.00307397	0.00817051	0.0203783	0.0715385	0.332778	0.00491734	0.0136839
165	0.0478696	0.00937885	0.00966529	0.012572	0.0392751	0.0095411	0.0188071	0.0307804	0.0125728	0.352295	0.0573422	0.0109325	0.221561	0.0265634	0.015275	0.0326058	0.0244225	0.0320954	0.0123552	0.0240901
166	0.0305167	0.00444563	0.00116036	0.00298939	0.0113681	0.00118662	0.00163607	0.353544	0.00185324	0.244117	0.0966632	0.00367915	0.00141471	0.00542972	0.00283003	0.00527606	0.0220474	0.202799	0.000626914	0.00641683
167	0.0243185	0.00554027	0.00454209	0.00523058	0.00167146	0.00285214	0.00197293	0.018558	0.00194656	0.00495816	0.00434643	0.0153114	0.00114667	0.00180936	0.00268295	0.271345	0.617376	0.0115889	0.000780796	0.00202271
168	0.0839812	0.00571837	0.110681	0.458715	0.00765262	0.0291639	0.0198875	0.0132377	0.0441788	0.0162608	0.0110892	0.0384355	0.0112477	0.0369941	0.0293032	0.020673	0.0236527	0.021993	0.00481647	0.0123186
169	0.572826	0.0102891	0.00362934	0.0010898	0.00464428	0.240159	0.000747383	0.00517163	0.00144911	0.00178838	0.0018359	0.00340592	0.00314316	0.00441937	0.00201381	0.108757	0.0191168	0.0132094	0.000636957	0.00166705
170	0.443058	0.202136	0.00177997	0.00151643	0.00303375	0.016832	0.00135358	0.0120462	0.00134425	0.0124683	0.00601769	0.00999765	0.00107102	0.0019181	0.00185311	0.0768659	0.0463722	0.154993	0.000993629	0.00434853
171	0.0205539	0.0100797	0.0071412	0.00914316	0.00630502	0.00583749	0.00677764	0.00454366	0.0359845	0.0123163	0.00615601	0.00772927	0.00288045	0.012133	0.786078	0.0127718	0.0299072	0.0158704	0.00117309	0.0066182
172	0.394305	0.0105441	0.00271934	0.00153416	0.00337327	0.441112	0.000976363	0.0052591	0.00169991	0.00322424	0.002964	0.00406003	0.00437655	0.00394726	0.00199541	0.0805083	0.021445	0.0123727	0.000962384	0.00262148
173	0.0693187	0.00551623	0.257489	0.372663	0.00349735	0.0169464	0.0563869	0.00472113	0.0325229	0.0128414	0.00410467	0.0548081	0.00846862	0.0223988	0.0213696	0.0116132	0.0113608	0.0141835	0.00550523	0.0142846
174	0.0145547	0.000414486	0.000564801	0.000600724	0.000498686	0.96497	0.000634796	0.000648025	0.00138202	0.001766	0.000622978	0.00143182	0.00126999	0.000842715	0.000524021	0.00630311	0.00112269	0.000888936	0.000282918	0.00067693
175	0.287664	0.00716232	0.00176568	0.00134856	0.00293498	0.573277	0.00146229	0.00256071	0.00193776	0.00270363	0.00269062	0.0062881	0.00520049	0.00389758	0.00164222	0.0662103	0.021487	0.00450881	0.00162351	0.00363446
176	0.0154935	0.00303654	0.00296369	0.0127726	0.0678502	0.00569471	0.0411322	0.261697	0.0349786	0.12216	0.019197	0.00896281	0.0064386	0.00689818	0.0441221	0.00843966	0.0277097	0.210281	0.0334556	0.0667158
177	0.0206619	0.00532469	0.00164328	0.00555256	0.0277593	0.00293348	0.00256066	0.194221	0.00171906	0.443107	0.126547	0.00529033	0.00104613	0.011313	0.00600881	0.0069965	0.0214899	0.105651	0.00360624	0.00656821
178	0.0183014	0.00186734	0.00720471	0.0148026	0.0229044	0.00321127	0.00393271	0.132151	0.0533232	0.39829	0.013248	0.00350481	0.00189274	0.00335884	0.149512	0.0045531	0.00559447	0.109881	0.00199157	0.050475
179	0.019278	0.00401526	0.345241	0.0660365	0.00571869	0.0106639	0.0207965	0.0109251	0.0322496	0.0197034	0.00834725	0.167886	0.00441647	0.0218694	0.0137861	0.0456332	0.156938	0.0369876	0.0020489	0.00746009
180	0.141109	0.00193428	0.0349775	0.0511375	0.00207838	0.0557269	0.019866	0.0146722	0.209465	0.00830566	0.00389349	0.0899595	0.00219892	0.00631604	0.0769022	0.166625	0.0363208	0.0644989	0.000906474	0.013106
181	0.0442058	0.00379973	0.185917	0.16864	0.023428	0.00539288	0.0404821	0.00338881	0.094198	0.0865137	0.00760139	0.203032	0.00140397	0.0363679	0.036532	0.0228006	0.0190207	0.00990069	0.00409099	0.00328331
182	0.0257954	0.00185775	0.0428357	0.029475	0.0027657	0.638575	0.0640019	0.00425685	0.0179449	0.0214921	0.0039876	0.113548	0.0029526	0.00452351	0.00347866	0.00595384	0.00541114	0.0053786	0.00168893	0.00407698
183	0.0795472	0.00286209	0.101336	0.233449	0.00504286	0.0200745	0.166809	0.00595471	0.0991021	0.0387812	0.00623434	0.00508159	0.0261459	0.0282627	0.0495426	0.0100798	0.00548137	0.0318934	0.0219529	0.0623671
184	0.162442	0.00191384	0.0475111	0.21991	0.00329453	0.0174519	0.0089538	0.00893896	0.131403	0.0116551	0.00717582	0.0292375	0.0815679	0.0417027	0.163497	0.0189007	0.0165371	0.0155708	0.00408308	0.00825276
185	0.0174626	0.00762282	0.00685835	0.00454366	0.443178	0.0103458	0.0093543	0.00631971	0.00629134	0.0414052	0.0162122	0.00453402	0.0021558	0.0074838	0.00324546	0.00789495	0.00592669	0.0157071	0.0736071	0.309851
186	0.0352369	0.0100081	0.0057522	0.00963456	0.0282494	0.0126879	0.00941524	0.13299	0.00942075	0.331027	0.20758	0.00828761	0.0128463	0.0218092	0.0122475	0.0204077	0.0322476	0.0813686	0.00605466	0.0127287
187	0.145963	0.000579466	0.0613061	0.277613	0.00793699	0.0360384	0.0103313	0.00916312	0.140885	0.00426907	0.0056055	0.0258712	0.0128158	0.0928398	0.0278675	0.0394973	0.0356345	0.0560406	0.00143757	0.00830386
188	0.0964784	0.00103258	0.0432961	0.0867362	0.00136176	0.0404341	0.0313175	0.0204719	0.201217	0.0157425	0.0114392	0.0749604	0.00341968	0.029077	0.141732	0.0916244	0.0556779	0.0418396	0.000733452	0.0114089
189	0.078082	0.00495555	0.0770362	0.187603	0.0151553	0.019559	0.145481	0.0117537	0.103613	0.0423915	0.0104434	0.0120877	0.0213769	0.0353584	0.059368	0.0173193	0.0167715	0.0349153	0.018825	0.0879047
190	0.103652	0.00641052	0.0568025	0.0166946	0.0382612	0.0716845	0.0100103	0.052709	0.0898232	0.244227	0.0793096	0.0407803	0.00554398	0.0489883	0.0521015	0.0180218	0.0215784	0.0247981	0.00478426	0.0138189
191	0.0174568	0.00859108	0.529311	0.171112	0.00209473	0.00905704	0.0280803	0.00385837	0.019108	0.00477707	0.00211789	0.142135	0.00244515	0.0153587	0.0157571	0.0161081	0.00632279	0.00375034	0.000829435	0.00172888
