275	20
1	0.102905	0.00905229	0.0105533	0.0345617	0.0213028	0.210209	0.00988344	0.0156538	0.0110238	0.0318001	0.0519633	0.0401715	0.00817915	0.0142929	0.00481285	0.27313	0.112174	0.0296078	0.00446277	0.0042603
2	0.0806473	0.00846524	0.199645	0.0501333	0.0134075	0.0186788	0.00624036	0.0230289	0.0228386	0.0278277	0.0202352	0.120742	0.0789588	0.0109219	0.00510838	0.0879051	0.0945678	0.118619	0.0056234	0.00640592
3	0.0548747	0.00858615	0.000343782	0.000427212	0.030845	0.00624019	0.000430498	0.271712	0.00214802	0.0912601	0.0481406	0.000534211	0.00453447	0.00272819	0.000365562	0.0132121	0.0599081	0.401345	0.00181384	0.000550833
4	0.159462	0.0153507	0.0141916	0.0132456	0.0416716	0.178101	0.00770926	0.0390109	0.0159664	0.0706912	0.0894434	0.0173515	0.069925	0.0160963	0.00663789	0.0695857	0.046278	0.108034	0.00956828	0.0116803
5	0.429623	0.00806033	0.00134062	0.00214884	0.0164288	0.217492	0.00159213	0.00561499	0.00310867	0.0127369	0.00606677	0.00804586	0.0025739	0.00229359	0.00112431	0.209866	0.0518997	0.0152002	0.00330368	0.00147958
6	0.0623797	0.0139538	0.00652704	0.0529951	0.0670423	0.0259108	0.0136431	0.0431025	0.0177108	0.208826	0.147454	0.0112037	0.0156005	0.0204084	0.0117802	0.045341	0.036396	0.0403578	0.126962	0.032405
7	0.372415	0.00437364	0.00115092	0.00265956	0.0221575	0.261627	0.00154851	0.00483741	0.00226071	0.0130182	0.00822115	0.00995655	0.00220027	0.00228036	0.00108887	0.206993	0.0643931	0.0143146	0.00261438	0.00188954
8	0.0477471	0.0029268	0.00132398	0.00194365	0.121321	0.0208524	0.00157417	0.103216	0.0324341	0.363718	0.203679	0.00306876	0.00328418	0.0188742	0.00206021	0.0196843	0.0305538	0.0114938	0.00448996	0.00575407
9	0.0561332	0.0126829	0.0362821	0.0103457	0.020709	0.0574877	0.0166756	0.013772	0.0308677	0.027762	0.0188091	0.291051	0.0470972	0.0203481	0.0141007	0.192154	0.0702187	0.0405433	0.00738608	0.0155736
10	0.0410411	0.0072998	0.000483767	0.000479636	0.0355128	0.00754196	0.000645731	0.261848	0.00295494	0.101327	0.0408957	0.000745418	0.0039511	0.00296062	0.000461271	0.00891814	0.0423744	0.43681	0.00217103	0.00157769
11	0.0547421	0.00815621	0.000322911	0.000425651	0.0339471	0.00732447	0.000405758	0.269393	0.00201822	0.0999246	0.0491552	0.000515381	0.00447202	0.00263721	0.000319468	0.013157	0.0581234	0.392485	0.00195126	0.000524295
12	0.189471	0.0470461	0.0035066	0.0032539	0.0129273	0.02176	0.00315183	0.0127483	0.00952923	0.023418	0.0126274	0.025913	0.00784577	0.0101014	0.00361675	0.372123	0.186146	0.0494784	0.00297172	0.002363
13	0.400378	0.0385657	0.00262724	0.00187728	0.00951183	0.051112	0.0026227	0.00913086	0.00818703	0.0248655	0.00727337	0.00776576	0.00724509	0.00436944	0.00194101	0.310782	0.0643529	0.0400748	0.00450009	0.00281796
14	0.0569975	0.019618	0.00402677	0.00438711	0.054429	0.0182543	0.00331089	0.200435	0.00849686	0.138712	0.0469491	0.00775803	0.00665109	0.0102847	0.00331698	0.0274845	0.0438596	0.333847	0.00449491	0.00668731
15	0.341347	0.00501487	0.00179861	0.00339335	0.0251036	0.272837	0.00256863	0.00475035	0.00542041	0.0140311	0.0087352	0.0200948	0.00243533	0.0036906	0.00224746	0.214207	0.0532932	0.0145702	0.00238822	0.00207414
16	0.0314645	0.00421561	0.000361225	0.000422218	0.0656314	0.0145258	0.000454475	0.315972	0.00075601	0.236298	0.0562795	0.000621738	0.00181865	0.000981682	0.000348105	0.0052997	0.0201115	0.238163	0.00534359	0.000930628
17	0.0392509	0.00967922	0.000434122	0.000565565	0.0340343	0.00894887	0.000759526	0.290456	0.00304869	0.114814	0.044957	0.000669879	0.00368543	0.0030241	0.000911694	0.010309	0.0436	0.387164	0.00279088	0.00089698
18	0.0732276	0.0160608	0.000386716	0.000411474	0.0958372	0.0228508	0.00044154	0.181757	0.00203032	0.236531	0.0910683	0.000628114	0.00248224	0.00188151	0.000412195	0.0264575	0.0354581	0.204236	0.00385167	0.00399024
19	0.371159	0.105485	0.00370868	0.00376708	0.0249882	0.022643	0.00335697	0.0253874	0.0107331	0.0959385	0.0213204	0.00685739	0.013282	0.00717927	0.00302142	0.108771	0.0450535	0.117401	0.00556026	0.00438768
20	0.0802846	0.0177414	0.0275466	0.0159253	0.0344922	0.0626242	0.0209069	0.026376	0.0363474	0.058408	0.0943721	0.187098	0.0204154	0.0304766	0.0178454	0.124502	0.0660411	0.0478924	0.0127797	0.0179249
21	0.0732858	0.0197541	0.0249617	0.0155881	0.0662041	0.0377333	0.0524272	0.0276796	0.16849	0.0589961	0.0246886	0.0262912	0.0229327	0.0511423	0.0595053	0.0556847	0.0453815	0.0302188	0.0794342	0.0596006
22	0.126554	0.00812472	0.00451223	0.0137693	0.0233575	0.0157714	0.0534996	0.0485335	0.0573035	0.107153	0.0792627	0.00920971	0.00761233	0.117744	0.0323515	0.0420887	0.0605254	0.129184	0.00960281	0.0538401
23	0.0625364	0.0185421	0.00145059	0.00105807	0.0678287	0.045138	0.00159558	0.158689	0.00280245	0.248839	0.0501018	0.00597956	0.00299102	0.00343707	0.00101705	0.03079	0.0349249	0.255921	0.00376318	0.00259431
24	0.046452	0.00629771	0.00198214	0.00348453	0.108738	0.017009	0.00335227	0.132554	0.0179098	0.224108	0.324065	0.00449033	0.0049035	0.0383944	0.00295389	0.0186043	0.0210671	0.0147149	0.00441458	0.00450517
25	0.100933	0.0179316	0.0096209	0.0103469	0.0120662	0.0594499	0.00708844	0.0169783	0.00700697	0.0211852	0.027031	0.0440607	0.00753248	0.0148662	0.00319395	0.343687	0.244729	0.0481319	0.00189684	0.00226341
26	0.096775	0.0125523	0.0183014	0.0101223	0.00787651	0.0330246	0.00903466	0.0164018	0.0211199	0.0160874	0.0123226	0.107262	0.0215663	0.0398599	0.0125811	0.327234	0.194529	0.0394645	0.0018178	0.00206668
27	0.148769	0.00683566	0.00444413	0.00501554	0.0765597	0.0541349	0.0517171	0.0107079	0.0109834	0.155127	0.0135612	0.024253	0.00705152	0.00976303	0.00594125	0.14553	0.0284699	0.0569674	0.0387291	0.14544
28	0.37484	0.0164119	0.0360026	0.0324883	0.0208441	0.0198967	0.0170673	0.0277341	0.0178783	0.032679	0.0223498	0.0205562	0.167672	0.0129331	0.00615796	0.0474408	0.0316093	0.078528	0.00683813	0.0100722
29	0.0421285	0.00787768	0.00078111	0.000560552	0.0367311	0.00902788	0.000704683	0.270171	0.00329759	0.126789	0.0462411	0.0011399	0.00378709	0.00351737	0.000730755	0.013007	0.0658927	0.36308	0.00334366	0.00119133
30	0.129669	0.0213693	0.0057412	0.00641498	0.0711981	0.0375122	0.00657927	0.027188	0.00953026	0.0949068	0.026858	0.0173384	0.00848489	0.0112731	0.00458298	0.183664	0.267947	0.0524248	0.00663723	0.0106815
31	0.0673976	0.0193392	0.00356659	0.00427709	0.0979121	0.0275965	0.00384397	0.134548	0.0126657	0.280377	0.076589	0.00912723	0.00703365	0.00997268	0.00419824	0.0385895	0.0456846	0.137204	0.00888482	0.0111923
32	0.0648262	0.0203443	0.00385973	0.00329776	0.0106547	0.0216378	0.00305039	0.0134838	0.00449859	0.0132855	0.0101155	0.0302158	0.00576929	0.00883689	0.00299767	0.362839	0.380316	0.0357672	0.00207094	0.0021328
33	0.152946	0.00895963	0.00382157	0.00513031	0.0898206	0.27876	0.00457257	0.0186692	0.00644257	0.141622	0.0408347	0.0128023	0.00792062	0.00850552	0.00337084	0.136247	0.029937	0.0338595	0.00536122	0.0104174
34	0.0588694	0.0695369	0.00295847	0.00434665	0.233954	0.00975197	0.00584341	0.0997695	0.00482022	0.15293	0.0725185	0.00297018	0.0237791	0.00385348	0.00407305	0.0197191	0.0217424	0.0980957	0.0377718	0.0726962
35	0.0771171	0.0140015	0.0145514	0.0202002	0.0683456	0.0439014	0.118989	0.0255401	0.0753505	0.0629512	0.0230139	0.0458712	0.0351652	0.0470625	0.0499842	0.0796233	0.0495774	0.0383827	0.0297843	0.0805876
36	0.0631334	0.0343849	0.00228112	0.00277011	0.305076	0.00754398	0.00749288	0.0692779	0.00467842	0.172584	0.0677903	0.00358725	0.0265327	0.00273398	0.0027251	0.0184657	0.0242501	0.0721015	0.0152542	0.0973363
37	0.125053	0.0273149	0.000709799	0.00040114	0.10038	0.0382239	0.000419326	0.0936175	0.0029215	0.260765	0.0692691	0.00063777	0.000688274	0.00102928	0.000308564	0.0593742	0.0605337	0.157225	0.000568997	0.000559267
38	0.0825813	0.0338607	0.000846446	0.000993205	0.158757	0.0219699	0.000474536	0.1138	0.00216302	0.218031	0.0723964	0.000643512	0.00787662	0.000939327	0.000429518	0.0349516	0.0372378	0.178781	0.00627054	0.0269964
39	0.17196	0.0217738	0.0061943	0.00526497	0.0223322	0.0481725	0.00474054	0.020144	0.00900922	0.03553	0.0162157	0.0275783	0.00833591	0.0115005	0.00539246	0.265727	0.265896	0.0420223	0.00550171	0.0067077
40	0.117887	0.00542683	0.00360086	0.00480722	0.132495	0.0296674	0.0449262	0.0112386	0.0113345	0.130375	0.012374	0.022983	0.00428127	0.00671626	0.009793	0.132894	0.0381445	0.0191257	0.0666121	0.195317
41	0.123896	0.0430994	0.000606016	0.000657114	0.0987848	0.040173	0.00077546	0.0836631	0.0032038	0.262177	0.062681	0.00123328	0.00101946	0.0013389	0.000716433	0.0534496	0.0499461	0.17037	0.000999772	0.00120883
42	0.0857392	0.0185861	0.00101953	0.000480806	0.0707756	0.0207277	0.000511623	0.178188	0.00247685	0.176757	0.057593	0.000854118	0.00256731	0.0017402	0.000574309	0.0401007	0.0698218	0.268752	0.00138415	0.00135074
43	0.0750366	0.0123482	0.00335619	0.0043572	0.0790652	0.146924	0.00364597	0.0691138	0.0139377	0.254278	0.121137	0.00760654	0.00735278	0.0137414	0.00372477	0.0609024	0.039373	0.0696871	0.00742051	0.00699263
44	0.0580109	0.0105872	0.00423071	0.0255106	0.114099	0.0254682	0.079444	0.0470588	0.0189404	0.0950299	0.0599013	0.00630604	0.0101883	0.0321168	0.0445838	0.0439108	0.0316456	0.0245971	0.0970351	0.171336
45	0.0519904	0.00710932	0.000355239	0.000434946	0.0285884	0.00658806	0.000423355	0.275063	0.00226712	0.0904572	0.0466558	0.000562935	0.00491687	0.00283094	0.000406735	0.0111779	0.0566448	0.411056	0.00188942	0.00058202
46	0.141977	0.0222365	0.00224538	0.0027552	0.0787065	0.0886904	0.00512845	0.0599624	0.0053249	0.217527	0.0490175	0.00818763	0.00304349	0.00508567	0.0015899	0.121616	0.0484162	0.122175	0.00512693	0.0111876
47	0.0851614	0.0488167	0.00329831	0.0309257	0.0262902	0.0165763	0.0304254	0.00478389	0.190943	0.057243	0.00564543	0.101395	0.0123547	0.0903874	0.12022	0.0803257	0.0517127	0.0120376	0.00963481	0.0218234
48	0.185304	0.0743898	0.00374266	0.0109384	0.022458	0.0195206	0.0156964	0.00941839	0.180878	0.054099	0.00994554	0.0473006	0.00717441	0.0611762	0.0720452	0.102608	0.0549936	0.019617	0.0363801	0.012314
49	0.0326447	0.00189541	0.00101706	0.00165748	0.134427	0.014262	0.0011802	0.115744	0.023949	0.439246	0.149344	0.00185278	0.00236957	0.0110602	0.0012701	0.0171058	0.0368287	0.00583732	0.00372016	0.00458858
50	0.0331318	0.00897021	0.020121	0.0217647	0.00774993	0.148907	0.0469988	0.00308289	0.169933	0.0135466	0.00452503	0.175275	0.00867108	0.0470832	0.123644	0.121443	0.0247568	0.00569849	0.00199218	0.0127067
51	0.0467128	0.0140016	0.0146741	0.0296053	0.0201691	0.0310168	0.0331252	0.0174026	0.288412	0.0374478	0.0181444	0.0546487	0.0159939	0.081468	0.129446	0.0586239	0.0562088	0.0268661	0.00858136	0.017452
52	0.199329	0.00901216	0.00596435	0.0059617	0.0155996	0.0141549	0.163633	0.0128875	0.0470772	0.0235393	0.0136314	0.0101049	0.219745	0.048711	0.00702994	0.146328	0.0214953	0.0225794	0.00650553	0.00671135
53	0.0470894	0.00731037	0.000283671	0.00038599	0.0393484	0.00762615	0.00038986	0.284904	0.00166193	0.122647	0.0507318	0.000480891	0.00374559	0.00210385	0.000310571	0.010696	0.0538078	0.36358	0.0023819	0.000514734
54	0.088176	0.00504802	0.199359	0.288596	0.008923	0.00846598	0.00360218	0.0220176	0.0522835	0.0135359	0.0112078	0.0440682	0.159214	0.00806036	0.00311314	0.021888	0.023605	0.030476	0.00380715	0.0045534
55	0.0867534	0.00542206	0.00341031	0.00542132	0.104911	0.0356	0.00593229	0.035719	0.0106771	0.173637	0.1049	0.0047124	0.0568381	0.0389069	0.0695048	0.0753158	0.115211	0.0136487	0.0134031	0.0400756
56	0.127338	0.00920783	0.102731	0.0674064	0.0102656	0.0223824	0.00633529	0.0200595	0.0151733	0.0238093	0.0424539	0.0394651	0.0510516	0.014863	0.00417666	0.163136	0.2043	0.0676087	0.00376365	0.00447239
57	0.0513094	0.0178277	0.0157454	0.0083433	0.0319884	0.0314626	0.0113397	0.0227503	0.0142571	0.299058	0.0270615	0.147197	0.0184566	0.0152945	0.00625021	0.061446	0.0406162	0.14737	0.0121893	0.0200369
58	0.0352085	0.00662264	0.000390522	0.000381974	0.0908966	0.0161089	0.00038512	0.260713	0.000690803	0.243325	0.0590052	0.000518068	0.00175061	0.000987341	0.000339111	0.00724603	0.021768	0.243265	0.0079391	0.00245818
59	0.111853	0.00588032	0.00420598	0.00672716	0.112697	0.0462069	0.0329827	0.0135992	0.010248	0.169825	0.0216522	0.0223031	0.00722207	0.00700938	0.00819308	0.135353	0.0327519	0.0249314	0.0860981	0.14026
60	0.0511939	0.0119445	0.00313994	0.00699143	0.154448	0.0187847	0.0139039	0.0617384	0.0662057	0.269104	0.0830634	0.0126145	0.00739867	0.0213908	0.0158099	0.0458368	0.0860665	0.028746	0.0130336	0.0285858
61	0.366623	0.00573859	0.00174024	0.00295332	0.0201226	0.248123	0.00178392	0.00530253	0.00390799	0.0138621	0.00809478	0.0132254	0.00228035	0.0030836	0.00155021	0.223624	0.0584641	0.0149128	0.00262819	0.00197893
62	0.03349	0.00302526	0.000344966	0.000358353	0.0796355	0.0155408	0.000406282	0.281617	0.000670215	0.266127	0.0486331	0.000538868	0.00124703	0.00105223	0.000299815	0.00528445	0.0185107	0.237214	0.00546545	0.000539534
63	0.0823262	0.0905644	0.00240719	0.00266969	0.0584118	0.0220447	0.00196598	0.111054	0.00579973	0.195575	0.0535459	0.00521946	0.00484194	0.00470322	0.00145615	0.0352687	0.0341436	0.273918	0.00795682	0.00612797
64	0.161962	0.00928352	0.0978203	0.0177253	0.0162947	0.107018	0.0121475	0.0166799	0.0321134	0.0243223	0.0681222	0.133544	0.018385	0.0139914	0.0140552	0.151984	0.0556061	0.0341445	0.00618251	0.00861801
65	0.116164	0.0421879	0.013294	0.00892872	0.0219017	0.0885688	0.0129018	0.0144496	0.0359162	0.0252777	0.01505	0.158176	0.00992689	0.0305502	0.0153184	0.239237	0.0830432	0.0548658	0.00525188	0.00899044
66	0.0691993	0.0128879	0.000629375	0.00037455	0.0492865	0.0125394	0.000434638	0.226531	0.00208958	0.132013	0.053319	0.000551446	0.00352601	0.0022398	0.000367984	0.0270892	0.0688463	0.33596	0.00163118	0.000483801
67	0.113143	0.0221477	0.00905569	0.0077743	0.0175833	0.0405863	0.00570156	0.0205914	0.0118455	0.0305362	0.0188285	0.0351882	0.00958419	0.0151038	0.00622713	0.333336	0.25213	0.0422683	0.00365674	0.0047127
68	0.0488425	0.0108143	0.000632723	0.000676879	0.0406903	0.00949962	0.00108405	0.270544	0.00255165	0.119529	0.0558809	0.00133448	0.00396185	0.00395507	0.000555395	0.0162605	0.0632587	0.34558	0.00292692	0.00142142
69	0.345629	0.00592128	0.00298914	0.00348283	0.019609	0.282919	0.00291979	0.00921179	0.00468208	0.0206572	0.0140865	0.00982001	0.00791674	0.00402568	0.00247455	0.14348	0.0643637	0.0488281	0.00366388	0.00331964
70	0.109263	0.0187273	0.00252514	0.00253873	0.173752	0.12005	0.00495809	0.0409341	0.00723473	0.239855	0.0481632	0.00688566	0.00673549	0.00626481	0.00285751	0.0849774	0.0332245	0.0650833	0.00699528	0.018975
71	0.0931691	0.00885963	0.00412511	0.00636538	0.0664801	0.0309312	0.00793034	0.0684527	0.0284492	0.190813	0.301277	0.00761883	0.0097879	0.0646484	0.00823228	0.0284309	0.0288703	0.0292343	0.00754713	0.00877738
72	0.0659291	0.015465	0.0251651	0.0182589	0.0312514	0.0807105	0.0229138	0.0184239	0.0642799	0.0411234	0.0219166	0.211818	0.0218578	0.0282938	0.0396825	0.15467	0.0748894	0.0358541	0.00753287	0.0199638
73	0.0515992	0.0141879	0.000699367	0.000771962	0.133638	0.0176087	0.000485266	0.200292	0.00148552	0.243653	0.0532004	0.000768933	0.00374588	0.00112499	0.000425001	0.0182415	0.026622	0.209726	0.00513812	0.0165864
74	0.0666016	0.0354297	0.00766276	0.00616212	0.00964453	0.0305485	0.00633766	0.0119792	0.0158622	0.0146456	0.0124836	0.0682712	0.0093021	0.0197918	0.00910586	0.420141	0.21528	0.034415	0.0028687	0.00346688
75	0.0695832	0.0188342	0.00300836	0.00570532	0.0981182	0.0288177	0.00486288	0.132723	0.0121848	0.257814	0.0748724	0.00907767	0.00882484	0.0111513	0.00451404	0.0404646	0.0434861	0.146255	0.0107954	0.0189069
76	0.0895007	0.00977513	0.00491997	0.00792303	0.0529425	0.0919882	0.00972762	0.0407489	0.0885293	0.177508	0.178451	0.0108657	0.0115814	0.0688844	0.0157808	0.0423597	0.0360625	0.0444947	0.00712192	0.0108345
77	0.0710223	0.00637492	0.00370226	0.00764807	0.173093	0.0244078	0.0977815	0.0111006	0.0308424	0.160068	0.0122975	0.0575698	0.0051982	0.00990764	0.0103089	0.0679971	0.0269317	0.0182739	0.0304269	0.175048
78	0.0690992	0.0178443	0.0295881	0.0211543	0.0244368	0.0802664	0.0231347	0.0198489	0.0685184	0.0399027	0.0204546	0.200275	0.0190845	0.0341931	0.0388615	0.147595	0.0688932	0.0459159	0.0101487	0.020784
79	0.137979	0.0231328	0.0112438	0.0115235	0.0258114	0.0654511	0.0114764	0.0235233	0.0239497	0.0458813	0.0220033	0.0506446	0.0110386	0.0211777	0.012011	0.297763	0.141962	0.0438739	0.00714988	0.0124044
80	0.0307518	0.00575256	0.00077124	0.00066925	0.0199986	0.00562558	0.00100807	0.237069	0.00591236	0.0696557	0.0316926	0.00139728	0.00423858	0.00382057	0.000745339	0.00785718	0.0395947	0.530658	0.00174163	0.00104061
81	0.192548	0.011907	0.0108896	0.0083268	0.0269524	0.223696	0.0124397	0.0136861	0.0276266	0.037832	0.0231296	0.063744	0.00800504	0.0136791	0.0146584	0.205643	0.0617965	0.02833	0.00608075	0.00902942
82	0.056052	0.0199354	0.00264198	0.00367889	0.146844	0.0185524	0.0042893	0.181688	0.00731042	0.218476	0.068999	0.00297508	0.00830327	0.00481175	0.00246904	0.0242405	0.0313503	0.156263	0.0105159	0.0306039
83	0.0701911	0.0221906	0.00975253	0.0121318	0.142237	0.0322894	0.0539185	0.0467071	0.0238993	0.106961	0.0332286	0.0301233	0.0140507	0.0191044	0.0235024	0.059903	0.0352917	0.0470971	0.0514093	0.166012
84	0.0785025	0.0152581	0.00931118	0.0457035	0.0261968	0.0381584	0.0262134	0.0288268	0.119499	0.0572166	0.0342845	0.0486389	0.0178194	0.159081	0.0695813	0.0824339	0.0719016	0.0463769	0.00847959	0.0165175
85	0.0379374	0.00641114	0.00110202	0.00118789	0.0843903	0.0143549	0.000785006	0.256571	0.00875609	0.24766	0.121544	0.00159358	0.00281002	0.00795057	0.000632589	0.0125976	0.0270904	0.158818	0.00535363	0.00245443
86	0.309088	0.0476067	0.00207839	0.0022316	0.00749417	0.0231131	0.00212695	0.00826211	0.00833552	0.0194923	0.00894922	0.0126372	0.00707835	0.00603361	0.00211836	0.353452	0.143052	0.0316709	0.00356257	0.00161694
87	0.0483154	0.0129017	0.0132005	0.0259143	0.0249623	0.0336227	0.0314407	0.0202564	0.283229	0.0454084	0.0234301	0.0542212	0.0165627	0.0772064	0.118884	0.0619652	0.0576452	0.0272573	0.00960647	0.0139702
88	0.048377	0.00996934	0.000439777	0.000760325	0.0688413	0.0178686	0.000593007	0.244806	0.00247875	0.231913	0.0542903	0.000942027	0.00252905	0.00194899	0.000626369	0.016107	0.0325622	0.259725	0.00397969	0.00124143
89	0.378761	0.0554029	0.00200916	0.00195196	0.010104	0.0249991	0.00339216	0.0114852	0.0131705	0.0395763	0.00867324	0.00794393	0.00839864	0.00573047	0.00294929	0.3088	0.0707361	0.0380652	0.00535116	0.00249942
90	0.045608	0.0586818	0.00121226	0.00106408	0.0448852	0.010958	0.00120084	0.21789	0.00344844	0.118727	0.0914022	0.00182752	0.0040324	0.00432943	0.00146075	0.0196301	0.0372453	0.321994	0.0104273	0.00397463
91	0.120112	0.0144976	0.00923673	0.00790189	0.0437088	0.0301253	0.00351648	0.153818	0.00961071	0.107626	0.0406564	0.0153646	0.0102491	0.0105724	0.00448717	0.0752778	0.147057	0.182769	0.00754202	0.00587155
92	0.133168	0.0211735	0.0449304	0.0471957	0.0510406	0.0295653	0.0318319	0.0417485	0.0423408	0.067701	0.0324658	0.0381594	0.137328	0.0302198	0.0215438	0.0751706	0.0557275	0.0675649	0.0117352	0.0193892
93	0.105307	0.0775479	0.00481109	0.00334401	0.0809021	0.0193821	0.00355797	0.0648168	0.0078833	0.0922493	0.0321422	0.0108674	0.00679864	0.00782757	0.00319116	0.072987	0.175996	0.220536	0.00482006	0.00503257
94	0.0416744	0.00852804	0.000719461	0.000587457	0.0267147	0.00679792	0.00109503	0.260136	0.00416099	0.0866594	0.040388	0.00139538	0.00405001	0.0040925	0.000674033	0.0120032	0.0604046	0.436779	0.00207333	0.00106609
95	0.0484014	0.0965902	0.000915256	0.000836485	0.0338238	0.0118974	0.000999943	0.192088	0.00282355	0.129455	0.0622112	0.0019462	0.00295129	0.00292935	0.000938991	0.0237908	0.0309478	0.342885	0.0117239	0.00184447
96	0.0677689	0.0137986	0.000279596	0.000270517	0.0889917	0.0254366	0.000325269	0.189529	0.00138038	0.259674	0.061734	0.000447214	0.00096571	0.00080244	0.000261207	0.0256061	0.0334058	0.225387	0.00349825	0.000437455
97	0.0637811	0.00991916	0.000416238	0.000776943	0.0810994	0.0216527	0.00104305	0.217015	0.00377023	0.259889	0.0731999	0.000558031	0.00128664	0.00262268	0.00133445	0.0214302	0.031063	0.204061	0.00411179	0.000968506
98	0.080783	0.0124739	0.0126826	0.140797	0.0174527	0.0168738	0.0225117	0.0160959	0.104036	0.0334799	0.0154901	0.0401354	0.0179036	0.236791	0.0692113	0.0507404	0.0675206	0.0261594	0.00675837	0.012104
99	0.0322056	0.0162017	0.004424	0.0150146	0.140668	0.0298424	0.0836023	0.0512798	0.0145533	0.0586068	0.019257	0.0061618	0.00635561	0.0194488	0.0593483	0.0302152	0.0354007	0.0200151	0.13824	0.21916
100	0.0334407	0.00344696	0.000322466	0.000338552	0.0684141	0.0146823	0.000352815	0.302073	0.000664148	0.240051	0.051537	0.000516592	0.00161087	0.00100805	0.00030678	0.00521481	0.0209689	0.249406	0.00501251	0.000632788
101	0.0376401	0.0042471	0.00108169	0.00181102	0.136446	0.015218	0.00107296	0.118013	0.0245222	0.422583	0.135553	0.00201261	0.00294686	0.00949961	0.0012847	0.0197505	0.0366353	0.0178777	0.00445754	0.00734624
102	0.0619025	0.00467085	0.00390402	0.0074987	0.192275	0.0246132	0.104403	0.00898368	0.0213113	0.161804	0.0110623	0.0632049	0.00410362	0.00616387	0.00593699	0.0739283	0.0259523	0.0165567	0.0261808	0.175544
103	0.0433493	0.00656694	0.0317099	0.00931705	0.00765272	0.224951	0.0376961	0.0030405	0.108535	0.00535974	0.00618381	0.248238	0.00361054	0.0127954	0.0662421	0.162452	0.00683234	0.00642571	0.0017596	0.00728236
104	0.0362945	0.0137617	0.0187764	0.0801907	0.014595	0.0129713	0.0288337	0.0113161	0.216096	0.0398721	0.0122906	0.0648084	0.026761	0.10039	0.137393	0.0691566	0.0779161	0.0193326	0.00431195	0.0149317
105	0.0293412	0.00712277	0.00455653	0.0260331	0.00674379	0.0115469	0.0390377	0.00881813	0.351855	0.0193233	0.0129236	0.047724	0.0107094	0.101194	0.190724	0.038431	0.070327	0.0133242	0.00231835	0.00794594
106	0.0526624	0.042892	0.00213693	0.0025092	0.272728	0.00688404	0.00200679	0.106059	0.00247731	0.164104	0.0455049	0.00166736	0.0196651	0.00208071	0.00117538	0.0213144	0.0150261	0.11333	0.0110192	0.114757
107	0.0832453	0.0373294	0.00413382	0.00352729	0.00994641	0.0214919	0.00360657	0.00995598	0.00624872	0.0120631	0.0111196	0.0345638	0.00683304	0.0109937	0.00361867	0.456354	0.24791	0.0327149	0.00207692	0.00226724
108	0.0204655	0.0149288	0.00442528	0.0665342	0.0115869	0.00777157	0.0337903	0.00288331	0.241218	0.0391178	0.00472669	0.0775119	0.0236425	0.116645	0.181202	0.0673693	0.0615022	0.00530066	0.00228208	0.0170963
109	0.0202057	0.0142921	0.00379558	0.0672993	0.0110346	0.00766199	0.033357	0.00293705	0.24233	0.0386431	0.00478668	0.0783416	0.0233614	0.116527	0.181895	0.0669178	0.062407	0.00535722	0.00189552	0.0169548
110	0.0343077	0.0074192	0.0010005	0.0013261	0.0184067	0.00528653	0.00249112	0.22445	0.0189128	0.0645937	0.0389044	0.00206601	0.00493422	0.00697691	0.00315007	0.00991064	0.0489922	0.503055	0.00210394	0.00171186
111	0.0638149	0.00369302	0.00172696	0.0151625	0.014656	0.00765683	0.0318955	0.0892131	0.174814	0.109291	0.076213	0.00547077	0.00257814	0.0832295	0.0700149	0.0347327	0.0360675	0.15698	0.00358672	0.0192032
112	0.0587648	0.00658076	0.000908913	0.00116608	0.137554	0.018082	0.000884776	0.140826	0.0164248	0.361382	0.127876	0.00117456	0.00188769	0.00765558	0.00112364	0.0295808	0.0380786	0.0430803	0.00280239	0.00416665
113	0.431997	0.037652	0.00129945	0.00168179	0.00590158	0.0363467	0.00173001	0.00710753	0.00683414	0.0192161	0.00499571	0.00355901	0.00485896	0.0023357	0.00138435	0.343045	0.0570965	0.0274014	0.00396704	0.00158981
114	0.0373366	0.00523213	0.00039728	0.000375874	0.0727348	0.0160967	0.000385244	0.266329	0.00102442	0.251445	0.0511076	0.000657873	0.00186425	0.00159794	0.000370991	0.00809946	0.022519	0.256193	0.00507	0.00116216
115	0.120352	0.0278513	0.000295761	0.000263768	0.104121	0.0377279	0.000327521	0.0955114	0.00296372	0.265404	0.0699517	0.000527529	0.00061448	0.000674073	0.000282135	0.0574049	0.0574279	0.157314	0.000527835	0.000457042
116	0.0405465	0.00546516	0.000415693	0.000483962	0.0232059	0.00530699	0.000484445	0.263747	0.00299324	0.096097	0.0403848	0.000643927	0.00663088	0.00366259	0.000457264	0.00876153	0.0494897	0.44902	0.00153723	0.000665685
117	0.0619592	0.0145275	0.00204101	0.00123948	0.0579113	0.0177176	0.00141218	0.183445	0.00518361	0.188408	0.0493954	0.00417931	0.0036242	0.00423816	0.00151216	0.030339	0.0614509	0.305676	0.00332545	0.00241526
118	0.103309	0.0583651	0.000720275	0.000661868	0.0866796	0.0326154	0.000592803	0.0940378	0.00294763	0.245086	0.0691515	0.000999033	0.00188417	0.00127092	0.000642625	0.0518237	0.0458732	0.199674	0.00189477	0.00177126
119	0.0709943	0.0137775	0.000282051	0.000238382	0.0978081	0.0273771	0.000309565	0.1809	0.0014427	0.261467	0.0650308	0.000515281	0.00067663	0.000730252	0.000277617	0.0282344	0.0355261	0.210042	0.00393733	0.000433049
120	0.168653	0.011209	0.0119366	0.00905096	0.0418233	0.228298	0.0153036	0.0303626	0.0309227	0.0668807	0.0311737	0.0604951	0.0110371	0.012491	0.0176649	0.13831	0.0442278	0.0515725	0.00715317	0.0114344
121	0.0401129	0.0111933	0.000826445	0.000835794	0.0393884	0.00954999	0.000843638	0.260213	0.00399497	0.12183	0.0442042	0.00141301	0.00376532	0.00340369	0.00101551	0.0123853	0.0433657	0.395817	0.0034066	0.00243496
122	0.390085	0.0057884	0.00252933	0.00281596	0.0186003	0.292024	0.00203699	0.00621106	0.0037061	0.0137716	0.00875443	0.00927462	0.00407484	0.00301538	0.00175744	0.163671	0.0478726	0.0190429	0.00286143	0.00210658
123	0.0366314	0.00752838	0.000431675	0.000395618	0.0322038	0.00644157	0.000424307	0.30857	0.00229991	0.107038	0.0465121	0.000649798	0.0038312	0.00271835	0.000390054	0.00766322	0.0441139	0.388801	0.00268491	0.000671162
124	0.366169	0.128844	0.0036679	0.0038902	0.0164459	0.0233915	0.00335441	0.0235522	0.0118641	0.0675157	0.0160482	0.00865915	0.0125658	0.00789799	0.00295919	0.125282	0.0418348	0.123631	0.00657238	0.0058553
125	0.0615924	0.0157287	0.00542128	0.00469488	0.0149628	0.0188834	0.00383452	0.0184033	0.00573061	0.0181472	0.0116561	0.0290284	0.00682635	0.0101324	0.003473	0.270452	0.455547	0.0396317	0.00273689	0.0031176
126	0.0300305	0.00589405	0.000778509	0.0007098	0.0163558	0.00413043	0.000994288	0.238025	0.00583921	0.0565339	0.0305146	0.00120448	0.00438214	0.00412315	0.000704139	0.0076369	0.0417996	0.547831	0.00149809	0.00101389
127	0.0886677	0.0191181	0.00854798	0.00581067	0.0164433	0.0301334	0.00507472	0.0199079	0.00934495	0.0240858	0.0156324	0.0363279	0.00815796	0.0129177	0.00569419	0.311298	0.334418	0.0409939	0.0030311	0.004395
128	0.080995	0.0122678	0.165116	0.0743715	0.0272142	0.0516825	0.0244141	0.0239173	0.055519	0.0360335	0.0252181	0.0813333	0.0573751	0.0234114	0.0268617	0.0892907	0.0632934	0.053716	0.011911	0.0160585
129	0.0407127	0.0103864	0.000322689	0.000379038	0.0483824	0.0117337	0.000408313	0.2556	0.00175142	0.180063	0.0496546	0.00063581	0.00329229	0.00229519	0.000356546	0.00932603	0.0346793	0.346163	0.00328683	0.000570523
130	0.020553	0.0141431	0.003833	0.0676217	0.0109254	0.00766894	0.0336125	0.00293739	0.242215	0.0380695	0.00480429	0.0780065	0.0229986	0.119614	0.180113	0.066134	0.0625324	0.00550183	0.00200551	0.0167105
131	0.0656812	0.0168594	0.000454184	0.000530384	0.101124	0.0234733	0.000521585	0.174369	0.00218758	0.243507	0.066602	0.000743289	0.00236313	0.00164434	0.000366328	0.0261256	0.0349903	0.229971	0.00455996	0.0039259
132	0.0679747	0.0124611	0.0188108	0.0209516	0.0249672	0.0553722	0.056542	0.0171572	0.0815408	0.0382773	0.0161173	0.1475	0.0170839	0.0466923	0.0499697	0.150385	0.123321	0.0320806	0.00508872	0.0177064
133	0.0799623	0.0410128	0.00241297	0.00258707	0.294395	0.00624041	0.00109195	0.0659701	0.00218683	0.176817	0.0756739	0.00161155	0.0345988	0.0017271	0.00092914	0.0160501	0.023312	0.0719817	0.0151336	0.0863058
134	0.0516186	0.00645052	0.00307949	0.0108455	0.0561643	0.0162736	0.0194727	0.0507471	0.151559	0.143687	0.108823	0.00725697	0.00485592	0.0955258	0.0297568	0.0307866	0.054387	0.139307	0.00531569	0.0140881
135	0.157883	0.0131197	0.0105101	0.00880974	0.0417374	0.218664	0.0152834	0.0356208	0.0300541	0.0741719	0.0356427	0.0564746	0.0102816	0.016002	0.015903	0.133736	0.0513807	0.05462	0.00809677	0.012009
136	0.128172	0.0511862	0.00409497	0.00407907	0.125848	0.0198748	0.00386137	0.0287854	0.00892958	0.0907828	0.025838	0.0112526	0.0102451	0.00895539	0.00528246	0.141206	0.266104	0.053342	0.00561003	0.00655028
137	0.0324927	0.0149581	0.000412123	0.000364979	0.058391	0.00987143	0.000525102	0.305803	0.00137384	0.162566	0.0599231	0.000551383	0.00238197	0.00159208	0.000345584	0.0077551	0.0374792	0.295242	0.00692468	0.00104672
138	0.0728795	0.0655496	0.00285037	0.00308577	0.236031	0.0077519	0.00155855	0.109509	0.00243613	0.158653	0.0467643	0.00218167	0.0221492	0.00219993	0.00134682	0.0285572	0.0175459	0.103681	0.0107878	0.104482
139	0.456371	0.011228	0.00121818	0.0020585	0.0148439	0.182436	0.00190432	0.00642868	0.00385121	0.0136332	0.0054603	0.00751034	0.00437279	0.00287963	0.00126674	0.210367	0.0506142	0.0180597	0.00382151	0.00167528
140	0.0982548	0.0758842	0.000606298	0.000538945	0.079008	0.0322496	0.000503918	0.0864131	0.00254718	0.245755	0.0661823	0.00112651	0.000956618	0.00129274	0.000492921	0.0479448	0.041392	0.21579	0.00226528	0.00079544
141	0.101048	0.0217922	0.000339397	0.000362976	0.0997368	0.0297189	0.000349924	0.137593	0.00245407	0.245071	0.0702269	0.000608416	0.00122095	0.000955157	0.000290827	0.0438747	0.0550806	0.18602	0.00166266	0.00159341
142	0.366041	0.0245507	0.00444193	0.00488086	0.0203774	0.0568152	0.00724879	0.0174239	0.0183708	0.0369472	0.0141908	0.0128137	0.0116949	0.00942863	0.00675287	0.187846	0.0983418	0.0298514	0.0563373	0.0156448
143	0.0366733	0.00760776	0.000455648	0.00051476	0.0246906	0.00541472	0.000528567	0.303444	0.00254602	0.0861187	0.040433	0.000845908	0.00398406	0.00339015	0.000477103	0.00844006	0.0495356	0.422105	0.00213946	0.000655763
144	0.0373617	0.00368448	0.000300938	0.000339646	0.0806418	0.0174215	0.000359592	0.269744	0.000678762	0.260553	0.0510414	0.000476495	0.00117999	0.00101349	0.000283473	0.00740012	0.0199756	0.24159	0.00543594	0.000518001
145	0.21741	0.0472553	0.0122546	0.00820213	0.0179742	0.0222847	0.0047822	0.0146494	0.00792635	0.0307555	0.0396086	0.0177186	0.0462957	0.0112625	0.00479554	0.220166	0.229958	0.0375291	0.00404756	0.00512492
146	0.0663158	0.0188624	0.00658406	0.00464403	0.012778	0.0205095	0.0041673	0.0191586	0.0057344	0.0159861	0.0116179	0.0354192	0.00684836	0.0104658	0.00340081	0.319201	0.382032	0.051072	0.00283065	0.00237252
147	0.369162	0.0723206	0.00298777	0.00354245	0.013302	0.0248216	0.0051097	0.0103156	0.0412086	0.03054	0.00852773	0.0164099	0.0106381	0.0146712	0.00752503	0.24723	0.0538454	0.0544464	0.00875567	0.00464032
148	0.0384633	0.00692786	0.000426924	0.000455466	0.0298387	0.00669173	0.000510931	0.268182	0.00293018	0.121903	0.0392392	0.000655298	0.00446106	0.00527333	0.000474052	0.0077574	0.0424663	0.420666	0.00201567	0.000661631
149	0.120814	0.0561441	0.00841891	0.00858754	0.0383315	0.0780876	0.0131265	0.0119125	0.0740561	0.0280642	0.011496	0.111462	0.00688829	0.102065	0.0219394	0.181852	0.0627954	0.0481976	0.00773472	0.00802634
150	0.0464643	0.0164883	0.00812387	0.0367621	0.0145951	0.0258967	0.0289708	0.0117369	0.256187	0.035558	0.0137343	0.0655268	0.0161619	0.107104	0.129996	0.0873963	0.0593111	0.0225112	0.00542659	0.0120485
151	0.0470435	0.0116797	0.00164386	0.00151131	0.0839502	0.018231	0.00224467	0.231079	0.00824686	0.234018	0.0697549	0.00172574	0.00325402	0.00635357	0.00325688	0.0182544	0.0303538	0.214003	0.00572476	0.00767111
152	0.0534642	0.0079015	0.0022313	0.00526433	0.14881	0.0183139	0.00757546	0.0396846	0.0210433	0.294333	0.0950608	0.00629375	0.0129854	0.00988329	0.011585	0.0733991	0.0896264	0.0157854	0.0310692	0.05569
153	0.0615948	0.0168396	0.00826889	0.0143811	0.0445148	0.0239439	0.0214296	0.159162	0.0287793	0.0550569	0.0320348	0.0174632	0.0143907	0.0774006	0.0193114	0.0541102	0.163677	0.0538796	0.0954809	0.0382809
154	0.0449544	0.0072239	0.0309506	0.00933368	0.00812528	0.223609	0.0367104	0.00323769	0.106949	0.00582114	0.00635387	0.244756	0.00368115	0.0132272	0.0643439	0.164879	0.00960149	0.00714106	0.00187272	0.00722856
155	0.0947541	0.0148714	0.0133809	0.0107326	0.00994538	0.0381935	0.0108736	0.0175943	0.0187107	0.0181234	0.0132564	0.111992	0.0154991	0.0538916	0.00942249	0.318354	0.187259	0.0395024	0.00170723	0.00193661
156	0.0362605	0.0035958	0.000919492	0.00163294	0.134653	0.0150779	0.00111622	0.119057	0.0247747	0.427845	0.143164	0.0019245	0.00221778	0.0105189	0.00114171	0.0188128	0.035435	0.0132425	0.00362589	0.00498407
157	0.0776446	0.0158753	0.00856957	0.0213157	0.0309492	0.0274818	0.0213254	0.0716076	0.0596416	0.079682	0.0533889	0.0272879	0.0126422	0.135319	0.0252008	0.06314	0.0611917	0.183812	0.00819635	0.0157287
158	0.0329766	0.0072536	0.00382569	0.0212615	0.0066434	0.0133846	0.0291458	0.0108977	0.395164	0.0179687	0.0105619	0.0432338	0.00920327	0.0983626	0.181756	0.0370639	0.058994	0.0115173	0.00306628	0.00771972
159	0.0342815	0.00713899	0.00399683	0.0188769	0.00639211	0.0141749	0.0293483	0.0108615	0.400907	0.0161374	0.0101506	0.0425457	0.00841357	0.0944657	0.185213	0.0366824	0.0594822	0.0108242	0.0029558	0.00715111
160	0.0377808	0.00984779	0.0044296	0.0236947	0.14626	0.0344052	0.150032	0.0287475	0.0157201	0.0851268	0.0152526	0.0186716	0.00594316	0.0160218	0.0267411	0.0343843	0.03575	0.0167157	0.0582213	0.236254
161	0.0432494	0.00655193	0.0318358	0.00929419	0.00765056	0.223941	0.0375492	0.00305954	0.10824	0.00536305	0.0062005	0.249655	0.00363151	0.0128083	0.0659284	0.162717	0.00683769	0.00645555	0.00176004	0.00727168
162	0.0411621	0.0972146	0.00177526	0.00155771	0.0353225	0.0109715	0.00178145	0.211707	0.0040631	0.108464	0.0539938	0.00293849	0.00425285	0.00441621	0.00170767	0.0187581	0.0278515	0.340542	0.0267083	0.00481211
163	0.0705174	0.0143719	0.00840342	0.00949426	0.00991874	0.0772934	0.00752214	0.0174188	0.00895628	0.0158048	0.0155616	0.0649599	0.00748144	0.0183758	0.00416046	0.328524	0.278665	0.0384353	0.00183555	0.00229998
164	0.435673	0.0319518	0.0016918	0.00197088	0.00980596	0.0638066	0.00268335	0.00831881	0.00729668	0.0211933	0.005952	0.00590174	0.00644485	0.00357156	0.00178127	0.299116	0.0583875	0.0278333	0.00459191	0.00202767
165	0.0498279	0.0166798	0.00131376	0.00195774	0.196298	0.0143742	0.00199332	0.15638	0.00880262	0.248814	0.0707583	0.00239372	0.00653467	0.00379608	0.00125647	0.022552	0.0485424	0.114847	0.0066062	0.0262714
166	0.121621	0.0113309	0.0221804	0.159282	0.0190465	0.0207284	0.0171602	0.0201204	0.0553125	0.035994	0.0204641	0.0295455	0.0233093	0.234016	0.0330141	0.0482056	0.0716434	0.0357423	0.00880748	0.0124745
167	0.0513492	0.00940871	0.00102998	0.00155467	0.10839	0.0183177	0.00128216	0.169306	0.0115645	0.319021	0.110494	0.00140961	0.00419092	0.00694617	0.00190579	0.0219556	0.0339304	0.116039	0.00463815	0.00726768
168	0.063733	0.0125603	0.00295308	0.00290302	0.0994248	0.0261301	0.00273272	0.105311	0.018043	0.317995	0.11722	0.00431028	0.00641197	0.0113354	0.00503635	0.0379679	0.0653897	0.0846607	0.00566953	0.0102123
169	0.0840116	0.00774503	0.00404574	0.00940525	0.12566	0.0315029	0.0669268	0.0204925	0.0130477	0.118907	0.0162986	0.0185768	0.00472244	0.0111899	0.0187711	0.119039	0.0297835	0.0192911	0.0906985	0.189885
170	0.0270272	0.0124946	0.00550891	0.0424391	0.0107187	0.0159632	0.0375668	0.00518641	0.3038	0.0286138	0.00675441	0.0703729	0.0164706	0.110874	0.161935	0.0630973	0.0573817	0.00788685	0.00346656	0.0124413
171	0.0615549	0.012607	0.00770013	0.00510852	0.0141441	0.0187257	0.00443978	0.0366591	0.00598431	0.0222249	0.0139369	0.0376101	0.00703143	0.0123082	0.00351633	0.2298	0.433529	0.0663719	0.00345764	0.00329048
172	0.438803	0.0443582	0.00141271	0.0015971	0.00601812	0.0371599	0.00150529	0.00744279	0.00817853	0.0207018	0.00553602	0.00376372	0.00651724	0.00262613	0.00144441	0.314387	0.0639245	0.0288224	0.0043723	0.0014296
173	0.0701124	0.0177274	0.00735573	0.00805898	0.0957851	0.030217	0.00959096	0.0621591	0.016147	0.282391	0.0593631	0.0165882	0.0942681	0.0162783	0.0124559	0.0455964	0.0397096	0.0716767	0.0145636	0.0299554
174	0.053637	0.0498784	0.00312027	0.0035445	0.223757	0.00867904	0.00208919	0.154769	0.00318951	0.13946	0.0647687	0.0027585	0.0339958	0.0030246	0.00166238	0.0216237	0.0182444	0.107027	0.0140375	0.0907333
175	0.113365	0.0121884	0.0115607	0.12022	0.0182595	0.0231336	0.0172789	0.0194587	0.0577997	0.0351371	0.0207597	0.0371154	0.0143833	0.22772	0.0336933	0.0735336	0.110035	0.0344667	0.00844293	0.0114483
176	0.404442	0.0258373	0.00349349	0.00323054	0.00868682	0.0673749	0.00291068	0.0195231	0.0062208	0.0340052	0.00953382	0.0117493	0.00493367	0.00610896	0.00174629	0.267723	0.0793462	0.037677	0.00376683	0.00169052
177	0.120492	0.0277318	0.000295226	0.000263713	0.10411	0.0379592	0.00032974	0.0957732	0.00296198	0.265443	0.0698415	0.000531954	0.000612249	0.000670958	0.000281229	0.057166	0.0573798	0.157159	0.00053047	0.000466228
178	0.0838103	0.0226179	0.00178755	0.00136019	0.0942016	0.026248	0.00184489	0.144069	0.00441079	0.181775	0.0662857	0.00485087	0.00330809	0.00353038	0.00173757	0.0879535	0.0690819	0.192949	0.00351351	0.00466444
179	0.0535068	0.0101319	0.000864068	0.00147725	0.129736	0.0217017	0.00171448	0.11801	0.0155748	0.366802	0.11935	0.00159122	0.00430541	0.00843556	0.00182255	0.0256566	0.0375917	0.0673785	0.00499243	0.00935745
180	0.0329756	0.0030246	0.000352989	0.000376017	0.0784752	0.0151178	0.000428496	0.28283	0.0012592	0.274472	0.0500632	0.000522406	0.0013557	0.0011789	0.000318389	0.00528308	0.0185985	0.227591	0.00522948	0.00054738
181	0.0467923	0.00522156	0.000301038	0.000396076	0.036075	0.00793403	0.000415786	0.275066	0.00177968	0.134234	0.0462273	0.00047136	0.00601829	0.0023619	0.000392465	0.00909131	0.0458529	0.378546	0.00229519	0.000528029
182	0.120352	0.0278513	0.000295761	0.000263768	0.104121	0.0377279	0.000327521	0.0955114	0.00296372	0.265404	0.0699517	0.000527529	0.00061448	0.000674073	0.000282135	0.0574049	0.0574279	0.157314	0.000527835	0.000457042
183	0.17339	0.0108144	0.00936882	0.0100285	0.0352147	0.251941	0.00650149	0.0179107	0.0145453	0.0712214	0.0828797	0.0290604	0.0115681	0.0117308	0.00507932	0.157006	0.0553443	0.036042	0.00503309	0.00531961
184	0.0620144	0.0129846	0.0132503	0.033531	0.0293867	0.0313917	0.0302081	0.0136969	0.123442	0.0565979	0.0244609	0.058566	0.0824786	0.0653421	0.120007	0.125341	0.0692377	0.0200982	0.00981136	0.0181534
185	0.0508239	0.0420404	0.00212202	0.0024454	0.30301	0.00605788	0.00143687	0.0952941	0.00219576	0.165019	0.0455604	0.00166297	0.0201548	0.00175336	0.000996036	0.0203729	0.0146072	0.108685	0.0102302	0.105532
186	0.0417592	0.0111672	0.000654489	0.00075982	0.098698	0.0167218	0.00044892	0.234185	0.000946928	0.238254	0.0613919	0.000547133	0.00344294	0.00106944	0.000390967	0.0109053	0.0229066	0.24011	0.00868871	0.00695122
187	0.0907988	0.0115323	0.167853	0.082009	0.0290609	0.0465724	0.0211037	0.0227188	0.0493055	0.0394722	0.0234097	0.0775797	0.061398	0.0223147	0.0205645	0.0900809	0.0634242	0.0539167	0.0116045	0.0152807
188	0.0377976	0.00703656	0.0594008	0.0164276	0.0928177	0.0560821	0.111436	0.0169605	0.13835	0.0237038	0.00885116	0.00740864	0.044506	0.0704303	0.0710761	0.0189125	0.0165009	0.0117482	0.0829972	0.107556
189	0.0784166	0.0412333	0.00235359	0.00257133	0.29383	0.00624538	0.00103553	0.0681049	0.00212994	0.17575	0.0752201	0.00146112	0.0354981	0.00157769	0.000829645	0.0156516	0.0214592	0.0717979	0.0156189	0.0892149
190	0.0447955	0.0109168	0.000445999	0.00036415	0.0655717	0.0157793	0.000397158	0.252402	0.00135276	0.225573	0.0522032	0.000787903	0.00219866	0.00158278	0.000387541	0.012921	0.0292292	0.277514	0.00456068	0.00101682
191	0.0582984	0.0102612	0.0117656	0.00753757	0.0126557	0.0281999	0.00803513	0.0397332	0.00852545	0.0189146	0.013523	0.0851614	0.00909297	0.0181015	0.00425699	0.247027	0.338082	0.0744829	0.00332372	0.00302136
192	0.0433438	0.00658871	0.0318143	0.00935769	0.00766654	0.224849	0.0377017	0.00304727	0.108608	0.0053661	0.00620368	0.248162	0.00360877	0.0128152	0.0661601	0.162415	0.00682947	0.00642414	0.00175968	0.00727802
