221	20
1	0.0447296	0.00657071	0.0233408	0.0546535	0.000903181	0.0214729	0.0410037	0.00354514	0.329313	0.0079901	0.00425389	0.0420971	0.00265214	0.0725296	0.272873	0.0400657	0.0185899	0.00705623	0.000241917	0.00611828
2	0.151636	0.00183892	0.0195165	0.0210135	0.00192738	0.0117918	0.0108767	0.0712732	0.0308911	0.0482405	0.00249201	0.019978	0.299291	0.00226763	0.0112749	0.0207794	0.152349	0.120598	0.000673374	0.00129113
3	0.17139	0.132791	0.000730863	0.00113874	0.116371	0.0509847	0.01312	0.0690212	0.00486141	0.131515	0.0594992	0.00944867	0.000614813	0.00758597	0.00739083	0.0657373	0.0542097	0.0616864	0.0237388	0.018164
4	0.0233311	0.00593682	0.000296598	0.000496855	0.0470816	0.000687832	0.00272084	0.329397	0.00211185	0.330838	0.0539875	0.000645756	0.00394808	0.000582232	0.00321789	0.00102771	0.00101967	0.185581	0.000240316	0.00685118
5	0.0100001	0.00653156	0.000397412	0.00927266	0.0147106	0.000920549	0.0181086	0.239942	0.0245745	0.253493	0.0271272	0.000849995	0.000345293	0.0265132	0.046663	0.00386692	0.0153751	0.265297	0.00569344	0.030318
6	0.225138	0.0339933	0.000533452	0.00245856	0.0141332	0.00779092	0.00204538	0.257952	0.00105538	0.0243815	0.0303151	0.00165074	0.000499771	0.00206678	0.00578385	0.00997382	0.0241552	0.355031	0.000345574	0.000697188
7	0.729763	0.02374	0.00228878	0.00259948	0.00222268	0.0757764	0.000874222	0.00862875	0.000843667	0.00288313	0.00252307	0.00228764	0.00179369	0.00260155	0.00238019	0.0329167	0.0187651	0.0863613	0.000210295	0.0005403
8	0.0033339	0.000934819	0.000614656	0.00059522	0.0203219	0.001042	0.000795914	0.110536	0.0042986	0.557252	0.13188	0.00101297	0.000363159	0.000823664	0.00124822	0.00153854	0.00553373	0.157078	0.000262116	0.000534755
9	0.010133	0.0115709	0.00049741	0.000931707	0.238628	0.00120272	0.000893802	0.0448432	0.00098045	0.418438	0.120487	0.00904555	0.000450243	0.00110828	0.00157808	0.00217459	0.00149917	0.0290649	0.0289814	0.0774905
10	0.0366189	0.0134583	0.00146806	0.00232746	0.0230969	0.0150303	0.0134416	0.0609684	0.00266774	0.320226	0.450185	0.00382686	0.00125385	0.0131039	0.00310576	0.0156918	0.00511532	0.0163695	0.00075579	0.00128867
11	0.0496	0.0164422	0.0930891	0.232053	0.00887702	0.0402045	0.0165461	0.0060539	0.0753824	0.0217805	0.0105065	0.0679003	0.0906802	0.0767044	0.0575194	0.055013	0.0652079	0.0079354	0.000518717	0.007985
12	0.028982	0.00282741	0.00265631	0.00254468	0.002943	0.0529625	0.00319145	0.00439628	0.00353966	0.00518076	0.00362339	0.740943	0.0255373	0.00327106	0.00365815	0.0615145	0.0429719	0.00634507	0.00106247	0.00184908
13	0.0446443	0.00575397	0.000501684	0.000656321	0.0295482	0.00201133	0.00184319	0.332193	0.00476698	0.261987	0.0377349	0.00114754	0.0138359	0.00132932	0.00201348	0.00237229	0.00222778	0.251824	0.00028026	0.00332826
14	0.166565	0.121793	0.000621437	0.00107259	0.10705	0.0586857	0.0140237	0.0649784	0.00471087	0.128745	0.0580746	0.0106372	0.00049379	0.00883524	0.00698121	0.0687468	0.0563679	0.0627522	0.0424898	0.0163763
15	0.0335744	0.0257344	0.000264069	0.00164529	0.0470466	0.0109477	0.00172889	0.241467	0.00160102	0.22574	0.0779192	0.00410756	0.000177573	0.00354136	0.000480902	0.0184366	0.0632111	0.211926	0.00416348	0.0262872
16	0.155667	0.122592	0.000722684	0.00116491	0.120121	0.0505817	0.0151558	0.0716879	0.00472849	0.128391	0.0600531	0.00952279	0.000487838	0.007794	0.00705016	0.0655994	0.0515184	0.0691279	0.0362414	0.0217934
17	0.0113132	0.0111016	0.000447478	0.000815185	0.220053	0.00128224	0.000825901	0.0448673	0.00091492	0.452389	0.116658	0.00856973	0.000413061	0.00120055	0.0015001	0.00204292	0.00191437	0.0292474	0.0249645	0.0694794
18	0.216454	0.0015191	0.000662697	0.0103246	0.00103238	0.693187	0.0010654	0.00146244	0.00566626	0.00164828	0.00128101	0.00137083	0.000963509	0.00573831	0.00123061	0.0460029	0.00645453	0.00292634	0.000344672	0.000665059
19	0.0202905	0.0140408	0.000423415	0.000638975	0.0412203	0.00222335	0.000713023	0.0438096	0.000588872	0.754715	0.0665567	0.00363512	0.000363883	0.00246083	0.00163353	0.00134569	0.00940841	0.0279054	0.000261509	0.00776556
20	0.40336	0.063015	0.00515452	0.00712241	0.00190491	0.0409222	0.00663724	0.0399665	0.0061492	0.03995	0.0302173	0.0398422	0.000739862	0.0138207	0.0124327	0.155825	0.0772822	0.0544787	0.000300469	0.000878859
21	0.0146057	0.00118099	0.00733876	0.0176062	0.000955914	0.0168178	0.0151951	0.00204025	0.632628	0.00547139	0.00689364	0.00763616	0.00668356	0.0242239	0.201994	0.0248601	0.0086774	0.00402293	0.000329588	0.000838864
22	0.0770785	0.00974925	0.00081182	0.00112276	0.0193746	0.00337683	0.00212197	0.31465	0.0125166	0.300803	0.0373059	0.00147166	0.00812524	0.00170958	0.0023666	0.00266489	0.00214191	0.199618	0.000358836	0.00263161
23	0.259794	0.0340512	0.00161572	0.00185166	0.0027524	0.0436226	0.00226726	0.0226494	0.00246354	0.0348124	0.0149438	0.00294769	0.0730869	0.0125745	0.00364555	0.124588	0.160742	0.199198	0.000724013	0.00166938
24	0.204267	0.00434129	0.0208724	0.021115	0.00700998	0.065453	0.00679429	0.0030865	0.0304707	0.0148758	0.00287601	0.0367946	0.0421896	0.0115852	0.0249911	0.360526	0.0947102	0.0466097	0.000376081	0.00105602
25	0.0101506	0.0116904	0.000497499	0.000931185	0.238819	0.00122257	0.000893803	0.0448541	0.000979888	0.418272	0.120307	0.00904737	0.000450407	0.00110948	0.00157825	0.00217665	0.00153161	0.0290279	0.0290126	0.0774473
26	0.0231815	0.00589454	0.000306195	0.000494662	0.0456371	0.000697814	0.00267322	0.323404	0.00221711	0.337335	0.0550165	0.000682609	0.00399792	0.000605321	0.00306202	0.00104905	0.000946414	0.186123	0.000220171	0.00645565
27	0.0379872	0.0056193	0.00987276	0.0150642	0.00475729	0.0739391	0.00608896	0.00822507	0.0102218	0.00881848	0.00684814	0.610862	0.0770226	0.0101884	0.00942202	0.0453225	0.0413815	0.0121209	0.00316347	0.00307401
28	0.245593	0.00147365	0.00108804	0.00122332	0.00142459	0.0541357	0.00571552	0.0105651	0.00799652	0.00700363	0.0294403	0.0101617	0.381118	0.0327208	0.0148426	0.0941259	0.0466644	0.0528786	0.000973679	0.000854744
29	0.0205053	0.024611	0.00106245	0.00174671	0.278856	0.00822937	0.00425887	0.0794582	0.00311982	0.33637	0.0823078	0.00743648	0.000577637	0.0019492	0.00324519	0.00922917	0.00875173	0.0355149	0.0336407	0.0591292
30	0.149672	0.00304792	0.00125774	0.0412826	0.00227317	0.0236962	0.00257375	0.115009	0.0252568	0.264934	0.0458808	0.0123341	0.00127229	0.0348866	0.0333924	0.0456799	0.0357991	0.159773	0.000797863	0.00118131
31	0.00898153	0.00536592	0.00181062	0.0352919	0.065946	0.00408698	0.329605	0.00432003	0.0153705	0.012896	0.00387471	0.0768572	0.00121467	0.0279715	0.0712058	0.0353331	0.0112175	0.00678302	0.00286538	0.279002
32	0.12352	0.140839	0.00480356	0.0103839	0.00727854	0.0471583	0.00491867	0.0121963	0.00649523	0.010776	0.0124295	0.0202585	0.00482076	0.00616837	0.00773421	0.470909	0.0667346	0.0388079	0.0014642	0.00230335
33	0.0243628	0.00629639	0.00029677	0.00049871	0.0459749	0.000730481	0.0028002	0.329752	0.00226255	0.330171	0.0525158	0.000662138	0.00419426	0.000591473	0.00310536	0.00104851	0.00081145	0.187243	0.00020947	0.00647281
34	0.168391	0.13147	0.000579497	0.00117539	0.109866	0.0520103	0.0139677	0.0683473	0.00481299	0.133443	0.0593928	0.00966508	0.000511132	0.00793814	0.00724923	0.0684405	0.0558312	0.0646805	0.0247278	0.0174998
35	0.0327528	0.0271592	0.000189306	0.00150832	0.0595351	0.00966552	0.00152644	0.227847	0.00106853	0.231753	0.0849236	0.00417391	0.000174125	0.00424897	0.000453632	0.0179596	0.0453581	0.21466	0.00527078	0.0297714
36	0.0166763	0.00426353	0.00173746	0.00255936	0.365349	0.0157447	0.0359111	0.0382765	0.0376986	0.207175	0.015314	0.00344247	0.00144457	0.00334875	0.0221006	0.0367701	0.00472479	0.0266326	0.00411788	0.156713
37	0.0265629	0.0170679	0.000371078	0.00129463	0.0331655	0.00622171	0.00139725	0.384857	0.00132456	0.136226	0.0486365	0.00267236	0.000572149	0.00268934	0.00160528	0.0116154	0.0340913	0.272372	0.00268647	0.0145717
38	0.00129798	0.000537711	0.000375376	0.000482394	0.748038	0.000827567	0.0203093	0.00822209	0.000549671	0.0066496	0.00844474	0.000660305	0.000294676	0.00189305	0.000703784	0.00111725	0.00104191	0.00386793	0.00039872	0.194288
39	0.0854895	0.0163115	0.0113056	0.0163755	0.010946	0.0985679	0.0117855	0.0227506	0.0111614	0.0194267	0.016344	0.0576637	0.0152083	0.0142436	0.0156221	0.129795	0.404691	0.0327778	0.00425417	0.00527979
40	0.0252714	0.00922876	0.00892028	0.0171948	0.00903378	0.0183669	0.0579201	0.0105949	0.0734517	0.0105818	0.00792566	0.0219373	0.00902277	0.0212326	0.146725	0.468116	0.0476386	0.0197306	0.00193995	0.0151665
41	0.0718871	0.016639	0.0137147	0.0146234	0.0108053	0.579694	0.00917708	0.0197775	0.0135344	0.0243103	0.0139842	0.0312785	0.0134074	0.0106185	0.0139122	0.0472416	0.0225523	0.0639573	0.0031721	0.00571257
42	0.140633	0.0232063	0.00759069	0.0156871	0.0125642	0.0366914	0.0442363	0.0260513	0.0135028	0.0202524	0.0184946	0.0474971	0.0167977	0.0169665	0.0213312	0.171292	0.326689	0.0312961	0.00341164	0.00580803
43	0.07805	0.0207557	0.00756248	0.0164816	0.0116887	0.0887714	0.0121348	0.0234685	0.0124002	0.0191556	0.0167985	0.0578092	0.0151286	0.012762	0.0156012	0.127815	0.423733	0.0292733	0.00390501	0.00670604
44	0.00876412	0.00832901	0.00035144	0.00060152	0.122145	0.00161268	0.000577636	0.0377049	0.000607323	0.630549	0.0952607	0.00888076	0.000265279	0.00157604	0.0014828	0.00115912	0.00370006	0.0250052	0.0114738	0.0399538
45	0.201967	0.00556858	0.00550757	0.0103429	0.0042386	0.0732784	0.0099369	0.016227	0.0144358	0.0126715	0.0271104	0.0171335	0.38363	0.0505068	0.0197685	0.0519612	0.0491658	0.0394943	0.00415999	0.00289521
46	0.0125382	0.00272237	0.00832898	0.0165987	0.00261672	0.0125986	0.0124969	0.00524232	0.748765	0.0105028	0.00605009	0.0080566	0.00689847	0.015629	0.0948747	0.0161632	0.00949849	0.00700056	0.00126557	0.00215223
47	0.244504	0.0011312	0.00104746	0.00121838	0.00135047	0.0520008	0.00666985	0.012501	0.00982274	0.00803524	0.0288825	0.0121227	0.425134	0.0331707	0.0174604	0.0532867	0.0491942	0.0403325	0.00135255	0.000782264
48	0.630423	0.0219743	0.00279989	0.00293285	0.00189146	0.0218537	0.00261029	0.00903401	0.0024981	0.00683868	0.0044383	0.00268639	0.0052121	0.00363602	0.0045676	0.0641083	0.0241217	0.186318	0.000755995	0.00129945
49	0.018963	0.00343821	0.504634	0.289769	0.00408201	0.0155763	0.00592168	0.00681738	0.00731979	0.0124079	0.00527447	0.0129782	0.00633507	0.0385899	0.0124011	0.0130126	0.00943393	0.00822503	0.0218717	0.00294842
50	0.00484044	0.0111752	0.00135644	0.00199376	0.0022058	0.00294591	0.00204801	0.229993	0.0220677	0.00381772	0.00284418	0.0218073	0.000935457	0.0024564	0.107869	0.00423996	0.0927109	0.482776	0.000669558	0.00124652
51	0.0220419	0.00765128	0.000311905	0.000596637	0.0517601	0.00143455	0.00250049	0.313275	0.00153475	0.317931	0.0609567	0.00101895	0.0028883	0.00101124	0.00290332	0.00269483	0.00510185	0.193668	0.000749377	0.00996973
52	0.0335303	0.0221138	0.00508945	0.00966174	0.16662	0.0152199	0.0439502	0.0585881	0.0128842	0.155231	0.0899916	0.0193694	0.00599592	0.0208415	0.0175946	0.0251774	0.0216251	0.0545191	0.0192226	0.202774
53	0.0257811	0.14338	0.06618	0.0152173	0.00244808	0.0237878	0.00203566	0.116203	0.00262277	0.0951892	0.013199	0.116462	0.00117849	0.0028093	0.002602	0.0468664	0.175177	0.146489	0.000855504	0.0015158
54	0.135355	0.126146	0.00117547	0.00178899	0.0275915	0.0142297	0.00225664	0.00307179	0.00214088	0.00370137	0.0113627	0.0131016	0.118387	0.00226862	0.00792856	0.143648	0.311486	0.0624548	0.000682772	0.0112231
55	0.0139504	0.00954483	0.000817275	0.00152118	0.0332455	0.0105833	0.00241417	0.05656	0.00167594	0.670896	0.11775	0.0107705	0.000679861	0.00392921	0.00302411	0.00414541	0.0147883	0.0344875	0.000711316	0.00850486
56	0.0803022	0.0177021	0.0153405	0.0207423	0.0208372	0.039136	0.0195958	0.0376903	0.0234547	0.0468965	0.0251362	0.0284543	0.27076	0.024984	0.025226	0.0420236	0.0412673	0.0478861	0.153107	0.0194584
57	0.0108547	0.00988168	0.000314626	0.00047346	0.0376452	0.00196503	0.000395712	0.0415442	0.000482242	0.776899	0.067204	0.00413836	0.000260066	0.00241316	0.00158206	0.000836412	0.00612661	0.0275983	0.000287514	0.00909788
58	0.0052084	0.00488601	0.000542771	0.00132466	0.662985	0.00381999	0.0331073	0.0114205	0.00214798	0.0145951	0.00902014	0.00310008	0.000467228	0.00500543	0.00490376	0.00663607	0.00327802	0.0075324	0.00317496	0.216844
59	0.0129873	0.00841692	0.00296341	0.0302282	0.085866	0.00682459	0.304381	0.0148528	0.00944626	0.024594	0.0115356	0.067286	0.00262055	0.0232034	0.0312254	0.0315799	0.0108695	0.0130212	0.00491652	0.303181
60	0.153464	0.00697249	0.00239149	0.00256956	0.0117056	0.0460756	0.0028239	0.0241909	0.00366831	0.0124912	0.0311437	0.0563634	0.00260707	0.00285677	0.00349845	0.469502	0.133832	0.0320485	0.000571183	0.00122441
61	0.167146	0.00667204	0.00196872	0.00209476	0.0103611	0.0401325	0.00286292	0.0249381	0.00317387	0.0110279	0.0299214	0.0596522	0.00185046	0.00273612	0.00312833	0.468069	0.129478	0.0330049	0.000588243	0.00119249
62	0.215722	0.00126042	0.000651442	0.0103673	0.0010288	0.694444	0.00106891	0.00142747	0.00570808	0.00162495	0.00124966	0.00133425	0.000952153	0.00565531	0.0012062	0.0459203	0.0064969	0.00286335	0.000345242	0.000673752
63	0.141446	0.0963069	0.000978712	0.00193979	0.0962437	0.063912	0.0117925	0.0716634	0.00460775	0.153942	0.071091	0.0140626	0.00066707	0.0130258	0.00618053	0.0760241	0.0652013	0.0706563	0.0259304	0.0143281
64	0.0335873	0.0266408	0.000205451	0.00176409	0.0488091	0.010508	0.00185048	0.237561	0.00124055	0.226629	0.0813722	0.00435213	0.000168085	0.00379471	0.000388061	0.018394	0.0555716	0.215519	0.00442571	0.0272187
65	0.0340563	0.0235379	0.000231522	0.0014737	0.0465123	0.00952625	0.00155191	0.243998	0.00153485	0.230004	0.0771666	0.004309	0.00133655	0.00429386	0.000683502	0.0168643	0.0420274	0.23119	0.00434832	0.0253541
66	0.250923	0.0745492	0.00465136	0.00523603	0.0198075	0.306924	0.00451755	0.0131717	0.00571218	0.0122118	0.00875974	0.0284377	0.00262954	0.00563608	0.00627323	0.14249	0.0348862	0.0696649	0.00131442	0.00220355
67	0.377314	0.0707011	0.0061067	0.00582779	0.00187384	0.0429475	0.00785943	0.0451492	0.00722789	0.0395563	0.0318901	0.0441946	0.000540054	0.01221	0.0127827	0.156674	0.0803752	0.0557079	0.000320688	0.000740491
68	0.133084	0.101717	0.00116427	0.00170927	0.0193515	0.0240814	0.00294123	0.00358057	0.0024582	0.00422764	0.00810629	0.00823322	0.0979749	0.00266959	0.0122778	0.153605	0.373931	0.0409889	0.000705897	0.00719266
69	0.0338544	0.0266881	0.000180189	0.00160339	0.0517149	0.00982232	0.00160992	0.235639	0.001075	0.225525	0.0815211	0.00428043	0.000142616	0.00398574	0.000396372	0.018043	0.0502257	0.220126	0.00474018	0.0288257
70	0.240656	0.0340516	0.000583257	0.00244733	0.0147827	0.00810111	0.00201164	0.251516	0.00106779	0.0258049	0.0295639	0.00169828	0.000547489	0.00208564	0.00628835	0.0107302	0.0250977	0.341895	0.00035979	0.000711203
71	0.0103323	0.00960138	0.000321749	0.000459307	0.0348095	0.00192604	0.000405777	0.0465252	0.00060386	0.768549	0.0685445	0.00373877	0.000263424	0.00231782	0.00160202	0.000887124	0.00639307	0.0343941	0.00017588	0.00814887
72	0.0342426	0.00100707	0.0100465	0.0156805	0.00126438	0.0249307	0.0148251	0.00174136	0.352724	0.00581726	0.0029736	0.00800728	0.00103052	0.0179129	0.461057	0.0285236	0.0141539	0.00288369	0.000318799	0.000859243
73	0.0197153	0.00127974	0.0213463	0.0346472	0.00125812	0.00723877	0.0353493	0.00570097	0.355443	0.00247725	0.0139998	0.0184401	0.111969	0.0185997	0.215882	0.0790572	0.0394576	0.0169029	0.000448637	0.000787406
74	0.0219155	0.00136306	0.0101965	0.0264435	0.000806313	0.0143164	0.0201677	0.00168721	0.493884	0.00563163	0.00343431	0.0112157	0.00415485	0.035294	0.305393	0.0291972	0.0100885	0.00339367	0.000297517	0.00111951
75	0.0145936	0.0109763	0.00161149	0.00351438	0.545726	0.00935479	0.0446605	0.010588	0.00386253	0.0160016	0.00837106	0.00733359	0.000965678	0.0231315	0.014967	0.0179273	0.00983777	0.0136153	0.00793271	0.235029
76	0.10011	0.0123328	0.00493835	0.00915813	0.00416544	0.0190862	0.0104721	0.0101089	0.00935607	0.0148446	0.0154038	0.017096	0.00627221	0.00767081	0.0330483	0.650385	0.0522711	0.0185401	0.0012828	0.00345719
77	0.704939	0.0146819	0.00210875	0.00267567	0.0010601	0.0243632	0.000925585	0.00792237	0.000988653	0.00977679	0.00414871	0.00128527	0.01257	0.00375468	0.005094	0.0330599	0.043514	0.126176	0.00031532	0.000640415
78	0.00559752	0.00209799	0.00130655	0.0024901	0.00190263	0.014023	0.0179033	0.00375686	0.0147912	0.00357121	0.00273817	0.0121821	0.00109991	0.00234278	0.0942342	0.744207	0.0598609	0.0137886	0.000851714	0.00125459
79	0.0778187	0.0331353	0.014578	0.0304881	0.00192186	0.0508555	0.0802104	0.00446153	0.145906	0.00570171	0.00206937	0.0945949	0.000904341	0.125127	0.23301	0.0617895	0.017328	0.00526074	0.000585471	0.0142537
80	0.00129798	0.000537711	0.000375376	0.000482394	0.748038	0.000827567	0.0203093	0.00822209	0.000549671	0.0066496	0.00844474	0.000660305	0.000294676	0.00189305	0.000703784	0.00111725	0.00104191	0.00386793	0.00039872	0.194288
81	0.0369123	0.0676329	0.00199439	0.00336483	0.335824	0.0111982	0.0136669	0.104767	0.00471897	0.128799	0.0322489	0.0048961	0.00179338	0.0037162	0.00520612	0.0196538	0.0104953	0.0373161	0.116676	0.0591194
82	0.0727307	0.00362172	0.237682	0.130421	0.0024103	0.022232	0.0122357	0.0267727	0.0750921	0.0297113	0.00335274	0.0941828	0.0908143	0.0344351	0.0192113	0.0768483	0.0390242	0.0267652	0.000710042	0.00174684
83	0.0120956	0.00188681	0.501102	0.353906	0.0017741	0.0147283	0.0018948	0.00273191	0.00199979	0.00891514	0.00284609	0.00697688	0.00275565	0.0483304	0.0113174	0.0101538	0.00465747	0.00364434	0.00709716	0.00118587
84	0.228037	0.0346076	0.00053099	0.00240503	0.01396	0.0079591	0.00199433	0.25683	0.00108439	0.0247133	0.030525	0.00165947	0.000493055	0.00201246	0.00578606	0.0100014	0.0242895	0.352046	0.000355404	0.000710279
85	0.0665584	0.0208664	0.00695284	0.0134399	0.00315188	0.00331185	0.0214257	0.12893	0.0816296	0.0508555	0.0219288	0.00370931	0.00447706	0.0747193	0.262651	0.0196979	0.0405521	0.158928	0.00422161	0.011993
86	0.0489451	0.00193728	0.0238465	0.0993241	0.000716812	0.0097628	0.0240534	0.00441885	0.355161	0.0134721	0.0083844	0.039512	0.000422956	0.071746	0.24253	0.0239512	0.0169006	0.0119211	0.00026542	0.00272812
87	0.0043369	0.00213821	0.00132533	0.0337734	0.0747294	0.0029249	0.328815	0.00330164	0.00207335	0.0129442	0.00331391	0.0825998	0.00104459	0.0185609	0.0165156	0.0297619	0.00340247	0.00397577	0.00310882	0.371354
88	0.00536436	0.00193483	0.19452	0.0280043	0.0018046	0.128648	0.0149052	0.00379327	0.182285	0.00365149	0.00255241	0.226401	0.00100549	0.0537334	0.116763	0.0247522	0.00372051	0.00408829	0.000683172	0.00138934
89	0.255467	0.0373226	0.000837931	0.00244153	0.0137268	0.00843126	0.0023507	0.24958	0.0013781	0.0250342	0.0298937	0.00182462	0.000836943	0.00213667	0.00607932	0.0110135	0.0269437	0.323364	0.000484545	0.000852459
90	0.0494878	0.00332078	0.00133407	0.0094674	0.00338468	0.0197552	0.00445242	0.00610358	0.00265653	0.00430652	0.00662871	0.0836199	0.00130364	0.00263362	0.00377531	0.252584	0.535617	0.00778188	0.000487215	0.00130027
91	0.238677	0.0351541	0.00053382	0.00216965	0.0131511	0.00921487	0.00202497	0.252649	0.0011872	0.0267021	0.0343708	0.00157322	0.000504348	0.0019625	0.00547303	0.0109632	0.0262527	0.336219	0.000413198	0.000804775
92	0.0773142	0.0917679	0.00178003	0.026457	0.0177125	0.0231881	0.109089	0.0409203	0.00338407	0.144001	0.0471797	0.0354646	0.00179726	0.0989637	0.0314721	0.024882	0.0852397	0.100538	0.00140851	0.0374408
93	0.0274088	0.0267562	0.00364361	0.0147932	0.150444	0.0143968	0.128417	0.0252227	0.00790092	0.0294377	0.0163952	0.0286319	0.00532301	0.0159069	0.0153617	0.0277997	0.0120792	0.0447081	0.0731696	0.332203
94	0.00454717	0.0037297	0.000516895	0.000849013	0.0153494	0.00133393	0.00101692	0.509322	0.000992487	0.0692978	0.0133521	0.00141133	0.00178178	0.00108816	0.0017094	0.00553428	0.0159741	0.351353	0.000293861	0.000547398
95	0.0216717	0.00836763	0.0351161	0.0236147	0.00344369	0.652896	0.0126813	0.00538707	0.0177214	0.0126363	0.00449089	0.106665	0.00486064	0.0158309	0.0183192	0.0286727	0.0128242	0.0118222	0.000899094	0.00207964
96	0.0497794	0.00953955	0.0891402	0.291872	0.0100747	0.0265678	0.0166792	0.0230703	0.064849	0.0287379	0.0127536	0.0473954	0.0894341	0.0658477	0.0424363	0.0492608	0.0456617	0.025861	0.00347277	0.00756654
97	0.031821	0.0248044	0.000231868	0.0016483	0.0468613	0.0104518	0.00165583	0.239423	0.0015233	0.235934	0.0813401	0.00396731	0.000161484	0.00353945	0.000503309	0.0180087	0.0578666	0.21046	0.00414741	0.0256504
98	0.0994882	0.32227	0.00344001	0.00389043	0.0440358	0.0138559	0.00666449	0.0230444	0.00556854	0.275042	0.0716518	0.00656788	0.00219093	0.00580877	0.00733561	0.0187604	0.0166093	0.0618455	0.00508703	0.00684266
99	0.0338227	0.0253574	0.00020241	0.00150128	0.0563889	0.00940533	0.00147665	0.23639	0.00103085	0.221281	0.080339	0.00402826	0.000164945	0.00421045	0.000444194	0.0172508	0.0469801	0.22329	0.00522658	0.0312098
100	0.0781711	0.00445574	0.0108795	0.0131207	0.00195	0.789746	0.00376416	0.00256941	0.00714172	0.00606444	0.00182264	0.0207567	0.00246867	0.00742706	0.00545662	0.0292244	0.00620889	0.00708804	0.000426391	0.00125774
101	0.132704	0.0130665	0.0168578	0.0183881	0.00838317	0.0420158	0.00894901	0.0206039	0.0131039	0.0165035	0.0182659	0.318958	0.0165156	0.0122531	0.0182713	0.214288	0.0773753	0.0282845	0.00180777	0.00340586
102	0.0696489	0.00566586	0.0113058	0.0139114	0.00173671	0.787529	0.00423779	0.00348517	0.00736936	0.00750146	0.00246953	0.0231572	0.00293646	0.00578572	0.00570097	0.0292251	0.00814711	0.00819208	0.000630637	0.00136343
103	0.00921528	0.00822609	0.00034326	0.000433803	0.0343656	0.00184463	0.000432267	0.0474655	0.000737789	0.757309	0.0762699	0.00377567	0.00025524	0.00214756	0.00157215	0.00084125	0.00562639	0.0412967	0.000175294	0.00766629
104	0.0200133	0.00280553	0.00909595	0.0150566	0.00114595	0.0251781	0.02416	0.00235087	0.288891	0.00549288	0.00350276	0.0128326	0.00799675	0.0213073	0.505819	0.0333151	0.0143445	0.00462523	0.000363124	0.00170307
105	0.244193	0.00113866	0.00100851	0.00113387	0.00118777	0.0526295	0.00646526	0.012359	0.0100999	0.00768089	0.02874	0.0120759	0.423922	0.033985	0.0178054	0.0540386	0.0497293	0.0399085	0.00118659	0.000712527
106	0.0633175	0.00446426	0.13777	0.233601	0.00239815	0.0194519	0.0186799	0.00562378	0.110075	0.012834	0.00630656	0.0773669	0.0237282	0.0953237	0.0601192	0.0633713	0.05583	0.00857484	0.000168642	0.000995762
107	0.00411302	0.00405644	0.000521057	0.000945984	0.0160131	0.00187196	0.00102434	0.506341	0.00100097	0.0738385	0.0144138	0.00142921	0.00121606	0.00110014	0.0013725	0.00655964	0.0186829	0.344087	0.000399965	0.0010127
108	0.0414019	0.0255449	0.0146407	0.0217267	0.0640147	0.0239937	0.0201462	0.0340476	0.0178279	0.0673611	0.0284533	0.0206039	0.0255578	0.018311	0.0224893	0.0343936	0.0320586	0.0450339	0.411953	0.0304397
109	0.0598632	0.00514671	0.114406	0.233764	0.00247286	0.0205186	0.018655	0.00458006	0.123105	0.012149	0.00711998	0.0723279	0.0224109	0.102053	0.0717724	0.0622744	0.0578332	0.00835895	0.000141962	0.00104779
110	0.0612497	0.00487648	0.117277	0.262743	0.00288884	0.0193795	0.0183192	0.00495959	0.108897	0.0128751	0.00639735	0.0700055	0.0263475	0.0991832	0.060932	0.0604406	0.0544491	0.00738146	0.00018136	0.00121714
111	0.0165261	0.0159226	0.000683316	0.00111279	0.227999	0.00397972	0.00223378	0.0615151	0.00166857	0.384295	0.111517	0.00837119	0.000492607	0.00212487	0.00300165	0.00651556	0.00663381	0.0432495	0.0318108	0.0703463
112	0.0821729	0.0209336	0.00281793	0.0250575	0.008319	0.00228992	0.0124949	0.111931	0.0867133	0.106838	0.0675287	0.0050884	0.00642083	0.103902	0.081913	0.0363294	0.0749493	0.144805	0.00275725	0.0167373
113	0.0595158	0.00468576	0.114104	0.232673	0.00229091	0.0207043	0.0191868	0.00449272	0.126469	0.011726	0.00732316	0.0756449	0.0179043	0.103231	0.0726689	0.0622452	0.0560387	0.00812703	0.000123572	0.000844489
114	0.0293238	0.0082011	0.0126948	0.0298545	0.0045836	0.0159124	0.0372568	0.00990876	0.238854	0.0126315	0.00912712	0.0155624	0.0134711	0.030285	0.428828	0.0379003	0.0366478	0.0215967	0.00156622	0.0057936
115	0.00309099	0.0018846	0.000554036	0.00208458	0.67745	0.00233056	0.0402836	0.00948159	0.00119908	0.0114431	0.00932382	0.00530913	0.000400501	0.004614	0.00323328	0.00489165	0.00206522	0.00623147	0.00199743	0.212131
116	0.016389	0.00268699	0.0312598	0.0281347	0.00203352	0.459534	0.0448371	0.00368268	0.0978407	0.00516374	0.00284953	0.122792	0.0014153	0.060132	0.0762705	0.0339351	0.00388879	0.00493456	0.000665629	0.00155355
117	0.0399785	0.0130942	0.038382	0.0546251	0.00137458	0.0257822	0.0518418	0.00796048	0.193543	0.0115546	0.00272392	0.0477057	0.000494521	0.131848	0.293751	0.0396511	0.0169481	0.00968476	0.000401908	0.0186555
118	0.00357812	0.00352166	0.000503362	0.000842638	0.0153123	0.00133585	0.000989682	0.511573	0.000921544	0.0690025	0.0132839	0.00131953	0.00163482	0.00102853	0.00130415	0.00559242	0.0156363	0.351836	0.000296752	0.000487097
119	0.151776	0.13541	0.000988046	0.00134319	0.0927887	0.0782466	0.00758971	0.0512923	0.0160434	0.124028	0.0351838	0.0121984	0.000753393	0.00485918	0.0267857	0.0394079	0.0614771	0.0919439	0.0253755	0.0425098
120	0.0335922	0.00420928	0.124099	0.555113	0.00490466	0.0138338	0.00896024	0.00698586	0.0218554	0.0173386	0.00597949	0.0159015	0.00787814	0.105396	0.0204478	0.025641	0.0120145	0.00879654	0.00268295	0.00436965
121	0.0399667	0.0311408	0.0010691	0.00218081	0.209993	0.0237247	0.00425774	0.186356	0.00383994	0.205926	0.0451583	0.00382065	0.000589144	0.0038332	0.00245296	0.022163	0.0413187	0.136953	0.0168606	0.0183953
122	0.0183626	0.0235165	0.00103517	0.00196046	0.253804	0.00667895	0.01023	0.041458	0.00319677	0.256683	0.0719697	0.00721412	0.000829971	0.00313015	0.00453266	0.0115036	0.00456905	0.0459753	0.0483314	0.185019
123	0.215722	0.00126042	0.000651442	0.0103673	0.0010288	0.694444	0.00106891	0.00142747	0.00570808	0.00162495	0.00124966	0.00133425	0.000952153	0.00565531	0.0012062	0.0459203	0.0064969	0.00286335	0.000345242	0.000673752
124	0.169793	0.00336782	0.00148652	0.00248647	0.00236359	0.00388169	0.00262532	0.00339315	0.00222074	0.0210417	0.0204266	0.00293547	0.00133741	0.00264058	0.00327288	0.744731	0.0048124	0.00514548	0.000659782	0.00137835
125	0.0583304	0.00466351	0.00208516	0.00696762	0.00424314	0.0220727	0.00713694	0.00946919	0.00591735	0.00661325	0.00924457	0.0524987	0.00309533	0.00310208	0.0233511	0.426829	0.338728	0.0137034	0.000654911	0.00129373
126	0.0307534	0.00210932	0.147133	0.580801	0.00230886	0.0107457	0.00378605	0.00372028	0.0147471	0.0157281	0.00316673	0.0139825	0.00727734	0.112884	0.0120964	0.0202444	0.00924804	0.0052525	0.00276538	0.00125073
127	0.00724478	0.00280139	0.000886155	0.00188745	0.0106031	0.00270168	0.00209271	0.354749	0.00193254	0.136121	0.00956162	0.00201359	0.00261494	0.00224699	0.00279795	0.00569983	0.0161624	0.435648	0.000781514	0.00145339
128	0.0243953	0.000840449	0.0112063	0.0355009	0.000746401	0.0125576	0.0187728	0.00142299	0.490347	0.00664251	0.00303546	0.0117608	0.000507337	0.0391459	0.305171	0.0241421	0.00954626	0.00325141	0.00030169	0.000706507
129	0.0470766	0.0939943	0.00177986	0.00322466	0.344781	0.00819989	0.020798	0.114075	0.00386813	0.0421969	0.0211894	0.00357901	0.00158111	0.00360159	0.00525645	0.0251424	0.00576239	0.0546879	0.0480056	0.1512
130	0.0061222	0.00315506	0.57333	0.0183576	0.000737467	0.0289665	0.0217729	0.00159006	0.00306744	0.00171788	0.0058015	0.260427	0.000608243	0.0126569	0.00345753	0.0342985	0.0212011	0.00166411	0.000532446	0.000535451
131	0.00569674	0.00240526	0.0316495	0.112309	0.0436606	0.0153202	0.0332732	0.145853	0.0499826	0.0920432	0.0378355	0.0370547	0.149364	0.0377085	0.0258379	0.00488555	0.0428037	0.10221	0.00099217	0.0291154
132	0.0611462	0.00454958	0.114267	0.254722	0.00283643	0.0200387	0.0189152	0.00466101	0.116203	0.0124606	0.00703252	0.072746	0.0204104	0.10047	0.0652874	0.06103	0.0543898	0.00772746	0.000153537	0.000954193
133	0.0874388	0.00360452	0.00289813	0.00425556	0.00426288	0.0058787	0.0260945	0.122038	0.00511655	0.241877	0.00515015	0.00537793	0.333689	0.00465964	0.0242809	0.0081999	0.00757417	0.085175	0.00251342	0.019916
134	0.0103389	0.00679052	0.000401085	0.00934244	0.0146231	0.00103406	0.0177543	0.237678	0.023973	0.254821	0.0277846	0.000914628	0.000348328	0.0260232	0.0452643	0.00417396	0.0152566	0.267693	0.00581144	0.0299738
135	0.0206376	0.00214355	0.00682502	0.0137246	0.00105565	0.0206806	0.0195492	0.00289227	0.298963	0.00761432	0.00398235	0.00819565	0.00180717	0.0153423	0.529412	0.0247989	0.0146169	0.00611559	0.000708955	0.000934238
136	0.0066812	0.00354932	0.544911	0.0142292	0.000603116	0.0359538	0.0176584	0.00106334	0.00332283	0.00118826	0.00631166	0.286274	0.000428515	0.0106215	0.00358032	0.0399031	0.0218182	0.00123982	0.000240219	0.000421734
137	0.224549	0.00337829	0.101177	0.235931	0.022023	0.00563584	0.0368808	0.039203	0.0621965	0.0497275	0.0517031	0.023201	0.00250331	0.0734898	0.00635881	0.0427764	0.00844549	0.00707813	0.00164011	0.00210214
138	0.0331514	0.00197181	0.00111678	0.0106933	0.0022635	0.0167854	0.00367499	0.00328664	0.00206293	0.00313532	0.00241755	0.0882492	0.000896337	0.00231424	0.00232321	0.217679	0.602817	0.00344638	0.000512466	0.00120214
139	0.0604082	0.00438518	0.114529	0.254435	0.00255207	0.0198873	0.0190466	0.00446231	0.117202	0.0119416	0.00673835	0.0755795	0.0187836	0.100709	0.0656087	0.0613131	0.0539687	0.00741924	0.00015885	0.000871974
140	0.0489456	0.00875084	0.0270483	0.0563344	0.000874114	0.022645	0.0425469	0.00413999	0.304	0.0079484	0.00382348	0.0462765	0.00244543	0.0892431	0.255481	0.0447223	0.0190405	0.00753613	0.000257423	0.00794087
141	0.0451499	0.0119693	0.0350262	0.116458	0.00421375	0.0132405	0.019769	0.00813819	0.290341	0.0103627	0.0123655	0.0285415	0.0248098	0.055377	0.167375	0.0660979	0.0421727	0.0436521	0.0022575	0.00268331
142	0.0101341	0.0065093	0.000388922	0.00914503	0.0149954	0.000906208	0.0179127	0.241377	0.0243605	0.253787	0.0272034	0.000853172	0.000413637	0.0262775	0.0462768	0.00382671	0.0152532	0.264734	0.00560399	0.0300407
143	0.0330404	0.0255514	0.000178883	0.00168366	0.0508508	0.00977434	0.0016768	0.235393	0.00135501	0.226708	0.0799492	0.0042308	0.000147188	0.00428192	0.00103804	0.0176587	0.0468705	0.225197	0.0050429	0.0293716
144	0.0276403	0.0210088	0.00205892	0.0196352	0.0183354	0.00332528	0.184939	0.00296016	0.0993542	0.0112201	0.00203503	0.0193121	0.000963515	0.046611	0.394285	0.0399615	0.0517164	0.0115047	0.000644568	0.0424885
145	0.0066812	0.00354932	0.544911	0.0142292	0.000603116	0.0359538	0.0176584	0.00106334	0.00332283	0.00118826	0.00631166	0.286274	0.000428515	0.0106215	0.00358032	0.0399031	0.0218182	0.00123982	0.000240219	0.000421734
146	0.135685	0.0189348	0.00105134	0.00689852	0.0185393	0.0259217	0.00377852	0.22677	0.00559971	0.13689	0.037487	0.00454699	0.0021615	0.00621517	0.00637134	0.0134001	0.0311548	0.309772	0.00165572	0.00716689
147	0.0204702	0.00390506	0.00181595	0.00281481	0.39317	0.0125366	0.039361	0.042987	0.0449164	0.221228	0.0192232	0.00405532	0.00158205	0.00334204	0.0284556	0.0401581	0.00501387	0.0331613	0.00269869	0.0791048
148	0.069201	0.0428358	0.0175811	0.101943	0.00938512	0.0103443	0.0101278	0.00279311	0.151086	0.00303912	0.0101605	0.00212418	0.00944364	0.0678877	0.23997	0.0751913	0.0945749	0.0723901	0.00871074	0.00121101
149	0.0169939	0.00129604	0.0293692	0.0474115	0.0011146	0.00879108	0.0409754	0.00763855	0.386938	0.00217964	0.0199171	0.0159682	0.1156	0.0162165	0.166443	0.0624414	0.0406899	0.0188652	0.000375247	0.000774967
150	0.0160122	0.00738876	0.0606076	0.0345842	0.00220042	0.658452	0.00984551	0.00484274	0.0170283	0.0159083	0.00294664	0.0793408	0.00814546	0.0160387	0.0160613	0.0301659	0.0104352	0.00767728	0.000649612	0.00166929
151	0.0530896	0.00726294	0.326849	0.117983	0.00555745	0.0237478	0.0144814	0.0208515	0.0531734	0.0235723	0.00908796	0.0668144	0.087386	0.0367708	0.0270414	0.0551602	0.0390865	0.0238569	0.00429338	0.0039341
152	0.104257	0.0347321	0.00391652	0.028908	0.0121851	0.00135266	0.0108518	0.0856641	0.0753829	0.101734	0.0757744	0.00743003	0.00883222	0.0740197	0.0987321	0.0443248	0.0715696	0.133338	0.00357332	0.0234216
153	0.0369159	0.0479925	0.00206686	0.00318596	0.241502	0.0203236	0.01663	0.0220346	0.00357485	0.0148233	0.00870164	0.00393039	0.00157491	0.00596967	0.00816206	0.0262284	0.00703937	0.103571	0.0868503	0.338922
154	0.0108925	0.0129291	0.000660966	0.00112265	0.302991	0.00301661	0.00565052	0.0381783	0.00335314	0.321061	0.08885	0.00712571	0.000539939	0.00158235	0.00331322	0.00630513	0.00209349	0.0313265	0.0323162	0.126692
155	0.103819	0.00398689	0.0488728	0.00411521	0.00421803	0.00591903	0.0249973	0.107466	0.00500171	0.0421204	0.0638244	0.276684	0.00231753	0.00548949	0.0965483	0.0877661	0.0272193	0.0851953	0.00136391	0.00307521
156	0.107063	0.00973948	0.0119994	0.015526	0.00619093	0.441601	0.00796339	0.0128475	0.0137286	0.0144495	0.0134085	0.0390996	0.150559	0.0204293	0.0142485	0.049313	0.033238	0.0286071	0.00507879	0.00490924
157	0.0201406	0.00699638	0.508697	0.0534422	0.00332751	0.0289757	0.0172726	0.0089629	0.019411	0.00929081	0.00829176	0.173033	0.00850939	0.0207976	0.0163126	0.0355828	0.044053	0.0114828	0.00276549	0.00265479
158	0.0033628	0.00095487	0.00061581	0.000618614	0.0203174	0.00104121	0.000853083	0.111268	0.00436555	0.555738	0.131447	0.00100912	0.000358845	0.000911416	0.00142767	0.00153659	0.00562136	0.157641	0.000283463	0.000628391
159	0.00334943	0.000949118	0.000611973	0.000594648	0.0204918	0.00104301	0.000796102	0.110088	0.00424993	0.558343	0.131644	0.00102985	0.00036217	0.000829267	0.0012491	0.00153267	0.00553643	0.156457	0.000262283	0.000580564
160	0.0806923	0.0292032	0.0035836	0.0267002	0.0102971	0.00122767	0.0143946	0.0937111	0.0858819	0.0890059	0.0674826	0.00544768	0.00807181	0.0776678	0.13664	0.0376814	0.0664609	0.136694	0.00404309	0.0251129
161	0.0889607	0.0328439	0.0100245	0.0340049	0.0146429	0.00121685	0.0123051	0.0887305	0.0766323	0.101171	0.0789171	0.00743423	0.00908418	0.0829083	0.102635	0.0365763	0.0647854	0.124542	0.0046956	0.0278892
162	0.0467913	0.0145848	0.181576	0.04667	0.0113955	0.0240741	0.0192089	0.0998259	0.0359056	0.0757318	0.017477	0.163317	0.0293498	0.0778757	0.0270957	0.046262	0.0363976	0.0352625	0.00316068	0.00803844
163	0.0336812	0.0251347	0.000203261	0.00148784	0.0568073	0.00931069	0.00147693	0.236476	0.00102701	0.222262	0.0802687	0.00400334	0.000177584	0.00417081	0.000457953	0.0170388	0.0465339	0.223032	0.00522744	0.0312229
164	0.0353603	0.0252453	0.00237341	0.00355137	0.325977	0.0248272	0.0578924	0.00712842	0.00434316	0.0109224	0.00544043	0.00463466	0.00199406	0.0368444	0.0427287	0.0431779	0.023554	0.0193113	0.0112652	0.313428
165	0.00654918	0.00475264	0.000882431	0.00160097	0.689124	0.00377399	0.0236779	0.0168266	0.0028038	0.0235008	0.0122401	0.00255783	0.000812765	0.00399761	0.00362002	0.00574534	0.00421248	0.0111	0.00311012	0.179112
166	0.0305938	0.0266885	0.00263442	0.00555824	0.00227442	0.0115019	0.0619942	0.064109	0.156901	0.039109	0.0339073	0.0107237	0.0034893	0.0492147	0.275892	0.0256124	0.0489837	0.135477	0.0104573	0.00487878
167	0.00960519	0.00354451	0.540308	0.0225271	0.000791512	0.0339016	0.0187407	0.00291645	0.00934577	0.00323638	0.00596045	0.260339	0.0041683	0.0136335	0.00635547	0.0389135	0.0214232	0.0030955	0.000558127	0.000635207
168	0.0280338	0.0132068	0.00833773	0.0194394	0.0118526	0.0181595	0.0986713	0.0138291	0.1556	0.0176759	0.00757219	0.0205458	0.00571198	0.0350986	0.430794	0.0346694	0.033294	0.0246115	0.00301038	0.019886
169	0.0335973	0.0234459	0.00090627	0.00281419	0.0320051	0.0253573	0.00235325	0.238288	0.00759938	0.206982	0.0652419	0.00468065	0.000476229	0.00414999	0.00237548	0.0261305	0.0898109	0.212627	0.00315965	0.017999
170	0.0201916	0.00744445	0.0262502	0.0209407	0.00398474	0.65944	0.0122893	0.00585513	0.0249172	0.0119021	0.00548488	0.100726	0.00632351	0.0177614	0.0236127	0.0270368	0.0127011	0.0097177	0.000904303	0.0025161
171	0.0109771	0.0043692	0.596526	0.0668578	0.00349419	0.0240703	0.0133037	0.00547622	0.0145517	0.00670105	0.00632114	0.152779	0.0059264	0.0149713	0.0148441	0.0282766	0.0181492	0.00652428	0.00390894	0.00197199
172	0.140021	0.0527169	0.00638173	0.0117721	0.0859166	0.0344396	0.0170392	0.0341045	0.0139825	0.0500142	0.0283708	0.0264417	0.023927	0.0154354	0.0222973	0.107382	0.247225	0.0550403	0.00860494	0.0188865
173	0.00129798	0.000537711	0.000375376	0.000482394	0.748038	0.000827567	0.0203093	0.00822209	0.000549671	0.0066496	0.00844474	0.000660305	0.000294676	0.00189305	0.000703784	0.00111725	0.00104191	0.00386793	0.00039872	0.194288
174	0.0203236	0.00197602	0.00831855	0.0202212	0.00123223	0.0179427	0.0197304	0.00282966	0.342303	0.0065253	0.00358808	0.0106169	0.00476224	0.0208046	0.471004	0.0264164	0.0133645	0.00588415	0.00050371	0.00165235
175	0.0485997	0.026638	0.0159108	0.0245423	0.0645704	0.0252399	0.0202063	0.0385772	0.0200351	0.0655323	0.0282069	0.0193682	0.0274998	0.0198276	0.0215645	0.0337277	0.0332138	0.0464674	0.381133	0.0391389
176	0.00440532	0.00161111	0.00165933	0.00413491	0.00152975	0.0102724	0.0103796	0.00241196	0.864422	0.0100394	0.0038834	0.00216796	0.000825541	0.00716252	0.0593064	0.00779487	0.00299683	0.00326455	0.000614625	0.00111726
177	0.173914	0.0112175	0.00486576	0.015859	0.00510997	0.408515	0.00321015	0.00708749	0.00832543	0.0074495	0.00770841	0.0173806	0.00822193	0.00661491	0.00695472	0.243998	0.0424309	0.0190065	0.000705872	0.00142404
178	0.0355538	0.00483093	0.121425	0.567084	0.00479378	0.0162684	0.00665456	0.00825213	0.0163329	0.0196871	0.00496406	0.0157807	0.00776979	0.104531	0.0153891	0.022404	0.0131249	0.00806671	0.00279981	0.00428775
179	0.0336555	0.00522913	0.051584	0.0126228	0.00578339	0.0453933	0.00782473	0.0104915	0.0141627	0.0111911	0.00892001	0.632022	0.0227229	0.0137229	0.0162329	0.0501521	0.039754	0.0124431	0.00186622	0.00422584
180	0.0442796	0.0110405	0.000788631	0.00259256	0.0186475	0.00489089	0.0027342	0.376281	0.00466997	0.11055	0.0251262	0.00391721	0.00261482	0.00401626	0.0121528	0.0075369	0.0264669	0.335407	0.00107305	0.00521352
181	0.167852	0.0034172	0.00145888	0.00246511	0.00231089	0.003947	0.002541	0.00335422	0.00222734	0.0205418	0.0200129	0.00299964	0.00133619	0.00263294	0.00372167	0.74686	0.00511852	0.00516397	0.000657744	0.00138119
182	0.287084	0.030735	0.00519551	0.00855044	0.00804899	0.0373718	0.00673542	0.0205062	0.0071973	0.0181598	0.017	0.0337936	0.0278561	0.0104684	0.00995289	0.195424	0.222677	0.0493874	0.00102847	0.00282708
183	0.184635	0.0267344	0.00280346	0.00335593	0.00288388	0.0599745	0.0169279	0.0562472	0.00425984	0.0119389	0.0317095	0.0810529	0.00132175	0.0263171	0.0169165	0.108832	0.327087	0.0349011	0.000656175	0.00144469
184	0.0305529	0.00230322	0.132038	0.591324	0.00215722	0.0113529	0.0036749	0.00363519	0.014691	0.0161848	0.00297963	0.0140114	0.00476745	0.11984	0.0121346	0.0208395	0.0090829	0.00494963	0.00245298	0.00102761
185	0.0491286	0.0221749	0.00117091	0.00186423	0.0343073	0.006367	0.00321977	0.301897	0.00333809	0.19457	0.0528869	0.00381434	0.00163631	0.00431002	0.00594601	0.0110688	0.0300825	0.254221	0.00261713	0.015379
186	0.182157	0.0103573	0.0166544	0.10989	0.00408115	0.0886644	0.00447683	0.00322789	0.0178081	0.00789982	0.00326433	0.0402393	0.0200916	0.0220987	0.0191353	0.320763	0.0969022	0.0306444	0.00063477	0.00101062
187	0.138441	0.0197538	0.0402509	0.182256	0.00306317	0.229389	0.00405167	0.00499069	0.00474445	0.00603018	0.00406639	0.117536	0.0029167	0.0469171	0.0344323	0.0817298	0.0665608	0.0092857	0.0014401	0.00214445
188	0.133545	0.00524114	0.00141003	0.029217	0.0123416	0.0137089	0.0201588	0.281837	0.00210362	0.036047	0.0233101	0.0116536	0.00120554	0.0200444	0.0117132	0.00460678	0.0716096	0.318385	0.000520066	0.00134155
189	0.0107934	0.00285348	0.000407618	0.00051961	0.0363446	0.000803441	0.00158392	0.209372	0.00258909	0.459416	0.0961637	0.000663572	0.00118468	0.000582672	0.00191218	0.00120676	0.00312979	0.167084	0.00026236	0.00312694
190	0.0881288	0.0928212	0.00125416	0.0237769	0.0196053	0.0103707	0.112321	0.0374738	0.00325607	0.11456	0.0495379	0.0451698	0.00122857	0.0831353	0.040724	0.0287474	0.106281	0.103327	0.000786839	0.0374943
