487	20
1	0.0367947	0.0155752	0.0116773	0.0305296	0.0221788	0.024172	0.0261208	0.0480818	0.148	0.0675925	0.088167	0.0380979	0.0113018	0.0533945	0.218576	0.0481741	0.0512799	0.0396873	0.00613097	0.0144676
2	0.111361	0.0101242	0.0395093	0.0637125	0.0101693	0.167067	0.0240576	0.0179994	0.0407791	0.0207586	0.0154825	0.0751	0.0150957	0.0390041	0.0496268	0.208049	0.0530475	0.0291227	0.000982521	0.00895116
3	0.05483	0.00656979	0.283849	0.290876	0.00226922	0.0220815	0.0169197	0.00700095	0.0341259	0.012443	0.00624609	0.0570428	0.0102941	0.0478809	0.0364264	0.0587036	0.0314865	0.0133451	0.000525251	0.00708453
4	0.124198	0.00520074	0.140809	0.209201	0.00465684	0.00524377	0.00583214	0.00728138	0.071579	0.0103955	0.00662844	0.00476367	0.117236	0.107282	0.0465495	0.0523978	0.0583509	0.0110703	0.00185226	0.00947241
5	0.0247824	0.00920106	0.00106	0.00291694	0.017257	0.00522162	0.000792654	0.327719	0.00355773	0.110651	0.0753676	0.00345122	0.00293386	0.00125546	0.00241221	0.0120231	0.019252	0.374928	0.00140501	0.00381187
6	0.169624	0.0925297	0.0237241	0.0101542	0.00829646	0.0145003	0.0119967	0.00825737	0.026824	0.0271033	0.0188655	0.0254001	0.00548739	0.0454086	0.0323184	0.298824	0.132383	0.0135698	0.0040662	0.030667
7	0.0211008	0.0263305	0.00192748	0.0183134	0.286403	0.00419356	0.0192738	0.0693457	0.0200734	0.313421	0.0296726	0.00714965	0.00878358	0.0117566	0.0119318	0.0146055	0.0140469	0.0384942	0.0130285	0.0701476
8	0.219753	0.0635142	0.00197171	0.0064085	0.034073	0.0416841	0.00807003	0.0626124	0.00623403	0.0471522	0.0228716	0.00688954	0.0281746	0.00349067	0.00332689	0.082467	0.0715322	0.231824	0.00282373	0.0551269
9	0.0232615	0.00848988	0.0167221	0.178805	0.00454491	0.0258141	0.0475153	0.0224914	0.0927381	0.0326244	0.0368103	0.0363149	0.0139243	0.208618	0.133472	0.0443315	0.028339	0.0329687	0.00124207	0.0109725
10	0.0198145	0.00809117	0.000557349	0.00129566	0.0695991	0.00999124	0.00309769	0.192215	0.0041332	0.377295	0.0859595	0.00147668	0.00389806	0.00933233	0.00741349	0.0120544	0.0141422	0.162661	0.00389764	0.0130744
11	0.0258329	0.0044364	0.000793957	0.00113829	0.236128	0.00850452	0.00183034	0.152842	0.00133456	0.154895	0.0774043	0.00196137	0.00933145	0.00191014	0.0019749	0.0127775	0.0250572	0.109615	0.00730748	0.164925
12	0.0204475	0.0080779	0.000671532	0.00093758	0.0648677	0.00895962	0.0013666	0.310094	0.00235612	0.27045	0.0520975	0.00183749	0.00458559	0.00369758	0.00279734	0.00903449	0.0161519	0.210365	0.00365726	0.00754658
13	0.121622	0.0136047	0.0144016	0.0650618	0.018955	0.0163658	0.092501	0.0267466	0.0151156	0.0348644	0.0145189	0.0298975	0.262807	0.0850865	0.0156562	0.0418503	0.0284461	0.059374	0.0177495	0.0253749
14	0.148782	0.00314158	0.0335116	0.0152444	0.00300529	0.00331039	0.00229556	0.0479418	0.0651738	0.0954424	0.066308	0.0730949	0.057502	0.00673461	0.0203453	0.108528	0.149526	0.0971135	0.000996399	0.0020028
15	0.0505164	0.00497409	0.281547	0.310693	0.00299401	0.0309656	0.0192124	0.00606457	0.0268705	0.0119891	0.00560089	0.0621228	0.00329795	0.040645	0.0195815	0.0677475	0.0353443	0.0145366	0.000224215	0.00507261
16	0.168699	0.0318294	0.00880581	0.0167785	0.0127891	0.0416093	0.0211406	0.0503946	0.00987734	0.048349	0.0271772	0.0555177	0.0158933	0.014893	0.0125926	0.269364	0.101162	0.0830665	0.00285131	0.00721038
17	0.436157	0.0167991	0.00269058	0.0155613	0.0193621	0.111939	0.00683726	0.0283716	0.0067183	0.0219479	0.0119961	0.0106805	0.0165687	0.0112527	0.0178701	0.159601	0.0373012	0.0560817	0.00139536	0.010869
18	0.0225005	0.0176291	0.00357831	0.00882137	0.168559	0.0142125	0.145895	0.0336729	0.00821763	0.0401224	0.0328865	0.0307302	0.01246	0.0144661	0.0786095	0.0387503	0.0284344	0.0100812	0.0052769	0.285095
19	0.177887	0.0871016	0.00245127	0.00822131	0.0358267	0.0430471	0.00563691	0.0897345	0.00458317	0.0553137	0.0336154	0.0142571	0.00602835	0.00473103	0.00255112	0.154074	0.128846	0.133222	0.005369	0.00750255
20	0.0339745	0.00693272	0.000228147	0.00380712	0.00672819	0.00102057	0.000366397	0.283009	0.00383262	0.0596375	0.0178225	0.000967622	0.00402758	0.00042696	0.00171969	0.00862994	0.0224105	0.541622	0.000729531	0.00210689
21	0.14926	0.0533307	0.00439378	0.0175791	0.0187376	0.0517544	0.00739193	0.0575332	0.00159924	0.0481443	0.0367959	0.035768	0.00756456	0.00833792	0.00398534	0.247569	0.166132	0.0782869	0.00295356	0.0028827
22	0.147258	0.0138448	0.0164758	0.0801576	0.0189669	0.0247629	0.0772491	0.0564006	0.0170895	0.064824	0.0224845	0.0801097	0.0675303	0.0531152	0.0203338	0.0658679	0.0409717	0.0674464	0.00962715	0.0554837
23	0.0542363	0.0108687	0.015817	0.019415	0.0149183	0.0147604	0.0310843	0.156102	0.0159716	0.355091	0.0601458	0.0132693	0.0053221	0.0250227	0.0253227	0.0357137	0.0457229	0.089714	0.00354036	0.0079622
24	0.264117	0.00955303	0.00451959	0.00930808	0.0112927	0.363986	0.016911	0.0151124	0.00594403	0.014282	0.0105348	0.0129031	0.0405102	0.00892068	0.00728759	0.138857	0.0278886	0.027835	0.00161658	0.00862033
25	0.0410113	0.00467335	0.252113	0.286809	0.0026122	0.0233365	0.0213556	0.00650559	0.0483892	0.0179282	0.00632671	0.0606168	0.00540612	0.0616286	0.042009	0.0614851	0.0319247	0.0172978	0.000372623	0.00819813
26	0.0343632	0.00655259	0.00508497	0.00505422	0.0094823	0.0101248	0.0212404	0.14943	0.01992	0.456669	0.0839674	0.0022153	0.00252981	0.0160066	0.0360352	0.0222706	0.0379661	0.0743529	0.00447852	0.00225557
27	0.125901	0.0113936	0.00771775	0.0122416	0.00594172	0.431205	0.0109411	0.0165502	0.0127617	0.0145075	0.0278863	0.0199035	0.0334511	0.0164103	0.0176713	0.163518	0.0447018	0.021335	0.00127976	0.00468182
28	0.0945461	0.027384	0.00896483	0.0282989	0.013533	0.0166798	0.0344774	0.134062	0.031851	0.123625	0.0739986	0.0418948	0.00322183	0.0383889	0.0281989	0.0623205	0.106955	0.111635	0.00112533	0.0188394
29	0.0720326	0.00593561	0.000303963	0.000511693	0.110474	0.0268267	0.00243598	0.196845	0.00395929	0.234127	0.0369124	0.00301911	0.00401321	0.00404861	0.00178428	0.0193353	0.0201341	0.233835	0.00980167	0.0136651
30	0.00772429	0.00330831	0.00225944	0.427476	0.00408418	0.0270799	0.029143	0.0102262	0.00316073	0.0274894	0.0380485	0.0148751	0.0254851	0.295023	0.0324728	0.0115003	0.00755927	0.0170588	0.00136466	0.0146605
31	0.0220026	0.0197172	0.00103718	0.00287134	0.381473	0.00334136	0.00672104	0.0899468	0.00463958	0.298692	0.0295643	0.0023351	0.00768497	0.00622021	0.0118958	0.0110286	0.0121579	0.0534583	0.00737749	0.0278354
32	0.00811252	0.00338915	0.0110606	0.0117684	0.00704466	0.0192281	0.00320838	0.0262898	0.417596	0.0321763	0.0210248	0.0295348	0.00195537	0.0223121	0.318484	0.0171373	0.0293164	0.0134552	0.0049352	0.00197074
33	0.0764337	0.0113782	0.148653	0.133857	0.010579	0.0710012	0.027587	0.0157939	0.0384571	0.025424	0.0130193	0.100131	0.0132653	0.0431131	0.0305884	0.129448	0.0629803	0.0386481	0.0013864	0.00825672
34	0.121709	0.0236906	0.0163045	0.0285594	0.0518322	0.027853	0.0456687	0.0282149	0.017602	0.0391475	0.0206639	0.122495	0.133431	0.0282811	0.020411	0.0642996	0.0423318	0.0394401	0.0195119	0.108552
35	0.185828	0.017445	0.0389183	0.0687067	0.00679181	0.0816707	0.020153	0.0304585	0.0372497	0.0310332	0.0123216	0.0347129	0.0928271	0.0397437	0.0282732	0.153073	0.0572557	0.0563117	0.00150456	0.00572186
36	0.0603232	0.00416318	0.23358	0.245599	0.0058066	0.0520527	0.0266527	0.00604453	0.0312882	0.0143503	0.0061165	0.0755044	0.00319141	0.0459778	0.0166249	0.096811	0.0495553	0.0216796	0.000271204	0.00440709
37	0.117109	0.00656231	0.0376774	0.0144756	0.00632247	0.00558743	0.00454264	0.0456615	0.0739314	0.141415	0.0769269	0.0491205	0.054417	0.00922723	0.0193504	0.0715825	0.133261	0.125811	0.00217475	0.00484543
38	0.0384706	0.0152881	0.0371441	0.00710379	0.00483512	0.031964	0.00429327	0.00811175	0.0369396	0.0138625	0.0157039	0.179036	0.0050642	0.0194768	0.0685219	0.350119	0.139618	0.0194129	0.00152997	0.00350514
39	0.30376	0.0125265	0.00345057	0.00747575	0.0132126	0.0405484	0.019053	0.0292974	0.00592657	0.0553494	0.0214425	0.00589571	0.128428	0.0179911	0.00525798	0.16323	0.0572534	0.082546	0.00256081	0.0247949
40	0.0184517	0.012498	0.00253071	0.00568836	0.528559	0.00194918	0.0266935	0.0156715	0.0072529	0.0727398	0.0121113	0.00467553	0.00366997	0.00853395	0.0126474	0.0148169	0.0194495	0.0129796	0.0186369	0.200445
41	0.0772183	0.00918524	0.121708	0.161141	0.0100274	0.0530699	0.0356301	0.00947647	0.0462741	0.0248624	0.00895044	0.08449	0.0156851	0.0650365	0.0381607	0.134503	0.0685094	0.028245	0.000991771	0.00683579
42	0.0116092	0.00377806	0.0119327	0.0164297	0.00575519	0.0218276	0.00741186	0.0198725	0.378467	0.0267182	0.0149563	0.0342728	0.00262072	0.0274958	0.344113	0.024563	0.0313806	0.00972178	0.00454801	0.00252618
43	0.0861465	0.0106797	0.00389625	0.0093167	0.0103224	0.0471366	0.0412128	0.108165	0.0671625	0.0506056	0.0402741	0.0116135	0.055928	0.0165092	0.180212	0.0587029	0.171994	0.020422	0.00310701	0.00659326
44	0.0169464	0.00770227	0.00407063	0.00460759	0.455699	0.0030031	0.0254094	0.00576306	0.0031368	0.0477716	0.0132509	0.00282763	0.00352188	0.00963231	0.0113847	0.0198206	0.0119663	0.0102335	0.0204902	0.322762
45	0.208132	0.0404605	0.00412591	0.0095978	0.0288569	0.0394618	0.00912147	0.0471631	0.00870561	0.0546185	0.0191832	0.0104689	0.0220724	0.00602073	0.00454593	0.103173	0.0876675	0.232495	0.00314442	0.0609851
46	0.089376	0.0138781	0.0438349	0.0422989	0.0115177	0.0509725	0.0292885	0.0107735	0.0592809	0.0293182	0.012636	0.158231	0.0248839	0.0447927	0.0460822	0.204234	0.0887351	0.0313288	0.001398	0.00713926
47	0.00785049	0.00396332	0.00860795	0.0112828	0.00621079	0.0177797	0.00365823	0.0238695	0.36484	0.0345628	0.0180791	0.0239188	0.00238856	0.0251605	0.38172	0.0154663	0.0320047	0.0112875	0.00498521	0.00236451
48	0.0445449	0.126777	0.00303566	0.00686493	0.270563	0.0130075	0.0127316	0.0359916	0.0101207	0.108111	0.0196455	0.00884042	0.0127616	0.00879608	0.00667631	0.0753788	0.0210916	0.0658031	0.0250693	0.12419
49	0.0971857	0.00674498	0.201539	0.242637	0.00803651	0.061325	0.0267571	0.00765685	0.0244804	0.0176157	0.00679302	0.053549	0.00291815	0.0449791	0.0150391	0.0948993	0.0592135	0.0217811	0.000299618	0.00654998
50	0.0393771	0.00522274	0.335363	0.323176	0.00084226	0.0170188	0.0145283	0.0058621	0.0250621	0.0100525	0.00500531	0.0677239	0.00457436	0.0347884	0.0192589	0.0503824	0.024811	0.0106325	0.000262728	0.0060553
51	0.00811972	0.00678841	0.000640918	0.00112402	0.0453674	0.00608462	0.00139871	0.0657195	0.00308177	0.549384	0.230425	0.00320692	0.00371464	0.00134694	0.0015919	0.0123058	0.0123022	0.0437488	0.0011895	0.00245989
52	0.10631	0.00436718	0.11804	0.215935	0.0137555	0.0729017	0.0297631	0.00914139	0.0246134	0.0258232	0.0083535	0.0459411	0.00370393	0.05673	0.0133352	0.126329	0.0886435	0.0324404	0.000411087	0.0034611
53	0.0318182	0.0104268	0.0170709	0.0609327	0.0141123	0.0226708	0.0463793	0.0299477	0.154679	0.059321	0.021882	0.0460512	0.00818712	0.0888925	0.219427	0.048579	0.0494514	0.0335556	0.00295049	0.0336648
54	0.0306591	0.00990192	0.0163335	0.0705006	0.00344216	0.030764	0.0617165	0.0306795	0.160421	0.0397187	0.0244319	0.0492695	0.00793967	0.136862	0.184734	0.0530464	0.0393106	0.0413198	0.000353519	0.00859575
55	0.0898185	0.0320869	0.000395478	0.000663822	0.0612113	0.0143354	0.00126687	0.232884	0.00238027	0.298609	0.0656301	0.00108978	0.00184892	0.00230446	0.00206092	0.0261285	0.0268875	0.133561	0.00265499	0.00418188
56	0.0682856	0.0126301	0.067247	0.0715938	0.0106932	0.0547904	0.042355	0.0133201	0.0735018	0.030473	0.0155135	0.111379	0.0178135	0.0688422	0.0823859	0.141374	0.0752126	0.0334646	0.00105431	0.00807011
57	0.0168109	0.00785206	0.00414368	0.00453942	0.479239	0.00180684	0.0212503	0.00519069	0.00330257	0.0525131	0.0123942	0.00152368	0.00262794	0.00834745	0.0110178	0.0235026	0.0120311	0.00990016	0.0200211	0.301986
58	0.0228653	0.0155112	0.000533356	0.00111932	0.197383	0.00393016	0.00258796	0.145046	0.00320618	0.40825	0.0718376	0.00116687	0.00531288	0.00477164	0.00482909	0.00938453	0.0115835	0.0773877	0.00351244	0.00978196
59	0.0121694	0.00501582	0.00259221	0.309611	0.00889426	0.0224823	0.0679457	0.0135138	0.0090313	0.0389427	0.0426645	0.0150579	0.019066	0.31252	0.0294704	0.0148827	0.0106147	0.0359599	0.00330523	0.0262598
60	0.019134	0.00776759	0.000513247	0.00239358	0.0290278	0.0121056	0.000811792	0.241163	0.00476871	0.245672	0.172017	0.00475737	0.00163894	0.00271071	0.00261792	0.019533	0.0119875	0.216338	0.00095873	0.00408386
61	0.0292248	0.00977295	0.0183842	0.0727876	0.00339494	0.0263718	0.0662205	0.0290895	0.153309	0.0443786	0.0256008	0.0525462	0.00755088	0.130591	0.184179	0.0522858	0.0397839	0.045258	0.000234361	0.00903619
62	0.0218931	0.00510081	0.0214692	0.0326483	0.0047201	0.030369	0.0195231	0.0108704	0.398371	0.0175218	0.00882093	0.0509378	0.00410192	0.0409825	0.23629	0.0519132	0.0304394	0.00779934	0.00347056	0.00275756
63	0.125752	0.0203293	0.0522437	0.147909	0.00916451	0.0419989	0.0384782	0.0768886	0.020377	0.0612209	0.0177267	0.0325015	0.0194046	0.0409321	0.0187472	0.112473	0.0712952	0.0730898	0.00154099	0.0179267
64	0.0396272	0.00556965	0.343142	0.292128	0.000879825	0.0176112	0.0163491	0.00556394	0.0272516	0.0112772	0.00577195	0.0750984	0.00484527	0.0376211	0.0197533	0.0510446	0.0278436	0.0113431	0.000245637	0.00703408
65	0.0394079	0.00762687	0.000338476	0.00131803	0.0683225	0.0170703	0.00209792	0.213065	0.00232547	0.281623	0.101709	0.00322661	0.00280616	0.00418736	0.00270165	0.0190474	0.0155432	0.198064	0.00295738	0.016562
66	0.0975318	0.0157811	0.049296	0.0799286	0.0105838	0.0498365	0.0409094	0.110877	0.0190401	0.0792236	0.0431074	0.0801026	0.0102977	0.0308475	0.0220006	0.0769273	0.0698779	0.0986913	0.00222622	0.0129142
67	0.0478778	0.00481663	0.285591	0.285457	0.00270278	0.0299381	0.0212559	0.0055933	0.0301421	0.013452	0.0060763	0.0682743	0.00339278	0.0458715	0.0229557	0.0657307	0.0391306	0.015487	0.000229543	0.00602483
68	0.0120741	0.00608371	0.000553063	0.00190456	0.0409524	0.00929091	0.00140024	0.167667	0.00375757	0.38004	0.181935	0.00376202	0.00230429	0.00319175	0.00332672	0.0151231	0.0142437	0.143452	0.00122442	0.00771419
69	0.102908	0.00621011	0.0992753	0.193281	0.0120325	0.071643	0.0277162	0.0141061	0.0291385	0.0257258	0.0133062	0.054727	0.00641933	0.0584105	0.0215105	0.132886	0.0886948	0.0376197	0.00062461	0.00376464
70	0.0662274	0.0104311	0.00038511	0.000621887	0.0839139	0.0205844	0.00279065	0.201335	0.00188428	0.299287	0.0432597	0.00183966	0.00290911	0.00431953	0.00267176	0.0231017	0.021782	0.19011	0.00431476	0.0182308
71	0.0843233	0.00443911	0.14281	0.22247	0.0099167	0.0719565	0.025783	0.0100174	0.0338987	0.0209642	0.00959514	0.0610421	0.0029545	0.0572867	0.0198774	0.109732	0.0780538	0.0306764	0.000292396	0.00391035
72	0.071171	0.00530231	0.165685	0.233124	0.0042181	0.00676218	0.00974921	0.00741781	0.0735797	0.0147531	0.00798472	0.0194403	0.0555323	0.110991	0.0979273	0.0446964	0.0410579	0.0137224	0.00133197	0.0155536
73	0.0351567	0.047483	0.00224181	0.0105426	0.141624	0.00599979	0.0806901	0.0960126	0.0110972	0.166609	0.030041	0.0231705	0.00686058	0.0300241	0.0487417	0.0539248	0.0594459	0.0135841	0.00462232	0.132128
74	0.0591984	0.00577812	0.268264	0.28749	0.00360087	0.0330191	0.0215067	0.00712942	0.0279571	0.0135614	0.0064932	0.0613795	0.00609689	0.0446021	0.0220308	0.0697181	0.0395188	0.0161944	0.000351971	0.00610925
75	0.195834	0.0156577	0.00614463	0.0233373	0.00206875	0.132021	0.0190268	0.0395092	0.0210745	0.0213371	0.03776	0.0358314	0.0189677	0.0547148	0.0755668	0.181107	0.069227	0.048744	0.000791735	0.00127914
76	0.0430975	0.00519932	0.292015	0.299993	0.00182391	0.0192423	0.0160576	0.00626365	0.0343285	0.0128372	0.00777532	0.0618479	0.00622229	0.0482031	0.0415372	0.0544531	0.0270689	0.0138869	0.000423847	0.00772275
77	0.106246	0.0277075	0.000411389	0.000603345	0.0700323	0.0173899	0.00113226	0.224189	0.00235318	0.266601	0.0644533	0.00134925	0.0016865	0.00168995	0.001141	0.0273845	0.0288906	0.148144	0.00364864	0.0049458
78	0.0424944	0.0191467	0.00223999	0.00585676	0.00568939	0.0197405	0.0061657	0.119281	0.121915	0.131747	0.0129596	0.0201381	0.00584251	0.0366444	0.269794	0.0675647	0.0563535	0.0505962	0.00193167	0.00389905
79	0.0862368	0.00417123	0.133826	0.246984	0.0105601	0.0655535	0.0264883	0.00901237	0.0297621	0.020942	0.00869238	0.0538665	0.0029175	0.0575372	0.019692	0.112894	0.0765962	0.0305742	0.000334339	0.00335947
80	0.0125973	0.00685979	0.000486077	0.00261845	0.0265916	0.0129754	0.000601811	0.242381	0.00324373	0.247345	0.191598	0.00557302	0.00157334	0.00236522	0.00188249	0.0189181	0.0117103	0.206246	0.000476031	0.00395675
81	0.0364551	0.0168794	0.00288128	0.0295508	0.0809051	0.00600005	0.0860768	0.0520215	0.0272809	0.166081	0.0166711	0.0413021	0.00599618	0.0320876	0.0924916	0.0253114	0.0489638	0.0112378	0.00315196	0.218655
82	0.106376	0.0240801	0.026322	0.0339633	0.0160762	0.0588343	0.0313844	0.0396096	0.0301087	0.056015	0.0319882	0.106727	0.0154699	0.0412618	0.0377983	0.172609	0.0969676	0.063723	0.00268258	0.00800354
83	0.0584293	0.0054888	0.151773	0.241162	0.00649334	0.0461687	0.0289041	0.0117101	0.0536207	0.0211179	0.00962456	0.0600757	0.00528775	0.0693733	0.0507768	0.0928271	0.054088	0.0272122	0.000344669	0.00552222
84	0.0111674	0.0139833	0.0011221	0.00217067	0.0403424	0.00467062	0.00230525	0.0559556	0.00635809	0.566094	0.207889	0.00525565	0.0100996	0.00372408	0.00352247	0.0210217	0.01205	0.0262575	0.0026215	0.00338943
85	0.0517435	0.0311365	0.0027912	0.0150838	0.0172173	0.00388735	0.00857308	0.18677	0.056122	0.0716051	0.105905	0.00878221	0.0067917	0.03889	0.0323263	0.070214	0.127083	0.144094	0.00128353	0.0196999
86	0.0103844	0.00367452	0.0053006	0.442001	0.00408396	0.0284009	0.0385824	0.0118322	0.0095191	0.0307128	0.0338871	0.0156822	0.0230093	0.249029	0.0341013	0.0148783	0.00955305	0.019049	0.00130646	0.0150129
87	0.0379811	0.0117468	0.00274338	0.042543	0.149244	0.0131469	0.131474	0.0379128	0.00613955	0.108152	0.0922082	0.0459125	0.011873	0.06919	0.00780619	0.0207457	0.0136755	0.048321	0.0466442	0.102541
88	0.0320211	0.00637615	0.000230066	0.00424157	0.010152	0.00129165	0.000388613	0.299355	0.00347294	0.0610523	0.0178931	0.00116904	0.0048905	0.000457711	0.00163123	0.00799428	0.0230992	0.520787	0.000879863	0.00261681
89	0.19104	0.0592602	0.00299367	0.0121173	0.016694	0.0559351	0.00638643	0.0676708	0.00446879	0.0368178	0.0297249	0.0216102	0.00560426	0.00719756	0.00449898	0.206432	0.173394	0.0925452	0.00221792	0.00339085
90	0.167427	0.00896598	0.00787655	0.00948418	0.00669161	0.468991	0.00717905	0.0137539	0.00690919	0.0099062	0.00918611	0.0232312	0.0125051	0.00849647	0.00796053	0.171297	0.0399204	0.014331	0.00105813	0.00482974
91	0.0870247	0.0397326	0.000349312	0.00191848	0.0463661	0.0116104	0.000721415	0.22137	0.00336146	0.143482	0.0466857	0.00235498	0.00225348	0.00100929	0.00177355	0.0407134	0.0373648	0.303463	0.00508213	0.00336342
92	0.0127606	0.00983853	0.00219287	0.00202185	0.00837325	0.000873749	0.000537075	0.453346	0.002012	0.0746598	0.0249612	0.00108213	0.00210467	0.000636	0.00346389	0.00410711	0.0139284	0.379881	0.00122156	0.0019974
93	0.0963346	0.0174593	0.0458573	0.0500823	0.0134082	0.0528799	0.0420921	0.0116823	0.0516783	0.0360306	0.0093755	0.114179	0.0432151	0.0561209	0.0475418	0.188488	0.0779791	0.0353003	0.00179402	0.00850156
94	0.061481	0.0111854	0.109605	0.155304	0.0098715	0.0401333	0.0336268	0.0179809	0.0631713	0.0291259	0.0166603	0.0873065	0.0141154	0.0636631	0.0713804	0.104553	0.0657856	0.0305902	0.00184473	0.0126167
95	0.00805435	0.00368515	0.00852994	0.0114188	0.00617949	0.0188837	0.00376222	0.0241666	0.361007	0.0357827	0.0174201	0.02447	0.00206838	0.0261924	0.383656	0.0156398	0.0303029	0.0113167	0.00504683	0.00241756
96	0.0197723	0.010473	0.000630371	0.00153616	0.0530459	0.0132032	0.0024644	0.202936	0.00383433	0.331605	0.12115	0.00245696	0.00288663	0.00808283	0.00619367	0.0143653	0.0127457	0.179734	0.00292749	0.00995734
97	0.0253264	0.00819148	0.00910007	0.00356215	0.0203897	0.00816926	0.0123408	0.244514	0.0121447	0.396319	0.0623952	0.00367972	0.00469107	0.0100184	0.0351756	0.0395666	0.0288817	0.0673851	0.00379978	0.00434984
98	0.0379882	0.0349831	0.0020389	0.0042443	0.304459	0.00515148	0.0122165	0.0465362	0.00748522	0.0562369	0.0227092	0.0055718	0.0104107	0.0076172	0.00602286	0.0145031	0.0153265	0.0430273	0.116366	0.247105
99	0.0517037	0.0271282	0.0149092	0.0201284	0.154983	0.0257208	0.0373226	0.0366011	0.0506166	0.062192	0.0282177	0.0419136	0.0173247	0.0269728	0.117774	0.112182	0.0571989	0.0341197	0.0147877	0.0682039
100	0.366231	0.0249282	0.00219926	0.00515317	0.0440102	0.0277207	0.00641115	0.091452	0.00703835	0.076718	0.0364051	0.00573125	0.0108798	0.00448082	0.00541226	0.0470778	0.0962619	0.126182	0.00319346	0.0125137
101	0.151213	0.086125	0.00200658	0.00780859	0.0824265	0.055805	0.00595557	0.074085	0.00449556	0.11556	0.0294476	0.00932581	0.00900997	0.00556273	0.00382681	0.129341	0.104834	0.103002	0.00737164	0.0127975
102	0.0187652	0.011828	0.0125027	0.0261834	0.0102195	0.0357221	0.218613	0.0207854	0.128038	0.0270254	0.0124511	0.0687104	0.0142845	0.0745931	0.188683	0.0517972	0.0445502	0.0192913	0.00208366	0.0138718
103	0.038423	0.0155746	0.0211155	0.0303914	0.0327251	0.0935463	0.135926	0.0253103	0.117624	0.0303536	0.015799	0.0762201	0.0183899	0.0554637	0.138381	0.0666822	0.043709	0.0237971	0.00341281	0.0171552
104	0.0386727	0.0224203	0.0118584	0.0132236	0.117541	0.0179217	0.121462	0.0433535	0.0146866	0.0542743	0.0248362	0.112007	0.0155223	0.0244239	0.0386881	0.0472509	0.0658163	0.0216953	0.00593204	0.188413
105	0.118393	0.0668607	0.0814176	0.00651634	0.0375781	0.00744102	0.0312285	0.0577162	0.0292932	0.0385354	0.0368318	0.0789914	0.00413015	0.00733923	0.00586201	0.0958449	0.116506	0.0948804	0.00732611	0.0773073
106	0.183483	0.0610502	0.00144423	0.00457842	0.0299461	0.0318796	0.00584067	0.128849	0.00822151	0.0471874	0.0325653	0.00745439	0.00718614	0.00367694	0.00512493	0.101097	0.0945188	0.231	0.00434697	0.0105496
107	0.0288055	0.0129213	0.00106494	0.0025018	0.312735	0.00721844	0.00580462	0.118018	0.00422409	0.122317	0.0519279	0.00295657	0.00927012	0.00446924	0.00266813	0.0121751	0.0205983	0.0919344	0.0257974	0.162593
108	0.0175229	0.00762521	0.000531621	0.000778488	0.0655272	0.00754696	0.0014038	0.311558	0.00225027	0.284627	0.0432251	0.00126124	0.00500988	0.00356094	0.00262123	0.00743146	0.0168078	0.210959	0.00350017	0.00625185
109	0.0333299	0.00678901	0.00025032	0.00394051	0.00715465	0.000977367	0.000360057	0.289531	0.00368206	0.0587162	0.0179897	0.000938805	0.00411123	0.000438701	0.00174674	0.00829008	0.0221712	0.536559	0.000810124	0.00221261
110	0.0668511	0.0356934	0.00461609	0.00972545	0.204252	0.0197889	0.0164953	0.0770255	0.0105051	0.111615	0.08888	0.0158835	0.0135363	0.0130067	0.0156018	0.0921175	0.056836	0.0858741	0.015778	0.0459182
111	0.019727	0.010235	0.00326988	0.0044167	0.530282	0.00124049	0.0177362	0.00736782	0.00497641	0.0604736	0.0109486	0.000972465	0.00330459	0.00749196	0.00731588	0.0143328	0.0138806	0.0111273	0.0232505	0.24765
112	0.128151	0.0204713	0.0323145	0.0486047	0.0135054	0.0410484	0.0528802	0.0149415	0.0525085	0.0321649	0.0110305	0.0755364	0.0232916	0.0650661	0.0564614	0.197949	0.0702037	0.0326069	0.0126893	0.0185746
113	0.121002	0.00890304	0.0104994	0.0150913	0.00611695	0.513342	0.00936851	0.0118928	0.00869845	0.00859662	0.00918143	0.0277615	0.0122447	0.00957454	0.00789652	0.165647	0.0367916	0.0108632	0.000813085	0.00571519
114	0.0388632	0.00526067	0.341206	0.324579	0.000785011	0.0164904	0.0140198	0.00603402	0.0240779	0.00968257	0.00479483	0.0671121	0.0045832	0.0337619	0.0187443	0.0495026	0.0240097	0.0103577	0.000270269	0.00586431
115	0.02534	0.00982854	0.0171143	0.0737344	0.00314957	0.0269686	0.0655318	0.027904	0.161757	0.0391838	0.023474	0.0510081	0.00748344	0.140137	0.189499	0.0496773	0.0370228	0.0419535	0.00024828	0.00898532
116	0.107095	0.0454592	0.0008932	0.0022634	0.0688352	0.0187204	0.00187679	0.202586	0.00587936	0.188459	0.0702213	0.003068	0.00168091	0.00403487	0.0037968	0.0546337	0.0506622	0.158095	0.00629859	0.00544139
117	0.00958612	0.00422615	0.00944731	0.0160843	0.00639141	0.0269552	0.005701	0.0240487	0.385432	0.0355143	0.0165033	0.0274478	0.0021524	0.0308684	0.331174	0.0194126	0.0274326	0.0121553	0.00712958	0.00233712
118	0.110352	0.0143351	0.0394486	0.0459927	0.0125057	0.0584162	0.0367869	0.0143491	0.0514975	0.0367779	0.012421	0.109742	0.0280369	0.0563156	0.0440415	0.198358	0.0861327	0.0345082	0.00180292	0.00817984
119	0.00814191	0.00473532	0.00962869	0.0110177	0.00687923	0.017928	0.00296962	0.029097	0.425438	0.0329741	0.0201252	0.0258648	0.00229309	0.0216711	0.312161	0.0180358	0.0302184	0.0132206	0.00552197	0.00207858
120	0.0315909	0.00642258	0.000318956	0.00488369	0.00819209	0.000919994	0.000412275	0.308794	0.00371386	0.0543841	0.0179627	0.000922957	0.00470611	0.000452838	0.00167001	0.00753298	0.0232043	0.520472	0.000989054	0.00245371
121	0.0256191	0.00964832	0.0168451	0.0699734	0.00312196	0.0269574	0.0646246	0.0282066	0.165492	0.0454627	0.0238891	0.0508365	0.00750701	0.130017	0.192586	0.0481506	0.0365441	0.0454994	0.000418129	0.00860054
122	0.0131238	0.00417997	0.0138911	0.0183335	0.00565423	0.0272924	0.00928407	0.0185315	0.420466	0.0260859	0.0140994	0.0382459	0.00257408	0.0280367	0.285428	0.029651	0.0283668	0.00973912	0.00489015	0.00212586
123	0.0211278	0.00850665	0.00136471	0.00282954	0.00815	0.00116591	0.0004871	0.391078	0.0025418	0.0678506	0.022135	0.000966199	0.00294604	0.000561185	0.00237781	0.00570472	0.0169203	0.439947	0.00108644	0.00225372
124	0.159407	0.0934709	0.00315561	0.00814023	0.0448792	0.0369204	0.00538974	0.0986214	0.00440035	0.0616432	0.0448522	0.0144276	0.00504053	0.00534147	0.00366479	0.147584	0.105834	0.141127	0.00657856	0.00952253
125	0.0393138	0.00536814	0.3579	0.313589	0.000825347	0.0165807	0.0137927	0.00683558	0.0227644	0.00941875	0.00471934	0.06632	0.0046105	0.0329739	0.0164414	0.0481285	0.0236708	0.0105024	0.00030758	0.0059375
126	0.173673	0.0314408	0.0190571	0.0376208	0.0192685	0.157634	0.0237081	0.0290807	0.0187229	0.0288815	0.0190271	0.0470511	0.0179884	0.0270864	0.0274257	0.188326	0.0630191	0.0573472	0.00194396	0.0116971
127	0.0209259	0.0110611	0.00372416	0.00409005	0.456082	0.00179538	0.0184843	0.0137556	0.00445351	0.0537924	0.0157517	0.00165302	0.00389235	0.00777278	0.00950994	0.0170041	0.0127848	0.0147439	0.0368207	0.291902
128	0.0169171	0.0206954	0.0211328	0.0146528	0.0127588	0.0996565	0.247132	0.0128184	0.109408	0.0219981	0.00970198	0.105414	0.0220638	0.0595432	0.145021	0.0328489	0.0270843	0.0142828	0.00190485	0.00496525
129	0.339429	0.055718	0.00172898	0.00773918	0.0401498	0.0918907	0.00894055	0.050358	0.0108331	0.0317288	0.0131819	0.00575449	0.012437	0.00572182	0.00595571	0.100349	0.0801189	0.117268	0.00259362	0.018103
130	0.0893336	0.0150669	0.0448544	0.0477488	0.0124937	0.050981	0.0371799	0.0107219	0.0558014	0.0323856	0.0105401	0.133965	0.0268346	0.0526889	0.0467433	0.200334	0.0908379	0.0308606	0.00182376	0.00880438
131	0.0221404	0.0156572	0.0020182	0.00402599	0.0352787	0.00626223	0.00782486	0.180745	0.0223149	0.310516	0.0979431	0.00215197	0.00388386	0.021843	0.0452849	0.017678	0.0437637	0.146601	0.00564982	0.00841776
132	0.0653983	0.00426328	0.198225	0.289156	0.0062921	0.049874	0.0248895	0.00683693	0.0290463	0.0156832	0.00641974	0.0581542	0.00197939	0.0527634	0.0207782	0.0909588	0.0540311	0.0209183	0.000199616	0.00413257
133	0.0267023	0.00938676	0.00219568	0.00299464	0.0374452	0.00698239	0.00723044	0.225211	0.01256	0.325262	0.0625164	0.0018207	0.00377142	0.0081454	0.0159309	0.0159793	0.0292921	0.197849	0.00370335	0.00502149
134	0.0784277	0.0135006	0.047112	0.0568817	0.0120388	0.0500831	0.0412509	0.0151507	0.0729819	0.0391094	0.0154899	0.110146	0.0225627	0.065616	0.0719673	0.163434	0.0771141	0.0369007	0.00128906	0.00894344
135	0.179536	0.0217434	0.0108482	0.0192192	0.0031922	0.131629	0.013345	0.0317707	0.0167668	0.0266499	0.0326524	0.0327096	0.0188648	0.0475209	0.0697356	0.185486	0.105916	0.0498176	0.00082986	0.00176714
136	0.024416	0.00939009	0.0153868	0.0627298	0.00295773	0.0253008	0.060602	0.0245263	0.174675	0.0335181	0.0187499	0.044632	0.00931457	0.121976	0.247272	0.0479705	0.0334685	0.0352774	0.000899265	0.00693677
137	0.0205879	0.00714701	0.0133807	0.00358168	0.0129823	0.00647009	0.0107084	0.310708	0.00840515	0.355273	0.061891	0.00287708	0.00432716	0.00806304	0.028705	0.0405715	0.03021	0.0680284	0.00321141	0.00287121
138	0.103183	0.00374919	0.118991	0.219831	0.0136329	0.0731907	0.0287847	0.00896682	0.0245822	0.0239798	0.00865587	0.0452058	0.00271556	0.0582919	0.0123942	0.126632	0.0910885	0.0328314	0.000340664	0.00295211
139	0.0370851	0.00875352	0.406918	0.270364	0.00115604	0.0147338	0.014635	0.00572109	0.0211999	0.00908759	0.00462746	0.0733882	0.00597027	0.0283818	0.0147356	0.0444543	0.0216569	0.00971635	0.000373373	0.00704197
140	0.00950567	0.00554485	0.000433766	0.00187279	0.0416137	0.00752978	0.00100338	0.157682	0.00362446	0.41426	0.181854	0.00339592	0.00219649	0.00247331	0.00303641	0.0130154	0.0125022	0.133466	0.000819487	0.00417004
141	0.0254319	0.00975794	0.0181074	0.0755471	0.00314144	0.0267324	0.065211	0.0279637	0.160914	0.0385721	0.0232596	0.0518213	0.00752029	0.141206	0.18654	0.0497864	0.0374405	0.0415087	0.000246001	0.00929243
142	0.149867	0.00440579	0.0142984	0.0288182	0.00462221	0.0052473	0.00376992	0.0261116	0.0598053	0.0675522	0.0634685	0.0668113	0.0237545	0.0187895	0.0200664	0.0801245	0.213114	0.143617	0.00110117	0.0046559
143	0.0766016	0.0176471	0.00185941	0.00677605	0.0222938	0.00936027	0.00493662	0.22986	0.00851305	0.086954	0.0330148	0.00531567	0.00512664	0.00530573	0.0064912	0.0314212	0.0806998	0.358414	0.00214665	0.00726182
144	0.0346374	0.0110294	0.0168749	0.0699059	0.00395478	0.0260074	0.0638285	0.0331319	0.146306	0.0501386	0.031646	0.0520341	0.00721114	0.125488	0.17604	0.0515179	0.0427018	0.0477106	0.00036266	0.00947234
145	0.0355653	0.00705798	0.000252763	0.00386654	0.00652308	0.00108503	0.000379543	0.281264	0.00415396	0.059459	0.0181189	0.00108849	0.00403427	0.00044337	0.00191348	0.00922278	0.0226023	0.540216	0.000711597	0.00204202
146	0.0244533	0.0099345	0.0163596	0.0686672	0.00316319	0.0273026	0.066219	0.0266083	0.172581	0.0413762	0.021984	0.0504069	0.00743207	0.133321	0.196659	0.0483906	0.0352432	0.0412154	0.000413061	0.00826993
147	0.00843012	0.00421175	0.0091482	0.0102349	0.00821267	0.0176764	0.00306715	0.0298549	0.405065	0.0369365	0.0236718	0.0248386	0.00233005	0.0230731	0.322408	0.0162432	0.0327766	0.0145887	0.0050564	0.00217616
148	0.0572093	0.0477483	0.071312	0.13198	0.0116008	0.0103131	0.00755043	0.147205	0.012183	0.0302604	0.23731	0.0118684	0.00814529	0.0899041	0.0455458	0.0215476	0.0284244	0.0174613	0.00443834	0.00799195
149	0.0435123	0.0103455	0.0362884	0.0925098	0.0070983	0.0425018	0.0624565	0.0229615	0.150203	0.0432898	0.018809	0.0576144	0.0123263	0.097631	0.135648	0.0739529	0.0452458	0.0376357	0.00178674	0.00818366
150	0.287763	0.0449051	0.000647863	0.0103919	0.0656139	0.104459	0.0103403	0.0497147	0.00835879	0.0464618	0.0139283	0.00342213	0.0178521	0.00184413	0.0013148	0.115388	0.059235	0.120148	0.00354643	0.0346645
151	0.0332055	0.00597723	0.000365424	0.00628377	0.00790977	0.00106239	0.000435215	0.309819	0.00447217	0.0526461	0.0180527	0.00136857	0.00564059	0.000537542	0.00207186	0.0076164	0.0236754	0.515485	0.000947096	0.00242817
152	0.0168392	0.00991374	0.00333331	0.00780547	0.448138	0.00247149	0.0253493	0.00795814	0.00485793	0.054069	0.0134069	0.00308549	0.00407899	0.0110137	0.00924265	0.0163353	0.010969	0.0129673	0.02404	0.314125
153	0.118691	0.0495977	0.10329	0.00332466	0.0362921	0.00489737	0.0887286	0.0298383	0.0313655	0.032083	0.042009	0.0715284	0.00422647	0.00505113	0.00448485	0.0924653	0.101126	0.0744778	0.00845633	0.0980657
154	0.153095	0.0273878	0.0033261	0.00922578	0.00958791	0.00932371	0.0219747	0.143707	0.0134902	0.04214	0.0643565	0.0104448	0.0091256	0.0121887	0.0261074	0.0471904	0.273149	0.114548	0.00138464	0.00824807
155	0.0126455	0.017986	0.00143632	0.00412782	0.0353264	0.00519133	0.00251209	0.0508837	0.00764355	0.493946	0.256872	0.0184082	0.00583415	0.00849852	0.00423106	0.0158845	0.0163313	0.0371602	0.00182936	0.00325184
156	0.111669	0.0282435	0.0262724	0.0310911	0.0767198	0.058798	0.0395447	0.0320722	0.0304718	0.0467843	0.0259351	0.13859	0.0279155	0.0322202	0.0299892	0.102034	0.0574052	0.0468518	0.0110461	0.0463465
157	0.0168026	0.0334328	0.00375424	0.0096306	0.0276438	0.00601146	0.0045315	0.0345701	0.12993	0.11781	0.391727	0.0105934	0.00592206	0.0763415	0.0322921	0.0364226	0.0435642	0.011103	0.00217688	0.00573959
158	0.0263169	0.0756079	0.00166154	0.00498462	0.296871	0.0048519	0.00940978	0.0677492	0.00678304	0.335772	0.0142933	0.00496537	0.00776813	0.00722507	0.00733279	0.0329662	0.0160222	0.0488711	0.0057648	0.0247829
159	0.0421375	0.0142998	0.0376773	0.00753703	0.00506549	0.0278166	0.00492485	0.00605288	0.0377373	0.0126967	0.0124318	0.201934	0.00428713	0.0236744	0.0743756	0.349889	0.117956	0.0147988	0.00138172	0.00332548
160	0.118481	0.0258584	0.00970542	0.0456479	0.0148445	0.0546104	0.0257013	0.124461	0.0145734	0.0765628	0.0537956	0.0330554	0.00716348	0.0319739	0.0166805	0.103053	0.115051	0.114797	0.00254783	0.0114374
161	0.135933	0.0170689	0.0156854	0.0714812	0.00770857	0.0894242	0.0209857	0.0852284	0.0170599	0.0404152	0.031488	0.0421684	0.014706	0.0341541	0.0453331	0.136602	0.11328	0.0736459	0.00147985	0.00615308
162	0.0737107	0.0154772	0.0411883	0.056031	0.010467	0.0486037	0.0457944	0.0135868	0.104584	0.0317352	0.0118881	0.1005	0.0268695	0.0683295	0.0864263	0.153867	0.0692321	0.0322359	0.00139254	0.00808066
163	0.0275042	0.00953872	0.017224	0.0689041	0.00314943	0.028846	0.0634009	0.0257882	0.175886	0.0378409	0.0217984	0.0507575	0.00770864	0.132584	0.190623	0.0538007	0.0363879	0.0396372	0.000386313	0.00823394
164	0.226086	0.101865	0.00975923	0.00790315	0.0642391	0.0687937	0.0122431	0.0414691	0.00935385	0.0498307	0.0170726	0.0269238	0.0172245	0.0043046	0.00338873	0.0815124	0.0713123	0.12324	0.00402229	0.0594561
165	0.0212893	0.00605411	0.000383645	0.00108742	0.10611	0.00853668	0.00218212	0.155067	0.0037312	0.409344	0.0882947	0.00122131	0.00442124	0.00575637	0.00468167	0.0100824	0.0145106	0.127082	0.00397224	0.0261925
166	0.0353352	0.00746842	0.000264764	0.00359023	0.00879346	0.00164944	0.00041803	0.284048	0.00379095	0.0652762	0.0189487	0.00102187	0.00390102	0.000491488	0.00178247	0.00983576	0.0220938	0.528209	0.000798901	0.0022821
167	0.293343	0.00577313	0.00101693	0.00213603	0.00354937	0.450881	0.00308533	0.0153402	0.0028942	0.00572617	0.00597825	0.00557522	0.00835989	0.00261853	0.00388778	0.147764	0.0317153	0.00603193	0.000734458	0.0035887
168	0.0260972	0.00734257	0.0309947	0.273696	0.00520988	0.0261003	0.0405432	0.0212281	0.0659594	0.0328876	0.0286447	0.0339477	0.0177675	0.172758	0.0974643	0.0387581	0.0271459	0.036722	0.00369364	0.0130396
169	0.27737	0.0776943	0.00206988	0.00662862	0.0309388	0.0846001	0.017854	0.073958	0.0198831	0.028894	0.0132715	0.00538807	0.011787	0.00405499	0.00381342	0.0749722	0.0898991	0.156278	0.00245328	0.0181915
170	0.0681794	0.0253643	0.00583786	0.0220447	0.0879484	0.0123715	0.0283717	0.0361992	0.0122167	0.0517878	0.0276055	0.0216383	0.11952	0.0596463	0.0156024	0.0386175	0.029552	0.0773564	0.144214	0.115925
171	0.0798472	0.146703	0.00117513	0.00269213	0.0756606	0.0152501	0.00186719	0.176382	0.00357082	0.102735	0.0424921	0.00466654	0.00293874	0.00245922	0.00211799	0.0771857	0.0388047	0.198396	0.0108856	0.0141701
172	0.166601	0.0115668	0.0578843	0.0524537	0.00858808	0.0286051	0.0134981	0.0143254	0.05182	0.0277365	0.0146062	0.0307569	0.255015	0.0389039	0.0190479	0.103907	0.0557624	0.0331854	0.00767858	0.00805799
173	0.079321	0.01427	0.0123944	0.0255549	0.0257709	0.0193503	0.0154205	0.149936	0.0325604	0.0931277	0.0375301	0.02686	0.00323187	0.0257662	0.0143642	0.0808652	0.15179	0.170851	0.00136358	0.0196715
174	0.109036	0.0192715	0.043769	0.0451737	0.0187982	0.0482244	0.0384733	0.0130865	0.0513855	0.0343937	0.00867812	0.102774	0.027267	0.0525887	0.0509591	0.198976	0.082841	0.0364214	0.00323852	0.0146445
175	0.077318	0.0101585	0.250169	0.263868	0.00456678	0.0412125	0.0225863	0.0070331	0.0288302	0.0134243	0.00606001	0.0571875	0.00530528	0.0468057	0.0233185	0.076984	0.0418617	0.0165154	0.00034625	0.00644838
176	0.0733664	0.0156549	0.00606541	0.0242196	0.0134231	0.0107776	0.0269422	0.150115	0.0379205	0.212395	0.0875716	0.0167601	0.00330176	0.0249982	0.035258	0.0513413	0.0924884	0.104955	0.00193358	0.0105133
177	0.348139	0.0600276	0.00116986	0.00463011	0.0270944	0.0683163	0.00984399	0.0604843	0.0154576	0.0254252	0.0108128	0.00355638	0.0100851	0.00336892	0.00349065	0.085565	0.100796	0.144364	0.00209393	0.0152785
178	0.0642664	0.0147604	0.00326851	0.00500762	0.0697562	0.0134075	0.0083576	0.209261	0.00640888	0.330753	0.0486242	0.0053587	0.0234435	0.00874856	0.0107795	0.0242014	0.0255332	0.115702	0.00381208	0.0085487
179	0.0256685	0.00982839	0.017349	0.0744742	0.0032035	0.0268346	0.0656789	0.0281202	0.160677	0.0391122	0.0235886	0.0513162	0.00751189	0.140623	0.187781	0.0498869	0.0373576	0.0416095	0.000221519	0.00915738
180	0.0356729	0.00571231	0.208016	0.207491	0.00296304	0.021194	0.028015	0.00996064	0.0772255	0.0259778	0.00991405	0.0613669	0.00796659	0.0855757	0.0868261	0.055719	0.0308816	0.0266465	0.000588254	0.0122871
181	0.289286	0.0459687	0.00065333	0.0103737	0.0645783	0.104431	0.0110371	0.0476768	0.0080466	0.0456168	0.0133169	0.00366859	0.0190632	0.00184478	0.00129101	0.116179	0.0575441	0.120873	0.00333069	0.0352199
182	0.142659	0.0507896	0.00407295	0.0176199	0.0190176	0.0593568	0.00652846	0.0563652	0.00115004	0.04932	0.0422945	0.0342323	0.00522275	0.00884432	0.00387773	0.242904	0.168222	0.0826214	0.00288695	0.00201416
183	0.134403	0.053615	0.00644537	0.0169489	0.0166393	0.0616901	0.00777197	0.0530478	0.00188724	0.0550404	0.0400347	0.0327611	0.0059358	0.0103535	0.00494572	0.274198	0.141016	0.0775498	0.00324301	0.00247335
184	0.0884778	0.0142174	0.0661016	0.0664751	0.0138969	0.108642	0.0272287	0.00936986	0.0464807	0.0219189	0.0110134	0.132136	0.0161784	0.0404008	0.0385551	0.185173	0.0786129	0.025118	0.00113696	0.00886668
185	0.14273	0.0648102	0.0127138	0.0230037	0.0168848	0.0483703	0.0191662	0.0287227	0.0133833	0.0442994	0.0191952	0.043099	0.0220832	0.0171593	0.0135948	0.305571	0.10376	0.0490855	0.00301487	0.00935289
186	0.111392	0.0136324	0.0519621	0.0709385	0.0143237	0.0629213	0.0357917	0.0128778	0.0428265	0.0333332	0.0101244	0.0907871	0.0298794	0.0610355	0.037474	0.186317	0.0886048	0.0371325	0.00146331	0.00718268
187	0.0467733	0.00462326	0.000510426	0.00150076	0.0881253	0.0287089	0.00232741	0.206655	0.00284117	0.218069	0.0658058	0.0086556	0.00757583	0.00403011	0.00231189	0.0217141	0.0227157	0.23019	0.00483236	0.0320341
188	0.0971022	0.0159105	0.0498388	0.0552548	0.0131953	0.0635035	0.0374488	0.0125263	0.0538253	0.0331233	0.0100754	0.114825	0.0321462	0.0528773	0.0459513	0.185542	0.08089	0.0353054	0.00178816	0.00887083
189	0.111063	0.0519884	0.0032962	0.00646306	0.0256348	0.008467	0.0214118	0.0575478	0.00462296	0.0178452	0.0106342	0.0157128	0.135233	0.00489695	0.00685415	0.234558	0.218772	0.0385158	0.0208712	0.00561163
190	0.0249241	0.0070509	0.000577954	0.000665125	0.0691763	0.010295	0.00166476	0.317191	0.00184729	0.259573	0.0340055	0.00152793	0.00491378	0.00297438	0.00194458	0.00863216	0.017256	0.224457	0.00394675	0.00737625
191	0.0288048	0.0125079	0.000703613	0.00191168	0.125344	0.010124	0.00501358	0.155927	0.00526852	0.344526	0.0618443	0.00170266	0.00975789	0.0139971	0.0113889	0.011498	0.016173	0.153452	0.00605519	0.0239995
192	0.0152519	0.0115245	0.00951213	0.0119606	0.0100763	0.0338067	0.319612	0.0169192	0.0918441	0.0308625	0.00903015	0.102228	0.0127357	0.1071	0.0890743	0.054491	0.0411109	0.0141474	0.00214274	0.0165694
193	0.0817322	0.0108895	0.0278479	0.168522	0.00652646	0.0481486	0.0296337	0.125966	0.0217739	0.0595883	0.0122477	0.0176667	0.0408821	0.0296889	0.0343504	0.0957004	0.0553701	0.121709	0.00160936	0.0101468
194	0.144108	0.00284348	0.0372014	0.0158186	0.00299026	0.00245663	0.00197559	0.0463281	0.0654231	0.100777	0.0678512	0.0717554	0.0590839	0.00619984	0.0212021	0.107249	0.151409	0.0924672	0.000894336	0.00196613
