278	20
1	0.0293082	0.0313761	0.0355363	0.0577375	0.0390603	0.00384626	0.0660689	0.127804	0.0116442	0.204031	0.0257111	0.0392337	0.000850427	0.0803494	0.0283402	0.0485796	0.0215146	0.103867	0.00860503	0.0365361
2	0.167973	0.00773054	0.0162553	0.0246505	0.00639732	0.280988	0.0156571	0.0130128	0.0433056	0.0210809	0.0120247	0.0396727	0.00786645	0.0286675	0.023587	0.189748	0.0567508	0.0186933	0.00211193	0.0238268
3	0.024213	0.00804184	0.00312986	0.000604819	0.0219512	0.00381602	0.000812423	0.456952	0.000584313	0.12364	0.0248252	0.000679916	0.00170612	0.0025216	0.000694001	0.00675447	0.00950131	0.303411	0.000416013	0.00574409
4	0.108218	0.000674688	0.183747	0.320373	0.00387003	0.0191553	0.0303346	0.00576612	0.0568277	0.00641928	0.000774744	0.0624593	0.00137607	0.0658291	0.0372201	0.0603214	0.0274082	0.00741231	0.000233337	0.00157983
5	0.587783	0.0226554	0.000525979	0.00841007	0.00417406	0.145851	0.000849741	0.01586	0.000889771	0.0255945	0.00232716	0.00118157	0.0248086	0.00632228	0.00082893	0.0442712	0.0204349	0.086182	0.000405541	0.0006451
6	0.116881	0.00648871	0.0216867	0.0702458	0.00135058	0.0352203	0.00120085	0.0869458	0.0582343	0.111377	0.0240915	0.0154405	0.192361	0.0271808	0.0395264	0.0773169	0.0546242	0.0581056	0.000544683	0.00117742
7	0.0239732	0.0054945	0.00046832	0.000456212	0.00483774	0.00170257	0.000278651	0.475411	0.000392958	0.0570794	0.00585743	0.000358304	0.00024718	0.00218689	0.0006117	0.0016692	0.00458942	0.411272	0.000645713	0.00246703
8	0.0335343	0.0152987	0.0887625	0.208297	0.00464705	0.0192911	0.0083551	0.0149985	0.0315538	0.0186849	0.00905805	0.0269757	0.00105637	0.0469541	0.0771062	0.111541	0.242661	0.0254542	0.00605728	0.00971351
9	0.0310632	0.00711553	0.000761676	0.000350694	0.0066136	0.00212795	0.000244651	0.417286	0.000323065	0.0581789	0.00642782	0.000345506	0.000268859	0.00269173	0.000324719	0.00256082	0.00430787	0.457515	0.000132639	0.00136021
10	0.00735655	0.00245543	0.019879	0.441961	0.00253741	0.0402574	0.00248953	0.00321154	0.0569475	0.0479015	0.0299275	0.00315461	0.00149745	0.286182	0.00216131	0.00572608	0.028656	0.0149494	0.00100847	0.00174087
11	0.182066	0.029995	0.000679858	0.0011772	0.0127212	0.000937912	0.000897206	0.0983383	0.00714978	0.0242174	0.00669315	0.000962001	0.000466815	0.00954033	0.00086373	0.0421386	0.194202	0.385816	0.000411946	0.000725326
12	0.0808782	0.00729017	0.145684	0.0144791	0.022178	0.03492	0.220097	0.00742263	0.00470578	0.0111795	0.0259219	0.0780964	0.00250938	0.0591331	0.00731482	0.210899	0.0480796	0.00881741	0.00195297	0.00844022
13	0.0992538	0.0116658	0.0291035	0.0182044	0.0162048	0.00173676	0.0582248	0.0453647	0.0155495	0.014163	0.0115577	0.159157	0.000829521	0.0332159	0.00477255	0.159985	0.228855	0.069612	0.00130629	0.0212382
14	0.00308127	0.00273912	0.00100427	0.0010128	0.0144977	0.00120205	0.00427764	0.483476	0.000999944	0.272193	0.114442	0.000892227	0.000477765	0.00116752	0.000757888	0.00231046	0.00764918	0.0868063	0.0003727	0.000639937
15	0.0546909	0.0105091	0.00196248	0.00307933	0.014949	0.0081793	0.0019325	0.23098	0.00251758	0.309535	0.0482771	0.00248567	0.00214941	0.00723349	0.00564322	0.0175471	0.0461991	0.2217	0.00408005	0.00634974
16	0.0191446	0.00320876	0.0102397	0.00525879	0.00102719	0.876969	0.00878806	0.00163483	0.00640858	0.00212366	0.0011999	0.0177645	0.00463042	0.0125475	0.00924845	0.0126661	0.00369467	0.00191692	0.000442464	0.00108604
17	0.00912798	0.000825567	0.000444895	0.000725253	0.0150231	0.000626199	0.000541664	0.00954629	0.00890393	0.755373	0.135407	0.00632039	0.00036386	0.01438	0.0140927	0.00139188	0.00115183	0.0144435	0.00284059	0.0084712
18	0.587166	0.0222388	0.00051517	0.00822686	0.00408677	0.14572	0.000891102	0.0158788	0.00096457	0.025065	0.00237474	0.0012233	0.0281377	0.006695	0.00083751	0.0442409	0.020014	0.084589	0.000465778	0.000668429
19	0.108953	0.00721888	0.244108	0.258005	0.0050746	0.0390192	0.0176391	0.00316436	0.0301578	0.00501596	0.00300697	0.0845881	0.00833993	0.0377799	0.0273863	0.0855687	0.0275237	0.0051531	0.000591609	0.00170551
20	0.320857	0.00870715	0.000688375	0.0260599	0.00402329	0.0559277	0.00682817	0.0359999	0.0274034	0.0577982	0.0193871	0.0286424	0.00894633	0.045409	0.0056604	0.154246	0.108446	0.0777319	0.00119778	0.00604022
21	0.296611	0.00302918	0.00125155	0.0458403	0.00285591	0.0618022	0.00183153	0.0105803	0.00869741	0.024674	0.00425241	0.0126076	0.0168855	0.0172552	0.00141934	0.337826	0.117013	0.0311253	0.00307679	0.00136547
22	0.0349168	0.00837211	0.000881584	0.000437237	0.00819329	0.0021139	0.00034031	0.416629	0.000436863	0.0583898	0.00637145	0.00049007	0.000346327	0.00276611	0.000505082	0.00511488	0.00851975	0.443611	0.000195684	0.00136911
23	0.0248646	0.00974759	0.000753927	0.0251455	0.00540473	0.0884403	0.0224309	0.0104179	0.346912	0.00761444	0.00678961	0.0258326	0.000550435	0.0790846	0.248405	0.0637045	0.0252315	0.00251338	0.00040232	0.00575427
24	0.0191932	0.00200364	0.0558792	0.579676	0.0017132	0.021337	0.00600888	0.00260073	0.032356	0.026554	0.0176998	0.00711562	0.00117099	0.169753	0.0028619	0.012533	0.0231351	0.012285	0.00225781	0.00386601
25	0.688566	0.0030021	0.00307331	0.00078313	0.00396863	0.0269224	0.000567832	0.00117826	0.000766819	0.00143623	0.000746988	0.000813588	0.00141212	0.00120659	0.000731717	0.257271	0.00139901	0.00522911	0.000382466	0.000542699
26	0.0118346	0.000526831	0.00584534	0.0138294	0.00605823	0.0170226	0.0157642	0.00960404	0.276325	0.01698	0.0108711	0.0136356	0.000532027	0.0379042	0.501179	0.00735898	0.0165856	0.0192108	0.0035601	0.0153724
27	0.0262009	0.000812047	0.104039	0.732636	0.000728025	0.00163934	0.00931629	0.000920223	0.0052968	0.00482877	0.00495244	0.00892766	0.000420549	0.0453168	0.000761343	0.0169786	0.0175798	0.00975238	0.00354821	0.00534448
28	0.0128242	0.00136196	0.00640086	0.0141529	0.00602037	0.0166459	0.0154709	0.0104947	0.287012	0.0177565	0.0109421	0.0142899	0.00250674	0.0366902	0.484275	0.0093437	0.016559	0.0190497	0.00380409	0.0143994
29	0.0308416	0.00722809	0.000764177	0.000362268	0.0069498	0.0021407	0.000249204	0.41795	0.000322451	0.0588284	0.00658863	0.000351593	0.000309277	0.00269355	0.000323126	0.00260612	0.00431944	0.455529	0.000147155	0.00149576
30	0.0127631	0.00100317	0.00781319	0.0171428	0.00633985	0.0194791	0.0164732	0.0112071	0.240768	0.0214437	0.0118104	0.0161576	0.000286192	0.0435787	0.502146	0.00828559	0.01872	0.0197127	0.00565059	0.0192188
31	0.101547	0.00791544	0.000543673	0.00406275	0.00222929	0.0225107	0.000796587	0.00818182	0.00123817	0.00855596	0.00315814	0.011171	0.00277971	0.0021193	0.000805765	0.600868	0.204306	0.0104454	0.000356481	0.00640937
32	0.425065	0.0641146	0.000656196	0.00878384	0.00282392	0.0285364	0.00130787	0.0181455	0.00401661	0.0275996	0.00804239	0.00934746	0.00466648	0.00880334	0.00344622	0.246395	0.0822339	0.0537766	0.00111498	0.00112464
33	0.0022215	0.00768563	0.000434038	0.000778053	0.0133312	0.00067596	0.00144148	0.363496	0.000630682	0.442726	0.0532396	0.000627112	0.000303308	0.000980629	0.000665973	0.0014342	0.0027028	0.105765	0.000375621	0.000485642
34	0.074142	0.0145497	0.0143966	0.0723531	0.011886	0.0268699	0.0252296	0.162217	0.0392334	0.150404	0.0553137	0.0442174	0.00118004	0.0651243	0.0714387	0.0344696	0.0599753	0.069221	0.00467974	0.00309877
35	0.0208815	0.0091588	0.0324938	0.00909201	0.00150879	0.728204	0.02907	0.00204812	0.00917828	0.00351059	0.00201249	0.0527604	0.00241567	0.039867	0.0292464	0.021071	0.00285271	0.00283134	0.000751144	0.00104583
36	0.0128267	0.0123867	0.00101821	0.0139749	0.321946	0.0015331	0.00327564	0.0681092	0.0203383	0.206022	0.0331234	0.00143884	0.00717644	0.0160349	0.00157307	0.00320424	0.00618998	0.0405484	0.0285723	0.200708
37	0.114606	0.00339208	0.0651542	0.149881	0.00803338	0.0709474	0.0271661	0.00186393	0.0941066	0.029809	0.00702314	0.0403529	0.0124551	0.0697318	0.0596422	0.149808	0.0699183	0.0202596	0.000309139	0.00553958
38	0.0128267	0.0123867	0.00101821	0.0139749	0.321946	0.0015331	0.00327564	0.0681092	0.0203383	0.206022	0.0331234	0.00143884	0.00717644	0.0160349	0.00157307	0.00320424	0.00618998	0.0405484	0.0285723	0.200708
39	0.0880812	0.0101563	0.0399383	0.0539866	0.00210719	0.0281854	0.0231572	0.0169986	0.101866	0.0228938	0.00871134	0.0748957	0.137791	0.0579125	0.0921118	0.16153	0.0502686	0.0239945	0.00165547	0.0037587
40	0.0248646	0.00974759	0.000753927	0.0251455	0.00540473	0.0884403	0.0224309	0.0104179	0.346912	0.00761444	0.00678961	0.0258326	0.000550435	0.0790846	0.248405	0.0637045	0.0252315	0.00251338	0.00040232	0.00575427
41	0.0117585	0.000531844	0.00590577	0.0136748	0.00605047	0.0171718	0.0158609	0.00969424	0.276113	0.0169017	0.0109596	0.0137063	0.000521445	0.0381817	0.500574	0.00731658	0.0167955	0.0192913	0.00357232	0.0154184
42	0.00104616	0.000407126	0.000293434	0.000507039	0.00211094	0.000397293	0.000361071	0.777936	0.000428954	0.0725461	0.00586912	0.000478017	0.000212378	0.000549833	0.00202839	0.000838519	0.0105538	0.113439	0.00360161	0.00639614
43	0.105684	0.0177563	0.00122374	0.00187216	0.00732347	0.00161787	0.00147281	0.104841	0.00654651	0.0240991	0.0108679	0.00175899	0.000862995	0.0146617	0.00160961	0.0338995	0.347826	0.314355	0.000561944	0.00115883
44	0.0307747	0.00694541	0.000712044	0.000352251	0.00643161	0.00212814	0.000243916	0.415886	0.000323922	0.0575829	0.00635967	0.000343262	0.00026955	0.00266689	0.000322318	0.00242239	0.00412938	0.46059	0.000133985	0.00138142
45	0.153706	0.0039025	0.0224682	0.0173639	0.00558269	0.128393	0.0300544	0.0068968	0.0455588	0.00915477	0.0117793	0.147887	0.00434019	0.0426983	0.0546894	0.263418	0.0289583	0.00778786	0.00349419	0.0118669
46	0.0135037	0.00584051	0.000323638	0.00111293	0.0656709	0.000485169	0.000382498	0.0746632	0.00122876	0.645668	0.131703	0.00107183	0.00171174	0.00326247	0.00188038	0.00231017	0.0032909	0.0356624	0.00596528	0.00426246
47	0.309271	0.00410029	0.00122869	0.0326216	0.00334531	0.0688112	0.0014404	0.00993427	0.0102393	0.0238026	0.00522436	0.0128544	0.0164764	0.0176249	0.00135995	0.335621	0.109857	0.0323336	0.00234908	0.0015044
48	0.150834	0.0051198	0.00673398	0.0114896	0.00677024	0.00353021	0.00647626	0.00670852	0.0051206	0.0561191	0.00475845	0.00394188	0.584876	0.0102207	0.0105266	0.0378336	0.0265441	0.0601138	0.000651352	0.00163119
49	0.406763	0.0047276	0.00568295	0.016784	0.00117594	0.265252	0.00141681	0.00201509	0.0075995	0.0057927	0.00124928	0.015626	0.00206183	0.0134064	0.00130322	0.207976	0.0224089	0.0167743	0.000523853	0.00146126
50	0.0301371	0.0130732	0.205237	0.106062	0.00819285	0.10509	0.0911767	0.00798769	0.00828062	0.00917962	0.0283921	0.201357	0.00495355	0.0177796	0.00878421	0.116765	0.0203605	0.00941764	0.00238078	0.00539217
51	0.020819	0.00549968	0.00157797	0.000638522	0.0147013	0.00349552	0.000294551	0.212348	0.000293475	0.445434	0.0710063	0.000308867	0.000212435	0.00554164	0.00819761	0.00667484	0.0111289	0.17556	0.00777009	0.00849747
52	0.0282976	0.00598559	0.00367283	0.00482561	0.0217218	0.0049465	0.00405097	0.00824786	0.0979869	0.0755401	0.0232588	0.0582709	0.164267	0.0555844	0.375213	0.00960854	0.0451701	0.00780107	0.00217507	0.00337533
53	0.0109001	0.00528252	0.00371918	0.00718172	0.00574706	0.00504736	0.00575279	0.0059981	0.637683	0.00796977	0.00530241	0.00565931	0.00751833	0.00806907	0.244636	0.0107437	0.00701896	0.0126814	0.000923648	0.00216551
54	0.0839204	0.00351057	0.160528	0.28743	0.00842078	0.0367207	0.0248711	0.0160537	0.0540786	0.0117117	0.00307479	0.0363389	0.00215665	0.0658087	0.0388841	0.0745005	0.0610001	0.0219632	0.00142102	0.00760647
55	0.0904578	0.00356016	0.0244331	0.0438904	0.00629318	0.305343	0.0146223	0.00471168	0.0359162	0.0111378	0.00398318	0.020789	0.0141517	0.0191605	0.013606	0.282445	0.0815789	0.0106461	0.00131302	0.0119608
56	0.300967	0.00545173	0.000846162	0.0194761	0.00558444	0.0523412	0.000979204	0.0055781	0.00393562	0.0131658	0.006402	0.0101931	0.0166827	0.00702667	0.00101743	0.409931	0.11076	0.0262881	0.00173857	0.00163518
57	0.0910984	0.0674519	0.00268837	0.00500599	0.0248533	0.0793162	0.183722	0.046275	0.00412391	0.128142	0.00443797	0.0353546	0.00203402	0.0232405	0.0365628	0.181674	0.00630041	0.0565015	0.0183645	0.0028513
58	0.0107152	0.0129063	0.000773088	0.00133643	0.376084	0.0011534	0.00729348	0.00640133	0.00121407	0.0924822	0.00901912	0.00112425	0.000594121	0.00798784	0.00102561	0.00224044	0.00631001	0.00744976	0.0233612	0.430528
59	0.0150866	0.00171204	0.653291	0.207378	0.00149331	0.00858827	0.0194437	0.00207898	0.00267848	0.00257267	0.00176532	0.0143138	0.0066767	0.0283481	0.00234723	0.0202217	0.00600817	0.00402814	0.00064641	0.00132155
60	0.015241	0.00301528	0.00056396	0.0016344	0.0924906	0.00102686	0.00067573	0.087535	0.00182558	0.588747	0.118705	0.0015546	0.00238879	0.00324382	0.00295057	0.00345478	0.00416588	0.0549068	0.00804029	0.00783432
61	0.638132	0.0170648	0.00149046	0.00498287	0.00346013	0.0984129	0.000809985	0.00903038	0.000857984	0.0144457	0.00155519	0.00121254	0.0197554	0.00441079	0.000924431	0.120435	0.0121875	0.0498293	0.000410421	0.000591486
62	0.00283739	0.00276867	0.00100426	0.00102161	0.0152619	0.00121299	0.00426283	0.488516	0.00101005	0.268301	0.114708	0.000893289	0.000484315	0.00120849	0.000786197	0.0022681	0.00766026	0.0848104	0.00036531	0.000619297
63	0.319423	0.0686017	0.00206843	0.00740273	0.00732252	0.0298824	0.0162455	0.063879	0.00603776	0.0899619	0.0237981	0.00886277	0.00401327	0.0139641	0.00904822	0.185811	0.0500613	0.0877232	0.00165475	0.00423859
64	0.0212455	0.00538558	0.0013485	0.00058143	0.0140417	0.00324297	0.00031918	0.215144	0.000292425	0.445095	0.0692262	0.000285913	0.000170725	0.00495851	0.00702754	0.00622238	0.0112299	0.179117	0.00699978	0.00806531
65	0.485437	0.0178784	0.00281014	0.00920363	0.00191606	0.24495	0.00106554	0.00614142	0.00344389	0.018465	0.00275856	0.00769698	0.0086738	0.0107363	0.00108958	0.122073	0.0164632	0.0377884	0.000517093	0.000892269
66	0.0207189	0.00542213	0.00135753	0.000549361	0.0140231	0.00332741	0.000304136	0.215533	0.000294575	0.44476	0.0685309	0.000290683	0.000171251	0.00492316	0.00713072	0.00616963	0.0114226	0.179959	0.00712987	0.00798208
67	0.015482	0.0126625	0.000363403	0.000667263	0.0135002	0.000460038	0.000373274	0.0817757	0.000909281	0.690219	0.137772	0.000836812	0.000443426	0.00479329	0.0015912	0.00288739	0.00359595	0.0264006	0.00377668	0.00148953
68	0.182251	0.0260669	0.00175611	0.02896	0.0175852	0.0707244	0.0127324	0.0965105	0.0244446	0.0955778	0.0469367	0.0188327	0.00413855	0.0505839	0.0210418	0.106912	0.0579304	0.121978	0.000916313	0.0141211
69	0.292604	0.0243306	0.00104668	0.0343439	0.0061466	0.0886249	0.0179357	0.041829	0.0173803	0.0658763	0.0272333	0.0193848	0.00496209	0.0511019	0.0100299	0.153604	0.0453797	0.0783089	0.000825578	0.0190522
70	0.0672766	0.0283581	0.000876977	0.00148813	0.171472	0.00178969	0.00115082	0.189712	0.00134435	0.258105	0.0826712	0.00155016	0.000787428	0.00189429	0.00103879	0.00861183	0.00734428	0.136745	0.00577039	0.0320135
71	0.0322945	0.00930388	0.0012208	0.000586379	0.0257807	0.00386811	0.000353993	0.210405	0.00036838	0.407567	0.0688547	0.000423219	0.00031539	0.00433023	0.0059873	0.00692053	0.0117932	0.189597	0.00666622	0.0133637
72	0.448547	0.00844152	0.00463619	0.0128989	0.00175298	0.218418	0.00144081	0.00330657	0.00586384	0.00803173	0.00180174	0.0127029	0.00315339	0.0106024	0.00146629	0.214113	0.0219888	0.0189495	0.000581414	0.00130384
73	0.073133	0.0026252	0.147526	0.468548	0.00316881	0.0152748	0.0200451	0.00444889	0.0406723	0.00812416	0.00321562	0.0428859	0.00223209	0.0584272	0.0242689	0.0457448	0.0259786	0.00855994	0.00164257	0.00347822
74	0.015399	0.00599761	0.00145362	0.000731428	0.0174015	0.00246332	0.000527913	0.168697	0.00135047	0.537674	0.0809291	0.000924015	0.00044202	0.00514038	0.00625834	0.00474632	0.00799752	0.130749	0.0053255	0.00579198
75	0.406976	0.00350537	0.00478729	0.0131298	0.00157577	0.243756	0.00141109	0.00172092	0.00564122	0.00426034	0.0015677	0.0240615	0.00147962	0.0108284	0.00134105	0.238022	0.0218906	0.0123021	0.000539122	0.00120394
76	0.0175483	0.00856396	0.000794796	0.0013486	0.0229213	0.00153616	0.000867785	0.059661	0.00401419	0.69613	0.125369	0.00271159	0.000796497	0.00777616	0.00536108	0.0035968	0.00454726	0.0279541	0.00414845	0.00435289
77	0.0371758	0.0146852	0.352086	0.077574	0.0128857	0.0214755	0.00517075	0.00273183	0.00452738	0.00597761	0.00307653	0.155229	0.00322166	0.0147438	0.00569635	0.13149	0.144211	0.0055013	0.000900888	0.00164014
78	0.155531	0.00674699	0.00582495	0.00830764	0.00146393	0.678654	0.00382533	0.00328822	0.00776028	0.00825186	0.00254079	0.0120825	0.00448328	0.010617	0.00507753	0.0605551	0.0114873	0.0112236	0.0005763	0.00170206
79	0.124626	0.00356566	0.0624821	0.155726	0.00852054	0.0765383	0.0270829	0.00194335	0.0874624	0.0320852	0.00714702	0.03281	0.00782782	0.0671745	0.0536229	0.150211	0.0742872	0.0208506	0.000328776	0.00570783
80	0.00192846	0.00756267	0.000354242	0.000659196	0.00446348	0.000726199	0.000469815	0.291534	0.000591051	0.512948	0.022398	0.000618817	0.000278742	0.00079991	0.000560825	0.00119645	0.00155411	0.150436	0.00041534	0.000504492
81	0.0674005	0.00379117	0.0551382	0.0427963	0.000525583	0.0290614	0.0396041	0.00172074	0.137152	0.0103137	0.00400919	0.128823	0.0528313	0.0869789	0.125227	0.158515	0.03967	0.0126384	0.000827126	0.00297529
82	0.231063	0.0140723	0.0199789	0.0714249	0.00668839	0.103908	0.0271299	0.0230764	0.037758	0.0498519	0.0184128	0.0284155	0.00613868	0.0530351	0.026869	0.175697	0.0510501	0.0424963	0.00142569	0.0115083
83	0.22308	0.0259045	0.000703953	0.00541117	0.00916632	0.0213258	0.000881787	0.168816	0.000903543	0.144338	0.0455794	0.00524291	0.00922926	0.00147066	0.000821022	0.0515901	0.0441789	0.240287	0.000424968	0.000644307
84	0.0150724	0.00234821	0.000577627	0.00237061	0.102343	0.000965742	0.000432218	0.109357	0.000478877	0.551492	0.115265	0.000504295	0.00283216	0.00169128	0.00192086	0.00436391	0.00450245	0.0658562	0.00921265	0.00841312
85	0.16494	0.0318632	0.00608138	0.0115277	0.00165029	0.00134641	0.00159389	0.00804037	0.00186707	0.00937118	0.00145954	0.0112985	0.496773	0.00181447	0.00802212	0.202133	0.0238996	0.0151917	0.000402813	0.000723684
86	0.220442	0.0260045	0.000746215	0.00533937	0.0098838	0.0210306	0.000894105	0.171031	0.000944044	0.144005	0.0472569	0.00556924	0.00897972	0.0016564	0.000852909	0.0512487	0.0445988	0.238217	0.000442204	0.000857501
87	0.22308	0.0259045	0.000703953	0.00541117	0.00916632	0.0213258	0.000881787	0.168816	0.000903543	0.144338	0.0455794	0.00524291	0.00922926	0.00147066	0.000821022	0.0515901	0.0441789	0.240287	0.000424968	0.000644307
88	0.020819	0.00549968	0.00157797	0.000638522	0.0147013	0.00349552	0.000294551	0.212348	0.000293475	0.445434	0.0710063	0.000308867	0.000212435	0.00554164	0.00819761	0.00667484	0.0111289	0.17556	0.00777009	0.00849747
89	0.124626	0.00356566	0.0624821	0.155726	0.00852054	0.0765383	0.0270829	0.00194335	0.0874624	0.0320852	0.00714702	0.03281	0.00782782	0.0671745	0.0536229	0.150211	0.0742872	0.0208506	0.000328776	0.00570783
90	0.111838	0.0189373	0.0205745	0.0482547	0.000791325	0.0348252	0.0194646	0.0130128	0.134106	0.00737683	0.0109291	0.0660443	0.0194041	0.0848077	0.156376	0.152321	0.0586869	0.0176113	0.00759055	0.0170479
91	0.0672766	0.0283581	0.000876977	0.00148813	0.171472	0.00178969	0.00115082	0.189712	0.00134435	0.258105	0.0826712	0.00155016	0.000787428	0.00189429	0.00103879	0.00861183	0.00734428	0.136745	0.00577039	0.0320135
92	0.0126356	0.0149686	0.00214943	0.00123955	0.0467786	0.00273492	0.000975801	0.395545	0.00120825	0.125272	0.0214897	0.00134087	0.00629837	0.0024984	0.00131949	0.00479727	0.00487623	0.331251	0.000986149	0.0216349
93	0.0208582	0.00954211	0.00130844	0.000649675	0.0177663	0.00294283	0.000362522	0.237289	0.000327046	0.398311	0.0616695	0.000417487	0.000852534	0.00436083	0.00580313	0.00576304	0.00944076	0.205088	0.00661483	0.0106323
94	0.16494	0.0318632	0.00608138	0.0115277	0.00165029	0.00134641	0.00159389	0.00804037	0.00186707	0.00937118	0.00145954	0.0112985	0.496773	0.00181447	0.00802212	0.202133	0.0238996	0.0151917	0.000402813	0.000723684
95	0.0283986	0.138496	0.218344	0.102113	0.040842	0.0851734	0.0140539	0.010965	0.0438372	0.0165078	0.0107071	0.105586	0.0398402	0.0128364	0.00934554	0.0759973	0.0221691	0.014833	0.00327741	0.00667687
96	0.0101767	0.00135979	0.000407803	0.0017491	0.133071	0.000601588	0.000527059	0.0643375	0.000701522	0.542929	0.179188	0.000652743	0.0043228	0.000899311	0.00058778	0.00249205	0.00249483	0.0331484	0.0105028	0.00985054
97	0.223986	0.029679	0.0157643	0.0260965	0.00133079	0.0344604	0.0155639	0.0122627	0.094874	0.00967892	0.00973424	0.030595	0.0160287	0.0353893	0.107206	0.268107	0.0339242	0.0217189	0.00813612	0.00546312
98	0.0118936	0.00149689	0.675815	0.198047	0.00135061	0.00813363	0.0196628	0.00199494	0.00144032	0.00241454	0.00172858	0.0119044	0.00694253	0.0275063	0.00142866	0.0182331	0.0042784	0.00394495	0.000625046	0.00115819
99	0.0307747	0.00694541	0.000712044	0.000352251	0.00643161	0.00212814	0.000243916	0.415886	0.000323922	0.0575829	0.00635967	0.000343262	0.00026955	0.00266689	0.000322318	0.00242239	0.00412938	0.46059	0.000133985	0.00138142
100	0.020633	0.0216074	0.00106393	0.00847521	0.0134531	0.00147202	0.0115941	0.116121	0.173683	0.102707	0.027248	0.00858519	0.000849337	0.0597228	0.279703	0.0204414	0.0085321	0.115431	0.000654885	0.00802283
101	0.589409	0.0228432	0.000517303	0.00830944	0.00411354	0.144939	0.000844588	0.0157365	0.000890506	0.0256473	0.0023236	0.0011664	0.0246204	0.00627255	0.000838641	0.0442511	0.0203668	0.0858527	0.000405564	0.000651775
102	0.00516229	0.00483944	0.00064622	0.000961984	0.00468338	0.000964941	0.00353696	0.00497427	0.681557	0.00557476	0.00399178	0.00109289	0.0032864	0.00121351	0.257404	0.00479867	0.00418289	0.00998256	0.000378401	0.000767587
103	0.0138982	0.00271258	0.00776039	0.0183667	0.00620362	0.0213768	0.0173271	0.0109735	0.229102	0.0271789	0.0116087	0.0190606	0.000700199	0.0494463	0.485514	0.0100182	0.0199357	0.0188207	0.00788042	0.022115
104	0.597779	0.0244704	0.000585178	0.00743372	0.00379025	0.142314	0.000891667	0.0141789	0.000885522	0.0248939	0.00253851	0.00107691	0.0223164	0.00595487	0.00100369	0.0443118	0.018573	0.0859733	0.000390446	0.000638413
105	0.0292943	0.0225177	0.000798909	0.000998217	0.0109254	0.000718072	0.00079152	0.0950922	0.000909726	0.627994	0.167791	0.000898185	0.000484017	0.00504122	0.00112922	0.00428394	0.00473703	0.0207249	0.00374889	0.00112214
106	0.0978866	0.00865063	0.00590457	0.142401	0.0082527	0.0151083	0.0102701	0.110268	0.0160888	0.178341	0.108527	0.0175411	0.00252286	0.0662541	0.0242518	0.0203165	0.0509011	0.108939	0.00347804	0.00409829
107	0.00104616	0.000407126	0.000293434	0.000507039	0.00211094	0.000397293	0.000361071	0.777936	0.000428954	0.0725461	0.00586912	0.000478017	0.000212378	0.000549833	0.00202839	0.000838519	0.0105538	0.113439	0.00360161	0.00639614
108	0.455016	0.0978868	0.000596492	0.000739082	0.00212335	0.021553	0.00117974	0.0199262	0.00070253	0.0222054	0.00850769	0.00343652	0.000555493	0.00224153	0.00447531	0.235601	0.066549	0.0559976	0.000235233	0.000471768
109	0.409527	0.105544	0.00223515	0.00558574	0.00475401	0.0332474	0.00582043	0.0219393	0.00401706	0.0670418	0.0171485	0.00699706	0.00321076	0.00913936	0.0104723	0.189127	0.0509759	0.0478923	0.00142135	0.00390332
110	0.455312	0.0900975	0.000546751	0.00136205	0.00239921	0.022161	0.00116522	0.0189519	0.000973071	0.0236417	0.00856386	0.00425044	0.00095141	0.00298738	0.004016	0.239723	0.0674686	0.0546395	0.000256122	0.000532561
111	0.0195589	0.0030566	0.00965383	0.00540413	0.00101441	0.878814	0.00845861	0.00147098	0.00655292	0.0021324	0.00116992	0.0170537	0.00464009	0.0120278	0.00885153	0.0129924	0.00375216	0.0019408	0.000442779	0.00101159
112	0.148911	0.00230032	0.00789034	0.0255556	0.0400159	0.143317	0.066436	0.00489813	0.0421261	0.00594844	0.0255451	0.134207	0.00128301	0.0647509	0.0888089	0.147288	0.0103423	0.00556947	0.0193468	0.0154586
113	0.0288416	0.0124289	0.012354	0.0218609	0.0103946	0.0155172	0.507543	0.0223247	0.0111602	0.0785037	0.0191497	0.0795373	0.00460952	0.0267568	0.0136703	0.0578863	0.03756	0.022229	0.00479544	0.0128769
114	0.0262066	0.00329136	0.00293281	0.00764732	0.00368298	0.0205275	0.275679	0.00483206	0.00399168	0.0102129	0.00687884	0.497919	0.0185286	0.0111159	0.00350972	0.0470129	0.0299504	0.0220955	0.00127109	0.00271391
115	0.0205097	0.00538954	0.00137745	0.000623443	0.0149464	0.00306922	0.00042346	0.221744	0.000305083	0.444907	0.0721594	0.000327109	0.000181812	0.00497828	0.00699915	0.00640774	0.01045	0.170717	0.00680278	0.0076818
116	0.0160377	0.00297373	0.000766879	0.00159241	0.0808381	0.00149745	0.000409723	0.135921	0.000398029	0.528742	0.10459	0.000379405	0.00214067	0.00255396	0.00313957	0.00432461	0.00569575	0.0908487	0.00859029	0.00855972
117	0.00981901	0.00147121	0.000463495	0.00175863	0.133014	0.000625629	0.000556639	0.0619093	0.000769352	0.542161	0.183548	0.000694584	0.00418906	0.000959911	0.00059869	0.00253678	0.0024051	0.0321213	0.0102033	0.0101945
118	0.0165695	0.044643	0.00143473	0.012567	0.0378547	0.0153495	0.00168977	0.283307	0.0108193	0.0616392	0.0413382	0.00927657	0.000951241	0.0284259	0.0183849	0.0995194	0.063323	0.230464	0.000748135	0.0216947
119	0.0189268	0.00333872	0.0103707	0.00525273	0.00103494	0.875269	0.00926991	0.00178521	0.0063293	0.00218135	0.0014667	0.0186559	0.00456068	0.0125865	0.00931926	0.0126739	0.00352556	0.0020509	0.000447402	0.000954703
120	0.16494	0.0318632	0.00608138	0.0115277	0.00165029	0.00134641	0.00159389	0.00804037	0.00186707	0.00937118	0.00145954	0.0112985	0.496773	0.00181447	0.00802212	0.202133	0.0238996	0.0151917	0.000402813	0.000723684
121	0.19095	0.00638787	0.00202287	0.00847361	0.00583809	0.00457722	0.00597722	0.00728189	0.0034634	0.0497093	0.00348031	0.00435674	0.544544	0.00811012	0.00317567	0.0457182	0.0316946	0.0721454	0.000647652	0.00144589
122	0.0194657	0.00324165	0.00984801	0.00544819	0.00107039	0.876428	0.0088235	0.00150821	0.00625265	0.00237814	0.00129018	0.0174051	0.00468738	0.0122859	0.00910033	0.0130412	0.00393626	0.00230707	0.000470162	0.00101161
123	0.381717	0.0949886	0.000570334	0.000805102	0.0031152	0.0244789	0.00117181	0.0261346	0.000757492	0.0221625	0.0101593	0.00572215	0.0010153	0.00329146	0.00403492	0.2771	0.0792368	0.0625009	0.000307619	0.000730565
124	0.0195647	0.00330009	0.0103201	0.00520379	0.00102641	0.874684	0.00893228	0.00152045	0.00622101	0.00214633	0.00120936	0.018325	0.00453233	0.0127162	0.00952876	0.0137224	0.00361525	0.00196642	0.000424505	0.00104104
125	0.00665211	0.00496234	0.00118058	0.00189641	0.0047174	0.00233367	0.00428478	0.00514923	0.669164	0.00620881	0.00458511	0.00241347	0.00339141	0.00405808	0.254973	0.00647905	0.00534063	0.0103742	0.000513913	0.00132222
126	0.0229047	0.00364171	0.000525481	0.00463816	0.000756133	0.0143257	0.000743929	0.00715182	0.000997197	0.00666882	0.00096773	0.0107002	0.000497198	0.00130809	0.000814721	0.652971	0.258468	0.00514831	0.00034477	0.00642604
127	0.0222212	0.0123115	0.000687558	0.00131869	0.0222678	0.00118809	0.000631287	0.10413	0.0018698	0.607519	0.143797	0.000810088	0.000866007	0.00793022	0.00199046	0.00597453	0.0122577	0.0448486	0.00472116	0.00265939
128	0.0165246	0.0161808	0.000368299	0.000571981	0.00733002	0.000476348	0.000377677	0.0885014	0.000519351	0.677352	0.151771	0.000580714	0.000291425	0.00471786	0.000673378	0.00325466	0.00420173	0.0220259	0.00385183	0.000429269
129	0.256979	0.0635005	0.00240367	0.0109413	0.0103966	0.0632488	0.0692617	0.0557211	0.00828224	0.0785518	0.0142941	0.0170162	0.00320404	0.0230626	0.0150353	0.214607	0.0317935	0.0488471	0.00612804	0.00672524
130	0.111135	0.0188873	0.0203068	0.0485493	0.000854746	0.03486	0.0194721	0.0125498	0.137076	0.00740548	0.0113444	0.0650442	0.0187085	0.0862643	0.155647	0.151893	0.0586851	0.0170879	0.0073331	0.0168968
131	0.245289	0.180304	0.00340338	0.00703308	0.00557044	0.063297	0.0110965	0.0173215	0.00591134	0.0455601	0.00828728	0.00783587	0.00277044	0.0111166	0.133143	0.180855	0.0336428	0.0313227	0.0025261	0.00371314
132	0.0136215	0.000669202	0.00032251	0.00187751	0.129479	0.000492439	0.00044965	0.0826072	0.000493251	0.572094	0.128058	0.000523649	0.00352801	0.000698383	0.000402056	0.00247811	0.00329349	0.0424448	0.00991043	0.00655661
133	0.129275	0.0158289	0.0103522	0.0406451	0.00252656	0.0319877	0.0037023	0.0674443	0.0474471	0.0642093	0.0262892	0.023592	0.243409	0.0246764	0.0252828	0.0911129	0.068125	0.0806982	0.000569108	0.00282661
134	0.0303556	0.00218321	0.0334777	0.00806446	0.0127391	0.301623	0.023591	0.00340729	0.0185279	0.00429174	0.00270128	0.0138705	0.0240693	0.0135528	0.00247381	0.367686	0.106258	0.00442568	0.000913728	0.0257878
135	0.00111464	0.000444097	0.000310069	0.000523979	0.00207194	0.00041565	0.000376631	0.778508	0.000421154	0.0747694	0.00587144	0.000481757	0.000214776	0.000583138	0.00215356	0.000856888	0.0102074	0.111071	0.00346851	0.00613524
136	0.0121161	0.0065291	0.000341672	0.000630624	0.0111515	0.000491989	0.000377339	0.0394203	0.00437914	0.73567	0.138992	0.00325726	0.000346915	0.00869362	0.007205	0.00196917	0.00206339	0.0192444	0.00279398	0.00432653
137	0.158464	0.0315503	0.00723935	0.0161369	0.00220695	0.00357543	0.00215121	0.0117234	0.00542531	0.013752	0.00302703	0.0122172	0.483046	0.0038489	0.00968008	0.183537	0.0295651	0.0213942	0.000596548	0.000862357
138	0.0623504	0.00191701	0.129858	0.0804474	0.00171678	0.017323	0.00152724	0.00251309	0.00340171	0.0119839	0.0020266	0.0165395	0.537598	0.0327665	0.0392348	0.0350653	0.0185267	0.00325647	0.000726702	0.00122109
139	0.0090524	0.000616459	0.000422703	0.000726805	0.0153831	0.000650946	0.000562113	0.00839438	0.0091547	0.755784	0.135962	0.00618257	0.000327276	0.0142555	0.0143268	0.00132211	0.00114125	0.0142985	0.00288608	0.00855054
140	0.0424183	0.0061901	0.0708982	0.0591254	0.001307	0.032426	0.00995552	0.00160505	0.00549392	0.029153	0.0011909	0.112938	0.00578787	0.0125252	0.0145022	0.327222	0.252707	0.0121131	0.00149186	0.000948497
141	0.111514	0.000665652	0.176498	0.317396	0.00346593	0.019616	0.02956	0.00620785	0.0598612	0.00754402	0.000837101	0.0594258	0.00145874	0.068284	0.0394811	0.0605343	0.0284618	0.00747759	0.000198605	0.00151184
142	0.0268524	0.000813968	0.104641	0.728717	0.000826605	0.00173314	0.00960321	0.000994709	0.00586117	0.00483367	0.00489911	0.00947212	0.000414686	0.0458884	0.001164	0.0172415	0.0175674	0.00970971	0.00348095	0.00528505
143	0.208504	0.0101919	0.00240617	0.005865	0.0203933	0.0103937	0.00604272	0.0798781	0.0318868	0.153676	0.161988	0.00485515	0.00171026	0.0506801	0.00440971	0.154741	0.0471337	0.0214402	0.00113086	0.0226727
144	0.018495	0.00600826	0.00123137	0.000575313	0.0126996	0.00271406	0.000321969	0.198788	0.000293151	0.485906	0.076022	0.000309478	0.000162547	0.00520842	0.00675769	0.00614748	0.00935607	0.155589	0.0065109	0.00690436
145	0.0262009	0.000812047	0.104039	0.732636	0.000728025	0.00163934	0.00931629	0.000920223	0.0052968	0.00482877	0.00495244	0.00892766	0.000420549	0.0453168	0.000761343	0.0169786	0.0175798	0.00975238	0.00354821	0.00534448
146	0.161233	0.0283248	0.000709748	0.00107412	0.0101244	0.000901131	0.000905998	0.101115	0.00903271	0.026365	0.00652748	0.00100477	0.000433013	0.01164	0.000936913	0.0438265	0.205847	0.388868	0.000394602	0.000735641
147	0.234656	0.00383259	0.0148857	0.0442495	0.0026944	0.0488996	0.00348197	0.00900679	0.0083642	0.0330469	0.00418949	0.0435974	0.0111556	0.0166908	0.00423301	0.313168	0.163814	0.0329011	0.00600376	0.00112786
148	0.106539	0.00576766	0.0036292	0.0063626	0.00415102	0.00574426	0.00445474	0.0630804	0.0458839	0.0442093	0.0461071	0.00610237	0.00255898	0.0627223	0.210059	0.272214	0.0608613	0.0439512	0.00189535	0.00370693
149	0.00104616	0.000407126	0.000293434	0.000507039	0.00211094	0.000397293	0.000361071	0.777936	0.000428954	0.0725461	0.00586912	0.000478017	0.000212378	0.000549833	0.00202839	0.000838519	0.0105538	0.113439	0.00360161	0.00639614
150	0.122919	0.00201986	0.00164034	0.0109381	0.0101578	0.00197976	0.258426	0.0108877	0.010609	0.0339344	0.0174068	0.0307714	0.00112018	0.0884783	0.0588354	0.0208719	0.0370576	0.00355642	0.000838671	0.277551
151	0.176032	0.0111786	0.0183932	0.0351631	0.00617225	0.096324	0.0264092	0.0203175	0.0639271	0.0188742	0.0152949	0.0950034	0.00840999	0.0496652	0.0777732	0.209691	0.0348834	0.0203029	0.00462215	0.0115625
152	0.079497	0.0280296	0.00593294	0.00907464	0.0060764	0.00427912	0.00297533	0.0241949	0.0145216	0.0192562	0.00766278	0.0144053	0.407177	0.0115777	0.240721	0.0686495	0.0347406	0.0173464	0.00138009	0.00250211
153	0.160471	0.00584852	0.00194186	0.0103212	0.00831782	0.00163267	0.00824523	0.00478116	0.00263629	0.0458534	0.00325501	0.00348541	0.595713	0.00676283	0.0027129	0.0473145	0.0243622	0.0646725	0.000563575	0.00110871
154	0.0138044	0.0158449	0.000759046	0.00426751	0.3525	0.0010923	0.00668093	0.0248364	0.00629836	0.126095	0.0149876	0.0011189	0.00215626	0.00968932	0.00109662	0.00226234	0.00932433	0.0193876	0.0251983	0.3626
155	0.196501	0.0261148	0.0176039	0.0638108	0.00627845	0.0310279	0.0131685	0.0434798	0.075755	0.040342	0.0163907	0.0253747	0.00951424	0.0910934	0.109577	0.12508	0.0390674	0.0555459	0.00343479	0.0108402
156	0.28299	0.00898018	0.0489781	0.0329191	0.00974468	0.00219861	0.0250343	0.00258396	0.00945734	0.00327865	0.00219696	0.0722234	0.00104286	0.0637853	0.00939941	0.369806	0.0502105	0.0031311	0.000737602	0.00130259
157	0.149208	0.00538668	0.00210858	0.0103761	0.00658881	0.00332846	0.00706162	0.00947057	0.00532701	0.0501461	0.00601619	0.00461665	0.577028	0.00907946	0.00581431	0.0348635	0.0325733	0.078861	0.000743737	0.00140227
158	0.0522253	0.0259959	0.016322	0.0163692	0.0142049	0.0308277	0.354134	0.026044	0.0132778	0.0990577	0.0137201	0.0387695	0.0058524	0.0246511	0.0180197	0.17522	0.0262544	0.0310321	0.00830242	0.00971956
159	0.0939408	0.00714005	0.00583467	0.00947276	0.0231653	0.00788643	0.239622	0.0393081	0.0544422	0.0171409	0.00759923	0.00959516	0.00384583	0.0924205	0.035212	0.107248	0.0134936	0.059651	0.0552355	0.117746
160	0.0229047	0.00364171	0.000525481	0.00463816	0.000756133	0.0143257	0.000743929	0.00715182	0.000997197	0.00666882	0.00096773	0.0107002	0.000497198	0.00130809	0.000814721	0.652971	0.258468	0.00514831	0.00034477	0.00642604
161	0.3667	0.0990588	0.000726174	0.00100705	0.00284728	0.0213255	0.00135836	0.0392896	0.00102381	0.0254142	0.0110154	0.00476384	0.000778483	0.00330112	0.00408675	0.26586	0.0799938	0.070453	0.000444019	0.000553069
162	0.0229047	0.00364171	0.000525481	0.00463816	0.000756133	0.0143257	0.000743929	0.00715182	0.000997197	0.00666882	0.00096773	0.0107002	0.000497198	0.00130809	0.000814721	0.652971	0.258468	0.00514831	0.00034477	0.00642604
163	0.446026	0.00174765	0.00141107	0.00220264	0.00184392	0.00192706	0.00166182	0.0561404	0.0103658	0.00367566	0.00240444	0.00997038	0.0894472	0.00286452	0.0100029	0.0512645	0.0205425	0.275674	0.000823319	0.0100042
164	0.643737	0.00344056	0.00431526	0.00282692	0.0031826	0.0628968	0.000638272	0.00125022	0.00136857	0.00201203	0.000785029	0.00302195	0.00149355	0.00279741	0.000766327	0.252396	0.00431603	0.00785416	0.00032824	0.000572409
165	0.0147285	0.0131302	0.000326221	0.00059103	0.0116819	0.000472408	0.00035959	0.077484	0.000985571	0.693272	0.146618	0.000932492	0.000367739	0.00475559	0.00160875	0.00260693	0.00343964	0.0220116	0.00348658	0.00114086
166	0.0552176	0.0134994	0.00186955	0.00168151	0.0210737	0.00440796	0.00110101	0.431008	0.00154994	0.0782121	0.011504	0.00186029	0.00157139	0.00392787	0.00204195	0.025775	0.0311668	0.30894	0.000551063	0.00304059
167	0.0198827	0.00393394	0.0123092	0.00483375	0.00151159	0.861657	0.0106369	0.00159455	0.00552889	0.00233144	0.00145501	0.022001	0.00443373	0.0165798	0.0106832	0.0136968	0.00298239	0.0026779	0.000462133	0.000808307
168	0.0133198	0.00127868	0.00552127	0.0149919	0.00651	0.025381	0.0163962	0.0107031	0.27789	0.0173311	0.0124341	0.014592	0.000272585	0.0472142	0.466797	0.0117019	0.0200655	0.0184548	0.0035054	0.01564
169	0.0837715	0.0163304	0.00639266	0.0174644	0.0146988	0.0146879	0.00686951	0.126127	0.0177124	0.0658117	0.0477913	0.014172	0.262661	0.0140985	0.0118046	0.0445602	0.0376353	0.186781	0.00267198	0.00795779
170	0.0247784	0.00367098	0.010004	0.00637746	0.0015773	0.851922	0.00873603	0.00282011	0.00752951	0.0037396	0.00189869	0.0164119	0.00916406	0.0119702	0.009083	0.0186715	0.0060785	0.00334579	0.000607409	0.00161413
171	0.202429	0.0118867	0.0248612	0.206215	0.00953206	0.0188121	0.0142847	0.0301236	0.0422276	0.119983	0.0283073	0.0183131	0.00986891	0.0944688	0.0300495	0.0481584	0.0356706	0.0423209	0.0035937	0.00889448
172	0.0321752	0.00801783	0.00110366	0.00035381	0.0104515	0.00225247	0.000288685	0.432602	0.000351634	0.0675099	0.00870827	0.000372448	0.000533521	0.00278634	0.00034359	0.0038559	0.00582755	0.42013	0.000140472	0.00219472
173	0.0240635	0.00365289	0.000546287	0.00463741	0.000813371	0.0145188	0.000772883	0.00736474	0.00107457	0.0067294	0.000992189	0.0107135	0.000591236	0.00131877	0.000844543	0.650332	0.258769	0.00556445	0.000348219	0.00635273
174	0.00907265	0.000611731	0.000423502	0.000728963	0.0153327	0.000644137	0.00056284	0.00829284	0.00914684	0.7559	0.135661	0.00621805	0.000336452	0.0143243	0.014455	0.00132908	0.00115482	0.0142941	0.00289099	0.00861968
175	0.688593	0.00305643	0.00306315	0.000783167	0.0039655	0.0269084	0.000569064	0.00117855	0.000766821	0.00145476	0.00074974	0.00081351	0.00140798	0.00120741	0.000732747	0.257165	0.00141744	0.0052455	0.000382464	0.000539207
176	0.0154055	0.00439144	0.00314308	0.0262862	0.00432145	0.00830371	0.512298	0.00700988	0.00465093	0.0373066	0.0259391	0.208456	0.00490909	0.0277624	0.00486072	0.0194439	0.0695587	0.010564	0.00192467	0.00346487
177	0.00470287	0.0175996	0.00128133	0.00964695	0.0096714	0.0341592	0.188354	0.00236995	0.0325021	0.0446735	0.00187082	0.368835	0.000883774	0.057747	0.205823	0.00386849	0.00289113	0.00299947	0.000812395	0.00930781
178	0.0164543	0.00426909	0.0132573	0.00487404	0.00123001	0.860268	0.012196	0.00195219	0.00501294	0.00269645	0.00134871	0.0255764	0.00404147	0.016348	0.0120119	0.0122785	0.00253316	0.00215996	0.000521257	0.000969974
179	0.0193039	0.00538599	0.000568332	0.000407496	0.00728455	0.00147778	0.000290321	0.51404	0.00037918	0.0664943	0.00770002	0.000408108	0.000648091	0.00195589	0.000861152	0.00173866	0.00521834	0.359875	0.00117116	0.00479122
180	0.0137543	0.00929632	0.000543516	0.00113791	0.0228591	0.0014666	0.000449291	0.121236	0.00127336	0.637536	0.110143	0.00146702	0.000731304	0.0042997	0.00274675	0.00328782	0.00489414	0.0554911	0.00427605	0.00311073
181	0.018553	0.0153585	0.00379604	0.0101879	0.314209	0.00325792	0.0227467	0.0470882	0.00936523	0.146789	0.0184385	0.00578544	0.00311586	0.0154887	0.00449828	0.00867456	0.0218545	0.0264386	0.0215354	0.282819
182	0.0143652	0.0130403	0.000406305	0.000762343	0.040009	0.000507223	0.000420664	0.0770994	0.000686999	0.637513	0.171829	0.000701466	0.00123183	0.0036649	0.000916915	0.00274749	0.00347413	0.02229	0.00519896	0.00313474
183	0.0159636	0.00369864	0.657396	0.183256	0.0024682	0.00989951	0.0188563	0.00222264	0.00286967	0.00331698	0.0021683	0.0205488	0.00735854	0.026561	0.00215103	0.0234713	0.0103653	0.00516402	0.000709777	0.00155521
184	0.0276352	0.00084396	0.115587	0.711239	0.00082032	0.00268391	0.00996567	0.00111374	0.00689889	0.00540917	0.00492694	0.0100639	0.000612106	0.0473773	0.00173852	0.0177329	0.0174601	0.00943596	0.00334772	0.00510747
185	0.0136215	0.000669202	0.00032251	0.00187751	0.129479	0.000492439	0.00044965	0.0826072	0.000493251	0.572094	0.128058	0.000523649	0.00352801	0.000698383	0.000402056	0.00247811	0.00329349	0.0424448	0.00991043	0.00655661
186	0.220083	0.00311864	0.00169264	0.00755324	0.00633498	0.00667695	0.0060299	0.00394878	0.00258357	0.0689691	0.00294697	0.0025679	0.525123	0.0122161	0.00213316	0.0240944	0.0326807	0.0688993	0.000869608	0.00147779
187	0.0413314	0.00726569	0.0925701	0.485604	0.00614927	0.010521	0.0656541	0.00823981	0.0220004	0.0159036	0.00757568	0.0428051	0.00277646	0.0623059	0.0149818	0.0353278	0.0262233	0.0178681	0.00368255	0.0312143
188	0.0389194	0.012774	0.00194214	0.0046646	0.323245	0.00316379	0.0129726	0.016562	0.0069763	0.0881575	0.012256	0.00313249	0.00215835	0.0276409	0.00435348	0.00892156	0.0098463	0.0158887	0.0334781	0.372947
