215	20
1	0.0648476	0.00197984	0.00296221	0.0610998	0.0277943	0.0211086	0.0472757	0.0199097	0.0783844	0.0286529	0.0307616	0.0758343	0.00606915	0.221829	0.0592787	0.0701219	0.117753	0.0386276	0.00191298	0.0237965
2	0.036373	0.0101734	0.00227995	0.00454777	0.265658	0.0156993	0.0137916	0.0361102	0.006287	0.0550845	0.0321057	0.0158203	0.00577873	0.0105148	0.00601843	0.0329371	0.0333787	0.0281868	0.250965	0.13829
3	0.111126	0.00370188	0.0912828	0.105043	0.0039722	0.0795773	0.0166133	0.00470391	0.130667	0.00665089	0.00282641	0.103947	0.00113273	0.0586173	0.0546103	0.152303	0.0571925	0.0102679	0.00106852	0.0046953
4	0.0320898	0.00133691	0.0144646	0.000931621	0.00285327	0.0351669	0.0078095	0.00697633	0.00641275	0.00362353	0.00402769	0.0103966	0.00281326	0.00122977	0.00306765	0.629469	0.228178	0.00601033	0.00141703	0.00172506
5	0.0481486	0.00205526	0.00346957	0.0170823	0.0202446	0.0400165	0.0282932	0.0224967	0.188903	0.0355368	0.0262909	0.0572654	0.0117696	0.0475583	0.235828	0.0856721	0.0901311	0.0134705	0.0099363	0.0158313
6	0.0799764	0.00612939	0.000560512	0.00110369	0.0792799	0.0206249	0.00102325	0.177422	0.0186533	0.210103	0.0380423	0.0102539	0.0011821	0.00162793	0.0142844	0.0646036	0.13148	0.090621	0.0489672	0.00406126
7	0.389409	0.01163	0.000449826	0.0141919	0.00492808	0.144237	0.000595349	0.0288926	0.000425749	0.0174774	0.0271059	0.00378644	0.00701782	0.00454828	0.000587436	0.200533	0.0728585	0.0689544	0.000992973	0.00137881
8	0.013633	0.00268912	0.000517786	0.000892163	0.267661	0.00698752	0.000820706	0.155118	0.000581401	0.176445	0.0310127	0.00197318	0.00357057	0.00826028	0.000655848	0.0080775	0.0243297	0.118943	0.0222093	0.155622
9	0.00268018	0.000573525	0.000261622	0.0005357	0.0197688	0.00105827	0.000378253	0.598105	0.000270157	0.15205	0.0139432	0.000879749	0.000371722	0.000628528	0.000338924	0.00439046	0.00719119	0.189293	0.00352572	0.00375529
10	0.0242732	0.00915568	0.000253718	0.00095081	0.108849	0.0025372	0.000343921	0.153104	0.000340498	0.493953	0.0969825	0.00102536	0.00261844	0.00137863	0.000372262	0.0114777	0.0136121	0.0527857	0.00665412	0.0193314
11	0.136452	0.00664002	0.0104043	0.00287924	0.00438798	0.0598192	0.00568223	0.0126304	0.00400869	0.00662276	0.00845506	0.0104528	0.00598749	0.00245549	0.00381261	0.519965	0.177139	0.0183044	0.00181137	0.00209084
12	0.245568	0.0691895	0.00132954	0.00214978	0.0121027	0.0461107	0.00227908	0.048049	0.000586231	0.0755248	0.0775912	0.0188761	0.00858459	0.00441912	0.000897553	0.154776	0.119105	0.104457	0.00103821	0.00736588
13	0.0610037	0.000715451	0.000270388	0.000687099	0.00788779	0.00486673	0.000402161	0.368509	0.000415244	0.0617211	0.0236368	0.006302	0.000430623	0.00137713	0.000372849	0.00882401	0.0336854	0.415115	0.000610291	0.00316652
14	0.196898	0.021149	0.00108921	0.00313837	0.00173215	0.656799	0.000710916	0.00267404	0.00112567	0.00878987	0.00217819	0.00618473	0.00414656	0.0039647	0.000861919	0.0659047	0.0120134	0.00854724	0.000965156	0.00112803
15	0.198684	0.0727985	0.00343716	0.00565844	0.0155803	0.0639969	0.00150836	0.0584897	0.000569153	0.0646014	0.0549612	0.0298252	0.00884401	0.00409735	0.00165555	0.229279	0.0965273	0.0761715	0.00177425	0.0115409
16	0.223471	0.0368931	0.000875227	0.0023852	0.0386033	0.0332783	0.00336597	0.0879405	0.00129687	0.1317	0.0638829	0.0121026	0.00703583	0.0063387	0.00124717	0.0727523	0.102815	0.160595	0.00494655	0.0084742
17	0.0499894	0.000950218	0.000355985	0.000798061	0.0105656	0.00442632	0.000616054	0.379734	0.00053035	0.0553458	0.0181	0.00540275	0.00068507	0.00155366	0.000568898	0.00775493	0.0264627	0.4294	0.000899135	0.00586105
18	0.195229	0.0210279	0.00170341	0.00340173	0.0027695	0.653483	0.000717848	0.00295643	0.00120712	0.00988687	0.00271971	0.00701629	0.0039702	0.00448639	0.00120633	0.063884	0.0130108	0.00895185	0.00112821	0.00124427
19	0.0927973	0.00978012	0.000353111	0.000878428	0.157503	0.032579	0.000715789	0.175575	0.00196248	0.239161	0.0453584	0.00208552	0.00352272	0.00210123	0.000963808	0.0338108	0.0617351	0.117972	0.0108624	0.0102832
20	0.201544	0.0216154	0.000318774	0.00279675	0.00182827	0.662767	0.000496928	0.00253625	0.000377785	0.00894045	0.00211249	0.00391515	0.00410244	0.0038132	0.000457434	0.0616803	0.0101484	0.00879675	0.000791056	0.000961732
21	0.0675391	0.0102495	0.0539237	0.0224169	0.0283608	0.0492902	0.0317669	0.0344423	0.0218256	0.0350676	0.0258707	0.299902	0.00721635	0.0304892	0.0202901	0.0888476	0.0583319	0.0304133	0.0123085	0.0714471
22	0.0592182	0.0114166	0.000305729	0.00136722	0.0856162	0.0161016	0.00105289	0.271662	0.00044354	0.235192	0.0481067	0.00388934	0.00347269	0.00381759	0.00044106	0.0114948	0.0335797	0.199187	0.00520571	0.00843039
23	0.0391172	0.010182	0.000379003	0.00124014	0.107565	0.00644267	0.000885756	0.200651	0.00153575	0.358736	0.0607585	0.00320245	0.00298203	0.00330203	0.00143671	0.0152672	0.0294964	0.113781	0.0255572	0.0174819
24	0.0986824	0.00578871	0.0216141	0.0309193	0.0333671	0.0531989	0.0197274	0.026366	0.122716	0.0367743	0.0269836	0.0482741	0.00678954	0.0347982	0.213538	0.0889443	0.0659368	0.0263421	0.0137309	0.0255075
25	0.0177739	0.00617405	0.000679835	0.00110521	0.344686	0.00592954	0.0381615	0.0262027	0.00107839	0.036162	0.0250407	0.0207426	0.00233322	0.00703517	0.00100845	0.0189643	0.0205817	0.0120476	0.0571686	0.357125
26	0.0078894	0.00176477	0.000638502	0.00102059	0.0157938	0.018765	0.00123976	0.0117778	0.000888494	0.00604275	0.0100763	0.002975	0.764217	0.00149061	0.00111803	0.094092	0.0381892	0.0181589	0.00174694	0.00211502
27	0.120672	0.00813887	0.0128157	0.0153284	0.0905128	0.099253	0.012619	0.0180395	0.00926271	0.0209087	0.0395455	0.0986467	0.00477886	0.0284504	0.0659275	0.101035	0.0946701	0.0505068	0.0131807	0.0957075
28	0.0287209	0.00132862	0.00198491	0.0101128	0.00787645	0.00176957	0.00224498	0.327144	0.00950594	0.180324	0.0866771	0.00514905	0.00105356	0.0319781	0.00496069	0.0170083	0.0612926	0.216397	0.00112807	0.00334264
29	0.336559	0.0316671	0.000961854	0.00177897	0.00931119	0.0113526	0.00434178	0.0249269	0.00106327	0.0991806	0.0388408	0.00828502	0.0036368	0.00554835	0.00147445	0.0464427	0.112992	0.250781	0.00436105	0.00649519
30	0.225977	0.00727358	0.00316898	0.00604236	0.190028	0.0855004	0.0393455	0.0272835	0.0056817	0.0272007	0.0203383	0.020531	0.00524727	0.00740753	0.0116461	0.0643723	0.0336629	0.0885308	0.00821962	0.122543
31	0.0981668	0.00410429	0.0881185	0.131735	0.00175109	0.0406194	0.0151164	0.00215635	0.161442	0.00581435	0.00150136	0.0839999	0.000511925	0.0670437	0.0705734	0.154938	0.0601025	0.0107334	0.000659107	0.000911242
32	0.0325493	0.00498049	0.00642587	0.0048109	0.0875185	0.0102784	0.128325	0.0199882	0.00738542	0.0152955	0.0151651	0.213577	0.00433843	0.0376166	0.00409715	0.0207021	0.0261467	0.0153947	0.0136092	0.331795
33	0.217842	0.0169107	0.00983302	0.01956	0.00606257	0.463495	0.00241879	0.0112222	0.00744503	0.0150004	0.011388	0.0185694	0.00495009	0.00951483	0.00561789	0.115714	0.0343791	0.0234328	0.0029434	0.00370048
34	0.0719704	0.00632302	0.212678	0.0235713	0.0169129	0.153361	0.00802831	0.0253118	0.0128146	0.0198017	0.0188754	0.136469	0.0041084	0.0256024	0.0215827	0.100127	0.0736332	0.0183643	0.00934224	0.0411219
35	0.198054	0.0254688	0.000606711	0.00291477	0.00730963	0.620608	0.000906565	0.00683471	0.000674325	0.0206253	0.00693656	0.00598354	0.00417265	0.0047852	0.000937709	0.061041	0.0164345	0.0127056	0.00126939	0.00173092
36	0.367482	0.0159368	0.00100724	0.00437503	0.00767908	0.0451224	0.00794725	0.0230438	0.00187872	0.0262569	0.0177566	0.0121543	0.0220442	0.0236798	0.00182468	0.119403	0.183427	0.0982509	0.00891567	0.0118145
37	0.0164644	0.00582364	0.000541402	0.0011635	0.352926	0.00662212	0.0309495	0.033614	0.00191119	0.0493455	0.0262813	0.0177152	0.00241927	0.00752061	0.00192807	0.0190546	0.0206253	0.018305	0.0593906	0.327398
38	0.0135131	0.00340627	0.000398638	0.000759041	0.13848	0.00401936	0.000633375	0.137391	0.000507457	0.468464	0.114966	0.00167682	0.00392295	0.000994256	0.000566936	0.0116827	0.00474752	0.0351754	0.00698239	0.0517116
39	0.00268018	0.000573525	0.000261622	0.0005357	0.0197688	0.00105827	0.000378253	0.598105	0.000270157	0.15205	0.0139432	0.000879749	0.000371722	0.000628528	0.000338924	0.00439046	0.00719119	0.189293	0.00352572	0.00375529
40	0.0689613	0.0198555	0.000655208	0.00231487	0.0718236	0.0154022	0.00265142	0.160987	0.0014016	0.205174	0.0578913	0.0072906	0.0948396	0.00883339	0.00123428	0.027949	0.0535574	0.178627	0.0081701	0.0123806
41	0.0212698	0.0109935	0.000850992	0.00234347	0.337193	0.00926459	0.0288652	0.0275738	0.00306123	0.0462351	0.0289888	0.0184833	0.00265682	0.00773459	0.00384979	0.0212338	0.0231203	0.0171723	0.0766572	0.312452
42	0.0276491	0.00623045	0.000126701	0.000558043	0.130088	0.00211687	0.000233351	0.217241	0.000129961	0.417432	0.0571645	0.00119016	0.000331842	0.000517687	0.000204007	0.00711167	0.0100782	0.10256	0.00765466	0.011381
43	0.0773771	0.00774328	0.000208463	0.000445196	0.0720725	0.030937	0.000366125	0.332876	0.000228961	0.177281	0.0173434	0.00102011	0.0006974	0.000766514	0.000225145	0.00615889	0.0299405	0.23823	0.00290839	0.00317423
44	0.301034	0.0556204	0.00414135	0.0081833	0.019155	0.0802451	0.00157151	0.0464912	0.000794056	0.0270606	0.0308725	0.0154784	0.00569472	0.003054	0.00212085	0.268309	0.0675801	0.0568901	0.00158623	0.00411771
45	0.0402239	0.0135128	0.000180456	0.00130767	0.0816875	0.00460767	0.000317776	0.176324	0.000270984	0.442325	0.0816101	0.000947165	0.00238688	0.00309508	0.000270975	0.0179416	0.0356898	0.0882878	0.0053867	0.00362569
46	0.0278216	0.00575584	0.000131858	0.000514044	0.135115	0.0023395	0.000238303	0.217181	0.000152113	0.411769	0.0558353	0.0012188	0.000285894	0.000501884	0.000210988	0.00700726	0.00999243	0.103202	0.00822497	0.0125023
47	0.0824445	0.0210147	0.000206042	0.00138428	0.123116	0.0250303	0.00127711	0.165692	0.00076476	0.207376	0.0533345	0.00487878	0.00649258	0.0047523	0.000600108	0.0328531	0.0670127	0.183429	0.00633062	0.0120102
48	0.0615006	0.0223482	0.000198043	0.00216848	0.0900944	0.0114958	0.00222282	0.179176	0.000506094	0.236282	0.0768373	0.00763292	0.00862155	0.00797793	0.000352144	0.0184884	0.0516335	0.199538	0.00815366	0.0147727
49	0.261517	0.0187917	0.000301944	0.00448653	0.00271132	0.525607	0.000532628	0.00751458	0.000356069	0.00936106	0.00639255	0.00359805	0.00469543	0.00381047	0.000509491	0.101031	0.0245944	0.0223318	0.000795136	0.00106139
50	0.00314328	0.000636499	0.000275769	0.000611781	0.0198133	0.00114102	0.000387781	0.595228	0.000289074	0.152404	0.0144877	0.000907483	0.000378925	0.000784343	0.000405007	0.00453578	0.00767985	0.189577	0.00352457	0.00378907
51	0.00570029	0.00135045	0.000513888	0.000897397	0.0160144	0.00897914	0.00084904	0.0110141	0.000700899	0.00476257	0.00916419	0.00149919	0.797369	0.00138595	0.00086625	0.0815131	0.0367102	0.0176595	0.00118694	0.00186301
52	0.0296768	0.00823706	0.000127897	0.000732016	0.116431	0.00220988	0.000249505	0.212946	0.000136841	0.424934	0.0621037	0.00103013	0.000620111	0.000997436	0.000194966	0.00933447	0.0151664	0.0996404	0.00709476	0.00813756
53	0.0433969	0.0168954	0.000278609	0.00163322	0.06741	0.00410596	0.000504813	0.182079	0.000303908	0.433095	0.083989	0.000979487	0.00298506	0.00399633	0.000409637	0.0204561	0.0379539	0.0914399	0.00591744	0.0021703
54	0.0431995	0.00884232	0.000266884	0.00111357	0.131962	0.00784664	0.00101029	0.219167	0.000400328	0.309158	0.06393	0.00363589	0.00274676	0.00273252	0.000420441	0.00989417	0.0223716	0.136847	0.014175	0.0202792
55	0.0546883	0.0159705	0.000213374	0.00156172	0.0763058	0.010036	0.000732718	0.169079	0.000424543	0.388577	0.0877441	0.00188402	0.00381513	0.00432653	0.000395335	0.0232619	0.0489375	0.103207	0.00513179	0.00370761
56	0.0926232	0.00497748	0.1523	0.128484	0.00718022	0.0454535	0.0131109	0.0127232	0.11882	0.00993675	0.0075744	0.0852656	0.00164154	0.0524404	0.0531065	0.131611	0.0600254	0.012823	0.00282556	0.00707696
57	0.0103946	0.00418644	0.000741596	0.00124464	0.309149	0.0188022	0.00534582	0.0567733	0.000945406	0.163143	0.0434729	0.00601943	0.00453804	0.00500728	0.000980923	0.0281713	0.0144502	0.0432775	0.0616238	0.221732
58	0.395756	0.0138829	0.00034638	0.0104436	0.00481942	0.134045	0.000520879	0.0288061	0.000321498	0.0167491	0.0251762	0.00389589	0.00728738	0.00519938	0.000588955	0.204097	0.0762929	0.0696465	0.000772456	0.00135247
59	0.0413537	0.0135269	0.00050282	0.00235967	0.0518633	0.00357994	0.000787975	0.209704	0.000828841	0.396625	0.0857365	0.00139107	0.00270681	0.00782766	0.00155919	0.0219251	0.0445784	0.106013	0.00530977	0.00182033
60	0.192351	0.0212411	0.00160525	0.00367894	0.00936463	0.606583	0.00120702	0.00948515	0.000748026	0.017011	0.00767071	0.00634568	0.0045247	0.00465873	0.00132528	0.0666329	0.0174762	0.0229404	0.00180279	0.00334736
61	0.0494597	0.00212192	0.00165661	0.0241518	0.105993	0.00903144	0.0429113	0.0330854	0.0729171	0.0181161	0.0190379	0.0481197	0.00356053	0.14161	0.0981835	0.0421982	0.0745202	0.0501995	0.0473338	0.115792
62	0.120036	0.0138734	0.000177106	0.000403833	0.113969	0.0729614	0.00037777	0.169063	0.000378074	0.174819	0.0535216	0.000750707	0.00632696	0.00233885	0.000261397	0.0451086	0.0801343	0.14356	0.000898066	0.00103995
63	0.00602303	0.000538028	0.000274536	0.000614471	0.0182327	0.00124603	0.000384861	0.58273	0.000303027	0.14555	0.0150639	0.00118732	0.000376058	0.000784992	0.000461762	0.00519298	0.00890396	0.205264	0.00329899	0.00356895
64	0.222686	0.0662276	0.000681271	0.00117381	0.0125833	0.0478345	0.00153596	0.0577132	0.000392652	0.0821723	0.0653395	0.0243213	0.0127064	0.00460854	0.000402938	0.132258	0.134602	0.121939	0.000656246	0.0101665
65	0.114091	0.0150469	0.000297138	0.000608515	0.109086	0.0670782	0.000643835	0.172148	0.000592809	0.153681	0.0551524	0.00137803	0.00583305	0.00431004	0.000612797	0.0617569	0.0809366	0.153312	0.00161713	0.0018173
66	0.0173434	0.00606002	0.00060523	0.00107465	0.341086	0.00589957	0.0373527	0.0282755	0.000845718	0.0376177	0.0252021	0.0205616	0.00216894	0.00685518	0.001233	0.0186279	0.0208811	0.0136714	0.0555359	0.359103
67	0.0189977	0.00572514	0.000874959	0.00154877	0.308695	0.00594049	0.0423814	0.0310938	0.00263871	0.03622	0.0251233	0.0232502	0.00228582	0.0104966	0.00251419	0.0190204	0.0223372	0.0168595	0.0508639	0.373132
68	0.200598	0.0660586	0.000650473	0.000891164	0.0107712	0.0421615	0.00124461	0.0643837	0.000392239	0.0763173	0.0581103	0.025835	0.0215633	0.00633954	0.000496175	0.123892	0.145314	0.141289	0.000860881	0.0128302
69	0.0220748	0.000553118	0.000230912	0.000382716	0.0127123	0.00214469	0.000347251	0.513516	0.00030923	0.103103	0.013891	0.00268768	0.000377787	0.000595276	0.000284331	0.00527346	0.0148163	0.301128	0.00206304	0.00350871
70	0.0318539	0.00196697	0.00194162	0.00974392	0.0106761	0.00167844	0.0021005	0.316591	0.00561352	0.207164	0.0844774	0.00548942	0.00112466	0.0238135	0.00565816	0.0180875	0.0579522	0.209053	0.00134646	0.00366789
71	0.201068	0.0218081	0.000286908	0.00249238	0.00147625	0.668629	0.000473984	0.00204211	0.000370506	0.00838504	0.00158507	0.00365446	0.00393934	0.00357602	0.000429042	0.0607448	0.00912862	0.00823413	0.000740669	0.000936075
72	0.0175377	0.00544868	0.00103886	0.0023609	0.251191	0.0111631	0.0149697	0.0566249	0.00424392	0.0964047	0.0303667	0.013426	0.00326165	0.0110961	0.00441961	0.0218292	0.0268862	0.0545666	0.0853312	0.287833
73	0.183851	0.109541	0.0115063	0.00836965	0.0164801	0.0516517	0.00131811	0.0550984	0.000846032	0.0363087	0.0408257	0.0262253	0.0033681	0.00224884	0.0027045	0.295724	0.0988587	0.0479314	0.00183361	0.00530878
74	0.0544448	0.00233034	0.000907229	0.00238503	0.0250175	0.0680583	0.0261986	0.0141577	0.211849	0.0551613	0.0375523	0.0330472	0.00670472	0.0181932	0.264065	0.0836553	0.0612285	0.00770097	0.0132949	0.0140479
75	0.0775527	0.00486459	0.200053	0.0535808	0.00893032	0.120752	0.00717626	0.0172995	0.0553859	0.0122657	0.00995664	0.134595	0.0025503	0.0340568	0.0400559	0.123008	0.062374	0.0126812	0.00481724	0.0180449
76	0.0589931	0.000727322	0.000253166	0.000570801	0.0086781	0.00493585	0.000387591	0.373028	0.000387718	0.0644594	0.0219036	0.00621134	0.000435489	0.00104386	0.000352793	0.0082738	0.0321526	0.413238	0.000667487	0.00329981
77	0.0960638	0.00428665	0.0856499	0.130813	0.00201492	0.0389278	0.0149647	0.00243432	0.162995	0.00580608	0.00170171	0.0834973	0.000728117	0.0685401	0.0736396	0.154631	0.0602613	0.0112146	0.000722513	0.00110725
78	0.0981668	0.00410429	0.0881185	0.131735	0.00175109	0.0406194	0.0151164	0.00215635	0.161442	0.00581435	0.00150136	0.0839999	0.000511925	0.0670437	0.0705734	0.154938	0.0601025	0.0107334	0.000659107	0.000911242
79	0.109488	0.00813175	0.00689957	0.00758688	0.0164171	0.225983	0.00784896	0.0239707	0.00466802	0.0268793	0.0303768	0.0580393	0.0149047	0.0118122	0.0111455	0.228157	0.140434	0.0265244	0.0303072	0.0104248
80	0.0255452	0.00234608	0.000829492	0.014399	0.00729526	0.00982304	0.00398404	0.0442549	0.449339	0.0612779	0.0332096	0.0405272	0.0029761	0.0048563	0.0997729	0.0567838	0.0626864	0.0369455	0.0268735	0.0162748
81	0.00279768	0.000580438	0.000262043	0.000535379	0.0198532	0.00110258	0.000378364	0.597657	0.000270093	0.152002	0.013947	0.00087833	0.000371676	0.000628494	0.000338931	0.0043727	0.00725873	0.189471	0.00353226	0.00376248
82	0.0629656	0.0155133	0.000226096	0.00145785	0.0728193	0.0190889	0.000365368	0.152195	0.000591453	0.404345	0.0884966	0.000821031	0.00336152	0.00380223	0.000448032	0.0283741	0.0591067	0.0806376	0.00427121	0.00111329
83	0.0353681	0.00139438	0.00193308	0.00825268	0.00927961	0.00230569	0.00198091	0.324134	0.00510029	0.175339	0.090409	0.0056216	0.000975418	0.0204147	0.00457878	0.0162389	0.05647	0.235584	0.0012947	0.00332407
84	0.00629068	0.00140294	0.000591488	0.000897136	0.0159134	0.011451	0.000926429	0.0112068	0.000688356	0.00502988	0.00950773	0.00202837	0.78897	0.00139002	0.000857062	0.083896	0.0379391	0.0176283	0.00147793	0.00190789
85	0.052888	0.0157513	0.000232852	0.00158402	0.061654	0.00843407	0.000402421	0.158425	0.000469388	0.433412	0.0903496	0.000727874	0.00349054	0.00475409	0.000410935	0.0265449	0.0551019	0.080017	0.00440351	0.000946403
86	0.0291451	0.010278	0.000590241	0.0013764	0.0986631	0.00545512	0.000960445	0.142043	0.00051859	0.45824	0.111286	0.00162644	0.00740994	0.00297822	0.000512705	0.0189788	0.0242268	0.0515968	0.00604277	0.0280716
87	0.0493924	0.00656809	0.000197153	0.000776543	0.173026	0.0108561	0.000774079	0.194564	0.000743183	0.28571	0.0522856	0.00303181	0.00220084	0.00245421	0.000353807	0.0118612	0.0273658	0.131253	0.0145664	0.0320195
88	0.0820024	0.00712593	0.000184509	0.000333235	0.0708529	0.0338964	0.000281167	0.331981	0.000216895	0.175184	0.0141712	0.000655314	0.000398549	0.000397415	0.000258991	0.00586215	0.0291548	0.24172	0.00263426	0.00268887
89	0.0445237	0.0177985	0.000215607	0.00222481	0.0721221	0.00459321	0.000457614	0.177174	0.000318855	0.439099	0.084225	0.000866966	0.00277521	0.00351307	0.000373037	0.0202948	0.0374757	0.0844279	0.00517038	0.0023504
90	0.120424	0.0132958	0.000210459	0.000503099	0.10744	0.065992	0.000484988	0.159029	0.000490322	0.19356	0.0552342	0.00157752	0.00581458	0.00250456	0.000318056	0.0422022	0.0814542	0.145978	0.00164091	0.00184458
91	0.0793262	0.00758289	0.000165192	0.00038828	0.0730556	0.0312044	0.000331736	0.324088	0.000208275	0.183582	0.0177619	0.000907217	0.000733189	0.000658629	0.000246443	0.00617928	0.02986	0.237626	0.0028387	0.00325632
92	0.0820024	0.00712593	0.000184509	0.000333235	0.0708529	0.0338964	0.000281167	0.331981	0.000216895	0.175184	0.0141712	0.000655314	0.000398549	0.000397415	0.000258991	0.00586215	0.0291548	0.24172	0.00263426	0.00268887
93	0.0366612	0.013695	0.000165264	0.00124124	0.0838223	0.00295738	0.000305756	0.194072	0.000181865	0.437209	0.0765512	0.000907088	0.0018673	0.00281528	0.00026673	0.0156518	0.0291314	0.0935527	0.00555142	0.00339479
94	0.116041	0.0139988	0.000214664	0.000554949	0.1127	0.0669041	0.000455293	0.167062	0.000532888	0.175213	0.0580049	0.00127087	0.00638526	0.00289857	0.00030696	0.0440068	0.0798048	0.150082	0.00143082	0.00213282
95	0.0832189	0.0070109	0.000198366	0.000373468	0.0711765	0.0347025	0.000284935	0.329877	0.000213966	0.173452	0.0139694	0.000683635	0.000409918	0.000412378	0.00025989	0.00593142	0.0290687	0.243175	0.00267246	0.00290929
96	0.0476269	0.00251965	0.00120086	0.00976682	0.145824	0.00500219	0.0339869	0.0374535	0.061352	0.0162551	0.0191121	0.0446788	0.00198986	0.0801657	0.0994206	0.0280165	0.0606862	0.0577614	0.0812294	0.165951
97	0.404038	0.0102581	0.000382185	0.0113931	0.00472774	0.138915	0.00045022	0.0272884	0.000299779	0.0125224	0.0231494	0.00345633	0.007385	0.00441929	0.0005724	0.213852	0.0690302	0.0660102	0.000750201	0.00110037
98	0.0292196	0.00736174	0.000150864	0.000633002	0.118819	0.00203228	0.000238212	0.21854	0.000159702	0.422302	0.0574225	0.00106553	0.000507267	0.000846369	0.000224814	0.0089795	0.0125698	0.103423	0.00715461	0.00835032
99	0.0645224	0.00240973	0.00201448	0.0133945	0.152746	0.00565392	0.0455585	0.0292356	0.0580989	0.0184073	0.0153223	0.045694	0.00217627	0.0817912	0.0631677	0.0227127	0.0668244	0.047662	0.0827658	0.179842
100	0.0132224	0.00359711	0.000419568	0.000782309	0.138159	0.00399845	0.000760658	0.13352	0.000563479	0.471708	0.11631	0.00169414	0.0039984	0.00110415	0.000624023	0.0121448	0.00504633	0.0332576	0.00681322	0.0522766
101	0.0147268	0.00320475	0.000538635	0.00097443	0.304942	0.0181549	0.00206992	0.0898557	0.000823181	0.216507	0.0433041	0.00310382	0.00459319	0.0046932	0.000926287	0.019243	0.0139304	0.0560159	0.043802	0.158591
102	0.0836129	0.0032933	0.056269	0.104046	0.00391816	0.0255943	0.0222532	0.00504367	0.137348	0.00701679	0.00403003	0.0889449	0.00176612	0.062603	0.0601422	0.14687	0.167675	0.0148905	0.00141764	0.00326444
103	0.0688285	0.0325924	0.00135201	0.00426981	0.0901098	0.0129823	0.00319817	0.175792	0.00207283	0.227321	0.06013	0.00804463	0.0463748	0.00875239	0.00193189	0.0228707	0.0481654	0.142804	0.0275296	0.0148785
104	0.0438188	0.00314458	0.00139301	0.00614118	0.0144261	0.0030953	0.00153053	0.309959	0.00358553	0.181137	0.0739073	0.00556853	0.0012433	0.0156745	0.00404829	0.0171969	0.0524326	0.256517	0.00161859	0.00356244
105	0.0968332	0.0120932	0.00236976	0.0071467	0.121099	0.0221053	0.00431733	0.117794	0.00803244	0.103482	0.0687724	0.0112502	0.00526188	0.00824776	0.00838878	0.0740634	0.0970352	0.0653735	0.144155	0.0221777
106	0.0356102	0.00264081	0.00181479	0.00813866	0.0100124	0.00168263	0.00205157	0.312856	0.00475554	0.228655	0.0815933	0.00495333	0.00123389	0.0207068	0.00711343	0.0182781	0.0541628	0.198922	0.00153227	0.00328594
107	0.104264	0.00392311	0.0978706	0.127011	0.00207444	0.0438735	0.0149865	0.00307447	0.150989	0.00571363	0.00178671	0.0891744	0.000538001	0.0639135	0.0646875	0.152181	0.059746	0.0113174	0.000784181	0.00209052
108	0.354691	0.0147762	0.000681389	0.00871073	0.00715507	0.257985	0.00104922	0.0230023	0.000617318	0.0168367	0.0185475	0.0048685	0.00695791	0.0049608	0.000834603	0.154055	0.058394	0.0610808	0.00112364	0.00367222
109	0.126876	0.0076989	0.000721402	0.000996816	0.247916	0.0285596	0.00166226	0.110622	0.0029468	0.140135	0.0214267	0.00300527	0.00197475	0.00219168	0.00160282	0.063534	0.0889341	0.10205	0.0165929	0.0305536
110	0.140224	0.00615433	0.0043294	0.00379914	0.00536237	0.193553	0.00697824	0.0149703	0.00200161	0.0107347	0.0166254	0.0273328	0.0120318	0.0021326	0.00243956	0.387475	0.137704	0.0158522	0.00774876	0.00255094
111	0.0683746	0.00978887	0.0658294	0.0316013	0.030459	0.0289566	0.176204	0.0312836	0.0363988	0.0307439	0.0266846	0.0575231	0.00766061	0.150512	0.021237	0.0621502	0.0620969	0.0337765	0.0117281	0.056991
112	0.0680148	0.00338596	0.000416366	0.00140753	0.0132637	0.00585517	0.000700036	0.333683	0.000733173	0.0790817	0.0317984	0.0086048	0.0018315	0.00319795	0.000714877	0.013589	0.0450193	0.383393	0.00106823	0.00424154
113	0.0779281	0.00966738	0.000322981	0.000935875	0.160712	0.0248911	0.000753395	0.189045	0.000811612	0.249898	0.0473636	0.00227394	0.00320044	0.00268273	0.000435635	0.024469	0.041973	0.136001	0.00928453	0.0173517
114	0.0171086	0.00686536	0.000584576	0.00109185	0.354105	0.00608673	0.0323714	0.0225755	0.00159516	0.0405305	0.0270995	0.0192214	0.00234682	0.00585994	0.00161577	0.0200345	0.0211405	0.0109943	0.0730738	0.335698
115	0.0321766	0.00132689	0.0145823	0.000930566	0.00288427	0.0352997	0.00779231	0.007012	0.0063712	0.00366062	0.00400157	0.010353	0.00280252	0.00122849	0.00309533	0.628159	0.229	0.00617603	0.00142665	0.00172116
116	0.0605491	0.0156061	0.000559898	0.00224096	0.0787084	0.0152156	0.00135575	0.175006	0.00114877	0.317938	0.0843994	0.00407575	0.00497008	0.00607444	0.0011461	0.0253992	0.0610662	0.130715	0.00691629	0.00690834
117	0.0904641	0.00463814	0.005241	0.00408081	0.00698166	0.209073	0.0093653	0.0171146	0.00197203	0.0157202	0.02627	0.058906	0.0208931	0.00510084	0.00421865	0.361975	0.126888	0.013311	0.0128877	0.00489949
118	0.062155	0.00101417	0.000275775	0.000824666	0.00994164	0.00559201	0.000458341	0.35787	0.000631604	0.0736039	0.0258413	0.00625707	0.000524603	0.0016594	0.000613323	0.009437	0.0348744	0.404598	0.000723503	0.00310497
119	0.201085	0.0218534	0.000286915	0.00250882	0.00147603	0.668536	0.000473984	0.00204297	0.000373594	0.00837512	0.00162698	0.00364699	0.00397301	0.00357534	0.000429041	0.0606817	0.00914645	0.00822397	0.000749678	0.000934412
120	0.047411	0.029924	0.00196117	0.056225	0.142055	0.0355912	0.00373271	0.0704647	0.00296187	0.0698597	0.245723	0.00726807	0.0034267	0.0311195	0.00302611	0.0434371	0.0669576	0.0428098	0.0365085	0.0595374
121	0.201068	0.0218081	0.000286908	0.00249238	0.00147625	0.668629	0.000473984	0.00204211	0.000370506	0.00838504	0.00158507	0.00365446	0.00393934	0.00357602	0.000429042	0.0607448	0.00912862	0.00823413	0.000740669	0.000936075
122	0.0707749	0.00206084	0.000311702	0.000898404	0.019759	0.0102945	0.00041467	0.358595	0.00048633	0.0885339	0.0248859	0.00550574	0.000491758	0.00161907	0.000581085	0.00883371	0.0371871	0.364791	0.00103857	0.00293687
123	0.0641698	0.0172438	0.000239768	0.0016938	0.10042	0.0168444	0.00166346	0.186767	0.000648922	0.248833	0.0752311	0.00616211	0.00638305	0.00599344	0.000433427	0.0209503	0.0463509	0.17554	0.00811764	0.0163139
124	0.0569648	0.023496	0.000496282	0.00285795	0.0804676	0.00810051	0.00643763	0.203958	0.000638479	0.208437	0.0739732	0.00840209	0.013427	0.014278	0.000727122	0.0156609	0.0506287	0.207106	0.00684789	0.0170947
125	0.234417	0.0527976	0.000857943	0.00157545	0.00977611	0.0397478	0.00232406	0.0465931	0.00100661	0.0553409	0.0400198	0.0304365	0.0243955	0.00866841	0.0011367	0.107772	0.197076	0.133227	0.00232601	0.0105053
126	0.0142508	0.00394526	0.000648275	0.00154432	0.297796	0.00594166	0.0301958	0.0702877	0.00318332	0.0655688	0.0236142	0.0165923	0.00279015	0.0172588	0.00347585	0.0148818	0.0212947	0.0438629	0.036378	0.326489
127	0.406776	0.00812294	0.000984736	0.00818186	0.0108565	0.127437	0.00117352	0.0214242	0.000572312	0.0102382	0.0161879	0.00394296	0.0069354	0.00379053	0.00149233	0.261625	0.0605979	0.0463687	0.00124092	0.00205127
128	0.120834	0.0223108	0.0173215	0.00437269	0.00812315	0.055035	0.00445454	0.0281057	0.00329706	0.0125009	0.0132011	0.013963	0.00500326	0.00282338	0.0114235	0.506369	0.139825	0.0247184	0.00243932	0.0038779
129	0.019892	0.00592074	0.000751402	0.0014308	0.315178	0.00399452	0.0540745	0.0220197	0.0015278	0.0182141	0.0240615	0.0284891	0.00184041	0.00950378	0.00167971	0.0201057	0.0228832	0.00770605	0.0474189	0.393308
130	0.0659198	0.0245855	0.000229116	0.00228123	0.0884224	0.0112328	0.00239971	0.179276	0.000391985	0.216782	0.0743316	0.00953358	0.00921162	0.00825317	0.000300692	0.0211598	0.0542851	0.208302	0.00707746	0.0160239
131	0.151041	0.0137508	0.00274421	0.028459	0.011825	0.0201429	0.00304582	0.018036	0.00204738	0.0847493	0.0153085	0.152429	0.00316282	0.00512576	0.00350976	0.342237	0.0890959	0.0184378	0.00402232	0.0308296
132	0.407381	0.0102219	0.000339692	0.011595	0.00445251	0.140369	0.000420565	0.0269803	0.000310206	0.0127505	0.0230333	0.00298413	0.00732803	0.00458542	0.000530964	0.207403	0.070471	0.0670968	0.000742392	0.00100454
133	0.0963165	0.00784933	0.000358175	0.000839192	0.133568	0.0205757	0.000743063	0.149849	0.0103777	0.223901	0.0512372	0.00479405	0.00238799	0.00203258	0.00546696	0.0508465	0.0976825	0.106592	0.0270503	0.00753231
134	0.0911722	0.012812	0.000890544	0.00158723	0.0586019	0.0144772	0.0014562	0.195458	0.0112324	0.154266	0.0515073	0.00774386	0.00181153	0.00247695	0.0164032	0.0647245	0.152208	0.113696	0.0431418	0.00433328
135	0.147268	0.0154854	0.00132433	0.00205498	0.0204184	0.0282285	0.00173033	0.185816	0.00160579	0.0511371	0.0361627	0.010259	0.00566329	0.00397951	0.0026161	0.0453837	0.175194	0.254475	0.00484283	0.0063549
136	0.416462	0.0113203	0.000443588	0.0100825	0.00448337	0.134916	0.000551619	0.02735	0.000387395	0.0125705	0.0205723	0.00370926	0.0086854	0.00467086	0.000493834	0.192267	0.0763912	0.0726377	0.000879883	0.00112507
137	0.133651	0.00755918	0.000550966	0.00107851	0.322985	0.0533811	0.000917277	0.0931666	0.00149665	0.158859	0.0336521	0.00186673	0.00134492	0.00133561	0.000866608	0.0505032	0.0474107	0.0573443	0.0177826	0.0142477
138	0.229228	0.0688049	0.00184125	0.0035579	0.0129487	0.0648071	0.00144576	0.0606034	0.000353919	0.0740876	0.0622142	0.0193412	0.00694716	0.00358813	0.000710466	0.185378	0.107908	0.0886191	0.000674245	0.00694022
139	0.0810333	0.0032618	0.447707	0.020754	0.00726693	0.0556955	0.00352178	0.0348909	0.0165651	0.00991224	0.00769493	0.126856	0.00246851	0.0051413	0.00784701	0.0761806	0.0553859	0.0113465	0.00308593	0.0233843
140	0.171971	0.0959481	0.00800278	0.0132627	0.0190635	0.0616426	0.00177525	0.0464945	0.000978908	0.0399487	0.0400799	0.0322238	0.00408932	0.00286913	0.0027475	0.304005	0.105497	0.0408792	0.00232326	0.0061978
141	0.0918526	0.0255324	0.000781773	0.0023323	0.123274	0.0115635	0.00299696	0.167769	0.00134644	0.130309	0.0428592	0.00804885	0.00651919	0.00584876	0.00127881	0.0363552	0.0789284	0.219547	0.00795365	0.0349044
142	0.0982809	0.00410409	0.0880686	0.132118	0.00183224	0.04055	0.0150445	0.00214582	0.161271	0.00580314	0.00154316	0.0837528	0.000519757	0.066835	0.0707073	0.155088	0.0599956	0.0107397	0.00068703	0.000913816
143	0.0394901	0.0115594	0.000171368	0.0012249	0.125723	0.00561387	0.00112238	0.207502	0.000231575	0.315667	0.0620874	0.00524535	0.00348717	0.00350648	0.000239305	0.0101294	0.0248966	0.155579	0.00862923	0.0178951
144	0.0368872	0.0129331	0.000193127	0.00102354	0.11005	0.00428971	0.000845646	0.216391	0.000180319	0.37219	0.0605298	0.00260594	0.00256968	0.00238562	0.00024572	0.0106635	0.0216773	0.127358	0.00668354	0.0102972
145	0.212605	0.0851565	0.0040749	0.0053061	0.0166588	0.0565669	0.00138314	0.0622668	0.000455462	0.0581627	0.0538324	0.0237782	0.00472816	0.00266932	0.00105362	0.242444	0.0926052	0.0692192	0.000893379	0.00614022
146	0.201068	0.0218081	0.000286908	0.00249238	0.00147625	0.668629	0.000473984	0.00204211	0.000370506	0.00838504	0.00158507	0.00365446	0.00393934	0.00357602	0.000429042	0.0607448	0.00912862	0.00823413	0.000740669	0.000936075
147	0.0294141	0.00715426	0.000126687	0.000591363	0.122879	0.00224541	0.00024174	0.218131	0.000154614	0.415662	0.0573538	0.00116454	0.000587628	0.000911977	0.000201425	0.00907795	0.0131912	0.103864	0.00763987	0.00940754
148	0.254272	0.0531406	0.000520567	0.00121683	0.0117768	0.0393682	0.00170305	0.0537769	0.000565157	0.086779	0.0595928	0.0184675	0.0109526	0.00423505	0.000571303	0.095695	0.140648	0.157557	0.00137572	0.00778538
149	0.0352947	0.000618142	0.000229062	0.000448567	0.0106377	0.00299501	0.000349238	0.459941	0.000377236	0.0872196	0.0169108	0.00401575	0.000399447	0.00083016	0.000290738	0.00633012	0.0216112	0.346718	0.00146484	0.00331863
150	0.0119926	0.00417401	0.00062574	0.00178488	0.293534	0.0113963	0.00520908	0.10124	0.00134014	0.17421	0.0425448	0.00567783	0.0133847	0.00779663	0.00123871	0.0161474	0.0179833	0.0640854	0.0366551	0.188978
151	0.315652	0.0290788	0.00195021	0.0130266	0.00794675	0.121489	0.000866145	0.0382277	0.000542691	0.0256511	0.027352	0.0134053	0.012217	0.00310103	0.00142736	0.26923	0.0604323	0.0538846	0.00112665	0.00339277
152	0.231086	0.0429236	0.000645335	0.00122927	0.0183121	0.0270271	0.00172146	0.0786023	0.000935028	0.0819069	0.0401299	0.0207502	0.0108822	0.0038544	0.00141218	0.0765921	0.15872	0.192023	0.0031648	0.00808238
153	0.0611583	0.0228907	0.000202979	0.00224054	0.0978769	0.00996746	0.00265361	0.187734	0.000315179	0.210396	0.0706262	0.00868412	0.00914922	0.00821307	0.000271611	0.016449	0.0494522	0.216469	0.00742274	0.017828
154	0.168805	0.0158901	0.000830059	0.00219651	0.128717	0.144818	0.0019269	0.110968	0.00134412	0.136416	0.0452852	0.0119483	0.00438823	0.00766243	0.00132462	0.0470614	0.0773227	0.0820748	0.00499007	0.00603082
155	0.019812	0.00598132	0.000692216	0.00124869	0.314925	0.004059	0.0536128	0.0221286	0.000957569	0.0184569	0.0243521	0.028222	0.00165569	0.00898869	0.00102287	0.0203618	0.0226955	0.00729646	0.0474486	0.396082
156	0.0687648	0.00374277	0.00487292	0.00245214	0.00551403	0.198293	0.0123595	0.0185263	0.00259321	0.0125635	0.0260547	0.0558277	0.016743	0.00259118	0.00249871	0.405106	0.137392	0.00862748	0.0122018	0.00327445
157	0.0635036	0.0218666	0.000325224	0.00233715	0.091646	0.0100203	0.00277943	0.18448	0.000550982	0.193538	0.0693843	0.00843912	0.0184444	0.0112755	0.000405711	0.0171231	0.0545684	0.223451	0.00957368	0.0162872
158	0.0647995	0.0104096	0.0412373	0.0386654	0.0230753	0.171366	0.00407123	0.0140898	0.0145964	0.026832	0.0286729	0.145951	0.00410657	0.0563919	0.0420894	0.138357	0.106662	0.0258723	0.013719	0.0290351
159	0.0300197	0.0103355	0.000298228	0.00121574	0.0914543	0.00334495	0.000460989	0.151662	0.000431389	0.485197	0.10509	0.00104144	0.00323199	0.00230814	0.000429854	0.0153167	0.0221009	0.05343	0.00550831	0.0171229
160	0.424238	0.0108309	0.000455005	0.00969275	0.00463447	0.130067	0.000770397	0.0289691	0.000575957	0.0132608	0.0202301	0.0034858	0.00808739	0.00490536	0.000556322	0.184934	0.0766958	0.0750045	0.00113535	0.00147067
161	0.0200215	0.00607379	0.000516225	0.0023511	0.346035	0.0101544	0.0216011	0.0446482	0.00141913	0.0821783	0.0404965	0.0144702	0.00324166	0.00686913	0.00213119	0.0212761	0.0216895	0.0281565	0.0587765	0.267894
162	0.0304928	0.00188433	0.00209524	0.014545	0.0133669	0.00347961	0.00229603	0.352459	0.00593294	0.12019	0.0900691	0.00579935	0.00142717	0.0378283	0.00364551	0.0205706	0.065033	0.22282	0.00193324	0.00413141
163	0.362162	0.008862	0.0015118	0.00284599	0.00855499	0.0106088	0.0197641	0.013985	0.00221555	0.0413215	0.012444	0.0071058	0.00975176	0.0276574	0.00200643	0.0701838	0.185615	0.164491	0.0229406	0.0259727
164	0.0137093	0.0033206	0.000392974	0.000700156	0.148045	0.00439288	0.000648753	0.140435	0.000494622	0.451191	0.108925	0.00163105	0.00390773	0.00129111	0.000540785	0.0113287	0.00540297	0.0391485	0.00792774	0.0565651
165	0.00616891	0.00146926	0.000519294	0.000940149	0.016165	0.00913152	0.00085591	0.0111354	0.00070516	0.00502262	0.00918014	0.00173231	0.79554	0.00142784	0.000917246	0.0811514	0.0369858	0.0179126	0.00114983	0.00189004
166	0.108374	0.00168019	0.00178909	0.0854713	0.0257381	0.0125001	0.0245263	0.0367238	0.119778	0.0337906	0.0277215	0.0571805	0.0123318	0.173869	0.0401225	0.0702651	0.104675	0.0325471	0.00198595	0.0289293
167	0.0343838	0.0059909	0.000149371	0.000572567	0.13915	0.00415018	0.000304993	0.213079	0.000453319	0.391165	0.0576652	0.00126472	0.000585314	0.000785148	0.000273469	0.0102273	0.0159525	0.101276	0.0106234	0.0119473
168	0.228556	0.0207623	0.000306999	0.00396313	0.00200341	0.594529	0.000558615	0.00531794	0.000354335	0.00895461	0.00441206	0.00470305	0.00409833	0.00458976	0.000454336	0.080747	0.0180096	0.0158028	0.000767223	0.00110938
169	0.120833	0.014009	0.000184323	0.000432444	0.11918	0.0656339	0.000439015	0.165193	0.000481022	0.168772	0.0531208	0.00115386	0.00766522	0.00272809	0.000262513	0.0460595	0.0796412	0.149845	0.00199881	0.00236718
170	0.0313957	0.00875468	0.000115214	0.00076755	0.110223	0.00210502	0.000232192	0.206984	0.000147155	0.435701	0.0629073	0.000920315	0.000764961	0.00121275	0.000197915	0.0101336	0.0166416	0.0976152	0.00666451	0.00651697
171	0.0269501	0.00596412	0.0010602	0.00219489	0.343159	0.0165643	0.00945463	0.0654192	0.00139526	0.134405	0.0332803	0.00849851	0.00428097	0.00520833	0.00123754	0.0229092	0.0228628	0.0433049	0.0754384	0.176412
172	0.012981	0.00540416	0.000789079	0.00129224	0.353862	0.0105247	0.0161207	0.047804	0.00166215	0.0987814	0.0316467	0.0113231	0.00362179	0.00697126	0.00205529	0.0195567	0.0181509	0.032548	0.0705627	0.254342
173	0.10691	0.0120299	0.000184438	0.000562817	0.111635	0.067111	0.000378653	0.158429	0.00057933	0.228256	0.0581406	0.000777307	0.00513161	0.00229421	0.000300478	0.0415099	0.0788637	0.124016	0.00162974	0.00126085
174	0.275078	0.085379	0.00129665	0.00124797	0.0122934	0.032468	0.00268552	0.0372319	0.000753774	0.0827473	0.083314	0.0151436	0.00675216	0.00433579	0.000896939	0.130684	0.101473	0.118649	0.00110616	0.00646479
175	0.0338038	0.00770425	0.000138282	0.000647344	0.114786	0.00493831	0.000336662	0.234402	0.000147303	0.382554	0.0541725	0.00144884	0.000841544	0.00110969	0.000202107	0.008299	0.0151534	0.123135	0.00677138	0.00940876
176	0.115772	0.00646832	0.000499191	0.000753616	0.217412	0.0273166	0.000756701	0.121737	0.00527399	0.168156	0.0244156	0.0030578	0.00158922	0.00134515	0.00306213	0.0595759	0.102411	0.0986239	0.0236856	0.018089
177	0.0602207	0.0232619	0.000209987	0.00235462	0.0950819	0.00992133	0.00272577	0.185908	0.000308855	0.211033	0.0731524	0.00922884	0.00938228	0.00846662	0.000256961	0.0165864	0.0497901	0.217422	0.00733247	0.0173548
178	0.280417	0.0214804	0.00153742	0.0058701	0.0376013	0.202574	0.00314903	0.0539027	0.00165278	0.0837486	0.0367226	0.0112789	0.0058674	0.00695036	0.00206615	0.10674	0.0617847	0.0673138	0.00331075	0.00603152
179	0.208658	0.0213413	0.000291665	0.00253967	0.00176569	0.653587	0.000539764	0.00264272	0.00039398	0.00851593	0.00196297	0.00381276	0.00407434	0.0037424	0.0004355	0.0630417	0.0110819	0.00984196	0.000761272	0.000968857
180	0.0290033	0.00540294	0.000162208	0.000494536	0.131356	0.00295271	0.000268787	0.22883	0.000158709	0.396455	0.0557852	0.00134776	0.000316161	0.000528646	0.000252114	0.00705813	0.00998848	0.106904	0.00955491	0.0131802
181	0.0336721	0.00149365	0.0169057	0.000941616	0.00300838	0.0340872	0.00754219	0.00729867	0.0063007	0.00376709	0.00404677	0.0101476	0.00285964	0.00135212	0.00307563	0.615302	0.238482	0.0063918	0.00144074	0.00188398
182	0.0499876	0.00370765	0.0133144	0.00154127	0.00353365	0.0556183	0.0075445	0.009306	0.00544932	0.0050587	0.00622239	0.0142392	0.00429332	0.00162131	0.00396142	0.59234	0.209483	0.00837309	0.00227395	0.00213091
183	0.282133	0.0446221	0.00143527	0.00245575	0.0382784	0.0466589	0.0151018	0.0409264	0.00120756	0.101559	0.117882	0.0245109	0.00439875	0.017186	0.00177251	0.104999	0.0679845	0.0768099	0.00250689	0.00757241
184	0.0613884	0.01343	0.000210563	0.00117187	0.0817715	0.0180699	0.00135393	0.283723	0.000243818	0.188401	0.0421867	0.00436872	0.00414672	0.0040251	0.000214954	0.0100771	0.03799	0.233514	0.00460287	0.0091106
185	0.229163	0.00832752	0.00476392	0.00571996	0.0054901	0.10911	0.00403366	0.0186834	0.00158126	0.00956627	0.0140163	0.0122781	0.0120179	0.00242724	0.00265662	0.406081	0.120375	0.0293705	0.00247727	0.00186138
186	0.028236	0.0039632	0.00731533	0.0129937	0.0216284	0.0034987	0.00824357	0.30936	0.00369543	0.209342	0.112254	0.0133334	0.00234227	0.0169479	0.00369261	0.020854	0.0549646	0.159804	0.00270409	0.00482716
187	0.0606514	0.0236212	0.000214153	0.00240372	0.0939793	0.00970919	0.00283493	0.185452	0.000302142	0.207226	0.0733132	0.0094028	0.0097577	0.00884152	0.000258235	0.016531	0.0502414	0.2202	0.00739687	0.0176633
188	0.0596043	0.00359757	0.00370255	0.0916761	0.0332766	0.0205538	0.0356111	0.0208652	0.0618917	0.0269888	0.0373479	0.0836638	0.00612025	0.234656	0.0455961	0.0716564	0.103787	0.0348198	0.00320083	0.0213836
189	0.179851	0.0575019	0.00078375	0.00153156	0.0107291	0.0394493	0.00182168	0.0598382	0.000853182	0.0707184	0.052128	0.0226263	0.038378	0.00647777	0.000922046	0.114109	0.144905	0.178195	0.00153508	0.0176441
