359	20
1	0.170956	0.00103997	0.124058	0.113467	0.0017932	0.0341339	0.0300671	0.00237802	0.103877	0.00993346	0.00181329	0.0745797	0.163729	0.0880537	0.0125199	0.0569254	0.00385327	0.00355681	0.000639631	0.00262573
2	0.0436945	0.00083813	0.0883873	0.0495771	0.00547141	0.503624	0.0312575	0.00171351	0.0423292	0.0110803	0.00112218	0.0905073	0.000689303	0.0339566	0.0144991	0.0543318	0.00644081	0.00241861	0.00228383	0.0157772
3	0.128656	0.0345605	0.0306649	0.0234596	0.124147	0.00380826	0.0027671	0.0384321	0.0237026	0.0518678	0.0671928	0.00359399	0.00185157	0.0141852	0.0137023	0.152479	0.21825	0.028502	0.00133326	0.0368439
4	0.0546183	0.0064404	0.00591968	0.00646199	0.009071	0.0184225	0.00716674	0.0122352	0.00406919	0.0628533	0.111117	0.0124231	0.0210203	0.00833855	0.0100721	0.307265	0.320724	0.0128923	0.00240644	0.00648306
5	0.0310135	0.00936904	0.000796376	0.000739608	0.0158101	0.00270612	0.00134055	0.419811	0.00373726	0.163175	0.0333102	0.000644267	0.000803551	0.00156405	0.000508214	0.00213404	0.0093927	0.296853	0.00437643	0.0019159
6	0.029769	0.00245676	0.010471	0.00821133	0.0183124	0.00354555	0.00274635	0.371974	0.00550463	0.331738	0.112034	0.00933237	0.00178316	0.00553961	0.00390674	0.00541508	0.00903696	0.0285323	0.00142592	0.0382648
7	0.0673495	0.00412459	0.142854	0.22548	0.00798613	0.00750896	0.120678	0.00830761	0.0558773	0.0137648	0.00622508	0.0102002	0.00565072	0.2478	0.00711906	0.0138769	0.0116923	0.0127118	0.00314011	0.0276531
8	0.592251	0.00410889	0.00237226	0.00904545	0.011083	0.0689831	0.00302754	0.0296591	0.00317674	0.0352587	0.0122655	0.00452876	0.00231966	0.00525087	0.00465361	0.0303356	0.0287599	0.142619	0.00389606	0.0064053
9	0.0411242	0.00195241	0.110882	0.0576478	0.00439783	0.431673	0.0278081	0.00217507	0.0561558	0.0118714	0.00143506	0.102494	0.00319181	0.0471241	0.0241095	0.0484548	0.0107607	0.00342198	0.00227086	0.0110496
10	0.0586673	0.00289401	0.0041979	0.0210012	0.00613145	0.00279783	0.00198204	0.320633	0.0325076	0.0339266	0.0209728	0.00357922	0.00146165	0.00288875	0.0206582	0.0130183	0.0332881	0.401621	0.00197161	0.0158015
11	0.100183	0.00460669	0.109137	0.157014	0.0115861	0.038054	0.015907	0.0176343	0.0412142	0.00999013	0.0123274	0.0607835	0.0319942	0.0771443	0.024651	0.0938727	0.097882	0.0319095	0.00832735	0.0557818
12	0.00363408	0.000974251	0.000588582	0.000779148	0.00832213	0.00315121	0.000639021	0.602963	0.000537733	0.011894	0.00328593	0.000907101	0.0028673	0.000786745	0.000773882	0.00391807	0.00817205	0.333411	0.000321334	0.012074
13	0.0620821	0.00370123	0.00218511	0.00366187	0.00151247	0.00202	0.00796827	0.00211469	0.00257453	0.0186559	0.00176018	0.00180144	0.818329	0.002007	0.00122515	0.0356193	0.022282	0.0083171	0.000875237	0.00130743
14	0.0597218	0.00554251	0.00873001	0.0141218	0.0522599	0.0118785	0.308496	0.0534515	0.0127796	0.06498	0.0137316	0.0129919	0.00552107	0.0174586	0.136424	0.0234139	0.0888087	0.0593358	0.00616347	0.0441886
15	0.00848958	0.00130271	0.000419636	0.000611035	0.00960087	0.00155905	0.000464858	0.440615	0.00060811	0.0263391	0.00653661	0.000801317	0.00534951	0.000626231	0.00148783	0.00446825	0.0104899	0.475705	0.000476853	0.0040485
16	0.17489	0.00463593	0.00483232	0.00988178	0.0272007	0.00741067	0.00762994	0.0869966	0.0102887	0.093749	0.0380446	0.00542087	0.0608543	0.0395024	0.0152436	0.0676222	0.123057	0.210956	0.00629286	0.0054912
17	0.504409	0.015503	0.00288116	0.00802691	0.00933152	0.158168	0.0054927	0.0181813	0.00475859	0.019846	0.0169124	0.0114471	0.00942095	0.00861416	0.00658572	0.0731218	0.0521274	0.0641153	0.00227759	0.00877996
18	0.249296	0.0227935	0.0244751	0.0129107	0.00583426	0.110565	0.0107154	0.00995875	0.00368272	0.0143365	0.00384831	0.120696	0.00959388	0.00900979	0.00401094	0.333232	0.0318682	0.0160546	0.00423443	0.00288438
19	0.0036183	0.963951	0.00262379	0.00143626	0.0014464	0.00166595	0.00122564	0.00218248	0.00108966	0.00266797	0.00144418	0.00273894	0.000907623	0.00162033	0.00125571	0.00311801	0.00273104	0.00241703	0.000676454	0.00118362
20	0.00691105	0.00299443	0.00781055	0.003451	0.00538737	0.00437047	0.00470123	0.00304576	0.0368544	0.00770128	0.00211635	0.00494929	0.00123934	0.012165	0.863175	0.00682864	0.00695651	0.0069847	0.00842824	0.00392976
21	0.0446655	0.00811018	0.00326415	0.0106835	0.0522749	0.0133625	0.00624484	0.096358	0.0155891	0.335834	0.177472	0.00838825	0.00503942	0.0140389	0.00910645	0.0222931	0.0294578	0.125697	0.00736416	0.0147569
22	0.00358558	0.964757	0.00251055	0.00141797	0.00143138	0.00163612	0.00122633	0.00210142	0.00109017	0.00262879	0.0014432	0.00273913	0.000896467	0.00159675	0.00124614	0.0027637	0.00273508	0.0024214	0.000622205	0.00115065
23	0.166704	0.0157335	0.00326801	0.00913702	0.0360676	0.0232081	0.00685661	0.082099	0.00784388	0.273827	0.0578838	0.0142064	0.0163766	0.0140403	0.0069682	0.0468655	0.0472347	0.15602	0.00397569	0.0116846
24	0.0135901	0.00200111	0.00053717	0.0011649	0.012092	0.00179197	0.000638326	0.382587	0.00145319	0.0424147	0.0113056	0.00109271	0.00232138	0.000749813	0.00209462	0.00292472	0.0127935	0.502036	0.0013066	0.00510441
25	0.030703	0.00177049	0.264053	0.419826	0.00342739	0.00642807	0.0121638	0.00736539	0.0363523	0.00968725	0.00595154	0.0420778	0.0313177	0.0646787	0.0223872	0.0159152	0.00952328	0.0110399	0.000514956	0.00481661
26	0.111539	0.00130736	0.028077	0.0463836	0.0219188	0.0400274	0.0158826	0.0580946	0.0729528	0.0797516	0.0246711	0.0293341	0.0789497	0.0525783	0.0998569	0.0671358	0.0622803	0.077247	0.0190181	0.0129936
27	0.0433082	0.00269072	0.0148888	0.0249773	0.0093928	0.0407349	0.0116402	0.00745036	0.273057	0.0203853	0.00910916	0.0160628	0.00477974	0.0354389	0.421153	0.0188993	0.0121242	0.0162295	0.00394668	0.0137307
28	0.150938	0.00441562	0.00529842	0.00724089	0.00708384	0.0064943	0.00736411	0.0196359	0.00610935	0.210998	0.00625018	0.00679444	0.430662	0.00765112	0.00562496	0.0436214	0.0180513	0.047722	0.00327491	0.00476986
29	0.200242	0.00313168	0.00326463	0.00668183	0.00891185	0.00515114	0.00367067	0.107583	0.00329536	0.0824102	0.0559682	0.0045968	0.0083343	0.132164	0.00366052	0.0606156	0.0779442	0.228261	0.0013924	0.0027194
30	0.171349	0.00842173	0.00629374	0.0216703	0.013046	0.0117642	0.00928969	0.0587314	0.0688724	0.041471	0.0175439	0.0111693	0.159923	0.0217123	0.0232549	0.0532308	0.123686	0.167248	0.00475315	0.0065689
31	0.0592872	0.00101728	0.324294	0.248182	0.00356961	0.00736133	0.0132693	0.00214992	0.0383798	0.011091	0.0073208	0.0731458	0.0959681	0.0471419	0.0222383	0.0271226	0.009609	0.00353876	0.000505735	0.00480808
32	0.126672	0.0078234	0.014381	0.00708226	0.00603088	0.355524	0.00665462	0.00927479	0.0256082	0.114852	0.00989328	0.160748	0.0509838	0.00852171	0.00803925	0.0206946	0.0211735	0.0377969	0.00406528	0.00418061
33	0.018238	0.0050769	0.00504633	0.00819925	0.0137216	0.00844003	0.00664082	0.0102611	0.00739041	0.0558064	0.613704	0.00889552	0.0376625	0.0741649	0.0072871	0.0448149	0.0144946	0.0149113	0.0385841	0.00666041
34	0.0244758	0.00289934	0.00351368	0.077967	0.00566362	0.00446441	0.0180486	0.0880192	0.169669	0.0212085	0.00427377	0.0784147	0.00252482	0.0801593	0.0696334	0.0505587	0.0226716	0.270573	0.00216978	0.00309111
35	0.0161164	0.00145288	0.000280588	0.000808674	0.0126839	0.00115358	0.000370409	0.262394	0.00102049	0.0360271	0.0132706	0.00123696	0.00235761	0.000496088	0.00212024	0.00157377	0.0133343	0.631607	0.000960704	0.000734416
36	0.0186122	0.00208992	0.0152839	0.00485793	0.139626	0.00438272	0.113067	0.00745362	0.22599	0.0742383	0.00635427	0.035143	0.00181813	0.0454748	0.171516	0.0452751	0.0162441	0.00529832	0.0222746	0.0450002
37	0.0570073	0.00971235	0.0122866	0.00926598	0.0071405	0.0281143	0.00804483	0.00995278	0.00518917	0.0176773	0.0228968	0.0338138	0.0845939	0.00744683	0.0200082	0.265887	0.373881	0.016883	0.00235637	0.00784178
38	0.0356867	0.00678742	0.209002	0.0804237	0.00138501	0.0408303	0.0325243	0.00516898	0.0902215	0.0153002	0.00117608	0.156768	0.00453507	0.123173	0.0777738	0.0559254	0.0490034	0.00871888	0.00116165	0.00443446
39	0.0162552	0.00527572	0.0118451	0.00188137	0.00588409	0.032349	0.0134547	0.00207739	0.00137201	0.00289286	0.00160655	0.0161637	0.00108624	0.00189887	0.00157619	0.676701	0.200867	0.00328331	0.00239157	0.00113828
40	0.0660218	0.000906381	0.28414	0.247183	0.00316224	0.0102491	0.0103273	0.00295595	0.0349393	0.0128688	0.00470538	0.0391384	0.18529	0.0336558	0.0177238	0.0297021	0.00716911	0.00490017	0.000582856	0.00437887
41	0.0359922	0.00106551	0.0141263	0.0388073	0.00811856	0.00195004	0.00855697	0.0629173	0.308059	0.169726	0.0528273	0.00187044	0.0079427	0.0512316	0.0990832	0.00339496	0.0223876	0.09645	0.00077156	0.0147222
42	0.331865	0.0183641	0.00295175	0.00822121	0.00758118	0.0182317	0.00595429	0.0962528	0.00566429	0.0416301	0.0160033	0.00941149	0.0151505	0.0164358	0.0056212	0.111846	0.10806	0.173721	0.00331548	0.00371882
43	0.0363705	0.00108323	0.0141776	0.0392183	0.00800903	0.00200028	0.00890136	0.0646968	0.310701	0.168418	0.0500799	0.00191941	0.00774126	0.0511384	0.0998459	0.00349612	0.0214954	0.0956581	0.000837477	0.0142124
44	0.0750592	0.00627649	0.0350887	0.109044	0.00403364	0.0131512	0.0211964	0.0119652	0.273534	0.0158311	0.0215488	0.0203783	0.00543909	0.126401	0.148065	0.0348876	0.058205	0.0163478	0.00279687	0.000751114
45	0.350645	0.0149692	0.00805363	0.0111504	0.0159308	0.14632	0.0328627	0.0181648	0.00612173	0.0304294	0.0821213	0.0106775	0.00901697	0.00856607	0.00426675	0.122896	0.0621818	0.0300587	0.00196606	0.0336009
46	0.0363473	0.00873631	0.0103248	0.0201349	0.0144398	0.0157533	0.0150025	0.0168762	0.0366589	0.0285589	0.0131299	0.0182245	0.00898985	0.32212	0.28346	0.0301889	0.0271329	0.0237245	0.0585538	0.0116426
47	0.100601	0.00293419	0.0128942	0.0840743	0.00320829	0.0233762	0.0114508	0.00730158	0.276736	0.0187266	0.017502	0.0317699	0.00715264	0.134548	0.13545	0.0755879	0.0322575	0.0106092	0.0115151	0.00230534
48	0.169667	0.00849889	0.0173548	0.00938939	0.00307896	0.447135	0.00847151	0.00274575	0.00196862	0.0270108	0.00239925	0.0823433	0.00392485	0.00523421	0.00174399	0.171823	0.0142482	0.0201491	0.00150312	0.00130979
49	0.0364251	0.00243492	0.0024534	0.00752722	0.0103066	0.00498344	0.00244241	0.200828	0.00492473	0.0428693	0.0320463	0.00417356	0.00381781	0.00503828	0.00449888	0.00867646	0.0824849	0.539447	0.00204955	0.00257273
50	0.031821	0.00404686	0.00302659	0.00465451	0.035395	0.0107229	0.00312179	0.176716	0.00244725	0.391064	0.0948353	0.00648723	0.00205362	0.00542527	0.00289514	0.00837666	0.0392945	0.163629	0.00193884	0.0120484
51	0.0253029	0.00135513	0.146251	0.655274	0.00470466	0.00441229	0.0131217	0.0114096	0.0106383	0.00682363	0.0023034	0.0186652	0.00426991	0.0527718	0.00743849	0.00980899	0.00476258	0.0145268	0.000784486	0.00537458
52	0.0120568	0.00594846	0.00426193	0.0157113	0.119681	0.00627015	0.00918187	0.0227971	0.0270512	0.282077	0.274016	0.00677826	0.00563543	0.0382744	0.0158927	0.0234287	0.0207371	0.0345797	0.0523069	0.0233134
53	0.0420338	0.00632223	0.0035572	0.0098166	0.0411659	0.0144144	0.0120474	0.0614241	0.0152399	0.370969	0.205555	0.0167557	0.00358558	0.0157538	0.00800413	0.0236706	0.0603792	0.0539989	0.00771796	0.0275884
54	0.0152945	0.00401673	0.00308943	0.00754345	0.0874773	0.00669308	0.00342444	0.0876204	0.00964883	0.527985	0.133027	0.00712529	0.00208944	0.00699674	0.00638264	0.0101091	0.01306	0.0513368	0.00624322	0.0108363
55	0.136278	0.00838148	0.00134129	0.00580507	0.0487247	0.0465872	0.00144258	0.131245	0.0054243	0.241772	0.15414	0.0171004	0.00307129	0.0156523	0.00135486	0.0214342	0.0472311	0.101722	0.000358436	0.0109342
56	0.0384492	0.0168822	0.0159908	0.0195418	0.00640576	0.018401	0.0597713	0.010189	0.0252076	0.0197121	0.00946859	0.619489	0.00682871	0.014408	0.00646779	0.0492979	0.0337221	0.0209759	0.0031697	0.00562116
57	0.0593773	0.0141467	0.0191101	0.0238469	0.0335881	0.0284747	0.362164	0.0265508	0.0203907	0.0591695	0.0317759	0.0430625	0.0143574	0.0443909	0.0337842	0.0532416	0.0555342	0.0380083	0.0116066	0.0274195
58	0.0618946	0.00372086	0.00216219	0.00378504	0.00148801	0.00213157	0.00782265	0.00205442	0.00262685	0.0179457	0.00168552	0.00190966	0.818585	0.00197584	0.00117592	0.0361299	0.0224077	0.00825137	0.00086551	0.00138165
59	0.0463381	0.013302	0.0115491	0.0149543	0.0397279	0.0240404	0.184977	0.0385863	0.0160143	0.291038	0.0553623	0.0267904	0.0101251	0.02483	0.0242387	0.0502665	0.048365	0.0493654	0.0111712	0.0189573
60	0.0456308	0.0187681	0.523	0.0927772	0.00954033	0.0229777	0.0194691	0.0107884	0.0167167	0.0169265	0.00878204	0.0490881	0.0248374	0.0289828	0.0163644	0.0345439	0.0262853	0.0236301	0.00349867	0.00739244
61	0.0039725	0.960652	0.00289825	0.00156531	0.00143741	0.00192815	0.00172124	0.002151	0.00110129	0.00286637	0.00166311	0.00300571	0.00102718	0.00172671	0.00152988	0.00350469	0.00278827	0.00266782	0.000630493	0.0011625
62	0.0638462	0.00479272	0.0066322	0.00826543	0.00415169	0.00453267	0.0148534	0.00399971	0.00670752	0.0206361	0.00357512	0.00522877	0.765176	0.00542356	0.00484511	0.0375307	0.0247035	0.0111457	0.00159335	0.00236051
63	0.0108579	0.00143694	0.000497369	0.00143439	0.00711723	0.00219571	0.000609299	0.449759	0.0011812	0.0226377	0.00897915	0.00118118	0.00321856	0.000715495	0.00180675	0.00378059	0.0218574	0.454969	0.000639913	0.00512494
64	0.00367454	0.961679	0.0027114	0.00154047	0.00160928	0.0017411	0.00130072	0.00241411	0.00142599	0.00276323	0.00161441	0.00297188	0.000912494	0.0018423	0.00175518	0.00284335	0.00282782	0.00243048	0.000685443	0.00125712
65	0.0462818	0.0214358	0.530931	0.0951757	0.00996388	0.0181052	0.0168732	0.0125821	0.0184876	0.0169481	0.0106031	0.0445812	0.0205262	0.0299338	0.0173287	0.0293972	0.0237962	0.0240228	0.00401996	0.00900628
66	0.101527	0.00343107	0.0251582	0.0965239	0.00668038	0.0246666	0.0143525	0.0108866	0.224504	0.0233545	0.014871	0.0353463	0.0120409	0.139943	0.116893	0.06598	0.038	0.0206352	0.0190851	0.00612115
67	0.0985618	0.0031811	0.00606723	0.00515747	0.0047006	0.784965	0.00362541	0.00303849	0.00323021	0.00633587	0.00203474	0.0161929	0.00166724	0.00320571	0.00171353	0.0329805	0.0106497	0.0103276	0.000576881	0.00178795
68	0.0955636	0.00317791	0.00805579	0.00605563	0.0044983	0.777363	0.00380608	0.00324802	0.00364435	0.00705809	0.00191543	0.0192366	0.00138029	0.00332812	0.0019161	0.0373079	0.0111326	0.0090702	0.000556933	0.00168478
69	0.131195	0.00521864	0.093342	0.385782	0.0118172	0.0267953	0.0438143	0.0178365	0.026413	0.0204133	0.0105934	0.0313193	0.0191353	0.0476604	0.0182234	0.0411874	0.0282017	0.024383	0.00610267	0.0105665
70	0.00358558	0.964757	0.00251055	0.00141797	0.00143138	0.00163612	0.00122633	0.00210142	0.00109017	0.00262879	0.0014432	0.00273913	0.000896467	0.00159675	0.00124614	0.0027637	0.00273508	0.0024214	0.000622205	0.00115065
71	0.0523918	0.00261963	0.257838	0.246426	0.0160247	0.0121504	0.0123315	0.00941377	0.0282521	0.032865	0.0194507	0.0591063	0.0833988	0.0625851	0.0197006	0.0317565	0.0299811	0.013605	0.00205771	0.00804578
72	0.015246	0.0042555	0.00336782	0.00609061	0.0901182	0.00568545	0.00384563	0.101963	0.00459983	0.566466	0.0761531	0.00645284	0.00362375	0.00448786	0.00346868	0.00984725	0.013113	0.0680671	0.00531065	0.00783763
73	0.0429772	0.00811485	0.0242519	0.0425919	0.0141893	0.0168711	0.0653711	0.0191829	0.0239968	0.0508014	0.0130184	0.0295806	0.0115196	0.475495	0.0313045	0.0403696	0.0350274	0.0238303	0.0122939	0.0192124
74	0.0482659	0.00591341	0.421147	0.232323	0.00498926	0.0154502	0.012896	0.00813233	0.0254821	0.0127669	0.00668936	0.0435241	0.0416773	0.0424091	0.0165888	0.0266461	0.01338	0.0138172	0.00200425	0.00589733
75	0.0171762	0.0121566	0.0054087	0.0245179	0.0772026	0.00442079	0.0127991	0.204873	0.00410404	0.209049	0.106108	0.0184747	0.00248761	0.0645539	0.0267579	0.013173	0.0110177	0.128368	0.00514667	0.0522038
76	0.338766	0.0564552	0.000988563	0.00687152	0.00376701	0.0331629	0.0011707	0.00496218	0.000884915	0.0272868	0.00125587	0.00625775	0.0110609	0.00156189	0.00108657	0.336125	0.135459	0.0312752	0.000568077	0.00103479
77	0.0106715	0.0110451	0.00280578	0.0167127	0.140578	0.00369986	0.00985306	0.136661	0.00171338	0.194217	0.114186	0.00630591	0.00146173	0.0304974	0.00881561	0.016545	0.00628022	0.20188	0.0146114	0.0714586
78	0.225336	0.00378664	0.0211731	0.0533463	0.0394048	0.142234	0.00617585	0.0285197	0.0774422	0.0575019	0.021313	0.0523925	0.00760102	0.038715	0.0590872	0.0298657	0.0292427	0.0842899	0.00650378	0.0160695
79	0.0292898	0.0167111	0.00212163	0.00273605	0.455428	0.026413	0.00916097	0.00418199	0.00206716	0.00546812	0.00947365	0.00878301	0.00558631	0.0217911	0.0021615	0.025911	0.00479449	0.0166277	0.00522243	0.346071
80	0.102928	0.00329842	0.0039445	0.0044419	0.00454663	0.783803	0.00243675	0.00352806	0.00284942	0.00768081	0.00192231	0.0170734	0.0017618	0.00233143	0.00183876	0.033056	0.00967355	0.0111333	0.000597525	0.00115465
81	0.018624	0.00210175	0.000327177	0.000535952	0.0718086	0.00165659	0.00130589	0.181785	0.000316882	0.480369	0.0438931	0.000537031	0.00175632	0.00155914	0.00135215	0.00143232	0.0105261	0.165006	0.00510174	0.0100062
82	0.126807	0.00743889	0.0247426	0.0150055	0.00419268	0.428824	0.0127377	0.00420551	0.00715485	0.0147108	0.00280804	0.0931311	0.00287493	0.00980567	0.00391542	0.200499	0.021014	0.0124438	0.00231204	0.00537668
83	0.101754	0.00376937	0.0900635	0.126893	0.00591373	0.0324799	0.0191298	0.0128377	0.0438385	0.0130468	0.00913994	0.0475373	0.225267	0.046669	0.0245456	0.0879189	0.0622519	0.0309632	0.00367563	0.0123054
84	0.0142804	0.00258438	0.0029778	0.0045324	0.0720035	0.00651811	0.00581998	0.153999	0.000717059	0.44528	0.0467092	0.00141241	0.00271041	0.0042264	0.00343645	0.00492097	0.0259042	0.186752	0.00470618	0.0105085
85	0.00320515	0.000913138	0.000557175	0.000696681	0.00760144	0.00277825	0.000634691	0.579831	0.000517555	0.0138126	0.00312187	0.000829257	0.00327276	0.000735521	0.000948716	0.00440184	0.00884685	0.356724	0.000285588	0.0102854
86	0.178584	0.00239679	0.0130392	0.102	0.00463895	0.0479583	0.0297819	0.0263079	0.118365	0.0222131	0.0248304	0.0176453	0.00904318	0.0834568	0.085895	0.153271	0.0403044	0.0200575	0.00385169	0.0163589
87	0.138522	0.00442392	0.00476339	0.00714168	0.038766	0.0131245	0.0611766	0.0513887	0.00867096	0.0675337	0.0888337	0.0400506	0.0109315	0.0123735	0.00816336	0.0359993	0.326779	0.0696493	0.00303639	0.00867162
88	0.107005	0.00401807	0.0892329	0.205489	0.0196988	0.00527958	0.0191138	0.177585	0.00318606	0.00909971	0.00419854	0.0516909	0.00305736	0.0357349	0.00358587	0.100505	0.0686259	0.0874398	0.0022577	0.00319718
89	0.0438249	0.00967919	0.0121832	0.0291833	0.0522058	0.0133253	0.0176012	0.115097	0.048171	0.145916	0.102444	0.0171653	0.010639	0.0991791	0.079571	0.0294114	0.0337922	0.104497	0.00971481	0.0263998
90	0.03141	0.00420218	0.027076	0.0408702	0.00578063	0.00737304	0.00584739	0.00778379	0.00417824	0.00921437	0.00547107	0.358064	0.0223874	0.0252505	0.0048568	0.0520129	0.373327	0.00872372	0.00210077	0.00406982
91	0.00727116	0.00336511	0.00847353	0.00364703	0.00658012	0.0044918	0.00510287	0.00351181	0.038583	0.00867906	0.00214971	0.00579787	0.00120244	0.012916	0.853947	0.00754762	0.00731609	0.00723924	0.00825691	0.00392157
92	0.00358558	0.964757	0.00251055	0.00141797	0.00143138	0.00163612	0.00122633	0.00210142	0.00109017	0.00262879	0.0014432	0.00273913	0.000896467	0.00159675	0.00124614	0.0027637	0.00273508	0.0024214	0.000622205	0.00115065
93	0.0134542	0.00383902	0.00121378	0.00216479	0.0115325	0.00328251	0.00148095	0.53108	0.00266379	0.0478471	0.0131966	0.00152492	0.00276849	0.00193785	0.00196262	0.00566964	0.0107143	0.332025	0.00150714	0.0101348
94	0.0129961	0.00397457	0.00493394	0.0266111	0.00519537	0.0059484	0.179866	0.00718203	0.006927	0.0663058	0.00513095	0.0279796	0.00349366	0.544232	0.00502805	0.0308418	0.0291538	0.00861727	0.00266189	0.0229205
95	0.00358558	0.964757	0.00251055	0.00141797	0.00143138	0.00163612	0.00122633	0.00210142	0.00109017	0.00262879	0.0014432	0.00273913	0.000896467	0.00159675	0.00124614	0.0027637	0.00273508	0.0024214	0.000622205	0.00115065
96	0.107981	0.00947317	0.0260478	0.0364078	0.0270385	0.0212519	0.0187269	0.0251485	0.0770526	0.03108	0.0179515	0.0213856	0.0132784	0.0978356	0.021815	0.102712	0.144154	0.0358315	0.00922083	0.155607
97	0.00736153	0.00338271	0.00813226	0.0036502	0.00614911	0.00438625	0.00515356	0.00356795	0.0374644	0.00843528	0.00222834	0.00534108	0.00139777	0.0144638	0.85436	0.00730338	0.00744654	0.00702302	0.00860595	0.00414646
98	0.00358558	0.964757	0.00251055	0.00141797	0.00143138	0.00163612	0.00122633	0.00210142	0.00109017	0.00262879	0.0014432	0.00273913	0.000896467	0.00159675	0.00124614	0.0027637	0.00273508	0.0024214	0.000622205	0.00115065
99	0.0151328	0.00130663	0.0003148	0.00107411	0.0109944	0.00145177	0.000447956	0.266264	0.00126808	0.0327252	0.0126535	0.00142715	0.00216709	0.000527148	0.00238013	0.00188029	0.0175151	0.628435	0.00115683	0.000878695
100	0.00877991	0.00327458	0.00926217	0.00546076	0.00610358	0.00505723	0.00529211	0.0039029	0.0431931	0.0088934	0.00241546	0.00594815	0.00152213	0.0118811	0.844807	0.00771003	0.00706234	0.00737449	0.00775737	0.00430177
101	0.0235201	0.0122665	0.00202257	0.00387498	0.344564	0.00886681	0.0227428	0.0431069	0.00445111	0.0669758	0.0429877	0.0115632	0.00706252	0.0191845	0.00464923	0.0172237	0.0130089	0.0780659	0.0356051	0.238258
102	0.0958682	0.036404	0.0112138	0.0175168	0.0237521	0.149455	0.0085835	0.0497976	0.00272042	0.0820975	0.0970051	0.00442578	0.00520673	0.0043493	0.00296018	0.220373	0.136438	0.0218497	0.00154966	0.0284336
103	0.105938	0.00450238	0.116328	0.161194	0.00740851	0.0484135	0.018178	0.01357	0.0466641	0.0115506	0.0112566	0.0815152	0.0293897	0.0764798	0.0331799	0.103495	0.0825211	0.0285744	0.00439505	0.0154465
104	0.0193169	0.000873227	0.140175	0.707332	0.00398305	0.0017472	0.0137508	0.0119635	0.0051475	0.00274002	0.00128771	0.0153017	0.00151462	0.0454668	0.00390409	0.00603457	0.00237698	0.0124073	0.000574375	0.00410317
105	0.00396249	0.00108631	0.000778648	0.000837416	0.0112338	0.00456527	0.00085582	0.604136	0.000719592	0.0101326	0.0043741	0.00115676	0.00217015	0.00104139	0.000750487	0.00361309	0.00682037	0.322992	0.000377169	0.0183961
106	0.385949	0.0417282	0.00178974	0.00366226	0.00238795	0.265351	0.00247009	0.0100718	0.00477446	0.0149697	0.0253837	0.00403451	0.0387121	0.00414048	0.00342726	0.0917178	0.0266629	0.0619654	0.000772505	0.0100296
107	0.0745948	0.00254316	0.10641	0.0963855	0.00530957	0.41499	0.0208464	0.00475026	0.036131	0.0154365	0.00326457	0.0676565	0.00640473	0.0344537	0.0155405	0.0597688	0.0158244	0.00593605	0.00275795	0.0109953
108	0.0615219	0.00169028	0.0334077	0.0286262	0.0361191	0.0228172	0.00437663	0.184952	0.0136503	0.0761967	0.0298007	0.0149739	0.00522117	0.0418749	0.00556906	0.0466359	0.102922	0.2845	0.00213628	0.00300891
109	0.101798	0.0048493	0.0982473	0.16861	0.0103256	0.0439052	0.0203517	0.0137091	0.0502598	0.0100453	0.0219655	0.0678356	0.0425875	0.0718842	0.0315425	0.102057	0.0833166	0.0320581	0.00484725	0.0198054
110	0.0279677	0.00227743	0.158174	0.598239	0.00488946	0.00587775	0.00903246	0.0114764	0.0165218	0.0131658	0.00436427	0.0182488	0.00205487	0.0638934	0.0103312	0.0112938	0.00798856	0.0262332	0.000631941	0.00733785
111	0.00265583	0.000714624	0.00337089	0.00361128	0.132689	0.00393965	0.000912118	0.0796267	0.000834016	0.641006	0.090072	0.00408282	0.00101484	0.00103088	0.00119902	0.00487578	0.00179383	0.0204604	0.00543626	0.000673883
112	0.0965209	0.00402502	0.112823	0.114826	0.00742744	0.346082	0.0176462	0.00788809	0.0319704	0.0317486	0.00585738	0.0585135	0.00759451	0.0339782	0.0172709	0.0592109	0.0200736	0.0122891	0.00357903	0.0106753
113	0.141908	0.00798705	0.000829948	0.00339475	0.0507839	0.0523787	0.000859255	0.0975965	0.00671489	0.248142	0.159884	0.0156039	0.00317998	0.0168392	0.0010603	0.0237391	0.0525959	0.10569	0.000479614	0.0103329
114	0.147674	0.00293919	0.00638294	0.0143161	0.0224158	0.00620887	0.00495977	0.113798	0.0074617	0.0830744	0.051801	0.00456488	0.0343696	0.037435	0.0062445	0.0636075	0.151082	0.237273	0.00191856	0.00247409
115	0.016832	0.00313826	0.0136414	0.0403765	0.0241171	0.344828	0.0938137	0.00698248	0.0081898	0.00966462	0.00539545	0.21435	0.00285209	0.0428443	0.00522884	0.0704894	0.00941085	0.00792806	0.00246688	0.0774499
116	0.0592069	0.00424582	0.015361	0.0400219	0.014396	0.0172556	0.0199601	0.0133919	0.199745	0.0265146	0.0112298	0.0239859	0.00924717	0.0619494	0.357262	0.0650737	0.025923	0.0199225	0.00660953	0.00869794
117	0.17811	0.010117	0.0183175	0.0137798	0.00267609	0.266348	0.00971728	0.00357044	0.00281874	0.015519	0.00201301	0.150273	0.0041064	0.00677098	0.00292851	0.278705	0.0168568	0.0114953	0.00349509	0.00238101
118	0.105017	0.00543701	0.098062	0.180481	0.00911338	0.0500343	0.0171962	0.0140697	0.0415503	0.0110411	0.0146987	0.0689694	0.0298724	0.063903	0.032394	0.112967	0.0857238	0.0352601	0.00499185	0.019218
119	0.263971	0.014803	0.00177569	0.0226049	0.00312234	0.00413874	0.00357531	0.0442272	0.0022992	0.15564	0.0725244	0.0143681	0.00291703	0.00709026	0.00215291	0.10675	0.10907	0.1629	0.00279551	0.00327425
120	0.0987488	0.0050073	0.0538098	0.297662	0.0266941	0.0127268	0.00900667	0.0120304	0.0616747	0.0604225	0.00927119	0.0112533	0.00326425	0.175447	0.0340933	0.0178961	0.017684	0.0503723	0.0033003	0.0396345
121	0.00398634	0.00108279	0.000787059	0.00083945	0.0112367	0.00454032	0.000846504	0.604006	0.000735615	0.01017	0.00437198	0.00113394	0.00216764	0.00104308	0.000770222	0.00361261	0.00685726	0.323159	0.000384609	0.0182693
122	0.0827568	0.0177073	0.0353278	0.0499652	0.0148314	0.217039	0.015385	0.0305454	0.00201039	0.0419415	0.0563583	0.00717187	0.0102592	0.00408654	0.0024436	0.190175	0.194747	0.00954305	0.0012542	0.0164517
123	0.0337087	0.00398848	0.003775	0.00380121	0.00533114	0.0223	0.00416304	0.00503192	0.00445788	0.014079	0.0276513	0.0389666	0.0976594	0.00480038	0.0257389	0.27271	0.417715	0.00746046	0.00143325	0.00522844
124	0.0353487	0.0200998	0.00249977	0.00370029	0.418285	0.0126979	0.0201511	0.0102524	0.00307245	0.0176524	0.0238928	0.0212097	0.0164393	0.0309412	0.0035395	0.0185553	0.0100675	0.0448964	0.0306718	0.256027
125	0.035478	0.00230395	0.022101	0.0108575	0.0137409	0.00257865	0.0020097	0.395129	0.0120048	0.270752	0.0363108	0.00341795	0.00189638	0.00298417	0.00485836	0.0050817	0.00579291	0.147234	0.00287361	0.0225949
126	0.105028	0.00423763	0.120289	0.160765	0.00751704	0.0481451	0.0187241	0.013806	0.0472254	0.0117205	0.0114889	0.0800712	0.0298995	0.0764702	0.0334218	0.100691	0.082504	0.0283933	0.00439943	0.0152033
127	0.0152677	0.00772389	0.00792777	0.0018913	0.00773404	0.0265077	0.0186135	0.00262553	0.00143087	0.00360311	0.00211868	0.0108606	0.00211227	0.00180918	0.00179195	0.642347	0.239647	0.00358187	0.00115681	0.00124904
128	0.0890619	0.0193284	0.0958185	0.146565	0.00921608	0.0565832	0.0202957	0.0133513	0.0546882	0.0143868	0.0111796	0.107062	0.056103	0.0752786	0.0303717	0.07781	0.0760965	0.0288158	0.00439572	0.0135914
129	0.00370949	0.00149253	0.00451735	0.00623678	0.118157	0.00363058	0.00131933	0.0820442	0.00385627	0.602944	0.118414	0.00481421	0.00105786	0.00329344	0.00299127	0.00558362	0.00346581	0.0238176	0.0052361	0.00341796
130	0.156899	0.0454933	0.00666529	0.00774556	0.0114656	0.0109005	0.0113231	0.0557185	0.00572955	0.0314313	0.010449	0.0105837	0.0132012	0.127666	0.0139633	0.277732	0.114975	0.076766	0.00565502	0.00563651
131	0.111913	0.00322995	0.00207427	0.00299948	0.00439159	0.795062	0.00202065	0.00275743	0.00116757	0.0050519	0.00150297	0.0121301	0.00157602	0.0015103	0.00129918	0.0306612	0.00926026	0.00997157	0.000414641	0.00100529
132	0.0450696	0.015178	0.0180635	0.023638	0.0188318	0.0208852	0.0408399	0.0196298	0.0226128	0.0399428	0.0552201	0.504982	0.00971525	0.0210504	0.0162047	0.0453915	0.0340679	0.0302518	0.00659102	0.0118337
133	0.0310457	0.0147633	0.000522409	0.000565169	0.010469	0.00150798	0.00207069	0.425801	0.00566485	0.136348	0.0551431	0.000523542	0.000489381	0.00207894	0.000386959	0.00258826	0.014776	0.292862	0.0019414	0.000452475
134	0.0514338	0.0108228	0.00086371	0.00491964	0.0097047	0.0022336	0.00150862	0.357987	0.00598979	0.0546885	0.0251876	0.00199898	0.00144931	0.00189178	0.00448867	0.00513817	0.0286462	0.425955	0.00127962	0.00381261
135	0.0487698	0.00400457	0.283545	0.249341	0.00541933	0.0176951	0.0235466	0.00804464	0.0424581	0.0165871	0.00799873	0.0527046	0.0268236	0.107734	0.0264852	0.0312407	0.0210857	0.0152169	0.00144036	0.00985816
136	0.0199868	0.00216952	0.00100986	0.000852261	0.0311417	0.00177168	0.000814358	0.378443	0.00120493	0.255303	0.0141009	0.000818136	0.000721583	0.00142786	0.000623198	0.00157635	0.00269743	0.269754	0.00888235	0.00670057
137	0.0038651	0.960623	0.00449569	0.00148541	0.00149406	0.00178216	0.00144469	0.00216862	0.00111914	0.00276547	0.00147566	0.00307493	0.000977244	0.00165005	0.00124092	0.00296621	0.00281517	0.00264561	0.000645111	0.00126596
138	0.0620419	0.00371674	0.00205203	0.00375256	0.00194256	0.00199393	0.00792817	0.00225068	0.00265056	0.0181686	0.00169666	0.00213898	0.817566	0.00200966	0.00131837	0.0356166	0.0225497	0.00839498	0.000888434	0.00132302
139	0.0559027	0.00628107	0.00532791	0.0104581	0.0139678	0.0103416	0.00647262	0.146164	0.00830216	0.0506858	0.0250027	0.00829562	0.0116685	0.0111539	0.00729899	0.0272474	0.102806	0.482857	0.00370069	0.00606512
140	0.0938637	0.00322228	0.00806599	0.00656537	0.00470735	0.783036	0.00412519	0.00339852	0.00393947	0.00649118	0.00167513	0.0184357	0.00103425	0.00400047	0.00202335	0.0333483	0.0104827	0.00909256	0.000592403	0.00189974
141	0.522214	0.00887585	0.0042561	0.011814	0.0107273	0.0596405	0.00572594	0.0412095	0.00568703	0.037289	0.0176893	0.00813637	0.00727143	0.0105541	0.00618257	0.0483639	0.0421813	0.142202	0.00407026	0.00590958
142	0.00765333	0.00170813	0.00265899	0.0032296	0.135458	0.00443557	0.0014371	0.0901341	0.00159081	0.58689	0.0783824	0.00380802	0.00161481	0.00209158	0.00178523	0.0053552	0.00524552	0.0512345	0.00740955	0.00787758
143	0.0471286	0.0138099	0.00613568	0.00850241	0.0174884	0.00922904	0.00904081	0.0307198	0.00532284	0.224129	0.0547314	0.0634715	0.00363946	0.00830314	0.00622049	0.0274803	0.316306	0.138933	0.00260533	0.0068027
144	0.145093	0.00899113	0.1492	0.0125017	0.0274033	0.0157778	0.0518053	0.0081067	0.00528147	0.0105321	0.00553465	0.147914	0.0291208	0.0100837	0.00744725	0.325935	0.0197404	0.0101508	0.00313871	0.00624158
145	0.0664873	0.00454026	0.0241658	0.0596385	0.0170916	0.0201138	0.0198821	0.0114666	0.277937	0.0291572	0.0192466	0.0261305	0.00404667	0.0926158	0.241187	0.0316863	0.0303993	0.0111328	0.00528137	0.00779323
146	0.114829	0.0183476	0.00528645	0.0101185	0.0136053	0.0131194	0.0100955	0.0529191	0.013731	0.04735	0.0197154	0.0089712	0.100153	0.0498437	0.0110755	0.0881638	0.176715	0.229356	0.00820111	0.00840343
147	0.0660879	0.0111408	0.00329743	0.00400946	0.360938	0.0315856	0.0044359	0.006069	0.00402021	0.00812256	0.00815007	0.00747001	0.00512546	0.0422972	0.00351015	0.0751561	0.00869683	0.0142124	0.00231985	0.333355
148	0.203708	0.00341282	0.00567761	0.0720601	0.00515437	0.0415906	0.0454664	0.0167753	0.076295	0.0163439	0.0288518	0.00930072	0.00588488	0.0531764	0.145463	0.191101	0.0378954	0.0281478	0.00222281	0.0114716
149	0.0261033	0.0153864	0.00202176	0.00276817	0.468031	0.0233585	0.0126043	0.00422969	0.002019	0.00594367	0.00986954	0.00907291	0.00573936	0.020669	0.00217786	0.0222313	0.00492079	0.0171112	0.00833545	0.337407
150	0.0671336	0.00610963	0.0173342	0.0648895	0.00202347	0.00521489	0.0345108	0.00916631	0.20688	0.0150728	0.0108999	0.0341448	0.0023692	0.122121	0.131416	0.0704309	0.139847	0.0536962	0.00560475	0.00113607
151	0.503102	0.00774467	0.00411555	0.00841318	0.0202382	0.0933539	0.0102286	0.0173441	0.00448813	0.0346087	0.0163276	0.00955714	0.0052587	0.00842815	0.00423223	0.073418	0.0799148	0.0709007	0.00313419	0.0251918
152	0.00834863	0.0033266	0.00819042	0.00419495	0.006227	0.00469678	0.00534962	0.00387148	0.037079	0.00851741	0.00221503	0.00539877	0.00133953	0.0118532	0.853758	0.00858084	0.00749305	0.0072634	0.00834527	0.00395141
153	0.090395	0.00607543	0.00955178	0.00827237	0.00729531	0.0338982	0.00542221	0.00835383	0.0253033	0.0107444	0.00655063	0.0601425	0.277503	0.00735256	0.00778235	0.281501	0.0986438	0.0123906	0.00257791	0.040244
154	0.0488433	0.01293	0.0133898	0.021361	0.0706105	0.0220187	0.021628	0.0508038	0.0192086	0.068785	0.0301029	0.0260582	0.013124	0.0309058	0.0274407	0.038579	0.0368228	0.0527443	0.320164	0.0744795
155	0.0263273	0.0013017	0.183477	0.582837	0.00421167	0.00661899	0.0126755	0.00978447	0.0156159	0.00574884	0.00254705	0.0321773	0.0106638	0.0568401	0.0106305	0.0138699	0.0072551	0.0118529	0.000681176	0.00488479
156	0.0125612	0.00275215	0.0033888	0.00562866	0.00903287	0.00491479	0.00391285	0.11581	0.00425869	0.449988	0.179334	0.0365084	0.00258444	0.00632168	0.00457761	0.00806164	0.0406055	0.0284193	0.00180291	0.0795361
157	0.0805369	0.000692095	0.273864	0.228449	0.00323344	0.0108804	0.017338	0.0023787	0.0459673	0.0122076	0.00596435	0.0687073	0.12754	0.0489285	0.0214945	0.0336615	0.00795469	0.0038973	0.000488768	0.00581578
158	0.0157151	0.00622522	0.00843098	0.00143616	0.00642888	0.0284635	0.0162185	0.00200593	0.00113152	0.00248828	0.00144909	0.0110586	0.00105556	0.00158534	0.00129637	0.660791	0.228935	0.00302222	0.00116899	0.00109374
159	0.00578089	0.00110427	0.000463149	0.000612561	0.00868492	0.00184711	0.000504607	0.496196	0.000529406	0.0220388	0.00479962	0.000739716	0.00403168	0.000643686	0.00123303	0.00466412	0.0102974	0.429327	0.000371465	0.00613055
160	0.186909	0.119704	0.0653746	0.0123592	0.00405413	0.108315	0.0118949	0.00630389	0.00178419	0.00877341	0.00308947	0.0635042	0.0128771	0.00511381	0.00534984	0.327785	0.0406055	0.0100937	0.00198297	0.00412553
161	0.161963	0.00397172	0.00669378	0.0094825	0.0191342	0.0103927	0.022363	0.0644402	0.0185916	0.0610836	0.038125	0.00819654	0.116031	0.0317123	0.0313495	0.0639298	0.153079	0.157396	0.0063953	0.0156697
162	0.0119321	0.0210665	0.00390199	0.00436194	0.0596393	0.0233029	0.291573	0.00677287	0.00363782	0.154233	0.172313	0.0231401	0.00305276	0.00559714	0.00359852	0.0947505	0.0859278	0.00744264	0.0194791	0.00427694
163	0.0308469	0.361575	0.26782	0.0201266	0.0117536	0.0199155	0.0196444	0.0143517	0.00637416	0.0168802	0.00761048	0.0990383	0.00859496	0.0127153	0.00990637	0.031005	0.0299892	0.0178573	0.00478167	0.00921338
164	0.351681	0.0394882	0.00176405	0.00380677	0.00231163	0.27985	0.00236572	0.0101974	0.00491176	0.0176142	0.0223138	0.00518958	0.0441652	0.00443997	0.0037537	0.112142	0.0294234	0.0556484	0.00107591	0.00785752
165	0.00307951	0.000869349	0.0103412	0.016002	0.0145361	0.00440515	0.0068945	0.117239	0.000900068	0.387223	0.058356	0.00171611	0.00203561	0.00783651	0.010333	0.00830283	0.0536124	0.294459	0.000575251	0.00128404
166	0.14771	0.0350274	0.00707892	0.0107101	0.0133327	0.409787	0.00620279	0.0465928	0.00996159	0.0728282	0.0298673	0.021767	0.0108372	0.0120849	0.00768573	0.056253	0.0385491	0.0516061	0.00364354	0.00847469
167	0.297497	0.0939348	0.00587055	0.00594279	0.00366437	0.0370181	0.00234755	0.00442543	0.0010274	0.0235329	0.00134896	0.0104696	0.0125432	0.00152778	0.000873263	0.34889	0.123028	0.0244116	0.000670646	0.000975981
168	0.148887	0.00287389	0.00538943	0.0271181	0.00459784	0.0246803	0.00607076	0.0224582	0.0212047	0.0270114	0.00622917	0.489914	0.00320627	0.0551196	0.00403398	0.105623	0.0301692	0.00888931	0.00322192	0.00330122
169	0.0260948	0.00883742	0.00220746	0.00512757	0.00834211	0.00354226	0.00210259	0.339759	0.00421532	0.170603	0.0494994	0.00161356	0.00131765	0.00292119	0.00270347	0.00459294	0.0572008	0.306555	0.00130333	0.00146086
170	0.0390993	0.00139246	0.0236359	0.0712122	0.0995868	0.00949784	0.0556028	0.116328	0.0340046	0.0580456	0.0171854	0.031569	0.00559211	0.0616567	0.0740671	0.0398626	0.0702223	0.126038	0.0328616	0.0325401
171	0.0208887	0.00308903	0.00032197	0.000530689	0.0148533	0.00106811	0.000493282	0.299505	0.00102114	0.0567093	0.0160962	0.000897033	0.00318119	0.000640084	0.00157271	0.0016573	0.00910297	0.566645	0.000934437	0.000792812
172	0.0786007	0.0180257	0.13212	0.0709295	0.00995689	0.0450791	0.0691243	0.00838753	0.0391586	0.0137022	0.00466474	0.136841	0.0167991	0.147521	0.0340768	0.0675328	0.0836161	0.0137611	0.00280646	0.00729681
173	0.147077	0.00197419	0.00204187	0.00282668	0.00464581	0.0302728	0.0642992	0.0428458	0.0126207	0.00813314	0.024415	0.0163499	0.0137509	0.0145164	0.00302648	0.175053	0.334544	0.083598	0.00196499	0.0160439
174	0.0193209	0.00196576	0.0123462	0.00881174	0.0471165	0.0119553	0.0468286	0.00727284	0.259626	0.0475974	0.0116324	0.0182202	0.0013545	0.0260284	0.39578	0.0197595	0.00808395	0.0106467	0.0078289	0.037824
175	0.0485545	0.00130361	0.0979664	0.0507894	0.00614091	0.454249	0.0294111	0.0024706	0.044174	0.0126047	0.00168201	0.0970297	0.00179351	0.0429028	0.0203819	0.058746	0.010366	0.00295083	0.00254443	0.0139388
176	0.0861401	0.0145035	0.0942788	0.00533737	0.0033196	0.229678	0.0300817	0.0257586	0.00330183	0.0381832	0.0247652	0.178761	0.0342117	0.0271997	0.0751633	0.042375	0.0418471	0.0291402	0.0130064	0.00294838
177	0.0441598	0.0097192	0.0963879	0.269856	0.00571207	0.00987583	0.0124591	0.0150305	0.158757	0.0230333	0.0134101	0.0165122	0.00536551	0.131951	0.0897306	0.0257768	0.0400308	0.0247602	0.000813776	0.00665823
178	0.0198489	0.00200259	0.00117854	0.000884605	0.0359691	0.00165657	0.00089372	0.355477	0.00114299	0.280837	0.0173421	0.000807924	0.00103202	0.00153131	0.00074739	0.00156808	0.00355105	0.257771	0.0082396	0.00751886
179	0.00872163	0.00505372	0.00268619	0.0212459	0.0392749	0.00287755	0.0029715	0.0251905	0.0557872	0.439017	0.268604	0.00385404	0.00256616	0.0150894	0.0206096	0.0117925	0.00973558	0.0492229	0.00741025	0.00829014
180	0.0350138	0.00321063	0.0173927	0.0312595	0.010249	0.0157205	0.0137711	0.00736165	0.244161	0.0201937	0.00853353	0.0155491	0.00302046	0.0485516	0.461376	0.0183927	0.0181236	0.0141376	0.00330832	0.0106733
181	0.0236488	0.00136487	0.000443505	0.00304087	0.00939284	0.00312455	0.000636046	0.212057	0.00282586	0.0289712	0.0188474	0.00233572	0.00131785	0.000695321	0.00324763	0.00189991	0.0398977	0.643199	0.00184684	0.00120708
182	0.00308319	0.000857343	0.0105728	0.0165296	0.0143221	0.00426436	0.00716603	0.116628	0.000906	0.384402	0.0595596	0.00176242	0.00206717	0.00804361	0.0110971	0.0083042	0.053217	0.295293	0.000563921	0.00136075
183	0.275186	0.0230497	0.0180964	0.0128102	0.00508292	0.154315	0.00813556	0.00911525	0.00749519	0.0149117	0.00760278	0.0682854	0.0748975	0.00896319	0.00692068	0.230804	0.0357221	0.0276801	0.00302158	0.00790474
184	0.0201517	0.0117075	0.0235881	0.0130743	0.0568134	0.0115356	0.0338259	0.0359419	0.118285	0.0664098	0.00460704	0.0360299	0.00152954	0.0347724	0.465879	0.0291311	0.0141934	0.0096259	0.00351628	0.00938229
185	0.0331191	0.00227035	0.065655	0.235254	0.00357344	0.00396517	0.00299966	0.176692	0.00261738	0.0759271	0.0544066	0.0344354	0.0399888	0.0175999	0.0150637	0.00693343	0.0496506	0.163241	0.013882	0.00272507
186	0.00801884	0.0253679	0.00254153	0.016088	0.00298601	0.00340516	0.140721	0.00419366	0.0375414	0.0179435	0.00643565	0.658719	0.00194957	0.00383545	0.00264611	0.0299187	0.00666187	0.0267555	0.00185771	0.00241395
187	0.045239	0.000872426	0.340679	0.291926	0.00362552	0.00540434	0.013079	0.00286242	0.0327457	0.010456	0.00644606	0.055913	0.087676	0.0431991	0.0211478	0.0223985	0.00808139	0.00372321	0.00052041	0.00400422
188	0.169703	0.00129261	0.200029	0.29725	0.00796271	0.0726735	0.00806825	0.0025643	0.0213033	0.0229767	0.00159405	0.024549	0.00839154	0.0368318	0.0158018	0.0817798	0.00419204	0.00354087	0.00740317	0.0120924
189	0.0140413	0.00137288	0.000289111	0.000753373	0.0112714	0.00102806	0.000396242	0.290378	0.000933244	0.034786	0.0116527	0.00109458	0.0024878	0.00055041	0.00240403	0.00216684	0.0128345	0.609994	0.000853882	0.000712421
190	0.060632	0.0118053	0.0623887	0.069257	0.00976779	0.0268971	0.0227089	0.0144446	0.0231062	0.0157033	0.00907664	0.364955	0.0133478	0.0366795	0.016424	0.0881291	0.121151	0.0208683	0.00380062	0.00885781
191	0.0758297	0.00299842	0.113651	0.10587	0.00760407	0.253597	0.0219462	0.00800904	0.0583916	0.0173826	0.00562237	0.0874541	0.0103219	0.0637729	0.0395125	0.0625122	0.0290263	0.0153569	0.00923223	0.0119083
