410	20
1	0.180583	0.00108478	0.111987	0.23966	0.000453305	0.0302273	0.00430583	0.00700022	0.107991	0.00956301	0.00662396	0.0751337	0.00163371	0.0785789	0.0189143	0.0776468	0.0289219	0.0181481	0.000183801	0.00135964
2	0.0763215	0.00251434	0.012191	0.139036	0.00926174	0.00296936	0.00273651	0.00776018	0.177406	0.147316	0.0365861	0.0218416	0.000974682	0.21582	0.0781761	0.00905087	0.00887081	0.0437612	0.000683379	0.00672253
3	0.175762	0.00147627	0.0188194	0.00654389	0.00122947	0.686073	0.00172649	0.00559194	0.00570956	0.00655043	0.0047442	0.0148533	0.00084148	0.0115337	0.0157055	0.0270073	0.00499602	0.00700758	0.000506804	0.00332165
4	0.0377386	0.00711774	0.0424204	0.0388071	0.00543484	0.0145595	0.0125978	0.0100758	0.0370657	0.0468521	0.0141243	0.449423	0.00529323	0.0267772	0.0156154	0.0824845	0.127562	0.00979166	0.00164377	0.0146156
5	0.26894	0.00218167	0.0138331	0.11154	0.00309802	0.0503332	0.00660149	0.0210507	0.151052	0.012033	0.00636483	0.0202652	0.00524747	0.176851	0.0203755	0.101703	0.0145886	0.0100235	0.00125329	0.00266519
6	0.42586	0.0455862	0.00826996	0.0559117	0.0320992	0.0143627	0.0412436	0.0194938	0.0225599	0.0938731	0.00772644	0.0145198	0.00219165	0.0179347	0.0154578	0.0913936	0.0399654	0.0261019	0.00375915	0.0216891
7	0.067916	0.0137582	0.00206979	0.00919112	0.062444	0.0127228	0.0112233	0.161025	0.0187097	0.309015	0.117949	0.00752786	0.00319236	0.0169604	0.0133451	0.0187852	0.0235445	0.0992944	0.00422321	0.0271032
8	0.276745	0.00304194	0.00561922	0.0376803	0.00279074	0.0106765	0.0053283	0.0051068	0.123781	0.0207179	0.00427215	0.0323385	0.0017418	0.128874	0.0339118	0.260086	0.024546	0.0195234	0.000976836	0.00224141
9	0.422455	0.00400077	0.0356458	0.143336	0.00232895	0.0130436	0.00729287	0.0160647	0.0448389	0.010464	0.00474331	0.032614	0.00387358	0.0523959	0.0133272	0.143361	0.0264792	0.0215197	0.000438903	0.0017764
10	0.00723119	0.00137154	0.0231808	0.0577224	0.00117166	0.335143	0.0500827	0.00270778	0.141469	0.00419418	0.00901924	0.126054	0.000959623	0.0437778	0.113627	0.0596555	0.00377868	0.00286445	0.00795923	0.00802979
11	0.0179444	0.000708523	0.230301	0.0532808	0.00107172	0.00127785	0.0273924	0.00157295	0.278453	0.00271027	0.00599599	0.150325	0.000547832	0.0980994	0.114517	0.0107194	0.00213665	0.00167432	0.000338506	0.000932368
12	0.0104196	0.00844785	0.00321984	0.00235393	0.227034	0.00064103	0.0049059	0.00343969	0.00137209	0.0529525	0.00346738	0.000964478	0.00376087	0.00296536	0.00464097	0.00277285	0.0012681	0.00858451	0.000690956	0.656098
13	0.0139012	0.00110177	0.0582159	0.0241095	0.00111129	0.0212649	0.00142587	0.00184266	0.00676428	0.00314695	0.00224532	0.052247	0.000745149	0.00970822	0.00757085	0.272792	0.504897	0.0153678	0.000397355	0.00114608
14	0.0680199	0.000386332	0.141811	0.316956	0.000371212	0.00608129	0.0119308	0.00101235	0.15099	0.0049572	0.00161187	0.0372822	0.000242518	0.0832888	0.0354673	0.105494	0.0288696	0.00460289	0.000150129	0.00047436
15	0.797521	0.0120779	0.00144256	0.00464624	0.00097603	0.0564887	0.00148125	0.00457615	0.00980034	0.00789837	0.00334549	0.00228031	0.00283441	0.00237978	0.0046587	0.0725234	0.0077094	0.00629216	0.00037555	0.000692485
16	0.0111178	0.00255079	0.00102783	0.00271737	0.0088157	0.00154373	0.00581213	0.613432	0.00785331	0.10456	0.0216809	0.00624405	0.00125812	0.00381777	0.00487028	0.00322692	0.0149031	0.176755	0.000312408	0.00750045
17	0.212718	0.00100839	0.0864026	0.279228	0.000520986	0.0258001	0.00199307	0.00685361	0.102175	0.00748794	0.00412716	0.0613629	0.00132594	0.0629845	0.0162655	0.0635941	0.0383604	0.0264555	0.000137027	0.00119914
18	0.0925359	0.0259418	0.00131363	0.00509572	0.0105623	0.00884799	0.0205301	0.211103	0.0236222	0.316449	0.0198741	0.0107146	0.00281807	0.00729443	0.00838338	0.0175841	0.0329696	0.155225	0.000444332	0.0286903
19	0.0587684	0.00118965	0.448913	0.0592807	0.00289147	0.0282871	0.00823006	0.00525881	0.00655252	0.00525209	0.00258789	0.0626804	0.00588971	0.0456264	0.00455211	0.165817	0.0678244	0.00352797	0.000642109	0.0162286
20	0.045275	0.00270853	0.0150344	0.0326426	0.000511955	0.0177256	0.000711565	0.000919163	0.0258426	0.00476564	0.00230812	0.00636351	0.721017	0.012266	0.00743901	0.08093	0.00903776	0.0138359	0.000208273	0.00045754
21	0.0207953	0.00148911	0.248595	0.027048	0.00248205	0.00561073	0.027771	0.0138566	0.0139884	0.0174284	0.00446269	0.48547	0.00159301	0.0103597	0.00507001	0.0826082	0.0109686	0.0132195	0.000851504	0.00633204
22	0.111599	0.0136287	0.0473136	0.0434243	0.0171935	0.0757379	0.144815	0.0189458	0.0457781	0.0309405	0.0126475	0.104549	0.013339	0.038441	0.0261215	0.112025	0.0482615	0.0174296	0.00465141	0.073158
23	0.00753807	0.000837094	0.00113496	0.0026995	0.00630167	0.00091391	0.00510196	0.625807	0.00961293	0.0837913	0.0162567	0.00577031	0.00100047	0.00336719	0.0038951	0.00245076	0.0130645	0.205292	0.00023083	0.00493424
24	0.00766987	0.00376362	0.00193127	0.00289001	0.334282	0.00136072	0.00912684	0.0262158	0.00368037	0.174546	0.0381776	0.00612187	0.00948075	0.00306278	0.00270977	0.00378923	0.00414915	0.00429281	0.0337956	0.328954
25	0.0105555	0.00809588	0.0034219	0.00246869	0.227537	0.00059066	0.00494902	0.00310432	0.0013587	0.0494638	0.00311346	0.000960942	0.00453329	0.00316884	0.00454109	0.00294418	0.00119067	0.00837004	0.000311654	0.65932
26	0.146808	0.0133952	0.0384743	0.0514298	0.00869877	0.034266	0.0168473	0.0201586	0.0545708	0.0333228	0.0168193	0.0516459	0.020303	0.0509322	0.0242522	0.318176	0.0653046	0.0228366	0.00246804	0.00929045
27	0.0174931	0.00226414	0.15885	0.0258253	0.00343563	0.00611245	0.0239254	0.00819609	0.0190666	0.0228943	0.0065863	0.578683	0.00121105	0.0122269	0.00759015	0.0607533	0.0280094	0.00825457	0.00113369	0.00748857
28	0.055627	0.00815155	0.0103295	0.0375967	0.013641	0.0106529	0.0181344	0.0377159	0.124736	0.139917	0.0299088	0.0246592	0.00657821	0.0446444	0.319813	0.032132	0.0405261	0.0295691	0.00231176	0.0133551
29	0.298549	0.0146735	0.0258254	0.0397793	0.00619424	0.0438436	0.0127129	0.0195367	0.0473366	0.030267	0.0107418	0.031523	0.0147321	0.0447786	0.0190761	0.264521	0.0432501	0.0260909	0.00164828	0.00491948
30	0.234855	0.00246788	0.0199901	0.00998735	0.00134504	0.581941	0.00248089	0.00594395	0.00978329	0.00815979	0.00591906	0.022004	0.00359088	0.0160943	0.0170199	0.0398266	0.00674369	0.00772738	0.000696921	0.00342354
31	0.537426	0.0696271	0.00510334	0.018397	0.00858549	0.0135943	0.00641121	0.0408306	0.00841131	0.0209836	0.0030522	0.00725973	0.00184527	0.00225991	0.00198658	0.138545	0.0674856	0.0471251	0.000276626	0.000793946
32	0.00571546	0.0109955	0.00150499	0.00835083	0.117251	0.00125429	0.135036	0.00175806	0.0227425	0.0541923	0.00141727	0.0067533	0.00339574	0.00934622	0.00685716	0.00848084	0.009066	0.00182518	0.0267351	0.567322
33	0.444267	0.0280622	0.0096631	0.0195853	0.010865	0.0136492	0.0205227	0.0258017	0.0122701	0.0666016	0.00969274	0.0158392	0.00428885	0.00517958	0.00445871	0.12778	0.119034	0.058908	0.000937137	0.00259398
34	0.174261	0.00344578	0.0207218	0.0373467	0.00246119	0.0753531	0.0256324	0.00551076	0.082064	0.0107741	0.00886302	0.0339587	0.00369407	0.112979	0.0220259	0.354081	0.0119111	0.0109593	0.00122725	0.00273052
35	0.0640809	0.0132223	0.0319224	0.0425264	0.00552034	0.00542505	0.0055295	0.0798459	0.0814727	0.271014	0.0922042	0.0733815	0.00121569	0.0899846	0.0262174	0.0338031	0.0199817	0.0602115	0.000578835	0.00186253
36	0.00775347	0.0011733	0.0271599	0.0598401	0.00115291	0.32365	0.0532992	0.00261295	0.141816	0.00384197	0.00862634	0.130891	0.000947989	0.0433873	0.110514	0.0603143	0.00336251	0.00309231	0.00888875	0.00767531
37	0.017615	0.00068582	0.231392	0.0543213	0.000897861	0.00124068	0.0277682	0.00151399	0.276667	0.00251278	0.00595797	0.149334	0.000526953	0.100841	0.113408	0.0106765	0.00195092	0.00156476	0.000279779	0.000844936
38	0.0749375	0.000444328	0.226414	0.267533	0.00037439	0.0292457	0.00565783	0.00234847	0.118409	0.0182523	0.0101211	0.068032	0.000866531	0.0883456	0.0151885	0.0398871	0.0234431	0.00975983	0.00021426	0.000525255
39	0.804237	0.0131842	0.00171361	0.00538669	0.000971209	0.0560883	0.00127055	0.00482123	0.00248866	0.00692159	0.00306897	0.00270675	0.00239547	0.00195369	0.00115891	0.0771211	0.00731323	0.00654981	0.000182866	0.000466145
40	0.027304	0.0038604	0.000919343	0.00240595	0.01499	0.00206565	0.0423754	0.219549	0.0418996	0.44201	0.0190891	0.00313778	0.000662618	0.0105826	0.0120885	0.00563811	0.013923	0.091457	0.000870451	0.0451714
41	0.170901	0.000963525	0.125217	0.297233	0.000302251	0.0220839	0.00167647	0.00645849	0.113757	0.0107173	0.00420739	0.0581027	0.000893792	0.0690721	0.0134172	0.0495164	0.0347222	0.019298	0.000115227	0.00134519
42	0.0492521	0.00366063	0.398702	0.100831	0.00373938	0.0198957	0.0114008	0.00720137	0.024394	0.0096022	0.00594395	0.127901	0.00800829	0.038507	0.0082251	0.120643	0.0445024	0.00641883	0.000913242	0.010258
43	0.825932	0.0113119	0.000435871	0.00263686	0.000451382	0.0594013	0.000709735	0.00279524	0.00121829	0.00548644	0.00305888	0.00119268	0.00245407	0.00104125	0.000757763	0.0723133	0.00394562	0.00437441	0.000132576	0.000350688
44	0.0259253	0.00615591	0.0924611	0.259434	0.000591384	0.0162024	0.0121915	0.005673	0.114757	0.0153335	0.0143049	0.155718	0.000432862	0.109608	0.0466111	0.0519608	0.0496723	0.0162824	0.00178813	0.0048962
45	0.124262	0.000338214	0.0215391	0.153866	0.000961246	0.000834819	0.00860843	0.00890539	0.384007	0.020356	0.00893115	0.00167601	0.000350823	0.100435	0.106315	0.0264045	0.0226343	0.00820294	0.000758612	0.000613583
46	0.212935	0.405247	0.00338903	0.00611279	0.00219495	0.00418714	0.00322531	0.00588183	0.00731622	0.0088378	0.00398338	0.0052917	0.00139571	0.00551611	0.00495503	0.0330205	0.17748	0.105601	0.0010222	0.00240776
47	0.00413969	0.000858285	0.000869985	0.00232149	0.00570131	0.000786976	0.00561207	0.667529	0.00566916	0.0862623	0.0118222	0.00569574	0.000407976	0.00217434	0.00381582	0.00196378	0.0126877	0.176145	0.000252734	0.00528398
48	0.0667219	0.000381587	0.13774	0.319618	0.000378976	0.00556821	0.0124005	0.000893829	0.15216	0.00452044	0.00129866	0.0365392	0.000248619	0.0822808	0.0368396	0.10832	0.0291967	0.00429451	0.000143476	0.000455368
49	0.0248053	0.00257217	0.000810132	0.00146369	0.0096742	0.000869809	0.0449602	0.220579	0.0441743	0.464408	0.0136248	0.00283631	0.000304373	0.0092018	0.0119089	0.0041935	0.0125303	0.0886119	0.000165271	0.0423061
50	0.0243155	0.000441899	0.0102946	0.00328032	0.000476264	0.00621192	0.00908756	0.00828345	0.705952	0.0103227	0.0114636	0.036752	0.00033552	0.0202352	0.135521	0.0135972	0.00165102	0.000861372	0.000224576	0.000692607
51	0.0466392	0.00268394	0.0151138	0.0321967	0.000507406	0.0186144	0.00108981	0.000989263	0.0258367	0.00475841	0.00232566	0.00687431	0.717764	0.0122917	0.00744572	0.0811842	0.00899089	0.0139455	0.000208009	0.000540072
52	0.0587656	0.00119059	0.448723	0.0593084	0.00289387	0.0283446	0.00830394	0.00525822	0.00656837	0.00522682	0.00259016	0.0628064	0.00589007	0.0456316	0.00455727	0.165675	0.0678544	0.00353402	0.000646467	0.0162312
53	0.00969568	0.00186166	0.00284141	0.00520793	0.400664	0.00356003	0.00700689	0.0284716	0.00737597	0.161119	0.0395727	0.00915216	0.00987163	0.00501166	0.00426408	0.00582037	0.00897108	0.00517449	0.0876114	0.196747
54	0.38758	0.00234691	0.00355079	0.00600011	0.00245622	0.157298	0.0102212	0.00430975	0.00785049	0.00703208	0.00411451	0.00600345	0.154598	0.00768627	0.00501491	0.150524	0.0221516	0.0560417	0.00090373	0.00431591
55	0.0259564	0.000441035	0.0102872	0.00853766	0.000434857	0.00618106	0.00891375	0.0102631	0.692419	0.0137957	0.0110757	0.0271279	0.000461429	0.023142	0.139494	0.0136336	0.00424438	0.00298096	0.000197834	0.000412808
56	0.170427	0.00141425	0.0193902	0.00674517	0.00124649	0.690537	0.00131905	0.0055811	0.00546906	0.00605596	0.00468058	0.0150877	0.000995373	0.0110126	0.0163731	0.0282964	0.00481181	0.00647809	0.000519055	0.00355937
57	0.00576332	0.0111416	0.00157712	0.00840086	0.116287	0.00125469	0.135338	0.00186321	0.0224916	0.0541776	0.00144372	0.00679151	0.00332658	0.00930233	0.00683452	0.0084565	0.00908022	0.00184867	0.0277154	0.566906
58	0.0760361	0.00282017	0.0222221	0.0319367	0.00285278	0.282656	0.00415828	0.0451723	0.00871953	0.0764967	0.0189645	0.0518303	0.00225334	0.0440978	0.0190747	0.206017	0.0743562	0.0244784	0.000906466	0.00494981
59	0.0519516	0.00614095	0.0148922	0.0383423	0.00735742	0.0223612	0.0194783	0.0200345	0.155403	0.0541998	0.0167094	0.0269959	0.00920281	0.0471816	0.396693	0.0308024	0.0448834	0.0199104	0.00237971	0.0150797
60	0.0131382	0.00161492	0.00269663	0.0279189	0.00790127	0.00224732	0.0169649	0.081853	0.411105	0.180377	0.03098	0.00340389	0.00119471	0.0536494	0.0517344	0.004225	0.00711515	0.0932812	0.00708148	0.00151797
61	0.472571	0.0139618	0.00842731	0.0109456	0.00343666	0.299758	0.00356822	0.0104889	0.00779063	0.0144969	0.00658832	0.0092919	0.00675745	0.00901441	0.00708165	0.0604349	0.0321225	0.0201299	0.000673916	0.00245958
62	0.475113	0.0363306	0.017172	0.0210729	0.0177832	0.0138791	0.0225435	0.0234749	0.0124701	0.0499488	0.00594638	0.0258121	0.00353612	0.00736518	0.00412091	0.118843	0.101001	0.0408571	0.000657869	0.00207262
63	0.793581	0.0141893	0.000980669	0.00565818	0.00130893	0.0548686	0.00258064	0.00644968	0.00280404	0.00832664	0.00364372	0.00270808	0.00318678	0.00188692	0.00182021	0.0749559	0.00943921	0.0104573	0.000262128	0.000891982
64	0.0360278	0.0332237	0.0040745	0.090068	0.0704084	0.0027206	0.120486	0.00322874	0.0275084	0.327977	0.0156745	0.010631	0.000984485	0.0557116	0.0228651	0.0137038	0.00507584	0.00406694	0.00142634	0.154137
65	0.135883	0.00320832	0.0105722	0.0348009	0.0647064	0.014336	0.116789	0.0304377	0.0174119	0.0858203	0.0230889	0.00466836	0.00157606	0.0614091	0.0259675	0.0767378	0.0363992	0.124598	0.0137706	0.117819
66	0.127015	0.00524627	0.00826436	0.0494487	0.114646	0.189142	0.00840423	0.00888703	0.151899	0.0593341	0.0107172	0.0143616	0.00377688	0.0173522	0.0523736	0.0523439	0.0133651	0.0154058	0.00242045	0.0955972
67	0.0625126	0.00535633	0.00470821	0.0283806	0.0109803	0.00328787	0.00234201	0.0368605	0.0474463	0.420026	0.190548	0.00683451	0.00106719	0.0640521	0.0455036	0.0301477	0.0138581	0.022743	0.00125102	0.00209484
68	0.00706358	0.00136116	0.0193433	0.0529414	0.00130223	0.351585	0.0508004	0.00254365	0.132298	0.00408982	0.01042	0.120978	0.000947843	0.0386844	0.117057	0.0648928	0.00348756	0.00285644	0.00735015	0.00999809
69	0.0160393	0.00103803	0.20019	0.0617507	0.00131402	0.00182194	0.0500383	0.00331305	0.26232	0.00392803	0.00567379	0.11683	0.000799189	0.0968513	0.159355	0.011227	0.00322559	0.00246574	0.000519837	0.00129791
70	0.0632736	0.000427361	0.27294	0.375698	0.000474916	0.0276765	0.00269242	0.00236119	0.0691177	0.00925243	0.00366832	0.0328792	0.0114917	0.0699804	0.00597739	0.0272137	0.0198429	0.0044425	0.000179481	0.000409964
71	0.820521	0.0118174	0.000545371	0.0031491	0.000479669	0.0592225	0.000856276	0.00311008	0.00137585	0.00567341	0.00308682	0.00137132	0.00242672	0.00120462	0.000911991	0.0742982	0.00466488	0.00477267	0.000135716	0.000376514
72	0.115602	0.0374831	0.00406392	0.108775	0.0367552	0.0214315	0.0625882	0.222599	0.0529478	0.0785276	0.00502917	0.0296967	0.00155175	0.0082621	0.0542353	0.0260825	0.00679698	0.123293	0.001026	0.00325263
73	0.177756	0.0071334	0.107982	0.255846	0.00387474	0.0100569	0.0023019	0.0090863	0.106621	0.0317478	0.0202016	0.0318192	0.00104585	0.0558255	0.0161246	0.0681607	0.0567805	0.0234151	0.000694268	0.0135261
74	0.332756	0.0190644	0.0191868	0.0195541	0.00904238	0.0242149	0.00699925	0.015569	0.0129399	0.0244371	0.00706705	0.0324176	0.00590493	0.00506513	0.00478846	0.148681	0.239909	0.0700893	0.000512953	0.00180126
75	0.019056	0.0124262	0.00313839	0.00413236	0.226826	0.000924874	0.0068604	0.0032989	0.00447351	0.068995	0.00344684	0.00187478	0.00322772	0.00529471	0.00522104	0.00696368	0.00156504	0.00804609	0.000769059	0.613459
76	0.0501205	0.00218695	0.105221	0.281161	0.000772324	0.0141029	0.012753	0.00236437	0.142881	0.010827	0.00574477	0.0802832	0.000518916	0.0921146	0.0516922	0.0914515	0.0453741	0.00774177	0.000736905	0.00195131
77	0.0706683	0.000420429	0.133084	0.31454	0.000409424	0.00607549	0.0115335	0.00127266	0.161764	0.0054037	0.0016977	0.0346607	0.000282281	0.080074	0.0401208	0.101563	0.0312236	0.00449696	0.000190361	0.000520153
78	0.168731	0.00117014	0.0184179	0.00625961	0.00138068	0.699871	0.00138675	0.00503964	0.00542011	0.00551469	0.00403224	0.014779	0.000649803	0.0102629	0.0159531	0.0259457	0.00477951	0.00651126	0.000502635	0.00339294
79	0.0295729	0.00837976	0.00131904	0.0052653	0.0257375	0.00311868	0.0079326	0.146787	0.015181	0.433312	0.178007	0.00728748	0.00092908	0.015234	0.0131961	0.0151375	0.0134772	0.0674296	0.00211541	0.0105801
80	0.124837	0.000345076	0.0216749	0.154817	0.000941678	0.000737917	0.0086874	0.00894487	0.383754	0.0202585	0.00895125	0.0014173	0.000338759	0.100441	0.105755	0.0260273	0.0224962	0.00820756	0.000757803	0.000609918
81	0.0281966	0.00184071	0.000969256	0.00174687	0.011252	0.00115291	0.0602667	0.21968	0.0485402	0.421682	0.0102922	0.00253846	0.000401012	0.0130951	0.00957343	0.00606962	0.0150488	0.100121	0.000206525	0.0473257
82	0.0262781	0.016209	0.497368	0.265304	0.00956165	0.00335034	0.00186044	0.00326091	0.0162523	0.00406723	0.00929757	0.0947512	0.00243536	0.0153913	0.00315641	0.0201485	0.00616787	0.00316379	0.000560266	0.00141648
83	0.0226765	0.00188757	0.240057	0.0405204	0.00254903	0.0112562	0.0262075	0.00743101	0.0112979	0.0314498	0.00561787	0.451963	0.00223104	0.0112397	0.0045896	0.0911956	0.0131155	0.00777397	0.000741505	0.0161996
84	0.261571	0.00138252	0.0627891	0.122598	0.00176856	0.0520366	0.00617453	0.0286886	0.0543915	0.0218002	0.00710973	0.0100623	0.119348	0.0832713	0.0183428	0.0732042	0.0519846	0.0211757	0.00055821	0.00174249
85	0.233181	0.00785931	0.00399901	0.00794418	0.00515329	0.173907	0.0045499	0.0470241	0.00807112	0.0725437	0.11661	0.00620104	0.0186039	0.157347	0.0110202	0.0310423	0.0369002	0.0496893	0.00216731	0.00618623
86	0.0832056	0.13426	0.0092302	0.0170896	0.0128649	0.0123844	0.0109226	0.0320356	0.0205021	0.420803	0.0313408	0.100086	0.00371903	0.0262853	0.0137657	0.0239616	0.018718	0.0196936	0.00229923	0.00683224
87	0.0595921	0.000844239	0.0063532	0.0390313	0.00307431	0.0209431	0.00567264	0.00400218	0.341533	0.0293262	0.00424702	0.0360162	0.00247202	0.112546	0.159386	0.0889754	0.074695	0.00996174	0.000276977	0.00105135
88	0.0754105	0.000442537	0.145454	0.311115	0.000372884	0.00722846	0.0110812	0.00130875	0.14558	0.00555597	0.00205309	0.0396816	0.00027977	0.0821162	0.0332168	0.102576	0.029537	0.00626323	0.00015016	0.000576633
89	0.127042	0.00124825	0.0379907	0.0132417	0.00145545	0.616751	0.00223505	0.0149657	0.0096164	0.0118063	0.00798906	0.0220989	0.00111485	0.020336	0.0310153	0.0618088	0.00975133	0.00512427	0.000611246	0.00379712
90	0.025014	0.00300456	0.000952899	0.00222073	0.0123198	0.00101157	0.0418884	0.218141	0.0432355	0.453358	0.0198034	0.00305168	0.000419845	0.0101739	0.0129842	0.00459359	0.0125242	0.0923328	0.000425953	0.0425441
91	0.182902	0.00139751	0.0815721	0.174974	0.000444828	0.0367374	0.0113946	0.0030058	0.109198	0.00646288	0.0101386	0.0721199	0.00368739	0.0932338	0.0347293	0.142091	0.0214129	0.0125049	0.000134514	0.0018593
92	0.0659254	0.000438385	0.142492	0.316535	0.00039947	0.00624581	0.0127235	0.000996622	0.147317	0.00465533	0.00149935	0.0388564	0.00070501	0.0835924	0.0356721	0.107413	0.0293389	0.00450517	0.00016934	0.000518408
93	0.14285	0.0362048	0.00214922	0.00403366	0.00234327	0.00434689	0.00200916	0.132802	0.00552024	0.0741188	0.0247023	0.0189067	0.00767822	0.0039714	0.00342041	0.0234301	0.129007	0.378345	0.000513892	0.00364717
94	0.0759672	0.000522077	0.245677	0.254586	0.00044878	0.0364108	0.00346919	0.00288579	0.110252	0.0209802	0.0141893	0.0767062	0.00140576	0.090553	0.00960537	0.0234303	0.0212828	0.010717	0.000234422	0.000677125
95	0.0334692	0.00925399	0.00077753	0.00360045	0.0288988	0.00488673	0.00072614	0.096892	0.00716312	0.45718	0.23882	0.00835963	0.000389911	0.0131477	0.0123433	0.0180105	0.0118418	0.0502679	0.00337374	0.000597671
96	0.0202802	0.0169194	0.00143588	0.0248219	0.100816	0.0015658	0.00740011	0.198433	0.0147695	0.145423	0.144332	0.00793217	0.000567577	0.0452066	0.0268968	0.0177362	0.0224286	0.105156	0.0131611	0.0847186
97	0.218548	0.00246092	0.0157515	0.156389	0.00383096	0.0602998	0.0027573	0.0124567	0.0670454	0.0334326	0.0349581	0.0254487	0.00269384	0.0964541	0.0350722	0.0475465	0.126177	0.0552845	0.000736336	0.00265688
98	0.0232617	0.000355515	0.00860561	0.0025879	0.000590682	0.00597379	0.00910685	0.00955833	0.715646	0.0104324	0.0112184	0.0271304	0.000257537	0.0197766	0.139871	0.0127063	0.00130784	0.000761345	0.000189491	0.000662503
99	0.026592	0.00668188	0.00116605	0.00334382	0.0235867	0.00285853	0.00859626	0.186025	0.0153677	0.420259	0.157762	0.00547293	0.00144059	0.0108718	0.0116225	0.0109093	0.0120029	0.0842002	0.00151561	0.00972531
100	0.303808	0.00220586	0.0115747	0.0610397	0.00414296	0.0138163	0.00456679	0.00572185	0.123257	0.0220021	0.00668834	0.0499227	0.00333914	0.144725	0.0901478	0.100364	0.0367053	0.0133419	0.00107544	0.00155504
101	0.00986206	0.000887895	0.256832	0.0209518	0.00151708	0.00164138	0.0337696	0.00665486	0.0098668	0.01638	0.00246722	0.548662	0.000695012	0.00274141	0.00260996	0.0679763	0.00337027	0.00697682	0.000740716	0.0053974
102	0.0476362	0.00277682	0.015187	0.0319862	0.000591899	0.0174952	0.000809391	0.00102313	0.026335	0.00483812	0.00229116	0.00749587	0.714967	0.0131742	0.00815581	0.0812714	0.00919682	0.0140186	0.000215954	0.000534364
103	0.06002	0.000878836	0.00649012	0.0366712	0.00315696	0.0212435	0.00586794	0.00357556	0.337968	0.0271174	0.00413734	0.0379368	0.00242677	0.1123	0.162945	0.0902153	0.0766674	0.00928879	0.000200705	0.000892177
104	0.231257	0.0307012	0.00539593	0.0131293	0.0369747	0.0589949	0.00734086	0.0458187	0.0124998	0.18336	0.0282583	0.0103332	0.00617367	0.0102991	0.00728989	0.0432139	0.158552	0.0864187	0.00452101	0.019469
105	0.371286	0.0242442	0.00527679	0.0123255	0.016494	0.00600959	0.00502323	0.0065449	0.149903	0.011512	0.0142113	0.00872583	0.0023414	0.0236084	0.102792	0.197661	0.0105623	0.0269281	0.0013191	0.00323127
106	0.200991	0.00168516	0.059526	0.139344	0.00193371	0.082752	0.013154	0.0220794	0.0543088	0.023357	0.0137852	0.0183171	0.145877	0.0366401	0.0100749	0.0979825	0.0510856	0.0246639	0.000579165	0.00186279
107	0.00457308	0.000961674	0.00148047	0.00264228	0.370563	0.00159311	0.00732067	0.0352124	0.00320478	0.211215	0.0518167	0.0079772	0.0121364	0.00256749	0.00204176	0.00297638	0.00499175	0.00274878	0.0448998	0.229077
108	0.0318706	0.008898	0.00102704	0.00389384	0.0300194	0.00305896	0.000624839	0.0987079	0.0080827	0.458326	0.235983	0.00590333	0.000392945	0.0144974	0.0133659	0.0176861	0.012577	0.0511419	0.002483	0.00146104
109	0.187098	0.00185958	0.0597262	0.0895537	0.000789391	0.0651769	0.0132874	0.00271981	0.100828	0.00887293	0.0140701	0.0949278	0.00661278	0.102544	0.0405709	0.177943	0.0199082	0.0108101	0.000218576	0.00248298
110	0.102198	0.0132504	0.0255281	0.0684336	0.00341919	0.0541372	0.00804171	0.00568075	0.140428	0.00962469	0.00990811	0.0823428	0.026537	0.139917	0.0654625	0.169031	0.0417907	0.0213433	0.000744414	0.0121829
111	0.021891	0.00472458	0.241949	0.025704	0.007248	0.00463142	0.0495169	0.00805166	0.0181769	0.0330748	0.00663286	0.468587	0.00138834	0.00888493	0.00664488	0.0607367	0.00813778	0.00777247	0.00323098	0.0130155
112	0.0279412	0.00420833	0.0379796	0.014692	0.00512465	0.00769939	0.00580463	0.00838367	0.161143	0.0140427	0.0105124	0.0127989	0.374655	0.165688	0.0113847	0.0199987	0.0425082	0.0694739	0.00159952	0.00436102
113	0.0272401	0.00105863	0.0180246	0.010848	0.000756881	0.00693029	0.0118784	0.00890464	0.613864	0.0155722	0.00974365	0.037606	0.00142303	0.0275956	0.175016	0.0182243	0.0103098	0.00310553	0.000321862	0.00157633
114	0.0330415	0.00225589	0.00311873	0.0065495	0.0521366	0.00768622	0.00166923	0.327212	0.0162267	0.122439	0.132325	0.00959518	0.0117413	0.0175546	0.0065774	0.00467542	0.0251149	0.212577	0.00106564	0.00643956
115	0.031071	0.00907104	0.000647343	0.0038196	0.0304581	0.00316875	0.000581886	0.0997434	0.00719601	0.462491	0.236844	0.00574714	0.000313108	0.0132213	0.0131233	0.0172523	0.0118397	0.0489517	0.00264288	0.00181663
116	0.0682958	0.00239646	0.0282072	0.0374698	0.0025447	0.314641	0.00305215	0.0447858	0.00800499	0.0690007	0.0202423	0.0522695	0.00171482	0.0398123	0.0229614	0.194485	0.0688648	0.0162573	0.000744812	0.00424905
117	0.20538	0.00597988	0.00780052	0.0535623	0.0370002	0.0131836	0.00841423	0.0122904	0.0659433	0.147528	0.0349285	0.00752738	0.00291215	0.021893	0.0123775	0.0232616	0.0426868	0.25309	0.00263012	0.0416107
118	0.0316601	0.0088922	0.000595774	0.0035817	0.0277653	0.0030696	0.00047901	0.0967602	0.00700257	0.469705	0.239435	0.00557438	0.000312705	0.012841	0.0130988	0.0175146	0.0118599	0.0470069	0.00243831	0.000407534
119	0.031896	0.00927346	0.000661415	0.00380784	0.0273374	0.00313831	0.000571277	0.0941713	0.00706028	0.4652	0.243968	0.00573496	0.000314344	0.0132382	0.013109	0.01954	0.0123542	0.0457532	0.00242418	0.000446981
120	0.112949	0.0010157	0.0411506	0.0135491	0.00108988	0.645908	0.00194406	0.0104132	0.0104231	0.00945136	0.00847704	0.0251682	0.000843466	0.0225459	0.0261098	0.0525276	0.00835213	0.00427183	0.000561431	0.00324815
121	0.0351167	0.00164631	0.00328427	0.0061111	0.0486216	0.0080025	0.0016912	0.328992	0.0169049	0.120785	0.13214	0.00986022	0.012573	0.0171685	0.00636843	0.00480608	0.0256216	0.216822	0.000452437	0.0030318
122	0.0263086	0.000501089	0.00970017	0.00917631	0.000954918	0.00693524	0.00899568	0.00963265	0.690597	0.0150637	0.0110889	0.0265558	0.000518683	0.0232578	0.139345	0.0142141	0.00421139	0.00213499	0.000243386	0.000564694
123	0.070764	0.000996618	0.226904	0.250484	0.000441113	0.0333757	0.00435534	0.00257801	0.11661	0.0218141	0.0147704	0.0874206	0.000703421	0.0943946	0.0135976	0.0242587	0.0237484	0.0112281	0.000417393	0.00113731
124	0.0639079	0.0152933	0.00410073	0.0957666	0.0341794	0.00346349	0.00367983	0.0268222	0.146437	0.359781	0.0325018	0.007468	0.00127665	0.0882727	0.0649328	0.0101558	0.0227625	0.0105935	0.000892324	0.00771227
125	0.164612	0.00126298	0.0205249	0.00775117	0.00121054	0.68887	0.00162101	0.00615026	0.00642564	0.00611016	0.00464655	0.0156945	0.001418	0.012042	0.0167196	0.0284022	0.00550923	0.00685213	0.00060679	0.00357087
126	0.0364426	0.00757558	0.0300733	0.028965	0.00506212	0.0133903	0.0083525	0.00911432	0.0289301	0.0468711	0.0161128	0.417125	0.00445981	0.0212435	0.0126503	0.0950638	0.192186	0.0108935	0.00129166	0.0141969
127	0.182937	0.00157993	0.107633	0.339698	0.000940274	0.0134874	0.00139038	0.00608151	0.0963448	0.00996516	0.00419832	0.0419055	0.00103046	0.057394	0.0128603	0.0544832	0.0410913	0.024436	0.000135713	0.00240791
128	0.125924	0.0421735	0.0037379	0.0418368	0.200008	0.00351669	0.0271341	0.00396718	0.0270535	0.249004	0.00509878	0.0242864	0.00133018	0.0466308	0.0203308	0.0642611	0.00546347	0.00406791	0.00132179	0.102852
129	0.0102062	0.00810862	0.0031616	0.0028772	0.228804	0.00118659	0.00897149	0.00461569	0.002625	0.0570952	0.00521297	0.0015914	0.00450712	0.0035094	0.00481488	0.0031885	0.00167976	0.00811201	0.00356227	0.63617
130	0.0576717	0.00197903	0.0100111	0.0267233	0.00534139	0.00955397	0.00709902	0.012828	0.490375	0.0732848	0.0122229	0.0272809	0.00222774	0.0393044	0.146808	0.0416444	0.0227373	0.00882578	0.000761856	0.00331963
131	0.158244	0.00128553	0.00405612	0.0376583	0.00337572	0.0151857	0.00508729	0.00394241	0.184534	0.0162151	0.00650989	0.0662122	0.00161291	0.212168	0.119438	0.0976883	0.052888	0.0118705	0.000463497	0.00156335
132	0.0221773	0.000585109	0.00844659	0.00252522	0.000456976	0.00589292	0.0115156	0.00916542	0.706705	0.010518	0.0106517	0.0274203	0.000348915	0.0187843	0.149983	0.0118556	0.00123815	0.000870579	0.000174574	0.000685348
133	0.0185954	0.00228995	0.16397	0.118969	0.00129828	0.00550397	0.0150563	0.00306931	0.238505	0.00709005	0.00772058	0.200195	0.000574989	0.106923	0.062074	0.0262141	0.0125891	0.0062695	0.000870422	0.00222164
134	0.0118076	0.00475138	0.00164432	0.00586909	0.34486	0.00183081	0.0121959	0.0329648	0.00639557	0.209955	0.0450212	0.00798369	0.0104622	0.0057625	0.00325524	0.00598939	0.00494921	0.00444882	0.0384034	0.24145
135	0.0519298	0.00150037	0.317452	0.384733	0.00141098	0.0235453	0.00251438	0.0024805	0.0484711	0.00558398	0.00210137	0.0270074	0.0172513	0.0631318	0.00348067	0.0278116	0.0165661	0.00223864	0.000264684	0.000525529
136	0.201334	0.00117601	0.0892705	0.306774	0.00071562	0.0191537	0.00104599	0.00751915	0.1019	0.0084442	0.0038574	0.0555559	0.00100592	0.0592389	0.0138147	0.0535994	0.0432446	0.0306731	0.000150362	0.0015264
137	0.786809	0.0133462	0.00192487	0.00713923	0.00160882	0.0543715	0.00279269	0.00538595	0.00484046	0.008894	0.00387306	0.00335975	0.00268546	0.00272422	0.00262166	0.0773213	0.0113415	0.00796754	0.000178363	0.000814019
138	0.0132787	0.00204706	0.000765321	0.00184153	0.0066031	0.000854217	0.0214602	0.445323	0.0216793	0.282107	0.0157877	0.00461508	0.000421545	0.00442802	0.00821203	0.00248243	0.0104704	0.136837	0.000197185	0.0205899
139	0.172599	0.00182617	0.0454266	0.335711	0.00188096	0.0314473	0.00187433	0.00625308	0.120496	0.0223761	0.00455217	0.0236567	0.0102008	0.0920944	0.00928621	0.0438868	0.0424019	0.0316037	0.000620852	0.00180597
140	0.0712424	0.0796607	0.029304	0.0491451	0.0834213	0.00639274	0.159015	0.00603822	0.080062	0.0696341	0.0083217	0.123424	0.00152992	0.042952	0.018465	0.0186373	0.00656015	0.00562633	0.0219575	0.11861
141	0.0104314	0.00833053	0.00313378	0.00337538	0.210226	0.000967829	0.0235293	0.00367423	0.00478715	0.0546832	0.00367975	0.00210155	0.00501174	0.00467892	0.00488036	0.00402499	0.00301667	0.00737436	0.00490261	0.637191
142	0.0383079	0.00161357	0.17321	0.0995268	0.00993354	0.0391779	0.0179131	0.00493226	0.0368294	0.0110901	0.00252306	0.179823	0.00433948	0.0573646	0.0228923	0.153722	0.132084	0.0065679	0.000446815	0.00770232
143	0.124837	0.000345076	0.0216749	0.154817	0.000941678	0.000737917	0.0086874	0.00894487	0.383754	0.0202585	0.00895125	0.0014173	0.000338759	0.100441	0.105755	0.0260273	0.0224962	0.00820756	0.000757803	0.000609918
144	0.808316	0.0112002	0.000872639	0.00320568	0.000667912	0.0669058	0.00118246	0.00343855	0.00151181	0.00631208	0.00312583	0.00169325	0.00493126	0.00140543	0.0012737	0.0727294	0.00471794	0.00578208	0.00013309	0.000594709
145	0.0203987	0.0168853	0.00156169	0.024714	0.0999397	0.00149552	0.00739971	0.201082	0.0150129	0.143316	0.142802	0.00785395	0.000588692	0.045859	0.0263665	0.018083	0.0229639	0.105515	0.0138897	0.084273
146	0.0524051	0.000374022	0.103055	0.622029	0.000522823	0.00176952	0.000791136	0.00954582	0.0439035	0.00991246	0.00251873	0.00642338	0.00136563	0.069441	0.0129265	0.0275753	0.0155731	0.0193189	0.000152473	0.000396612
147	0.026937	0.00207564	0.0016251	0.00331075	0.0264822	0.0017403	0.0540109	0.184448	0.055987	0.483905	0.0156864	0.00336331	0.00103423	0.00912794	0.00894048	0.00559642	0.0272314	0.0594859	0.000441751	0.0285711
148	0.0402346	0.0607831	0.0781787	0.0443344	0.078205	0.00653105	0.155273	0.00709283	0.0548345	0.0444232	0.0100977	0.153394	0.00193555	0.042131	0.0163445	0.0167895	0.00732614	0.00617461	0.0161202	0.159796
149	0.0571852	0.00257087	0.0303768	0.0254093	0.00153354	0.0276419	0.00208184	0.00265946	0.0344438	0.00616483	0.00384659	0.0531354	0.602918	0.0183124	0.00758881	0.102163	0.00903201	0.0112551	0.00051965	0.00116216
150	0.0457985	0.00327842	0.094212	0.132966	0.00662426	0.0408031	0.0120834	0.00361003	0.0728222	0.0167014	0.00651225	0.197895	0.00195713	0.0795509	0.0353726	0.119914	0.114309	0.0121315	0.000594585	0.00286466
151	0.018087	0.00984111	0.399438	0.165158	0.00568867	0.00325806	0.0136628	0.00394892	0.0169312	0.00891025	0.00693089	0.272755	0.00132537	0.0126269	0.00413308	0.0431249	0.00604247	0.00410538	0.000849793	0.00318221
152	0.0358754	0.00189993	0.00313828	0.0061871	0.045679	0.00728986	0.00208109	0.329421	0.0172458	0.121336	0.133789	0.00951314	0.0110452	0.0172154	0.00738106	0.00676678	0.0273755	0.212485	0.000612048	0.00366368
153	0.136854	0.0209353	0.00305617	0.0087956	0.00817972	0.00870428	0.00542378	0.0875922	0.0133302	0.161713	0.0738564	0.0114436	0.00268162	0.0145513	0.0135053	0.0980521	0.162362	0.162577	0.00143807	0.00494768
154	0.0105306	0.00849613	0.00327693	0.00228709	0.226361	0.000627335	0.0044189	0.00319699	0.00131609	0.0518476	0.00321361	0.000901208	0.00354571	0.00290518	0.00466649	0.00269928	0.0011696	0.00867321	0.000295776	0.659571
155	0.0245106	0.00254671	0.000819769	0.00147493	0.00967732	0.000858433	0.0448361	0.219527	0.044502	0.466428	0.0139202	0.00268137	0.000315466	0.00914157	0.0120689	0.00413042	0.0123803	0.0878376	0.000162429	0.0421809
156	0.0216664	0.00411837	0.00500232	0.00917413	0.00379931	0.0070304	0.0083691	0.0106045	0.0243272	0.103658	0.0259718	0.390203	0.0071936	0.008943	0.00710544	0.127658	0.197815	0.00689841	0.00100194	0.0294612
157	0.015918	0.00215057	0.15661	0.0230864	0.00224967	0.00640155	0.0245027	0.00794701	0.0168727	0.0220787	0.00477899	0.596288	0.00174468	0.008311	0.00611723	0.0618703	0.0278215	0.00752443	0.0009639	0.0067632
158	0.0125391	0.00139366	0.00229119	0.0265173	0.00804855	0.00212229	0.0151363	0.0883793	0.408236	0.183624	0.0300015	0.00296699	0.00105057	0.0561388	0.0523327	0.00403533	0.00724447	0.0892932	0.00736293	0.00128622
159	0.728083	0.0205628	0.00267973	0.0123098	0.00241344	0.0492944	0.00305114	0.0122704	0.00521868	0.00988461	0.00356746	0.00390602	0.00322837	0.00354654	0.00198772	0.10405	0.019606	0.0135573	0.000221999	0.000559891
160	0.601453	0.0375668	0.00664228	0.0162463	0.00651085	0.0308426	0.00849782	0.0218546	0.0133708	0.0226576	0.00703964	0.0118776	0.00453508	0.00868696	0.00699544	0.0939279	0.0621811	0.0347941	0.000721219	0.00359881
161	0.289328	0.126455	0.00412349	0.00924451	0.00566326	0.00984447	0.00343646	0.0677861	0.00688283	0.0508792	0.0113975	0.0116184	0.00378722	0.00377261	0.00321018	0.0550558	0.119126	0.214906	0.000529615	0.00295298
162	0.00707552	0.0127698	0.00217958	0.0138725	0.122623	0.00127723	0.136951	0.00166103	0.0258765	0.060305	0.00215524	0.00998417	0.00348821	0.0116689	0.00877801	0.00830551	0.00868751	0.00201178	0.0240646	0.536264
163	0.00490661	0.00155841	0.00151742	0.00353049	0.361751	0.00155088	0.00741952	0.0423834	0.00350983	0.208965	0.0548617	0.00785102	0.0115882	0.00404771	0.00279659	0.00345191	0.00532109	0.00657311	0.0430583	0.223357
164	0.0945952	0.00239682	0.112691	0.271626	0.00183342	0.0349034	0.00636326	0.00698932	0.11897	0.0172805	0.00906936	0.066262	0.00397051	0.0924962	0.0302175	0.0566357	0.0519983	0.018414	0.000799404	0.00248724
165	0.0458779	0.00210817	0.00482537	0.0504037	0.00460007	0.00362894	0.0032834	0.0148024	0.157863	0.124722	0.207791	0.00665786	0.00125043	0.256222	0.0639183	0.0192442	0.0186567	0.0088298	0.000806828	0.00450805
166	0.165279	0.000928825	0.11435	0.271221	0.000713672	0.0403783	0.00266856	0.00619395	0.1277	0.0105154	0.00548066	0.0598652	0.00424182	0.0669711	0.0157752	0.048964	0.0373777	0.0199748	0.000289167	0.001112
167	0.0670175	0.00120822	0.219849	0.245096	0.000535319	0.0315622	0.00480832	0.00278624	0.124048	0.0220103	0.015196	0.0956537	0.000444322	0.0955705	0.0144388	0.0239479	0.0227809	0.0110685	0.000559191	0.00141812
168	0.00995182	0.00785984	0.00314876	0.00228348	0.235033	0.000663807	0.00452486	0.00607085	0.00138795	0.064279	0.00657131	0.0013169	0.00393482	0.00279908	0.00448196	0.00266707	0.0014139	0.0087561	0.00289238	0.629963
169	0.0472354	0.00220307	0.352245	0.348384	0.00152	0.0186257	0.00270797	0.00227235	0.049109	0.0057658	0.00369758	0.0380808	0.0105705	0.0703639	0.00381735	0.0212012	0.018847	0.00260935	0.000229623	0.000513816
170	0.0958778	0.000544571	0.131962	0.328146	0.000321001	0.0118882	0.00779735	0.00218874	0.145287	0.00772153	0.0019594	0.0388155	0.000674467	0.0727978	0.0307851	0.0808148	0.0330952	0.00831403	0.000184626	0.000823833
171	0.315504	0.311581	0.00411861	0.00911515	0.00414757	0.00595024	0.00421268	0.0129663	0.00719703	0.0109239	0.00365094	0.00613523	0.00181287	0.00376484	0.00356695	0.0652336	0.149207	0.0785538	0.000676589	0.0016817
172	0.0198458	0.00356363	0.00332152	0.0116698	0.0310987	0.00372978	0.00354818	0.42545	0.0195336	0.111915	0.0817084	0.00841619	0.00440765	0.0179078	0.0130974	0.00677807	0.017937	0.199595	0.00176157	0.0147148
173	0.164956	0.000741409	0.103057	0.338238	0.000341958	0.0138024	0.00283109	0.00502469	0.117169	0.00691293	0.00192375	0.0476777	0.000919837	0.0658939	0.0164972	0.0602632	0.032921	0.0197665	0.000131883	0.000930136
174	0.147627	0.00418287	0.0635102	0.215351	0.0125466	0.0217503	0.00257988	0.0329844	0.0815859	0.0739366	0.0333322	0.0171435	0.00205935	0.0599166	0.0213693	0.0597382	0.099423	0.0431573	0.000837256	0.0069694
175	0.20061	0.104886	0.00276466	0.00955902	0.0144101	0.0249815	0.00530135	0.138214	0.00911144	0.150483	0.0283629	0.0149972	0.00347916	0.00996885	0.00602256	0.0422244	0.0645086	0.161012	0.00136788	0.00773629
176	0.0345457	0.00467906	0.12622	0.2664	0.000631089	0.0177837	0.0113779	0.00435049	0.109747	0.0188471	0.015338	0.134065	0.000420446	0.103792	0.0400341	0.0447142	0.0481679	0.0131057	0.00165636	0.00412453
177	0.0344128	0.00439476	0.073873	0.205173	0.00126632	0.0102927	0.0160011	0.00514345	0.219726	0.0235256	0.0195047	0.113578	0.000726308	0.0972426	0.057708	0.0421529	0.0486905	0.0118153	0.00580073	0.00897215
178	0.824606	0.0112396	0.000459809	0.00276512	0.000529576	0.0601162	0.000707169	0.0029504	0.00125696	0.00581265	0.00305425	0.00132822	0.00244295	0.00118844	0.000785143	0.0718502	0.0040245	0.00439797	0.000132163	0.000352376
179	0.00512049	0.00131779	0.000864827	0.00259374	0.00768419	0.000899328	0.00496402	0.64304	0.00666406	0.0916542	0.0163006	0.00623039	0.000615333	0.00276501	0.00454957	0.0017154	0.0103597	0.185423	0.000173911	0.00706488
180	0.0562657	0.000935505	0.304015	0.361913	0.000868	0.0242151	0.00283703	0.00250523	0.0623299	0.00814425	0.00380818	0.0368627	0.0109434	0.0701029	0.00485196	0.0241264	0.0208848	0.00379091	0.000175721	0.000424196
181	0.0198811	0.00323932	0.00669613	0.127603	0.0043289	0.00662117	0.0614618	0.0826404	0.159772	0.0128857	0.00616368	0.0321004	0.00233061	0.0648463	0.0611005	0.0123296	0.0355907	0.245921	0.00140887	0.053079
182	0.178304	0.00490381	0.0167792	0.0214354	0.0147638	0.372285	0.0116879	0.0130896	0.0322727	0.0557886	0.0109453	0.048103	0.00362175	0.0231453	0.0783132	0.0378264	0.0156651	0.0127445	0.00224916	0.0460766
183	0.0421535	0.00229024	0.00455835	0.0456794	0.00338705	0.00533431	0.00497303	0.034075	0.147453	0.0135194	0.0445588	0.0219505	0.00229917	0.165818	0.304226	0.030138	0.0354045	0.0105874	0.00105779	0.0805366
184	0.117956	0.000689213	0.112182	0.459709	0.000566362	0.00874334	0.00177889	0.00708734	0.074349	0.0083676	0.00273647	0.0306273	0.00133241	0.0606783	0.0135834	0.048021	0.0259231	0.0246115	0.00013088	0.000926066
185	0.0581021	0.0584925	0.00435207	0.0168607	0.0199851	0.0167291	0.0255194	0.141832	0.0212058	0.19091	0.138434	0.139652	0.00113652	0.070541	0.004367	0.0441127	0.0129214	0.0323051	0.000648729	0.00189343
186	0.0214998	0.00885047	0.00661379	0.0125898	0.0329697	0.0597851	0.251919	0.0412745	0.11397	0.0416544	0.0327576	0.0354401	0.00248454	0.0205738	0.215934	0.0132064	0.0388218	0.00768069	0.00201644	0.0399584
187	0.532795	0.0519695	0.00600306	0.0208468	0.0114195	0.0174865	0.00793323	0.0393354	0.0107669	0.0261142	0.00361938	0.00917383	0.00236935	0.00243202	0.00207533	0.131675	0.0730549	0.049281	0.000299478	0.00134906
188	0.0909742	0.0017265	0.259226	0.166103	0.00275632	0.0496443	0.0129812	0.010248	0.0350108	0.0119975	0.00572049	0.048709	0.0584555	0.0477316	0.00804721	0.109138	0.0624475	0.00947056	0.000658912	0.00895317
189	0.0104747	0.00817762	0.00345261	0.00242275	0.227601	0.000611793	0.0048183	0.00310368	0.00134049	0.0500387	0.00311212	0.000926475	0.00419406	0.00311613	0.00457013	0.00289275	0.00118112	0.00844837	0.000308424	0.659209
190	0.0843361	0.00476377	0.0130511	0.0784523	0.00524985	0.0185532	0.00634128	0.0283216	0.202305	0.0294437	0.00904004	0.0259169	0.0349665	0.0790368	0.140935	0.0875912	0.12629	0.0189197	0.00130599	0.00518076
