357	20
1	0.0139794	0.000842357	0.00741487	0.0253014	0.00222451	0.00437014	0.00839384	0.0143282	0.518652	0.00800269	0.0237847	0.0257501	0.0075892	0.0304955	0.230204	0.0370006	0.0233834	0.0173724	0.000309496	0.000600898
2	0.0363238	0.000965569	0.243656	0.461158	0.00146231	0.0258674	0.00751316	0.00580982	0.0462529	0.0171965	0.00232439	0.0384705	0.00324383	0.0418313	0.00730318	0.02113	0.00787877	0.0274397	0.00103052	0.00314312
3	0.036504	0.00100778	0.243884	0.459627	0.00147676	0.0260095	0.00754024	0.00577603	0.0462515	0.01713	0.00236842	0.0386241	0.00334411	0.0416652	0.00731881	0.0216759	0.00812928	0.0273832	0.00102984	0.00325371
4	0.584676	0.0302753	0.00927625	0.0106638	0.00748924	0.0266585	0.00989753	0.0115869	0.0109728	0.021925	0.00953822	0.00806083	0.0184282	0.00618114	0.0116962	0.120472	0.0376264	0.0530343	0.00120549	0.010335
5	0.0819692	0.0207923	0.00352159	0.020036	0.0453445	0.00658672	0.00392342	0.165325	0.0252257	0.130542	0.0312826	0.0162736	0.0118142	0.0141555	0.0192037	0.0578093	0.0838809	0.250756	0.00159456	0.00996292
6	0.0123267	0.0128069	0.00785761	0.0202671	0.00285213	0.0138823	0.0173978	0.0140468	0.42763	0.0112391	0.0237253	0.0224822	0.00640117	0.0514142	0.277824	0.0318686	0.0222371	0.0147069	0.00556507	0.00346873
7	0.553541	0.0330378	0.00406269	0.00803858	0.0139954	0.0162651	0.00591869	0.0433893	0.00829264	0.0452268	0.0113143	0.00606687	0.00507828	0.00431127	0.0111932	0.0698899	0.0387973	0.112679	0.00124978	0.00765154
8	0.0128681	0.000868253	0.00674303	0.0232762	0.00187579	0.00439751	0.00907852	0.0135186	0.534301	0.00772781	0.024142	0.0267179	0.00711681	0.0312314	0.223351	0.0357915	0.0211314	0.0149451	0.000333207	0.000585284
9	0.0403961	0.00185589	0.246323	0.425954	0.00162271	0.031782	0.00893034	0.00580188	0.0475614	0.0157935	0.00279542	0.0436416	0.00506878	0.0414421	0.00905505	0.027051	0.0123906	0.0265105	0.00112993	0.00489348
10	0.0317895	0.00334085	0.00618863	0.00595072	0.0314214	0.00546465	0.0106463	0.21621	0.0123458	0.297359	0.0999897	0.0204818	0.00664176	0.0121512	0.00897618	0.0195094	0.0578908	0.150697	0.000482582	0.00246175
11	0.542576	0.0287292	0.0131984	0.0105848	0.00624723	0.0252651	0.0101291	0.00927602	0.0105268	0.0214193	0.00834178	0.0122242	0.0196751	0.00526157	0.0140395	0.155586	0.0446444	0.0517225	0.000602385	0.00995033
12	0.0528457	0.0124613	0.0585769	0.178943	0.0166593	0.0198398	0.0140788	0.0530581	0.0909789	0.100496	0.0296535	0.0226606	0.0140073	0.0325072	0.0411292	0.0462416	0.0461895	0.152827	0.00540353	0.0114426
13	0.0258285	0.00341015	0.0114824	0.0311481	0.00364208	0.0187404	0.0136769	0.0120353	0.42852	0.0120634	0.0203498	0.0401648	0.00726058	0.0414128	0.222611	0.0535167	0.0382516	0.0141437	0.000548046	0.00119308
14	0.0131921	0.00149009	0.0072139	0.023283	0.00220586	0.00535986	0.00982871	0.0136326	0.518692	0.0104226	0.0250626	0.0264884	0.00696702	0.0333963	0.226084	0.0369966	0.0217203	0.0163518	0.000792774	0.0008196
15	0.0153632	0.0185856	0.00358723	0.00234553	0.281335	0.00233879	0.0138829	0.128115	0.00429796	0.220792	0.0520866	0.00195017	0.00508455	0.00220952	0.00865329	0.0259777	0.00867408	0.107204	0.00859352	0.0889237
16	0.0130664	0.0277557	0.0112585	0.0161443	0.00310443	0.0395442	0.0351011	0.0104197	0.268237	0.0158937	0.0210905	0.027555	0.00428673	0.0872365	0.33686	0.0294585	0.0255101	0.00880199	0.0114122	0.00726285
17	0.0147218	0.00786689	0.592407	0.0473369	0.00194344	0.00982976	0.0122695	0.0122847	0.00886337	0.00812659	0.00244074	0.202636	0.01061	0.00737978	0.00819164	0.0324165	0.00913135	0.0046029	0.000716225	0.006225
18	0.0147682	0.0184492	0.00357941	0.00225027	0.288781	0.00169167	0.0126066	0.133512	0.00381606	0.216261	0.0461548	0.00177252	0.0046848	0.00191884	0.008505	0.0254221	0.0086121	0.111078	0.00832806	0.0878083
19	0.127208	0.00698081	0.00832809	0.0400059	0.0080987	0.0300423	0.00463622	0.0757303	0.0740414	0.0921953	0.0553005	0.0253924	0.0509637	0.0196002	0.0355148	0.0547837	0.118001	0.163388	0.00182776	0.00796169
20	0.136025	0.0125072	0.0488348	0.0442421	0.00707117	0.288122	0.0265414	0.024775	0.0459058	0.0136684	0.00902548	0.0293381	0.0129272	0.0114974	0.0422892	0.177801	0.0377853	0.0218335	0.00208316	0.00772702
21	0.601074	0.0421271	0.00766971	0.00739235	0.00684926	0.0234542	0.00883818	0.00788309	0.00888364	0.0199155	0.00712091	0.00962303	0.00666696	0.00519552	0.0132878	0.117503	0.0391847	0.0557899	0.00076995	0.0107709
22	0.0104846	0.0430801	0.0095659	0.0144777	0.00462961	0.0300192	0.0565034	0.0103502	0.187346	0.0288808	0.0172682	0.0169381	0.00341439	0.116713	0.363822	0.0219375	0.0228875	0.0106014	0.0166559	0.0144238
23	0.0128156	0.00102039	0.0069485	0.0238053	0.0018151	0.00498937	0.0097284	0.0136281	0.528327	0.00773741	0.0240205	0.0278044	0.00706609	0.0324867	0.224701	0.0360174	0.0214128	0.0147174	0.000369833	0.000588245
24	0.0118749	0.0268697	0.00421317	0.00264053	0.273929	0.00359464	0.0362917	0.102147	0.00437706	0.204117	0.0364569	0.00404514	0.00404563	0.0062883	0.0159662	0.0357107	0.00830098	0.0853134	0.0292436	0.104574
25	0.144207	0.029097	0.00538478	0.0191393	0.0530902	0.0114405	0.00481211	0.159173	0.0203296	0.106131	0.0239801	0.0122905	0.0115335	0.00943393	0.0171201	0.0519705	0.0692549	0.234653	0.00243073	0.0145279
26	0.020636	0.00156154	0.00229463	0.0029002	0.0291151	0.0035307	0.0153892	0.16726	0.0189543	0.319651	0.132897	0.0271598	0.00788998	0.023888	0.00703753	0.024456	0.0709657	0.12025	0.000564877	0.00359927
27	0.015721	0.0213765	0.0144481	0.0254511	0.00373209	0.0368294	0.0297916	0.0114538	0.318959	0.0167654	0.021452	0.0265511	0.00538053	0.0702354	0.294467	0.0326666	0.0259416	0.0127629	0.00900805	0.00700666
28	0.616235	0.0297155	0.0107135	0.0123488	0.00717961	0.0253285	0.00863089	0.0138383	0.0114781	0.0239463	0.0098145	0.00732416	0.0148457	0.00544669	0.0123816	0.0867995	0.0344906	0.0590523	0.00141363	0.00901663
29	0.0111987	0.0179337	0.00887416	0.0415297	0.00361482	0.00201588	0.148835	0.00988739	0.123412	0.0647713	0.00166649	0.0455787	0.00315068	0.243586	0.186229	0.0371337	0.0221187	0.00313498	0.000544492	0.0247851
30	0.0690281	0.0124116	0.0125786	0.0381528	0.0178531	0.053717	0.0307819	0.00597567	0.164133	0.0242838	0.0259033	0.0951697	0.0151453	0.0647841	0.0729511	0.167311	0.104923	0.0204594	0.000678634	0.00375899
31	0.0234296	0.00391952	0.0035969	0.00620169	0.0459104	0.00566678	0.0133507	0.157111	0.0207907	0.3125	0.12698	0.0193559	0.00871839	0.0180732	0.0178468	0.0226759	0.055428	0.126309	0.00288291	0.00925343
32	0.0113057	0.0384229	0.0323669	0.00410794	0.292442	0.00790891	0.049338	0.00345703	0.00370483	0.0151623	0.0132533	0.0372005	0.0124846	0.00470539	0.00361407	0.024209	0.00416596	0.013141	0.00570772	0.423302
33	0.110496	0.0091242	0.110485	0.109837	0.00725164	0.0336591	0.0132196	0.0112875	0.0452297	0.0383186	0.0110287	0.0280822	0.144772	0.0294786	0.0168214	0.165821	0.0698972	0.0339694	0.00082252	0.0103984
34	0.0607093	0.00904771	0.255452	0.199714	0.00184151	0.0564254	0.0161035	0.00388611	0.0318058	0.0124478	0.00624316	0.079747	0.0280964	0.0213587	0.0115396	0.10465	0.059812	0.0191409	0.000950743	0.021028
35	0.029243	0.0121032	0.00647081	0.00788913	0.14387	0.0050465	0.00971021	0.178899	0.00929977	0.246499	0.0633479	0.00879379	0.00672289	0.00586672	0.0110013	0.0239985	0.0288542	0.158495	0.00422816	0.03966
36	0.0363595	0.000964332	0.243781	0.46034	0.00145415	0.0260095	0.00755907	0.00577005	0.0460901	0.0171315	0.0023408	0.0386911	0.0033284	0.0417266	0.0073406	0.021419	0.008046	0.0274321	0.0010209	0.00319606
37	0.0340114	0.007321	0.242934	0.0268695	0.00473953	0.239476	0.0542663	0.00761274	0.0668184	0.00945681	0.00518325	0.126016	0.00549138	0.00639188	0.0565327	0.0699894	0.01491	0.0130228	0.00144192	0.00751462
38	0.0399398	0.00507323	0.0105366	0.012044	0.0238737	0.00711532	0.00648118	0.246287	0.00834312	0.269223	0.0673346	0.0120352	0.00556114	0.00564547	0.0121046	0.015385	0.0315002	0.219053	0.000734362	0.00172949
39	0.143271	0.0202252	0.0443373	0.0215492	0.0122143	0.0332028	0.00756266	0.0142791	0.0306342	0.0384716	0.0118129	0.0100702	0.112524	0.015729	0.0262341	0.325759	0.0908901	0.0331639	0.000978943	0.00709199
40	0.0108158	0.0236559	0.00934007	0.0370629	0.00463458	0.004351	0.145059	0.00953387	0.123804	0.0567308	0.0028767	0.0464291	0.00314888	0.231944	0.198985	0.0378531	0.0210122	0.00408047	0.00180758	0.026875
41	0.0141151	0.0176249	0.00363346	0.00339036	0.245616	0.00358096	0.0153015	0.123802	0.00738549	0.256016	0.0698819	0.00308817	0.00585179	0.00460112	0.0106291	0.0252467	0.0120291	0.0950211	0.0120686	0.0711168
42	0.0373627	0.00445561	0.00892732	0.00944388	0.0292491	0.00665747	0.00854967	0.225951	0.0104021	0.288875	0.0800546	0.0170683	0.00625362	0.00878712	0.0111497	0.0177402	0.0459196	0.180568	0.000621867	0.00196265
43	0.158647	0.00544604	0.0207621	0.0472935	0.00641496	0.0123991	0.00374205	0.114607	0.0467613	0.0264643	0.0728258	0.0304519	0.00949087	0.00632667	0.0108997	0.0861108	0.237335	0.09597	0.00175888	0.00629343
44	0.118243	0.0148461	0.00579619	0.0222844	0.0239251	0.0117956	0.0033217	0.185178	0.0312972	0.0808194	0.0456933	0.015924	0.0132237	0.00941923	0.0170337	0.0523428	0.111882	0.227434	0.00201946	0.00752063
45	0.0147682	0.0184492	0.00357941	0.00225027	0.288781	0.00169167	0.0126066	0.133512	0.00381606	0.216261	0.0461548	0.00177252	0.0046848	0.00191884	0.008505	0.0254221	0.0086121	0.111078	0.00832806	0.0878083
46	0.0377362	0.00269184	0.281604	0.386654	0.0016874	0.0316227	0.00826976	0.00568353	0.0433623	0.0144636	0.00275018	0.0564148	0.00606171	0.0357088	0.00813822	0.0321294	0.0142215	0.0238821	0.00123661	0.00568171
47	0.0219679	0.00175067	0.00281152	0.00197692	0.00539844	0.00179161	0.00128225	0.388219	0.00752862	0.07391	0.0258344	0.00395783	0.00101026	0.0012094	0.00272134	0.00329901	0.00658123	0.447024	0.000362365	0.00136387
48	0.017292	0.0104091	0.0122868	0.0132359	0.0105592	0.0114093	0.601578	0.0174625	0.0152932	0.0966168	0.0104262	0.0139676	0.00885164	0.0111225	0.0165683	0.0243255	0.0159593	0.0156754	0.0031439	0.0738168
49	0.0512861	0.010861	0.0136269	0.0183061	0.022831	0.00913291	0.00422466	0.25599	0.00792221	0.223088	0.0401161	0.00836519	0.00594962	0.00282447	0.0166849	0.0198433	0.0273811	0.258297	0.00136103	0.00190816
50	0.7122	0.0321275	0.00403981	0.00359129	0.002324	0.0194469	0.00721095	0.00458986	0.00328343	0.0164001	0.00746908	0.00299012	0.00238977	0.00218097	0.00891277	0.0793287	0.026654	0.0575202	0.00060076	0.00673964
51	0.634966	0.0282433	0.00495306	0.00550563	0.00420342	0.0292114	0.0150264	0.00636059	0.00537838	0.0144001	0.00664446	0.00565076	0.00414411	0.00394487	0.00924186	0.137904	0.0267736	0.0441995	0.000775789	0.0124729
52	0.0424297	0.0132259	0.0657517	0.251385	0.00969598	0.0555161	0.0527646	0.011995	0.0628559	0.0159129	0.0247363	0.0183035	0.0164309	0.198503	0.0405313	0.0526712	0.0358387	0.0179719	0.00178983	0.0116902
53	0.0608773	0.0142907	0.0122199	0.0402937	0.0214614	0.0445155	0.0378097	0.00738648	0.176044	0.0273846	0.0269974	0.0940754	0.0141755	0.0617409	0.0678872	0.156257	0.110371	0.0203185	0.00099266	0.00490098
54	0.0210859	0.00168042	0.00683456	0.0225109	0.00988172	0.00388393	0.00703519	0.0222146	0.416218	0.049081	0.0290352	0.0201328	0.0073268	0.0279878	0.223981	0.0457583	0.0363812	0.0434981	0.00260987	0.00286251
55	0.0907688	0.0226354	0.00544956	0.0211795	0.0443115	0.00727255	0.00423532	0.179421	0.022719	0.110233	0.0241252	0.0139893	0.0123147	0.0108398	0.0195476	0.0559258	0.0856004	0.258141	0.00189414	0.00939593
56	0.100445	0.0321305	0.0672222	0.0401184	0.00772509	0.201943	0.0121212	0.0175279	0.0374184	0.0181732	0.0114991	0.0774704	0.00715797	0.0105138	0.0415058	0.186102	0.0860292	0.0364593	0.00122788	0.00721005
57	0.0363507	0.000966605	0.243558	0.460711	0.0014568	0.0259479	0.00753051	0.00577984	0.0462121	0.0172159	0.00233168	0.0385678	0.0032992	0.0418106	0.00732177	0.0213477	0.00796882	0.0274202	0.00102975	0.00317249
58	0.0919454	0.00518199	0.00248601	0.0250622	0.00491685	0.0342084	0.00227952	0.147543	0.0569487	0.0681114	0.104364	0.0296645	0.0327767	0.00868445	0.0250133	0.0592703	0.131657	0.154627	0.00176525	0.013495
59	0.0142776	0.00767227	0.591236	0.0427616	0.00186918	0.0109632	0.0133274	0.01253	0.00828264	0.00861734	0.00248573	0.207221	0.0106386	0.00708315	0.00847219	0.0326664	0.00845549	0.00440093	0.000731406	0.00630847
60	0.00463989	0.0556605	0.0102163	0.0035386	0.18443	0.00856149	0.119405	0.0135218	0.00380844	0.0787914	0.00329771	0.0164647	0.00287084	0.0309677	0.04408	0.0315554	0.00438717	0.0315023	0.147969	0.204331
61	0.0124592	0.0280978	0.0186345	0.00350025	0.286654	0.00859634	0.0602764	0.0163255	0.00406434	0.0369233	0.0195585	0.0253627	0.0133478	0.00559778	0.00602576	0.0210861	0.00447905	0.0245719	0.0114672	0.392972
62	0.148716	0.00985263	0.051479	0.022885	0.00529019	0.288753	0.011465	0.0104893	0.0369994	0.00817453	0.0105653	0.0324809	0.0112772	0.00604911	0.0647267	0.207491	0.0466894	0.019545	0.00105925	0.00601309
63	0.0180758	0.00144654	0.0023415	0.00146862	0.00502358	0.00153496	0.00121596	0.407264	0.00776819	0.069766	0.0243757	0.00399837	0.000893136	0.00116569	0.00227216	0.00274083	0.00619987	0.440765	0.000359062	0.00132537
64	0.0308312	0.0122658	0.014648	0.0174292	0.0839572	0.0106842	0.0220987	0.133194	0.0269968	0.243149	0.0688099	0.0178979	0.015059	0.0218427	0.0317097	0.0394303	0.0398082	0.12951	0.00887741	0.0318001
65	0.0346635	0.122264	0.094369	0.0697457	0.0129917	0.0951022	0.0181655	0.0162938	0.0213979	0.0260158	0.0128316	0.0261439	0.0131042	0.12285	0.0197273	0.21541	0.034911	0.0270985	0.00406538	0.0128493
66	0.0502349	0.00633839	0.0103813	0.0129988	0.0146368	0.00669301	0.00292587	0.270396	0.00713973	0.186099	0.035987	0.00635503	0.00427993	0.00214038	0.0109485	0.0124986	0.0163674	0.341266	0.000841641	0.00147161
67	0.0605586	0.00905383	0.255586	0.19982	0.00184184	0.0564361	0.0160957	0.00388706	0.0318652	0.0124504	0.00624618	0.0797547	0.0280756	0.0212773	0.0115363	0.104636	0.0597426	0.0191377	0.000952341	0.0210472
68	0.0256508	0.0248476	0.00837907	0.0283415	0.121081	0.00659457	0.0140342	0.0256015	0.0635898	0.142993	0.0631524	0.0431263	0.0113608	0.0397801	0.0149709	0.101749	0.150101	0.0106249	0.0764244	0.0275974
69	0.195557	0.0330675	0.103495	0.0806343	0.0078434	0.0442769	0.00892446	0.0170092	0.0228777	0.0267707	0.00573076	0.0475471	0.0241173	0.0136078	0.0160492	0.201764	0.0882543	0.0521109	0.00114926	0.00921375
70	0.0136826	0.00703932	0.548306	0.0383855	0.00230308	0.0307447	0.0224189	0.0114601	0.0164525	0.00826218	0.00269111	0.210074	0.00964068	0.00652075	0.0136449	0.0382204	0.00862048	0.00483446	0.000817837	0.0058804
71	0.0363234	0.000994836	0.243676	0.46098	0.00145981	0.0259285	0.00752805	0.0058218	0.0461624	0.017195	0.00233399	0.0385355	0.00327898	0.0417502	0.00730887	0.0211503	0.00798091	0.0274137	0.00102793	0.00314992
72	0.0463915	0.00351314	0.254053	0.367992	0.00157327	0.0377404	0.00962001	0.00508148	0.041937	0.0159872	0.00330643	0.0533681	0.0105647	0.0337588	0.0101172	0.0453838	0.0237305	0.026124	0.00116996	0.00858835
73	0.186998	0.00555092	0.0363474	0.0628046	0.00620747	0.00803213	0.00580943	0.0838873	0.0559967	0.0121115	0.0556415	0.0320465	0.00597943	0.00646258	0.00852366	0.0815633	0.276736	0.0625741	0.00191874	0.00480877
74	0.0194973	0.00183473	0.00317861	0.00243291	0.00606966	0.00211139	0.00143345	0.403438	0.00752911	0.0840282	0.024512	0.00408472	0.0010991	0.00113528	0.00304271	0.00335881	0.0070699	0.422471	0.000370039	0.00130312
75	0.0135427	0.000981097	0.00709122	0.0245426	0.00206019	0.00448568	0.00864471	0.0139212	0.524292	0.00785816	0.0235747	0.0259169	0.00732032	0.0307532	0.228916	0.0364198	0.0225331	0.0161717	0.000358354	0.000616418
76	0.0138738	0.00160442	0.00722364	0.0243213	0.00212238	0.00467282	0.00895855	0.0138409	0.519234	0.008111	0.0233071	0.0253432	0.00737651	0.0313203	0.231743	0.0360996	0.0226107	0.0168159	0.00069817	0.000722529
77	0.0108518	0.0190138	0.00887197	0.0403804	0.00376545	0.00233273	0.147711	0.00963581	0.121455	0.0610772	0.00184732	0.0458155	0.00314158	0.247923	0.189482	0.0368125	0.0214411	0.00313903	0.000717824	0.0245854
78	0.0120807	0.0307326	0.0206492	0.00375214	0.290328	0.00837317	0.0583106	0.0112976	0.00349214	0.0309722	0.0165176	0.0275031	0.0130895	0.00561367	0.00555533	0.0228607	0.00389514	0.0204854	0.0118439	0.402647
79	0.013128	0.00236043	0.00727375	0.0238863	0.00196083	0.00684323	0.0110896	0.0134268	0.509728	0.00847191	0.0234186	0.0267146	0.00693643	0.0350276	0.23529	0.0356066	0.0220466	0.0149948	0.000945849	0.000849341
80	0.0126611	0.003464	0.00686115	0.022244	0.00204624	0.00621468	0.0112329	0.0130999	0.516478	0.00854164	0.0236726	0.0257668	0.00683674	0.0351604	0.232245	0.0349186	0.0211439	0.0147365	0.00144339	0.00123254
81	0.0180699	0.0049321	0.00290303	0.0033035	0.0648129	0.00579592	0.0161848	0.156882	0.015413	0.331392	0.140101	0.0183963	0.00858318	0.0165924	0.00677183	0.0196104	0.0502086	0.102778	0.00281963	0.0144495
82	0.708402	0.0321486	0.00399237	0.00366988	0.00253639	0.0193969	0.00711656	0.00535749	0.00378416	0.0175191	0.00727033	0.00311695	0.00258599	0.00225666	0.00890856	0.0753426	0.0266822	0.0627605	0.000639649	0.0065135
83	0.0234375	0.0175349	0.0051018	0.00604755	0.215454	0.00302568	0.0119237	0.142889	0.00875132	0.229577	0.0477739	0.00432692	0.00616241	0.00493427	0.0183896	0.027503	0.0184427	0.13784	0.00818027	0.0627051
84	0.021271	0.00153387	0.00232104	0.00332745	0.0286641	0.00362735	0.0160256	0.16745	0.0183425	0.317222	0.132698	0.0279967	0.00795634	0.0265791	0.00610969	0.0246125	0.0715737	0.118414	0.000505586	0.00377006
85	0.0237185	0.00223662	0.00245617	0.00330763	0.0320909	0.00433258	0.0137032	0.178439	0.0181782	0.311683	0.128189	0.0254597	0.00870074	0.0186584	0.0067983	0.0234888	0.0718055	0.121678	0.00112876	0.00394772
86	0.0266647	0.0192313	0.0175164	0.024735	0.063211	0.0170179	0.202925	0.0883922	0.0416423	0.121197	0.0383571	0.0256216	0.019211	0.0363038	0.0441397	0.0468302	0.0316513	0.0662775	0.0186229	0.0504524
87	0.0750785	0.0187059	0.0308743	0.0261462	0.0835308	0.0207249	0.0383341	0.0211063	0.0285372	0.0469761	0.0174724	0.0278332	0.189866	0.0228018	0.0275683	0.105969	0.0458165	0.0303885	0.00611204	0.136158
88	0.0200367	0.00737024	0.532165	0.0693409	0.00338729	0.0226869	0.0159622	0.0114721	0.0172531	0.0100204	0.00314876	0.183162	0.0114952	0.0105422	0.011425	0.0394365	0.0144046	0.00747373	0.000789982	0.00842669
89	0.013582	0.00561346	0.00780098	0.0241038	0.00294748	0.00779863	0.0130186	0.0139969	0.478728	0.0129792	0.0234913	0.0238364	0.00695928	0.0388107	0.24451	0.0352797	0.0230753	0.0189997	0.00228647	0.00218134
90	0.0256349	0.00880328	0.445994	0.0856054	0.00426175	0.0394649	0.0210181	0.0114077	0.0254334	0.0115788	0.00443001	0.177525	0.0125628	0.0125764	0.0161408	0.0551807	0.0209809	0.0111501	0.00129062	0.00896041
91	0.0130421	0.00459523	0.00919331	0.023835	0.00236714	0.00874801	0.0185684	0.0127927	0.481044	0.00998062	0.0223438	0.0301366	0.0078976	0.045046	0.231511	0.0385867	0.0224946	0.0138884	0.00132693	0.00260225
92	0.0910405	0.0716285	0.011077	0.0236034	0.054989	0.00973789	0.0165704	0.0112133	0.0130525	0.0594092	0.00899394	0.0369797	0.017709	0.0192422	0.0200014	0.334998	0.112019	0.0447653	0.00874652	0.034224
93	0.0896295	0.0179053	0.00408925	0.0235227	0.0312157	0.00986439	0.00261444	0.175482	0.0297642	0.111108	0.0371815	0.015311	0.0171405	0.00976681	0.0194177	0.0508322	0.0846707	0.260048	0.00198826	0.0084477
94	0.10163	0.0734667	0.0459835	0.0348893	0.0155801	0.147076	0.015899	0.0328309	0.0323044	0.0313889	0.0153588	0.0386539	0.0166841	0.0221933	0.0309844	0.175935	0.0744633	0.0754726	0.00325747	0.0159483
95	0.618895	0.0380579	0.00593002	0.00587695	0.0065711	0.0226149	0.00724215	0.0197131	0.00701899	0.025245	0.0105786	0.00488261	0.00537897	0.00376612	0.0106729	0.0867036	0.0344259	0.0769885	0.000744447	0.00869313
96	0.0362666	0.000976678	0.242752	0.461265	0.0014834	0.0259575	0.0075911	0.00587847	0.0465366	0.0172109	0.00235505	0.0384154	0.00324906	0.0419721	0.00743366	0.0211578	0.00795682	0.0273778	0.00102084	0.00314325
97	0.140119	0.00791155	0.161068	0.173542	0.00299584	0.0716014	0.0114928	0.00554301	0.0424399	0.0210732	0.00631876	0.0353132	0.0570947	0.0287535	0.0122062	0.121544	0.0462995	0.0424946	0.0010994	0.0110901
98	0.512069	0.0261809	0.0168191	0.0176838	0.00849204	0.028902	0.0103556	0.021467	0.016566	0.0261223	0.01475	0.0154629	0.0200427	0.00820258	0.0170157	0.103685	0.0639948	0.0614523	0.00149324	0.00924255
99	0.0286196	0.0359999	0.0196133	0.0232735	0.169565	0.0162611	0.0618427	0.0369673	0.0339425	0.0931798	0.0241668	0.0288541	0.0154682	0.0504967	0.0404281	0.0590688	0.0369207	0.0477735	0.0503994	0.127159
100	0.014579	0.00597514	0.00919872	0.0279677	0.00319013	0.00685683	0.0419155	0.0121932	0.430251	0.0211989	0.0180628	0.044074	0.00609997	0.0715972	0.19782	0.0440009	0.0275631	0.0112105	0.000505671	0.00573999
101	0.013333	0.017694	0.00336337	0.00249084	0.235792	0.00368483	0.0168458	0.129866	0.00740772	0.26309	0.0754698	0.00356844	0.00591167	0.00464467	0.00886463	0.0238846	0.0120233	0.0936241	0.008728	0.0697126
102	0.0174731	0.00144327	0.00231405	0.00147812	0.00494872	0.001552	0.0012497	0.410387	0.00798208	0.0698854	0.0237573	0.00398776	0.000921427	0.00115991	0.00227495	0.0027583	0.0063642	0.438374	0.000357164	0.00133161
103	0.072085	0.0119006	0.0144028	0.0375669	0.0154068	0.0654582	0.0277241	0.0055005	0.159984	0.023603	0.0252333	0.0948966	0.0156296	0.0628543	0.0751156	0.169816	0.0976546	0.0207855	0.000669563	0.00371355
104	0.0360434	0.00144664	0.237186	0.453279	0.00167197	0.0273502	0.00836193	0.0061722	0.0492296	0.0174743	0.00263426	0.0382696	0.00372743	0.04597	0.0087409	0.0219135	0.00875782	0.0270714	0.00104954	0.00364977
105	0.478744	0.023547	0.0303882	0.0234821	0.00449037	0.0962452	0.0117542	0.0096927	0.0169466	0.015904	0.00854258	0.0181893	0.0127389	0.00706483	0.0215543	0.134194	0.0368086	0.0403375	0.000758561	0.00861756
106	0.00567523	0.0522599	0.0121359	0.00347169	0.20925	0.00895046	0.102533	0.0109888	0.00370167	0.0674904	0.00505414	0.0229418	0.0047019	0.0268229	0.0341125	0.0370474	0.00490311	0.0271673	0.114933	0.245858
107	0.0943268	0.00983989	0.0362001	0.0325042	0.00670189	0.132481	0.0112231	0.00823332	0.0721225	0.0149717	0.0382611	0.111765	0.0106596	0.0252637	0.0858639	0.21552	0.0688981	0.0192894	0.00103766	0.00483767
108	0.0182529	0.0188895	0.00387195	0.00382541	0.263822	0.00220511	0.0130597	0.134516	0.00508327	0.219005	0.0468263	0.00256112	0.00534578	0.00272097	0.00973901	0.0283007	0.0123395	0.121655	0.00899519	0.078986
109	0.0144226	0.0203221	0.00399409	0.00265018	0.286717	0.00295265	0.0177669	0.122463	0.00443902	0.216308	0.0461414	0.00294499	0.00502948	0.00314427	0.00955661	0.0279974	0.00944287	0.100819	0.0115754	0.0913131
110	0.0997761	0.0647707	0.0229222	0.0247514	0.0306734	0.0184886	0.0170388	0.0181725	0.022436	0.0561447	0.0105587	0.0328654	0.0237643	0.0163369	0.0247104	0.323796	0.111947	0.0509366	0.00470457	0.0252052
111	0.0170171	0.00880571	0.542974	0.066066	0.00230007	0.0145405	0.0135475	0.0120581	0.024952	0.00836113	0.00277649	0.186826	0.0105557	0.0133729	0.012254	0.0353938	0.013068	0.00704593	0.000740744	0.00734467
112	0.0898126	0.0288823	0.0843455	0.0530438	0.00920826	0.0580772	0.00745734	0.0325905	0.0189389	0.0321842	0.00380186	0.084513	0.00482316	0.00345153	0.02123	0.247952	0.154533	0.0615969	0.000585501	0.00297278
113	0.012606	0.00108441	0.00678996	0.0230266	0.00184216	0.00468343	0.00946598	0.0134316	0.533324	0.00767048	0.0242925	0.02705	0.00702799	0.0318574	0.223614	0.0356759	0.0208686	0.0146547	0.000426779	0.000607559
114	0.0134647	0.00126487	0.00719789	0.0243825	0.00194717	0.00490725	0.00925977	0.0138972	0.521544	0.00793342	0.023651	0.0266586	0.00751218	0.0323304	0.228508	0.0361612	0.0225658	0.0156408	0.000471871	0.000701725
115	0.090983	0.0051308	0.00222174	0.0233749	0.00471313	0.0333498	0.00197632	0.153327	0.0554771	0.0663661	0.105928	0.0272755	0.0296453	0.00831476	0.0254241	0.0606072	0.136651	0.154399	0.00185031	0.0129839
116	0.073987	0.0101666	0.0317576	0.0859294	0.0271128	0.0131614	0.0118508	0.0566655	0.0279127	0.168416	0.0528126	0.0208683	0.0253681	0.0653621	0.00758721	0.158081	0.0647949	0.0921244	0.00158523	0.00445601
117	0.0128118	0.0281083	0.0203739	0.00356025	0.293454	0.00911181	0.0642823	0.00305065	0.00344394	0.0136085	0.0163455	0.0276472	0.0155556	0.00445715	0.00344227	0.0193974	0.00342695	0.0144868	0.00668752	0.436748
118	0.0233109	0.00968364	0.464499	0.0713761	0.0140273	0.0199098	0.0184373	0.0113339	0.0166517	0.0148183	0.00566024	0.173383	0.0234129	0.0115608	0.010437	0.048427	0.0194523	0.00977157	0.00179754	0.0320492
119	0.0133209	0.00630886	0.0152657	0.0349367	0.00789902	0.0151901	0.122302	0.0533009	0.0517438	0.158285	0.0774292	0.035486	0.0228417	0.0771162	0.0461354	0.102384	0.015388	0.106804	0.00399812	0.0338645
120	0.0125788	0.000861364	0.00670188	0.023124	0.00183386	0.00426162	0.00923009	0.013424	0.536341	0.00767623	0.0242523	0.0269831	0.00707649	0.0312305	0.2223	0.0356561	0.0208167	0.0147371	0.000328007	0.000586523
121	0.0137269	0.0363098	0.0066693	0.0052614	0.219636	0.00682785	0.0468354	0.0975358	0.00888173	0.188795	0.0327374	0.00828921	0.00536824	0.0111551	0.0479421	0.0506984	0.0109765	0.071349	0.0331921	0.0978131
122	0.101618	0.0290771	0.041632	0.0442071	0.0208925	0.0333907	0.0164723	0.0418179	0.0455086	0.0462138	0.0223374	0.0418624	0.03926	0.0212432	0.0303412	0.214586	0.126274	0.0636788	0.00460657	0.0149809
123	0.0201518	0.0270007	0.0123521	0.0107818	0.252519	0.00866476	0.0387351	0.0735813	0.0150002	0.130722	0.0328173	0.0165154	0.00878552	0.0115839	0.0175619	0.0378304	0.0179635	0.0731194	0.0191095	0.175205
124	0.0321148	0.0392155	0.0356236	0.0372092	0.0790326	0.0643527	0.0585378	0.0297636	0.0536414	0.0642154	0.0230309	0.0309724	0.0135107	0.0384485	0.0783462	0.056522	0.0339112	0.0393071	0.119417	0.0728278
125	0.0890274	0.0228968	0.0443951	0.047072	0.0212403	0.0377903	0.0187457	0.0557183	0.07093	0.0638656	0.0322782	0.0419471	0.0262503	0.0261836	0.0464731	0.138897	0.127998	0.0685993	0.00566461	0.0140266
126	0.0861573	0.0228961	0.00410988	0.0215212	0.0461859	0.00845497	0.00377078	0.16283	0.0243787	0.11565	0.0279423	0.0170933	0.0122706	0.0137992	0.0184857	0.0621685	0.0827326	0.256474	0.00167978	0.0114003
127	0.0812456	0.115619	0.0384231	0.0347152	0.0614972	0.0384929	0.0403974	0.0316155	0.0398115	0.0501846	0.0146566	0.0356288	0.0185365	0.0335138	0.054912	0.11537	0.0477834	0.0559136	0.0241563	0.0675273
128	0.0183213	0.00713931	0.0423087	0.0302714	0.0114337	0.0505052	0.107817	0.0489719	0.0720898	0.036588	0.0254598	0.0610182	0.109213	0.0479491	0.0448496	0.136672	0.0533065	0.0389575	0.0224795	0.0346472
129	0.0586838	0.0150302	0.0131709	0.0404111	0.0247911	0.0423072	0.0403252	0.00760679	0.174255	0.0287006	0.0251154	0.0935727	0.0139006	0.0604208	0.0665794	0.15824	0.110647	0.0197098	0.000960593	0.00557221
130	0.0929341	0.122925	0.0307255	0.0331134	0.0631082	0.0398266	0.036182	0.037261	0.0403994	0.0547456	0.0188883	0.0296086	0.0203772	0.0340375	0.0523885	0.106806	0.0469294	0.0581696	0.0179211	0.0636524
131	0.0124846	0.0311115	0.0114817	0.0140627	0.00335409	0.0394416	0.0373384	0.00990979	0.249888	0.0174847	0.0208992	0.0237841	0.00416289	0.0927267	0.349397	0.0274497	0.0247628	0.00898963	0.013035	0.00823531
132	0.090107	0.00789057	0.00258191	0.02177	0.0100832	0.0237331	0.00204256	0.16831	0.0479633	0.0712793	0.0954229	0.0232226	0.0201254	0.00902853	0.0205738	0.0618378	0.136284	0.173749	0.00227029	0.011725
133	0.0120904	0.0188032	0.00963978	0.0408815	0.00369506	0.00367126	0.146416	0.010274	0.130936	0.0633086	0.00228353	0.0472113	0.0033772	0.218831	0.196823	0.0386405	0.0242776	0.0031378	0.000838063	0.024864
134	0.0124471	0.028785	0.020007	0.00359867	0.292362	0.0098303	0.0659028	0.00416684	0.00350272	0.0172149	0.0159685	0.0271004	0.0148413	0.00511884	0.0047724	0.0202224	0.0035517	0.0154865	0.00976468	0.425356
135	0.0295778	0.0083071	0.112876	0.317747	0.00469807	0.0360627	0.0397612	0.0101574	0.0919795	0.0217132	0.00668984	0.0399948	0.00580014	0.144016	0.054844	0.0257125	0.0167179	0.0215621	0.000984511	0.0107986
136	0.0128082	0.0280764	0.019788	0.00345641	0.292108	0.00865128	0.0626442	0.00713002	0.00345873	0.0204232	0.0180216	0.0271045	0.0148201	0.00441457	0.00379455	0.0196668	0.00359125	0.0170717	0.00705353	0.425918
137	0.017449	0.00580552	0.0379062	0.0447381	0.0114019	0.0333533	0.132853	0.0445367	0.040995	0.111306	0.0639519	0.0478489	0.0799735	0.0592861	0.0302714	0.0953891	0.0257389	0.0640214	0.00667117	0.0465031
138	0.0143045	0.0044034	0.013079	0.0336208	0.00222002	0.00673049	0.0117327	0.0164771	0.485213	0.0082442	0.0211674	0.0413552	0.00676342	0.037315	0.217064	0.0380104	0.0250665	0.0157036	0.000542173	0.000986584
139	0.0893692	0.0139368	0.00253233	0.0279826	0.0163672	0.0155455	0.00206805	0.173362	0.0522734	0.0743727	0.0693348	0.0166264	0.0140855	0.0120969	0.0203196	0.0562917	0.12084	0.209657	0.00537511	0.00756237
140	0.0131195	0.0279542	0.0197695	0.00355461	0.292798	0.00907125	0.0644212	0.00465292	0.00353707	0.0163649	0.0167755	0.0271523	0.0155988	0.0046064	0.00378943	0.0197733	0.00350976	0.0159617	0.00695467	0.430635
141	0.0503089	0.0102277	0.0157429	0.0250266	0.0281378	0.00991809	0.0046056	0.214284	0.00955339	0.25833	0.0414988	0.0087639	0.00711485	0.00452668	0.0229258	0.0227483	0.0250023	0.236191	0.00183352	0.00326038
142	0.0450235	0.014862	0.0507413	0.0496202	0.0144533	0.0705969	0.0380749	0.0160441	0.176545	0.0435195	0.0225902	0.102027	0.0150333	0.0502419	0.0914212	0.0955954	0.0626873	0.0258818	0.00371868	0.011323
143	0.0116985	0.0186405	0.00947226	0.0415444	0.00365093	0.00200333	0.15026	0.010453	0.126269	0.0652295	0.00159778	0.0469639	0.00324117	0.227017	0.191791	0.0376214	0.0232997	0.00298003	0.000560336	0.0257056
144	0.0507717	0.0134741	0.0116007	0.0396478	0.0203804	0.0349751	0.0443103	0.0135566	0.176132	0.0319774	0.0297813	0.101238	0.0179587	0.0586993	0.0654853	0.138328	0.11419	0.0216678	0.00567884	0.0101466
145	0.0319625	0.0050214	0.00652859	0.00801366	0.0390141	0.00543167	0.00889392	0.218234	0.0131489	0.25529	0.0853201	0.0151167	0.0064911	0.0101186	0.0113512	0.0197211	0.0432547	0.20779	0.00139857	0.00789952
146	0.0326694	0.00243504	0.00311735	0.0149495	0.0254888	0.00402257	0.00372736	0.0287614	0.0739567	0.254369	0.068316	0.00465562	0.00392176	0.0336953	0.178236	0.0478901	0.0569545	0.139368	0.0135303	0.00993493
147	0.0851225	0.106952	0.0373917	0.0335294	0.0567571	0.038991	0.0385568	0.0342222	0.0435463	0.0560411	0.0163803	0.0378207	0.0217616	0.0392241	0.0547741	0.113986	0.05152	0.0591227	0.0142223	0.0600776
148	0.0244448	0.0109506	0.0233501	0.0651753	0.00738336	0.0170238	0.129766	0.012641	0.0932729	0.0413621	0.0138537	0.0389064	0.076639	0.183449	0.0989143	0.0774486	0.0513017	0.0150768	0.00284348	0.0161964
149	0.0542832	0.0162876	0.0140466	0.0413924	0.0279046	0.0386035	0.0429566	0.00899992	0.174374	0.0289788	0.0257092	0.0936632	0.0137599	0.0589821	0.0638787	0.15358	0.114825	0.0188769	0.00237804	0.00651993
150	0.0851649	0.119247	0.0353237	0.0329447	0.0638165	0.0368079	0.0390536	0.037123	0.047507	0.0523666	0.0167418	0.0325061	0.0182576	0.0353974	0.0594005	0.0959766	0.0427032	0.0651216	0.020698	0.0638422
151	0.0112516	0.0250099	0.0116331	0.0368549	0.00500053	0.00578117	0.146546	0.00999941	0.132425	0.0561677	0.00338127	0.0480248	0.00337744	0.196677	0.208535	0.0391424	0.0218637	0.00442295	0.00198226	0.031924
152	0.138213	0.00496067	0.010455	0.0229273	0.0139093	0.0243804	0.0111575	0.0239665	0.0361854	0.0649209	0.013423	0.00468599	0.293885	0.0204272	0.0359483	0.159869	0.069845	0.0373904	0.000552804	0.0128975
153	0.0221754	0.0283998	0.015364	0.0058289	0.287575	0.00679585	0.0465987	0.042104	0.00560851	0.0791169	0.0243335	0.0196515	0.0122492	0.00516325	0.00852925	0.0273981	0.00731192	0.0452248	0.0112067	0.299365
154	0.0215508	0.00173678	0.00257584	0.00276541	0.0332811	0.00384987	0.0137784	0.178345	0.0171089	0.321285	0.129696	0.0236049	0.00810379	0.0180612	0.00702082	0.0209076	0.06574	0.126213	0.000577913	0.00379812
155	0.478266	0.0263435	0.0268978	0.032345	0.00568889	0.097109	0.0131613	0.011748	0.0217188	0.0189345	0.00998843	0.0165902	0.0135845	0.0108212	0.0217986	0.100455	0.0343887	0.0488854	0.00111895	0.0101561
156	0.0906136	0.0231777	0.00368325	0.0236431	0.0455383	0.00696244	0.00304885	0.162705	0.026104	0.106445	0.0224025	0.0148025	0.0129345	0.0124158	0.0200268	0.0612573	0.0846436	0.266183	0.00194534	0.0114663
157	0.0463006	0.00629477	0.187845	0.350174	0.00454794	0.0446062	0.0205395	0.0087601	0.0615311	0.0167523	0.0116587	0.0435146	0.0107961	0.0526419	0.0312788	0.0403303	0.0247458	0.024772	0.00108204	0.0118281
158	0.091564	0.0110202	0.00196623	0.023235	0.0141535	0.0186675	0.00163325	0.179723	0.0482483	0.0736836	0.0786181	0.0189222	0.0160428	0.0109654	0.0198563	0.0576967	0.127843	0.194733	0.00304375	0.00838416
159	0.0232138	0.00165444	0.00232535	0.0025856	0.0303986	0.00397105	0.0133178	0.180044	0.0174641	0.314235	0.130375	0.0249193	0.00859025	0.0184603	0.00656753	0.0223305	0.0704489	0.125176	0.000433008	0.00348893
160	0.010999	0.0382203	0.0111186	0.0160011	0.00417213	0.0388053	0.0406617	0.0103407	0.225984	0.0188012	0.0211518	0.0187698	0.00501146	0.0963405	0.357054	0.0249487	0.0235204	0.0107991	0.0167334	0.0105665
161	0.0700054	0.0116912	0.0139618	0.0379296	0.0156728	0.059302	0.0287201	0.00530492	0.163785	0.0235951	0.0252356	0.0941088	0.0163167	0.0639167	0.0773161	0.170112	0.099628	0.0193273	0.000662839	0.00340806
162	0.0463467	0.00769415	0.0167237	0.0210498	0.0261209	0.0101787	0.00575892	0.232552	0.00635183	0.277016	0.052142	0.00939272	0.00755449	0.00334268	0.0184265	0.0180648	0.0237681	0.214463	0.00122133	0.00183213
163	0.0299981	0.00290791	0.00383887	0.0104142	0.0294717	0.00592509	0.0129705	0.1246	0.0372798	0.295028	0.126093	0.0228689	0.0105034	0.03036	0.0307296	0.0309736	0.0745852	0.109227	0.00623412	0.00599177
164	0.0840912	0.0100476	0.00235894	0.0194919	0.0164811	0.0148641	0.00267302	0.187424	0.0418236	0.107875	0.0788758	0.0174092	0.0141883	0.0100936	0.0183372	0.0494609	0.111352	0.20379	0.00251813	0.00684381
165	0.0331176	0.00776933	0.236786	0.292104	0.00811799	0.0414689	0.013282	0.0077963	0.0864511	0.0120074	0.0048179	0.0615046	0.00906775	0.0358153	0.0233761	0.0531871	0.0220687	0.0290582	0.00620744	0.0159971
166	0.0146196	0.00101126	0.00829723	0.0251304	0.00288692	0.0055798	0.00885406	0.0156152	0.505563	0.00947211	0.0245905	0.0254838	0.00783316	0.0306706	0.229482	0.0390419	0.0247578	0.0193318	0.000737838	0.00104135
167	0.10858	0.0146414	0.0494339	0.0184164	0.0863304	0.174497	0.0126198	0.0413093	0.0198047	0.0183644	0.0638748	0.0194127	0.010595	0.0114774	0.0483045	0.102669	0.110965	0.0763624	0.00342307	0.00891986
168	0.0524574	0.00624446	0.256154	0.286076	0.00218916	0.0472153	0.0134897	0.00475684	0.0393345	0.0140123	0.00502821	0.0647427	0.0183239	0.0288265	0.0118976	0.0698346	0.0382737	0.0223356	0.00130422	0.0175034
169	0.140757	0.0243766	0.0214745	0.0119834	0.0181753	0.0206525	0.0110992	0.0120343	0.018181	0.0346074	0.00776171	0.0104944	0.120638	0.018966	0.0242777	0.373631	0.0858394	0.0286191	0.000838216	0.0155934
170	0.0170021	0.00707868	0.570506	0.0746751	0.00178309	0.0121965	0.0118301	0.0111006	0.0109938	0.0085375	0.00250962	0.186615	0.0105111	0.00958825	0.00792925	0.0334984	0.0100379	0.00644773	0.000699143	0.00645936
171	0.0144906	0.0192357	0.00451046	0.0023854	0.288714	0.00220784	0.0164598	0.125647	0.00389946	0.203207	0.0439433	0.00308996	0.00504871	0.00256128	0.00874534	0.0249926	0.00853801	0.106022	0.0103422	0.105959
172	0.0114625	0.0542703	0.0158969	0.00585177	0.186976	0.00928763	0.113908	0.00788873	0.00785994	0.0354612	0.00951505	0.0551133	0.00883437	0.0147068	0.0208095	0.0559949	0.00753757	0.0275184	0.0364538	0.314653
173	0.0213734	0.00859752	0.560704	0.0424296	0.00241443	0.00956483	0.0124386	0.0158859	0.00858853	0.00940455	0.00304706	0.215675	0.0112076	0.00794432	0.0087383	0.0363711	0.0130619	0.00545534	0.00085315	0.0062445
174	0.0413932	0.0283392	0.0419235	0.0992392	0.14502	0.024278	0.032354	0.0537415	0.0428767	0.0929607	0.0254967	0.0307303	0.0203922	0.0330777	0.0307213	0.0596766	0.0406864	0.0644609	0.0134746	0.0791567
175	0.0438958	0.0161167	0.298362	0.184688	0.00315762	0.0649357	0.0175697	0.00812671	0.0410994	0.0118862	0.0052329	0.0912125	0.0167579	0.0228365	0.0184729	0.0763429	0.0399138	0.023514	0.00128539	0.0145935
176	0.0643494	0.0129761	0.0128357	0.0391568	0.0186247	0.0507625	0.0346524	0.00630779	0.175314	0.026654	0.0253187	0.0933028	0.0145105	0.0628151	0.0760668	0.159223	0.102718	0.0192815	0.000878377	0.00425166
177	0.01562	0.00973936	0.57495	0.0484503	0.00249085	0.012413	0.0156374	0.0137882	0.00955966	0.0105742	0.00285603	0.199148	0.0108745	0.00758859	0.00875814	0.0341578	0.0106848	0.00503582	0.000735402	0.00693759
178	0.0136918	0.0297037	0.011706	0.0317031	0.00798106	0.0139497	0.11859	0.011478	0.147037	0.0556639	0.00898946	0.0356543	0.00548627	0.149829	0.246537	0.0332321	0.0233586	0.00981622	0.00749347	0.0381001
179	0.0898081	0.0158398	0.044394	0.0540138	0.0176366	0.0232298	0.00734056	0.0398859	0.0299344	0.104098	0.0161241	0.022303	0.0608231	0.0302995	0.0109008	0.258647	0.125409	0.043029	0.00120237	0.0050805
180	0.039384	0.00983691	0.102189	0.291672	0.0115382	0.0481783	0.0259909	0.0362098	0.0763095	0.0704874	0.0172013	0.0288094	0.0129464	0.0720667	0.0333756	0.0398871	0.0265858	0.0415337	0.00326738	0.0125303
181	0.0718854	0.0112099	0.0156178	0.0375712	0.0142263	0.0654591	0.0260971	0.00495163	0.156763	0.0231245	0.0265973	0.0949489	0.0165604	0.0615339	0.0811173	0.173864	0.0954634	0.0191939	0.000580986	0.00323384
182	0.122044	0.0724436	0.00788193	0.0101451	0.0230721	0.00971428	0.0185861	0.00709646	0.00780086	0.0289448	0.00300342	0.0275562	0.0238569	0.00905127	0.0274393	0.405492	0.110646	0.0514445	0.000905617	0.0328749
183	0.0272748	0.0140482	0.00537759	0.00643817	0.19142	0.00470302	0.0106431	0.16613	0.00977512	0.191433	0.0537673	0.00639961	0.00625784	0.00540184	0.0118925	0.0268836	0.0230034	0.17836	0.0055889	0.0552013
184	0.0378162	0.0133653	0.0549867	0.25971	0.00822249	0.0846222	0.0503824	0.0141269	0.133886	0.0108361	0.0124965	0.0297673	0.011009	0.0881672	0.0847127	0.0280863	0.0278807	0.0267517	0.000829823	0.0223451
185	0.0210401	0.00633437	0.260359	0.0108253	0.00489146	0.210926	0.0695881	0.00694146	0.0852264	0.00971755	0.00639569	0.14411	0.00448662	0.00574425	0.0635666	0.0588085	0.011171	0.011937	0.0017308	0.00620063
186	0.0378639	0.0029905	0.198908	0.428119	0.00313418	0.0340737	0.0152872	0.00779812	0.0568703	0.0177653	0.00509782	0.0345854	0.00580913	0.0630885	0.017609	0.0247839	0.0126201	0.0263795	0.00104546	0.00617141
187	0.0176221	0.00144679	0.00232533	0.00147845	0.00496453	0.00155109	0.00125125	0.40956	0.00791222	0.0698824	0.0239276	0.00397447	0.00091363	0.00114943	0.00227365	0.00275216	0.00630876	0.439007	0.000360151	0.0013388
188	0.016853	0.0444421	0.0198262	0.0199384	0.132448	0.0173532	0.0832978	0.0285587	0.0349302	0.0795794	0.0159985	0.0223199	0.00844668	0.0323074	0.0569293	0.0435738	0.0242448	0.0419012	0.147245	0.129807
189	0.245254	0.0182437	0.0192607	0.0215305	0.0157068	0.0219341	0.0122953	0.0156976	0.0241791	0.0418575	0.0100668	0.00990775	0.156129	0.0179537	0.0241786	0.226481	0.0671089	0.0352333	0.00101194	0.0159688
190	0.0910761	0.0239543	0.00385609	0.0227092	0.0443589	0.00746746	0.00320354	0.163387	0.0255335	0.106884	0.0256577	0.015087	0.0123972	0.0124989	0.018978	0.0635717	0.0865987	0.260279	0.00186223	0.0106396
191	0.0126139	0.0355018	0.0290067	0.00507787	0.276821	0.00824189	0.0543471	0.00518965	0.00479258	0.0214673	0.0141234	0.0403637	0.0139469	0.0065221	0.0061054	0.0250738	0.00586854	0.016094	0.0100511	0.408791
192	0.0428504	0.0120184	0.382088	0.100315	0.00893761	0.0478388	0.0182512	0.0113673	0.0245243	0.0142667	0.00509466	0.126612	0.0191975	0.0153295	0.0167335	0.08738	0.032338	0.0171447	0.00270899	0.0150035
193	0.059942	0.00905431	0.25725	0.207199	0.00182528	0.0558449	0.0156149	0.0038592	0.0319811	0.0126676	0.00611047	0.0791703	0.0267085	0.0215064	0.0116807	0.101664	0.0576573	0.018971	0.000991338	0.0203008
194	0.0636455	0.00992286	0.2375	0.20523	0.00252344	0.0542768	0.0146714	0.00881866	0.0310072	0.0163851	0.00487886	0.0739491	0.0220294	0.0207049	0.0123098	0.113372	0.0648316	0.0270288	0.00099519	0.0159194
