270	20
1	0.0597721	0.0252658	0.00573444	0.00871701	0.113362	0.0107157	0.0268053	0.0556547	0.0261614	0.232282	0.0594069	0.0105302	0.104437	0.0424761	0.0127629	0.0357946	0.0381968	0.122463	0.0029168	0.00654506
2	0.238011	0.0406661	0.00597453	0.0116284	0.0262217	0.0288907	0.0152681	0.0581743	0.0283495	0.0364618	0.0490572	0.016442	0.145166	0.0242738	0.033814	0.0638215	0.0478601	0.117734	0.00221597	0.00996929
3	0.051606	0.0177819	0.0187859	0.0333339	0.0239571	0.0254184	0.0119925	0.017586	0.135287	0.0661905	0.0104603	0.0292567	0.0635877	0.0579646	0.236275	0.0867641	0.0330388	0.0749492	0.00201143	0.00375236
4	0.0535236	0.00931138	0.0154012	0.0253841	0.0400773	0.0124904	0.0222116	0.0251661	0.171039	0.0614581	0.0358743	0.0271261	0.0259898	0.0362918	0.247663	0.0515697	0.0579723	0.0591531	0.00758287	0.0147143
5	0.0650536	0.00802469	0.0314455	0.0224244	0.0240016	0.0601879	0.0287234	0.017844	0.0460219	0.0340756	0.00763468	0.0374259	0.422413	0.0320358	0.020595	0.0573065	0.025276	0.042185	0.0059796	0.011346
6	0.0375051	0.0161163	0.0283052	0.0385646	0.0770988	0.0741216	0.0559974	0.0786421	0.0117343	0.0977857	0.033841	0.0202243	0.054142	0.0767351	0.0313718	0.0512227	0.044282	0.0834453	0.00631415	0.0825504
7	0.127135	0.0538908	0.0203108	0.0381986	0.036501	0.0740096	0.0337831	0.0237342	0.0707979	0.0192437	0.0129272	0.0565636	0.0111614	0.0484219	0.0262814	0.166947	0.0884934	0.031689	0.00776943	0.0521404
8	0.0503585	0.00908102	0.0335077	0.0465131	0.00558514	0.0296573	0.0121458	0.0328353	0.21747	0.02399	0.0411827	0.0350155	0.0134481	0.0772314	0.127333	0.091964	0.0862381	0.0570224	0.00561713	0.00380372
9	0.150654	0.00998382	0.0204743	0.0401639	0.010723	0.00876354	0.0142696	0.0778134	0.0586559	0.173733	0.0705811	0.0340158	0.0104427	0.0281994	0.0120061	0.0433678	0.0642566	0.146689	0.0135711	0.0116358
10	0.115158	0.0116286	0.0152703	0.00688187	0.0143207	0.599034	0.00493797	0.0109214	0.0125457	0.0337108	0.0124666	0.0238572	0.00722488	0.0111761	0.0153139	0.0550973	0.0172812	0.0251794	0.00459624	0.00339849
11	0.0619966	0.00241672	0.0125938	0.0391693	0.00516811	0.00520965	0.0309641	0.00843724	0.33346	0.0165959	0.00397173	0.0230184	0.00912979	0.0766736	0.284938	0.0489905	0.0247045	0.00744155	0.00309833	0.00202174
12	0.0506483	0.00554835	0.0257774	0.0505589	0.0223934	0.0323075	0.0264175	0.0368686	0.191903	0.0299311	0.00982481	0.0216322	0.166539	0.0432324	0.100508	0.0598352	0.0687018	0.0522742	0.00203327	0.00306587
13	0.042233	0.0564299	0.00316418	0.0140956	0.044398	0.00546592	0.0113933	0.300593	0.022639	0.119476	0.0410017	0.0135516	0.00590251	0.0155975	0.0134969	0.0192888	0.0456103	0.199235	0.00685514	0.019573
14	0.0635813	0.00975296	0.0293706	0.0532985	0.00312328	0.0300319	0.0131915	0.0316983	0.201703	0.0285668	0.0567135	0.0300979	0.0103686	0.0816701	0.101168	0.102408	0.0841137	0.0561643	0.00739513	0.00558309
15	0.044886	0.022994	0.0011583	0.00370639	0.0240019	0.0125111	0.00313165	0.199255	0.00384769	0.165156	0.0379825	0.00263287	0.0083267	0.0112392	0.00618545	0.0201006	0.0151649	0.412163	0.00127016	0.00428645
16	0.0322973	0.0145495	0.0142478	0.0329985	0.0886437	0.00394016	0.0280368	0.0278134	0.12139	0.0766422	0.051285	0.0510594	0.00657073	0.0426773	0.0975748	0.0647998	0.128814	0.046922	0.0190504	0.0506871
17	0.130318	0.0802207	0.00197292	0.00370906	0.0104941	0.0242304	0.00397284	0.0339094	0.00356649	0.035187	0.0165809	0.0209393	0.0119062	0.0122638	0.00807875	0.162864	0.274437	0.160728	0.00121076	0.00341048
18	0.0529874	0.0182513	0.0922791	0.0263073	0.023827	0.0248616	0.0340931	0.0475591	0.0430321	0.12751	0.0274364	0.216791	0.0215219	0.0294685	0.030046	0.0680286	0.0453181	0.05009	0.006018	0.0145733
19	0.0669492	0.0199176	0.0667251	0.0600924	0.0225909	0.0395895	0.043549	0.0269153	0.126686	0.0253219	0.0165718	0.083982	0.0113297	0.0674193	0.0930244	0.0986058	0.0597934	0.0363518	0.0158884	0.018696
20	0.101044	0.00636041	0.110273	0.129627	0.0152234	0.0199519	0.0254546	0.0251914	0.0916935	0.0292707	0.0129395	0.0742456	0.018395	0.0809028	0.0612362	0.0676657	0.0829889	0.0322568	0.00392801	0.0113518
21	0.0848423	0.0135459	0.00584243	0.0174757	0.0352158	0.0193262	0.021074	0.125648	0.0548795	0.104939	0.0573231	0.0176914	0.0163951	0.035354	0.0411491	0.024815	0.0862018	0.207936	0.00256138	0.0277839
22	0.0437451	0.0124069	0.00141865	0.00615804	0.0442873	0.00990947	0.00235096	0.278803	0.00515286	0.183529	0.0620167	0.00462135	0.0047205	0.00659614	0.0173712	0.0102485	0.0148462	0.282969	0.00258169	0.00626745
23	0.0786607	0.00636719	0.0655652	0.0724178	0.012929	0.0199283	0.0228559	0.0213691	0.1999	0.0243971	0.0143766	0.0751243	0.00797665	0.0956344	0.109904	0.0762199	0.0497916	0.0274459	0.013995	0.00514166
24	0.15129	0.0232371	0.00266117	0.00525799	0.0129179	0.0368624	0.00564164	0.146572	0.00609455	0.102028	0.0233662	0.00442142	0.0160309	0.0102096	0.00722968	0.0283873	0.0206267	0.390707	0.00146955	0.00498975
25	0.00815996	0.0152324	0.00927308	0.00836366	0.295307	0.0144471	0.0434722	0.0164971	0.00152772	0.0150298	0.00434851	0.0170976	0.00241224	0.0106372	0.0159249	0.0256988	0.00679136	0.01363	0.0224663	0.453684
26	0.0439174	0.0040322	0.470122	0.0459664	0.00489604	0.0161264	0.0431885	0.00870681	0.00916082	0.0441834	0.00497031	0.198704	0.00397282	0.0134398	0.00643958	0.0414332	0.00831983	0.0277012	0.00182154	0.00289767
27	0.078772	0.00805125	0.132093	0.10423	0.0149688	0.188677	0.0209417	0.0184712	0.0554883	0.034368	0.0139092	0.0592521	0.0159459	0.0608653	0.037177	0.0615641	0.0474421	0.0332692	0.00376503	0.0107493
28	0.0488216	0.00930985	0.0345622	0.0459991	0.0062663	0.0300317	0.0121556	0.0320972	0.222674	0.0233757	0.0377992	0.0369349	0.0142924	0.0769855	0.133075	0.0891935	0.081734	0.0557432	0.00550565	0.00344362
29	0.0636958	0.00284862	0.0213581	0.03716	0.0063052	0.00945996	0.038207	0.0108499	0.321312	0.0189349	0.00665498	0.0373072	0.0060195	0.0829984	0.235656	0.0593001	0.0235553	0.0107642	0.00549632	0.00211688
30	0.0510987	0.0168873	0.0239177	0.00823125	0.00875788	0.0394201	0.0162824	0.105901	0.0332778	0.133678	0.0629176	0.122716	0.0136741	0.0563173	0.0100346	0.147361	0.11111	0.030172	0.00307438	0.00517008
31	0.03249	0.0192684	0.00308523	0.0031723	0.0893397	0.00830351	0.0041481	0.167019	0.00518594	0.38658	0.0889047	0.00508815	0.00107503	0.00528006	0.0105804	0.00740179	0.00999171	0.132758	0.00994015	0.0103887
32	0.00980566	0.0177393	0.0113916	0.00797945	0.305243	0.0127426	0.0422901	0.0248164	0.00273913	0.0257953	0.00764375	0.0126266	0.00331713	0.00917752	0.0133546	0.0223432	0.0101203	0.0269256	0.0375447	0.396404
33	0.159771	0.0768357	0.00259418	0.0092306	0.0155233	0.023613	0.0112819	0.0116277	0.00559438	0.0165441	0.00801041	0.0287253	0.0102507	0.00703035	0.00776256	0.304561	0.25408	0.0433913	0.00174917	0.00182412
34	0.16126	0.0166374	0.00402057	0.0153043	0.0209909	0.0126689	0.0232741	0.0248171	0.026315	0.0453542	0.0257552	0.031744	0.280216	0.00826088	0.0315417	0.0650272	0.0646364	0.128913	0.0015613	0.0117018
35	0.0957454	0.013614	0.0247227	0.0646745	0.0313327	0.0227492	0.0153678	0.165912	0.048359	0.116931	0.0453221	0.0115564	0.0562628	0.0214649	0.0279458	0.0298194	0.0470519	0.14851	0.00283167	0.00982601
36	0.0339484	0.00610375	0.053249	0.0490371	0.0178261	0.025017	0.0148241	0.0336523	0.20565	0.02113	0.00877491	0.0339964	0.0649181	0.0539923	0.188081	0.0559693	0.0842569	0.0458546	0.00163435	0.00208431
37	0.0921234	0.0145505	0.0563901	0.0983674	0.0159418	0.0135842	0.0159767	0.205151	0.0382574	0.128438	0.0269607	0.00991908	0.0791306	0.0219124	0.023421	0.0448712	0.0213619	0.0863962	0.00281308	0.00443328
38	0.106313	0.00920205	0.0303975	0.0466914	0.0254314	0.0592029	0.0177208	0.0306161	0.089699	0.0283448	0.00862446	0.0343696	0.25165	0.0173186	0.0319024	0.0548878	0.0656922	0.0832891	0.00226719	0.00637997
39	0.0625711	0.0068126	0.0913804	0.0902196	0.016133	0.0407805	0.0159032	0.0231737	0.145084	0.0379387	0.0107232	0.0583688	0.0610923	0.0534249	0.117325	0.0574022	0.0607135	0.0418691	0.00300867	0.00607513
40	0.087947	0.005664	0.147038	0.126804	0.0149768	0.0395288	0.0234904	0.0190021	0.0691414	0.0228871	0.0102928	0.0726612	0.0346455	0.0778166	0.0622171	0.0681401	0.0730243	0.0282332	0.00346516	0.0130242
41	0.0452754	0.00377989	0.474149	0.0508374	0.00605278	0.0181616	0.0468988	0.00759903	0.00960015	0.0389449	0.00460888	0.1794	0.00450965	0.0166464	0.00740443	0.0435004	0.00866772	0.0276168	0.00179475	0.00455168
42	0.0368774	0.0886107	0.00274365	0.00526399	0.0164902	0.00665419	0.0162289	0.300158	0.00805015	0.0769274	0.0183393	0.00908628	0.00671242	0.00864205	0.00589574	0.0309022	0.0439684	0.305667	0.00476562	0.00801665
43	0.0363109	0.00833123	0.000602112	0.00613113	0.0310237	0.00424272	0.00142595	0.355063	0.00224716	0.178802	0.0399934	0.00421189	0.00309254	0.00394458	0.0073344	0.00809652	0.0168283	0.284444	0.00179052	0.00608389
44	0.0314406	0.0153634	0.00403143	0.00370451	0.0869557	0.00627219	0.00510828	0.147831	0.00626779	0.437901	0.0838868	0.00591594	0.000796705	0.00492847	0.0101048	0.00636247	0.0119999	0.110624	0.00949619	0.0110086
45	0.0611906	0.0041583	0.0250292	0.0384362	0.00725735	0.0119456	0.0279122	0.0146691	0.301289	0.0185075	0.00939671	0.0359414	0.0104766	0.0780581	0.234468	0.058287	0.0380196	0.017908	0.00492159	0.00212757
46	0.114395	0.0440198	0.0125035	0.0120611	0.0166482	0.324169	0.0108086	0.0282237	0.0192896	0.0598705	0.0212505	0.0425798	0.0148262	0.0164154	0.0175401	0.0576872	0.0666003	0.0920435	0.0192572	0.00981085
47	0.109006	0.020256	0.00914113	0.0318647	0.0339668	0.0130128	0.0218501	0.119452	0.0733655	0.11122	0.0628544	0.01636	0.0167654	0.0320182	0.0378767	0.0247066	0.065024	0.171057	0.00373129	0.0264711
48	0.0590379	0.0107309	0.0724973	0.103385	0.0357986	0.0202085	0.0182557	0.0601654	0.0754208	0.0436672	0.0165792	0.043037	0.0121517	0.0816072	0.0503654	0.0733427	0.110024	0.0930463	0.00471326	0.0159652
49	0.142412	0.0562711	0.00339207	0.00614779	0.0216707	0.0221016	0.00614591	0.0815532	0.00704253	0.25651	0.0588288	0.00778143	0.00724953	0.0094716	0.00621957	0.0600236	0.0317139	0.210081	0.002331	0.00305344
50	0.0277285	0.0427053	0.00487523	0.0114588	0.145354	0.00548615	0.0617043	0.10262	0.025632	0.129993	0.0449468	0.00874653	0.00528942	0.0104925	0.0129659	0.0332527	0.0440163	0.0906002	0.0490431	0.14309
51	0.0255083	0.0151401	0.0101178	0.0227212	0.090246	0.00406483	0.0255491	0.0225738	0.134735	0.0741432	0.0489589	0.0442017	0.0102001	0.0305372	0.119717	0.0630065	0.137774	0.0476806	0.02253	0.0505946
52	0.109602	0.0112698	0.0109717	0.00518063	0.0113444	0.634129	0.00341865	0.00956216	0.0117106	0.032339	0.0122352	0.0206472	0.00675245	0.00989861	0.0148816	0.0502381	0.0155646	0.0237483	0.00419343	0.0023127
53	0.0186076	0.0226965	0.00413355	0.00925049	0.185826	0.00514561	0.0663266	0.092353	0.0183586	0.126392	0.0386611	0.00415222	0.00488961	0.00697883	0.00718916	0.0268642	0.0415083	0.0934803	0.0527271	0.174459
54	0.00816784	0.0152149	0.0092522	0.00837216	0.295082	0.0144367	0.0434445	0.0167594	0.00156871	0.0152736	0.00439657	0.016979	0.00243997	0.0106489	0.015934	0.0257311	0.00695003	0.0138574	0.0225578	0.452933
55	0.329754	0.0141788	0.0140735	0.00746245	0.00874557	0.0535003	0.00937585	0.0418316	0.0326976	0.0116948	0.0112148	0.0108321	0.028098	0.0488125	0.0353716	0.18127	0.128363	0.0249098	0.00439274	0.00342107
56	0.123933	0.0283562	0.00488547	0.00687419	0.0448675	0.0305463	0.00945352	0.0608557	0.0131289	0.101743	0.0634376	0.0298711	0.0141033	0.0146928	0.0248128	0.111189	0.188304	0.120508	0.0025154	0.00592286
57	0.0327113	0.0166441	0.00333658	0.00336146	0.0862238	0.00808231	0.00439692	0.164104	0.00543502	0.399213	0.086385	0.00525332	0.000985954	0.00529292	0.0102986	0.00695562	0.0100513	0.131704	0.00915967	0.0104044
58	0.0534793	0.0432565	0.0196288	0.0214099	0.0208926	0.0467882	0.0216021	0.0794297	0.0585779	0.133426	0.0367621	0.110419	0.0168366	0.0592356	0.0252017	0.0908481	0.0641664	0.0752375	0.00623568	0.0165659
59	0.045438	0.0110183	0.00101632	0.00928186	0.0366364	0.00835139	0.00186573	0.307781	0.00306981	0.188913	0.0415109	0.00421462	0.00423353	0.00543103	0.00714035	0.0101348	0.0143873	0.29186	0.00194876	0.00576663
60	0.0500637	0.00430634	0.462809	0.0521958	0.0060583	0.0179248	0.0423951	0.00906989	0.0121079	0.0414088	0.00560908	0.173832	0.0056514	0.0175737	0.00941072	0.0440371	0.0116561	0.0285288	0.0018298	0.00353086
61	0.0765966	0.00944733	0.00599545	0.0133501	0.0361113	0.0224093	0.0141819	0.100233	0.0647281	0.105238	0.0709366	0.0126466	0.0376984	0.036108	0.0523228	0.0260764	0.107275	0.190947	0.00228499	0.0154133
62	0.313224	0.0274645	0.0101915	0.00577143	0.00876653	0.0392609	0.00667535	0.0252818	0.019475	0.0117819	0.00812774	0.0123869	0.0188311	0.0226709	0.033065	0.224434	0.180496	0.026106	0.00350192	0.00248682
63	0.122056	0.0423778	0.00899538	0.00623656	0.0226808	0.0384986	0.141353	0.0233226	0.009637	0.00916257	0.0155059	0.102735	0.00421708	0.0209971	0.00913781	0.205129	0.0881282	0.0558652	0.0129626	0.0610013
64	0.128491	0.0294696	0.0111634	0.0206267	0.00934215	0.0427324	0.00923745	0.0199459	0.125257	0.0166726	0.0199203	0.0187894	0.0123144	0.0624855	0.0438149	0.200597	0.188138	0.0272417	0.00379743	0.00996327
65	0.13775	0.0840288	0.0019147	0.00361709	0.00920997	0.0254629	0.00372102	0.0368538	0.0033995	0.0313152	0.0128938	0.0214634	0.0168345	0.0101226	0.00792203	0.157439	0.283508	0.148653	0.00102306	0.00286826
66	0.0671844	0.033942	0.0107213	0.0168468	0.111389	0.0182584	0.0243469	0.0726177	0.0317401	0.110722	0.0964	0.0180969	0.0782775	0.0274614	0.0261865	0.0403759	0.0481206	0.129757	0.0109807	0.0265752
67	0.0894766	0.00721204	0.103413	0.121746	0.0196485	0.0186574	0.0240055	0.0283143	0.101419	0.0301249	0.0127847	0.06896	0.017714	0.0835544	0.0705937	0.0655782	0.0849569	0.035456	0.00436193	0.0120232
68	0.0321465	0.0148048	0.0042394	0.00390265	0.0859312	0.0059964	0.00550449	0.147103	0.00658097	0.437955	0.0838092	0.00609711	0.000785335	0.00500407	0.00973971	0.00630067	0.0119926	0.111802	0.00891434	0.0113901
69	0.10672	0.00644078	0.102687	0.128563	0.0138991	0.0218297	0.0261265	0.0247471	0.0898334	0.0286009	0.0144413	0.0807019	0.0169274	0.0743491	0.0634052	0.0743753	0.0809791	0.0311408	0.00385927	0.0103732
70	0.0299062	0.00674111	0.0466561	0.0410022	0.0153567	0.0257384	0.0155888	0.0288787	0.215566	0.0223358	0.00885878	0.0355351	0.0504876	0.0547369	0.225301	0.0553415	0.0730728	0.0462297	0.00137613	0.00129094
71	0.151984	0.00993312	0.0326467	0.0656779	0.0599416	0.0129629	0.0107503	0.149616	0.108576	0.0287569	0.0154566	0.0110585	0.0152057	0.0177782	0.0651711	0.0865062	0.0451164	0.101556	0.00331916	0.00798687
72	0.0319022	0.0147748	0.00415359	0.00397592	0.0858863	0.00605055	0.00542159	0.14844	0.00648471	0.436746	0.0838178	0.0060362	0.000793101	0.004964	0.00978997	0.00633072	0.011833	0.112351	0.00895762	0.0112913
73	0.0616896	0.00210983	0.00762433	0.0316793	0.00646326	0.00368107	0.0303358	0.00720658	0.322405	0.0196422	0.00572478	0.0178116	0.0120227	0.0635701	0.324682	0.0459236	0.0226533	0.00935355	0.00327502	0.00214648
74	0.0370026	0.00934646	0.0397309	0.0416777	0.0136195	0.0285041	0.0130697	0.0310652	0.218528	0.0221543	0.0189091	0.0370365	0.0350083	0.0623579	0.191819	0.0674865	0.0771491	0.0504877	0.00310275	0.00194453
75	0.0480406	0.00730075	0.0389678	0.0432403	0.00823717	0.026053	0.0186529	0.0292168	0.240491	0.0226479	0.0261233	0.0470968	0.0127092	0.0789649	0.152892	0.0790884	0.064518	0.0471855	0.00604791	0.0025254
76	0.0122181	0.0161667	0.00839964	0.01113	0.270451	0.0129554	0.0459828	0.0483369	0.00720544	0.0569106	0.01663	0.00913473	0.00725642	0.00836789	0.0106377	0.0231424	0.0225702	0.0565139	0.0379883	0.318002
77	0.0419883	0.00800885	0.0381998	0.0431982	0.00908412	0.0279518	0.0126337	0.0351992	0.227627	0.0210378	0.0267756	0.0372985	0.0225144	0.0683611	0.160346	0.0775507	0.0822217	0.0533234	0.00405882	0.00262086
78	0.0405764	0.00672366	0.037825	0.0314864	0.0406619	0.0622402	0.00684871	0.185	0.041982	0.0334548	0.0259547	0.0075556	0.00808738	0.0366331	0.0563763	0.0296312	0.0511293	0.285787	0.0024779	0.00956804
79	0.0340919	0.0171338	0.0231669	0.039645	0.100548	0.00451207	0.0385538	0.0401041	0.108258	0.0623869	0.0384385	0.0779961	0.00544883	0.0337212	0.0815413	0.0791732	0.10421	0.054528	0.0105085	0.0460339
80	0.0226232	0.0103387	0.00675017	0.0167983	0.0910111	0.00415518	0.0176945	0.0218499	0.158993	0.0604912	0.0698164	0.0305663	0.00789983	0.0291484	0.109284	0.0603448	0.165449	0.0403844	0.025703	0.0506988
81	0.028955	0.0143013	0.00229943	0.00632879	0.0853695	0.00446779	0.0140699	0.245188	0.00778904	0.255286	0.0567508	0.00551828	0.00273781	0.00498172	0.00858559	0.010392	0.020015	0.176615	0.0131464	0.0372029
82	0.0964605	0.00631506	0.111742	0.13094	0.0148913	0.0198258	0.025823	0.0251005	0.0881609	0.0279965	0.012221	0.0735366	0.0241152	0.0825559	0.0604792	0.0676521	0.0862397	0.0308651	0.00378082	0.0112984
83	0.0300355	0.0337102	0.0279887	0.0405344	0.0833573	0.028192	0.0442114	0.0945428	0.0264555	0.115819	0.04407	0.0389638	0.0237212	0.0389428	0.0247793	0.0595589	0.057779	0.0870166	0.0191062	0.0812148
84	0.0863942	0.00719167	0.0999881	0.109698	0.0142428	0.0205999	0.0213888	0.0254041	0.130127	0.0277299	0.0132112	0.0757954	0.015153	0.0821799	0.0784879	0.0716228	0.0740329	0.0319125	0.00611188	0.00872818
85	0.0277247	0.00697509	0.0471242	0.0401259	0.0165555	0.025033	0.0144543	0.0315507	0.209508	0.0212882	0.00854033	0.0334345	0.05494	0.0537036	0.223109	0.0543495	0.0802418	0.0487776	0.00117948	0.00138468
86	0.0371756	0.0126908	0.0037086	0.00723337	0.0560712	0.00617124	0.00515768	0.232216	0.00768738	0.304886	0.057716	0.00580099	0.00350286	0.00765858	0.0153617	0.0147261	0.0198302	0.187091	0.00647684	0.00883739
87	0.0620279	0.00240305	0.0125601	0.0391015	0.00516951	0.00515488	0.0310551	0.00841138	0.333586	0.0165546	0.00396238	0.0230357	0.00907264	0.0766887	0.285074	0.0489938	0.0246364	0.00736379	0.00311386	0.00203516
88	0.00815996	0.0152324	0.00927308	0.00836366	0.295307	0.0144471	0.0434722	0.0164971	0.00152772	0.0150298	0.00434851	0.0170976	0.00241224	0.0106372	0.0159249	0.0256988	0.00679136	0.01363	0.0224663	0.453684
89	0.102403	0.00827857	0.00576235	0.00474147	0.00942756	0.0354443	0.0135888	0.0133666	0.0168494	0.0245536	0.00484929	0.0147604	0.603106	0.00721352	0.0132226	0.0557601	0.0184208	0.0353241	0.00834504	0.00458233
90	0.0567705	0.00317124	0.115311	0.0657041	0.0360918	0.0807284	0.0913121	0.00983256	0.0591015	0.00719283	0.00337461	0.156359	0.0131289	0.0967623	0.0415115	0.072889	0.00873031	0.0204918	0.00977316	0.0517627
91	0.0258316	0.0177003	0.00422085	0.00543529	0.13553	0.00537181	0.0291728	0.113494	0.0107503	0.316593	0.062012	0.00446328	0.00272892	0.00556885	0.0108286	0.0145057	0.0220163	0.0936299	0.041447	0.0786994
92	0.106242	0.0102444	0.00693909	0.0104769	0.0165437	0.0263513	0.0250753	0.020919	0.0234687	0.0421326	0.0116012	0.0215783	0.470332	0.0116376	0.0177368	0.0665987	0.0319501	0.066587	0.00530981	0.00827493
93	0.0965363	0.0944048	0.0049534	0.0062841	0.02722	0.0167177	0.0112401	0.0661595	0.00964307	0.254369	0.0531838	0.0139033	0.0125542	0.0123515	0.00875998	0.0689828	0.0799672	0.151755	0.00472228	0.00629191
94	0.043321	0.0249516	0.00105184	0.00166014	0.00736443	0.00856535	0.00495837	0.191489	0.00360339	0.103172	0.0204263	0.00190325	0.006212	0.00855339	0.00419145	0.0233446	0.0213765	0.51798	0.000676877	0.00519792
95	0.0540359	0.00695417	0.0249243	0.0760603	0.00959543	0.0251477	0.0778871	0.0274542	0.204876	0.0525167	0.026085	0.0553247	0.00886818	0.0856695	0.124346	0.0511845	0.0298104	0.0335445	0.0186318	0.0070836
96	0.0325535	0.0147311	0.00423438	0.00393247	0.0856715	0.00606128	0.00578722	0.146142	0.00662948	0.436902	0.0828914	0.00608823	0.000900609	0.00521578	0.00977757	0.006461	0.0121011	0.113288	0.00902473	0.0116069
97	0.0544646	0.0400236	0.00301749	0.00414697	0.076146	0.0119058	0.00499295	0.14462	0.0060003	0.321128	0.0763201	0.00574859	0.0051758	0.00755194	0.00886985	0.018958	0.0156655	0.17902	0.00790198	0.00834204
98	0.0482759	0.0119468	0.0511521	0.0710448	0.0767752	0.00812447	0.037578	0.0344075	0.0987671	0.0486251	0.0267857	0.0782532	0.00703188	0.0517545	0.0767979	0.0823077	0.0987769	0.0472537	0.00786092	0.0364807
99	0.0292526	0.00680813	0.000513506	0.00649101	0.0319327	0.00145983	0.00134662	0.385008	0.00220169	0.177192	0.0391998	0.00455768	0.00267523	0.00297854	0.00703681	0.00704353	0.0189141	0.266406	0.00194351	0.00703827
100	0.101259	0.0179326	0.0630095	0.103043	0.0139795	0.0106789	0.0193477	0.173358	0.0461746	0.136803	0.0303638	0.00912843	0.059371	0.0303697	0.0275451	0.0393181	0.0188068	0.0911745	0.00282626	0.00550953
101	0.0835997	0.0114168	0.108915	0.115995	0.0230716	0.019998	0.0223179	0.0267694	0.0932397	0.0337164	0.0136675	0.0734389	0.0153171	0.082864	0.0625288	0.0648322	0.086351	0.0408416	0.00611396	0.0150056
102	0.0805439	0.00355112	0.232159	0.350723	0.031419	0.0146276	0.0128076	0.00720677	0.0133652	0.0162747	0.0399877	0.0146572	0.0120824	0.0469835	0.0134972	0.0361552	0.0414088	0.0280777	0.00151069	0.0029611
103	0.0507671	0.00714199	0.0117518	0.0157845	0.0253287	0.0232847	0.0073397	0.179961	0.0548206	0.07134	0.0244733	0.0079824	0.00794902	0.0530819	0.0694976	0.0437338	0.111725	0.215257	0.00158173	0.0171985
104	0.374563	0.0101506	0.0203946	0.0069903	0.0077072	0.0455652	0.00867532	0.0337617	0.0286759	0.0106969	0.00904596	0.00768586	0.0215947	0.0356438	0.0465578	0.188781	0.117557	0.0188856	0.00397926	0.00308858
105	0.106838	0.00592616	0.100287	0.132926	0.0132173	0.0204083	0.0231946	0.0223456	0.0941062	0.0264534	0.0145263	0.0820237	0.0158658	0.0758082	0.0645303	0.0770905	0.076271	0.033861	0.00474411	0.00957654
106	0.0335255	0.0183406	0.00330118	0.0037509	0.0905472	0.00806835	0.00509048	0.167246	0.00602921	0.370509	0.0937307	0.00532264	0.00309083	0.00760142	0.0102127	0.0100648	0.0109935	0.133621	0.00905478	0.00990005
107	0.0314006	0.0108326	0.000847954	0.00615489	0.0305816	0.00307909	0.00200239	0.354209	0.00281576	0.177229	0.0378329	0.00431943	0.00309324	0.00376873	0.00662404	0.0097414	0.0206461	0.285985	0.00212502	0.00671173
108	0.0503542	0.00567683	0.0362604	0.042015	0.00850385	0.021695	0.0243988	0.0211161	0.277484	0.021156	0.0149777	0.0494565	0.00942085	0.0875782	0.177782	0.068466	0.0444335	0.0312074	0.00640265	0.00161518
109	0.100506	0.00640004	0.109271	0.128531	0.0152513	0.0199409	0.0257273	0.0249674	0.0940739	0.0291099	0.0129375	0.0743638	0.0179925	0.0817866	0.0623091	0.0678299	0.0818905	0.0318917	0.00404856	0.0111702
110	0.00993314	0.0174885	0.011132	0.00796284	0.303277	0.0124086	0.0436767	0.0267772	0.00315167	0.0291357	0.00871461	0.0119538	0.00352718	0.00887618	0.0128171	0.0219789	0.0110373	0.0304181	0.0392609	0.386473
111	0.0498333	0.00769577	0.0289036	0.0316157	0.00806681	0.240314	0.0166426	0.0190813	0.175395	0.0253023	0.0227458	0.0398741	0.0100112	0.0674546	0.110855	0.0643656	0.0420593	0.0318816	0.00520733	0.00269403
112	0.0321342	0.0157635	0.0035456	0.00345711	0.0857845	0.0069617	0.00444208	0.163758	0.00561266	0.401983	0.0864642	0.00575558	0.000998875	0.0050285	0.00967388	0.00672482	0.0109066	0.131754	0.00871831	0.0105331
113	0.0804101	0.00709435	0.067901	0.0924066	0.00996429	0.0244373	0.0173882	0.0234049	0.1681	0.024406	0.0244858	0.065005	0.0104734	0.0841318	0.0924399	0.0843755	0.0672512	0.0417814	0.00819729	0.00634582
114	0.0284576	0.00666074	0.000513491	0.00663067	0.032921	0.00128282	0.00128632	0.38775	0.00220844	0.178279	0.0398162	0.0046423	0.00250877	0.00283256	0.00710371	0.00663609	0.0185523	0.262938	0.0020154	0.00696445
115	0.0407136	0.0232678	0.00111646	0.00332941	0.0167606	0.00857326	0.0036912	0.240107	0.00434147	0.124768	0.029044	0.00286022	0.00560814	0.0119968	0.00838677	0.0183613	0.018467	0.432463	0.00108047	0.0050646
116	0.0570151	0.0213522	0.00538522	0.00776626	0.0660975	0.00841405	0.0160226	0.147586	0.0111287	0.361151	0.0802183	0.0104097	0.00601623	0.0101671	0.0101458	0.018426	0.0233276	0.11673	0.00879919	0.0138411
117	0.0721659	0.00578586	0.0896223	0.0748643	0.0113264	0.0210083	0.0389109	0.0133235	0.0417177	0.0152325	0.00753876	0.0912392	0.2064	0.101669	0.0246998	0.100343	0.0522009	0.0190446	0.00400606	0.00890154
118	0.197902	0.00968667	0.00351755	0.0133349	0.0121013	0.0142644	0.019858	0.017232	0.0161125	0.0214546	0.00977034	0.029977	0.40008	0.00717677	0.022013	0.0766254	0.0372853	0.0790327	0.00310172	0.00947342
119	0.132191	0.0167642	0.00828847	0.0143448	0.0209531	0.0219272	0.0188565	0.0349187	0.0258884	0.0479594	0.0384102	0.0251749	0.300664	0.0146446	0.0265824	0.0582836	0.07039	0.109418	0.00406146	0.0102798
120	0.0636001	0.0096043	0.0310323	0.0543215	0.00338398	0.029776	0.0134172	0.0316995	0.201007	0.0285202	0.0551576	0.0310278	0.010494	0.0814886	0.101401	0.101198	0.0839929	0.0558325	0.00746878	0.00557728
121	0.0400797	0.0072378	0.00837223	0.0397439	0.0172811	0.0350214	0.0451739	0.0438976	0.0770782	0.0628096	0.0231504	0.139368	0.0360879	0.00965325	0.0905693	0.220842	0.0345395	0.0395356	0.00326429	0.0262944
122	0.0118287	0.0218602	0.0156117	0.0083108	0.302864	0.0129689	0.0398158	0.0238384	0.00325713	0.0237237	0.00742909	0.0128632	0.00355579	0.00948592	0.0137583	0.0229038	0.0101825	0.0278535	0.036472	0.391416
123	0.298433	0.0257817	0.00614701	0.0126061	0.0175146	0.226836	0.00812596	0.0500547	0.00867795	0.0197173	0.0327345	0.00958841	0.017544	0.0111071	0.0186109	0.0847818	0.0592773	0.086308	0.00296927	0.00318485
124	0.0542491	0.0300527	0.00130824	0.00490614	0.0391258	0.0181277	0.00254561	0.192168	0.00382685	0.166769	0.0428861	0.0027207	0.00758063	0.0117146	0.00673046	0.0193229	0.0107398	0.378999	0.00250862	0.00371825
125	0.0660758	0.0282362	0.00163284	0.00452481	0.0398785	0.0236897	0.00286851	0.164776	0.00411383	0.202417	0.0523293	0.00313817	0.00680588	0.010365	0.00783661	0.0221827	0.0114741	0.341956	0.00197235	0.00372642
126	0.0305842	0.0164117	0.00367117	0.00351795	0.0886814	0.00712151	0.00487136	0.15353	0.00575925	0.429086	0.083541	0.00553174	0.000866348	0.00495231	0.011236	0.00662958	0.0111078	0.111223	0.0106138	0.0110632
127	0.0297763	0.0065957	0.000519756	0.00651165	0.0337699	0.00164824	0.00135286	0.38232	0.00224415	0.183213	0.0423274	0.00482121	0.00244735	0.00286379	0.00737245	0.00663165	0.0176724	0.259052	0.00207661	0.00678386
128	0.0312753	0.0188669	0.00296315	0.0034101	0.0887189	0.00753333	0.00396772	0.179189	0.00519424	0.375551	0.0859283	0.00501833	0.00117028	0.00509791	0.00999683	0.00720577	0.010283	0.138089	0.0098221	0.0107184
129	0.0588576	0.181687	0.00348735	0.00637176	0.0838663	0.00584889	0.0144492	0.191497	0.0126003	0.0792555	0.0561802	0.0101887	0.0152747	0.00851529	0.00741001	0.0267683	0.032016	0.161987	0.0266481	0.0170903
130	0.0291438	0.00660331	0.000526586	0.00660114	0.032333	0.00128665	0.0013269	0.388778	0.00223861	0.176572	0.0394426	0.00462855	0.00254512	0.00290086	0.007225	0.00656193	0.0185807	0.263672	0.00197095	0.00706256
131	0.0351697	0.0157281	0.00383863	0.00536239	0.0871151	0.00677577	0.0071351	0.142325	0.0131584	0.39677	0.0827076	0.00803258	0.00459697	0.00698978	0.0147971	0.00814654	0.019832	0.119755	0.0091276	0.0126361
132	0.100061	0.00727088	0.0964925	0.117076	0.0160806	0.0191921	0.0229453	0.0319649	0.0998287	0.0346509	0.020138	0.0614102	0.015726	0.0797073	0.0714179	0.0651791	0.0848907	0.0383835	0.00418238	0.0134025
133	0.0288085	0.00638757	0.000542831	0.0067819	0.0323581	0.00109081	0.00133575	0.390611	0.0022302	0.177693	0.0395052	0.00474267	0.00248812	0.00275635	0.00717177	0.00650794	0.0187694	0.261215	0.00199399	0.00701059
134	0.0554624	0.0044748	0.0216148	0.0390693	0.00958011	0.0132878	0.0265869	0.0159243	0.288976	0.0241799	0.011831	0.0298713	0.0168853	0.0691194	0.24696	0.0549462	0.0396152	0.0235375	0.00486318	0.00321498
135	0.0860838	0.0142646	0.0206355	0.0514059	0.0506068	0.0124896	0.0458099	0.0494472	0.0911662	0.0855741	0.0285639	0.0337739	0.00941988	0.0908436	0.0802151	0.066298	0.0476901	0.0658985	0.00727609	0.0625372
136	0.0468556	0.041538	0.0134547	0.0305575	0.0777962	0.00991799	0.0336469	0.108929	0.0637295	0.0909816	0.0448956	0.045842	0.00952809	0.037329	0.0433748	0.0560622	0.0779976	0.110134	0.0105727	0.0468578
137	0.264892	0.114585	0.00583708	0.0102908	0.0152396	0.132675	0.0123745	0.0223669	0.0119176	0.0197671	0.0179672	0.0275416	0.0299065	0.0128533	0.0149179	0.191723	0.0427786	0.040157	0.00502221	0.00718718
138	0.0236418	0.025747	0.00476793	0.0149752	0.146895	0.00703269	0.0646975	0.108771	0.0276322	0.130529	0.0417688	0.00985823	0.00707372	0.0139264	0.0102191	0.0321642	0.0464716	0.108715	0.0412321	0.133881
139	0.0821379	0.0316579	0.0186124	0.0195493	0.0137391	0.355543	0.0127108	0.0240154	0.0458209	0.0556105	0.0157979	0.0689541	0.0502314	0.0237421	0.0225835	0.0550791	0.0547765	0.0363855	0.00503958	0.00801301
140	0.0285779	0.00641148	0.000515691	0.00669807	0.0323744	0.00108696	0.00131353	0.390442	0.00221664	0.177626	0.0395678	0.0046853	0.00249367	0.00275759	0.00716813	0.00650473	0.0187387	0.261789	0.00199653	0.00703526
141	0.176036	0.0123073	0.00415245	0.0107344	0.0163865	0.00884512	0.0247789	0.0482221	0.0307124	0.101707	0.0581463	0.0259604	0.15501	0.0125102	0.0515769	0.0318791	0.0777898	0.141137	0.00244457	0.0096643
142	0.0586793	0.0570542	0.00383432	0.0247793	0.00715785	0.0179352	0.0129699	0.0084647	0.00748781	0.00962353	0.00639985	0.0441456	0.00886579	0.00547139	0.00535398	0.292202	0.378111	0.0483494	0.00120963	0.00190516
143	0.141929	0.0146755	0.00555607	0.0133176	0.0213524	0.0252139	0.0231574	0.0233972	0.0334775	0.0373403	0.0134813	0.0376426	0.359256	0.00807478	0.0243069	0.0613892	0.0470714	0.0914527	0.00289058	0.0150179
144	0.241849	0.0132682	0.0210341	0.0224736	0.0318407	0.023349	0.0420394	0.0451346	0.0502002	0.0198468	0.0124441	0.0446426	0.0124341	0.154786	0.051495	0.106052	0.0643638	0.0256423	0.00489803	0.0122057
145	0.0287617	0.0224771	0.00528645	0.0127432	0.152659	0.00699967	0.0553178	0.088911	0.0289595	0.125119	0.0362122	0.0106748	0.00604826	0.013025	0.0138672	0.0409197	0.0552184	0.108571	0.0381466	0.150082
146	0.0490876	0.147773	0.00338302	0.00831851	0.0915103	0.00419826	0.031721	0.182589	0.0201903	0.102864	0.0596983	0.0103015	0.0092939	0.00817638	0.00749208	0.0325213	0.0484087	0.0987866	0.032061	0.0516255
147	0.350069	0.040354	0.0132794	0.0166675	0.00994449	0.0882888	0.0131776	0.0339059	0.0137407	0.0222774	0.0348244	0.0102334	0.0294055	0.027429	0.0230539	0.123143	0.0759222	0.0689187	0.00243056	0.00293394
148	0.0522754	0.0175378	0.0431192	0.0342848	0.0264908	0.0296965	0.0326713	0.0407032	0.0967209	0.0944447	0.0236457	0.19138	0.0241062	0.0409985	0.0593542	0.075331	0.0494935	0.0453931	0.00703024	0.0153226
149	0.0279766	0.00917226	0.00162599	0.00531907	0.0505789	0.00272021	0.0022669	0.311812	0.0030104	0.264339	0.0558381	0.00486677	0.00190706	0.00300895	0.00817515	0.00622127	0.0168919	0.210915	0.00505008	0.00830394
150	0.171304	0.0964106	0.0043742	0.00612448	0.0243028	0.0158046	0.00769165	0.0579324	0.00784141	0.271418	0.0419422	0.00993363	0.00695717	0.00873008	0.00729536	0.0742185	0.0431468	0.136861	0.00358714	0.00412475
151	0.0684853	0.0122719	0.0386326	0.0457753	0.0158558	0.0148658	0.0629478	0.0295876	0.0480805	0.194374	0.229716	0.0149781	0.0134819	0.0575456	0.0168472	0.0408081	0.0274429	0.0528548	0.00545939	0.00998899
152	0.0580609	0.00406855	0.0204176	0.0390847	0.00751671	0.011409	0.0307939	0.0148979	0.304133	0.0222742	0.011398	0.0308705	0.0113725	0.0790312	0.237924	0.0568625	0.0337601	0.0186215	0.00457617	0.00292675
153	0.0288866	0.00718208	0.000581915	0.00641215	0.0320017	0.00190426	0.00128349	0.379041	0.00224078	0.177632	0.0404631	0.00451377	0.00284986	0.00314796	0.00735717	0.00719608	0.0183269	0.270247	0.00193316	0.00679975
154	0.0443895	0.0207485	0.0251369	0.0156407	0.0325304	0.0212847	0.04614	0.0983606	0.028511	0.217609	0.0435065	0.154504	0.0151921	0.028832	0.0191152	0.056424	0.0453521	0.0636316	0.00767107	0.0154203
155	0.353479	0.0465765	0.0061579	0.0132671	0.0110886	0.11071	0.010219	0.0409546	0.0113139	0.0239248	0.0444158	0.009601	0.0275163	0.0190554	0.0137238	0.102354	0.0592152	0.0915958	0.00202839	0.00280357
156	0.056654	0.0187846	0.0415366	0.0495633	0.0132084	0.0253738	0.0225629	0.0263055	0.221812	0.0302165	0.0199582	0.0579849	0.0146674	0.0847714	0.132779	0.0717856	0.058808	0.0390896	0.00728265	0.00685546
157	0.0485516	0.021384	0.00339411	0.00433814	0.0693078	0.0072894	0.00537353	0.165548	0.00640648	0.372235	0.0809261	0.00638037	0.00248936	0.00582483	0.0095714	0.0130745	0.0195766	0.14115	0.0077091	0.00946967
158	0.0374437	0.00596317	0.0148276	0.0143302	0.0263391	0.0244984	0.00525307	0.207023	0.0512764	0.0576092	0.0210963	0.00657867	0.00571906	0.0425272	0.064588	0.0447263	0.119441	0.232426	0.00118584	0.0171489
159	0.113693	0.0228863	0.0318231	0.0364629	0.0240005	0.0277748	0.0660026	0.0518553	0.0418037	0.0380432	0.0207243	0.0954389	0.0140133	0.0677885	0.0326556	0.126566	0.113803	0.0430841	0.00677591	0.0248055
160	0.124533	0.042059	0.00889656	0.00602771	0.0238434	0.0380293	0.138488	0.0228246	0.00999121	0.00888129	0.0161095	0.10553	0.0039846	0.0199431	0.00959207	0.204137	0.0867691	0.0553219	0.0138028	0.0612355
161	0.0381927	0.00554498	0.0138081	0.0166374	0.0279156	0.027906	0.00588016	0.192311	0.0543799	0.0610041	0.0210204	0.00705402	0.00633035	0.0465288	0.0695617	0.0448942	0.110722	0.231537	0.00114486	0.0176268
162	0.030073	0.00844342	0.000542415	0.00614731	0.0306877	0.00227066	0.00169677	0.373703	0.0021401	0.175453	0.037759	0.00434255	0.0034315	0.00337251	0.00673212	0.00843305	0.0194151	0.27693	0.00185201	0.0065743
163	0.102458	0.0115531	0.013627	0.00894943	0.0126946	0.584357	0.00636339	0.0124234	0.0212572	0.0330512	0.0123489	0.0226254	0.0101788	0.0149391	0.0265386	0.0523017	0.0190745	0.0263792	0.0046258	0.00425374
164	0.122816	0.149339	0.00498187	0.0088958	0.0329778	0.0168268	0.0142068	0.188834	0.0124473	0.0531285	0.0299958	0.0263135	0.0142518	0.0132397	0.0114119	0.0582757	0.0584157	0.161014	0.0106181	0.0120088
165	0.0459201	0.00360011	0.473921	0.0517874	0.00668899	0.0211121	0.0479711	0.00739539	0.00931032	0.0364545	0.00478559	0.173014	0.00458146	0.0186161	0.00790326	0.0433129	0.00827014	0.0277573	0.00191608	0.00568248
166	0.0400799	0.0220023	0.00111745	0.00283284	0.0101668	0.00625074	0.00478803	0.222233	0.00368938	0.108608	0.0220115	0.0026461	0.00526577	0.00763656	0.00485186	0.0208202	0.0232529	0.485066	0.000872703	0.00580828
167	0.0566063	0.0551943	0.00482467	0.0257886	0.00742649	0.019431	0.0160636	0.0088405	0.00791314	0.0102942	0.00674193	0.0463526	0.00911448	0.00591754	0.00588204	0.292907	0.3674	0.0491363	0.00143708	0.00272822
168	0.0620352	0.0111254	0.0249195	0.0343426	0.0250075	0.021133	0.13475	0.0319749	0.1269	0.0402223	0.021648	0.0442334	0.0184063	0.0641592	0.158479	0.0655981	0.0416018	0.0391691	0.00726355	0.0270318
169	0.0415553	0.0299018	0.00116203	0.00272072	0.01845	0.0097592	0.00422252	0.200494	0.00349948	0.156679	0.0344812	0.00307743	0.0063787	0.00880217	0.0052011	0.0265793	0.0218556	0.419117	0.00142301	0.00464045
170	0.0557858	0.0370038	0.00305083	0.00377871	0.00715282	0.0128088	0.00623795	0.130687	0.00803886	0.0708688	0.0153059	0.006233	0.00726694	0.0114688	0.00943568	0.057124	0.116536	0.42767	0.00126326	0.0122834
171	0.205335	0.0146449	0.00836339	0.0073447	0.0127563	0.479309	0.00444682	0.0215559	0.00624815	0.0275166	0.0202422	0.0144375	0.00910201	0.00592375	0.0125303	0.0700922	0.0267148	0.0467091	0.00425752	0.0024695
172	0.0605578	0.0565106	0.00380807	0.0248307	0.00723901	0.017746	0.0128565	0.00881902	0.00771854	0.00984127	0.00682138	0.0462378	0.0091471	0.00578842	0.00544276	0.290071	0.375571	0.0477349	0.0012783	0.0019796
173	0.136413	0.00967753	0.00727726	0.016025	0.0190816	0.0121323	0.0271729	0.0680282	0.0518202	0.130689	0.0977377	0.0165051	0.0170376	0.0313401	0.0242601	0.0214988	0.0859663	0.190122	0.00458479	0.0326304
174	0.0418395	0.00449586	0.462168	0.0437642	0.00469001	0.0161269	0.0431568	0.0095258	0.00870478	0.0453646	0.00492858	0.210035	0.00399266	0.0126269	0.00582157	0.0430554	0.00799544	0.0272143	0.00166411	0.00282995
175	0.159376	0.0724472	0.00165773	0.00451781	0.0149493	0.022993	0.00546546	0.0247434	0.00445888	0.026189	0.0163547	0.031431	0.0129719	0.0111184	0.0106361	0.220791	0.271489	0.0855486	0.00119684	0.0016651
176	0.050052	0.00490943	0.0323662	0.039448	0.00908497	0.0192164	0.0273785	0.01883	0.286167	0.0205578	0.0128122	0.0441754	0.00997623	0.0848275	0.199381	0.0660674	0.0408003	0.0266604	0.00568227	0.00160707
177	0.00819541	0.015246	0.00930799	0.00835526	0.296164	0.0143947	0.043392	0.0167155	0.00152247	0.0153006	0.00441883	0.0169357	0.00244692	0.0105624	0.0158392	0.0255317	0.00681336	0.0139481	0.0226243	0.452285
178	0.189888	0.0779447	0.00669707	0.00904388	0.0407777	0.104271	0.0492621	0.0597368	0.0274859	0.0134908	0.0239896	0.0569126	0.00822939	0.0125087	0.0739549	0.118016	0.0229535	0.038506	0.0236492	0.0426819
179	0.346224	0.0504868	0.00564866	0.0124377	0.0129119	0.119911	0.0127476	0.0403029	0.00988448	0.0201463	0.0384343	0.0104823	0.0312078	0.0171154	0.0146905	0.112472	0.0547214	0.0840813	0.00258861	0.00350535
180	0.100942	0.00635398	0.110352	0.129672	0.0152409	0.0199499	0.0254665	0.0252095	0.0916786	0.0292898	0.0129137	0.0742187	0.0183649	0.0809719	0.0612463	0.0676191	0.0829855	0.0322217	0.00392957	0.0113736
181	0.0672816	0.00601993	0.0104536	0.0211584	0.00929339	0.0103468	0.157158	0.0280402	0.18453	0.0222745	0.0124223	0.0382534	0.00795872	0.0740447	0.200562	0.0704233	0.0323982	0.0175264	0.00530935	0.0245457
182	0.0286412	0.00699542	0.000543184	0.00652165	0.0319877	0.00152603	0.00135829	0.384336	0.00229307	0.178447	0.0397398	0.0045636	0.00271123	0.00300791	0.00719902	0.00718175	0.0188341	0.265245	0.00195126	0.00691692
183	0.0287201	0.00644402	0.000519344	0.00661288	0.0331692	0.00116182	0.00133211	0.388412	0.00225335	0.178977	0.0403207	0.00467181	0.00247922	0.00276865	0.0071985	0.00652989	0.0184169	0.260917	0.00203584	0.00705961
184	0.0195468	0.0259522	0.00448338	0.0096201	0.182462	0.00536654	0.0620084	0.0955625	0.0183865	0.124929	0.0401885	0.0043528	0.00536065	0.00761734	0.00740951	0.0267968	0.0415145	0.0963737	0.0498785	0.17219
185	0.00844199	0.0154011	0.00940367	0.00837824	0.296847	0.0143265	0.0427157	0.0175441	0.00163722	0.0162015	0.00470031	0.0164659	0.00255852	0.0103992	0.0158288	0.0252867	0.00728554	0.0152975	0.0227868	0.448494
186	0.0556339	0.00887528	0.0262851	0.034883	0.019543	0.0163997	0.0271275	0.0271411	0.197534	0.0316497	0.0165219	0.0330944	0.0268735	0.0521414	0.240974	0.0605626	0.0707621	0.0401112	0.00515418	0.00873253
187	0.0674914	0.00689817	0.382567	0.0641545	0.00976477	0.0597783	0.0338641	0.0177499	0.0204543	0.0332418	0.00937362	0.107051	0.0113649	0.0250968	0.0127383	0.0488764	0.0237328	0.0566884	0.00272746	0.00638654
188	0.120152	0.0116429	0.0109427	0.0054773	0.0112329	0.617676	0.00373545	0.0105444	0.0110383	0.031554	0.0125478	0.0198485	0.0065363	0.00971894	0.0141642	0.0534808	0.0172183	0.0256753	0.00432625	0.00248734
189	0.0715111	0.02136	0.00226377	0.00558998	0.0209506	0.012992	0.00455119	0.204407	0.00498728	0.151174	0.0325124	0.0038814	0.00781534	0.00890066	0.00641066	0.0212287	0.0190145	0.392822	0.00180881	0.00581938
190	0.303449	0.0223721	0.0127362	0.0115663	0.0100069	0.0468117	0.0125464	0.029985	0.023106	0.0192141	0.0146222	0.0167788	0.096227	0.0244213	0.0431022	0.167791	0.0907544	0.0448257	0.00438219	0.00530177
191	0.0830346	0.00347573	0.239112	0.343656	0.0291088	0.0151834	0.0136451	0.00694777	0.014947	0.0161702	0.0356692	0.0170437	0.0122678	0.0447309	0.0148827	0.0368563	0.0425705	0.0265515	0.00148213	0.00266475
192	0.02936	0.00653883	0.000522953	0.00658262	0.0330107	0.00136587	0.00134871	0.385999	0.0022187	0.181282	0.0410077	0.00475292	0.00244407	0.00279245	0.00720066	0.00661564	0.0181455	0.259836	0.00206602	0.00690962
193	0.050123	0.00404645	0.0165263	0.0636485	0.00797327	0.0101105	0.0272303	0.0136647	0.289184	0.027318	0.00734349	0.0235725	0.0238491	0.0765394	0.255977	0.0463936	0.0310141	0.0187047	0.00385561	0.00292551
194	0.072481	0.00755964	0.0704321	0.080451	0.0121282	0.0218842	0.0199826	0.0223993	0.195882	0.0254913	0.0146437	0.061321	0.0126146	0.0875299	0.122118	0.0711413	0.0596138	0.0300001	0.00711645	0.00520936
195	0.245098	0.0762724	0.00782898	0.0116876	0.0233166	0.0348943	0.0153122	0.0954039	0.0189175	0.0391256	0.0321823	0.0161861	0.0575084	0.0191007	0.0362902	0.0564007	0.0658834	0.11589	0.0058859	0.026815
