440	20
1	0.107835	0.00553728	0.117109	0.184289	0.0110881	0.0376309	0.0257825	0.0225597	0.0545626	0.0513882	0.026604	0.0325192	0.00649193	0.063761	0.0615158	0.0631992	0.0469799	0.0692583	0.00329849	0.00859034
2	0.129886	0.00785244	0.00253039	0.00794161	0.0356651	0.00258073	0.00418064	0.137609	0.00176844	0.197438	0.054782	0.00430849	0.00120811	0.00399431	0.00679821	0.0184861	0.0362854	0.33986	0.00126954	0.00555618
3	0.00638369	0.00209061	0.000796348	0.00151155	0.0179245	0.000492573	0.000457019	0.194343	0.000394049	0.632731	0.0313216	0.0009446	0.000192627	0.000606675	0.00136037	0.00192637	0.00496626	0.0973181	0.00360267	0.000636545
4	0.036121	0.0030457	0.171774	0.287907	0.00790427	0.094807	0.0474282	0.00526222	0.0671642	0.0215261	0.00786936	0.047375	0.00549747	0.0790317	0.0244204	0.0490064	0.0173735	0.0146239	0.00178012	0.0100822
5	0.0322362	0.0423955	0.0261824	0.0209366	0.0236646	0.0204256	0.0737952	0.0413541	0.0945064	0.0525111	0.0179321	0.103054	0.00291774	0.0446634	0.106882	0.163528	0.0745023	0.0265702	0.00242041	0.0295212
6	0.016884	0.000732539	0.000562368	0.000583889	0.02859	0.000520177	0.000555012	0.386912	0.000585856	0.0875724	0.0254578	0.00152975	0.000294639	0.000581334	0.000847321	0.00154937	0.00282397	0.438661	0.00051257	0.00424384
7	0.00296605	0.00312654	0.00176104	0.00112393	0.159538	0.000757402	0.00576253	0.0436238	0.000842345	0.675122	0.0622326	0.00154007	0.000422225	0.00384146	0.00160787	0.0066067	0.00202815	0.0207695	0.000324079	0.00600306
8	0.0771297	0.0224704	0.0566504	0.0486363	0.0123976	0.108854	0.064886	0.00524881	0.0735224	0.0468505	0.00959017	0.0788302	0.0194691	0.0671346	0.0760932	0.139711	0.0357021	0.0268527	0.0146369	0.0153338
9	0.0316137	0.059181	0.0322429	0.0103232	0.206837	0.00223093	0.076219	0.00518439	0.0189389	0.101548	0.027115	0.0408691	0.00644751	0.011342	0.0272472	0.080457	0.0135614	0.004832	0.0059831	0.237826
10	0.0155793	0.0007706	0.000659894	0.000751734	0.0255338	0.000585094	0.000621782	0.356592	0.000587885	0.125511	0.0259211	0.00159815	0.000303957	0.000618938	0.000842549	0.00173051	0.00322631	0.433665	0.000608317	0.0042916
11	0.087419	0.00964422	0.123252	0.0730086	0.00531878	0.04499	0.0605436	0.00781174	0.0519208	0.0255162	0.00575154	0.0435011	0.0809202	0.0506748	0.0282224	0.134958	0.0880113	0.0565639	0.0121627	0.00980901
12	0.0175161	0.0332401	0.00210569	0.0245192	0.0025008	0.0196383	0.0250064	0.00760872	0.245455	0.00701635	0.00457155	0.0136027	0.00395908	0.0653973	0.398592	0.0732372	0.0212737	0.0160228	0.0151906	0.00354621
13	0.00813433	0.00225169	0.780721	0.0601234	0.00282559	0.00854754	0.00630904	0.00231233	0.00668779	0.00511693	0.00282416	0.0762834	0.00161952	0.00726718	0.00428756	0.0100018	0.0045837	0.00535902	0.000870213	0.0038738
14	0.00578533	0.00420864	0.00317097	0.00913565	0.00551214	0.00404705	0.0250085	0.00337041	0.082138	0.00374185	0.00236332	0.00684283	0.00154532	0.0189745	0.787545	0.0146903	0.00739357	0.0076307	0.00313145	0.00376475
15	0.0656138	0.0183311	0.207189	0.0667106	0.00306709	0.225795	0.0332355	0.00225478	0.0119974	0.0051554	0.00284539	0.206026	0.0022549	0.00534086	0.00615689	0.110907	0.0183762	0.00464723	0.00130659	0.0027897
16	0.616212	0.00626312	0.0153499	0.00195447	0.00844166	0.00923076	0.00452845	0.00162787	0.00194192	0.0102636	0.00146429	0.0022844	0.00175393	0.00216891	0.00307721	0.227039	0.074418	0.00930713	0.000589492	0.00208371
17	0.16387	0.00196559	0.000889853	0.00134122	0.00724025	0.0016069	0.00129455	0.0943725	0.00101547	0.113031	0.00613498	0.00250394	0.000731723	0.00101043	0.00144291	0.0161894	0.0388728	0.543609	0.000423997	0.00245267
18	0.320421	0.0516475	0.00917206	0.00777122	0.00679039	0.0315657	0.0134728	0.00585161	0.00917412	0.0106295	0.00322178	0.0132955	0.00573699	0.00407103	0.0128073	0.417124	0.040999	0.0271335	0.00098682	0.00812836
19	0.0854401	0.0278879	0.0182472	0.056891	0.0185171	0.0417365	0.0103948	0.0111834	0.0167704	0.213948	0.135893	0.0187465	0.00336603	0.0745282	0.118064	0.0375275	0.0177861	0.0845675	0.00300523	0.00549986
20	0.158399	0.00560341	0.00417978	0.00572284	0.0107433	0.00490832	0.00303008	0.0970407	0.00292092	0.110977	0.0115422	0.00409714	0.00129585	0.00289195	0.00543798	0.0236682	0.0368871	0.505272	0.00104693	0.00433526
21	0.0160595	0.548482	0.0106395	0.00336021	0.00347684	0.00612598	0.00453198	0.00254389	0.00281628	0.010306	0.00314602	0.0631233	0.00134515	0.00653631	0.0253348	0.272427	0.00793901	0.00385895	0.00159769	0.0063496
22	0.0136359	0.0106791	0.00345728	0.0400804	0.00150094	0.0148208	0.0413504	0.0102186	0.231306	0.00757965	0.00868751	0.0133986	0.00179084	0.127149	0.386465	0.0369627	0.0295901	0.0114535	0.00371952	0.00615534
23	0.113801	0.0127315	0.0535428	0.088841	0.0155514	0.0505132	0.0443789	0.0123726	0.0618904	0.0529288	0.0196873	0.0446967	0.0231141	0.0583888	0.0774487	0.140092	0.0595346	0.0520107	0.0056157	0.0128594
24	0.00804384	0.00533434	0.00405607	0.00461745	0.0213156	0.0039157	0.0058618	0.00368554	0.00345315	0.00905844	0.00345273	0.00501845	0.00194883	0.00390658	0.00583881	0.0238601	0.00598939	0.00598391	0.867202	0.00745713
25	0.00509591	0.0480195	0.00439038	0.00347274	0.118076	0.00209	0.164125	0.00153268	0.00220008	0.0703886	0.00437869	0.0299063	0.001043	0.00215554	0.0197657	0.023885	0.00396436	0.00342912	0.026149	0.465933
26	0.00545756	0.00332488	0.113726	0.125525	0.00357569	0.0155017	0.0510274	0.0022276	0.139733	0.0107913	0.0052267	0.0347009	0.00842102	0.079593	0.365374	0.0219459	0.00645354	0.00406873	0.000979351	0.00234752
27	0.164236	0.00199942	0.000902487	0.00145621	0.00764186	0.00167906	0.00133905	0.0950372	0.00104718	0.113677	0.00644536	0.00258618	0.000740863	0.0010489	0.00154174	0.0161481	0.0388861	0.54055	0.000421415	0.00261598
28	0.0400851	0.00480093	0.270524	0.335734	0.00765869	0.0454169	0.0262865	0.00487373	0.0305126	0.0179067	0.0101602	0.0446195	0.00536099	0.0376034	0.0123133	0.0422464	0.0204562	0.0244784	0.00179637	0.0171666
29	0.374647	0.0209315	0.00477544	0.0148913	0.00270302	0.144633	0.00468384	0.00761196	0.0312147	0.010889	0.00199819	0.00992415	0.00726432	0.00281651	0.0475618	0.227775	0.0391598	0.0426864	0.00116583	0.00266691
30	0.067687	0.0721473	0.00569296	0.0185187	0.0436248	0.0334759	0.0552295	0.00492316	0.0455995	0.155697	0.0224638	0.0247723	0.00331799	0.0795778	0.20327	0.0522198	0.0170752	0.0117081	0.0439519	0.0390479
31	0.0160485	0.0530138	0.00285343	0.00406568	0.00435708	0.0470946	0.0153809	0.00273473	0.00459372	0.00502212	0.00209362	0.0265158	0.00456137	0.002371	0.00592191	0.422765	0.354961	0.0102944	0.000968098	0.0143839
32	0.00621091	0.00377166	0.00295994	0.00772836	0.00582664	0.00401931	0.0228288	0.00293161	0.0733654	0.00415303	0.00260834	0.00896513	0.0014865	0.0156245	0.801645	0.0148891	0.00628658	0.00806726	0.00315951	0.00347225
33	0.0673921	0.0170051	0.0572518	0.0730248	0.0147358	0.0546108	0.0602739	0.0107992	0.10101	0.0466889	0.0145233	0.0868258	0.0161084	0.0558803	0.103599	0.125423	0.0443245	0.0317677	0.00735106	0.0114045
34	0.0490688	0.0223575	0.0577634	0.0499578	0.0148346	0.0672932	0.066565	0.00788103	0.109732	0.041929	0.0101424	0.120505	0.00901882	0.0516047	0.107802	0.143564	0.0376184	0.0161365	0.00555747	0.0106671
35	0.0510258	0.00123716	0.000734985	0.00116651	0.0176796	0.000646005	0.000675649	0.236654	0.000617867	0.191941	0.0231787	0.00213271	0.00034782	0.0006811	0.00126531	0.00533985	0.0123895	0.448011	0.000929027	0.00334593
36	0.163786	0.0173463	0.0088758	0.0250614	0.0514141	0.0125361	0.0136402	0.116235	0.0117382	0.108674	0.0314297	0.0121067	0.00625305	0.00699543	0.0131572	0.087731	0.161671	0.131218	0.00439904	0.0157327
37	0.0164776	0.000741064	0.00056026	0.000582876	0.0287515	0.000523097	0.000550409	0.388095	0.00058202	0.086849	0.0255266	0.00154309	0.000292116	0.000580471	0.000851516	0.00151003	0.00274809	0.438465	0.000516171	0.00425387
38	0.088187	0.0413007	0.0338478	0.024344	0.0117852	0.0702593	0.0317737	0.00995888	0.108228	0.0323081	0.0086326	0.0785545	0.0933395	0.0336354	0.144469	0.111198	0.0308535	0.0230888	0.00557565	0.0186615
39	0.0304829	0.0394457	0.012356	0.0093444	0.222578	0.00543256	0.0160021	0.121609	0.00801929	0.205378	0.0979313	0.0599332	0.0039092	0.011755	0.0135652	0.0277309	0.0183346	0.0573583	0.00315064	0.0356835
40	0.122669	0.154696	0.0146295	0.0164131	0.0265976	0.0162368	0.0210147	0.0699026	0.0177045	0.0959477	0.0566588	0.0263402	0.00848044	0.0194199	0.0336973	0.160809	0.0592	0.0558416	0.00885706	0.0148847
41	0.0177713	0.0426705	0.0124445	0.00849903	0.108406	0.00370635	0.108795	0.00693895	0.010166	0.0790643	0.00826448	0.0282066	0.00421668	0.0063639	0.0147781	0.0501434	0.0119448	0.00849943	0.0151022	0.454018
42	0.564601	0.0081404	0.0120618	0.00201898	0.00686318	0.00960417	0.00646942	0.0019529	0.00211107	0.00863375	0.00143076	0.00229168	0.00191622	0.00190971	0.00271972	0.290915	0.0673838	0.00632035	0.000614649	0.00204071
43	0.164351	0.00198679	0.000874148	0.00137853	0.00731869	0.00169398	0.0013119	0.0945142	0.00100872	0.112758	0.00613867	0.002543	0.00072888	0.0010057	0.00147798	0.0167056	0.0393292	0.541913	0.000442033	0.00251957
44	0.0713284	0.0361706	0.0284322	0.0544061	0.0115251	0.0402976	0.0476386	0.00529528	0.0207819	0.0285292	0.00499879	0.0667766	0.00570381	0.0100068	0.0556251	0.368866	0.112018	0.014735	0.00263921	0.0142252
45	0.0452941	0.00733136	0.0138916	0.00193049	0.00161569	0.00519779	0.00154523	0.00205994	0.00205008	0.00326632	0.00139364	0.00233689	0.812442	0.0081395	0.00978744	0.0629282	0.0142145	0.00262626	0.000577266	0.00137179
46	0.134397	0.00618924	0.0795826	0.16878	0.0123598	0.0487896	0.0218185	0.0175293	0.0566424	0.0498914	0.0334953	0.0293964	0.00450119	0.0671756	0.0857309	0.0653393	0.0506598	0.0575811	0.00499166	0.00514906
47	0.0817616	0.0165936	0.0317261	0.0237112	0.0336424	0.00991561	0.0579519	0.0655834	0.0563679	0.0737948	0.0486335	0.0337217	0.00309847	0.0243015	0.175012	0.0962813	0.0862161	0.0450604	0.00327064	0.0333558
48	0.132837	0.0083444	0.0019315	0.00302553	0.0167028	0.00200683	0.00175031	0.0785549	0.00175685	0.246137	0.0405005	0.00315921	0.00096781	0.00297152	0.00343147	0.0124929	0.0280917	0.412115	0.000708654	0.00251445
49	0.145974	0.00620385	0.0146358	0.0309636	0.0401921	0.00612154	0.0189394	0.154569	0.010667	0.129209	0.0542695	0.00887979	0.00384194	0.0129655	0.0229558	0.047768	0.102696	0.173182	0.00153305	0.0144341
50	0.133074	0.00720614	0.0671609	0.150817	0.0132665	0.0387293	0.0241898	0.0194419	0.0615455	0.0533677	0.0335187	0.0285851	0.00542993	0.0681237	0.0996685	0.0677236	0.0517566	0.0676068	0.00399563	0.00479359
51	0.00474237	0.00392857	0.00292284	0.00574412	0.00645014	0.00449273	0.02297	0.00201728	0.0686932	0.00366648	0.00166977	0.00606869	0.00153967	0.0146045	0.816471	0.0140087	0.00504133	0.00751733	0.00363524	0.00381613
52	0.0157125	0.00743152	0.00931456	0.00620876	0.656526	0.0042078	0.0112569	0.0390401	0.00497256	0.10968	0.0156981	0.00765416	0.00181953	0.010165	0.0070393	0.0143399	0.00791181	0.0353191	0.00771852	0.0279837
53	0.043	0.01303	0.0256713	0.0186854	0.00512545	0.0286192	0.018007	0.0236339	0.104888	0.0279331	0.00787465	0.0257967	0.276103	0.0430377	0.148308	0.0863252	0.0606544	0.0364315	0.000720853	0.00615437
54	0.0473213	0.0237448	0.0587182	0.050642	0.0157538	0.0693753	0.064532	0.00813635	0.108782	0.0417995	0.0112723	0.124248	0.00789998	0.0517555	0.107857	0.14151	0.0348617	0.0157985	0.00574374	0.0102477
55	0.0341376	0.0103754	0.00372058	0.00646653	0.0680111	0.000556468	0.000599991	0.195231	0.000484302	0.369725	0.0951424	0.00275315	0.000262171	0.00211654	0.00423865	0.00578017	0.0168495	0.179425	0.00281708	0.00130661
56	0.0301087	0.00935243	0.00112487	0.0560107	0.0014529	0.0108135	0.0275942	0.0221808	0.244864	0.014131	0.0108525	0.0211541	0.000359353	0.0882313	0.349051	0.0282698	0.0581324	0.0195856	0.00167719	0.00505344
57	0.332606	0.0138936	0.00700325	0.00376792	0.00553467	0.00686781	0.0164893	0.00251986	0.00269783	0.00632302	0.00214901	0.00391501	0.00193531	0.0030372	0.00542235	0.51934	0.0574979	0.00517251	0.000740275	0.00308684
58	0.0079486	0.00190095	0.000780927	0.00194961	0.0188419	0.000485185	0.000469344	0.220714	0.000414102	0.561305	0.0373513	0.0010733	0.000224938	0.000562084	0.00163914	0.00199176	0.00568068	0.133433	0.00259471	0.000639779
59	0.170649	0.0132913	0.00470448	0.0418438	0.0423355	0.0187692	0.0231016	0.027402	0.0638818	0.0565073	0.010138	0.0102403	0.0120607	0.0085315	0.0138438	0.146925	0.233415	0.0714027	0.00345392	0.0275031
60	0.00781867	0.00215739	0.00079452	0.00191439	0.0192486	0.000487697	0.000488673	0.223283	0.000394281	0.545544	0.0411682	0.00107211	0.000225913	0.000595011	0.00179098	0.0021919	0.00593975	0.141276	0.00304126	0.000566778
61	0.0291829	0.0183804	0.0151235	0.032018	0.00793818	0.0205472	0.0226481	0.0254707	0.368015	0.0226091	0.0114492	0.0332939	0.0113307	0.0511794	0.163909	0.0569961	0.0707507	0.0234705	0.00551253	0.010175
62	0.0810324	0.0149519	0.00108846	0.0127423	0.0010922	0.807807	0.00112793	0.000886634	0.00375531	0.00169724	0.000791848	0.00158975	0.000774119	0.00101176	0.0226348	0.0415583	0.00228223	0.00181469	0.000420286	0.000940454
63	0.0123822	0.0125762	0.00502653	0.0227164	0.00381522	0.0128285	0.0201994	0.00784772	0.290536	0.00748067	0.00408166	0.0218918	0.00185351	0.0438932	0.456263	0.0351779	0.0220694	0.00957903	0.00592063	0.00386129
64	0.0435682	0.00842363	0.0138347	0.00180154	0.00220021	0.00598651	0.00234005	0.0023204	0.00284441	0.00382049	0.00160199	0.00367281	0.804006	0.00848799	0.0107822	0.0646786	0.014124	0.00350122	0.000553142	0.00145188
65	0.00535264	0.00353644	0.0042411	0.0084115	0.00602136	0.00328676	0.0253381	0.00239609	0.0688102	0.00377989	0.00207708	0.00575475	0.00265397	0.0154672	0.809538	0.0132349	0.00549018	0.00781864	0.00322019	0.00357091
66	0.145464	0.0115786	0.012955	0.0153714	0.179016	0.00615887	0.0130889	0.128007	0.00574132	0.206417	0.0479545	0.0091693	0.00267854	0.0103819	0.0117115	0.0331554	0.0352962	0.110063	0.00230828	0.0134844
67	0.289353	0.0204859	0.0081887	0.0169316	0.023899	0.0422834	0.0144561	0.0101947	0.0117477	0.0303112	0.0111763	0.0132761	0.0477524	0.0113466	0.0181311	0.228826	0.0854435	0.0678209	0.00214852	0.0462276
68	0.0268333	0.0119407	0.336814	0.177791	0.0262278	0.0481004	0.0154891	0.00959102	0.0181048	0.0219469	0.07914	0.033604	0.00407746	0.031027	0.01028	0.0452546	0.017115	0.0279786	0.00669497	0.0519894
69	0.00719607	0.0387891	0.00484667	0.00494643	0.242038	0.0024156	0.123507	0.00326779	0.00316743	0.0703546	0.00649569	0.0246353	0.00177638	0.00395108	0.01725	0.0225003	0.00529509	0.0100614	0.0272729	0.380233
70	0.040455	0.0103053	0.174443	0.0355014	0.00329665	0.232191	0.0248192	0.00270262	0.00756349	0.00513346	0.00236489	0.263121	0.00150855	0.00291997	0.00401732	0.164587	0.0167064	0.00468457	0.00101557	0.00266448
71	0.00168212	0.00265282	0.000600457	0.000567373	0.0714238	0.000454041	0.0014034	0.0420438	0.000402765	0.801708	0.0549319	0.000672036	0.000233364	0.000937863	0.000852277	0.00289522	0.00115639	0.0141796	0.000299969	0.000902548
72	0.013658	0.003798	0.00164072	0.00321451	0.0345656	0.00052515	0.000668122	0.212609	0.000453864	0.504208	0.0540722	0.00138656	0.000243041	0.000915764	0.00218893	0.00289742	0.00803324	0.15127	0.00292274	0.00072934
73	0.0482661	0.0189506	0.0121057	0.00512501	0.00726926	0.0234641	0.00517063	0.00304451	0.00685844	0.0157582	0.0063785	0.00939703	0.641684	0.00915956	0.0159604	0.128757	0.0193116	0.0152626	0.00120415	0.00687244
74	0.0809616	0.00455139	0.191785	0.169268	0.00543633	0.0209833	0.0943796	0.0204771	0.0173722	0.0502447	0.00578931	0.0298499	0.0559442	0.0558718	0.023442	0.0654341	0.0190357	0.0430352	0.00227866	0.0438603
75	0.0556342	0.0121554	0.244722	0.0691752	0.00235746	0.23139	0.0358854	0.0018876	0.00964823	0.004025	0.00215628	0.199343	0.00140772	0.00378983	0.00390256	0.0989428	0.0154712	0.00394067	0.000897617	0.00326789
76	0.00720031	0.00401793	0.00369165	0.00423058	0.0180379	0.00325616	0.00374901	0.00308593	0.00327784	0.00687427	0.00291732	0.00438843	0.00207114	0.00371813	0.00486294	0.0230728	0.0059609	0.00487011	0.88729	0.00342647
77	0.0895883	0.0195953	0.0552757	0.051649	0.00966858	0.10776	0.067441	0.00487763	0.057619	0.0567473	0.00794843	0.0740724	0.0116635	0.0797747	0.0793152	0.129839	0.0419471	0.0205021	0.013231	0.021484
78	0.044509	0.00723617	0.0139062	0.00161147	0.00163793	0.0051899	0.00148439	0.00206033	0.00203807	0.00263632	0.00127641	0.00230981	0.815242	0.00814764	0.0096484	0.0627504	0.0139406	0.0025351	0.000546938	0.00129302
79	0.00755279	0.00414985	0.00364625	0.00417798	0.0179315	0.00328713	0.00411668	0.00336604	0.00336281	0.00720355	0.00306959	0.00444758	0.00207951	0.00389003	0.00530581	0.0228886	0.00619861	0.00556738	0.8834	0.00435813
80	0.0164776	0.000741064	0.00056026	0.000582876	0.0287515	0.000523097	0.000550409	0.388095	0.00058202	0.086849	0.0255266	0.00154309	0.000292116	0.000580471	0.000851516	0.00151003	0.00274809	0.438465	0.000516171	0.00425387
81	0.13524	0.00716686	0.0675344	0.149713	0.0131112	0.0379427	0.0239198	0.0191627	0.0611876	0.0535223	0.0331953	0.0286356	0.00561399	0.0672983	0.0990886	0.0680463	0.0520933	0.0687592	0.00401415	0.00475498
82	0.269441	0.00550889	0.046881	0.128102	0.0192014	0.0348297	0.00974983	0.0117821	0.0223039	0.0310629	0.0120212	0.0135659	0.00652389	0.0389791	0.0361066	0.133155	0.0612777	0.113027	0.00180647	0.00467462
83	0.0354475	0.0120555	0.00464025	0.00674992	0.0765544	0.000686507	0.000702211	0.193751	0.000538059	0.362292	0.0988502	0.00353996	0.000278411	0.00231418	0.00462169	0.00626729	0.017841	0.168632	0.00273199	0.00150647
84	0.528648	0.0169661	0.00411285	0.00633347	0.0021095	0.068109	0.0031743	0.00658562	0.00952806	0.0164991	0.00136867	0.00218486	0.00959448	0.00208108	0.00435702	0.197694	0.0207331	0.0965969	0.000406631	0.00291748
85	0.0664898	0.144425	0.0250969	0.00800673	0.0851813	0.0834872	0.0476585	0.00620431	0.0125575	0.0939967	0.0266499	0.0102447	0.0224828	0.0308245	0.0777837	0.130958	0.0116836	0.00879841	0.0988056	0.00866473
86	0.00172965	0.00165844	0.000534752	0.000705751	0.0369323	0.000460342	0.000752076	0.107766	0.000375657	0.760954	0.0379975	0.000659042	0.000200575	0.000523755	0.000942	0.00195408	0.0018945	0.0422054	0.00126667	0.000486776
87	0.0998305	0.008939	0.0419079	0.120346	0.00930591	0.0293918	0.026541	0.0195488	0.125693	0.0353269	0.0227989	0.0480465	0.00444307	0.0891702	0.150233	0.0582768	0.057444	0.0420183	0.0032676	0.00747117
88	0.14523	0.0260698	0.0325288	0.0852672	0.00727356	0.0545387	0.0150285	0.014645	0.0742317	0.0277438	0.0137435	0.0316915	0.00572767	0.0306425	0.109862	0.193502	0.0770862	0.0493731	0.00211787	0.00369679
89	0.00340106	0.00110652	0.000662162	0.00136183	0.0145806	0.000474141	0.000424687	0.197437	0.000425047	0.65758	0.0242467	0.00074918	0.000213492	0.000413799	0.00120014	0.00154534	0.0037023	0.0874954	0.00256395	0.000417396
90	0.0377605	0.0478356	0.0352779	0.0120889	0.095736	0.0106369	0.165699	0.00720338	0.102674	0.0361498	0.010203	0.0395575	0.00441954	0.0337091	0.0931356	0.140515	0.0229197	0.00888665	0.00333572	0.0922566
91	0.00299496	0.00334464	0.00165305	0.00117287	0.153707	0.000701639	0.00529608	0.0452766	0.000802157	0.677533	0.0630537	0.0016774	0.000396212	0.00351205	0.00153845	0.00620135	0.00221992	0.0227072	0.000406945	0.00580485
92	0.0166617	0.013926	0.00724839	0.030584	0.00323558	0.0139251	0.0262389	0.0123476	0.26321	0.0114983	0.00628329	0.0273924	0.00639029	0.0667258	0.400523	0.0416624	0.0293754	0.0124894	0.00504319	0.00523911
93	0.0107572	0.00661897	0.00636285	0.00880133	0.0166664	0.00674635	0.0257776	0.00598885	0.0519496	0.0122501	0.0045755	0.0106552	0.00169279	0.0152532	0.766611	0.0187122	0.00748473	0.0101743	0.00512544	0.00779643
94	0.0248863	0.0126858	0.00486213	0.00672742	0.101908	0.00498575	0.00592827	0.265956	0.00460598	0.104072	0.299895	0.00926088	0.00215094	0.00570625	0.00817828	0.013012	0.0272812	0.0875617	0.00220607	0.00813052
95	0.124209	0.023353	0.0183627	0.036412	0.0441325	0.0108047	0.014237	0.146829	0.013115	0.107454	0.0363826	0.0116531	0.0107033	0.00936308	0.0143913	0.0721542	0.148463	0.141137	0.0023934	0.0144497
96	0.0164593	0.000749377	0.000566033	0.00068173	0.028655	0.00052553	0.000550911	0.387933	0.000583371	0.0866349	0.0255393	0.00154445	0.000290329	0.00059004	0.000874653	0.00153079	0.00275421	0.438765	0.00055283	0.00421866
97	0.0460143	0.01532	0.00193599	0.0102289	0.0103894	0.00603398	0.00313401	0.00158397	0.0149274	0.0112153	0.00403419	0.0174617	0.0261588	0.00186633	0.0122109	0.347231	0.462658	0.00408748	0.000653331	0.00285514
98	0.00308196	0.00189045	0.854478	0.0298419	0.00166854	0.00172322	0.00172687	0.00150706	0.00162149	0.00259147	0.00137427	0.0829351	0.000862755	0.00161597	0.00233718	0.00416351	0.00203896	0.00236127	0.000655265	0.00152514
99	0.0562592	0.000926779	0.284734	0.281402	0.00375561	0.0623769	0.033356	0.00483407	0.0396072	0.0153196	0.00491887	0.0448946	0.00660815	0.042827	0.0105117	0.0483887	0.0221403	0.0179421	0.00045677	0.0187405
100	0.132818	0.224344	0.197608	0.0258208	0.00398788	0.0649407	0.0316039	0.00387131	0.00422936	0.0143202	0.00325785	0.0405849	0.0037045	0.0259455	0.0281859	0.0765541	0.0510925	0.0581995	0.00157989	0.00735121
101	0.00269156	0.00085333	0.000479706	0.000959694	0.00962383	0.00049139	0.000440524	0.200375	0.000420605	0.667513	0.0201564	0.000702794	0.000217246	0.00043027	0.00104666	0.00142635	0.00326122	0.0859943	0.00250392	0.000412561
102	0.111074	0.00429885	0.13587	0.207189	0.0108295	0.0533217	0.0285469	0.0157012	0.0533667	0.0377327	0.0225421	0.0348027	0.00535395	0.0635656	0.060014	0.0594555	0.0401147	0.0438067	0.00300171	0.00941212
103	0.112129	0.00752583	0.0194006	0.0383108	0.0388065	0.00436305	0.0200448	0.163873	0.0132112	0.13694	0.0610788	0.0103169	0.00467139	0.014448	0.0213008	0.040848	0.101348	0.176372	0.000582497	0.0144295
104	0.00247954	0.000737058	0.000449578	0.000921104	0.00871472	0.000504377	0.000443399	0.203647	0.000424273	0.666014	0.0198004	0.000719022	0.000222495	0.000412976	0.00105097	0.00142183	0.00314294	0.0860371	0.0024648	0.000392254
105	0.515895	0.0213661	0.00245217	0.00264341	0.00272045	0.0682757	0.00488858	0.00808441	0.00747538	0.0152173	0.00142647	0.00216971	0.0124553	0.00189815	0.00479514	0.223477	0.0226103	0.0775068	0.000614952	0.0040278
106	0.0550938	0.0186201	0.0640256	0.060805	0.0204304	0.0863902	0.0584383	0.0059093	0.087628	0.0416283	0.0219309	0.124784	0.00916283	0.050414	0.0793372	0.146767	0.0296548	0.0206162	0.00949545	0.00886781
107	0.00123004	0.00257203	0.000527512	0.000558511	0.0728493	0.000447073	0.00138046	0.0414352	0.000433825	0.803463	0.0543876	0.000700485	0.000225684	0.00092952	0.000819346	0.00296165	0.000919795	0.0129369	0.000333454	0.000888951
108	0.0189212	0.00818551	0.0016781	0.0519664	0.0012871	0.015388	0.0366524	0.0153085	0.230268	0.0105325	0.0103234	0.0161039	0.000376612	0.14098	0.34906	0.0294703	0.0414591	0.0138015	0.00150231	0.00673581
109	0.30527	0.00339412	0.0807377	0.12415	0.00584437	0.0307997	0.0040292	0.015455	0.0110379	0.0249799	0.00240742	0.010433	0.00123595	0.0128675	0.00797696	0.16207	0.0427312	0.150888	0.00152158	0.00217052
110	0.00318189	0.00247295	0.00056747	0.000788061	0.055048	0.000416444	0.00107223	0.0740176	0.000380266	0.772254	0.0505589	0.000713877	0.000200268	0.00081686	0.000924598	0.00242026	0.00199472	0.0306644	0.000776199	0.000730813
111	0.0402168	0.0260676	0.0194054	0.0183067	0.0180617	0.015242	0.0500908	0.0535179	0.105775	0.0469376	0.0153473	0.0668742	0.0125904	0.0403992	0.107557	0.185482	0.100507	0.0575986	0.00144554	0.0185767
112	0.00151168	0.00283096	0.000520227	0.000546278	0.0725857	0.000443691	0.0013223	0.0399426	0.000428211	0.803684	0.0555115	0.000709842	0.000241313	0.000981839	0.000833808	0.00299997	0.00101579	0.0127063	0.000281002	0.000902549
113	0.0634702	0.00682607	0.0737053	0.0541097	0.025523	0.0065787	0.0248208	0.168658	0.0126585	0.128587	0.0495361	0.00967723	0.00418198	0.0273119	0.0217166	0.0446747	0.0932356	0.16162	0.00129745	0.0218102
114	0.0372647	0.0875927	0.0195369	0.0209304	0.0317793	0.0516665	0.0368898	0.00925032	0.140504	0.0598029	0.00863731	0.0715305	0.00725332	0.0373571	0.179484	0.127971	0.0287087	0.013073	0.0134151	0.0173533
115	0.00326378	0.897724	0.00187275	0.00176112	0.00157939	0.00154792	0.00169232	0.0014131	0.00161987	0.0060955	0.00139553	0.00675307	0.000916409	0.00422503	0.0101669	0.0443944	0.00282592	0.00237227	0.000799686	0.00758138
116	0.0367014	0.00313278	0.309326	0.240008	0.00582679	0.0568076	0.0247274	0.00379612	0.0294496	0.0234827	0.00678994	0.0363888	0.00574645	0.0406235	0.00763784	0.102632	0.0311101	0.0181767	0.00128186	0.0163549
117	0.0683193	0.0137695	0.00100757	0.0135846	0.00085019	0.820209	0.000955536	0.000811327	0.00385798	0.00157028	0.000785546	0.0016261	0.000637191	0.000835938	0.0240368	0.0424446	0.00216702	0.00146809	0.000316788	0.000746949
118	0.0190708	0.00832983	0.00965052	0.00793685	0.662876	0.00443005	0.0113455	0.035334	0.00514212	0.096525	0.0133397	0.00895086	0.00308763	0.0112497	0.00738109	0.0170645	0.00930116	0.0369315	0.00384023	0.0282131
119	0.00797196	0.00998939	0.00199697	0.00205089	0.00197885	0.0685274	0.00198819	0.00159873	0.00197832	0.00303991	0.00160205	0.00593557	0.00149185	0.00165708	0.00542034	0.597676	0.26084	0.0220635	0.000571146	0.00162098
120	0.0935006	0.0094711	0.00359463	0.00834512	0.00790245	0.00801832	0.0039974	0.0030056	0.00939543	0.0107372	0.00739334	0.0147181	0.0368707	0.00398597	0.0180274	0.270693	0.475348	0.0101844	0.00109379	0.00371722
121	0.0733497	0.010527	0.0623534	0.0540307	0.00604138	0.021149	0.0344038	0.019425	0.0883692	0.0388946	0.00924086	0.0339456	0.136809	0.0405161	0.117546	0.124625	0.0666746	0.052247	0.00271278	0.00713914
122	0.0796616	0.0142862	0.000977829	0.0124109	0.000892366	0.812982	0.000917243	0.000712361	0.00355143	0.00146722	0.000794917	0.0014483	0.000674982	0.000797163	0.0220919	0.0420807	0.00182597	0.00136746	0.000362922	0.000696298
123	0.00218383	0.000661996	0.000437646	0.000907306	0.00884271	0.000503391	0.000447119	0.19976	0.000425756	0.673863	0.0190666	0.000656348	0.000218579	0.000405814	0.00100308	0.00139034	0.00302525	0.0833401	0.00247333	0.000387761
124	0.17403	0.00912342	0.0284726	0.116942	0.0438667	0.0293758	0.0178503	0.0107334	0.0287254	0.0714336	0.0192111	0.0181954	0.0144847	0.0611367	0.0591348	0.151255	0.0839126	0.0482227	0.00283049	0.0110639
125	0.284429	0.0107379	0.00793143	0.0336027	0.0195955	0.0198847	0.0172932	0.0885556	0.00508891	0.0635177	0.013685	0.0164473	0.00227046	0.00367945	0.00756779	0.132948	0.121055	0.125711	0.0129139	0.0130858
126	0.0164776	0.000741064	0.00056026	0.000582876	0.0287515	0.000523097	0.000550409	0.388095	0.00058202	0.086849	0.0255266	0.00154309	0.000292116	0.000580471	0.000851516	0.00151003	0.00274809	0.438465	0.000516171	0.00425387
127	0.647352	0.0240886	0.00373275	0.00410518	0.00383417	0.0315062	0.00305167	0.00415366	0.00272246	0.00773379	0.0023874	0.00352135	0.00242655	0.0148343	0.0131318	0.0324565	0.107799	0.0871977	0.00133774	0.00262735
128	0.160757	0.0370298	0.00661278	0.0477138	0.00296708	0.0610523	0.00367967	0.0152636	0.0681324	0.0141071	0.00179952	0.0241717	0.000787041	0.0038566	0.121149	0.280052	0.104625	0.0443215	0.000530005	0.00139174
129	0.0461691	0.0283524	0.0490543	0.0306791	0.0251335	0.0538543	0.084458	0.0107911	0.0823484	0.0467125	0.0122923	0.117348	0.00669623	0.0390636	0.0887262	0.18658	0.0518461	0.0169653	0.00405278	0.018876
130	0.00459257	0.892567	0.0023579	0.00180728	0.00160957	0.00218323	0.00185999	0.00135991	0.00159194	0.00586122	0.00135476	0.00749765	0.000911388	0.00430077	0.00986624	0.0468557	0.00284283	0.00251837	0.000558907	0.00750253
131	0.0121348	0.018643	0.00269457	0.0160973	0.0032331	0.0139534	0.0203724	0.00582936	0.254551	0.00656674	0.00328067	0.0200089	0.00256618	0.0415683	0.476746	0.0640773	0.0160523	0.011169	0.00783959	0.00261693
132	0.046844	0.024471	0.0570442	0.044496	0.0203468	0.0677419	0.0752826	0.00690559	0.10351	0.0433152	0.0108139	0.124516	0.00932175	0.0495928	0.0960338	0.149034	0.035624	0.0152707	0.00574659	0.0140888
133	0.00136728	0.0013957	0.000392382	0.000597483	0.0307198	0.000419125	0.000533264	0.115808	0.000343888	0.760322	0.0378917	0.000590306	0.000188096	0.000347851	0.000930268	0.00147984	0.0016646	0.0432427	0.00135338	0.000411732
134	0.0301607	0.00927228	0.00108316	0.0563821	0.00143706	0.0109216	0.0275421	0.0224787	0.245766	0.0141401	0.0105089	0.021304	0.000376233	0.0893928	0.346496	0.0282079	0.0584989	0.0193238	0.00165822	0.00504943
135	0.0994903	0.00999301	0.0974306	0.138926	0.0107909	0.0485565	0.0308358	0.0218576	0.0472784	0.0521806	0.0240423	0.0210188	0.00707008	0.0589652	0.0510208	0.057017	0.0732842	0.138758	0.00380002	0.00768354
136	0.00194153	0.00198951	0.000463334	0.000658087	0.0508466	0.00046937	0.000904219	0.0766493	0.000394308	0.781166	0.0451838	0.000712262	0.00023607	0.000671272	0.00103709	0.00261017	0.00131145	0.031295	0.000800566	0.000659867
137	0.0531166	0.00915021	0.175049	0.220063	0.058774	0.0472426	0.0168837	0.0124818	0.026027	0.0451919	0.0214969	0.0397649	0.00452234	0.0377836	0.0267231	0.0862371	0.0255147	0.069366	0.0045425	0.0200693
138	0.00509425	0.00191674	0.000649993	0.00126179	0.0231795	0.000451603	0.000415779	0.161485	0.00036569	0.678244	0.0356988	0.000767991	0.000187037	0.000540858	0.00129256	0.0016233	0.00392229	0.08036	0.00205024	0.00049233
139	0.107399	0.00753133	0.0928111	0.147436	0.0126323	0.037025	0.0371778	0.0280803	0.0498773	0.0619812	0.0319004	0.027136	0.0077524	0.0739992	0.0717454	0.0685942	0.0519662	0.0698612	0.00446234	0.0106311
140	0.0440321	0.00169046	0.242893	0.296804	0.00533887	0.0662658	0.0382201	0.00472866	0.0504069	0.018906	0.00593615	0.0460109	0.00664297	0.0603919	0.017093	0.044019	0.0196183	0.0159155	0.000884612	0.014202
141	0.0370324	0.285606	0.0241773	0.00505207	0.00488188	0.00968267	0.00759603	0.00364303	0.00420303	0.00839729	0.00433293	0.0978354	0.00201179	0.00458142	0.0161358	0.459781	0.0118752	0.00611257	0.00212935	0.00493315
142	0.043732	0.0202956	0.229222	0.11267	0.0275081	0.0228519	0.0151245	0.0628096	0.0059277	0.101434	0.0388079	0.0113309	0.0024922	0.042754	0.0212766	0.0483787	0.0439285	0.0892438	0.00561165	0.0546005
143	0.0170447	0.00117137	0.00069079	0.000752097	0.0313229	0.000512866	0.000546361	0.382475	0.000577591	0.0968167	0.0305808	0.00159221	0.000284465	0.000682903	0.000978914	0.00169161	0.00360675	0.423766	0.000647958	0.00425753
144	0.00732547	0.00163564	0.18983	0.146213	0.00231625	0.0431629	0.119972	0.00125037	0.0962858	0.0331484	0.013235	0.0937219	0.0216183	0.114488	0.0771669	0.0266095	0.00603898	0.00319422	0.00131301	0.00147474
145	0.00732278	0.004005	0.00370179	0.00418491	0.0175382	0.00323627	0.00359362	0.00308697	0.00322889	0.00683096	0.00289689	0.00436458	0.00205602	0.00375359	0.00510406	0.0226455	0.00615209	0.00483869	0.88844	0.00301878
146	0.00437652	0.00117955	0.000624967	0.0017017	0.0148439	0.000476471	0.000448709	0.217756	0.000404338	0.59965	0.0311147	0.000836214	0.000232833	0.00040074	0.00147098	0.00176689	0.00446686	0.115293	0.00258679	0.000368491
147	0.0542463	0.0244794	0.0532255	0.0476309	0.0141441	0.0661215	0.0647629	0.00869762	0.104151	0.0414723	0.00946194	0.116695	0.00753144	0.0478811	0.111104	0.15313	0.0431747	0.0168376	0.00491949	0.0103339
148	0.0856233	0.0611511	0.0559088	0.0691955	0.128353	0.00631483	0.0635647	0.00415764	0.0465819	0.0629239	0.0132044	0.027763	0.00585712	0.0288529	0.0515508	0.107346	0.0147906	0.00809892	0.00360564	0.155156
149	0.0132781	0.00425682	0.00664224	0.00266273	0.157586	0.00106459	0.00667822	0.0971057	0.00131076	0.586211	0.0450095	0.00248345	0.000737282	0.00541996	0.00260063	0.00518114	0.00589907	0.0488889	0.00112827	0.00585551
150	0.125486	0.0140036	0.0274142	0.0274171	0.0135326	0.0180025	0.0435134	0.0559457	0.0664908	0.040768	0.0164002	0.0220989	0.135987	0.0399761	0.117383	0.105566	0.0477736	0.068009	0.00200784	0.0122236
151	0.0531284	0.00881551	0.00180628	0.00664272	0.00641551	0.00430754	0.00202609	0.00129969	0.00785836	0.00761003	0.00651506	0.0150578	0.0331762	0.00184486	0.0158648	0.290175	0.531329	0.00386196	0.000740426	0.00152463
152	0.0550672	0.044135	0.0345276	0.0145513	0.0231436	0.018935	0.0738888	0.0200089	0.0543533	0.0470049	0.0215049	0.0822919	0.00569982	0.0232929	0.0697527	0.250928	0.0834579	0.0431484	0.00189436	0.0324131
153	0.00115874	0.00251421	0.000511716	0.000555004	0.0701133	0.000499925	0.00130852	0.0415508	0.000401847	0.806391	0.0547308	0.000651156	0.000236192	0.000932427	0.000877629	0.00288046	0.000896132	0.0125866	0.00031361	0.000889918
154	0.0637817	0.00506471	0.00981942	0.592231	0.0109033	0.00697241	0.00496355	0.00406476	0.00892359	0.03489	0.0441421	0.00592906	0.00258047	0.0110777	0.00712007	0.0160209	0.0557624	0.101262	0.00160059	0.0128896
155	0.234134	0.0264889	0.00900765	0.0177075	0.0198933	0.0133499	0.0131811	0.0717494	0.00757627	0.0399497	0.0141454	0.0120945	0.00376041	0.00570171	0.00996832	0.122828	0.207491	0.121016	0.0203372	0.0296201
156	0.00179348	0.00225711	0.000584905	0.000720473	0.0496191	0.000558458	0.00104018	0.0771159	0.000459719	0.783287	0.045469	0.000897046	0.000272584	0.000766749	0.000847222	0.00249051	0.00163272	0.0286852	0.000801289	0.000701494
157	0.0573977	0.0371577	0.0533923	0.0220963	0.0144574	0.0395895	0.0522163	0.0259271	0.0433924	0.0326252	0.0219518	0.208972	0.00599517	0.0246368	0.0584826	0.179203	0.057919	0.0470187	0.00302028	0.0145492
158	0.0164457	0.00597302	0.0141263	0.0032361	0.395508	0.00228247	0.0184854	0.0767923	0.0022372	0.348661	0.0346696	0.00540329	0.00121274	0.0138999	0.00378332	0.00881786	0.00448092	0.0266861	0.000990646	0.0163081
159	0.108479	0.0212553	0.0330298	0.0751832	0.039843	0.0375358	0.0499727	0.0052285	0.0102992	0.0181817	0.00565089	0.024608	0.00772559	0.00852251	0.0204673	0.396984	0.0635378	0.0153028	0.00226734	0.0559247
160	0.0269951	0.189802	0.0105695	0.01148	0.0166487	0.0114735	0.0179344	0.015205	0.0162817	0.194982	0.099072	0.0699818	0.00430458	0.0538427	0.035843	0.13287	0.0566565	0.0181118	0.00457315	0.0133727
161	0.0703499	0.0119763	0.0166635	0.0275847	0.0467972	0.00416557	0.0136805	0.179737	0.0139642	0.164938	0.05955	0.0101266	0.00388229	0.0114111	0.0166832	0.0356532	0.127769	0.164164	0.00221453	0.0186892
162	0.0592723	0.00115248	0.282374	0.263244	0.00300868	0.0659541	0.0343535	0.00404059	0.0395689	0.0136817	0.0043511	0.0494909	0.0114788	0.0392608	0.00812477	0.051653	0.0281197	0.021148	0.0011451	0.0185773
163	0.148517	0.123441	0.149813	0.017015	0.00694439	0.0240004	0.0447337	0.0127189	0.00668423	0.0497071	0.00792171	0.0198287	0.00491422	0.0159048	0.0215847	0.112512	0.0583128	0.134707	0.00216339	0.0385746
164	0.0137191	0.0028166	0.000967797	0.0020316	0.0212374	0.000641184	0.000631594	0.17097	0.000579137	0.621863	0.0331721	0.00115959	0.000279178	0.00119133	0.00178192	0.00271397	0.00620434	0.115143	0.00205753	0.000839241
165	0.0836363	0.00571996	0.0545929	0.323	0.0246324	0.0193423	0.0158697	0.0399712	0.0358839	0.0610241	0.030821	0.015356	0.00413593	0.0324593	0.0356187	0.0403231	0.064975	0.0898063	0.00233329	0.0204983
166	0.089966	0.0136664	0.0350271	0.0934943	0.011061	0.0349521	0.0270837	0.0201118	0.139226	0.0420673	0.018286	0.0316313	0.00581191	0.0672693	0.189032	0.0767118	0.0516895	0.0440311	0.00349439	0.00538682
167	0.0042954	0.00206979	0.000792054	0.00110261	0.0395222	0.000513915	0.00079449	0.127271	0.000542261	0.719497	0.0382577	0.000870721	0.000191303	0.000691089	0.00112422	0.00221622	0.00339872	0.054863	0.00135422	0.000632477
168	0.116994	0.00151814	0.000759605	0.00107806	0.0131238	0.000833222	0.00103233	0.17266	0.000750741	0.110504	0.0115805	0.00231729	0.000543111	0.000854292	0.00128296	0.0109408	0.0271156	0.52209	0.000437677	0.00358308
169	0.161287	0.0371045	0.00666499	0.0475852	0.00295628	0.061597	0.00363344	0.0153392	0.0679292	0.0141252	0.00184342	0.0239456	0.000775364	0.00383846	0.120134	0.280001	0.104703	0.0446214	0.000536481	0.00137875
170	0.0168372	0.0105929	0.00619554	0.0195844	0.00347291	0.0125299	0.0177973	0.00775252	0.217939	0.0158775	0.00427358	0.191506	0.00307405	0.0569276	0.272079	0.1029	0.0198969	0.0133357	0.00372432	0.00370383
171	0.0318531	0.293555	0.020195	0.00456065	0.00473241	0.0106667	0.00817248	0.0031489	0.00430589	0.00867857	0.00377672	0.0961135	0.00184531	0.00471716	0.0189892	0.455211	0.015034	0.00580433	0.00243329	0.00620602
172	0.0465838	0.0217653	0.0151607	0.0158461	0.00457399	0.0202162	0.0264468	0.0145334	0.136311	0.0197943	0.00890174	0.016602	0.181651	0.0500865	0.250452	0.0840518	0.0408471	0.0365907	0.00380297	0.00578301
173	0.0431531	0.0363893	0.0412319	0.0206772	0.025256	0.0318894	0.0740919	0.0186495	0.0841178	0.0506292	0.0176573	0.105184	0.00461559	0.03618	0.101088	0.201652	0.0598385	0.0211455	0.0024182	0.0241354
174	0.00173141	0.00273087	0.000560591	0.000626239	0.0727937	0.000506778	0.00146689	0.0399768	0.000459649	0.802472	0.0556351	0.000682425	0.00024471	0.000959258	0.000889889	0.00297938	0.00101528	0.0130957	0.000281222	0.000892567
175	0.0299495	0.00963309	0.00110482	0.0527724	0.001451	0.0111723	0.0277984	0.0234944	0.246316	0.0154847	0.01056	0.0204228	0.000375793	0.0880923	0.346804	0.0295811	0.0561599	0.0223364	0.0016699	0.00482158
176	0.0279333	0.0126567	0.00815391	0.0105845	0.0260359	0.0283855	0.0168375	0.0365734	0.0909076	0.0172603	0.00708114	0.03851	0.00990931	0.0582392	0.127924	0.275937	0.115946	0.0821596	0.00130482	0.00765981
177	0.00159333	0.00137041	0.000396078	0.000697178	0.0319495	0.000497467	0.000608972	0.12242	0.000386408	0.748352	0.0334395	0.000550956	0.000199236	0.000463015	0.000853937	0.00187141	0.00199992	0.0504067	0.00145019	0.000493185
178	0.0151701	0.0232244	0.00218207	0.0223984	0.0029857	0.0252268	0.0184324	0.00901027	0.375823	0.00806192	0.00492155	0.0230175	0.00308239	0.0627349	0.298542	0.049482	0.0298908	0.0109434	0.0112423	0.00362818
179	0.0351851	0.00981246	0.00389329	0.00788795	0.0637151	0.000570462	0.00119292	0.194624	0.000860284	0.355919	0.0942577	0.00274918	0.0003868	0.00265777	0.00469963	0.00652909	0.0195822	0.190813	0.00290718	0.00175793
180	0.0354035	0.0300231	0.0937107	0.0269519	0.00731864	0.124956	0.0269284	0.00588699	0.0138934	0.0131255	0.0055843	0.199246	0.00251978	0.00808506	0.0211926	0.30094	0.0640744	0.0105762	0.00218084	0.00740201
181	0.00638757	0.00216035	0.175669	0.144203	0.00207417	0.0304624	0.123522	0.00142796	0.0975353	0.0328166	0.0129355	0.0731746	0.0276052	0.109122	0.129636	0.0198433	0.00585098	0.00296045	0.000918087	0.00169447
182	0.653392	0.0266598	0.00387502	0.00320993	0.00327014	0.0309946	0.00311501	0.00288052	0.0027123	0.00664333	0.00198566	0.00344538	0.00264555	0.0161373	0.014137	0.0343539	0.105771	0.0809896	0.00108328	0.00269878
183	0.118988	0.0133355	0.0300649	0.0510791	0.0250771	0.0425499	0.0345832	0.0109746	0.0369311	0.0459199	0.0156458	0.0317994	0.0712199	0.0368178	0.0416207	0.218406	0.100146	0.0574617	0.00274763	0.0146316
184	0.0579553	0.0294115	0.0292509	0.0187856	0.0206326	0.0221766	0.0843425	0.0361353	0.0821625	0.0434864	0.0274051	0.0929505	0.00488676	0.0465538	0.103769	0.17417	0.0670358	0.0292207	0.00258319	0.0270859
185	0.0021703	0.000675633	0.000440492	0.000897824	0.00897052	0.000507231	0.000445973	0.198368	0.000422629	0.675339	0.0193558	0.000657705	0.000213022	0.000404251	0.00100185	0.00136119	0.00299642	0.0828977	0.0024906	0.000383156
186	0.0885424	0.00547637	0.0441618	0.224849	0.0115781	0.0361436	0.0143591	0.0125637	0.0465295	0.0500333	0.0535767	0.015958	0.00621436	0.120931	0.0596255	0.0814992	0.0591151	0.0612489	0.00296547	0.00462907
187	0.0397111	0.00153807	0.319838	0.297922	0.00371088	0.0552481	0.0302822	0.00298532	0.032122	0.0125492	0.00583791	0.0517275	0.00573662	0.0335404	0.00648155	0.0461692	0.0178963	0.0185991	0.000737897	0.0173672
188	0.00294574	0.00304322	0.00263105	0.0011373	0.193875	0.000856901	0.0069668	0.0397974	0.000976268	0.647594	0.0587743	0.00174765	0.000422646	0.00464185	0.00165756	0.00634165	0.00184526	0.0176785	0.000402363	0.00666489
189	0.104017	0.0202465	0.00256402	0.0122642	0.00109701	0.771881	0.00143752	0.000882656	0.00356224	0.00194619	0.000937297	0.00283675	0.00102662	0.00112258	0.0213911	0.0428663	0.00495756	0.00366831	0.000424645	0.000870546
190	0.0897327	0.0144273	0.00992709	0.0177368	0.0621555	0.0930408	0.0139987	0.1344	0.0175874	0.0473943	0.0187037	0.0174687	0.00506329	0.0135459	0.0243631	0.158605	0.13195	0.111764	0.00449572	0.0136396
