215	20
1	0.126029	0.0014103	0.0269013	0.0165907	0.00547434	0.0412101	0.0137626	0.00605437	0.137388	0.0381004	0.00238895	0.0241183	0.185589	0.0314783	0.240385	0.0628608	0.0283149	0.00346613	0.00711764	0.00135992
2	0.0177525	0.00243038	0.0100328	0.00245744	0.141685	0.0373099	0.0789148	0.0119557	0.0125135	0.0311406	0.0380963	0.0357732	0.00185228	0.00388274	0.0105668	0.0147882	0.0142488	0.0250971	0.0826132	0.426889
3	0.095626	0.0341541	0.00993337	0.0113573	0.00682813	0.0107714	0.0817316	0.0121754	0.0537426	0.0169056	0.0169148	0.0116478	0.00684471	0.0942632	0.282416	0.0561582	0.124543	0.0145559	0.00649056	0.0529398
4	0.694233	0.00369878	0.00214438	0.00312185	0.00151672	0.0964199	0.00203934	0.0154326	0.00257857	0.00907749	0.0114265	0.00503879	0.00167557	0.00268392	0.00403725	0.0439087	0.0765391	0.0226714	0.000532444	0.00122375
5	0.0773566	0.0067673	0.0288877	0.0600261	0.00382845	0.0512272	0.0120956	0.0216834	0.193666	0.0455027	0.0277878	0.0468824	0.0125937	0.0790568	0.143379	0.0874259	0.0794593	0.0199688	0.00158158	0.000823726
6	0.0841456	0.0141852	0.0215031	0.0272231	0.0279294	0.0192319	0.023559	0.0328458	0.0217382	0.190101	0.299543	0.0152896	0.00578305	0.107868	0.016278	0.0193777	0.0175526	0.0434698	0.00176518	0.0106107
7	0.00521957	0.00174437	0.000557055	0.000604064	0.018896	0.000614989	0.000950575	0.36822	0.000702565	0.438232	0.0678824	0.00256265	0.000390345	0.000594089	0.00279644	0.00107115	0.00423401	0.0819541	0.00182255	0.000951419
8	0.0205613	0.00522664	0.00123898	0.00280586	0.288116	0.00270286	0.0108293	0.0489307	0.00590831	0.24385	0.0497811	0.00520706	0.00373224	0.00850443	0.0108688	0.0128705	0.0130197	0.0366436	0.0425534	0.186649
9	0.0662049	0.00184291	0.0890249	0.136842	0.00401894	0.0309566	0.054123	0.00669057	0.168579	0.0119562	0.002131	0.052899	0.00242094	0.0998625	0.184883	0.0692447	0.0103207	0.00556565	0.000520074	0.00191314
10	0.093994	0.13869	0.014482	0.0776071	0.0104027	0.0707576	0.113987	0.0158826	0.0161102	0.0252486	0.0150675	0.0175743	0.0118227	0.0171245	0.09123	0.0281342	0.0284652	0.0206474	0.182324	0.0104479
11	0.00545989	0.00198853	0.000553705	0.000611368	0.0199326	0.000636527	0.000938764	0.367573	0.000705891	0.433874	0.0716269	0.00249369	0.000398792	0.000610888	0.0027313	0.00110677	0.00439018	0.0813132	0.00208067	0.000973618
12	0.0142448	0.00237839	0.0118175	0.00233724	0.0926456	0.0338176	0.0972401	0.011996	0.0100108	0.0219734	0.0374721	0.0425795	0.00171499	0.00321452	0.0119966	0.0117839	0.0153895	0.0217891	0.0890114	0.466587
13	0.0152919	0.00141651	0.0114381	0.00254835	0.330316	0.0163449	0.0170094	0.193436	0.00272738	0.0983851	0.0374326	0.00407985	0.0195728	0.00335627	0.00307963	0.0193586	0.0239406	0.10003	0.0499571	0.0502787
14	0.177444	0.000903704	0.272638	0.22042	0.00132006	0.0596563	0.0203488	0.00158373	0.0104409	0.00722262	0.0183871	0.0494613	0.00621843	0.0372305	0.00651292	0.0748047	0.0260735	0.0076308	0.000329063	0.00137407
15	0.168922	0.00119046	0.104712	0.262647	0.00109693	0.0457623	0.00750813	0.00390055	0.0343906	0.0470729	0.00326196	0.032455	0.0131384	0.153881	0.0528643	0.0295926	0.00877406	0.0271931	0.000528556	0.00110842
16	0.067745	0.0284638	0.00690937	0.0266969	0.0130869	0.00766853	0.0081118	0.101119	0.00873785	0.141728	0.442434	0.00693803	0.00438568	0.0441011	0.0101432	0.0129025	0.0174948	0.043441	0.00170362	0.00618938
17	0.0193676	0.002378	0.0105855	0.0229104	0.0157844	0.00939117	0.00117935	0.00169812	0.0147445	0.0203064	0.00171046	0.0275337	0.00600835	0.0137094	0.0227551	0.242757	0.563176	0.00264953	0.000376901	0.00097762
18	0.0407671	0.00220215	0.323294	0.0229335	0.00289908	0.0459091	0.00572273	0.0166457	0.00846248	0.00764029	0.0033904	0.337994	0.00333949	0.00874498	0.0196111	0.061863	0.0806398	0.00502196	0.000888561	0.00203057
19	0.00521467	0.00171197	0.00056017	0.000598021	0.0187492	0.000609971	0.000929746	0.367916	0.000710728	0.43941	0.0674749	0.00261062	0.000400218	0.000593003	0.00279628	0.00106968	0.00421291	0.0817001	0.00179466	0.000937622
20	0.200989	0.00167057	0.0133381	0.00379307	0.0018552	0.185039	0.00330092	0.00268515	0.0133312	0.00463787	0.00321328	0.0524974	0.0663834	0.00394219	0.0036354	0.42817	0.00510385	0.00376607	0.00107328	0.00157567
21	0.242201	0.00718101	0.110722	0.157229	0.000484971	0.038018	0.0174795	0.00602955	0.0957782	0.0132377	0.00587459	0.0326142	0.0286891	0.0631182	0.0307199	0.0847883	0.0429606	0.0189889	0.000119461	0.00376684
22	0.0412065	0.0249049	0.0116496	0.0111664	0.179108	0.00254969	0.0217497	0.0379492	0.0126342	0.36348	0.0959807	0.0126717	0.00206145	0.00667454	0.00419958	0.00926989	0.0618105	0.0604663	0.00174903	0.038719
23	0.0151919	0.00180867	0.006911	0.0109695	0.00261958	0.00505599	0.0217758	0.00392985	0.227049	0.00733648	0.00927727	0.011599	0.00289849	0.0373058	0.562325	0.0170769	0.0175711	0.0244306	0.00134629	0.0135214
24	0.242454	0.00719082	0.110668	0.157422	0.000478793	0.0379948	0.0174779	0.00601645	0.0957276	0.0132211	0.00586917	0.0326025	0.0285536	0.0631421	0.0306942	0.0847408	0.0428786	0.0189827	0.000119293	0.00376465
25	0.0505723	0.00130756	0.0422319	0.0938224	0.0107466	0.0175852	0.0223612	0.0202991	0.239539	0.0587105	0.0310509	0.0217932	0.00743151	0.0867652	0.197279	0.0226822	0.0354973	0.0221759	0.0058082	0.0123413
26	0.00979394	0.00512088	0.000845098	0.000873797	0.0426365	0.000890758	0.000726994	0.188962	0.0014173	0.565131	0.0966635	0.00142046	0.00140559	0.00174881	0.0019977	0.00179641	0.00799477	0.0640988	0.00541462	0.00106156
27	0.242454	0.00719082	0.110668	0.157422	0.000478793	0.0379948	0.0174779	0.00601645	0.0957276	0.0132211	0.00586917	0.0326025	0.0285536	0.0631421	0.0306942	0.0847408	0.0428786	0.0189827	0.000119293	0.00376465
28	0.119788	0.00953846	0.099593	0.0983311	0.00177893	0.212811	0.0194903	0.00603568	0.0819153	0.0150575	0.00723923	0.0605272	0.0368751	0.0595681	0.0490767	0.0693435	0.036223	0.011264	0.000668409	0.00487528
29	0.331053	0.0173284	0.00465722	0.00518587	0.00715862	0.0137055	0.00230395	0.0229075	0.00341984	0.0145914	0.0133706	0.012169	0.0352201	0.00397747	0.00667453	0.197667	0.24071	0.0640338	0.000658603	0.00320768
30	0.0282801	0.00277709	0.00546563	0.0568383	0.00340226	0.0220256	0.0580939	0.283972	0.0427027	0.0250038	0.0210333	0.00637264	0.0025353	0.00565504	0.129934	0.042375	0.0429592	0.200493	0.00140908	0.0186728
31	0.0629712	0.00601792	0.0363424	0.0559324	0.00931969	0.0313136	0.0293351	0.0219845	0.249582	0.0348322	0.0291221	0.0297443	0.0268145	0.0511798	0.190251	0.0502788	0.0421878	0.0252063	0.00274383	0.0148404
32	0.019345	0.00523482	0.001218	0.00288071	0.296768	0.00136918	0.0101428	0.0531133	0.00479363	0.25433	0.045221	0.00578649	0.0037076	0.00759979	0.0121928	0.0122113	0.0121799	0.0351669	0.0341395	0.182599
33	0.141343	0.0041699	0.00530441	0.00675303	0.00397123	0.0688091	0.00515925	0.0659315	0.0284779	0.309411	0.00741815	0.0072008	0.00452414	0.0408005	0.0515722	0.0121727	0.010583	0.221953	0.00120896	0.00323685
34	0.00815945	0.000792477	0.00594508	0.00177511	0.348826	0.011101	0.00589637	0.210169	0.0017676	0.134221	0.0441452	0.0020091	0.00914355	0.0019361	0.00184867	0.00935705	0.0198773	0.0963083	0.0402885	0.0464329
35	0.0925142	0.00236682	0.0473369	0.0868931	0.00835783	0.0206882	0.007483	0.00634016	0.134299	0.0211141	0.00456895	0.0220848	0.01268	0.0700095	0.350164	0.0250469	0.0616235	0.0211292	0.00178065	0.00351866
36	0.0143077	0.00687097	0.000665626	0.00190565	0.016524	0.00155388	0.0013051	0.394923	0.00360553	0.0877544	0.0138874	0.000776697	0.00131543	0.00373934	0.00350536	0.00269068	0.0108546	0.429625	0.00012059	0.00406865
37	0.111772	0.00802927	0.0927267	0.288581	0.00869481	0.0254543	0.0158082	0.0120617	0.051573	0.030534	0.0202025	0.0389369	0.0278166	0.0726657	0.0525262	0.0535543	0.0490887	0.0308096	0.00413846	0.00502555
38	0.217772	0.0482862	0.0053622	0.0039141	0.0155062	0.0178057	0.00281809	0.00784405	0.0039338	0.00640733	0.0630243	0.00792907	0.00305114	0.00383847	0.00574874	0.19261	0.369225	0.0220266	0.000856194	0.00204122
39	0.141061	0.0140465	0.00231146	0.00388069	0.00771971	0.00454915	0.00290472	0.225892	0.0115505	0.0938146	0.013796	0.00299356	0.00796079	0.00523825	0.00922354	0.0218965	0.0231394	0.403542	0.000654789	0.00382563
40	0.0173089	0.00595372	0.00108836	0.00332044	0.263244	0.00120037	0.010882	0.056742	0.00488488	0.275937	0.0455591	0.00464231	0.00402001	0.00779412	0.0110519	0.0113541	0.0146935	0.0444403	0.0299634	0.18592
41	0.0160253	0.00850204	0.00169571	0.00360557	0.0357672	0.00248638	0.00198287	0.260502	0.00387586	0.402625	0.143957	0.00309078	0.00156988	0.00657218	0.00543747	0.00453518	0.0125941	0.0763295	0.00418845	0.00465786
42	0.0955226	0.00274434	0.00513015	0.00680295	0.048939	0.123193	0.0296594	0.0281652	0.0797495	0.0294283	0.0262301	0.197176	0.00326598	0.0484061	0.0276581	0.0513268	0.0826182	0.0299538	0.00262893	0.0814021
43	0.269927	0.019887	0.012185	0.0130126	0.00950228	0.0182256	0.00525966	0.0212696	0.00742925	0.0158251	0.0227936	0.0164521	0.0328111	0.0072872	0.00983607	0.166321	0.301769	0.0450489	0.00120346	0.00395507
44	0.148494	0.00654667	0.00313477	0.00577767	0.00414609	0.02743	0.00324036	0.101838	0.0185519	0.27578	0.0179612	0.00495329	0.00492383	0.0307726	0.0237931	0.012738	0.0150019	0.291676	0.00102686	0.00221402
45	0.0312904	0.727685	0.0100792	0.0110507	0.00673439	0.0141222	0.0126065	0.0176031	0.01144	0.0239381	0.0112081	0.0130026	0.00765523	0.0119539	0.0137285	0.0227288	0.0214873	0.0213865	0.00401659	0.00628268
46	0.0105883	0.00617691	0.000451491	0.0021403	0.0169511	0.00109294	0.00131279	0.369268	0.00323716	0.0883033	0.0119688	0.000525001	0.00106577	0.00401145	0.00170247	0.00244305	0.00780032	0.467391	0.000111892	0.00345776
47	0.123182	0.0146469	0.0335467	0.0241682	0.00806479	0.0596198	0.0134314	0.0156154	0.0288203	0.0218683	0.0114323	0.0441137	0.0310332	0.0233406	0.0393737	0.358244	0.113298	0.0262997	0.00306364	0.00683704
48	0.0926444	0.0256678	0.0117977	0.0133607	0.00985801	0.0129089	0.00229136	0.0043954	0.0102499	0.00990886	0.0213138	0.0176553	0.00365858	0.00905555	0.0182747	0.279383	0.446238	0.00934998	0.000562422	0.00142572
49	0.100332	0.00543714	0.0636706	0.211951	0.00825414	0.0349461	0.0173568	0.0148556	0.0622175	0.043397	0.033381	0.0353096	0.0174735	0.17154	0.068349	0.0417096	0.0312447	0.0275892	0.00393292	0.00705204
50	0.193913	0.00947886	0.00129764	0.00165934	0.00144812	0.00231915	0.00145766	0.180961	0.0143027	0.0902438	0.00757512	0.00179034	0.00560936	0.00367734	0.0103541	0.0207596	0.0135752	0.438173	0.000396524	0.00100781
51	0.132824	0.00893186	0.0139336	0.00835601	0.00214286	0.693771	0.00539011	0.00399937	0.00949473	0.00615734	0.0144511	0.011795	0.00632801	0.00912458	0.0139517	0.0372009	0.0131757	0.00513944	0.00102635	0.00280599
52	0.0304439	0.741118	0.0119467	0.0114714	0.00712777	0.012141	0.0126153	0.0143954	0.0114755	0.0195753	0.00997459	0.013575	0.00752757	0.0110697	0.0151789	0.0221561	0.020981	0.0168526	0.00392074	0.00645405
53	0.152657	0.00431319	0.00675709	0.0124833	0.00329505	0.0377102	0.01052	0.0301999	0.0516874	0.0273544	0.0101735	0.01924	0.099294	0.0344895	0.071912	0.209589	0.160771	0.0542695	0.00130136	0.00198262
54	0.0355623	0.00850095	0.00618036	0.00745529	0.0359531	0.00556457	0.00728175	0.0364907	0.00730671	0.320551	0.325755	0.00559524	0.00552731	0.0486146	0.0074269	0.00727332	0.01217	0.109865	0.00203493	0.00489075
55	0.141202	0.00225547	0.122232	0.0511638	0.00155215	0.0947859	0.0195433	0.00356946	0.0233561	0.0116455	0.00223684	0.341391	0.00630394	0.0338115	0.0171719	0.0936625	0.0287041	0.00293311	0.000477601	0.00200182
56	0.0316542	0.73835	0.010228	0.0109283	0.00704324	0.0141029	0.0129418	0.0131485	0.0117854	0.0194342	0.011886	0.0126151	0.00727514	0.0119976	0.0141057	0.0226848	0.0238861	0.0166608	0.00383692	0.00543516
57	0.0895574	0.00328317	0.013701	0.0341303	0.00243395	0.0312775	0.0227212	0.0133912	0.134558	0.0267017	0.0157682	0.03815	0.0535357	0.0583052	0.0989613	0.153569	0.174194	0.0335271	0.00090083	0.00133268
58	0.0315159	0.00813501	0.00995545	0.00930801	0.297904	0.0112422	0.0137976	0.0969271	0.015025	0.168816	0.0479298	0.016552	0.010159	0.0138139	0.019066	0.0223312	0.0309357	0.0576276	0.0271724	0.0917866
59	0.0315716	0.725093	0.010965	0.0123468	0.0066024	0.0140522	0.0135554	0.014839	0.0127867	0.0221365	0.0129428	0.0130014	0.00799342	0.0116221	0.0152652	0.021922	0.0241736	0.0172344	0.00622699	0.00566979
60	0.261471	0.00446136	0.00689422	0.0370868	0.114082	0.0124032	0.0380497	0.00850505	0.0408246	0.0507642	0.0350593	0.0410353	0.00397281	0.0620816	0.0380842	0.0754978	0.0140198	0.0328478	0.00171718	0.121143
61	0.114249	0.0155268	0.0139024	0.0128963	0.0177418	0.0152823	0.012962	0.034516	0.0185754	0.0442482	0.0322343	0.022112	0.0278377	0.0133973	0.026852	0.16812	0.329405	0.0723137	0.00132659	0.00650163
62	0.145935	0.00832998	0.00208175	0.00205133	0.00144522	0.749788	0.00154306	0.00212031	0.00275007	0.00318993	0.0154583	0.002465	0.0015235	0.00231649	0.0091979	0.0341408	0.0112608	0.00259161	0.000529114	0.00128179
63	0.0653111	0.00484924	0.0107846	0.0034162	0.00242039	0.00331455	0.0255176	0.0157865	0.180289	0.0142608	0.0333145	0.00821393	0.00556755	0.113741	0.23057	0.0541428	0.132358	0.0114513	0.0109296	0.0737611
64	0.0321178	0.00417956	0.0278931	0.0976502	0.0320428	0.0709138	0.0112524	0.01144	0.0697191	0.122616	0.232564	0.0221779	0.00352821	0.136381	0.0604028	0.0332555	0.0114971	0.0103367	0.00163977	0.0083917
65	0.0928008	0.00242253	0.0322027	0.0184927	0.00505038	0.22394	0.0106965	0.0080039	0.17114	0.0332699	0.00429576	0.0205787	0.103626	0.0249321	0.154038	0.0573761	0.0252774	0.0053717	0.00461377	0.00187145
66	0.0185591	0.00530167	0.00121805	0.00290709	0.299908	0.0013516	0.010036	0.0522698	0.00475958	0.257021	0.0451637	0.00554949	0.00374601	0.00758651	0.0123032	0.0118714	0.0122385	0.0350157	0.0332663	0.179928
67	0.0788118	0.00693016	0.0277021	0.0591038	0.00357864	0.0510807	0.012287	0.0217234	0.190282	0.045986	0.0273971	0.0473002	0.013229	0.078369	0.141102	0.0897683	0.0827103	0.0203913	0.00144208	0.000805301
68	0.0905071	0.00320789	0.0547665	0.0890361	0.00511639	0.069413	0.0337702	0.00814659	0.161127	0.0177208	0.00492007	0.0308894	0.0277248	0.049585	0.255826	0.0576994	0.0255139	0.00978438	0.00251792	0.00272864
69	0.023995	0.00148264	0.0486465	0.00765154	0.00227906	0.00621645	0.0489028	0.00327551	0.00829133	0.00579484	0.00298994	0.723983	0.00759691	0.0320697	0.00534254	0.0405489	0.0207948	0.00756343	0.000768779	0.00180614
70	0.0290157	0.00900852	0.00418533	0.00415	0.0469753	0.00325817	0.00566068	0.105319	0.00585476	0.47227	0.175972	0.00382769	0.00372794	0.0174028	0.00635358	0.00682234	0.0163161	0.0720543	0.00441538	0.00741051
71	0.0232606	0.00237964	0.0209006	0.0292515	0.00696973	0.0178739	0.00148648	0.00116655	0.0200222	0.0124091	0.0012084	0.025263	0.00299878	0.018137	0.0348035	0.29898	0.480126	0.00184111	0.00021557	0.000706442
72	0.32	0.00149595	0.00240167	0.00236821	0.0179122	0.00251056	0.00180409	0.0321556	0.00267506	0.0114793	0.010381	0.011117	0.125723	0.00281212	0.00318606	0.0852403	0.259855	0.0969617	0.000517687	0.00940402
73	0.441791	0.00161388	0.0451534	0.0423255	0.00151247	0.158684	0.0332643	0.00287588	0.00320348	0.00434128	0.00286525	0.0203841	0.0215132	0.0159106	0.00348417	0.15815	0.0187131	0.00304858	0.0197765	0.00138889
74	0.15481	0.00235617	0.124839	0.253037	0.00214969	0.0349739	0.0168621	0.00543673	0.0439248	0.030852	0.00795477	0.0330995	0.0136634	0.129147	0.0517751	0.0425904	0.0240168	0.023922	0.00131938	0.00327042
75	0.0229055	0.00862286	0.001406	0.00202504	0.0154456	0.00240696	0.00185192	0.375468	0.00537386	0.113723	0.0241386	0.00183548	0.0021855	0.00385428	0.00647168	0.00582628	0.0196317	0.382016	0.000400046	0.00441129
76	0.0206754	0.0112436	0.00110201	0.00204124	0.0195439	0.00202921	0.001711	0.317208	0.00426878	0.126791	0.0190833	0.00115212	0.00223544	0.00378344	0.00377938	0.00702536	0.0262014	0.423288	0.000154826	0.00668324
77	0.176062	0.00213228	0.213481	0.184431	0.00104188	0.127426	0.0182689	0.00198362	0.0199881	0.0133801	0.0116307	0.0573037	0.007851	0.0519683	0.0118219	0.0709568	0.0195766	0.00739358	0.000558003	0.00274444
78	0.111005	0.00343269	0.0626938	0.279889	0.0058763	0.0322772	0.0122199	0.0126831	0.0541471	0.0353016	0.0194524	0.0271919	0.0094975	0.170384	0.0723853	0.0310605	0.0261094	0.0260796	0.0028356	0.00547806
79	0.0252815	0.00333301	0.0210936	0.0251903	0.00621074	0.0157854	0.00162607	0.00131866	0.0193278	0.0109744	0.0013135	0.0256875	0.0028826	0.0165673	0.037177	0.319847	0.463119	0.00228267	0.000229835	0.000752291
80	0.0210955	0.00458872	0.0171379	0.00896192	0.00507828	0.00768846	0.138489	0.00987255	0.00764104	0.0107527	0.00712885	0.595231	0.00622398	0.019744	0.00953862	0.0224858	0.0705784	0.029071	0.00248437	0.00620778
81	0.0115066	0.00631528	0.000526171	0.00199003	0.0166555	0.00125469	0.00129427	0.380052	0.00332553	0.0883813	0.0125674	0.000579937	0.00112668	0.00385699	0.0023689	0.00249289	0.00878611	0.453202	0.000111875	0.00360606
82	0.0496123	0.0087917	0.00457876	0.00853196	0.0163416	0.00589531	0.00673117	0.273019	0.0134492	0.100955	0.019926	0.00708249	0.00598023	0.0106687	0.0152134	0.0166455	0.0283643	0.396725	0.00225885	0.00922925
83	0.0183863	0.00519617	0.00124585	0.00283121	0.302739	0.00148635	0.00997456	0.0533132	0.00470202	0.253462	0.0453807	0.00556357	0.00376882	0.00750065	0.0119841	0.0118283	0.0121959	0.0352521	0.033092	0.180098
84	0.0486781	0.0171994	0.0120096	0.0213188	0.0267789	0.0168732	0.0120902	0.0876771	0.0154278	0.135925	0.402457	0.0134959	0.00855068	0.0357593	0.0169656	0.0246959	0.0310649	0.0598639	0.00365766	0.0095116
85	0.135511	0.0101186	0.0120758	0.00779439	0.00247075	0.697305	0.00534243	0.00370653	0.00767437	0.00881463	0.0158262	0.0108385	0.00400568	0.00786793	0.0116633	0.0365646	0.0128749	0.00551926	0.000951707	0.00307396
86	0.0621283	0.0143108	0.0196201	0.0335275	0.0186233	0.0241837	0.0201497	0.0394065	0.0465602	0.0727159	0.246703	0.0243778	0.0137813	0.109424	0.0503565	0.0451212	0.101039	0.0379138	0.00423951	0.0158185
87	0.131123	0.0110099	0.0143219	0.00798758	0.00203028	0.692013	0.00564776	0.00362502	0.0104968	0.00780185	0.0140747	0.0132581	0.0044153	0.00908347	0.0123571	0.0407841	0.013058	0.00367828	0.000821688	0.00241192
88	0.116103	0.00486024	0.0845604	0.291143	0.0111702	0.0298386	0.0146237	0.0119221	0.0484724	0.031882	0.0229076	0.0392433	0.0234422	0.0788169	0.0555668	0.0473671	0.0438172	0.0329362	0.00417708	0.00715053
89	0.0669793	0.010012	0.0385828	0.0585313	0.0056589	0.0355359	0.0131578	0.0152985	0.0471554	0.0197525	0.0103485	0.0517372	0.376651	0.0271295	0.0437991	0.114045	0.0351095	0.0227891	0.0032556	0.00447138
90	0.022039	0.0103357	0.0051104	0.00398883	0.0973461	0.00205117	0.00705956	0.0672661	0.00424902	0.549187	0.129892	0.004094	0.00216412	0.00846028	0.0023791	0.00379347	0.0177498	0.0495909	0.00515332	0.00809001
91	0.129634	0.0245767	0.0547092	0.00719072	0.059323	0.00726	0.0732718	0.00853593	0.00782274	0.275312	0.131237	0.00828859	0.00422558	0.12789	0.0077636	0.0112622	0.0136383	0.0169124	0.00120512	0.0299405
92	0.256294	0.00678504	0.0324152	0.0450906	0.00564433	0.0263432	0.0271261	0.0107518	0.0202251	0.0166391	0.00892031	0.331819	0.0320121	0.0296256	0.0131571	0.0750054	0.0389549	0.0150381	0.00207664	0.00607601
93	0.0155313	0.00732343	0.00235763	0.00879291	0.208643	0.00192859	0.00966784	0.065851	0.00544012	0.280133	0.0547742	0.00466479	0.00348345	0.00551375	0.00839628	0.011739	0.0405552	0.0705958	0.015823	0.178786
94	0.081609	0.000863936	0.340525	0.20709	0.00102266	0.0423057	0.0127245	0.00145154	0.0466895	0.0124108	0.00325966	0.066881	0.0291199	0.0269056	0.0300251	0.0578491	0.0329817	0.00222709	0.000356245	0.00370236
95	0.182905	0.00144668	0.00737474	0.0517527	0.0011792	0.0102717	0.0384755	0.00212134	0.0133875	0.00340351	0.00208744	0.498324	0.0560114	0.034198	0.00297038	0.0584479	0.0310668	0.00290422	0.000459795	0.00121268
96	0.0645773	0.0455042	0.00151753	0.00173945	0.00727868	0.00146841	0.00142017	0.183451	0.00223724	0.291537	0.0737205	0.00171347	0.00220238	0.00239011	0.00241732	0.024608	0.074915	0.209891	0.000572016	0.00684055
97	0.0320708	0.012227	0.00152361	0.00167615	0.0334744	0.00718449	0.00152527	0.205331	0.0435682	0.409093	0.0772634	0.00192708	0.00122219	0.0129034	0.0439316	0.00307609	0.0198191	0.0671722	0.00136578	0.023645
98	0.115195	0.00348621	0.0715993	0.0666699	0.00451053	0.0366635	0.0157249	0.00822502	0.169968	0.0184799	0.00603357	0.0453372	0.0812396	0.0631429	0.134145	0.0873394	0.0572564	0.0110277	0.00265493	0.00130157
99	0.506978	0.0183366	0.00207871	0.00458296	0.00143056	0.0209605	0.00181834	0.0192735	0.00230725	0.0162399	0.0029553	0.0110793	0.00175667	0.00249009	0.00518857	0.274819	0.0365169	0.0694219	0.000570557	0.00119572
100	0.0767118	0.0519766	0.00140231	0.00142856	0.00218682	0.00127553	0.00121519	0.211496	0.00189032	0.293302	0.0761366	0.00154191	0.00244091	0.00167748	0.00207569	0.0292898	0.0790766	0.158611	0.000353876	0.00591116
101	0.0773151	0.00223837	0.106495	0.153586	0.00448684	0.03799	0.046534	0.00708823	0.153934	0.0126207	0.00127295	0.0498725	0.00275466	0.0800861	0.175068	0.0691216	0.0125329	0.00566395	0.000317742	0.00102207
102	0.0282554	0.00805611	0.00656684	0.00191012	0.00748122	0.00711043	0.00153723	0.516087	0.0129628	0.123643	0.0266826	0.00651911	0.00357941	0.00498365	0.0177241	0.00559415	0.0347778	0.1799	0.000412301	0.00621588
103	0.0158101	0.0120314	0.00123527	0.00144272	0.0634913	0.00177429	0.00147403	0.200706	0.00501712	0.461046	0.129237	0.00178354	0.00112574	0.00390346	0.00616617	0.00213673	0.00977989	0.067651	0.00905319	0.00513551
104	0.0935865	0.00263466	0.00447138	0.00414768	0.00434989	0.00446402	0.0360955	0.00533896	0.0215087	0.199563	0.149648	0.0430758	0.0197669	0.00561941	0.0381572	0.100055	0.197705	0.0658516	0.00115401	0.00280736
105	0.0460965	0.017252	0.38076	0.0941771	0.00264713	0.00425813	0.161409	0.00386063	0.0179195	0.00890261	0.00408785	0.0619349	0.00254046	0.0369846	0.00496506	0.119604	0.021743	0.00501699	0.000716167	0.00512428
106	0.0657929	0.00537391	0.262031	0.196165	0.00128228	0.0496658	0.00844228	0.00412726	0.0374546	0.0086846	0.00280084	0.0650157	0.105115	0.0399617	0.0300101	0.0807427	0.0256041	0.00478398	0.000403719	0.00654151
107	0.145935	0.00832998	0.00208175	0.00205133	0.00144522	0.749788	0.00154306	0.00212031	0.00275007	0.00318993	0.0154583	0.002465	0.0015235	0.00231649	0.0091979	0.0341408	0.0112608	0.00259161	0.000529114	0.00128179
108	0.0177119	0.00791705	0.00150678	0.00374105	0.245566	0.0011496	0.0113711	0.0580514	0.00537977	0.295098	0.0487272	0.00470643	0.00447784	0.00698556	0.011224	0.0118242	0.0182423	0.0467069	0.0255546	0.174059
109	0.0799155	0.00828275	0.119526	0.0469251	0.00103993	0.402492	0.0433587	0.00193524	0.0248002	0.0105337	0.005092	0.0915339	0.00213291	0.0670935	0.0166755	0.0599038	0.00504738	0.00211715	0.000409432	0.0111855
110	0.00787641	0.005713	0.00115285	0.00108775	0.123272	0.00254168	0.00127352	0.230323	0.0020508	0.412868	0.100987	0.00157759	0.00122657	0.00206834	0.00258584	0.00201507	0.0105787	0.0688085	0.0141238	0.00786942
111	0.201029	0.00170338	0.0133125	0.00390788	0.001853	0.185404	0.00338032	0.00283499	0.0133264	0.00488583	0.00314828	0.0517636	0.0658028	0.00392046	0.00369317	0.428501	0.00511522	0.00370084	0.00112822	0.00158884
112	0.0895481	0.00155185	0.0285018	0.038709	0.0109789	0.0388361	0.0318635	0.0130396	0.141704	0.0335702	0.0052535	0.0351652	0.132669	0.0401647	0.222086	0.0620082	0.0480759	0.00704692	0.0167438	0.00248469
113	0.00693826	0.00146744	0.00260016	0.00299077	0.00182967	0.00238596	0.0270661	0.00293703	0.263851	0.00459366	0.0104452	0.0111939	0.0018926	0.0257409	0.573348	0.0112129	0.0159819	0.0147202	0.00138704	0.0174171
114	0.00767444	0.00157767	0.00268701	0.0033753	0.00222646	0.00336682	0.0436864	0.00381267	0.351127	0.00520051	0.0117601	0.0100108	0.0020499	0.0185598	0.482104	0.0102602	0.0113347	0.0124198	0.0010212	0.0157451
115	0.0206867	0.00886685	0.00237446	0.00140553	0.0133839	0.0039113	0.00135005	0.431994	0.00681499	0.112852	0.0251079	0.00257686	0.00298162	0.00388417	0.00924797	0.00623084	0.0277829	0.313617	0.000181357	0.00475035
116	0.0436065	0.022026	0.0053561	0.00580798	0.0279652	0.00580042	0.0120099	0.188716	0.0135679	0.155856	0.083964	0.0138299	0.00941933	0.00658047	0.0167798	0.0289509	0.207785	0.142009	0.00217324	0.00779526
117	0.00935068	0.00541665	0.000449078	0.00198216	0.0174189	0.000905813	0.00112284	0.360595	0.00273093	0.140712	0.0202774	0.000710167	0.000815903	0.0034973	0.00154851	0.00209563	0.00652485	0.420335	0.000656338	0.00285469
118	0.118422	0.013832	0.0297316	0.0282341	0.0127555	0.0504969	0.0136195	0.0211717	0.0277607	0.0302845	0.0158627	0.0379465	0.0325353	0.0237551	0.0367359	0.35027	0.112347	0.0338162	0.00285009	0.0075727
119	0.037941	0.00685393	0.0167265	0.0193555	0.00871888	0.0139564	0.00265365	0.00458195	0.0166015	0.0132326	0.00615539	0.0226862	0.00588678	0.0158996	0.0284563	0.290139	0.480501	0.00755726	0.00052317	0.00157344
120	0.372035	0.0556477	0.00387446	0.0045087	0.00258072	0.0126407	0.00304493	0.0237567	0.00385964	0.0125923	0.00363666	0.0105543	0.00296083	0.00381265	0.00569037	0.3493	0.0262349	0.100477	0.000847813	0.00194444
121	0.148316	0.00801038	0.00848548	0.00716742	0.0023498	0.700351	0.00367029	0.00402962	0.00758412	0.00575288	0.0147556	0.0102449	0.00361397	0.00709687	0.0113827	0.0373689	0.0124223	0.00440014	0.000869685	0.00212878
122	0.0109398	0.0069565	0.000606959	0.00149369	0.0235223	0.00149508	0.00227848	0.362981	0.00385309	0.196791	0.0330465	0.00117508	0.0013096	0.00324059	0.0036535	0.00286028	0.0114034	0.326283	0.000929569	0.00518127
123	0.134701	0.038755	0.00237957	0.00190581	0.00543802	0.00253446	0.0016739	0.226523	0.0145015	0.11621	0.0187156	0.0024837	0.022081	0.00375713	0.0135493	0.0239727	0.0412569	0.326407	0.000633354	0.00252082
124	0.0444096	0.00229413	0.0592663	0.032931	0.00377936	0.0369994	0.0198402	0.00567493	0.109973	0.0174599	0.00313204	0.0741065	0.315715	0.0236975	0.101583	0.105206	0.0342546	0.00501805	0.00352064	0.00113856
125	0.0469141	0.00224329	0.00817503	0.151407	0.0209378	0.104888	0.016471	0.016228	0.112231	0.0533321	0.140997	0.0431986	0.00253461	0.201327	0.03989	0.0110086	0.00654673	0.00486159	0.00103648	0.0157731
126	0.00535565	0.00156714	0.000715949	0.000778788	0.0189071	0.000836509	0.000977306	0.382415	0.000801189	0.420553	0.0771675	0.00253661	0.000469474	0.000795394	0.00269008	0.00144788	0.00421218	0.0749499	0.00186892	0.000954753
127	0.0558946	0.000786693	0.0521048	0.120845	0.00834938	0.0134082	0.0290612	0.0207656	0.203991	0.0526357	0.0200987	0.0202088	0.008493	0.0779296	0.221568	0.0164249	0.0210412	0.0300269	0.00443144	0.0219356
128	0.0544485	0.001045	0.0485932	0.103136	0.00828937	0.0145031	0.0267646	0.0210284	0.223138	0.0515798	0.0230571	0.0223428	0.00859494	0.0797538	0.221534	0.0202172	0.0283237	0.0237497	0.00445453	0.0154458
129	0.0438585	0.0271706	0.00949175	0.00864368	0.15686	0.00271167	0.0169403	0.0543103	0.0112133	0.373504	0.114637	0.00960572	0.00198995	0.00788569	0.00504229	0.00777889	0.0520872	0.0617699	0.00231304	0.0321861
130	0.222254	0.0149436	0.0037221	0.00401431	0.0156381	0.209945	0.00315569	0.0841629	0.0723955	0.102126	0.00377577	0.00454849	0.0171587	0.00455023	0.0639623	0.131022	0.0339926	0.00556789	0.000857081	0.00220805
131	0.0947163	0.00336169	0.0672585	0.0784046	0.00690159	0.0375051	0.0197594	0.0126089	0.166201	0.0235098	0.00883438	0.0521148	0.062513	0.0709118	0.14277	0.0743726	0.0585387	0.0145261	0.00319058	0.00200125
132	0.154418	0.168599	0.00467309	0.0053585	0.0227606	0.00468525	0.0044459	0.117248	0.00832273	0.0867745	0.0271479	0.00553964	0.0574596	0.00612355	0.00907643	0.033075	0.0690597	0.210663	0.00169074	0.00287895
133	0.11884	0.0155278	0.0322679	0.0273555	0.0056154	0.0405177	0.0231488	0.0118054	0.154774	0.045738	0.0440367	0.109281	0.00982538	0.059713	0.0992531	0.146406	0.0406796	0.0120296	0.00111258	0.00207199
134	0.0450985	0.0157491	0.00596209	0.00619604	0.0316091	0.00621054	0.00722183	0.0832455	0.00753675	0.415247	0.121936	0.00639048	0.0276853	0.0185052	0.0101689	0.014775	0.0298024	0.134834	0.00316085	0.00866559
135	0.439643	0.0173008	0.0262357	0.031323	0.00780818	0.067528	0.0127342	0.0258588	0.0185386	0.0331865	0.0171971	0.0307635	0.0151783	0.0181244	0.0186902	0.104036	0.0626611	0.0429247	0.00421069	0.00605754
136	0.0105134	0.00615128	0.000444502	0.00214915	0.0169539	0.00108651	0.00129735	0.368893	0.00322568	0.088117	0.011896	0.000526572	0.00104659	0.00402825	0.00167615	0.00242627	0.00768227	0.468331	0.000111941	0.00344369
137	0.131534	0.0144097	0.0318926	0.0250985	0.00969578	0.0588272	0.0123751	0.0166367	0.0313505	0.0221119	0.0149666	0.0401572	0.0368272	0.0247344	0.0368937	0.350313	0.103334	0.0305406	0.00231342	0.0059886
138	0.0106236	0.00517429	0.00124909	0.000960689	0.0635809	0.00173568	0.001338	0.197469	0.00282185	0.514415	0.0863463	0.00157915	0.00204357	0.00202979	0.0035315	0.00250877	0.00984395	0.077838	0.00759251	0.00731774
139	0.0213589	0.00477798	0.0187168	0.00918159	0.00588438	0.00844432	0.173241	0.0117384	0.00955493	0.0133191	0.00805651	0.521245	0.00607987	0.0177905	0.0106653	0.0221058	0.0812562	0.0469031	0.00257459	0.00710612
140	0.382081	0.0313409	0.00773023	0.00691197	0.00537888	0.0186675	0.00281564	0.0219209	0.00412072	0.0171925	0.0110207	0.0320116	0.00431933	0.00451241	0.00827419	0.275035	0.123587	0.0402833	0.000920907	0.00187534
141	0.283451	0.00209498	0.00306463	0.00304771	0.0142962	0.0059445	0.00215226	0.0329196	0.00449645	0.011911	0.00956378	0.0107357	0.138184	0.0056456	0.00954955	0.119398	0.247309	0.0879538	0.000797674	0.00748405
142	0.00924422	0.00273194	0.163316	0.0186266	0.0183004	0.00409382	0.0487102	0.0630975	0.00519474	0.0485776	0.0042423	0.171615	0.00279216	0.0172185	0.0628508	0.063652	0.243315	0.0352011	0.000990555	0.0162295
143	0.10316	0.00171089	0.128599	0.0274984	0.00244458	0.0118908	0.0430809	0.00386829	0.0221572	0.00693838	0.0034096	0.435256	0.0572244	0.0473426	0.00613068	0.0717246	0.021282	0.00386107	0.00069761	0.0017227
144	0.117062	0.000790449	0.11458	0.412541	0.00515723	0.0012273	0.00937556	0.00124425	0.0485081	0.0184257	0.021757	0.00561953	0.018745	0.0459925	0.0183638	0.0324495	0.0796016	0.0476015	0.000312486	0.000645594
145	0.0108322	0.00253398	0.0038114	0.0511255	0.00360256	0.00424102	0.0041715	0.191467	0.0552697	0.213406	0.00566092	0.00546429	0.00279964	0.0721252	0.00500013	0.00717375	0.112023	0.245796	0.000986844	0.0025097
146	0.0361297	0.00437801	0.0176772	0.0297052	0.00947662	0.0134448	0.0256182	0.0111204	0.179743	0.0214333	0.0162586	0.017866	0.0153207	0.0391266	0.454983	0.031608	0.0331164	0.0206328	0.00349525	0.0188657
147	0.128079	0.00150407	0.148424	0.0590013	0.00171261	0.021248	0.00948593	0.0039107	0.0264	0.0189814	0.00252041	0.358625	0.00402322	0.025859	0.0184434	0.137775	0.0289051	0.00306047	0.000541159	0.00150038
148	0.0442713	0.00129529	0.0507083	0.229055	0.00196448	0.029101	0.00222979	0.04909	0.0576976	0.023387	0.0181298	0.0126747	0.00880373	0.141346	0.108421	0.0628772	0.0234315	0.0943194	0.0303154	0.0108817
149	0.00528043	0.00169131	0.000568746	0.000613234	0.0182746	0.000657867	0.000939119	0.367325	0.000754071	0.442246	0.0667522	0.00261552	0.000409668	0.000610568	0.00275319	0.00111507	0.0042102	0.0805051	0.00172039	0.000956914
150	0.0327412	0.0125979	0.00555836	0.0148866	0.00678577	0.00611658	0.0062354	0.109216	0.00691524	0.0678819	0.589893	0.0070877	0.00401549	0.0251292	0.00689545	0.010581	0.0128951	0.0692048	0.00135426	0.00400885
151	0.0704532	0.00775502	0.0435846	0.0534179	0.00736553	0.0383314	0.0149164	0.01386	0.0523122	0.0204704	0.00928691	0.0470898	0.373678	0.0275378	0.049176	0.10401	0.0384088	0.0194921	0.00274302	0.0061113
152	0.0233351	0.0065812	0.00392675	0.00159599	0.0116462	0.0075143	0.00120953	0.474917	0.0103905	0.119548	0.0216501	0.00414921	0.00297056	0.00556664	0.0136021	0.00440649	0.028512	0.253472	0.000251575	0.00475584
153	0.161385	0.00219676	0.0513929	0.0634856	0.00170791	0.0147554	0.0225721	0.00289638	0.0172981	0.0101042	0.00285476	0.423985	0.0272826	0.0332153	0.00949807	0.114698	0.0348036	0.00352153	0.00071394	0.00163314
154	0.0142448	0.00237839	0.0118175	0.00233724	0.0926456	0.0338176	0.0972401	0.011996	0.0100108	0.0219734	0.0374721	0.0425795	0.00171499	0.00321452	0.0119966	0.0117839	0.0153895	0.0217891	0.0890114	0.466587
155	0.0155222	0.00281555	0.0811636	0.0253191	0.00256839	0.0363567	0.0221515	0.00389523	0.0674874	0.0176439	0.00322784	0.133435	0.390288	0.00766274	0.0236028	0.135931	0.0233347	0.00487336	0.000824129	0.00189697
156	0.00659105	0.00115575	0.000627844	0.000626137	0.0191437	0.000661579	0.000599584	0.292805	0.000807106	0.529446	0.0652216	0.00213452	0.00100632	0.000710031	0.00224681	0.00119284	0.00434285	0.0686562	0.00153419	0.00049116
157	0.242454	0.00719082	0.110668	0.157422	0.000478793	0.0379948	0.0174779	0.00601645	0.0957276	0.0132211	0.00586917	0.0326025	0.0285536	0.0631421	0.0306942	0.0847408	0.0428786	0.0189827	0.000119293	0.00376465
158	0.115983	0.000836845	0.115	0.411124	0.00492671	0.00124304	0.00937537	0.00126117	0.0473023	0.0184859	0.022409	0.00577192	0.0179152	0.0475788	0.0187089	0.0321955	0.0799711	0.0490027	0.00030497	0.000604446
159	0.0191618	0.0101404	0.00120561	0.00182071	0.03794	0.00188702	0.00144841	0.175715	0.00694422	0.520753	0.0822529	0.00163006	0.0015356	0.0050247	0.00777001	0.00493435	0.0233932	0.0863539	0.00327986	0.00680912
160	0.0320708	0.012227	0.00152361	0.00167615	0.0334744	0.00718449	0.00152527	0.205331	0.0435682	0.409093	0.0772634	0.00192708	0.00122219	0.0129034	0.0439316	0.00307609	0.0198191	0.0671722	0.00136578	0.023645
161	0.211822	0.00398677	0.175915	0.193803	0.000455127	0.0448338	0.0131287	0.00360952	0.0652248	0.0132844	0.00539128	0.038449	0.0242269	0.0567719	0.0236603	0.075843	0.034633	0.0120311	0.00017131	0.00275946
162	0.529332	0.0173475	0.00368316	0.0100806	0.00249048	0.0441209	0.0015875	0.036723	0.0025495	0.037832	0.00416383	0.0146841	0.00247217	0.00223992	0.0108921	0.169239	0.0623769	0.046769	0.000501647	0.000914268
163	0.0758865	0.0556505	0.00144539	0.00156165	0.00258919	0.00136779	0.00133336	0.205614	0.00191767	0.306032	0.0745592	0.00170137	0.00280227	0.00177166	0.00216087	0.0287149	0.0779028	0.150951	0.000406259	0.00563203
164	0.0155089	0.00699941	0.000984251	0.00166888	0.0159412	0.00215207	0.0012149	0.40647	0.00433164	0.0923888	0.0159488	0.000969406	0.00173069	0.0037196	0.00482629	0.00301135	0.0139415	0.404141	0.000140511	0.00391005
165	0.0230606	0.00692042	0.00700318	0.00950779	0.117617	0.00715164	0.0124249	0.0268844	0.0120356	0.213101	0.0609381	0.0138187	0.00650168	0.00780549	0.0123963	0.102099	0.252257	0.0557393	0.00259844	0.0501397
166	0.00822443	0.00076734	0.00621898	0.00178473	0.349415	0.0112987	0.00595513	0.21234	0.00180279	0.131759	0.0439676	0.00197982	0.00953766	0.00186174	0.00180623	0.00970244	0.0197058	0.0970271	0.0407533	0.0440914
167	0.191631	0.00781968	0.0756122	0.251356	0.00737549	0.0218622	0.0138205	0.0148273	0.0469765	0.0319629	0.0171031	0.0207853	0.0177295	0.0598584	0.0363875	0.0526785	0.0534275	0.0679443	0.00330691	0.00753508
168	0.0806661	0.0428974	0.00809476	0.0092288	0.142316	0.0141929	0.0239343	0.0430042	0.0140036	0.180813	0.0365062	0.0156621	0.00737943	0.013118	0.0153508	0.0212791	0.0244858	0.0681036	0.0532185	0.185745
169	0.0854242	0.0610038	0.00170436	0.00148117	0.00380957	0.00151085	0.00128169	0.216708	0.00349492	0.238615	0.0630806	0.00177515	0.00814646	0.00192585	0.00402222	0.0306838	0.0795881	0.190321	0.000411861	0.00501095
170	0.0375024	0.00631122	0.00363984	0.00372343	0.0352347	0.00309988	0.00462716	0.0385226	0.00425462	0.512998	0.198693	0.00389568	0.00581866	0.0230266	0.00403544	0.00502864	0.0090812	0.0948267	0.00258219	0.00309834
171	0.00843066	0.00632101	0.000944702	0.00100409	0.0796194	0.00161819	0.00117594	0.246874	0.00180685	0.448716	0.106465	0.00165089	0.000988719	0.00174924	0.00262083	0.00172018	0.00809613	0.0653728	0.0107751	0.00405057
172	0.0787147	0.00201026	0.103769	0.147606	0.00396344	0.0413163	0.0513548	0.00613865	0.176997	0.0106188	0.00132978	0.0481634	0.00235149	0.0760691	0.161889	0.071616	0.0102021	0.00458036	0.000356716	0.000953629
173	0.0488969	0.00541279	0.122867	0.0465931	0.000749334	0.486445	0.0295561	0.00149417	0.023474	0.0122453	0.00564151	0.0867223	0.00212451	0.058051	0.0154763	0.0391622	0.00371628	0.00175112	0.000332825	0.00928793
174	0.0105689	0.0061593	0.00045177	0.002151	0.016956	0.00109057	0.00129524	0.369001	0.00325318	0.0881075	0.0119233	0.000526912	0.00104768	0.00404627	0.00169915	0.00242464	0.00771745	0.468016	0.000111692	0.00345272
175	0.0529135	0.00443038	0.0446639	0.0195802	0.00929864	0.0138769	0.0650373	0.0111193	0.013486	0.0167788	0.00870569	0.523694	0.0170585	0.0236393	0.0151894	0.0471334	0.0845242	0.0210752	0.00168779	0.00610742
176	0.0887268	0.0565526	0.113144	0.0320106	0.0110528	0.0201344	0.0231662	0.0270976	0.0206934	0.0259084	0.0170961	0.0338601	0.0130585	0.0175731	0.0237032	0.244667	0.193425	0.0285765	0.00278064	0.00677338
177	0.0296118	0.00156632	0.0552783	0.020548	0.00152873	0.0420085	0.00953537	0.00274067	0.0344544	0.00396088	0.0021258	0.020799	0.00129357	0.0541266	0.0654826	0.496711	0.153471	0.00287355	0.0005911	0.00129305
178	0.0456793	0.00489786	0.331193	0.0800352	0.00221454	0.00420736	0.164214	0.00362357	0.00749243	0.0207347	0.00391806	0.0446472	0.00256614	0.177114	0.00438192	0.0701419	0.00960128	0.00532614	0.00115261	0.0168588
179	0.378062	0.0420218	0.00344361	0.00614618	0.00370162	0.0180864	0.00212227	0.106534	0.00393679	0.0971644	0.0234121	0.00846016	0.00790231	0.00307424	0.00731836	0.117643	0.0585646	0.10966	0.000571886	0.00217447
180	0.0569003	0.00071236	0.0500479	0.108342	0.00745423	0.011142	0.0356853	0.0185572	0.217391	0.051482	0.0184523	0.0224857	0.00750126	0.0733222	0.234219	0.0160466	0.0214176	0.0257388	0.00367429	0.0194277
181	0.156771	0.00119501	0.0276764	0.355118	0.00163755	0.0260516	0.0029609	0.00274499	0.0383326	0.0411532	0.0100182	0.0303227	0.00353213	0.166144	0.106607	0.00810087	0.0117599	0.00810517	0.000480997	0.00128889
182	0.0085893	0.00473724	0.00087244	0.00093857	0.0463666	0.000910404	0.000832932	0.186641	0.0011842	0.566941	0.0989776	0.00149456	0.00147767	0.00175208	0.00176754	0.00144614	0.00662403	0.061429	0.00598968	0.00102778
183	0.196347	0.00990902	0.00125366	0.00152133	0.00132281	0.00206182	0.0014282	0.178459	0.0150061	0.0944922	0.00779486	0.00177305	0.00572322	0.00363787	0.00962772	0.0217175	0.0141078	0.432468	0.000395859	0.000952288
184	0.0994044	0.00420427	0.095708	0.141062	0.00409235	0.0280167	0.0251666	0.00816656	0.158494	0.0118479	0.00179442	0.0342472	0.00430107	0.0652598	0.233591	0.0418207	0.0271974	0.0132164	0.00039863	0.00201036
185	0.0276186	0.0138892	0.00195916	0.00282465	0.0666149	0.00523001	0.00375547	0.167835	0.0280078	0.417511	0.0719782	0.00221025	0.00160466	0.00984935	0.0313217	0.00382842	0.0246864	0.0731434	0.00178461	0.0443469
186	0.0770198	0.0523687	0.00140255	0.00142526	0.00204462	0.00126718	0.00120853	0.2093	0.00184311	0.296191	0.076361	0.00155418	0.00242544	0.00171645	0.00198893	0.0292378	0.079508	0.156831	0.000348481	0.00595831
187	0.0105134	0.00615128	0.000444502	0.00214915	0.0169539	0.00108651	0.00129735	0.368893	0.00322568	0.088117	0.011896	0.000526572	0.00104659	0.00402825	0.00167615	0.00242627	0.00768227	0.468331	0.000111941	0.00344369
188	0.0509451	0.00268466	0.0374311	0.0197746	0.0043216	0.0134836	0.0524941	0.00673987	0.0170371	0.0135523	0.00749707	0.612914	0.0234141	0.0276128	0.014632	0.0451174	0.032715	0.0127636	0.00130914	0.00356115
189	0.0173074	0.00706471	0.000816189	0.00172645	0.0175446	0.00146584	0.00125005	0.366819	0.00360573	0.158475	0.0238742	0.00116511	0.00147989	0.0035027	0.00311137	0.00375896	0.0113177	0.371711	0.000635233	0.0033693
190	0.0116929	0.00649954	0.000828346	0.000884356	0.0321467	0.00142955	0.00121804	0.301277	0.00378845	0.445976	0.0842148	0.00210084	0.00078216	0.00179062	0.00524821	0.00267745	0.0100119	0.0802418	0.00389026	0.00330117
191	0.134524	0.00626428	0.0597224	0.120575	0.00534008	0.015216	0.00954694	0.012834	0.0372979	0.0193576	0.0577121	0.0158611	0.137159	0.0503388	0.0550668	0.100773	0.0878156	0.0689821	0.00186442	0.00374848
192	0.0164773	0.00311518	0.00349374	0.00225749	0.340105	0.00972492	0.0108725	0.0832957	0.00546083	0.167796	0.0424915	0.00656561	0.00565992	0.00595524	0.00696629	0.0125371	0.0134526	0.0550075	0.0494507	0.159315
