232	20
1	0.0513935	0.014758	0.00841092	0.0117384	0.0291507	0.00217556	0.0172866	0.145307	0.0939705	0.203891	0.0297862	0.0109547	0.00145115	0.0278695	0.0773677	0.0605235	0.0423185	0.158435	0.0104098	0.0028014
2	0.0421657	0.0201207	0.0218992	0.0116765	0.0284136	0.037804	0.0165154	0.104064	0.0268693	0.36677	0.0903742	0.014904	0.00816485	0.0249659	0.0438632	0.0404114	0.0283607	0.0569621	0.00506163	0.0106331
3	0.0724328	0.0328344	0.00478444	0.00435566	0.0219153	0.0574921	0.00234582	0.0201409	0.0408667	0.0318524	0.007252	0.00528083	0.0221631	0.00484554	0.00328403	0.290359	0.345277	0.00906217	0.00673597	0.0167193
4	0.0813091	0.0102933	0.0243665	0.0604206	0.00843628	0.053316	0.0391786	0.0243639	0.0991216	0.0437701	0.0173931	0.0547435	0.0261542	0.0853754	0.0811406	0.113269	0.120732	0.0382404	0.00130882	0.0170671
5	0.173708	0.0177816	0.0640824	0.0352905	0.00902287	0.257413	0.0148835	0.00665199	0.0229783	0.0084837	0.00415053	0.0852986	0.00872904	0.0168671	0.00603193	0.166467	0.0464054	0.0489282	0.00287437	0.00395198
6	0.293497	0.00761684	0.00344369	0.00474618	0.00398309	0.0648917	0.00321524	0.0978048	0.0262712	0.0526664	0.010333	0.00311434	0.00865572	0.00353293	0.00399687	0.0926506	0.173641	0.141425	0.00130479	0.00320898
7	0.0489232	0.0304074	0.00376807	0.0204718	0.00953202	0.00412895	0.0581636	0.0116236	0.256599	0.0138088	0.010587	0.0960689	0.00614525	0.0249128	0.22479	0.0941535	0.0592526	0.017777	0.00173747	0.00714913
8	0.0693372	0.0132225	0.027935	0.0619455	0.00821147	0.0372258	0.0307717	0.0331642	0.108576	0.0577085	0.0144614	0.0568	0.0223274	0.0775373	0.121928	0.0933511	0.0914173	0.040337	0.00947211	0.0242704
9	0.00259452	0.009872	0.000980049	0.00118583	0.0425606	0.00167861	0.0038376	0.208863	0.00242905	0.488298	0.048622	0.000637582	0.000188978	0.00239347	0.00038555	0.00241977	0.0109015	0.166532	0.00246187	0.00315738
10	0.0294736	0.0252953	0.0040388	0.00185289	0.0256236	0.00901132	0.025435	0.12556	0.00186613	0.410084	0.100311	0.00708803	0.0019022	0.0385149	0.0149314	0.0240677	0.00938565	0.125615	0.00297825	0.0169654
11	0.078856	0.0249994	0.0900909	0.134054	0.00282753	0.0478923	0.0393081	0.00472428	0.0954174	0.00488641	0.00194921	0.14773	0.00456992	0.128792	0.102662	0.0561412	0.0250638	0.0060872	0.000538636	0.00341024
12	0.0823554	0.0110943	0.0265861	0.0613988	0.00815392	0.052906	0.0382143	0.0223906	0.102173	0.0405186	0.016466	0.0641889	0.023797	0.0859218	0.0902805	0.104959	0.113269	0.0382126	0.00136051	0.0157542
13	0.00272118	0.00986405	0.000963991	0.00118015	0.0426327	0.00174139	0.00385121	0.208408	0.00242407	0.488236	0.0489927	0.00065815	0.000194531	0.00240858	0.000416637	0.00246771	0.010855	0.16636	0.00247963	0.00314398
14	0.106667	0.00578756	0.0586938	0.13858	0.00453488	0.0160976	0.0263045	0.0600514	0.0726283	0.0255709	0.029228	0.0282544	0.00813475	0.0953835	0.0185259	0.0780891	0.0787882	0.128887	0.00119796	0.0185957
15	0.0419482	0.0708797	0.00836784	0.0124822	0.0227793	0.017033	0.0188023	0.0580603	0.013224	0.217171	0.031096	0.0106907	0.299371	0.0191486	0.0200352	0.0335407	0.0331486	0.0424931	0.00528224	0.0244471
16	0.0527906	0.0261838	0.0198599	0.00780616	0.0111189	0.0301702	0.00503139	0.0118739	0.0407149	0.0213975	0.00716983	0.0180007	0.0180179	0.00810706	0.00831378	0.294939	0.382188	0.00823367	0.0177231	0.0103597
17	0.276304	0.0535022	0.0101457	0.0577327	0.00709592	0.0616256	0.0125963	0.0201817	0.0145426	0.0192664	0.0102756	0.0151519	0.181353	0.0138373	0.0444366	0.0866252	0.0714687	0.0317354	0.00260144	0.00952124
18	0.00661929	0.00597938	0.000342969	0.00202762	0.00388245	0.000537097	0.000466789	0.476936	0.000495344	0.036978	0.00527811	0.00040532	0.000276737	0.000427859	0.000401824	0.00243221	0.00521427	0.44882	0.000169551	0.00230976
19	0.0908784	0.020248	0.0509246	0.083975	0.0127972	0.0358227	0.034454	0.0307718	0.0662337	0.044129	0.0264828	0.0488705	0.0165148	0.162605	0.0721275	0.074943	0.0655053	0.0415736	0.00484747	0.0162957
20	0.0152762	0.0718413	0.00515484	0.00785608	0.00652921	0.00768746	0.0108704	0.0327648	0.168366	0.12431	0.192294	0.0092296	0.00484169	0.0755723	0.145042	0.0587251	0.0370699	0.0181358	0.00361997	0.00481387
21	0.137342	0.0420509	0.0194633	0.0641075	0.00760755	0.0864273	0.0214493	0.026008	0.0473056	0.0332513	0.0376641	0.0287994	0.0148088	0.0948675	0.0334746	0.0963461	0.0683433	0.0949243	0.00464268	0.0411159
22	0.516214	0.0920446	0.000812942	0.00964146	0.00142042	0.0389494	0.00128168	0.00762532	0.00105945	0.00419556	0.00528093	0.00602539	0.000957522	0.00124288	0.00107536	0.139794	0.0644136	0.0995111	0.000395686	0.00805894
23	0.00504207	0.0028431	0.0018485	0.00242827	0.00203938	0.011111	0.00169091	0.484745	0.00227888	0.128032	0.190627	0.00208817	0.00146685	0.00264544	0.00195938	0.00477774	0.0134276	0.129444	0.00940509	0.00209841
24	0.113144	0.0225216	0.0137088	0.023305	0.00763189	0.0717405	0.0119221	0.0516468	0.0405038	0.035947	0.0132288	0.0227374	0.161837	0.0218861	0.0175218	0.173839	0.144341	0.0384779	0.003184	0.0108746
25	0.0771627	0.0409099	0.00132707	0.00206832	0.0170655	0.00526958	0.00386011	0.287613	0.00376153	0.14539	0.0188203	0.00204513	0.00978657	0.0045401	0.00212058	0.0484442	0.0616151	0.262969	0.000863243	0.00436908
26	0.0362128	0.0153847	0.0026025	0.00140668	0.0377815	0.0114844	0.00243675	0.14307	0.00165775	0.530629	0.122277	0.0086848	0.001072	0.0057405	0.00564831	0.0295388	0.0125423	0.0287212	0.00110972	0.00200007
27	0.0377965	0.020261	0.0033018	0.00135669	0.0272131	0.0146607	0.00460125	0.133564	0.00161005	0.521177	0.116886	0.00677924	0.00112957	0.00922298	0.00813886	0.0304929	0.0130238	0.0438217	0.0015365	0.0034265
28	0.0296741	0.0135833	0.413167	0.0950563	0.00241274	0.0115223	0.0318651	0.0157784	0.0207858	0.0233455	0.0026357	0.116448	0.0287131	0.0284044	0.0254258	0.0785528	0.0387046	0.0206341	0.000914933	0.00237568
29	0.00405769	0.0129144	0.00128557	0.00177922	0.042309	0.00188997	0.00398267	0.214033	0.00294014	0.465941	0.0445309	0.000837801	0.000314484	0.00340559	0.000579218	0.00377467	0.0162448	0.17173	0.00278497	0.00466471
30	0.00319413	0.0101318	0.00109512	0.00117261	0.0423104	0.00192082	0.00444261	0.206282	0.00234584	0.487603	0.0503713	0.000799266	0.000192509	0.00299989	0.000589606	0.00298605	0.010857	0.164899	0.00240287	0.00340448
31	0.503551	0.100031	0.000867098	0.00918047	0.00142722	0.0392927	0.00143373	0.00821971	0.0012701	0.00420049	0.00519734	0.00582427	0.00114766	0.00130428	0.00110046	0.134374	0.0691002	0.10428	0.000421538	0.00777633
32	0.0174759	0.206331	0.00484728	0.00644731	0.00641534	0.0321537	0.0308275	0.165597	0.033952	0.0779773	0.00829595	0.00835688	0.0053965	0.0340282	0.00769823	0.107356	0.110551	0.127544	0.00260073	0.00614702
33	0.351534	0.0290435	0.00796054	0.00747996	0.00312639	0.142556	0.00368856	0.00580869	0.00786947	0.00697258	0.00404711	0.0112338	0.00405879	0.00464885	0.00364015	0.342676	0.0362161	0.0227093	0.0012317	0.00349883
34	0.0665159	0.0250374	0.0411479	0.0655928	0.0123149	0.0314676	0.0360593	0.028747	0.0532713	0.0442279	0.0210149	0.0388895	0.138053	0.150778	0.058544	0.0679476	0.0653886	0.0334164	0.00409006	0.0174967
35	0.0721263	0.0289428	0.0277945	0.0183215	0.0111926	0.0340287	0.0102329	0.0207879	0.0359501	0.026219	0.0103876	0.0246568	0.024697	0.0167482	0.0164971	0.24218	0.335135	0.0232294	0.00734681	0.0135252
36	0.111775	0.0239119	0.0483273	0.0421285	0.00832681	0.330406	0.0207223	0.0190924	0.0292596	0.0288152	0.0147321	0.0366707	0.0146853	0.0236705	0.0194678	0.11104	0.050492	0.0377329	0.0147448	0.0139989
37	0.131671	0.0669238	0.0180274	0.0135471	0.0107953	0.0433141	0.0085929	0.0222806	0.02618	0.0276476	0.012233	0.0214612	0.0194418	0.0128123	0.00982413	0.247936	0.249132	0.0366864	0.00629622	0.0151974
38	0.247328	0.0384595	0.0207395	0.0210092	0.00773708	0.184033	0.0118206	0.0382021	0.0242904	0.0285339	0.0139735	0.0288344	0.0107333	0.0135571	0.00783141	0.104576	0.0688737	0.11452	0.00428198	0.0106649
39	0.0771053	0.0174606	0.0268705	0.035967	0.013889	0.0397252	0.0366389	0.0369589	0.140531	0.0462178	0.020311	0.0384899	0.0576636	0.0489831	0.0986378	0.0880991	0.0822626	0.0768195	0.00318398	0.0141849
40	0.0798009	0.0401982	0.0106802	0.00726198	0.0133783	0.0548472	0.00330242	0.0142308	0.0295473	0.0224863	0.00792458	0.00977888	0.0183612	0.0054876	0.00336525	0.281584	0.368198	0.00994646	0.0065838	0.0130366
41	0.0442546	0.0289083	0.00375014	0.00159724	0.0279136	0.0187702	0.00954177	0.130012	0.00160342	0.47661	0.0920454	0.00481895	0.00183857	0.0175782	0.0137864	0.0329733	0.0097668	0.0750404	0.0025545	0.00663582
42	0.447268	0.0884064	0.00163262	0.00890029	0.00248716	0.0405608	0.00205798	0.00840826	0.0039836	0.00803364	0.00809864	0.00587645	0.00200861	0.00290343	0.00189707	0.192585	0.0815874	0.0760739	0.00077587	0.0164549
43	0.0156672	0.00311358	0.00206244	0.0025383	0.4261	0.00297999	0.00187835	0.00411267	0.00265707	0.00554984	0.00324229	0.00225421	0.00159339	0.00305972	0.00237021	0.00604282	0.00597604	0.0135414	0.0213876	0.473873
44	0.052269	0.035952	0.00281566	0.00146241	0.020859	0.0133588	0.00691997	0.156074	0.00179238	0.447931	0.0801886	0.00474496	0.00221438	0.0164689	0.00993022	0.0497231	0.0132362	0.0772306	0.00199943	0.00482974
45	0.00462157	0.0134419	0.00130321	0.00221905	0.0428663	0.00193043	0.00399882	0.224563	0.00334504	0.448939	0.0407264	0.000873795	0.000436051	0.00402756	0.000628	0.00458238	0.0168635	0.17561	0.00336801	0.00565516
46	0.0157811	0.00918904	0.00753489	0.083742	0.0239675	0.00299952	0.0410739	0.0113602	0.208767	0.0287218	0.0119091	0.0340419	0.00695857	0.0924305	0.291547	0.0681517	0.0299701	0.0204581	0.00115609	0.0102397
47	0.448965	0.0624045	0.0012126	0.00851388	0.00199	0.0634171	0.00208043	0.0306338	0.00769268	0.0194305	0.00646111	0.00549186	0.004744	0.00189183	0.00166836	0.128429	0.0935676	0.1054	0.000571824	0.00543445
48	0.00273605	0.00988214	0.000967415	0.00118219	0.0426289	0.00174465	0.00382788	0.208565	0.00240617	0.488506	0.0489036	0.000652399	0.000187754	0.00237063	0.00042294	0.0024951	0.0107799	0.16617	0.0024445	0.00312779
49	0.00584833	0.00588091	0.000340739	0.00209215	0.00374041	0.000525312	0.000466445	0.486549	0.000488828	0.0371462	0.00484842	0.000404659	0.000232315	0.000436509	0.000386994	0.00247631	0.00492218	0.440823	0.000168143	0.0022238
50	0.00259554	0.0098447	0.000963503	0.00118298	0.0426752	0.00167834	0.00383979	0.208726	0.00241738	0.488374	0.0487401	0.000637407	0.000187295	0.00237381	0.000387489	0.00237413	0.0108156	0.16659	0.00245803	0.00313918
51	0.514553	0.0918636	0.00099789	0.0126234	0.00146786	0.0374857	0.00155463	0.00774262	0.00118589	0.00425342	0.0054701	0.00733888	0.0011314	0.00142225	0.00123592	0.137169	0.0636297	0.100468	0.00044713	0.00795924
52	0.0562872	0.0295663	0.0279899	0.0308959	0.0209799	0.0287767	0.0918964	0.042071	0.0402424	0.0689207	0.0228478	0.0273964	0.247711	0.0378994	0.056273	0.0549377	0.0515906	0.031917	0.00595401	0.0258467
53	0.153867	0.0373221	0.0148249	0.00779249	0.00831574	0.0383133	0.00380553	0.011426	0.0211854	0.0158978	0.00843632	0.0102628	0.0159492	0.00619101	0.00474118	0.258909	0.347277	0.0183458	0.00476837	0.0123693
54	0.0273738	0.0118128	0.00351168	0.0128394	0.0139063	0.00698412	0.0940606	0.0120979	0.170928	0.0285525	0.0226597	0.0612742	0.0134768	0.0583818	0.375419	0.0283357	0.0215956	0.0240364	0.00126576	0.0114878
55	0.0489879	0.00320022	0.453562	0.23026	0.00204844	0.0792298	0.00782771	0.00538077	0.019822	0.0145673	0.00228758	0.0471193	0.00589432	0.0174359	0.0103112	0.0291165	0.0147572	0.00556906	0.000669921	0.00195235
56	0.0167453	0.0146649	0.00379753	0.00332605	0.04561	0.00676945	0.00761952	0.174567	0.00801581	0.449722	0.064881	0.00405167	0.00299776	0.00941088	0.00947928	0.0152767	0.0188026	0.134363	0.003658	0.00624178
57	0.498013	0.0917327	0.00117077	0.00998003	0.00174254	0.0363674	0.00185383	0.00932395	0.00233879	0.00661758	0.00902753	0.00656389	0.0012495	0.00239095	0.00171903	0.146853	0.0650242	0.096718	0.000607667	0.0107059
58	0.0794817	0.00986067	0.0280433	0.0675355	0.00806963	0.0502474	0.0401548	0.0241002	0.104684	0.0421293	0.0180256	0.0549118	0.0239868	0.0903511	0.075831	0.109463	0.115115	0.0402407	0.00122864	0.0165405
59	0.0840707	0.021751	0.0549681	0.0931521	0.0171753	0.0306943	0.0313691	0.0343234	0.0608383	0.0452745	0.0219319	0.047165	0.0224461	0.173253	0.0684488	0.0664286	0.0666721	0.0390459	0.00491539	0.0160762
60	0.0145732	0.0142162	0.00265597	0.00352948	0.00425597	0.00497564	0.00406823	0.365922	0.0167181	0.119994	0.0049579	0.00308847	0.00329674	0.0168535	0.00325503	0.0553069	0.194177	0.164194	0.00131829	0.00264317
61	0.0501078	0.0155784	0.000522173	0.0011648	0.015865	0.00619906	0.0040207	0.305282	0.000845599	0.080525	0.0296078	0.000565937	0.00284434	0.000719561	0.000627734	0.00726293	0.0197657	0.451614	0.000287676	0.00659345
62	0.00866886	0.0140183	0.00119564	0.00128392	0.0395242	0.00219041	0.00500412	0.202691	0.00226725	0.443879	0.0506161	0.000989765	0.000552019	0.00388346	0.000769355	0.00394251	0.0127862	0.198979	0.00220627	0.00455361
63	0.00584833	0.00588091	0.000340739	0.00209215	0.00374041	0.000525312	0.000466445	0.486549	0.000488828	0.0371462	0.00484842	0.000404659	0.000232315	0.000436509	0.000386994	0.00247631	0.00492218	0.440823	0.000168143	0.0022238
64	0.3584	0.0221326	0.00185187	0.00242064	0.00208391	0.157866	0.0019317	0.0030797	0.00235286	0.00411976	0.0026509	0.00264893	0.00161182	0.00245491	0.00202393	0.403518	0.0214495	0.00427961	0.000819856	0.00230307
65	0.0847979	0.0275164	0.0293078	0.0179261	0.0106319	0.0340455	0.00978586	0.0220714	0.0320948	0.0257004	0.0094565	0.0259245	0.023232	0.0174746	0.0143717	0.238791	0.332479	0.0268703	0.0063439	0.0111782
66	0.0602354	0.0402938	0.0253127	0.0261582	0.0178128	0.0280466	0.0263191	0.0494308	0.0222194	0.0790096	0.019504	0.0186403	0.350953	0.0245437	0.0285453	0.0582069	0.0572181	0.0330166	0.0046486	0.0298851
67	0.0845373	0.0127965	0.00838552	0.0407426	0.0409157	0.110476	0.0102697	0.0183624	0.0481911	0.153146	0.170336	0.0514131	0.00756009	0.0162078	0.0477682	0.0870945	0.0594141	0.0189075	0.00555189	0.00792366
68	0.0368699	0.010044	0.0100428	0.0154861	0.0192844	0.00204501	0.0273517	0.141218	0.120067	0.199322	0.0353992	0.00747711	0.00146404	0.030623	0.0910329	0.0421921	0.0337817	0.169682	0.00480671	0.00181029
69	0.0110422	0.0115918	0.000894052	0.00169416	0.044124	0.00321613	0.00434058	0.230573	0.00265171	0.423711	0.0410576	0.000674157	0.000602778	0.00244682	0.00054485	0.00368901	0.0140858	0.196418	0.00223321	0.00440998
70	0.0361486	0.0107452	0.0106584	0.0144358	0.0193472	0.0016241	0.0231161	0.151707	0.111916	0.212299	0.0355233	0.00439754	0.000744974	0.0285707	0.0765002	0.0433576	0.0325866	0.180109	0.00516684	0.0010458
71	0.0772932	0.00926726	0.0262094	0.0603679	0.00723708	0.060088	0.0421155	0.028057	0.1005	0.0553542	0.0197234	0.0539082	0.0266077	0.0833731	0.0763861	0.107089	0.109983	0.0381277	0.0014474	0.0168646
72	0.00943247	0.0137935	0.00113512	0.00282039	0.0407038	0.00239378	0.00420017	0.237177	0.00414314	0.412026	0.0378172	0.000748355	0.000799252	0.00355697	0.000795951	0.00508855	0.019198	0.195083	0.00283432	0.00625335
73	0.0196155	0.01033	0.380134	0.0643223	0.00241786	0.00735937	0.0190703	0.0188154	0.0208198	0.0268601	0.00284468	0.107291	0.0354166	0.0206774	0.0284477	0.14271	0.0537065	0.0361465	0.000954173	0.00206146
74	0.0107815	0.00688244	0.0136544	0.00407799	0.245666	0.00546818	0.0225684	0.036079	0.00425642	0.228812	0.0320818	0.0133095	0.00252653	0.0238297	0.0200774	0.0443631	0.0904808	0.0357607	0.0513729	0.107952
75	0.0966954	0.0154452	0.0717936	0.0445123	0.00287005	0.100929	0.0181892	0.00587022	0.0508905	0.0139748	0.00400244	0.0915007	0.033186	0.0266076	0.0138511	0.298832	0.0762547	0.0317187	0.000902015	0.00197385
76	0.0260816	0.0269505	0.00120125	0.00204205	0.0299273	0.00361048	0.00421819	0.25552	0.00376441	0.315762	0.0307423	0.0010958	0.00289844	0.00398106	0.000830281	0.0161959	0.0356022	0.232003	0.00221727	0.00535512
77	0.0080332	0.00433606	0.0105779	0.161859	0.0204276	0.00248478	0.00874281	0.00621376	0.215843	0.0235023	0.00450518	0.0184692	0.00262062	0.126838	0.239002	0.0970765	0.0291001	0.00854489	0.00107121	0.0107519
78	0.0107267	0.004301	0.016907	0.0046116	0.215406	0.00540407	0.0334169	0.0448273	0.00331764	0.203448	0.0341345	0.0164458	0.00322203	0.03134	0.0277731	0.044429	0.0889438	0.0326	0.0549122	0.123833
79	0.00436979	0.0110846	0.000932037	0.00158626	0.0447393	0.00209694	0.00398956	0.217657	0.00276171	0.465758	0.0443101	0.000682203	0.000276482	0.00262731	0.000438348	0.00283053	0.0123195	0.17508	0.00253894	0.00392273
80	0.0068525	0.00594179	0.000350885	0.00198283	0.00392596	0.00062014	0.000484216	0.471733	0.000509591	0.0367077	0.00509867	0.000416083	0.000290241	0.000433697	0.000421017	0.00238721	0.00544618	0.453953	0.000170205	0.00227471
81	0.00306714	0.00946619	0.000987866	0.0013422	0.0582186	0.00198552	0.00384069	0.204924	0.0024475	0.480275	0.0515056	0.00114639	0.000260508	0.00256515	0.000537616	0.00258589	0.0105426	0.158634	0.00237814	0.00328956
82	0.0504011	0.008151	0.417806	0.174061	0.00366642	0.0653679	0.0137273	0.015135	0.0214867	0.0222099	0.00531099	0.0567562	0.0109102	0.0212812	0.0155156	0.0480796	0.0308906	0.0149165	0.00126124	0.00306482
83	0.0728445	0.00986827	0.189435	0.202984	0.0115037	0.0493147	0.019784	0.0201991	0.0543493	0.0252268	0.0108993	0.0518471	0.017327	0.0626482	0.0505877	0.0599169	0.0564988	0.0219105	0.00167696	0.0111782
84	0.516214	0.0920446	0.000812942	0.00964146	0.00142042	0.0389494	0.00128168	0.00762532	0.00105945	0.00419556	0.00528093	0.00602539	0.000957522	0.00124288	0.00107536	0.139794	0.0644136	0.0995111	0.000395686	0.00805894
85	0.0496339	0.00884382	0.422691	0.172508	0.00416783	0.0614734	0.0133552	0.0114675	0.0227747	0.0211717	0.00630922	0.0540126	0.0116404	0.0247183	0.016258	0.0474424	0.0286253	0.0150601	0.00241316	0.00543443
86	0.0255445	0.0169135	0.00461406	0.0230395	0.0185568	0.00381741	0.0687138	0.0267605	0.219752	0.0252485	0.0179029	0.0433832	0.0117925	0.0572973	0.316138	0.0387902	0.0298199	0.03968	0.00147983	0.010756
87	0.0640168	0.0288847	0.0789904	0.0463668	0.00309399	0.0952228	0.013615	0.00759712	0.0425603	0.0251652	0.00550264	0.0970393	0.0336688	0.0355981	0.0118466	0.289015	0.0935945	0.024655	0.00103055	0.00253599
88	0.0139413	0.00602458	0.0032604	0.00311519	0.238575	0.00504233	0.00418135	0.0735256	0.00351341	0.439515	0.113617	0.016555	0.00207308	0.00543597	0.00482559	0.0135247	0.0134825	0.019633	0.00422018	0.0159386
89	0.0365443	0.010016	0.0104095	0.0146959	0.0196979	0.00144715	0.0231352	0.15048	0.113571	0.212069	0.03622	0.00440197	0.00071574	0.0284686	0.0769792	0.0424913	0.0332691	0.179252	0.0051334	0.00100302
90	0.0748864	0.000843172	0.144838	0.287549	0.00534063	0.0270784	0.0192267	0.00660656	0.0485517	0.0100639	0.00146432	0.0632101	0.0146807	0.112517	0.0520604	0.05667	0.0602636	0.0082236	0.000277996	0.00564827
91	0.0774598	0.0173026	0.0764249	0.0702109	0.0112187	0.0265317	0.0247183	0.046691	0.0522222	0.0412052	0.0222378	0.0331533	0.013164	0.126162	0.0292197	0.0719014	0.100881	0.141046	0.00326873	0.0149822
92	0.0677992	0.0192334	0.000805694	0.00123721	0.0213518	0.0076784	0.00501478	0.238712	0.00157247	0.0987813	0.0391499	0.000984764	0.00448149	0.00115305	0.000951438	0.012426	0.0342111	0.436483	0.000393503	0.00757904
93	0.0105636	0.00456944	0.00282712	0.00311064	0.264843	0.00424637	0.00307832	0.0502303	0.00351016	0.467708	0.114346	0.0134264	0.0022009	0.00336871	0.0034999	0.0103333	0.0111245	0.00937403	0.00274381	0.014896
94	0.00890361	0.00385137	0.012897	0.00377315	0.280226	0.00442454	0.0223034	0.0359477	0.00310216	0.21252	0.0323028	0.0124978	0.00207346	0.0231664	0.0195839	0.0366837	0.0798406	0.0266197	0.0508615	0.128421
95	0.0617962	0.0287641	0.0347287	0.0152234	0.00911271	0.028865	0.00784994	0.0143166	0.0301684	0.0229728	0.00757898	0.022295	0.0270495	0.0129488	0.0108887	0.27434	0.358151	0.0148965	0.00711408	0.0109393
96	0.366678	0.0572772	0.0178978	0.0291475	0.00551871	0.0632527	0.00840674	0.0286561	0.0187425	0.0215606	0.0102622	0.0206941	0.0116121	0.01948	0.0152283	0.139812	0.0686886	0.085006	0.00137562	0.0107031
97	0.0805071	0.0299034	0.0267806	0.0174825	0.0104547	0.0393264	0.0109676	0.0231937	0.0328296	0.0282655	0.010343	0.0216665	0.0265704	0.018402	0.0150082	0.236955	0.328698	0.0248508	0.00584576	0.0119496
98	0.0211094	0.0220868	0.00377682	0.00194854	0.0333434	0.00731552	0.023754	0.145704	0.00214567	0.402014	0.0962421	0.00755664	0.00197129	0.0312658	0.0119112	0.0179536	0.0114433	0.138426	0.00293576	0.017096
99	0.0371744	0.0120871	0.00043605	0.0013348	0.0119488	0.00462126	0.00298332	0.360465	0.00074102	0.0681327	0.0194667	0.000504269	0.0019753	0.000651089	0.000564234	0.00572375	0.0164695	0.449608	0.000219688	0.00489264
100	0.0770963	0.00641724	0.0687802	0.147906	0.00815748	0.0433017	0.0308194	0.0176298	0.0834289	0.0330993	0.011856	0.0574237	0.0205278	0.0958789	0.0676324	0.0895685	0.097787	0.0293134	0.000890223	0.0124852
101	0.0748864	0.000843172	0.144838	0.287549	0.00534063	0.0270784	0.0192267	0.00660656	0.0485517	0.0100639	0.00146432	0.0632101	0.0146807	0.112517	0.0520604	0.05667	0.0602636	0.0082236	0.000277996	0.00564827
102	0.0502887	0.0165501	0.00663692	0.00719407	0.047663	0.00976164	0.0177179	0.13204	0.0348401	0.3023	0.0807608	0.00728943	0.00369253	0.0305194	0.0527972	0.0342244	0.0231307	0.110792	0.0198063	0.0119953
103	0.505328	0.0936703	0.000880471	0.00934582	0.0013976	0.0388754	0.00145855	0.00892087	0.00157221	0.00510699	0.00551503	0.00588242	0.00105122	0.00147756	0.00113282	0.138249	0.0672071	0.103233	0.000401368	0.00929489
104	0.0493001	0.0121075	0.00530688	0.0270664	0.0790347	0.0306248	0.0337082	0.102946	0.00674258	0.187316	0.0631328	0.00744091	0.189475	0.0113686	0.0362198	0.015808	0.036662	0.0485073	0.00806257	0.0491706
105	0.058603	0.0190948	0.000535354	0.00123976	0.0219654	0.00929235	0.00630435	0.277515	0.00155092	0.114741	0.0292682	0.000669959	0.00358698	0.00129081	0.000772842	0.0109222	0.0290799	0.405832	0.000407941	0.00732851
106	0.0430048	0.0145711	0.0122106	0.0318989	0.0166695	0.0185702	0.0686085	0.0191899	0.170196	0.0334603	0.0228152	0.0523118	0.0156934	0.0695074	0.244075	0.0612716	0.0578869	0.0342354	0.00120076	0.012622
107	0.0104523	0.0065871	0.000312352	0.00194545	0.00594835	0.00155695	0.00107759	0.467865	0.000558464	0.0456811	0.00651695	0.000437876	0.000463713	0.000500336	0.000426411	0.00281788	0.00659733	0.437472	0.000177536	0.00260535
108	0.0566977	0.0415038	0.00569618	0.00780902	0.00499349	0.0090087	0.00632655	0.103771	0.0119873	0.0666853	0.0319105	0.0755162	0.00515939	0.0340169	0.0298558	0.145363	0.172448	0.12643	0.00313654	0.061684
109	0.00634264	0.00578464	0.000355604	0.00202034	0.00392479	0.00063862	0.000471913	0.476137	0.000497726	0.0364421	0.00475535	0.000417864	0.000241751	0.000438646	0.000430958	0.00240564	0.00530185	0.451014	0.000172735	0.00220514
110	0.112804	0.013143	0.0413935	0.0666525	0.00613315	0.187671	0.0405699	0.0165604	0.0714696	0.0230109	0.0103708	0.0592419	0.0151354	0.0492442	0.0414377	0.127555	0.0667524	0.0315937	0.00753094	0.0117304
111	0.0769725	0.00920395	0.0262512	0.0611051	0.00731901	0.0591407	0.0424189	0.0278054	0.0995795	0.0540693	0.0197	0.0544962	0.0264219	0.0842489	0.0764682	0.107345	0.111047	0.0383644	0.00142566	0.0166175
112	0.00631747	0.00334489	0.00935631	0.186389	0.0170379	0.00271873	0.00248194	0.00434105	0.222558	0.0195828	0.00322283	0.0137832	0.0015097	0.137239	0.218539	0.105666	0.0280761	0.00519041	0.000829949	0.0118162
113	0.00867582	0.0123929	0.00189894	0.00157868	0.0509453	0.00408027	0.00571463	0.185836	0.00369806	0.477537	0.0599694	0.00198612	0.00168839	0.00537892	0.0035328	0.00815948	0.0133598	0.144802	0.00308095	0.00568503
114	0.0365443	0.010016	0.0104095	0.0146959	0.0196979	0.00144715	0.0231352	0.15048	0.113571	0.212069	0.03622	0.00440197	0.00071574	0.0284686	0.0769792	0.0424913	0.0332691	0.179252	0.0051334	0.00100302
115	0.0156672	0.00311358	0.00206244	0.0025383	0.4261	0.00297999	0.00187835	0.00411267	0.00265707	0.00554984	0.00324229	0.00225421	0.00159339	0.00305972	0.00237021	0.00604282	0.00597604	0.0135414	0.0213876	0.473873
116	0.210601	0.269295	0.00449949	0.00598946	0.0052992	0.00820503	0.00702089	0.029425	0.00585422	0.015771	0.00768067	0.00837575	0.0035033	0.00584924	0.00508458	0.0248684	0.177275	0.197591	0.0024208	0.00539136
117	0.157386	0.0155625	0.067705	0.0493709	0.00710175	0.197862	0.0195791	0.00979205	0.0374605	0.0134375	0.00634659	0.0842444	0.0119396	0.0420066	0.0202023	0.150036	0.0648006	0.0378242	0.00177171	0.00557113
118	0.061087	0.00753095	0.00564622	0.00624404	0.00345035	0.00586332	0.0214665	0.00587109	0.0753162	0.00892256	0.00455684	0.166421	0.00289218	0.0337029	0.0728317	0.331958	0.172017	0.00885492	0.0022289	0.00313785
119	0.0460401	0.00346187	0.474997	0.227125	0.00191801	0.0792657	0.00684938	0.0054351	0.0180894	0.0147648	0.00243306	0.0449636	0.00570179	0.0117943	0.00800564	0.0273672	0.0136621	0.00544811	0.00078298	0.00189474
120	0.0748388	0.000855377	0.144549	0.286876	0.00533471	0.0271699	0.0193817	0.00663511	0.0487153	0.0100691	0.00150127	0.0632588	0.0147053	0.112652	0.0521341	0.0568049	0.0602388	0.00831523	0.000278713	0.00568602
121	0.0437809	0.0236801	0.0122976	0.0529136	0.00997177	0.373566	0.0525773	0.0184705	0.0203399	0.0207577	0.0124833	0.0161228	0.00780671	0.0159859	0.0148632	0.151574	0.0311037	0.0227636	0.0538756	0.0450658
122	0.0519199	0.0184142	0.0266299	0.0508482	0.0148912	0.0243894	0.0394911	0.0340923	0.174857	0.0486929	0.0278677	0.044027	0.0163877	0.0605197	0.157329	0.08293	0.0675636	0.043756	0.00384111	0.0115523
123	0.00398133	0.0105139	0.00122388	0.00151224	0.0420466	0.00183633	0.004117	0.207777	0.00444653	0.480467	0.0492806	0.000818627	0.000218694	0.00298051	0.00172413	0.00378546	0.0119667	0.165312	0.00258133	0.00340922
124	0.0101785	0.0148806	0.00380897	0.00159207	0.0356678	0.00420211	0.0123314	0.179077	0.00228335	0.452297	0.0651017	0.00286116	0.00067799	0.0151222	0.0047931	0.010883	0.015036	0.156784	0.00241253	0.0100095
125	0.269722	0.0231213	0.021683	0.0791744	0.00504048	0.0638286	0.0333451	0.0530416	0.0231877	0.017959	0.00871798	0.0226482	0.0118916	0.0259066	0.0166997	0.112308	0.131553	0.0681248	0.00198456	0.0100621
126	0.00259554	0.0098447	0.000963503	0.00118298	0.0426752	0.00167834	0.00383979	0.208726	0.00241738	0.488374	0.0487401	0.000637407	0.000187295	0.00237381	0.000387489	0.00237413	0.0108156	0.16659	0.00245803	0.00313918
127	0.0260501	0.0145885	0.00415521	0.0190478	0.0184337	0.00420118	0.0768373	0.0224467	0.221189	0.0245903	0.0189043	0.0472192	0.0129726	0.0593555	0.311908	0.0375574	0.0289361	0.0392368	0.00105904	0.0113116
128	0.0775787	0.00721016	0.107156	0.209249	0.00540927	0.0227561	0.0185825	0.0187414	0.0406754	0.00953634	0.00386825	0.153231	0.00939115	0.137289	0.055204	0.0402429	0.0564513	0.0114569	0.00110254	0.0148683
129	0.0361995	0.0152592	0.00257119	0.00140239	0.0389899	0.011477	0.00228493	0.141767	0.00164288	0.532179	0.123288	0.00883372	0.00105805	0.00550548	0.00554268	0.0296186	0.0123564	0.0270595	0.00110545	0.00185903
130	0.0524913	0.0172167	0.000635054	0.00135613	0.0263977	0.00897558	0.0066491	0.27148	0.00151048	0.145626	0.0327804	0.000780041	0.00305043	0.00145458	0.00080283	0.00815526	0.0235246	0.388119	0.000684602	0.00830951
131	0.0768784	0.00858099	0.0407379	0.0960062	0.00736456	0.0544226	0.0354057	0.0208536	0.0988867	0.0378253	0.0167473	0.0537277	0.0243226	0.0936912	0.0729179	0.105597	0.105967	0.0329204	0.00118864	0.0159576
132	0.00502465	0.0102684	0.00116764	0.0012848	0.0498951	0.00358658	0.00383135	0.204051	0.00230953	0.487366	0.0526087	0.00117317	0.000255771	0.00281411	0.00104464	0.00408716	0.0104436	0.153439	0.00227824	0.00307005
133	0.0782054	0.0100436	0.0263366	0.0634244	0.00788033	0.0515592	0.0416247	0.0235354	0.10565	0.0433932	0.0178998	0.0556898	0.0251023	0.0880036	0.0789707	0.109883	0.117249	0.0377412	0.00125445	0.0165525
134	0.0687649	0.0240258	0.00671791	0.019023	0.0327529	0.021439	0.0221061	0.109695	0.0104396	0.119248	0.0266975	0.00954386	0.322607	0.0128745	0.0217625	0.0248226	0.0298755	0.0300311	0.00410552	0.0834678
135	0.0614183	0.0300612	0.0289467	0.0422612	0.0163581	0.0283631	0.0400466	0.0300792	0.0712369	0.0543147	0.0209742	0.0355505	0.195507	0.0494278	0.130468	0.0570773	0.0519157	0.0305438	0.00614453	0.0193049
136	0.107126	0.0231638	0.00178022	0.00175608	0.0221883	0.00868222	0.00467425	0.233918	0.00460513	0.0850695	0.0457021	0.00164582	0.00500811	0.00264631	0.00199194	0.0199928	0.0284465	0.393323	0.000856578	0.00742346
137	0.00358406	0.00999179	0.00098367	0.0013142	0.0412194	0.00198664	0.00365757	0.220471	0.00244163	0.472664	0.0501196	0.00074633	0.000238081	0.00262265	0.000607058	0.00297993	0.01132	0.167156	0.00259101	0.00330518
138	0.00584833	0.00588091	0.000340739	0.00209215	0.00374041	0.000525312	0.000466445	0.486549	0.000488828	0.0371462	0.00484842	0.000404659	0.000232315	0.000436509	0.000386994	0.00247631	0.00492218	0.440823	0.000168143	0.0022238
139	0.0158715	0.00413991	0.00301712	0.00319307	0.410864	0.00360657	0.00378704	0.00818554	0.00335004	0.0366973	0.00744178	0.00369406	0.00186904	0.00550106	0.00403706	0.00981276	0.0132725	0.015642	0.0210988	0.424919
140	0.079619	0.0873196	0.00491237	0.00581095	0.014302	0.01471	0.00484676	0.0313032	0.00582713	0.199322	0.0813613	0.00657019	0.00425422	0.00718887	0.00538804	0.0244663	0.176718	0.22994	0.0104773	0.00566235
141	0.0275482	0.00855491	0.440257	0.122325	0.00237968	0.0126902	0.0244307	0.0177546	0.0205628	0.0276324	0.00229611	0.0877331	0.0275573	0.0202165	0.023523	0.0685984	0.0430131	0.0200316	0.000872626	0.00202297
142	0.0556156	0.0161285	0.0194428	0.0461673	0.0136441	0.0217057	0.0569621	0.0196872	0.165681	0.031265	0.0190212	0.0609666	0.0142921	0.0652519	0.231674	0.0674585	0.0505006	0.0318004	0.00202675	0.0107083
143	0.507272	0.0933728	0.00085208	0.00941332	0.00143494	0.0402046	0.00144183	0.00853122	0.00145643	0.00469571	0.0053903	0.00606984	0.00125492	0.00172771	0.0012241	0.136825	0.0671796	0.103253	0.00038537	0.0080148
144	0.0769593	0.00606756	0.0773468	0.163377	0.00907278	0.0322803	0.0302404	0.0209552	0.086565	0.0243055	0.0106217	0.0692651	0.0150002	0.103664	0.0723549	0.0713702	0.080719	0.0377691	0.00102597	0.0110406
145	0.207295	0.0100567	0.0646282	0.123357	0.00599375	0.00911706	0.0614257	0.0117746	0.0102452	0.0144382	0.0349728	0.0111745	0.006031	0.337154	0.00762989	0.0178775	0.0447959	0.0137441	0.0026807	0.00560786
146	0.00678686	0.0100479	0.0010283	0.00149523	0.0363554	0.00225504	0.00370649	0.249885	0.00310504	0.404403	0.0435493	0.000685218	0.000498839	0.00250821	0.000970434	0.00376887	0.01337	0.20995	0.00222955	0.00340117
147	0.119506	0.031026	0.00542078	0.00679433	0.0482509	0.00731031	0.105275	0.0109299	0.00693209	0.0645401	0.0334229	0.00669306	0.00380848	0.0327466	0.0314297	0.0405726	0.0145101	0.0651098	0.00326445	0.362457
148	0.0786916	0.00983766	0.0265055	0.065325	0.00779621	0.0516946	0.0403096	0.0231526	0.106192	0.0425084	0.0175379	0.0550363	0.0252097	0.0887396	0.0779023	0.110575	0.117812	0.0374723	0.00124705	0.0164543
149	0.0864308	0.00827551	0.0362488	0.109358	0.00799201	0.036934	0.0304147	0.0527006	0.0891438	0.0474959	0.0280262	0.050045	0.0171394	0.0868718	0.0526967	0.0850479	0.0941631	0.0638554	0.0017746	0.0153861
150	0.00556926	0.0105055	0.00123416	0.00125665	0.0438823	0.00252191	0.00372557	0.206983	0.00248916	0.48788	0.0522874	0.00141883	0.000287419	0.00303126	0.000974758	0.00507788	0.0113581	0.153837	0.00243574	0.00324341
151	0.0365443	0.010016	0.0104095	0.0146959	0.0196979	0.00144715	0.0231352	0.15048	0.113571	0.212069	0.03622	0.00440197	0.00071574	0.0284686	0.0769792	0.0424913	0.0332691	0.179252	0.0051334	0.00100302
152	0.0270231	0.0166317	0.00426789	0.0184521	0.0184307	0.00476001	0.0867596	0.0171594	0.207298	0.0262369	0.0214465	0.0569307	0.0139022	0.0535604	0.311831	0.041347	0.030346	0.0308281	0.00120913	0.0115797
153	0.074178	0.0191599	0.000661204	0.00105028	0.0195301	0.00743659	0.00471644	0.244615	0.00105607	0.0904057	0.0370635	0.000854181	0.0049339	0.00104691	0.000786263	0.0117994	0.0271916	0.445675	0.000390124	0.00744971
154	0.101351	0.00498594	0.342821	0.170473	0.00283846	0.146913	0.00771926	0.00348794	0.0242449	0.0100126	0.00222719	0.0571607	0.00421735	0.00682777	0.00365865	0.0736255	0.0191091	0.0151249	0.00130293	0.00189808
155	0.256559	0.0640679	0.00508887	0.00825179	0.00497571	0.0126766	0.00523615	0.0399849	0.028877	0.0812277	0.0350715	0.0113148	0.00463641	0.0310046	0.00787447	0.0982839	0.0834946	0.145428	0.00217655	0.0737701
156	0.00556084	0.00928827	0.00147126	0.00132678	0.0319564	0.00459667	0.0041766	0.271129	0.00209787	0.398811	0.0872557	0.00123456	0.000484964	0.00405601	0.00180853	0.00475611	0.011297	0.151466	0.00389604	0.00333111
157	0.0674031	0.0152039	0.0961314	0.044504	0.00609207	0.0459816	0.0717827	0.0131894	0.0444822	0.0213688	0.00857858	0.105135	0.0209692	0.0365978	0.0303087	0.201959	0.133199	0.0282952	0.00213052	0.00668861
158	0.358154	0.021824	0.00182463	0.00242253	0.00205862	0.159027	0.00191966	0.00308487	0.00235808	0.0040887	0.00265256	0.00263385	0.00161015	0.00250008	0.00203019	0.403531	0.0210657	0.00413795	0.000822802	0.00225351
159	0.048357	0.00257233	0.499772	0.231245	0.00143789	0.096728	0.00342821	0.00342499	0.016286	0.0136685	0.00214346	0.0398357	0.00240551	0.00274442	0.00292959	0.0217268	0.00574427	0.00339345	0.000709342	0.00144769
160	0.0133124	0.0411536	0.00505964	0.00624767	0.00600603	0.00648841	0.00532301	0.0211164	0.212401	0.194382	0.191048	0.00623122	0.00432244	0.0764359	0.129291	0.0354655	0.0235479	0.0138821	0.00369597	0.00458932
161	0.034819	0.0149498	0.0784769	0.0261867	0.00312784	0.0178092	0.00446984	0.00799375	0.0155057	0.0152572	0.00480902	0.0300781	0.0990674	0.0212438	0.00380851	0.30099	0.306174	0.00949337	0.00268381	0.0030561
162	0.08885	0.0418845	0.0781207	0.0885901	0.00202243	0.0576615	0.0296532	0.00419665	0.106645	0.00387899	0.00215837	0.17902	0.00164102	0.123979	0.122654	0.0497502	0.011385	0.00476518	0.000766858	0.00237636
163	0.0113398	0.00902167	0.00345393	0.00331846	0.205873	0.00656092	0.00669522	0.100357	0.00439081	0.411689	0.0689256	0.00821135	0.005627	0.00641068	0.00589032	0.0133254	0.0229281	0.0642757	0.00879876	0.0329074
164	0.0290555	0.0116948	0.00373913	0.0137862	0.0143498	0.00681217	0.0913501	0.0129054	0.168819	0.0316434	0.0215714	0.0574442	0.0128229	0.060472	0.375515	0.0289413	0.0220378	0.0247792	0.00125497	0.0110055
165	0.0870037	0.00911963	0.0227579	0.0643526	0.00729073	0.0460844	0.0348075	0.0213447	0.102765	0.0423001	0.0193777	0.0587777	0.0221818	0.0829724	0.0801932	0.120732	0.122826	0.038965	0.00131079	0.0148376
166	0.139479	0.0143725	0.0384032	0.0488046	0.00798951	0.205238	0.0225634	0.027186	0.0807964	0.0279289	0.0142743	0.0484843	0.0170141	0.0386046	0.0333884	0.107726	0.0691193	0.0438407	0.00523094	0.00955549
167	0.0748864	0.000843172	0.144838	0.287549	0.00534063	0.0270784	0.0192267	0.00660656	0.0485517	0.0100639	0.00146432	0.0632101	0.0146807	0.112517	0.0520604	0.05667	0.0602636	0.0082236	0.000277996	0.00564827
168	0.0149319	0.014187	0.00256893	0.00354065	0.00436094	0.00489612	0.00411668	0.364448	0.0169681	0.121011	0.00441875	0.00305282	0.00334311	0.0166032	0.00314733	0.0560832	0.193799	0.164564	0.00130288	0.00265629
169	0.0327862	0.0157749	0.0157796	0.0171124	0.135091	0.025462	0.0752337	0.0423877	0.0307698	0.10372	0.0387199	0.0199894	0.0111131	0.0324831	0.10831	0.0476702	0.0619529	0.0379031	0.0932676	0.0544743
170	0.0596047	0.0176684	0.000697238	0.00106859	0.0187859	0.00719453	0.00464301	0.269412	0.00094154	0.0864427	0.0342442	0.000693654	0.00342454	0.000843463	0.000743467	0.00860373	0.0222403	0.45396	0.000311375	0.00847647
171	0.0232256	0.0167383	0.00445645	0.00402336	0.0580104	0.0106314	0.00614008	0.141408	0.0113716	0.452585	0.0941827	0.00724558	0.00564194	0.00947968	0.00983242	0.0227037	0.0228288	0.0898955	0.00336307	0.00623627
172	0.00914366	0.00673383	0.000362646	0.00200701	0.00470216	0.000923545	0.000740069	0.470178	0.00051297	0.0394364	0.00644359	0.000418358	0.00039251	0.000447214	0.000408791	0.00265628	0.00588343	0.445884	0.00018914	0.00253667
173	0.419875	0.148165	0.00172424	0.00784322	0.0025382	0.0294041	0.00275385	0.0137519	0.00312649	0.00745587	0.00641271	0.00614422	0.00197746	0.0027992	0.00233982	0.104794	0.120882	0.109322	0.000883018	0.00780754
174	0.0839121	0.0288563	0.0281055	0.0174842	0.00887517	0.0337481	0.00874669	0.0198354	0.03191	0.0259887	0.00923809	0.0227263	0.0259993	0.016541	0.0135549	0.242129	0.340567	0.0229697	0.00657869	0.0122339
175	0.0474755	0.00265489	0.502387	0.232262	0.00143844	0.0935724	0.00379794	0.00361937	0.0160438	0.013632	0.00221707	0.0394889	0.00261908	0.0029339	0.00305093	0.0210099	0.00619299	0.00341739	0.000713733	0.00147302
176	0.00915809	0.011073	0.000984595	0.00113704	0.0390259	0.00249142	0.00484441	0.220733	0.00237538	0.435467	0.0471667	0.000723219	0.000573202	0.00267741	0.000744283	0.00361045	0.0119655	0.199444	0.002028	0.00377754
177	0.00285439	0.00997765	0.00103229	0.00117838	0.0424113	0.00178881	0.00390442	0.208104	0.00239058	0.488367	0.0490897	0.000642725	0.00019947	0.00254315	0.000505604	0.00256365	0.0107895	0.165993	0.00246945	0.00319451
178	0.358154	0.021824	0.00182463	0.00242253	0.00205862	0.159027	0.00191966	0.00308487	0.00235808	0.0040887	0.00265256	0.00263385	0.00161015	0.00250008	0.00203019	0.403531	0.0210657	0.00413795	0.000822802	0.00225351
179	0.0414644	0.019492	0.021128	0.047113	0.015637	0.0182317	0.0558629	0.0216928	0.148556	0.0429727	0.0279839	0.0523635	0.0189286	0.0682158	0.262881	0.0531927	0.0377882	0.0299965	0.00383041	0.0126683
180	0.105784	0.0219714	0.0491918	0.0418045	0.0094858	0.346121	0.0207812	0.0196052	0.0302741	0.0267554	0.0139786	0.0386215	0.0129286	0.0222446	0.0215199	0.110065	0.0437299	0.0350968	0.0141763	0.0158641
181	0.00504207	0.0028431	0.0018485	0.00242827	0.00203938	0.011111	0.00169091	0.484745	0.00227888	0.128032	0.190627	0.00208817	0.00146685	0.00264544	0.00195938	0.00477774	0.0134276	0.129444	0.00940509	0.00209841
182	0.0483677	0.00824332	0.410914	0.167132	0.00380359	0.0655857	0.0124198	0.0128839	0.0241879	0.0234961	0.00657028	0.0532328	0.0124042	0.0209663	0.0153653	0.0562876	0.0346669	0.0166016	0.00131415	0.00555654
183	0.00985043	0.0106325	0.00184396	0.00261286	0.0621578	0.00355936	0.00641534	0.205306	0.00550076	0.433698	0.0530537	0.00250064	0.00384878	0.00520147	0.00415216	0.00867895	0.0161467	0.152529	0.00396	0.00835168
184	0.027345	0.0146508	0.00410871	0.0198741	0.0187895	0.00401065	0.0742032	0.0263523	0.226651	0.0242707	0.0183535	0.0441488	0.0132435	0.0570773	0.304956	0.0390546	0.0307606	0.0401156	0.0011456	0.0108885
185	0.0890444	0.0421283	0.0783642	0.088744	0.00204846	0.0576877	0.029585	0.00428503	0.105634	0.00388193	0.00220523	0.17994	0.00165398	0.123591	0.122257	0.0494856	0.0114919	0.00479874	0.000773395	0.00240061
186	0.00746578	0.00594486	0.000354266	0.00195204	0.0040262	0.000792415	0.000509517	0.465259	0.000504351	0.0369389	0.00534296	0.000418995	0.00032822	0.000427514	0.000437448	0.00238454	0.00564205	0.458772	0.000183255	0.00231561
187	0.0823418	0.0277043	0.0598646	0.0850071	0.00345999	0.0654316	0.0329707	0.00933876	0.112161	0.0151998	0.00692425	0.139714	0.00857724	0.11307	0.100743	0.0760475	0.040516	0.0140023	0.000910824	0.00601463
188	0.0538675	0.0933666	0.00429567	0.00647513	0.0322361	0.031438	0.0045616	0.0131794	0.0071298	0.228189	0.164218	0.00726867	0.00412187	0.00590029	0.00701025	0.0378105	0.176518	0.0934563	0.0247299	0.00422736
189	0.0539333	0.0192457	0.00484621	0.00691498	0.0153167	0.0126095	0.00585191	0.294969	0.00851881	0.108878	0.0228214	0.00598448	0.00305369	0.00678952	0.0071164	0.0225829	0.0287327	0.363314	0.00135345	0.00716705
190	0.0061745	0.00595385	0.00034274	0.00207582	0.0038312	0.000593872	0.00049473	0.485097	0.000488505	0.0374131	0.0050899	0.00040594	0.000238198	0.000433511	0.000383823	0.00249541	0.00503211	0.441025	0.000168274	0.00226313
191	0.0960782	0.0705276	0.0469744	0.0347917	0.00983453	0.0590358	0.0201804	0.020773	0.0472745	0.0311848	0.0147182	0.126322	0.019343	0.039292	0.0421681	0.183923	0.0821903	0.0375067	0.0062154	0.0116658
192	0.0156672	0.00311358	0.00206244	0.0025383	0.4261	0.00297999	0.00187835	0.00411267	0.00265707	0.00554984	0.00324229	0.00225421	0.00159339	0.00305972	0.00237021	0.00604282	0.00597604	0.0135414	0.0213876	0.473873
