303	20
1	0.0145619	0.00434752	0.000522068	0.000457805	0.0584403	0.000420023	0.000639293	0.117165	0.000395455	0.631298	0.0310251	0.00058064	0.011571	0.00187419	0.0021093	0.00148083	0.0127117	0.107903	0.00139366	0.00110339
2	0.187166	0.00996219	0.0667438	0.122111	0.00477911	0.079118	0.0269298	0.00424716	0.0522472	0.0144989	0.00356921	0.0439683	0.00543384	0.0515789	0.050089	0.18014	0.0618733	0.0206799	0.00131542	0.0135487
3	0.272243	0.00711865	0.0331533	0.0908885	0.0022471	0.0161622	0.00939724	0.0129886	0.0849718	0.0479465	0.0149191	0.0214042	0.00687264	0.110684	0.0917345	0.104265	0.0378718	0.030387	0.000257327	0.00448799
4	0.00881575	0.00507047	0.000416947	0.000338545	0.0678746	0.000300869	0.000509546	0.136429	0.000308274	0.605853	0.0346849	0.000516396	0.00890508	0.00175561	0.00241561	0.000896896	0.0060398	0.116665	0.00171181	0.000492249
5	0.0506039	0.0180831	0.00924852	0.0139799	0.0252937	0.00831328	0.0221464	0.17281	0.0342493	0.18902	0.0231048	0.0148637	0.00638387	0.0340964	0.210629	0.020422	0.0275165	0.0872087	0.0101779	0.0218495
6	0.246862	0.0070864	0.0401151	0.10039	0.00267345	0.0254895	0.0120679	0.0115536	0.0800653	0.0405097	0.0125554	0.0269526	0.00767588	0.103126	0.0875243	0.115687	0.0452368	0.0289665	0.000351049	0.00511226
7	0.193049	0.0177804	0.0183326	0.102146	0.00681188	0.0168059	0.0496494	0.0507468	0.0499673	0.218556	0.00528034	0.00414707	0.00197093	0.125725	0.0345516	0.00822667	0.0227856	0.0212473	0.0484949	0.0037257
8	0.0123682	0.00361129	0.00303564	0.00527543	0.100188	0.003004	0.00452007	0.0628879	0.00561863	0.232959	0.504441	0.00416066	0.00239717	0.00445533	0.00444828	0.00793091	0.00651022	0.0144865	0.00787293	0.00982899
9	0.0943764	0.00147894	0.0965583	0.0735609	0.00189655	0.322093	0.0209304	0.00283562	0.0403885	0.028487	0.00173473	0.123296	0.0223527	0.0623204	0.0524093	0.0346439	0.0156977	0.00263547	0.00076484	0.00153999
10	0.0250522	0.000637981	0.00152627	0.000280386	0.0411362	0.000306904	0.00571593	0.266915	0.00122205	0.270422	0.029992	0.00215161	0.00267222	0.000912587	0.000415656	0.00409002	0.0136734	0.314761	0.00523002	0.0128863
11	0.0721417	0.00155691	0.541664	0.0367981	0.0111912	0.0228513	0.0266754	0.00243618	0.0198336	0.00396381	0.00167504	0.0696326	0.00675736	0.0405207	0.0264727	0.0477647	0.048698	0.00942804	0.0005395	0.0093992
12	0.404139	0.0128659	0.00410535	0.00374393	0.0543466	0.133886	0.00782244	0.0551114	0.00486378	0.06431	0.0108638	0.00762235	0.00420792	0.00723939	0.00671908	0.0209741	0.0168088	0.146086	0.00290066	0.0313831
13	0.0158319	0.0210925	0.00302144	0.00226882	0.180568	0.000990736	0.00935306	0.0460403	0.00600722	0.372316	0.0727395	0.00318541	0.000988946	0.010208	0.0152183	0.0045811	0.00621802	0.0466288	0.0259777	0.156764
14	0.0246655	0.00236586	0.00159116	0.000314945	0.0392852	0.000342674	0.00519109	0.282419	0.00116408	0.270552	0.0258291	0.00284833	0.00179694	0.000651495	0.000420402	0.00445417	0.0150578	0.301944	0.00504345	0.0140625
15	0.0103259	0.000727021	0.000590672	0.000627895	0.0207374	0.000577698	0.000942515	0.447781	0.000818181	0.0872381	0.00579477	0.00116972	0.000468006	0.00649769	0.000695432	0.00146398	0.00850486	0.403949	0.000315239	0.000775032
16	0.0737158	0.0166016	0.0682934	0.0315945	0.0049302	0.0218999	0.0591292	0.0336918	0.0278343	0.00960054	0.00451458	0.0613423	0.141485	0.0555485	0.0453895	0.0821331	0.178637	0.0496606	0.00206236	0.0319358
17	0.0613825	0.00831376	0.00740784	0.00756972	0.0101496	0.094694	0.157676	0.0832392	0.0430528	0.0923328	0.00930539	0.0887722	0.00652291	0.0128509	0.107441	0.0996512	0.0824449	0.0138721	0.00479206	0.00852875
18	0.167706	0.011332	0.0752926	0.131242	0.00547968	0.0943879	0.0280254	0.00326057	0.0461727	0.00827548	0.00231107	0.0449634	0.00415553	0.0456459	0.0439386	0.186352	0.0669917	0.0181108	0.00139602	0.0149607
19	0.0631949	0.003405	0.414618	0.0525112	0.00986207	0.0367957	0.0245365	0.0132937	0.0189041	0.00639407	0.00333597	0.180694	0.012475	0.0344665	0.0207403	0.0454118	0.0366438	0.0116468	0.000887992	0.0101824
20	0.197114	0.00832129	0.0817916	0.180427	0.0011005	0.0164957	0.0177034	0.00803866	0.0386579	0.00513808	0.00794412	0.0225424	0.228895	0.0354946	0.0212265	0.0631921	0.0404219	0.0172494	0.000329917	0.00791603
21	0.0139671	0.0104582	0.00188929	0.00154801	0.382304	0.0100063	0.109831	0.00319196	0.00161162	0.00853509	0.00215294	0.00342886	0.00105529	0.0195797	0.0189692	0.00926025	0.0121772	0.00775799	0.0398107	0.342465
22	0.0710459	0.00456745	0.0234984	0.00781704	0.0686546	0.0233503	0.0488499	0.0370936	0.0328928	0.224888	0.11731	0.0948235	0.00559062	0.136238	0.030452	0.0326691	0.0108553	0.0216072	0.00358447	0.00421174
23	0.0578361	0.0314986	0.0142823	0.00242352	0.00419411	0.174111	0.007725	0.0146227	0.00379776	0.0444058	0.00265433	0.173228	0.00874134	0.0196358	0.0680416	0.297167	0.0662092	0.0047554	0.00227882	0.00239248
24	0.11807	0.00815722	0.0742798	0.132181	0.0083348	0.159457	0.0264323	0.00838983	0.0531925	0.0286578	0.00581904	0.0650765	0.0256637	0.0536358	0.0760482	0.0906779	0.0379124	0.0152543	0.003311	0.00944912
25	0.102956	0.00444816	0.00339823	0.0483639	0.152736	0.00323394	0.038686	0.0762354	0.004529	0.0221748	0.0406649	0.00447329	0.00218103	0.00613687	0.00865932	0.172941	0.0970425	0.0412329	0.0333207	0.136586
26	0.0300551	0.0354763	0.00711343	0.00898727	0.00441475	0.00162371	0.00262877	0.287601	0.00155293	0.105445	0.00392175	0.00657564	0.027445	0.00374919	0.00205499	0.0297784	0.0937724	0.345124	0.000739179	0.00194137
27	0.224564	0.00257488	0.0344808	0.092686	0.00131715	0.0566106	0.0231974	0.00569926	0.021326	0.00937921	0.00212764	0.0127591	0.338215	0.0100986	0.0141309	0.107691	0.0267173	0.0121839	0.000367029	0.0038743
28	0.156727	0.00482808	0.139438	0.166776	0.00611154	0.0050336	0.0266198	0.00685057	0.0886858	0.0107815	0.0129838	0.0734216	0.00122644	0.128222	0.0556057	0.0619536	0.046588	0.00610501	0.000403697	0.00163854
29	0.0775213	0.0380973	0.0118672	0.0101712	0.00951431	0.007376	0.0119364	0.0537014	0.111969	0.0247053	0.00817832	0.0209456	0.00507473	0.0150967	0.373912	0.0679867	0.047456	0.0599125	0.00466886	0.0399091
30	0.0153371	0.00528137	0.00174798	0.00593046	0.0425895	0.000959054	0.00586926	0.191208	0.00699108	0.461354	0.0523215	0.00193538	0.00536271	0.0175175	0.0375046	0.00327467	0.0064433	0.13197	0.00253153	0.0038713
31	0.27306	0.00707084	0.0321044	0.0915893	0.00211878	0.0163052	0.00948359	0.0130641	0.084713	0.0473618	0.0147883	0.0207716	0.0066657	0.111712	0.0936688	0.102618	0.0369447	0.0311432	0.000240068	0.00457621
32	0.0207942	0.00341144	0.00269326	0.053252	0.120769	0.00307318	0.00434368	0.0052839	0.0502418	0.0411156	0.00286038	0.0033294	0.00230377	0.0214224	0.00399606	0.00565079	0.0150405	0.0062332	0.457934	0.176251
33	0.0121005	0.0248592	0.00113461	0.00095819	0.0391272	0.000549368	0.000705497	0.263082	0.000616216	0.469957	0.0155469	0.0100543	0.00334015	0.00146399	0.00151517	0.00592294	0.0192034	0.126174	0.000907892	0.00278184
34	0.0642344	0.0158381	0.00218367	0.00152194	0.00292846	0.00982512	0.00179555	0.00376123	0.00148356	0.00297151	0.00638919	0.0231257	0.0159669	0.00178702	0.00185583	0.36819	0.465949	0.00383654	0.000681583	0.00567526
35	0.0356192	0.00492731	0.0942386	0.0354814	0.00508309	0.531548	0.0354105	0.00338919	0.0162197	0.00870855	0.00219035	0.11981	0.00512236	0.0183664	0.0226253	0.0483984	0.00627334	0.0036755	0.000918038	0.00199503
36	0.015986	0.00908679	0.00243163	0.00225012	0.365242	0.00784562	0.0256283	0.012966	0.0023621	0.0244817	0.00501462	0.013071	0.00362332	0.0102773	0.0115904	0.00938077	0.0104681	0.0170876	0.0291598	0.422047
37	0.0280133	0.0309393	0.0817271	0.0133439	0.00693169	0.0624125	0.0277107	0.00853362	0.0251725	0.0139011	0.00417171	0.0768412	0.00467806	0.0433306	0.0104944	0.292436	0.251783	0.00897508	0.00332374	0.00528112
38	0.107794	0.0108397	0.0263836	0.00682547	0.0126032	0.645902	0.0079862	0.00545976	0.0167604	0.00890456	0.00387374	0.0477187	0.00315576	0.0157502	0.00802065	0.0491906	0.00884205	0.00721894	0.000872185	0.00589824
39	0.283055	0.0209569	0.0203017	0.0274991	0.00969478	0.0756861	0.0130265	0.0160762	0.0132174	0.0170377	0.00899523	0.0217226	0.0184643	0.0181851	0.019915	0.330719	0.0483999	0.0253108	0.00281502	0.00892163
40	0.295141	0.0183585	0.0481127	0.0120663	0.0766889	0.0171999	0.0201545	0.0157317	0.0117409	0.0176113	0.0095663	0.107644	0.00488261	0.0117374	0.0381213	0.111127	0.0695032	0.0628094	0.00432091	0.0474825
41	0.42448	0.00664679	0.00117816	0.00115295	0.0020077	0.489571	0.00130035	0.002442	0.00131387	0.003562	0.00141866	0.00182182	0.000943262	0.00134313	0.00130438	0.049717	0.00268573	0.0050922	0.00047991	0.00153866
42	0.0690039	0.00320177	0.0352666	0.0172689	0.0842931	0.00291687	0.00615208	0.0801113	0.00289791	0.0861148	0.0712753	0.0180868	0.0018433	0.00345415	0.0038469	0.04214	0.345047	0.0795195	0.00167468	0.0458856
43	0.401035	0.0454235	0.00199391	0.00278168	0.0212066	0.0486696	0.00259697	0.0363641	0.00333837	0.135087	0.0160484	0.00249783	0.00310918	0.00484541	0.00439864	0.0277178	0.011572	0.224946	0.00120064	0.00516697
44	0.0270946	0.000414825	0.00145734	0.000288601	0.039482	0.000319889	0.00598572	0.268392	0.00132593	0.25221	0.0283723	0.00239874	0.0019035	0.000757899	0.00042295	0.0043187	0.0145848	0.330579	0.00603729	0.0136534
45	0.0104238	0.000724087	0.000598256	0.000628385	0.0205193	0.000587214	0.000945438	0.446413	0.000805003	0.0862451	0.00574695	0.00118822	0.000470334	0.00645559	0.000703685	0.00147751	0.0085413	0.406488	0.000294606	0.000743717
46	0.0171883	0.0512854	0.00474939	0.0048156	0.0758825	0.0979265	0.0061693	0.0102495	0.00483797	0.0593096	0.0524667	0.00678736	0.0033602	0.00570812	0.00627051	0.0579916	0.516871	0.0105666	0.00236743	0.00519657
47	0.373551	0.0147959	0.0194187	0.022883	0.00322219	0.0804764	0.00653824	0.0125077	0.00696541	0.010439	0.00316893	0.0152551	0.0432165	0.0226056	0.0161492	0.301705	0.023005	0.0191069	0.00110518	0.00388546
48	0.126626	0.00859988	0.00277478	0.0144478	0.0889829	0.0426321	0.0236972	0.0757419	0.00372363	0.148378	0.0330908	0.0157079	0.00211755	0.0236401	0.0194189	0.00814138	0.0379706	0.207929	0.0164235	0.0999558
49	0.00867678	0.00504886	0.00041419	0.000353972	0.0683846	0.000301141	0.000463975	0.135006	0.000301849	0.609015	0.0348157	0.000460659	0.00893673	0.00178881	0.00245187	0.000859016	0.0059517	0.114682	0.00168677	0.000401246
50	0.0292549	0.0146843	0.000896616	0.00119397	0.535761	0.00195191	0.0055544	0.046812	0.00747811	0.0829238	0.0196097	0.00124537	0.00408942	0.00177117	0.00460442	0.0212134	0.0164037	0.0469966	0.0440056	0.113549
51	0.210402	0.0276676	0.00173074	0.00185885	0.00406659	0.00246971	0.0106259	0.0545696	0.00151351	0.00735957	0.00226313	0.00234372	0.00170674	0.00222231	0.0020381	0.0629475	0.244875	0.347673	0.000739939	0.0109263
52	0.083314	0.00551232	0.395275	0.0735553	0.00809955	0.0292793	0.0251952	0.0111492	0.0179318	0.00946518	0.00432276	0.0948292	0.0669596	0.0329214	0.0207853	0.0516094	0.0419629	0.0140686	0.00157617	0.0121877
53	0.245181	0.0180754	0.00470881	0.0208986	0.00318492	0.142088	0.00726577	0.00540737	0.00294545	0.00637358	0.00251243	0.0123411	0.0463463	0.00661624	0.00957113	0.441599	0.0132911	0.0082741	0.000997831	0.00232131
54	0.0620752	0.0128648	0.0281137	0.0357755	0.0276556	0.0425051	0.0294248	0.0339928	0.0552092	0.123818	0.0193235	0.0781782	0.00957652	0.0461489	0.227392	0.0589023	0.0367585	0.033619	0.0141191	0.0245475
55	0.0615999	0.014818	0.139776	0.0390673	0.0757528	0.0171595	0.0273894	0.0279055	0.0164696	0.0520083	0.0167173	0.0477767	0.0144273	0.0264328	0.0269229	0.0439293	0.0376906	0.029767	0.0094098	0.27498
56	0.05961	0.00795843	0.00741735	0.0933983	0.112039	0.00618346	0.0780096	0.102409	0.0385569	0.0523757	0.00908587	0.00663517	0.00654632	0.0475746	0.0390853	0.0497078	0.106572	0.0415202	0.121004	0.0143124
57	0.0341536	0.0208436	0.00648248	0.0276437	0.00759286	0.00298715	0.00355409	0.244503	0.00290158	0.17483	0.00465966	0.019657	0.0122411	0.00584349	0.00536151	0.0183995	0.135972	0.267393	0.0014714	0.00350983
58	0.210213	0.00757825	0.0495429	0.109254	0.0104894	0.0126392	0.0199674	0.0206846	0.0695953	0.0464107	0.0464069	0.0276994	0.0187902	0.134062	0.064644	0.0701291	0.0402535	0.0316406	0.0020988	0.00790049
59	0.539159	0.024072	0.00148428	0.00191421	0.00950921	0.0497735	0.00230026	0.0163389	0.00210198	0.123835	0.024842	0.00212759	0.0014867	0.00764831	0.0024266	0.0368174	0.0102929	0.139751	0.00074916	0.00336933
60	0.0743917	0.0188984	0.014366	0.00242409	0.00285653	0.00273613	0.00319932	0.0333791	0.127221	0.018808	0.00334883	0.0390888	0.00177457	0.00294524	0.332034	0.0810724	0.100273	0.132927	0.00115784	0.00709802
61	0.0104401	0.000732751	0.000598655	0.000625082	0.0209196	0.000577777	0.000947069	0.448798	0.000814163	0.0872326	0.00589138	0.00115417	0.000467426	0.00645772	0.000693196	0.00145766	0.00858921	0.402498	0.000314098	0.000790652
62	0.427544	0.00604783	0.000785341	0.00101955	0.00126882	0.498712	0.00110259	0.00195019	0.000957822	0.00242378	0.0013297	0.00139813	0.000847546	0.00113939	0.00113917	0.0467174	0.00200202	0.00215206	0.000453223	0.00100973
63	0.0243066	0.00298955	0.00181717	0.00179248	0.298859	0.00189886	0.00226187	0.174124	0.00135493	0.130078	0.022066	0.00227897	0.00169416	0.00224245	0.00267927	0.0216545	0.00392967	0.0842473	0.0089999	0.210725
64	0.071337	0.00361434	0.500215	0.079821	0.00845957	0.015995	0.0274218	0.00453438	0.0129608	0.00430925	0.0027525	0.0768266	0.0275112	0.0348716	0.0171151	0.047781	0.0387142	0.00958785	0.000731294	0.0154407
65	0.236535	0.0019185	0.0223637	0.0636957	0.00171539	0.0861088	0.0149535	0.00431707	0.00978028	0.00758504	0.00140473	0.00686461	0.366936	0.00397229	0.00771211	0.131545	0.0215658	0.00767681	0.000631493	0.00271765
66	0.0422299	0.00133492	0.0344329	0.0845752	0.0282307	0.00974084	0.0318669	0.00593156	0.17756	0.0386015	0.0196215	0.0437149	0.00343871	0.0691764	0.267886	0.0497558	0.0310673	0.0296115	0.0151516	0.0160718
67	0.0616225	0.0781855	0.0395384	0.00848143	0.0177637	0.00726438	0.0437618	0.0327982	0.0416438	0.183429	0.0778753	0.041978	0.00719365	0.0166947	0.0501636	0.0156431	0.0891535	0.134505	0.00558993	0.0467147
68	0.0640443	0.004416	0.0066194	0.00567873	0.127268	0.00459051	0.0785286	0.248882	0.00471776	0.0829429	0.0777313	0.00696984	0.00367409	0.00556679	0.00625725	0.0371307	0.152759	0.071666	0.00295	0.00760741
69	0.0150972	0.00245988	0.182992	0.021753	0.00263601	0.00207993	0.00296697	0.0643332	0.00981884	0.00522705	0.00252525	0.616521	0.00252625	0.0030288	0.00268704	0.0273959	0.00525694	0.0265102	0.00126715	0.00291726
70	0.0202984	0.00431864	0.000941652	0.0014265	0.0635397	0.000919651	0.00127581	0.10339	0.00145644	0.603347	0.0456226	0.00148653	0.0227191	0.0034721	0.00406868	0.00670225	0.0126502	0.097604	0.00265712	0.00210299
71	0.0102998	0.000726134	0.000589606	0.000628006	0.0207001	0.000579516	0.000939103	0.448031	0.000812946	0.0868892	0.00575171	0.00116309	0.000466609	0.00650173	0.000693372	0.00146238	0.00850495	0.404199	0.000305474	0.000757088
72	0.0859328	0.00249509	0.47511	0.06913	0.00946275	0.0182812	0.0292162	0.00324626	0.0233989	0.00412198	0.00252596	0.0725823	0.0124404	0.0458878	0.0243279	0.053858	0.0488034	0.00901456	0.000620273	0.00954411
73	0.248923	0.00730895	0.0302107	0.0912906	0.00331799	0.0144311	0.0108564	0.0165009	0.0871307	0.0521568	0.0220807	0.0186635	0.00712457	0.11673	0.0949758	0.0976387	0.0398084	0.0361047	0.000254462	0.00449112
74	0.033807	0.00131034	0.00149346	0.00146832	0.0323258	0.000573047	0.00857796	0.301352	0.00542823	0.224245	0.0242957	0.00714066	0.00165037	0.003367	0.00484608	0.00670664	0.0116621	0.315823	0.00425356	0.00967305
75	0.0583338	0.0104112	0.0681126	0.0683023	0.0282521	0.0182082	0.0244334	0.0226317	0.102114	0.0598475	0.0192261	0.0326692	0.00727964	0.0910807	0.194906	0.0400601	0.0347751	0.031638	0.0638732	0.0238457
76	0.0618603	0.00124745	0.568419	0.0318672	0.0122552	0.0211981	0.0267933	0.00214915	0.0158261	0.00269756	0.00123874	0.0724214	0.00680855	0.0372333	0.0236746	0.0445486	0.0507636	0.00842047	0.000592315	0.00998491
77	0.465093	0.0484368	0.00739173	0.00146789	0.0331684	0.0371916	0.0441342	0.0133792	0.0204034	0.0135335	0.00834261	0.0295697	0.0012387	0.00575071	0.00299437	0.100327	0.0553537	0.0641703	0.000521635	0.0475319
78	0.183364	0.00544119	0.00287208	0.00825817	0.0337352	0.0225111	0.0240796	0.06487	0.00285593	0.229804	0.0614905	0.00657727	0.00197901	0.0230137	0.00760879	0.0104489	0.0717678	0.161785	0.00496506	0.0725727
79	0.0248589	0.000469356	0.00164515	0.000288369	0.0434675	0.000340788	0.00560424	0.270916	0.00126801	0.260246	0.0313374	0.00215974	0.00357089	0.00097785	0.000614957	0.00420363	0.0134627	0.317015	0.00509913	0.0124549
80	0.0215099	0.0035649	0.00228538	0.000345793	0.043482	0.00034464	0.00457418	0.283135	0.00109049	0.284921	0.0281461	0.00302355	0.00272542	0.000934802	0.000680257	0.00497962	0.0140086	0.284575	0.00421938	0.0114541
81	0.0647004	0.0156178	0.00210669	0.00142134	0.00288969	0.00988171	0.0017463	0.00366457	0.00144741	0.00297665	0.00638036	0.023291	0.0159003	0.00177314	0.00178346	0.368531	0.465621	0.00384441	0.000683369	0.00573966
82	0.249234	0.00671095	0.0401344	0.0900903	0.00478806	0.0150355	0.0100116	0.0119283	0.0849155	0.0508092	0.0183648	0.0280722	0.0082036	0.110033	0.0850257	0.110529	0.0441322	0.0269325	0.00046848	0.00458075
83	0.142257	0.00912582	0.00459278	0.0144214	0.0203353	0.0140394	0.00654301	0.0459795	0.00930333	0.241575	0.0725913	0.013232	0.0527539	0.0231027	0.0164479	0.120808	0.108706	0.0751689	0.0026771	0.00633968
84	0.12989	0.0160323	0.315316	0.22958	0.00279453	0.00660048	0.0491828	0.00473215	0.0120565	0.00446833	0.00471446	0.0228288	0.0576596	0.0529564	0.0145695	0.0434267	0.0164945	0.00846671	0.00109494	0.00713509
85	0.149894	0.00540583	0.285753	0.145458	0.00477227	0.01451	0.032373	0.00498434	0.0318418	0.0053439	0.00507024	0.0624976	0.0434302	0.0559557	0.0233059	0.0657333	0.0410955	0.0134442	0.000707932	0.00842205
86	0.0119836	0.000717167	0.000634163	0.000603236	0.0220302	0.000565568	0.00120112	0.441421	0.0008214	0.0973469	0.0070887	0.00128173	0.000506279	0.00584894	0.000685629	0.0015875	0.00973595	0.393719	0.000660659	0.00156075
87	0.430547	0.192889	0.00452025	0.00503155	0.00671297	0.0296879	0.00681545	0.00905955	0.00597554	0.0109136	0.0699452	0.051765	0.00392979	0.00574608	0.00561202	0.111844	0.0293673	0.0109652	0.00225576	0.0064161
88	0.0213292	0.0048792	0.00315501	0.044635	0.151768	0.00425451	0.00923172	0.00694588	0.0410939	0.0378789	0.00331028	0.0043013	0.00216657	0.0218708	0.0105294	0.00714506	0.0155045	0.00811823	0.393218	0.208665
89	0.0399524	0.00579711	0.00130917	0.00146228	0.0474868	0.00151591	0.00165366	0.079601	0.00107555	0.643239	0.0236283	0.0016911	0.00806385	0.00247244	0.00222139	0.00365742	0.0462041	0.0809705	0.00113956	0.00685846
90	0.0485481	0.0217557	0.00376567	0.00314985	0.11719	0.00310802	0.00584161	0.02028	0.00327688	0.589146	0.0216061	0.00410234	0.00233958	0.00606481	0.00768603	0.00648869	0.0555938	0.0235859	0.00616138	0.0503093
91	0.0357069	0.00926225	0.103463	0.0246794	0.0105356	0.0308853	0.0280462	0.0355835	0.0187421	0.0238458	0.0067883	0.506586	0.00928664	0.0149634	0.0174817	0.0529404	0.0351652	0.0206541	0.00316253	0.012222
92	0.024095	0.00164517	0.00158109	0.00032525	0.0388671	0.000356211	0.00521108	0.281201	0.00119472	0.26433	0.0276608	0.00258698	0.0020772	0.000990691	0.000471538	0.00423569	0.0146041	0.31113	0.00498555	0.0124507
93	0.0714981	0.0179649	0.0242988	0.0390976	0.0259056	0.0224004	0.0228639	0.0338781	0.0759923	0.0581239	0.0178376	0.028139	0.008913	0.0461924	0.330815	0.047121	0.0397275	0.0416309	0.0140833	0.0335171
94	0.0209793	0.0601598	0.025375	0.00311655	0.0180697	0.0129012	0.03362	0.00567935	0.00406138	0.0433424	0.00329382	0.249173	0.0028412	0.00605915	0.00535526	0.297711	0.189216	0.00738913	0.00843878	0.00321844
95	0.212233	0.0466802	0.0210481	0.0359354	0.0519687	0.020993	0.0371213	0.0170661	0.0173376	0.0187874	0.00990937	0.0242661	0.227535	0.0151815	0.0142104	0.100551	0.0323544	0.0240592	0.00866779	0.0640946
96	0.0266954	0.000628582	0.00154166	0.000388236	0.0395595	0.000370773	0.00611042	0.266755	0.00133071	0.253251	0.0286896	0.00237623	0.00198272	0.00113659	0.000420608	0.00448204	0.014821	0.329855	0.0059073	0.013697
97	0.243967	0.00852261	0.00223879	0.00388692	0.0769351	0.0450922	0.00336174	0.0595073	0.0158475	0.1053	0.0212075	0.00423424	0.0273601	0.0066306	0.00429454	0.0625752	0.0520011	0.251142	0.00156692	0.00432872
98	0.0202896	0.0261397	0.00487438	0.0086008	0.0718245	0.00479981	0.0595416	0.0967276	0.0618447	0.241002	0.0295798	0.00982442	0.0202825	0.0886066	0.0550555	0.00846832	0.0355158	0.0570319	0.0373679	0.0626221
99	0.292786	0.0267481	0.00145443	0.00738829	0.00178486	0.104533	0.00645022	0.00477026	0.00125403	0.00387016	0.00151984	0.0106816	0.0063129	0.0032736	0.00836094	0.49899	0.00926546	0.00864797	0.000652607	0.00125529
100	0.0155194	0.0121446	0.00160484	0.0030479	0.396919	0.0101694	0.043924	0.00410706	0.0012459	0.00819194	0.00218657	0.00280799	0.000870918	0.0174388	0.0246758	0.011752	0.0139688	0.00772996	0.0400093	0.381685
101	0.470556	0.0348656	0.00158841	0.00181834	0.0125098	0.0540106	0.00197232	0.0183419	0.00266319	0.143341	0.0230709	0.00211757	0.00214421	0.00645153	0.00247983	0.0348224	0.00979173	0.173527	0.000845378	0.00308221
102	0.0210174	0.00622817	0.00163439	0.000497636	0.039201	0.000347833	0.0042308	0.291418	0.0010662	0.29491	0.0221791	0.004003	0.00166466	0.000682581	0.000489932	0.00480098	0.0176345	0.270754	0.00421726	0.0130223
103	0.0266425	0.000406988	0.00139512	0.000308401	0.0386762	0.000318751	0.00576151	0.275737	0.00132596	0.246495	0.0273606	0.00239236	0.00189279	0.000920353	0.000429271	0.00411541	0.0142149	0.332711	0.00572669	0.0131691
104	0.0607641	0.0784828	0.0573601	0.00965258	0.0149312	0.0264377	0.0422944	0.00997981	0.00853142	0.0511344	0.00646498	0.190013	0.00722428	0.0102185	0.0118988	0.242892	0.126977	0.0134193	0.024433	0.0068911
105	0.0690263	0.00823322	0.0038768	0.00570083	0.0712678	0.0108698	0.00851602	0.199696	0.00653683	0.247689	0.0271105	0.00465421	0.0463528	0.00532841	0.0065207	0.01964	0.0271662	0.210064	0.00516845	0.0165816
106	0.0422249	0.0427635	0.00718326	0.0033411	0.00188267	0.00109241	0.0021867	0.265735	0.00111352	0.0518252	0.00268644	0.00342697	0.0101242	0.00226356	0.00157362	0.0313359	0.100174	0.426943	0.000605264	0.00151943
107	0.178275	0.0144282	0.00246006	0.0265911	0.00401475	0.0257098	0.00313641	0.104691	0.0146904	0.147601	0.0472111	0.0255796	0.0192068	0.038459	0.0200807	0.0833321	0.15278	0.0878147	0.00114723	0.00279083
108	0.0743268	0.00265574	0.015138	0.0277865	0.0383762	0.0152006	0.00477943	0.0863259	0.0804944	0.352037	0.116671	0.00730293	0.0217494	0.0362043	0.0437767	0.034625	0.020041	0.00535933	0.0136952	0.00345445
109	0.0775935	0.00308863	0.00615703	0.022648	0.0602142	0.00657242	0.00410534	0.0415925	0.0233428	0.29205	0.174453	0.00569044	0.0562438	0.0384255	0.0398213	0.0988846	0.0299808	0.0101869	0.00545735	0.00349224
110	0.0351661	0.00350595	0.0168817	0.0426165	0.0180939	0.00616314	0.0268639	0.0149015	0.260537	0.032911	0.0324096	0.0205189	0.0034627	0.0893393	0.290952	0.023102	0.0217654	0.0373743	0.0103392	0.0130958
111	0.434295	0.0161625	0.0145356	0.0149133	0.00185245	0.0708302	0.00435048	0.011654	0.00212108	0.00594228	0.00189958	0.0082941	0.00729757	0.00937793	0.0107926	0.347011	0.0179761	0.0185154	0.000608745	0.00156932
112	0.0370104	0.0782719	0.00351757	0.0121205	0.00301391	0.00180138	0.0188117	0.258392	0.0377678	0.0684199	0.0149588	0.012442	0.0012326	0.0483473	0.111477	0.00459044	0.0771836	0.202263	0.00106139	0.00731662
113	0.100511	0.0121042	0.0374866	0.0552373	0.0234979	0.0293108	0.0297887	0.0273627	0.194947	0.0453404	0.0323916	0.0321858	0.0165254	0.0810614	0.116222	0.0510039	0.0375092	0.0411976	0.0171491	0.0191681
114	0.0166532	0.047499	0.0245939	0.00325727	0.0143164	0.00836448	0.0296023	0.00516555	0.00408993	0.0316245	0.00302213	0.362262	0.00244317	0.00550819	0.00399508	0.244907	0.177462	0.0060268	0.00623081	0.00297617
115	0.188022	0.00738311	0.0881576	0.180479	0.00099961	0.0173083	0.01761	0.00820447	0.041291	0.00474393	0.00727661	0.0227562	0.231675	0.0350218	0.0201146	0.0632105	0.0430084	0.0162422	0.000294704	0.0062011
116	0.216859	0.0288044	0.00152019	0.00154548	0.00367206	0.00174199	0.0110218	0.0525701	0.00147973	0.00688407	0.00198493	0.00211134	0.00114845	0.00209052	0.00184493	0.0609133	0.240332	0.351669	0.000701268	0.011105
117	0.134987	0.0110559	0.209404	0.203933	0.00540982	0.019018	0.0379948	0.00658026	0.0486686	0.0158557	0.00791605	0.0489973	0.0146627	0.0943151	0.0414743	0.0521921	0.0317369	0.00925983	0.00125501	0.00528341
118	0.0281899	0.00422164	0.00152234	0.0121699	0.0034377	0.00162865	0.0123754	0.345098	0.0223794	0.257708	0.0334245	0.00311814	0.00118809	0.0572641	0.0625022	0.00466949	0.00704272	0.138998	0.000969394	0.00209134
119	0.165258	0.00286527	0.156493	0.170256	0.00511833	0.00354755	0.0297345	0.0075594	0.0799468	0.00865863	0.00829201	0.0818889	0.00103495	0.113101	0.0510768	0.0570402	0.0507914	0.00601001	0.000294123	0.00103388
120	0.0777185	0.00382208	0.0763417	0.0538762	0.00318791	0.343995	0.0368971	0.00889163	0.0362582	0.0263444	0.00194647	0.121912	0.0129992	0.0411522	0.0643089	0.063198	0.0199732	0.00374639	0.00119574	0.00223535
121	0.190426	0.0032665	0.00272461	0.00671383	0.0710808	0.00301694	0.0225886	0.0761471	0.00280779	0.0232984	0.262547	0.00413773	0.00223307	0.00357973	0.00401643	0.171922	0.0780279	0.0260765	0.00420342	0.041185
122	0.165296	0.00284659	0.156657	0.170159	0.00511531	0.00355006	0.0297464	0.00756592	0.0798749	0.00866519	0.00827811	0.0819267	0.00103507	0.112994	0.0510611	0.0570365	0.0508529	0.00601224	0.000294019	0.00103386
123	0.409641	0.240231	0.00389564	0.0038435	0.00539344	0.0148223	0.00592217	0.00832052	0.00447321	0.00853647	0.0186265	0.0155939	0.0025711	0.00504345	0.00473353	0.146642	0.0818739	0.0117065	0.00177256	0.0063572
124	0.0102345	0.00265121	0.00255975	0.00280576	0.00796787	0.00266537	0.697628	0.00490123	0.00263962	0.00811571	0.0260915	0.0939054	0.00143834	0.0517822	0.00346641	0.0253284	0.00585559	0.00789076	0.00141457	0.0406576
125	0.0308344	0.00233958	0.00127648	0.0155278	0.00521247	0.00137156	0.0156979	0.329801	0.0263322	0.273717	0.0209868	0.00272919	0.00092645	0.0366872	0.0723754	0.00511358	0.00574696	0.151101	0.000712709	0.00150973
126	0.0278794	0.00808975	0.00595367	0.013714	0.0179803	0.0042422	0.0667779	0.0749169	0.119021	0.12622	0.0352623	0.0206373	0.00699272	0.164624	0.185236	0.0120594	0.0325507	0.0409681	0.0234896	0.0133838
127	0.136137	0.0117189	0.283104	0.181096	0.00558102	0.0146574	0.0376925	0.00692421	0.0317674	0.0107981	0.00557125	0.0475128	0.0298509	0.0649079	0.0282078	0.0531444	0.0316813	0.0105296	0.00119131	0.00792723
128	0.450915	0.00537897	0.00123125	0.00168279	0.00125029	0.456936	0.00115445	0.00245782	0.000933448	0.0035116	0.00155033	0.00123283	0.0011437	0.00155027	0.00136537	0.0599684	0.00233671	0.00398548	0.000426164	0.000989365
129	0.410238	0.0038856	0.00181301	0.00182051	0.00345305	0.0121933	0.00190758	0.11358	0.00171852	0.0799526	0.00233964	0.00174614	0.00110963	0.00211386	0.0179145	0.0120339	0.0120501	0.317342	0.000774114	0.00201446
130	0.432618	0.0184814	0.0131676	0.0104748	0.0104083	0.0374215	0.00898734	0.0201252	0.0054092	0.0318592	0.00844402	0.00850741	0.0056911	0.012279	0.011994	0.277582	0.0264032	0.0499056	0.0021607	0.00808068
131	0.0156181	0.0117706	0.00290437	0.00932089	0.110484	0.00152852	0.00704299	0.0481064	0.0122914	0.406308	0.202437	0.00288421	0.00199076	0.00928516	0.0131303	0.00427928	0.00626933	0.0455403	0.0332722	0.0555362
132	0.220389	0.0986588	0.00162437	0.00175587	0.00674774	0.00208008	0.00953853	0.0473893	0.00150991	0.0135399	0.00220336	0.00217232	0.00123848	0.00208215	0.00214849	0.0577287	0.164041	0.354848	0.00110027	0.00920358
133	0.0377101	0.0020111	0.0385768	0.109328	0.0220451	0.014438	0.0305549	0.00556474	0.18007	0.0303954	0.0148902	0.0554969	0.00319691	0.0872502	0.2383	0.054981	0.02623	0.0231921	0.0107959	0.014972
134	0.0269868	0.0184838	0.000873316	0.00113165	0.603115	0.00173136	0.00720721	0.015519	0.00969317	0.0748639	0.0199781	0.00102199	0.0047292	0.00178509	0.00557826	0.0182112	0.0219641	0.0286084	0.0486267	0.0898915
135	0.0223324	0.0169137	0.00213501	0.00438633	0.177543	0.00108175	0.00820361	0.03827	0.00877999	0.416429	0.110445	0.0023754	0.00245483	0.0108392	0.0160351	0.00438381	0.00829156	0.0442999	0.0358503	0.0689504
136	0.452631	0.0680342	0.00904227	0.00147614	0.0272792	0.0275075	0.0563141	0.010676	0.0252222	0.0108768	0.00644664	0.0238232	0.00137551	0.00803625	0.0025271	0.110135	0.0551276	0.0538462	0.000629504	0.0489938
137	0.0221276	0.00325788	0.00292255	0.0558268	0.111315	0.00299938	0.00376308	0.00560957	0.0525126	0.0429322	0.00292677	0.0035429	0.00238493	0.0219213	0.00368296	0.00594674	0.0155465	0.00635479	0.464737	0.169689
138	0.00866382	0.00506651	0.000417268	0.000352534	0.068476	0.000301175	0.000464171	0.135148	0.000300866	0.608716	0.0348569	0.000460266	0.00889743	0.00177918	0.0024618	0.000861888	0.00594149	0.114738	0.00169532	0.000400997
139	0.164775	0.00890062	0.117555	0.17012	0.00573788	0.0554027	0.0456014	0.0071439	0.0496065	0.00960768	0.00747759	0.0447578	0.00700837	0.0602242	0.0288182	0.139883	0.0381458	0.0140395	0.00147012	0.023725
140	0.408403	0.00406371	0.00178884	0.0017624	0.00368741	0.0123411	0.00193801	0.113872	0.00166652	0.0813026	0.00251455	0.00178705	0.00114482	0.00215265	0.0177252	0.0123194	0.0117855	0.316885	0.000774399	0.00208638
141	0.491773	0.00565064	0.0501929	0.0154652	0.00237087	0.0424289	0.00246658	0.0263062	0.00256324	0.00618391	0.00189043	0.00943064	0.0033078	0.0194029	0.0219285	0.216278	0.0374598	0.0414283	0.000902297	0.002569
142	0.164145	0.00296794	0.155883	0.170659	0.00518088	0.003621	0.0295786	0.00739427	0.0802617	0.0089493	0.00872662	0.0808129	0.00131169	0.113338	0.0510913	0.0570619	0.0516461	0.00602221	0.000288425	0.00105929
143	0.0416366	0.00151768	0.00683186	0.0229362	0.0153572	0.00238789	0.0346262	0.0116423	0.349412	0.0301376	0.0574182	0.00816904	0.00216985	0.113624	0.195623	0.0102347	0.0176718	0.0551132	0.0115889	0.0119015
144	0.0185072	0.0118384	0.00328409	0.0109785	0.0464185	0.00268392	0.00456967	0.17589	0.00155637	0.37853	0.0429324	0.0024188	0.00620367	0.021443	0.00398013	0.00401	0.01211	0.237786	0.0024688	0.0123905
145	0.0538025	0.00421643	0.132808	0.184011	0.0227056	0.023036	0.00509987	0.00890531	0.00475018	0.237739	0.00460857	0.0227106	0.00232735	0.0936304	0.0847859	0.0281511	0.0277975	0.0272294	0.00259166	0.0290925
146	0.156639	0.0141364	0.0644438	0.139314	0.00617264	0.102723	0.0283123	0.00184652	0.0544367	0.00719019	0.00192118	0.0439102	0.0033554	0.046253	0.0508298	0.186698	0.0650557	0.0124302	0.00168001	0.0126521
147	0.0288995	0.0197595	0.00096398	0.00111016	0.600343	0.00139813	0.00756839	0.0162151	0.0113412	0.0812321	0.0215143	0.00120157	0.00458712	0.00158497	0.00545954	0.0187228	0.0225959	0.0284028	0.0445265	0.0825731
148	0.05173	0.0275149	0.0158158	0.0204396	0.0616597	0.00846114	0.0231965	0.0261285	0.0477294	0.0706914	0.0166279	0.0185712	0.00491708	0.0232017	0.368897	0.0259338	0.020076	0.035383	0.0344759	0.0985489
149	0.0142533	0.00501995	0.0390114	0.0942534	0.00546114	0.00347535	0.00407682	0.176718	0.00369123	0.215097	0.00405427	0.0237138	0.123665	0.0224759	0.00476169	0.0601689	0.0533027	0.140733	0.00172454	0.00434283
150	0.283028	0.021266	0.0182504	0.0261997	0.00871795	0.0825297	0.013534	0.0122269	0.0109689	0.0144455	0.00725191	0.0196223	0.0276596	0.0151244	0.0167661	0.339413	0.0526898	0.0211571	0.00140511	0.00774377
151	0.019768	0.0112903	0.00159985	0.0026954	0.432913	0.00697577	0.0230372	0.0153079	0.00463298	0.0435342	0.0100147	0.00822308	0.00243781	0.00983515	0.012144	0.0118665	0.0136044	0.0200362	0.0352396	0.314843
152	0.193915	0.00368884	0.0510459	0.133962	0.000845166	0.0381092	0.0199184	0.00719239	0.0336394	0.00816577	0.00351112	0.0153616	0.309462	0.0183853	0.0161124	0.090899	0.0352886	0.0153892	0.000353703	0.00475435
153	0.0844424	0.0142233	0.00344288	0.00293256	0.0049543	0.00899372	0.00389435	0.00633237	0.00258634	0.00621396	0.0155136	0.018933	0.0327376	0.00387397	0.0037825	0.309546	0.453932	0.00761552	0.0011346	0.0149154
154	0.0457984	0.010595	0.00462501	0.00622015	0.037361	0.00850094	0.00903967	0.319854	0.00955816	0.17916	0.020526	0.00690877	0.00640459	0.0119284	0.0148171	0.0171793	0.024986	0.250702	0.00331219	0.012523
155	0.43558	0.0329608	0.00849734	0.00637639	0.00544406	0.0556072	0.0067975	0.0162778	0.00308744	0.0154739	0.00362263	0.00760436	0.00397836	0.00650707	0.00693441	0.314671	0.0195249	0.0453872	0.000701191	0.00496633
156	0.42664	0.00552882	0.00071845	0.00100005	0.00124587	0.501367	0.00102948	0.00176506	0.000913015	0.0020498	0.00112674	0.00127872	0.000841433	0.00113618	0.00109722	0.0471425	0.00177499	0.00192867	0.000442907	0.000973298
157	0.12716	0.00434177	0.00285183	0.0383305	0.139677	0.00263111	0.0398101	0.0744935	0.00365806	0.0248655	0.04112	0.00419294	0.00188864	0.00384227	0.00432015	0.210005	0.108541	0.0540217	0.02653	0.0877187
158	0.0440342	0.0125357	0.0226404	0.00205965	0.0124186	0.752691	0.00319305	0.00241019	0.0232562	0.0030727	0.00157348	0.0475557	0.00218227	0.0195825	0.00263126	0.0407182	0.00289147	0.00266081	0.000624256	0.00126828
159	0.232628	0.00164017	0.023244	0.067456	0.00161738	0.0835668	0.015334	0.00432335	0.010802	0.00746493	0.0012091	0.00707097	0.370223	0.00374402	0.00797003	0.128105	0.0222693	0.00801635	0.000593512	0.00272251
160	0.00870572	0.00267809	0.00240773	0.0024255	0.00431776	0.00299226	0.714046	0.00501826	0.00285673	0.00595667	0.0158042	0.109961	0.0014493	0.0430216	0.00349151	0.0263426	0.00522468	0.00562103	0.0010974	0.0365816
161	0.46547	0.00490436	0.00355598	0.00217086	0.00129589	0.422926	0.00116716	0.00351629	0.000929495	0.00388396	0.00157675	0.00160521	0.00147672	0.00266158	0.00242004	0.0700442	0.00394008	0.00499904	0.00042647	0.00103027
162	0.282046	0.0276759	0.0136859	0.0102416	0.00916738	0.0376396	0.00936372	0.0124135	0.00481965	0.0100334	0.00944005	0.0222489	0.0105985	0.00942214	0.0107167	0.307398	0.183064	0.0188279	0.00157695	0.00962056
163	0.0239665	0.000816487	0.00169824	0.000300654	0.0459545	0.000341501	0.00544241	0.268914	0.00122182	0.269383	0.0328754	0.00217267	0.00352861	0.000948959	0.000816795	0.00430282	0.0133159	0.30712	0.00494339	0.0119355
164	0.0312496	0.0797593	0.00404353	0.00391567	0.00548207	0.003518	0.0214915	0.22509	0.00327165	0.0302014	0.0476226	0.00524918	0.183502	0.00515517	0.00448312	0.0102176	0.0137978	0.315736	0.00185875	0.00435513
165	0.0191499	0.00425061	0.00930998	0.00904615	0.0139097	0.00595737	0.659913	0.00901094	0.00692349	0.011209	0.0167998	0.0806955	0.00442329	0.0474842	0.0084233	0.0290317	0.0103948	0.0122004	0.0043746	0.0374922
166	0.0217706	0.00991363	0.00622061	0.00875897	0.223541	0.00731902	0.0220106	0.0198671	0.00810812	0.0337572	0.0100885	0.0324311	0.00405941	0.00974006	0.0168619	0.0177774	0.0160883	0.0293316	0.0295104	0.472844
167	0.0406651	0.00121282	0.0342277	0.0849487	0.0274076	0.00989356	0.0322188	0.00577714	0.179729	0.0369248	0.0194426	0.0440421	0.00342182	0.0706343	0.269959	0.0499613	0.0303405	0.0306577	0.0137279	0.014807
168	0.154453	0.0142169	0.0652198	0.137027	0.00610384	0.102929	0.0286964	0.00188629	0.0547396	0.00709894	0.00190818	0.0447857	0.00328938	0.0461286	0.0497274	0.188051	0.0673257	0.0122593	0.00166437	0.0124898
169	0.0100719	0.00446626	0.000691561	0.000381435	0.0671972	0.000359227	0.000680815	0.142267	0.000361956	0.585761	0.0371227	0.000513313	0.0120978	0.00205977	0.002553	0.00126696	0.0076433	0.122435	0.00145806	0.000611598
170	0.014124	0.0196397	0.00367397	0.00206162	0.182148	0.000977852	0.00945557	0.0565867	0.00460942	0.351902	0.0674004	0.00368755	0.000864297	0.00823366	0.0125758	0.005663	0.00528154	0.0461645	0.0201471	0.184804
171	0.028598	0.00747139	0.00253172	0.00324114	0.0451469	0.00326677	0.00512864	0.209445	0.00307699	0.365749	0.0298613	0.00387334	0.00680838	0.00664782	0.00634683	0.00774886	0.0182076	0.233011	0.00391566	0.00992384
172	0.00938424	0.0377124	0.00163272	0.00155046	0.0294008	0.000896106	0.00120042	0.309369	0.000900795	0.412408	0.00893318	0.0175891	0.001114	0.00182874	0.00115904	0.00967162	0.0230536	0.128917	0.000621146	0.00265755
173	0.084506	0.0077926	0.420603	0.0865718	0.0114648	0.0295046	0.031035	0.0104539	0.0219659	0.0132884	0.00522009	0.0784377	0.0141849	0.0470027	0.0255932	0.0473692	0.0396723	0.0129438	0.00198717	0.0104032
174	0.0946477	0.0181522	0.00597632	0.00519216	0.00739603	0.0153269	0.00500216	0.0107862	0.00455196	0.0094968	0.00869201	0.0312075	0.0144828	0.00567774	0.00795001	0.32991	0.39891	0.0165078	0.00206562	0.00806806
175	0.119533	0.01085	0.0226038	0.00687107	0.00963735	0.647658	0.00714017	0.00564662	0.0180163	0.0081807	0.00300315	0.0448554	0.00389929	0.0167953	0.00762761	0.0516758	0.00855756	0.00491989	0.000749742	0.00177887
176	0.42664	0.00552882	0.00071845	0.00100005	0.00124587	0.501367	0.00102948	0.00176506	0.000913015	0.0020498	0.00112674	0.00127872	0.000841433	0.00113618	0.00109722	0.0471425	0.00177499	0.00192867	0.000442907	0.000973298
177	0.0121742	0.00347032	0.0040618	0.00347046	0.00791858	0.00354142	0.696054	0.00618896	0.00348567	0.00791011	0.0175112	0.0844135	0.00231615	0.0566939	0.00407668	0.0327197	0.00646996	0.00879635	0.00205083	0.0366759
178	0.0117913	0.00735715	0.00229582	0.00154735	0.356072	0.00526419	0.0167053	0.00634609	0.00264542	0.0196151	0.00480625	0.0182374	0.00151525	0.00718303	0.00822848	0.00727532	0.00888691	0.0127897	0.0205932	0.480845
179	0.078436	0.0299014	0.0202931	0.0181422	0.0247072	0.0221806	0.0178871	0.0323691	0.0137742	0.0403314	0.0201405	0.0392542	0.0191687	0.0183804	0.0189466	0.172777	0.348841	0.0436848	0.00441097	0.0163743
180	0.0925472	0.017917	0.0146364	0.0141282	0.0296501	0.0225442	0.0180438	0.0922449	0.0111435	0.0407395	0.0249507	0.0274849	0.0153845	0.0157444	0.0193818	0.173555	0.261673	0.0840287	0.00658722	0.0176145
181	0.101014	0.0109787	0.37326	0.162517	0.00661625	0.0147115	0.0396716	0.00535965	0.023622	0.00753282	0.00441727	0.0518131	0.021434	0.0559125	0.0260649	0.0454566	0.0283822	0.00962178	0.00156412	0.0100508
182	0.0390287	0.0424806	0.00765295	0.0029559	0.00287747	0.00105589	0.0022025	0.26763	0.00110304	0.049328	0.0028809	0.00315741	0.0092557	0.0025156	0.00160406	0.027768	0.0934421	0.440837	0.000585517	0.00163918
183	0.0698857	0.0239778	0.00909593	0.00752458	0.0106299	0.0154098	0.00790307	0.0111652	0.00646333	0.0153794	0.0113695	0.0358361	0.0145199	0.00790619	0.0114671	0.302172	0.409737	0.0189527	0.00259254	0.00801219
184	0.0741103	0.0191396	0.0224413	0.0370296	0.0262793	0.0181338	0.0236464	0.0368288	0.0810167	0.055924	0.0214077	0.0290083	0.00709653	0.0446015	0.332926	0.0456518	0.039146	0.0403257	0.0148823	0.0304044
185	0.120198	0.0346754	0.00502559	0.00544804	0.00946245	0.00556622	0.00943808	0.134751	0.00499348	0.0424913	0.00716462	0.00645122	0.00712332	0.0067017	0.00880463	0.0423038	0.166623	0.372452	0.00203769	0.00828814
186	0.0270946	0.000414825	0.00145734	0.000288601	0.039482	0.000319889	0.00598572	0.268392	0.00132593	0.25221	0.0283723	0.00239874	0.0019035	0.000757899	0.00042295	0.0043187	0.0145848	0.330579	0.00603729	0.0136534
187	0.119409	0.0400015	0.0065939	0.00701803	0.0123886	0.0389998	0.0706466	0.0464354	0.0673043	0.0776444	0.00733672	0.00904246	0.194662	0.010817	0.00951866	0.0487727	0.045148	0.0773514	0.101909	0.00900062
188	0.0303958	0.0012167	0.00156182	0.00178167	0.0536539	0.00217204	0.00686386	0.245549	0.00152509	0.232729	0.0254799	0.00324281	0.00203663	0.00204584	0.00159708	0.00467204	0.0275469	0.326168	0.00834286	0.0214197
189	0.00940449	0.0038705	0.00500286	0.00292623	0.19395	0.00362476	0.0059231	0.00540636	0.00256004	0.00646844	0.00295719	0.0654451	0.00177636	0.00419099	0.00381466	0.00615297	0.00634826	0.0184969	0.00357572	0.648105
190	0.0726653	0.0281099	0.0183156	0.0136404	0.0253384	0.0272515	0.0149013	0.0345378	0.0120263	0.0384036	0.0195345	0.0297725	0.015271	0.0144845	0.0165036	0.177322	0.377515	0.0462683	0.00453352	0.0136044
191	0.0790984	0.00548842	0.0332068	0.0309153	0.00869254	0.00573363	0.0057003	0.0306145	0.00571544	0.451441	0.0059467	0.00735713	0.00316396	0.0511124	0.190622	0.0312126	0.0112668	0.0100023	0.00332355	0.0293857
