583	20
1	0.0586364	0.0270139	0.0447023	0.0623259	0.0322833	0.00562985	0.0651291	0.00884319	0.0359623	0.0457833	0.00431423	0.0739443	0.00264732	0.0100793	0.0231706	0.25701	0.162783	0.0294481	0.00265574	0.0476387
2	0.0389739	0.0126631	0.0230589	0.0277536	0.0058228	0.0255944	0.0381277	0.0193956	0.135236	0.0307115	0.00968403	0.044013	0.00737239	0.0406634	0.432957	0.0536143	0.0266052	0.0183847	0.00296281	0.006406
3	0.202974	0.0103919	0.0339666	0.0849195	0.00899554	0.143836	0.0252717	0.0282357	0.0324976	0.0129713	0.000825717	0.0267837	0.0290167	0.0316508	0.0212408	0.250297	0.0399404	0.0147464	0.000295744	0.00114283
4	0.0619269	0.00172161	0.307915	0.266508	0.0113085	0.0197456	0.0182977	0.00437509	0.0473324	0.0048778	0.0102648	0.0634315	0.0057534	0.0665886	0.0103004	0.0402317	0.0295238	0.020908	0.00180786	0.0071808
5	0.0294574	0.00657736	0.000427582	0.00155698	0.035122	0.000846819	0.00345797	0.213495	0.00396756	0.435937	0.106954	0.00166467	0.00101417	0.00460023	0.00255969	0.00290412	0.017653	0.128934	0.000548284	0.00232201
6	0.0182967	0.00524434	0.0343062	0.0103236	0.00381228	0.00866549	0.0376221	0.00843375	0.254538	0.00968202	0.0033773	0.154217	0.0206346	0.0166704	0.255509	0.0568779	0.0565203	0.0407446	0.0013843	0.00313943
7	0.38539	0.0972062	0.000979321	0.00333644	0.00116264	0.0162971	0.00466054	0.0430489	0.00295915	0.0200125	0.0119843	0.00925593	0.0115625	0.0023537	0.00304288	0.14379	0.107762	0.133723	0.000375884	0.00109655
8	0.0519441	0.0059637	0.0414513	0.0685953	0.00255006	0.0308647	0.0477708	0.00911638	0.200784	0.0195497	0.0161306	0.0720849	0.00155521	0.114108	0.210584	0.0590092	0.0326638	0.00901539	0.000693445	0.00556553
9	0.0278981	0.00784793	0.018493	0.0271521	0.00450008	0.0150734	0.0412031	0.0130252	0.194545	0.0177223	0.00590024	0.0426021	0.00491243	0.0367634	0.429904	0.0718065	0.0183396	0.0149228	0.00332314	0.00406558
10	0.00280943	0.00563261	0.000298291	0.000378656	0.00704371	0.000379064	0.00176094	0.423416	0.00223709	0.0926569	0.0174022	0.00051561	0.000290546	0.00250315	0.000474313	0.000872596	0.00352013	0.437271	0.000107742	0.000429858
11	0.0456326	0.0253534	0.0007762	0.00131048	0.00294365	0.0019888	0.00410982	0.200225	0.0022389	0.0322165	0.00921377	0.00177061	0.000745326	0.00232451	0.00107104	0.0039331	0.00687412	0.655826	0.000260645	0.00118547
12	0.00297367	0.00578157	0.000291752	0.00037893	0.00701202	0.000409749	0.00172464	0.420022	0.00215299	0.0911807	0.0169289	0.000519422	0.000287632	0.00247282	0.000458109	0.000868996	0.00356379	0.442499	0.000101917	0.000370701
13	0.0590768	0.0067839	0.0367731	0.0622258	0.00818286	0.0208567	0.0289531	0.0332101	0.20073	0.0552235	0.0656451	0.042372	0.0224227	0.127314	0.0815795	0.0581856	0.046754	0.0317495	0.00198599	0.00997572
14	0.037389	0.00675791	0.00171913	0.00435342	0.0366292	0.00139863	0.00441504	0.199159	0.00740594	0.366349	0.12278	0.00349084	0.00441028	0.00772096	0.00444949	0.00738356	0.015911	0.162738	0.00100163	0.0045393
15	0.0163704	0.00235406	0.00315873	0.00295361	0.00347396	0.909484	0.00181575	0.00149084	0.00346191	0.00167009	0.0011053	0.00476366	0.00214985	0.00245549	0.00565818	0.027148	0.0078039	0.00159764	0.000325302	0.000759866
16	0.0246414	0.0105308	0.00706159	0.00249607	0.00135711	0.0070079	0.00248697	0.00652486	0.00646183	0.00329376	0.00180524	0.025436	0.00992441	0.00313848	0.0106015	0.178642	0.682194	0.00953662	0.000557347	0.00630233
17	0.690441	0.00940376	0.00222646	0.0042378	0.00136596	0.0525764	0.00262395	0.00406401	0.00357224	0.00311317	0.00239244	0.00477967	0.00465667	0.00336616	0.00461014	0.164771	0.0233257	0.0150479	0.00134348	0.0020825
18	0.0172716	0.0107319	0.00121301	0.00482815	0.00754637	0.00144146	0.00345109	0.334064	0.00531962	0.0954322	0.0230858	0.00255048	0.00075401	0.00427782	0.00279129	0.00574206	0.00988742	0.467617	0.000344873	0.00164946
19	0.00706763	0.00543501	0.000427602	0.000850338	0.00891952	0.000724356	0.00279777	0.386513	0.0034962	0.14943	0.0307031	0.000768131	0.000768181	0.00332435	0.00105576	0.0013786	0.00503689	0.390395	0.000170366	0.000738567
20	0.256102	0.0348035	0.007512	0.00788717	0.00260326	0.0188416	0.00498886	0.0176208	0.00881886	0.0104526	0.00600858	0.0210863	0.0109884	0.00659002	0.00874844	0.197651	0.334361	0.0392441	0.000985447	0.00470535
21	0.0584679	0.0155194	0.0455332	0.037661	0.00465572	0.148471	0.0319465	0.0124971	0.136978	0.0223528	0.00851009	0.112196	0.0068474	0.0559341	0.175536	0.0793325	0.0294396	0.0113651	0.00164123	0.00511514
22	0.0212265	0.00170833	0.441449	0.159278	0.00623086	0.0313429	0.0311772	0.000933032	0.047632	0.00245697	0.00264918	0.111131	0.0133589	0.0482815	0.0076117	0.0408044	0.0248775	0.00128309	0.000142721	0.00642527
23	0.0437378	0.00397437	0.233625	0.214246	0.00543563	0.0680189	0.0217091	0.0092428	0.0486375	0.0203681	0.00600963	0.105707	0.00560824	0.0703138	0.0212642	0.0661893	0.0350655	0.0118119	0.000916478	0.00811863
24	0.0669623	0.052061	0.0590664	0.0291264	0.0258236	0.281668	0.034127	0.0102609	0.0388753	0.00953456	0.00393365	0.0914245	0.00982615	0.0197125	0.0180922	0.199873	0.0268434	0.0137371	0.00354336	0.00550809
25	0.0712061	0.00903897	0.0556576	0.0781269	0.00435275	0.144224	0.0358188	0.0108265	0.130169	0.0179071	0.0114715	0.0782234	0.00630604	0.0713831	0.129353	0.0960357	0.032901	0.00968221	0.000814633	0.00650206
26	0.030023	0.00546169	0.00306995	0.00567386	0.0280772	0.0016065	0.00654402	0.226668	0.0103422	0.349971	0.0829415	0.00558965	0.0171925	0.00932536	0.00549914	0.0114676	0.0154569	0.178789	0.00116163	0.00513989
27	0.492233	0.027086	0.00553728	0.00754658	0.00273899	0.0305725	0.00483518	0.009061	0.00924015	0.0139509	0.0046551	0.0101336	0.0105465	0.00689157	0.00917326	0.293594	0.0280899	0.0253288	0.00161818	0.0071677
28	0.0234521	0.00567795	0.00164078	0.003516	0.0255526	0.000998251	0.00489605	0.166604	0.00800219	0.501152	0.0887855	0.00343179	0.00302296	0.00788848	0.0045869	0.00683433	0.0153327	0.12324	0.00140948	0.00397535
29	0.0219665	0.00538035	0.00595074	0.00534334	0.00368587	0.667728	0.00334028	0.00720559	0.0084302	0.00584874	0.00273111	0.0163142	0.00435279	0.00525566	0.0107118	0.0717114	0.139464	0.0108646	0.000989921	0.00272397
30	0.0699543	0.0326493	0.019758	0.0225421	0.00492402	0.0406676	0.0340788	0.0141966	0.116939	0.0233356	0.00729837	0.0674567	0.0052843	0.0393697	0.400232	0.0615443	0.0233563	0.00960992	0.00178177	0.00502115
31	0.00765559	0.00317186	0.00140648	0.000633381	0.012709	0.000585371	0.00381266	0.0624652	0.00578973	0.764023	0.0845738	0.00267802	0.00116285	0.00291823	0.0018638	0.00363571	0.00725132	0.0257284	0.00342961	0.00450626
32	0.377328	0.013129	0.0215806	0.0445791	0.00570586	0.123978	0.0241703	0.0147567	0.0279379	0.00988194	0.00295151	0.022311	0.0155619	0.0221175	0.0226136	0.193804	0.0388274	0.0141345	0.00108036	0.00355158
33	0.331305	0.0367493	0.00163189	0.00248196	0.00178855	0.0110831	0.00423085	0.00588453	0.00638226	0.0081079	0.00247476	0.00416852	0.0193729	0.00451063	0.00718565	0.502833	0.010133	0.0214249	0.00217979	0.0160715
34	0.0193192	0.00864334	0.00105199	0.00237302	0.0184689	0.00130904	0.00464924	0.366747	0.00925447	0.300337	0.097578	0.00250481	0.00164004	0.00812463	0.00639426	0.00983533	0.0186463	0.118854	0.000516965	0.00375268
35	0.042386	0.0553865	0.00120392	0.00226076	0.0115822	0.00247259	0.00763351	0.227606	0.00934554	0.0874366	0.0217302	0.00493207	0.00152375	0.00321953	0.00481111	0.0140803	0.0484738	0.442492	0.000258417	0.0111659
36	0.080285	0.00640517	0.140381	0.265283	0.0065661	0.0474223	0.0225689	0.0144098	0.0563729	0.0179656	0.00886172	0.047393	0.0181903	0.0529932	0.0373287	0.104599	0.045914	0.0186246	0.000872208	0.0075636
37	0.0475027	0.0288264	0.000843007	0.00210015	0.0221253	0.00128155	0.00562161	0.262325	0.00736643	0.219382	0.0513296	0.00320229	0.00144921	0.00477467	0.0031086	0.00804206	0.0152718	0.301044	0.00056926	0.0138344
38	0.397786	0.0804581	0.00323071	0.0039964	0.00235456	0.00843513	0.00572432	0.0104156	0.0344645	0.0121776	0.024731	0.0114348	0.0051614	0.0122919	0.0429583	0.250003	0.0514846	0.030073	0.00122408	0.0115946
39	0.0729367	0.00180588	0.173765	0.45129	0.00401499	0.0018843	0.00172659	0.00359568	0.0456238	0.00308479	0.0277834	0.00742865	0.000750066	0.0947739	0.00365114	0.0117987	0.0209661	0.0636783	0.00739084	0.00205155
40	0.039888	0.0578784	0.00276523	0.00353073	0.0280404	0.00289394	0.0157559	0.249945	0.0198828	0.284017	0.039532	0.0063052	0.00203247	0.00622457	0.00847275	0.0278169	0.043677	0.132203	0.00149255	0.0276466
41	0.0127342	0.0367613	0.0100632	0.0122537	0.0148013	0.00955332	0.255788	0.0390196	0.0647816	0.0112622	0.0265317	0.0951035	0.00397744	0.1052	0.0606021	0.071275	0.052704	0.0616783	0.00926914	0.0466402
42	0.0689513	0.00442138	0.0960013	0.121633	0.00340839	0.0406087	0.0347312	0.0114716	0.105085	0.0296621	0.0156307	0.0828135	0.00194178	0.135195	0.0793997	0.104564	0.0463894	0.010166	0.00024713	0.00767866
43	0.0140356	0.00435853	0.270028	0.0813843	0.00503642	0.239046	0.0331995	0.00227873	0.0462407	0.00379816	0.00227583	0.14449	0.00585211	0.0453817	0.0212305	0.051392	0.0164084	0.00438825	0.00245892	0.00671543
44	0.0184796	0.0101491	0.0109382	0.0121141	0.140606	0.00865395	0.0556415	0.0868647	0.251168	0.0480239	0.00714378	0.0184919	0.00397803	0.0139221	0.154077	0.024057	0.0189143	0.057993	0.00353916	0.0552444
45	0.0319932	0.00378144	0.210908	0.527593	0.00305404	0.00336321	0.00743246	0.00259602	0.02236	0.00262546	0.0116322	0.0156356	0.00087276	0.0948462	0.00385227	0.0106512	0.0163161	0.0256955	0.00308991	0.00170188
46	0.0311673	0.0256317	0.000774564	0.00245559	0.00697676	0.0020335	0.00340341	0.227924	0.00284891	0.0744476	0.0284344	0.00209184	0.000937639	0.00275904	0.00131591	0.00398087	0.008221	0.571639	0.000262056	0.00269461
47	0.0188992	0.00375032	0.000767512	0.00254224	0.0157443	0.00113823	0.00412301	0.355078	0.00861962	0.304905	0.106879	0.00207623	0.00117201	0.00784565	0.00780851	0.00564306	0.0148192	0.136359	0.000254951	0.00157454
48	0.0307461	0.00528133	0.000385197	0.00153712	0.0344445	0.000830981	0.00337321	0.214929	0.00410135	0.415837	0.122255	0.00160313	0.000880301	0.00458484	0.00254722	0.00267403	0.0172137	0.134657	0.000416376	0.00170282
49	0.0156624	0.0097768	0.00143646	0.00315263	0.011401	0.000935361	0.00429684	0.318563	0.00525017	0.161716	0.0376797	0.00224088	0.00142955	0.00468151	0.00480993	0.00399582	0.00998766	0.400414	0.000280768	0.0022898
50	0.0189884	0.0109184	0.00119903	0.00127881	0.00093009	0.00171758	0.00140612	0.00467655	0.00196398	0.00189442	0.00104008	0.0113241	0.0119183	0.00162391	0.00350032	0.13073	0.784456	0.00523007	0.000350081	0.0048534
51	0.117461	0.0145346	0.019962	0.0324578	0.00669139	0.0325917	0.0166423	0.0149219	0.0319285	0.0256862	0.00505977	0.0237496	0.245389	0.0302852	0.0261293	0.273087	0.0497808	0.0241705	0.00298813	0.00648322
52	0.0144792	0.00214555	0.00200935	0.00170994	0.0033275	0.920454	0.00117683	0.00097959	0.00213919	0.00120141	0.000603881	0.0032544	0.00200196	0.00116501	0.00361774	0.029811	0.00754503	0.00148472	0.000339142	0.000554164
53	0.774367	0.00645008	0.000461619	0.000565515	0.000518397	0.0272256	0.00111544	0.00249626	0.00133576	0.00152289	0.00266833	0.00170662	0.00363176	0.00199843	0.00300055	0.130187	0.0203302	0.0176149	0.00138034	0.00142361
54	0.0220198	0.0136128	0.0013051	0.0131012	0.00488263	0.00140979	0.00311538	0.289195	0.00404551	0.0537803	0.0192315	0.00360995	0.000606136	0.00509718	0.00222082	0.00643616	0.0198351	0.534651	0.000234915	0.0016101
55	0.601911	0.0121756	0.00561736	0.0106239	0.00237895	0.138022	0.00408857	0.00721647	0.00831256	0.00500804	0.00274656	0.00806111	0.00628273	0.00603372	0.00927346	0.124632	0.0291606	0.0165121	0.00110858	0.000834666
56	0.0415305	0.0164223	0.00512988	0.00787371	0.0564625	0.00208857	0.00738587	0.189649	0.0121941	0.321998	0.0837199	0.00836011	0.0113462	0.0112688	0.00765994	0.0159418	0.0212527	0.163557	0.00223967	0.0139196
57	0.0170143	0.00206307	0.0046161	0.00354373	0.00342523	0.903732	0.00143687	0.00169753	0.0038106	0.00225262	0.0019441	0.00626964	0.00251037	0.00306192	0.0052143	0.0257837	0.00831513	0.00222912	0.000289641	0.000789511
58	0.0114423	0.00393403	0.0039644	0.0124273	0.00333503	0.00698073	0.0189037	0.0235205	0.347111	0.0131727	0.00217776	0.0220478	0.00174145	0.0195045	0.444977	0.0335046	0.00657117	0.0153587	0.00731905	0.00200662
59	0.0618086	0.00709255	0.050302	0.0667977	0.00318108	0.0373441	0.0594626	0.00808789	0.163179	0.0192148	0.0181676	0.084702	0.00184857	0.122152	0.178638	0.068377	0.035766	0.00568881	0.000430137	0.00775871
60	0.00697269	0.0100967	0.0100747	0.014064	0.00216086	0.00495011	0.0510411	0.0108326	0.177022	0.0264281	0.00163304	0.0332979	0.00164767	0.0245339	0.572366	0.0330341	0.00631952	0.00874952	0.00275903	0.00201596
61	0.00773603	0.00166754	0.0016394	0.000768939	0.00981727	0.000478367	0.00439231	0.0621534	0.00700525	0.749092	0.0977113	0.00302056	0.00129666	0.00319971	0.00240365	0.00367786	0.00746322	0.0298303	0.00268269	0.00396318
62	0.0738806	0.00588156	0.0572868	0.0697231	0.00316259	0.0433949	0.0536864	0.00709837	0.167363	0.0188252	0.0157966	0.0913481	0.00117375	0.113255	0.158384	0.0728683	0.0392913	0.00194056	9.30363e-05	0.00554698
63	0.0165051	0.0123367	0.00913163	0.0133862	0.00634275	0.00792048	0.234746	0.0156117	0.150895	0.0124717	0.0118978	0.0210504	0.00426511	0.237916	0.0262961	0.0292548	0.0828806	0.0515637	0.00424205	0.0512866
64	0.0434108	0.00530105	0.116305	0.155969	0.0062993	0.0328165	0.05055	0.00984206	0.116576	0.0242829	0.0104432	0.0605327	0.0107653	0.126175	0.11275	0.0587777	0.0319069	0.0131771	0.000406822	0.0137116
65	0.0533421	0.00309048	0.00648898	0.0463989	0.0076146	0.0140988	0.016076	0.107848	0.10401	0.148374	0.048469	0.0255566	0.000918008	0.0646846	0.127874	0.0496934	0.0701233	0.0914743	0.000409369	0.0134556
66	0.0371123	0.00472322	0.00778563	0.0184256	0.0411355	0.00280422	0.0115642	0.0968465	0.0207721	0.361051	0.0824505	0.0223151	0.0149545	0.015534	0.0744402	0.0228699	0.0360749	0.116443	0.00360016	0.00909762
67	0.0315175	0.00486202	0.000459492	0.00203395	0.0340545	0.000830825	0.00318176	0.21087	0.00494415	0.404394	0.128484	0.00174545	0.000893541	0.00537926	0.00282747	0.00318155	0.0161395	0.141948	0.000451882	0.00180117
68	0.0545644	0.0095525	0.0521527	0.0575269	0.00634769	0.0380728	0.0775711	0.0138139	0.129286	0.0187428	0.0111586	0.135079	0.00946154	0.0972327	0.107871	0.114649	0.041721	0.0110102	0.00291288	0.0112743
69	0.0707131	0.00705194	0.00632161	0.0545256	0.00440188	0.00798408	0.00711425	0.0166328	0.111202	0.0674384	0.164882	0.0187934	0.0859496	0.209923	0.0746802	0.0547988	0.0197902	0.011602	0.0016261	0.00456842
70	0.0416715	0.0109957	0.0176433	0.0115846	0.00643919	0.0295992	0.0129018	0.0218261	0.0382631	0.0179802	0.00687924	0.0509202	0.00900148	0.0166182	0.0692906	0.329664	0.243701	0.0508527	0.00180061	0.012368
71	0.0442397	0.00535325	0.00922594	0.0156118	0.050781	0.00297794	0.0105545	0.134271	0.0204534	0.304257	0.0875066	0.0135559	0.0217843	0.0247736	0.0131312	0.032609	0.0218858	0.171767	0.00405731	0.011204
72	0.0817311	0.00884534	0.0456241	0.0274601	0.0358923	0.0252655	0.026575	0.0177053	0.126552	0.0193276	0.0077988	0.0433746	0.00958785	0.027195	0.23424	0.16416	0.0408212	0.0477523	0.00193295	0.00815876
73	0.0681193	0.00242498	0.228084	0.244838	0.00353434	0.0232374	0.0188022	0.0120857	0.0518474	0.0144996	0.00951681	0.0757078	0.00436009	0.0711454	0.0243182	0.0720204	0.0527898	0.0150412	0.000292703	0.00733392
74	0.0586787	0.0126166	0.00567639	0.013317	0.0292371	0.00478169	0.0312491	0.145735	0.0262538	0.304866	0.0757954	0.0124921	0.00913242	0.0187825	0.0269408	0.0286635	0.0671654	0.115352	0.00221201	0.0110524
75	0.0247369	0.00662977	0.00180625	0.00425554	0.0180219	0.001705	0.0107476	0.255957	0.012909	0.338347	0.077114	0.00313914	0.00324665	0.0117655	0.00681389	0.00795106	0.0160916	0.193978	0.000550516	0.00423412
76	0.0899936	0.00535965	0.0449496	0.0606715	0.00346803	0.039529	0.0594131	0.00720559	0.165135	0.0178645	0.0124786	0.107088	0.00368411	0.0996887	0.131558	0.101042	0.0319351	0.00605357	0.000614488	0.0122686
77	0.0218439	0.0138439	0.00410684	0.0228531	0.00315254	0.0724894	0.0354488	0.0096177	0.0458727	0.0582353	0.0076737	0.043442	0.134931	0.0769411	0.0490505	0.211448	0.155114	0.00890248	0.0220165	0.00301625
78	0.0907098	0.00242864	0.154633	0.180291	0.00438555	0.0149792	0.0122853	0.0357195	0.0674793	0.0513741	0.0222807	0.0692296	0.00719614	0.0621855	0.0356138	0.0706425	0.0627835	0.045116	0.000470291	0.0101963
79	0.0544823	0.00554648	0.014908	0.0221716	0.0670355	0.00409617	0.014721	0.08446	0.0255443	0.283993	0.0597606	0.0210049	0.0362944	0.0265374	0.0190257	0.0437663	0.0288672	0.163866	0.00643558	0.0174831
80	0.0164267	0.00183004	0.229576	0.136743	0.0132083	0.0334818	0.0522839	0.013119	0.122948	0.0414604	0.006495	0.0424681	0.0351554	0.0882895	0.0593401	0.0415476	0.0122423	0.0182438	0.000378653	0.0347629
81	0.185582	0.00920844	0.0378274	0.0871604	0.00784406	0.12723	0.0249121	0.0275096	0.0539233	0.0147547	0.00171702	0.026374	0.0436479	0.0363469	0.0267394	0.234158	0.0375966	0.0149439	0.000457852	0.00206633
82	0.0669789	0.00869751	0.051147	0.0622529	0.00416945	0.0712949	0.043618	0.0112626	0.15315	0.0228295	0.0254159	0.077289	0.00488524	0.102963	0.15471	0.0844536	0.0388536	0.00717875	0.00107725	0.00777221
83	0.66569	0.0166303	0.00136646	0.00294708	0.00163633	0.0227182	0.00317297	0.0105814	0.00308355	0.00545673	0.00394393	0.00326785	0.0195263	0.00481337	0.00486862	0.160439	0.0284608	0.0365506	0.00107572	0.00377044
84	0.180867	0.182271	0.0110325	0.012972	0.0227146	0.0160896	0.0188578	0.0205241	0.0401452	0.0283064	0.0673594	0.025786	0.00619247	0.0204326	0.0666958	0.145032	0.0424549	0.0255554	0.00348735	0.063225
85	0.660076	0.0140159	0.0075335	0.00929492	0.00223507	0.0392655	0.00462767	0.00985048	0.0115602	0.00632525	0.00485318	0.0111015	0.00622662	0.00809166	0.0105555	0.131681	0.0311307	0.0268183	0.00168981	0.00306705
86	0.73989	0.00583933	0.00227167	0.00463713	0.00099337	0.054114	0.002595	0.00333849	0.00328537	0.00208685	0.00216744	0.0041456	0.0038563	0.00294237	0.00411121	0.120808	0.0255459	0.0152762	0.00116009	0.000935759
87	0.170437	0.0291063	0.0030299	0.00750396	0.021138	0.0115877	0.00645039	0.166068	0.00626991	0.0463554	0.0165616	0.00763018	0.0142305	0.00762789	0.0057091	0.0513861	0.0332429	0.388514	0.000940821	0.00621039
88	0.0174396	0.00223717	0.00509776	0.00359199	0.00369931	0.887021	0.0039496	0.00256675	0.00564171	0.00228161	0.00115005	0.00896744	0.00224369	0.00461643	0.00669384	0.0285847	0.00921331	0.00256302	0.000692536	0.00174824
89	0.0557238	0.0105275	0.022187	0.0473362	0.0137267	0.0133601	0.0192831	0.0482729	0.082593	0.115623	0.146467	0.0303804	0.0277657	0.162139	0.0559965	0.0473003	0.0335238	0.0532182	0.00263638	0.0119402
90	0.179098	0.01258	0.020452	0.0338869	0.0255355	0.0872055	0.0127235	0.0412487	0.0299366	0.0294781	0.00284348	0.0663779	0.0412336	0.0197053	0.0167643	0.296438	0.0369575	0.0419284	0.000804549	0.00480162
91	0.0210798	0.0457604	0.0255528	0.124923	0.00834168	0.351821	0.0115664	0.0111018	0.0190514	0.0118965	0.00614345	0.130398	0.00567732	0.0157043	0.014527	0.0909062	0.0199262	0.0770605	0.00268823	0.00587421
92	0.00766814	0.00122228	0.00175062	0.000789481	0.00944845	0.000458845	0.00482197	0.0486694	0.00784746	0.765663	0.102597	0.00329628	0.0014345	0.00312717	0.00207513	0.00374905	0.0065155	0.0218453	0.00279487	0.00422478
93	0.0302321	0.0055033	0.00278067	0.00669028	0.0266707	0.00182274	0.00543302	0.195847	0.0139948	0.358213	0.1262	0.00468096	0.00513534	0.0126501	0.00850857	0.00973779	0.0149618	0.165257	0.00129116	0.00438924
94	0.314977	0.051816	0.0109312	0.00624369	0.00444068	0.019761	0.00519308	0.0348589	0.0149129	0.0152515	0.00866413	0.0447086	0.00708858	0.010842	0.00870253	0.190971	0.158366	0.0893409	0.000860277	0.00206973
95	0.016417	0.00565352	0.00214745	0.00268318	0.0182417	0.000956977	0.0051588	0.0963689	0.00861258	0.647205	0.085452	0.00403003	0.00333646	0.00568243	0.00401176	0.00739035	0.0114	0.0647441	0.00270852	0.00779912
96	0.0421761	0.0140291	0.0241242	0.0239036	0.132079	0.00989744	0.0896515	0.0253514	0.0302085	0.0413703	0.0131443	0.0487289	0.00674248	0.0251544	0.0325414	0.0362385	0.0454376	0.0290859	0.00950754	0.320628
97	0.0219709	0.00483188	0.374485	0.277482	0.0050988	0.0219728	0.0236904	0.00216521	0.0337417	0.00352484	0.00317636	0.0839672	0.00795826	0.0660158	0.00780146	0.030702	0.0213529	0.00427065	0.000412219	0.00537922
98	0.155034	0.0203165	0.006113	0.0234558	0.00983755	0.0241769	0.0239547	0.0890674	0.0649721	0.0656417	0.0311941	0.018144	0.0113222	0.0531292	0.0410326	0.113126	0.123532	0.109304	0.000539939	0.0161068
99	0.0248156	0.00333359	0.000995026	0.00315209	0.0239858	0.000926478	0.00398349	0.164718	0.008295	0.469728	0.148871	0.00285816	0.000985128	0.0076196	0.00539854	0.00448454	0.0133336	0.108969	0.00113351	0.0024131
100	0.0399879	0.0149773	0.0180799	0.0185223	0.368748	0.0128455	0.0380788	0.0481789	0.0230353	0.105185	0.0240909	0.0275902	0.00781175	0.0169994	0.0189204	0.0369802	0.0369336	0.0536624	0.00425848	0.0851134
101	0.125489	0.00292717	0.0464858	0.0152311	0.00308099	0.0387883	0.0035359	0.0213014	0.0104214	0.0148824	0.00163421	0.0890418	0.00221419	0.0233595	0.00707649	0.414151	0.15939	0.0165008	0.00113986	0.00334901
102	0.0513234	0.0065167	0.0464205	0.0981027	0.00694884	0.0143495	0.0237221	0.0189358	0.0720452	0.0720167	0.0294194	0.0215872	0.190443	0.135379	0.0433841	0.0992897	0.0360839	0.0251771	0.00198248	0.00687322
103	0.099853	0.0715498	0.0102024	0.0133692	0.0221965	0.0119855	0.0227233	0.055466	0.0713115	0.116543	0.114654	0.0182382	0.00694864	0.023408	0.0339752	0.0481151	0.0330892	0.0500176	0.00624749	0.170106
104	0.0157649	0.00801092	0.257236	0.0156557	0.0034522	0.240021	0.0112381	0.00422984	0.0292631	0.00551199	0.00254366	0.198497	0.00299132	0.0160599	0.0116714	0.141134	0.0128517	0.0052909	0.013551	0.00502556
105	0.00627839	0.0070868	0.000303945	0.000483951	0.00889189	0.000483646	0.00205545	0.394915	0.00248793	0.108969	0.022395	0.000620016	0.000299741	0.00267226	0.000615016	0.00118506	0.00528458	0.434062	0.000135289	0.000775182
106	0.102621	0.0406866	0.019584	0.0129479	0.00640816	0.021975	0.0157695	0.00961902	0.0666008	0.0313378	0.00851226	0.0685296	0.00715382	0.010859	0.0917285	0.271523	0.18465	0.0169709	0.00189601	0.0106277
107	0.304832	0.0906934	0.00132508	0.00356093	0.00279486	0.0220659	0.00564477	0.0716755	0.00273173	0.0309188	0.0114169	0.0101819	0.0257604	0.00429095	0.00299256	0.131118	0.119342	0.157279	0.000344297	0.00103017
108	0.688439	0.0178937	0.00126979	0.00197664	0.000792765	0.0426433	0.00259629	0.00471491	0.00212845	0.00338845	0.00279229	0.00313783	0.0050493	0.00262431	0.00413965	0.164824	0.0270577	0.0208746	0.00118405	0.00247353
109	0.0789185	0.00783766	0.0131158	0.0319036	0.031655	0.0104452	0.0168748	0.0847919	0.0506351	0.223106	0.0578384	0.021252	0.0225664	0.11809	0.0336159	0.044983	0.0408855	0.0944123	0.00381626	0.0132558
110	0.0227563	0.00332097	0.000388102	0.00238825	0.0156657	0.000901261	0.00651371	0.263646	0.00849588	0.349422	0.0921678	0.00116983	0.00121057	0.00674915	0.00332395	0.00247321	0.0104118	0.207196	0.00014893	0.00165149
111	0.00706049	0.00135714	0.00194911	0.00148099	0.00879749	0.00061366	0.00512531	0.051316	0.00774884	0.765012	0.0930086	0.00352904	0.00208316	0.00352874	0.002417	0.00445683	0.00658072	0.0265372	0.00281611	0.00458134
112	0.0378609	0.0140425	0.00176058	0.0037486	0.0159505	0.00455175	0.0059415	0.178075	0.00595335	0.230612	0.0428042	0.00374093	0.00391126	0.00552527	0.0038494	0.00754319	0.0105525	0.419255	0.00103749	0.00328369
113	0.0321553	0.00897963	0.0331158	0.00893765	0.00319601	0.013348	0.0066041	0.00875888	0.0175383	0.00751122	0.00309766	0.0848627	0.0075318	0.00965768	0.020266	0.170488	0.544045	0.0120862	0.00101444	0.00680552
114	0.0795327	0.0041064	0.0953393	0.112232	0.00406098	0.0381831	0.0373424	0.0124269	0.134632	0.0235726	0.0175314	0.086471	0.00744461	0.0948759	0.110401	0.0791377	0.0424634	0.0115967	0.000245297	0.00840529
115	0.101463	0.0133717	0.01241	0.024499	0.00522079	0.0764068	0.019826	0.00984801	0.109903	0.0337422	0.00488717	0.117216	0.0388427	0.0406196	0.138072	0.175098	0.0443356	0.026188	0.00278776	0.00526254
116	0.0488652	0.00379142	0.314214	0.211122	0.0192434	0.0236301	0.0198041	0.0159627	0.0446706	0.0201578	0.00961181	0.0537029	0.00910986	0.0496535	0.0169296	0.0582843	0.0321788	0.0381725	0.00147235	0.00942363
117	0.0303304	0.00839209	0.00334947	0.00458084	0.18915	0.00163033	0.00484116	0.182699	0.00666954	0.305415	0.0734848	0.00426589	0.00382595	0.00696414	0.00512323	0.00842267	0.0142879	0.140437	0.00103346	0.00509669
118	0.0151347	0.0024811	0.116805	0.127333	0.0192567	0.0368355	0.0599926	0.0235297	0.157021	0.0581481	0.0105234	0.0150516	0.038484	0.102306	0.0912601	0.0417768	0.0108867	0.0319389	0.00063659	0.0405975
119	0.0731083	0.0115014	0.0392459	0.0563672	0.0254294	0.0251731	0.0780972	0.0126699	0.119445	0.0238594	0.0103201	0.0816491	0.00670479	0.0576513	0.138024	0.127889	0.0774856	0.0150876	0.00184458	0.0184472
120	0.0514674	0.0425696	0.0179132	0.0272581	0.00722273	0.0627766	0.0325908	0.0211512	0.08286	0.0647916	0.0132859	0.0479862	0.0084331	0.0780321	0.316464	0.0608751	0.0320115	0.0184321	0.00324357	0.0106357
121	0.072202	0.00586262	0.059374	0.0707083	0.00304103	0.0448792	0.0527295	0.00702211	0.16864	0.019239	0.0163507	0.0905474	0.00107336	0.111088	0.157655	0.0742686	0.0380837	0.00158676	9.30172e-05	0.00555648
122	0.0155633	0.0217187	0.0167328	0.0204484	0.0263606	0.0285267	0.202462	0.0232593	0.0388594	0.0176524	0.00732699	0.179184	0.00258132	0.0680108	0.075052	0.0364884	0.0265928	0.0457564	0.0369806	0.110443
123	0.00605017	0.00184327	0.001682	0.000952782	0.00940398	0.000531216	0.00432527	0.0459631	0.00714539	0.775042	0.0967918	0.00375361	0.00128834	0.0030087	0.00481962	0.0038507	0.00791547	0.0175624	0.00380132	0.00426843
124	0.0331486	0.0907957	0.0475739	0.00546902	0.0281355	0.00621338	0.0540485	0.0738063	0.0126194	0.00788498	0.0063586	0.104357	0.00362903	0.0867506	0.176574	0.100398	0.120382	0.031807	0.00269321	0.00735463
125	0.113213	0.0157624	0.142312	0.156584	0.00439672	0.0605251	0.0176094	0.0156912	0.0498448	0.0195251	0.0112015	0.0675432	0.00306131	0.0971933	0.0313991	0.0896721	0.0545591	0.0167643	0.000721767	0.0324206
126	0.283965	0.0348603	0.00842493	0.0127849	0.00400624	0.0295666	0.00611243	0.0188999	0.0123546	0.0118789	0.00670439	0.0189763	0.0113258	0.00871384	0.0102245	0.167306	0.305734	0.0445539	0.000719119	0.00288771
127	0.025747	0.00367435	0.000478832	0.00267141	0.0198438	0.000848172	0.00498827	0.253216	0.0082041	0.340241	0.114468	0.00137591	0.00113797	0.00735781	0.00352054	0.00328993	0.0111366	0.195743	0.000175623	0.00188114
128	0.0592699	0.00262141	0.13272	0.158477	0.01011	0.0332127	0.0272359	0.0215319	0.0911107	0.0439573	0.01204	0.0880076	0.00856558	0.0976103	0.0510233	0.0787886	0.0413235	0.0256548	0.000389956	0.0163491
129	0.0954441	0.00282962	0.151276	0.190877	0.00273109	0.0191567	0.01648	0.0203321	0.0627968	0.0258878	0.0132729	0.0837401	0.00296978	0.0652312	0.0418645	0.101506	0.0723704	0.0221663	0.000168151	0.008899
130	0.0092031	0.00185822	0.0023973	0.00245576	0.0102587	0.000691212	0.00537694	0.0610436	0.00971971	0.732587	0.0950273	0.00435695	0.0024726	0.00429136	0.00655432	0.00515504	0.00928858	0.0300008	0.00264761	0.00461386
131	0.0122009	0.00413875	0.00100832	0.00088867	0.0159354	0.000461384	0.00366552	0.112268	0.00561653	0.673857	0.0869574	0.00229505	0.00111544	0.00378481	0.00219382	0.00337946	0.00922576	0.0550546	0.00216728	0.00378555
132	0.0806953	0.00583128	0.0667822	0.0816092	0.0034738	0.0426524	0.0484876	0.00685488	0.153256	0.0196775	0.0147372	0.091935	0.00220225	0.104286	0.13443	0.0923179	0.0400556	0.00320318	9.91758e-05	0.00741363
133	0.00933299	0.00172256	0.00185878	0.00215668	0.00870695	0.00078069	0.00485879	0.0696789	0.0142091	0.694437	0.107907	0.00386997	0.0018635	0.0108308	0.00542819	0.00608161	0.00791859	0.0424886	0.00227033	0.003599
134	0.0659923	0.00895475	0.0520479	0.0483095	0.00398131	0.0802103	0.035494	0.00813272	0.185525	0.0264133	0.0108579	0.0973433	0.00537197	0.0721778	0.153657	0.10072	0.0310909	0.0074426	0.000795204	0.00548236
135	0.0215713	0.0163513	0.000716662	0.00690356	0.0063111	0.00137821	0.00318221	0.344734	0.00362559	0.0710057	0.0234558	0.00290893	0.000659087	0.00699368	0.00160852	0.00454352	0.0105742	0.471412	0.000206709	0.00185831
136	0.0257877	0.0160594	0.000512158	0.000983845	0.00427164	0.00146571	0.00292976	0.2782	0.001979	0.0475184	0.0098093	0.00113246	0.000513102	0.00231842	0.000714434	0.00280936	0.00590263	0.595999	0.000190383	0.000903186
137	0.0356451	0.00680315	0.0194264	0.0261679	0.00391405	0.0136647	0.00917994	0.00990875	0.0163839	0.0167247	0.0045019	0.00931786	0.668206	0.0219991	0.0122614	0.0841568	0.0169977	0.0207025	0.00124076	0.00279749
138	0.0039772	0.0033836	0.000706641	0.000622486	0.00421687	0.000621935	0.00144637	0.615318	0.00210146	0.0625807	0.00970532	0.00125387	0.000424004	0.00186185	0.00107131	0.00186956	0.00264672	0.285375	0.000218112	0.000598614
139	0.0100419	0.0130179	0.000374297	0.00057266	0.012087	0.000546663	0.0019954	0.398141	0.00251075	0.10718	0.0211436	0.00116398	0.000385442	0.00247457	0.000690633	0.00209597	0.00557798	0.417328	0.000108982	0.00256323
140	0.0588494	0.0119316	0.0640456	0.040835	0.00675124	0.028119	0.026336	0.0174367	0.0513907	0.0183736	0.00777873	0.262822	0.00813618	0.0354996	0.055301	0.117404	0.152299	0.0211829	0.00334507	0.0121624
141	0.168248	0.0121237	0.0551034	0.184012	0.00584964	0.148614	0.0178993	0.0165585	0.0290239	0.00963089	0.00178588	0.0262236	0.016005	0.0254268	0.0180312	0.191222	0.0612162	0.0101737	0.000508259	0.00234383
142	0.0552985	0.0109396	0.101363	0.0572242	0.0121345	0.0496315	0.0409124	0.0190907	0.0686921	0.028676	0.0103858	0.262958	0.0079719	0.0449783	0.0610146	0.0806986	0.0459913	0.0216913	0.00321159	0.0171365
143	0.0358757	0.00380547	0.386024	0.152302	0.00619058	0.039162	0.0259687	0.00732559	0.0471495	0.010896	0.00514464	0.0955983	0.00937892	0.0495032	0.0190294	0.0569581	0.0314897	0.00964928	0.00113284	0.00741638
144	0.325702	0.0424057	0.00968254	0.0154769	0.00914054	0.0223579	0.00931291	0.0637792	0.0153448	0.0378041	0.0161177	0.043112	0.0131216	0.0120301	0.0141463	0.0931674	0.0670672	0.18183	0.00133758	0.00706423
145	0.00985197	0.00860779	0.000831337	0.00797298	0.00525968	0.000739473	0.00213256	0.354428	0.00275319	0.0667506	0.0200419	0.00227768	0.000454614	0.00410556	0.000938799	0.00397488	0.0130604	0.495014	0.000143328	0.000661317
146	0.254048	0.0651075	0.0038933	0.00877969	0.00265511	0.0175427	0.00553965	0.0891667	0.00670797	0.0235887	0.0222393	0.0128594	0.0120514	0.00567768	0.00863031	0.151293	0.116485	0.191074	0.000501776	0.0021586
147	0.100006	0.00645267	0.0630501	0.0966376	0.0052463	0.0247813	0.0298443	0.0309757	0.0451747	0.0365106	0.00532455	0.0193298	0.223256	0.0650964	0.0302598	0.129589	0.0492988	0.0358553	0.000380992	0.0029295
148	0.0562027	0.00584983	0.197639	0.0981178	0.00575991	0.037644	0.0538966	0.00815599	0.0842932	0.0130858	0.00993361	0.126207	0.00499812	0.0792965	0.0757703	0.0605173	0.0530134	0.00776502	0.00167834	0.0201756
149	0.0145051	0.00197858	0.122783	0.134875	0.018033	0.0398201	0.0521469	0.0213443	0.149834	0.0571988	0.00945818	0.0196153	0.039789	0.114066	0.0836976	0.0459939	0.00871719	0.0299887	0.000475831	0.035679
150	0.0198761	0.00159909	0.448676	0.162177	0.00640996	0.0314919	0.0305569	0.000653142	0.0457824	0.00224966	0.00213573	0.110592	0.0123815	0.049004	0.00783948	0.0380557	0.0226258	0.00118964	0.000136937	0.0065673
151	0.0547345	0.0056068	0.0150954	0.0224278	0.0667245	0.00418378	0.0149063	0.0831235	0.0252566	0.28395	0.0594377	0.0212666	0.0360555	0.0267704	0.0191548	0.0440376	0.0291734	0.164473	0.00653148	0.0170909
152	0.198651	0.00928699	0.0327353	0.0817531	0.0100637	0.135647	0.026706	0.0306825	0.0337041	0.0137998	0.000966947	0.025682	0.0348093	0.0336747	0.0220072	0.24765	0.0430828	0.0178054	0.000337188	0.000954107
153	0.178525	0.00954063	0.0392726	0.0745872	0.00946434	0.154094	0.0230653	0.0333704	0.0515356	0.0157352	0.00215727	0.0258783	0.0401676	0.0414064	0.0236618	0.213208	0.0370696	0.0238671	0.000621073	0.00277243
154	0.0277622	0.0647466	0.00785349	0.0121031	0.00710735	0.0557722	0.0515992	0.0374259	0.0711054	0.0264611	0.0320998	0.0569992	0.0632498	0.0351985	0.088813	0.166349	0.136734	0.0148995	0.0365613	0.00715881
155	0.083259	0.0059834	0.27196	0.139133	0.00903277	0.0364991	0.0216641	0.014118	0.0542675	0.0217277	0.010887	0.0812402	0.0115227	0.0527221	0.0300268	0.0861119	0.0395712	0.0196694	0.00116506	0.00943877
156	0.0551178	0.00933453	0.0911642	0.0602295	0.00777473	0.0462023	0.0340455	0.0136381	0.122861	0.0176705	0.00968304	0.223924	0.0101592	0.0567161	0.0955839	0.0759984	0.0398974	0.0160096	0.00356555	0.0104242
157	0.0344863	0.00428339	0.411245	0.147381	0.00569626	0.0404033	0.0260543	0.00423763	0.0458254	0.00677447	0.00430603	0.101414	0.010009	0.0473987	0.0172693	0.0517585	0.0271662	0.00664504	0.00101997	0.00662651
158	0.171627	0.0133738	0.0363158	0.0421033	0.00747901	0.0501777	0.0137953	0.0223545	0.0423244	0.0202593	0.00794231	0.0493074	0.0156738	0.0499902	0.0261898	0.29111	0.104268	0.0261488	0.00184343	0.00771651
159	0.0170401	0.00516381	0.00139009	0.00268171	0.0163559	0.00115496	0.00478186	0.146535	0.00809947	0.576217	0.0803293	0.00367214	0.00206315	0.00549108	0.00748259	0.00587781	0.0130638	0.0965467	0.001841	0.00421182
160	0.634156	0.0165659	0.00211227	0.00300067	0.00101551	0.0236455	0.00259888	0.00439045	0.00475413	0.00392425	0.00361592	0.00350202	0.00683657	0.00659057	0.00628575	0.232232	0.0184844	0.0191879	0.0018157	0.00528539
161	0.786263	0.00416635	0.000539189	0.000557781	0.000478289	0.0434849	0.00159242	0.00195883	0.00108331	0.00130111	0.00224731	0.00241441	0.00225549	0.00151875	0.00340031	0.10576	0.0246494	0.0148176	0.00107374	0.000437769
162	0.0177259	0.00240256	0.00465531	0.0254217	0.0141729	0.00291072	0.0152917	0.0674844	0.0351063	0.454496	0.0842155	0.019565	0.00561806	0.0129571	0.119907	0.012749	0.0341872	0.0642388	0.0019738	0.00492144
163	0.0484506	0.0473593	0.00147606	0.0024058	0.0345077	0.00194422	0.00644722	0.236427	0.0091289	0.314964	0.0609776	0.0055769	0.00196159	0.00430957	0.00515799	0.0131515	0.0381892	0.152759	0.000680192	0.014125
164	0.767336	0.00526983	0.000542921	0.000564083	0.000504572	0.0453685	0.00171437	0.00199186	0.00126862	0.00145075	0.00231647	0.00236714	0.00256802	0.00181315	0.00335409	0.121835	0.0239571	0.0136964	0.00129022	0.000790736
165	0.147167	0.0393107	0.00669431	0.0189114	0.00873188	0.0620652	0.0147114	0.10425	0.0805699	0.0719481	0.0416084	0.0219076	0.00508242	0.0554901	0.064301	0.0721877	0.05335	0.11819	0.00111746	0.0124049
166	0.115021	0.00542431	0.0908607	0.184813	0.00559872	0.0460244	0.0473826	0.0168001	0.0700242	0.0184108	0.00985824	0.0566966	0.0127362	0.070562	0.0529425	0.113969	0.0590708	0.0161844	0.000670644	0.00694979
167	0.0317868	0.0117636	0.00046335	0.00156194	0.0345768	0.000827784	0.00374043	0.257578	0.00522838	0.374373	0.102839	0.00220403	0.000874043	0.00509286	0.00298194	0.00372337	0.0214222	0.134584	0.000365749	0.00401283
168	0.0743359	0.00558299	0.0629306	0.0750455	0.00325065	0.044849	0.0505887	0.00680959	0.165723	0.0191221	0.015893	0.0910016	0.00120199	0.109598	0.150149	0.0771416	0.0389057	0.00187288	8.79147e-05	0.00591047
169	0.401225	0.0915856	0.00099898	0.00322925	0.00112539	0.0162257	0.00457164	0.0426785	0.00283852	0.0187086	0.0115859	0.00874956	0.010636	0.00238624	0.00304424	0.14676	0.103231	0.128632	0.000408981	0.00137912
170	0.0199253	0.00160521	0.44896	0.160735	0.00641323	0.0315698	0.0306909	0.000683993	0.0458655	0.00227059	0.0021319	0.11108	0.0123763	0.0492799	0.00786237	0.0379698	0.022633	0.00120341	0.000137131	0.00660631
171	0.0229289	0.00414174	0.00620889	0.0186086	0.019673	0.00236236	0.00925101	0.0995916	0.0242698	0.479734	0.0806951	0.0130408	0.00545343	0.0128956	0.0643971	0.0139435	0.0258657	0.0890075	0.0021015	0.00582981
172	0.023406	0.0159726	0.00167133	0.00230611	0.0217961	0.00105918	0.00518187	0.154617	0.0081947	0.541994	0.0820664	0.00368281	0.00213538	0.0055672	0.00406418	0.0079713	0.0180546	0.0919476	0.00177367	0.0065381
173	0.00601942	0.00365412	0.000591063	0.00100226	0.00617503	0.000766141	0.00270492	0.465202	0.0051323	0.164069	0.0523854	0.00101205	0.000707349	0.00563788	0.00290465	0.00331054	0.008349	0.269301	0.00017513	0.000901085
174	0.0282295	0.00558089	0.000350039	0.00149884	0.0317589	0.000815483	0.00366935	0.217694	0.00430221	0.434177	0.10673	0.00149607	0.000899954	0.00468855	0.00258059	0.00248639	0.0167533	0.133885	0.000487345	0.00191581
175	0.00535512	0.0011822	0.00179988	0.000585633	0.00768725	0.000427048	0.00459757	0.0417273	0.00731214	0.794741	0.0942022	0.0032764	0.00142667	0.00269895	0.00191129	0.00363264	0.00621994	0.0140791	0.00287966	0.00425793
176	0.0688837	0.0140631	0.01819	0.01199	0.0040582	0.0302081	0.00936467	0.0129798	0.0192014	0.0122711	0.00319342	0.0430857	0.0166032	0.0129085	0.0213478	0.265075	0.407717	0.0192905	0.00196437	0.00760453
177	0.0210987	0.00771048	0.403012	0.0747996	0.00463622	0.0581219	0.0198816	0.00380693	0.0396664	0.00756789	0.00354244	0.19305	0.00735631	0.0293138	0.0187316	0.0732512	0.0209606	0.00476841	0.00259231	0.00613187
178	0.0237037	0.0118818	0.0018146	0.00652486	0.00880804	0.00187917	0.00383443	0.32774	0.00590027	0.0845902	0.0218802	0.00353274	0.00150993	0.00513011	0.00334952	0.00834275	0.012225	0.46488	0.000349151	0.00212324
179	0.0197596	0.00160267	0.449752	0.160736	0.00642615	0.0315028	0.030629	0.000641621	0.0457689	0.00221718	0.00212174	0.111093	0.012414	0.0491792	0.00783531	0.0378858	0.022553	0.00115535	0.000136899	0.00658933
180	0.0182623	0.00187646	0.0047094	0.0029115	0.00332063	0.902182	0.00259792	0.00146498	0.00334819	0.00170001	0.000685373	0.00598413	0.0020802	0.00339937	0.00481669	0.029025	0.00850749	0.00161434	0.00037335	0.00114034
181	0.0249933	0.00494696	0.000350116	0.00176493	0.019242	0.0011209	0.00573941	0.249586	0.00715453	0.371796	0.0869429	0.00131282	0.00124105	0.00585319	0.00283021	0.00246659	0.0111994	0.199117	0.000254786	0.00208763
182	0.028561	0.00450918	0.00395957	0.00463523	0.301487	0.00423517	0.0488875	0.00562958	0.007704	0.0106159	0.00342978	0.0305143	0.0023675	0.0182018	0.0211008	0.0111913	0.0467394	0.00704064	0.00255995	0.43663
183	0.0426878	0.00489778	0.11807	0.00760064	0.00473622	0.00995912	0.0100213	0.00851558	0.0190474	0.010343	0.00446447	0.196921	0.0027939	0.00883564	0.026508	0.168471	0.338401	0.0104932	0.00144193	0.00579059
184	0.144473	0.0751301	0.0071966	0.00744651	0.0035418	0.17403	0.00801552	0.0303977	0.0926713	0.0556544	0.00805753	0.0735479	0.00694884	0.016633	0.137654	0.0995703	0.038254	0.0139229	0.00227646	0.00457817
185	0.0380917	0.00681313	0.0217166	0.0271068	0.00436509	0.00738472	0.00921797	0.0117902	0.0159775	0.0207894	0.00583479	0.0119087	0.653593	0.0223249	0.0126979	0.0839453	0.0185232	0.0239933	0.00116551	0.00276045
186	0.0454433	0.00704308	0.0138678	0.0248658	0.0034613	0.0160422	0.0103043	0.0086056	0.0185491	0.0129896	0.00282653	0.0099708	0.635526	0.0211097	0.0143594	0.115093	0.0186292	0.0167	0.00176254	0.00285056
187	0.0756226	0.0180999	0.0509157	0.00433869	0.00713525	0.201836	0.00453797	0.00473724	0.0821085	0.0070594	0.00178064	0.105968	0.0123249	0.00578408	0.00836258	0.319441	0.0663125	0.00572535	0.0121716	0.00573843
188	0.0799567	0.00264294	0.149436	0.187097	0.00271252	0.0219431	0.0203008	0.0181175	0.0688673	0.0270465	0.0135569	0.0822271	0.0027027	0.0926866	0.0399265	0.0989462	0.0632867	0.0198016	0.000190567	0.00855426
189	0.0523116	0.00809937	0.0802414	0.108442	0.00265068	0.00433937	0.0300608	0.0152593	0.0580221	0.0411873	0.00482577	0.0143071	0.310497	0.0682693	0.0378421	0.105715	0.0277275	0.0264059	0.000681737	0.00311495
190	0.0181109	0.00474994	0.106064	0.0347389	0.00380637	0.316427	0.0418165	0.00362279	0.0889837	0.0070905	0.00465732	0.145318	0.00143033	0.0710404	0.0544168	0.065751	0.0202207	0.00388116	0.00225237	0.00562125
191	0.508239	0.0235122	0.000931774	0.00122198	0.000849798	0.0158034	0.00269239	0.00332281	0.0037913	0.00497046	0.00237541	0.00195064	0.0111765	0.00349137	0.00517811	0.368682	0.0124143	0.0164577	0.00214056	0.0107974
