235	20
1	0.0672086	0.0359759	0.00538888	0.00359715	0.00656416	0.00635696	0.00582532	0.235582	0.00212837	0.0814135	0.018175	0.00586342	0.00485317	0.00803412	0.00692396	0.0268924	0.0330873	0.442723	0.00119592	0.00221048
2	0.0183429	0.0228293	0.00242963	0.00237436	0.0205552	0.00241402	0.00500875	0.241178	0.00196126	0.359747	0.0751815	0.00907923	0.00250593	0.0071695	0.00304966	0.0114898	0.0154994	0.196606	0.00105256	0.00152615
3	0.0447192	0.0196978	0.0128552	0.0137124	0.0824795	0.0200841	0.0217678	0.129969	0.0175956	0.221733	0.0481255	0.0245025	0.00676872	0.0216126	0.0171601	0.082771	0.0373888	0.0868361	0.0438933	0.0463287
4	0.195287	0.0149755	0.0441865	0.0504515	0.00462568	0.0781982	0.0201755	0.00567255	0.0326195	0.0155567	0.00749557	0.0690495	0.00482001	0.0420147	0.0160814	0.305271	0.0702622	0.0186057	0.000524613	0.004127
5	0.129206	0.0294927	0.00611589	0.00796808	0.00501066	0.0146426	0.00932312	0.108239	0.00149895	0.0707695	0.0185831	0.0126404	0.00160734	0.0185936	0.00925007	0.0707906	0.0563479	0.425457	0.000385966	0.00407711
6	0.125747	0.0308805	0.00608024	0.00829316	0.00525529	0.0155973	0.00871579	0.102683	0.00154234	0.0693125	0.0195439	0.0128447	0.00139521	0.019473	0.0101443	0.0750575	0.060487	0.422543	0.000349451	0.00405446
7	0.0810822	0.0206462	0.0542212	0.0314774	0.00752823	0.0142265	0.0159015	0.187934	0.018182	0.069069	0.0207841	0.0249388	0.0111949	0.0267855	0.0191391	0.0476639	0.0481509	0.293267	0.00168858	0.00611854
8	0.0715306	0.00813588	0.0379783	0.0238421	0.00676799	0.0258425	0.243349	0.0115743	0.0192575	0.0291277	0.0110131	0.181964	0.00359644	0.0259989	0.0161594	0.133069	0.118	0.0213759	0.00144121	0.00997653
9	0.0188573	0.00317694	0.00235117	0.00273847	0.291757	0.00362075	0.0114269	0.00389614	0.00290802	0.015124	0.00565667	0.0045872	0.000986531	0.0112745	0.00320218	0.00640554	0.00472712	0.00386969	0.00358393	0.59985
10	0.105174	0.00957673	0.0276568	0.0522645	0.00326685	0.0571725	0.0455269	0.00867187	0.0475959	0.0161539	0.0131204	0.241614	0.00260975	0.0513608	0.0340916	0.176617	0.0945989	0.00823568	0.000343166	0.00434853
11	0.0397208	0.00210562	0.0384303	0.0539241	0.00121879	0.029631	0.045205	0.00343137	0.280233	0.0118445	0.00587518	0.0658294	0.0053061	0.107519	0.182334	0.0604754	0.0343123	0.0274976	0.000182314	0.00492461
12	0.0116998	0.0026476	0.00661659	0.00456844	0.000829511	0.0121019	0.0196069	0.00372678	0.489045	0.0176367	0.00403132	0.0384001	0.0049609	0.0366131	0.283411	0.0213338	0.0142599	0.00653728	0.00312862	0.0188445
13	0.0295731	0.0101302	0.0270777	0.0337051	0.00557348	0.0252274	0.0316346	0.0184759	0.302723	0.0279337	0.00837534	0.0465418	0.0161743	0.0617698	0.228248	0.0452108	0.0312788	0.0274142	0.00201278	0.0209203
14	0.127201	0.0645906	0.0078085	0.00853652	0.00578428	0.0128488	0.0117651	0.116551	0.00351387	0.0689572	0.0161189	0.014607	0.00348095	0.0155593	0.00887234	0.0652329	0.058757	0.384123	0.000923783	0.00476787
15	0.0882947	0.0303711	0.00509149	0.00473914	0.00411094	0.00725349	0.00591286	0.213546	0.00150239	0.117696	0.0198059	0.0077968	0.00457256	0.00974919	0.00630641	0.0320033	0.0273719	0.409183	0.00162054	0.00307213
16	0.0419718	0.00878538	0.0505553	0.0778389	0.00842647	0.509621	0.0203559	0.00998491	0.059667	0.0180495	0.00641495	0.0468614	0.00425499	0.0221726	0.0130081	0.0524583	0.0244599	0.0163271	0.00164632	0.00714063
17	0.0302766	0.017378	0.00355986	0.000619395	0.00338	0.00201535	0.000794694	0.352529	0.000596954	0.0884732	0.0236775	0.000897792	0.00886192	0.00207086	0.00487485	0.00161394	0.0172219	0.439398	0.00151631	0.000244758
18	0.00958034	0.0124478	0.00107065	0.00135709	0.0217091	0.00124126	0.00293492	0.24346	0.00127423	0.410862	0.0879096	0.00812443	0.00094619	0.00556448	0.00116296	0.00728773	0.01105	0.170189	0.000697701	0.00113077
19	0.0190761	0.0129383	0.00728793	0.0100535	0.0345115	0.00438047	0.00999681	0.19814	0.00707978	0.376428	0.0801469	0.0128549	0.00209897	0.0104335	0.00687106	0.0182396	0.0189669	0.156596	0.00170263	0.0121974
20	0.0374707	0.00946372	0.0575388	0.0810141	0.00823987	0.504767	0.0195616	0.00953272	0.0618622	0.0171656	0.00668678	0.04647	0.00892409	0.023422	0.0126132	0.0511687	0.0211916	0.0144544	0.00163774	0.00681524
21	0.0297307	0.00876913	0.0256198	0.0503917	0.00200492	0.011597	0.0154215	0.103832	0.0435088	0.0317099	0.0039858	0.0251318	0.00116956	0.0485268	0.0692434	0.134601	0.210083	0.182559	0.00068062	0.00143324
22	0.0330432	0.0215115	0.00319812	0.00133443	0.00404776	0.0028528	0.00145466	0.344678	0.000956373	0.129018	0.0296268	0.00247884	0.00821743	0.00225044	0.0044528	0.00327671	0.0184428	0.385435	0.00314609	0.000578314
23	0.0312536	0.00173483	0.108266	0.08936	0.00310554	0.0247992	0.0504469	0.00948426	0.206549	0.0199834	0.0049842	0.106418	0.00359428	0.0902225	0.134437	0.0568105	0.0338126	0.0206026	0.000302908	0.00383271
24	0.0280967	0.016179	0.00395223	0.000573694	0.00398215	0.00171374	0.000672927	0.346612	0.000561503	0.0752457	0.0190629	0.000765876	0.00767036	0.00220241	0.00468938	0.00138615	0.0161031	0.469199	0.00110546	0.000226326
25	0.197377	0.00337859	0.00403255	0.00395571	0.0102164	0.0248511	0.0462042	0.0173123	0.011574	0.0671459	0.0224936	0.094934	0.00407176	0.00488728	0.00977365	0.183248	0.23529	0.049482	0.000748975	0.00902207
26	0.009473	0.0129403	0.00107287	0.0011338	0.0206087	0.00103293	0.0026597	0.244826	0.00118836	0.407492	0.0864447	0.00794966	0.00103102	0.00545733	0.00110477	0.00675712	0.0106096	0.176844	0.000739429	0.000635136
27	0.0830721	0.00878065	0.0151344	0.0243753	0.00663904	0.011658	0.0148931	0.115667	0.0253661	0.0423371	0.0115626	0.017377	0.308653	0.0400427	0.0251089	0.0812616	0.0443618	0.118558	0.00118923	0.00396139
28	0.0320284	0.0123401	0.0123237	0.0148614	0.305191	0.0146422	0.0254492	0.0296953	0.0111731	0.090092	0.0559096	0.0173372	0.00213286	0.0165123	0.0107907	0.0281697	0.0180876	0.0305889	0.0148175	0.257857
29	0.0174238	0.00134287	0.213882	0.495401	0.00328604	0.0221045	0.00925847	0.0174913	0.00997222	0.0224269	0.00188119	0.0238058	0.0304521	0.0490858	0.0116179	0.0313239	0.0274222	0.010389	0.000448656	0.000984516
30	0.0301355	0.00198998	0.162949	0.444069	0.00354134	0.0365274	0.0113906	0.0130716	0.0227951	0.0300323	0.00401673	0.041822	0.0143693	0.0678591	0.022459	0.0468358	0.0303272	0.0138591	0.000444316	0.00150523
31	0.0222169	0.00131065	0.19235	0.48134	0.00316584	0.029938	0.00919407	0.0137412	0.012127	0.025294	0.00177304	0.0328696	0.0197203	0.0607786	0.0158698	0.0390252	0.0277699	0.00998327	0.000359932	0.00117322
32	0.0102063	0.00296024	0.222449	0.44704	0.00512334	0.00490625	0.0138622	0.039383	0.0176687	0.020903	0.00339185	0.00719098	0.082438	0.022215	0.00584725	0.0244956	0.0467428	0.0204114	0.000776631	0.00198848
33	0.00958466	0.00293996	0.00463423	0.0014913	0.000838173	0.0107496	0.0184829	0.0039047	0.498211	0.0185608	0.00405074	0.0365574	0.00439475	0.03224	0.293494	0.0181235	0.0129519	0.00535576	0.00333689	0.020097
34	0.0118593	0.00295967	0.347994	0.0427303	0.00270485	0.0159872	0.0134604	0.011133	0.013518	0.00840268	0.00454639	0.371066	0.00190171	0.0760603	0.00984532	0.0483775	0.00774188	0.00664075	0.000827715	0.00224286
35	0.0897741	0.00434671	0.00494511	0.0179301	0.00114624	0.0117806	0.00981258	0.00721429	0.0374577	0.0144239	0.00436873	0.0125571	0.530411	0.0511289	0.0300479	0.119605	0.0420668	0.0100632	0.000225794	0.000693926
36	0.0388323	0.00277567	0.181227	0.052077	0.00325249	0.0735701	0.0278788	0.0113368	0.0583969	0.0151243	0.00781426	0.203612	0.0101596	0.0163894	0.0428004	0.187705	0.0561782	0.00758	0.000629216	0.00266099
37	0.0447746	0.013075	0.00417788	0.00549882	0.00687749	0.0207398	0.00465483	0.195628	0.00274907	0.0376908	0.0297136	0.0068696	0.00205064	0.0102872	0.0142848	0.0516365	0.0825985	0.464422	0.000669657	0.00160097
38	0.0446358	0.0239714	0.00625847	0.00542561	0.329056	0.0315539	0.0261169	0.0234993	0.0150517	0.0605486	0.0459736	0.026143	0.00252852	0.00944655	0.0161591	0.0391883	0.0138427	0.0100945	0.0680055	0.2025
39	0.0178814	0.00297176	0.00255989	0.00277597	0.290642	0.0032448	0.0106562	0.00377186	0.00290612	0.0141897	0.00497939	0.00440496	0.000959414	0.0109176	0.00303202	0.00610278	0.00482359	0.00381914	0.00320676	0.606155
40	0.0117719	0.00943486	0.00469838	0.00580382	0.173531	0.00281661	0.0163978	0.136219	0.00512046	0.309978	0.124413	0.00789787	0.000897941	0.0133435	0.00392418	0.0220571	0.011202	0.122519	0.0017672	0.0162072
41	0.0373935	0.00550929	0.229419	0.176722	0.0074159	0.0358085	0.0240237	0.0218203	0.0421312	0.0306571	0.00979691	0.136723	0.011584	0.0628348	0.03042	0.0706211	0.0377177	0.0238287	0.00110536	0.00446815
42	0.0360029	0.00649715	0.0638612	0.0502503	0.0144207	0.0230469	0.151746	0.0226341	0.041339	0.0721392	0.0504928	0.0835414	0.00668576	0.111517	0.0492767	0.054447	0.117639	0.0272115	0.0015916	0.0156597
43	0.015017	0.00257714	0.307878	0.0294427	0.00279057	0.0303318	0.0156769	0.0275557	0.0220505	0.0132586	0.0070293	0.320233	0.00320102	0.0435448	0.0147423	0.120659	0.0143219	0.00663563	0.000889754	0.0021645
44	0.0176551	0.00291575	0.00236775	0.00266684	0.291089	0.00308198	0.0106778	0.00359952	0.00276862	0.0138977	0.00475791	0.00438746	0.000918122	0.0109036	0.00303142	0.00592082	0.00452136	0.00382478	0.00318005	0.607834
45	0.0325409	0.0127492	0.003332	0.00490806	0.018318	0.003537	0.0319719	0.207356	0.0052065	0.362816	0.0777308	0.0303558	0.00242018	0.00724837	0.00326366	0.0140188	0.0124807	0.165625	0.00113319	0.00298735
46	0.0312526	0.00105903	0.164844	0.463947	0.00229234	0.0404237	0.00752593	0.00641086	0.0156379	0.0292774	0.00174063	0.0474606	0.00181622	0.0770964	0.0238704	0.0494252	0.0259361	0.00893847	0.000277159	0.000768613
47	0.128663	0.016872	0.00450934	0.0438083	0.00171576	0.0632602	0.0373003	0.00399827	0.0234499	0.00645808	0.00531741	0.281235	0.00120052	0.0342251	0.0149266	0.230808	0.0959798	0.00448109	0.000459872	0.00133142
48	0.0112564	0.0111615	0.00194519	0.00440611	0.0304741	0.00173322	0.00575925	0.214684	0.00353969	0.415468	0.0957007	0.00913847	0.000675579	0.00762794	0.00238731	0.01236	0.0126537	0.153889	0.000615642	0.00452488
49	0.0559255	0.0160328	0.00552268	0.00501296	0.299049	0.0415182	0.0282045	0.0275181	0.0185366	0.0768056	0.0604643	0.0342532	0.00168163	0.0070005	0.0205465	0.048476	0.012845	0.00857529	0.0418506	0.190181
50	0.118156	0.0065891	0.131849	0.125065	0.0081864	0.0867132	0.0228065	0.0040356	0.0335594	0.0217702	0.0104719	0.0937691	0.00108685	0.058364	0.0251419	0.17124	0.0549764	0.019986	0.000158754	0.00607463
51	0.0134847	0.0107566	0.00331379	0.00481847	0.0355989	0.00244269	0.00739219	0.196608	0.00462992	0.417336	0.097146	0.00921437	0.00128479	0.0079428	0.00461688	0.015937	0.0161664	0.138051	0.00111712	0.0121425
52	0.0702797	0.0489989	0.0109861	0.0109118	0.241646	0.0191233	0.0942686	0.0586005	0.0156455	0.0935386	0.0345574	0.022889	0.00723956	0.0188266	0.0179223	0.0763834	0.0653864	0.0354311	0.012885	0.0444796
53	0.00998993	0.0138252	0.00441323	0.00224934	0.00119443	0.00992348	0.0246001	0.00539101	0.434715	0.0168104	0.00392459	0.0346889	0.00323905	0.0431488	0.317872	0.0165813	0.0133066	0.00621473	0.00294287	0.0349696
54	0.0124679	0.00537228	0.00847712	0.00758045	0.000941807	0.0118608	0.0217661	0.00410358	0.461904	0.0178607	0.00439968	0.0385315	0.00393563	0.0433141	0.290169	0.0213896	0.0146165	0.00748509	0.00313298	0.0206912
55	0.0281085	0.0168068	0.00403748	0.000610446	0.0042037	0.00179813	0.000675236	0.337256	0.000595577	0.0720201	0.0179617	0.000787294	0.00737876	0.0023474	0.00458351	0.00152818	0.0161532	0.48182	0.00106607	0.000262822
56	0.143863	0.00710317	0.0101616	0.0144583	0.00736317	0.0270848	0.0868744	0.0119695	0.0160085	0.050429	0.013111	0.219237	0.00266416	0.0143377	0.0116577	0.166239	0.158339	0.0316991	0.000819862	0.00657971
57	0.255062	0.00720539	0.00715274	0.0074361	0.0182401	0.0112337	0.0388766	0.0622317	0.0108586	0.033796	0.00827826	0.0247592	0.102286	0.0305256	0.027038	0.155249	0.153358	0.0394308	0.00185812	0.00512337
58	0.00954602	0.00296475	0.00480083	0.00156842	0.000830131	0.0106812	0.0181846	0.00384317	0.499434	0.0186591	0.00413007	0.0367813	0.00437509	0.0327343	0.292372	0.0182577	0.0126653	0.00526367	0.00341051	0.0194973
59	0.0547952	0.0134296	0.0547659	0.129386	0.0222723	0.0174711	0.0214518	0.0791476	0.0334258	0.141564	0.0316511	0.0304357	0.00668069	0.0431322	0.0261952	0.0478212	0.045962	0.182341	0.00131733	0.0167547
60	0.00983226	0.00469498	0.00446111	0.00178418	0.000842002	0.0105266	0.0205953	0.00435877	0.488392	0.0177705	0.00377143	0.0360614	0.00404954	0.0328015	0.295848	0.0179243	0.0136815	0.00634213	0.00303329	0.0232287
61	0.0289616	0.0149715	0.00363077	0.000698968	0.00269233	0.00267579	0.000937381	0.379353	0.000644929	0.0996067	0.0302828	0.00127527	0.0115179	0.00176962	0.00611441	0.00196604	0.0186032	0.392554	0.00149707	0.000246338
62	0.0290986	0.0177598	0.00390501	0.000633482	0.0040281	0.00160004	0.00072439	0.332801	0.000605999	0.075591	0.0185453	0.000850346	0.00738769	0.00236985	0.00425587	0.00143621	0.015852	0.481104	0.00120093	0.000250392
63	0.0351158	0.00887824	0.0476636	0.0711827	0.00485224	0.559191	0.0195764	0.00851019	0.0657256	0.0136304	0.00540113	0.0413965	0.00291304	0.0195302	0.0117661	0.0476937	0.0182903	0.0123361	0.00119403	0.00515291
64	0.0453252	0.0222303	0.0071736	0.00648607	0.32406	0.0306248	0.0268145	0.0260102	0.0155483	0.0693804	0.0488195	0.026082	0.00263202	0.0104496	0.0163914	0.0418291	0.0154879	0.0113879	0.0708639	0.182403
65	0.0215249	0.00549058	0.00599959	0.00631141	0.268321	0.00626408	0.0140035	0.007518	0.0100327	0.0265467	0.00986937	0.00948768	0.00139001	0.0139823	0.00783398	0.0120697	0.00803262	0.00942658	0.0045615	0.551334
66	0.0826007	0.0139194	0.0199877	0.0185302	0.00774131	0.028218	0.0824148	0.018703	0.0184228	0.035185	0.0106873	0.0887484	0.00589294	0.0193211	0.01349	0.296611	0.194552	0.0374361	0.0013805	0.0061582
67	0.14596	0.0231327	0.00760029	0.00836537	0.00284148	0.0278422	0.015114	0.00708743	0.00710049	0.0169486	0.00635263	0.0427373	0.00528546	0.0108423	0.0046339	0.365013	0.268444	0.031741	0.000646688	0.002311
68	0.0875128	0.0111332	0.0543718	0.0616508	0.00981691	0.320216	0.0227465	0.00997615	0.0468915	0.0190084	0.00930369	0.0650001	0.0093827	0.0289645	0.016712	0.150943	0.0457376	0.0204623	0.00175437	0.00841549
69	0.0930059	0.0050402	0.00600327	0.0183722	0.00112678	0.0155072	0.0100252	0.00661799	0.0392009	0.0147073	0.00437073	0.0142892	0.506792	0.0488735	0.0280991	0.134752	0.0419561	0.01002	0.000261565	0.000978718
70	0.0390733	0.00139135	0.0363318	0.0546819	0.00140622	0.0263864	0.0456107	0.00338356	0.283488	0.0115392	0.00584034	0.0601418	0.0039444	0.110303	0.190233	0.0601239	0.035114	0.0255862	0.000246317	0.00517488
71	0.00790518	0.0122045	0.00104136	0.00121917	0.0317788	0.00103385	0.00307881	0.238816	0.00118547	0.415211	0.0923084	0.00859835	0.000518187	0.0057803	0.000858206	0.00722901	0.0101776	0.159752	0.000625737	0.000677831
72	0.0140025	0.0792179	0.00686256	0.00691704	0.00511187	0.0100337	0.0405368	0.0181173	0.270991	0.01554	0.00548577	0.0422805	0.00324722	0.0965467	0.257557	0.0163564	0.0204836	0.0119455	0.00208837	0.0766788
73	0.0884824	0.00433972	0.00484459	0.0183702	0.000946201	0.0118953	0.00976962	0.00649789	0.0381693	0.0142157	0.00450337	0.0124059	0.533581	0.0507085	0.0293625	0.1199	0.0413436	0.00978483	0.000226202	0.000652927
74	0.130289	0.0174268	0.00410231	0.0411767	0.00173914	0.0607809	0.0392001	0.004126	0.0226584	0.00756171	0.00529773	0.286355	0.00118278	0.0323747	0.0146126	0.225904	0.0977322	0.00550174	0.000576455	0.00140221
75	0.032485	0.00492551	0.247697	0.195042	0.00682719	0.0344862	0.0214146	0.0204066	0.0354253	0.0252806	0.00850516	0.146585	0.0175197	0.0544292	0.0266188	0.0676771	0.0310479	0.0183999	0.00124395	0.0039835
76	0.00850483	0.0123033	0.00106811	0.0010708	0.0210902	0.000986374	0.00265252	0.245915	0.00102691	0.41111	0.0887588	0.00793124	0.000865995	0.0057641	0.00095742	0.00681403	0.010538	0.171474	0.00062701	0.000540476
77	0.043137	0.000959467	0.113478	0.163027	0.00939641	0.0289464	0.0191583	0.0248484	0.157286	0.0518381	0.00633416	0.0687174	0.00548967	0.102398	0.0857604	0.0370166	0.0458706	0.0340694	0.000259077	0.00201038
78	0.0263857	0.0152162	0.00364019	0.000624097	0.00325893	0.00252073	0.000757996	0.380026	0.00055156	0.0815816	0.0233771	0.000802318	0.00803135	0.00195695	0.00494296	0.00200169	0.0181962	0.424654	0.00122159	0.000252217
79	0.0504376	0.0064431	0.0674067	0.0121816	0.0067496	0.0108944	0.338233	0.0125748	0.0120329	0.0235311	0.00943951	0.239862	0.00420556	0.0208073	0.0126362	0.0479997	0.0943372	0.0156774	0.00170431	0.0128464
80	0.0276177	0.00077022	0.164512	0.497971	0.00169648	0.0414497	0.0060971	0.00477314	0.00851837	0.029197	0.0010791	0.0433046	0.00105748	0.0770039	0.0196125	0.0444994	0.0235962	0.00638837	0.000278629	0.000577365
81	0.00742238	0.0120255	0.000923863	0.00117223	0.0225004	0.00095715	0.00285543	0.235946	0.00120215	0.432191	0.0928159	0.00859057	0.000315771	0.00581936	0.000736518	0.00732377	0.010143	0.155798	0.000600084	0.000660439
82	0.00847775	0.0129848	0.00168954	0.00165786	0.101341	0.00147453	0.00658007	0.210928	0.00160584	0.342946	0.106177	0.00805694	0.000756044	0.00798395	0.00150186	0.00954855	0.00920398	0.165445	0.000710419	0.000930791
83	0.018128	0.00613038	0.0103769	0.0120401	0.00109014	0.0152863	0.0272762	0.00495857	0.429086	0.0171786	0.00381017	0.041852	0.00377913	0.0479007	0.276426	0.0283387	0.0180269	0.00917288	0.00228498	0.0268572
84	0.0392821	0.00119873	0.0357606	0.0536157	0.00105146	0.0271469	0.042418	0.00284145	0.296111	0.0109355	0.0049623	0.0564747	0.00338257	0.10516	0.201509	0.0563614	0.0314835	0.024636	0.000338127	0.00533136
85	0.0176551	0.00291575	0.00236775	0.00266684	0.291089	0.00308198	0.0106778	0.00359952	0.00276862	0.0138977	0.00475791	0.00438746	0.000918122	0.0109036	0.00303142	0.00592082	0.00452136	0.00382478	0.00318005	0.607834
86	0.0843426	0.26674	0.00690559	0.00701648	0.00543139	0.00789896	0.0297897	0.0543028	0.00731853	0.0195476	0.00536089	0.0419074	0.00268332	0.0102992	0.00721591	0.069991	0.220012	0.1487	0.00092661	0.00360965
87	0.088497	0.00434331	0.00484675	0.0182307	0.000946007	0.0118983	0.00975722	0.00649757	0.0380301	0.0142178	0.00442096	0.0124014	0.533919	0.0507293	0.0293823	0.119874	0.0413442	0.00978506	0.000226202	0.000652934
88	0.0694589	0.00571281	0.0786915	0.0647876	0.00449257	0.0559173	0.0529928	0.0189352	0.0582495	0.029504	0.0132122	0.180555	0.00515228	0.0618239	0.0439368	0.150964	0.0797499	0.0172336	0.00026843	0.00836107
89	0.088552	0.00433077	0.00502255	0.0181286	0.000970054	0.0118013	0.00982993	0.00663866	0.0377617	0.0142117	0.00453877	0.0123314	0.534538	0.0502832	0.0292127	0.119933	0.0411133	0.00990205	0.000225631	0.000674047
90	0.0262245	0.0161727	0.003745	0.000621759	0.00578802	0.00167169	0.000817689	0.334879	0.000599079	0.0979518	0.02384	0.00136229	0.00684969	0.00251644	0.00429423	0.00189379	0.0157298	0.453752	0.0010482	0.000242713
91	0.0347076	0.00849936	0.0139186	0.013443	0.281234	0.0204491	0.0252393	0.0207563	0.0110196	0.142019	0.106304	0.0193723	0.0015657	0.00935119	0.0121053	0.0295275	0.0179082	0.0234187	0.0201262	0.189035
92	0.0871846	0.110169	0.00795287	0.00786231	0.00705128	0.00898874	0.0117989	0.147813	0.00446506	0.166822	0.0207286	0.0136619	0.00414208	0.0122992	0.00825575	0.0355606	0.0327451	0.305516	0.00227242	0.00471002
93	0.0292699	0.0159184	0.003359	0.000807224	0.00358746	0.00337632	0.000987697	0.372309	0.000623006	0.0953268	0.0277317	0.0013511	0.00823704	0.00243952	0.00513119	0.00460096	0.0208334	0.402374	0.0013394	0.000396793
94	0.0289755	0.0176761	0.00403207	0.000618568	0.0041757	0.00148724	0.000727942	0.331221	0.000613703	0.0719045	0.0170983	0.000814944	0.00716225	0.0024283	0.00427779	0.00140312	0.0156912	0.488342	0.00111487	0.000234537
95	0.0118767	0.00295968	0.347589	0.0425797	0.00272089	0.016071	0.0134765	0.0112217	0.0135642	0.00848538	0.00452802	0.371034	0.00190044	0.0760867	0.00974567	0.0487575	0.00771665	0.00663802	0.000828838	0.00221924
96	0.0398395	0.0184595	0.0043581	0.00121325	0.00413933	0.00340149	0.00150149	0.297661	0.000731215	0.0673849	0.0185481	0.00185157	0.00818235	0.00415888	0.0058109	0.00938388	0.0261597	0.485847	0.000947311	0.000421012
97	0.0364761	0.000961906	0.0649571	0.0914576	0.00260519	0.0239014	0.0468012	0.00726468	0.248776	0.0188253	0.00482511	0.0654761	0.00294347	0.107804	0.166138	0.0496151	0.0339357	0.0232226	0.000238345	0.00377518
98	0.102093	0.00417978	0.00487628	0.0163104	0.0029362	0.0110824	0.012674	0.0109851	0.0336321	0.0194732	0.00438867	0.0120463	0.495508	0.0545126	0.0310002	0.119908	0.0519155	0.0111901	0.00029418	0.000995019
99	0.0409352	0.000947453	0.107679	0.153401	0.00963061	0.0311834	0.0201159	0.0223347	0.177161	0.0478137	0.00504751	0.0698372	0.00431938	0.0962034	0.0950225	0.0399776	0.0439806	0.03196	0.000273103	0.00217696
100	0.0318705	0.00165738	0.191134	0.397164	0.00280279	0.0463634	0.00818924	0.00629574	0.0152835	0.025527	0.00285602	0.0608897	0.00153294	0.0742944	0.0304979	0.0591444	0.0250948	0.0175008	0.000432042	0.00146963
101	0.0074213	0.0119467	0.000923861	0.00121995	0.0229206	0.000960021	0.00290972	0.235293	0.00134136	0.432321	0.0928085	0.00855647	0.000319436	0.00584958	0.000786742	0.00750163	0.010155	0.155382	0.000599903	0.000783403
102	0.0787332	0.00749049	0.0115914	0.023884	0.00366717	0.0114861	0.0111566	0.0773567	0.0297855	0.0365893	0.0113709	0.0138031	0.37668	0.0402428	0.0255297	0.0909038	0.0409508	0.105743	0.000820836	0.00221482
103	0.0494976	0.0167579	0.00599412	0.00600474	0.0155655	0.0148672	0.00652165	0.162773	0.00390598	0.0418078	0.0218724	0.00822716	0.00329146	0.0116112	0.0132782	0.041834	0.0779804	0.493461	0.000830165	0.00391864
104	0.0342287	0.0015245	0.120759	0.169841	0.00603679	0.0223205	0.0341951	0.0232552	0.123019	0.0438865	0.00977052	0.0828517	0.00666504	0.117013	0.0741773	0.0392208	0.0606656	0.0268702	0.000297536	0.00340192
105	0.292389	0.0236347	0.0101564	0.0143063	0.00245456	0.0365983	0.0108269	0.0052435	0.00923763	0.0142751	0.00632815	0.0276657	0.00891451	0.0143178	0.00485002	0.364337	0.128964	0.023091	0.000429517	0.00197997
106	0.0179829	0.00318752	0.00256479	0.00276734	0.29341	0.00355413	0.0107981	0.00380752	0.00306589	0.0152483	0.00674196	0.00487112	0.000928801	0.0108348	0.00332983	0.00658489	0.00478792	0.00390607	0.00409686	0.597531
107	0.035239	0.0585491	0.00821134	0.00792275	0.0849094	0.0270215	0.0750538	0.0831299	0.0483852	0.0427736	0.037052	0.0100256	0.0028978	0.0313193	0.0450223	0.0169124	0.0685099	0.20204	0.00125174	0.113774
108	0.325144	0.0238857	0.0128139	0.0165982	0.00115429	0.0406347	0.00489167	0.00257728	0.00645573	0.0114655	0.00396324	0.012646	0.0080503	0.0140288	0.00192515	0.391911	0.096685	0.0238575	0.000266756	0.00104557
109	0.0296046	0.0174814	0.00417727	0.000698584	0.00444288	0.00166823	0.000810458	0.32609	0.000623061	0.0700256	0.0168411	0.000896945	0.00697911	0.00273029	0.00439873	0.00235672	0.0165545	0.4923	0.00107421	0.000246025
110	0.0150267	0.00223581	0.222463	0.430516	0.00460445	0.0104292	0.0171273	0.0333326	0.020518	0.0212639	0.00393455	0.0180029	0.0556626	0.0494269	0.0125734	0.0248764	0.0387844	0.0171567	0.000502893	0.00156273
111	0.0277299	0.000842335	0.164021	0.490255	0.00174614	0.0443971	0.00608948	0.005243	0.0101158	0.0287697	0.00125167	0.0429602	0.00109849	0.0801539	0.0197867	0.0444127	0.023531	0.00665615	0.000355087	0.000584482
112	0.0304822	0.0141866	0.00596206	0.000994407	0.0034033	0.00218143	0.000897727	0.365057	0.00092106	0.0809397	0.0246416	0.00125033	0.0136675	0.00222377	0.00883247	0.00192654	0.0168067	0.42425	0.00110152	0.000273462
113	0.0368157	0.00243104	0.0961746	0.108262	0.00464753	0.0299149	0.0557967	0.0251526	0.132696	0.0416407	0.00959609	0.0914685	0.00575933	0.0851944	0.0850155	0.0914933	0.0650556	0.0262235	0.000381275	0.00628082
114	0.0775258	0.00508471	0.103902	0.108156	0.00652172	0.0493641	0.0519287	0.0160149	0.078837	0.0296659	0.00948372	0.0804213	0.00325568	0.0586024	0.0389708	0.158304	0.0748419	0.0420014	0.000494023	0.00662374
115	0.219545	0.00558161	0.00834706	0.00877952	0.0299434	0.00853031	0.0266648	0.078802	0.01036	0.0406212	0.00701892	0.0164309	0.130175	0.0510002	0.0460993	0.139281	0.121014	0.045472	0.00166227	0.0046715
116	0.0333297	0.0125773	0.0280039	0.0507901	0.00209701	0.00999145	0.0148228	0.09607	0.045751	0.0264865	0.00285313	0.0230975	0.00133082	0.0627322	0.0784249	0.14809	0.219078	0.141955	0.000817914	0.00169968
117	0.00975591	0.00489377	0.00640609	0.00267642	0.000963892	0.0103704	0.017587	0.0033653	0.47619	0.0216647	0.00527394	0.0375777	0.00385705	0.0408645	0.299899	0.0176557	0.0118463	0.00551098	0.00451044	0.0191306
118	0.03547	0.00945895	0.0271796	0.0623588	0.00243608	0.0114928	0.016732	0.0965345	0.0413727	0.0286902	0.00384754	0.0396998	0.00157711	0.052044	0.0708576	0.140601	0.202646	0.154456	0.000803467	0.00174164
119	0.0284316	0.0115295	0.0103527	0.0115815	0.257737	0.0122394	0.0303043	0.0626687	0.0103009	0.202664	0.0981713	0.0163769	0.00261403	0.0156525	0.011554	0.0365009	0.0208398	0.0581399	0.0114939	0.0908468
120	0.0405936	0.00235407	0.114578	0.141585	0.00597683	0.0182556	0.0209777	0.0557023	0.0902984	0.0593965	0.019255	0.0629539	0.00784018	0.111537	0.0614307	0.0314654	0.0634896	0.0881072	0.000687488	0.00351499
121	0.0712929	0.00852768	0.0488229	0.0276459	0.0048021	0.0340441	0.177282	0.0105077	0.025043	0.0205663	0.0078877	0.265778	0.00318509	0.0293557	0.0173296	0.142333	0.0847154	0.0127263	0.00116757	0.00698704
122	0.0271432	0.0156411	0.00344728	0.00063554	0.00330739	0.00230936	0.000755584	0.364995	0.000564983	0.0902803	0.0246939	0.000917988	0.00854395	0.00190059	0.00469785	0.00182176	0.017967	0.428818	0.00132372	0.000234843
123	0.088497	0.00434331	0.00484675	0.0182307	0.000946007	0.0118983	0.00975722	0.00649757	0.0380301	0.0142178	0.00442096	0.0124014	0.533919	0.0507293	0.0293823	0.119874	0.0413442	0.00978506	0.000226202	0.000652934
124	0.0398755	0.115196	0.00545367	0.00563641	0.00370012	0.0137247	0.0161979	0.0189774	0.00640093	0.012142	0.00431107	0.0669449	0.00249873	0.00829102	0.00541083	0.250853	0.35311	0.0669263	0.00116084	0.00318815
125	0.0465766	0.00633396	0.0711619	0.0688045	0.00488194	0.0123631	0.0499695	0.0504985	0.0411569	0.0527686	0.0077078	0.0233524	0.00337513	0.0410722	0.0246074	0.253391	0.173092	0.0642669	0.00138487	0.00323528
126	0.0271863	0.0150248	0.00337973	0.000712788	0.00346328	0.00292573	0.000909464	0.383023	0.000611687	0.107604	0.0320828	0.00149715	0.00936084	0.00201625	0.00539866	0.00260585	0.0188369	0.381662	0.00143712	0.000261561
127	0.0332587	0.00220953	0.150837	0.396311	0.00234137	0.149374	0.00776879	0.00536817	0.0158001	0.0245348	0.00206989	0.041749	0.00141362	0.074321	0.0175629	0.0439936	0.0217028	0.00801348	0.000430249	0.000940733
128	0.233648	0.0155054	0.033732	0.0436254	0.00660472	0.0432968	0.0170971	0.0167457	0.0289606	0.0214702	0.0100299	0.0493582	0.0361478	0.0532977	0.0224719	0.248678	0.0799651	0.0337718	0.00118788	0.00440664
129	0.0246963	0.00676186	0.0526496	0.0778623	0.167043	0.00831714	0.0459786	0.0238617	0.0138122	0.185755	0.106677	0.0122731	0.00271726	0.0156104	0.0118457	0.0268362	0.0542821	0.0656052	0.00256561	0.0948504
130	0.0277286	0.00148292	0.177237	0.453695	0.00366257	0.0331249	0.0101447	0.0131292	0.018399	0.0280861	0.00383343	0.0424254	0.0144977	0.0676267	0.0195311	0.0432336	0.0288013	0.0113256	0.000386554	0.00164869
131	0.32239	0.0123856	0.00792201	0.0116842	0.00729976	0.021921	0.0146078	0.0245721	0.0113767	0.0165645	0.00478927	0.0130531	0.141732	0.0257451	0.0160222	0.23536	0.0769233	0.0324276	0.000805099	0.00241837
132	0.033261	0.00266517	0.161451	0.420143	0.00400412	0.0382669	0.0134055	0.0132774	0.024528	0.0291311	0.00413388	0.0446533	0.0150826	0.0677836	0.0237765	0.0520596	0.032713	0.0160524	0.000330385	0.00328167
133	0.0310223	0.00178759	0.160917	0.442191	0.00458947	0.0346705	0.0113331	0.0125031	0.0229455	0.0307319	0.00351198	0.0443233	0.0118207	0.067777	0.0242008	0.0475868	0.0310354	0.0143539	0.000475136	0.00222342
134	0.0258227	0.0148564	0.00372914	0.000626751	0.00358911	0.00257248	0.000754835	0.375389	0.000557649	0.0754417	0.0218794	0.000770659	0.00767667	0.00209198	0.00504067	0.00221482	0.0185968	0.437066	0.00108147	0.000241501
135	0.0604	0.0611212	0.0353306	0.0450133	0.0205166	0.329006	0.0275085	0.0266072	0.042816	0.031805	0.0130517	0.051313	0.0109221	0.0265888	0.0178478	0.0834487	0.0513374	0.043851	0.00473372	0.0167818
136	0.0326488	0.0160406	0.00427199	0.0023431	0.0047262	0.00548264	0.00205365	0.3183	0.00158396	0.0752583	0.023346	0.00283183	0.00658517	0.00456648	0.00746895	0.0129335	0.0324798	0.444985	0.00116798	0.000925919
137	0.0658481	0.00532083	0.126292	0.341529	0.00437947	0.0480864	0.0162549	0.0125621	0.0321297	0.0311766	0.00624717	0.0606129	0.0111188	0.0660301	0.0267871	0.0798866	0.0400562	0.0217592	0.00045852	0.00346366
138	0.0448981	0.0176234	0.041169	0.0433304	0.0776952	0.0256494	0.120737	0.0309166	0.0628992	0.0550024	0.0269192	0.0572574	0.0106574	0.109842	0.0864251	0.0521741	0.0570702	0.0437598	0.00422525	0.0317491
139	0.0211794	0.0150759	0.00861624	0.0123398	0.0313295	0.00536154	0.00965173	0.193323	0.00625819	0.378784	0.0773058	0.0126891	0.00289291	0.0105026	0.00582978	0.0200435	0.0211958	0.153154	0.00159642	0.0128707
140	0.0123423	0.0130601	0.0016001	0.00256164	0.0223487	0.00217556	0.00404331	0.239266	0.00237005	0.395395	0.0837513	0.00826722	0.00137179	0.00572099	0.00246788	0.00895675	0.0128535	0.177864	0.000927618	0.00265577
141	0.0432507	0.026526	0.00524042	0.00560406	0.00307841	0.0271541	0.0157011	0.00653081	0.00645057	0.0141504	0.00548412	0.0613906	0.0025762	0.00741414	0.00501993	0.386652	0.338993	0.0350347	0.00096225	0.00278641
142	0.0168118	0.0144032	0.00218295	0.00227706	0.0189396	0.0019338	0.00302272	0.275535	0.00172105	0.309391	0.0698119	0.00635402	0.00334497	0.00543097	0.00245086	0.00755868	0.0137548	0.242941	0.0010449	0.00108991
143	0.267549	0.0169426	0.0083404	0.0107529	0.00519267	0.0322273	0.019603	0.00924294	0.0167527	0.0238528	0.015448	0.0378285	0.00830348	0.0120931	0.00595854	0.330676	0.147258	0.0276323	0.000604911	0.00374186
144	0.0900717	0.0058629	0.0845478	0.0785467	0.00762191	0.069031	0.0462296	0.0199123	0.0395916	0.05295	0.0204431	0.114681	0.0041305	0.0883843	0.0277492	0.11276	0.0968058	0.0269694	0.000317142	0.0133934
145	0.0372847	0.00105082	0.0522699	0.0762935	0.00183495	0.0244287	0.0453953	0.00504702	0.270155	0.015897	0.00477724	0.0594948	0.0029897	0.109964	0.180196	0.0515204	0.0330276	0.0238186	0.000240225	0.00431422
146	0.0291725	0.017593	0.00400898	0.000640336	0.0041612	0.00144304	0.000726501	0.331584	0.000599446	0.0731548	0.0173376	0.0008144	0.0072955	0.00242163	0.00427958	0.00133758	0.0156101	0.486443	0.00113835	0.000239216
147	0.124869	0.0113647	0.0422726	0.0695175	0.00351448	0.0727235	0.0343612	0.00412265	0.0331706	0.0100585	0.00743159	0.213391	0.00105156	0.0458115	0.0220757	0.206291	0.086869	0.00829317	0.000290027	0.00252004
148	0.119526	0.00711779	0.132324	0.125712	0.00860643	0.0875177	0.0220877	0.00360265	0.0323591	0.0216706	0.0106379	0.0923292	0.000822544	0.06052	0.0233373	0.171896	0.0529387	0.0204424	0.000166657	0.00638572
149	0.0202013	0.027161	0.0179121	0.0206735	0.00536322	0.0162318	0.0366884	0.0346711	0.296926	0.0267758	0.00795491	0.0602381	0.00528411	0.0896939	0.203778	0.0264903	0.0376173	0.0158019	0.00174792	0.0487896
150	0.0405485	0.00595766	0.00861634	0.0311613	0.056916	0.00565484	0.0188909	0.080105	0.0311487	0.361626	0.0819991	0.00951392	0.00186772	0.010191	0.0156649	0.0392977	0.0308363	0.118391	0.00140235	0.0502105
151	0.0430848	0.00445394	0.0545742	0.051345	0.0159015	0.0288847	0.0516981	0.0237318	0.0378918	0.0701037	0.076291	0.104574	0.00404076	0.144746	0.0226555	0.102255	0.1181	0.0344904	0.000637086	0.0105417
152	0.329721	0.0257311	0.0101013	0.0141407	0.00105256	0.0491041	0.00345547	0.00209333	0.00637304	0.00765867	0.00345447	0.0120789	0.00867621	0.0146424	0.0018055	0.40921	0.0807481	0.0186421	0.000313809	0.000997308
153	0.0752518	0.025717	0.00531526	0.00583439	0.0111124	0.00742124	0.00704972	0.192843	0.00330429	0.185846	0.0359573	0.0094696	0.00424529	0.0105143	0.00719521	0.0330174	0.0275192	0.345084	0.0012795	0.00602267
154	0.0404868	0.000919653	0.0367897	0.0560155	0.00106232	0.026665	0.0439416	0.00271559	0.292171	0.0107816	0.00505429	0.0560778	0.00339498	0.107503	0.196431	0.0574173	0.032329	0.0253103	0.000207729	0.00472576
155	0.141916	0.00745125	0.0133818	0.0137944	0.00852456	0.0702695	0.0799243	0.0154282	0.0151342	0.0558661	0.0130407	0.0543409	0.00556142	0.0133911	0.0100932	0.284253	0.139342	0.0501774	0.00132663	0.00678335
156	0.0633842	0.00698755	0.0118042	0.0187954	0.104667	0.0139262	0.0249308	0.0449008	0.017243	0.283952	0.0929221	0.0191953	0.00260226	0.0138157	0.0212281	0.0487241	0.0416218	0.0617205	0.00816086	0.0994184
157	0.0465292	0.00825902	0.0470735	0.0639243	0.00445597	0.047194	0.0789763	0.0273888	0.0768328	0.0823338	0.0238106	0.116778	0.00923462	0.152053	0.0483483	0.0501869	0.0578447	0.0270299	0.000248022	0.0314974
158	0.0381912	0.00179926	0.0349411	0.0546461	0.00106002	0.0252678	0.0447635	0.00301354	0.299232	0.0106423	0.00468289	0.0542194	0.00340285	0.104409	0.201496	0.0545883	0.0313068	0.0262261	0.000294012	0.0058174
159	0.00742238	0.0120255	0.000923863	0.00117223	0.0225004	0.00095715	0.00285543	0.235946	0.00120215	0.432191	0.0928159	0.00859057	0.000315771	0.00581936	0.000736518	0.00732377	0.010143	0.155798	0.000600084	0.000660439
160	0.0450905	0.00581122	0.0527334	0.0803787	0.00419759	0.0484058	0.0641423	0.0208579	0.114326	0.0696428	0.0165554	0.0991295	0.00821895	0.138894	0.0717746	0.0507563	0.05438	0.0303472	0.000218229	0.0241399
161	0.0276158	0.00077021	0.164454	0.497633	0.00167757	0.0414307	0.0061109	0.00478669	0.00862803	0.0292159	0.00108358	0.0433637	0.00107177	0.0770899	0.019651	0.0445285	0.023636	0.0063964	0.000278629	0.000577315
162	0.0235333	0.014185	0.00258498	0.000776115	0.00792142	0.00283557	0.00168755	0.358034	0.000707919	0.183527	0.0498388	0.00364579	0.00711229	0.00281508	0.00422715	0.00383519	0.017531	0.313518	0.0013462	0.000337093
163	0.0404007	0.000924519	0.0369373	0.0566406	0.00104831	0.0265955	0.0447495	0.00270209	0.291572	0.010547	0.00488072	0.0558974	0.00342055	0.108015	0.19476	0.0576729	0.0327229	0.0255979	0.000163786	0.00475003
164	0.118768	0.00692693	0.132547	0.126664	0.00857321	0.0872517	0.0220035	0.00356447	0.0326524	0.0213489	0.0106695	0.092307	0.000822267	0.0600998	0.0235532	0.172299	0.052934	0.0204931	0.000157494	0.00636555
165	0.0198109	0.0039545	0.00314533	0.00345747	0.280564	0.00483688	0.011813	0.00488622	0.00853854	0.0175306	0.00751042	0.00692164	0.00124817	0.0118885	0.00639882	0.00811267	0.00623636	0.00491792	0.00439828	0.58383
166	0.0102274	0.0114293	0.00140729	0.00248609	0.0272094	0.00119427	0.00386027	0.22981	0.00236713	0.417354	0.0925656	0.00820866	0.000730567	0.00619372	0.00204026	0.00898983	0.0124197	0.156631	0.000685313	0.00418999
167	0.0302773	0.00130012	0.140302	0.198769	0.00593777	0.0160796	0.0239815	0.0296909	0.101206	0.0447396	0.0116932	0.0758622	0.0069227	0.136407	0.0594952	0.0241513	0.0607555	0.0306465	0.000407861	0.00137436
168	0.0538161	0.00139937	0.10818	0.138462	0.00746525	0.0303421	0.020204	0.0217656	0.163695	0.0689564	0.00574482	0.07272	0.00463261	0.0975669	0.0906043	0.03298	0.0383091	0.0396929	0.000374872	0.00308916
169	0.0290394	0.017555	0.00406171	0.000617947	0.00418252	0.00147361	0.000726597	0.331862	0.000608122	0.071652	0.0171701	0.000825504	0.0072523	0.00242106	0.00435459	0.00137489	0.0156286	0.487857	0.00109778	0.000239515
170	0.143898	0.035063	0.0061114	0.0110508	0.00421058	0.0185949	0.0114277	0.0994965	0.00187801	0.0981046	0.0184377	0.0157533	0.00100875	0.0209853	0.0107533	0.0831226	0.0476978	0.364595	0.000503111	0.00730811
171	0.117207	0.00679824	0.134436	0.129807	0.00822874	0.0858829	0.0214604	0.00350596	0.0323158	0.0213197	0.0106008	0.0923322	0.000854376	0.0605332	0.0236753	0.171894	0.0525697	0.020229	0.000180133	0.00617034
172	0.0194821	0.00667989	0.0456152	0.0672169	0.00279422	0.674968	0.0158762	0.00475382	0.0690343	0.00635026	0.00283062	0.0296398	0.0017493	0.00871854	0.00376379	0.0244355	0.00675111	0.00615504	0.000758695	0.00242726
173	0.0308509	0.00119073	0.0430845	0.0628985	0.0021426	0.0219177	0.0334941	0.00436204	0.316039	0.0104979	0.00447847	0.0527834	0.00306852	0.111544	0.15296	0.0644937	0.0512009	0.0288439	0.000248645	0.00390015
174	0.00763754	0.0126643	0.00113474	0.00127652	0.0266899	0.00131723	0.00328765	0.231904	0.00139087	0.422187	0.099153	0.00864853	0.000372937	0.0061363	0.000976455	0.00793486	0.0101521	0.155743	0.000718686	0.00067423
175	0.0594572	0.00477745	0.0391418	0.0648557	0.00335324	0.0226129	0.0381702	0.0140384	0.125182	0.0288196	0.00845804	0.0488207	0.216871	0.095787	0.0744724	0.0747741	0.0440483	0.0289685	0.000370181	0.00702123
176	0.0324972	0.0145412	0.00452042	0.00102637	0.00276052	0.00251565	0.00119232	0.361557	0.000892725	0.10389	0.0315034	0.00172754	0.0158037	0.00210829	0.00810884	0.00207343	0.0178597	0.393489	0.00155014	0.000382448
177	0.0675777	0.00774569	0.0634966	0.0476866	0.00537377	0.0447075	0.066552	0.0123366	0.0972356	0.0238378	0.00949463	0.193053	0.00467135	0.0512985	0.0522002	0.156431	0.0698414	0.0182849	0.000499926	0.00767537
178	0.0400083	0.00756218	0.0460594	0.068737	0.00505089	0.0355751	0.100126	0.0351501	0.0584112	0.0689634	0.0190571	0.135532	0.0152864	0.15123	0.0361214	0.0527743	0.0630302	0.0263417	0.000500811	0.0344829
179	0.0555586	0.0033981	0.103436	0.154634	0.00594632	0.0295109	0.0367706	0.0331856	0.081656	0.0530945	0.0125292	0.0726595	0.0290144	0.11897	0.0547622	0.0384303	0.0709039	0.0362671	0.000540259	0.00873283
180	0.0285568	0.0151356	0.0038617	0.000810833	0.00370077	0.00319128	0.000918369	0.356174	0.000685396	0.073924	0.0218723	0.00119841	0.00760538	0.00258693	0.00548465	0.00471925	0.0218531	0.446333	0.0010579	0.000330416
181	0.0088973	0.0121225	0.00100877	0.00112666	0.0206333	0.00119207	0.00274242	0.248121	0.00118841	0.410228	0.0892995	0.00816421	0.00104926	0.0054711	0.00101866	0.00682853	0.0110944	0.16853	0.000671289	0.000613379
182	0.104182	0.00597585	0.110124	0.105058	0.0188166	0.0943252	0.0309996	0.00738656	0.0332981	0.0248153	0.0143878	0.126668	0.0020657	0.0629298	0.0221891	0.142677	0.0507828	0.0212384	0.000313354	0.0217674
183	0.0423242	0.00719188	0.0465843	0.0608801	0.00443666	0.0383516	0.102469	0.0327511	0.0650996	0.0837639	0.0210042	0.13125	0.0098434	0.14147	0.0371195	0.0498331	0.0603955	0.0286899	0.000405364	0.0361379
184	0.00742238	0.0120255	0.000923863	0.00117223	0.0225004	0.00095715	0.00285543	0.235946	0.00120215	0.432191	0.0928159	0.00859057	0.000315771	0.00581936	0.000736518	0.00732377	0.010143	0.155798	0.000600084	0.000660439
185	0.0556571	0.0104776	0.0711086	0.10525	0.0135899	0.0353779	0.0412016	0.0263296	0.0896149	0.0505982	0.0170748	0.0769215	0.0253311	0.129799	0.0658564	0.0737158	0.0535151	0.0392906	0.00184326	0.0174463
186	0.028375	0.000780302	0.164973	0.495044	0.00171538	0.0412341	0.00614739	0.00483383	0.00864794	0.0292453	0.00118553	0.0439118	0.00130659	0.076272	0.0196718	0.045123	0.0241121	0.00652544	0.000271871	0.000623452
187	0.0264584	0.0149303	0.00366106	0.000594243	0.0030015	0.00266842	0.000711057	0.389661	0.000556264	0.0824235	0.0250032	0.000753969	0.00856488	0.00184433	0.00544397	0.001893	0.0183402	0.412043	0.0012162	0.000231385
188	0.00800717	0.0121513	0.00103231	0.00137999	0.0342433	0.00107963	0.00396718	0.234055	0.0013552	0.419658	0.0924665	0.00935624	0.000359166	0.00589626	0.000852825	0.00758836	0.010006	0.155204	0.000626491	0.00071522
189	0.0886561	0.00977339	0.0694043	0.0511198	0.00412295	0.0715563	0.0325025	0.00712329	0.0451492	0.0129727	0.00804635	0.218345	0.00751139	0.0311794	0.0241085	0.230143	0.0741547	0.0104427	0.000603855	0.00308389
190	0.0613232	0.0128392	0.0272551	0.0301394	0.0939751	0.0613207	0.0350854	0.0314451	0.0296618	0.156036	0.0404508	0.0480519	0.00581687	0.039603	0.0253929	0.0967126	0.0454522	0.0407432	0.0138449	0.104851
191	0.064116	0.0529853	0.0295607	0.0323549	0.0157771	0.0272343	0.0377019	0.0355712	0.0297245	0.132251	0.0239956	0.0510494	0.00796806	0.101638	0.0251775	0.148494	0.110579	0.0569181	0.00355519	0.0133491
192	0.0881131	0.0048926	0.00937956	0.0255795	0.00173787	0.0127172	0.0120058	0.0126702	0.0370353	0.0169889	0.00542224	0.0140776	0.502933	0.0497892	0.0287058	0.117566	0.0438647	0.015028	0.000305711	0.00118762
