267	20
1	0.0761627	0.00734442	0.380023	0.164231	0.00207711	0.0197281	0.0284292	0.00776873	0.00905443	0.0119197	0.00244493	0.0756122	0.0108732	0.00503319	0.0247342	0.0909852	0.0494241	0.0246849	0.000476029	0.00899323
2	0.0153052	0.00621861	0.00410719	0.0300487	0.296651	0.0127006	0.0647012	0.0189095	0.00387969	0.0209408	0.00749536	0.00409976	0.00152642	0.00567174	0.00371393	0.00851737	0.0143819	0.0363976	0.0526061	0.392127
3	0.0417543	0.0127922	0.00757911	0.014843	0.00967096	0.00653866	0.0190481	0.156768	0.0267544	0.155827	0.0677733	0.0283765	0.00355907	0.049122	0.039986	0.0456504	0.114737	0.162174	0.00075062	0.0362955
4	0.0356752	0.0023404	0.00201814	0.0163647	0.0025527	0.00637219	0.011495	0.00981128	0.460871	0.0088731	0.01054	0.0324281	0.00889059	0.0768012	0.257314	0.0286879	0.0167286	0.00773362	0.000134117	0.00436869
5	0.131496	0.00207333	0.0745797	0.136455	0.0064645	0.0160654	0.013721	0.0129101	0.0568033	0.0366597	0.0185852	0.0624624	0.0152049	0.11584	0.0526955	0.108255	0.103653	0.0317747	0.00227238	0.00203024
6	0.0506145	0.00755558	0.00604172	0.0112112	0.00241682	0.0112945	0.013577	0.189825	0.0240326	0.263568	0.0789197	0.00755581	0.00131835	0.0333324	0.0214023	0.0463121	0.075122	0.147168	0.00028179	0.00845135
7	0.0158701	0.00655925	0.00500195	0.00570381	0.119917	0.00791211	0.167154	0.0290484	0.0582976	0.00983817	0.00726078	0.0415261	0.0717579	0.15807	0.0212603	0.108626	0.0380604	0.0694062	0.00184309	0.056887
8	0.0146039	0.00396867	0.00323533	0.00457515	0.0404879	0.0116018	0.253205	0.0154829	0.0612009	0.00585183	0.00475006	0.0359813	0.00240444	0.0627014	0.399126	0.0340329	0.0151639	0.00723743	0.000758652	0.0236304
9	0.125277	0.0337508	0.0323767	0.0198501	0.00548866	0.0673769	0.0188302	0.00444431	0.0186725	0.0104705	0.0076648	0.140058	0.00534947	0.0143487	0.022359	0.372379	0.0754513	0.0151178	0.00244528	0.00828935
10	0.0131924	0.00254609	0.00769442	0.00212869	0.263886	0.00297366	0.0822158	0.0288931	0.0388991	0.112259	0.0686257	0.0245462	0.030127	0.0121898	0.0191229	0.0256439	0.0328128	0.0262878	0.0054024	0.200553
11	0.0845236	0.0145483	0.238283	0.014264	0.00798632	0.0108062	0.0236283	0.00737116	0.0597332	0.0132492	0.00634399	0.357151	0.00393787	0.0140168	0.0194373	0.0572582	0.0417583	0.0120778	0.00139674	0.0122285
12	0.0754234	0.00956601	0.0190445	0.058891	0.00877222	0.0140066	0.0320909	0.00750792	0.0444144	0.0383468	0.0206656	0.0301371	0.27489	0.048913	0.0391604	0.105911	0.125517	0.0301789	0.000988258	0.0155752
13	0.135946	0.00289097	0.0369421	0.0896842	0.0039342	0.0267229	0.01774	0.0043919	0.0962222	0.0222196	0.0151333	0.0737004	0.013608	0.0762059	0.0555542	0.177263	0.106139	0.0413502	0.00294057	0.00141085
14	0.0327599	0.00625623	0.0187724	0.0295859	0.0290537	0.00553119	0.040111	0.118531	0.0161705	0.175082	0.0893537	0.036818	0.00520694	0.0570542	0.0241599	0.0503778	0.0783662	0.128275	0.00148541	0.0570492
15	0.0303859	0.0215095	0.127586	0.029196	0.0139395	0.0161876	0.0863061	0.00961921	0.0632366	0.0169096	0.00607886	0.284755	0.00333497	0.0186681	0.113307	0.0865314	0.0281388	0.0138499	0.00209044	0.0283698
16	0.0358959	0.00324296	0.0117112	0.0127191	0.00277494	0.0113332	0.0246546	0.00706532	0.0311336	0.0275991	0.00524276	0.0109365	0.641136	0.0282391	0.0116519	0.0717662	0.0321857	0.0257134	0.000594235	0.00440428
17	0.00727217	0.00547368	0.00247599	0.00388661	0.105047	0.00846013	0.0501775	0.0295273	0.0141416	0.251411	0.351276	0.014271	0.00565853	0.0380981	0.0168482	0.015241	0.0397533	0.0220632	0.000722557	0.0181952
18	0.179608	0.00755121	0.0502228	0.167858	0.00770827	0.0325759	0.0280297	0.0063516	0.0363301	0.019659	0.0301653	0.0217491	0.0288357	0.194851	0.0419754	0.0828932	0.039899	0.0183523	0.00169484	0.0036903
19	0.0410022	0.013253	0.00721549	0.00722803	0.00648793	0.0375108	0.0186125	0.041415	0.172627	0.0163263	0.0149812	0.0204456	0.00611031	0.0424062	0.263154	0.0585143	0.0686836	0.158389	0.000511885	0.00512547
20	0.430296	0.0392814	0.00657176	0.0804369	0.00426679	0.0323135	0.00623522	0.00510933	0.0081298	0.00698959	0.00698794	0.00620721	0.080985	0.110085	0.0104265	0.0880956	0.0609242	0.0121624	0.00104839	0.003448
21	0.0348105	0.00917921	0.00664359	0.00777479	0.00613953	0.0258991	0.0185489	0.0475003	0.162049	0.0185736	0.0170659	0.0190902	0.00548204	0.0431515	0.283529	0.0454017	0.0739625	0.168389	0.000392301	0.00641806
22	0.0374779	0.00505718	0.122634	0.463283	0.00478324	0.0196537	0.0231585	0.00439368	0.0631967	0.0213024	0.010061	0.0292002	0.0062949	0.0927174	0.0257509	0.0270937	0.0168785	0.0165114	0.000900578	0.00965054
23	0.00586441	0.0039672	0.00339548	0.00692226	0.358827	0.00458345	0.0428055	0.0192676	0.00302451	0.0270054	0.0102557	0.00339086	0.0014701	0.00450407	0.00200825	0.00534011	0.00585973	0.0214276	0.0612681	0.408813
24	0.0528341	0.00702699	0.00516301	0.00623994	0.00384683	0.00719449	0.00648848	0.0530817	0.119147	0.0100232	0.0284616	0.00911572	0.00433604	0.0534019	0.0116112	0.0448385	0.226594	0.344662	0.00110629	0.00482674
25	0.0322462	0.00313413	0.00196472	0.0125547	0.00294441	0.00749805	0.0117457	0.00846955	0.448535	0.0078622	0.00903294	0.0344015	0.00533388	0.063551	0.287456	0.0330598	0.0173882	0.0082454	0.000192971	0.00438293
26	0.234829	0.058629	0.00614583	0.0111488	0.00679696	0.0367058	0.00680868	0.0602795	0.0189183	0.0325371	0.011784	0.0145272	0.00662921	0.0149822	0.0149215	0.0877967	0.120632	0.24974	0.00168694	0.00450121
27	0.0187456	0.00997416	0.000489582	0.00285914	0.0200753	0.000798138	0.00205682	0.268587	0.00218893	0.318182	0.0398437	0.000881343	0.000341528	0.00285856	0.00532665	0.00645633	0.0122225	0.282748	0.000156841	0.0052089
28	0.0269447	0.0169672	0.0108986	0.0117875	0.00800575	0.0151502	0.021555	0.0205639	0.0246551	0.0244209	0.02816	0.267339	0.00554686	0.0633309	0.053229	0.0440152	0.227331	0.115319	0.00184122	0.0129386
29	0.189443	0.0294915	0.00723771	0.00617726	0.00328652	0.0299824	0.0120097	0.00321526	0.0062695	0.00532643	0.00465912	0.0435177	0.0139415	0.00599745	0.0072507	0.570983	0.0348918	0.0107177	0.0131929	0.00240855
30	0.178636	0.0404266	0.00105883	0.00110773	0.00784963	0.0191357	0.00148622	0.0895906	0.002123	0.0299529	0.00920087	0.00552978	0.000675979	0.00189097	0.00403363	0.0443238	0.12487	0.432474	0.00239026	0.00324363
31	0.0385153	0.00634578	0.0043477	0.0149907	0.00407336	0.0114166	0.0160753	0.0132141	0.429432	0.0116641	0.0112157	0.0338207	0.0092651	0.0669161	0.240627	0.0414599	0.0239888	0.0166847	0.000423489	0.00552343
32	0.00382354	0.00623721	0.00112267	0.00141456	0.0781347	0.00426482	0.00278016	0.13625	0.00204749	0.502893	0.158972	0.00351243	0.00235233	0.00333788	0.00256674	0.00593883	0.0106085	0.0518381	0.000273635	0.0216319
33	0.0139578	0.00295948	0.466303	0.300916	0.00411244	0.012335	0.00727927	0.00297283	0.0254237	0.0130219	0.00350004	0.0524331	0.00218407	0.041372	0.00837216	0.0239864	0.0087717	0.00607277	0.000360175	0.00366683
34	0.0303696	0.00248295	0.00167763	0.0127466	0.0026772	0.00527851	0.011055	0.00844917	0.463031	0.00780915	0.00958198	0.0326348	0.00557878	0.06798	0.281486	0.0291445	0.0171998	0.00665329	0.000120716	0.00404322
35	0.0412397	0.00804604	0.00222369	0.00688599	0.0123888	0.00672279	0.00926639	0.236835	0.0112198	0.291841	0.0847029	0.00342815	0.000667061	0.0141709	0.0102798	0.0259156	0.0478773	0.18163	0.000216414	0.00444292
36	0.0116541	0.00404839	0.00608519	0.00421715	0.200793	0.00425987	0.0691606	0.0531374	0.0280905	0.197412	0.1044	0.0189489	0.0168069	0.0188791	0.0179399	0.0230924	0.0356357	0.0464284	0.00661561	0.132395
37	0.345874	0.00560261	0.00353904	0.0120568	0.00946988	0.0781518	0.00314544	0.0133326	0.00486008	0.0117539	0.02286	0.0121458	0.202039	0.0140571	0.00507946	0.212529	0.0252882	0.015592	0.000576086	0.00204677
38	0.0337784	0.00212631	0.00179732	0.0163031	0.00245723	0.00486837	0.0120574	0.0118002	0.481987	0.0125401	0.0127258	0.0279616	0.00543261	0.078161	0.239365	0.0252438	0.0169269	0.00908376	0.000103007	0.00528172
39	0.0611381	0.00496453	0.0124584	0.0143491	0.00413261	0.0158843	0.0212238	0.00940836	0.0287529	0.025739	0.0080006	0.0155918	0.594515	0.030222	0.0127987	0.0779773	0.0314	0.02513	0.00114254	0.0051704
40	0.00924952	0.00548225	0.00172109	0.00192169	0.104337	0.0036887	0.0103766	0.126904	0.0082879	0.465837	0.130756	0.00736355	0.00289692	0.00993702	0.0079669	0.00936956	0.0141474	0.054519	0.000911799	0.0243255
41	0.0159146	0.00973773	0.000386985	0.00225061	0.0172521	0.000598996	0.00165216	0.30187	0.00122807	0.265918	0.0318217	0.000733823	0.000269884	0.00204996	0.00355208	0.00575028	0.00950359	0.325085	0.000112044	0.00431244
42	0.0594515	0.00683436	0.348894	0.1586	0.00227546	0.0305441	0.0255793	0.0122218	0.0153425	0.00883985	0.0025849	0.0819538	0.0203852	0.00557531	0.0352627	0.117325	0.0365341	0.0153774	0.000456128	0.0159626
43	0.0634092	0.0110023	0.254359	0.121824	0.00481371	0.169617	0.0228584	0.00899606	0.0167901	0.0110542	0.00544674	0.0702236	0.0130012	0.0129201	0.0261487	0.113498	0.0300893	0.0144188	0.00138458	0.028145
44	0.0438423	0.0599719	0.0186068	0.021491	0.0827524	0.0440992	0.197599	0.0175371	0.0348933	0.0215004	0.0134649	0.078779	0.00891309	0.0542115	0.0327951	0.125077	0.056363	0.0256949	0.00879927	0.053609
45	0.0384044	0.0102501	0.00753486	0.00855949	0.00731864	0.0288869	0.0121234	0.0537224	0.151517	0.0184472	0.017922	0.0226169	0.00702914	0.0438387	0.290936	0.0479249	0.0681561	0.158634	0.000390121	0.00578694
46	0.0147565	0.002959	0.438442	0.325408	0.00414946	0.00958691	0.00938732	0.00254186	0.0269727	0.0176077	0.00446452	0.0455403	0.00219619	0.0475832	0.00923168	0.0188177	0.00875123	0.007419	0.000346985	0.00383749
47	0.131358	0.00952184	0.0148906	0.00600119	0.00106549	0.676042	0.00186934	0.00160046	0.00272258	0.0042738	0.00724702	0.00233336	0.0037103	0.00627061	0.00553132	0.104435	0.0110948	0.00818782	0.000517665	0.00132667
48	0.00338391	0.0164218	0.000359248	0.000371436	0.00247905	0.000605595	0.000545983	0.376054	0.0023124	0.0731228	0.0116758	0.000653544	0.000270266	0.000662309	0.0025591	0.00609802	0.00508824	0.496897	0.000112653	0.00032628
49	0.0410018	0.0431974	0.00308618	0.038072	0.0662229	0.0627321	0.112347	0.00395247	0.0342799	0.0274618	0.00465048	0.108875	0.00286741	0.0793724	0.0126298	0.128481	0.115998	0.00665513	0.0203708	0.0877466
50	0.16393	0.277938	0.0038213	0.00793373	0.000862584	0.00757198	0.00140245	0.00140205	0.00867891	0.00865313	0.0012319	0.0164906	0.000800846	0.00696032	0.00702122	0.223504	0.144513	0.116098	0.000270749	0.000915985
51	0.0105848	0.00489071	0.00145524	0.00198963	0.0652893	0.00972753	0.00311353	0.227621	0.00250679	0.363306	0.19475	0.00467358	0.00151435	0.0031334	0.00316326	0.0154282	0.0218163	0.0498526	0.000396657	0.0147878
52	0.37527	0.0505276	0.00396356	0.0313082	0.00191474	0.124181	0.00779016	0.0119476	0.0239083	0.0183341	0.00592204	0.00609886	0.00497484	0.0228761	0.0198717	0.145159	0.0911079	0.0522582	0.000539428	0.00204613
53	0.0344733	0.00863326	0.00623565	0.00885892	0.00584966	0.0226116	0.0114213	0.0491224	0.156527	0.0274976	0.0166633	0.0230964	0.00486706	0.0367895	0.301862	0.0475113	0.0732419	0.157492	0.000458715	0.0067867
54	0.0401957	0.0361602	0.119371	0.0212115	0.00871122	0.0116002	0.125461	0.00540649	0.0122233	0.0232755	0.00686091	0.319325	0.00220518	0.0138524	0.0242338	0.148493	0.0495631	0.00959245	0.000927907	0.02133
55	0.0562728	0.0188995	0.00323905	0.00311438	0.0127928	0.0205318	0.00325136	0.00349324	0.00502939	0.00510756	0.00457712	0.00468372	0.00172487	0.0049729	0.00499784	0.487325	0.336764	0.0201416	0.000675526	0.00240541
56	0.15234	0.0101245	0.0121744	0.00494968	0.00111264	0.694695	0.00134403	0.00157699	0.00180145	0.00209251	0.00424581	0.00187536	0.00619734	0.00485705	0.00615978	0.0817131	0.00614349	0.00511708	0.000237743	0.00124239
57	0.107803	0.0659005	0.0203518	0.0105475	0.00587442	0.0808096	0.00597311	0.00261064	0.00521269	0.00325945	0.0034072	0.0403096	0.00184771	0.00312665	0.00835682	0.561669	0.0541766	0.0136648	0.00144513	0.00365414
58	0.207644	0.0532161	0.029761	0.0064066	0.119553	0.118983	0.0328609	0.032764	0.0336968	0.0340372	0.0348293	0.00959014	0.0042517	0.00994186	0.0349232	0.0442254	0.0150879	0.0579158	0.00166336	0.118649
59	0.0130449	0.00539436	0.619411	0.118067	0.00944945	0.00670023	0.0124348	0.00284441	0.0102952	0.0118823	0.00223385	0.106771	0.00161594	0.0136221	0.0096177	0.035598	0.0109086	0.00413889	0.000434934	0.0055365
60	0.00338391	0.0164218	0.000359248	0.000371436	0.00247905	0.000605595	0.000545983	0.376054	0.0023124	0.0731228	0.0116758	0.000653544	0.000270266	0.000662309	0.0025591	0.00609802	0.00508824	0.496897	0.000112653	0.00032628
61	0.0318396	0.00179111	0.00174375	0.0154288	0.00247792	0.00407571	0.011759	0.0113309	0.480253	0.0104176	0.0126489	0.0280798	0.00547909	0.0764384	0.25123	0.0244463	0.0169148	0.00847305	0.000101541	0.00507135
62	0.020563	0.00803368	0.000400909	0.00333166	0.0238211	0.000672168	0.00231572	0.258465	0.00131147	0.357288	0.0434213	0.000790062	0.000305713	0.00284217	0.00459177	0.00608836	0.0125233	0.247003	0.000123774	0.00610813
63	0.00645601	0.00442033	0.0035571	0.00834278	0.345072	0.00524228	0.0473402	0.0195119	0.00308649	0.0267642	0.0087425	0.00538936	0.00122851	0.00585285	0.00254614	0.0071252	0.00784658	0.0232562	0.063564	0.404656
64	0.0279072	0.0257632	0.283367	0.026363	0.00665194	0.00761183	0.0480033	0.0037833	0.013391	0.0166962	0.00227741	0.338507	0.0014983	0.0124299	0.0258846	0.111985	0.0177265	0.00529243	0.000558286	0.0243028
65	0.0213017	0.00790281	0.000493829	0.00345418	0.0232755	0.000797907	0.00248235	0.256944	0.00168136	0.357506	0.0444068	0.000807335	0.000290664	0.00317421	0.00482191	0.00662744	0.0131972	0.24473	0.000122102	0.00598293
66	0.358623	0.00238815	0.00186499	0.0107564	0.0101094	0.0709145	0.0024297	0.0137743	0.00344285	0.0117512	0.0242514	0.0100987	0.215583	0.0122684	0.00387392	0.206338	0.0240951	0.0153095	0.000495506	0.00163199
67	0.00368534	0.0164862	0.000360094	0.000378445	0.00248924	0.000650775	0.000545245	0.375482	0.00230962	0.0730624	0.0116659	0.000655808	0.000271492	0.000663951	0.00256394	0.00618383	0.00527758	0.496802	0.000116658	0.000350359
68	0.0262248	0.00909891	0.0240434	0.0154731	0.00586615	0.0157869	0.0477456	0.00283453	0.17107	0.0118216	0.00275769	0.0417329	0.00160822	0.128104	0.308508	0.0657783	0.115168	0.00458648	0.000402249	0.00139015
69	0.128393	0.00813558	0.0148207	0.00573527	0.000953098	0.715876	0.00124655	0.00122404	0.00164926	0.00160495	0.00458941	0.00162455	0.00388727	0.00505807	0.0047562	0.08788	0.00586704	0.00508473	0.000245393	0.00136948
70	0.0206068	0.00804289	0.000412106	0.00334305	0.0237922	0.000676336	0.00231502	0.258217	0.00130939	0.357467	0.0435204	0.000787781	0.000302135	0.00285598	0.00459881	0.00609887	0.0125282	0.246908	0.000123846	0.00609464
71	0.164401	0.277619	0.0037758	0.00803614	0.0008289	0.00754065	0.0014086	0.00140842	0.00862117	0.00868183	0.00123375	0.0165158	0.000802938	0.00693267	0.00699314	0.222573	0.145293	0.11613	0.000270887	0.000933464
72	0.0595405	0.029055	0.016694	0.012405	0.00340634	0.0775004	0.0442045	0.0082815	0.321576	0.01101	0.0040459	0.0612925	0.00564165	0.0329197	0.134899	0.150107	0.0137827	0.0108175	0.000637775	0.00218273
73	0.0440167	0.00760196	0.00752126	0.012269	0.0099408	0.00497387	0.0212364	0.12214	0.0310227	0.118327	0.0571981	0.0537485	0.00514973	0.0510617	0.0315077	0.055842	0.166498	0.156911	0.000694371	0.0423393
74	0.00338391	0.0164218	0.000359248	0.000371436	0.00247905	0.000605595	0.000545983	0.376054	0.0023124	0.0731228	0.0116758	0.000653544	0.000270266	0.000662309	0.0025591	0.00609802	0.00508824	0.496897	0.000112653	0.00032628
75	0.0313958	0.00244794	0.00228024	0.0145746	0.00436247	0.00520573	0.0234025	0.0125168	0.455384	0.0117087	0.013166	0.0325234	0.00495987	0.0772782	0.243959	0.0269085	0.0189035	0.0105113	0.000288016	0.00822398
76	0.0100548	0.0101397	0.0046512	0.00896732	0.0460204	0.0114268	0.05305	0.070682	0.0161305	0.209988	0.244886	0.0214806	0.00277999	0.0664238	0.03025	0.0171432	0.0743694	0.0714932	0.00109181	0.0289708
77	0.00562071	0.00355214	0.00385692	0.00733302	0.349993	0.00445092	0.0430412	0.0209616	0.00285897	0.0300055	0.00976835	0.0033967	0.0017244	0.0047212	0.00239705	0.00570271	0.00657573	0.0246145	0.0643558	0.40507
78	0.0750382	0.004145	0.0195556	0.00708829	0.0031307	0.00826546	0.00789088	0.109494	0.044381	0.0867564	0.0213346	0.0065385	0.28885	0.0269092	0.0249499	0.0316377	0.0937995	0.135958	0.000609767	0.00366781
79	0.0537452	0.00710397	0.00738057	0.011279	0.00127839	0.00889192	0.00843693	0.179333	0.033074	0.292449	0.0692358	0.00505013	0.00139502	0.0283276	0.0237999	0.047721	0.0763053	0.139232	0.000287117	0.00567426
80	0.0659705	0.0267219	0.029672	0.0329736	0.00376108	0.0226985	0.0685671	0.00727588	0.0659882	0.0263033	0.0781152	0.141607	0.00711363	0.0828014	0.063479	0.124843	0.0964226	0.0447987	0.000876602	0.0100106
81	0.0216236	0.0291261	0.00494506	0.0249065	0.00499504	0.00805982	0.00613463	0.0908601	0.0188491	0.0180068	0.0507285	0.00963349	0.00331585	0.0340684	0.0309429	0.145366	0.264333	0.224649	0.00154961	0.00790673
82	0.00604157	0.00367665	0.00451716	0.0083856	0.338939	0.00479016	0.0464769	0.0234737	0.00331369	0.0316762	0.0109862	0.00421011	0.00215773	0.00476616	0.00291396	0.00612023	0.00776635	0.0283507	0.0619274	0.39951
83	0.030661	0.00587416	0.0123537	0.0165275	0.0166861	0.00481073	0.0384355	0.124463	0.0187536	0.160002	0.0857543	0.0521264	0.0061413	0.0520464	0.0294257	0.0429589	0.110966	0.144587	0.000962881	0.0464637
84	0.0721641	0.0745904	0.0225078	0.0252644	0.00547545	0.213217	0.0258488	0.00447597	0.0239832	0.0475362	0.0378778	0.0330937	0.00263344	0.00768743	0.0262381	0.260652	0.0765804	0.0167008	0.0167062	0.00676655
85	0.0242805	0.0252638	0.0056974	0.00813712	0.351072	0.0192918	0.0293006	0.0373583	0.00598465	0.0197965	0.00844526	0.00766938	0.00429785	0.00566951	0.0050039	0.0204939	0.00973335	0.0193068	0.0353701	0.357827
86	0.0371795	0.0274533	0.143149	0.0249758	0.00882739	0.0137997	0.0880519	0.00365356	0.00976594	0.0129761	0.00246053	0.366651	0.00143225	0.0092525	0.0238272	0.169565	0.0240658	0.00592781	0.000550948	0.0264348
87	0.0192328	0.0068412	0.00602911	0.00772475	0.0058842	0.00966599	0.0436367	0.00864606	0.0889864	0.0679967	0.0611206	0.0108942	0.289214	0.247677	0.0117273	0.024384	0.0164558	0.0126386	0.00136707	0.0598776
88	0.169427	0.0405864	0.000977267	0.0010276	0.00668872	0.0198964	0.00143412	0.0937083	0.00259689	0.0300537	0.00916122	0.00594913	0.000658444	0.00184596	0.0039266	0.0482594	0.117215	0.441009	0.00239371	0.00318504
89	0.0320002	0.00593511	0.112145	0.478173	0.00107964	0.0121144	0.0229924	0.00354514	0.0661262	0.0270599	0.00778907	0.0338198	0.00400447	0.121482	0.0227173	0.0162998	0.0129414	0.0128575	0.000285642	0.00663197
90	0.0814392	0.0204493	0.00933028	0.0520875	0.0174093	0.0137155	0.0615946	0.0090518	0.0294605	0.0431799	0.0412539	0.0390404	0.126702	0.0384441	0.0436939	0.100729	0.195005	0.0383573	0.000508867	0.038548
91	0.0371066	0.0268882	0.150171	0.0282138	0.00998624	0.0112913	0.0915916	0.0029337	0.00946554	0.012739	0.00227722	0.368034	0.00120205	0.0087613	0.025259	0.155025	0.0246407	0.00499779	0.000537821	0.0288779
92	0.020563	0.00803368	0.000400909	0.00333166	0.0238211	0.000672168	0.00231572	0.258465	0.00131147	0.357288	0.0434213	0.000790062	0.000305713	0.00284217	0.00459177	0.00608836	0.0125233	0.247003	0.000123774	0.00610813
93	0.0190358	0.00808726	0.000467268	0.00307025	0.0339228	0.00110884	0.00230242	0.252393	0.00114642	0.367134	0.0497737	0.000894262	0.000348175	0.00270031	0.00415684	0.00625046	0.0117655	0.227544	0.000134668	0.00776459
94	0.321068	0.0802432	0.00310538	0.00975963	0.00294432	0.202595	0.0227788	0.0443652	0.0174314	0.0430378	0.00607427	0.00474802	0.00162397	0.00635061	0.00900077	0.0943789	0.051358	0.0753719	0.00086417	0.00290071
95	0.33275	0.0824497	0.00287689	0.0102825	0.00288342	0.18525	0.0225691	0.0444176	0.0191994	0.0404283	0.00552411	0.00454309	0.00154352	0.0066972	0.00908645	0.098047	0.0566067	0.0715216	0.000858491	0.00246462
96	0.166411	0.281375	0.00359468	0.00690599	0.00130256	0.0113111	0.00206889	0.00199075	0.00805908	0.0156501	0.00193408	0.0178053	0.00118551	0.00687375	0.00702413	0.190505	0.173483	0.100767	0.000344482	0.00140888
97	0.210079	0.0472417	0.00594129	0.0207339	0.00208525	0.27298	0.0114566	0.0126057	0.0205865	0.0461504	0.0184881	0.00748657	0.00142337	0.00667145	0.0185069	0.159028	0.0807062	0.0524331	0.00345601	0.00193973
98	0.0171038	0.00897298	0.541886	0.0879912	0.00636144	0.00714446	0.0191519	0.00292878	0.00915499	0.0164368	0.0025491	0.158341	0.00230065	0.0169015	0.0123904	0.0636375	0.0124579	0.0048632	0.000463911	0.00896182
99	0.036226	0.0477143	0.0436231	0.0466298	0.0133707	0.0521618	0.0440062	0.0135461	0.052877	0.0188656	0.0151922	0.262218	0.00451562	0.0258502	0.131892	0.0740487	0.0721438	0.0240135	0.00291273	0.018192
100	0.122014	0.0332631	0.0289095	0.0215663	0.00282856	0.115894	0.0109989	0.00163818	0.0085458	0.00370346	0.00627646	0.0998006	0.000964167	0.00238162	0.0138493	0.463957	0.0512468	0.0051047	0.000850091	0.00620799
101	0.00691843	0.0148956	0.000379547	0.000901674	0.00722134	0.000589528	0.000830411	0.354314	0.00194868	0.13653	0.0181105	0.000659908	0.000293043	0.00108723	0.0028599	0.00579648	0.00623947	0.43869	0.000111816	0.00162346
102	0.131724	0.0396656	0.000983696	0.00176901	0.0108814	0.0233935	0.00154072	0.165023	0.00649224	0.0404924	0.0199374	0.00517482	0.000807332	0.00445288	0.0120154	0.0471188	0.134335	0.339641	0.00486309	0.00968928
103	0.00370432	0.00551348	0.00106476	0.00127943	0.0880209	0.00368073	0.00204044	0.146923	0.00160629	0.507489	0.136116	0.002993	0.0019553	0.00203962	0.00190136	0.00578932	0.00742084	0.0560091	0.000272647	0.0241807
104	0.00600896	0.0038289	0.00413297	0.00853707	0.342145	0.0048987	0.0452686	0.0229317	0.00247802	0.0288514	0.00931913	0.00338707	0.00147601	0.00448698	0.00226247	0.00512991	0.00652086	0.0266424	0.0628865	0.408808
105	0.0117767	0.00331297	0.661167	0.136249	0.00626913	0.00814141	0.00414665	0.00281219	0.00856531	0.0115135	0.00212135	0.0753498	0.00201284	0.0142879	0.00596595	0.0282234	0.010236	0.00429191	0.000347473	0.00320942
106	0.0542128	0.0219687	0.00347572	0.00724761	0.00545678	0.0119932	0.00640981	0.228838	0.0215712	0.171166	0.0633784	0.00668742	0.00108961	0.0228479	0.019246	0.0440648	0.127839	0.17065	0.00158428	0.0102723
107	0.0269437	0.00686695	0.00748612	0.0117627	0.00878735	0.0121401	0.049665	0.0148271	0.178561	0.011664	0.00851046	0.0305866	0.00493792	0.0511546	0.480079	0.0351961	0.0335645	0.0206007	0.00078567	0.00588068
108	0.134476	0.017601	0.00919879	0.00749519	0.0184515	0.0306415	0.00867822	0.00509758	0.0920391	0.0595826	0.0376791	0.028191	0.00327189	0.0701901	0.0288011	0.18335	0.198094	0.0623251	0.000927256	0.00390826
109	0.365062	0.00278196	0.00216184	0.00981928	0.00931989	0.0651481	0.00312902	0.0170498	0.00347126	0.0114186	0.0250535	0.0141693	0.219604	0.0116432	0.00425803	0.196035	0.0188295	0.0185076	0.000544967	0.00199278
110	0.0402242	0.00850651	0.00185985	0.00726862	0.0121793	0.00565349	0.00798286	0.233848	0.0102546	0.312236	0.0677381	0.00221999	0.000451749	0.0130203	0.00965508	0.0232809	0.0429491	0.196554	0.000174035	0.0039433
111	0.0455412	0.00821533	0.01576	0.00943575	0.0100239	0.0224892	0.0638896	0.00364097	0.186702	0.00782354	0.00416756	0.0566416	0.00384	0.117081	0.258359	0.0686787	0.108462	0.00716047	0.000475883	0.00161235
112	0.0281447	0.00340741	0.00457036	0.012222	0.0033002	0.00698199	0.0160446	0.00667125	0.404952	0.0076424	0.00737493	0.0329594	0.00449533	0.0727985	0.307304	0.0375664	0.0339325	0.00603621	0.000203372	0.00339211
113	0.0204351	0.00801631	0.000416328	0.00329856	0.0244408	0.000688704	0.00232608	0.25786	0.00125728	0.355966	0.044152	0.000791914	0.000298801	0.00281774	0.00453732	0.0062718	0.0126169	0.247432	0.000118919	0.00625737
114	0.0390019	0.0127909	0.00316186	0.0041628	0.0266152	0.0109938	0.0038039	0.288295	0.0303767	0.062208	0.0160573	0.00816127	0.00222031	0.0111217	0.0434131	0.0560613	0.161783	0.185407	0.00216488	0.0322002
115	0.00438609	0.00349536	0.00158529	0.00240338	0.0328369	0.0118981	0.0167789	0.0363982	0.00866138	0.248572	0.463784	0.0108385	0.00386747	0.0394569	0.0136687	0.0115185	0.0582642	0.0205782	0.000390452	0.0106171
116	0.115518	0.00205739	0.0450959	0.103301	0.00558605	0.0220262	0.0180869	0.00569804	0.0889891	0.0289979	0.0226348	0.0722509	0.0136776	0.102606	0.0600277	0.145104	0.106354	0.0362075	0.00422589	0.00155539
117	0.00556354	0.00392384	0.00199832	0.00272121	0.0574058	0.00789743	0.023753	0.0280885	0.0133107	0.251261	0.425616	0.0197927	0.0056296	0.035775	0.0195867	0.0209411	0.0454207	0.0168413	0.000513849	0.0139598
118	0.0313624	0.00420929	0.0018253	0.0101532	0.00308806	0.00892118	0.011015	0.00586534	0.430725	0.00582898	0.00687522	0.0372023	0.00462661	0.0547479	0.318911	0.0393274	0.0167368	0.00512371	0.000226221	0.00322848
119	0.0641531	0.0934903	0.00434752	0.00616115	0.00388231	0.00727958	0.00703591	0.0219196	0.00729231	0.0250656	0.0221154	0.026733	0.0759677	0.00808693	0.00843234	0.374141	0.189138	0.0300007	0.00090033	0.0238571
120	0.0607197	0.0183423	0.0228033	0.0326794	0.0130766	0.0235411	0.0380762	0.0154865	0.0441072	0.0301658	0.0250158	0.18125	0.0104033	0.0864405	0.0488747	0.119865	0.161188	0.0471283	0.00397457	0.0168619
121	0.190872	0.08438	0.0705894	0.00709626	0.00411915	0.0247885	0.00525448	0.0043029	0.0827178	0.0121633	0.00514536	0.0102363	0.00240334	0.0856341	0.0566447	0.266959	0.0552253	0.0273594	0.000931283	0.00317723
122	0.0205861	0.00805007	0.000400543	0.00334437	0.0238044	0.000674874	0.00231707	0.258323	0.00130886	0.357462	0.0434696	0.000788313	0.000302748	0.00284257	0.00458991	0.00609699	0.0125243	0.24689	0.000123846	0.00610047
123	0.156978	0.267215	0.00868508	0.00810792	0.00190104	0.0115413	0.00162287	0.00174798	0.0100573	0.00578024	0.00138026	0.0191892	0.000727044	0.0125053	0.0113125	0.289355	0.103309	0.0873225	0.000278796	0.000984339
124	0.00680721	0.00474007	0.00366845	0.00758587	0.374705	0.00499367	0.0395569	0.019259	0.0026162	0.0241694	0.00742401	0.0032691	0.00101852	0.00468923	0.00246287	0.00595886	0.00559251	0.0209657	0.0648914	0.395626
125	0.0823916	0.131513	0.0461979	0.0132784	0.00707133	0.0259711	0.0231654	0.0104771	0.0179622	0.0134399	0.00838755	0.200343	0.00713274	0.014389	0.0182351	0.270286	0.0556259	0.0412117	0.00158487	0.0113368
126	0.0565113	0.0158856	0.0235197	0.0181654	0.0119717	0.02025	0.0300775	0.0176173	0.0346406	0.0263343	0.0148947	0.131952	0.367304	0.0307968	0.0296646	0.0780537	0.0466759	0.0300539	0.00241939	0.0132119
127	0.00842184	0.00675203	0.00293712	0.00558791	0.0230572	0.0110568	0.024386	0.0718735	0.0110786	0.16717	0.384655	0.0120257	0.00235473	0.0812149	0.0267406	0.0133559	0.0801327	0.0452408	0.000800419	0.021158
128	0.0351721	0.0091413	0.10153	0.348348	0.00325999	0.0095473	0.0203463	0.0175734	0.0730132	0.0394142	0.0107613	0.0733177	0.00346637	0.130653	0.0375062	0.0206094	0.0254942	0.024429	0.000567333	0.0158502
129	0.2673	0.00221651	0.00497458	0.00853715	0.00647599	0.0503566	0.00621147	0.0161318	0.00936499	0.01369	0.0165761	0.0108081	0.375468	0.0112514	0.00496599	0.153344	0.0177186	0.0224863	0.000534511	0.00158854
130	0.0126817	0.00465524	0.0114915	0.00251624	0.275417	0.00434644	0.0573748	0.0385725	0.0303673	0.0881433	0.0626734	0.0356431	0.031884	0.00934757	0.0144179	0.0267869	0.0323181	0.0248447	0.004393	0.232126
131	0.0166185	0.00617504	0.00721561	0.0187438	0.0203498	0.00458104	0.0481332	0.0757068	0.021062	0.077608	0.101051	0.160929	0.00398144	0.0490709	0.0193235	0.0334537	0.126447	0.16587	0.000902153	0.0427773
132	0.00400069	0.00551988	0.00121271	0.00130679	0.0908518	0.00372126	0.00279713	0.141521	0.00241994	0.507849	0.135873	0.00366999	0.00215749	0.00299306	0.00286369	0.00622713	0.00791308	0.0521334	0.000335093	0.0246337
133	0.174197	0.042615	0.00091414	0.000940578	0.00680883	0.019786	0.00130051	0.0932517	0.00171765	0.0314032	0.00927359	0.00536923	0.000586176	0.00156738	0.00384932	0.0450963	0.116713	0.439115	0.00241369	0.00308252
134	0.186126	0.0474292	0.000874988	0.00108328	0.00645089	0.0263471	0.00222162	0.0928176	0.0022262	0.0350605	0.008852	0.00504247	0.000602755	0.00162328	0.00379853	0.0464492	0.109733	0.417904	0.00227494	0.00308256
135	0.151518	0.0127261	0.012252	0.00499414	0.00117976	0.683107	0.00179601	0.00213274	0.00217192	0.00316805	0.00495815	0.00204241	0.00451133	0.00495566	0.00587851	0.0871756	0.00752552	0.00633473	0.000354333	0.00121846
136	0.100279	0.0900833	0.0245693	0.0105716	0.0066536	0.0716239	0.00593829	0.00277486	0.00602445	0.0036506	0.00353544	0.0488453	0.00186078	0.0043046	0.00932123	0.545544	0.0450081	0.0144575	0.00139585	0.00355838
137	0.00794421	0.00228799	0.681788	0.152896	0.00630818	0.00614104	0.00262519	0.00216784	0.00680872	0.010526	0.00187791	0.0651601	0.00114334	0.0131395	0.00365728	0.0217082	0.00785615	0.00344563	0.000368055	0.00215054
138	0.0235055	0.0127816	0.489509	0.0641091	0.00686061	0.00776001	0.025072	0.00403222	0.0137097	0.012978	0.00319433	0.20948	0.00177849	0.0116238	0.0153317	0.0648462	0.0158923	0.00564434	0.000607793	0.0112837
139	0.0294772	0.0500122	0.0039485	0.0350052	0.0598441	0.122091	0.121555	0.0041391	0.021001	0.0193337	0.006025	0.076672	0.00230619	0.0577306	0.0208213	0.149997	0.0988414	0.00637192	0.0236476	0.0911792
140	0.0362371	0.0362315	0.14351	0.0180281	0.00726664	0.0125258	0.0526666	0.0061334	0.0294767	0.0144764	0.00601862	0.361119	0.00194216	0.0242113	0.0378788	0.147873	0.0237047	0.0102047	0.000828371	0.0296679
141	0.00566753	0.00450419	0.00310972	0.00649878	0.38482	0.00485736	0.0380571	0.0184722	0.00132189	0.0216565	0.00608891	0.00210894	0.000476218	0.00390951	0.00129959	0.00449508	0.0043103	0.0197022	0.0618559	0.406789
142	0.0119526	0.00270292	0.659169	0.155406	0.00595898	0.00744172	0.00412398	0.00273341	0.00770823	0.0106831	0.00197625	0.065096	0.0018963	0.0141105	0.00558461	0.0261027	0.00980013	0.00431761	0.000355098	0.00288042
143	0.0504877	0.0128765	0.00329863	0.00571963	0.010578	0.0172499	0.00753121	0.265622	0.0148001	0.161672	0.12417	0.0114513	0.00132686	0.0160395	0.0138553	0.0453516	0.107267	0.122198	0.00134227	0.00716243
144	0.0238503	0.00633189	0.00756158	0.0105865	0.00787081	0.0123202	0.0540369	0.017749	0.170851	0.011742	0.00759343	0.0301742	0.00540352	0.0484631	0.482693	0.0350113	0.0351953	0.0256613	0.000694072	0.00621031
145	0.0205158	0.0167278	0.0239887	0.0110196	0.0259885	0.00819591	0.0368551	0.0163715	0.222162	0.00862491	0.00268401	0.268156	0.00139251	0.0131709	0.188023	0.0224439	0.0107593	0.0178478	0.00988627	0.0751864
146	0.00386709	0.0041704	0.00146515	0.00183572	0.0769236	0.00616818	0.0142308	0.0549817	0.0072179	0.37871	0.327343	0.0139811	0.00748579	0.0170215	0.00897691	0.0122841	0.0243623	0.0239507	0.000316633	0.0147066
147	0.0378101	0.0403747	0.0229883	0.0130103	0.00311865	0.0206912	0.0674332	0.015697	0.057255	0.0304159	0.0860928	0.191667	0.00161292	0.0855993	0.0582189	0.0831334	0.114135	0.062086	0.000488617	0.00817137
148	0.00343978	0.0162495	0.000389224	0.000370465	0.00260228	0.000627601	0.000589248	0.375129	0.00243704	0.0728882	0.0119927	0.000660967	0.000268778	0.000689819	0.00268283	0.00631808	0.0051427	0.49706	0.000119076	0.000343306
149	0.005531	0.003838	0.00344764	0.00714283	0.356632	0.00463054	0.0423573	0.0194393	0.00182539	0.0256616	0.00759949	0.00238348	0.000855347	0.00439073	0.00161473	0.0043577	0.00487057	0.0223376	0.0637553	0.41733
150	0.0286545	0.00431004	0.00661046	0.0113228	0.00666641	0.0107569	0.0184022	0.0308281	0.364055	0.0135992	0.0168772	0.0211279	0.00451946	0.0680767	0.248401	0.0331183	0.0394012	0.0647763	0.000302543	0.00819332
151	0.127505	0.00809167	0.0149452	0.00570107	0.000896736	0.717028	0.00127394	0.00123631	0.00165815	0.00159554	0.00457901	0.00164089	0.0038511	0.00507716	0.00474279	0.0874863	0.00589327	0.00509398	0.000243461	0.00146111
152	0.0128203	0.00519067	0.00636642	0.00652973	0.273349	0.00714497	0.132038	0.02302	0.0254349	0.051379	0.0298084	0.0380357	0.0144826	0.0280187	0.0239886	0.0258984	0.0217305	0.0224537	0.0213873	0.230923
153	0.0998955	0.0288295	0.00182368	0.0027031	0.0107089	0.0219325	0.00270565	0.20136	0.0121352	0.0600515	0.023191	0.0068429	0.00197262	0.00835596	0.0159958	0.0447747	0.154622	0.287373	0.00301328	0.0117133
154	0.155004	0.016553	0.0330556	0.0205797	0.00176947	0.128209	0.0118685	0.00194568	0.0117912	0.00374946	0.00891803	0.140049	0.0010466	0.0028754	0.0155882	0.396771	0.0406408	0.00383768	0.000787933	0.00496013
155	0.361126	0.0025831	0.0019381	0.0104222	0.00981062	0.0706864	0.00245381	0.0144907	0.00332118	0.0116267	0.0237372	0.0107008	0.218435	0.0120083	0.00381102	0.203668	0.0210066	0.0160448	0.000460733	0.00166848
156	0.0321251	0.022597	0.000709012	0.000865687	0.00400698	0.00404183	0.000941463	0.320294	0.00291354	0.0737529	0.0125196	0.00202918	0.000444503	0.00163456	0.00372829	0.0135977	0.0269688	0.474257	0.000617766	0.00195481
157	0.00691191	0.00449517	0.00137892	0.00253919	0.039033	0.00868799	0.0115294	0.0880781	0.00708806	0.34055	0.329508	0.00653852	0.00228351	0.0252615	0.0103926	0.0100968	0.0475286	0.0447521	0.000340491	0.0130065
158	0.0989985	0.107608	0.0339286	0.0100921	0.00967577	0.0663662	0.00575912	0.00313776	0.00942042	0.00496035	0.00412487	0.035965	0.00196012	0.00879047	0.0113304	0.517345	0.048606	0.0170123	0.00134109	0.00357766
159	0.003645	0.0163297	0.000362589	0.000406571	0.00285279	0.000612302	0.000578721	0.374265	0.0022782	0.0775135	0.0120713	0.000653848	0.000271546	0.000691236	0.00258183	0.00605101	0.00512431	0.493169	0.000118101	0.000422583
160	0.0978468	0.0163932	0.349126	0.146879	0.00302113	0.0307927	0.0324719	0.00852047	0.0107015	0.0111999	0.00433031	0.0649091	0.0112065	0.00803802	0.024308	0.108427	0.0408156	0.0199283	0.000738184	0.0103467
161	0.00566753	0.00450419	0.00310972	0.00649878	0.38482	0.00485736	0.0380571	0.0184722	0.00132189	0.0216565	0.00608891	0.00210894	0.000476218	0.00390951	0.00129959	0.00449508	0.0043103	0.0197022	0.0618559	0.406789
162	0.189814	0.0124135	0.00230844	0.00198007	0.00178895	0.0120805	0.0160675	0.00204413	0.00290183	0.00286423	0.00218057	0.0462331	0.00117361	0.00297408	0.00305268	0.668684	0.00568913	0.00347132	0.0208485	0.00142964
163	0.106729	0.00752393	0.00967961	0.0112075	0.00509997	0.0246713	0.0178562	0.0107487	0.0226124	0.0203664	0.0104954	0.0141413	0.516559	0.0200849	0.0111104	0.131454	0.032117	0.0229946	0.000829091	0.00371979
164	0.0525453	0.0147928	0.0578023	0.0243012	0.0113072	0.0186515	0.0206895	0.111799	0.0348088	0.121211	0.0351568	0.0330341	0.0164683	0.0375333	0.0392848	0.108802	0.165682	0.0770332	0.00266866	0.0164284
165	0.130648	0.00833682	0.0148383	0.00582247	0.00152712	0.699176	0.00203457	0.00144104	0.00222323	0.00223064	0.00531569	0.00363841	0.00680122	0.00552643	0.0056328	0.089547	0.00740478	0.00581252	0.00033751	0.00170626
166	0.0166204	0.00609781	0.0228134	0.0298525	0.00489699	0.00960146	0.0493985	0.0038637	0.135226	0.0209991	0.00229872	0.0321967	0.00126605	0.142633	0.349652	0.047817	0.118556	0.00378685	0.000426486	0.0019966
167	0.0431243	0.00453828	0.0771229	0.418642	0.00404434	0.0311409	0.0210037	0.00647508	0.107207	0.0211967	0.0210598	0.0183489	0.00582379	0.0944108	0.0358656	0.035727	0.0185701	0.0287053	0.000744043	0.00624927
168	0.0168162	0.00779705	0.000566593	0.0029101	0.0421732	0.00153486	0.00231927	0.241229	0.00127361	0.381631	0.059258	0.00111963	0.000422797	0.00275929	0.00400205	0.00620482	0.0114593	0.206477	0.000145983	0.00990018
169	0.189997	0.0457069	0.00109808	0.00180982	0.00678071	0.0247538	0.00246971	0.0902911	0.00251115	0.031267	0.00908494	0.00531564	0.000857538	0.00237594	0.00418554	0.0462262	0.112265	0.417342	0.00250069	0.00316083
170	0.0771997	0.0192477	0.00157681	0.00176234	0.00615026	0.0117842	0.00213263	0.00229174	0.00296748	0.00298494	0.00212241	0.00297296	0.00123007	0.002863	0.00302249	0.477569	0.368351	0.011771	0.000472729	0.00152738
171	0.152517	0.0103197	0.0121671	0.00474961	0.0010888	0.699324	0.00132675	0.00143816	0.00180714	0.0018815	0.00415525	0.0018464	0.00502565	0.00471689	0.00575725	0.0800603	0.00562571	0.00470209	0.000237954	0.00125289
172	0.123773	0.0113844	0.0151432	0.00662106	0.00117259	0.673409	0.00250813	0.00138534	0.00275677	0.00412025	0.00612234	0.00427815	0.00363461	0.00527365	0.00592972	0.113067	0.0103796	0.00680598	0.000600943	0.00163492
173	0.00547991	0.00382855	0.00340735	0.00740661	0.355789	0.00463753	0.0413972	0.0193004	0.00131044	0.0240643	0.00678776	0.00208659	0.000479007	0.00440405	0.00137522	0.00401678	0.00461471	0.022743	0.0651138	0.421758
174	0.012861	0.00339597	0.665457	0.138929	0.00694426	0.00737364	0.00394751	0.00317685	0.00807636	0.0113222	0.00233701	0.068361	0.00162145	0.0135837	0.00559925	0.0281226	0.0108523	0.00442557	0.000391031	0.00322305
175	0.0327135	0.00452962	0.00293947	0.00913866	0.00487835	0.0150995	0.0159847	0.00584358	0.42616	0.00523192	0.00627509	0.0403948	0.00445079	0.0483515	0.30489	0.0492938	0.0148944	0.00551016	0.000201102	0.00321944
176	0.0610764	0.0224405	0.00144432	0.00154312	0.00616323	0.0117293	0.00198823	0.00185738	0.00252989	0.00268633	0.00189789	0.002819	0.00124894	0.00240832	0.00268678	0.494411	0.367546	0.0117725	0.000419635	0.00133124
177	0.00681219	0.00224795	0.684264	0.154297	0.00645402	0.00608063	0.00219734	0.00215915	0.00679105	0.0103946	0.00185575	0.0651244	0.00104824	0.0134353	0.00344353	0.0205095	0.00731565	0.00313904	0.000362011	0.00206905
178	0.00340017	0.0164824	0.000359632	0.000374987	0.00247735	0.000605593	0.000547521	0.376056	0.00232489	0.073078	0.0117282	0.000656972	0.000272304	0.000668924	0.00256743	0.00609855	0.00515328	0.496709	0.000112653	0.000325597
179	0.00662306	0.00412819	0.0037381	0.00796318	0.34988	0.00518477	0.0428504	0.0206714	0.00204669	0.0259551	0.00808381	0.00299341	0.00123029	0.00449057	0.00174527	0.00491487	0.00569203	0.0237964	0.0624705	0.415542
180	0.00694068	0.00420815	0.00388942	0.00843368	0.336536	0.00527553	0.0545046	0.020457	0.00520378	0.0294323	0.0114245	0.00607867	0.00287977	0.00619661	0.00381618	0.00706196	0.00803171	0.0240098	0.0571438	0.398475
181	0.11317	0.0254337	0.0168291	0.0198877	0.0147828	0.143622	0.0281525	0.0136186	0.0300844	0.0700269	0.0266637	0.112783	0.0112825	0.0321859	0.0304957	0.10923	0.154923	0.0274131	0.00492818	0.014488
182	0.0315211	0.00217249	0.00186255	0.0142224	0.0026007	0.00478167	0.0112469	0.00952486	0.464565	0.0085861	0.0104151	0.0315685	0.0087937	0.0771182	0.264491	0.0271652	0.0178697	0.00710506	0.0001357	0.00425471
183	0.0280108	0.0059397	0.00946202	0.0122067	0.00913123	0.0120199	0.0567057	0.0166813	0.166362	0.0131403	0.00863869	0.0376633	0.00388918	0.046831	0.472147	0.0381391	0.0331371	0.0229782	0.000578485	0.00633812
184	0.0165875	0.00791874	0.00708211	0.00636571	0.0369364	0.0137674	0.0210049	0.0496116	0.0147215	0.205822	0.400034	0.0178222	0.00686834	0.0433118	0.0209107	0.02419	0.0573316	0.0311736	0.00119357	0.0173464
185	0.12775	0.012176	0.0126096	0.0143381	0.0165005	0.0189635	0.201622	0.0155812	0.0880152	0.0246824	0.0617674	0.0377573	0.0151172	0.159386	0.0467796	0.0594544	0.0386947	0.0241852	0.00234694	0.0222722
186	0.0228497	0.00584813	0.00513083	0.00451069	0.0324654	0.0230674	0.280366	0.0252068	0.0877302	0.00752291	0.00534112	0.0495637	0.00313377	0.0936254	0.229397	0.0634129	0.0249754	0.00779901	0.000791339	0.0272622
187	0.00338391	0.0164218	0.000359248	0.000371436	0.00247905	0.000605595	0.000545983	0.376054	0.0023124	0.0731228	0.0116758	0.000653544	0.000270266	0.000662309	0.0025591	0.00609802	0.00508824	0.496897	0.000112653	0.00032628
188	0.0157223	0.00570484	0.00630422	0.00666664	0.207045	0.00622849	0.0480516	0.0431605	0.0340188	0.140971	0.0468442	0.0347014	0.00836766	0.0340978	0.031632	0.0855388	0.0813436	0.0588321	0.0381006	0.0666693
189	0.153519	0.266967	0.0091605	0.00776543	0.00199821	0.0124205	0.00156225	0.00176068	0.00954614	0.0058335	0.00127398	0.0204096	0.000723623	0.0119517	0.0112069	0.289582	0.105017	0.0880168	0.000290987	0.000993013
190	0.172597	0.0424858	0.000922153	0.000953813	0.0068584	0.0195902	0.00132985	0.0934591	0.0018109	0.0312041	0.00947896	0.00535348	0.000640578	0.00164949	0.00389349	0.0451987	0.117879	0.43913	0.00245427	0.00311104
191	0.0908862	0.0457503	0.00431227	0.00563909	0.00294571	0.025259	0.0340018	0.0442944	0.290578	0.0936057	0.0173381	0.0423888	0.00234496	0.0532013	0.129555	0.0800286	0.0260052	0.0075723	0.000754443	0.00353866
