238	20
1	0.0922517	0.0233294	0.00361833	0.0329779	0.0328576	0.00614483	0.00403935	0.193481	0.0495747	0.0965284	0.0583611	0.0135635	0.00808526	0.0310374	0.0270888	0.0536911	0.113936	0.149433	0.00531077	0.00468898
2	0.0123936	0.0224694	0.00256721	0.00702033	0.295405	0.00532036	0.00510421	0.0625487	0.0114318	0.367178	0.0199582	0.00684605	0.0192819	0.00840613	0.0252515	0.0247492	0.0161022	0.064867	0.00249381	0.0206062
3	0.188172	0.0190596	0.0270161	0.00569828	0.00347165	0.0710091	0.00618451	0.0129422	0.0162803	0.0319413	0.00264744	0.0357422	0.0121512	0.00964085	0.0396818	0.410807	0.073126	0.024826	0.00364888	0.00595393
4	0.122381	0.0140087	0.0115174	0.00720168	0.00726223	0.0116866	0.0477172	0.0473786	0.0473186	0.0184337	0.0199784	0.198101	0.00397518	0.0352595	0.0299895	0.186598	0.122538	0.0599071	0.00118212	0.0075652
5	0.0416616	0.00613179	0.195201	0.198223	0.00500576	0.0192634	0.0324782	0.0245537	0.114968	0.0184725	0.0100262	0.117572	0.00277742	0.0361715	0.032979	0.0672093	0.0469249	0.021344	0.00229988	0.00673785
6	0.280302	0.0712212	0.0481601	0.0102634	0.00901557	0.0477942	0.00919317	0.00901762	0.00845612	0.0269387	0.00456173	0.0119329	0.00745711	0.00846209	0.0241165	0.296278	0.058675	0.0482818	0.0055654	0.0143074
7	0.012043	0.00848229	0.000971518	0.00153832	0.0450742	0.00137764	0.00451446	0.129998	0.00633317	0.428627	0.210292	0.00995679	0.0014602	0.00521467	0.011893	0.010979	0.0282611	0.067454	0.00455623	0.0109739
8	0.0424528	0.00921599	0.0128145	0.0575453	0.0151406	0.0166983	0.020364	0.0622888	0.291318	0.069174	0.0418359	0.050074	0.0053301	0.0447131	0.101499	0.0435756	0.0454406	0.057203	0.00372572	0.00958982
9	0.0644632	0.00462115	0.0058538	0.00454586	0.00872921	0.00322202	0.00364902	0.00838974	0.0166682	0.135184	0.00972208	0.0168715	0.511244	0.0169016	0.0300212	0.11463	0.026395	0.010814	0.00132876	0.00674515
10	0.156573	0.00915504	0.013867	0.00469897	0.00357922	0.0570995	0.00747323	0.0293672	0.0193035	0.0242342	0.00487798	0.0596852	0.00662399	0.0137522	0.0195395	0.425027	0.113537	0.0250937	0.00180742	0.00470505
11	0.0271981	0.0479322	0.015324	0.0342364	0.0145588	0.028131	0.0344305	0.0124548	0.320292	0.081631	0.0214877	0.0632847	0.0112039	0.029361	0.133782	0.0361593	0.0507598	0.0120288	0.00920125	0.0165434
12	0.0129751	0.0104144	0.000514395	0.00150513	0.0637297	0.000759924	0.0060082	0.129872	0.00431428	0.555092	0.0735648	0.00747377	0.00149809	0.00731492	0.00831536	0.0094854	0.0253838	0.0665128	0.00385022	0.0114156
13	0.0302081	0.0418364	0.00898345	0.0679256	0.00973401	0.00913168	0.0451278	0.0174228	0.185812	0.112811	0.00918243	0.0246734	0.00581904	0.222745	0.127573	0.0405132	0.0179268	0.0150222	0.00244757	0.00510367
14	0.0205891	0.0840025	0.0550756	0.114764	0.0315299	0.0103915	0.0511692	0.015482	0.0588151	0.0731801	0.0108504	0.0311311	0.0318816	0.10843	0.206869	0.0379883	0.0242605	0.0132921	0.00718336	0.0131151
15	0.00475467	0.0396027	0.0164559	0.0142616	0.083739	0.00346709	0.313199	0.0199843	0.0140301	0.0319169	0.0203545	0.0449136	0.0138934	0.0284607	0.0232677	0.0318831	0.0176058	0.0149292	0.00497533	0.258306
16	0.0159221	0.020007	0.00356474	0.0177979	0.266688	0.00562015	0.00677617	0.0703921	0.031831	0.332612	0.0216238	0.00810107	0.0177372	0.0118292	0.0237172	0.0381391	0.021671	0.0527518	0.00467711	0.0285413
17	0.0350044	0.00858978	0.0946501	0.23674	0.00462826	0.0201328	0.0307577	0.0302738	0.164981	0.0302764	0.0158976	0.0837446	0.00453859	0.0585953	0.0403464	0.0591428	0.053113	0.020447	0.000285279	0.00785557
18	0.515972	0.013352	0.011277	0.0234985	0.00236382	0.020659	0.00242219	0.0090004	0.00394733	0.0190117	0.00704369	0.0105592	0.0226257	0.0160953	0.00187707	0.108826	0.121734	0.0864109	0.000427261	0.00289693
19	0.0577389	0.00609099	0.0188171	0.0112672	0.0123564	0.00756393	0.00668197	0.0137309	0.0283125	0.119239	0.00722504	0.0174766	0.216262	0.028886	0.0220606	0.376511	0.0236543	0.016073	0.00199507	0.00805746
20	0.0058362	0.0437053	0.0178364	0.0075691	0.307558	0.00632559	0.0489954	0.0236764	0.0115483	0.0467978	0.0169562	0.0259631	0.00743381	0.014843	0.0117564	0.0305573	0.0191508	0.0178653	0.00489181	0.330734
21	0.0301681	0.00620901	0.00818811	0.0761786	0.024764	0.0107375	0.0208843	0.115141	0.145935	0.11399	0.0589718	0.0383722	0.00341863	0.0734565	0.0801389	0.0421188	0.0610218	0.0744294	0.00849383	0.0073832
22	0.0393253	0.0137584	0.00546969	0.0119653	0.0350595	0.00854263	0.00202897	0.317596	0.00701452	0.113843	0.048793	0.00763206	0.00347161	0.00856301	0.00856415	0.0311303	0.0439804	0.28706	0.00319981	0.00300284
23	0.350204	0.0182278	0.0245304	0.0232597	0.00301039	0.0444978	0.00302941	0.00937215	0.00602979	0.0226644	0.00574674	0.015253	0.017963	0.0125399	0.0105681	0.259192	0.101903	0.0657113	0.00207939	0.0042176
24	0.00481966	0.0489214	0.0224636	0.018421	0.140409	0.00387076	0.0775923	0.0338575	0.0163981	0.0891923	0.0289809	0.0427476	0.00758334	0.0325257	0.0139669	0.03276	0.0197858	0.0140481	0.00549699	0.34616
25	0.0194332	0.0378145	0.0144152	0.0549576	0.0228958	0.010344	0.0862135	0.0147477	0.138679	0.142079	0.030324	0.0641394	0.0104532	0.0970608	0.155195	0.0313844	0.035427	0.0129439	0.00690167	0.0145916
26	0.0230947	0.0103302	0.00294979	0.00705347	0.0276702	0.00739702	0.00302819	0.418304	0.00265676	0.104533	0.0407097	0.00528726	0.00295384	0.00473276	0.0076485	0.0203538	0.0397328	0.266854	0.00238445	0.00232538
27	0.511404	0.013231	0.010871	0.0230371	0.00251715	0.020376	0.00302344	0.00987074	0.0043216	0.0194121	0.0072445	0.0116611	0.0221582	0.0163158	0.00239556	0.108592	0.123362	0.086901	0.000443118	0.00286255
28	0.0157271	0.03133	0.00662171	0.053457	0.0116577	0.00986979	0.0783194	0.00787821	0.200188	0.0733677	0.00911769	0.0338096	0.00687109	0.20665	0.185767	0.0263792	0.0193308	0.00975278	0.00398315	0.00992168
29	0.252838	0.0448576	0.0537757	0.0366466	0.0071841	0.0158563	0.0109475	0.0291159	0.0419782	0.0281218	0.0105616	0.0392005	0.0100729	0.0484972	0.00975144	0.16717	0.131238	0.05411	0.001522	0.00655454
30	0.0395513	0.0120026	0.0270899	0.128573	0.00938291	0.0936111	0.0164795	0.0216283	0.260004	0.0622629	0.0459278	0.0751601	0.00544561	0.0371779	0.0656365	0.0381011	0.0341953	0.0184751	0.00198496	0.00730973
31	0.0328015	0.00888307	0.0537106	0.179428	0.00566567	0.0178138	0.0290272	0.0303033	0.245753	0.0366544	0.0185874	0.0788621	0.0063858	0.0719609	0.0476431	0.0546489	0.0464724	0.0213271	0.00105847	0.0130128
32	0.120304	0.00602794	0.00670416	0.00556363	0.00894045	0.00441109	0.00490296	0.00914047	0.0257678	0.168086	0.0172929	0.0317639	0.385657	0.0146027	0.0339212	0.115574	0.022772	0.00999454	0.00192079	0.00665239
33	0.00396094	0.0380346	0.0164862	0.0139083	0.0949626	0.00274499	0.299052	0.0205465	0.0102827	0.0328795	0.0185348	0.0405818	0.0123197	0.0292627	0.0208534	0.032222	0.0172628	0.0163537	0.00515483	0.274596
34	0.101491	0.0179922	0.00612799	0.00491518	0.00747731	0.0101831	0.0121375	0.11887	0.0263924	0.0246466	0.0194827	0.0623401	0.0183351	0.0168421	0.0148196	0.157071	0.336253	0.0339573	0.0016612	0.00900497
35	0.0276499	0.0111432	0.00265911	0.00928198	0.0325101	0.00642026	0.00487839	0.39645	0.00540302	0.118797	0.0357085	0.00521836	0.00603054	0.00621764	0.012638	0.0195781	0.0468727	0.247015	0.00236319	0.00316482
36	0.0559545	0.0111424	0.0475841	0.0595738	0.00794387	0.604963	0.00297478	0.00415456	0.00615329	0.00658371	0.00226046	0.0180459	0.0018025	0.00625068	0.0343138	0.0847377	0.0148321	0.0232455	0.00546873	0.00201429
37	0.0272773	0.00679909	0.0581445	0.342053	0.00690616	0.019658	0.0260227	0.0221272	0.160026	0.0272018	0.012755	0.0686988	0.0056014	0.0646288	0.0369954	0.0522467	0.0370439	0.0184613	0.000255708	0.00709713
38	0.0331922	0.00930547	0.0807836	0.2003	0.0046007	0.0189745	0.0331272	0.0313282	0.177763	0.0349051	0.0158456	0.0895344	0.0058531	0.0701771	0.0462975	0.0623009	0.0549402	0.0215075	0.000318006	0.00894514
39	0.0165729	0.0107628	0.000867546	0.00974766	0.0842786	0.00131477	0.00835833	0.125087	0.0121213	0.485467	0.0360089	0.00709651	0.0138365	0.014153	0.0295977	0.0109119	0.031291	0.0898914	0.00207985	0.0105559
40	0.0236943	0.0092541	0.00293652	0.00866784	0.0269188	0.00893594	0.00222345	0.388502	0.00272041	0.0993838	0.0451203	0.00543463	0.00255157	0.00505325	0.00732428	0.0228208	0.0346988	0.299255	0.00241994	0.00208447
41	0.0241	0.0100099	0.00527765	0.0242394	0.0812068	0.0105996	0.0128692	0.107739	0.217401	0.179564	0.0779941	0.0194318	0.00539075	0.0298459	0.0407623	0.0540982	0.0391337	0.0430783	0.00645763	0.0108009
42	0.0609897	0.00560875	0.00604644	0.00498426	0.00933266	0.00377433	0.00398124	0.00998165	0.017095	0.135756	0.00986461	0.0165775	0.499596	0.0178864	0.0314258	0.115175	0.0319433	0.0114769	0.00136666	0.00713794
43	0.181304	0.21154	0.019964	0.00649918	0.0483458	0.0214197	0.00861268	0.0120137	0.01074	0.0301951	0.00632166	0.0126219	0.00558094	0.00921641	0.0218565	0.264151	0.0261956	0.0441035	0.00720095	0.052117
44	0.123842	0.0478406	0.00870919	0.0180765	0.0233378	0.00408795	0.00220125	0.163879	0.0233868	0.0949997	0.0545967	0.00831348	0.0245364	0.0199956	0.0115946	0.0913689	0.165771	0.10536	0.00149747	0.00660431
45	0.0287835	0.00541141	0.00215117	0.0478136	0.0303088	0.00942868	0.0180286	0.12388	0.173037	0.143847	0.0599152	0.0281175	0.00294391	0.0570354	0.0777046	0.03706	0.0569748	0.0846964	0.00684143	0.00602115
46	0.0348045	0.00872533	0.104512	0.218621	0.00616406	0.0198042	0.0332228	0.0325768	0.164334	0.0293316	0.0148097	0.0870393	0.00466065	0.0575618	0.0405775	0.0588958	0.0525818	0.0230303	0.000623445	0.00812315
47	0.0687651	0.0176993	0.0032867	0.0207294	0.0328416	0.00870618	0.00192904	0.272354	0.0179768	0.0989267	0.0572892	0.0101363	0.0039803	0.0137285	0.0137661	0.0355868	0.0709372	0.240535	0.00711992	0.00370573
48	0.0236923	0.00974041	0.00267705	0.00888285	0.0320428	0.0069992	0.00341729	0.392279	0.00464624	0.115087	0.0387079	0.00503841	0.00641666	0.00617028	0.0134709	0.0199629	0.0404421	0.265253	0.00220348	0.00287067
49	0.0482439	0.00422664	0.00673177	0.00961535	0.0167771	0.00381786	0.00580092	0.0139242	0.014878	0.134328	0.0058468	0.0123365	0.388835	0.0402674	0.0185449	0.216739	0.0249172	0.0198224	0.00140656	0.0129403
50	0.0139106	0.0112115	0.000619516	0.00187821	0.0601538	0.000924631	0.00686985	0.138484	0.00500674	0.529802	0.0798007	0.00748165	0.00194856	0.00692446	0.00900155	0.0108662	0.0250013	0.0758211	0.00361245	0.0106808
51	0.0242574	0.0103155	0.00615449	0.00729382	0.0668766	0.0138793	0.00506647	0.032898	0.0123667	0.244548	0.013317	0.0310149	0.0168021	0.0120025	0.0103106	0.447046	0.0164457	0.0185146	0.00256275	0.00832781
52	0.0360074	0.00164239	0.357984	0.0507452	0.00557705	0.0127344	0.0443417	0.015764	0.0358466	0.00523978	0.00119376	0.277949	0.000941938	0.00843104	0.0177977	0.0588186	0.0301814	0.0244962	0.00642568	0.00788158
53	0.0360074	0.00164239	0.357984	0.0507452	0.00557705	0.0127344	0.0443417	0.015764	0.0358466	0.00523978	0.00119376	0.277949	0.000941938	0.00843104	0.0177977	0.0588186	0.0301814	0.0244962	0.00642568	0.00788158
54	0.107245	0.0272351	0.00379539	0.0142367	0.0184598	0.00466192	0.00513538	0.148808	0.0204427	0.0563535	0.0361668	0.0204601	0.0127168	0.011167	0.0108766	0.0929281	0.295284	0.106911	0.00232248	0.0047945
55	0.0248429	0.00788395	0.0029411	0.0101115	0.0254697	0.0107352	0.00181201	0.334861	0.00249607	0.0907917	0.0443317	0.00559594	0.00213581	0.00499004	0.00724433	0.0255826	0.0281442	0.366061	0.00237737	0.00159155
56	0.136512	0.0332115	0.0046953	0.00860438	0.00546679	0.0407102	0.0396096	0.0289491	0.115328	0.0736223	0.00589901	0.0197595	0.0241924	0.0988192	0.102288	0.177222	0.0620821	0.0110758	0.00165194	0.0103019
57	0.0246458	0.0745591	0.0258522	0.0212622	0.0119414	0.019838	0.0627971	0.00801256	0.0718499	0.0713948	0.0102582	0.0435836	0.0126671	0.0400896	0.366308	0.0444127	0.0282309	0.00760212	0.0343071	0.0203876
58	0.00728403	0.0457452	0.00417502	0.00198375	0.00353574	0.0214034	0.0585592	0.00554761	0.0362385	0.0468861	0.00599366	0.0108686	0.00442085	0.0954447	0.552121	0.0220489	0.0088325	0.00702745	0.055222	0.00666137
59	0.0332512	0.012196	0.00300829	0.00900162	0.0282574	0.00723669	0.00277546	0.397454	0.00511611	0.100214	0.0430353	0.00590037	0.0038869	0.00612757	0.00821267	0.024842	0.0492917	0.255049	0.00257607	0.002568
60	0.0333416	0.00934579	0.0972041	0.205305	0.00498463	0.019266	0.0354554	0.0312867	0.170564	0.0319503	0.0149152	0.0928637	0.00506579	0.0630016	0.0420082	0.0595607	0.0533363	0.021674	0.000557168	0.0083138
61	0.035243	0.00928336	0.101559	0.220155	0.00508539	0.0195493	0.0325589	0.0306999	0.167889	0.0306292	0.0153508	0.0882875	0.00456988	0.0583576	0.0397942	0.0581634	0.0532019	0.0212735	0.000423635	0.00792455
62	0.0113969	0.0074294	0.00158651	0.00296623	0.0325553	0.00192222	0.00471476	0.135882	0.00954968	0.373891	0.269862	0.0141259	0.00183342	0.0054467	0.0204577	0.0119346	0.0238234	0.0576479	0.0041726	0.00880164
63	0.484435	0.0141679	0.0144058	0.0246695	0.00278182	0.0247737	0.00268014	0.00972132	0.00477927	0.0182237	0.00811208	0.0118715	0.0231956	0.0158319	0.00277201	0.132233	0.113487	0.0881076	0.000780525	0.00297035
64	0.0373335	0.0102481	0.0637129	0.177572	0.0054714	0.0180247	0.0356269	0.0307011	0.183962	0.0447785	0.0167544	0.0851635	0.00738806	0.076703	0.0542232	0.0623304	0.0530177	0.0232962	0.00110681	0.0125856
65	0.0333367	0.00239619	0.367194	0.0730868	0.00827083	0.0128558	0.0556566	0.0179731	0.0440775	0.00638373	0.00164439	0.221054	0.00114693	0.0103443	0.019243	0.053372	0.0301451	0.0261046	0.00854115	0.00717287
66	0.0225691	0.0109797	0.00264672	0.00654978	0.0315587	0.00660328	0.00370585	0.395885	0.00327186	0.142124	0.0414896	0.00538095	0.00329918	0.00520725	0.00848095	0.019053	0.0401414	0.245086	0.0025373	0.00343019
67	0.0309678	0.0127212	0.0468832	0.172879	0.00596654	0.016229	0.0308995	0.0318319	0.20576	0.056207	0.018049	0.0794929	0.00710441	0.0751467	0.0674704	0.0586154	0.0451188	0.0271035	0.00135396	0.0102
68	0.0169815	0.0267826	0.00625486	0.0212628	0.0072998	0.013858	0.0574935	0.0100065	0.0565997	0.0559505	0.00740974	0.0263382	0.00644911	0.375484	0.215474	0.04194	0.0152169	0.0108993	0.0209326	0.00736533
69	0.0151974	0.0112962	0.000703805	0.00225408	0.0583571	0.00114787	0.00723162	0.142252	0.00558739	0.516347	0.0808712	0.00759524	0.00173953	0.00717911	0.00937701	0.0112112	0.0254735	0.0824021	0.00351268	0.0102641
70	0.0311307	0.00148533	0.455596	0.047442	0.00518511	0.012848	0.0411047	0.013397	0.0354729	0.00560007	0.0010444	0.210652	0.000879786	0.00829338	0.0164189	0.0472833	0.0255465	0.0259737	0.00716433	0.00748147
71	0.0273334	0.00688585	0.0572763	0.340226	0.00686095	0.0195179	0.0258326	0.0222458	0.160373	0.0275511	0.0129664	0.0691896	0.00548633	0.0645629	0.0372744	0.0521495	0.0378902	0.0189392	0.000286396	0.00715228
72	0.0990739	0.011631	0.018127	0.00460013	0.00784667	0.0383472	0.00709757	0.0327937	0.0180683	0.0618135	0.0075184	0.0453697	0.00815524	0.0149062	0.0146359	0.470217	0.118551	0.0150959	0.00149472	0.00465653
73	0.117837	0.0312546	0.00593741	0.0133829	0.0182419	0.00440414	0.00457131	0.148542	0.020961	0.0736995	0.0336929	0.0179111	0.0245756	0.0141932	0.0169627	0.0875807	0.283564	0.0749986	0.00182374	0.00586583
74	0.0267573	0.00448805	0.45546	0.0391353	0.00655882	0.0198228	0.0355388	0.0122107	0.0345679	0.0121723	0.00183484	0.209906	0.00170432	0.0108657	0.0159146	0.046745	0.0236897	0.0286328	0.00615125	0.00784355
75	0.0293604	0.0107418	0.00373223	0.0115912	0.0313901	0.00967497	0.00171545	0.338129	0.00496231	0.0995412	0.0497779	0.00726568	0.00216274	0.00754487	0.00723337	0.0280948	0.0367885	0.314983	0.00295942	0.0023513
76	0.427068	0.0181209	0.0245958	0.0270598	0.00520251	0.0341182	0.00390304	0.015566	0.0097269	0.0147666	0.010735	0.0215424	0.0226464	0.0209508	0.00316287	0.149225	0.115262	0.073132	0.000655783	0.00256039
77	0.0144717	0.0324623	0.0510244	0.0165134	0.0382653	0.07754	0.037653	0.011195	0.0498009	0.0429408	0.00620005	0.257144	0.00576575	0.086825	0.0188946	0.193951	0.0385422	0.0112859	0.00269986	0.00682476
78	0.0423877	0.0597184	0.0340479	0.0546135	0.0239764	0.0160896	0.0662125	0.0158128	0.133259	0.107439	0.0190258	0.0631758	0.0177159	0.0358133	0.123527	0.0659161	0.0451446	0.0187897	0.0198232	0.0375109
79	0.0179711	0.0142221	0.00102133	0.00286001	0.0616607	0.00163058	0.0051133	0.123639	0.0147781	0.489281	0.116338	0.00740339	0.00182732	0.006145	0.0104389	0.0158886	0.0304824	0.0580092	0.00920783	0.0120821
80	0.12702	0.0378166	0.00348291	0.0226302	0.0361732	0.00335613	0.00173723	0.15462	0.0215954	0.0810343	0.0381577	0.0102413	0.0108344	0.00984462	0.0100514	0.0608999	0.126178	0.238161	0.00305935	0.00310639
81	0.00766084	0.0499155	0.018289	0.00678832	0.402982	0.0104374	0.0330275	0.0276347	0.0125042	0.0538005	0.0163984	0.0274037	0.00877571	0.0115444	0.0116196	0.0289506	0.018357	0.018721	0.00371629	0.231473
82	0.126972	0.0374301	0.00346156	0.0222815	0.0366639	0.00344793	0.00189618	0.153837	0.0215989	0.0803341	0.0376126	0.0106113	0.0106859	0.00977641	0.0101407	0.0608112	0.126386	0.240013	0.00302238	0.00301653
83	0.00727809	0.0457546	0.00418028	0.00196954	0.00354052	0.0213361	0.0585495	0.00555108	0.0362839	0.0468495	0.0059731	0.0108495	0.00442109	0.0954852	0.552322	0.0219907	0.00884413	0.00703273	0.0551084	0.00668029
84	0.00643012	0.0475005	0.0244072	0.00938263	0.251275	0.00576718	0.0538359	0.0242476	0.0108397	0.063878	0.0180135	0.0415327	0.0145693	0.0180324	0.0158246	0.0306521	0.0328117	0.0162284	0.00498777	0.309784
85	0.0122623	0.00993987	0.000804066	0.00153622	0.120123	0.00108454	0.00524525	0.134763	0.00442644	0.473635	0.0724183	0.00743861	0.00614385	0.0066445	0.00973054	0.011275	0.0249383	0.0724022	0.00359599	0.0215927
86	0.0142391	0.0129849	0.000798924	0.00142134	0.0702293	0.00102357	0.00539513	0.119169	0.00529276	0.559504	0.0736153	0.00725642	0.00159979	0.00634841	0.00710107	0.010274	0.0286236	0.0556604	0.00624261	0.0132198
87	0.0253847	0.0958627	0.00464714	0.00643443	0.379287	0.0217062	0.00473676	0.0605802	0.012079	0.163112	0.0120622	0.00824378	0.0264619	0.00708793	0.0292802	0.054684	0.0116077	0.0539781	0.00509041	0.0176725
88	0.0799654	0.213998	0.0141226	0.0130727	0.0396552	0.0340425	0.0204256	0.0158018	0.0261512	0.0969742	0.00911754	0.0431404	0.00823779	0.0145896	0.0583005	0.120836	0.061724	0.0226308	0.0313244	0.0758892
89	0.0330517	0.0146184	0.043061	0.151147	0.00641206	0.0144878	0.0415282	0.0274235	0.195419	0.0579289	0.0152903	0.0734631	0.00832042	0.0936046	0.0786346	0.0616134	0.0435812	0.0269806	0.00155467	0.0118792
90	0.0437179	0.012218	0.0210896	0.0746777	0.0146794	0.016044	0.0233611	0.0713155	0.195728	0.0629902	0.0485399	0.0442256	0.00685454	0.0627844	0.0861406	0.0565081	0.101372	0.043415	0.00417091	0.0101677
91	0.280624	0.0136128	0.0302755	0.0314059	0.00412258	0.29874	0.00325931	0.00719114	0.00585524	0.0134952	0.00517431	0.0126894	0.0149442	0.0144574	0.0140753	0.109435	0.078803	0.0572879	0.00201494	0.00253681
92	0.107038	0.00917558	0.0385899	0.154334	0.0271242	0.0243424	0.047726	0.0412208	0.112444	0.0579264	0.0103036	0.0631527	0.017959	0.0743096	0.0385631	0.0551052	0.0423923	0.0508313	0.00254653	0.0249151
93	0.0349821	0.00322583	0.325874	0.119733	0.00535404	0.0151638	0.046806	0.0200069	0.0613075	0.00761301	0.00352916	0.188662	0.000858845	0.0148314	0.0216893	0.0546585	0.0375841	0.0260916	0.00526763	0.00676137
94	0.0165998	0.0107872	0.000977143	0.0022832	0.0540383	0.00153369	0.00500214	0.252825	0.00473772	0.373954	0.0890817	0.00690365	0.00162928	0.0059556	0.00857402	0.0116772	0.0356981	0.101425	0.00436216	0.0119552
95	0.0189511	0.0175471	0.0053753	0.00517261	0.47955	0.00591571	0.00598774	0.0314893	0.0425814	0.0797336	0.0404522	0.0132482	0.00519679	0.00957651	0.0117744	0.0398648	0.0211194	0.0461823	0.00804977	0.112232
96	0.032714	0.00960054	0.0659214	0.183207	0.00475652	0.0181041	0.0338936	0.0315484	0.18693	0.0396659	0.0167424	0.086776	0.00729991	0.0780823	0.0533278	0.0628636	0.0547452	0.0227329	0.000558081	0.0105295
97	0.132242	0.0396078	0.00524916	0.0243812	0.0285646	0.00329623	0.00143499	0.168205	0.0276265	0.0951088	0.0518755	0.00889212	0.0160204	0.0129718	0.0110853	0.0711418	0.149113	0.146344	0.00304003	0.00379889
98	0.0239933	0.00868217	0.00299286	0.00723158	0.0371361	0.00723688	0.00254044	0.308864	0.00308892	0.210167	0.0493301	0.00724843	0.00250497	0.00688908	0.00741531	0.0225824	0.0311272	0.256565	0.00239253	0.00201142
99	0.0360074	0.00164239	0.357984	0.0507452	0.00557705	0.0127344	0.0443417	0.015764	0.0358466	0.00523978	0.00119376	0.277949	0.000941938	0.00843104	0.0177977	0.0588186	0.0301814	0.0244962	0.00642568	0.00788158
100	0.0529195	0.13136	0.00340771	0.0109147	0.0405028	0.0223213	0.00336475	0.232155	0.00934898	0.095496	0.0353078	0.0086777	0.00631161	0.00703115	0.0157492	0.0362492	0.042218	0.226981	0.0139882	0.00569663
101	0.0518193	0.0223692	0.00427492	0.0148548	0.0304992	0.0100697	0.00181741	0.28743	0.0139475	0.099624	0.0594742	0.00777342	0.00475636	0.00990398	0.00898148	0.0384722	0.0619675	0.262037	0.00423585	0.00569219
102	0.224636	0.0567275	0.0616059	0.00479118	0.00670318	0.110136	0.0131386	0.00676533	0.00914824	0.03095	0.0028203	0.00973703	0.00412458	0.00453789	0.0327646	0.324975	0.0404505	0.0370494	0.00642615	0.0125131
103	0.0260488	0.00903112	0.00323595	0.0104165	0.0284977	0.0103136	0.00175184	0.342061	0.00319511	0.0963258	0.0464053	0.00620543	0.00212616	0.00575646	0.0069017	0.0262139	0.0311623	0.33999	0.0025073	0.00185391
104	0.15248	0.147719	0.0239796	0.00446957	0.00814905	0.0616168	0.00783506	0.0157041	0.0140041	0.0281354	0.00638934	0.021995	0.00615565	0.00850917	0.0394883	0.325759	0.0784092	0.0292233	0.00580142	0.0141774
105	0.0991951	0.0272679	0.00931636	0.0035803	0.00624031	0.0113215	0.015777	0.0937208	0.0207193	0.0192844	0.0250635	0.0596035	0.00999405	0.0190522	0.0143283	0.21638	0.295265	0.0383217	0.0012346	0.0143335
106	0.0284556	0.00175658	0.480329	0.0451157	0.00482671	0.0137831	0.0384917	0.0124326	0.0379463	0.00700969	0.00136157	0.19374	0.00106705	0.00907953	0.0165105	0.0431715	0.0240281	0.0267413	0.00632366	0.0078293
107	0.0207915	0.00743543	0.0416498	0.0700541	0.00843571	0.668562	0.00208649	0.00362371	0.00364813	0.00518999	0.00202553	0.0203913	0.00164496	0.00430403	0.0304032	0.070208	0.0122187	0.0192885	0.00633829	0.00170024
108	0.457865	0.0140852	0.0116087	0.0212193	0.0027703	0.0238061	0.00369859	0.0181583	0.00494713	0.0223331	0.00893681	0.0122724	0.0318643	0.0161102	0.00338559	0.119615	0.138374	0.0828209	0.000649325	0.0054803
109	0.130832	0.037136	0.00462511	0.00968512	0.00571799	0.0448129	0.0349363	0.0222206	0.10656	0.061596	0.0047563	0.0184265	0.0556929	0.104305	0.114058	0.166352	0.0594115	0.00811412	0.00167081	0.0090907
110	0.460755	0.0148663	0.0185245	0.0253632	0.00366303	0.031761	0.00352904	0.012473	0.00710721	0.0156126	0.010713	0.0167303	0.0270543	0.0186747	0.00253579	0.132515	0.112135	0.0830917	0.000538578	0.00235611
111	0.0511836	0.0106856	0.00653469	0.0338998	0.0238255	0.00972266	0.014569	0.10597	0.116493	0.0977292	0.124995	0.0230035	0.00599689	0.038801	0.0602987	0.0494377	0.0766745	0.110546	0.0164811	0.023153
112	0.11829	0.0488839	0.0117861	0.0159564	0.0210888	0.0043825	0.00292025	0.153751	0.0213032	0.0931968	0.051466	0.00985645	0.0307317	0.0192156	0.0116627	0.10476	0.172287	0.100135	0.00142003	0.0069073
113	0.0207915	0.00743543	0.0416498	0.0700541	0.00843571	0.668562	0.00208649	0.00362371	0.00364813	0.00518999	0.00202553	0.0203913	0.00164496	0.00430403	0.0304032	0.070208	0.0122187	0.0192885	0.00633829	0.00170024
114	0.0154518	0.194192	0.00499585	0.0294035	0.00796437	0.0109308	0.00738397	0.0338613	0.134252	0.0398331	0.00791938	0.00997235	0.00613227	0.0744011	0.123978	0.176029	0.0578182	0.0564908	0.00321784	0.00577205
115	0.0357945	0.0144017	0.00474011	0.0124672	0.0330215	0.00908731	0.00175032	0.327897	0.00720357	0.104404	0.0534025	0.00787422	0.00269478	0.00861932	0.00759176	0.0316952	0.0444581	0.286521	0.00336971	0.00300649
116	0.0145231	0.00976407	0.000780846	0.00230022	0.0670322	0.00134155	0.00590631	0.153759	0.00551278	0.500777	0.0715926	0.0112836	0.00344803	0.00806556	0.0105189	0.0150865	0.0282162	0.0761953	0.00331418	0.0105829
117	0.0238243	0.0258867	0.0153476	0.0268094	0.015916	0.0130719	0.297187	0.0145149	0.105287	0.037358	0.0108841	0.0487265	0.0334231	0.0689616	0.110739	0.0350946	0.0263806	0.0139233	0.00582329	0.0708405
118	0.0140291	0.0611227	0.0135572	0.0122502	0.00757163	0.0176412	0.057487	0.0106891	0.0605131	0.0636417	0.00802065	0.025516	0.0128135	0.0636014	0.452327	0.0305352	0.0242069	0.0071835	0.0449563	0.012337
119	0.0287885	0.0170085	0.0414056	0.126832	0.00725786	0.0126492	0.0563964	0.0296684	0.154327	0.0653637	0.0134678	0.0610109	0.00981968	0.155937	0.0817016	0.0563594	0.0438579	0.0254991	0.00176336	0.0108873
120	0.23686	0.0155618	0.0105415	0.00754863	0.00597028	0.0181564	0.0413347	0.0647438	0.0346165	0.0197197	0.0294932	0.0506224	0.00848034	0.0419669	0.0275962	0.17769	0.125358	0.0761699	0.00104138	0.00652741
121	0.0147133	0.0135394	0.00127472	0.00226928	0.0694256	0.00176197	0.00562987	0.111991	0.00891915	0.528198	0.0850074	0.00748572	0.00214688	0.00832953	0.00969686	0.0143464	0.0301582	0.0517205	0.0156351	0.0177506
122	0.172341	0.0154193	0.00390426	0.0118851	0.0189376	0.0191443	0.00421788	0.147783	0.0130238	0.0781792	0.05334	0.00862812	0.0188292	0.00750696	0.020155	0.0428765	0.0670075	0.276815	0.0148222	0.00518483
123	0.13534	0.0392707	0.00544594	0.02424	0.027417	0.00343454	0.00154622	0.164322	0.0278871	0.0935442	0.0502494	0.00893363	0.017803	0.0126263	0.0115139	0.0730686	0.151361	0.145364	0.00295866	0.0036741
124	0.0222693	0.0178769	0.0132095	0.0496207	0.0151266	0.0236345	0.0251379	0.0218982	0.425199	0.0415461	0.0305848	0.0477563	0.00723385	0.0427997	0.116012	0.0280913	0.0420223	0.0172799	0.00322472	0.00947619
125	0.0264528	0.00940689	0.00334735	0.0107595	0.0288885	0.0101047	0.00175152	0.341713	0.00363658	0.0969828	0.0472307	0.00633961	0.00210965	0.00622108	0.0070759	0.0263844	0.032462	0.334549	0.00262256	0.00196168
126	0.0332348	0.00982767	0.0588495	0.174222	0.00511028	0.0173477	0.0345557	0.0320583	0.187177	0.0445356	0.0175021	0.084319	0.00864131	0.081218	0.0577121	0.0633454	0.0538398	0.0239866	0.000916291	0.0116012
127	0.0859345	0.0249516	0.00355123	0.0214345	0.0342235	0.00695659	0.00155412	0.247205	0.019588	0.0921766	0.0539047	0.00871881	0.00635905	0.0110317	0.00992721	0.0458147	0.0918182	0.227095	0.00411222	0.00364267
128	0.0249315	0.00843614	0.00305446	0.0100772	0.0262742	0.0108469	0.00176942	0.339435	0.00272192	0.0932751	0.0456523	0.00576514	0.0021042	0.00505997	0.00692909	0.025793	0.0291984	0.354563	0.0023607	0.0017519
129	0.0210808	0.0156268	0.124394	0.0433159	0.0247205	0.015093	0.0386204	0.011034	0.054736	0.016661	0.00461328	0.372161	0.00357893	0.0271972	0.0218301	0.151806	0.0302753	0.0138547	0.00324369	0.00615782
130	0.00391787	0.0479919	0.0246498	0.0127678	0.189028	0.00425146	0.0941496	0.0224687	0.00802316	0.042965	0.0180518	0.0365127	0.00867131	0.0218314	0.0203701	0.0349303	0.0273242	0.017367	0.00538963	0.359338
131	0.0248483	0.0084016	0.00303612	0.0103448	0.026335	0.0109944	0.0017786	0.342254	0.00270104	0.0938335	0.0458577	0.00579226	0.00209518	0.005083	0.00692255	0.0257782	0.0291883	0.350697	0.00238097	0.00167729
132	0.0197708	0.0237214	0.0122475	0.0470326	0.0123846	0.019099	0.0341843	0.0130551	0.401084	0.0415259	0.0220604	0.0504624	0.00857492	0.0490173	0.149137	0.034122	0.0352865	0.012098	0.00392474	0.0112117
133	0.134784	0.00798666	0.0117455	0.00388028	0.00421091	0.0503433	0.00748677	0.0337676	0.0231941	0.0248374	0.00649908	0.0624636	0.00625926	0.0174745	0.0155539	0.428378	0.137192	0.0186363	0.00121995	0.00408725
134	0.0298929	0.0391284	0.0324869	0.0362959	0.0137913	0.013993	0.0771509	0.0159708	0.115915	0.0895903	0.0132665	0.0535625	0.015866	0.0454828	0.201378	0.0965415	0.0407021	0.0145315	0.0238055	0.0306476
135	0.363687	0.0134117	0.012566	0.0210908	0.0037719	0.0299312	0.00953631	0.0213547	0.0100773	0.027935	0.00867991	0.0161804	0.0764641	0.0242091	0.00764904	0.143914	0.119971	0.0839491	0.00096894	0.00465243
136	0.0264575	0.0127734	0.00174934	0.0208018	0.0781089	0.00221682	0.0121442	0.132736	0.0215859	0.381656	0.0134717	0.00711851	0.0298758	0.0180042	0.0475332	0.0177665	0.0493194	0.117012	0.00128322	0.0083852
137	0.0334	0.0104326	0.0626211	0.168142	0.00538129	0.0179539	0.0364204	0.0321976	0.18556	0.0414495	0.0173726	0.0855955	0.00860559	0.0765965	0.0611986	0.0642421	0.0554149	0.0239349	0.00130335	0.0121778
138	0.114085	0.0323269	0.0233302	0.006313	0.0154378	0.0102181	0.0353099	0.063879	0.0255623	0.0249187	0.0356555	0.0467261	0.00526272	0.0446492	0.0195064	0.281287	0.16397	0.0416162	0.00146668	0.00848006
139	0.0281608	0.0480361	0.0106738	0.0180929	0.00736416	0.0187724	0.0676835	0.00837615	0.0879456	0.0492389	0.00780157	0.024885	0.0102073	0.08332	0.414076	0.0444984	0.0213696	0.00768812	0.0305194	0.0112907
140	0.0135056	0.00924952	0.000616445	0.000817893	0.0646963	0.000783208	0.00531104	0.166629	0.00290291	0.506502	0.0799941	0.00814393	0.0007218	0.00696838	0.00585596	0.0112757	0.024056	0.0780221	0.00327554	0.0106724
141	0.0123824	0.0198328	0.00294709	0.00507519	0.445186	0.00507161	0.00428119	0.065378	0.0120412	0.225	0.0274206	0.00717131	0.012209	0.00664257	0.0159877	0.0252778	0.0146165	0.0589247	0.00266266	0.0318919
142	0.0535009	0.0118282	0.0602274	0.166117	0.00547832	0.0168284	0.031462	0.0299786	0.182866	0.0468224	0.0160623	0.0791219	0.00735096	0.0766459	0.0500816	0.0690234	0.0582805	0.0237122	0.00101607	0.0135963
143	0.0486697	0.00681908	0.00406333	0.0557402	0.0241575	0.0160197	0.0109434	0.137341	0.161316	0.107198	0.0536812	0.0261492	0.00161599	0.0800392	0.0790948	0.0405208	0.0574354	0.0787708	0.00612916	0.00429495
144	0.0125218	0.0137757	0.00139131	0.00268381	0.156276	0.00223402	0.00537392	0.110659	0.00720311	0.463175	0.0670914	0.00754785	0.0061943	0.0064977	0.0106362	0.016302	0.0195416	0.0683475	0.00340558	0.019142
145	0.0327621	0.00961321	0.0671268	0.185293	0.0046027	0.0183744	0.0332915	0.0317035	0.186211	0.0393059	0.0167105	0.0874765	0.00710317	0.0775597	0.0518696	0.0627027	0.0549898	0.0225905	0.000486483	0.0102275
146	0.153034	0.0136113	0.0074095	0.00327259	0.00499499	0.00911609	0.0621151	0.057689	0.0427429	0.0211805	0.0282556	0.0720894	0.00345039	0.0469087	0.0398985	0.191156	0.154549	0.0798888	0.000995378	0.00764098
147	0.0147637	0.0114771	0.000939243	0.00356872	0.0626677	0.00182967	0.00723452	0.15146	0.00507914	0.502293	0.0589503	0.00706341	0.00432192	0.00792845	0.011743	0.0111954	0.0259684	0.0987377	0.00307723	0.0097012
148	0.0127204	0.0103108	0.000525592	0.000960676	0.0637843	0.000740858	0.00590352	0.13457	0.00334181	0.55343	0.0741168	0.00791534	0.00119481	0.00680592	0.00738936	0.00935319	0.0245578	0.067142	0.00381141	0.0114252
149	0.0087177	0.0231559	0.0104824	0.00828921	0.306674	0.0042348	0.0212219	0.0364491	0.0300852	0.136161	0.0221776	0.0213071	0.00472596	0.0234708	0.00921666	0.0445034	0.014721	0.0301186	0.00886466	0.235423
150	0.00377483	0.0391482	0.0169097	0.0143682	0.0944717	0.00284425	0.297458	0.0213058	0.0102034	0.0322254	0.0191611	0.0413051	0.012675	0.0276449	0.0189465	0.031184	0.0174007	0.015201	0.00492821	0.278844
151	0.0458248	0.0857633	0.0077475	0.00697207	0.0105869	0.0246997	0.0101648	0.107115	0.0378172	0.032737	0.0583249	0.0178184	0.0275101	0.0363088	0.0361953	0.17747	0.221497	0.0282283	0.00224856	0.0249711
152	0.026298	0.00702881	0.0540664	0.340931	0.0104418	0.021165	0.0272477	0.0209363	0.154594	0.0265017	0.0118923	0.0734558	0.00551014	0.0661157	0.0348664	0.058166	0.0350263	0.0183949	0.000409694	0.00695188
153	0.0264147	0.00830361	0.00294516	0.0101686	0.0252202	0.0109818	0.0017826	0.330936	0.00281911	0.0898993	0.0448158	0.00568868	0.00228696	0.0050011	0.00769324	0.0263332	0.0290723	0.365377	0.00248935	0.00177135
154	0.00727809	0.0457546	0.00418028	0.00196954	0.00354052	0.0213361	0.0585495	0.00555108	0.0362839	0.0468495	0.0059731	0.0108495	0.00442109	0.0954852	0.552322	0.0219907	0.00884413	0.00703273	0.0551084	0.00668029
155	0.0189324	0.0375438	0.00811771	0.0111628	0.0503542	0.0140765	0.0313606	0.0217976	0.0326993	0.0501341	0.00940243	0.019094	0.00898184	0.0649277	0.23227	0.0530086	0.019667	0.0139203	0.283132	0.0194175
156	0.0249992	0.0272287	0.00520944	0.0174312	0.0658247	0.00558611	0.0145566	0.0968527	0.0368285	0.402696	0.0209228	0.0131485	0.039767	0.0227111	0.0543296	0.0290199	0.0349191	0.0749038	0.00363457	0.0094309
157	0.0391546	0.00950897	0.0121753	0.0324968	0.0170432	0.010304	0.0117756	0.0207123	0.0264557	0.127277	0.00687425	0.0186634	0.117612	0.0525475	0.0213997	0.419876	0.0233777	0.0202951	0.00268556	0.00976626
158	0.0523938	0.034513	0.0138692	0.0464664	0.0104808	0.0434224	0.0546734	0.0152053	0.194618	0.036213	0.00984567	0.0337801	0.0260579	0.108562	0.192267	0.0460541	0.0521398	0.0106049	0.00261427	0.0162185
159	0.0207915	0.00743543	0.0416498	0.0700541	0.00843571	0.668562	0.00208649	0.00362371	0.00364813	0.00518999	0.00202553	0.0203913	0.00164496	0.00430403	0.0304032	0.070208	0.0122187	0.0192885	0.00633829	0.00170024
160	0.0115561	0.0163069	0.00602696	0.0047554	0.436167	0.00463052	0.00870995	0.0334683	0.0316042	0.0988108	0.0202623	0.0135351	0.00535525	0.0132011	0.00964707	0.049041	0.0131592	0.0476106	0.0122303	0.163922
161	0.0286503	0.00738349	0.0539079	0.323388	0.00679544	0.0192542	0.0269329	0.0229277	0.163985	0.0299052	0.0140036	0.0694726	0.00649661	0.0656396	0.040935	0.0536911	0.0388593	0.0191002	0.000556489	0.00811603
162	0.0148324	0.00929818	0.00114298	0.00962711	0.0385801	0.00228532	0.00804291	0.121376	0.0251457	0.443202	0.142506	0.0124657	0.00394698	0.0137482	0.0327644	0.0140495	0.0271065	0.0666586	0.00482897	0.00839246
163	0.0195114	0.0411438	0.012186	0.043922	0.0171063	0.0185088	0.0825717	0.00916695	0.210463	0.0439663	0.0122211	0.0428452	0.0154608	0.108884	0.226482	0.0252033	0.0355571	0.00847409	0.00461759	0.0217079
164	0.0344958	0.00336008	0.325436	0.113269	0.00590292	0.0145018	0.0519021	0.0196551	0.0612645	0.00767884	0.00330909	0.19062	0.000913662	0.0150232	0.0230629	0.053952	0.0373913	0.0261403	0.00555628	0.00656547
165	0.0280863	0.00729872	0.0519612	0.337488	0.00674011	0.0201171	0.0256737	0.0223372	0.161616	0.0299717	0.0129853	0.0676499	0.00580412	0.0680773	0.0383353	0.0526553	0.0368056	0.0188961	0.000300471	0.00720084
166	0.0291417	0.0127587	0.00166519	0.0211715	0.0828839	0.00199503	0.00991802	0.153162	0.0237837	0.327806	0.00940165	0.00658281	0.029281	0.0195037	0.0523844	0.0157048	0.0524138	0.141112	0.00101151	0.00831773
167	0.0698057	0.0154089	0.0332306	0.080147	0.0128513	0.0252749	0.0666103	0.0296508	0.159539	0.0784002	0.0144904	0.0621145	0.0139942	0.0705966	0.0974856	0.053933	0.0413328	0.0327937	0.00590945	0.0364311
168	0.0468237	0.0107869	0.00259131	0.0371235	0.0377017	0.0110976	0.00598435	0.223856	0.0622386	0.111971	0.0622413	0.0167496	0.00248078	0.0455974	0.0407986	0.0352913	0.0662246	0.167325	0.00863917	0.00447653
169	0.00812773	0.0270675	0.0113956	0.00705372	0.412245	0.00401835	0.0314607	0.0284213	0.0204628	0.0628406	0.0278087	0.0270457	0.00527285	0.0142676	0.00876964	0.0402389	0.0166576	0.025396	0.00612157	0.215328
170	0.011068	0.0323068	0.00434118	0.00578405	0.42365	0.00794491	0.00343906	0.0380035	0.0134831	0.269958	0.0196868	0.00788105	0.0214275	0.00458129	0.0166805	0.0354484	0.0107769	0.0401908	0.00321398	0.0301347
171	0.0363298	0.00918054	0.0528187	0.158996	0.00594097	0.0169951	0.0352895	0.0372695	0.183168	0.0476358	0.0205795	0.0813075	0.00886511	0.0804288	0.0606091	0.0651385	0.0566161	0.0285904	0.00141182	0.0128292
172	0.103678	0.0502608	0.0164125	0.0141236	0.0349393	0.00542913	0.00472538	0.156218	0.0194321	0.104273	0.060332	0.0100973	0.0178907	0.0391776	0.0116984	0.111178	0.145175	0.0791137	0.00229568	0.01355
173	0.0353555	0.00983525	0.0537608	0.139126	0.0066154	0.0170683	0.0393171	0.0345251	0.200532	0.0426088	0.0201056	0.0788299	0.0111562	0.0739608	0.0744902	0.0611947	0.0575157	0.0263871	0.00200308	0.0156124
174	0.0275019	0.0131123	0.00155826	0.0202558	0.0832744	0.00193333	0.0099937	0.145692	0.0236608	0.345189	0.0100905	0.00674051	0.0292383	0.0200873	0.052756	0.0146616	0.0479262	0.136845	0.0010594	0.00842424
175	0.511956	0.0137571	0.0115703	0.0238657	0.00246086	0.0210221	0.00247617	0.00949405	0.00398476	0.0195063	0.00717895	0.010634	0.0231001	0.0158579	0.00199051	0.109581	0.120772	0.0875162	0.000496016	0.00277918
176	0.00726305	0.0458837	0.0281672	0.0148731	0.0977693	0.00397581	0.102896	0.0208563	0.0105942	0.0335555	0.0196904	0.0337909	0.00750325	0.0218598	0.0178686	0.0505562	0.0265247	0.0164059	0.00745845	0.432508
177	0.0145881	0.00975065	0.000610969	0.00132081	0.0605914	0.00085847	0.00560375	0.153688	0.00405576	0.512209	0.0874697	0.00779232	0.000905791	0.00653877	0.00704133	0.0112963	0.0242582	0.0773704	0.00362268	0.0104271
178	0.43725	0.0264752	0.0228593	0.024787	0.00424522	0.0343312	0.00379661	0.0108595	0.0064887	0.016046	0.0105657	0.0153355	0.0239738	0.0164831	0.00435651	0.156379	0.105131	0.0765744	0.000842929	0.00321874
179	0.0284257	0.00178204	0.480444	0.0439479	0.00483743	0.0137664	0.0386497	0.0122923	0.0365587	0.00669992	0.00124166	0.196145	0.000999372	0.00865658	0.0158878	0.0440606	0.02393	0.0273608	0.0063383	0.0079755
180	0.0812206	0.0120552	0.00894532	0.0128031	0.031381	0.0103055	0.10389	0.0935636	0.142326	0.185193	0.0118807	0.0387168	0.00670146	0.0161625	0.052306	0.0524689	0.0647844	0.019422	0.00510738	0.0507669
181	0.0148073	0.00981391	0.000800603	0.00206081	0.0645052	0.00127214	0.00572394	0.159284	0.00390149	0.505993	0.0706194	0.00768328	0.00249302	0.00709594	0.00841956	0.0115172	0.0257262	0.0846849	0.00330302	0.0102949
182	0.0304553	0.0201508	0.0225484	0.0130676	0.0267079	0.0197839	0.0263542	0.0127871	0.0389482	0.0247625	0.0048886	0.38463	0.00467598	0.0252705	0.0214276	0.261989	0.0442051	0.0111325	0.00180287	0.00441259
183	0.0342638	0.00737629	0.138293	0.201675	0.0056645	0.0199035	0.0369888	0.0295672	0.141747	0.025557	0.0125136	0.10778	0.00405042	0.0491283	0.0358661	0.0589329	0.0536938	0.0260665	0.00153343	0.00939901
184	0.0336805	0.012031	0.00277296	0.012278	0.0427134	0.00577509	0.00491917	0.230755	0.0142664	0.25149	0.0466338	0.00917739	0.00675508	0.0164013	0.0186263	0.0299366	0.0475806	0.205827	0.00288629	0.00549393
185	0.0259243	0.0274947	0.022689	0.0110819	0.031554	0.016106	0.0314421	0.0115911	0.0334763	0.0236828	0.00524814	0.388064	0.00448155	0.0254122	0.0259428	0.254389	0.0419068	0.011813	0.00247411	0.00522686
186	0.0699377	0.018838	0.00260898	0.0329515	0.0324654	0.00582523	0.00717505	0.145291	0.0658751	0.204471	0.0577016	0.0143908	0.00833515	0.0374641	0.0387445	0.0463454	0.0937728	0.109168	0.00451774	0.00412005
187	0.126788	0.021616	0.0068614	0.0102394	0.00580029	0.0496309	0.0267757	0.0282266	0.0971501	0.0542203	0.00549053	0.0421389	0.0279861	0.114543	0.0854709	0.199616	0.0663519	0.0119057	0.00193836	0.0172504
188	0.0119087	0.00811792	0.00165238	0.00329534	0.0322096	0.00213828	0.00517188	0.131085	0.0111113	0.387647	0.25717	0.0130538	0.00212689	0.005574	0.0208504	0.0128853	0.0235658	0.0569052	0.00456962	0.00896165
189	0.0284346	0.0219028	0.017414	0.0470252	0.0134714	0.0132578	0.0378034	0.0227245	0.0741203	0.0787179	0.012014	0.0553162	0.00965215	0.379448	0.0744574	0.0520436	0.0276575	0.0188935	0.00441826	0.0112272
190	0.0212697	0.00796243	0.041388	0.0723888	0.00846898	0.660613	0.00232474	0.00400532	0.00477646	0.00557322	0.0022949	0.0210614	0.00175202	0.00485091	0.0313164	0.0700774	0.0125067	0.0192336	0.00625597	0.00188056
191	0.0381471	0.0128628	0.0421813	0.0749617	0.0138377	0.0201159	0.0422154	0.0343995	0.212072	0.0417221	0.0247949	0.0670514	0.0275123	0.0591866	0.106195	0.0604152	0.0727677	0.0278133	0.00391208	0.0178364
192	0.0673282	0.0122303	0.0196493	0.0392716	0.011501	0.0125922	0.0522394	0.0602554	0.188732	0.0513704	0.0334897	0.0553474	0.00903901	0.0454727	0.0900163	0.0852229	0.0880899	0.0508441	0.00441555	0.0228929
193	0.0267288	0.0105376	0.00357471	0.011159	0.0292413	0.0105743	0.0017442	0.348021	0.00406579	0.100695	0.0507362	0.006563	0.00209952	0.00629274	0.00703771	0.0275033	0.0332799	0.315157	0.00273921	0.00225
194	0.0339179	0.00979539	0.0539933	0.165649	0.00584373	0.0168714	0.0353348	0.0336347	0.187391	0.0483825	0.0184883	0.0818745	0.00851853	0.0824447	0.0616975	0.0634406	0.0536528	0.0256302	0.00126629	0.0121725
