285	20
1	0.250362	0.00733168	0.00617792	0.0127138	0.00373894	0.10274	0.0113725	0.0642922	0.0348476	0.0427519	0.0300019	0.0526573	0.00277992	0.0718688	0.0109116	0.0904423	0.0843256	0.115921	0.00143808	0.00332493
2	0.0255493	0.0187631	0.00049946	0.00184622	0.0128517	0.00355184	0.00216766	0.35856	0.00174159	0.201094	0.0236748	0.00124065	0.000253862	0.00430336	0.00242446	0.00217509	0.0172206	0.314172	0.00236126	0.00554961
3	0.051642	0.000810824	0.246895	0.462228	0.000627326	0.0118555	0.00633645	0.00252656	0.0224097	0.0108231	0.00483999	0.035061	0.00953357	0.0342351	0.00253686	0.0494185	0.0387711	0.00826303	0.000280582	0.000905465
4	0.0453863	0.00117064	0.0419198	0.0979749	0.00146478	0.0281282	0.0103226	0.052346	0.192973	0.0261004	0.0299333	0.104388	0.000936558	0.118857	0.0482177	0.0903829	0.093215	0.0136302	0.00067955	0.00197317
5	0.0156141	0.00726113	0.000868451	0.00422006	0.0377307	0.00244513	0.00837796	0.132241	0.0140939	0.546633	0.0561195	0.0120984	0.00679852	0.0183916	0.00746949	0.0192077	0.0212072	0.0580187	0.00376979	0.0274336
6	0.0251592	0.00745114	0.0013929	0.00443233	0.0431578	0.00352221	0.00766319	0.110024	0.0116631	0.524077	0.0492397	0.0154893	0.00642613	0.0223632	0.00647941	0.0340232	0.0304821	0.0562064	0.0031809	0.0375666
7	0.243429	0.00503076	0.00269214	0.00831563	0.00280597	0.0697649	0.012459	0.0489142	0.0177816	0.0289702	0.0123696	0.0629393	0.00189321	0.052477	0.00841003	0.137455	0.130765	0.150868	0.000718558	0.00194049
8	0.0123503	0.00549835	0.000963462	0.00465288	0.034153	0.00202196	0.0124595	0.147133	0.0155522	0.520141	0.0464622	0.0121392	0.00625192	0.0181953	0.00954265	0.0164413	0.0225211	0.090627	0.00363029	0.0192632
9	0.0551243	0.00552428	0.147525	0.355064	0.00520586	0.0609853	0.020458	0.00796503	0.0584655	0.0205323	0.0072422	0.050869	0.00644617	0.0577724	0.0188712	0.0628618	0.0369163	0.0149056	0.0015363	0.00572983
10	0.0139271	0.00230298	0.00749043	0.0174653	0.00325229	0.011278	0.00835293	0.00622405	0.600289	0.0160541	0.00594838	0.0130941	0.00132304	0.0242881	0.195108	0.0326024	0.0281734	0.00931042	0.000838493	0.00267764
11	0.0165732	0.00192992	0.00431634	0.0278995	0.0166254	0.0210479	0.0373284	0.00784587	0.17145	0.150429	0.0476956	0.00773685	0.00818093	0.216361	0.0774132	0.0721532	0.071988	0.0173274	0.0105209	0.0151774
12	0.280475	0.0943492	0.00176041	0.00753624	0.0178764	0.0170819	0.00208923	0.0312079	0.0037151	0.0285768	0.0294553	0.0164936	0.00300886	0.00473399	0.00385692	0.226134	0.152414	0.0776931	0.000467437	0.00107411
13	0.0381958	0.0167569	0.0314338	0.0437244	0.011782	0.0260744	0.0352714	0.0186791	0.13521	0.0342342	0.0201368	0.0976865	0.00603506	0.0659013	0.276946	0.0625518	0.0444106	0.0191768	0.00405273	0.0117403
14	0.0539534	0.00838502	0.00698205	0.0105695	0.0204207	0.00935282	0.0112297	0.0843684	0.0180815	0.360533	0.0584473	0.0508804	0.00412083	0.0839423	0.013555	0.037655	0.0567691	0.0966819	0.0020296	0.0120427
15	0.363767	0.00938903	0.00508462	0.0181546	0.00179745	0.106096	0.00217312	0.00274222	0.00913603	0.0121878	0.00189166	0.015942	0.00249845	0.0138557	0.00302349	0.370083	0.0455994	0.014988	0.000418751	0.00117261
16	0.146405	0.0555359	0.0617538	0.0823317	0.019672	0.168486	0.0441506	0.00512786	0.00630764	0.0173828	0.00387144	0.1172	0.00239152	0.0342232	0.00632249	0.174696	0.0130509	0.00570564	0.000766973	0.0346169
17	0.0483684	0.0021598	0.240821	0.185215	0.00234699	0.0233926	0.0239829	0.00816736	0.123413	0.0200587	0.00749722	0.095147	0.00426838	0.0583509	0.0371711	0.0641076	0.0384548	0.0125461	0.0010969	0.00343354
18	0.254085	0.0323282	0.00234716	0.00833772	0.00644675	0.0361578	0.00494008	0.0465853	0.00856127	0.0568483	0.044977	0.030859	0.00127834	0.0186408	0.00663541	0.117304	0.193222	0.127679	0.000775203	0.00199151
19	0.215674	0.00273497	0.0227734	0.0504441	0.0184879	0.0199399	0.028538	0.152823	0.0261963	0.0459817	0.0046046	0.0428751	0.104195	0.00916763	0.0087754	0.0908866	0.0466284	0.104915	0.00114118	0.00321779
20	0.318947	0.0154402	0.00735726	0.017095	0.00348083	0.0551147	0.00180933	0.0070373	0.0150305	0.0174861	0.00457117	0.0226777	0.00213914	0.0130915	0.00338274	0.388511	0.0872012	0.0183732	0.000374329	0.000879755
21	0.0982077	0.0509685	0.0523852	0.0342195	0.00562952	0.0402131	0.0124631	0.0167375	0.0221969	0.0413298	0.0106735	0.129562	0.00410088	0.0237527	0.0244891	0.210848	0.176762	0.0380702	0.00115712	0.00623444
22	0.131732	0.00345191	0.0419263	0.017783	0.00825643	0.06275	0.00665964	0.00415878	0.122997	0.0404764	0.00259143	0.0555103	0.00583419	0.0436425	0.0139102	0.32235	0.0956369	0.0180035	0.000589793	0.00173871
23	0.0468124	0.00270618	0.0123244	0.069265	0.00635213	0.00525368	0.0154512	0.0153433	0.293398	0.0826122	0.0141231	0.0105525	0.00198369	0.0489399	0.276862	0.0258918	0.0512735	0.0124086	0.00139398	0.00705229
24	0.0288681	0.0201751	0.000524792	0.00168955	0.0121167	0.00355572	0.00239405	0.345578	0.00163525	0.199108	0.023365	0.0014234	0.000256025	0.00419582	0.00220627	0.00254182	0.0186966	0.323483	0.00261022	0.00557702
25	0.137812	0.0400534	0.00173677	0.00265468	0.00613368	0.0108433	0.0036814	0.194333	0.00320789	0.135728	0.0426847	0.0068758	0.00079294	0.00589604	0.00304432	0.0287674	0.0635514	0.304596	0.00265258	0.00495404
26	0.0635363	0.0295744	0.0010218	0.00153423	0.00789989	0.00517486	0.00335665	0.273544	0.00173269	0.157401	0.0254785	0.00403067	0.000384692	0.00318377	0.00175016	0.00976059	0.0397421	0.36203	0.0034954	0.00536914
27	0.0472074	0.000267909	0.0896806	0.156343	0.000398424	0.0141245	0.0163691	0.0197215	0.184048	0.021	0.0121747	0.0574824	0.000297227	0.130397	0.0876298	0.0790854	0.0706683	0.0107023	0.000227841	0.00217462
28	0.0119548	0.00461105	0.000530238	0.00365127	0.0383905	0.00153787	0.00687389	0.137798	0.0130849	0.571777	0.0540911	0.0120944	0.00699061	0.0156445	0.0074411	0.0171985	0.0202119	0.0536619	0.00297779	0.0194784
29	0.133992	0.312352	0.00636088	0.0117536	0.0300567	0.00581044	0.00773609	0.0145986	0.0101004	0.151625	0.0187007	0.0128459	0.00338161	0.0161469	0.00802691	0.0881839	0.0466798	0.0496866	0.00141223	0.0705497
30	0.039903	0.0101229	0.00134952	0.0303352	0.161265	0.0212334	0.0578821	0.0223152	0.0396244	0.0619771	0.00286342	0.033722	0.00547541	0.0257232	0.0321319	0.0315292	0.0705238	0.0285239	0.0552537	0.268246
31	0.0217689	0.00380519	0.0109586	0.0163239	0.0044801	0.00644074	0.120168	0.0343927	0.0376199	0.0628301	0.00650667	0.150524	0.00323417	0.199666	0.0104994	0.0502264	0.150473	0.0340398	0.00192234	0.0741199
32	0.0186226	0.0131964	0.000452798	0.0023055	0.0127734	0.00350434	0.00181386	0.392444	0.00215047	0.191423	0.0262415	0.000987993	0.000251976	0.00515129	0.00313092	0.00171455	0.0169236	0.300824	0.0017788	0.00430909
33	0.0317022	0.0048422	0.0278152	0.0287961	0.0015903	0.00514469	0.0114051	0.220035	0.0253171	0.071993	0.11121	0.0252451	0.000871106	0.0421432	0.0403762	0.0254893	0.116455	0.204901	0.000778842	0.00388889
34	0.041835	0.00692313	0.00184661	0.00501727	0.0282301	0.00773961	0.00365139	0.0991082	0.00608402	0.461425	0.0627577	0.0167423	0.00335473	0.0197985	0.00410511	0.0475968	0.0490974	0.118964	0.00205548	0.0136676
35	0.01272	0.00412497	0.00082905	0.00503732	0.0395666	0.0016041	0.00821008	0.119347	0.0144178	0.542833	0.109303	0.00966155	0.00556556	0.0198566	0.00680008	0.0180677	0.0174215	0.0441242	0.00229611	0.0182131
36	0.237872	0.0904242	0.00186794	0.00810529	0.0196518	0.0143366	0.00282074	0.0292656	0.0035175	0.0307095	0.0322183	0.0193503	0.00289989	0.00566654	0.00414573	0.27663	0.143663	0.0750209	0.000543647	0.00129069
37	0.00395664	0.000892491	0.00161074	0.00885031	0.000965656	0.00786616	0.0018825	0.00209643	0.685959	0.00319424	0.00157974	0.00735125	0.00052774	0.0115634	0.205356	0.024935	0.0228621	0.00709151	0.000433424	0.00102549
38	0.00395831	0.000912668	0.0016777	0.00883869	0.000984742	0.00782687	0.00192385	0.00218291	0.684835	0.00336438	0.00162571	0.00726125	0.000527943	0.0117283	0.206116	0.0249681	0.0227648	0.00703849	0.000432762	0.00103138
39	0.0362409	0.00613482	0.0137708	0.0263986	0.0121161	0.0098461	0.178376	0.0108926	0.121008	0.0266932	0.0158181	0.0309703	0.00477733	0.0900155	0.307931	0.0422553	0.0341448	0.0124099	0.00390621	0.0162936
40	0.339103	0.00905146	0.00589144	0.016855	0.00216581	0.126828	0.00335477	0.00405462	0.0126571	0.017655	0.00314601	0.0174612	0.00211506	0.0195471	0.0040594	0.354972	0.0446533	0.0140719	0.000486475	0.00187146
41	0.043883	0.00982574	0.0161615	0.0311869	0.0185926	0.00913341	0.0722533	0.0876008	0.0468569	0.205641	0.0573916	0.033853	0.00919414	0.177574	0.0302487	0.038138	0.0443363	0.0453738	0.0040438	0.0187118
42	0.0126409	0.00488906	0.000749296	0.00385079	0.038899	0.00152295	0.00714143	0.135473	0.0137127	0.566226	0.0563712	0.0116921	0.0079049	0.0174568	0.00739189	0.0180868	0.020894	0.0520471	0.00285841	0.0201916
43	0.00402365	0.000945077	0.00168239	0.00908333	0.00107407	0.00782634	0.00237059	0.00220584	0.68089	0.00374574	0.00176081	0.00742234	0.00070891	0.0123499	0.205878	0.0257452	0.023515	0.00715362	0.00056578	0.00105321
44	0.0220602	0.00226211	0.0038291	0.0300621	0.0203413	0.0225372	0.0328812	0.00760339	0.152196	0.148378	0.0543744	0.00782921	0.012672	0.214642	0.0755163	0.0764137	0.0804089	0.0139646	0.0101733	0.0118554
45	0.302083	0.0242861	0.00798612	0.0160997	0.00807307	0.0224515	0.00750947	0.0257584	0.0101748	0.0173096	0.00885741	0.0162925	0.0404534	0.0123867	0.00725441	0.30196	0.0824438	0.0844821	0.00110512	0.0030325
46	0.0247359	0.00730505	0.00104345	0.00261948	0.00617699	0.00339747	0.00267563	0.391158	0.00264049	0.0996817	0.0286952	0.00266524	0.000282052	0.0117459	0.00439243	0.00314284	0.0337758	0.37108	0.00127273	0.00151358
47	0.239746	0.0045849	0.00340481	0.00749497	0.00342465	0.0603064	0.00854286	0.048817	0.0291887	0.0214396	0.0106119	0.0369966	0.0017667	0.0716396	0.00762703	0.113146	0.198415	0.129568	0.000778193	0.00250093
48	0.190653	0.00354065	0.0874217	0.0755382	0.0272294	0.0119644	0.0113827	0.00921871	0.124815	0.0142444	0.00706602	0.0213035	0.00282888	0.0176085	0.0873578	0.0927744	0.145901	0.0317125	0.00165278	0.0357859
49	0.0310354	0.00815089	0.00280823	0.00609339	0.0231307	0.00447315	0.00458768	0.175213	0.00840044	0.37676	0.0987933	0.0115958	0.00285481	0.015968	0.00727975	0.0228521	0.0382225	0.14974	0.0023091	0.00973173
50	0.0308498	0.00898271	0.000842269	0.0022336	0.00561332	0.00372892	0.00283437	0.380038	0.00226627	0.0886461	0.0284136	0.00299003	0.000382449	0.00744534	0.00332525	0.00393389	0.035489	0.389184	0.00148815	0.00131348
51	0.0501361	0.000533994	0.0901614	0.154372	0.000742436	0.0149526	0.0162129	0.0195609	0.17922	0.0207351	0.0120907	0.0577629	0.000298351	0.131202	0.0913757	0.0773468	0.0692404	0.0113882	0.000327242	0.00234085
52	0.0495108	0.000770466	0.0780712	0.146886	0.00111491	0.014124	0.0187642	0.0248901	0.17449	0.0304759	0.015239	0.052079	0.000602981	0.136053	0.0892748	0.0751693	0.0722709	0.0172952	0.000565503	0.00235178
53	0.0220787	0.0149317	0.0406829	0.0416635	0.00237025	0.00404575	0.00949278	0.224186	0.0252264	0.108967	0.129395	0.0202872	0.00143917	0.0263596	0.0660679	0.0157798	0.0779223	0.164437	0.00120988	0.00345744
54	0.0478753	0.000366594	0.097023	0.161703	0.000490288	0.013516	0.0161952	0.0190866	0.17896	0.0228882	0.0128428	0.0616941	0.000302732	0.120217	0.0832122	0.0828041	0.0677284	0.0103698	0.000467098	0.00225769
55	0.0557556	0.00841545	0.00293766	0.00601435	0.0231217	0.0085621	0.00362176	0.0963859	0.0066121	0.418525	0.0683086	0.0161614	0.00297192	0.0176063	0.0046859	0.0491568	0.0585932	0.140523	0.00191981	0.0101216
56	0.0223851	0.0144784	0.000549838	0.00233278	0.0116991	0.00363751	0.00201763	0.394294	0.00217624	0.184553	0.0266072	0.00134993	0.000226284	0.00472305	0.00320997	0.0023995	0.017757	0.299378	0.00184713	0.00437733
57	0.0258517	0.00104452	0.161299	0.459648	0.00121672	0.00691849	0.0495157	0.00402156	0.0671378	0.0170701	0.00557652	0.06036	0.00118234	0.0509561	0.0140242	0.0350483	0.0190492	0.0167595	0.00037941	0.00294116
58	0.214527	0.0153113	0.00545223	0.0210513	0.00513259	0.048116	0.00895127	0.0503223	0.013528	0.0400366	0.0181248	0.0533848	0.00656615	0.0318933	0.0186121	0.129143	0.190126	0.127055	0.000655602	0.00201073
59	0.0162552	0.00859934	0.000637332	0.00342525	0.020846	0.0031226	0.00351133	0.313853	0.00580819	0.319372	0.0378608	0.00481994	0.00234858	0.00901721	0.00516661	0.0084062	0.019339	0.20589	0.00248357	0.00923739
60	0.0625039	0.0863465	0.0224469	0.0173838	0.0188478	0.0110685	0.0138639	0.013736	0.100557	0.0270981	0.049142	0.0626743	0.00322688	0.105272	0.248144	0.0913765	0.0227889	0.0365587	0.00232503	0.00463872
61	0.0405724	0.00880863	0.06548	0.0294288	0.00246264	0.0182726	0.027396	0.00850202	0.0388463	0.0508756	0.016674	0.104652	0.00203479	0.0573411	0.0253823	0.117088	0.331486	0.0375447	0.00112196	0.0160296
62	0.0213912	0.00670544	0.000621624	0.00245453	0.00687021	0.00326743	0.00242501	0.405706	0.00256611	0.10855	0.0292081	0.00220764	0.000267413	0.0105647	0.00407065	0.00238226	0.0304228	0.357637	0.00116501	0.00151615
63	0.2469	0.0737709	0.00216739	0.00829415	0.0130674	0.01623	0.00249162	0.0286176	0.00450831	0.028551	0.0258413	0.0155771	0.00395077	0.0056411	0.00465204	0.218718	0.228097	0.0711296	0.000455093	0.00134003
64	0.0462672	0.000808908	0.227845	0.498818	0.000807823	0.0117694	0.00920322	0.00225258	0.0221831	0.0110699	0.00660808	0.028861	0.00811894	0.0332716	0.00388346	0.040892	0.0384968	0.0072775	0.000358914	0.00120598
65	0.0419431	0.00514153	0.0506714	0.0642776	0.0043055	0.177711	0.0281728	0.0120588	0.182453	0.0210202	0.00926281	0.126447	0.00454242	0.0665655	0.0631106	0.0871751	0.0377321	0.0121497	0.00196465	0.00329451
66	0.00998056	0.00216377	0.00733081	0.0202624	0.00387258	0.00597034	0.0224844	0.00850158	0.488946	0.0250249	0.00995895	0.0098276	0.000748275	0.0561083	0.268483	0.027632	0.0215817	0.00779077	0.000649654	0.00268244
67	0.0101373	0.00391735	0.00300251	0.00607365	0.0136649	0.00344218	0.00306822	0.421011	0.00692323	0.189849	0.066148	0.00393432	0.000935161	0.00969689	0.00883652	0.0055609	0.0226342	0.215539	0.00087421	0.00475025
68	0.00904385	0.00578017	0.00105251	0.00158194	0.315142	0.000959163	0.0346479	0.00960589	0.00166047	0.0234884	0.00693099	0.00432826	0.000415515	0.00170486	0.0029555	0.00751738	0.0130585	0.00460052	0.0169669	0.53856
69	0.021114	0.00916915	0.00126185	0.00490049	0.0296275	0.00323445	0.00555642	0.163537	0.0101298	0.474065	0.0481828	0.0101733	0.00510156	0.0145632	0.00656648	0.0197749	0.024733	0.130521	0.00327188	0.0145161
70	0.0503192	0.00177528	0.220067	0.424918	0.00105887	0.0144888	0.0158985	0.00406885	0.0411426	0.0150252	0.0055314	0.0447467	0.00774544	0.0436642	0.00885157	0.05167	0.0348346	0.011428	0.000526671	0.00223859
71	0.0410623	0.00518001	0.0116372	0.0135384	0.00416519	0.00592989	0.0129089	0.197934	0.0375468	0.122291	0.0309528	0.091011	0.00929538	0.0280392	0.0457197	0.0191007	0.0644133	0.253976	0.00157845	0.00371913
72	0.071095	0.00466778	0.155326	0.261409	0.00414713	0.0181414	0.0240806	0.0143379	0.0502181	0.064526	0.0146085	0.0449492	0.0657521	0.0704299	0.0123924	0.0655217	0.0329427	0.0198135	0.00118306	0.00445806
73	0.0352793	0.00857191	0.0129611	0.0274215	0.0598039	0.0133649	0.139639	0.0159725	0.0786705	0.0380607	0.014383	0.0359092	0.00509665	0.0588854	0.195975	0.0432954	0.0467495	0.0172141	0.0134178	0.139328
74	0.300674	0.0449036	0.0065081	0.0146955	0.00927113	0.0331969	0.00678036	0.0375095	0.0136622	0.0301938	0.021342	0.023911	0.00669796	0.0198331	0.00820296	0.212416	0.101791	0.102305	0.00114094	0.00496518
75	0.0657844	0.00329439	0.0378764	0.116699	0.00531032	0.0437776	0.0248748	0.0499254	0.0928131	0.021709	0.0179497	0.0404785	0.00215433	0.15228	0.109874	0.0874475	0.0932205	0.0283545	0.00201696	0.00415992
76	0.0259158	0.0190963	0.00054661	0.00215657	0.0176257	0.00347503	0.00350768	0.304423	0.0034946	0.26667	0.0283712	0.00288661	0.00131356	0.00559668	0.00309123	0.00532887	0.0183928	0.277082	0.00310762	0.00791816
77	0.189125	0.0280172	0.00546845	0.0112639	0.00702326	0.0210857	0.00717395	0.100536	0.00938868	0.0407297	0.0252882	0.0205643	0.00716162	0.0203865	0.0090166	0.137196	0.177226	0.177321	0.00117486	0.00485383
78	0.00957314	0.00279179	0.00725101	0.02202	0.0123221	0.00188421	0.0337162	0.0152778	0.25534	0.0787302	0.0283112	0.00939909	0.000958138	0.0899871	0.361001	0.0337448	0.0206066	0.0104892	0.00154564	0.00505063
79	0.0250459	0.00538459	0.0474342	0.0576155	0.00230697	0.00287555	0.0061942	0.23461	0.0478033	0.0592477	0.154091	0.024731	0.00141632	0.0388705	0.0760197	0.0119897	0.140351	0.0605829	0.000685806	0.0027441
80	0.0158402	0.00745536	0.000707282	0.00352568	0.033786	0.00230194	0.00581251	0.188486	0.0101215	0.480726	0.0486125	0.00940346	0.00537475	0.0133304	0.00632457	0.0153334	0.0205043	0.113467	0.00289261	0.0159943
81	0.344785	0.0551026	0.00270426	0.00939837	0.0103204	0.0274291	0.00174574	0.0154115	0.0048347	0.0171395	0.0148452	0.0145257	0.00588193	0.00622258	0.00255664	0.309956	0.0984992	0.0574944	0.000313497	0.000832953
82	0.0474469	0.000266928	0.0894045	0.155958	0.000371685	0.0143136	0.0166305	0.0197495	0.184584	0.0211186	0.0123233	0.0577921	0.000290049	0.129316	0.0865202	0.0794295	0.0712455	0.0108479	0.00021568	0.00217442
83	0.0186108	0.00448261	0.00689306	0.0134966	0.037552	0.00538501	0.0135096	0.141815	0.0393089	0.17412	0.355	0.0105713	0.00274817	0.0274179	0.0303879	0.0220468	0.0133007	0.0123175	0.00176796	0.0692684
84	0.0352824	0.00300889	0.128468	0.0895671	0.00287082	0.216525	0.0252621	0.00579303	0.156253	0.0155343	0.00449472	0.117997	0.0018825	0.0645989	0.0561095	0.0416972	0.024444	0.00682659	0.000909201	0.0024759
85	0.028493	0.00164267	0.327187	0.197752	0.00234325	0.00573364	0.0280862	0.00604096	0.147902	0.0222676	0.00614242	0.0939268	0.00106887	0.0365853	0.0310996	0.0338941	0.0141858	0.011016	0.000790692	0.00384189
86	0.00839928	0.00356185	0.000535974	0.00398194	0.0100723	0.00381845	0.00171091	0.476429	0.00406238	0.145299	0.0315333	0.00174254	0.000247752	0.00749243	0.00594157	0.00130171	0.0183169	0.273412	0.000482696	0.00165746
87	0.143641	0.00112691	0.191934	0.0954807	0.0019372	0.0509217	0.0123781	0.00220005	0.0700409	0.00716229	0.00189603	0.0802014	0.00101523	0.0253183	0.0530944	0.129205	0.121831	0.00813581	0.000617203	0.00186294
88	0.113029	0.00811532	0.0590805	0.117398	0.00282111	0.115879	0.01485	0.0178729	0.120176	0.0208971	0.00433614	0.0270798	0.0253273	0.0902999	0.00735156	0.1602	0.0491895	0.0432798	0.00064087	0.00217623
89	0.311241	0.0334957	0.0242641	0.0369388	0.0108716	0.0390918	0.012539	0.0268011	0.02747	0.0304769	0.0167848	0.0307317	0.00524364	0.0269572	0.0154764	0.202793	0.0822797	0.0542955	0.00198643	0.010262
90	0.396689	0.1045	0.00659243	0.00974311	0.00714302	0.0347705	0.00660692	0.017371	0.0303813	0.0185887	0.0157333	0.0348252	0.00247777	0.0322695	0.0271959	0.0790952	0.12006	0.0511794	0.00130201	0.00347638
91	0.134759	0.00129535	0.193333	0.0971742	0.00169366	0.0495746	0.0118017	0.00235741	0.0722184	0.00776017	0.00225415	0.0842763	0.00109938	0.0266893	0.0522641	0.129568	0.122325	0.00725101	0.000613222	0.00169227
92	0.0176062	0.010497	0.000447129	0.00262643	0.0113431	0.00348135	0.00165105	0.417216	0.00228454	0.176928	0.0310632	0.00139935	0.000255037	0.00520023	0.00339814	0.0020613	0.0184151	0.289167	0.00148706	0.00347297
93	0.0132577	0.00244807	0.00236708	0.0123394	0.0344356	0.00223091	0.0142836	0.0481886	0.0245536	0.384415	0.357647	0.00401068	0.00112955	0.0421807	0.00634446	0.0238356	0.00627059	0.00553141	0.000571402	0.0139584
94	0.056235	0.0581092	0.0334814	0.0763561	0.00999494	0.113283	0.0257015	0.0148803	0.0343014	0.0828561	0.0124926	0.0872046	0.00543611	0.142148	0.050169	0.133912	0.033393	0.0178462	0.00202019	0.0101793
95	0.0579229	0.000927082	0.258046	0.412795	0.000548645	0.0142327	0.00626889	0.00304088	0.0263676	0.0126907	0.00324383	0.0446711	0.0105764	0.0383918	0.00210651	0.0593239	0.0376412	0.0103402	0.000230667	0.000634051
96	0.0187321	0.00533734	0.00105727	0.00677583	0.0310801	0.00329199	0.00582888	0.140841	0.0103029	0.509694	0.057466	0.0105484	0.00518231	0.0149309	0.00705669	0.0238466	0.0299441	0.100753	0.00356927	0.0137619
97	0.155862	0.00824393	0.0225654	0.0355898	0.0149392	0.0215223	0.174037	0.0249509	0.0401297	0.0377531	0.0168536	0.041592	0.0619228	0.135638	0.0293105	0.0578007	0.0414785	0.0668991	0.00319333	0.00971878
98	0.0262615	0.0100092	0.000935056	0.00295611	0.00775315	0.00380109	0.00232256	0.401301	0.00256452	0.118116	0.0305677	0.00268025	0.000346744	0.00727881	0.00426695	0.00328827	0.0304956	0.34148	0.00141078	0.00216516
99	0.0480576	0.00397766	0.167483	0.424277	0.0027591	0.0149572	0.0214208	0.00902525	0.0483693	0.0202962	0.00841416	0.0407447	0.00754211	0.0570876	0.0191538	0.0496023	0.0375501	0.0149224	0.000810136	0.00354909
100	0.104024	0.0198227	0.0377999	0.0501062	0.0131008	0.0198435	0.0204367	0.052211	0.0450148	0.0583939	0.0219546	0.0432009	0.0117595	0.040946	0.0367299	0.11582	0.228938	0.0621175	0.00332858	0.0144515
101	0.00906969	0.00591183	0.00101415	0.00155072	0.318849	0.000914876	0.0318982	0.00972371	0.00156785	0.0239845	0.00678916	0.00433254	0.000398126	0.00162257	0.00269384	0.00672969	0.0129583	0.00459588	0.0172905	0.538105
102	0.145078	0.0273984	0.0200083	0.0258553	0.00887868	0.0601411	0.0111937	0.0552681	0.0242062	0.0342316	0.0165076	0.0432015	0.00905303	0.0309377	0.0183957	0.20515	0.196801	0.0614145	0.0022584	0.00402084
103	0.265104	0.0166693	0.0108407	0.0134792	0.00490197	0.0503275	0.00271568	0.0100189	0.0277961	0.0257444	0.00714462	0.0331766	0.00222076	0.0158998	0.00488482	0.369649	0.11221	0.025596	0.000491935	0.00112898
104	0.0164964	0.00398165	0.00262791	0.00984197	0.0519743	0.0027067	0.01422	0.0695049	0.0211314	0.412828	0.264631	0.00712734	0.00275336	0.0379507	0.00798471	0.0225369	0.012301	0.0222065	0.0014341	0.0157604
105	0.0644756	0.000866946	0.263024	0.371896	0.000421453	0.013707	0.00755667	0.00326087	0.0316935	0.0143475	0.00190264	0.0520684	0.0134059	0.0436624	0.00170359	0.065329	0.037636	0.0124273	0.000175086	0.000439881
106	0.00964404	0.00302896	0.00769517	0.0222835	0.0132769	0.002054	0.0322511	0.0155705	0.255745	0.0798475	0.0293468	0.00960202	0.00104013	0.0885673	0.358985	0.0334395	0.0206906	0.0103277	0.0016174	0.00498703
107	0.0146105	0.00146835	0.0071719	0.0384326	0.0112361	0.00502194	0.0264947	0.0125921	0.241634	0.0993931	0.0258641	0.00851649	0.00252423	0.107624	0.281417	0.0413498	0.0430334	0.0150342	0.00409568	0.012486
108	0.0518148	0.000977623	0.242921	0.432849	0.0006586	0.0122161	0.011616	0.00294317	0.0327321	0.0131484	0.00446735	0.0437789	0.00868359	0.0374093	0.00548525	0.0509467	0.035581	0.0104367	0.000224484	0.00111043
109	0.00655588	0.00119751	0.0038837	0.0130138	0.00249854	0.00810461	0.00783122	0.00415089	0.610882	0.0149053	0.00502157	0.00811735	0.000965527	0.0253301	0.229436	0.0254585	0.0226177	0.00758872	0.000545285	0.00189588
110	0.0731539	0.0229257	0.00146821	0.00185927	0.00350149	0.00498752	0.00385963	0.280983	0.00213961	0.0864981	0.029972	0.00597288	0.000430034	0.00551515	0.00276369	0.0115196	0.0573324	0.397694	0.00413307	0.00329
111	0.0618642	0.000791288	0.247698	0.390579	0.00043578	0.0140896	0.0104361	0.00308767	0.0336997	0.0155048	0.00229797	0.0497073	0.0115672	0.0455631	0.00266769	0.0609006	0.0359357	0.0123763	0.000190829	0.000607868
112	0.00926583	0.00595549	0.00100154	0.00176581	0.318507	0.00107568	0.0319269	0.00981873	0.00184186	0.0243824	0.00675523	0.00455353	0.000438743	0.001833	0.00280324	0.00701701	0.0134373	0.00482812	0.0174694	0.535323
113	0.0128313	0.0050741	0.000595753	0.00375463	0.0296941	0.00251675	0.00501102	0.254988	0.00901329	0.410804	0.061362	0.00734495	0.00414909	0.01187	0.00580898	0.0126468	0.0193776	0.128086	0.00237055	0.0127009
114	0.0130841	0.00476584	0.00201906	0.00522876	0.0350797	0.00177345	0.00683282	0.152379	0.0137172	0.531168	0.0621557	0.0138929	0.00639115	0.0164744	0.00921761	0.0168534	0.0238468	0.0639347	0.00289707	0.0182888
115	0.037657	0.00105717	0.160897	0.312924	0.00148738	0.0098458	0.0267842	0.00807353	0.111379	0.0184179	0.00834	0.065385	0.00109892	0.0849528	0.0414496	0.0527558	0.0346057	0.0158884	0.00057594	0.0064248
116	0.045833	0.00887528	0.0207849	0.0395188	0.0184755	0.0152713	0.087118	0.0327119	0.0737186	0.143927	0.0346508	0.0377573	0.00877342	0.221992	0.0494911	0.0535182	0.0545385	0.0267055	0.00571776	0.0206214
117	0.0122309	0.00478466	0.00114606	0.00398992	0.0113513	0.00496494	0.00169728	0.463042	0.00377907	0.133423	0.0417064	0.00163881	0.00035597	0.00619624	0.00513324	0.00241408	0.0205064	0.278165	0.000740992	0.002734
118	0.122654	0.00243715	0.0931651	0.103151	0.00697102	0.025826	0.0179132	0.0137285	0.109351	0.022242	0.00870821	0.05043	0.00297521	0.0530963	0.104205	0.13354	0.105642	0.0155912	0.00129578	0.00707708
119	0.0129842	0.00487313	0.000643029	0.00363763	0.0388901	0.00154561	0.00699943	0.135216	0.0132839	0.568581	0.0536613	0.0121088	0.00756372	0.0171503	0.00713358	0.0181991	0.0204105	0.0530782	0.00293193	0.0211086
120	0.226398	0.155765	0.00283122	0.0135235	0.0226128	0.0139694	0.00350809	0.0247343	0.00539682	0.0429749	0.0344633	0.0214625	0.00240739	0.00636959	0.00544106	0.207448	0.130198	0.0710043	0.000662401	0.00882889
121	0.0119145	0.00463964	0.000527638	0.00363776	0.0389968	0.00148839	0.00690879	0.137099	0.0131329	0.57228	0.0539608	0.0116605	0.00707582	0.015849	0.0071954	0.017285	0.0200496	0.0535122	0.00297077	0.0198156
122	0.141115	0.00688971	0.0651373	0.149908	0.00597723	0.00482548	0.0241618	0.0372722	0.0743213	0.203115	0.0564612	0.03667	0.0272367	0.0516947	0.0351399	0.0252806	0.0177485	0.0320859	0.00164147	0.00331785
123	0.0240658	0.00286863	0.0432322	0.111722	0.00258958	0.174308	0.0297536	0.00906863	0.20906	0.0250487	0.00737273	0.104071	0.00156983	0.112862	0.0639647	0.0439716	0.0229964	0.00756614	0.00103665	0.0028709
124	0.0506928	0.00477003	0.244212	0.178855	0.00270983	0.0223713	0.0229352	0.00920479	0.118204	0.0230037	0.0070839	0.100573	0.00329115	0.0508062	0.0358125	0.0659627	0.0412152	0.0129071	0.0014508	0.00393885
125	0.00906969	0.00591183	0.00101415	0.00155072	0.318849	0.000914876	0.0318982	0.00972371	0.00156785	0.0239845	0.00678916	0.00433254	0.000398126	0.00162257	0.00269384	0.00672969	0.0129583	0.00459588	0.0172905	0.538105
126	0.0605219	0.00475403	0.0424087	0.0444731	0.00330592	0.0234876	0.00978142	0.139606	0.0126336	0.0452868	0.0658039	0.0125512	0.00171581	0.0367756	0.0136685	0.0595597	0.059555	0.341204	0.00111044	0.0217975
127	0.00993767	0.00506653	0.00695152	0.0207306	0.014609	0.00217919	0.0367515	0.0137748	0.24143	0.0756849	0.0296778	0.0103508	0.00117798	0.0921341	0.366294	0.0368643	0.0194298	0.0102933	0.00181301	0.00484963
128	0.277667	0.0495662	0.00251454	0.00695611	0.00685975	0.0272364	0.0037109	0.0693044	0.00683416	0.0797074	0.0511165	0.016822	0.0012866	0.0120258	0.00577107	0.0910617	0.127245	0.159114	0.000898596	0.00430208
129	0.157278	0.00456581	0.0097684	0.016969	0.027001	0.0418367	0.0882927	0.0122559	0.0496607	0.0643701	0.0100445	0.0599903	0.0266646	0.146687	0.060475	0.106727	0.0917008	0.0179699	0.00159553	0.00614756
130	0.0129008	0.00703144	0.000529365	0.00315683	0.0110283	0.00368119	0.00154366	0.452844	0.00293575	0.158188	0.031557	0.00137172	0.000274801	0.00572613	0.00451495	0.0017306	0.0192063	0.278193	0.00101398	0.00257224
131	0.0218364	0.0152686	0.000479402	0.00230892	0.0192746	0.00383758	0.00279933	0.305973	0.003748	0.283934	0.0299341	0.00345452	0.00163258	0.0067651	0.00327729	0.00685131	0.0179391	0.258503	0.00279453	0.00938786
132	0.374789	0.01191	0.00464202	0.0153712	0.00130864	0.0539877	0.0012038	0.00167703	0.00828633	0.00879901	0.00142852	0.0184351	0.00233136	0.0108969	0.00168633	0.41304	0.058337	0.010792	0.000265377	0.000812432
133	0.0203995	0.00759555	0.0135816	0.0202162	0.00590178	0.0706609	0.0155423	0.00976679	0.297464	0.0152151	0.00920582	0.158695	0.00291637	0.0255699	0.25793	0.0275822	0.0206674	0.0136083	0.00191175	0.00556985
134	0.00491382	0.00110631	0.00205184	0.010292	0.00200297	0.0072709	0.0074681	0.0029716	0.637837	0.00860719	0.00349359	0.00850468	0.000600419	0.0201614	0.225026	0.0255898	0.0225447	0.00732086	0.000600939	0.00163613
135	0.0140088	0.00601531	0.000509494	0.00316032	0.0104161	0.00373718	0.00169366	0.454728	0.00287965	0.138406	0.0310133	0.0012296	0.000248261	0.00643108	0.00437059	0.00168295	0.0209085	0.295794	0.000803052	0.00196447
136	0.0406758	0.003132	0.00666866	0.0115973	0.00486098	0.00600978	0.0314557	0.127438	0.079879	0.0406771	0.00589567	0.0366625	0.135689	0.0117713	0.125645	0.0370351	0.149931	0.139464	0.00171877	0.00379371
137	0.004024	0.000887564	0.00161372	0.00893085	0.000988958	0.00777608	0.00199533	0.00213068	0.684484	0.0034147	0.0015906	0.00716956	0.000525977	0.0117247	0.206369	0.0250172	0.0227896	0.00710461	0.000431375	0.00103097
138	0.0385352	0.0105138	0.00152905	0.0315423	0.158301	0.0238085	0.0520588	0.0218983	0.036953	0.0645433	0.00278071	0.0363187	0.0055538	0.0267186	0.0280326	0.0330096	0.075772	0.0283837	0.0548258	0.268921
139	0.0124118	0.00469933	0.000621441	0.00386401	0.0477664	0.00162567	0.00690136	0.133731	0.0129117	0.566835	0.0546306	0.0116026	0.00688184	0.0159854	0.00716165	0.0175025	0.0199426	0.0529451	0.00290385	0.019076
140	0.0646614	0.000781937	0.250171	0.326007	0.000437549	0.0121762	0.0157102	0.00475841	0.0503121	0.0157957	0.00226368	0.0720731	0.00813354	0.0454497	0.00572795	0.0744926	0.0321679	0.0176457	0.000207705	0.00102677
141	0.0663247	0.000835827	0.262049	0.362411	0.000415264	0.0142322	0.00825561	0.00346155	0.0334143	0.0150653	0.00152791	0.0542035	0.012523	0.0455918	0.00177847	0.067391	0.0365282	0.0133868	0.000158991	0.000445236
142	0.0587288	0.0321145	0.00603424	0.00934752	0.0236673	0.00546881	0.0125793	0.0941448	0.0145544	0.416677	0.0324478	0.0153053	0.0204309	0.075741	0.00962143	0.0597526	0.0232969	0.0330946	0.00227231	0.0547207
143	0.0388662	0.00108428	0.0726096	0.125595	0.00132646	0.0266813	0.015852	0.0166417	0.253295	0.0206705	0.0113317	0.0613642	0.000836926	0.106882	0.109141	0.0667008	0.0570996	0.0108281	0.000776274	0.00241713
144	0.015711	0.00439299	0.00299832	0.012693	0.027503	0.00285248	0.010132	0.132063	0.0154324	0.505874	0.0471488	0.0125596	0.00574699	0.0226546	0.0158066	0.0280271	0.033526	0.0805289	0.00986433	0.0144849
145	0.0183103	0.00302943	0.0336317	0.0510107	0.006736	0.00417716	0.0177972	0.0478945	0.293699	0.0544751	0.026118	0.0131443	0.00112251	0.087033	0.27421	0.0274543	0.0244404	0.0105357	0.00113839	0.00404288
146	0.00906969	0.00591183	0.00101415	0.00155072	0.318849	0.000914876	0.0318982	0.00972371	0.00156785	0.0239845	0.00678916	0.00433254	0.000398126	0.00162257	0.00269384	0.00672969	0.0129583	0.00459588	0.0172905	0.538105
147	0.00970252	0.00661023	0.00100506	0.00194612	0.314779	0.0011692	0.0322243	0.0104777	0.00220358	0.0271322	0.00685719	0.00478612	0.000514649	0.00204817	0.00303643	0.00725865	0.0138834	0.00530829	0.0177662	0.531291
148	0.0459843	0.000377162	0.133718	0.173685	0.000415729	0.0120828	0.0177986	0.0144862	0.162753	0.0221125	0.013758	0.0728347	0.000322935	0.107816	0.0693484	0.0807101	0.0577707	0.00984402	0.0006847	0.0034975
149	0.019362	0.00674255	0.00201075	0.00545577	0.0377563	0.00198156	0.0154402	0.0961317	0.0161831	0.505291	0.113465	0.011088	0.00585903	0.0438763	0.00774571	0.0271604	0.0168548	0.0321623	0.00166552	0.0337683
150	0.013222	0.00242198	0.00229935	0.0122326	0.0338448	0.00228658	0.0145876	0.0495074	0.0256462	0.388676	0.348786	0.00423014	0.00117021	0.0426335	0.00644106	0.0240075	0.00666964	0.00681206	0.000733237	0.0137922
151	0.0428099	0.00924347	0.0162657	0.0182095	0.00229205	0.00508132	0.00753164	0.271008	0.0165793	0.0699824	0.0801357	0.0220789	0.0017127	0.023105	0.031547	0.0165122	0.0844607	0.277898	0.00119698	0.00234924
152	0.0494131	0.000439896	0.0825076	0.151464	0.000489238	0.0143131	0.016161	0.0258477	0.174465	0.0224356	0.012775	0.0528402	0.000332688	0.136025	0.0963336	0.075386	0.0713172	0.0148447	0.000273591	0.00233597
153	0.019898	0.0142794	0.00062654	0.00328762	0.0258549	0.00316409	0.00694982	0.229939	0.00716558	0.378724	0.0402275	0.00636093	0.00338909	0.00851883	0.00451451	0.0107742	0.0183251	0.18716	0.00654662	0.0242942
154	0.14267	0.051541	0.0667665	0.0774329	0.0281214	0.165668	0.0629294	0.004149	0.00658817	0.0176977	0.00559351	0.124869	0.00178743	0.0394742	0.00586999	0.132001	0.00808851	0.00512535	0.000852464	0.0527738
155	0.0586973	0.0058205	0.04589	0.0666475	0.0163302	0.0037173	0.00919489	0.05813	0.0787811	0.219781	0.0196464	0.0613013	0.00268117	0.0427936	0.092369	0.122418	0.0644725	0.0275223	0.00154865	0.00225675
156	0.0939341	0.00759462	0.0545582	0.0411966	0.0371054	0.00696463	0.299249	0.00871277	0.0295093	0.0148348	0.0313367	0.0942241	0.00422561	0.151995	0.0430629	0.0273841	0.0139448	0.0113652	0.00236719	0.0264344
157	0.0537542	0.000949656	0.24923	0.306099	0.000637586	0.0092296	0.024253	0.0054958	0.0653508	0.0166428	0.00278233	0.084294	0.00553069	0.0446907	0.0102939	0.071912	0.0275971	0.0193029	0.000315405	0.00163924
158	0.115976	0.00329133	0.111997	0.124478	0.00316865	0.00737103	0.010716	0.00940118	0.0858723	0.0520058	0.0259784	0.174194	0.00308692	0.0631891	0.0507949	0.107437	0.0222056	0.00879249	0.0169023	0.00314219
159	0.00936187	0.00592443	0.00100844	0.00193441	0.317083	0.00115641	0.0322751	0.00993433	0.00202572	0.0243191	0.00674677	0.00472692	0.000450788	0.00192977	0.00302562	0.00703401	0.0138389	0.00491272	0.0179165	0.534395
160	0.0115098	0.00440363	0.000531324	0.00361174	0.0376127	0.00167452	0.00667411	0.16079	0.012782	0.540489	0.054929	0.0108272	0.0065427	0.0159201	0.00724093	0.0160427	0.0199704	0.0672096	0.00280804	0.0184308
161	0.0679991	0.000864117	0.254289	0.340186	0.000417051	0.012991	0.0138768	0.00447615	0.0411781	0.0149111	0.00145327	0.0664242	0.00949684	0.0443787	0.00312378	0.0726251	0.0337393	0.0168147	0.000194168	0.000561374
162	0.0592152	0.0210238	0.00107401	0.0016154	0.00338597	0.00459387	0.00360606	0.29698	0.00192206	0.0828894	0.0290683	0.00632154	0.000340807	0.00575091	0.00272969	0.00791712	0.0537048	0.412334	0.0032084	0.00231938
163	0.318974	0.0961427	0.00239001	0.00825381	0.0175322	0.0241122	0.00200709	0.024534	0.00502409	0.0230005	0.0239147	0.0159447	0.0033958	0.00655158	0.00445927	0.239137	0.115588	0.0672764	0.000364059	0.00139854
164	0.0141219	0.00269396	0.00499111	0.0184342	0.00779387	0.00217928	0.0757348	0.00953752	0.231578	0.040765	0.0163176	0.00809105	0.0011807	0.1054	0.407621	0.0282548	0.012531	0.00734445	0.000894464	0.0045353
165	0.147288	0.0527568	0.0393727	0.0202784	0.0388393	0.0231462	0.200452	0.00662234	0.0196093	0.0121488	0.0275408	0.157439	0.00246521	0.0403466	0.017164	0.0485892	0.0127633	0.00867708	0.00164817	0.122852
166	0.0108643	0.00607168	0.00103459	0.00379313	0.307755	0.00232723	0.0334261	0.0102097	0.00388978	0.0268446	0.00712551	0.00692748	0.000646996	0.0033347	0.00441085	0.00824081	0.0171939	0.00608199	0.0207539	0.519067
167	0.0144108	0.00203163	0.00439796	0.0314747	0.0195261	0.0144183	0.0429795	0.0100781	0.16958	0.16594	0.0456253	0.00767514	0.00664843	0.179515	0.118038	0.0673853	0.0612914	0.0131461	0.0140462	0.0117921
168	0.184707	0.00393666	0.0195153	0.276518	0.00446213	0.00835226	0.0360944	0.00972247	0.0438689	0.0408742	0.0305151	0.0435467	0.00473479	0.0648813	0.0108666	0.1848	0.0155369	0.0107763	0.00214817	0.00414283
169	0.00811008	0.00338733	0.000441932	0.00355624	0.010333	0.00355999	0.00128625	0.491681	0.00307116	0.141655	0.0335391	0.000924809	0.000236121	0.00613122	0.00489266	0.00112663	0.0179673	0.266151	0.000398409	0.00155022
170	0.0385593	0.0104825	0.00140889	0.0310571	0.158267	0.0242686	0.0531594	0.0230117	0.0358484	0.0665652	0.00275799	0.034422	0.00529844	0.0274167	0.0280825	0.0330407	0.0709182	0.0280989	0.0552828	0.272053
171	0.0529494	0.000953666	0.252371	0.304443	0.000647183	0.00919329	0.024826	0.00584697	0.0653223	0.0171623	0.00249851	0.0859489	0.00566471	0.0447828	0.00960394	0.0691077	0.0271783	0.0196499	0.00025412	0.00159669
172	0.0990477	0.00994896	0.0229793	0.0359504	0.0053972	0.0121879	0.00828011	0.0840597	0.0118909	0.0368257	0.00792832	0.0215945	0.0499245	0.0113286	0.00918026	0.24363	0.297193	0.0278468	0.00144215	0.00336373
173	0.246255	0.0134048	0.00717967	0.00940776	0.00285355	0.0110065	0.00561317	0.155748	0.00734439	0.0548521	0.0302883	0.00887021	0.00209914	0.0228893	0.00474006	0.0698714	0.0539427	0.261745	0.00155579	0.0303334
174	0.0646415	0.0203155	0.0012363	0.00160095	0.00189067	0.00491261	0.00399117	0.288639	0.00191988	0.0549394	0.0287673	0.00560732	0.000470574	0.00620638	0.0023799	0.0100286	0.0559888	0.441839	0.00286938	0.0017567
175	0.0274153	0.0196025	0.000726584	0.00259499	0.0182751	0.00335009	0.00686469	0.274774	0.00483426	0.283156	0.0325488	0.00401412	0.00181699	0.00623226	0.00337782	0.00673332	0.0193003	0.257485	0.00634485	0.0205532
176	0.00906969	0.00591183	0.00101415	0.00155072	0.318849	0.000914876	0.0318982	0.00972371	0.00156785	0.0239845	0.00678916	0.00433254	0.000398126	0.00162257	0.00269384	0.00672969	0.0129583	0.00459588	0.0172905	0.538105
177	0.0758277	0.0299388	0.00119509	0.00207517	0.00793149	0.00798713	0.00342161	0.227897	0.00208348	0.18885	0.032832	0.0055658	0.000467301	0.00489579	0.00190916	0.0213934	0.0496972	0.328571	0.00281678	0.00464478
178	0.032422	0.0216793	0.000532268	0.0015743	0.0114502	0.00362383	0.0024941	0.339145	0.0016192	0.192432	0.0236681	0.00170151	0.000269116	0.00389468	0.00207136	0.00292522	0.0208115	0.329596	0.00271142	0.00537975
179	0.123265	0.104791	0.00846026	0.0152473	0.0221137	0.0121933	0.0118435	0.0818211	0.0175423	0.262811	0.0377943	0.0202849	0.00579944	0.0299829	0.0134269	0.0649896	0.0494462	0.0890701	0.00295659	0.0261597
180	0.375586	0.0108563	0.00468054	0.0154952	0.00120139	0.0541924	0.00119731	0.0014819	0.0083573	0.00877092	0.00112169	0.0185049	0.00236064	0.0109928	0.00170086	0.414216	0.0580396	0.0101957	0.000241384	0.000806693
181	0.111481	0.00629428	0.0708256	0.0911334	0.00358818	0.0427692	0.0446689	0.00870449	0.10813	0.0218632	0.00594407	0.0607889	0.111478	0.0776274	0.00947326	0.156038	0.0416711	0.0229854	0.00173312	0.00280218
182	0.0100548	0.00501987	0.00262211	0.00469354	0.208722	0.00287838	0.132324	0.00731044	0.00604635	0.0150156	0.00543803	0.00574609	0.00128665	0.00486248	0.0159222	0.0357213	0.0191292	0.00560538	0.00826959	0.503331
183	0.0660487	0.0244494	0.142389	0.0844592	0.00356473	0.0587659	0.0153316	0.0208605	0.0288632	0.0130784	0.00341099	0.152466	0.0266694	0.0239377	0.0214001	0.208021	0.0849613	0.015441	0.000968558	0.00491266
184	0.0868129	0.0044513	0.0839717	0.0813188	0.00420322	0.0186445	0.0631032	0.0163522	0.0679563	0.0177188	0.00579387	0.090842	0.151994	0.041855	0.00917699	0.16164	0.0705992	0.0186491	0.00141228	0.0035042
185	0.0572057	0.00365786	0.0998409	0.358256	0.0036965	0.0068972	0.0814278	0.0142293	0.0651482	0.0817412	0.0339895	0.0310912	0.00938761	0.0687705	0.017964	0.0250611	0.0183379	0.0176382	0.00152725	0.00413245
186	0.0666896	0.00541869	0.0628584	0.111393	0.00478045	0.0103497	0.0458868	0.0436418	0.124012	0.083469	0.0409949	0.0369769	0.00696995	0.171155	0.0512765	0.0466881	0.0478967	0.034439	0.00173474	0.00336883
187	0.0758228	0.00450733	0.00930716	0.0409684	0.00626308	0.0333832	0.166085	0.00983871	0.110726	0.0146792	0.0073917	0.129759	0.00503456	0.0654951	0.0114774	0.228395	0.0168571	0.0334693	0.0243516	0.00618775
188	0.0514906	0.00111107	0.123461	0.182717	0.00134811	0.0191513	0.0173823	0.0149056	0.153011	0.0216278	0.0112708	0.0621983	0.0036624	0.11581	0.0640556	0.0829685	0.0578424	0.012671	0.000627573	0.00268815
189	0.0174506	0.00277452	0.00280022	0.0113828	0.0469015	0.00218913	0.0175537	0.0443143	0.0224015	0.393921	0.331282	0.00487933	0.00125174	0.0448197	0.00652972	0.0219829	0.00675945	0.00640805	0.000715502	0.0136826
190	0.0179444	0.00536558	0.000601973	0.00403212	0.0370749	0.00265603	0.00573687	0.13095	0.0110943	0.550298	0.057332	0.0111714	0.00596801	0.0145147	0.00636518	0.0209211	0.0255725	0.0719638	0.00286421	0.0175736
191	0.0248275	0.0141659	0.000755747	0.00291396	0.0114613	0.00394879	0.0023241	0.323067	0.00234254	0.225972	0.0346732	0.00256182	0.000491257	0.00704821	0.00333254	0.00645792	0.0228778	0.304369	0.00214948	0.00426077
192	0.0471129	0.000292645	0.0892583	0.156049	0.000398784	0.0144937	0.0164111	0.0197726	0.183868	0.0210011	0.0121845	0.0575814	0.000295031	0.130532	0.0875982	0.0790785	0.0708858	0.010763	0.000213287	0.00220913
