329	20
1	0.0708793	0.0169411	0.0967419	0.118001	0.00954684	0.0299974	0.0242336	0.0258382	0.0802243	0.0400176	0.0161553	0.0468371	0.0501317	0.0659632	0.0760018	0.0903807	0.0853931	0.0404751	0.00636425	0.00987631
2	0.0367841	0.0103553	0.273288	0.163281	0.00762243	0.114743	0.0283091	0.00639893	0.0588488	0.0166172	0.00529456	0.0840041	0.00694903	0.0344673	0.0411625	0.0646442	0.0199871	0.0156203	0.00286789	0.00875563
3	0.108207	0.0153627	0.0300735	0.0732813	0.0510701	0.0241447	0.040489	0.0149897	0.0420025	0.0315021	0.0115858	0.0329175	0.141797	0.0536075	0.0657263	0.124707	0.0395164	0.0297377	0.0092082	0.0600736
4	0.092963	0.00484994	0.0783282	0.0917968	0.00129704	0.065402	0.0159131	0.00182914	0.0706562	0.0110034	0.0104476	0.0997025	0.0156114	0.0386211	0.0767477	0.214522	0.0786865	0.0172846	0.00674972	0.00758777
5	0.0395447	0.00575409	0.289709	0.195284	0.00497869	0.035703	0.0325577	0.0077945	0.0761609	0.0235179	0.00591297	0.0645409	0.00695958	0.0450683	0.0519226	0.0589241	0.026795	0.019106	0.0020254	0.00774026
6	0.0180575	0.0190922	0.0116037	0.0112633	0.219149	0.00847543	0.0378743	0.0358581	0.0201583	0.112996	0.021544	0.0199275	0.0206476	0.0151945	0.0178104	0.0270878	0.0166932	0.0492622	0.00733524	0.309969
7	0.0609432	0.012041	0.113154	0.0509112	0.024067	0.192798	0.0219535	0.0153965	0.0527166	0.0335009	0.0328164	0.0727347	0.0211117	0.0343708	0.0486852	0.131377	0.0397886	0.0229438	0.00559651	0.0130935
8	0.0402765	0.00751861	0.15306	0.058491	0.02197	0.275819	0.0187028	0.00471473	0.0448756	0.0127307	0.00612716	0.0886962	0.0155854	0.0287832	0.0415353	0.141758	0.0178251	0.0113981	0.00266518	0.00746722
9	0.0219342	0.0157103	0.0310998	0.0127757	0.192708	0.0151486	0.113105	0.0151728	0.0248102	0.0519344	0.0116652	0.0640942	0.0252841	0.0227351	0.0138182	0.0433565	0.0143621	0.0203386	0.00253393	0.287412
10	0.0340313	0.0134598	0.052179	0.0436783	0.0481154	0.0234008	0.202074	0.010337	0.0599778	0.0549855	0.0137082	0.0734343	0.0716801	0.0457246	0.0347475	0.0638996	0.0203949	0.0197469	0.00496038	0.109465
11	0.0543232	0.0178286	0.0233449	0.0208894	0.01565	0.0194824	0.0605537	0.0257698	0.0811184	0.08229	0.0113074	0.0154294	0.192606	0.034421	0.164977	0.055293	0.0361882	0.0683193	0.00574684	0.0144616
12	0.0411277	0.0232954	0.00393043	0.00920948	0.0622243	0.00996778	0.00718772	0.164649	0.0176287	0.128106	0.0506709	0.0112746	0.00653258	0.0141327	0.0121434	0.0317689	0.0736227	0.314516	0.0060787	0.0119324
13	0.0269754	0.0174052	0.0268791	0.0459628	0.00870102	0.0225926	0.0415229	0.0083306	0.236678	0.013598	0.0138	0.0389547	0.0174001	0.105429	0.259656	0.0547896	0.0436881	0.0112528	0.000760369	0.00562317
14	0.0596329	0.00777758	0.00231947	0.00916223	0.0217941	0.00594923	0.0113448	0.321985	0.0068764	0.19009	0.0266727	0.00559093	0.00684365	0.0093161	0.0150303	0.0242761	0.03877	0.221768	0.00247208	0.0123293
15	0.0455027	0.00768341	0.0979377	0.00571087	0.0364139	0.37346	0.00588641	0.00367555	0.0257679	0.0116312	0.00506299	0.0919547	0.0237935	0.0198896	0.0288375	0.188627	0.0112589	0.0108911	0.00211629	0.00389856
16	0.0560955	0.00611114	0.29697	0.252938	0.00769669	0.0171684	0.0354371	0.00806668	0.0463483	0.0249916	0.00455925	0.0350291	0.00497185	0.113087	0.0331325	0.018397	0.01381	0.0204999	0.000997578	0.00369203
17	0.0202469	0.0144613	0.00321607	0.00512813	0.105752	0.00433469	0.00574052	0.155116	0.0190516	0.147742	0.0425953	0.00837249	0.00693121	0.0114237	0.0102608	0.013966	0.0444803	0.356038	0.00772868	0.0174147
18	0.0119967	0.0174079	0.0063656	0.00720359	0.265485	0.00658172	0.03833	0.024134	0.021677	0.0953717	0.0130024	0.018353	0.0181802	0.00887269	0.0127612	0.0222328	0.0108029	0.0323482	0.00219872	0.366695
19	0.0832224	0.0412322	0.0492978	0.0281378	0.0209187	0.0213782	0.0434287	0.0477711	0.0571318	0.070068	0.0218061	0.0826594	0.0225771	0.0629905	0.0660651	0.0888393	0.102753	0.0731027	0.00676021	0.00985984
20	0.0390483	0.00637844	0.104815	0.0050295	0.0290876	0.396079	0.00264787	0.00288979	0.0251153	0.00770647	0.00440031	0.100328	0.0191206	0.0200448	0.0292354	0.185915	0.0099246	0.00823488	0.00213782	0.00186051
21	0.0262364	0.0165117	0.0249429	0.0433984	0.00892207	0.0211377	0.0444907	0.00923264	0.239593	0.0172295	0.0139978	0.0375128	0.0178738	0.100021	0.266048	0.0526301	0.0412729	0.012193	0.000807486	0.00594821
22	0.014841	0.0169152	0.0125278	0.00835069	0.253129	0.0084381	0.0500687	0.0206078	0.0195672	0.0731952	0.0127512	0.0350038	0.0192259	0.012478	0.0138965	0.0273633	0.0115509	0.0326734	0.00225963	0.355157
23	0.0279121	0.0166047	0.0260939	0.0493885	0.00888192	0.0218936	0.0424486	0.00939625	0.2316	0.0142142	0.0138201	0.037819	0.0178375	0.109651	0.254515	0.0543806	0.0440081	0.0119136	0.00105097	0.00657027
24	0.0493409	0.026193	0.00325846	0.00938028	0.0341413	0.00989651	0.00749658	0.186927	0.0150343	0.131715	0.0489596	0.0103339	0.00649226	0.013507	0.0136729	0.023797	0.0716224	0.324579	0.00385903	0.00979277
25	0.0371075	0.00341794	0.00195538	0.00461703	0.0236209	0.00398745	0.0131592	0.334362	0.00526518	0.205384	0.0318513	0.00293599	0.00746701	0.0112344	0.0168258	0.0225776	0.0233449	0.237529	0.00209467	0.0112625
26	0.0268348	0.0170773	0.0267868	0.046901	0.00895821	0.0219125	0.0422672	0.00803331	0.236255	0.0132181	0.014072	0.0387019	0.0176363	0.10661	0.260155	0.0545147	0.0424676	0.0110739	0.000681961	0.00584255
27	0.0455549	0.016014	0.0749777	0.102038	0.0140882	0.0224448	0.0312799	0.0508219	0.137468	0.0485875	0.0287718	0.0335043	0.0296339	0.0816386	0.122775	0.0473132	0.0457802	0.0515178	0.0042351	0.0115552
28	0.00444944	0.0104447	0.00610823	0.00186393	0.019656	0.0012526	0.00169912	0.0772976	0.00673392	0.613451	0.148426	0.00149046	0.0137191	0.00218234	0.00436165	0.0137837	0.00435003	0.0586335	0.00651441	0.00358176
29	0.0452997	0.00714607	0.108561	0.0287779	0.0245373	0.30953	0.0177815	0.00489042	0.0398003	0.011196	0.0056256	0.0997917	0.0202642	0.0276828	0.0415042	0.165667	0.019095	0.0118453	0.00293272	0.00807039
30	0.0316413	0.0797567	0.0125558	0.0168396	0.0911705	0.0306154	0.0351984	0.0343964	0.0179839	0.0952953	0.0224922	0.0157874	0.0141698	0.0412762	0.0272247	0.0428423	0.0326259	0.0331181	0.275421	0.0495887
31	0.0584744	0.0107432	0.0917586	0.0369516	0.0267626	0.250641	0.0195694	0.0135096	0.0509965	0.0216146	0.0100168	0.0746906	0.0261074	0.0346504	0.0508271	0.150513	0.026673	0.0265226	0.00884749	0.01013
32	0.0984761	0.0278821	0.0174649	0.0129774	0.133462	0.0175096	0.0886342	0.043703	0.0241603	0.0979114	0.0195359	0.0262716	0.0236899	0.0196431	0.0192065	0.0408414	0.036024	0.0796334	0.0085723	0.164401
33	0.0152663	0.0299243	0.00947694	0.00622954	0.267997	0.00928348	0.0394865	0.0252952	0.0151977	0.0803265	0.0140523	0.0170253	0.0212412	0.00863454	0.00979585	0.025388	0.0146716	0.0306317	0.0170712	0.343005
34	0.264582	0.0300934	0.0162367	0.0210593	0.0155834	0.034856	0.0141146	0.0689286	0.0289579	0.057355	0.0188744	0.0173424	0.0215001	0.0193029	0.030104	0.1966	0.0667771	0.0644541	0.0046169	0.00866124
35	0.122072	0.0264507	0.0314558	0.0319982	0.0147397	0.0286205	0.0233452	0.0318913	0.0877272	0.0438867	0.0192939	0.0373747	0.065806	0.040901	0.0690741	0.131218	0.130351	0.0496363	0.00609502	0.00806242
36	0.0394853	0.0282725	0.0136326	0.0184413	0.0353766	0.0135014	0.0112066	0.160151	0.0276654	0.124963	0.0398738	0.0146897	0.01467	0.0212222	0.0272193	0.0294462	0.0439855	0.317821	0.00513121	0.0132444
37	0.0373649	0.0472647	0.0168558	0.0215094	0.0723817	0.0314754	0.0433609	0.0270346	0.0238167	0.0848161	0.0180721	0.0216554	0.0188664	0.0435483	0.0329243	0.078478	0.0327596	0.0307944	0.236213	0.0808081
38	0.0273477	0.0170041	0.00972794	0.0140671	0.028409	0.00674093	0.0146766	0.122924	0.0391899	0.376123	0.0907135	0.010124	0.0128096	0.0222751	0.0348943	0.0262908	0.0371288	0.0944443	0.00615244	0.00895696
39	0.432006	0.0441176	0.0124255	0.0215726	0.00346504	0.0320227	0.00292248	0.0165142	0.0135202	0.017128	0.00254126	0.00319513	0.00756613	0.00344142	0.0191287	0.286288	0.0494291	0.0299395	0.00117165	0.00160485
40	0.0157763	0.0347958	0.00879343	0.0120737	0.0329796	0.0158326	0.107995	0.0189731	0.0174378	0.288511	0.0148956	0.0107879	0.011623	0.0845905	0.0867663	0.0519596	0.0140492	0.0173257	0.114274	0.04056
41	0.0584022	0.0188501	0.122156	0.0661869	0.024024	0.0472106	0.054898	0.017064	0.0644379	0.0343443	0.0158332	0.0446913	0.102685	0.0589301	0.0661871	0.0872798	0.0425802	0.0361853	0.00517063	0.0328835
42	0.0265905	0.0186787	0.00275543	0.0335428	0.0381093	0.00895054	0.0149265	0.124056	0.0334219	0.286041	0.0780105	0.0102445	0.00463608	0.0196315	0.04295	0.0278075	0.0970738	0.119323	0.00379128	0.00945939
43	0.0913568	0.00466095	0.0806447	0.0934873	0.00132198	0.0663662	0.014774	0.00177243	0.0707615	0.0112996	0.0106987	0.0995004	0.0148995	0.03888	0.0765341	0.212051	0.0786876	0.0176402	0.00690228	0.00776098
44	0.0281301	0.0167666	0.031864	0.0484607	0.00853802	0.0258744	0.0414087	0.00844441	0.229139	0.0157237	0.0152707	0.0401251	0.0173262	0.099648	0.251149	0.0580452	0.0450091	0.0120789	0.00112412	0.00587424
45	0.0268797	0.017411	0.0269123	0.0459962	0.00872273	0.0226028	0.0415637	0.00833433	0.236837	0.0135535	0.013793	0.0388776	0.0174262	0.105157	0.259845	0.0547829	0.043718	0.0112388	0.000716099	0.00563259
46	0.013326	0.0116153	0.00848984	0.0200423	0.188911	0.00633435	0.0411137	0.0158688	0.0321127	0.0957126	0.0152825	0.0443134	0.012807	0.0267269	0.0368358	0.0363956	0.00993087	0.0550068	0.00218659	0.326988
47	0.114514	0.0227297	0.0222134	0.0371897	0.0146887	0.0257354	0.0293662	0.0361336	0.0882795	0.0394777	0.0200496	0.0181192	0.151506	0.0471642	0.0774551	0.0820035	0.0684693	0.0891718	0.0073106	0.0084225
48	0.159983	0.022398	0.0240639	0.0418369	0.0145071	0.0328532	0.0280474	0.0238184	0.0626627	0.034048	0.0112549	0.0229939	0.151181	0.0531588	0.0638305	0.118473	0.074512	0.0429994	0.0064297	0.0109481
49	0.00383911	0.0105144	0.00627088	0.00178343	0.0181357	0.00116207	0.00154886	0.0714199	0.00641789	0.625969	0.151446	0.00135276	0.013642	0.00179235	0.00386657	0.0139264	0.0032233	0.0538908	0.00649179	0.00330655
50	0.0490399	0.0205106	0.0354618	0.0467239	0.0107364	0.0265751	0.0336646	0.0156807	0.184267	0.0262076	0.0147768	0.0403728	0.0329034	0.0777148	0.179937	0.0872991	0.0807252	0.0266631	0.0034264	0.00731417
51	0.0313111	0.0147713	0.00234156	0.00610526	0.0168814	0.00757517	0.0131634	0.339098	0.00533672	0.147073	0.023464	0.00354314	0.0060815	0.00872066	0.0131921	0.0190484	0.0216	0.309332	0.00215344	0.00920792
52	0.104399	0.0191156	0.0161757	0.0196925	0.0420063	0.0220891	0.016487	0.0898313	0.0271671	0.184837	0.045219	0.0154042	0.0181308	0.0671496	0.0243708	0.0743205	0.065154	0.128562	0.00862591	0.0112632
53	0.027272	0.0167005	0.0253548	0.0429667	0.00937697	0.021292	0.0450249	0.0106543	0.236949	0.0172416	0.0141268	0.0381522	0.019631	0.0993019	0.259874	0.0545311	0.0413794	0.0132189	0.00106761	0.00588396
54	0.0946327	0.0116524	0.0730003	0.0216791	0.0219346	0.237403	0.0187024	0.00868426	0.0466585	0.016145	0.00744395	0.0710869	0.0294522	0.0280004	0.0463096	0.205245	0.0343661	0.0183383	0.00366809	0.0055979
55	0.126545	0.00989625	0.0316231	0.0246881	0.0117644	0.0896564	0.0479056	0.0130084	0.0915451	0.018543	0.00620038	0.0409539	0.0727334	0.0365091	0.0917846	0.201793	0.050207	0.0264592	0.00290954	0.00527413
56	0.0739079	0.0128703	0.0257718	0.149868	0.00561902	0.02233	0.0158572	0.0122024	0.0722745	0.0163032	0.00894261	0.0100435	0.162082	0.180341	0.0707396	0.0456936	0.0485053	0.0435686	0.00692853	0.0161515
57	0.071632	0.00718042	0.058515	0.0535131	0.013918	0.0579494	0.0765515	0.00511926	0.0754061	0.0124951	0.00968034	0.111423	0.0256442	0.0497657	0.0825304	0.177815	0.0627572	0.0152299	0.00420183	0.0286721
58	0.0189016	0.01501	0.0279186	0.0111602	0.234245	0.0120648	0.0721613	0.016805	0.021303	0.0608863	0.0122726	0.0547803	0.0217133	0.0177404	0.0134954	0.036119	0.012684	0.0253715	0.00290421	0.312463
59	0.119482	0.0106335	0.0424657	0.034735	0.00422281	0.0521604	0.046165	0.00945377	0.0724162	0.0128156	0.00648573	0.0577873	0.0492155	0.031837	0.0658621	0.252065	0.101669	0.0230385	0.00312466	0.00436594
60	0.0664223	0.00834425	0.267208	0.260346	0.0108463	0.00582791	0.0371809	0.00766718	0.0278217	0.0254395	0.00432765	0.0181555	0.00719264	0.179167	0.0270917	0.0100663	0.0159826	0.0165301	0.00132786	0.00305481
61	0.427798	0.0357937	0.0133053	0.0213008	0.0037073	0.0308077	0.00426122	0.017332	0.0155688	0.0181333	0.00481793	0.00454748	0.00975045	0.00590533	0.022838	0.266664	0.0632645	0.0306657	0.00147646	0.0020615
62	0.18949	0.0214063	0.0334188	0.0219139	0.017669	0.105814	0.0315488	0.0177395	0.0487347	0.0280488	0.00951463	0.0345062	0.0856666	0.0301074	0.0487287	0.172262	0.0534155	0.0350245	0.00574139	0.0092493
63	0.0280437	0.00817773	0.00485165	0.00701805	0.0141418	0.00387823	0.0181786	0.167225	0.0573812	0.126893	0.107582	0.00504934	0.00825189	0.0964643	0.0756086	0.0129794	0.028826	0.223418	0.00256623	0.00346551
64	0.0511813	0.00966111	0.163989	0.0902212	0.0137176	0.117898	0.036497	0.00467127	0.0539439	0.0137495	0.00716379	0.0977708	0.0136164	0.0336583	0.0456331	0.155991	0.0558497	0.0140708	0.00298383	0.0177326
65	0.0755473	0.0120907	0.118826	0.11696	0.00818629	0.0446697	0.0278585	0.0135913	0.0764195	0.0249179	0.0118754	0.0675316	0.0246809	0.0526677	0.0740798	0.139916	0.0616813	0.0277794	0.00815544	0.0125665
66	0.0403335	0.0310856	0.00399069	0.011116	0.0565433	0.00740524	0.010148	0.188927	0.0160267	0.204989	0.0591967	0.0126091	0.00703539	0.0185853	0.0154725	0.0257263	0.0686999	0.187958	0.019996	0.0141547
67	0.02773	0.0165829	0.0268151	0.0474362	0.00870923	0.0220731	0.0419162	0.00786182	0.236069	0.0134147	0.0140091	0.0392241	0.0170338	0.107038	0.258746	0.055389	0.0424004	0.0110004	0.000772152	0.00577906
68	0.0221901	0.00768139	0.00396592	0.00457852	0.0267484	0.00273783	0.00846671	0.232238	0.00870177	0.369201	0.0743044	0.00353326	0.0098653	0.00913488	0.0151928	0.0204785	0.0191105	0.147935	0.00436278	0.00957287
69	0.0163803	0.0141881	0.013761	0.010009	0.0318703	0.00743136	0.010944	0.103797	0.0150852	0.469548	0.106294	0.00639035	0.0138051	0.0116005	0.0165116	0.021206	0.0178392	0.0855077	0.0109922	0.0168384
70	0.0266137	0.0166378	0.0257084	0.0451693	0.00874116	0.0218085	0.0413979	0.00805986	0.241457	0.0135827	0.0137579	0.0383224	0.0172074	0.104309	0.2639	0.0537145	0.0423904	0.0108212	0.000660194	0.00574067
71	0.069136	0.0457313	0.0720039	0.0311831	0.00267048	0.010406	0.011014	0.00406416	0.0408614	0.0157853	0.00570556	0.0751102	0.0086321	0.0130798	0.0214463	0.309747	0.240854	0.0186599	0.00154844	0.00236113
72	0.0552863	0.00843064	0.128834	0.112223	0.00473452	0.0414744	0.029254	0.00545307	0.123742	0.0135681	0.0125924	0.0695383	0.0126525	0.0681834	0.131503	0.108951	0.048437	0.0148483	0.00344053	0.00685349
73	0.113881	0.0283033	0.0171541	0.0786049	0.00443984	0.0100897	0.0131021	0.0169933	0.0571679	0.0205257	0.00310207	0.0112562	0.27146	0.0878848	0.0490564	0.0556673	0.112925	0.0343541	0.00739562	0.00663652
74	0.0624038	0.0247112	0.0871837	0.056912	0.00144039	0.0276299	0.0144873	0.00214633	0.0599708	0.0145892	0.0087914	0.0941413	0.00798026	0.0209807	0.0427179	0.269256	0.182607	0.0156267	0.00287797	0.00354676
75	0.0304993	0.00353571	0.34285	0.224142	0.00339597	0.0394768	0.0350122	0.00759148	0.0722452	0.0182854	0.00474212	0.0668139	0.00238105	0.0387273	0.0422413	0.0314822	0.0132221	0.0162004	0.000804627	0.00635081
76	0.05046	0.0111575	0.0149819	0.0102162	0.0575287	0.0753425	0.055273	0.0382261	0.0750972	0.0978694	0.0159989	0.0135412	0.112232	0.0436403	0.0510408	0.164696	0.0508508	0.0484834	0.00582035	0.00754377
77	0.0344093	0.00520083	0.064098	0.0255895	0.0610486	0.0299604	0.200575	0.00298114	0.043279	0.0133635	0.0103663	0.167532	0.0247631	0.0572404	0.021193	0.0838887	0.0159618	0.00505908	0.0013771	0.132113
78	0.0606675	0.00981599	0.060559	0.0833873	0.00541674	0.0583957	0.0309433	0.00634385	0.155958	0.0137334	0.011758	0.0582812	0.016603	0.0710718	0.151558	0.108693	0.0653763	0.0155246	0.00885372	0.00705913
79	0.020014	0.0497572	0.0027842	0.00935747	0.0190287	0.0152703	0.00466631	0.17208	0.00706306	0.0546761	0.0240485	0.00598206	0.00306675	0.00578428	0.00442516	0.00808875	0.0353563	0.550937	0.00200914	0.00560551
80	0.0258262	0.0237513	0.00253942	0.00673352	0.0200433	0.00889742	0.00951535	0.284742	0.00652854	0.120237	0.025545	0.00461706	0.00549328	0.00867295	0.0103388	0.0157768	0.0279876	0.38274	0.00196712	0.00804777
81	0.0274856	0.0170064	0.0266193	0.0473228	0.00867733	0.0220677	0.0416402	0.00797222	0.236337	0.0135914	0.014128	0.0388402	0.017127	0.107911	0.259004	0.0539927	0.0425866	0.0112222	0.000808654	0.00565993
82	0.00394408	0.0104963	0.0062556	0.00194922	0.0183906	0.00115675	0.00168607	0.0713375	0.00655984	0.622803	0.152577	0.00140406	0.0138004	0.00203679	0.00412602	0.0137867	0.00370878	0.054323	0.00637165	0.00328662
83	0.0348495	0.00814802	0.00172918	0.00484799	0.042045	0.00362564	0.00938489	0.285017	0.00671201	0.21284	0.0371829	0.0047493	0.00619377	0.00890187	0.0136694	0.0214019	0.0346511	0.246908	0.00407406	0.0130686
84	0.0338269	0.00466895	0.31351	0.195534	0.00605584	0.0607222	0.0324122	0.00856867	0.0645701	0.0201396	0.00559988	0.0727286	0.00550157	0.0415505	0.040485	0.048744	0.0166448	0.0195631	0.00143869	0.0077356
85	0.0341918	0.00428429	0.264012	0.172172	0.0134557	0.0370066	0.0767446	0.00642842	0.0608732	0.0169112	0.00641008	0.0980133	0.00770426	0.0418158	0.0381398	0.0582144	0.0184284	0.0153125	0.00161621	0.0282655
86	0.0304129	0.0237269	0.0171178	0.0147277	0.188839	0.0245143	0.036051	0.0551609	0.0278777	0.109654	0.0248464	0.025347	0.0223313	0.0216762	0.0257793	0.0424539	0.028213	0.0703252	0.0188177	0.192127
87	0.026998	0.017218	0.0272411	0.045538	0.00858507	0.022408	0.0408009	0.00913155	0.235299	0.0143275	0.0134999	0.0381013	0.0182874	0.102131	0.262073	0.0542011	0.0447607	0.0127423	0.000780161	0.00587453
88	0.0304789	0.00411984	0.00177901	0.00380779	0.028416	0.0030775	0.0152154	0.304734	0.00972899	0.212089	0.05013	0.00226303	0.00806417	0.0157447	0.0234673	0.022376	0.022465	0.229243	0.00260621	0.0101943
89	0.117755	0.0483994	0.00939386	0.0130331	0.0370607	0.0186213	0.0165332	0.101861	0.0322306	0.101233	0.0349187	0.0366331	0.0150327	0.0146846	0.011545	0.0610602	0.161486	0.144004	0.00918164	0.0153314
90	0.058303	0.0106875	0.0972486	0.0312304	0.0288351	0.264205	0.0191691	0.0155875	0.0442733	0.0249814	0.0115615	0.0776417	0.0231018	0.0323189	0.0446053	0.145678	0.0233541	0.0274579	0.00920857	0.0105511
91	0.0887753	0.00781348	0.0288322	0.0576246	0.00728952	0.00712133	0.00811167	0.183798	0.0431534	0.0232503	0.136386	0.00957526	0.0422671	0.0175881	0.0144374	0.034214	0.0157117	0.265156	0.00328272	0.00561146
92	0.034197	0.00718873	0.0609935	0.0229238	0.046956	0.028989	0.20263	0.00649653	0.0380861	0.0181403	0.00979436	0.174937	0.0247408	0.0524612	0.0247926	0.101782	0.0303077	0.0102118	0.00272027	0.101651
93	0.0530648	0.0113129	0.0896138	0.0268349	0.0268631	0.273854	0.017167	0.0111478	0.0499332	0.0226905	0.00964642	0.078929	0.0267194	0.0326125	0.0508709	0.160791	0.025098	0.0208284	0.00418706	0.00783512
94	0.0587477	0.0252099	0.0039174	0.0332502	0.0178523	0.00821252	0.010607	0.135889	0.037695	0.159809	0.0434386	0.0323843	0.00628653	0.00770967	0.0223585	0.0571782	0.185264	0.141022	0.00322412	0.00994411
95	0.24833	0.0807551	0.0232432	0.0258553	0.0233126	0.0315608	0.0160775	0.0380301	0.0332132	0.0526331	0.0191318	0.0179495	0.0369815	0.0259075	0.034776	0.134943	0.0684836	0.064989	0.0123768	0.0114503
96	0.0530793	0.0181501	0.00879237	0.01637	0.0296157	0.0147677	0.00974134	0.0807887	0.0229749	0.333772	0.117511	0.0104257	0.0126311	0.0227309	0.0196466	0.0540401	0.0827008	0.078722	0.00640024	0.00713945
97	0.0358765	0.0306844	0.00414584	0.0110744	0.0283847	0.0102158	0.00768539	0.200401	0.013531	0.109432	0.0342444	0.0114035	0.00691517	0.0104986	0.0109344	0.020427	0.0692773	0.372502	0.00320177	0.00916506
98	0.0195939	0.0169912	0.00725237	0.00820614	0.0982287	0.00635435	0.015868	0.0865952	0.0149801	0.382631	0.0824356	0.00933228	0.014509	0.0152998	0.0147016	0.0236063	0.0225952	0.0821698	0.0113053	0.0673438
99	0.057682	0.0117246	0.187804	0.172203	0.0133741	0.0326475	0.0361862	0.0163706	0.0771672	0.0308884	0.0105757	0.0487957	0.0229449	0.0719572	0.0701193	0.0563821	0.0333738	0.0281582	0.00469767	0.0169476
100	0.043024	0.01509	0.00369141	0.00747013	0.0405721	0.00578342	0.00899482	0.239647	0.011053	0.189765	0.0477596	0.00756266	0.00739619	0.011026	0.0141257	0.0224443	0.0417799	0.25752	0.00680139	0.0184937
101	0.00473442	0.0106355	0.00613236	0.00244307	0.0187781	0.0013032	0.00180912	0.0748825	0.00664845	0.616451	0.148974	0.00137853	0.0135296	0.00194096	0.00437725	0.013834	0.00520194	0.0568895	0.00650714	0.00354958
102	0.0582276	0.012962	0.0887698	0.0259424	0.0288653	0.26683	0.0202759	0.0120611	0.0428963	0.0248771	0.0100017	0.0803286	0.0253777	0.0301972	0.0446894	0.158341	0.0277896	0.0219678	0.00927802	0.0103205
103	0.0275509	0.0331815	0.140191	0.0197781	0.0415151	0.0157555	0.144499	0.00922182	0.033294	0.0234641	0.0158685	0.0446246	0.12733	0.0555159	0.0434986	0.080279	0.019194	0.0194368	0.00401894	0.101783
104	0.0305738	0.00640099	0.0686956	0.0238245	0.0509084	0.0281156	0.20283	0.00466422	0.0350001	0.0152549	0.0093393	0.184449	0.022938	0.0581164	0.0216644	0.0961473	0.0217847	0.00734902	0.00194129	0.110003
105	0.0177135	0.0134779	0.0101293	0.00816608	0.0331517	0.00613442	0.0109768	0.107934	0.01593	0.467149	0.107125	0.00664741	0.0135536	0.0102102	0.0172612	0.0225315	0.0172677	0.0873141	0.00984559	0.0174809
106	0.018385	0.0324069	0.00937881	0.0156197	0.0210886	0.0108341	0.0998783	0.0451565	0.0329796	0.340397	0.0331468	0.0145552	0.0141842	0.0746476	0.0996998	0.0360719	0.0203466	0.0364038	0.025373	0.0194467
107	0.0393221	0.0220749	0.0420583	0.0436879	0.00740595	0.0245464	0.0405124	0.00831165	0.179726	0.0144001	0.0117476	0.0482177	0.0194786	0.0763996	0.191954	0.125018	0.0835964	0.0144073	0.00199241	0.00514285
108	0.00693061	0.0141634	0.00665618	0.00362311	0.0242103	0.0032012	0.00442994	0.0776974	0.00778711	0.580187	0.137898	0.0031982	0.0130872	0.0075047	0.00744012	0.0151208	0.00649552	0.0549014	0.0199487	0.00551974
109	0.0341554	0.0135027	0.00746228	0.0136667	0.0220542	0.00764058	0.0180112	0.174808	0.0442119	0.122781	0.153486	0.00941993	0.0109141	0.0785061	0.0541623	0.021383	0.0366466	0.165734	0.0059782	0.00547532
110	0.0176838	0.035455	0.00589371	0.0156879	0.023702	0.00515505	0.0423427	0.139951	0.0620087	0.191664	0.107619	0.0153757	0.00736487	0.0810677	0.0956897	0.0210113	0.0237004	0.0955208	0.00795299	0.00515478
111	0.0264192	0.0169567	0.0263139	0.0458431	0.00916622	0.021608	0.0426477	0.00798125	0.23912	0.0132692	0.0138181	0.0388823	0.0169921	0.105607	0.261568	0.0541973	0.0421915	0.0108287	0.000654051	0.00593588
112	0.0220619	0.0335321	0.0300091	0.0108373	0.179404	0.0134043	0.106865	0.0165538	0.0221844	0.0537576	0.0124841	0.0456578	0.0308821	0.0209259	0.0162941	0.0619689	0.0259211	0.0223457	0.00653337	0.268377
113	0.0268123	0.0167356	0.0261966	0.0468178	0.00879717	0.021593	0.042331	0.00791495	0.238007	0.0133407	0.0140307	0.038611	0.0170224	0.107331	0.260633	0.0542483	0.0421584	0.0109357	0.00070981	0.00577391
114	0.0444059	0.0256898	0.0690989	0.0357705	0.0179527	0.182474	0.0237095	0.00852087	0.105072	0.0213604	0.0121449	0.0751761	0.0216703	0.0557301	0.12442	0.113103	0.0328053	0.0184297	0.00390644	0.00855964
115	0.00781931	0.00889897	0.00565874	0.00215332	0.0208365	0.00135215	0.0044865	0.115438	0.00834361	0.535937	0.135927	0.00157776	0.0158265	0.00592128	0.00937946	0.0149413	0.0064154	0.0888439	0.00550148	0.00474141
116	0.0685315	0.0117954	0.0319092	0.0319171	0.0195095	0.0588156	0.0797577	0.0160152	0.121934	0.0269149	0.0100906	0.0354533	0.0948995	0.0578749	0.109073	0.133347	0.0433318	0.0270572	0.00290253	0.0188706
117	0.0333327	0.00289449	0.00171312	0.00419984	0.0260207	0.00313771	0.0109073	0.336303	0.00383214	0.242285	0.0362462	0.00193902	0.00705635	0.00860285	0.019811	0.0264148	0.0185224	0.202695	0.00252295	0.0115632
118	0.134578	0.0206674	0.0159327	0.0714879	0.00506216	0.00750887	0.0185983	0.0211706	0.0429628	0.0287387	0.00329291	0.0132388	0.281497	0.0924482	0.0479118	0.0539159	0.0857195	0.0365656	0.0121798	0.00652361
119	0.0341814	0.0669314	0.00866496	0.0202118	0.0674472	0.0139252	0.0333647	0.0764253	0.0326321	0.203057	0.0801091	0.0350766	0.00916016	0.0884724	0.0420206	0.0332746	0.0327797	0.0360566	0.0701673	0.0160416
120	0.247682	0.0404069	0.0166855	0.019314	0.0212002	0.0297954	0.0151649	0.0672147	0.0273901	0.0640966	0.0236744	0.0166606	0.0256234	0.0198746	0.024754	0.118151	0.062417	0.143667	0.00672226	0.00950622
121	0.0274419	0.015979	0.0229701	0.0398107	0.00844881	0.0198986	0.0365546	0.00872753	0.250407	0.0189187	0.0123481	0.0348292	0.0209554	0.093467	0.281566	0.0495277	0.0384717	0.0127119	0.000773562	0.00619266
122	0.027212	0.0177956	0.0270041	0.0459816	0.00872715	0.022838	0.0414998	0.00877984	0.234471	0.013577	0.0136002	0.0389297	0.0175198	0.104358	0.257646	0.0570322	0.0450378	0.0116085	0.000785956	0.00559536
123	0.0328479	0.00646782	0.002033	0.00490892	0.0287983	0.00411034	0.0111242	0.323261	0.0058883	0.198837	0.0343047	0.00356397	0.00667372	0.00958237	0.0161969	0.0249221	0.0250283	0.247577	0.00258345	0.0112917
124	0.058982	0.030546	0.0029781	0.0229873	0.0282796	0.00798001	0.0100533	0.164572	0.0260604	0.164737	0.0542875	0.0211709	0.00697164	0.0101522	0.0192494	0.0378816	0.149567	0.167549	0.00530388	0.0106906
125	0.026427	0.0168601	0.0262008	0.0460603	0.00889576	0.0216906	0.042272	0.00793291	0.23926	0.0132006	0.0138528	0.0386722	0.0170401	0.106255	0.261464	0.0542806	0.0423069	0.0108859	0.000652558	0.00578982
126	0.0595092	0.00847704	0.234403	0.229461	0.0108912	0.0103977	0.0442799	0.00869953	0.0432019	0.0252428	0.00663698	0.0233508	0.012056	0.180275	0.0412651	0.0160148	0.0185719	0.0198017	0.00177543	0.00568908
127	0.0270188	0.0410503	0.00234295	0.00984348	0.0284375	0.0105826	0.00525993	0.185024	0.010751	0.0900575	0.034703	0.00977587	0.00354933	0.00772397	0.00788843	0.0137281	0.0597631	0.441461	0.00336607	0.00767273
128	0.00775884	0.0110501	0.00665629	0.00377204	0.018926	0.00244965	0.00460484	0.081321	0.00908424	0.582768	0.143488	0.00244098	0.0133945	0.005887	0.00814932	0.01557	0.00884094	0.0632581	0.00635227	0.00422768
129	0.0622912	0.00600394	0.128226	0.239089	0.00719007	0.0158671	0.0335223	0.0186715	0.0653073	0.0213761	0.0130328	0.0187384	0.0281629	0.193441	0.0656553	0.0166103	0.0184763	0.0366735	0.00561448	0.00605042
130	0.137961	0.0210816	0.0720384	0.0313392	0.0215708	0.203504	0.0167906	0.0144143	0.0413375	0.0240578	0.0115269	0.0634148	0.0240911	0.030173	0.0428926	0.165538	0.0365631	0.028049	0.00612065	0.00753508
131	0.0237093	0.0131447	0.00822998	0.0086085	0.0260235	0.00493361	0.00805902	0.138783	0.0117314	0.422035	0.0965282	0.00609699	0.0122146	0.0117271	0.0141744	0.0231142	0.0266754	0.128841	0.00557668	0.00979343
132	0.0461807	0.00536014	0.296788	0.212461	0.00785287	0.0254835	0.0600066	0.00931059	0.0513189	0.0223513	0.00584948	0.0595029	0.00606216	0.0773239	0.0340063	0.0272392	0.0145207	0.0278918	0.00116806	0.00932147
133	0.0127274	0.01927	0.00690424	0.00357864	0.286995	0.00654973	0.039767	0.0229761	0.0150036	0.0796024	0.0124306	0.0166455	0.0194924	0.00401473	0.00894315	0.0202837	0.0115747	0.0292189	0.00103514	0.382987
134	0.00720479	0.0145747	0.00651304	0.00425514	0.020243	0.00230978	0.00368801	0.0738958	0.00929402	0.590489	0.144256	0.00273479	0.0127781	0.00600696	0.0077734	0.0157591	0.0107747	0.0557592	0.00746812	0.00422264
135	0.0318705	0.0246495	0.0251506	0.0252403	0.0581755	0.0208359	0.105635	0.0531495	0.0415877	0.200921	0.0299688	0.0289638	0.0272987	0.0497692	0.0562855	0.0456464	0.0319107	0.0553884	0.0215208	0.0660323
136	0.0599068	0.0275102	0.0805479	0.0495427	0.00162322	0.0218278	0.0145279	0.00223899	0.0553918	0.0139654	0.0073451	0.0871733	0.00785632	0.0188719	0.0379191	0.289902	0.203979	0.0148895	0.00213267	0.00284809
137	0.0274739	0.0181095	0.0275706	0.0468689	0.0086379	0.0223476	0.0409204	0.00833125	0.23695	0.0136817	0.0136253	0.0376946	0.0188826	0.107425	0.252807	0.053451	0.0455762	0.0129624	0.000894637	0.00579021
138	0.178405	0.0874777	0.0177604	0.0172296	0.0411531	0.0278146	0.0167823	0.0583484	0.030849	0.127595	0.0316521	0.0182423	0.0271784	0.0248399	0.0350529	0.0730533	0.0651713	0.0914182	0.0144132	0.0155632
139	0.0264054	0.016936	0.0263594	0.0459398	0.00886249	0.0222455	0.0423194	0.00810722	0.238091	0.0132321	0.0138237	0.0387866	0.0173719	0.106814	0.260058	0.0546488	0.0425491	0.0109722	0.000665292	0.00581215
140	0.0265589	0.00738418	0.00232036	0.00480199	0.031282	0.00326407	0.0105906	0.272224	0.0107995	0.251087	0.0644617	0.00285231	0.00762391	0.0147737	0.021454	0.0200495	0.0239637	0.211205	0.00350934	0.00979367
141	0.0481903	0.014585	0.0126652	0.013618	0.0322803	0.00963057	0.0151651	0.24123	0.0205892	0.199388	0.0473629	0.00943334	0.014867	0.021464	0.0275869	0.0323916	0.0331729	0.184768	0.0073548	0.0142566
142	0.0488583	0.0165029	0.0617449	0.0446099	0.0437375	0.0279354	0.118384	0.0247542	0.0795017	0.0554676	0.0149817	0.0595858	0.0434268	0.0566308	0.0798193	0.0765092	0.0345166	0.0336501	0.0151907	0.0641928
143	0.269079	0.0331818	0.0185776	0.02346	0.0158005	0.0293657	0.0117467	0.0327641	0.031333	0.047088	0.0201864	0.0189386	0.0465131	0.0225894	0.0241822	0.16811	0.120828	0.0540197	0.00578614	0.00644921
144	0.0414987	0.00529609	0.304828	0.221754	0.00622995	0.0334373	0.0348275	0.00791035	0.0616061	0.021616	0.00559243	0.0571509	0.00681593	0.0661414	0.0407774	0.0356324	0.0199427	0.0191458	0.00173971	0.00805798
145	0.031628	0.00565867	0.00236171	0.00579418	0.026462	0.00381099	0.0127161	0.298273	0.0133864	0.202389	0.048033	0.00357059	0.00836793	0.0193752	0.0299732	0.0220631	0.0257737	0.227568	0.00229869	0.0104958
146	0.0381311	0.0176606	0.0454926	0.0509445	0.0139341	0.0292834	0.0402199	0.0175623	0.200698	0.0399666	0.0180648	0.0413834	0.0255914	0.0800493	0.201716	0.0605598	0.0412175	0.0234374	0.00304924	0.0110384
147	0.0485509	0.0188506	0.0199997	0.0218414	0.0296878	0.0157045	0.0281362	0.0608881	0.0386172	0.265374	0.0570697	0.0124557	0.124798	0.0317388	0.0480776	0.0455866	0.0333061	0.0702842	0.00771486	0.0213177
148	0.055851	0.010639	0.153381	0.189447	0.0110044	0.022311	0.0320228	0.0161812	0.0729933	0.0323203	0.0142407	0.0314759	0.0342663	0.138614	0.0717112	0.0400349	0.0292892	0.0285422	0.00680286	0.00887173
149	0.0473933	0.0074562	0.18448	0.151765	0.0106569	0.0470514	0.0379938	0.00964689	0.0746432	0.0256031	0.0106585	0.088854	0.0130193	0.0534403	0.0660167	0.0806618	0.0395549	0.0259388	0.00462134	0.0205453
150	0.0203367	0.0479743	0.00290506	0.00951396	0.0179809	0.0151333	0.00496478	0.181721	0.0069917	0.057251	0.0235032	0.00582728	0.00337173	0.00584741	0.00488244	0.00850598	0.0328197	0.542828	0.0019807	0.00566087
151	0.00890654	0.0217556	0.00665747	0.00681688	0.024649	0.00306202	0.00880427	0.0746831	0.013574	0.546438	0.136786	0.00528139	0.0126082	0.0121644	0.0149945	0.0172081	0.0125679	0.054514	0.0116053	0.00692311
152	0.00410217	0.00941295	0.00570966	0.00177395	0.0217413	0.0012384	0.00160895	0.0938625	0.0063025	0.610086	0.136317	0.00137103	0.0128045	0.00187629	0.00465887	0.0132019	0.00345262	0.0593987	0.00693526	0.00414547
153	0.0547904	0.0397053	0.0937707	0.0637258	0.00319241	0.0250282	0.0140783	0.00489073	0.0570488	0.0222416	0.00800709	0.0835972	0.0101959	0.0287189	0.0440179	0.244068	0.166482	0.0289825	0.00317294	0.00428511
154	0.0360049	0.00523796	0.00266959	0.00528488	0.0211751	0.0035748	0.0181328	0.281698	0.0152701	0.201578	0.0549875	0.00315833	0.0141192	0.027652	0.0337946	0.0254106	0.0241717	0.215141	0.00223307	0.0087056
155	0.0898507	0.00499195	0.081872	0.0928955	0.00129652	0.0649148	0.0147839	0.00172712	0.0701453	0.0111202	0.010572	0.10103	0.0150481	0.0388024	0.0754022	0.213196	0.0805729	0.0172425	0.00683976	0.00769543
156	0.0390814	0.00568102	0.0667261	0.0288761	0.074796	0.0291885	0.184	0.00314747	0.0372574	0.0147212	0.0105963	0.149537	0.0323336	0.0536396	0.0196106	0.08692	0.014371	0.00637959	0.00190159	0.141235
157	0.0224646	0.0193298	0.00210084	0.00502388	0.0491453	0.00658827	0.00593885	0.235722	0.0118583	0.11852	0.0272972	0.00896596	0.0042434	0.010815	0.00721997	0.0121034	0.0372392	0.395736	0.004695	0.0149942
158	0.0273305	0.0172627	0.0276581	0.047189	0.00902913	0.0235357	0.0415501	0.00848233	0.23451	0.0136738	0.013756	0.0385952	0.0180092	0.105876	0.257278	0.0547821	0.0433317	0.0117712	0.000778903	0.00560031
159	0.026727	0.0167849	0.02627	0.0467773	0.00882747	0.0217077	0.0420645	0.00791261	0.238688	0.0131984	0.0139285	0.0386735	0.0171541	0.106797	0.260634	0.0542187	0.0421787	0.0109687	0.000695608	0.00579308
160	0.00522518	0.0117394	0.00611757	0.00255366	0.0191014	0.0013216	0.00226551	0.0786221	0.00949917	0.59534	0.154634	0.00197713	0.0150965	0.00466834	0.00606524	0.0140676	0.00506816	0.0567523	0.00631838	0.00356592
161	0.0908111	0.0227198	0.0107686	0.0119727	0.0345001	0.0169806	0.0114595	0.0845442	0.0205061	0.334138	0.101114	0.0112841	0.0149248	0.0249912	0.0184393	0.0427084	0.0521039	0.0807488	0.00704295	0.00824179
162	0.175443	0.0590604	0.02415	0.00555645	0.0347566	0.0535532	0.0226891	0.0480348	0.0475295	0.0786389	0.0443704	0.0299878	0.0296173	0.027106	0.0127989	0.0793538	0.101993	0.0842305	0.020652	0.0204782
163	0.0310798	0.00349086	0.342646	0.227193	0.00360393	0.0375504	0.0338559	0.00750591	0.0707771	0.018871	0.00481447	0.065503	0.00238681	0.0410295	0.0412344	0.0316897	0.0132209	0.0163252	0.000818333	0.00640292
164	0.0287086	0.0143065	0.0361121	0.0641104	0.0112555	0.0240485	0.0556231	0.0080047	0.210352	0.0130998	0.0146962	0.0411043	0.0230042	0.120871	0.216372	0.0507012	0.0374972	0.0136862	0.00137437	0.0150722
165	0.0268014	0.0173645	0.0267602	0.0459208	0.00872634	0.0225438	0.041668	0.00831229	0.237051	0.0135101	0.0137865	0.0388743	0.0173549	0.105285	0.25998	0.054794	0.0436697	0.0112285	0.000701229	0.00566721
166	0.164897	0.018172	0.0120754	0.00686684	0.0283211	0.0319619	0.00849898	0.0463387	0.0366252	0.122781	0.096826	0.012482	0.0126619	0.0522834	0.0213771	0.0972641	0.160891	0.0578894	0.00646831	0.00531917
167	0.0471166	0.00648443	0.161582	0.0654018	0.0186923	0.273064	0.012051	0.00403896	0.0457578	0.0108206	0.00517458	0.0916998	0.0144277	0.0255097	0.0373629	0.143993	0.0192816	0.0114044	0.00245127	0.00368594
168	0.147865	0.031327	0.0170803	0.00653649	0.045237	0.0555107	0.0110955	0.0484199	0.0370996	0.125313	0.0801502	0.0174097	0.0163514	0.0454884	0.0137622	0.0915637	0.120554	0.0719695	0.00910783	0.00815823
169	0.0288559	0.0173075	0.0273658	0.0474271	0.0090338	0.0224138	0.0405965	0.00817699	0.234146	0.0144023	0.0137	0.0376923	0.0208662	0.105803	0.255545	0.0547007	0.0434276	0.0117886	0.000886979	0.00586428
170	0.02645	0.0169672	0.0263374	0.046062	0.00885184	0.0218556	0.042118	0.00797627	0.239029	0.0132219	0.0138559	0.0387309	0.0170732	0.106023	0.261184	0.0543423	0.0425278	0.0109311	0.00066016	0.00580293
171	0.0265942	0.0168025	0.0262006	0.0464969	0.00885335	0.0216976	0.0420241	0.00793094	0.239257	0.0131727	0.013882	0.0386491	0.0171251	0.106517	0.260966	0.0541825	0.0422638	0.0109283	0.000664999	0.00579216
172	0.0350912	0.0192196	0.0202114	0.0191435	0.00639222	0.0114779	0.0198821	0.0105065	0.257096	0.0392195	0.00739009	0.0190149	0.0701332	0.0414573	0.317618	0.0364383	0.0269279	0.0351344	0.00142195	0.00622475
173	0.0273231	0.0162016	0.0238896	0.0396142	0.00914932	0.0210317	0.036879	0.00835963	0.250261	0.0185606	0.0122603	0.0346897	0.0228079	0.0942004	0.276442	0.049862	0.0391893	0.0128084	0.000729746	0.00574123
174	0.00385073	0.0105026	0.00629697	0.00178267	0.0180606	0.00115682	0.00157383	0.0707333	0.00643496	0.626275	0.151848	0.00134016	0.0136629	0.00176128	0.00387267	0.0140413	0.00327437	0.0537769	0.00649219	0.00326332
175	0.0909293	0.00674004	0.0150659	0.108321	0.00568287	0.0361924	0.0157496	0.0124686	0.0914622	0.0325029	0.029233	0.0526068	0.0167447	0.238791	0.127045	0.0224855	0.0168495	0.0530108	0.0214648	0.00665356
176	0.026025	0.045613	0.00953477	0.0310589	0.0427476	0.0111155	0.0474213	0.0828337	0.0768369	0.219423	0.065051	0.0315946	0.00869959	0.0831355	0.0862347	0.0436758	0.0330827	0.0344465	0.0127619	0.00870818
177	0.082578	0.0232105	0.0139741	0.0335532	0.10204	0.0202095	0.0150787	0.0664173	0.0268773	0.207173	0.0430866	0.0161401	0.0148274	0.0727884	0.0215406	0.0654669	0.0747684	0.079819	0.00992692	0.0105248
178	0.0455576	0.0144238	0.0424924	0.0824643	0.007049	0.0330011	0.0326515	0.00857987	0.196085	0.0146072	0.0130794	0.0337613	0.0282451	0.126946	0.186995	0.0526069	0.0542447	0.0173593	0.00335638	0.00649358
179	0.0405209	0.0104744	0.027328	0.114052	0.0064574	0.0216539	0.0363919	0.00992645	0.176292	0.0136429	0.0211596	0.0276402	0.0293028	0.171077	0.18837	0.0366185	0.030815	0.0267542	0.00428933	0.00723245
180	0.0335462	0.0204376	0.0334673	0.0518613	0.00796095	0.0263757	0.0388842	0.00944125	0.217042	0.0169195	0.0124874	0.0374681	0.0274625	0.104171	0.23157	0.06109	0.0485579	0.0143465	0.0010441	0.00586691
181	0.0258161	0.0553122	0.00342834	0.0127319	0.0123276	0.0205212	0.00555733	0.179912	0.00749143	0.0508301	0.0210723	0.00606051	0.00380214	0.00600673	0.0054564	0.00904907	0.0315383	0.536654	0.00167964	0.00475205
182	0.0431928	0.0148057	0.0426523	0.0561559	0.00996499	0.0505921	0.0367723	0.0091864	0.188237	0.0187463	0.0128601	0.0433452	0.0258422	0.093516	0.185491	0.0834437	0.0567791	0.0176876	0.00339908	0.00733039
183	0.0347307	0.00313504	0.00185369	0.00463721	0.024222	0.0032908	0.0113786	0.340851	0.00431006	0.231379	0.0339739	0.00242537	0.00761154	0.00919358	0.0197497	0.0268046	0.020234	0.206633	0.00224286	0.0113432
184	0.351957	0.0906891	0.0169669	0.0167931	0.0172332	0.0471499	0.00884277	0.0262159	0.0207259	0.0407699	0.00919712	0.00977189	0.0126728	0.0101027	0.0362288	0.161844	0.0404334	0.0698536	0.00516438	0.00738705
185	0.142465	0.0192093	0.115114	0.0676177	0.0132214	0.0756236	0.0278664	0.0120968	0.0493369	0.0215475	0.0104049	0.0639757	0.0216731	0.0306976	0.0457904	0.178811	0.061189	0.0248103	0.00467793	0.0138709
186	0.0142178	0.0129988	0.00476686	0.00914763	0.0417586	0.00377751	0.00830272	0.10589	0.0137118	0.476441	0.109607	0.00423487	0.0102509	0.0120719	0.0209427	0.0181962	0.0224347	0.0931131	0.00663537	0.0115005
187	0.0551483	0.00786372	0.0774375	0.0248894	0.0233836	0.249336	0.0270826	0.00840039	0.0516457	0.0217843	0.0095965	0.0801762	0.0303702	0.0422411	0.0522688	0.174572	0.0304154	0.0180525	0.00482196	0.010514
188	0.0469443	0.00975268	0.0559275	0.0243981	0.0875883	0.0338403	0.149589	0.00857133	0.0356756	0.0273028	0.0125612	0.134076	0.0292181	0.0466353	0.0216728	0.0891288	0.0202967	0.0158098	0.0026158	0.148395
189	0.386346	0.0365397	0.0132099	0.0185319	0.00723186	0.0443513	0.00808087	0.0262558	0.0198614	0.0259079	0.0102902	0.00781673	0.0133313	0.00885325	0.0203932	0.243815	0.0619639	0.0406931	0.00281384	0.00371338
190	0.0696445	0.0933277	0.0173454	0.019279	0.0897312	0.0218187	0.0275407	0.053444	0.0457723	0.0981517	0.029228	0.0207704	0.022597	0.0333536	0.0785236	0.0408466	0.0438208	0.119325	0.0277986	0.0476811
191	0.0251178	0.0553669	0.010154	0.0149095	0.0994178	0.0446401	0.0548772	0.0276616	0.0165928	0.117962	0.0174506	0.0133881	0.0119342	0.0440049	0.0279167	0.0423209	0.026538	0.0252237	0.274828	0.0496952
192	0.065197	0.0277142	0.00403087	0.0305097	0.0200981	0.00780097	0.0098726	0.14682	0.0316021	0.148611	0.0396366	0.0286633	0.00689084	0.00681704	0.0187264	0.0524919	0.182879	0.15756	0.00392148	0.0101568
193	0.0303666	0.00548027	0.0690863	0.0232852	0.0597649	0.029302	0.207511	0.00302624	0.0374626	0.0148736	0.0103044	0.17229	0.0218073	0.0536241	0.018778	0.079208	0.0182411	0.00536261	0.00137365	0.138852
194	0.0265503	0.0169475	0.0258663	0.045093	0.0086935	0.0216873	0.041552	0.00798165	0.241283	0.0135088	0.0136079	0.0385079	0.0174448	0.104692	0.262926	0.0540246	0.0422346	0.0109661	0.000659009	0.00577298
195	0.0788678	0.00942131	0.0273815	0.0249022	0.0155867	0.0552432	0.083269	0.0130652	0.128617	0.0191995	0.00767094	0.0393743	0.0719357	0.0585389	0.115914	0.163978	0.0476914	0.0228537	0.00225177	0.0142375
196	0.0324164	0.0249563	0.0232055	0.0147873	0.181381	0.030283	0.0398128	0.0430943	0.0274674	0.101823	0.0242415	0.0282291	0.02214	0.0256928	0.0242805	0.0439234	0.0252527	0.0561297	0.032028	0.198856
