582	20
1	0.144403	0.0302335	0.000153659	0.000248223	0.0775976	0.058858	0.00135206	0.12273	0.000225029	0.246992	0.046548	0.00034662	0.000397437	0.00409965	0.00140408	0.0417738	0.0367648	0.179048	0.00288436	0.00394088
2	0.0269086	0.00248372	0.0151721	0.0105131	0.0155429	0.0153141	0.521086	0.00508345	0.00232362	0.0184245	0.00430434	0.11563	0.00153572	0.176024	0.0211041	0.0314218	0.00524293	0.00486951	0.0010292	0.00598639
3	0.18967	0.0313692	0.00025616	0.00037465	0.071375	0.0627133	0.00129937	0.122479	0.000328723	0.207863	0.0440456	0.000827568	0.000498018	0.00343403	0.00131834	0.0466092	0.0358549	0.174191	0.00225845	0.00323429
4	0.0344393	0.00659253	0.000975312	0.000811249	0.0739589	0.00891943	0.00129877	0.122335	0.00047995	0.542612	0.0504143	0.00176536	0.0028541	0.00435601	0.00263171	0.0238626	0.0177232	0.0902189	0.00263497	0.0111165
5	0.116349	0.0694332	0.00183414	0.00189306	0.0528467	0.0066695	0.00535033	0.0682696	0.00187727	0.130916	0.105604	0.00936068	0.00200928	0.00541302	0.00282682	0.0800435	0.168026	0.165088	0.00181778	0.00437201
6	0.0338584	0.0269348	0.00212139	0.00225374	0.149513	0.0293723	0.053051	0.035238	0.0115033	0.138098	0.0817137	0.0237145	0.00499388	0.0116739	0.0102011	0.0687563	0.0117634	0.128873	0.0813331	0.0950322
7	0.0149673	0.00945572	0.000631021	0.000817954	0.0657738	0.00288165	0.00156685	0.0555658	0.000838917	0.668092	0.0913004	0.00138562	0.003589	0.00887037	0.00255649	0.0123087	0.00807583	0.0453161	0.00177503	0.0042313
8	0.119106	0.0319226	0.00319823	0.00184305	0.2735	0.0547901	0.00213387	0.060759	0.0018916	0.10845	0.0840149	0.0257829	0.00135914	0.00399442	0.00255394	0.135182	0.00663651	0.0767538	0.000937401	0.00519003
9	0.0424019	0.00348034	0.00567349	0.0653734	0.128367	0.0188339	0.244461	0.0397227	0.0186388	0.0356386	0.0218445	0.0245969	0.00230216	0.0547278	0.0475901	0.0129279	0.0222788	0.0922546	0.00155838	0.117328
10	0.0497583	0.0157212	0.0135984	0.0142592	0.131175	0.0256655	0.0178721	0.0610425	0.0283208	0.116623	0.0647947	0.0222133	0.0161494	0.02384	0.0335555	0.0493347	0.0325409	0.0737136	0.136754	0.0730683
11	0.019062	0.00914123	0.00577449	0.00545975	0.162717	0.0113091	0.00854273	0.0159246	0.010396	0.0204085	0.0441517	0.150286	0.00501031	0.0387396	0.0376885	0.375398	0.0168857	0.0442229	0.00498492	0.0138964
12	0.0553432	0.0236408	0.000346638	0.000439983	0.0265938	0.00541603	0.00148415	0.239045	0.000630898	0.0831837	0.0335885	0.00528849	0.00550373	0.00772386	0.00127495	0.0149901	0.0365165	0.453761	0.00335589	0.00187183
13	0.0832567	0.0017146	0.172063	0.132002	0.00759124	0.0262672	0.0472651	0.015772	0.0860357	0.0112797	0.00518702	0.0639946	0.0189603	0.0549138	0.0533265	0.135579	0.0571244	0.0194503	0.000260835	0.00795615
14	0.0147864	0.00459952	0.0404763	0.196911	0.0288784	0.0047031	0.0330179	0.0484511	0.0150696	0.110386	0.0735128	0.0621566	0.00306913	0.0376301	0.0375109	0.0573495	0.0550039	0.14379	0.00114251	0.0315543
15	0.00660903	0.0079258	0.000422685	0.000530803	0.592483	0.00409566	0.0454133	0.00373386	0.000552343	0.00740488	0.00101997	0.0104877	0.000422538	0.00709755	0.000818121	0.0110575	0.00151738	0.00149683	0.0180099	0.278901
16	0.0457815	0.0102801	0.019951	0.0636262	0.00348918	0.0198039	0.0468408	0.0240746	0.217758	0.0300619	0.0255359	0.0385735	0.00146513	0.134626	0.182146	0.0519827	0.0457038	0.0258046	0.00423419	0.00826126
17	0.0373265	0.00930046	0.0131851	0.0571285	0.00233739	0.0252186	0.0267839	0.01638	0.267821	0.0294523	0.0192406	0.0413786	0.000421322	0.110877	0.226052	0.0536044	0.0337068	0.0166211	0.00510186	0.00806297
18	0.0425248	0.0116078	0.0341416	0.0708626	0.00531259	0.00815472	0.0410799	0.109224	0.0965093	0.0581541	0.0268619	0.0510691	0.00639135	0.0879434	0.0644881	0.0509484	0.0790392	0.137822	0.00281003	0.0150545
19	0.0087066	0.0142774	0.00378446	0.0102014	0.00624564	0.00836039	0.0261011	0.0128838	0.389386	0.0123593	0.00870763	0.0165299	0.000841987	0.0631376	0.348491	0.0194715	0.0337581	0.0138304	0.0015956	0.00133021
20	0.00725347	0.00858246	0.00193059	0.00067592	0.485888	0.00345449	0.0447513	0.00686553	0.00189504	0.0189673	0.00418311	0.0122441	0.000498191	0.00955073	0.00232043	0.0122399	0.00413078	0.00484314	0.0187454	0.35098
21	0.0133623	0.0103715	0.000287805	0.000791166	0.0283147	0.00186339	0.000562115	0.382534	0.000498097	0.209808	0.0669371	0.000741168	0.0011091	0.00154471	0.00155906	0.00323246	0.00531718	0.263244	0.00192191	0.00600088
22	0.0444199	0.00953604	0.0411465	0.0681778	0.00493656	0.00830031	0.0291701	0.0835029	0.0657097	0.0424449	0.0238304	0.0434237	0.169073	0.0860571	0.0503701	0.0449791	0.0882368	0.0877195	0.000603949	0.0083615
23	0.0250398	0.00645506	0.00114629	0.00439282	0.0148117	0.00482325	0.0138524	0.22937	0.0172103	0.22184	0.148229	0.00815991	0.0105476	0.0553962	0.023226	0.0335898	0.0546698	0.111139	0.00733755	0.00876308
24	0.0656128	0.00388934	0.0230527	0.0181221	0.0138575	0.0140643	0.0219582	0.0256401	0.145495	0.0382451	0.0197798	0.0346119	0.25895	0.0368391	0.113462	0.0622861	0.0636515	0.0308257	0.00392854	0.00572748
25	0.0435935	0.0182584	0.0701921	0.0987413	0.00187015	0.0363567	0.0227951	0.0135181	0.107634	0.00941992	0.0164229	0.0818501	0.00456553	0.0456343	0.0453598	0.192122	0.180502	0.00927112	0.000559564	0.00133312
26	0.0233788	0.00859636	0.0026326	0.00168307	0.233351	0.00879772	0.00407963	0.0765838	0.00155887	0.403995	0.0693669	0.00377397	0.00187738	0.0053497	0.00248084	0.0135639	0.00955772	0.0638487	0.0195326	0.0459913
27	0.0543675	0.00343642	0.00275873	0.0145516	0.0481418	0.0388258	0.0210895	0.0320895	0.0935843	0.187852	0.0782719	0.0217989	0.00167983	0.0736742	0.0588205	0.104024	0.0484908	0.0458986	0.0533492	0.0172957
28	0.062524	0.00295944	0.226176	0.26412	0.00815842	0.018563	0.0329636	0.00954534	0.0630604	0.0124836	0.00564839	0.0529796	0.0158647	0.0502022	0.0266119	0.0795654	0.0411551	0.0175766	0.00180714	0.00803511
29	0.0252652	0.0232467	0.000587744	0.00101112	0.051765	0.00295496	0.00183895	0.0481746	0.000764323	0.629798	0.116046	0.00203193	0.00340774	0.00954556	0.00303136	0.0149978	0.0131378	0.0484764	0.00122397	0.00269536
30	0.0166296	0.00267358	0.00493402	0.000954945	0.409446	0.00653473	0.00537418	0.052028	0.00105989	0.210454	0.0655336	0.00554202	0.000642876	0.00161166	0.00139452	0.00515464	0.00434119	0.0417248	0.0490102	0.114956
31	0.0504274	0.00300436	0.0022272	0.00593786	0.0419555	0.0378284	0.00654889	0.0810367	0.225781	0.110118	0.0498279	0.0103325	0.00279372	0.0415325	0.0870072	0.0481967	0.0466052	0.0695512	0.0439392	0.0353492
32	0.0384871	0.00775392	0.116004	0.577519	0.00364674	0.0145256	0.00905696	0.00458649	0.0559737	0.0123581	0.0092568	0.0218247	0.00474057	0.0698736	0.00369351	0.0329176	0.00582298	0.00882869	0.00234425	0.000785174
33	0.0315146	0.00246293	0.0139261	0.0114735	0.0147715	0.0153788	0.493864	0.0052459	0.0039141	0.0189704	0.00489321	0.109957	0.00157358	0.198045	0.0236886	0.0327894	0.00552497	0.00515119	0.00102914	0.00582559
34	0.127271	0.0372192	0.000449293	0.00133628	0.0523239	0.0343085	0.00155378	0.177063	0.00107979	0.220147	0.0753496	0.00262641	0.00149882	0.00483572	0.00236567	0.0291369	0.0332702	0.190685	0.00374964	0.00373034
35	0.0244634	0.00553159	0.000886608	0.00283455	0.0196221	0.00496379	0.0153128	0.20599	0.0101154	0.23936	0.166802	0.00622779	0.00685315	0.0526526	0.0210664	0.0296106	0.0669313	0.104603	0.00920815	0.0069651
36	0.153102	0.0130451	0.0404275	0.0849108	0.0140591	0.0595325	0.0141352	0.0135444	0.0208741	0.0110514	0.0095312	0.0709325	0.00604432	0.0751052	0.0113117	0.297263	0.0706861	0.0139813	0.00077698	0.0196855
37	0.0421672	0.000895394	0.00189148	0.00228966	0.00111429	0.00160994	0.000949512	0.00817785	0.00142448	0.00243955	0.00606141	0.00425459	0.885554	0.00289925	0.00459626	0.0121953	0.0093555	0.00963927	0.00168923	0.000795926
38	0.0293952	0.00834195	0.00224353	0.00132852	0.271346	0.0115209	0.00266508	0.0744421	0.00108858	0.386245	0.0576662	0.00341652	0.00132697	0.00349788	0.00217752	0.0124484	0.00872484	0.0672968	0.0162128	0.0386157
39	0.136357	0.0859811	0.0089087	0.00713513	0.0715595	0.023749	0.0096838	0.0430957	0.0117133	0.0450263	0.0239128	0.0181697	0.0659674	0.0127908	0.013728	0.174604	0.128584	0.102624	0.00442572	0.0119845
40	0.034813	0.0194059	0.000346227	0.000555866	0.0312102	0.00417733	0.000942957	0.29362	0.0004908	0.13951	0.0468334	0.00273375	0.00259805	0.0043316	0.00090878	0.00862755	0.0210079	0.382011	0.00209914	0.0037775
41	0.0276405	0.00947515	0.00327069	0.00364529	0.349317	0.0115175	0.00804942	0.0698443	0.00383046	0.236374	0.0626391	0.0079286	0.00218249	0.00664279	0.00338311	0.0205613	0.0111802	0.0598262	0.0250642	0.0776282
42	0.065284	0.0095599	0.0423719	0.0397716	0.0133213	0.0209583	0.0276723	0.0345349	0.0366944	0.0472235	0.0286247	0.0262133	0.229963	0.142824	0.0374216	0.074422	0.0718026	0.0369646	0.003641	0.0107308
43	0.0194	0.0134076	0.000266152	0.00103588	0.0364131	0.00255278	0.000774819	0.322684	0.000458449	0.209626	0.0691907	0.00164888	0.00149245	0.00282779	0.000907369	0.00404706	0.010119	0.295362	0.002649	0.0051373
44	0.121573	0.0409887	0.000978149	0.000949477	0.166513	0.0469697	0.00349618	0.105958	0.00116124	0.209903	0.049196	0.00442944	0.00173373	0.00427862	0.00219988	0.0421521	0.0294492	0.150753	0.00516634	0.0121501
45	0.114598	0.212233	0.00727434	0.00445065	0.0054747	0.0236398	0.00384693	0.00668486	0.00464728	0.0168041	0.00542796	0.0214112	0.00956107	0.00657806	0.00622777	0.403294	0.117093	0.0233764	0.00117657	0.00619992
46	0.16031	0.0390835	0.00111666	0.000855985	0.00402471	0.0192774	0.00102576	0.177515	0.00521846	0.0321138	0.0359267	0.0037321	0.00110723	0.00188094	0.00567778	0.0404738	0.0793336	0.388988	0.000715218	0.00162315
47	0.165785	0.0313815	0.000217728	0.000309272	0.0744147	0.061927	0.00134882	0.122695	0.000295684	0.226643	0.0451083	0.000487123	0.000433592	0.00381521	0.00138927	0.044464	0.0353908	0.177837	0.00251677	0.00354091
48	0.0147634	0.0066212	0.00137854	0.00239604	0.0423699	0.00505655	0.00231223	0.0934682	0.00372156	0.658829	0.0628359	0.00210671	0.00306936	0.00801643	0.00411959	0.0112797	0.0110751	0.061554	0.00138416	0.00364202
49	0.0348699	0.0110008	0.00767242	0.0082331	0.0804491	0.0392469	0.0223548	0.0502531	0.0659159	0.0705938	0.0465957	0.0320572	0.0156712	0.028273	0.0889826	0.0479362	0.0355126	0.0412025	0.107579	0.165601
50	0.105453	0.151238	0.00227029	0.00359607	0.0596933	0.00833058	0.0035454	0.0464002	0.00330924	0.215466	0.165214	0.0106005	0.00218096	0.016183	0.00403291	0.10402	0.0318849	0.0431978	0.00754263	0.0158423
51	0.00893928	0.00924826	0.000396096	0.000383113	0.0557004	0.000901515	0.00140579	0.0294031	0.000414036	0.731189	0.0976812	0.000784543	0.00395341	0.0105575	0.00257449	0.0100883	0.00452199	0.0306588	0.000183327	0.00101619
52	0.0145594	0.00390315	0.504588	0.210276	0.00367059	0.0228248	0.0187982	0.00451437	0.0192051	0.00706372	0.004236	0.0657454	0.00645537	0.035768	0.0113451	0.0250745	0.027509	0.00680661	0.00133195	0.00632474
53	0.037207	0.00702741	0.116762	0.587461	0.00366923	0.0145969	0.00857733	0.00393982	0.0556208	0.0123596	0.00911822	0.0219345	0.00490759	0.0652977	0.00307079	0.0329291	0.00515688	0.00729241	0.00242151	0.000649805
54	0.00814136	0.0119455	0.00211443	0.00105639	0.218026	0.0199464	0.0298413	0.0386468	0.0576982	0.0933525	0.0953712	0.0613579	0.00210066	0.0453922	0.0155224	0.047559	0.0198712	0.0331563	0.0306249	0.168275
55	0.0619258	0.0111823	0.00515813	0.0066634	0.0697997	0.0158104	0.0136071	0.0449737	0.0156301	0.0916435	0.0997941	0.0123468	0.0499845	0.0140581	0.0462538	0.0729285	0.025431	0.145423	0.171017	0.0263697
56	0.0120355	0.00964742	0.00278947	0.00225424	0.192161	0.023565	0.0250745	0.0612725	0.0760724	0.0894901	0.0863757	0.0600064	0.00329395	0.0594447	0.0198909	0.0417689	0.0193296	0.0381441	0.0306413	0.146742
57	0.00774695	0.00842984	0.00245618	0.000747992	0.468989	0.00395905	0.0431715	0.00942068	0.00301721	0.0243784	0.00685454	0.0134023	0.00054373	0.0115034	0.00299999	0.0136999	0.00503897	0.00786946	0.0186892	0.347081
58	0.291082	0.0401888	0.00131061	0.000818588	0.00529589	0.0827679	0.0047804	0.00475436	0.00178415	0.00312866	0.00351898	0.00368712	0.00363271	0.00341559	0.0107115	0.493455	0.0382658	0.0053673	0.000331074	0.00170428
59	0.0134763	0.000486555	0.000203874	0.00102376	0.0308178	0.00467305	0.000282237	0.148411	0.000259527	0.674607	0.0299977	0.00052185	0.000237926	0.000571479	0.000979494	0.00587126	0.0092381	0.0755649	0.000657659	0.00211828
60	0.0171223	0.00824798	0.00189629	0.00249445	0.275734	0.00578296	0.00350782	0.1112	0.0018733	0.301019	0.124859	0.00452098	0.00132717	0.00621664	0.00346786	0.0104684	0.0097891	0.0593911	0.016666	0.0344155
61	0.0535578	0.00448679	0.00575274	0.00658997	0.00246327	0.0161055	0.00601187	0.0170799	0.0112711	0.0136516	0.022353	0.0505316	0.00395957	0.0246702	0.00528184	0.266358	0.472706	0.0131405	0.000538946	0.00348991
62	0.114774	0.023098	0.000251232	0.000465361	0.0674058	0.0454844	0.00142656	0.113963	0.000370479	0.356681	0.0514589	0.000650355	0.000940452	0.0048184	0.00171499	0.0354524	0.0296626	0.145407	0.00217206	0.00380206
63	0.110432	0.0322672	0.0026905	0.00152443	0.350161	0.0625027	0.00203015	0.0691118	0.00240053	0.108119	0.0461865	0.0134259	0.00150589	0.00263241	0.00232342	0.0728455	0.00545865	0.109549	0.001141	0.00369321
64	0.125581	0.0216779	0.00839156	0.0119456	0.00912343	0.026228	0.0103784	0.0492072	0.0114753	0.0315703	0.0600875	0.0606356	0.00440144	0.0274744	0.0101498	0.232685	0.249344	0.0424111	0.000790826	0.00644075
65	0.0129158	0.0016516	0.000204348	0.00133337	0.0316654	0.00428148	0.000415143	0.155583	0.00032764	0.642901	0.0420075	0.000770515	0.000347623	0.000981395	0.00112232	0.00558602	0.00883072	0.0851078	0.00143661	0.00253047
66	0.0428249	0.022512	0.000357338	0.000468532	0.0438115	0.00450932	0.000666813	0.292621	0.000409984	0.160186	0.0472164	0.00339488	0.00421575	0.00475701	0.000750319	0.00423553	0.0102777	0.349185	0.00457483	0.00302529
67	0.0983169	0.0152837	0.00106689	0.00168564	0.0362714	0.0231792	0.00280367	0.116244	0.00159181	0.178502	0.188164	0.00695896	0.00119793	0.0104258	0.00193171	0.0725693	0.0995276	0.136794	0.000863538	0.00662314
68	0.0290683	0.0152303	0.00265229	0.00207209	0.242648	0.0111583	0.0119211	0.0653058	0.0155391	0.223077	0.11816	0.01407	0.00261324	0.0178999	0.00939887	0.047869	0.0287915	0.0575635	0.0214947	0.0634673
69	0.082687	0.0127548	0.083847	0.343884	0.00807611	0.0282887	0.015322	0.0121761	0.0499352	0.0156785	0.0120888	0.0424733	0.0156986	0.0554575	0.0148678	0.130685	0.0495781	0.0177035	0.00193096	0.00686761
70	0.217413	0.155176	0.00439327	0.00315045	0.024838	0.144903	0.00465617	0.00882462	0.0205831	0.0307132	0.025657	0.00867159	0.00245449	0.00705277	0.00897712	0.286999	0.0206177	0.0104818	0.00126212	0.0131759
71	0.117608	0.0178568	0.00114207	0.00448316	0.0227612	0.0395967	0.0102536	0.0611413	0.0121275	0.0446366	0.0556187	0.015589	0.00273812	0.0664585	0.0350904	0.132715	0.244558	0.103703	0.000642049	0.0112806
72	0.0928358	0.0225316	0.00132924	0.00209327	0.0282026	0.0114264	0.00496595	0.110339	0.00277497	0.139069	0.141767	0.0146194	0.00221182	0.0106838	0.00478003	0.07608	0.152576	0.175728	0.00117623	0.00481056
73	0.155109	0.0335445	0.000983071	0.00108381	0.00502217	0.0159977	0.00108209	0.159925	0.00544823	0.0281512	0.0251847	0.00334673	0.00127688	0.00179991	0.00422545	0.0292646	0.0670646	0.459374	0.000642334	0.00147371
74	0.0136597	0.00850898	0.00129413	0.00223796	0.192794	0.0275779	0.0197864	0.0477291	0.103353	0.102112	0.0935206	0.0536867	0.00303947	0.050633	0.0326097	0.0491861	0.0222396	0.0325034	0.0422942	0.101235
75	0.0164232	0.00903424	0.00558957	0.0201767	0.0046904	0.00774838	0.0213979	0.00801133	0.304819	0.017221	0.0137277	0.0249935	0.000856505	0.0796989	0.398579	0.0274839	0.0234833	0.0116844	0.00147506	0.00290628
76	0.0199173	0.0045133	0.000586136	0.00217045	0.0281597	0.00403865	0.0151638	0.216479	0.00836489	0.264743	0.169423	0.00476732	0.00583256	0.0511989	0.0187822	0.0222235	0.0498032	0.0957504	0.0115555	0.00652702
77	0.0075054	0.00753179	0.00403946	0.0123804	0.0064163	0.00389438	0.016597	0.00618383	0.392557	0.013201	0.00999663	0.0201349	0.000647983	0.0718354	0.369337	0.0194584	0.0259444	0.0104666	0.000657429	0.00121482
78	0.0716955	0.014432	0.0329966	0.0481336	0.00298559	0.0512842	0.0187457	0.0120791	0.0271086	0.00821574	0.0065277	0.176437	0.00393821	0.0248887	0.0214573	0.28817	0.17683	0.00933215	0.000333072	0.00440919
79	0.0168495	0.00777825	0.000349055	0.00404586	0.0658067	0.0019136	0.00165407	0.166011	0.000643009	0.470464	0.135307	0.00191394	0.00117092	0.00459075	0.00214073	0.00668113	0.00720389	0.0900059	0.00926219	0.00620902
80	0.0725065	0.0347406	0.0286162	0.0444267	0.0019938	0.0188941	0.0074521	0.0109811	0.144853	0.00981774	0.0118384	0.0864512	0.0075953	0.0836031	0.072356	0.275601	0.0747231	0.0111166	0.000643512	0.00178935
81	0.0781476	0.010234	0.0711253	0.147523	0.00452288	0.0137771	0.0372974	0.0284988	0.0871155	0.0246704	0.0690404	0.048209	0.00557199	0.0843487	0.0462413	0.0887365	0.110385	0.0392009	0.00128726	0.00406665
82	0.0478415	0.0128706	0.00211	0.00201466	0.0985187	0.0134584	0.00377326	0.153758	0.00319796	0.35496	0.093692	0.00475547	0.00354341	0.0111612	0.00561561	0.0396976	0.0245277	0.10173	0.00718141	0.0155923
83	0.0206806	0.0107383	0.00644534	0.0253228	0.00346331	0.0105886	0.0269657	0.00928361	0.257804	0.0212867	0.0177421	0.0306171	0.000883412	0.0809857	0.40462	0.0302079	0.0232351	0.0128411	0.00231538	0.00397296
84	0.0641085	0.00494386	0.0623296	0.0716517	0.00172335	0.217704	0.059202	0.00504154	0.0503512	0.0111689	0.00442013	0.137425	0.00128645	0.0273823	0.0791895	0.142978	0.0473059	0.00330381	0.000524851	0.00795971
85	0.0628745	0.0221505	0.00650619	0.0409633	0.0367027	0.0109245	0.00790903	0.127235	0.0126073	0.262517	0.131571	0.0114857	0.00425677	0.0178609	0.0139666	0.0340487	0.0386976	0.139342	0.00780088	0.0105799
86	0.0301342	0.00326882	0.359128	0.159135	0.0139028	0.016908	0.0107955	0.0130407	0.0294973	0.0077979	0.00756516	0.119036	0.0207574	0.0101988	0.0182465	0.0585066	0.0852826	0.027256	0.00245665	0.00708686
87	0.0406724	0.00967261	0.127385	0.532131	0.00364593	0.0211638	0.0110858	0.00541678	0.062884	0.0177216	0.0141429	0.024395	0.00636761	0.0697328	0.00480469	0.0307582	0.00657925	0.00749091	0.00325862	0.000691269
88	0.0124446	0.000649104	0.000209883	0.000957411	0.0264918	0.00495173	0.000291699	0.153752	0.000279925	0.673046	0.0264969	0.000587559	0.000337929	0.000756155	0.00110054	0.00587029	0.00940571	0.0800726	0.000226774	0.00207095
89	0.0173406	0.00161685	0.000906787	0.0121716	0.0276826	0.00188016	0.00138682	0.118628	0.00449444	0.357512	0.0203228	0.00169409	0.0079348	0.0022435	0.0123226	0.00738445	0.0368851	0.353628	0.000593479	0.0133721
90	0.0414906	0.000872356	0.000515255	0.00163639	0.00107801	0.001185	0.000722553	0.007611	0.000822327	0.00178283	0.00588136	0.0042337	0.897139	0.00172632	0.00370952	0.0111923	0.00665565	0.00927633	0.00175664	0.000712705
91	0.0480676	0.0203917	0.00495785	0.00749731	0.0468395	0.301499	0.0108331	0.0382	0.0186144	0.130114	0.108444	0.0396132	0.00440083	0.0222173	0.0168696	0.0796647	0.0350319	0.0399354	0.00980148	0.0170075
92	0.0285905	0.00725793	0.423846	0.130101	0.0129364	0.0218735	0.022508	0.0209405	0.0216688	0.0489548	0.014406	0.0577845	0.0135752	0.0348086	0.0174084	0.0424657	0.0417897	0.0250891	0.00287007	0.0111253
93	0.0137132	0.0127686	0.000239994	0.000489258	0.0214751	0.00208996	0.000299764	0.359901	0.000377385	0.215138	0.0559433	0.000498513	0.000834514	0.00123707	0.000710331	0.0029166	0.00514744	0.301602	0.000286865	0.00433101
94	0.0251214	0.0181709	0.000270538	0.000457123	0.028025	0.00315765	0.000642886	0.318392	0.000310157	0.1652	0.0523321	0.00180047	0.001667	0.00266	0.000743594	0.00510913	0.0134465	0.356789	0.00120147	0.00450326
95	0.0903246	0.0147106	0.0375756	0.0815902	0.00944303	0.02874	0.029455	0.0666466	0.0771198	0.0354941	0.0268298	0.037065	0.00842611	0.0986516	0.0577764	0.129403	0.0779373	0.0805833	0.00249478	0.00973274
96	0.0137413	0.0128326	0.000240511	0.000483217	0.0211969	0.00209812	0.000300074	0.360056	0.00037672	0.21486	0.0557447	0.000500899	0.000834833	0.00123691	0.000713937	0.00291506	0.00512437	0.302164	0.000258142	0.00432071
97	0.127275	0.0497687	0.00188977	0.00225828	0.00939184	0.020146	0.0395013	0.0793944	0.0300049	0.0732015	0.0237422	0.0267387	0.0483128	0.0247179	0.0157585	0.0515226	0.21984	0.141842	0.0011193	0.013575
98	0.0327568	0.0244643	0.000285006	0.000402515	0.0108864	0.00422349	0.00123168	0.242515	0.000369033	0.0610088	0.0174999	0.00187323	0.00155947	0.00249508	0.00136102	0.0159978	0.0333041	0.54554	0.00058677	0.00163986
99	0.0414906	0.000872356	0.000515255	0.00163639	0.00107801	0.001185	0.000722553	0.007611	0.000822327	0.00178283	0.00588136	0.0042337	0.897139	0.00172632	0.00370952	0.0111923	0.00665565	0.00927633	0.00175664	0.000712705
100	0.485535	0.229268	0.00455621	0.00451926	0.00387057	0.0477303	0.00187591	0.00982239	0.00440769	0.0138816	0.0191896	0.00519402	0.00411332	0.00288896	0.00489595	0.0203436	0.0283629	0.106912	0.000769343	0.00186268
101	0.0144844	0.00369437	0.548434	0.163653	0.00419049	0.0211642	0.0199783	0.00507831	0.0162819	0.00757045	0.00419676	0.0639487	0.00825475	0.0313437	0.0128568	0.0259544	0.0312249	0.00819978	0.00123013	0.00826083
102	0.0577517	0.0619828	0.00131602	0.00550432	0.0326891	0.00562661	0.00268788	0.142006	0.00208925	0.298923	0.202252	0.004869	0.00208276	0.0073228	0.00350453	0.0244876	0.0296553	0.100338	0.00750049	0.00740944
103	0.0123606	0.000368382	0.000203836	0.00089757	0.0271557	0.00473516	0.000267837	0.144017	0.000262417	0.689748	0.0258537	0.000488767	0.00022898	0.000576985	0.00101007	0.00596427	0.0094932	0.074225	0.00017691	0.00196521
104	0.011815	0.00141277	0.000266151	0.000857985	0.0245854	0.00416372	0.000327501	0.197916	0.000318396	0.609276	0.0276338	0.000584202	0.000504382	0.00072187	0.00142749	0.00550728	0.00825337	0.101833	0.000267463	0.00232861
105	0.0127135	0.000704213	0.000247057	0.00219531	0.0248815	0.00441009	0.000370356	0.147699	0.000704312	0.644636	0.0257667	0.000651135	0.00115557	0.000977129	0.00146989	0.00583292	0.0139666	0.109069	0.000167747	0.00238231
106	0.100864	0.0034918	0.12736	0.11769	0.00694819	0.014604	0.0433507	0.0157996	0.109236	0.0130064	0.00754902	0.0488587	0.0194261	0.0663509	0.0575046	0.159782	0.0584443	0.0220874	0.000360096	0.0072859
107	0.0258369	0.00437478	0.0176398	0.0171517	0.00394713	0.767443	0.00772147	0.00499558	0.013245	0.00698765	0.00420214	0.0327992	0.00217133	0.00850432	0.00922025	0.0431835	0.0165927	0.00454513	0.00139362	0.00804469
108	0.051028	0.00533925	0.0303709	0.00978107	0.0025096	0.0427502	0.00501015	0.0191558	0.0385299	0.00402527	0.010382	0.0713091	0.0292694	0.0260767	0.0284671	0.417391	0.18267	0.0229763	0.000592257	0.00236648
109	0.350923	0.29974	0.00306159	0.00285548	0.00513469	0.0144967	0.00251561	0.0241359	0.00355617	0.0221759	0.0262418	0.00472861	0.00244131	0.00365463	0.00476901	0.0217967	0.0496272	0.154553	0.00104231	0.00255036
110	0.0415109	0.021103	0.000323397	0.000417144	0.0101162	0.00473248	0.00129882	0.244157	0.00092694	0.0534539	0.019043	0.00182727	0.00153954	0.00244146	0.002046	0.0160596	0.0363495	0.540539	0.000467092	0.00164759
111	0.0989332	0.0303596	0.000318317	0.000490549	0.025763	0.0192044	0.00124049	0.173254	0.00144493	0.097935	0.0332749	0.00259913	0.00204117	0.0035153	0.0020659	0.0269377	0.0456228	0.431518	0.00151288	0.00196872
112	0.0199787	0.00315045	0.422309	0.149658	0.00827846	0.0263478	0.0162836	0.00956408	0.0241175	0.00660766	0.00550424	0.124485	0.0115952	0.0213929	0.0155361	0.0465295	0.0636918	0.0171248	0.00140637	0.0064376
113	0.0384557	0.00700288	0.120119	0.523823	0.00468905	0.0173491	0.011628	0.010775	0.0566352	0.0179966	0.0110306	0.0279969	0.00855556	0.0646371	0.00978796	0.0366876	0.0139234	0.0139109	0.0031516	0.00184465
114	0.370322	0.02778	0.000688774	0.000713941	0.00259281	0.059465	0.00419681	0.00229078	0.000819378	0.0019	0.00191569	0.00198628	0.00523413	0.00319685	0.0105099	0.47525	0.028173	0.00189282	0.000309058	0.000762368
115	0.0666488	0.0112336	0.00100272	0.00298955	0.0235004	0.0128762	0.00532992	0.144312	0.00453859	0.192975	0.192924	0.00776723	0.00290191	0.0232465	0.00646123	0.0658052	0.107275	0.117599	0.00285897	0.0077543
116	0.0142665	0.0055386	0.000700632	0.00142749	0.0414823	0.00384328	0.00136508	0.101934	0.000696176	0.675249	0.0570421	0.00195093	0.00206668	0.00555659	0.00203012	0.0101742	0.00942908	0.0618671	0.00085965	0.00252045
117	0.0718672	0.0107445	0.00477792	0.00747096	0.00229202	0.0156679	0.00488999	0.0112214	0.00923831	0.0128981	0.0191892	0.032344	0.00300528	0.0131768	0.00472201	0.245896	0.510998	0.0157821	0.00075946	0.00305873
118	0.0119517	0.000608356	0.00084421	0.0019039	0.000814133	0.952107	0.00082409	0.00120316	0.00500809	0.00437028	0.00216849	0.00338342	0.000338621	0.000953541	0.00128088	0.00799478	0.00202308	0.00142348	0.000254555	0.000543941
119	0.0405914	0.00755015	0.118046	0.523128	0.00598392	0.0188015	0.0116481	0.00908051	0.0547792	0.0152337	0.0107062	0.0270219	0.00929081	0.0647911	0.00919166	0.0403659	0.0152297	0.0131103	0.00309062	0.00235953
120	0.239068	0.0286706	0.00896641	0.00978999	0.00682032	0.0686019	0.00954259	0.0072172	0.0208569	0.00704242	0.00512465	0.0215925	0.00981362	0.015898	0.0297773	0.444797	0.0519433	0.00856903	0.000736421	0.00517234
121	0.044501	0.0225913	0.00029287	0.000792862	0.0147761	0.00489406	0.00156883	0.23829	0.000606189	0.0673229	0.0269478	0.00279705	0.00251333	0.00378598	0.00134531	0.0188436	0.0476694	0.497552	0.000848116	0.0020616
122	0.044916	0.00213385	0.0065276	0.00618773	0.00427218	0.0036737	0.00300239	0.0152508	0.00625629	0.00846986	0.00798151	0.00565963	0.808211	0.00557377	0.00735047	0.0179635	0.0195048	0.0231281	0.00199323	0.00194375
123	0.0253894	0.0103817	0.00739923	0.00827172	0.0152504	0.011805	0.0761545	0.0370392	0.00812392	0.316386	0.0468359	0.0123476	0.00751921	0.237724	0.0124072	0.0282933	0.0243146	0.101467	0.00448834	0.008401
124	0.0240262	0.00549052	0.00126753	0.00313015	0.0219679	0.00598595	0.0196785	0.195651	0.0138839	0.23065	0.159955	0.00736445	0.00773415	0.0565356	0.0257208	0.0311596	0.0612252	0.105717	0.014448	0.008409
125	0.0175487	0.00844164	0.00679763	0.0223628	0.00634754	0.00938752	0.0201359	0.00979149	0.358969	0.0187989	0.0129952	0.0248218	0.00457595	0.0758308	0.3258	0.0302339	0.0287563	0.0128308	0.00252728	0.0030468
126	0.139147	0.00750775	0.010428	0.00580552	0.0693154	0.0218993	0.272299	0.0100539	0.0117194	0.01443	0.0077745	0.128905	0.00567625	0.0669276	0.0161562	0.121082	0.0124186	0.00985202	0.00391523	0.0646885
127	0.0346359	0.0199369	0.000242317	0.000355938	0.0173335	0.00445295	0.00155288	0.280619	0.000353155	0.0941586	0.0374511	0.00221078	0.0016662	0.00356632	0.00105266	0.0140253	0.0369418	0.446038	0.000644883	0.00276263
128	0.0232377	0.013282	0.000291361	0.00120868	0.018878	0.0035349	0.000743859	0.264545	0.000574767	0.253048	0.0340673	0.00120462	0.0014883	0.00201643	0.00114641	0.0087267	0.0198121	0.348586	0.000500017	0.00310727
129	0.00661778	0.00787208	0.000387986	0.000528424	0.59767	0.00414024	0.0455516	0.00372284	0.000512339	0.00714292	0.00101128	0.0105062	0.000424565	0.00706006	0.00075466	0.0109915	0.00145189	0.00138446	0.0180777	0.274192
130	0.290578	0.0395128	0.000674396	0.000464547	0.00380933	0.0940057	0.00478177	0.00265138	0.00156963	0.00247205	0.00272789	0.00241072	0.00380454	0.0032613	0.0118749	0.498614	0.0334859	0.00215251	0.000209448	0.000939369
131	0.0126025	0.000916631	0.000520236	0.00176855	0.00105408	0.948375	0.000555967	0.00152954	0.00572319	0.00680927	0.00205684	0.00291296	0.000346634	0.00113808	0.00149056	0.00789433	0.00174103	0.00179798	0.000254107	0.000512731
132	0.0622029	0.00807266	0.00428896	0.00660411	0.00745919	0.0117664	0.00540116	0.0196591	0.00897945	0.0238682	0.027603	0.0259767	0.00466954	0.0130329	0.00568427	0.174712	0.55339	0.0303353	0.00157049	0.00472345
133	0.0458504	0.00930339	0.0198814	0.0677339	0.00265947	0.0214997	0.0312914	0.0192818	0.228664	0.029513	0.0306605	0.0437848	0.00244557	0.102965	0.187637	0.0689182	0.0542012	0.0210611	0.0047848	0.0078633
134	0.0169599	0.0137989	0.000261354	0.000450878	0.0215619	0.00233931	0.000364186	0.351598	0.000384846	0.20666	0.0542157	0.000667358	0.00102619	0.00149407	0.000658504	0.00393272	0.0069385	0.312041	0.000559982	0.00408606
135	0.0146928	0.0123648	0.000231247	0.000898947	0.0210437	0.00218325	0.000326914	0.346612	0.000491906	0.220775	0.0551384	0.000699056	0.00117177	0.00147807	0.000836665	0.00332534	0.00732569	0.305835	0.000353556	0.00421482
136	0.0597258	0.0120111	0.039827	0.0508007	0.015634	0.0138905	0.0256786	0.0412571	0.0405253	0.141659	0.0847489	0.044755	0.00549712	0.152416	0.0479029	0.0655359	0.0659419	0.074187	0.00749833	0.0105074
137	0.126606	0.030376	0.00137609	0.00467203	0.0244257	0.0335155	0.0304479	0.0669445	0.014898	0.0532103	0.0509339	0.0207375	0.0121261	0.0551215	0.027947	0.115121	0.212832	0.10709	0.000825967	0.0107927
138	0.214346	0.337818	0.00195343	0.00205044	0.0181942	0.0145179	0.00310303	0.0388541	0.00285749	0.0696033	0.0274515	0.00548093	0.00314281	0.00422716	0.00384652	0.0514982	0.0605997	0.134778	0.00157989	0.00409848
139	0.0150747	0.00209627	0.00077871	0.0130973	0.0202262	0.00178747	0.00103739	0.162007	0.00515996	0.335682	0.0273453	0.00158564	0.00995499	0.00251224	0.00747023	0.00687744	0.0372033	0.341109	0.000568516	0.00842612
140	0.442824	0.187442	0.00402366	0.0044982	0.00734233	0.2047	0.00379797	0.00931798	0.00698995	0.0125376	0.0111057	0.00606038	0.00434878	0.00426238	0.00625541	0.0343364	0.0126271	0.0323774	0.00187777	0.00327395
141	0.0183923	0.024557	0.00363502	0.00317076	0.266474	0.00668728	0.00494875	0.142421	0.00457831	0.0817496	0.0194567	0.00692915	0.00311693	0.00678538	0.00488933	0.0178743	0.0125534	0.160995	0.0080044	0.202781
142	0.149098	0.0470116	0.00100569	0.00086012	0.0136619	0.0192271	0.00131332	0.151791	0.00376105	0.0513091	0.0259472	0.00411343	0.00218492	0.00303471	0.00450408	0.0307172	0.0580061	0.428751	0.00146854	0.00223395
143	0.0122021	0.000583695	0.00026407	0.00128867	0.0267816	0.00481125	0.000572419	0.148325	0.00058658	0.673305	0.0280432	0.000691375	0.000482821	0.00162121	0.00150469	0.00715347	0.0115835	0.0770487	0.000469567	0.00268014
144	0.0102092	0.00910258	0.00338527	0.0113487	0.00507503	0.00423835	0.0219833	0.00605291	0.309556	0.0140532	0.0123335	0.0217029	0.000922704	0.0695545	0.448651	0.018463	0.0208137	0.0103798	0.000756046	0.00141866
145	0.0537966	0.0108447	0.0178075	0.0262489	0.00496267	0.0281251	0.0293109	0.0391584	0.0204296	0.015268	0.0159705	0.123311	0.00362092	0.0230826	0.0137518	0.201263	0.347572	0.0188161	0.00133712	0.0053238
146	0.0112662	0.00051315	0.000448261	0.00160171	0.000694913	0.959868	0.000447457	0.000868804	0.00469242	0.00406844	0.00177566	0.00268466	0.000341235	0.000658601	0.000619991	0.00641877	0.00111142	0.00123104	0.000222588	0.000466643
147	0.0324404	0.0111988	0.003354	0.00246652	0.342899	0.0147744	0.00856028	0.069752	0.00436711	0.227137	0.0630483	0.00721524	0.0021303	0.00632248	0.00435461	0.0201641	0.0132225	0.0686521	0.0239039	0.0740371
148	0.0935668	0.0076153	0.0575756	0.0557855	0.00304064	0.231704	0.0346581	0.00626515	0.0408525	0.0107573	0.0062545	0.125811	0.00667281	0.0189602	0.0392787	0.20354	0.0366692	0.00372969	0.000461409	0.0168016
149	0.0697393	0.0104213	0.00459616	0.00774207	0.00751935	0.0153814	0.00643151	0.0214784	0.016712	0.0283903	0.0426317	0.0278589	0.00488766	0.0193467	0.0139594	0.199257	0.466338	0.0306237	0.00193613	0.00474893
150	0.14138	0.012859	0.0222132	0.0382588	0.0047791	0.033229	0.0118502	0.0159821	0.0194071	0.00749004	0.00757001	0.0812134	0.0050297	0.0300259	0.00831957	0.35652	0.177695	0.0136984	0.00052006	0.0119593
151	0.042558	0.00940351	0.0212895	0.0741125	0.00354254	0.0171846	0.0247071	0.0174436	0.279856	0.0266544	0.020663	0.0341806	0.00135591	0.105327	0.201794	0.0531215	0.0379008	0.0197172	0.00329819	0.00589029
152	0.0112662	0.00051315	0.000448261	0.00160171	0.000694913	0.959868	0.000447457	0.000868804	0.00469242	0.00406844	0.00177566	0.00268466	0.000341235	0.000658601	0.000619991	0.00641877	0.00111142	0.00123104	0.000222588	0.000466643
153	0.0396373	0.00898199	0.0152138	0.0601775	0.00225966	0.0267443	0.0275762	0.0171033	0.258653	0.0299533	0.0194174	0.0428911	0.000656177	0.110746	0.215184	0.0587182	0.0349921	0.0171325	0.00547979	0.00848175
154	0.0160085	0.00630313	0.000553452	0.00133332	0.043334	0.00424746	0.00147576	0.0901919	0.000889578	0.671753	0.0624017	0.00113976	0.00263791	0.00662882	0.00231299	0.0111513	0.00952629	0.0645652	0.000902574	0.00264367
155	0.0183194	0.00715574	0.000510676	0.00904196	0.0468239	0.00202102	0.00191924	0.2079	0.00201817	0.349417	0.116901	0.00259179	0.00321195	0.00399242	0.00329106	0.00667898	0.0173677	0.186094	0.00841025	0.00633387
156	0.0212988	0.00877765	0.00703709	0.025646	0.00387741	0.00983172	0.0237288	0.0098326	0.277741	0.0192705	0.0153843	0.0266228	0.00118699	0.0819569	0.394356	0.0299134	0.0244924	0.0133453	0.00212638	0.00357342
157	0.0468103	0.00908434	0.00797876	0.0191404	0.019803	0.0159938	0.0121342	0.0665007	0.088855	0.10564	0.103743	0.0156237	0.00769879	0.0361235	0.0333482	0.0883988	0.212531	0.0851595	0.0128189	0.0126141
158	0.0241316	0.010431	0.000760551	0.00315697	0.0400724	0.00408386	0.00485526	0.27381	0.00360209	0.252908	0.142301	0.0036229	0.00309136	0.0175459	0.00698496	0.0169007	0.0270556	0.149888	0.00718618	0.00761076
159	0.0310894	0.0260064	0.000692948	0.0107198	0.059525	0.00274271	0.00302971	0.198077	0.00160931	0.332269	0.163801	0.00298324	0.00185402	0.00669449	0.00356037	0.0110458	0.0133368	0.109339	0.0150023	0.00662143
160	0.00661778	0.00787208	0.000387986	0.000528424	0.59767	0.00414024	0.0455516	0.00372284	0.000512339	0.00714292	0.00101128	0.0105062	0.000424565	0.00706006	0.00075466	0.0109915	0.00145189	0.00138446	0.0180777	0.274192
161	0.133433	0.0184898	0.0295632	0.0430601	0.00609656	0.0564203	0.0173264	0.0111165	0.0217548	0.00732513	0.00653606	0.0876883	0.00510067	0.0395361	0.0114581	0.352779	0.129869	0.0114153	0.000276965	0.0107548
162	0.109303	0.0143164	0.0220196	0.0380384	0.00384597	0.0378118	0.0156627	0.0149689	0.0167933	0.00604629	0.00821942	0.0932553	0.00363537	0.0369231	0.00857513	0.346927	0.20296	0.0129064	0.000255888	0.00753598
163	0.037309	0.00770845	0.12889	0.485207	0.00551379	0.03763	0.0101704	0.00868218	0.057516	0.0162193	0.0131426	0.0351716	0.0145504	0.0762867	0.00865903	0.0316361	0.00936187	0.00941519	0.00544203	0.0014888
164	0.253224	0.031006	0.0359665	0.0629055	0.0147529	0.0591045	0.00675913	0.0570849	0.0131621	0.0234952	0.0140512	0.0109387	0.00842282	0.0155139	0.0142147	0.0596637	0.0946279	0.203324	0.0071488	0.014634
165	0.0860035	0.00494714	0.114867	0.0842391	0.00475239	0.124985	0.0523019	0.00982859	0.0580607	0.0106224	0.0042922	0.122306	0.00856842	0.032299	0.0503312	0.153135	0.0589829	0.00968314	0.000389114	0.00940508
166	0.104512	0.0150906	0.026341	0.0398795	0.00389896	0.0379621	0.0137995	0.0122276	0.0169898	0.00604	0.00650101	0.139628	0.00429941	0.0322756	0.00996754	0.338645	0.172326	0.0123106	0.000241226	0.00706374
167	0.049154	0.00282436	0.00265105	0.00452765	0.0490087	0.0327725	0.00708925	0.0690931	0.194254	0.109416	0.0535442	0.00951178	0.00360048	0.0331237	0.111771	0.0529038	0.0599348	0.0602301	0.0638362	0.0307532
168	0.0216355	0.00426262	0.450491	0.237764	0.00709693	0.0161119	0.0132528	0.00830437	0.0216677	0.00925359	0.00601548	0.0564063	0.0194736	0.0278442	0.010805	0.030284	0.0362337	0.0129691	0.0036002	0.00652792
169	0.363311	0.0573247	0.00166176	0.00166318	0.00279161	0.0515226	0.00143305	0.0320948	0.00201107	0.00944459	0.0208399	0.0223276	0.00429684	0.00223459	0.00230849	0.236953	0.149729	0.0356885	0.000507532	0.00185655
170	0.023064	0.00576353	0.00444149	0.000880489	0.402835	0.0125472	0.00534969	0.0558884	0.0011198	0.204383	0.0628686	0.00545836	0.000716918	0.00174857	0.00143343	0.0071459	0.00517322	0.0505446	0.0459792	0.102658
171	0.145053	0.0303362	0.00020876	0.000231361	0.0778578	0.059158	0.00138676	0.123493	0.00022147	0.244225	0.0462887	0.000364815	0.000373535	0.00419663	0.0014443	0.0415433	0.0364305	0.180219	0.00287487	0.00409237
172	0.128774	0.0337648	0.000429011	0.000779282	0.111328	0.0492671	0.00176332	0.127935	0.000744342	0.231963	0.0487944	0.00256996	0.00206982	0.00433865	0.00191715	0.0394123	0.0315851	0.173731	0.00376923	0.00506438
173	0.0236662	0.0102922	0.000271728	0.0014692	0.0284518	0.00596449	0.000575645	0.298413	0.000672897	0.311096	0.0510637	0.000747801	0.00135692	0.0018911	0.00153124	0.00635499	0.0100207	0.2406	0.00146859	0.00409103
174	0.156741	0.0300714	0.000216969	0.000266782	0.0781195	0.0614738	0.00133614	0.119348	0.000280709	0.239405	0.0467448	0.000516614	0.000451198	0.00385773	0.001361	0.0433702	0.0357042	0.174345	0.00268293	0.00370693
175	0.0589434	0.0159458	0.00069254	0.00206385	0.072787	0.0166927	0.00111593	0.220408	0.000811556	0.265505	0.0673485	0.00206226	0.00269994	0.00326552	0.00203332	0.0174682	0.0166539	0.22015	0.00589774	0.00745415
176	0.0151312	0.0090801	0.000604688	0.00130386	0.0520445	0.0032841	0.00190137	0.0765735	0.00119643	0.642045	0.0938673	0.00166371	0.00313969	0.00937226	0.0029847	0.0121483	0.0114059	0.0560093	0.00228889	0.00395574
177	0.00893232	0.00936581	0.000369702	0.000385211	0.0561427	0.000907888	0.00132121	0.0298839	0.000411809	0.730776	0.0963522	0.000762504	0.00418555	0.0102404	0.00274316	0.0100396	0.00474189	0.0312304	0.000181924	0.00102548
178	0.0539718	0.0247731	0.000392221	0.000479322	0.0361233	0.00615292	0.00137596	0.255873	0.000473944	0.0953798	0.0373319	0.00562744	0.00519496	0.00805407	0.00100651	0.0115542	0.0313319	0.41871	0.00410865	0.00208535
179	0.113056	0.0396403	0.00147949	0.00136832	0.188573	0.057952	0.00343698	0.1028	0.00352304	0.185893	0.0512847	0.00879481	0.00177979	0.00622299	0.00365141	0.051117	0.0267268	0.133183	0.0061236	0.0133938
180	0.304402	0.0285629	0.00727433	0.00655499	0.00480604	0.0646379	0.00811128	0.00594647	0.0110838	0.00565029	0.0050952	0.0114348	0.00824399	0.0112441	0.0217026	0.437586	0.0448746	0.0079461	0.00107364	0.00376843
181	0.0137884	0.0128494	0.00024051	0.000482643	0.0212318	0.00210021	0.000298929	0.359883	0.000377665	0.214787	0.0557493	0.000509371	0.000845938	0.00123923	0.00071297	0.00292075	0.00512888	0.302268	0.000268433	0.00431703
182	0.249039	0.0614537	0.000975094	0.000920961	0.00386517	0.0295384	0.00088864	0.183699	0.00492086	0.0373864	0.0306485	0.00731994	0.000867152	0.00155634	0.00689534	0.0305819	0.0823245	0.265376	0.000624089	0.00111939
183	0.355656	0.0311561	0.00213218	0.00108703	0.0028195	0.057286	0.00392782	0.00321041	0.00206624	0.00260734	0.00243747	0.00549415	0.00749318	0.00351353	0.0105592	0.46576	0.0367853	0.00406714	0.000333597	0.00160753
184	0.282896	0.0342146	0.000910671	0.000439398	0.00300823	0.0763714	0.00532166	0.0020427	0.0011615	0.0020551	0.00168906	0.00295285	0.00393523	0.00364458	0.0114068	0.530504	0.034953	0.00145984	0.0002075	0.000825919
185	0.288096	0.00528881	0.0028614	0.00305008	0.0195531	0.246834	0.00289409	0.0524703	0.00328709	0.0235794	0.00603329	0.00477836	0.00254679	0.00462532	0.0177089	0.102873	0.0671086	0.0688628	0.0181023	0.0594459
186	0.0196417	0.00813043	0.0123234	0.00415497	0.131176	0.0101677	0.0653345	0.0211827	0.0238686	0.0388094	0.021381	0.0550071	0.00166517	0.0246918	0.0125013	0.040218	0.0249089	0.0198071	0.0271357	0.437895
187	0.043942	0.0100641	0.000542494	0.00656454	0.0332852	0.0128288	0.00162782	0.149518	0.00236962	0.35187	0.0348927	0.0015681	0.00454981	0.00378305	0.00504151	0.0161311	0.0353367	0.278536	0.00148863	0.00606088
188	0.0174832	0.0030412	0.0051697	0.000867665	0.399564	0.00746012	0.00610288	0.0527823	0.00102808	0.206414	0.0626038	0.00587071	0.000600127	0.00156834	0.00128384	0.00497817	0.00389829	0.0452303	0.0530417	0.121012
189	0.0261683	0.0135806	0.0205128	0.0363627	0.0049493	0.0139127	0.0467038	0.133245	0.0807464	0.0654871	0.0373448	0.0668053	0.0040354	0.0307019	0.0383871	0.0368662	0.0534747	0.253948	0.000956875	0.035811
190	0.0268287	0.0106041	0.0911778	0.112098	0.00253415	0.0809744	0.0349859	0.0138826	0.0745271	0.0117369	0.00811701	0.122233	0.00203851	0.0207369	0.0411303	0.150228	0.188398	0.00511201	0.000525707	0.00213094
