327	20
1	0.00694987	0.0131514	0.000452069	0.00187758	0.00640631	0.00235582	0.00257391	0.403551	0.0039541	0.132586	0.0275288	0.00248545	0.000459535	0.00953749	0.00393902	0.00887336	0.00425972	0.365669	0.00246023	0.00092954
2	0.0170402	0.0149691	0.00472658	0.00646627	0.0112455	0.00280959	0.0601782	0.172922	0.00760458	0.304003	0.176323	0.00465442	0.0111027	0.0128001	0.00717586	0.0193786	0.0135771	0.0967614	0.0157316	0.0405305
3	0.0355174	0.0300931	0.00269312	0.00496845	0.0277916	0.00227352	0.0186045	0.260068	0.0137951	0.193328	0.0414894	0.00574854	0.00673173	0.00991015	0.00973465	0.0166785	0.0267154	0.230548	0.0439663	0.0193434
4	0.0184206	0.0104328	0.0062357	0.00591457	0.361518	0.0039088	0.0142674	0.0806141	0.00858944	0.188951	0.0472104	0.0109637	0.00604327	0.00740422	0.0103131	0.0144245	0.0111898	0.0600434	0.0100561	0.123499
5	0.0390844	0.0174919	0.00928082	0.0356727	0.00436963	0.0118047	0.0349105	0.0104353	0.24974	0.0303704	0.0148433	0.024246	0.0052598	0.106451	0.323715	0.0266339	0.0309747	0.0148846	0.00495838	0.00487282
6	0.0463682	0.0126488	0.0106516	0.0210727	0.0149362	0.0116358	0.0973617	0.00643229	0.172745	0.0675448	0.0226273	0.0865919	0.0040085	0.0469771	0.272331	0.047351	0.0320842	0.012404	0.00824704	0.00598092
7	0.0588668	0.0217747	0.183396	0.0667804	0.0185061	0.192681	0.0275281	0.00617794	0.0297062	0.0071835	0.00352392	0.160822	0.00695434	0.0315606	0.068066	0.0760764	0.0176873	0.00793549	0.00482487	0.00994744
8	0.0541432	0.0216565	0.0175678	0.0256459	0.0248732	0.0195652	0.0295142	0.0598558	0.0458253	0.258787	0.0488184	0.0272361	0.0122208	0.0270081	0.0367033	0.123868	0.082104	0.0564896	0.00789978	0.0202175
9	0.0425084	0.018677	0.0169121	0.032603	0.0124362	0.0201809	0.0370557	0.0171716	0.168277	0.0401486	0.0207592	0.0351262	0.0249095	0.0819028	0.305723	0.0402406	0.035451	0.0224802	0.0113662	0.0160711
10	0.00338316	0.00193807	0.000839765	0.00094786	0.0333567	0.000588723	0.00133587	0.100069	0.001667	0.743092	0.0379312	0.000736493	0.00335618	0.0014607	0.00554671	0.00160067	0.00168996	0.05855	0.000795661	0.00111415
11	0.0465795	0.0189795	0.0169753	0.0307886	0.0148798	0.0273764	0.131345	0.0196527	0.0759356	0.043351	0.0209504	0.0438023	0.160646	0.0322039	0.0421183	0.162839	0.0551039	0.0281378	0.00797603	0.0203579
12	0.0370475	0.0128611	0.472129	0.0689351	0.00733803	0.0167055	0.0641695	0.00777265	0.0224991	0.00904643	0.00531975	0.116735	0.00689319	0.0327274	0.0247659	0.0430125	0.0195132	0.0209634	0.00201039	0.00955461
13	0.0475906	0.0322526	0.0216729	0.0231294	0.0170702	0.0306513	0.0905375	0.0200147	0.0605595	0.0515384	0.0653967	0.167298	0.0119882	0.0413304	0.0524636	0.149369	0.0496396	0.0356105	0.00569996	0.026187
14	0.0316979	0.00511085	0.00803282	0.0270426	0.00217814	0.0392794	0.0159813	0.00456327	0.0323643	0.0118664	0.0159219	0.0113425	0.547023	0.0075917	0.0573734	0.0999955	0.0614997	0.0136641	0.00523244	0.00223849
15	0.574683	0.0449194	0.00157477	0.00185879	0.00545013	0.0301893	0.00348521	0.014042	0.00261787	0.00902575	0.0139842	0.00428681	0.01669	0.00320462	0.00449007	0.204492	0.029302	0.0192096	0.00548903	0.0110057
16	0.00617952	0.00357064	0.00121728	0.00127072	0.0425781	0.000850814	0.0026467	0.103218	0.0028573	0.707722	0.0396758	0.00137913	0.00369721	0.00249341	0.0062558	0.00279852	0.0028378	0.0608394	0.00127595	0.00663623
17	0.0270747	0.00283482	0.0575475	0.0523494	0.00850266	0.00229388	0.0383444	0.115217	0.119236	0.279365	0.043161	0.0104967	0.010349	0.0714147	0.0411078	0.0265043	0.0303554	0.0531439	0.00113912	0.00956254
18	0.111362	0.00160561	0.150549	0.264706	0.00453244	0.0339653	0.0304883	0.0113503	0.0539496	0.0152843	0.00604509	0.0512898	0.00716477	0.0618359	0.0361233	0.0741507	0.0479311	0.0269346	0.000625919	0.010106
19	0.511699	0.0395548	0.00268416	0.00230438	0.00703955	0.124778	0.00424843	0.0087697	0.00378713	0.0087696	0.0108674	0.00608386	0.0110906	0.0034759	0.00398904	0.190256	0.0224513	0.0241907	0.0045767	0.00938326
20	0.0676745	0.063488	0.00175007	0.00326215	0.0488005	0.0015103	0.0308453	0.182741	0.0179232	0.297227	0.0301146	0.00454839	0.00503129	0.0134726	0.0122271	0.0207349	0.0270956	0.137308	0.0151465	0.0190987
21	0.256748	0.023636	0.00243947	0.00377766	0.0152698	0.0306695	0.00413847	0.025148	0.00476179	0.0162778	0.00829161	0.00351732	0.378699	0.00828586	0.00581663	0.0542622	0.0531519	0.0924232	0.00145211	0.0112342
22	0.00708521	0.0131393	0.00044685	0.00211431	0.00639159	0.00230167	0.0025901	0.402147	0.00414557	0.13124	0.0269777	0.00241916	0.000452047	0.00945883	0.0040526	0.00894861	0.00456744	0.368054	0.00244071	0.00102641
23	0.00703167	0.00937551	0.0109278	0.00549307	0.541496	0.00414589	0.0145882	0.0422984	0.00496081	0.060052	0.0174237	0.0106998	0.00233337	0.00297744	0.00668925	0.0178464	0.00437569	0.0327082	0.0100587	0.194518
24	0.028836	0.0197003	0.000569192	0.00294375	0.0215576	0.00143642	0.003159	0.37403	0.00553574	0.100524	0.0161872	0.0017269	0.0021963	0.00623298	0.00334907	0.0108746	0.019263	0.372106	0.00259495	0.00717718
25	0.0652679	0.0191543	0.000988315	0.00492701	0.0441867	0.000899837	0.0111701	0.212223	0.00901484	0.263336	0.0176687	0.00164814	0.0107975	0.00681135	0.00425032	0.0151136	0.0418738	0.246684	0.00590777	0.0180772
26	0.0422568	0.0111625	0.395661	0.154102	0.00584296	0.0168833	0.0511671	0.00813572	0.0250594	0.0120838	0.00566067	0.0893654	0.00716035	0.042237	0.0231871	0.044513	0.0296516	0.0231886	0.00225087	0.0104313
27	0.0267882	0.00437092	0.0052294	0.0210557	0.00171514	0.0442684	0.0137454	0.00372084	0.0320458	0.0085498	0.0183715	0.00897867	0.555225	0.00398407	0.0622294	0.103933	0.0649085	0.0128597	0.00601001	0.00201127
28	0.116406	0.0270452	0.0235112	0.0887467	0.054292	0.0259955	0.13185	0.0343725	0.0815502	0.0408882	0.0080521	0.0478473	0.0219213	0.0190643	0.043801	0.0260444	0.044676	0.0376394	0.0645996	0.0616974
29	0.0887572	0.0674404	0.00136557	0.00314462	0.0537652	0.00217896	0.0195757	0.188866	0.0215137	0.152894	0.0358237	0.00632851	0.00695694	0.00819464	0.0125978	0.0277965	0.0451319	0.215154	0.0138672	0.0286482
30	0.161076	0.01802	0.0196118	0.0153773	0.0155905	0.332642	0.00860234	0.00628001	0.0300809	0.024874	0.00741465	0.031271	0.0206463	0.0146837	0.0174663	0.194722	0.0376946	0.0316503	0.00280871	0.0094873
31	0.0936572	0.0145559	0.000999568	0.00511119	0.0523853	0.00111847	0.00724611	0.212528	0.01056	0.122026	0.0114285	0.00150644	0.025392	0.00549482	0.00300338	0.0194584	0.0563205	0.326492	0.00472047	0.0259951
32	0.062616	0.0135261	0.0122094	0.0385573	0.00967499	0.010738	0.0395138	0.0356616	0.0531744	0.0862226	0.011734	0.260591	0.0395165	0.0150531	0.0182233	0.132221	0.0552571	0.0918267	0.00391501	0.00976758
33	0.051542	0.010949	0.00755448	0.0143326	0.0585135	0.0368025	0.0139491	0.0118271	0.0604582	0.0570191	0.0446818	0.0151973	0.0605964	0.0218776	0.331141	0.0506484	0.0199957	0.0145165	0.0660166	0.0523813
34	0.0596934	0.114209	0.00513693	0.006199	0.0787581	0.00576586	0.0206098	0.100035	0.0167085	0.127898	0.0804229	0.0431692	0.00553679	0.0268582	0.0158673	0.0218041	0.0668731	0.0755503	0.0581493	0.0707553
35	0.022426	0.0124935	0.0163909	0.0215858	0.00745423	0.0677647	0.0315102	0.00374867	0.201938	0.0151605	0.00974244	0.15991	0.00674397	0.11245	0.241422	0.0237938	0.0181516	0.00577039	0.0174306	0.00411353
36	0.0116567	0.00738202	0.00736774	0.00831883	0.412276	0.0032947	0.0488894	0.0378414	0.00422904	0.0662883	0.0166466	0.0107556	0.00631962	0.00775647	0.0124466	0.0134305	0.0094325	0.0318723	0.0270696	0.256726
37	0.0033718	0.00193482	0.000841179	0.000948502	0.0327905	0.000588943	0.00134176	0.0994876	0.00168733	0.744569	0.038262	0.00073708	0.0033351	0.00145544	0.00559517	0.00160028	0.00165356	0.0578924	0.000792831	0.00111496
38	0.0306174	0.0330948	0.00254268	0.00336057	0.0296055	0.00147313	0.0207386	0.161378	0.00928994	0.465755	0.043453	0.00247351	0.00681305	0.0126963	0.00768659	0.0117085	0.0124131	0.123515	0.00971353	0.011671
39	0.0174853	0.00689132	0.11718	0.45424	0.00206891	0.013663	0.023018	0.00905252	0.0528058	0.00706715	0.00961537	0.0245113	0.00215668	0.118902	0.0266047	0.0423453	0.0581311	0.00738745	0.00399328	0.00288015
40	0.0972244	0.152129	0.010445	0.00351184	0.00419488	0.00436817	0.00431976	0.00557877	0.00459438	0.00709919	0.00635339	0.0143079	0.00980881	0.00436339	0.0044408	0.620677	0.0264201	0.00634941	0.00140416	0.01241
41	0.00791584	0.00693166	0.000891998	0.00163759	0.0247683	0.00111223	0.00303829	0.190245	0.00318694	0.554166	0.035861	0.0012913	0.00333883	0.0041767	0.00506321	0.00477787	0.00434065	0.142315	0.00232883	0.00261272
42	0.100603	0.0133695	0.0475419	0.146773	0.00315054	0.0284737	0.0256861	0.0233747	0.148108	0.0326426	0.0121443	0.0374094	0.00719514	0.112175	0.115249	0.0674741	0.0482204	0.0231561	0.00109897	0.00615527
43	0.0553269	0.00893745	0.427042	0.11513	0.00518383	0.0167045	0.0493186	0.00780655	0.0251929	0.0112463	0.00445919	0.104976	0.00662207	0.0355957	0.0201882	0.0477278	0.0275182	0.0226147	0.000956497	0.00745273
44	0.0043254	0.00328537	0.000851589	0.00114335	0.0291054	0.000767416	0.0017351	0.138371	0.00200273	0.671127	0.0375335	0.000901842	0.00314579	0.00228652	0.00508384	0.00275425	0.0022598	0.0908321	0.00111526	0.00137234
45	0.0390333	0.00979265	0.372981	0.0452636	0.00718847	0.0329669	0.059605	0.00436461	0.0242751	0.00523885	0.00263679	0.170612	0.00564188	0.0613168	0.0455234	0.0775057	0.0154368	0.0100423	0.00179826	0.00877628
46	0.128275	0.0342154	0.0417561	0.0783167	0.0128351	0.0494645	0.00975034	0.0170568	0.0919771	0.0365977	0.0119922	0.0584519	0.013529	0.0455355	0.0787047	0.15631	0.0867669	0.0339399	0.000942111	0.0135834
47	0.0210654	0.0132463	0.0251866	0.00676502	0.00344824	0.0190306	0.0237982	0.00559081	0.0308279	0.00666423	0.00491737	0.290399	0.00312636	0.115145	0.0726568	0.304334	0.0324633	0.00713162	0.00168494	0.0125184
48	0.00338316	0.00193807	0.000839765	0.00094786	0.0333567	0.000588723	0.00133587	0.100069	0.001667	0.743092	0.0379312	0.000736493	0.00335618	0.0014607	0.00554671	0.00160067	0.00168996	0.05855	0.000795661	0.00111415
49	0.0119405	0.0254732	0.00390234	0.0294383	0.00116605	0.00502303	0.0491151	0.00225573	0.238191	0.0202914	0.0106887	0.0101402	0.0014292	0.165763	0.382276	0.0123195	0.0189696	0.00844025	0.001898	0.00127862
50	0.0375987	0.00400522	0.0177598	0.00982859	0.00510802	0.0480383	0.0135884	0.00879137	0.0472107	0.0670757	0.00402022	0.0431209	0.00624428	0.0136425	0.0397819	0.236563	0.385259	0.00700241	0.00146891	0.00389134
51	0.0125615	0.0289471	0.00412927	0.0281296	0.00146811	0.00541149	0.048652	0.00237345	0.234035	0.0204338	0.0109435	0.0114001	0.00179906	0.161783	0.383147	0.0137164	0.0186781	0.00814242	0.0026879	0.00156162
52	0.00920442	0.00437774	0.00369798	0.00296873	0.0310949	0.00188315	0.00613573	0.0973383	0.00822781	0.685433	0.0461512	0.00313409	0.00510209	0.00516802	0.00912362	0.00664766	0.0077785	0.0598428	0.00165393	0.00503596
53	0.0142165	0.00551759	0.00525528	0.00581409	0.355267	0.00535185	0.0381698	0.0701908	0.00480296	0.103421	0.00961652	0.0187671	0.00737428	0.00974536	0.0114921	0.0110976	0.0078509	0.0407185	0.0141912	0.261139
54	0.0075138	0.0136173	0.000455146	0.00190636	0.00696446	0.00220551	0.00253734	0.403898	0.00399344	0.130573	0.0267637	0.00244969	0.000425727	0.00931295	0.0038726	0.00886527	0.00467946	0.366498	0.00239206	0.00107621
55	0.0905834	0.0151003	0.000838596	0.00528354	0.0542526	0.00111802	0.00743807	0.218203	0.00994215	0.125029	0.0104431	0.00153142	0.0212957	0.00510322	0.00299007	0.0181476	0.0559041	0.326644	0.00475687	0.0253958
56	0.0113081	0.0254631	0.00399321	0.0296008	0.0011375	0.00457034	0.0495069	0.00221681	0.240507	0.0208881	0.0109721	0.00988127	0.00134574	0.167847	0.378324	0.0119827	0.0191826	0.00827144	0.00174455	0.00125622
57	0.198026	0.0170085	0.00751912	0.00556862	0.0105264	0.494922	0.00686216	0.00473171	0.0156033	0.0100865	0.00863246	0.0156057	0.00913512	0.00712516	0.00763655	0.140249	0.0141386	0.0195406	0.00236858	0.00471457
58	0.094998	0.00125178	0.155193	0.272461	0.00455219	0.0333768	0.0282857	0.0117674	0.0558556	0.0160208	0.00617844	0.0551104	0.00759807	0.0660199	0.0341658	0.0766725	0.0464415	0.0261706	0.000480202	0.00740025
59	0.0643889	0.0134048	0.00173682	0.0205461	0.0261306	0.00187745	0.00719825	0.214783	0.0115461	0.0699875	0.00854022	0.00143623	0.00617966	0.0143257	0.0035584	0.0177981	0.0549226	0.444902	0.00338144	0.0133561
60	0.00338316	0.00193807	0.000839765	0.00094786	0.0333567	0.000588723	0.00133587	0.100069	0.001667	0.743092	0.0379312	0.000736493	0.00335618	0.0014607	0.00554671	0.00160067	0.00168996	0.05855	0.000795661	0.00111415
61	0.0862431	0.0175677	0.0303	0.0975811	0.00667054	0.0450502	0.0178025	0.0193584	0.14599	0.0273298	0.0126563	0.0333289	0.0684165	0.0762518	0.11091	0.0873753	0.0768541	0.0313095	0.00228153	0.00672219
62	0.10238	0.0159673	0.0433527	0.136471	0.00328816	0.0292049	0.0257962	0.0246743	0.148069	0.0347391	0.0134539	0.0371468	0.00674319	0.104959	0.129103	0.0661267	0.0465158	0.0241039	0.001618	0.0062867
63	0.0697135	0.0602222	0.0015495	0.00346796	0.0504938	0.00139857	0.0292468	0.18679	0.0177056	0.279433	0.0271808	0.00444403	0.0053419	0.0120116	0.0110399	0.0200733	0.030636	0.153641	0.0146233	0.0209868
64	0.0579016	0.0787727	0.00225916	0.00345258	0.0658102	0.0019664	0.0354701	0.17423	0.022637	0.244054	0.0352779	0.00957757	0.00487469	0.011796	0.0129638	0.0207771	0.0323079	0.126777	0.0329551	0.0261399
65	0.0755127	0.00763607	0.038725	0.130899	0.00446687	0.0209761	0.0239892	0.0196687	0.202753	0.0270042	0.00903721	0.0345301	0.0161379	0.12964	0.113448	0.0557984	0.0568166	0.0273868	0.000625849	0.00494895
66	0.0649801	0.00922276	0.0485823	0.195549	0.00365799	0.0182286	0.0202707	0.0186461	0.193504	0.0223102	0.00789389	0.0301695	0.0120245	0.131991	0.0979542	0.0436811	0.0498296	0.0253605	0.000941957	0.00520184
67	0.0457255	0.0451319	0.00601682	0.0143719	0.07098	0.0080971	0.0505418	0.106476	0.0397321	0.137064	0.0285367	0.0336224	0.007748	0.0163297	0.0387738	0.0231771	0.0494283	0.078629	0.136726	0.0628919
68	0.0085263	0.00966535	0.0387612	0.0431683	0.00940495	0.167636	0.0259293	0.00213243	0.215477	0.0110975	0.0169169	0.216823	0.00976134	0.0619122	0.0807857	0.0419842	0.0326214	0.00254227	0.00297564	0.00187944
69	0.0485947	0.020972	0.000685707	0.00627879	0.0251187	0.0014624	0.00510257	0.318538	0.00804295	0.0855258	0.00877253	0.00131373	0.00467178	0.00653649	0.00366818	0.0158757	0.0376849	0.384387	0.00336728	0.0134006
70	0.0355271	0.00168417	0.0192197	0.00962307	0.00200136	0.0316084	0.0132966	0.00757696	0.0526692	0.0535322	0.00153094	0.048694	0.00534026	0.014079	0.0444431	0.232301	0.421567	0.00270441	0.000586901	0.00201468
71	0.072471	0.0185063	0.0218265	0.0380373	0.0334694	0.00487289	0.111094	0.00313554	0.199903	0.0547227	0.036719	0.0530453	0.00166506	0.0705327	0.185578	0.0412223	0.0385034	0.00713159	0.00425276	0.00331105
72	0.00338316	0.00193807	0.000839765	0.00094786	0.0333567	0.000588723	0.00133587	0.100069	0.001667	0.743092	0.0379312	0.000736493	0.00335618	0.0014607	0.00554671	0.00160067	0.00168996	0.05855	0.000795661	0.00111415
73	0.107689	0.128448	0.00413548	0.00509575	0.0469982	0.00589217	0.0080689	0.0235613	0.00845726	0.0211467	0.032283	0.0263013	0.00391796	0.00572724	0.0105946	0.263049	0.249244	0.0212574	0.00217085	0.0259621
74	0.00807853	0.00665113	0.00628968	0.0044194	0.467922	0.00452916	0.0267399	0.0546251	0.00401282	0.0777223	0.0108151	0.0147175	0.00354547	0.0050686	0.00748227	0.0120492	0.00518408	0.0314573	0.0161483	0.232542
75	0.0417394	0.0065829	0.117249	0.356794	0.00285226	0.0171593	0.02394	0.0166117	0.0756517	0.0142641	0.0096991	0.0315549	0.00429635	0.115725	0.0408865	0.0494063	0.0544765	0.014446	0.00258817	0.00407735
76	0.147063	0.0245654	0.00582131	0.0434791	0.0685617	0.0197613	0.115455	0.0534878	0.0381178	0.0512684	0.0049829	0.0122601	0.00624237	0.0550926	0.0707897	0.0607837	0.0391252	0.0725036	0.00502335	0.105616
77	0.0814322	0.00430604	0.203116	0.256788	0.00950533	0.0254013	0.0272827	0.0127181	0.0434799	0.0223749	0.00763189	0.0534876	0.00766568	0.0539645	0.0281447	0.0760567	0.0413413	0.0343449	0.00145199	0.00950657
78	0.0427721	0.0772587	0.00745723	0.0312307	0.00762745	0.0064121	0.012137	0.124209	0.0354021	0.0156412	0.0652252	0.0104044	0.128553	0.0733358	0.0122249	0.148318	0.122929	0.0418829	0.00377519	0.0332049
79	0.0886306	0.00565528	0.115596	0.337047	0.00442354	0.0270785	0.0233328	0.0136888	0.0550607	0.0210393	0.00767707	0.0434573	0.0065817	0.0587189	0.0405971	0.0695763	0.0479985	0.024533	0.00278562	0.00652178
80	0.0917347	0.011123	0.0285354	0.0884171	0.0116135	0.0193223	0.043834	0.0230534	0.109107	0.0499491	0.0144433	0.0263918	0.175523	0.0782836	0.0613847	0.0563903	0.0477004	0.046645	0.00419226	0.0123566
81	0.0238338	0.00494376	0.00442469	0.0186354	0.181398	0.00214331	0.117708	0.0297496	0.00301967	0.0666348	0.0113647	0.0088604	0.0244689	0.0172468	0.0311308	0.00748475	0.0163654	0.0327768	0.0458173	0.351993
82	0.247569	0.00767301	0.00426265	0.00393585	0.0520015	0.119696	0.0451708	0.00587573	0.00690956	0.0160599	0.013564	0.0201883	0.0261135	0.0283059	0.00669898	0.213041	0.0371199	0.0570909	0.0301911	0.0585318
83	0.0047683	0.00897396	0.00686718	0.0342059	0.00192471	0.00767657	0.0247435	0.0401369	0.365034	0.076906	0.013173	0.0155618	0.00773606	0.0853943	0.2072	0.00491675	0.0292484	0.0622072	0.0013897	0.00193633
84	0.0637072	0.00314029	0.00260021	0.00815932	0.0313905	0.0130389	0.0519727	0.0152705	0.0405715	0.314982	0.131076	0.046616	0.00258781	0.0265416	0.0240568	0.0600308	0.0657155	0.0427828	0.00156615	0.0541941
85	0.0397974	0.0113572	0.180504	0.0587617	0.0143543	0.208276	0.0314759	0.00224932	0.0259819	0.00293737	0.00219177	0.211516	0.00652729	0.0330725	0.0757205	0.0727269	0.00798536	0.00272116	0.00634551	0.00549765
86	0.0221861	0.0188273	0.000563546	0.0026284	0.0174667	0.00154889	0.00284335	0.390901	0.00515244	0.103748	0.0183994	0.00180314	0.00139562	0.00672416	0.00345128	0.010225	0.0140769	0.370603	0.00233817	0.0051167
87	0.0165469	0.00674863	0.116336	0.430814	0.00208281	0.0127322	0.0234127	0.00940215	0.0600635	0.00686154	0.010241	0.0261262	0.00252112	0.127145	0.0278401	0.0445313	0.0629128	0.00740313	0.00350792	0.00277129
88	0.0754076	0.050562	0.00121736	0.0047493	0.0500818	0.00147052	0.0150296	0.201615	0.0116097	0.108468	0.0241107	0.00538528	0.0095248	0.006596	0.00590091	0.0221785	0.0671677	0.290687	0.0158493	0.0323885
89	0.066272	0.00327161	0.0142934	0.0723246	0.0350223	0.00251031	0.0534638	0.110135	0.00583149	0.11465	0.0504045	0.00382314	0.00287978	0.0671473	0.0235825	0.00700042	0.110032	0.210959	0.00129277	0.0451045
90	0.08203	0.0181781	0.0111245	0.0489617	0.0631163	0.0145651	0.262832	0.0249225	0.0362485	0.061856	0.0127053	0.056916	0.0150505	0.0255406	0.0354065	0.0612868	0.033298	0.0333865	0.0113829	0.0911925
91	0.0993668	0.0889549	0.0110451	0.0139937	0.040035	0.0186188	0.0105933	0.018868	0.0249469	0.0402745	0.0240567	0.0453849	0.0071633	0.0115688	0.0226205	0.214713	0.258791	0.0260254	0.00259796	0.0203819
92	0.00907775	0.00493932	0.0017531	0.00212666	0.0293939	0.000859835	0.00436202	0.121946	0.00437718	0.674275	0.0435606	0.00128836	0.00372458	0.00378491	0.00609059	0.00383441	0.00451262	0.0742838	0.0023226	0.00348684
93	0.0118652	0.00618933	0.00441224	0.0148715	0.196534	0.0011927	0.132541	0.00815234	0.0019302	0.0580447	0.0151223	0.00395699	0.0125291	0.0140776	0.0250137	0.00705619	0.0188346	0.0289252	0.0723729	0.366379
94	0.035708	0.00891611	0.497528	0.0428741	0.00721666	0.0214453	0.0642952	0.00399035	0.0158469	0.00453481	0.00182871	0.160425	0.00718329	0.0285993	0.0267588	0.0435425	0.0116075	0.0118805	0.0012023	0.00461682
95	0.0388229	0.0123748	0.176844	0.0583284	0.0135232	0.202162	0.0340605	0.00225168	0.028679	0.00280194	0.00201691	0.208117	0.00685739	0.0363436	0.0766524	0.07681	0.00835162	0.00270227	0.00553133	0.00676909
96	0.0342017	0.0119213	0.176592	0.0522022	0.0122921	0.197439	0.0408056	0.00264834	0.0339217	0.00367786	0.00264142	0.21834	0.00638659	0.0390861	0.069933	0.0706597	0.00908629	0.00358182	0.00501002	0.00957331
97	0.0740659	0.00744964	0.037817	0.127908	0.00458832	0.0202555	0.0238686	0.0198953	0.206873	0.0268285	0.00887141	0.0344727	0.0175458	0.12902	0.113062	0.0554532	0.0584496	0.0281103	0.000617046	0.00484709
98	0.261616	0.0214687	0.002468	0.00313338	0.0162923	0.028989	0.00381558	0.0257808	0.00384142	0.0170671	0.00773898	0.00331017	0.384038	0.00839233	0.00429122	0.0509989	0.0521912	0.0913376	0.00134589	0.011883
99	0.0772767	0.0202004	0.00484404	0.00922655	0.0392478	0.00330971	0.0147291	0.192886	0.016432	0.183745	0.0232127	0.00439783	0.0595433	0.0118402	0.00966848	0.0240327	0.0538573	0.222174	0.00770275	0.0216731
100	0.0547173	0.00370868	0.0030612	0.00934275	0.0314868	0.0113508	0.0553626	0.0144886	0.0492588	0.311341	0.13881	0.038816	0.00311604	0.023532	0.0233801	0.0647463	0.0722219	0.0437641	0.00170423	0.0457904
101	0.0415918	0.0052414	0.0207575	0.0092745	0.00409914	0.027516	0.0116401	0.010733	0.0483075	0.0566658	0.00275778	0.0454949	0.00534453	0.012759	0.0397999	0.222761	0.42705	0.00418088	0.000797493	0.0032282
102	0.0102329	0.00538702	0.011373	0.00407113	0.472625	0.00275514	0.00676199	0.0356917	0.0144853	0.108004	0.100542	0.0104628	0.00650293	0.00415778	0.0166366	0.0126127	0.00873347	0.0316264	0.00381889	0.133519
103	0.0789476	0.00869369	0.0393155	0.129617	0.00428856	0.0230995	0.0237936	0.0204153	0.195915	0.0282826	0.00950527	0.0350331	0.0146113	0.1267	0.113052	0.0591155	0.0566893	0.0270917	0.00067585	0.00515782
104	0.100015	0.0134981	0.0372573	0.101285	0.01215	0.0196953	0.0406392	0.0161666	0.175822	0.044541	0.0240849	0.0457291	0.00675145	0.0947696	0.129545	0.0660215	0.0473101	0.0181109	0.00197907	0.00462992
105	0.00919462	0.0024744	0.0057654	0.00256863	0.468569	0.00236154	0.00392235	0.0285634	0.0116353	0.144677	0.137254	0.0100437	0.00881989	0.00319042	0.0118046	0.00837451	0.0104275	0.0340643	0.0017334	0.0945561
106	0.0369317	0.00173542	0.0197432	0.00992216	0.00214547	0.0306745	0.0126012	0.00772694	0.0527489	0.0557746	0.00159045	0.0467983	0.00515093	0.0140376	0.0435966	0.235523	0.417584	0.00282513	0.000663848	0.00222611
107	0.0200639	0.0289244	0.0142002	0.0141688	0.0103858	0.00287337	0.010487	0.0811183	0.00553584	0.544242	0.0592121	0.00387883	0.0397078	0.00748803	0.00598336	0.0112909	0.00977088	0.0924312	0.0174898	0.0207469
108	0.099429	0.00369751	0.132963	0.262353	0.00416142	0.0320023	0.0281497	0.0139528	0.0648109	0.0195834	0.00731782	0.0520316	0.00676841	0.070039	0.0434766	0.0781039	0.0474714	0.0259659	0.00057409	0.00714856
109	0.0371466	0.00759979	0.382675	0.267829	0.0039731	0.00656136	0.0253415	0.00548117	0.0102709	0.0153486	0.00866684	0.0214334	0.010648	0.0349627	0.0151628	0.0431138	0.0407467	0.0419022	0.00310272	0.0180342
110	0.00915558	0.00423052	0.00720377	0.00308766	0.480289	0.00350126	0.00914525	0.0455475	0.00956788	0.119361	0.0770374	0.0148336	0.00541777	0.00312743	0.0100911	0.0139049	0.00772133	0.0364447	0.00510679	0.135226
111	0.200398	0.0166602	0.00964612	0.00798395	0.0105828	0.494191	0.0062203	0.00421015	0.0140068	0.00848782	0.00826754	0.0152945	0.00904869	0.00728556	0.00790203	0.141683	0.0127836	0.0189062	0.00220524	0.00423689
112	0.154359	0.0167431	0.0232485	0.019073	0.0115147	0.442678	0.0112282	0.0090704	0.0277298	0.0175492	0.0126297	0.0346225	0.0122511	0.0149364	0.0184947	0.12278	0.0197363	0.021742	0.00365305	0.0059608
113	0.0478508	0.0102697	0.110118	0.372277	0.00527791	0.0182088	0.022924	0.0212362	0.06123	0.0250964	0.0140575	0.0291266	0.0077549	0.0760163	0.0401743	0.0489715	0.0483588	0.0278107	0.00546533	0.00777522
114	0.0352147	0.00167032	0.0191476	0.00981542	0.00201458	0.0316442	0.0132106	0.00750273	0.0522522	0.0535058	0.00156167	0.0482766	0.00538152	0.0142518	0.0439611	0.233741	0.421473	0.00271817	0.000586949	0.00206954
115	0.0946848	0.011933	0.0458706	0.15538	0.00494081	0.023805	0.0262246	0.0304973	0.153508	0.0346095	0.0114147	0.0385897	0.00887937	0.109728	0.10513	0.055911	0.0469554	0.0319889	0.00115077	0.00879936
116	0.210473	0.0173572	0.00447097	0.00221642	0.00828423	0.521948	0.00311497	0.00306305	0.0101418	0.00751415	0.00821253	0.0108373	0.00512047	0.00363237	0.00304424	0.152055	0.0100114	0.015036	0.0012028	0.00226397
117	0.0311685	0.011891	0.00618615	0.00651063	0.0185903	0.00532128	0.00844837	0.115237	0.056797	0.458171	0.0843496	0.00614536	0.00402476	0.0274825	0.0600578	0.00925342	0.0181987	0.067273	0.00144035	0.00345332
118	0.101854	0.0154054	0.043849	0.137546	0.0031524	0.0292831	0.0250521	0.0239309	0.151101	0.0335406	0.0128493	0.0369929	0.00702571	0.108999	0.121381	0.0682153	0.049215	0.0229402	0.00133677	0.00632909
119	0.109043	0.0416148	0.00562808	0.00925512	0.0159226	0.0122204	0.0234902	0.0679962	0.0678333	0.204958	0.134028	0.00633682	0.00390357	0.0861607	0.0955062	0.0109885	0.0120634	0.0839898	0.00264266	0.0064186
120	0.00765764	0.00510238	0.00293221	0.00356479	0.0226177	0.00284813	0.02174	0.0773986	0.00533087	0.413567	0.322986	0.00450366	0.00921468	0.0304667	0.00687354	0.0100637	0.00932942	0.0307512	0.00357004	0.00948136
121	0.0954952	0.001259	0.153104	0.27249	0.00450206	0.033363	0.0287759	0.0117381	0.056336	0.0161463	0.00611165	0.05479	0.0075181	0.0670175	0.0349387	0.0766886	0.0459452	0.0259179	0.000480694	0.0073825
122	0.0676356	0.00713139	0.0402287	0.121612	0.00673301	0.0169093	0.0247156	0.0160592	0.180175	0.0295912	0.00784248	0.0348731	0.0389727	0.124679	0.0994574	0.0597885	0.0841285	0.033419	0.000825613	0.00522301
123	0.132656	0.0296504	0.0465721	0.0840292	0.0107269	0.0477946	0.0115881	0.0192134	0.100265	0.0381065	0.0116384	0.0546308	0.0133777	0.0544558	0.0785302	0.141866	0.080189	0.032293	0.00102014	0.0113969
124	0.0405062	0.00984614	0.00659294	0.0304892	0.175951	0.0107324	0.0602043	0.0122502	0.0155356	0.0617396	0.0249408	0.00957378	0.0198371	0.0395534	0.11901	0.0173813	0.0151057	0.021532	0.12066	0.188559
125	0.0416853	0.0224233	0.00939226	0.0967949	0.0118077	0.0149544	0.0103644	0.243627	0.0463883	0.0586795	0.0158329	0.00842701	0.00381831	0.0413925	0.0404316	0.023107	0.0313339	0.273758	0.00197979	0.00380267
126	0.151905	0.0539723	0.0269568	0.0751528	0.0130971	0.0565998	0.0151291	0.0125166	0.0664027	0.0273867	0.010918	0.0651782	0.0109228	0.0293246	0.0697609	0.174224	0.0824915	0.044416	0.0013653	0.0122792
127	0.00785468	0.0198179	0.0387966	0.0399617	0.00650454	0.149818	0.0376593	0.00426424	0.177782	0.0170963	0.0206524	0.18447	0.00661047	0.0423434	0.0414036	0.132474	0.0619173	0.00496117	0.00201146	0.00360182
128	0.00711829	0.0102644	0.0129064	0.00617646	0.532645	0.00418387	0.0146414	0.0423062	0.0056936	0.0595842	0.0191875	0.0107173	0.0024544	0.00307596	0.00720924	0.0209259	0.00491201	0.033472	0.00966328	0.192863
129	0.115579	0.0286987	0.0355452	0.103292	0.0163993	0.0454549	0.0148091	0.0226576	0.105471	0.0365653	0.0104596	0.0436344	0.0115259	0.0745709	0.0749808	0.12576	0.0781715	0.0337986	0.00121661	0.0214094
130	0.012986	0.0147387	0.00641428	0.0337608	0.00327531	0.00546186	0.0437154	0.0167211	0.350628	0.0509354	0.0196065	0.0132233	0.00404268	0.120313	0.235909	0.0117148	0.0261744	0.0270376	0.00172572	0.00161606
131	0.0196599	0.0037412	0.00713191	0.0130741	0.00214422	0.0230461	0.00991526	0.00243848	0.0223576	0.00897235	0.0115972	0.0143083	0.63818	0.00550843	0.0414545	0.101321	0.0592332	0.0101241	0.0038236	0.00196769
132	0.0234961	0.0136675	0.0400516	0.0467421	0.0121084	0.0885301	0.020095	0.00612488	0.273008	0.0112984	0.0112322	0.180312	0.0157718	0.0940339	0.0786845	0.0312081	0.0367498	0.00875651	0.00536292	0.00276592
133	0.0664636	0.0125046	0.0730757	0.0445046	0.0104567	0.0151869	0.0172149	0.0155512	0.0935724	0.0265778	0.0127318	0.0238437	0.14217	0.0903003	0.0665739	0.0512642	0.198685	0.025993	0.00406564	0.00926384
134	0.0761014	0.00701441	0.0281529	0.0159187	0.00702054	0.0249623	0.0102391	0.0164448	0.0658895	0.0650602	0.00486465	0.0421341	0.0103997	0.0162411	0.044678	0.195698	0.35127	0.0117276	0.00101507	0.00516826
135	0.279841	0.0102185	0.00399701	0.00464278	0.0243189	0.0735751	0.0412563	0.0142811	0.00943214	0.0138088	0.0105813	0.0110148	0.0117885	0.0490043	0.0102495	0.169787	0.0786821	0.152214	0.00732903	0.023978
136	0.0105829	0.00595474	0.0025618	0.00394876	0.0287335	0.00227882	0.00765778	0.102043	0.00697657	0.61408	0.0906703	0.00331584	0.00692493	0.00930585	0.00891364	0.00769206	0.00849767	0.0693435	0.00272915	0.00778858
137	0.203033	0.0170501	0.00501725	0.00223579	0.00982985	0.509227	0.00426768	0.00332218	0.0105858	0.00896632	0.00844318	0.0118769	0.00609779	0.00418928	0.00375459	0.158133	0.0118624	0.0165043	0.00195828	0.0036454
138	0.321124	0.0235671	0.00394637	0.00667191	0.01168	0.0291529	0.00893856	0.0196511	0.00941555	0.0159832	0.0266585	0.00637911	0.303508	0.00958405	0.0114222	0.0875432	0.039398	0.0504222	0.0036198	0.0113346
139	0.0405447	0.00681781	0.00507288	0.0178937	0.174445	0.00279788	0.152547	0.0157914	0.00461584	0.0557245	0.0121577	0.0104963	0.0155118	0.0161378	0.0271925	0.0148793	0.0204425	0.0301193	0.049439	0.327373
140	0.00338316	0.00193807	0.000839765	0.00094786	0.0333567	0.000588723	0.00133587	0.100069	0.001667	0.743092	0.0379312	0.000736493	0.00335618	0.0014607	0.00554671	0.00160067	0.00168996	0.05855	0.000795661	0.00111415
141	0.0747684	0.0154358	0.0144603	0.0262685	0.0321173	0.0200884	0.0137838	0.0122736	0.106968	0.0336228	0.0147694	0.0294377	0.00882454	0.0176949	0.104831	0.193	0.222345	0.0238477	0.00334705	0.0321157
142	0.0123789	0.00595149	0.00457883	0.0149148	0.218431	0.00120523	0.125816	0.0103085	0.00241416	0.0625334	0.0171721	0.00494625	0.0126526	0.014194	0.0252977	0.00714743	0.0186735	0.0295981	0.065448	0.346338
143	0.162709	0.0151978	0.0204974	0.0173759	0.0115499	0.455351	0.0103733	0.00578739	0.0291383	0.0110824	0.00875147	0.0322781	0.0152679	0.013383	0.0178251	0.127607	0.0178401	0.0188231	0.00360308	0.00555893
144	0.176412	0.129119	0.00779848	0.00841048	0.0228938	0.0188823	0.00836375	0.018932	0.0136182	0.0182229	0.0224438	0.0250365	0.00983693	0.00923801	0.014343	0.318708	0.130524	0.0258528	0.00318934	0.0181758
145	0.00338316	0.00193807	0.000839765	0.00094786	0.0333567	0.000588723	0.00133587	0.100069	0.001667	0.743092	0.0379312	0.000736493	0.00335618	0.0014607	0.00554671	0.00160067	0.00168996	0.05855	0.000795661	0.00111415
146	0.108581	0.069371	0.0191801	0.0159769	0.0141566	0.0417859	0.0193927	0.0150631	0.026267	0.0237672	0.0137192	0.0422835	0.0253711	0.0207819	0.0252362	0.410237	0.0604097	0.0246442	0.00641767	0.0173581
147	0.253201	0.0475419	0.00255021	0.00381872	0.00982362	0.0180625	0.0083897	0.0324038	0.00537716	0.0152524	0.00913019	0.00815665	0.219661	0.00960254	0.00562861	0.0689034	0.0715587	0.197776	0.00206985	0.0110914
148	0.0129008	0.027139	0.00441331	0.0285598	0.00169901	0.00503782	0.0509688	0.00259878	0.235052	0.0213042	0.0113195	0.011901	0.00191866	0.162462	0.376675	0.0136179	0.0197751	0.00872804	0.00225311	0.00167681
149	0.0335384	0.0043494	0.00369026	0.0310653	0.0134596	0.0067819	0.0430693	0.0121385	0.0931787	0.199369	0.0995712	0.0354108	0.00287525	0.0239821	0.0653184	0.0489557	0.170224	0.0553756	0.00207694	0.05557
150	0.0130214	0.00400107	0.00624766	0.00288639	0.453218	0.00310651	0.0090695	0.0412973	0.0134281	0.134286	0.090701	0.0154262	0.00610793	0.00412011	0.0113249	0.0108949	0.0100026	0.0368476	0.00525784	0.128755
151	0.0118652	0.00618933	0.00441224	0.0148715	0.196534	0.0011927	0.132541	0.00815234	0.0019302	0.0580447	0.0151223	0.00395699	0.0125291	0.0140776	0.0250137	0.00705619	0.0188346	0.0289252	0.0723729	0.366379
152	0.0965373	0.0176189	0.0420309	0.135118	0.00354611	0.0299944	0.0255371	0.0227171	0.153504	0.031544	0.0120221	0.036463	0.00752441	0.108345	0.12692	0.0689347	0.049222	0.0228136	0.00134739	0.00826031
153	0.00932594	0.0140064	0.000445458	0.0019367	0.00912146	0.00197861	0.00247736	0.409013	0.00432761	0.125604	0.0248228	0.00220858	0.000427821	0.00827191	0.00380262	0.00912823	0.00555407	0.363677	0.00226104	0.0016092
154	0.0826866	0.0202566	0.0129725	0.025148	0.0145212	0.0147199	0.086366	0.0065708	0.135272	0.0616596	0.0451002	0.0552503	0.00259177	0.0719743	0.160821	0.0789351	0.08941	0.0174125	0.0123838	0.00594812
155	0.094851	0.00126054	0.155164	0.272786	0.00455307	0.0333208	0.0282588	0.0117615	0.0558672	0.0160261	0.00620726	0.0551111	0.00757529	0.0660651	0.0341629	0.0766102	0.0464675	0.0260968	0.000476617	0.00737805
156	0.0825363	0.0197313	0.00225051	0.013369	0.0458647	0.00116006	0.0185859	0.221567	0.0121156	0.162171	0.0150003	0.00194296	0.0129798	0.0117922	0.00575662	0.0168843	0.0606971	0.262639	0.00628246	0.0266735
157	0.0286565	0.00547381	0.00428309	0.0118371	0.245138	0.00422344	0.0726908	0.0492793	0.0052735	0.0919823	0.0115718	0.0186084	0.0133745	0.0226749	0.0263063	0.0100163	0.0140172	0.03296	0.0287039	0.302929
158	0.123316	0.0191139	0.0380323	0.0542428	0.0145073	0.0278396	0.0068662	0.0140617	0.125562	0.050835	0.00946133	0.0609103	0.039571	0.0504424	0.0542599	0.159255	0.0975659	0.0466721	0.000555899	0.00692948
159	0.0258208	0.00379153	0.00541641	0.0188622	0.0017835	0.0424552	0.0134788	0.00303042	0.0297847	0.00830238	0.0180622	0.00921733	0.568641	0.00392409	0.0580682	0.105621	0.0633757	0.0121823	0.00628046	0.00190161
160	0.0329259	0.00459875	0.00541758	0.0197198	0.00325212	0.0498292	0.0170036	0.00451468	0.0333222	0.00946287	0.0214254	0.00999203	0.51829	0.00471642	0.0596299	0.111483	0.0641122	0.0169697	0.00955172	0.00378203
161	0.0663038	0.00354507	0.0135302	0.0718102	0.0326821	0.00273909	0.0522588	0.103359	0.00609819	0.113137	0.0527975	0.00416317	0.00325583	0.0709102	0.0229681	0.00735899	0.110133	0.21771	0.00127331	0.0439668
162	0.152718	0.0126154	0.00499742	0.00986754	0.0486052	0.0709418	0.0880212	0.0163417	0.0130608	0.024115	0.0146373	0.0225113	0.0116065	0.0268298	0.0209123	0.223239	0.0997608	0.0734758	0.00860253	0.0571406
163	0.00455696	0.00443782	0.000908056	0.00129387	0.0257972	0.000881472	0.00206746	0.170688	0.00205255	0.609958	0.0360682	0.00101327	0.00303809	0.00302294	0.00451954	0.00378834	0.00250589	0.120237	0.00153099	0.00163426
164	0.0147839	0.0134307	0.00503203	0.00641401	0.0106723	0.00333348	0.0326244	0.176749	0.00691577	0.302124	0.201351	0.00627417	0.0126652	0.0135503	0.00696292	0.0236823	0.0142147	0.087202	0.0202964	0.0417215
165	0.0417351	0.0210455	0.00936431	0.023366	0.126462	0.0151547	0.0390565	0.0209565	0.0358213	0.0631065	0.0588479	0.018831	0.0201597	0.0595624	0.132411	0.0277487	0.0239913	0.0258547	0.137671	0.098854
166	0.0559798	0.0133982	0.0157107	0.0436612	0.010801	0.01547	0.0310466	0.0199646	0.208322	0.056865	0.0219505	0.034366	0.0143031	0.0699575	0.238122	0.0612769	0.0502143	0.0212034	0.00829376	0.00909367
167	0.0306729	0.00884468	0.37645	0.318598	0.003457	0.00465441	0.0268186	0.00493692	0.006767	0.0139437	0.00755398	0.0281909	0.00773579	0.0287487	0.0121661	0.0346433	0.0315537	0.0361346	0.00366335	0.0144669
168	0.0103369	0.00425748	0.00619543	0.00325547	0.45753	0.00258724	0.0114446	0.0303742	0.0113476	0.1352	0.109445	0.0111298	0.00720032	0.00424718	0.0119902	0.0103833	0.0137276	0.0334761	0.00554148	0.12033
169	0.118948	0.014178	0.00841405	0.0135581	0.187038	0.0143771	0.0438663	0.0237155	0.0143699	0.0379562	0.0136266	0.0474346	0.0106024	0.0188704	0.0229112	0.0628251	0.0542353	0.0301388	0.0147459	0.248189
170	0.017615	0.00671529	0.00460719	0.014752	0.19211	0.00188492	0.133311	0.0115072	0.00281792	0.059654	0.0141924	0.00572009	0.0126512	0.0140029	0.0248908	0.0126527	0.0245692	0.033185	0.063242	0.34992
171	0.0882096	0.120261	0.00228951	0.00331415	0.0623775	0.00333442	0.0292754	0.122784	0.0162121	0.159296	0.042123	0.0150762	0.00442806	0.0103292	0.0118228	0.0468243	0.0896183	0.116047	0.0200638	0.0363136
172	0.277039	0.0822535	0.00352471	0.00517621	0.00900541	0.0108226	0.0405192	0.0404282	0.00731528	0.0386869	0.0361586	0.0409341	0.00979605	0.00824144	0.00888347	0.0484961	0.0852297	0.214024	0.0032261	0.0302392
173	0.234019	0.0173082	0.00414547	0.00245069	0.00812293	0.462682	0.0040518	0.00406747	0.0100872	0.00831747	0.0110245	0.0125314	0.00524198	0.0040049	0.00339374	0.174606	0.0137339	0.0152783	0.00169548	0.00323766
174	0.147012	0.0246579	0.00433319	0.0230879	0.0590185	0.0129201	0.118354	0.0606994	0.0219573	0.0535057	0.00726603	0.0099697	0.00417998	0.0293444	0.0787566	0.0828258	0.0448883	0.0983664	0.00343375	0.115422
175	0.0149794	0.0298484	0.0353339	0.0165862	0.00317577	0.010684	0.0933931	0.00551832	0.0774756	0.00730563	0.00552068	0.307075	0.00466968	0.112313	0.0571187	0.147541	0.0196327	0.0089746	0.0022832	0.0405723
176	0.00754024	0.00614522	0.00579737	0.00706281	0.427405	0.00305425	0.0532092	0.0354341	0.00338464	0.0698076	0.0163489	0.0100573	0.00534871	0.00648112	0.0108369	0.0107871	0.00843078	0.030693	0.0301933	0.251982
177	0.0384325	0.00902838	0.507425	0.0397843	0.0062308	0.0216593	0.0665241	0.00427146	0.0146205	0.00538993	0.00215989	0.150083	0.00617967	0.0266429	0.0241078	0.0426993	0.0159651	0.0129256	0.000990197	0.00488
178	0.0114163	0.0253426	0.00398419	0.0295529	0.00113998	0.00459478	0.0496114	0.00221633	0.240253	0.0208588	0.0109164	0.00985706	0.00134454	0.167865	0.378431	0.0120299	0.0192725	0.00830764	0.00174581	0.00125966
179	0.0378225	0.0167059	0.0527214	0.0736287	0.0137297	0.0118306	0.0238075	0.1652	0.0374575	0.0722746	0.15599	0.0171456	0.0514136	0.0345881	0.0677108	0.0304513	0.0345591	0.0837062	0.00469317	0.0145639
180	0.106284	0.00425736	0.0555852	0.256128	0.0108565	0.0147034	0.0106308	0.0722231	0.0694158	0.0448006	0.0176022	0.037681	0.00692331	0.0599061	0.0274608	0.0291014	0.0588413	0.113056	0.00088012	0.00366243
181	0.0409273	0.0112993	0.200649	0.0628836	0.0141838	0.199668	0.032184	0.00225214	0.0246286	0.0028521	0.00196692	0.200827	0.00638139	0.0343719	0.0722505	0.0695225	0.00928139	0.00333043	0.00528308	0.00525713
182	0.0492983	0.0466344	0.0249782	0.0248214	0.0123273	0.0257533	0.022523	0.013816	0.0535017	0.0330602	0.0186889	0.188361	0.0106458	0.0356259	0.042885	0.18953	0.163673	0.0244494	0.00339348	0.016034
183	0.0165306	0.00242159	0.00577749	0.0125713	0.0013406	0.0235428	0.0100132	0.00166997	0.0200287	0.00670203	0.0123058	0.0102252	0.671113	0.00348792	0.0416214	0.0979024	0.0473321	0.00956925	0.00429787	0.00154627
184	0.0818586	0.0163435	0.00080931	0.00533752	0.0444005	0.00105296	0.00795757	0.252264	0.00956562	0.128103	0.00956067	0.00143529	0.0146683	0.00529315	0.00290301	0.0167485	0.0519769	0.321593	0.00480487	0.0233243
185	0.323535	0.107462	0.00594343	0.00816289	0.0143972	0.0349554	0.0131961	0.0540225	0.0119412	0.0284398	0.0190745	0.0171119	0.021701	0.0112525	0.0125571	0.173225	0.0487946	0.0693729	0.00570797	0.019147
186	0.0223428	0.0079859	0.0177489	0.0171442	0.00670267	0.00571511	0.0160221	0.176219	0.127976	0.25781	0.0506112	0.0139227	0.00634929	0.0263282	0.0746027	0.0212257	0.0685284	0.0733581	0.00270825	0.00669853
187	0.0165164	0.0247081	0.0369894	0.0145973	0.00329286	0.0110887	0.0834727	0.00610974	0.0690154	0.00710068	0.00591651	0.257414	0.00486452	0.164532	0.0573419	0.159049	0.0219339	0.00948395	0.00250501	0.0440675
188	0.00847978	0.0114894	0.000558498	0.00212423	0.00774183	0.00201069	0.00376024	0.436802	0.00411347	0.11605	0.0382521	0.00226736	0.000873043	0.0080838	0.0037234	0.0103801	0.0046248	0.334938	0.00226086	0.0014662
189	0.118124	0.0182699	0.012502	0.0150345	0.0547073	0.089949	0.0368076	0.0183783	0.0254194	0.0403317	0.0213699	0.0245589	0.0239605	0.0253748	0.0415326	0.141168	0.0346674	0.0419214	0.130391	0.0855317
190	0.112767	0.00182479	0.00152081	0.0278674	0.0018237	0.0162721	0.00694163	0.00806495	0.381148	0.0214246	0.0100314	0.034671	0.00144178	0.025787	0.24052	0.0463849	0.0515195	0.00288944	0.00480638	0.00229394
191	0.0544937	0.00339976	0.133229	0.335493	0.0033062	0.0229148	0.0249176	0.0144559	0.0462618	0.0175731	0.0276646	0.0642659	0.00419297	0.0830033	0.0294367	0.0563211	0.0575863	0.0148445	0.00198424	0.0046551
192	0.205553	0.0177241	0.00448142	0.00218753	0.00830535	0.5314	0.00297851	0.00304792	0.0100545	0.00749914	0.00779741	0.0105645	0.00527996	0.00334815	0.00290589	0.14872	0.00967446	0.0150301	0.0011897	0.00225807
193	0.0107811	0.0248366	0.00476197	0.0304843	0.0011503	0.00445192	0.0454521	0.00241182	0.245422	0.0214556	0.0133901	0.0106673	0.00139578	0.173307	0.368573	0.0114965	0.0182548	0.00819754	0.00211561	0.0013944
194	0.0668108	0.0105442	0.0194966	0.016633	0.00775242	0.0700048	0.0175132	0.00987797	0.0494578	0.0452495	0.00792689	0.045337	0.0212722	0.0176367	0.0416102	0.215717	0.311299	0.014875	0.00321639	0.0077687
