204	20
1	0.0552716	0.00339461	0.00207509	0.00244196	0.0024837	0.00371614	0.0105654	0.0794912	0.00288811	0.0145281	0.00298318	0.00223173	0.583369	0.0187902	0.00321001	0.0466688	0.0794835	0.0820853	0.00219515	0.00212734
2	0.0289045	0.0026137	0.634726	0.030701	0.00236391	0.0314871	0.011961	0.00377588	0.0186522	0.00664321	0.00333625	0.0526532	0.0516775	0.00734862	0.0159393	0.0541753	0.0334666	0.00684054	0.000933726	0.00180083
3	0.0261877	0.0701274	0.00747639	0.00797	0.00829848	0.148348	0.0484795	0.0116722	0.162451	0.0172345	0.00860563	0.00960381	0.00634691	0.0112276	0.014989	0.392909	0.0196132	0.0187026	0.00377263	0.00598444
4	0.00562579	0.0021558	0.00165744	0.0016903	0.789268	0.00308707	0.00195225	0.00279993	0.00217021	0.0138594	0.00236199	0.00198983	0.00115262	0.00233773	0.00231905	0.00489359	0.00486085	0.015028	0.000757674	0.140032
5	0.186309	0.0126302	0.0252632	0.080179	0.00975051	0.0817559	0.0244011	0.0086931	0.144199	0.0240739	0.00859802	0.0264433	0.00561166	0.0533532	0.123527	0.0794902	0.0658558	0.0284786	0.00278161	0.00860588
6	0.0279897	0.00584624	0.0855082	0.029781	0.00536791	0.492197	0.025332	0.00152416	0.0536735	0.00663517	0.000930289	0.0984898	0.0275261	0.070567	0.0163218	0.0424173	0.00641042	0.00243719	0.000381891	0.000663144
7	0.0552668	0.274179	0.00211924	0.00245172	0.0043167	0.0175648	0.00334919	0.00465824	0.00387074	0.00618743	0.00354628	0.0398085	0.00174567	0.002532	0.00358912	0.327624	0.187094	0.055895	0.00229749	0.00190517
8	0.0356277	0.00933921	0.000446919	0.00050638	0.00155216	0.000771652	0.000571962	0.0756297	0.000856857	0.745488	0.0488343	0.00369937	0.000332906	0.000642122	0.0072375	0.00133809	0.00486001	0.061605	0.000261499	0.000398998
9	0.0274854	0.00342139	0.0265124	0.0313939	0.00210289	0.0142514	0.00614024	0.00280712	0.012263	0.0137961	0.00212067	0.0124251	0.0212651	0.0115393	0.0229588	0.498152	0.284782	0.00453831	0.000666287	0.00137847
10	0.374851	0.00692699	0.00432678	0.0044859	0.00624619	0.019399	0.0037948	0.0091456	0.0047111	0.0106874	0.00792017	0.00364272	0.0294522	0.00489139	0.00619172	0.441774	0.0384639	0.0178082	0.00182518	0.00345578
11	0.0935111	0.00164535	0.0219819	0.103719	0.0228459	0.0220925	0.0191905	0.0515418	0.0793815	0.139432	0.0307453	0.00122103	0.0407739	0.0834225	0.0930205	0.025961	0.0557244	0.108048	0.000599716	0.0051418
12	0.53235	0.0426353	0.00056266	0.00066669	0.0192524	0.0215511	0.000684479	0.0478405	0.00396377	0.0491138	0.0131331	0.00191892	0.00053917	0.000695754	0.00563818	0.024934	0.0451773	0.186499	0.00025758	0.00258663
13	0.444951	0.205369	0.00111143	0.00127486	0.00505717	0.0614295	0.00139839	0.0297185	0.00139343	0.00532534	0.00207313	0.0168976	0.00615075	0.00151447	0.00242629	0.10137	0.0391411	0.068694	0.0034392	0.00126525
14	0.103481	0.000781381	0.21519	0.161894	0.00928199	0.0243727	0.0306407	0.0103761	0.0405226	0.0153907	0.00115826	0.166574	0.000645234	0.0791109	0.0508686	0.0375247	0.0363697	0.0098409	0.000402645	0.00557358
15	0.567222	0.0204742	0.00631449	0.0152312	0.00141915	0.0422583	0.0135192	0.0391688	0.00816839	0.0319882	0.00283261	0.00898726	0.00502001	0.0127397	0.0204391	0.0781092	0.0558809	0.0528476	0.000449618	0.0169297
16	0.0150431	0.0089115	0.00105863	0.0013264	0.00510652	0.00229654	0.00126373	0.361465	0.00168543	0.209952	0.22761	0.00130765	0.00084712	0.00962007	0.00173765	0.00329912	0.00306723	0.142092	0.00113737	0.00117149
17	0.249936	0.00480039	0.0242482	0.149008	0.0041237	0.0483857	0.0171548	0.00288058	0.0988249	0.00987009	0.00779336	0.0154638	0.000416652	0.090704	0.101186	0.089106	0.0521497	0.0328085	0.000272492	0.000866303
18	0.256081	0.00323291	0.0324711	0.145842	0.00505682	0.0487288	0.0230247	0.00290048	0.0907766	0.0128595	0.00382385	0.0223937	0.000632605	0.0797389	0.10626	0.0962964	0.0437675	0.0247291	0.000170819	0.00121314
19	0.41862	0.0175548	0.00567969	0.00777463	0.00139066	0.408488	0.00336096	0.00743491	0.00392094	0.0116055	0.00599345	0.00268205	0.00524442	0.00919802	0.00593962	0.0431872	0.0168698	0.0212916	0.000561347	0.00320235
20	0.0168113	0.000645761	0.000552766	0.000696342	0.180063	0.00107621	0.000569604	0.350728	0.000676941	0.18816	0.0234821	0.00048453	0.00354091	0.000550812	0.00087809	0.00537879	0.00526283	0.186358	0.0226078	0.011476
21	0.0308675	0.0773535	0.00149388	0.00162111	0.0211262	0.00245205	0.0012725	0.256388	0.00958322	0.152637	0.014095	0.00148782	0.000956621	0.0017611	0.032673	0.00359692	0.00393433	0.38453	0.00100321	0.0011664
22	0.046563	0.00421247	0.0102429	0.0257606	0.00504317	0.00809205	0.0123521	0.0616883	0.0131475	0.0208458	0.00603123	0.00627068	0.550631	0.0429213	0.00902973	0.0375861	0.0602302	0.0730946	0.0027427	0.00351478
23	0.0149973	0.00887824	0.00100037	0.00134545	0.00563483	0.00222818	0.00125703	0.357308	0.00164282	0.213484	0.226582	0.00132011	0.000859272	0.00961794	0.00170091	0.00328052	0.00331074	0.143129	0.00111856	0.00130372
24	0.582605	0.011404	0.00748746	0.0153756	0.00126822	0.0767593	0.0116296	0.0268477	0.00426112	0.0391557	0.00370985	0.00279407	0.00683589	0.0087872	0.0161945	0.0907505	0.038553	0.0443499	0.000410521	0.010821
25	0.0246082	0.00182658	0.732866	0.0224857	0.00147592	0.0369975	0.0113647	0.0021551	0.0129617	0.00357601	0.00185378	0.0607818	0.0094489	0.00592277	0.00888276	0.0254212	0.0315395	0.00431132	0.000466891	0.00105359
26	0.00458111	0.000419257	0.00427265	0.0018522	0.000299266	0.97784	0.000519338	0.000798636	0.000355105	0.000759438	0.000388546	0.00152157	0.000290955	0.000322473	0.000587711	0.00227185	0.00128046	0.00126384	0.000113056	0.000262423
27	0.00656294	0.000552854	0.00445184	0.00185266	0.000307082	0.976907	0.00053165	0.000512359	0.000403855	0.000675417	0.000369211	0.00131181	0.000257796	0.000381304	0.000587713	0.00229106	0.000796569	0.00090472	0.000108935	0.000233437
28	0.0325773	0.00169023	0.34362	0.332102	0.00188864	0.0202261	0.00643094	0.00389397	0.0317787	0.00999123	0.00383174	0.0218212	0.0662389	0.0347209	0.0279596	0.0260851	0.0214096	0.0121069	0.000530754	0.00109585
29	0.00472425	0.000419744	0.00431574	0.00182818	0.000304425	0.97966	0.000500754	0.000526486	0.000346611	0.000701913	0.000314821	0.00124695	0.000264727	0.000324608	0.000551876	0.00211767	0.000688502	0.000823286	0.000108888	0.000231037
30	0.0357001	0.0132496	0.0111182	0.00809271	0.194214	0.0174694	0.0147343	0.0238681	0.0122565	0.0976578	0.0738925	0.00790678	0.00631144	0.0137991	0.0121515	0.180611	0.209441	0.0465489	0.00648788	0.0144896
31	0.202451	0.00766898	0.00135262	0.00290804	0.0140723	0.016126	0.00142198	0.11097	0.004121	0.186379	0.0711536	0.00370851	0.00106178	0.00353828	0.00524243	0.0275897	0.0884602	0.243478	0.00312497	0.00517086
32	0.032691	0.000716041	0.331534	0.407168	0.000685181	0.0278993	0.00413999	0.00103941	0.0377599	0.00490732	0.000654793	0.0103156	0.00224214	0.0461199	0.0290686	0.0311347	0.0198403	0.0112424	0.000295498	0.000545682
33	0.586163	0.0343068	0.00179687	0.00452581	0.00829212	0.0189962	0.00467167	0.0414604	0.00501569	0.0257563	0.00559092	0.00890728	0.00252403	0.00459098	0.0119547	0.0539257	0.0653692	0.10938	0.00039536	0.00637755
34	0.0265649	0.00723538	0.000418321	0.00407111	0.0587267	0.00257417	0.000607621	0.157592	0.000936312	0.436301	0.0754956	0.000463113	0.00274842	0.00152345	0.00332137	0.00780837	0.0222902	0.168312	0.00652194	0.0164869
35	0.223496	0.0140016	0.0488776	0.0752785	0.00283289	0.058782	0.0551287	0.00199705	0.0450076	0.0181111	0.00571556	0.0548085	0.0111348	0.0493176	0.0591883	0.151815	0.0786958	0.0231336	0.0016703	0.0210079
36	0.566998	0.00992369	0.00909482	0.0176508	0.000689666	0.0703863	0.0113784	0.0274859	0.00434775	0.0433222	0.00306285	0.00276125	0.00738713	0.010615	0.0192163	0.0957803	0.042126	0.0447443	0.00024904	0.0127807
37	0.104841	0.0433761	0.00273735	0.00300249	0.0552423	0.0581277	0.0365714	0.00952118	0.00463677	0.307039	0.0513128	0.00395004	0.00410004	0.00403778	0.00534591	0.0446889	0.174113	0.0663086	0.0180631	0.00298437
38	0.0284854	0.00593259	0.0857585	0.0297768	0.0054061	0.486973	0.0255685	0.00145715	0.05466	0.00673727	0.000929934	0.0992732	0.0279694	0.0718523	0.0165413	0.0428481	0.00643816	0.0023514	0.000388896	0.00065157
39	0.19684	0.0232245	0.00318648	0.0709126	0.0696126	0.296411	0.00398853	0.0274792	0.00444994	0.0454453	0.00711148	0.00285318	0.00210539	0.00347223	0.0503713	0.00801753	0.0494993	0.0626382	0.00458699	0.0677944
40	0.0377836	0.001109	0.0165088	0.220014	0.00112727	0.00692544	0.0372599	0.00738415	0.0902229	0.00734516	0.00133955	0.0117354	0.0063983	0.120123	0.179158	0.0709545	0.15362	0.0139545	0.000463604	0.0165732
41	0.0244237	0.0318706	0.0104393	0.0350819	0.00451554	0.00618169	0.0283622	0.121306	0.0300735	0.0383394	0.0312582	0.00734753	0.00277176	0.0073631	0.0657114	0.107456	0.314914	0.126095	0.00261331	0.00387641
42	0.496499	0.14039	0.00123397	0.00402451	0.00749725	0.0926491	0.00178973	0.0246633	0.00336871	0.0124543	0.00476499	0.00930985	0.00656025	0.00220734	0.00393362	0.0712442	0.0301421	0.082258	0.00215095	0.00285888
43	0.0358646	0.00131993	0.000818414	0.00116131	0.1743	0.00171891	0.00111107	0.34169	0.00128127	0.155794	0.0232233	0.00251352	0.0033231	0.000934866	0.00116434	0.00938166	0.005391	0.189003	0.0208028	0.0292015
44	0.0386186	0.0039846	0.00127823	0.00179953	0.0174342	0.00237486	0.00155034	0.527442	0.00192517	0.107201	0.00428572	0.00159598	0.00136816	0.00184391	0.00323402	0.0121146	0.00948151	0.253685	0.0071831	0.00159922
45	0.0342819	0.00100633	0.328698	0.396384	0.00179195	0.0265127	0.00508151	0.00225308	0.0358049	0.00698668	0.00125704	0.0133643	0.00303013	0.0464173	0.0288014	0.0312213	0.02087	0.0145958	0.000436322	0.00120527
46	0.0674723	0.0612084	0.0035106	0.0037096	0.00930131	0.00735133	0.00487445	0.066386	0.00457285	0.103281	0.315359	0.00675798	0.0021763	0.00402124	0.00580204	0.0939874	0.0954792	0.140304	0.00158101	0.00286355
47	0.466984	0.0186609	0.00624089	0.0114625	0.00580552	0.0474096	0.00676666	0.014308	0.00740727	0.0161207	0.00842952	0.00606972	0.01857	0.00769982	0.011738	0.265205	0.0450592	0.0292261	0.00192063	0.00491567
48	0.255751	0.00277912	0.0314109	0.153077	0.00509779	0.0469168	0.0221005	0.00302581	0.0898454	0.0129195	0.00398513	0.0205919	0.000408252	0.0860515	0.103218	0.0954967	0.0419525	0.0244476	0.000213699	0.000711035
49	0.534418	0.0819691	0.0007339	0.00137259	0.0122248	0.0268463	0.00160098	0.0414776	0.00317358	0.0296403	0.00775081	0.00659898	0.0021843	0.0015195	0.00587809	0.0473204	0.0529303	0.138807	0.0010175	0.00253578
50	0.367447	0.240665	0.00160379	0.00174838	0.0058442	0.0525449	0.00155531	0.0284022	0.00200455	0.00550891	0.00251608	0.0270307	0.00626931	0.00198505	0.00259198	0.126629	0.037666	0.0825448	0.00412468	0.00131821
51	0.0179813	0.00289682	0.028226	0.010919	0.00211425	0.806613	0.00843323	0.00150537	0.017125	0.00392411	0.00117654	0.0356574	0.00954638	0.022121	0.00664482	0.0165243	0.00434077	0.00316653	0.000445506	0.000638575
52	0.0353894	0.00933005	0.000461912	0.000542481	0.00144935	0.000786886	0.00056743	0.0757834	0.000860777	0.746148	0.0485923	0.00365026	0.000321118	0.000654992	0.00725459	0.0013269	0.00484361	0.0613817	0.000260858	0.000394458
53	0.207533	0.0130871	0.0543526	0.0798091	0.00288642	0.0567629	0.0598063	0.00233691	0.0432358	0.0185698	0.00822147	0.0570977	0.0206749	0.0522311	0.0540253	0.142399	0.0803696	0.0237635	0.00172017	0.0211171
54	0.00861298	0.0132058	0.040618	0.00554423	0.00243432	0.00442754	0.0347903	0.00282247	0.00373205	0.00554316	0.00230672	0.00316456	0.0036377	0.00353209	0.00520624	0.463682	0.389876	0.00491495	0.000688392	0.00126064
55	0.00509441	0.00618632	0.0120546	0.00240592	0.00157352	0.00242056	0.0118012	0.00222997	0.00186315	0.00317399	0.00169613	0.00207883	0.00160578	0.00180528	0.00239625	0.381936	0.554609	0.00355836	0.000514273	0.000996626
56	0.0359353	0.00283024	0.00257492	0.00280582	0.252654	0.0043155	0.0436464	0.00418902	0.0319269	0.034451	0.00316545	0.00282364	0.00160116	0.00294611	0.214092	0.00588262	0.00613559	0.0332898	0.0564911	0.258244
57	0.00526132	0.000576027	0.00450341	0.00190135	0.000329347	0.977466	0.000601705	0.000516268	0.000501644	0.000720923	0.000399514	0.00153643	0.00035367	0.000514776	0.000624714	0.0022509	0.000760279	0.000837031	0.00011682	0.00022811
58	0.0248243	0.0130354	0.00388916	0.00402486	0.0277472	0.00650646	0.00434811	0.0107017	0.00505864	0.162224	0.0315267	0.00391588	0.00311871	0.00535193	0.00588128	0.0339856	0.138562	0.510078	0.00176217	0.00345747
59	0.00456381	0.000506351	0.0132724	0.00378572	0.000429903	0.961343	0.000916239	0.000809949	0.00122078	0.000841647	0.000399936	0.00303723	0.000531907	0.00131523	0.00108297	0.00314487	0.0013796	0.000902373	0.000116335	0.000399812
60	0.00639458	0.00242831	0.0440282	0.614619	0.00205302	0.00280473	0.00216076	0.0033149	0.00234617	0.0237416	0.00246228	0.00170978	0.00128414	0.251568	0.0027882	0.0144227	0.0043658	0.0151167	0.000864058	0.0015268
61	0.0354667	0.00925091	0.000430769	0.000581236	0.00226906	0.000797003	0.000565265	0.0762975	0.000837051	0.741914	0.0489033	0.00357581	0.000363705	0.000642513	0.00725093	0.00145338	0.00514278	0.063336	0.000330633	0.00059202
62	0.0153938	0.00879976	0.00104301	0.0013606	0.00556651	0.00225644	0.00126852	0.360075	0.00165354	0.213114	0.224733	0.00126805	0.000870739	0.00927329	0.00173824	0.00327345	0.00341449	0.142411	0.00115553	0.00133073
63	0.14988	0.0242769	0.00194099	0.03388	0.00237825	0.0143506	0.00278463	0.0239512	0.117761	0.148237	0.0132377	0.0133485	0.00121396	0.0358109	0.299278	0.0386809	0.0376358	0.0387968	0.000803647	0.001754
64	0.404604	0.0123658	0.184637	0.0217225	0.00220798	0.00296754	0.131555	0.00314467	0.0325175	0.0144828	0.00221741	0.0329207	0.00125336	0.0225475	0.023107	0.065287	0.0251897	0.015063	0.000814696	0.00139565
65	0.523516	0.085397	0.00212064	0.00294373	0.0115542	0.0509776	0.00311805	0.0492861	0.00402154	0.0386234	0.00750687	0.00635375	0.00365918	0.00246956	0.00691203	0.0454506	0.0386159	0.113289	0.00115741	0.00302711
66	0.0361618	0.00863122	0.000431078	0.000706106	0.00303465	0.00109334	0.0009812	0.080119	0.0018965	0.725959	0.0484333	0.00338568	0.000687966	0.00122576	0.00892942	0.00202021	0.00521006	0.0695102	0.000355729	0.00122778
67	0.103568	0.00079121	0.217512	0.161723	0.00936772	0.0245508	0.0302905	0.0103933	0.040424	0.0149231	0.00104522	0.167057	0.000643356	0.0786832	0.0502337	0.0371821	0.0359121	0.00989507	0.000351193	0.00545239
68	0.0102878	0.000576961	0.000550604	0.000566439	0.203592	0.000923855	0.000595814	0.358377	0.000653432	0.194395	0.0231939	0.000438999	0.00380569	0.000537656	0.000759229	0.00473591	0.00447722	0.16351	0.0181486	0.0098731
69	0.0301367	0.00596957	0.000456351	0.0049377	0.0578757	0.00190591	0.000566089	0.177813	0.000885568	0.414142	0.0596844	0.000454997	0.00311433	0.00122999	0.00352822	0.00730724	0.0241709	0.181921	0.00723565	0.0166646
70	0.0254577	0.0061731	0.000433198	0.00455614	0.0556373	0.00186834	0.00058875	0.17902	0.000980767	0.415817	0.0641799	0.000472797	0.00304931	0.00118084	0.00335067	0.00625627	0.0212975	0.188554	0.00617208	0.0149543
71	0.302028	0.0232878	0.00756268	0.00290226	0.00138575	0.58368	0.00149917	0.00302066	0.00251494	0.00475595	0.00766243	0.002721	0.00506356	0.00516027	0.00252546	0.0207949	0.0122562	0.00908067	0.000585672	0.00151289
72	0.0354754	0.00936858	0.000438709	0.000511885	0.001705	0.000768818	0.000566586	0.0757185	0.000860498	0.745427	0.0486953	0.00362305	0.00034164	0.000640933	0.00725468	0.00135672	0.00491474	0.0616377	0.000254259	0.000440098
73	0.00483813	0.000537646	0.00445439	0.00187782	0.000427357	0.976653	0.00056868	0.000692018	0.000596605	0.00101926	0.000347944	0.00142459	0.000342028	0.000790431	0.000723895	0.00268589	0.000799501	0.000881254	0.000116833	0.000222887
74	0.0304298	0.0036115	0.144755	0.0290452	0.00321255	0.57963	0.0137284	0.00213546	0.0297043	0.00567939	0.00122014	0.0536187	0.0142912	0.0357694	0.01098	0.0276118	0.00877584	0.00395097	0.0010076	0.000843372
75	0.0110575	0.0127499	0.0154216	0.00603759	0.00199829	0.00485342	0.0126569	0.00278134	0.00377044	0.00521615	0.00220208	0.00545677	0.00393483	0.00327787	0.00546453	0.397066	0.497539	0.0064889	0.000858737	0.00116792
76	0.564507	0.0119625	0.00437268	0.0138305	0.0041144	0.115488	0.00546139	0.0143516	0.00371106	0.0192025	0.00806672	0.0017047	0.00744341	0.00514347	0.00815612	0.141067	0.0319571	0.0339377	0.000538734	0.00498342
77	0.046443	0.246825	0.00326407	0.00243663	0.00385526	0.0140354	0.00449496	0.00491621	0.00331996	0.00591924	0.00403996	0.0397375	0.00173506	0.00264225	0.00342574	0.314815	0.242461	0.0517441	0.00206362	0.00182585
78	0.0278345	0.0561929	0.00521917	0.00683117	0.00708375	0.028657	0.0376954	0.0300024	0.00722576	0.0225645	0.0463857	0.200099	0.00337975	0.00596404	0.00980001	0.112778	0.254892	0.130343	0.00219974	0.00485258
79	0.0223485	0.00101463	0.769854	0.0183902	0.00108493	0.0213286	0.0106299	0.00186016	0.0109056	0.00262178	0.00115796	0.0607973	0.00934789	0.00214239	0.00737222	0.0225177	0.0317311	0.00329568	0.000369759	0.00122945
80	0.290629	0.0228608	0.0063463	0.00163816	0.00129241	0.60912	0.00105381	0.0025939	0.0022248	0.00450246	0.0080418	0.00161675	0.00529861	0.00455533	0.00139885	0.0174358	0.00999823	0.00810835	0.000344933	0.000940162
81	0.0582031	0.00512525	0.00536065	0.00217296	0.000716479	0.899155	0.00110235	0.00146802	0.00136707	0.00235205	0.00207227	0.00252244	0.00250992	0.00235548	0.0011625	0.00539582	0.00299812	0.0029279	0.000345909	0.000686789
82	0.532107	0.042788	0.000560866	0.000666439	0.0192937	0.0216374	0.000684776	0.0479503	0.00397263	0.0492252	0.0132567	0.00191727	0.00052409	0.00070309	0.00563743	0.0249236	0.0452386	0.186067	0.000259673	0.00258587
83	0.00723245	0.00102331	0.00436679	0.00193981	0.00045828	0.974278	0.00061511	0.000667983	0.000398961	0.000725598	0.000333097	0.00149005	0.00026128	0.000395864	0.000811273	0.00234609	0.000977958	0.00106568	0.00019875	0.000413517
84	0.0890269	0.0360495	0.00202392	0.00268806	0.0266971	0.00415984	0.00229187	0.0707069	0.00346487	0.222889	0.396146	0.00236117	0.00201095	0.00325706	0.00393593	0.0197313	0.0200208	0.0856902	0.00344405	0.00340445
85	0.0354973	0.00930906	0.000441334	0.000513897	0.00165411	0.000800765	0.000552298	0.0757552	0.000844639	0.74492	0.0488866	0.00362459	0.000324851	0.000632356	0.00724122	0.00136194	0.00494127	0.0619399	0.000295825	0.000462332
86	0.241056	0.00644569	0.0218898	0.145491	0.0037928	0.047589	0.015933	0.00299983	0.0976702	0.00941979	0.00898731	0.0142477	0.000680722	0.103382	0.0976888	0.0877069	0.057357	0.0361492	0.000347247	0.00116587
87	0.631566	0.0163359	0.00275736	0.0102704	0.00135931	0.184727	0.00309882	0.00632973	0.00533634	0.00982045	0.00596806	0.00283217	0.0104649	0.00425421	0.00466129	0.0536982	0.0172577	0.0260873	0.000657022	0.00251783
88	0.0346948	0.0102768	0.00101107	0.00190598	0.0236588	0.00255906	0.000949493	0.122389	0.00153654	0.595482	0.0548524	0.00258385	0.00134132	0.00137775	0.00684565	0.00485548	0.0117856	0.113932	0.00261203	0.00535074
89	0.00501037	0.00047317	0.00440407	0.00184287	0.000325527	0.978178	0.000719753	0.000546858	0.000402695	0.000723765	0.000340773	0.00132455	0.000224043	0.000394626	0.000726103	0.00230204	0.000736831	0.000893864	0.000118131	0.000311809
90	0.306173	0.00601567	0.00140648	0.00171948	0.0468872	0.0559247	0.00154244	0.0772098	0.00191222	0.046954	0.0266819	0.00381511	0.00089213	0.00188092	0.00212185	0.0136293	0.0101479	0.367221	0.000609625	0.0272554
91	0.0237507	0.0161468	0.00981155	0.0514954	0.00197496	0.0273878	0.0302431	0.0111612	0.156705	0.0163091	0.00541263	0.00208703	0.000990252	0.0664212	0.435604	0.0377978	0.0484674	0.0563174	0.000611069	0.00130543
92	0.0176512	0.0145581	0.00192855	0.00172309	0.423251	0.00398126	0.00217892	0.0275343	0.00242962	0.411827	0.00534441	0.00194911	0.00124612	0.00233746	0.0029776	0.00481475	0.00486359	0.0536925	0.0127134	0.00299786
93	0.00697834	0.015222	0.0146216	0.00227389	0.017045	0.00331527	0.0152756	0.0313614	0.0541282	0.567333	0.00274427	0.00194295	0.00148256	0.00264652	0.0713057	0.0190204	0.0569565	0.0186037	0.00107337	0.0966695
94	0.0210846	0.000871568	0.784224	0.010803	0.000968533	0.0196858	0.0104387	0.00155175	0.0103613	0.0020898	0.00103637	0.0622412	0.00936125	0.000927972	0.00686253	0.0223015	0.0316856	0.00245655	0.000371017	0.000677304
95	0.25761	0.00296866	0.0322151	0.147517	0.00518764	0.0493931	0.022857	0.00303617	0.0914194	0.0122647	0.00389288	0.0216732	0.000500181	0.080462	0.105101	0.0944348	0.0431777	0.0250894	0.000195071	0.00100554
96	0.103746	0.000796985	0.218294	0.160965	0.00953859	0.0245854	0.0305502	0.0102638	0.0407453	0.0148239	0.0010447	0.167369	0.000648181	0.0787332	0.049875	0.0370568	0.0354292	0.00973219	0.00035378	0.00544849
97	0.0493255	0.0478294	0.00580705	0.0066913	0.00681982	0.146184	0.014578	0.0690208	0.00629515	0.0428692	0.0474912	0.134455	0.0040191	0.00643269	0.00848582	0.0914594	0.180901	0.124753	0.00231572	0.00426691
98	0.310142	0.0149441	0.00821408	0.0149663	0.00727725	0.286885	0.00835563	0.0389176	0.00766282	0.0554725	0.00673934	0.0405316	0.0710462	0.0114086	0.013641	0.0451247	0.023499	0.0237031	0.0040598	0.00740926
99	0.54179	0.00901415	0.0116832	0.0239993	0.00148233	0.0876082	0.0107993	0.0273741	0.00555518	0.0425871	0.0028292	0.00646822	0.00732789	0.0123715	0.021383	0.0895356	0.0412121	0.0410084	0.00085734	0.0151142
100	0.332823	0.0133114	0.0226658	0.0666101	0.00744693	0.164522	0.0214552	0.0133877	0.0160023	0.00838065	0.00220497	0.0837632	0.0161322	0.0380458	0.0334049	0.0830279	0.0446197	0.00753107	0.00944757	0.0152171
101	0.0354983	0.0174295	0.00158599	0.00248079	0.103274	0.0112703	0.00209442	0.0993276	0.00361588	0.439768	0.0915752	0.00129341	0.00373319	0.00392718	0.00643205	0.0161428	0.0260854	0.113114	0.00709156	0.0142597
102	0.223205	0.013975	0.0489713	0.0750897	0.00283309	0.0587621	0.0552608	0.00199671	0.0450162	0.0182415	0.00574105	0.0547936	0.0112061	0.0492272	0.0590196	0.152095	0.0788012	0.0231033	0.00167247	0.020989
103	0.0106212	0.000531946	0.000569721	0.000583742	0.206675	0.000946598	0.000592116	0.349801	0.000628749	0.193675	0.0244779	0.000436905	0.0039776	0.000545947	0.000742794	0.00488634	0.00464805	0.166433	0.0193563	0.00987102
104	0.0294465	0.00267398	0.045404	0.141853	0.00571401	0.00382355	0.0139118	0.167119	0.0222939	0.147819	0.0170841	0.00158701	0.00452817	0.055421	0.0949191	0.00799533	0.10368	0.130754	0.000928449	0.00304317
105	0.242315	0.0162767	0.00153212	0.00216983	0.0152496	0.0394346	0.00164086	0.134811	0.00212845	0.115076	0.0226788	0.00210024	0.00122262	0.00167055	0.0027833	0.0232095	0.0380167	0.328304	0.00173302	0.00764834
106	0.0934244	0.0138632	0.00129813	0.00379822	0.0496466	0.00791338	0.00230399	0.127762	0.0046292	0.319548	0.130399	0.00199865	0.00289596	0.00412907	0.00625948	0.0163357	0.0288562	0.157806	0.0154715	0.0116617
107	0.0586743	0.291305	0.00207921	0.0024988	0.00412964	0.0143693	0.00308423	0.00521807	0.00336459	0.00590332	0.00363656	0.0399397	0.00195653	0.00249313	0.00333701	0.307443	0.180668	0.0657063	0.00226463	0.00192935
108	0.0232931	0.001179	0.763102	0.0154493	0.00149578	0.0215023	0.0110573	0.00183271	0.0118369	0.00269519	0.001095	0.0653955	0.00907236	0.00333538	0.00828968	0.0226566	0.032598	0.00267903	0.000517702	0.000917368
109	0.0376144	0.0119152	0.0062056	0.00767493	0.0683861	0.0128464	0.00964143	0.196966	0.00856254	0.109676	0.0213241	0.00661316	0.110265	0.0137979	0.0123609	0.0258878	0.0338145	0.244673	0.0501097	0.0116656
110	0.0669646	0.00232224	0.142413	0.0843339	0.0173605	0.0101138	0.0319925	0.017727	0.0683916	0.0231766	0.00473918	0.161155	0.00175482	0.0615312	0.0377498	0.0164813	0.227902	0.00753675	0.00177505	0.0145785
111	0.13313	0.0110445	0.025352	0.0323174	0.0211579	0.0401853	0.110782	0.0103105	0.0236691	0.0286532	0.0165369	0.106794	0.00659889	0.0291754	0.0580077	0.164338	0.0441097	0.0572499	0.00423303	0.0763541
112	0.0430206	0.00253889	0.00179909	0.00217251	0.00227323	0.00311297	0.0119235	0.0766154	0.00233156	0.0143232	0.00229061	0.001867	0.617445	0.0209806	0.00275686	0.0307575	0.0719079	0.0882486	0.00207713	0.00155758
113	0.035376	0.0246931	0.00422424	0.00395346	0.155077	0.0347612	0.0057455	0.0504097	0.00491958	0.360512	0.111052	0.0032837	0.00516352	0.00712292	0.00841963	0.0241905	0.0279266	0.0918815	0.00958076	0.0317077
114	0.0121443	0.11098	0.00284454	0.00395604	0.00373046	0.00478905	0.0203723	0.119148	0.00347787	0.213027	0.00449211	0.00291144	0.00208689	0.00391725	0.00428585	0.0254729	0.232483	0.17698	0.00119109	0.0517098
115	0.0170795	0.00153712	0.00728402	0.00308523	0.000750694	0.937428	0.00261061	0.00100157	0.00264815	0.00215628	0.000755136	0.00508768	0.00169429	0.0034338	0.00204398	0.00690957	0.00181401	0.00178127	0.00013271	0.000766287
116	0.0573123	0.00227206	0.0633569	0.210476	0.00216901	0.00289555	0.00227861	0.0133731	0.0582519	0.0310674	0.011645	0.0300485	0.384547	0.0322323	0.0229751	0.0246711	0.0231171	0.025258	0.000683652	0.00136975
117	0.0380026	0.00202494	0.0455414	0.102416	0.012099	0.0126927	0.111846	0.0134318	0.110307	0.0501628	0.0204965	0.153533	0.00115825	0.0788979	0.111343	0.0236742	0.0856663	0.00461266	0.00990735	0.0121857
118	0.00791056	0.0008077	0.00493861	0.00190979	0.000408777	0.972471	0.000677636	0.000530165	0.000678469	0.000785117	0.00044957	0.00173383	0.00039928	0.000918499	0.000637981	0.00255415	0.000872596	0.00095001	0.000101395	0.000264854
119	0.439361	0.0399312	0.00313118	0.00576022	0.0463508	0.0337974	0.00599044	0.045549	0.00694185	0.0465094	0.0169459	0.00651801	0.00315801	0.005524	0.0123094	0.039641	0.0681967	0.159823	0.00281182	0.0117494
120	0.523189	0.011305	0.00354776	0.00523753	0.006093	0.031214	0.00423831	0.0144255	0.00347725	0.011992	0.00878321	0.0040546	0.0191412	0.0042571	0.00727607	0.203064	0.0958016	0.0376686	0.00102337	0.00421058
121	0.244484	0.00287507	0.00900376	0.0219015	0.0485998	0.0156554	0.124801	0.0160582	0.0196594	0.0133306	0.00649206	0.035255	0.0136382	0.0207165	0.158994	0.0492773	0.0327588	0.0353453	0.00354871	0.127606
122	0.00631669	0.00251997	0.00187423	0.00194227	0.00293911	0.0147539	0.00207374	0.221518	0.00222955	0.0061731	0.00244994	0.00171194	0.00202507	0.00257955	0.00286347	0.00495268	0.049021	0.669233	0.00136317	0.00146031
123	0.00562579	0.0021558	0.00165744	0.0016903	0.789268	0.00308707	0.00195225	0.00279993	0.00217021	0.0138594	0.00236199	0.00198983	0.00115262	0.00233773	0.00231905	0.00489359	0.00486085	0.015028	0.000757674	0.140032
124	0.369539	0.020579	0.00479449	0.00238532	0.00121867	0.528584	0.0011059	0.00236799	0.00279486	0.00405061	0.00743504	0.00140369	0.00586449	0.00402781	0.00137402	0.0207427	0.00995403	0.0105634	0.000348548	0.000866857
125	0.0493056	0.00303668	0.0101304	0.0015008	0.00187036	0.0130961	0.00988503	0.0030057	0.0739332	0.0116095	0.00216276	0.00279243	0.45109	0.00318962	0.113465	0.223824	0.0200934	0.00419192	0.000683325	0.00113334
126	0.0834809	0.0157661	0.0327789	0.0750843	0.0166469	0.0426528	0.02366	0.0234232	0.118073	0.0356665	0.0161433	0.0239179	0.0111107	0.243433	0.076823	0.0535415	0.0490984	0.0433781	0.00425196	0.0110694
127	0.0789002	0.0212925	0.0228058	0.0328991	0.0174341	0.0400413	0.019716	0.0268458	0.328644	0.0487074	0.0210948	0.0233361	0.0185118	0.0381325	0.0836406	0.0630787	0.0460734	0.0490391	0.00771744	0.0120892
128	0.00365306	0.000392672	0.00490786	0.00197273	0.000325969	0.978203	0.000662885	0.000536149	0.000668023	0.000714573	0.000289274	0.00175972	0.00037723	0.00078625	0.000632752	0.0022248	0.000726845	0.000822258	0.000113492	0.000230034
129	0.487208	0.0221335	0.00374381	0.00733762	0.0098767	0.0473699	0.00590975	0.0537081	0.00553986	0.0835868	0.0133654	0.00230227	0.00449572	0.00532948	0.0106306	0.0558002	0.0397078	0.134322	0.000861086	0.00677052
130	0.0695979	0.00301888	0.136042	0.00362257	0.00295255	0.0262679	0.00231174	0.00504074	0.016317	0.0306499	0.00271427	0.0883075	0.00154855	0.0410423	0.0151543	0.175399	0.370246	0.0067803	0.00114893	0.00183684
131	0.0811424	0.00123681	0.027565	0.123267	0.0205174	0.0141161	0.0164641	0.0696624	0.0613479	0.144895	0.0255862	0.000903753	0.0298571	0.0798467	0.0996482	0.0190345	0.0728803	0.105335	0.000450983	0.00624311
132	0.107802	0.0112438	0.00420737	0.00812086	0.0624095	0.0150166	0.0094964	0.0661428	0.039493	0.343908	0.0930072	0.00528514	0.00704136	0.0147669	0.0195556	0.0269609	0.0321812	0.118207	0.00471614	0.0104388
133	0.0325666	0.000707455	0.331488	0.407312	0.000684007	0.0279621	0.00411762	0.00103895	0.0378281	0.00486551	0.000654856	0.0103552	0.00225751	0.0460869	0.0290785	0.0311542	0.019814	0.0111868	0.000295519	0.000545636
134	0.257644	0.00291534	0.0319761	0.147901	0.00515814	0.0491347	0.0225958	0.0030145	0.0916134	0.012298	0.00389649	0.0215047	0.000469568	0.0807113	0.105702	0.0943552	0.0429768	0.0250626	0.000175754	0.000894254
135	0.377261	0.015701	0.0115051	0.0483386	0.00638834	0.209317	0.0166951	0.0120069	0.00704253	0.00674543	0.00193028	0.0767489	0.0110432	0.0296188	0.0400238	0.0506001	0.0376482	0.00568285	0.0196292	0.0160738
136	0.0409042	0.0124095	0.000728619	0.00073772	0.0070658	0.00161039	0.000963047	0.0830894	0.00156354	0.650923	0.107089	0.0031804	0.00070337	0.00116675	0.00625745	0.00379212	0.00747451	0.0682883	0.000806787	0.00124585
137	0.230964	0.0130401	0.0458359	0.0856051	0.00264312	0.0554501	0.0499082	0.00181684	0.0511333	0.0169184	0.00527218	0.0497838	0.00887816	0.0543624	0.0680122	0.142639	0.0753748	0.0234886	0.00130708	0.0175675
138	0.0117329	0.00347807	0.00445425	0.00182396	0.000342645	0.964885	0.000557373	0.000947803	0.000512512	0.000831195	0.000431149	0.00173137	0.000512578	0.000412096	0.000602147	0.00346752	0.00111475	0.00179934	0.000116193	0.000247493
139	0.486311	0.0220568	0.0022822	0.00492261	0.0129254	0.0816096	0.00284567	0.015773	0.00263684	0.00680729	0.0215839	0.0022896	0.00676207	0.00247164	0.00381157	0.232311	0.0620342	0.0267297	0.00154731	0.00228846
140	0.0044456	0.000534277	0.0104973	0.00660043	0.000528417	0.956034	0.00130445	0.000578798	0.0024758	0.00100221	0.000312876	0.00411695	0.00102921	0.00329607	0.00126983	0.0036582	0.00104279	0.000941456	0.000109664	0.000221554
141	0.54018	0.0396146	0.0049571	0.0105412	0.0081053	0.0558612	0.00664318	0.0288651	0.00629947	0.0293067	0.00745495	0.00602697	0.00646386	0.00681667	0.0122888	0.094218	0.0442909	0.0844632	0.00126401	0.00633845
142	0.559022	0.0226006	0.00589972	0.0142189	0.00336869	0.129644	0.00767329	0.0157486	0.00581776	0.0201693	0.00708229	0.00783922	0.00874506	0.00853818	0.0110068	0.0950477	0.0328774	0.0372409	0.00135564	0.0061031
143	0.00483429	0.000622597	0.005088	0.00201159	0.00051928	0.974793	0.000698515	0.000543141	0.000767418	0.000875303	0.000549665	0.00196804	0.000435991	0.00091327	0.000700904	0.00245304	0.000807859	0.00092402	0.000119308	0.000375052
144	0.00543172	0.000466914	0.00438247	0.00185934	0.000309316	0.978008	0.000530126	0.000562278	0.000429058	0.000793194	0.000338643	0.00135781	0.000318242	0.0004242	0.000583907	0.00225342	0.000736627	0.000877555	0.000110568	0.000226964
145	0.0251303	0.00855785	0.000694267	0.0027202	0.0558479	0.00326516	0.000839821	0.132833	0.00110925	0.478751	0.0971188	0.00103024	0.00220137	0.0019529	0.00395867	0.0106013	0.031475	0.128895	0.0028951	0.010123
146	0.338437	0.0126619	0.00662179	0.00940246	0.0039426	0.335971	0.00586296	0.0211261	0.00558954	0.0447946	0.00674336	0.0159044	0.0633311	0.00799266	0.00966722	0.061917	0.0203828	0.0217155	0.00202734	0.00590882
147	0.255827	0.0204456	0.00258494	0.0144116	0.188072	0.174224	0.00272133	0.0354966	0.00323692	0.0346381	0.0185527	0.00229709	0.00189895	0.0030555	0.012362	0.00598884	0.0575046	0.0440532	0.015062	0.107568
148	0.602712	0.0206209	0.00216599	0.00523363	0.00118837	0.264141	0.00126557	0.00197129	0.00564142	0.00319183	0.00698172	0.000889837	0.00994988	0.00223612	0.00132842	0.0364965	0.0134743	0.0193543	0.000463023	0.000693776
149	0.0428864	0.0227522	0.00100962	0.00232895	0.116407	0.00994034	0.00145533	0.0725989	0.0023886	0.433407	0.0814778	0.000917386	0.00312487	0.00427748	0.0073499	0.0260769	0.0231256	0.127489	0.00716218	0.0138246
150	0.0561942	0.00254389	0.0015955	0.00201938	0.0139756	0.0145412	0.0352936	0.133004	0.0617465	0.342801	0.0759152	0.00182912	0.00369337	0.0146412	0.0402062	0.0426447	0.00464889	0.130651	0.000984258	0.0210705
151	0.572979	0.0113593	0.00811751	0.0167842	0.0010565	0.0699582	0.0103575	0.0288665	0.00407753	0.04736	0.00364622	0.00279058	0.00745439	0.00932011	0.0179435	0.0892138	0.0406432	0.0464382	0.000284657	0.0113487
152	0.032624	0.0217482	0.000823487	0.00266295	0.140317	0.013534	0.00135395	0.0830059	0.00170119	0.409554	0.0781386	0.000822592	0.00352412	0.00329607	0.00527341	0.0144418	0.0192466	0.130721	0.0155672	0.0216451
153	0.0312535	0.0503518	0.00185838	0.0027281	0.124463	0.0387468	0.00669437	0.0428202	0.00308255	0.4008	0.073689	0.00236412	0.013771	0.00431606	0.00614711	0.018007	0.0649945	0.0960583	0.00723419	0.0106201
154	0.0284854	0.00593259	0.0857585	0.0297768	0.0054061	0.486973	0.0255685	0.00145715	0.05466	0.00673727	0.000929934	0.0992732	0.0279694	0.0718523	0.0165413	0.0428481	0.00643816	0.0023514	0.000388896	0.00065157
155	0.62335	0.0213762	0.00178366	0.00562816	0.00136194	0.233033	0.00129189	0.00240552	0.00611524	0.00308462	0.00736206	0.000949476	0.00974402	0.00231839	0.00135889	0.0416791	0.0140123	0.0220075	0.000464234	0.00067422
156	0.0376975	0.00110389	0.016794	0.219779	0.00112916	0.00697441	0.0370805	0.00733672	0.0900647	0.00737225	0.00132155	0.0117152	0.00646352	0.120236	0.179358	0.0711194	0.153735	0.0138973	0.000462967	0.0163589
157	0.0335555	0.0237296	0.000933476	0.00210925	0.108819	0.0103011	0.00168996	0.0789649	0.00266808	0.42561	0.0951991	0.000832367	0.00322757	0.0060079	0.0141733	0.0220432	0.0263299	0.121177	0.00689712	0.015731
158	0.011333	0.022262	0.00434563	0.11101	0.00201675	0.0113561	0.0268664	0.0278406	0.15747	0.0163665	0.0105442	0.00145046	0.00121589	0.088892	0.380577	0.0151934	0.0413548	0.0679327	0.000535836	0.00143787
159	0.0461869	0.00175335	0.010254	0.00141568	0.00172235	0.0106131	0.0101244	0.00270932	0.0676386	0.0117605	0.00182871	0.00158798	0.465491	0.00185666	0.108613	0.230383	0.0206291	0.00380219	0.000604381	0.00102477
160	0.0673818	0.00795173	0.0418903	0.0293548	0.0139352	0.39329	0.0681973	0.00707942	0.0375981	0.0220437	0.00773749	0.053525	0.0136156	0.0414922	0.0693388	0.0539736	0.0224026	0.0188081	0.00235532	0.0280287
161	0.210481	0.00503004	0.00313685	0.00232724	0.0835682	0.0223452	0.00282377	0.185545	0.00250771	0.0434255	0.0291969	0.0125829	0.00127412	0.00347151	0.00292665	0.0398344	0.0108996	0.306564	0.00223266	0.0298261
162	0.0325666	0.000707455	0.331488	0.407312	0.000684007	0.0279621	0.00411762	0.00103895	0.0378281	0.00486551	0.000654856	0.0103552	0.00225751	0.0460869	0.0290785	0.0311542	0.019814	0.0111868	0.000295519	0.000545636
163	0.0826847	0.0064632	0.000643441	0.00731861	0.0422776	0.00469709	0.000937941	0.163526	0.00140316	0.341802	0.0477963	0.000976714	0.00250867	0.00143816	0.00683044	0.0139756	0.0379903	0.210382	0.0105723	0.0157752
164	0.0228562	0.0164034	0.000825574	0.00144565	0.06409	0.00152278	0.000802298	0.306802	0.00242181	0.214533	0.0789732	0.000950124	0.00176439	0.0024292	0.00701907	0.00442856	0.00720897	0.253074	0.00709586	0.0053543
165	0.238835	0.0046445	0.00224775	0.00242614	0.0341783	0.0200307	0.00433003	0.0476284	0.0185183	0.247991	0.137588	0.0168125	0.00205145	0.0169921	0.0178469	0.0366291	0.0975621	0.0492105	0.00229528	0.00218186
166	0.0325666	0.000707455	0.331488	0.407312	0.000684007	0.0279621	0.00411762	0.00103895	0.0378281	0.00486551	0.000654856	0.0103552	0.00225751	0.0460869	0.0290785	0.0311542	0.019814	0.0111868	0.000295519	0.000545636
167	0.385535	0.205664	0.00190393	0.00226203	0.0154141	0.0409661	0.00212967	0.0181157	0.0023632	0.00523633	0.0046784	0.0155866	0.00510956	0.0020644	0.00297686	0.16362	0.0524019	0.0606365	0.0116752	0.00166095
168	0.0210846	0.000871568	0.784224	0.010803	0.000968533	0.0196858	0.0104387	0.00155175	0.0103613	0.0020898	0.00103637	0.0622412	0.00936125	0.000927972	0.00686253	0.0223015	0.0316856	0.00245655	0.000371017	0.000677304
169	0.021041	0.00184691	0.00063008	0.00183108	0.165366	0.00184179	0.0011132	0.314977	0.00101265	0.233102	0.024535	0.000681737	0.00360029	0.000793504	0.00147283	0.00544609	0.00730586	0.159182	0.0286748	0.0255462
170	0.0303295	0.0768914	0.00153364	0.00174474	0.0208612	0.00247934	0.00137668	0.258639	0.00937422	0.150772	0.0140388	0.00148199	0.0010002	0.00176226	0.0318151	0.00377573	0.00426046	0.385511	0.0010475	0.00130501
171	0.0102878	0.000576961	0.000550604	0.000566439	0.203592	0.000923855	0.000595814	0.358377	0.000653432	0.194395	0.0231939	0.000438999	0.00380569	0.000537656	0.000759229	0.00473591	0.00447722	0.16351	0.0181486	0.0098731
172	0.00879285	0.0103486	0.0141683	0.00423329	0.00244506	0.00376552	0.0115738	0.00327022	0.00304678	0.00524323	0.00271316	0.0049413	0.00268246	0.00318525	0.00410109	0.379682	0.527235	0.00672029	0.000777477	0.00107426
173	0.30668	0.0204965	0.00664504	0.00675851	0.00256331	0.546312	0.00346452	0.00548811	0.00429048	0.00940227	0.00646714	0.0052072	0.007533	0.00606256	0.00540683	0.0262633	0.0137855	0.0136876	0.000681835	0.00280449
174	0.0414429	0.00406201	0.145928	0.462611	0.00557485	0.0209489	0.0086223	0.00836646	0.026815	0.0187331	0.00482936	0.0128653	0.00675737	0.118438	0.0279621	0.0315364	0.026654	0.0217874	0.0016771	0.00438939
175	0.00506803	0.000407508	0.00430962	0.00200576	0.0003113	0.97853	0.000556527	0.000585606	0.000430522	0.000758801	0.000360329	0.00125366	0.000268496	0.000418706	0.000657141	0.00215041	0.000721001	0.000854204	0.000122205	0.000230341
176	0.0992988	0.0524503	0.00300211	0.00450284	0.00322549	0.0576274	0.00343231	0.00553177	0.193939	0.0106362	0.0194783	0.0610295	0.00219225	0.0687768	0.2627	0.129616	0.00942828	0.00944033	0.00131173	0.00238115
177	0.0297044	0.0116039	0.000847774	0.00260453	0.0807132	0.00508669	0.00117143	0.122458	0.0013878	0.432982	0.0996347	0.000822704	0.0025526	0.00291925	0.00591715	0.0185785	0.0386119	0.127292	0.00383011	0.0112819
178	0.0224986	0.00121675	0.748108	0.0259453	0.00170643	0.0249715	0.0108615	0.0020724	0.0126832	0.00346156	0.00137903	0.0604118	0.00970849	0.00497192	0.00849108	0.0239695	0.0318055	0.0039824	0.000626887	0.00112814
179	0.204318	0.00541165	0.0510187	0.0714622	0.0473994	0.0619754	0.0708572	0.00458956	0.0396107	0.00939174	0.00334901	0.0282517	0.00535555	0.0245867	0.0667048	0.120577	0.0444427	0.0412901	0.0196937	0.079714
180	0.0782942	0.0145261	0.0310222	0.100188	0.0187947	0.0499724	0.0251226	0.0252056	0.0461749	0.040809	0.0181297	0.0278502	0.0167379	0.302043	0.0447424	0.0508557	0.045475	0.0441763	0.00565025	0.0142293
181	0.00516831	0.00620852	0.0120232	0.00245397	0.00156924	0.00247258	0.0117727	0.00219699	0.0019192	0.00321035	0.00169481	0.00209852	0.00173534	0.00185433	0.00250946	0.382702	0.553298	0.00360227	0.000513902	0.000996079
182	0.134807	0.00314372	0.00251387	0.00324573	0.00625545	0.0207698	0.00743894	0.0459338	0.0524869	0.373351	0.0440282	0.00254631	0.0348084	0.0362717	0.0239431	0.0122364	0.00649173	0.183493	0.00156944	0.00466605
183	0.0548277	0.00224913	0.0140025	0.00383097	0.0616283	0.0458201	0.184454	0.00488669	0.0150954	0.068823	0.0385615	0.0771648	0.00256844	0.0487382	0.13276	0.0736594	0.00771634	0.015595	0.00106422	0.146555
184	0.0042081	0.000480913	0.00671305	0.00269213	0.000441652	0.967427	0.00129593	0.00056075	0.0017594	0.000817758	0.00030519	0.00380761	0.000939965	0.00226983	0.00100296	0.00325185	0.00080415	0.000890034	0.000102276	0.000229035
185	0.0779863	0.0225239	0.013856	0.0494235	0.00861299	0.0324484	0.0203455	0.0165649	0.266092	0.0334676	0.013267	0.0231086	0.0132837	0.0523338	0.212201	0.0581655	0.0393238	0.0359312	0.00350444	0.00756035
186	0.279803	0.0175577	0.000993911	0.00225576	0.0139408	0.0229264	0.00103542	0.0937199	0.00273522	0.130839	0.0382141	0.00182464	0.000789263	0.00165879	0.00366711	0.0253689	0.0708342	0.283988	0.00207568	0.00577212
187	0.0455622	0.00248627	0.0017377	0.00213927	0.00228404	0.00308408	0.0109225	0.0822946	0.00242808	0.0164321	0.00236431	0.00205004	0.601371	0.0191921	0.00280114	0.0292434	0.0712124	0.0983807	0.00240178	0.00161216
188	0.142433	0.0147506	0.03059	0.00222957	0.116937	0.0543212	0.0232473	0.0713841	0.00355078	0.0281901	0.140193	0.00292445	0.0015421	0.030541	0.00313725	0.0998975	0.0223553	0.184309	0.00401779	0.0234485
