255	20
1	0.533564	0.0566646	0.000773753	0.000712154	0.00179929	0.0475032	0.00139463	0.0045115	0.00131903	0.00187011	0.00154117	0.00345634	0.00167982	0.0011358	0.000646408	0.231366	0.0596163	0.0459325	0.000309213	0.00420392
2	0.0150764	0.00566957	0.00052848	0.00131432	0.0149042	0.00118763	0.00275278	0.347759	0.00165511	0.27276	0.0502284	0.000716592	0.00176397	0.00125039	0.00156224	0.0083255	0.02296	0.240036	0.00597487	0.00357468
3	0.101239	0.0227654	0.0205457	0.0517257	0.00700712	0.0193217	0.0172096	0.024177	0.0218248	0.0282595	0.0255247	0.0121537	0.347831	0.0357845	0.0131369	0.12635	0.0756588	0.0357282	0.00378159	0.00997563
4	0.102646	0.0223088	0.0064432	0.0644849	0.00122015	0.00419866	0.0681794	0.0868136	0.034267	0.0732702	0.0189573	0.0103033	0.0603998	0.0791637	0.065414	0.0978605	0.0803831	0.0958935	0.00894663	0.0188461
5	0.00875927	0.00846416	0.00143352	0.000341597	0.0642328	0.000427666	0.00208505	0.184145	0.000469794	0.517987	0.0833842	0.00167647	0.00041788	0.00496752	0.000740757	0.00253753	0.00369421	0.111923	0.00056359	0.00174852
6	0.00918718	0.0101553	0.00168792	0.000273359	0.067766	0.000363159	0.00194211	0.151137	0.000460789	0.568263	0.0838919	0.00191247	0.000445699	0.00565485	0.000804307	0.00255179	0.00260337	0.0894791	0.000111951	0.00130859
7	0.0933647	0.00263598	0.0383027	0.0642377	0.00062826	0.0762855	0.0273589	0.00148955	0.131168	0.0040769	0.00185614	0.0384012	0.00184641	0.104968	0.0616826	0.227107	0.106949	0.0106707	0.00320669	0.00376452
8	0.00687771	0.0156067	0.389028	0.0690955	0.00164423	0.00544355	0.0450298	0.00200046	0.0248351	0.00456045	0.00278937	0.316703	0.00226569	0.00936483	0.00356308	0.0686878	0.0252226	0.00563326	0.000556919	0.00109236
9	0.182716	0.0573163	0.00157809	0.00179842	0.0152567	0.00295575	0.00246255	0.0892044	0.0028415	0.050938	0.0103469	0.00191276	0.0205231	0.00198899	0.00160151	0.0371714	0.0527851	0.464981	0.000532066	0.00108945
10	0.00932737	0.0101698	0.00167628	0.00028537	0.0687922	0.000358133	0.00200238	0.150802	0.000478453	0.565432	0.0852761	0.00190252	0.000454296	0.00562633	0.000810711	0.00255113	0.00260419	0.0899797	0.000113901	0.00135684
11	0.00891619	0.00860541	0.000331408	0.000451767	0.00494053	0.000496417	0.00210398	0.368805	0.000544469	0.0767443	0.00810541	0.000447454	0.000416929	0.000552266	0.000426295	0.00376524	0.012702	0.500635	0.00047003	0.000540322
12	0.00665987	0.0106983	0.00636582	0.0338178	0.00128431	0.0145857	0.0400396	0.00528913	0.270118	0.00601037	0.00997775	0.0396244	0.00399337	0.154023	0.336982	0.0410779	0.0109205	0.0060212	0.000875236	0.00163506
13	0.438729	0.0340574	0.00170431	0.000799886	0.00346061	0.0595048	0.00513035	0.00188955	0.003436	0.0033589	0.00207991	0.0108951	0.00251659	0.002263	0.000850097	0.359239	0.0444367	0.0175196	0.000259062	0.00787044
14	0.056118	0.00237635	0.0655466	0.312981	0.00140916	0.091427	0.00446611	0.0096772	0.105116	0.00595801	0.0216336	0.0406496	0.0331317	0.150869	0.0381881	0.0214639	0.0303861	0.00659454	0.000502598	0.00150584
15	0.0810354	0.0372066	0.0182696	0.0266007	0.0145445	0.0319841	0.0335916	0.0462795	0.0326046	0.0418226	0.0200827	0.0437262	0.0414961	0.0269023	0.0240022	0.142736	0.254296	0.0643329	0.00428188	0.014205
16	0.0441109	0.0305147	0.00429989	0.00740243	0.00197123	0.774645	0.0086049	0.0027914	0.0152194	0.0151506	0.00328312	0.0060657	0.00306047	0.00504273	0.00231647	0.0388324	0.0289892	0.0049814	0.000990834	0.00172701
17	0.0652857	0.0522169	0.00590306	0.00610158	0.0046417	0.0138401	0.0235074	0.016734	0.00915757	0.0106011	0.00772026	0.0413529	0.0383312	0.00854594	0.00683151	0.352682	0.310605	0.0199769	0.00161495	0.00435068
18	0.0496454	0.0311278	0.00427716	0.0103324	0.00151234	0.764448	0.00818684	0.00310528	0.0167562	0.0144223	0.00292354	0.00617924	0.00257601	0.00568915	0.0024796	0.0402703	0.0289744	0.00440469	0.000945546	0.00174401
19	0.0347634	0.00521218	0.0157766	0.0217189	0.00257268	0.0155493	0.02547	0.0115805	0.437028	0.0189846	0.00503448	0.0284119	0.0170283	0.0435292	0.204924	0.0563136	0.0360775	0.0128901	0.000930326	0.00620491
20	0.0910692	0.0371928	0.0225507	0.029693	0.0126541	0.0315617	0.0319455	0.0367521	0.0382378	0.0349194	0.0193939	0.0419152	0.0425572	0.0301595	0.0283596	0.150686	0.243758	0.0560305	0.00561501	0.0149492
21	0.00920851	0.0101494	0.00168046	0.000275282	0.0682535	0.000361751	0.00198334	0.150884	0.000468351	0.567074	0.0845226	0.0019055	0.000450409	0.00562911	0.000804372	0.00255506	0.00260831	0.0897447	0.000110278	0.0013313
22	0.534385	0.0576112	0.000782103	0.000714965	0.00174036	0.0470009	0.00145033	0.00483634	0.00141877	0.00194331	0.00157056	0.00340037	0.00160637	0.00117928	0.000669505	0.228717	0.0595975	0.0470669	0.000306716	0.00400277
23	0.00529641	0.00394023	0.000881074	0.000966133	0.395408	0.000934652	0.0474129	0.00126753	0.0131275	0.0707946	0.0162696	0.00117843	0.0010526	0.00909404	0.00101792	0.0162559	0.0209617	0.0117918	0.0136225	0.368727
24	0.179761	0.104745	0.0026124	0.00507476	0.011395	0.0515209	0.0198511	0.0966683	0.00389455	0.15142	0.0550563	0.00943248	0.00417969	0.0107674	0.00355749	0.0868789	0.062317	0.114987	0.0014092	0.0244724
25	0.0516248	0.017919	0.000357073	0.00199347	0.0059245	0.00225146	0.000841897	0.26949	0.00322563	0.187707	0.0623997	0.000557524	0.00437702	0.00073826	0.00405626	0.0126923	0.0455041	0.322174	0.00233849	0.00382717
26	0.109282	0.0244411	0.0191919	0.0285481	0.0103094	0.0189535	0.0187842	0.0154127	0.0257193	0.0139013	0.0107709	0.0177964	0.460675	0.0207265	0.00973403	0.0853571	0.0572025	0.0354843	0.00202385	0.0156856
27	0.01356	0.00492377	0.000498153	0.00143672	0.0140343	0.000880292	0.00257815	0.352417	0.00191051	0.265223	0.05003	0.000699321	0.00150647	0.00117386	0.00185999	0.00936954	0.0238815	0.246824	0.00387117	0.00332277
28	0.00358201	0.00187512	0.00050726	0.00096387	0.0217231	0.0006481	0.0031637	0.364259	0.00112572	0.290713	0.0462323	0.00069757	0.000566899	0.00148034	0.000875904	0.00613867	0.0139729	0.234434	0.00378184	0.00325883
29	0.321852	0.1226	0.00261699	0.00323048	0.00614223	0.0869303	0.00999247	0.0551178	0.0046764	0.0394455	0.0157055	0.00526442	0.00458438	0.0055721	0.00301605	0.135695	0.0499086	0.118759	0.00114331	0.00774671
30	0.006889	0.00660748	0.00117253	0.000402401	0.0501773	0.000444798	0.00240543	0.232768	0.000560845	0.47027	0.0717781	0.0014761	0.00043314	0.00416305	0.000693773	0.00318036	0.00582137	0.13748	0.00136522	0.00191117
31	0.00936303	0.00917974	0.000318872	0.000356342	0.0041094	0.000473813	0.00211966	0.368674	0.00046862	0.0558672	0.00422592	0.000464212	0.000377123	0.000534424	0.000358301	0.00331007	0.0126176	0.526777	0.000154731	0.000250496
32	0.00352375	0.00193258	0.000544066	0.000879312	0.023696	0.000604276	0.00319027	0.357269	0.00103914	0.304957	0.0491291	0.000743249	0.000559319	0.00154589	0.000825796	0.0059911	0.0132827	0.223608	0.00368258	0.00299733
33	0.192335	0.0703142	0.00162916	0.00271415	0.0131869	0.0125617	0.005231	0.0741899	0.00274257	0.0628896	0.0134402	0.00284789	0.0157361	0.00348511	0.00154186	0.062799	0.0628606	0.394816	0.000695698	0.00398318
34	0.0776433	0.0162962	0.0188112	0.0252941	0.0129025	0.0142258	0.019605	0.0137926	0.0304753	0.0116672	0.00870519	0.0192311	0.520962	0.0210073	0.00923673	0.0769083	0.0512506	0.0285711	0.00206011	0.021354
35	0.126524	0.0414549	0.0107448	0.0163749	0.00879619	0.0252682	0.0240142	0.0436749	0.0199553	0.0384703	0.0235793	0.0292432	0.0322275	0.0223601	0.0204579	0.179141	0.225414	0.0994739	0.00304969	0.00977529
36	0.0240808	0.00639809	0.00967361	0.0224305	0.00198658	0.0132283	0.0380711	0.00999344	0.371919	0.0114313	0.00635809	0.0298193	0.0120115	0.0752094	0.275176	0.052006	0.0253827	0.00967327	0.000799098	0.00435237
37	0.0445977	0.0125646	0.177138	0.323681	0.0038118	0.040519	0.0139982	0.0131404	0.0664861	0.0150321	0.0101278	0.0347359	0.0284393	0.0682258	0.0227874	0.0599515	0.0394353	0.0166115	0.00154031	0.00717646
38	0.018765	0.0116063	0.00173031	0.00142756	0.0485624	0.00148401	0.00290813	0.193254	0.00209811	0.459548	0.0695622	0.00326323	0.00287553	0.00563993	0.00170586	0.00850692	0.0114335	0.151282	0.00124063	0.00310691
39	0.51911	0.0645936	0.000849191	0.0011243	0.00192286	0.0486924	0.00190408	0.0090723	0.00147468	0.00439313	0.00265677	0.003235	0.00167562	0.00141026	0.000908252	0.213619	0.059043	0.060189	0.000323255	0.00380409
40	0.0741638	0.0194224	0.0122246	0.034642	0.00689142	0.00288026	0.0149957	0.10019	0.0543681	0.208574	0.0477715	0.0215166	0.00805324	0.0901293	0.0548265	0.0746267	0.0873175	0.0810094	0.00274252	0.00365403
41	0.0871172	0.0196048	0.0410825	0.0775246	0.00868523	0.0299261	0.0331999	0.032092	0.0811824	0.0356847	0.0171143	0.0396276	0.0274449	0.116198	0.0596292	0.116148	0.123557	0.0388281	0.00445877	0.0108947
42	0.0328986	0.0338155	0.00923305	0.0027826	0.122855	0.0183309	0.0731478	0.020062	0.00229508	0.0806313	0.0281038	0.0357487	0.00969368	0.00244791	0.0744115	0.0521037	0.0743393	0.0503858	0.0781141	0.1986
43	0.00301257	0.00163595	0.000531475	0.000957669	0.0216388	0.000611455	0.00328466	0.364755	0.0011087	0.29968	0.0468657	0.000729834	0.000516039	0.0015073	0.000837179	0.00618701	0.0134978	0.225794	0.00384943	0.00299992
44	0.0697981	0.0302583	0.00169439	0.00266976	0.00904207	0.00252549	0.00289795	0.234932	0.00400059	0.0792704	0.0217556	0.00195542	0.00810711	0.00288635	0.0032406	0.01925	0.0515886	0.449603	0.00124294	0.00328061
45	0.170428	0.070445	0.00793322	0.0138476	0.00488251	0.0414383	0.0160956	0.0274799	0.0030952	0.0219711	0.0244557	0.00544695	0.238783	0.00892983	0.00285648	0.16686	0.104548	0.0603743	0.00492876	0.00520005
46	0.0417941	0.038572	0.00235194	0.0048055	0.0014548	0.77656	0.00778073	0.00255238	0.0133007	0.0139879	0.00231228	0.00377248	0.0018554	0.00264399	0.00165882	0.0473255	0.0318414	0.00354948	0.00070534	0.00117565
47	0.144897	0.120629	0.00284937	0.00535844	0.0113766	0.0557112	0.0330394	0.0789892	0.00334496	0.143843	0.0452474	0.0158771	0.00281284	0.0182697	0.00308035	0.102712	0.0675346	0.0905991	0.00108751	0.0527411
48	0.0802932	0.0223705	0.0267684	0.104903	0.00244529	0.439371	0.0115766	0.00820693	0.0493526	0.0160289	0.00986522	0.0192398	0.0149703	0.0500197	0.0200201	0.0644849	0.0444399	0.01117	0.00182515	0.00264765
49	0.101146	0.0140938	0.0535677	0.130662	0.00247856	0.0184775	0.0229962	0.0570638	0.0683822	0.0460553	0.0239194	0.0270415	0.0282373	0.095578	0.0501798	0.104361	0.0906158	0.0586281	0.00276022	0.0037558
50	0.031719	0.00993801	0.0225821	0.0226876	0.0084092	0.0256792	0.0254401	0.00528127	0.319228	0.0164388	0.00667391	0.143068	0.0211836	0.029216	0.124373	0.131272	0.0414673	0.00956695	0.00107457	0.00470155
51	0.027234	0.00221866	0.00593534	0.0020772	0.00114331	0.00649868	0.0213031	0.0050741	0.545522	0.0140443	0.00182825	0.0108318	0.0169443	0.0285858	0.233799	0.0357712	0.0286911	0.00479636	0.00061029	0.00709094
52	0.0713764	0.013467	0.0515403	0.0605988	0.014804	0.0346136	0.0431714	0.00268327	0.150348	0.0231074	0.00963227	0.144344	0.00762326	0.0679359	0.0738688	0.155366	0.0579158	0.0118271	0.000911082	0.00486672
53	0.278696	0.0410044	0.0038282	0.00745873	0.00287236	0.0291673	0.0507952	0.00538027	0.0679477	0.0304721	0.00753892	0.0178413	0.00431528	0.00993466	0.00604792	0.336176	0.0801085	0.0151317	0.00156256	0.00372076
54	0.0745633	0.00920884	0.0681864	0.18011	0.00443091	0.0361327	0.0238069	0.0104892	0.121675	0.0179488	0.00962677	0.0515896	0.0171235	0.109786	0.0659848	0.115986	0.0590138	0.0189202	0.00167614	0.00374052
55	0.0354178	0.00564844	0.0139885	0.0240869	0.00278348	0.0161238	0.0264298	0.009323	0.425269	0.0144207	0.00523333	0.0266184	0.0197066	0.0522926	0.214872	0.0561588	0.0335746	0.0106242	0.00107372	0.00635404
56	0.225748	0.0155553	0.0315311	0.0369037	0.00273688	0.066613	0.0180198	0.00385848	0.0648828	0.00652279	0.00387055	0.0392726	0.00744207	0.0563076	0.030938	0.294358	0.0751012	0.0131353	0.0019643	0.00523847
57	0.0199912	0.00413997	0.0077515	0.0117402	0.0012685	0.0126861	0.0280339	0.0064486	0.430181	0.00810637	0.0039327	0.0237598	0.0113546	0.0547883	0.281964	0.0576721	0.02555	0.0055796	0.000796895	0.00425529
58	0.00849087	0.00878464	0.00151034	0.000306746	0.0582198	0.000426487	0.00207295	0.185688	0.000518963	0.53345	0.0770283	0.00175148	0.000447426	0.00503241	0.000760699	0.00287433	0.00425896	0.106	0.000795358	0.00158276
59	0.0410555	0.0108538	0.0187174	0.0293858	0.00292289	0.013747	0.0293335	0.0289048	0.290009	0.0275907	0.00936532	0.0380446	0.0110111	0.0667234	0.216481	0.0800883	0.0452606	0.0350467	0.00142364	0.00403491
60	0.0384584	0.00540237	0.0103242	0.00690233	0.00182442	0.00667465	0.0197779	0.0189353	0.470044	0.0367158	0.00557062	0.0166044	0.0137568	0.0339967	0.211983	0.0399376	0.0378524	0.0177956	0.00110266	0.00634
61	0.046718	0.0310649	0.00365565	0.00613111	0.00245987	0.760444	0.00880088	0.00392048	0.0161811	0.0145064	0.00347397	0.00586273	0.00351861	0.00420573	0.00293705	0.0468506	0.0308804	0.00563549	0.000722463	0.00203076
62	0.0574186	0.0189472	0.000362556	0.00253179	0.006828	0.00267593	0.000698475	0.254224	0.00373652	0.212459	0.0733168	0.000630485	0.00507738	0.000772179	0.00479289	0.01488	0.0509172	0.282052	0.00276848	0.00490914
63	0.0148913	0.0699506	0.00363709	0.00354252	0.00309807	0.00600652	0.0322546	0.0224427	0.00528299	0.00682755	0.00500679	0.0637493	0.0623821	0.00549018	0.0049114	0.265934	0.404495	0.0158033	0.0013647	0.00292996
64	0.00624851	0.00349734	0.000505279	0.00088619	0.0192188	0.000641247	0.00290476	0.364419	0.0011056	0.242189	0.0385994	0.000750836	0.000734625	0.00121329	0.000916593	0.00620652	0.0148538	0.288924	0.00302213	0.00316334
65	0.0105209	0.00787223	0.00118303	0.000559171	0.0462537	0.000590063	0.00218079	0.226901	0.000720246	0.458702	0.0671622	0.00158511	0.000826425	0.00504359	0.000950981	0.00436254	0.00799168	0.15336	0.00134446	0.00188907
66	0.00968104	0.00934854	0.000326167	0.000366338	0.00416053	0.000476983	0.00218274	0.367133	0.000490918	0.054745	0.00413513	0.000481903	0.000379769	0.000537902	0.000363485	0.00343067	0.013281	0.528073	0.000155202	0.000250613
67	0.459541	0.0630747	0.00103022	0.00094015	0.00234404	0.0899755	0.00505169	0.00364661	0.00455038	0.00523006	0.00228444	0.00615439	0.00192612	0.00160594	0.00107851	0.259379	0.0577587	0.0290149	0.00044183	0.00497198
68	0.11846	0.0309197	0.01664	0.0266278	0.00673371	0.292565	0.0183678	0.0169061	0.032435	0.0208852	0.0140417	0.0194423	0.0233864	0.0285134	0.0201078	0.121553	0.148484	0.0326929	0.00356933	0.00766896
69	0.0571241	0.00664554	0.0229684	0.0355372	0.0135148	0.0138721	0.0223408	0.0122249	0.0947474	0.0118253	0.00743639	0.0239523	0.46897	0.028088	0.0302936	0.0640985	0.0414209	0.0218891	0.00164437	0.0214059
70	0.0651012	0.0324076	0.00757952	0.0140668	0.00193757	0.687886	0.00979803	0.0035522	0.02732	0.0161135	0.00400512	0.00796976	0.00430003	0.0101657	0.00601085	0.0523414	0.0405901	0.00590207	0.00100084	0.00195217
71	0.0878679	0.018334	0.0242789	0.0441862	0.00745961	0.0131399	0.0312099	0.0331648	0.113078	0.025587	0.0127408	0.036395	0.109259	0.0455122	0.12198	0.12471	0.100205	0.0389353	0.00351773	0.00843925
72	0.00923673	0.00980547	0.00163135	0.000292736	0.0666928	0.000378215	0.00193871	0.158245	0.000475133	0.557822	0.0832339	0.00186019	0.000457679	0.00546754	0.000789179	0.00262839	0.00303707	0.0943455	0.000266144	0.00139619
73	0.0789017	0.0252146	0.00357076	0.00628702	0.00894012	0.00439594	0.00555232	0.0772276	0.00606211	0.51656	0.0189082	0.0222183	0.0206798	0.0285445	0.00584979	0.0497653	0.0162066	0.100123	0.00163318	0.003359
74	0.0562776	0.0128519	0.0915385	0.0581076	0.0213722	0.0173145	0.0250066	0.0166996	0.0386784	0.018728	0.0123545	0.0229661	0.357032	0.0277106	0.0136093	0.0655246	0.0455222	0.0263322	0.00569941	0.0666743
75	0.0626829	0.0236951	0.0284612	0.029584	0.0442469	0.0381771	0.140175	0.0241136	0.067593	0.0426322	0.0183589	0.0863621	0.0319218	0.0380795	0.0514483	0.0977496	0.0777723	0.0382877	0.00706446	0.0515941
76	0.00923446	0.0100215	0.00165619	0.000282717	0.066521	0.000363566	0.00193599	0.15442	0.000453615	0.564453	0.0832463	0.0019431	0.00044066	0.00554501	0.000796344	0.00259801	0.00284911	0.0917023	0.000197064	0.00133964
77	0.0501089	0.00794072	0.0598269	0.176989	0.00417012	0.0361588	0.0203813	0.00468799	0.144169	0.0200713	0.0123803	0.0693357	0.0200161	0.139271	0.11107	0.0674156	0.0388613	0.0143847	0.000668577	0.00209244
78	0.0508662	0.0149371	0.0123656	0.00283716	0.00437705	0.00415546	0.177313	0.00343925	0.0413559	0.00699158	0.0250792	0.327756	0.0216184	0.0229217	0.048979	0.0934316	0.10071	0.038131	0.000992263	0.00174302
79	0.0524426	0.0348981	0.0145357	0.0170656	0.0235565	0.0182907	0.0966973	0.0221205	0.0407676	0.0291296	0.0184445	0.0836809	0.0327319	0.027098	0.0367362	0.119298	0.256848	0.0389757	0.0083699	0.028313
80	0.112518	0.0121985	0.0420857	0.130939	0.00608379	0.0172638	0.0407188	0.00706337	0.12877	0.027877	0.0113169	0.0706379	0.00974176	0.10216	0.0621372	0.13558	0.0526011	0.0257984	0.00116473	0.00334335
81	0.269538	0.0612	0.00258922	0.00168509	0.00234636	0.0379931	0.0201613	0.00269669	0.0102291	0.00987836	0.00524753	0.03479	0.0027044	0.00306241	0.00210528	0.442183	0.0672898	0.0202807	0.000504791	0.00351522
82	0.069649	0.017433	0.059553	0.0665115	0.0228746	0.0243193	0.0364233	0.00283656	0.150342	0.0348796	0.0129406	0.155835	0.00741765	0.0563479	0.0833893	0.134753	0.0471806	0.0100766	0.000463451	0.00677452
83	0.055032	0.0181819	0.000429282	0.00233883	0.00930962	0.00254169	0.0007566	0.249271	0.00347726	0.23626	0.0744827	0.000652085	0.00480872	0.00105643	0.00441391	0.0138519	0.0496752	0.265603	0.00294754	0.00491004
84	0.00547116	0.0122246	0.0077877	0.0400707	0.00140486	0.0157071	0.0408071	0.00513178	0.230838	0.00688424	0.0111812	0.0408761	0.0034265	0.172119	0.342889	0.0436482	0.0108243	0.00639609	0.000974317	0.00133785
85	0.014778	0.017364	0.00343695	0.00129547	0.286586	0.00652658	0.0589191	0.00787858	0.00852569	0.0686931	0.0217779	0.0119678	0.00379042	0.00620908	0.0229552	0.029056	0.0429602	0.0265962	0.0435947	0.317089
86	0.00915759	0.010108	0.00167842	0.000275514	0.0673924	0.00036372	0.00195621	0.152568	0.000457784	0.566941	0.0834272	0.00189982	0.000451197	0.00563582	0.00081015	0.00255731	0.00262775	0.0902299	0.000140097	0.00132217
87	0.00941831	0.00920855	0.000318678	0.000362808	0.00408548	0.000475462	0.00213227	0.368261	0.000469173	0.055497	0.00420716	0.000464051	0.000378018	0.000534993	0.000358569	0.0033179	0.0126402	0.527469	0.000154595	0.000246971
88	0.00939887	0.00968549	0.00159993	0.000363509	0.073629	0.00041506	0.00221079	0.155435	0.000506232	0.540977	0.0911098	0.00193952	0.000467961	0.00527161	0.000801335	0.00267485	0.00294342	0.098193	0.00024358	0.00213472
89	0.028856	0.0112612	0.318124	0.304345	0.00205276	0.0158827	0.0146625	0.004924	0.0494288	0.00611759	0.00490993	0.0798739	0.0109281	0.0470476	0.00851631	0.0462918	0.0308695	0.00761984	0.00111227	0.00717683
90	0.0505203	0.0121437	0.170974	0.330385	0.00401932	0.0306886	0.0142363	0.0134094	0.0686982	0.0157147	0.0111934	0.0293059	0.0227885	0.0738109	0.0241996	0.0607784	0.0417718	0.0162684	0.00139227	0.00770152
91	0.46721	0.0858573	0.00198566	0.00180696	0.00237783	0.0695196	0.00575339	0.0123054	0.00420113	0.00803269	0.00502944	0.00529326	0.00450327	0.00205953	0.00127346	0.208026	0.0563806	0.0534944	0.000710359	0.00418006
92	0.0312081	0.0158569	0.335231	0.168036	0.003296	0.0122154	0.0273563	0.00700328	0.0444907	0.0129967	0.00618967	0.161084	0.0078192	0.0345697	0.0138983	0.0672517	0.0343764	0.0108497	0.00109301	0.00517833
93	0.0456381	0.0155112	0.000484966	0.00217799	0.0138216	0.00217923	0.00115506	0.260423	0.00310592	0.253342	0.0746829	0.00069084	0.00398862	0.00110859	0.0037744	0.0124444	0.0442802	0.253666	0.00288831	0.00463695
94	0.009706	0.010282	0.00165268	0.000448484	0.0705941	0.000386154	0.00235036	0.15061	0.000464962	0.557012	0.0872115	0.00202004	0.000485245	0.00562982	0.000797982	0.00285363	0.00303732	0.0922615	0.000209418	0.00198741
95	0.00774354	0.0115329	0.322173	0.468375	0.00153398	0.0134362	0.00317476	0.00335529	0.0526278	0.00385709	0.0025048	0.00338722	0.00281662	0.0436594	0.00176073	0.0257814	0.0161723	0.00445988	0.000805816	0.0108418
96	0.0282836	0.005669	0.002988	0.00563639	0.00794293	0.00369402	0.0204236	0.0163939	0.00451258	0.416587	0.367439	0.00547076	0.0036012	0.0385848	0.00318768	0.0122563	0.00952009	0.0440766	0.00123537	0.00249757
97	0.068167	0.0330449	0.00477129	0.0063029	0.0023198	0.700555	0.0114501	0.00446966	0.0172679	0.0150646	0.00326597	0.0085744	0.00351717	0.00544894	0.0062701	0.0631013	0.0341263	0.0089417	0.000977285	0.00236369
98	0.00529641	0.00394023	0.000881074	0.000966133	0.395408	0.000934652	0.0474129	0.00126753	0.0131275	0.0707946	0.0162696	0.00117843	0.0010526	0.00909404	0.00101792	0.0162559	0.0209617	0.0117918	0.0136225	0.368727
99	0.0503476	0.0031912	0.0803519	0.325442	0.00148661	0.0902554	0.0046639	0.0111366	0.102104	0.00548314	0.0188996	0.0356271	0.0291837	0.145342	0.0324358	0.0259143	0.0290034	0.0064845	0.000672626	0.00197586
100	0.0656878	0.00651357	0.0653476	0.222658	0.00370328	0.0488334	0.0160237	0.00654499	0.128207	0.0149648	0.0161186	0.0608074	0.0255146	0.127599	0.0712442	0.0636313	0.0416688	0.0123173	0.000638697	0.00197566
101	0.125605	0.00429268	0.256796	0.176428	0.0017092	0.0115861	0.015049	0.00833874	0.0432494	0.00929787	0.00433317	0.0267217	0.0276366	0.0852862	0.0147015	0.0755786	0.0976757	0.0119693	0.00114091	0.00260469
102	0.00282886	0.00138934	0.000511072	0.000994055	0.0202609	0.000623921	0.00335204	0.370487	0.00114481	0.290692	0.0456715	0.000726784	0.000522282	0.00139444	0.000834066	0.006385	0.0140452	0.230994	0.00404579	0.00309812
103	0.0774706	0.0216782	0.0247583	0.0320957	0.00080027	0.00315105	0.0225171	0.104161	0.109682	0.0951096	0.0239997	0.0271897	0.00925661	0.0821591	0.0942025	0.0775184	0.0984291	0.0896296	0.00372818	0.00246296
104	0.0651503	0.0188626	0.0127532	0.0035756	0.00469847	0.0057433	0.152827	0.00383192	0.0410997	0.00686446	0.0267485	0.305543	0.0190327	0.0210925	0.0513952	0.0962587	0.110824	0.0505867	0.0010622	0.00204934
105	0.0346932	0.0146106	0.000316645	0.00133285	0.00534773	0.00148249	0.00119042	0.308795	0.00219092	0.139668	0.041737	0.000479982	0.00286748	0.000616325	0.00260362	0.0093236	0.0316398	0.397345	0.0015204	0.00223913
106	0.00937879	0.0102831	0.00167551	0.00037645	0.0676974	0.000374073	0.0020163	0.150073	0.000506356	0.565713	0.086324	0.0019561	0.000466183	0.00582553	0.000808308	0.00258913	0.00282636	0.089517	0.000178038	0.00141466
107	0.0867677	0.0331143	0.00079906	0.0023094	0.00819596	0.00463624	0.00231094	0.212335	0.00387746	0.182842	0.0544952	0.00188649	0.00819796	0.00218858	0.00419356	0.0255942	0.0498255	0.309476	0.00218521	0.00476867
108	0.326264	0.0518292	0.00573158	0.0119641	0.00517625	0.040363	0.0127437	0.0246372	0.0121603	0.0240115	0.0135665	0.0150865	0.0200047	0.0112193	0.00750584	0.25964	0.0706666	0.0786317	0.00141339	0.00738478
109	0.395314	0.04891	0.00578201	0.00929924	0.00308095	0.0497431	0.0088449	0.0108268	0.0130015	0.0112715	0.00661665	0.012114	0.0123937	0.0101571	0.00751345	0.267862	0.0818386	0.0384088	0.00118405	0.0058377
110	0.0444263	0.0312468	0.0121228	0.0148672	0.00644317	0.00793162	0.105539	0.0168736	0.0266606	0.0133214	0.0158414	0.16202	0.0603203	0.0189353	0.029288	0.118456	0.25397	0.0534923	0.00208581	0.0061581
111	0.0431369	0.0150287	0.000854907	0.00199595	0.0287686	0.00189055	0.00112729	0.211128	0.00266207	0.347398	0.0759436	0.00124782	0.003639	0.00296598	0.00447083	0.010814	0.0328457	0.208734	0.00161045	0.0037375
112	0.00422389	0.0158664	0.409441	0.0727308	0.00116384	0.00467378	0.038874	0.00193776	0.0236389	0.00416888	0.00178246	0.314893	0.00147837	0.00863056	0.00135416	0.0658323	0.0232161	0.00449557	0.00054356	0.00105483
113	0.0647259	0.00731904	0.0178614	0.019016	0.0126124	0.00980283	0.0258559	0.0211339	0.0260736	0.00755162	0.00500153	0.0233504	0.580392	0.01632	0.00266053	0.0691324	0.0333368	0.0206995	0.000899115	0.0362555
114	0.0938271	0.023504	0.0250702	0.0369929	0.00149426	0.00356931	0.0197379	0.109575	0.0869781	0.0862555	0.0243089	0.0187035	0.0102729	0.0718508	0.0660804	0.0711172	0.0890803	0.155378	0.00338547	0.00281841
115	0.0308167	0.0314602	0.00852813	0.00274421	0.123992	0.0165113	0.071889	0.0237296	0.00214606	0.0865902	0.0319716	0.0336184	0.0104899	0.00233755	0.0716686	0.0537405	0.0768267	0.0546074	0.0730256	0.193307
116	0.0092466	0.00921977	0.000319792	0.000359475	0.00420992	0.000478636	0.00208576	0.368675	0.000476766	0.0573672	0.00438964	0.000453807	0.000379585	0.000538195	0.000360607	0.00330328	0.0125231	0.52516	0.000154116	0.000297917
117	0.0932343	0.00414137	0.0591378	0.0794941	0.00188791	0.0689769	0.02739	0.00358105	0.121466	0.00839593	0.00347124	0.0378662	0.00516594	0.098534	0.0642673	0.19376	0.102032	0.0166793	0.00468078	0.0058381
118	0.0591983	0.0189012	0.000376193	0.0026051	0.00668401	0.00275526	0.000639472	0.250317	0.00382997	0.21375	0.0751131	0.000564441	0.00528196	0.000785724	0.00488576	0.0149503	0.0525278	0.278932	0.00281603	0.00508608
119	0.0822563	0.0217995	0.0181935	0.0243196	0.0103498	0.0164861	0.0200309	0.0173018	0.0272541	0.0154621	0.0124256	0.0191124	0.470341	0.0200259	0.00904237	0.103482	0.0618196	0.030083	0.00216641	0.0180478
120	0.144495	0.00189964	0.103337	0.180687	0.00119153	0.0143637	0.0112666	0.0129264	0.0356254	0.0141223	0.00335051	0.0216122	0.061549	0.0730943	0.0236832	0.145433	0.132258	0.0170761	0.000757554	0.00127245
121	0.0930196	0.00253535	0.0377214	0.0628612	0.000684834	0.0772314	0.0272134	0.00145355	0.131048	0.00388163	0.00177445	0.0381712	0.00177729	0.104832	0.0618021	0.228336	0.108236	0.0104859	0.00319353	0.00374179
122	0.0143092	0.0108957	0.00159054	0.000780032	0.0584565	0.000635891	0.00242568	0.163329	0.00104612	0.528527	0.0819186	0.0024218	0.00152038	0.00607669	0.00131665	0.00519477	0.00730783	0.109896	0.000613133	0.00173848
123	0.0692897	0.0166898	0.0314591	0.0241548	0.000976271	0.00285734	0.0206769	0.10211	0.148844	0.0895547	0.0238459	0.0328831	0.00409354	0.0795649	0.101372	0.0711179	0.0934705	0.0830288	0.00276136	0.00124936
124	0.0591936	0.0189448	0.000376524	0.00262242	0.00669285	0.00276249	0.000639975	0.250101	0.00383192	0.213702	0.075197	0.00056976	0.00527241	0.000785733	0.00487801	0.0149464	0.0525547	0.278992	0.00281243	0.00512326
125	0.0467888	0.0149649	0.000391113	0.00322626	0.00814068	0.0021915	0.00113384	0.277443	0.0042577	0.218833	0.0684728	0.000574994	0.00448866	0.000800613	0.00513063	0.0145302	0.045823	0.275504	0.00275247	0.00455114
126	0.0491686	0.0218909	0.000853255	0.00125213	0.00630534	0.00126963	0.00193698	0.28381	0.00201352	0.0747721	0.0169467	0.00078881	0.00516318	0.00107039	0.0015488	0.0104452	0.039436	0.479403	0.000707768	0.00121761
127	0.0545408	0.00544037	0.0262584	0.0376436	0.0153501	0.00894819	0.0234603	0.0140696	0.0340124	0.00843829	0.00521234	0.0266108	0.545531	0.0253378	0.0083762	0.082114	0.035275	0.02204	0.000656045	0.0206848
128	0.182748	0.0693207	0.0149972	0.0305034	0.0053724	0.0494312	0.00769512	0.0254752	0.00345664	0.0244145	0.0521517	0.00376657	0.149389	0.0128022	0.00232685	0.211185	0.0890662	0.0512542	0.0111599	0.0034838
129	0.0731227	0.0107205	0.0467136	0.0790782	0.008348	0.0452877	0.0392493	0.00405738	0.162687	0.0174725	0.0066424	0.097778	0.00916871	0.0825497	0.0764847	0.158579	0.062159	0.0139946	0.00153674	0.00437026
130	0.102059	0.0243926	0.00695275	0.0607595	0.0033326	0.00506004	0.0593868	0.0855636	0.0327614	0.105595	0.0308357	0.0109011	0.0417457	0.0851781	0.0587117	0.0928991	0.078975	0.0884299	0.00697333	0.0194869
131	0.0166902	0.00369977	0.00545843	0.00704425	0.000957747	0.00942255	0.0297079	0.0062311	0.464348	0.00775208	0.00294779	0.0165462	0.0104534	0.0508675	0.29717	0.039671	0.0208288	0.00488209	0.000614384	0.00470636
132	0.00922507	0.010189	0.00167312	0.000293658	0.0677249	0.000382883	0.0019972	0.152024	0.000463792	0.565981	0.0836655	0.00194346	0.00045754	0.00562968	0.000832478	0.00267563	0.00278401	0.090244	0.000218531	0.00159453
133	0.18452	0.0574115	0.00165474	0.00177911	0.0155716	0.00296631	0.0025135	0.0860948	0.00277118	0.0470749	0.0089841	0.00194402	0.0214761	0.00207545	0.00153816	0.0377714	0.0532354	0.469023	0.000561228	0.00103379
134	0.184996	0.0732108	0.00630477	0.0116639	0.0164562	0.045612	0.0104594	0.049182	0.00311191	0.0491924	0.0383928	0.0065241	0.0180476	0.0141386	0.00293071	0.234191	0.140686	0.0773848	0.00207705	0.0154373
135	0.0196589	0.0123416	0.00281661	0.00262801	0.0565552	0.00385156	0.00411258	0.158648	0.00229294	0.503213	0.077836	0.00521257	0.00216469	0.00938162	0.00337631	0.0118888	0.0114735	0.106153	0.00181349	0.00458099
136	0.19321	0.103189	0.00205799	0.00397049	0.0161087	0.0484015	0.0197337	0.100521	0.00234365	0.109531	0.0357664	0.00709803	0.00396573	0.00819266	0.00200272	0.108091	0.0784022	0.134627	0.000729791	0.0220585
137	0.469421	0.0329468	0.00157112	0.000673897	0.00368545	0.0650014	0.00269284	0.00175206	0.00172724	0.00209364	0.00168767	0.00837222	0.00268993	0.00193721	0.000657686	0.332751	0.0435522	0.0175811	0.000232403	0.00897258
138	0.0654096	0.0330357	0.00290321	0.0158048	0.098758	0.0106319	0.0202205	0.106323	0.00370019	0.14762	0.0718586	0.0134634	0.00413482	0.00607493	0.0101194	0.0460653	0.0705883	0.176902	0.0119795	0.0844064
139	0.00916579	0.0101383	0.00168366	0.00027384	0.0678313	0.000364225	0.00193772	0.151387	0.000461231	0.567834	0.0838853	0.00190233	0.000440789	0.00564367	0.000803752	0.00253122	0.00261464	0.0896734	0.000112329	0.00131572
140	0.0724508	0.0179618	0.029733	0.0253147	0.000930385	0.00281791	0.0202111	0.102522	0.138819	0.0907145	0.0239324	0.0320868	0.00496824	0.078926	0.10043	0.0730486	0.0952828	0.0855234	0.00299385	0.00133239
141	0.00950079	0.00368339	0.000439925	0.00117527	0.0198557	0.000757321	0.0028696	0.353991	0.00133494	0.282021	0.0510582	0.000674771	0.00103031	0.0012555	0.00133001	0.00725479	0.0191531	0.235703	0.00363232	0.00327801
142	0.00941831	0.00920855	0.000318678	0.000362808	0.00408548	0.000475462	0.00213227	0.368261	0.000469173	0.055497	0.00420716	0.000464051	0.000378018	0.000534993	0.000358569	0.0033179	0.0126402	0.527469	0.000154595	0.000246971
143	0.0129259	0.0080717	0.00397506	0.00270626	0.332208	0.00398876	0.041594	0.0278546	0.013908	0.114495	0.0271778	0.006904	0.00506127	0.0100238	0.00426365	0.0211594	0.0253957	0.0346836	0.0131824	0.290421
144	0.0133595	0.00932836	0.00150119	0.00146952	0.0925434	0.000760036	0.00323368	0.152255	0.000828943	0.466768	0.108827	0.00290974	0.00063893	0.00469947	0.000977178	0.0049407	0.00687618	0.117785	0.0012683	0.00903005
145	0.16888	0.040912	0.0271653	0.0626869	0.00455298	0.0438881	0.00813106	0.0206716	0.0104734	0.0315107	0.0339176	0.0078523	0.121652	0.0259114	0.00809373	0.22934	0.10305	0.0418565	0.00596866	0.00348536
146	0.0166757	0.078775	0.0036003	0.00398573	0.00335394	0.00629197	0.030514	0.0213578	0.0056471	0.00688834	0.00497121	0.0632187	0.0619112	0.00602262	0.00499508	0.272803	0.389105	0.015688	0.00145068	0.00274425
147	0.0900827	0.0283661	0.0238681	0.0392375	0.000669831	0.00372986	0.0297501	0.100791	0.0925017	0.0843153	0.0220021	0.023434	0.0153373	0.0789758	0.0853289	0.0914302	0.096107	0.0863522	0.00396437	0.00375617
148	0.134334	0.00399913	0.224222	0.182781	0.00165805	0.014548	0.0188214	0.00901129	0.0415933	0.00959115	0.00569489	0.0226972	0.0289445	0.093957	0.0161535	0.0782482	0.0963853	0.0136692	0.00119443	0.00249581
149	0.182206	0.0532349	0.0088381	0.0391831	0.0079476	0.0423198	0.00810784	0.0266226	0.00542771	0.0509674	0.0596496	0.00539308	0.0362502	0.0240941	0.00468114	0.257236	0.0977899	0.0780069	0.00466014	0.00738405
150	0.159825	0.0539996	0.00191014	0.00198435	0.0134601	0.00395989	0.0027785	0.114176	0.00335667	0.0606803	0.0149964	0.00173936	0.0172717	0.00244209	0.00220579	0.0346594	0.0580017	0.4501	0.000723297	0.00172944
151	0.00429083	0.0159812	0.406758	0.0776537	0.00118975	0.00472364	0.0384123	0.00205554	0.023999	0.0041536	0.00187713	0.312672	0.00149596	0.00867578	0.00140572	0.0652251	0.0231533	0.00460605	0.000545672	0.00112581
152	0.00529641	0.00394023	0.000881074	0.000966133	0.395408	0.000934652	0.0474129	0.00126753	0.0131275	0.0707946	0.0162696	0.00117843	0.0010526	0.00909404	0.00101792	0.0162559	0.0209617	0.0117918	0.0136225	0.368727
153	0.00690782	0.00509506	0.00143966	0.00116835	0.365672	0.00187998	0.0600897	0.00230374	0.0126541	0.0798668	0.0164486	0.00289241	0.00155257	0.0090945	0.00286671	0.0173899	0.0228527	0.013231	0.0144212	0.362173
154	0.00529641	0.00394023	0.000881074	0.000966133	0.395408	0.000934652	0.0474129	0.00126753	0.0131275	0.0707946	0.0162696	0.00117843	0.0010526	0.00909404	0.00101792	0.0162559	0.0209617	0.0117918	0.0136225	0.368727
155	0.0138747	0.00450711	0.00510118	0.00960981	0.00095444	0.0108372	0.0324223	0.0072214	0.434728	0.00645247	0.00376763	0.0190966	0.00871137	0.0623728	0.312408	0.0403006	0.0182315	0.00483195	0.000569537	0.00400091
156	0.0161833	0.0107897	0.00178981	0.00203448	0.0637585	0.00109778	0.00477524	0.142794	0.00197436	0.521298	0.101018	0.00286624	0.00134403	0.00918408	0.00204468	0.0067006	0.00794272	0.0933182	0.00100624	0.00808002
157	0.0228074	0.0144471	0.0055351	0.00483333	0.275862	0.00773455	0.0754179	0.0108081	0.0166473	0.0708636	0.0201241	0.0127742	0.0134287	0.0107497	0.0196057	0.032657	0.0408603	0.02658	0.0241158	0.294148
158	0.0494611	0.0310686	0.00593774	0.0100891	0.00230539	0.751203	0.00809792	0.00353361	0.0168916	0.0148773	0.00291259	0.00836815	0.00522921	0.00544119	0.00413327	0.0436838	0.0288652	0.00544425	0.000765004	0.00169196
159	0.0113596	0.00834833	0.159766	0.0560049	0.00293541	0.0361344	0.0306319	0.00484139	0.0256652	0.0217591	0.00423131	0.34163	0.00385111	0.00672239	0.00428326	0.241174	0.0136549	0.0230041	0.00147033	0.00253251
160	0.0114074	0.00916756	0.00131916	0.000567324	0.0588605	0.00057425	0.00207607	0.191586	0.000702206	0.493073	0.082743	0.00155336	0.000712009	0.00452551	0.00101323	0.00362723	0.0078391	0.125893	0.000711222	0.00204793
161	0.142288	0.00195835	0.100843	0.178472	0.00120107	0.0145639	0.0108427	0.0133919	0.0365829	0.0143677	0.00345822	0.0216335	0.0651972	0.0733296	0.0243832	0.145964	0.132572	0.0169261	0.000753772	0.00127138
162	0.310698	0.0766021	0.0025775	0.0024816	0.00247064	0.0693792	0.0267517	0.00593027	0.0220816	0.0210419	0.00650723	0.0167275	0.00344514	0.00338797	0.00248898	0.329294	0.073296	0.0204578	0.000848718	0.00353281
163	0.00927016	0.00921911	0.000319703	0.000359493	0.00419514	0.000475497	0.00208658	0.368712	0.000477971	0.0571733	0.00437225	0.000453709	0.000379842	0.000538157	0.000360766	0.00329125	0.0125395	0.52533	0.0001551	0.000290387
164	0.0117329	0.0101512	0.00174455	0.000805699	0.0632849	0.000548638	0.00258912	0.150932	0.000697299	0.551893	0.0926428	0.00216915	0.000914096	0.00653956	0.00100618	0.00376127	0.00466849	0.0921683	0.000234385	0.00151618
165	0.00886622	0.00964003	0.00159926	0.000298569	0.0686004	0.0003779	0.00203637	0.160419	0.000465356	0.551774	0.0836426	0.00179929	0.00043311	0.00532928	0.000797603	0.00243645	0.0028766	0.0968973	0.000211091	0.00150009
166	0.309962	0.134185	0.00284904	0.00348229	0.00359176	0.0342877	0.0116332	0.00536896	0.00774817	0.0094897	0.0074166	0.0154279	0.00548188	0.00498278	0.00329196	0.308015	0.100645	0.0266654	0.00081449	0.0046603
167	0.0937676	0.0392502	0.0186958	0.0243919	0.0125374	0.0275837	0.0304162	0.0443837	0.0286101	0.0415679	0.0211867	0.0416527	0.0408404	0.0251011	0.0243829	0.148814	0.25679	0.0620622	0.00448505	0.0134808
168	0.0221565	0.0135687	0.28228	0.0654875	0.00522793	0.015856	0.0364404	0.00423055	0.0418616	0.0124046	0.00477545	0.272867	0.00480326	0.0195177	0.0147862	0.139297	0.0291989	0.0118973	0.00070775	0.00263482
169	0.0100072	0.00869929	0.000357591	0.000505544	0.0055338	0.000549883	0.00216333	0.365304	0.000650659	0.0820129	0.0100573	0.00047692	0.000551479	0.000649168	0.000536922	0.00405044	0.0135663	0.493053	0.000612678	0.000661418
170	0.471185	0.0763958	0.00107659	0.00177177	0.00323086	0.0550398	0.00410337	0.0224359	0.00170789	0.0160731	0.00714104	0.00347748	0.00214688	0.00243573	0.00122838	0.19358	0.0564036	0.0751811	0.000541588	0.00484438
171	0.445895	0.0314133	0.00174375	0.000696398	0.00380916	0.063789	0.00390223	0.00162681	0.00231736	0.00267865	0.00192596	0.0104706	0.00240706	0.00230974	0.000735745	0.358947	0.0410141	0.0155732	0.000263187	0.0084812
172	0.0295734	0.0110226	0.0136005	0.0288443	0.00527013	0.0154405	0.0348938	0.0171781	0.284551	0.0218599	0.00986801	0.0320606	0.0132477	0.0821224	0.277484	0.0569326	0.034268	0.0197125	0.00304938	0.0090203
173	0.0415751	0.0306112	0.00436571	0.00875566	0.00166854	0.766219	0.00948332	0.00326502	0.017934	0.0148722	0.00287282	0.00757202	0.0023414	0.00561687	0.00387824	0.0424787	0.029264	0.00488763	0.000732841	0.00160569
174	0.0116654	0.00688833	0.00085922	0.000853832	0.0308042	0.00068921	0.00231063	0.293067	0.0011311	0.337232	0.0541754	0.00100363	0.000993195	0.00247322	0.00112284	0.00550919	0.0139509	0.230571	0.00230204	0.00239796
175	0.00837486	0.0157341	0.37859	0.0682753	0.00231502	0.00578193	0.0456056	0.00232456	0.0266687	0.00555338	0.00295701	0.310816	0.00384777	0.0112366	0.00499603	0.072426	0.0261469	0.00638	0.00055766	0.00141309
176	0.00943093	0.00914078	0.0015278	0.000371691	0.0728879	0.000433974	0.00221137	0.1657	0.000541097	0.524637	0.0911051	0.00177407	0.000460008	0.00502692	0.000823169	0.00259504	0.00351969	0.105311	0.000346593	0.00215612
177	0.0572187	0.00561801	0.034607	0.0338203	0.0124502	0.0201893	0.0205667	0.0116867	0.0553634	0.00870588	0.00612853	0.0241611	0.498867	0.0342784	0.0116622	0.0710507	0.0328317	0.0277816	0.00135313	0.0316588
178	0.0765807	0.0176975	0.0642892	0.0792028	0.0216577	0.0215579	0.0353159	0.00318596	0.136078	0.0366595	0.0136287	0.136757	0.0070905	0.0642696	0.085473	0.131177	0.0489611	0.0122511	0.000662072	0.00750457
179	0.0124944	0.0101378	0.000324995	0.000490784	0.00418106	0.000568893	0.00200139	0.360911	0.000694472	0.0661654	0.00853034	0.000430086	0.000648523	0.000542361	0.000588471	0.00396854	0.0149018	0.51159	0.000345772	0.000483281
180	0.0911808	0.00217628	0.0487874	0.0604583	0.000693105	0.0820307	0.0261906	0.0013846	0.129477	0.00309524	0.00154666	0.0354409	0.00168998	0.0997819	0.0622744	0.224914	0.109966	0.010838	0.00370832	0.00436593
181	0.034669	0.0401636	0.0104338	0.00280729	0.120511	0.0186576	0.0739071	0.0199552	0.00233636	0.085418	0.0273654	0.034483	0.00967036	0.00268384	0.0694586	0.0553049	0.0792528	0.0505442	0.0744676	0.187911
182	0.0306589	0.0164075	0.000996517	0.00115847	0.00531286	0.00151922	0.00256897	0.315911	0.00208664	0.0688565	0.013279	0.000861696	0.00336705	0.0011136	0.00137526	0.00743072	0.0351121	0.490398	0.000641047	0.000944881
183	0.00922979	0.0091991	0.000319373	0.00036016	0.00422167	0.000478657	0.00209669	0.368592	0.000477311	0.0576268	0.00441466	0.000453988	0.000378871	0.000539821	0.000360046	0.00330065	0.0125327	0.524956	0.000156756	0.000305205
184	0.0878602	0.0207913	0.0176242	0.0766449	0.0047915	0.00899007	0.0592162	0.0671732	0.0564177	0.0894168	0.0229555	0.0264256	0.0319346	0.100252	0.060482	0.0912363	0.0751496	0.0848754	0.00643262	0.0113303
185	0.00619711	0.00457231	0.00102058	0.00119189	0.38767	0.0011764	0.0476512	0.00301161	0.01278	0.0718723	0.0182479	0.00178933	0.00115694	0.00883921	0.00169977	0.0168293	0.0224533	0.0161015	0.0141942	0.361545
186	0.00425304	0.015928	0.406734	0.0724062	0.00118617	0.00485362	0.0391209	0.0020206	0.0234642	0.00429899	0.00177586	0.315149	0.00149345	0.008622	0.00135683	0.0677299	0.0234101	0.00459876	0.000541404	0.00105624
187	0.184177	0.064923	0.00639568	0.0104108	0.00297406	0.0356327	0.0118955	0.014612	0.00526001	0.0251389	0.0146229	0.005059	0.359201	0.00632491	0.00381028	0.10595	0.0686278	0.0661168	0.00455896	0.00430949
188	0.170974	0.0699104	0.00868966	0.0150154	0.00487299	0.0314988	0.0155821	0.0197822	0.00864988	0.0220978	0.0188153	0.0109422	0.279481	0.0113726	0.00875283	0.129412	0.109416	0.0549337	0.0043228	0.00547768
189	0.128589	0.0246741	0.0212146	0.0122739	0.0237851	0.0581764	0.00651681	0.0725334	0.00481328	0.0157635	0.0357316	0.00786962	0.0325351	0.0425265	0.00532325	0.231916	0.20525	0.0613939	0.00273256	0.00638118
190	0.144368	0.00196333	0.103489	0.180489	0.00123291	0.0145542	0.0113768	0.0127278	0.0358586	0.0140415	0.00336756	0.021897	0.0606579	0.0726363	0.024094	0.144608	0.132949	0.0175736	0.000768204	0.00134785
