218	20
1	0.012491	0.000511596	0.138117	0.802827	0.000838823	0.000960104	0.00126031	0.000822773	0.0104334	0.00196787	0.00141911	0.00233643	0.00765243	0.00349585	0.00762271	0.00266369	0.00188361	0.00159442	0.000394965	0.000706816
2	0.0806406	0.00216205	0.0254353	0.0710501	0.00321639	0.0085972	0.0232799	0.014185	0.0629219	0.19191	0.034459	0.0138848	0.00444656	0.148441	0.260443	0.0114359	0.0133315	0.0250103	0.00226892	0.00287984
3	0.128456	0.00375104	0.00580488	0.0107036	0.204744	0.00700347	0.245626	0.00661571	0.0153582	0.0141619	0.00841377	0.0130399	0.00657995	0.0180475	0.0123256	0.176345	0.0129253	0.0105313	0.0950963	0.00447154
4	0.0277893	0.00163476	0.00276139	0.00466563	0.00286542	0.00292391	0.00407188	0.120695	0.075427	0.00650638	0.00392696	0.00622957	0.00326101	0.261218	0.433165	0.00758963	0.0263348	0.00516175	0.00127564	0.00249687
5	0.00342593	0.000470495	0.000455353	0.000771046	0.000514704	0.00066594	0.00202039	0.000499303	0.716817	0.00142874	0.000978081	0.00323244	0.000729933	0.0100501	0.243214	0.0105661	0.00111937	0.00239843	0.00022894	0.000413546
6	0.0648274	0.00135456	0.0479272	0.0809193	0.00289918	0.00287029	0.0227099	0.00443233	0.268785	0.143089	0.0196839	0.0114976	0.00294049	0.110851	0.121666	0.0191413	0.0397222	0.0286792	0.00445811	0.00154649
7	0.0220642	0.000626548	0.00122339	0.0018539	0.120616	0.00124429	0.450347	0.00123055	0.00297283	0.00257537	0.00148322	0.0183275	0.00120647	0.0353807	0.0441358	0.011764	0.00964703	0.0021011	0.000541219	0.270659
8	0.106914	0.0074965	0.0223278	0.0158907	0.00503352	0.474153	0.00967571	0.00455767	0.02234	0.0108002	0.00789999	0.0563478	0.0529562	0.0223984	0.0120376	0.103563	0.0413332	0.0119097	0.00828958	0.00407576
9	0.00686988	0.00143082	0.00153803	0.0376161	0.0267796	0.00188412	0.0035224	0.00170944	0.187719	0.00398451	0.00246303	0.00477984	0.00195853	0.0193896	0.613894	0.00473841	0.0051848	0.017438	0.000644041	0.0564563
10	0.0126008	0.00161933	0.00222788	0.0123342	0.00543166	0.0026773	0.00818157	0.00295371	0.46349	0.00624771	0.00320127	0.0130068	0.0032458	0.0345608	0.386703	0.0164435	0.00813317	0.00578026	0.000752729	0.0104083
11	0.00791286	0.00151101	0.00208508	0.0037768	0.196087	0.00292635	0.00354675	0.00270043	0.00587008	0.599164	0.102091	0.00474908	0.0371472	0.0067734	0.00480582	0.00584561	0.00449343	0.00407616	0.00284796	0.00159008
12	0.0680074	0.00682772	0.173034	0.289306	0.0125368	0.0528952	0.0148111	0.00931928	0.0392144	0.0244922	0.0144067	0.0645338	0.0201568	0.0587738	0.025486	0.0601402	0.0376319	0.0186735	0.00262375	0.0071289
13	0.0222525	0.00062672	0.00122215	0.00188121	0.120384	0.00124867	0.450048	0.00124956	0.00291306	0.00253955	0.00150405	0.0180799	0.00120934	0.0354233	0.044301	0.011689	0.00974687	0.00208989	0.000497565	0.271093
14	0.0562424	0.0018295	0.146192	0.406456	0.117371	0.0024834	0.0676149	0.00266593	0.00667795	0.00535913	0.00342157	0.00580851	0.0217952	0.0258685	0.0237515	0.00665778	0.00547644	0.039278	0.000980417	0.0540692
15	0.0721009	0.00278885	0.0400464	0.324987	0.00454894	0.00919842	0.0121242	0.0128908	0.0804704	0.0868283	0.0293674	0.0244618	0.0164005	0.160055	0.0384494	0.0377772	0.0226589	0.0173057	0.00414817	0.00339161
16	0.00597528	0.00104131	0.00111147	0.0143781	0.00893474	0.00147171	0.00309019	0.00099003	0.35027	0.0026945	0.00182992	0.00489661	0.00135981	0.0153147	0.553103	0.00710776	0.00239159	0.00703147	0.000441808	0.0165656
17	0.0780638	0.000456495	0.0398931	0.106904	0.000850831	0.000854099	0.0270285	0.000844944	0.298676	0.0981546	0.0227374	0.00753426	0.000965031	0.11667	0.0852836	0.0236936	0.0531453	0.0315894	0.00594958	0.000705484
18	0.0164417	0.00235585	0.00646587	0.0306679	0.0365538	0.00656935	0.0437576	0.00975855	0.147845	0.0106824	0.0106743	0.0120073	0.00434809	0.0299268	0.490289	0.0106699	0.016143	0.0177282	0.00172998	0.0953846
19	0.0198107	0.00278527	0.00591121	0.0215677	0.00412982	0.00571539	0.00943406	0.00486295	0.558465	0.0133379	0.00753352	0.0245609	0.00449217	0.0538141	0.204787	0.0248517	0.0200191	0.0080065	0.00115727	0.00475759
20	0.00356727	0.000508923	0.000444816	0.00077345	0.000510079	0.000679621	0.00196744	0.000499452	0.715064	0.00145865	0.00100478	0.00330453	0.000720877	0.0101254	0.244579	0.0106344	0.00108972	0.00242972	0.000228774	0.00040892
21	0.111683	0.00106494	0.0632151	0.445394	0.00119883	0.0147692	0.00235111	0.0257868	0.0476829	0.0207621	0.017487	0.0466259	0.00237691	0.113188	0.0258553	0.0286143	0.0264028	0.00349039	0.000794068	0.00125733
22	0.644166	0.00770654	0.00176885	0.00337704	0.00221123	0.170301	0.00273433	0.00126743	0.00431226	0.0033903	0.00192405	0.00369315	0.00186672	0.00604748	0.0125114	0.117786	0.00536453	0.00766614	0.000831627	0.00107321
23	0.0266265	0.0035656	0.00636657	0.0227974	0.0136032	0.00654908	0.0180557	0.0173491	0.25992	0.0245173	0.010363	0.0223848	0.00701955	0.0582633	0.416822	0.0239887	0.0256659	0.0158421	0.00160955	0.0186907
24	0.0775037	0.00076045	0.0600736	0.507855	0.000857503	0.0053145	0.00150402	0.00716926	0.0641708	0.0224356	0.0357309	0.0295668	0.00173766	0.115945	0.0136515	0.0453011	0.00718374	0.00182406	0.0005342	0.000880934
25	0.33333	0.0085227	0.00172352	0.0288666	0.00233535	0.0934696	0.0360873	0.00662675	0.00570897	0.00524343	0.0105275	0.0043014	0.188748	0.00723782	0.0160668	0.0585762	0.00828134	0.180114	0.00131644	0.00291625
26	0.0229052	0.00355219	0.00272013	0.0184445	0.00199923	0.00619513	0.0352191	0.0017514	0.537629	0.0104714	0.00651201	0.0295768	0.0038858	0.0957075	0.178806	0.0251732	0.0114238	0.00479209	0.00115518	0.00207983
27	0.0698447	0.000620479	0.0531549	0.109817	0.00113859	0.00120165	0.0259804	0.00109661	0.311734	0.101797	0.0185383	0.00687759	0.00118181	0.0936539	0.0884437	0.0194248	0.0508539	0.0387172	0.00501255	0.000910819
28	0.0777619	0.00196807	0.0727864	0.02964	0.00294447	0.0199873	0.0664738	0.0412293	0.0320791	0.186534	0.0265226	0.0255589	0.00328529	0.111986	0.213004	0.00764896	0.00620768	0.0711113	0.00105587	0.0022151
29	0.312536	0.001503	0.00340435	0.00463322	0.00306078	0.00473616	0.00438109	0.00292077	0.00687584	0.0064162	0.00353639	0.00690143	0.0027243	0.00811052	0.00598701	0.607337	0.00664948	0.00528911	0.00115879	0.00183864
30	0.0783706	0.000512007	0.0399478	0.107395	0.000872202	0.000862035	0.0272658	0.000861607	0.297362	0.0973628	0.0225179	0.00772333	0.000958552	0.118066	0.0852679	0.0240107	0.0523396	0.03139	0.00620608	0.000708315
31	0.00929333	0.00162725	0.067469	0.00452412	0.055356	0.00307479	0.00579678	0.0591053	0.216535	0.00507279	0.0956232	0.0231359	0.00242748	0.0777757	0.135818	0.00714161	0.044677	0.0620856	0.00118879	0.122273
32	0.283764	0.00681417	0.0105284	0.0782423	0.0719594	0.0204091	0.0213044	0.00974466	0.0255026	0.0769339	0.0199194	0.0191964	0.0161941	0.0412201	0.0211669	0.156731	0.0209625	0.0833293	0.00815366	0.00792414
33	0.0212783	0.00409904	0.00117931	0.00306339	0.00149382	0.00628687	0.0161405	0.00466332	0.451669	0.00604167	0.00555479	0.0250896	0.00850267	0.15326	0.259113	0.021779	0.00654819	0.00267782	0.000459049	0.0011014
34	0.0065354	0.00118013	0.00216702	0.0269743	0.00149262	0.0145957	0.00549633	0.00164625	0.345461	0.00450075	0.00239678	0.180386	0.00203042	0.0238314	0.109075	0.0596697	0.205546	0.00379805	0.000744481	0.00247219
35	0.0103668	0.000621654	0.000926549	0.00149098	0.00204281	0.000813655	0.00170357	0.0518991	0.00307604	0.620055	0.186511	0.00203926	0.000924614	0.0107118	0.00687606	0.00816436	0.0239189	0.0592181	0.00214005	0.00649992
36	0.0111884	0.00237054	0.00341686	0.00556388	0.0685734	0.003383	0.0756085	0.165245	0.136113	0.0343536	0.00420358	0.00754667	0.02616	0.00936369	0.270367	0.00911698	0.152456	0.00589425	0.00126933	0.00780578
37	0.0529898	0.00523138	0.00821129	0.0140721	0.00597197	0.505483	0.0124341	0.00857082	0.0594286	0.0134978	0.00832512	0.0389186	0.130186	0.0247718	0.0144296	0.040443	0.0255537	0.0186271	0.00852286	0.00433169
38	0.00651146	0.000370385	0.00110131	0.00408653	0.0078265	0.000510545	0.00903971	0.434358	0.00156703	0.364202	0.0596637	0.0011115	0.000655216	0.00655301	0.00863779	0.00153861	0.00152114	0.085007	0.0052878	0.000450694
39	0.00425984	0.000651443	0.000485047	0.00118567	0.0010015	0.000708875	0.00252189	0.000551727	0.68775	0.001672	0.00121983	0.00397533	0.000790271	0.0116486	0.266504	0.0102082	0.0012096	0.00259535	0.00022642	0.000835084
40	0.643041	0.00803671	0.00181644	0.00351783	0.00215166	0.171126	0.00275958	0.00130568	0.00418848	0.00325141	0.00196851	0.00375748	0.00205129	0.00638825	0.0121118	0.116963	0.00583499	0.00779136	0.000839201	0.00109882
41	0.0175673	0.00225028	0.0045683	0.0172864	0.00402111	0.00371883	0.0115646	0.00405257	0.600839	0.0120408	0.00389104	0.0188332	0.00385234	0.04452	0.210159	0.0184093	0.0102669	0.00818175	0.000901557	0.00307618
42	0.00875354	0.000579154	0.000746288	0.00186101	0.00271904	0.000874756	0.00312566	0.0786603	0.00264472	0.604811	0.186729	0.00206911	0.000937175	0.0150492	0.00953077	0.00640919	0.0195857	0.0469449	0.00320002	0.0047699
43	0.0267736	0.000661614	0.00118162	0.00188288	0.34036	0.00128793	0.0429353	0.0183844	0.00269187	0.0556023	0.0251278	0.00242635	0.00117328	0.00340156	0.00243548	0.00279395	0.0176898	0.0106494	0.00900592	0.433535
44	0.261069	0.00234584	0.00467553	0.00743915	0.00522452	0.00498753	0.26997	0.00499997	0.0122228	0.00933494	0.00609847	0.138272	0.00427475	0.191892	0.00865959	0.0132806	0.040957	0.00859746	0.00205653	0.00364249
45	0.0286128	0.000979624	0.0012224	0.105096	0.0015989	0.00595538	0.00389816	0.00157402	0.542214	0.00367038	0.00202023	0.0548448	0.00200279	0.144695	0.0739563	0.0183164	0.00449196	0.00282785	0.000790358	0.00123258
46	0.0289049	0.000960356	0.00128336	0.105858	0.00162907	0.00590269	0.0039412	0.00139782	0.536906	0.0044143	0.00195432	0.0546575	0.00200108	0.148186	0.0734706	0.018551	0.00485806	0.00312474	0.000773204	0.00122573
47	0.0255153	0.00423137	0.00439212	0.0146706	0.00337181	0.0088081	0.0176127	0.00510923	0.400535	0.00919288	0.00685075	0.0538885	0.0048892	0.119088	0.258435	0.0337102	0.0192088	0.00497946	0.0008592	0.00465218
48	0.0192655	0.000745245	0.00145277	0.00227829	0.126449	0.00140602	0.404478	0.0015576	0.00358931	0.00322888	0.00182337	0.0162482	0.00163596	0.0352775	0.0750236	0.0107799	0.0094287	0.00297037	0.000562978	0.281799
49	0.299741	0.00183435	0.00264451	0.0046247	0.00312664	0.00257051	0.0420911	0.00362577	0.247523	0.0412139	0.00438854	0.0674619	0.00271292	0.0408812	0.0253664	0.127292	0.040222	0.0390545	0.00140444	0.00222015
50	0.0998173	0.00301535	0.0901415	0.459206	0.00790591	0.0176822	0.012601	0.00796074	0.0444369	0.020903	0.016659	0.0281672	0.0255631	0.0646737	0.018894	0.0401017	0.0203806	0.0149871	0.0021541	0.0047498
51	0.0312415	0.00331753	0.00885799	0.0324611	0.0032957	0.0140807	0.0160938	0.00447545	0.436798	0.0151242	0.00957668	0.103764	0.00641484	0.0776605	0.140899	0.0375687	0.0455808	0.00803668	0.0015168	0.00323589
52	0.028583	0.0090336	0.00319667	0.00143543	0.00595258	0.000892532	0.00165341	0.439541	0.00201115	0.0143151	0.00470655	0.00186522	0.00102939	0.00282772	0.00176805	0.00219519	0.00343229	0.470867	0.000414614	0.00428017
53	0.0967486	0.00238505	0.00577976	0.172271	0.00373587	0.00414768	0.00643388	0.00369505	0.019773	0.0906004	0.0073843	0.0311855	0.00366886	0.354447	0.0604123	0.033068	0.069796	0.0299313	0.00156953	0.00296756
54	0.00654325	0.000414459	0.00104843	0.00361365	0.00636979	0.000625	0.0068227	0.358178	0.00179647	0.412887	0.090789	0.00124505	0.000602337	0.00783058	0.00851989	0.00251859	0.00561031	0.0786961	0.00438069	0.00150855
55	0.00583364	0.000973154	0.000456402	0.00244864	0.00146322	0.00112478	0.0036263	0.00100892	0.662119	0.00201796	0.00155395	0.00543374	0.00102629	0.0183911	0.274581	0.0103696	0.0016303	0.00286005	0.000245135	0.00283751
56	0.00358672	0.000498141	0.000456448	0.00093669	0.000563735	0.000717248	0.00219538	0.000493251	0.712414	0.00151441	0.00101148	0.00349325	0.000783812	0.0107521	0.245539	0.0105863	0.00113069	0.00250192	0.000227548	0.00059784
57	0.0798491	0.000483779	0.040191	0.104202	0.000936506	0.00102302	0.0260769	0.000993547	0.293998	0.10342	0.0221555	0.00766127	0.00117719	0.116693	0.088894	0.0226189	0.0526128	0.0305128	0.00566597	0.000834488
58	0.00544819	0.000333839	0.0011281	0.0041653	0.00688983	0.000445667	0.00721338	0.456592	0.00131868	0.34882	0.0552705	0.000945037	0.000555175	0.00579982	0.00742184	0.00129494	0.00141044	0.0903404	0.00419017	0.000416206
59	0.024796	0.0048342	0.000739217	0.00116424	0.000855406	0.00638736	0.0180454	0.000701098	0.496898	0.00652374	0.00572759	0.02753	0.00408	0.0851282	0.289088	0.0212945	0.00339164	0.00178703	0.000315505	0.000712036
60	0.261208	0.0221722	0.00305701	0.109549	0.00418643	0.00314271	0.0255555	0.00308776	0.00748302	0.066496	0.176335	0.00715147	0.00324568	0.192352	0.00637568	0.0517548	0.00644972	0.0468623	0.00116078	0.0023751
61	0.0450668	0.0202377	0.00900205	0.0168579	0.0704824	0.00877972	0.22779	0.0123109	0.100476	0.0770669	0.0160877	0.110135	0.0113775	0.14008	0.0284221	0.0388575	0.0221417	0.0156212	0.00564999	0.0235563
62	0.0736626	0.000687666	0.0685867	0.528414	0.000876086	0.00553088	0.00125622	0.0070105	0.0579538	0.019567	0.031219	0.0301242	0.00233169	0.108387	0.0127918	0.0412917	0.00753209	0.00162529	0.000404111	0.000747277
63	0.0484306	0.00153009	0.0300628	0.405062	0.00205367	0.00372761	0.00628011	0.0041526	0.113761	0.0670001	0.0343163	0.0165775	0.00232307	0.179957	0.0210484	0.0396769	0.0129851	0.00753288	0.00180189	0.00172089
64	0.0108218	0.00181688	0.000902865	0.002089	0.000857462	0.00257051	0.00766822	0.000997682	0.617006	0.00375821	0.00257345	0.0114477	0.00222584	0.0346206	0.251504	0.0394972	0.00504165	0.00294057	0.000501429	0.00115896
65	0.0289197	0.00435766	0.142006	0.101317	0.00244903	0.198435	0.00388087	0.00274792	0.0326718	0.00491639	0.00319507	0.217827	0.00338578	0.0873842	0.00524879	0.0732979	0.0804185	0.00430162	0.00146986	0.00176922
66	0.33447	0.00893682	0.00194483	0.0302085	0.00251045	0.0921046	0.0354289	0.00682319	0.00606476	0.00527813	0.0109914	0.00461157	0.189091	0.00797358	0.0160057	0.0580003	0.00938368	0.175992	0.00115241	0.00302839
67	0.00552577	0.000364954	0.00109526	0.00416576	0.00703946	0.000482663	0.00735115	0.457304	0.00142869	0.345516	0.0551734	0.000993258	0.000553585	0.0064488	0.00783091	0.00128057	0.00121168	0.0915612	0.00429215	0.00038017
68	0.121791	0.00847188	0.00648725	0.0170281	0.00390335	0.0274868	0.0141489	0.00715201	0.014199	0.0218498	0.0085315	0.0184142	0.522818	0.0484632	0.00911605	0.0521847	0.0714248	0.0211558	0.00198771	0.00338564
69	0.441479	0.00289304	0.00236734	0.00794157	0.00340542	0.0358822	0.0436823	0.00327309	0.00685969	0.00603979	0.00445899	0.00577741	0.0677944	0.0373515	0.00711199	0.15753	0.0756431	0.0687711	0.00143468	0.0203026
70	0.0260829	0.00066053	0.00115719	0.0019025	0.344221	0.0013313	0.0422634	0.0179013	0.00272859	0.0544969	0.024927	0.00242498	0.00116966	0.00341677	0.00306916	0.00271407	0.0178323	0.0107234	0.00887861	0.432099
71	0.0215487	0.00191976	0.0086499	0.0130864	0.0311194	0.00588125	0.0114138	0.127604	0.0254892	0.463528	0.113116	0.0177409	0.00881256	0.0239954	0.0236649	0.0142499	0.0192505	0.0536591	0.00569696	0.00957296
72	0.0106267	0.00085928	0.00106893	0.00227458	0.00907754	0.00113734	0.00228448	0.0494315	0.00401943	0.596185	0.208923	0.0025032	0.00245506	0.0127882	0.00769607	0.00747867	0.0212808	0.0521318	0.00251373	0.00526523
73	0.0199969	0.000579952	0.140034	0.764071	0.00219814	0.00184235	0.0017157	0.00107124	0.0135521	0.00328337	0.00300436	0.00518545	0.00845847	0.0118723	0.00786788	0.00844824	0.00317633	0.00193218	0.000424168	0.00128619
74	0.0216445	0.00392031	0.00615061	0.0208149	0.0118947	0.00680709	0.0124347	0.015042	0.286128	0.0184656	0.0111928	0.0174616	0.00570601	0.0540513	0.430061	0.0242979	0.0218451	0.0154791	0.00168306	0.01492
75	0.0606176	0.00154689	0.177732	0.193948	0.00187681	0.0946927	0.00272554	0.00266776	0.0301375	0.00643411	0.00320959	0.126007	0.00715616	0.11583	0.00441951	0.0864614	0.0786153	0.00341021	0.0010961	0.001416
76	0.0627839	0.00453911	0.0134591	0.00372647	0.00516873	0.00169146	0.00467481	0.344431	0.0042564	0.0856879	0.0528945	0.00373691	0.00204737	0.0103203	0.00597666	0.00444961	0.0124692	0.373201	0.00177734	0.00270791
77	0.0054242	0.000340473	0.00109843	0.00387738	0.00679232	0.000509685	0.00709345	0.468112	0.00132655	0.340684	0.0499375	0.00093399	0.000584118	0.0053439	0.0072309	0.00133657	0.00122356	0.0936797	0.00406075	0.000410924
78	0.0376268	0.0432991	0.0133562	0.00616805	0.0025147	0.0230546	0.00631415	0.00636345	0.019552	0.00898238	0.014947	0.0872018	0.00566932	0.0443545	0.0143328	0.23546	0.375926	0.0344521	0.00107808	0.0193465
79	0.0467842	0.00749487	0.0885538	0.0289588	0.00539541	0.0757768	0.0156915	0.00870481	0.0164366	0.0097634	0.00569933	0.2342	0.00704669	0.0736857	0.00990701	0.261819	0.0906356	0.00728451	0.00193846	0.00422338
80	0.0822011	0.00253281	0.00315157	0.00512276	0.00379227	0.0041917	0.00565629	0.0037449	0.033351	0.0520455	0.144216	0.00787542	0.0054383	0.0528196	0.00961871	0.233209	0.339874	0.00585423	0.00133349	0.00397076
81	0.00504875	0.000326909	0.00109802	0.00376026	0.00624342	0.000509645	0.00642379	0.480557	0.00127173	0.333663	0.0458348	0.000917694	0.000534987	0.00493111	0.00662594	0.00136595	0.00116345	0.0956889	0.00364523	0.000389434
82	0.00879277	0.00143661	0.00111722	0.00448714	0.00212277	0.00290025	0.00573633	0.0028692	0.638143	0.00430141	0.00217244	0.00977952	0.00203671	0.0293663	0.26113	0.0136146	0.00454059	0.00315831	0.000335503	0.00196001
83	0.0782323	0.00128872	0.151142	0.299176	0.00339308	0.0346542	0.00369498	0.00579604	0.0323681	0.0123128	0.0114789	0.0845243	0.00906072	0.157515	0.00996835	0.0608511	0.0366157	0.00485249	0.00104897	0.00202581
84	0.0192088	0.00222935	0.00327455	0.0195352	0.00175332	0.00463618	0.0117552	0.00289067	0.541476	0.010065	0.00520612	0.0247601	0.00314151	0.0843869	0.226931	0.0207345	0.0101724	0.00477512	0.000550365	0.00251796
85	0.00716627	0.00113859	0.0010633	0.00821211	0.00472296	0.0016781	0.0047833	0.00134959	0.514634	0.0035345	0.00246252	0.00861741	0.00164934	0.0240932	0.383887	0.0125132	0.00492421	0.00482469	0.00033104	0.00841384
86	0.172179	0.00428246	0.00815203	0.015775	0.0088087	0.00884513	0.0145189	0.0538942	0.219677	0.0704849	0.0560743	0.143109	0.0125577	0.12553	0.0225167	0.0245241	0.0152467	0.0139142	0.00362245	0.00628692
87	0.0971343	0.000735471	0.139014	0.421839	0.00144302	0.0170675	0.00194768	0.00470511	0.0373999	0.0136151	0.0162999	0.0365865	0.00979489	0.0987338	0.00905086	0.0700768	0.0208912	0.00183212	0.000671616	0.00116099
88	0.00540118	0.000764807	0.000848071	0.00299987	0.0013567	0.00107426	0.00360527	0.000654371	0.668733	0.00251075	0.00158955	0.00468389	0.00102014	0.0154861	0.270719	0.0108839	0.00215331	0.00295451	0.000289388	0.00227155
89	0.470982	0.0255337	0.00601426	0.009164	0.00394643	0.169467	0.0108593	0.00400286	0.00680675	0.00553306	0.00693288	0.0129165	0.0392974	0.0104661	0.0109745	0.129457	0.0206207	0.0526834	0.00193898	0.00240365
90	0.102255	0.0234774	0.0761052	0.0190429	0.00259074	0.311676	0.0034899	0.00213459	0.00879861	0.00462767	0.00284347	0.150061	0.00842309	0.0154615	0.00429922	0.188498	0.0682606	0.00463874	0.00168039	0.00163514
91	0.00442552	0.000714104	0.000687095	0.00258644	0.00187527	0.00090506	0.0030114	0.00103564	0.659407	0.00206625	0.00125574	0.00431581	0.000987375	0.0134835	0.285551	0.0102276	0.00168604	0.00307217	0.000231489	0.00247547
92	0.0265122	0.000661102	0.00129229	0.00204632	0.34082	0.00134435	0.0422653	0.0184241	0.0027676	0.055491	0.0261912	0.00249196	0.00118863	0.00379105	0.00251336	0.00294739	0.0177635	0.0111586	0.0096516	0.430678
93	0.137558	0.000732793	0.224385	0.255807	0.00138701	0.02822	0.00194793	0.00268892	0.0194941	0.00969659	0.00368033	0.0471842	0.0196843	0.0958963	0.00406603	0.109729	0.0340155	0.00195111	0.000705158	0.00117117
94	0.0260394	0.00496597	0.00579881	0.0074345	0.0152435	0.00335981	0.00873994	0.226373	0.0165564	0.251221	0.0802785	0.00771825	0.00414076	0.018558	0.015167	0.0101289	0.0168071	0.271767	0.00295016	0.00675233
95	0.129413	0.0115785	0.00437883	0.0191092	0.00325517	0.0195277	0.0134438	0.0095234	0.0112336	0.024858	0.0123555	0.0181642	0.597298	0.024016	0.0103519	0.0271045	0.020902	0.0392	0.00133343	0.0029538
96	0.00505083	0.000321192	0.00109346	0.00378616	0.00634976	0.000489467	0.00647712	0.478096	0.00125635	0.335348	0.0466873	0.000917736	0.000533751	0.00503201	0.00672957	0.00135926	0.00115883	0.09523	0.0036911	0.000391756
97	0.120892	0.00338179	0.0318834	0.0954006	0.00533216	0.00927532	0.0240472	0.00534371	0.0282939	0.0214471	0.00718814	0.0233937	0.376453	0.119904	0.00730364	0.0558187	0.0403484	0.0196327	0.00157112	0.00308867
98	0.0237753	0.00277449	0.00495967	0.0265763	0.00249941	0.00802333	0.0185442	0.00454221	0.365138	0.013321	0.00624233	0.0478803	0.00445242	0.184013	0.141643	0.0823563	0.0515907	0.00708491	0.00119769	0.00338563
99	0.0213209	0.00799204	0.00299802	0.00144272	0.00447988	0.000798485	0.00174703	0.363763	0.00171932	0.0256746	0.00606121	0.00264854	0.00105243	0.00304083	0.00176572	0.00257521	0.00472879	0.541271	0.000420033	0.00449966
100	0.023548	0.00429001	0.000732798	0.00144897	0.000820671	0.00572568	0.0182285	0.000680701	0.508228	0.00590845	0.00548177	0.0255841	0.003884	0.0814088	0.284382	0.022746	0.00386588	0.00189079	0.000300813	0.000844062
101	0.158422	0.00553944	0.00411803	0.00602514	0.00416796	0.266652	0.00651505	0.00220437	0.0095011	0.00494833	0.00298	0.018294	0.0781558	0.0489748	0.00474322	0.227881	0.141751	0.00522899	0.00174639	0.00215127
102	0.0438872	0.00185869	0.00519042	0.00520003	0.0101191	0.00265072	0.0062191	0.156766	0.010482	0.144861	0.152715	0.00553347	0.00281196	0.0338289	0.0107282	0.00647224	0.0172056	0.379056	0.0016573	0.0027559
103	0.172628	0.0085212	0.00324151	0.00389049	0.00285114	0.255541	0.00453423	0.00138354	0.00567788	0.00350785	0.0021584	0.0214728	0.0431298	0.0224796	0.00338805	0.320079	0.118455	0.00447655	0.000881729	0.00170094
104	0.012491	0.000511596	0.138117	0.802827	0.000838823	0.000960104	0.00126031	0.000822773	0.0104334	0.00196787	0.00141911	0.00233643	0.00765243	0.00349585	0.00762271	0.00266369	0.00188361	0.00159442	0.000394965	0.000706816
105	0.138766	0.00077723	0.217725	0.260691	0.00159452	0.0286237	0.00226695	0.0028453	0.0208361	0.0094909	0.00388232	0.0470085	0.0191588	0.0909866	0.004365	0.112502	0.0342973	0.00219828	0.000652371	0.00133209
106	0.0149758	0.000662745	0.140554	0.788374	0.00116552	0.00127543	0.00156814	0.000981796	0.0110326	0.00225048	0.00171716	0.00323534	0.00846298	0.00580767	0.00782128	0.00452003	0.00248577	0.00178187	0.000452643	0.000874485
107	0.122809	0.00422264	0.00778523	0.0061574	0.00526116	0.00332891	0.00864622	0.13011	0.00869048	0.0381236	0.155189	0.00683508	0.00882578	0.0194878	0.00744833	0.00865382	0.0429513	0.410908	0.00174489	0.00282082
108	0.00804417	0.00147527	0.00224733	0.00377764	0.195029	0.00286091	0.00361961	0.00512625	0.00603219	0.594457	0.103973	0.00468872	0.0365166	0.00686975	0.00507522	0.00572192	0.00460222	0.00533632	0.00282335	0.00172391
109	0.0380388	0.0042336	0.00885662	0.0268824	0.00408309	0.0134629	0.0161202	0.00444447	0.455659	0.014682	0.00932975	0.0416349	0.00714035	0.0629579	0.157377	0.0823242	0.0389283	0.00764399	0.00260429	0.00359645
110	0.0474344	0.00230039	0.00423663	0.00533326	0.00298606	0.00425505	0.00688302	0.0033702	0.0626803	0.00989769	0.0139524	0.0110887	0.00444764	0.0167235	0.217648	0.279569	0.29463	0.00639778	0.00121999	0.00494658
111	0.0264814	0.00622669	0.000900729	0.00151832	0.00104727	0.00806766	0.0218279	0.000774872	0.474537	0.00654692	0.00753137	0.0291093	0.0045002	0.0924932	0.29171	0.0198266	0.00380825	0.00188662	0.000357851	0.00084762
112	0.0137199	0.00233564	0.00396959	0.00686071	0.00340086	0.00591581	0.0310607	0.00390664	0.227123	0.00707834	0.00488311	0.0801454	0.00399715	0.153853	0.202738	0.155707	0.0820346	0.00567091	0.00137461	0.00422563
113	0.0638703	0.00602093	0.0151701	0.0400724	0.0105532	0.0123415	0.0271475	0.0127609	0.29998	0.0955886	0.0218063	0.124201	0.0118509	0.0767331	0.0857287	0.0352803	0.0297907	0.0210639	0.00436347	0.00567688
114	0.282876	0.00248522	0.0025165	0.0200937	0.0175377	0.22507	0.0195303	0.00204911	0.0200604	0.00433464	0.00302339	0.00639253	0.0116198	0.0773345	0.00490504	0.231879	0.0590417	0.00568828	0.00111734	0.0024449
115	0.0884777	0.0107795	0.0213983	0.0237679	0.0199171	0.223356	0.0301119	0.0162687	0.0420075	0.0367569	0.0219766	0.0485665	0.0349659	0.041832	0.0268678	0.0689876	0.0434602	0.027951	0.157158	0.0153929
116	0.00942695	0.00144088	0.00188997	0.00763893	0.00167475	0.00261618	0.00517896	0.00315616	0.642066	0.00471839	0.00318398	0.0097554	0.00164271	0.0345011	0.246711	0.0127984	0.00475059	0.00340168	0.000620112	0.00282816
117	0.0244316	0.00400423	0.00702695	0.0219667	0.0129068	0.00499853	0.0139738	0.012281	0.29898	0.0212006	0.00953578	0.0180169	0.00619627	0.0521527	0.413086	0.0220118	0.0214338	0.0140647	0.00175965	0.019972
118	0.017371	0.00280388	0.00368862	0.00801909	0.0369646	0.00485582	0.00949009	0.0235604	0.0366004	0.287326	0.237181	0.00966876	0.00423028	0.0235635	0.037925	0.0116335	0.0130507	0.223712	0.00267059	0.00568376
119	0.0247686	0.00965496	0.00270053	0.00147957	0.00628517	0.000929812	0.00158041	0.44275	0.0019704	0.013492	0.00411615	0.00188126	0.00106064	0.00264605	0.00163193	0.00217749	0.00329952	0.472885	0.000346936	0.004344
120	0.0313039	0.0091261	0.0875788	0.0291449	0.00361651	0.0958502	0.0134361	0.00769848	0.0238221	0.00821473	0.00470057	0.259864	0.00363095	0.0723922	0.0102009	0.17725	0.147994	0.00695667	0.00255594	0.00466392
121	0.0198285	0.00257858	0.0065351	0.029119	0.00306821	0.00589186	0.0114276	0.00519765	0.562268	0.0114754	0.00616571	0.0239057	0.00413285	0.0480069	0.204127	0.0221452	0.0187268	0.0082467	0.00185186	0.00530081
122	0.380599	0.0314677	0.00287213	0.0149686	0.00411419	0.0335143	0.037487	0.0314309	0.00962367	0.00934665	0.0526599	0.00836175	0.173969	0.00930227	0.0106841	0.0268038	0.00939769	0.148528	0.0015813	0.00328837
123	0.0262942	0.113999	0.00244342	0.0030111	0.00203407	0.00226882	0.00304144	0.00330137	0.00485228	0.00537276	0.00351721	0.0212527	0.00220098	0.00555496	0.00404896	0.149104	0.545655	0.0658435	0.00100643	0.0351984
124	0.0247367	0.000691437	0.00120246	0.00217385	0.379526	0.00142964	0.0384424	0.016945	0.00317189	0.0504449	0.0238807	0.00291085	0.00126119	0.00369368	0.00280459	0.00300193	0.0168815	0.0129125	0.00826649	0.405622
125	0.0201973	0.00751122	0.00246167	0.00156253	0.00444087	0.000878089	0.001745	0.340251	0.00213727	0.0330026	0.00887341	0.00169913	0.00102437	0.00301039	0.00267831	0.00231758	0.00499651	0.556142	0.000557807	0.00451317
126	0.037715	0.00399699	0.00620542	0.0104725	0.00487131	0.506385	0.0102215	0.00854316	0.0335428	0.0135321	0.00905641	0.0557082	0.195039	0.0211958	0.00929407	0.0265436	0.0215168	0.0144463	0.00680974	0.00490419
127	0.136062	0.00111906	0.234871	0.230455	0.00201015	0.0215899	0.00285555	0.00241487	0.0182776	0.0158916	0.00421406	0.0512956	0.0435685	0.0946035	0.00440267	0.104296	0.0263129	0.00298652	0.00109775	0.00167557
128	0.0520254	0.0128594	0.109968	0.0303654	0.00198494	0.329546	0.00325831	0.00202165	0.0116391	0.00368606	0.00281958	0.221589	0.00221791	0.0203885	0.00371319	0.118223	0.067223	0.00354727	0.0014106	0.00151371
129	0.0467957	0.0050604	0.0103716	0.0207663	0.278076	0.0118901	0.0606137	0.0214528	0.021166	0.0907322	0.0412837	0.0159184	0.0129097	0.0255087	0.0273927	0.0314991	0.0251959	0.029476	0.0119446	0.211946
130	0.0515716	0.0421959	0.0135711	0.0147854	0.00758434	0.0196815	0.0109638	0.0105077	0.036964	0.0227837	0.0228189	0.0433931	0.0135133	0.0401736	0.0327279	0.143819	0.405209	0.0393905	0.00458284	0.0237626
131	0.024817	0.0037474	0.00473753	0.0214271	0.00970623	0.00592463	0.0130332	0.0130318	0.30303	0.0157556	0.00988945	0.0205293	0.00437801	0.0577604	0.413835	0.0230611	0.0225811	0.0131508	0.00261352	0.0169909
132	0.0245608	0.00431099	0.000850029	0.00459952	0.00109234	0.00639418	0.0159103	0.00078702	0.499853	0.00640048	0.00524621	0.0302806	0.00385025	0.07985	0.286548	0.0208999	0.00498834	0.00214015	0.000366727	0.00107104
133	0.13835	0.00898561	0.00557095	0.0126562	0.00580262	0.00784065	0.0102008	0.0107273	0.0207399	0.0720533	0.0491515	0.133728	0.421011	0.0250177	0.015893	0.0172071	0.0179237	0.0185258	0.00417143	0.00444283
134	0.0823253	0.011078	0.00203348	0.00724982	0.0023646	0.00776624	0.00614467	0.00743687	0.00715979	0.0330917	0.00927959	0.018261	0.733579	0.0106038	0.0049201	0.0104595	0.00958096	0.0334833	0.00123641	0.00194601
135	0.0189827	0.00237418	0.00478681	0.0182804	0.00259998	0.0085388	0.00958123	0.00288445	0.597095	0.0103831	0.00456198	0.0180953	0.00615772	0.0457939	0.204508	0.0196755	0.0122543	0.00787253	0.00261216	0.00296137
136	0.0267907	0.000737636	0.00119168	0.00219113	0.334277	0.00142602	0.0403336	0.0173924	0.0026908	0.0568608	0.0292123	0.00253541	0.00119521	0.0038788	0.00260364	0.00296681	0.018446	0.0109084	0.00886021	0.435502
137	0.0351971	0.00179388	0.116672	0.670825	0.00501166	0.00699759	0.00604769	0.00458602	0.0279259	0.00940837	0.00742715	0.0142296	0.0129853	0.0312457	0.0132339	0.0166753	0.00948755	0.00597039	0.00142652	0.00285301
138	0.0237774	0.00331513	0.00603212	0.0254972	0.0111543	0.00832035	0.014542	0.0154143	0.280099	0.0213717	0.00745919	0.0191174	0.00653362	0.0545501	0.426576	0.0226755	0.0187181	0.0142551	0.00204358	0.0185478
139	0.0268195	0.000989888	0.00385466	0.00319763	0.332296	0.00225847	0.0407052	0.0270906	0.00899577	0.0504897	0.0314818	0.00479213	0.00172711	0.00879299	0.00837006	0.00396926	0.0191414	0.018507	0.00835074	0.39817
140	0.0120334	0.00299653	0.00183093	0.00289593	0.00567339	0.00066309	0.00468178	0.457967	0.001505	0.23001	0.0351606	0.00117919	0.000607691	0.00460288	0.00500083	0.00162874	0.0023949	0.225006	0.0024633	0.0016983
141	0.0365541	0.00380031	0.00882976	0.0270916	0.00886922	0.00744193	0.019485	0.0282698	0.232399	0.0309854	0.0131842	0.0240556	0.0052063	0.153679	0.326364	0.0265421	0.0212106	0.0125778	0.00233004	0.0111253
142	0.0774068	0.0114398	0.00775207	0.022999	0.00747059	0.0336467	0.013009	0.00917923	0.0214295	0.0373494	0.0122805	0.0248601	0.605001	0.0294646	0.0110012	0.0260374	0.0215332	0.0223077	0.00267121	0.00316117
143	0.0884916	0.00283474	0.0025188	0.00437807	0.00267365	0.0033246	0.00451097	0.00265122	0.0230757	0.0302919	0.176321	0.00718187	0.00377079	0.0316915	0.00872907	0.248884	0.347351	0.00557255	0.00125105	0.00449564
144	0.645293	0.00800526	0.00174031	0.00356261	0.00236262	0.172061	0.00289072	0.00135848	0.00441265	0.00336303	0.00194633	0.0034229	0.00165741	0.00656155	0.01218	0.114847	0.00444589	0.00795944	0.000859561	0.00107065
145	0.00795247	0.000418539	0.000999233	0.00263119	0.00422432	0.000725786	0.00397363	0.19013	0.00236673	0.528037	0.146042	0.00172074	0.000861697	0.0100584	0.00722103	0.00493388	0.0153124	0.0656441	0.00308036	0.00366681
146	0.0206918	0.0034489	0.00561484	0.0192636	0.0128438	0.00681353	0.0138686	0.0146232	0.276952	0.0196416	0.00925392	0.0227764	0.00695803	0.0449754	0.429044	0.023287	0.0278685	0.0198366	0.00244096	0.0197973
147	0.0186844	0.00372208	0.00699898	0.0096497	0.13984	0.00586024	0.0116447	0.0114854	0.018735	0.0150871	0.252781	0.0109231	0.00508649	0.103177	0.0162515	0.0148239	0.0120146	0.172049	0.00205934	0.169127
148	0.00694604	0.00134743	0.00233844	0.0261157	0.00160126	0.0138671	0.00546848	0.00170979	0.341837	0.00456855	0.00252279	0.185888	0.00216624	0.0231898	0.110004	0.0568827	0.206363	0.00387319	0.000726811	0.00258318
149	0.0206037	0.00332216	0.0108938	0.0143035	0.0245236	0.00734839	0.0587685	0.0434233	0.261334	0.0184124	0.0129979	0.0301593	0.00956841	0.0395156	0.212452	0.0348886	0.131581	0.0152518	0.00222373	0.048428
150	0.343415	0.0718525	0.0108414	0.0208352	0.0098406	0.0798757	0.0220759	0.0125281	0.0272428	0.0220458	0.0237734	0.0273004	0.053223	0.0363708	0.0220936	0.0982549	0.0595359	0.0454751	0.0048729	0.00854706
151	0.0160918	0.0130941	0.00458846	0.0365234	0.00510933	0.0039394	0.200353	0.00393105	0.019661	0.0101139	0.00541382	0.569727	0.00448185	0.0234864	0.00789441	0.0344603	0.0200977	0.0162458	0.00197124	0.0028159
152	0.0212607	0.00783972	0.00263732	0.00136185	0.00435348	0.000764194	0.00164788	0.347611	0.00175747	0.0251707	0.00703485	0.00148841	0.000912096	0.00274388	0.00173391	0.00186076	0.00491169	0.55997	0.000400396	0.00453944
153	0.0261348	0.0903196	0.00223577	0.00324746	0.00197701	0.0025938	0.00305268	0.00314495	0.00482621	0.00528708	0.00347144	0.020765	0.00242171	0.00580971	0.00420114	0.161931	0.542408	0.0746552	0.000973847	0.0405433
154	0.0656168	0.00855564	0.0116749	0.0197693	0.0684724	0.0164537	0.2706	0.0186279	0.058766	0.0319873	0.0169093	0.0679851	0.0229858	0.0592713	0.0470614	0.0467454	0.0319026	0.0229441	0.0103714	0.1033
155	0.0741439	0.00813389	0.0145385	0.0353503	0.00819628	0.0282684	0.0198846	0.00987881	0.124432	0.0249436	0.0129889	0.0340533	0.339321	0.0664448	0.0369498	0.0953309	0.03712	0.0186596	0.0046112	0.00674985
156	0.0400156	0.00217096	0.0782722	0.493479	0.00387553	0.00923346	0.0082077	0.0040861	0.139582	0.0216667	0.0128298	0.0227095	0.0153795	0.0592358	0.0391632	0.0211297	0.0161001	0.00787428	0.00199262	0.00299585
157	0.0205795	0.00197265	0.00621387	0.0105589	0.0350992	0.00384921	0.0106659	0.145636	0.0181497	0.455445	0.111852	0.0117185	0.00813668	0.022269	0.0249085	0.0141752	0.0198086	0.06181	0.00374178	0.0134105
158	0.0360914	0.00243081	0.00248846	0.0405685	0.0019383	0.0247564	0.0111818	0.00275589	0.438127	0.00752263	0.00489433	0.077463	0.00419673	0.169667	0.115563	0.0403172	0.0129593	0.00437055	0.000942175	0.00176525
159	0.0338586	0.114432	0.00233668	0.00348396	0.00202411	0.00278406	0.00300105	0.00311083	0.00481582	0.0052468	0.00330509	0.0255092	0.00193416	0.00531674	0.00420795	0.161915	0.507161	0.0787426	0.00102421	0.0357898
160	0.0285219	0.0686061	0.00352066	0.00362493	0.00215107	0.00550538	0.00366273	0.00288036	0.006547	0.00639841	0.00678549	0.0232732	0.00238068	0.00828455	0.0055289	0.17943	0.548687	0.0522388	0.00111893	0.0408541
161	0.0319761	0.00342008	0.00671849	0.00931008	0.18578	0.00584274	0.0503981	0.1393	0.0188751	0.102096	0.0950306	0.0115475	0.00553696	0.0250021	0.0174902	0.0116057	0.0170696	0.128396	0.00535909	0.129245
162	0.0110717	0.131564	0.00302425	0.00493607	0.0271784	0.00309945	0.16642	0.00335223	0.0289033	0.00883202	0.0235425	0.121217	0.023773	0.243418	0.00645629	0.105861	0.00683076	0.00563458	0.00159911	0.0732863
163	0.013036	0.000986848	0.0023422	0.00373996	0.0227452	0.00144456	0.00363248	0.0713284	0.00570014	0.575827	0.172427	0.00386118	0.00506623	0.014122	0.0121789	0.00693681	0.0195088	0.0545451	0.00262349	0.00794765
164	0.0986265	0.0027702	0.131011	0.341294	0.0067433	0.00822398	0.00855362	0.0055128	0.050963	0.0112881	0.0063296	0.0153726	0.21912	0.0305574	0.00971128	0.0268798	0.0126334	0.00760889	0.00232326	0.0044772
165	0.00597831	0.000399198	0.00114486	0.00401502	0.00840057	0.000510279	0.00733943	0.428697	0.00203841	0.354238	0.067794	0.00121683	0.00056233	0.0063175	0.00785668	0.00171526	0.00242178	0.0945934	0.0041068	0.000654245
166	0.00504875	0.000326909	0.00109802	0.00376026	0.00624342	0.000509645	0.00642379	0.480557	0.00127173	0.333663	0.0458348	0.000917694	0.000534987	0.00493111	0.00662594	0.00136595	0.00116345	0.0956889	0.00364523	0.000389434
167	0.167105	0.00873674	0.0045489	0.00469455	0.00305943	0.321762	0.00387861	0.00127184	0.00553033	0.00286036	0.00191374	0.0180997	0.0196623	0.0149848	0.00364312	0.32916	0.0827763	0.00390206	0.00113063	0.00127946
168	0.017555	0.00138614	0.00952554	0.0212499	0.00974205	0.00307226	0.0089762	0.00668823	0.49918	0.018201	0.012102	0.0122068	0.00254702	0.0363599	0.263321	0.0156028	0.0152357	0.0290405	0.00143314	0.0165752
169	0.0476609	0.0128648	0.0401534	0.0359549	0.00764092	0.0660161	0.0355839	0.0087222	0.0486782	0.0159142	0.00891131	0.270454	0.00777396	0.0771035	0.0251325	0.178315	0.0902225	0.0129978	0.00365222	0.00624823
170	0.0748027	0.0117399	0.0103137	0.0187226	0.00813227	0.0301607	0.0153319	0.0862463	0.0275701	0.0365278	0.0185148	0.0248305	0.490498	0.0224003	0.0229342	0.0211013	0.0237673	0.0461413	0.00351049	0.00675347
171	0.0201332	0.00421033	0.0229765	0.00849232	0.00374663	0.0206127	0.0323869	0.0251886	0.019987	0.00789457	0.00446175	0.23598	0.00353142	0.193612	0.0100366	0.250557	0.124114	0.00678513	0.00160929	0.00368343
172	0.140371	0.0218832	0.0351568	0.00802857	0.00258759	0.281146	0.00349535	0.00146557	0.00530608	0.0040591	0.00252889	0.0883768	0.0189404	0.0131922	0.0035417	0.271746	0.0893451	0.00605388	0.00114938	0.00162627
173	0.121487	0.00144898	0.00241863	0.0432853	0.00259724	0.00332457	0.0357752	0.00279611	0.0254834	0.0223683	0.00366514	0.0218244	0.397136	0.160258	0.00487571	0.0732166	0.0534684	0.0214755	0.00114407	0.0019512
174	0.0093371	0.000531833	0.000800166	0.00147023	0.00202063	0.00078832	0.00159563	0.052543	0.00273032	0.618658	0.193545	0.0018418	0.000929664	0.0110488	0.0067771	0.00730108	0.0240597	0.0561547	0.00215453	0.00571239
175	0.0262728	0.00068961	0.00120205	0.00212518	0.348604	0.00142417	0.0408116	0.0175434	0.00299419	0.0532598	0.025487	0.00248144	0.00129922	0.00401978	0.00292563	0.00328014	0.0189221	0.0110647	0.00870381	0.426889
176	0.0273569	0.0681006	0.00248243	0.00296783	0.00190984	0.00284581	0.0033615	0.00277523	0.00681267	0.00635917	0.00720102	0.0202582	0.00253241	0.00796169	0.00612383	0.184698	0.55302	0.0518863	0.000823914	0.0405227
177	0.0238412	0.00152325	0.0273784	0.00511297	0.00240406	0.0366238	0.0121238	0.0109014	0.0217032	0.0046492	0.00311568	0.165277	0.00281983	0.246329	0.00508845	0.280382	0.144192	0.00367619	0.00114468	0.00171308
178	0.019507	0.00191084	0.00422515	0.00994253	0.0297424	0.00718563	0.0100888	0.125711	0.0169724	0.466205	0.130113	0.0130246	0.00889666	0.0209964	0.0160585	0.0119897	0.0162709	0.0484534	0.0356545	0.00705175
179	0.10586	0.00701206	0.0207582	0.0174332	0.00557663	0.473758	0.0100901	0.00504379	0.0288999	0.01118	0.00616993	0.0499192	0.0508439	0.0246779	0.0121708	0.104439	0.0434081	0.0115072	0.00732941	0.00392271
180	0.0206839	0.00790405	0.00253659	0.00159914	0.00469993	0.00080885	0.00174125	0.373649	0.00164909	0.0337117	0.00739492	0.0015811	0.000981191	0.00251774	0.00189283	0.00214268	0.00422601	0.525428	0.00048471	0.00436719
181	0.00556698	0.000359743	0.00109794	0.00398394	0.00703761	0.000458577	0.00703687	0.444963	0.00146756	0.353175	0.0594319	0.00100885	0.000545434	0.00557577	0.00735765	0.00151858	0.00207726	0.0926669	0.00412466	0.000545084
182	0.0531323	0.0436369	0.00658384	0.00575354	0.00340473	0.0332323	0.0076574	0.00524073	0.0162751	0.0121227	0.0181331	0.0378771	0.00865685	0.0256441	0.0125289	0.204778	0.443481	0.035775	0.00147427	0.0246122
183	0.00343316	0.000487999	0.000448608	0.000770833	0.000511022	0.000678145	0.00197345	0.000498019	0.716136	0.00143413	0.000976068	0.0032305	0.000722972	0.0100061	0.243951	0.0105726	0.00111295	0.00241866	0.000228679	0.000409163
184	0.113067	0.00895329	0.0267862	0.0152912	0.00517857	0.443635	0.00981787	0.00643636	0.0262469	0.0104717	0.00585503	0.0558796	0.0437782	0.023559	0.0155876	0.1225	0.0452103	0.0123624	0.00555401	0.00383009
185	0.0753847	0.0369622	0.00273118	0.00377776	0.0035763	0.035889	0.00533825	0.00263264	0.0153454	0.0121986	0.0253326	0.0181279	0.0100117	0.0193186	0.0134972	0.222214	0.446554	0.0295596	0.000987706	0.0205604
186	0.0251256	0.00950342	0.00267906	0.00150408	0.0064147	0.000918597	0.00157354	0.445546	0.00196414	0.0135406	0.00409498	0.00189829	0.00107424	0.00271653	0.00166265	0.00217335	0.00331404	0.469654	0.000338274	0.00430385
187	0.00504875	0.000326909	0.00109802	0.00376026	0.00624342	0.000509645	0.00642379	0.480557	0.00127173	0.333663	0.0458348	0.000917694	0.000534987	0.00493111	0.00662594	0.00136595	0.00116345	0.0956889	0.00364523	0.000389434
188	0.0306334	0.00182026	0.113417	0.661555	0.00346378	0.00515757	0.00487172	0.00361891	0.0440192	0.0104326	0.0074423	0.0161948	0.0091059	0.0368673	0.0176226	0.0153773	0.00914042	0.00539259	0.000977016	0.00289054
189	0.019742	0.00775207	0.00247727	0.00150743	0.00435279	0.00103596	0.00216	0.34549	0.00172636	0.0302278	0.00729155	0.00147083	0.00095783	0.00274984	0.00188707	0.00190735	0.00474134	0.557282	0.000594586	0.0046468
