327	20
1	0.0437587	0.00243059	0.00468023	0.047086	0.00382834	0.0306958	0.0182317	0.00749616	0.0655046	0.00913585	0.00411075	0.109053	0.064086	0.0192792	0.0361428	0.28707	0.235954	0.00648601	0.00190253	0.00306856
2	0.036989	0.00278855	0.00121301	0.00221788	0.0489066	0.0109039	0.00218875	0.34677	0.0027922	0.263254	0.0464057	0.00287711	0.0151111	0.00274643	0.00403681	0.0131667	0.0348667	0.159616	0.000683399	0.00246625
3	0.105005	0.012105	0.017054	0.024786	0.0134408	0.163032	0.0410794	0.0213196	0.0381919	0.0209034	0.0205018	0.0338537	0.0111598	0.0253989	0.11756	0.233054	0.0578208	0.0304448	0.000829782	0.0124598
4	0.0166458	0.00362141	0.208317	0.303053	0.013325	0.0319054	0.00985433	0.00377272	0.0335546	0.00749852	0.00157249	0.0650882	0.00491351	0.078876	0.0549209	0.106307	0.0409127	0.00836591	0.000206171	0.007289
5	0.014299	0.00477045	0.00118091	0.0023123	0.0394985	0.00317316	0.000580461	0.249659	0.00245283	0.45266	0.0866797	0.00108934	0.00214721	0.0019904	0.00151679	0.00689624	0.0135928	0.1118	0.000127328	0.00357368
6	0.0400639	0.00285293	0.0228449	0.00580739	0.0045054	0.0454261	0.0412177	0.00748665	0.0760047	0.0852575	0.0567673	0.138824	0.0398967	0.0117025	0.16183	0.0789939	0.139139	0.0160171	0.000770356	0.0245914
7	0.00807557	0.0139236	0.0412133	0.00351177	0.00349078	0.504261	0.00285943	0.00623526	0.00494143	0.00727448	0.0175154	0.213173	0.00167575	0.0433519	0.0219302	0.0757069	0.019157	0.00721611	0.000890232	0.00359753
8	0.0101601	0.0102407	0.00191079	0.0036143	0.00283642	0.0430894	0.00613861	0.0137778	0.238056	0.0217916	0.0166036	0.0517797	0.00946597	0.102286	0.199745	0.15346	0.10576	0.0053732	0.000920361	0.00299083
9	0.00490911	0.00590491	0.00188252	0.000795392	0.0462228	0.00198603	0.000359375	0.0876572	0.00351182	0.66553	0.130591	0.000541589	0.000305624	0.00108169	0.000685123	0.00327014	0.00362745	0.0343334	9.85809e-05	0.00670656
10	0.022868	0.0128041	0.000428554	0.00311848	0.00633856	0.00194562	0.00040519	0.308372	0.00214043	0.056562	0.0128938	0.00383826	0.00379887	0.00221872	0.00191392	0.00346912	0.0114377	0.544765	9.7922e-05	0.000583321
11	0.138717	0.0580892	0.0112313	0.0444944	0.00763332	0.0271045	0.0147949	0.0217688	0.0356356	0.0358023	0.06176	0.00802974	0.00427414	0.0406734	0.0839714	0.301597	0.051904	0.0459603	0.000790505	0.00576804
12	0.0196934	0.0113091	0.000375096	0.00389653	0.0107798	0.00115291	0.000378449	0.383397	0.00115159	0.085317	0.0163032	0.00275672	0.00208165	0.00137639	0.00146666	0.0031769	0.00911695	0.44559	8.02996e-05	0.000599619
13	0.0234268	0.00345323	0.203102	0.290421	0.0126221	0.0279021	0.0131279	0.00462269	0.0411301	0.00760068	0.00282647	0.0590177	0.0231818	0.075956	0.0567918	0.0951724	0.0418549	0.0099623	0.000451762	0.00737616
14	0.0985896	0.00230825	0.00254052	0.0062987	0.00221055	0.655217	0.00819091	0.0049239	0.0055775	0.00487342	0.00325363	0.00632232	0.0034338	0.00961775	0.0116828	0.152367	0.01391	0.00634827	0.000338157	0.00199513
15	0.0269478	0.00780191	0.00601803	0.0246763	0.0157542	0.00283658	0.00507592	0.211798	0.0155618	0.139819	0.131651	0.0143467	0.00204155	0.0386906	0.0134061	0.0293917	0.0803869	0.222678	0.000516125	0.0106021
16	0.0236733	0.0128118	0.000449091	0.00248469	0.00657996	0.00191259	0.000380108	0.308054	0.0015662	0.0593075	0.0124409	0.00386917	0.00369619	0.00201904	0.00176548	0.00333577	0.00965717	0.545396	9.93265e-05	0.000501871
17	0.0324222	0.0105291	0.010405	0.0225665	0.0117278	0.0104007	0.00804511	0.0691505	0.0661959	0.025534	0.0259193	0.0375746	0.00417946	0.0147744	0.0808104	0.13866	0.159904	0.260283	0.00164936	0.00926834
18	0.0125255	0.000884898	0.00537521	0.00128682	0.00140909	0.00561387	0.0009833	0.0154266	0.378779	0.0033623	0.00149023	0.00165897	0.00070653	0.0469981	0.46063	0.0127382	0.0296491	0.0146397	0.000299387	0.00554242
19	0.203891	0.0307884	0.00741308	0.0041412	0.00794422	0.0203826	0.00297358	0.104201	0.0073704	0.0229872	0.0544302	0.0177487	0.0106794	0.0433223	0.00817997	0.075449	0.114601	0.257726	0.000832429	0.0049385
20	0.0320328	0.00203228	0.00823221	0.00790488	0.0151569	0.0152708	0.0124205	0.00336723	0.00822323	0.00658986	0.00235646	0.0568011	0.0056273	0.00843029	0.0104202	0.565178	0.229697	0.00502648	0.000490056	0.00474319
21	0.104737	0.0107876	0.075105	0.113105	0.0137367	0.0371929	0.0192468	0.0216239	0.0653195	0.0285826	0.0267129	0.0203424	0.130171	0.0709738	0.0244557	0.111499	0.079956	0.0401244	0.00274049	0.00358736
22	0.0249118	0.0137858	0.000435947	0.00194171	0.0059377	0.00218433	0.000396781	0.283719	0.00181652	0.0528853	0.0115369	0.00422683	0.0042515	0.00215002	0.00189529	0.0034754	0.00993676	0.573922	9.93293e-05	0.000490692
23	0.0190645	0.0132025	0.0235853	0.0341195	0.0191725	0.00956118	0.116509	0.0263274	0.190113	0.0539122	0.00800435	0.0386109	0.00320302	0.034644	0.273565	0.0348346	0.0364452	0.0208097	0.000436609	0.0438794
24	0.091526	0.00704083	0.0673799	0.10885	0.00909519	0.0433898	0.0222883	0.0164089	0.0543414	0.0314351	0.0187313	0.0171772	0.21122	0.0688357	0.0206696	0.102949	0.0727387	0.0289286	0.00294308	0.00405143
25	0.0174381	0.00218894	0.031498	0.0543904	0.0264775	0.00337125	0.01925	0.028819	0.316372	0.0971775	0.0352867	0.0216194	0.00084981	0.0542771	0.216744	0.00592575	0.0239462	0.0215638	0.00405806	0.0187463
26	0.0394957	0.00238176	0.000679156	0.00157773	0.0430023	0.00634252	0.000633236	0.343168	0.00163618	0.284067	0.0497174	0.0012413	0.00667406	0.00122013	0.00213597	0.00922466	0.0244977	0.181311	0.000171042	0.00082313
27	0.0471165	0.00251526	0.0132859	0.0369061	0.0136437	0.00175343	0.0134663	0.144663	0.102629	0.126639	0.052664	0.0105704	0.00278488	0.0536993	0.0738302	0.0491004	0.0669415	0.165972	0.000248705	0.0215708
28	0.0330901	0.00955863	0.00327666	0.0647686	0.0211224	0.0039222	0.0184931	0.0102178	0.257686	0.0345301	0.00249752	0.0467422	0.000813343	0.0597598	0.246156	0.0898596	0.0499039	0.0351337	0.00049794	0.0119704
29	0.281625	0.00575851	0.00337878	0.00380318	0.00454537	0.102001	0.00304168	0.0842517	0.00493595	0.0629414	0.012592	0.010473	0.0238991	0.00565335	0.0138188	0.15422	0.113231	0.105002	0.00101933	0.00380882
30	0.111886	0.0145058	0.00957176	0.00443086	0.0208656	0.00488259	0.00287486	0.119289	0.0247672	0.044442	0.0231139	0.00771343	0.00201643	0.0105481	0.00700289	0.0491978	0.125866	0.396965	0.00140629	0.0186541
31	0.0207135	0.0251457	0.00534667	0.00682288	0.220147	0.00698429	0.0369334	0.0115521	0.00785711	0.0339321	0.0101784	0.0166291	0.00208469	0.0406182	0.00498984	0.0326063	0.0242073	0.0136198	0.0190527	0.460579
32	0.0291469	0.00379962	0.00474702	0.0438274	0.231726	0.00497881	0.00471254	0.0268124	0.0936914	0.0149501	0.0100537	0.00949729	0.00248398	0.0759623	0.144024	0.0124361	0.0495647	0.0622597	0.0284979	0.146828
33	0.0837095	0.00183753	0.0806282	0.0515495	0.00766015	0.0734442	0.00530308	0.00876724	0.0840135	0.0153977	0.0100216	0.113584	0.0354535	0.0438498	0.107773	0.21138	0.034932	0.0263235	0.000718627	0.0036534
34	0.0228896	0.00374218	0.0257426	0.00900771	0.161344	0.0314426	0.123547	0.0151586	0.047109	0.108253	0.0744656	0.0443968	0.00334356	0.0110014	0.0159261	0.0323374	0.0600272	0.0420278	0.0598891	0.108349
35	0.0842889	0.00349594	0.0526185	0.0883083	0.00437592	0.00747595	0.00601529	0.0449487	0.118632	0.118444	0.00665377	0.0188449	0.137548	0.011324	0.126138	0.0579322	0.0659973	0.0420436	0.00111167	0.0038032
36	0.00630152	0.00470716	0.00180366	0.00108709	0.113144	0.00191892	0.00591139	0.0847492	0.00399756	0.530606	0.11238	0.00107769	0.00232205	0.0017337	0.00160217	0.00589189	0.00723277	0.0640564	0.0045539	0.0449222
37	0.0098739	0.00218607	0.0593253	0.0943396	0.00314077	0.00740311	0.00802609	0.157124	0.0435923	0.0930466	0.010858	0.102544	0.00690001	0.0309584	0.067944	0.0600084	0.0621721	0.161861	0.000428138	0.0182672
38	0.0331823	0.00549876	0.0110217	0.0391205	0.0111653	0.00409875	0.0062845	0.156233	0.071205	0.0540398	0.0536827	0.0212662	0.00111247	0.0410229	0.170067	0.103757	0.0739578	0.130284	0.000263858	0.0127373
39	0.0540834	0.00215717	0.209729	0.108421	0.00637536	0.0281266	0.0222996	0.0139985	0.104384	0.0191414	0.012312	0.113472	0.00546718	0.0480066	0.116747	0.0742083	0.0339266	0.0180205	0.000547101	0.0085768
40	0.0508727	0.00428631	0.00940584	0.00672854	0.153092	0.0111668	0.0633196	0.032511	0.031531	0.0566648	0.0585434	0.0330781	0.00360259	0.0266977	0.0109865	0.101324	0.0735387	0.0761603	0.0451894	0.151301
41	0.0284326	0.00580849	0.0176236	0.0348077	0.0117178	0.0200208	0.0186935	0.023866	0.231683	0.0336582	0.0182729	0.0330646	0.00314557	0.0814378	0.303424	0.0513907	0.044164	0.0241534	0.00144632	0.0131892
42	0.0387298	0.0165414	0.00868961	0.0516938	0.0113865	0.0108075	0.0095593	0.0950397	0.0726266	0.0318222	0.0671539	0.0202598	0.00184273	0.0236966	0.176463	0.140047	0.0899156	0.125328	0.000548564	0.00784861
43	0.0437949	0.0023503	0.000777626	0.00140075	0.0502066	0.0069934	0.000690986	0.327286	0.00153477	0.286172	0.0500278	0.00127095	0.006597	0.00125307	0.00201566	0.00887853	0.0252249	0.182474	0.000169132	0.000882344
44	0.0535936	0.0224713	0.00457236	0.0377249	0.0209007	0.0289486	0.0265568	0.076125	0.0751743	0.0143705	0.050106	0.00920198	0.0048087	0.0314339	0.125341	0.178233	0.104112	0.127558	0.000680574	0.00808766
45	0.0130169	0.00530764	0.000501231	0.00429731	0.0142862	0.000909762	0.000511789	0.456993	0.00150705	0.16851	0.0353025	0.00154504	0.00114222	0.00115875	0.00175341	0.00433747	0.01168	0.276181	0.000100945	0.000956779
46	0.0481014	0.00748557	0.121464	0.200918	0.0132826	0.0263188	0.0172607	0.0216639	0.058382	0.0216472	0.0171719	0.0549429	0.0264137	0.0992184	0.0636629	0.10947	0.0570063	0.0233062	0.00124598	0.0110378
47	0.0174322	0.0029303	0.385071	0.258791	0.00601984	0.0132062	0.00797268	0.0199974	0.0196567	0.0181024	0.0171885	0.0546697	0.00582619	0.0366754	0.0366884	0.0388313	0.0366127	0.0187309	0.000527931	0.00506902
48	0.0661562	0.00313861	0.023095	0.00431514	0.0105635	0.0232109	0.0394898	0.01666	0.0463118	0.15008	0.0980419	0.0953404	0.0721318	0.00528969	0.0942371	0.0619904	0.129259	0.031708	0.00160367	0.0273775
49	0.09249	0.00798387	0.0100158	0.0118862	0.0188704	0.0115093	0.0105036	0.0229832	0.0140013	0.0517607	0.00946228	0.0404477	0.243922	0.0510912	0.0265445	0.234192	0.0727466	0.0159929	0.00163346	0.0519634
50	0.0252223	0.00378619	0.216375	0.294592	0.0109548	0.026565	0.0108818	0.0070023	0.0386849	0.0094991	0.00452927	0.0575596	0.0177877	0.0711908	0.0521138	0.0881661	0.0429909	0.0135878	0.000461477	0.00804972
51	0.142636	0.00752773	0.00416586	0.00456621	0.0145263	0.0147539	0.00467003	0.203179	0.00811745	0.16448	0.0224745	0.00701443	0.00530672	0.0120878	0.0104346	0.0737075	0.0763555	0.216654	0.00055484	0.00678749
52	0.0901078	0.00426805	0.0949027	0.143217	0.00871339	0.0320879	0.0229833	0.014706	0.080259	0.0207422	0.0146411	0.0244295	0.160605	0.0537912	0.0390897	0.0938259	0.0668421	0.0275586	0.00265284	0.00457704
53	0.236595	0.00779315	0.00263958	0.00339695	0.0032596	0.0383086	0.0027189	0.0311675	0.0145072	0.0295121	0.0230324	0.0158971	0.321239	0.00466517	0.0142671	0.045053	0.105239	0.0893094	0.00828728	0.00311191
54	0.112871	0.00402439	0.00896794	0.0139881	0.00458789	0.493603	0.00903043	0.0106362	0.014876	0.0111625	0.00621675	0.0165764	0.00952578	0.0149693	0.032354	0.175309	0.0402897	0.0165412	0.000820794	0.00365041
55	0.100172	0.0118209	0.0639609	0.115081	0.00953479	0.0365105	0.0182897	0.0276076	0.0716489	0.0315133	0.0411857	0.032474	0.0712241	0.0995974	0.0326514	0.112279	0.0830239	0.0332233	0.00193388	0.00626827
56	0.00337587	0.003184	0.00100461	0.013393	0.0173675	0.000940293	0.000762864	0.259199	0.00147757	0.307825	0.19331	0.0013389	0.000728565	0.0214534	0.00164811	0.00610031	0.042016	0.120251	0.000322885	0.00430146
57	0.289369	0.0166146	0.0133591	0.0203019	0.00696779	0.0668462	0.00607387	0.0258174	0.0151189	0.0272504	0.0180039	0.013122	0.154253	0.0151416	0.0116291	0.146012	0.07235	0.0717778	0.00273367	0.00725831
58	0.0773005	0.00205431	0.0518551	0.128503	0.00602512	0.0200527	0.0425091	0.0167083	0.134877	0.0314235	0.0201497	0.0940345	0.0019906	0.069344	0.184971	0.0614446	0.0357739	0.0105074	0.000313692	0.0101625
59	0.0833477	0.020944	0.00566777	0.00588591	0.0262385	0.00823091	0.0232902	0.0128033	0.00801102	0.0129192	0.0080679	0.0685106	0.0113329	0.0480826	0.034206	0.393106	0.137148	0.0271778	0.00133616	0.0636939
60	0.0131177	0.00841022	0.000366985	0.00434991	0.0161129	0.00101383	0.000363643	0.46862	0.0012198	0.121592	0.0226193	0.00190059	0.00114647	0.000768811	0.00130753	0.00341605	0.0110363	0.321843	8.65147e-05	0.000707761
61	0.0136383	0.00317524	0.318851	0.312165	0.00425065	0.00747783	0.00400707	0.0526005	0.00665618	0.0303998	0.0291975	0.0367633	0.0021683	0.013809	0.0416044	0.0151987	0.0742054	0.0287267	0.000788096	0.00431755
62	0.0249118	0.0137858	0.000435947	0.00194171	0.0059377	0.00218433	0.000396781	0.283719	0.00181652	0.0528853	0.0115369	0.00422683	0.0042515	0.00215002	0.00189529	0.0034754	0.00993676	0.573922	9.93293e-05	0.000490692
63	0.0294229	0.00841558	0.0047149	0.00912775	0.0186321	0.00236219	0.01078	0.354417	0.010514	0.0932927	0.0280801	0.0098785	0.00134158	0.0150465	0.0122688	0.039899	0.0501916	0.289414	0.000172562	0.0120283
64	0.035244	0.00876247	0.00371432	0.0607965	0.0232971	0.00433696	0.0177986	0.010582	0.257687	0.0358822	0.00286226	0.0495509	0.000991775	0.0622559	0.23475	0.0897601	0.0514148	0.0361991	0.000775933	0.0133378
65	0.192771	0.0307999	0.0154301	0.0244915	0.0115328	0.0297636	0.00825542	0.0301667	0.0192416	0.0340229	0.0217303	0.0171696	0.177747	0.0248573	0.0153901	0.156758	0.107891	0.0643573	0.0028329	0.0147908
66	0.0902604	0.00314228	0.00732954	0.00919052	0.00360718	0.631963	0.0088075	0.00472025	0.00824661	0.00542267	0.0042067	0.0201541	0.00301752	0.0134402	0.0146422	0.145745	0.0149111	0.00744896	0.000592357	0.00315248
67	0.0203459	0.00233374	0.506472	0.198308	0.00377706	0.0066363	0.00840336	0.0211543	0.0120509	0.0198775	0.0257057	0.058424	0.00355024	0.0180474	0.024309	0.0190572	0.0287394	0.0186409	0.000945353	0.00322213
68	0.0196281	0.00726508	0.030706	0.0492313	0.0130233	0.00632385	0.093761	0.036866	0.209489	0.0548807	0.0140871	0.0419534	0.00325018	0.042186	0.24265	0.0312829	0.045473	0.025623	0.000767229	0.0315529
69	0.0249118	0.0137858	0.000435947	0.00194171	0.0059377	0.00218433	0.000396781	0.283719	0.00181652	0.0528853	0.0115369	0.00422683	0.0042515	0.00215002	0.00189529	0.0034754	0.00993676	0.573922	9.93293e-05	0.000490692
70	0.0338383	0.0059945	0.0117116	0.0413096	0.0107727	0.00470334	0.0064443	0.143474	0.0689695	0.0538947	0.0514445	0.0213515	0.000993549	0.0400216	0.172317	0.109951	0.077622	0.132077	0.000252418	0.0128577
71	0.0133927	0.00861736	0.000366486	0.0048733	0.0143056	0.000599688	0.000377839	0.470603	0.00104541	0.108487	0.0203606	0.00197683	0.000838582	0.000872038	0.00122617	0.00312901	0.00931393	0.338778	6.7244e-05	0.000769352
72	0.0112362	0.0168173	0.0167465	0.00439859	0.0179906	0.0162847	0.00257366	0.104742	0.00653779	0.00904784	0.00689338	0.0571316	0.00188394	0.00487	0.00536049	0.0262228	0.234531	0.388507	0.0140314	0.0541929
73	0.128281	0.00277412	0.0021978	0.00610115	0.00257661	0.628628	0.00776858	0.00483627	0.00578975	0.00473241	0.00307165	0.00628722	0.00169766	0.00996901	0.0101422	0.150715	0.014021	0.00781945	0.000495992	0.00209568
74	0.0363722	0.00965227	0.00479204	0.00794952	0.0194286	0.00302563	0.0114352	0.321851	0.0124903	0.0917651	0.0316389	0.0109478	0.00156187	0.0185484	0.0135458	0.0488091	0.0627309	0.280901	0.000208354	0.0123468
75	0.0122808	0.00168057	0.00245193	0.0023764	0.317739	0.00244523	0.0201884	0.0763579	0.00509739	0.141139	0.0524794	0.00312277	0.0100882	0.00421683	0.00423721	0.0116801	0.0105388	0.139772	0.0189279	0.163181
76	0.0184952	0.00194938	0.0323918	0.0556797	0.0118735	0.00258649	0.0210305	0.0303299	0.328092	0.0951068	0.03098	0.0232613	0.000616053	0.0606368	0.228095	0.00443366	0.0237329	0.0176311	0.000305074	0.0127729
77	0.209048	0.0311644	0.00299327	0.00433752	0.00518286	0.042669	0.00333982	0.0584887	0.00630845	0.072025	0.0447187	0.0132838	0.131044	0.00739719	0.00763861	0.128289	0.0809009	0.145947	0.00167334	0.00355146
78	0.053156	0.0026601	0.0198446	0.053864	0.0150631	0.00290989	0.0107117	0.168708	0.0833538	0.101579	0.0727519	0.0113744	0.00253695	0.0507044	0.080406	0.0478284	0.0555367	0.142429	0.000294429	0.0242883
79	0.112323	0.0144329	0.0522047	0.0950487	0.0100449	0.0434591	0.0150652	0.024	0.0733133	0.0416552	0.0339393	0.0156173	0.157519	0.0945784	0.0176008	0.0879737	0.075462	0.029404	0.00257442	0.00378345
80	0.0892693	0.00154347	0.0768788	0.0364711	0.00821994	0.0726516	0.00208437	0.00881198	0.0754852	0.0158227	0.00880957	0.123893	0.0118818	0.037706	0.125926	0.246407	0.0287597	0.0262536	0.000361499	0.00276416
81	0.0074248	0.00201708	0.00275211	0.00282267	0.249355	0.00303901	0.0372074	0.0709232	0.00468246	0.119161	0.0679074	0.00444668	0.00596849	0.00491841	0.00461733	0.0191687	0.0108761	0.0885067	0.0154179	0.278788
82	0.0437018	0.00443377	0.0360376	0.0849912	0.0108137	0.0192409	0.0240331	0.0200145	0.247986	0.0287903	0.0113459	0.0652285	0.000753596	0.0651409	0.186392	0.0618035	0.0467046	0.026331	0.000435153	0.0158223
83	0.0632887	0.00409044	0.0051502	0.0054969	0.0626859	0.00948046	0.0092184	0.0977371	0.00724346	0.169486	0.0378655	0.026563	0.0711338	0.00691122	0.0308179	0.161543	0.143285	0.0584542	0.0204842	0.00906486
84	0.0271789	0.00237257	0.00275468	0.00367509	0.112186	0.00289897	0.00488456	0.10035	0.0284514	0.0812674	0.0231966	0.00431392	0.00282433	0.00522799	0.0196211	0.0235762	0.0340948	0.328491	0.0141142	0.17852
85	0.00648384	0.0030532	0.000713804	0.00941842	0.0190657	0.00100112	0.000597981	0.260922	0.00111726	0.356507	0.164218	0.00109161	0.000949541	0.0135821	0.00131498	0.00444926	0.02711	0.125419	0.000222905	0.00276245
86	0.00988204	0.00366965	0.157293	0.139492	0.00426871	0.00580653	0.00540981	0.120589	0.0315428	0.165346	0.00560289	0.0547448	0.00412263	0.0280148	0.0210777	0.0408406	0.0249136	0.139554	0.001197	0.0366332
87	0.602167	0.0557799	0.00117909	0.00154317	0.00499501	0.0742949	0.00123242	0.0151559	0.00165913	0.00323698	0.00802047	0.00191475	0.00945329	0.00177021	0.00233506	0.0533309	0.0220327	0.137732	0.000290602	0.00187698
88	0.012345	0.0569374	0.00743031	0.025619	0.00544669	0.00484945	0.0524202	0.10381	0.0263686	0.0538273	0.0269379	0.347577	0.00311548	0.0377751	0.00725345	0.105704	0.0326253	0.0821705	0.00147804	0.00630935
89	0.0324849	0.0145364	0.0167166	0.00336954	0.00334113	0.00306156	0.247441	0.00655913	0.0041827	0.00729789	0.00431286	0.328718	0.00177744	0.0343578	0.032587	0.176841	0.00801149	0.00723078	0.000882346	0.0662904
90	0.0131389	0.00846503	0.000382864	0.00517716	0.0141085	0.000562525	0.000405879	0.473689	0.00107841	0.106555	0.0201065	0.0019915	0.000814631	0.000902165	0.00125377	0.00322417	0.00927319	0.337961	6.81095e-05	0.000840614
91	0.0451967	0.00474406	0.0630373	0.157114	0.00122937	0.0236435	0.0281625	0.0669113	0.132702	0.0362662	0.0420392	0.043133	0.000539627	0.119157	0.0739615	0.0435344	0.0520644	0.0503929	0.000276257	0.0158949
92	0.0318034	0.0079487	0.000746545	0.00268843	0.0477905	0.00531628	0.000930013	0.364578	0.00179129	0.238779	0.0561332	0.00160843	0.00434916	0.00222063	0.00194564	0.00971385	0.0224332	0.196891	0.000271726	0.00206039
93	0.018824	0.0020068	0.0319121	0.0556919	0.0117976	0.00245135	0.0210878	0.0303408	0.327519	0.0944998	0.030457	0.0236479	0.00060182	0.0604456	0.228701	0.00517382	0.0240681	0.0177706	0.000303692	0.0127003
94	0.0868347	0.00072234	0.0650118	0.136779	0.00510376	0.0300426	0.0267864	0.00784493	0.154687	0.0101649	0.0105131	0.120254	0.00061384	0.0527918	0.176407	0.065436	0.0360151	0.00408173	0.000251262	0.00965832
95	0.00307192	0.00339037	0.00068321	0.0116754	0.0174744	0.000731574	0.000620183	0.252757	0.00108246	0.352876	0.182577	0.00103938	0.000499742	0.0168612	0.00135303	0.00442397	0.0318299	0.113595	0.000246386	0.00321183
96	0.382651	0.0176652	0.00101384	0.001982	0.00775317	0.0469033	0.00107548	0.0143811	0.00390742	0.00692585	0.0064174	0.00385916	0.00604351	0.00228204	0.00782049	0.425758	0.0361051	0.025951	0.000308279	0.00119682
97	0.0381008	0.00454123	0.0285675	0.0467826	0.101301	0.00862316	0.0805171	0.109832	0.0569169	0.249307	0.0120091	0.00793226	0.00293439	0.00908709	0.0674801	0.0161729	0.0154516	0.0354875	0.00220299	0.106752
98	0.0164031	0.00357125	0.217596	0.31086	0.0116632	0.0290007	0.00979955	0.0039907	0.0333586	0.00740618	0.00168487	0.0664866	0.00482812	0.0777666	0.055204	0.0949433	0.0386354	0.00927986	0.00018549	0.00733602
99	0.0407727	0.00202292	0.0115964	0.0356432	0.0116119	0.00141602	0.0121875	0.151728	0.104648	0.118625	0.0484955	0.016333	0.0022245	0.0553343	0.104463	0.0575796	0.060961	0.144551	0.000232629	0.0195733
100	0.00722857	0.00479306	0.00137665	0.00382094	0.0378712	0.00151575	0.000466953	0.148414	0.00254312	0.554842	0.144077	0.000732664	0.000547265	0.00489737	0.000779251	0.00375956	0.0110889	0.0664041	0.000148306	0.00469319
101	0.335829	0.00368461	0.00233948	0.00259733	0.00289658	0.0743479	0.00213268	0.110424	0.00338839	0.0235927	0.0053669	0.00509616	0.00381064	0.00360355	0.0219483	0.185055	0.0760199	0.135075	0.000637852	0.00215442
102	0.08641	0.000772655	0.0639945	0.134293	0.00513799	0.0297136	0.0269594	0.00806348	0.157061	0.0107459	0.0105899	0.11952	0.000601577	0.0524665	0.178501	0.0650734	0.0358964	0.00438599	0.000251423	0.00956201
103	0.276398	0.00983546	0.00850788	0.00950829	0.0075717	0.0776443	0.00583984	0.0245654	0.0102135	0.0351473	0.0109484	0.0349573	0.0153627	0.0101022	0.0171251	0.331397	0.0708124	0.0376048	0.00091256	0.00554587
104	0.0342182	0.00371959	0.000618185	0.00145964	0.0533272	0.00720048	0.000648549	0.374405	0.00163261	0.249935	0.041952	0.00134957	0.00592342	0.00122658	0.00188263	0.0079372	0.0265968	0.184798	0.000198226	0.000971552
105	0.338083	0.0800797	0.00922996	0.0119045	0.0495301	0.024385	0.00983787	0.0829618	0.0136738	0.0419215	0.0215245	0.0130678	0.0106533	0.0162393	0.0178998	0.0811906	0.0508847	0.108206	0.00263608	0.0160901
106	0.152641	0.00696039	0.0219759	0.0349808	0.010087	0.0273712	0.011838	0.0266134	0.0267189	0.0315077	0.0180474	0.0207931	0.29512	0.0255684	0.0218661	0.0920036	0.102472	0.0547066	0.00603711	0.0126911
107	0.0658713	0.00309711	0.00638655	0.0448234	0.00829367	0.0369509	0.0254454	0.0073289	0.0213337	0.0186112	0.00482741	0.0620377	0.0194261	0.0129221	0.0163556	0.401297	0.231443	0.00767519	0.000898749	0.00497497
108	0.0150288	0.00964845	0.000458501	0.00459778	0.0128365	0.000854168	0.00058224	0.447341	0.00131743	0.102515	0.0200783	0.00232864	0.00117567	0.00122457	0.00155913	0.00425063	0.00988394	0.363118	8.21825e-05	0.00111873
109	0.0158313	0.00752607	0.000882808	0.011011	0.0107115	0.000691786	0.00101047	0.448428	0.00182129	0.0853465	0.0185928	0.00242983	0.00117821	0.00201113	0.00212118	0.00486526	0.011854	0.371762	0.000108742	0.00181592
110	0.0216883	0.00321844	0.0123063	0.0244142	0.00719229	0.00840472	0.0109786	0.0195912	0.329686	0.0248414	0.0092493	0.0182176	0.00422217	0.0512228	0.353956	0.0333259	0.0367945	0.0201883	0.000860265	0.00964185
111	0.0184478	0.00200729	0.0320329	0.0575919	0.0117566	0.00267809	0.020666	0.029738	0.326072	0.0945357	0.0302508	0.023244	0.000641083	0.0621283	0.228074	0.00555536	0.0241333	0.0175743	0.000319906	0.0125522
112	0.388468	0.00411188	0.0016988	0.00699993	0.00231091	0.370004	0.00495633	0.00460972	0.00324529	0.00406146	0.00475858	0.00359361	0.00184135	0.0087294	0.00700266	0.158536	0.0145221	0.00822221	0.000470071	0.00185782
113	0.0135617	0.00384846	0.000562748	0.00364536	0.0209096	0.00347146	0.000602189	0.468271	0.00248076	0.200906	0.0290358	0.00154473	0.00276005	0.000967627	0.00273656	0.00556379	0.0215598	0.2165	0.000137661	0.00093395
114	0.0945038	0.00270657	0.00156854	0.00230505	0.0383377	0.00681532	0.00180962	0.249058	0.00285234	0.319486	0.0332263	0.00265781	0.005548	0.00260419	0.00336289	0.0162802	0.0344505	0.179932	0.000370211	0.00212474
115	0.0307714	0.13474	0.00763123	0.00737841	0.0730912	0.00685852	0.00609467	0.0525587	0.00947135	0.442049	0.0645488	0.00727657	0.00356024	0.00838507	0.0135041	0.0188721	0.0168803	0.0565773	0.0018081	0.0379431
116	0.0836195	0.00510319	0.00484836	0.00608372	0.0260235	0.00539514	0.00483498	0.0116129	0.00648867	0.41243	0.162344	0.00661419	0.00338145	0.149251	0.00743142	0.0533787	0.0126226	0.0325988	0.00102992	0.00490889
117	0.00491757	0.00577009	0.00185729	0.000967141	0.0454664	0.00195369	0.00037104	0.0906551	0.00343721	0.660752	0.131303	0.000541673	0.000325211	0.00127494	0.000693297	0.00326025	0.00393027	0.0358176	0.000116441	0.00658953
118	0.0379968	0.00290913	0.00178047	0.00192794	0.163146	0.00574591	0.00160166	0.227157	0.00400055	0.235349	0.0458026	0.00201781	0.00853736	0.00260543	0.00310174	0.0091407	0.020772	0.201475	0.00512227	0.0198109
119	0.089073	0.00131159	0.0014703	0.00543105	0.00179702	0.678977	0.008122	0.00316404	0.00404074	0.00337039	0.00197235	0.00376485	0.000947447	0.00916839	0.0104142	0.16009	0.011606	0.00344716	0.000303081	0.00152913
120	0.118429	0.00275085	0.00318547	0.00703961	0.00223369	0.629111	0.00760856	0.00499674	0.00463921	0.00419142	0.00284944	0.00612735	0.0019855	0.00991069	0.0110937	0.159337	0.0142981	0.00739681	0.000380567	0.00243553
121	0.0312182	0.0260184	0.0134005	0.036018	0.0137655	0.00305961	0.00224754	0.0594266	0.00521886	0.0611338	0.109309	0.0823008	0.00180148	0.00598774	0.00452473	0.0522963	0.120813	0.356595	0.000970716	0.0138936
122	0.0960345	0.00597636	0.0840201	0.129979	0.00969287	0.0365054	0.0222319	0.0161233	0.0684112	0.022429	0.0176552	0.020921	0.155737	0.0643973	0.0298848	0.102817	0.0756442	0.0340414	0.00371142	0.00378702
123	0.0131532	0.00119029	0.0066048	0.00561256	0.00300296	0.00523473	0.00306532	0.0167918	0.370813	0.0097011	0.00304556	0.00433807	0.000674335	0.0485398	0.437559	0.0144023	0.0307797	0.0174996	0.000404488	0.00758683
124	0.00638793	0.00264983	0.0516321	0.0930721	0.00216734	0.0111859	0.0118823	0.155593	0.046084	0.0933595	0.00341726	0.141127	0.0105377	0.030189	0.0434763	0.0436164	0.0610848	0.179615	0.000463739	0.0124587
125	0.0791381	0.00817452	0.00944797	0.0110043	0.0358497	0.024593	0.0522195	0.0646643	0.0183095	0.161959	0.117368	0.0230026	0.0480345	0.0137386	0.0475657	0.0946038	0.0895335	0.0661282	0.00458086	0.0300842
126	0.0903814	0.00426187	0.0954792	0.143662	0.00873146	0.0323233	0.0228604	0.0140546	0.0795486	0.0193119	0.0145765	0.0244822	0.161912	0.0538278	0.0379509	0.0941392	0.0670603	0.0279475	0.00276423	0.00472496
127	0.0223914	0.00356079	0.238035	0.232324	0.0102282	0.0240728	0.0128352	0.0121998	0.0330492	0.0229972	0.00397712	0.0999056	0.00456987	0.0760103	0.046727	0.0890425	0.041368	0.0188388	0.000437895	0.0074287
128	0.0158067	0.00645332	0.0213716	0.0422992	0.0124393	0.00405262	0.148197	0.0243479	0.130759	0.0394109	0.00289774	0.0805014	0.00774684	0.0281042	0.198532	0.0547586	0.0817797	0.0482643	0.000498535	0.051779
129	0.0165728	0.00423758	0.00114847	0.0059641	0.0185927	0.00293348	0.00263293	0.433419	0.00547468	0.196775	0.0343249	0.0030442	0.00266644	0.0038219	0.00539788	0.0114375	0.0279178	0.220758	0.000121258	0.00275949
130	0.0297428	0.00584009	0.0209402	0.0298881	0.0154031	0.0159735	0.0232803	0.0225769	0.237233	0.0325824	0.0133878	0.0260193	0.00768671	0.0490467	0.343214	0.044436	0.0392502	0.02482	0.0014301	0.0172491
131	0.0569719	0.00629891	0.026925	0.0322127	0.0105961	0.382828	0.0117044	0.0175718	0.0755611	0.0260168	0.017953	0.0468545	0.0102122	0.0409875	0.060264	0.102794	0.0364558	0.0232336	0.00265144	0.0119068
132	0.035669	0.00275415	0.269398	0.192522	0.0079746	0.0221837	0.0241739	0.00997005	0.0595061	0.0132976	0.00821847	0.0844446	0.0063873	0.0552237	0.079873	0.0727587	0.0338382	0.0137	0.000273924	0.00783222
133	0.0236817	0.00751969	0.00255494	0.00654627	0.0171465	0.00205327	0.00529438	0.409718	0.00603784	0.114311	0.0306553	0.00598037	0.00157708	0.00860688	0.00750588	0.0288283	0.03361	0.281416	0.000135164	0.00682136
134	0.0318895	0.0151372	0.0160935	0.00413902	0.00376926	0.0035954	0.24243	0.0097077	0.00575672	0.00926615	0.00549446	0.33252	0.00209589	0.0336981	0.0318147	0.170633	0.00939361	0.00942102	0.000886942	0.0622582
135	0.0139697	0.00926756	0.000355614	0.00455174	0.0134879	0.000634837	0.000373177	0.459358	0.00104698	0.105632	0.020498	0.00211237	0.000930226	0.000919711	0.00125447	0.00312272	0.00919307	0.352473	7.27181e-05	0.000746403
136	0.00515678	0.00722432	0.00188491	0.000848027	0.0458421	0.00200423	0.000380889	0.0858512	0.00348241	0.665976	0.130472	0.000586758	0.000323078	0.00123772	0.000767687	0.00341159	0.00366486	0.0339747	0.000117051	0.00679393
137	0.00500469	0.00604263	0.00188569	0.000803682	0.0459511	0.00197109	0.000360714	0.0874736	0.00349586	0.665528	0.130706	0.000571107	0.00030514	0.00118388	0.000694507	0.00327626	0.00363405	0.0343229	9.85745e-05	0.00668989
138	0.0206932	0.0124266	0.00039562	0.00357189	0.00999696	0.0014111	0.000384785	0.353602	0.0013205	0.0724595	0.0159371	0.0031384	0.00273849	0.00149965	0.00150904	0.00311772	0.00891857	0.486222	8.59902e-05	0.000570301
139	0.0893875	0.00185148	0.00378174	0.0075727	0.00234128	0.653683	0.0082104	0.00453885	0.00655509	0.0038884	0.00310206	0.01029	0.00178443	0.011757	0.0122429	0.158216	0.0136767	0.0046893	0.000404685	0.00202666
140	0.0166496	0.00267751	0.395726	0.252597	0.00666287	0.0138516	0.00799307	0.0170508	0.0198497	0.0170554	0.0155847	0.0530009	0.00605544	0.0393309	0.0366387	0.0421127	0.0342839	0.0166525	0.000589203	0.00563736
141	0.204889	0.00838454	0.0174064	0.0254578	0.00767933	0.0301148	0.00787113	0.0256101	0.0205675	0.0291303	0.0174905	0.0166009	0.294285	0.0193353	0.0177465	0.0832707	0.0920192	0.0666559	0.00684351	0.00864114
142	0.0902134	0.00142422	0.00155646	0.00551072	0.00183577	0.674806	0.00814594	0.00330545	0.0040484	0.00341707	0.00206911	0.00400964	0.000969387	0.00931421	0.0104176	0.161746	0.0116886	0.00364196	0.000330892	0.00154862
143	0.0875116	0.0267034	0.00671707	0.00736518	0.0122171	0.00516422	0.00318521	0.103628	0.0228252	0.0293663	0.0493308	0.0139722	0.0029184	0.0110676	0.00697559	0.0360344	0.190477	0.374856	0.00110245	0.00858252
144	0.350827	0.00254066	0.00168493	0.00732127	0.0020905	0.421776	0.00566999	0.00389219	0.00319872	0.00450843	0.00452689	0.00397944	0.00153034	0.00929886	0.00790076	0.148489	0.0131402	0.00524061	0.000439664	0.00194465
145	0.0282346	0.0044182	0.0251975	0.0406327	0.0115209	0.0126051	0.0148289	0.0296992	0.290886	0.0400523	0.0155295	0.0259888	0.00914083	0.0525059	0.262939	0.0453969	0.0456243	0.0307272	0.00139556	0.0126757
146	0.0653233	0.00495963	0.0072316	0.0111864	0.01341	0.0165759	0.011579	0.00938683	0.0135151	0.0122604	0.00597709	0.0506176	0.012396	0.0110504	0.0154167	0.479878	0.233639	0.0168067	0.00131202	0.00747821
147	0.06854	0.00687046	0.0554316	0.14508	0.00808805	0.0237501	0.019701	0.0323002	0.133337	0.0273069	0.0230933	0.044269	0.0323597	0.0983371	0.0745411	0.0728834	0.0883236	0.0330131	0.00171546	0.0110587
148	0.00491707	0.00587061	0.00188444	0.00082093	0.046135	0.00197793	0.000358766	0.0879659	0.00349137	0.665289	0.130568	0.000536038	0.000306443	0.00107016	0.000687344	0.00327713	0.0036219	0.0344412	9.82952e-05	0.00668292
149	0.00874692	0.00522547	0.0014316	0.00331475	0.0374825	0.00220821	0.00059593	0.170326	0.00277175	0.531413	0.128737	0.0009025	0.000960105	0.00479522	0.00112125	0.00531344	0.0123883	0.0772253	0.000162856	0.0048779
150	0.015168	0.00713473	0.00487853	0.019113	0.00659256	0.0426427	0.01018	0.0121197	0.22956	0.033201	0.0226275	0.0595451	0.00498555	0.0931969	0.244327	0.111238	0.0657737	0.0111396	0.000713219	0.00586415
151	0.0247774	0.0313663	0.004927	0.00611333	0.20723	0.0065726	0.0354911	0.00769904	0.00771245	0.0240243	0.00729437	0.019165	0.00188063	0.040422	0.00542367	0.0382832	0.0274702	0.00985653	0.0174619	0.476829
152	0.173075	0.0249706	0.00433336	0.00300884	0.0105297	0.0088812	0.00214491	0.157741	0.0105565	0.0358603	0.052046	0.00739216	0.00470273	0.0175579	0.0055001	0.0488072	0.0963821	0.329877	0.000545696	0.00608775
153	0.160221	0.0424151	0.0275164	0.0450645	0.0091886	0.0115364	0.0389034	0.0487934	0.0142885	0.0950338	0.0911068	0.0086373	0.00608936	0.0550258	0.0421104	0.177834	0.059869	0.0575868	0.0010721	0.00770706
154	0.0355226	0.00928036	0.00387607	0.00670833	0.0211726	0.00315962	0.00897809	0.349747	0.00886344	0.113804	0.0311818	0.009839	0.00182282	0.0147082	0.012353	0.043341	0.0541128	0.261106	0.000224087	0.0101998
155	0.440816	0.0194426	0.00140448	0.00201691	0.00699131	0.0357101	0.00130353	0.0218522	0.00497373	0.0126876	0.00694765	0.00438523	0.00670835	0.00301673	0.00599103	0.348288	0.0423912	0.0331944	0.000366964	0.00151208
156	0.0914102	0.00596168	0.075474	0.12106	0.00897082	0.0372135	0.0241765	0.0154608	0.0611744	0.0237687	0.0165645	0.0208925	0.193533	0.0628745	0.0270184	0.105088	0.0730712	0.0287494	0.0030271	0.00451003
157	0.0297947	0.0118737	0.0169461	0.020934	0.0444356	0.0392154	0.0947756	0.0191728	0.134424	0.0618629	0.010118	0.0263516	0.00341015	0.0273701	0.30357	0.053955	0.0267132	0.0151339	0.003384	0.0565592
158	0.400299	0.0132406	0.000935942	0.00162639	0.00640161	0.0590137	0.00109974	0.013025	0.00347793	0.00603315	0.00483446	0.0038641	0.00488432	0.00239605	0.0055728	0.410322	0.0384439	0.0232669	0.000241362	0.00102055
159	0.0212368	0.0115959	0.000469298	0.00386979	0.00704544	0.00165762	0.000488065	0.328798	0.00176019	0.0635099	0.0125177	0.00347076	0.0032775	0.00296569	0.00249371	0.00359203	0.0101701	0.520141	9.28815e-05	0.000847692
160	0.252109	0.00686333	0.00520321	0.00563408	0.0489825	0.0493952	0.0261531	0.0334327	0.0065489	0.0150595	0.0073904	0.0404794	0.0373295	0.00855728	0.0103843	0.119112	0.184307	0.0150909	0.00158806	0.12638
161	0.387517	0.0353255	0.00425025	0.00352227	0.0062878	0.0178578	0.00267252	0.0290163	0.00511871	0.0153818	0.0142842	0.00724325	0.0072966	0.00722192	0.00603886	0.0864017	0.219994	0.139069	0.000703236	0.00479793
162	0.0317128	0.00232487	0.0074774	0.00796495	0.0159377	0.0140178	0.011374	0.00375527	0.00890498	0.00660324	0.00232721	0.0610447	0.00654098	0.00885414	0.0107027	0.552662	0.236805	0.00543284	0.000544959	0.00501298
163	0.0629842	0.00542681	0.0170919	0.0159387	0.00448916	0.522313	0.00963644	0.00876198	0.028945	0.010811	0.0106052	0.0523357	0.0039041	0.028838	0.0558294	0.122166	0.0228872	0.0104739	0.00121733	0.00534417
164	0.0121539	0.000936388	0.00567862	0.00173342	0.00150777	0.00574012	0.00121547	0.015608	0.377541	0.0043793	0.00192668	0.00219848	0.000750059	0.0476679	0.456795	0.0133409	0.0303416	0.0145548	0.000289363	0.0056413
165	0.0906407	0.00133446	0.00144938	0.0054877	0.00177434	0.678347	0.0081788	0.00308335	0.00403933	0.00350509	0.00197292	0.00379222	0.000947774	0.00920873	0.0105133	0.15881	0.0116345	0.00346432	0.000303201	0.00151236
166	0.264534	0.0195714	0.00359385	0.00409761	0.00618266	0.00872917	0.00520907	0.00904077	0.00343609	0.00986851	0.00649801	0.0270944	0.0057621	0.0053405	0.00510996	0.33089	0.254273	0.0249419	0.000480965	0.00534614
167	0.0309379	0.00215511	0.00735392	0.00744816	0.0140342	0.0132664	0.0104412	0.00380604	0.00845411	0.0069662	0.00243519	0.0523409	0.00598199	0.00850938	0.0120906	0.561181	0.24247	0.00519701	0.000511193	0.00441923
168	0.258578	0.00272939	0.00248401	0.0126305	0.00279991	0.451122	0.00715883	0.00536254	0.00419583	0.00675403	0.00392496	0.005607	0.00295859	0.01453	0.0101403	0.175531	0.022723	0.00773019	0.000494807	0.00254513
169	0.508136	0.0438688	0.00224009	0.00210552	0.00899976	0.0516446	0.00154643	0.0286193	0.00388294	0.0075709	0.0115489	0.00355135	0.00891919	0.00468595	0.00402142	0.0596733	0.0379901	0.207555	0.000428295	0.00301267
170	0.0787721	0.0028801	0.00757675	0.00770409	0.00255401	0.655297	0.00720488	0.00557096	0.00645156	0.00517562	0.0039385	0.0230602	0.00137693	0.0138121	0.0135679	0.143809	0.0132641	0.00565534	0.000387375	0.00194114
171	0.0125753	0.00587969	0.00255951	0.00394191	0.0411641	0.00315772	0.00128343	0.161646	0.00527472	0.527625	0.113659	0.00252613	0.00215764	0.00351955	0.00282181	0.0079248	0.0120469	0.0823586	0.000323265	0.00755429
172	0.115858	0.0211972	0.0146282	0.0216096	0.0159113	0.0153997	0.00974473	0.085795	0.028893	0.0451399	0.0322803	0.0257892	0.0179389	0.0219689	0.0297052	0.0682443	0.201575	0.207951	0.00382009	0.0165503
173	0.275472	0.0248883	0.0147462	0.0203376	0.0172867	0.0302454	0.0117718	0.0713822	0.0191779	0.122103	0.0354482	0.0189487	0.0234095	0.0229515	0.0271607	0.0923764	0.0721737	0.0857658	0.00227625	0.0120781
174	0.471436	0.0287782	0.00232883	0.00282498	0.00405429	0.0095132	0.0021949	0.0204793	0.00432724	0.0123048	0.00840616	0.00737882	0.00228541	0.00349259	0.00443131	0.138414	0.230874	0.0415619	0.000591869	0.00432167
175	0.0258194	0.0129996	0.000578837	0.00315461	0.00921417	0.00176375	0.000603605	0.321202	0.00192207	0.0635766	0.0140115	0.00366396	0.00323057	0.00205427	0.00197333	0.00442665	0.0114361	0.517223	0.000102242	0.00104388
176	0.0901672	0.0115036	0.0122615	0.00658379	0.0172861	0.00412536	0.00523137	0.162625	0.0256062	0.0619993	0.024156	0.00744464	0.00212613	0.0135634	0.00958671	0.0482863	0.115169	0.368472	0.00067656	0.0131302
177	0.0172625	0.00658288	0.00351528	0.015872	0.00570404	0.0251796	0.0165281	0.0313638	0.197692	0.037221	0.024793	0.0539412	0.00484698	0.0794571	0.214854	0.154953	0.0894553	0.0139614	0.00167654	0.00514027
178	0.0156451	0.00230804	0.498132	0.225956	0.00354203	0.00547	0.0058645	0.0236217	0.00903064	0.0196538	0.0263312	0.0529521	0.00169264	0.0143514	0.0255336	0.0156567	0.0321707	0.0181519	0.000706868	0.00323007
179	0.088974	0.00454799	0.0949858	0.140871	0.00932991	0.033596	0.0232358	0.0144045	0.0792804	0.0193178	0.0161301	0.0254252	0.160011	0.0565914	0.0349114	0.0963857	0.0672643	0.0276022	0.00268827	0.00444734
180	0.0141407	0.00292632	0.243674	0.317059	0.00987206	0.028177	0.00775977	0.0188323	0.0261582	0.0129502	0.00600562	0.0468446	0.00508016	0.0742	0.0514078	0.0673891	0.0365018	0.0221936	0.000400701	0.00842731
181	0.0190633	0.0044229	0.0147829	0.0212575	0.192287	0.0208257	0.0266771	0.0147435	0.147177	0.0846686	0.0479434	0.0388467	0.00327573	0.0191623	0.0885644	0.0172575	0.0260349	0.0258238	0.0732642	0.113922
182	0.0704705	0.0363387	0.0051523	0.0260485	0.0176465	0.0325867	0.0396665	0.0543132	0.0663231	0.0139315	0.0620438	0.00752359	0.00697102	0.0296371	0.0893078	0.182359	0.131095	0.109073	0.000997614	0.018514
183	0.0134549	0.00449321	0.000899071	0.00501875	0.0270755	0.00225409	0.000751393	0.302432	0.00243686	0.35123	0.0943359	0.00130013	0.00173327	0.00515413	0.00176986	0.00552399	0.0174516	0.15995	0.000121757	0.00261355
184	0.0396943	0.00341452	0.154104	0.234548	0.0096669	0.0286529	0.0158912	0.0115069	0.0773264	0.0137581	0.0081715	0.0698218	0.0155261	0.0684859	0.0898477	0.0948466	0.0408937	0.01476	0.000358326	0.00872517
185	0.317987	0.00331482	0.00158428	0.00685897	0.00222359	0.453172	0.00593966	0.00432212	0.00348436	0.00431593	0.00452653	0.00358072	0.0016882	0.00880951	0.00846818	0.14728	0.0135351	0.0066768	0.000418263	0.00181265
186	0.0857921	0.0025036	0.00574386	0.00803191	0.00215184	0.658658	0.00747857	0.00393157	0.00503989	0.00448541	0.00367622	0.0192913	0.00140958	0.012414	0.012229	0.14697	0.0124211	0.00528369	0.000374464	0.00211454
187	0.384571	0.0264949	0.00621464	0.00901457	0.0064985	0.0401863	0.0033224	0.0262571	0.0105703	0.0233171	0.0187093	0.0095443	0.150341	0.00866445	0.00954065	0.0705448	0.0663235	0.12155	0.00393224	0.0044026
188	0.00683759	0.00610128	0.00199113	0.0023378	0.0461005	0.00234515	0.00150412	0.111022	0.00325067	0.600761	0.139378	0.00102225	0.000883151	0.00351796	0.00113794	0.00490495	0.00835165	0.0506259	0.000355847	0.00757049
189	0.0999537	0.0173739	0.011281	0.0138319	0.0221532	0.0204206	0.0090719	0.121583	0.0152143	0.0740992	0.0609828	0.0179136	0.0864927	0.0160141	0.0171279	0.0581478	0.0585328	0.266031	0.0028351	0.0109393
190	0.00735284	0.0066629	0.00238945	0.00141359	0.0443339	0.00227709	0.000676232	0.0914964	0.00712934	0.640678	0.135049	0.0011544	0.000622453	0.00275493	0.00159926	0.00510865	0.00538251	0.0367972	0.000229589	0.0068925
191	0.470858	0.0119376	0.00175125	0.00609564	0.00230744	0.307495	0.00361097	0.00557419	0.00313125	0.00446706	0.00632938	0.0035213	0.00340206	0.00756708	0.0058311	0.11482	0.012915	0.025792	0.000518009	0.00207492
192	0.0284663	0.00368217	0.423503	0.0975077	0.00550375	0.0242079	0.0201447	0.0192382	0.027606	0.0270964	0.0119718	0.132291	0.00430431	0.0340519	0.0312083	0.0476125	0.0269539	0.0276268	0.000766655	0.00625651
