437	20
1	0.0844011	0.0172261	0.101455	0.120802	0.0750443	0.0465203	0.019438	0.0714594	0.041966	0.0157422	0.0308071	0.0288464	0.0152015	0.0296008	0.0412303	0.064887	0.0357578	0.0212385	0.00317253	0.135204
2	0.0258058	0.00772765	0.0999804	0.282509	0.0403195	0.0271738	0.0121996	0.0824745	0.0445194	0.0177694	0.0075361	0.0367929	0.00868653	0.0801403	0.0098773	0.040271	0.0137198	0.153043	0.00131376	0.00814013
3	0.0377805	0.00746872	0.0595545	0.113995	0.00545137	0.03848	0.0116005	0.101635	0.0531888	0.0958947	0.0331685	0.0234867	0.0572573	0.070016	0.0158349	0.054786	0.102914	0.11301	0.000835314	0.00364201
4	0.0146432	0.00703579	0.00294149	0.00535931	0.336581	0.004924	0.0152116	0.0647415	0.00877347	0.160463	0.00938506	0.0116787	0.00758144	0.00912504	0.0205729	0.00906557	0.0297692	0.108359	0.0386914	0.135097
5	0.0104651	0.0116931	0.000609642	0.00566138	0.00822897	0.00607938	0.000459509	0.44998	0.00204813	0.0847743	0.0236212	0.00158835	0.00509143	0.0053331	0.00357687	0.00241667	0.0131769	0.361195	0.000133644	0.0038681
6	0.0824735	0.0104099	0.00555014	0.00286112	0.00348472	0.0145932	0.00734291	0.0088453	0.00831762	0.00695478	0.00302107	0.00959481	0.608692	0.0114811	0.0116909	0.138326	0.0502358	0.0130257	0.000358707	0.00274078
7	0.0169755	0.00317549	0.000831632	0.00178011	0.0169887	0.00263166	0.000555881	0.150238	0.00383192	0.615606	0.0950937	0.00237546	0.0025616	0.00385877	0.00648949	0.00333608	0.00386584	0.0669357	0.00014999	0.00271821
8	0.0462529	0.000780696	0.00256591	0.0564432	0.00055797	0.00929982	0.00389601	0.005894	0.511169	0.0175871	0.0143776	0.0101147	0.000917116	0.0673796	0.193719	0.0225751	0.0243413	0.0107677	0.000250472	0.00111135
9	0.0156731	0.00551445	0.0303528	0.137558	0.00829447	0.0165773	0.0246407	0.0906861	0.158653	0.0469581	0.00779046	0.0148871	0.0194238	0.168515	0.0318145	0.030856	0.0655858	0.123021	0.000588624	0.00260944
10	0.0709834	0.00724862	0.0848002	0.123746	0.00626669	0.0403379	0.029272	0.0141435	0.138299	0.0215304	0.0105712	0.0852885	0.0133024	0.058859	0.126723	0.0988751	0.0411299	0.0172255	0.00163342	0.00976371
11	0.0144333	0.00717345	0.00683923	0.0743146	0.00146916	0.0182709	0.0204645	0.0977	0.199381	0.0402839	0.0100773	0.0138305	0.0302174	0.164604	0.0552852	0.0330642	0.110299	0.0999893	0.00042296	0.00188003
12	0.0389294	0.0252817	0.0100692	0.00905693	0.0170892	0.013498	0.0101367	0.0231008	0.00892911	0.00861933	0.00983779	0.0167971	0.0540445	0.0210641	0.0188221	0.340276	0.34723	0.0143558	0.00187353	0.0109883
13	0.0186041	0.00385574	0.00482601	0.00952916	0.0333032	0.00603492	0.00415275	0.143556	0.00933088	0.54045	0.0910728	0.00640877	0.00581616	0.0101589	0.0144894	0.0101533	0.00753621	0.067286	0.00344323	0.0099932
14	0.0183251	0.00231684	0.00320485	0.00466491	0.331667	0.00434262	0.00331303	0.0892719	0.00776216	0.212001	0.00996968	0.00609645	0.00821756	0.00865628	0.024554	0.00756853	0.030348	0.139076	0.0393416	0.0493031
15	0.0468216	0.00841586	0.205839	0.339395	0.0109749	0.0228978	0.0194605	0.0290698	0.0407277	0.0180256	0.0109611	0.0359787	0.0166353	0.0664037	0.0139425	0.0463028	0.0250666	0.0352816	0.000466625	0.00733276
16	0.112621	0.00223362	0.0322834	0.129643	0.00208097	0.0245583	0.00388093	0.0207221	0.113823	0.143312	0.0803785	0.0194011	0.00256139	0.0934944	0.133944	0.0510459	0.0242969	0.00642961	0.000982362	0.0023062
17	0.0734751	0.00771078	0.145657	0.23293	0.0105892	0.0201633	0.0267491	0.0202428	0.136597	0.0188819	0.0133527	0.0392791	0.00956459	0.0568181	0.0791879	0.0413116	0.0219776	0.0246346	0.00215089	0.0187271
18	0.0579243	0.0102913	0.164959	0.293761	0.0153743	0.0233936	0.0219761	0.0562978	0.048537	0.0247928	0.014736	0.0374479	0.014272	0.0569221	0.0192712	0.03892	0.0287414	0.0620207	0.000685218	0.00967585
19	0.0896476	0.00517225	0.0921637	0.225256	0.00498529	0.0145897	0.0424647	0.0119706	0.115387	0.0148649	0.00838691	0.0548489	0.00861964	0.0943581	0.110052	0.0551599	0.0219264	0.0210915	0.00104763	0.00800825
20	0.100253	0.00512729	0.119518	0.153921	0.00834402	0.0215494	0.022625	0.0223309	0.182812	0.0265076	0.0225264	0.0388483	0.00284219	0.0488779	0.114294	0.0510462	0.0236645	0.0142372	0.00269513	0.0179798
21	0.0294745	0.0157444	0.00932667	0.0240543	0.0168693	0.00923806	0.00153977	0.332748	0.00410918	0.145664	0.0482905	0.00395691	0.00723834	0.0173677	0.00956299	0.0161672	0.0768826	0.229798	0.00018851	0.00177892
22	0.0145616	0.0010696	0.000651948	0.00153737	0.0179637	0.00231785	0.000715345	0.148077	0.0102111	0.620635	0.102032	0.00266226	0.00276763	0.00570495	0.0113123	0.00344692	0.00263909	0.0481326	0.000321448	0.00324069
23	0.0703194	0.00649459	0.182992	0.300108	0.00827345	0.0168226	0.0337466	0.0149563	0.100463	0.012098	0.0100398	0.0465666	0.0058887	0.0511108	0.0548122	0.0401637	0.018736	0.0158675	0.00115402	0.00938602
24	0.111981	0.00426616	0.086114	0.11695	0.00599072	0.0250215	0.0397	0.0174921	0.105863	0.0161179	0.00763213	0.107289	0.00397761	0.0630805	0.0933917	0.121543	0.0436827	0.017459	0.00190618	0.0105423
25	0.0933664	0.0135866	0.0122777	0.0111573	0.00666956	0.0116368	0.0226655	0.223379	0.0115455	0.0988303	0.0442932	0.019798	0.0509462	0.0329722	0.00873798	0.0444902	0.0381717	0.252924	0.00068151	0.0018704
26	0.0589125	0.0593871	0.011231	0.0191918	0.0340022	0.0250386	0.0134721	0.145017	0.0221151	0.223855	0.0732712	0.0154074	0.0202221	0.0225437	0.0307569	0.0438018	0.0333634	0.114899	0.00308358	0.0304287
27	0.0622319	0.00904487	0.00902235	0.0146045	0.0388429	0.0756818	0.00784213	0.0205997	0.112988	0.154636	0.0973301	0.0137062	0.00906643	0.158174	0.0494861	0.0247301	0.0191577	0.115873	0.00193174	0.00504926
28	0.336018	0.0206818	0.00569204	0.00811204	0.00119051	0.0869526	0.00182661	0.00300467	0.0264245	0.00788972	0.0101456	0.00437544	0.104711	0.0242052	0.00888136	0.257787	0.0734509	0.0167658	0.000827018	0.00105831
29	0.242572	0.0246022	0.0303833	0.0367583	0.00697279	0.0411406	0.0107466	0.0810337	0.0147664	0.0726288	0.0446501	0.0177862	0.0113182	0.01826	0.00977699	0.0824334	0.0663373	0.178585	0.000946589	0.00830143
30	0.0696999	0.00796484	0.0139146	0.0296321	0.00662583	0.120129	0.0433255	0.0247845	0.191572	0.0179799	0.0254809	0.0360649	0.00756449	0.0889533	0.122565	0.146208	0.0222639	0.0143076	0.000825574	0.0101372
31	0.0378594	0.00283955	0.254581	0.41762	0.00287586	0.01994	0.019711	0.0071088	0.0366971	0.00837047	0.00598256	0.0426307	0.00625584	0.0440079	0.0276713	0.0403827	0.0114344	0.0102443	0.000523071	0.0032646
32	0.0140123	0.000724255	0.000465879	0.00102478	0.0171647	0.00204953	0.000403529	0.136183	0.00395449	0.659994	0.0973181	0.00209565	0.00207222	0.00342328	0.00699581	0.00284904	0.00119522	0.0448443	0.000270194	0.00295945
33	0.333783	0.0246306	0.00816804	0.0161534	0.00239253	0.0540469	0.00446913	0.0118039	0.0358453	0.0119215	0.0106094	0.0111466	0.0584733	0.0249426	0.0134941	0.204506	0.0969406	0.0728473	0.000880469	0.00294552
34	0.0275397	0.0035616	0.0157605	0.0462682	0.000978719	0.0190644	0.021296	0.0108862	0.43809	0.016797	0.00815163	0.0345702	0.00473975	0.0962809	0.201284	0.0281265	0.0179302	0.00682731	0.000252839	0.00159428
35	0.0248719	0.00118098	0.0116414	0.00799204	0.000772851	0.876048	0.00174436	0.00269677	0.00319324	0.0021617	0.00129352	0.00669637	0.00259053	0.0158913	0.00268083	0.027243	0.00538325	0.00306009	0.00209264	0.000764966
36	0.011872	0.0118859	0.00131166	0.00776146	0.00829844	0.00625916	0.000755059	0.44862	0.00395065	0.0828052	0.0226841	0.00183643	0.00593083	0.00613631	0.00435093	0.00464721	0.0187806	0.348269	0.000164777	0.00368109
37	0.0154101	0.00659589	0.00765776	0.0770901	0.00143782	0.0157477	0.0220394	0.0985723	0.196573	0.0380914	0.0097392	0.0135335	0.0273505	0.17335	0.0471779	0.0348869	0.110053	0.102165	0.000467906	0.00206064
38	0.0382997	0.0151374	0.0245953	0.0333415	0.150463	0.0207696	0.035751	0.0259601	0.0796154	0.0734307	0.0216546	0.0294307	0.0115611	0.0272843	0.0361979	0.0418477	0.0632039	0.03157	0.0459176	0.193968
39	0.0597793	0.00195738	0.167507	0.146791	0.0024876	0.030461	0.0171945	0.00515773	0.0949255	0.017675	0.00550424	0.108926	0.00478197	0.0366747	0.0163978	0.0964373	0.165136	0.00771612	0.0117653	0.00272382
40	0.0551418	0.0119883	0.193784	0.334183	0.0152026	0.0199864	0.0354527	0.0263561	0.0648564	0.0115425	0.0109739	0.0465076	0.0108068	0.0535737	0.0244272	0.0318664	0.0184732	0.0244179	0.000460333	0.00999924
41	0.0357984	0.0031875	0.0290256	0.00568984	0.00285085	0.0166469	0.00341124	0.0192251	0.0137092	0.00616617	0.00353073	0.0348089	0.342985	0.0156594	0.0627221	0.354296	0.0280096	0.0185167	0.00121727	0.00254272
42	0.00382244	0.000975737	0.00610733	0.00261749	0.0445448	0.00193696	0.00110774	0.367933	0.0031515	0.177504	0.206118	0.00234526	0.00158346	0.00327809	0.00753245	0.0029903	0.0149539	0.150474	0.000280994	0.000742002
43	0.0133658	0.00894324	0.00611344	0.0682497	0.0015144	0.018813	0.0209607	0.0799872	0.218227	0.038588	0.00797409	0.015643	0.0356706	0.162548	0.0667675	0.0351379	0.107529	0.0920673	0.000448793	0.00145153
44	0.0432482	0.0144557	0.0115108	0.0144066	0.0455712	0.0170763	0.00842527	0.0416334	0.0165666	0.0237531	0.0140427	0.0194264	0.0275791	0.0256244	0.0209813	0.23626	0.337606	0.0653975	0.00213127	0.0143039
45	0.0945271	0.00513022	0.0685403	0.00905609	0.00493308	0.101027	0.0140065	0.0296184	0.016234	0.00859652	0.00630714	0.064105	0.0195786	0.024067	0.0372779	0.365942	0.0955205	0.00911254	0.0213519	0.00506868
46	0.0424694	0.0156483	0.0279938	0.0333826	0.157563	0.0449535	0.0209697	0.0426077	0.0354422	0.106579	0.0247467	0.0293287	0.0158751	0.0326812	0.0484932	0.0624806	0.0419192	0.0568137	0.0643984	0.0956537
47	0.00974421	0.00858053	0.00264025	0.0263729	0.00186063	0.0176685	0.0179855	0.0108356	0.216394	0.0165506	0.00447672	0.0114412	0.0293433	0.0603143	0.346631	0.039741	0.158366	0.0186987	0.0005538	0.00180019
48	0.0621397	0.0101313	0.00107466	0.00141766	0.000593386	0.00840135	0.00963015	0.00778308	0.00494871	0.00861187	0.000999136	0.00418566	0.798662	0.00847329	0.00381252	0.0305151	0.0230253	0.0148165	0.000203065	0.000575105
49	0.0660961	0.0096236	0.0203269	0.039581	0.00530427	0.025435	0.0177561	0.0193013	0.115621	0.0181191	0.00784293	0.0200764	0.385738	0.0407497	0.0689551	0.0706792	0.0378744	0.023087	0.00132927	0.0065038
50	0.0659716	0.00721056	0.0241403	0.0191369	0.00789972	0.0844284	0.0572819	0.00651031	0.226502	0.0181932	0.00901723	0.0605661	0.00831695	0.057644	0.17946	0.100302	0.0291946	0.0187137	0.00107805	0.0184326
51	0.130214	0.0609308	0.0050423	0.00735005	0.0574852	0.0120868	0.164154	0.00679282	0.0598431	0.0125351	0.0261271	0.00610414	0.030377	0.0382209	0.0548369	0.0410462	0.0227906	0.0058487	0.00131149	0.256903
52	0.0100216	0.0116597	0.00042108	0.004492	0.00838703	0.00595203	0.000379442	0.463657	0.00173233	0.0895632	0.0231877	0.00149289	0.00427152	0.00551571	0.00316932	0.00227244	0.0104883	0.348301	9.43466e-05	0.0049414
53	0.093537	0.00611015	0.0136399	0.0465834	0.00250793	0.0182555	0.00513002	0.0121096	0.0816677	0.15638	0.0771454	0.0262297	0.00404437	0.0895216	0.236407	0.0719846	0.0475466	0.00639692	0.00246108	0.00234064
54	0.123218	0.00321146	0.0871621	0.11819	0.00594858	0.0222904	0.0121494	0.0210684	0.195592	0.0537807	0.0312993	0.036756	0.00117337	0.0504392	0.128746	0.0582085	0.026133	0.010174	0.00220793	0.0122517
55	0.00970228	0.0116062	0.0005122	0.00443082	0.00955977	0.00559848	0.000389901	0.462184	0.00175696	0.0928291	0.0263047	0.00140481	0.00428711	0.00544579	0.00324863	0.00212811	0.010681	0.343569	0.000106935	0.00425473
56	0.0347864	0.00935911	0.0133259	0.0218725	0.130168	0.0166843	0.0143568	0.0498135	0.0273743	0.233316	0.0355396	0.01801	0.011366	0.0321272	0.123606	0.0380512	0.0316908	0.0618394	0.0541628	0.0425508
57	0.0710519	0.0041177	0.111671	0.111153	0.0106772	0.0209144	0.02295	0.0132322	0.256474	0.0238906	0.00885991	0.0479073	0.00565169	0.0524208	0.145207	0.0470748	0.0195947	0.010953	0.00272614	0.0134723
58	0.0267781	0.00350618	0.0175086	0.0455428	0.000947803	0.0197192	0.0229525	0.0106956	0.438043	0.0166848	0.00768588	0.0352237	0.00458821	0.0943922	0.206362	0.0274511	0.0147835	0.00538595	0.000127974	0.0016202
59	0.00840136	0.0214003	0.00159122	0.00763943	0.297279	0.00710985	0.0539207	0.00880333	0.0112473	0.107384	0.0248828	0.0274579	0.00567888	0.0117275	0.00974127	0.0135358	0.0112917	0.00951245	0.0237424	0.337653
60	0.0710821	0.0371296	0.0308472	0.0109622	0.0292182	0.233445	0.0821144	0.00568953	0.0496032	0.0143195	0.00545162	0.0697244	0.00576426	0.0405351	0.128075	0.130678	0.014101	0.0104659	0.000878725	0.0299151
61	0.0142929	0.0158451	0.0015549	0.00480898	0.0134504	0.00516502	0.000783597	0.449003	0.00221323	0.0959461	0.0480521	0.00193096	0.00675909	0.00543814	0.00413107	0.00388831	0.0142811	0.309311	0.00013192	0.00301215
62	0.0366638	0.01811	0.0203698	0.0350424	0.0149247	0.0127592	0.00233525	0.25696	0.00560671	0.180131	0.0397932	0.00551766	0.00965593	0.0207914	0.0118367	0.0270404	0.115711	0.185114	0.000429938	0.00120798
63	0.193358	0.0325528	0.00577244	0.011752	0.00569947	0.0169767	0.00219017	0.107618	0.00507096	0.0519468	0.0122727	0.00381177	0.00451118	0.00869863	0.00533765	0.0716741	0.190817	0.268203	0.000409356	0.00132684
64	0.0192924	0.000613244	0.28584	0.508403	0.00072645	0.019159	0.0141971	0.00220199	0.00819124	0.00439988	0.00224088	0.0371508	0.00112398	0.0396981	0.0093312	0.0364573	0.00147857	0.00798164	0.000277491	0.00123632
65	0.0318985	0.00318081	0.0133025	0.0108243	0.00153254	0.813156	0.00515301	0.00540206	0.0111432	0.00553163	0.00333948	0.0111015	0.00392114	0.0183242	0.0105186	0.0339434	0.00855963	0.00539565	0.00190226	0.00186932
66	0.0194259	0.000682563	0.286154	0.506764	0.000769516	0.0192067	0.0143955	0.00231713	0.00862904	0.00445653	0.00232031	0.0372449	0.00108294	0.0397153	0.00947054	0.0362486	0.00146099	0.00812809	0.000266747	0.00126012
67	0.0593668	0.00171313	0.32527	0.168943	0.00128339	0.0487971	0.0200958	0.00229369	0.0377855	0.00979255	0.0051218	0.143803	0.00505427	0.0194263	0.0186188	0.0841493	0.0431203	0.00196241	0.00185457	0.00154785
68	0.0227792	0.0284899	0.0013198	0.00407648	0.00894803	0.00480925	0.00125939	0.435341	0.00214506	0.0775821	0.0321534	0.00238257	0.0175006	0.00531229	0.00302066	0.0050289	0.012948	0.33243	0.000141092	0.00233221
69	0.0708291	0.0124086	0.00166135	0.00233159	0.00234247	0.0109447	0.00918708	0.00893447	0.00743452	0.00842868	0.00211791	0.00498458	0.725758	0.0105239	0.00570904	0.0599762	0.0397699	0.0148809	0.000245884	0.00153156
70	0.0621397	0.0101313	0.00107466	0.00141766	0.000593386	0.00840135	0.00963015	0.00778308	0.00494871	0.00861187	0.000999136	0.00418566	0.798662	0.00847329	0.00381252	0.0305151	0.0230253	0.0148165	0.000203065	0.000575105
71	0.0676225	0.0108188	0.00580991	0.00876123	0.00397164	0.0116656	0.0107176	0.0306892	0.00867841	0.0194416	0.00544545	0.00717078	0.673996	0.0140378	0.007519	0.039927	0.0273187	0.0439933	0.000720597	0.00169426
72	0.0467178	0.0365219	0.00620239	0.0133502	0.0207517	0.0127842	0.00237576	0.364265	0.00430099	0.136408	0.0375496	0.00622511	0.00701146	0.0127523	0.00700073	0.0204985	0.0487334	0.213717	0.000443468	0.00239036
73	0.0127117	0.0146502	0.00318546	0.0312369	0.00210852	0.0251135	0.0159253	0.0126276	0.205152	0.0225118	0.00443733	0.0128174	0.049811	0.0608908	0.313003	0.0366998	0.149471	0.0250873	0.000678488	0.0018817
74	0.0151204	0.00418837	0.0609922	0.00672895	0.00322466	0.0102392	0.0820502	0.00917169	0.00687884	0.00715742	0.005127	0.0753748	0.00713684	0.0271701	0.0449636	0.429007	0.192472	0.00691841	0.00308788	0.00299005
75	0.0304992	0.0125302	0.0105989	0.0177509	0.31779	0.0129363	0.0234128	0.0687673	0.0184263	0.123017	0.0241004	0.0176179	0.0123905	0.0139534	0.017962	0.0228165	0.0226766	0.0711735	0.0187176	0.142863
76	0.0574397	0.00244335	0.0151394	0.0690842	0.000973941	0.0225798	0.0128345	0.0169058	0.353162	0.0381605	0.0220325	0.0258034	0.0021988	0.0905665	0.204121	0.0351049	0.0190485	0.00943847	0.000430358	0.0025325
77	0.0481994	0.00747663	0.230883	0.379218	0.00786842	0.0232764	0.0350793	0.0163665	0.0425798	0.00987551	0.0139477	0.0382061	0.00899607	0.0451093	0.0200858	0.0315509	0.0131314	0.0171585	0.000530977	0.0104605
78	0.0174469	0.00336547	0.00228571	0.00697577	0.0160217	0.00399104	0.0015874	0.127275	0.00580063	0.560597	0.148412	0.00390916	0.00551261	0.00809278	0.012843	0.0143616	0.00636675	0.0517396	0.000675811	0.00274029
79	0.0420704	0.00156608	0.0045173	0.050294	0.000507235	0.0131037	0.00713073	0.00627897	0.497026	0.0170835	0.0153593	0.0145438	0.00137787	0.0667565	0.20507	0.0237731	0.0224484	0.00958554	0.000217528	0.0012899
80	0.0108316	0.0011259	0.00138556	0.00192202	0.134224	0.00261652	0.00133598	0.117474	0.0047925	0.517578	0.0597249	0.0030051	0.00241799	0.00531066	0.0135319	0.00407254	0.0110994	0.0742048	0.0137805	0.0195661
81	0.06602	0.00986255	0.12114	0.174198	0.00876289	0.0315817	0.051927	0.0179552	0.0403644	0.0593963	0.010394	0.0550225	0.140688	0.0606622	0.0364254	0.0474718	0.0275617	0.029911	0.00204473	0.00861032
82	0.0274547	0.00320097	0.0420174	0.125351	0.00300661	0.00757286	0.0272059	0.00655401	0.319462	0.0227321	0.00398551	0.00905171	0.106023	0.0628404	0.174744	0.0425813	0.00740654	0.00561583	0.000858284	0.0023354
83	0.37089	0.0297894	0.00245659	0.0077016	0.00110846	0.0711043	0.00159543	0.00245001	0.0257006	0.00737025	0.0107152	0.00243917	0.102121	0.0232335	0.0100218	0.239706	0.0707784	0.0192533	0.000393987	0.00117029
84	0.00929136	0.0108242	0.000696891	0.00440943	0.0113349	0.00545053	0.000406485	0.463016	0.00174864	0.0959635	0.0331481	0.00142483	0.00424859	0.00525324	0.00317506	0.00222305	0.0114597	0.331727	9.85377e-05	0.00409954
85	0.0140219	0.000724256	0.000453838	0.00100385	0.0171392	0.00205331	0.000403989	0.135762	0.00395048	0.66092	0.0971696	0.00209025	0.00206781	0.0034079	0.00690186	0.00284972	0.00116798	0.0446744	0.000270194	0.00296827
86	0.104763	0.00551618	0.103813	0.10776	0.0107513	0.0247406	0.0232901	0.0164385	0.199263	0.0244604	0.0120079	0.0504366	0.00246049	0.0424264	0.124396	0.0707176	0.0303558	0.0191	0.00407403	0.0232308
87	0.208682	0.0395805	0.00912549	0.0197146	0.0144571	0.0852123	0.0171233	0.0867604	0.0154787	0.123067	0.111255	0.0183317	0.00261072	0.0126066	0.003352	0.0843188	0.0308196	0.0948764	0.000392194	0.0222353
88	0.0193372	0.00232767	0.00153279	0.00464093	0.0171917	0.00441123	0.00114327	0.135188	0.00680844	0.595531	0.116776	0.00328369	0.00374321	0.00785027	0.0123948	0.00910483	0.00411811	0.0511699	0.000411367	0.0030347
89	0.0460052	0.000857886	0.00280978	0.0563368	0.000553832	0.00941012	0.00436617	0.00609808	0.50929	0.0176225	0.0141685	0.0107425	0.000952491	0.0685012	0.193318	0.0228497	0.0240723	0.0106912	0.000234207	0.00111983
90	0.114879	0.00345388	0.11179	0.144384	0.00695896	0.0207431	0.015441	0.0154825	0.194271	0.0328112	0.0177068	0.0401328	0.00238299	0.0491675	0.108242	0.0610102	0.0330686	0.0119183	0.00283375	0.0133215
91	0.0392538	0.00174821	0.00416588	0.0470245	0.000731702	0.0122525	0.00794681	0.00711934	0.466344	0.0188844	0.0192923	0.0139775	0.0021063	0.0657323	0.226939	0.0253441	0.0295209	0.00973336	0.000337894	0.00154455
92	0.015888	0.00913927	0.0190146	0.00731747	0.00378274	0.261625	0.0713082	0.00460365	0.221198	0.00671478	0.00373245	0.165572	0.0046117	0.0233003	0.0958236	0.0583482	0.0153274	0.00706024	0.00104956	0.00458248
93	0.0293473	0.0177896	0.00307077	0.00718406	0.00946975	0.00680152	0.00298202	0.437868	0.00486031	0.0825206	0.0297474	0.00424606	0.011305	0.00864373	0.004903	0.0144469	0.0238966	0.297869	0.000156722	0.00289134
94	0.0326759	0.0114004	0.00323544	0.04841	0.00150211	0.00750874	0.0194352	0.118679	0.210871	0.0687084	0.0735272	0.027147	0.00923218	0.0823358	0.0472441	0.0280265	0.104517	0.090781	0.000481679	0.0142813
95	0.0375968	0.0087377	0.014414	0.0207641	0.000713551	0.0361224	0.0481734	0.00743336	0.337067	0.0178814	0.00905615	0.0439628	0.00479293	0.0951285	0.236075	0.0478602	0.0208605	0.00617654	0.000213753	0.00696966
96	0.0665268	0.0102235	0.00389299	0.00631569	0.00315166	0.0141326	0.0112122	0.0107216	0.00900124	0.0105711	0.00259727	0.00680998	0.724815	0.0128888	0.00820593	0.0496298	0.0275428	0.0175553	0.000389803	0.00381621
97	0.0175657	0.0133648	0.0143815	0.00688399	0.0141793	0.00921706	0.0145448	0.0246153	0.0061228	0.00723409	0.00730894	0.0204964	0.030995	0.015808	0.0208255	0.31424	0.438677	0.0138419	0.00204464	0.00765402
98	0.111454	0.00954286	0.0155462	0.042556	0.00474268	0.0232351	0.0185337	0.018383	0.0170238	0.028512	0.00776261	0.0200793	0.431857	0.0837072	0.0181881	0.0543997	0.034263	0.0541716	0.0017206	0.00432156
99	0.0245542	0.0161947	0.00785303	0.0132247	0.0185254	0.00955817	0.00250364	0.371473	0.0131716	0.148675	0.0446535	0.00593233	0.0120226	0.0128391	0.0147978	0.0131617	0.0241985	0.240474	0.00123325	0.00495332
100	0.0602873	0.0112903	0.0530742	0.10464	0.00632573	0.0459647	0.0427915	0.0259727	0.147039	0.0340655	0.022022	0.0358443	0.0326532	0.111876	0.0974563	0.0727482	0.0481901	0.0287105	0.00114596	0.0179027
101	0.00400745	0.00117083	0.00581765	0.00266692	0.0427191	0.00211895	0.00112215	0.369257	0.00309227	0.173721	0.201982	0.00230128	0.00160646	0.00349923	0.00759906	0.0031608	0.0152031	0.157806	0.000258153	0.000891073
102	0.0617653	0.0141554	0.0313913	0.0751273	0.0228542	0.0280208	0.0245636	0.090987	0.0813225	0.0678773	0.0296284	0.0261619	0.0258966	0.119498	0.046003	0.0515193	0.0561008	0.132732	0.00286449	0.0115306
103	0.0624017	0.00477231	0.0137749	0.0110016	0.00190545	0.748455	0.00603467	0.00524645	0.0123209	0.00609626	0.00450573	0.0114106	0.00853757	0.0196082	0.00977297	0.0469768	0.0128325	0.00958526	0.00176759	0.00299364
104	0.0140219	0.000724256	0.000453838	0.00100385	0.0171392	0.00205331	0.000403989	0.135762	0.00395048	0.66092	0.0971696	0.00209025	0.00206781	0.0034079	0.00690186	0.00284972	0.00116798	0.0446744	0.000270194	0.00296827
105	0.059859	0.00999875	0.00612664	0.0080244	0.00266896	0.010984	0.0171271	0.00971888	0.0103655	0.0115812	0.00256921	0.00742732	0.731883	0.0143759	0.00991362	0.0358623	0.030705	0.0162845	0.00041118	0.0041139
106	0.278484	0.0287709	0.00341859	0.00626707	0.00134266	0.0193034	0.00173305	0.0436301	0.00557597	0.0160542	0.00231827	0.0029001	0.00204933	0.00385131	0.00331855	0.0917619	0.205012	0.282666	0.000434088	0.00110861
107	0.297952	0.0230708	0.00533893	0.0073794	0.00195779	0.0244093	0.00291185	0.0724014	0.0064592	0.0166595	0.00391906	0.00451046	0.00381273	0.00568871	0.00453886	0.0744081	0.154129	0.288359	0.000579547	0.00151315
108	0.033916	0.0126723	0.0214709	0.0380815	0.00629801	0.0239564	0.0200045	0.0263433	0.158242	0.03703	0.0189484	0.0273286	0.0215454	0.0590203	0.239795	0.0750643	0.14675	0.0253272	0.0019647	0.0062411
109	0.0587018	0.00616638	0.16756	0.141283	0.00702317	0.0863227	0.0267663	0.0120212	0.133159	0.0169864	0.0107389	0.0774622	0.00982669	0.0468379	0.0717099	0.0691383	0.0321491	0.0146021	0.00232551	0.0092203
110	0.00916052	0.00160306	0.00453915	0.00293886	0.0320628	0.00236673	0.00109768	0.305467	0.0107123	0.302753	0.175845	0.0026926	0.00333776	0.00566701	0.0189334	0.00400121	0.0113453	0.103632	0.000292882	0.00155209
111	0.0237986	0.0143689	0.00650085	0.021618	0.0132164	0.0091063	0.00217727	0.384373	0.00577798	0.116131	0.0340284	0.0043194	0.00637303	0.0126531	0.00745578	0.0114609	0.0428679	0.279813	0.000382143	0.0035786
112	0.0357367	0.00655982	0.0326582	0.0277007	0.0042811	0.565786	0.0202611	0.0072013	0.0498682	0.0114284	0.00658351	0.0740691	0.0071729	0.0241192	0.0357269	0.0540934	0.0201585	0.00879541	0.00303884	0.00476021
113	0.0122559	0.013913	0.000789877	0.00489978	0.00873312	0.00582954	0.000567503	0.466613	0.00199524	0.0845903	0.0253658	0.00195374	0.00533402	0.0052557	0.00339721	0.00329914	0.0120258	0.33926	0.000114093	0.0038068
114	0.372377	0.0273275	0.0075015	0.00914267	0.00276091	0.0650883	0.00234056	0.00481376	0.0222929	0.00741692	0.0102818	0.0079041	0.102973	0.022503	0.0121258	0.242897	0.0600395	0.0172118	0.000962002	0.00204032
115	0.0390228	0.0104072	0.00993669	0.0116623	0.0708874	0.0141229	0.00701429	0.0289184	0.0118671	0.013122	0.0241109	0.0308702	0.0790997	0.0481791	0.0146712	0.421841	0.0997731	0.0150097	0.00162022	0.0478638
116	0.0407498	0.0114509	0.0221894	0.0283829	0.00711721	0.0254386	0.0189812	0.0230119	0.0674435	0.0236088	0.0135086	0.0466753	0.025145	0.037018	0.110934	0.176885	0.292597	0.020037	0.00277597	0.00605008
117	0.0547212	0.00652996	0.0217063	0.0124605	0.0038528	0.638347	0.00816006	0.00842476	0.0164874	0.0074696	0.00597603	0.0207488	0.018856	0.0236283	0.0170597	0.0976701	0.0249809	0.00721542	0.00263759	0.00306762
118	0.0594542	0.0126577	0.0250447	0.0489059	0.00660104	0.0482648	0.0342476	0.0181368	0.165102	0.0333073	0.0175659	0.0450986	0.020907	0.0951033	0.16063	0.130327	0.0461791	0.0183063	0.00329113	0.0108697
119	0.0622518	0.0055315	0.0177146	0.0133464	0.00193758	0.67187	0.00547776	0.00583028	0.0139958	0.00677126	0.00474774	0.016448	0.0172038	0.0210462	0.0110491	0.0770824	0.0333631	0.00945848	0.00265706	0.00221675
120	0.0313788	0.00768482	0.0222636	0.0375394	0.00225976	0.0440853	0.0418064	0.00987359	0.338048	0.0169148	0.00692408	0.0450313	0.0115979	0.0814823	0.21394	0.0454353	0.0283491	0.00968508	0.000433136	0.00526722
121	0.0783736	0.00440847	0.117519	0.130874	0.00466667	0.0280389	0.022992	0.0145156	0.0592464	0.0180727	0.0131469	0.119049	0.00979461	0.0504256	0.0259508	0.123838	0.148085	0.0207266	0.00448584	0.00578958
122	0.01384	0.000669365	0.000531215	0.000988151	0.0175087	0.00205406	0.000412988	0.13878	0.00392371	0.654986	0.0984309	0.00208479	0.00206632	0.00341833	0.00685542	0.00294643	0.00131333	0.0459824	0.000273934	0.00293436
123	0.278716	0.0286379	0.00333425	0.00626931	0.00134379	0.0194089	0.00172761	0.0436283	0.00558685	0.016004	0.00235734	0.00288003	0.00218274	0.00390802	0.00333483	0.0920127	0.204711	0.282414	0.000434509	0.00110722
124	0.0351	0.0128124	0.0152566	0.020923	0.318393	0.0165027	0.0259214	0.0600861	0.020985	0.101845	0.016313	0.0195435	0.0140344	0.0175033	0.0217373	0.0260734	0.0288605	0.072187	0.0197751	0.136146
125	0.221127	0.0255287	0.0049247	0.00803512	0.00249563	0.0243762	0.00294283	0.0477305	0.00650403	0.0266148	0.0034362	0.00454788	0.00384833	0.00650567	0.00491973	0.116601	0.204933	0.282808	0.000604707	0.00151671
126	0.0151877	0.00387467	0.00176833	0.00426961	0.0185688	0.00334235	0.000904454	0.198444	0.0047571	0.523868	0.0890206	0.00237221	0.00324772	0.00487943	0.00718171	0.00467257	0.00944148	0.100234	0.000544504	0.00342084
127	0.0668709	0.0105146	0.00546583	0.0103725	0.00184064	0.0107009	0.0111734	0.0129054	0.0122534	0.011031	0.00277841	0.00619893	0.715277	0.0126661	0.011634	0.0478828	0.0288534	0.0197821	0.000443291	0.00135516
128	0.0142916	0.000723777	0.000468873	0.00111897	0.0170413	0.00208252	0.000441506	0.135115	0.00396923	0.660101	0.0972472	0.00215086	0.00217246	0.00341951	0.00691678	0.00293391	0.00120087	0.0453877	0.00027217	0.00294462
129	0.012983	0.0174973	0.00049091	0.00387113	0.0087776	0.00531886	0.000405599	0.458743	0.00162193	0.0888665	0.0251607	0.00143881	0.00658379	0.0046738	0.00285386	0.00235616	0.00926233	0.345171	0.000101655	0.00382162
130	0.0222265	0.0127787	0.00711001	0.0380394	0.0108872	0.00737807	0.00380511	0.111244	0.00877142	0.282618	0.252301	0.00649677	0.0110441	0.0181582	0.0334281	0.0387126	0.037313	0.0941185	0.00123325	0.00233555
131	0.123138	0.0362811	0.00873731	0.0168541	0.0596778	0.0465389	0.00787509	0.156387	0.0189452	0.145006	0.0744702	0.0117521	0.00734535	0.0255051	0.00805615	0.0444203	0.0639502	0.13633	0.000728549	0.00800142
132	0.477252	0.0937979	0.00315357	0.00900362	0.00191874	0.0492625	0.00333064	0.0044301	0.01345	0.00776122	0.00952384	0.00454629	0.0312877	0.0140647	0.00858844	0.216504	0.030663	0.0184723	0.000915426	0.00207352
133	0.0138416	0.000804588	0.000808023	0.00126368	0.0192348	0.00201596	0.000434807	0.147927	0.00390149	0.627943	0.103806	0.00208737	0.00206967	0.00348121	0.0071491	0.00286995	0.00230003	0.0550355	0.000276207	0.00275016
134	0.0476936	0.00727272	0.189941	0.344474	0.00712488	0.0231475	0.021276	0.0194726	0.0529054	0.0126344	0.0268275	0.0272487	0.0325774	0.0696596	0.0180487	0.0414336	0.0296023	0.0208135	0.000489656	0.00735704
135	0.134257	0.0104473	0.0488199	0.122342	0.00848307	0.0207515	0.0741256	0.0224434	0.0376331	0.0228746	0.0530692	0.0303167	0.0191698	0.134799	0.0287602	0.0855771	0.0565369	0.0216962	0.00195381	0.0659439
136	0.0544324	0.00692313	0.0846824	0.202919	0.00393172	0.0211085	0.0234696	0.0178106	0.154125	0.0396412	0.0230585	0.0292218	0.0171518	0.092121	0.126515	0.0468267	0.0297079	0.0198468	0.00133554	0.00517125
137	0.040577	0.01767	0.00227051	0.0386662	0.00239	0.00442651	0.0174402	0.159853	0.183741	0.0723822	0.119512	0.0191013	0.00343545	0.0447519	0.0522567	0.0273207	0.0951389	0.0721384	0.00069835	0.0262292
138	0.0521089	0.00421054	0.0173846	0.0256477	0.00128655	0.0282912	0.0202314	0.016952	0.317065	0.0466096	0.0213976	0.0371135	0.00334124	0.0537119	0.270141	0.0564811	0.0183103	0.00572119	0.000299383	0.0036953
139	0.0227677	0.0184932	0.00379033	0.0182378	0.00362259	0.00642514	0.00389744	0.0267658	0.00586871	0.26985	0.40223	0.00587791	0.0152399	0.0219727	0.0351033	0.0687242	0.0225533	0.0448152	0.00132722	0.00243714
140	0.0400954	0.00534479	0.0212521	0.0115924	0.00408966	0.0185504	0.00779668	0.0152249	0.0459769	0.00970902	0.00499198	0.0273553	0.365909	0.0201482	0.0834083	0.264952	0.0310172	0.0178101	0.000710181	0.00406491
141	0.0112498	0.00154869	0.00135759	0.00191793	0.130066	0.00261018	0.00132603	0.120615	0.00475775	0.517571	0.0615483	0.00316413	0.00240927	0.00537935	0.0132341	0.00412264	0.0106087	0.0740662	0.0126005	0.019847
142	0.0247187	0.0105592	0.0240635	0.00768052	0.00557519	0.246162	0.0714779	0.00407513	0.206169	0.00672286	0.00374751	0.13897	0.00413489	0.0312348	0.117312	0.0668901	0.0148744	0.00763225	0.000678432	0.00732158
143	0.0535648	0.00601056	0.077942	0.218138	0.00738994	0.0229932	0.030489	0.0261423	0.106602	0.0305611	0.0118472	0.030455	0.027283	0.107706	0.0912221	0.052188	0.0374277	0.0539712	0.0016781	0.00638796
144	0.0347382	0.00397448	0.0190904	0.0182641	0.0031332	0.765542	0.00731659	0.00681048	0.0150558	0.00499475	0.00307706	0.0157946	0.00521585	0.0200819	0.012962	0.0421371	0.00880637	0.00762617	0.00222322	0.00315581
145	0.0743822	0.0115701	0.00999638	0.00990611	0.00329915	0.0157331	0.00885063	0.0110931	0.0111461	0.0100064	0.00385961	0.0107671	0.580419	0.0151861	0.0136379	0.121948	0.0676327	0.0167213	0.000895262	0.00294956
146	0.0192396	0.00239937	0.00340825	0.00507106	0.350816	0.00468902	0.00345873	0.0875521	0.00808003	0.177521	0.00534459	0.00660179	0.00874869	0.00888327	0.025735	0.00827113	0.0330008	0.146334	0.0412213	0.0536239
147	0.358578	0.0285254	0.00505366	0.00975078	0.00198537	0.206272	0.00290902	0.00562659	0.019219	0.0103934	0.0109121	0.00604657	0.0518382	0.0187521	0.0083167	0.190024	0.0445708	0.0185474	0.000695083	0.0019828
148	0.0140219	0.000724256	0.000453838	0.00100385	0.0171392	0.00205331	0.000403989	0.135762	0.00395048	0.66092	0.0971696	0.00209025	0.00206781	0.0034079	0.00690186	0.00284972	0.00116798	0.0446744	0.000270194	0.00296827
149	0.0188374	0.0278553	0.000677273	0.00320374	0.00887815	0.00427586	0.000533116	0.48017	0.00171053	0.0741087	0.0264734	0.00172205	0.0102291	0.00356165	0.00254505	0.0036624	0.0076049	0.321407	0.00011197	0.00243253
150	0.00946946	0.0110861	0.00042223	0.00445495	0.00818374	0.00610757	0.000367223	0.464357	0.00173636	0.0889369	0.0232246	0.00142554	0.00434411	0.00530682	0.00321548	0.00213005	0.0104254	0.350207	9.2936e-05	0.00450588
151	0.168686	0.103715	0.0132903	0.0150928	0.0098338	0.0847582	0.00976138	0.0479717	0.0121389	0.10001	0.0652568	0.0375107	0.00648618	0.0204337	0.00914387	0.0615639	0.0375778	0.186988	0.001048	0.00873157
152	0.0634006	0.0103623	0.0106701	0.018828	0.00321172	0.0147346	0.0310735	0.0113826	0.0184987	0.0159824	0.00526318	0.00980853	0.649827	0.0231606	0.0185443	0.0416966	0.026533	0.0181906	0.0012794	0.00755249
153	0.121977	0.0126385	0.0227412	0.0159583	0.00732567	0.0378999	0.00740748	0.0155507	0.0208837	0.0118552	0.0114609	0.0247586	0.282298	0.026045	0.0332662	0.260529	0.058787	0.0199958	0.00172274	0.00689936
154	0.047554	0.0127575	0.0257774	0.0504788	0.0177792	0.0428092	0.069301	0.0239615	0.151449	0.0712171	0.0203587	0.0344521	0.0212838	0.0711858	0.180035	0.0643819	0.0404756	0.0245088	0.00488598	0.0253475
155	0.0595185	0.00693222	0.112231	0.245465	0.00487174	0.0261142	0.0257136	0.01809	0.0487637	0.0293665	0.0122802	0.0250927	0.111119	0.0808163	0.0440655	0.0685051	0.0448076	0.0285512	0.00162481	0.00607172
156	0.017493	0.00272932	0.00161394	0.00399231	0.0179502	0.0043487	0.00110056	0.149436	0.00498137	0.579472	0.117677	0.0033888	0.00336857	0.00613189	0.00947308	0.00927984	0.00571599	0.0580526	0.000489018	0.00330478
157	0.30138	0.033376	0.0134609	0.0276578	0.00784403	0.0550729	0.0121316	0.0292116	0.0254907	0.0462349	0.059328	0.016212	0.0373323	0.0327749	0.0178361	0.174536	0.0547517	0.0418541	0.00169941	0.0118152
158	0.0221617	0.0057888	0.00702068	0.0265296	0.00137444	0.0191883	0.0169886	0.0174416	0.296062	0.0265474	0.00911442	0.0234991	0.0163184	0.0566389	0.306018	0.0421749	0.0929003	0.01182	0.000385352	0.00202829
159	0.0541986	0.00654877	0.0239193	0.0633457	0.00811647	0.0296367	0.0195161	0.0299839	0.231609	0.0749225	0.0313708	0.0282705	0.0120212	0.115714	0.138476	0.0455045	0.0424044	0.0350187	0.00162883	0.00779534
160	0.0509767	0.016021	0.01119	0.0237905	0.0149661	0.017859	0.00830509	0.160265	0.0223501	0.0599411	0.0285735	0.0150667	0.0182605	0.0280165	0.0247612	0.129246	0.260509	0.101293	0.0018541	0.00675409
161	0.00866149	0.0231443	0.00173367	0.0082311	0.297056	0.00739662	0.0587008	0.00568087	0.0101219	0.0937337	0.0252523	0.028008	0.00621946	0.0121663	0.00798755	0.0141396	0.0105064	0.00379228	0.0201394	0.357328
162	0.0192456	0.000617678	0.286109	0.508578	0.000724496	0.0191939	0.0142074	0.00219055	0.00818107	0.0044126	0.00224805	0.0371892	0.00101513	0.039593	0.0093441	0.0362977	0.00138028	0.0079902	0.000272634	0.00120954
163	0.0402304	0.0189516	0.0129384	0.0279078	0.014939	0.0208584	0.00328623	0.260746	0.0056693	0.150843	0.0372698	0.00600477	0.0107095	0.0240035	0.0104328	0.0305078	0.110607	0.212384	0.000441775	0.00126987
164	0.0302097	0.0349427	0.00108334	0.00397535	0.0117661	0.00499701	0.00115838	0.427473	0.00196647	0.0856771	0.0332793	0.00326127	0.0114318	0.00517787	0.00318389	0.00544346	0.0115459	0.320906	0.000142487	0.00237804
165	0.0110962	0.0238557	0.00165333	0.00797821	0.291746	0.00796657	0.0601221	0.00550025	0.0105175	0.0937215	0.0264059	0.0271976	0.00638342	0.0131489	0.00848555	0.0151563	0.0109998	0.00372947	0.0196437	0.354692
166	0.0626771	0.0101799	0.00107763	0.00142918	0.000596058	0.00852533	0.00961574	0.00776691	0.00502401	0.00861651	0.00101957	0.00418139	0.797348	0.00852098	0.003804	0.0308505	0.0231831	0.0148056	0.000203065	0.000575011
167	0.075749	0.00296994	0.0185891	0.217456	0.00236974	0.0275069	0.0613493	0.00498156	0.00740041	0.0672888	0.00452144	0.00789638	0.0866041	0.153358	0.0904653	0.0896286	0.034969	0.0428794	0.00114144	0.00287634
168	0.0118999	0.00108423	0.00109316	0.00131891	0.0202675	0.00206661	0.000499299	0.189118	0.00345571	0.566253	0.10876	0.002005	0.00192372	0.00352545	0.00664382	0.00278281	0.00343158	0.0710413	0.000159451	0.00267135
169	0.0310049	0.00787001	0.0173774	0.0181348	0.00197007	0.0734446	0.0497704	0.00710626	0.314329	0.0156613	0.00642394	0.0626293	0.00647168	0.0741258	0.226062	0.053165	0.0214763	0.00705118	0.000185673	0.00574019
170	0.180198	0.0475478	0.0166525	0.014346	0.0118708	0.0844604	0.0113762	0.0601976	0.0144809	0.124877	0.114139	0.0294749	0.00463386	0.0250793	0.00666904	0.0736283	0.0232602	0.143395	0.000561647	0.0131517
171	0.148848	0.0820889	0.0124077	0.0233173	0.0177219	0.0428344	0.0120917	0.0922007	0.0209029	0.163577	0.0655763	0.0179694	0.0195641	0.0242766	0.024281	0.0714417	0.0439321	0.102127	0.00159203	0.0132496
172	0.196082	0.0667944	0.00869887	0.0186633	0.0137699	0.0822727	0.0151825	0.0866758	0.0144008	0.121072	0.103318	0.0172025	0.00322569	0.0136476	0.00482111	0.0878581	0.0342317	0.0924451	0.000449647	0.0191881
173	0.0144525	0.00576888	0.00625502	0.00678099	0.0349437	0.00511829	0.00309879	0.336913	0.0159	0.159702	0.197456	0.00500934	0.00408095	0.0094582	0.0149734	0.0109961	0.0275481	0.137759	0.000866422	0.00291905
174	0.0382452	0.00364414	0.0173469	0.0183748	0.0024277	0.749126	0.00668951	0.00578263	0.0159932	0.00876939	0.00511183	0.0125808	0.00799673	0.0323085	0.0133899	0.0392376	0.0115799	0.00738477	0.00224092	0.00176967
175	0.0475434	0.0043275	0.0150073	0.0119248	0.00191826	0.738526	0.00579375	0.00564173	0.014732	0.00547737	0.00369272	0.01289	0.0108272	0.0200853	0.0133873	0.0625668	0.013977	0.00719794	0.00228504	0.0021984
176	0.0443359	0.02338	0.0119204	0.0292544	0.017053	0.0118458	0.00232916	0.281819	0.00430059	0.141862	0.0416528	0.00516664	0.0100776	0.0211922	0.0103141	0.0235369	0.106441	0.2127	0.000213757	0.00060403
177	0.0616657	0.0032261	0.0471541	0.00829776	0.00470221	0.0433031	0.00396268	0.015955	0.0125913	0.00725062	0.00499639	0.0545301	0.260527	0.0318759	0.040748	0.34878	0.0289579	0.0146525	0.00284416	0.00398009
178	0.0995807	0.0150253	0.017204	0.0135221	0.00890818	0.0154634	0.0164395	0.21527	0.0182848	0.106297	0.0639987	0.0151863	0.0423454	0.026409	0.0114984	0.0447284	0.0406302	0.225837	0.000646858	0.00272521
179	0.0862566	0.006108	0.0265835	0.0169443	0.0209689	0.0999764	0.0408837	0.00623453	0.162517	0.010886	0.0139176	0.0905879	0.0217794	0.0378419	0.114109	0.141931	0.0396609	0.034459	0.00179273	0.0265619
180	0.053352	0.00349777	0.205314	0.331404	0.00245135	0.0158429	0.00445369	0.00791255	0.02013	0.00858086	0.00970412	0.0100459	0.050756	0.102924	0.00791282	0.0771577	0.0758341	0.00886511	0.000742482	0.00311981
181	0.311254	0.0408986	0.00920267	0.0244569	0.00542594	0.0510994	0.00861907	0.0168729	0.0225435	0.0292017	0.0438571	0.0115707	0.0466789	0.0715486	0.0147348	0.179276	0.0747294	0.0306206	0.000931669	0.00647712
182	0.207379	0.0397469	0.0089464	0.0195173	0.0142198	0.0850259	0.0169241	0.087594	0.0152016	0.124385	0.111457	0.0180782	0.00261187	0.012453	0.00326316	0.0844832	0.0307856	0.0954288	0.000410925	0.0220873
183	0.0475038	0.00523628	0.22488	0.407201	0.00553549	0.0155655	0.0382403	0.0109469	0.0483117	0.00722756	0.00810555	0.0423122	0.00553476	0.0474493	0.0268617	0.030927	0.0101365	0.0131489	0.000263396	0.00461206
184	0.0441978	0.0231294	0.0126034	0.0293673	0.0167801	0.0116503	0.00231257	0.278518	0.00427184	0.141846	0.0411423	0.00500638	0.0102657	0.0212733	0.0104609	0.0236165	0.109834	0.212921	0.0002125	0.000591
185	0.00532407	0.00337113	0.00491639	0.00307411	0.0410708	0.00232563	0.000970445	0.379158	0.00264051	0.167093	0.169344	0.00212953	0.00210452	0.00345958	0.00600902	0.00284745	0.0143876	0.188396	0.000218016	0.00115984
186	0.0398151	0.00918718	0.0162446	0.0222868	0.000833015	0.0365283	0.046619	0.00726983	0.315414	0.0161506	0.00699844	0.0516463	0.00489993	0.096554	0.246647	0.055245	0.015757	0.00614453	0.000163196	0.00559567
187	0.0291304	0.00753095	0.0213042	0.0241726	0.000924029	0.0347068	0.0437661	0.00777424	0.355316	0.0158497	0.005585	0.0477447	0.00588353	0.0980851	0.236963	0.0427471	0.0131005	0.0047776	0.00014303	0.00449513
188	0.0353393	0.0031864	0.0169827	0.0162736	0.00158988	0.787109	0.00599473	0.00533356	0.0109474	0.00686416	0.00493554	0.0140754	0.00482924	0.0203942	0.00923491	0.0372564	0.00926616	0.00575366	0.00210769	0.00252596
189	0.0368334	0.0380454	0.00269422	0.00659743	0.0160766	0.0068618	0.00157669	0.388836	0.00289628	0.100672	0.0346013	0.00424732	0.011295	0.00783591	0.0042569	0.00895114	0.0244825	0.300985	0.000188307	0.00206589
190	0.0488936	0.0129985	0.0380511	0.0470651	0.0402723	0.0357002	0.180298	0.0260869	0.0738194	0.034123	0.01805	0.0428489	0.032713	0.085062	0.0624711	0.0561933	0.0357672	0.028607	0.00410888	0.0968708
191	0.0317245	0.0352523	0.0013825	0.0041207	0.0120149	0.00529735	0.00141567	0.420055	0.00223067	0.0874615	0.0372231	0.00348189	0.0122852	0.00579823	0.00332722	0.0063431	0.0130345	0.315246	0.00015134	0.00215415
192	0.0224205	0.0274626	0.000883757	0.00408854	0.00976715	0.00502725	0.000759203	0.434781	0.00181275	0.084602	0.0299265	0.00215308	0.0104411	0.00492484	0.00287694	0.00366941	0.0109493	0.340475	0.00011962	0.00285955
