207	20
1	0.0443398	0.00811471	0.0120823	0.0206617	0.00686474	0.0108386	0.0274957	0.0336848	0.157176	0.140469	0.18787	0.0112701	0.00345003	0.0237397	0.142363	0.0631726	0.0321648	0.0622155	0.00205878	0.00996782
2	0.0300608	0.000642757	0.146057	0.272027	0.00147871	0.00142281	0.0433436	0.00189105	0.0812236	0.0220067	0.0102742	0.0190321	0.00452965	0.15396	0.10521	0.019919	0.0800209	0.00540484	0.000294393	0.00120084
3	0.0117062	0.000476431	0.000870973	0.000874544	0.0163839	0.000900764	0.000844994	0.435495	0.000696127	0.343146	0.0562719	0.00100668	0.000339141	0.00198465	0.000850935	0.00167383	0.0216328	0.103502	0.000202702	0.00114088
4	0.312654	0.00845191	0.00167077	0.00225317	0.00938281	0.540771	0.00943477	0.015999	0.00179924	0.0101045	0.00178656	0.00197031	0.000918138	0.0023231	0.00212943	0.00387374	0.00254762	0.0699916	0.000582291	0.00135552
5	0.0122243	0.00055674	0.000837014	0.000869533	0.0160757	0.000855254	0.000809358	0.423432	0.000688337	0.344966	0.0588737	0.00099393	0.0003343	0.00206582	0.000832752	0.00207533	0.0207933	0.111421	0.000202123	0.00109241
6	0.0143162	0.00264887	0.000610192	0.000843204	0.00664194	0.000848686	0.000742211	0.520601	0.00373802	0.0777594	0.0215139	0.000936308	0.0020103	0.00247496	0.000854616	0.00620958	0.0232591	0.301601	0.000251885	0.012138
7	0.0407726	0.00206386	0.0033096	0.00227946	0.00153473	0.911598	0.00121522	0.0015129	0.00109629	0.00142543	0.000679936	0.00221408	0.000321578	0.00538699	0.00179468	0.0127014	0.00497388	0.00382825	0.000133063	0.00115811
8	0.0218629	0.00415793	0.00108221	0.00252953	0.0336555	0.00369899	0.00189317	0.168447	0.00195587	0.477281	0.143998	0.00304835	0.00555431	0.00382011	0.00298966	0.00765766	0.0150449	0.0911721	0.00108227	0.00906751
9	0.0393415	0.00242006	0.00499509	0.00275273	0.00153396	0.904525	0.00177908	0.00178538	0.00204663	0.00167076	0.00103857	0.00515007	0.000455874	0.00601162	0.00194902	0.0137849	0.00510849	0.00263419	0.00017315	0.000843568
10	0.00614969	0.00129077	0.00211534	0.00259186	0.00168272	0.00266054	0.00227899	0.00216117	0.50204	0.0151242	0.00228869	0.00305303	0.00112461	0.0445304	0.397848	0.00420575	0.00312446	0.00318652	0.000586352	0.00195646
11	0.0322014	0.00445149	0.00389578	0.0135574	0.0171795	0.00744873	0.00815494	0.0622174	0.00663538	0.20824	0.531066	0.00671251	0.00215386	0.0138416	0.00912098	0.0217976	0.00983187	0.0320535	0.00237437	0.00706582
12	0.039338	0.00229121	0.0045199	0.00294305	0.00150371	0.908636	0.00225647	0.00123328	0.00186442	0.00127956	0.000868865	0.00390242	0.000351677	0.00556659	0.00161717	0.0132679	0.00517835	0.00218377	0.000163849	0.00103426
13	0.226026	0.00205757	0.00324351	0.00389871	0.0721771	0.205251	0.0171446	0.0533957	0.00329433	0.160211	0.0348584	0.0364517	0.0015413	0.0206809	0.0321015	0.0912222	0.00408632	0.00433586	0.00117779	0.0268437
14	0.0852899	0.00777178	0.0850065	0.0255664	0.0143227	0.112423	0.0154982	0.0589684	0.0117663	0.0179671	0.0125167	0.276669	0.0933013	0.0145011	0.0526348	0.0189273	0.0207365	0.0131014	0.00301319	0.0600195
15	0.0125825	0.000634225	0.000845271	0.00112404	0.015455	0.000879099	0.000795586	0.411047	0.000719021	0.345178	0.069456	0.00103146	0.000353543	0.00225856	0.000851195	0.00241021	0.0202772	0.112761	0.000200259	0.00114119
16	0.515751	0.00605516	0.0185616	0.00855849	0.0014363	0.0430841	0.00242727	0.00224521	0.0110359	0.00282265	0.00176659	0.00629708	0.000936912	0.00306122	0.0139044	0.205993	0.0914735	0.0592575	0.000502643	0.00483006
17	0.077789	0.000835149	0.0852556	0.179391	0.0202604	0.00302513	0.0316158	0.0306359	0.146365	0.0801852	0.0171576	0.0285482	0.00127465	0.141049	0.0763419	0.031032	0.0191064	0.0196135	0.000401181	0.0101179
18	0.0208612	0.0116969	0.0131309	0.0164994	0.00946046	0.00838233	0.216898	0.00396114	0.0607049	0.0455219	0.0034261	0.0858101	0.00114058	0.113987	0.340442	0.0132834	0.0111149	0.0079022	0.000883946	0.0148925
19	0.0682997	0.0155225	0.00399885	0.00474868	0.0399918	0.0299532	0.00164551	0.0918486	0.00164216	0.45023	0.0975465	0.00903069	0.00304852	0.00241095	0.00548097	0.0275524	0.0152808	0.116974	0.00856114	0.00623294
20	0.0454474	0.0129509	0.0027597	0.014722	0.00288411	0.0138505	0.047282	0.0825378	0.0841622	0.276365	0.0984478	0.00289134	0.00119064	0.0246617	0.131461	0.031806	0.0515243	0.0607045	0.00071997	0.0136313
21	0.0173743	0.0036581	0.00525693	0.00671008	0.0341073	0.00675634	0.234822	0.26931	0.00572005	0.0633268	0.0305802	0.0335684	0.00271602	0.0858296	0.0077955	0.0102188	0.00774689	0.059224	0.0557533	0.0595255
22	0.0320487	0.000575618	0.158215	0.284825	0.000945899	0.00123154	0.0400943	0.00108541	0.065836	0.0227174	0.00864386	0.0184826	0.00525326	0.135222	0.106987	0.0211199	0.0905158	0.00519261	0.000237796	0.000769741
23	0.0855366	0.0118968	0.000445239	0.000518398	0.0119178	0.00420559	0.00888245	0.156016	0.00586325	0.0449087	0.0115559	0.000829998	0.00228626	0.000558538	0.00552289	0.00789786	0.0517446	0.582179	0.000116645	0.00711746
24	0.090942	0.0128018	0.000476014	0.000508934	0.0136401	0.00446133	0.0103861	0.152296	0.00658269	0.0415229	0.0107189	0.000689324	0.00191942	0.000531996	0.00652748	0.00839657	0.0516802	0.577336	0.000108815	0.00847353
25	0.313026	0.00951428	0.00156026	0.00227541	0.0082588	0.530278	0.00858502	0.0183224	0.00178576	0.0113442	0.00197503	0.0019845	0.000917056	0.00192502	0.00209334	0.00340622	0.00251194	0.0783161	0.00050769	0.00141262
26	0.00379647	0.00104613	0.001038	0.00102881	0.470564	0.00547634	0.0236013	0.00101547	0.00628032	0.0216091	0.00963562	0.00148083	0.00049984	0.00127479	0.00144929	0.0023429	0.0013531	0.00136873	0.0217795	0.423359
27	0.0812919	0.00353982	0.327538	0.0906645	0.00506439	0.0080487	0.0184214	0.00575069	0.00514184	0.0086594	0.00536118	0.204685	0.0378801	0.00629554	0.00969539	0.0760219	0.0897583	0.00597961	0.00247131	0.00773045
28	0.0462237	0.00093649	0.0982924	0.00794534	0.00135409	0.0348809	0.00163918	0.00135011	0.00131966	0.00227161	0.00126611	0.0548153	0.00063626	0.00153472	0.00170022	0.549012	0.191606	0.00183283	0.000302914	0.00108044
29	0.012298	0.00372331	0.00129764	0.00158908	0.0393409	0.00277335	0.00134392	0.0989355	0.00122922	0.604117	0.0830758	0.00803302	0.0294356	0.00192858	0.00171207	0.00347336	0.0259663	0.0494888	0.00101447	0.029224
30	0.230842	0.000859592	0.108419	0.206495	0.0021508	0.0372509	0.0161551	0.0110077	0.105615	0.0109391	0.000946866	0.0275128	0.0527816	0.070889	0.0321699	0.0361897	0.027777	0.0191198	0.000441307	0.00243833
31	0.141073	0.00535216	0.265666	0.315617	0.00109803	0.0633925	0.00794768	0.00102025	0.0146607	0.00825751	0.00120489	0.0440146	0.00583652	0.0290471	0.0108423	0.0673478	0.0148339	0.00141865	0.000374534	0.000994864
32	0.0199195	0.00494097	0.00094673	0.00097507	0.0627361	0.00355017	0.000883041	0.0628286	0.000717585	0.642384	0.114172	0.00259389	0.00656014	0.00108838	0.000938916	0.00510455	0.0115151	0.0440688	0.001573	0.0125039
33	0.0915308	0.0131292	0.00046903	0.000509514	0.0136197	0.00446541	0.010471	0.151801	0.00658204	0.041349	0.0107691	0.000705078	0.00191252	0.000568819	0.00660282	0.00842832	0.0514662	0.577062	0.000109059	0.00844878
34	0.00617452	0.0012966	0.00211153	0.00260914	0.00168336	0.00263082	0.00227678	0.00213755	0.502185	0.0153258	0.00235127	0.00305368	0.00110266	0.0444557	0.397373	0.0043696	0.0031179	0.00320205	0.000586583	0.00195602
35	0.0920184	0.0123408	0.000510407	0.000546389	0.0124738	0.0045912	0.00987318	0.154428	0.00669701	0.0439424	0.0108597	0.000804663	0.00196311	0.000607039	0.00586968	0.00930992	0.055329	0.570098	0.000129014	0.00760812
36	0.0402738	0.00567037	0.000546036	0.000693476	0.00965712	0.00141587	0.00248156	0.277827	0.0018926	0.0855264	0.011252	0.000623877	0.000886248	0.000924053	0.00182117	0.00309108	0.0202728	0.52975	0.000142009	0.00525222
37	0.0188679	0.0162991	0.00380157	0.00346942	0.404489	0.00352042	0.0172935	0.0108003	0.00372959	0.0756189	0.0379716	0.0379099	0.00161589	0.0226105	0.00711104	0.0145505	0.00351071	0.00635134	0.0746535	0.235826
38	0.0356058	0.0045444	0.000628295	0.000838034	0.00565743	0.00329848	0.000667172	0.181814	0.000731079	0.348459	0.0867259	0.00242123	0.000512899	0.0052839	0.000793734	0.0179558	0.00916304	0.293572	0.000479103	0.000848649
39	0.0866786	0.015027	0.0105336	0.014298	0.0159576	0.0206299	0.00914045	0.0372232	0.0193794	0.159518	0.290101	0.0142984	0.00430376	0.0218521	0.0177884	0.160562	0.0464548	0.0416823	0.00348989	0.0110819
40	0.0201961	0.00200517	0.000637651	0.000825708	0.0104796	0.00125961	0.000666655	0.312672	0.000684419	0.331202	0.057827	0.00131547	0.000913345	0.00343455	0.00081103	0.00621186	0.0180023	0.229132	0.000237303	0.00148672
41	0.0847383	0.00385974	0.0360469	0.0763394	0.00440825	0.0246079	0.0168674	0.00671661	0.0610337	0.00988684	0.00555526	0.0181019	0.488828	0.0172928	0.0285843	0.0649614	0.0290622	0.0129603	0.00133725	0.00881153
42	0.259843	0.00737283	0.0284185	0.00736259	0.00422343	0.00810594	0.0721036	0.00515533	0.00529051	0.018396	0.00506455	0.0502716	0.0552516	0.0297954	0.00756055	0.30448	0.0169136	0.108696	0.00129287	0.00440162
43	0.0365932	0.00190015	0.00184965	0.00082111	0.00102567	0.929101	0.000632446	0.000524916	0.000613769	0.00081175	0.000491931	0.00127855	0.000257862	0.0037485	0.00119561	0.0122356	0.00516488	0.0012228	0.00013407	0.00039624
44	0.0253133	0.00391141	0.00178326	0.00446772	0.0531723	0.00340245	0.00218849	0.0449805	0.0021134	0.493078	0.29073	0.00285653	0.00262643	0.00456345	0.00240574	0.0166062	0.00682232	0.0302725	0.00128178	0.00742395
45	0.159338	0.00257788	0.19898	0.267034	0.00186649	0.0715267	0.00795867	0.00148619	0.0387139	0.00899135	0.00102014	0.0549623	0.00632733	0.0499004	0.0161696	0.0870705	0.0211506	0.00210156	0.00092223	0.00190171
46	0.11694	0.000741943	0.0300964	0.134951	0.00107348	0.0379894	0.00816884	0.00140737	0.143423	0.00220983	0.00145553	0.00758867	0.348422	0.0241492	0.0495192	0.0590482	0.0228073	0.00827005	0.000437527	0.00130089
47	0.0088652	0.000686164	0.0648777	0.0168705	0.00255548	0.763488	0.0170362	0.00123567	0.0213554	0.00167682	0.00100655	0.0560356	0.000491693	0.0228247	0.00199734	0.0139978	0.00193563	0.00168596	0.000399381	0.000978119
48	0.0695472	0.00585998	0.318484	0.146211	0.00920949	0.0345035	0.0261655	0.00943021	0.0168938	0.0144129	0.0116361	0.135948	0.0253024	0.0171431	0.0263764	0.0540709	0.0482687	0.00822042	0.00333103	0.0189848
49	0.0241884	0.00595248	0.00107023	0.00139667	0.00287964	0.00144037	0.00111259	0.507822	0.0104299	0.0586197	0.0376217	0.00145974	0.00619026	0.006007	0.00153249	0.00915197	0.0556938	0.255672	0.000372523	0.0113861
50	0.0201622	0.0023618	0.000605957	0.000807345	0.0108618	0.000715195	0.000609175	0.408811	0.000736561	0.114495	0.0127334	0.000748334	0.00043147	0.00120516	0.000730959	0.00275274	0.00943425	0.403233	0.000201673	0.00836278
51	0.0170171	0.00271259	0.000562228	0.000761094	0.0073426	0.000788753	0.000690003	0.465506	0.00248656	0.0856017	0.0180166	0.000810696	0.00147142	0.00192642	0.000781481	0.00447332	0.0179321	0.361477	0.000231917	0.00941012
52	0.0568642	0.0020741	0.296475	0.380054	0.00186762	0.0201354	0.00801012	0.00183872	0.0237185	0.00516409	0.0022525	0.070122	0.00675744	0.02674	0.0531922	0.0258438	0.01291	0.00269269	0.000660048	0.00262698
53	0.0412209	0.00213552	0.00128952	0.000636616	0.00111347	0.924258	0.000795623	0.000659933	0.000447384	0.000979289	0.000554681	0.000824895	0.000274375	0.00350352	0.00113773	0.0125348	0.00493357	0.0020319	0.000117325	0.00055105
54	0.0374664	0.00244993	0.00129832	0.000750357	0.0010121	0.928094	0.000691447	0.000605138	0.000448048	0.000821111	0.000608381	0.000831006	0.000277398	0.00348283	0.00121815	0.0132877	0.00490435	0.00123737	0.000117878	0.000397703
55	0.0759154	0.0101406	0.0756671	0.0608008	0.032315	0.0496292	0.0537309	0.0214974	0.0335961	0.0338886	0.0190681	0.274424	0.015185	0.0368641	0.0528208	0.0496152	0.0364559	0.0224051	0.00845542	0.0375258
56	0.055431	0.00105797	0.0585695	0.00551263	0.00128145	0.0380993	0.00182203	0.00143444	0.00146096	0.00224849	0.00165227	0.0415504	0.000643379	0.00209802	0.00177442	0.610671	0.171015	0.00208553	0.000339325	0.0012528
57	0.00790489	0.00168921	0.00228639	0.0152137	0.17897	0.00306788	0.141805	0.00287166	0.0821533	0.0052948	0.0142009	0.207847	0.00128423	0.00345206	0.0751826	0.0167904	0.00429444	0.00351976	0.0137948	0.218377
58	0.0050383	0.00531978	0.00163988	0.00140311	0.44124	0.0048615	0.0213647	0.00138973	0.00531578	0.0241298	0.00810611	0.0115224	0.000754241	0.00575499	0.00197471	0.00467785	0.00161675	0.0019414	0.0427179	0.409231
59	0.0691159	0.000892682	0.0413809	0.0849415	0.00612122	0.00367413	0.0750564	0.00976174	0.22187	0.0516008	0.00313943	0.0330018	0.000583531	0.0946612	0.195452	0.0307326	0.0415768	0.0270207	0.000367413	0.00905012
60	0.0785968	0.00149405	0.267962	0.276164	0.00224035	0.0232159	0.0234424	0.0037709	0.0570156	0.0147028	0.00484918	0.0324101	0.00766555	0.0754109	0.0499624	0.0372943	0.0366674	0.00497031	0.00051147	0.00165324
61	0.048558	0.00124208	0.116571	0.00994821	0.00154567	0.0322208	0.00306434	0.00194849	0.0019898	0.00320219	0.00192349	0.0583142	0.00206811	0.00189713	0.00223958	0.50462	0.204039	0.00258791	0.000470283	0.00154939
62	0.0232997	0.01271	0.00230871	0.05748	0.0221744	0.013197	0.00265442	0.256556	0.0449287	0.119975	0.0449159	0.00275575	0.00154958	0.137059	0.0137294	0.00431783	0.0376672	0.200115	0.000686297	0.00192046
63	0.152228	0.012227	0.0354554	0.0952618	0.00361792	0.00316202	0.0157642	0.0407627	0.0722516	0.0296708	0.00298937	0.00318832	0.0165852	0.00296456	0.439615	0.00435621	0.0144526	0.0514789	0.000705839	0.00326195
64	0.0125457	0.0182654	0.00450561	0.0055704	0.00419976	0.00578693	0.248863	0.00389141	0.0352627	0.037743	0.00401941	0.0698216	0.00182459	0.0938779	0.429326	0.00710382	0.00637439	0.00576514	0.00101512	0.00423823
65	0.404539	0.00213982	0.0187005	0.0399415	0.00343036	0.158045	0.0667053	0.00334242	0.00305976	0.00622741	0.00362807	0.0230126	0.00142438	0.00408236	0.00366864	0.133314	0.00414511	0.00463121	0.000779697	0.115184
66	0.0815718	0.000408155	0.0555046	0.091448	0.00716839	0.00379592	0.0606446	0.00775389	0.265225	0.0340755	0.00190394	0.0280649	0.000326619	0.0719358	0.189481	0.0359703	0.0329804	0.0206575	0.00018223	0.0109015
67	0.0088652	0.000686164	0.0648777	0.0168705	0.00255548	0.763488	0.0170362	0.00123567	0.0213554	0.00167682	0.00100655	0.0560356	0.000491693	0.0228247	0.00199734	0.0139978	0.00193563	0.00168596	0.000399381	0.000978119
68	0.011254	0.000833815	0.000575532	0.000759371	0.0129348	0.000696381	0.000661605	0.481349	0.00103839	0.228514	0.0343491	0.000778347	0.000568541	0.00175521	0.000727559	0.00301256	0.0177559	0.196364	0.000197271	0.00587492
69	0.0233094	0.000835525	0.0639553	0.0313698	0.0286721	0.025775	0.268464	0.00146745	0.0843098	0.0121563	0.00125827	0.130004	0.000608802	0.0842854	0.127713	0.0410738	0.00777747	0.00214354	0.000383227	0.0644376
70	0.00379396	0.00106857	0.00102238	0.00105159	0.470584	0.00545795	0.0235257	0.00101429	0.006208	0.0216746	0.00959035	0.0015448	0.000498588	0.00130374	0.00142989	0.00234247	0.00134576	0.0013701	0.0219137	0.42326
71	0.037658	0.00502299	0.000680773	0.000865382	0.00569862	0.0038385	0.000690078	0.174643	0.00072013	0.346369	0.0887068	0.00258421	0.00035413	0.00527446	0.000844104	0.0181867	0.00857201	0.297951	0.000661113	0.000678859
72	0.0718772	0.00765602	0.333476	0.162705	0.0114037	0.0344308	0.0236556	0.0106783	0.0260864	0.0168337	0.0110825	0.0637957	0.0246808	0.0325631	0.0344651	0.0553598	0.0497625	0.0100917	0.0039109	0.0154849
73	0.230687	0.203483	0.00235584	0.00290463	0.00226627	0.00312151	0.00308288	0.0472918	0.0020522	0.00487246	0.0137935	0.00332125	0.00123555	0.0135968	0.00277181	0.026954	0.0167282	0.416489	0.000850298	0.00214208
74	0.0390644	0.00192878	0.00389412	0.00135029	0.00121335	0.918107	0.00147788	0.00074239	0.00139215	0.000990869	0.000613697	0.00295469	0.000275121	0.00417242	0.00140807	0.0123767	0.00487322	0.00260484	0.000133646	0.000426407
75	0.0739746	0.010256	0.00119595	0.000867635	0.0105652	0.00405888	0.00810568	0.166689	0.00578298	0.0393669	0.0106766	0.000969754	0.00211995	0.00107735	0.00533538	0.00766831	0.0706688	0.573596	0.000244115	0.00678022
76	0.153018	0.00898337	0.0310205	0.0118375	0.00475837	0.0418845	0.00691297	0.006648	0.00693675	0.00980289	0.00987957	0.0272519	0.00474087	0.00918601	0.0084257	0.555413	0.083014	0.0139963	0.00126435	0.00502579
77	0.0359782	0.00251477	0.00350748	0.00164519	0.00129139	0.921484	0.0012591	0.000738992	0.00123292	0.00101368	0.000515965	0.00273258	0.00027311	0.00429169	0.00157485	0.0129745	0.00479554	0.00163123	0.000137239	0.00040734
78	0.0369801	0.00190959	0.00510225	0.00203127	0.00115811	0.917033	0.00153105	0.000750349	0.00180888	0.000983322	0.000619873	0.00405383	0.000240997	0.00471098	0.00123045	0.012371	0.00475067	0.00196123	0.000156261	0.000616225
79	0.0235886	0.00632314	0.00133149	0.00426332	0.00323756	0.00229071	0.00153761	0.481934	0.0164298	0.0533028	0.0378246	0.00180008	0.00854995	0.0145581	0.00228084	0.00906964	0.062252	0.259314	0.000416803	0.00969486
80	0.2278	0.00437042	0.160034	0.121086	0.0461858	0.0138362	0.00815652	0.00749564	0.0400919	0.0394367	0.00608795	0.0816216	0.00624071	0.0182448	0.0109713	0.0662065	0.0141215	0.0103289	0.080415	0.0372684
81	0.0363166	0.0019036	0.00337396	0.00162042	0.00121733	0.922218	0.00105651	0.0007725	0.00116219	0.000942003	0.000658234	0.00270115	0.000240555	0.00434735	0.0012033	0.0133814	0.00475148	0.00143568	0.000133273	0.000564642
82	0.149187	0.00512562	0.0103711	0.0731087	0.0331315	0.00746221	0.03526	0.156861	0.119492	0.0804566	0.00801339	0.00752525	0.00403012	0.00855113	0.230118	0.0119119	0.0115415	0.0155482	0.001963	0.0303414
83	0.0323184	0.000568724	0.158495	0.282427	0.000976521	0.00129205	0.0398822	0.00111315	0.0662706	0.023197	0.00865012	0.0187156	0.00519113	0.135325	0.107826	0.0208969	0.0905984	0.00522537	0.000238535	0.000792166
84	0.0643855	0.00232615	0.00487827	0.215037	0.00424201	0.00516008	0.165446	0.00418343	0.027829	0.0540258	0.00451234	0.179681	0.00189436	0.0582463	0.0827127	0.00844092	0.0273068	0.0278896	0.00113492	0.0606677
85	0.0173222	0.00142136	0.0686372	0.0227024	0.00303151	0.723364	0.0152297	0.00350707	0.0186636	0.0029089	0.00205863	0.0674035	0.00299987	0.0203969	0.00396091	0.0160987	0.00411956	0.00236088	0.000525303	0.00328758
86	0.179913	0.00594723	0.0140746	0.0110172	0.203622	0.0992993	0.00875165	0.0549906	0.00826601	0.0185346	0.0133089	0.0154566	0.0500342	0.0108081	0.0127189	0.0166111	0.0549968	0.014346	0.00282994	0.204473
87	0.142389	0.141295	0.00766051	0.00967013	0.0070271	0.178353	0.0106808	0.00976534	0.00780505	0.0142044	0.00772474	0.0496738	0.00377672	0.0142846	0.0106829	0.339426	0.0250101	0.0111423	0.00167378	0.00775423
88	0.0189369	0.00587657	0.000906741	0.000945236	0.0643045	0.00352259	0.000866875	0.0736161	0.000758735	0.624588	0.10915	0.00318386	0.00949115	0.00112567	0.00109111	0.00457716	0.0147149	0.0438539	0.00155732	0.0169332
89	0.0337013	0.00467189	0.00809213	0.0162082	0.0157032	0.00773487	0.00647051	0.0610601	0.00941339	0.202306	0.514891	0.00871703	0.00309317	0.0145033	0.00941758	0.0226007	0.0141026	0.0348309	0.00286897	0.00961269
90	0.0900385	0.012707	0.000473273	0.000512239	0.0136781	0.00436506	0.0101569	0.15429	0.00648929	0.042167	0.0108155	0.000667409	0.00187659	0.00053065	0.00639581	0.0081904	0.0510534	0.576974	0.000111034	0.00850698
91	0.0406908	0.00187039	0.00559012	0.00187372	0.00142781	0.90751	0.00258886	0.000998459	0.00211762	0.00118153	0.000727303	0.00370167	0.000594001	0.00501426	0.0019707	0.0128477	0.00505311	0.00269998	0.00105088	0.000490991
92	0.160516	0.00423333	0.00286131	0.00299876	0.00347564	0.742243	0.00425335	0.00542169	0.00193763	0.00388107	0.00114002	0.00204786	0.000942459	0.00425092	0.00290067	0.0237844	0.00800809	0.0237115	0.000341486	0.00105073
93	0.060342	0.00134306	0.364233	0.164668	0.00158386	0.00319079	0.0356713	0.00214131	0.00193737	0.00347269	0.00237865	0.0767358	0.0955484	0.00262939	0.0117316	0.0626933	0.0999609	0.00290919	0.000470401	0.00635829
94	0.035629	0.000556595	0.146225	0.269181	0.00173858	0.00137273	0.0410387	0.00198886	0.084175	0.0249406	0.00885309	0.0188745	0.00460688	0.12783	0.115114	0.0231293	0.0855824	0.00726657	0.000228705	0.00166825
95	0.070123	0.000927206	0.0443798	0.126998	0.00112877	0.0344924	0.0107421	0.0016876	0.110747	0.00319791	0.00184765	0.00878269	0.423747	0.0242354	0.0436798	0.0443229	0.0402359	0.00570307	0.000469741	0.00255212
96	0.019174	0.00194362	0.000543378	0.000762004	0.011891	0.000713283	0.0005832	0.431206	0.000782114	0.141905	0.0182549	0.000797007	0.000452279	0.00154742	0.000670691	0.00315242	0.0102403	0.345701	0.000187944	0.0094928
97	0.0172244	0.00501849	0.00094034	0.000988911	0.0823177	0.00331448	0.000960321	0.0781055	0.000849258	0.604946	0.102341	0.00347074	0.0109595	0.00151226	0.00113866	0.00405088	0.0153576	0.0435933	0.00216808	0.0207423
98	0.0809776	0.000423586	0.0579439	0.0960654	0.00734679	0.00369193	0.0592996	0.0079901	0.26174	0.033736	0.00208258	0.0275508	0.000486108	0.0719046	0.187264	0.0357629	0.0347375	0.0201722	0.000215254	0.0106092
99	0.508366	0.00579282	0.0288851	0.0116704	0.00145868	0.041518	0.00245647	0.00246282	0.0128814	0.00278117	0.00168939	0.0066864	0.00101015	0.00326558	0.011351	0.217842	0.0893342	0.0452144	0.000566154	0.0047681
100	0.0222836	0.00221239	0.000656112	0.000797144	0.0100412	0.00159814	0.000659806	0.295109	0.000707926	0.355748	0.0700474	0.00150367	0.00052349	0.00408141	0.000849937	0.00911737	0.0160768	0.206457	0.000279953	0.00125056
101	0.429698	0.0472632	0.00981917	0.00741074	0.00330864	0.0250996	0.00469688	0.00532811	0.0241561	0.0059582	0.00332541	0.0337354	0.00167101	0.00812026	0.024381	0.224189	0.101933	0.0343239	0.00104684	0.0045351
102	0.198555	0.0543467	0.0192171	0.125909	0.00880343	0.0740017	0.0124276	0.00694953	0.0177423	0.00964301	0.00674294	0.050005	0.0618655	0.10231	0.01435	0.0605957	0.0876306	0.0527157	0.00151689	0.0346715
103	0.0676939	0.0199396	0.00383422	0.00378012	0.00201241	0.798366	0.0022848	0.00239085	0.00190183	0.00341472	0.00342516	0.00739768	0.000731283	0.00474644	0.00274366	0.0610563	0.00777795	0.00459648	0.000428312	0.00147843
104	0.0153149	0.0374209	0.00451657	0.00412151	0.342958	0.0048584	0.0277488	0.00432817	0.00442438	0.0519326	0.00700562	0.0825517	0.0022854	0.0342729	0.00833546	0.0237241	0.00543437	0.00586718	0.0913829	0.241516
105	0.166815	0.00932581	0.0222456	0.0234361	0.00945219	0.0569351	0.0039329	0.0675945	0.00469033	0.327937	0.0621746	0.0112235	0.00184022	0.00447093	0.0242688	0.0518665	0.0131973	0.130967	0.0041646	0.00346151
106	0.0212603	0.00413491	0.0071436	0.00908973	0.0424622	0.00866551	0.213626	0.00757107	0.00737595	0.140767	0.00749199	0.00976915	0.00428799	0.00926099	0.148941	0.0136999	0.0106175	0.0093648	0.0025674	0.321904
107	0.255727	0.0713504	0.00188958	0.00286191	0.00494561	0.00458774	0.00207966	0.0224065	0.00501841	0.0820354	0.085469	0.00303284	0.000930052	0.00284641	0.0057508	0.0554158	0.187044	0.202236	0.000644468	0.00372796
108	0.0399409	0.00256264	0.00623967	0.00416679	0.00130563	0.903922	0.00198865	0.000968791	0.00248671	0.00141951	0.000814945	0.00418612	0.00205962	0.00480961	0.00199446	0.0128802	0.00497681	0.00239672	0.000280785	0.000599355
109	0.0882104	0.00082872	0.0361452	0.131412	0.00107645	0.0435983	0.00594414	0.00131065	0.130732	0.00219785	0.00142045	0.00577144	0.3869	0.0237791	0.0508579	0.0513635	0.0301213	0.0064516	0.000460151	0.00141956
110	0.19894	0.0122203	0.00646151	0.00279495	0.00178236	0.00253704	0.063743	0.00245044	0.00234445	0.0356854	0.0022803	0.0633652	0.0869202	0.00657355	0.00287479	0.240688	0.0254424	0.240107	0.000540509	0.00224849
111	0.0394938	0.00225594	0.00452928	0.00159214	0.00206518	0.914037	0.00165636	0.000799747	0.00174423	0.00107704	0.000603845	0.00366503	0.000286613	0.00432853	0.00119466	0.0123038	0.0046539	0.00217897	0.000141307	0.00139256
112	0.377326	0.00121286	0.00121339	0.00218459	0.0011501	0.0224761	0.00130859	0.0015747	0.00119851	0.00224453	0.00771553	0.00788543	0.0017229	0.00174572	0.00169045	0.546985	0.0142831	0.00184329	0.0004102	0.0038297
113	0.0388553	0.00201109	0.00350254	0.00120241	0.00118045	0.920485	0.00113287	0.000742133	0.00119027	0.00110528	0.00055387	0.00285298	0.000305561	0.00413871	0.0012596	0.0121827	0.004788	0.00192868	0.000142258	0.000440367
114	0.0610773	0.0105198	0.0359718	0.0453479	0.0334574	0.0262592	0.29112	0.0281953	0.0390297	0.0424175	0.0135873	0.0586994	0.0116409	0.0570359	0.0820633	0.0369454	0.0257305	0.0268624	0.0105078	0.0635308
115	0.00381092	0.0011319	0.00101519	0.00105985	0.470191	0.00545901	0.0233971	0.00101351	0.00613335	0.0215907	0.00953964	0.00165631	0.000497719	0.00135909	0.00144804	0.00242342	0.00134019	0.00136947	0.0221644	0.423399
116	0.286826	0.0531449	0.00194048	0.00248657	0.00425906	0.00405745	0.00196417	0.0260329	0.00574865	0.0810134	0.0687265	0.00309113	0.000869331	0.00262995	0.00640201	0.0514147	0.165084	0.230541	0.000576209	0.00319154
117	0.0445223	0.00426176	0.0246425	0.0415191	0.00695997	0.0120871	0.0262519	0.0113483	0.380518	0.0264227	0.0092957	0.0201432	0.0185288	0.0515172	0.25401	0.0218151	0.0194719	0.014895	0.00275606	0.00903357
118	0.0223315	0.00225548	0.00274593	0.010697	0.0211814	0.00471231	0.0029298	0.069221	0.00367151	0.295195	0.481584	0.00402336	0.00220304	0.011657	0.00405647	0.0140738	0.00693856	0.0339018	0.00121658	0.0054049
119	0.00647208	0.0010967	0.00131563	0.00160687	0.00135832	0.00156932	0.00128806	0.268944	0.00123125	0.00760878	0.00229706	0.00162031	0.000767391	0.0016083	0.0014892	0.00251362	0.00456444	0.691095	0.000395936	0.00115757
120	0.0496516	0.00822391	0.0288657	0.0445503	0.0190726	0.0224882	0.266401	0.0338577	0.054532	0.0447253	0.0109498	0.062721	0.00564437	0.118085	0.119987	0.0273095	0.0207911	0.0198318	0.008086	0.0342263
121	0.0724021	0.00677332	0.219712	0.110286	0.00943661	0.0496653	0.0350228	0.0157556	0.0222709	0.0180435	0.0115942	0.217764	0.019557	0.0238656	0.0339375	0.0533632	0.0430185	0.0101927	0.00533235	0.0220067
122	0.0786502	0.00285277	0.00138587	0.00108039	0.00206693	0.872432	0.00215874	0.00242897	0.000734007	0.00197399	0.00118605	0.00104417	0.000352083	0.00320102	0.00126508	0.0114299	0.00481664	0.0100689	0.000200747	0.000671719
123	0.0101723	0.00160477	0.00115012	0.00137002	0.00224512	0.00160168	0.00145109	0.275465	0.00140132	0.0153133	0.0035743	0.00145123	0.000842575	0.00153195	0.00148477	0.00275162	0.00723375	0.667133	0.000354539	0.00186768
124	0.0947072	0.00556227	0.133878	0.319608	0.00743718	0.0312919	0.0252404	0.0081947	0.0494387	0.0213432	0.0132859	0.0437224	0.0263977	0.0617312	0.0529848	0.0405403	0.0402611	0.0126606	0.00194885	0.00976531
125	0.092123	0.00677556	0.020115	0.011735	0.295417	0.0267207	0.0215234	0.0218403	0.00930992	0.0491676	0.030139	0.0262307	0.0146022	0.0143907	0.0144679	0.016446	0.0164989	0.0124645	0.0230645	0.276969
126	0.27737	0.00751181	0.00156417	0.00179922	0.00709936	0.596532	0.00713609	0.0136291	0.00150795	0.00846441	0.0014997	0.00160072	0.000694493	0.00213607	0.00189541	0.00542353	0.00292754	0.0595953	0.000445315	0.00116814
127	0.0181445	0.00129364	0.00199986	0.0129459	0.0059237	0.00267526	0.00216871	0.0684839	0.00182346	0.228615	0.597896	0.00290438	0.000917704	0.0112858	0.00233843	0.00954876	0.00292725	0.0252819	0.000845024	0.00198098
128	0.0224525	0.00300097	0.00206991	0.00795802	0.0283189	0.00328195	0.00207868	0.0739138	0.00191527	0.358698	0.413312	0.00289415	0.0026072	0.00900034	0.00306327	0.011584	0.00732906	0.038601	0.00147601	0.00644514
129	0.226692	0.00726055	0.016265	0.149876	0.00724785	0.055857	0.123158	0.00788688	0.013209	0.012172	0.007892	0.0194348	0.0101459	0.227294	0.0108034	0.0242785	0.055905	0.0135414	0.00224622	0.00883435
130	0.410613	0.00199714	0.00808274	0.00322365	0.00114572	0.0237452	0.00126943	0.00139278	0.00362421	0.00209567	0.00333198	0.00847591	0.000973977	0.00179081	0.00389976	0.436774	0.071036	0.00790057	0.000415663	0.00821247
131	0.0288833	0.00127252	0.00204068	0.00197476	0.499197	0.00179112	0.00179024	0.0339836	0.00149302	0.143175	0.114064	0.00294482	0.000967252	0.0201657	0.00318596	0.0107947	0.00207971	0.0117756	0.0241864	0.0942345
132	0.045569	0.00202759	0.00152174	0.000679659	0.00123609	0.91902	0.000818129	0.00086531	0.000608463	0.0010258	0.000491857	0.00102263	0.000272132	0.00349447	0.00113539	0.0119095	0.00480205	0.00295655	0.000132524	0.000411276
133	0.0922693	0.00595514	0.147886	0.330353	0.00725867	0.0361881	0.0267855	0.00911118	0.0396534	0.0211906	0.00968565	0.0455626	0.0152411	0.059277	0.0475707	0.0393315	0.0420105	0.0126303	0.00197568	0.0100641
134	0.0386896	0.00206307	0.00229192	0.00111491	0.00147753	0.921876	0.0010618	0.000761493	0.00103151	0.00101426	0.000830837	0.00168651	0.000324536	0.00369109	0.0016939	0.0126711	0.00494099	0.00213272	0.000194541	0.000451418
135	0.0290271	0.00122096	0.00203333	0.00193522	0.505054	0.00181332	0.00182643	0.0333516	0.00150221	0.137899	0.113261	0.00290667	0.000916405	0.0205108	0.00328402	0.010864	0.00206345	0.0115572	0.0245762	0.0943976
136	0.143929	0.00487945	0.256921	0.310582	0.00120561	0.0643061	0.00754303	0.00103905	0.0166071	0.00820355	0.00115308	0.0469693	0.00520738	0.0312658	0.0109448	0.0711026	0.0151764	0.00138236	0.000495475	0.00108693
137	0.0115941	0.000467061	0.000787917	0.000872364	0.015545	0.000817222	0.000731035	0.437263	0.000705429	0.3312	0.0538416	0.00093106	0.000331877	0.00197814	0.000802432	0.00195949	0.0205164	0.117919	0.000191505	0.00154641
138	0.017594	0.00327222	0.00122257	0.00395058	0.0383546	0.00288376	0.00113513	0.0782932	0.00107593	0.52353	0.245981	0.0027779	0.00599351	0.00401004	0.0014188	0.00521655	0.00955705	0.0428348	0.00122304	0.00967471
139	0.0815718	0.000408155	0.0555046	0.091448	0.00716839	0.00379592	0.0606446	0.00775389	0.265225	0.0340755	0.00190394	0.0280649	0.000326619	0.0719358	0.189481	0.0359703	0.0329804	0.0206575	0.00018223	0.0109015
140	0.24865	0.000808445	0.109278	0.209906	0.00170314	0.043181	0.0119638	0.00811431	0.124131	0.00860515	0.00100213	0.0251928	0.0349786	0.0648411	0.0382743	0.0341548	0.0196423	0.0134409	0.000551455	0.00158112
141	0.0633845	0.00844758	0.000475835	0.000533539	0.0101292	0.00265346	0.00573597	0.19576	0.00390597	0.0623944	0.0107717	0.000579919	0.00156689	0.000679926	0.00364425	0.00516985	0.0380792	0.580701	0.000122605	0.0052641
142	0.233808	0.055908	0.00252315	0.00364846	0.0289746	0.00947888	0.00259526	0.0586178	0.00298697	0.0757209	0.114115	0.00399192	0.00112926	0.00278619	0.00297612	0.152363	0.181864	0.0512351	0.000773163	0.014505
143	0.0815424	0.000411588	0.0555572	0.0916444	0.0071443	0.00396888	0.0605011	0.00774401	0.2657	0.0338789	0.00188942	0.0280461	0.000332779	0.0717575	0.189415	0.0360771	0.0328047	0.0205289	0.000180621	0.0108749
144	0.0917388	0.0196029	0.00470143	0.00582423	0.00988151	0.0373655	0.00242372	0.103934	0.0034785	0.264852	0.0829478	0.0233618	0.00122795	0.00378073	0.00658347	0.0359721	0.0384903	0.258143	0.00358024	0.00211044
145	0.0371689	0.01462	0.0138545	0.0146523	0.243475	0.00984744	0.0285663	0.017348	0.0107383	0.0481916	0.017605	0.0411089	0.00385354	0.0246741	0.0173065	0.0227017	0.00997987	0.0133154	0.18808	0.222913
146	0.114709	0.00404544	0.00494507	0.00759454	0.0040985	0.0146624	0.00715397	0.00698551	0.00743902	0.00910999	0.00511081	0.130378	0.0028877	0.113117	0.181802	0.244187	0.10399	0.0314735	0.0018058	0.00450509
147	0.0233094	0.000835525	0.0639553	0.0313698	0.0286721	0.025775	0.268464	0.00146745	0.0843098	0.0121563	0.00125827	0.130004	0.000608802	0.0842854	0.127713	0.0410738	0.00777747	0.00214354	0.000383227	0.0644376
148	0.0452338	0.00212812	0.00497385	0.0015403	0.00128954	0.906343	0.00192718	0.00112099	0.00170324	0.00127968	0.000669821	0.00387512	0.000272154	0.004371	0.00130796	0.0120596	0.00454916	0.00390589	0.000837275	0.000612521
149	0.107578	0.00127782	0.0451266	0.00481422	0.00139145	0.0335376	0.00173722	0.00183967	0.00182572	0.00251787	0.00213618	0.033162	0.000689133	0.00335681	0.00268483	0.60267	0.148211	0.00244307	0.000364771	0.00263589
150	0.0613997	0.00916128	0.000937266	0.00149077	0.00951685	0.00400154	0.00618499	0.249187	0.00665674	0.0645716	0.0190403	0.00196168	0.00246813	0.00307466	0.00443139	0.0088362	0.0470736	0.493064	0.000210215	0.00673172
151	0.00546756	0.000892152	0.00132729	0.00156866	0.00163321	0.00157878	0.00129311	0.294472	0.00126794	0.00971668	0.00255953	0.00159721	0.00075161	0.00155967	0.0014625	0.00270627	0.00395732	0.663897	0.000375172	0.00191606
152	0.206547	0.0106858	0.0467143	0.139725	0.00477772	0.0683372	0.0122161	0.00722299	0.0584374	0.00753474	0.00349639	0.03044	0.0697236	0.0974316	0.0510529	0.0851614	0.0753823	0.0151032	0.000729769	0.00928069
153	0.102518	0.00524642	0.0121062	0.00357364	0.00199422	0.227244	0.00206543	0.00242991	0.00210316	0.00385266	0.00409391	0.0143831	0.00119419	0.00384364	0.00233682	0.555701	0.0495137	0.00331382	0.000588426	0.00189751
154	0.112205	0.0131649	0.0216844	0.0207149	0.159273	0.0195564	0.0176625	0.0186908	0.0158981	0.107057	0.0236604	0.0300239	0.00505482	0.0207418	0.0859118	0.0298004	0.0178562	0.0216232	0.203999	0.055422
155	0.0318686	0.00545281	0.00651922	0.0066755	0.0480275	0.00833454	0.00639237	0.101088	0.00594168	0.512141	0.110349	0.00821698	0.00703004	0.00935717	0.00925411	0.0138824	0.0168952	0.0744901	0.00263789	0.0154458
156	0.0295928	0.00387388	0.000801219	0.00344813	0.00791768	0.00287284	0.000784025	0.223734	0.0029551	0.336763	0.0844839	0.00208399	0.000884831	0.0124105	0.00137666	0.0131758	0.0119892	0.258935	0.000424236	0.00149375
157	0.0948955	0.00460989	0.289512	0.333922	0.00239054	0.0940114	0.00725403	0.00203901	0.0138052	0.00798529	0.0023411	0.0338379	0.00407968	0.0329257	0.0130583	0.0455949	0.0107855	0.00357238	0.000679055	0.00270072
158	0.022812	0.00525201	0.00239385	0.00287217	0.0858265	0.00407707	0.00384614	0.072405	0.00246874	0.537927	0.124277	0.00596358	0.0123132	0.00543844	0.00540411	0.00861701	0.0173086	0.041054	0.00330872	0.0364344
159	0.222055	0.0573119	0.00267141	0.00315663	0.0161092	0.0153868	0.00192901	0.0700404	0.00254508	0.107548	0.150986	0.00416999	0.00122007	0.00294475	0.00276084	0.122339	0.157679	0.0491614	0.00107154	0.00891487
160	0.237698	0.00664568	0.0735442	0.153925	0.0117622	0.0406956	0.0197875	0.00551666	0.0517721	0.00734682	0.00230766	0.0730111	0.0413898	0.116282	0.0139901	0.0688064	0.0446889	0.011986	0.00133726	0.0175083
161	0.257907	0.00433402	0.150293	0.179748	0.00267022	0.0633212	0.00916515	0.00388716	0.0259639	0.00886244	0.00673009	0.0345029	0.0104181	0.0386048	0.0159654	0.108168	0.0582614	0.0149385	0.00118611	0.0050725
162	0.0485862	0.000972281	0.0664386	0.00590714	0.00121642	0.0374844	0.00167248	0.00140159	0.00122988	0.00237031	0.00164491	0.044527	0.000652351	0.00192664	0.0014769	0.603848	0.175277	0.001783	0.00030938	0.00127577
163	0.0478454	0.00624239	0.07082	0.0248466	0.045858	0.538371	0.0206449	0.00920122	0.0167931	0.0173463	0.00863252	0.0331993	0.00423635	0.0194166	0.0144328	0.0794208	0.016254	0.0112678	0.00262795	0.0125433
164	0.111811	0.00597981	0.101252	0.281755	0.00684456	0.0230948	0.0264754	0.0100464	0.0339618	0.0225316	0.0153002	0.0306799	0.0176999	0.0686891	0.0456443	0.0495848	0.12401	0.0149958	0.00182534	0.00781865
165	0.303073	0.00847419	0.00150141	0.00197977	0.00798359	0.552367	0.00803827	0.0161533	0.00187377	0.0100095	0.00177489	0.00195755	0.00084368	0.00202161	0.00202587	0.00401858	0.00260841	0.0714847	0.000460619	0.00135097
166	0.0648145	0.00226564	0.0323756	0.0631857	0.00688115	0.00498674	0.0686898	0.00840351	0.196257	0.0686293	0.00452511	0.0551035	0.000889097	0.107186	0.216266	0.0250858	0.042706	0.0224259	0.000710928	0.00861305
167	0.0773694	0.014931	0.0241832	0.0292543	0.103226	0.0231415	0.0318753	0.0305328	0.0202229	0.0620902	0.0229671	0.0352617	0.0103693	0.0268147	0.0387043	0.0363837	0.0228937	0.0251953	0.280799	0.0837847
168	0.220863	0.0605025	0.0030298	0.00395861	0.0155123	0.013666	0.00192383	0.0586738	0.00301341	0.106531	0.142002	0.00436823	0.00125014	0.00378867	0.00347547	0.114263	0.172621	0.0610178	0.000961115	0.00857799
169	0.052088	0.00689205	0.000495139	0.000641427	0.00962538	0.00204314	0.00402971	0.224712	0.00285685	0.0780143	0.0108915	0.000604242	0.00120655	0.000873667	0.00274162	0.00394979	0.0302187	0.563398	0.000133496	0.00458403
170	0.0618665	0.00126177	0.103771	0.23372	0.0266934	0.00265094	0.0179916	0.0392982	0.0886259	0.107437	0.0249714	0.0290408	0.00112442	0.181761	0.0209153	0.0244686	0.00892683	0.0176253	0.000642698	0.0072075
171	0.187515	0.00315134	0.068032	0.307164	0.00444884	0.0156288	0.00929907	0.00460995	0.0105743	0.0102485	0.00886174	0.0143802	0.00623491	0.106265	0.0140305	0.0663665	0.148813	0.00808691	0.0012646	0.0050242
172	0.398379	0.00227934	0.00365218	0.00313787	0.00114376	0.0281051	0.00179118	0.00165395	0.00221632	0.00227795	0.00570954	0.00785018	0.00166694	0.00201451	0.00251734	0.494888	0.0289926	0.00560776	0.000367559	0.00574913
173	0.0323702	0.00385149	0.000604894	0.000786083	0.00621621	0.00253287	0.000638627	0.206426	0.000685863	0.334248	0.0791099	0.00179461	0.000335331	0.00543232	0.000778294	0.0154329	0.00919756	0.297899	0.000410683	0.00124886
174	0.0373827	0.00132407	0.292078	0.41793	0.00195094	0.00528319	0.00333409	0.0021086	0.0286814	0.00343903	0.0023577	0.0785297	0.00107779	0.0249714	0.0752679	0.0145534	0.00370402	0.00308118	0.000597113	0.0023471
175	0.0506598	0.00201462	0.00461767	0.0769928	0.00382417	0.00415999	0.0792617	0.00506837	0.0504337	0.256772	0.0207281	0.0903195	0.00162781	0.192716	0.0410098	0.00821477	0.0635792	0.041063	0.00115186	0.00578463
176	0.156668	0.00201007	0.149934	0.245927	0.00238542	0.121072	0.0119504	0.00242033	0.053302	0.00753203	0.00141164	0.0515514	0.0095639	0.056652	0.0247892	0.0744707	0.0215943	0.00393438	0.000794153	0.00203636
177	0.082114	0.011115	0.00038175	0.000499087	0.0113926	0.00382313	0.00831698	0.161771	0.00542303	0.0465063	0.0117367	0.000684838	0.00205353	0.000533765	0.00512935	0.00737558	0.0500419	0.584304	0.000118681	0.00667897
178	0.241797	0.00294346	0.00508439	0.0277243	0.00352481	0.00862714	0.00676205	0.00509723	0.00467991	0.00802718	0.00465611	0.00747681	0.402719	0.00608984	0.0053483	0.236391	0.0098653	0.00772482	0.00137498	0.00408651
179	0.359882	0.0188081	0.0021181	0.0025551	0.00184339	0.00344277	0.00235388	0.0496144	0.00623845	0.085676	0.0547706	0.00359876	0.0011652	0.00278874	0.0067342	0.0196492	0.134031	0.242043	0.000595448	0.00209156
180	0.0377744	0.00270056	0.234916	0.11104	0.00245884	0.00721146	0.0571471	0.00445273	0.00566014	0.00661265	0.00478429	0.0736902	0.293919	0.00345224	0.00995557	0.0368007	0.0830704	0.00469028	0.000564581	0.0190991
181	0.0926553	0.0123833	0.000486867	0.000551652	0.0124497	0.00477917	0.0097556	0.152921	0.00647551	0.0440608	0.0110916	0.000847194	0.00195911	0.000545164	0.00588322	0.00942315	0.0552455	0.570778	0.000105818	0.00760226
182	0.0117622	0.000622766	0.000843525	0.000909047	0.0160824	0.000906087	0.000837463	0.438462	0.000982125	0.335442	0.0561573	0.00101803	0.00043296	0.00201228	0.000841676	0.00185027	0.0224567	0.10672	0.000210254	0.00145056
183	0.463116	0.00226469	0.00554292	0.0038038	0.00149131	0.0225576	0.0018483	0.00201768	0.00415023	0.00267455	0.00291556	0.00502931	0.00111976	0.00265961	0.00445958	0.326987	0.119283	0.00994727	0.00048218	0.0176499
184	0.188577	0.00274077	0.0440546	0.031472	0.00391319	0.0624948	0.00423857	0.0046022	0.00343866	0.0895665	0.0886054	0.0411763	0.00195391	0.126069	0.00603231	0.140809	0.130104	0.0252567	0.00101831	0.00387608
185	0.388063	0.00107402	0.00121871	0.0020783	0.0011753	0.0198812	0.00131413	0.00145113	0.00126358	0.00201112	0.00669938	0.00830545	0.00171656	0.00174944	0.0016353	0.539188	0.0149866	0.00171107	0.000409682	0.00406796
186	0.0352579	0.00560695	0.00114416	0.00174181	0.0402199	0.00489382	0.00214404	0.155448	0.00188982	0.455164	0.074664	0.00299718	0.00614194	0.00300722	0.00224698	0.00685306	0.0243159	0.164395	0.00123768	0.0106313
187	0.0308535	0.0012468	0.00240564	0.00191414	0.502522	0.00180128	0.00187858	0.0314474	0.00149694	0.132537	0.114215	0.00368243	0.00104547	0.0216349	0.00343089	0.0113142	0.00208315	0.0110509	0.0246808	0.0987586
188	0.203588	0.00304352	0.026227	0.217219	0.00363864	0.0519072	0.00395672	0.0046021	0.0039918	0.00823851	0.0601828	0.0249117	0.00267264	0.0103396	0.063616	0.125925	0.157493	0.0233683	0.00107965	0.00399861
