255	20
1	0.0287619	0.00992956	0.000392994	0.000622437	0.00881092	0.000702121	0.000497163	0.205399	0.000581897	0.0613616	0.00622466	0.000627212	0.000610059	0.00085007	0.000764306	0.00185835	0.00378838	0.66691	0.000170105	0.00113758
2	0.0310779	0.00679217	0.154917	0.295282	0.000784804	0.0335621	0.0454775	0.0117804	0.0194108	0.0184955	0.00895126	0.0508552	0.00149116	0.0449192	0.046798	0.0880504	0.104373	0.0263824	0.00354559	0.00705416
3	0.033039	0.00934294	0.000318229	0.000740876	0.00773441	0.000697981	0.000488781	0.216681	0.000570771	0.0660879	0.00722907	0.000616397	0.000544136	0.000878013	0.000703439	0.00228596	0.00508528	0.646125	0.000171411	0.000659583
4	0.0183918	0.00130459	0.102023	0.603423	0.00126641	0.00393735	0.00183947	0.00287742	0.0140375	0.00562224	0.00154294	0.00644971	0.00126943	0.169709	0.00906941	0.0123415	0.0381938	0.00437633	0.000427758	0.00189701
5	0.309232	0.00164477	0.00111358	0.00161602	0.00189863	0.00923945	0.00139082	0.196496	0.00152145	0.0137306	0.00912949	0.00184451	0.000931535	0.00236182	0.002164	0.13719	0.114395	0.192384	0.000568184	0.00114823
6	0.0589011	0.000865783	0.372367	0.0717673	0.00912558	0.0769729	0.032901	0.00579125	0.00466628	0.0061205	0.00115804	0.124533	0.000608619	0.0220194	0.00933097	0.126441	0.0618808	0.00953	0.00420097	0.000819412
7	0.0511769	0.0171807	0.000380919	0.00314831	0.0269362	0.00306598	0.00059675	0.391067	0.000579028	0.180603	0.0296966	0.00417618	0.000348124	0.000829802	0.000667442	0.0294908	0.045415	0.213544	0.000204403	0.00089259
8	0.0052808	0.00243542	0.000436548	0.00114789	0.0425284	0.000689551	0.000574901	0.561929	0.000484893	0.141559	0.0965292	0.000888368	0.000304018	0.00127616	0.000621566	0.00276067	0.0066853	0.130807	0.000196286	0.0028654
9	0.0756559	0.0109683	0.000542568	0.00084563	0.00489997	0.00101442	0.0008748	0.125428	0.00392309	0.0468803	0.0013106	0.0046769	0.00558148	0.00475208	0.00123359	0.0527259	0.140382	0.517383	0.000269838	0.000651089
10	0.0345236	0.00165539	0.0168209	0.00207461	0.00181624	0.875075	0.00216127	0.0027155	0.00257221	0.00379511	0.00198748	0.00735613	0.00153222	0.0107358	0.00391275	0.020601	0.0062599	0.00298026	0.000486042	0.000938642
11	0.0177116	0.00195488	0.00115539	0.00188997	0.0714364	0.00233489	0.00210068	0.0325697	0.00179952	0.425566	0.371991	0.0175113	0.00187578	0.0026816	0.00271562	0.0101647	0.00641312	0.0106841	0.000785926	0.0166584
12	0.222569	0.00127193	0.00106818	0.00141043	0.00360276	0.0529995	0.00124792	0.00222803	0.00157528	0.0158074	0.00176322	0.00165295	0.650724	0.00669447	0.0156355	0.00405398	0.00274385	0.0113159	0.000474332	0.00116066
13	0.0581327	0.00080013	0.378506	0.0735893	0.00864496	0.0794863	0.0302104	0.00499991	0.00450569	0.00605364	0.00100506	0.124257	0.000473942	0.0201287	0.00866963	0.123936	0.0626022	0.00901281	0.00430941	0.000676329
14	0.14757	0.00166627	0.00129007	0.00189699	0.00230154	0.0561457	0.00195628	0.0370647	0.0387039	0.0217888	0.0100593	0.0693266	0.0281081	0.0867512	0.00264033	0.165672	0.278086	0.0380656	0.000701853	0.0102048
15	0.38716	0.0203093	0.0109543	0.0821294	0.00269261	0.0293032	0.00444648	0.025059	0.00288023	0.0178681	0.00282731	0.0104117	0.00252405	0.00963002	0.0243807	0.258513	0.0506088	0.0557284	0.000751131	0.00182175
16	0.0403327	0.000910899	0.000362283	0.00246197	0.00164513	0.000754003	0.000627054	0.531195	0.000688418	0.0467262	0.0188602	0.000731339	0.000528503	0.00273807	0.000685694	0.00187977	0.011568	0.335615	0.000182736	0.00150729
17	0.0363194	0.00288356	0.0116432	0.0293847	0.00884027	0.0170133	0.0203907	0.0241043	0.221773	0.0423737	0.0100259	0.0308017	0.00224776	0.0892756	0.35219	0.0506372	0.0244826	0.0181212	0.00352464	0.00396721
18	0.0240976	0.00155801	0.0966398	0.58124	0.00141402	0.00540893	0.00392581	0.00347134	0.0185153	0.00963644	0.00174698	0.0091161	0.00222123	0.157989	0.0124268	0.0178184	0.0416594	0.00734482	0.000740136	0.00302985
19	0.690648	0.0219281	0.000453159	0.00063343	0.000773339	0.0213834	0.000611661	0.00169423	0.000732884	0.00390125	0.000755516	0.000719842	0.000440521	0.00106866	0.00115739	0.226299	0.0223368	0.00353591	0.000272817	0.000654281
20	0.0247153	0.0021008	0.00755393	0.0285392	0.0139161	0.0205	0.0226895	0.0292723	0.225592	0.0448317	0.00903986	0.0174264	0.00545344	0.0661568	0.396419	0.0308181	0.0232022	0.0217256	0.0045119	0.00553608
21	0.0257664	0.00444142	0.230407	0.295666	0.00169877	0.0245554	0.0503813	0.0135392	0.0249205	0.0199593	0.0115797	0.0270608	0.00161883	0.0636442	0.0365204	0.0676358	0.0514509	0.0271721	0.00202633	0.0199555
22	0.0296274	0.00252859	0.00639651	0.0182213	0.00731059	0.0271983	0.0149626	0.0139746	0.284542	0.0229009	0.00505022	0.0197886	0.0186399	0.035359	0.42195	0.0315614	0.0173357	0.0149843	0.0021648	0.0055034
23	0.0395458	0.00058518	0.000367414	0.00253287	0.00151905	0.000729879	0.000657098	0.543247	0.000682956	0.0470916	0.0193662	0.000779305	0.000523334	0.00287146	0.000691307	0.00171287	0.0112502	0.323969	0.000183761	0.00169391
24	0.033935	0.00449776	0.00653313	0.0285692	0.0320437	0.0112724	0.0307968	0.039348	0.188003	0.0584917	0.00946123	0.0108958	0.00436163	0.0554184	0.396347	0.0282176	0.0176907	0.0263668	0.00906553	0.00868477
25	0.377115	0.0227273	0.0092525	0.00753297	0.00315138	0.024999	0.0204312	0.0229358	0.00168119	0.00919608	0.00891725	0.0195142	0.0114095	0.0053653	0.0148084	0.29418	0.0909223	0.0509143	0.000274143	0.00467242
26	0.0562843	0.00419946	0.0423138	0.00479495	0.00420094	0.0343062	0.0118249	0.00730243	0.00466694	0.0317734	0.00543808	0.577053	0.00299367	0.00737635	0.00608556	0.174671	0.011064	0.00900915	0.00160601	0.00303578
27	0.00574005	0.00507097	0.000366975	0.000512168	0.0234513	0.000701316	0.000506128	0.0232253	0.000507059	0.746479	0.149201	0.00106902	0.0111676	0.00303673	0.000645788	0.00618266	0.00223287	0.0188005	0.000200169	0.000904136
28	0.20355	0.00588307	0.00217877	0.00341892	0.0301424	0.00989293	0.00361838	0.0222569	0.00296366	0.0486237	0.00394731	0.00843267	0.00880305	0.0191962	0.0226419	0.447093	0.140385	0.0115772	0.00274922	0.00264652
29	0.181719	0.00294433	0.00897488	0.00924834	0.00522237	0.0425913	0.00530968	0.00790014	0.0118981	0.0159256	0.00318572	0.00665136	0.607891	0.012023	0.0220264	0.0239345	0.0104643	0.0182103	0.000821892	0.00305717
30	0.391187	0.0154037	0.00153934	0.0089218	0.00174908	0.265299	0.0021821	0.00297829	0.00295202	0.0159399	0.00261052	0.0089117	0.00286149	0.00901168	0.00868044	0.248345	0.00539707	0.00380427	0.000515338	0.00171017
31	0.0584379	0.00089373	0.375848	0.0736956	0.0085229	0.0803255	0.0303481	0.0049583	0.00448525	0.00600882	0.0010066	0.124555	0.000483742	0.0198735	0.00852316	0.123791	0.0639728	0.00916197	0.00442276	0.00068516
32	0.0260834	0.0111362	0.00976564	0.00539609	0.0302756	0.0030747	0.0152985	0.174654	0.0116717	0.449803	0.0521741	0.000592629	0.00576618	0.0153703	0.0288572	0.00906866	0.0177153	0.115064	0.00311142	0.0151203
33	0.0382157	0.00181355	0.00167818	0.0114563	0.00234894	0.0173685	0.0037912	0.00416144	0.291177	0.0121685	0.00222312	0.00498243	0.127033	0.00523652	0.419856	0.0256438	0.00689534	0.0201459	0.000814609	0.0029902
34	0.0422463	0.0104792	0.00666886	0.0192088	0.0154288	0.0133881	0.0175763	0.0388462	0.243317	0.0802674	0.0137763	0.0172647	0.0141667	0.0602985	0.307789	0.0338066	0.0190755	0.0312793	0.00658613	0.00853081
35	0.0317225	0.00727534	0.14728	0.294164	0.000826724	0.0352803	0.0447202	0.0131155	0.0210805	0.0176977	0.00897201	0.053612	0.0015449	0.045166	0.0471758	0.0909527	0.101574	0.0270765	0.00316897	0.0075934
36	0.117353	0.008014	0.0100116	0.00335336	0.00898388	0.349754	0.0107596	0.00542685	0.00870299	0.00947567	0.00831838	0.00506357	0.00715035	0.00599283	0.00772584	0.298199	0.11984	0.0101884	0.000512077	0.00517426
37	0.204428	0.0124784	0.00135959	0.00176121	0.00430641	0.0324459	0.00207202	0.00522692	0.00185262	0.00687262	0.00215526	0.00338271	0.0554863	0.0122656	0.0129031	0.42138	0.212467	0.00518063	0.000553474	0.00142228
38	0.128991	0.0112125	0.0014052	0.0103065	0.0296388	0.194005	0.107816	0.0209192	0.00176429	0.0967679	0.0294597	0.00213551	0.00115432	0.0592691	0.0319836	0.182208	0.0130745	0.0227937	0.0193401	0.0357559
39	0.00653228	0.0134767	0.000652642	0.00109943	0.477696	0.00122285	0.00945686	0.0318534	0.000989007	0.142758	0.0271621	0.00104987	0.000567538	0.00131858	0.00129537	0.00245471	0.00187415	0.0179502	0.00483542	0.255755
40	0.0261977	0.00211117	0.178186	0.475351	0.00213717	0.0106488	0.0137715	0.00547101	0.0192246	0.0123698	0.0039771	0.0161976	0.00267851	0.126121	0.0163537	0.0322133	0.0396951	0.0102776	0.000950321	0.00606726
41	0.0671545	0.0147075	0.000395463	0.00228343	0.125437	0.00157799	0.0040123	0.168304	0.00236806	0.362836	0.0703294	0.000723324	0.000745915	0.0014692	0.000904957	0.00427279	0.00640922	0.157113	0.00128072	0.0076749
42	0.304564	0.0127341	0.00444879	0.00626426	0.0067749	0.0661776	0.00266016	0.0144724	0.00195825	0.0281311	0.00220388	0.0197202	0.280932	0.0032573	0.00295504	0.182055	0.0470235	0.0115419	0.000646366	0.00147856
43	0.00216022	0.00137332	0.000499635	0.000925405	0.0459292	0.000823795	0.000629154	0.608411	0.000537592	0.118338	0.10635	0.000776182	0.000354202	0.00147153	0.000808815	0.00189946	0.00373204	0.102268	0.000231401	0.00248032
44	0.334355	0.0317816	0.00188415	0.0026979	0.0327005	0.0171493	0.00406277	0.0479824	0.00309519	0.074574	0.0199286	0.00964124	0.00284987	0.00536365	0.0053296	0.161788	0.118357	0.122397	0.000826418	0.00323588
45	0.0542463	0.0143029	0.000382962	0.00174048	0.00840231	0.00118173	0.000473851	0.309399	0.000548694	0.22	0.0395815	0.00105135	0.000329846	0.000736581	0.000567648	0.0108984	0.0353919	0.300251	0.000156794	0.000357013
46	0.412946	0.0183624	0.001005	0.00733296	0.00165981	0.224765	0.00162175	0.00278204	0.00232106	0.0181468	0.00201774	0.00694192	0.00261829	0.00750305	0.00737254	0.271837	0.0056883	0.00324886	0.000450889	0.0013792
47	0.0249497	0.00739448	0.0003823	0.000928485	0.0104003	0.000639388	0.000528392	0.322586	0.00050027	0.279672	0.0399052	0.00100578	0.0003165	0.000687605	0.000672363	0.00461955	0.0211716	0.282656	0.0001768	0.000808151
48	0.0294379	0.0046401	0.00147895	0.00113532	0.0431539	0.00244934	0.000991391	0.0499699	0.00129891	0.560211	0.241756	0.0045563	0.00596641	0.00253642	0.00202566	0.0171297	0.00386755	0.020818	0.000577477	0.00599991
49	0.255877	0.0392275	0.0336364	0.0309724	0.00121389	0.0599997	0.0131978	0.0442775	0.0332527	0.117002	0.0532235	0.00563646	0.000661259	0.0507951	0.0132486	0.126955	0.0479181	0.0597431	0.0124862	0.000676409
50	0.39715	0.0263951	0.00883917	0.0747948	0.00265518	0.0332332	0.00530984	0.0258259	0.00376576	0.019051	0.00363476	0.0128413	0.00272728	0.0123491	0.0272121	0.236117	0.0543388	0.0513286	0.000863626	0.00156778
51	0.107882	0.0217483	0.000521464	0.0048421	0.19769	0.00243705	0.00917607	0.159663	0.00495931	0.193225	0.0640791	0.00121734	0.000711523	0.00125984	0.00120541	0.00241772	0.00490037	0.212926	0.000277538	0.00886151
52	0.0312933	0.0084799	0.000265908	0.000214655	0.0548266	0.000613575	0.000288957	0.215695	0.00026445	0.47568	0.0765187	0.000291767	0.000140776	0.00159701	0.000420278	0.00630181	0.00713608	0.109803	0.00235316	0.00781565
53	0.0860366	0.00403868	0.0145225	0.00225037	0.00241501	0.774775	0.00309052	0.0027006	0.00279991	0.00572053	0.00348386	0.00673017	0.00243814	0.00844841	0.00306127	0.0593754	0.0110556	0.00523705	0.000468972	0.00135181
54	0.0817031	0.00335122	0.0708294	0.384317	0.00717236	0.0334518	0.0162407	0.00961114	0.0410387	0.0268258	0.00697796	0.0228863	0.0113239	0.129524	0.0298139	0.0537382	0.0424598	0.0184959	0.00133293	0.0089051
55	0.0261022	0.00703096	0.000755541	0.000669748	0.0298356	0.000731317	0.00108744	0.255501	0.000921641	0.391089	0.0571166	0.000529418	0.000652319	0.00183251	0.00180211	0.00491495	0.012498	0.20121	0.00119443	0.00452629
56	0.376557	0.0136727	0.00151963	0.0108973	0.00214308	0.282642	0.00226295	0.00288404	0.00270506	0.0150756	0.00275698	0.0107235	0.00158691	0.010871	0.010704	0.242782	0.00435042	0.00369673	0.000562626	0.00160732
57	0.0334435	0.0113387	0.00265668	0.00315579	0.0533686	0.0030948	0.00407767	0.233238	0.003779	0.403433	0.0653922	0.00222347	0.00189376	0.00647734	0.00729892	0.0134243	0.0227054	0.118262	0.00230311	0.00843488
58	0.0581327	0.00080013	0.378506	0.0735893	0.00864496	0.0794863	0.0302104	0.00499991	0.00450569	0.00605364	0.00100506	0.124257	0.000473942	0.0201287	0.00866963	0.123936	0.0626022	0.00901281	0.00430941	0.000676329
59	0.0320067	0.000850989	0.0167223	0.000904383	0.00106681	0.899619	0.000943097	0.00139183	0.000990145	0.00200698	0.00126486	0.00607044	0.000486871	0.0080397	0.00124125	0.0186022	0.00501032	0.00191779	0.000280834	0.000583589
60	0.102378	0.00235113	0.0248082	0.126085	0.00361641	0.0252034	0.0025512	0.0163108	0.127128	0.0137477	0.00908306	0.034187	0.00178013	0.0605705	0.141523	0.226211	0.0741636	0.00469547	0.000529678	0.00307635
61	0.0218782	0.00556844	0.000468676	0.000644155	0.00480516	0.000748589	0.000634742	0.27415	0.000650339	0.30573	0.0346619	0.000756001	0.000387323	0.000825548	0.00083318	0.0037618	0.0204358	0.322367	0.000207106	0.000485879
62	0.0403354	0.0178135	0.00311513	0.0128962	0.0148163	0.00693877	0.0151528	0.0514472	0.250591	0.087312	0.0115222	0.0187849	0.00439189	0.0712111	0.28804	0.029134	0.018082	0.044344	0.00612513	0.00794647
63	0.0845934	0.002172	0.00194627	0.0787941	0.0135153	0.163666	0.0361967	0.00405124	0.0432807	0.0157614	0.00302597	0.00285033	0.252071	0.0151597	0.0795192	0.151038	0.0347132	0.00476315	0.000704449	0.0121783
64	0.0533923	0.00174969	0.0734438	0.0338232	0.00496986	0.0378249	0.0195856	0.00939281	0.131065	0.0104102	0.00103635	0.0856313	0.112564	0.0319458	0.212517	0.141524	0.0360734	0.00204966	0.000264363	0.000736765
65	0.110381	0.00493262	0.0326019	0.011653	0.00229327	0.62379	0.00926856	0.0071518	0.00929591	0.00733863	0.00403719	0.0288354	0.00320641	0.0250409	0.0106344	0.0758822	0.0236059	0.00748715	0.000903705	0.00165977
66	0.139488	0.0143885	0.000605378	0.00475562	0.006838	0.00410446	0.000769531	0.263177	0.000909779	0.108376	0.0304388	0.00144643	0.000789797	0.00361339	0.00102616	0.0231612	0.0667884	0.328568	0.000245019	0.000510053
67	0.026106	0.0111171	0.00977117	0.00538213	0.0303496	0.00304747	0.0153307	0.174529	0.0116246	0.450128	0.0520887	0.000592791	0.00574973	0.0153477	0.0288217	0.00911581	0.0177289	0.114885	0.00310835	0.0151752
68	0.231334	0.00642405	0.0137641	0.02049	0.00348221	0.0172219	0.00171748	0.010811	0.0016401	0.0362937	0.00161417	0.0347267	0.317059	0.00237042	0.00198894	0.240719	0.0389601	0.0178328	0.000511496	0.00103915
69	0.112207	0.0179497	0.0109834	0.00223938	0.028855	0.0184362	0.00194144	0.252861	0.00216793	0.176088	0.178146	0.00233194	0.0012249	0.00289833	0.00271333	0.0887145	0.00464195	0.0711884	0.000813724	0.0235978
70	0.244813	0.00682725	0.00118452	0.00409748	0.010978	0.0107865	0.00164638	0.181272	0.00181151	0.121364	0.0357782	0.00201512	0.00104941	0.0106026	0.0021348	0.0335178	0.0806489	0.247766	0.000550343	0.00115583
71	0.109289	0.0216397	0.00053507	0.00496373	0.192226	0.00232077	0.00898014	0.159814	0.00511977	0.194399	0.0642353	0.0011385	0.000750775	0.00126978	0.00118403	0.00247892	0.00455056	0.215912	0.000286718	0.00890483
72	0.0066745	0.00100228	0.000491564	0.00106875	0.0272057	0.000721072	0.00154268	0.55433	0.000558022	0.127379	0.0323917	0.00180151	0.000382539	0.00182491	0.000731468	0.0022959	0.00525816	0.220792	0.000185298	0.013363
73	0.0290412	0.00992004	0.000375089	0.000626669	0.00871708	0.000696164	0.000503632	0.205378	0.000587139	0.0619957	0.00625972	0.000628831	0.000591482	0.000833273	0.000720323	0.00182847	0.00384114	0.666161	0.00016789	0.00112703
74	0.272604	0.0198024	0.00501499	0.00690631	0.00600132	0.0767603	0.0053651	0.0117528	0.00373606	0.0238322	0.00289918	0.0195517	0.259527	0.00529548	0.00609599	0.211184	0.0479578	0.0130942	0.000572845	0.0020465
75	0.198413	0.00898776	0.0138603	0.0897165	0.0278351	0.0176322	0.0132473	0.0258864	0.113974	0.079183	0.00932113	0.0130015	0.0127496	0.0634995	0.124878	0.0577945	0.054083	0.0441402	0.0120226	0.0197748
76	0.136384	0.00080672	0.0610534	0.174141	0.0316568	0.0421724	0.0660957	0.00142903	0.0563835	0.041351	0.0129136	0.0347823	0.0695507	0.0686826	0.0576536	0.0760166	0.0270905	0.0153542	0.00028485	0.0261973
77	0.0786608	0.00179428	0.0448261	0.337978	0.0145756	0.0243322	0.0373985	0.00835089	0.0539906	0.0596644	0.00842964	0.0181349	0.0394584	0.0718191	0.0453022	0.0549114	0.0444068	0.0310051	0.0011371	0.0238238
78	0.419386	0.0922689	0.0013114	0.00164374	0.019847	0.163569	0.00183374	0.0166476	0.00189478	0.0534403	0.0476371	0.00201538	0.00133219	0.00235608	0.00220347	0.0317362	0.018942	0.113584	0.000537045	0.00781438
79	0.186982	0.0102001	0.00450535	0.0738451	0.0182235	0.0326342	0.0103581	0.0138838	0.0415669	0.0369567	0.0107755	0.0218522	0.00909169	0.0496632	0.118016	0.304438	0.0330756	0.0215074	0.000762003	0.00166256
80	0.0261236	0.0111242	0.00976163	0.00539856	0.0303814	0.00307778	0.0153225	0.174589	0.0116984	0.449676	0.0522165	0.000593227	0.00577813	0.0153633	0.0288415	0.00908561	0.0177021	0.11506	0.00311308	0.0150938
81	0.0626891	0.0203597	0.000396685	0.00324837	0.0187403	0.00267063	0.000500809	0.355665	0.000545524	0.149104	0.0229593	0.00336439	0.000530664	0.000848076	0.000661411	0.0295969	0.054765	0.2728	0.000178925	0.000376177
82	0.00764031	0.00189517	0.000491618	0.00100902	0.0252845	0.000770404	0.00141159	0.522035	0.000579595	0.104962	0.0302911	0.00148233	0.000407981	0.00179375	0.000723181	0.00173033	0.00434411	0.280185	0.000178223	0.0127845
83	0.0686482	0.0231128	0.00137261	0.00515162	0.011824	0.00231934	0.0175392	0.0705603	0.233946	0.116051	0.0160602	0.0141132	0.00858608	0.0648181	0.225235	0.0373848	0.0141084	0.0495954	0.00424143	0.015333
84	0.0396924	0.000820299	0.165283	0.0311547	0.00400649	0.573348	0.012212	0.00295185	0.00268493	0.00365012	0.0010138	0.0543174	0.000576677	0.0115243	0.00492165	0.0583682	0.0265012	0.0044721	0.00178776	0.000713672
85	0.0215798	0.00571274	0.00515995	0.0211075	0.00803939	0.00919434	0.289644	0.0105339	0.00781604	0.0751646	0.0355713	0.118979	0.00473216	0.258818	0.00929888	0.0800248	0.0169785	0.0118628	0.00243441	0.00734835
86	0.136384	0.00080672	0.0610534	0.174141	0.0316568	0.0421724	0.0660957	0.00142903	0.0563835	0.041351	0.0129136	0.0347823	0.0695507	0.0686826	0.0576536	0.0760166	0.0270905	0.0153542	0.00028485	0.0261973
87	0.0426987	0.0185225	0.00264142	0.0109032	0.0200699	0.00469336	0.0154993	0.0554337	0.256195	0.0918077	0.0104652	0.0139612	0.00481679	0.0553088	0.290318	0.0260481	0.0142803	0.0481495	0.00935639	0.00883168
88	0.0328435	0.00445766	0.00981455	0.0340815	0.037005	0.0108625	0.0364693	0.0374675	0.164381	0.0653866	0.00754907	0.00875122	0.00722491	0.0539411	0.390552	0.0236563	0.0159993	0.0202594	0.0215206	0.017776
89	0.43839	0.0842277	0.00155444	0.00196356	0.0156548	0.171458	0.00169607	0.0141148	0.00192797	0.0473078	0.0395359	0.00190969	0.00126605	0.00264815	0.00253875	0.0300602	0.0188825	0.113866	0.00059765	0.0103998
90	0.0368516	0.00908352	0.000457779	0.000253785	0.0537867	0.000752572	0.00033694	0.212672	0.00039396	0.463334	0.080475	0.000328348	0.000193802	0.00161369	0.000469961	0.00787949	0.00710901	0.113569	0.00225958	0.0081789
91	0.0536775	0.0255861	0.0121781	0.125826	0.0130522	0.00774754	0.00316952	0.114049	0.0253727	0.161303	0.0633282	0.0306047	0.00167329	0.0763359	0.0249236	0.0345417	0.0804733	0.126763	0.00593794	0.0134563
92	0.0400255	0.000562832	0.000375062	0.00255093	0.00144746	0.000729554	0.000635746	0.542156	0.000690319	0.0458142	0.0193832	0.000754543	0.000525863	0.00290072	0.000695053	0.00168128	0.0113206	0.326043	0.000183106	0.00152521
93	0.762118	0.0280735	0.000500385	0.000745188	0.000630338	0.0125852	0.000456601	0.00208378	0.000633206	0.0023529	0.000979997	0.00114435	0.000495983	0.000883612	0.000782009	0.154752	0.0253579	0.00462945	0.000207342	0.00058818
94	0.121298	0.0174823	0.00122294	0.00204976	0.00608763	0.00355667	0.00173867	0.116389	0.00375531	0.0421112	0.00486371	0.00433431	0.00465919	0.00569853	0.00301805	0.044585	0.0910488	0.523836	0.000654687	0.00161048
95	0.511602	0.0292201	0.00253221	0.00666642	0.00557197	0.0171208	0.00567625	0.0177025	0.00103795	0.0175224	0.00894604	0.00648467	0.0031424	0.00238113	0.00666978	0.238851	0.0765666	0.0399316	0.000360036	0.00201449
96	0.0324776	0.000896029	0.0166341	0.000851118	0.000937767	0.899062	0.00088904	0.00138659	0.000861367	0.00208832	0.00123022	0.00603976	0.000480924	0.00795553	0.001208	0.0191918	0.00511165	0.0018434	0.000290793	0.000563851
97	0.0860723	0.00196544	0.0110493	0.0114394	0.0851346	0.431086	0.0316963	0.00348392	0.0388566	0.0142195	0.072317	0.0535793	0.00133901	0.00300188	0.0672381	0.050848	0.00424246	0.0039298	0.0098801	0.0186211
98	0.0542686	0.0109533	0.0111175	0.0219526	0.0224004	0.0188661	0.311948	0.0321579	0.0186022	0.136026	0.0235962	0.0724045	0.0102274	0.0507176	0.0356173	0.0628395	0.0339815	0.0357486	0.00575096	0.0308243
99	0.0320841	0.00350035	0.00421373	0.00391529	0.0041	0.0270902	0.314221	0.0065326	0.00412996	0.0236667	0.00602214	0.420796	0.0202013	0.00734597	0.00573512	0.0770042	0.0280002	0.00695463	0.00151372	0.00297257
100	0.0308971	0.00862546	0.000267948	0.000220338	0.050556	0.000597953	0.000298863	0.220756	0.000285839	0.466082	0.0752104	0.000296243	0.000150016	0.00148207	0.000430903	0.00589902	0.00787034	0.120822	0.00211603	0.00713608
101	0.0312933	0.0084799	0.000265908	0.000214655	0.0548266	0.000613575	0.000288957	0.215695	0.00026445	0.47568	0.0765187	0.000291767	0.000140776	0.00159701	0.000420278	0.00630181	0.00713608	0.109803	0.00235316	0.00781565
102	0.0179565	0.00158063	0.00103118	0.00131465	0.0794745	0.00176693	0.00137191	0.0312965	0.00131547	0.415985	0.394569	0.0111861	0.00130502	0.00201129	0.00172687	0.00915694	0.00557703	0.0106132	0.000469233	0.0102924
103	0.0467632	0.0130543	0.00301703	0.0285976	0.0312509	0.00296494	0.0103193	0.290789	0.0231664	0.0717498	0.0337652	0.0132816	0.00121375	0.0256916	0.0140171	0.100693	0.0659844	0.177553	0.00121186	0.0449155
104	0.0315577	0.000974248	0.0168179	0.000934281	0.00141396	0.896067	0.00156791	0.00145039	0.00101623	0.00221835	0.00133605	0.00712245	0.000628653	0.00822057	0.00165407	0.0185937	0.00511924	0.00193318	0.000578293	0.000795545
105	0.230472	0.00625498	0.0145199	0.0211491	0.00343792	0.0166427	0.00191362	0.0113043	0.00169808	0.0362583	0.00160965	0.0341178	0.318662	0.00243956	0.00206494	0.23916	0.0381489	0.018579	0.000506123	0.00106072
106	0.22361	0.00355961	0.00392651	0.00622883	0.00554828	0.0431856	0.00421492	0.0054258	0.00451718	0.0173771	0.00329094	0.00587933	0.582581	0.0180425	0.0175165	0.0251454	0.0108729	0.014893	0.000980934	0.00320358
107	0.030816	0.000813026	0.0182654	0.00104196	0.00111273	0.899248	0.00103074	0.00152292	0.000934313	0.00207634	0.00119682	0.00635979	0.000485413	0.00797113	0.00117169	0.0179354	0.00531812	0.00179073	0.000288754	0.000620833
108	0.138947	0.0782402	0.00139819	0.0093018	0.00227651	0.0284737	0.0026879	0.0325833	0.00180684	0.00569591	0.0190452	0.00331204	0.00153383	0.00257058	0.00290598	0.443458	0.177717	0.0457114	0.000573084	0.00176094
109	0.0309577	0.00103941	0.0168264	0.000811797	0.00110117	0.89407	0.00126026	0.0015232	0.00108847	0.00261247	0.00121648	0.00619558	0.000734178	0.00790385	0.00196281	0.0203626	0.00687481	0.00195277	0.000355442	0.0011506
110	0.112901	0.0117607	0.0179425	0.0354902	0.012281	0.02608	0.0195444	0.0276742	0.264954	0.0391611	0.0130231	0.0292796	0.0247734	0.0440934	0.182404	0.057841	0.031851	0.0321525	0.0045856	0.0122077
111	0.00284628	0.00126409	0.00062085	0.000664459	0.000921291	0.00502404	0.000734757	0.0012697	0.00490136	0.00197138	0.00100327	0.00104797	0.00875861	0.00115855	0.0011948	0.772211	0.187497	0.00582749	0.000375234	0.00070779
112	0.0117693	0.00324491	0.000656472	0.000891841	0.0495036	0.00114871	0.000973142	0.0249728	0.000957558	0.578466	0.277046	0.00579162	0.0060271	0.00238973	0.00117581	0.00962643	0.00597391	0.0136338	0.000355219	0.0053955
113	0.0806867	0.0159069	0.00663194	0.00184354	0.0313122	0.0145314	0.00119809	0.288039	0.00154266	0.254174	0.139086	0.00191186	0.000882299	0.00211692	0.00185684	0.0638981	0.00702093	0.0727036	0.00100547	0.0136523
114	0.320454	0.0386454	0.00197086	0.00202232	0.00402289	0.00394269	0.00190856	0.102926	0.0228542	0.0621223	0.0575088	0.00266365	0.00118665	0.0288015	0.0150344	0.266365	0.011367	0.0456729	0.000812222	0.00971894
115	0.0717338	0.00378477	0.0309729	0.0669819	0.0014444	0.0140338	0.00716809	0.00693295	0.211011	0.011657	0.00465143	0.0578861	0.000623694	0.0850647	0.247759	0.13807	0.0280308	0.00548972	0.000418333	0.00628624
116	0.290953	0.105576	0.00570529	0.00854821	0.00811777	0.00949429	0.0424585	0.0475695	0.00936009	0.0526888	0.00960006	0.00923831	0.00439965	0.0106247	0.177566	0.0635073	0.0856546	0.017136	0.00341174	0.0383907
117	0.0312933	0.0084799	0.000265908	0.000214655	0.0548266	0.000613575	0.000288957	0.215695	0.00026445	0.47568	0.0765187	0.000291767	0.000140776	0.00159701	0.000420278	0.00630181	0.00713608	0.109803	0.00235316	0.00781565
118	0.215841	0.00915106	0.00839213	0.00905719	0.00460551	0.0441098	0.0354481	0.0430752	0.00717784	0.0185639	0.0135232	0.0385084	0.214134	0.0245185	0.0302395	0.162854	0.0572011	0.0545053	0.00101697	0.00807829
119	0.0832228	0.00199298	0.00628852	0.00178649	0.0177375	0.292306	0.0149715	0.00288344	0.00589953	0.0124082	0.00633231	0.00201236	0.00109625	0.00254398	0.0101605	0.353355	0.169005	0.00516994	0.000808546	0.0100184
120	0.00223092	0.000595452	0.00043996	0.00062364	0.00380525	0.000758887	0.00349131	0.636347	0.000675405	0.149736	0.00403732	0.00365622	0.000435373	0.0030975	0.000892247	0.00190269	0.00416694	0.174846	0.000203764	0.00805873
121	0.00583985	0.00488364	0.000376763	0.000518738	0.02548	0.000748301	0.00051239	0.0232939	0.000547555	0.734958	0.158189	0.00123172	0.0108045	0.00299498	0.000678968	0.00612818	0.00227733	0.0192726	0.000203404	0.00106005
122	0.273731	0.0216283	0.0092749	0.0102552	0.00648606	0.040894	0.00654299	0.0131125	0.00367038	0.0301738	0.00381676	0.0333724	0.275196	0.00589356	0.00697081	0.191899	0.0450094	0.0188502	0.000763002	0.00246047
123	0.0555959	0.00129225	0.103019	0.102841	0.00301513	0.0182303	0.00601388	0.00323153	0.0726425	0.0205675	0.0023362	0.0271579	0.385671	0.0535372	0.0411382	0.054712	0.0293535	0.0110591	0.000602731	0.00798327
124	0.00559147	0.00516281	0.000366955	0.000497001	0.0223421	0.000688769	0.000495419	0.0232188	0.000496739	0.751432	0.145374	0.000947337	0.0114963	0.00312559	0.00063466	0.00618325	0.00215824	0.0188143	0.000197712	0.000777035
125	0.0315284	0.0100303	0.0671093	0.0488072	0.00186639	0.0377988	0.0101331	0.0030704	0.00182009	0.0285047	0.00200494	0.0744799	0.0267878	0.0188658	0.00256224	0.340043	0.262668	0.0214381	0.000655912	0.00982535
126	0.131099	0.00077077	0.113283	0.270639	0.00275157	0.00910993	0.012052	0.00662514	0.0983382	0.0202659	0.000852506	0.0423667	0.00629724	0.126939	0.0433137	0.0606705	0.0414433	0.0120912	0.000292916	0.000798279
127	0.018246	0.00128345	0.10581	0.603348	0.00120346	0.00366848	0.00180741	0.0026662	0.0141146	0.00522978	0.00147115	0.00662632	0.0010649	0.169129	0.00906583	0.0122245	0.0367916	0.0040964	0.000400443	0.00175169
128	0.322938	0.039256	0.00127339	0.00170241	0.00195295	0.00227569	0.00173449	0.0972455	0.0266122	0.0550571	0.0505617	0.001962	0.00102588	0.0344438	0.017424	0.288178	0.00378259	0.0416467	0.000693372	0.0102345
129	0.0242723	0.0104065	0.00960713	0.00474514	0.0312604	0.00277623	0.0140518	0.185503	0.01041	0.454076	0.0552116	0.000583736	0.00511469	0.0148034	0.0258149	0.00822598	0.0157657	0.110812	0.00285601	0.0137043
130	0.0912241	0.00213137	0.107585	0.31439	0.00413409	0.0166828	0.0231759	0.00718327	0.0610012	0.0268734	0.00367356	0.0392597	0.0128692	0.0937981	0.0423998	0.0696102	0.0571731	0.0197588	0.000952193	0.00612463
131	0.0780307	0.0108501	0.000541518	0.000782571	0.00503988	0.00103049	0.000844862	0.120323	0.00406209	0.0447635	0.00109569	0.00479278	0.00525384	0.00488968	0.00112119	0.0521404	0.142677	0.520937	0.000244122	0.000579689
132	0.161656	0.00340511	0.00241377	0.00372818	0.00674077	0.00474495	0.00339639	0.02399	0.00319678	0.14474	0.0039473	0.0529644	0.00229634	0.00593971	0.0391508	0.301636	0.19071	0.0244571	0.0180157	0.00287099
133	0.0524037	0.0033951	0.0118594	0.0362563	0.00985771	0.0203166	0.0180081	0.0256604	0.201103	0.0477903	0.0115545	0.0266732	0.00304161	0.0960458	0.317231	0.0584264	0.0285594	0.022781	0.00428845	0.00474741
134	0.00223092	0.000595452	0.00043996	0.00062364	0.00380525	0.000758887	0.00349131	0.636347	0.000675405	0.149736	0.00403732	0.00365622	0.000435373	0.0030975	0.000892247	0.00190269	0.00416694	0.174846	0.000203764	0.00805873
135	0.0419984	0.00287625	0.00250226	0.0212122	0.0381501	0.00402795	0.313505	0.00552562	0.0185002	0.0225661	0.00433926	0.0231061	0.00281347	0.0863592	0.109212	0.0248883	0.00726666	0.0204669	0.0167324	0.233951
136	0.121793	0.0148927	0.0484396	0.0498777	0.053111	0.0173547	0.0199842	0.077854	0.0793698	0.0508889	0.0191536	0.0187687	0.01037	0.0890739	0.050848	0.134197	0.0407561	0.0816207	0.00586746	0.0157798
137	0.075621	0.0185605	0.000461304	0.0031109	0.0232784	0.00473164	0.0006518	0.35824	0.000691973	0.167287	0.0256581	0.0037734	0.000410033	0.00155911	0.000811926	0.0359034	0.0541902	0.22424	0.000261352	0.000557274
138	0.215762	0.00155077	0.00104342	0.00159359	0.00403712	0.046349	0.00173195	0.00315689	0.00221511	0.0146347	0.00197868	0.00204817	0.654466	0.00722265	0.0198819	0.00531398	0.0032628	0.0118781	0.000515262	0.00135785
139	0.0980356	0.00657043	0.00570716	0.0118364	0.00800801	0.0177681	0.149344	0.0169074	0.0108532	0.0212186	0.0141748	0.0118229	0.1399	0.0660643	0.0151739	0.118372	0.080994	0.080902	0.00183608	0.124511
140	0.00653228	0.0134767	0.000652642	0.00109943	0.477696	0.00122285	0.00945686	0.0318534	0.000989007	0.142758	0.0271621	0.00104987	0.000567538	0.00131858	0.00129537	0.00245471	0.00187415	0.0179502	0.00483542	0.255755
141	0.0470362	0.0375279	0.00831248	0.136192	0.0188937	0.00407563	0.0411953	0.0739859	0.0554641	0.0201567	0.0217041	0.0252657	0.00156822	0.0947808	0.125881	0.0632371	0.0818023	0.102065	0.00167494	0.0391808
142	0.403298	0.0209458	0.0466714	0.018794	0.00172371	0.0167007	0.0289681	0.0290931	0.00945063	0.00399937	0.010258	0.0629364	0.0123222	0.0260565	0.0199651	0.220873	0.0511571	0.0136949	0.000702095	0.00238959
143	0.0703478	0.0108292	0.00421713	0.00671868	0.010682	0.00798355	0.00656881	0.144231	0.0136339	0.0443862	0.0167738	0.00845057	0.127009	0.00845401	0.00819797	0.0346046	0.0572127	0.412458	0.00173357	0.00550771
144	0.0904476	0.0105039	0.0171561	0.0326036	0.0175031	0.129922	0.117109	0.016865	0.0323821	0.0349578	0.0155977	0.0445824	0.028597	0.0443474	0.0858501	0.19825	0.0391873	0.0219762	0.00531908	0.0168418
145	0.0642375	0.00570471	0.00405412	0.00548558	0.00663552	0.00771879	0.225799	0.0110073	0.00687633	0.0133862	0.0071225	0.00686054	0.0861212	0.0898988	0.00954765	0.114267	0.0838207	0.0821264	0.00211197	0.167217
146	0.0624415	0.0113598	0.00177265	0.00238682	0.00180218	0.0407629	0.00199105	0.0110484	0.00189333	0.00431989	0.00246455	0.0190108	0.00327564	0.0105416	0.00857846	0.365778	0.432454	0.0162189	0.00044489	0.0014555
147	0.309537	0.00158491	0.00109865	0.00164636	0.00174883	0.00886158	0.00134759	0.198344	0.00145827	0.0122315	0.00898764	0.00179311	0.000910788	0.00226375	0.00209352	0.138884	0.114577	0.19096	0.000587717	0.00108375
148	0.00284628	0.00126409	0.00062085	0.000664459	0.000921291	0.00502404	0.000734757	0.0012697	0.00490136	0.00197138	0.00100327	0.00104797	0.00875861	0.00115855	0.0011948	0.772211	0.187497	0.00582749	0.000375234	0.00070779
149	0.13673	0.00149777	0.0102209	0.0365499	0.00667087	0.0525293	0.0192312	0.0667317	0.0354089	0.105275	0.0956694	0.031725	0.0717585	0.053112	0.0392851	0.0571912	0.0541999	0.0888947	0.000650692	0.0366677
150	0.0210233	0.00308551	0.00632465	0.0340521	0.0134209	0.0177866	0.0214582	0.0381437	0.202621	0.0513683	0.014191	0.0221628	0.00276962	0.0893015	0.366811	0.0294409	0.0305196	0.0247803	0.0067979	0.00394038
151	0.137851	0.00595718	0.00808436	0.0171549	0.0136551	0.027186	0.01232	0.105466	0.0499362	0.0545614	0.0699242	0.0171817	0.211128	0.0260993	0.0243289	0.0392644	0.030031	0.1318	0.00217586	0.0158949
152	0.0322401	0.00123586	0.0163741	0.00120484	0.00130159	0.890006	0.00129831	0.00163261	0.00166828	0.00250541	0.0018599	0.00623147	0.00181327	0.00815164	0.00233918	0.0208098	0.00605138	0.00210279	0.00033193	0.000841277
153	0.241867	0.039078	0.0333368	0.0409824	0.00222995	0.0550927	0.0129624	0.0483235	0.0318048	0.119149	0.0536851	0.00663645	0.00100668	0.0516092	0.014502	0.123926	0.0482747	0.0603184	0.0137571	0.00145744
154	0.0400255	0.000562832	0.000375062	0.00255093	0.00144746	0.000729554	0.000635746	0.542156	0.000690319	0.0458142	0.0193832	0.000754543	0.000525863	0.00290072	0.000695053	0.00168128	0.0113206	0.326043	0.000183106	0.00152521
155	0.0687222	0.0149758	0.00106762	0.00210241	0.0019753	0.0366951	0.00185513	0.0103562	0.00163325	0.00428878	0.0030011	0.0148334	0.00364348	0.00854396	0.010105	0.360935	0.433557	0.0199907	0.000493249	0.00122566
156	0.0342911	0.0184942	0.00327201	0.00451139	0.0351075	0.00386446	0.00866715	0.050859	0.0695624	0.383755	0.0775083	0.00721363	0.0024819	0.102047	0.116495	0.014909	0.0116418	0.0225823	0.026984	0.0057538
157	0.760487	0.023976	0.000324979	0.000474349	0.000526807	0.0137565	0.00041474	0.0013932	0.000494384	0.00233968	0.000504524	0.000622883	0.000368124	0.000740763	0.000811427	0.165431	0.023134	0.00352184	0.000201882	0.00047573
158	0.0309714	0.00477382	0.00948403	0.00744619	0.00514634	0.0208168	0.306536	0.00820592	0.00542746	0.0440352	0.00826881	0.335204	0.0131014	0.0137273	0.00875463	0.100698	0.0621039	0.00933945	0.00177929	0.00418033
159	0.0176259	0.0234136	0.00168923	0.033761	0.0134841	0.0787288	0.101981	0.00334702	0.0755456	0.0232681	0.00255099	0.268895	0.00131479	0.0432769	0.248263	0.0158113	0.0143365	0.00406206	0.000823435	0.0278217
160	0.034952	0.00175388	0.0167717	0.000925227	0.00144791	0.884914	0.00185093	0.00209718	0.00151449	0.00299648	0.00166133	0.00650526	0.00065335	0.00801666	0.00160396	0.020846	0.007139	0.00290134	0.000383152	0.0010657
161	0.0318242	0.00120716	0.00035892	0.00302778	0.00732162	0.000671896	0.000670402	0.535016	0.000686297	0.0608182	0.0302262	0.000750635	0.000529955	0.00367108	0.000687876	0.00173424	0.0107868	0.3077	0.000166296	0.00214417
162	0.0159231	0.0079213	0.00110646	0.00100432	0.0521817	0.00233192	0.00147805	0.0551249	0.00181962	0.631386	0.158381	0.00281968	0.00763013	0.0037129	0.00247687	0.00742802	0.00633632	0.035258	0.00101208	0.00466806
163	0.0612006	0.0196513	0.00161944	0.0036055	0.167272	0.00460589	0.00719698	0.154145	0.00329047	0.302233	0.0632289	0.00221204	0.00159956	0.00348813	0.0039845	0.00753472	0.0150043	0.156039	0.00171267	0.0203766
164	0.00559147	0.00516281	0.000366955	0.000497001	0.0223421	0.000688769	0.000495419	0.0232188	0.000496739	0.751432	0.145374	0.000947337	0.0114963	0.00312559	0.00063466	0.00618325	0.00215824	0.0188143	0.000197712	0.000777035
165	0.0423757	0.00230499	0.299164	0.256201	0.00579689	0.0366412	0.0256022	0.008226	0.016543	0.0148511	0.0053341	0.0529909	0.00546512	0.0708121	0.017514	0.0708969	0.0452991	0.0137785	0.00246796	0.0077348
166	0.0317949	0.00230838	0.0903326	0.552583	0.0024929	0.00756006	0.00704697	0.00641185	0.0229838	0.0188758	0.0035583	0.0112987	0.00390376	0.133859	0.0164538	0.0263334	0.0440118	0.0122149	0.00136528	0.00461121
167	0.0748925	0.0353345	0.00132409	0.00318315	0.247993	0.0105462	0.00464295	0.09459	0.00322749	0.288551	0.07115	0.00241493	0.00105869	0.00218798	0.00213605	0.00483874	0.0273405	0.118981	0.000853244	0.00475335
168	0.295438	0.0173929	0.00430312	0.00624304	0.0141166	0.0560701	0.00235025	0.00924125	0.00210841	0.0615935	0.00248361	0.0319951	0.27283	0.00310837	0.00290593	0.13847	0.0560039	0.0205444	0.000707967	0.00209259
169	0.0344208	0.00834011	0.0127569	0.0864819	0.0097793	0.0158265	0.210348	0.0157001	0.0146975	0.112397	0.024212	0.123175	0.00714018	0.190568	0.0176207	0.063022	0.0226525	0.0190272	0.00270816	0.00912614
170	0.0150478	0.0123948	0.00139856	0.00184549	0.451367	0.0024782	0.00925665	0.0430635	0.00157218	0.131345	0.0428519	0.00194115	0.000781858	0.00226583	0.00212707	0.00535191	0.00312484	0.0223488	0.00448147	0.244955
171	0.0533646	0.00176061	0.0733953	0.0338338	0.00497146	0.0379544	0.019589	0.0093434	0.131103	0.0103645	0.00102832	0.085501	0.112358	0.0321065	0.212543	0.141732	0.0360047	0.0020408	0.000267517	0.00073877
172	0.0898796	0.01137	0.000569177	0.000820193	0.00639716	0.000994154	0.000835689	0.115837	0.00459602	0.0466964	0.00119008	0.00547267	0.00461917	0.00449116	0.00114104	0.0502807	0.148426	0.505449	0.000315524	0.000619356
173	0.00420889	0.0013071	0.000525321	0.000886283	0.0094341	0.000803039	0.00284739	0.603218	0.000656139	0.173758	0.0216218	0.00291918	0.000441424	0.00450596	0.00101911	0.00217301	0.00465693	0.158578	0.000236846	0.00620404
174	0.0168253	0.00140241	0.131705	0.572443	0.00146113	0.00380544	0.00389448	0.00308194	0.0162497	0.00551653	0.00210556	0.00786163	0.000993492	0.170804	0.0085158	0.0136768	0.0323466	0.00426894	0.00043984	0.00260311
175	0.365908	0.0329582	0.00196922	0.00228697	0.0155578	0.0200397	0.00586065	0.0262955	0.00128559	0.0383982	0.0217712	0.0100714	0.00331369	0.00249418	0.00571446	0.235193	0.12482	0.0832194	0.00033344	0.00250972
176	0.00561507	0.00517051	0.000359304	0.00049818	0.0222896	0.000687529	0.000500582	0.0232306	0.00056854	0.751301	0.145337	0.000955287	0.0114744	0.00317219	0.00069089	0.00617625	0.00215784	0.0188271	0.000206083	0.000781522
177	0.0327385	0.00606324	0.00742633	0.0259468	0.0191963	0.0148928	0.0231372	0.0321213	0.210578	0.0575855	0.0103264	0.0180679	0.00913846	0.0601959	0.378461	0.0302702	0.0205116	0.0248738	0.00949605	0.00897305
178	0.054269	0.00239245	0.0316173	0.479046	0.00263201	0.0113626	0.017871	0.00962409	0.0419105	0.0532928	0.00300691	0.00969627	0.0154096	0.0833925	0.0252981	0.0395092	0.0663739	0.0387065	0.000924312	0.0136647
179	0.219271	0.00900583	0.00623697	0.0111045	0.0315135	0.0376223	0.00736167	0.0206823	0.00957073	0.0310258	0.00997543	0.0147118	0.418707	0.0125065	0.0171064	0.0545734	0.0235715	0.0591222	0.0013071	0.00502375
180	0.0155823	0.0059705	0.000544874	0.000396912	0.0330749	0.00100944	0.000485174	0.126899	0.000475385	0.60909	0.124362	0.00105294	0.00616528	0.00227966	0.000705778	0.00707544	0.0040618	0.0556216	0.00105749	0.00408918
181	0.0488993	0.00160696	0.106701	0.495467	0.00190898	0.00899747	0.00866222	0.00505746	0.0327127	0.0140352	0.00255752	0.0174443	0.00384046	0.14149	0.0193626	0.0313739	0.0458021	0.0101553	0.000598667	0.00332772
182	0.0309987	0.00700723	0.152077	0.29742	0.000767698	0.0336349	0.0449938	0.0120752	0.0196219	0.0180312	0.00889763	0.0520748	0.00146133	0.0448298	0.0470433	0.0892987	0.102949	0.0262565	0.00334651	0.0072143
183	0.0363139	0.00312028	0.0138117	0.0311116	0.0179654	0.0592842	0.0425348	0.0229941	0.207166	0.0354605	0.00763459	0.0311265	0.0032984	0.0641815	0.351128	0.0292038	0.0182195	0.0161176	0.0037487	0.00557925
184	0.0313707	0.0333476	0.00859484	0.156629	0.0225981	0.00182919	0.0489734	0.0489668	0.0645465	0.00363538	0.0132997	0.0300363	0.000936385	0.0952798	0.125705	0.0581962	0.0944811	0.10733	0.00051201	0.0537325
185	0.0382693	0.0161265	0.0291294	0.041104	0.00305176	0.00372897	0.0575057	0.00525939	0.0296329	0.0440501	0.00350001	0.084932	0.00163891	0.00459313	0.0993008	0.118533	0.199477	0.216869	0.00110498	0.00219256
186	0.00262157	0.000592938	0.000438324	0.000635893	0.00379053	0.000749676	0.00338558	0.635178	0.000668042	0.148667	0.00415814	0.003558	0.000433556	0.00306833	0.000874029	0.00185854	0.00430039	0.176837	0.000202355	0.00798224
187	0.375366	0.0230283	0.0112917	0.00730519	0.00291634	0.0247614	0.0224398	0.023389	0.00199181	0.00864782	0.00930364	0.0223626	0.0121086	0.00666949	0.0152406	0.288901	0.0896252	0.0493464	0.000282523	0.00502214
188	0.0341597	0.00403687	0.0104262	0.0298624	0.0136072	0.0180787	0.0207123	0.027511	0.216242	0.0433512	0.00982858	0.0264788	0.0088028	0.0751135	0.363679	0.0408551	0.0245948	0.0209072	0.0055835	0.00616868
189	0.219328	0.00541042	0.00192068	0.00324721	0.0175432	0.0324939	0.0170468	0.0714265	0.00313385	0.0367796	0.0044343	0.032294	0.00348999	0.0171393	0.0318074	0.205758	0.0583494	0.221665	0.00109574	0.0156359
