367	20
1	0.11543	0.00362568	0.0027787	0.0358757	0.0716704	0.0204852	0.0355701	0.0593662	0.00930317	0.262999	0.0670886	0.0266805	0.0137154	0.0243345	0.00675079	0.128065	0.0696675	0.010686	0.0166988	0.0192085
2	0.0178369	0.00423544	0.0536031	0.0123187	0.00185784	0.0338566	0.00910588	0.00337936	0.0398287	0.00466031	0.00232478	0.303882	0.00788839	0.0083883	0.0190183	0.31611	0.149338	0.00344718	0.00689895	0.00202096
3	0.0140732	0.0051912	0.000277422	0.000435629	0.0269498	0.00093093	0.000411662	0.224421	0.000513336	0.54127	0.0387457	0.000694473	0.000372176	0.00324407	0.000446143	0.0029932	0.00202924	0.131642	0.00325133	0.00210717
4	0.0312192	0.00433395	0.00221562	0.0137012	0.00382186	0.00922158	0.0133823	0.0349218	0.268773	0.0522286	0.0195233	0.00871494	0.00196786	0.0925908	0.345097	0.0374004	0.0288629	0.0172866	0.00385581	0.0108819
5	0.059646	0.000988872	0.206545	0.303219	0.0029272	0.0228682	0.0146637	0.00844581	0.0522366	0.0134997	0.00933248	0.0329785	0.00636702	0.121638	0.0273657	0.0598631	0.035591	0.0162864	0.000120821	0.00541674
6	0.027033	0.00391413	0.00100495	0.0119247	0.00246032	0.00780489	0.0127161	0.0274118	0.287149	0.0501894	0.0224047	0.00418623	0.000847759	0.0851481	0.369779	0.03054	0.0214172	0.0176548	0.00441268	0.0120006
7	0.0821062	0.0099299	0.0721133	0.111407	0.0110647	0.0285105	0.0302993	0.0248635	0.0935474	0.051191	0.0209766	0.0507365	0.0243002	0.115165	0.0878652	0.0921021	0.0515617	0.0262316	0.00247218	0.013556
8	0.0851751	0.00589456	0.00258101	0.0258069	0.0166466	0.00807516	0.0065849	0.127273	0.158539	0.148368	0.00760547	0.0101183	0.00295744	0.0773014	0.191771	0.0426123	0.0626824	0.0142894	0.00130799	0.00441099
9	0.316771	0.044386	0.00307005	0.00439783	0.00231156	0.0215743	0.0120398	0.0568005	0.00438568	0.0402397	0.00472069	0.018477	0.0105523	0.00449055	0.00298606	0.180992	0.0985447	0.170069	0.000761115	0.00243022
10	0.0145792	0.00506843	0.000359036	0.000407239	0.0260008	0.00112539	0.000413269	0.235913	0.000532043	0.528302	0.037629	0.00081603	0.000323998	0.00322029	0.000425224	0.00304684	0.00252674	0.133615	0.00349403	0.00220207
11	0.114709	0.0163688	0.00555208	0.0693735	0.00443149	0.0278786	0.0113764	0.0305087	0.12254	0.071914	0.0154801	0.032196	0.00504824	0.104866	0.101148	0.136445	0.0792436	0.0472376	0.000573114	0.00311096
12	0.102799	0.0131814	0.00672926	0.0612344	0.00401924	0.027023	0.0181735	0.0251192	0.142991	0.0587388	0.013181	0.0399181	0.00756409	0.102082	0.120868	0.134593	0.0762756	0.0401998	0.000762491	0.00454793
13	0.0535398	0.014213	0.000775158	0.00464504	0.0385533	0.00474967	0.00392024	0.147213	0.00521071	0.372273	0.0838221	0.00876989	0.0054698	0.00854076	0.00298805	0.0134213	0.0445147	0.176656	0.00160589	0.00911861
14	0.0157181	0.00476811	0.000788402	0.000758892	0.0193886	0.00215829	0.0010208	0.323127	0.000754813	0.425884	0.033561	0.00175124	0.000412656	0.00320558	0.000755425	0.00409697	0.00525087	0.149353	0.00376178	0.00348465
15	0.0874527	0.0126652	0.0306689	0.0308403	0.0290856	0.0532738	0.0743372	0.0134557	0.0699236	0.0522152	0.0254029	0.150767	0.0129872	0.0555435	0.0545045	0.154175	0.0529823	0.0246361	0.00502138	0.0100619
16	0.058237	0.0192899	0.00490175	0.0151306	0.206102	0.0141601	0.0241037	0.0333746	0.00643964	0.0946105	0.044241	0.0305437	0.00605499	0.00797958	0.00802484	0.0416377	0.0206983	0.0478347	0.0670081	0.249627
17	0.0292791	0.00446352	0.00391237	0.0127484	0.00311185	0.0101478	0.0166954	0.024652	0.288589	0.0443328	0.0193823	0.0152955	0.00333246	0.080692	0.340517	0.0427531	0.0277187	0.0168276	0.00387231	0.011677
18	0.0256177	0.0105066	0.000540342	0.000479035	0.00572276	0.00156814	0.00150172	0.389915	0.00135913	0.117351	0.0203386	0.00221028	0.000344862	0.00200732	0.00109915	0.00402535	0.0153595	0.396774	0.000244069	0.00303505
19	0.0179607	0.0050671	0.000879299	0.00201852	0.0402659	0.0026186	0.00198875	0.204235	0.00192234	0.516409	0.0587869	0.00252834	0.00134335	0.0053338	0.00140944	0.00703998	0.0109762	0.110179	0.00253313	0.00650439
20	0.00744385	0.0106642	0.000584044	0.00074059	0.00450519	0.000992587	0.00605375	0.516579	0.000837489	0.0376102	0.0112993	0.00235397	0.000449798	0.000983995	0.0013592	0.00238726	0.00866428	0.378983	0.000244831	0.00726261
21	0.0291452	0.0113403	0.00112895	0.00160863	0.425397	0.0107086	0.00771619	0.0265129	0.00176039	0.177549	0.0445731	0.00661055	0.00131021	0.00161543	0.00131829	0.0237368	0.00684196	0.020641	0.00357703	0.196909
22	0.0357254	0.00384445	0.399609	0.188322	0.00276444	0.042283	0.0156739	0.00633202	0.0351931	0.0111783	0.00697136	0.065713	0.00657855	0.0525667	0.019482	0.062022	0.0290533	0.00933628	0.000843219	0.00650804
23	0.0632569	0.00204036	0.0164828	0.0276955	0.00842548	0.0457102	0.0563849	0.00957362	0.187059	0.00890592	0.0038191	0.0852262	0.0157349	0.0941294	0.137922	0.136407	0.0795111	0.00636962	0.00203112	0.0133155
24	0.080218	0.120676	0.00588559	0.00482093	0.00536276	0.458879	0.00736237	0.00785619	0.0179898	0.010124	0.00544688	0.040316	0.00381976	0.00482025	0.00475008	0.17272	0.0325181	0.0103785	0.00152731	0.00452922
25	0.0682575	0.0125709	0.00308207	0.0456835	0.00392195	0.0183321	0.0211415	0.0284031	0.166807	0.0722855	0.0224546	0.0196807	0.00389545	0.111085	0.207067	0.0946843	0.049585	0.0402424	0.00200944	0.00881089
26	0.0365429	0.00392242	0.243757	0.115953	0.00073841	0.0837747	0.0258005	0.00407379	0.053058	0.00727294	0.00707889	0.176854	0.00380277	0.0347497	0.0296575	0.133761	0.029988	0.00300794	0.000266891	0.00594015
27	0.0232214	0.00750603	0.000683508	0.000452339	0.00575834	0.0025202	0.00142981	0.547004	0.000512415	0.0944735	0.0379192	0.00246696	0.000375743	0.00136824	0.00221699	0.0025023	0.0152904	0.247825	0.00046793	0.00600616
28	0.0133984	0.00380097	0.000704219	0.000564279	0.0198897	0.00181763	0.000577018	0.285968	0.00063646	0.500953	0.0288566	0.00144139	0.000387024	0.00319826	0.000526244	0.00357661	0.00270485	0.123464	0.00487143	0.00266335
29	0.47665	0.0248085	0.0107418	0.0280216	0.00309238	0.0785757	0.00551459	0.0180599	0.00467795	0.0153666	0.00389177	0.012738	0.0177071	0.0176929	0.00277628	0.170827	0.0540039	0.0512904	0.000742747	0.00282057
30	0.114612	0.02594	0.0172731	0.0180879	0.00464366	0.0222482	0.00586458	0.0346187	0.0103581	0.038333	0.00608029	0.0259052	0.095403	0.00754729	0.00568745	0.263089	0.229497	0.0629422	0.00159241	0.0102778
31	0.0265542	0.00651695	0.00250859	0.00231513	0.0197134	0.00552281	0.00213913	0.3291	0.00183294	0.301132	0.042568	0.00485649	0.000944703	0.00907303	0.00169385	0.0131845	0.0219013	0.199623	0.00308189	0.00573723
32	0.0104062	0.00221364	0.0005749	0.00330631	0.0860373	0.00086518	0.00250146	0.0805757	0.000797168	0.63978	0.105514	0.00138512	0.00133231	0.00370973	0.000762857	0.00683153	0.0124517	0.0281062	0.000398183	0.0124501
33	0.0424845	0.00325371	0.0118744	0.0127301	0.00393443	0.0249776	0.0461107	0.00698622	0.239417	0.00515461	0.00461693	0.0736625	0.0191541	0.0730195	0.234561	0.11714	0.0615883	0.00707304	0.00152269	0.0107396
34	0.0371335	0.0130499	0.000754323	0.00156056	0.0159177	0.00260243	0.00159933	0.216904	0.00495902	0.175598	0.0246989	0.00612411	0.00161501	0.00363033	0.00157392	0.00851829	0.0284528	0.452073	0.000796794	0.00243777
35	0.0669986	0.00314842	0.0194097	0.0302132	0.0110214	0.0607425	0.0642476	0.00911577	0.162898	0.00953702	0.00521045	0.0928531	0.0162419	0.0981362	0.111946	0.137992	0.0781831	0.00598294	0.00244983	0.0136721
36	0.0579557	0.00103766	0.213104	0.29707	0.00281356	0.0229225	0.0156972	0.00847628	0.0523635	0.0136339	0.0092842	0.0334525	0.0060442	0.121786	0.027939	0.0586025	0.0358158	0.0162389	0.000119362	0.0056424
37	0.0234435	0.00834047	0.000577469	0.00296863	0.032405	0.00221935	0.00191362	0.199342	0.00340332	0.486121	0.0460695	0.00366328	0.00251921	0.00515649	0.00259194	0.00778191	0.0139246	0.149917	0.0026306	0.00501125
38	0.0526398	0.0141636	0.00514213	0.0232373	0.027958	0.0132347	0.0435693	0.0565117	0.108057	0.139411	0.0385057	0.0278476	0.00545995	0.110874	0.187979	0.0616544	0.0363007	0.0237144	0.0037144	0.0200258
39	0.0577476	0.00214513	0.127168	0.173375	0.0044483	0.0145047	0.0554841	0.00740813	0.102816	0.00716618	0.0144078	0.0678839	0.049626	0.0683461	0.10655	0.0951936	0.0359738	0.00475222	0.00086682	0.00413637
40	0.0338761	0.0379639	0.00185649	0.0119204	0.0113668	0.00730766	0.100492	0.0333315	0.0299115	0.217794	0.0880123	0.0377382	0.00510389	0.115687	0.118302	0.0714999	0.0102304	0.0186502	0.00161131	0.0473432
41	0.0584199	0.0832197	0.0261452	0.0155396	0.0149744	0.272946	0.0205754	0.0119941	0.0257577	0.0538847	0.0231428	0.145736	0.0205945	0.0175487	0.0136422	0.130047	0.0341842	0.016924	0.00446684	0.0102564
42	0.0142735	0.00942079	0.000518834	0.000637184	0.00554816	0.00120629	0.00389565	0.42466	0.00121119	0.0624428	0.0156809	0.00263564	0.000433945	0.00125816	0.00122975	0.00321884	0.0112057	0.435603	0.000204961	0.0047138
43	0.0913799	0.0202348	0.0148425	0.0226278	0.0165024	0.0132554	0.0102497	0.0988974	0.0222931	0.0848248	0.0307191	0.031786	0.0130048	0.0200048	0.0166175	0.104121	0.223587	0.149384	0.00215344	0.0135148
44	0.0175847	0.00571582	0.000349619	0.000614339	0.0276128	0.00145477	0.000605086	0.22124	0.000717661	0.516805	0.0419533	0.00131308	0.000634026	0.00326811	0.000683735	0.00404122	0.0053579	0.144305	0.00317451	0.00256962
45	0.0387215	0.0296029	0.00242514	0.00649235	0.137128	0.00650092	0.205503	0.00720888	0.0033893	0.0436406	0.0375731	0.0638986	0.002931	0.0102331	0.00833675	0.042014	0.040969	0.0204249	0.00404463	0.288962
46	0.0117432	0.00216823	0.000621982	0.00357423	0.088011	0.000878158	0.00283866	0.0742246	0.000879445	0.636109	0.111784	0.00152076	0.00144899	0.00414259	0.000822894	0.00757027	0.0137922	0.024391	0.000293128	0.0131855
47	0.0570196	0.0212521	0.00831732	0.00356709	0.0127495	0.0645972	0.0296924	0.00863681	0.0389344	0.18952	0.0631569	0.21698	0.0766691	0.0407103	0.0241448	0.0887508	0.0286824	0.0148481	0.00294138	0.00882998
48	0.0143277	0.00379203	0.000867583	0.000592413	0.0167704	0.00212966	0.000595991	0.330589	0.000684389	0.447766	0.0276486	0.00162791	0.00037756	0.00317875	0.000780565	0.00361891	0.00413558	0.132996	0.00453991	0.00298144
49	0.0501895	0.00144637	0.18664	0.210454	0.0076319	0.00656787	0.0581669	0.00911685	0.0704386	0.00631091	0.0108764	0.0564082	0.0933356	0.065444	0.0573955	0.0660761	0.0345965	0.00589729	0.000403493	0.00260328
50	0.0427321	0.00723841	0.0161	0.0281417	0.00489047	0.0157887	0.0255797	0.025793	0.218769	0.0504645	0.020331	0.0297604	0.011043	0.0820726	0.288741	0.0620901	0.0343945	0.0198843	0.00352156	0.0126638
51	0.0607992	0.000951405	0.208939	0.31575	0.00341346	0.0227714	0.0130238	0.00794816	0.0496287	0.0134531	0.00810285	0.0310545	0.00722949	0.117818	0.0235724	0.0612867	0.0330451	0.0152135	0.000128849	0.00587127
52	0.202785	0.00914751	0.00439563	0.00754235	0.00159081	0.00603686	0.0118424	0.0165293	0.0210743	0.0283076	0.00132046	0.0186888	0.416162	0.0541913	0.0378218	0.0914605	0.0437427	0.0219955	0.000321209	0.00504467
53	0.0266147	0.0107005	0.000678093	0.000644042	0.0113391	0.00195078	0.000967835	0.32601	0.00150977	0.240366	0.0234927	0.00235589	0.000465036	0.00266664	0.000966968	0.00481406	0.0161429	0.323978	0.00164101	0.00269597
54	0.229496	0.00593534	0.0207255	0.0318787	0.00350148	0.00667375	0.0326984	0.0293562	0.0196771	0.0400678	0.002917	0.014892	0.33499	0.0650558	0.0272179	0.0567571	0.0364676	0.0370898	0.000689902	0.0039126
55	0.034783	0.00179411	0.420396	0.237539	0.00251288	0.0349643	0.0112542	0.00606781	0.0321795	0.00958223	0.00608545	0.0358141	0.00462035	0.0657154	0.0155065	0.0416138	0.0255602	0.00965069	0.000388253	0.00397173
56	0.419616	0.0192433	0.00172417	0.00265491	0.00224208	0.0188815	0.00436214	0.0334279	0.00315671	0.0178446	0.00921889	0.00531951	0.00251623	0.00367715	0.0059003	0.0608373	0.0739128	0.311538	0.000723433	0.00320324
57	0.210412	0.00764465	0.00400344	0.00665518	0.00191407	0.0114588	0.00996455	0.0143667	0.0220992	0.0244631	0.00174174	0.0253467	0.431102	0.0425774	0.0322243	0.0860338	0.0448225	0.0183277	0.00053287	0.00430895
58	0.397957	0.012153	0.00182711	0.00225968	0.00305073	0.0131575	0.00373421	0.0360515	0.00285761	0.0250016	0.0162859	0.00467417	0.00158803	0.00289242	0.00937823	0.0409036	0.0441861	0.378746	0.000787913	0.00250781
59	0.00733823	0.0106711	0.000590207	0.000742452	0.00454471	0.000982319	0.00610762	0.516038	0.000840585	0.0372744	0.0111773	0.00235343	0.000449234	0.000989228	0.00134395	0.00236636	0.00862063	0.380007	0.00023536	0.00732775
60	0.0216854	0.0158093	0.0025478	0.00812956	0.224301	0.0047374	0.0405748	0.00920488	0.00564224	0.035789	0.0258842	0.0191712	0.00292126	0.00455975	0.0091064	0.0233606	0.0288399	0.0316352	0.00505285	0.481047
61	0.0155331	0.00410016	0.000900529	0.00274818	0.196971	0.00502218	0.00479875	0.0603483	0.00157072	0.518321	0.0829543	0.00448748	0.00117034	0.0040029	0.000950502	0.0148043	0.0100156	0.0233912	0.00184309	0.046066
62	0.0307835	0.0164669	0.000616919	0.000783542	0.00858866	0.00134414	0.00142629	0.266205	0.00252593	0.137227	0.0129763	0.00278553	0.000576089	0.00285309	0.000980473	0.0054776	0.0216342	0.485218	0.000286567	0.00124431
63	0.110621	0.0121975	0.0108957	0.0773871	0.00494184	0.0205119	0.00983251	0.0232899	0.0852875	0.0883683	0.0227215	0.0241167	0.00442494	0.125681	0.107625	0.141679	0.0680492	0.0517169	0.000720609	0.00993211
64	0.254272	0.00853074	0.00521747	0.0108892	0.00297989	0.0224549	0.0108789	0.0179624	0.0204462	0.0290236	0.00559901	0.0296455	0.37225	0.0364947	0.0239374	0.0800726	0.041801	0.0218657	0.000837976	0.00484112
65	0.0171172	0.00208043	0.0124824	0.0043729	0.00207971	0.00261765	0.0115421	0.0193224	0.0113619	0.0221613	0.00494184	0.0944918	0.00176458	0.00480017	0.00889259	0.14321	0.625323	0.00898642	0.000497303	0.00195335
66	0.0607848	0.000958905	0.208907	0.316283	0.00340419	0.0228324	0.0129523	0.007967	0.0495505	0.0134901	0.00809198	0.0310035	0.00711315	0.117674	0.0235309	0.0612254	0.0330133	0.0152432	0.000128538	0.00584663
67	0.0420531	0.0106689	0.0645284	0.0360536	0.00524563	0.0440045	0.0197047	0.00834874	0.0497771	0.0145278	0.00697879	0.245146	0.0117955	0.0261054	0.0268271	0.251299	0.118097	0.00856706	0.0054144	0.0048568
68	0.0263104	0.00865972	0.000620738	0.00045151	0.00504463	0.00237879	0.00101074	0.527648	0.000652572	0.110915	0.0366222	0.00227478	0.000384306	0.00148528	0.00186507	0.00265376	0.0151236	0.250424	0.000409435	0.0050649
69	0.0580359	0.00103695	0.208306	0.290177	0.00283529	0.0227629	0.0172778	0.00845001	0.0551768	0.0140977	0.00917702	0.0349924	0.00631805	0.122337	0.0309984	0.0594679	0.0361099	0.0163997	0.000148971	0.00589403
70	0.0808961	0.00409849	0.00241803	0.0160942	0.0207891	0.0050168	0.0068317	0.142046	0.162012	0.154562	0.00799461	0.00690897	0.00277122	0.0784894	0.211149	0.0258762	0.0559253	0.00931004	0.00182635	0.0049842
71	0.0241212	0.00741343	0.000749755	0.000557654	0.00632359	0.00275468	0.00133341	0.542202	0.000521808	0.0991144	0.0405144	0.00241258	0.000382781	0.00153453	0.00210182	0.00285835	0.0157	0.242871	0.00057688	0.00595604
72	0.316716	0.0475003	0.00228987	0.00379671	0.00388268	0.0639807	0.00521763	0.142789	0.017649	0.0261746	0.0179451	0.00781126	0.00546743	0.0160353	0.00454713	0.109628	0.0636866	0.141054	0.00113356	0.00269462
73	0.0988191	0.00238204	0.108595	0.14783	0.00222524	0.0315142	0.0263796	0.010661	0.0980761	0.011344	0.0133692	0.0905157	0.00509948	0.093838	0.071361	0.128742	0.0460156	0.00843316	0.000641307	0.00415758
74	0.0363215	0.00207194	0.399283	0.22453	0.00267846	0.0345468	0.0139138	0.00615656	0.0359726	0.00998537	0.00645972	0.0464369	0.00754123	0.0652877	0.0181059	0.04992	0.026241	0.00959854	0.000374412	0.0045743
75	0.0692266	0.120895	0.00145263	0.00441521	0.165987	0.0040749	0.00425155	0.0629246	0.0042108	0.280224	0.074956	0.00670293	0.00461038	0.00537088	0.00307406	0.0107639	0.0345764	0.122283	0.00131836	0.0186828
76	0.0693036	0.0634118	0.00138147	0.00567571	0.266352	0.00736709	0.00813541	0.0492909	0.00300654	0.183939	0.0635912	0.00791058	0.00404223	0.00305222	0.00267215	0.0166668	0.0256908	0.102777	0.00432688	0.111406
77	0.0170165	0.0165004	0.00107741	0.00625387	0.218822	0.00183454	0.0578183	0.00319578	0.00169622	0.018623	0.0221885	0.0202212	0.00116129	0.0023759	0.00544639	0.0239012	0.0299808	0.0297545	0.00171961	0.520413
78	0.0145641	0.00527704	0.000280698	0.000435329	0.0272039	0.000998383	0.00042667	0.223677	0.000519381	0.538556	0.0389956	0.000730171	0.000373401	0.00322698	0.000445936	0.00308242	0.00261492	0.133296	0.00323096	0.0020656
79	0.0830977	0.127005	0.0113506	0.0138332	0.0442494	0.0308137	0.107642	0.0165328	0.0144836	0.0552062	0.0257503	0.122332	0.0108763	0.0236938	0.0185163	0.142944	0.0372405	0.0254881	0.00697447	0.0819692
80	0.0560631	0.0141573	0.0033375	0.00936006	0.236383	0.0144589	0.0197144	0.0582076	0.00973905	0.202635	0.0650197	0.0282213	0.00422746	0.0134496	0.00884604	0.0539832	0.025486	0.0440176	0.035074	0.0976197
81	0.141023	0.0566089	0.00892189	0.0100598	0.00390865	0.0119125	0.00650305	0.082328	0.00395929	0.0655206	0.00734893	0.01624	0.0126452	0.00426034	0.00326036	0.246095	0.167306	0.147188	0.00103121	0.00388034
82	0.0906455	0.0187913	0.0277078	0.0175592	0.00288434	0.0138181	0.00401105	0.0174457	0.00860857	0.0160739	0.00537779	0.0188686	0.0533598	0.00410678	0.0038602	0.429836	0.20242	0.0336064	0.00135458	0.0296646
83	0.202587	0.00923673	0.00434145	0.00749871	0.00162232	0.00603634	0.0117452	0.0165503	0.0211933	0.0282382	0.00133934	0.0187118	0.41618	0.0539619	0.0378455	0.0915824	0.0439844	0.0219354	0.000319037	0.00509052
84	0.0170789	0.00496963	0.000587786	0.000509975	0.0175311	0.00166083	0.000582664	0.315328	0.000747225	0.442379	0.0293464	0.00141095	0.000421395	0.00274907	0.000627645	0.00320691	0.00480344	0.149475	0.00417864	0.00240478
85	0.0893289	0.0222607	0.0365215	0.0348186	0.00289194	0.0215299	0.00388273	0.0184201	0.0171318	0.0149272	0.00352363	0.0462391	0.098697	0.0042778	0.00432093	0.357341	0.18482	0.0252932	0.00151038	0.0122646
86	0.083959	0.00632367	0.0674054	0.111531	0.0088252	0.0535502	0.0514648	0.0136474	0.0955034	0.0138674	0.00898475	0.0878878	0.00658352	0.113068	0.0769017	0.121843	0.0510361	0.0162588	0.00126474	0.0100934
87	0.0498047	0.00184593	0.167819	0.182812	0.00738454	0.00257223	0.0748634	0.0081292	0.0706581	0.00451066	0.0126281	0.0655511	0.116516	0.0537623	0.0680266	0.0729054	0.0335022	0.00415252	0.000623275	0.00193254
88	0.0384817	0.0230648	0.0016569	0.0153915	0.0218881	0.00813367	0.0819001	0.0422762	0.0457712	0.230169	0.0716857	0.0446758	0.00519116	0.088144	0.119661	0.0802125	0.015123	0.0244057	0.00381986	0.0383483
89	0.0107939	0.00205138	0.000632788	0.00351109	0.0876921	0.000936751	0.0026791	0.0761319	0.000864717	0.640048	0.110265	0.00146554	0.0012892	0.00388123	0.000870517	0.00702821	0.0128267	0.0239814	0.000306073	0.012744
90	0.0584934	0.00103875	0.209634	0.306907	0.00314202	0.0224275	0.0156898	0.00814488	0.0515466	0.0136501	0.00868575	0.0326983	0.00788599	0.118247	0.026526	0.0598561	0.0343024	0.0154092	0.000129776	0.0055863
91	0.0395701	0.00634713	0.184136	0.234454	0.00403956	0.0134254	0.0397786	0.00886908	0.0180837	0.065092	0.00606825	0.0475263	0.00413336	0.0813459	0.0397522	0.0690354	0.0458994	0.0106601	0.00122853	0.0805547
92	0.0101892	0.00213728	0.000588197	0.00323637	0.086868	0.000852889	0.0026541	0.0839763	0.000735285	0.637899	0.104676	0.00132076	0.00122828	0.00349558	0.000745752	0.00687228	0.0118098	0.0278893	0.000443997	0.0123814
93	0.362781	0.0262987	0.0150836	0.0266825	0.00565323	0.120508	0.0105609	0.0262737	0.0164724	0.0240957	0.012121	0.0243331	0.0524966	0.0202016	0.0104806	0.136432	0.0452765	0.0559845	0.0022355	0.00602876
94	0.115266	0.0163441	0.00562547	0.0694234	0.00433696	0.0281666	0.0112722	0.0297168	0.122645	0.070829	0.0156738	0.0322136	0.00505813	0.105476	0.100322	0.137793	0.0786491	0.0474997	0.000550704	0.00313961
95	0.00733823	0.0106711	0.000590207	0.000742452	0.00454471	0.000982319	0.00610762	0.516038	0.000840585	0.0372744	0.0111773	0.00235343	0.000449234	0.000989228	0.00134395	0.00236636	0.00862063	0.380007	0.00023536	0.00732775
96	0.133684	0.010532	0.0122715	0.0605253	0.00474379	0.0217549	0.0273052	0.0299174	0.107855	0.0612556	0.017968	0.0390565	0.00386809	0.0764681	0.0527209	0.19162	0.091524	0.0455483	0.000704612	0.0106764
97	0.0286332	0.00783591	0.006731	0.0123061	0.00215115	0.0134599	0.0312229	0.0150593	0.258076	0.0279567	0.0134929	0.0357246	0.0106159	0.0778715	0.315142	0.0786598	0.0357391	0.0163447	0.00256501	0.0104124
98	0.0237544	0.0108972	0.000560484	0.000510128	0.00596107	0.00154253	0.00171812	0.374647	0.00150736	0.116025	0.0186445	0.00252722	0.000417757	0.00197289	0.00103024	0.00405658	0.0145744	0.416282	0.000456376	0.00291434
99	0.0218105	0.0189595	0.00142798	0.0113603	0.212923	0.00249485	0.0513206	0.00607092	0.00198928	0.0182595	0.0350451	0.0167396	0.00172201	0.00233227	0.00941691	0.0183512	0.0292927	0.0556657	0.00346986	0.481348
100	0.0543837	0.00117749	0.244579	0.290898	0.00295927	0.0258684	0.0149602	0.00767616	0.0479756	0.0131847	0.00805172	0.0366968	0.0077	0.108029	0.0242174	0.058418	0.0330016	0.0141257	0.000172799	0.00592513
101	0.0313057	0.0310617	0.00161828	0.0135922	0.0116535	0.00927614	0.110996	0.0316091	0.0312662	0.206884	0.0737474	0.0348684	0.00629938	0.116707	0.131881	0.0733158	0.0125624	0.0224828	0.00176418	0.0471089
102	0.0157691	0.016501	0.00121082	0.00646794	0.220374	0.00208878	0.052035	0.00335035	0.00163169	0.0183034	0.0224694	0.0217756	0.00115211	0.00228047	0.00574688	0.0209663	0.0312213	0.0305944	0.00180682	0.524255
103	0.0622899	0.020471	0.000601695	0.00490605	0.0446536	0.00492708	0.00356795	0.128457	0.0060081	0.30129	0.0726603	0.0103584	0.00704758	0.00608247	0.00273404	0.016024	0.0634372	0.231996	0.00137625	0.0111116
104	0.0259426	0.00383466	0.251104	0.118634	0.000690774	0.0878329	0.0265867	0.00344286	0.0526585	0.00728352	0.00695	0.181462	0.00416095	0.0325557	0.0317313	0.130264	0.0265887	0.00158325	0.000240994	0.00645234
105	0.0151929	0.0148873	0.000923625	0.00471448	0.279589	0.00265241	0.0337419	0.0059957	0.00125778	0.036647	0.0215594	0.0129686	0.00147945	0.00158499	0.00388418	0.0173697	0.0207888	0.0231457	0.00159228	0.500025
106	0.0105626	0.0124827	0.000587688	0.000707338	0.00493989	0.000977682	0.00592249	0.487149	0.000954719	0.0508513	0.0121185	0.00229799	0.000426353	0.00111893	0.00125965	0.00240869	0.0105454	0.388042	0.000203299	0.00644388
107	0.116888	0.158728	0.00541526	0.00529101	0.00599087	0.0174471	0.00636811	0.026785	0.00451976	0.0198271	0.0210547	0.0117901	0.00794073	0.00548593	0.0040412	0.281829	0.216259	0.0772119	0.00137491	0.00575317
108	0.0608543	0.0103183	0.0031361	0.0176759	0.0536899	0.0139555	0.0387676	0.0915453	0.013709	0.315838	0.0972975	0.0208431	0.00684297	0.0272079	0.0200461	0.0697275	0.0637432	0.0504522	0.0061914	0.0181581
109	0.0345502	0.0029743	0.248358	0.173042	0.00136003	0.0692712	0.0221743	0.00457851	0.0523144	0.00877109	0.00684998	0.138146	0.00474245	0.0550758	0.0287691	0.109838	0.0274493	0.00533676	0.000239576	0.00615883
110	0.0481525	0.00190397	0.169702	0.182024	0.00728571	0.00427772	0.0745882	0.00804497	0.0703279	0.00465078	0.0125116	0.0686672	0.114009	0.0518759	0.068352	0.0735625	0.0335138	0.00387475	0.000602398	0.00207206
111	0.0259426	0.00383466	0.251104	0.118634	0.000690774	0.0878329	0.0265867	0.00344286	0.0526585	0.00728352	0.00695	0.181462	0.00416095	0.0325557	0.0317313	0.130264	0.0265887	0.00158325	0.000240994	0.00645234
112	0.0101945	0.00190862	0.000607416	0.00355777	0.0896564	0.000874865	0.00279259	0.0743465	0.000792766	0.642517	0.110547	0.00134856	0.0013132	0.00358991	0.000790043	0.00710806	0.0126918	0.0218938	0.00028065	0.0131886
113	0.0420415	0.030137	0.000997719	0.0032931	0.212572	0.0077584	0.00604921	0.0990053	0.0029238	0.288558	0.0549572	0.00730159	0.00611641	0.0037542	0.00239373	0.0177882	0.0213624	0.115801	0.0027842	0.0744049
114	0.0565362	0.0599464	0.0218927	0.0233304	0.00510538	0.00733199	0.00767614	0.0954891	0.00910105	0.067369	0.00792168	0.0280622	0.00650664	0.0060966	0.00541943	0.23232	0.179566	0.173559	0.00175526	0.00501486
115	0.0511158	0.0189128	0.00279938	0.00758235	0.0478404	0.00980607	0.00736817	0.0836536	0.00862005	0.368238	0.106714	0.0162221	0.0199077	0.0122437	0.00592392	0.0212476	0.0597159	0.136294	0.0010012	0.0147931
116	0.083429	0.00543387	0.110451	0.0941347	0.00298321	0.0652874	0.0347766	0.0084922	0.0863968	0.0100172	0.0119387	0.144641	0.005353	0.0678858	0.0457614	0.15827	0.0512884	0.00753522	0.000684611	0.00524023
117	0.168182	0.0801025	0.0082227	0.00754103	0.00256596	0.0352915	0.00528571	0.0458061	0.00418031	0.0168058	0.00560397	0.018878	0.028534	0.00291592	0.0021311	0.345224	0.158877	0.0593221	0.000569552	0.00396103
118	0.0176226	0.0128629	0.000969885	0.00336054	0.336492	0.00455583	0.0222321	0.0101773	0.0012419	0.0699292	0.0248589	0.00995158	0.0013194	0.00153906	0.00266531	0.0176868	0.015191	0.0192912	0.00214458	0.425908
119	0.0279301	0.0281295	0.00197221	0.0196447	0.0113049	0.0146376	0.115825	0.0329199	0.0427464	0.18201	0.0608789	0.0294439	0.011277	0.0961152	0.143328	0.0811478	0.0190978	0.0358681	0.00185842	0.0438634
120	0.115509	0.0161464	0.00559792	0.0689787	0.00432275	0.0278295	0.0114544	0.0301467	0.122059	0.0712472	0.0156432	0.0323399	0.00506194	0.105134	0.0997564	0.138726	0.0787416	0.04755	0.00054664	0.00320873
121	0.0102464	0.00196266	0.000605728	0.00347607	0.0892241	0.000873126	0.0027832	0.0760129	0.000779328	0.641486	0.109777	0.00134476	0.00124249	0.00361819	0.000758487	0.0070865	0.0124965	0.0228379	0.000279588	0.0131086
122	0.0806926	0.019932	0.013046	0.00962267	0.0571605	0.0364507	0.152667	0.0138107	0.0310797	0.0766432	0.0203945	0.158465	0.00869835	0.0392154	0.0421109	0.116665	0.0554896	0.0164748	0.0103236	0.0410588
123	0.0442	0.00352323	0.17917	0.0839398	0.00213246	0.0650295	0.025594	0.00550842	0.0962858	0.00779043	0.00743124	0.1582	0.00535291	0.0435843	0.0616517	0.156645	0.0434441	0.00290432	0.00100903	0.00660332
124	0.213346	0.00830836	0.00343257	0.00563387	0.00190102	0.0154144	0.00936028	0.0138863	0.0202232	0.0231238	0.00171279	0.0239149	0.426691	0.0407588	0.0320895	0.0906433	0.0467506	0.0179376	0.000496384	0.00437515
125	0.134349	0.00409013	0.065235	0.0888588	0.00295592	0.0433414	0.0259642	0.0137419	0.086019	0.0104129	0.0135116	0.133858	0.00264026	0.0775886	0.0350215	0.173132	0.0710727	0.0146945	0.000588516	0.0029234
126	0.0220247	0.0076316	0.000624976	0.000431971	0.00553231	0.00218239	0.00171539	0.547675	0.00053943	0.0886142	0.035043	0.00255177	0.000351744	0.00122265	0.00205797	0.00229592	0.0145624	0.258487	0.000388002	0.00606718
127	0.425	0.0230803	0.00169227	0.00314775	0.00189184	0.0218161	0.00481922	0.0345261	0.0032101	0.0163986	0.00687639	0.00607998	0.0031654	0.00400629	0.00456318	0.0757913	0.0791273	0.281598	0.000659803	0.00254999
128	0.0280908	0.00397402	0.241861	0.117569	0.000698233	0.0866186	0.0266484	0.00386971	0.0534518	0.0083802	0.00751188	0.1807	0.00406484	0.0340419	0.0323243	0.132525	0.0284792	0.00176122	0.000242052	0.0071881
129	0.0616225	0.103872	0.00572262	0.00457264	0.00472752	0.518205	0.00602526	0.00767371	0.0215034	0.0106467	0.00546692	0.03514	0.00345557	0.00469525	0.00493354	0.160569	0.0256126	0.00990287	0.00140665	0.00424656
130	0.0183243	0.00608893	0.000634184	0.000571083	0.0202553	0.00182684	0.000764228	0.298843	0.000782897	0.419994	0.0348035	0.00164342	0.000524693	0.00312587	0.000804858	0.00384677	0.00722523	0.173621	0.00300111	0.00331873
131	0.0299563	0.0109069	0.00111892	0.00161923	0.430756	0.0110382	0.00812033	0.0268282	0.00187457	0.180413	0.0443603	0.00677997	0.00129543	0.00184879	0.00130679	0.0256178	0.00670519	0.0204998	0.00349902	0.185456
132	0.182429	0.154107	0.0135605	0.00450766	0.00939052	0.0632903	0.018404	0.00877692	0.0044371	0.00612095	0.00457466	0.0322229	0.00324016	0.00414108	0.00326377	0.417538	0.0483611	0.0141667	0.000922365	0.00654569
133	0.0548299	0.0125516	0.000601506	0.00170661	0.0291011	0.00405903	0.0016536	0.170607	0.00353351	0.178844	0.0386446	0.00609187	0.00204042	0.00345894	0.00114676	0.0114318	0.0430865	0.432183	0.00155685	0.00287101
134	0.0649371	0.138831	0.0018794	0.00521764	0.164853	0.00453096	0.0047171	0.0783491	0.00505923	0.240472	0.0656893	0.00738717	0.00495549	0.00500597	0.00391684	0.0112061	0.0322295	0.143046	0.00141117	0.0163069
135	0.322506	0.00810358	0.00189588	0.00291043	0.00494005	0.00824158	0.00343677	0.058458	0.0035369	0.0469309	0.0307681	0.00519507	0.0021722	0.00340358	0.0158302	0.0312037	0.0244614	0.421959	0.00109467	0.00295242
136	0.141896	0.0369741	0.0139451	0.0176997	0.00502043	0.0239527	0.0092259	0.0530179	0.0190025	0.0287461	0.00769999	0.0391859	0.0288573	0.0114341	0.0105393	0.245713	0.242407	0.0565132	0.00130218	0.00686826
137	0.0640724	0.00893683	0.00235104	0.00679825	0.0474601	0.00613669	0.00541889	0.0775133	0.00709543	0.45082	0.132972	0.00821935	0.00397193	0.0318707	0.00512452	0.0160028	0.0543144	0.0621298	0.000870463	0.0079213
138	0.0339024	0.012179	0.000811212	0.000873098	0.0130145	0.00250669	0.00119048	0.272071	0.00245523	0.142026	0.021679	0.00340658	0.000489049	0.00406712	0.000913499	0.00717374	0.0266055	0.451773	0.000850494	0.00201243
139	0.192703	0.0104462	0.0113453	0.015881	0.0100942	0.0249607	0.0152069	0.0244257	0.0215397	0.0336035	0.00574162	0.0250435	0.367499	0.0404483	0.0286893	0.0908267	0.0448504	0.0259375	0.00144222	0.00931527
140	0.0142096	0.00811391	0.000745619	0.00062292	0.00749643	0.00198923	0.00354813	0.535608	0.000631279	0.0656014	0.0242324	0.00251392	0.000397871	0.00134453	0.00164036	0.00261204	0.0127027	0.306485	0.000493226	0.00901187
141	0.0151234	0.0047878	0.000508607	0.00086391	0.0255486	0.00150871	0.00111184	0.271	0.000585087	0.487166	0.0383647	0.00141153	0.000509743	0.00308615	0.000773012	0.00394321	0.00496799	0.131515	0.00375313	0.00347181
142	0.187977	0.0177005	0.00687708	0.0353229	0.00852393	0.0289186	0.0137235	0.0665268	0.0745135	0.0526247	0.0181998	0.0244681	0.0098762	0.0580488	0.100539	0.113838	0.0610564	0.110106	0.00253386	0.00862554
143	0.192858	0.289024	0.00774642	0.00678876	0.0534094	0.023401	0.0349353	0.0111879	0.00689732	0.0138988	0.00875079	0.0205104	0.00409929	0.00678565	0.00600926	0.222627	0.0230722	0.034387	0.00228808	0.0313239
144	0.202726	0.00920069	0.00439585	0.00755615	0.00159655	0.00601159	0.0118537	0.0165263	0.0210795	0.0284046	0.00132005	0.0186292	0.415892	0.0542869	0.0378146	0.0916278	0.0437484	0.0219526	0.000319461	0.00505843
145	0.0422981	0.00335485	0.0119335	0.0127052	0.00398845	0.0250494	0.0460905	0.00697826	0.239184	0.00516168	0.00462098	0.0732822	0.0192339	0.0729576	0.235623	0.117154	0.0612126	0.00708997	0.00145524	0.0106269
146	0.0262285	0.00376062	0.241545	0.114607	0.000725113	0.0856174	0.0260214	0.00355675	0.0528778	0.00749459	0.00693585	0.186219	0.0041875	0.0325759	0.0323979	0.13562	0.0310908	0.00163999	0.000413092	0.00648461
147	0.0161094	0.00390657	0.0546988	0.0111044	0.00179529	0.051994	0.00997637	0.00333697	0.0436189	0.00458	0.00233854	0.312981	0.00746611	0.00857651	0.0205312	0.287733	0.148816	0.00327596	0.00579224	0.0013677
148	0.27828	0.00670939	0.0061306	0.0115526	0.0029602	0.010304	0.0124045	0.0187695	0.0238318	0.0358243	0.00271431	0.0264753	0.369362	0.0401488	0.0241798	0.0663063	0.0361911	0.0229668	0.000731795	0.00415679
149	0.236786	0.0249222	0.0171442	0.0293318	0.0020685	0.0412225	0.00551902	0.0393645	0.00982032	0.0175216	0.00379115	0.0365529	0.0634683	0.00919804	0.00323549	0.257326	0.152764	0.0437716	0.000771146	0.00542026
150	0.0618282	0.00142582	0.196467	0.289704	0.0031562	0.0238998	0.0159976	0.00919547	0.0559209	0.0145066	0.00944807	0.0349203	0.00624072	0.122249	0.031961	0.0627419	0.0373528	0.0173217	0.000166503	0.00549637
151	0.0529481	0.0110173	0.00295383	0.0212587	0.0421545	0.0101149	0.0304636	0.15302	0.0165291	0.223916	0.162518	0.0287295	0.00364949	0.0476518	0.0321956	0.0358608	0.0363209	0.0681087	0.0036081	0.016981
152	0.028565	0.0104781	0.000567385	0.000521466	0.00640079	0.00208948	0.0012966	0.429512	0.00125814	0.126418	0.0278984	0.0024764	0.000371312	0.0019413	0.00142126	0.00369268	0.0171204	0.333731	0.000605574	0.00363452
153	0.374049	0.0276288	0.0131404	0.0286014	0.00461931	0.12941	0.00869274	0.0197035	0.0151014	0.0170057	0.00669766	0.0226666	0.0483176	0.0206752	0.00953408	0.164274	0.0483259	0.0365056	0.00109264	0.00395915
154	0.115266	0.0163441	0.00562547	0.0694234	0.00433696	0.0281666	0.0112722	0.0297168	0.122645	0.070829	0.0156738	0.0322136	0.00505813	0.105476	0.100322	0.137793	0.0786491	0.0474997	0.000550704	0.00313961
155	0.0925522	0.0129127	0.00510173	0.0605886	0.00378987	0.0225811	0.011203	0.0272925	0.160199	0.0668945	0.0184934	0.0233107	0.00384641	0.11146	0.161294	0.108801	0.0603575	0.0428092	0.00131019	0.00520339
156	0.0184649	0.00604894	0.000636164	0.00219466	0.0367979	0.00220756	0.00157235	0.210923	0.00269605	0.511752	0.0514194	0.00227741	0.0015756	0.00543964	0.00218689	0.00751573	0.0103468	0.118508	0.0027235	0.00471342
157	0.0310381	0.00768777	0.21869	0.127282	0.00190729	0.0815013	0.0343954	0.00704444	0.0479805	0.0125126	0.00681604	0.166352	0.00408654	0.0424436	0.0315959	0.125655	0.033818	0.00404336	0.000435098	0.0147137
158	0.115781	0.0161635	0.00624279	0.0700352	0.0043981	0.0282591	0.0112509	0.0293772	0.12165	0.0706659	0.0156309	0.0325891	0.00501946	0.105754	0.0997802	0.138328	0.0781062	0.0471996	0.000544309	0.00322409
159	0.0251374	0.00411171	0.00238305	0.0111851	0.00251261	0.00764837	0.0120525	0.0272912	0.30407	0.0507958	0.0230685	0.00552748	0.00101275	0.0798714	0.35757	0.0302696	0.0224142	0.0167365	0.00432942	0.0120119
160	0.0110678	0.00243349	0.000629549	0.00366974	0.0887734	0.000940391	0.00313205	0.0860425	0.000778563	0.624486	0.110288	0.00160199	0.00109806	0.00400101	0.000832712	0.00727847	0.011881	0.027556	0.000297191	0.0132121
161	0.0736807	0.00411093	0.0204964	0.0397328	0.00936937	0.0405332	0.0539055	0.0129587	0.167449	0.0176096	0.00825618	0.0798977	0.0120163	0.084298	0.129041	0.139583	0.0746974	0.0110729	0.00543789	0.0158533
162	0.0559272	0.0011661	0.22879	0.294589	0.00277067	0.0234366	0.0158605	0.00812363	0.0505088	0.0136816	0.00870244	0.0331255	0.00602796	0.117639	0.0265112	0.0564002	0.035311	0.0153804	0.000129111	0.00591881
163	0.0947693	0.0219589	0.0054277	0.00683668	0.0785411	0.0163582	0.193279	0.0117827	0.0093559	0.0820408	0.0207205	0.115454	0.00462704	0.0318002	0.0136553	0.102266	0.0503974	0.0125344	0.00899344	0.119201
164	0.0456706	0.0222179	0.00163376	0.0116261	0.0512019	0.00504061	0.00593277	0.104227	0.00703444	0.352575	0.0754784	0.0116353	0.0218154	0.00840981	0.00845813	0.017196	0.0509516	0.17602	0.000727766	0.0221473
165	0.0644752	0.00924208	0.00386776	0.0114618	0.0545242	0.0139394	0.0588539	0.0861138	0.0605482	0.151998	0.078713	0.0837822	0.00459462	0.0613484	0.0682135	0.0813195	0.0363036	0.0351057	0.0188666	0.0167281
166	0.0513177	0.00653089	0.00279103	0.0128143	0.159504	0.0288252	0.0556303	0.0641818	0.027849	0.234665	0.0378305	0.0428756	0.00673743	0.0332399	0.0161045	0.107661	0.0397538	0.0260288	0.010123	0.0355361
167	0.0638506	0.00309837	0.024445	0.0361728	0.0135942	0.0619374	0.0716164	0.00986358	0.142362	0.010798	0.00470289	0.0865443	0.0169817	0.103673	0.0934124	0.145419	0.0848101	0.00681486	0.00212168	0.0177809
168	0.0331998	0.00584577	0.00744838	0.0177164	0.00335418	0.0136891	0.0244779	0.022834	0.253279	0.0438679	0.0205646	0.0235328	0.00594925	0.089468	0.310403	0.0555188	0.0315111	0.0170943	0.00340937	0.0168362
169	0.0617161	0.0623265	0.0120335	0.00903362	0.0648362	0.10389	0.0180094	0.0531796	0.0148099	0.133399	0.0404518	0.0832892	0.138235	0.0146006	0.0122695	0.0889291	0.0271944	0.0393341	0.00348754	0.0189751
170	0.0145806	0.00538352	0.000289074	0.000437385	0.0269013	0.000961904	0.000430524	0.224911	0.000551392	0.535536	0.0387526	0.000731955	0.000378464	0.00322883	0.000447165	0.00311645	0.00267149	0.135419	0.00321008	0.00206097
171	0.0227663	0.0157846	0.000506209	0.00287878	0.0601334	0.00127833	0.00194891	0.13409	0.00222539	0.536091	0.0681739	0.00305906	0.00267462	0.0050906	0.00155682	0.00610748	0.0173442	0.108299	0.00148816	0.00850249
172	0.0281539	0.00958362	0.000593544	0.000480279	0.00510637	0.00237446	0.000957097	0.51321	0.00076173	0.116542	0.0362463	0.002269	0.000392454	0.00155702	0.0018023	0.00294276	0.0158594	0.256065	0.00042322	0.00467973
173	0.0132432	0.00359083	0.000745735	0.000535773	0.0191364	0.00194528	0.000572381	0.292846	0.000680741	0.49805	0.0276687	0.00144542	0.000352966	0.00316188	0.000537152	0.00357826	0.00259511	0.121695	0.00502205	0.00259683
174	0.0732209	0.0134212	0.000892196	0.00419484	0.0445994	0.0101692	0.00324736	0.144849	0.00509374	0.247502	0.0872955	0.0127061	0.00487802	0.00551712	0.00236842	0.0188736	0.0604895	0.250147	0.00272604	0.00780958
175	0.0388346	0.0046496	0.241814	0.137026	0.00421977	0.0619176	0.0396738	0.00658226	0.0515618	0.0113116	0.00806778	0.14081	0.0147143	0.0460421	0.033777	0.109781	0.0334574	0.00628473	0.000928921	0.00854535
176	0.0469492	0.00756891	0.0112412	0.0247488	0.00569841	0.0179612	0.0257265	0.0243995	0.214671	0.0494074	0.0198813	0.0355842	0.0110286	0.0801402	0.27741	0.0716274	0.0413647	0.0182551	0.00316734	0.013169
177	0.0431407	0.00346081	0.106548	0.0555752	0.00126942	0.0552588	0.0163136	0.0048615	0.0497249	0.00666409	0.00546824	0.248678	0.00531194	0.0286449	0.0234981	0.23001	0.104444	0.00507789	0.00310114	0.00295009
178	0.0485889	0.00528484	0.00367968	0.019436	0.0476165	0.00935467	0.0159708	0.261784	0.00363553	0.167276	0.159998	0.0119704	0.00236585	0.0197127	0.0056082	0.0241876	0.0355589	0.138782	0.00324913	0.0159396
179	0.0309469	0.00234351	0.448105	0.208822	0.00267564	0.0373012	0.0133613	0.00594542	0.0301278	0.00973328	0.00598471	0.04626	0.00605312	0.05262	0.0165414	0.0446296	0.0247635	0.00831451	0.000598193	0.00487379
180	0.0115779	0.0037399	0.000385843	0.00156607	0.0506801	0.000940209	0.00109048	0.164164	0.000575326	0.592485	0.0657489	0.000911282	0.000663376	0.00341471	0.000528765	0.00436314	0.00571155	0.0834092	0.0020166	0.00602777
181	0.240985	0.0365169	0.00957429	0.0132752	0.00201606	0.0436808	0.00370626	0.0557929	0.00520984	0.0173235	0.0050028	0.026006	0.0670511	0.00421766	0.00248546	0.241212	0.154947	0.0667342	0.000640892	0.00362204
182	0.195213	0.0431602	0.00949352	0.01149	0.00203572	0.0263025	0.00390018	0.0529997	0.0043847	0.0233298	0.00379358	0.0217319	0.0505022	0.00276998	0.00217564	0.278146	0.184365	0.0786179	0.000610748	0.00497771
183	0.180043	0.0342541	0.00575632	0.0070367	0.00766794	0.0667479	0.00837573	0.0464458	0.0109001	0.0538994	0.275267	0.0393999	0.0792095	0.0144523	0.0102286	0.0509577	0.0538507	0.0467031	0.00220147	0.00660265
184	0.0141387	0.00515235	0.000323162	0.000471354	0.0272619	0.000960683	0.000437368	0.224226	0.00052325	0.540966	0.0389409	0.000703875	0.000377503	0.00330546	0.000456271	0.00305939	0.00211828	0.131112	0.00327492	0.00219023
185	0.0369235	0.0296584	0.00224269	0.0127349	0.0133785	0.00899093	0.122055	0.0299897	0.0293083	0.190722	0.073967	0.0408101	0.00562614	0.115977	0.124963	0.0789162	0.0136375	0.0204477	0.0021321	0.0475195
186	0.07115	0.0213047	0.0410126	0.044209	0.037183	0.0309141	0.152264	0.0267604	0.0512188	0.0677757	0.0287316	0.0746265	0.0182539	0.0502729	0.0527384	0.0984614	0.0490902	0.0272206	0.00544449	0.0513676
187	0.179877	0.0221413	0.0254782	0.0319331	0.00227002	0.0510398	0.00573688	0.0267476	0.0109122	0.0199756	0.00368739	0.0376082	0.0872161	0.00865946	0.00253911	0.277192	0.161547	0.0381958	0.000729891	0.00651296
188	0.0660435	0.016038	0.00646821	0.0132146	0.144408	0.0262968	0.043074	0.0354777	0.0191181	0.149875	0.036709	0.0824408	0.00907786	0.0221224	0.0160638	0.134845	0.0384659	0.0235381	0.076646	0.0400771
189	0.0167189	0.00217434	0.0135023	0.00449267	0.00219009	0.00415634	0.012085	0.0194969	0.0126311	0.0219108	0.00467788	0.10152	0.00198728	0.00465168	0.010036	0.148683	0.607635	0.00863365	0.000743273	0.0020733
190	0.0258566	0.0168971	0.00346598	0.00869422	0.217816	0.0069519	0.0383409	0.012611	0.00496762	0.0419896	0.0279874	0.0202539	0.00383396	0.00593571	0.00755585	0.0265964	0.0274621	0.0321228	0.00488579	0.465775
191	0.103262	0.0162007	0.00884483	0.0698546	0.00434277	0.0286595	0.0158173	0.0278628	0.126903	0.0709825	0.0183491	0.0314678	0.00503934	0.109416	0.115388	0.127535	0.0701311	0.0443009	0.00078648	0.00485629
