373	20
1	0.109167	0.00463747	0.215432	0.178263	0.0165917	0.0611937	0.00528063	0.0228525	0.0120541	0.0241645	0.0264869	0.0410646	0.0019806	0.0425759	0.00416571	0.109479	0.0790866	0.0403867	0.000947176	0.00418958
2	0.102876	0.00251164	0.235801	0.181461	0.00315747	0.0912491	0.0130542	0.00777303	0.0333946	0.00802217	0.00888904	0.105075	0.000672888	0.0616131	0.00832834	0.0685622	0.0463429	0.0176211	0.000252775	0.0033424
3	0.00616987	0.00193028	0.00119675	0.00191747	0.00384832	0.00139583	0.0126366	0.241758	0.00184179	0.287118	0.0955709	0.00129936	0.000607406	0.00222681	0.00155579	0.00486461	0.107724	0.212427	0.000266074	0.0136459
4	0.0886043	0.063001	0.0016484	0.00497158	0.0117866	0.012147	0.00436944	0.236007	0.00729439	0.240564	0.0918827	0.00208906	0.00238235	0.0113214	0.00201428	0.0245386	0.0146097	0.173166	0.000714689	0.00688744
5	0.0254854	0.0141068	0.0125809	0.0586884	0.0155738	0.0112965	0.0138589	0.0655023	0.310284	0.0283373	0.0106598	0.0287651	0.00468336	0.0259833	0.244146	0.0106873	0.0331533	0.0718327	0.000495191	0.0138803
6	0.00229018	0.00389723	0.000898134	0.00145893	0.000787562	0.0145369	0.00408028	0.00230209	0.105392	0.00897233	0.0016202	0.000877953	0.000373315	0.00592699	0.837852	0.00399367	0.00170027	0.00188678	0.000194774	0.000957693
7	0.00313738	0.00508544	0.00112363	0.00156251	0.00106901	0.0150241	0.00462519	0.0023648	0.140063	0.00964262	0.00237224	0.00129399	0.000399523	0.00722025	0.792686	0.00546916	0.00181252	0.00342093	0.00031623	0.00131096
8	0.0299616	0.0142113	0.00828924	0.00922416	0.122711	0.0845917	0.0502056	0.0335176	0.0161923	0.249195	0.159569	0.0145232	0.00540959	0.0529484	0.0142368	0.0319149	0.0179066	0.0300525	0.00174972	0.0535895
9	0.00729856	0.00211095	0.00120643	0.00126065	0.490964	0.00264482	0.00292867	0.0996482	0.00286065	0.0574724	0.00485354	0.00104818	0.00518163	0.00170574	0.00121885	0.00278364	0.00382333	0.124838	0.0105982	0.175553
10	0.00907022	0.0015384	0.00134847	0.00145343	0.337963	0.00165912	0.00113562	0.154668	0.00370272	0.0583852	0.00429744	0.00136301	0.00740108	0.00172972	0.00145469	0.00269183	0.00453273	0.19596	0.0140336	0.195612
11	0.0216772	0.00425871	0.00846222	0.0614234	0.00883142	0.0371331	0.0114107	0.0352098	0.117572	0.0430181	0.0406226	0.0629951	0.188162	0.285026	0.012585	0.0364445	0.0131767	0.0068284	0.00108403	0.00407933
12	0.535565	0.00375208	0.00241536	0.00166706	0.00487085	0.0808823	0.0014621	0.00629296	0.0112465	0.0057468	0.00556467	0.00503293	0.000664683	0.00416149	0.0151885	0.252273	0.0263941	0.0350086	0.000365775	0.00144525
13	0.0497291	0.00936405	0.0080052	0.0132818	0.346203	0.0137299	0.0295181	0.0148964	0.0112637	0.0246558	0.00921189	0.0142179	0.00481266	0.0143179	0.00992996	0.0856306	0.0471486	0.0151558	0.00383588	0.275091
14	0.128725	0.00584159	0.140137	0.306997	0.00296087	0.0352397	0.00568895	0.00534762	0.0612186	0.0194282	0.00682482	0.0423387	0.00658607	0.0459593	0.0153337	0.123162	0.0204294	0.0114027	0.000407479	0.0159718
15	0.0519908	0.0481977	0.00619476	0.00975641	0.0253133	0.00777142	0.0487104	0.252741	0.0110495	0.283299	0.0291238	0.0198782	0.074071	0.0131635	0.00785805	0.0169763	0.0156394	0.0661085	0.00260592	0.00955126
16	0.0139761	0.00404275	0.00556454	0.0182002	0.144092	0.00752498	0.156502	0.00732933	0.0216311	0.0342007	0.0112669	0.0333752	0.00513936	0.0184011	0.00676469	0.0197364	0.0248222	0.00681928	0.00150893	0.459102
17	0.0388067	0.000954457	0.0148762	0.00561508	0.00445892	0.836638	0.00100413	0.00132578	0.00351873	0.00199143	0.00112585	0.013376	0.000603711	0.00161379	0.00960409	0.0459862	0.00773124	0.00606473	0.00368653	0.00101868
18	0.0401629	0.00108923	0.0168643	0.00573481	0.00403827	0.820338	0.00118223	0.00126441	0.00863063	0.0025271	0.00126648	0.0156633	0.000899923	0.00293557	0.00960049	0.0489142	0.00887719	0.00566416	0.00327923	0.00106775
19	0.0731143	0.0312906	0.0036058	0.0124857	0.022448	0.00614387	0.00568215	0.17109	0.00461269	0.0470788	0.0258365	0.00673237	0.00176565	0.0179951	0.0196384	0.064418	0.157347	0.299831	0.00182127	0.0270635
20	0.401288	0.00225961	0.00655761	0.0023004	0.00170272	0.142147	0.00208473	0.00291227	0.021446	0.00358144	0.00505187	0.014776	0.000853131	0.00267226	0.0367237	0.300826	0.0389338	0.0117818	0.000523385	0.00157776
21	0.0539583	0.00315133	0.020915	0.0114453	0.00858483	0.731775	0.00438988	0.00532682	0.0271794	0.014162	0.00400959	0.0244093	0.0022189	0.00832236	0.0113429	0.0410252	0.0101525	0.00949069	0.00268618	0.00545473
22	0.00805782	0.00681568	0.00322112	0.00349105	0.328248	0.0129455	0.00696658	0.0419243	0.00450609	0.423194	0.0442274	0.00283115	0.00287768	0.0175818	0.00338699	0.00551358	0.0154314	0.0156993	0.0021472	0.0509332
23	0.00741651	0.00177086	0.00144656	0.00168308	0.340426	0.00731402	0.00169456	0.010009	0.00179732	0.00444747	0.00175668	0.00153212	0.000750574	0.00195387	0.00135429	0.00438201	0.00900582	0.00868192	0.00838174	0.584195
24	0.0613451	0.0217157	0.185851	0.069923	0.0112417	0.0294765	0.0125691	0.0192174	0.0339307	0.0255922	0.0192937	0.0346384	0.00707449	0.0271874	0.0231672	0.108323	0.26192	0.033739	0.00274461	0.0110491
25	0.0107081	0.0109476	0.00494957	0.00187718	0.402255	0.00230585	0.0379978	0.02315	0.00296929	0.115616	0.0127838	0.00334326	0.000698452	0.00716365	0.00142409	0.00657151	0.00365495	0.00644676	0.00776381	0.337374
26	0.119974	0.0077733	0.0140615	0.0086552	0.00545634	0.66854	0.00285759	0.00549215	0.0146952	0.00725223	0.00741768	0.0162662	0.00286034	0.0081281	0.0125748	0.0548716	0.0184194	0.0176689	0.00252326	0.00451249
27	0.0791014	0.0034761	0.0102453	0.0140771	0.0111318	0.0176619	0.0102914	0.0205384	0.0209944	0.021184	0.0113031	0.0126125	0.577961	0.00966822	0.0102985	0.0798401	0.0484607	0.0202765	0.000902886	0.0199752
28	0.087386	0.0078297	0.00823498	0.0954096	0.0116243	0.0177398	0.00330172	0.0591009	0.0575235	0.122685	0.0541736	0.0107847	0.0598351	0.0394799	0.0254672	0.0718393	0.12403	0.131233	0.00219277	0.010129
29	0.151927	0.0194033	0.0121551	0.0161768	0.0162023	0.166798	0.00988801	0.022512	0.0154459	0.0980041	0.136267	0.0101156	0.00653211	0.0140826	0.0119525	0.0354784	0.191533	0.0520717	0.00231151	0.0111427
30	0.254871	0.115131	0.00697656	0.00758994	0.00472642	0.0197501	0.0056311	0.00890014	0.00797657	0.0263105	0.00387917	0.0503496	0.00575236	0.0154951	0.00686642	0.239521	0.171487	0.0441966	0.000433039	0.00415734
31	0.200982	0.00772734	0.0043921	0.0314141	0.00925072	0.00341468	0.00912562	0.00519575	0.0300092	0.0597639	0.0374038	0.0534969	0.0356509	0.0778464	0.0287791	0.233161	0.141742	0.0133147	0.000658431	0.0166705
32	0.0118769	0.00937823	0.000548138	0.000564218	0.0522995	0.000482603	0.00229995	0.319348	0.000589064	0.361673	0.0573726	0.000466568	0.00876059	0.003239	0.000484372	0.00321861	0.0119155	0.148525	0.00189895	0.00505954
33	0.0567454	0.00801464	0.0430462	0.123075	0.00768228	0.0277583	0.0154398	0.0141433	0.274274	0.0258382	0.00422869	0.0279384	0.00157538	0.0725627	0.170715	0.0391817	0.0612	0.0215844	0.000345036	0.00465175
34	0.217247	0.00498986	0.0483215	0.0245563	0.00272883	0.0239059	0.0186323	0.00341781	0.0156632	0.00507227	0.00518512	0.187018	0.00124269	0.069683	0.0909974	0.224095	0.0490992	0.00437293	0.000587695	0.00318408
35	0.0863482	0.00641541	0.0474124	0.113628	0.00502548	0.0603446	0.0168132	0.00545596	0.240642	0.0154963	0.0028063	0.0482563	0.00845601	0.0743486	0.151568	0.0470671	0.0507199	0.0148482	0.000316858	0.00403115
36	0.0117452	0.00974777	0.000556972	0.000638651	0.0516887	0.000502911	0.00175983	0.342229	0.000604879	0.344018	0.0572866	0.000637433	0.008191	0.00304312	0.000520056	0.00341268	0.00892919	0.148003	0.00213652	0.00434876
37	0.0161153	0.00704429	0.00388126	0.0530091	0.00637737	0.00366182	0.00388167	0.495305	0.00550669	0.108775	0.0275254	0.0103958	0.00278312	0.030913	0.00433605	0.00683355	0.0303645	0.162969	0.000628095	0.0196945
38	0.0831082	0.00267819	0.102403	0.0471897	0.00253104	0.013044	0.0179877	0.0034502	0.0320978	0.00485305	0.00423745	0.180512	0.00127834	0.181393	0.0574768	0.230445	0.024606	0.00499851	0.000422405	0.00528786
39	0.152788	0.00450267	0.005395	0.0597114	0.0267901	0.00312777	0.00299474	0.126772	0.0442259	0.273713	0.0201247	0.00578195	0.00386256	0.0409149	0.00806117	0.0135523	0.083942	0.11791	0.000914232	0.0049152
40	0.0183295	0.00846745	0.0068293	0.016118	0.254922	0.00806254	0.00942618	0.13569	0.0150156	0.0838387	0.0263897	0.00621111	0.0115975	0.012992	0.00893845	0.0113302	0.0251635	0.133385	0.0547967	0.152496
41	0.002992	0.00392269	0.00121387	0.0024158	0.00116109	0.014577	0.00544054	0.00262097	0.120038	0.00925652	0.00206974	0.0015422	0.000372926	0.00607178	0.815213	0.00474761	0.00202018	0.00273073	0.000214357	0.00137897
42	0.055931	0.0091084	0.0727757	0.124641	0.0042118	0.042506	0.0237412	0.00393934	0.265212	0.0178545	0.00144974	0.0452478	0.000809165	0.0789194	0.130071	0.0497167	0.0577445	0.013666	0.000179837	0.00227523
43	0.10958	0.00691674	0.0333154	0.14014	0.013697	0.0451063	0.0289625	0.00836345	0.0730314	0.00957873	0.00601255	0.0738964	0.00615021	0.169138	0.0789832	0.106364	0.0223463	0.0111319	0.00361211	0.0536743
44	0.0463541	0.000923623	0.435266	0.316785	0.00103771	0.0112019	0.0151048	0.00254687	0.0292773	0.00552451	0.00794871	0.0289394	0.0019546	0.0220832	0.0216062	0.0279486	0.0181163	0.00181468	0.000350113	0.00521675
45	0.0357003	0.00174542	0.201484	0.140622	0.00143197	0.125438	0.0246225	0.00643614	0.0937004	0.00255449	0.0026594	0.144017	0.000460425	0.0802984	0.0252953	0.065056	0.0316628	0.0100353	0.00029946	0.00648039
46	0.050312	0.0320103	0.00458276	0.00455896	0.0425748	0.0151771	0.0515679	0.061551	0.0119293	0.277629	0.194251	0.032119	0.00285719	0.0272111	0.00561756	0.0754471	0.00745499	0.0423762	0.000959883	0.0598125
47	0.0538091	0.0428006	0.00425349	0.00441757	0.0386527	0.0137488	0.0439163	0.060861	0.0126295	0.276742	0.170178	0.0281611	0.00227179	0.0268812	0.00591631	0.0863241	0.00889498	0.0555659	0.000910896	0.0630647
48	0.0239665	0.00290175	0.0101704	0.682811	0.00345597	0.00742522	0.00573444	0.011256	0.0419068	0.0221157	0.0256818	0.006859	0.0107488	0.0895889	0.0151457	0.0132148	0.01762	0.00501369	0.000920222	0.00346334
49	0.0111521	0.00971195	0.000887543	0.0017198	0.0198967	0.000513798	0.000889709	0.45662	0.000676329	0.208323	0.0446676	0.000463572	0.00354376	0.00274387	0.000466213	0.00256641	0.0100198	0.22212	0.000934013	0.0020828
50	0.0535959	0.000775815	0.391459	0.355431	0.000754769	0.01179	0.00553105	0.00152528	0.0350126	0.00334013	0.00904006	0.0217724	0.000523973	0.0264637	0.0257607	0.0324385	0.0195661	0.00145497	0.000215989	0.00354848
51	0.110341	0.170728	0.0301155	0.00679659	0.00554196	0.105967	0.00436775	0.00671836	0.00956127	0.0153407	0.00763881	0.0110062	0.00307126	0.0066154	0.00708743	0.192787	0.287465	0.0127849	0.000987408	0.00507821
52	0.13613	0.00295731	0.00315959	0.00463676	0.00272764	0.00665263	0.00287773	0.0271474	0.0156187	0.0203602	0.00613117	0.0128878	0.436003	0.0043441	0.00907871	0.134158	0.130666	0.0303042	0.000781193	0.0133779
53	0.0841444	0.0368954	0.046062	0.00907954	0.00502739	0.0062306	0.00484736	0.134477	0.00736276	0.0337622	0.0863436	0.115178	0.00303612	0.00955897	0.00732793	0.106801	0.138843	0.156907	0.00144731	0.00666904
54	0.0108363	0.00912487	0.000960184	0.00145087	0.0220864	0.000511389	0.00130554	0.435608	0.000804092	0.222824	0.0465973	0.000461191	0.00414435	0.00281804	0.000496512	0.00254073	0.0119256	0.221957	0.000982557	0.00256569
55	0.148934	0.0115006	0.0083731	0.0109809	0.00842179	0.144024	0.00639528	0.00913213	0.0117377	0.071173	0.1773	0.00794317	0.00428351	0.0109883	0.00942566	0.0179862	0.282641	0.0495887	0.00193218	0.00723966
56	0.0329925	0.0123024	0.00485042	0.0167644	0.0299445	0.00529328	0.0077198	0.288945	0.0151714	0.206743	0.035476	0.00868512	0.0753481	0.0317272	0.00794642	0.018791	0.026075	0.159981	0.00213874	0.0131049
57	0.0863651	0.00578233	0.0352965	0.340832	0.00600053	0.00800719	0.146275	0.00732418	0.0378088	0.0350638	0.00701059	0.00653372	0.00356327	0.00985539	0.00648146	0.0756872	0.0110114	0.00904509	0.00141194	0.160645
58	0.0826032	0.00254972	0.104194	0.232794	0.00149641	0.0127366	0.0125045	0.031488	0.0543347	0.0251142	0.00215118	0.0585623	0.172485	0.0537288	0.0252659	0.0576822	0.0306668	0.0322171	0.000234968	0.00719041
59	0.0137823	0.0128132	0.00210195	0.00338514	0.0152137	0.00178562	0.00400077	0.349384	0.00415364	0.1486	0.0506685	0.00110343	0.00219935	0.00467918	0.00240959	0.00443051	0.0267365	0.346621	0.00063367	0.00529706
60	0.00727062	0.00715615	0.00260808	0.00128404	0.58918	0.00324338	0.0155056	0.0195266	0.00128354	0.0960373	0.00867061	0.0013313	0.000419908	0.00432694	0.00102994	0.00431121	0.0024509	0.0115526	0.00674368	0.216068
61	0.0200215	0.00781557	0.0123284	0.104497	0.0233301	0.00729867	0.0109539	0.0647492	0.325535	0.0162244	0.0189214	0.0229403	0.00276632	0.0640836	0.192884	0.0116427	0.0216641	0.0592194	0.00053921	0.0125856
62	0.330487	0.00949911	0.0105748	0.00975401	0.00893398	0.0155925	0.00645132	0.00979711	0.0111194	0.021937	0.0154144	0.0101735	0.00501873	0.00995535	0.00864856	0.0586574	0.433605	0.0150826	0.00223718	0.00706122
63	0.145295	0.0215104	0.0335867	0.0368357	0.013484	0.0702442	0.0197771	0.0158474	0.0386494	0.0263607	0.0182967	0.0389961	0.0248621	0.0262861	0.02386	0.295	0.101055	0.0284915	0.00197273	0.0195891
64	0.0570185	0.00240885	0.0180891	0.00767217	0.00434826	0.756138	0.00270319	0.00379071	0.0208415	0.00588818	0.00326281	0.0230936	0.00136493	0.00786398	0.0168441	0.0418866	0.00999114	0.0103225	0.00337334	0.00309862
65	0.0474481	0.0156285	0.0508977	0.0434901	0.0463688	0.0320016	0.203458	0.0321751	0.0486724	0.0485442	0.018788	0.0877918	0.0126228	0.0314129	0.0456751	0.0719882	0.0339269	0.0313106	0.00364998	0.0941492
66	0.132247	0.0658927	0.00220888	0.0121881	0.00714055	0.0144359	0.0021955	0.216175	0.0112903	0.209425	0.0450857	0.00300605	0.00205771	0.0141923	0.00281085	0.0264872	0.0271864	0.199905	0.000538354	0.00553261
67	0.0532272	0.00072594	0.400767	0.350169	0.000850269	0.0130433	0.00510814	0.00159721	0.0346707	0.00323776	0.00876625	0.0206533	0.000596113	0.0258068	0.0244355	0.0308348	0.0205496	0.00150029	0.000227018	0.00323359
68	0.0412861	0.0100319	0.0391229	0.0489379	0.0103035	0.0653745	0.0434426	0.011682	0.27081	0.0199443	0.0102485	0.0409432	0.004081	0.0350625	0.246592	0.0353672	0.0307427	0.0245025	0.000377496	0.0111467
69	0.0163437	0.00760133	0.00768267	0.00844341	0.477844	0.0111686	0.0143931	0.0419096	0.00799833	0.0818928	0.0172712	0.00445509	0.00363626	0.00942411	0.00505216	0.0115491	0.01377	0.038266	0.00819069	0.213108
70	0.160155	0.0709622	0.0168871	0.0230853	0.00382789	0.006637	0.00288679	0.00873779	0.0136935	0.0301909	0.00722228	0.111967	0.00807826	0.0309268	0.00778371	0.212896	0.251991	0.0273	0.000561974	0.00420972
71	0.0540553	0.0138836	0.404945	0.143055	0.00622317	0.0251619	0.032979	0.0114588	0.0398469	0.0157796	0.00927197	0.0795331	0.0126247	0.0254832	0.021205	0.0486408	0.0290417	0.0118847	0.00109319	0.013833
72	0.0119136	0.00387428	0.00726929	0.0248502	0.229518	0.00288177	0.00919672	0.107898	0.0263687	0.0776293	0.0446474	0.00208428	0.0212876	0.0102134	0.0102261	0.00381307	0.0299284	0.174917	0.0360595	0.165424
73	0.0276888	0.0186096	0.000835017	0.0018728	0.0348318	0.00308781	0.00427276	0.31026	0.00224315	0.307434	0.0771514	0.00108224	0.00591956	0.0055459	0.000863992	0.00879603	0.0186532	0.163499	0.00147066	0.00588203
74	0.0452289	0.131114	0.00422342	0.00590528	0.00877669	0.00847628	0.00700175	0.17143	0.00499399	0.0164806	0.0116668	0.00902183	0.0020347	0.00624616	0.0118231	0.0239031	0.216938	0.306628	0.000899584	0.00720728
75	0.051474	0.00708183	0.0383853	0.119171	0.0122843	0.0227427	0.01617	0.0211849	0.2703	0.0176599	0.00453251	0.034187	0.00134796	0.0634853	0.198508	0.0345316	0.0526609	0.0250732	0.000438398	0.00878091
76	0.0974288	0.355346	0.216351	0.0112284	0.00935786	0.0156653	0.0073596	0.0112276	0.0124131	0.01585	0.0114305	0.14392	0.00453011	0.0114716	0.0122415	0.0216436	0.017463	0.0144044	0.00209146	0.00857612
77	0.0342074	0.00287647	0.00321112	0.149044	0.0150061	0.0400705	0.00319477	0.0288463	0.0528722	0.11326	0.0614199	0.00377293	0.0889442	0.0281654	0.0170023	0.0447987	0.139416	0.166887	0.00070013	0.00630499
78	0.0702199	0.00461833	0.0977436	0.0929837	0.0050559	0.0430366	0.022306	0.0142562	0.284889	0.00888481	0.00259446	0.0706333	0.00404767	0.0660357	0.0546226	0.056297	0.0535687	0.0443721	0.000494614	0.00333946
79	0.0605705	0.0755748	0.00933224	0.0260185	0.00372398	0.00962691	0.00336773	0.00599986	0.0302268	0.0384338	0.00528254	0.212661	0.00343122	0.0108183	0.00364274	0.248104	0.238047	0.0108075	0.000988423	0.003342
80	0.016717	0.000870473	0.0294412	0.00156403	0.000934815	0.690724	0.0060715	0.00125169	0.115542	0.010741	0.00117355	0.0811448	0.000494148	0.0152745	0.0103118	0.0127176	0.00214442	0.00165794	0.000217003	0.00100629
81	0.0598729	0.000893488	0.388708	0.333862	0.000949473	0.0100008	0.00658773	0.00178331	0.039562	0.00353002	0.00765609	0.0254453	0.00181592	0.0253649	0.032603	0.0348094	0.0209176	0.00150486	0.000233461	0.00389978
82	0.103402	0.0841739	0.00590848	0.016288	0.0922759	0.0329448	0.0103742	0.132152	0.0353678	0.0306146	0.013639	0.00608053	0.00326781	0.0170632	0.051837	0.104521	0.0883943	0.0883687	0.00452106	0.0788066
83	0.0104847	0.0112643	0.00494313	0.00167399	0.426377	0.00225693	0.0368186	0.0236521	0.00241949	0.112341	0.0119114	0.00300658	0.000551363	0.00698369	0.00115097	0.00649023	0.00300312	0.00668334	0.00818945	0.319798
84	0.0117681	0.00494758	0.00662711	0.00827376	0.00196958	0.0159543	0.00605105	0.00629189	0.105373	0.0128363	0.00579227	0.00467029	0.00314627	0.00903818	0.764319	0.0115606	0.0085105	0.00977585	0.000372419	0.00272146
85	0.419527	0.0229954	0.0102546	0.0161988	0.0136896	0.0296009	0.00734532	0.0273364	0.0193454	0.0763399	0.0195694	0.0166289	0.0110393	0.0174352	0.0148107	0.0909769	0.128402	0.0479685	0.0014994	0.0090367
86	0.05389	0.0147391	0.406076	0.140507	0.0102865	0.028431	0.0344394	0.0108657	0.0367439	0.0178833	0.0101295	0.0767569	0.0126597	0.0280587	0.0232864	0.0443614	0.0247161	0.0119384	0.0012688	0.012962
87	0.0537645	0.0103558	0.0530509	0.0577933	0.0136797	0.154155	0.0946421	0.0127954	0.190392	0.0237879	0.0107307	0.0514521	0.0110406	0.05287	0.0858214	0.0469765	0.0331593	0.0199173	0.00136369	0.0222518
88	0.00900883	0.00214758	0.00175106	0.00283778	0.305173	0.00165227	0.00196694	0.162504	0.00452005	0.088682	0.0115811	0.00126818	0.00795269	0.00221929	0.00192957	0.00272485	0.00803026	0.191331	0.0141122	0.178608
89	0.00839408	0.0094586	0.00164761	0.00258779	0.00793841	0.000543978	0.00048306	0.476265	0.0026803	0.115163	0.0276023	0.000543664	0.00139928	0.00354347	0.00124455	0.00154375	0.00646075	0.331207	0.000310037	0.000982783
90	0.0466879	0.00585245	0.0768669	0.209934	0.00460291	0.072065	0.0153463	0.00724839	0.27281	0.0119437	0.00381042	0.0318013	0.00479103	0.0666007	0.0676177	0.0346187	0.0486879	0.0139182	0.000696963	0.00409949
91	0.104648	0.00234943	0.233572	0.181443	0.00306272	0.0938008	0.0136748	0.00745615	0.0332495	0.00789387	0.00856986	0.106613	0.000663073	0.0617229	0.00827738	0.0683517	0.043847	0.017047	0.000249124	0.00350865
92	0.0357816	0.00174089	0.208042	0.146832	0.00144863	0.11458	0.0251304	0.00610803	0.100434	0.00280932	0.00247134	0.143444	0.000458289	0.0793266	0.0215117	0.0610733	0.0325075	0.0104528	0.000242122	0.00560577
93	0.0689997	0.00525532	0.117687	0.10985	0.00491766	0.0379343	0.0186651	0.00919532	0.247276	0.00875925	0.00244171	0.0773059	0.00718702	0.0594874	0.0560095	0.0747411	0.0609852	0.0295682	0.000451846	0.00328242
94	0.0367498	0.00777036	0.0227649	0.0205082	0.0372043	0.0261158	0.0106257	0.0678172	0.0911152	0.282249	0.119965	0.00681872	0.00737879	0.0715328	0.0702509	0.0173406	0.0128116	0.0585533	0.00224477	0.0301835
95	0.0950057	0.0640645	0.00266608	0.0150997	0.00303438	0.016478	0.00245335	0.21846	0.0163393	0.228141	0.0681884	0.0021315	0.00211826	0.0227357	0.00382156	0.0398615	0.0238078	0.163773	0.000942319	0.0108778
96	0.147435	0.0188837	0.0846838	0.26603	0.00227611	0.00796327	0.00406421	0.00543029	0.104276	0.0120148	0.0109256	0.0471849	0.0384778	0.045767	0.0395809	0.112304	0.0282607	0.00954218	0.000468197	0.0144312
97	0.010762	0.00302848	0.00430783	0.0163406	0.127723	0.00522294	0.160711	0.00653596	0.0224672	0.0306047	0.0116385	0.0331125	0.00407464	0.0154419	0.00550633	0.0152232	0.0248688	0.00471106	0.00093266	0.496786
98	0.0369121	0.00172873	0.208295	0.142804	0.00140829	0.118486	0.0249108	0.00600885	0.0938695	0.00256362	0.00251563	0.147881	0.000437496	0.0794797	0.0208679	0.0629528	0.0323431	0.0105744	0.000229008	0.00573274
99	0.0128515	0.0118143	0.000964263	0.00216379	0.0195779	0.000712755	0.000915051	0.466778	0.000792792	0.195293	0.0429746	0.000820199	0.00344104	0.00346422	0.000480383	0.00261772	0.00853671	0.222573	0.000894386	0.0023343
100	0.0308642	0.00920859	0.0109217	0.0371417	0.0228126	0.0236207	0.0139697	0.0263567	0.298413	0.0311524	0.00980429	0.0445957	0.0180248	0.0126988	0.218489	0.0117808	0.058116	0.109904	0.000712224	0.0114124
101	0.401062	0.136469	0.0419382	0.00853228	0.0148434	0.09393	0.00414596	0.00486527	0.00888376	0.0111768	0.0104783	0.0632469	0.00252187	0.00769271	0.01766	0.129326	0.0246695	0.014103	0.000704709	0.0037501
102	0.0839213	0.00890012	0.00871841	0.0237277	0.0129508	0.0145196	0.00858174	0.0276225	0.0228991	0.0676212	0.0179156	0.0152152	0.379481	0.0161818	0.0136207	0.0842199	0.134807	0.0373382	0.00262713	0.0191311
103	0.105246	0.00210468	0.0532822	0.144511	0.00129816	0.00997474	0.00920678	0.0790632	0.0262413	0.0117266	0.00180797	0.00194358	0.000994338	0.0167565	0.0253519	0.0545123	0.176979	0.277088	0.000312837	0.00159893
104	0.061357	0.0963602	0.00690396	0.0127715	0.00634455	0.0324154	0.00418033	0.006754	0.0489415	0.06127	0.00990394	0.0742696	0.00327351	0.0099728	0.00611212	0.316046	0.223044	0.0150594	0.000845247	0.00417447
105	0.016717	0.000870473	0.0294412	0.00156403	0.000934815	0.690724	0.0060715	0.00125169	0.115542	0.010741	0.00117355	0.0811448	0.000494148	0.0152745	0.0103118	0.0127176	0.00214442	0.00165794	0.000217003	0.00100629
106	0.138485	0.00474087	0.182379	0.16786	0.00448785	0.119865	0.00848783	0.00851864	0.0184776	0.0108593	0.0209549	0.127518	0.00197023	0.0401996	0.0072803	0.055973	0.0489147	0.0283574	0.000667168	0.00400349
107	0.0835583	0.00263904	0.102879	0.235497	0.00135798	0.0130916	0.0127223	0.0290274	0.0543422	0.025115	0.00212187	0.0589936	0.171732	0.0535844	0.0253161	0.0586664	0.0308488	0.0309034	0.000221825	0.00738086
108	0.00918194	0.00490463	0.00138501	0.00213977	0.215699	0.00122494	0.00213879	0.197878	0.0039254	0.216286	0.0258476	0.000952766	0.0121791	0.00296393	0.00137466	0.00267983	0.00951425	0.169102	0.0107356	0.109887
109	0.0874073	0.00131233	0.0261891	0.046173	0.0012835	0.0662656	0.0012202	0.00162736	0.0324689	0.00894002	0.0213888	0.00159765	0.000732647	0.00740312	0.00397549	0.495555	0.168958	0.0105187	0.000331484	0.0166514
110	0.134679	0.00138243	0.214738	0.102691	0.0175639	0.0176432	0.00848092	0.00304787	0.130312	0.00324034	0.0017023	0.0382114	0.147428	0.00912908	0.0191805	0.120021	0.024854	0.00347049	0.000350224	0.00187506
111	0.148498	0.00243109	0.00296755	0.00370632	0.00251078	0.00650415	0.00322719	0.0461764	0.0126746	0.0304486	0.00650542	0.0159347	0.466854	0.00432888	0.0124098	0.117722	0.0662502	0.033477	0.000653809	0.0167192
112	0.0179825	0.00680762	0.0139587	0.0513629	0.143248	0.00426374	0.0174413	0.104931	0.0428244	0.0760586	0.0764066	0.00258611	0.013132	0.0208408	0.0223678	0.00563272	0.0498018	0.177238	0.033639	0.119476
113	0.0855158	0.00276492	0.102706	0.233879	0.00149085	0.013352	0.0128431	0.0278385	0.054849	0.0245212	0.00219551	0.0587523	0.170332	0.0535119	0.025562	0.0609757	0.0311024	0.0297481	0.000223554	0.00783524
114	0.0114738	0.00591686	0.00468163	0.0134261	0.406947	0.00519283	0.0108898	0.0672208	0.013017	0.0768993	0.0346803	0.00299652	0.00789362	0.00789622	0.00687586	0.00605469	0.0171774	0.107512	0.0159849	0.177264
115	0.0353567	0.00643342	0.035829	0.0141996	0.0064752	0.0215808	0.225565	0.00877321	0.0126171	0.0113485	0.00848224	0.314599	0.00437218	0.0126476	0.0380793	0.190656	0.0161267	0.0102377	0.00123795	0.0253827
116	0.0227578	0.0164086	0.00681319	0.0072432	0.0690902	0.00791849	0.00633521	0.0957838	0.0109569	0.530303	0.0792618	0.00711083	0.00783578	0.0125884	0.00715316	0.0144515	0.0197514	0.0577474	0.00154257	0.0189464
117	0.029442	0.0159458	0.0068571	0.00994355	0.0444682	0.0131615	0.0110803	0.106584	0.0220672	0.354598	0.18947	0.00657615	0.00646221	0.0403326	0.0180142	0.0164103	0.0258516	0.0639064	0.0018954	0.016933
118	0.015022	0.006617	0.00366963	0.00474601	0.50062	0.00708719	0.0138978	0.0373592	0.00640386	0.0863951	0.013869	0.00388042	0.00316852	0.00813047	0.00405386	0.0121356	0.0149711	0.035343	0.00776109	0.214869
119	0.140614	0.000893849	0.031437	0.0362301	0.0015928	0.140028	0.00638682	0.0023457	0.212363	0.00613106	0.00275473	0.0453386	0.0493857	0.134026	0.0756047	0.0871077	0.0155919	0.0107553	0.000327069	0.0010856
120	0.0457459	0.0741356	0.010232	0.0106301	0.0151091	0.0209854	0.0053069	0.0416007	0.0123982	0.0705052	0.0235467	0.0222981	0.00399689	0.0135077	0.00882435	0.22299	0.347191	0.0382278	0.00265619	0.0101123
121	0.112727	0.00819492	0.00584571	0.0351212	0.0121364	0.00381848	0.012902	0.00344065	0.0611395	0.0457455	0.0266791	0.0689893	0.0387063	0.100246	0.0287775	0.22901	0.168051	0.0141835	0.000557712	0.023729
122	0.0119145	0.0114072	0.00156299	0.00331478	0.0152547	0.000993801	0.00268787	0.418688	0.00338504	0.158102	0.0363575	0.00156693	0.00262139	0.00448145	0.00159174	0.00362466	0.0154114	0.302702	0.000684661	0.00364704
123	0.0506182	0.00465664	0.0194252	0.00812071	0.00361628	0.760246	0.00287525	0.00249648	0.0230776	0.00524814	0.00422688	0.0267588	0.00124594	0.00914574	0.0111618	0.0428237	0.0104873	0.0093526	0.00280167	0.00161534
124	0.13576	0.00665207	0.0070006	0.0105101	0.00933514	0.0136804	0.0093269	0.0232537	0.0221492	0.0272425	0.0493551	0.0172795	0.453218	0.0104195	0.0234211	0.0725208	0.043123	0.0217655	0.00174975	0.0422366
125	0.0898654	0.00149764	0.0246664	0.0464874	0.00139698	0.0686938	0.00132499	0.00179616	0.035071	0.00843987	0.0226749	0.00167544	0.000752756	0.00691749	0.0040517	0.488705	0.166021	0.0106698	0.000361855	0.0189297
126	0.424256	0.00598176	0.00275554	0.0119647	0.00469315	0.359019	0.00234879	0.0139428	0.00440324	0.00680091	0.015379	0.00280693	0.00114686	0.00546847	0.00342332	0.034331	0.0204778	0.0695594	0.000609412	0.0106314
127	0.00748944	0.00172704	0.00146707	0.00166668	0.341143	0.00742433	0.00146134	0.00971151	0.00178884	0.00406737	0.00169124	0.00149927	0.000755399	0.00196931	0.00133206	0.00441785	0.0089963	0.00862991	0.0082934	0.584468
128	0.00889983	0.0151179	0.0012847	0.00146521	0.0597753	0.00299885	0.00121846	0.015322	0.00193618	0.739965	0.112999	0.0012471	0.00112083	0.00196334	0.00147916	0.002596	0.00580611	0.00582509	0.000369104	0.0186104
129	0.00990372	0.00560699	0.00354131	0.00551166	0.00239421	0.017588	0.00570667	0.00427714	0.111055	0.0104637	0.00508972	0.00331505	0.00148669	0.00933438	0.782486	0.00968832	0.00449447	0.00582129	0.000350928	0.00188401
130	0.0784827	0.00568895	0.0195092	0.021837	0.010823	0.0167212	0.0113859	0.0228012	0.0249145	0.0234802	0.010513	0.0178632	0.544017	0.0156706	0.0115778	0.0782979	0.0468277	0.0212763	0.000802729	0.0175101
131	0.0355409	0.00422086	0.067522	0.659007	0.00728247	0.0101487	0.00762319	0.0111472	0.0284749	0.0114044	0.0162817	0.0109882	0.00634795	0.0468824	0.0136353	0.0195215	0.0218165	0.0141041	0.000825665	0.00722479
132	0.0574931	0.0243674	0.015726	0.0287375	0.0298868	0.0253547	0.0140707	0.0876147	0.0282917	0.164208	0.0461473	0.0190192	0.0138357	0.0233362	0.0186481	0.0749838	0.216912	0.0892685	0.00327681	0.0188218
133	0.413302	0.021325	0.0167943	0.0169367	0.00826451	0.0723962	0.00668586	0.0128611	0.0257028	0.0162876	0.0101618	0.0178373	0.0160206	0.0140383	0.0176755	0.217127	0.0497255	0.0397273	0.00072281	0.00640792
134	0.0745192	0.0166681	0.0371987	0.0897095	0.0203746	0.0418691	0.0254719	0.0329163	0.0764732	0.0551936	0.0439038	0.0401914	0.0272404	0.202028	0.0422547	0.0667244	0.045927	0.034555	0.00251357	0.024268
135	0.048961	0.00488553	0.0219865	0.00986278	0.006476	0.742454	0.00406797	0.00469096	0.0275192	0.00929468	0.00364732	0.0268606	0.00135107	0.00851936	0.011643	0.0392995	0.0123048	0.0109198	0.00283533	0.00242014
136	0.018341	0.00696805	0.00752026	0.00969096	0.0116071	0.0107394	0.0418912	0.125579	0.0119656	0.11263	0.432515	0.00914547	0.0033677	0.132333	0.00970443	0.0172519	0.0127273	0.013753	0.00129435	0.0109749
137	0.0143566	0.0071613	0.00330887	0.00632267	0.368379	0.00613368	0.00967704	0.118632	0.00703963	0.10835	0.0179921	0.00411792	0.00627414	0.00745431	0.00572614	0.0100514	0.0147041	0.108319	0.00896123	0.167039
138	0.00868309	0.00526795	0.00148723	0.00234885	0.00508296	0.00193699	0.0109426	0.222691	0.00191193	0.257976	0.0829713	0.00147267	0.000714094	0.00256518	0.00144763	0.00569784	0.0988938	0.275663	0.000312938	0.0119328
139	0.107344	0.00430812	0.228859	0.168121	0.00392211	0.0422727	0.00902319	0.0105348	0.0347084	0.0220329	0.00907867	0.130299	0.00702552	0.0577486	0.0173477	0.0863929	0.0367479	0.0175146	0.000468774	0.00624903
140	0.00752657	0.0038277	0.00182537	0.00177895	0.471947	0.00625857	0.0125191	0.0161687	0.00221152	0.0379913	0.00459248	0.0027697	0.000829259	0.00311848	0.00131109	0.00470661	0.00652534	0.0146387	0.00767866	0.391775
141	0.140746	0.000903869	0.0315573	0.0342301	0.00144401	0.140562	0.0062231	0.00198823	0.213898	0.0062066	0.00244602	0.0465425	0.0490889	0.130796	0.0786168	0.0870782	0.0157627	0.0104556	0.000334873	0.001118
142	0.0241035	0.00821341	0.0308632	0.076303	0.0208887	0.0133618	0.0217987	0.0479787	0.254696	0.0218206	0.010046	0.0477557	0.00310974	0.0391777	0.250927	0.0195497	0.0342958	0.0494072	0.000754877	0.0249488
143	0.127528	0.0802449	0.00745779	0.00845579	0.0210097	0.0675067	0.00898587	0.0689983	0.0116393	0.312859	0.0992946	0.0100877	0.00299907	0.0166102	0.00855298	0.0324684	0.0309514	0.0671147	0.00104261	0.0161931
144	0.0865859	0.040237	0.00464618	0.00637138	0.0190536	0.00845904	0.0215603	0.0239546	0.0298291	0.2931	0.104795	0.0585464	0.00308338	0.014951	0.00551927	0.118152	0.00982212	0.0420463	0.00120595	0.108082
145	0.0810614	0.00224417	0.290588	0.330919	0.00122619	0.0163701	0.00653554	0.00287629	0.0413111	0.0131549	0.00636279	0.0520099	0.00513673	0.0445238	0.0338715	0.041604	0.0146995	0.00494542	0.000402496	0.0101577
146	0.0215683	0.014837	0.00983126	0.00291381	0.37928	0.0033493	0.0388647	0.0248675	0.00387189	0.100231	0.0105151	0.00423006	0.000994788	0.0129648	0.00280612	0.0143943	0.00618835	0.00645487	0.00670236	0.335135
147	0.137036	0.0344192	0.00732234	0.00821608	0.0760967	0.00804843	0.0203715	0.010154	0.0123407	0.0245378	0.0569531	0.195055	0.0049994	0.0683404	0.00922733	0.0938804	0.0397705	0.0508533	0.00180219	0.140575
148	0.187966	0.00335447	0.03205	0.0178477	0.00227862	0.110333	0.00682314	0.00342678	0.0607264	0.00518134	0.0139276	0.138194	0.012574	0.182698	0.0689013	0.129046	0.0131728	0.00632143	0.000529088	0.00464805
149	0.0357604	0.00171799	0.20153	0.142524	0.00145741	0.123168	0.0245451	0.00623732	0.0946823	0.00265961	0.00252038	0.143115	0.000477166	0.0812544	0.0256145	0.0640811	0.0317098	0.00996023	0.000253781	0.00673227
150	0.0192983	0.00286148	0.00278016	0.00688989	0.00282824	0.00438153	0.00224059	0.0042606	0.55893	0.00572091	0.00411791	0.0033169	0.00115523	0.0548969	0.268038	0.0312553	0.00518374	0.0183368	0.000751369	0.00275572
151	0.00670805	0.00247743	0.00114742	0.00149053	0.0105346	0.00123192	0.0125114	0.235392	0.00161769	0.314458	0.0916081	0.00120067	0.00194315	0.0020495	0.00137576	0.00424864	0.0956263	0.201575	0.000389487	0.0124144
152	0.0810285	0.00378655	0.0115258	0.0142085	0.0143235	0.015725	0.00815591	0.0228228	0.0250538	0.031233	0.0128518	0.0120894	0.55305	0.0125504	0.00942736	0.0803083	0.0494319	0.0213975	0.000911685	0.020118
153	0.0137843	0.0107449	0.00340151	0.00609376	0.254522	0.0120896	0.0108002	0.0701046	0.0076821	0.376008	0.0757974	0.00403183	0.00469311	0.0108592	0.00529067	0.00866302	0.0156866	0.0410125	0.00386523	0.0648695
154	0.111293	0.00151619	0.0146197	0.00618299	0.00397842	0.716135	0.0013391	0.00319662	0.00401689	0.00340646	0.00288813	0.0137609	0.000903048	0.00218392	0.00876739	0.0683902	0.0212648	0.0104738	0.00283215	0.00285096
155	0.40225	0.049849	0.00242807	0.00317706	0.0147063	0.10225	0.00464886	0.0358353	0.00503079	0.0183691	0.0157609	0.00345447	0.00107565	0.0111582	0.00367049	0.166425	0.0425049	0.111803	0.000603865	0.0049993
156	0.490064	0.0291166	0.00468595	0.00449396	0.0307069	0.0405767	0.00452047	0.019229	0.0077458	0.0150089	0.00757961	0.00435124	0.00198429	0.00935692	0.00521723	0.0942288	0.069328	0.15523	0.000993743	0.00558212
157	0.0823074	0.0964676	0.0151647	0.0186281	0.0177295	0.0239829	0.0187177	0.0249329	0.0374716	0.0454578	0.0853022	0.0332481	0.00866247	0.122944	0.0407009	0.199283	0.0676075	0.0394687	0.00302847	0.0188954
158	0.00643119	0.00959543	0.00212365	0.00271189	0.00653351	0.000507643	0.000433703	0.439818	0.00439702	0.0760863	0.020973	0.000588757	0.000682038	0.00436674	0.00193214	0.00124465	0.00543679	0.41465	0.000142011	0.00134591
159	0.0683148	0.00431112	0.0180496	0.00861414	0.00646338	0.740748	0.00284768	0.00429837	0.0224909	0.00569551	0.00370566	0.0231607	0.00242224	0.00694945	0.00941305	0.0416655	0.0122202	0.0126618	0.00288984	0.00307781
160	0.0233757	0.0234488	0.0273901	0.0261992	0.00541844	0.00903233	0.0103993	0.00586745	0.228713	0.0511792	0.0225553	0.0715774	0.0213605	0.072425	0.113127	0.133373	0.122447	0.0101741	0.000800414	0.0211369
161	0.531429	0.00493119	0.00194176	0.00152884	0.00554946	0.0892851	0.00157722	0.00819378	0.010657	0.00646212	0.00521749	0.00447492	0.000642574	0.00514794	0.0121748	0.239762	0.0249447	0.0442162	0.000279563	0.00158437
162	0.0116114	0.00348873	0.00206229	0.00149414	0.47988	0.0115398	0.00562317	0.0113854	0.00175795	0.0265242	0.00325648	0.00180064	0.00131209	0.00295943	0.00148362	0.00673188	0.00739137	0.00963455	0.00689061	0.403172
163	0.0110824	0.00517011	0.00466083	0.00837019	0.003873	0.0189801	0.00690241	0.00742567	0.111407	0.0138558	0.00529635	0.00560838	0.00197487	0.0111695	0.75363	0.0107013	0.00869954	0.00714549	0.000758473	0.00328837
164	0.0683062	0.0210804	0.126273	0.0468432	0.0115642	0.0562162	0.0530082	0.0175073	0.0464986	0.0235398	0.0190087	0.22685	0.0146548	0.0420858	0.0320949	0.100602	0.0416484	0.0285532	0.00261587	0.0210497
165	0.0331949	0.00313371	0.0671867	0.658153	0.00472828	0.0131848	0.00775553	0.0112951	0.031294	0.00883061	0.0145424	0.01635	0.00712533	0.0462019	0.0153106	0.0214406	0.0215533	0.0116274	0.00102697	0.00606473
166	0.0168827	0.0128111	0.00160776	0.00416013	0.0237036	0.00191353	0.00204431	0.397507	0.00351534	0.199994	0.0413177	0.00145866	0.00405102	0.00521656	0.00160318	0.00492317	0.0160986	0.254012	0.00117748	0.00600199
167	0.529941	0.0037916	0.00249947	0.00270564	0.00508351	0.0667997	0.00181365	0.00601321	0.0108534	0.00705325	0.00653588	0.00481416	0.00128687	0.00445199	0.0147312	0.271238	0.0244157	0.0338026	0.000413292	0.00175616
168	0.0808327	0.00367671	0.018162	0.0139833	0.0082613	0.0153489	0.00777701	0.0241716	0.0231035	0.0221619	0.0103422	0.0136425	0.574558	0.0105118	0.0101963	0.0790684	0.0470583	0.0196703	0.000711877	0.0167614
169	0.00486932	0.00450947	0.00468897	0.00605411	0.00182098	0.0136848	0.0049454	0.00449738	0.133823	0.0104583	0.00307645	0.00255059	0.000685885	0.00872325	0.779029	0.00648907	0.00356739	0.00453831	0.000209174	0.00177862
170	0.198631	0.00378911	0.0239943	0.0147978	0.00280849	0.11988	0.00597972	0.00374939	0.057304	0.00528202	0.012868	0.137005	0.0113728	0.200004	0.0617002	0.117358	0.0108936	0.00663447	0.000633578	0.00531501
171	0.129733	0.00299775	0.0127186	0.00541119	0.00494902	0.662838	0.00221353	0.00262233	0.00503201	0.00342529	0.00315917	0.0126193	0.000932502	0.00266767	0.0112773	0.103623	0.0178741	0.0114678	0.00284298	0.00159565
172	0.0127497	0.00950511	0.000899284	0.00148187	0.0391109	0.00179608	0.00602302	0.250355	0.00162073	0.380973	0.0779014	0.000940346	0.00556365	0.0033718	0.0010205	0.00470944	0.0393934	0.152059	0.00123264	0.00929202
173	0.0110697	0.00846342	0.000648567	0.000756106	0.0506429	0.000744262	0.0030596	0.303313	0.000858056	0.374964	0.0560371	0.000731819	0.00827776	0.00315134	0.000773297	0.00350145	0.018116	0.145653	0.00163748	0.0076005
174	0.0137503	0.00587219	0.00566946	0.00889836	0.00217089	0.0166348	0.00656922	0.00506342	0.115463	0.0131406	0.00672356	0.0053144	0.00260097	0.011435	0.751198	0.0119262	0.00764228	0.00625965	0.000300143	0.00336701
175	0.0576874	0.0617231	0.00743126	0.0161922	0.0142022	0.0148519	0.00806845	0.107059	0.0169277	0.222466	0.0346471	0.00892075	0.00475554	0.0625753	0.00961345	0.0286876	0.0683217	0.241739	0.00192338	0.0122067
176	0.0104393	0.00632097	0.00864042	0.00995126	0.00211235	0.0169414	0.00711794	0.00527081	0.10927	0.0108323	0.00480148	0.0045159	0.00111766	0.0100459	0.767942	0.0102862	0.00516741	0.0059161	0.000356623	0.00295377
177	0.036905	0.00380847	0.0597442	0.662799	0.00506409	0.0146018	0.00806979	0.0115062	0.0260805	0.0102326	0.0153152	0.0146244	0.00934892	0.0446067	0.0151791	0.0218952	0.0196461	0.011592	0.000819496	0.00816124
178	0.0150516	0.00844839	0.00470381	0.00584118	0.484554	0.00640953	0.0138816	0.0440115	0.00585729	0.0951488	0.0144694	0.00543042	0.00464237	0.00713497	0.00291617	0.0102973	0.011836	0.0467445	0.00736311	0.205258
179	0.0501491	0.0346508	0.106929	0.122481	0.00551655	0.0180913	0.00494557	0.0371461	0.0133721	0.0408567	0.0341834	0.0804447	0.00301067	0.0742415	0.00637396	0.102298	0.239922	0.0188325	0.00119055	0.00536439
180	0.0185408	0.00674537	0.00879345	0.0128731	0.00842589	0.0098795	0.0155804	0.0254134	0.0245057	0.207571	0.30327	0.00744198	0.00513028	0.279194	0.0168754	0.016158	0.0129366	0.0113068	0.00138151	0.00797654
181	0.362706	0.201433	0.0225334	0.00605318	0.0171655	0.165804	0.00557777	0.00826783	0.00820195	0.0197145	0.0334177	0.0270234	0.00290343	0.0130733	0.0144383	0.0514106	0.0157658	0.0181318	0.00113837	0.00524092
182	0.0406077	0.0043084	0.0548455	0.624364	0.00515058	0.0127951	0.0112557	0.0131453	0.0350913	0.0169111	0.0174794	0.0141125	0.00853169	0.0476895	0.0178294	0.0271136	0.0250737	0.0137589	0.00106713	0.00886946
183	0.055131	0.0416683	0.00115902	0.00360424	0.0111573	0.00658258	0.00163578	0.3899	0.00287535	0.18276	0.042659	0.00181846	0.00259658	0.00583116	0.00124925	0.012292	0.0131563	0.219662	0.000625928	0.00363538
184	0.0357625	0.00358536	0.0612615	0.654797	0.003745	0.0177573	0.00679909	0.0113481	0.0299242	0.00943298	0.0153396	0.0158867	0.00896903	0.0464281	0.0148489	0.0247313	0.0235927	0.00910423	0.00107303	0.00561345
185	0.0102243	0.010004	0.00497892	0.00405555	0.343245	0.00241591	0.0683601	0.0227691	0.00608449	0.104219	0.0121265	0.00748492	0.00104685	0.00791333	0.00148101	0.0071786	0.00652681	0.00529351	0.00653566	0.368057
186	0.00749153	0.00385095	0.00173371	0.00161428	0.510672	0.00651985	0.010772	0.0152878	0.00175064	0.0398737	0.00436279	0.00202809	0.000962013	0.00278362	0.00115551	0.00488108	0.0060781	0.0134695	0.00731603	0.357397
187	0.0121737	0.0233247	0.00247054	0.0031146	0.0336397	0.00161383	0.00163239	0.250726	0.00547703	0.0442471	0.0123056	0.00182798	0.00130417	0.00393913	0.00316134	0.00296491	0.00993312	0.575341	0.000587301	0.0102165
188	0.0116699	0.00344061	0.529703	0.047514	0.00365441	0.00539871	0.12234	0.00973257	0.0094261	0.0291965	0.00496176	0.139762	0.0215945	0.00511494	0.00453474	0.0212951	0.00757823	0.00584766	0.00119487	0.0160409
189	0.0127947	0.00999897	0.000546815	0.000627009	0.0509799	0.000485968	0.00192344	0.332451	0.000699428	0.35146	0.0550592	0.0004938	0.00947062	0.00321344	0.000501315	0.00332311	0.00941087	0.149732	0.00192588	0.00490175
190	0.0837276	0.00627763	0.0539899	0.119555	0.00309627	0.0709295	0.0192996	0.00226295	0.246091	0.0157662	0.0012118	0.0273751	0.00621236	0.0834567	0.147032	0.047123	0.053881	0.0105585	0.000210862	0.00194218
191	0.0619112	0.000883631	0.337671	0.38763	0.000712551	0.0096078	0.00523998	0.00136563	0.0391024	0.00541256	0.00718222	0.0290778	0.000648013	0.0366623	0.0232703	0.032796	0.0136918	0.00207423	0.000243266	0.00481786
