267	20
1	0.0565355	0.0179391	0.000335576	0.000409924	0.0321392	0.0182248	0.000375666	0.197877	0.000359525	0.250544	0.0339423	0.00179523	0.00323368	0.000689076	0.000389501	0.0331773	0.0993274	0.250208	0.00101747	0.00148008
2	0.0197731	0.00146032	0.00167011	0.000258427	0.0883932	0.00279991	0.000200795	0.151779	0.000238707	0.498303	0.148942	0.000360779	0.000397335	0.000452745	0.000237762	0.00164054	0.00622031	0.0702549	0.00434192	0.00227611
3	0.0415846	0.0208156	0.0854284	0.484564	0.00413241	0.00698282	0.0202422	0.0576246	0.00203848	0.0466946	0.0227683	0.00265401	0.00214321	0.00371798	0.00270988	0.023574	0.00932017	0.123371	0.00203036	0.0376036
4	0.42867	0.0124793	0.000265937	0.000328497	0.0107566	0.169567	0.000266955	0.0925501	0.000356881	0.0637664	0.0240443	0.000394743	0.000377577	0.00191345	0.000347487	0.0373034	0.0484492	0.0973421	0.00596876	0.00485163
5	0.320164	0.0628951	0.000480802	0.000702891	0.00185255	0.056651	0.000445331	0.025753	0.00267154	0.0202334	0.011735	0.00366951	0.0048812	0.00362859	0.000676924	0.192755	0.207268	0.0808046	0.000443663	0.00228772
6	0.115687	0.00484506	0.00280148	0.00364268	0.0146181	0.0315722	0.0135121	0.03629	0.0690463	0.0634034	0.0272805	0.0101879	0.00560652	0.0112334	0.194083	0.0471803	0.0241302	0.104671	0.138708	0.0815012
7	0.0571188	0.00720205	0.00970212	0.0244282	0.0247738	0.0335376	0.0117152	0.0286096	0.125623	0.0498056	0.0401041	0.0184131	0.00518046	0.0805484	0.262467	0.0429824	0.0494255	0.0642713	0.0147491	0.0493426
8	0.228218	0.0371379	0.00189178	0.0242844	0.00304553	0.00468154	0.0190055	0.0787733	0.0181458	0.0312628	0.03948	0.00454907	0.00110823	0.00325935	0.0143101	0.0772305	0.199337	0.211006	0.00099951	0.00227353
9	0.0719895	0.0241268	0.00105551	0.00238145	0.0146016	0.0132661	0.0156165	0.155728	0.000998527	0.10564	0.11419	0.0216239	0.00170681	0.00613447	0.00142044	0.0718909	0.103369	0.239197	0.00949667	0.0255674
10	0.0318114	0.000567492	0.00157972	0.00178664	0.000871433	0.85691	0.000272724	0.00157554	0.00722531	0.00159559	0.00121034	0.0179605	0.00324808	0.00342814	0.00614852	0.0483286	0.00567526	0.00918108	0.000243039	0.000380782
11	0.0475727	0.00128	0.000587179	0.000784603	0.0331746	0.0031376	0.00064227	0.0960213	0.0402879	0.234106	0.0422684	0.0426827	0.116528	0.00139234	0.0246849	0.0124436	0.0118395	0.0210011	0.260106	0.00945922
12	0.214064	0.00123964	0.000855265	0.0109022	0.0377296	0.0587192	0.00060533	0.0866649	0.000749457	0.0308572	0.0256495	0.000961048	0.185811	0.00121378	0.0038748	0.0652505	0.0849507	0.18121	0.00752149	0.00117011
13	0.0194802	0.00150449	0.00166014	0.000257913	0.0874809	0.002786	0.000199621	0.152075	0.000232888	0.498446	0.150841	0.000368693	0.000341015	0.000429874	0.000242757	0.00166392	0.00622713	0.0698396	0.00402803	0.00189434
14	0.174142	0.00128966	0.00101739	0.00327293	0.0254681	0.0348402	0.000688279	0.0500777	0.000836826	0.0553848	0.0391726	0.00121358	0.18275	0.00118788	0.00332263	0.0555032	0.164535	0.201761	0.0023495	0.00118737
15	0.0640399	0.0282269	0.000559061	0.00062643	0.0219871	0.0477128	0.000672686	0.339356	0.000679394	0.179314	0.02136	0.00165658	0.00142915	0.000944172	0.000648891	0.0288721	0.0586654	0.18428	0.0118744	0.00709519
16	0.0195745	0.00505403	0.00139482	0.000153492	0.0229527	0.00498761	0.000103284	0.415888	0.00014155	0.236203	0.023704	0.00019478	0.000167629	0.000222874	0.000145605	0.00551442	0.00924579	0.253986	0.000131753	0.000234866
17	0.295126	0.0319007	0.00198673	0.00135687	0.00189916	0.149386	0.00209971	0.0802028	0.000696823	0.00669904	0.00506662	0.0145003	0.0178937	0.00150313	0.00100459	0.143073	0.0536235	0.189781	0.000643236	0.00155593
18	0.0760926	0.0176635	0.00020576	0.000223892	0.0489412	0.0187529	0.00024819	0.216991	0.00045919	0.265153	0.0385157	0.00188582	0.00771588	0.000836232	0.000280303	0.0362889	0.0938351	0.172985	0.00146359	0.00146189
19	0.122372	0.00144147	0.0390947	0.0581506	0.0386762	0.0751804	0.00708816	0.0274579	0.0242359	0.0345785	0.047951	0.0489597	0.00621115	0.124867	0.0967525	0.0676271	0.0641449	0.0398945	0.0022553	0.073061
20	0.127711	0.0213684	0.00028774	0.000541642	0.0155107	0.0108647	0.00033892	0.212314	0.000335293	0.0584561	0.0317831	0.000931454	0.00172273	0.00220412	0.000480132	0.0328724	0.0816289	0.398238	0.000299344	0.00211097
21	0.353184	0.0258251	0.000896218	0.000896499	0.0282389	0.0383598	0.00101085	0.0258559	0.00135138	0.0287838	0.0287328	0.00144466	0.00341709	0.00215778	0.0020833	0.313318	0.0581595	0.0792502	0.00292981	0.00410483
22	0.544071	0.00993037	0.000264191	0.000418477	0.00542648	0.0423228	0.000263863	0.0290722	0.000373729	0.0155835	0.00726642	0.000446977	0.00263402	0.00304242	0.00153041	0.153229	0.0456939	0.130652	0.00736034	0.000418392
23	0.0233003	0.00134944	0.0164342	0.00853592	0.00966304	0.0562632	0.00877961	0.0115976	0.00879707	0.0126322	0.00305647	0.0493177	0.00117945	0.0480077	0.00109378	0.205946	0.526005	0.00582508	0.000830582	0.0013854
24	0.0235761	0.000642813	0.000248996	0.00029261	0.307133	0.00438321	0.000351131	0.0789458	0.000386131	0.105447	0.0485208	0.0148355	0.00132507	0.000573775	0.000396039	0.0118767	0.0370122	0.0688761	0.0291947	0.265983
25	0.0179101	0.00333826	0.0001713	0.00137127	0.00497248	0.00111683	0.000154796	0.444114	0.000160963	0.075536	0.0200757	0.000244619	0.00367781	0.00245668	0.00138986	0.00134258	0.0242789	0.396727	0.000143911	0.000817335
26	0.15165	0.00332934	0.00162708	0.00176712	0.160848	0.0334909	0.00134747	0.188552	0.00154063	0.0391445	0.0618834	0.00279503	0.00228021	0.00272624	0.00244938	0.0285825	0.0101311	0.173168	0.00214142	0.130545
27	0.0823783	0.0013601	0.000667796	0.00091978	0.0205884	0.0172428	0.00470494	0.171646	0.0013392	0.397153	0.104055	0.0008455	0.0165343	0.00304804	0.000475279	0.0194211	0.0287538	0.111274	0.00355153	0.0140406
28	0.0133779	0.00322171	0.00034509	0.000436592	0.578717	0.00428434	0.00132089	0.0412441	0.00146403	0.0511285	0.0314624	0.00140274	0.00154994	0.000695203	0.00045595	0.00801656	0.00503805	0.0413598	0.00743868	0.207041
29	0.022903	0.00903542	0.00108392	0.000250934	0.0174343	0.00785986	0.000202483	0.349289	0.000209076	0.234615	0.0298004	0.000384592	0.000621148	0.00039203	0.000223851	0.00958645	0.0268676	0.288573	0.000286516	0.000381977
30	0.0424858	0.00527535	0.00102967	0.000291049	0.0916837	0.00850588	0.000174943	0.225373	0.000129878	0.380905	0.0743096	0.000199038	0.00124324	0.000251467	0.000175338	0.00370132	0.0121955	0.147418	0.00299341	0.00165842
31	0.04006	0.00138337	0.000488342	0.000773142	0.237638	0.0102354	0.0004874	0.102778	0.000995421	0.320408	0.048399	0.00169789	0.00772933	0.00281348	0.000662401	0.0132032	0.00591255	0.0857242	0.0262853	0.0923253
32	0.410422	0.0134797	0.000794842	0.000879253	0.0118114	0.310802	0.000613871	0.0364076	0.000856596	0.0337981	0.0152156	0.000849283	0.00311166	0.00158596	0.000801863	0.076838	0.0397005	0.038215	0.00228517	0.00153148
33	0.476619	0.0227399	0.00721607	0.0244266	0.000944327	0.109636	0.00273087	0.0110157	0.000462454	0.0018576	0.00232967	0.00176671	0.00393778	0.00920787	0.000627932	0.238458	0.0586032	0.025536	0.000348411	0.00153614
34	0.0434123	0.000662538	0.000361504	0.00053906	0.157946	0.0078081	0.000504519	0.158331	0.000380602	0.325901	0.0677565	0.000452914	0.010095	0.00210705	0.000413326	0.00445051	0.00498418	0.142334	0.021202	0.0503575
35	0.0512237	0.0148181	0.00070761	0.000394379	0.09615	0.0112361	0.000298662	0.0644192	0.000273421	0.529792	0.141566	0.000442012	0.000514086	0.00073228	0.000338035	0.0161632	0.0126134	0.0538448	0.0015864	0.00288631
36	0.0542209	0.00114404	0.140017	0.252663	0.0228648	0.0256312	0.000734728	0.0117479	0.0241654	0.0494179	0.024969	0.0786189	0.00538197	0.0901318	0.0135088	0.105685	0.0624037	0.0230891	0.000692831	0.012912
37	0.166849	0.0533733	0.00114294	0.00142545	0.0554297	0.0252628	0.00107171	0.0687498	0.00161461	0.0556574	0.0267388	0.00213244	0.00192686	0.0026988	0.00161975	0.373451	0.108315	0.0333182	0.00168516	0.0175365
38	0.016397	0.00119752	0.0319252	0.0582307	0.00190743	0.477282	0.00869609	0.00338875	0.154986	0.00834674	0.00226338	0.0776364	0.00198482	0.0424084	0.0818107	0.0157976	0.0101752	0.0037609	0.000655745	0.00114912
39	0.426238	0.0128806	0.000234516	0.000310101	0.0104942	0.170121	0.000224725	0.093763	0.000327675	0.0602978	0.0233275	0.000415695	0.000405761	0.00178297	0.000338523	0.0387991	0.0482132	0.102655	0.00532977	0.0038408
40	0.124274	0.00346897	0.0591205	0.00280927	0.0249459	0.269309	0.00160818	0.0564161	0.00386427	0.0857085	0.0270834	0.00384578	0.00219208	0.0650784	0.0231161	0.143977	0.0844313	0.0118921	0.00217519	0.00468491
41	0.0501373	0.00112241	0.182103	0.117892	0.00128454	0.0023694	0.0237456	0.0029044	0.194574	0.00840007	0.0022036	0.093367	0.000941798	0.153538	0.125219	0.0207208	0.00867527	0.0094396	0.000480573	0.000881495
42	0.0465333	0.000764628	0.000404126	0.00051639	0.343389	0.0189814	0.000347165	0.0600648	0.000418836	0.182367	0.031996	0.00397006	0.00145389	0.000781248	0.000502634	0.0326369	0.016586	0.0624232	0.0355598	0.160304
43	0.0305621	0.00058384	0.000275649	0.00382062	0.25546	0.00522255	0.00155326	0.20489	0.000366174	0.259829	0.0528501	0.000564128	0.00750858	0.00144764	0.000408404	0.00494616	0.00353955	0.0864713	0.0237931	0.0559079
44	0.0248052	0.00878288	0.00091798	0.00174696	0.0282909	0.0077911	0.0160693	0.208353	0.00115895	0.115215	0.135708	0.0582415	0.00168049	0.0143534	0.00158359	0.0523467	0.125117	0.186174	0.00345571	0.00820899
45	0.0499327	0.00110331	0.184245	0.117423	0.00130707	0.00243103	0.0236505	0.00292614	0.193316	0.00839172	0.00221827	0.0942578	0.00117775	0.152734	0.124546	0.0210369	0.00860225	0.0093354	0.000488014	0.00087671
46	0.0867682	0.0136263	0.000226901	0.00027756	0.171468	0.0295396	0.000210715	0.118769	0.000254593	0.352179	0.0233777	0.000475795	0.00816754	0.000434321	0.00027928	0.0174209	0.0185106	0.144423	0.0105056	0.00308636
47	0.613432	0.0128639	0.000235367	0.000485839	0.00172437	0.0281722	0.000327389	0.00667198	0.000297895	0.00242437	0.0121745	0.00388087	0.00518562	0.00173981	0.00039823	0.283679	0.0153155	0.00989247	0.000287954	0.000809929
48	0.0474658	0.0118121	0.000675548	0.0156988	0.187121	0.00423979	0.00994954	0.088858	0.0324991	0.183445	0.12292	0.0401734	0.00179155	0.0519689	0.0273547	0.0420894	0.0635499	0.0368356	0.000709326	0.0308431
49	0.361464	0.0117627	0.000995171	0.00102319	0.00286678	0.0538622	0.0112729	0.00512993	0.0322049	0.0240638	0.013993	0.0137119	0.00288166	0.00221344	0.0801892	0.261507	0.070043	0.0379762	0.0109109	0.00192827
50	0.1021	0.000356405	0.000714169	0.00039742	0.0307104	0.0171059	0.00118131	0.184309	0.00252956	0.430591	0.0701434	0.000251536	0.0104434	0.00446337	0.000215183	0.0130716	0.0259961	0.0919094	0.00602058	0.00749046
51	0.118589	0.0317807	0.00114483	0.00142139	0.172193	0.0289072	0.00123342	0.0141988	0.00139799	0.165709	0.118852	0.00178293	0.00152296	0.00551253	0.0014535	0.0429089	0.154146	0.1258	0.00947299	0.00197275
52	0.0846118	0.0143761	0.00218893	0.00514066	0.0029714	0.50365	0.00357059	0.0107748	0.061677	0.0220803	0.00870883	0.0141887	0.00313355	0.012375	0.0883166	0.0967525	0.0193449	0.04132	0.0027897	0.00202838
53	0.0455128	0.00145273	0.00819254	0.000648157	0.00335842	0.0501131	0.0727452	0.00440908	0.208492	0.00647369	0.0113889	0.000926244	0.0157901	0.046997	0.355438	0.066124	0.0560612	0.00944908	0.0266648	0.00976222
54	0.433777	0.00781384	0.000591385	0.00111434	0.00883187	0.412287	0.000633641	0.0181796	0.00056691	0.0146351	0.0114339	0.0013558	0.00218743	0.0012408	0.000812248	0.0423005	0.0189499	0.0214974	0.000770088	0.00102076
55	0.0599888	0.00422395	0.0118029	0.0431085	0.0686312	0.0121067	0.0161356	0.0734223	0.0931296	0.106468	0.0814559	0.0283208	0.00413698	0.112718	0.0956363	0.0335154	0.062074	0.0438937	0.00114475	0.0480865
56	0.179395	0.0174906	0.00042555	0.00124226	0.0106045	0.023043	0.000768221	0.148683	0.000516935	0.0362379	0.0599305	0.00145135	0.00129317	0.00316839	0.000851471	0.065059	0.125564	0.321979	0.000719714	0.00157636
57	0.682586	0.0136403	0.000197691	0.000459322	0.000481057	0.0202237	0.000185756	0.0051771	0.00020501	0.00100572	0.00509895	0.00339373	0.00538795	0.00196802	0.00025815	0.223559	0.0210077	0.0146245	0.000146427	0.000393355
58	0.0420826	0.00680119	0.000328723	0.000472186	0.00577767	0.00198719	0.000277272	0.205897	0.000324163	0.0285935	0.00994386	0.000595611	0.000578029	0.00179222	0.000517612	0.0115296	0.0805851	0.599204	0.000289823	0.00242199
59	0.0626034	0.00981926	0.000103236	0.000101133	0.0934015	0.0128829	8.94483e-05	0.28475	0.000121162	0.260689	0.0323351	0.000119927	0.0015203	0.000141093	0.000126595	0.00564939	0.0158786	0.218678	0.000801622	0.00018863
60	0.496761	0.0159446	0.00432141	0.0127111	0.00101262	0.0963705	0.00157153	0.00568252	0.000368708	0.00160847	0.00391997	0.00448094	0.00148865	0.00353073	0.000484104	0.302276	0.0346895	0.0105742	0.000306555	0.00189671
61	0.238014	0.0549872	0.00182649	0.00428064	0.00335319	0.217398	0.00134468	0.015819	0.00136065	0.00806825	0.00995669	0.001888	0.0106797	0.00235835	0.00187454	0.300995	0.086115	0.0282058	0.000807656	0.010667
62	0.442659	0.0171499	0.000459238	0.000534564	0.0261177	0.30085	0.000569826	0.0302848	0.000493653	0.0267133	0.0143421	0.000739616	0.00355957	0.00137734	0.000623239	0.0689702	0.0402111	0.0215844	0.00187416	0.000886308
63	0.0578541	0.0255778	0.000388363	0.000346812	0.0987683	0.0171941	0.000289532	0.0280766	0.000284896	0.557198	0.124069	0.000472427	0.000420504	0.00052796	0.00036645	0.0254995	0.018133	0.041441	0.000298252	0.00279357
64	0.0364639	0.0153833	0.000608159	0.0235907	0.19721	0.00445655	0.00722772	0.0716866	0.023556	0.180709	0.138596	0.0363174	0.00178672	0.0528961	0.0189113	0.0364687	0.0700623	0.0559863	0.00236499	0.025719
65	0.271533	0.00438532	0.00123455	0.00227853	0.00481588	0.611369	0.00043528	0.00909506	0.00248829	0.00772412	0.00408264	0.0073435	0.00175189	0.00141814	0.00295251	0.042681	0.00841401	0.0149945	0.000294787	0.000707535
66	0.0317694	0.00292576	0.00132915	0.00160348	0.00362941	0.0241372	0.0012978	0.052432	0.00125685	0.0409731	0.291743	0.0021673	0.001971	0.0025244	0.00188336	0.133176	0.348273	0.0535995	0.00131844	0.0019907
67	0.0260596	0.00801593	0.000141578	0.001303	0.00432943	0.00159453	0.000178124	0.432243	0.000179735	0.072682	0.0254935	0.000279709	0.00467702	0.00227961	0.0013099	0.0017772	0.0240956	0.392447	0.000153373	0.000760168
68	0.0182947	0.0039374	0.00623973	0.0025243	0.00586179	0.010672	0.00191663	0.0106761	0.00276621	0.0108022	0.00869802	0.263364	0.00240621	0.0254269	0.00259742	0.480378	0.100847	0.0368776	0.00216358	0.00355043
69	0.0542247	0.000921835	0.00169758	0.00200942	0.00123879	0.834945	0.000304828	0.00223233	0.00668275	0.00197049	0.00136552	0.0172319	0.0030477	0.0033368	0.00605021	0.0466789	0.00549811	0.00991951	0.000241107	0.000402706
70	0.334038	0.0205449	0.00102528	0.00161198	0.00625927	0.0292199	0.00154516	0.0314052	0.00143468	0.015098	0.0234519	0.00549752	0.0134523	0.00608	0.00174656	0.299432	0.104764	0.100341	0.00157608	0.00147709
71	0.310921	0.0377771	0.00137309	0.00116579	0.00178831	0.183672	0.00127742	0.0265464	0.00176161	0.00638313	0.00675947	0.00279634	0.0431748	0.00377396	0.00186766	0.225943	0.0786529	0.0520907	0.000627196	0.0116484
72	0.147382	0.0193332	0.000306211	0.000838472	0.0170298	0.0179552	0.000381797	0.184523	0.000305571	0.0487304	0.0372219	0.00136869	0.0011588	0.00475719	0.000398586	0.0632903	0.0962265	0.356687	0.000379938	0.00172475
73	0.654403	0.00935258	0.00214734	0.00618325	0.000723137	0.0979595	0.00079986	0.00343923	0.00025782	0.00134619	0.00205834	0.00298675	0.00124391	0.00253343	0.000382694	0.182139	0.0198963	0.010876	0.00025822	0.00101384
74	0.0438087	0.00752319	0.106194	0.0153146	0.0188857	0.0697456	0.00426337	0.0232316	0.00748859	0.0247358	0.020747	0.315323	0.0136049	0.0123968	0.00668832	0.0587671	0.163204	0.0741823	0.00362983	0.0102652
75	0.154952	0.00512417	0.00116385	0.00170625	0.00397313	0.00754817	0.00131347	0.101632	0.00128954	0.0148968	0.0115299	0.00202332	0.00509166	0.00252066	0.00193464	0.0485766	0.239565	0.392153	0.00127283	0.00173419
76	0.370788	0.023415	0.00167947	0.00273649	0.0048706	0.00872332	0.00187584	0.0124845	0.00199332	0.143654	0.0688093	0.00339715	0.00297011	0.00365241	0.00251675	0.0131231	0.0457496	0.239768	0.00188268	0.0459101
77	0.0892931	0.00125027	0.000482579	0.0110317	0.00147414	0.104756	0.000445685	0.0139586	0.000574519	0.0280731	0.0152583	0.0323352	0.000708723	0.000861095	0.000712765	0.234817	0.411785	0.0445556	0.000566108	0.00706092
78	0.0384665	0.00335051	0.0135872	0.00138018	0.00305368	0.0287732	0.00106482	0.044386	0.0010382	0.0405033	0.00629641	0.00407122	0.00804615	0.00220708	0.00148808	0.11346	0.533554	0.152078	0.00128439	0.00191077
79	0.0369671	0.000758538	0.00164308	0.00204569	0.00119496	0.847818	0.000310837	0.00261179	0.00754252	0.0020856	0.00187634	0.0177856	0.00317993	0.00344083	0.00630637	0.0468457	0.00705722	0.00968055	0.000400405	0.000449132
80	0.192096	0.00338581	0.00129249	0.00137551	0.0134368	0.0165266	0.00121185	0.0202368	0.00160671	0.00692106	0.038684	0.0239881	0.0491513	0.0352122	0.00148669	0.257723	0.221431	0.1116	0.000977251	0.00165743
81	0.0395	0.00056307	0.000303945	0.00190987	0.167077	0.00673617	0.000854905	0.190472	0.000315375	0.309815	0.0553505	0.000422639	0.0109072	0.00204817	0.00038788	0.00406575	0.00226502	0.123553	0.0256262	0.0578263
82	0.0769649	0.003053	0.00244287	0.00732922	0.00272483	0.0630586	0.00156499	0.0133815	0.00170528	0.0265137	0.0132592	0.0335179	0.00198414	0.00687062	0.00121488	0.212573	0.486204	0.0398711	0.00101344	0.00475307
83	0.038873	0.00289246	0.000856328	0.0100583	0.049153	0.0100278	0.00478609	0.363551	0.00324895	0.24762	0.04383	0.00393955	0.0111294	0.00239807	0.00286555	0.0121799	0.0125169	0.0668821	0.0662916	0.0468999
84	0.00503145	0.000475754	0.00192653	0.000339819	0.000800573	0.012742	0.000237997	0.00279236	0.00027117	0.00444553	0.00448272	0.000442071	0.93043	0.000476467	0.00343736	0.00822687	0.013576	0.00922026	0.000244894	0.000400565
85	0.0658443	0.00485864	0.00089184	0.00958789	0.00619945	0.00674008	0.00105327	0.0647096	0.00092711	0.342592	0.335668	0.00143955	0.00147757	0.0014681	0.00110652	0.0175529	0.0611226	0.0737731	0.000847413	0.00214042
86	0.0375224	0.00332475	0.00115261	0.00359112	0.0534413	0.00641118	0.00101655	0.120118	0.00123831	0.395173	0.264227	0.00136566	0.00201155	0.00248622	0.00101552	0.00899265	0.0259561	0.0642333	0.00287641	0.00384617
87	0.0319855	0.00203994	0.00121075	0.0193328	0.00701422	0.00768959	0.00273472	0.103057	0.511006	0.0127782	0.0231908	0.002673	0.00175147	0.0708882	0.14299	0.0134931	0.0248192	0.0151317	0.0032996	0.00291513
88	0.0148492	0.00149086	0.000689405	0.0401303	0.00222636	0.00311674	0.000497517	0.00579342	0.372071	0.00427992	0.00343952	0.00895746	0.000885742	0.0177901	0.481941	0.0223732	0.0121847	0.00502424	0.000965353	0.00129439
89	0.236562	0.0188107	0.0101362	0.00466359	0.0131986	0.0163464	0.0124265	0.0870643	0.0039521	0.0924991	0.0263897	0.030105	0.00123024	0.0122667	0.0148415	0.0733525	0.137691	0.192174	0.00306386	0.0132256
90	0.0254367	0.00083504	0.019074	0.0366807	0.00132138	0.614599	0.00544825	0.00247603	0.0990305	0.00532231	0.00180177	0.0562723	0.00139824	0.0285483	0.0603369	0.0267862	0.0069654	0.00635388	0.000474836	0.000837971
91	0.0185148	0.00890619	0.000384415	0.000545369	0.294084	0.00203026	0.00346327	0.00896844	0.00329124	0.0572044	0.0128526	0.00128251	0.00354481	0.000794804	0.000504809	0.00679971	0.00350769	0.0259775	0.0109951	0.536348
92	0.0263928	0.00138548	0.0625603	0.0187441	0.00202578	0.0126365	0.0266961	0.00403449	0.214719	0.00381388	0.00286258	0.0445012	0.18069	0.0450289	0.128282	0.158112	0.0609401	0.00467673	0.0005898	0.00130867
93	0.0634163	0.0027143	0.0163485	0.0521433	0.0710809	0.0126838	0.0100312	0.0498512	0.0390114	0.0678289	0.0654901	0.0452318	0.00886847	0.101578	0.117562	0.0404173	0.091327	0.067255	0.00103067	0.0761298
94	0.707527	0.00704482	0.00066002	0.00152645	0.00104946	0.0742378	0.000392267	0.00440808	0.000205206	0.00209733	0.00326419	0.00295625	0.00284146	0.0019202	0.000469886	0.157531	0.0161711	0.0147818	0.000305538	0.000610099
95	0.307279	0.00509408	0.00072882	0.00149106	0.00569458	0.610505	0.000467952	0.0108065	0.000604317	0.00757507	0.00415246	0.00186169	0.00069343	0.000925742	0.000874975	0.019564	0.00372165	0.0167746	0.000370626	0.000814735
96	0.706344	0.00149566	0.000237952	0.000520214	0.00129483	0.194324	0.000269808	0.00290282	0.00033272	0.00280031	0.00258839	0.000539844	0.00208891	0.000670096	0.000452854	0.0462639	0.0172536	0.0186512	0.000353809	0.000614514
97	0.0270271	0.00479463	0.000225939	0.0011297	0.00755663	0.00105737	0.000203873	0.320094	0.000226902	0.0518535	0.0164593	0.000365453	0.00192145	0.00234599	0.00122573	0.00550045	0.0541431	0.500505	0.000177138	0.00318706
98	0.0514245	0.0165008	0.0813794	0.43163	0.00579881	0.0096111	0.0158105	0.0584743	0.00346937	0.0731173	0.0222823	0.00698886	0.00285321	0.00836603	0.00312809	0.039984	0.0148333	0.123076	0.00215635	0.029116
99	0.510187	0.019553	0.00141069	0.00247977	0.00285353	0.0334335	0.00161243	0.0282899	0.000425785	0.00422937	0.00930759	0.00343413	0.0302592	0.00477784	0.00119176	0.165492	0.0942277	0.0851637	0.000459633	0.00121184
100	0.53823	0.0212261	0.000733708	0.00136864	0.00267771	0.0360303	0.000739891	0.031246	0.000236059	0.00870586	0.0094647	0.000763098	0.010271	0.00194531	0.0013784	0.152734	0.0668728	0.112597	0.0022434	0.000535783
101	0.713574	0.00818726	0.000192157	0.00026443	0.000464518	0.0245893	0.00019277	0.0034494	0.000183217	0.00100158	0.00457451	0.0048877	0.00160926	0.00249101	0.000301574	0.218268	0.00828561	0.00692023	0.000173551	0.00038924
102	0.22933	0.0297907	0.00277693	0.00502753	0.00510136	0.288968	0.00155641	0.0161371	0.00248393	0.0108306	0.00901949	0.00623956	0.0107006	0.00485261	0.0035501	0.285416	0.0550857	0.0240683	0.00116168	0.00790349
103	0.0418296	0.0209791	0.00211177	0.00184411	0.00573831	0.00790339	0.00344839	0.131707	0.0018836	0.0634886	0.0516378	0.0386141	0.00248095	0.00384586	0.00189991	0.211308	0.246937	0.155576	0.00211669	0.00464922
104	0.0877974	0.00162527	0.019896	0.014619	0.00314306	0.641499	0.00449743	0.00668617	0.0206015	0.00626052	0.00350538	0.0693533	0.00504309	0.0190897	0.0202918	0.0494517	0.0105924	0.0134991	0.000653561	0.00189504
105	0.233946	0.00416965	0.00166168	0.00253748	0.00442333	0.6391	0.000462423	0.00788908	0.00384879	0.00644461	0.00343046	0.0113348	0.00216735	0.0018888	0.00501954	0.0458936	0.00904278	0.0155545	0.000340047	0.000845339
106	0.0925581	0.00752129	0.00115404	0.00499738	0.017665	0.027025	0.00395289	0.117561	0.00939695	0.17422	0.155329	0.00461798	0.0029908	0.143591	0.00172579	0.0547073	0.0464057	0.125289	0.00202255	0.00727066
107	0.0203615	0.00161793	0.00131979	0.00250958	0.056743	0.00410173	0.000953264	0.283146	0.000237529	0.413097	0.0828593	0.000304691	0.00133518	0.000430367	0.000272657	0.00349392	0.00804659	0.106671	0.00593979	0.00655839
108	0.087707	0.019345	0.000804671	0.00279038	0.0174131	0.00426675	0.000953799	0.0191251	0.00107911	0.183259	0.425917	0.00127778	0.00142806	0.00154713	0.00108612	0.0273648	0.161593	0.0407524	0.000776332	0.00151413
109	0.00503145	0.000475754	0.00192653	0.000339819	0.000800573	0.012742	0.000237997	0.00279236	0.00027117	0.00444553	0.00448272	0.000442071	0.93043	0.000476467	0.00343736	0.00822687	0.013576	0.00922026	0.000244894	0.000400565
110	0.00503145	0.000475754	0.00192653	0.000339819	0.000800573	0.012742	0.000237997	0.00279236	0.00027117	0.00444553	0.00448272	0.000442071	0.93043	0.000476467	0.00343736	0.00822687	0.013576	0.00922026	0.000244894	0.000400565
111	0.0156367	0.00254771	0.000152251	0.00173428	0.0051639	0.000643916	0.000158497	0.425347	0.000188031	0.0708789	0.0210342	0.0002245	0.00336714	0.00290238	0.00182124	0.00129886	0.0320534	0.413563	0.000134358	0.00115009
112	0.0385905	0.00674418	0.000952134	0.00310481	0.0773713	0.00576936	0.000952383	0.0498812	0.000993191	0.344959	0.365972	0.00141839	0.00190089	0.00147071	0.00116331	0.0117504	0.0402469	0.0396219	0.00166992	0.00546821
113	0.289335	0.00504094	0.00118344	0.00219318	0.00479622	0.59458	0.000429139	0.00975447	0.00197	0.00770826	0.00435707	0.00544346	0.00199326	0.00134425	0.00272758	0.0408672	0.00925451	0.0159864	0.00034064	0.000694157
114	0.283878	0.017451	0.000919029	0.00200371	0.00764405	0.0289947	0.00137831	0.127605	0.00117779	0.03829	0.0211291	0.00251925	0.0126925	0.00273783	0.00167333	0.114674	0.138272	0.194084	0.00132108	0.00155571
115	0.535908	0.0130621	0.000656655	0.000844336	0.00452059	0.0679525	0.000620104	0.0403532	0.000252773	0.0169161	0.0114621	0.00088337	0.00644398	0.00208431	0.00142643	0.118931	0.0558513	0.117719	0.00344858	0.000664663
116	0.748958	0.00134864	0.00028382	0.000568848	0.00114413	0.140456	0.000288515	0.00303441	0.00033587	0.00231357	0.00211713	0.000569211	0.00211958	0.00069965	0.000446092	0.0516412	0.0206876	0.0219252	0.000417997	0.000645266
117	0.00944326	0.000698587	0.000367174	0.000455027	0.706613	0.00586853	0.000367403	0.0541286	0.00054535	0.0508578	0.0387391	0.000547224	0.00047862	0.000678438	0.000489194	0.0080319	0.0041702	0.0468341	0.00466111	0.066025
118	0.018649	0.00480225	0.00148927	0.000158623	0.0216533	0.00472287	0.000117022	0.418494	0.000146246	0.236627	0.0232559	0.000198443	0.000169108	0.000223987	0.000171259	0.00546245	0.00886892	0.254373	0.000138246	0.000279065
119	0.0094426	0.0037724	0.000528982	0.00110116	0.0169372	0.0043836	0.00068504	0.598321	0.000433517	0.146357	0.0415213	0.000710876	0.00109355	0.000772237	0.000595278	0.00531234	0.0214283	0.142846	0.00176856	0.00198873
120	0.542985	0.0149589	0.00186606	0.00258968	0.00325451	0.0356049	0.00202969	0.0384079	0.000306668	0.00629553	0.0107549	0.00231698	0.0197019	0.00290983	0.00127781	0.141638	0.0622936	0.108381	0.00186588	0.000560605
121	0.0498454	0.00199785	0.173116	0.279462	0.0122084	0.0348698	0.000946499	0.0100961	0.013944	0.0388056	0.0243249	0.0376705	0.00221997	0.136042	0.00717941	0.106729	0.0464869	0.0158411	0.00116622	0.0070474
122	0.0236257	0.000639292	0.000248993	0.000287458	0.307426	0.00440129	0.000351132	0.0788347	0.000385667	0.105648	0.0485557	0.0147968	0.00131835	0.000575432	0.000389938	0.011931	0.0370041	0.0688585	0.0292056	0.265516
123	0.0345152	0.000982386	0.0264418	0.0477224	0.00166597	0.51555	0.00967894	0.00303492	0.089138	0.00583182	0.00212571	0.114548	0.000864263	0.0517941	0.061459	0.0223244	0.00654558	0.0040975	0.000520224	0.00115899
124	0.0157016	0.00249246	0.000158089	0.00182776	0.00526411	0.000686163	0.000169398	0.423737	0.000191769	0.0703224	0.0214548	0.000229917	0.00347439	0.0031361	0.00190172	0.00132967	0.0334432	0.413146	0.000140821	0.00119239
125	0.0597353	0.00125374	0.0340446	0.0284597	0.00610547	0.043629	0.00356255	0.0162931	0.0433055	0.00743918	0.0123094	0.053578	0.295222	0.0396458	0.0364462	0.227571	0.0655894	0.0153664	0.00333494	0.0071087
126	0.0194737	0.00936232	0.000376629	0.00055033	0.289594	0.00245507	0.00362619	0.0104191	0.00349984	0.059014	0.0127014	0.00143864	0.00330801	0.000818173	0.000541304	0.00738257	0.0042495	0.0261783	0.0116062	0.533405
127	0.14572	0.00156554	0.000817264	0.00785806	0.0176342	0.0443303	0.00448817	0.05742	0.0190748	0.154883	0.0358939	0.0451545	0.000886068	0.0155271	0.0421699	0.175038	0.0887383	0.063029	0.0642243	0.0155479
128	0.0161221	0.00284288	0.000139079	0.00151566	0.00487457	0.000648745	0.000155788	0.439677	0.000176819	0.0705982	0.0197092	0.000228591	0.00351272	0.00261195	0.00154876	0.00119207	0.0267252	0.406706	0.000131348	0.000883787
129	0.131492	0.0552891	0.000377535	0.000776684	0.00317958	0.0100429	0.000391003	0.257344	0.000494517	0.103841	0.0705342	0.000958779	0.00795631	0.000974376	0.000464384	0.00998192	0.0274394	0.317181	0.00046683	0.000814719
130	0.0823417	0.00124495	0.000776673	0.00092349	0.0103055	0.0401856	0.00071978	0.224842	0.0906997	0.262559	0.0286292	0.00116421	0.00106401	0.0177482	0.0426685	0.0121628	0.037119	0.1346	0.00106466	0.00918101
131	0.204913	0.00236997	0.00181651	0.00393485	0.0200524	0.0546049	0.0289113	0.057517	0.0353748	0.0697474	0.0445005	0.0258908	0.00158489	0.0105407	0.0619796	0.101868	0.0418772	0.0868133	0.0794431	0.0662599
132	0.75091	0.00124938	0.000275973	0.000492367	0.00108184	0.144343	0.000307932	0.00248244	0.000335901	0.0020383	0.00213704	0.000523858	0.00210226	0.000664486	0.000457299	0.0481695	0.0208689	0.0205326	0.000406842	0.000620116
133	0.0759312	0.00973517	0.000114416	0.000155479	0.0984314	0.0118795	0.000154658	0.284021	0.00015562	0.256428	0.0310263	0.000161049	0.00161954	0.000214654	0.000177743	0.00539962	0.0176292	0.205591	0.000832716	0.000340776
134	0.0480484	0.00806051	0.00044514	9.99849e-05	0.0695152	0.0102557	8.41024e-05	0.330722	0.000116719	0.251145	0.0295021	0.0001308	0.000917885	0.000154818	0.000119695	0.00548694	0.0140333	0.230509	0.000466907	0.000185645
135	0.00503145	0.000475754	0.00192653	0.000339819	0.000800573	0.012742	0.000237997	0.00279236	0.00027117	0.00444553	0.00448272	0.000442071	0.93043	0.000476467	0.00343736	0.00822687	0.013576	0.00922026	0.000244894	0.000400565
136	0.508174	0.036464	0.00277178	0.00803474	0.00139339	0.0736458	0.00106525	0.0107917	0.000706602	0.00517762	0.00446771	0.00249156	0.00622149	0.00310755	0.000490551	0.230214	0.0725953	0.0298699	0.000352305	0.00196484
137	0.0630518	0.010106	0.00010764	0.000101707	0.0947602	0.0132193	9.82413e-05	0.280821	0.000128515	0.263014	0.0324062	0.000116871	0.00163889	0.000149548	0.00012304	0.0059429	0.015951	0.217093	0.000937038	0.000233105
138	0.0745278	0.000634998	0.0012262	0.000433263	0.0464158	0.0125429	0.00105464	0.180035	0.00133957	0.451612	0.0858639	0.000235986	0.0088864	0.00262914	0.000202064	0.00936002	0.0226184	0.0895896	0.00482312	0.00596895
139	0.0401174	0.0300183	0.000832856	0.00107561	0.265845	0.00356848	0.0110679	0.00804659	0.010282	0.0546107	0.00992869	0.00145666	0.00348167	0.00168758	0.00116324	0.01667	0.00550864	0.0197723	0.0172256	0.497641
140	0.0187516	0.00965753	0.000384338	0.000561773	0.289961	0.00209251	0.00366994	0.00739398	0.00352707	0.0551353	0.0115226	0.000988993	0.00347085	0.000838061	0.000538943	0.0068822	0.0028691	0.0248396	0.0105478	0.546366
141	0.0879165	0.0135963	0.000227724	0.000283779	0.172249	0.0295621	0.000212147	0.118397	0.000254943	0.35088	0.0232605	0.000476141	0.00811495	0.000435066	0.000280359	0.0175674	0.0187386	0.144008	0.010493	0.00304599
142	0.217806	0.0597186	0.000759123	0.0013792	0.00221759	0.245872	0.000713205	0.0157755	0.00084214	0.00555545	0.0108684	0.0010818	0.0112512	0.00167111	0.00101244	0.280836	0.098489	0.0298118	0.00063885	0.0137006
143	0.0501735	0.00862312	0.000437	0.000106946	0.0695359	0.010263	9.31152e-05	0.320475	0.000108558	0.256532	0.0310129	0.000129407	0.00106978	0.000155387	0.000111022	0.00601523	0.0152275	0.22912	0.000547426	0.000262598
144	0.0467066	0.000747759	0.000342161	0.000478493	0.338618	0.0194032	0.000343402	0.0644981	0.000415811	0.19261	0.032248	0.00350544	0.00190019	0.000939008	0.000486267	0.0317945	0.0149202	0.0626291	0.0356232	0.151791
145	0.203239	0.00230835	0.00348652	0.0161049	0.0450653	0.0871503	0.0133096	0.0595571	0.00360029	0.00875715	0.138482	0.0287325	0.00154731	0.124152	0.0207341	0.070089	0.0886888	0.0381332	0.0147934	0.0320693
146	0.044226	0.00907655	0.000253398	0.000620596	0.00723087	0.00194275	0.000229639	0.228556	0.000283602	0.0347736	0.0129126	0.000533146	0.000929692	0.00171492	0.00059009	0.0118546	0.0706264	0.570825	0.000273719	0.00254749
147	0.0192989	0.0036662	0.286946	0.0669519	0.00619618	0.00808829	0.211052	0.0125108	0.00251418	0.0113705	0.00853335	0.0263827	0.00227343	0.0482972	0.047561	0.0771157	0.0119051	0.0372777	0.0240253	0.0880338
148	0.049846	0.00067406	0.000343425	0.000292398	0.183379	0.00856851	0.000349809	0.143237	0.000445461	0.345649	0.0602393	0.000412346	0.0109899	0.00342371	0.00037868	0.00634015	0.00398738	0.0960663	0.0289935	0.0563841
149	0.0659669	0.00167236	0.0301033	0.0890961	0.0401524	0.0145436	0.0148065	0.0508217	0.0307255	0.0550937	0.0555968	0.0393966	0.00665353	0.105829	0.145876	0.0357158	0.0754991	0.0557269	0.0015398	0.0851839
150	0.576848	0.0192426	0.000741467	0.00191339	0.0016759	0.0301437	0.000832941	0.0196216	0.000467808	0.00463769	0.00654625	0.00136769	0.012223	0.00231163	0.00146129	0.170784	0.0708172	0.076589	0.00116571	0.00060961
151	0.0735219	0.0738473	0.000902095	0.0123945	0.00317149	0.0785337	0.00105357	0.0381295	0.121989	0.0921056	0.0277897	0.00154464	0.00141534	0.0378213	0.185734	0.105063	0.0283894	0.112183	0.00155503	0.00285627
152	0.0639184	0.00118073	0.0420842	0.0407794	0.0142979	0.0890284	0.000633789	0.0419337	0.0213795	0.0131631	0.030137	0.0471519	0.194384	0.0472391	0.0215672	0.166442	0.0991921	0.0380886	0.00851751	0.0188822
153	0.0161891	0.00291108	0.00030286	0.00138555	0.00728149	0.00121231	0.000142456	0.431927	0.000176844	0.0943812	0.020678	0.000227839	0.0028668	0.00237571	0.00142627	0.00185173	0.0280101	0.38562	0.000134133	0.000899222
154	0.416756	0.0138139	0.000232186	0.000306669	0.00964814	0.166283	0.000196609	0.0946228	0.000275692	0.0607769	0.0231904	0.000392927	0.000389388	0.0017576	0.000345147	0.0429856	0.0533613	0.10609	0.00497816	0.00359698
155	0.14035	0.0525229	0.000327193	0.000736442	0.00409195	0.0121246	0.000346324	0.256667	0.000484592	0.102105	0.0679938	0.000972191	0.00884015	0.000922615	0.000429066	0.0131333	0.0317341	0.304917	0.000480994	0.000821373
156	0.13723	0.0224865	0.000428429	0.00057889	0.0308859	0.0193205	0.000475439	0.194695	0.000484518	0.170868	0.035459	0.00241442	0.0084233	0.00115588	0.000559108	0.067015	0.129612	0.176059	0.000778165	0.00107055
157	0.0562756	0.2992	0.00159282	0.00257588	0.00528498	0.0277649	0.00177853	0.0863709	0.00236322	0.155862	0.0663111	0.00283519	0.00271589	0.00293516	0.00224342	0.0330403	0.175466	0.0707218	0.00183719	0.00282507
158	0.448473	0.0126776	0.000292958	0.000375889	0.00997821	0.178443	0.000289564	0.0870097	0.00040777	0.0539946	0.0200665	0.00041778	0.000727802	0.00174492	0.000407626	0.0387925	0.0446266	0.093336	0.00463048	0.00330757
159	0.223363	0.0567294	0.000309342	0.00048668	0.00142806	0.0580581	0.000309688	0.0922267	0.000393271	0.034765	0.0249405	0.000615565	0.00362003	0.00233416	0.000571472	0.123031	0.192726	0.183192	0.000292218	0.00060776
160	0.224082	0.0278405	0.00045972	0.0010076	0.0130857	0.0342879	0.000454895	0.158732	0.000386146	0.0563901	0.0375345	0.00169181	0.00186982	0.00313611	0.0006355	0.0730648	0.0723853	0.290441	0.000809066	0.00170503
161	0.034305	0.00132282	0.00215807	0.00255039	0.00125296	0.825023	0.000575598	0.0032296	0.00687851	0.002504	0.00240841	0.0214983	0.00358553	0.00649047	0.00646371	0.0585311	0.0085513	0.0113282	0.000452121	0.000891093
162	0.00815003	0.00480808	0.000557697	0.000364269	0.0218859	0.00543186	0.000321159	0.593275	0.000323637	0.15768	0.0388398	0.000398857	0.000375542	0.000539555	0.000401507	0.0058139	0.0240861	0.135916	0.00035477	0.000476657
163	0.0158522	0.0028311	0.000165426	0.0014697	0.00560633	0.000761464	0.00014405	0.437925	0.000175463	0.0758864	0.0200229	0.000213309	0.00332022	0.00254564	0.00148877	0.00136236	0.0260933	0.403147	0.000127313	0.00086276
164	0.0225105	0.00270577	0.0001767	0.00126964	0.00397194	0.000854231	0.000186194	0.361627	0.00018265	0.0545016	0.0168838	0.000303105	0.00237334	0.00352888	0.00130813	0.00311805	0.0499319	0.473248	0.000146529	0.00117224
165	0.174896	0.00223072	0.00476643	0.0039505	0.00199708	0.574654	0.00236002	0.00571581	0.00814909	0.00664588	0.00380359	0.048735	0.00444911	0.00525966	0.0223536	0.08399	0.0212582	0.021905	0.00158265	0.0012975
166	0.14427	0.0224694	0.000239558	0.000735147	0.0162965	0.0217777	0.00031931	0.177949	0.000246631	0.0497109	0.0406882	0.00124683	0.000859976	0.00349978	0.00032375	0.0616337	0.0995129	0.356406	0.000331971	0.00148158
167	0.0595277	0.00993226	0.000186136	0.0001005	0.0875992	0.0124159	8.64536e-05	0.29248	0.000144829	0.258005	0.0323916	0.000157052	0.00143087	0.000142795	0.00011643	0.00641813	0.0172118	0.220714	0.000742745	0.000196533
168	0.0875069	0.000972178	0.000459262	0.010932	0.00147337	0.10263	0.000439502	0.0137353	0.000624224	0.0272447	0.0151109	0.0343183	0.000706876	0.000861499	0.00069333	0.235684	0.414199	0.0443822	0.000512129	0.00751493
169	0.0548961	0.00421329	0.000934284	0.0238621	0.0584492	0.0133971	0.0125315	0.120835	0.0606075	0.205772	0.140115	0.0096236	0.00146393	0.102647	0.00943911	0.042375	0.0647149	0.0489216	0.000763932	0.0244383
170	0.0874435	0.00686306	0.00161467	0.00517122	0.00497299	0.0456962	0.00134449	0.0192919	0.0016113	0.0215472	0.0179524	0.0232768	0.00489439	0.00525514	0.00146864	0.263939	0.426292	0.0554326	0.00141829	0.00451393
171	0.0324887	0.000574618	0.00167568	0.00185575	0.000880061	0.854634	0.000326174	0.00158388	0.00714512	0.0017416	0.00123195	0.0188121	0.00330971	0.00370671	0.00625462	0.0481751	0.00576306	0.00909365	0.000336752	0.00041059
172	0.0626994	0.00814387	0.000246772	0.000111446	0.0936193	0.0137741	0.000148769	0.245451	0.000232714	0.310359	0.0401638	0.000156055	0.00268809	0.000411736	0.000131488	0.0064469	0.0162637	0.19555	0.00244666	0.000955992
173	0.343279	0.00714732	0.0173846	0.00292871	0.00405848	0.228857	0.0152469	0.0659315	0.00162374	0.0205489	0.00719442	0.0203247	0.0557247	0.00379986	0.00176353	0.0634922	0.0392656	0.0982125	0.00104392	0.00217278
174	0.0580899	0.0021309	0.000939819	0.00133354	0.0794175	0.0421801	0.00103603	0.0922532	0.00106473	0.198613	0.00428644	0.0261268	0.0367248	0.14329	0.00118563	0.122339	0.110133	0.0646193	0.000955297	0.0132811
175	0.0455275	0.000631679	0.000264107	0.000331756	0.198594	0.00740286	0.000282195	0.145621	0.000323649	0.325736	0.0580153	0.000426207	0.0118291	0.00296612	0.000375609	0.00533579	0.0018258	0.100065	0.032272	0.0621744
176	0.0913259	0.000397423	0.000715321	0.000540775	0.0334423	0.0154209	0.00139853	0.185584	0.00171388	0.432609	0.0708212	0.000261016	0.0149366	0.00334732	0.000201988	0.0130041	0.0273605	0.0945874	0.00484133	0.00749104
177	0.290879	0.00320187	0.00102742	0.00121082	0.00398751	0.0169712	0.00102672	0.0897977	0.00118829	0.160694	0.0857347	0.00183568	0.00242111	0.00211813	0.00140569	0.0977341	0.133595	0.101949	0.00105689	0.00216458
178	0.0773167	0.00119097	0.000655588	0.0008032	0.0213109	0.0174002	0.0023087	0.151086	0.00115285	0.42471	0.106182	0.000342894	0.010247	0.00291248	0.000523334	0.0154724	0.0275267	0.123826	0.00281902	0.0122134
179	0.0620634	0.00863742	0.000148018	0.000125554	0.104429	0.0140927	0.000123037	0.264001	0.000142375	0.261538	0.0340448	0.000195981	0.00265317	0.000197976	0.000212179	0.00547015	0.0141984	0.223983	0.00104081	0.00270368
180	0.0327745	0.0120925	0.000748429	0.000298405	0.106401	0.00757598	0.000225454	0.0719474	0.000224498	0.548224	0.140704	0.000422678	0.000530247	0.000496672	0.000291033	0.0101519	0.0079637	0.05226	0.00216708	0.00450066
181	0.223421	0.0565935	0.000317522	0.000521751	0.00144113	0.0581029	0.000320154	0.092089	0.000402912	0.0346408	0.0249758	0.000605184	0.00362074	0.00235614	0.000567719	0.122943	0.192688	0.183479	0.000296458	0.000617349
182	0.459168	0.00837978	0.000715117	0.00129579	0.0253477	0.150892	0.00119285	0.0669842	0.00134262	0.0436166	0.0492168	0.00181719	0.00102894	0.0132481	0.0016313	0.0367148	0.0481064	0.0654224	0.0195573	0.00432239
183	0.0602632	0.00991595	0.000153842	0.000109532	0.0892476	0.012894	7.84558e-05	0.291938	0.000117894	0.258696	0.0317759	0.000117606	0.00143252	0.000138308	0.000116819	0.00557347	0.0152097	0.221304	0.000747349	0.000170043
184	0.262161	0.264657	0.000894694	0.00119584	0.00322334	0.0493591	0.00117797	0.0290793	0.00114645	0.0399738	0.00482218	0.0017565	0.0133344	0.00177849	0.00141555	0.250614	0.0244152	0.045871	0.0011006	0.00202417
185	0.0511196	0.000634747	0.000459613	0.0101857	0.033098	0.00887864	0.00433473	0.34164	0.000904644	0.342497	0.0519591	0.000612149	0.00749933	0.00137816	0.000509763	0.00966005	0.0116978	0.0696091	0.0252545	0.0280677
186	0.0185239	0.004813	0.00150735	0.000157666	0.0215071	0.00472719	0.000112756	0.419666	0.000143153	0.235729	0.0230139	0.000202579	0.000170452	0.000224966	0.000169853	0.0054809	0.00879575	0.254689	0.000124572	0.000240499
187	0.0282239	0.00153411	0.00154647	0.00038698	0.0801616	0.0041775	0.000369694	0.151858	0.000325889	0.490706	0.149585	0.000448076	0.00110795	0.000586668	0.000267383	0.00301826	0.00788136	0.0714611	0.00392317	0.00243089
