272	20
1	0.0176843	0.00708962	0.000299646	0.000372046	0.0135669	0.000439933	0.00213989	0.46712	0.000294307	0.0537474	0.0155944	0.00233178	0.000194356	0.000451375	0.00387769	0.00156052	0.00852271	0.401769	0.00182111	0.00112274
2	0.0192794	0.00363515	0.000469906	0.000852007	0.0190489	0.000780994	0.00389764	0.427443	0.00236474	0.209709	0.119908	0.000729145	0.000276558	0.000859072	0.00333613	0.00319866	0.0098259	0.152653	0.00543665	0.0162972
3	0.136805	0.00190462	0.0934188	0.208325	0.00207993	0.0246426	0.00271282	0.00300886	0.0514294	0.00390109	0.012634	0.0126716	0.00121725	0.0500989	0.0250216	0.0239535	0.195725	0.14771	0.000832456	0.00190698
4	0.0560908	0.00293483	0.0189172	0.0464129	0.00356705	0.151933	0.169143	0.00425873	0.124354	0.00651763	0.0035404	0.00379132	0.00137225	0.00350661	0.243796	0.105973	0.0439279	0.00676073	0.00116432	0.00203855
5	0.345268	0.0056308	0.00034071	0.00769121	0.000365869	0.55723	0.000556594	0.00490882	0.000341118	0.00192805	0.0032932	0.00263777	0.000207614	0.00105679	0.00141245	0.0535889	0.0104877	0.00254616	0.00017429	0.000333258
6	0.0438284	0.00404133	0.216238	0.417842	0.000625091	0.00690548	0.0207163	0.00107096	0.0715629	0.00438814	0.00125604	0.0396865	0.00100461	0.0740639	0.0294798	0.044087	0.0164269	0.0050065	0.000266072	0.00150338
7	0.00775772	0.00526088	0.0108177	0.00031811	0.001511	0.936003	0.00679913	0.000519446	0.00374718	0.00326446	0.000330445	0.00794059	0.000186738	0.000445051	0.0068263	0.00456019	0.00254579	0.000719292	0.000137898	0.000309404
8	0.147997	0.0694014	0.0017475	0.00304123	0.00253288	0.00269928	0.0126242	0.166429	0.00248574	0.0251112	0.0275734	0.0291751	0.0428793	0.00310168	0.00208085	0.0341853	0.0357616	0.387157	0.00258595	0.00143095
9	0.00630861	0.0129579	0.00116533	0.0329104	0.103388	0.00178211	0.0931279	0.0347484	0.0109796	0.0065692	0.0167657	0.00424267	0.000752837	0.0255133	0.0643168	0.00214962	0.125312	0.0139689	0.0965282	0.346513
10	0.0180041	0.00611647	0.000294991	0.0004997	0.015318	0.000461014	0.00194999	0.455003	0.00035508	0.0703905	0.014019	0.00213755	0.000216054	0.00050272	0.00336143	0.00143918	0.0083594	0.397537	0.0016241	0.00241072
11	0.00488815	0.0139026	0.00136158	0.0455117	0.102891	0.00150437	0.074086	0.0412893	0.0156988	0.00306227	0.0122817	0.00196561	0.000894273	0.0256962	0.060542	0.00252968	0.155178	0.0179207	0.118338	0.300458
12	0.021194	0.00282322	0.679762	0.0750694	0.00257865	0.0163357	0.00995946	0.0123644	0.00678963	0.0054328	0.00974408	0.0143398	0.00355356	0.00920478	0.0117727	0.0503886	0.04529	0.0193757	0.00161296	0.00240847
13	0.163592	0.0024645	0.0756322	0.029526	0.001913	0.0512203	0.0235048	0.105384	0.00187258	0.00432516	0.0229182	0.063013	0.00149061	0.012201	0.025125	0.198974	0.148352	0.0659291	0.000905515	0.00165702
14	0.0789597	0.0013009	0.182651	0.227273	0.000701571	0.0374788	0.052014	0.000938845	0.0770473	0.00494535	0.00282503	0.0657036	0.000961635	0.107616	0.0305896	0.0595771	0.0632266	0.00182754	0.000278875	0.00408395
15	0.00778476	0.00524654	0.0112344	0.000337742	0.00159229	0.934541	0.00688089	0.000549989	0.00375206	0.00341187	0.000388389	0.00805428	0.000186819	0.000474742	0.00687762	0.00469566	0.00265961	0.000869351	0.000145201	0.000317005
16	0.0249256	0.00181717	0.0116161	0.00219386	0.00204603	0.00206929	0.12214	0.00300206	0.272049	0.00371135	0.00218037	0.248544	0.00109299	0.00269912	0.254036	0.00378515	0.0251293	0.0143012	0.0010631	0.00159822
17	0.0568052	0.0051168	0.017092	0.184671	0.000713181	0.00110897	0.00145586	0.0151869	0.212517	0.00563593	0.00573013	0.00857501	0.0052121	0.135971	0.182372	0.0344855	0.0935106	0.0326946	0.00043816	0.000707838
18	0.036018	0.0057965	0.00107363	0.00661801	0.0867128	0.00408932	0.00201265	0.129189	0.00134776	0.255105	0.119584	0.00279868	0.00087574	0.00255864	0.00157652	0.0229966	0.0356384	0.143287	0.000883429	0.141838
19	0.00648342	0.000790718	0.000592466	0.00121955	0.0208835	0.000779972	0.0021288	0.241166	0.0021028	0.62365	0.0174683	0.00367473	0.000339068	0.00232243	0.000758985	0.00133204	0.00178925	0.0713837	0.000374476	0.000759908
20	0.0144308	0.00110574	0.803101	0.056339	0.00101079	0.0242148	0.00912978	0.00572685	0.00454892	0.00192337	0.00223866	0.01657	0.000643848	0.00387159	0.0131881	0.0242237	0.009234	0.00703558	0.000537133	0.000925934
21	0.350088	0.00591326	0.000334157	0.00813641	0.000387886	0.550336	0.000531607	0.00520014	0.000356965	0.0019271	0.00345304	0.00238512	0.000212915	0.000823964	0.00141636	0.054208	0.0112675	0.00251451	0.000175923	0.000331015
22	0.0371818	0.00546877	0.00290567	0.00401038	0.210631	0.0224597	0.0207446	0.0617159	0.00325643	0.212556	0.233525	0.0220506	0.0201706	0.00429342	0.00433916	0.00898843	0.014241	0.0969973	0.00362283	0.0108402
23	0.608963	0.0361765	0.000639384	0.000855	0.000751329	0.109947	0.00081195	0.00129341	0.000648628	0.00168208	0.000821567	0.00150151	0.00390261	0.000923789	0.0011607	0.220903	0.00644029	0.00177822	0.000308348	0.000491943
24	0.00843645	0.00538151	0.0107248	0.000331918	0.00151286	0.933773	0.00687479	0.000811934	0.00374132	0.00326626	0.000522917	0.00801217	0.000186891	0.000492641	0.00679105	0.00512628	0.00271523	0.000790467	0.000142725	0.000364669
25	0.0149784	0.00164741	0.000949821	0.00106244	0.056496	0.00242777	0.00153299	0.0682267	0.00127938	0.652907	0.133132	0.00150555	0.000898432	0.00167932	0.00131052	0.00655718	0.00619878	0.0394487	0.00121899	0.00654348
26	0.015107	0.00375531	0.00281891	0.00157403	0.199353	0.00612748	0.0154834	0.00924506	0.00207921	0.0566788	0.0373775	0.00388619	0.000696541	0.00755813	0.00664374	0.00399239	0.0146933	0.0151904	0.130161	0.467579
27	0.0614547	0.0715829	0.00351461	0.00388737	0.0149193	0.0717952	0.022926	0.00455118	0.00238222	0.0919816	0.0300217	0.199309	0.0093108	0.00792815	0.00326361	0.288777	0.095116	0.0132085	0.00134942	0.00272046
28	0.160649	0.0257736	0.0029189	0.00431667	0.00329786	0.00496545	0.0053801	0.01413	0.00351482	0.00927615	0.0258822	0.142104	0.00416552	0.0044299	0.0040153	0.0770155	0.149166	0.353244	0.00297588	0.00277841
29	0.149788	0.0079553	0.0126215	0.0151784	0.00215545	0.0940582	0.0297107	0.00344221	0.0116414	0.0110247	0.00795745	0.178768	0.0352887	0.0789461	0.0152837	0.191708	0.12586	0.0256304	0.00115006	0.00183341
30	0.073066	0.0171276	0.000789411	0.00231333	0.0183213	0.0057051	0.00238168	0.186051	0.000850077	0.241311	0.0642856	0.00237912	0.000441048	0.00129339	0.00112908	0.00831717	0.0313963	0.34142	0.000599479	0.000822231
31	0.00923313	0.00526272	0.0107491	0.000363626	0.00150993	0.934421	0.00678287	0.000555734	0.00372543	0.0032469	0.00033734	0.0078896	0.000192272	0.000470493	0.00679525	0.00473076	0.00255301	0.000729315	0.000138921	0.000312352
32	0.0175048	0.00219567	0.00147684	0.00218214	0.101205	0.0121186	0.26984	0.0049779	0.00398199	0.0620148	0.00941494	0.0543907	0.00091625	0.0202971	0.0245792	0.00834209	0.0138934	0.0074451	0.0151802	0.368044
33	0.03897	0.0115544	0.0254189	0.00608542	0.000995199	0.390816	0.00732061	0.0033815	0.00103506	0.00185838	0.00183953	0.0564726	0.00811056	0.00241749	0.021631	0.351212	0.0603748	0.00299453	0.000510525	0.00700129
34	0.0222556	0.0503219	0.030499	0.0350943	0.00438704	0.00533906	0.153143	0.00849297	0.0377973	0.0302202	0.00492769	0.148952	0.00235305	0.10576	0.275131	0.0125127	0.0208996	0.0379334	0.0042761	0.00970378
35	0.129801	0.00542767	0.0960187	0.206251	0.00222865	0.0401118	0.02103	0.00601229	0.0634997	0.0207311	0.0058788	0.0581279	0.0290494	0.0581956	0.0667241	0.0983916	0.0752527	0.0139156	0.00125801	0.00209501
36	0.0236326	0.00139802	0.000458869	0.00121245	0.021264	0.000875205	0.00208419	0.31054	0.000634489	0.298376	0.164576	0.000707708	0.000273552	0.00083494	0.000838362	0.00130315	0.00277328	0.165028	0.0016091	0.0015808
37	0.300919	0.00509266	0.00116621	0.00192374	0.00461739	0.0114673	0.00136492	0.186822	0.00944866	0.0309708	0.028154	0.00225454	0.0167059	0.0118399	0.0013667	0.0583347	0.0520692	0.273155	0.00120954	0.00111845
38	0.0623831	0.00312804	0.234798	0.425598	0.000741763	0.000997773	0.0104245	0.0012016	0.0638337	0.00417168	0.000890862	0.0342373	0.000734055	0.0785332	0.034326	0.0291455	0.00675837	0.00715209	0.000292729	0.000651723
39	0.704119	0.00212462	0.00223436	0.00274945	0.00345877	0.00236415	0.00234612	0.0200888	0.00284674	0.00744798	0.00273953	0.00402312	0.00200294	0.00288627	0.00239538	0.00833582	0.0480389	0.175836	0.0022854	0.00167692
40	0.284003	0.011296	0.00315832	0.00412087	0.00571074	0.0957209	0.00636961	0.205518	0.00437842	0.0238163	0.115028	0.00658106	0.00390546	0.00823214	0.00416527	0.0386747	0.0189674	0.155638	0.00180164	0.002914
41	0.30302	0.0314765	0.0124246	0.0239888	0.001836	0.0122949	0.0450782	0.0227358	0.0532715	0.0138707	0.0117695	0.0250339	0.00134894	0.042685	0.0653338	0.100371	0.131606	0.0341011	0.0100317	0.0577224
42	0.0897745	0.000519856	0.125958	0.159549	0.00130738	0.0103815	0.0204084	0.000732284	0.131407	0.00616159	0.00132091	0.0314527	0.000306315	0.05152	0.298878	0.0351908	0.0275545	0.00272005	0.00114926	0.00370775
43	0.195975	0.0193173	0.0114185	0.01714	0.0108904	0.0313579	0.0142108	0.017999	0.0124345	0.0244514	0.0138815	0.0223767	0.00610868	0.497534	0.0165636	0.0232236	0.026745	0.0248533	0.0048602	0.00865885
44	0.0671603	0.00774742	0.000541866	0.00130818	0.0677421	0.0139687	0.00123685	0.134524	0.000553437	0.329846	0.214364	0.00234209	0.000802027	0.00392773	0.000735216	0.0112728	0.0398443	0.082999	0.000318855	0.0187651
45	0.0624635	0.00425475	0.0171867	0.19074	0.000720267	0.000869813	0.00102978	0.0171386	0.207044	0.00571167	0.00454385	0.00979772	0.00425101	0.141651	0.16606	0.0324674	0.0974006	0.035735	0.000349583	0.000585414
46	0.0255585	0.00287192	0.000470648	0.00127983	0.0346232	0.00247041	0.00185713	0.261553	0.000789129	0.351939	0.15452	0.00139505	0.000482372	0.00127299	0.000735614	0.00378151	0.00826846	0.140615	0.00135556	0.0041599
47	0.221714	0.00753453	0.101252	0.0545639	0.00183572	0.0470259	0.00329885	0.00295562	0.0230944	0.00975909	0.00277675	0.0097036	0.322333	0.0191342	0.0255481	0.110702	0.0181533	0.015774	0.00108292	0.00175729
48	0.00734576	0.00453714	0.00074602	0.000902338	0.216233	0.00791473	0.00627524	0.00378888	0.000856459	0.0322357	0.0119338	0.00320253	0.000452376	0.00362308	0.00598392	0.00333047	0.0041825	0.00691096	0.0519494	0.627596
49	0.169675	0.0316297	0.00816029	0.0047845	0.11519	0.0246134	0.00730328	0.00918166	0.00391032	0.0125845	0.00666431	0.0349167	0.00522948	0.00592257	0.00782234	0.138734	0.0835032	0.0140248	0.00490058	0.311249
50	0.0809189	0.00880384	0.0092555	0.0105958	0.00434349	0.0486948	0.0718726	0.00819704	0.0082733	0.0147263	0.00922528	0.141483	0.0664541	0.0849954	0.0113713	0.175074	0.217499	0.0223735	0.00223238	0.00361121
51	0.16801	0.0295373	0.00367034	0.0039697	0.0033077	0.0671858	0.0134467	0.00374162	0.00200299	0.0503108	0.0371071	0.100305	0.0277513	0.0122361	0.00261966	0.235621	0.203598	0.0322958	0.00127393	0.00200918
52	0.00783486	0.00467261	0.000866148	0.00103955	0.231207	0.0075297	0.00835975	0.0059071	0.0009303	0.0377943	0.0139401	0.00354329	0.000455535	0.00410096	0.0063439	0.00354613	0.0049802	0.00749079	0.0521916	0.597266
53	0.183688	0.0293596	0.0281856	0.00207083	0.109563	0.139248	0.0142627	0.020726	0.00196614	0.0252484	0.011658	0.0552047	0.0260205	0.00238587	0.0193536	0.128568	0.0572375	0.0501541	0.0245131	0.0705869
54	0.309355	0.00292389	0.00154458	0.00227077	0.00588547	0.0189444	0.00223552	0.131291	0.00748028	0.0420777	0.0256458	0.00162687	0.0263574	0.0157072	0.00310905	0.0922462	0.0771705	0.232084	0.00078272	0.00126141
55	0.187609	0.00428189	0.014566	0.0159475	0.0310016	0.00407834	0.00332424	0.361909	0.0035189	0.0694977	0.0236647	0.00306535	0.00285938	0.0188928	0.00445583	0.0131658	0.0478231	0.169539	0.0018081	0.0189915
56	0.107028	0.000647266	0.0734654	0.31066	0.00696212	0.0258173	0.017463	0.0273657	0.0636659	0.0668379	0.0230833	0.030634	0.00505552	0.0812799	0.0874721	0.0265101	0.033137	0.00802454	0.00431617	0.000574497
57	0.0645554	0.0271381	0.00451256	0.00780573	0.0177193	0.00700976	0.008179	0.0314558	0.00722112	0.592896	0.0318338	0.0104968	0.00349199	0.00892496	0.00681034	0.0222308	0.090559	0.0478374	0.00235442	0.00696792
58	0.607695	0.0361027	0.000641391	0.000866931	0.000747764	0.109932	0.000818835	0.00132974	0.000651335	0.00166857	0.00082214	0.00144485	0.00389531	0.000922993	0.00116729	0.221831	0.00683051	0.00183376	0.00030789	0.000490038
59	0.12679	0.0013272	0.16278	0.238339	0.000719671	0.0235486	0.0346182	0.00110345	0.0934782	0.00397966	0.00472334	0.0501971	0.00309874	0.110145	0.0365146	0.0507954	0.0457542	0.0039325	0.000311347	0.00784397
60	0.0740015	0.00154939	0.0645335	0.0992509	0.00197818	0.00460479	0.0122324	0.00225416	0.279775	0.0502429	0.0213501	0.0059827	0.000847551	0.037726	0.280293	0.0125358	0.0260755	0.0123885	0.00151583	0.0108619
61	0.00692964	0.000876267	0.000595264	0.00120103	0.0201144	0.000787748	0.00208093	0.246527	0.00203214	0.612273	0.0198627	0.00354405	0.000304879	0.00222595	0.000777668	0.00133374	0.00185783	0.0753355	0.000434541	0.000906524
62	0.314956	0.00305053	0.00120826	0.00177871	0.00652543	0.0107028	0.00132628	0.162855	0.00928623	0.0387179	0.0268248	0.00132179	0.02109	0.0144124	0.00218362	0.0765612	0.0656062	0.239692	0.000768867	0.00113255
63	0.136104	0.00594386	0.049035	0.0826879	0.00144222	0.0615694	0.0230585	0.00306317	0.0482475	0.0104419	0.00184367	0.14263	0.0297167	0.0552181	0.0631667	0.154937	0.105196	0.0233863	0.000541892	0.00177125
64	0.0266195	0.00697992	0.0101461	0.00948762	0.00642601	0.00334532	0.132052	0.00512293	0.0768508	0.00825326	0.00274831	0.0510135	0.00146368	0.0786184	0.42237	0.0287221	0.0716966	0.0185479	0.00426226	0.0352732
65	0.123006	0.01153	0.00104597	0.00304554	0.0348704	0.00701474	0.00309485	0.133253	0.00267379	0.047882	0.015741	0.00351152	0.0027755	0.00152429	0.00113373	0.0130636	0.0656835	0.524525	0.00346706	0.00115768
66	0.0242447	0.00767186	0.00213556	0.00225747	0.438209	0.00446319	0.0922943	0.0179974	0.00379065	0.106592	0.00804994	0.0262025	0.00147979	0.00833122	0.00940797	0.0124327	0.00762152	0.00763366	0.00821359	0.210971
67	0.0134814	0.00872346	0.00136269	0.00148987	0.431666	0.00487255	0.0199526	0.00918636	0.00145343	0.0643569	0.00930795	0.00854147	0.000678458	0.00333478	0.00492551	0.0112387	0.00498917	0.00505726	0.0186794	0.376702
68	0.137764	0.126196	0.00239415	0.00294893	0.00255981	0.100817	0.00379548	0.0056496	0.00226564	0.00815124	0.005725	0.0353079	0.00321209	0.00386995	0.00271482	0.0967844	0.432056	0.0240001	0.00136534	0.00242211
69	0.031915	0.0706839	0.00265983	0.0034929	0.0187879	0.076632	0.0161178	0.00431794	0.00243148	0.0998011	0.0337529	0.221759	0.00317439	0.00403856	0.00349687	0.308015	0.0862406	0.00886676	0.00127466	0.00254189
70	0.0391862	0.0116636	0.0252686	0.00595867	0.000993982	0.391968	0.00734727	0.0037244	0.00104885	0.00184654	0.00192259	0.0558696	0.00796264	0.00252405	0.0212495	0.349967	0.0607164	0.00322257	0.00050842	0.00705082
71	0.00796251	0.00526698	0.0107714	0.000321135	0.00171011	0.934033	0.00737797	0.000631274	0.00396156	0.00343198	0.000415535	0.00796202	0.000196981	0.000471884	0.00693226	0.00472829	0.00260524	0.000749422	0.000141543	0.00032925
72	0.131362	0.00693436	0.00527958	0.0166659	0.00195897	0.118158	0.00480212	0.00349819	0.00321542	0.00427664	0.002807	0.0221526	0.00427398	0.0106513	0.00645385	0.607624	0.038321	0.00802437	0.000996248	0.00254505
73	0.0257098	0.00606193	0.445423	0.165253	0.00587182	0.0146914	0.00786518	0.037295	0.00631518	0.0112382	0.0333729	0.0120735	0.00643883	0.00739222	0.0119583	0.0618324	0.0651511	0.0679617	0.00325109	0.00484369
74	0.608963	0.0361765	0.000639384	0.000855	0.000751329	0.109947	0.00081195	0.00129341	0.000648628	0.00168208	0.000821567	0.00150151	0.00390261	0.000923789	0.0011607	0.220903	0.00644029	0.00177822	0.000308348	0.000491943
75	0.142526	0.0116346	0.00229453	0.0073716	0.00682454	0.00390143	0.0066618	0.119648	0.00710333	0.0192945	0.0110555	0.0742187	0.0100829	0.00517925	0.00254491	0.027703	0.093143	0.429298	0.0177527	0.00176175
76	0.0299007	0.00258977	0.172724	0.521378	0.00115369	0.00158754	0.0145988	0.0041238	0.0441934	0.008764	0.00135509	0.0238242	0.00305815	0.102513	0.0286747	0.0184682	0.0121162	0.00758577	0.000447931	0.00094351
77	0.0398515	0.00481859	0.00149873	0.00123248	0.001389	0.00172075	0.00172005	0.00756317	0.00151495	0.0122471	0.00303134	0.00488818	0.00204308	0.0108518	0.00166804	0.126706	0.760901	0.0145145	0.00068251	0.00115733
78	0.25085	0.00626079	0.00349674	0.00498586	0.00460009	0.00622868	0.0502509	0.0971709	0.00415964	0.0555374	0.071961	0.135215	0.00330081	0.0409112	0.00522567	0.0499775	0.0590524	0.121125	0.0258216	0.00386904
79	0.0259277	0.00523459	0.00113768	0.00327982	0.0272692	0.000783351	0.00140738	0.432628	0.00198884	0.201318	0.0232415	0.000890179	0.000424508	0.00144587	0.00376418	0.00440967	0.0122366	0.223889	0.00409319	0.024631
80	0.0102039	0.0027128	0.00269903	0.00459467	0.00320596	0.00354244	0.0065356	0.00415066	0.133551	0.00600206	0.00329554	0.00486612	0.00147814	0.00653238	0.767002	0.0201515	0.00788461	0.00627609	0.00156551	0.00374998
81	0.0669927	0.00778105	0.000539671	0.00130918	0.068073	0.0138651	0.00123364	0.134644	0.000553888	0.329458	0.214127	0.00236418	0.000793867	0.00391234	0.000732178	0.0113141	0.0400529	0.0831531	0.000313515	0.0187859
82	0.248121	0.0116931	0.00121797	0.00163101	0.00890303	0.00879634	0.00186588	0.178998	0.00591557	0.0560371	0.0287308	0.00278401	0.0125442	0.00842701	0.00158311	0.048935	0.0510469	0.320865	0.000773737	0.00113151
83	0.0588295	0.0106252	0.0110933	0.0481958	0.00608731	0.00589812	0.127355	0.0106502	0.0276822	0.0179219	0.0057211	0.0272304	0.00561068	0.0922452	0.33672	0.0191619	0.0516169	0.0715533	0.0485126	0.0172894
84	0.0236392	0.00298835	0.00132337	0.00262859	0.12549	0.0077055	0.223505	0.0059841	0.00464738	0.0559956	0.0168109	0.0446302	0.000811612	0.0372436	0.0427036	0.00951047	0.0272422	0.0110648	0.0303234	0.325753
85	0.0128192	0.0100633	0.00131173	0.00158403	0.245916	0.00752968	0.0152663	0.0164367	0.00155051	0.0742508	0.0409157	0.00638156	0.00137744	0.00626514	0.0142601	0.00439084	0.008605	0.0133122	0.0316479	0.486116
86	0.0195003	0.00275885	0.00849334	0.00337106	0.138249	0.00559071	0.260446	0.00623859	0.00823702	0.0507992	0.0102492	0.101836	0.00177041	0.0515496	0.0239571	0.0306506	0.0154918	0.0129904	0.115965	0.131856
87	0.108171	0.0052563	0.0805146	0.00695901	0.00514274	0.0233813	0.0839667	0.0779091	0.0788051	0.00828404	0.00476875	0.163143	0.00237035	0.0678339	0.113981	0.034255	0.0613038	0.0437924	0.00373505	0.026427
88	0.297049	0.0172214	0.00267442	0.0158587	0.00290302	0.00361534	0.0170836	0.0961116	0.00288104	0.0866754	0.0177711	0.00340416	0.00287747	0.0421516	0.0678181	0.0653805	0.0650654	0.189493	0.00172538	0.0022398
89	0.0495997	0.00248396	0.00210848	0.0388901	0.00220764	0.00293858	0.00268685	0.10217	0.0982266	0.191734	0.0768696	0.0281518	0.00122072	0.0799388	0.182818	0.0181136	0.048746	0.0679381	0.00112551	0.00203251
90	0.00775772	0.00526088	0.0108177	0.00031811	0.001511	0.936003	0.00679913	0.000519446	0.00374718	0.00326446	0.000330445	0.00794059	0.000186738	0.000445051	0.0068263	0.00456019	0.00254579	0.000719292	0.000137898	0.000309404
91	0.0143529	0.00166713	0.0108534	0.0752127	0.00164052	0.0028966	0.039525	0.00275787	0.427218	0.042447	0.00415174	0.00199783	0.00110324	0.115905	0.227308	0.00577865	0.0159805	0.00519252	0.000805211	0.00320627
92	0.0405071	0.000809957	0.00318256	0.00591225	0.00283199	0.00746562	0.0153514	0.00133107	0.0135281	0.0077534	0.000978065	0.0014567	0.849747	0.00999683	0.00937258	0.0111161	0.0138036	0.00390599	0.000438604	0.000511299
93	0.0789597	0.0013009	0.182651	0.227273	0.000701571	0.0374788	0.052014	0.000938845	0.0770473	0.00494535	0.00282503	0.0657036	0.000961635	0.107616	0.0305896	0.0595771	0.0632266	0.00182754	0.000278875	0.00408395
94	0.00996702	0.00276924	0.00243277	0.00429426	0.00326411	0.00354643	0.00570142	0.00421858	0.131738	0.00588037	0.00315991	0.00429586	0.00144442	0.00587313	0.772132	0.0199763	0.00762965	0.00640407	0.00163538	0.00363688
95	0.0176597	0.00340004	0.0222713	0.00399365	0.0215149	0.00447496	0.106267	0.0347304	0.167449	0.0149482	0.0075464	0.0369223	0.00147565	0.095134	0.205427	0.0360422	0.140405	0.0393804	0.0115441	0.0294127
96	0.0111886	0.0023812	0.00912105	0.00318946	0.0232339	0.00400306	0.127121	0.0878909	0.222817	0.0338356	0.0177369	0.0245884	0.00174051	0.0812453	0.108511	0.0154052	0.120649	0.0531873	0.029994	0.0221604
97	0.00804311	0.0103257	0.00133119	0.00178549	0.180304	0.00188486	0.00208008	0.459719	0.00167281	0.0388884	0.0239039	0.0108459	0.00100625	0.00213811	0.00249407	0.00366451	0.0212803	0.210199	0.00857571	0.00985838
98	0.00960273	0.00105209	0.000625398	0.00161028	0.0198849	0.00111413	0.00238972	0.251827	0.00198437	0.580177	0.0265462	0.00370368	0.00035083	0.00246722	0.000802639	0.00136218	0.002286	0.090181	0.000469587	0.00156304
99	0.314193	0.00846825	0.00107215	0.0023677	0.000939917	0.135644	0.00160917	0.00218039	0.00135825	0.00251027	0.00127528	0.00275927	0.000737437	0.00373741	0.00133792	0.378813	0.118493	0.0207875	0.000441274	0.00127404
100	0.442425	0.0170935	0.000408097	0.0052145	0.00045376	0.394913	0.000603175	0.00344301	0.000437221	0.00171519	0.00227435	0.00215159	0.00150965	0.00121392	0.00119735	0.113064	0.00892103	0.00228911	0.000247698	0.000424843
101	0.0116761	0.00493883	0.000817685	0.00180815	0.197831	0.00847802	0.0446678	0.00565408	0.00133445	0.0378429	0.0155336	0.0106978	0.00062629	0.0101944	0.0150973	0.00399194	0.0119636	0.00694568	0.039676	0.570225
102	0.0143215	0.00343325	0.0489792	0.00657309	0.00335526	0.00380261	0.758798	0.00567641	0.00386443	0.00720826	0.00368136	0.0464449	0.00208368	0.0253221	0.00528201	0.00660143	0.0394503	0.00698845	0.00164083	0.00649299
103	0.00790774	0.00525829	0.0108024	0.000318649	0.00151052	0.935843	0.00678578	0.000517122	0.00374534	0.00326285	0.000330443	0.00793205	0.00018673	0.000443946	0.00681857	0.00461555	0.00254551	0.000728567	0.000137898	0.000309396
104	0.0535825	0.0548368	0.00705128	0.0289627	0.00501425	0.00707373	0.00637473	0.195187	0.00430891	0.0142426	0.00587651	0.0100842	0.00467878	0.00546129	0.00607377	0.194074	0.182573	0.208411	0.00270831	0.00342411
105	0.142277	0.0188196	0.00967741	0.0119538	0.00339677	0.0996858	0.0283398	0.0033016	0.00580885	0.0238054	0.0165384	0.10174	0.0394115	0.0347974	0.0113254	0.250997	0.171609	0.022532	0.00110614	0.00287725
106	0.0388986	0.00848298	0.000864564	0.00674769	0.0877188	0.00384339	0.00155532	0.14142	0.0010009	0.251301	0.125954	0.00273924	0.000688781	0.00225668	0.00125889	0.0225739	0.0417246	0.147631	0.00116739	0.112173
107	0.411798	0.0358007	0.000851114	0.00112341	0.00553089	0.183661	0.00895535	0.0569198	0.00104448	0.0636527	0.0697153	0.0128591	0.000500023	0.012901	0.00133771	0.0289041	0.0318302	0.0711622	0.000480315	0.000972838
108	0.332704	0.00921046	0.00117431	0.00197992	0.000961851	0.137769	0.00160044	0.00249837	0.00136698	0.00280222	0.00132656	0.00218456	0.000660775	0.00337235	0.00136828	0.347691	0.129445	0.019951	0.00058288	0.00135053
109	0.391701	0.0208333	0.00183408	0.00189435	0.00489728	0.164165	0.0136268	0.0421554	0.00157478	0.0514837	0.0607458	0.0107087	0.00297799	0.00860563	0.00262536	0.0632757	0.0748031	0.0789749	0.00118944	0.00192785
110	0.306186	0.0468952	0.00182237	0.00329931	0.0017652	0.127137	0.00344039	0.00509357	0.0018895	0.00641922	0.0051609	0.0115149	0.00353603	0.00534069	0.00214686	0.306828	0.138928	0.0199381	0.000726631	0.00193165
111	0.0665378	0.00837411	0.000566354	0.00144203	0.0612105	0.0145658	0.00122174	0.148913	0.000599849	0.325449	0.210739	0.00229106	0.000775394	0.00387286	0.000847422	0.0106842	0.035492	0.0901272	0.000482946	0.0158085
112	0.197595	0.102421	0.0234557	0.0299377	0.00514726	0.0259606	0.0251471	0.00753616	0.00779739	0.03183	0.024656	0.0632585	0.0759858	0.0361263	0.00995576	0.187472	0.0984516	0.0416886	0.00163605	0.00394195
113	0.042918	0.000486351	0.000583768	0.00268643	0.0031226	0.00371655	0.0131192	0.000823488	0.00693523	0.00564965	0.000733122	0.00062991	0.879042	0.00784555	0.00502275	0.00830577	0.0137866	0.00402168	0.000210132	0.000361038
114	0.0161388	0.00473984	0.206315	0.00507072	0.00684931	0.00504843	0.126167	0.00714896	0.0278348	0.00870889	0.00576479	0.171865	0.00306287	0.0323706	0.00528041	0.0809908	0.0101661	0.0346702	0.0561407	0.185667
115	0.112953	0.0215133	0.00299753	0.00358737	0.0384251	0.0035741	0.200484	0.00482289	0.00285283	0.0806073	0.0206452	0.00346844	0.196178	0.0218086	0.00435879	0.0235456	0.0253876	0.040485	0.0578035	0.134502
116	0.00734576	0.00453714	0.00074602	0.000902338	0.216233	0.00791473	0.00627524	0.00378888	0.000856459	0.0322357	0.0119338	0.00320253	0.000452376	0.00362308	0.00598392	0.00333047	0.0041825	0.00691096	0.0519494	0.627596
117	0.108843	0.00082969	0.071375	0.311721	0.00656679	0.0236452	0.0166094	0.026673	0.0629101	0.0662672	0.0226661	0.0326397	0.0049224	0.0823522	0.0835387	0.0322922	0.0318916	0.00770241	0.00573346	0.000821325
118	0.0455047	0.00649447	0.000681628	0.00177435	0.0678166	0.00519241	0.00186126	0.191702	0.000749358	0.326257	0.157343	0.0024928	0.000794342	0.00968596	0.000657771	0.00870108	0.0213943	0.136799	0.00102164	0.0130765
119	0.0322516	0.00243441	0.146503	0.577988	0.00110826	0.00159043	0.0132109	0.00177376	0.0560703	0.0111393	0.00106302	0.0175225	0.00104911	0.057036	0.0449591	0.0180839	0.00800696	0.00661688	0.000495091	0.00109702
120	0.186805	0.000828684	0.178861	0.239182	0.000879455	0.00656161	0.010241	0.00130958	0.0898543	0.00332745	0.00384786	0.0321093	0.00923615	0.113624	0.0563851	0.026721	0.0231389	0.0109309	0.000326866	0.00582932
121	0.111335	0.00339436	0.00310563	0.0420972	0.00341679	0.00375645	0.00440851	0.0474936	0.140496	0.165415	0.161032	0.0109485	0.00155107	0.0764465	0.0898843	0.0101361	0.10014	0.0208323	0.00145513	0.00265589
122	0.0182044	0.00708396	0.000438364	0.000562855	0.0166479	0.000488514	0.00215594	0.47719	0.000739765	0.0643835	0.0205721	0.0022375	0.000218122	0.000706355	0.00407294	0.00215023	0.00949899	0.365806	0.00227277	0.00457003
123	0.153136	0.00223332	0.0188372	0.125509	0.0024168	0.0300259	0.0238958	0.114748	0.0320106	0.277833	0.00486335	0.00525868	0.00173836	0.101599	0.008302	0.0174714	0.00681111	0.0699925	0.00135785	0.00196063
124	0.130488	0.00136931	0.0581474	0.17067	0.0101631	0.00705903	0.0284081	0.00361007	0.0942423	0.0409921	0.00410488	0.014094	0.00139816	0.0658451	0.281163	0.0427013	0.0290204	0.0051981	0.00827865	0.00304669
125	0.108226	0.00247542	0.00882018	0.120845	0.00816159	0.0155176	0.0247939	0.158669	0.0148759	0.27799	0.00482959	0.00416128	0.0014702	0.097984	0.00343487	0.0107813	0.00588037	0.127195	0.00132102	0.00256848
126	0.0167362	0.00617717	0.000346782	0.000492356	0.012824	0.000819592	0.00198981	0.434454	0.000345717	0.0494566	0.0139979	0.00219304	0.000224032	0.000520635	0.00343937	0.00149983	0.00859192	0.442495	0.00167729	0.00171867
127	0.390711	0.00690436	0.000667659	0.00634705	0.000488002	0.51293	0.000778851	0.00436711	0.000513806	0.00312975	0.00412894	0.00247	0.000294584	0.00104436	0.00214429	0.0491591	0.00935399	0.00401899	0.000176432	0.000372094
128	0.431334	0.0432565	0.000904776	0.0011775	0.00613148	0.18896	0.00902317	0.0555439	0.00120305	0.0560982	0.0642473	0.0119173	0.000557211	0.012246	0.00177457	0.0268988	0.0262147	0.0607135	0.000706115	0.0010923
129	0.0303016	0.00461699	0.0025821	0.0023606	0.258075	0.0115941	0.00976788	0.0733949	0.00239139	0.235581	0.207958	0.00997676	0.00849661	0.00341433	0.00358689	0.00809985	0.0157562	0.0881052	0.0082852	0.0156549
130	0.00882197	0.0133111	0.00140942	0.0018541	0.180567	0.00215023	0.00220831	0.455733	0.00205227	0.0492519	0.0260471	0.00964341	0.00091888	0.00243319	0.00256047	0.0049145	0.0237365	0.184989	0.0114819	0.0159158
131	0.493051	0.0272082	0.000823346	0.00182732	0.00345138	0.264488	0.00500184	0.0275982	0.000843344	0.0324526	0.0390996	0.00632198	0.000551431	0.00667188	0.00315477	0.0314845	0.0156508	0.0390343	0.000477696	0.000807199
132	0.0206409	0.00381035	0.0657484	0.701971	0.00301402	0.00335586	0.0268029	0.00669478	0.0257153	0.0132391	0.0036545	0.0104738	0.00294803	0.0489453	0.0226546	0.0107197	0.0136552	0.0105114	0.00194567	0.00349946
133	0.0426144	0.000540245	0.000890538	0.00302386	0.0031055	0.00393021	0.0130264	0.00077872	0.00734803	0.00618727	0.000743924	0.00080581	0.877228	0.00789702	0.00533865	0.00853108	0.0136277	0.0037855	0.000243187	0.000354382
134	0.0173079	0.00622841	0.000306677	0.000466937	0.0154901	0.000460534	0.00195756	0.457837	0.000321391	0.0671605	0.0141214	0.00214928	0.000205372	0.000468355	0.00342603	0.0014734	0.00831941	0.398702	0.00162775	0.00196958
135	0.0463979	0.004846	0.00463413	0.00584589	0.0320857	0.0058555	0.00607682	0.101575	0.00670331	0.136163	0.305679	0.00626249	0.00272757	0.20643	0.0069602	0.0360214	0.0666017	0.0122051	0.00274611	0.00418237
136	0.387876	0.0103759	0.000577586	0.00549759	0.00123176	0.476671	0.00135858	0.00730327	0.000641478	0.00767803	0.00901474	0.00326898	0.000445806	0.00232056	0.00219122	0.0564725	0.0142773	0.0119295	0.000391911	0.000475822
137	0.315232	0.010197	0.0017297	0.00200606	0.00112776	0.143544	0.0025812	0.00371173	0.00134088	0.00381687	0.00275987	0.00588619	0.00179855	0.00476827	0.00181338	0.341961	0.131325	0.022281	0.000556786	0.00156206
138	0.284247	0.01941	0.00230789	0.00547817	0.00505106	0.454001	0.00581558	0.0223581	0.000958856	0.00866926	0.0135599	0.0137306	0.00307324	0.0027208	0.002922	0.0997606	0.0341424	0.0140413	0.00128906	0.00646296
139	0.00821059	0.00524066	0.0107942	0.000322409	0.00151101	0.935607	0.00679345	0.000518104	0.00373878	0.00325842	0.000329393	0.00791142	0.000186738	0.000470077	0.00681616	0.00458488	0.00253573	0.000723098	0.0001379	0.000310201
140	0.12855	0.0435337	0.000984513	0.00172932	0.0209247	0.00967657	0.00557902	0.166843	0.00137661	0.0954937	0.0384065	0.00953408	0.0108082	0.00317652	0.00227753	0.0197416	0.0417248	0.397165	0.00137326	0.00110117
141	0.016414	0.00710865	0.000912651	0.0011599	0.0200393	0.000872518	0.00282992	0.527189	0.00488158	0.141942	0.0632053	0.000826443	0.000374467	0.00129756	0.00712386	0.00600867	0.0195168	0.138338	0.00598343	0.0339756
142	0.0112466	0.00340088	0.00277123	0.0391615	0.0217729	0.0037344	0.0206361	0.151415	0.00307035	0.0963225	0.00397115	0.00450477	0.123552	0.00469638	0.00376471	0.0069107	0.0427288	0.451973	0.00167104	0.00269584
143	0.0431111	0.00047455	0.000809541	0.00287356	0.00309342	0.0036528	0.0127195	0.000822808	0.00696609	0.00564315	0.000655056	0.000691046	0.879301	0.00781858	0.00490558	0.00853024	0.0136164	0.00375721	0.000206515	0.000351485
144	0.043363	0.000468059	0.000469369	0.00262931	0.00310804	0.00362645	0.0126776	0.000833907	0.00701421	0.00558838	0.000663202	0.000623741	0.879892	0.00786085	0.00471283	0.00843983	0.0137201	0.00374343	0.000205408	0.000360808
145	0.263148	0.00108218	0.128145	0.211321	0.00116403	0.00148843	0.00191604	0.00159893	0.0943897	0.00742394	0.00701929	0.00588046	0.047394	0.0512588	0.0743373	0.0294774	0.0276075	0.0375448	0.000489439	0.00731325
146	0.0388116	0.0115213	0.0254283	0.00603195	0.00100046	0.391759	0.00732613	0.00353035	0.00104528	0.00184801	0.00187155	0.056354	0.00804418	0.00241789	0.0215015	0.350377	0.0605204	0.00302146	0.000511592	0.00707795
147	0.00757592	0.00453788	0.000747042	0.0010533	0.213527	0.00791591	0.00783689	0.00407006	0.000875452	0.0321522	0.012075	0.00348838	0.000487761	0.00400762	0.00650102	0.00328043	0.00523706	0.00699166	0.0519524	0.625686
148	0.0342365	0.00267516	0.00685631	0.00337347	0.185436	0.00298782	0.0468833	0.0250641	0.0055389	0.119546	0.0953389	0.00760343	0.00156427	0.0195889	0.00645488	0.00627507	0.0311842	0.0387644	0.256144	0.104485
149	0.0217275	0.00725218	0.000369291	0.000398381	0.0156388	0.000905534	0.00224796	0.451521	0.000416526	0.0562502	0.0209588	0.00224386	0.000214759	0.000517858	0.00355375	0.00180406	0.0104243	0.400509	0.00168894	0.00135721
150	0.123309	0.00156597	0.0541388	0.168216	0.00723034	0.00692798	0.0322087	0.00479444	0.0867303	0.0433933	0.00512013	0.0130018	0.00116792	0.0908152	0.283267	0.0326402	0.02356	0.00660406	0.0123156	0.00299326
151	0.261372	0.00109389	0.127465	0.213569	0.00120683	0.00179053	0.00203565	0.00185132	0.0931539	0.00803505	0.00701457	0.0062547	0.047002	0.0524529	0.0743765	0.0293358	0.0273515	0.0369695	0.000500367	0.00716964
152	0.0200578	0.010135	0.000683668	0.000707066	0.0169692	0.000610595	0.00205087	0.496555	0.00170212	0.0919771	0.0284824	0.00170791	0.000268023	0.00100832	0.00800607	0.00609522	0.0145651	0.279597	0.00403675	0.0147847
153	0.0739301	0.269778	0.00454506	0.00467192	0.00525984	0.00537239	0.00717287	0.0081871	0.00507513	0.454624	0.00591048	0.00686863	0.00338144	0.00646245	0.00687207	0.04169	0.0273397	0.0561854	0.00197742	0.00469594
154	0.0897842	0.000534442	0.126065	0.158095	0.00130923	0.0105689	0.0204757	0.000754475	0.13098	0.00621496	0.00133586	0.0313108	0.00033712	0.0516411	0.299957	0.0355984	0.0274553	0.00270778	0.00115083	0.00372321
155	0.0699534	0.000681573	0.0867393	0.123076	0.00144253	0.00859301	0.0210139	0.000844072	0.240346	0.0163023	0.00477224	0.0177784	0.000464657	0.0574325	0.288401	0.0267946	0.0236073	0.00419523	0.00111675	0.00644533
156	0.0134843	0.00277576	0.00510329	0.00257701	0.0488023	0.00861436	0.400244	0.00435477	0.00482524	0.0510958	0.0052321	0.0804486	0.00145449	0.0143584	0.0262231	0.00944796	0.0112984	0.0072999	0.0104445	0.291916
157	0.0187944	0.00106408	0.728706	0.0799569	0.0010264	0.0472534	0.00798499	0.00764056	0.00649165	0.00208487	0.00218158	0.0238135	0.000640384	0.00176893	0.0216925	0.0327639	0.00599448	0.00863559	0.000595335	0.000910325
158	0.0175838	0.00699557	0.00031095	0.00042019	0.0131903	0.000573384	0.00221864	0.461325	0.000327401	0.0532257	0.0152022	0.0023006	0.000244938	0.000468487	0.00378772	0.00164871	0.00834807	0.408746	0.00180136	0.00128176
159	0.0330099	0.00946307	0.00873289	0.010433	0.0811705	0.0121365	0.0428401	0.0168691	0.0622768	0.391311	0.0223921	0.0164203	0.0534668	0.0136288	0.0716852	0.0244911	0.0220186	0.0228855	0.0115079	0.0732606
160	0.0140397	0.00397678	0.00166028	0.00185751	0.416101	0.0032351	0.00460044	0.0607033	0.001644	0.298903	0.0837147	0.00472138	0.00245228	0.00259538	0.00345371	0.00406166	0.00403321	0.0399092	0.0162853	0.0320519
161	0.0179574	0.00754195	0.000313639	0.000399028	0.0133963	0.000458287	0.00229216	0.468556	0.00031266	0.0540519	0.0158064	0.00232203	0.000205565	0.000481755	0.00396981	0.0016237	0.00868927	0.398395	0.00198979	0.00123734
162	0.354422	0.0607414	0.0231453	0.00459548	0.0230577	0.00470115	0.00471892	0.047565	0.00363914	0.0661601	0.0051318	0.00493774	0.00313367	0.00554872	0.00506906	0.206108	0.0526451	0.119829	0.00189716	0.0029537
163	0.0138638	0.00128957	0.82034	0.0456495	0.00119129	0.0198633	0.0110675	0.00532342	0.00429223	0.00194065	0.00229474	0.0153687	0.000815394	0.00531408	0.0113185	0.021812	0.00982765	0.00656159	0.000646968	0.00121936
164	0.0215528	0.00377293	0.0639403	0.717211	0.00351237	0.00357512	0.0224435	0.00675613	0.0261966	0.0126216	0.00414242	0.00947513	0.00278267	0.0418013	0.0225767	0.0102707	0.011803	0.0101385	0.00171102	0.00371616
165	0.053958	0.0114658	0.00463044	0.00686498	0.015818	0.0351008	0.0074668	0.0839189	0.00561034	0.0379754	0.0144551	0.00800189	0.00437274	0.00629735	0.00738373	0.0160236	0.0314529	0.637948	0.00339558	0.00785973
166	0.0176366	0.00677639	0.000359461	0.00051383	0.0131404	0.000716748	0.0021531	0.453629	0.00035118	0.0527347	0.0148585	0.00227364	0.000267295	0.000525212	0.00366565	0.00176484	0.0086821	0.41674	0.0017755	0.00143644
167	0.0418085	0.155212	0.00252771	0.00333204	0.00270219	0.0584809	0.00352325	0.00775947	0.00265311	0.00967272	0.00477966	0.0430255	0.0035927	0.00595682	0.00343108	0.0524747	0.574959	0.0200929	0.00146623	0.00255001
168	0.340021	0.00549117	0.000340848	0.00759105	0.000386234	0.563114	0.000548215	0.00485355	0.000353678	0.00191121	0.0031982	0.00281914	0.000196571	0.00116929	0.00134319	0.0533067	0.0102308	0.00260449	0.000178817	0.000341831
169	0.0190163	0.0157879	0.00207389	0.0027264	0.441334	0.00623411	0.0218161	0.0124942	0.00233937	0.0688383	0.0137655	0.0100243	0.0011244	0.00396975	0.0062235	0.0134954	0.00897169	0.00818896	0.0181247	0.323451
170	0.0198802	0.00558547	0.0102776	0.000492109	0.0014626	0.921526	0.00656013	0.000775341	0.00360374	0.00320484	0.000454956	0.00780076	0.000195942	0.000635355	0.00652457	0.00678075	0.00282156	0.000906868	0.000161507	0.000349345
171	0.0121724	0.00301106	0.00433066	0.00623986	0.00345005	0.00419239	0.00794396	0.00496322	0.100292	0.006365	0.00366156	0.00542354	0.00155104	0.00752385	0.784302	0.0212125	0.0093181	0.00731295	0.00245968	0.00427439
172	0.0260609	0.0372864	0.00321145	0.00426756	0.00366835	0.00433392	0.00454267	0.00648382	0.00396473	0.513148	0.00462502	0.00517141	0.00202653	0.00496034	0.00435691	0.0311598	0.281082	0.054519	0.00169129	0.00343979
173	0.0146547	0.00528062	0.0107352	0.000491763	0.00148888	0.92532	0.00665964	0.000720593	0.00363794	0.00323539	0.000447787	0.00810572	0.00017925	0.000449705	0.00665778	0.00749262	0.00312563	0.00082063	0.000149642	0.000346626
174	0.159016	0.0118186	0.0493415	0.141318	0.00193278	0.0307572	0.0436744	0.00323466	0.0649159	0.0162979	0.00278456	0.0657249	0.0250934	0.0552328	0.0648263	0.125798	0.119686	0.0142658	0.00109805	0.00318323
175	0.0174341	0.00325341	0.0621985	0.00370373	0.0723419	0.00448305	0.00819839	0.0293347	0.0272439	0.134132	0.300155	0.00509573	0.0026432	0.00682681	0.0319951	0.00806437	0.014694	0.0348303	0.19616	0.0372116
176	0.0429724	0.00424108	0.00960554	0.00460138	0.202746	0.00402238	0.0274386	0.0192956	0.00632316	0.099969	0.107549	0.00636526	0.00173861	0.0147056	0.00775475	0.00833376	0.067804	0.0317803	0.245411	0.0873428
177	0.350163	0.00590873	0.000338545	0.00798166	0.000372696	0.551034	0.000541594	0.00511254	0.000356947	0.002019	0.00338336	0.00251397	0.000249474	0.000989752	0.00145674	0.0537004	0.0107491	0.00259928	0.00018081	0.000347683
178	0.0857546	0.191613	0.00242433	0.00325194	0.0178484	0.0190253	0.0578395	0.00438881	0.00291797	0.0222116	0.0258747	0.00453494	0.00170856	0.0188105	0.00388951	0.474779	0.0382848	0.00614242	0.00130289	0.017397
179	0.0624635	0.00425475	0.0171867	0.19074	0.000720267	0.000869813	0.00102978	0.0171386	0.207044	0.00571167	0.00454385	0.00979772	0.00425101	0.141651	0.16606	0.0324674	0.0974006	0.035735	0.000349583	0.000585414
180	0.0433334	0.000466676	0.000435959	0.00262913	0.00310248	0.00361325	0.0126695	0.000773448	0.00686579	0.00558963	0.00062963	0.000624744	0.880363	0.00779186	0.00471191	0.00838585	0.0137256	0.003737	0.000205411	0.000346045
181	0.0281124	0.00382644	0.58617	0.0157847	0.00273056	0.00740238	0.182926	0.00500976	0.00681166	0.00712342	0.00386047	0.046931	0.00189577	0.028806	0.00810781	0.0166609	0.018501	0.00969428	0.00559967	0.0140456
182	0.0464843	0.0156716	0.000462909	0.00171546	0.0903065	0.00683352	0.0010572	0.176724	0.000556109	0.269404	0.181875	0.00340366	0.000675259	0.00232702	0.000629941	0.0188718	0.0513916	0.107361	0.001378	0.0228713
183	0.0238195	0.00131195	0.000452649	0.00114199	0.0227542	0.00102813	0.00205328	0.318073	0.000649923	0.285291	0.171681	0.000668588	0.000255002	0.000812038	0.000780678	0.00142044	0.00265739	0.161347	0.00193318	0.00186923
184	0.0277168	0.0375744	0.00218695	0.00259957	0.00231549	0.00608023	0.00259363	0.0181302	0.00231045	0.0313957	0.0146803	0.0316323	0.0163605	0.017491	0.00247909	0.0770158	0.650526	0.0544173	0.000761802	0.00173222
185	0.0442562	0.0206916	0.000475114	0.00205597	0.0978544	0.00551626	0.00106953	0.173218	0.000554946	0.255514	0.170008	0.0039089	0.000682439	0.00199664	0.000674646	0.0209864	0.0560284	0.115037	0.00194083	0.0275314
186	0.613148	0.0334169	0.00129166	0.00214059	0.00126844	0.102413	0.00142467	0.00209831	0.00125233	0.00291042	0.00144448	0.00256167	0.00404655	0.00202557	0.00193529	0.203812	0.0119829	0.00964254	0.000431373	0.000752698
187	0.0245039	0.00466368	0.0122104	0.0553134	0.00547383	0.0064055	0.030238	0.00963315	0.484852	0.0342278	0.00773726	0.00908649	0.00314059	0.1019	0.149462	0.0130445	0.025265	0.014204	0.00265109	0.00598719
188	0.298214	0.0349264	0.00430477	0.00633226	0.00574429	0.308085	0.00766278	0.0117388	0.00482658	0.0144359	0.011135	0.0366337	0.00306094	0.185956	0.00673512	0.0213195	0.0164192	0.0157931	0.00245921	0.0042171
