298	20
1	0.300292	0.00570053	0.0118852	0.0140919	0.00453946	0.0275803	0.00915926	0.0229278	0.0128065	0.0157234	0.00620221	0.0116117	0.363502	0.0224249	0.00917583	0.0765319	0.0420811	0.0321571	0.00851476	0.0030918
2	0.127685	0.0385042	0.0221213	0.0178449	0.0509943	0.0199828	0.0240543	0.0478139	0.0264106	0.0842958	0.017831	0.0677003	0.00382862	0.0262998	0.0261467	0.126034	0.17454	0.0729992	0.00331773	0.0215955
3	0.127209	0.0016226	0.0306267	0.0423018	0.00206376	0.0315587	0.0145726	0.0267878	0.0336443	0.0379657	0.00741001	0.0119538	0.445112	0.0656516	0.0191493	0.0724914	0.0242349	0.00378498	0.000588822	0.00127013
4	0.0166322	0.00500431	0.000767911	0.0041421	0.00865341	0.000685097	0.00210188	0.440962	0.00395311	0.0621441	0.00657392	0.000880268	0.000432552	0.00183398	0.000603137	0.00860417	0.0181393	0.415762	0.000251083	0.00187341
5	0.0482852	0.00619805	0.032793	0.0876528	0.00655326	0.0306669	0.112285	0.0119601	0.044941	0.0185903	0.00829468	0.0405105	0.00604993	0.390951	0.0536646	0.0463257	0.0235226	0.0217836	0.00143047	0.00754124
6	0.136383	0.00444724	0.0518678	0.0708039	0.00589463	0.0230851	0.026597	0.0158178	0.0833357	0.0386714	0.0153096	0.067658	0.0020884	0.0920121	0.0688734	0.163263	0.0894377	0.0335808	0.000124049	0.0107489
7	0.242217	0.0784741	0.000959232	0.00114256	0.020854	0.0571882	0.00147216	0.0395971	0.00100491	0.0936623	0.0368275	0.00241686	0.000627805	0.00121379	0.000994557	0.0834978	0.0883326	0.247974	0.000266519	0.00127648
8	0.00398238	0.00623397	0.000295906	0.00130591	0.00857135	0.000481029	0.000874283	0.508353	0.00172617	0.127344	0.0143738	0.000635208	0.000329041	0.00191537	0.000515114	0.00386958	0.00876663	0.309081	0.00043765	0.000907938
9	0.104881	0.0057933	0.093432	0.0764595	0.00289158	0.0279238	0.0154884	0.0190722	0.0299929	0.0267578	0.00608419	0.0283247	0.332224	0.0514189	0.0183343	0.108099	0.0425549	0.00715807	0.000717574	0.00239254
10	0.0653323	0.0203224	0.00672045	0.0132101	0.0754898	0.00607626	0.0153109	0.124981	0.0351929	0.21795	0.0688727	0.0142214	0.00142299	0.032247	0.0458275	0.0375983	0.0486103	0.116958	0.00674741	0.046909
11	0.231679	0.0531321	0.00195914	0.0022416	0.026196	0.031598	0.00936003	0.0876252	0.00448766	0.104558	0.0411713	0.00481606	0.000707382	0.00731558	0.0075085	0.0814467	0.0776464	0.216915	0.000772596	0.00886297
12	0.00418986	0.00463972	0.000420636	0.00058895	0.0372255	0.00500803	0.000767005	0.0869008	0.00062553	0.651363	0.124391	0.00123157	0.000399769	0.000843531	0.000711075	0.0115816	0.0102031	0.0577272	0.000369372	0.000813439
13	0.0393241	0.0519277	0.169896	0.0512979	0.0204421	0.0281452	0.12065	0.00429361	0.0263342	0.0220872	0.00296792	0.199678	0.00376259	0.0399663	0.0246137	0.0984237	0.0328664	0.032787	0.0005656	0.0299711
14	0.0155434	0.0104988	0.000187179	0.000763977	0.00999069	0.00033911	0.00205546	0.341422	0.000604557	0.319811	0.0338164	0.000809449	0.000514974	0.00135307	0.000256872	0.00781915	0.00755898	0.243623	0.000850569	0.00218117
15	0.0243379	0.0135454	0.000314942	0.000568739	0.0114867	0.000912432	0.00224486	0.293434	0.000486105	0.35116	0.0393271	0.00112159	0.000615167	0.00160323	0.00055137	0.0114889	0.0108035	0.232508	0.000803312	0.00268609
16	0.229979	0.0903109	0.00118589	0.00128168	0.0185991	0.0579718	0.00207225	0.0634994	0.00144098	0.0835626	0.0332042	0.00257123	0.000722682	0.00165147	0.00133178	0.0880917	0.0718519	0.248574	0.000345602	0.00175173
17	0.0348967	0.00377126	0.00315794	0.0154605	0.00390422	0.0256476	0.0281856	0.00360812	0.292736	0.00526734	0.00997254	0.0146746	0.0156705	0.0730152	0.401122	0.0357106	0.014226	0.0118036	0.000165372	0.00700492
18	0.325332	0.0200469	0.000893773	0.000706269	0.00345874	0.148676	0.00567593	0.00284107	0.0105331	0.00677616	0.00340865	0.0296071	0.015865	0.00318335	0.00900576	0.302237	0.0887038	0.0220844	0.000272334	0.000692937
19	0.0335358	0.00402017	0.00255269	0.0147058	0.00440166	0.0251055	0.0293186	0.00375372	0.28763	0.00480503	0.00965041	0.0123642	0.0174246	0.0706188	0.409782	0.0362941	0.0151518	0.0120445	0.000112634	0.00672797
20	0.105722	0.0901242	0.00740715	0.00543104	0.0165514	0.0256762	0.00988316	0.0552281	0.0162674	0.0344936	0.0131704	0.0207034	0.00531946	0.0102974	0.00887218	0.211555	0.262262	0.0905134	0.00261226	0.00791122
21	0.0823026	0.00268417	0.0170394	0.00448289	0.0134708	0.660076	0.00993336	0.00447671	0.0248064	0.012884	0.00306399	0.032772	0.0020022	0.0165563	0.0293119	0.0540191	0.0109752	0.0165226	0.00034069	0.00227928
22	0.0722533	0.0754625	0.00275772	0.00223171	0.00406846	0.0046825	0.00311026	0.00795067	0.00370659	0.00649493	0.00318837	0.00652857	0.00779437	0.00301405	0.0020115	0.476494	0.301543	0.0138321	0.00074226	0.00213246
23	0.0782466	0.00243078	0.0163771	0.00524086	0.0133463	0.688631	0.0084151	0.0034538	0.0223965	0.0100275	0.00204964	0.0335923	0.00156925	0.0148097	0.0277505	0.050009	0.00777448	0.0121518	0.000267191	0.00146005
24	0.057389	0.00687324	0.0218749	0.0409492	0.00608003	0.0327889	0.0246328	0.0110487	0.248709	0.0207389	0.0127649	0.0352469	0.0145135	0.0736088	0.255576	0.0647701	0.0393379	0.024375	0.000490048	0.00823273
25	0.0982481	0.0351396	0.0192035	0.0189735	0.0151684	0.0253827	0.0160345	0.0636168	0.0217102	0.046502	0.0219433	0.0254919	0.00882312	0.0234775	0.0147651	0.160435	0.275885	0.096876	0.00221209	0.0101118
26	0.154295	0.00635631	0.00468603	0.00512032	0.0325038	0.277753	0.00634704	0.0339739	0.00526592	0.299013	0.0570172	0.00631555	0.00281343	0.0059611	0.00456172	0.0158187	0.0130047	0.0619007	0.00197502	0.00531758
27	0.548842	0.0124139	0.00402672	0.00121078	0.00357877	0.0377712	0.00437865	0.0261237	0.00185132	0.00778548	0.00374577	0.00247328	0.00677729	0.00175122	0.00402245	0.160345	0.0435791	0.125833	0.00196616	0.00152338
28	0.0116743	0.00784426	0.00168041	0.0188102	0.320936	0.00186469	0.0555621	0.0143453	0.00468298	0.0211989	0.00496673	0.00151397	0.00137152	0.00766844	0.00111601	0.0172212	0.00317298	0.0179339	0.00102955	0.485406
29	0.241219	0.077791	0.000914489	0.00100838	0.0204332	0.0558385	0.00146491	0.0388597	0.00101795	0.0976816	0.0369744	0.0024793	0.000613886	0.00121358	0.00102194	0.08312	0.0887869	0.247971	0.000296588	0.00129364
30	0.0145207	0.00984185	0.000210925	0.000669433	0.00999223	0.000317768	0.00174237	0.35994	0.000646836	0.299605	0.0314214	0.000718781	0.000437239	0.00140508	0.000258844	0.00747948	0.00824134	0.249603	0.000740621	0.0022081
31	0.170342	0.0059254	0.0225119	0.030314	0.00394738	0.0323777	0.0113933	0.0235559	0.0276363	0.0269937	0.00719836	0.0129613	0.415903	0.0464866	0.0177771	0.0913539	0.0344387	0.0135925	0.00276968	0.00252157
32	0.0213663	0.0121471	0.000188581	0.000459455	0.0109661	0.000327314	0.00207808	0.29922	0.000322189	0.358017	0.0393319	0.000799712	0.00052587	0.00134795	0.000249852	0.00941774	0.00845714	0.231491	0.000807631	0.00247921
33	0.0197841	0.0118109	0.000186079	0.000483135	0.010896	0.000304108	0.00211498	0.301706	0.000273236	0.358781	0.0390619	0.000804049	0.000531005	0.00134245	0.000238087	0.00918262	0.00817403	0.231041	0.000823449	0.00246311
34	0.0296435	0.00256194	0.0140393	0.0818936	0.00320743	0.0218871	0.186868	0.00356606	0.0022959	0.00442507	0.0021538	0.0428241	0.00120129	0.553331	0.00815175	0.0231676	0.0050412	0.0112278	0.000599446	0.00191458
35	0.0669955	0.00913264	0.0251206	0.0324598	0.00379455	0.0425596	0.0191211	0.00968834	0.253965	0.0334777	0.012063	0.0676294	0.00436806	0.0729837	0.173215	0.0925141	0.0611042	0.0164256	0.000111233	0.00327066
36	0.0196889	0.0117814	0.000185919	0.000481943	0.010869	0.000307619	0.00212134	0.301733	0.000267326	0.358927	0.0390799	0.000800113	0.000530626	0.00135451	0.000238196	0.00916826	0.00818084	0.230999	0.000824449	0.00246084
37	0.00629571	0.00605481	0.000371523	0.000578435	0.0331793	0.00437569	0.000951702	0.11688	0.000539232	0.614013	0.111847	0.00111871	0.00039088	0.000822592	0.000543271	0.0109781	0.00988526	0.0797679	0.000381046	0.00102662
38	0.0609674	0.0114898	0.0205188	0.0295376	0.00747128	0.0385112	0.018101	0.00910853	0.250398	0.0323504	0.0138472	0.0615095	0.00494495	0.071103	0.186489	0.0977508	0.0645153	0.0184323	0.000165313	0.00278855
39	0.490428	0.00932874	0.00336777	0.00244491	0.00375118	0.126964	0.00299481	0.0241136	0.00225977	0.0076946	0.004096	0.00279184	0.00426849	0.00315503	0.00332716	0.103999	0.0221987	0.179321	0.00144384	0.00205181
40	0.0196889	0.0117814	0.000185919	0.000481943	0.010869	0.000307619	0.00212134	0.301733	0.000267326	0.358927	0.0390799	0.000800113	0.000530626	0.00135451	0.000238196	0.00916826	0.00818084	0.230999	0.000824449	0.00246084
41	0.00118079	0.00525247	0.000303074	0.00141098	0.00855722	0.000474026	0.000470123	0.545355	0.0018197	0.0853525	0.00917926	0.000530032	0.000287898	0.00199076	0.000339663	0.00298228	0.00890966	0.324627	0.000362732	0.000614792
42	0.0102433	0.00722232	0.000343414	0.000534394	0.0250806	0.00320043	0.00172613	0.16654	0.000805359	0.534402	0.0910845	0.00121939	0.000508733	0.00116059	0.000978323	0.0107958	0.00936929	0.132624	0.000534344	0.00162688
43	0.131604	0.0371921	0.00632571	0.00650555	0.0113089	0.0161298	0.00683606	0.1014	0.00778792	0.0758377	0.0171129	0.0266332	0.00154355	0.00625255	0.00723288	0.0846722	0.173271	0.278405	0.000660809	0.00328785
44	0.146422	0.0027509	0.0256165	0.0345338	0.00387548	0.0258053	0.0114477	0.0251271	0.0301502	0.0294042	0.00696646	0.0126456	0.461477	0.0500677	0.0197231	0.0679738	0.0302028	0.0104341	0.00300817	0.00236796
45	0.0704812	0.0702538	0.00238498	0.00206348	0.00324663	0.00336841	0.002603	0.0046691	0.00253542	0.00506105	0.00272908	0.00556935	0.00809781	0.00250023	0.00208501	0.501169	0.299253	0.0092863	0.000666567	0.00197644
46	0.034024	0.00359326	0.00245633	0.0150195	0.00396713	0.0247589	0.0285326	0.00347489	0.293314	0.00444515	0.00966602	0.0122745	0.0161608	0.0709026	0.411566	0.0335371	0.0132049	0.0117163	0.000140591	0.00724544
47	0.0338587	0.00124962	0.371298	0.263315	0.00110545	0.0250709	0.0226881	0.00121131	0.0180984	0.0112667	0.000956223	0.0774421	0.0219285	0.036566	0.00489624	0.0752538	0.026093	0.00518419	0.000173741	0.00234353
48	0.0203944	0.00966624	0.000999554	0.00148034	0.0480354	0.0073501	0.00340769	0.151448	0.0026686	0.50413	0.0856084	0.00282286	0.00297087	0.00385325	0.00292358	0.0157905	0.0135838	0.112702	0.00138695	0.00877802
49	0.290983	0.17349	0.00369899	0.00327571	0.00739499	0.0463129	0.00460345	0.0470084	0.00910068	0.0193638	0.00649339	0.00516219	0.00332878	0.00412147	0.003921	0.211284	0.0530916	0.10359	0.00114783	0.00262921
50	0.0937488	0.0076849	0.0788931	0.10322	0.00601989	0.0277199	0.0498302	0.010598	0.085944	0.0406814	0.0119937	0.084139	0.00350076	0.0973392	0.0782239	0.112276	0.0661439	0.0281019	0.000173773	0.0137677
51	0.0475791	0.00760277	0.0327917	0.0843346	0.00686577	0.0317917	0.113275	0.013811	0.0418653	0.0191131	0.00840301	0.0417131	0.0143895	0.391038	0.0476787	0.0450957	0.020247	0.0218521	0.00156838	0.0089849
52	0.0886991	0.028153	0.00482805	0.0108972	0.00581223	0.00388564	0.00209292	0.208761	0.00429952	0.0650624	0.00825785	0.0051357	0.000754254	0.0032319	0.00305783	0.0352101	0.129532	0.390286	0.000250361	0.00179259
53	0.00183207	0.00583228	0.000293282	0.00148021	0.00836484	0.00046664	0.000664878	0.530554	0.00198697	0.105414	0.0109301	0.000598204	0.000314461	0.00180789	0.000340301	0.00296769	0.0081621	0.31682	0.00043469	0.000735524
54	0.0484216	0.00605549	0.0117439	0.0225952	0.00385302	0.030864	0.0268388	0.00710229	0.268361	0.015622	0.0126813	0.033996	0.0126593	0.0743499	0.301785	0.0651966	0.038509	0.0144132	9.68521e-05	0.00485493
55	0.199915	0.0837689	0.00168326	0.00218105	0.018753	0.0340049	0.00223251	0.0939185	0.00147005	0.0841245	0.0235669	0.00338922	0.00068803	0.00153217	0.00177298	0.098351	0.0782057	0.268554	0.00034091	0.00154693
56	0.0642805	0.00615648	0.0110185	0.00981673	0.0334763	0.0134087	0.00716397	0.21092	0.0279293	0.178535	0.0340093	0.0237026	0.00153572	0.017187	0.0528809	0.0299284	0.0425508	0.223418	0.000374665	0.0117068
57	0.038858	0.0485663	0.14972	0.038165	0.0214636	0.0262537	0.136549	0.00322325	0.0281687	0.021532	0.00234564	0.213167	0.00205898	0.0407939	0.0277481	0.097407	0.0347846	0.0360221	0.000408506	0.032764
58	0.0203104	0.0119728	0.000182983	0.000472073	0.0110006	0.000309392	0.00208418	0.300542	0.000277604	0.358554	0.0391645	0.00079889	0.000520276	0.00133318	0.000235624	0.00936736	0.00828756	0.231298	0.000817508	0.00247202
59	0.304987	0.0212317	0.000818928	0.000676638	0.00359581	0.151067	0.00616801	0.00139522	0.0111798	0.00790869	0.00356857	0.0334748	0.0178138	0.00329899	0.00999526	0.311746	0.0944618	0.015861	0.00018931	0.00056158
60	0.128726	0.00166798	0.0303152	0.0426546	0.00209185	0.0318921	0.0129997	0.0260345	0.0345124	0.0338879	0.00747155	0.0122503	0.445972	0.0648944	0.019611	0.0745979	0.0250174	0.00357468	0.000636184	0.00119245
61	0.0294823	0.00212484	0.376509	0.244425	0.00163443	0.0253034	0.0306054	0.00120993	0.0148208	0.0122802	0.00111133	0.0855345	0.0232006	0.0338367	0.00571789	0.0774471	0.0254995	0.00568443	0.000178557	0.00339491
62	0.00118079	0.00525247	0.000303074	0.00141098	0.00855722	0.000474026	0.000470123	0.545355	0.0018197	0.0853525	0.00917926	0.000530032	0.000287898	0.00199076	0.000339663	0.00298228	0.00890966	0.324627	0.000362732	0.000614792
63	0.0176366	0.0113238	0.00021374	0.000672346	0.0102239	0.000345869	0.00238917	0.317007	0.000473381	0.344216	0.036462	0.000978284	0.000572691	0.0013541	0.000256678	0.00843109	0.00766439	0.236574	0.000819923	0.00238405
64	0.00635971	0.00524159	0.000462271	0.00135525	0.00732902	0.00057341	0.00111311	0.502579	0.00217639	0.0733874	0.0076446	0.000640306	0.000365214	0.00181982	0.000410874	0.00428318	0.0119962	0.37137	0.000293254	0.000599367
65	0.30741	0.0204403	0.000604205	0.000612717	0.00334599	0.157079	0.0057657	0.00122559	0.0110387	0.00681218	0.00339809	0.0304693	0.0160378	0.00307991	0.00914324	0.313539	0.0950424	0.0141696	0.000199259	0.000586689
66	0.0964151	0.026589	0.0589626	0.049351	0.0150902	0.0298287	0.0265988	0.0328152	0.0498458	0.0331102	0.0154207	0.0775583	0.00780328	0.035551	0.0389992	0.132568	0.204918	0.0585445	0.000747624	0.00928281
67	0.157721	0.00465748	0.0342655	0.0373659	0.00334261	0.0319996	0.013061	0.0237852	0.0325388	0.0282169	0.00750169	0.0262071	0.392033	0.0500934	0.0214212	0.0826818	0.0343823	0.0124685	0.00314883	0.00310868
68	0.310987	0.0196324	0.000751589	0.000627189	0.00326377	0.158306	0.00584389	0.00131044	0.0115665	0.00681061	0.00351704	0.0296967	0.0152178	0.0032214	0.00900227	0.307991	0.0973571	0.0140528	0.000210609	0.000634024
69	0.0650329	0.00951147	0.0232734	0.030614	0.00398261	0.0434077	0.0187278	0.00948225	0.258597	0.032119	0.0120339	0.0645375	0.00478157	0.0726356	0.179826	0.0917638	0.0603669	0.0162298	0.000109704	0.00296663
70	0.0213284	0.0121928	0.000181654	0.000457128	0.0109875	0.000316474	0.0020704	0.299238	0.000283697	0.358386	0.0391884	0.000803621	0.000526624	0.0013441	0.000244273	0.00945249	0.00839992	0.231327	0.000809644	0.00246162
71	0.0634995	0.0473693	0.00390189	0.00307271	0.0831624	0.00117438	0.0357377	0.109122	0.0193263	0.190009	0.0715453	0.0103587	0.00110369	0.0400896	0.0140097	0.0540716	0.0571122	0.0868782	0.0164412	0.0920147
72	0.00697506	0.00553088	0.000582164	0.000768073	0.0388812	0.00454368	0.00111509	0.107767	0.00141461	0.607612	0.114561	0.00163737	0.000447472	0.00109576	0.00183086	0.0124067	0.0106589	0.0803135	0.000421342	0.00143795
73	0.0698757	0.0112055	0.00329587	0.012034	0.00866835	0.00147428	0.00488612	0.212085	0.00761542	0.0372547	0.00411308	0.00293979	0.00067556	0.00223977	0.0019211	0.0251699	0.0798264	0.510727	0.00026921	0.00372333
74	0.0204342	0.0119597	0.000207289	0.000477572	0.0111459	0.000309922	0.00213256	0.300944	0.000285067	0.357587	0.0390728	0.000787274	0.000510543	0.0014143	0.000257042	0.00938968	0.00824714	0.231414	0.000812486	0.00261107
75	0.0427372	0.0066409	0.324949	0.211654	0.00355544	0.0264381	0.0307787	0.00367066	0.0226513	0.0156791	0.00226094	0.0807474	0.0215166	0.037191	0.0122463	0.102825	0.037081	0.0122255	0.000412551	0.00473837
76	0.0655829	0.0037904	0.13714	0.268763	0.00328167	0.0281336	0.0392175	0.00387084	0.0652646	0.0124133	0.00443191	0.0487198	0.0103189	0.164957	0.037728	0.0537189	0.0269693	0.0185485	0.000438408	0.0067113
77	0.397899	0.0362531	0.00330275	0.00195893	0.010111	0.0874075	0.00371862	0.0329167	0.00248878	0.040568	0.0162331	0.00386671	0.00323834	0.00250039	0.00367304	0.0976672	0.0513119	0.201024	0.00119972	0.0026613
78	0.0434594	0.00556651	0.313779	0.218987	0.00462527	0.03061	0.0299978	0.00419461	0.0356202	0.016369	0.0029541	0.0787706	0.0201848	0.0455359	0.0209008	0.0780413	0.0307034	0.0136549	0.000467319	0.00557825
79	0.0127096	0.00727164	0.000828749	0.00113935	0.038337	0.00775996	0.00258452	0.124016	0.00204109	0.566177	0.103265	0.00206284	0.000665199	0.0026784	0.002883	0.0130089	0.0116897	0.0954365	0.000945569	0.00449947
80	0.0194291	0.0117101	0.000187815	0.000504467	0.0107237	0.000312348	0.00219385	0.302295	0.00028477	0.358466	0.0388905	0.000817732	0.000530073	0.00138411	0.000242683	0.00907357	0.00809942	0.231572	0.000814867	0.00246873
81	0.0149642	0.00477842	0.00148414	0.00182934	0.419282	0.00221618	0.00234946	0.0571249	0.00243578	0.331138	0.068661	0.0107841	0.000918866	0.00244846	0.00476231	0.00583401	0.00441465	0.0260544	0.00425532	0.0342641
82	0.132304	0.00452514	0.0642808	0.0604671	0.00920789	0.0283212	0.0266309	0.0117845	0.0689885	0.0296153	0.0108409	0.0708951	0.00274587	0.0675295	0.0630348	0.208548	0.0976924	0.0296917	0.000177103	0.0127185
83	0.011587	0.00481497	0.00219159	0.006113	0.546002	0.00245281	0.0109409	0.0448164	0.00299472	0.108119	0.0505516	0.0055606	0.00154616	0.00363215	0.00296598	0.0074959	0.00445131	0.0274387	0.00216521	0.154161
84	0.0784786	0.0033537	0.0181146	0.00315436	0.016826	0.683702	0.0102805	0.0035973	0.0209274	0.01013	0.00205552	0.0359345	0.0007836	0.0143968	0.0289565	0.0490162	0.00683138	0.0111449	0.000273163	0.00204319
85	0.0117746	0.00797625	0.00167557	0.0189317	0.321361	0.00192579	0.0564739	0.0143177	0.00467681	0.0210826	0.00481769	0.00163768	0.00133838	0.0076506	0.00118847	0.018281	0.00329886	0.0179907	0.00102303	0.482578
86	0.0752901	0.00254655	0.135107	0.309942	0.00251465	0.028719	0.0200985	0.00198131	0.0845637	0.0128207	0.00400772	0.0486108	0.00535169	0.120149	0.0437357	0.0518193	0.0278341	0.0178446	0.000136315	0.00692743
87	0.0310849	0.00118847	0.386772	0.251212	0.000988565	0.0254337	0.0235746	0.00113717	0.015008	0.0115427	0.000813398	0.0819945	0.0236348	0.032697	0.00303787	0.0770251	0.0257606	0.0047183	0.000163385	0.00221296
88	0.0303726	0.00116262	0.392496	0.252336	0.00101324	0.0251767	0.0233585	0.00115649	0.0137262	0.011522	0.000776249	0.0809233	0.0236391	0.0308764	0.00239967	0.0770682	0.0253682	0.00440492	0.000164292	0.00205874
89	0.0197365	0.0118039	0.000185786	0.000481599	0.0108931	0.000303365	0.00211593	0.301706	0.000269652	0.35888	0.0391067	0.000800149	0.000530626	0.00134662	0.000238198	0.00917356	0.00818062	0.230964	0.00082357	0.00246071
90	0.0659327	0.00931979	0.0246268	0.0320892	0.00383229	0.0428844	0.0187761	0.00962437	0.257886	0.0326758	0.0120923	0.0658256	0.00447341	0.0731234	0.175024	0.0913378	0.0609197	0.0162299	0.000110193	0.00321626
91	0.136536	0.00438519	0.0526498	0.0710432	0.00599664	0.0235999	0.0265416	0.015634	0.0841278	0.0385808	0.0150141	0.0682516	0.0021623	0.0899816	0.0690495	0.162318	0.0899681	0.0329922	0.000124795	0.0110429
92	0.0121234	0.00920968	0.000214673	0.00101541	0.00936037	0.000375692	0.0017839	0.385436	0.00083894	0.276312	0.0285322	0.000708775	0.000397112	0.0013736	0.000263506	0.00654671	0.0073757	0.255435	0.000788666	0.00190887
93	0.0583079	0.0133878	0.00677926	0.00904594	0.0595886	0.00767258	0.0105801	0.154089	0.0358799	0.208648	0.0747428	0.0167397	0.000807801	0.0321311	0.0550408	0.0336965	0.0433523	0.145558	0.00385749	0.0300937
94	0.0664434	0.0498859	0.00349497	0.00300171	0.0837166	0.00129481	0.0363166	0.119718	0.0184492	0.184941	0.0669593	0.0101007	0.00105489	0.0355097	0.0127269	0.0516084	0.0563604	0.0891216	0.0145284	0.0947682
95	0.0424697	0.00803945	0.0228593	0.0654901	0.00999522	0.0230495	0.143247	0.015871	0.0296369	0.0228741	0.00863125	0.044009	0.00308394	0.399959	0.0404414	0.0432914	0.0219243	0.0436943	0.00173601	0.00969698
96	0.109164	0.121596	0.00258299	0.00192141	0.00459624	0.0504793	0.00354396	0.076103	0.0392154	0.0200186	0.00660506	0.00619269	0.00148428	0.00290306	0.00286285	0.240492	0.209598	0.0983336	0.000463416	0.00184525
97	0.0153904	0.0107813	0.000211904	0.000843993	0.0115517	0.000365093	0.0018253	0.360321	0.000706294	0.29853	0.0327254	0.000801002	0.000434586	0.00137149	0.000273019	0.00779693	0.00795901	0.244341	0.00131665	0.00245387
98	0.00545323	0.00634106	0.000510744	0.000657441	0.0626564	0.00476193	0.00119782	0.0838268	0.00111915	0.626007	0.120814	0.00210432	0.000416409	0.00136299	0.00128183	0.0113513	0.0101709	0.0552228	0.000642312	0.0041017
99	0.213637	0.0703164	0.00179414	0.00195659	0.0261308	0.0427248	0.00640163	0.0451966	0.00374259	0.122927	0.0466363	0.00495499	0.00099927	0.00624935	0.00351716	0.0799664	0.0941108	0.215109	0.0021463	0.0114829
100	0.133463	0.0406608	0.0338379	0.0258559	0.0182362	0.0413683	0.0134358	0.0207572	0.0263057	0.0292615	0.00958169	0.0286655	0.0179519	0.0172383	0.022407	0.337778	0.132199	0.0401855	0.0016226	0.00918834
101	0.385598	0.0212089	0.0129025	0.0129604	0.0193933	0.0563838	0.0139351	0.031505	0.0207665	0.0308427	0.0129722	0.0165976	0.0340891	0.0160468	0.0178284	0.125289	0.0615565	0.0996571	0.00228525	0.00818138
102	0.0966069	0.0391643	0.0153705	0.0165093	0.0155402	0.0237772	0.0154427	0.0569852	0.0260024	0.0406511	0.0196007	0.0287555	0.00764691	0.0187836	0.0208238	0.166302	0.289853	0.0900808	0.00211702	0.00998688
103	0.00549442	0.00476544	0.000523656	0.000818503	0.0362083	0.00501144	0.000987484	0.084479	0.0012819	0.647278	0.124892	0.00141032	0.00050592	0.00141139	0.00123911	0.0127586	0.0123847	0.0572587	0.000319616	0.000971492
104	0.136432	0.00437751	0.052787	0.0714401	0.00599025	0.0236139	0.0264926	0.0155788	0.0842123	0.0385736	0.0149949	0.0682026	0.00217967	0.090023	0.0690555	0.162075	0.0898859	0.0329221	0.000124815	0.0110387
105	0.00444982	0.00483183	0.000399376	0.000589115	0.0352722	0.00525039	0.000799503	0.0910776	0.000601854	0.646469	0.12359	0.00119918	0.000394938	0.000756161	0.00074169	0.0115866	0.0102574	0.060715	0.0003094	0.000709142
106	0.046894	0.0061066	0.0105848	0.0222616	0.00391893	0.0303102	0.0279329	0.00709473	0.266697	0.017017	0.0117838	0.0321262	0.0111142	0.0882925	0.297494	0.0603472	0.0380013	0.0169986	0.000183673	0.00484001
107	0.0747205	0.00824971	0.0292839	0.0382177	0.00342105	0.042619	0.0207514	0.00998316	0.236995	0.0320859	0.0132429	0.0650592	0.00452241	0.0752136	0.160002	0.0989075	0.0643293	0.0179577	0.000112346	0.00432574
108	0.0496364	0.0152591	0.00508411	0.00833233	0.0573788	0.00582499	0.0122911	0.134237	0.0342001	0.256812	0.0844697	0.0118337	0.000891762	0.0410954	0.0482008	0.0361675	0.0371471	0.121194	0.00509492	0.0348496
109	0.0661222	0.0490272	0.00348054	0.00292147	0.0824308	0.00129083	0.0359367	0.119262	0.0178099	0.189585	0.0674556	0.00995833	0.00100391	0.0356024	0.0128685	0.0513633	0.0547311	0.0919888	0.0144302	0.0927313
110	0.0656358	0.0431799	0.0040604	0.00439828	0.0900154	0.00171922	0.0296838	0.099234	0.023726	0.208607	0.0796182	0.0095071	0.00104342	0.0401999	0.0187677	0.0493569	0.0503321	0.0854493	0.0143563	0.0811098
111	0.436617	0.0065423	0.00571646	0.0037287	0.00476553	0.020143	0.00652895	0.0310626	0.0041493	0.011203	0.00497651	0.00724191	0.236367	0.00679109	0.00596452	0.0868659	0.0316437	0.0708602	0.0159696	0.00286225
112	0.0787356	0.00520486	0.0021537	0.0430478	0.0313785	0.00336349	0.00796568	0.138817	0.0180072	0.0147812	0.00278898	0.0027369	0.00114177	0.00293712	0.00209997	0.0398339	0.0445794	0.544095	0.00062436	0.0157072
113	0.0489627	0.00909858	0.00598868	0.00729698	0.0071955	0.00441325	0.00522283	0.207458	0.0148393	0.0813992	0.0223062	0.0155769	0.00106342	0.0118151	0.0176796	0.0334174	0.189942	0.313529	0.000334256	0.00246182
114	0.0215473	0.0126399	0.000204679	0.000486136	0.0110262	0.000463979	0.00206212	0.300626	0.000291635	0.355143	0.0388724	0.000847651	0.00053971	0.00135653	0.000248414	0.00955221	0.00848689	0.232323	0.000810776	0.00247144
115	0.105018	0.00418782	0.0757504	0.118111	0.00399528	0.0288871	0.027165	0.0107111	0.116037	0.0324925	0.0131609	0.0661523	0.00457388	0.0943702	0.0814641	0.110956	0.0682271	0.0275209	0.000106397	0.0111138
116	0.028283	0.011545	0.0011493	0.00165414	0.0143196	0.00181699	0.00288849	0.280565	0.00316142	0.334134	0.0390595	0.00276718	0.000653309	0.00273078	0.00499896	0.0130005	0.0149467	0.238317	0.000726404	0.00328289
117	0.0305234	0.00945229	0.00324969	0.00390359	0.0161261	0.00508087	0.00562247	0.264025	0.007707	0.272505	0.0340629	0.0156543	0.00791371	0.0057346	0.0129026	0.0167482	0.0275584	0.252467	0.00117248	0.00759072
118	0.136179	0.0045084	0.0516755	0.0702339	0.00590354	0.0228009	0.0267132	0.0160726	0.0830672	0.0386219	0.0154041	0.0669031	0.00212292	0.0926671	0.0682383	0.16381	0.0901291	0.0342094	0.000124755	0.0106154
119	0.0298736	0.00253844	0.0139578	0.0831062	0.00314701	0.0222473	0.184921	0.00359333	0.00239436	0.00452229	0.00222765	0.0420893	0.00119482	0.553566	0.00849647	0.0232908	0.00507369	0.0112601	0.000592658	0.00190633
120	0.0116743	0.00784426	0.00168041	0.0188102	0.320936	0.00186469	0.0555621	0.0143453	0.00468298	0.0211989	0.00496673	0.00151397	0.00137152	0.00766844	0.00111601	0.0172212	0.00317298	0.0179339	0.00102955	0.485406
121	0.0417358	0.035304	0.00386684	0.00297332	0.0681746	0.00266816	0.0452048	0.0854771	0.0352624	0.124129	0.049819	0.015282	0.00150929	0.0645892	0.0166907	0.0969914	0.0646966	0.0998398	0.0258918	0.119894
122	0.0658213	0.0045358	0.150825	0.293765	0.00380795	0.0293609	0.0279811	0.00161179	0.0736504	0.0140971	0.00444496	0.0588098	0.00747406	0.112984	0.0436383	0.0529869	0.0270255	0.0189164	0.000141773	0.00812224
123	0.0499034	0.00147132	0.276756	0.298795	0.00151592	0.0255107	0.0226597	0.00116903	0.0435736	0.0101719	0.00162026	0.0621593	0.0148343	0.0709017	0.0180526	0.0631317	0.0243076	0.00953895	0.000160104	0.00376747
124	0.0363849	0.0041082	0.00394822	0.0160504	0.00403364	0.0265022	0.0284745	0.00396048	0.289386	0.00620965	0.00991452	0.0159296	0.0155802	0.0712105	0.393808	0.0381947	0.0170445	0.0121492	0.000134078	0.00697559
125	0.0955376	0.0193113	0.0290195	0.0337894	0.147447	0.00840684	0.0468393	0.0608508	0.0117878	0.0921852	0.0489881	0.00933058	0.0289702	0.0166888	0.00773402	0.0319904	0.0263826	0.0359643	0.0330849	0.215692
126	0.195173	0.0533107	0.00236473	0.00411777	0.0148132	0.0361589	0.0033892	0.0761671	0.00291892	0.0950273	0.0323817	0.00538178	0.000860484	0.00282878	0.00244799	0.0631991	0.116378	0.290334	0.000568878	0.00217826
127	0.0444553	0.0393127	0.00374654	0.00338407	0.0633309	0.00398464	0.0460195	0.147015	0.0137153	0.191576	0.0417996	0.0213153	0.00216852	0.0276998	0.00896648	0.0429983	0.0591501	0.10846	0.0203497	0.110553
128	0.0214706	0.0123358	0.000240672	0.000527365	0.0112959	0.000391883	0.00208565	0.298071	0.000455751	0.358171	0.0393142	0.00104844	0.00061242	0.00142701	0.000459066	0.00990022	0.00854951	0.230322	0.000794467	0.00252689
129	0.0595132	0.0511722	0.00426934	0.0044256	0.130838	0.00187266	0.0318158	0.105858	0.0156343	0.180963	0.0639213	0.00921745	0.00182786	0.0283915	0.0105707	0.0412336	0.046697	0.0784221	0.0126388	0.120717
130	0.56395	0.0105216	0.00372298	0.00118044	0.00281652	0.0414605	0.00310925	0.0245485	0.00126905	0.00583188	0.0028749	0.00151113	0.00627615	0.00139575	0.00385833	0.157399	0.0355992	0.129712	0.00183849	0.00112451
131	0.00412596	0.00464454	0.000408049	0.000582054	0.0357277	0.00503046	0.000764658	0.0866046	0.000591048	0.653025	0.124919	0.00121285	0.000399541	0.00073276	0.000614384	0.0116181	0.0102772	0.0577461	0.000298687	0.000677702
132	0.0147469	0.00462008	0.00148636	0.00183071	0.428218	0.00215891	0.00234929	0.0564489	0.00228099	0.325076	0.0670254	0.0110414	0.000938306	0.00230213	0.00471189	0.00569584	0.00403824	0.0257509	0.0043195	0.0349599
133	0.0336543	0.00361923	0.00260017	0.015134	0.00395795	0.024972	0.0282146	0.00351113	0.293776	0.00464722	0.00942441	0.012657	0.0158919	0.0700719	0.411417	0.0336564	0.0135017	0.0116323	0.00015578	0.00750528
134	0.0167272	0.00732947	0.00148708	0.00209471	0.38365	0.00220106	0.00451089	0.0594521	0.00357165	0.331702	0.0712564	0.00986454	0.000903921	0.00420611	0.00522995	0.00830597	0.00727229	0.0301956	0.00466486	0.0453742
135	0.0650495	0.00973299	0.0267566	0.030156	0.00357044	0.0537562	0.0186476	0.00885349	0.252995	0.0297794	0.0115031	0.0698154	0.00410652	0.0752591	0.176048	0.0899563	0.0553907	0.0154184	0.000179814	0.00302492
136	0.018982	0.0112811	0.00029791	0.000632683	0.0121287	0.000746822	0.00285106	0.295472	0.000825802	0.364264	0.0416311	0.00107013	0.000537046	0.00159992	0.00138725	0.00941572	0.00850252	0.22461	0.000841735	0.00292207
137	0.00192041	0.00588421	0.000291843	0.00145036	0.00835784	0.000459064	0.000650312	0.529308	0.00188634	0.107495	0.0112482	0.000602246	0.000321791	0.00181384	0.000327638	0.00307504	0.00809396	0.315612	0.000439781	0.000762242
138	0.0369586	0.00478879	0.00443243	0.0173479	0.00421982	0.0256729	0.0301799	0.00468396	0.281735	0.00815404	0.0102788	0.0166165	0.0166554	0.075089	0.379525	0.0425038	0.0210116	0.0138669	0.000129217	0.00615026
139	0.0599504	0.00670978	0.0278749	0.0348967	0.00555593	0.152763	0.0205122	0.00644157	0.207244	0.019623	0.00912913	0.0485411	0.00743056	0.0648386	0.205312	0.0666798	0.0365651	0.0147619	0.000182145	0.00498869
140	0.0346337	0.00419269	0.00317016	0.0158625	0.00435562	0.025069	0.027658	0.00390474	0.292402	0.00512642	0.00961471	0.0130262	0.0153319	0.0692115	0.408019	0.0332176	0.0139942	0.011865	0.0001867	0.00915864
141	0.0924061	0.113836	0.00198915	0.00188152	0.00466459	0.0465614	0.00336259	0.101746	0.0239582	0.0136392	0.00932303	0.00622775	0.00116841	0.00269027	0.00214458	0.236407	0.223648	0.112052	0.000560052	0.00173523
142	0.0116236	0.00811544	0.000245733	0.000607989	0.0194197	0.00223481	0.00141114	0.228988	0.000446742	0.477825	0.0699492	0.000901702	0.000421421	0.00111934	0.000397376	0.00924676	0.00866709	0.156191	0.000588397	0.0015997
143	0.00126768	0.00528201	0.000300683	0.00139995	0.00857166	0.000475459	0.000478787	0.54411	0.00181481	0.0865621	0.00935721	0.000523225	0.000290087	0.00198048	0.000335881	0.00301835	0.00893302	0.324313	0.000367426	0.00061749
144	0.0231753	0.00758392	0.00398786	0.00915908	0.440085	0.00957246	0.0165575	0.0499114	0.00564129	0.152207	0.042678	0.00831475	0.0024411	0.00818225	0.0053592	0.027575	0.0118177	0.0322902	0.00303213	0.140429
145	0.0478242	0.0135001	0.00413133	0.00692456	0.00404943	0.00424033	0.00713962	0.164526	0.011171	0.0459629	0.0306465	0.0129934	0.000984478	0.0106078	0.00499237	0.0478089	0.266024	0.313905	0.000531189	0.0020362
146	0.10625	0.00812546	0.0536497	0.046994	0.00711947	0.034987	0.0359274	0.0107668	0.11731	0.0316341	0.0110337	0.109307	0.00252664	0.065691	0.0968212	0.147657	0.078159	0.0252697	0.00018394	0.0105866
147	0.0827588	0.00471854	0.127121	0.0903852	0.00777483	0.0336794	0.0340601	0.00558808	0.00671084	0.00747296	0.00383447	0.0604305	0.00213452	0.00749175	0.0108348	0.319433	0.163614	0.0241696	0.00065329	0.00713427
148	0.0684691	0.0185801	0.0062388	0.0118565	0.00433652	0.00151931	0.00220552	0.226661	0.00521991	0.0616306	0.00779746	0.00624377	0.000841052	0.00418706	0.00384822	0.0274527	0.139145	0.401609	0.00028346	0.00187526
149	0.0309835	0.00119028	0.387685	0.251385	0.000980353	0.0253964	0.0234804	0.00114491	0.0148471	0.0115558	0.000813045	0.0818035	0.0236239	0.0324207	0.00293643	0.0769927	0.0257387	0.00467598	0.000163782	0.00218296
150	0.0726221	0.00848327	0.0266181	0.0360448	0.0034565	0.0415673	0.0197358	0.00987825	0.245484	0.0314649	0.0134591	0.0640286	0.00475416	0.074808	0.168351	0.0945437	0.0630234	0.0177008	9.99399e-05	0.00387666
151	0.301509	0.0321774	0.000747112	0.000747224	0.00342713	0.154664	0.00572895	0.00164448	0.010709	0.0067034	0.00338287	0.0300201	0.0158156	0.00325071	0.00897668	0.31352	0.0914593	0.0146632	0.000197125	0.000656641
152	0.0193722	0.014903	0.00256875	0.0151648	0.285347	0.00206954	0.0463261	0.0402597	0.00686312	0.0565924	0.0163365	0.00422719	0.00191755	0.0108242	0.00290049	0.0202476	0.0128423	0.0335337	0.00421775	0.403486
153	0.0337072	0.00358448	0.00242738	0.0151103	0.00393747	0.0245171	0.0280075	0.00345874	0.29438	0.00448185	0.00937568	0.0121245	0.0156498	0.070179	0.413805	0.0326449	0.0130102	0.0116633	0.000152605	0.0077835
154	0.0183238	0.0111873	0.000205749	0.000551386	0.0105029	0.000329229	0.00211558	0.315718	0.000397651	0.340773	0.0369584	0.000821695	0.000532134	0.00139639	0.000244227	0.0085938	0.00816587	0.240136	0.00075965	0.00228756
155	0.0340592	0.0036016	0.00247102	0.0150103	0.00397226	0.0247753	0.0286043	0.00347875	0.293094	0.00445374	0.00967824	0.0122526	0.0162216	0.070917	0.411473	0.0336187	0.0132241	0.0117333	0.000138938	0.0072225
156	0.0413392	0.0159258	0.00651141	0.00755438	0.0757016	0.0104455	0.0107967	0.158702	0.0157886	0.312553	0.054982	0.027612	0.00345757	0.0133305	0.0190385	0.0311699	0.0365566	0.133775	0.00361955	0.0211412
157	0.010602	0.00564685	0.0020539	0.0122172	0.488131	0.00227391	0.0288167	0.0304123	0.00389467	0.0193401	0.0196557	0.00196914	0.00152392	0.00549783	0.00157344	0.0117822	0.00449823	0.0245138	0.00115606	0.324441
158	0.0146508	0.00463208	0.00154182	0.00189428	0.42509	0.00216054	0.00229021	0.056361	0.00256258	0.326241	0.0681392	0.0108045	0.000931617	0.00239162	0.00519139	0.0057435	0.00428095	0.0262342	0.00413869	0.03472
159	0.0770602	0.00289157	0.135528	0.30462	0.00305837	0.0279407	0.0220905	0.00211134	0.0803212	0.0131375	0.0041957	0.0496795	0.00526763	0.120311	0.0434153	0.0537064	0.0287189	0.018193	0.000141292	0.00761143
160	0.0601934	0.00668094	0.0189085	0.0322077	0.0037572	0.0333429	0.0247775	0.00819536	0.254835	0.0246621	0.0119795	0.0440293	0.00831268	0.0835916	0.242881	0.0724293	0.0457167	0.0184158	0.000206185	0.00487747
161	0.0183791	0.0083061	0.004935	0.004244	0.358421	0.00368022	0.00946434	0.061269	0.00516853	0.316259	0.0666915	0.0130164	0.00118365	0.0064329	0.00688401	0.0138087	0.0102197	0.0350997	0.00427715	0.0522602
162	0.0744888	0.0014486	0.0131363	0.00119303	0.0133601	0.719091	0.00855924	0.00227749	0.0198056	0.008566	0.00142833	0.0339002	0.000552038	0.0135151	0.025948	0.0473986	0.00418734	0.00973278	0.000303092	0.00110883
163	0.00161103	0.00525021	0.000316266	0.00142428	0.00861674	0.000465605	0.000569771	0.54332	0.00180406	0.0869069	0.00935079	0.000533524	0.000291025	0.0020576	0.000370805	0.00319784	0.00887183	0.32395	0.000364484	0.000727925
164	0.0335358	0.00402017	0.00255269	0.0147058	0.00440166	0.0251055	0.0293186	0.00375372	0.28763	0.00480503	0.00965041	0.0123642	0.0174246	0.0706188	0.409782	0.0362941	0.0151518	0.0120445	0.000112634	0.00672797
165	0.105014	0.100645	0.0021614	0.00202623	0.00319683	0.0040064	0.00235578	0.00619667	0.00329965	0.00514371	0.00241223	0.00419933	0.0124428	0.00245073	0.00197213	0.517084	0.211581	0.0112751	0.000582717	0.00195356
166	0.23102	0.0985479	0.00160072	0.00152054	0.0221441	0.0590731	0.00229787	0.0427476	0.0022111	0.0891096	0.031141	0.00365949	0.000916761	0.00193823	0.00199979	0.10329	0.079349	0.225285	0.000331244	0.00181624
167	0.061692	0.0134012	0.00230111	0.00501251	0.0111827	0.00182275	0.00494398	0.265864	0.00337316	0.175125	0.0189011	0.00283004	0.000791806	0.00341064	0.00329888	0.0215414	0.0397974	0.359848	0.000476616	0.00438642
168	0.0531435	0.03294	0.00574136	0.00700626	0.0900637	0.00646162	0.0372694	0.0884587	0.0184525	0.16681	0.046493	0.012373	0.00346405	0.0348042	0.0137735	0.0688143	0.0465367	0.0949278	0.0136186	0.158848
169	0.0537698	0.0314276	0.155828	0.0619951	0.0159136	0.0261973	0.0988357	0.00493464	0.0250583	0.0201404	0.00301568	0.164415	0.00428572	0.0320496	0.0252714	0.169169	0.0556842	0.0304217	0.00042808	0.0211589
170	0.296106	0.0226389	0.00109863	0.000968569	0.00611311	0.152481	0.00873346	0.00215269	0.0113181	0.00778336	0.0036977	0.0345985	0.0254766	0.00352521	0.0101094	0.311948	0.0855105	0.0146254	0.000298748	0.000815925
171	0.0753604	0.00251754	0.138255	0.312979	0.00250917	0.0281688	0.0200808	0.001842	0.08236	0.0120754	0.00386668	0.0481646	0.00541847	0.120511	0.0423378	0.0516033	0.0275303	0.0175729	0.000148203	0.00669918
172	0.0153408	0.00516456	0.00159271	0.00135895	0.0413763	0.0316421	0.00234096	0.0797745	0.00234077	0.600532	0.121568	0.00247984	0.000706786	0.00243553	0.00265627	0.0138721	0.012944	0.0588148	0.000639547	0.00241949
173	0.114557	0.00197887	0.0666844	0.0679324	0.0023173	0.0290733	0.0143224	0.0231543	0.0315674	0.0312605	0.00692049	0.020737	0.400412	0.0589147	0.0181094	0.0779727	0.026594	0.00514402	0.000690494	0.00165675
174	0.0835032	0.00915867	0.00495649	0.00471859	0.03352	0.00793212	0.028263	0.232536	0.016597	0.163847	0.0431899	0.0109219	0.000942812	0.0278488	0.035109	0.045617	0.0259302	0.20076	0.0017524	0.0228958
175	0.130794	0.00461667	0.0528931	0.0639377	0.0060401	0.0257622	0.0282209	0.0139083	0.0860529	0.0358736	0.013725	0.0905981	0.00224047	0.0809736	0.0718274	0.161462	0.0887536	0.0313706	0.000125975	0.0108237
176	0.11842	0.107779	0.00172226	0.00162452	0.00819553	0.048798	0.00297553	0.0949944	0.0167885	0.032365	0.0191871	0.0046855	0.00104221	0.00236678	0.00193063	0.203794	0.179594	0.15147	0.000585092	0.00168134
177	0.0577232	0.00806365	0.0109155	0.0196282	0.00856899	0.0705349	0.0233021	0.0230228	0.212435	0.0271972	0.0148331	0.0246657	0.0115269	0.0578918	0.290401	0.0549976	0.0297023	0.0449413	0.000698023	0.00895122
178	0.0662015	0.0434401	0.00548794	0.00354106	0.0755812	0.00130519	0.0335009	0.100102	0.0228812	0.193897	0.0764821	0.00920165	0.0010806	0.0512728	0.0170243	0.0591338	0.0533201	0.0832974	0.0177041	0.0855445
179	0.0743167	0.028982	0.113961	0.0416301	0.0155293	0.0253884	0.107124	0.00763648	0.0411935	0.0393955	0.00634362	0.152664	0.00184777	0.0489686	0.0483141	0.139603	0.0519237	0.032066	0.000485805	0.0226272
180	0.0860876	0.0267625	0.00510343	0.0121863	0.00583486	0.00282788	0.00224073	0.213165	0.00448417	0.0622913	0.00707271	0.00499622	0.000717565	0.00324182	0.00300743	0.0341744	0.128802	0.394802	0.000252521	0.00194989
181	0.00604491	0.00698218	0.000276313	0.001757	0.00888002	0.000424835	0.00119531	0.473604	0.00147859	0.177389	0.0180776	0.000636523	0.000320368	0.00158736	0.000313208	0.00436577	0.00746905	0.287321	0.000622114	0.00125501
182	0.0749986	0.0024789	0.138099	0.31953	0.00251748	0.0281576	0.0199235	0.00155854	0.0810725	0.0116234	0.00354106	0.0474767	0.00525388	0.121878	0.0412562	0.0498831	0.026401	0.0175499	0.000139938	0.00666015
183	0.0432347	0.00329941	0.0114744	0.0921526	0.00411462	0.0412964	0.132575	0.00575086	0.00484876	0.00678248	0.00358156	0.029007	0.00141185	0.545644	0.0191086	0.031167	0.00795618	0.0130366	0.000909705	0.00264884
184	0.011026	0.00718758	0.00163395	0.0180825	0.365201	0.00179018	0.0485797	0.0160506	0.00451231	0.0191303	0.00684378	0.00152622	0.00135946	0.00707247	0.00108599	0.0155595	0.00325196	0.0180317	0.00100545	0.451069
185	0.0440212	0.00909963	0.286142	0.210587	0.00496851	0.0265515	0.0417262	0.00225331	0.0328267	0.0149141	0.00256044	0.0986851	0.0192067	0.0584515	0.0191307	0.077423	0.0297372	0.0131923	0.000200063	0.00832314
186	0.0692909	0.00880951	0.0261831	0.0342229	0.00363319	0.0418838	0.0191081	0.00969008	0.251079	0.0326783	0.012522	0.0649233	0.00466587	0.0740959	0.170595	0.0932564	0.0623334	0.0173103	0.000100736	0.00361811
187	0.0746029	0.00142734	0.0134002	0.00118216	0.0131916	0.722455	0.00817408	0.00230008	0.0198961	0.0083448	0.00141877	0.0333372	0.000562431	0.013018	0.0259989	0.0457578	0.00415375	0.00944584	0.000262835	0.00107068
188	0.0626789	0.00440443	0.0115159	0.0097206	0.0373509	0.0130409	0.00670336	0.203564	0.0333359	0.18173	0.039035	0.0231675	0.000979592	0.0179864	0.0603145	0.0330563	0.0456733	0.205288	0.000367841	0.0100874
189	0.0118794	0.00787597	0.00176387	0.018931	0.32214	0.00189906	0.0550184	0.0147434	0.00464815	0.0220407	0.00543917	0.00155996	0.00143145	0.00756927	0.00116057	0.0171067	0.00320633	0.0183535	0.00114311	0.48209
190	0.0382655	0.00474315	0.302785	0.233443	0.00335744	0.0284111	0.0350886	0.00129716	0.0319787	0.0133656	0.00225585	0.0907718	0.0180038	0.0613546	0.0198411	0.0705747	0.0258553	0.0110097	0.000149538	0.00744818
