701	20
1	0.100885	0.00327279	0.0267323	0.0541445	0.026819	0.0213333	0.0176624	0.0381498	0.0297077	0.0315399	0.0198626	0.0502479	0.00882301	0.0252315	0.0164004	0.18675	0.163343	0.146651	0.00283129	0.0296125
2	0.0468694	0.000345426	0.000496568	0.00339568	0.0129777	0.00144961	0.000577817	0.260713	0.00245328	0.0419759	0.0187939	0.00253094	0.00122305	0.00168325	0.00153768	0.00599609	0.00801751	0.586312	0.00174671	0.000904396
3	0.0309003	0.00103692	0.0444812	0.0236896	0.0015325	0.0169695	0.0294602	0.0136277	0.132467	0.0058053	0.00234519	0.356982	0.0027785	0.0208668	0.0653223	0.138765	0.0994298	0.0102986	0.000758495	0.0024821
4	0.00633347	0.000131683	0.000271896	0.000396086	0.0141061	0.000439493	0.000326649	0.461663	0.000426545	0.0306439	0.0215176	0.0011115	0.00120508	0.000476305	0.000475592	0.000768664	0.00327427	0.454698	0.000509473	0.00122457
5	0.00797709	0.000533315	0.00261233	0.00134028	0.00044696	0.942863	0.00411457	0.000667493	0.00487929	0.000800046	0.000620211	0.00503048	0.000366487	0.000891543	0.013661	0.0101353	0.00119158	0.00098328	0.000188658	0.000696976
6	0.567595	0.00189162	0.0105955	0.0116742	0.00348461	0.0593372	0.000688135	0.018109	0.000819207	0.00405828	0.016309	0.00108599	0.00769761	0.00315817	0.000959146	0.126883	0.0661574	0.0973651	0.00146801	0.00066413
7	0.0101242	0.00563236	0.00119799	0.000450183	0.0447779	0.00115776	0.000655759	0.340171	0.000464944	0.292043	0.0546634	0.00221442	0.00159761	0.000694385	0.00138011	0.0041621	0.00884188	0.227897	0.000166299	0.00170704
8	0.00285941	0.0118648	0.00153882	0.00165463	0.647991	0.000682257	0.00460855	0.0291029	0.000631622	0.110926	0.0104555	0.00118342	0.000390815	0.00179186	0.00132779	0.00438962	0.00252114	0.0311801	0.000682649	0.134218
9	0.141151	0.00665776	0.0404862	0.0295039	0.0138804	0.0341551	0.0128998	0.0236395	0.0356493	0.0190368	0.0122694	0.0480882	0.0333863	0.0264683	0.0243776	0.288307	0.181036	0.0147222	0.0035204	0.0107651
10	0.0129219	0.00583852	0.00234383	0.00899863	0.374677	0.00218327	0.0189575	0.0438182	0.00217446	0.156075	0.0473257	0.00440076	0.0254197	0.00329053	0.00379531	0.0243664	0.0411662	0.0804425	0.00701909	0.134785
11	0.0170201	0.00249893	0.253052	0.0617811	0.00451904	0.0447313	0.0288809	0.00687689	0.051868	0.0102813	0.00599917	0.28591	0.00607376	0.0156155	0.0184196	0.122724	0.0400044	0.0101125	0.000587912	0.013044
12	0.0437636	0.00206787	0.0345097	0.0112474	0.00382689	0.0175869	0.00339161	0.00299695	0.00914193	0.00298765	0.006785	0.0371939	0.00349769	0.00225173	0.0189301	0.450042	0.342719	0.00461394	0.000541239	0.00190509
13	0.0374506	0.00199048	0.00288352	0.00835325	0.03024	0.00855473	0.0139339	0.259072	0.0117871	0.0500774	0.0507752	0.0133102	0.0108695	0.00911219	0.0266431	0.0522698	0.0915506	0.315918	0.000370468	0.00483791
14	0.0617148	0.00133056	0.00373231	0.0174223	0.0275728	0.0071359	0.00446176	0.298875	0.0129005	0.0662181	0.0464036	0.0171886	0.0101149	0.0155473	0.0150701	0.0217664	0.0483224	0.309113	0.000605731	0.0145039
15	0.0078535	0.000526391	0.00251057	0.00106656	0.000437185	0.944165	0.00405375	0.000673415	0.00479064	0.000784497	0.00057769	0.00477962	0.000346649	0.000869538	0.0135424	0.0100895	0.00115903	0.000905306	0.00017812	0.000691129
16	0.0110726	0.0010469	0.00569585	0.0222089	0.0061918	0.0272314	0.027159	0.00633573	0.259784	0.0105344	0.0169233	0.0259521	0.000633712	0.0411823	0.470418	0.0402313	0.0171358	0.00836107	0.000815862	0.00108675
17	0.547399	0.00142371	0.0115266	0.0160108	0.00341073	0.0671651	0.000833498	0.0193996	0.00130331	0.00248131	0.0192433	0.00148472	0.00972785	0.00348799	0.00122323	0.132867	0.0649396	0.0934753	0.00144129	0.00115575
18	0.554193	0.00199345	0.0111019	0.0145594	0.00350588	0.0687508	0.000781722	0.0189728	0.000937351	0.00294123	0.0170634	0.00120621	0.00858857	0.00389056	0.00113661	0.134512	0.0616852	0.0919325	0.00143907	0.000807871
19	0.030585	0.00129584	0.021381	0.0359796	0.00527832	0.0143316	0.0137439	0.0158527	0.311577	0.0303593	0.0312755	0.0450058	0.00139425	0.0672763	0.293099	0.0236718	0.0318791	0.0215245	0.000736931	0.00375248
20	0.0499193	0.000891788	0.00216061	0.0116063	0.0252777	0.0086645	0.0046484	0.302948	0.0125438	0.0473009	0.040283	0.0112047	0.0127225	0.0133206	0.0170884	0.0220343	0.0557419	0.354573	0.000172472	0.00689798
21	0.437799	0.0197756	0.0051898	0.0104536	0.00799031	0.267655	0.00238329	0.0171553	0.00239415	0.0160928	0.00621791	0.00285932	0.00444855	0.0037364	0.00424974	0.0543978	0.0520237	0.0812234	0.00121616	0.00273811
22	0.0090282	0.0062834	0.00131151	0.000414018	0.0447541	0.000674792	0.000380071	0.36817	0.000416238	0.261932	0.0578828	0.00211024	0.000368088	0.000556072	0.00157573	0.00361333	0.00858795	0.231314	0.000139931	0.000487184
23	0.065057	0.000584161	0.0864833	0.273303	0.00222969	0.0404237	0.0247456	0.0106829	0.0683128	0.0276714	0.0281049	0.0349921	0.0197001	0.180718	0.0480644	0.0433995	0.0190918	0.0183092	0.00120718	0.0069199
24	0.100335	0.00163208	0.00196888	0.0367457	0.0181589	0.0024308	0.00497371	0.126392	0.0231677	0.21862	0.159489	0.0119013	0.00166077	0.00723514	0.0188962	0.0382461	0.0839843	0.131081	0.000690256	0.0123911
25	0.371921	0.00819098	0.0161899	0.0244089	0.01454	0.0588046	0.0106481	0.0224941	0.0149098	0.0197288	0.0139853	0.0169656	0.0324756	0.0148713	0.0161988	0.139764	0.108883	0.0555894	0.0315846	0.0078465
26	0.0805987	0.000360639	0.00117359	0.0245529	0.014042	0.0031753	0.00171042	0.164414	0.0107125	0.0463505	0.0383399	0.00598033	0.00204049	0.00757097	0.00360485	0.0136159	0.0175172	0.561521	0.00093943	0.00177925
27	0.0135924	0.00387673	0.270438	0.264436	0.00108065	0.0289482	0.0202075	0.0070025	0.0995625	0.00736596	0.000909352	0.108234	0.00056586	0.0716003	0.0476135	0.03924	0.00594268	0.00519395	0.000356085	0.00383406
28	0.0122443	0.000646372	0.699966	0.136456	0.000881633	0.00635936	0.0134531	0.00147826	0.0112568	0.0019076	0.00203455	0.0520074	0.00172586	0.0097289	0.00247372	0.0275399	0.0105803	0.00791802	0.000286342	0.00105576
29	0.0155691	0.000345659	0.000612728	0.00201287	0.0173609	0.00186587	0.0010466	0.436438	0.00233721	0.0324426	0.0244587	0.00289986	0.0037149	0.00257026	0.00347889	0.00452453	0.0126185	0.433141	0.00043731	0.00212367
30	0.0166666	0.00639986	0.0604948	0.0162952	0.0238847	0.0393014	0.0351218	0.0153517	0.0261712	0.0153511	0.00426977	0.445983	0.0045096	0.0162146	0.0367877	0.116417	0.0345215	0.0133306	0.00339072	0.069537
31	0.322259	0.0017254	0.0200568	0.050817	0.0164665	0.0259363	0.012911	0.0146591	0.0314605	0.0145568	0.00516404	0.0563425	0.00423591	0.0275854	0.0406177	0.257978	0.076598	0.0119038	0.00163035	0.00709563
32	0.00517418	0.000360143	0.739362	0.0831645	0.001115	0.00775531	0.0131154	0.00169368	0.00887413	0.00188381	0.00141278	0.0775422	0.00244659	0.00175853	0.00264395	0.032468	0.0101032	0.00726037	0.00028492	0.00158162
33	0.126055	0.00707685	0.0187387	0.0155487	0.00295325	0.0241388	0.0150141	0.00509422	0.0323067	0.0123385	0.00114799	0.0107628	0.359278	0.0382681	0.0314473	0.222132	0.0690183	0.00454105	0.000358622	0.00378163
34	0.0488823	0.00234986	0.0414501	0.0166888	0.00291499	0.0470256	0.00379449	0.00216023	0.020339	0.00232638	0.00940982	0.0496513	0.00118051	0.00168653	0.0348795	0.396025	0.313626	0.00276373	0.000360897	0.00248489
35	0.00789557	0.00373926	0.00081957	0.000384808	0.0327363	0.000503841	0.000283233	0.404956	0.000348455	0.174122	0.0409156	0.00247778	0.00049049	0.000417509	0.00102739	0.0024647	0.00644064	0.319184	0.000258327	0.000533843
36	0.00719174	0.00279781	0.00104088	0.00301848	0.0488307	0.00326842	0.00349956	0.0672999	0.00305312	0.70546	0.0652075	0.00287109	0.0061048	0.00256611	0.00719262	0.0080719	0.00912142	0.0445959	0.00379163	0.00501613
37	0.0378765	0.000239781	0.0701376	0.0573717	0.00150306	0.116598	0.0592146	0.00696955	0.111129	0.00692623	0.0099339	0.149641	0.0163548	0.0640995	0.135917	0.092405	0.0312702	0.00798095	0.00710185	0.01733
38	0.0388401	0.000563435	0.0751499	0.0741109	0.00128192	0.178038	0.0462791	0.00685071	0.102683	0.00648168	0.00782369	0.134689	0.0163648	0.051351	0.113337	0.0835189	0.0345293	0.00897591	0.00649289	0.0126386
39	0.0229434	0.00243992	0.00824085	0.0124234	0.0113227	0.0157461	0.011821	0.0864549	0.0502117	0.022372	0.0103865	0.0217827	0.0142919	0.051907	0.107631	0.0830578	0.399816	0.0607456	0.00185337	0.00455203
40	0.00904057	0.00189179	0.0151562	0.0583457	0.00103945	0.0113878	0.0271495	0.00574219	0.342735	0.0171074	0.0127696	0.0496863	0.000402434	0.0939576	0.258573	0.0290328	0.0503653	0.00982776	0.000202436	0.00558738
41	0.00275418	0.00252609	0.000282341	0.00152808	0.0539347	0.00234271	0.00226199	0.0597358	0.000870583	0.746574	0.0668575	0.00125485	0.00466587	0.00117802	0.00552032	0.00418327	0.00426155	0.031943	0.0029396	0.00438575
42	0.0385381	0.000386548	0.02785	0.0745664	0.00903814	0.00282811	0.0223037	0.0469065	0.166388	0.0873561	0.0226082	0.115691	0.000724301	0.0850785	0.111597	0.0764815	0.0548143	0.050334	0.000268389	0.00624106
43	0.0153798	0.0355429	0.0417424	0.0321185	0.131892	0.0376407	0.0411131	0.00660599	0.0093433	0.0439432	0.0138314	0.103805	0.0123272	0.0750083	0.0629627	0.130723	0.0266021	0.0197542	0.00266665	0.156998
44	0.0139458	0.00288757	0.0981349	0.0192248	0.00169226	0.0359243	0.0241876	0.0105287	0.028329	0.00417935	0.00187367	0.480083	0.00314902	0.00885557	0.0246402	0.175461	0.0503989	0.00622749	0.000353495	0.00992302
45	0.292697	0.0817256	0.0175941	0.0268474	0.00398857	0.0518947	0.0149933	0.00656233	0.00455133	0.0557408	0.00382481	0.00530381	0.0301898	0.0059479	0.028344	0.240603	0.0300795	0.0668133	0.00373509	0.0285634
46	0.025799	0.0101485	0.00140876	0.00279279	0.288501	0.00502775	0.00293341	0.149181	0.00197688	0.186013	0.0449049	0.00290961	0.00412348	0.00250396	0.00512142	0.0101587	0.0147199	0.196088	0.00147624	0.0442121
47	0.0209951	0.00905583	0.0119724	0.00929839	0.0311182	0.0307883	0.0164909	0.215757	0.021208	0.18304	0.0594653	0.00937009	0.00585123	0.0236129	0.038347	0.0180954	0.0195602	0.2704	0.00108635	0.00448666
48	0.489181	0.00224614	0.00967781	0.0109048	0.00585598	0.15028	0.00162509	0.0148205	0.00246877	0.00349578	0.00978599	0.00335084	0.00810515	0.00349908	0.00309643	0.158772	0.0610553	0.058839	0.00153008	0.00141118
49	0.145122	0.0167531	0.00181559	0.00603306	0.0423122	0.0100966	0.00925906	0.187105	0.00750306	0.06739	0.0794874	0.0123161	0.0034754	0.00415692	0.0100536	0.0774106	0.160298	0.151833	0.00107845	0.00650124
50	0.120464	0.000716981	0.00183157	0.0447921	0.0254563	0.00278403	0.00163787	0.223018	0.0196553	0.0822681	0.0972431	0.0117129	0.00293991	0.0129269	0.00917491	0.0236401	0.0274693	0.283638	0.000446225	0.00818409
51	0.101559	0.000600732	0.0994746	0.253563	0.00165104	0.0843299	0.00951892	0.0107331	0.0715605	0.0225797	0.0140744	0.030195	0.0134407	0.13001	0.0561991	0.0492688	0.0316314	0.0165405	0.000817448	0.00225324
52	0.00455196	0.00251957	0.000413444	0.00201876	0.0602245	0.00249461	0.0027202	0.0652722	0.00114902	0.702557	0.0781772	0.00148981	0.00564314	0.00149996	0.00561367	0.00620215	0.0050158	0.0440879	0.00280535	0.00554411
53	0.00789437	0.00132599	0.0197656	0.111277	0.00177838	0.0271126	0.019564	0.00504371	0.240357	0.0363097	0.0126497	0.0491509	0.00198737	0.168427	0.163079	0.0683592	0.0526986	0.010514	0.000408037	0.00229806
54	0.0255693	0.00577865	0.000980379	0.00197049	0.107541	0.00660789	0.00330643	0.0989761	0.00131956	0.474307	0.0529986	0.00261852	0.00849835	0.0017173	0.00378719	0.0124039	0.0138389	0.154459	0.00247919	0.0208425
55	0.00969739	0.00543388	0.00124751	0.000993727	0.0438991	0.00101182	0.00126559	0.312654	0.000753053	0.336991	0.0672738	0.00250329	0.00182644	0.00110489	0.00302654	0.00417894	0.01159	0.192237	0.000952206	0.00135972
56	0.0915354	0.000923902	0.115365	0.337327	0.0019581	0.0531643	0.0132456	0.0066975	0.056723	0.0137078	0.0126393	0.0323584	0.00859113	0.142411	0.0306519	0.0307166	0.0205131	0.0279615	0.000726729	0.00278249
57	0.0283232	0.000381029	0.0562382	0.0507096	0.000968348	0.0779056	0.0406779	0.00725583	0.18442	0.00477945	0.00770288	0.160136	0.00970328	0.0480646	0.124393	0.118465	0.0601794	0.00812371	0.00345139	0.00812212
58	0.0101792	0.00328396	0.27124	0.268995	0.000688188	0.0281546	0.0203704	0.00716817	0.101457	0.00742898	0.000763326	0.10912	0.000536054	0.0732392	0.049708	0.0352135	0.00363649	0.00497724	0.000260376	0.00358072
59	0.0683669	0.000404293	0.00120101	0.0101175	0.0151657	0.00428226	0.00228606	0.19323	0.00854541	0.0412935	0.0260093	0.00663506	0.00443862	0.00608493	0.0066016	0.0162768	0.0326677	0.552915	0.000886237	0.00259256
60	0.0654126	0.000558977	0.001464	0.00947315	0.0197644	0.0048423	0.00249525	0.256271	0.00777757	0.0430187	0.0303801	0.0070113	0.00621325	0.0100845	0.00976311	0.0134792	0.0285139	0.47892	0.000788883	0.00376795
61	0.518997	0.00345929	0.00907562	0.0125186	0.00549683	0.0740779	0.00125624	0.0220866	0.0015455	0.00909547	0.0166465	0.00242854	0.00725623	0.00354001	0.0018635	0.110989	0.0871894	0.109604	0.00157318	0.00130018
62	0.0276401	0.00165521	0.000717415	0.00612033	0.0194025	0.00141559	0.000954669	0.382399	0.00303196	0.0904753	0.0515362	0.00230916	0.0016971	0.00286298	0.00248943	0.00529528	0.0128634	0.385394	0.000377087	0.0013628
63	0.023333	0.00445366	0.00101011	0.000565007	0.0301084	0.00239189	0.000389909	0.339362	0.000595997	0.227268	0.03993	0.00180602	0.00184816	0.000494791	0.00121638	0.00631	0.0122512	0.305536	0.000236383	0.000893478
64	0.00803833	0.000522304	0.00296676	0.00195919	0.000436914	0.94063	0.00415869	0.00067112	0.0049987	0.000806251	0.000581233	0.00546334	0.000372457	0.000960229	0.0140966	0.0101607	0.00124599	0.00100727	0.000231687	0.000692446
65	0.0818104	0.00246291	0.00580216	0.00953581	0.0112616	0.0108765	0.0129216	0.0123225	0.0201904	0.0548864	0.00840953	0.0105191	0.578823	0.0363317	0.0276141	0.0589586	0.0309386	0.0197271	0.00121532	0.00539245
66	0.0295554	0.00426601	0.018267	0.148231	0.00808325	0.0510265	0.0501683	0.0359607	0.0351619	0.0859755	0.0139937	0.0164591	0.00866623	0.354041	0.044467	0.0238946	0.0202842	0.0427534	0.00246884	0.00627603
67	0.0829549	0.0505799	0.00588393	0.00238719	0.0283145	0.0123545	0.00170311	0.0154249	0.00981389	0.0240868	0.00210946	0.0266085	0.0124101	0.00406076	0.0143104	0.445724	0.213371	0.0351642	0.00335517	0.00938309
68	0.276878	0.0222813	0.0107841	0.0127726	0.0130922	0.0416365	0.00473156	0.0203841	0.00632257	0.017604	0.00627386	0.0131521	0.0498896	0.00883137	0.0125379	0.306738	0.117969	0.0387788	0.0128927	0.00644999
69	0.397979	0.00356771	0.0117946	0.0347368	0.00857612	0.0795706	0.00184349	0.0282017	0.00270079	0.00714709	0.0281036	0.00509588	0.02077	0.0039512	0.00322965	0.120108	0.125626	0.110627	0.00219897	0.00417112
70	0.0439995	0.000867052	0.00165947	0.0243364	0.0163976	0.00487437	0.00457496	0.273908	0.012907	0.0448629	0.0818792	0.00826673	0.00603414	0.0162536	0.010642	0.0234062	0.0646373	0.355217	0.000400548	0.00487621
71	0.52146	0.00360175	0.00986492	0.0107334	0.00505695	0.149806	0.00163739	0.0135679	0.0011759	0.00377617	0.0104944	0.00180954	0.00781832	0.00301066	0.00184708	0.130461	0.0531171	0.0676908	0.00168741	0.00138431
72	0.033659	0.003409	0.0272386	0.0298491	0.0073573	0.0351451	0.143785	0.0142499	0.0591777	0.0635607	0.0138549	0.102682	0.0800679	0.0750324	0.196382	0.0434915	0.0250243	0.0185767	0.00423393	0.0232231
73	0.0467797	0.00562179	0.00128684	0.00467023	0.0468952	0.00347564	0.0151151	0.294032	0.0114227	0.0434162	0.0758861	0.0135684	0.0043708	0.00457812	0.0146501	0.0561971	0.135995	0.218712	0.000382437	0.00294475
74	0.0164927	0.00260066	0.000695899	0.000909195	0.0237676	0.00136786	0.000409254	0.36205	0.00080598	0.145621	0.0380137	0.00193835	0.00116581	0.000803684	0.00102306	0.00401121	0.00806485	0.388979	0.000439617	0.00084057
75	0.150464	0.0382192	0.0206466	0.00841617	0.0167289	0.0221849	0.00229143	0.0321285	0.00642016	0.0176876	0.0046348	0.0194082	0.0248655	0.00557424	0.0112617	0.40134	0.177902	0.0286931	0.00366522	0.0074675
76	0.0347528	0.0178982	0.0725231	0.0700335	0.0874171	0.0351297	0.066412	0.00728706	0.0197595	0.0275446	0.00963188	0.100964	0.00804975	0.09362	0.0383827	0.131818	0.0372824	0.0259647	0.00393893	0.11159
77	0.0933533	0.00228748	0.00158785	0.0238496	0.0234404	0.00481652	0.00156507	0.214152	0.0109334	0.193085	0.0778451	0.00873273	0.00279007	0.00742305	0.00521241	0.0186681	0.0286719	0.27505	0.000358994	0.00617587
78	0.568304	0.00124771	0.0111275	0.0133028	0.00296227	0.0715579	0.000735789	0.0165111	0.00081934	0.0019126	0.01674	0.000917812	0.00869983	0.00315927	0.000944902	0.128611	0.0586304	0.0917017	0.0014659	0.000647943
79	0.0306502	0.00261875	0.179876	0.0618743	0.0040725	0.0417632	0.0275035	0.00772383	0.0723287	0.00787935	0.00490427	0.275668	0.00853794	0.0246404	0.0285727	0.130245	0.0693512	0.0100209	0.00154805	0.0102216
80	0.0961654	0.000935046	0.0892193	0.291006	0.00256014	0.0650085	0.0127534	0.00851322	0.0622267	0.0182546	0.0149074	0.028915	0.0121699	0.165181	0.0422098	0.03254	0.0215852	0.0317964	0.000910576	0.00314273
81	0.117569	0.00692339	0.00443979	0.0124264	0.0510562	0.00844841	0.0100168	0.134017	0.0132834	0.109143	0.0676767	0.0124002	0.00839637	0.0059018	0.0136705	0.0944149	0.173866	0.14174	0.00173591	0.0128742
82	0.0144102	0.0011659	0.0034668	0.0594883	0.00214191	0.00330459	0.165354	0.00297129	0.0907923	0.00963926	0.00653683	0.0291109	0.00429976	0.401352	0.158453	0.0197304	0.0195192	0.00462122	0.000669166	0.0029729
83	0.00733012	0.000223546	0.000306766	0.000621591	0.0145316	0.000551815	0.000381833	0.44689	0.000588279	0.0339448	0.0221233	0.00131052	0.00128775	0.000698546	0.000734196	0.00120403	0.00420418	0.461307	0.000517332	0.0012423
84	0.0947871	0.00239778	0.0072946	0.0124561	0.00697953	0.0151994	0.0118916	0.00716024	0.0204337	0.0119172	0.0023882	0.0118567	0.588925	0.0352183	0.0237681	0.084032	0.0499223	0.00778174	0.000977757	0.004613
85	0.00675868	0.00451192	0.000754462	0.00173241	0.0886016	0.00331059	0.00259262	0.087659	0.00125316	0.634111	0.0778925	0.00184542	0.00536258	0.00453697	0.00557969	0.00504882	0.00439417	0.0550191	0.00306238	0.00597269
86	0.0137296	0.00639769	0.00129078	0.000491083	0.0403958	0.00150478	0.000359447	0.351881	0.000464192	0.256733	0.0532622	0.00198314	0.000626	0.000518456	0.00144041	0.00518681	0.0104151	0.252563	0.000139163	0.000617726
87	0.120668	0.0175101	0.01875	0.0137825	0.0139505	0.0176185	0.00601433	0.0172476	0.016328	0.0178855	0.00682314	0.0265367	0.0182758	0.00938922	0.0142095	0.367441	0.255006	0.0268921	0.0023286	0.0133435
88	0.0181758	0.0185081	0.0023085	0.00306728	0.584653	0.00270632	0.0137804	0.0247253	0.00148549	0.0977905	0.0125314	0.00431838	0.00130729	0.00338991	0.00335292	0.0380455	0.00572581	0.0218902	0.000904044	0.141334
89	0.487234	0.0019991	0.0100386	0.0101376	0.00521064	0.151588	0.00151771	0.0146123	0.00212135	0.00288482	0.00978479	0.00314821	0.0089448	0.00350294	0.00278259	0.157674	0.0651233	0.0589347	0.00158647	0.00117378
90	0.563848	0.00233142	0.0140062	0.0138323	0.00303763	0.0633521	0.00117111	0.0178429	0.00141704	0.00379443	0.0155946	0.00160601	0.00817153	0.00355589	0.00166722	0.128662	0.0584914	0.0945368	0.00172183	0.00135973
91	0.0794339	0.00551544	0.0277971	0.0375189	0.0111354	0.0192469	0.0164415	0.0316482	0.0716433	0.0803045	0.021252	0.0404446	0.012702	0.0492551	0.0367109	0.204206	0.20729	0.033234	0.00443584	0.0097841
92	0.0492348	0.0044198	0.303177	0.058602	0.00651723	0.027094	0.0166695	0.0124184	0.0308227	0.0111014	0.00759686	0.0949232	0.0100607	0.0155543	0.0190028	0.186874	0.119861	0.0160009	0.00216076	0.00790869
93	0.102829	0.00138325	0.00672925	0.0109437	0.00686275	0.0124263	0.011191	0.00712034	0.0201186	0.0121092	0.00184315	0.0101453	0.620872	0.0362647	0.0213401	0.0694924	0.0348348	0.00858417	0.00069445	0.00421597
94	0.125506	0.00446535	0.0068884	0.00884897	0.00478455	0.00485283	0.00226557	0.00980285	0.0106157	0.0104326	0.00281181	0.00844327	0.00508898	0.00189552	0.00353606	0.318265	0.44467	0.0224348	0.000724347	0.0036671
95	0.00365079	0.00235108	0.000417046	0.00242487	0.0488105	0.00235002	0.00365501	0.0631666	0.00130485	0.721058	0.0777166	0.0021757	0.0068973	0.00156556	0.00888482	0.00467146	0.00569762	0.0320832	0.00706023	0.0040589
96	0.0980322	0.00853765	0.0309645	0.0125954	0.0129236	0.0323205	0.00411397	0.0136005	0.0127606	0.00888344	0.00713202	0.0456345	0.0176771	0.00662303	0.0173311	0.382669	0.27034	0.0120008	0.00161186	0.00424815
97	0.164496	0.00972492	0.014274	0.0282174	0.00282126	0.0216652	0.01807	0.00629591	0.0223149	0.0143475	0.00158052	0.0105725	0.330532	0.02647	0.0245272	0.217003	0.0776186	0.00515069	0.000540073	0.00377857
98	0.09926	0.0021187	0.0213488	0.0603401	0.0173424	0.0118376	0.0101628	0.072934	0.0578715	0.132845	0.0454806	0.0278259	0.00626739	0.0209856	0.0404041	0.155813	0.125718	0.0666634	0.00244446	0.0223375
99	0.0250217	0.000872294	0.0127036	0.157487	0.0034336	0.0149532	0.0524015	0.00538889	0.0648946	0.0248286	0.0105292	0.0136776	0.00420463	0.4554	0.11643	0.0139584	0.0105341	0.0104807	0.00065629	0.00214487
100	0.00184083	0.00105862	0.00175524	0.00113435	0.264359	0.00422399	0.0276241	0.00121865	0.000936469	0.00238252	0.000824379	0.00432076	0.000657912	0.00230513	0.00325428	0.00886405	0.00168702	0.00146621	0.0103832	0.659703
101	0.0624409	0.00159611	0.004121	0.00593219	0.0124008	0.00861559	0.0110793	0.00458424	0.0199868	0.0113133	0.00267329	0.00994049	0.663113	0.049769	0.0308028	0.0634667	0.0243939	0.0076841	0.000535188	0.00555129
102	0.0019353	0.00116934	0.00176159	0.00114965	0.263837	0.00426078	0.0280491	0.00122017	0.000937799	0.00242166	0.000844267	0.00447273	0.000674624	0.00236662	0.00331379	0.00894151	0.00167706	0.00149562	0.0103294	0.659142
103	0.00281038	0.00324179	0.000447552	0.00181321	0.150956	0.00202125	0.00236447	0.0542894	0.00081721	0.653135	0.0579631	0.00128599	0.00432389	0.00115314	0.00482005	0.00380719	0.00378447	0.0319104	0.00284303	0.0162132
104	0.00985861	0.00615611	0.00126674	0.000371913	0.0403629	0.000614752	0.000288371	0.374616	0.000361047	0.254212	0.0528409	0.00214687	0.000286298	0.000404527	0.00138657	0.00367594	0.00897389	0.2418	9.90447e-05	0.000278158
105	0.0233483	0.00168621	0.00979501	0.0887868	0.00366766	0.0152468	0.0562679	0.00557624	0.10293	0.0247701	0.0231679	0.02181	0.00883136	0.338831	0.213434	0.0283297	0.0189645	0.0103948	0.000950814	0.00321104
106	0.202178	0.00966999	0.00737312	0.0083452	0.0171129	0.0249482	0.00237104	0.0439967	0.00703637	0.0360346	0.0234082	0.0224689	0.0140528	0.00636469	0.00535698	0.165975	0.287187	0.112164	0.000828162	0.00312816
107	0.229524	0.0110643	0.00185343	0.0034979	0.0185371	0.0238473	0.000875376	0.0509039	0.00109037	0.0360869	0.0257886	0.0135374	0.011307	0.00292978	0.00178708	0.147546	0.273958	0.143946	0.000432986	0.0014862
108	0.00905475	0.0103296	0.0466258	0.00581361	0.00189787	0.0235682	0.0163669	0.0098024	0.00979901	0.00475819	0.00212546	0.420682	0.00167591	0.00535419	0.0174747	0.368028	0.0328922	0.00588359	0.000659687	0.00720845
109	0.0160879	0.00116174	0.562926	0.12197	0.00186978	0.0172602	0.0165302	0.00421886	0.0414646	0.00581183	0.00324367	0.0835765	0.00438497	0.0229218	0.0205392	0.0432502	0.0196064	0.00927141	0.000678585	0.003226
110	0.0821775	0.00225406	0.0521805	0.00820995	0.0588288	0.0187379	0.192475	0.0264313	0.0157838	0.112456	0.00615963	0.0166625	0.00534301	0.108829	0.0703165	0.128334	0.0216454	0.00979358	0.0065006	0.056881
111	0.019283	0.0215725	0.000974399	0.00747048	0.18153	0.00974239	0.135812	0.00970216	0.00111603	0.0304605	0.0112781	0.0307693	0.00625957	0.0134971	0.0153467	0.0321342	0.00282855	0.0175252	0.00393019	0.448767
112	0.0232163	0.00196002	0.0145211	0.158583	0.00481137	0.0167892	0.0517069	0.0137008	0.0492345	0.0642949	0.0122325	0.0138541	0.0112385	0.436794	0.0723579	0.0175712	0.0125705	0.0196629	0.00132778	0.00357208
113	0.0498531	0.00387066	0.004037	0.0144751	0.0443559	0.00780827	0.00676784	0.191514	0.0124355	0.163367	0.134877	0.0111047	0.00607732	0.00840159	0.013645	0.0252714	0.0468627	0.245048	0.00197682	0.00825185
114	0.119533	0.00321353	0.0568297	0.0632605	0.0106948	0.0263845	0.0222271	0.0241073	0.0763547	0.0250662	0.0176135	0.0695054	0.0158338	0.0359788	0.0349509	0.211913	0.148783	0.0209053	0.00387814	0.0129673
115	0.549032	0.00389259	0.011774	0.0153655	0.00429874	0.0655514	0.0023884	0.016266	0.0038753	0.00594184	0.013338	0.00514913	0.0106463	0.00600259	0.00389751	0.142011	0.059442	0.0773414	0.00187326	0.00191306
116	0.00659994	0.000132011	0.000277174	0.000394872	0.0138254	0.000427742	0.000323371	0.458665	0.000439096	0.0318588	0.0228944	0.00114148	0.00113171	0.000498192	0.000472527	0.000810458	0.00327414	0.455093	0.000511865	0.0012295
117	0.382588	0.00496468	0.0068599	0.00921852	0.0101296	0.0374093	0.000948258	0.04532	0.00249909	0.0205112	0.0195925	0.00505049	0.00812396	0.00389519	0.00209081	0.147156	0.16269	0.128516	0.00102243	0.00141524
118	0.130726	0.00127128	0.205529	0.321506	0.00209828	0.0741768	0.00731175	0.00283162	0.0350305	0.00452189	0.00404001	0.0213225	0.00207447	0.0510716	0.00719996	0.07905	0.03659	0.00968219	0.00109043	0.00287545
119	0.00907858	0.00635142	0.0012724	0.000375105	0.0410011	0.000525622	0.00028684	0.379289	0.000356475	0.253869	0.0540667	0.00212903	0.000164265	0.000397296	0.00142737	0.00364635	0.00890252	0.236496	0.000101152	0.000263991
120	0.00633347	0.000131683	0.000271896	0.000396086	0.0141061	0.000439493	0.000326649	0.461663	0.000426545	0.0306439	0.0215176	0.0011115	0.00120508	0.000476305	0.000475592	0.000768664	0.00327427	0.454698	0.000509473	0.00122457
121	0.0556392	0.0100542	0.17647	0.132281	0.0169668	0.0411886	0.038629	0.00677481	0.0423553	0.0066819	0.00548312	0.118348	0.00293428	0.058681	0.0117019	0.152754	0.071768	0.0199152	0.00278525	0.0285884
122	0.0182963	0.0220021	0.000862244	0.00701597	0.182329	0.00969653	0.136154	0.00897557	0.0010499	0.0306747	0.0105022	0.030541	0.00628239	0.0135257	0.0152028	0.0310318	0.00249442	0.0171553	0.00399666	0.452212
123	0.00245754	0.00175264	0.00174095	0.00128874	0.263165	0.00423688	0.0322496	0.00133281	0.000920429	0.00318817	0.00108543	0.00533063	0.000823978	0.00262386	0.00355806	0.00978188	0.0016963	0.00190573	0.0103385	0.650523
124	0.0698611	0.00138317	0.0607198	0.245281	0.0045019	0.161397	0.017253	0.00917077	0.0440342	0.0177668	0.0131582	0.0360806	0.0106916	0.155219	0.0793408	0.0356793	0.0189092	0.0144745	0.00126025	0.00381694
125	0.00273769	0.00130667	0.0011961	0.00239053	0.0260995	0.0104346	0.00710506	0.00198559	0.00204073	0.0568485	0.0250544	0.00252031	0.00117309	0.00236376	0.00666128	0.021973	0.00631234	0.0025541	0.787405	0.0318383
126	0.0161801	0.00590945	0.0058419	0.0187856	0.00520668	0.00972845	0.0204387	0.00794196	0.354804	0.0134051	0.0120845	0.0275975	0.000694651	0.0304485	0.369188	0.0501728	0.0282657	0.0168915	0.00494096	0.00147433
127	0.0625113	0.000782336	0.08766	0.289569	0.00270775	0.0429002	0.0215808	0.0120621	0.0614589	0.0282393	0.0264332	0.0338742	0.0144333	0.186204	0.0480942	0.039773	0.0177077	0.017361	0.000665977	0.00598203
128	0.101002	0.000524699	0.000779661	0.00647841	0.0128251	0.00352346	0.000583975	0.116276	0.00346046	0.0399748	0.0141523	0.00418641	0.00157092	0.00187965	0.00168642	0.0135602	0.0154767	0.660077	0.00127802	0.000704098
129	0.119085	0.00409439	0.00135897	0.00277839	0.0224532	0.00447916	0.00268038	0.151973	0.00251311	0.0408877	0.018685	0.00779418	0.00320719	0.00410693	0.00305739	0.0592279	0.327528	0.222198	0.00047464	0.00141743
130	0.190652	0.00715887	0.00415511	0.00699055	0.0221273	0.0209433	0.00479793	0.0797019	0.0056834	0.145521	0.0215751	0.00801901	0.0481113	0.00519819	0.00941435	0.0853632	0.105976	0.218395	0.00335904	0.00685751
131	0.0084769	0.000782649	0.000389592	0.000416697	0.0158433	0.000495861	0.00032859	0.436881	0.00052616	0.0651645	0.0266762	0.00143907	0.00136069	0.000494713	0.000651004	0.001195	0.00463461	0.432686	0.000507047	0.0010511
132	0.00184272	0.00104201	0.00176373	0.00113371	0.264196	0.00422567	0.0276356	0.00118875	0.000939682	0.00229215	0.000814018	0.00432306	0.000658887	0.00230496	0.00325493	0.00885398	0.00167597	0.0014382	0.0103936	0.660022
133	0.0928025	0.000881251	0.0208844	0.0441554	0.0114379	0.0246565	0.00206855	0.163958	0.00429495	0.0785561	0.010536	0.0260024	0.00206973	0.00309959	0.00542793	0.0719259	0.0625119	0.369538	0.00057466	0.00461827
134	0.00899197	0.000822924	0.636862	0.0771762	0.0021903	0.0204726	0.01472	0.00339897	0.0154397	0.00443032	0.00250871	0.11865	0.00423233	0.00741753	0.00704031	0.044428	0.0191824	0.00799804	0.000475985	0.00356172
135	0.0139266	0.00134332	0.370987	0.0424447	0.00405478	0.0328056	0.0213178	0.00792266	0.0234648	0.00796056	0.00404293	0.286961	0.00763698	0.00907694	0.0107355	0.0914025	0.0455737	0.00915357	0.000581014	0.00860825
136	0.00886458	0.000504084	0.709874	0.125121	0.000765672	0.00669418	0.0127835	0.00170164	0.0136646	0.00190272	0.00126961	0.0558616	0.00174948	0.00927544	0.00505708	0.0271288	0.0080117	0.00832679	0.000286789	0.00115689
137	0.0182963	0.0220021	0.000862244	0.00701597	0.182329	0.00969653	0.136154	0.00897557	0.0010499	0.0306747	0.0105022	0.030541	0.00628239	0.0135257	0.0152028	0.0310318	0.00249442	0.0171553	0.00399666	0.452212
138	0.00824389	0.000525307	0.00320195	0.00247266	0.000435787	0.938277	0.00427813	0.000711629	0.00514631	0.000876845	0.000593205	0.0058166	0.000415965	0.00105204	0.0143358	0.0103669	0.00128361	0.0010359	0.000224873	0.000705743
139	0.0594271	0.00104441	0.0801696	0.112252	0.0029755	0.046629	0.02484	0.0124512	0.142235	0.017233	0.0130577	0.0998924	0.0189557	0.0722362	0.101981	0.0916008	0.0769509	0.017007	0.00288244	0.00617887
140	0.0865626	0.00641334	0.0402716	0.0226199	0.00740651	0.0733504	0.0160205	0.0295632	0.0258541	0.0106484	0.00845398	0.2608	0.0123999	0.0136258	0.0286833	0.22879	0.0999596	0.0175822	0.00193515	0.00905993
141	0.49327	0.00465986	0.00907051	0.0131735	0.00648527	0.153739	0.00172346	0.0219589	0.00189515	0.00671318	0.0120277	0.00273613	0.00784926	0.00351752	0.00247514	0.124235	0.0590208	0.0721776	0.00168473	0.00158825
142	0.00797654	0.000228057	0.000345413	0.000646651	0.0118064	0.000521169	0.000383082	0.439942	0.000593609	0.0383952	0.0322677	0.00122239	0.0010213	0.000684567	0.000685147	0.00114673	0.00509781	0.455335	0.000537296	0.0011639
143	0.197146	0.0079685	0.041922	0.0297169	0.0164149	0.0297717	0.00971759	0.0456082	0.022783	0.0163345	0.0233805	0.0374797	0.0344459	0.0173401	0.0148886	0.233979	0.169113	0.0295663	0.00243721	0.0199863
144	0.13059	0.00244538	0.00768743	0.0471033	0.0190028	0.0143039	0.00960155	0.0698546	0.00521258	0.0246533	0.012878	0.0357239	0.00555604	0.0116948	0.00607673	0.127767	0.171891	0.245678	0.00143033	0.0508481
145	0.00315953	0.00248134	0.00036702	0.0016389	0.050746	0.0022136	0.00242411	0.0655883	0.000944439	0.734796	0.0681687	0.00131737	0.00500158	0.00112563	0.00603835	0.00410452	0.00525906	0.0375835	0.00284888	0.00419329
146	0.0341391	0.00399078	0.219086	0.0743024	0.00987032	0.0970348	0.0302821	0.00988616	0.0294103	0.0134811	0.0059442	0.215812	0.00659402	0.022042	0.0161548	0.122998	0.0575513	0.0174788	0.00101545	0.0129263
147	0.00514433	0.000339798	0.773689	0.092713	0.000787172	0.00439707	0.0120934	0.00112885	0.00618498	0.00149558	0.00101477	0.0527745	0.00182575	0.00119421	0.00147895	0.0265327	0.008329	0.00769507	0.000294442	0.000887799
148	0.26759	0.00256318	0.0242187	0.260754	0.00530351	0.0240871	0.0290857	0.0102402	0.0603542	0.0146274	0.0340731	0.0150994	0.00763447	0.0685028	0.0701939	0.0326479	0.0274378	0.0381387	0.00198716	0.00546079
149	0.0032884	0.00307708	0.000407213	0.00162051	0.05526	0.00237874	0.00224935	0.0608778	0.000950146	0.738152	0.0679754	0.00155377	0.00470215	0.00138287	0.00597823	0.00450284	0.00439536	0.034086	0.0029126	0.00424981
150	0.322804	0.00238526	0.0282861	0.101893	0.00708085	0.0381566	0.00856515	0.00634111	0.0183393	0.0134351	0.00487518	0.0327758	0.00338449	0.0884035	0.0233037	0.18354	0.0652484	0.0312114	0.00102813	0.018943
151	0.0903817	0.000520552	0.0831267	0.215184	0.00143647	0.0724051	0.0111469	0.0138282	0.0954895	0.0312004	0.0177221	0.0411874	0.0233911	0.116778	0.0661219	0.0597835	0.0378086	0.0186203	0.00152037	0.00234705
152	0.0151476	0.00150386	0.00700441	0.0189806	0.00634141	0.0106056	0.0175108	0.022115	0.358733	0.0120174	0.0244571	0.065077	0.000656807	0.0353327	0.302369	0.0452521	0.0288543	0.0243484	0.000676321	0.00301731
153	0.026934	0.000375665	0.0464234	0.0429656	0.00307898	0.0946832	0.0523032	0.00510758	0.132229	0.00870057	0.016442	0.103142	0.010448	0.0595345	0.277529	0.0726348	0.0252749	0.00601867	0.00469671	0.0114779
154	0.299019	0.0830459	0.014481	0.0238863	0.00450716	0.0499982	0.0158384	0.0056958	0.00369006	0.0625305	0.00368659	0.00414563	0.0288969	0.00583695	0.0274857	0.240967	0.0282344	0.0668189	0.00388664	0.0273491
155	0.0141701	0.00109494	0.0102816	0.0267472	0.00321068	0.0120288	0.0176258	0.0102176	0.356676	0.0109573	0.0171758	0.0379721	0.000392715	0.0508439	0.361386	0.0235825	0.0317193	0.0120187	0.000269732	0.00162939
156	0.0167995	0.00502388	0.00124179	0.00180432	0.0350613	0.00126782	0.000662181	0.375041	0.00141088	0.208684	0.0523589	0.00283063	0.00129262	0.00170594	0.00242644	0.00552832	0.0140266	0.271666	0.000152201	0.00101527
157	0.116107	0.0363465	0.00874631	0.00308425	0.0223995	0.0161572	0.00145072	0.0230812	0.00748993	0.0224271	0.00314393	0.0219038	0.0213431	0.00408227	0.0123667	0.437139	0.197677	0.0347281	0.00415272	0.00617436
158	0.0181813	0.0219136	0.000861245	0.00697846	0.182256	0.00967618	0.135641	0.00896115	0.00105991	0.0305409	0.0104633	0.0304165	0.00625903	0.0134927	0.0151939	0.0309005	0.00247058	0.0170821	0.00401353	0.453638
159	0.0118217	0.00139995	0.00457946	0.0142717	0.0050643	0.0288217	0.0299125	0.00515719	0.223416	0.01164	0.0123877	0.0201678	0.000709436	0.0370216	0.536267	0.0332569	0.0141019	0.00767477	0.00126635	0.0010621
160	0.114703	0.00209065	0.0198173	0.0485603	0.0141195	0.0241389	0.00195706	0.16484	0.00640837	0.0874292	0.0182683	0.0262069	0.00198684	0.00450713	0.00506984	0.0708119	0.0646543	0.317079	0.000605418	0.00674505
161	0.250529	0.00196367	0.00781709	0.0132215	0.0103215	0.0676944	0.00707661	0.0382954	0.0287186	0.0359545	0.0292844	0.0276574	0.205363	0.0301341	0.055515	0.0509294	0.0499743	0.0780914	0.00461041	0.00684844
162	0.0111771	0.00785211	0.00114452	0.000657011	0.0941962	0.00210636	0.000617513	0.306655	0.000587897	0.274441	0.0632825	0.00209509	0.00131777	0.000894781	0.00307751	0.00390433	0.00697545	0.214838	0.000500769	0.00367977
163	0.0677242	0.013863	0.0140289	0.00637882	0.00277612	0.0246923	0.013213	0.00265658	0.0262285	0.00649705	0.00184877	0.0104717	0.322352	0.0252528	0.0646285	0.304596	0.0750508	0.00925841	0.00058664	0.00789664
164	0.113242	0.00180841	0.0075696	0.0097058	0.0199176	0.0169034	0.0245847	0.0577952	0.0214603	0.138847	0.0191552	0.0245152	0.22623	0.0177679	0.0679049	0.0731677	0.0541475	0.084675	0.0125473	0.00805448
165	0.0471195	0.00749768	0.161559	0.129468	0.0116643	0.0432379	0.0412758	0.00583558	0.0751681	0.00546031	0.00647123	0.130801	0.0117346	0.0567556	0.0305725	0.122213	0.0716865	0.020375	0.00326713	0.0178378
166	0.111937	0.00248155	0.041622	0.0538095	0.0105184	0.0228413	0.0100405	0.0504812	0.0642439	0.0524922	0.0274068	0.0509757	0.00739976	0.0388963	0.0332409	0.188735	0.174432	0.0475704	0.00226173	0.00861392
167	0.0178666	0.00271331	0.237726	0.0654867	0.00435109	0.0442416	0.0295614	0.00623793	0.0562224	0.00970319	0.00545913	0.286174	0.00549896	0.0156976	0.0200818	0.127771	0.0412008	0.00988814	0.000766158	0.0133521
168	0.115544	0.000710006	0.00266339	0.060418	0.0207682	0.00316041	0.0017855	0.208955	0.027261	0.096143	0.0914453	0.0162799	0.00182131	0.0180276	0.0104876	0.0253063	0.0312449	0.256391	0.000336024	0.0112519
169	0.00326143	0.00237775	0.000316144	0.00190335	0.0493911	0.00239211	0.00240872	0.0626693	0.00109104	0.740561	0.0678267	0.00141502	0.00490139	0.00113671	0.00613018	0.00449298	0.00530674	0.0355242	0.00278864	0.00410506
170	0.133549	0.00151154	0.0065685	0.0533364	0.0280467	0.00584779	0.00217615	0.190065	0.02813	0.121604	0.0703022	0.0341774	0.0030131	0.0198977	0.0143045	0.0388663	0.0413059	0.178371	0.000986445	0.0279397
171	0.00351246	0.00156225	0.0156137	0.0986867	0.000811969	0.0372065	0.0183557	0.00137525	0.269649	0.0279173	0.0122833	0.0513668	0.000616333	0.158018	0.156702	0.0753586	0.0612088	0.00778612	0.000313447	0.0016556
172	0.142482	0.00500299	0.00262614	0.0116072	0.0270254	0.0090165	0.00122094	0.157147	0.00444653	0.116646	0.0297908	0.00800737	0.00393229	0.00443634	0.0033107	0.046663	0.0861042	0.334988	0.000522577	0.00502481
173	0.105483	0.00552321	0.0417573	0.0401158	0.00889482	0.0368255	0.0177727	0.0239842	0.0823345	0.038535	0.0333393	0.0762566	0.0120972	0.037373	0.0443812	0.226364	0.134827	0.0202784	0.00314452	0.0107136
174	0.113989	0.00107346	0.00259348	0.058191	0.0297187	0.0025254	0.00291372	0.137423	0.0450028	0.153947	0.11013	0.0132135	0.0016606	0.0114359	0.0367636	0.0585049	0.0625386	0.136525	0.000725402	0.0211252
175	0.0906676	0.00152345	0.0781759	0.27037	0.00369537	0.0888621	0.0118258	0.00981334	0.0560046	0.0213289	0.0145301	0.0277392	0.0168755	0.16679	0.0527646	0.036757	0.0234148	0.0239412	0.0012407	0.00367969
176	0.116732	0.0124345	0.0142085	0.00828935	0.00981646	0.0443015	0.00894617	0.0124858	0.0135376	0.00922288	0.00250905	0.015438	0.197972	0.0214935	0.0307316	0.302312	0.161982	0.0108261	0.00214872	0.00461183
177	0.0175463	0.002922	0.00610904	0.0177566	0.00550985	0.0296056	0.0372904	0.00517078	0.174863	0.0166509	0.0117785	0.0185529	0.00673467	0.042208	0.532163	0.0404464	0.0170275	0.0106378	0.00243589	0.00459125
178	0.00632957	0.000131263	0.00027309	0.000420612	0.0139774	0.000429749	0.000325604	0.457466	0.000421955	0.0307624	0.0216248	0.00111557	0.00115959	0.000505546	0.000470543	0.000781013	0.00328471	0.45878	0.00052023	0.00122061
179	0.0103739	0.0147445	0.00130586	0.00142883	0.53065	0.00302952	0.00318703	0.07117	0.000794954	0.142286	0.0351563	0.00125588	0.000698124	0.00141211	0.00390784	0.00460527	0.00251759	0.0769487	0.00143322	0.093094
180	0.0067937	0.000144744	0.000264856	0.000418054	0.0133882	0.000419399	0.000320843	0.440226	0.00044294	0.0311663	0.0210251	0.00111799	0.00105581	0.000612892	0.000483017	0.000829754	0.00309274	0.476466	0.000603833	0.00112713
181	0.0802362	0.000580163	0.000589056	0.00523448	0.011174	0.00341506	0.000642222	0.111282	0.00300726	0.0785326	0.012254	0.00327148	0.00165214	0.00156602	0.00111493	0.0102809	0.010899	0.662288	0.00109875	0.000881661
182	0.0290659	0.00456337	0.0584974	0.0259692	0.0156823	0.0359326	0.192188	0.0157845	0.0440338	0.0560994	0.0105969	0.23409	0.0129678	0.0514444	0.0660129	0.0640204	0.0307965	0.0204126	0.00448765	0.0273549
183	0.237031	0.00804609	0.000712159	0.00197496	0.0211002	0.0133866	0.00082038	0.0756143	0.000988612	0.0474647	0.0322099	0.0035699	0.00297586	0.0033076	0.00114154	0.107847	0.229677	0.210618	0.000383951	0.00113129
184	0.0138012	0.0256355	0.0498735	0.0380184	0.11182	0.0416859	0.0267139	0.00765815	0.00937547	0.0499028	0.0134201	0.119076	0.0175628	0.0756057	0.0622039	0.140146	0.034651	0.0235727	0.00205907	0.137218
185	0.166853	0.00579818	0.0204241	0.0165416	0.0139592	0.0328895	0.013085	0.0187994	0.0139329	0.0135947	0.00403775	0.0145839	0.296866	0.0295056	0.0194162	0.183341	0.121492	0.00858348	0.00215393	0.00414307
186	0.126671	0.00393036	0.0504016	0.0495322	0.013659	0.0252792	0.0201106	0.0260227	0.0602952	0.0314361	0.019875	0.0569599	0.0141176	0.0314488	0.0285802	0.244936	0.155016	0.022874	0.00432123	0.0145326
187	0.117109	0.000700187	0.0029055	0.0603121	0.0217816	0.0033003	0.00170413	0.208085	0.0285574	0.0991385	0.087397	0.0177723	0.00197114	0.0176876	0.011213	0.0270556	0.0331285	0.24734	0.000332849	0.0125068
188	0.497219	0.00511947	0.0099292	0.0144502	0.00780235	0.0596433	0.00194239	0.0299476	0.00398692	0.0210739	0.0170575	0.0041127	0.00812542	0.00494304	0.00377675	0.106513	0.0649703	0.135389	0.00152621	0.00247088
189	0.00414151	0.000868424	0.0404222	0.0549967	0.00171463	0.00585694	0.124456	0.00246466	0.24098	0.0212803	0.00282206	0.0973868	0.00457013	0.156392	0.188731	0.0101268	0.00968261	0.0035381	0.00045588	0.0291131
190	0.0377111	0.000232982	0.070842	0.0577257	0.00148433	0.114996	0.0586125	0.00690817	0.111697	0.00697719	0.00976385	0.151369	0.0161409	0.0634189	0.134408	0.0939715	0.0314059	0.00802492	0.00698835	0.0173217
