326	20
1	0.119996	0.0053487	0.0679724	0.0615348	0.00123386	0.0537253	0.0176961	0.00322483	0.104048	0.0142205	0.0282207	0.0425209	0.202028	0.0610086	0.0600702	0.10648	0.0419963	0.00274167	0.000726325	0.00520707
2	0.0251597	0.00523977	0.00701067	0.00650712	0.00761825	0.00761352	0.0084239	0.1192	0.00754002	0.188872	0.0111227	0.00957034	0.0624851	0.0118134	0.0464929	0.0675958	0.218381	0.153846	0.00252415	0.0329837
3	0.0593348	0.00090552	0.00557803	0.00700218	0.00166593	0.00173141	0.00137242	0.383251	0.0111493	0.414208	0.0121266	0.00196793	0.00107627	0.00187798	0.0104017	0.0195993	0.00854834	0.0561901	0.000548141	0.00146489
4	0.0196767	0.0022943	0.00258803	0.0307358	0.338165	0.00344894	0.081949	0.0509213	0.0398758	0.0256399	0.0324603	0.00629483	0.00210007	0.0312997	0.0255581	0.0217604	0.0206979	0.0123676	0.0845407	0.167626
5	0.0500168	0.00075428	0.145114	0.61004	0.000988517	0.00583747	0.0110493	0.00144676	0.0177108	0.00824045	0.00229578	0.0109124	0.00308385	0.0625566	0.0162159	0.0132713	0.027322	0.0101058	0.000265252	0.00277249
6	0.00975679	0.00212407	0.00971775	0.022809	0.0217123	0.00187473	0.0276167	0.0832267	0.199117	0.271545	0.0443867	0.0280399	0.000966815	0.0507645	0.118723	0.0313612	0.0178668	0.0235152	0.0114863	0.0233891
7	0.053375	0.00336168	0.0881478	0.0202724	0.00276242	0.236288	0.0538591	0.00481972	0.0351375	0.00607134	0.00498271	0.0401267	0.00212692	0.0240473	0.00544774	0.326015	0.0816073	0.00636158	0.0011895	0.00400051
8	0.119083	0.000865142	0.0388565	0.0189882	0.00729672	0.0191366	0.00133541	0.00160444	0.00155068	0.00240176	0.0013428	0.0179434	0.0128714	0.017872	0.00370151	0.631491	0.0882704	0.00226102	0.000426978	0.0127012
9	0.0521436	0.00191683	0.102456	0.545024	0.00231572	0.0152998	0.0144866	0.00288494	0.0294442	0.00870083	0.00326216	0.0119216	0.00361393	0.111651	0.0290529	0.0233272	0.0284295	0.00966371	0.00060707	0.00379905
10	0.0212075	0.00226866	0.00297997	0.0172791	0.0427163	0.0165021	0.0168056	0.0701308	0.00390397	0.32319	0.0709712	0.0409712	0.201124	0.0168134	0.0168608	0.0454767	0.0194511	0.0374219	0.00193892	0.0319861
11	0.0394691	0.000726314	0.146146	0.617647	0.000760086	0.00352115	0.0104231	0.00146282	0.0124334	0.00690418	0.00234156	0.00857461	0.0023719	0.0729675	0.0165947	0.0134365	0.03193	0.00901359	0.000386563	0.00289043
12	0.0681301	0.00893811	0.00141652	0.0016998	0.00810921	0.00372159	0.00165512	0.210135	0.00235622	0.257294	0.0723999	0.00554082	0.00469835	0.00267687	0.00298827	0.00837628	0.064267	0.272418	0.000526407	0.00265241
13	0.0535195	0.0135466	0.00055399	0.000661348	0.011041	0.003126	0.000623634	0.263926	0.00116219	0.177274	0.116911	0.00464328	0.00348448	0.00255547	0.000975886	0.0145966	0.0383609	0.290398	0.00073925	0.00190056
14	0.0265567	0.00235975	0.00961515	0.0152936	0.00294263	0.00716706	0.0108833	0.0149763	0.193514	0.00959807	0.00611891	0.00542757	0.00727737	0.00875751	0.616269	0.0168536	0.0178066	0.00669635	0.00912829	0.0127581
15	0.0224554	0.00548226	0.00602299	0.0101978	0.0648214	0.00990068	0.530351	0.0200104	0.0156866	0.0397713	0.0110682	0.0130073	0.00493118	0.0232883	0.0105922	0.0208057	0.0125424	0.0167856	0.015853	0.146426
16	0.0044227	0.00787506	0.000719715	0.000816483	0.55564	0.000810768	0.00126242	0.00102193	0.00107772	0.0391278	0.00825556	0.00119548	0.000395576	0.00103702	0.000853312	0.00159855	0.00191075	0.00136899	0.000923251	0.369687
17	0.0125908	0.00257766	0.00355599	0.00345238	0.00300013	0.00545083	0.0032902	0.0904523	0.0201873	0.0308951	0.0352373	0.062636	0.0029729	0.0041727	0.004697	0.0564617	0.391385	0.246877	0.000983222	0.0191246
18	0.0609197	0.00837223	0.0672576	0.11026	0.00811904	0.05118	0.0851856	0.00153472	0.149415	0.00153536	0.00122976	0.125229	0.0121224	0.140524	0.0869512	0.0337969	0.030186	0.0129086	0.000323401	0.0129505
19	0.0195738	0.0061407	0.00439513	0.00668923	0.082234	0.00537944	0.0250344	0.16108	0.00740287	0.372244	0.0972565	0.0103259	0.00936452	0.0113462	0.00913994	0.0113953	0.0187046	0.104646	0.00572078	0.0319266
20	0.139928	0.00194871	0.0333176	0.0249795	0.0068665	0.0178029	0.00193547	0.00240203	0.0025963	0.00330139	0.00183557	0.0164189	0.0116152	0.0200257	0.00389059	0.607096	0.0876006	0.00413694	0.000554329	0.0117481
21	0.0167169	0.0015228	0.0125587	0.0586531	0.00193742	0.00244716	0.0501857	0.0131947	0.0376254	0.0238031	0.00263974	0.0818628	0.00161892	0.354094	0.117815	0.0761859	0.119847	0.00436167	0.000712346	0.0222173
22	0.0184477	0.0020291	0.00591739	0.0314589	0.0268879	0.00229618	0.0209795	0.0345143	0.208633	0.237177	0.0801292	0.0506987	0.00132715	0.0668382	0.14456	0.0156536	0.0111767	0.012625	0.0173863	0.0112639
23	0.0685918	0.00284427	0.0241583	0.00703068	0.00784668	0.0192896	0.0225485	0.0223714	0.00450611	0.0128153	0.00411658	0.562006	0.00175667	0.0248002	0.00404743	0.104001	0.0587166	0.0442061	0.000919486	0.00342714
24	0.0115421	0.00171108	0.00195218	0.0157962	0.393397	0.00320301	0.118545	0.0518255	0.0145869	0.0430195	0.0366109	0.00518787	0.00147079	0.014366	0.0192171	0.0115174	0.010918	0.0191525	0.0574347	0.168546
25	0.297186	0.0338697	0.0172445	0.00497991	0.00182026	0.169582	0.0222039	0.00343296	0.00468971	0.00708144	0.00410849	0.0109178	0.00741071	0.00419249	0.00245503	0.333996	0.0682983	0.00390589	0.000663146	0.0019612
26	0.0432705	0.0149367	0.000735605	0.000790184	0.0121447	0.0050984	0.00114614	0.304925	0.00159917	0.175438	0.0606885	0.0055667	0.00393141	0.00317898	0.00359339	0.0110842	0.0388891	0.310118	0.000203685	0.00266156
27	0.016261	0.0141706	0.507477	0.166095	0.00636906	0.0101171	0.0128234	0.00675764	0.0193748	0.0181907	0.018158	0.109979	0.00269602	0.0161194	0.0111607	0.0333777	0.0149465	0.00810571	0.00387409	0.00394651
28	0.0622513	0.00222268	0.0153856	0.0155189	0.0175237	0.0290526	0.0152005	0.0272529	0.0514677	0.143792	0.0159236	0.100811	0.00183425	0.0160486	0.0410172	0.187417	0.211967	0.0415778	0.000894751	0.00284074
29	0.100787	0.00840287	0.0221112	0.0397262	0.00246996	0.0396712	0.171554	0.012643	0.0051114	0.00873595	0.00328584	0.180329	0.00199794	0.105886	0.00319694	0.116355	0.134903	0.0313853	0.00123691	0.0102105
30	0.0580585	0.0282834	0.00307993	0.00355189	0.141314	0.00420172	0.00396882	0.193469	0.00428271	0.130394	0.245632	0.0048056	0.0517271	0.00558697	0.00339209	0.00931299	0.0323087	0.0627222	0.00533619	0.00857237
31	0.0031944	0.00086886	0.00109006	0.00119103	0.356411	0.00138175	0.0147042	0.134146	0.00169154	0.0475566	0.064163	0.00170058	0.000670563	0.00764846	0.00162536	0.00799339	0.00820743	0.124669	0.0008625	0.220225
32	0.0669795	0.00800536	0.012057	0.0124743	0.0133603	0.0872301	0.00988484	0.0126806	0.0164072	0.0234672	0.0128063	0.01458	0.470731	0.0133287	0.011381	0.122161	0.0281038	0.0182916	0.0356696	0.0104013
33	0.0241168	0.00489613	0.00855466	0.0132113	0.0545502	0.0119297	0.025978	0.0759609	0.0229441	0.45456	0.084146	0.0165078	0.006387	0.0541661	0.0193342	0.022337	0.0205769	0.037669	0.00779306	0.0343807
34	0.0124243	0.00279431	0.00665298	0.000273907	0.000255645	0.95038	0.000256948	0.00037696	0.000398088	0.000505159	0.0013271	0.0114741	0.00394587	0.00412417	0.00028187	0.00300036	0.000604753	0.000571307	7.49019e-05	0.000277536
35	0.0598229	0.0126159	0.00813894	0.00433834	0.00313341	0.0164668	0.00450615	0.00714015	0.00223282	0.00393885	0.00168848	0.0270179	0.0146515	0.00425821	0.00294599	0.639893	0.171736	0.0121021	0.000598181	0.00277432
36	0.118128	0.305681	0.0160582	0.020738	0.0249417	0.0503633	0.0171852	0.0420698	0.0272196	0.0392565	0.0318542	0.0277839	0.0140921	0.0172954	0.0223098	0.0584255	0.0451997	0.093449	0.00473926	0.0232104
37	0.0720826	0.00830921	0.0180682	0.0197238	0.0117648	0.0154102	0.0157375	0.0579766	0.0151664	0.0366619	0.0181891	0.0301415	0.00877997	0.0148402	0.015396	0.0632904	0.47032	0.0897316	0.00390463	0.0145056
38	0.0470544	0.0100967	0.00853501	0.00999865	0.0435598	0.014854	0.0127699	0.0822979	0.0268805	0.203445	0.37167	0.0105076	0.00706258	0.0101631	0.0130096	0.0205235	0.0318905	0.0562698	0.00477129	0.0146407
39	0.0224048	0.00335033	0.0151023	0.0251777	0.00347956	0.0075836	0.0110798	0.0270587	0.570275	0.0319502	0.0178954	0.00820498	0.0347857	0.015918	0.136664	0.0171294	0.0177382	0.0210263	0.00240947	0.0107668
40	0.0262145	0.00518797	0.00593397	0.00794167	0.0563358	0.0142888	0.285212	0.014153	0.0146846	0.122218	0.0246837	0.0183323	0.00542385	0.0252782	0.00764678	0.0204243	0.0155297	0.0119849	0.037418	0.281108
41	0.0359171	0.00125601	0.00696229	0.00230651	0.00179198	0.00519155	0.0143984	0.019384	0.00228162	0.00361834	0.00214107	0.802333	0.00109262	0.00712266	0.0035572	0.0555262	0.0208208	0.0117044	0.000564792	0.00202912
42	0.116699	0.00796007	0.00530354	0.00461217	0.0119268	0.0369746	0.00306861	0.00287196	0.00397882	0.00852882	0.00422631	0.0059232	0.659975	0.00293291	0.00256474	0.0784928	0.0288701	0.0104493	0.00284394	0.00179703
43	0.0253157	0.019094	0.0108359	0.0126808	0.0046361	0.00973492	0.0147751	0.0107958	0.300086	0.014457	0.0261152	0.00913816	0.0130126	0.0125114	0.37644	0.042164	0.0431667	0.0418876	0.003887	0.00926557
44	0.0684176	0.00394808	0.0019491	0.00281648	0.0521868	0.0306173	0.00263202	0.277906	0.00404512	0.159121	0.0223682	0.00417884	0.00472099	0.00458772	0.0233887	0.027696	0.0255793	0.265918	0.0017094	0.0162127
45	0.170076	0.0337214	0.0248794	0.0499273	0.00403794	0.036447	0.15636	0.0105109	0.00545964	0.0255224	0.00489487	0.127569	0.00294099	0.0386596	0.00447409	0.103893	0.115538	0.0537768	0.00119822	0.0301138
46	0.0113081	0.00618252	0.35848	0.229778	0.00707707	0.00622312	0.0660706	0.0100135	0.0126497	0.0495308	0.0518453	0.0837231	0.00252607	0.0103807	0.00758796	0.022653	0.0291832	0.00973801	0.0210022	0.00404642
47	0.133708	0.00119708	0.0751637	0.173444	0.0013358	0.0118231	0.0134103	0.0110357	0.173639	0.0275571	0.0199895	0.0314418	0.00128224	0.0553847	0.130477	0.0293624	0.0354721	0.0376901	0.0200009	0.0165856
48	0.171934	0.00307521	0.00104707	0.00129431	0.106321	0.00320583	0.0015848	0.209503	0.0014704	0.0931721	0.111544	0.00160314	0.0123805	0.00708586	0.00181041	0.0161058	0.0323669	0.18701	0.0144093	0.0230755
49	0.673835	0.0275021	0.00154246	0.00109421	0.000573633	0.0551123	0.000754577	0.00341435	0.000979216	0.00167625	0.00587881	0.00121186	0.0101615	0.0032674	0.00123662	0.136963	0.0277247	0.0447505	0.000176361	0.00214485
50	0.273678	0.0036016	0.0287345	0.00678196	0.013563	0.153769	0.00234329	0.00472325	0.0157374	0.00519603	0.0405053	0.0868508	0.00790811	0.0150782	0.0910747	0.182636	0.0361597	0.0281041	0.000696897	0.00285761
51	0.010726	0.000547379	0.0104125	0.0217281	0.0461025	0.01612	0.0475614	0.0603046	0.00563119	0.461291	0.128911	0.0248182	0.00501258	0.0266928	0.0143604	0.0238282	0.0117118	0.0159988	0.0152295	0.0530119
52	0.0678115	0.000712461	0.0713491	0.112089	0.00100341	0.00769937	0.00947485	0.00679532	0.0684531	0.00202533	0.00166399	0.0142941	0.523893	0.0255203	0.0207491	0.0602883	0.00241461	0.00217525	0.000484558	0.00110327
53	0.18531	0.00146405	0.0699007	0.160033	0.00153791	0.0760286	0.0224919	0.0111128	0.0981824	0.0203434	0.0174379	0.0364017	0.0016282	0.0653698	0.105101	0.0493485	0.0126148	0.0247015	0.00444704	0.0365443
54	0.0280308	0.00571677	0.000821305	0.00200198	0.0540661	0.0030623	0.00433944	0.230693	0.001539	0.336103	0.0884654	0.0115687	0.0154204	0.00523382	0.00403401	0.00870893	0.0241989	0.157034	0.00331466	0.0156471
55	0.128179	0.0313409	0.00122304	0.00137893	0.00114704	0.00797495	0.0012697	0.155187	0.00175568	0.0332812	0.0203226	0.00170564	0.00896022	0.00167498	0.0013047	0.121528	0.0876188	0.392259	0.000467041	0.00142089
56	0.109086	0.00435392	0.0249172	0.182049	0.00495956	0.0468445	0.0237651	0.0072349	0.0903031	0.0117916	0.00755151	0.0282038	0.0426524	0.198707	0.102723	0.0431386	0.0515313	0.0113458	0.00131013	0.00753084
57	0.0122137	0.00277752	0.00665846	0.000273909	0.000236006	0.950744	0.000256613	0.000376624	0.000388017	0.000451815	0.00132314	0.0114814	0.00395005	0.00412767	0.000277385	0.00298894	0.000601501	0.000524435	7.49774e-05	0.000273876
58	0.197549	0.052582	0.00287942	0.00340718	0.0372362	0.00995233	0.00296779	0.0753147	0.0089375	0.146736	0.0632041	0.0685411	0.0240077	0.00436451	0.00427543	0.0907696	0.132979	0.0231713	0.0142087	0.0369163
59	0.011534	0.00170826	0.00669898	0.0155108	0.056438	0.0104008	0.0347353	0.0817893	0.00361159	0.468954	0.13477	0.0188102	0.0061373	0.017851	0.00945606	0.0173218	0.0117827	0.0366343	0.010897	0.0449592
60	0.0976981	0.0012829	0.00183166	0.390045	0.00929441	0.0585309	0.0184477	0.00266892	0.0941139	0.0108449	0.00198749	0.00249843	0.00256598	0.158564	0.0793262	0.0574585	0.00691116	0.00327317	0.000729853	0.00192673
61	0.0420098	0.0147181	0.000380073	0.000523629	0.00531566	0.00326883	0.000500908	0.263769	0.000901608	0.222479	0.135048	0.00531345	0.00229739	0.00230283	0.000663457	0.0078674	0.0379816	0.253979	0.000110183	0.000570391
62	0.0186889	0.00975001	0.000548247	0.00290731	0.0635334	0.000682663	0.00318074	0.111317	0.000682831	0.32931	0.382525	0.00076466	0.00104038	0.00488737	0.000662342	0.00119645	0.0145693	0.0416306	0.00397495	0.00814822
63	0.0243602	0.0193882	0.00121581	0.00242609	0.110625	0.00197157	0.00435832	0.17619	0.00344062	0.331221	0.177867	0.00471818	0.0163251	0.00600224	0.00241571	0.00514338	0.021161	0.0753585	0.00431489	0.0114976
64	0.246084	0.0545566	0.00508176	0.0118367	0.00130736	0.0751054	0.00234967	0.0232824	0.224085	0.0350592	0.011508	0.0245198	0.000923982	0.0205563	0.068595	0.124338	0.031588	0.0368909	0.00056606	0.00176601
65	0.0788018	0.00137049	0.0510464	0.630785	0.00105398	0.00339684	0.00396996	0.00967165	0.0720661	0.00729777	0.00208173	0.0101242	0.00245359	0.0103393	0.017118	0.0347751	0.0352154	0.025783	0.00048583	0.0021637
66	0.0347676	0.0120124	0.000426644	0.00058599	0.00560197	0.00328932	0.000564942	0.284959	0.00100479	0.23351	0.140651	0.00605072	0.00276069	0.00274158	0.000494995	0.0059641	0.0360677	0.227697	0.000126386	0.000723487
67	0.354889	0.0572168	0.0106308	0.0058709	0.00232432	0.125975	0.0101023	0.00462818	0.00376065	0.013556	0.00871948	0.0158702	0.0133816	0.00406409	0.0031194	0.272248	0.0807537	0.00983048	0.000711119	0.00234803
68	0.0122137	0.00277752	0.00665846	0.000273909	0.000236006	0.950744	0.000256613	0.000376624	0.000388017	0.000451815	0.00132314	0.0114814	0.00395005	0.00412767	0.000277385	0.00298894	0.000601501	0.000524435	7.49774e-05	0.000273876
69	0.0471416	0.00540573	0.00196307	0.00306827	0.193379	0.00285464	0.00302148	0.0346691	0.00451902	0.347249	0.244139	0.00325645	0.00179076	0.00528087	0.00304898	0.0112288	0.0520213	0.0176677	0.00551641	0.0127784
70	0.239567	0.00378155	0.122013	0.0689011	0.00228793	0.0292865	0.0663932	0.00404047	0.0928422	0.00807139	0.00808701	0.0252141	0.126386	0.0393953	0.027913	0.0714336	0.0433799	0.00470011	0.000727268	0.01558
71	0.476929	0.0108253	0.0477119	0.0559085	0.00171384	0.0691113	0.031031	0.0125765	0.0537012	0.00398364	0.00304671	0.00320299	0.00164332	0.0126424	0.04691	0.0577221	0.0626782	0.0141841	0.012756	0.0217214
72	0.0876455	0.073504	0.00169957	0.00186636	0.0926303	0.0238157	0.00280422	0.145103	0.00213105	0.0120502	0.052576	0.00574671	0.00251649	0.00267923	0.00201145	0.00458574	0.0542439	0.407349	0.000718746	0.0243227
73	0.0469379	0.0145865	0.000725557	0.00108387	0.000701417	0.0140422	0.00317546	0.00641439	0.000721487	0.00123038	0.000709977	0.0244168	0.0142313	0.000831732	0.000728692	0.675429	0.183413	0.00957276	0.000250604	0.000797526
74	0.0221271	0.0169166	0.00121214	0.00255757	0.118877	0.0016015	0.00432885	0.111202	0.00253986	0.353436	0.257975	0.002144	0.00767879	0.00535692	0.00168882	0.00316885	0.0275728	0.0455665	0.00408862	0.00996124
75	0.112256	0.00866302	0.0161732	0.0440699	0.00228369	0.0228999	0.167376	0.0162167	0.00426277	0.00947034	0.00329841	0.13324	0.00178973	0.145589	0.00335145	0.122108	0.142129	0.0343558	0.0011026	0.00936361
76	0.110148	0.00994027	0.00355957	0.0051596	0.0103191	0.00814709	0.00421756	0.0546795	0.00487934	0.0298786	0.00771255	0.00822363	0.372264	0.00503689	0.00708778	0.0992387	0.11907	0.1323	0.0018755	0.00626214
77	0.251517	0.0557251	0.00532231	0.00629285	0.0290148	0.0385782	0.00341843	0.0322786	0.0227285	0.0860256	0.0816626	0.0580206	0.0435917	0.00567455	0.00492124	0.139447	0.0714314	0.0277468	0.00598541	0.0306172
78	0.58756	0.0290763	0.00450077	0.00326765	0.00140848	0.0851218	0.00290682	0.00477803	0.00389473	0.00546087	0.00626537	0.00509274	0.011855	0.00544066	0.00312852	0.164456	0.0371362	0.0354145	0.000580314	0.00265517
79	0.0135933	0.00314157	0.00660661	0.000289346	0.000238988	0.948452	0.000257993	0.000386669	0.000384776	0.000596211	0.00144501	0.0114394	0.00393688	0.00412454	0.000283288	0.00302459	0.000709662	0.000735243	7.49743e-05	0.000279321
80	0.186347	0.01207	0.0132109	0.00765471	0.00328172	0.0258255	0.00321288	0.00415557	0.0019919	0.00321102	0.00199473	0.0177316	0.0115983	0.00679465	0.00197727	0.555658	0.125634	0.0119469	0.000300753	0.00540156
81	0.0976538	0.00280208	0.0233103	0.00637779	0.00391556	0.00477034	0.317184	0.00768637	0.00543649	0.00683287	0.0050382	0.0280722	0.00251065	0.399092	0.00511979	0.0538815	0.0154465	0.00890378	0.00145355	0.00451258
82	0.0321733	0.00544477	0.00630639	0.000428609	0.000305855	0.920943	0.000332925	0.000729467	0.000488788	0.00182746	0.00252857	0.0109191	0.00395126	0.00411649	0.000366264	0.00381753	0.0013188	0.00333829	9.35495e-05	0.000569594
83	0.0400684	0.00682475	0.0117988	0.0569876	0.026142	0.00956077	0.0113883	0.201089	0.0198369	0.302573	0.0733487	0.0125389	0.0102363	0.0129865	0.0193518	0.0208435	0.0294978	0.116486	0.00393929	0.0145013
84	0.0215203	0.00197783	0.00242548	0.00403481	0.354395	0.00403308	0.0161972	0.0290301	0.00840835	0.306786	0.0437356	0.00441112	0.00151353	0.00824378	0.00481347	0.00574969	0.0125112	0.0151416	0.0505684	0.104503
85	0.410418	0.0395341	0.00278263	0.00526218	0.0125773	0.00769314	0.00199363	0.0352607	0.00394656	0.0204426	0.00970136	0.00730305	0.00353182	0.00560543	0.00421121	0.102923	0.208409	0.115627	0.00047436	0.00230258
86	0.238987	0.0202822	0.00775895	0.00893973	0.00729037	0.2071	0.00679417	0.0328659	0.0251014	0.071189	0.0423999	0.0488601	0.0329926	0.0381542	0.0155452	0.136165	0.0317304	0.0181686	0.00223354	0.00744146
87	0.0369078	0.0128072	0.000397282	0.000544464	0.00507379	0.00345519	0.000545554	0.266099	0.00094973	0.240207	0.149146	0.00556268	0.00266783	0.0024681	0.000525475	0.00630374	0.0364712	0.228975	0.000152768	0.000740043
88	0.101773	0.00170115	0.00292299	0.0151888	0.0125285	0.00851395	0.0052756	0.00953383	0.0218467	0.344799	0.339379	0.00354815	0.00162306	0.0152335	0.031783	0.0408985	0.0141636	0.0257601	0.000845922	0.00268186
89	0.03772	0.0132113	0.000415116	0.00054299	0.00432561	0.00361269	0.000504891	0.265626	0.000905185	0.236795	0.150306	0.00547311	0.00217975	0.00239723	0.000479491	0.00652466	0.0374209	0.230863	0.000110965	0.000585724
90	0.175487	0.00253865	0.00111391	0.00112827	0.125326	0.00354103	0.00106374	0.246695	0.00135215	0.0700842	0.0954324	0.00138206	0.0109481	0.00448748	0.00159092	0.0195553	0.0285723	0.17687	0.0112155	0.0216154
91	0.0349692	0.00188279	0.017637	0.0253003	0.00353878	0.0146809	0.0245477	0.0112411	0.355679	0.0169643	0.0114417	0.00778784	0.0210688	0.0168502	0.337213	0.038679	0.0396495	0.00728372	0.00328047	0.0103044
92	0.21376	0.0285181	0.025316	0.0339985	0.00148231	0.0650753	0.0113379	0.0142931	0.229717	0.024873	0.0104616	0.0268887	0.0289498	0.0280136	0.0731032	0.130347	0.0267916	0.0223338	0.000489265	0.00425035
93	0.111466	0.00428961	0.00607324	0.0134745	0.189913	0.0126507	0.0338429	0.015852	0.068764	0.0431799	0.0172823	0.0136303	0.00321759	0.0171542	0.0114833	0.0158035	0.0196191	0.0123613	0.131424	0.258518
94	0.00429795	0.000862209	0.00155733	0.00575927	0.0748324	0.00166239	0.802118	0.0246012	0.0036017	0.0270851	0.00199898	0.00182213	0.000930274	0.0158779	0.00345028	0.00326357	0.00342137	0.00985998	0.00775942	0.00523864
95	0.0612665	0.00808518	0.0702208	0.111098	0.00854119	0.0503613	0.0874579	0.00137942	0.154458	0.00136513	0.0010462	0.121481	0.012921	0.146035	0.0726696	0.033951	0.0312586	0.0135697	0.000324422	0.0125102
96	0.0127344	0.00159081	0.0066797	0.00840322	0.00194763	0.00553416	0.00816997	0.0243645	0.572551	0.0271989	0.0149947	0.00500272	0.0443344	0.0111855	0.202807	0.0135512	0.0142574	0.014375	0.00141359	0.0089038
97	0.00554432	0.0128921	0.145816	0.020592	0.00180922	0.00249399	0.039423	0.00278299	0.112405	0.0033929	0.00217198	0.125695	0.00124005	0.00258541	0.181977	0.0623205	0.253	0.0122014	0.00068369	0.0109745
98	0.0120337	0.00262257	0.0224998	0.200359	0.0032281	0.00473978	0.00413249	0.0808433	0.152996	0.00684282	0.00451216	0.023776	0.00218403	0.0414379	0.0656387	0.00763856	0.156461	0.164394	0.00164494	0.0420145
99	0.0288159	0.00705765	0.000664593	0.000792617	0.0375508	0.000830741	0.000772281	0.450289	0.0022055	0.0822668	0.104725	0.00220804	0.00146619	0.00190179	0.00117778	0.00194011	0.00596509	0.268366	0.000214141	0.000790457
100	0.0377477	0.000739137	0.00366298	0.00475632	0.00164691	0.00128695	0.00195002	0.330637	0.00762172	0.505423	0.0201075	0.00153535	0.00125413	0.00168047	0.00699382	0.0122367	0.00608167	0.0530848	0.000467221	0.00108582
101	0.0499926	0.0401624	0.000604101	0.000613882	0.0161234	0.00109116	0.00175091	0.335013	0.0021729	0.0585791	0.0164095	0.00121949	0.00139966	0.00450656	0.00432134	0.00200898	0.0268389	0.436193	0.000182465	0.000816668
102	0.10378	0.00468362	0.00516675	0.00803275	0.0134114	0.00985568	0.00474779	0.0206269	0.00731156	0.0216202	0.00739823	0.00797296	0.549462	0.0059121	0.00611259	0.0486876	0.0882319	0.0781046	0.00281396	0.00606746
103	0.0941009	0.00245327	0.277646	0.15908	0.0258254	0.00432295	0.0250266	0.0349671	0.044312	0.0309854	0.00664673	0.0444116	0.00165586	0.044545	0.00554841	0.0490075	0.0611163	0.0834296	0.000996257	0.00392297
104	0.131226	0.0053114	0.00947261	0.0083534	0.0387891	0.00905009	0.0069099	0.0102112	0.00812986	0.0392836	0.0107248	0.0116682	0.00566719	0.010342	0.00788344	0.321423	0.314838	0.0141649	0.00200889	0.0345426
105	0.275341	0.0173163	0.0135767	0.00749863	0.00362723	0.0442569	0.00651107	0.00590238	0.00455087	0.00559648	0.0042361	0.014718	0.0106921	0.0077794	0.00482619	0.455533	0.0946	0.0172289	0.00071324	0.00549546
106	0.00646947	0.00113193	0.00227913	0.00631114	0.0695647	0.00235523	0.796647	0.0233733	0.00497931	0.0249151	0.00266421	0.00293184	0.00131357	0.0168186	0.00464526	0.0043519	0.00536655	0.00991433	0.00734971	0.0066174
107	0.0183152	0.003098	0.00714288	0.0014811	0.00101675	0.880706	0.000563039	0.0010187	0.00160398	0.00184723	0.00180403	0.011371	0.0516374	0.00439226	0.000909834	0.00815312	0.00212848	0.00168902	0.000537079	0.000584501
108	0.0630041	0.0122851	0.0093546	0.00403321	0.00171321	0.0309402	0.00585179	0.00554878	0.00297379	0.00273056	0.00174106	0.0244078	0.0134138	0.00498079	0.00361844	0.631839	0.170282	0.008518	0.000358758	0.00240535
109	0.0316885	0.00383925	0.215877	0.0859463	0.00540435	0.0164462	0.0316194	0.0110876	0.0337524	0.00996703	0.00592366	0.349224	0.00432009	0.0511559	0.0346388	0.0563152	0.0320404	0.013244	0.00159112	0.00591886
110	0.0429842	0.00138683	0.00215921	0.00229153	0.0280833	0.0092667	0.00228158	0.00702023	0.0028739	0.0120368	0.00414733	0.00312564	0.808511	0.00250682	0.00219249	0.0269667	0.0178497	0.0184926	0.00314884	0.00267437
111	0.60227	0.030223	0.00458949	0.00356834	0.00129958	0.0762408	0.00329453	0.00482191	0.00601873	0.0055295	0.00695902	0.00467405	0.0120162	0.00472941	0.00389918	0.152535	0.036803	0.0372776	0.000667841	0.0025837
112	0.0469379	0.0145865	0.000725557	0.00108387	0.000701417	0.0140422	0.00317546	0.00641439	0.000721487	0.00123038	0.000709977	0.0244168	0.0142313	0.000831732	0.000728692	0.675429	0.183413	0.00957276	0.000250604	0.000797526
113	0.672157	0.0275696	0.00160861	0.00111756	0.000593787	0.0551455	0.000778501	0.00344392	0.000965177	0.00170859	0.00585084	0.00123333	0.0102305	0.0032609	0.00124217	0.137546	0.0285657	0.044672	0.000175636	0.00213448
114	0.517218	0.00228595	0.00203116	0.00324058	0.00184566	0.00255262	0.0276601	0.0139564	0.037372	0.00354947	0.00216499	0.0215491	0.0020916	0.0198044	0.0114329	0.135411	0.13912	0.0538846	0.000853989	0.00197526
115	0.0269444	0.0100016	0.000634598	0.00278259	0.0675252	0.000894574	0.00501631	0.114396	0.000761713	0.318701	0.34883	0.0015004	0.00302317	0.00638065	0.0011021	0.0018849	0.0183553	0.0579995	0.00457747	0.00868751
116	0.375694	0.182258	0.00314201	0.00320013	0.00257117	0.106234	0.00290785	0.0192646	0.0214659	0.0513675	0.00966324	0.0468565	0.00240874	0.00394432	0.00369934	0.0287684	0.0119159	0.119885	0.000949374	0.00380453
117	0.0131722	0.00276156	0.00664003	0.000331097	0.000271194	0.946109	0.000395284	0.000389411	0.000391113	0.000936155	0.00136177	0.0118638	0.00459166	0.00449359	0.000299328	0.00402358	0.000889215	0.000619041	0.000135498	0.000325123
118	0.0044227	0.00787506	0.000719715	0.000816483	0.55564	0.000810768	0.00126242	0.00102193	0.00107772	0.0391278	0.00825556	0.00119548	0.000395576	0.00103702	0.000853312	0.00159855	0.00191075	0.00136899	0.000923251	0.369687
119	0.0376571	0.00133736	0.168912	0.177739	0.0016174	0.001878	0.00264697	0.00348739	0.270284	0.00542266	0.0118545	0.0204046	0.000823299	0.060333	0.07717	0.0305371	0.0898758	0.0321769	0.00283636	0.00300746
120	0.127568	0.0312473	0.00119552	0.0013805	0.00117049	0.00781148	0.00127725	0.156759	0.00175789	0.0344815	0.0201587	0.00173533	0.00911842	0.00161088	0.00130958	0.119722	0.0882219	0.391523	0.00051124	0.00143986
121	0.0171947	0.00162298	0.0136983	0.0339002	0.00216977	0.00284759	0.0022194	0.282666	0.0507374	0.0154817	0.0134227	0.00272466	0.00155092	0.0321787	0.0626628	0.00485475	0.00460102	0.452657	0.000729459	0.00207917
122	0.0485941	0.00134332	0.0526564	0.208722	0.00154304	0.0262003	0.0020488	0.00287727	0.0118029	0.00342198	0.010624	0.0955829	0.0123308	0.0536935	0.0205619	0.123816	0.2404	0.0620267	0.000759274	0.0209957
123	0.0368386	0.0243834	0.000646346	0.000612171	0.0158755	0.00168735	0.00157613	0.349677	0.00266857	0.0818568	0.0149417	0.002492	0.00238208	0.00484324	0.00494379	0.00309816	0.0219599	0.428167	0.000230534	0.00111932
124	0.126391	0.00504092	0.0457147	0.0667718	0.0015185	0.0469281	0.0231032	0.0117195	0.222519	0.0171755	0.0115507	0.0198805	0.149636	0.0213957	0.108446	0.0709499	0.0324678	0.00701127	0.00064998	0.0111299
125	0.00514763	0.000549107	0.30024	0.136619	0.00066481	0.0182485	0.0635983	0.00418907	0.0613345	0.00511731	0.000870806	0.131246	0.000489599	0.0622261	0.103769	0.0659167	0.0310464	0.001393	0.000228837	0.00710561
126	0.0127928	0.00276599	0.0067207	0.000303412	0.000239825	0.946605	0.000414981	0.000576333	0.000642126	0.000621054	0.00152977	0.0121263	0.00392455	0.00420754	0.000339161	0.00398629	0.000699647	0.000780539	7.48626e-05	0.000649417
127	0.0369238	0.0706389	0.032902	0.0563568	0.0319592	0.0395536	0.0147865	0.0711001	0.00386013	0.147693	0.109901	0.0803913	0.00148713	0.00464032	0.139186	0.0207696	0.069372	0.0318632	0.00102956	0.0355856
128	0.0244323	0.00770914	0.000467735	0.00061426	0.0140892	0.00198903	0.000782528	0.325078	0.00150026	0.242261	0.1064	0.00917373	0.0108914	0.00497453	0.00119704	0.00519455	0.0304779	0.209234	0.000762122	0.00277164
129	0.00939786	0.00464909	0.619757	0.0306218	0.00320107	0.00580179	0.0176427	0.00488012	0.010959	0.00980407	0.00814149	0.144348	0.00204424	0.00843779	0.00451707	0.0821246	0.0231594	0.00582283	0.00164361	0.00304682
130	0.00964077	0.00320587	0.000749936	0.00193284	0.0405366	0.00107856	0.00423888	0.213217	0.00136579	0.40323	0.103392	0.00704278	0.0272334	0.0044201	0.00451056	0.00760362	0.0152576	0.132074	0.00463668	0.0146324
131	0.105431	0.00336794	0.300992	0.36875	0.00405372	0.0319349	0.0066838	0.00135419	0.0390296	0.00972044	0.00164012	0.0382923	0.0125052	0.0319751	0.00447808	0.00981655	0.00990539	0.0155879	0.000219958	0.00426172
132	0.125509	0.00174955	0.284385	0.17545	0.0213088	0.00406191	0.0209314	0.0317309	0.0560241	0.0358047	0.00548729	0.0318093	0.00164885	0.0461876	0.00569333	0.0452851	0.0383523	0.0646548	0.000846482	0.00308015
133	0.00880406	0.00290777	0.00164529	0.00232087	0.26533	0.00225833	0.0057104	0.0686861	0.0146811	0.396571	0.0329588	0.00327311	0.00134768	0.0178043	0.00218316	0.00542051	0.0165998	0.0582859	0.0108002	0.082411
134	0.0318181	0.00113942	0.0263803	0.0753912	0.00207904	0.0113153	0.0263039	0.0138319	0.469227	0.00709249	0.0045421	0.00363873	0.00737759	0.0113947	0.24867	0.0230073	0.0275141	0.00371844	0.00122435	0.00433324
135	0.00514763	0.000549107	0.30024	0.136619	0.00066481	0.0182485	0.0635983	0.00418907	0.0613345	0.00511731	0.000870806	0.131246	0.000489599	0.0622261	0.103769	0.0659167	0.0310464	0.001393	0.000228837	0.00710561
136	0.0245532	0.0023371	0.00394033	0.00331729	0.00278601	0.00384873	0.00289624	0.10418	0.00795863	0.0397316	0.0106495	0.0184937	0.00287069	0.00373371	0.00438785	0.0181501	0.557313	0.180574	0.00126305	0.00701547
137	0.624655	0.0279264	0.00348853	0.00298846	0.00235136	0.052151	0.00324394	0.00736619	0.00448899	0.00432624	0.00655583	0.00427578	0.0114127	0.00424213	0.00288652	0.145613	0.0435698	0.0451013	0.000740164	0.00261639
138	0.302658	0.0620637	0.0024642	0.00262081	0.00325272	0.46775	0.00284793	0.00444542	0.00335418	0.0251927	0.0232959	0.00451582	0.00211029	0.00332938	0.00433748	0.0139312	0.0101296	0.0558588	0.000624324	0.00521741
139	0.0106975	0.00397756	0.000711373	0.0015887	0.0455364	0.000887791	0.00396897	0.217322	0.0013438	0.404739	0.10987	0.00654756	0.0191445	0.00468557	0.00361223	0.00579666	0.0143742	0.129749	0.00362045	0.0118268
140	0.0682323	0.0115047	0.00127535	0.00253805	0.0890945	0.00213356	0.00308697	0.161007	0.00121488	0.225681	0.266285	0.00288614	0.00823625	0.00548051	0.00160782	0.00694178	0.0221358	0.102226	0.00697458	0.011458
141	0.022603	0.00631812	0.000596821	0.000764599	0.0240394	0.00147336	0.000947008	0.384379	0.00197495	0.181996	0.119823	0.00377385	0.00340247	0.00256474	0.000900584	0.00294745	0.013996	0.225929	0.000395802	0.0011744
142	0.218981	0.0156709	0.0113547	0.0110482	0.0117181	0.0213475	0.0113005	0.0325649	0.0137007	0.0272332	0.0141076	0.0178814	0.0119943	0.0145194	0.0107757	0.0830352	0.386022	0.0740114	0.00292213	0.00981141
143	0.146636	0.112422	0.0119797	0.014278	0.0208613	0.024267	0.0273587	0.0287069	0.02149	0.0294043	0.0250233	0.150049	0.00637902	0.0118335	0.0180769	0.0339931	0.0405296	0.204313	0.00291056	0.0694886
144	0.0396051	0.00110276	0.00260361	0.00364852	0.0165033	0.00886224	0.00215351	0.00391342	0.003482	0.00908109	0.001802	0.00295569	0.832191	0.0021914	0.00215142	0.0286134	0.0172611	0.0165458	0.00298608	0.00234698
145	0.0783414	0.00479693	0.0232285	0.0300019	0.00527233	0.0150516	0.00390348	0.00501662	0.00362374	0.00481137	0.00284667	0.0707299	0.0107666	0.0126808	0.00400388	0.622141	0.0863499	0.0067452	0.000879899	0.00880803
146	0.054746	0.00871977	0.158373	0.0653031	0.0113397	0.0208598	0.0202205	0.0236937	0.0394624	0.0239408	0.0156218	0.0525269	0.0114245	0.0271731	0.0400308	0.0672408	0.297569	0.0430157	0.00367856	0.0150598
147	0.0585886	0.0828824	0.00136356	0.00176235	0.0417204	0.00476088	0.00869024	0.214969	0.00249419	0.0924263	0.0193875	0.00414972	0.00214371	0.00322432	0.00381423	0.00398797	0.0374866	0.40968	0.000495846	0.00597197
148	0.0141911	0.0033473	0.00660256	0.000317932	0.000282377	0.946611	0.000538896	0.000451242	0.000414744	0.000652041	0.00156106	0.0113911	0.00393943	0.00410901	0.00037935	0.00303141	0.000644132	0.0010531	7.95888e-05	0.000402675
149	0.0223886	0.00537619	0.000881027	0.00122907	0.0211596	0.00124792	0.00116745	0.385774	0.0044217	0.214905	0.0916777	0.00541955	0.00538044	0.00339228	0.00188583	0.00386321	0.0157095	0.211795	0.000540985	0.00178485
150	0.0198723	0.00127765	0.00121441	0.001791	0.701718	0.00239292	0.0195758	0.00317538	0.00194901	0.0431628	0.00515043	0.0139841	0.000884181	0.00290983	0.00215541	0.00262692	0.0092989	0.00302999	0.0256623	0.138169
151	0.0158825	0.00606899	0.454412	0.244269	0.00598643	0.00731577	0.0145926	0.00719313	0.0171601	0.0210014	0.0260634	0.0972828	0.00277308	0.0136121	0.0066656	0.0305913	0.0132486	0.00752424	0.00549982	0.00285745
152	0.104441	0.00774515	0.0728179	0.0876301	0.000961669	0.0433985	0.0240375	0.00311971	0.15129	0.00994902	0.01216	0.0294069	0.157793	0.0408485	0.103665	0.110691	0.0323008	0.00175466	0.000403858	0.0055855
153	0.00514763	0.000549107	0.30024	0.136619	0.00066481	0.0182485	0.0635983	0.00418907	0.0613345	0.00511731	0.000870806	0.131246	0.000489599	0.0622261	0.103769	0.0659167	0.0310464	0.001393	0.000228837	0.00710561
154	0.0276463	0.00835511	0.000622597	0.000727129	0.0305123	0.00101442	0.000696677	0.433775	0.00206962	0.0970118	0.0970349	0.00280812	0.00182725	0.00209227	0.00116011	0.00246185	0.0100426	0.27922	0.000202291	0.000720042
155	0.0842387	0.00138556	0.0221399	0.102016	0.0016558	0.0230332	0.020623	0.0747757	0.191069	0.0936277	0.0310449	0.00291933	0.0526544	0.0252701	0.0809522	0.0232805	0.0445681	0.121138	0.000738581	0.00286878
156	0.048768	0.000632122	0.0893278	0.657426	0.000620538	0.00486949	0.00899347	0.00261274	0.0323258	0.0129209	0.00171566	0.00596778	0.00415792	0.0443489	0.0257826	0.0133964	0.0289046	0.0148934	0.000275657	0.00206012
157	0.0315035	0.00733238	0.000678527	0.000820832	0.0392366	0.000895657	0.000765788	0.447791	0.00227224	0.0793772	0.102777	0.00214742	0.00156004	0.00210844	0.00122062	0.0020218	0.0063118	0.269681	0.000379647	0.00111896
158	0.426731	0.0600949	0.00171587	0.00880029	0.0107531	0.0199746	0.00154942	0.0271127	0.0021687	0.0189393	0.0129248	0.00762252	0.003604	0.00996288	0.00876434	0.172849	0.142097	0.0619505	0.000667119	0.00171777
159	0.138597	0.000544179	0.157029	0.283145	0.000897923	0.0298394	0.00150196	0.0018771	0.130569	0.002353	0.00629364	0.0346963	0.000567761	0.0641928	0.0866736	0.047031	0.00816411	0.00322488	0.000557232	0.00224476
160	0.0705776	0.000792634	0.00698416	0.00844174	0.00109457	0.00135766	0.00131326	0.379864	0.0138203	0.407149	0.0142274	0.00171435	0.000717941	0.00173806	0.0134898	0.0169799	0.0096093	0.0483864	0.000456881	0.00128534
161	0.0458284	0.0220631	0.000421504	0.000515347	0.00872827	0.00205385	0.000836621	0.296806	0.0013737	0.163712	0.0809891	0.0032608	0.00194612	0.00284908	0.00196444	0.00559721	0.0334795	0.326842	0.000116145	0.000617173
162	0.0367044	0.00612276	0.0235959	0.0300146	0.0270133	0.0152456	0.342023	0.016283	0.154414	0.025962	0.0129503	0.0247304	0.0121448	0.0278317	0.131738	0.0394978	0.0324547	0.0160423	0.00476013	0.0204711
163	0.141406	0.000569209	0.155743	0.286104	0.000944249	0.0307231	0.00153954	0.00193053	0.127237	0.00236035	0.00610215	0.0358102	0.000602364	0.0643611	0.0845609	0.0473576	0.00707853	0.00273145	0.000483617	0.0023554
164	0.254687	0.0533131	0.00296766	0.0185509	0.00278219	0.00406024	0.0658213	0.00529127	0.0454394	0.00662034	0.0196069	0.109403	0.00219016	0.00471549	0.052866	0.0223973	0.0382816	0.284428	0.00103021	0.00554795
165	0.0208732	0.00515171	0.452916	0.155112	0.003535	0.0211905	0.0246746	0.00532603	0.0341928	0.0125766	0.00976754	0.113844	0.00290419	0.030257	0.035243	0.0422832	0.017896	0.00600583	0.00187155	0.00437894
166	0.647943	0.0292344	0.00155415	0.00107532	0.000671366	0.0966024	0.000872132	0.00336005	0.00110141	0.00318414	0.00707437	0.00131005	0.00901359	0.00312601	0.00115961	0.120507	0.0254307	0.0444249	0.000176892	0.00217851
167	0.0119899	0.00323138	0.0033678	0.00479374	0.214512	0.00426735	0.00553359	0.0676162	0.0389035	0.421107	0.0200806	0.0057955	0.00249943	0.0413564	0.00492941	0.0086269	0.0282182	0.0413746	0.008617	0.0631797
168	0.045233	0.0335583	0.000933729	0.000950279	0.0234507	0.00480609	0.00168876	0.206588	0.00135798	0.21449	0.119237	0.0136521	0.00405214	0.00291368	0.00142898	0.00642052	0.039241	0.274831	0.000525622	0.00464107
169	0.0456047	0.0775528	0.0119039	0.015772	0.009392	0.0690952	0.104642	0.0179929	0.0249998	0.0242004	0.018463	0.0305441	0.0121543	0.0192654	0.0149168	0.0972501	0.0295065	0.0797071	0.00413426	0.292903
170	0.0778693	0.141272	0.0118205	0.0170463	0.0176151	0.0623644	0.0100423	0.0632149	0.0109933	0.0855239	0.189937	0.0618497	0.00816883	0.00953878	0.0341072	0.0319335	0.0359018	0.0276738	0.00324721	0.0998801
171	0.0149271	0.00512083	0.620409	0.0833157	0.00475027	0.0111285	0.0116274	0.0053274	0.0197399	0.012418	0.00980383	0.0988816	0.00220216	0.0144065	0.00923882	0.048241	0.0160748	0.0078776	0.00155502	0.0029544
172	0.0184322	0.00318618	0.00768513	0.00513949	0.00199032	0.892771	0.00187189	0.00185774	0.00218596	0.00315152	0.00278928	0.0123679	0.00541728	0.0210819	0.00176281	0.00856377	0.00460416	0.00215953	0.000973736	0.00200794
173	0.619739	0.0284493	0.00536215	0.00446289	0.00284881	0.0553152	0.00394891	0.00816534	0.00575228	0.00692825	0.0081093	0.0063145	0.0117461	0.00548244	0.00552604	0.12374	0.0443091	0.0472783	0.000949655	0.00557233
174	0.0357573	0.001749	0.00731613	0.00268918	0.00176204	0.00530136	0.0147707	0.0178058	0.00229772	0.00334153	0.00254787	0.803364	0.00149767	0.00760736	0.00359401	0.0547534	0.0197975	0.0110121	0.000936064	0.00209968
175	0.109335	0.00334023	0.00313782	0.00608442	0.153691	0.00600624	0.00382228	0.0108658	0.00580233	0.322502	0.267114	0.00460886	0.0018473	0.00522884	0.00808155	0.0263734	0.0452692	0.0117678	0.00147671	0.00364503
176	0.035739	0.00159626	0.00828193	0.00345675	0.00209218	0.00520722	0.015983	0.0167314	0.0046868	0.00362231	0.00250298	0.801267	0.00152518	0.0089481	0.00501404	0.0503103	0.0189436	0.010842	0.000502428	0.00274782
177	0.28295	0.0119048	0.0102471	0.0115377	0.00492454	0.270384	0.00561814	0.00881479	0.0111363	0.0513163	0.013757	0.0237684	0.102232	0.0198564	0.00869326	0.10835	0.029158	0.0161343	0.0024395	0.00677795
178	0.0150548	0.00419379	0.000650993	0.00108246	0.0232467	0.0014157	0.00130406	0.376494	0.00183637	0.244352	0.0739135	0.017843	0.0106923	0.00804824	0.0017637	0.00409145	0.025478	0.183161	0.00104646	0.00433124
179	0.0192456	0.00989624	0.000549106	0.00273887	0.0625074	0.000673587	0.00331498	0.112358	0.000703202	0.333923	0.375667	0.000704485	0.000836102	0.00469013	0.000667863	0.00116751	0.0141376	0.0446238	0.0038763	0.00771993
180	0.0122137	0.00277752	0.00665846	0.000273909	0.000236006	0.950744	0.000256613	0.000376624	0.000388017	0.000451815	0.00132314	0.0114814	0.00395005	0.00412767	0.000277385	0.00298894	0.000601501	0.000524435	7.49774e-05	0.000273876
181	0.033857	0.0019755	0.00270041	0.0162163	0.00265518	0.00323482	0.0167108	0.0628167	0.266223	0.0605825	0.00388202	0.0177724	0.00174756	0.0584972	0.132022	0.00631011	0.0203539	0.152837	0.0556251	0.0839813
182	0.291816	0.0205014	0.00522827	0.00179294	0.00932575	0.0125557	0.00439967	0.0256124	0.00569068	0.0246523	0.0189782	0.00530892	0.00103571	0.00576884	0.00237408	0.0222203	0.211063	0.321327	0.000603812	0.00974406
183	0.0325014	0.00251373	0.0235388	0.0254506	0.00347016	0.0137967	0.023395	0.010512	0.344334	0.0169916	0.0113906	0.0125147	0.0191684	0.018095	0.32991	0.0415816	0.0488613	0.00870361	0.003289	0.00998215
184	0.121085	0.00957682	0.00402399	0.0046401	0.0098962	0.00723506	0.00414122	0.0509657	0.00615479	0.039622	0.00977491	0.00585366	0.339802	0.00486039	0.00588638	0.0758414	0.100196	0.194118	0.00148091	0.00484582
185	0.244729	0.0468465	0.00667354	0.0145151	0.00151581	0.0768883	0.00601546	0.0208293	0.214385	0.0367063	0.0112927	0.0239835	0.00146341	0.0218086	0.0729238	0.125418	0.0311106	0.0381965	0.000612365	0.00408569
186	0.0317319	0.00483596	0.423016	0.21643	0.0165411	0.00598856	0.0135082	0.0207149	0.0339132	0.0301593	0.0234253	0.0657421	0.00244404	0.0270835	0.0121172	0.0242296	0.0177272	0.0238108	0.00402396	0.00255758
187	0.0490596	0.0210404	0.000973489	0.00265421	0.0893838	0.00185081	0.0037346	0.128565	0.00140516	0.266492	0.315072	0.00191793	0.00818844	0.00487205	0.00160075	0.00408618	0.0197141	0.0626631	0.0083906	0.00833644
188	0.0122137	0.00277752	0.00665846	0.000273909	0.000236006	0.950744	0.000256613	0.000376624	0.000388017	0.000451815	0.00132314	0.0114814	0.00395005	0.00412767	0.000277385	0.00298894	0.000601501	0.000524435	7.49774e-05	0.000273876
189	0.130858	0.0389254	0.00162838	0.00181664	0.11307	0.0196763	0.00200087	0.184546	0.00207107	0.0306672	0.0623882	0.00404328	0.00518045	0.003331	0.002522	0.0103981	0.0395119	0.321696	0.00405155	0.0216177
190	0.0141522	0.00632727	0.613057	0.0906651	0.00468876	0.00909194	0.0118301	0.00550001	0.0183673	0.0133481	0.0114556	0.0998767	0.00188556	0.0154695	0.00893895	0.0445897	0.0166768	0.00831285	0.0019268	0.00383968
