222	20
1	0.0581423	0.0158507	0.00328876	0.00609484	0.171392	0.00636944	0.0241711	0.0702562	0.00607044	0.32631	0.00950965	0.00657076	0.0331956	0.0167408	0.00530852	0.0500926	0.0483034	0.123785	0.0101529	0.00839508
2	0.0581159	0.0158369	0.00328967	0.00609207	0.17141	0.0063592	0.0242059	0.0701943	0.00608886	0.326289	0.0094898	0.00655992	0.0331607	0.0167483	0.00533413	0.0501751	0.0483169	0.123785	0.0101575	0.00839072
3	0.0581423	0.0158507	0.00328876	0.00609484	0.171392	0.00636944	0.0241711	0.0702562	0.00607044	0.32631	0.00950965	0.00657076	0.0331956	0.0167408	0.00530852	0.0500926	0.0483034	0.123785	0.0101529	0.00839508
4	0.0581423	0.0158507	0.00328876	0.00609484	0.171392	0.00636944	0.0241711	0.0702562	0.00607044	0.32631	0.00950965	0.00657076	0.0331956	0.0167408	0.00530852	0.0500926	0.0483034	0.123785	0.0101529	0.00839508
5	0.0583033	0.0158823	0.00331095	0.00601701	0.170842	0.00649416	0.0240515	0.0709049	0.00604928	0.325289	0.00949174	0.00656866	0.0331935	0.0165719	0.00535313	0.0502215	0.0487674	0.124109	0.0101837	0.00839473
6	0.0821487	0.00300414	0.0532678	0.0283324	0.0308967	0.0536691	0.0310734	0.0135969	0.0328179	0.0206723	0.00734355	0.039396	0.0218975	0.0186602	0.0323802	0.362059	0.116964	0.0410779	0.0027696	0.00797253
7	0.129162	0.000366763	0.0338933	0.132161	0.00737531	0.0327619	0.00104731	0.0755621	0.0591433	0.0362942	0.0184904	0.0612392	0.001601	0.0381791	0.040348	0.102301	0.138466	0.0862184	0.00336755	0.00202215
8	0.293894	0.000751316	0.023792	0.0114456	0.0200764	0.0219262	0.0183232	0.0400911	0.0871949	0.0796907	0.00981553	0.0104956	0.0073599	0.0316259	0.0610462	0.111635	0.05637	0.096158	0.0015235	0.0167852
9	0.0753061	0.00614213	0.0455648	0.0678754	0.0358451	0.0265618	0.0797866	0.0293958	0.0393726	0.0815411	0.0189582	0.0272239	0.0319717	0.0987439	0.115505	0.0719528	0.0505531	0.0629351	0.00474293	0.0300217
10	0.272766	0.00179859	0.0100667	0.0081416	0.0796934	0.0101143	0.0111686	0.0881998	0.0448702	0.0913174	0.00903188	0.00843018	0.00683502	0.0314565	0.0202454	0.0694663	0.0249226	0.175299	0.0027624	0.0334141
11	0.0221131	0.000299902	0.00113448	0.00249025	0.0185791	0.00290926	0.000858338	0.233669	0.00138669	0.395592	0.029708	0.00148949	0.00274137	0.00214343	0.00490965	0.00326793	0.0098298	0.261217	0.00350716	0.00215321
12	0.0148389	0.000707949	0.0127201	0.0528093	0.0189571	0.00318723	0.00247641	0.250365	0.0400153	0.0485586	0.0273693	0.00392762	0.0144504	0.00327075	0.0132484	0.0625373	0.107562	0.296144	0.00179458	0.0250598
13	0.097923	0.00343014	0.016304	0.0195889	0.0107179	0.0676796	0.0162855	0.00443324	0.0305142	0.0157505	0.00317555	0.0335342	0.0269587	0.0060323	0.0149176	0.456147	0.136666	0.0366032	0.00097451	0.00236465
14	0.0948917	0.00155794	0.0403333	0.0467111	0.012279	0.179564	0.0147864	0.0439897	0.0461532	0.0411968	0.0207111	0.0375968	0.0197302	0.0842384	0.0718184	0.13172	0.050565	0.0419858	0.00693884	0.0132329
15	0.163016	0.00688865	0.00205539	0.00468068	0.00522375	0.00993863	0.00168527	0.114963	0.00326017	0.0842826	0.0744011	0.0267694	0.00950171	0.00355779	0.00425585	0.111575	0.223367	0.147392	0.000978467	0.00220752
16	0.0122296	0.000747523	0.0023023	0.00298103	0.272977	0.0019599	0.00913637	0.0194109	0.00355959	0.00987266	0.00421541	0.00792093	0.00214165	0.00348658	0.00446515	0.00814848	0.0125683	0.0392493	0.00162875	0.580999
17	0.00997493	0.00201061	0.00157338	0.0029428	0.268047	0.00115148	0.000896883	0.12208	0.00125688	0.32952	0.0914396	0.00366417	0.00212711	0.0033057	0.00147506	0.00639873	0.0115682	0.116417	0.00832894	0.0158218
18	0.146465	0.00709567	0.00222911	0.00461717	0.0050544	0.00528848	0.00191652	0.125229	0.00373	0.0892967	0.0788379	0.0266149	0.00951819	0.0034639	0.00434065	0.102059	0.224614	0.156012	0.00102718	0.00258982
19	0.0521306	0.000618173	0.100211	0.112787	0.0140404	0.0142372	0.0183749	0.0376999	0.082219	0.0190732	0.0125915	0.041948	0.0452751	0.0887677	0.107559	0.0885396	0.0682992	0.0788415	0.00395776	0.0128292
20	0.0172328	0.000191322	0.000800856	0.0051644	0.0674486	0.000739301	0.000703085	0.379831	0.00094748	0.160076	0.0441903	0.000934322	0.00531293	0.00318468	0.00177472	0.00487292	0.00683775	0.292342	0.00283769	0.00457879
21	0.0997063	0.00158792	0.0363759	0.0427093	0.0277021	0.0906472	0.0118396	0.0178371	0.0703837	0.0333981	0.0138375	0.0499877	0.0139754	0.0318059	0.0600189	0.245388	0.0807572	0.0274044	0.00732772	0.0373095
22	0.0183594	0.000197144	0.00076045	0.00530884	0.0527307	0.000806404	0.000790214	0.377269	0.0010223	0.172276	0.0367335	0.00098032	0.0060399	0.00308866	0.00213276	0.0047062	0.00655063	0.302511	0.0032279	0.00450874
23	0.0666401	0.000785289	0.0379411	0.0105231	0.00369937	0.637072	0.00748358	0.00714588	0.0130985	0.00773889	0.00413824	0.0559787	0.0058305	0.00785743	0.0239859	0.0765802	0.0139399	0.0161414	0.000987877	0.00243253
24	0.0354423	0.000798124	0.029347	0.0253757	0.00583245	0.00547769	0.0121824	0.0122207	0.0257359	0.0100747	0.00488254	0.0476907	0.00713394	0.027873	0.0362474	0.195398	0.47126	0.038351	0.00471599	0.00396046
25	0.145353	0.00413967	0.00993547	0.0197569	0.00891801	0.046844	0.0105694	0.0182109	0.03735	0.0333976	0.0135995	0.0160534	0.386711	0.0267349	0.0308087	0.0755673	0.0650285	0.042176	0.00221904	0.00662655
26	0.0432471	0.00940119	0.00577296	0.00955886	0.178037	0.007301	0.0400796	0.0517618	0.011132	0.247984	0.012128	0.00933539	0.0300375	0.0417373	0.0280673	0.0690038	0.0419541	0.097951	0.0183676	0.047143
27	0.0329171	0.000426177	0.00184609	0.00338912	0.0124157	0.00878714	0.00127538	0.144322	0.00190414	0.524191	0.0438452	0.00351523	0.00141024	0.00213523	0.00473523	0.00588595	0.0156009	0.186326	0.00301191	0.00205932
28	0.0421158	0.000961163	0.0021677	0.00968984	0.05057	0.00306739	0.00257809	0.328219	0.00550452	0.155882	0.0408067	0.00439081	0.00841168	0.00452939	0.00434164	0.0206143	0.0266965	0.277963	0.00410463	0.00738577
29	0.0406327	0.000475749	0.0048459	0.00703474	0.062277	0.01351	0.00123109	0.254579	0.0111609	0.172767	0.101937	0.00263127	0.0443556	0.00901316	0.0024512	0.0070935	0.0140186	0.241946	0.00164473	0.00639451
30	0.0395871	0.000994326	0.432747	0.0782754	0.00664809	0.0553803	0.0108054	0.0100465	0.0244851	0.0107878	0.00849423	0.112542	0.0230313	0.0356964	0.0215825	0.076318	0.022842	0.0218212	0.00181313	0.00610217
31	0.0870239	0.00316974	0.00631276	0.00706388	0.00433377	0.00778017	0.00338428	0.0576384	0.00817567	0.0364965	0.0327875	0.0242762	0.00601374	0.00614482	0.00939061	0.17747	0.446426	0.0704962	0.00344448	0.00217135
32	0.0747661	0.000574289	0.0385971	0.0143491	0.00298408	0.615207	0.0080015	0.00725625	0.0155878	0.00678624	0.00390316	0.0536916	0.0125933	0.00904449	0.025644	0.0775603	0.0141032	0.01601	0.00103486	0.00230602
33	0.102742	0.00643811	0.0209083	0.0238292	0.0109566	0.0864512	0.0146063	0.00818143	0.0314671	0.0208354	0.00550177	0.0344063	0.023523	0.00930999	0.018329	0.408165	0.129067	0.0401961	0.00131192	0.00377411
34	0.0757277	0.00321974	0.270033	0.0808881	0.00537239	0.0823725	0.0167719	0.00953509	0.0345696	0.0156281	0.00823432	0.082571	0.058205	0.0458941	0.0372796	0.104331	0.0401827	0.0192519	0.00332846	0.00660473
35	0.0236923	0.00025604	0.00139036	0.00176011	0.0118266	0.00394994	0.000818353	0.178339	0.00137894	0.490479	0.0347006	0.00181382	0.00152021	0.0015673	0.00408428	0.00312133	0.0115651	0.22244	0.00373082	0.00156539
36	0.136948	0.00979322	0.00282923	0.00475908	0.00487423	0.00574385	0.00221422	0.124241	0.0041954	0.0844931	0.0678479	0.0343603	0.0125643	0.00434929	0.00484271	0.11419	0.241694	0.135995	0.00131119	0.00275387
37	0.0298181	0.00431265	0.00661151	0.00933978	0.233977	0.00687868	0.0120766	0.0816278	0.0145039	0.241284	0.0410152	0.0132085	0.012688	0.0168494	0.0189786	0.0446853	0.0398915	0.0867261	0.0397672	0.0457599
38	0.0238567	0.000264361	0.00143545	0.001665	0.0100683	0.00409909	0.000848928	0.169133	0.00146391	0.504621	0.0344715	0.00181785	0.0014091	0.00147338	0.00406901	0.00308292	0.0120597	0.218773	0.00391993	0.0014677
39	0.0825712	0.00397361	0.0661076	0.0722796	0.0196779	0.0442566	0.0165656	0.0343148	0.047081	0.0323298	0.0163006	0.0707904	0.0281797	0.0888685	0.0537991	0.118643	0.134023	0.0497745	0.005656	0.0148071
40	0.0517747	0.577943	0.00984855	0.0112987	0.0108326	0.0399209	0.00784748	0.0162309	0.0133461	0.0228844	0.0109133	0.0124078	0.00803763	0.0102445	0.0126441	0.094184	0.0491435	0.0298694	0.00380308	0.00682523
41	0.210276	0.00101353	0.0194478	0.0716696	0.0111439	0.00870363	0.00511243	0.0122913	0.123118	0.0954404	0.0226225	0.00898548	0.00323274	0.127543	0.0477188	0.124592	0.0492182	0.048599	0.00203197	0.00723918
42	0.011377	0.000536331	0.00176522	0.00241265	0.276754	0.00183614	0.00842631	0.0168359	0.00230815	0.00438538	0.00236232	0.00784403	0.00168109	0.0024685	0.00307582	0.00485614	0.0105558	0.0364669	0.000834507	0.603218
43	0.121112	0.000225001	0.0906782	0.114695	0.00221399	0.0430136	0.0315764	0.00585388	0.0596641	0.0171131	0.00631664	0.0402469	0.101299	0.0771207	0.080411	0.105893	0.0681258	0.0272179	0.00510974	0.00211429
44	0.111249	0.000461297	0.0963959	0.101533	0.0048046	0.0565156	0.0251714	0.0105685	0.0563569	0.0185291	0.00710195	0.0467913	0.0829389	0.0734098	0.0718377	0.125128	0.0724078	0.0268748	0.00543855	0.00648683
45	0.0978982	0.0046525	0.012572	0.0147745	0.0107638	0.0598878	0.018134	0.00390188	0.0338591	0.0157194	0.00277621	0.0319826	0.0294223	0.00229619	0.0133157	0.466936	0.140517	0.0384677	0.000506833	0.00161632
46	0.118063	0.000288898	0.103119	0.0980191	0.00386217	0.0981174	0.02554	0.00583466	0.048673	0.0157995	0.00628428	0.0599527	0.0555389	0.0598517	0.0579833	0.145372	0.0691269	0.0149639	0.00370909	0.00990073
47	0.131641	0.000251818	0.0477034	0.0701079	0.00195525	0.0349839	0.0232599	0.0056072	0.0504214	0.0191775	0.00854336	0.0242992	0.282122	0.0538303	0.063308	0.0850453	0.0655341	0.0263766	0.00321649	0.0026154
48	0.122101	0.000312697	0.0796667	0.0810403	0.00707464	0.102667	0.0228801	0.00827361	0.0583054	0.0238669	0.00813111	0.0627336	0.0293956	0.0618063	0.0567398	0.177455	0.0657175	0.0128525	0.0059683	0.0130123
49	0.0950527	0.00315314	0.0228087	0.023733	0.0148419	0.0692627	0.0154551	0.0152163	0.0333415	0.0250284	0.00808991	0.0352656	0.0253884	0.013279	0.0236631	0.37526	0.146055	0.0450914	0.00269865	0.00731531
50	0.0939385	0.00382493	0.0106708	0.0122457	0.0114191	0.0631572	0.0164547	0.0026236	0.0291707	0.0149424	0.00198358	0.0325287	0.0247499	0.00115371	0.0111699	0.492529	0.139649	0.0363122	0.00040352	0.00107357
51	0.0375883	0.000636342	0.0100617	0.00599991	0.00228026	0.00173345	0.00488657	0.00854411	0.0105887	0.00954863	0.00485079	0.0286921	0.0024973	0.00650668	0.0139282	0.221472	0.593048	0.0296569	0.00586863	0.00161184
52	0.011377	0.000536331	0.00176522	0.00241265	0.276754	0.00183614	0.00842631	0.0168359	0.00230815	0.00438538	0.00236232	0.00784403	0.00168109	0.0024685	0.00307582	0.00485614	0.0105558	0.0364669	0.000834507	0.603218
53	0.131938	0.00166756	0.0120196	0.0326529	0.00671337	0.0516206	0.00615909	0.0184354	0.101973	0.0252578	0.0202042	0.043657	0.0071779	0.0284608	0.0883112	0.278382	0.094149	0.0334648	0.00558963	0.012165
54	0.124362	0.000601461	0.0641635	0.0880833	0.00432997	0.0626029	0.0185618	0.0113176	0.0685051	0.0214325	0.0101099	0.0409769	0.0666576	0.0628253	0.070686	0.164022	0.0840587	0.023811	0.00566942	0.00722325
55	0.049251	0.60832	0.00840411	0.0113657	0.0133182	0.0355345	0.00719448	0.0165888	0.0122686	0.0257507	0.0117002	0.0103284	0.00757445	0.0100792	0.0126897	0.0759359	0.0434204	0.0292577	0.00381352	0.00720451
56	0.062288	0.000756525	0.0281104	0.0725548	0.00842631	0.0193946	0.0116572	0.0686652	0.106732	0.0935883	0.0716456	0.00572551	0.0138818	0.0623169	0.110627	0.0425171	0.037168	0.166164	0.00136046	0.0164201
57	0.0151669	0.00214088	0.00421958	0.00483159	0.259836	0.00310532	0.00978835	0.025663	0.00527834	0.0179237	0.00781504	0.0089974	0.00349736	0.00622525	0.00737915	0.00973225	0.014043	0.0433178	0.00167086	0.549368
58	0.0940954	0.00146243	0.0363353	0.115182	0.0619038	0.00987552	0.00947274	0.0233821	0.0707877	0.0509109	0.0325752	0.0313069	0.0054815	0.167831	0.0718733	0.077011	0.0503952	0.060167	0.00269628	0.0272548
59	0.109998	0.002174	0.0142252	0.0118247	0.0770641	0.0105344	0.0544966	0.14376	0.0223946	0.0491966	0.0263064	0.0137891	0.0082745	0.0261745	0.0280325	0.0308765	0.026786	0.177776	0.0127555	0.153561
60	0.134349	0.000677668	0.0496575	0.0584903	0.00685073	0.073556	0.0116106	0.0279751	0.048752	0.0572088	0.0341275	0.0423985	0.011769	0.0699692	0.0716735	0.179007	0.057681	0.0348548	0.0164415	0.0129506
61	0.0185561	0.000630361	0.00395934	0.0055121	0.254433	0.00492441	0.0108006	0.0228313	0.0056967	0.0112483	0.00549267	0.0093599	0.00295433	0.00708753	0.00834144	0.0141727	0.0164966	0.0425539	0.00193794	0.553011
62	0.0870926	0.00310257	0.0160637	0.0214833	0.0106945	0.0499384	0.0124338	0.0129205	0.0293573	0.01878	0.00650645	0.0324873	0.0209721	0.0105689	0.0192253	0.373492	0.225715	0.0429081	0.00219121	0.00406636
63	0.0307105	0.00105543	0.00334652	0.0141191	0.180236	0.0037527	0.00583411	0.0600066	0.0326831	0.086398	0.0218229	0.0321624	0.00848998	0.0145683	0.0467347	0.143649	0.0974813	0.103784	0.0173641	0.0958022
64	0.0428274	0.000782528	0.0097899	0.00634995	0.00296901	0.00650945	0.0056657	0.007993	0.011599	0.00991618	0.00464214	0.0282598	0.00437041	0.00572305	0.0135205	0.244931	0.556732	0.0306215	0.00533494	0.00146332
65	0.051881	0.000711354	0.0183724	0.0580971	0.0756346	0.00707236	0.00633251	0.0524006	0.0806103	0.0471073	0.0390777	0.0346538	0.00635832	0.0500584	0.0941993	0.102949	0.104587	0.108923	0.00693535	0.0540388
66	0.0736043	0.00102555	0.0353691	0.0132667	0.00371172	0.564319	0.00862407	0.00686605	0.0175926	0.0080818	0.00418893	0.0518079	0.00750479	0.00963564	0.0250514	0.123362	0.0243902	0.0176025	0.00145349	0.00254278
67	0.037506	0.00121391	0.147985	0.205274	0.0363528	0.00664926	0.0249561	0.0507672	0.0315004	0.0130159	0.00857788	0.0603383	0.00948075	0.0370256	0.0628683	0.0435191	0.0757813	0.113507	0.00313994	0.0305415
68	0.00739532	0.00372385	0.00105656	0.00144309	0.354744	0.00105899	0.000867733	0.0539907	0.00133697	0.403273	0.059875	0.00464069	0.0015626	0.00329849	0.00148064	0.00478742	0.0109139	0.0500166	0.0124658	0.0220688
69	0.413475	0.000819364	0.00288353	0.015882	0.0152974	0.0922087	0.00280039	0.0332771	0.0054209	0.021229	0.0115016	0.00513793	0.00732136	0.00529017	0.00839543	0.140708	0.0787837	0.135511	0.00121561	0.00284193
70	0.0270058	0.000426829	0.0032335	0.0225447	0.116121	0.00349334	0.00561255	0.0534731	0.0573504	0.0813398	0.03722	0.0241922	0.00772874	0.0202194	0.0676233	0.124533	0.118937	0.111046	0.0151801	0.102719
71	0.0218546	0.000649971	0.536211	0.084931	0.00341523	0.0349564	0.00644068	0.00483489	0.0190884	0.00493095	0.00691406	0.130116	0.0205991	0.0309542	0.0115484	0.0567239	0.00647516	0.0160253	0.000959634	0.00237093
72	0.0411806	0.000697584	0.011236	0.00680202	0.002731	0.00511369	0.00593778	0.00819139	0.0123471	0.0103471	0.00452664	0.0305959	0.00349369	0.00673401	0.0152683	0.235106	0.562015	0.0307289	0.00537834	0.00156913
73	0.0178669	0.000602725	0.00134077	0.00502303	0.10844	0.000998519	0.00122102	0.297688	0.00145629	0.201512	0.0741676	0.00154397	0.00538531	0.00311044	0.00165343	0.00742372	0.0119316	0.249775	0.00289481	0.00596544
74	0.0380228	0.000645025	0.0102762	0.00605497	0.0023367	0.00183175	0.00498328	0.00846577	0.0107131	0.00966375	0.00473733	0.029437	0.00252648	0.00672645	0.0142576	0.221649	0.590065	0.0300211	0.00599013	0.0015967
75	0.00983984	0.00403716	0.00112849	0.0017603	0.340367	0.00120406	0.00182863	0.0585188	0.00155039	0.399205	0.0588112	0.00454592	0.00308488	0.00391502	0.00164603	0.00664021	0.0127044	0.056277	0.0119015	0.0210343
76	0.0149818	0.000270272	0.00228203	0.00503014	0.124449	0.00137702	0.000677553	0.271138	0.00173885	0.206427	0.103597	0.00196078	0.00663555	0.00316363	0.00139388	0.00780701	0.0118031	0.225758	0.00249305	0.00701723
77	0.231982	0.00106488	0.00230401	0.0324213	0.0157607	0.0975703	0.00190662	0.0448579	0.00408931	0.0418534	0.0229006	0.00392976	0.0171066	0.00926534	0.00702408	0.158612	0.144438	0.160212	0.000903682	0.00179751
78	0.0125392	0.000451363	0.00220267	0.00427406	0.155372	0.00108239	0.000708091	0.240041	0.00140035	0.22679	0.108696	0.00225286	0.00409032	0.00278728	0.00136843	0.00719478	0.0113058	0.206029	0.00326978	0.00814476
79	0.0702259	0.00059279	0.0360291	0.00991952	0.00454524	0.63683	0.00764468	0.0085599	0.0136792	0.00829224	0.00430563	0.0552075	0.00493856	0.00662281	0.0238842	0.0738765	0.0119743	0.0187034	0.00106796	0.00310094
80	0.0599285	0.58306	0.00826941	0.0114867	0.0143883	0.0365209	0.00797803	0.0176042	0.0125192	0.0281839	0.0120808	0.0108905	0.0081848	0.011173	0.0133736	0.0762772	0.04463	0.0321879	0.00349603	0.00776742
81	0.0978072	0.00262932	0.0210228	0.0189584	0.00918907	0.207971	0.0125588	0.00707242	0.0261852	0.0157832	0.0050623	0.0362007	0.017927	0.00856819	0.018698	0.349298	0.105334	0.035304	0.00136951	0.00306012
82	0.0288815	0.00290769	0.0569444	0.0206801	0.154021	0.0121716	0.0869164	0.0240723	0.0172752	0.0263988	0.0151855	0.118083	0.0095521	0.0240721	0.165172	0.113798	0.030867	0.0742071	0.00544754	0.0133479
83	0.108757	0.000810796	0.0750496	0.0568712	0.00817763	0.0739962	0.0188296	0.0204084	0.0526192	0.0324834	0.0200014	0.0548068	0.0147319	0.0493102	0.0730214	0.21785	0.0579365	0.0183036	0.0214155	0.0246194
84	0.165481	0.00221041	0.0400515	0.0507943	0.00943392	0.10973	0.0124429	0.0358423	0.044372	0.0265357	0.0140867	0.0541456	0.0158133	0.0337115	0.0407901	0.206239	0.0758636	0.0455798	0.00585511	0.0110212
85	0.118625	0.000462416	0.0875244	0.0757771	0.00644414	0.115673	0.0198933	0.00828318	0.0466911	0.0201015	0.00954771	0.0659985	0.0247204	0.0506397	0.0496999	0.202251	0.0654636	0.00980865	0.00641471	0.015981
86	0.0705496	0.00114397	0.0408376	0.0120538	0.00328778	0.628218	0.00759015	0.00655354	0.014005	0.00645066	0.0033099	0.0559983	0.00426901	0.00793408	0.0242887	0.0809856	0.0134899	0.0161264	0.000908106	0.00200015
87	0.0180274	0.000219269	0.000993991	0.00458322	0.0646541	0.00115353	0.000705955	0.341966	0.00104688	0.217116	0.0467168	0.00110028	0.00463509	0.00294646	0.00215773	0.00479357	0.00789563	0.272136	0.00285752	0.00429459
88	0.0221581	0.000372653	0.00269375	0.00390121	0.0619292	0.00380522	0.000819747	0.183367	0.0018402	0.415429	0.0782175	0.00261939	0.00347451	0.00259611	0.00267867	0.0050869	0.0124351	0.188606	0.00279045	0.00517927
89	0.11312	0.000706903	0.0341845	0.0160007	0.00481552	0.538676	0.00780152	0.00990294	0.0156953	0.0100927	0.00530689	0.0475801	0.00833141	0.0115323	0.0244378	0.0918963	0.0256362	0.0294913	0.00148318	0.00330837
90	0.0327098	0.00253871	0.00211315	0.00381231	0.0638542	0.00468522	0.00444819	0.180838	0.00251227	0.398573	0.0453308	0.00284473	0.0076097	0.00437847	0.0035692	0.0125832	0.0184911	0.2	0.00430759	0.00479999
91	0.136581	0.00151618	0.018987	0.0183319	0.00919921	0.333925	0.00861329	0.0142129	0.018171	0.0172303	0.00739433	0.0310983	0.0116471	0.00777789	0.0195426	0.204264	0.0750008	0.0627034	0.00121576	0.00258842
92	0.114997	0.000824424	0.0264186	0.0354756	0.0101119	0.0524624	0.0105132	0.0243337	0.134957	0.0620251	0.0266304	0.0148921	0.0828304	0.106736	0.123697	0.0667465	0.0385865	0.044722	0.0184388	0.00460077
93	0.0833952	0.00682448	0.0297128	0.0171139	0.0058058	0.408122	0.0102536	0.00741045	0.0224922	0.0115664	0.00492394	0.0446161	0.0115521	0.00920264	0.0236976	0.217815	0.0556204	0.0243946	0.00156516	0.003916
94	0.169091	0.000298266	0.00158958	0.0118955	0.0019226	0.0479478	0.00809746	0.00582627	0.0434422	0.0244558	0.00654723	0.0134309	0.448918	0.0234062	0.0316244	0.0625978	0.0631774	0.0304247	0.000697103	0.00460994
95	0.0227315	0.000983089	0.0158329	0.00847801	0.0806176	0.00767114	0.00355132	0.179542	0.00965045	0.274208	0.119375	0.0162402	0.017832	0.00673146	0.00727194	0.0129308	0.0211676	0.167048	0.00490011	0.023237
96	0.123306	0.0030301	0.0194515	0.0275052	0.0109766	0.0702924	0.0143358	0.014697	0.036656	0.0241885	0.00943516	0.032356	0.0303849	0.0149562	0.0253888	0.359148	0.128723	0.0473394	0.00263858	0.00519098
97	0.00752765	0.00381683	0.00107175	0.00147229	0.353134	0.00110848	0.000923986	0.055511	0.00135257	0.401595	0.0603108	0.00460021	0.00164034	0.00333736	0.00148764	0.00492622	0.0110336	0.0509798	0.0123408	0.0218297
98	0.192908	0.000491756	0.00210145	0.0134555	0.00257682	0.0490726	0.00739071	0.00997234	0.0338704	0.0205014	0.0102238	0.0149767	0.402882	0.020691	0.0227943	0.0715297	0.0763751	0.0426812	0.000820598	0.00468428
99	0.0939385	0.00382493	0.0106708	0.0122457	0.0114191	0.0631572	0.0164547	0.0026236	0.0291707	0.0149424	0.00198358	0.0325287	0.0247499	0.00115371	0.0111699	0.492529	0.139649	0.0363122	0.00040352	0.00107357
100	0.0836773	0.00199402	0.110429	0.0746248	0.0160903	0.061723	0.0217525	0.0261794	0.0419834	0.0327726	0.0175119	0.0822153	0.0301878	0.113146	0.0527913	0.109795	0.063864	0.041319	0.00498017	0.0129633
101	0.0268042	0.000250334	0.00164559	0.00211465	0.0191722	0.00456277	0.000875151	0.159322	0.00152609	0.518304	0.0467693	0.00199361	0.00119649	0.00166099	0.00328223	0.00355672	0.0133121	0.188449	0.00305411	0.00214832
102	0.104332	0.00255719	0.0120656	0.0443258	0.0107086	0.0422312	0.00533451	0.0406381	0.10995	0.0254582	0.0261965	0.0322158	0.00747626	0.0234135	0.0818444	0.2238	0.131955	0.0488325	0.00474916	0.0219154
103	0.0209186	0.00224451	0.00428408	0.00590827	0.225849	0.00830793	0.00512798	0.154949	0.00536195	0.246159	0.0616943	0.00774262	0.00594087	0.00797493	0.00861478	0.0187983	0.0224827	0.130147	0.00886114	0.0486335
104	0.121054	0.00316416	0.011894	0.0186163	0.0114375	0.0695912	0.0141465	0.00702795	0.0277443	0.0174339	0.0042166	0.0295474	0.0224113	0.00497306	0.0133814	0.439083	0.135015	0.0465748	0.000798974	0.00188843
105	0.0121781	0.000606772	0.00203503	0.00282359	0.274564	0.00184328	0.0088431	0.0195561	0.00339669	0.0127533	0.00459145	0.00822739	0.00180994	0.00318222	0.00424799	0.0076976	0.0128311	0.0388693	0.0016067	0.578336
106	0.0506616	0.585882	0.00933931	0.0121434	0.0106754	0.052626	0.00755591	0.0164425	0.0132722	0.0220682	0.011622	0.0123138	0.00782505	0.010262	0.0140392	0.0796653	0.0441561	0.0291743	0.0035529	0.00672246
107	0.0080495	0.00374607	0.0010749	0.00150455	0.348956	0.00110946	0.00101272	0.0575759	0.00141206	0.398628	0.0614819	0.00452137	0.00190807	0.00338748	0.00153539	0.00536394	0.0114306	0.0536437	0.0121462	0.0215119
108	0.0939385	0.00382493	0.0106708	0.0122457	0.0114191	0.0631572	0.0164547	0.0026236	0.0291707	0.0149424	0.00198358	0.0325287	0.0247499	0.00115371	0.0111699	0.492529	0.139649	0.0363122	0.00040352	0.00107357
109	0.0753821	0.000752284	0.0381958	0.0147617	0.00314369	0.581188	0.00821536	0.0064782	0.017407	0.00691131	0.00395041	0.0542028	0.00534349	0.0112536	0.0297271	0.10692	0.0173677	0.01396	0.00160595	0.00323309
110	0.0298109	0.000625245	0.00298553	0.0212101	0.12402	0.00519447	0.0050344	0.0473091	0.0546608	0.0708304	0.0234569	0.0192438	0.0141769	0.0160783	0.0582305	0.146704	0.129931	0.0848251	0.0279984	0.117674
111	0.0269256	0.000264123	0.00169225	0.00196409	0.0122994	0.00481199	0.000873565	0.155807	0.00149817	0.532439	0.0426951	0.00202373	0.00116191	0.00163215	0.00345934	0.00312208	0.0127064	0.189445	0.00320903	0.00197036
112	0.0255571	0.00102746	0.119308	0.124829	0.0199796	0.00547531	0.0135638	0.0809605	0.063022	0.0111667	0.00863874	0.0491406	0.0133204	0.0786977	0.103483	0.0849627	0.0742733	0.0895797	0.00311513	0.029899
113	0.0223793	0.00289581	0.00311527	0.00690442	0.190032	0.00303512	0.00574191	0.206427	0.00547825	0.225242	0.0612813	0.00570225	0.00856727	0.00661401	0.00519608	0.0285233	0.0247111	0.162635	0.0085302	0.0169881
114	0.0615437	0.000615369	0.0388983	0.00704359	0.00222665	0.68273	0.00644809	0.00467082	0.0115142	0.00382774	0.0023322	0.0630085	0.00188209	0.00454869	0.0225744	0.06753	0.0056847	0.0107708	0.000723375	0.00142716
115	0.113829	0.000342115	0.112061	0.0857296	0.00521515	0.12985	0.019775	0.00583021	0.0395691	0.0148262	0.00603733	0.0804081	0.0290854	0.0483062	0.0463164	0.171953	0.0636189	0.00695312	0.00393662	0.0163586
116	0.228246	0.000772538	0.0147634	0.0168819	0.0147275	0.0154775	0.02002	0.0351179	0.101353	0.0614857	0.0238196	0.0240235	0.00547407	0.0587521	0.0775567	0.121965	0.0353942	0.120069	0.00221855	0.0218819
117	0.0245735	0.00055963	0.00286933	0.0158804	0.156797	0.00310465	0.00784055	0.0494329	0.0430378	0.0806742	0.0239168	0.0213292	0.0104964	0.0200945	0.0529364	0.138877	0.10908	0.0927814	0.0249624	0.120757
118	0.138482	0.000739365	0.0140554	0.0754006	0.0114683	0.0630883	0.00209127	0.0718204	0.0233331	0.0363774	0.0174065	0.0245211	0.00739616	0.0298142	0.0189305	0.12799	0.211334	0.120536	0.00210122	0.00311395
119	0.158784	0.000403545	0.00217128	0.0114582	0.00284221	0.0399737	0.00901884	0.00632879	0.0376807	0.0249888	0.00703998	0.0125916	0.459473	0.020383	0.0286359	0.0644479	0.0759888	0.0296123	0.000847748	0.00732972
120	0.00979572	0.00224885	0.00245752	0.00280649	0.268353	0.00143088	0.00103857	0.112423	0.00216581	0.352107	0.0917557	0.00390061	0.00445013	0.00582244	0.00181305	0.00886824	0.014081	0.0901527	0.00831609	0.0160125
121	0.118593	0.000217314	0.0928936	0.0893515	0.0059045	0.109992	0.0249825	0.00672671	0.0531572	0.021282	0.00676341	0.0655957	0.0365116	0.0671579	0.0593657	0.149842	0.0627565	0.0128698	0.00453532	0.0115016
122	0.0143685	0.000325327	0.00282186	0.0052883	0.135312	0.00141028	0.000843623	0.238308	0.00182562	0.228573	0.116422	0.00250447	0.0062424	0.00302822	0.00145511	0.00752698	0.0127739	0.210303	0.00250077	0.00816635
123	0.11927	0.00039511	0.0349872	0.142098	0.00627278	0.0257283	0.00111822	0.0718904	0.0706277	0.0371201	0.0183088	0.061959	0.00121158	0.0404347	0.0426556	0.102532	0.135973	0.080973	0.00421755	0.00222715
124	0.064714	0.000575577	0.0359602	0.00732964	0.0022089	0.679743	0.0071974	0.0047512	0.0122499	0.00396991	0.00226135	0.054907	0.00201103	0.00532017	0.0248608	0.0726846	0.00591376	0.0111512	0.000778205	0.00141182
125	0.0178578	0.0001916	0.000733494	0.00527598	0.0635835	0.000728219	0.000693337	0.384907	0.000952061	0.157452	0.0416689	0.000884705	0.00564225	0.00328014	0.00179655	0.00483103	0.0067642	0.295364	0.00289542	0.00449669
126	0.0820838	0.017321	0.00930541	0.0425385	0.00861965	0.0756397	0.0221075	0.0274419	0.0830452	0.0512973	0.0298315	0.018724	0.0122235	0.0107777	0.0241576	0.320282	0.0926214	0.0627592	0.00262296	0.00659966
127	0.0181353	0.000200809	0.000938704	0.00547395	0.0676017	0.000879688	0.000869441	0.371834	0.00134113	0.162437	0.0454268	0.00104432	0.0057076	0.00321907	0.00176125	0.00517936	0.00799071	0.292054	0.00303951	0.00486563
128	0.0617562	0.000615369	0.0389837	0.00716101	0.00222997	0.681764	0.00651154	0.00467036	0.0115998	0.00384014	0.0023319	0.0629876	0.00187866	0.004621	0.0226148	0.0677726	0.00571808	0.0107561	0.000724331	0.00146305
129	0.0492676	0.000853666	0.341237	0.0695304	0.00660636	0.0847037	0.0205348	0.00704897	0.0233897	0.0107856	0.015297	0.121587	0.0206933	0.0628383	0.0246777	0.0917702	0.0254896	0.0148676	0.00200228	0.00682019
130	0.103636	0.000452264	0.0389323	0.15871	0.00814946	0.0199217	0.00213162	0.063342	0.0783904	0.0335746	0.0183143	0.0561295	0.00307851	0.047538	0.0528951	0.102872	0.123777	0.0777399	0.00624842	0.00416723
131	0.100244	0.00105461	0.00564455	0.0104131	0.0187111	0.0153088	0.00423903	0.0546005	0.161774	0.114327	0.062561	0.00444762	0.0863932	0.0792668	0.139758	0.0313453	0.0374265	0.0610664	0.00621691	0.00520158
132	0.0236836	0.000318037	0.00147987	0.00176369	0.00968619	0.0041624	0.000941646	0.165969	0.00163016	0.499874	0.033275	0.00190469	0.00147083	0.00167143	0.00437063	0.00317062	0.0118825	0.227555	0.00378793	0.00140182
133	0.11655	0.00028486	0.0874566	0.108361	0.00233057	0.0302823	0.0256634	0.00676386	0.0627034	0.0202439	0.00772808	0.0349563	0.125893	0.0782984	0.0829753	0.101598	0.0709892	0.029402	0.00618886	0.00133161
134	0.070346	0.00102026	0.0440944	0.0172688	0.00414942	0.569766	0.008817	0.00752161	0.0251848	0.0104911	0.00538979	0.0547061	0.0104468	0.012573	0.0276411	0.0895227	0.0187057	0.0166979	0.00167555	0.00398232
135	0.0597822	0.000688744	0.0780087	0.0158115	0.00280705	0.603403	0.00731998	0.00495678	0.0131619	0.0049154	0.00365381	0.0731225	0.00475261	0.0101763	0.0225941	0.0710122	0.00854837	0.0116883	0.00132078	0.00227572
136	0.0474542	0.00173918	0.00742758	0.0241328	0.0284646	0.00795262	0.00328326	0.198252	0.0191658	0.0367449	0.0357337	0.00741297	0.00932248	0.00528486	0.00932427	0.0570971	0.170223	0.315012	0.00210037	0.0138729
137	0.0177083	0.000193037	0.000823793	0.00549254	0.0656414	0.000789091	0.000751212	0.378529	0.00104164	0.160989	0.0438262	0.00103116	0.0057829	0.00321154	0.00184767	0.00517173	0.00717344	0.292064	0.00311819	0.00481351
138	0.0167626	0.000202682	0.000988436	0.00508128	0.0791386	0.00077135	0.000653343	0.358464	0.00102021	0.174129	0.0561965	0.00106341	0.00527667	0.00309223	0.00157127	0.00530539	0.00773182	0.274907	0.0028229	0.00482067
139	0.0362371	0.00256677	0.445318	0.078893	0.0088166	0.0494137	0.0120951	0.0108026	0.0238777	0.0101001	0.00958599	0.111745	0.0229585	0.035664	0.0209057	0.0704385	0.0167676	0.02291	0.0021405	0.00876387
140	0.0545909	0.52484	0.00854968	0.0123793	0.0111345	0.0372687	0.0080069	0.0173408	0.0156692	0.0224023	0.0121166	0.0137407	0.00916996	0.0103175	0.0135557	0.120984	0.0672576	0.0302708	0.00317378	0.00723112
141	0.0914379	0.00446507	0.0279586	0.0154846	0.0113021	0.47129	0.00871814	0.0211787	0.0159025	0.0357103	0.0117305	0.0389958	0.0134808	0.0121449	0.024828	0.090431	0.0371542	0.0611287	0.00177126	0.00488736
142	0.106062	0.00252802	0.0137646	0.01826	0.00903462	0.0501323	0.0129709	0.00791395	0.028374	0.016902	0.00603541	0.0287809	0.0610305	0.00945541	0.0168341	0.356857	0.21076	0.0392433	0.00222286	0.00283796
143	0.138909	0.00424925	0.00418272	0.00982007	0.00633799	0.0187606	0.00247657	0.0825501	0.00568989	0.0554599	0.0394185	0.0212173	0.00804564	0.00637681	0.00779479	0.154286	0.335176	0.0945964	0.00196597	0.00268598
144	0.0177168	0.000190871	0.000762209	0.00526127	0.0608772	0.000719044	0.000701288	0.382199	0.00100559	0.162765	0.0404919	0.000896408	0.0056522	0.00318152	0.00188987	0.00481151	0.00660181	0.296854	0.00293148	0.00449017
145	0.0395034	0.000796946	0.0101992	0.00639027	0.0026332	0.0039129	0.00525396	0.00860756	0.011285	0.00973343	0.00502184	0.0288354	0.00315912	0.00655207	0.0141339	0.230573	0.576172	0.0298278	0.00571179	0.00169773
146	0.0517333	0.00301092	0.0177621	0.0132646	0.164756	0.00700058	0.0684114	0.0729393	0.0236616	0.0547446	0.0306783	0.0104538	0.00702081	0.0517166	0.0734952	0.0312955	0.0238138	0.0950652	0.00586486	0.193312
147	0.00775392	0.00379063	0.00108878	0.00148422	0.353359	0.00108424	0.00101225	0.0543314	0.0013566	0.402238	0.0595388	0.00465962	0.00178225	0.00339475	0.0015116	0.00514924	0.0110825	0.0508728	0.0125873	0.0219218
148	0.124671	0.000199719	0.0885462	0.112978	0.00227657	0.0443395	0.0263988	0.00616214	0.0591776	0.0176981	0.00654841	0.038276	0.102341	0.0735156	0.0774294	0.115082	0.0695297	0.0270782	0.00528575	0.00246642
149	0.246041	0.00104739	0.00302809	0.021145	0.0295968	0.0724722	0.00238285	0.0677465	0.00594753	0.0293737	0.0177527	0.00549297	0.00877217	0.00730309	0.00832298	0.120056	0.159952	0.188664	0.00155363	0.00334928
150	0.0122379	0.000676026	0.00238652	0.00289898	0.273257	0.00228176	0.0093586	0.0190423	0.00344221	0.00894197	0.00368695	0.00802183	0.00204401	0.00308889	0.00460874	0.00672416	0.0120905	0.0385877	0.00129175	0.585332
151	0.12926	0.00034843	0.0408621	0.13365	0.00653325	0.030415	0.00149591	0.0744334	0.0617372	0.0317166	0.0166555	0.0662705	0.00223044	0.042195	0.0467153	0.0968709	0.129423	0.0834643	0.00329931	0.00242411
152	0.363962	0.00116072	0.0213964	0.0175037	0.0220345	0.0124472	0.0182039	0.0563927	0.071017	0.0284618	0.00522439	0.0170848	0.0257098	0.0105675	0.0315162	0.116117	0.0779654	0.0943486	0.0015543	0.00733162
153	0.0131534	0.000426129	0.00203422	0.00436359	0.147317	0.00102089	0.000718985	0.249595	0.00137583	0.222186	0.103854	0.00212403	0.0042255	0.00272048	0.00140864	0.0070237	0.0110407	0.214577	0.00307466	0.0077598
154	0.0553474	0.000734508	0.0254708	0.0696469	0.00860069	0.0179485	0.00973457	0.0837622	0.109294	0.0969744	0.0689559	0.00527963	0.0131601	0.0512614	0.106633	0.0412854	0.0416957	0.176591	0.00148248	0.0161414
155	0.116468	0.000259834	0.118528	0.100552	0.00371406	0.0905317	0.0256038	0.00620763	0.0460597	0.0150893	0.00615799	0.0647743	0.0524193	0.0620796	0.0592672	0.139202	0.0642025	0.0159696	0.0037612	0.00915185
156	0.123479	0.000596366	0.0720345	0.0735136	0.0069881	0.108352	0.0172784	0.0101465	0.0551301	0.0239919	0.0100669	0.0585401	0.0226875	0.0490022	0.0529776	0.2098	0.0680083	0.0121116	0.00721794	0.0180776
157	0.0123331	0.00196677	0.00203208	0.00381352	0.250295	0.00124368	0.00223408	0.154923	0.0019466	0.289064	0.07736	0.00443738	0.00376126	0.00374391	0.00255066	0.00941459	0.0129902	0.136016	0.00814008	0.0217342
158	0.0628293	0.000780665	0.0279647	0.0704476	0.00667746	0.0194104	0.0104345	0.0692462	0.11206	0.0979455	0.0722201	0.0041166	0.0130298	0.0574026	0.110984	0.038295	0.0353998	0.175567	0.00129277	0.0138966
159	0.122966	0.000694886	0.068661	0.0742986	0.00757722	0.0998362	0.0161223	0.0114496	0.0569678	0.0231928	0.00987167	0.0552642	0.0310621	0.0503666	0.0533134	0.206611	0.0743772	0.0138831	0.00704659	0.0164386
160	0.0412624	0.00074926	0.0083117	0.0054589	0.0511481	0.0477734	0.00272621	0.187136	0.0277401	0.14012	0.111789	0.0042108	0.106888	0.0251742	0.0045783	0.00831235	0.0121279	0.209131	0.00132008	0.00404184
161	0.00740952	0.00371036	0.0010625	0.00145398	0.354237	0.00105958	0.000869719	0.0545313	0.00133277	0.402753	0.060082	0.00461811	0.00156686	0.0033017	0.00147728	0.0047937	0.0109033	0.0503763	0.0124025	0.0220586
162	0.0225877	0.000662913	0.529863	0.0823744	0.00311358	0.0373488	0.00592125	0.00463572	0.0193916	0.00490084	0.00660559	0.132887	0.0215536	0.0301573	0.0123646	0.0600438	0.00713264	0.0149067	0.000889942	0.00265878
163	0.059664	0.0130276	0.00370573	0.0074814	0.162647	0.00632487	0.0205407	0.0673116	0.0105998	0.284877	0.0114936	0.00810649	0.033694	0.0159162	0.0115554	0.0616436	0.0684775	0.116285	0.0115412	0.025108
164	0.0495111	0.603888	0.0083957	0.0115999	0.0137971	0.0356955	0.00757521	0.0172508	0.012627	0.0268606	0.0112178	0.0105936	0.00796183	0.0100921	0.0132554	0.0754778	0.0441087	0.0292961	0.00371073	0.00708476
165	0.011377	0.000536331	0.00176522	0.00241265	0.276754	0.00183614	0.00842631	0.0168359	0.00230815	0.00438538	0.00236232	0.00784403	0.00168109	0.0024685	0.00307582	0.00485614	0.0105558	0.0364669	0.000834507	0.603218
166	0.0445601	0.000831004	0.00812498	0.00587204	0.0466136	0.0455689	0.00283366	0.187594	0.0323832	0.136117	0.108657	0.00426587	0.108206	0.0264963	0.00666107	0.00885308	0.0125046	0.208293	0.00139439	0.00417025
167	0.0345807	0.000673809	0.118662	0.121356	0.0200467	0.00844124	0.0189022	0.0467755	0.0749543	0.00948687	0.00704977	0.0520235	0.0303167	0.0891894	0.1058	0.0884981	0.0746049	0.0774152	0.0033833	0.0178402
168	0.0350826	0.00329263	0.00435999	0.00445453	0.255042	0.00250628	0.00952539	0.109929	0.00632827	0.256336	0.0533587	0.00738221	0.00637284	0.00990125	0.00792781	0.020948	0.0197495	0.12179	0.0102285	0.0554845
169	0.145482	0.0010926	0.00953004	0.0211071	0.0102874	0.0411781	0.0116472	0.0154924	0.0388733	0.0349099	0.0125273	0.0155677	0.392038	0.0271249	0.0339559	0.071078	0.0676001	0.0413188	0.00193578	0.00725367
170	0.132871	0.000428522	0.0820944	0.109129	0.00301562	0.0437245	0.0246747	0.00858981	0.0619709	0.0174687	0.00661273	0.0376107	0.093347	0.0683968	0.074686	0.122376	0.0750797	0.0302751	0.00480745	0.00284214
171	0.015134	0.000519598	0.00303264	0.00607164	0.140501	0.00151384	0.000835369	0.211244	0.00188074	0.266668	0.112874	0.00304889	0.00539408	0.00274144	0.00154093	0.007205	0.0123777	0.194011	0.00307603	0.0103292
172	0.293831	0.000665778	0.00235084	0.0253604	0.0188227	0.0918105	0.00225103	0.0333619	0.00524162	0.0309195	0.0157053	0.00467767	0.0105937	0.00594137	0.00955854	0.171138	0.132498	0.14297	0.000818784	0.00148428
173	0.00734157	0.00356367	0.0011024	0.00151776	0.348805	0.00106442	0.000873585	0.0586882	0.00133728	0.396797	0.0632822	0.00487142	0.00153072	0.00336365	0.00150274	0.00489786	0.010785	0.054682	0.0125604	0.0214329
174	0.0571245	0.0187672	0.0111516	0.0708281	0.0380039	0.0134703	0.170627	0.0328882	0.00961265	0.151417	0.0104488	0.00641175	0.00499082	0.0923934	0.111721	0.0248143	0.048998	0.08458	0.0027979	0.0389538
175	0.00777082	0.00380396	0.0010823	0.00145761	0.357252	0.00111792	0.00110063	0.0539684	0.00138328	0.400767	0.0582989	0.00457316	0.0018464	0.00341749	0.00156146	0.00539099	0.0111934	0.0498116	0.0123155	0.0218872
176	0.12165	0.00019703	0.0886829	0.112794	0.00261427	0.0364537	0.0252489	0.00905345	0.0638465	0.0180277	0.00674004	0.0394109	0.0999977	0.0762215	0.0813724	0.108122	0.0708602	0.0312695	0.0053931	0.00204505
177	0.0407157	0.0108295	0.00275228	0.00504011	0.19891	0.00518188	0.0154326	0.0926744	0.00475792	0.334368	0.034133	0.00567289	0.0258982	0.0119205	0.00399496	0.0340566	0.0343879	0.118954	0.0090998	0.0112203
178	0.119955	0.000254349	0.0922322	0.112969	0.00274308	0.0513147	0.032702	0.00591868	0.0569563	0.0173587	0.00622744	0.0444895	0.0951869	0.0773893	0.0771393	0.108511	0.0654452	0.024835	0.00504392	0.0033293
179	0.195017	0.000392686	0.00166389	0.0137882	0.00220768	0.0527687	0.00697582	0.0071175	0.0382077	0.0207766	0.00761003	0.012889	0.417786	0.0241367	0.0244082	0.0624341	0.0700166	0.0365779	0.000670643	0.0045548
180	0.127667	0.000612057	0.0549292	0.0652009	0.00655597	0.0945751	0.0140193	0.0120307	0.0646853	0.0250811	0.0125326	0.0535238	0.0194289	0.0494249	0.0646248	0.226364	0.0678469	0.0151705	0.00988327	0.0158435
181	0.0925416	0.00156901	0.102542	0.0690988	0.0138703	0.0751029	0.018801	0.0200177	0.0458069	0.0256502	0.01222	0.0864305	0.0264177	0.0666555	0.0514512	0.169437	0.0728437	0.0299339	0.00582196	0.0137876
182	0.0316039	0.00278132	0.0039211	0.0154185	0.12472	0.00474278	0.00973907	0.0533728	0.0364362	0.140719	0.0361045	0.0185119	0.0121259	0.0180109	0.0455154	0.105208	0.115389	0.116529	0.0139771	0.0951732
183	0.00881607	0.00226407	0.00154764	0.00272044	0.280967	0.00106959	0.000881619	0.1136	0.00147153	0.333009	0.0885368	0.00385904	0.00245554	0.00312959	0.0015231	0.00603423	0.0113178	0.109681	0.0105067	0.0166084
184	0.0223338	0.000310294	0.00235799	0.0139955	0.0468757	0.00154658	0.000987884	0.357506	0.00405999	0.134934	0.0428121	0.00158895	0.010415	0.00322155	0.00234867	0.0101885	0.0178489	0.314089	0.00295954	0.00961923
185	0.108715	0.000560113	0.0918076	0.116121	0.00424966	0.0369163	0.0230971	0.0100919	0.0612827	0.0223381	0.00798069	0.0367316	0.0987743	0.0757805	0.0785866	0.111907	0.0667756	0.0288802	0.0147683	0.00463579
186	0.0255425	0.000329114	0.00441902	0.0220414	0.0496112	0.00427091	0.00116423	0.303295	0.00900507	0.132483	0.0586848	0.00208016	0.0218643	0.00405498	0.003098	0.0153056	0.0293116	0.298086	0.00231726	0.0130362
187	0.0216481	0.00064467	0.538047	0.0830778	0.00311848	0.0348547	0.00618419	0.00465159	0.0191954	0.00492896	0.0068082	0.131538	0.0208459	0.0311137	0.0114403	0.0574307	0.00608181	0.0152111	0.000917814	0.00226137
188	0.113478	0.000350274	0.11209	0.0856744	0.00520806	0.130171	0.019694	0.00590366	0.0394386	0.0147401	0.00601069	0.0808384	0.0291548	0.0480335	0.0462373	0.171657	0.064126	0.00701352	0.00389738	0.0162824
189	0.0152897	0.000855208	0.00879502	0.0303891	0.019471	0.00417682	0.00354499	0.193425	0.0711555	0.0610049	0.0310784	0.00769292	0.008411	0.00716151	0.0400475	0.0818107	0.132142	0.238732	0.00235772	0.0424596
190	0.0378976	0.00152914	0.023122	0.0078553	0.146846	0.00541222	0.0619701	0.0839259	0.0317095	0.0456818	0.0481939	0.00891005	0.00597177	0.040512	0.0517021	0.023646	0.0201878	0.122815	0.00547528	0.226637
191	0.0490798	0.604262	0.00902224	0.0127966	0.0107798	0.035345	0.00751563	0.0171272	0.0132482	0.0223387	0.011509	0.0110968	0.0076579	0.0104911	0.0139724	0.0775655	0.0458766	0.0295328	0.00355661	0.00722623
192	0.00739532	0.00372385	0.00105656	0.00144309	0.354744	0.00105899	0.000867733	0.0539907	0.00133697	0.403273	0.059875	0.00464069	0.0015626	0.00329849	0.00148064	0.00478742	0.0109139	0.0500166	0.0124658	0.0220688
