1720	20
1	0.0823258	0.00247094	0.200427	0.2004	0.00108782	0.0313649	0.0119659	0.0227417	0.0606436	0.0241835	0.0144531	0.0722476	0.00954133	0.0944184	0.0305083	0.0655907	0.0472429	0.0245358	0.000265541	0.00358501
2	0.100574	0.00397208	0.143745	0.15481	0.0020945	0.00441282	0.00604453	0.0327359	0.0582818	0.00484654	0.00284997	0.0086102	0.312971	0.0267471	0.00369013	0.0642585	0.0261013	0.0406253	0.000634249	0.00199484
3	0.206633	0.000946253	0.0820437	0.0800902	0.00698003	0.0686055	0.0117866	0.00651317	0.058583	0.0133799	0.0101413	0.044307	0.14642	0.0605467	0.0160349	0.10357	0.0493261	0.0306822	0.000374328	0.00303526
4	0.171922	0.0219402	0.0710965	0.0786537	0.0231983	0.0229252	0.0114552	0.0205689	0.0184872	0.0478958	0.0398392	0.0567249	0.00130408	0.0419352	0.0166528	0.148877	0.118173	0.052237	0.0150905	0.0210234
5	0.0737857	0.00197087	0.0322051	0.0880295	0.0026174	0.0133293	0.0302491	0.0508956	0.134324	0.0411466	0.007316	0.0255955	0.141104	0.140467	0.0644207	0.0756958	0.023577	0.0470074	0.000749897	0.00551329
6	0.0028996	0.000780573	0.000882009	0.00112419	0.0881374	0.000994924	0.00210222	0.00513949	0.00211993	0.00289341	0.00163175	0.00380457	0.000733795	0.00389036	0.00190629	0.00493592	0.00507186	0.00185975	0.00744306	0.861649
7	0.0160475	0.00408619	0.000861919	0.00126559	0.0126167	0.00153195	0.00359999	0.0532412	0.00407433	0.743489	0.0844843	0.00393887	0.000273159	0.00826229	0.00197304	0.00628424	0.00749479	0.0365475	0.000498631	0.00942873
8	0.0880434	0.026601	0.00811424	0.0368619	0.0930908	0.0241531	0.0246234	0.031588	0.0920597	0.0645443	0.0321529	0.033767	0.00334636	0.0580128	0.0970131	0.056187	0.032254	0.0512714	0.0218881	0.124427
9	0.0396899	0.00642523	0.00364012	0.0141852	0.00208459	0.00658971	0.0040326	0.120053	0.0984858	0.308362	0.0453081	0.00601728	0.0239573	0.0331083	0.0989737	0.0141853	0.0107437	0.158828	0.000923111	0.00440732
10	0.118951	0.0029466	0.0762245	0.0702737	0.00596903	0.0508683	0.0110368	0.00826022	0.0640018	0.0128255	0.0088439	0.0275531	0.186538	0.0436594	0.0279452	0.156598	0.100522	0.0222399	0.00109542	0.00364742
11	0.0310423	0.00173906	0.0299063	0.0217844	0.0101056	0.025317	0.0130034	0.102868	0.0226766	0.309803	0.166483	0.0453971	0.00104733	0.0290669	0.0349759	0.0580885	0.0203856	0.0733126	0.00144705	0.00155079
12	0.134969	0.00712331	0.0560677	0.100606	0.00883291	0.0328392	0.020262	0.0421399	0.0849704	0.0644235	0.039449	0.0525922	0.0243292	0.0966522	0.0337083	0.0873974	0.0581045	0.0361623	0.00321425	0.0161569
13	0.148559	0.00999304	0.0414308	0.0654296	0.0307185	0.0291921	0.0271285	0.056581	0.0315176	0.0874834	0.037546	0.0697837	0.00102699	0.0458985	0.0100628	0.0996883	0.0760575	0.0976094	0.000811868	0.0334811
14	0.146423	0.0107089	0.0060026	0.0714879	0.00191877	0.0267326	0.0353651	0.029447	0.111119	0.0314483	0.0196596	0.0483636	0.00216329	0.189762	0.0411025	0.0886962	0.0913307	0.0461094	0.000704545	0.00145459
15	0.17465	0.0042596	0.00563248	0.0191183	0.00825878	0.0541334	0.00981318	0.0295123	0.00353707	0.0381357	0.0290397	0.084951	0.000153739	0.0570482	0.00459603	0.263923	0.162676	0.0496006	0.000136831	0.000824313
16	0.0641156	0.00911181	0.00258959	0.0192381	0.00751181	0.0224464	0.0264346	0.0258545	0.315301	0.0432805	0.0228045	0.0320455	0.00135996	0.0696709	0.209255	0.0462352	0.0406396	0.0391138	0.000281724	0.00271053
17	0.192989	0.00273839	0.0758204	0.0851974	0.00553457	0.0427762	0.0107343	0.0147077	0.0688908	0.0143665	0.0100949	0.0475299	0.170668	0.0550725	0.0146047	0.0944856	0.0502579	0.0402555	0.00036252	0.00291286
18	0.0153758	0.00590904	0.0016618	0.00350738	0.413062	0.00328536	0.00963559	0.0255155	0.0221283	0.0466542	0.0170804	0.00412505	0.00839815	0.0061696	0.0302849	0.0169107	0.00773972	0.00969817	0.0301815	0.322677
19	0.285073	0.00756774	0.0404166	0.0479599	0.0145951	0.0402927	0.00793176	0.0152736	0.015149	0.0313603	0.0201999	0.0408099	0.00667672	0.0456288	0.00613977	0.215532	0.106503	0.0461971	0.00184884	0.00484502
20	0.27169	0.0124315	0.0127842	0.0110156	0.00347428	0.132816	0.00801864	0.0447573	0.00949672	0.0280056	0.0249127	0.0391966	0.000704748	0.0400843	0.00636959	0.236956	0.0794496	0.0353662	0.000714362	0.00175696
21	0.0130731	0.00128932	0.00102096	0.00369605	0.0015623	0.00462578	0.00131453	0.00355491	0.716973	0.0107928	0.00161622	0.00792678	0.000605947	0.0149548	0.196032	0.00972123	0.00704008	0.00203775	0.00102515	0.00113723
22	0.0600231	0.00433788	0.00928571	0.0186423	0.00585934	0.0197248	0.0348441	0.00270055	0.381888	0.0125452	0.00537779	0.049369	0.000580609	0.0436244	0.22783	0.0659831	0.0407452	0.00756939	0.000543807	0.00852545
23	0.161413	0.012618	0.0119762	0.0292462	0.0232049	0.0211343	0.0230399	0.0300245	0.0529875	0.0667487	0.074457	0.0476776	0.00419699	0.0601394	0.0544001	0.154204	0.0641607	0.042832	0.0267675	0.0387723
24	0.0694143	0.122066	0.00141833	0.00204672	0.0173697	0.00272631	0.0026056	0.143495	0.00311231	0.0433814	0.0603686	0.00282657	0.00522404	0.00303628	0.00135409	0.00965094	0.057487	0.444429	0.00026794	0.00771956
25	0.00833711	0.00638115	0.00302488	0.00565058	0.471393	0.00364334	0.0232765	0.0171195	0.00785937	0.0510449	0.019596	0.0113502	0.00154266	0.00635611	0.00696235	0.014453	0.00652192	0.010422	0.128666	0.196399
26	0.00731603	0.0202744	0.000646499	0.00390067	0.0116954	0.00135853	0.00274974	0.456008	0.000609908	0.160735	0.0661973	0.00335239	0.000294129	0.00271111	0.000970466	0.00440878	0.0174493	0.236382	0.000715253	0.0022259
27	0.14904	0.0116847	0.0450258	0.0523613	0.00307556	0.015565	0.00477718	0.0278559	0.0505075	0.00485727	0.00588176	0.0345773	0.367365	0.0265165	0.00416452	0.0938896	0.0417202	0.0587606	0.00058098	0.00179345
28	0.0219152	0.0237453	0.435127	0.17642	0.0125875	0.0152913	0.101559	0.0299245	0.00731743	0.0135069	0.0161372	0.0367429	0.00210908	0.0151682	0.00599338	0.044629	0.0157174	0.0164646	0.00240638	0.0072375
29	0.117905	0.00220351	0.175872	0.201039	0.0032365	0.0118799	0.00449113	0.0217109	0.0522672	0.00619027	0.00364849	0.015347	0.210628	0.0264903	0.0040092	0.0629072	0.0345693	0.0424303	0.000641216	0.00253399
30	0.0943639	0.0040464	0.144031	0.181748	0.00167937	0.0307056	0.0147964	0.0233701	0.0684051	0.0353101	0.0212649	0.0778278	0.00404052	0.0917815	0.0332759	0.0811261	0.0589869	0.027939	0.000211256	0.00508973
31	0.0367985	0.00100388	0.167556	0.582767	0.00109758	0.0137901	0.00696946	0.00605305	0.0219284	0.00993458	0.00345562	0.0191227	0.000158762	0.0577065	0.00989874	0.0256589	0.0190243	0.0165258	0.000121704	0.000427926
32	0.129601	0.0343238	0.0127679	0.0429577	0.013521	0.112646	0.0142117	0.046439	0.0178937	0.0991415	0.10109	0.033423	0.00298014	0.044069	0.0131136	0.136409	0.0609215	0.0718469	0.00384405	0.0087993
33	0.0020214	0.000502408	0.00145435	0.00295341	0.725971	0.0028514	0.000623383	0.0171278	0.000988204	0.0344424	0.0158916	0.00325018	0.000789691	0.000986525	0.00127211	0.0117589	0.00268665	0.00784044	0.0189532	0.147635
34	0.0478382	0.0139485	0.00496638	0.0270792	0.0111199	0.00569611	0.00295867	0.178082	0.0277655	0.228664	0.0520194	0.0136719	0.00097386	0.029357	0.0053815	0.0274253	0.0241392	0.290762	0.000677039	0.00747487
35	0.190512	0.00153185	0.0575416	0.0745559	0.00596912	0.0490682	0.0170727	0.0119551	0.0843511	0.021116	0.00954192	0.0376942	0.165612	0.0766433	0.0253012	0.0954559	0.0416526	0.0314301	0.000271695	0.00272364
36	0.412016	0.0373165	0.00923022	0.00565199	0.00309293	0.274796	0.00277783	0.0290445	0.0055947	0.00819133	0.00685644	0.00514745	0.00355331	0.00788311	0.00187179	0.135778	0.0173296	0.0314266	0.000918536	0.00152295
37	0.0246877	0.0193667	0.0369294	0.155956	0.0122985	0.0182741	0.00458014	0.0605044	0.0792424	0.0159695	0.0409004	0.0468232	0.00107498	0.0472024	0.0219315	0.0979572	0.182651	0.113814	0.0126183	0.00721902
38	0.00471839	0.0100699	0.00100921	0.00189876	0.00396657	0.0010301	0.000507269	0.58153	0.000721885	0.104909	0.00620632	0.000985089	0.000279992	0.00133266	0.00174333	0.00299419	0.0133102	0.262117	0.000239314	0.000430357
39	0.0458766	0.0156536	0.00141117	0.0175122	0.00453671	0.0137852	0.0065639	0.086179	0.286226	0.0770649	0.0241317	0.013024	0.00192337	0.0605821	0.133367	0.0301091	0.100038	0.0787649	0.00194098	0.00131058
40	0.0429965	0.00356235	0.0282653	0.0638469	0.0136078	0.0147513	0.0254686	0.0790798	0.0785794	0.114362	0.10056	0.0361273	0.00184869	0.147886	0.0411596	0.0584105	0.0771508	0.068542	0.00147023	0.00232433
41	0.0849647	0.058798	0.000513221	0.000812542	0.00696443	0.00211708	0.000875444	0.173983	0.0035809	0.0596971	0.0216082	0.0010222	0.00183797	0.00151993	0.000617202	0.0123111	0.0589924	0.508384	0.000101556	0.00129869
42	0.0417225	0.00816533	0.00969127	0.0492012	0.0083956	0.00924774	0.00337	0.128961	0.0355584	0.177678	0.080858	0.0143418	0.00104628	0.0435052	0.0117985	0.0578506	0.0543786	0.261554	0.000727759	0.00194767
43	0.0850004	0.0583699	0.00050472	0.000879256	0.00722421	0.00213855	0.000905627	0.172988	0.00358752	0.0609478	0.021863	0.00117649	0.00181583	0.00166641	0.000629704	0.0123741	0.0581319	0.508287	0.00010491	0.00140481
44	0.0923457	0.00405381	0.140501	0.180173	0.00161198	0.0307762	0.0154708	0.0246575	0.0689892	0.036326	0.0225691	0.0787523	0.00395696	0.0945696	0.0320722	0.0814473	0.0583489	0.0279077	0.000172429	0.00529801
45	0.0637504	0.0262252	0.00664727	0.0258582	0.00865096	0.00870432	0.00451409	0.127197	0.0831601	0.158366	0.059544	0.0177575	0.00133686	0.0388366	0.0275936	0.0777238	0.0872549	0.17105	0.0023418	0.00348818
46	0.0343297	0.0174486	0.0473354	0.16291	0.0120074	0.0160639	0.00584481	0.0459361	0.0635811	0.0156038	0.0384394	0.052961	0.000889517	0.0498225	0.0275957	0.0955244	0.188785	0.107273	0.00872465	0.00892483
47	0.0353664	0.00542814	0.00135991	0.0096183	0.00153668	0.00456027	0.00116933	0.126899	0.0754988	0.363012	0.0519843	0.0035491	0.0123595	0.0193144	0.0968629	0.00862584	0.00393273	0.173356	0.000729011	0.00483729
48	0.0716681	0.0119012	0.0228695	0.0573899	0.00620838	0.0107606	0.00812369	0.0612283	0.025807	0.0300113	0.0648368	0.0549422	0.00066273	0.0715817	0.0294552	0.0982356	0.241229	0.127373	0.00261793	0.00309854
49	0.070142	0.0475158	0.000830527	0.00225193	0.0135885	0.0029312	0.00143449	0.179238	0.00347238	0.0999537	0.0322403	0.00499849	0.00173233	0.00359487	0.000950777	0.0115793	0.0470029	0.472421	0.000296666	0.00382393
50	0.0864705	0.00301148	0.0509906	0.0815464	0.00534387	0.0242129	0.0264257	0.0262202	0.141897	0.0415615	0.0157194	0.0520298	0.105122	0.0884935	0.103116	0.0787594	0.0308123	0.0276737	0.00358678	0.00700765
51	0.0755748	0.00231885	0.214966	0.173928	0.00145404	0.0248151	0.011953	0.0257856	0.0815987	0.0301088	0.018803	0.0632335	0.0108371	0.0972112	0.0449282	0.0566747	0.038951	0.0226376	0.000510716	0.00370999
52	0.0610475	0.0150317	0.346019	0.241546	0.00499045	0.0250733	0.00639942	0.00293085	0.00746468	0.0166576	0.00864828	0.0676383	0.00150032	0.0260693	0.00327113	0.0731024	0.0537766	0.0257896	0.00661262	0.00643131
53	0.017813	0.00303288	0.308145	0.194588	0.00414067	0.00758451	0.00545034	0.0695713	0.0130632	0.0660685	0.0352639	0.0136354	0.00325779	0.177279	0.00889901	0.0139027	0.0279216	0.0259718	0.00124824	0.00316372
54	0.0465783	0.0511898	0.000552307	0.00111077	0.00499115	0.00189564	0.000696758	0.261489	0.00187947	0.0818889	0.0198905	0.000912443	0.00144765	0.00206175	0.001256	0.00933428	0.0673894	0.444173	0.00012685	0.00113586
55	0.0467338	0.00229621	0.0117205	0.0243626	0.0287074	0.0206857	0.10828	0.0143665	0.0185131	0.0478808	0.0234074	0.0534087	0.00111179	0.421064	0.0224792	0.0480618	0.0481284	0.021149	0.00191224	0.0357312
56	0.0109436	0.00490906	0.00443494	0.00163851	0.00728064	0.00161374	0.00101633	0.00183002	0.00501158	0.0097318	0.00139055	0.00189279	0.929869	0.00223374	0.00108349	0.00637208	0.00529653	0.00222486	0.000329411	0.000897251
57	0.0122522	0.0052962	0.0040998	0.00148154	0.00722352	0.00157349	0.000919638	0.00190435	0.00549907	0.00983173	0.00141327	0.00254789	0.925909	0.0021553	0.0010059	0.00778487	0.00543277	0.00247815	0.000327423	0.000864312
58	0.0179342	0.00220163	0.00140596	0.00631996	0.00246337	0.00692545	0.004498	0.006428	0.671425	0.016017	0.00495781	0.0111909	0.000670318	0.0231715	0.190131	0.0143209	0.0110041	0.00693592	0.000752187	0.00124659
59	0.00249459	0.000604117	0.00158659	0.0032667	0.674249	0.00366172	0.000825654	0.0176204	0.00116459	0.0375031	0.0171331	0.00369006	0.00109186	0.0011742	0.00166318	0.0128604	0.00335122	0.00860432	0.0238034	0.183652
60	0.0369403	0.00503181	0.421906	0.249145	0.00540607	0.0172257	0.0171492	0.00486897	0.009457	0.0128804	0.00750891	0.0783899	0.00111614	0.026431	0.00434416	0.0507604	0.0284827	0.0100647	0.00116825	0.0117232
61	0.0451682	0.00891268	0.00411186	0.0188168	0.0110452	0.0270194	0.0164604	0.0516225	0.253879	0.11855	0.0721964	0.0230857	0.00285486	0.0656623	0.152394	0.0424458	0.0371058	0.0450729	0.00155749	0.00203865
62	0.0878237	0.124023	0.00130396	0.00217415	0.014505	0.00356725	0.00246407	0.154218	0.00287206	0.0440109	0.056613	0.00268876	0.0050027	0.00316879	0.001367	0.0149241	0.06308	0.410083	0.000280087	0.00583039
63	0.0478877	0.00257658	0.193347	0.494696	0.00148743	0.0191848	0.00632378	0.00661289	0.0228632	0.012474	0.00570774	0.0335784	0.00133857	0.0513037	0.0105384	0.0429667	0.0299228	0.014949	0.00058133	0.00166011
64	0.0463684	0.00624272	0.404952	0.187572	0.00598324	0.016143	0.0130184	0.020412	0.0167778	0.0406336	0.0187297	0.0599278	0.00287986	0.0410977	0.0100873	0.0452021	0.0314603	0.0239216	0.00158492	0.00700658
65	0.0304817	0.0120391	0.00274962	0.00669886	0.025793	0.00653434	0.00580248	0.195411	0.00759891	0.371463	0.123261	0.00944203	0.000921476	0.0166852	0.00638479	0.0188243	0.0232532	0.124736	0.00177574	0.0101439
66	0.594308	0.010297	0.00580548	0.016767	0.00492519	0.0434451	0.00427856	0.00720233	0.00288082	0.00942178	0.00570425	0.00792138	0.0167897	0.0156587	0.00159481	0.184883	0.0349153	0.0314213	0.00035544	0.00142538
67	0.0925812	0.00505478	0.153546	0.156856	0.00232978	0.0763851	0.0120828	0.0174647	0.0504916	0.035321	0.0304302	0.0972607	0.0111782	0.0689626	0.0286701	0.0845396	0.0494682	0.02237	0.000496301	0.00451137
68	0.0139444	0.00389293	0.000379164	0.00076795	0.012105	0.000904686	0.00262351	0.0405707	0.00309824	0.780989	0.086766	0.00280321	0.000278285	0.0077459	0.000534174	0.00573019	0.0056869	0.0222602	0.000453608	0.0084663
69	0.058061	0.00785525	0.0110085	0.0129871	0.0182125	0.0139092	0.00612137	0.0161754	0.00806392	0.02287	0.0134373	0.0257338	0.00928517	0.0208295	0.00441431	0.20769	0.51378	0.0235638	0.000863363	0.00513826
70	0.0084222	0.0327097	0.0052089	0.00787152	0.289232	0.00651858	0.139106	0.011258	0.00619391	0.122387	0.034122	0.0266912	0.00132826	0.0214144	0.00670481	0.0156119	0.00795749	0.00452994	0.0408339	0.211898
71	0.0184241	0.0044959	0.00098775	0.00142735	0.017377	0.00189399	0.0044028	0.0565331	0.0125826	0.718909	0.0793377	0.00394548	0.000687439	0.00811688	0.00452422	0.00732594	0.00834484	0.0384162	0.000984974	0.0112826
72	0.00706277	0.00362107	0.00302069	0.00182223	0.00124219	0.0043734	0.015756	0.00165978	0.0025151	0.00484343	0.00192583	0.875656	0.000449806	0.00428548	0.00974271	0.0380782	0.0110994	0.0046207	0.000251316	0.00797414
73	0.0222904	0.00122263	0.210809	0.640701	0.000734859	0.00808918	0.00361528	0.00269065	0.012186	0.00456294	0.00150291	0.0135663	0.00142193	0.0323351	0.00681158	0.0183715	0.0106741	0.00756133	6.95673e-05	0.000783603
74	0.658925	0.00529274	0.00229309	0.00595461	0.00695744	0.0599489	0.0020927	0.0116147	0.00450696	0.00786792	0.00260332	0.00422031	0.0489953	0.00717222	0.00144796	0.10041	0.0277191	0.0403674	0.000441218	0.00116894
75	0.42176	0.0531034	0.00231729	0.00301511	0.00157137	0.0746443	0.00160165	0.00674908	0.00250544	0.00405189	0.00382947	0.0205142	0.00196106	0.0054434	0.00292416	0.354469	0.026436	0.011065	0.00025434	0.00178369
76	0.0465191	0.0253974	0.00170182	0.00550645	0.0101463	0.00483576	0.00366952	0.266679	0.00752233	0.187574	0.0463475	0.0093783	0.00146828	0.010498	0.00449201	0.0165659	0.0343724	0.311052	0.00067699	0.0055968
77	0.0350149	0.00793816	0.000657098	0.00239085	0.0503504	0.00244611	0.00626381	0.0793683	0.0042015	0.55657	0.0947828	0.00714621	0.000230424	0.0128786	0.00274202	0.0124315	0.0196759	0.0807282	0.00243277	0.02175
78	0.0140201	0.00740007	0.0213496	0.0253831	0.219383	0.0056428	0.192576	0.00509512	0.00523644	0.0405332	0.00791504	0.0941418	0.000981265	0.0160147	0.00251205	0.0183678	0.0115379	0.00434111	0.0279261	0.279642
79	0.0405148	0.00598108	0.00734725	0.0114082	0.00244294	0.0164053	0.0130229	0.00883748	0.0104683	0.0147466	0.00854271	0.644617	0.00103424	0.0211594	0.0247781	0.0707936	0.0694875	0.0214006	0.000898091	0.00611389
80	0.0211091	0.00719563	0.000737249	0.00241034	0.0129169	0.00243854	0.00367429	0.0942691	0.0048968	0.654767	0.0817808	0.0059059	0.000568222	0.00909355	0.00302235	0.00956605	0.0111948	0.0634895	0.000740655	0.010223
81	0.0191602	0.00564649	0.00206262	0.00467289	0.0024986	0.00587964	0.00535859	0.00421467	0.584658	0.00980928	0.00357572	0.0136071	0.000870434	0.0219259	0.275197	0.0164717	0.011664	0.00642103	0.00371969	0.00258613
82	0.0677168	0.00276368	0.166637	0.347691	0.0012691	0.0245747	0.00959875	0.0139466	0.0455718	0.0187379	0.0104745	0.050863	0.00244309	0.0879058	0.0248804	0.0604499	0.0421363	0.0198911	0.000121628	0.00232674
83	0.0119256	0.00226901	0.0048217	0.00511073	0.00373228	0.00323882	0.0203548	0.00351319	0.21534	0.00423606	0.0056843	0.00669	0.000352391	0.0224426	0.658601	0.0144878	0.00889064	0.00406356	0.000827968	0.00341739
84	0.00561235	0.00212884	0.00196471	0.00270976	0.097118	0.00171849	0.00880185	0.007071	0.0038035	0.011572	0.00449285	0.00746103	0.00103453	0.006455	0.00370216	0.007159	0.0102836	0.00494901	0.00787848	0.804084
85	0.200668	0.0115163	0.0182149	0.0400523	0.0196475	0.0591317	0.00964818	0.0571585	0.0546627	0.0603717	0.0214659	0.0419112	0.00169348	0.0341165	0.0215391	0.115736	0.0678726	0.133599	0.00266949	0.0283248
86	0.287617	0.00416756	0.00486549	0.0135258	0.0322499	0.0146349	0.0408272	0.0179106	0.0337294	0.0182955	0.0337312	0.0572943	0.00156471	0.0388055	0.00991762	0.275641	0.0651188	0.0176095	0.0024087	0.0300851
87	0.0774873	0.0141966	0.027005	0.0318559	0.0519729	0.047787	0.0205689	0.0279297	0.099942	0.069401	0.070745	0.0469507	0.00519752	0.0698612	0.0741519	0.104776	0.0500208	0.0413602	0.0288763	0.0399143
88	0.0507363	0.00323658	0.0111281	0.0115799	0.0175387	0.0444126	0.0235164	0.101207	0.0299234	0.29762	0.186111	0.0232906	0.00180985	0.0411816	0.0407511	0.0485461	0.0205887	0.0413851	0.00156128	0.00387546
89	0.0251969	0.0164282	0.00379563	0.00685503	0.111785	0.00613406	0.00772108	0.352188	0.00646886	0.154025	0.0574502	0.0101478	0.000880329	0.0115536	0.00514194	0.0158847	0.0219595	0.146448	0.00475847	0.0351778
90	0.0164112	0.00374019	0.00549957	0.0099552	0.080123	0.00571784	0.0169101	0.0124517	0.00911561	0.0224576	0.00857786	0.0139269	0.00155165	0.0331793	0.00820097	0.0163675	0.0138324	0.0126184	0.00734809	0.702015
91	0.0650454	0.00774968	0.0121795	0.0141168	0.00940869	0.0222183	0.00737871	0.0119758	0.00954141	0.0162766	0.0108028	0.0413658	0.00829555	0.0255574	0.00738809	0.20891	0.495457	0.0222506	0.000676821	0.00340485
92	0.00310646	0.000958512	0.00115398	0.0013547	0.0906399	0.00107039	0.00475611	0.00505379	0.0021353	0.00386233	0.00180483	0.00504032	0.000575838	0.00392893	0.00160132	0.00517334	0.00495087	0.00200798	0.00723384	0.853591
93	0.138531	0.0138783	0.0121085	0.02478	0.0121196	0.0350302	0.0161836	0.0494776	0.0197679	0.131324	0.0452497	0.0567754	0.00360661	0.054316	0.0156783	0.209947	0.0900699	0.0607173	0.00151309	0.00892632
94	0.00941725	0.00144784	0.000696428	0.000952497	0.000697986	0.947946	0.00121784	0.0014111	0.00294248	0.00716899	0.00168858	0.00328226	0.000274873	0.00273118	0.000772849	0.0050915	0.00406644	0.00695287	0.000710939	0.000530015
95	0.0160164	0.00455569	0.000587122	0.00132095	0.0124333	0.00128988	0.00351528	0.0509005	0.00619906	0.751885	0.0801727	0.00366339	0.000593674	0.00862413	0.00243868	0.00635367	0.00715829	0.0323919	0.000559553	0.00934033
96	0.00401117	0.00183999	0.00193195	0.00426609	0.723028	0.00272259	0.00365333	0.0176811	0.00150177	0.0405698	0.0173514	0.00592744	0.000711389	0.00236428	0.00190206	0.013458	0.00473488	0.00969452	0.0176154	0.125035
97	0.0729389	0.155256	0.00623215	0.0114683	0.0306116	0.0133076	0.0116505	0.115255	0.0202455	0.2244	0.04765	0.0233532	0.00251105	0.0192547	0.0160411	0.0413434	0.044581	0.119701	0.00449331	0.0197061
98	0.172225	0.0340164	0.0086757	0.0180224	0.00806503	0.0213017	0.00283015	0.121552	0.0254522	0.0519827	0.0211147	0.0183807	0.00190429	0.011794	0.00631484	0.0520508	0.0491223	0.369039	0.000646795	0.00551001
99	0.0911356	0.0587365	0.00100617	0.00182328	0.00698618	0.0034068	0.00128307	0.16994	0.00419715	0.0646759	0.0229638	0.00248564	0.00181652	0.00346434	0.00112884	0.0198405	0.0622448	0.480899	0.000136126	0.00182981
100	0.00665522	0.013326	0.000846814	0.00188628	0.00377464	0.0011107	0.000517683	0.529904	0.000774343	0.103166	0.00759539	0.000980252	0.000298092	0.00156565	0.00190508	0.00351274	0.0212966	0.300208	0.000224483	0.000451713
101	0.0103104	0.00365524	0.00535324	0.00373731	0.00164155	0.00538643	0.00962275	0.00219913	0.00464718	0.00560513	0.00197444	0.859199	0.000458968	0.00644313	0.0104829	0.0399825	0.0154664	0.00528542	0.00038418	0.00816509
102	0.0123194	0.00518471	0.00417197	0.00169073	0.00722505	0.00170594	0.000936412	0.00191494	0.00559018	0.00963759	0.00153649	0.00255064	0.925487	0.00207706	0.00101843	0.0078015	0.00556249	0.00240653	0.000340257	0.000842177
103	0.00339376	0.00218538	0.00181243	0.00200898	0.0822192	0.00117402	0.00357803	0.00473587	0.00191177	0.00399988	0.00177249	0.0043106	0.000583319	0.00427689	0.00208136	0.00549866	0.0051541	0.0030416	0.006962	0.8593
104	0.0126321	0.00111048	0.000997052	0.00354472	0.0015484	0.00451308	0.001104	0.00352811	0.719473	0.0108094	0.00161315	0.00759797	0.000624761	0.0146311	0.196441	0.00929067	0.00669802	0.00184466	0.000920848	0.00107763
105	0.083075	0.0137269	0.0147185	0.0234032	0.0182807	0.0170897	0.0176595	0.0237676	0.135463	0.0398979	0.0920932	0.0649032	0.0395339	0.0379311	0.183656	0.0567595	0.0304351	0.0281257	0.056761	0.022719
106	0.00362	0.00486364	0.00226099	0.00439632	0.605879	0.00280717	0.00868208	0.0182036	0.0024112	0.0724735	0.0250224	0.00532513	0.00106765	0.00311013	0.00276073	0.0140481	0.00388262	0.0112919	0.029551	0.178343
107	0.0104568	0.00493264	0.00411823	0.00136424	0.00726194	0.0013939	0.000926055	0.00178255	0.00494315	0.00971915	0.00136332	0.00185541	0.93248	0.00195411	0.00101727	0.00626811	0.00512382	0.00182366	0.00033929	0.000876257
108	0.0138779	0.0194306	0.00099036	0.00330401	0.00656802	0.00164493	0.00136856	0.474715	0.00189662	0.128391	0.0289095	0.00270031	0.000458693	0.00294077	0.00164742	0.00555641	0.0217126	0.281809	0.00050111	0.00157659
109	0.0043297	0.00118765	0.00109502	0.00156331	0.0840075	0.00154621	0.00333185	0.00495219	0.001925	0.00419826	0.00192808	0.00609456	0.000562894	0.00422774	0.00163497	0.00668878	0.0060539	0.00246209	0.00706476	0.855146
110	0.119515	0.00690989	0.0599326	0.0496141	0.00294519	0.0939778	0.0175516	0.00544582	0.0404334	0.0104853	0.00867831	0.112296	0.00464061	0.0567389	0.0214403	0.215804	0.152292	0.0186905	0.000549123	0.00205964
111	0.0783292	0.00275737	0.083496	0.133874	0.00236574	0.0203779	0.0223803	0.039077	0.111	0.0441405	0.0174733	0.0607148	0.0394701	0.11892	0.0595705	0.0806797	0.0427819	0.0337688	0.000589057	0.00823282
112	0.0544046	0.0589324	0.000618514	0.00165164	0.00720145	0.00200705	0.00124863	0.244023	0.00253853	0.0891663	0.0269556	0.00171101	0.00150927	0.00256106	0.00100695	0.00984395	0.0554857	0.437375	0.000291273	0.00146902
113	0.075064	0.0562712	0.000478812	0.000943917	0.00752404	0.00212704	0.000935372	0.193901	0.00292499	0.067779	0.0243067	0.00127302	0.0018288	0.00156005	0.000725788	0.0113377	0.058938	0.490595	0.000116176	0.00136951
114	0.0964876	0.00475057	0.127716	0.173979	0.00178822	0.0321982	0.0161443	0.0240064	0.0667025	0.0389373	0.0245199	0.0807594	0.00337867	0.0918786	0.0314381	0.0864884	0.0635792	0.0293627	0.000163815	0.00572134
115	0.0834579	0.00203474	0.00965229	0.0114898	0.0146873	0.0659371	0.0256841	0.129842	0.0324613	0.225069	0.147325	0.0262015	0.00128634	0.0478368	0.0291856	0.0511212	0.0258756	0.0654487	0.000853994	0.00455026
116	0.002663	0.00084886	0.00096635	0.0013801	0.106415	0.00107937	0.00195675	0.00508866	0.00174162	0.00446459	0.00220134	0.00400248	0.000525214	0.00377064	0.00133043	0.00526605	0.00474441	0.00240714	0.00680196	0.842347
117	0.169465	0.0302347	0.00973607	0.0100033	0.0041812	0.4232	0.00820008	0.018094	0.0171081	0.0168468	0.0127318	0.0321845	0.0027447	0.0233031	0.00907626	0.135169	0.0450991	0.0272752	0.00121525	0.00413153
118	0.0125126	0.00111947	0.000972483	0.00353449	0.00146632	0.00451043	0.000555473	0.00356167	0.733072	0.0110196	0.00147735	0.00768361	0.000619059	0.0146786	0.183762	0.00909376	0.00654477	0.00186591	0.000925338	0.00102497
119	0.0124636	0.00213339	0.00339199	0.00500119	0.00173857	0.00430733	0.0045754	0.00343424	0.596896	0.00923369	0.00248071	0.00834694	0.000625008	0.0228766	0.29952	0.0103002	0.0067442	0.00318334	0.0011335	0.00161344
120	0.018225	0.00232232	0.00234231	0.00525115	0.00522638	0.00458155	0.0244465	0.00574483	0.207596	0.00667292	0.00699282	0.00830941	0.000371924	0.0149723	0.641895	0.0206005	0.0147234	0.00579524	0.000559275	0.0033714
121	0.136741	0.00484751	0.0110714	0.0255635	0.00868524	0.0407258	0.010831	0.0315111	0.00190712	0.0348018	0.0396059	0.0825426	0.000578466	0.0597523	0.00525378	0.230055	0.223784	0.0508254	0.000304632	0.000612694
122	0.0231356	0.00142269	0.237208	0.607129	0.00113955	0.00820203	0.00426882	0.003229	0.0105437	0.00538813	0.0023793	0.0192622	0.00140317	0.0294469	0.00494186	0.0195717	0.0125059	0.00718552	0.000106226	0.00153103
123	0.0811553	0.00804062	0.00629598	0.0123493	0.00935246	0.00994293	0.01105	0.0579916	0.00779996	0.137291	0.224939	0.0354098	0.0027114	0.0133636	0.00522436	0.0210466	0.0169449	0.331525	0.00127071	0.00629521
124	0.00979692	0.004938	0.00418989	0.00139009	0.00728337	0.00131791	0.000966204	0.0017563	0.00484556	0.00974878	0.0013364	0.00167882	0.933951	0.00192582	0.000999989	0.00595533	0.00493695	0.0017794	0.000341036	0.000862262
125	0.0301109	0.00591633	0.0112492	0.0108372	0.0067909	0.00499992	0.00311006	0.00663676	0.0187544	0.0094649	0.00238779	0.00652599	0.830491	0.0108707	0.00344756	0.020311	0.00908563	0.00746371	0.0003681	0.0011779
126	0.0620567	0.00607754	0.0883018	0.185259	0.0147279	0.0208336	0.215488	0.015515	0.0409223	0.0347026	0.0140171	0.0568476	0.00507608	0.0792091	0.0298434	0.05597	0.0347396	0.021502	0.00245982	0.0164517
127	0.0074472	0.0148632	0.000807855	0.00261984	0.00608609	0.00137052	0.00149135	0.494455	0.000861501	0.139487	0.0313321	0.00263802	0.000260719	0.00227999	0.00154384	0.00422326	0.0208816	0.265232	0.000432916	0.00168663
128	0.00360981	0.00116967	0.00139474	0.00245707	0.429978	0.00281482	0.00408583	0.0129564	0.00281996	0.0237923	0.0103481	0.00430646	0.00122414	0.00266668	0.00398632	0.00978477	0.00419429	0.0056919	0.0168809	0.455838
129	0.534708	0.0528546	0.00360079	0.00799484	0.00286585	0.0659784	0.00344958	0.0102055	0.00404722	0.00939593	0.00980702	0.015189	0.00326662	0.0140631	0.00388402	0.203604	0.0315892	0.0207908	0.00024175	0.00246351
130	0.0129769	0.0199472	0.000892504	0.00191867	0.0036249	0.0014318	0.00059786	0.457394	0.00111111	0.101924	0.0103878	0.00122575	0.00036298	0.00190257	0.00273035	0.00496155	0.0354871	0.340282	0.000234001	0.000606845
131	0.39134	0.048839	0.00343388	0.00723334	0.00262714	0.0550475	0.00344683	0.011271	0.00493238	0.0112955	0.00685362	0.0284657	0.00318299	0.0135204	0.00449289	0.326363	0.0509259	0.0236595	0.000374828	0.00269502
132	0.018349	0.00142097	0.307116	0.565307	0.00122185	0.00714515	0.0041418	0.00167122	0.00799387	0.00377578	0.00185939	0.0173328	0.00178883	0.0212129	0.00360839	0.0180348	0.011103	0.0048562	0.000145271	0.00191601
133	0.125011	0.00874908	0.0436131	0.0646691	0.00334396	0.0589501	0.0278318	0.0217445	0.0425979	0.031283	0.0205131	0.102412	0.00289386	0.100729	0.0283191	0.17504	0.103965	0.03435	0.000621839	0.00336348
134	0.379312	0.0139742	0.0104578	0.0194881	0.00806868	0.0442716	0.00767966	0.024805	0.00942979	0.045995	0.0240319	0.0331991	0.00738911	0.0360379	0.00578204	0.20454	0.0753416	0.0449907	0.000891513	0.00431443
135	0.010312	0.00356143	0.00216396	0.0039942	0.124003	0.00265568	0.0213471	0.0118771	0.010457	0.0172685	0.00677778	0.00796585	0.00208572	0.0083378	0.0114026	0.0223882	0.0104428	0.00653198	0.0220298	0.694397
136	0.0725664	0.00551137	0.0135482	0.0372312	0.00467293	0.0233677	0.0795565	0.0198872	0.030373	0.0394031	0.0374233	0.071534	0.00124541	0.223855	0.0567503	0.108753	0.121472	0.0435576	0.000881897	0.00841005
137	0.0495787	0.0120409	0.0633834	0.0588643	0.0602671	0.00300247	0.103405	0.0148776	0.00326931	0.0223489	0.0083521	0.284752	0.00109768	0.0337217	0.00231348	0.0812845	0.0723374	0.0262287	0.00563787	0.093237
138	0.0143271	0.0173873	0.00132766	0.00474516	0.0116842	0.00440397	0.00417284	0.337176	0.00347686	0.260866	0.116245	0.00684948	0.000574437	0.00802453	0.00225172	0.00954704	0.0213418	0.169663	0.00136935	0.00456756
139	0.0386349	0.00245168	0.000134667	0.000400224	0.0199711	0.00178689	0.00761776	0.0729361	0.00416851	0.616063	0.105467	0.00469325	0.00021017	0.00985091	0.000468948	0.00765507	0.0156653	0.0784865	0.000283153	0.0130549
140	0.142536	0.00800634	0.0138751	0.0538895	0.00308133	0.0340173	0.0378453	0.0366587	0.0738894	0.0511132	0.0292043	0.0576997	0.00560244	0.182777	0.0330117	0.100083	0.0895428	0.0423727	0.000850206	0.00394424
141	0.0262568	0.00391323	0.540603	0.17919	0.00357762	0.014858	0.0106845	0.00592696	0.00473575	0.00917399	0.00562139	0.0992203	0.000803361	0.0189683	0.00445327	0.0383437	0.0177457	0.00615872	0.00101633	0.00874858
142	0.0119606	0.00115365	0.00184615	0.00337463	0.00452757	0.00211214	0.0260834	0.0036612	0.161574	0.00198776	0.00525925	0.00367639	0.000234713	0.00827293	0.733182	0.0161826	0.0085972	0.00216861	0.000678234	0.00346658
143	0.0353011	0.00110593	0.137974	0.632293	0.000868674	0.0125749	0.00581313	0.00486153	0.0203285	0.00894428	0.0030151	0.0165782	0.000292791	0.0523604	0.0101215	0.0247187	0.0171775	0.015022	0.000115801	0.000532619
144	0.0368501	0.00568485	0.10679	0.0412128	0.00446554	0.0464033	0.0161849	0.00639471	0.0130815	0.0119149	0.00802186	0.496858	0.00360418	0.0254301	0.0108884	0.0915598	0.0510617	0.012275	0.000767125	0.0105516
145	0.056598	0.00365185	0.0169269	0.0354435	0.00642085	0.0184148	0.0426322	0.0205277	0.0234648	0.0374955	0.0241573	0.0400746	0.00344207	0.474922	0.0264878	0.0674614	0.065825	0.0269209	0.00176841	0.00736407
146	0.178662	0.0151898	0.026169	0.0292294	0.00446143	0.0916181	0.0131798	0.0175147	0.0239923	0.0209626	0.0164381	0.0792037	0.00434861	0.047805	0.0142171	0.285765	0.0948243	0.0327962	0.000648625	0.00297432
147	0.0062828	0.0184936	0.000775434	0.00342709	0.0088754	0.00121628	0.00226446	0.486477	0.000646216	0.13934	0.0491073	0.00236921	0.000279386	0.00237721	0.0012013	0.00412139	0.0171876	0.253576	0.000554951	0.00142762
148	0.0387025	0.00702723	0.00745964	0.0139275	0.0201351	0.00685175	0.00959941	0.0641443	0.0146791	0.560869	0.0756557	0.025922	0.00130931	0.0208904	0.00877444	0.0258799	0.0242945	0.0600783	0.0011051	0.0126952
149	0.0277566	0.0451465	0.00414148	0.0114943	0.0523215	0.00599066	0.010714	0.359638	0.00539249	0.138117	0.0688218	0.015695	0.00120845	0.0105421	0.00462654	0.0178967	0.0286723	0.167461	0.00242027	0.0219429
150	0.100386	0.0208774	0.0155341	0.0351643	0.0325209	0.017901	0.0218675	0.064898	0.0223765	0.115608	0.0405596	0.0464737	0.0059534	0.0395052	0.0140061	0.0910487	0.156337	0.112336	0.00618965	0.0404569
151	0.144293	0.0426007	0.0117532	0.0208553	0.00892327	0.0482275	0.0249334	0.0227848	0.0709904	0.032267	0.0184091	0.0706815	0.0104165	0.0518692	0.0411486	0.25496	0.0765796	0.0380312	0.00176293	0.00851296
152	0.0382865	0.00329143	0.00355065	0.00561724	0.00153022	0.77719	0.00448107	0.0105767	0.0118852	0.0130095	0.00599556	0.0158519	0.00123813	0.0166106	0.00553541	0.0368038	0.0242305	0.0225775	0.000371685	0.00136674
153	0.326043	0.0121866	0.0126687	0.0250431	0.0101993	0.0503247	0.0344728	0.0189657	0.0248797	0.0286862	0.0171588	0.0518137	0.00696408	0.0580424	0.0161053	0.192225	0.069902	0.0357123	0.00102564	0.00758122
154	0.0109841	0.00153799	0.00144969	0.00151223	0.000688004	0.936822	0.0015728	0.00171644	0.00319138	0.00757191	0.00244434	0.00472121	0.000513448	0.00398656	0.000852602	0.00708116	0.00511684	0.00692782	0.000708036	0.000601628
155	0.0681204	0.00499243	0.0743148	0.102292	0.00419783	0.025889	0.0167764	0.0144229	0.277675	0.0236904	0.014818	0.048461	0.00738695	0.0576967	0.105485	0.0685686	0.0567812	0.0214097	0.000880093	0.0061421
156	0.0585585	0.0149121	0.0125014	0.0186839	0.0529961	0.0139025	0.0108602	0.0263786	0.0151817	0.0558385	0.0247119	0.0291744	0.00727052	0.0316683	0.0100413	0.136247	0.407294	0.0366098	0.00270105	0.0344676
157	0.0748298	0.016064	0.0671729	0.192856	0.0162212	0.0217465	0.0145507	0.0303092	0.0363753	0.0328476	0.0277921	0.0411571	0.00487869	0.0396358	0.0206253	0.112292	0.105604	0.095866	0.0357258	0.0134495
158	0.0155318	0.00375511	0.00525963	0.00547281	0.00125132	0.00801033	0.00968158	0.00290484	0.0116017	0.00713595	0.00248596	0.815131	0.000984005	0.0100801	0.0180774	0.0491378	0.0201468	0.00649425	0.000269174	0.00658789
159	0.0359257	0.00865855	0.0141676	0.014785	0.0087807	0.0119622	0.00576168	0.0107949	0.00967102	0.0137969	0.00735105	0.0199228	0.0376146	0.0186208	0.00419746	0.192471	0.562929	0.0186153	0.000865524	0.00310772
160	0.0743777	0.00555498	0.0902351	0.103307	0.00401029	0.0303366	0.0181575	0.0148784	0.238693	0.0215284	0.0140233	0.0635124	0.0127558	0.0635112	0.0959188	0.0713254	0.0486405	0.022404	0.00124599	0.00558368
161	0.0444301	0.00672622	0.00656438	0.0129821	0.00854289	0.0132779	0.0278984	0.00308594	0.417417	0.0123489	0.00553103	0.0328661	0.000955096	0.0380326	0.270239	0.0463747	0.0250419	0.0085878	0.0044472	0.0146505
162	0.135014	0.0120965	0.0147788	0.0264759	0.0102522	0.0640291	0.0204402	0.0657699	0.0275891	0.0745622	0.0605875	0.0481028	0.00231747	0.0581438	0.0181535	0.135811	0.0774771	0.139327	0.00178718	0.00728545
163	0.0184153	0.0131277	0.00267012	0.00550454	0.332052	0.00516699	0.0151271	0.186375	0.00776077	0.0961699	0.0374767	0.0117972	0.00209883	0.00910727	0.0101816	0.0173453	0.0142812	0.0468532	0.0159684	0.15252
164	0.160789	0.0553522	0.0103067	0.022409	0.005916	0.0420938	0.0198322	0.0314781	0.051649	0.0354373	0.033583	0.0470864	0.0499675	0.104259	0.0131651	0.176745	0.0852058	0.044934	0.0012906	0.00850004
165	0.0116645	0.00271866	0.00310792	0.00442489	0.107875	0.00243911	0.0124408	0.0154443	0.00445266	0.0163282	0.0063668	0.0174518	0.00122083	0.00734504	0.0043529	0.0124349	0.00973188	0.00933948	0.00883159	0.742029
166	0.0292855	0.0106948	0.00334955	0.00658246	0.152649	0.0119472	0.00538521	0.0704783	0.0100134	0.364089	0.117199	0.00986874	0.00131394	0.0243118	0.0228629	0.0378842	0.0279671	0.0464178	0.00781775	0.0398833
167	0.405765	0.00891732	0.0261439	0.0354845	0.00706596	0.0491591	0.0102385	0.0198536	0.0332302	0.0196674	0.01007	0.0214101	0.10062	0.0486347	0.0107961	0.0951873	0.0404794	0.052689	0.000656704	0.00393093
168	0.127876	0.0190854	0.00929118	0.0241252	0.0378901	0.0187409	0.0405538	0.0799197	0.0107589	0.12757	0.0501679	0.0611049	0.000941062	0.0481199	0.00462016	0.108632	0.0962085	0.0965877	0.000701467	0.0371054
169	0.00918862	0.0214782	0.000765573	0.00326165	0.00538488	0.0012024	0.00133562	0.491486	0.000829903	0.107633	0.0210281	0.00135566	0.000347917	0.00215825	0.00159401	0.00425144	0.0237837	0.301619	0.000329776	0.000966197
170	0.351709	0.0223814	0.0125901	0.00771431	0.00326916	0.315933	0.00447591	0.0222651	0.00864546	0.00656794	0.00747142	0.0114556	0.0014445	0.00995468	0.00239251	0.164048	0.0249883	0.0189656	0.00203598	0.00169206
171	0.677879	0.00575012	0.000996691	0.00484384	0.00705866	0.0592149	0.00159734	0.010071	0.00142197	0.00713584	0.00160989	0.0019614	0.0386294	0.00481682	0.00123961	0.110944	0.0247132	0.0389767	0.000334349	0.000805987
172	0.215061	0.0618329	0.00631294	0.0053256	0.0152633	0.0524293	0.00809403	0.0450941	0.00784708	0.0509351	0.0133768	0.00761868	0.0151799	0.0342524	0.00161259	0.244981	0.100728	0.0931216	0.000290176	0.0206432
173	0.201114	0.0087183	0.0424659	0.0471078	0.00779626	0.104934	0.0167296	0.0205129	0.0413901	0.0304278	0.0276058	0.0549477	0.0737252	0.0714688	0.0131921	0.126666	0.0544421	0.0494811	0.00151173	0.00576235
174	0.0075899	0.00494836	0.0204287	0.0214777	0.00222782	0.0120691	0.00216658	0.00327824	0.00287269	0.0316735	0.00415828	0.254711	0.00882795	0.0175407	0.00351392	0.232619	0.35386	0.0137665	0.000859182	0.00141058
175	0.0347328	0.00841626	0.000793399	0.00284949	0.0167819	0.00288132	0.00524956	0.14614	0.0066186	0.501159	0.0853219	0.00844927	0.000718027	0.0101847	0.00444702	0.0116315	0.019041	0.123057	0.000730661	0.0107964
176	0.0301503	0.00188508	0.204689	0.590158	0.00132948	0.0112398	0.00523769	0.00410635	0.0146196	0.00752957	0.0034899	0.0223435	0.00169633	0.0377329	0.0073125	0.0263132	0.0179766	0.0105194	0.000255352	0.00141512
177	0.0764523	0.00325594	0.144717	0.157375	0.00233083	0.0282719	0.0207596	0.0200652	0.110927	0.0267472	0.0148522	0.0634324	0.0121425	0.10019	0.0784014	0.0697716	0.0426475	0.0221394	0.000466247	0.00505606
178	0.0300192	0.00312065	0.00948824	0.0302483	0.00441502	0.00745811	0.0194222	0.00817133	0.0141916	0.0149805	0.0179445	0.0183667	0.00602212	0.712506	0.0288393	0.0363942	0.0207441	0.0100737	0.00154936	0.0060448
179	0.00722448	0.0139406	0.000857745	0.00222291	0.00501379	0.00120379	0.000836451	0.536965	0.000789796	0.113807	0.0158042	0.00142164	0.000348569	0.0016215	0.00168802	0.00365656	0.0161296	0.275418	0.000340395	0.000709244
180	0.0324588	0.0300825	0.000829005	0.00263821	0.00623342	0.00189087	0.000890593	0.352418	0.00285224	0.103465	0.0199377	0.00201714	0.000900924	0.00262	0.00210453	0.00729675	0.0378904	0.391996	0.000311385	0.00116664
181	0.0175741	0.00150642	0.00181667	0.0193164	0.00172332	0.00301539	0.00795948	0.00304099	0.00246344	0.00522046	0.0160279	0.0128463	0.00751332	0.82796	0.0241108	0.0292719	0.00921829	0.00298675	0.00147653	0.00495185
182	0.528624	0.131591	0.00156472	0.00304135	0.00307275	0.0740117	0.00188962	0.00911913	0.00238063	0.00834855	0.00475039	0.00842046	0.00154061	0.00583516	0.00447259	0.145611	0.0453799	0.0167173	0.000444236	0.00318465
183	0.0123559	0.0035647	0.00636126	0.00491659	0.0024079	0.00706337	0.0111877	0.00205613	0.00341825	0.00621946	0.00247743	0.844747	0.000739661	0.00722554	0.0094916	0.0437767	0.0180948	0.00542304	0.000322074	0.00815076
184	0.0326793	0.00534615	0.0241149	0.0262062	0.00637068	0.00685638	0.00270824	0.00698876	0.0146804	0.00954455	0.00238167	0.00737985	0.797272	0.0112573	0.00269672	0.0212574	0.010871	0.00987301	0.000364506	0.00115123
185	0.0700013	0.0313336	0.00354969	0.00975132	0.00826105	0.00979733	0.00459405	0.190499	0.0186865	0.162975	0.0417475	0.00968183	0.0167696	0.0261103	0.0197421	0.0251346	0.0363719	0.309843	0.000702694	0.00444757
186	0.0144075	0.00414238	0.000360646	0.000794238	0.0153558	0.000999408	0.00298122	0.0467126	0.00299892	0.761993	0.0837471	0.00308671	0.000307356	0.00736692	0.000873966	0.00537034	0.00667632	0.0297668	0.000560889	0.0114982
187	0.0252676	0.00136724	0.20277	0.631331	0.00103618	0.00918059	0.00376109	0.00345236	0.0137314	0.00615107	0.00252612	0.0146587	0.0025266	0.0338639	0.00670877	0.0197739	0.0120223	0.00895227	7.75681e-05	0.000841199
188	0.603926	0.012081	0.00379536	0.00938118	0.00524376	0.0481436	0.00238248	0.00977112	0.00458971	0.00836188	0.00340919	0.00790674	0.0372895	0.00897464	0.00220444	0.167936	0.0289295	0.033871	0.000272267	0.00153065
189	0.00358737	0.000905196	0.00164594	0.00333248	0.630163	0.00297032	0.0015321	0.0207765	0.00302108	0.0408665	0.0187397	0.00421799	0.00171143	0.00154187	0.00410717	0.0137113	0.0039614	0.00942969	0.029112	0.204667
190	0.0304928	0.00369163	0.0130876	0.0119531	0.00215042	0.767032	0.00686938	0.00461758	0.0129529	0.010081	0.00582652	0.0373434	0.00169139	0.0155651	0.00640019	0.0393028	0.0185585	0.00996099	0.000773779	0.00164927
