305	20
1	0.048672	0.0145507	0.0199272	0.0560535	0.00543957	0.0130956	0.023536	0.0316159	0.199349	0.027541	0.048218	0.0430249	0.00354436	0.203067	0.113633	0.0483905	0.0499853	0.0386069	0.00276201	0.00898779
2	0.302436	0.014607	0.0218242	0.00481978	0.00664902	0.465575	0.00772704	0.00503943	0.00632804	0.0115755	0.0029926	0.00803605	0.00625685	0.00752264	0.0079565	0.0737943	0.0189278	0.0180983	0.00439266	0.00544155
3	0.0109315	0.0051661	0.00331393	0.0033434	0.392188	0.00501504	0.0153042	0.0348133	0.0107236	0.0708138	0.0312229	0.00960898	0.0018675	0.00441991	0.0062704	0.00828627	0.00430526	0.0621633	0.0527269	0.267516
4	0.0704827	0.0186527	0.227456	0.0277476	0.0082424	0.0332422	0.102994	0.00935708	0.0265964	0.0153006	0.00516617	0.229321	0.0205253	0.0405557	0.0211026	0.0567899	0.0226532	0.0190129	0.00587661	0.0389251
5	0.0239771	0.00495861	0.0220671	0.00542616	0.114644	0.0358006	0.0169894	0.00990617	0.00512436	0.0392485	0.0144912	0.00393812	0.00435378	0.00970474	0.00602823	0.017771	0.0047179	0.012663	0.463085	0.185105
6	0.0429362	0.00558367	0.229272	0.337475	0.00459303	0.0371376	0.00750305	0.0030438	0.0345455	0.040405	0.00268043	0.0380318	0.00332405	0.113993	0.0290494	0.023616	0.0221374	0.0112642	0.00225423	0.0111539
7	0.092359	0.0132098	0.0514157	0.100838	0.0195995	0.0434824	0.0277021	0.0250234	0.0437739	0.099188	0.0255512	0.0368611	0.0235613	0.0515632	0.0446277	0.180351	0.0521543	0.038292	0.011103	0.0193438
8	0.013445	0.222585	0.00558302	0.0110767	0.00963182	0.00804848	0.117195	0.00491314	0.00729413	0.0397396	0.00434905	0.0505209	0.0138498	0.0594967	0.00735573	0.144447	0.0307986	0.00974595	0.204103	0.0358223
9	0.126329	0.0258029	0.111487	0.0534	0.00592191	0.11759	0.0389178	0.00287234	0.038182	0.0140489	0.00283023	0.0911733	0.0876566	0.0499524	0.0569837	0.149517	0.0142237	0.00558667	0.00269292	0.004832
10	0.0184979	0.00407108	0.012957	0.00320113	0.209231	0.0224644	0.0146609	0.0202372	0.0058969	0.0601104	0.0199634	0.00524296	0.00254012	0.00624587	0.00418765	0.0104182	0.00325424	0.0319037	0.324534	0.220382
11	0.0288899	0.00630139	0.0146004	0.00511012	0.122951	0.0249626	0.0305649	0.0115856	0.0085701	0.052565	0.0140219	0.0103209	0.00958474	0.012815	0.00836681	0.0186523	0.008375	0.0228568	0.300793	0.288113
12	0.0150546	0.00956609	0.0672609	0.0142231	0.00265026	0.0694521	0.0396307	0.0139965	0.163002	0.0177173	0.00695887	0.21394	0.0019695	0.0845311	0.19025	0.065254	0.00890028	0.0133118	0.00062305	0.00170742
13	0.011643	0.004793	0.0355417	0.0170026	0.100337	0.00552841	0.0331351	0.0705134	0.0664811	0.17241	0.115096	0.0582107	0.00325524	0.0415551	0.0549139	0.0739637	0.0451549	0.0646575	0.00282752	0.0229803
14	0.0300932	0.00923559	0.00538478	0.00696468	0.0237856	0.00811865	0.00189181	0.0648339	0.00764584	0.560539	0.150177	0.00320959	0.0195817	0.00251639	0.00173173	0.0091768	0.00494393	0.0853895	0.000652935	0.00412705
15	0.0695041	0.0184723	0.024085	0.0693591	0.00356616	0.00552367	0.0447124	0.0435875	0.20399	0.0373541	0.0615065	0.051758	0.00201332	0.0824528	0.103537	0.0580855	0.0511522	0.0557783	0.0019225	0.0116389
16	0.100494	0.00426014	0.185946	0.292093	0.00415697	0.017941	0.00434443	0.00360153	0.0136413	0.0223394	0.0165758	0.0153908	0.00260834	0.0441446	0.0639402	0.0837944	0.04158	0.0715207	0.00358662	0.00804073
17	0.00741024	0.0118494	0.00078593	0.00150652	0.00406649	0.0011451	0.000777804	0.46468	0.00144423	0.210664	0.0468296	0.00316693	0.00195606	0.00166571	0.000935946	0.00378441	0.0165984	0.218757	0.000789319	0.00118715
18	0.515548	0.0113753	0.010172	0.014335	0.00471166	0.0531989	0.0134231	0.00390279	0.0263947	0.00857323	0.00302593	0.025822	0.00419045	0.0250278	0.0483286	0.125091	0.0306059	0.0660494	0.00145775	0.00876669
19	0.215887	0.00111869	0.0625099	0.0879014	0.00353056	0.0922332	0.0194741	0.00452832	0.0716887	0.0138011	0.00153688	0.0600423	0.00302505	0.073211	0.092892	0.122399	0.0599982	0.0117412	0.00121791	0.00126392
20	0.237206	0.0191403	0.0114049	0.00966191	0.0239893	0.0523231	0.0195272	0.00529584	0.0138809	0.0478469	0.00473659	0.0135837	0.0343082	0.0106599	0.0117576	0.336325	0.0830823	0.0312133	0.0262641	0.00779315
21	0.0766749	0.0165656	0.0527885	0.0375288	0.00931775	0.228952	0.0249553	0.00705767	0.0606193	0.0142436	0.00564822	0.0895684	0.0160924	0.0696871	0.119568	0.110312	0.0323847	0.0170117	0.00421044	0.00681375
22	0.0363321	0.00814093	0.00239184	0.00591094	0.0849092	0.00322137	0.00223211	0.261276	0.00384399	0.0538203	0.00699757	0.00467415	0.00184882	0.00394524	0.00338021	0.00598571	0.0114416	0.493938	0.00324413	0.00246586
23	0.0687669	0.0142842	0.178125	0.0557111	0.010362	0.057363	0.0234836	0.00901059	0.0492181	0.0209186	0.0071002	0.153656	0.0212405	0.042293	0.0450108	0.121069	0.0847162	0.0212518	0.00422385	0.0121963
24	0.0728966	0.013704	0.0742784	0.0220245	0.0113628	0.0561956	0.112276	0.00994927	0.0214111	0.0845164	0.0076571	0.0273568	0.00578544	0.049864	0.0224151	0.104512	0.152086	0.0996144	0.00347374	0.0486204
25	0.0265532	0.00469779	0.00118769	0.00583443	0.0143061	0.0012699	0.00109172	0.227926	0.00231631	0.062809	0.00335672	0.00225137	0.00082863	0.00217662	0.00139504	0.00272157	0.0073532	0.626776	0.00351008	0.00163845
26	0.0299892	0.00860727	0.0281281	0.0106243	0.0865031	0.0418157	0.0201056	0.00849741	0.00839174	0.038642	0.0145409	0.00758834	0.006293	0.0139815	0.0139424	0.0307298	0.00996015	0.0105208	0.461497	0.149642
27	0.0136753	0.00556468	0.00757212	0.00621489	0.161564	0.0068587	0.00886883	0.031374	0.0184508	0.423143	0.117578	0.0106239	0.00508101	0.00639739	0.00665184	0.00959275	0.00755486	0.050368	0.0125157	0.0903507
28	0.141121	0.0100779	0.0250337	0.0231372	0.011163	0.0527158	0.0130192	0.0143124	0.0245694	0.0125747	0.00920146	0.0324119	0.346234	0.0202162	0.0322445	0.154608	0.0399775	0.0253532	0.0053682	0.00666114
29	0.133444	0.0105453	0.0264129	0.0273056	0.0111969	0.051168	0.0166049	0.011382	0.0268523	0.0137604	0.00737737	0.0334932	0.299506	0.021899	0.0349959	0.200145	0.0402112	0.0214919	0.00518866	0.0070204
30	0.186825	0.00351456	0.00639411	0.00840738	0.00433854	0.0493813	0.00449245	0.0178751	0.00350859	0.00361133	0.0113114	0.0180281	0.50589	0.00887868	0.0230884	0.0834391	0.0275675	0.0305661	0.000874859	0.00200779
31	0.147171	0.0393856	0.00564241	0.00762553	0.0133461	0.0235649	0.0177345	0.00507874	0.0148213	0.0256993	0.0077016	0.0112797	0.0378263	0.0127099	0.0106117	0.421241	0.141392	0.022297	0.0248972	0.00997478
32	0.0382926	0.0291487	0.10776	0.0320549	0.0259638	0.00792089	0.272739	0.00507993	0.0353267	0.0341067	0.00440079	0.0420981	0.00522657	0.280645	0.0322026	0.0152179	0.0115039	0.00999975	0.0026015	0.00771169
33	0.216167	0.0106892	0.05103	0.0803074	0.0103612	0.0592199	0.0196824	0.00854394	0.0560717	0.0183044	0.00758517	0.0446582	0.036505	0.0362939	0.0504335	0.213709	0.0446052	0.0226366	0.00555733	0.00763939
34	0.202074	0.0147089	0.0111327	0.0126095	0.0503254	0.0487274	0.0115304	0.0117056	0.0146401	0.218282	0.012422	0.0460833	0.00926554	0.0138052	0.0483171	0.0253646	0.0215702	0.213367	0.00450401	0.00956443
35	0.0449297	0.0201565	0.0225428	0.0211091	0.116061	0.0223964	0.0881819	0.01833	0.0380751	0.0492633	0.0152035	0.0359547	0.0124324	0.0305768	0.0463114	0.0487186	0.0255642	0.0410989	0.0892866	0.213807
36	0.0161529	0.00594241	0.015681	0.00818358	0.0257952	0.0173797	0.00319425	0.0215311	0.00869414	0.592845	0.171471	0.0156302	0.00713628	0.00618259	0.00437935	0.00939813	0.0164494	0.0357278	0.00127076	0.016955
37	0.105967	0.0167702	0.0410245	0.0483101	0.0168119	0.0531885	0.0215087	0.0152261	0.0392535	0.0386475	0.012221	0.0415972	0.235444	0.0916323	0.0372268	0.0888413	0.0422597	0.0255464	0.010745	0.017779
38	0.0725651	0.0201016	0.026482	0.0360695	0.00648184	0.122368	0.0148574	0.00752443	0.0996741	0.0190782	0.00831146	0.0414389	0.00624956	0.0580786	0.192405	0.140812	0.0781744	0.0386123	0.0041547	0.00656139
39	0.0334144	0.00635135	0.184915	0.17685	0.00799581	0.0336346	0.030136	0.00269409	0.11393	0.0110111	0.00476873	0.116557	0.0033003	0.0959881	0.0818376	0.0462445	0.0304042	0.0109223	0.00142444	0.00762046
40	0.0305664	0.004761	0.00539696	0.0113119	0.203858	0.00900283	0.012919	0.0457857	0.0230258	0.111226	0.0680437	0.00842372	0.00308454	0.00626938	0.0126334	0.0178314	0.0148576	0.0505691	0.171644	0.188789
41	0.0164521	0.00402461	0.00954049	0.003001	0.264205	0.0177651	0.0148881	0.0240785	0.00692873	0.0564293	0.0226884	0.00601429	0.00197504	0.0050397	0.00470517	0.00932108	0.00321478	0.0390945	0.245416	0.245218
42	0.0119265	0.0121835	0.38494	0.0288112	0.00268113	0.0463824	0.0126862	0.00935965	0.0108128	0.00203173	0.00100771	0.358655	0.00932202	0.0171486	0.00893987	0.0713316	0.00659539	0.00226744	0.000480967	0.00243666
43	0.013015	0.0123056	0.00189423	0.00282257	0.0124802	0.00202185	0.00180757	0.397718	0.00439954	0.226958	0.0503516	0.0039855	0.00348369	0.00282465	0.00296602	0.00573898	0.0163315	0.231344	0.0016772	0.00587401
44	0.0118103	0.0118431	0.386525	0.0284788	0.00264977	0.0467865	0.0128056	0.00940213	0.0107202	0.00184474	0.000991986	0.358448	0.00947136	0.0172027	0.00875659	0.0709112	0.00630103	0.00212005	0.000484428	0.00244714
45	0.209089	0.0516024	0.00771747	0.00756325	0.00936558	0.0417572	0.0287037	0.00887501	0.0121025	0.0156613	0.00819774	0.0361665	0.0157192	0.0105873	0.0128796	0.376103	0.0771155	0.05508	0.00791902	0.00779463
46	0.15629	0.0307332	0.00611688	0.0380101	0.025928	0.0244939	0.0112101	0.00582565	0.168285	0.0119695	0.00314141	0.0182345	0.0423343	0.0136145	0.0209004	0.360162	0.0402329	0.0129606	0.00389061	0.0056667
47	0.038158	0.00550842	0.21754	0.358367	0.00454479	0.0373264	0.00586005	0.00326195	0.0397841	0.0278464	0.00162506	0.0426288	0.00225901	0.122836	0.0301416	0.0234993	0.0199274	0.00701011	0.00178238	0.0100935
48	0.0631948	0.02138	0.0266098	0.0282295	0.0410368	0.0259709	0.139128	0.0347757	0.0294876	0.189933	0.0449341	0.03138	0.018815	0.0452211	0.0351152	0.065806	0.0405814	0.0497771	0.0309253	0.0376985
49	0.0183793	0.00202116	0.0019912	0.00967726	0.00157234	0.0246808	0.0142613	0.0186521	0.425236	0.00299351	0.00154849	0.0279454	0.0013537	0.0520132	0.337232	0.0100639	0.0277	0.0188744	0.000660865	0.00314357
50	0.194065	0.00169394	0.0594585	0.0766653	0.00499025	0.0854657	0.0210179	0.00484651	0.0606459	0.0202294	0.00308132	0.0582602	0.00862398	0.0661794	0.0857248	0.154892	0.0695955	0.0184669	0.00214068	0.00395741
51	0.117364	0.0774834	0.00678167	0.0118709	0.0186436	0.0116702	0.00508477	0.0501063	0.0116641	0.367864	0.112248	0.00666281	0.0108596	0.00674994	0.00871481	0.0257165	0.0166046	0.120978	0.00203057	0.0109028
52	0.022465	0.0206273	0.000903923	0.0015565	0.0106599	0.00109829	0.00093349	0.437618	0.00153109	0.146562	0.0389714	0.00935038	0.00166434	0.00235356	0.00114356	0.00952908	0.0346403	0.254854	0.000784465	0.00275299
53	0.0664712	0.0256411	0.0154912	0.0332373	0.0272501	0.00607756	0.124437	0.00313666	0.159652	0.00551396	0.00239564	0.0930578	0.00189525	0.0359491	0.178165	0.0674327	0.0279585	0.0197023	0.001552	0.104983
54	0.0156503	0.0119253	0.0666633	0.0216798	0.00457738	0.42779	0.0315907	0.00348051	0.0487192	0.00549767	0.00321281	0.154302	0.00360685	0.0351698	0.108321	0.0327494	0.0104639	0.00935931	0.00171414	0.00352693
55	0.00962401	0.0111545	0.000673373	0.00182213	0.00629258	0.000906318	0.000738445	0.465025	0.00142663	0.172615	0.0352362	0.0035854	0.00162146	0.00168919	0.000908598	0.00292426	0.0153508	0.266355	0.000885757	0.00116512
56	0.0345618	0.026436	0.0237218	0.0687077	0.00399986	0.00428708	0.0213857	0.0139488	0.280269	0.0336058	0.0306987	0.0677499	0.00249248	0.116561	0.108343	0.0747789	0.0405511	0.0423273	0.000855427	0.00471847
57	0.360372	0.103097	0.00622942	0.00613828	0.00452384	0.0180152	0.00772426	0.00638867	0.00739031	0.0107974	0.0064094	0.0131981	0.0930024	0.00910833	0.00871569	0.127711	0.0313399	0.172707	0.00217402	0.00495752
58	0.00765892	0.012006	0.000705487	0.00141253	0.00428841	0.000955524	0.000761111	0.467855	0.00130741	0.198496	0.042292	0.00340357	0.00178099	0.001606	0.000953598	0.00335434	0.0165157	0.23273	0.000823334	0.0010935
59	0.413057	0.0674064	0.00885141	0.00912818	0.012312	0.0806155	0.0125182	0.0131276	0.0108259	0.0569818	0.0123824	0.0132256	0.00941499	0.0096214	0.0133087	0.0484053	0.0489819	0.148631	0.00313081	0.00807414
60	0.0493179	0.0134757	0.302989	0.0823014	0.00785992	0.08655	0.0152572	0.0112162	0.0341859	0.0205788	0.00621695	0.154478	0.0151536	0.0381936	0.0347998	0.066294	0.0255046	0.0171068	0.00780417	0.0107167
61	0.0280683	0.00582421	0.00116354	0.00558257	0.0158956	0.00128071	0.00110016	0.235438	0.00223848	0.0632974	0.00399791	0.00281686	0.000846463	0.00215346	0.00138916	0.00275162	0.00869807	0.612546	0.00330249	0.00160877
62	0.0524572	0.0137685	0.0100945	0.0139877	0.0209389	0.00955398	0.00820314	0.200672	0.0112727	0.078834	0.0255637	0.0104251	0.00963926	0.0118802	0.0108566	0.0280441	0.0291084	0.438686	0.00478963	0.0112241
63	0.00713442	0.0110396	0.000880316	0.00158012	0.00443052	0.00124298	0.000778983	0.458383	0.00163324	0.213503	0.0431964	0.00305877	0.00275556	0.00166565	0.000910896	0.00334212	0.0153988	0.226965	0.000865129	0.0012365
64	0.0500371	0.0182932	0.180403	0.0405619	0.0108515	0.0782034	0.0297219	0.013096	0.05569	0.017657	0.00777281	0.24134	0.01784	0.0455648	0.0618384	0.069875	0.0247127	0.0173132	0.00413993	0.0150892
65	0.0718293	0.0296387	0.0466666	0.0347173	0.0266831	0.0451421	0.191837	0.0232154	0.0520466	0.0480985	0.017251	0.0577063	0.0201105	0.059274	0.0595615	0.0770483	0.0416149	0.0419583	0.0193594	0.0362409
66	0.0589778	0.0151808	0.0453936	0.0483332	0.012474	0.051919	0.0320498	0.0133256	0.140957	0.0194985	0.0092137	0.0613381	0.00879165	0.0600214	0.26796	0.0617526	0.0384906	0.0295769	0.00988967	0.0148567
67	0.0573066	0.265483	0.0204008	0.00462846	0.00357571	0.00626477	0.00364459	0.084762	0.00717628	0.00969648	0.0293992	0.00769909	0.00202289	0.0137196	0.00506128	0.173796	0.218656	0.0803565	0.00132947	0.00502058
68	0.434285	0.0381602	0.00929181	0.00498692	0.0104681	0.264526	0.0103198	0.00473688	0.00698848	0.0133522	0.00358925	0.0100046	0.00766053	0.00653718	0.00848242	0.0527117	0.0552815	0.0512715	0.00217947	0.00516681
69	0.0419132	0.00563312	0.271001	0.246315	0.00549983	0.0423167	0.0074415	0.00318249	0.0330869	0.0151645	0.00381327	0.0534269	0.00207717	0.0590819	0.0380365	0.0598088	0.056302	0.0243657	0.0108265	0.0207066
70	0.0686643	0.0235002	0.0168077	0.0386521	0.0264199	0.00578194	0.114978	0.00314275	0.179242	0.00560218	0.00248233	0.0788179	0.00185041	0.0322428	0.184754	0.0655086	0.0314937	0.0165088	0.00149651	0.102054
71	0.0450535	0.00742185	0.0095501	0.0905206	0.00578774	0.00943161	0.00740572	0.0560113	0.144362	0.0115107	0.00985422	0.0106173	0.0055661	0.464366	0.0669023	0.0162126	0.0175411	0.0123591	0.0022449	0.00728069
72	0.0350389	0.00974717	0.327305	0.0340725	0.00522171	0.136548	0.0143741	0.0106386	0.0111915	0.00537433	0.00208419	0.208414	0.0140728	0.0172392	0.0183624	0.116596	0.00956495	0.0048455	0.00863577	0.0106739
73	0.164764	0.00694534	0.0749839	0.0553272	0.0100444	0.067967	0.0387676	0.0020775	0.0289077	0.0124124	0.00525544	0.0697942	0.0707211	0.0198496	0.0465581	0.28447	0.0164703	0.00461774	0.00864129	0.0114253
74	0.152195	0.0046441	0.0777334	0.0807915	0.00431021	0.0897609	0.0277131	0.00405605	0.0868167	0.0135357	0.00308179	0.0910486	0.00731644	0.0825548	0.107102	0.0971235	0.0536479	0.0128868	0.00122869	0.00245264
75	0.053638	0.0521861	0.0793751	0.0249901	0.0541101	0.337673	0.0170975	0.0122052	0.0225332	0.0256278	0.00755662	0.0358804	0.0215145	0.0599267	0.0251728	0.0482257	0.0265969	0.019192	0.0203523	0.0561456
76	0.0184756	0.00884579	0.0441504	0.00811842	0.002334	0.0148835	0.0282563	0.278803	0.0562806	0.0757151	0.0392116	0.00383916	0.00229613	0.0324855	0.0922347	0.0326102	0.0161416	0.227259	0.00122832	0.0168311
77	0.021049	0.0036785	0.0174054	0.00372141	0.140841	0.030476	0.0149573	0.0115027	0.00442284	0.0405611	0.0171963	0.00415855	0.00329393	0.00815494	0.00415244	0.0128819	0.00362609	0.0162949	0.435758	0.205867
78	0.234801	0.0765084	0.00978473	0.00850223	0.00691754	0.0430488	0.0124339	0.0318621	0.0130882	0.0127247	0.0141675	0.0789587	0.00893327	0.00930921	0.00939383	0.244307	0.102013	0.0723958	0.00374863	0.00710094
79	0.0183711	0.00884573	0.0442339	0.00824692	0.00235972	0.0145989	0.0278172	0.27927	0.0563404	0.0755583	0.0392157	0.00377539	0.00231389	0.0325715	0.092231	0.0326439	0.0159906	0.227453	0.00122715	0.0169356
80	0.00890279	0.00360779	0.00131576	0.00150014	0.421112	0.0026743	0.0147629	0.0352029	0.00867373	0.0681007	0.0316253	0.00844684	0.000835064	0.0018803	0.00468037	0.00595489	0.00246957	0.0615987	0.0406886	0.275968
81	0.184924	0.00263027	0.0758606	0.0974693	0.00568691	0.0934005	0.0191131	0.00438992	0.0728294	0.015171	0.00262782	0.0558677	0.00598907	0.064862	0.0959736	0.123771	0.0602034	0.0141451	0.00176626	0.00331919
82	0.0490695	0.00928016	0.168544	0.0348712	0.0247057	0.249129	0.0177439	0.00818938	0.0145375	0.0185765	0.00572338	0.0532178	0.00762967	0.0211214	0.0277044	0.0692373	0.0199507	0.0151784	0.144246	0.0413438
83	0.103845	0.0273646	0.0885764	0.0453267	0.00557326	0.106551	0.0321529	0.00424836	0.073007	0.0217409	0.00402438	0.0910593	0.059182	0.0712802	0.11361	0.112285	0.0236545	0.0104613	0.00216748	0.0038887
84	0.0277964	0.00853877	0.00567856	0.00675224	0.0246544	0.00825427	0.00193214	0.0612244	0.00777535	0.56967	0.144829	0.0032336	0.0221234	0.00256364	0.00174168	0.00845393	0.00435293	0.0858811	0.000654149	0.00389027
85	0.137454	0.0147458	0.164583	0.0394556	0.00624422	0.0823987	0.0546486	0.00456983	0.024278	0.0117053	0.00399591	0.0888455	0.111517	0.0307055	0.0344853	0.153416	0.0157904	0.00783704	0.00419665	0.0091278
86	0.0270344	0.00493532	0.0355325	0.0072087	0.0861956	0.0531399	0.0158474	0.00622074	0.00502904	0.0356535	0.0101568	0.00495613	0.0060968	0.0122172	0.00718829	0.0214746	0.00677662	0.00753671	0.497884	0.148916
87	0.0194007	0.0112229	0.20389	0.0466217	0.00617772	0.359562	0.0146781	0.00564072	0.0247756	0.00598549	0.00250974	0.133422	0.00585734	0.0200982	0.0682127	0.0303151	0.0191313	0.0161423	0.00246528	0.00389019
88	0.274596	0.00688464	0.0112972	0.0768019	0.0067715	0.0291983	0.00781997	0.0131467	0.0132436	0.0108986	0.00805702	0.0184015	0.304709	0.0385074	0.0514036	0.0521906	0.0480943	0.0186607	0.00272175	0.0065963
89	0.0288057	0.0094352	0.0512702	0.0457291	0.00819915	0.0588569	0.133935	0.00748668	0.0138338	0.0147463	0.00572671	0.0158828	0.0087217	0.0168022	0.175608	0.149148	0.0169528	0.0154751	0.174469	0.0489153
90	0.214155	0.00811848	0.00635135	0.0282909	0.0339192	0.0147116	0.00898483	0.0374404	0.00956267	0.394978	0.127815	0.00701923	0.011867	0.00860319	0.00684266	0.0159596	0.0105355	0.0468035	0.0019105	0.00613147
91	0.00805426	0.0108167	0.000674278	0.00180311	0.0048945	0.000956345	0.000765433	0.471948	0.00154093	0.18251	0.0366892	0.00319337	0.00169271	0.00178387	0.000894042	0.00304548	0.0152877	0.251362	0.000809754	0.00127787
92	0.0665991	0.133836	0.0465201	0.0139688	0.00884284	0.0122502	0.0107477	0.0407084	0.0141148	0.0203284	0.0173391	0.012805	0.00638025	0.0215884	0.0141895	0.0422668	0.210014	0.294157	0.00342616	0.00991806
93	0.0154185	0.143051	0.0055325	0.007745	0.00514939	0.115101	0.00670956	0.00542653	0.0743495	0.00852703	0.00401663	0.0713441	0.00383262	0.0320555	0.135629	0.311425	0.0358354	0.0113809	0.00241696	0.0050552
94	0.0124924	0.0121453	0.408057	0.0311894	0.00311385	0.0668308	0.0103406	0.0103921	0.00916965	0.00184962	0.00095784	0.322853	0.00857371	0.0157235	0.0122887	0.0625659	0.00629345	0.00264098	0.000556149	0.00196545
95	0.0194986	0.0116858	0.373205	0.0370007	0.00480449	0.0566382	0.0121991	0.00976574	0.0145288	0.00517573	0.00169061	0.301484	0.0101544	0.0193188	0.0135764	0.0796247	0.0182371	0.00603707	0.00113753	0.00423796
96	0.101401	0.00634905	0.0227336	0.0527986	0.0286123	0.0450242	0.0118371	0.0570079	0.121437	0.0454257	0.00550299	0.0589869	0.166932	0.0256869	0.0419279	0.0411558	0.083262	0.0160417	0.0310494	0.036828
97	0.0428205	0.0139584	0.00738081	0.00876011	0.010444	0.0138586	0.0150136	0.00866845	0.016513	0.0325138	0.00448616	0.0114129	0.0147549	0.03477	0.0124018	0.380813	0.31543	0.0171293	0.00727322	0.0315975
98	0.130094	0.0182959	0.0450504	0.0312913	0.0148139	0.292575	0.0212201	0.0117944	0.0357393	0.0239751	0.00883393	0.0445056	0.0286783	0.0295781	0.0477181	0.0820285	0.0892109	0.0267698	0.00667345	0.0111532
99	0.112186	0.00307424	0.298903	0.257039	0.00235773	0.0815451	0.00355545	0.00214261	0.0340148	0.0358631	0.00274428	0.0144204	0.00153811	0.0291361	0.0367218	0.0150471	0.0216571	0.0251827	0.0020421	0.0208296
100	0.0292126	0.01324	0.41363	0.0333065	0.00882493	0.125172	0.00770325	0.0242123	0.00666949	0.00297944	0.00162285	0.208841	0.0139826	0.0138506	0.0199893	0.0615756	0.00742915	0.00439582	0.00131768	0.00204474
101	0.00913372	0.00363753	0.00134456	0.00152116	0.419197	0.00272144	0.0144601	0.0349852	0.00857646	0.0671398	0.031535	0.00849746	0.000830185	0.00196738	0.00479371	0.005955	0.00247691	0.0610932	0.0406822	0.279452
102	0.11511	0.0302571	0.126655	0.0569125	0.00501481	0.146792	0.0462267	0.00283983	0.0350405	0.0159291	0.00205971	0.0857248	0.0815372	0.0653872	0.0532049	0.102828	0.0176108	0.00621053	0.00141537	0.00324465
103	0.231467	0.0377722	0.0127481	0.00832828	0.0615284	0.277347	0.00712764	0.0353258	0.00938283	0.0126505	0.00883254	0.0104976	0.142585	0.0138109	0.0111211	0.0501875	0.0169012	0.0157163	0.00314517	0.0335253
104	0.385834	0.0253505	0.0105193	0.0133739	0.0806402	0.0863175	0.0156948	0.0107419	0.0138921	0.0370312	0.00796215	0.0164232	0.0145606	0.013923	0.0175446	0.0489262	0.0926191	0.0929036	0.0049668	0.0107748
105	0.172164	0.00729009	0.0176934	0.0248908	0.00884852	0.0455245	0.0140969	0.016936	0.0160069	0.0112118	0.0104787	0.0290411	0.3833	0.0230634	0.0702903	0.0818144	0.0325973	0.0259267	0.00345821	0.00536761
106	0.0229588	0.0118279	0.352095	0.0523453	0.00435545	0.0623154	0.0142038	0.00972489	0.0218172	0.00516619	0.00184384	0.288479	0.0118693	0.0269924	0.022449	0.0663404	0.0117149	0.00619795	0.00144789	0.00585473
107	0.00655363	0.0111601	0.000736828	0.00146611	0.00372931	0.00101321	0.000771523	0.468627	0.00152122	0.210784	0.0435058	0.00289624	0.00210275	0.00169255	0.000942003	0.00311459	0.0159457	0.221455	0.000819197	0.00116346
108	0.0491173	0.0123103	0.30792	0.0896524	0.00911708	0.0723485	0.0210404	0.0124565	0.0321009	0.0168367	0.00450851	0.156883	0.0148329	0.0377658	0.0349179	0.0631885	0.0267235	0.0181928	0.00740937	0.0126772
109	0.0487071	0.0236159	0.0323844	0.0250448	0.0433446	0.0258011	0.195336	0.036078	0.0405963	0.134409	0.0315065	0.0378865	0.0129861	0.0563052	0.0413183	0.0614657	0.0411486	0.0540513	0.0222373	0.0357765
110	0.0818229	0.0111404	0.00702262	0.0110388	0.00630372	0.00761492	0.00565881	0.0699069	0.0552461	0.0553073	0.00693625	0.00834418	0.00419562	0.012319	0.00725674	0.191688	0.393227	0.0545698	0.00245168	0.00794897
111	0.056815	0.0260692	0.0707158	0.0523111	0.0150505	0.0351421	0.0513192	0.01276	0.0542283	0.0247948	0.00954286	0.15961	0.0142366	0.100266	0.0538901	0.109443	0.0366636	0.0268285	0.0147651	0.0755485
112	0.0997886	0.00430107	0.0855179	0.102483	0.00689294	0.0262425	0.0195234	0.0250728	0.0791652	0.0253349	0.00322725	0.0314027	0.194917	0.0499484	0.010235	0.0633066	0.135834	0.00906156	0.00510127	0.0226436
113	0.0296273	0.0108287	0.0540369	0.0650184	0.0708019	0.0173556	0.0145245	0.00867836	0.022574	0.0565243	0.00943894	0.0162075	0.00732998	0.179571	0.23573	0.0305788	0.0630147	0.0560276	0.0431481	0.00898331
114	0.0170718	0.0104035	0.000985726	0.00265208	0.00984091	0.00109959	0.00097293	0.360602	0.00154576	0.134256	0.0248761	0.00378704	0.0012739	0.00176247	0.00137637	0.00376155	0.0173806	0.403116	0.00205319	0.00118218
115	0.0156333	0.0145178	0.00705556	0.0291138	0.00463086	0.0248931	0.0202869	0.00905338	0.192356	0.0135514	0.00357469	0.0400714	0.0025321	0.0791045	0.454981	0.0319655	0.0279852	0.0213691	0.00273872	0.00458565
116	0.0378946	0.0067897	0.0741255	0.0728094	0.0089308	0.00781633	0.0306326	0.00292503	0.243423	0.0149275	0.0122431	0.131327	0.00434305	0.104974	0.111792	0.0706337	0.0446826	0.0176352	0.000656245	0.00143866
117	0.0555602	0.00565644	0.283846	0.284111	0.00430005	0.0480299	0.00656477	0.00231162	0.0392674	0.0170338	0.00210675	0.0526448	0.00311572	0.0680175	0.0330744	0.0326459	0.032306	0.0127198	0.00249548	0.0141927
118	0.0122224	0.00997737	0.00235978	0.00309253	0.0107284	0.00317394	0.00110728	0.339806	0.00303668	0.339919	0.0740464	0.00289383	0.00676902	0.0016404	0.00108688	0.00408653	0.0115389	0.16951	0.000599284	0.00240524
119	0.12405	0.00834442	0.00451626	0.025298	0.00483345	0.00610662	0.00517174	0.167402	0.127102	0.0153455	0.00448469	0.00677055	0.00317637	0.0108263	0.00667817	0.092615	0.29839	0.0822492	0.00202512	0.00461526
120	0.110848	0.00328427	0.296605	0.261925	0.00265839	0.0814607	0.00376519	0.00200954	0.0361269	0.0328424	0.00248059	0.0168708	0.00149339	0.032122	0.0362751	0.0144688	0.0203538	0.0222086	0.00171593	0.0204851
121	0.0244508	0.00510681	0.0225768	0.00509631	0.110564	0.0366163	0.0179049	0.00827123	0.00433786	0.039538	0.01237	0.00453593	0.00521882	0.0105605	0.00475648	0.0181792	0.00458361	0.0106624	0.460319	0.194351
122	0.0169205	0.00603851	0.0067063	0.00701811	0.0301828	0.00802642	0.00150609	0.0305199	0.00683368	0.626374	0.172803	0.00553443	0.0085007	0.00202625	0.00180712	0.00513624	0.00603302	0.0494964	0.00063567	0.00790103
123	0.0152573	0.00991339	0.0667041	0.0140579	0.00259027	0.0684796	0.0397884	0.0139521	0.163354	0.0184775	0.0070504	0.212198	0.00212294	0.0853597	0.189963	0.0664519	0.00888784	0.013137	0.000573557	0.00168201
124	0.0283628	0.0511464	0.0185422	0.0157626	0.0441588	0.0300902	0.0743971	0.00751907	0.0119169	0.0405235	0.00863389	0.0189694	0.01751	0.0435932	0.0213342	0.0609197	0.0173995	0.0110562	0.329226	0.148938
125	0.0197799	0.00661023	0.00586454	0.00754277	0.0278978	0.00797885	0.00217039	0.0378205	0.00722477	0.613951	0.163188	0.00444964	0.0116762	0.00249194	0.00180504	0.00606683	0.00492132	0.0618413	0.000618344	0.00610068
126	0.0153479	0.0066621	0.00333897	0.0188054	0.00232934	0.0170825	0.0184977	0.0143695	0.344484	0.00686875	0.00211797	0.0259145	0.00149698	0.0688176	0.375943	0.0217821	0.0291327	0.0225375	0.0012911	0.00317968
127	0.169963	0.00426032	0.074768	0.0797001	0.00632541	0.107357	0.0264586	0.00473379	0.0656328	0.0174757	0.00317694	0.057524	0.00896958	0.0661448	0.0918093	0.124546	0.0646132	0.0202235	0.00202065	0.00429756
128	0.21711	0.0111074	0.0426129	0.00869795	0.00818176	0.517948	0.00966946	0.0053087	0.00804959	0.0111419	0.00344573	0.0160728	0.0113522	0.0103069	0.0102004	0.0704246	0.0145136	0.00798131	0.00746112	0.00841317
129	0.0107509	0.00337041	0.00482105	0.00182049	0.342527	0.00824474	0.0124145	0.0358718	0.00828851	0.0646498	0.0280175	0.00739024	0.000941395	0.00249484	0.00419979	0.0066041	0.0030173	0.0580242	0.159962	0.23659
130	0.0555196	0.017129	0.0345604	0.0378929	0.0118678	0.0550452	0.033407	0.0181697	0.132081	0.0221542	0.0109582	0.0696091	0.0206236	0.0589569	0.261913	0.0612485	0.03666	0.0320069	0.0137682	0.0164285
131	0.00964342	0.00570355	0.0026708	0.00247732	0.409321	0.00392859	0.0154421	0.033188	0.0120172	0.128049	0.0287708	0.00969581	0.00162032	0.00337704	0.00528396	0.00760297	0.00373082	0.0629109	0.0327668	0.2218
132	0.046649	0.00976424	0.316856	0.10484	0.00730719	0.087112	0.0128431	0.0125146	0.031892	0.0202868	0.00573609	0.147023	0.0113223	0.0382118	0.0336254	0.0568615	0.0238569	0.0184102	0.00502112	0.00986688
133	0.00872604	0.00378733	0.00134042	0.00147987	0.412849	0.00267056	0.0144445	0.0355565	0.00889902	0.0701329	0.0326384	0.00895898	0.000809277	0.00188466	0.00482652	0.00603705	0.00245435	0.0632241	0.0403733	0.278908
134	0.371178	0.043114	0.00439374	0.00476525	0.00544477	0.022808	0.00946197	0.00661101	0.00719546	0.00954678	0.00744633	0.016261	0.0106287	0.00663481	0.00955526	0.16768	0.0747153	0.215475	0.00211212	0.00497265
135	0.0184346	0.00202143	0.00198705	0.00962548	0.00156705	0.0248808	0.0142389	0.0186764	0.426821	0.0029276	0.00154941	0.0279837	0.0013612	0.0517677	0.336044	0.00997899	0.0276184	0.0187135	0.000661024	0.00314198
136	0.103658	0.0161623	0.0785244	0.0313066	0.0133422	0.404129	0.0174439	0.0107439	0.0256507	0.0167332	0.00544804	0.060981	0.0216463	0.0265114	0.0439087	0.0589502	0.0227598	0.0170191	0.0131389	0.0119426
137	0.00913122	0.00363191	0.00141726	0.00147555	0.417957	0.00280905	0.0145409	0.035082	0.00863474	0.0680891	0.0315924	0.00848521	0.000794305	0.00192039	0.00472342	0.00596114	0.00255892	0.0614437	0.0416119	0.27814
138	0.306796	0.00835418	0.0390254	0.0134617	0.0118292	0.141811	0.0304107	0.00477882	0.0096575	0.0536763	0.00461101	0.0197031	0.0176743	0.00812572	0.0121348	0.236054	0.0261723	0.0153843	0.0302701	0.0100692
139	0.192703	0.00342258	0.0065	0.0087751	0.00591264	0.0879487	0.00445402	0.0144179	0.00408833	0.00399486	0.011822	0.0168549	0.442799	0.00954191	0.0203835	0.0943747	0.0372955	0.0310919	0.000958325	0.00266086
140	0.00768582	0.00457969	0.00138559	0.00137377	0.388487	0.0025522	0.0152191	0.0422291	0.0107125	0.0858135	0.0339008	0.00924337	0.000755234	0.00180839	0.0042238	0.0068955	0.00224775	0.0772363	0.042938	0.260713
141	0.122569	0.0476086	0.0146451	0.0100652	0.00676722	0.0082471	0.00568798	0.104939	0.0250855	0.0193306	0.0112496	0.00906589	0.00383097	0.0322294	0.0074996	0.0452968	0.344477	0.171849	0.0025928	0.00696316
142	0.073163	0.0052681	0.00814435	0.0307761	0.00518032	0.12494	0.00988578	0.0101167	0.299312	0.00755461	0.00409257	0.0194473	0.00296001	0.0282981	0.286232	0.0225435	0.0399145	0.0150986	0.0021026	0.00497005
143	0.0457601	0.00571946	0.00513646	0.115602	0.0628907	0.00413125	0.0078642	0.133915	0.0438111	0.121559	0.0962764	0.00666996	0.00321393	0.0692154	0.00845294	0.0574719	0.0664806	0.137383	0.00178619	0.00666116
144	0.00904638	0.00366179	0.00155326	0.0015135	0.414329	0.00285052	0.0145763	0.0349445	0.00864556	0.067945	0.0313969	0.00847172	0.000828228	0.00190005	0.00489052	0.0059675	0.0024669	0.0614391	0.0441779	0.279396
145	0.0424457	0.0260167	0.00112597	0.00259318	0.017416	0.0013735	0.0010528	0.36166	0.00221249	0.107796	0.0457523	0.0112612	0.00175317	0.00251484	0.00199565	0.0139829	0.0346075	0.318966	0.000932504	0.00454239
146	0.041202	0.00575879	0.261842	0.306118	0.00484945	0.04461	0.00845437	0.00156947	0.047574	0.0136321	0.00104516	0.0672326	0.00134714	0.0765212	0.0348501	0.032949	0.0272881	0.00727604	0.00207079	0.01381
147	0.216721	0.00102427	0.0622481	0.0879391	0.00341354	0.0918189	0.0193717	0.00456516	0.0718535	0.0139419	0.00159901	0.059869	0.00236256	0.0734555	0.0933215	0.121336	0.060677	0.0120313	0.00119611	0.00125451
148	0.255966	0.0693777	0.00399072	0.00495141	0.00476805	0.0203122	0.00608965	0.0083353	0.022496	0.0105404	0.0573938	0.0190555	0.00651817	0.00596899	0.0053419	0.237514	0.205701	0.047819	0.00391492	0.00394528
149	0.0883188	0.021557	0.11884	0.0562592	0.0225501	0.0828267	0.0112426	0.0260943	0.028758	0.0754409	0.00441663	0.0428942	0.00396573	0.03145	0.0142089	0.149861	0.092866	0.0520853	0.00283932	0.0735256
150	0.019279	0.00653935	0.00576728	0.00708577	0.0553255	0.00768175	0.00167066	0.0357348	0.0078354	0.596989	0.157103	0.00432639	0.0111982	0.00264796	0.00186168	0.00605829	0.00477261	0.0592792	0.000687655	0.00815565
151	0.377957	0.0745583	0.00342882	0.0042025	0.00398685	0.0271965	0.0110546	0.00727375	0.0066689	0.00719891	0.00824573	0.0270567	0.0131224	0.0066523	0.0069552	0.21652	0.0651981	0.126658	0.00201968	0.00404532
152	0.0305135	0.00598416	0.00161184	0.00567708	0.0297327	0.0014373	0.00156228	0.235349	0.00254801	0.0620299	0.00546442	0.00286092	0.00116001	0.00281073	0.0017906	0.0036536	0.0086247	0.590524	0.00358352	0.00308156
153	0.225803	0.0126912	0.0315124	0.0074607	0.00880904	0.556009	0.00738896	0.00550337	0.00630407	0.010573	0.00329341	0.0103165	0.00822758	0.00799404	0.00757911	0.0537157	0.0147549	0.00898749	0.0055081	0.00756877
154	0.0748267	0.00921419	0.152702	0.225081	0.0110893	0.0474442	0.0181826	0.0114769	0.0597065	0.034729	0.0118933	0.0523101	0.0168456	0.0761909	0.0482534	0.06066	0.037947	0.0246034	0.00908304	0.0177609
155	0.00920691	0.00972423	0.00356717	0.002534	0.335191	0.00365631	0.0208315	0.0426152	0.0188955	0.129725	0.0309813	0.0169909	0.00157775	0.00415935	0.00723062	0.00942317	0.00487058	0.0805014	0.0334411	0.234877
156	0.0992092	0.00483306	0.0667318	0.0254717	0.00733465	0.20189	0.0393985	0.00369173	0.0130718	0.0129701	0.00452775	0.0748836	0.0271041	0.0106894	0.0247766	0.287989	0.0118328	0.00867887	0.0337671	0.0411488
157	0.0701936	0.00921868	0.0620953	0.053839	0.0377507	0.0784749	0.0588795	0.0051461	0.092199	0.0157012	0.00580012	0.0877187	0.0154797	0.0412214	0.10659	0.151394	0.0511622	0.0376448	0.00376661	0.0157244
158	0.0490647	0.00887886	0.0246953	0.00875009	0.0209525	0.0122752	0.00640536	0.0371951	0.0120435	0.503825	0.0880788	0.0078663	0.07056	0.00834219	0.0075435	0.0160031	0.00937033	0.0989918	0.00224847	0.00691008
159	0.0879186	0.00598006	0.201919	0.270402	0.0137505	0.0291362	0.00807796	0.003404	0.0505275	0.0170026	0.00236697	0.097831	0.00277222	0.0619629	0.0348026	0.0634505	0.0209934	0.00767827	0.00216358	0.0178607
160	0.138617	0.007228	0.0127494	0.0171226	0.00832062	0.0158965	0.0382948	0.0109584	0.0414458	0.0430986	0.00546826	0.0612692	0.0649461	0.0375578	0.0381772	0.0542681	0.0570455	0.0571685	0.0331577	0.25721
161	0.0144021	0.0107861	0.335298	0.0246432	0.00321948	0.0403433	0.0146415	0.0140072	0.0191976	0.00346532	0.00198177	0.394883	0.00927814	0.0242404	0.0120647	0.0613309	0.00679494	0.00424722	0.000695652	0.00447881
162	0.0590125	0.0156367	0.0401545	0.136592	0.0194884	0.0237943	0.0242006	0.0171251	0.0398112	0.0456843	0.0112946	0.0291922	0.103524	0.167149	0.0266906	0.0539371	0.0384281	0.0280809	0.0151527	0.10505
163	0.0119741	0.0116142	0.395432	0.0330613	0.00287032	0.0553631	0.0116503	0.00975521	0.0108633	0.00197124	0.000999504	0.338656	0.00906275	0.0169228	0.0110076	0.0668287	0.00674856	0.00259016	0.000484371	0.00214416
164	0.208427	0.00455243	0.0170799	0.0543106	0.0122458	0.0795752	0.00723998	0.0103043	0.110118	0.0105304	0.00176164	0.0445449	0.0573668	0.0392476	0.0496229	0.217243	0.0613381	0.00976017	0.00231672	0.00241417
165	0.102414	0.0365734	0.116378	0.0526387	0.00588036	0.129058	0.0715549	0.00272098	0.0372679	0.0159867	0.00210157	0.0949536	0.0756544	0.0740822	0.056704	0.094941	0.0173285	0.00764081	0.00165942	0.00446068
166	0.0728247	0.0198972	0.0331928	0.0466527	0.0144285	0.0499994	0.0278798	0.0165177	0.112103	0.0271343	0.0131393	0.04871	0.0137104	0.0535264	0.225583	0.0760932	0.0942666	0.0315739	0.00759376	0.0151725
167	0.049991	0.00945624	0.0611245	0.0351341	0.00363101	0.15275	0.0324977	0.00575614	0.0833385	0.0111021	0.00483847	0.169798	0.00835968	0.0971054	0.178837	0.064345	0.0185212	0.00969676	0.00107791	0.00263962
168	0.140466	0.00437605	0.0366827	0.0635749	0.00627008	0.0820014	0.0138547	0.018444	0.0960535	0.0415078	0.0138552	0.0457739	0.0142056	0.0528781	0.109903	0.112739	0.0854563	0.0379727	0.0123726	0.0116124
169	0.0184369	0.0160272	0.00123079	0.00205152	0.00770352	0.00140884	0.00119321	0.433279	0.00257636	0.167184	0.0393459	0.00696383	0.00169234	0.00345106	0.00130482	0.0107819	0.047389	0.233643	0.000926694	0.00340931
170	0.134268	0.0723757	0.00636978	0.0266671	0.00638464	0.00770633	0.00758239	0.0635321	0.0335769	0.0542288	0.0679606	0.00703765	0.00356533	0.00999938	0.0289724	0.022516	0.0211581	0.400163	0.00193104	0.024005
171	0.0118886	0.0118245	0.388547	0.0287559	0.00267798	0.047966	0.0127147	0.00953704	0.0107698	0.00179611	0.000985379	0.355518	0.00917614	0.0174997	0.00896331	0.0702925	0.00610739	0.00210577	0.000511397	0.00236251
172	0.0237875	0.006637	0.0229701	0.00671473	0.101654	0.0376331	0.0192154	0.00878657	0.00543171	0.0398981	0.014417	0.00567814	0.00530123	0.0107748	0.00655091	0.0219356	0.00574091	0.0115317	0.469499	0.175842
173	0.0374708	0.0247254	0.000991477	0.00219157	0.0183591	0.00131711	0.000986333	0.379295	0.00165867	0.112431	0.0338477	0.00935196	0.00156644	0.00233869	0.00133742	0.0114596	0.035221	0.320846	0.00101322	0.00359087
174	0.0344581	0.00539472	0.198735	0.187928	0.00816552	0.0304726	0.0264349	0.00210944	0.110759	0.0101739	0.00425966	0.116296	0.00303546	0.0882272	0.0719344	0.0464666	0.0334813	0.012223	0.001447	0.00799836
175	0.217463	0.000955042	0.062079	0.0879949	0.003304	0.0916422	0.0191277	0.00460811	0.0717556	0.0141982	0.0016259	0.0596802	0.00187452	0.073698	0.0934454	0.120449	0.0613687	0.0122733	0.00119436	0.00126266
176	0.478132	0.0463268	0.00412436	0.00368201	0.00951573	0.0894132	0.0104987	0.00496876	0.0100632	0.0139982	0.0103719	0.010506	0.0052973	0.00662625	0.00781557	0.0706082	0.136315	0.0757713	0.00174294	0.00422272
177	0.263266	0.0668398	0.00490683	0.00545256	0.00443574	0.027645	0.00491253	0.00497362	0.056486	0.00769821	0.0904985	0.0240278	0.00352945	0.00632871	0.00613289	0.116055	0.282214	0.0182904	0.00223281	0.0040734
178	0.457213	0.0249483	0.00574301	0.00709433	0.0112783	0.0342279	0.00924294	0.0217552	0.0109547	0.0361387	0.00553987	0.00780012	0.0038887	0.0104076	0.0084084	0.04176	0.18077	0.116009	0.00196839	0.00485173
179	0.0268118	0.00800326	0.00929329	0.00842483	0.331607	0.0153535	0.0201197	0.0365247	0.0166944	0.0735589	0.028824	0.0153426	0.00916103	0.0149644	0.0191606	0.0208415	0.0147312	0.0659949	0.0615548	0.203033
180	0.0483694	0.0127744	0.306739	0.0974369	0.00754098	0.0803337	0.0200601	0.0104997	0.0291058	0.0228716	0.00608793	0.157363	0.0163065	0.0389852	0.0306872	0.0614692	0.0208802	0.0170606	0.00590573	0.00952229
181	0.00840343	0.00484597	0.00172388	0.00155811	0.395715	0.00309166	0.015041	0.0400033	0.0109339	0.0912842	0.0322176	0.00930327	0.0010962	0.00242707	0.00462194	0.00697573	0.00301554	0.0747859	0.0406265	0.25233
182	0.170558	0.00542825	0.00854904	0.0112478	0.00827424	0.0749741	0.00707495	0.015972	0.00760372	0.00785637	0.0252745	0.0189375	0.417379	0.0123011	0.0224102	0.0761853	0.0642814	0.0391592	0.0020691	0.00446437
183	0.0648892	0.0154348	0.0189746	0.0204213	0.0146575	0.0230395	0.016129	0.0322477	0.0333625	0.114157	0.016112	0.0189452	0.0109985	0.0265231	0.0213847	0.180718	0.304499	0.0453714	0.00629096	0.0158441
184	0.0515124	0.0148306	0.0188065	0.0363136	0.0150608	0.0209719	0.0563935	0.0142382	0.22717	0.0151891	0.0112407	0.0545585	0.00619669	0.078327	0.199562	0.0501415	0.0344281	0.0280743	0.00492456	0.0620602
185	0.0323689	0.00580812	0.0167545	0.00472588	0.180631	0.0519851	0.0156081	0.0147351	0.00636127	0.0566604	0.0168101	0.00665127	0.00526882	0.0087968	0.00566895	0.0137826	0.00563381	0.0246705	0.301064	0.226015
186	0.0185806	0.00844881	0.0199673	0.0139755	0.0056812	0.00783936	0.0127814	0.328478	0.0303625	0.10966	0.0267377	0.00368413	0.00173142	0.0229243	0.0378045	0.0182787	0.0156313	0.299558	0.00147051	0.0164049
187	0.0190243	0.00586658	0.0067269	0.00797363	0.0361658	0.00780682	0.00249222	0.032162	0.00843507	0.605851	0.169139	0.00593865	0.0089983	0.00339334	0.00272477	0.00732926	0.00639687	0.0512293	0.0011497	0.0111965
188	0.0265786	0.013001	0.0649133	0.0297119	0.00606314	0.0472407	0.0679068	0.00895726	0.165073	0.0153035	0.00715859	0.20879	0.00395069	0.105709	0.126671	0.0569162	0.0242124	0.0156938	0.00130427	0.00484436
189	0.115736	0.0051783	0.148542	0.258988	0.00517276	0.0172123	0.0054141	0.00510171	0.0124752	0.0297716	0.0159222	0.0111196	0.00325711	0.0448349	0.0736316	0.092258	0.0466303	0.0982759	0.00367116	0.00680704
190	0.553851	0.0450463	0.00462714	0.00530109	0.00914562	0.0712746	0.0216355	0.00435351	0.0073146	0.0156199	0.00338251	0.0107987	0.00797678	0.00692304	0.0120851	0.0713054	0.0511218	0.0902527	0.00217509	0.00580934
191	0.0406334	0.00684593	0.0566373	0.0123369	0.0332462	0.156233	0.031862	0.00473764	0.00614512	0.022279	0.00549584	0.0286697	0.00789067	0.0113667	0.0210598	0.132412	0.00910887	0.00767096	0.312762	0.0926071
192	0.0576873	0.0217131	0.0334317	0.0349001	0.0156053	0.0361794	0.15944	0.0115987	0.0924298	0.0298892	0.0111127	0.0691097	0.0133027	0.0491528	0.176876	0.0667331	0.0376595	0.0285845	0.0192522	0.0353424
193	0.02103	0.00617416	0.00589492	0.00959634	0.0275643	0.00808035	0.00214232	0.0379809	0.00730022	0.612633	0.166552	0.00451707	0.0114247	0.00338275	0.00185533	0.00638543	0.00530935	0.0553087	0.000601435	0.00626646
