702	20
1	0.107882	0.00101765	0.0776332	0.0850178	0.0148003	0.0406548	0.00447021	0.132599	0.00582408	0.10684	0.0183954	0.0156568	0.0117711	0.165365	0.00370172	0.0521338	0.0437884	0.103611	0.000533588	0.00830424
2	0.0451069	0.00104314	0.0662493	0.725763	0.00113944	0.00764839	0.00486401	0.00197931	0.0393691	0.00454557	0.00359238	0.00832988	0.00336044	0.0413561	0.0152694	0.0103847	0.011313	0.00610578	0.00071694	0.00186355
3	0.0503597	0.00262389	0.0586041	0.0242253	0.00419364	0.0134145	0.00494253	0.0743342	0.0214563	0.0805304	0.0127664	0.0691095	0.0200493	0.017675	0.0068704	0.115272	0.325826	0.088842	0.00179806	0.00710753
4	0.103344	0.00105335	0.00189942	0.0130212	0.00134167	0.0445735	0.0327855	0.0109295	0.0865215	0.0209267	0.00262313	0.0421878	0.000955537	0.327264	0.20643	0.0737382	0.0141424	0.0138724	0.000936672	0.00145407
5	0.00769931	0.000287596	0.0596201	0.896142	0.000356774	0.00728544	0.000778941	0.000618925	0.00216083	0.000861174	0.00230948	0.00465578	0.000303105	0.00854276	0.000766434	0.00374258	0.00130361	0.000773333	0.000273379	0.0015183
6	0.00302501	0.000733616	0.00112147	0.00159756	0.000776726	0.00122686	0.00130545	0.00131225	0.00156435	0.00185989	0.00124171	0.00138969	0.000540507	0.00204521	0.00151706	0.00227955	0.00219293	0.0016266	0.940472	0.032172
7	0.0352833	0.00876753	0.000887222	0.00152975	0.00795775	0.00102533	0.00400905	0.135598	0.0280989	0.477626	0.0704725	0.00120164	0.000582988	0.0241287	0.0310875	0.0029289	0.0172996	0.14561	0.000220312	0.00568492
8	0.0671135	0.000367871	0.302277	0.440311	0.000527327	0.00609572	0.00423972	0.000685232	0.0233799	0.00612248	0.000567946	0.0116774	0.000830032	0.0984441	0.0124192	0.0147821	0.00743189	0.00173816	0.000306013	0.000683201
9	0.160863	0.00910721	0.000802241	0.00105886	0.000411394	0.00641354	0.000915389	0.00210166	0.00112007	0.0012352	0.000782852	0.00221758	0.00049211	0.00142661	0.00121022	0.801561	0.00449186	0.00279551	0.000298488	0.000695604
10	0.00347843	0.00677334	0.00079258	0.00105679	0.298578	0.00100369	0.00110237	0.102776	0.001397	0.503704	0.022205	0.00117751	0.00335787	0.00169948	0.0010479	0.0046299	0.00216347	0.0245412	0.000631401	0.017883
11	0.0782414	0.000291725	0.284317	0.368566	0.000878778	0.00864584	0.00669718	0.00230002	0.0398902	0.00605281	0.00204242	0.0326725	0.00162073	0.0909456	0.0186286	0.031483	0.0204665	0.00482835	0.000184273	0.00124651
12	0.224862	0.00171162	0.0760625	0.038754	0.00260423	0.178648	0.00501262	0.00297766	0.0211054	0.00411579	0.00215823	0.0056635	0.00143997	0.0549228	0.00954109	0.261832	0.0601268	0.0048219	0.0265683	0.0170719
13	0.0309962	0.00465664	0.000653879	0.000827531	0.0158012	0.00141317	0.001881	0.117886	0.0036835	0.556434	0.117222	0.00078477	0.00111474	0.00484692	0.00476	0.00323267	0.00668231	0.122755	0.000229532	0.00414007
14	0.0149086	0.00121542	0.000190945	0.000284187	0.0140146	0.000233142	0.00130872	0.424144	0.000302958	0.223948	0.0438318	0.00106256	0.00010046	0.000385833	0.000305525	0.000763509	0.0114964	0.261182	0.00016022	0.000161059
15	0.225647	0.00926455	0.0512823	0.263039	0.000852716	0.0378304	0.0228537	0.00331728	0.0544709	0.00494065	0.012678	0.0135948	0.0250941	0.0867622	0.0470887	0.0810162	0.0182862	0.0235416	0.00273889	0.0157008
16	0.0180319	0.00131231	0.31108	0.0310192	0.000867783	0.312271	0.00560556	0.00139996	0.0283991	0.00255621	0.00164284	0.148217	0.00240608	0.0273001	0.0118261	0.0771061	0.014701	0.00185753	0.000697767	0.00170305
17	0.130353	0.000727027	0.028201	0.0221524	0.00122823	0.0324299	0.0258379	0.0292347	0.0833569	0.0300121	0.0014746	0.0309638	0.304644	0.028823	0.0757662	0.0648962	0.0706031	0.0278631	0.0104013	0.00103091
18	0.0928198	0.000242092	0.200212	0.355776	0.0038646	0.0262327	0.0158635	0.00455878	0.0508114	0.00194432	0.00291123	0.0419336	0.00954834	0.0818398	0.0115541	0.0489492	0.0333555	0.01268	0.000218824	0.0046839
19	0.0166728	0.00255978	0.00674115	0.015661	0.00275475	0.00658497	0.0172588	0.00466064	0.0966513	0.0137516	0.00520467	0.0164057	0.00324005	0.0441439	0.691781	0.0141901	0.020648	0.00853323	0.000742003	0.0118146
20	0.668507	0.0312728	0.000751468	0.00108937	0.000761341	0.0409499	0.00102127	0.00085287	0.00118521	0.00230487	0.000947269	0.00359859	0.00485625	0.00170607	0.00248325	0.0715447	0.130647	0.0346391	0.000247351	0.000634464
21	0.219774	0.00322437	0.00907362	0.0606981	0.0181883	0.016557	0.0429295	0.00366913	0.14013	0.0132421	0.00134984	0.0336317	0.000593345	0.147077	0.0781807	0.117524	0.0382966	0.0347098	0.00036794	0.0207831
22	0.0279353	0.00249491	0.0216815	0.0478887	0.244302	0.00209188	0.0357398	0.0106463	0.010715	0.00360022	0.00584945	0.00250173	0.00978519	0.0485957	0.0201859	0.0100811	0.00587066	0.00274373	0.0101699	0.477121
23	0.0133341	0.001381	0.000222284	0.000314582	0.0146936	0.000314937	0.00105948	0.374959	0.000454589	0.305203	0.0428294	0.00107851	0.000139109	0.000464821	0.000389106	0.000855228	0.00991561	0.231951	0.000157412	0.000282878
24	0.00362681	0.00134479	0.000414065	0.00055775	0.0572143	0.000558925	0.00262001	0.113796	0.00240507	0.556519	0.146256	0.000660207	0.000186365	0.00259243	0.00315954	0.000881252	0.00360045	0.0951134	0.00132844	0.00716492
25	0.0846508	0.000882069	0.218198	0.186114	0.00199407	0.0173704	0.0156379	0.00704243	0.0831255	0.0125889	0.01536	0.0779228	0.00343309	0.0903189	0.0340383	0.0769214	0.0521204	0.0192103	0.000343333	0.0027274
26	0.0650096	0.00345628	0.034358	0.0832269	0.000345771	0.00413244	0.0109359	0.00520635	0.307942	0.0190613	0.0113526	0.0438179	0.000385628	0.177246	0.165973	0.0215249	0.0336192	0.0108718	0.000172485	0.00136086
27	0.0165484	0.00579087	0.000292848	0.00038121	0.00755112	0.000321241	0.000415258	0.0624907	0.0011697	0.719518	0.12932	0.000428535	0.000137641	0.00412143	0.00174302	0.00420941	0.00502164	0.0396314	0.000138453	0.000769246
28	0.0811429	0.00126191	0.0256769	0.0434587	0.00206099	0.0191699	0.0025073	0.187381	0.0225622	0.300713	0.0454804	0.00523112	0.00864911	0.0102322	0.0172202	0.046437	0.056756	0.10453	0.000492818	0.019036
29	0.0103641	0.00279869	0.00112047	0.012677	0.00102177	0.00124766	0.00950445	0.299383	0.0525639	0.122271	0.0122655	0.00172437	0.000519656	0.0194275	0.0712669	0.00217903	0.0091972	0.368711	0.000342979	0.00141388
30	0.00275324	0.000806273	0.0172033	0.00738161	0.0005431	0.00337283	0.00549825	0.00100565	0.00397263	0.00150867	0.00872556	0.912671	0.000426453	0.0100029	0.00388251	0.0145476	0.00316903	0.00156983	0.000289183	0.000670041
31	0.00328023	0.000494315	0.000910394	0.00101152	0.000576133	0.00240428	0.00102515	0.000949715	0.00110476	0.00191687	0.00143711	0.00705063	0.000547693	0.00251789	0.00431398	0.316428	0.651587	0.00164174	0.000248811	0.000553881
32	0.00738987	0.00137909	0.000413006	0.00102525	0.00488755	0.000525086	0.00074934	0.625022	0.00200397	0.0683396	0.0144031	0.00317693	0.000520485	0.00192855	0.00120965	0.00163629	0.00951994	0.252767	0.00242495	0.000677593
33	0.186537	0.00787388	0.00604393	0.00711422	0.000658861	0.0184431	0.00128003	0.0010596	0.00680612	0.00147192	0.000942923	0.0141312	0.584159	0.00182119	0.0112584	0.12699	0.0206628	0.0018376	0.000247958	0.000660143
34	0.103739	0.000442444	0.183473	0.340969	0.00546275	0.0286007	0.0184931	0.00575301	0.053874	0.00201017	0.00355801	0.0453813	0.00937219	0.0751283	0.013501	0.0524506	0.0353557	0.015381	0.000272432	0.00678276
35	0.0136409	0.00243392	0.000382636	0.00331457	0.000454043	0.00483664	0.00207581	0.407699	0.0017427	0.414275	0.0921051	0.000544682	0.000161307	0.00437703	0.00260137	0.00440616	0.00256425	0.038203	0.000112908	0.00406888
36	0.0257266	0.00157353	0.0424453	0.76367	0.0022423	0.0255963	0.00535874	0.00400341	0.00737996	0.010448	0.0292509	0.0140485	0.0027922	0.0283662	0.00538846	0.0108663	0.00888003	0.00747907	0.000923453	0.00356048
37	0.0835961	0.00336713	0.00652303	0.155183	0.00338434	0.0236276	0.0501293	0.0198544	0.0985841	0.0234584	0.00635415	0.00742424	0.00173296	0.125359	0.20848	0.0935556	0.0394393	0.00745331	0.0378498	0.00464385
38	0.0198812	0.00178514	0.00879557	0.0255117	0.000640341	0.00419138	0.0179213	0.00160089	0.248229	0.00553847	0.00302447	0.0228132	0.000430958	0.0621579	0.544061	0.0134063	0.0155631	0.00305626	0.000239063	0.00115243
39	0.00354584	0.00892742	0.000899198	0.0012563	0.304459	0.00102608	0.00106398	0.109971	0.00128599	0.48683	0.0133984	0.00135841	0.00382781	0.00171572	0.0011657	0.00576372	0.00202566	0.0273092	0.000618394	0.0235513
40	0.065664	0.00880835	0.0158327	0.0433986	0.0125219	0.0215984	0.0277266	0.0204485	0.0898941	0.0450221	0.0163674	0.0654039	0.0126805	0.0483384	0.318962	0.0666488	0.053232	0.0314004	0.0004758	0.0355754
41	0.445925	0.0180549	0.00229517	0.0059783	0.00153827	0.0706678	0.0393199	0.0146634	0.0190284	0.00375793	0.00252042	0.0817872	0.00180162	0.0109044	0.0885524	0.105032	0.0688286	0.00749678	0.000736908	0.0111111
42	0.0618002	0.00708004	0.00160639	0.00185347	0.198387	0.00599347	0.00971889	0.173483	0.00189287	0.172684	0.0333321	0.00547228	0.000830766	0.0053015	0.00194129	0.00279588	0.0178121	0.072157	0.0480457	0.177812
43	0.0104578	0.00336358	0.00259665	0.00335053	0.00625382	0.00307621	0.00283419	0.244699	0.00317497	0.155496	0.0998402	0.0785993	0.00145324	0.00649324	0.00297055	0.00583779	0.0531909	0.313209	0.000828143	0.00227532
44	0.00781264	0.0157402	0.00196295	0.00308227	0.00154803	0.00392757	0.0254238	0.00144207	0.0399626	0.00739738	0.00222291	0.00579133	0.00103825	0.0267653	0.838092	0.00396466	0.00545524	0.00357359	0.000423725	0.00437388
45	0.00302501	0.000733616	0.00112147	0.00159756	0.000776726	0.00122686	0.00130545	0.00131225	0.00156435	0.00185989	0.00124171	0.00138969	0.000540507	0.00204521	0.00151706	0.00227955	0.00219293	0.0016266	0.940472	0.032172
46	0.00245811	0.000772885	0.0163858	0.00737348	0.000661435	0.00161445	0.00602126	0.000932323	0.00394098	0.00155751	0.00903049	0.915162	0.000514886	0.0108732	0.00415897	0.013957	0.00199842	0.00157472	0.000295479	0.000716506
47	0.459002	0.0133582	0.00308446	0.00182745	0.00199857	0.0236118	0.00462144	0.0174888	0.00207839	0.00395909	0.00300614	0.00598398	0.00627885	0.00672286	0.00219198	0.279834	0.109416	0.0544934	0.000220043	0.00082252
48	0.13864	0.00534489	0.00464185	0.00627864	0.00450554	0.00761387	0.00329575	0.179179	0.0110422	0.270921	0.121107	0.00236515	0.00665072	0.0207895	0.010754	0.0079517	0.0331597	0.152749	0.000782092	0.0122278
49	0.1522	0.0080221	0.0129119	0.0083762	0.00735746	0.00321662	0.00295121	0.219612	0.00395964	0.0380693	0.188996	0.00683849	0.00236889	0.0153185	0.0033685	0.00867092	0.0221202	0.289164	0.000613301	0.00586436
50	0.016496	0.00126791	0.000953201	0.00150971	0.000627164	0.0010939	0.00145683	0.02767	0.0042944	0.0836948	0.749402	0.00139893	0.000509954	0.0112524	0.00140839	0.00928566	0.0763561	0.0102131	0.000354612	0.000755224
51	0.0106967	0.00625297	0.000674153	0.00492407	0.00450988	0.00106506	0.00155593	0.318761	0.0017716	0.0414388	0.0104433	0.00311445	0.000584018	0.00272485	0.00129431	0.00176691	0.0266168	0.55747	0.000518792	0.00381626
52	0.0990526	0.0026376	0.00650913	0.0183865	0.00298129	0.00215313	0.052933	0.11489	0.00439807	0.116141	0.090673	0.0146637	0.00136672	0.0615959	0.00256119	0.0407953	0.161981	0.202236	0.000625354	0.00341934
53	0.00711541	0.00761592	0.00110437	0.00319941	0.000340537	0.0054176	0.0361506	0.000716798	0.150901	0.00173416	0.000617948	0.0113854	0.000291283	0.043898	0.717887	0.00505761	0.00412721	0.00123206	0.000232921	0.000975264
54	0.582061	0.00195817	0.00327133	0.00256324	0.00260124	0.124749	0.0113807	0.00270148	0.00877063	0.00607769	0.00194274	0.00530644	0.00874654	0.0409249	0.016201	0.114797	0.0296954	0.0340134	0.000470128	0.00176704
55	0.0507427	0.00355617	0.0470675	0.0158661	0.00299408	0.326963	0.0131125	0.00474041	0.028765	0.00866495	0.00844769	0.201806	0.00249211	0.134366	0.0159781	0.110712	0.0121376	0.00682852	0.00103732	0.00372144
56	0.0377069	0.00185895	0.0182144	0.0481637	0.00164328	0.00463298	0.0396374	0.0169542	0.286116	0.0428553	0.0300815	0.0224234	0.00195666	0.111372	0.272573	0.0195934	0.0187129	0.0157421	0.000924058	0.00883817
57	0.100177	0.000585475	0.0756173	0.0698269	0.0119116	0.0478133	0.00463338	0.121592	0.0121591	0.122347	0.0197543	0.0370919	0.0309137	0.042735	0.00590195	0.0931255	0.072434	0.113195	0.00035523	0.0178304
58	0.0405468	0.000913278	0.409249	0.136126	0.000733953	0.14164	0.00900722	0.00131272	0.0118991	0.00201525	0.00119518	0.0943067	0.00116489	0.0257713	0.00306858	0.0637669	0.0500588	0.00178196	0.00434855	0.00109372
59	0.038498	0.00529619	0.00139733	0.0103342	0.015454	0.00187483	0.00852427	0.196747	0.00332375	0.114633	0.00732834	0.0100403	0.000750007	0.0121307	0.00872594	0.0051215	0.00995516	0.481381	0.000900359	0.0675841
60	0.00981465	8.57735e-05	0.00082313	0.000412945	0.00035738	0.975827	0.000431845	0.000893074	0.000862986	0.000314066	0.000391478	0.000405118	0.00200421	0.000436605	0.000332744	0.00371638	0.00177563	0.000729745	4.26684e-05	0.0003421
61	0.00969949	0.000102401	0.000852552	0.000312399	0.000305166	0.977202	0.000189406	0.000887708	0.000714225	0.000257423	0.000319542	0.000309999	0.00196374	0.000384049	0.000293488	0.00349292	0.00171803	0.00066925	3.46245e-05	0.000292043
62	0.0039435	0.00089635	0.00147377	0.00226324	0.00118904	0.00156787	0.947437	0.00194903	0.00271296	0.00227034	0.00154467	0.00565042	0.000762836	0.00342475	0.00226582	0.00300856	0.00270408	0.00252027	0.00520207	0.00721353
63	0.0136284	0.00241563	0.000381307	0.00331162	0.000726507	0.00485131	0.00208383	0.407413	0.00175858	0.413314	0.0919971	0.00055988	0.000157076	0.0043379	0.00258393	0.00441312	0.00258984	0.0393514	0.000117048	0.00400846
64	0.562636	0.0217782	0.000430701	0.000673187	0.000600798	0.0624498	0.000774415	0.00168976	0.000730445	0.00079777	0.00126752	0.0013805	0.000299708	0.0013335	0.000779127	0.329951	0.00603875	0.0043587	0.000195355	0.00183436
65	0.00307987	0.000573415	0.00132321	0.00153175	0.000685915	0.00140263	0.00120961	0.00104808	0.00140942	0.00209	0.00138607	0.00859342	0.000617749	0.00182759	0.00609158	0.420468	0.544137	0.00156603	0.00027075	0.000687776
66	0.000963109	0.00569296	0.000319464	0.000661791	0.388847	0.00222901	0.00344167	0.00390896	0.000537534	0.0374552	0.013323	0.000603742	0.00185333	0.000640682	0.000427846	0.00233321	0.00241599	0.000620568	0.011111	0.522614
67	0.218817	0.00850021	0.00379151	0.00447622	0.00192212	0.00770868	0.00495757	0.0159446	0.00912291	0.0370015	0.0425273	0.00496707	0.00184204	0.377471	0.0144836	0.216959	0.020419	0.00563614	0.0013282	0.00212461
68	0.319517	0.00867848	0.0108969	0.00344467	0.00543841	0.287473	0.00566062	0.00402678	0.00845269	0.00552715	0.00169102	0.0162349	0.00343266	0.00895716	0.00834807	0.272147	0.0153405	0.0096107	0.00177953	0.00334263
69	0.51963	0.0162579	0.000918694	0.00121647	0.0122673	0.0410796	0.00129652	0.0516494	0.00275232	0.0245787	0.0179556	0.00176069	0.000925298	0.0114164	0.0014069	0.168295	0.0334467	0.0922728	0.00029637	0.00057647
70	0.566775	0.0312252	0.00125867	0.00149707	0.00385298	0.039534	0.00195352	0.0189783	0.00183604	0.00891224	0.0113596	0.00260186	0.00143558	0.00529596	0.00186561	0.225773	0.0283323	0.0457243	0.000255255	0.00153326
71	0.173361	0.00186921	0.0340657	0.0338129	0.00164644	0.00760048	0.00254646	0.025154	0.00866008	0.0476266	0.0318935	0.069446	0.0321166	0.00503024	0.00639418	0.0992626	0.322338	0.0828837	0.0119394	0.00235301
72	0.00269847	0.00080203	0.000461406	0.000602046	0.0664406	0.000564479	0.00277492	0.0833695	0.00153744	0.562362	0.195614	0.000842749	0.000236746	0.00284254	0.00171136	0.00116851	0.00375973	0.0623273	0.00246088	0.00742315
73	0.0259283	0.00869628	0.000849603	0.00117586	0.245185	0.0074515	0.0120915	0.0921967	0.00101293	0.157243	0.0287037	0.00570754	0.000663477	0.00488181	0.00100698	0.00165521	0.013855	0.0821764	0.0384967	0.271023
74	0.00778161	0.000293425	0.051132	0.906508	0.000347085	0.00717636	0.000685932	0.000611228	0.00203138	0.000868733	0.00230793	0.00410614	0.000296953	0.0079397	0.000733558	0.00360503	0.00112344	0.0007657	0.00012026	0.00156585
75	0.0866971	0.0332869	0.00166131	0.00233473	0.00210702	0.00179407	0.00178233	0.0820164	0.00204289	0.0502457	0.0158941	0.00425874	0.00166872	0.00286945	0.00212041	0.0120632	0.333177	0.362265	0.000486302	0.00122865
76	0.403022	0.0314907	0.00190784	0.00186773	0.00162999	0.477115	0.0017444	0.00648567	0.00204274	0.00294753	0.00256234	0.00211738	0.000920317	0.00287968	0.0047755	0.038828	0.00435862	0.00725239	0.0047192	0.00133273
77	0.00430513	0.000799171	0.00105241	0.00128488	0.723889	0.00143481	0.00990908	0.014005	0.00140067	0.0825066	0.0442119	0.00593436	0.000415676	0.0289571	0.00149662	0.00335202	0.00567549	0.0159121	0.0101689	0.0432892
78	0.00231649	0.000635702	0.0164284	0.00721134	0.000543457	0.00103092	0.00562226	0.000875575	0.00364014	0.00143732	0.00879901	0.920206	0.000421865	0.00971591	0.00382992	0.0130902	0.00191871	0.00139927	0.000288944	0.000588524
79	0.00845051	0.00293225	0.00340524	0.00394372	0.0715559	0.00302651	0.497722	0.00330745	0.0108735	0.00720204	0.0038086	0.0306144	0.00150768	0.0105019	0.0226783	0.0120968	0.00642956	0.00515127	0.0798661	0.214926
80	0.00332903	0.000733401	0.000458615	0.000756058	0.785879	0.000706053	0.00575256	0.0190853	0.000835643	0.0457759	0.0236625	0.00167087	0.00024303	0.00677264	0.00065704	0.00268414	0.00534763	0.0184113	0.018846	0.058393
81	0.0040697	0.00105417	0.00054533	0.000833512	0.725822	0.000736529	0.00768008	0.013598	0.000867303	0.0389445	0.0203937	0.00185168	0.000346594	0.00656919	0.00141987	0.00233701	0.00518444	0.0139611	0.067358	0.0864268
82	0.00713267	0.00916362	0.00111967	0.00306348	0.000346084	0.00517143	0.0398397	0.000802907	0.149324	0.00177178	0.000643134	0.0111436	0.000283214	0.0458762	0.713279	0.00478444	0.00382989	0.00130066	0.000231023	0.000892967
83	0.371946	0.00770492	0.00100839	0.00128724	0.00180891	0.543612	0.000995746	0.00450795	0.00159896	0.00147767	0.00106414	0.00129404	0.000870319	0.00149207	0.00410402	0.0454661	0.00206677	0.00324603	0.0037155	0.000732812
84	0.148073	0.000850304	0.0352619	0.026829	0.000670675	0.030112	0.0274555	0.020737	0.118154	0.0244127	0.00134631	0.0373748	0.274828	0.0375608	0.0938473	0.0507987	0.0481659	0.011724	0.0105208	0.00127764
85	0.405903	0.00808686	0.00399282	0.0045236	0.00266641	0.409377	0.0037489	0.00492535	0.00907353	0.00247887	0.00191063	0.00463269	0.0018174	0.00831504	0.018473	0.0830808	0.013503	0.00877562	0.00284148	0.0018735
86	0.000822381	0.000183341	0.96343	0.0134154	0.000164747	0.000751271	0.000335185	0.000343465	0.000934528	0.000467951	0.000294964	0.00911531	0.00110102	0.000626775	0.000383638	0.00320615	0.000575595	0.000452604	0.000109643	0.00328593
87	0.0321663	0.00958296	0.00299383	0.0134949	0.0720778	0.00156703	0.0993896	0.114817	0.0166633	0.165738	0.224003	0.0213731	0.000648143	0.0649187	0.00825229	0.00745822	0.00833572	0.0798849	0.00254966	0.0540851
88	0.00339807	0.000289007	0.000324651	0.000527216	0.00169361	0.000384282	0.000383146	0.50229	0.00164927	0.0412817	0.00941446	0.000845115	0.000164503	0.00165604	0.000411484	0.000934445	0.00499497	0.42736	0.00171828	0.000279937
89	0.000935821	0.00583287	0.000323209	0.000496347	0.399171	0.00205819	0.00248833	0.0040984	0.000546259	0.0387658	0.0138045	0.000512728	0.00192314	0.000620027	0.000433962	0.00239109	0.00244116	0.000627701	0.0115205	0.511009
90	0.00737717	0.000775773	0.000931153	0.00129322	0.621571	0.00105537	0.00127732	0.10424	0.00149982	0.00234254	0.0185135	0.00151271	0.000415502	0.00158648	0.00132399	0.001846	0.00222566	0.044321	0.00707799	0.178813
91	0.00834872	0.001127	0.0152589	0.0179281	0.00117309	0.00277378	0.0257747	0.00165489	0.00807441	0.00884529	0.00710825	0.0235922	0.000682998	0.831224	0.01567	0.00952429	0.0118954	0.00760187	0.000514816	0.00122748
92	0.0165952	0.00048868	0.00317613	0.00220186	0.00235859	0.927749	0.0014302	0.00189078	0.00289199	0.0014401	0.00089903	0.00275749	0.0153952	0.00200826	0.00149454	0.00887508	0.00387175	0.00236624	0.000199873	0.00191008
93	0.00412438	0.00114948	0.00149807	0.00212237	0.00121004	0.00156451	0.944139	0.00206526	0.00323684	0.00245982	0.0014979	0.00666163	0.000867647	0.00342855	0.00253879	0.00299162	0.00321908	0.00272428	0.00503972	0.00746135
94	0.453162	0.0211275	0.00114047	0.00155854	0.0114841	0.0405263	0.0017161	0.0578692	0.00267931	0.0232526	0.015039	0.00268579	0.00283683	0.00886569	0.00189141	0.179504	0.0479298	0.12557	0.000416818	0.000743898
95	0.493695	0.00772011	0.000589109	0.000846554	0.00164299	0.0276961	0.000951648	0.00531132	0.000977445	0.00215301	0.00185811	0.00204847	0.000386981	0.0018385	0.00108603	0.431562	0.00649712	0.012097	0.000198683	0.000843913
96	0.0568303	0.00193104	0.00992056	0.0316217	0.00104699	0.00661528	0.00795643	0.00668006	0.0129328	0.0109646	0.00364702	0.00925544	0.749205	0.0151987	0.00816422	0.0220621	0.0287546	0.0152897	0.00065666	0.00126689
97	0.0121154	0.00022345	0.00107538	0.000386594	0.000389198	0.972362	0.000254525	0.0012798	0.00081456	0.000432366	0.000373433	0.000348224	0.00208237	0.000397331	0.000351998	0.00396477	0.00184556	0.000917013	8.37222e-05	0.000302774
98	0.0180626	0.00106024	0.00120585	0.00162264	0.020837	0.00131933	0.00138171	0.496556	0.00221997	0.00772159	0.0906985	0.028982	0.00651088	0.0134055	0.00171901	0.00288998	0.0114495	0.291012	0.000337305	0.00100939
99	0.00243773	0.00158977	0.000484736	0.00569372	0.0866103	0.00206035	0.0313543	0.000772044	0.00060597	0.00143408	0.00154078	0.00321297	0.000301192	0.00181272	0.000649107	0.000670811	0.000874591	0.000735756	0.00725148	0.849908
100	0.571155	0.0244753	0.000506199	0.000636784	0.00073999	0.0646417	0.000706882	0.00147206	0.000858521	0.000781335	0.00127901	0.00141214	0.000289247	0.00126387	0.000831093	0.317249	0.00568495	0.0039065	0.000191894	0.00191894
101	0.00834047	0.00303732	0.00195262	0.00316531	0.00338408	0.00375028	0.0136726	0.0017146	0.0256773	0.00878117	0.00216186	0.00952144	0.000523508	0.0118345	0.870132	0.00696926	0.00738369	0.00385843	0.000948075	0.0131917
102	0.42051	0.0116718	0.000606993	0.000730882	0.00063254	0.0285459	0.000698038	0.00294809	0.000792009	0.00101485	0.00108126	0.00180296	0.00032726	0.00124399	0.000936327	0.516654	0.00441766	0.00422607	0.000192937	0.000966808
103	0.00105658	0.00527319	0.000306674	0.00111427	0.366673	0.00201285	0.00571655	0.00375782	0.000534038	0.0343318	0.0120803	0.000861834	0.00172275	0.000693259	0.000440935	0.0022157	0.0022567	0.000590141	0.0105923	0.54777
104	0.0168138	0.00604638	0.000298317	0.000376694	0.00796508	0.000316862	0.0004289	0.0637752	0.00119136	0.717661	0.127684	0.000436797	0.00014159	0.00405968	0.00172546	0.00411734	0.00513106	0.0408442	0.000143286	0.000843281
105	0.0426496	0.00688083	0.078123	0.229858	0.0575361	0.020417	0.0173094	0.035709	0.0153463	0.179314	0.0902893	0.0231313	0.0100398	0.0431567	0.0149189	0.0317895	0.0390197	0.0481503	0.00266441	0.0136973
106	0.0224349	0.00160907	0.0449503	0.0107305	0.00124598	0.777603	0.00149905	0.00179976	0.0175471	0.00190818	0.00194589	0.041456	0.00195952	0.0129007	0.00861575	0.0412656	0.0062608	0.00206481	0.000525972	0.00167692
107	0.0455285	0.0034799	0.00802787	0.0226906	0.035172	0.0103839	0.0621102	0.0154649	0.0435643	0.053229	0.0154935	0.0478696	0.00376125	0.0560073	0.461685	0.0239573	0.0217661	0.0323874	0.00282502	0.034596
108	0.00408378	0.00131484	0.00057427	0.000875965	0.0546144	0.000820856	0.000973731	0.135485	0.00194687	0.708543	0.0342751	0.000921228	0.000750563	0.001688	0.00160298	0.0019892	0.00231352	0.044351	0.000196426	0.00267949
109	0.0394216	0.000796973	0.0476631	0.0303695	0.000730306	0.0107755	0.00599657	0.00124337	0.0287615	0.00164381	0.00111963	0.0272453	0.020252	0.0017199	0.0014244	0.476515	0.30179	0.00144394	0.000298864	0.000788565
110	0.0728324	0.000817491	0.0682081	0.666764	0.00061324	0.00184092	0.00195137	0.00193954	0.0496488	0.00336771	0.00171931	0.00703388	0.000691851	0.069403	0.013243	0.00323144	0.0229663	0.0126022	0.000393046	0.000732197
111	0.0950942	0.000226419	0.209543	0.361726	0.00396307	0.0245359	0.0157446	0.00433138	0.0497927	0.00219905	0.00252708	0.0399094	0.00775994	0.0773088	0.0121745	0.0459664	0.0300546	0.0122133	0.00019501	0.00473481
112	0.00719763	0.00139557	0.126976	0.0331013	0.00145498	0.0024682	0.0622699	0.00292018	0.00605083	0.00481747	0.00271005	0.0537172	0.00149941	0.592061	0.0721339	0.0057297	0.0174477	0.00370338	0.000743209	0.00160255
113	0.00491579	0.00132868	0.000458406	0.00065693	0.00985679	0.000554151	0.000621648	0.0241769	0.000675548	0.75008	0.178313	0.000677944	0.000221006	0.00350821	0.00302243	0.0020156	0.00237797	0.0146144	0.000725334	0.00119844
114	0.0641288	0.00280863	0.359696	0.115621	0.0105932	0.00285778	0.0238064	0.0219314	0.0439011	0.0550076	0.0129319	0.155444	0.00104753	0.0384214	0.0144695	0.0386434	0.00797026	0.016609	0.000573844	0.0135381
115	0.0346616	0.0021836	0.00394357	0.0064181	0.0247707	0.152672	0.241558	0.00542356	0.093501	0.00634439	0.0459031	0.167863	0.00183952	0.00824002	0.0684187	0.071932	0.00787832	0.00647843	0.00165132	0.0483198
116	0.00283899	0.00430497	0.000579057	0.00091403	0.481273	0.00166634	0.00407881	0.0177718	0.000820596	0.0296845	0.0137683	0.000889541	0.00165739	0.00134956	0.000879462	0.0023497	0.00278496	0.00838251	0.0223038	0.401703
117	0.00463745	0.00360722	0.00104212	0.00150327	0.000691926	0.00322031	0.00774736	0.000647852	0.0374405	0.00401009	0.000711975	0.00324848	0.000281351	0.0118864	0.904789	0.00303276	0.00522168	0.00209044	0.000239182	0.00395015
118	0.00859503	0.00126043	0.000366556	0.000523917	0.016982	0.00056339	0.000893366	0.265415	0.00100439	0.515385	0.0301073	0.00086374	0.000218964	0.000803791	0.00080711	0.000868831	0.00548665	0.149164	0.000126984	0.000562836
119	0.0948124	0.021108	0.00396538	0.0044014	0.00164927	0.00741259	0.00317491	0.00262012	0.00476131	0.00370674	0.00256515	0.011017	0.437394	0.00437725	0.00564182	0.349676	0.0355861	0.00401662	0.000597378	0.00151654
120	0.127906	0.0106675	0.00242941	0.00186691	0.000939597	0.0127333	0.00314658	0.00239582	0.00198266	0.00197226	0.0011138	0.00413655	0.00183727	0.00318243	0.00320508	0.805755	0.0105171	0.00291405	0.000368089	0.000931141
121	0.00235171	0.00163572	0.000536344	0.00559891	0.0819008	0.00206923	0.0309307	0.000753907	0.000817706	0.000886151	0.00166248	0.00341115	0.000294948	0.00150908	0.000886277	0.000876964	0.00104868	0.000902382	0.00729641	0.85463
122	0.0160677	0.0013044	0.00254726	0.00384954	0.00053167	0.00184614	0.00384707	0.00290163	0.00300783	0.0116583	0.000945636	0.00169653	0.912376	0.00203393	0.00156386	0.00749615	0.00701164	0.0185508	0.000269354	0.000494407
123	0.003914	0.000827444	0.00153627	0.0021327	0.00129623	0.00155583	0.945277	0.00208547	0.0031194	0.00241154	0.00131452	0.00710161	0.000757229	0.00311422	0.00263941	0.00299003	0.00259593	0.00273698	0.0050148	0.00757931
124	0.0151175	0.00101584	0.00271944	0.00471666	0.000560606	0.0018524	0.00400255	0.00296937	0.00294713	0.0115938	0.00114996	0.00157046	0.913138	0.00238567	0.00187081	0.00500066	0.00730226	0.019335	0.00027053	0.00048091
125	0.0109928	0.00244921	0.00353954	0.00595619	0.0273803	0.00529607	0.139886	0.00445963	0.071063	0.0233542	0.00489649	0.0604375	0.00212278	0.0271506	0.397322	0.00848861	0.0116821	0.00634907	0.0675493	0.119624
126	0.0780249	0.0924313	0.00906417	0.0139306	0.00857523	0.106458	0.0126774	0.0132093	0.0134666	0.332015	0.0604284	0.0140199	0.00445277	0.0675424	0.0597943	0.0716758	0.0199288	0.0137562	0.00253056	0.00601874
127	0.0156728	0.00274447	0.00104931	0.00128118	0.0039181	0.00116677	0.00147068	0.0323197	0.00278285	0.379841	0.488647	0.00203084	0.00057908	0.00991809	0.00211273	0.00522392	0.02961	0.0153338	0.00277816	0.0015198
128	0.05512	0.0023813	0.0536641	0.0350349	0.00273078	0.00965052	0.043103	0.00626138	0.234933	0.00861821	0.00590337	0.0769429	0.165003	0.128912	0.0634291	0.0671953	0.0158553	0.00831798	0.00785381	0.00909054
129	0.0203312	0.000547086	0.497862	0.193388	0.000514716	0.0642384	0.00760897	0.00104896	0.010866	0.00130278	0.000915463	0.0808715	0.000793483	0.0302416	0.00147554	0.0375199	0.0384331	0.00156561	0.00963285	0.00084224
130	0.000924268	0.00591791	0.00032693	0.00044133	0.403571	0.00207434	0.00198486	0.00417761	0.000541905	0.0395718	0.0140625	0.000466735	0.00194459	0.000625122	0.000433215	0.00244085	0.00250562	0.000625656	0.0115519	0.505811
131	0.00302501	0.000733616	0.00112147	0.00159756	0.000776726	0.00122686	0.00130545	0.00131225	0.00156435	0.00185989	0.00124171	0.00138969	0.000540507	0.00204521	0.00151706	0.00227955	0.00219293	0.0016266	0.940472	0.032172
132	0.00502237	0.00106544	0.0279022	0.0394189	0.00101882	0.0025552	0.0262392	0.00183896	0.018417	0.004263	0.00357571	0.04328	0.000707268	0.760773	0.0293773	0.0136972	0.0147977	0.00443512	0.000500593	0.00111488
133	0.0177642	0.00466459	0.00352778	0.00259201	0.524017	0.00409598	0.0151904	0.0543113	0.00222039	0.105436	0.0283173	0.0100753	0.000715837	0.00808334	0.00240332	0.00396691	0.0154631	0.053627	0.0249679	0.118561
134	0.136821	0.00916363	0.00517418	0.00579913	0.00149304	0.0102095	0.00275776	0.00176887	0.00559908	0.00425658	0.00198516	0.0133015	0.627879	0.00265778	0.00718343	0.138066	0.0196094	0.00367429	0.000552074	0.0020489
135	0.00600476	0.00122759	0.00136604	0.00175033	0.000993134	0.00694977	0.00150812	0.00257591	0.00180092	0.00376193	0.00246255	0.00397211	0.0134682	0.00538912	0.00219786	0.0433122	0.893124	0.0066165	0.000315494	0.00120382
136	0.0935726	0.00739574	0.00702952	0.0140113	0.00719603	0.0897111	0.00931007	0.0517077	0.011659	0.0228324	0.0104478	0.0179287	0.00763463	0.0154954	0.00938844	0.0454334	0.0440628	0.527139	0.00184111	0.00620346
137	0.0974264	0.0126388	0.00206348	0.00229005	0.000848205	0.0105124	0.00344967	0.00286554	0.00300821	0.0021156	0.00145021	0.00522918	0.00266769	0.0038004	0.00282238	0.820314	0.0219474	0.00305039	0.000485182	0.00101535
138	0.0141965	0.00188978	0.00186013	0.00242277	0.00669128	0.00135472	0.00224182	0.0268671	0.00452731	0.144178	0.690502	0.00207468	0.00103926	0.0103121	0.00212757	0.00793838	0.0600417	0.0140357	0.00323724	0.00246236
139	0.00968698	8.42796e-05	0.000748258	0.000198805	0.000291934	0.97815	0.000162988	0.000889493	0.000506836	0.000246755	0.000318687	0.000204884	0.00196876	0.000270228	0.000207895	0.00341131	0.00167851	0.00065934	3.40099e-05	0.000280319
140	0.0117552	0.001811	0.000522082	0.00252475	0.00754703	0.00374006	0.00159476	0.411619	0.00177621	0.397616	0.0635043	0.000915076	0.000193208	0.00321248	0.00212707	0.00373123	0.0039617	0.0785963	0.000577138	0.00267582
141	0.0407348	0.00085902	0.00100499	0.000561861	0.000341115	0.935934	0.000347064	0.00157934	0.000820631	0.000650569	0.00107794	0.00034185	0.00175914	0.000614419	0.0014036	0.00656056	0.00351929	0.00124693	0.00034542	0.000297937
142	0.186276	0.00918921	0.00507425	0.00645072	0.000923888	0.0137496	0.00163466	0.00130412	0.00569672	0.00167511	0.00107564	0.0147582	0.601704	0.00275425	0.00852154	0.114693	0.0198838	0.00340079	0.000293041	0.000940864
143	0.0142449	0.00270609	0.000383832	0.00341261	0.000443932	0.00504827	0.00223718	0.402139	0.00175842	0.414711	0.0975664	0.000528198	0.000178051	0.0047782	0.00275648	0.00474144	0.00249854	0.0358783	0.000107872	0.00388105
144	0.106494	0.0338062	0.0379884	0.0209937	0.00214019	0.0786037	0.00505528	0.00320283	0.0201088	0.01988	0.0592628	0.179352	0.0013987	0.162449	0.00425373	0.184897	0.0721366	0.00486273	0.000886032	0.00222879
145	0.514824	0.0124683	0.000501292	0.000672337	0.000944556	0.0391346	0.000742359	0.00249059	0.000773246	0.000826349	0.0012332	0.00167054	0.000255169	0.0011299	0.000737356	0.412064	0.0039125	0.00422182	0.000235705	0.00116261
146	0.0175472	0.00151361	0.000506185	0.000764591	0.00779668	0.00050839	0.0010033	0.564884	0.000945183	0.130334	0.024292	0.00200023	0.000643289	0.00185525	0.000765664	0.00161763	0.0122832	0.226468	0.00181895	0.00245258
147	0.0153801	0.00231344	0.00843718	0.024831	0.13584	0.00238173	0.037063	0.00900111	0.00555812	0.00963961	0.0161706	0.0041214	0.0064361	0.02588	0.00869512	0.00712711	0.00408833	0.00576249	0.00888081	0.662393
148	0.064323	0.00381527	0.00881035	0.0147909	0.00569698	0.0081645	0.17988	0.0106289	0.0119334	0.0574459	0.0130887	0.0142047	0.00463948	0.409256	0.0130578	0.0180242	0.13974	0.0148543	0.00309361	0.00455243
149	0.754885	0.00948985	0.00215476	0.00367152	0.00347906	0.0402097	0.00188724	0.0050893	0.0035842	0.0198164	0.00423895	0.00463207	0.00230297	0.0104487	0.00506905	0.0745661	0.0278391	0.0251369	0.000401727	0.00109739
150	0.0258179	0.00412389	0.00545295	0.0208043	0.0050642	0.0105919	0.0483975	0.00877174	0.0631003	0.0239984	0.0687628	0.0107112	0.0037241	0.166341	0.366784	0.105988	0.0134279	0.0109008	0.0323814	0.00485606
151	0.00551481	0.000989973	0.000441143	0.000679277	0.778237	0.000539828	0.00532615	0.0250496	0.000661633	0.0567264	0.02944	0.00164427	0.000201001	0.00663971	0.000626694	0.00332798	0.00713981	0.026205	0.0114145	0.0391949
152	0.0164642	0.00329711	0.0365516	0.0114069	0.00896517	0.00925324	0.0355129	0.0425959	0.00846481	0.404268	0.156793	0.105322	0.00334665	0.0419978	0.00868884	0.0120265	0.0712803	0.0128336	0.00174494	0.0091862
153	0.00359693	0.00357421	0.00619889	0.00558405	0.00356813	0.000708404	0.0341535	0.00280303	0.519904	0.00134785	0.000671508	0.00392719	0.000353554	0.0192108	0.351778	0.0117497	0.0290834	0.00100236	0.000253341	0.00053146
154	0.00262197	0.00160534	0.000351485	0.00558382	0.0888334	0.00220056	0.0324686	0.000443431	0.00051816	0.000724904	0.00119549	0.00329115	0.000386611	0.00146299	0.000712557	0.00119896	0.000901426	0.000588586	0.00963713	0.845273
155	0.0056706	0.00123432	0.000546488	0.00075644	0.00844639	0.000686566	0.000766972	0.0215148	0.00118376	0.681419	0.241477	0.000849138	0.000263672	0.00551819	0.00302675	0.00255723	0.00926381	0.0126288	0.000865092	0.00132534
156	0.0641285	0.00133813	0.0741746	0.309146	0.00132148	0.00257784	0.158721	0.0128906	0.0133661	0.0256047	0.0122794	0.0429079	0.000948263	0.125682	0.043927	0.0361353	0.0696383	0.00271269	0.000883997	0.00161532
157	0.10337	0.035182	0.141407	0.00580208	0.00147317	0.0424059	0.172845	0.00235278	0.0261087	0.00384452	0.00223013	0.296098	0.00285366	0.0147578	0.00386013	0.107252	0.0227765	0.00309621	0.000550445	0.0117341
158	0.0128949	0.0286751	0.00221057	0.0032668	0.00206706	0.0050437	0.0787717	0.0026778	0.0892303	0.0072789	0.0032462	0.00927296	0.00119711	0.0593624	0.672098	0.00469523	0.00674944	0.00432101	0.00144952	0.0054908
159	0.0253203	0.00387756	0.120404	0.0846789	0.00157477	0.432196	0.023368	0.000806879	0.0818831	0.00917147	0.00259993	0.0768842	0.00036173	0.042972	0.0389184	0.0349976	0.00962605	0.0019036	0.00144006	0.00701517
160	0.0324379	0.00138179	0.194706	0.111759	0.0027789	0.20958	0.0441422	0.000613494	0.0961458	0.0164032	0.00292012	0.113711	0.000266425	0.0614309	0.0526587	0.0379036	0.00915585	0.00068333	0.00257835	0.00874342
161	0.101413	0.00533185	0.00388089	0.0103597	0.00256678	0.0191745	0.0122588	0.012036	0.0350073	0.038523	0.0230295	0.0135148	0.00175012	0.403434	0.106433	0.173965	0.0240053	0.00811542	0.00255589	0.00264479
162	0.00631751	0.00307319	0.00906076	0.007043	0.00293899	0.00109267	0.0583312	0.00620655	0.452798	0.00819002	0.00111545	0.0119316	0.000517305	0.021824	0.331406	0.0109294	0.0644606	0.00164002	0.00039657	0.00072755
163	0.00877347	0.0170353	0.00107677	0.00465723	0.00942367	0.00147075	0.00207764	0.203125	0.00160556	0.0158761	0.00308529	0.00829976	0.000631993	0.00224469	0.00136548	0.00221996	0.0861125	0.627344	0.000368078	0.00320684
164	0.00302501	0.000733616	0.00112147	0.00159756	0.000776726	0.00122686	0.00130545	0.00131225	0.00156435	0.00185989	0.00124171	0.00138969	0.000540507	0.00204521	0.00151706	0.00227955	0.00219293	0.0016266	0.940472	0.032172
165	0.496543	0.246436	0.00391112	0.00527651	0.003344	0.0419122	0.00501537	0.00456808	0.00552912	0.00743293	0.00549343	0.00598915	0.003819	0.00735464	0.00597409	0.0242245	0.0473746	0.0756275	0.00151412	0.00266102
166	0.00717713	0.0007562	0.000918907	0.00128948	0.626081	0.00105319	0.00129973	0.102039	0.00148727	0.00221304	0.0183006	0.00152096	0.000439388	0.00157531	0.00130906	0.00185634	0.00220921	0.0434672	0.00720911	0.177798
167	0.0139837	0.00573485	0.000319819	0.00041259	0.0186645	0.000339387	0.000909362	0.0704637	0.00132414	0.683833	0.134913	0.000495923	0.000119141	0.00381791	0.00185819	0.00335634	0.00474696	0.0521515	0.000437216	0.00211863
168	0.00988803	0.00010532	0.00100316	0.00032282	0.000363295	0.975565	0.00024174	0.00110688	0.000887503	0.000478189	0.00047922	0.00048424	0.00196856	0.000352893	0.0004248	0.00356293	0.00174406	0.000682601	3.40675e-05	0.000304716
169	0.00080895	0.000189146	0.958537	0.0132235	0.000166706	0.00188488	0.00033214	0.000343317	0.00115839	0.000479075	0.000287841	0.0115495	0.00116301	0.000851784	0.000466443	0.00381891	0.000943696	0.000465276	0.000100236	0.00323048
170	0.00973247	8.99512e-05	0.000853406	0.000293821	0.000296787	0.977151	0.000223531	0.000883044	0.000768919	0.000270819	0.000328045	0.000279361	0.00196765	0.000314049	0.000271687	0.00353812	0.00171954	0.000667147	3.39015e-05	0.000316466
171	0.0102124	0.00034784	0.0502887	0.892334	0.000478443	0.00703613	0.0010889	0.00111349	0.00347798	0.00149604	0.0031332	0.00433681	0.00108289	0.0126987	0.00167635	0.00370354	0.00203287	0.00165214	0.000140744	0.00166838
172	0.0128133	0.0852919	0.00385934	0.00512082	0.00261426	0.00445955	0.0241786	0.00649623	0.00524703	0.0503836	0.448935	0.00573325	0.00203021	0.00731983	0.00540348	0.0284593	0.210805	0.0871095	0.000965813	0.00277459
173	0.0112331	0.000890779	0.607406	0.0431462	0.000707731	0.102816	0.0048745	0.00112418	0.0167734	0.00275591	0.00109382	0.112706	0.00372073	0.0163503	0.00601583	0.044365	0.0199589	0.00156688	0.000924392	0.00156997
174	0.0227789	0.000715002	0.0472368	0.817914	0.000601213	0.00666633	0.00345326	0.00140018	0.0107487	0.00514922	0.00547748	0.00739976	0.00139633	0.0459425	0.00503388	0.00521891	0.00596556	0.00492539	0.00044857	0.00152832
175	0.0843628	0.00349041	0.00181076	0.00319738	0.00100268	0.00391981	0.00343397	0.0189329	0.00220446	0.00966784	0.00338641	0.001996	0.580545	0.00275365	0.00192971	0.00382153	0.0191063	0.252794	0.00043442	0.00120964
176	0.010015	0.000319195	0.0575825	0.890236	0.000358545	0.00718337	0.00094313	0.00064786	0.00402627	0.00100976	0.00232575	0.00485561	0.000606903	0.0100368	0.00142616	0.003804	0.00167296	0.00118138	0.000201968	0.00156686
177	0.220546	0.00529419	0.00642416	0.00125541	0.000643948	0.000938302	0.0117012	0.0329343	0.00122742	0.00166756	0.000968766	0.0061311	0.00732315	0.00989721	0.00117176	0.509177	0.165009	0.0167552	0.000248494	0.000685746
178	0.0447858	0.00729859	0.0015295	0.00284522	0.00119177	0.00168185	0.00723864	0.143466	0.0687798	0.276114	0.0738812	0.00228789	0.000590325	0.0418235	0.111573	0.00317892	0.0461653	0.1625	0.000446446	0.00262295
179	0.324225	0.00748522	0.00122381	0.00125627	0.00274033	0.555471	0.00188778	0.00428163	0.00224107	0.00159459	0.00135081	0.00196566	0.00189377	0.00400218	0.00368109	0.0677317	0.00545849	0.00783106	0.00280114	0.000877559
180	0.596163	0.00610351	0.000881026	0.000997234	0.0241028	0.0537645	0.00119108	0.0331828	0.00384231	0.0213807	0.0155033	0.00121646	0.000711351	0.0149273	0.0014342	0.104904	0.0284495	0.0905973	0.000224187	0.000423446
181	0.0136891	0.00243814	0.000388376	0.0033372	0.000477924	0.00483601	0.00207444	0.407633	0.00175941	0.415016	0.0921036	0.000557073	0.00016047	0.00439583	0.0026134	0.00446125	0.00253781	0.0373725	0.000116697	0.00403248
182	0.123471	0.00180673	0.0339866	0.00254989	0.00132478	0.064508	0.111699	0.00217852	0.0027269	0.0129824	0.00210152	0.0289859	0.000991958	0.0557827	0.0145607	0.428504	0.106898	0.00284792	0.000634008	0.00146051
183	0.00847585	0.0023322	0.000668178	0.00120558	0.0521978	0.000765967	0.0052338	0.153695	0.00796418	0.421098	0.0941612	0.000962091	0.000371143	0.00303029	0.012832	0.00115227	0.00456942	0.223692	0.000213914	0.00537876
184	0.427279	0.00890898	0.000958362	0.00171077	0.00160034	0.477996	0.00182298	0.0051209	0.00187951	0.00208695	0.00140622	0.00189973	0.00113104	0.00334453	0.00425815	0.0439535	0.00449903	0.00488634	0.00427161	0.000985394
185	0.470417	0.00585048	0.00113953	0.00136269	0.00390235	0.126699	0.00831656	0.00506171	0.00259687	0.00345299	0.00270249	0.00496115	0.00494507	0.018472	0.00260006	0.238562	0.0380556	0.0596404	0.000247274	0.00101416
