694	20
1	0.136729	0.0324674	0.0261514	0.0386513	0.00756997	0.0478619	0.0286488	0.00168977	0.0778506	0.0161958	0.00173761	0.0486436	0.187765	0.0500815	0.0543101	0.170863	0.0506904	0.0168313	0.00034612	0.00491556
2	0.00604629	0.00164343	0.00252454	0.00288621	0.00237245	0.00677563	0.00258764	0.00535528	0.020471	0.0052079	0.00616552	0.00405389	0.00252963	0.0100638	0.885362	0.0147886	0.00370444	0.0150092	0.000246961	0.00220542
3	0.0451536	0.0014194	0.027368	0.0183862	0.00298403	0.00619163	0.0124128	0.00398998	0.0356083	0.017859	0.00177843	0.0234183	0.71212	0.00778387	0.0182818	0.023371	0.00852071	0.0307821	0.00031695	0.00225389
4	0.120161	0.0134242	0.0286102	0.0360959	0.00369668	0.0427648	0.0276636	0.00114373	0.0573183	0.0147376	0.0010122	0.0553515	0.257277	0.0410948	0.0447717	0.17235	0.0602444	0.0151097	0.000244618	0.00692898
5	0.0787809	0.00292933	0.0056458	0.00520478	0.00309632	0.0064119	0.0025516	0.08744	0.00406934	0.337687	0.0372905	0.00419477	0.0925722	0.0102533	0.018777	0.0129936	0.00923914	0.262323	0.0155963	0.002943
6	0.0500966	0.0691729	0.0656027	0.0609735	0.0255645	0.00453335	0.0127376	0.28596	0.00337686	0.0421771	0.00397127	0.0223808	0.00794508	0.0197109	0.00256744	0.0319089	0.0979458	0.159599	0.00245402	0.0313224
7	0.00444939	0.0169088	0.00295947	0.00341263	0.664496	0.00571818	0.0136486	0.0237172	0.00342419	0.0413159	0.012989	0.00393545	0.0079277	0.00397869	0.00926013	0.0123566	0.0171252	0.0225112	0.00409721	0.125768
8	0.0132956	0.00281734	0.00317536	0.0118922	0.0338504	0.0034151	0.0186295	0.00960318	0.00478372	0.0317675	0.0476629	0.0273718	0.00224965	0.729148	0.00489832	0.0131331	0.0127531	0.0115678	0.00251217	0.0154731
9	0.0563082	0.0514027	0.0189428	0.0660567	0.0108941	0.00861931	0.00680452	0.22854	0.0103149	0.145464	0.024954	0.0132315	0.00642541	0.0853559	0.00769727	0.0697778	0.0486406	0.0929429	0.037469	0.0101588
10	0.00963659	0.00176564	0.000301663	0.000800739	0.0535688	0.00187948	0.000294709	0.221128	0.00136874	0.502441	0.056941	0.00122922	0.00213775	0.00392435	0.000876829	0.00293436	0.00627276	0.120081	0.00335109	0.00906606
11	0.000789508	0.000314996	0.912867	0.0424644	0.000419956	0.000414507	0.000322914	0.000487655	0.00424425	0.00250461	0.000488821	0.017764	0.000273547	0.000605279	0.000503264	0.00660777	0.00779865	0.000743365	0.000103296	0.000281731
12	0.152496	0.101832	0.00137784	0.00653496	0.0202893	0.00321867	0.00408143	0.137242	0.001208	0.128264	0.0271448	0.00356716	0.000821593	0.00187925	0.00658267	0.0321682	0.0362869	0.314033	0.000300293	0.0206715
13	0.0373759	0.00676435	0.319995	0.318272	0.00509092	0.0123658	0.0153943	0.00439234	0.0371218	0.0162041	0.00629367	0.0574875	0.00934427	0.0385366	0.00968737	0.0496915	0.027176	0.0256393	0.0011165	0.00205169
14	0.0118225	0.00558579	0.00820665	0.0545288	0.051208	0.0103517	0.0494375	0.00917859	0.00691454	0.0280263	0.0332642	0.100524	0.00490649	0.0522108	0.00999771	0.0353551	0.0298616	0.0572147	0.00152516	0.43988
15	0.126288	0.00254274	0.00107404	0.00126456	0.00368761	0.0139238	0.00109477	0.0188963	0.00751003	0.019446	0.00129951	0.012332	0.619209	0.0112137	0.00164815	0.0542518	0.0879337	0.0145327	0.000337678	0.00151378
16	0.0743953	0.00200736	0.000878816	0.00528517	0.00119407	0.0113794	0.00207356	0.185814	0.00287952	0.026047	0.0125216	0.0178022	0.00192072	0.0103627	0.0162631	0.0719381	0.104274	0.451872	0.00033331	0.00075828
17	0.0259442	0.0102887	0.00176385	0.00401972	0.0160675	0.00219614	0.00158555	0.403298	0.000483812	0.099271	0.0252215	0.00178079	0.000289109	0.000599692	0.000585331	0.00213226	0.0321864	0.356195	0.00159616	0.0144958
18	0.0271921	0.00295078	0.0121266	0.0316178	0.0132709	0.00937371	0.0279317	0.0157548	0.201089	0.0409314	0.016966	0.0265593	0.00709116	0.130267	0.290742	0.021652	0.0515442	0.0354873	0.000995218	0.0364578
19	0.0185493	0.000707939	0.000252369	0.000797654	0.0483342	0.00327489	0.000275389	0.160576	0.00175452	0.549283	0.0849124	0.000597543	0.000744851	0.00664369	0.000839323	0.00184312	0.0037653	0.0940812	0.00639113	0.0163759
20	0.00163871	0.000698857	0.000998979	0.00512162	0.231069	0.000894587	0.0016842	0.00122124	0.00105375	0.00565423	0.00488842	0.00118423	0.000912982	0.00115239	0.00094484	0.00191022	0.00167609	0.00450325	0.0121001	0.720692
21	0.0116504	0.000431754	0.00678115	0.000674204	0.000534077	0.9101	0.000456026	0.000659898	0.000954883	0.000931555	0.00453729	0.0137372	0.000322362	0.00635737	0.000564779	0.0292152	0.00460243	0.00472801	0.00231953	0.000441988
22	0.0259514	0.00662711	0.00048484	0.00166469	0.00694866	0.00299728	0.00129729	0.209231	0.00180385	0.015015	0.00393343	0.00426085	0.000863514	0.00327444	0.00880051	0.013015	0.0290168	0.6638	0.000249429	0.000764994
23	0.00961259	0.00829661	0.129355	0.0209207	0.00574268	0.0744281	0.00437033	0.00611326	0.0116262	0.00820802	0.00734554	0.253382	0.00974111	0.0162543	0.0606639	0.0831914	0.276116	0.00934149	0.00145366	0.00383704
24	0.047072	0.000839045	0.220232	0.345736	0.0016394	0.0296014	0.00874459	0.00254792	0.068288	0.0130217	0.0049175	0.0684444	0.0060451	0.0658457	0.00743722	0.0539101	0.0392462	0.0158741	0.000139207	0.000418614
25	0.0134852	0.00160648	0.0072604	0.00290945	0.00155194	0.861949	0.00243941	0.00200371	0.00594643	0.00220071	0.00449676	0.0144038	0.00111776	0.0236905	0.0023477	0.036683	0.00656111	0.00569537	0.00210137	0.00154971
26	0.00436881	0.0122172	0.0239323	0.0141036	0.026293	0.00243312	0.323309	0.00500126	0.043136	0.00349001	0.00276987	0.420881	0.00195534	0.0460927	0.02804	0.0187284	0.00414525	0.00389285	0.000678989	0.0145308
27	0.0200192	0.0113091	0.00567197	0.0127131	0.00207533	0.0107106	0.00239335	0.019003	0.00841944	0.00370863	0.00554131	0.0142173	0.0161889	0.00317147	0.01308	0.47031	0.368988	0.00985761	0.000900883	0.0017208
28	0.0134218	0.00854858	0.000319224	0.000466957	0.00907133	0.000378072	0.000333789	0.206946	0.000473603	0.0101959	0.00050005	0.000579851	0.000279539	0.000550842	0.00289274	0.000907304	0.00537921	0.738365	0.000129962	0.000260417
29	0.121143	0.291279	0.00275826	0.0042217	0.019363	0.0130017	0.0171445	0.0561365	0.00304691	0.131903	0.0575493	0.00448934	0.0020961	0.00444994	0.00436629	0.0300699	0.0660576	0.164274	0.000820229	0.00582952
30	0.166229	0.251944	0.00223182	0.0033803	0.0100437	0.0177863	0.00680287	0.0471907	0.00187251	0.141446	0.033391	0.0024334	0.00151841	0.00284366	0.00333609	0.0163981	0.0679661	0.217414	0.000452549	0.00531891
31	0.0559379	0.0360816	0.00482604	0.00530229	0.0997583	0.00786374	0.0930477	0.0511641	0.0304945	0.105885	0.0339909	0.169088	0.00237746	0.0823639	0.0334784	0.0906305	0.0146195	0.0409619	0.00158409	0.0405439
32	0.0134218	0.00854858	0.000319224	0.000466957	0.00907133	0.000378072	0.000333789	0.206946	0.000473603	0.0101959	0.00050005	0.000579851	0.000279539	0.000550842	0.00289274	0.000907304	0.00537921	0.738365	0.000129962	0.000260417
33	0.0325927	0.00412516	0.00402078	0.01204	0.00368413	0.0425829	0.0894517	0.0106537	0.0471012	0.0264683	0.0170108	0.0247137	0.0507895	0.10498	0.0870937	0.146809	0.187806	0.0523317	0.00126274	0.0544834
34	0.0145608	0.00242945	0.0591165	0.00260321	0.0019499	0.790029	0.00379377	0.00179569	0.0161227	0.00358237	0.00500051	0.0441918	0.000958415	0.00975014	0.00364715	0.0257573	0.00568687	0.00535839	0.00226614	0.00140031
35	0.0022149	0.00438818	0.00111439	0.00142842	0.71752	0.00683719	0.00102986	0.0307507	0.00158804	0.0224045	0.00242355	0.00151129	0.011678	0.00176278	0.00123354	0.00598401	0.00591826	0.0320529	0.00068379	0.147476
36	0.0455336	0.0517662	0.0508318	0.094494	0.035548	0.00434591	0.0692883	0.00666141	0.0937504	0.183822	0.0395236	0.00628379	0.00223469	0.0655347	0.055607	0.0349709	0.0805203	0.076193	0.00106718	0.00202319
37	0.0434463	0.00142031	0.0200809	0.0103645	0.00426435	0.00640944	0.0155541	0.00447434	0.0196558	0.0151171	0.00169838	0.0207897	0.75628	0.00440399	0.0122191	0.0242634	0.0085687	0.0279417	0.000348086	0.00269946
38	0.00274329	0.00115346	0.0016641	0.00227779	0.0213544	0.00151076	0.0331865	0.00120306	0.00133627	0.00183541	0.00116098	0.00281968	0.0072444	0.00153653	0.00226771	0.00509545	0.00234434	0.00180545	0.00414358	0.903317
39	0.0123934	0.00187994	0.0141385	0.00785592	0.512147	0.0107597	0.00150345	0.0713403	0.00218551	0.279247	0.0385111	0.0091345	0.00124367	0.00248778	0.00280781	0.00634748	0.00505912	0.0150121	0.00314519	0.00280029
40	0.00163805	0.00128688	0.00116288	0.00501159	0.232707	0.000935007	0.00221937	0.00131333	0.00130183	0.00613638	0.00489067	0.00120037	0.000938995	0.00130017	0.00120526	0.00218901	0.0018755	0.00487109	0.0142441	0.713572
41	0.00137843	0.000370173	0.000519255	0.000589982	0.00831199	0.000482528	0.000390955	0.554869	0.000548308	0.285171	0.0411422	0.00278361	0.0122262	0.000864455	0.000522028	0.00104857	0.00274418	0.0847751	0.000130848	0.00113098
42	0.0151375	0.00837384	0.00325186	0.018216	0.157269	0.00255736	0.0383158	0.039992	0.0270289	0.127053	0.109352	0.00467698	0.00174575	0.0150389	0.0306784	0.00793188	0.0131887	0.0804269	0.117661	0.182105
43	0.0141994	0.00395011	0.00421838	0.0558975	0.00550211	0.366781	0.0729953	0.00675311	0.00737366	0.00799981	0.00558988	0.139441	0.0035653	0.0578266	0.0325413	0.0258718	0.00990923	0.033028	0.00128448	0.145272
44	0.00163871	0.000698857	0.000998979	0.00512162	0.231069	0.000894587	0.0016842	0.00122124	0.00105375	0.00565423	0.00488842	0.00118423	0.000912982	0.00115239	0.00094484	0.00191022	0.00167609	0.00450325	0.0121001	0.720692
45	0.0490953	0.00220476	0.0528984	0.121673	0.0040336	0.0180115	0.0324983	0.00559476	0.115035	0.0223381	0.0129946	0.117878	0.00229091	0.186321	0.0802694	0.0864004	0.0767739	0.00788414	0.00253595	0.00326991
46	0.00526326	0.00248469	0.00421492	0.0254844	0.141311	0.00152143	0.0372826	0.0326753	0.0114854	0.17265	0.080999	0.00700162	0.00102142	0.0205261	0.0173056	0.0133166	0.00753365	0.0631785	0.0125282	0.342216
47	0.0185493	0.000707939	0.000252369	0.000797654	0.0483342	0.00327489	0.000275389	0.160576	0.00175452	0.549283	0.0849124	0.000597543	0.000744851	0.00664369	0.000839323	0.00184312	0.0037653	0.0940812	0.00639113	0.0163759
48	0.00587927	0.000907794	0.00206519	0.014448	0.00102045	0.00165005	0.00350315	0.00211091	0.757706	0.00379221	0.00306406	0.00467513	0.00229366	0.0489498	0.134821	0.00483218	0.00314673	0.00255562	0.000306015	0.00227316
49	0.00635807	0.00413152	0.00107719	0.00225917	0.0135171	0.00177421	0.00441407	0.611286	0.000687061	0.0465671	0.0249779	0.000944913	0.000357697	0.000908305	0.00071498	0.00282684	0.0129066	0.258969	0.00104506	0.00427658
50	0.0233057	0.0115535	0.00375772	0.00502881	0.0960438	0.00380835	0.00306889	0.0890691	0.00423584	0.0559511	0.00481813	0.00524991	0.00538024	0.00583131	0.00450475	0.159895	0.291347	0.110922	0.0033195	0.112909
51	0.0341097	0.0143216	0.0015884	0.0023651	0.0122499	0.00200186	0.00170605	0.0339375	0.00262763	0.196408	0.107681	0.00329481	0.0012886	0.002937	0.00224634	0.0137736	0.122295	0.441234	0.00127692	0.00265721
52	0.145382	0.0237326	0.000975878	0.00157639	0.0102761	0.0482953	0.0187221	0.0131136	0.0720191	0.0186102	0.0183176	0.053968	0.00477123	0.0411742	0.0409876	0.189651	0.224919	0.0672336	0.000215589	0.00605771
53	0.0159646	0.00420479	0.17173	0.0338076	0.00688724	0.00447977	0.00478237	0.0840127	0.00579528	0.184211	0.0817468	0.0700634	0.00705522	0.0348027	0.00649765	0.0377034	0.0587702	0.088024	0.025534	0.0739267
54	0.047272	0.00194784	0.00159712	0.0022657	0.00846736	0.00429031	0.00164702	0.0101444	0.00944355	0.0156605	0.00134008	0.00657712	0.783537	0.017996	0.00470162	0.033912	0.0400638	0.00516359	0.00033903	0.00363373
55	0.0832014	0.00545778	0.0554712	0.0705053	0.00362796	0.0204135	0.0212883	0.0104837	0.279194	0.0124473	0.00279108	0.0927279	0.0173824	0.0767511	0.0825519	0.0703272	0.06312	0.0227715	0.000138476	0.00934787
56	0.0354608	0.00279501	0.015816	0.00393718	0.139605	0.018003	0.0630529	0.0454407	0.00461098	0.283535	0.131077	0.0488321	0.00245354	0.00926374	0.00619494	0.0489154	0.0376756	0.0283242	0.0162638	0.0587424
57	0.0285979	0.00980399	0.00172066	0.00383197	0.0183484	0.00194683	0.00204349	0.359662	0.000838003	0.111796	0.0268988	0.00239588	0.000378164	0.000988323	0.000738194	0.00216561	0.0315969	0.379587	0.00148465	0.0151779
58	0.121118	0.0133373	0.0284746	0.0358697	0.00368045	0.0427236	0.0275305	0.00115173	0.0570515	0.0146676	0.00107594	0.0553521	0.256963	0.0409647	0.0447393	0.172312	0.0607143	0.0151612	0.000243595	0.00686984
59	0.0507857	0.00632395	0.299549	0.0437376	0.0329751	0.0100988	0.0188512	0.00856651	0.0196715	0.0108296	0.00704325	0.267247	0.00532449	0.0238395	0.0142582	0.12365	0.0244284	0.0232673	0.00410143	0.00545181
60	0.0199457	0.00900156	0.0015371	0.00369455	0.0156487	0.00197106	0.00211391	0.451134	0.000540727	0.08357	0.0236432	0.0014012	0.000309619	0.000598824	0.000509627	0.00246813	0.030283	0.338168	0.00218313	0.0112788
61	0.113932	0.00555806	0.149109	0.0341389	0.00523149	0.0066476	0.00405821	0.047343	0.0080982	0.195576	0.0115051	0.0582202	0.0956093	0.0632316	0.00836821	0.040302	0.041513	0.101193	0.00300497	0.00736013
62	0.00223045	0.00427409	0.0010689	0.00143736	0.718848	0.00688551	0.000965411	0.0309383	0.00148356	0.022399	0.00240319	0.00151009	0.0118011	0.00172352	0.0012284	0.00593201	0.00588907	0.0316985	0.00049787	0.146786
63	0.0315886	0.0148119	0.0658321	0.0735949	0.00484388	0.00297278	0.00197281	0.144323	0.0616132	0.0662764	0.0242841	0.0112748	0.0550803	0.0517508	0.0284492	0.0147281	0.124122	0.219731	0.000525292	0.00222565
64	0.0129311	0.042219	0.00608783	0.0080354	0.0137017	0.00653374	0.037761	0.073163	0.00870845	0.0842272	0.215196	0.148977	0.00509496	0.0111523	0.00792836	0.0154053	0.111724	0.181869	0.0021396	0.00714465
65	0.0271951	0.00508441	0.217653	0.00819001	0.000832887	0.224499	0.0278951	0.00104541	0.149501	0.0096185	0.00578241	0.223259	0.000617146	0.0336678	0.0112814	0.0459611	0.00547318	0.00142171	0.000265294	0.000756565
66	0.00560537	0.00212536	0.000777787	0.00125758	0.00914216	0.000787998	0.000745525	0.542396	0.000509557	0.22543	0.0414738	0.00230319	0.00857699	0.000855382	0.000493451	0.00125403	0.00849892	0.144217	0.000467924	0.00308198
67	0.065031	0.00837965	0.00180151	0.00821022	0.00418482	0.0704051	0.056061	0.0151537	0.0354242	0.0301918	0.0224495	0.0320631	0.0291691	0.0671501	0.0553827	0.160584	0.219636	0.0908258	0.000472523	0.0274252
68	0.0134639	0.000548033	0.0066147	0.000831491	0.000541536	0.899728	0.000487607	0.000784569	0.0012394	0.00107893	0.00611907	0.0153179	0.000462364	0.00635338	0.000669359	0.032522	0.00524144	0.00516953	0.0022401	0.000586784
69	0.102324	0.0918168	0.00533508	0.00809169	0.0813513	0.0772264	0.00545948	0.00810917	0.00789096	0.0320582	0.328708	0.00866553	0.00414681	0.00900137	0.00755966	0.174067	0.0211761	0.0198759	0.00182557	0.00531102
70	0.165578	0.0616286	0.00177874	0.00938569	0.00957757	0.13621	0.0237044	0.00224638	0.00249317	0.00286305	0.00485619	0.12734	0.00117289	0.00577294	0.0205557	0.373649	0.017616	0.0235792	0.00798355	0.00200843
71	0.0246169	0.0369981	0.0116094	0.0156202	0.0311895	0.0112485	0.0137637	0.0206656	0.0173078	0.135255	0.0239282	0.0226701	0.00933874	0.0822518	0.0175507	0.0385941	0.0246719	0.0317528	0.404936	0.0260306
72	0.0249567	0.0103972	0.00182887	0.00419017	0.0162875	0.00221598	0.00164611	0.410812	0.000469213	0.100065	0.0250582	0.00165005	0.000271162	0.000620293	0.000581566	0.00233339	0.029534	0.352331	0.00159254	0.0131598
73	0.0504429	0.00376033	0.0392983	0.111923	0.00263459	0.0287277	0.0283438	0.0173808	0.138258	0.043612	0.0250666	0.0733679	0.00406953	0.115323	0.0823411	0.10575	0.0993904	0.0226866	0.00226948	0.00535439
74	0.0160919	0.0081311	0.00338976	0.0168705	0.00147111	0.0146211	0.00110495	0.0136483	0.00801457	0.00226613	0.00350605	0.00994614	0.0073015	0.00187003	0.0134783	0.446881	0.42463	0.00543403	0.000418445	0.00092503
75	0.0483008	0.00568725	0.00247045	0.0212579	0.0032701	0.0536004	0.0636564	0.0145838	0.0589852	0.0435869	0.0230111	0.0527622	0.0182453	0.0682218	0.0914382	0.150562	0.200946	0.0461631	0.000655269	0.0325959
76	0.102939	0.54868	0.00285979	0.00307799	0.00367334	0.00613259	0.00290213	0.00806571	0.00316917	0.00866945	0.0188985	0.00367651	0.00177186	0.0113992	0.00301483	0.162128	0.0214723	0.0841393	0.00093959	0.00239051
77	0.0366178	0.00690813	0.209507	0.260639	0.00529062	0.0168979	0.0180789	0.0349314	0.0583679	0.0212511	0.0128587	0.0507909	0.0118013	0.0762842	0.0233085	0.0449895	0.0646366	0.0392832	0.00251379	0.00504278
78	0.00945913	0.011518	0.00114012	0.0172154	0.0750488	0.00119466	0.031859	0.224885	0.0131753	0.35729	0.076576	0.0192215	0.00838269	0.00986813	0.0403335	0.00307178	0.00855183	0.0271235	0.000317498	0.0637676
79	0.0368867	0.00364378	0.228209	0.281333	0.00667085	0.0122353	0.0285898	0.0070995	0.0656317	0.0182174	0.00997414	0.0519468	0.00657887	0.0719596	0.0407399	0.0498065	0.0351819	0.0373942	0.00330073	0.00460061
80	0.150906	0.0976905	0.00135634	0.00663806	0.0206438	0.0030123	0.00389138	0.138701	0.00118554	0.126365	0.0261501	0.00358883	0.00081384	0.00175605	0.00675346	0.033051	0.036383	0.319297	0.00030241	0.0215143
81	0.0398417	0.00548255	0.31994	0.13764	0.0100165	0.00129541	0.0588834	0.0094842	0.0512672	0.0103196	0.00474069	0.0782616	0.000802455	0.0603496	0.0324272	0.0802383	0.0276841	0.0579274	0.0085544	0.0048435
82	0.0400996	0.0052401	0.319352	0.139406	0.0099643	0.0015766	0.0575202	0.00922559	0.0524642	0.0102402	0.00460228	0.07815	0.000856426	0.060336	0.032316	0.080309	0.0279536	0.0572886	0.00824587	0.00485412
83	0.0179253	0.000805524	0.000252611	0.000791997	0.0492834	0.00313592	0.00029178	0.164133	0.00169554	0.545409	0.0822767	0.000629053	0.000782064	0.00630294	0.000822008	0.00193261	0.00396549	0.0977797	0.00601016	0.0157751
84	0.0441007	0.00952721	0.00204195	0.0160109	0.0023392	0.0049233	0.0149189	0.245623	0.0342129	0.033136	0.0390725	0.00291046	0.0151642	0.0438495	0.00935577	0.0102243	0.0762983	0.394346	0.000399667	0.0015446
85	0.344967	0.0363525	0.00439896	0.00245796	0.00193895	0.0451026	0.00148638	0.0214342	0.00541059	0.0116834	0.00463753	0.0259465	0.0678373	0.00274251	0.00702291	0.303202	0.0713064	0.0376956	0.000483995	0.00389187
86	0.0666766	0.00749672	0.00600837	0.0113806	0.033831	0.00630562	0.0778698	0.109045	0.0107987	0.28032	0.0526013	0.0139014	0.00422392	0.0116604	0.0752002	0.0375631	0.0127853	0.0152776	0.00274629	0.164308
87	0.0357089	0.00275465	0.0101439	0.0340015	0.013616	0.0132847	0.0281789	0.0246629	0.24	0.0983093	0.0374904	0.0275328	0.00828679	0.0812465	0.276167	0.00872683	0.0254824	0.0267248	0.000617538	0.00706422
88	0.0257484	0.0119656	0.00257602	0.00390291	0.0166378	0.00182029	0.00210334	0.413613	0.000632342	0.0802018	0.0217719	0.00220065	0.000604242	0.000910266	0.000847806	0.00388712	0.0497178	0.340586	0.00141235	0.0188608
89	0.00861391	0.00230743	0.00296641	0.00254029	0.0425457	0.0126406	0.0187755	0.0388826	0.0037537	0.670443	0.121824	0.0069376	0.00184935	0.00758453	0.00266664	0.0108438	0.00937591	0.0172686	0.00286743	0.0153129
90	0.46328	0.0456211	0.00493523	0.00712597	0.00466399	0.0408165	0.00311257	0.00556024	0.00924707	0.00992547	0.00372733	0.0198168	0.00992771	0.00536021	0.00592981	0.288171	0.0424525	0.0253831	0.000845568	0.00409722
91	0.00229567	0.00429075	0.00108103	0.00143673	0.719064	0.0068611	0.000977604	0.0311472	0.00147402	0.0226168	0.0024461	0.00151644	0.0117007	0.00172783	0.00122671	0.00601378	0.00589433	0.0319386	0.000570926	0.14572
92	0.00086349	0.000317742	0.912323	0.0421118	0.000438427	0.000416339	0.000431554	0.0005017	0.00428287	0.0025107	0.000500256	0.0178573	0.000274058	0.000734845	0.000565845	0.00676077	0.00780713	0.000888992	0.000118276	0.000294481
93	0.0045564	0.00278273	0.00173913	0.00254698	0.0111485	0.00169946	0.00291244	0.607871	0.00112185	0.129357	0.0335824	0.00230566	0.00485855	0.00236459	0.00186026	0.00369461	0.0102664	0.171406	0.000675869	0.00324961
94	0.0323635	0.00494246	0.0601659	0.674183	0.00635896	0.00313416	0.00476588	0.00477763	0.0200246	0.0228577	0.0448929	0.014491	0.00294744	0.052522	0.0120848	0.0114919	0.0130912	0.00638192	0.00093072	0.0075917
95	0.0220064	0.858594	0.00161479	0.00167036	0.0015248	0.00690336	0.00126408	0.00170309	0.00172709	0.0025972	0.00482979	0.00189266	0.00111111	0.00231998	0.00179273	0.0753723	0.00310061	0.00836558	0.000498802	0.00111076
96	0.0506907	0.0362806	0.0121884	0.0743831	0.00434746	0.0104288	0.00266407	0.114487	0.012455	0.238243	0.0583199	0.0129976	0.00319069	0.0511107	0.00417877	0.111194	0.0830642	0.113314	0.0038063	0.00265522
97	0.120518	0.0127963	0.0267924	0.0338104	0.00352204	0.0449769	0.0256431	0.00199229	0.0557567	0.0148639	0.00123595	0.0546291	0.269522	0.0384641	0.0412816	0.167828	0.0639563	0.0153063	0.00026082	0.00684409
98	0.0392624	0.00704884	0.0259513	0.101485	0.0173582	0.0148904	0.0120466	0.0205356	0.0763147	0.181007	0.0235105	0.0158633	0.121621	0.117494	0.111686	0.0573589	0.0283219	0.0217661	0.00219387	0.00428427
99	0.0854987	0.00522522	0.0611102	0.0940928	0.0029952	0.0479341	0.0242576	0.0158192	0.220815	0.0140387	0.0071718	0.0776688	0.0198489	0.0834276	0.0802917	0.0700207	0.0583499	0.0252672	0.000247629	0.00591887
100	0.0119048	0.000405088	0.00677427	0.000572838	0.000451002	0.914402	0.000378017	0.000616688	0.000640102	0.000772648	0.00439488	0.0136609	0.000320076	0.00617916	0.000528345	0.0268304	0.00400427	0.00445439	0.00231536	0.000394503
101	0.0319332	0.0420979	0.00536984	0.0434292	0.00390384	0.0786972	0.0276888	0.125595	0.0438641	0.0699799	0.00867045	0.00547191	0.0061216	0.0303438	0.0273632	0.0317056	0.031723	0.362701	0.00129592	0.0220449
102	0.0329838	0.0155719	0.00791698	0.0194815	0.147661	0.0170291	0.0104635	0.0506635	0.0115582	0.0861548	0.390583	0.0151005	0.00646698	0.020125	0.0145834	0.0512842	0.0225032	0.0542133	0.0062833	0.0193726
103	0.0383343	0.00137927	0.00797203	0.00428765	0.00543317	0.00356295	0.00543316	0.0080117	0.0105694	0.0130349	0.00116508	0.00911513	0.817532	0.00914164	0.00626128	0.0235205	0.0196818	0.0124691	0.000285826	0.00280873
104	0.0351778	0.00518118	0.340512	0.203926	0.00773735	0.00342627	0.0364315	0.00708029	0.0373064	0.0102992	0.0041993	0.0627057	0.00272143	0.0408418	0.0273942	0.0737646	0.020483	0.0714653	0.00532768	0.0040191
105	0.484818	0.00500287	0.00311134	0.0180766	0.00281699	0.00362978	0.00319812	0.00636718	0.00392174	0.00494954	0.00351549	0.00388331	0.421644	0.00755654	0.0042912	0.00743867	0.00608721	0.00616565	0.00072631	0.00279969
106	0.0383938	0.00097002	0.242354	0.350854	0.00229114	0.0237731	0.0125434	0.00351687	0.062318	0.0127099	0.00375085	0.0639826	0.00882868	0.0594361	0.00700595	0.0487726	0.0429994	0.0148456	0.00023023	0.000424115
107	0.050933	0.00432276	0.00999629	0.0109842	0.00533103	0.0125428	0.00919852	0.00564275	0.0203239	0.0111067	0.00222208	0.0202931	0.615494	0.0282147	0.0335217	0.108769	0.0285493	0.00794351	0.000619984	0.0139904
108	0.0130886	0.00949297	0.00065187	0.0014181	0.00913406	0.000796297	0.0011306	0.308369	0.000545224	0.0233486	0.00680802	0.00069015	0.000339924	0.000672272	0.00220336	0.00167771	0.014995	0.601468	0.00046264	0.00270726
109	0.00422346	0.0029205	0.00131971	0.00219442	0.010962	0.00170618	0.0029867	0.616276	0.00131244	0.126163	0.0320725	0.00220268	0.00536605	0.00172025	0.0014531	0.00308399	0.00996951	0.170526	0.000467875	0.00307329
110	0.0278598	0.0159775	0.0169699	0.0332756	0.0232821	0.011241	0.0152722	0.0420855	0.0225106	0.138696	0.238486	0.0277048	0.00814668	0.180594	0.0273338	0.0394953	0.0737157	0.0424854	0.00377954	0.0110886
111	0.00783132	0.00536042	0.00127705	0.00218942	0.0113798	0.00185731	0.0031269	0.561915	0.000809936	0.0456021	0.0215913	0.000958475	0.00130247	0.00117834	0.00115993	0.00351247	0.0172682	0.306248	0.000876444	0.00455447
112	0.390256	0.0678449	0.000917363	0.00291386	0.00282526	0.0647235	0.00483284	0.00437457	0.00183921	0.00422347	0.00206018	0.0288494	0.00917368	0.00219145	0.00505218	0.345294	0.0367371	0.0228941	0.00186708	0.00113002
113	0.112103	0.0865172	0.0160049	0.00677952	0.0384395	0.0157768	0.00619319	0.0130974	0.0150977	0.0568861	0.0347214	0.0806351	0.00433933	0.0400516	0.010382	0.261695	0.161138	0.0322024	0.00233231	0.00560755
114	0.0424582	0.00148037	0.121577	0.369713	0.00155496	0.0209425	0.0254485	0.00217092	0.166545	0.00367098	0.00274657	0.00452581	0.00132863	0.0432749	0.0585457	0.00600717	0.109889	0.0154773	0.000521576	0.00212189
115	0.0428412	0.00101383	0.0240929	0.0117196	0.00351957	0.00587837	0.0128165	0.00365607	0.0202987	0.0171688	0.00143992	0.0183295	0.763742	0.00202412	0.012799	0.0193607	0.00346869	0.0337136	0.000334445	0.00178201
116	0.00821833	0.0171857	0.00152958	0.0306895	0.0962548	0.00161758	0.0331597	0.149086	0.0080862	0.299345	0.125168	0.0175972	0.0197699	0.0133682	0.0284508	0.00397051	0.0142567	0.077926	0.00110707	0.0532135
117	0.0351365	0.014595	0.00155793	0.00378606	0.0164763	0.00196123	0.00178044	0.375072	0.000581649	0.0948502	0.0230102	0.0023065	0.00040361	0.00071391	0.000932782	0.00385821	0.0444173	0.357044	0.00134666	0.02017
118	0.011611	0.000528826	0.000930231	0.00536267	0.000635118	0.000838612	0.0116716	0.00524947	0.474556	0.0015097	0.00331879	0.0336062	0.0089328	0.0161572	0.403272	0.0081825	0.00477022	0.00108999	0.000275079	0.00750196
119	0.154383	0.25344	0.00227157	0.00348415	0.0103499	0.0163053	0.00756093	0.0451947	0.00224486	0.148927	0.0335195	0.00261422	0.0017196	0.00327974	0.00349207	0.0168021	0.0718785	0.216439	0.000568335	0.00552604
120	0.0192534	0.00321968	0.000697053	0.00178672	0.0320361	0.00212688	0.00084533	0.133489	0.00220979	0.459576	0.0970875	0.00223072	0.00206357	0.00476356	0.00138062	0.00493678	0.0315808	0.189037	0.00326671	0.00841262
121	0.027308	0.00548315	0.217423	0.00795372	0.000802775	0.22764	0.0269998	0.00105783	0.148743	0.0100723	0.0055921	0.220955	0.000638358	0.0339633	0.0119868	0.0453418	0.00550606	0.00152686	0.000264263	0.000741346
122	0.0327335	0.00347717	0.0276124	0.0550711	0.00269533	0.07848	0.00473916	0.0048668	0.0494819	0.00665895	0.00313758	0.00813532	0.0159719	0.00742678	0.0364774	0.395679	0.259231	0.00504294	0.000755758	0.00232569
123	0.124888	0.0385998	0.0564488	0.0597782	0.0088841	0.0272504	0.0102157	0.0210927	0.0358998	0.0186045	0.00918695	0.0467051	0.0735057	0.0317351	0.0195399	0.169842	0.171281	0.0648619	0.00125293	0.010428
124	0.459104	0.0043368	0.00273155	0.0209499	0.00236967	0.0230645	0.00239742	0.00321528	0.0544006	0.0717422	0.00254428	0.0104016	0.00267217	0.015278	0.0133903	0.230963	0.0726288	0.00527037	0.000686208	0.00185331
125	0.120161	0.0134242	0.0286102	0.0360959	0.00369668	0.0427648	0.0276636	0.00114373	0.0573183	0.0147376	0.0010122	0.0553515	0.257277	0.0410948	0.0447717	0.17235	0.0602444	0.0151097	0.000244618	0.00692898
126	0.0315647	0.108662	0.115657	0.0304544	0.0214743	0.0523085	0.0100329	0.183723	0.0120866	0.0283545	0.0122213	0.0163216	0.0163659	0.0145763	0.0104657	0.0276349	0.0485654	0.236812	0.00297056	0.0197491
127	0.101844	0.00225133	0.0286072	0.0159224	0.00214676	0.02524	0.0019141	0.13292	0.00455041	0.0849705	0.0292035	0.0037786	0.155836	0.0315612	0.0151782	0.0472308	0.0347882	0.278566	0.00178621	0.00170508
128	0.102999	0.00524299	0.0636792	0.128793	0.0022845	0.0995267	0.0300217	0.0205246	0.139856	0.010182	0.0127803	0.0622204	0.00869305	0.0848718	0.0762349	0.0654783	0.0570329	0.0262811	0.000508632	0.00278921
129	0.506657	0.0673829	0.0011867	0.00133206	0.00206934	0.0422407	0.000797316	0.00418653	0.00190633	0.00379414	0.00206669	0.00669282	0.0161415	0.00157659	0.00157729	0.256486	0.0529965	0.0295267	0.000314757	0.00106807
130	0.0392719	0.0052233	0.307031	0.142433	0.00918184	0.00195462	0.0610219	0.0121254	0.0524822	0.0111115	0.00738467	0.0777067	0.00137627	0.0669413	0.0326074	0.0763976	0.0268076	0.0549262	0.00945175	0.00456445
131	0.0140976	0.00849376	0.000518533	0.00100247	0.0100919	0.000678308	0.000598772	0.255915	0.000499367	0.02216	0.00429093	0.00067218	0.000273806	0.000565673	0.00247394	0.00115104	0.0099404	0.664084	0.000453154	0.00203941
132	0.0095541	0.0119085	0.00114363	0.0178487	0.0751904	0.00120024	0.0327657	0.218428	0.0134535	0.357418	0.0790293	0.0185537	0.00864827	0.0102703	0.0414616	0.00312674	0.00860134	0.0271343	0.000310623	0.0639526
133	0.00875113	0.183182	0.0341185	0.0671108	0.00282805	0.0210074	0.0029034	0.0233387	0.00409489	0.00647672	0.00325562	0.00493655	0.0617044	0.0188337	0.0038827	0.454183	0.0320596	0.037201	0.0277474	0.00238437
134	0.00384174	0.0610313	0.00291539	0.00238161	0.352955	0.00229232	0.201849	0.00256075	0.003429	0.021126	0.00265852	0.0294787	0.0017128	0.0100473	0.00323305	0.0320774	0.0119987	0.0111536	0.00338378	0.239875
135	0.0468484	0.000831344	0.221934	0.347333	0.00165634	0.0289471	0.00891662	0.00257262	0.0678423	0.0129528	0.00481996	0.0678582	0.00619379	0.0653374	0.00715979	0.0528931	0.0394088	0.0159754	0.000137355	0.000381536
136	0.0394938	0.00279499	0.115377	0.0620505	0.00309231	0.0175004	0.0163419	0.0209112	0.20327	0.0132473	0.0031732	0.0571266	0.00371304	0.0513468	0.112361	0.060905	0.195344	0.0063164	0.000449181	0.0151854
137	0.0280039	0.00293111	0.0507405	0.723309	0.00292886	0.00312195	0.00456482	0.00302167	0.0238949	0.00868154	0.0125091	0.0113558	0.00194091	0.0708442	0.0151697	0.0126077	0.0109817	0.00491006	0.000754159	0.00772881
138	0.11576	0.0056832	0.05501	0.129563	0.000866014	0.13453	0.0285777	0.0290622	0.122462	0.0028112	0.0128436	0.0476391	0.00692805	0.0831989	0.0548224	0.0716403	0.0635175	0.0341457	0.000219766	0.000719195
139	0.0415838	0.000819869	0.235814	0.354443	0.00199917	0.0253448	0.0107491	0.0030342	0.0633592	0.0132119	0.00386337	0.0637011	0.00767316	0.0611656	0.00671775	0.048821	0.0419571	0.0152286	0.000119625	0.000393558
140	0.0114368	0.00157576	0.00196717	0.00269348	0.00503184	0.00286171	0.00251881	0.0502307	0.00319026	0.362208	0.481977	0.00283732	0.00141475	0.00493051	0.00254669	0.00420291	0.00974483	0.0457708	0.000593217	0.00226763
141	0.0080567	0.00184114	0.000645081	0.00141901	0.0454881	0.001948	0.00177695	0.127528	0.00267312	0.668448	0.0467205	0.00153139	0.00119101	0.00416961	0.00260923	0.00427204	0.00450711	0.0576341	0.00219566	0.0153448
142	0.0524298	0.00377966	0.04313	0.131748	0.00263899	0.0222905	0.0245173	0.0207373	0.112767	0.0879821	0.0456878	0.0568309	0.00143666	0.152773	0.0752847	0.0844392	0.0553073	0.0207143	0.00481807	0.000686852
143	0.141296	0.0946868	0.00162413	0.00629667	0.0219653	0.00270171	0.00408191	0.140465	0.00130182	0.123231	0.0246392	0.00379263	0.000978592	0.00196922	0.00588527	0.0401279	0.0418158	0.314442	0.000477728	0.0282212
144	0.000778629	0.000310413	0.913427	0.0419954	0.000420983	0.000414023	0.000330926	0.000496552	0.00420686	0.00246267	0.000489415	0.0177289	0.000273406	0.000618819	0.000503121	0.00662969	0.0077743	0.000749306	0.000102733	0.000286496
145	0.0708866	0.0015975	0.012286	0.00620432	0.00385858	0.00673315	0.00707926	0.00839278	0.0125238	0.0189563	0.00118456	0.0125946	0.743568	0.00656803	0.00707968	0.0273624	0.0282713	0.0230863	0.000268423	0.00149788
146	0.000778629	0.000310413	0.913427	0.0419954	0.000420983	0.000414023	0.000330926	0.000496552	0.00420686	0.00246267	0.000489415	0.0177289	0.000273406	0.000618819	0.000503121	0.00662969	0.0077743	0.000749306	0.000102733	0.000286496
147	0.00719694	0.00564742	0.000872265	0.00160827	0.0599397	0.00112934	0.00121725	0.310167	0.000846358	0.291109	0.0201609	0.00251624	0.00227488	0.00159011	0.000890518	0.00251917	0.0121141	0.27145	0.0006023	0.00614888
148	0.00342052	0.00596244	0.000821126	0.00121371	0.0803222	0.00103006	0.000912211	0.22316	0.00122672	0.393834	0.0162458	0.00258927	0.00259303	0.00249155	0.00118006	0.00326749	0.00911356	0.243445	0.000737161	0.00643458
149	0.1484	0.00949423	0.00611499	0.0132651	0.0107163	0.00867305	0.00371703	0.145464	0.00546998	0.0449955	0.0115709	0.0112781	0.00450699	0.010432	0.00803278	0.0925152	0.23713	0.217182	0.00168086	0.00936034
150	0.0118289	0.000434484	0.00674461	0.000619852	0.000538291	0.91313	0.000392941	0.000652905	0.000808062	0.000831098	0.00440808	0.0134308	0.000428859	0.0067316	0.000630884	0.0271897	0.0040453	0.00443964	0.00230019	0.000413635
151	0.00312737	0.00125377	0.00227667	0.0026498	0.0214594	0.00172571	0.0356941	0.00134554	0.00137407	0.0018171	0.00115084	0.00479367	0.00825022	0.00171513	0.00256648	0.00536391	0.00283412	0.00194344	0.00413925	0.894519
152	0.0201116	0.00915152	0.0455505	0.00499278	0.00685999	0.0113891	0.0122286	0.00593796	0.00579152	0.00730028	0.00522952	0.728234	0.00530677	0.00848285	0.00580313	0.0899926	0.0139183	0.00788296	0.00177356	0.00406205
153	0.0271929	0.0324017	0.0117324	0.0129955	0.0105808	0.00661454	0.024125	0.346033	0.00851019	0.0244418	0.0399896	0.0108304	0.00623397	0.0133946	0.00635396	0.053322	0.111855	0.243646	0.00179242	0.00795407
154	0.13752	0.104572	0.0416157	0.0059388	0.0272763	0.00446177	0.00413576	0.0242761	0.00524949	0.0585671	0.0291225	0.0990644	0.00384671	0.10864	0.00471525	0.170215	0.103781	0.062442	0.000960417	0.00359897
155	0.0544628	0.00230051	0.181456	0.24904	0.00160235	0.0718131	0.014841	0.00679808	0.100288	0.0111926	0.00717965	0.0852355	0.00656528	0.0685085	0.0223949	0.0595735	0.0388893	0.0166256	0.000198823	0.00103457
156	0.00908201	0.0105068	0.00519209	0.00568403	0.663163	0.00806502	0.00886695	0.0230975	0.00588899	0.0492507	0.0159978	0.00725199	0.00808317	0.00662086	0.00705568	0.0339991	0.0163102	0.0241191	0.00431237	0.0874527
157	0.00117023	0.000394948	0.906143	0.0429187	0.000565441	0.000454691	0.000986407	0.000578185	0.00465715	0.00258075	0.000545706	0.0184135	0.000288577	0.00124737	0.000904009	0.00802016	0.0080669	0.00151936	0.000225026	0.000320111
158	0.0110292	0.00109318	0.00745225	0.00491781	0.226769	0.0044334	0.000851271	0.160037	0.00177493	0.434002	0.0649221	0.00547178	0.000989211	0.00318656	0.00143625	0.00299037	0.00417582	0.0510203	0.00640074	0.00704695
159	0.0456506	0.0031825	0.00914595	0.00842198	0.00526552	0.010414	0.00783215	0.00800055	0.0425973	0.013085	0.00393352	0.0441795	0.618382	0.0160231	0.0128454	0.0613602	0.0574927	0.00994054	0.000920622	0.0213272
160	0.0017917	0.00088044	0.000919953	0.00224975	0.0748021	0.000756646	0.0124199	0.00101632	0.00101085	0.00273642	0.00196447	0.00129207	0.00175386	0.00120953	0.00108816	0.0040249	0.00159506	0.00261364	0.00452107	0.881353
161	0.00182252	0.000459397	0.000506564	0.000606535	0.00997109	0.000513366	0.000387979	0.537928	0.000595017	0.297354	0.0419003	0.00267253	0.0116217	0.000981096	0.000557975	0.00113541	0.00290428	0.0862627	0.000275018	0.00154514
162	0.0120403	0.00413353	0.000502146	0.00781188	0.0465157	0.00161188	0.0109138	0.182518	0.00821438	0.536792	0.0655287	0.00662856	0.00249258	0.00589498	0.0171035	0.00326017	0.00715982	0.0478417	0.00223699	0.0308
163	0.0382963	0.00137813	0.245238	0.340695	0.0024539	0.0230812	0.0116581	0.00318668	0.0593882	0.0127723	0.00382993	0.0733181	0.00851182	0.0560365	0.00827815	0.0532958	0.0417673	0.0158186	0.000339934	0.0006564
164	0.00146497	0.00066541	0.00106234	0.00102097	0.000845517	0.00451986	0.000760086	0.00092138	0.0132792	0.00145363	0.00388233	0.00141358	0.00181401	0.00404405	0.941987	0.0110307	0.00143341	0.00756975	0.000231152	0.00060097
165	0.767795	0.0138984	0.00202811	0.00227891	0.00205016	0.0898257	0.00159177	0.00257946	0.00278239	0.00330258	0.00306743	0.0029278	0.00448378	0.00283539	0.00233065	0.0548267	0.01111	0.0285902	0.000411579	0.00128375
166	0.0904794	0.00558943	0.0584375	0.0786427	0.00343676	0.0234937	0.0190162	0.0108012	0.257129	0.0142947	0.00387392	0.0915432	0.0140026	0.0808045	0.0844414	0.0710966	0.0627976	0.0220115	0.000172224	0.00793597
167	0.326243	0.00572925	0.00279117	0.00368914	0.0168288	0.0103368	0.046251	0.00556442	0.0325796	0.00716408	0.00559907	0.0516704	0.00257312	0.0367548	0.0481815	0.0779066	0.197374	0.0936188	0.00083318	0.0283115
168	0.00289917	0.00135782	0.000500579	0.001398	0.0194144	0.00190719	0.00171158	0.0590373	0.00305139	0.831935	0.0310062	0.000965341	0.000639163	0.00333788	0.0010515	0.00777377	0.00389231	0.0162641	0.000628267	0.0112294
169	0.00544993	0.00236484	0.00593619	0.0434967	0.135285	0.00105163	0.037747	0.0252928	0.0166974	0.136169	0.0478379	0.0101844	0.00071298	0.0304529	0.0216356	0.0185883	0.00541806	0.0604807	0.00471707	0.390481
170	0.017183	0.000936416	0.000519781	0.00115742	0.0585167	0.00317201	0.00259075	0.149522	0.003131	0.514542	0.0860397	0.000958729	0.000970427	0.00673743	0.00245002	0.00231541	0.00392447	0.0975891	0.0249969	0.022746
171	0.0138712	0.00223845	0.00646847	0.0032716	0.00175179	0.79351	0.00364789	0.00209046	0.0117709	0.00336677	0.00735491	0.0153764	0.00119265	0.0113057	0.00224944	0.0906041	0.0196248	0.00706164	0.00180208	0.00144094
172	0.00561135	0.000587	0.00151011	0.00310111	0.000761792	0.00366078	0.00407591	0.00245555	0.137417	0.00230783	0.00429305	0.0094318	0.00399878	0.00811639	0.79004	0.0106516	0.00325444	0.00571082	0.000197835	0.00281723
173	0.0293535	0.00283574	0.0599792	0.0455003	0.00293133	0.00249314	0.00172542	0.312013	0.00874449	0.131495	0.109019	0.00428793	0.00165959	0.0678067	0.0111794	0.00832379	0.00855862	0.188111	0.00129788	0.00268476
174	0.0193493	0.014284	0.00365246	0.00386449	0.0147764	0.0542592	0.0157439	0.0169358	0.389874	0.0409932	0.00313002	0.0168809	0.0631283	0.0210467	0.111292	0.0420767	0.0884175	0.0652334	0.0128918	0.0021697
175	0.0117593	0.00859754	0.00386348	0.0178417	0.11923	0.00469417	0.0407658	0.0899332	0.0044543	0.280146	0.168867	0.0172476	0.0092049	0.0147501	0.0140571	0.011305	0.0275365	0.0740205	0.00609485	0.0756311
176	0.0126464	0.000545443	0.00751536	0.00147634	0.000795399	0.897243	0.0012561	0.000902588	0.000966142	0.000993174	0.00484543	0.018418	0.000521642	0.00666422	0.00115087	0.0283147	0.00497799	0.00687238	0.0022468	0.00164774
177	0.0214582	0.00210897	0.00376818	0.0312657	0.00207964	0.00824588	0.0396682	0.0692455	0.296721	0.0290224	0.0433972	0.0845609	0.00167648	0.0496049	0.0587404	0.0732062	0.130227	0.0458704	0.000653697	0.00847973
178	0.0220772	0.00700361	0.0140734	0.0191448	0.0134643	0.0140155	0.190563	0.0365167	0.10029	0.0191468	0.0129869	0.157658	0.00589654	0.0761836	0.193434	0.0671961	0.0236017	0.0157829	0.00128233	0.009683
179	0.0440332	0.00363197	0.230497	0.279433	0.0047696	0.0145439	0.0126495	0.00944484	0.0765419	0.011099	0.00484005	0.0255639	0.00831423	0.0476494	0.0179862	0.0245381	0.131405	0.0500929	0.000884501	0.00208157
180	0.0138453	0.00543336	0.00613674	0.00680907	0.0645537	0.0374858	0.005201	0.00887152	0.0091939	0.0113101	0.0369484	0.254583	0.00414101	0.00825064	0.00841139	0.159273	0.250498	0.0102906	0.00387234	0.0948915
181	0.0276808	0.00443178	0.0042202	0.0257906	0.00858399	0.0144876	0.0454019	0.0575876	0.241161	0.0300282	0.0428611	0.0841115	0.0043625	0.0586975	0.061259	0.0694335	0.150162	0.0481854	0.000712076	0.020841
182	0.0304605	0.0016908	0.276185	0.335147	0.00596392	0.0176832	0.0180373	0.00384772	0.0450302	0.0122003	0.00500559	0.0573267	0.0241285	0.0533939	0.00500718	0.0428438	0.0476557	0.0170877	0.000339112	0.000966312
183	0.0115934	0.000412674	0.007129	0.000574174	0.000505503	0.9148	0.000409226	0.000639144	0.000573416	0.000774148	0.00431685	0.0136361	0.000297466	0.00628639	0.000519891	0.0264252	0.00393808	0.00439445	0.00236059	0.000414572
184	0.00143803	0.000631482	0.000914305	0.000912337	0.000905247	0.004391	0.000724267	0.000802619	0.0127468	0.00140574	0.0038814	0.00120312	0.00178481	0.00447017	0.942527	0.0110297	0.00138357	0.00800469	0.000221284	0.000622504
185	0.0278399	0.0124688	0.00154623	0.00467775	0.0154436	0.00214151	0.00231252	0.397661	0.0018098	0.0825162	0.0259923	0.00183097	0.000860047	0.00215418	0.00105677	0.00445563	0.0501138	0.347958	0.00136649	0.0157945
186	0.0653841	0.00583952	0.0116421	0.0133184	0.0025267	0.0114316	0.00751839	0.202579	0.0164411	0.0449787	0.0344071	0.00374996	0.0801315	0.048371	0.0128095	0.0320726	0.0813356	0.323092	0.000716717	0.00165445
187	0.0186044	0.00530565	0.00243104	0.0417917	0.110945	0.00284891	0.0148032	0.06691	0.00389181	0.193815	0.252129	0.00752412	0.00665311	0.00906802	0.00591712	0.00745412	0.0209643	0.164103	0.0123827	0.0524576
188	0.000833901	0.000320864	0.912075	0.042939	0.000422282	0.00042337	0.000339048	0.000499208	0.00431952	0.00250869	0.000487329	0.0178304	0.000289913	0.000660804	0.000501596	0.00663673	0.00777391	0.000752581	0.000103296	0.000282444
189	0.0343656	0.00121825	0.00132835	0.00600293	0.0181372	0.00212349	0.00133965	0.149583	0.00332942	0.384316	0.239429	0.00314456	0.0011794	0.0038431	0.0015172	0.00280855	0.0139659	0.123463	0.00208773	0.0068169
