318	20
1	0.233507	0.00270263	0.000373704	0.000662534	0.0139587	0.0230711	0.00122772	0.137921	0.000672896	0.183557	0.049183	0.00136477	0.0222566	0.00507503	0.000823326	0.049538	0.108935	0.163325	0.000551883	0.00129188
2	0.0226182	0.00567038	0.000759186	0.00104682	0.30271	0.00388367	0.00210104	0.0397616	0.00124609	0.448227	0.0143218	0.00171618	0.00148798	0.00178739	0.00129698	0.0254058	0.0060576	0.0473335	0.00126894	0.0712995
3	0.253762	0.00332377	0.000230915	0.000556657	0.000653363	0.568831	0.00241385	0.00106022	0.000352769	0.00135965	0.00279745	0.00400651	0.00315675	0.000419457	0.000298045	0.131741	0.0122786	0.0106805	0.000167491	0.00190993
4	0.0241376	0.0123728	0.000250514	0.000238313	0.133821	0.00183292	0.000299314	0.104842	0.000382471	0.589152	0.0537177	0.000385006	0.000392681	0.000361023	0.000256956	0.00253481	0.00348992	0.0682022	0.00109023	0.00224135
5	0.026991	0.00411027	0.00217514	0.0514055	0.00712318	0.00827791	0.00306001	0.0128986	0.00353372	0.0119435	0.00862114	0.0154006	0.00384529	0.781137	0.00309528	0.0126515	0.0229893	0.0149435	0.00177405	0.00402388
6	0.038094	0.00849583	0.0310549	0.0127175	0.0197846	0.0323884	0.315223	0.0209184	0.0195928	0.018546	0.0152293	0.278867	0.0246764	0.0313135	0.0175918	0.0454255	0.0256598	0.0328076	0.00256503	0.00904894
7	0.025217	0.00171699	0.000147636	0.00109656	0.0243527	0.001441	0.000314899	0.351958	0.000203118	0.228429	0.0523193	0.000621456	0.000731212	0.000230719	0.000178746	0.00212958	0.0143374	0.293916	0.000227991	0.000431455
8	0.0590957	0.00830812	0.00023435	0.000356071	0.110471	0.00361639	0.000450925	0.119233	0.000347765	0.448693	0.112075	0.000472361	0.000462246	0.00123584	0.000868364	0.00985085	0.0148003	0.105851	0.000622551	0.00295631
9	0.217475	0.0383439	0.00184162	0.000986262	0.00787263	0.0255474	0.00182888	0.0993032	0.00110423	0.0527596	0.0234793	0.00758826	0.0135622	0.00422836	0.000913053	0.182046	0.173003	0.142547	0.00235399	0.00321649
10	0.192577	0.0182361	0.00178506	0.00347214	0.0725597	0.0306553	0.00335482	0.121571	0.00293138	0.0880685	0.128639	0.00608345	0.00729819	0.007557	0.00278357	0.0961504	0.0748534	0.12379	0.00494591	0.0126878
11	0.0756416	0.0268469	0.002465	0.00184859	0.160702	0.012704	0.0105624	0.118454	0.00529859	0.232829	0.101447	0.00541375	0.002694	0.00899013	0.00839742	0.0271858	0.0476264	0.0780004	0.00832258	0.0645695
12	0.466791	0.025384	0.000226376	0.000318355	0.00565822	0.13243	0.000337339	0.00450417	0.000335325	0.00854285	0.00953284	0.000498649	0.00241661	0.000448779	0.000946137	0.200035	0.112364	0.0273505	0.000152267	0.00172768
13	0.24412	0.00398377	0.0136285	0.0185921	0.00188511	0.147409	0.0115275	0.0157986	0.026356	0.00854619	0.00835242	0.0469079	0.0104975	0.0576626	0.0497824	0.212326	0.104306	0.0148679	0.0004023	0.003048
14	0.216037	0.0787344	0.00707513	0.000794509	0.0138924	0.0286882	0.00221445	0.105593	0.000980258	0.0550694	0.0176699	0.00399214	0.0387986	0.0015016	0.000619029	0.180071	0.123944	0.121955	0.000954068	0.00141519
15	0.0219538	0.00402323	0.000169968	0.000385464	0.00225517	0.00074335	0.000299595	0.443277	0.000291761	0.036274	0.0264357	0.000798809	0.00523393	0.000402538	0.000322181	0.00228828	0.0141356	0.437758	0.000178025	0.00277412
16	0.214443	0.007063	0.00061831	0.000618783	0.012701	0.0186439	0.00152506	0.155009	0.000817717	0.155496	0.0415518	0.00204191	0.0221241	0.00379114	0.000793158	0.0533527	0.120355	0.187009	0.000717227	0.00132766
17	0.0788968	0.00718847	0.000591824	0.000730047	0.00844126	0.00457325	0.00121926	0.208088	0.00110419	0.0187952	0.0146838	0.00304412	0.0183369	0.00169948	0.000882442	0.021877	0.022563	0.58204	0.000542284	0.00470241
18	0.0847295	0.00488099	0.00103057	0.00111454	0.0168443	0.00873773	0.00930226	0.0436493	0.00550673	0.0431322	0.0105974	0.00568154	0.621016	0.00675217	0.00280812	0.0298728	0.0295778	0.0696829	0.0011505	0.00393223
19	0.014704	0.00314484	0.000209548	0.000329154	0.0906478	0.00240615	0.000580566	0.315384	0.000387301	0.372882	0.0882529	0.000574889	0.00141191	0.000448597	0.000263887	0.00222231	0.00847785	0.0921062	0.00252425	0.00304163
20	0.0203746	0.00154757	0.000110817	0.00113724	0.022887	0.00114401	0.000329918	0.360157	0.000169266	0.232561	0.0491817	0.000579468	0.000643271	0.000198931	0.000157868	0.00151238	0.0123308	0.294449	0.000152716	0.000376609
21	0.0208937	0.00112588	9.88693e-05	0.00120083	0.0213583	0.00063271	0.000315832	0.364773	0.000173503	0.228635	0.0465574	0.000548638	0.000636062	0.000189857	0.000154608	0.00133465	0.0121286	0.298847	9.93697e-05	0.000295701
22	0.268302	0.00490837	0.000233713	0.000453768	0.000883951	0.548588	0.00231174	0.00103919	0.000344619	0.00142292	0.00331365	0.00375592	0.00297381	0.000424497	0.000287216	0.131222	0.0162637	0.0113116	0.000165661	0.00179364
23	0.204069	0.0006191	0.00700484	0.0140127	0.000745163	0.187894	0.0199637	0.00923129	0.0452208	0.00901399	0.00414406	0.0327504	0.0116297	0.0722909	0.0919825	0.205865	0.0708236	0.00933837	0.000242984	0.00315812
24	0.429863	0.00595512	0.00105349	0.00573828	0.0257716	0.0985841	0.00271369	0.0452679	0.00625338	0.0114671	0.0113023	0.00645233	0.00990044	0.00870403	0.0235278	0.170496	0.0517293	0.0622551	0.00109967	0.0218654
25	0.0477858	0.00364465	0.000251986	0.000449656	0.0427799	0.00529232	0.000512934	0.210351	0.000512878	0.429216	0.0910884	0.00069268	0.000518096	0.00133723	0.000536845	0.00593308	0.0136981	0.138451	0.00379678	0.00314988
26	0.0214133	0.00515908	0.00130647	0.000542158	0.161512	0.00193693	0.0329616	0.14283	0.0216499	0.229719	0.0987483	0.010557	0.0011847	0.00645264	0.0344674	0.0245187	0.0231473	0.0745242	0.0127475	0.0946217
27	0.0284745	0.00603891	0.00022666	0.000241505	0.0889436	0.00292145	0.000811827	0.224371	0.000530185	0.413529	0.0834071	0.00062043	0.000883863	0.000720274	0.000593272	0.00431084	0.0121778	0.124881	0.00204637	0.00427019
28	0.0150259	0.000549451	0.000158245	0.000519967	0.00389021	0.000762542	0.000245878	0.589181	0.000368493	0.0741733	0.031391	0.00113426	0.00277322	0.000448828	0.000259917	0.0019444	0.0179736	0.257776	0.000148895	0.00127494
29	0.178044	0.0197103	0.0217668	0.0158842	0.0017381	0.0473118	0.000749633	0.00800895	0.00182039	0.00361031	0.00458421	0.0504326	0.00281505	0.0222269	0.000825364	0.427628	0.179393	0.0117674	0.000462902	0.00122009
30	0.36816	0.0459371	0.00073598	0.000976388	0.00774	0.0781883	0.00069903	0.0738764	0.00071729	0.0391566	0.0683742	0.00283622	0.00429617	0.00201463	0.000915815	0.073633	0.0868034	0.140371	0.00150633	0.00306142
31	0.17634	0.0325606	0.0280925	0.00900222	0.00185617	0.0501137	0.000913216	0.0102503	0.00333297	0.00457945	0.00348223	0.038809	0.00323493	0.012253	0.00160107	0.436864	0.171118	0.0133311	0.00113543	0.00112897
32	0.0192285	0.00442253	0.000224716	0.000243534	0.159286	0.00223261	0.000815383	0.263183	0.000844175	0.331204	0.0843723	0.00060272	0.00169504	0.000883671	0.00106172	0.00350775	0.0127415	0.0972908	0.00428288	0.0118771
33	0.0229471	0.0139271	0.00026135	0.00030837	0.195889	0.00166374	0.000294749	0.0712668	0.000373562	0.550943	0.060107	0.000417841	0.000470364	0.000531674	0.000359318	0.00342864	0.0042153	0.0678642	0.000409743	0.00432177
34	0.307473	0.0414228	0.000643474	0.0013656	0.0109003	0.0731388	0.000742108	0.0713492	0.000758907	0.0384958	0.10637	0.00209384	0.00272798	0.00198135	0.00102757	0.0621614	0.120736	0.151057	0.001678	0.00387772
35	0.400499	0.0552565	0.00378954	0.000760097	0.00379677	0.101881	0.000817437	0.00663799	0.00199908	0.0102869	0.00806275	0.00277744	0.00164224	0.00125386	0.00116814	0.256748	0.116075	0.0249494	0.000753651	0.000844942
36	0.0956542	0.00608167	0.0002415	0.000788513	0.000859613	0.799503	0.00104827	0.00137043	0.00104728	0.00135938	0.00153255	0.00374125	0.00746705	0.000477805	0.000310638	0.0659465	0.00492747	0.00653157	0.000267337	0.000843776
37	0.0231251	0.00188481	8.57054e-05	0.000921115	0.0272433	0.00120921	0.000386941	0.354466	0.000143894	0.260409	0.0422726	0.000590474	0.000727675	0.000183243	0.000109045	0.00173598	0.011906	0.271889	0.000179114	0.000531221
38	0.444413	0.0335054	0.000722921	0.000883285	0.007606	0.0946791	0.00115869	0.0878951	0.00145099	0.030694	0.0360132	0.00270254	0.00483673	0.00202792	0.00171765	0.0402735	0.0642049	0.14082	0.00134551	0.00305011
39	0.0850276	0.0171201	0.00647042	0.00380988	0.003534	0.0201077	0.00128518	0.0145565	0.00184215	0.00937665	0.00530048	0.0155359	0.00244317	0.00588147	0.00115472	0.294968	0.481832	0.0269131	0.0009338	0.00190754
40	0.0190812	0.00239279	0.000212915	0.000283578	0.135168	0.00218294	0.000393375	0.27474	0.000317071	0.384912	0.0684874	0.000537787	0.00142786	0.000654647	0.000213741	0.00270013	0.0079047	0.0861658	0.00497439	0.00725083
41	0.0227664	0.00456801	7.67222e-05	0.000219147	0.0461598	0.00144211	0.000721696	0.300855	0.00010165	0.363586	0.0413361	0.00084106	0.000805747	0.00024943	7.85183e-05	0.00245903	0.0145201	0.196048	0.00119057	0.00197486
42	0.028012	0.00449509	0.00236834	0.0506699	0.0072922	0.00824629	0.00318337	0.0133822	0.00365105	0.0120959	0.00910688	0.015444	0.0041269	0.77739	0.00320344	0.0128505	0.0229194	0.0152275	0.00230508	0.00403036
43	0.224093	0.0777992	0.00321463	0.000532827	0.00588813	0.0169872	0.00157709	0.072597	0.000600394	0.0399677	0.0100309	0.00245572	0.0167501	0.00109591	0.000522563	0.22906	0.176467	0.117278	0.00225477	0.000827283
44	0.0215458	0.00469877	0.0010313	0.000552644	0.145463	0.00247354	0.015039	0.14334	0.0359644	0.238286	0.073638	0.0120618	0.0014851	0.0109881	0.0445777	0.0149232	0.0258294	0.112457	0.0312108	0.0644348
45	0.0195609	0.00488466	0.00227684	0.00305671	0.0348194	0.49875	0.00262967	0.0108506	0.0615974	0.0344567	0.0332785	0.00741823	0.00707544	0.00433794	0.0900271	0.0650748	0.0611749	0.0527743	0.00180086	0.00415483
46	0.0729541	0.00702281	0.000226077	0.000508715	0.0590593	0.00977229	0.000400094	0.302366	0.000341704	0.204819	0.0355871	0.00112619	0.00135683	0.000453166	0.000585337	0.0107908	0.0390945	0.252004	0.000244023	0.00128824
47	0.0581367	0.00895197	0.00100725	0.00130722	0.00235902	0.837179	0.00103285	0.00264517	0.00196192	0.00373915	0.00203795	0.00471476	0.00855096	0.000651832	0.00131406	0.0522424	0.00481867	0.00626532	0.000315024	0.000768799
48	0.272973	0.0504567	0.00285454	0.000614079	0.00704586	0.0392805	0.00246584	0.0891858	0.00147071	0.0578869	0.0267731	0.00783443	0.0242808	0.00355451	0.000568593	0.170542	0.0892142	0.148149	0.00183232	0.00301815
49	0.0294267	0.00072111	0.00143355	0.0039897	0.0119427	0.0281931	0.0227278	0.00546014	0.32005	0.00334498	0.00831104	0.0134106	0.00935186	0.0189719	0.450419	0.0227447	0.0115629	0.0148931	0.00755316	0.0154918
50	0.0233503	0.00197259	0.000410298	0.000465505	0.0130892	0.00188075	0.000767402	0.0983532	0.000716032	0.558405	0.186003	0.000703251	0.000728662	0.00135161	0.00136267	0.00288032	0.01663	0.0826855	0.000473667	0.00777138
51	0.0755265	0.00337687	0.000519461	0.000775299	0.00613097	0.00276045	0.0113534	0.0124005	0.00583812	0.0138533	0.00570655	0.00594173	0.776632	0.00761067	0.0012015	0.026447	0.0238366	0.0143556	0.000586001	0.00514687
52	0.0267038	0.00916492	0.00020914	0.000344946	0.0747188	0.0115946	0.000504066	0.333812	0.000363716	0.222522	0.0968599	0.000753262	0.00145187	0.00046563	0.000387923	0.00334768	0.0226473	0.189399	0.00111644	0.00363349
53	0.0248356	0.0115919	0.000456284	0.000668105	0.013931	0.0087828	0.000779904	0.31245	0.000882573	0.0522806	0.100398	0.00101736	0.00314231	0.000863033	0.000759395	0.00426037	0.0162547	0.444137	0.000566555	0.00194237
54	0.0924867	0.0535834	0.0102146	0.0509219	0.0182894	0.0238873	0.00980722	0.105549	0.00597545	0.0853645	0.154063	0.0647344	0.00723295	0.110223	0.00905146	0.0472643	0.0467403	0.0900457	0.00314024	0.0114249
55	0.23467	0.0208762	0.00124211	0.00242194	0.0356943	0.194525	0.00179854	0.0749207	0.00212898	0.0933575	0.0265414	0.00315434	0.00858974	0.00441783	0.0027716	0.0736491	0.0472885	0.165865	0.00205034	0.00403784
56	0.189995	0.107109	0.00474871	0.000732667	0.0141243	0.0257861	0.00188095	0.101233	0.0011436	0.0451708	0.0144305	0.00302212	0.0421896	0.001244	0.00094159	0.173701	0.14224	0.128042	0.000866144	0.00139937
57	0.167812	0.0257053	0.0272712	0.00792725	0.00213563	0.0562747	0.000885214	0.00771146	0.00444112	0.00389348	0.00329043	0.0346904	0.00370445	0.0107285	0.00180054	0.464534	0.164227	0.0101298	0.0015133	0.00132452
58	0.0835468	0.012588	0.00161303	0.0029066	0.262013	0.0464707	0.00279846	0.171742	0.00298457	0.0437609	0.02578	0.00361335	0.00469884	0.00470075	0.00350153	0.0529057	0.0568631	0.142552	0.00399522	0.0709662
59	0.230608	0.00665554	0.00137434	0.0224866	0.00690537	0.00950546	0.00247991	0.0784121	0.0027948	0.0160708	0.00778804	0.00503342	0.00369144	0.0429983	0.00323601	0.0773553	0.256204	0.221764	0.0011159	0.00351999
60	0.130446	0.00553924	0.00188355	0.00340174	0.0565772	0.129238	0.00221793	0.0124496	0.00278305	0.0107447	0.0318874	0.00380568	0.0819958	0.00313813	0.00393964	0.37261	0.080119	0.0402479	0.00166679	0.0253085
61	0.0239239	0.0016109	9.90581e-05	0.000982576	0.0251207	0.00116989	0.000365057	0.356562	0.000171117	0.249241	0.0442075	0.000677341	0.000791803	0.000194732	0.00013633	0.00179471	0.0124134	0.279837	0.000205682	0.000495461
62	0.297004	0.00308132	0.00678291	0.0263188	0.00247203	0.118453	0.0045517	0.0243611	0.0133337	0.00475665	0.0132136	0.0524116	0.0118042	0.0436285	0.0231546	0.197743	0.138082	0.0160215	0.000399828	0.00242573
63	0.219993	0.0289048	0.00262716	0.00109342	0.00756394	0.0197823	0.017106	0.0894207	0.00511258	0.0634877	0.0207162	0.00883677	0.137823	0.00722931	0.00174721	0.148996	0.105027	0.110824	0.00129313	0.00241587
64	0.11092	0.005636	0.000324956	0.000448507	0.099175	0.0174538	0.000509282	0.184219	0.000533319	0.233656	0.133846	0.000808946	0.000834111	0.0019788	0.000497841	0.0238828	0.0286186	0.1529	0.00123299	0.00252416
65	0.0407433	0.00237199	0.000909589	0.0178426	0.00387339	0.0162258	0.00126091	0.473935	0.0129548	0.145594	0.0239061	0.00381226	0.00174198	0.0387175	0.00364681	0.0369133	0.0697516	0.103538	0.000684606	0.00157676
66	0.284645	0.00598064	0.00171089	0.00138572	0.00446206	0.0147417	0.0158209	0.0605833	0.0155684	0.091788	0.06055	0.023579	0.0045977	0.0222342	0.00194501	0.241824	0.082342	0.0611556	0.00103626	0.00404934
67	0.573853	0.000731041	0.000363663	0.000377294	0.00104911	0.0632592	0.000485915	0.00171331	0.000412952	0.004051	0.00126304	0.000687092	0.00518707	0.0005406	0.000363854	0.337623	0.00465647	0.00254777	0.000243534	0.000591332
68	0.0695028	0.0225271	0.000248585	0.000469183	0.0033669	0.00818138	0.000299602	0.22512	0.000379553	0.0894851	0.0396451	0.00339401	0.00230862	0.000529056	0.000408069	0.0288722	0.132097	0.372655	0.000151566	0.000359848
69	0.0118148	0.00246676	0.000272692	0.000404194	0.0789351	0.00291032	0.00059074	0.350996	0.000562147	0.306445	0.137562	0.000628356	0.00149698	0.000650188	0.000455459	0.00216809	0.0124276	0.0839266	0.00184409	0.0034423
70	0.33375	0.027834	0.000510788	0.000809987	0.015984	0.0742935	0.000731547	0.0853359	0.000670654	0.086316	0.0190327	0.00174406	0.00951333	0.00129767	0.000680251	0.0309796	0.0337997	0.273967	0.000945551	0.00180375
71	0.546201	0.0041521	0.000298932	0.000219681	0.00148555	0.0994955	0.000408987	0.00152881	0.000338375	0.00521914	0.0024305	0.000540604	0.00519868	0.00044954	0.000359775	0.304226	0.0201477	0.00615386	0.000167259	0.000978024
72	0.349328	0.00328384	0.000258601	0.000352583	0.000823205	0.40456	0.00175612	0.00116633	0.000328251	0.00249445	0.00212601	0.0029954	0.00333971	0.000403687	0.000320751	0.205651	0.0117229	0.00757072	0.000185354	0.0013331
73	0.0947192	0.00587991	0.00010993	0.000140974	0.0426584	0.0246599	0.000158412	0.192273	0.000142585	0.387599	0.0172518	0.000421907	0.000199273	0.000910233	0.000154194	0.00926493	0.0117366	0.207636	0.00269054	0.00139248
74	0.0343205	0.00166277	0.000435021	0.000482287	0.323661	0.00328246	0.00437371	0.17834	0.000982791	0.187529	0.0231562	0.00100251	0.00862603	0.00439636	0.00100177	0.0113454	0.00826593	0.143141	0.0090872	0.0549078
75	0.153316	0.0633039	0.000987065	0.0196588	0.0585839	0.0644457	0.00146063	0.132946	0.00141973	0.0611966	0.0709733	0.00340003	0.0053161	0.00553226	0.00129341	0.0764283	0.115316	0.130748	0.00397774	0.0296959
76	0.0146618	0.00273296	0.000224945	0.000269208	0.179229	0.00236857	0.000468008	0.312641	0.000500717	0.237018	0.0903259	0.000542819	0.00192894	0.000962227	0.000435517	0.0035587	0.0186241	0.111537	0.00504828	0.0169217
77	0.0886714	0.00624394	0.000118365	0.000113849	0.042411	0.0219338	0.000178823	0.192059	0.000148235	0.402794	0.0195761	0.000473635	0.000206533	0.000887863	0.000159421	0.00756039	0.011364	0.200792	0.00281908	0.00148811
78	0.129843	0.00758977	0.000176538	0.000229719	0.0668608	0.0325525	0.000348883	0.2387	0.000290465	0.213426	0.0517056	0.000570243	0.00047542	0.000425967	0.000299246	0.0111658	0.0177043	0.226792	0.000205493	0.000637971
79	0.446536	0.0252671	0.000351834	0.000212032	0.00326601	0.107796	0.000306331	0.00452132	0.000332582	0.0142554	0.00782241	0.00042627	0.000533489	0.0004268	0.000469518	0.233369	0.125772	0.0275509	0.000258799	0.00052694
80	0.0379085	0.00342625	0.00163401	0.00764996	0.0937107	0.171094	0.0055355	0.0158876	0.0727562	0.00925063	0.00805018	0.0253127	0.251756	0.012844	0.134168	0.0783215	0.0114839	0.0357601	0.00122073	0.0222292
81	0.0288919	0.00322196	0.000476951	0.000656257	0.362018	0.00256432	0.00829056	0.111852	0.00147034	0.161907	0.0116321	0.00112567	0.0171224	0.0081306	0.00201995	0.00832623	0.00419897	0.155726	0.0195063	0.0908636
82	0.0161727	0.00266121	0.000231852	0.000265484	0.177881	0.00241621	0.000467569	0.308997	0.000363619	0.235234	0.0914342	0.00051892	0.0020268	0.000973234	0.000296875	0.00367231	0.0182783	0.116397	0.00477448	0.016937
83	0.190688	0.0460457	0.0348152	0.00159881	0.00406948	0.130059	0.00216484	0.0233918	0.0392888	0.00725439	0.00574258	0.0198018	0.0212223	0.00279362	0.0197609	0.407998	0.0135909	0.0103854	0.0169436	0.00238524
84	0.0279167	0.000720378	0.0006528	0.00410896	0.0125807	0.0266684	0.0237356	0.00558784	0.319806	0.00319046	0.00879418	0.0112033	0.00967823	0.0174841	0.455752	0.0222171	0.010517	0.0152346	0.00790665	0.0162446
85	0.0297434	0.00572642	0.000103129	0.000121058	0.0513678	0.00355471	0.000531032	0.258987	0.000147569	0.419671	0.0388291	0.000904111	0.000552675	0.00125509	0.000148773	0.00414638	0.0106724	0.164696	0.00596273	0.00288053
86	0.0699241	0.00247841	0.00148964	0.00169333	0.00782711	0.00488417	0.00255376	0.198905	0.0390056	0.208142	0.0829734	0.00265496	0.00262607	0.0180681	0.130196	0.00872552	0.0531077	0.159603	0.00228901	0.00285296
87	0.0277779	0.00071891	0.000656648	0.00415502	0.012608	0.0266869	0.0237502	0.00564077	0.318803	0.003224	0.00877223	0.0112829	0.00965417	0.0174097	0.456541	0.0221656	0.0106235	0.015404	0.00794143	0.0161843
88	0.00673735	0.010043	0.000328213	0.000402808	0.635759	0.00249523	0.00805235	0.0231799	0.000470995	0.131158	0.00967965	0.000641773	0.000711987	0.000722714	0.0037995	0.00505688	0.00200797	0.0358268	0.0270568	0.0958687
89	0.0204765	0.0084738	0.000425562	0.000507979	0.459664	0.00426283	0.00501585	0.102471	0.00103292	0.178595	0.0269565	0.000962036	0.00347066	0.00182276	0.00271241	0.00738629	0.00912138	0.0888397	0.0175354	0.0602668
90	0.063639	0.00301269	0.000655667	0.000943104	0.00990495	0.00275039	0.0102068	0.01328	0.00533356	0.0241576	0.00562751	0.00568069	0.778924	0.00707972	0.00112755	0.0230974	0.0219944	0.0181201	0.000726036	0.00373864
91	0.080028	0.00116533	0.000571482	0.000704807	0.0030615	0.00273101	0.0184579	0.0194561	0.00831374	0.0156151	0.00625538	0.00881206	0.74235	0.0104421	0.000983333	0.0270183	0.037446	0.0149387	0.000592897	0.00105595
92	0.0233309	0.00448549	7.8781e-05	0.000230382	0.0460603	0.00169145	0.000946436	0.300349	0.000104522	0.36049	0.0406864	0.000807741	0.000767165	0.000306389	9.63407e-05	0.00263577	0.014663	0.19905	0.00129546	0.00192401
93	0.0365965	0.00754025	0.000249747	0.000436335	0.00386105	0.00151614	0.000368328	0.292386	0.000398304	0.0296938	0.0240292	0.000913705	0.00531874	0.000625822	0.000357023	0.00541539	0.0175185	0.570499	0.000272737	0.00200351
94	0.0562882	0.0152747	0.000746958	0.000835455	0.00520821	0.0238517	0.00118477	0.149297	0.00148852	0.0389075	0.0316719	0.0272338	0.00099299	0.0115286	0.00100621	0.1902	0.323112	0.119346	0.00033569	0.00148914
95	0.0697054	0.00686831	0.000276245	0.000670044	0.001249	0.830648	0.000868691	0.00150545	0.00168365	0.00186236	0.00177518	0.00435042	0.00787035	0.000481532	0.0011054	0.0577401	0.00464211	0.00580529	0.000236791	0.000655923
96	0.0682606	0.0393547	0.000628937	0.000762179	0.0048203	0.0078921	0.000775692	0.0598024	0.00124773	0.0174103	0.00809464	0.00736864	0.00121606	0.00458527	0.000782982	0.248883	0.408641	0.116406	0.00179879	0.00126907
97	0.0215745	0.00211428	0.000156737	0.00275613	0.0188003	0.00144642	0.000382	0.367421	0.000538655	0.208075	0.0479278	0.000887084	0.000834967	0.00117538	0.000221067	0.00379681	0.0187245	0.30238	0.000169097	0.000619174
98	0.0204611	0.00225494	9.82155e-05	0.000801659	0.030357	0.000822899	0.000417459	0.349816	0.000142923	0.275142	0.0453105	0.00057956	0.000801299	0.000190939	9.89506e-05	0.00158878	0.0122733	0.257604	0.000410284	0.000827621
99	0.169527	0.0283272	0.0017032	0.0017795	0.00792172	0.00855176	0.00240427	0.0173438	0.00250162	0.263854	0.031197	0.00359425	0.00453848	0.00349962	0.00363341	0.0626471	0.295987	0.0863878	0.00139949	0.00320047
100	0.0732751	0.0182475	0.000246119	0.000522043	0.00197029	0.00854577	0.000256604	0.209629	0.000346504	0.0935993	0.0435744	0.00363524	0.0025031	0.000501041	0.000302998	0.0255902	0.12708	0.389683	0.000145578	0.000345668
101	0.0219958	0.00191358	0.000151839	0.00090732	0.0198557	0.00216796	0.000308163	0.41774	0.000250005	0.176581	0.0512615	0.000788589	0.00139559	0.000320971	0.000212758	0.00260589	0.0172329	0.283258	0.000198572	0.000853259
102	0.0751688	0.00652189	0.000571258	0.00122659	0.000934007	0.821912	0.00115677	0.0014884	0.00164422	0.00156793	0.00162783	0.00481957	0.00755524	0.000783695	0.000348608	0.0614423	0.00460878	0.00562056	0.000274474	0.000726966
103	0.0229601	0.00486976	7.71262e-05	0.00027668	0.0473422	0.00146318	0.000639662	0.311951	0.000126458	0.337598	0.041512	0.000808372	0.00106102	0.000246603	7.94807e-05	0.00316169	0.0179921	0.205333	0.000921841	0.00157957
104	0.0964132	0.0288165	0.0147988	0.00596564	0.00259097	0.0366878	0.00104343	0.00555367	0.00198876	0.00401411	0.00304262	0.0480616	0.00155658	0.00753307	0.0010868	0.490199	0.232066	0.016684	0.000468413	0.00142856
105	0.029862	0.00596013	0.000272982	0.000333048	0.0625012	0.00421727	0.000659596	0.222193	0.00041767	0.454044	0.0604379	0.000787112	0.000785013	0.000763153	0.00075309	0.00415662	0.0112919	0.134627	0.00271867	0.00321909
106	0.0151126	0.00411125	0.000332358	0.000344934	0.0530217	0.00523289	0.000513349	0.315039	0.000469583	0.266839	0.165565	0.000680019	0.000907271	0.000575328	0.000367684	0.00250677	0.0212382	0.143821	0.000851753	0.00246996
107	0.109961	0.00183539	0.00467766	0.0182306	0.0306529	0.216134	0.0100822	0.0114774	0.0495735	0.00821483	0.00564105	0.0219579	0.181954	0.0431427	0.102612	0.119925	0.0358988	0.0190348	0.000773949	0.00822034
108	0.0878234	0.0106828	0.000503229	0.000465226	0.00414542	0.00698051	0.000759652	0.189348	0.000699785	0.0884859	0.0275939	0.00800773	0.012128	0.00101414	0.000650205	0.0267577	0.0912153	0.441454	0.000365155	0.000919649
109	0.336296	0.00325909	0.000412068	0.00120946	0.00337662	0.426788	0.00195166	0.00355789	0.000610597	0.00360167	0.00402603	0.00347685	0.0124574	0.00118585	0.00120545	0.151973	0.0228597	0.0141696	0.000253825	0.00732897
110	0.103829	0.00634404	0.000596586	0.000774134	0.0639299	0.0461805	0.000959133	0.314377	0.000924192	0.0774056	0.108737	0.00140625	0.00118249	0.00117041	0.000772507	0.0057606	0.0170481	0.246729	0.000469792	0.00140351
111	0.0280769	0.00520592	7.25686e-05	0.000100292	0.0480007	0.00291233	0.000608837	0.270217	0.000126407	0.403879	0.0365397	0.00109212	0.000635152	0.000852299	9.75665e-05	0.00351945	0.0126515	0.178786	0.00362964	0.00299637
112	0.227815	0.0108633	0.000538268	0.000551086	0.11955	0.161564	0.000746075	0.0645449	0.000739866	0.232204	0.0229306	0.00118695	0.00104733	0.00854885	0.00074863	0.0565566	0.0323085	0.0431638	0.0130808	0.00131238
113	0.0253734	0.00467343	9.23923e-05	0.000166623	0.0434073	0.00210447	0.000640201	0.263372	0.000147311	0.408852	0.0458807	0.000913828	0.000675299	0.000568708	0.00011127	0.00280626	0.015087	0.179605	0.00201744	0.00350677
114	0.536126	0.00142921	0.00027596	0.000241767	0.00114947	0.118573	0.000544011	0.0015085	0.000317624	0.0048506	0.00168441	0.000807086	0.00573424	0.00041543	0.000371377	0.309239	0.0111598	0.00412386	0.00018085	0.00126752
115	0.201113	0.0103642	0.000511165	0.000455079	0.168392	0.150225	0.000697833	0.0604805	0.000783887	0.241636	0.0208975	0.00100215	0.000861953	0.00460601	0.000749417	0.041927	0.0227516	0.0646131	0.00678495	0.00114684
116	0.147815	0.00705154	0.000270559	0.000335281	0.114207	0.0847294	0.00041115	0.165335	0.000537302	0.229224	0.0131709	0.000570469	0.000561937	0.000761593	0.000362937	0.0289896	0.016101	0.187442	0.000585752	0.00153673
117	0.0612066	0.0166634	0.000979894	0.00349369	0.00413448	0.009024	0.00094784	0.0671846	0.00156971	0.0274197	0.00964362	0.00834897	0.00159692	0.0193414	0.00116165	0.141719	0.465617	0.157527	0.00103895	0.00138182
118	0.0354193	0.00507629	0.000108504	0.000169374	0.0661746	0.00225069	0.000602896	0.262372	0.000167664	0.360894	0.063051	0.00076569	0.000739027	0.000345295	0.000139108	0.00471858	0.017251	0.17575	0.00149249	0.00251192
119	0.167434	0.0115877	0.000138964	0.00022383	0.046016	0.0606987	0.000199337	0.170245	0.00021527	0.244243	0.012397	0.000266441	0.000998942	0.000303618	0.000202543	0.018398	0.0179204	0.247919	0.000110811	0.000480801
120	0.106458	0.0098674	0.000223604	0.000240476	0.0499672	0.0205203	0.000204893	0.272143	0.000285272	0.200223	0.00871564	0.000479135	0.000723211	0.000345766	0.00019765	0.0174603	0.0322317	0.278882	0.000123761	0.000708285
121	0.0702449	0.024611	0.000270926	0.00043472	0.00345863	0.0080624	0.000317873	0.224198	0.000451154	0.0873536	0.0378525	0.00310402	0.00211858	0.000572042	0.000413944	0.0271357	0.134633	0.374233	0.000170634	0.000363121
122	0.0235801	0.00342581	0.00010977	0.000506208	0.03447	0.00192617	0.000509749	0.294265	0.000157541	0.351929	0.0432309	0.000689212	0.000532597	0.000537926	9.63606e-05	0.00235274	0.0120694	0.225562	0.00189106	0.00215737
123	0.119802	0.00631899	0.000119977	0.00010425	0.0435071	0.0322974	0.00012328	0.184457	0.000130086	0.343355	0.0144541	0.000205739	0.000190445	0.000362559	0.000160795	0.0106976	0.0144897	0.228372	0.000413844	0.000437734
124	0.0193907	0.00542128	8.33732e-05	0.000205428	0.0721081	0.00275261	0.000521485	0.319418	0.000130046	0.316314	0.0566285	0.000618921	0.00152935	0.000208899	9.75561e-05	0.00229366	0.0160838	0.181584	0.00146469	0.00314429
125	0.00785077	0.011492	0.000350459	0.000345917	0.629995	0.00217578	0.00843653	0.0275811	0.000458049	0.11122	0.010709	0.000598653	0.0019636	0.00113122	0.00447423	0.00309738	0.00195992	0.0466671	0.0333422	0.0961509
126	0.231431	0.031207	0.0011517	0.00147606	0.0528461	0.362205	0.00165541	0.00638732	0.00197556	0.0739616	0.0195895	0.00209999	0.0181438	0.00216284	0.0154579	0.0235607	0.111804	0.0400092	0.00115098	0.0017242
127	0.0112292	0.00100792	0.0152106	0.000725417	0.00215574	0.0198646	0.00754166	0.00306	0.333831	0.0135007	0.00214711	0.0575928	0.0169824	0.0710381	0.316421	0.0497186	0.0616982	0.0142723	0.000682737	0.00132026
128	0.217143	0.0101956	0.00168821	0.00654558	0.0105832	0.43641	0.00262078	0.016008	0.00403456	0.0176156	0.0105874	0.00514462	0.0706901	0.00550045	0.00664828	0.0857397	0.0315223	0.0546787	0.00110179	0.00554241
129	0.111531	0.0164505	0.000737807	0.00219127	0.129168	0.020856	0.00263163	0.152689	0.00452017	0.139381	0.106824	0.00287187	0.00487308	0.0061485	0.00294448	0.0478597	0.0873106	0.107083	0.0157897	0.0381389
130	0.0523317	0.00320724	0.000251924	0.000250121	0.0376007	0.00683721	0.000360345	0.243003	0.000431482	0.416524	0.0289039	0.000858403	0.000461595	0.00649314	0.000424236	0.0115006	0.00750125	0.153906	0.0246036	0.00454919
131	0.202979	0.000654216	0.00691943	0.0139271	0.000789572	0.187962	0.0201432	0.00928114	0.0459952	0.00896818	0.0041199	0.0327566	0.0118251	0.0722113	0.092786	0.205428	0.0703511	0.00952901	0.000232083	0.00314125
132	0.204428	0.000718541	0.00691857	0.0137214	0.00102722	0.184201	0.0201788	0.00933809	0.0443185	0.00969771	0.00435721	0.0328844	0.0114184	0.0737462	0.093545	0.204434	0.0718015	0.00976751	0.000264642	0.00323341
133	0.13013	0.00700248	0.000160975	0.000192807	0.0423609	0.0268509	0.000183842	0.23446	0.000232298	0.222896	0.00859209	0.000652698	0.00109559	0.000282202	0.000183208	0.0180345	0.0263775	0.27962	0.000122212	0.000569319
134	0.573681	0.000731042	0.000363663	0.000377294	0.00104269	0.0632964	0.000484355	0.00171339	0.000412952	0.00405095	0.00126618	0.000665272	0.00519926	0.000540577	0.000368224	0.337759	0.00465953	0.00254726	0.000243816	0.000596381
135	0.0210915	0.00337969	0.00019272	0.000360102	0.00212196	0.000951246	0.000412492	0.473893	0.000377503	0.0369449	0.0239887	0.00112227	0.00757186	0.000421467	0.000369342	0.00284567	0.01515	0.40618	0.000194769	0.00243127
136	0.0622115	0.00720794	0.00030195	0.000286904	0.10126	0.00427057	0.000672935	0.159462	0.000636809	0.374331	0.126274	0.00075404	0.000924379	0.00142614	0.00127138	0.00951779	0.0198186	0.123424	0.00159844	0.00434966
137	0.0216093	0.00393774	8.07507e-05	0.000286649	0.0445033	0.00118772	0.000618584	0.318713	0.000120206	0.334351	0.0450953	0.000714653	0.000903093	0.000163029	8.29394e-05	0.00215755	0.0144021	0.208688	0.000772587	0.00161211
138	0.240873	0.00365631	0.00050311	0.000727677	0.000746837	0.584506	0.00236233	0.0012151	0.000786477	0.00142262	0.00264273	0.00385972	0.00418266	0.000965631	0.000900111	0.125408	0.0122781	0.0109876	0.000212281	0.00176466
139	0.0134035	0.00222768	0.000320791	0.000378833	0.0402349	0.00258329	0.000420815	0.286259	0.000505681	0.35479	0.175859	0.000613454	0.00108517	0.000733494	0.000420977	0.00215192	0.015478	0.0991864	0.000808378	0.00253779
140	0.126022	0.00712839	0.00016652	0.000186614	0.0457942	0.0259951	0.00019418	0.248178	0.000217119	0.207322	0.00625619	0.000344649	0.000301221	0.000268887	0.00018014	0.0165035	0.0235139	0.290662	0.000110346	0.000654816
141	0.173847	0.0125384	0.000183324	0.00027431	0.0514328	0.0717901	0.000230735	0.175881	0.000278247	0.209842	0.0127529	0.000343322	0.00104037	0.000342589	0.00021892	0.0221561	0.0163014	0.249891	0.000131516	0.000523387
142	0.0676908	0.00666978	0.000261368	0.000812586	0.0010742	0.835552	0.000834204	0.00154668	0.00162354	0.00165195	0.00151031	0.00451848	0.0078681	0.000485041	0.000556652	0.0561522	0.00436897	0.00580221	0.00026592	0.000755151
143	0.0453951	0.0513431	0.0012699	0.0020797	0.0828027	0.0673779	0.0020423	0.0164429	0.00217726	0.0751404	0.0716612	0.00314264	0.00787305	0.00323559	0.00211208	0.135406	0.332183	0.021504	0.0013336	0.0754774
144	0.124601	0.0065292	0.000100295	9.22689e-05	0.0442573	0.0343675	0.000111503	0.189913	0.000120683	0.318725	0.0134576	0.000175697	0.000176364	0.000188466	0.000137481	0.0119961	0.0167127	0.237909	6.50406e-05	0.000363277
145	0.124855	0.00701494	0.00016108	0.000193552	0.0454927	0.0256365	0.00019367	0.249368	0.000216515	0.207791	0.00659465	0.00035586	0.000307805	0.000268836	0.000180684	0.0163022	0.0234801	0.290835	9.6823e-05	0.000654199
146	0.466193	0.0304628	0.000327249	0.000220641	0.00394434	0.123106	0.000266739	0.00397085	0.000306628	0.00911306	0.00926228	0.000536696	0.000442036	0.000402919	0.000428238	0.204443	0.119309	0.0266	0.000151155	0.000513281
147	0.0889239	0.0120655	0.000618158	0.000890679	0.0960242	0.00318429	0.00107199	0.0389515	0.00113767	0.39152	0.252562	0.001385	0.00123687	0.0103586	0.00929445	0.00520343	0.0301696	0.0373981	0.00049683	0.017508
148	0.020562	0.00373106	0.0868756	0.0599219	0.00481847	0.514698	0.0287712	0.00558238	0.0563159	0.00600326	0.00429623	0.127309	0.00612652	0.0100563	0.0230996	0.0239301	0.00778533	0.00789338	0.000449483	0.00177482
149	0.00720829	0.00225994	0.0452667	0.0116285	0.0228022	0.0202008	0.0141531	0.0586382	0.0924145	0.20083	0.312467	0.00170147	0.00152515	0.0723691	0.0231074	0.0159647	0.0151168	0.0587043	0.0118839	0.0117573
150	0.0787545	0.0194052	0.000270336	0.000359627	0.00165177	0.00959204	0.000258161	0.204355	0.000348751	0.0881974	0.0418123	0.00338888	0.00252866	0.000487599	0.000302573	0.0259747	0.132382	0.389426	0.00015672	0.000348134
151	0.00550241	0.00149832	0.442483	0.0369713	0.00208048	0.0128291	0.095136	0.00657211	0.0042735	0.00356517	0.0127218	0.151509	0.0108109	0.0269546	0.00381328	0.147317	0.0247274	0.00407999	0.000457536	0.00669724
152	0.0186674	0.000953541	0.00607418	0.0832087	0.00148119	0.00584385	0.0489484	0.0357252	0.0881473	0.04384	0.0328914	0.00884463	0.0265948	0.127905	0.0520069	0.0870641	0.282346	0.0479879	0.000335455	0.00113323
153	0.0140456	0.00294342	0.0014009	0.00135624	0.0688659	0.00476826	0.00158002	0.0345582	0.00213478	0.178923	0.00591248	0.0029579	0.557849	0.00267294	0.00177188	0.00900952	0.00799873	0.0976768	0.00126134	0.00231397
154	0.0215533	0.0126612	0.000269923	0.000446167	0.235491	0.00170001	0.000409479	0.0589896	0.00047926	0.527244	0.0626042	0.00064173	0.000590791	0.000623657	0.000434723	0.0041502	0.00448497	0.0622425	0.00038546	0.00459774
155	0.185371	0.00256418	0.0013784	0.0334454	0.0709578	0.0151291	0.235046	0.0090124	0.0514067	0.00683192	0.00783746	0.0153622	0.0625527	0.0528418	0.0542654	0.0741706	0.0298985	0.0371525	0.000981742	0.0537947
156	0.00726228	0.0109472	0.00033281	0.000368592	0.636435	0.00247211	0.00818003	0.0258321	0.000474292	0.113645	0.0102646	0.000668223	0.00141969	0.000972634	0.00424219	0.00373007	0.00197175	0.0418632	0.0313604	0.0975577
157	0.247859	0.00412809	0.000272999	0.000891645	0.00079943	0.571373	0.0021252	0.00118811	0.000649143	0.00172415	0.00284798	0.00342709	0.00509171	0.000818451	0.000843298	0.127463	0.0149569	0.0116845	0.00016684	0.00169033
158	0.173733	0.00180821	0.000804222	0.000918517	0.0312323	0.0130203	0.00127496	0.0468862	0.0360244	0.0950012	0.231924	0.0106775	0.0392635	0.00173516	0.00115345	0.0162768	0.120891	0.0886166	0.0772869	0.0114722
159	0.0245896	0.00291975	0.00114683	0.00120359	0.056547	0.00473431	0.00331901	0.0290074	0.00277816	0.133386	0.00686311	0.00325898	0.624718	0.00382761	0.00165357	0.0129146	0.0109303	0.0722575	0.00108084	0.00286339
160	0.0116746	0.000998336	0.00682794	0.0960257	0.00157615	0.00787906	0.0481407	0.0446764	0.0995984	0.0331013	0.0214442	0.00473568	0.0158156	0.112352	0.059435	0.0845886	0.288014	0.0620738	0.000304738	0.000738193
161	0.00815595	0.011259	0.00051025	0.000484061	0.641468	0.00329694	0.0078746	0.0261785	0.000804333	0.106999	0.0118946	0.000822659	0.00171048	0.00138467	0.00453476	0.00469616	0.00300686	0.0427774	0.0320003	0.090142
162	0.0085934	0.00129268	0.311509	0.10771	0.00226504	0.0134474	0.123334	0.0140506	0.0122899	0.00395057	0.012999	0.125071	0.0313505	0.052605	0.00869603	0.120905	0.0283574	0.00465421	0.00054346	0.0163759
163	0.340999	0.014865	0.0130147	0.00117742	0.0112177	0.020952	0.00121578	0.00613432	0.00138875	0.0186802	0.00399465	0.00202985	0.28957	0.00181345	0.00165007	0.211232	0.00585875	0.0196533	0.000900545	0.0336518
164	0.0624581	0.0812564	0.000957755	0.00123729	0.020016	0.00688829	0.000970499	0.298254	0.00107544	0.0519173	0.0287312	0.00201722	0.0050908	0.00161975	0.00126994	0.0532888	0.126579	0.253745	0.000656861	0.00197055
165	0.0843701	0.00614614	0.000109622	0.000117936	0.0418723	0.0209359	0.000223318	0.195151	0.000133393	0.4054	0.0204472	0.000495703	0.000247746	0.000834916	0.000153051	0.00702261	0.0113094	0.200913	0.00260031	0.00151653
166	0.260237	0.0451153	0.00327256	0.00071177	0.00728198	0.0398425	0.00297827	0.0880693	0.00124572	0.0522904	0.0248333	0.00529823	0.0363121	0.00272406	0.0008756	0.18495	0.109268	0.130569	0.00154945	0.00257513
167	0.0283218	0.0134829	0.000268295	0.000329237	0.14312	0.00178634	0.000359479	0.0797157	0.000487513	0.559383	0.0871142	0.000490709	0.000456938	0.0013858	0.00114369	0.00335946	0.00606652	0.0674254	0.000641144	0.00466175
168	0.0789609	0.0780353	0.00138774	0.00239476	0.0826585	0.0239829	0.000921161	0.109864	0.00125165	0.125317	0.0592816	0.00121539	0.0170056	0.00138137	0.000981951	0.121132	0.179194	0.105335	0.00179384	0.00790537
169	0.0247805	0.00413117	0.000105502	0.000401639	0.0456613	0.00154452	0.000554771	0.335419	0.00014547	0.302695	0.0424904	0.00105902	0.00229986	0.000185721	0.000127237	0.00296611	0.0181708	0.215382	0.000523983	0.00135668
170	0.136363	0.00618584	0.00155987	0.00163441	0.0637404	0.0152483	0.00182284	0.242549	0.00259227	0.030295	0.0143522	0.00314336	0.00760915	0.0036141	0.00256469	0.0346692	0.0228497	0.371202	0.00123273	0.0367717
171	0.219002	0.0229955	0.00282189	0.0034701	0.0273152	0.0563449	0.00439632	0.0850178	0.00431798	0.0798533	0.0538188	0.0379789	0.00351757	0.0390207	0.00243605	0.142033	0.0791556	0.10538	0.00311569	0.0280091
172	0.0250672	0.00521036	6.80621e-05	0.000123501	0.048381	0.00210233	0.00069832	0.281805	0.000119339	0.388298	0.0390892	0.000938993	0.000682671	0.000453034	8.2797e-05	0.00292277	0.0140494	0.185207	0.00212011	0.00258039
173	0.0385	0.00876092	0.000228359	0.00032632	0.00184869	0.00114192	0.000396491	0.276159	0.000379118	0.00830244	0.0228509	0.000597668	0.00513803	0.000551144	0.000414298	0.00419728	0.014175	0.614016	0.000240737	0.00177535
174	0.0498862	0.0178199	0.000448607	0.000677272	0.00513279	0.0226409	0.000684464	0.152692	0.000967038	0.0384301	0.0315311	0.0240146	0.00123097	0.00817349	0.000973894	0.187427	0.330747	0.125429	0.000351961	0.00074221
175	0.0981808	0.00449598	0.000171181	0.000298554	0.10672	0.00457727	0.000378057	0.169245	0.000352806	0.250107	0.144357	0.000506056	0.000367786	0.000584092	0.000361195	0.0172541	0.0318589	0.168296	0.000543502	0.00134428
176	0.146697	0.0112575	0.000391055	0.000576008	0.0135557	0.0151412	0.000445351	0.22324	0.000586551	0.0858668	0.0475483	0.00297316	0.0051932	0.000785349	0.000529352	0.0220208	0.0934809	0.328483	0.000266494	0.000961455
177	0.0355472	0.00947076	0.121226	0.215977	0.00422659	0.214924	0.0365082	0.00989673	0.0362882	0.00943411	0.00664737	0.0484615	0.00348179	0.045406	0.018178	0.127741	0.040233	0.0129143	0.00111012	0.00232828
178	0.363207	0.0264801	0.00533941	0.00357741	0.00275266	0.0798237	0.000427472	0.0120699	0.000616374	0.0110033	0.00704425	0.00932893	0.00198213	0.0050365	0.000613033	0.288149	0.157927	0.02347	0.000367231	0.000785393
179	0.0607481	0.0120522	0.000537784	0.00262564	0.0100181	0.0167165	0.00076679	0.178241	0.000874513	0.0520513	0.0651265	0.0205309	0.00228461	0.00727516	0.00258065	0.15725	0.280699	0.127908	0.000414834	0.00129908
180	0.209462	0.00459259	0.000260775	0.000608991	0.000743914	0.63089	0.00207636	0.00116031	0.000549831	0.00144109	0.00250254	0.00359445	0.00415472	0.000640045	0.000551013	0.113942	0.0117737	0.00929205	0.000198781	0.00156484
181	0.0769349	0.0323675	0.06358	0.00578777	0.0211506	0.0767501	0.0427487	0.071293	0.0059308	0.0484549	0.0570997	0.116441	0.00506858	0.0756841	0.00436198	0.0916568	0.095805	0.0906395	0.00107516	0.0171696
182	0.0379556	0.0160943	0.00163005	0.00139122	0.164222	0.007022	0.0146938	0.157993	0.0117785	0.181316	0.087226	0.00672693	0.00183469	0.0127687	0.0164667	0.0269224	0.0569038	0.0938196	0.0182583	0.0849761
183	0.0206708	0.0048013	0.00115926	0.000534736	0.162389	0.00186981	0.0311646	0.143984	0.0218336	0.232332	0.0974938	0.0102783	0.00117634	0.00657207	0.0342005	0.0242227	0.0231131	0.0761712	0.0131692	0.0928627
184	0.289388	0.0141912	0.0046187	0.0115065	0.00938416	0.0829321	0.00403976	0.0627794	0.00659231	0.0283136	0.0435212	0.0517303	0.00773369	0.0291269	0.00730231	0.162372	0.11195	0.0632336	0.00155391	0.0077294
185	0.059496	0.0119906	0.000251176	0.000642452	0.0120891	0.00629783	0.000424148	0.24508	0.000378255	0.158413	0.0407528	0.00509688	0.00280537	0.000579588	0.000280686	0.0185214	0.0944761	0.341399	0.000300881	0.000724893
186	0.255984	0.00344114	0.000484001	0.00053047	0.000740476	0.552291	0.00307493	0.00127038	0.000523395	0.0014986	0.00275637	0.00502837	0.00313143	0.000589216	0.0004523	0.142875	0.012938	0.0102939	0.000227718	0.00186933
