386	20
1	0.0239664	0.00219956	0.0932465	0.180803	0.00218194	0.00590258	0.0475995	0.0119215	0.0961284	0.0472371	0.0302513	0.109382	0.00267328	0.15134	0.0501478	0.0437056	0.0479646	0.041629	0.000917404	0.0108023
2	0.00986351	0.00899691	0.000599495	0.00249539	0.0722485	0.000744445	0.000627382	0.367611	0.00096897	0.348169	0.0572941	0.00333158	0.00298354	0.000883889	0.00207855	0.0042499	0.00366408	0.102624	0.00530479	0.00526008
3	0.0305392	0.010167	0.00493945	0.0130882	0.0225918	0.0135937	0.0284232	0.0281672	0.291116	0.0282891	0.0095095	0.048928	0.0104919	0.0302401	0.312849	0.0376471	0.0161188	0.049111	0.00606785	0.00812223
4	0.0359904	0.0132795	0.00879317	0.0204256	0.00929826	0.00448181	0.00811334	0.0907031	0.013505	0.0814096	0.0219226	0.013222	0.00523582	0.0102186	0.0133497	0.0263083	0.342502	0.27088	0.00197267	0.00838833
5	0.0395917	0.00199264	0.150121	0.211848	0.00207963	0.0079804	0.0227647	0.0048145	0.0914338	0.0253614	0.0213253	0.0890441	0.00408652	0.145962	0.0768295	0.0356468	0.0354256	0.029098	0.00048449	0.00411061
6	0.0694444	0.0347276	0.000737087	0.00159928	0.0117121	0.000636692	0.00105265	0.108449	0.00168676	0.150506	0.0507907	0.0010436	0.00346593	0.00318408	0.00282852	0.00343203	0.0240206	0.521236	0.000212603	0.00923365
7	0.0122772	0.00413649	0.00187517	0.00652866	0.0495313	0.00157274	0.0010937	0.0637261	0.00680987	0.540885	0.220527	0.00329004	0.000446568	0.00362782	0.00741974	0.0208416	0.00915188	0.0200643	0.0131366	0.0130585
8	0.00698487	0.00120044	0.000636754	0.00695136	0.0488259	0.00116754	0.000512793	0.073974	0.00524827	0.565905	0.208303	0.0026968	0.000300897	0.00297275	0.00798456	0.0182977	0.00601839	0.0124127	0.0154682	0.0141374
9	0.0278712	0.00887509	0.000377593	0.00685284	0.00273473	0.0019987	0.0037717	0.390703	0.000476903	0.130486	0.0241076	0.00441158	0.000401906	0.00316552	0.00114594	0.00231296	0.0153808	0.369818	0.00157847	0.00352871
10	0.0837515	0.00909094	0.0109438	0.0112849	0.00241063	0.724369	0.00673647	0.00465821	0.0268974	0.00903083	0.00492423	0.019661	0.00327064	0.00693249	0.0163262	0.0384542	0.0084796	0.00646417	0.00378948	0.00252388
11	0.00766979	0.00324194	0.000603209	0.005331	0.0446064	0.00117698	0.000507959	0.151781	0.00413429	0.525709	0.16126	0.00285943	0.0010261	0.00246825	0.00648593	0.0143839	0.00486816	0.0364527	0.0144902	0.0109436
12	0.17608	0.0774493	0.00547622	0.00607267	0.00312484	0.485597	0.0036467	0.00434455	0.0121949	0.0106421	0.0200901	0.0105597	0.00464548	0.00684427	0.0115138	0.100632	0.0425201	0.0118836	0.00325714	0.00342552
13	0.0832182	0.00910894	0.0113727	0.0103935	0.00226719	0.70766	0.00669462	0.00362168	0.0259199	0.00965752	0.00529424	0.0206844	0.00662701	0.00946538	0.0145428	0.0516242	0.00886381	0.00509326	0.0047472	0.00314322
14	0.037204	0.0110375	0.0679632	0.0230722	0.00505971	0.0263253	0.0563183	0.00558291	0.0223236	0.00886852	0.00548122	0.455105	0.0164571	0.0220349	0.0137349	0.150594	0.0469014	0.012565	0.00507052	0.00830063
15	0.0285087	0.00768072	0.0723643	0.0308491	0.00565257	0.025284	0.06727	0.00716892	0.0251077	0.00914148	0.00562851	0.497926	0.0117965	0.0273185	0.0161031	0.0959597	0.0411218	0.0104154	0.00356894	0.0111336
16	0.111972	0.0112214	0.00921755	0.00838948	0.00231533	0.675342	0.0049353	0.00272555	0.0240971	0.00816715	0.00499523	0.0151994	0.00882543	0.00838637	0.0141531	0.0649461	0.0111041	0.00635574	0.00329189	0.00435935
17	0.0229917	0.0147377	0.00922854	0.00395845	0.0018084	0.00231863	0.00253848	0.00268745	0.00396877	0.00845905	0.00259238	0.00771834	0.00136934	0.00370514	0.00265973	0.406823	0.494961	0.00470459	0.00087296	0.00189659
18	0.0916261	0.0208106	0.0143496	0.00975271	0.011016	0.00832279	0.00531449	0.0114514	0.0104342	0.0459277	0.0120512	0.0224592	0.00503806	0.00966528	0.00520485	0.304054	0.378234	0.0279923	0.00225281	0.00404238
19	0.0104861	0.00982686	0.000439483	0.0023057	0.0520698	0.000617546	0.000440415	0.369132	0.00058232	0.366229	0.0595705	0.00331728	0.00319723	0.00079988	0.0019181	0.00395058	0.00315699	0.10342	0.0043724	0.00416799
20	0.0764597	0.0260641	0.00374707	0.00426414	0.0094548	0.0019286	0.00269583	0.080023	0.00621286	0.140855	0.0494357	0.00619338	0.00465246	0.00538705	0.00595379	0.0233729	0.11611	0.428018	0.00106753	0.00810353
21	0.095974	0.00731864	0.00241691	0.00202464	0.00114409	0.797176	0.00163695	0.00154769	0.0158081	0.00749408	0.00328253	0.0029372	0.00179248	0.00228415	0.0123157	0.0327419	0.00410581	0.00297873	0.0031962	0.0018239
22	0.364924	0.0386738	0.00328586	0.00337763	0.00354112	0.118466	0.00174024	0.00321363	0.00581593	0.00336586	0.00582152	0.00934648	0.000969737	0.00723216	0.00188127	0.387861	0.0319114	0.00366765	0.000712553	0.00419236
23	0.0242764	0.00687451	0.000421461	0.00849407	0.000318759	0.00253563	0.00440925	0.428123	0.000523996	0.130915	0.0216882	0.00537323	0.00022428	0.00388692	0.00073276	0.00225974	0.0141727	0.339083	0.00186556	0.00382228
24	0.0100321	0.00929294	0.000402927	0.00240528	0.0382639	0.00060685	0.000419418	0.386968	0.000518593	0.372312	0.0613582	0.00348724	0.00322707	0.000631769	0.00200061	0.00404184	0.00261213	0.095667	0.00296575	0.00278616
25	0.192044	0.0207208	0.0389176	0.0420224	0.0155765	0.0344483	0.10206	0.025291	0.0556799	0.0259968	0.0204188	0.082868	0.0552181	0.0397662	0.0330255	0.112845	0.0459547	0.032698	0.00534522	0.0191038
26	0.028837	0.00685857	0.0682838	0.0189992	0.00629052	0.0159254	0.0689127	0.0062111	0.0243931	0.00643899	0.00433063	0.472028	0.0714201	0.0218756	0.0128805	0.100224	0.0427284	0.0094786	0.00256538	0.0113186
27	0.0241396	0.0112127	0.00120794	0.00722001	0.00136688	0.00848785	0.00121323	0.00154685	0.58593	0.00224128	0.008292	0.00292233	0.00132856	0.0336268	0.233049	0.0454672	0.018795	0.00290739	0.00554964	0.0034955
28	0.0052865	0.0109604	0.029897	0.109465	0.0470236	0.00190177	0.305271	0.00240407	0.0427724	0.0938904	0.070983	0.0209029	0.00136956	0.0289397	0.0624835	0.005396	0.004239	0.00381271	0.000728397	0.152272
29	0.0455929	0.00129205	0.0582044	0.0356128	0.000878692	0.380479	0.0349953	0.00141362	0.12051	0.00173186	0.00151433	0.179244	0.0074132	0.0375815	0.0277819	0.0558272	0.00262124	0.00576409	0.000651039	0.000890829
30	0.00966364	0.00947877	0.000443933	0.00236462	0.0352122	0.000797083	0.000449687	0.369303	0.000544126	0.382476	0.0632621	0.00337009	0.00332052	0.00103488	0.0019108	0.00393336	0.00271997	0.104089	0.00271173	0.00291422
31	0.0414638	0.0762445	0.0194364	0.0594288	0.00330333	0.00378044	0.0217418	0.00363862	0.0781716	0.00534794	0.00451295	0.00695931	0.00233207	0.0455768	0.0214421	0.33962	0.227419	0.0351021	0.00161485	0.00286431
32	0.00875828	0.00918705	0.00309396	0.00428969	0.329475	0.00262119	0.0237156	0.0144895	0.00216511	0.0498567	0.0161162	0.0167546	0.00522	0.00501613	0.00547239	0.017406	0.0139178	0.0166611	0.0264676	0.429316
33	0.0420967	0.0031633	0.0677104	0.170477	0.0152437	0.0043066	0.0372329	0.00490092	0.0505921	0.0105808	0.071351	0.132347	0.0256055	0.0902867	0.153462	0.0145177	0.0650115	0.0364799	0.00163713	0.0029967
34	0.0322701	0.00412092	0.0254868	0.143992	0.00630848	0.0142846	0.0548789	0.0030022	0.110572	0.0057077	0.0141962	0.0112623	0.0104035	0.148355	0.0874781	0.112965	0.176616	0.0354374	0.00101796	0.00164567
35	0.202641	0.0359137	0.00322789	0.00308673	0.00207451	0.00244562	0.0321265	0.023826	0.00736551	0.00854643	0.00257636	0.0145673	0.430833	0.0167521	0.00779555	0.151393	0.0381852	0.0141389	0.000894707	0.00161084
36	0.0181464	0.00610209	0.201956	0.0433752	0.0030388	0.00590282	0.0366855	0.00481571	0.0107978	0.00669743	0.00406536	0.458422	0.0155486	0.0165497	0.00790983	0.0805665	0.0623195	0.0111997	0.00209545	0.00380515
37	0.00343002	0.00575478	0.00165097	0.00183483	0.354713	0.00106397	0.00309153	0.00863058	0.00177971	0.0540956	0.0159263	0.00718048	0.000720154	0.00189988	0.00636183	0.0136998	0.0130423	0.0132484	0.0219383	0.469938
38	0.00315932	0.00563879	0.00144713	0.00164348	0.357294	0.00104212	0.00158385	0.00809	0.00179604	0.0520847	0.0159438	0.00662743	0.000531962	0.00169051	0.00644027	0.0132026	0.0126984	0.0123757	0.021752	0.474958
39	0.0843355	0.00834483	0.0139308	0.0112874	0.00322828	0.703045	0.00656085	0.00343604	0.0265374	0.0098373	0.00475321	0.0217046	0.00638348	0.00742065	0.0138256	0.0521593	0.00883271	0.00624454	0.00339315	0.00473975
40	0.184732	0.0294689	0.0304413	0.0276488	0.0109287	0.0517229	0.016751	0.0164879	0.0312181	0.0241571	0.0139649	0.0525334	0.0318018	0.0249033	0.0155032	0.318948	0.0782203	0.0246333	0.005321	0.0106137
41	0.0118825	0.0100052	0.000627223	0.00323979	0.00176878	0.00400765	0.00183524	0.210191	0.000978495	0.404782	0.0526768	0.00239419	0.000725859	0.00571731	0.000917288	0.00207314	0.00794351	0.270718	0.000870051	0.00664673
42	0.0116426	0.0190771	0.00214474	0.00468767	0.207811	0.00173322	0.00179744	0.137007	0.00358342	0.22382	0.0687517	0.00283752	0.00163761	0.00373793	0.00342989	0.00625327	0.0593224	0.207075	0.0159048	0.0177449
43	0.0630001	0.00936145	0.02523	0.115262	0.0104423	0.0119105	0.0129596	0.0189925	0.052289	0.0888666	0.192763	0.0261516	0.00569578	0.169402	0.0842561	0.032004	0.0416455	0.0200153	0.00400459	0.0157488
44	0.375167	0.0494551	0.00100111	0.00301516	0.00370203	0.0641416	0.00149842	0.0029049	0.00379632	0.00265496	0.00533074	0.0102311	0.000555542	0.00574059	0.00101983	0.441542	0.0255466	0.00162285	0.000374266	0.000699796
45	0.365286	0.0400823	0.00303281	0.00380846	0.0033091	0.0992814	0.00199901	0.00340767	0.00588605	0.00390153	0.00613402	0.0101273	0.00128362	0.0109549	0.00163606	0.408168	0.0252976	0.00304431	0.000607309	0.00275195
46	0.169219	0.0426613	0.0156343	0.0158122	0.00644247	0.0114289	0.00638541	0.0203177	0.0156508	0.0531689	0.0137134	0.0594301	0.0103006	0.0183045	0.00674409	0.237972	0.212915	0.0725846	0.00486973	0.00644464
47	0.041567	0.0154607	0.000779157	0.00549588	0.00354418	0.00144843	0.00286985	0.306644	0.00114477	0.112674	0.0341239	0.002908	0.000844001	0.0029693	0.00306191	0.00320639	0.0240311	0.432174	0.000894033	0.00415876
48	0.0327772	0.0494611	0.00325127	0.00469088	0.0187558	0.0406733	0.0987608	0.00472448	0.187567	0.0407669	0.00316556	0.0772768	0.00193921	0.0172893	0.188161	0.192188	0.0179685	0.0068439	0.00102311	0.0127161
49	0.0177035	0.00789803	0.000398939	0.00555548	0.0150351	0.00166848	0.00272824	0.403648	0.000524659	0.238033	0.0381257	0.00443694	0.00148862	0.0025147	0.00116318	0.00283238	0.00907017	0.241356	0.00230461	0.00351411
50	0.0386329	0.00248844	0.38037	0.321465	0.000881241	0.0109744	0.00717922	0.000834052	0.0211603	0.00424591	0.00110112	0.058077	0.0101432	0.0544034	0.0153712	0.0399336	0.0254611	0.00597635	0.00034942	0.000952263
51	0.033765	0.00606795	0.0015039	0.0246254	0.018093	0.00116035	0.00633684	0.181505	0.00180364	0.0272445	0.0287267	0.0019526	0.0012323	0.00717163	0.00742803	0.00326562	0.00785481	0.622596	0.000465276	0.0172013
52	0.029708	0.0242791	0.00490936	0.015593	0.228581	0.00778629	0.133943	0.0136491	0.00253197	0.00259856	0.00267512	0.065543	0.0165236	0.0138129	0.00213714	0.0419061	0.0166354	0.0101599	0.0155643	0.351463
53	0.0743911	0.0137366	0.00280394	0.00792055	0.00504517	0.0017337	0.00233542	0.287711	0.00541512	0.0895096	0.0238245	0.00260481	0.00124335	0.00568955	0.0127969	0.00981201	0.0327265	0.416419	0.000697257	0.0035844
54	0.104532	0.0257695	0.0236648	0.0253526	0.00518542	0.0213762	0.0335139	0.0253955	0.0380923	0.0137661	0.00442993	0.0280309	0.412818	0.0296966	0.0144591	0.130458	0.04034	0.0172475	0.00150532	0.00436658
55	0.00724703	0.00109692	0.000671989	0.00704445	0.0560191	0.00109812	0.000525247	0.0714474	0.00533673	0.555589	0.214314	0.00262688	0.000284568	0.00294664	0.00793146	0.0179183	0.00625253	0.0118305	0.0153881	0.0144302
56	0.0337135	0.0504522	0.00368092	0.00442399	0.0163113	0.0432004	0.103578	0.00423963	0.180399	0.0332379	0.00341977	0.0860014	0.00190018	0.0192054	0.176709	0.200151	0.0164124	0.00677094	0.00107321	0.0151203
57	0.16204	0.00620867	0.123305	0.10871	0.0011195	0.0258629	0.0144751	0.00422365	0.13911	0.00690244	0.00402578	0.0939035	0.00153982	0.0934391	0.0290073	0.138736	0.0328018	0.00196597	0.00843467	0.00418852
58	0.0067738	0.0119381	0.000782726	0.0012039	0.00135568	0.00556227	0.00070276	0.0908682	0.00170113	0.549054	0.0745496	0.00116754	0.000696924	0.00720567	0.00160835	0.00211087	0.00531934	0.230271	0.000440505	0.00668755
59	0.0651573	0.0314134	0.00070072	0.00166701	0.0106499	0.000852611	0.00108318	0.119092	0.0014498	0.164788	0.0496712	0.00107188	0.00319404	0.00316728	0.00257716	0.00311897	0.0232896	0.508076	0.000242121	0.0087387
60	0.070733	0.00926102	0.121374	0.0897426	0.00669906	0.0275419	0.0263768	0.0166976	0.0651502	0.0173595	0.00885181	0.0501578	0.281878	0.0398458	0.0180608	0.0785828	0.0416423	0.0212217	0.00223928	0.0065836
61	0.0192149	0.0173976	0.00468238	0.0144364	0.101453	0.00224406	0.00204308	0.0711558	0.00688846	0.410154	0.206254	0.00486232	0.000968089	0.00728791	0.00653983	0.026323	0.0460272	0.0335379	0.00794151	0.0105887
62	0.0776179	0.0343362	0.00148398	0.0024764	0.0119376	0.00116599	0.00159623	0.109361	0.00228801	0.159943	0.0474773	0.00199956	0.00801792	0.00382469	0.00329403	0.0044386	0.0247543	0.490133	0.000602507	0.013251
63	0.0179314	0.00809984	0.124327	0.0765978	0.00521619	0.00289998	0.178738	0.00128691	0.0214406	0.00925112	0.00141222	0.397521	0.00217597	0.0196502	0.0259507	0.0794677	0.0123836	0.002185	0.000506992	0.012958
64	0.0917661	0.0184324	0.0298473	0.0311964	0.00928572	0.0194667	0.0278599	0.0225287	0.0559115	0.0161829	0.00557812	0.0290286	0.436322	0.0314691	0.0204803	0.0860503	0.0367635	0.0207794	0.00275575	0.00829562
65	0.0372905	0.0062745	0.392474	0.254025	0.00115294	0.0084258	0.0103235	0.00150035	0.0203803	0.00369164	0.00163017	0.123208	0.0076324	0.0404261	0.0179895	0.0363676	0.0294567	0.00564332	0.00051428	0.00159416
66	0.0270228	0.00727069	0.21768	0.135346	0.00490345	0.00468842	0.108624	0.00173386	0.0194783	0.00689041	0.0017775	0.321014	0.00284283	0.0247721	0.0213222	0.0585709	0.0226705	0.00363179	0.000793494	0.00896681
67	0.0100321	0.00929294	0.000402927	0.00240528	0.0382639	0.00060685	0.000419418	0.386968	0.000518593	0.372312	0.0613582	0.00348724	0.00322707	0.000631769	0.00200061	0.00404184	0.00261213	0.095667	0.00296575	0.00278616
68	0.0311792	0.00394649	0.00310774	0.0556848	0.0222038	0.00233793	0.0123993	0.193299	0.00342915	0.00902929	0.0228363	0.0035807	0.00189332	0.0141697	0.00801919	0.00560038	0.00665115	0.573152	0.000746987	0.0267333
69	0.00582775	0.0107954	0.00116527	0.00224389	0.192053	0.00102057	0.000959932	0.221927	0.00159218	0.281958	0.0439059	0.0024189	0.00159208	0.00202826	0.00154256	0.00348765	0.0070238	0.179401	0.0179251	0.0211323
70	0.0667161	0.0109304	0.142375	0.0364775	0.00361782	0.169163	0.0110225	0.0054019	0.0237782	0.0100718	0.00731279	0.0789042	0.0113116	0.0237465	0.00974876	0.274686	0.0935189	0.00971096	0.00300431	0.00850122
71	0.0860004	0.0114859	0.0139911	0.0110825	0.00363656	0.659609	0.00864576	0.00389504	0.0300798	0.0120898	0.0062608	0.0325065	0.00928294	0.0108856	0.0156754	0.0561072	0.0114547	0.00807731	0.00422695	0.00500732
72	0.064604	0.0174109	0.0238198	0.0323091	0.0721319	0.024663	0.0289545	0.0568683	0.0406579	0.103455	0.0426077	0.0539054	0.0204817	0.0292721	0.0320458	0.0679284	0.04647	0.057185	0.104439	0.0807904
73	0.0507471	0.00762783	0.239826	0.185844	0.00680414	0.01981	0.0281398	0.00864625	0.0560905	0.0146496	0.0149418	0.0914071	0.0146027	0.0635308	0.0700511	0.0576741	0.0359663	0.0217201	0.0025967	0.00932386
74	0.043965	0.0334063	0.00147409	0.0064009	0.0185584	0.00202693	0.0034725	0.300329	0.00397477	0.155088	0.0365487	0.00408123	0.00235524	0.00415812	0.00352297	0.0116516	0.0227471	0.338303	0.0023189	0.00561702
75	0.0179623	0.0338708	0.0333999	0.00751934	0.00305209	0.0120236	0.041792	0.00493935	0.0124723	0.00683033	0.0041041	0.520851	0.00883833	0.0176227	0.00814511	0.212365	0.0354116	0.00817975	0.00412051	0.0065
76	0.0674807	0.0166032	0.0704228	0.00453998	0.00209469	0.190767	0.0035896	0.00305521	0.0364836	0.00460192	0.0032165	0.149441	0.0194003	0.00451182	0.0150636	0.374507	0.0249857	0.00576666	0.00114879	0.00232059
77	0.0637729	0.0172438	0.0115074	0.00409865	0.0483591	0.00288113	0.00185466	0.0112375	0.0253328	0.360785	0.303089	0.00295474	0.00136216	0.00504889	0.00604173	0.0177585	0.0325233	0.0813605	0.000974017	0.00181395
78	0.0121447	0.00487766	0.142586	0.00734549	0.00154047	0.0036649	0.0510541	0.00213936	0.00611743	0.00302669	0.00240378	0.553545	0.0265664	0.0112331	0.00460955	0.107081	0.0470601	0.00810298	0.00134318	0.00355816
79	0.00698832	0.000997588	0.000616865	0.00714036	0.0495216	0.00114084	0.000537945	0.0724466	0.00531782	0.56601	0.210265	0.00270665	0.000274813	0.00299901	0.00814269	0.0186208	0.0060929	0.0100903	0.0157257	0.0143648
80	0.272058	0.00725497	0.0553862	0.0114808	0.00557935	0.269086	0.00777459	0.00764398	0.0393061	0.0113416	0.00756591	0.0116534	0.00434532	0.0100777	0.00798682	0.120754	0.0173582	0.0403585	0.00400331	0.0889846
81	0.0398107	0.00240734	0.390112	0.308379	0.00082077	0.011536	0.00694047	0.000903778	0.0208806	0.00392372	0.00106016	0.057934	0.0097715	0.0525084	0.016442	0.042594	0.0265122	0.00585433	0.000364163	0.0012446
82	0.375406	0.0489388	0.00101241	0.00302019	0.00362827	0.0656193	0.00147022	0.0030569	0.00382082	0.00275628	0.00577488	0.00997671	0.000534837	0.00587277	0.00113294	0.439798	0.0254204	0.00166727	0.000375453	0.000717682
83	0.0231424	0.0209031	0.00326139	0.00347487	0.0264169	0.00425923	0.00141561	0.0647887	0.00764409	0.472442	0.146608	0.00230858	0.00112713	0.0121533	0.00401979	0.00996803	0.0133785	0.175234	0.00123696	0.00621727
84	0.0897578	0.00432409	0.0576982	0.196997	0.0073615	0.039535	0.00453393	0.00955713	0.161061	0.016646	0.0111888	0.00665642	0.00428523	0.10971	0.107451	0.0769981	0.0500209	0.0443653	0.000708957	0.00114407
85	0.0649838	0.00723022	0.0669554	0.125094	0.00528868	0.0185833	0.0270707	0.017462	0.15215	0.0156278	0.0195869	0.0840964	0.0191067	0.0924311	0.15133	0.0525084	0.0331982	0.031255	0.00717792	0.00886413
86	0.370869	0.0406506	0.00435464	0.0068298	0.00358768	0.055688	0.00271733	0.0064005	0.00436014	0.00422259	0.00542074	0.0207797	0.00193101	0.010597	0.00179604	0.414266	0.0338706	0.00815267	0.00160655	0.00189963
87	0.0316201	0.0142593	0.00179751	0.0978953	0.000902027	0.0203836	0.00184998	0.00162518	0.306966	0.0286183	0.0259789	0.00764028	0.000765361	0.261097	0.103351	0.0634268	0.0226924	0.00667877	0.000682394	0.00177085
88	0.0493589	0.0186497	0.00513462	0.0125436	0.0181314	0.00636895	0.00498463	0.185865	0.0153711	0.137123	0.0360822	0.00794173	0.00445076	0.00991864	0.0151762	0.0166146	0.0260574	0.417766	0.00211549	0.0103462
89	0.00538237	0.0142663	0.00153178	0.00256998	0.257411	0.00127621	0.00128587	0.151989	0.00237111	0.24229	0.0495258	0.00240091	0.00112052	0.0025411	0.00186712	0.00380228	0.0106778	0.202577	0.0220009	0.0231123
90	0.0379336	0.00249916	0.377066	0.328924	0.000885346	0.0105813	0.00686955	0.000849824	0.0211286	0.00452998	0.0011102	0.0567514	0.0102269	0.0557819	0.015355	0.0375988	0.0248584	0.00585738	0.000263843	0.000928995
91	0.0498056	0.00456435	0.00549554	0.00616015	0.0454236	0.00445742	0.0433429	0.132232	0.00620734	0.0302012	0.0256257	0.0264752	0.164836	0.0269096	0.00495405	0.0119458	0.0108572	0.136167	0.12944	0.134899
92	0.0729277	0.00400786	0.155131	0.0957299	0.00251278	0.0913938	0.0307244	0.00423722	0.0159374	0.00649012	0.00416179	0.117918	0.00361827	0.084326	0.00609845	0.168053	0.121247	0.00818118	0.00366825	0.00363573
93	0.0192835	0.012576	0.000729739	0.00339167	0.0124548	0.00311106	0.00188324	0.222999	0.00140876	0.349648	0.0505373	0.00266943	0.00120536	0.00483181	0.00155951	0.00271308	0.0105572	0.290843	0.00162184	0.00597463
94	0.0304627	0.0160919	0.00776577	0.0157681	0.00371969	0.00363736	0.0138128	0.0985948	0.227021	0.0602246	0.0160737	0.00814186	0.0035447	0.078048	0.126381	0.0233377	0.0593199	0.198722	0.00314952	0.0061829
95	0.0431855	0.00220938	0.123547	0.20124	0.00242433	0.00877201	0.0221119	0.00529281	0.103317	0.0264363	0.0221895	0.0855459	0.00366505	0.152566	0.0863388	0.0383766	0.036717	0.0313525	0.000539505	0.00417254
96	0.0399269	0.00986785	0.0020504	0.0759785	0.00115422	0.0137452	0.0180213	0.00480493	0.288498	0.0280486	0.0226116	0.00647668	0.000914641	0.297145	0.0959545	0.0436592	0.0334875	0.0151642	0.000670831	0.00181933
97	0.00990963	0.0119867	0.000709416	0.00160814	0.00458541	0.00473888	0.000897358	0.131039	0.00153177	0.495289	0.0693688	0.00145715	0.00085239	0.00612408	0.00170793	0.00205188	0.0063938	0.242909	0.000665266	0.00617398
98	0.0462226	0.00510332	0.0122662	0.0549346	0.00337571	0.0028272	0.0158193	0.0706574	0.19237	0.00620115	0.0279309	0.0295718	0.0124723	0.0509215	0.277871	0.00703664	0.0335921	0.0772172	0.0300778	0.0435307
99	0.0702649	0.00237092	0.0641296	0.0720345	0.00408444	0.0430114	0.0447216	0.0102011	0.123749	0.00891829	0.00252239	0.0394641	0.284378	0.0614971	0.0310308	0.0917515	0.0250499	0.0142761	0.000507522	0.0060366
100	0.0052865	0.0109604	0.029897	0.109465	0.0470236	0.00190177	0.305271	0.00240407	0.0427724	0.0938904	0.070983	0.0209029	0.00136956	0.0289397	0.0624835	0.005396	0.004239	0.00381271	0.000728397	0.152272
101	0.00767238	0.00186794	0.0010023	0.00645067	0.0468253	0.00161649	0.000720875	0.0683575	0.00541256	0.563638	0.21173	0.00265484	0.000338804	0.00316716	0.00759279	0.0175335	0.00674995	0.0194707	0.013986	0.0132127
102	0.0956662	0.00500334	0.0607693	0.223285	0.00466058	0.0283187	0.00324707	0.00745612	0.160559	0.0139433	0.0141134	0.00720228	0.00288458	0.111037	0.100916	0.0810554	0.0450588	0.0334455	0.000477792	0.000900557
103	0.0230294	0.0177796	0.00350039	0.00556848	0.00289219	0.00285222	0.0169103	0.0500462	0.30605	0.0561415	0.00672134	0.00609428	0.00253468	0.0611543	0.124056	0.0219713	0.0700398	0.219208	0.00136725	0.0020826
104	0.0936455	0.0200635	0.0272906	0.0217011	0.00726269	0.0237931	0.0286307	0.025549	0.0506598	0.0172264	0.00881545	0.0339011	0.429048	0.0296151	0.0161029	0.0948225	0.0360212	0.0219383	0.00530468	0.00860837
105	0.00870022	0.00170425	0.00155297	0.0117469	0.0439472	0.00171425	0.00133922	0.0702913	0.0200202	0.510086	0.196963	0.00423972	0.0010699	0.00771702	0.0362689	0.0195303	0.00710401	0.0143807	0.0175561	0.0240678
106	0.286687	0.00898144	0.0145256	0.0136294	0.0100154	0.0107474	0.00966484	0.0113013	0.183893	0.0133658	0.00993142	0.0181893	0.309901	0.0157398	0.00941513	0.0294717	0.0192976	0.0147703	0.00363523	0.00683775
107	0.365973	0.0400738	0.00246436	0.00303019	0.00331597	0.0976212	0.00182643	0.00308603	0.00526128	0.00303258	0.0053523	0.00945409	0.000804704	0.00720967	0.00137861	0.418942	0.0257502	0.00254172	0.000481761	0.00239921
108	0.0364097	0.0120604	0.000414264	0.00507674	0.00273017	0.00148449	0.00309946	0.330071	0.000472674	0.114685	0.02661	0.00324214	0.00061638	0.00264577	0.00168423	0.00204162	0.0183269	0.433667	0.000986389	0.00367592
109	0.00315932	0.00563879	0.00144713	0.00164348	0.357294	0.00104212	0.00158385	0.00809	0.00179604	0.0520847	0.0159438	0.00662743	0.000531962	0.00169051	0.00644027	0.0132026	0.0126984	0.0123757	0.021752	0.474958
110	0.0199857	0.0567218	0.109817	0.0103436	0.200177	0.00624116	0.0328773	0.0756101	0.00853648	0.00996741	0.00775989	0.0698348	0.00693146	0.0108809	0.00605727	0.0430595	0.0142636	0.0347055	0.00680067	0.269428
111	0.0612844	0.00435425	0.050175	0.0600748	0.00652998	0.0581862	0.0208756	0.043322	0.113538	0.0344574	0.00457436	0.0210264	0.322671	0.0573448	0.0197816	0.0781238	0.024871	0.0131931	0.00172846	0.00388807
112	0.0394514	0.00256653	0.386281	0.303649	0.000859002	0.0114042	0.00739544	0.00092168	0.0223867	0.00413616	0.00126487	0.0617628	0.00950067	0.0527163	0.0156814	0.0452617	0.0274336	0.00566702	0.000496181	0.00116414
113	0.00412034	0.0062061	0.00157133	0.00209166	0.353561	0.0012836	0.00602223	0.00829626	0.00190137	0.0502432	0.0154959	0.00836551	0.00100055	0.00212993	0.00628819	0.0139942	0.0127285	0.0124005	0.0221046	0.470195
114	0.0313289	0.0104089	0.000390853	0.00615121	0.00171964	0.00192635	0.00355701	0.36641	0.000559086	0.123019	0.0244492	0.00409549	0.000470844	0.00314629	0.00131219	0.00234331	0.0167237	0.397074	0.00133846	0.00357554
115	0.217589	0.0193052	0.0415225	0.0444785	0.0100617	0.0391831	0.0317265	0.0172233	0.0506777	0.0185705	0.0137332	0.153871	0.0271844	0.0447789	0.0228276	0.153378	0.0475761	0.0267972	0.00649011	0.0130251
116	0.144976	0.00609867	0.0536149	0.109313	0.00344349	0.0558458	0.0315989	0.00589707	0.0930928	0.0180236	0.00401878	0.0366812	0.108761	0.0842277	0.0507539	0.141799	0.029313	0.0130596	0.0028519	0.00662986
117	0.0309512	0.00895219	0.0766949	0.0252623	0.00604603	0.0120252	0.0543067	0.0127169	0.0228567	0.0118009	0.00843802	0.455376	0.017236	0.0224848	0.0133677	0.0980316	0.0921768	0.0171181	0.004456	0.00970166
118	0.0691435	0.0162252	0.06249	0.110358	0.00878064	0.0260676	0.0322124	0.0209799	0.114626	0.0359903	0.0247381	0.059378	0.0204693	0.170472	0.055394	0.0672672	0.0470539	0.0414715	0.00358327	0.0132981
119	0.0754196	0.0185874	0.0457817	0.234154	0.00244124	0.183664	0.00561504	0.00434145	0.0826698	0.0702382	0.0192459	0.0199165	0.00298997	0.0225604	0.00580086	0.154097	0.0239494	0.0211589	0.00157955	0.00578966
120	0.0894412	0.00326762	0.289674	0.230904	0.00204298	0.0555674	0.00817927	0.00244913	0.0237106	0.00808285	0.00349015	0.0255888	0.00419461	0.0298051	0.0164959	0.140234	0.0456784	0.00510834	0.00188598	0.0141996
121	0.0398769	0.014678	0.0203037	0.0417686	0.009351	0.0258699	0.0228591	0.0244716	0.195577	0.0274108	0.0265828	0.0346027	0.0150693	0.0556582	0.298198	0.0434186	0.0299723	0.0543314	0.00606994	0.0139297
122	0.287612	0.0247087	0.0148737	0.0204478	0.00955037	0.0200361	0.00952093	0.0370398	0.020032	0.0164289	0.0168009	0.0262111	0.0213842	0.0162923	0.0105927	0.25154	0.0780492	0.099372	0.0053005	0.0142068
123	0.012694	0.00505479	0.235202	0.00927722	0.00196623	0.0030779	0.027367	0.00349063	0.00589726	0.00374987	0.00342333	0.488306	0.0165773	0.0099307	0.00529154	0.0785132	0.0695449	0.0161745	0.00156994	0.00289223
124	0.0142052	0.00539677	0.047284	0.0166031	0.00202392	0.00341162	0.106468	0.00198074	0.0150425	0.00458548	0.00191513	0.590687	0.0077878	0.0161339	0.0105986	0.103235	0.0383239	0.0036573	0.00377908	0.00688189
125	0.0396855	0.0201065	0.000451852	0.00347826	0.00831541	0.00104515	0.00207649	0.263178	0.0006848	0.160727	0.0334778	0.00241894	0.0015574	0.00229341	0.00170768	0.00254425	0.0201453	0.431091	0.000775349	0.00423958
126	0.0100321	0.00929294	0.000402927	0.00240528	0.0382639	0.00060685	0.000419418	0.386968	0.000518593	0.372312	0.0613582	0.00348724	0.00322707	0.000631769	0.00200061	0.00404184	0.00261213	0.095667	0.00296575	0.00278616
127	0.0323823	0.00653536	0.12101	0.570064	0.00124006	0.00844178	0.0035768	0.00251053	0.0252196	0.0177438	0.00237147	0.027454	0.00253961	0.126363	0.00665986	0.019287	0.0148671	0.010117	0.000564592	0.00105171
128	0.0942152	0.00777822	0.0477638	0.01592	0.00648236	0.00790121	0.218543	0.082109	0.0493269	0.0588386	0.127967	0.0597511	0.0052328	0.100685	0.0129707	0.0582083	0.022716	0.0141014	0.00319574	0.00629314
129	0.0067738	0.0119381	0.000782726	0.0012039	0.00135568	0.00556227	0.00070276	0.0908682	0.00170113	0.549054	0.0745496	0.00116754	0.000696924	0.00720567	0.00160835	0.00211087	0.00531934	0.230271	0.000440505	0.00668755
130	0.0389049	0.00317045	0.292364	0.417729	0.00080535	0.00808043	0.00592874	0.0011692	0.0237656	0.00974193	0.0013171	0.0470831	0.00682724	0.0762277	0.0114848	0.0272827	0.0215788	0.00546474	0.000266534	0.000807822
131	0.046302	0.00281866	0.00342463	0.0257426	0.00195935	0.00298535	0.0864556	0.0177871	0.267544	0.0214685	0.00554057	0.00435445	0.00193719	0.284027	0.100494	0.00914808	0.0887964	0.0259536	0.000977644	0.00228297
132	0.0202153	0.0102352	0.000547141	0.00572555	0.00625014	0.00291195	0.00297019	0.311244	0.000859658	0.25602	0.0351024	0.00369625	0.000642613	0.00448681	0.000971498	0.00223352	0.0119056	0.317335	0.00161676	0.00502987
133	0.0247069	0.0187584	0.00612527	0.0225552	0.00555569	0.00513619	0.0103116	0.0470807	0.147839	0.016292	0.0424778	0.0156353	0.00645341	0.0596322	0.423394	0.0114398	0.0241473	0.0889536	0.00944921	0.0140565
134	0.204945	0.00833657	0.0308037	0.112115	0.000645894	0.0135064	0.0100062	0.00623829	0.189784	0.00847462	0.0055584	0.0937153	0.000658212	0.125597	0.0459524	0.106124	0.0256302	0.00136951	0.00671715	0.00382224
135	0.025799	0.00737727	0.145758	0.0551118	0.00566168	0.00810343	0.150411	0.00484989	0.0224658	0.0105822	0.0058161	0.363442	0.00382704	0.0763917	0.0173685	0.0603996	0.0166081	0.00679365	0.00163697	0.0115966
136	0.0117069	0.00597702	0.00107814	0.00567635	0.045692	0.00133086	0.00103265	0.182101	0.00447056	0.468131	0.1649	0.00308889	0.00148046	0.00257055	0.00607646	0.0134359	0.00765694	0.0541782	0.00981568	0.00960079
137	0.0513462	0.00571024	0.00849506	0.0448085	0.00335942	0.00569529	0.042057	0.0258109	0.201582	0.0121566	0.0148048	0.0120643	0.00533944	0.131302	0.299527	0.0146285	0.0543296	0.0499982	0.00736866	0.00961577
138	0.0388919	0.00315471	0.396641	0.294307	0.000928074	0.00960594	0.00858929	0.00089379	0.0207074	0.00366489	0.00120887	0.073793	0.00913036	0.0491709	0.0167152	0.0392297	0.0263801	0.00552242	0.000378004	0.00108755
139	0.0572688	0.0934754	0.00385217	0.00695689	0.203894	0.00408314	0.00362952	0.0380044	0.00604329	0.257696	0.126219	0.00497615	0.00185114	0.00670225	0.00546713	0.0796203	0.0388538	0.0407887	0.00425356	0.0163645
140	0.0238454	0.0110315	0.00128883	0.00788751	0.00157468	0.00849724	0.00148774	0.00176436	0.584241	0.00247646	0.00823288	0.00334991	0.00141333	0.0335542	0.232143	0.0453822	0.0185501	0.00344269	0.00615583	0.00368111
141	0.159366	0.00620464	0.0450781	0.180544	0.00205661	0.015998	0.00501303	0.00807653	0.161991	0.00897468	0.0112065	0.0468434	0.000897358	0.126831	0.0746446	0.0887255	0.0388055	0.013723	0.00308464	0.00193477
142	0.204124	0.00839432	0.0309193	0.111705	0.000675036	0.0134472	0.0100015	0.00628022	0.189915	0.00859938	0.00553749	0.093964	0.000660152	0.125912	0.0456864	0.106576	0.0257841	0.00135303	0.00667518	0.00379072
143	0.020076	0.00502254	0.0156221	0.00353482	0.00182243	0.00294045	0.0927228	0.00259317	0.0424813	0.00372352	0.00285345	0.55861	0.00568373	0.00799403	0.015237	0.109724	0.0893564	0.00498819	0.0113372	0.00367647
144	0.0457069	0.00130064	0.0589141	0.037514	0.000887432	0.376623	0.0348381	0.00141327	0.120914	0.00173294	0.00152838	0.179399	0.00731166	0.0373887	0.0273422	0.056942	0.00291482	0.00575957	0.000658136	0.000911186
145	0.00770509	0.0127654	0.000836763	0.00129515	0.0015316	0.00537242	0.000739138	0.0905954	0.00178379	0.54321	0.0726337	0.00117519	0.00126757	0.00702462	0.00171876	0.002326	0.00630614	0.234491	0.000438171	0.00678427
146	0.0375825	0.00284418	0.362564	0.33698	0.00125296	0.0097174	0.00716001	0.00153332	0.0217057	0.00527487	0.00134389	0.0602276	0.00907489	0.057752	0.015267	0.0361224	0.0256287	0.00658741	0.000393218	0.000987863
147	0.0333511	0.0153624	0.00821772	0.112198	0.00182811	0.0174574	0.0083762	0.00203645	0.2779	0.0220114	0.0242062	0.00770794	0.00213392	0.225839	0.0981795	0.0775847	0.0527988	0.0103678	0.00074954	0.0016942
148	0.0335441	0.0103244	0.000491291	0.00612028	0.0019685	0.00160263	0.00348565	0.355936	0.000616777	0.119876	0.0243574	0.00377016	0.000432375	0.00287628	0.00177471	0.0025664	0.0182461	0.40755	0.00117714	0.00328402
149	0.0299895	0.00944502	0.00040968	0.00646435	0.00148545	0.0018853	0.0037886	0.376708	0.000464244	0.121794	0.023797	0.00423028	0.000434104	0.00312589	0.00126463	0.00221529	0.0161603	0.391447	0.00134617	0.00354448
150	0.0281205	0.0100249	0.000404039	0.00581694	0.00485401	0.00166516	0.0034031	0.370219	0.000543676	0.142854	0.0264198	0.00390258	0.000586835	0.00265715	0.0013659	0.00240802	0.0156235	0.374795	0.00134421	0.00299184
151	0.00813572	0.0118222	0.000935777	0.0013638	0.00372649	0.00532201	0.000685781	0.0872344	0.00221318	0.544179	0.0832948	0.0012338	0.000708083	0.007794	0.00186205	0.00260582	0.00592786	0.223521	0.000732314	0.00670107
152	0.0761288	0.0171043	0.0228672	0.0274341	0.0592974	0.0382874	0.021704	0.0570776	0.0374855	0.109825	0.0508258	0.0442417	0.0265706	0.0282137	0.0258488	0.0631977	0.0439824	0.0597875	0.123687	0.0664328
153	0.0718325	0.0183773	0.0144457	0.00977074	0.00309336	0.00968393	0.00470934	0.00699426	0.00953015	0.0119227	0.00473921	0.0141305	0.00622453	0.00903636	0.00553679	0.386865	0.395243	0.0139009	0.00100474	0.00295904
154	0.224132	0.0297175	0.0194347	0.0201867	0.00486331	0.341468	0.00835996	0.00631092	0.0290508	0.0134292	0.0145342	0.0237396	0.0137418	0.0163495	0.0127011	0.163389	0.0334643	0.0121026	0.00344095	0.00958404
155	0.0242097	0.00651987	0.0424626	0.006328	0.00234999	0.00724832	0.0545649	0.00467392	0.0181981	0.00804617	0.00388479	0.504672	0.00955441	0.00992328	0.00870756	0.138784	0.128546	0.0110653	0.00601172	0.00424905
156	0.0780492	0.021149	0.0224251	0.0189053	0.00624015	0.0130035	0.0127026	0.0107382	0.0171462	0.0178534	0.0101444	0.0317854	0.0114188	0.0201093	0.0111512	0.31551	0.35483	0.0179475	0.00380154	0.00508903
157	0.0499323	0.00990367	0.157236	0.333772	0.00579061	0.0200313	0.0184073	0.0198142	0.0486347	0.0230271	0.0110023	0.049551	0.0164151	0.0844999	0.0280095	0.054299	0.0328905	0.0262267	0.00277268	0.00778452
158	0.0271561	0.0114679	0.00478022	0.0216642	0.00573648	0.0108819	0.0108817	0.0105604	0.435834	0.0122566	0.0125394	0.0142012	0.00435072	0.0515053	0.264438	0.040722	0.0235556	0.0254103	0.00528425	0.00677402
159	0.00534155	0.00892355	0.00229252	0.00284049	0.344287	0.00154477	0.0119153	0.00938111	0.00174687	0.0456455	0.0154662	0.0133067	0.00192168	0.00268856	0.00587857	0.0155821	0.0126634	0.0120456	0.0199448	0.466584
160	0.35879	0.0259097	0.00194446	0.00390752	0.00457495	0.00187311	0.00487339	0.0376192	0.00234559	0.00368077	0.00440289	0.00561262	0.00379798	0.00731365	0.00182558	0.362233	0.111257	0.0550579	0.000776266	0.0022036
161	0.0385585	0.00250868	0.392654	0.307943	0.000819581	0.0105236	0.007079	0.00083567	0.02095	0.00384173	0.00106496	0.0604989	0.00997144	0.0520618	0.0160405	0.0410672	0.0262529	0.00599413	0.000345714	0.000988215
162	0.0233749	0.0070823	0.000484859	0.00970459	0.000326753	0.0024688	0.00487974	0.424567	0.000590142	0.13564	0.0216595	0.00520778	0.00023988	0.00432993	0.000732316	0.0022739	0.0142677	0.336351	0.00176885	0.00405022
163	0.0679156	0.0180361	0.01727	0.0334739	0.00227362	0.00284824	0.00283198	0.280348	0.0499427	0.0764714	0.0310049	0.00380846	0.00174045	0.0341697	0.0602092	0.0445747	0.0529397	0.216169	0.00118731	0.00278543
164	0.136789	0.0118002	0.108624	0.168431	0.00174536	0.00215836	0.00256997	0.0191071	0.0439597	0.0187236	0.00224339	0.0164763	0.26021	0.019914	0.00218224	0.0645693	0.0731645	0.0451701	0.00070115	0.00146064
165	0.0508568	0.00338104	0.0526897	0.0345814	0.00191306	0.378236	0.0322463	0.0024336	0.112827	0.00350391	0.00217277	0.163529	0.0119484	0.0352117	0.028577	0.0685156	0.0064364	0.00823566	0.000976269	0.00172823
166	0.0335901	0.0115783	0.000415401	0.0056238	0.00232709	0.00150429	0.00359879	0.336602	0.000481911	0.117751	0.0263641	0.00338793	0.000556876	0.00271616	0.00155639	0.0019452	0.0176547	0.427717	0.00104764	0.00358048
167	0.0541531	0.00831009	0.0588547	0.0407549	0.00661629	0.00699563	0.254278	0.0137542	0.0239431	0.0423892	0.0180611	0.313091	0.00403301	0.0305843	0.0201765	0.0606357	0.0211846	0.00828021	0.00369347	0.0102113
168	0.0951968	0.0135389	0.195093	0.0399774	0.0107716	0.0855984	0.0614656	0.0135922	0.0364324	0.0189532	0.0640066	0.0353503	0.0820232	0.0315455	0.0229508	0.07036	0.0868082	0.0225411	0.00556299	0.00823143
169	0.0382278	0.0117109	0.101679	0.0146883	0.00372366	0.0395866	0.0090683	0.00515211	0.0148471	0.0167646	0.00662008	0.0840408	0.00972618	0.0144468	0.00684864	0.332461	0.272067	0.012318	0.00266822	0.00335527
170	0.283779	0.00292581	0.012304	0.0237265	0.0333019	0.0216949	0.00274684	0.0403954	0.062847	0.0130971	0.0578053	0.0290171	0.0173904	0.00395892	0.00337365	0.186201	0.077904	0.0617025	0.0198815	0.045947
171	0.0405699	0.00278732	0.314961	0.392177	0.000772382	0.0085251	0.00665792	0.000992523	0.0254865	0.00804679	0.00141719	0.0480254	0.00748503	0.0701024	0.0136333	0.0299024	0.0218558	0.00552773	0.00026138	0.000813393
172	0.0176078	0.00759595	0.113305	0.0779076	0.00530685	0.00342778	0.175499	0.00149134	0.0252825	0.0110369	0.00189398	0.394492	0.0027068	0.0194594	0.028002	0.0851905	0.0139576	0.00235611	0.00068184	0.0127985
173	0.010608	0.009194	0.000480981	0.00280591	0.028834	0.0018734	0.000884675	0.329908	0.000693872	0.384562	0.0584067	0.00319563	0.00240839	0.00223784	0.00166719	0.00348754	0.00435847	0.14771	0.00275481	0.00392838
174	0.00693844	0.000977147	0.000617811	0.00705601	0.0493349	0.00113996	0.000512828	0.0722689	0.00534105	0.56679	0.210336	0.00270437	0.000274705	0.00295693	0.00814853	0.0186365	0.00596119	0.00984835	0.0157727	0.0143832
175	0.209558	0.00897829	0.0323799	0.11006	0.000720523	0.0159728	0.0125995	0.00560103	0.189293	0.00932536	0.00641546	0.0985583	0.000699719	0.116509	0.0442366	0.103759	0.0225038	0.00150417	0.00615974	0.00516576
176	0.428601	0.0348991	0.00135742	0.00703429	0.00284962	0.0314698	0.00334119	0.0112609	0.00279682	0.00263962	0.00513789	0.00774145	0.00154081	0.00717858	0.00135214	0.39062	0.0471287	0.0116141	0.000637422	0.000799081
177	0.0120709	0.010917	0.000476965	0.00310937	0.0185995	0.0020513	0.00131142	0.314629	0.000725983	0.361975	0.0527494	0.00318438	0.00184801	0.00285543	0.00139725	0.00277306	0.00600679	0.197479	0.00191826	0.00392198
178	0.0908628	0.00748346	0.077887	0.244617	0.00366787	0.0189715	0.00330807	0.00612675	0.161642	0.0106456	0.0169335	0.0106137	0.0016553	0.106394	0.104913	0.0672159	0.040878	0.0246037	0.000557337	0.00102324
179	0.143537	0.00974224	0.104705	0.172848	0.00171727	0.00337846	0.002677	0.0195545	0.0457523	0.0240383	0.00218282	0.0210186	0.237244	0.020559	0.00262629	0.0837484	0.06048	0.0421693	0.000642236	0.0013793
180	0.0897303	0.00942269	0.112313	0.18549	0.00567692	0.0960104	0.0391503	0.00750104	0.0452015	0.0480597	0.00957153	0.0300492	0.0301989	0.0358469	0.0184793	0.152075	0.0344636	0.014074	0.00230244	0.0343827
181	0.027219	0.00832984	0.000409878	0.00729365	0.000927424	0.00215026	0.00394524	0.400457	0.000502661	0.122671	0.0227196	0.00484779	0.000265072	0.00332554	0.00100294	0.00228201	0.0152084	0.371481	0.00153974	0.00342201
182	0.388775	0.0295379	0.00268208	0.0054376	0.00329568	0.0309804	0.0052379	0.0207852	0.00422699	0.00346949	0.0120673	0.00812688	0.00224499	0.0153807	0.00178932	0.398191	0.0466417	0.0174478	0.00126632	0.00241552
183	0.156333	0.0430457	0.00377909	0.00338891	0.0019955	0.00221727	0.0325837	0.0273741	0.00636317	0.00999661	0.00279204	0.0165287	0.461273	0.0198982	0.0085544	0.142906	0.0431659	0.0150372	0.000860295	0.00190654
184	0.037584	0.0158688	0.00944171	0.0149452	0.0422051	0.00552704	0.00933735	0.173572	0.015057	0.320624	0.0936877	0.0156917	0.00726648	0.0126873	0.0113232	0.0760458	0.0318786	0.0875157	0.00732551	0.0124152
185	0.122997	0.0134385	0.0142188	0.0144183	0.00979959	0.011435	0.00985232	0.0557238	0.0440185	0.0596432	0.0203136	0.089559	0.00939127	0.00922437	0.00760504	0.195952	0.178785	0.110805	0.00602341	0.016797
186	0.0118868	0.00919174	0.000384875	0.00306628	0.0299258	0.000929615	0.00101498	0.387789	0.00049211	0.334262	0.055972	0.00403405	0.00257335	0.00111972	0.00173894	0.00351914	0.00452153	0.142281	0.00253217	0.00276452
187	0.0288893	0.0235748	0.00508592	0.0148307	0.235723	0.00735024	0.127263	0.0143927	0.00248075	0.004347	0.00308656	0.0630253	0.0157103	0.0131195	0.00229882	0.0400426	0.0161743	0.0102963	0.0153428	0.356966
188	0.344419	0.0809781	0.00948552	0.0199464	0.00856566	0.0871985	0.00584615	0.00892196	0.0137907	0.0375085	0.0242	0.0179255	0.00288851	0.0204411	0.00670015	0.245715	0.0426951	0.0137268	0.00427613	0.00477125
189	0.0700057	0.0340122	0.000777385	0.00173551	0.0118889	0.000808656	0.00106913	0.114449	0.00163028	0.148867	0.0536765	0.00112395	0.00343981	0.00302509	0.00283644	0.00352273	0.0265772	0.510826	0.000265901	0.00946272
190	0.225326	0.120096	0.00910574	0.0109419	0.0465679	0.0427132	0.00771075	0.0318161	0.0143149	0.0902983	0.0993199	0.0129125	0.00746688	0.015125	0.011137	0.116065	0.0688252	0.0605804	0.00348156	0.00619624
191	0.370074	0.0520187	0.00102437	0.00311742	0.00363702	0.0591499	0.00179514	0.00400985	0.00378948	0.00293103	0.00541874	0.00957775	0.000641574	0.00606491	0.00115814	0.443462	0.0278447	0.00317036	0.000390741	0.000724128
