311	20
1	0.0500047	0.0168802	0.00388479	0.00347008	0.0444828	0.00477199	0.00472586	0.168257	0.00399414	0.382304	0.106072	0.0047668	0.00226483	0.00607039	0.00568816	0.0149125	0.018884	0.125971	0.00169994	0.0308935
2	0.0410157	0.0128867	0.0187354	0.0277029	0.0150259	0.0100749	0.0371742	0.0109726	0.271935	0.0208344	0.0136481	0.0680038	0.00307447	0.0700219	0.252948	0.0620687	0.0351975	0.0186049	0.000354069	0.00972026
3	0.277771	0.0542699	0.00186637	0.00224585	0.0033802	0.0311853	0.00281736	0.111781	0.00209124	0.0658754	0.0135938	0.00298894	0.000869849	0.00342564	0.00202205	0.0564768	0.0191659	0.344977	0.000669315	0.00252704
4	0.020848	0.0152303	0.00455283	0.00381926	0.103385	0.00527435	0.00937471	0.122184	0.00394427	0.412786	0.107888	0.00803822	0.000558486	0.0182966	0.00803205	0.00921914	0.0146243	0.090417	0.0029043	0.038623
5	0.0113579	0.00708391	0.000720359	0.000745607	0.0130312	0.00229636	0.0016123	0.263356	0.000448718	0.470242	0.0557638	0.000699775	0.000305913	0.000840153	0.00089462	0.00182095	0.00328506	0.159669	0.00148893	0.00433772
6	0.0341984	0.0245179	0.0011102	0.00129572	0.0381874	0.00225529	0.0030471	0.130723	0.00101594	0.495045	0.11313	0.00198494	0.000624792	0.00188111	0.00338648	0.00829917	0.0130349	0.119733	0.00122208	0.0053069
7	0.0604959	0.00535357	0.20845	0.294832	0.00481568	0.0275157	0.0141941	0.00797728	0.0415602	0.0194919	0.00550837	0.0556035	0.010187	0.0967796	0.0235764	0.0721322	0.0344606	0.0119798	0.000247832	0.00483875
8	0.0913279	0.00117758	0.0804523	0.1073	0.00229851	0.0329052	0.0084374	0.00870099	0.154823	0.0219936	0.0108414	0.0651851	0.027514	0.108153	0.0771873	0.120421	0.046183	0.0267292	0.000130625	0.00823907
9	0.0905189	0.00940896	0.0257164	0.0272946	0.00801862	0.0988566	0.0167491	0.00271499	0.0337108	0.00924768	0.0021174	0.0330092	0.24323	0.0293866	0.0345232	0.267173	0.0556246	0.010804	0.000455365	0.00143986
10	0.0110346	0.00211684	0.0013945	0.00136272	0.0375195	0.00165145	0.0078623	0.50068	0.00135539	0.0553047	0.107154	0.00865383	0.00079475	0.00943945	0.00141614	0.00454014	0.0247955	0.20197	0.000415613	0.0205387
11	0.0173952	0.00941767	0.000400723	0.00102673	0.0172344	0.000524576	0.000940164	0.318941	0.00163556	0.0842726	0.0193569	0.000760855	0.00028103	0.00200319	0.000509378	0.00170888	0.012579	0.508256	0.000226103	0.00253048
12	0.253547	0.00961531	0.00180864	0.00243279	0.00265407	0.0654287	0.00202754	0.00582301	0.00184766	0.00887899	0.00485396	0.00566787	0.000989367	0.00708287	0.00201613	0.57495	0.039935	0.00764127	0.000573803	0.00222528
13	0.0477477	0.0304679	0.00634805	0.00548817	0.0136369	0.00222509	0.0145622	0.146148	0.00233633	0.263584	0.101585	0.0122161	0.00872083	0.00410098	0.0049014	0.0481733	0.0833161	0.200162	0.00171718	0.00256325
14	0.27925	0.0550216	0.00172552	0.00218019	0.00343271	0.0296942	0.00278522	0.110169	0.00207105	0.0708571	0.0130961	0.00312493	0.00103552	0.00320989	0.00216073	0.0559959	0.0213014	0.339638	0.000631004	0.00262111
15	0.0501226	0.0434023	0.00244805	0.00226547	0.297585	0.00412358	0.00351942	0.064245	0.00288563	0.0868619	0.0436963	0.00421527	0.00134938	0.00385665	0.0120928	0.0309651	0.0661148	0.0500485	0.0101401	0.220063
16	0.0871857	0.0177845	0.00511883	0.00334201	0.0144291	0.0699354	0.00428712	0.00462025	0.00285108	0.0106181	0.0173473	0.00535892	0.00691007	0.00461146	0.00823178	0.581765	0.146577	0.00656889	0.000594961	0.00186189
17	0.023895	0.0133661	0.0093837	0.0479497	0.00813632	0.0150697	0.0866185	0.0234379	0.179026	0.0325248	0.05639	0.00976374	0.00152622	0.248826	0.154452	0.0382679	0.0255368	0.0195063	0.000659273	0.0056638
18	0.0157832	0.0165681	0.0150818	0.00883867	0.00356905	0.00409208	0.0293875	0.00954922	0.00339723	0.00755091	0.0170015	0.0445696	0.00546871	0.00806794	0.00217499	0.331321	0.451851	0.0238565	0.000481692	0.00138978
19	0.0660437	0.00545488	0.204608	0.296393	0.00487289	0.0165643	0.0170007	0.00705665	0.039123	0.0214684	0.00565413	0.0597911	0.0024516	0.107264	0.0219822	0.0687175	0.0382042	0.0116198	7.14458e-05	0.0056584
20	0.0275191	0.0145716	0.000771972	0.001053	0.0129273	0.00176105	0.00330062	0.245875	0.0010852	0.320697	0.0404626	0.00131791	0.000683204	0.00171884	0.00187047	0.00800126	0.0230898	0.286903	0.00168009	0.00471079
21	0.0396673	0.00922406	0.0023105	0.011278	0.0749852	0.0100942	0.011682	0.0954945	0.0130078	0.33917	0.164161	0.00384011	0.00149517	0.0642358	0.0236181	0.0197492	0.0435515	0.0490794	0.00839767	0.0149591
22	0.0932463	0.00155468	0.0797817	0.107045	0.00248678	0.032539	0.0101181	0.00864434	0.149196	0.0234908	0.011945	0.0673352	0.026084	0.106327	0.0782224	0.1224	0.0453356	0.0256722	0.000103425	0.00847374
23	0.0388865	0.0115473	0.018982	0.0264347	0.0128027	0.0110004	0.0822693	0.00722507	0.242047	0.0146698	0.0107522	0.0850183	0.000764503	0.0749612	0.237822	0.0530346	0.0334476	0.0119693	0.00078443	0.0255809
24	0.0539814	0.00487216	0.210617	0.346219	0.00404262	0.0232066	0.0129242	0.0059617	0.028753	0.0181456	0.00425185	0.0574134	0.00636737	0.100397	0.016275	0.0616858	0.0313815	0.00909686	0.000130499	0.00427719
25	0.0183184	0.00835694	0.000344786	0.000832431	0.0170966	0.000420679	0.000575705	0.317513	0.00162102	0.0735997	0.0205769	0.000708942	0.00018629	0.00212749	0.000365477	0.00113968	0.0107723	0.52374	0.000154972	0.00154876
26	0.00934428	0.00745278	0.00459455	0.000915436	0.384465	0.00346773	0.0188664	0.0300495	0.000901942	0.0517638	0.00374584	0.00667521	0.000578706	0.00378982	0.00144522	0.00700947	0.0131746	0.0370444	0.00590766	0.408808
27	0.0317019	0.0156923	0.00709437	0.00600496	0.0248415	0.0054913	0.0309202	0.147511	0.00403597	0.377246	0.110875	0.0227431	0.0065725	0.0164379	0.00691615	0.0415801	0.0378663	0.0961219	0.0020042	0.00834359
28	0.0226327	0.0169946	0.00138345	0.00235958	0.0291557	0.00220284	0.00794991	0.28538	0.00396748	0.14073	0.0351539	0.00324118	0.00341218	0.00587143	0.00748849	0.0173371	0.0789236	0.329537	0.00080787	0.00547077
29	0.0908049	0.00123963	0.0785719	0.105669	0.0022827	0.0327322	0.0079752	0.0087004	0.154169	0.024278	0.0115343	0.0649865	0.0296815	0.107713	0.077507	0.120533	0.0455793	0.0268242	0.000187367	0.00903071
30	0.0371524	0.00357448	0.0482138	0.0324578	0.0618053	0.0351876	0.221813	0.00838199	0.0153881	0.0148196	0.019862	0.121278	0.00136528	0.0571313	0.0185394	0.0615171	0.018141	0.00836898	0.0154784	0.199525
31	0.0423402	0.0184305	0.00146926	0.00390619	0.065218	0.00310947	0.00387214	0.0806077	0.0046717	0.44069	0.196752	0.00259331	0.000759078	0.012183	0.00929955	0.0100293	0.0104204	0.0804501	0.00244616	0.0107528
32	0.0570016	0.0121903	0.0270342	0.0282338	0.0107956	0.0170803	0.0512815	0.00498232	0.255105	0.00707563	0.00497608	0.102107	0.000633261	0.0570922	0.220923	0.0805746	0.0452222	0.00877557	0.000265777	0.00864971
33	0.271733	0.199331	0.0035959	0.00444572	0.0177558	0.064814	0.00428847	0.0473096	0.00314125	0.0240899	0.00687503	0.0145953	0.00206186	0.0051641	0.00383791	0.0488888	0.0498918	0.210023	0.000994136	0.017164
34	0.0146044	0.0131835	0.000690278	0.00130325	0.0155102	0.00181118	0.00242484	0.321594	0.00147744	0.154293	0.0135753	0.00130352	0.00154812	0.0016971	0.000935475	0.00605438	0.0147953	0.421526	0.00149206	0.0101804
35	0.105374	0.263447	0.00358155	0.00369958	0.0418015	0.0342688	0.00528241	0.0435134	0.0041452	0.0108972	0.00538882	0.00538566	0.0018212	0.00489459	0.00387461	0.010917	0.109968	0.290188	0.00121172	0.0503393
36	0.00871166	0.0137653	0.00960781	0.00131416	0.248852	0.00995575	0.0117139	0.115899	0.00126815	0.216225	0.0308441	0.0201502	0.000729175	0.0106782	0.00171696	0.013525	0.0173643	0.121717	0.000527941	0.145435
37	0.0125077	0.00951717	0.000868906	0.000830467	0.0150701	0.00315519	0.00199212	0.247997	0.000503475	0.485773	0.0462354	0.000677393	0.000491137	0.000591527	0.00079776	0.00260523	0.00477391	0.158178	0.00173554	0.00570014
38	0.0740571	0.0109074	0.0295361	0.0414696	0.0103799	0.0203524	0.0529983	0.00799522	0.218154	0.0176644	0.0102596	0.0768167	0.00205198	0.08346	0.192872	0.0900243	0.0383446	0.0139404	0.000407724	0.00830796
39	0.105953	0.030463	0.00596558	0.00708112	0.00710843	0.014391	0.012258	0.0337559	0.0116004	0.0272814	0.00689765	0.00824326	0.535624	0.0119396	0.0104345	0.0616816	0.0280175	0.0758068	0.00122563	0.0042715
40	0.048278	0.0105501	0.0183011	0.0155265	0.00330128	0.00576059	0.00832945	0.0173072	0.028294	0.00934402	0.0105951	0.0349914	0.0130745	0.0198116	0.0175395	0.37222	0.334189	0.0299298	0.00063583	0.00202038
41	0.0911059	0.00121068	0.0791715	0.106286	0.00221975	0.032428	0.00801767	0.00869629	0.154095	0.0241041	0.0115687	0.0649214	0.0289207	0.108106	0.077469	0.120459	0.0453972	0.0267569	0.000133867	0.00893126
42	0.0660437	0.00545488	0.204608	0.296393	0.00487289	0.0165643	0.0170007	0.00705665	0.039123	0.0214684	0.00565413	0.0597911	0.0024516	0.107264	0.0219822	0.0687175	0.0382042	0.0116198	7.14458e-05	0.0056584
43	0.0431927	0.0167524	0.0225301	0.0118077	0.00408392	0.0084072	0.0135582	0.0097703	0.0108077	0.0110194	0.00843355	0.0571165	0.00888113	0.00991447	0.00998844	0.362002	0.357998	0.0312972	0.000508182	0.00193106
44	0.00717834	0.00309203	0.000662478	0.000812103	0.016493	0.000936386	0.00226942	0.488086	0.000942869	0.139741	0.0571572	0.00250195	0.0003964	0.00560407	0.000715046	0.00255676	0.00914895	0.255292	0.000430926	0.00598367
45	0.0660437	0.00545488	0.204608	0.296393	0.00487289	0.0165643	0.0170007	0.00705665	0.039123	0.0214684	0.00565413	0.0597911	0.0024516	0.107264	0.0219822	0.0687175	0.0382042	0.0116198	7.14458e-05	0.0056584
46	0.0934489	0.00364829	0.0264799	0.00276028	0.06851	0.00800151	0.153534	0.0231456	0.0456239	0.192016	0.0376337	0.0558833	0.00125808	0.0211296	0.0851674	0.0669742	0.0242142	0.00894627	0.0119477	0.0696768
47	0.0131593	0.00818618	0.000782137	0.000712565	0.015792	0.00254758	0.00150766	0.243658	0.000388154	0.499734	0.0569972	0.000704514	0.000285191	0.000773633	0.000908841	0.00209518	0.00296443	0.142679	0.00153886	0.00458643
48	0.108113	0.057009	0.0105864	0.0201168	0.00234447	0.00836002	0.00242265	0.127322	0.0825544	0.130879	0.0397185	0.00650868	0.00062387	0.0698012	0.0931835	0.0480742	0.0594888	0.115419	0.000409619	0.0170651
49	0.128665	0.0148359	0.00707768	0.00758532	0.00433676	0.030511	0.00645737	0.00627769	0.0208192	0.0202794	0.00332673	0.00981271	0.612292	0.0108758	0.0187536	0.0568941	0.0230868	0.014705	0.000838525	0.00256965
50	0.0224242	0.0176185	0.00580058	0.00649407	0.0187982	0.00310753	0.0369737	0.00658526	0.315032	0.0116933	0.0112477	0.083297	0.000467798	0.038088	0.318847	0.0456964	0.0330097	0.0126609	0.00031148	0.0118468
51	0.00831562	0.00644269	0.00550285	0.000780691	0.403869	0.00365388	0.0206749	0.0135033	0.000756841	0.034667	0.00131795	0.00521627	0.000483633	0.00276706	0.00104232	0.00484263	0.0120598	0.0173739	0.00762167	0.449108
52	0.12193	0.0134252	0.0473886	0.062352	0.00836175	0.0707166	0.0326952	0.00832938	0.140631	0.0139614	0.00539118	0.0761166	0.0127539	0.0737707	0.0992901	0.148632	0.0461413	0.0132571	0.000212746	0.0046431
53	0.072806	0.00569106	0.071536	0.165758	0.0136722	0.0160106	0.00789301	0.0250211	0.117638	0.0236349	0.0128997	0.0447098	0.00886027	0.10666	0.0449298	0.138863	0.0523672	0.0604652	0.000354202	0.0102297
54	0.0728406	0.0850755	0.011625	0.0110261	0.102837	0.0158595	0.0213009	0.0931964	0.0143798	0.0852163	0.0266379	0.0202213	0.00505758	0.0146292	0.0160053	0.0985493	0.0674238	0.069786	0.00483754	0.163495
55	0.0328766	0.00285836	0.0571782	0.029441	0.0932964	0.0174162	0.222152	0.00725485	0.0151932	0.0158851	0.013947	0.102442	0.000904554	0.0510997	0.0157853	0.0526231	0.0235699	0.00638456	0.0220815	0.217611
56	0.00892246	0.00530181	0.000761075	0.000739424	0.0094629	0.0021016	0.00129672	0.340691	0.000494322	0.399123	0.0479185	0.000784973	0.000408045	0.00161207	0.000586376	0.00215647	0.00292753	0.168838	0.00132598	0.00454758
57	0.00902215	0.0053328	0.00858427	0.00114339	0.394064	0.00330956	0.0318123	0.0170457	0.00109624	0.0342481	0.00129724	0.00790505	0.000612488	0.00438096	0.00106585	0.00520641	0.0132648	0.0151451	0.00649829	0.438966
58	0.0150656	0.0150373	0.00821939	0.00427647	0.197995	0.00796766	0.0112007	0.0991892	0.00612606	0.303322	0.058251	0.0141145	0.00171245	0.0153366	0.00909305	0.0122454	0.0181529	0.0998728	0.00272475	0.100097
59	0.0178213	0.0205367	0.0186478	0.00980033	0.00243362	0.00222187	0.0103467	0.00743824	0.00367589	0.00667431	0.00584567	0.0396936	0.00618719	0.00414828	0.00177404	0.35008	0.464449	0.0267509	0.000371835	0.00110255
60	0.0456251	0.014808	0.0197946	0.0208654	0.00866774	0.139467	0.102341	0.0109109	0.0250879	0.0132521	0.00716585	0.306229	0.00210293	0.0327745	0.0116912	0.15235	0.029267	0.0173013	0.0013276	0.0389703
61	0.0542797	0.0128168	0.00312706	0.00342036	0.0530447	0.00727219	0.0157512	0.208017	0.00716094	0.127247	0.0611063	0.00525518	0.0126681	0.0212882	0.0197908	0.0576734	0.136264	0.190343	0.000849802	0.00262357
62	0.0131032	0.0163765	0.00107337	0.00196437	0.015547	0.00257519	0.00443542	0.318464	0.00178152	0.217104	0.0133186	0.0020974	0.0019705	0.00176563	0.00180961	0.00986075	0.0248551	0.336789	0.00212321	0.0129846
63	0.0903652	0.0091519	0.0263018	0.0271084	0.00781241	0.097117	0.016569	0.00273289	0.0342115	0.00915782	0.00247454	0.033631	0.239204	0.0295614	0.0354835	0.269625	0.0568661	0.0107316	0.000450599	0.00144448
64	0.00874495	0.00588608	0.000752916	0.00078106	0.00952623	0.00210413	0.00149367	0.351249	0.000621808	0.372278	0.0442052	0.000828601	0.000641153	0.00168006	0.00061088	0.00286343	0.0042204	0.184663	0.0014122	0.00543684
65	0.0494103	0.00674577	0.0767093	0.140625	0.00764784	0.0144451	0.0451525	0.0141306	0.147858	0.0315961	0.0258967	0.0296687	0.00329144	0.152726	0.131161	0.065146	0.0300231	0.0215972	0.000276292	0.00589306
66	0.100121	0.0430252	0.0125494	0.0251885	0.00228631	0.00640698	0.00236385	0.127694	0.0819954	0.13534	0.04283	0.00747135	0.000624545	0.0685255	0.0961732	0.0496584	0.0650106	0.11529	0.000330222	0.0171158
67	0.0108696	0.0074874	0.00126661	0.00141362	0.0135659	0.00241846	0.00181461	0.315617	0.00121844	0.411092	0.047016	0.00112382	0.000534014	0.00200595	0.0014151	0.0031688	0.00583225	0.165068	0.00132691	0.00574456
68	0.382571	0.0400867	0.0157018	0.0223433	0.00760633	0.0514469	0.00829707	0.0244091	0.0143401	0.0172997	0.00571029	0.0434675	0.00618239	0.0167931	0.0159311	0.228589	0.0491656	0.0426875	0.00121276	0.00615868
69	0.0664429	0.00545331	0.203162	0.294262	0.00485834	0.0167219	0.0169441	0.00711059	0.0402487	0.0214838	0.00572671	0.0599124	0.00267046	0.107309	0.0224889	0.069413	0.038319	0.0117633	7.25673e-05	0.00563669
70	0.487863	0.0688431	0.00367053	0.018928	0.0183584	0.0172491	0.0185152	0.0241459	0.00511058	0.0108871	0.00378836	0.0421645	0.00139625	0.0195151	0.0275764	0.191936	0.016936	0.0169886	0.00108677	0.00504191
71	0.0615424	0.00904191	0.236929	0.192228	0.015948	0.0213559	0.0234991	0.0151861	0.0404097	0.0229204	0.00961868	0.0723195	0.00807439	0.0765579	0.0230617	0.0848894	0.0488713	0.0171472	0.00244263	0.0179573
72	0.0655654	0.00287683	0.0381546	0.00927636	0.0680171	0.0142907	0.208026	0.0201032	0.0384433	0.12247	0.033178	0.0705768	0.00104215	0.0407669	0.0669546	0.0636868	0.0226819	0.00623654	0.0107016	0.0969506
73	0.0535308	0.00480063	0.211955	0.35002	0.00381555	0.023518	0.0127882	0.00577646	0.028498	0.0180616	0.00417047	0.056453	0.0069064	0.0978891	0.0159886	0.0615122	0.0309727	0.00894369	0.000142294	0.00425726
74	0.10171	0.0706302	0.0123557	0.0136986	0.0134508	0.0050095	0.0125247	0.0804424	0.0429569	0.1791	0.0402633	0.00650541	0.00170019	0.0260329	0.0433669	0.106323	0.0878203	0.128541	0.00109406	0.0264738
75	0.0167472	0.00830481	0.000495555	0.000979428	0.0176089	0.000684901	0.00121894	0.339516	0.00160671	0.0968612	0.0252051	0.00110169	0.000360634	0.00255671	0.000499365	0.002463	0.0118047	0.468248	0.000355867	0.00338188
76	0.0397086	0.00764856	0.00987578	0.0362776	0.012286	0.0102088	0.0420093	0.0167787	0.242688	0.0375978	0.026306	0.014165	0.000596616	0.143438	0.237936	0.0584114	0.026176	0.0319342	0.000272424	0.00568453
77	0.0699015	0.00487881	0.187339	0.273574	0.00467517	0.0181244	0.0168641	0.00751886	0.052508	0.0213737	0.00636926	0.0594935	0.004852	0.106699	0.0294996	0.0773757	0.0391956	0.0138342	7.68003e-05	0.005847
78	0.0189182	0.00851788	0.000315715	0.000833853	0.0165039	0.000373519	0.00041516	0.308459	0.00166917	0.0714056	0.0189871	0.000539555	0.000154313	0.0019669	0.000353806	0.000985563	0.0107735	0.537604	0.000138367	0.00108507
79	0.0221026	0.015229	0.00909066	0.0550963	0.00720522	0.0175543	0.0945547	0.0258094	0.164483	0.0329778	0.060721	0.00741293	0.00190342	0.262452	0.137372	0.0350004	0.0263984	0.0185991	0.000709137	0.00532765
80	0.0622368	0.00629728	0.18593	0.305884	0.00546904	0.0231027	0.0164685	0.00931981	0.0406373	0.0207001	0.00584659	0.0562696	0.0111372	0.0964165	0.0232921	0.0729178	0.0369186	0.013741	0.000684318	0.00673094
81	0.00856813	0.0127893	0.00878082	0.0014008	0.252224	0.00910302	0.0132125	0.11656	0.00150576	0.196489	0.0266303	0.0201033	0.000798194	0.0114869	0.00198616	0.014585	0.0182329	0.118426	0.000545117	0.166573
82	0.00874511	0.00726839	0.00539491	0.000793947	0.414844	0.00379054	0.0196367	0.0129194	0.000744148	0.0350638	0.0015628	0.00484344	0.000496432	0.00267415	0.00105222	0.00502294	0.012365	0.0177257	0.00783049	0.437226
83	0.173662	0.0304766	0.00361259	0.00374502	0.0488852	0.0871569	0.0050614	0.125312	0.0072655	0.162988	0.111452	0.00503795	0.00255682	0.0412624	0.00349012	0.0564095	0.037654	0.0878325	0.00113541	0.00500443
84	0.0603301	0.0100214	0.234429	0.196748	0.00932834	0.0186695	0.0225564	0.0153122	0.03876	0.024843	0.00964134	0.0955912	0.00497292	0.0781906	0.0224283	0.0790303	0.0492973	0.0163986	0.00204653	0.0114053
85	0.0153378	0.013857	0.00431393	0.00089303	0.418303	0.00536864	0.01522	0.0160696	0.000965838	0.0422744	0.00616495	0.00404319	0.000535383	0.00262178	0.00217525	0.00880392	0.0194581	0.0201455	0.00854962	0.394899
86	0.00871105	0.0162381	0.0122715	0.00146649	0.228135	0.0124226	0.0112002	0.121627	0.0014094	0.242342	0.0380667	0.0217691	0.000717888	0.0108719	0.00158683	0.0135443	0.0176303	0.124352	0.000453573	0.115184
87	0.136027	0.062001	0.00418219	0.00523072	0.00719012	0.00671469	0.00721167	0.066774	0.00510802	0.0165597	0.00674291	0.00700087	0.374536	0.00784114	0.00563916	0.101615	0.0363539	0.136919	0.00151935	0.00483382
88	0.0105049	0.0134487	0.000980547	0.00194287	0.0140632	0.00501923	0.0042234	0.308632	0.00138244	0.238943	0.0115802	0.00229739	0.00405135	0.00176776	0.00149746	0.0121696	0.016043	0.332402	0.00441202	0.0146391
89	0.0616867	0.0461185	0.0752661	0.00951302	0.0114635	0.0691682	0.0288785	0.0076333	0.00277869	0.0288982	0.00809143	0.140362	0.00130214	0.0224992	0.0142961	0.312349	0.132685	0.0201667	0.000747653	0.00609528
90	0.0912518	0.00131858	0.0900798	0.118211	0.00241695	0.0321232	0.00896965	0.00875804	0.143762	0.022144	0.0112173	0.0653153	0.0251741	0.106948	0.0735505	0.118729	0.0461729	0.0259404	0.000101119	0.00781572
91	0.0257538	0.00444555	0.115336	0.0316408	0.116409	0.0125216	0.158955	0.00859925	0.0106191	0.0131857	0.00959585	0.138915	0.00143908	0.0325507	0.0103208	0.0670647	0.0445116	0.00999938	0.040777	0.14736
92	0.0545196	0.0305808	0.00232256	0.00237881	0.0131836	0.00176047	0.0205069	0.1169	0.00180354	0.324258	0.0388269	0.00425662	0.00210713	0.00779133	0.00496086	0.0286848	0.0815325	0.254387	0.00319708	0.00604193
93	0.0543116	0.0438306	0.0024195	0.00216002	0.337452	0.00452468	0.0032239	0.0508171	0.00322313	0.086851	0.0417671	0.00350752	0.00124207	0.00341425	0.00989411	0.0250835	0.0601721	0.0448446	0.0140626	0.207198
94	0.0232709	0.0149193	0.021244	0.014631	0.00273278	0.00367	0.0315503	0.0143774	0.00387579	0.0127086	0.00771096	0.0480025	0.00475828	0.00640429	0.00199188	0.319097	0.419442	0.0471636	0.000714557	0.00173433
95	0.0659196	0.00544933	0.205831	0.29596	0.00484144	0.016518	0.0169878	0.00702291	0.0389654	0.0215402	0.00568923	0.0599065	0.00245261	0.106914	0.0219218	0.0685453	0.0381913	0.0115408	7.39661e-05	0.00572909
96	0.173339	0.00810902	0.00518047	0.00541127	0.00566426	0.245703	0.00581592	0.00711038	0.00291791	0.00863239	0.00502899	0.00894331	0.0042325	0.00585224	0.00350955	0.434279	0.0572203	0.00971624	0.000701249	0.00263353
97	0.01176	0.00770988	0.000795765	0.000717164	0.014492	0.00257629	0.00146897	0.24367	0.000382477	0.509619	0.0528969	0.000609509	0.000266359	0.000491393	0.0007482	0.00159711	0.00219344	0.14192	0.00162605	0.00445915
98	0.105159	0.0187525	0.00266208	0.00225161	0.0659423	0.0355529	0.00623608	0.19407	0.0111887	0.137019	0.0880468	0.00339652	0.00548846	0.038951	0.00733173	0.0703541	0.0860542	0.117819	0.000693066	0.00303066
99	0.241704	0.00810565	0.00175637	0.00168249	0.00263487	0.0587427	0.00186156	0.00356373	0.00167012	0.00895706	0.0047034	0.00238371	0.000929235	0.00762737	0.00195688	0.610566	0.0343505	0.00451409	0.000494085	0.00179646
100	0.0630049	0.0325946	0.0018762	0.00197822	0.0164857	0.00122172	0.00919473	0.112895	0.00119077	0.358266	0.0519959	0.00323254	0.00154214	0.00307239	0.00511325	0.0243658	0.0712782	0.233387	0.00356058	0.00374409
101	0.0250837	0.0209625	0.00171467	0.000935718	0.0514796	0.0031063	0.00272146	0.146359	0.000854462	0.508146	0.102724	0.00258155	0.000372648	0.00171687	0.00277685	0.00532042	0.00587415	0.106952	0.000910277	0.00940808
102	0.0323577	0.0255966	0.00381013	0.00161568	0.0839561	0.00469939	0.00589984	0.154936	0.00190543	0.378112	0.0604013	0.00603371	0.000946727	0.00418866	0.00308546	0.0123449	0.0229683	0.150894	0.00190456	0.0443428
103	0.353155	0.0223916	0.00208242	0.00476637	0.00433191	0.0445383	0.00361016	0.00927861	0.00162871	0.0129581	0.00297985	0.0133339	0.000926045	0.0117738	0.00396298	0.4674	0.024792	0.0125106	0.000496496	0.00308351
104	0.0123721	0.00266627	0.00159981	0.0168908	0.0618116	0.00236049	0.0213802	0.0687451	0.017193	0.387873	0.173335	0.00366401	0.000865047	0.0906269	0.0355245	0.0094535	0.0399649	0.026629	0.0116628	0.0153821
105	0.0268735	0.0148504	0.0078058	0.0117123	0.0164047	0.00472258	0.0386786	0.00738057	0.31229	0.0144608	0.0111671	0.0708855	0.000621388	0.0580484	0.299149	0.0477525	0.0314828	0.0146116	0.000270752	0.0108317
106	0.0316245	0.00595777	0.00699668	0.0311373	0.0147374	0.00811834	0.029704	0.0298557	0.219175	0.0600747	0.0238673	0.00961654	0.00084683	0.124765	0.279915	0.044674	0.0340605	0.0392318	0.000394383	0.00524689
107	0.0220509	0.0266886	0.00518044	0.00385418	0.0252012	0.00289216	0.0296131	0.00982948	0.2976	0.00844065	0.00979966	0.112383	0.000631331	0.0277255	0.307355	0.0460442	0.032833	0.0139953	0.000586834	0.0172959
108	0.127661	0.0214435	0.00465589	0.00502666	0.00423589	0.0166711	0.0063987	0.011002	0.011605	0.0220331	0.00442649	0.00576277	0.650178	0.00653178	0.0117697	0.0396457	0.0208446	0.026643	0.000999114	0.00246637
109	0.0728664	0.0243973	0.0468933	0.0245368	0.0643485	0.0284201	0.0527339	0.0168358	0.0346052	0.0365206	0.0163843	0.138204	0.0118952	0.0309112	0.033049	0.209801	0.0867306	0.0273693	0.00664148	0.0368565
110	0.0897801	0.00148493	0.0981097	0.130376	0.00251324	0.031296	0.00904496	0.00871896	0.135268	0.0232296	0.0116575	0.0639447	0.0249023	0.105146	0.0706522	0.115059	0.0458603	0.0250226	0.000173493	0.00775989
111	0.0663267	0.0238703	0.0269897	0.016575	0.0221857	0.00460999	0.0083906	0.133597	0.00322924	0.238478	0.100385	0.0192033	0.0383557	0.00564235	0.0041167	0.0739279	0.0590421	0.149706	0.0011556	0.00421363
112	0.155537	0.31451	0.00338198	0.00313464	0.00423043	0.00441984	0.00379788	0.00602407	0.00296068	0.0219467	0.00366865	0.0192174	0.0172016	0.00412102	0.00308944	0.264162	0.0623657	0.102222	0.000890549	0.00311842
113	0.039155	0.00706013	0.00911139	0.0376638	0.0128468	0.0107686	0.0398754	0.0173446	0.238878	0.0401918	0.0264315	0.0109022	0.000631973	0.145663	0.243142	0.058275	0.0248521	0.03168	0.000300044	0.00522631
114	0.0433156	0.00956883	0.0168344	0.0266152	0.0102744	0.0102602	0.054393	0.00891884	0.264048	0.0209914	0.0132133	0.0615461	0.000535693	0.0907237	0.249491	0.0560816	0.0353597	0.0163848	0.000240607	0.011204
115	0.0117386	0.00942189	0.000816659	0.00105594	0.0126545	0.00230478	0.00212923	0.300517	0.00089264	0.346743	0.0333893	0.000995029	0.000863297	0.00123492	0.000790453	0.00422888	0.00847848	0.253268	0.00154468	0.00693393
116	0.480857	0.0373074	0.00214441	0.00917264	0.00405492	0.114959	0.00415799	0.034469	0.00155536	0.0150074	0.00280998	0.0453277	0.00136917	0.00416109	0.0030524	0.120823	0.0549994	0.0555843	0.000853138	0.00733488
117	0.0678848	0.00516457	0.197738	0.285172	0.00479896	0.017327	0.0166586	0.00744376	0.0450351	0.0215488	0.00608855	0.0594287	0.00367551	0.106766	0.0249765	0.0727021	0.039053	0.0126678	7.12257e-05	0.00579951
118	0.043249	0.0174702	0.00356994	0.00354363	0.0102737	0.00358011	0.0261225	0.115198	0.00340002	0.263439	0.017739	0.00475209	0.0027824	0.031495	0.00497076	0.0183606	0.0761649	0.331411	0.00223764	0.0202399
119	0.0174875	0.0160981	0.00639865	0.00319737	0.113517	0.00640985	0.00742129	0.140794	0.00329702	0.37235	0.0553224	0.00938136	0.00165653	0.00572178	0.00370387	0.0102851	0.0152392	0.16261	0.00142455	0.0476846
120	0.0140095	0.0116145	0.001855	0.00219184	0.0175968	0.00295248	0.00363661	0.27972	0.00266747	0.343746	0.0306866	0.00235438	0.00189579	0.00223252	0.00249349	0.00768273	0.0137716	0.240468	0.00210196	0.0163226
121	0.00712687	0.00704163	0.000812188	0.00105978	0.0122229	0.00192385	0.00246782	0.420854	0.000985709	0.228705	0.0354096	0.00183737	0.00136414	0.00302684	0.00086897	0.00559274	0.00907794	0.250128	0.00156018	0.00793427
122	0.0127395	0.00865399	0.000866783	0.000861856	0.0139706	0.00284985	0.00228977	0.24551	0.000537647	0.490583	0.0488119	0.000794181	0.000461025	0.000686027	0.000890987	0.00268971	0.00466114	0.154763	0.0022902	0.00508936
123	0.059748	0.00650037	0.224011	0.245139	0.0104075	0.0172197	0.0341536	0.00949985	0.0398999	0.0198882	0.00638155	0.0671423	0.00333737	0.0908942	0.0244329	0.0720321	0.0395551	0.0113964	0.00281711	0.015543
124	0.0455347	0.0171292	0.0178035	0.0273205	0.0165793	0.0107425	0.0336847	0.0214615	0.222526	0.0328941	0.0173883	0.0619671	0.00856549	0.0678249	0.24941	0.0671673	0.0419854	0.0264466	0.000877527	0.0126916
125	0.0217836	0.0206474	0.00592908	0.00410158	0.021396	0.00282006	0.0341584	0.00646501	0.315488	0.00856569	0.0105435	0.0964839	0.000502215	0.0285874	0.314308	0.0490395	0.0343017	0.0117849	0.000339561	0.0127539
126	0.0647873	0.00585474	0.206857	0.296946	0.00504985	0.0170746	0.016874	0.00736014	0.0380575	0.0211379	0.00547635	0.0598769	0.00282682	0.106458	0.0212838	0.0691128	0.0380059	0.0113599	7.72381e-05	0.00552391
127	0.0617151	0.00818614	0.248007	0.223663	0.00801607	0.0195263	0.0194162	0.0144271	0.0404948	0.0223927	0.00766241	0.0658889	0.00786926	0.085439	0.0238349	0.0752244	0.0417849	0.0159457	0.00184881	0.00865708
128	0.135736	0.0216356	0.00234377	0.00217211	0.00347149	0.0112176	0.00491703	0.0105357	0.00984562	0.0240913	0.00334084	0.00338581	0.687981	0.00410104	0.00983889	0.0201194	0.018394	0.0235638	0.000764921	0.00254373
129	0.0188852	0.00850554	0.000311474	0.000826594	0.0165692	0.000384481	0.000427467	0.309259	0.00166745	0.0718853	0.0192175	0.000548238	0.000163077	0.0019798	0.000358404	0.00100708	0.010757	0.536003	0.000142894	0.00110163
130	0.0318151	0.0190991	0.0188126	0.0111562	0.00395827	0.0103089	0.0133423	0.00979092	0.00823951	0.00891924	0.0098245	0.0383063	0.010044	0.00853497	0.00653592	0.365943	0.398394	0.0249699	0.000451195	0.00155403
131	0.10649	0.0201479	0.00702892	0.00767604	0.00681078	0.0150561	0.0131183	0.0227105	0.0123688	0.0508788	0.0100063	0.00737127	0.586648	0.0132602	0.0114108	0.0416551	0.0246497	0.0352303	0.00138253	0.00610039
132	0.0208432	0.0113858	0.00184777	0.00209369	0.0230641	0.00382755	0.00469737	0.2249	0.00222694	0.443848	0.0578037	0.00260692	0.00119375	0.00564456	0.00336996	0.00746127	0.0132312	0.159733	0.00179104	0.00843112
133	0.0139719	0.00937149	0.00140491	0.00126388	0.0178811	0.00288049	0.00371106	0.261103	0.00122444	0.436568	0.0491276	0.00204268	0.000848053	0.0023152	0.001938	0.00497051	0.00794149	0.171969	0.00164727	0.00782066
134	0.0113389	0.00582532	0.0050263	0.0047468	0.00528495	0.00454341	0.146339	0.026429	0.0037747	0.00989443	0.0742465	0.162976	0.00227475	0.04192	0.00412812	0.189415	0.281604	0.015076	0.00112681	0.00402984
135	0.0610612	0.02048	0.0181165	0.0183861	0.0146967	0.0327521	0.122105	0.0223505	0.0224974	0.033047	0.0148151	0.0246314	0.28056	0.11057	0.0185636	0.0873859	0.042294	0.037485	0.00421491	0.0139868
136	0.0523091	0.0214739	0.0331866	0.0196871	0.0853178	0.0226641	0.0494541	0.057916	0.0199596	0.111857	0.0429159	0.0450874	0.0121012	0.0347028	0.0213472	0.0549323	0.0501987	0.0628778	0.114927	0.087084
137	0.022028	0.0243175	0.0165905	0.00878641	0.00537816	0.00947546	0.0100174	0.00704855	0.00381358	0.00815001	0.00791836	0.0342803	0.00704214	0.00430706	0.00340948	0.375588	0.426661	0.0234835	0.000374085	0.00133057
138	0.0151392	0.00900493	0.0102025	0.00459424	0.334387	0.00631014	0.0371939	0.0244034	0.00333667	0.0477098	0.00618846	0.014915	0.00132835	0.00921345	0.00544241	0.0138515	0.0151765	0.0245666	0.0075023	0.409534
139	0.0606188	0.00658223	0.163847	0.278225	0.00570054	0.0164725	0.0176915	0.0104613	0.0460599	0.0214694	0.0084889	0.052388	0.00351243	0.137069	0.031149	0.0673684	0.0437311	0.0227835	0.000378445	0.00600238
140	0.286415	0.0161892	0.00417314	0.00504263	0.00351255	0.100049	0.00414867	0.0108039	0.00307926	0.0101364	0.00488526	0.0170036	0.0041889	0.00711075	0.00405083	0.454209	0.0445776	0.016596	0.000762951	0.00306585
141	0.0359123	0.0174105	0.00478464	0.00632036	0.0368086	0.00423567	0.007562	0.206141	0.00924055	0.241559	0.122	0.00701856	0.00292053	0.0143055	0.0112605	0.0223665	0.032741	0.201026	0.00217249	0.0142147
142	0.0111991	0.0160201	0.00113757	0.0017696	0.0157657	0.00283996	0.004417	0.321935	0.00164106	0.241654	0.0149456	0.00206943	0.00218698	0.00160867	0.00184215	0.00971599	0.0220964	0.310986	0.00223139	0.0139375
143	0.0375215	0.0121979	0.0238738	0.0222137	0.0263416	0.0401944	0.225332	0.023355	0.025367	0.0270758	0.0219094	0.199905	0.00790266	0.0322802	0.0214626	0.0782022	0.0625399	0.0624417	0.00578129	0.0441014
144	0.0597097	0.00481565	0.180467	0.308428	0.00425143	0.0281277	0.0143999	0.00777545	0.0476864	0.0191841	0.00779377	0.054614	0.00914838	0.102047	0.0273927	0.070742	0.0351659	0.0127138	0.000347551	0.0051895
145	0.0104742	0.0158544	0.0114523	0.00157834	0.221458	0.0117975	0.0122836	0.117372	0.00181036	0.252894	0.0452196	0.021605	0.000741513	0.0101765	0.00209218	0.0135128	0.0167991	0.121127	0.000528567	0.111223
146	0.00962468	0.00810682	0.00140746	0.000730817	0.0275061	0.00225599	0.00284581	0.338273	0.000679174	0.357006	0.0498351	0.00209479	0.000473929	0.0025478	0.000932134	0.00316432	0.00888742	0.173649	0.00111966	0.00885989
147	0.0207123	0.00606961	0.00588921	0.0241939	0.0254065	0.633768	0.0280089	0.0104801	0.00489386	0.010794	0.00594639	0.00676425	0.00224547	0.00641088	0.00422445	0.0575996	0.125934	0.0145028	0.00128043	0.00487565
148	0.0129149	0.0102782	0.00127689	0.000778583	0.0215987	0.00270623	0.00213873	0.252365	0.00062528	0.473001	0.0500494	0.00113274	0.000482784	0.000967356	0.00106205	0.00296953	0.00550043	0.151756	0.00149777	0.00689935
149	0.0893346	0.00963387	0.0477798	0.0588179	0.00636189	0.0273355	0.0616932	0.00620701	0.173413	0.00459718	0.00155493	0.119768	0.000779101	0.0838392	0.134203	0.112763	0.0476428	0.00875047	0.000180799	0.00534458
150	0.0894822	0.00646524	0.0638958	0.0788554	0.0038879	0.0351412	0.0349076	0.0077564	0.157536	0.0135786	0.00700494	0.10825	0.0132612	0.093691	0.0988131	0.118648	0.0438595	0.016152	0.000141573	0.00867299
151	0.036552	0.00973808	0.014926	0.0299966	0.00752292	0.140382	0.113734	0.0116192	0.0434162	0.010116	0.00801442	0.33992	0.00334317	0.0437081	0.019542	0.102943	0.0163222	0.0165667	0.00140899	0.0302284
152	0.065813	0.0252228	0.00787837	0.0207691	0.0080993	0.00545895	0.00802865	0.0969404	0.12177	0.123138	0.0379091	0.00649528	0.000773202	0.0740456	0.189262	0.0353745	0.0648511	0.095238	0.000511297	0.0124217
153	0.0184515	0.00907907	0.000384557	0.000925751	0.0163454	0.000597729	0.000610136	0.308462	0.00162027	0.0796501	0.0183487	0.000607976	0.000289234	0.00192	0.000396857	0.00155649	0.0110572	0.527422	0.00026947	0.00200657
154	0.0529548	0.0148591	0.273916	0.157784	0.0064238	0.0152879	0.0264766	0.0370115	0.0406777	0.0159442	0.00517046	0.104796	0.00633193	0.0688354	0.01848	0.0967929	0.0397683	0.0112605	0.00112316	0.00610554
155	0.0274619	0.0209501	0.00151476	0.00121185	0.0547169	0.00282099	0.00280441	0.131625	0.0011372	0.507496	0.120133	0.0025936	0.000509312	0.00238937	0.00358631	0.00573066	0.00429049	0.099451	0.000900013	0.00867771
156	0.0990668	0.00292522	0.0292234	0.0309281	0.0030002	0.0134981	0.00352063	0.00883062	0.0613094	0.00971073	0.0201057	0.0431371	0.039796	0.0316366	0.0607075	0.372496	0.153612	0.0142311	0.000350888	0.00191304
157	0.0706231	0.00454213	0.18303	0.265178	0.00425313	0.0197229	0.0158568	0.0070379	0.0586723	0.0213167	0.0063948	0.0602395	0.00641615	0.108575	0.0316289	0.0771154	0.0388954	0.0144459	7.37519e-05	0.00598186
158	0.0105566	0.0154781	0.00113076	0.00173145	0.0175599	0.00330052	0.00497522	0.316732	0.00160887	0.238093	0.0112083	0.00200869	0.00263405	0.00156793	0.00165704	0.010813	0.0190269	0.319878	0.00272152	0.017318
159	0.0153746	0.0128321	0.00147619	0.00500836	0.0151895	0.00204776	0.00469008	0.299645	0.0028364	0.157583	0.0211969	0.00253373	0.00215802	0.00302045	0.00307609	0.0106079	0.0383421	0.394112	0.00135765	0.0069117
160	0.0321614	0.0194376	0.00278363	0.00269126	0.0904264	0.00433062	0.00423405	0.0935502	0.0031497	0.429237	0.161919	0.00511933	0.000853027	0.00831541	0.00619097	0.00901976	0.0094734	0.0969451	0.0015796	0.0185825
161	0.153501	0.064713	0.0592035	0.00526909	0.0216103	0.0321777	0.0131482	0.0121692	0.00409905	0.0453871	0.0127805	0.184868	0.00214971	0.0144683	0.00941756	0.213979	0.116613	0.0257785	0.000837791	0.00782992
162	0.0918541	0.00981097	0.0257239	0.0277306	0.00825753	0.0986161	0.0165541	0.00288332	0.0326607	0.00958391	0.00201769	0.032815	0.245421	0.0292063	0.0338358	0.264565	0.0554054	0.0111577	0.000455377	0.00144569
163	0.0618374	0.0098679	0.228598	0.217283	0.00928849	0.0217255	0.0215234	0.0167032	0.042807	0.0266298	0.00931589	0.0661696	0.00972318	0.0820191	0.0252833	0.0812259	0.0433697	0.0155445	0.00159835	0.00948644
164	0.0917214	0.00452212	0.215286	0.145219	0.00353482	0.038147	0.00657868	0.0195038	0.0776338	0.0117071	0.00602765	0.0232076	0.0826333	0.0681688	0.0165606	0.132299	0.0403437	0.0118391	0.000651718	0.00441483
165	0.0226108	0.0156877	0.00727883	0.00354901	0.276159	0.00657775	0.0149481	0.0729618	0.00587838	0.183963	0.0444032	0.016492	0.00100441	0.0129899	0.00800469	0.0159892	0.0252238	0.0665825	0.00531813	0.194377
166	0.00815536	0.00618326	0.00570711	0.000753721	0.39564	0.00358233	0.0217742	0.0142551	0.000738138	0.0350202	0.00126403	0.00548712	0.00049157	0.00289284	0.00101549	0.0047326	0.0118836	0.0174832	0.00708433	0.455856
167	0.134007	0.0184762	0.0363269	0.0447264	0.00707949	0.0383124	0.0566617	0.00532406	0.168252	0.00738948	0.00231684	0.0912925	0.000773909	0.0743076	0.144897	0.121386	0.0359486	0.00703362	0.000265231	0.00522246
168	0.0866109	0.00238792	0.12301	0.176805	0.00332202	0.0266484	0.0121362	0.00799055	0.111811	0.0200973	0.00914042	0.062219	0.016016	0.105405	0.0589636	0.105044	0.0443787	0.0213295	9.49012e-05	0.00658947
169	0.0117315	0.00604938	0.00462635	0.00500128	0.00560414	0.00443109	0.159532	0.0260452	0.00391042	0.0102157	0.0737093	0.165884	0.00231493	0.0429994	0.00446442	0.179124	0.272922	0.0160176	0.00116133	0.00425584
170	0.0102486	0.00227437	0.0013187	0.0192661	0.0643303	0.00162431	0.0160829	0.0612587	0.0190121	0.362861	0.200698	0.00228796	0.000775535	0.0895607	0.0431903	0.00785776	0.0378678	0.026667	0.0143573	0.0184609
171	0.0119132	0.00430328	0.0215562	0.00692651	0.318935	0.00451402	0.0782472	0.0148131	0.00409964	0.0308965	0.00312754	0.0312416	0.000701908	0.0145746	0.00227092	0.0119571	0.0220132	0.0123777	0.0112867	0.394244
172	0.095539	0.00208025	0.0793041	0.104755	0.00312622	0.0324269	0.0129703	0.00895283	0.145067	0.0249403	0.0132051	0.0686977	0.0234727	0.102263	0.0785095	0.125161	0.0459106	0.0244172	0.000126894	0.00907552
173	0.0720095	0.0178765	0.13977	0.0235958	0.0242854	0.0169223	0.0147479	0.0196788	0.0102316	0.0703115	0.0475959	0.232791	0.00532685	0.0219137	0.0108615	0.0826134	0.121142	0.0564821	0.00291	0.00893456
174	0.00870829	0.00708423	0.00530032	0.000801147	0.405841	0.00378128	0.0196912	0.0133052	0.000775968	0.034793	0.00163509	0.00501553	0.000468818	0.0026921	0.00106152	0.00518942	0.0125436	0.0176333	0.00819545	0.445484
175	0.373894	0.0363047	0.00531791	0.0107405	0.00570625	0.148224	0.00596428	0.0418161	0.00621503	0.0250873	0.00823286	0.0363316	0.0080163	0.00933919	0.00659292	0.1307	0.0491194	0.0851625	0.000858491	0.00637636
176	0.0566835	0.00487551	0.217093	0.338864	0.0039862	0.0217897	0.0134585	0.00595506	0.0294577	0.0182434	0.00428748	0.0570623	0.00602963	0.0975809	0.0166899	0.0619412	0.0323922	0.00893691	0.000127487	0.00454547
177	0.0102662	0.00541502	0.000807031	0.000994981	0.0120201	0.001875	0.00177604	0.340554	0.000630978	0.369144	0.0603849	0.00127351	0.000397357	0.0024862	0.0008697	0.00262437	0.00554853	0.177277	0.00118443	0.0044705
178	0.483755	0.0547745	0.00360559	0.00892642	0.00480992	0.0795755	0.00409335	0.0290268	0.00168013	0.0156391	0.00320972	0.0592312	0.00106802	0.00441492	0.00369809	0.118377	0.0655508	0.0499959	0.000641371	0.00792756
179	0.0843075	0.00367805	0.145731	0.200672	0.00476607	0.0241662	0.0126736	0.0126172	0.0791293	0.0247975	0.0112935	0.0564768	0.0113854	0.113815	0.0408078	0.0981636	0.0456571	0.0229634	0.000144389	0.00675349
180	0.1185	0.0039981	0.0189698	0.0278205	0.00417657	0.00892322	0.00624124	0.0177007	0.07277	0.0101679	0.021112	0.136691	0.0192318	0.0225219	0.0606229	0.314763	0.120163	0.0125289	0.000638489	0.00245846
181	0.0176835	0.00785541	0.000347528	0.000796961	0.0179892	0.000429631	0.000860396	0.331949	0.00153715	0.0744685	0.0261945	0.000953891	0.000194382	0.00246295	0.00043157	0.00123799	0.0111075	0.501064	0.000162646	0.00227279
182	0.0295555	0.0105457	0.0107266	0.0440354	0.00861644	0.0137002	0.0707863	0.0234499	0.194112	0.0327222	0.0419818	0.0127982	0.00157463	0.235973	0.169153	0.0474734	0.0246908	0.0222737	0.000472674	0.00535898
183	0.0905492	0.00153927	0.0954975	0.126138	0.00278247	0.0320925	0.0111492	0.00906869	0.13667	0.0201719	0.0101147	0.0657031	0.0210918	0.106187	0.0719417	0.118512	0.0488226	0.0249411	0.000107782	0.00692021
184	0.0230777	0.00681466	0.00449099	0.0126635	0.088494	0.00318216	0.0165862	0.0467458	0.0321628	0.303811	0.186411	0.00598293	0.00240171	0.0486437	0.0409892	0.0260757	0.030347	0.0497921	0.00928298	0.0620448
185	0.0161169	0.00838354	0.000458611	0.000967275	0.0143013	0.000995559	0.00114636	0.312221	0.00143398	0.150455	0.0276145	0.000814893	0.000455671	0.00186265	0.000656682	0.00238713	0.010829	0.445324	0.00056251	0.00301361
186	0.0627946	0.00561288	0.242701	0.270881	0.0043026	0.0153912	0.0170491	0.00843156	0.0366285	0.0208467	0.005079	0.0655143	0.00260559	0.0964291	0.0212458	0.0686444	0.039557	0.0101665	0.000117524	0.00600213
187	0.0660437	0.00545488	0.204608	0.296393	0.00487289	0.0165643	0.0170007	0.00705665	0.039123	0.0214684	0.00565413	0.0597911	0.0024516	0.107264	0.0219822	0.0687175	0.0382042	0.0116198	7.14458e-05	0.0056584
188	0.0151386	0.0160388	0.0042789	0.000878828	0.395139	0.00434134	0.0140277	0.0271134	0.00104531	0.0642897	0.00936501	0.00515198	0.000511303	0.00327127	0.00246635	0.00887434	0.0195671	0.0330299	0.00725519	0.368216
189	0.0630974	0.00941815	0.0265792	0.0459921	0.00799616	0.0165125	0.0318079	0.0121337	0.267642	0.0155429	0.0103348	0.0704671	0.00727091	0.109521	0.134108	0.0747637	0.0615404	0.0265447	0.00066218	0.00806534
190	0.0955277	0.00264779	0.0745473	0.105369	0.00417819	0.0306871	0.0204272	0.00892402	0.148052	0.0164563	0.00875722	0.0700266	0.0166836	0.099517	0.0856693	0.128903	0.0515926	0.0258409	0.000130034	0.00606315
191	0.0879262	0.00209502	0.0744998	0.0990622	0.00259179	0.0310343	0.0142576	0.00832858	0.164918	0.0198125	0.00957578	0.075749	0.0250981	0.10838	0.0833891	0.114823	0.0458704	0.0243125	0.000148662	0.00812797
192	0.0186322	0.0143417	0.00642619	0.00217652	0.036573	0.00363672	0.00494081	0.235377	0.00151827	0.388546	0.0403983	0.00435212	0.00208675	0.0028893	0.00213409	0.0101034	0.0311092	0.174499	0.00155124	0.018709
