204	20
1	0.0210886	0.014248	0.0700075	0.253852	0.00292931	0.0159808	0.0153915	0.0301202	0.206471	0.017629	0.00384357	0.00360314	0.00229823	0.00298949	0.0403656	0.0295914	0.0185341	0.184072	0.0503775	0.0166069
2	0.0139622	0.00322658	0.000238765	0.000350211	0.023905	0.000999148	0.00231873	0.385276	0.00148453	0.0673683	0.0227191	0.000277683	0.0059748	0.000301626	0.00106174	0.000450375	0.00161657	0.458921	0.000396874	0.00915025
3	0.0295106	0.00114523	0.0550221	0.227383	0.00743837	0.00155451	0.115417	0.00179064	0.198593	0.0269996	0.00300717	0.0611949	0.00220877	0.026158	0.111659	0.0197361	0.0148643	0.035636	0.000544729	0.0601381
4	0.146184	0.0107717	0.0867056	0.0292415	0.0239595	0.0596454	0.0864348	0.0154391	0.0170234	0.0295909	0.0121639	0.11403	0.0062805	0.0177537	0.024908	0.175882	0.0727414	0.0355851	0.00665253	0.0290074
5	0.0193838	0.00195024	0.0365216	0.164088	0.00176254	0.0205348	0.0190864	0.00319628	0.235678	0.0191572	0.0031888	0.0106923	0.358833	0.0153769	0.0658357	0.0119009	0.0040453	0.00477925	0.000713995	0.00327526
6	0.0456609	0.00284657	0.0322993	0.107627	0.0276493	0.00437241	0.0970104	0.0463704	0.0895445	0.0639695	0.0440549	0.0124107	0.000789964	0.0573902	0.201586	0.02042	0.0549071	0.0430317	0.000873421	0.0471847
7	0.0139622	0.00322658	0.000238765	0.000350211	0.023905	0.000999148	0.00231873	0.385276	0.00148453	0.0673683	0.0227191	0.000277683	0.0059748	0.000301626	0.00106174	0.000450375	0.00161657	0.458921	0.000396874	0.00915025
8	0.487302	0.0644338	0.00230829	0.00281228	0.021898	0.110301	0.00219342	0.00479718	0.00257134	0.0079479	0.0112948	0.00519826	0.00149522	0.00239873	0.00217725	0.167448	0.0600911	0.0360419	0.000582781	0.00670642
9	0.0937207	0.00371085	0.00294212	0.0890723	0.00183269	0.0273894	0.0110658	0.00730315	0.337589	0.00580734	0.00189022	0.01402	0.00196146	0.0275066	0.303794	0.0391441	0.0144885	0.015442	0.00031242	0.0010077
10	0.170178	0.00352928	0.0058647	0.0415353	0.00486418	0.0243846	0.155825	0.00491984	0.200121	0.0244947	0.00436607	0.128217	0.00277351	0.0245434	0.0236794	0.123543	0.00830649	0.00877745	0.00127148	0.0388046
11	0.14456	0.144092	0.00358888	0.0164326	0.0311489	0.00631614	0.053203	0.0911478	0.0267096	0.0529376	0.0352534	0.0202004	0.0032813	0.00825544	0.0664669	0.0387584	0.0381557	0.159304	0.0249655	0.0352221
12	0.0327007	0.00157699	0.00358434	0.034476	0.00156661	0.00862669	0.0130629	0.00318909	0.480642	0.073307	0.0193434	0.00192885	0.000991769	0.0959271	0.202931	0.00297357	0.00508673	0.0124913	0.000684115	0.00491014
13	0.0820937	0.0026497	0.002456	0.00395041	0.0024812	0.00336067	0.00349144	0.00443891	0.00430272	0.00576761	0.00398351	0.0033808	0.851184	0.00307633	0.00343507	0.00468939	0.00544222	0.00565787	0.00114745	0.00301149
14	0.0437231	0.00150761	0.0048023	0.00377505	0.0011061	0.880037	0.00150388	0.0036074	0.0129775	0.00606142	0.00246549	0.00899268	0.000884746	0.00162573	0.00505515	0.0080643	0.00374994	0.00794934	0.000453715	0.001657
15	0.0471195	0.0151197	0.0135191	0.0929838	0.0125945	0.020809	0.14067	0.0184322	0.039207	0.0307053	0.021419	0.24806	0.00888328	0.152147	0.0227291	0.0362589	0.0297061	0.0286692	0.00494024	0.0160274
16	0.0281728	0.00573913	0.004211	0.0180353	0.218247	0.00511647	0.057432	0.0504788	0.0276937	0.223337	0.0713495	0.00877358	0.0128138	0.0114775	0.0123038	0.00620145	0.00893057	0.0359291	0.0146722	0.179085
17	0.0139622	0.00322658	0.000238765	0.000350211	0.023905	0.000999148	0.00231873	0.385276	0.00148453	0.0673683	0.0227191	0.000277683	0.0059748	0.000301626	0.00106174	0.000450375	0.00161657	0.458921	0.000396874	0.00915025
18	0.0154058	0.00441153	0.0010815	0.00133457	0.0254133	0.00147357	0.00516938	0.383739	0.00274973	0.101947	0.0525388	0.00171113	0.00415806	0.00234741	0.00272431	0.00252601	0.0114122	0.367647	0.00154768	0.0106622
19	0.0139622	0.00322658	0.000238765	0.000350211	0.023905	0.000999148	0.00231873	0.385276	0.00148453	0.0673683	0.0227191	0.000277683	0.0059748	0.000301626	0.00106174	0.000450375	0.00161657	0.458921	0.000396874	0.00915025
20	0.0148434	0.00440892	0.0049385	0.0146855	0.00479558	0.00602683	0.0537675	0.108855	0.144207	0.054656	0.0300399	0.00598088	0.00445642	0.086416	0.424325	0.007602	0.0107461	0.0106088	0.00177549	0.00686515
21	0.032675	0.00857362	0.0180822	0.0420855	0.0132779	0.0165313	0.0180677	0.0198091	0.105022	0.0219829	0.012831	0.016084	0.101063	0.0233391	0.473	0.0219992	0.0225118	0.0206827	0.00265196	0.00973084
22	0.0139528	0.00322421	0.00023873	0.000355083	0.0238739	0.00100197	0.00231852	0.385482	0.00149318	0.0673509	0.0227228	0.000277154	0.00596312	0.000300286	0.00106196	0.000451575	0.00162422	0.458768	0.000396936	0.00914318
23	0.0797046	0.00285075	0.00286902	0.00573989	0.00290066	0.0040428	0.00408923	0.00571754	0.00871665	0.00700849	0.00426944	0.00368636	0.837527	0.00310062	0.00471926	0.00510485	0.00589609	0.00761126	0.00122124	0.00322468
24	0.0173399	0.00666195	0.00178951	0.00320724	0.140013	0.0017044	0.0048339	0.168441	0.0023574	0.436246	0.101873	0.0022654	0.00154074	0.00274345	0.00394424	0.00238318	0.00619521	0.0687605	0.00179766	0.0259017
25	0.068662	0.057398	0.00914249	0.00674567	0.0239956	0.0539158	0.00427711	0.0116319	0.00702236	0.0126643	0.00980512	0.00813576	0.00463232	0.00510268	0.00547161	0.420531	0.248926	0.0364466	0.00121902	0.00427427
26	0.0139923	0.00323355	0.000245241	0.000354039	0.0240688	0.00099705	0.00236672	0.384744	0.0014938	0.0681086	0.0230108	0.000287051	0.00598135	0.000319296	0.00107403	0.000473226	0.00174758	0.457899	0.000416403	0.00918706
27	0.480929	0.0618514	0.0026442	0.0035532	0.0341979	0.0919199	0.00352308	0.00641203	0.00392222	0.0211851	0.0266493	0.0140425	0.00231071	0.00256764	0.00302173	0.145684	0.0254144	0.0535806	0.00108613	0.0155042
28	0.0438939	0.00117878	0.494863	0.108355	0.00101868	0.0571788	0.0115869	0.00235471	0.060966	0.00378933	0.00685339	0.0622583	0.00667444	0.0242559	0.0212839	0.0428774	0.0342285	0.00813833	0.00149698	0.00674768
29	0.124307	0.0227877	0.00358964	0.00617614	0.129628	0.00550063	0.0238058	0.061658	0.0395293	0.0260755	0.00541673	0.00503696	0.00235802	0.00450633	0.0059092	0.0623601	0.163652	0.0814089	0.124484	0.101809
30	0.147892	0.00304061	0.0540311	0.179795	0.00304961	0.0391557	0.0185662	0.00423117	0.255326	0.00710968	0.00756087	0.0519344	0.00444668	0.0352581	0.0693003	0.0236307	0.0690981	0.0206268	0.00193453	0.00401301
31	0.0193971	0.000970247	0.111705	0.21378	0.000974468	0.327229	0.00209407	0.00388782	0.0906984	0.00569221	0.00420856	0.0781847	0.0092882	0.0427916	0.0242749	0.0502779	0.00609907	0.0047051	0.000400326	0.00334075
32	0.0657885	0.00528201	0.0044426	0.00888379	0.00533412	0.0056834	0.00663336	0.0556148	0.00898978	0.140712	0.00720952	0.0994721	0.00361716	0.00535068	0.031534	0.198174	0.231472	0.0120814	0.0976044	0.00612073
33	0.0139622	0.00322658	0.000238765	0.000350211	0.023905	0.000999148	0.00231873	0.385276	0.00148453	0.0673683	0.0227191	0.000277683	0.0059748	0.000301626	0.00106174	0.000450375	0.00161657	0.458921	0.000396874	0.00915025
34	0.0509954	0.0073194	0.0775201	0.0883134	0.0226337	0.044923	0.0489917	0.0276403	0.0297557	0.0273726	0.00710816	0.0511073	0.00223107	0.0258362	0.0895686	0.138786	0.151921	0.0478959	0.0224746	0.037605
35	0.0244722	0.00851955	0.00165753	0.00164502	0.0876576	0.00370491	0.00752318	0.224579	0.00227005	0.31174	0.0864048	0.00244901	0.00115601	0.0042558	0.00362375	0.00560973	0.0296789	0.169809	0.00328626	0.0199575
36	0.0139622	0.00322658	0.000238765	0.000350211	0.023905	0.000999148	0.00231873	0.385276	0.00148453	0.0673683	0.0227191	0.000277683	0.0059748	0.000301626	0.00106174	0.000450375	0.00161657	0.458921	0.000396874	0.00915025
37	0.0681147	0.00768323	0.00139659	0.00272093	0.0678757	0.00235239	0.00303742	0.144572	0.00283168	0.0468174	0.0171187	0.00213128	0.0392075	0.00269438	0.00315953	0.00330556	0.0304772	0.407677	0.0206976	0.126129
38	0.0277777	0.00754661	0.00217293	0.00328882	0.00711569	0.058902	0.0024689	0.00339252	0.00355454	0.00462055	0.0124319	0.0025994	0.00162873	0.0025318	0.00289051	0.500355	0.33015	0.0235372	0.000846985	0.00218837
39	0.0341296	0.0141687	0.00369	0.00600226	0.00931874	0.0517939	0.00391172	0.00701445	0.00598813	0.00811917	0.0122095	0.00638667	0.00394916	0.00402606	0.00501717	0.466719	0.320274	0.0332842	0.00111162	0.00288568
40	0.0639884	0.00380279	0.0237519	0.0968254	0.0245137	0.00597973	0.0889016	0.0450141	0.0858494	0.0786005	0.0530104	0.014012	0.000730117	0.0636933	0.185706	0.0239739	0.0557472	0.0382856	0.000631316	0.0469826
41	0.0423562	0.0079998	0.0450076	0.269579	0.00547612	0.0125802	0.0171679	0.0127546	0.190777	0.0403683	0.0428789	0.00300371	0.00132776	0.100147	0.147347	0.0236675	0.00924076	0.00973878	0.000414719	0.0181674
42	0.0213149	0.00794696	0.00105873	0.0017656	0.153625	0.0026433	0.00311336	0.146533	0.001817	0.450482	0.1352	0.0013522	0.00184963	0.0015178	0.00159609	0.00191361	0.00348264	0.0361192	0.00248128	0.0241868
43	0.0261706	0.00137585	0.00273527	0.00482178	0.0513708	0.00219749	0.00239111	0.00494209	0.057376	0.563636	0.123555	0.00313815	0.0015215	0.0157886	0.0137367	0.0149636	0.0111737	0.053894	0.00101591	0.0441953
44	0.0525559	0.00953501	0.0229781	0.222654	0.00195274	0.039132	0.0070596	0.00266158	0.232141	0.0036729	0.00962933	0.194647	0.0223229	0.0571142	0.0857273	0.0141902	0.00719905	0.0121766	0.000635584	0.00201463
45	0.18788	0.00225576	0.00200928	0.337787	0.00267165	0.00308598	0.00283369	0.00365398	0.0370359	0.0167098	0.00319102	0.0131062	0.0802219	0.0252704	0.00316518	0.00400149	0.0514518	0.220361	0.000850533	0.00245783
46	0.0491246	0.00167832	0.00367833	0.003944	0.00140903	0.860062	0.00212614	0.00423319	0.0161708	0.00760815	0.00292548	0.00662911	0.00161486	0.00244166	0.00656036	0.0115854	0.0045099	0.0107141	0.000797933	0.00218651
47	0.0248565	0.0010075	0.291251	0.306242	0.00145175	0.0462363	0.00266356	0.0039219	0.0996266	0.00635632	0.00349075	0.0302932	0.0147395	0.0638721	0.0344982	0.0542725	0.00608096	0.00368738	0.000362378	0.00508977
48	0.120711	0.0548543	0.0137638	0.154385	0.0460733	0.0253194	0.013746	0.0145901	0.0523544	0.00525342	0.0131854	0.0144027	0.00208995	0.0359581	0.0555159	0.22378	0.0292764	0.00562265	0.00103727	0.118081
49	0.011908	0.00672466	0.00127096	0.00190282	0.132352	0.00128279	0.0181828	0.246047	0.00183913	0.375324	0.0541953	0.00170896	0.00112181	0.00179662	0.00703337	0.00212344	0.00633931	0.0970665	0.00153331	0.0302465
50	0.163337	0.0120921	0.0025952	0.0434312	0.0226725	0.0129487	0.0759436	0.0187205	0.0323995	0.174459	0.0703745	0.0144477	0.00154812	0.107109	0.0720154	0.0577393	0.057746	0.00769085	0.000811964	0.0519175
51	0.136353	0.0070769	0.111971	0.0222302	0.035917	0.0503638	0.114578	0.0132111	0.0182208	0.0193877	0.00774593	0.145648	0.00490853	0.0106472	0.0224903	0.152288	0.0382208	0.0411531	0.00572032	0.041868
52	0.0139622	0.00322658	0.000238765	0.000350211	0.023905	0.000999148	0.00231873	0.385276	0.00148453	0.0673683	0.0227191	0.000277683	0.0059748	0.000301626	0.00106174	0.000450375	0.00161657	0.458921	0.000396874	0.00915025
53	0.350447	0.028637	0.00168186	0.0181321	0.0016329	0.0389547	0.00239816	0.095577	0.00272879	0.11488	0.0168348	0.0028888	0.0116447	0.00372175	0.00232136	0.0116758	0.0951147	0.197158	0.000909655	0.0026609
54	0.0455476	0.00146549	0.0017888	0.00220762	0.00131765	0.887452	0.00154705	0.00340957	0.0121209	0.00627415	0.00255261	0.00577558	0.000953645	0.00126874	0.00523653	0.0073405	0.00370996	0.00789932	0.000479937	0.00165238
55	0.0804497	0.00277963	0.00303176	0.00578026	0.00302265	0.0043535	0.00378693	0.00521613	0.00682875	0.00690432	0.00416307	0.00371362	0.837998	0.0032033	0.00431963	0.00527022	0.00586942	0.00826176	0.00128785	0.00375981
56	0.162048	0.0684445	0.00388279	0.00963435	0.0125917	0.0266406	0.00691662	0.180387	0.0066631	0.156026	0.0322405	0.00714629	0.00968876	0.00865486	0.00625334	0.0303076	0.0945103	0.165634	0.00462201	0.00770853
57	0.0445867	0.00138402	0.00246518	0.00253819	0.0011152	0.888184	0.00146324	0.00326563	0.0122827	0.00613074	0.00241813	0.00607719	0.000920391	0.00133412	0.00519254	0.00752593	0.00327657	0.0078021	0.0004381	0.00159932
58	0.048122	0.0300961	0.00788397	0.0396378	0.00137738	0.00208383	0.0335057	0.00941576	0.267553	0.0364397	0.0679385	0.113036	0.00646461	0.0936305	0.125095	0.0157533	0.0643846	0.0353609	0.000499537	0.00172126
59	0.0476135	0.00420928	0.0534631	0.217011	0.00333752	0.115014	0.00836991	0.00485328	0.183469	0.0140997	0.028421	0.0690857	0.0070218	0.0746732	0.104726	0.0305416	0.0128663	0.0115305	0.000750718	0.00894314
60	0.0109077	0.0037603	0.0373455	0.0071378	0.00376713	0.00439338	0.0724106	0.0242663	0.202066	0.0269105	0.00790536	0.223635	0.0529287	0.00703704	0.161301	0.0240002	0.100768	0.0243639	0.00128407	0.00381128
61	0.0822845	0.0166376	0.00141409	0.00278946	0.056167	0.00433812	0.00461282	0.147946	0.00315051	0.0409269	0.024395	0.00228872	0.0277794	0.00274576	0.00383686	0.00461567	0.0228751	0.429349	0.0192442	0.102603
62	0.154971	0.0817237	0.00106458	0.00368541	0.00249184	0.0272372	0.00182174	0.238918	0.00213236	0.12478	0.027618	0.0015015	0.00118202	0.00701767	0.00172126	0.021739	0.0752582	0.219851	0.00379977	0.00148614
63	0.0918552	0.0483307	0.00372223	0.00704298	0.107618	0.0952413	0.00445968	0.0836764	0.00698548	0.183486	0.0918503	0.0051059	0.00343313	0.00576428	0.00641561	0.0289492	0.0101789	0.209037	0.00163183	0.00521583
64	0.0139622	0.00322658	0.000238765	0.000350211	0.023905	0.000999148	0.00231873	0.385276	0.00148453	0.0673683	0.0227191	0.000277683	0.0059748	0.000301626	0.00106174	0.000450375	0.00161657	0.458921	0.000396874	0.00915025
65	0.539989	0.0808597	0.00137654	0.00192047	0.0249395	0.132955	0.00137744	0.00233231	0.00214782	0.00638158	0.00978611	0.00455604	0.00104959	0.00159292	0.00158686	0.125114	0.026931	0.028789	0.000393275	0.00592257
66	0.0988978	0.0134004	0.0727908	0.0312043	0.015145	0.16019	0.0253115	0.0653477	0.0680632	0.0828185	0.0157976	0.0326796	0.0115337	0.0170303	0.0271671	0.103425	0.0972226	0.0377537	0.00739165	0.0168293
67	0.0993812	0.0665433	0.0125449	0.0198652	0.0126473	0.28109	0.0193462	0.0808177	0.0226845	0.0296006	0.0242552	0.118272	0.00946554	0.0156032	0.018575	0.0304024	0.0296105	0.0355368	0.00388118	0.0698768
68	0.0232889	0.00248931	0.00479562	0.00158216	0.0484425	0.00135615	0.0136734	0.210758	0.00360807	0.202253	0.057115	0.00309021	0.00116494	0.00553767	0.0109275	0.0175985	0.0836599	0.246085	0.0174125	0.0451611
69	0.0474162	0.00160343	0.00127982	0.00194534	0.00131847	0.886238	0.00149838	0.00340779	0.0120395	0.00650457	0.00260019	0.00513654	0.000951388	0.00118346	0.00520862	0.00763756	0.00362968	0.00825465	0.000443674	0.00170255
70	0.103612	0.025589	0.00144884	0.00561457	0.0105688	0.0176352	0.0131018	0.184438	0.00259711	0.0300192	0.0479444	0.0238328	0.0124243	0.00935576	0.00586728	0.0582041	0.273932	0.165823	0.000646622	0.00734526
71	0.223062	0.0161374	0.0047689	0.0151119	0.012656	0.0988915	0.00911193	0.0567748	0.0284654	0.05049	0.0228077	0.0122682	0.143877	0.0141862	0.00889117	0.0338261	0.0798872	0.158426	0.00203273	0.00832715
72	0.241536	0.0213543	0.00255168	0.0319148	0.00380852	0.0505096	0.00785952	0.0861941	0.00448857	0.0754008	0.0243506	0.0144037	0.0976354	0.00779694	0.00303007	0.0554458	0.129513	0.135028	0.000742717	0.00643552
73	0.163597	0.0776649	0.00107879	0.00407986	0.00269601	0.0288736	0.00176045	0.231728	0.00208018	0.125035	0.0284331	0.00163826	0.00177129	0.00742671	0.00162176	0.0215301	0.0768794	0.21697	0.00360707	0.00152849
74	0.0237087	0.00407361	0.00438699	0.0232348	0.19378	0.00220293	0.102138	0.0310901	0.0402436	0.137663	0.0529787	0.0057376	0.0193071	0.0139895	0.0143477	0.0028181	0.00299007	0.0254711	0.00059465	0.299244
75	0.189461	0.0140068	0.006952	0.0144245	0.00701745	0.0579728	0.0300476	0.081448	0.00851637	0.0673004	0.028534	0.0468999	0.111875	0.0116086	0.00624248	0.0922929	0.0945507	0.120857	0.00139179	0.00859978
76	0.0229847	0.00641694	0.0052491	0.00797113	0.00894591	0.0080825	0.00846598	0.19092	0.0355558	0.203503	0.0184107	0.00771968	0.0296636	0.0812233	0.0076738	0.034928	0.0753616	0.234462	0.00265351	0.00980867
77	0.397566	0.0190985	0.00192549	0.013533	0.00191587	0.0445006	0.00230603	0.0722933	0.00332893	0.0986667	0.0117167	0.00246437	0.00777976	0.00279019	0.00257479	0.00844824	0.0997042	0.205423	0.000747885	0.00321673
78	0.0537207	0.00183292	0.00644913	0.0415211	0.00174779	0.0124228	0.0102613	0.00327423	0.445893	0.0278009	0.0131027	0.00580864	0.0017718	0.0610726	0.266317	0.0143388	0.0110401	0.0170023	0.000399731	0.00422182
79	0.344262	0.00388923	0.00619644	0.154022	0.00450415	0.0951247	0.0586197	0.00617402	0.028903	0.00903854	0.0254611	0.0066902	0.00296132	0.0399567	0.0265377	0.0278634	0.0466867	0.0276077	0.0441064	0.0413948
80	0.0157108	0.00271556	0.00151611	0.00259823	0.132114	0.0104584	0.0212611	0.018922	0.00490587	0.473745	0.212795	0.00182588	0.00882255	0.00273828	0.0026249	0.00342275	0.00390447	0.00613047	0.0186918	0.0550958
81	0.0918035	0.0289058	0.00618787	0.123446	0.0165316	0.00417737	0.0630367	0.0574788	0.0853851	0.14282	0.0586984	0.0065723	0.00201939	0.0595475	0.118404	0.0411364	0.0179681	0.0444895	0.00411975	0.0272722
82	0.0221621	0.00261114	0.0714134	0.0601143	0.00200281	0.513197	0.00610059	0.00482164	0.0847859	0.0058323	0.0060895	0.127016	0.00275186	0.0196553	0.0124912	0.0368908	0.00939064	0.00842659	0.00087131	0.00337548
83	0.0749409	0.101672	0.0041121	0.00818647	0.0116094	0.00644036	0.0397321	0.0811723	0.0682064	0.0391229	0.0343864	0.144427	0.00378445	0.00539896	0.0403083	0.0408734	0.039629	0.216459	0.00773818	0.0318001
84	0.0295106	0.00114523	0.0550221	0.227383	0.00743837	0.00155451	0.115417	0.00179064	0.198593	0.0269996	0.00300717	0.0611949	0.00220877	0.026158	0.111659	0.0197361	0.0148643	0.035636	0.000544729	0.0601381
85	0.0197248	0.0489154	0.0014873	0.0109369	0.00276078	0.00391155	0.00255423	0.111075	0.00317135	0.0395574	0.00365213	0.00221728	0.0102253	0.00226478	0.00344946	0.00401979	0.0304216	0.694449	0.00169192	0.00351428
86	0.0132671	0.00493253	0.0660018	0.0517942	0.0287727	0.00673187	0.0973952	0.0962786	0.0305096	0.0328551	0.00715755	0.00698401	0.00331077	0.0278672	0.00837262	0.0353524	0.226198	0.186948	0.00227602	0.0669946
87	0.205864	0.0337213	0.00154766	0.00473134	0.0101707	0.0610229	0.00549665	0.0853383	0.00225424	0.0360474	0.0309793	0.00708472	0.028524	0.00511614	0.00168526	0.0870073	0.211133	0.168267	0.00045072	0.0135579
88	0.0139859	0.00323307	0.000240213	0.000351112	0.0239678	0.000999147	0.00232292	0.385201	0.00148287	0.0674243	0.0227422	0.000277585	0.00596673	0.000301952	0.00106843	0.000472433	0.00164161	0.458732	0.000410618	0.00917805
89	0.0446328	0.00327272	0.00238133	0.00204258	0.0233525	0.00170222	0.0171459	0.209818	0.00599485	0.261903	0.0907125	0.00805253	0.00162394	0.0106811	0.00471926	0.00951895	0.0794307	0.196176	0.00385432	0.0229855
90	0.0867059	0.0419183	0.0231709	0.0726557	0.0110836	0.0847117	0.0615477	0.0180373	0.0246182	0.0475407	0.0283282	0.0821937	0.00691643	0.123322	0.0279733	0.101703	0.0765847	0.0598245	0.00566889	0.0154953
91	0.547277	0.0785996	0.000994865	0.00180632	0.0257202	0.13756	0.00134134	0.00200609	0.00207756	0.00592595	0.00947429	0.00438665	0.00113224	0.00151931	0.00155114	0.118304	0.0260611	0.0280052	0.000389229	0.0058679
92	0.0567772	0.00343783	0.019637	0.0890367	0.0114497	0.0248896	0.00887543	0.00594708	0.225408	0.00855551	0.00640844	0.0140574	0.0159548	0.0334337	0.410055	0.028198	0.0223193	0.0108897	0.000880444	0.00378904
93	0.0192438	0.0148297	0.0510423	0.015617	0.0144926	0.00383378	0.0150186	0.00507216	0.004106	0.0165773	0.00357388	0.236558	0.0264658	0.00303737	0.0157841	0.217066	0.327423	0.00642587	0.00106145	0.00277102
94	0.100089	0.00410129	0.0035159	0.101116	0.00167187	0.029089	0.00953684	0.00881519	0.340822	0.0048021	0.00144179	0.016696	0.00196598	0.0239628	0.277937	0.0416788	0.0143067	0.0170261	0.000365557	0.00106002
95	0.0196288	0.00103087	0.31238	0.319124	0.00117886	0.0392087	0.00179692	0.00353923	0.0957455	0.00480779	0.00222016	0.0341978	0.0186303	0.0543824	0.0279071	0.0549185	0.00292164	0.00235062	0.000484125	0.00354636
96	0.0105199	0.00164898	0.0121449	0.0295401	0.11586	0.00193833	0.0535816	0.0623766	0.0259978	0.357463	0.0662242	0.0125723	0.0134519	0.0174004	0.0282593	0.00252946	0.00287437	0.0215922	0.000603335	0.163422
97	0.0137678	0.00325577	0.000262957	0.000401556	0.0268006	0.00103629	0.0029917	0.37327	0.00147822	0.0877196	0.0241628	0.000366332	0.00578719	0.000546607	0.00106917	0.000517431	0.00197455	0.444634	0.000497892	0.00945909
98	0.0205231	0.00770217	0.00106985	0.00172249	0.154201	0.00258319	0.00317305	0.149312	0.00180262	0.450399	0.129871	0.00138698	0.00182925	0.00154385	0.00159195	0.00201557	0.00353398	0.0387244	0.0025132	0.0245022
99	0.0155769	0.00272054	0.00151434	0.00263015	0.133064	0.0105495	0.0212221	0.0193491	0.00459631	0.472444	0.212871	0.00185232	0.00889839	0.0026498	0.00262212	0.00332362	0.00388962	0.00607079	0.0188193	0.0553367
100	0.0464382	0.00248126	0.033758	0.131765	0.0260382	0.0046175	0.0920879	0.0386047	0.100582	0.0549029	0.0381197	0.014737	0.00117306	0.0580187	0.191882	0.0185855	0.0589098	0.044533	0.000742802	0.0420224
101	0.0214695	0.000902604	0.53664	0.171523	0.000840233	0.0221454	0.00712674	0.00103995	0.0713992	0.00180635	0.0019505	0.0554188	0.0123283	0.0260518	0.0128084	0.0377576	0.0128875	0.00385961	0.000342971	0.00170198
102	0.0411507	0.00484815	0.069292	0.289024	0.00651034	0.0192806	0.00962477	0.00710514	0.186976	0.0279778	0.0334746	0.0031023	0.00111167	0.100331	0.13343	0.0266397	0.0101223	0.00936028	0.000366266	0.0202721
103	0.0213169	0.00797082	0.00102473	0.00172841	0.154079	0.00263905	0.00311621	0.146526	0.00179556	0.450339	0.135143	0.00134477	0.00182853	0.00149636	0.00153874	0.00193692	0.00348267	0.0361099	0.00248124	0.0241032
104	0.0958707	0.00416865	0.00250362	0.0968949	0.00175022	0.0282736	0.00992513	0.00825258	0.333135	0.00491978	0.00110977	0.0146044	0.00177443	0.025157	0.299643	0.0414132	0.0141079	0.0153258	0.000323909	0.00084618
105	0.165469	0.159894	0.0218239	0.00553178	0.0274962	0.0328056	0.00420629	0.0300452	0.0072811	0.0278673	0.00826847	0.00526558	0.00416736	0.00482191	0.00520677	0.315274	0.0880263	0.0790987	0.0014476	0.00600273
106	0.0354228	0.000749256	0.581979	0.0840055	0.000589131	0.0369705	0.0118164	0.000871493	0.0611097	0.00172709	0.00278373	0.0681898	0.00712814	0.0179652	0.0149713	0.0364701	0.0281188	0.00599682	0.000180373	0.00295484
107	0.0448129	0.00557298	0.0371981	0.221308	0.00321597	0.0216101	0.0373514	0.00253334	0.221401	0.0111329	0.014432	0.147375	0.0171132	0.036797	0.11002	0.0137452	0.0122155	0.0263567	0.000575943	0.015232
108	0.0277724	0.0032287	0.00310411	0.00137445	0.0506993	0.00112817	0.01392	0.202254	0.00331236	0.22053	0.0625549	0.00294899	0.00221836	0.00738533	0.00678672	0.0109303	0.062488	0.26854	0.00988413	0.0389401
109	0.00527947	0.0116125	0.00187105	0.00305126	0.0804055	0.00234078	0.0803519	0.315179	0.00348813	0.249231	0.00468528	0.00265392	0.00163925	0.00251869	0.0295209	0.00408973	0.015479	0.0922735	0.002043	0.0922868
110	0.0139622	0.00322658	0.000238765	0.000350211	0.023905	0.000999148	0.00231873	0.385276	0.00148453	0.0673683	0.0227191	0.000277683	0.0059748	0.000301626	0.00106174	0.000450375	0.00161657	0.458921	0.000396874	0.00915025
111	0.219802	0.142383	0.00262615	0.0173112	0.015214	0.00610944	0.00331024	0.00535177	0.0041846	0.0181078	0.0512113	0.00315398	0.00205228	0.00310743	0.00370534	0.033332	0.357952	0.105452	0.00105092	0.00458261
112	0.216803	0.0186579	0.00371928	0.0127461	0.00735056	0.0656668	0.00778791	0.0675512	0.0057522	0.0584477	0.0245772	0.013954	0.074663	0.00922377	0.00378923	0.0862143	0.179493	0.132424	0.00112516	0.0100538
113	0.0151993	0.00353721	0.232227	0.162248	0.0031885	0.0800681	0.00594086	0.00529575	0.0170292	0.0947183	0.0213145	0.163725	0.0183061	0.0267474	0.0077048	0.0595215	0.0434173	0.0254217	0.00121966	0.01317
114	0.0265153	0.00107659	0.533326	0.14489	0.00109041	0.0295176	0.00965612	0.00197845	0.062535	0.00575908	0.00410735	0.0672226	0.00997563	0.0230517	0.0136321	0.035875	0.0194	0.00629183	0.00138094	0.00271825
115	0.0469095	0.0176311	0.0211595	0.025084	0.00853982	0.421267	0.0130519	0.0660612	0.0240078	0.0292098	0.0615368	0.130159	0.00919633	0.0158454	0.0147731	0.0251328	0.0211112	0.0256584	0.00373911	0.0199266
116	0.0283732	0.0075769	0.00220516	0.00328649	0.00707236	0.0586927	0.00248559	0.00341901	0.00355351	0.00457371	0.0126935	0.00254418	0.00184781	0.0026383	0.00291603	0.50063	0.329087	0.0233951	0.000827921	0.00218171
117	0.105742	0.0525457	0.00262566	0.0636325	0.0835216	0.00405668	0.0346218	0.0274354	0.0951298	0.173328	0.0281979	0.0189323	0.0186393	0.0523358	0.0188415	0.00860509	0.00635136	0.0617881	0.00267578	0.140994
118	0.0199101	0.00413678	0.102217	0.155056	0.00492087	0.250451	0.00899658	0.00644836	0.0266853	0.0600851	0.0162219	0.13113	0.00695004	0.0258718	0.0122826	0.0686215	0.0316534	0.0534204	0.00275122	0.01219
119	0.0458133	0.0027102	0.0317195	0.10659	0.0278034	0.00448183	0.0969095	0.0472072	0.0897001	0.0618525	0.0445547	0.0126941	0.000779922	0.0572032	0.201314	0.0206323	0.0558444	0.0439787	0.000859255	0.0473526
120	0.0390065	0.00226025	0.0025688	0.0285413	0.00256795	0.00375224	0.0452452	0.00372182	0.675152	0.00654744	0.00422956	0.0166014	0.0133166	0.0536042	0.0219281	0.0165428	0.0305459	0.0176651	0.000983186	0.0152197
121	0.130193	0.00380382	0.00307536	0.011069	0.00268724	0.730355	0.00476867	0.00501243	0.0243484	0.00901332	0.00468941	0.00607629	0.0023798	0.00465406	0.0178222	0.0109806	0.00982942	0.0118697	0.00264991	0.00472308
122	0.035087	0.00461254	0.00432889	0.00773812	0.117391	0.00599077	0.0286163	0.00922268	0.00756167	0.272685	0.0326082	0.0944347	0.00347488	0.00637401	0.0505225	0.0310664	0.0522089	0.160707	0.0252556	0.0501148
123	0.228872	0.0199628	0.00156121	0.00814581	0.00708882	0.0687328	0.00556915	0.0720183	0.00260792	0.0455379	0.0261334	0.00884693	0.0508019	0.00577806	0.0016037	0.0728269	0.192263	0.167311	0.000577264	0.0137614
124	0.0383057	0.0275236	0.0182019	0.0480876	0.0234141	0.0159864	0.0371053	0.0651164	0.0374752	0.0467348	0.015239	0.065732	0.00401716	0.0177409	0.049107	0.169333	0.223968	0.0765501	0.00757615	0.0127858
125	0.130121	0.0226612	0.00202396	0.00829324	0.0286384	0.0658243	0.0131349	0.0741398	0.0887616	0.0793726	0.0281655	0.00291	0.176892	0.0338892	0.0137498	0.00474979	0.0154521	0.207736	0.000955418	0.00252904
126	0.0163583	0.00462991	0.00126612	0.00109723	0.0586389	0.00103725	0.00698938	0.293122	0.00181577	0.213428	0.0541392	0.0016858	0.00296677	0.00283173	0.00304715	0.00351827	0.0187984	0.29413	0.00306673	0.0174332
127	0.0374946	0.00393917	0.0661285	0.280488	0.00511068	0.0238444	0.0077046	0.00684184	0.199457	0.0258969	0.0263121	0.00373941	0.00125687	0.106496	0.1307	0.0311301	0.0134283	0.0121219	0.000334201	0.0175755
128	0.0316106	0.00162667	0.11789	0.346693	0.00289374	0.0481082	0.00246195	0.00732487	0.155906	0.0149746	0.00981996	0.0128788	0.00984762	0.0841314	0.0762959	0.052561	0.00645558	0.00586778	0.000382303	0.0122699
129	0.00827959	0.00133708	0.0126653	0.024996	0.0503706	0.00188198	0.00923879	0.0583784	0.0210593	0.549776	0.0702407	0.0125676	0.00461192	0.0161115	0.0314858	0.00503144	0.00431256	0.0534175	0.000577492	0.0636605
130	0.0553312	0.00684902	0.0015926	0.00414481	0.0659636	0.00346414	0.00288984	0.133582	0.0038503	0.0512867	0.0124321	0.00267191	0.0814238	0.00272877	0.00362984	0.00405271	0.0208894	0.402355	0.0209092	0.119953
131	0.035881	0.000752054	0.582512	0.0826212	0.000593999	0.0373777	0.0117586	0.000880718	0.0608229	0.00171883	0.00283888	0.0686988	0.00702305	0.0182594	0.0148552	0.0362348	0.0278928	0.00606674	0.000193141	0.00301855
132	0.0676003	0.0572793	0.0040989	0.116353	0.0308206	0.00267318	0.0517087	0.0494239	0.0555391	0.175512	0.0404357	0.00525893	0.00349823	0.0407262	0.126319	0.0271096	0.00952352	0.0857171	0.0111851	0.0392173
133	0.133116	0.0893933	0.00134986	0.00344686	0.00372741	0.0254576	0.0039634	0.222176	0.00256249	0.0673315	0.0211486	0.0019015	0.00195341	0.0050115	0.00331221	0.0239278	0.0632277	0.3141	0.00866053	0.0042323
134	0.0147015	0.00340161	0.00256605	0.00118533	0.0667909	0.00113882	0.0144457	0.275137	0.00172147	0.176083	0.0403799	0.00155711	0.00259284	0.00350643	0.00744682	0.00820208	0.0367935	0.294202	0.0132612	0.0348871
135	0.163217	0.0761517	0.00126605	0.00304565	0.00503332	0.0342988	0.00376836	0.198354	0.00172724	0.0688491	0.0298744	0.00433171	0.00616887	0.00544254	0.00180388	0.0540775	0.14337	0.191835	0.00267629	0.00470827
136	0.050428	0.0174024	0.00124527	0.00290742	0.0199675	0.0111536	0.00998005	0.287631	0.00264079	0.0485545	0.0263566	0.00177901	0.00528599	0.00154393	0.00426721	0.00457691	0.00880234	0.478316	0.00389685	0.0132647
137	0.0441575	0.00164111	0.00390691	0.00229067	0.00112617	0.885346	0.00153178	0.00337369	0.01247	0.00631172	0.00245246	0.00681707	0.000918583	0.00133065	0.00514704	0.00770858	0.00353154	0.00764065	0.000471453	0.00182607
138	0.140879	0.0731936	0.01037	0.0187278	0.0136035	0.0177775	0.0134475	0.0188695	0.0590027	0.0235679	0.0124836	0.011661	0.143911	0.0223547	0.015395	0.253624	0.106963	0.0269939	0.0030971	0.0140769
139	0.198983	0.0144439	0.00177867	0.0133871	0.00411884	0.0468016	0.0102489	0.0939346	0.00342429	0.0669872	0.0371815	0.0234471	0.101085	0.0112877	0.00222936	0.0700064	0.135199	0.158617	0.00069625	0.00614222
140	0.0775686	0.0242579	0.00255786	0.0212733	0.0295386	0.0593792	0.00767598	0.0950866	0.0546172	0.0531025	0.0266696	0.00370898	0.259578	0.0177189	0.00892378	0.00604446	0.0107242	0.235059	0.00181855	0.00469741
141	0.0269433	0.00474133	0.120235	0.105649	0.0051003	0.08472	0.0133502	0.0111321	0.00853848	0.162713	0.0756328	0.127367	0.00826388	0.0530558	0.00973588	0.0976749	0.0416587	0.0273624	0.0019477	0.014178
142	0.0984837	0.00954914	0.0201819	0.0308466	0.0116812	0.0278181	0.0301026	0.0250505	0.0174235	0.160489	0.145683	0.0395268	0.00373075	0.148048	0.0290404	0.121415	0.0391258	0.0264086	0.00244469	0.0129502
143	0.0363476	0.00116686	0.00419935	0.0171213	0.00124404	0.00540824	0.0123782	0.00405471	0.517752	0.0407035	0.0222367	0.00228325	0.00122242	0.0723394	0.226968	0.00319387	0.00640354	0.0169737	0.000618369	0.00738428
144	0.151583	0.00393157	0.00390946	0.0581953	0.262677	0.00507613	0.00504249	0.0399261	0.0442579	0.0681337	0.0402274	0.0599186	0.00280855	0.00558503	0.00544056	0.00709544	0.0442389	0.149142	0.00190666	0.0409047
145	0.160564	0.0877718	0.00124163	0.00294646	0.00367514	0.0333229	0.00228089	0.211866	0.00175899	0.0828401	0.0272052	0.00229998	0.00377655	0.0055301	0.00153716	0.045658	0.111533	0.207357	0.00363462	0.00320053
146	0.0563798	0.00216982	0.00277279	0.0026903	0.0223803	0.00226518	0.0106609	0.142876	0.0124162	0.243847	0.0886855	0.00548306	0.00170028	0.00712687	0.00545159	0.0157929	0.130016	0.218648	0.00436597	0.0242705
147	0.350788	0.0817038	0.00265714	0.00612644	0.0180647	0.0738385	0.00298641	0.0303237	0.00281314	0.0190172	0.0315894	0.00587613	0.00701242	0.0023848	0.00234126	0.10233	0.153495	0.0904606	0.000703827	0.0154882
148	0.0950085	0.00399545	0.00264536	0.0952488	0.00177093	0.0278095	0.0101203	0.00784197	0.335079	0.00502588	0.00110426	0.0142574	0.0017787	0.0257725	0.301044	0.0408751	0.0141989	0.0152661	0.000314777	0.000842454
149	0.023157	0.00137622	0.0796336	0.276457	0.00128561	0.0463596	0.00681546	0.00405563	0.182741	0.0102808	0.00252696	0.0185712	0.207713	0.0406717	0.0518985	0.0363724	0.00303129	0.00292919	0.000477983	0.00364629
150	0.0241898	0.00426484	0.00444151	0.0256296	0.194717	0.00213363	0.102567	0.0288376	0.0453566	0.140108	0.0495794	0.00591416	0.0189524	0.0152305	0.0152414	0.00295503	0.00294641	0.0225758	0.000602521	0.293757
151	0.0126742	0.00115589	0.0937103	0.0666334	0.0012157	0.523288	0.00247799	0.00243527	0.0588444	0.00295052	0.00390033	0.151822	0.00107512	0.0217902	0.00520605	0.0330137	0.00937012	0.00630117	0.000473397	0.0016625
152	0.0136651	0.0033767	0.00027935	0.000572679	0.0226459	0.000999307	0.00232847	0.390134	0.00215009	0.0687357	0.0229249	0.000404504	0.00580999	0.000806104	0.00117025	0.000694723	0.00273291	0.451415	0.000422476	0.00873255
153	0.013059	0.00195551	0.0226635	0.107935	0.00198716	0.0105851	0.026078	0.00291482	0.289347	0.020358	0.0026957	0.00500135	0.40058	0.0055739	0.0716971	0.00607185	0.00419035	0.00440503	0.000806857	0.00209419
154	0.0954874	0.0366653	0.00329452	0.00977301	0.00930935	0.0203905	0.0326533	0.141746	0.00850669	0.0351759	0.0651899	0.0244899	0.0413729	0.00861537	0.0114341	0.0795296	0.216857	0.147297	0.00257887	0.00963343
155	0.021703	0.00245476	0.00516456	0.00145504	0.0481544	0.00131382	0.0143094	0.215928	0.00336574	0.199362	0.0580206	0.00268427	0.00104948	0.00543674	0.0114421	0.0163357	0.0844866	0.245933	0.0162495	0.0451517
156	0.402341	0.028285	0.00221786	0.0118222	0.00395033	0.0403926	0.00354593	0.0676948	0.00417327	0.0766505	0.0121036	0.00374509	0.00796665	0.0032511	0.00347344	0.0149479	0.0946655	0.212687	0.00135422	0.00473281
157	0.0962718	0.010023	0.0616827	0.0263557	0.0128787	0.0305606	0.0606777	0.019555	0.0176785	0.156528	0.084676	0.039846	0.00742154	0.0866197	0.0251513	0.144493	0.0723226	0.029987	0.00347219	0.0137986
158	0.0240548	0.00226883	0.00322724	0.00588706	0.0465764	0.0029136	0.00366856	0.0106606	0.0358396	0.596029	0.125813	0.00379747	0.00204508	0.0125926	0.0108431	0.0119075	0.00856253	0.0585418	0.00197751	0.0327938
159	0.0343272	0.0169439	0.0155196	0.0253696	0.0127393	0.0127104	0.055518	0.101337	0.0389706	0.0375283	0.0598938	0.112464	0.0113109	0.0169583	0.0689411	0.0955072	0.207261	0.0583295	0.00512342	0.0132472
160	0.18381	0.0423388	0.00508085	0.0085604	0.00669205	0.0113182	0.00714429	0.0101665	0.0173509	0.0138122	0.00802225	0.00682473	0.120642	0.0324897	0.00735209	0.24637	0.24701	0.0175677	0.00214493	0.00530215
161	0.0056808	0.00980542	0.00218594	0.00294882	0.0759967	0.00235094	0.0687171	0.30851	0.00329234	0.259029	0.00918481	0.00273982	0.00144349	0.00277372	0.0276055	0.00492792	0.0182914	0.106609	0.00325618	0.0846511
162	0.051064	0.00603265	0.00337956	0.0105706	0.0488928	0.010779	0.00674188	0.162951	0.00625835	0.234551	0.27961	0.0208699	0.00418844	0.00617983	0.0174427	0.0304384	0.029718	0.0520624	0.00273907	0.0155303
163	0.0139622	0.00322658	0.000238765	0.000350211	0.023905	0.000999148	0.00231873	0.385276	0.00148453	0.0673683	0.0227191	0.000277683	0.0059748	0.000301626	0.00106174	0.000450375	0.00161657	0.458921	0.000396874	0.00915025
164	0.0415847	0.267594	0.301826	0.0288116	0.0127377	0.0195166	0.0168838	0.0215568	0.0250586	0.0325575	0.0187687	0.041679	0.0100906	0.017553	0.0252701	0.0357355	0.0305532	0.0305937	0.00602941	0.0156003
165	0.376623	0.0359342	0.00294846	0.00754752	0.0119718	0.300366	0.00413093	0.0167182	0.00707567	0.0204909	0.0096139	0.00615794	0.00971806	0.00425439	0.00566408	0.0589308	0.061679	0.0517041	0.00177553	0.00669599
166	0.0478756	0.0145936	0.00563738	0.0234214	0.00947254	0.0121876	0.0156814	0.153637	0.0172024	0.0419791	0.0406929	0.0543189	0.0099124	0.0146459	0.0212429	0.0915774	0.294725	0.117255	0.00444008	0.00950039
167	0.04461	0.00148206	0.00257288	0.00232044	0.001159	0.886095	0.00145955	0.00332069	0.0123291	0.00642148	0.00271664	0.00644711	0.00100013	0.00135651	0.00531648	0.00770365	0.00364074	0.00785043	0.000442171	0.00175611
168	0.0411634	0.00680658	0.00473079	0.00970859	0.067303	0.0118934	0.0123357	0.0814111	0.0131635	0.344542	0.247003	0.0135496	0.00562056	0.0106997	0.0137042	0.0219723	0.0181669	0.0381621	0.00681201	0.0312516
169	0.0252087	0.718773	0.0154444	0.0127306	0.00844701	0.0114975	0.0105721	0.0130372	0.0119884	0.0182261	0.0108723	0.0119767	0.0056211	0.0104656	0.0389224	0.0180221	0.0208935	0.0235572	0.00294553	0.0107984
170	0.0475786	0.0053381	0.0110573	0.0108952	0.00678206	0.729	0.00586673	0.0115152	0.0151882	0.0549551	0.0135204	0.0160932	0.00354191	0.00640183	0.00657615	0.0161889	0.0135246	0.0187919	0.00157404	0.00561005
171	0.547359	0.0805955	0.0010837	0.00189159	0.024978	0.136537	0.00135925	0.00199143	0.00210362	0.00598954	0.00939611	0.00431622	0.00112536	0.00149725	0.00157686	0.118125	0.0258101	0.0280653	0.000394937	0.00580386
172	0.0274202	0.723371	0.0174151	0.0124897	0.00919556	0.0116399	0.00972907	0.013729	0.0119806	0.0185757	0.0102557	0.0102709	0.00591878	0.00971412	0.040197	0.0161063	0.0188488	0.0202857	0.00333528	0.00952169
173	0.0351006	0.00795148	0.0131569	0.0349204	0.0110067	0.0161601	0.0198239	0.028034	0.120423	0.0240186	0.0148579	0.0118625	0.0214918	0.0310621	0.535917	0.0214762	0.0224683	0.0177012	0.00353373	0.00903441
174	0.0189815	0.048248	0.00148627	0.0108701	0.00293057	0.00367817	0.00245756	0.112624	0.00313741	0.0412737	0.00378234	0.0022519	0.0100326	0.00231765	0.00340637	0.00397955	0.0308191	0.692652	0.00153524	0.00353594
175	0.00914969	0.00485332	0.00402336	0.0758675	0.00482757	0.0154963	0.00689824	0.0357786	0.0596663	0.0716705	0.0140858	0.0429943	0.00165479	0.046194	0.0511777	0.157845	0.325751	0.0673265	0.0015927	0.00314662
176	0.017815	0.00479345	0.000435968	0.000897541	0.0276814	0.00113607	0.00336062	0.34569	0.0016013	0.0682745	0.0209268	0.000639408	0.00978661	0.000689741	0.0018268	0.00121668	0.00615368	0.45925	0.00271682	0.0251068
177	0.0281662	0.000786577	0.421746	0.0657614	0.000704774	0.235751	0.0107287	0.0011869	0.0638546	0.00219512	0.00205756	0.0761662	0.00506119	0.013161	0.0122855	0.0324702	0.0205415	0.0050637	0.000280909	0.00203051
178	0.0106794	0.0011189	0.120285	0.0356907	0.00124172	0.59952	0.0036272	0.00275916	0.0418665	0.00326247	0.00234535	0.10852	0.000946446	0.0106464	0.00365487	0.0300938	0.0165921	0.00511529	0.000441257	0.00159398
179	0.0202549	0.00246894	0.00432356	0.432382	0.00281761	0.0168155	0.0145978	0.00354728	0.221484	0.0063413	0.00433965	0.0155528	0.00184971	0.176751	0.0216815	0.0177554	0.0164791	0.0165692	0.000679224	0.00330926
180	0.0323568	0.00771348	0.00186514	0.0123618	0.00569163	0.00253001	0.0085074	0.251694	0.0036158	0.039219	0.0700352	0.039287	0.00297566	0.00518381	0.0134685	0.0388902	0.324353	0.126987	0.000868549	0.0123957
181	0.0353502	0.00103092	0.00417528	0.0175657	0.00114763	0.00543491	0.0111536	0.00198753	0.530458	0.042871	0.0208869	0.00247865	0.00115533	0.0731	0.216996	0.00309158	0.0062617	0.0176662	0.000496959	0.00669175
182	0.0216427	0.00476216	0.00442767	0.0218688	0.182617	0.00291807	0.0987445	0.0430128	0.0371012	0.17661	0.0534769	0.00613413	0.0168054	0.0134489	0.0154511	0.00333117	0.00403034	0.0261074	0.00166334	0.265847
183	0.296366	0.0136532	0.00218564	0.00708588	0.00591587	0.0933736	0.00497953	0.0415316	0.00440136	0.0339031	0.0161992	0.0055637	0.0355985	0.00438383	0.00297475	0.0399116	0.206431	0.174111	0.00120326	0.010228
184	0.0229521	0.712292	0.0172474	0.0139452	0.00883966	0.0122837	0.0115395	0.0135014	0.0131022	0.0195074	0.0103769	0.0100903	0.00564082	0.0103512	0.0512562	0.015957	0.0175569	0.0200629	0.00292829	0.0105686
185	0.0260536	0.0205804	0.00115367	0.00240694	0.0324588	0.00403434	0.00776355	0.310186	0.00323516	0.0735214	0.0303632	0.00238562	0.00589572	0.00153704	0.0108426	0.00501353	0.0121634	0.430139	0.00384552	0.0164206
186	0.0559741	0.00652475	0.2932	0.268779	0.0071664	0.0184127	0.100986	0.0124256	0.0443614	0.0162409	0.0176622	0.0276199	0.00645626	0.0151085	0.0219281	0.0195375	0.024128	0.0174492	0.0132042	0.0128343
187	0.0439087	0.00155178	0.00370044	0.00358649	0.00121178	0.882568	0.00148355	0.00347747	0.0124904	0.00631951	0.00248345	0.0079767	0.000908827	0.00194555	0.00533119	0.00773803	0.00337535	0.00788022	0.000451012	0.00161161
188	0.0812764	0.00274205	0.00264707	0.00433444	0.00257343	0.00340982	0.00366795	0.00465242	0.0050583	0.00588566	0.00402339	0.00365163	0.848182	0.00309862	0.00376762	0.0052515	0.00545754	0.00599318	0.00115155	0.00317565
189	0.0500328	0.0059034	0.253426	0.332563	0.00620855	0.0383082	0.0213101	0.0397261	0.0100007	0.0140706	0.0627938	0.00751664	0.0042978	0.00775828	0.00864745	0.0101927	0.0394944	0.0135159	0.0676515	0.00658172
190	0.0282111	0.00785339	0.00350743	0.0108288	0.182309	0.0076036	0.0176449	0.0896841	0.0133063	0.379491	0.100374	0.0083292	0.00572685	0.00758726	0.0097336	0.00735067	0.0121695	0.0487144	0.00531664	0.0542578
191	0.0354201	0.00139198	0.5254	0.109832	0.000701843	0.0335611	0.0105705	0.000993314	0.0746264	0.00203053	0.00329949	0.0817047	0.0116369	0.0212287	0.0221614	0.0333774	0.0229761	0.00626732	0.00023339	0.00258705
