287	20
1	0.173001	0.0217467	0.00155147	0.000950728	0.0383628	0.0263394	0.00373769	0.132632	0.000710583	0.0924261	0.0747015	0.00872691	0.00155981	0.00232208	0.000686107	0.0181377	0.0823174	0.306692	0.00335115	0.0100461
2	0.458946	0.0174811	0.000683866	0.00455853	0.00145253	0.0972903	0.00256078	0.001653	0.000812229	0.00187459	0.00340229	0.0191024	0.00186576	0.0111269	0.000675388	0.288889	0.0644524	0.0187764	0.00201398	0.0023832
3	0.0433656	0.000492398	0.450007	0.219815	0.00183176	0.0255666	0.0115571	0.00393432	0.0322871	0.00534037	0.000776055	0.0416561	0.0259926	0.0474872	0.0166665	0.0277944	0.0267168	0.0157185	0.000347046	0.0026467
4	0.0877082	0.00946561	0.00548184	0.0135153	0.0675741	0.0108124	0.0450287	0.101752	0.0309443	0.136337	0.0255376	0.0308123	0.00613607	0.0452473	0.0431764	0.0513761	0.0748294	0.123222	0.0180031	0.0730411
5	0.0294368	0.00227021	0.00028291	0.000352394	0.0617736	0.00313394	0.000322463	0.20766	0.000307006	0.466863	0.0776992	0.00242595	0.000262195	0.000461637	0.000426652	0.00683299	0.01437	0.112558	0.00669022	0.0058709
6	0.0311534	0.0121125	0.000669795	0.00069423	0.0615231	0.00251514	0.00329879	0.31561	0.000474638	0.134935	0.0492875	0.00679005	0.000538423	0.00123392	0.000445344	0.00628997	0.0333704	0.316513	0.0127341	0.00981034
7	0.0970221	0.0130153	0.00658871	0.0152676	0.074565	0.0167965	0.0419335	0.107631	0.0326074	0.125866	0.0356376	0.0377209	0.00668218	0.0450745	0.042482	0.0656324	0.0727046	0.0844175	0.0318477	0.046508
8	0.0347995	0.00137746	0.13799	0.0324262	0.0041033	0.324805	0.0314513	0.00209931	0.0232839	0.00869818	0.00172593	0.228142	0.00256775	0.036264	0.036469	0.0472537	0.0322691	0.00932628	0.00265321	0.00229436
9	0.0365208	0.00903146	0.000433369	0.000600919	0.000615394	0.000880455	0.000583085	0.133292	0.000407287	0.0283222	0.000710245	0.00340364	0.00465013	0.000678565	0.000499523	0.00454835	0.00127127	0.772586	0.000342181	0.000623476
10	0.02221	0.000965595	0.137402	0.211286	0.00226454	0.0142773	0.0564265	0.00206895	0.139625	0.00832959	0.00223382	0.0305422	0.00643108	0.0427923	0.145576	0.0409818	0.125648	0.00331431	0.000685194	0.00693998
11	0.0618099	0.00645145	0.0205754	0.0279297	0.0123051	0.00327213	0.104165	0.00286757	0.0893157	0.0199024	0.00210019	0.112773	0.00137416	0.128477	0.269181	0.0126204	0.051697	0.0200022	0.00107681	0.0521038
12	0.0128482	0.00318034	0.000359481	0.00462875	0.00568751	0.00290766	0.000713906	0.511224	0.000353494	0.0744852	0.0116573	0.00262993	0.000244646	0.00470381	0.0024763	0.000873959	0.00898214	0.341415	0.000286794	0.0103417
13	0.0121444	0.00506975	0.0060851	0.00144341	0.506391	0.00271912	0.0167235	0.00410598	0.0011179	0.0354009	0.0116759	0.00291201	0.000948939	0.0019916	0.00115852	0.00794294	0.0116166	0.0138303	0.0535099	0.303213
14	0.0917178	0.00443044	0.000377603	0.000674462	0.000977519	0.836777	0.00261542	0.00180246	0.000448105	0.00447232	0.00159482	0.00184406	0.000381631	0.00223398	0.00357119	0.0379871	0.00359878	0.00342356	0.000442377	0.000629304
15	0.0109537	0.00900849	0.000311579	0.00111888	0.0386542	0.00340759	0.00393783	0.346413	0.000798793	0.214153	0.0328296	0.00546771	0.000284567	0.00129738	0.000832426	0.0034868	0.0152045	0.289937	0.00524743	0.0166546
16	0.173128	0.00585961	0.00408975	0.00730813	0.00719355	0.0109108	0.00641857	0.0106066	0.00499534	0.0120432	0.0068177	0.0382565	0.230512	0.0103991	0.00522554	0.100413	0.187537	0.167696	0.00346325	0.00712591
17	0.0760536	0.00357513	0.000471846	0.000770679	0.000795177	0.855229	0.00196628	0.0016719	0.000545432	0.0040433	0.00168922	0.00193412	0.000733139	0.00279024	0.00349227	0.0343171	0.00513838	0.00383431	0.000342702	0.000606273
18	0.065363	0.00107099	0.384035	0.155837	0.00513278	0.0497354	0.0256895	0.00423349	0.0248217	0.00519798	0.00391896	0.0636082	0.0335894	0.0477144	0.0147778	0.0544574	0.0417833	0.0106785	0.000936351	0.00741868
19	0.30153	0.0260436	0.000765888	0.00869365	0.00153252	0.110448	0.00310743	0.00225495	0.000750493	0.00246522	0.00823525	0.0110368	0.00137017	0.0218379	0.000875476	0.315952	0.141946	0.0392922	0.000634171	0.00122854
20	0.0218756	0.0067952	0.00077518	0.00104785	0.0624797	0.00287901	0.00383664	0.329259	0.000794209	0.198747	0.0620886	0.0125394	0.000521366	0.00125631	0.000993647	0.0117586	0.0349864	0.227686	0.010012	0.00966766
21	0.0802793	0.00260612	0.199229	0.0277694	0.0228389	0.0518781	0.033861	0.00513323	0.0148156	0.0358845	0.00397216	0.34713	0.00395387	0.0241801	0.0273469	0.060488	0.036615	0.0133804	0.00410606	0.00453246
22	0.235401	0.00200719	0.00584278	0.0473816	0.0203857	0.160254	0.0386525	0.00352752	0.00168507	0.0104425	0.00895913	0.0602061	0.154445	0.0294275	0.00190765	0.153974	0.0426134	0.00757743	0.0033894	0.0119196
23	0.0277874	0.00461431	0.000448242	0.00157403	0.101317	0.00326314	0.00226951	0.234463	0.00133598	0.298431	0.0751912	0.00529404	0.000354288	0.00124306	0.00191123	0.00936811	0.0242189	0.179048	0.011968	0.0158996
24	0.131866	0.00924882	0.00442219	0.00124338	0.0537843	0.0171667	0.00079166	0.137444	0.000570121	0.14803	0.133385	0.0160604	0.000741393	0.00215955	0.00074284	0.0347631	0.0809506	0.218543	0.00578396	0.00230217
25	0.0451121	0.00152073	0.361891	0.185694	0.0125344	0.0342067	0.0308319	0.0037244	0.0329207	0.0137315	0.00218639	0.0983583	0.0116095	0.0311561	0.0222869	0.0467163	0.0227935	0.0179187	0.00174209	0.0230655
26	0.484262	0.0100423	0.00372887	0.028589	0.00653107	0.0754435	0.00971544	0.00385389	0.0011532	0.00598412	0.00646135	0.0276829	0.0496589	0.0205657	0.00108261	0.18189	0.0538873	0.0218626	0.00312861	0.0044767
27	0.0278262	0.00223004	0.000252271	0.000306584	0.0603567	0.0030105	0.00030077	0.203712	0.00031182	0.481677	0.0728911	0.00233599	0.000258402	0.000462207	0.000394083	0.0063918	0.0139697	0.110361	0.00662565	0.00632631
28	0.0120154	0.00514667	0.00603985	0.00144754	0.509482	0.00264047	0.0159576	0.00419322	0.0011252	0.0352313	0.0118815	0.00263255	0.000954902	0.00183825	0.00116929	0.00809755	0.0117932	0.0143112	0.0532408	0.300802
29	0.0129129	0.00281477	0.000362265	0.00483613	0.00515118	0.002913	0.000639936	0.513906	0.000350268	0.070732	0.0112601	0.00273573	0.000238791	0.00484658	0.00257805	0.000865823	0.00924905	0.343502	0.000288529	0.00981666
30	0.0801154	0.00517586	0.00457942	0.0356552	0.00673016	0.120993	0.163784	0.0342375	0.00482606	0.0621661	0.00708817	0.00872608	0.0892305	0.0957032	0.0297014	0.137708	0.0397473	0.065289	0.00255143	0.00599361
31	0.169043	0.0568798	0.000972406	0.0011583	0.0314121	0.00625069	0.00415126	0.0630304	0.000945279	0.0185776	0.0386934	0.00360703	0.00133334	0.00376487	0.00106254	0.0218465	0.137899	0.429907	0.000708045	0.00875732
32	0.0636288	0.00753759	0.0177474	0.0301373	0.0109071	0.00721641	0.0798845	0.00462118	0.114638	0.0191214	0.00449026	0.0914737	0.00275077	0.110498	0.308561	0.0139022	0.043315	0.0211344	0.00143263	0.0470023
33	0.0277044	0.00697561	0.00790654	0.00986731	0.014495	0.0130395	0.391008	0.0108161	0.00756426	0.0172323	0.00893467	0.341198	0.00483363	0.0124075	0.00918627	0.0165007	0.0190829	0.0178102	0.00755567	0.0558808
34	0.0772539	0.00181029	0.0637315	0.580358	0.00842387	0.0298561	0.00358414	0.0089546	0.0199807	0.0284457	0.00692167	0.00454036	0.0159153	0.0528371	0.0203732	0.0247706	0.0147508	0.0265061	0.00121795	0.00976854
35	0.0905742	0.0040344	0.050299	0.34725	0.00610719	0.0895974	0.0226254	0.00677972	0.0375178	0.0178608	0.00728458	0.0291341	0.0109403	0.147065	0.0359429	0.0517753	0.0183053	0.0169944	0.00178204	0.0081309
36	0.308629	0.0451186	0.00357125	0.00446738	0.0113003	0.0362931	0.00153447	0.0501405	0.00165741	0.0537929	0.0359948	0.0353496	0.00241307	0.00399345	0.0013736	0.0843589	0.193727	0.121356	0.00148392	0.00344441
37	0.314212	0.017398	0.000508462	0.000787469	0.00178767	0.533511	0.00697146	0.0048448	0.000660173	0.00628173	0.003366	0.0044644	0.000747215	0.00120048	0.00325954	0.0885389	0.00652255	0.00356687	0.0003993	0.000972512
38	0.519577	0.0210337	0.000558942	0.00435322	0.00097955	0.0962524	0.0024664	0.00156871	0.000547955	0.00164275	0.00401775	0.0103084	0.00130685	0.00962698	0.000638838	0.233488	0.0679249	0.0203697	0.00147436	0.00186405
39	0.0214351	0.00257694	0.00105021	0.00338853	0.3008	0.00888699	0.00590133	0.08041	0.00320068	0.292055	0.0904879	0.00206035	0.0013266	0.00416868	0.00282497	0.00831699	0.0146139	0.0452277	0.00784717	0.103421
40	0.746372	0.0147356	0.00385213	0.0200208	0.00235317	0.0306651	0.00236684	0.016745	0.00116481	0.01304	0.0273939	0.0028575	0.0019005	0.00346582	0.00137946	0.0614696	0.0158142	0.0313474	0.00108314	0.00197346
41	0.747097	0.0170822	0.00296194	0.00897779	0.00169602	0.0440829	0.00231463	0.0137137	0.00119726	0.0104706	0.0110109	0.00321259	0.00123921	0.0026126	0.00111695	0.07795	0.0218696	0.0278168	0.00112583	0.00245141
42	0.312341	0.0299948	0.000652435	0.00966456	0.000991101	0.104013	0.00289311	0.00125055	0.000590736	0.00156895	0.00811617	0.0112773	0.00117364	0.0226892	0.000663023	0.32692	0.124644	0.0389436	0.000558963	0.00105259
43	0.46912	0.00857175	0.0026767	0.00379137	0.0156645	0.263456	0.00611615	0.00809075	0.00203625	0.00985612	0.0303272	0.00660139	0.00200621	0.00395222	0.00299881	0.110824	0.0210983	0.0258121	0.00245736	0.00454322
44	0.052908	0.00309331	0.233099	0.220066	0.0337364	0.009244	0.0966635	0.00585023	0.00560856	0.00710496	0.00436772	0.012729	0.00389264	0.082916	0.00656767	0.0567489	0.0480335	0.00941118	0.00919795	0.0987609
45	0.514625	0.0134413	0.00236611	0.00461454	0.0184648	0.0971935	0.008324	0.00780694	0.000876307	0.0160107	0.00691648	0.0174137	0.0040405	0.00527197	0.000972026	0.175202	0.0507748	0.0266595	0.0147377	0.0142881
46	0.118669	0.00447132	0.0447995	0.114697	0.00609611	0.0262896	0.0322684	0.0186073	0.137684	0.029661	0.0281256	0.0341582	0.00832969	0.0888109	0.102155	0.0812322	0.0740734	0.0357049	0.00263033	0.0115365
47	0.0239811	0.000582393	0.000476328	0.0113119	0.137414	0.00115277	0.00759687	0.186447	0.014612	0.253447	0.0303514	0.00148865	0.00047228	0.00578089	0.0158295	0.00910319	0.0148176	0.165838	0.0223392	0.0969575
48	0.0131592	0.00305739	0.00308038	0.00386305	0.00470559	0.00564035	0.00384209	0.161171	0.00288675	0.441921	0.0396109	0.00480826	0.144957	0.00557786	0.00412367	0.00784547	0.00912687	0.134675	0.00161708	0.00433078
49	0.29435	0.0177797	0.00151937	0.00640396	0.00375377	0.222898	0.00380613	0.0046873	0.00154932	0.00653013	0.0112125	0.0108219	0.00186063	0.0155049	0.00206901	0.218545	0.134203	0.0384322	0.00158661	0.00248627
50	0.443468	0.04274	0.00383529	0.00602683	0.00768997	0.0191466	0.00364614	0.0388399	0.00320645	0.0465674	0.0128751	0.00573264	0.00198042	0.0043221	0.00247178	0.0358249	0.0329614	0.280901	0.00256212	0.00520141
51	0.106084	0.552423	0.00433552	0.00548961	0.00671743	0.00964726	0.0063113	0.0102452	0.00375577	0.0111489	0.00689611	0.00886882	0.00382529	0.00755528	0.00461504	0.0422771	0.102464	0.0990904	0.00250615	0.00574354
52	0.134303	0.0123503	0.00285579	0.000969228	0.067443	0.0190996	0.000848297	0.129321	0.000463526	0.166598	0.145691	0.0113534	0.000659463	0.00256794	0.000680172	0.0206532	0.065278	0.208899	0.00769964	0.00226602
53	0.321555	0.0182255	0.000555921	0.00365418	0.00183369	0.302621	0.003522	0.00215452	0.000565098	0.00269653	0.00657042	0.00872893	0.000794318	0.00954958	0.00121821	0.225889	0.0665191	0.0216051	0.000679172	0.00106214
54	0.0616709	0.0483704	0.00591433	0.00786282	0.0099282	0.0115343	0.0415496	0.0789215	0.00687016	0.0159945	0.0094013	0.0167869	0.00908496	0.0119067	0.00593738	0.198364	0.383177	0.0652759	0.00390028	0.00754939
55	0.303099	0.0317812	0.000779949	0.00927018	0.0010382	0.109896	0.00326058	0.00163075	0.000708426	0.00257295	0.0106119	0.0124983	0.00198186	0.0264963	0.000939003	0.323625	0.119842	0.0381605	0.00065452	0.00115373
56	0.017173	0.000518321	0.000745678	0.000957627	0.000636215	0.942431	0.00116347	0.000823281	0.000557136	0.00409059	0.000928596	0.00240812	0.00033558	0.00321442	0.00388643	0.0137197	0.00203521	0.00358532	0.000260278	0.000529945
57	0.052192	0.0070854	0.00155639	0.00260414	0.00798372	0.0332008	0.00204001	0.00320518	0.0074181	0.0135803	0.00732969	0.0141743	0.74544	0.0125378	0.00185613	0.0421881	0.0110775	0.0257398	0.00150491	0.00728568
58	0.0169208	0.000561385	0.00081986	0.00101444	0.000670019	0.941992	0.00123255	0.000821682	0.000621757	0.00410321	0.000936794	0.00272916	0.000331905	0.0032716	0.00400069	0.0134734	0.00203843	0.00361594	0.000263653	0.000580719
59	0.330809	0.0188016	0.00371065	0.00542887	0.0667757	0.102925	0.0230765	0.0310749	0.00142921	0.0522214	0.0157303	0.028096	0.00987331	0.00477697	0.00204818	0.144481	0.0656675	0.0499016	0.0220737	0.0210999
60	0.136774	0.0101201	0.00349243	0.00174536	0.0307851	0.0138156	0.00169062	0.14931	0.00140258	0.0976585	0.0857972	0.0201525	0.00112762	0.0023978	0.00140464	0.0631737	0.133746	0.238917	0.00279215	0.00369686
61	0.0278925	0.00548393	0.0128256	0.0100989	0.0091476	0.0156257	0.381517	0.0119307	0.00807675	0.0151136	0.00937281	0.364903	0.00507063	0.0127997	0.00988286	0.0187208	0.0199022	0.0182949	0.00446585	0.038875
62	0.0381466	0.00363839	0.000602295	0.00107079	0.0730709	0.00429823	0.00071104	0.179013	0.000709404	0.443175	0.0932365	0.00433076	0.000469367	0.00209833	0.00119524	0.00836047	0.0192247	0.108148	0.00705305	0.0114475
63	0.0249466	0.00402268	0.000277422	0.000352367	0.0632559	0.00294361	0.000610545	0.22969	0.000303447	0.41607	0.067235	0.002496	0.000225323	0.000485414	0.000419958	0.00570803	0.013311	0.155524	0.0056373	0.00648486
64	0.120045	0.00508479	0.0122241	0.00756423	0.00650664	0.0186364	0.00716904	0.00872486	0.0049239	0.0122124	0.00833605	0.4458	0.00461805	0.0712735	0.00538826	0.0637674	0.170986	0.0160656	0.00427934	0.00639362
65	0.0174376	0.000517461	0.000785457	0.00110766	0.000725604	0.940404	0.00127831	0.000851937	0.000661301	0.00407608	0.00122821	0.00275113	0.000320232	0.00331802	0.00390979	0.0136812	0.00225447	0.00364988	0.000294765	0.000746721
66	0.0507666	0.00761675	0.00138798	0.0021327	0.0501268	0.00541357	0.000983003	0.202888	0.00120192	0.383054	0.084041	0.00369153	0.00103032	0.00195928	0.00241947	0.00850571	0.0238111	0.156364	0.00544664	0.007159
67	0.0577428	0.00228477	0.00235481	0.00284319	0.0802259	0.0311549	0.0211603	0.00412768	0.00232492	0.0198269	0.00321092	0.00941982	0.00189009	0.00362797	0.00564687	0.0253926	0.0137415	0.00583856	0.0064626	0.700723
68	0.0242951	0.00211759	0.568118	0.133649	0.00186449	0.0167644	0.012027	0.00211719	0.0204809	0.0032873	0.000801576	0.099945	0.0149119	0.028223	0.011187	0.023348	0.0184637	0.01218	0.000403694	0.00581566
69	0.744305	0.0199152	0.00176384	0.00677024	0.00101659	0.0441891	0.00155063	0.0101326	0.000521529	0.00797663	0.00803706	0.00396096	0.000956976	0.00192967	0.000633946	0.0964118	0.0262705	0.020881	0.0011418	0.00163473
70	0.0640718	0.00666058	0.0203655	0.026364	0.0125693	0.00294456	0.100691	0.00296828	0.0925986	0.0195128	0.00201544	0.114101	0.00132402	0.128508	0.271946	0.0121782	0.0485726	0.0191461	0.000955088	0.0525062
71	0.123534	0.00410853	0.00374088	0.0937977	0.0309202	0.00781638	0.0532	0.00883879	0.056475	0.0546321	0.314171	0.00629892	0.00398995	0.0114008	0.049323	0.0868026	0.0393223	0.0121238	0.0025203	0.0369831
72	0.0570666	0.00193376	0.203168	0.0273478	0.00536417	0.0488077	0.0187932	0.00416733	0.015945	0.0119612	0.00295363	0.325575	0.00387886	0.0427004	0.0337283	0.0854961	0.0823711	0.013512	0.0117639	0.00346525
73	0.069901	0.00635709	0.0246134	0.0488118	0.00179719	0.213524	0.110074	0.00248774	0.0883324	0.00688795	0.0103557	0.105725	0.000822597	0.122177	0.0915966	0.077264	0.0130916	0.00369846	0.000737373	0.00174606
74	0.273752	0.00401917	0.00223689	0.00416558	0.00360937	0.0187058	0.00303714	0.0246509	0.016465	0.027157	0.0463225	0.0182593	0.0020505	0.0552439	0.0178292	0.035489	0.120553	0.319217	0.00329783	0.00393836
75	0.0466883	0.0137059	0.0045667	0.007418	0.00509361	0.0413443	0.00653978	0.00619119	0.0238473	0.0094037	0.0138866	0.026241	0.645516	0.0111203	0.00477594	0.102846	0.0111917	0.012506	0.00211139	0.00500645
76	0.0833136	0.0275793	0.00260994	0.00632876	0.0553955	0.0106384	0.0023363	0.190527	0.00411066	0.168242	0.132589	0.00859271	0.00192479	0.0117819	0.00541842	0.0132691	0.0483657	0.214961	0.00589416	0.00612128
77	0.00939266	0.00737425	0.00019067	0.00019896	0.0321726	0.00183375	0.000643273	0.257295	0.000185919	0.376848	0.0266344	0.000466143	0.000196724	0.000356936	0.000227163	0.000751375	0.00223178	0.274215	0.000545165	0.00824126
78	0.238914	0.0140519	0.00277153	0.00457386	0.0507664	0.0242791	0.00514227	0.112544	0.00447173	0.130567	0.0704387	0.0128615	0.00175218	0.00638041	0.00448536	0.0470883	0.0690124	0.182762	0.00666952	0.0104689
79	0.0124947	0.000706197	0.000579578	0.000877309	0.0182085	0.00119237	0.000903615	0.583927	0.000667777	0.209849	0.0880945	0.00544686	0.000539745	0.00107257	0.00069216	0.00204118	0.00698671	0.0644234	0.000444893	0.000852388
80	0.165037	0.0112203	0.00338569	0.00335104	0.0179996	0.0124965	0.00217744	0.154178	0.00168301	0.0964584	0.0616876	0.0245325	0.0014233	0.00507344	0.00176512	0.101778	0.13157	0.199162	0.00197999	0.0030397
81	0.337026	0.0184209	0.00060512	0.00430119	0.00188137	0.264635	0.00344417	0.00206667	0.000561403	0.00235657	0.0062279	0.0110115	0.00185315	0.0113233	0.00103348	0.238057	0.0708885	0.0220468	0.000902677	0.00135765
82	0.101531	0.00240808	0.0023837	0.00360233	0.167984	0.0318469	0.0214275	0.00517226	0.00330529	0.0104007	0.00368859	0.0230525	0.00260942	0.0045305	0.0184127	0.0888348	0.036027	0.00660377	0.0171788	0.449
83	0.0343786	0.00707179	0.00569254	0.0170325	0.170934	0.0169931	0.0151376	0.0928706	0.0598489	0.142796	0.0782986	0.0145459	0.085969	0.055041	0.0179707	0.0517187	0.027211	0.0335117	0.00718565	0.0657917
84	0.0488324	0.00775882	0.0253295	0.0892769	0.0091147	0.0361863	0.0435293	0.0133477	0.0261251	0.0193405	0.0149631	0.0713328	0.0103733	0.445731	0.0287139	0.0421989	0.0282314	0.0233766	0.00485224	0.0113855
85	0.0909051	0.00210009	0.130201	0.423227	0.0302794	0.018905	0.0327619	0.00668078	0.0106821	0.0176072	0.00590239	0.00663101	0.0122235	0.0648922	0.0123102	0.0448774	0.0233729	0.0173989	0.00210551	0.0469374
86	0.020879	0.00880198	0.00064947	0.000747884	0.0643886	0.00303072	0.00471001	0.331155	0.000622172	0.131857	0.0522546	0.0120862	0.000403718	0.00131951	0.000593716	0.010574	0.0390146	0.291376	0.0125814	0.0129552
87	0.0290816	0.00227883	0.000276722	0.000352385	0.0612503	0.00310288	0.000302328	0.20971	0.000338175	0.46588	0.0784511	0.0024248	0.000263373	0.000471865	0.000435345	0.00674679	0.0142125	0.111742	0.00680751	0.00587171
88	0.0136033	0.0230801	0.00479235	0.00260983	0.486485	0.0058398	0.00883438	0.0292356	0.00272764	0.0846012	0.0279262	0.0030847	0.00149663	0.00444197	0.00280377	0.00875002	0.0225155	0.0548785	0.0202192	0.192074
89	0.139988	0.00613785	0.0524192	0.116592	0.00224008	0.0398529	0.0239558	0.0127001	0.13009	0.0225416	0.0232094	0.0421485	0.00968199	0.0922708	0.108017	0.0821504	0.0569337	0.0279491	0.00253064	0.00859045
90	0.0566388	0.00111726	0.393925	0.119928	0.00376431	0.0544801	0.0207656	0.003281	0.0202846	0.00550369	0.00309831	0.111868	0.0367038	0.0423273	0.0162778	0.0562434	0.0382965	0.010862	0.00130463	0.00332977
91	0.183366	0.0361568	0.00153099	0.00127543	0.0402581	0.02023	0.00484689	0.130852	0.00080372	0.0824705	0.0585416	0.00889661	0.00193989	0.00344826	0.000954035	0.0172865	0.0797572	0.313434	0.00318816	0.0107634
92	0.283043	0.0331344	0.000799372	0.00601057	0.00116327	0.0691587	0.00285495	0.00152382	0.000807548	0.00201219	0.00477302	0.0127435	0.00408046	0.0144408	0.000757892	0.34113	0.192515	0.0273244	0.000598601	0.00112885
93	0.0998375	0.00343681	0.0389437	0.116771	0.00805479	0.0161938	0.0320646	0.0337449	0.0962886	0.0386288	0.0251498	0.0414364	0.00618686	0.0885762	0.103077	0.0943813	0.101047	0.0444048	0.00246228	0.00931386
94	0.547519	0.0204627	0.0013183	0.00318109	0.00181261	0.265582	0.00527788	0.00685803	0.00067964	0.00707642	0.00521014	0.00417496	0.00108531	0.00226974	0.00188078	0.094401	0.0166734	0.0121279	0.000742678	0.00166695
95	0.0713198	0.118914	0.00109549	0.00120045	0.0394398	0.00226638	0.0013267	0.301841	0.00111388	0.108056	0.172935	0.00169645	0.00083943	0.00923169	0.00115638	0.00276395	0.0144471	0.142231	0.000602271	0.00752289
96	0.0617311	0.00764048	0.01703	0.0280711	0.0102369	0.00484458	0.0806526	0.00313004	0.101004	0.0173416	0.00235899	0.102214	0.00149155	0.1233	0.316485	0.0105214	0.0434388	0.0197833	0.000988684	0.0477352
97	0.12503	0.0019606	0.00297162	0.0815687	0.0140467	0.00326843	0.0459713	0.0236266	0.0380934	0.00605453	0.0374903	0.0047643	0.00157803	0.0809394	0.0209274	0.091325	0.364742	0.0291102	0.00122311	0.025309
98	0.645938	0.0195675	0.0014635	0.00532042	0.00118958	0.062112	0.00221867	0.00632961	0.00054968	0.00523077	0.00536052	0.00819333	0.00191798	0.00591952	0.000706683	0.154761	0.0482566	0.0211037	0.0015896	0.00227118
99	0.0424169	0.000564372	0.00259132	0.0270411	0.073973	0.00298624	0.0063111	0.200358	0.0272872	0.226439	0.0403521	0.00361394	0.00230116	0.0120392	0.0307834	0.0083312	0.0335354	0.184362	0.0141454	0.0605678
100	0.43143	0.0271522	0.000499054	0.00598935	0.000857607	0.0853619	0.00320903	0.00153429	0.000474449	0.00167021	0.00428468	0.011312	0.00120408	0.0145139	0.000588453	0.282839	0.0944365	0.0299186	0.00119597	0.00152906
101	0.110001	0.112153	0.0029683	0.00359822	0.0180912	0.00746188	0.0620487	0.0520679	0.00312515	0.0160395	0.0157289	0.0072505	0.00511271	0.0246409	0.00348019	0.0134252	0.110207	0.422719	0.0026932	0.00718796
102	0.00875654	0.00781931	0.000202717	0.000205435	0.0306566	0.00159515	0.000673203	0.260593	0.00017753	0.354694	0.0241226	0.000376665	0.000168891	0.000353544	0.000211528	0.000502874	0.00181505	0.298304	0.000144155	0.008627
103	0.0926008	0.00282723	0.0314942	0.0197952	0.00359074	0.0197616	0.0183873	0.206821	0.00242367	0.00696902	0.00453934	0.0323155	0.00195262	0.0190453	0.00252885	0.1255	0.110919	0.293844	0.00152833	0.00315636
104	0.00932736	0.00767154	0.00023426	0.000247189	0.0340966	0.00206154	0.00092661	0.287959	0.000229902	0.348882	0.0316148	0.000682766	0.000197351	0.000407513	0.00021378	0.00113423	0.0024601	0.262718	0.000668734	0.00826653
105	0.0611727	0.0282529	0.00287099	0.00677886	0.00817107	0.0344302	0.00490721	0.00617865	0.0123691	0.00745308	0.0134534	0.0347647	0.609472	0.00913436	0.00292945	0.122849	0.0146607	0.011785	0.00266876	0.00569827
106	0.13852	0.00603341	0.0519271	0.112711	0.00227888	0.0475544	0.0260167	0.0126706	0.128676	0.0215485	0.0225753	0.046296	0.00913061	0.0922819	0.105323	0.0831973	0.0547406	0.0274679	0.00245633	0.00859498
107	0.0102182	0.00350149	0.675848	0.0542529	0.00104143	0.00638122	0.011029	0.001016	0.0106849	0.00157301	0.000744016	0.149083	0.00797361	0.0141523	0.007053	0.0190521	0.0123718	0.00647678	0.000296108	0.00725096
108	0.00896112	0.00782416	0.000197271	0.000210967	0.0317314	0.00162937	0.000845006	0.264651	0.000178005	0.34688	0.0247577	0.000616319	0.000167679	0.000381333	0.000210404	0.000619972	0.00283236	0.297769	0.000489658	0.00904737
109	0.19055	0.0226058	0.00226648	0.00125125	0.0440769	0.0215755	0.00149906	0.113385	0.000675217	0.1048	0.0925657	0.0122108	0.000700976	0.00176596	0.000641438	0.0308611	0.0968206	0.252187	0.00465208	0.00490946
110	0.410951	0.020906	0.00237616	0.011605	0.00430549	0.0212114	0.00255635	0.0597669	0.0156606	0.0351587	0.0196179	0.00572287	0.00122958	0.00624178	0.00281054	0.0782159	0.0714294	0.199126	0.0196351	0.0114733
111	0.144845	0.000569523	0.139361	0.363157	0.00114585	0.0294797	0.0101489	0.000988725	0.0776924	0.00609267	0.000759719	0.00942999	0.000430933	0.0882684	0.0649652	0.0259348	0.0319747	0.00135104	0.00255381	0.00085054
112	0.0783911	0.000729695	0.00871847	0.0234673	0.00900384	0.00330545	0.00555098	0.206024	0.0106724	0.319504	0.0680329	0.00371453	0.00953133	0.0115305	0.0321601	0.00716091	0.0440943	0.143981	0.00167985	0.0127477
113	0.0115873	0.00612406	0.000241205	0.000253343	0.0341564	0.00221765	0.00055214	0.255762	0.00019924	0.406288	0.0345111	0.000603754	0.000525886	0.000370779	0.000252464	0.00176031	0.00337243	0.232922	0.00143595	0.00686419
114	0.0499537	0.00103643	0.212615	0.0385043	0.00452382	0.0614551	0.0215508	0.0017943	0.0265369	0.0129173	0.00142214	0.33731	0.00295848	0.0383663	0.0494853	0.06717	0.0539911	0.0123185	0.00408352	0.0020076
115	0.169769	0.0115116	0.00252341	0.0014905	0.0363047	0.0233133	0.00120937	0.139275	0.000616348	0.125282	0.103621	0.011841	0.000816859	0.00255219	0.000713866	0.0353951	0.0862828	0.239413	0.00439622	0.00367124
116	0.0136008	0.00214945	0.000577646	0.000837023	0.0192111	0.0012944	0.000901179	0.577569	0.000661108	0.207613	0.091205	0.0053482	0.000513949	0.00113873	0.000675683	0.00192087	0.00710059	0.0662801	0.000451929	0.000950339
117	0.019157	0.0032719	0.00115348	0.00369228	0.340518	0.00944706	0.00758591	0.0663325	0.00360136	0.247805	0.0836326	0.00161861	0.00112128	0.00378967	0.00393039	0.00834841	0.0144767	0.0443169	0.0105286	0.125673
118	0.314643	0.0294667	0.0023053	0.00262656	0.024205	0.0676754	0.00601581	0.208107	0.00267695	0.0426812	0.00523252	0.00632758	0.00165641	0.00338357	0.00210844	0.0059422	0.0200854	0.19274	0.00155403	0.0605657
119	0.0165189	0.000480258	0.00115836	0.00114328	0.000636797	0.940908	0.00147245	0.00085395	0.000712536	0.00416688	0.000956264	0.00339892	0.000340406	0.00336494	0.00397254	0.0134051	0.00201586	0.00370658	0.000269306	0.000518845
120	0.0760064	0.00549105	0.00836889	0.0230017	0.0641942	0.0156494	0.0457923	0.110291	0.0509713	0.12416	0.0304959	0.0330655	0.00810548	0.0470911	0.0674643	0.0656976	0.0664581	0.0885758	0.0186445	0.0504754
121	0.0162669	0.000481222	0.000803086	0.000971354	0.000641669	0.943374	0.00115018	0.000806376	0.00060568	0.00415048	0.000911724	0.0025419	0.000328362	0.003286	0.00392546	0.0133064	0.00202713	0.00363078	0.000263125	0.000528221
122	0.34314	0.0562731	0.00349522	0.00455496	0.00930662	0.0360958	0.0015686	0.0453506	0.00190914	0.0473262	0.0319205	0.0283668	0.00219892	0.00320269	0.0013314	0.0767823	0.186409	0.115503	0.00194969	0.00331549
123	0.0836193	0.00114282	0.0610601	0.570132	0.00569036	0.031924	0.00144548	0.00887231	0.0164378	0.0369367	0.00710918	0.00190043	0.0212007	0.0574452	0.0188383	0.025461	0.0100496	0.0307543	0.000589657	0.00939104
124	0.00875654	0.00781931	0.000202717	0.000205435	0.0306566	0.00159515	0.000673203	0.260593	0.00017753	0.354694	0.0241226	0.000376665	0.000168891	0.000353544	0.000211528	0.000502874	0.00181505	0.298304	0.000144155	0.008627
125	0.0624853	0.00092851	0.00420922	0.0502744	0.0141748	0.00740272	0.00359708	0.179695	0.0290092	0.257836	0.0603032	0.00828527	0.00381814	0.019231	0.0431447	0.0103923	0.0560527	0.177672	0.0026129	0.00887597
126	0.148853	0.000613876	0.135444	0.361858	0.00105771	0.0296414	0.0105728	0.000997495	0.0774719	0.0059757	0.000808632	0.00918805	0.000457634	0.0899811	0.0649386	0.025809	0.0315058	0.001441	0.00256597	0.000817539
127	0.0305171	0.00180315	0.000243648	0.000314127	0.0645492	0.00276583	0.00030258	0.182044	0.000729731	0.497666	0.0715963	0.00277668	0.000214606	0.000903394	0.000456256	0.00680413	0.0171045	0.10211	0.00727953	0.00981868
128	0.667471	0.0201763	0.00378926	0.0072239	0.0017768	0.0346927	0.00237273	0.0396642	0.00162128	0.0221507	0.0143106	0.00228991	0.000631219	0.00185243	0.00081412	0.0866848	0.0208607	0.0675782	0.00177936	0.00225984
129	0.124195	0.000581362	0.13635	0.391415	0.00125661	0.030059	0.00981789	0.000970558	0.0759983	0.00614153	0.000769824	0.0113746	0.000451864	0.0823402	0.0670846	0.0231146	0.0326086	0.00149983	0.00313777	0.000833273
130	0.0692845	0.00158279	0.0112909	0.00197055	0.00261013	0.00314935	0.0120239	0.0303867	0.291599	0.0833453	0.0300148	0.00246099	0.00113294	0.030686	0.243871	0.0141611	0.104903	0.0622234	0.000966229	0.00233781
131	0.030699	0.00180212	0.000248996	0.000328655	0.0646904	0.0027617	0.000328593	0.181804	0.000739853	0.497222	0.0710519	0.00292225	0.000227628	0.000930214	0.000461316	0.00682295	0.0174114	0.10205	0.00741488	0.0100824
132	0.0892886	0.0065029	0.0304881	0.050129	0.00177931	0.219839	0.0750166	0.0024711	0.093855	0.00976845	0.00565166	0.10286	0.00088852	0.15161	0.0685992	0.0725001	0.0130899	0.00337938	0.000750495	0.00153287
133	0.69262	0.0191813	0.00391106	0.00743178	0.00220941	0.0396661	0.00164008	0.0344758	0.00116011	0.0242656	0.0194796	0.00227846	0.000609776	0.00152953	0.000603042	0.0607012	0.0255981	0.0592388	0.00144145	0.00195839
134	0.0974682	0.00385197	0.00311062	0.00461832	0.0146373	0.0705109	0.00473504	0.00534262	0.00482743	0.024588	0.00539789	0.00840039	0.615299	0.0256607	0.00424826	0.0216974	0.0185708	0.0525698	0.00186397	0.0126012
135	0.018315	0.00659763	0.000397921	0.00230079	0.0310294	0.00197951	0.00189317	0.422173	0.000368897	0.0884513	0.0311263	0.00405362	0.000297349	0.00256412	0.0012524	0.00254414	0.0185985	0.350297	0.00624076	0.00951918
136	0.173613	0.0176879	0.00173548	0.00104001	0.0343796	0.0267581	0.00289708	0.138009	0.000624615	0.100458	0.0805432	0.00864476	0.00142921	0.00274267	0.000657942	0.0203601	0.0790622	0.297941	0.00331573	0.00810046
137	0.063113	0.00582427	0.00475313	0.0139761	0.0601115	0.0104592	0.0612027	0.0804893	0.0345933	0.10987	0.0296061	0.0385502	0.00473926	0.0397171	0.0335971	0.0853336	0.123562	0.120826	0.0166057	0.0630702
138	0.0992332	0.0321464	0.00187507	0.00129143	0.00144567	0.00214839	0.00332211	0.00403493	0.00111952	0.00258608	0.00153954	0.0204831	0.0158251	0.00229613	0.00114507	0.284732	0.510754	0.0118113	0.000722194	0.00148861
139	0.0270355	0.00398571	0.00135595	0.00350987	0.335561	0.0150491	0.00685901	0.0619973	0.00383556	0.245618	0.0863965	0.00208665	0.00140955	0.00429552	0.00319038	0.0131014	0.0171257	0.0417493	0.0086634	0.117174
140	0.0517137	0.00515736	0.0359205	0.00772751	0.00669057	0.136844	0.00644686	0.0402545	0.118923	0.114521	0.00789502	0.0720612	0.124399	0.00973518	0.207054	0.0147857	0.0157092	0.0144912	0.00315737	0.00651318
141	0.296513	0.016031	0.000489887	0.00084218	0.00181837	0.543999	0.00694579	0.00464271	0.000683917	0.00570519	0.00362921	0.00767861	0.000705962	0.00168147	0.0026848	0.0931193	0.00754595	0.00390949	0.000440114	0.000934187
142	0.0477466	0.00885484	0.0121712	0.0219714	0.145002	0.0218447	0.0163981	0.0355934	0.343607	0.0300304	0.0163294	0.0188937	0.0104704	0.0248742	0.0279856	0.0327365	0.114474	0.0456885	0.00736765	0.0179593
143	0.054553	0.00348353	0.281751	0.0937772	0.00547578	0.176957	0.00781581	0.031703	0.00437098	0.00772417	0.0551823	0.0123831	0.0776044	0.0567247	0.00468833	0.0155812	0.0908975	0.0110341	0.00240726	0.00588514
144	0.0603795	0.00529104	0.0037705	0.0174419	0.0956605	0.0073013	0.0418765	0.12561	0.0269617	0.138069	0.02684	0.0200721	0.00415442	0.0282372	0.0323557	0.0457239	0.0636777	0.154008	0.0231552	0.079414
145	0.00932403	0.00796228	0.000194905	0.00020566	0.031606	0.00159724	0.000672714	0.263826	0.000173044	0.349702	0.0248063	0.000371144	0.000163705	0.000358249	0.000200347	0.000489292	0.00212184	0.297467	0.000233248	0.00852508
146	0.205454	0.00140096	0.255054	0.10019	0.00957263	0.0140624	0.0185719	0.0027406	0.0154303	0.00342516	0.00212499	0.0193526	0.113669	0.0274648	0.00148039	0.143527	0.059393	0.00374313	0.00118315	0.00215957
147	0.0432883	0.00543228	0.0841674	0.0936108	0.036351	0.00828327	0.170613	0.00716777	0.0036378	0.0121911	0.00523232	0.0580462	0.0274396	0.0120801	0.028153	0.0378616	0.0457823	0.0109184	0.162556	0.147188
148	0.0866905	0.00497873	0.00439104	0.00558339	0.0396157	0.00790341	0.00202553	0.175593	0.00160073	0.32187	0.110381	0.00719639	0.00387299	0.00406607	0.00815883	0.0119949	0.0503718	0.143072	0.00463618	0.00599859
149	0.0163478	0.000645371	0.00183208	0.00206016	0.00131522	0.922314	0.00188039	0.00154646	0.00187264	0.00811033	0.00184297	0.0047818	0.000442089	0.00630199	0.00483623	0.0123665	0.00330606	0.00706253	0.000445053	0.000690077
150	0.173636	0.0488619	0.00313526	0.0046911	0.00719226	0.0452616	0.0031065	0.0290072	0.00228746	0.0935111	0.117799	0.0605209	0.0302564	0.0411888	0.00273457	0.099276	0.143803	0.0825635	0.00175217	0.0094155
151	0.0774932	0.00708911	0.00602346	0.0151533	0.0637793	0.013935	0.0436022	0.105079	0.0367351	0.14212	0.0342784	0.0385301	0.00613389	0.0348612	0.0459951	0.0673195	0.0886606	0.0959382	0.0232378	0.0540351
152	0.0983032	0.010318	0.00703741	0.00824929	0.103658	0.193298	0.0351797	0.0119812	0.00579339	0.0260459	0.0084964	0.0612956	0.00668453	0.0134048	0.0116153	0.0456221	0.0244527	0.0162184	0.015198	0.297148
153	0.0671904	0.00473554	0.00955591	0.0375904	0.0589576	0.013073	0.0447381	0.107368	0.0553541	0.125285	0.0359882	0.0305243	0.00764674	0.0461081	0.075258	0.065246	0.0728824	0.0845133	0.0151388	0.0428458
154	0.0331707	0.00238786	0.00050091	0.000668523	0.0606191	0.00391668	0.000425941	0.200905	0.000472715	0.462301	0.0767421	0.0028547	0.000386721	0.000738003	0.000739738	0.00813073	0.016843	0.115045	0.00672723	0.00642477
155	0.0441161	0.00156547	0.000423009	0.000681713	0.000746473	0.905189	0.00147121	0.00115674	0.000467137	0.00386523	0.00125849	0.00151711	0.000348357	0.0026571	0.00348803	0.0239888	0.00290945	0.00326849	0.000308239	0.000573733
156	0.702255	0.0259552	0.00134468	0.00503961	0.00107807	0.0482473	0.00185954	0.0076766	0.000635744	0.00662157	0.00573088	0.00566064	0.00113379	0.00242309	0.000647074	0.117478	0.0436935	0.0192787	0.00138722	0.00185312
157	0.0537491	0.000684485	0.358273	0.282844	0.00249785	0.0381367	0.0150414	0.00307807	0.0425834	0.0066641	0.00138682	0.0365898	0.0157231	0.0527038	0.0244259	0.0236878	0.0248734	0.012849	0.000857106	0.00335129
158	0.169198	0.00465788	0.00287582	0.00451337	0.00504109	0.00706868	0.00442792	0.0287004	0.00456794	0.173757	0.0088237	0.00628192	0.00276897	0.00942402	0.0435001	0.0100315	0.18185	0.326002	0.00224852	0.00426163
159	0.00954433	0.00817832	0.000196106	0.000222587	0.032192	0.00174827	0.000767401	0.265096	0.000195948	0.354133	0.0263026	0.000500718	0.000192744	0.000419267	0.000207349	0.000619108	0.00242683	0.288313	0.000475099	0.00826919
160	0.00910308	0.00716711	0.000201382	0.000210831	0.0320176	0.0020507	0.000679673	0.262429	0.000189469	0.383364	0.0283278	0.000391169	0.000177378	0.000364769	0.000212661	0.000990519	0.00191398	0.262076	0.000653318	0.00747993
161	0.0861261	0.00898079	0.00167585	0.00077495	0.0753677	0.0110758	0.000552452	0.154648	0.000396461	0.291517	0.134994	0.00912758	0.000506652	0.00207949	0.000688744	0.0143482	0.0411972	0.153945	0.0086725	0.00332448
162	0.00970061	0.0078787	0.0001952	0.000202055	0.0318724	0.00163129	0.000660874	0.261934	0.000175751	0.352641	0.025342	0.000421198	0.00016686	0.000360386	0.000199095	0.000616007	0.00231015	0.294858	0.000323403	0.00851027
163	0.0287732	0.00101928	0.000541948	0.0008446	0.000659893	0.926877	0.00122494	0.000983254	0.000519967	0.00415936	0.00113078	0.00192062	0.000364914	0.00301477	0.00375204	0.0171653	0.00264768	0.00353872	0.000244299	0.000617481
164	0.0995003	0.0324885	0.00183304	0.00134687	0.00145217	0.00215156	0.00351653	0.00408061	0.00108418	0.00239292	0.00155603	0.0210114	0.0156185	0.002278	0.00118767	0.284381	0.509885	0.0120477	0.000718659	0.00146955
165	0.046074	0.00107148	0.217502	0.0362603	0.00441238	0.0634308	0.0230056	0.00175584	0.0205483	0.0109334	0.00136078	0.326723	0.00375286	0.0381625	0.0432245	0.0790377	0.0618483	0.014268	0.00474042	0.00188812
166	0.0109766	0.00671308	0.00922221	0.00188221	0.537676	0.00324695	0.0121514	0.00692572	0.00158652	0.0364212	0.0208992	0.00258549	0.00114195	0.00240748	0.00158372	0.0117642	0.0120544	0.0217896	0.0465699	0.252402
167	0.271862	0.00647601	0.0149354	0.0563443	0.0508741	0.0574014	0.0172212	0.0113797	0.0060642	0.0195132	0.011409	0.0275313	0.162951	0.0170563	0.00603402	0.13733	0.0330506	0.0205497	0.057786	0.0142307
168	0.192761	0.0364163	0.00110406	0.00110031	0.0336093	0.0314357	0.0102306	0.151265	0.00108274	0.0520684	0.0253565	0.0100173	0.00306651	0.00461022	0.00112959	0.00807989	0.0724537	0.337287	0.00173353	0.0251931
169	0.012881	0.00284086	0.00036053	0.00481575	0.00524972	0.00291396	0.000636181	0.513108	0.000348905	0.0717964	0.0112433	0.00271489	0.000233819	0.00480758	0.00255926	0.000869985	0.00920575	0.343321	0.000288392	0.00980525
170	0.0471887	0.00705581	0.0277537	0.0848364	0.0100501	0.0543734	0.100061	0.0118115	0.0238197	0.017306	0.0126317	0.0419088	0.010501	0.388615	0.0248414	0.0710182	0.0280915	0.0199945	0.00439827	0.0137436
171	0.0128587	0.00288309	0.000365856	0.00476896	0.0052519	0.00291706	0.000649449	0.513547	0.00034781	0.0712757	0.0112851	0.00269803	0.000241748	0.00482826	0.00256285	0.000877103	0.00917702	0.343268	0.00028817	0.00990813
172	0.0163774	0.00264502	0.610944	0.103056	0.0014869	0.0146464	0.0124988	0.00149699	0.0164309	0.00247786	0.000745839	0.124671	0.010471	0.0217596	0.00914149	0.0204772	0.0154671	0.00874726	0.000334682	0.00612346
173	0.044781	0.0112245	0.0223246	0.0215838	0.00233148	0.00292369	0.0330802	0.44578	0.00183918	0.0864115	0.00226199	0.0612478	0.00149179	0.00247946	0.0624504	0.0253488	0.0641296	0.0661594	0.0304021	0.0117492
174	0.318797	0.00191395	0.0116018	0.0253067	0.0113821	0.195178	0.0239326	0.00329869	0.00176492	0.00803825	0.00692373	0.040018	0.150847	0.0161633	0.0015706	0.127193	0.0406745	0.00655693	0.00242981	0.00640915
175	0.00947528	0.00825703	0.000226671	0.000245226	0.031935	0.00180492	0.00118688	0.280626	0.000191093	0.324254	0.0260491	0.000893801	0.000174051	0.000431031	0.000227944	0.000875847	0.00418391	0.296879	0.00115321	0.0109305
176	0.103421	0.0271157	0.0125046	0.00659511	0.0250342	0.0064881	0.0417342	0.109406	0.00999365	0.158333	0.0235369	0.0227366	0.0159759	0.0467248	0.0134487	0.0203094	0.0910196	0.199871	0.0365127	0.0292379
177	0.307285	0.019013	0.000513585	0.000868249	0.0017392	0.531349	0.00683474	0.00586415	0.000704901	0.00622244	0.0033427	0.00507608	0.000783071	0.00145374	0.0029945	0.0937072	0.00709014	0.00380481	0.000412393	0.000942
178	0.0377896	0.000826765	0.49113	0.190206	0.00164857	0.0241638	0.0116237	0.00304649	0.0283066	0.00411146	0.00078847	0.0552525	0.0242948	0.0401893	0.0150328	0.0283488	0.0261245	0.013528	0.000302905	0.003285
179	0.381005	0.0211703	0.00221789	0.00542678	0.00326644	0.0123836	0.00253224	0.0880539	0.00599074	0.0289842	0.00864274	0.00525178	0.00142288	0.00360895	0.00205027	0.162224	0.0500565	0.203032	0.00723778	0.00544156
180	0.283138	0.0197844	0.00292509	0.0039748	0.0775281	0.0541819	0.00913819	0.0609739	0.00177771	0.0607599	0.0207223	0.0189612	0.00313051	0.00306423	0.0021072	0.108551	0.145825	0.0936742	0.0107703	0.0190131
181	0.0115544	0.00662936	0.000190767	0.000211516	0.0352832	0.00247175	0.00061024	0.256898	0.000189177	0.400021	0.0339243	0.000588701	0.00019793	0.000368943	0.000234434	0.0017267	0.00319918	0.237492	0.00140025	0.00680754
182	0.132178	0.00641833	0.0539966	0.116143	0.00236012	0.0345043	0.0258319	0.0112618	0.129393	0.0234779	0.0214917	0.0379408	0.0126703	0.100092	0.116155	0.0807582	0.0594645	0.0247891	0.00216716	0.00890747
183	0.160156	0.00699458	0.0488931	0.117582	0.00234715	0.0353622	0.0230569	0.0131217	0.127246	0.0220062	0.0242613	0.0417678	0.00987606	0.0893097	0.103488	0.0788033	0.0549703	0.0292027	0.00335881	0.00819703
184	0.0300925	0.0018467	0.000236906	0.000304166	0.0637782	0.00279741	0.000302295	0.183942	0.000628426	0.497424	0.0717723	0.00270929	0.000212361	0.000796705	0.000440476	0.00666955	0.0167332	0.102788	0.00725482	0.00927156
185	0.049516	0.00199567	0.0117492	0.00217637	0.00231215	0.0140915	0.00203621	0.11823	0.00180287	0.486201	0.0470403	0.0564098	0.00152441	0.0134866	0.0129613	0.0152074	0.132386	0.0269231	0.00149931	0.00245084
186	0.0282176	0.00256652	0.00108819	0.00124413	0.0383886	0.00223382	0.000932135	0.321504	0.000389629	0.364864	0.0780389	0.0027588	0.00125153	0.000969352	0.00194732	0.00427048	0.0141246	0.12687	0.00332939	0.00501116
187	0.0899094	0.00360849	0.0523523	0.0917232	0.0105126	0.0225787	0.0617271	0.0112513	0.114462	0.0223339	0.0135442	0.0667914	0.00580424	0.0878356	0.143624	0.080907	0.0790222	0.0249999	0.00165276	0.0153597
188	0.109134	0.00294745	0.00241146	0.00361367	0.0216707	0.0511022	0.00289507	0.00543302	0.00289516	0.0312717	0.00400369	0.00514375	0.618409	0.0304253	0.00231037	0.00869989	0.0203291	0.0588295	0.00185699	0.0166178
189	0.0832378	0.00187422	0.0558447	0.517597	0.00607749	0.0375966	0.00339549	0.00869868	0.0237536	0.0311994	0.0117259	0.00512294	0.0212171	0.0717239	0.0307965	0.032921	0.0130482	0.030026	0.000776311	0.0133669
