238	20
1	0.184019	0.0261592	0.00182848	0.00452552	0.0944412	0.00423963	0.00196745	0.0714598	0.00258693	0.151856	0.00304932	0.00570747	0.0129755	0.0124411	0.00309361	0.204973	0.13116	0.0788104	0.00134371	0.00336257
2	0.0699679	0.00180536	0.00063847	0.00117755	0.196979	0.0160211	0.00658013	0.198305	0.000977901	0.225355	0.0231015	0.000907844	0.0235006	0.00125822	0.00169193	0.0210193	0.00809265	0.170302	0.00119394	0.0311241
3	0.18371	0.0248274	0.00201745	0.00473992	0.0961032	0.00557149	0.00184735	0.0712466	0.00244473	0.152514	0.00311874	0.00664106	0.0121492	0.0128964	0.00302425	0.202799	0.132056	0.0768519	0.00133809	0.00410322
4	0.108702	0.000901297	0.000710773	0.00128836	0.149917	0.03193	0.00217788	0.145437	0.00103519	0.27675	0.0275281	0.0010308	0.0422799	0.00128999	0.00131953	0.0300892	0.0129456	0.146847	0.000570647	0.0172497
5	0.109872	0.00103689	0.000721062	0.00128129	0.149508	0.0311467	0.00217121	0.144777	0.00104458	0.27672	0.0268782	0.00106684	0.0417577	0.00136558	0.00130057	0.0310875	0.0135489	0.146961	0.000575149	0.0171797
6	0.0511666	0.0162352	0.00133806	0.0024642	0.214857	0.00388252	0.0687996	0.123341	0.00201828	0.199615	0.0304723	0.00198714	0.0179953	0.00274004	0.00606616	0.0211291	0.014504	0.0825858	0.00712541	0.131677
7	0.108702	0.000901297	0.000710773	0.00128836	0.149917	0.03193	0.00217788	0.145437	0.00103519	0.27675	0.0275281	0.0010308	0.0422799	0.00128999	0.00131953	0.0300892	0.0129456	0.146847	0.000570647	0.0172497
8	0.0458026	0.000631723	0.00063013	0.000964447	0.0331757	0.0112679	0.00114084	0.18786	0.00505056	0.353372	0.0475487	0.000906363	0.0128857	0.000970577	0.00163579	0.00762566	0.0210451	0.262804	0.000506782	0.00417619
9	0.00633142	0.000494441	0.00103005	0.0290749	0.00114321	0.0171986	0.0220381	0.0060293	0.28387	0.0126416	0.00114386	0.0553808	0.000403338	0.111216	0.404122	0.0333316	0.00590718	0.00273961	0.00519465	0.000708422
10	0.0151384	0.000313929	0.00348505	0.000928495	0.0126255	0.00105921	0.000971478	0.438034	0.000825558	0.0566633	0.0268259	0.000613831	0.000566968	0.000734776	0.0031591	0.00403664	0.0222791	0.408425	0.00036805	0.00294561
11	0.00828213	0.00079109	0.00111943	0.00211443	0.399155	0.00152264	0.0232281	0.00878111	0.00151628	0.0352959	0.00195464	0.00151121	0.000707705	0.00240828	0.00244386	0.00312921	0.0027524	0.00387439	0.0297609	0.469651
12	0.0214135	0.00122521	0.000739422	0.00248822	0.0123411	0.00488669	0.000919601	0.170917	0.00514911	0.427454	0.101748	0.00143115	0.00246263	0.00122486	0.00206015	0.00572265	0.0199759	0.216236	0.00081908	0.000785599
13	0.0983715	0.00992897	0.0103771	0.0216833	0.0670441	0.0114983	0.160468	0.0509992	0.0164735	0.0786091	0.019924	0.0135211	0.064665	0.0169576	0.0179344	0.0310918	0.0642708	0.0913995	0.00834455	0.146438
14	0.0046802	0.00110287	0.720747	0.129458	0.00242964	0.00278225	0.00280033	0.00349346	0.00213776	0.00424419	0.00249948	0.0930347	0.00123178	0.0109571	0.00254273	0.00482256	0.00382989	0.00403034	0.00115485	0.00202139
15	0.0138372	0.00267529	0.00138999	0.0058209	0.0318415	0.00318958	0.00189922	0.140042	0.00348876	0.486662	0.164082	0.0034501	0.00242604	0.00234208	0.00339065	0.0137499	0.0230253	0.0937929	0.00149719	0.00139755
16	0.0762496	0.0013247	0.0843646	0.090851	0.0035851	0.0955513	0.037865	0.00478017	0.0930795	0.0223644	0.00856796	0.0531784	0.145594	0.0439004	0.0624225	0.109401	0.0475858	0.014023	0.0016931	0.0036182
17	0.1007	0.000890999	0.0489692	0.0785881	0.00255779	0.0264911	0.051862	0.00264864	0.101209	0.0312279	0.010726	0.0484684	0.172677	0.0245526	0.0757417	0.123625	0.0763061	0.0201131	0.000818533	0.0018267
18	0.0518629	0.000817733	0.102833	0.138315	0.00721931	0.0541341	0.0514976	0.0219192	0.121261	0.0236821	0.015242	0.0554496	0.00724388	0.0894899	0.111278	0.0832899	0.0341921	0.0181184	0.0062808	0.00587341
19	0.00932067	0.000638773	0.00100434	0.00185224	0.517492	0.0012596	0.0156784	0.00670618	0.00152561	0.04005	0.00209698	0.00154384	0.000764006	0.00247737	0.00215965	0.00284937	0.00263584	0.00493608	0.0208092	0.3642
20	0.0245511	0.0371998	0.0409801	0.0114874	0.0109889	0.00919322	0.364309	0.0166995	0.00797905	0.0162351	0.00804154	0.252088	0.00394097	0.0131716	0.0122108	0.0421624	0.0994513	0.0170734	0.00376984	0.00846728
21	0.0440763	0.0162775	0.00194846	0.00382594	0.200493	0.00239408	0.0878788	0.122355	0.00322016	0.181198	0.0341968	0.00256927	0.0145328	0.00313509	0.00826464	0.0224478	0.0189294	0.0856496	0.0072187	0.13939
22	0.0942236	0.00438341	0.113526	0.115492	0.00848175	0.183855	0.0204369	0.0128281	0.0758081	0.0160062	0.0133295	0.0511909	0.018115	0.075638	0.0677015	0.0785982	0.0276257	0.0127896	0.00395012	0.00601961
23	0.0103794	0.00223451	0.00153985	0.00693785	0.0388031	0.00273566	0.00196042	0.132975	0.00291886	0.501917	0.17754	0.00317268	0.00252866	0.00265518	0.00316167	0.0167607	0.024809	0.0636843	0.00159318	0.00169205
24	0.0128561	0.00206746	0.00127023	0.0044578	0.0318376	0.00313933	0.00153438	0.151819	0.00342648	0.479551	0.155453	0.00273225	0.00297975	0.00225646	0.00276373	0.0124303	0.0211866	0.105562	0.00126184	0.00141453
25	0.0515327	0.000815775	0.103936	0.137445	0.00741225	0.0562569	0.0521768	0.0224606	0.118167	0.0235733	0.015474	0.0561158	0.00369699	0.0914325	0.110671	0.0836175	0.0342195	0.018371	0.00657499	0.00605134
26	0.0752682	0.0967917	0.0366706	0.0551712	0.0226663	0.130529	0.03452	0.0265027	0.0391947	0.0369753	0.0215349	0.0409658	0.0105989	0.139883	0.0481361	0.0803936	0.0422803	0.035618	0.0110374	0.0152625
27	0.0538295	0.008417	0.026344	0.0802026	0.0404304	0.0160672	0.278915	0.0257945	0.0330935	0.0558057	0.0198295	0.0376651	0.014454	0.0294273	0.0316543	0.0384713	0.0431626	0.0302251	0.0166811	0.119531
28	0.10958	0.0118836	0.0171402	0.0387899	0.0255603	0.082494	0.0130942	0.031652	0.0386468	0.0404961	0.0576612	0.0336517	0.00915948	0.0355648	0.0358272	0.232977	0.12358	0.0413105	0.00974497	0.0111856
29	0.222449	0.0032709	0.00390254	0.00617415	0.0146762	0.0425266	0.0318193	0.109392	0.00599574	0.0591353	0.0364993	0.00598888	0.0324095	0.0149459	0.00788316	0.0256208	0.0105424	0.358467	0.00222507	0.00607669
30	0.0353614	0.00269168	0.436971	0.189583	0.0069628	0.0183715	0.0150774	0.0138306	0.0385667	0.0194516	0.00677611	0.0657006	0.00904082	0.0333346	0.0296808	0.044716	0.0165655	0.0104531	0.00239395	0.00447153
31	0.0116935	0.00131084	0.00138863	0.00364156	0.377631	0.00159478	0.0270776	0.0166469	0.00251526	0.0399086	0.00390557	0.00213667	0.00142051	0.00328716	0.00411224	0.00449363	0.00368242	0.00701171	0.0427687	0.443773
32	0.0134036	0.00156384	0.00190291	0.00605555	0.360003	0.00318995	0.0268554	0.0237608	0.00334773	0.0457369	0.0077049	0.00403573	0.00181946	0.00408125	0.00612336	0.00671036	0.00736054	0.00998185	0.0475812	0.418782
33	0.0104351	0.00226058	0.00144893	0.00723462	0.0365525	0.00280793	0.00188279	0.130285	0.0029727	0.510577	0.17605	0.00323141	0.00236248	0.00256631	0.00328035	0.0157783	0.0240306	0.0626818	0.00182289	0.00173918
34	0.0547276	0.00432041	0.0073502	0.0177526	0.0721343	0.00849579	0.0133955	0.0202761	0.0155116	0.183593	0.169104	0.0127493	0.00333314	0.0122294	0.0155617	0.0226172	0.180954	0.0186864	0.0484213	0.118787
35	0.284796	0.0374513	0.0407021	0.0100271	0.0124054	0.087245	0.0076142	0.0138883	0.0702705	0.109661	0.0107809	0.0114459	0.00563555	0.0138959	0.076188	0.0982131	0.0173308	0.0511844	0.00463843	0.0366261
36	0.0634427	0.00861062	0.182717	0.0739073	0.0279261	0.0393724	0.0284374	0.0228565	0.0461546	0.0415076	0.0167729	0.0427674	0.0183422	0.0377535	0.0465398	0.171705	0.0382117	0.0255719	0.0114845	0.0559187
37	0.0452888	0.00341693	0.00809485	0.0173655	0.0582859	0.01119	0.0104651	0.130549	0.0126063	0.351625	0.0725676	0.0101076	0.017102	0.00804774	0.0126501	0.0322532	0.029113	0.14411	0.00623255	0.0189283
38	0.0639414	0.00232385	0.0062482	0.128211	0.0165332	0.00656259	0.0104556	0.0705712	0.013816	0.38033	0.0494872	0.0343103	0.00331144	0.0113255	0.0361196	0.0459655	0.063419	0.0134309	0.0297662	0.0138714
39	0.0817344	0.00239714	0.093406	0.084842	0.0146706	0.0983229	0.0384338	0.0131392	0.0884728	0.018415	0.0129173	0.0598192	0.0272311	0.0840634	0.0877597	0.121978	0.0399945	0.0135162	0.00555471	0.0133316
40	0.190274	0.00162068	0.00338604	0.00628755	0.00772056	0.0189162	0.014497	0.135131	0.0104637	0.0664848	0.0188147	0.00384297	0.0113625	0.0229041	0.012191	0.0306399	0.0135889	0.425293	0.00211607	0.00446562
41	0.0662352	0.00196175	0.00453423	0.0309155	0.00751136	0.00495001	0.00566551	0.160535	0.0667602	0.0398946	0.00629849	0.0047699	0.002124	0.0685907	0.0635487	0.0344683	0.0314589	0.392974	0.00228417	0.00451866
42	0.0396002	0.0021325	0.00501697	0.011001	0.00676713	0.00831725	0.00766582	0.0128007	0.121341	0.0580941	0.0074869	0.0105907	0.00271944	0.0209972	0.581481	0.0174788	0.0107045	0.0568223	0.0146501	0.00433148
43	0.0526296	0.00404502	0.00980595	0.0265928	0.0212822	0.0152538	0.0124501	0.211842	0.0199083	0.105546	0.0348616	0.0148915	0.0127034	0.0189638	0.0180108	0.0444766	0.0903513	0.272408	0.00358519	0.0103926
44	0.0813668	0.00095894	0.0227572	0.0698663	0.0702866	0.00210085	0.0710304	0.0317588	0.0774811	0.146457	0.0308682	0.0401696	0.00118867	0.0393988	0.0573184	0.0482093	0.0612518	0.0139913	0.0315429	0.101997
45	0.0675487	0.0016079	0.238636	0.30758	0.0169029	0.00595731	0.00970446	0.0172973	0.0564515	0.0413428	0.00281169	0.0368376	0.00110497	0.0386157	0.0286312	0.0925145	0.0210304	0.0121087	0.00104421	0.00227275
46	0.294652	0.0365685	0.00759046	0.0126877	0.00929825	0.0344506	0.00758123	0.0110372	0.0143787	0.0189283	0.00695526	0.0117156	0.0129769	0.0116329	0.0150511	0.394526	0.0532355	0.0393643	0.00314219	0.00422782
47	0.00513147	0.0011124	0.71827	0.130282	0.00246302	0.00298357	0.00267977	0.00359081	0.00264578	0.00435986	0.0025154	0.0920285	0.00121255	0.0113934	0.00283582	0.00523449	0.00395376	0.00410974	0.00117417	0.00202364
48	0.0693868	0.000864206	0.00115239	0.0011196	0.142261	0.0160585	0.00229488	0.227632	0.00119194	0.209209	0.022605	0.000923435	0.0224965	0.00133526	0.00236873	0.0189205	0.0111937	0.229838	0.000739903	0.0184078
49	0.0301773	0.00491247	0.00129031	0.00215976	0.230929	0.00246312	0.0197981	0.252827	0.00183545	0.131627	0.025526	0.00181947	0.00567326	0.00265841	0.0062092	0.0110415	0.00830952	0.170559	0.00788546	0.0822993
50	0.00881347	0.000775688	0.0010489	0.00212041	0.442553	0.00137932	0.0197888	0.00824006	0.00169362	0.0395709	0.00206114	0.00151545	0.000795013	0.00252256	0.00226983	0.00295868	0.00265531	0.00420209	0.025096	0.429939
51	0.0260039	0.000681164	0.00369243	0.00473689	0.0147926	0.00388771	0.00241156	0.376919	0.00292869	0.0899708	0.0284063	0.00130439	0.0026259	0.00555939	0.00482398	0.00661815	0.022583	0.397915	0.000722221	0.00341731
52	0.0959288	0.0098549	0.0294665	0.0371109	0.00852187	0.023741	0.0225023	0.0112661	0.0417281	0.0461298	0.0149614	0.0222199	0.3134	0.0228534	0.0295164	0.187938	0.0411886	0.0318613	0.00270286	0.00710775
53	0.0543928	0.00613842	0.00279088	0.00519023	0.347892	0.0100316	0.0281824	0.103557	0.00437681	0.130387	0.0223642	0.00325752	0.0139939	0.00387881	0.00704446	0.0174262	0.0115279	0.0869262	0.00911719	0.131524
54	0.0302099	0.00389153	0.00441892	0.00729658	0.395792	0.0082937	0.0185888	0.0587652	0.00803001	0.0840991	0.0142424	0.0119529	0.00873276	0.00999709	0.00945335	0.0222283	0.0154748	0.0433578	0.0188604	0.226315
55	0.330094	0.0441733	0.00119777	0.00182916	0.00205717	0.0312796	0.00170119	0.00266356	0.00168762	0.00847884	0.0026267	0.00263368	0.00695616	0.001816	0.00236062	0.474602	0.0504219	0.0314274	0.000856656	0.00113702
56	0.323312	0.04365	0.00131938	0.00273782	0.00316138	0.0310593	0.00188601	0.0035459	0.00263721	0.0107529	0.00351461	0.00342447	0.00771694	0.0028636	0.00325418	0.466765	0.053859	0.0322066	0.000994415	0.00133897
57	0.0243977	0.00152951	0.00281055	0.00514099	0.0285519	0.00460034	0.00265715	0.265942	0.00506712	0.313474	0.0631727	0.00213228	0.00409372	0.0023025	0.00321306	0.00774632	0.0250369	0.231461	0.00155016	0.00511962
58	0.267203	0.0597858	0.00351154	0.00935445	0.0138922	0.0330322	0.00653121	0.00691905	0.00625806	0.0156039	0.00495026	0.0168853	0.00700239	0.00517838	0.0104655	0.440498	0.0500092	0.0307874	0.00734972	0.00478158
59	0.017098	0.00264316	0.00124386	0.00214388	0.430526	0.00153989	0.0239922	0.0224427	0.00165032	0.0583983	0.00588332	0.00166362	0.00269806	0.00253523	0.00302405	0.00468541	0.00400874	0.0140887	0.0240718	0.375663
60	0.042305	0.00254138	0.0739959	0.119145	0.0437681	0.0240059	0.0305668	0.0953656	0.0526254	0.0469995	0.01979	0.0762149	0.00343066	0.0990342	0.0478628	0.0467264	0.0663231	0.0926678	0.00547185	0.0111599
61	0.0804267	0.020808	0.0759469	0.389834	0.00654279	0.0574506	0.011345	0.0111222	0.0497431	0.0161791	0.023096	0.0154094	0.00262193	0.0439112	0.102829	0.0587845	0.0150283	0.0119819	0.00316647	0.00377245
62	0.0396972	0.00104282	0.000688258	0.000942793	0.00525496	0.00794208	0.00118548	0.181936	0.00689959	0.354785	0.0595588	0.000878214	0.00410778	0.00142897	0.00227477	0.00305914	0.0204922	0.306426	0.000429744	0.00097051
63	0.0293533	0.000982644	0.000550948	0.000899345	0.00253217	0.00675129	0.000825041	0.18553	0.00689326	0.353673	0.0704983	0.000994584	0.00257913	0.000957923	0.00199809	0.00198235	0.0208645	0.311173	0.000459346	0.000501926
64	0.0678624	0.00168949	0.238203	0.308323	0.0164789	0.00641094	0.00943738	0.016862	0.05848	0.0400307	0.00294065	0.0362116	0.00110881	0.0387882	0.0290342	0.091199	0.0212373	0.0123564	0.00107897	0.00226727
65	0.0389289	0.00893695	0.00199741	0.0035495	0.232875	0.00288084	0.0368547	0.145673	0.00301605	0.138243	0.0385539	0.00331135	0.00834735	0.00471822	0.0164047	0.0134321	0.0128969	0.0673506	0.0368943	0.185135
66	0.0278207	0.000869101	0.00060535	0.00113766	0.00371546	0.00640844	0.00082255	0.181313	0.00657295	0.391945	0.0637163	0.000885471	0.00277932	0.000911763	0.00181272	0.00229228	0.0205792	0.284783	0.000460088	0.000569636
67	0.0680925	0.00137399	0.0636129	0.126145	0.0067974	0.0459386	0.0334032	0.0204909	0.122396	0.0331655	0.0428235	0.0513274	0.00429917	0.0815153	0.103893	0.0777172	0.0746728	0.0248807	0.0118396	0.00561521
68	0.0879106	0.000592543	0.0642009	0.0952006	0.00198424	0.0268634	0.0507704	0.00238849	0.1065	0.0311653	0.007845	0.0502175	0.187844	0.0284678	0.0567217	0.115376	0.0644271	0.0191627	0.000890711	0.00147052
69	0.0841047	0.00200361	0.0201224	0.0807706	0.0691628	0.00551451	0.0709248	0.0291872	0.0697727	0.131749	0.0290201	0.0356445	0.0022199	0.0335405	0.0575392	0.0512565	0.0543117	0.0167057	0.0483223	0.108128
70	0.0169266	0.00188809	0.00311511	0.00770067	0.337558	0.00413978	0.0288196	0.0171426	0.007425	0.0435135	0.0072792	0.00538754	0.00183918	0.00591313	0.00888343	0.00915277	0.00849511	0.00964518	0.0514044	0.423771
71	0.00554365	0.000693594	0.0016682	0.0411862	0.00138192	0.0145832	0.0204622	0.00961607	0.302535	0.0145649	0.00135705	0.0572145	0.00061345	0.13102	0.353616	0.0286468	0.00768465	0.00246342	0.00431474	0.000834601
72	0.0139824	0.000628207	0.00435173	0.0324012	0.00159263	0.0159049	0.0186032	0.00682569	0.247526	0.0157676	0.00201939	0.042871	0.000709634	0.106397	0.438938	0.0293963	0.00849527	0.00699475	0.00533374	0.00126153
73	0.0465478	0.0222957	0.0056518	0.0051675	0.0965028	0.0566035	0.0219249	0.00728316	0.0172338	0.0104944	0.00598702	0.131692	0.00233723	0.00828868	0.0644609	0.363881	0.0430208	0.00828973	0.0610398	0.0212978
74	0.0665316	0.00219179	0.0708463	0.0661366	0.00461556	0.284704	0.0114595	0.00688436	0.0867145	0.00810307	0.0122368	0.072631	0.0148083	0.0785417	0.0673396	0.104919	0.0283307	0.00688972	0.0023815	0.00373477
75	0.0888061	0.0100337	0.0496174	0.0554226	0.0248316	0.194881	0.0197401	0.033632	0.0583339	0.0497569	0.0197673	0.0473683	0.0250497	0.0504119	0.0573038	0.10977	0.0392155	0.0471673	0.00833313	0.0105574
76	0.0637822	0.00261757	0.00558306	0.00865644	0.0079397	0.00858827	0.00701745	0.011049	0.143886	0.0398149	0.00860913	0.00948009	0.00293259	0.016909	0.531279	0.0150468	0.0105124	0.0725513	0.0277883	0.00595651
77	0.0114567	0.00329244	0.639764	0.123321	0.00394546	0.0158051	0.010042	0.00584488	0.0128896	0.00767642	0.00405238	0.0925036	0.00380369	0.0182165	0.0114796	0.0166585	0.00866436	0.00584209	0.00184357	0.00289814
78	0.0678571	0.00601556	0.046494	0.0593285	0.0168392	0.0378132	0.168992	0.0264584	0.0738426	0.0353441	0.0163585	0.0458051	0.0195706	0.120448	0.0986233	0.0571185	0.0461721	0.0321544	0.00776441	0.0170001
79	0.0149948	0.000324721	0.00358085	0.000905472	0.0101518	0.00110565	0.000903011	0.439153	0.000830742	0.0574066	0.0266079	0.000639671	0.000488588	0.000734174	0.00303777	0.00396403	0.0220299	0.410361	0.000351615	0.00242938
80	0.0454309	0.00138583	0.00112355	0.00168734	0.180706	0.00949622	0.00532942	0.273957	0.00110561	0.175294	0.0220979	0.0010757	0.014714	0.00142285	0.00231289	0.0138814	0.00855643	0.20905	0.00128394	0.0300892
81	0.0668656	0.00208086	0.0025854	0.00500774	0.100056	0.0200068	0.00499604	0.1228	0.00443758	0.185845	0.0584626	0.00381973	0.129983	0.00804427	0.00441904	0.0298515	0.0129649	0.223645	0.00228917	0.0118398
82	0.138005	0.033955	0.00581076	0.00874163	0.0187787	0.00919135	0.00713515	0.157706	0.00888721	0.238061	0.17238	0.00838521	0.00625732	0.00861822	0.00960966	0.0145624	0.0197557	0.123561	0.0041362	0.0064626
83	0.121988	0.00824021	0.0344507	0.0429573	0.0136685	0.0713558	0.126438	0.0177335	0.0406792	0.0260878	0.0196049	0.0326774	0.0195229	0.120752	0.0460011	0.106845	0.108404	0.0276019	0.00497227	0.0100201
84	0.0411	0.0133387	0.183367	0.0770964	0.0103388	0.0253446	0.209602	0.0180239	0.0455345	0.023911	0.0115163	0.102334	0.0139177	0.0398963	0.0434445	0.0544701	0.0466635	0.0214589	0.00588271	0.0127581
85	0.0644851	0.00418467	0.0336352	0.0438378	0.0201815	0.0250264	0.0286488	0.0293022	0.0475007	0.0709755	0.0214748	0.0262934	0.32885	0.0275515	0.0295151	0.0975094	0.0370606	0.05222	0.00299446	0.00875335
86	0.0396857	0.00731594	0.011736	0.0243477	0.0230572	0.0196097	0.0164363	0.0298181	0.0186835	0.090408	0.201709	0.157895	0.00882562	0.0192331	0.0371155	0.0309487	0.0337197	0.129336	0.0826887	0.0174314
87	0.306118	0.040105	0.00397002	0.00476778	0.0056842	0.0458863	0.00294391	0.00450248	0.0055683	0.010536	0.00518477	0.00845589	0.00880024	0.00500564	0.00758877	0.448383	0.0499683	0.0313438	0.00225693	0.00292999
88	0.0123921	0.00223398	0.0024711	0.0135845	0.0711074	0.00360451	0.00314464	0.0897599	0.00377943	0.463448	0.199214	0.00448765	0.00273676	0.00515165	0.00511676	0.0225683	0.0446407	0.0349903	0.00628177	0.00928689
89	0.0617471	0.00256355	0.0185302	0.0524016	0.0480889	0.00632538	0.0726338	0.027003	0.141826	0.125363	0.0459381	0.0299318	0.00235641	0.0275796	0.0723678	0.037124	0.0468328	0.0194757	0.0488863	0.113025
90	0.0596784	0.0159891	0.0179383	0.0198205	0.0741129	0.0783556	0.019338	0.00854695	0.0549843	0.0116717	0.00732025	0.110767	0.00337685	0.0239956	0.0879746	0.292676	0.0400048	0.0090302	0.0478694	0.0165496
91	0.0952835	0.000889447	0.0529805	0.0872863	0.00223216	0.0254253	0.0510628	0.00316861	0.103679	0.032496	0.0100461	0.0520717	0.17576	0.029847	0.0599629	0.122326	0.0741407	0.0188461	0.000891024	0.00160577
92	0.330289	0.045118	0.00114124	0.00176565	0.00196047	0.031662	0.00156855	0.00248669	0.0016565	0.00834678	0.00257326	0.00252841	0.00709853	0.00180084	0.00224989	0.474354	0.0494695	0.0319654	0.000831253	0.00113421
93	0.0161611	0.000437939	0.00331001	0.00104549	0.00950668	0.00145121	0.000921911	0.418284	0.00114492	0.0711369	0.0381439	0.000750946	0.000563535	0.000769396	0.00337354	0.00400623	0.0231869	0.403027	0.000404492	0.00237429
94	0.0255113	0.00511996	0.0065645	0.012423	0.327906	0.0093818	0.0132764	0.0369583	0.00854191	0.245096	0.026999	0.010087	0.00621336	0.0463007	0.0122876	0.0200484	0.0206619	0.026291	0.0606819	0.0796499
95	0.0276057	0.000808328	0.00113736	0.000836109	0.00451609	0.00618208	0.000979601	0.226755	0.00574916	0.312811	0.0517666	0.000713694	0.00234484	0.000889577	0.00207958	0.00248673	0.0202556	0.330613	0.000415717	0.00105509
96	0.0274991	0.000857798	0.000543734	0.00121026	0.00598282	0.0063681	0.000887701	0.177396	0.0061169	0.408494	0.0639899	0.00103847	0.00321157	0.00118986	0.00173799	0.00312338	0.0198154	0.269244	0.000507243	0.000786119
97	0.30907	0.0461963	0.00127291	0.00222659	0.0177865	0.0251991	0.00179623	0.0142601	0.00196609	0.0361646	0.00269034	0.00277208	0.0123139	0.00386832	0.00258053	0.408235	0.0620215	0.0473263	0.000887225	0.00136693
98	0.020823	0.00243521	0.578488	0.125842	0.00636763	0.0131945	0.013442	0.00951472	0.0203283	0.0143983	0.0059776	0.0816934	0.010118	0.0194944	0.0140785	0.029134	0.0148176	0.0128706	0.00193119	0.00505168
99	0.0366763	0.00431063	0.0029569	0.010491	0.149139	0.00848019	0.0134733	0.107188	0.00528279	0.332918	0.12176	0.0058078	0.0114442	0.00643754	0.00829964	0.0235439	0.0323958	0.0658197	0.00989937	0.0436761
100	0.0218622	0.00201532	0.0347539	0.133972	0.0203028	0.00408099	0.00319513	0.253565	0.00571864	0.109603	0.0421034	0.00827975	0.00204691	0.0749764	0.00670472	0.00919057	0.0916649	0.170195	0.00264699	0.00312241
101	0.319405	0.034015	0.0042099	0.00584003	0.00598694	0.0442181	0.00562341	0.0183472	0.00657531	0.020387	0.00825194	0.00506063	0.00901893	0.00787807	0.00673954	0.361967	0.0435566	0.0871222	0.00198413	0.00381321
102	0.0472103	0.0235608	0.00468856	0.00419458	0.0962744	0.0537597	0.01804	0.00671512	0.0175974	0.00962866	0.00534607	0.133178	0.00212055	0.0068913	0.0678996	0.371983	0.0412245	0.00726706	0.0603456	0.0220751
103	0.0918969	0.00156886	0.000808754	0.00160194	0.145669	0.0266538	0.00367767	0.146669	0.00115655	0.293791	0.0376989	0.00116651	0.0425421	0.0017046	0.00167053	0.0292685	0.0123388	0.14023	0.000989567	0.0188971
104	0.0514213	0.000814293	0.103483	0.137532	0.00746852	0.055539	0.0521027	0.0231572	0.118006	0.0238253	0.0155396	0.0559072	0.00367266	0.0915292	0.110718	0.0837481	0.0341064	0.0188422	0.00655799	0.00602951
105	0.0451408	0.00372147	0.0400853	0.0740864	0.0142313	0.0352529	0.0318648	0.0303816	0.204242	0.040737	0.0153191	0.0446299	0.0232563	0.0769655	0.169841	0.0639604	0.0330452	0.0325917	0.00812413	0.0125229
106	0.021807	0.00173444	0.565882	0.123011	0.00725989	0.0149926	0.0134631	0.00995439	0.0241033	0.014745	0.00556892	0.0758825	0.0144865	0.0224613	0.0246897	0.0271335	0.0142088	0.0106491	0.00249648	0.0054711
107	0.0151842	0.000299711	0.00341425	0.000935698	0.0130217	0.00104192	0.000956292	0.441578	0.000855707	0.0591294	0.0259836	0.000649945	0.000445868	0.000724522	0.00323397	0.0040472	0.0226036	0.402556	0.000362478	0.00297598
108	0.0151075	0.000306843	0.00385876	0.000952333	0.0101266	0.00104451	0.000969606	0.44122	0.000773703	0.0513776	0.0263122	0.000666419	0.000471009	0.000825142	0.00313139	0.00424499	0.0220913	0.413496	0.000453301	0.00257099
109	0.145344	0.00144387	0.00129904	0.00308955	0.0984223	0.0367913	0.00783484	0.146086	0.00342543	0.211073	0.0247253	0.00270314	0.0315981	0.00649949	0.00405875	0.0378662	0.0145333	0.209433	0.00121359	0.0125607
110	0.0635149	0.00496471	0.0285114	0.0436857	0.026994	0.0204843	0.0274514	0.0298981	0.0437999	0.0767791	0.0248178	0.0253957	0.333319	0.02553	0.0279459	0.0918011	0.0355985	0.0550803	0.00296073	0.0114674
111	0.030288	0.00498926	0.00815096	0.0184803	0.247353	0.00631542	0.0893038	0.0308309	0.0143672	0.0621271	0.0118663	0.0131717	0.00911679	0.0101468	0.0130103	0.0175269	0.0201852	0.0267651	0.0287064	0.337298
112	0.167369	0.00328101	0.00443236	0.0785533	0.00510746	0.0336394	0.00476125	0.0320167	0.0706512	0.0416309	0.0579539	0.012373	0.00648702	0.0512112	0.062423	0.131623	0.109844	0.119863	0.00320945	0.00357031
113	0.113171	0.00615242	0.0422675	0.0601316	0.0116951	0.0257249	0.114667	0.0156106	0.0669301	0.0382577	0.0132298	0.0395968	0.152824	0.0318306	0.0456714	0.090889	0.0637127	0.0372699	0.00293193	0.0274364
114	0.0332148	0.00665724	0.0085234	0.0205822	0.0185798	0.0114094	0.0128565	0.0318759	0.013724	0.243127	0.163026	0.144136	0.00739351	0.0148976	0.0711573	0.0241578	0.0261105	0.111755	0.0261242	0.0106925
115	0.043661	0.000950651	0.000720574	0.00100103	0.0193577	0.0118545	0.0020268	0.192496	0.00595108	0.327476	0.0518984	0.000910534	0.00696917	0.00130067	0.00191647	0.00564118	0.0192345	0.303372	0.000508468	0.00275281
116	0.0708761	0.00106518	0.105487	0.0966677	0.00504813	0.141322	0.0270724	0.00746335	0.0967009	0.0156441	0.00926535	0.0608891	0.0714291	0.0641848	0.0745936	0.0983308	0.0354065	0.011033	0.00259623	0.00492509
117	0.0515155	0.000813696	0.103873	0.137571	0.00740751	0.0556189	0.0523236	0.0225588	0.11821	0.0236899	0.0155374	0.0559703	0.00363094	0.0914913	0.110809	0.0837128	0.0342044	0.0184498	0.00656034	0.00605144
118	0.038087	0.00276851	0.0224405	0.043529	0.00954387	0.0272566	0.0217278	0.0174528	0.142405	0.0338739	0.011318	0.0357499	0.0105281	0.0568878	0.406855	0.0505019	0.0245527	0.0293865	0.00879385	0.00634111
119	0.0855398	0.000801846	0.0530681	0.0820034	0.00229045	0.0263371	0.05933	0.00249823	0.106153	0.0285463	0.00831731	0.0531681	0.174816	0.0264714	0.0638396	0.1249	0.0824482	0.0168036	0.000966484	0.00170044
120	0.0402386	0.00225207	0.00391532	0.00816461	0.0110097	0.0105672	0.00510777	0.128997	0.0107152	0.0409681	0.0311724	0.0518737	0.00283471	0.0328609	0.0104483	0.0783703	0.457799	0.0647461	0.00289685	0.00506209
121	0.048363	0.00487274	0.00506806	0.0135128	0.186905	0.0140279	0.0177875	0.0943869	0.00722335	0.294703	0.0571451	0.0084242	0.0147571	0.00966199	0.00836008	0.0259722	0.0258233	0.0687767	0.011648	0.0825808
122	0.0540196	0.0013447	0.00113727	0.00260094	0.0456442	0.012799	0.00256859	0.1851	0.00544548	0.330033	0.050485	0.00139379	0.0124316	0.00212563	0.00309533	0.0115622	0.0202229	0.250827	0.000612058	0.0065512
123	0.00816851	0.000780847	0.00110492	0.00228864	0.404261	0.00151117	0.0230923	0.00864463	0.00157766	0.0359479	0.00203803	0.00158786	0.000672555	0.00245677	0.00249458	0.00314832	0.00274502	0.00387365	0.0297497	0.463856
124	0.0600438	0.00152115	0.122876	0.130507	0.00714623	0.142469	0.0293843	0.0141443	0.0969227	0.0181861	0.0113516	0.0554711	0.0184291	0.0725161	0.0760928	0.0872861	0.0336133	0.0130114	0.0039516	0.00507629
125	0.0963377	0.0100915	0.0435169	0.0578263	0.0320154	0.184201	0.0208505	0.0292467	0.0567508	0.0459466	0.0225564	0.0446135	0.0248502	0.0502383	0.0535549	0.117349	0.0393291	0.0458611	0.00995754	0.0149065
126	0.0167373	0.00220584	0.0145235	0.0180673	0.0498178	0.00556259	0.0416344	0.256786	0.234689	0.0785042	0.00736531	0.00508452	0.00260117	0.00800028	0.0498644	0.0601887	0.0393963	0.0970798	0.00306401	0.00882796
127	0.0145678	0.000310808	0.00384873	0.000920913	0.0101645	0.000905041	0.000920173	0.444034	0.000761749	0.051254	0.026255	0.00062769	0.000429204	0.000727936	0.00316731	0.00403255	0.0223382	0.411879	0.000363551	0.0024922
128	0.042137	0.00606277	0.0173761	0.0345231	0.0126292	0.0259815	0.0221563	0.0159019	0.127373	0.0337256	0.0105543	0.0357578	0.00948587	0.0533516	0.423021	0.0521861	0.0251934	0.0332927	0.0106267	0.00866404
129	0.0541798	0.000824788	0.102487	0.13611	0.00730501	0.0551668	0.0522206	0.022595	0.117014	0.0239994	0.0158708	0.0550364	0.00511761	0.0914595	0.109146	0.0844653	0.0357142	0.0187717	0.00656719	0.00594862
130	0.0439843	0.000969115	0.0829015	0.140401	0.00614428	0.0434049	0.0358963	0.0228082	0.188026	0.0288534	0.0172835	0.047126	0.00308562	0.117811	0.0955818	0.0615915	0.0389906	0.0146985	0.0053829	0.00505932
131	0.0291317	0.00289016	0.00267789	0.0110656	0.0400124	0.00690961	0.00472158	0.129341	0.0060785	0.42905	0.137736	0.00718035	0.0104886	0.00600465	0.0074055	0.0186882	0.0288493	0.109466	0.00394294	0.00835974
132	0.077134	0.00490153	0.00789027	0.187768	0.114812	0.185745	0.0102421	0.0169242	0.0532657	0.0239025	0.0537276	0.00975942	0.00497119	0.0112785	0.0134453	0.0191677	0.0187541	0.0648701	0.0606226	0.060818
133	0.0151659	0.00036677	0.00355976	0.00131041	0.00958788	0.00115355	0.000933758	0.434139	0.000894829	0.0583852	0.030684	0.000657796	0.000530608	0.00126696	0.0032088	0.00400677	0.0225011	0.408848	0.00036055	0.00243768
134	0.0360504	0.0018022	0.00327234	0.00565475	0.0310099	0.00518108	0.0622472	0.251627	0.014292	0.0930636	0.00968789	0.00532253	0.00300512	0.00762466	0.0427041	0.0305234	0.050785	0.303681	0.00215001	0.0403156
135	0.0342888	0.00814507	0.00134465	0.00219858	0.2408	0.00229625	0.0351472	0.197585	0.00197879	0.145803	0.0366028	0.00205572	0.00778538	0.00317234	0.00845775	0.013094	0.00917636	0.110746	0.0128843	0.126438
136	0.151581	0.00174814	0.00619286	0.0930021	0.00468282	0.0291191	0.00537889	0.0384666	0.0728667	0.0362156	0.0607886	0.013935	0.00237019	0.063474	0.0561559	0.135571	0.110212	0.112467	0.00353841	0.00223339
137	0.0578139	0.00087016	0.0905057	0.130278	0.0222129	0.0419566	0.0568217	0.0230477	0.109946	0.0465736	0.0174656	0.0548172	0.00333429	0.075331	0.0987814	0.0735476	0.0401905	0.016641	0.0115268	0.0283384
138	0.095111	0.00824192	0.0413695	0.0384177	0.0250535	0.223008	0.0125582	0.0116635	0.0591476	0.0167771	0.0132497	0.0804675	0.0171107	0.0514215	0.0555018	0.176173	0.0416106	0.0121326	0.0107788	0.0102054
139	0.143183	0.00521801	0.0114577	0.0180568	0.100356	0.0556821	0.00324199	0.0714134	0.00435516	0.0848373	0.0156681	0.0545218	0.00330894	0.0150444	0.0045577	0.167355	0.158678	0.0480509	0.00188558	0.0331286
140	0.171807	0.00165386	0.0033682	0.131963	0.00438178	0.0226441	0.00430549	0.0325021	0.0694936	0.0515644	0.0797718	0.0213992	0.00259491	0.10801	0.0282462	0.0851464	0.116133	0.0585849	0.00393041	0.00250002
141	0.3311	0.0444702	0.00115141	0.00179505	0.00211581	0.0312961	0.00156802	0.00259216	0.00164293	0.00864798	0.00254186	0.00255172	0.00709125	0.00178805	0.002251	0.473561	0.0499765	0.0318915	0.000839398	0.00112835
142	0.0953305	0.00205836	0.00404854	0.0402594	0.00573964	0.0395966	0.00472643	0.0522841	0.0677361	0.0261386	0.0518376	0.016308	0.0022861	0.051524	0.0476806	0.176102	0.238601	0.0714075	0.00306636	0.00326769
143	0.0515155	0.000813696	0.103873	0.137571	0.00740751	0.0556189	0.0523236	0.0225588	0.11821	0.0236899	0.0155374	0.0559703	0.00363094	0.0914913	0.110809	0.0837128	0.0342044	0.0184498	0.00656034	0.00605144
144	0.060308	0.0105825	0.0534038	0.0636405	0.0158809	0.16791	0.0238745	0.0178837	0.098411	0.026057	0.0149073	0.0576461	0.015918	0.0665857	0.133918	0.0973513	0.0346871	0.0240923	0.00882334	0.00811914
145	0.0335758	0.0039406	0.00516357	0.0141318	0.049275	0.0096102	0.00618433	0.113469	0.00866695	0.379319	0.157222	0.0132826	0.00847385	0.0080848	0.0109485	0.0236248	0.0361195	0.0962441	0.00710615	0.0155573
146	0.0813632	0.00602511	0.0192816	0.0280932	0.0131274	0.0258712	0.185325	0.0194619	0.0611876	0.0263525	0.0114586	0.0268377	0.00572519	0.17142	0.206934	0.0399744	0.0343887	0.0220035	0.00604426	0.00912485
147	0.0428662	0.00152978	0.00182029	0.0141914	0.0164214	0.00375956	0.00220218	0.00466439	0.0729585	0.0172949	0.00332373	0.0967759	0.00141166	0.00380305	0.129551	0.409587	0.167626	0.00581513	0.00214972	0.00224817
148	0.272974	0.0360665	0.0107319	0.015636	0.00856141	0.0365061	0.0077902	0.00845669	0.0162238	0.0187916	0.00617116	0.0129367	0.0136721	0.0112348	0.0149403	0.41425	0.056387	0.0325774	0.00253116	0.00356178
149	0.028399	0.00157344	0.0383318	0.0546303	0.0515419	0.0109265	0.0515623	0.145506	0.233127	0.096525	0.0117425	0.0174297	0.00250819	0.0236142	0.0638601	0.0477298	0.0347104	0.0559646	0.0089676	0.0213496
150	0.0350979	0.00357687	0.0108153	0.00917471	0.371102	0.00993324	0.0205615	0.0501714	0.0063184	0.0866525	0.013393	0.00908166	0.00718654	0.00834217	0.00977939	0.0255965	0.0139988	0.0439151	0.0195977	0.245705
151	0.134117	0.144789	0.0178141	0.0266088	0.0448326	0.0425468	0.0339135	0.0327689	0.0222448	0.0584803	0.0267507	0.0425073	0.0125348	0.027798	0.0296799	0.169035	0.0458043	0.0478885	0.0125436	0.0273417
152	0.0442005	0.00525192	0.00690069	0.0195319	0.0607048	0.011301	0.0107018	0.131318	0.0148676	0.346403	0.0680767	0.00980376	0.0177776	0.0115005	0.0168926	0.0250749	0.0298512	0.139281	0.0073156	0.0232447
153	0.0241932	0.0415811	0.0457988	0.0113011	0.0104763	0.00847776	0.358721	0.0149836	0.00759967	0.0163039	0.007564	0.264381	0.0039215	0.0110209	0.0108513	0.0468175	0.0884933	0.0155999	0.00418478	0.00772979
154	0.0708404	0.00629597	0.00279072	0.00312443	0.143779	0.0173531	0.0255838	0.128339	0.00297544	0.226829	0.0289092	0.00273599	0.102004	0.00559833	0.00528395	0.03225	0.0147043	0.109917	0.0038354	0.0668515
155	0.144303	0.0110871	0.0369663	0.0538837	0.0268879	0.0298327	0.1311	0.0328857	0.0506207	0.0525442	0.0196201	0.040415	0.0467592	0.0550195	0.0525848	0.0751495	0.0515746	0.052689	0.00904683	0.0270306
156	0.0844266	0.0086725	0.0231548	0.035316	0.046028	0.117393	0.0199325	0.129432	0.0313803	0.118803	0.0353845	0.025806	0.0153055	0.0301388	0.0322901	0.0629949	0.0427232	0.119528	0.00752451	0.0137664
157	0.0136782	0.00144164	0.636577	0.14371	0.00447028	0.00659915	0.0063281	0.00631227	0.0140061	0.00956455	0.00421517	0.0824738	0.00383934	0.0176147	0.0105946	0.0181099	0.00894299	0.00716156	0.00171202	0.00264913
158	0.0842439	0.00987961	0.0260245	0.0385641	0.0282825	0.0281064	0.0371444	0.0666849	0.0424757	0.0810441	0.0353041	0.0359971	0.0239315	0.0367282	0.0377349	0.0997506	0.187374	0.0734735	0.0083128	0.0189432
159	0.0562376	0.00440317	0.024563	0.0319205	0.0296734	0.0170065	0.0207312	0.0342225	0.0354323	0.0939904	0.0237531	0.0183452	0.357378	0.0242492	0.023379	0.10741	0.0311879	0.0519512	0.0034036	0.0107614
160	0.29392	0.0413078	0.0014022	0.00214958	0.0051756	0.0369093	0.00204965	0.00346114	0.00411208	0.00886908	0.00353877	0.00834084	0.00664771	0.00308218	0.0063263	0.486574	0.051934	0.0294204	0.00279762	0.00198141
161	0.0969693	0.0121481	0.0208665	0.0251719	0.0729247	0.0444623	0.0205842	0.0181444	0.0408441	0.0361145	0.0129091	0.0773446	0.00748613	0.0237089	0.0916732	0.269121	0.0591566	0.0221379	0.0269822	0.0212499
162	0.150528	0.118991	0.0203109	0.0219647	0.0309727	0.0348165	0.0616894	0.0252556	0.0204598	0.0422749	0.0224905	0.130825	0.0108984	0.0270418	0.0316297	0.130059	0.052773	0.0381536	0.0135334	0.0153319
163	0.0362551	0.00181176	0.0165068	0.036014	0.00814492	0.0223129	0.0259982	0.0185813	0.142122	0.0322073	0.00975137	0.0367961	0.010354	0.0582784	0.415882	0.0549079	0.0256166	0.0332597	0.00859338	0.0066064
164	0.0481801	0.00333259	0.00751883	0.0172303	0.0562594	0.0133589	0.00675259	0.136417	0.0137591	0.335126	0.0736444	0.00946545	0.0164069	0.00842354	0.0116299	0.0301295	0.0349614	0.15191	0.00670843	0.0187859
165	0.0112863	0.00133727	0.00123551	0.00235201	0.46794	0.0015527	0.0194819	0.0161234	0.00185907	0.0448554	0.00421648	0.00186802	0.00132129	0.0029247	0.00286663	0.00408792	0.00342967	0.00902812	0.0223952	0.379839
166	0.0171357	0.00170929	0.603266	0.126435	0.00728752	0.0170302	0.0105328	0.00780312	0.0182974	0.0128221	0.00539701	0.0801275	0.00457817	0.0219007	0.0156994	0.0224767	0.0107548	0.00898873	0.00239963	0.00535834
167	0.331866	0.0438261	0.00159733	0.00208093	0.0025573	0.0314542	0.00181554	0.00282603	0.00234285	0.00877574	0.00263479	0.00303136	0.00691513	0.00193935	0.00324608	0.469616	0.0492957	0.0318327	0.000850257	0.00149621
168	0.0232133	0.000745961	0.00255629	0.00205628	0.0163772	0.00409165	0.00150167	0.355195	0.00321	0.156162	0.0361874	0.00102047	0.002614	0.00154501	0.00331157	0.00516806	0.0238034	0.356841	0.00056153	0.00383831
169	0.249409	0.00303968	0.0037267	0.00825664	0.00909169	0.0212881	0.0147798	0.0889188	0.0115592	0.0601868	0.0176392	0.00544876	0.0123071	0.0326424	0.0114887	0.0324621	0.0148076	0.396444	0.0027388	0.00376449
170	0.178409	0.0265626	0.0228842	0.0280371	0.0216318	0.0486027	0.0148568	0.0171907	0.0332161	0.0282674	0.0110521	0.0336331	0.0287126	0.0224054	0.0368123	0.337966	0.0550638	0.0378646	0.00834172	0.00849029
171	0.0739899	0.00774352	0.0207992	0.0275206	0.0370564	0.0885902	0.0974127	0.0697973	0.0294177	0.160449	0.0269953	0.0229866	0.0189832	0.0281598	0.0291598	0.0410136	0.0343778	0.155266	0.00753854	0.0227433
172	0.130638	0.1553	0.0237857	0.0315344	0.0340666	0.0362816	0.0421021	0.0368652	0.0190578	0.0556849	0.0257263	0.0511005	0.0141561	0.025725	0.028534	0.161848	0.0485046	0.0474628	0.0106923	0.0209353
173	0.0151908	0.000332199	0.0036121	0.00120569	0.0106247	0.000926353	0.000938743	0.44879	0.000728852	0.0529257	0.0261268	0.000629398	0.000438302	0.000788612	0.00332247	0.00424185	0.0240085	0.402117	0.00041495	0.00263711
174	0.0590376	0.00322911	0.0321694	0.0425016	0.0215929	0.0254235	0.0276475	0.0258245	0.0475728	0.069486	0.0264776	0.0268359	0.337946	0.0269972	0.0308878	0.0929696	0.0393775	0.0512613	0.00384457	0.00891764
175	0.0251691	0.000584163	0.00160561	0.00112124	0.00750272	0.00527051	0.000856624	0.269002	0.0046668	0.266463	0.0455868	0.000703698	0.00227572	0.000899311	0.00237432	0.00268319	0.0208386	0.340409	0.000385437	0.00160218
176	0.0157486	0.000335462	0.00394751	0.001619	0.010476	0.00104646	0.00101243	0.446163	0.000938847	0.0578499	0.026783	0.000782663	0.000571421	0.00102408	0.00344502	0.00465994	0.0277282	0.392747	0.000449388	0.00267247
177	0.0147581	0.00030241	0.00357554	0.000917165	0.0103654	0.000910051	0.000923275	0.445448	0.000734576	0.0517254	0.0261942	0.000619991	0.00039376	0.000720053	0.00319763	0.00405731	0.022505	0.409731	0.000352891	0.00256829
178	0.16801	0.0233431	0.0203212	0.0271993	0.0225101	0.0409675	0.0136254	0.0143349	0.0337048	0.0262875	0.0121351	0.0393396	0.0228305	0.0193479	0.0423724	0.361766	0.0660722	0.0291258	0.00894789	0.00775921
179	0.0752116	0.00254508	0.117168	0.0831572	0.00582242	0.0447992	0.0419347	0.00745779	0.0853628	0.0296441	0.00996501	0.0464481	0.162886	0.0321796	0.0544087	0.118745	0.0546559	0.0186468	0.00297683	0.00598597
180	0.0511992	0.000765054	0.107528	0.141891	0.00805832	0.0541906	0.0517277	0.0222652	0.116263	0.0239742	0.0147503	0.0565478	0.00363164	0.0895714	0.108397	0.0844841	0.033817	0.0182	0.00635755	0.00638035
181	0.020768	0.000543267	0.00393897	0.00455518	0.0121963	0.00268848	0.00212184	0.3845	0.00318984	0.132618	0.0321345	0.00124771	0.00141095	0.00311599	0.00501301	0.00552348	0.0335975	0.346683	0.000561297	0.00359284
182	0.0503982	0.00393806	0.0545759	0.189878	0.0153601	0.0235003	0.0185406	0.0606019	0.0515033	0.051491	0.0222546	0.0256683	0.00904371	0.123581	0.042888	0.0435426	0.041687	0.158417	0.00587424	0.00725629
183	0.0787873	0.00443951	0.00380599	0.00496078	0.148877	0.0218784	0.015452	0.123561	0.00678245	0.260322	0.0360459	0.00312262	0.0760801	0.00532236	0.00457776	0.0335995	0.0164636	0.118367	0.00315411	0.0344009
184	0.0627161	0.00367548	0.0329067	0.0424545	0.0246777	0.0241838	0.0288003	0.0316636	0.0453358	0.0738926	0.0231019	0.0259978	0.324938	0.0273662	0.0321599	0.092864	0.0364715	0.0529177	0.00340299	0.0104733
185	0.00931317	0.000640082	0.000998925	0.00186956	0.518013	0.00125978	0.0156334	0.00673697	0.00152475	0.0399575	0.00198618	0.00154692	0.000745041	0.00249409	0.00216927	0.00287146	0.00243447	0.00490881	0.020809	0.364088
186	0.0577907	0.00616926	0.121528	0.2085	0.0164525	0.0404643	0.0302385	0.0373773	0.0713454	0.0526168	0.0218378	0.0401683	0.0181037	0.0550295	0.0636011	0.0613455	0.0403245	0.0369291	0.0076121	0.0125657
187	0.0660175	0.00499421	0.161157	0.0996619	0.00964401	0.154991	0.0248526	0.0139425	0.0760019	0.0209994	0.0126304	0.0579115	0.028954	0.0617409	0.0658102	0.082627	0.0297817	0.0160312	0.00421603	0.00803516
188	0.0288149	0.00189921	0.0420549	0.108191	0.0260205	0.00352855	0.00371412	0.322886	0.00517701	0.108227	0.045686	0.00670439	0.00207932	0.0332274	0.00614931	0.00860393	0.0990827	0.142205	0.00241436	0.00333487
189	0.0263783	0.000882209	0.000651776	0.000993876	0.00394011	0.00598054	0.000963125	0.198147	0.00605721	0.389725	0.0576135	0.000934979	0.0027059	0.000879039	0.00179234	0.00242184	0.0197207	0.279012	0.000476223	0.00072478
190	0.00611064	0.00244106	0.695506	0.123459	0.00339457	0.00315374	0.0110055	0.00417428	0.00250567	0.00473663	0.00295509	0.101426	0.00146465	0.0110011	0.00370281	0.00819325	0.00625589	0.00468513	0.00156469	0.00226461
191	0.022095	0.00393045	0.00454781	0.00909017	0.325378	0.0056182	0.0350784	0.0269164	0.00702413	0.0543577	0.010467	0.00609538	0.00400068	0.00666991	0.00788958	0.013167	0.0125344	0.0181519	0.0304028	0.396585
192	0.0426943	0.00144618	0.00188006	0.0145511	0.0159813	0.00368715	0.00247125	0.00472909	0.0740284	0.017268	0.00329269	0.0966921	0.00168084	0.00388398	0.129822	0.407457	0.168684	0.00584036	0.00175164	0.00215902
