431	20
1	0.0922809	0.0225465	0.0568401	0.0223761	0.00369775	0.0357546	0.00456635	0.023577	0.00975447	0.00770303	0.016394	0.0641495	0.0909481	0.0442145	0.0611543	0.169717	0.120117	0.122561	0.0287587	0.00288885
2	0.00936649	0.00684003	0.00141729	0.00340921	0.107075	0.00238367	0.00654227	0.145173	0.00557045	0.429979	0.0913202	0.00753893	0.00359103	0.0066576	0.00570109	0.00938021	0.0131246	0.118608	0.00115254	0.0251689
3	0.0350728	0.0760359	0.00384235	0.00522159	0.00374275	0.0596236	0.0365023	0.0158673	0.137749	0.0298721	0.0235316	0.0155729	0.0236389	0.0355179	0.238981	0.105287	0.140156	0.00929217	0.00111184	0.00338085
4	0.0188752	0.00269715	0.26774	0.501925	0.00120418	0.0191323	0.0108251	0.00624631	0.0413563	0.00599834	0.00291348	0.0247247	0.00197053	0.0271516	0.0103768	0.0146764	0.00917672	0.0281775	0.000576357	0.00425596
5	0.00805902	0.00123534	0.00154686	0.00147045	0.805265	0.00156391	0.00180191	0.00249635	0.00179521	0.010827	0.00139662	0.00200658	0.000932684	0.00154353	0.00165097	0.010353	0.00237536	0.00242942	0.000427146	0.140823
6	0.0784022	0.00821048	0.0187248	0.0228613	0.0159715	0.0293819	0.0103155	0.00753621	0.0226347	0.00988842	0.00448622	0.0408163	0.0226377	0.00941768	0.0185111	0.459617	0.202338	0.0140899	0.000885057	0.00327356
7	0.00745253	0.00494486	0.00101959	0.00117462	0.121774	0.00233583	0.00629129	0.0669863	0.00152288	0.623621	0.05426	0.00421407	0.00278372	0.00734381	0.00291891	0.00284289	0.00860194	0.0653193	0.00171459	0.0128777
8	0.0555387	0.000955143	0.256258	0.306307	0.000932988	0.0179885	0.0056898	0.035195	0.00926472	0.0271683	0.0110919	0.0596323	0.000495709	0.0278162	0.00487371	0.0531308	0.0696714	0.0532193	0.000258076	0.0045119
9	0.0555542	0.000956757	0.255865	0.30538	0.000934484	0.0179317	0.00570529	0.0353174	0.00909567	0.0274308	0.0111091	0.0598377	0.000496012	0.0278983	0.00499576	0.0530779	0.0701705	0.0535087	0.000258471	0.00447653
10	0.00963178	0.00391218	0.00166038	0.00485442	0.0463989	0.00303509	0.00561501	0.140909	0.00615568	0.521753	0.0901309	0.00472029	0.00412175	0.00551402	0.00674569	0.0126524	0.0172609	0.108029	0.00128645	0.00561276
11	0.00934676	0.00805125	0.000811242	0.022157	0.00206236	0.0208446	0.00670299	0.00304686	0.296443	0.013076	0.0134545	0.0466711	0.000694571	0.0463539	0.412479	0.0342786	0.0388426	0.0151148	0.00853383	0.00103468
12	0.134174	0.00312662	0.0293658	0.0591105	0.00731433	0.0582549	0.00675066	0.0987992	0.0675974	0.0424017	0.0319756	0.0335065	0.00810133	0.00993764	0.0354243	0.0944459	0.1387	0.135902	0.000359336	0.0047512
13	0.682991	0.00372737	0.00452646	0.00273148	0.00233527	0.0424432	0.00134514	0.0106917	0.00231257	0.00464843	0.00226846	0.00222829	0.00797711	0.00195164	0.00221201	0.119234	0.0444863	0.0578361	0.0015003	0.00255324
14	0.128016	0.0143109	0.0296269	0.0368644	0.0146174	0.0283562	0.0144142	0.0414479	0.042238	0.0431838	0.0217423	0.0523448	0.0261124	0.0225798	0.0320464	0.204579	0.170774	0.0595638	0.00323756	0.013944
15	0.0572734	0.0579133	0.136304	0.103075	0.00343346	0.0530742	0.0416686	0.0101808	0.0586798	0.0129657	0.00330897	0.207985	0.00381826	0.0446752	0.0500402	0.110599	0.0207943	0.00871544	0.00132908	0.0141662
16	0.0975428	0.0845548	0.060562	0.0654973	0.00587968	0.119331	0.0563318	0.0094995	0.0224078	0.0149722	0.00364106	0.141838	0.00348311	0.0231841	0.0290372	0.188478	0.026203	0.0126248	0.00165147	0.0332812
17	0.00951347	0.00575033	0.00233373	0.00235102	0.727941	0.00266792	0.00602405	0.0126649	0.00344358	0.0369981	0.00693234	0.00475347	0.00158553	0.00368383	0.00409499	0.0165148	0.0049783	0.0103302	0.000880346	0.136558
18	0.123225	0.116429	0.0064443	0.0127961	0.00666883	0.0400909	0.0232065	0.0235675	0.00666444	0.00867761	0.00450813	0.122537	0.00330009	0.00586329	0.01353	0.374863	0.0452906	0.0112769	0.000950377	0.0501097
19	0.317104	0.00331108	0.0126639	0.0254708	0.00780422	0.0191408	0.0043524	0.0116611	0.0181602	0.0335752	0.0178745	0.00646212	0.197932	0.0167782	0.0150358	0.120053	0.126192	0.0435804	0.000705737	0.00214356
20	0.0114502	0.001813	0.316737	0.463576	0.000601735	0.0353877	0.0128736	0.00232107	0.0338178	0.00128909	0.000644504	0.0530402	0.000483884	0.023363	0.00598952	0.0156901	0.00299344	0.0142801	0.000242121	0.00340612
21	0.0282032	0.0240863	0.0235728	0.0179904	0.201945	0.00319096	0.0683425	0.0151913	0.0136151	0.109365	0.0233061	0.0592956	0.0160253	0.0192411	0.0333521	0.11357	0.0319776	0.00671692	0.00960529	0.181407
22	0.0304901	0.00252316	0.00311646	0.00419947	0.00674945	0.00279215	0.00391947	0.270734	0.00268049	0.0551426	0.0234501	0.00224533	0.00137444	0.00350261	0.00323323	0.00867954	0.0268058	0.546031	0.000479201	0.00185094
23	0.0306389	0.00238634	0.00298743	0.00380161	0.007824	0.00263878	0.00373449	0.272378	0.00225483	0.0508976	0.0204269	0.00255762	0.00148993	0.003202	0.00311167	0.0080063	0.0259926	0.553133	0.000488716	0.00204985
24	0.111535	0.0305708	0.0289948	0.0267433	0.0206086	0.030476	0.0191039	0.0224196	0.0238978	0.0277956	0.0118319	0.0627957	0.0352577	0.0152134	0.0213409	0.348591	0.11386	0.0288063	0.00450311	0.0156542
25	0.0241212	0.00226696	0.230401	0.353241	0.00151746	0.182914	0.0121388	0.00717085	0.0276725	0.00716021	0.00346126	0.0333773	0.00164018	0.0150351	0.010925	0.0379632	0.0152658	0.0294132	0.000948068	0.00336611
26	0.0346502	0.042948	0.0545695	0.0446368	0.0120688	0.053038	0.155641	0.0126365	0.0604822	0.0539336	0.00957305	0.114677	0.00497336	0.122459	0.0645032	0.101188	0.0177254	0.0153356	0.00274306	0.022217
27	0.0831184	0.00524751	0.0827804	0.0519858	0.00327587	0.311358	0.0147694	0.0190089	0.0490267	0.0168049	0.00957285	0.0445903	0.00809175	0.0112613	0.0303375	0.127212	0.0781532	0.0489824	0.00106021	0.00336258
28	0.0154399	0.00214458	0.295703	0.520193	0.000569242	0.0237253	0.00953565	0.00270145	0.0331483	0.00217646	0.00103827	0.0291058	0.000501148	0.0187973	0.00241732	0.0130168	0.00598106	0.0201792	0.000189026	0.00343697
29	0.016029	0.00657983	0.00415772	0.0467392	0.00625732	0.0204625	0.027226	0.00379575	0.273674	0.0222015	0.0119509	0.0479518	0.0034798	0.0837176	0.314827	0.0442862	0.0321579	0.0194943	0.0118373	0.00317439
30	0.274243	0.00347701	0.029898	0.0499592	0.00714045	0.0388967	0.00491923	0.0200562	0.0312634	0.026632	0.0175804	0.0197094	0.100095	0.0208771	0.017909	0.13527	0.143698	0.0544178	0.00143053	0.00252745
31	0.159378	0.00518961	0.0113965	0.00561807	0.00374715	0.0269707	0.0208837	0.00523538	0.0101417	0.0240106	0.00288563	0.00847128	0.402786	0.020784	0.014993	0.197805	0.0574784	0.00947411	0.00104651	0.0117049
32	0.0176152	0.0108209	0.213683	0.122615	0.00212816	0.0331081	0.0239135	0.0240021	0.0376104	0.00609958	0.00291583	0.315592	0.00210975	0.0191436	0.0162427	0.103176	0.0343138	0.00739987	0.000813004	0.0066972
33	0.0328447	0.00423927	0.00406755	0.00426004	0.0154398	0.00313797	0.00696753	0.272403	0.0026479	0.0856539	0.0268945	0.00301369	0.00420796	0.00527395	0.00370814	0.00879405	0.0447685	0.466819	0.000465469	0.00439299
34	0.0617654	0.00775892	0.00776042	0.0141094	0.0117279	0.00919108	0.00516988	0.218633	0.0111808	0.0797993	0.0350355	0.00706083	0.00444559	0.00820617	0.0109525	0.0246243	0.0402693	0.435796	0.00115922	0.00535447
35	0.00799996	0.00729116	0.00189768	0.0016551	0.748274	0.00162321	0.00941837	0.00342474	0.00187359	0.0141658	0.00156724	0.0031412	0.00115013	0.00163056	0.00271316	0.0114006	0.00262472	0.00238131	0.000586149	0.175182
36	0.00928847	0.00811458	0.000814283	0.0225209	0.00208156	0.0201353	0.00663292	0.00320672	0.304932	0.0130957	0.013044	0.0450253	0.000709788	0.047681	0.407155	0.0337608	0.0376817	0.0146765	0.00838059	0.00106285
37	0.0932896	0.0143769	0.031324	0.0404508	0.00399036	0.437909	0.0130524	0.00836504	0.0610355	0.0125335	0.0121739	0.0235261	0.00663982	0.0178925	0.117803	0.0458634	0.0211648	0.0151837	0.0060357	0.0173903
38	0.0140904	0.0307481	0.0014191	0.0139411	0.00175321	0.0254355	0.0168841	0.0132814	0.243963	0.0191524	0.0248197	0.0373515	0.00676595	0.0406076	0.366579	0.0548848	0.070646	0.0119393	0.00453246	0.0012048
39	0.00697118	0.00455804	0.00169984	0.00288329	0.0758512	0.0029378	0.0071014	0.0713689	0.00574854	0.636695	0.0642652	0.00423921	0.00374562	0.00763029	0.00599635	0.00792022	0.0147704	0.0654394	0.00228041	0.00789803
40	0.039135	0.0399839	0.00837542	0.0175594	0.00639995	0.0424076	0.128626	0.0163904	0.11955	0.0255978	0.0782642	0.0261813	0.00813039	0.0820055	0.220367	0.0833936	0.0375936	0.012215	0.00270665	0.00511722
41	0.0320474	0.00632696	0.0220107	0.0165633	0.0887247	0.00644124	0.0118826	0.04429	0.110805	0.266652	0.0613889	0.0200591	0.0251238	0.0439419	0.0962892	0.0323112	0.043478	0.0391893	0.0269417	0.0055337
42	0.0296328	0.00190434	0.00212516	0.00229365	0.00409918	0.00148027	0.00360829	0.268522	0.00170243	0.0309809	0.0091862	0.0016766	0.000846225	0.00238402	0.0020432	0.00640398	0.019191	0.610107	0.000486668	0.00132588
43	0.342062	0.0208194	0.0164575	0.0189713	0.0206271	0.0374355	0.00991447	0.0389427	0.0174863	0.0341856	0.0147964	0.0199851	0.0204989	0.0167814	0.0230057	0.101403	0.0740477	0.104174	0.0549296	0.0134757
44	0.0290531	0.00194935	0.00208063	0.00223546	0.00417743	0.00145466	0.0035956	0.273031	0.0016854	0.031533	0.0095943	0.00171452	0.000854082	0.00251275	0.00211227	0.00626806	0.0203686	0.603967	0.000487152	0.00132567
45	0.023843	0.0116237	0.0965282	0.130673	0.00440462	0.0274236	0.045021	0.0142591	0.197998	0.0161731	0.00884607	0.119229	0.00669112	0.0790241	0.122521	0.0411651	0.0214874	0.0207006	0.00330911	0.00907944
46	0.00988788	0.00814162	0.000952327	0.0224308	0.00266756	0.0209188	0.00860584	0.00337262	0.292279	0.0141013	0.0132652	0.0460338	0.000756385	0.0481358	0.408994	0.0351933	0.0382472	0.0163672	0.00841444	0.0012349
47	0.0115545	0.010651	0.00555409	0.00384084	0.675967	0.00260021	0.0135651	0.00690156	0.00447558	0.0299104	0.0051329	0.0101131	0.00448255	0.0041944	0.00663151	0.0354458	0.00792511	0.00501871	0.00220247	0.153834
48	0.122843	0.00730246	0.0264428	0.0289199	0.00521737	0.0354097	0.011493	0.0206445	0.0506181	0.0305072	0.0217804	0.074646	0.034941	0.0424615	0.0243872	0.228332	0.186141	0.0401729	0.00165405	0.00608587
49	0.0093506	0.00808068	0.000807561	0.022107	0.00207313	0.0209473	0.00668438	0.00309341	0.296246	0.0130671	0.0134477	0.0465372	0.000772553	0.0462357	0.412698	0.0343284	0.0389267	0.0150624	0.00849793	0.0010361
50	0.0742382	0.00472912	0.00720112	0.0226311	0.0637905	0.00887801	0.0221085	0.0216948	0.0240424	0.187058	0.0698626	0.0415215	0.00787945	0.0287386	0.0176509	0.232937	0.100019	0.0540906	0.00648115	0.00444811
51	0.265032	0.00818812	0.0106637	0.0190797	0.0187667	0.0208392	0.00689082	0.00740442	0.0132493	0.0183568	0.00975977	0.0152316	0.0850324	0.0107521	0.0121755	0.298675	0.148252	0.0277842	0.000920136	0.0029468
52	0.0334859	0.059463	0.0115773	0.0241541	0.0395191	0.0383238	0.0146592	0.019853	0.0285127	0.0549298	0.0134195	0.0208639	0.0102976	0.0367842	0.0395483	0.043665	0.0292753	0.025462	0.432879	0.0233272
53	0.226711	0.0019271	0.0175871	0.0113861	0.00313451	0.0306384	0.0154937	0.00422913	0.00985617	0.0261534	0.006028	0.00430077	0.388115	0.0177998	0.0111715	0.142873	0.0598128	0.0145899	0.000490665	0.00770249
54	0.0156527	0.0026878	0.336555	0.3484	0.00080537	0.0454619	0.0145181	0.00868039	0.0311193	0.00505908	0.00220343	0.0893155	0.000711206	0.0269458	0.0124914	0.0269458	0.012827	0.0158235	0.000278491	0.0035184
55	0.177571	0.00110165	0.0105985	0.00190773	0.00163627	0.0282717	0.0231583	0.00297718	0.00581504	0.0237309	0.0015103	0.00219207	0.480056	0.0158807	0.0106229	0.157776	0.0371101	0.00520141	0.000469646	0.0124127
56	0.0115014	0.00643489	0.018936	0.036746	0.0235038	0.0186786	0.122652	0.0241625	0.153519	0.0795792	0.0104666	0.0803842	0.00491103	0.155865	0.163688	0.0523601	0.00952477	0.0169253	0.00222552	0.00793637
57	0.0317803	0.00698511	0.0306594	0.125846	0.0144658	0.0415582	0.0442171	0.0124163	0.0947837	0.0618936	0.0100951	0.024906	0.0901967	0.204251	0.0669605	0.05097	0.0246773	0.025775	0.00351819	0.0340448
58	0.00891377	0.00283493	0.00243653	0.0029844	0.752568	0.00224635	0.00451379	0.00856014	0.00276946	0.028144	0.00542265	0.00373632	0.00183399	0.00239666	0.00390642	0.0175638	0.00586596	0.00639368	0.000724471	0.136185
59	0.0264948	0.00192107	0.00231124	0.00872968	0.0229449	0.00260674	0.00258944	0.176234	0.0137225	0.274437	0.186094	0.00548197	0.00447342	0.00424419	0.012231	0.0368612	0.0216992	0.193781	0.000663413	0.00247925
60	0.0547612	0.000996336	0.25793	0.315324	0.000935683	0.0178031	0.00579013	0.0336798	0.0104858	0.025791	0.0106344	0.0583474	0.000485603	0.0270188	0.00464647	0.0514091	0.0677716	0.0514272	0.000252924	0.00450935
61	0.0226203	0.00202603	0.299121	0.489478	0.000712093	0.0199331	0.00956898	0.00664223	0.0295002	0.00549627	0.00251489	0.0301163	0.000757862	0.0187687	0.00314237	0.0184236	0.0144585	0.0229454	0.000354416	0.00341923
62	0.57395	0.0111779	0.00547116	0.00447391	0.00381742	0.0382767	0.00361842	0.0106417	0.00540459	0.00673823	0.00277397	0.0109418	0.0195651	0.00524379	0.00507779	0.176091	0.0633869	0.0481719	0.00108581	0.00409155
63	0.0185352	0.0061839	0.0043064	0.0475796	0.00825035	0.0216165	0.0352205	0.00437675	0.265692	0.0278956	0.0115544	0.0497769	0.00336028	0.0917453	0.288362	0.048549	0.028653	0.021931	0.0127133	0.00369804
64	0.169762	0.00513704	0.0328084	0.0391754	0.00431342	0.0311238	0.0106689	0.0244469	0.0540158	0.0367026	0.0176994	0.0623127	0.0152801	0.0221848	0.0206029	0.203366	0.187901	0.0558151	0.000679043	0.00600425
65	0.0426579	0.00316392	0.0045942	0.00866575	0.00624639	0.00607924	0.00385963	0.258339	0.004086	0.0437588	0.0201523	0.00298116	0.00226259	0.00479178	0.00450871	0.0123598	0.0320253	0.536605	0.000632678	0.00223042
66	0.0752448	0.0112183	0.0723595	0.049607	0.0084774	0.511128	0.0149539	0.00857695	0.0190029	0.0152629	0.0094484	0.027458	0.00597354	0.00756685	0.0452079	0.061761	0.020242	0.0195334	0.00314333	0.0138338
67	0.0138644	0.0050144	0.00627148	0.035552	0.021614	0.0138272	0.068565	0.0206667	0.176607	0.131434	0.0315791	0.0589254	0.00465536	0.128467	0.176005	0.0565565	0.0224814	0.0211385	0.00440073	0.00237422
68	0.00223535	0.00320983	0.000432443	0.000701708	0.0555091	0.0024701	0.00652512	0.0416829	0.0008949	0.758605	0.0557863	0.00142762	0.00329247	0.00566824	0.0019654	0.00165971	0.00561453	0.0472239	0.00186105	0.00323393
69	0.0164191	0.0134805	0.00554289	0.0291311	0.0048394	0.0241315	0.0250371	0.00928165	0.252121	0.0229915	0.0161785	0.0471323	0.00375376	0.0622823	0.340014	0.0556112	0.0442791	0.0173041	0.00761921	0.00284921
70	0.038386	0.0179398	0.0086133	0.0103088	0.0326379	0.0157482	0.0577571	0.0199301	0.0103661	0.0127893	0.00695677	0.118716	0.00783228	0.00880523	0.0171891	0.529691	0.0638832	0.00954761	0.00222315	0.0106788
71	0.0154357	0.00841946	0.0597221	0.103109	0.00419024	0.0252056	0.0728009	0.0220374	0.209786	0.00803643	0.012322	0.127277	0.0145299	0.113253	0.1113	0.020564	0.0148213	0.0355669	0.00183983	0.0197835
72	0.0301882	0.0180727	0.0644969	0.0466679	0.0886514	0.0180271	0.113498	0.0175904	0.0468257	0.0591521	0.0159553	0.0638959	0.015024	0.0552353	0.0938821	0.103768	0.0275775	0.0149156	0.00615689	0.100419
73	0.00672695	0.00282066	0.000748835	0.00554815	0.048733	0.00119873	0.00278876	0.194423	0.0116099	0.348346	0.166312	0.00465742	0.00384202	0.0032881	0.0104887	0.0166168	0.0131704	0.153264	0.00064336	0.00477339
74	0.101148	0.00493411	0.00992869	0.0171922	0.00440373	0.01519	0.00352037	0.194912	0.0052702	0.0411371	0.0178451	0.00318119	0.00429255	0.00887651	0.0043949	0.0265251	0.0397401	0.493484	0.000783332	0.00324107
75	0.0513914	0.013631	0.0703644	0.0446039	0.00411866	0.0102916	0.0146438	0.0534242	0.0400552	0.0195653	0.0124507	0.323655	0.00562586	0.00850139	0.0139705	0.194988	0.0930855	0.0174722	0.00118199	0.00697895
76	0.00773361	0.00345071	0.00352236	0.00526776	0.0533645	0.00513103	0.0084746	0.0596079	0.00496605	0.674452	0.0633073	0.00522633	0.00394908	0.00700683	0.00510393	0.0104872	0.010417	0.0614976	0.00192014	0.00511426
77	0.0108506	0.0026609	0.00137443	0.00548437	0.0331482	0.00133519	0.00299853	0.242668	0.010156	0.265531	0.134948	0.00497898	0.0036741	0.00344067	0.0101995	0.0156699	0.0196531	0.226687	0.000426478	0.0041152
78	0.0952376	0.0111699	0.0645113	0.0501224	0.00557529	0.519005	0.0136999	0.0071443	0.0187305	0.012208	0.00858721	0.0201865	0.00944345	0.00756398	0.0468384	0.0594368	0.0166313	0.0174317	0.00168625	0.01479
79	0.00561517	0.121424	0.0016469	0.00212553	0.0977149	0.00316419	0.104737	0.0154446	0.0033469	0.0390275	0.00172561	0.0145207	0.00138759	0.00201818	0.0114598	0.0149859	0.00327295	0.0047248	0.000469662	0.551188
80	0.0740156	0.234002	0.0131642	0.0187488	0.0451313	0.0439498	0.0304581	0.0279497	0.0265262	0.0327728	0.00979512	0.0419755	0.00914562	0.0141906	0.0305459	0.143727	0.0318562	0.0315937	0.0198876	0.120565
81	0.0768246	0.315526	0.0039684	0.0080322	0.0672198	0.0323538	0.0140437	0.0340546	0.0142207	0.0188166	0.00388315	0.0394637	0.00502983	0.00448859	0.0061747	0.13731	0.0128527	0.0454512	0.00142522	0.158861
82	0.0149641	0.00214368	0.298692	0.543033	0.000550281	0.0171611	0.00923787	0.00160242	0.0333725	0.00167198	0.000783931	0.0205689	0.000498243	0.015589	0.00140036	0.0103257	0.0048617	0.0199666	0.000187948	0.00338872
83	0.0263872	0.00453601	0.199374	0.10105	0.00184612	0.412731	0.0188375	0.00541728	0.0211873	0.00836551	0.00322941	0.0663401	0.00172293	0.0121129	0.0193239	0.0670953	0.00932935	0.0166708	0.000705393	0.00373776
84	0.00551118	0.00375147	0.379448	0.214784	0.000977579	0.0811674	0.0213869	0.00674953	0.0349861	0.00202372	0.000992459	0.145346	0.000832964	0.03757	0.0225227	0.0319082	0.00282173	0.00314866	0.000424831	0.0036471
85	0.0160868	0.00284925	0.236799	0.419416	0.00254783	0.0208908	0.0223019	0.00536207	0.060284	0.00619356	0.00209678	0.0372776	0.00818844	0.0731828	0.0336336	0.021258	0.00807323	0.0183782	0.000412998	0.00476739
86	0.0177324	0.0113274	0.00712589	0.0264495	0.00349699	0.0352628	0.0152908	0.00628543	0.265337	0.0185729	0.0154889	0.0463263	0.00282099	0.050639	0.363417	0.0442194	0.0434997	0.0176072	0.00737427	0.00172675
87	0.00340461	0.00345077	0.00059484	0.000860478	0.0704872	0.00243924	0.00625971	0.0490344	0.00127314	0.723834	0.0564434	0.00217015	0.00327806	0.0059516	0.00236166	0.00220976	0.00617667	0.0532721	0.00176509	0.00473288
88	0.0069585	0.0043473	0.00191495	0.00496844	0.0548978	0.00409603	0.0079431	0.0529814	0.00570178	0.69032	0.0595687	0.00426108	0.0041417	0.00944005	0.0072404	0.00870979	0.0111853	0.0542815	0.00209195	0.00495076
89	0.0330394	0.00277114	0.00513539	0.00675718	0.0088019	0.0036114	0.0038753	0.266177	0.00333034	0.0651334	0.0287795	0.00348595	0.00213687	0.0038682	0.00399926	0.0107379	0.0287383	0.515878	0.00044658	0.00329755
90	0.573983	0.00541947	0.00522435	0.0048378	0.00437607	0.0367166	0.0026576	0.00867988	0.00507034	0.0050622	0.0021154	0.00787461	0.00715309	0.00284015	0.00342476	0.195613	0.0766808	0.0484808	0.00109531	0.00269479
91	0.0202203	0.00190815	0.298326	0.51049	0.000602411	0.0190334	0.00916522	0.00525395	0.0294913	0.00422575	0.00191029	0.0274092	0.000555888	0.0166044	0.00227481	0.0154619	0.0114299	0.0220724	0.000206672	0.00335849
92	0.00805902	0.00123534	0.00154686	0.00147045	0.805265	0.00156391	0.00180191	0.00249635	0.00179521	0.010827	0.00139662	0.00200658	0.000932684	0.00154353	0.00165097	0.010353	0.00237536	0.00242942	0.000427146	0.140823
93	0.0131477	0.00386544	0.00232489	0.00799879	0.045054	0.00360113	0.00652667	0.127238	0.0191424	0.428955	0.146272	0.00924383	0.00430104	0.00796458	0.0162214	0.0217872	0.0215186	0.107328	0.00203035	0.00547909
94	0.183709	0.00136705	0.0111631	0.00328293	0.00221972	0.0292033	0.0245231	0.00414169	0.00694714	0.0279287	0.00257337	0.00335858	0.460242	0.0174619	0.011001	0.15108	0.0401191	0.00721258	0.000721478	0.0117443
95	0.0123626	0.00686325	0.0149287	0.0119488	0.0423794	0.0107017	0.322496	0.0374629	0.0600042	0.0509693	0.00654867	0.155357	0.00489621	0.077529	0.0502591	0.0543767	0.0115499	0.0172785	0.00190606	0.0501816
96	0.0184347	0.00196581	0.303848	0.490164	0.000606419	0.0260949	0.00967214	0.00476113	0.0297781	0.00354017	0.00160751	0.0375567	0.00046969	0.0179918	0.00312952	0.0177895	0.00955067	0.019349	0.000205966	0.00348447
97	0.117064	0.0169635	0.0178928	0.0226103	0.014323	0.0234977	0.0125665	0.0233476	0.0267487	0.0305338	0.015299	0.0488866	0.0287182	0.013655	0.0206472	0.317925	0.199847	0.0376549	0.00190537	0.00991355
98	0.00505015	0.00400472	0.00151004	0.00201925	0.0562959	0.00306576	0.00742077	0.0525691	0.00375939	0.705181	0.0589532	0.00312696	0.00345217	0.00645562	0.00478468	0.00564935	0.00818301	0.059296	0.00187964	0.00734274
99	0.318006	0.00899599	0.00716334	0.00874632	0.0174001	0.023319	0.0070477	0.00709727	0.00935451	0.0114053	0.00342095	0.0174496	0.0181331	0.00437156	0.00775754	0.348451	0.14934	0.0282813	0.0013331	0.00292696
100	0.0176443	0.0119349	0.0138094	0.0345152	0.00464448	0.0190064	0.0232191	0.00644627	0.305133	0.0211194	0.0118334	0.0701665	0.00248994	0.0622661	0.304698	0.0350344	0.0305018	0.0154787	0.00688214	0.00317605
101	0.0162545	0.0101675	0.0309702	0.0413988	0.0190438	0.0209549	0.177304	0.0185967	0.123786	0.0500401	0.0115183	0.102652	0.00493439	0.112347	0.140729	0.0550376	0.0156007	0.0176155	0.00403825	0.0270108
102	0.0048034	0.00364513	0.00105612	0.00168737	0.0553163	0.00270726	0.00675485	0.0487516	0.00444368	0.720449	0.0599057	0.00263779	0.00519639	0.00634857	0.00466055	0.00465676	0.00722954	0.0515361	0.00359795	0.00461564
103	0.0096311	0.00570287	0.00223181	0.00202625	0.735743	0.00229827	0.00519379	0.0107572	0.00390895	0.0394351	0.00590785	0.00379393	0.0015967	0.00282703	0.00329815	0.0137441	0.00419632	0.00786686	0.00350781	0.136333
104	0.0162628	0.00940224	0.0229611	0.084005	0.0155552	0.0131143	0.202209	0.0154934	0.0742675	0.0504638	0.0117513	0.0572421	0.0127372	0.234341	0.0777198	0.0438949	0.0126174	0.0173904	0.00193409	0.0266383
105	0.0434688	0.0253374	0.0212861	0.0762553	0.0475653	0.0398645	0.0313603	0.015942	0.0696066	0.0455933	0.0152806	0.0343639	0.0123452	0.0453016	0.117607	0.0598934	0.0290428	0.0232497	0.169353	0.0772834
106	0.0140601	0.00210906	0.309675	0.539177	0.000579983	0.0171766	0.00983571	0.00112095	0.0328642	0.00121409	0.00058379	0.020245	0.000525095	0.0146086	0.00174615	0.00935884	0.00362514	0.0180778	0.000204837	0.00321143
107	0.151185	0.00860939	0.0160685	0.0171849	0.00429644	0.0135008	0.0092308	0.0203295	0.071469	0.0292992	0.0163936	0.112606	0.00747719	0.0137134	0.0204625	0.205728	0.211143	0.0462047	0.000684276	0.0244138
108	0.018622	0.00941673	0.0327927	0.0928958	0.00711168	0.0200249	0.0857359	0.0125344	0.213899	0.0236832	0.0092961	0.0951019	0.00751038	0.151124	0.138828	0.0325904	0.0123058	0.0224079	0.00403067	0.0100878
109	0.171259	0.00265112	0.0113089	0.00444857	0.00241818	0.0275306	0.0250938	0.00475485	0.00810986	0.0240248	0.0023308	0.00722815	0.432868	0.0168978	0.0124942	0.172605	0.0540907	0.00791104	0.000577195	0.0113981
110	0.0087176	0.00164169	0.000896365	0.00634787	0.0323	0.00131624	0.00182222	0.203519	0.0151218	0.276113	0.228479	0.0047904	0.00406301	0.00218829	0.012494	0.0240075	0.0165618	0.156518	0.000466679	0.00263562
111	0.0479331	0.00375829	0.0545505	0.161722	0.0119177	0.0183399	0.0405825	0.0097457	0.109428	0.033054	0.00680634	0.0255289	0.0502762	0.159577	0.10363	0.074301	0.04444	0.0316057	0.00285146	0.00995199
112	0.0462736	0.0500176	0.0161207	0.0274385	0.0276093	0.107322	0.015101	0.0188744	0.0368653	0.0417633	0.0123838	0.0225964	0.0115138	0.0347354	0.0558009	0.0400141	0.0267649	0.0230281	0.366815	0.0189614
113	0.274582	0.00282495	0.0416501	0.0615148	0.00621605	0.0374714	0.00543704	0.0105711	0.0301848	0.0212492	0.0126809	0.0182184	0.0980556	0.0301513	0.0171662	0.149266	0.146652	0.0332196	0.00118729	0.00170076
114	0.0534721	0.00433977	0.00973671	0.0198885	0.00996174	0.0123558	0.0042464	0.244171	0.0123377	0.0984822	0.171033	0.0198953	0.00539708	0.00716579	0.0159546	0.056927	0.106559	0.14314	0.000838384	0.00409837
115	0.0240042	0.0117205	0.0194796	0.0367338	0.00839075	0.0236544	0.0283429	0.0112683	0.228276	0.0259874	0.0152264	0.0706357	0.00550304	0.0603716	0.305255	0.0511411	0.0409078	0.018919	0.00749365	0.00668865
116	0.00424334	0.00304503	0.000739316	0.00182844	0.0518423	0.00217987	0.00542282	0.0745995	0.00332892	0.656874	0.0791649	0.0022163	0.00351785	0.00507791	0.00477472	0.00506669	0.00902569	0.0824767	0.00152421	0.00305104
117	0.0099452	0.00894348	0.00215077	0.0241683	0.00279028	0.0208432	0.0110577	0.00427153	0.289323	0.0153321	0.0138088	0.0478159	0.001205	0.0499139	0.39937	0.0359492	0.0383344	0.0152793	0.00811886	0.00137924
118	0.121292	0.00789361	0.0259337	0.0575521	0.00588831	0.0318497	0.00377185	0.155828	0.0152951	0.0584872	0.0319415	0.00971602	0.00778057	0.0177683	0.00851333	0.0354852	0.0874678	0.310288	0.000583918	0.00666431
119	0.712961	0.00365485	0.00371719	0.00108151	0.00155417	0.0445558	0.000822087	0.00953858	0.00123661	0.00127793	0.000800867	0.00099869	0.00225859	0.00105039	0.00123199	0.114059	0.0392618	0.0564271	0.00127002	0.00224188
120	0.0220873	0.019798	0.0256769	0.0136459	0.24883	0.00249989	0.0665556	0.0155566	0.0113823	0.12549	0.0191379	0.0396891	0.0150315	0.016025	0.0268004	0.10441	0.0273273	0.00580457	0.00827341	0.185978
121	0.00315788	0.0872876	0.00151365	0.00183681	0.0938229	0.0019165	0.118791	0.0144743	0.00190543	0.0421471	0.00152318	0.0136004	0.00112064	0.00181596	0.0122165	0.00457215	0.00266701	0.00220269	0.000451443	0.592977
122	0.0273819	0.00355685	0.0032974	0.00273684	0.00670069	0.00191872	0.00472471	0.318682	0.00210545	0.0713537	0.0254525	0.00276373	0.00114741	0.00492291	0.00412444	0.00575983	0.0421489	0.469129	0.000355308	0.00173682
123	0.715084	0.00368435	0.00353938	0.000819316	0.00152382	0.0444952	0.000812429	0.00954449	0.00114689	0.00116261	0.000709306	0.000984293	0.0010642	0.000929107	0.00116438	0.114379	0.038945	0.0565013	0.00127195	0.00223866
124	0.0170361	0.00289644	0.0377963	0.203718	0.00722064	0.00710401	0.0770405	0.00585222	0.0810236	0.032619	0.013125	0.0156162	0.0258846	0.325712	0.0808713	0.0261902	0.0164548	0.0163761	0.00123181	0.00623112
125	0.638212	0.00563646	0.00633055	0.00697699	0.00262343	0.041604	0.00214938	0.0213771	0.00540389	0.00866234	0.00559818	0.00519128	0.00547923	0.00406095	0.00309489	0.110847	0.04999	0.0719012	0.00133774	0.00352356
126	0.00809154	0.00456599	0.00151799	0.00293248	0.0537947	0.00351997	0.00636868	0.0672798	0.00341549	0.661689	0.0677189	0.00334686	0.00491826	0.00581741	0.00403024	0.0105696	0.0111216	0.073244	0.00173248	0.004325
127	0.0136641	0.00207465	0.322791	0.527364	0.000563955	0.0176878	0.0106227	0.00122281	0.0311973	0.00118881	0.000594947	0.0216447	0.000460584	0.0138992	0.00189887	0.00912639	0.00360793	0.0171311	0.000205564	0.00305422
128	0.00315788	0.0872876	0.00151365	0.00183681	0.0938229	0.0019165	0.118791	0.0144743	0.00190543	0.0421471	0.00152318	0.0136004	0.00112064	0.00181596	0.0122165	0.00457215	0.00266701	0.00220269	0.000451443	0.592977
129	0.0378082	0.189638	0.00546353	0.00708258	0.0845406	0.0167835	0.0667155	0.0237146	0.0103775	0.0372234	0.00533917	0.0260407	0.0039893	0.00529597	0.0130243	0.0734484	0.0115577	0.0195824	0.00432591	0.358048
130	0.0852645	0.0820298	0.00590035	0.00800167	0.00573725	0.025883	0.0114374	0.0424361	0.0091997	0.0105154	0.00748216	0.150196	0.0129792	0.00554976	0.0251439	0.362898	0.103335	0.0123239	0.00137964	0.0323076
131	0.017599	0.00694649	0.00593938	0.0464282	0.00622521	0.0217378	0.0361753	0.0045568	0.272178	0.0221755	0.0126818	0.0580721	0.00201535	0.0884912	0.292064	0.0438462	0.027689	0.0201462	0.0114662	0.00356644
132	0.0339792	0.00816565	0.197304	0.140197	0.00233555	0.293797	0.0226617	0.00763892	0.0358231	0.00748143	0.00442272	0.0929676	0.00249073	0.0263537	0.0424304	0.0495645	0.0105489	0.0127583	0.00162054	0.00745899
133	0.00970886	0.00446972	0.00980729	0.0191006	0.0375129	0.0126826	0.12368	0.0322101	0.135771	0.130004	0.0186986	0.0639698	0.00435781	0.140902	0.16488	0.0493221	0.012435	0.0171392	0.00383335	0.00951569
134	0.133257	0.0033629	0.043787	0.0588575	0.00578498	0.0690431	0.0103088	0.0431006	0.093167	0.0197572	0.0141049	0.0471024	0.01646	0.0164765	0.0517389	0.142809	0.154634	0.0728081	0.00106987	0.00236997
135	0.0294257	0.00496165	0.00995955	0.0342459	0.0330215	0.00912864	0.00909219	0.172571	0.0194812	0.303826	0.102065	0.0160193	0.00754697	0.011471	0.0224675	0.0556876	0.0367299	0.112887	0.00230457	0.00710759
136	0.0172787	0.0763327	0.00537328	0.00558832	0.13422	0.00886122	0.100635	0.019737	0.00853357	0.0452435	0.00595615	0.0235487	0.00725986	0.00694764	0.0159822	0.0300904	0.013102	0.00917693	0.00182466	0.464308
137	0.0171703	0.0118529	0.18984	0.112162	0.00727507	0.0388891	0.0862413	0.020163	0.0525575	0.0120626	0.00392058	0.242575	0.00312513	0.046486	0.0333809	0.077781	0.0220854	0.0094541	0.00106164	0.0119171
138	0.0185881	0.00634773	0.307485	0.215747	0.00214883	0.0556738	0.0227316	0.014638	0.0374938	0.0075659	0.00279325	0.160541	0.00201237	0.032758	0.0204967	0.0530219	0.0210427	0.0124186	0.000687289	0.00580844
139	0.00466555	0.0039131	0.00128592	0.00165906	0.0761076	0.00273333	0.00750385	0.0518019	0.00355785	0.694625	0.0570746	0.00307524	0.00345885	0.00715311	0.004401	0.00458122	0.00710511	0.0539421	0.00229773	0.00905828
140	0.0396554	0.0201532	0.0559007	0.0394097	0.0162987	0.0242893	0.120936	0.0247624	0.0375783	0.0263574	0.00718193	0.229432	0.011404	0.0364983	0.0318505	0.186573	0.0440141	0.013926	0.0017222	0.0320566
141	0.27894	0.00650629	0.0151472	0.0259692	0.00914249	0.0210594	0.00568579	0.00896153	0.0168068	0.0225974	0.0133245	0.0149089	0.135654	0.0156461	0.014002	0.208528	0.147975	0.0350226	0.0011159	0.00300713
142	0.00373307	0.0884623	0.00164199	0.00197496	0.0941474	0.00221111	0.118045	0.0146053	0.00205286	0.0421838	0.00159413	0.0139933	0.00134012	0.00195234	0.0122268	0.00635259	0.00280808	0.002441	0.000461096	0.587773
143	0.0223325	0.0176623	0.00458876	0.022477	0.00357892	0.0256304	0.0148574	0.0101107	0.246155	0.0204503	0.0174126	0.0451428	0.00583996	0.0462924	0.3453	0.0608555	0.0636105	0.0183396	0.00632931	0.00303384
144	0.0296068	0.00190503	0.00210858	0.0022921	0.00407561	0.00147917	0.00357035	0.26831	0.00169958	0.0307021	0.0091497	0.00167391	0.000850012	0.00238174	0.00205057	0.00642186	0.019105	0.610801	0.000487198	0.00133022
145	0.00232948	0.00313254	0.00046125	0.000965212	0.0539459	0.00242771	0.00656295	0.0438042	0.00139955	0.749522	0.0594224	0.00149761	0.00331017	0.00550916	0.0022343	0.00249347	0.00570256	0.0504318	0.00183936	0.00300884
146	0.00862613	0.00802474	0.00198308	0.0020099	0.750188	0.00197576	0.00801497	0.00645143	0.00239441	0.016777	0.00289536	0.00422428	0.001497	0.00193242	0.00304812	0.0144976	0.00376189	0.00375671	0.000662145	0.157279
147	0.011041	0.00535264	0.349336	0.204422	0.00128699	0.102149	0.020861	0.00765169	0.0340347	0.00370125	0.00173184	0.14053	0.00137423	0.0339205	0.0212831	0.0405244	0.00900585	0.00692765	0.000730623	0.00413604
148	0.0189596	0.00304539	0.195382	0.388221	0.0029735	0.0145938	0.0273688	0.00738302	0.0805861	0.00886786	0.00308469	0.0386955	0.00996863	0.101728	0.0404507	0.0201465	0.00792357	0.0244274	0.000529859	0.00566382
149	0.0162488	0.00202342	0.303541	0.532409	0.000563794	0.0169543	0.00930643	0.00289362	0.0305673	0.00260143	0.00111073	0.0222388	0.00044106	0.0150594	0.00152282	0.0114958	0.00750641	0.0200425	0.000175605	0.00329784
150	0.181264	0.155274	0.00566901	0.0384618	0.00958016	0.247282	0.0196735	0.0108482	0.00671511	0.00930013	0.00525646	0.0331741	0.00378002	0.00615325	0.0276018	0.143181	0.00926419	0.0174141	0.0020869	0.0680203
151	0.015687	0.00912929	0.173049	0.0931201	0.00215717	0.0150433	0.0211454	0.0332226	0.027658	0.00627292	0.00270499	0.387069	0.00153647	0.00932397	0.00782781	0.136759	0.0464164	0.00496202	0.000739391	0.00617545
152	0.210873	0.00196831	0.0123175	0.00857389	0.00411957	0.0292966	0.0185081	0.00462836	0.00877519	0.0260912	0.00571044	0.00342868	0.417833	0.0174915	0.0112707	0.14226	0.0523756	0.0128967	0.00144193	0.0101401
153	0.0211937	0.0560792	0.0116839	0.0212963	0.003183	0.0260449	0.0204072	0.0127263	0.251596	0.01886	0.0201994	0.0476447	0.00763981	0.0375183	0.308655	0.0531999	0.0602373	0.0130686	0.00489184	0.00387489
154	0.00666176	0.00446192	0.00126406	0.00282682	0.0544027	0.0032444	0.00633166	0.0786885	0.00302957	0.656344	0.0676543	0.00329343	0.00349313	0.00576857	0.00386431	0.00643148	0.0112513	0.0737233	0.00152396	0.00574131
155	0.106626	0.03711	0.0226036	0.0241183	0.0162111	0.0336931	0.0200809	0.0187814	0.0255283	0.0239194	0.00867174	0.0602449	0.0347348	0.0180196	0.0259524	0.370781	0.110065	0.0233474	0.00335422	0.0161565
156	0.0691264	0.0760656	0.00536993	0.00827224	0.00937178	0.0190365	0.00977215	0.0123357	0.0110438	0.0129571	0.00446124	0.0435696	0.012504	0.0066506	0.0139129	0.473722	0.189156	0.0134446	0.00137562	0.00785221
157	0.0101368	0.00350876	0.00287931	0.00343999	0.741629	0.0025421	0.00583681	0.0101269	0.00505546	0.0262075	0.00448951	0.00459866	0.0016135	0.00435814	0.00505367	0.0148815	0.00669139	0.00790742	0.00105768	0.137986
158	0.0949255	0.0126144	0.0680333	0.0512219	0.00574773	0.454312	0.0179565	0.00856965	0.0218327	0.0155705	0.00882411	0.0290724	0.0173153	0.0129004	0.0442587	0.0734037	0.0262819	0.0205239	0.00219578	0.0144394
159	0.00243252	0.00318973	0.000521326	0.00072712	0.0576109	0.00249406	0.00646379	0.0423155	0.00122312	0.752648	0.0563317	0.00147872	0.00330841	0.0058635	0.00220398	0.00186804	0.0058347	0.0480103	0.00238127	0.00309375
160	0.0158882	0.0023798	0.00236706	0.0071431	0.0245562	0.00271219	0.00223708	0.249264	0.0122343	0.198418	0.205092	0.007344	0.00370559	0.002864	0.0116062	0.0266112	0.0323246	0.189462	0.000555125	0.00323605
161	0.0300799	0.0139432	0.0542218	0.0649741	0.00713293	0.025402	0.0366455	0.0129368	0.24293	0.0247324	0.0142938	0.100462	0.00512281	0.0686884	0.184313	0.0472021	0.0331927	0.0200017	0.00524203	0.00848256
162	0.0341579	0.0399043	0.144997	0.097732	0.00484103	0.0309461	0.0280046	0.0198571	0.0626029	0.00870293	0.0034777	0.296074	0.00308517	0.0278301	0.0317446	0.109555	0.0275122	0.00755855	0.00101607	0.0204002
163	0.0335643	0.0132295	0.0115958	0.0163295	0.0713296	0.0141789	0.0215821	0.173102	0.0229901	0.0873141	0.0498162	0.042685	0.0108787	0.0193659	0.0727338	0.20609	0.0472646	0.05739	0.0054528	0.0231067
164	0.0195265	0.0269013	0.00948658	0.0195621	0.00954802	0.0247373	0.0477626	0.0393724	0.180362	0.0476659	0.0506519	0.0501034	0.0203821	0.0617217	0.229224	0.075446	0.065673	0.0146344	0.00272031	0.00451846
165	0.00924752	0.0069854	0.345481	0.202741	0.00125116	0.0710212	0.0226128	0.00909184	0.042858	0.00367915	0.0016636	0.155215	0.00165229	0.0394146	0.0319971	0.0367031	0.00710248	0.00600898	0.000507911	0.00476652
166	0.122346	0.0426536	0.0253613	0.0401845	0.0171858	0.387444	0.0167942	0.0169426	0.0143025	0.0297567	0.0118458	0.0229378	0.0216175	0.00947394	0.0465478	0.063665	0.0177072	0.0204454	0.00686447	0.0659235
167	0.0309562	0.0227679	0.0613231	0.0647616	0.00411053	0.0180715	0.0403546	0.0116371	0.31215	0.0120431	0.00733367	0.126576	0.00669138	0.0644161	0.150033	0.0240531	0.0133415	0.0173049	0.00256179	0.00951247
168	0.0267856	0.0150352	0.0184906	0.0266989	0.0170428	0.0180549	0.0525087	0.0531676	0.0866463	0.0459889	0.0159679	0.113665	0.0107444	0.0903957	0.145864	0.192992	0.037158	0.0190988	0.00441558	0.00928
169	0.00695306	0.0708524	0.00513857	0.00437847	0.121542	0.00224939	0.109402	0.0246444	0.00435139	0.0569142	0.00646724	0.01924	0.00367721	0.00527396	0.0192891	0.024194	0.00692436	0.00630248	0.00258112	0.499625
170	0.153568	0.00966915	0.0346319	0.0491883	0.00893401	0.0263728	0.0110571	0.020456	0.0333265	0.0255994	0.0124111	0.0463445	0.0282083	0.0157613	0.0172131	0.285162	0.173432	0.0418461	0.00123713	0.00558119
171	0.176527	0.00864753	0.0233252	0.0267432	0.00727748	0.0528461	0.0131828	0.0179666	0.0287811	0.030203	0.0106949	0.0216435	0.202998	0.0288481	0.028091	0.152774	0.123064	0.0358033	0.00243872	0.00814412
172	0.0297984	0.0197829	0.0654713	0.0596883	0.0207927	0.0276216	0.148215	0.0203816	0.0655501	0.0367037	0.00865794	0.187662	0.00707979	0.0661763	0.0572506	0.0905712	0.0274488	0.0181212	0.0022147	0.0408123
173	0.00647116	0.00396301	0.0018661	0.00328378	0.0570251	0.00352537	0.00761631	0.055821	0.0056022	0.682815	0.0646282	0.00328355	0.006956	0.00715431	0.00556159	0.00906983	0.010485	0.0569342	0.00217306	0.00576479
174	0.674241	0.00499281	0.00502265	0.00349549	0.00208495	0.0427553	0.00130084	0.0126485	0.00398957	0.00443568	0.00249437	0.00381022	0.00589414	0.00221555	0.00242667	0.116938	0.0480907	0.0591741	0.00128047	0.00270914
175	0.017002	0.0239243	0.0122413	0.00787404	0.490454	0.0038214	0.033705	0.0107148	0.00828017	0.0549047	0.0101555	0.0220705	0.00818316	0.00793431	0.0147658	0.0693016	0.0155375	0.00628291	0.00442531	0.178422
176	0.540946	0.00484248	0.00909397	0.0129747	0.00441024	0.0353855	0.00312753	0.0144859	0.0122667	0.0142672	0.00857127	0.0126156	0.0354618	0.00714747	0.00591513	0.129034	0.0893036	0.0549084	0.00152316	0.00371987
177	0.174055	0.00339394	0.0133749	0.00866469	0.00605416	0.0319863	0.0214402	0.00571712	0.0110408	0.0309089	0.00429195	0.00638162	0.427549	0.0206124	0.0150196	0.145605	0.0472305	0.011963	0.00179161	0.0129192
178	0.199401	0.00191745	0.0126984	0.00886587	0.00323389	0.0312832	0.0191124	0.00454378	0.0086099	0.0254069	0.00443183	0.00406928	0.419547	0.0184762	0.0132103	0.15028	0.0512578	0.012042	0.00078407	0.0108293
179	0.0241258	0.00315333	0.253591	0.428143	0.0020822	0.0289652	0.0158256	0.00825246	0.0457345	0.0088917	0.00324306	0.0407486	0.00401641	0.0387476	0.0221732	0.0267286	0.0180433	0.0224029	0.000751816	0.0043797
180	0.00820139	0.0178222	0.00311579	0.00240894	0.640734	0.00179012	0.0229896	0.00805682	0.00271421	0.0247155	0.00327789	0.00656461	0.00181296	0.002668	0.00491471	0.0152222	0.00401323	0.00383743	0.00101025	0.22413
181	0.00534472	0.00286413	0.000853977	0.00336111	0.0432254	0.00268117	0.00476911	0.0899132	0.00917007	0.54527	0.169444	0.00316721	0.0032168	0.00484129	0.00662531	0.0105184	0.0137513	0.0768332	0.00131101	0.0028392
182	0.00962474	0.00854787	0.00183405	0.023353	0.00241378	0.0197923	0.00884696	0.00365014	0.305012	0.0144391	0.0131321	0.0462046	0.000887875	0.0504764	0.396779	0.0341034	0.0367459	0.0147164	0.00820132	0.00123869
183	0.122906	0.00862457	0.0714278	0.0623249	0.00930935	0.0222631	0.014198	0.0326962	0.037098	0.0504194	0.0186954	0.099612	0.0128989	0.02085	0.0158694	0.172265	0.172285	0.0448839	0.00122071	0.0101523
184	0.0301404	0.016634	0.00678999	0.0222105	0.003195	0.0262543	0.0131809	0.0119065	0.233292	0.0170004	0.01703	0.0511972	0.00586731	0.0402733	0.329471	0.0688373	0.0779741	0.0202333	0.00544423	0.00306825
185	0.0184716	0.00237145	0.00220703	0.00319903	0.0153594	0.00121437	0.00374256	0.287695	0.00583208	0.139852	0.069141	0.00328363	0.00191414	0.00325412	0.00642889	0.00982745	0.0274165	0.396243	0.00036812	0.00217863
186	0.0445335	0.00422014	0.010045	0.0144191	0.00759621	0.00747934	0.00434743	0.357623	0.007067	0.0862675	0.0614137	0.0326163	0.00565172	0.00703685	0.0295823	0.0775447	0.115554	0.122155	0.00135185	0.00349485
187	0.197483	0.000975739	0.0122773	0.00400075	0.00194963	0.0288172	0.0199864	0.00311613	0.00654784	0.0242939	0.00269688	0.00197394	0.456751	0.017181	0.0112752	0.149436	0.0432426	0.00750369	0.000419519	0.0100721
188	0.0223576	0.00528358	0.230424	0.31692	0.00418542	0.0553141	0.0296395	0.0100048	0.05298	0.0145697	0.00570832	0.066234	0.0066327	0.0738247	0.034196	0.0300493	0.0142941	0.0199595	0.000783094	0.00663907
189	0.0571366	0.0279859	0.0418927	0.0290589	0.013974	0.0195041	0.0295914	0.0302067	0.0222816	0.0181333	0.00980997	0.18633	0.0106917	0.0134246	0.020806	0.350065	0.0858351	0.0146546	0.00201696	0.0166008
190	0.0246917	0.00300283	0.00310251	0.0113446	0.0309989	0.00390437	0.00477687	0.176545	0.0178855	0.263328	0.168374	0.00925781	0.00489041	0.00731015	0.0139522	0.0450349	0.0263358	0.179301	0.00176674	0.00419724
191	0.0320293	0.00448627	0.00434917	0.00577859	0.0046397	0.003577	0.00403537	0.370038	0.00269941	0.0565064	0.0311179	0.00567454	0.0018428	0.00533813	0.00559189	0.0120052	0.0694859	0.378177	0.000560867	0.00206641
192	0.00805902	0.00123534	0.00154686	0.00147045	0.805265	0.00156391	0.00180191	0.00249635	0.00179521	0.010827	0.00139662	0.00200658	0.000932684	0.00154353	0.00165097	0.010353	0.00237536	0.00242942	0.000427146	0.140823
