269	20
1	0.00789369	0.00284717	0.000742635	0.00100688	0.0799316	0.00442281	0.00180177	0.428373	0.000829757	0.177996	0.0527135	0.00120707	0.0169866	0.00102889	0.00122241	0.00581536	0.00551429	0.198272	0.00189115	0.00950354
2	0.0363537	0.00786434	0.000876708	0.00165365	0.00190264	0.00208976	0.00104365	0.274244	0.00298202	0.0661446	0.013413	0.0014068	0.000669082	0.00111087	0.00260023	0.0107947	0.0140941	0.55396	0.000296356	0.00650007
3	0.146963	0.000969394	0.313752	0.17437	0.00284678	0.030361	0.00900394	0.00245216	0.0251211	0.00531582	0.00218339	0.0344922	0.0015793	0.0118075	0.0322968	0.160233	0.0395462	0.00511039	0.000647846	0.000948194
4	0.273932	0.0124872	0.00676893	0.00541419	0.00314436	0.439184	0.00289763	0.00822189	0.00492391	0.0123398	0.0106517	0.00673716	0.00676209	0.00752929	0.00655993	0.130087	0.0293874	0.0159062	0.00148473	0.0155806
5	0.259819	0.0635599	0.00103247	0.00328407	0.0054813	0.01802	0.000838252	0.172213	0.0086987	0.0649042	0.0299965	0.00829318	0.00358414	0.00239711	0.00150609	0.0732656	0.0581475	0.219396	0.00489828	0.000664812
6	0.0409258	0.00440673	0.0156679	0.0264896	0.00538046	0.012541	0.0106221	0.015108	0.105203	0.029482	0.017404	0.0208124	0.0096897	0.0223371	0.578877	0.0366975	0.0255565	0.0143557	0.00371677	0.00472677
7	0.0279574	0.00451135	0.00517303	0.0064201	0.00910391	0.0121343	0.00578508	0.165693	0.00478833	0.105295	0.0164175	0.0110214	0.00312256	0.0084927	0.0080265	0.0525126	0.46773	0.0786277	0.00211366	0.00507295
8	0.0623411	0.00250722	0.0108214	0.0107698	0.00444283	0.0191457	0.00618483	0.0211725	0.00828922	0.00895831	0.00676128	0.00766603	0.683678	0.00848322	0.0146383	0.0468763	0.0417341	0.0258833	0.00168265	0.00796399
9	0.0371608	0.0121672	0.00747001	0.0103739	0.372996	0.0165243	0.0230031	0.0621895	0.00848469	0.090486	0.0286437	0.0122217	0.0103056	0.0132323	0.0204865	0.0180235	0.0204064	0.0515727	0.0495078	0.134744
10	0.279981	0.10673	0.00231097	0.0040399	0.0230766	0.0435212	0.00181285	0.0708194	0.00434312	0.109279	0.0942522	0.00334932	0.00225508	0.0484395	0.00372717	0.0270513	0.0281909	0.142534	0.00278648	0.00150052
11	0.0150648	0.00175666	0.00695332	0.00946907	0.00260112	0.00480816	0.0170817	0.0176368	0.205332	0.133377	0.0870555	0.00586064	0.0197811	0.0991743	0.225642	0.0106954	0.0458203	0.0870982	0.00171461	0.00307782
12	0.429905	0.00152006	0.00980592	0.0029017	0.00139527	0.0663909	0.00384143	0.0110195	0.0232085	0.0048004	0.022909	0.0274677	0.0305041	0.0595269	0.0241318	0.226685	0.038415	0.0134631	0.00067586	0.00143316
13	0.00768731	0.00487642	0.000667832	0.00080026	0.0373727	0.00506288	0.00191076	0.425693	0.000555546	0.175545	0.0484465	0.000733168	0.0329572	0.000747147	0.000921391	0.00319693	0.00781074	0.23878	0.0028921	0.00334344
14	0.0277761	0.00106364	0.608177	0.143212	0.00259764	0.0759685	0.0034536	0.0031332	0.0022909	0.0173176	0.00229691	0.0046005	0.0013311	0.0545737	0.0034501	0.0260626	0.00900033	0.00793423	0.00204672	0.00371348
15	0.134379	0.00221182	0.0250468	0.0980217	0.0196734	0.0102438	0.153568	0.0158758	0.0171705	0.126585	0.0370394	0.0226917	0.0039404	0.0941278	0.0930306	0.0517451	0.0410407	0.0178176	0.00201773	0.0337729
16	0.0354991	0.00855724	0.000753738	0.00134396	0.00480273	0.00176003	0.000904021	0.183169	0.00647602	0.16394	0.0215491	0.00318013	0.000920911	0.000944409	0.00472907	0.0038395	0.0234131	0.532792	0.000399307	0.00102644
17	0.0541036	0.012115	0.00109456	0.00213506	0.00104603	0.00211745	0.000891615	0.323289	0.00195548	0.0379674	0.0139732	0.00173364	0.00092251	0.00137423	0.00215453	0.0127157	0.00935631	0.509246	0.000355091	0.0114543
18	0.0672388	0.018458	0.0034756	0.00442789	0.200162	0.0996522	0.00412574	0.0994718	0.00439734	0.0847365	0.084532	0.00471417	0.00219252	0.00480461	0.00499341	0.0237006	0.00673369	0.0740392	0.0806467	0.127497
19	0.0906865	0.0100407	0.0139763	0.0135803	0.0073494	0.632254	0.00710734	0.013221	0.018937	0.0443725	0.00845834	0.0200512	0.0152731	0.0137864	0.012095	0.0378898	0.0155778	0.0198074	0.0013818	0.00415376
20	0.120981	0.0847235	0.00920464	0.0100236	0.00514092	0.0486813	0.00635712	0.00998873	0.046264	0.0151866	0.0415845	0.172944	0.00626221	0.0901314	0.012344	0.15572	0.11311	0.0130249	0.00233943	0.0359884
21	0.166226	0.0158956	0.00317583	0.0104952	0.0354993	0.0156513	0.00736942	0.174189	0.00426072	0.090339	0.027513	0.00852008	0.00504899	0.00517842	0.00507362	0.0413907	0.114143	0.257356	0.00560681	0.00706773
22	0.0573845	0.00455713	0.00360107	0.00625523	0.0279929	0.0423257	0.00401009	0.377478	0.00367496	0.0635367	0.125972	0.0283918	0.0044874	0.0050541	0.00624031	0.0525481	0.0171845	0.164053	0.00215559	0.00309685
23	0.10591	0.0296051	0.00576905	0.00690101	0.0421723	0.0340434	0.0551168	0.0357872	0.00655695	0.0571619	0.0761145	0.0595582	0.0894433	0.00759811	0.00834793	0.0812621	0.118258	0.10481	0.0719655	0.00361958
24	0.0481679	0.0175233	0.016247	0.0177809	0.0570537	0.149774	0.00940012	0.0284715	0.0181119	0.0843979	0.0158465	0.301924	0.0142758	0.0244268	0.0187032	0.0904078	0.0439447	0.0287886	0.00560231	0.0091522
25	0.00781603	0.00527359	0.000739734	0.000824403	0.0358956	0.00508174	0.00194929	0.424352	0.000585544	0.175291	0.0490823	0.000758002	0.0333046	0.000833554	0.000935987	0.00318521	0.0078143	0.240169	0.00282362	0.00328326
26	0.57346	0.0210775	0.00187283	0.00206577	0.00101983	0.108657	0.00105023	0.0363205	0.00147436	0.014155	0.02215	0.00496831	0.00123581	0.00474733	0.00310332	0.0540019	0.0734015	0.0644423	0.00217873	0.00861714
27	0.123116	0.00554803	0.0181118	0.027746	0.00570021	0.0275314	0.0145157	0.0158242	0.0546818	0.0302288	0.0158559	0.0234995	0.0133363	0.0283558	0.416569	0.100068	0.0390742	0.0272389	0.0041367	0.00886242
28	0.0207125	0.00515208	0.242083	0.162712	0.0123649	0.030932	0.0285309	0.0142687	0.0133348	0.0428501	0.00951424	0.0276696	0.00386336	0.115369	0.0229423	0.0312631	0.0137994	0.153035	0.0100839	0.0395188
29	0.262178	0.0651149	0.000969044	0.00324056	0.00541793	0.018328	0.000835559	0.169598	0.00808538	0.0631553	0.0297862	0.00678904	0.00373358	0.00237312	0.00153334	0.0739889	0.0591028	0.220089	0.00502672	0.000655453
30	0.400673	0.0384798	0.000997266	0.00283946	0.00455769	0.036908	0.001341	0.0940202	0.0038354	0.057539	0.0257684	0.00374463	0.0051742	0.00328753	0.00208489	0.0646756	0.068045	0.16933	0.0146858	0.0020131
31	0.0110324	0.00561488	0.000435741	0.00188588	0.0320758	0.00175826	0.000313884	0.0947552	0.00521985	0.671377	0.0894776	0.000458773	0.00365389	0.00353377	0.00297038	0.00231487	0.00485837	0.0491567	0.0127324	0.00637435
32	0.138965	0.0546304	0.106462	0.040685	0.00263378	0.180292	0.0215449	0.0074908	0.0546618	0.0439989	0.0226346	0.0574499	0.00900857	0.0074871	0.0551854	0.129213	0.058285	0.00618661	0.00114149	0.00204401
33	0.315013	0.0259622	0.00759764	0.0103483	0.00279582	0.0497878	0.00330505	0.00898821	0.00455493	0.138436	0.0303295	0.00866104	0.0235093	0.00814626	0.0150039	0.138794	0.189732	0.0134039	0.00211666	0.00351543
34	0.0544089	0.0125671	0.0317083	0.0301834	0.000900268	0.582778	0.018854	0.00176257	0.0655733	0.007202	0.00863249	0.0457607	0.0208987	0.0175851	0.0264505	0.0580535	0.0133107	0.00235815	0.000430595	0.000581845
35	0.0114961	0.00587114	0.000438161	0.00181784	0.031701	0.00172863	0.000325324	0.0956262	0.00526633	0.671028	0.0890067	0.000447141	0.00347287	0.00337207	0.00286743	0.00227647	0.00463191	0.0492319	0.0128672	0.00652716
36	0.0128374	0.0166446	0.00298824	0.0109404	0.239128	0.00653277	0.127188	0.0980433	0.00368085	0.0576439	0.039609	0.0234154	0.00265192	0.0066512	0.0212636	0.0252795	0.0356461	0.0317763	0.0477721	0.190307
37	0.0361567	0.00894479	0.0887019	0.0149475	0.00524874	0.0506671	0.00707192	0.0115935	0.0153151	0.0494401	0.0106312	0.015483	0.00969873	0.0114998	0.0176672	0.251357	0.372401	0.0169204	0.00246991	0.00378448
38	0.0363311	0.0089323	0.000658697	0.0011803	0.00384041	0.00175473	0.000920019	0.184842	0.00664593	0.161856	0.0208672	0.00316793	0.000524041	0.000898284	0.00474382	0.00362904	0.0240506	0.533849	0.000292804	0.00101547
39	0.0448195	0.00238017	0.00313013	0.00281285	0.0102305	0.0321408	0.0230135	0.0579666	0.00328957	0.0444393	0.0288098	0.0527684	0.00181727	0.0534768	0.0115795	0.269081	0.288353	0.0521961	0.00098883	0.0167058
40	0.0123613	0.00167587	0.00723164	0.0196077	0.0175783	0.00446157	0.00321623	0.102785	0.0844448	0.200626	0.236401	0.00449669	0.0028457	0.0955464	0.158986	0.0209624	0.00656908	0.0142495	0.00103383	0.00492165
41	0.249247	0.00889101	0.0236392	0.0271875	0.00568286	0.0451046	0.0175251	0.0119348	0.0680951	0.0201126	0.0155574	0.185826	0.0146721	0.0375905	0.0347105	0.149081	0.0553634	0.0205114	0.00235868	0.00690905
42	0.123381	0.425964	0.0116767	0.0130776	0.0204073	0.12802	0.00760123	0.0203231	0.0111672	0.0299663	0.0158778	0.0182468	0.00647594	0.0127886	0.0170691	0.0520367	0.0307199	0.0477232	0.00304309	0.00443406
43	0.244015	0.0456107	0.0996985	0.013243	0.0061693	0.208744	0.00728908	0.100211	0.011486	0.0650071	0.0118165	0.0160901	0.00590934	0.011001	0.0145954	0.0847569	0.0287095	0.0190893	0.00231225	0.00424654
44	0.0357085	0.010924	0.01472	0.0138645	0.001133	0.0174281	0.0014844	0.00230037	0.021877	0.00706441	0.00386794	0.0248085	0.036841	0.00234343	0.0249868	0.556181	0.219788	0.00294536	0.000567748	0.00116593
45	0.413004	0.018151	0.00262745	0.00202072	0.000971531	0.179217	0.00102399	0.00265065	0.00243618	0.00519506	0.005067	0.00440557	0.00193491	0.00434275	0.00330964	0.307386	0.036053	0.00796686	0.000785774	0.00145065
46	0.024712	0.00488222	0.00553427	0.0105702	0.102504	0.0102977	0.0517983	0.110681	0.00729072	0.247754	0.145797	0.0418737	0.00475429	0.0392165	0.0158987	0.0569064	0.0295857	0.0287499	0.00638392	0.0548086
47	0.111372	0.00339678	0.0310048	0.0837216	0.00386838	0.0315671	0.00557209	0.0308353	0.0061805	0.00915386	0.0328341	0.0310572	0.00458516	0.416159	0.00926819	0.0375042	0.0373985	0.109259	0.0017192	0.00354409
48	0.492734	0.0259513	0.000857645	0.000981649	0.000474519	0.0793737	0.000650581	0.00122817	0.000899889	0.00178388	0.00158624	0.00263575	0.000652559	0.00125895	0.00142349	0.330064	0.0470299	0.00893664	0.000311645	0.00116606
49	0.121982	0.00243037	0.00169591	0.0104271	0.0139532	0.00480298	0.00436101	0.277185	0.00179834	0.121471	0.0680993	0.00358819	0.00175141	0.00233362	0.00223865	0.0282494	0.114922	0.212137	0.00571714	0.000857315
50	0.12236	0.00332967	0.0264805	0.00615689	0.00306652	0.0494696	0.00406338	0.0263648	0.103419	0.132816	0.14982	0.0450871	0.0035261	0.0987152	0.0448947	0.0802412	0.0270732	0.00829573	0.00132813	0.0634918
51	0.00928308	0.00237173	0.00256386	0.00279697	0.0235297	0.00249216	0.00110905	0.305923	0.00161021	0.397084	0.0618171	0.000989247	0.00698174	0.00367992	0.00154167	0.00358292	0.00950929	0.154044	0.0046916	0.0043987
52	0.136266	0.00282105	0.0292375	0.0828628	0.00355451	0.0212432	0.0803246	0.0269626	0.0707578	0.049427	0.0182388	0.0513851	0.00381335	0.0922406	0.147353	0.0783021	0.0421272	0.0354788	0.00374095	0.0238622
53	0.313772	0.0161603	0.0247329	0.0356533	0.00153178	0.0390014	0.0024525	0.0142335	0.00380474	0.134692	0.00545731	0.0248276	0.00371583	0.0135986	0.0569016	0.165735	0.125967	0.0152383	0.000685288	0.00183829
54	0.024351	0.00312069	0.040474	0.0312548	0.000826464	0.671	0.0164262	0.00150928	0.0526541	0.00313307	0.00269282	0.0543966	0.00871789	0.0220795	0.0187509	0.0373678	0.00535366	0.00396128	0.000499641	0.00143005
55	0.14534	0.00236261	0.0281613	0.0803611	0.00530367	0.0186641	0.0974315	0.0291081	0.0572922	0.0499817	0.0176708	0.0505168	0.00319639	0.0880443	0.121377	0.0851718	0.0529408	0.0352822	0.00347945	0.0283146
56	0.270677	0.0642178	0.00129827	0.0035905	0.00910266	0.0383438	0.00105764	0.173662	0.00956951	0.0570097	0.0343571	0.00491399	0.00357079	0.00385495	0.00191735	0.0510214	0.0554292	0.21171	0.00376824	0.000927898
57	0.0103508	0.00251372	0.0017953	0.00215539	0.0195212	0.0033609	0.00150822	0.368668	0.000664162	0.285902	0.0458701	0.000804902	0.0148637	0.00222343	0.00103131	0.00384495	0.0101532	0.218258	0.00304283	0.00346789
58	0.599437	0.0308305	0.00131275	0.00159082	0.00182152	0.0725864	0.000762112	0.0328989	0.00101841	0.0130236	0.0101375	0.00455085	0.000763944	0.00409523	0.00168608	0.0449174	0.0837226	0.0884651	0.0027277	0.0036511
59	0.156913	0.194027	0.00902054	0.00845575	0.0182914	0.375084	0.00408454	0.0150337	0.00870192	0.0244495	0.0138383	0.0147783	0.00675436	0.00902044	0.0142698	0.0509324	0.0224954	0.0484788	0.00187368	0.00349733
60	0.0536142	0.0046678	0.0138834	0.0151515	0.00287206	0.736922	0.00772536	0.00507496	0.0262225	0.00766146	0.00320031	0.0212672	0.0296854	0.0101196	0.011631	0.0272476	0.00922673	0.0102859	0.000832608	0.00270802
61	0.273989	0.0113962	0.00205673	0.00265529	0.00143846	0.00345223	0.00158371	0.00248576	0.00225947	0.0229759	0.00270236	0.00255754	0.00191554	0.00295656	0.00296776	0.105895	0.30168	0.252406	0.00131706	0.00130904
62	0.0584863	0.00149288	0.52766	0.176719	0.00206766	0.0475472	0.0057929	0.00294642	0.0134263	0.0114149	0.00309779	0.0143913	0.00687996	0.0363648	0.0103272	0.0539389	0.0166809	0.00657725	0.00155623	0.00263192
63	0.0440228	0.00121187	0.00214799	0.00192714	0.0143219	0.0321745	0.0128675	0.0617043	0.00200395	0.0600879	0.0195304	0.0472367	0.00126166	0.0164938	0.0135154	0.290914	0.297079	0.0565539	0.000540968	0.0244038
64	0.103106	0.0046506	0.00263894	0.00465789	0.0294109	0.0117759	0.00337431	0.104843	0.00287859	0.258587	0.131597	0.02297	0.00313636	0.00935873	0.00468596	0.0471844	0.167166	0.079327	0.00164232	0.00700936
65	0.0441244	0.0104996	0.0150191	0.0155874	0.00158167	0.0203589	0.00270494	0.0033774	0.0208295	0.0102226	0.00516039	0.0254472	0.0479172	0.0031071	0.0249037	0.531111	0.211092	0.004584	0.000937055	0.00143432
66	0.0371244	0.0197064	0.158926	0.088267	0.00585643	0.0195013	0.11564	0.0130202	0.051393	0.0221596	0.00929747	0.0899983	0.00513806	0.102407	0.115413	0.035119	0.0175776	0.0552707	0.00740325	0.0307819
67	0.297555	0.0156677	0.00289208	0.00498856	0.0179876	0.0100841	0.00347252	0.104532	0.00473369	0.0902059	0.0307554	0.00504753	0.0566572	0.00460283	0.00531961	0.0834186	0.0572569	0.196862	0.0051559	0.00280522
68	0.11297	0.00175975	0.0244066	0.0772745	0.0158918	0.0589827	0.0190958	0.0143286	0.035835	0.0137962	0.0116028	0.0110903	0.396964	0.0403394	0.0560119	0.0280265	0.0403666	0.0257145	0.00118336	0.0143599
69	0.00780314	0.00485378	0.000670046	0.000841046	0.0371798	0.00512692	0.0019308	0.425611	0.00056656	0.175988	0.0483399	0.000727491	0.032774	0.000761917	0.00095181	0.0032289	0.00792132	0.238509	0.0028741	0.00334078
70	0.0895037	0.00285197	0.00605423	0.0501506	0.0278835	0.224674	0.00460084	0.0500436	0.0294336	0.0923453	0.00603755	0.0723555	0.0513451	0.088804	0.0439689	0.0330049	0.032359	0.0896541	0.00162355	0.00330559
71	0.0487424	0.00543011	0.00357478	0.00163261	0.1207	0.0048097	0.0327991	0.0734103	0.00109869	0.399232	0.0235504	0.00149403	0.00759889	0.00616985	0.0139996	0.00886797	0.0316774	0.105264	0.0122994	0.0976485
72	0.0121936	0.00260067	0.0210183	0.0212958	0.00328011	0.130955	0.0379102	0.00528234	0.057749	0.00770264	0.00446622	0.21196	0.0995326	0.0058177	0.00569392	0.268857	0.0934495	0.00668707	0.00134002	0.00220816
73	0.0677875	0.00428875	0.39088	0.140731	0.00378808	0.02861	0.0154873	0.00864641	0.0193112	0.0109398	0.00601936	0.0947871	0.0389361	0.0427379	0.0227237	0.0583742	0.0232482	0.0158866	0.00201043	0.00480587
74	0.0744934	0.00405589	0.00670872	0.0169602	0.147877	0.0191658	0.00552894	0.00882428	0.00771464	0.0202487	0.00733145	0.0357018	0.21092	0.0725309	0.105087	0.0146694	0.0309317	0.0120481	0.0026449	0.196558
75	0.0315461	0.00114748	0.00230204	0.00215059	0.0155302	0.0315913	0.0165581	0.0740614	0.00208722	0.0586432	0.017764	0.0396241	0.00135056	0.0198974	0.0215474	0.256181	0.32632	0.0593724	0.000562075	0.0217633
76	0.00799308	0.026511	0.00414517	0.0065086	0.00158147	0.0169428	0.00543897	0.00432677	0.00536995	0.0132532	0.0116498	0.0061642	0.00156863	0.00940288	0.00906971	0.127658	0.700529	0.0399088	0.000729236	0.00124861
77	0.0234674	0.00236617	0.0240999	0.0246662	0.000399822	0.715946	0.012455	0.000789062	0.0558496	0.00164229	0.00227079	0.0495641	0.00845983	0.0184047	0.0182349	0.0362816	0.00309794	0.00143619	0.000263463	0.000305212
78	0.0123441	0.00157972	0.00634742	0.0259318	0.0207422	0.00459905	0.00346652	0.0954773	0.0884896	0.236705	0.240893	0.00383296	0.00283339	0.0792681	0.135191	0.018269	0.00702567	0.0114551	0.00105315	0.00449667
79	0.0341409	0.00097733	0.00214283	0.00189106	0.0119164	0.0313009	0.0125261	0.0622062	0.00216134	0.0600971	0.0211383	0.0582941	0.00127096	0.0160662	0.0149563	0.29477	0.295084	0.0584846	0.000608411	0.0199674
80	0.0732501	0.0278566	0.00696036	0.0084125	0.087266	0.0269302	0.0107246	0.135394	0.0089107	0.13713	0.205037	0.0113532	0.00997553	0.0186593	0.0137951	0.0222607	0.0282564	0.126373	0.0134198	0.0280349
81	0.193441	0.0113831	0.00832395	0.00795237	0.00385944	0.599747	0.00514953	0.0113059	0.0077227	0.012794	0.00645934	0.00810951	0.0120756	0.0072128	0.00726219	0.030338	0.0174167	0.0433211	0.00160584	0.00452058
82	0.012045	0.00498296	0.283292	0.169745	0.0177356	0.0408104	0.0427628	0.0132224	0.00811687	0.0162719	0.00481105	0.0336574	0.00215218	0.175364	0.023003	0.0361144	0.00661587	0.0627835	0.0186057	0.0279079
83	0.0698114	0.0118037	0.00715606	0.0112255	0.00660155	0.0183228	0.133454	0.0508287	0.00902759	0.0258774	0.0135943	0.139224	0.00582337	0.0299961	0.0145028	0.154111	0.205239	0.0814564	0.00242575	0.00951836
84	0.448486	0.0278073	0.00266582	0.00257377	0.00149551	0.152597	0.00155136	0.0168563	0.00306955	0.0212232	0.0384201	0.00597633	0.00304353	0.0168113	0.0041109	0.136569	0.0875148	0.0241976	0.000748094	0.00428348
85	0.150757	0.000740049	0.161943	0.454577	0.00116167	0.025504	0.00228822	0.00128807	0.03845	0.00804535	0.00195757	0.0113843	0.00620326	0.0589518	0.0241349	0.0311888	0.0152273	0.0043377	0.0010083	0.000851468
86	0.0220916	0.00158696	0.037224	0.0171171	0.00235917	0.00338741	0.00296705	0.127037	0.105299	0.165735	0.0555382	0.0170061	0.011565	0.0832391	0.19856	0.0235857	0.0127649	0.102453	0.00189432	0.00858949
87	0.0682481	0.00343448	0.00237242	0.00677457	0.0170439	0.0064571	0.00284963	0.246221	0.00220938	0.208871	0.0771594	0.0073524	0.00457842	0.00438902	0.00293261	0.022846	0.127881	0.180999	0.00366893	0.00371168
88	0.609462	0.0302139	0.00113465	0.00162183	0.00226679	0.0620048	0.00074008	0.0295639	0.000947874	0.0114126	0.00831224	0.00377859	0.000733031	0.00433315	0.00153651	0.0438595	0.0798734	0.10269	0.0026284	0.00288696
89	0.0939833	0.00474999	0.0555085	0.108029	0.00431926	0.0171114	0.0539574	0.0084111	0.132657	0.0370682	0.0107987	0.0279334	0.0066472	0.0805777	0.19313	0.0736329	0.0396921	0.0209184	0.0132227	0.0176515
90	0.0395057	0.00806551	0.00128355	0.00213861	0.00248667	0.00250799	0.00103324	0.391857	0.00178927	0.0425578	0.0120553	0.00179356	0.0026855	0.00152463	0.00196368	0.0105473	0.00880791	0.459142	0.000548985	0.00770588
91	0.0341613	0.0107595	0.0149216	0.0137394	0.000652389	0.0149792	0.000716276	0.00120866	0.0204258	0.00643943	0.00287878	0.0226453	0.0302317	0.00121823	0.025094	0.568843	0.228546	0.00159943	0.000336963	0.00060269
92	0.0434433	0.00449438	0.0151141	0.0233462	0.0101923	0.012278	0.0172223	0.0260738	0.0725985	0.0865033	0.0365342	0.0222248	0.0113093	0.0307026	0.484958	0.0341844	0.0258418	0.027741	0.00617803	0.00905944
93	0.215099	0.000534117	0.0298413	0.389423	0.00391899	0.00117937	0.00737704	0.000946945	0.0493183	0.0424883	0.0054167	0.0111283	0.000555723	0.125741	0.0520774	0.0224719	0.0153987	0.0194427	0.00717128	0.000469774
94	0.206106	0.000468218	0.15631	0.375312	0.000505151	0.0314143	0.000571556	0.000908203	0.0543209	0.00340483	0.000822433	0.0128367	0.00583428	0.0632322	0.0248532	0.0431268	0.0181837	0.00115039	0.000204448	0.000434132
95	0.154761	0.0102194	0.0175321	0.021633	0.00990921	0.0297765	0.0106112	0.0243537	0.0253895	0.0372132	0.168586	0.0213048	0.0752729	0.15398	0.0348654	0.117983	0.0388465	0.0305668	0.0069682	0.010228
96	0.0533068	0.00219989	0.54141	0.16982	0.00277568	0.0526149	0.00654175	0.00366652	0.0141192	0.0125035	0.00339832	0.0123991	0.00750767	0.043187	0.0102893	0.0350516	0.0159081	0.00812991	0.00203134	0.00314017
97	0.215099	0.000534117	0.0298413	0.389423	0.00391899	0.00117937	0.00737704	0.000946945	0.0493183	0.0424883	0.0054167	0.0111283	0.000555723	0.125741	0.0520774	0.0224719	0.0153987	0.0194427	0.00717128	0.000469774
98	0.0148219	0.00356775	0.00156878	0.00362274	0.38878	0.00655114	0.0216306	0.0687593	0.00179655	0.0700292	0.0149166	0.00384605	0.001179	0.00204248	0.00680851	0.00669168	0.00690104	0.0551067	0.0898975	0.231483
99	0.464766	0.0202039	0.00283509	0.00268821	0.00325196	0.0718384	0.00384591	0.0395935	0.00190467	0.0234406	0.0147427	0.0127653	0.00152244	0.00729311	0.00554815	0.124062	0.137486	0.0528067	0.00213612	0.00726963
100	0.0551612	0.00477598	0.00350052	0.00180644	0.107185	0.00475656	0.0331792	0.0729406	0.00115742	0.399506	0.0264742	0.00146915	0.00613172	0.00716198	0.0173342	0.00975531	0.0285184	0.10876	0.0128232	0.0976035
101	0.0873394	0.00509168	0.0521839	0.119754	0.00106109	0.0154037	0.0507305	0.007615	0.12284	0.0375819	0.0128302	0.0330232	0.00862444	0.0871367	0.215902	0.0641395	0.0355665	0.0225268	0.00907265	0.0115766
102	0.173024	0.0143646	0.0138773	0.0132864	0.00256491	0.0354472	0.00330043	0.0078234	0.0149761	0.0111528	0.00580241	0.0191211	0.0205091	0.0055985	0.0182889	0.458079	0.16511	0.0147244	0.000861332	0.00208744
103	0.0735349	0.00860115	0.0199356	0.0278193	0.00909587	0.0260316	0.306103	0.0225067	0.0264359	0.0290285	0.0151685	0.111038	0.00948007	0.0750191	0.0361854	0.098213	0.050235	0.0342476	0.004421	0.0169
104	0.0283811	0.00132557	0.00232586	0.0237126	0.00139593	0.00307755	0.031421	0.0237021	0.0564677	0.0540847	0.0233021	0.00292688	0.00157903	0.312976	0.175876	0.185139	0.0665363	0.00360986	0.000896413	0.00126389
105	0.0297397	0.00145111	0.00804669	0.0083365	0.0214874	0.00333855	0.0723565	0.00289034	0.194682	0.102925	0.0844035	0.149068	0.00703891	0.008545	0.222768	0.0194854	0.0247688	0.00494349	0.0137648	0.0199607
106	0.415281	0.00765872	0.00489756	0.00535203	0.00574882	0.0283853	0.00626618	0.0431311	0.00726742	0.108256	0.0782326	0.0108004	0.0085257	0.00909408	0.0277651	0.0953291	0.0578668	0.0525472	0.00281459	0.0247797
107	0.355412	0.00106021	0.0149525	0.0334146	0.00902345	0.0112632	0.0945188	0.0249463	0.0277652	0.0458543	0.0152915	0.0502421	0.0052755	0.0465962	0.0439907	0.0977987	0.0658038	0.0380618	0.000520097	0.0182092
108	0.174329	0.00487662	0.0348946	0.0841151	0.000769337	0.00168933	0.023767	0.00504631	0.355899	0.0108661	0.00145157	0.0245573	0.000832715	0.101022	0.128121	0.023597	0.0157739	0.00715523	0.000455209	0.00078117
109	0.5221	0.0139428	0.00223672	0.00142822	0.000707951	0.0933292	0.000930225	0.00383262	0.00662949	0.00322852	0.00630436	0.0127847	0.00642543	0.0162211	0.00706954	0.257048	0.0352598	0.00878456	0.00040984	0.0013264
110	0.0819134	0.0122415	0.00273302	0.0675174	0.0449711	0.00398982	0.111941	0.024921	0.0450726	0.00588231	0.0250126	0.0145653	0.0021262	0.0653172	0.135815	0.0268311	0.0414264	0.0364026	0.121957	0.129363
111	0.0858122	0.00148384	0.274272	0.139438	0.0119841	0.104056	0.00398009	0.00328844	0.00336109	0.0167639	0.00260079	0.0386853	0.00184185	0.0610771	0.0294578	0.171473	0.0333676	0.0143791	0.00104866	0.00162973
112	0.0839194	0.00340122	0.0692224	0.257484	0.00435664	0.00906819	0.014499	0.0245992	0.0705015	0.0798289	0.0390185	0.0159577	0.012375	0.112047	0.0818377	0.0283243	0.021418	0.0579777	0.00596055	0.00820287
113	0.0358555	0.00934634	0.000660446	0.00122726	0.00378977	0.00195764	0.00105891	0.192964	0.00678041	0.163153	0.0226867	0.00320757	0.000869181	0.00100189	0.00515163	0.00347692	0.0232331	0.522165	0.00032093	0.00109341
114	0.132116	0.00228984	0.00161339	0.021524	0.0248745	0.00606748	0.00800458	0.26513	0.0015956	0.104289	0.0421407	0.00262138	0.00237747	0.00196269	0.00238344	0.041824	0.100096	0.227558	0.0104209	0.00111063
115	0.142657	0.00205535	0.033054	0.0252499	0.0052141	0.083101	0.0203739	0.00541689	0.00823698	0.00670366	0.00592723	0.00464448	0.371227	0.00582893	0.0253981	0.0847903	0.12974	0.0374996	0.00101323	0.00186892
116	0.0791251	0.0060901	0.0511216	0.111484	0.000793786	0.014034	0.0527997	0.00730688	0.133434	0.0355856	0.0125228	0.0306812	0.00986552	0.089376	0.221881	0.0640403	0.0370533	0.023549	0.00825246	0.0110035
117	0.0549007	0.00156617	0.547115	0.173238	0.00231364	0.0518209	0.00546507	0.00297451	0.0125129	0.0134766	0.00302209	0.0113092	0.00649966	0.0430245	0.00941669	0.0347009	0.0147477	0.00751033	0.0015735	0.0028122
118	0.0383294	0.00311174	0.190849	0.0329354	0.00368038	0.125219	0.00429937	0.049843	0.00590453	0.0330716	0.00550793	0.266176	0.00391879	0.124354	0.00758829	0.0133614	0.0786959	0.00865962	0.0014016	0.00309272
119	0.056524	0.0245268	0.00480214	0.00646219	0.0558397	0.100858	0.00441613	0.154839	0.0056209	0.193224	0.0216954	0.0667518	0.00481741	0.00842503	0.00699283	0.0231386	0.171585	0.0777831	0.00287238	0.00882596
120	0.00760941	0.0049748	0.000679526	0.000804364	0.0364132	0.0050423	0.00191996	0.42513	0.000564783	0.175131	0.0485369	0.000730567	0.0336219	0.00075154	0.000930699	0.00318039	0.00779376	0.240031	0.00287206	0.00328095
121	0.0668677	0.00286938	0.0233541	0.0502447	0.0018812	0.0138162	0.0152352	0.00786869	0.264571	0.0178377	0.00953895	0.0305426	0.00516803	0.0793423	0.309158	0.0516058	0.0320987	0.0117155	0.00206663	0.00421793
122	0.160861	0.00124509	0.0245579	0.0822258	0.019608	0.0890453	0.0429776	0.022754	0.0577271	0.0151052	0.0224206	0.0125572	0.233098	0.0205724	0.0770159	0.0311995	0.0410048	0.04412	0.000638524	0.00126574
123	0.081445	0.00108657	0.0115244	0.030592	0.00135462	0.0130983	0.00175556	0.105477	0.0311286	0.308389	0.119623	0.00235381	0.138656	0.00270918	0.0219471	0.0140003	0.00415451	0.0990786	0.000728856	0.0108967
124	0.20434	0.000498594	0.153632	0.384081	0.000530305	0.0310824	0.000584181	0.000975928	0.0531378	0.00342236	0.000834986	0.0124525	0.00568957	0.0617996	0.0241017	0.042799	0.0181863	0.00121904	0.000198793	0.000433405
125	0.0704091	0.00117124	0.0376971	0.0023992	0.0012514	0.0556341	0.00145458	0.00224376	0.457679	0.003349	0.0021462	0.00562798	0.00153682	0.110866	0.043399	0.129251	0.0510597	0.0121953	0.000601103	0.0100289
126	0.011656	0.00587014	0.000440074	0.00180831	0.0314489	0.00173543	0.000325534	0.0957819	0.00528987	0.671096	0.0888533	0.000451876	0.00343953	0.0033486	0.00285013	0.00227081	0.00462954	0.0493121	0.0128754	0.00651653
127	0.532449	0.00159954	0.00431638	0.00191289	0.000821662	0.0948432	0.00112358	0.00535581	0.0154386	0.00300491	0.00989188	0.0190719	0.0163782	0.0397289	0.0162535	0.213204	0.0170315	0.00566242	0.00060199	0.00130971
128	0.0847549	0.00115524	0.0203391	0.00241074	0.00144179	0.0401306	0.00151579	0.00227971	0.424473	0.00292168	0.00206417	0.0109442	0.00143128	0.0709954	0.101978	0.112864	0.107583	0.00617036	0.000753929	0.0037933
129	0.0159986	0.00452126	0.00402324	0.0104443	0.0360539	0.00506563	0.00553088	0.0833947	0.0387471	0.443774	0.174351	0.00581595	0.00339726	0.0342764	0.0641076	0.013049	0.0118407	0.0310651	0.00754767	0.00699578
130	0.025136	0.00111299	0.00253893	0.0185807	0.0044405	0.00646081	0.00670343	0.00740316	0.56033	0.00877974	0.00298973	0.0331025	0.020249	0.00436977	0.250144	0.0151913	0.0174396	0.0127758	0.000899844	0.00135269
131	0.138889	0.00358299	0.00830002	0.00948602	0.00216123	0.0209091	0.00481059	0.0134457	0.00577085	0.011163	0.00537577	0.00513775	0.610841	0.0062186	0.0106637	0.0479937	0.0698494	0.0204774	0.00103951	0.00388514
132	0.525571	0.0314228	0.001713	0.00489275	0.0171287	0.0188306	0.00133786	0.0343802	0.00250959	0.00890735	0.00428215	0.00239967	0.0015987	0.00608693	0.00218171	0.0371172	0.0384402	0.258342	0.00168462	0.0011732
133	0.0215407	0.00444391	0.0023644	0.00347003	0.350781	0.00804949	0.0216017	0.0666717	0.00196312	0.123481	0.0171483	0.00370768	0.00269562	0.00331456	0.00806606	0.00831377	0.0132219	0.0629216	0.0717126	0.204531
134	0.0476025	0.00401617	0.132628	0.134823	0.00378904	0.0488686	0.00509146	0.347706	0.00695524	0.0114189	0.00665007	0.0347397	0.00428984	0.00908256	0.102994	0.0154049	0.0117658	0.0666083	0.00213381	0.00343166
135	0.0287713	0.00149138	0.00304512	0.0283646	0.0129372	0.0143619	0.0222893	0.00613189	0.457668	0.00950648	0.0046169	0.0161728	0.0186906	0.00524238	0.263094	0.0207705	0.0401737	0.0412463	0.00227986	0.00314546
136	0.0737588	0.00405934	0.0497221	0.104722	0.00166127	0.0192192	0.043666	0.00993096	0.13564	0.0342043	0.0139422	0.0261436	0.0571383	0.0893742	0.183571	0.0613756	0.0484477	0.0296472	0.00603869	0.00773727
137	0.0942636	0.00323022	0.0226177	0.0135177	0.00266898	0.650589	0.00743558	0.00373908	0.0191149	0.00617925	0.00422152	0.0149063	0.0751341	0.00801964	0.0108874	0.029176	0.0186559	0.0120864	0.000621916	0.00293516
138	0.00419903	0.0103191	0.00305651	0.00832144	0.00106737	0.012985	0.00781494	0.00215394	0.00540528	0.0164729	0.0143407	0.00799511	0.00120629	0.0135909	0.0134669	0.130801	0.732749	0.0128271	0.000455633	0.000771218
139	0.0123163	0.00434786	0.000845252	0.00114027	0.0304085	0.00757383	0.00344573	0.378137	0.00173497	0.169957	0.0526879	0.00161568	0.0198927	0.00118051	0.0021419	0.00571157	0.0104892	0.290556	0.0021724	0.00364599
140	0.0260334	0.0119719	0.00862082	0.0168662	0.0054751	0.0191347	0.0100959	0.0137217	0.0182489	0.0248897	0.0187393	0.0180791	0.00766944	0.049043	0.0196027	0.109098	0.588445	0.0260315	0.00187753	0.0063561
141	0.208062	0.00374129	0.0175159	0.0644812	0.0350382	0.0768947	0.0233488	0.0178162	0.0282973	0.0166171	0.014955	0.010972	0.258496	0.0198073	0.0433997	0.0314219	0.0430516	0.0753219	0.00154515	0.00921662
142	0.434763	0.00157424	0.0033446	0.0030251	0.00140814	0.499334	0.00166808	0.00301551	0.00239517	0.00532817	0.00274379	0.00291846	0.00317892	0.00296268	0.00304926	0.0140704	0.00441804	0.00784412	0.000760482	0.00219791
143	0.0413901	0.00655934	0.0130702	0.0161766	0.00270106	0.0304207	0.00325297	0.00475544	0.0581381	0.00897555	0.00562213	0.205154	0.0113738	0.0144216	0.0166685	0.286442	0.263971	0.00670339	0.000909288	0.00329393
144	0.314558	0.00354763	0.00372635	0.0039884	0.00179593	0.0274099	0.00237759	0.00491368	0.00715233	0.00526538	0.0200033	0.0214269	0.00703975	0.0140213	0.0208169	0.517219	0.0148848	0.00694584	0.00108854	0.00181862
145	0.0349257	0.0112231	0.0145041	0.013799	0.000695753	0.0142834	0.000713573	0.00118291	0.0201689	0.00663464	0.00298438	0.0232338	0.0301459	0.00124696	0.0260649	0.573938	0.221666	0.00164498	0.000350665	0.000592915
146	0.106892	0.00372039	0.00642633	0.0356764	0.0793108	0.0366578	0.00477517	0.00802226	0.00643653	0.0376088	0.00667028	0.0146799	0.233747	0.133582	0.0366856	0.0133086	0.0659537	0.0117835	0.00212306	0.15594
147	0.00831073	0.00498963	0.000712264	0.000960496	0.0363502	0.00504287	0.00196272	0.422683	0.000755742	0.175723	0.0484488	0.000751054	0.0340788	0.000757692	0.000973736	0.00336824	0.00791033	0.24002	0.00289843	0.00330241
148	0.0107104	0.0150614	0.005799	0.00800246	0.00117777	0.0118722	0.00473027	0.00183101	0.0128246	0.0111248	0.0181515	0.00995839	0.00741311	0.00818927	0.0131171	0.238201	0.609763	0.0108089	0.000487682	0.000776347
149	0.0470829	0.00426137	0.533032	0.0940361	0.00472175	0.0555313	0.00843647	0.0116142	0.0115847	0.0519599	0.00920997	0.0177391	0.0106956	0.0396758	0.0156316	0.0350809	0.0206469	0.0197175	0.0025674	0.00677425
150	0.0569816	0.00347484	0.013607	0.013863	0.00108051	0.772701	0.00663303	0.00232328	0.027769	0.00498826	0.00273373	0.0237385	0.0104716	0.0096018	0.00930566	0.0278489	0.00443658	0.00651426	0.000258429	0.00166877
151	0.379905	0.00168472	0.00421992	0.00384926	0.00146532	0.54196	0.00208366	0.00270802	0.00502001	0.00540523	0.00273198	0.0049551	0.00476773	0.00359273	0.00359412	0.0159853	0.00456523	0.00845015	0.000637956	0.00241826
152	0.492457	0.0261206	0.000847401	0.000969692	0.00049507	0.0793531	0.000660586	0.00124154	0.00087394	0.00177835	0.00158452	0.00266228	0.000647083	0.00125066	0.0014381	0.3304	0.0466877	0.00905135	0.000311401	0.00116998
153	0.409447	0.0387938	0.00117496	0.00246101	0.00434421	0.0362048	0.00258163	0.0625899	0.00324252	0.0582527	0.0246631	0.00489122	0.00516243	0.00400499	0.00261808	0.0660506	0.0903732	0.158864	0.0223278	0.00195227
154	0.247724	0.058824	0.000971516	0.00354351	0.00540897	0.0184141	0.00087049	0.161834	0.00688151	0.0812874	0.0303378	0.00584561	0.00366688	0.00228765	0.00141108	0.0596054	0.0585817	0.24767	0.00423974	0.000594216
155	0.010639	0.00418879	0.000963713	0.00195777	0.0217762	0.00169091	0.000461779	0.140059	0.00390095	0.613402	0.0747201	0.000499068	0.00322539	0.00296137	0.0021216	0.00259981	0.00604531	0.0928796	0.0105323	0.00537561
156	0.00943195	0.000570332	0.0024125	0.00267089	0.00114448	0.00144619	0.000648032	0.199966	0.000999237	0.505734	0.0412251	0.000939093	0.000686103	0.00279422	0.00116695	0.00308509	0.00809105	0.212475	0.00255765	0.00195577
157	0.257057	0.0335569	0.008437	0.00680431	0.00347288	0.184815	0.00369363	0.00707611	0.00582936	0.0595581	0.0683496	0.00705849	0.00550274	0.0132306	0.00711898	0.227282	0.0879749	0.00869342	0.00111321	0.00337524
158	0.0342344	0.0111471	0.0145819	0.0138714	0.000628055	0.0143284	0.000714041	0.00117118	0.0203082	0.00659407	0.00291176	0.0231912	0.030108	0.00122872	0.0258069	0.573477	0.223194	0.00157361	0.000347555	0.000582756
159	0.0323777	0.00103194	0.0414451	0.832828	0.00101884	0.00233468	0.00119763	0.00214695	0.0108205	0.00331679	0.001824	0.00878295	0.0100394	0.0173734	0.0199361	0.00391476	0.00499167	0.00300996	0.000560495	0.0010491
160	0.202848	0.000456402	0.162268	0.346888	0.0004999	0.0355134	0.000818814	0.000808091	0.0636491	0.0037201	0.000870896	0.0160522	0.00606145	0.0650593	0.0288308	0.0450677	0.0188122	0.00116646	0.000203172	0.000405892
161	0.0818777	0.00261681	0.00445779	0.008359	0.0209061	0.00625965	0.00776469	0.00556716	0.394991	0.0459969	0.025241	0.00849446	0.00500726	0.0243908	0.222669	0.0115244	0.0133207	0.0622168	0.0287053	0.0196337
162	0.336024	0.0548067	0.00384461	0.0225703	0.0149971	0.0256492	0.0025615	0.106098	0.0067891	0.0407898	0.0245075	0.0063339	0.00339273	0.00976789	0.00566698	0.0402487	0.0448421	0.245469	0.00299801	0.00264232
163	0.0882188	0.00196803	0.0261949	0.0868803	0.000720638	0.00170071	0.00676802	0.0141853	0.38544	0.0177362	0.00160633	0.00872041	0.00107864	0.108546	0.196978	0.0217971	0.0228878	0.00755246	0.00039543	0.000624663
164	0.215758	0.000530902	0.0297368	0.389367	0.00393358	0.00120903	0.00741938	0.000946413	0.0493267	0.0424166	0.00542426	0.0110837	0.000559068	0.125489	0.0519926	0.0224604	0.0153707	0.0193659	0.00713513	0.000473919
165	0.0362032	0.00172344	0.00741334	0.0165861	0.0221861	0.00341621	0.0968803	0.00336763	0.139799	0.153373	0.0782503	0.09811	0.0127435	0.0161211	0.221435	0.0154221	0.0188836	0.00519997	0.0198246	0.0330614
166	0.0234674	0.00236617	0.0240999	0.0246662	0.000399822	0.715946	0.012455	0.000789062	0.0558496	0.00164229	0.00227079	0.0495641	0.00845983	0.0184047	0.0182349	0.0362816	0.00309794	0.00143619	0.000263463	0.000305212
167	0.0388775	0.00442142	0.00577728	0.00197262	0.102606	0.00718352	0.0357256	0.0755832	0.00119815	0.429613	0.0323136	0.00217419	0.00557872	0.00710055	0.0117619	0.00889714	0.0340077	0.0857337	0.00882036	0.100654
168	0.0500126	0.00136204	0.0347511	0.115077	0.00152817	0.0146807	0.0137036	0.00299207	0.170025	0.00597093	0.0157885	0.00370409	0.125374	0.0836548	0.0572033	0.065019	0.209253	0.0276003	0.000693108	0.00160668
169	0.0383831	0.00130864	0.00227371	0.00367349	0.00175176	0.00408733	0.00172436	0.0611287	0.013691	0.00447281	0.00279067	0.0028831	0.725073	0.0034187	0.0138819	0.0099679	0.022968	0.0714863	0.001039	0.0139961
170	0.0228689	0.00165918	0.0312411	0.0146497	0.00580576	0.00360487	0.00260673	0.125003	0.107074	0.194202	0.09333	0.0125159	0.00773531	0.0792679	0.181734	0.0193975	0.00940952	0.0743687	0.00134323	0.0121824
171	0.554229	0.022491	0.0023955	0.00291505	0.00285374	0.109502	0.00152733	0.0276056	0.00201977	0.0209967	0.0118572	0.00385889	0.00172899	0.00448957	0.00320184	0.0480315	0.0545684	0.117354	0.00399963	0.00437336
172	0.0800362	0.0135564	0.00271951	0.0666596	0.0479196	0.00390341	0.110191	0.0251243	0.0468286	0.00559882	0.0246628	0.0134634	0.00214389	0.0569008	0.139021	0.026665	0.0421112	0.0391984	0.116455	0.136841
173	0.0115011	0.00379659	0.000839995	0.00167403	0.0737152	0.00206776	0.00195299	0.194504	0.00354032	0.513053	0.0722664	0.000796116	0.00282881	0.0027718	0.0029849	0.00393899	0.0058328	0.0781984	0.00924091	0.0144958
174	0.0317982	0.00239795	0.00451052	0.00614727	0.00309596	0.00623993	0.0218919	0.070826	0.219213	0.0448551	0.00504633	0.0226855	0.00399039	0.00593052	0.199518	0.0975684	0.0916017	0.139511	0.00161572	0.0215562
175	0.0609555	0.00863904	0.277227	0.2645	0.00107045	0.0176228	0.0334463	0.00220509	0.0622912	0.00334249	0.0156417	0.0328927	0.0489031	0.0464618	0.0293142	0.0356631	0.0487396	0.00951884	0.000598683	0.000966295
176	0.0170008	0.00639803	0.247977	0.151864	0.0118997	0.0506585	0.0474362	0.0225396	0.0100472	0.0139631	0.00498551	0.0557194	0.00382942	0.157577	0.0405979	0.0396145	0.00939061	0.077644	0.0103866	0.0204714
177	0.0305364	0.0121126	0.00207874	0.00479193	0.0302066	0.0199839	0.00247535	0.131276	0.00658477	0.478168	0.127541	0.00320052	0.0103641	0.00987512	0.00544793	0.00908566	0.0153264	0.0851267	0.0087389	0.00707998
178	0.0456482	0.0151437	0.00838848	0.011166	0.080762	0.186973	0.0130501	0.0632601	0.00922195	0.315962	0.0403677	0.0200633	0.00963144	0.0141595	0.0144706	0.0262201	0.0362475	0.0517701	0.00940604	0.0280886
179	0.047175	0.0034846	0.0039045	0.00512475	0.042475	0.00742522	0.00681811	0.086514	0.00455729	0.444654	0.133396	0.00844293	0.00284239	0.0240687	0.0054421	0.0175711	0.0951527	0.0427318	0.00351632	0.0147033
180	0.450331	0.0192115	0.00211071	0.0015502	0.00094501	0.141718	0.000959896	0.00264201	0.00288275	0.00367344	0.00446708	0.00464937	0.00253442	0.00542188	0.00346919	0.305321	0.037959	0.00820286	0.000529335	0.0014212
181	0.0960085	0.00262286	0.0120357	0.0156914	0.00519487	0.0285784	0.00747896	0.0137304	0.0121479	0.0101318	0.00521408	0.00507419	0.596992	0.00986398	0.0169203	0.0445937	0.0862367	0.0248067	0.00103275	0.00564512
182	0.277206	0.0109813	0.00200542	0.00263925	0.00145351	0.00357583	0.00156437	0.00264689	0.00238758	0.023451	0.00271098	0.00260468	0.00191527	0.00293584	0.00289124	0.106342	0.298265	0.251691	0.00139622	0.00133685
183	0.0145631	0.00852471	0.00292063	0.0133184	0.21298	0.00502177	0.109662	0.0988056	0.00265868	0.121148	0.0432182	0.0131922	0.00285362	0.00584581	0.0282084	0.0169165	0.0196894	0.0531743	0.0455516	0.181748
184	0.494298	0.0259191	0.000858308	0.000971137	0.00047883	0.0811059	0.000657876	0.00125186	0.000947776	0.00177958	0.00173784	0.00277361	0.000715618	0.00158636	0.00149138	0.326591	0.0464101	0.00896232	0.000311284	0.00115191
185	0.190347	0.0222622	0.0010924	0.00946934	0.0122233	0.00949216	0.00384791	0.244317	0.00375362	0.0737219	0.0346838	0.00402504	0.00274206	0.0019026	0.00176751	0.069281	0.0906624	0.212479	0.0112554	0.000673658
186	0.405073	0.00185608	0.0132712	0.00446464	0.001943	0.0653339	0.00396364	0.0100239	0.0253224	0.00640542	0.0237551	0.0285027	0.0542559	0.0537896	0.0272203	0.213897	0.0449504	0.0137202	0.00068791	0.00156384
187	0.0424627	0.00150818	0.0300851	0.0630365	0.0014993	0.00441929	0.00706148	0.0804171	0.127661	0.0808575	0.0660904	0.0167632	0.0519037	0.0806074	0.198763	0.0342136	0.0299632	0.0718831	0.00732958	0.00347488
188	0.0115908	0.00162174	0.00220387	0.00269162	0.00473854	0.00137876	0.000625079	0.192063	0.0017753	0.52845	0.049271	0.0007735	0.0010421	0.00298464	0.00124156	0.00296768	0.00792226	0.17971	0.00414262	0.00280633
189	0.0131422	0.00478155	0.00165576	0.00624502	0.0283199	0.00273725	0.00104979	0.100544	0.0218157	0.578975	0.120204	0.00157688	0.00506553	0.0167486	0.0240341	0.00606684	0.00645471	0.0444733	0.00999511	0.00611407
190	0.200215	0.000511991	0.163117	0.340026	0.000506579	0.0356223	0.00113891	0.00084585	0.0661384	0.00421363	0.00103658	0.0176204	0.00643931	0.0664022	0.0308549	0.0437835	0.019575	0.00129896	0.00024	0.00041388
191	0.0314654	0.00146187	0.013178	0.0373487	0.00200574	0.0128457	0.00337166	0.00514402	0.234536	0.00840918	0.0124408	0.0294441	0.00392203	0.0208288	0.545428	0.0108666	0.0190721	0.00561643	0.00125075	0.00136377
