387	20
1	0.0220376	0.00576601	0.000348567	0.000357522	0.0375236	0.00107477	0.000557777	0.0674593	0.00246951	0.64656	0.15438	0.00611899	0.00305935	0.000571173	0.000678253	0.00957507	0.0115246	0.0165519	0.0100206	0.00336543
2	0.0122695	0.00165251	0.126228	0.0243116	0.00298712	0.0290814	0.0311333	0.00660262	0.00196102	0.00618486	0.0151815	0.409547	0.00553483	0.0105773	0.0244742	0.218313	0.0457147	0.0245826	0.00129662	0.00236608
3	0.093249	0.00362118	0.00167296	0.0467233	0.0120641	0.0242764	0.015949	0.0125687	0.212654	0.0478111	0.0171883	0.00719736	0.0829353	0.036694	0.199402	0.0561665	0.0917081	0.0114958	0.0190115	0.00761183
4	0.0470306	0.00591778	0.00625806	0.000996552	0.000603957	0.906147	0.000332039	0.000799605	0.000404781	0.000935042	0.00267481	0.000288865	0.000344035	0.000292612	0.00174704	0.0117933	0.00118693	0.00774135	0.00018565	0.00431958
5	0.0354559	0.00248843	0.122375	0.0240498	0.00359994	0.0306825	0.028682	0.00877127	0.0109872	0.00623445	0.0123927	0.341796	0.0120694	0.0137785	0.028455	0.230252	0.0613687	0.0219026	0.00136271	0.0032969
6	0.104198	0.00656193	0.0395685	0.00609132	0.00537095	0.0178437	0.0116658	0.0211202	0.0111447	0.0115906	0.00931033	0.14036	0.0199929	0.00821162	0.0139793	0.222816	0.321865	0.0223677	0.00291068	0.00303024
7	0.746254	0.00570537	0.000639155	0.000998866	0.000867304	0.0376419	0.00178914	0.00130814	0.000329751	0.00239826	0.00742524	0.000875415	0.00267272	0.000405709	0.00528289	0.13512	0.0381379	0.00879888	0.000263757	0.0030861
8	0.0169844	0.00389903	0.00141397	0.00166153	0.0424221	0.00559946	0.00314615	0.0193967	0.00200089	0.0788697	0.00549644	0.00263048	0.00452389	0.00150663	0.0118246	0.0205096	0.00686017	0.0430805	0.694992	0.0331815
9	0.0650172	0.0295906	0.0100954	0.112927	0.0102902	0.0149141	0.0121968	0.0644535	0.0652308	0.107842	0.114178	0.00476733	0.007836	0.232509	0.0439582	0.0312958	0.0224636	0.0397753	0.00323256	0.00742629
10	0.0251372	0.00758843	0.000843632	0.00247802	0.0368277	0.00262343	0.0024986	0.0624036	0.00967356	0.606949	0.168207	0.00669983	0.00320032	0.0024494	0.00341426	0.0104365	0.0121812	0.0201379	0.00964884	0.00660091
11	0.0972211	0.00320095	0.0010432	0.00151542	0.00458686	0.0164171	0.00183582	0.127678	0.00119984	0.0233923	0.0827154	0.00169639	0.00203381	0.00169777	0.00214389	0.0290173	0.355587	0.243277	0.00216536	0.00157535
12	0.7519	0.00640541	0.000541497	0.000798709	0.000817454	0.0323439	0.00200136	0.0018491	0.000332765	0.0021338	0.00880585	0.000856125	0.00286443	0.000406563	0.00505209	0.132778	0.0372863	0.00948725	0.000302271	0.00303718
13	0.754344	0.00507963	0.000537141	0.000839507	0.00082133	0.0340596	0.00180012	0.00130321	0.000335664	0.00229575	0.00779151	0.000857759	0.00304812	0.000419451	0.0052571	0.130202	0.0383968	0.00926019	0.000258947	0.0030918
14	0.118086	0.00860235	0.011015	0.00128421	0.00344641	0.00862929	0.00264075	0.0386019	0.00183375	0.0043235	0.00335495	0.0136229	0.00740213	0.00141188	0.0154541	0.167854	0.562366	0.0270307	0.00156324	0.00147694
15	0.00546553	0.00501749	0.000960733	0.000928611	0.276829	0.00285665	0.00137472	0.00537787	0.00142476	0.585639	0.0342438	0.00117966	0.00522783	0.00117637	0.00143765	0.0118734	0.00441294	0.0507105	0.00194972	0.0019138
16	0.124124	0.0130436	0.00261826	0.0041212	0.0517084	0.0334629	0.00382288	0.158332	0.00457254	0.188729	0.0324355	0.00400415	0.0059216	0.00442383	0.00660092	0.01984	0.026902	0.297105	0.00845869	0.00977382
17	0.0470306	0.00591778	0.00625806	0.000996552	0.000603957	0.906147	0.000332039	0.000799605	0.000404781	0.000935042	0.00267481	0.000288865	0.000344035	0.000292612	0.00174704	0.0117933	0.00118693	0.00774135	0.00018565	0.00431958
18	0.0216777	0.00562	0.000322576	0.000328033	0.0370541	0.000916014	0.000420062	0.0734517	0.00223935	0.644141	0.151633	0.0055565	0.00298321	0.000412925	0.000612136	0.00936286	0.0115796	0.0184743	0.00982309	0.00339236
19	0.116431	0.0129491	0.0074667	0.0301396	0.0227322	0.0210888	0.0136531	0.0412602	0.0224308	0.0654612	0.211811	0.0190312	0.0135315	0.225982	0.0275703	0.0386504	0.038098	0.0529155	0.00661083	0.0121865
20	0.0511868	0.0900865	0.0157637	0.00293226	0.00940688	0.168385	0.00396886	0.0184873	0.00323612	0.022286	0.00890697	0.0187572	0.015919	0.0142205	0.00742313	0.235582	0.237648	0.0642338	0.00419434	0.00737598
21	0.0148536	0.00306823	0.00131261	0.0024857	0.0470226	0.00468607	0.00477277	0.221376	0.00156715	0.0250331	0.198017	0.00244525	0.00300597	0.00167832	0.00942991	0.00607116	0.0210731	0.428131	0.00164373	0.00232774
22	0.156321	0.00310205	0.00490154	0.00816353	0.011398	0.0549916	0.0149719	0.0136398	0.0229191	0.0188969	0.0090859	0.0114837	0.516191	0.0177281	0.0238811	0.0477793	0.0182181	0.0375118	0.00297245	0.00584268
23	0.178241	0.00860956	0.0060381	0.00331498	0.00297821	0.717014	0.00088409	0.00460489	0.000830343	0.00688532	0.00568662	0.00105791	0.00167424	0.000972712	0.00316554	0.0321207	0.00796336	0.0133947	0.000506645	0.00405667
24	0.0378146	0.00620474	0.000835171	0.00183346	0.0440259	0.00919582	0.00420886	0.136794	0.00430046	0.437761	0.121352	0.00370031	0.00518354	0.00266303	0.00552444	0.0139811	0.0157512	0.13324	0.00750354	0.00812689
25	0.0930341	0.00694035	0.00129708	0.00331173	0.00973297	0.0173589	0.00272105	0.208197	0.00163526	0.159474	0.171037	0.0018406	0.00287794	0.00223787	0.00234407	0.0363191	0.0371345	0.236328	0.00405604	0.00212248
26	0.0261114	0.00495434	0.00125756	0.00118885	0.0372848	0.00667558	0.00231742	0.248733	0.0014022	0.299795	0.0277115	0.0024911	0.00917584	0.00293131	0.00491434	0.00517278	0.011137	0.296752	0.00361375	0.0063809
27	0.0293948	0.0128046	0.00184103	0.00394338	0.3782	0.011571	0.00931672	0.0772182	0.0061099	0.204758	0.0372719	0.00367338	0.00491783	0.00527928	0.00933102	0.0158492	0.0133268	0.0489348	0.0188402	0.107418
28	0.038057	0.011107	0.00554295	0.00239186	0.351184	0.0158628	0.013683	0.0198251	0.00249397	0.0703909	0.019638	0.00735299	0.00264129	0.0029208	0.00535604	0.0336749	0.0154613	0.0260279	0.0183598	0.338029
29	0.248651	0.00893897	0.00713379	0.00575945	0.00160003	0.638642	0.00120101	0.00310237	0.000705677	0.0055655	0.00779877	0.00155892	0.00269027	0.000822882	0.0031566	0.0369917	0.00670637	0.0149196	0.000515108	0.0035407
30	0.0470306	0.00591778	0.00625806	0.000996552	0.000603957	0.906147	0.000332039	0.000799605	0.000404781	0.000935042	0.00267481	0.000288865	0.000344035	0.000292612	0.00174704	0.0117933	0.00118693	0.00774135	0.00018565	0.00431958
31	0.0490315	0.000974499	0.000721329	0.00153466	0.00417657	0.016012	0.00372236	0.315965	0.000533244	0.211435	0.184288	0.00113614	0.00463754	0.000700275	0.0014093	0.0227366	0.0159612	0.162283	0.000754539	0.00198734
32	0.355853	0.0104927	0.00280742	0.00336151	0.00729751	0.0276974	0.00319591	0.0363517	0.00204541	0.0162682	0.0172253	0.00355876	0.0177533	0.00316579	0.0033815	0.0954365	0.120936	0.267218	0.00320162	0.0027536
33	0.0362883	0.00221311	0.00298891	0.050849	0.00585892	0.0109404	0.0255016	0.0124975	0.202938	0.0242816	0.0160066	0.0100378	0.0829776	0.141634	0.263169	0.0258661	0.048097	0.014077	0.012296	0.0114809
34	0.0168662	0.00107528	0.000635185	0.0308395	0.00180506	0.009076	0.0413638	0.0253535	0.324801	0.027498	0.0385124	0.02343	0.0115084	0.0346371	0.315751	0.00842506	0.0505711	0.00780043	0.0102866	0.0197641
35	0.0221716	0.001337	0.00335365	0.033784	0.00234721	0.0220575	0.0402003	0.0246706	0.297304	0.0270163	0.0365399	0.0270832	0.0136001	0.0445133	0.299186	0.0178046	0.0500982	0.0092369	0.00944933	0.0182469
36	0.0450223	0.033066	0.00231844	0.00168652	0.285678	0.00942121	0.00926856	0.0348137	0.00134277	0.0883485	0.0225626	0.00286224	0.00196348	0.00120636	0.00440025	0.018896	0.0115375	0.0266944	0.151278	0.247633
37	0.603484	0.0252028	0.00252985	0.00346647	0.00529003	0.0244091	0.018209	0.0223143	0.00312801	0.0145034	0.0404667	0.00378837	0.00890827	0.00387135	0.00738187	0.102512	0.0503585	0.0546628	0.00193079	0.0035821
38	0.0292905	0.00177373	0.000708746	0.000838629	0.0161025	0.00796769	0.00265262	0.316571	0.000634616	0.180417	0.0889653	0.00192704	0.00352831	0.000856404	0.00142804	0.00859112	0.0135285	0.320476	0.00139614	0.00234614
39	0.0456876	0.00965574	0.0670785	0.0213241	0.0103923	0.0377434	0.029414	0.0169508	0.0116439	0.0229308	0.0232833	0.303153	0.0116574	0.0145645	0.0274589	0.158889	0.145552	0.0317193	0.00553305	0.00536889
40	0.129106	0.00777409	0.0159968	0.00186953	0.00692902	0.0110203	0.00403061	0.0434731	0.00471617	0.0061963	0.00463186	0.0185635	0.0144739	0.00198609	0.0105927	0.259843	0.420012	0.0331178	0.00244168	0.00322567
41	0.559115	0.0752401	0.00140836	0.00281463	0.0037589	0.0101792	0.00886657	0.0461442	0.0015996	0.0112155	0.0803613	0.00228692	0.00493352	0.00189483	0.00217719	0.110518	0.0186635	0.0551049	0.00181363	0.00190453
42	0.0174457	0.00522564	0.00237184	0.00382676	0.238201	0.00638251	0.00971936	0.0591932	0.00780278	0.406026	0.121211	0.00466429	0.00449871	0.00726291	0.00805783	0.014344	0.0214975	0.0372279	0.00605258	0.0189879
43	0.0288732	0.00604078	0.000763392	0.00381118	0.0441223	0.00403735	0.00302616	0.0857229	0.00447771	0.5522	0.164284	0.00631071	0.00410631	0.00276135	0.00299209	0.011945	0.0130278	0.0423032	0.00874576	0.0104482
44	0.384896	0.00854377	0.00265574	0.00248088	0.00580139	0.00620967	0.00339878	0.0376002	0.00195327	0.00893806	0.0110415	0.00333553	0.0325315	0.00237353	0.00294753	0.085382	0.104152	0.28995	0.00337926	0.0024299
45	0.00555511	0.00526962	0.00102621	0.000933272	0.288529	0.00323291	0.00121055	0.00799057	0.00151645	0.571613	0.0321789	0.00115188	0.00577313	0.00111429	0.00146483	0.0113192	0.00453133	0.0511809	0.00200344	0.00240506
46	0.05261	0.0132885	0.00714294	0.00654227	0.166029	0.0173791	0.0145101	0.0630242	0.0123878	0.109651	0.0364017	0.0125992	0.0110684	0.00845603	0.0153232	0.0342139	0.025398	0.155192	0.0422827	0.1965
47	0.595088	0.0126234	0.00657274	0.010194	0.00224348	0.117883	0.00291641	0.00430238	0.00115174	0.0068144	0.00699443	0.002683	0.00584732	0.00169243	0.00457513	0.173566	0.0273913	0.0128227	0.000488596	0.00414875
48	0.0299451	0.0125541	0.00350986	0.00840676	0.332384	0.0105917	0.0234594	0.0498211	0.00975705	0.168808	0.0664061	0.00655057	0.00309663	0.0113168	0.0164371	0.0211026	0.0133985	0.0459438	0.0155603	0.15095
49	0.585949	0.00565366	0.00475863	0.00142384	0.00181056	0.03143	0.00203332	0.00855877	0.00182475	0.00340179	0.00688174	0.00597424	0.00647443	0.00158311	0.00657302	0.160117	0.148155	0.0140702	0.000404383	0.00292155
50	0.545711	0.0822364	0.00149694	0.00252498	0.00405309	0.00953508	0.00880991	0.0474781	0.00168167	0.0106989	0.0794058	0.00231886	0.00474254	0.00214327	0.002184	0.116501	0.0174517	0.0572457	0.00181499	0.00196575
51	0.186644	0.00739566	0.00493796	0.00185993	0.00523123	0.00827813	0.00214151	0.0489286	0.00149192	0.00908967	0.0151634	0.00732819	0.0148059	0.00159458	0.00509691	0.11639	0.342398	0.216584	0.00256385	0.00207695
52	0.0222509	0.00565821	0.000315346	0.000317674	0.0381759	0.00093511	0.000406571	0.0691148	0.00225119	0.645666	0.153249	0.00572895	0.00309197	0.000401896	0.000655803	0.00970453	0.0116086	0.0167189	0.010353	0.00339605
53	0.0273923	0.00770717	0.000642224	0.000727576	0.0505045	0.00548998	0.00188473	0.262077	0.00145629	0.355379	0.0209189	0.00135577	0.0124051	0.00335862	0.00357043	0.00436599	0.0113224	0.222184	0.00329554	0.00396266
54	0.115298	0.200708	0.00314323	0.00401717	0.0675948	0.0216221	0.00335949	0.0754609	0.00468637	0.0565409	0.0186715	0.00530583	0.00602966	0.00266418	0.00641454	0.134276	0.0357596	0.225442	0.00520436	0.00780106
55	0.018506	0.00392965	0.00142346	0.00192987	0.0426744	0.00727464	0.00239947	0.0208086	0.00304639	0.100882	0.00953541	0.00333537	0.00227608	0.00196866	0.0119556	0.0210969	0.00745338	0.0415602	0.665982	0.031962
56	0.0591863	0.0185606	0.000975167	0.00139315	0.0178421	0.00863248	0.00219541	0.161479	0.00197505	0.0858123	0.120627	0.00169517	0.00414761	0.00157357	0.00305925	0.0267349	0.0909046	0.38531	0.00464929	0.00324715
57	0.073832	0.0435668	0.000820387	0.00100972	0.0904598	0.0306744	0.00165758	0.156229	0.00135505	0.268218	0.0296028	0.00109677	0.00247441	0.00170618	0.00155218	0.069449	0.119696	0.0926936	0.00648152	0.0074253
58	0.0479657	0.00423703	0.00156754	0.00164436	0.0771138	0.0140809	0.00323995	0.0677813	0.00212504	0.243783	0.01693	0.00322585	0.00622315	0.00234635	0.00812335	0.0138014	0.0080782	0.122289	0.308158	0.0472854
59	0.127864	0.0134232	0.00512509	0.00108946	0.000893422	0.802455	0.000519162	0.00186082	0.000516463	0.00205464	0.0049098	0.000519937	0.0022011	0.000500991	0.00194517	0.01669	0.0036666	0.00969362	0.000368214	0.00370303
60	0.0258789	0.0062221	0.00420828	0.00549223	0.306706	0.0111529	0.198972	0.0152725	0.00553866	0.0299263	0.0290336	0.0214705	0.00966826	0.00701735	0.02403	0.0442572	0.0485627	0.0201603	0.00685828	0.179572
61	0.0939282	0.000790657	0.0590961	0.0544899	0.00602415	0.0905661	0.0377535	0.0122018	0.114781	0.00509989	0.00710034	0.0971473	0.0202793	0.0679345	0.150776	0.108122	0.0380099	0.0286721	0.000436469	0.00679197
62	0.022608	0.0057268	0.000368327	0.000928205	0.0414228	0.00140206	0.000545262	0.0735425	0.00235961	0.629936	0.154099	0.00545555	0.00316841	0.000544039	0.000929886	0.00934145	0.0110315	0.02191	0.00983159	0.00484908
63	0.525705	0.0137117	0.00787369	0.0125426	0.00225367	0.146812	0.00226412	0.0034225	0.000790773	0.00715654	0.0062145	0.00292136	0.00485117	0.00207108	0.0038274	0.221227	0.0215496	0.0100889	0.000700388	0.00401585
64	0.0435958	0.0190147	0.00461879	0.00530966	0.3925	0.0237175	0.0158881	0.036993	0.00663442	0.0927011	0.0215258	0.0134511	0.00901505	0.00601358	0.0101806	0.100103	0.0330177	0.0354009	0.0216802	0.108639
65	0.0515686	0.00617032	0.00659963	0.00131182	0.00546236	0.866878	0.00138648	0.00343734	0.0015526	0.00423776	0.0043138	0.00141603	0.00147767	0.00106182	0.00360745	0.0133512	0.00338343	0.0113585	0.000747019	0.0106779
66	0.0159069	0.000778762	0.271525	0.273869	0.00152733	0.00358158	0.0892002	0.0106771	0.0363677	0.0161101	0.00622355	0.0578755	0.0165107	0.053151	0.0239377	0.0296105	0.0503417	0.0308309	0.000599045	0.0113759
67	0.0104327	0.00134386	0.000776702	0.0620199	0.0024807	0.00414845	0.0314234	0.00960491	0.161754	0.0142295	0.0144975	0.00529543	0.0662142	0.260744	0.270129	0.0149696	0.0319885	0.0155011	0.00975134	0.0126952
68	0.023303	0.00554156	0.000468555	0.000338627	0.0396829	0.00105793	0.000470749	0.0691102	0.00233604	0.638786	0.154177	0.00634334	0.00365427	0.000551289	0.000757654	0.0103895	0.0121321	0.0166422	0.0109069	0.00334995
69	0.00978411	0.00348338	0.00140048	0.0019142	0.469965	0.0130032	0.00260419	0.158546	0.0104955	0.182288	0.0441535	0.00182264	0.0122974	0.00140696	0.00336173	0.0178675	0.0130938	0.0367015	0.00436461	0.0114467
70	0.0426825	0.00449201	0.00117457	0.000995622	0.0655839	0.0148922	0.00377618	0.14209	0.00314105	0.385636	0.0369136	0.00258432	0.00790898	0.00379903	0.00515667	0.00845408	0.00802812	0.196517	0.052308	0.0138665
71	0.0470306	0.00591778	0.00625806	0.000996552	0.000603957	0.906147	0.000332039	0.000799605	0.000404781	0.000935042	0.00267481	0.000288865	0.000344035	0.000292612	0.00174704	0.0117933	0.00118693	0.00774135	0.00018565	0.00431958
72	0.0193028	0.00163573	0.00040088	0.0337994	0.00204568	0.00725283	0.0457541	0.0302375	0.302255	0.0336549	0.0466689	0.0205246	0.00969637	0.036445	0.305215	0.0078721	0.05729	0.00795956	0.0102299	0.0217594
73	0.18717	0.00175341	0.00126193	0.00155291	0.00328692	0.0625613	0.0115509	0.0050041	0.0171344	0.00511192	0.00287698	0.00672866	0.602056	0.00374596	0.00974624	0.0402853	0.0113894	0.0234696	0.00118306	0.00213102
74	0.0921824	0.00297735	0.098378	0.00294494	0.00353637	0.379997	0.0467287	0.0258912	0.0268178	0.0301492	0.0152431	0.0535339	0.0138177	0.00393067	0.0694863	0.0665466	0.0268717	0.0367151	0.0010565	0.00319487
75	0.0708831	0.0037864	0.00302675	0.00369199	0.0624963	0.0331042	0.0565442	0.0696805	0.00315274	0.0901948	0.032294	0.0304414	0.241368	0.00619996	0.00470408	0.101597	0.0778028	0.101698	0.00277679	0.00455799
76	0.0297889	0.00625874	0.00787178	0.000905515	0.392429	0.0200924	0.00300837	0.00895514	0.00092566	0.0543448	0.00686139	0.00567249	0.00117185	0.000966716	0.00151998	0.0347331	0.0113666	0.0111203	0.00825483	0.393752
77	0.0478412	0.00784347	0.00425335	0.0838462	0.0196769	0.00987083	0.00649264	0.132147	0.00985531	0.200151	0.271452	0.00505706	0.0058979	0.0123677	0.00811466	0.0179379	0.0142519	0.11094	0.00243266	0.0295698
78	0.0381816	0.00363642	0.00108678	0.00104174	0.0569839	0.00678861	0.00482415	0.160175	0.00712472	0.401259	0.0391875	0.00237519	0.0128552	0.0175848	0.00631938	0.0162577	0.0262479	0.184212	0.00536018	0.00849782
79	0.11473	0.000707276	0.0714506	0.0614393	0.00750758	0.068881	0.0391294	0.0152682	0.0994054	0.00639676	0.00826438	0.0898746	0.0254928	0.0717806	0.11916	0.109536	0.0466719	0.0358199	0.000279224	0.00820506
80	0.00503708	0.00162879	0.000796828	0.0547513	0.00246166	0.00262947	0.023623	0.00437245	0.0937831	0.0112063	0.00995411	0.00124867	0.0543886	0.469345	0.212228	0.0146423	0.0117921	0.0149948	0.00540843	0.00570815
81	0.751061	0.00501812	0.00055391	0.000971491	0.000806291	0.0339505	0.00182197	0.0013315	0.000392347	0.00214172	0.00805074	0.000842358	0.00303717	0.000435486	0.00520156	0.131635	0.0397921	0.00915868	0.000317463	0.00348035
82	0.108454	0.00303525	0.0535357	0.0533304	0.0144584	0.0720664	0.0323696	0.0459371	0.0912155	0.0496792	0.0167294	0.0402796	0.0126812	0.0770567	0.0944512	0.0900685	0.0637963	0.0635592	0.000564638	0.0167314
83	0.0443052	0.00182813	0.00155551	0.00159791	0.0403548	0.012336	0.0110862	0.179803	0.00628318	0.372285	0.0543635	0.00639389	0.00670355	0.00414862	0.0158406	0.0143375	0.00886449	0.191982	0.00775586	0.0181747
84	0.231837	0.00807103	0.00360599	0.00495875	0.00585445	0.0901168	0.00930695	0.00963629	0.0152623	0.009987	0.00607064	0.00706337	0.457581	0.00673566	0.0101113	0.0536225	0.0395729	0.0258243	0.00175101	0.00303052
85	0.0824944	0.00438411	0.00736669	0.0347382	0.033681	0.0419925	0.00697483	0.0123975	0.0090362	0.0430707	0.104426	0.0776645	0.0607909	0.141144	0.0116062	0.122319	0.126174	0.0713918	0.00355695	0.00479035
86	0.481153	0.0126041	0.00914265	0.00881797	0.0111476	0.0947641	0.00440403	0.0180221	0.00475992	0.0454905	0.0154151	0.0270605	0.00784007	0.00615167	0.00794744	0.146019	0.0362875	0.0564238	0.0018275	0.0047213
87	0.0899199	0.00584445	0.0146772	0.000645825	0.0016146	0.00743691	0.00235898	0.0242562	0.000771259	0.00294881	0.00182379	0.0180845	0.00431146	0.000857717	0.00725656	0.173302	0.621767	0.0205061	0.000808768	0.000807847
88	0.014709	0.00231565	0.00743462	0.013198	0.228028	0.00676896	0.0551208	0.0316033	0.0230952	0.225136	0.126381	0.00670973	0.00236125	0.0324633	0.0237196	0.0281688	0.0114277	0.0887845	0.00138868	0.0711868
89	0.0167302	0.000856699	0.000702557	0.00105693	0.00967144	0.00512935	0.00187418	0.364481	0.000494877	0.0561936	0.00551899	0.00354799	0.00341831	0.000722318	0.000971279	0.00203101	0.00817148	0.516227	0.000357391	0.00184403
90	0.0506257	0.0278875	0.00264809	0.0015463	0.328974	0.00868082	0.00900888	0.0379274	0.000893133	0.09335	0.0257888	0.00304281	0.00143192	0.000859348	0.0025181	0.0199658	0.0119909	0.0225284	0.0417665	0.308566
91	0.0306697	0.00848503	0.00649341	0.00117787	0.386784	0.0175049	0.00870832	0.0120453	0.00113338	0.0575683	0.0100171	0.00604883	0.00149122	0.00124071	0.00273366	0.0330382	0.0112593	0.0126096	0.0116522	0.379339
92	0.0165072	0.00307686	0.142761	0.266901	0.00288148	0.00412282	0.0617355	0.0102353	0.03433	0.019115	0.0122427	0.0312337	0.0158833	0.251896	0.0436335	0.020908	0.0291797	0.0257701	0.00141496	0.0061721
93	0.01756	0.0762962	0.00287335	0.00318762	0.544651	0.0780779	0.00311817	0.0192693	0.00242467	0.0862029	0.00762821	0.00391518	0.00546913	0.00312478	0.00404076	0.0555165	0.00969487	0.0205506	0.0325662	0.023833
94	0.239678	0.00501132	0.00591167	0.0293239	0.0342129	0.0690881	0.00306776	0.0786821	0.00356909	0.0338007	0.0366791	0.00445336	0.00422519	0.0265097	0.00489351	0.0206167	0.0524263	0.342363	0.0023665	0.00312217
95	0.0299989	0.0142372	0.00259615	0.00342445	0.369124	0.018349	0.00955896	0.0646865	0.00661356	0.248196	0.0373917	0.00449151	0.00821416	0.00503953	0.00816787	0.0208887	0.0154961	0.0599693	0.0133017	0.0602549
96	0.699735	0.00905879	0.00281676	0.00338534	0.00202685	0.0484619	0.0024529	0.00469599	0.00105218	0.00507864	0.0103448	0.00250673	0.00424134	0.000999905	0.00548945	0.141426	0.0386142	0.0136243	0.000433548	0.0035551
97	0.545202	0.0334761	0.00449269	0.00655991	0.00442568	0.116012	0.00399363	0.00997479	0.000734811	0.00927748	0.0105096	0.00317928	0.00735535	0.00185037	0.00460091	0.183116	0.0300623	0.0206283	0.000729309	0.00381928
98	0.0307399	0.00353736	0.00254693	0.00274177	0.0293493	0.00919175	0.00348531	0.307151	0.0045714	0.153227	0.0280236	0.0169145	0.00661202	0.00284867	0.0057932	0.00836547	0.0155532	0.357548	0.00596152	0.00583761
99	0.197055	0.0311082	0.00747784	0.00160497	0.00507517	0.0156585	0.00305826	0.036132	0.00150098	0.00864777	0.00989856	0.00923745	0.0138512	0.00149996	0.00751779	0.139206	0.469782	0.0380812	0.0015941	0.00201272
100	0.0160313	0.00391761	0.00321723	0.00362537	0.010037	0.00866629	0.00349932	0.117133	0.00347775	0.157624	0.0379798	0.00516987	0.172805	0.00364336	0.00608417	0.0112917	0.0368664	0.388692	0.00287575	0.00736291
101	0.0938033	0.000894062	0.00232758	0.00546969	0.0168626	0.0391424	0.00108629	0.255594	0.000743771	0.0620121	0.00787577	0.00148992	0.00229245	0.00323585	0.00173834	0.00553361	0.0247331	0.472121	0.000724299	0.00231942
102	0.0321574	0.00316986	0.000683851	0.000810473	0.0234902	0.00877045	0.00318102	0.258207	0.00137302	0.363845	0.125278	0.0021475	0.00492424	0.00172859	0.00195792	0.0134648	0.0140401	0.13314	0.00363484	0.00399609
103	0.0303094	0.00433593	0.000753831	0.000666972	0.042414	0.00528769	0.00298067	0.236294	0.00137456	0.364998	0.0572664	0.00152919	0.00599532	0.00322052	0.0032882	0.00782689	0.014891	0.206429	0.00436764	0.00577069
104	0.567051	0.00669248	0.00394575	0.00625694	0.015729	0.156211	0.00149868	0.0188315	0.00108912	0.0479655	0.0234096	0.00250566	0.00296206	0.0036188	0.00531897	0.0438616	0.0383748	0.0519613	0.00103425	0.00168213
105	0.111631	0.0362323	0.0231341	0.0103934	0.0118772	0.30112	0.0096362	0.0212958	0.0153969	0.0240117	0.0117297	0.0302816	0.018762	0.0144342	0.0230646	0.151319	0.130021	0.0465608	0.00258082	0.00651845
106	0.538111	0.0232474	0.005178	0.00655027	0.00183415	0.105308	0.00308748	0.00368809	0.000618528	0.00476897	0.0062083	0.0029517	0.00311067	0.00168933	0.00386645	0.252241	0.0242023	0.00916029	0.000658479	0.00351944
107	0.0268808	0.00275496	0.00212633	0.00140694	0.0324564	0.00733405	0.00445999	0.148899	0.00361006	0.329683	0.0294701	0.00437607	0.0147139	0.00488807	0.0169455	0.00889469	0.0101135	0.321109	0.00707777	0.0227997
108	0.0396606	0.00900658	0.00329967	0.00327542	0.0427583	0.0110028	0.0144987	0.119248	0.00724025	0.352623	0.0274185	0.00627067	0.0102294	0.00688938	0.0361359	0.0571319	0.0282983	0.143696	0.0675877	0.0137292
109	0.443868	0.00893483	0.0150584	0.0485715	0.00599178	0.2298	0.00379609	0.0101451	0.00292647	0.0167754	0.0107985	0.00375372	0.0490823	0.00560045	0.0116256	0.0798695	0.0220849	0.0239229	0.00178829	0.00560614
110	0.0469883	0.00421792	0.0201591	0.0394047	0.0167507	0.0402983	0.0356371	0.0325205	0.166698	0.0379572	0.0335411	0.0423879	0.0309997	0.0704046	0.231358	0.041955	0.0409225	0.0343535	0.0161706	0.0172754
111	0.0558658	0.00544645	0.00148365	0.00312607	0.0136466	0.0116823	0.00328725	0.257947	0.00173567	0.0851497	0.175762	0.00226181	0.00377542	0.00225091	0.00457258	0.0216074	0.114856	0.229868	0.00323399	0.00244267
112	0.0149858	0.001587	0.119767	0.0178175	0.00281323	0.0300442	0.0287683	0.00627309	0.00176583	0.00566793	0.0125504	0.421793	0.00625351	0.00994606	0.0269186	0.217122	0.0515422	0.0210675	0.00113122	0.00218555
113	0.016483	0.0191397	0.0015108	0.00173557	0.573844	0.0281635	0.00218967	0.0660365	0.00339694	0.127844	0.0142142	0.00209163	0.00609395	0.00106568	0.00241655	0.0181329	0.00928115	0.0324746	0.0195332	0.0543526
114	0.0192868	0.00164073	0.000400881	0.0337286	0.00207219	0.00727967	0.0457356	0.0302417	0.302224	0.0335747	0.0465821	0.0204839	0.00969061	0.03649	0.305408	0.00792098	0.0573056	0.00793841	0.0101722	0.0218235
115	0.354779	0.00793143	0.00984276	0.0123178	0.00752386	0.0593594	0.0129916	0.0157793	0.0142425	0.0152133	0.0115725	0.0104699	0.27346	0.00803601	0.0138389	0.0839561	0.0389384	0.0417707	0.0023666	0.00560973
116	0.017011	0.002919	0.00155373	0.00158586	0.0441254	0.00536182	0.00367988	0.019521	0.0022159	0.0750163	0.00467771	0.00301763	0.00212191	0.00208611	0.0129751	0.0205046	0.00663434	0.0413555	0.698448	0.0351897
117	0.0679815	0.00736022	0.00268777	0.0285907	0.0225388	0.00832311	0.00483202	0.142361	0.00744766	0.202757	0.337342	0.00418878	0.00410052	0.00679236	0.00898483	0.0118135	0.0111368	0.0509503	0.00312275	0.0666889
118	0.0442924	0.000812313	0.000693092	0.00107979	0.00785369	0.0130909	0.00440553	0.308784	0.000622498	0.247369	0.160577	0.00142082	0.00534538	0.000969215	0.00154125	0.0215533	0.0150347	0.161008	0.00118252	0.00236446
119	0.0421232	0.0663401	0.00303366	0.00389145	0.419725	0.0338678	0.00712551	0.0432859	0.0048451	0.114947	0.0186654	0.00534374	0.00663767	0.00389722	0.00556788	0.0454428	0.020318	0.0556925	0.0242598	0.0749901
120	0.0620334	0.112209	0.0193062	0.00370399	0.012488	0.163506	0.00368794	0.0279424	0.00306611	0.0369263	0.0171519	0.0208078	0.0145769	0.0180402	0.00771025	0.168117	0.152526	0.145499	0.00394483	0.00675669
121	0.192717	0.0026249	0.00526817	0.0056225	0.00490567	0.0597144	0.0131388	0.00815716	0.0182256	0.00888659	0.00406174	0.0104532	0.545429	0.00579488	0.0152472	0.0503364	0.0174277	0.0272084	0.00164403	0.00313649
122	0.0350706	0.00527801	0.00156413	0.00130075	0.0551828	0.00773679	0.00469256	0.168235	0.00261618	0.407776	0.0644672	0.00314563	0.00627003	0.00461287	0.00512845	0.0168315	0.0163606	0.176473	0.0070844	0.0101735
123	0.0174365	0.00525067	0.00153818	0.00156878	0.0437666	0.00632752	0.00395504	0.0172716	0.0031066	0.0731657	0.00502892	0.00331405	0.00205082	0.00156336	0.0121256	0.0209263	0.00714721	0.0414002	0.698927	0.0341293
124	0.0414446	0.00436268	0.00179384	0.00272138	0.016441	0.00949795	0.0412239	0.181225	0.00296358	0.351111	0.02661	0.00346514	0.016711	0.0130053	0.0141222	0.0898402	0.0823741	0.0911152	0.00572137	0.00425102
125	0.0657368	0.0249494	0.00152241	0.00234344	0.101632	0.0173685	0.00311193	0.206511	0.00346603	0.230502	0.0487183	0.00243901	0.00462687	0.0025319	0.00513761	0.0399918	0.136428	0.0907945	0.00535364	0.00683409
126	0.00955141	0.0142053	0.00103012	0.00117656	0.408787	0.0115394	0.0013426	0.0338719	0.00245572	0.39517	0.0234777	0.00136656	0.01225	0.00109752	0.00166797	0.0116436	0.00621668	0.0454854	0.00699664	0.0106683
127	0.120525	0.275054	0.00559638	0.00475635	0.0300148	0.0288197	0.00711462	0.0382516	0.00330313	0.0233454	0.0191134	0.00932245	0.00808884	0.00461621	0.00686115	0.188499	0.0381563	0.178353	0.00433132	0.00587659
128	0.1286	0.014489	0.0104174	0.0104605	0.201001	0.0354136	0.0127219	0.0356068	0.00883617	0.0691677	0.0345502	0.0108327	0.0139372	0.00713413	0.0124	0.0463126	0.0243734	0.0455984	0.0243686	0.25378
129	0.10563	0.00614469	0.0172509	0.00134845	0.00249493	0.0119692	0.00326487	0.0237979	0.00372771	0.00449329	0.00263497	0.0199412	0.0113474	0.00161588	0.00766958	0.221575	0.531335	0.0206326	0.00147751	0.00164858
130	0.0180556	0.00154577	0.000665462	0.00111392	0.0316212	0.00530615	0.00242728	0.332777	0.000705335	0.060842	0.00890624	0.00274165	0.00875328	0.000884601	0.00125096	0.00252941	0.00946977	0.507848	0.000495674	0.00206118
131	0.0259907	0.119063	0.0323336	0.00327162	0.00765973	0.190406	0.00318682	0.0128638	0.0033523	0.0375859	0.00863046	0.0364613	0.00717055	0.0288353	0.00858906	0.193327	0.154103	0.117334	0.00265201	0.00718492
132	0.505718	0.0936944	0.00253158	0.00314988	0.00632015	0.0430686	0.00721963	0.0217329	0.00169076	0.0107756	0.0269105	0.00432992	0.00978151	0.00205403	0.00438594	0.146718	0.0652901	0.0392062	0.00193559	0.00348625
133	0.0285183	0.00544683	0.00726699	0.000822034	0.393475	0.0180624	0.00738116	0.00826946	0.000942507	0.0487401	0.00742445	0.00622813	0.00130679	0.000949336	0.00214694	0.0380062	0.0113199	0.0110585	0.00771394	0.394921
134	0.029329	0.0280631	0.00546491	0.00420631	0.0328321	0.0125431	0.00527071	0.0376686	0.0040925	0.0802384	0.0579242	0.0649911	0.00859683	0.00698783	0.00557457	0.287223	0.208849	0.0353658	0.0663805	0.0183987
135	0.0254933	0.00427859	0.000702746	0.000522022	0.0470612	0.00422978	0.00304281	0.22491	0.00134677	0.406114	0.0436535	0.00176993	0.00583128	0.00280861	0.00323215	0.00602998	0.010171	0.197297	0.00518139	0.00632323
136	0.0234666	0.00901276	0.00166845	0.00172907	0.112916	0.0102335	0.00322586	0.0247	0.0028742	0.0894032	0.00841476	0.00305328	0.00313584	0.00228035	0.0122358	0.0281971	0.0106934	0.0467633	0.554091	0.0519056
137	0.105981	0.0546513	0.0536435	0.00970709	0.00711938	0.2099	0.0119073	0.0146324	0.0141436	0.0162756	0.00828296	0.0565695	0.0163589	0.0134315	0.0421363	0.245932	0.0590601	0.0351441	0.00240961	0.0227135
138	0.100516	0.00203099	0.0764913	0.0489812	0.00612532	0.138725	0.0385503	0.0149754	0.0854996	0.00744432	0.00774676	0.0908646	0.0224527	0.0571766	0.104728	0.11264	0.0446184	0.0326142	0.000411351	0.0074074
139	0.0522905	0.00637453	0.00859052	0.00255094	0.00160713	0.878598	0.000775209	0.00200558	0.00144277	0.00328461	0.00362648	0.00163601	0.00189369	0.000832553	0.00288059	0.0138296	0.00269975	0.0103668	0.000419043	0.00429596
140	0.0189388	0.00439189	0.00153171	0.00201989	0.0902857	0.0062092	0.00213508	0.0205316	0.00245074	0.0841352	0.00517364	0.00292052	0.00260693	0.00208221	0.0195922	0.019526	0.0076586	0.0402798	0.633801	0.0337294
141	0.0352444	0.01536	0.00143114	0.0023268	0.251089	0.0245505	0.00321438	0.0516594	0.0036152	0.316179	0.0424928	0.00353303	0.006913	0.00233526	0.0053862	0.0160403	0.0107032	0.0561243	0.0988806	0.0529212
142	0.0952785	0.008499	0.00370004	0.00409805	0.331622	0.0116956	0.0151404	0.0140118	0.00436658	0.0188384	0.0107881	0.0400789	0.00548747	0.0040784	0.00630192	0.209103	0.053166	0.0179767	0.0379108	0.107858
143	0.00922946	0.00381301	0.000947386	0.048505	0.00381359	0.00302275	0.0325512	0.00569238	0.0715474	0.0191199	0.0189415	0.00147139	0.0332921	0.533446	0.160581	0.0179718	0.0112933	0.0173188	0.00349051	0.00395185
144	0.0955444	0.00505299	0.00385065	0.00551793	0.0121789	0.0457831	0.0397363	0.0161193	0.0794951	0.280881	0.0901432	0.0844978	0.00561359	0.00626953	0.0897066	0.0148413	0.0158479	0.023143	0.0800239	0.0057539
145	0.0463699	0.00226382	0.0179565	0.0348226	0.0101561	0.153236	0.0295531	0.0208796	0.186385	0.0225298	0.0239164	0.0415958	0.013409	0.0398713	0.211809	0.0575164	0.0375908	0.0227092	0.00466011	0.0227697
146	0.0788541	0.00307694	0.00291328	0.00691732	0.0187213	0.0212076	0.000939758	0.314086	0.00071533	0.107874	0.019513	0.00159595	0.00382237	0.00449759	0.00276492	0.00879814	0.0444209	0.355634	0.000928599	0.00271901
147	0.0406461	0.00103514	0.000677297	0.00197546	0.00474502	0.0125443	0.00308262	0.329001	0.000599687	0.191083	0.196755	0.00106723	0.00386084	0.000636954	0.00173964	0.0176667	0.0172421	0.172607	0.000714965	0.00231997
148	0.0600038	0.0030558	0.25485	0.213588	0.00667111	0.0293873	0.0453757	0.0173249	0.0263787	0.0148673	0.00875821	0.0808625	0.0145512	0.0384972	0.0294827	0.0671554	0.0446603	0.032554	0.00489551	0.00708033
149	0.0283095	0.00598285	0.00712286	0.000872402	0.399429	0.0177384	0.00743366	0.00978888	0.00104079	0.0503706	0.00810786	0.00600158	0.00162913	0.00125662	0.00205754	0.0349295	0.011368	0.0114027	0.00835612	0.386802
150	0.542548	0.0349569	0.00412175	0.00429194	0.00229773	0.076824	0.00533918	0.00788417	0.000953947	0.00525603	0.0132585	0.00269257	0.0032386	0.00161651	0.00400593	0.249372	0.0242111	0.0131832	0.00085626	0.00309092
151	0.0510199	0.00618737	0.00674926	0.00176287	0.00117833	0.88719	0.000867542	0.00181091	0.00131328	0.0021552	0.00318876	0.00102714	0.00162454	0.000607816	0.00294886	0.0133779	0.00217349	0.0100465	0.000254228	0.00451654
152	0.0593783	0.00632816	0.00872408	0.00423212	0.00232792	0.861982	0.000599683	0.00275073	0.000847718	0.00419046	0.00373825	0.00237879	0.00150353	0.00122382	0.00232816	0.0178698	0.00348304	0.0108105	0.00100708	0.00429634
153	0.0282426	0.0062206	0.00720126	0.000904639	0.397714	0.0180726	0.00573753	0.00965195	0.00103465	0.0515737	0.00787659	0.0058346	0.0013856	0.00094309	0.00181493	0.0340515	0.0110573	0.0113216	0.00825974	0.391102
154	0.0466403	0.00509007	0.00210151	0.00337452	0.0235757	0.0117323	0.00316194	0.274557	0.00285933	0.0940391	0.0320478	0.00366273	0.00857751	0.00322072	0.00435803	0.0103035	0.0250949	0.437266	0.00383909	0.00449821
155	0.0309693	0.00189286	0.00199272	0.00209901	0.0182169	0.00824353	0.00248981	0.327762	0.00185122	0.074524	0.018422	0.00328222	0.00598046	0.0018573	0.00337034	0.00431873	0.0183058	0.468016	0.00275157	0.00365385
156	0.0593253	0.00791847	0.0495119	0.0334287	0.0389132	0.027625	0.320491	0.0304604	0.0242801	0.040707	0.0262259	0.0779711	0.0274282	0.0179606	0.036095	0.0499965	0.0379875	0.0434895	0.0247588	0.0254255
157	0.0280657	0.0027819	0.00157984	0.00114216	0.0312211	0.00622165	0.00363024	0.175442	0.00155675	0.307154	0.0545369	0.00281974	0.0110018	0.00303595	0.00507358	0.0088039	0.0193463	0.320858	0.00505509	0.0106729
158	0.180633	0.00402288	0.0617203	0.00434111	0.00396592	0.0242839	0.007683	0.0128621	0.0334427	0.00663275	0.00501255	0.0473172	0.0872603	0.00605101	0.00929508	0.363094	0.124815	0.0126176	0.0015721	0.00337674
159	0.744419	0.00742631	0.000743983	0.00118919	0.00100122	0.0357198	0.00221628	0.00245815	0.000397147	0.00267582	0.00912947	0.000842282	0.00311573	0.000461393	0.00479429	0.132974	0.0364913	0.0104582	0.000273773	0.00321269
160	0.0503147	0.00613266	0.00770897	0.00203435	0.000803465	0.884179	0.00109524	0.00133222	0.00190486	0.00168342	0.00314168	0.00182677	0.00162552	0.00154157	0.00424015	0.0142364	0.00233305	0.00895135	0.00050555	0.00440935
161	0.0530053	0.00116638	0.00141234	0.00276055	0.018038	0.0117341	0.00206277	0.282118	0.000681546	0.0383275	0.0141328	0.00175676	0.00247636	0.00158025	0.00122949	0.00360073	0.0367867	0.519385	0.000649712	0.00709564
162	0.488258	0.0193181	0.00805874	0.00872096	0.0026035	0.119067	0.0031405	0.00458231	0.00110016	0.00519779	0.00472979	0.00404439	0.00487913	0.00255041	0.00435253	0.277432	0.0265206	0.00987268	0.000874676	0.00469673
163	0.173707	0.00812775	0.0057169	0.00408181	0.00437534	0.698011	0.000858427	0.00784852	0.000598445	0.0123163	0.00700503	0.00123304	0.00257047	0.00148037	0.00265517	0.024286	0.0104348	0.0300163	0.000606517	0.00407021
164	0.0264475	0.0123284	0.00152456	0.0027024	0.455177	0.0157653	0.00388086	0.0666955	0.00390806	0.215217	0.0287445	0.00297703	0.00577994	0.00232819	0.00558769	0.0138299	0.00951419	0.0342256	0.0173326	0.0760335
165	0.16728	0.0050138	0.00308512	0.00494406	0.0105499	0.014429	0.00228046	0.088004	0.00194205	0.0224499	0.0320493	0.00251056	0.00965979	0.0048355	0.00292955	0.0406807	0.135431	0.444705	0.0039424	0.00327879
166	0.637948	0.00184167	0.0013596	0.00254249	0.0214526	0.0986283	0.0012444	0.0143651	0.000962773	0.0515068	0.0170906	0.00182235	0.00331758	0.00557793	0.00692767	0.0263663	0.0702549	0.0346718	0.000792472	0.00132637
167	0.68194	0.00851682	0.00435815	0.00436625	0.00301297	0.0470751	0.0029872	0.00765695	0.00205914	0.00784905	0.0114011	0.0039525	0.00862091	0.00239014	0.00599909	0.135858	0.0408341	0.0169444	0.000509966	0.00366814
168	0.0565754	0.0340021	0.00200113	0.00205427	0.303604	0.00771284	0.0115647	0.042526	0.0011073	0.1001	0.028883	0.00301136	0.00155173	0.00102271	0.00294575	0.0164949	0.0133288	0.0276642	0.0465589	0.297291
169	0.132976	0.011769	0.00561939	0.00441568	0.0263178	0.0190495	0.00551204	0.066977	0.0064578	0.0565917	0.0453868	0.00634567	0.0109701	0.00567458	0.00919652	0.0424177	0.110967	0.244602	0.1762	0.012553
170	0.0810907	0.00447524	0.0253682	0.0464429	0.0114521	0.0367344	0.0235728	0.0154274	0.0698046	0.0234763	0.015784	0.0239485	0.186503	0.187121	0.113944	0.0535771	0.0364187	0.0303419	0.00624793	0.00826888
171	0.0695711	0.00605206	0.0196771	0.0484074	0.0106609	0.0382847	0.0258482	0.0187336	0.114277	0.0241223	0.0153074	0.0284042	0.118861	0.10675	0.212074	0.0508382	0.0412325	0.0320986	0.0086048	0.0101949
172	0.0481412	0.00187762	0.00177585	0.00200834	0.00700008	0.00534926	0.0446366	0.131041	0.0023691	0.434383	0.00860156	0.00253234	0.0194501	0.0193657	0.0197973	0.0795493	0.0997626	0.0648223	0.00485281	0.00268386
173	0.127483	0.000967472	0.0642586	0.0516735	0.00716122	0.0572081	0.0353979	0.0163804	0.111597	0.00675525	0.00782439	0.0858818	0.0399507	0.0691495	0.106239	0.114285	0.0517406	0.0371656	0.0015072	0.00737385
174	0.112033	0.000747906	0.0691213	0.0602487	0.00732583	0.0708775	0.0391555	0.0150058	0.102055	0.00656367	0.00815932	0.0898058	0.0245623	0.071243	0.124467	0.109549	0.045365	0.0353648	0.000303104	0.00804642
175	0.0355072	0.000907928	0.310229	0.412669	0.00186263	0.00746289	0.0321766	0.00715512	0.0140319	0.00852589	0.00349424	0.031801	0.0124138	0.0382606	0.0194301	0.0140896	0.0250537	0.0193259	0.000736297	0.00486653
176	0.0320983	0.00330952	0.0050401	0.0507004	0.00338674	0.0107262	0.0402982	0.0380695	0.262431	0.0431637	0.0535741	0.0202231	0.0101256	0.043591	0.271352	0.0160072	0.0531338	0.0152704	0.00878541	0.0187132
177	0.0864072	0.00193749	0.1768	0.258094	0.00466778	0.0344401	0.0322249	0.0220965	0.0460835	0.0187879	0.00999755	0.0461163	0.0156386	0.0693387	0.051528	0.0575982	0.0326001	0.0288007	0.00072364	0.00611915
178	0.107919	0.000760504	0.0747279	0.0574241	0.00699353	0.0648541	0.040447	0.0157026	0.0924281	0.00617833	0.00930066	0.111969	0.023781	0.0683207	0.113663	0.117432	0.0460329	0.0340718	0.000318676	0.00767496
179	0.0622082	0.00655433	0.00451097	0.0320044	0.285281	0.0185205	0.0220539	0.053706	0.0188325	0.147154	0.0505416	0.0142003	0.00417113	0.0242127	0.0585391	0.0267117	0.0209128	0.0416913	0.00858026	0.0996136
180	0.114887	0.000704886	0.0712338	0.06131	0.00763909	0.0694343	0.0388844	0.0155145	0.0995078	0.00682375	0.00815634	0.0888931	0.0254179	0.0716352	0.118466	0.109651	0.0470044	0.0360528	0.000437686	0.00834536
181	0.189853	0.00227463	0.00193184	0.00294479	0.00327325	0.065238	0.0122213	0.00521427	0.016068	0.00561515	0.00303143	0.00680372	0.587387	0.00381578	0.0103952	0.0464671	0.0121029	0.0221043	0.00111043	0.00214828
182	0.0295896	0.00224392	0.0675623	0.017956	0.00686137	0.0509584	0.110487	0.0105752	0.0195572	0.0135887	0.013076	0.374978	0.0123619	0.0151766	0.0595864	0.121885	0.037302	0.0221489	0.00872795	0.00537773
183	0.0353802	0.00280547	0.095979	0.0237352	0.00353858	0.0463282	0.0307545	0.00802119	0.0226284	0.00628388	0.0110751	0.354408	0.0111688	0.0211557	0.0548317	0.194566	0.050299	0.022593	0.00117399	0.00327451
184	0.0333896	0.00212874	0.000844873	0.000847013	0.0214233	0.00905378	0.00314687	0.282479	0.000922754	0.298242	0.122157	0.0015212	0.00498361	0.00185478	0.00230922	0.0134363	0.0130868	0.181104	0.00256347	0.00450522
185	0.0457638	0.00334974	0.0015173	0.00212665	0.0244602	0.0381641	0.00606022	0.210783	0.00234396	0.328745	0.0822463	0.00285337	0.0206764	0.00401216	0.00480186	0.0293223	0.0201959	0.162133	0.00453897	0.00590651
186	0.0156172	0.00244318	0.00737041	0.01316	0.223448	0.00701142	0.0551425	0.0337651	0.0230632	0.224467	0.125828	0.00655822	0.00246674	0.0329325	0.0241398	0.0273499	0.0114874	0.0923192	0.00138382	0.0700458
187	0.104384	0.00473896	0.000970593	0.00143811	0.00393456	0.011554	0.00157811	0.121192	0.00126387	0.0274858	0.120399	0.00156363	0.00169476	0.00147703	0.00166694	0.0293334	0.276121	0.2842	0.00340796	0.00159475
188	0.0316201	0.00682233	0.000444479	0.00182994	0.0336205	0.00214788	0.000624674	0.0789825	0.00237487	0.607141	0.162418	0.00619615	0.00298576	0.000775475	0.000918208	0.0101972	0.0116772	0.0240004	0.00888887	0.00633383
189	0.575837	0.00316039	0.000886182	0.00287726	0.0281819	0.106748	0.00116598	0.02983	0.000801755	0.0615651	0.014926	0.00180612	0.00208928	0.00575374	0.00648824	0.0200272	0.0768075	0.0591845	0.000763848	0.00110046
190	0.0554729	0.00776255	0.00722608	0.00282794	0.00113072	0.865508	0.000887692	0.00183565	0.00243053	0.00259699	0.00286795	0.00198523	0.00134006	0.00172346	0.00495692	0.0187781	0.00517883	0.0104295	0.000387916	0.00467315
