532	20
1	0.184646	0.000733114	0.191845	0.225879	0.00110498	0.0616803	0.00139953	0.00708017	0.0582983	0.00730829	0.0279771	0.0664093	0.000803873	0.0621442	0.0207619	0.0680272	0.00481672	0.00783867	0.000369563	0.00087706
2	0.800953	0.00543227	0.00103956	0.000925937	0.000410839	0.0297761	0.000994946	0.00204696	0.000522599	0.00146056	0.00123317	0.00130561	0.0040251	0.000660331	0.000516447	0.128185	0.0121592	0.00647399	0.00149679	0.000381797
3	0.00275564	0.00325011	0.000714006	0.00142947	0.0040454	0.000917997	0.00113876	0.0286718	0.00224964	0.874991	0.038346	0.000836293	0.000696312	0.00162456	0.0183284	0.00237951	0.00221753	0.00351791	0.000211527	0.011678
4	0.0531262	0.000502918	0.30773	0.218016	0.0134428	0.00591562	0.0774454	0.0156403	0.0293515	0.0583302	0.0131542	0.0189995	0.000694446	0.0457498	0.0299788	0.00808038	0.0152198	0.0226831	0.000236581	0.0657024
5	0.00211556	0.000383177	0.00431239	0.000921984	0.118023	0.000741195	0.0121201	0.000897205	0.000923721	0.0207839	0.0111522	0.00775129	0.000402636	0.00153426	0.000839936	0.00235653	0.00146749	0.00822299	0.000126331	0.804924
6	0.0173735	0.00306355	0.00715617	0.00752159	0.00460011	0.00602436	0.859784	0.00771401	0.00866198	0.00966008	0.0059335	0.00721871	0.00289094	0.00758995	0.00616138	0.0116587	0.0117656	0.0104313	0.00126292	0.00352806
7	0.245822	0.0170303	0.00345168	0.224673	0.00215829	0.00520209	0.0123892	0.0115187	0.0559298	0.0421651	0.0118629	0.00310975	0.00113958	0.106715	0.0742348	0.142527	0.0296595	0.00799509	0.000524823	0.00189175
8	0.016647	0.000519574	0.0104251	0.0186881	0.000782227	0.00091221	0.00844954	0.024545	0.238898	0.0095182	0.00612719	0.0509435	0.0269823	0.0583717	0.35385	0.0234352	0.0997297	0.0504245	0.000219983	0.000531276
9	0.0965812	0.000754919	0.0018398	0.00935681	0.00172084	0.0165005	0.00252311	0.00208294	0.128424	0.01058	0.00211215	0.0101226	0.476631	0.0133381	0.176079	0.0304848	0.0164434	0.00303258	0.000373555	0.00101926
10	0.00152312	0.000177233	0.000827802	0.00244677	0.000195363	0.990023	0.000203611	0.000319333	0.000486966	0.00038339	0.000301522	0.000322654	0.000171873	0.00027722	0.00029917	0.000776137	0.000531308	0.000484032	6.36766e-05	0.00018563
11	0.0202891	0.000760261	0.00614618	0.0180615	0.00148357	0.00686338	0.00218796	0.00897352	0.696194	0.00606045	0.00448556	0.00670592	0.00265154	0.0262872	0.136662	0.0239007	0.0215158	0.00919634	0.000287755	0.00128675
12	0.00779246	0.000964248	0.00404175	0.00172927	0.0244999	0.00045989	0.000781332	0.483856	0.000544245	0.278493	0.0440992	0.000616849	0.000781541	0.000940023	0.000985006	0.000982446	0.00212931	0.136338	0.00230085	0.00766451
13	0.25768	0.00392455	0.0100438	0.351263	0.00251701	0.0226029	0.00414076	0.00439213	0.0573386	0.014645	0.00442675	0.0047626	0.00127516	0.0783723	0.0313242	0.106683	0.0360685	0.00457207	0.00233967	0.00162751
14	0.00266808	0.0069041	0.00163165	0.000576668	0.00280337	0.00161016	0.000340717	0.449522	0.000482963	0.0269174	0.0127762	0.000424086	0.000257323	0.000446763	0.000405361	0.00091067	0.00717699	0.483627	8.01806e-05	0.000438139
15	0.0825532	0.00137524	0.0141099	0.0279825	0.00191527	0.00316827	0.0132177	0.0744677	0.0147661	0.0150042	0.0363546	0.0372768	0.00149386	0.0289889	0.109883	0.0814441	0.116649	0.33739	0.000492837	0.00146691
16	0.269355	0.0016019	0.00178525	0.00140198	0.000818199	0.00116429	0.000890435	0.00130031	0.00140637	0.00182427	0.00587546	0.00258821	0.655602	0.00132134	0.00101704	0.0299074	0.00938613	0.0108952	0.000317351	0.00154193
17	0.00258402	0.00043683	0.00362538	0.00141183	0.00064095	0.000778778	0.000732642	0.00935092	0.00117945	0.00119927	0.000858438	0.0124398	0.000529089	0.00105489	0.000932633	0.102308	0.857783	0.00151908	0.000172681	0.000462723
18	0.043657	0.00501059	0.0173956	0.0363301	0.00767254	0.0151296	0.00994342	0.0168486	0.363207	0.0165511	0.0119816	0.0165723	0.00912114	0.0216448	0.0634663	0.0453847	0.221196	0.0706617	0.00216597	0.00606063
19	0.0459446	0.000708826	0.0228187	0.0244584	0.00454713	0.0288427	0.0281982	0.00361193	0.0261138	0.0203309	0.0183776	0.0386434	0.547209	0.0402155	0.0323983	0.0754441	0.0252611	0.0156768	0.000321456	0.000877082
20	0.0110735	0.0310869	0.0037218	0.00498811	0.0282075	0.00348911	0.0765559	0.029928	0.00424492	0.159994	0.441728	0.00442656	0.00222907	0.0106258	0.00425322	0.0250841	0.0480117	0.0248204	0.0221553	0.0633767
21	0.257427	0.00628138	0.0176483	0.0326807	0.0107265	0.0310311	0.0102934	0.0464867	0.0427499	0.0603615	0.0272395	0.0422059	0.00271573	0.0114707	0.0165825	0.220468	0.0934465	0.0605709	0.000820132	0.00879402
22	0.00451097	0.000780509	0.0130609	0.00313777	0.00127113	0.0020044	0.00140814	0.00725318	0.00533982	0.00206396	0.00145819	0.0571613	0.00138394	0.00175802	0.00201347	0.0949649	0.796003	0.00304882	0.000402546	0.000974849
23	0.068645	0.00273544	0.00588061	0.0124985	0.00388116	0.0414311	0.00507916	0.00770368	0.0884018	0.00983128	0.0160933	0.00758935	0.00629143	0.600579	0.0171285	0.0739278	0.0176946	0.0100089	0.00128335	0.00331607
24	0.0297043	0.000609631	0.0209883	0.052002	0.00328641	0.0145847	0.139353	0.0081133	0.160006	0.0385386	0.027234	0.019618	0.000614731	0.0583512	0.332216	0.0309548	0.0230814	0.00594003	0.00558396	0.0292201
25	0.0075686	0.000409542	0.866116	0.0454497	0.000588748	0.00426113	0.0076368	0.00110386	0.00613549	0.00180565	0.00100508	0.0298656	0.00208358	0.005494	0.00267468	0.00941962	0.00505549	0.00168316	0.000382464	0.00126037
26	0.00260598	0.00349255	0.000742907	0.000978364	0.00625766	0.000729541	0.000623019	0.0324353	0.000897434	0.868056	0.0406519	0.000776664	0.000760308	0.00101044	0.0123565	0.00161048	0.00271512	0.013415	0.000403208	0.00948161
27	0.414312	0.00220626	0.00377977	0.00238639	0.000886595	0.0479308	0.000936265	0.0132208	0.00138894	0.00525577	0.00140642	0.00665545	0.00323772	0.00143922	0.00133634	0.443655	0.0357095	0.0132525	0.000269925	0.000733962
28	0.00230702	0.00318968	0.000907717	0.00131256	0.00487006	0.000944339	0.00146547	0.0280851	0.0020581	0.877388	0.0397451	0.00111915	0.000579761	0.00149549	0.0160736	0.00184506	0.002336	0.0031493	0.000350795	0.0107781
29	0.872653	0.0036902	0.000966382	0.00114117	0.000253269	0.0285517	0.000911422	0.00183188	0.00127858	0.000987803	0.000810568	0.00142831	0.00256689	0.000428851	0.000574685	0.0673603	0.00436871	0.00810641	0.00180923	0.00028029
30	0.00287331	0.000788508	0.00433445	0.000940165	0.117322	0.000814564	0.0123683	0.00116647	0.000940841	0.0216136	0.0112764	0.00765588	0.00044108	0.0017371	0.00136865	0.00392862	0.00169958	0.00836269	0.000129952	0.800237
31	0.00325545	0.000695303	0.00547757	0.00248817	0.00080354	0.0018736	0.00127227	0.00811804	0.00541654	0.00129999	0.000901784	0.0122672	0.000888955	0.00122554	0.00225998	0.156684	0.79229	0.00211042	0.000154434	0.00051713
32	0.042263	0.00209224	0.00184396	0.000665857	0.000307669	0.0010039	0.000618481	0.00060862	0.000617978	0.00231617	0.00156586	0.00472253	0.90807	0.00108031	0.000576299	0.0129514	0.00629132	0.00952871	7.83015e-05	0.00279749
33	0.00130168	0.000181495	0.0008206	0.00244689	0.000194107	0.990087	0.000205699	0.000323141	0.000487824	0.000380865	0.000292656	0.000322996	0.000173357	0.000294933	0.000297988	0.000943054	0.000515121	0.000482636	6.34711e-05	0.000184271
34	0.0748243	0.0363187	0.0030914	0.0026303	0.00289803	0.00701404	0.00282562	0.146185	0.00247298	0.0468644	0.0137821	0.003715	0.00571256	0.00214737	0.0022076	0.0139692	0.0265337	0.60484	0.000339709	0.00162821
35	0.870926	0.00230718	0.00104813	0.00163196	0.00023346	0.0285696	0.000976753	0.00117482	0.00071827	0.000787576	0.000689948	0.0011322	0.00159808	0.000480037	0.000427608	0.0745797	0.00452084	0.00610885	0.00182981	0.000259227
36	0.145485	0.00218708	0.0255828	0.124757	0.124116	0.00396055	0.0882459	0.0462358	0.00549855	0.00659053	0.00458534	0.00498658	0.00298892	0.00537081	0.0252586	0.0734628	0.00905376	0.165824	0.000914691	0.134896
37	0.0431648	0.00206892	0.00178586	0.000533645	0.000267212	0.000941068	0.000380955	0.000543922	0.000513648	0.00200649	0.00138184	0.00453849	0.909525	0.000910971	0.000411435	0.0125235	0.00613356	0.00953223	7.77122e-05	0.00275897
38	0.0674784	0.531398	0.00319352	0.00361655	0.0115339	0.0104885	0.00972737	0.0186949	0.00324504	0.0559153	0.00372569	0.0105604	0.00166636	0.00354057	0.0035323	0.113822	0.0375658	0.0919681	0.000631511	0.0176962
39	0.0225162	0.00315448	0.0565261	0.134574	0.00274005	0.00562346	0.0161912	0.0405693	0.0627621	0.328318	0.0593428	0.0160193	0.00227394	0.0628378	0.0873531	0.0127569	0.0584008	0.0257153	0.000642878	0.00168206
40	0.183828	0.00112035	0.0696442	0.547441	0.00225333	0.00588418	0.00387738	0.0025702	0.0597145	0.0128109	0.0112043	0.00807443	0.00223351	0.0203001	0.0270708	0.0202729	0.00712804	0.0122163	0.00119381	0.00116213
41	0.00416256	0.00168416	0.00293911	0.00250392	0.0144088	0.000651188	0.000688533	0.649161	0.000831678	0.189186	0.0218754	0.000775325	0.000517214	0.000972456	0.00206236	0.00164915	0.00342974	0.0986995	0.000895679	0.00290609
42	0.387915	0.00202948	0.0146983	0.207241	0.013134	0.00232357	0.036791	0.0022033	0.0725611	0.0176198	0.00206679	0.00706143	0.000964763	0.099117	0.034832	0.0548177	0.00368792	0.0245813	0.00044181	0.0159129
43	0.149931	0.000326096	0.122377	0.286528	0.00075468	0.0193492	0.00837095	0.00101657	0.150736	0.00831217	0.000906353	0.0226083	0.000459376	0.0756177	0.109696	0.0230403	0.0139789	0.00535848	0.000224545	0.000408375
44	0.0393146	0.000304741	0.540675	0.0208185	0.000389448	0.00770331	0.00447439	0.00072271	0.00926926	0.00087417	0.000630401	0.331276	0.000327242	0.013674	0.00351003	0.015402	0.00904156	0.00110102	0.00012982	0.000361909
45	0.12669	0.00114395	0.150901	0.0479197	0.0100686	0.0017546	0.00202829	0.00269255	0.0851386	0.12023	0.0345305	0.104545	0.00117659	0.0600601	0.0315714	0.0395483	0.166579	0.0119924	0.00037641	0.00105259
46	0.609181	0.00620504	0.000956587	0.00435344	0.00055038	0.0013614	0.00258058	0.0579085	0.00436912	0.00474278	0.00483369	0.00301625	0.000795431	0.00135212	0.00258076	0.0392201	0.037094	0.216775	0.000147047	0.00197706
47	0.0785802	0.0143436	0.0120109	0.00278951	0.123345	0.00198846	0.021801	0.00827996	0.00283404	0.0549698	0.0199448	0.00273001	0.00126139	0.0179668	0.0617248	0.116732	0.0133808	0.0190611	0.000455203	0.425801
48	0.0127142	0.000983683	0.243613	0.249876	0.00148707	0.00217455	0.00218154	0.00280282	0.172553	0.0390734	0.021412	0.0530858	0.00130265	0.0633038	0.0384013	0.0344697	0.0554227	0.00354889	0.000397835	0.00119601
49	0.00210866	0.000383209	0.00431534	0.000929184	0.117982	0.000741105	0.0121215	0.000888294	0.000923931	0.0207857	0.0111617	0.00774146	0.000407624	0.00153684	0.000840467	0.00235263	0.00146864	0.00822941	0.000126334	0.804956
50	0.00348385	0.000652794	0.00522297	0.00327172	0.000992705	0.00167335	0.0011273	0.00887489	0.00478045	0.00153117	0.00156566	0.015274	0.00117285	0.00150606	0.00223244	0.0984729	0.844483	0.00262843	0.00025918	0.000794557
51	0.489387	0.00795482	0.00591613	0.00177809	0.00102318	0.0474111	0.000980767	0.0157431	0.00169568	0.00547473	0.0027365	0.0108621	0.0040298	0.00106547	0.00127583	0.32581	0.0550458	0.0208228	0.000220813	0.000765938
52	0.0156444	0.000855056	0.00552673	0.0127269	0.00132154	0.00271692	0.00357116	0.00823143	0.439128	0.00498731	0.00375475	0.028935	0.00423334	0.0270597	0.370406	0.0257758	0.0270557	0.0168392	0.000284155	0.000946211
53	0.197012	0.00521544	0.00136548	0.00181181	0.000994792	0.534593	0.00127131	0.00171149	0.00514566	0.00191699	0.00144209	0.00146283	0.000752593	0.0196797	0.0015232	0.205049	0.0133377	0.00455244	0.000321878	0.000839837
54	0.00230928	0.000422766	0.0202397	0.00130822	0.00194126	0.00149164	0.0210489	0.000980252	0.00899952	0.00125176	0.00136492	0.910197	0.00100783	0.00503291	0.00122554	0.00743275	0.00954262	0.0013719	0.000139943	0.00269103
55	0.00182135	0.00315947	0.000663337	0.000841633	0.00381535	0.00074107	0.000596221	0.023773	0.000893364	0.894335	0.0391704	0.000685503	0.000543737	0.00087564	0.0137498	0.00142545	0.00142636	0.00133064	0.000174442	0.00997854
56	0.0366577	0.00956184	0.00142846	0.00118648	0.00586256	0.0015273	0.00164643	0.339381	0.00147653	0.100742	0.023131	0.000931954	0.00168627	0.00140247	0.00150413	0.00241708	0.0134172	0.453937	0.000399533	0.00170192
57	0.827124	0.00174882	0.000725445	0.000646877	0.00041812	0.084868	0.00130304	0.000629943	0.00340094	0.000728061	0.000635121	0.00623965	0.000739017	0.000561779	0.000686691	0.0599331	0.00333589	0.00367021	0.00227216	0.000333435
58	0.032289	0.0135641	0.00191509	0.000824542	0.00374521	0.00262705	0.000708077	0.348684	0.000782832	0.0388649	0.0173767	0.00104848	0.000679728	0.00105275	0.00077433	0.0035454	0.0137686	0.51703	0.000141631	0.000577792
59	0.00445194	0.00283858	0.000388895	0.000390102	0.000674573	0.00030905	0.000274824	0.750161	0.000368528	0.0450017	0.00808443	0.00032009	0.000155162	0.000325891	0.000326067	0.000772922	0.00430975	0.179155	8.62974e-05	0.00160498
60	0.00733744	0.009774	0.0106431	0.00587571	0.000831062	0.00767423	0.000907931	0.00120138	0.00146346	0.00159545	0.00114837	0.00106209	0.000702922	0.00137342	0.00119443	0.800717	0.143894	0.00170588	0.000215488	0.000682394
61	0.00850461	0.000524716	0.130782	0.00637309	0.00143207	0.00439269	0.0244618	0.00109271	0.0118863	0.00136941	0.00215724	0.760224	0.00241796	0.00804324	0.00285374	0.0159191	0.0122556	0.00142984	0.000221992	0.00365719
62	0.000939132	0.000149802	0.00181914	0.00252833	0.000194657	0.988833	0.000211569	0.000320982	0.000680065	0.000381745	0.000325388	0.00101608	0.000170307	0.000305687	0.000377537	0.00055736	0.000463933	0.00047416	6.46693e-05	0.000186549
63	0.0058934	0.00318419	0.00584744	0.00268629	0.000696351	0.00221596	0.000887094	0.00778975	0.00228154	0.00155934	0.00105898	0.010418	0.000712757	0.00128832	0.00139259	0.21684	0.731894	0.00249525	0.000294014	0.000564557
64	0.867194	0.00358862	0.00112697	0.00160414	0.000474145	0.0288326	0.00116764	0.00240904	0.00153714	0.00101653	0.000844496	0.00250138	0.00296019	0.000582296	0.000642337	0.0658208	0.00524309	0.0104866	0.00168524	0.000283101
65	0.0290612	0.014318	0.00190154	0.000733721	0.00301495	0.00249928	0.00089873	0.329901	0.000669002	0.0399065	0.0147222	0.000845945	0.000908394	0.000713158	0.000512013	0.00276764	0.0131272	0.542955	0.000135063	0.000409206
66	0.00266492	0.0038891	0.000960219	0.00124416	0.0050733	0.000903291	0.000682096	0.0357671	0.00104048	0.863167	0.0417998	0.0011069	0.000928111	0.00116575	0.0124948	0.00217348	0.00259593	0.0132447	0.000383524	0.00871496
67	0.000908656	0.000149296	0.000820695	0.00244722	0.00019387	0.991073	0.000203354	0.000317842	0.000464261	0.000381212	0.000292851	0.000319287	0.000171552	0.000262362	0.000301234	0.000509039	0.000459352	0.00047555	6.37156e-05	0.000185708
68	0.00630981	0.00390262	0.000880053	0.0012679	0.0151173	0.000881859	0.000749252	0.0457623	0.000928136	0.777943	0.0931064	0.000862679	0.000891124	0.00149917	0.00984704	0.00318097	0.00436834	0.0223662	0.00185586	0.00828048
69	0.000905513	0.000147421	0.000984014	0.00247113	0.00019398	0.990709	0.000203702	0.000318147	0.000501376	0.000381604	0.000295638	0.000429621	0.000171563	0.000275583	0.000315036	0.000511647	0.000459656	0.00047558	6.37126e-05	0.000186515
70	0.0393786	0.000304748	0.540592	0.0207957	0.000390185	0.007717	0.00448697	0.000726786	0.00926288	0.00088393	0.000639906	0.331328	0.000327241	0.013654	0.00350971	0.0153801	0.00903193	0.00110115	0.000129867	0.000358631
71	0.0144971	0.00837712	0.00538089	0.0144833	0.0160933	0.00657826	0.00787328	0.429975	0.0294208	0.233579	0.0294924	0.00312921	0.00108928	0.0148662	0.0539955	0.0126815	0.0281548	0.0827613	0.00251494	0.00505736
72	0.000924078	0.000148963	0.00103927	0.00248827	0.000194385	0.990376	0.000225964	0.00031485	0.000580076	0.000389793	0.000301455	0.000504185	0.000168696	0.000277614	0.000337978	0.000534959	0.000468655	0.000475427	6.41748e-05	0.000184927
73	0.563026	0.00114077	0.00471406	0.00842541	0.00147379	0.00622261	0.00153939	0.0038175	0.00243576	0.00230555	0.00561953	0.00240027	0.314397	0.00197022	0.00200315	0.0458626	0.0136001	0.0174617	0.000572829	0.00101154
74	0.0724288	0.00338795	0.031297	0.0969653	0.00304528	0.00837088	0.0269555	0.0362915	0.0196994	0.376822	0.122636	0.0106586	0.00259914	0.0702376	0.0239642	0.0273004	0.0347773	0.0284098	0.000682436	0.00347038
75	0.874665	0.00226271	0.000542226	0.00110891	0.000274262	0.0317595	0.000963085	0.000480534	0.000929249	0.000694756	0.000723752	0.000894616	0.00141269	0.000363095	0.000372814	0.0723343	0.00376282	0.00421908	0.0019474	0.000289054
76	0.17767	0.0012627	0.00274684	0.00336647	0.001528	0.164554	0.00207344	0.00439788	0.00286305	0.00399268	0.00306306	0.00288989	0.00213041	0.0076097	0.00268412	0.604015	0.00716959	0.00405715	0.000511569	0.00141407
77	0.0153744	0.000697842	0.00520515	0.0177241	0.00128268	0.00647299	0.00188556	0.00865677	0.702497	0.00523118	0.00436935	0.00626373	0.0024668	0.0249001	0.140498	0.0229225	0.0232551	0.00907172	0.000286808	0.000938511
78	0.0424125	0.00205988	0.0018153	0.00054103	0.000269416	0.00098215	0.000437401	0.000520436	0.000599105	0.00202763	0.00138592	0.00460135	0.909962	0.00093672	0.00055152	0.0125273	0.00611864	0.00940985	7.51789e-05	0.00276677
79	0.0720278	0.0314942	0.00403866	0.00226081	0.00255833	0.00699437	0.00390454	0.140647	0.0028891	0.056525	0.0120802	0.00420007	0.00794725	0.00285441	0.00215055	0.012954	0.0274724	0.605588	0.000449354	0.000964434
80	0.0300047	0.00467355	0.00344566	0.00704312	0.0214974	0.00246099	0.0103939	0.0272337	0.0037019	0.161064	0.641339	0.00380808	0.00250787	0.00610914	0.00417127	0.0122253	0.0104669	0.02369	0.00880835	0.0153546
81	0.0535341	0.00130455	0.0286271	0.837363	0.00153338	0.0116278	0.00724474	0.00300751	0.0080731	0.00357491	0.00254405	0.00468496	0.00167716	0.00791559	0.00466503	0.007786	0.00803757	0.00396191	0.00132311	0.00151478
82	0.000918228	0.000149506	0.00119894	0.00245713	0.00019634	0.990421	0.000206539	0.000319623	0.000494093	0.0003792	0.000296195	0.000505474	0.000171553	0.000269941	0.000305405	0.00052051	0.000463546	0.00047757	6.37155e-05	0.000185156
83	0.0143917	0.000652585	0.00571867	0.0172682	0.00136223	0.00622628	0.0018786	0.00841608	0.703588	0.00490843	0.00451401	0.00677286	0.00253728	0.0254435	0.142609	0.0229968	0.0209776	0.0087367	0.00024555	0.000756035
84	0.755786	0.0052828	0.000654577	0.000652489	0.000368166	0.0999617	0.00153838	0.00113326	0.000571706	0.00130816	0.000898933	0.00101274	0.00225444	0.00083046	0.000474304	0.110059	0.00879255	0.00600545	0.0021706	0.000244685
85	0.119531	0.0598294	0.00423894	0.00177358	0.00720042	0.0151757	0.00303692	0.0864256	0.00322324	0.0464873	0.0132126	0.0104978	0.00497879	0.00236277	0.00159015	0.0373833	0.0443788	0.53509	0.000474514	0.003109
86	0.0038208	0.00440635	0.000603247	0.000927225	0.00914361	0.000639574	0.00063254	0.0652344	0.00065496	0.801147	0.0455548	0.000824967	0.0012656	0.00110803	0.00840785	0.00166706	0.00383623	0.0431879	0.000496713	0.00644124
87	0.0103827	0.000481769	0.000820875	0.00100354	0.870446	0.000673188	0.000662455	0.00797908	0.000811437	0.0380029	0.00964612	0.000753267	0.000419807	0.000812753	0.00206769	0.00437647	0.00145029	0.0172718	0.00408426	0.0278534
88	0.0190562	0.000713044	0.00695121	0.0287282	0.00186823	0.00661513	0.00186491	0.00947226	0.651494	0.0061708	0.00703677	0.00806662	0.00319466	0.0576371	0.138125	0.0226973	0.0185037	0.0102245	0.000428005	0.00115289
89	0.0122733	0.000792292	0.008225	0.0331764	0.00132107	0.000988568	0.00445853	0.0139935	0.590952	0.00715111	0.00633563	0.0127602	0.00525241	0.0352654	0.193387	0.0166016	0.0361275	0.0187822	0.000397557	0.0017584
90	0.00502577	0.000726702	0.00124287	0.00167796	0.778002	0.00119024	0.00121961	0.00233979	0.00178497	0.0355816	0.0137717	0.00133971	0.00077826	0.00149562	0.00727544	0.0140853	0.00249281	0.00442176	0.000905807	0.124642
91	0.889302	0.000908153	0.000358836	0.000336448	0.000187767	0.0293613	0.000890906	0.00029769	0.000421828	0.000375228	0.000406406	0.000513345	0.000188089	0.000300822	0.00028103	0.069626	0.000848948	0.00321246	0.00203456	0.000147759
92	0.0066392	0.000495999	0.17007	0.0143796	0.000598791	0.646603	0.00076422	0.00105377	0.0231356	0.000981452	0.00572733	0.102069	0.000510802	0.00592446	0.00784602	0.00937035	0.00168318	0.00142291	0.000161918	0.000562877
93	0.00424237	0.00268387	0.000508676	0.000397908	0.000839698	0.000364509	0.000270465	0.733442	0.000380187	0.0436721	0.00811334	0.000319836	0.000166241	0.00033775	0.000348775	0.000727705	0.00397929	0.197687	8.91543e-05	0.0014289
94	0.0203087	0.000698492	0.309959	0.0137729	0.00143883	0.00781599	0.021533	0.00111365	0.0128166	0.00196093	0.00244388	0.545335	0.00292341	0.0107845	0.00484137	0.0228552	0.0140762	0.00213036	0.000550681	0.00264138
95	0.34729	0.0630329	0.00212253	0.00172935	0.000669747	0.043045	0.000620696	0.0183237	0.00114987	0.0187816	0.00578179	0.00255368	0.00344952	0.000984577	0.00073065	0.12702	0.105426	0.255117	0.000136142	0.00203591
96	0.0100413	0.0046283	0.00299754	0.00291661	0.286039	0.00156878	0.00666581	0.258475	0.00174166	0.192392	0.063701	0.00362473	0.00174219	0.0054549	0.00367602	0.00435432	0.012175	0.117682	0.00186715	0.0182563
97	0.00184791	0.00030524	0.961769	0.00527498	0.00041866	0.000735816	0.00619247	0.000613186	0.000617838	0.000745978	0.00057805	0.0135367	0.000304883	0.000884866	0.000531766	0.0029238	0.00149195	0.000833403	0.000122439	0.000270802
98	0.00294258	0.000898063	0.0035143	0.00273418	0.015016	0.000463236	0.000479625	0.648474	0.00060331	0.212703	0.0200511	0.000523716	0.000594396	0.000613295	0.00179394	0.00105397	0.00168155	0.0818862	0.00109116	0.00288221
99	0.0543632	0.00109913	0.0336036	0.831556	0.00175313	0.0106977	0.00728377	0.00324489	0.00792977	0.00462144	0.00299762	0.00439567	0.00164592	0.00805753	0.00447966	0.00719486	0.00779438	0.00447646	0.00140751	0.00139743
100	0.00590113	0.00172305	0.00171979	0.00129436	0.00338069	0.000826738	0.000684856	0.460717	0.00107963	0.245998	0.00656903	0.00105001	0.000612545	0.00115355	0.00118533	0.00204648	0.00295773	0.258755	0.0007248	0.00161986
101	0.0394505	0.000302101	0.540835	0.0208488	0.000389686	0.00782035	0.00443641	0.000720985	0.00925761	0.000875162	0.000627771	0.330635	0.000345295	0.0136755	0.00349377	0.0155627	0.00912617	0.00109882	0.000130047	0.000367613
102	0.0245607	0.000427427	0.63721	0.0232378	0.000556047	0.00908617	0.00423252	0.00107394	0.00673437	0.0011766	0.00094701	0.239725	0.000455233	0.0122649	0.00291947	0.0174476	0.0157321	0.00147948	0.000199596	0.000534866
103	0.108819	0.00785618	0.00322626	0.00383012	0.00186007	0.00298014	0.00259507	0.0757419	0.0147477	0.0205494	0.00321792	0.00586301	0.372687	0.00676555	0.00258736	0.0089122	0.0548527	0.300131	0.00073874	0.00203844
104	0.0329184	0.000492324	0.286137	0.421722	0.00195915	0.0113495	0.0109631	0.00696257	0.0620812	0.00955711	0.003318	0.0386717	0.00463866	0.0524292	0.0116878	0.0224288	0.0113162	0.00882218	0.00145152	0.00109386
105	0.111281	0.000486887	0.0424296	0.0717272	0.0045084	0.000944775	0.0200763	0.00846775	0.414781	0.0264841	0.0101236	0.0148515	0.0112268	0.0695283	0.104645	0.0446549	0.0311631	0.011273	0.000209149	0.00113863
106	0.00626223	0.00616392	0.00242071	0.00127156	0.153782	0.000895454	0.00691316	0.290434	0.00106444	0.288481	0.0707292	0.00315099	0.00204306	0.0056865	0.00381573	0.00229195	0.0130349	0.11741	0.000815992	0.0233337
107	0.0113116	0.0211418	0.00152521	0.000982744	0.00232399	0.00371517	0.000639598	0.408988	0.000800073	0.0196142	0.00836199	0.000817274	0.000464891	0.000872707	0.000763683	0.00153798	0.0168426	0.498607	0.000160094	0.000529649
108	0.0412392	0.000275127	0.12786	0.533349	0.00226596	0.0165947	0.0098773	0.00326499	0.055526	0.00899278	0.00353624	0.0482004	0.00768225	0.0689335	0.0187828	0.0283823	0.0142907	0.0081794	0.00211921	0.00064759
109	0.199859	0.0588204	0.00129964	0.00140801	0.0379191	0.00334355	0.00152079	0.198565	0.00190196	0.0366828	0.0219696	0.00281002	0.000738296	0.00144539	0.00140437	0.0600669	0.0793753	0.28398	0.00024937	0.00664003
110	0.0114696	0.0203808	0.00159042	0.000950875	0.00237596	0.00395041	0.000618606	0.403539	0.000802267	0.0201323	0.00858932	0.000774111	0.000419784	0.000785052	0.000721807	0.00152758	0.0161368	0.504612	0.000150687	0.000472548
111	0.277644	0.0607261	0.00549767	0.150673	0.00345813	0.00631278	0.00739835	0.00661823	0.123832	0.0147512	0.00642199	0.00450863	0.00203896	0.0557941	0.104108	0.110152	0.0154748	0.0406962	0.000982503	0.00291126
112	0.309534	0.00185106	0.00466538	0.0119478	0.0423363	0.059817	0.0218788	0.0372559	0.0150713	0.0673526	0.0569634	0.0420613	0.00843254	0.00319217	0.0244069	0.2174	0.024231	0.0144468	0.000449333	0.0367068
113	0.0120763	0.00413858	0.000698726	0.000876321	0.0893653	0.000929535	0.00078439	0.140078	0.000809672	0.434767	0.198995	0.00147974	0.00170017	0.00403659	0.00159914	0.00648256	0.0115627	0.0619676	0.0190551	0.0085986
114	0.302079	0.00216027	0.0250148	0.430533	0.00242323	0.0446264	0.00881707	0.00446932	0.0164205	0.00681163	0.00733743	0.00530356	0.00335223	0.0191821	0.00757408	0.0628175	0.0229199	0.00704586	0.0169354	0.00417725
115	0.070579	0.0078221	0.00514452	0.00560722	0.00349308	0.00477977	0.00374835	0.0123589	0.00469428	0.0289823	0.0154858	0.01964	0.692986	0.00371612	0.00435577	0.0480836	0.0171041	0.0334342	0.000625394	0.0173595
116	0.00258296	0.000431303	0.00362142	0.00141038	0.000641564	0.000789156	0.000729764	0.009337	0.00117843	0.00119886	0.000862208	0.012458	0.000525436	0.00106974	0.000928508	0.102307	0.857775	0.00151806	0.000172978	0.000462749
117	0.0160842	0.00234383	0.00308951	0.00340552	0.688426	0.00264386	0.00270489	0.0298464	0.00335589	0.0940081	0.0377828	0.00310834	0.00178188	0.00413956	0.00374721	0.00762401	0.0115668	0.0259113	0.0416982	0.0167315
118	0.00159175	0.000196984	0.000818248	0.00244729	0.000197079	0.989708	0.000215232	0.000317635	0.000484199	0.000387621	0.000293784	0.000327432	0.000173593	0.000293409	0.000301923	0.0009274	0.000556096	0.000511279	6.37039e-05	0.000187381
119	0.379367	0.00983905	0.0019589	0.00275703	0.00112637	0.435632	0.00194188	0.0022546	0.00863881	0.00285622	0.0018244	0.00239226	0.00367505	0.00732447	0.00220971	0.09948	0.0216891	0.0133942	0.000926764	0.000713172
120	0.00469378	0.00486642	0.000811417	0.000453283	0.00146971	0.000938285	0.000267402	0.633599	0.000460063	0.035682	0.00885348	0.000349869	0.000178488	0.000363157	0.000351854	0.000864886	0.00552265	0.299053	6.61926e-05	0.00115533
121	0.00231155	0.00044968	0.0196658	0.00128828	0.00189108	0.00129234	0.0209058	0.00113446	0.00869484	0.00130225	0.00115027	0.912626	0.000874747	0.00480036	0.00116852	0.00673138	0.00937057	0.00151634	0.000152519	0.00267317
122	0.0029853	0.00392201	0.000661529	0.000879276	0.00842897	0.000729471	0.000718469	0.0651318	0.00116406	0.812925	0.0426576	0.000682863	0.00101906	0.00106917	0.00985084	0.00145505	0.00314615	0.0348327	0.000604566	0.0071359
123	0.0553413	0.00102386	0.0330668	0.832248	0.00175455	0.0118956	0.0073472	0.00291683	0.00753767	0.00384611	0.00250561	0.00570224	0.00179341	0.00688597	0.00419028	0.00752264	0.0079361	0.00377635	0.00122934	0.00148037
124	0.00161944	0.000301956	0.96323	0.0071665	0.000409258	0.000590224	0.00618015	0.000670171	0.000781654	0.000773689	0.000566777	0.010847	0.000306764	0.00079628	0.000513098	0.00278381	0.00121764	0.000854514	0.000112237	0.000278734
125	0.00600646	0.0033264	0.00128024	0.00120589	0.00450976	0.000676368	0.000397523	0.72593	0.00074839	0.0819455	0.0123372	0.000775579	0.000305287	0.000569233	0.000754836	0.001837	0.00554015	0.149419	0.000308093	0.00212753
126	0.0752338	0.00140291	0.00289669	0.00281735	0.00225288	0.0433106	0.00260171	0.0198789	0.620405	0.0036996	0.00383256	0.00339211	0.00147155	0.0267677	0.0782562	0.097501	0.00664823	0.00541748	0.00043172	0.0017819
127	0.889798	0.00095813	0.000355662	0.000331908	0.000189934	0.0285939	0.000889075	0.000300018	0.000359508	0.000378551	0.000410176	0.000325401	0.000195676	0.000300085	0.000278369	0.0700195	0.000911832	0.00327439	0.00197995	0.000149863
128	0.0424328	0.00207349	0.0019245	0.000656658	0.000271704	0.00103042	0.000587525	0.000555136	0.000635164	0.0020302	0.00147894	0.00462076	0.909108	0.00100068	0.000522149	0.0126182	0.00617025	0.00945015	7.53931e-05	0.00275767
129	0.0911542	0.000254928	0.352929	0.432191	0.00479149	0.0112773	0.000544617	0.00306109	0.0219424	0.000723549	0.00155814	0.0240433	0.00903826	0.0110824	0.00957683	0.0117408	0.00789114	0.00408295	0.000104226	0.002012
130	0.298094	0.285675	0.00273693	0.00391427	0.00602575	0.0323567	0.00475003	0.0111867	0.00337458	0.0290271	0.0062396	0.00740605	0.0081157	0.00268243	0.00290044	0.169705	0.0641777	0.0531887	0.000641836	0.00780171
131	0.010268	0.000575979	0.00112459	0.0011014	0.866883	0.000743747	0.000787801	0.00800825	0.00097138	0.0373574	0.00988502	0.000964816	0.000571187	0.000915756	0.00215106	0.00456741	0.00187498	0.0169166	0.0044991	0.029832
132	0.0619344	0.00422803	0.0330544	0.136453	0.0387816	0.00511941	0.0249812	0.100073	0.108584	0.0408773	0.0253898	0.00855163	0.00509524	0.0549545	0.0959507	0.0130053	0.0651178	0.0716644	0.0020996	0.104085
133	0.00414915	0.00287882	0.000573571	0.000405331	0.00103299	0.000383838	0.000273192	0.714117	0.000377396	0.0434679	0.00892618	0.00032034	0.000165063	0.000318389	0.000321962	0.000705726	0.00404439	0.21613	8.73636e-05	0.0013214
134	0.0538093	0.00105093	0.0307022	0.831018	0.00172147	0.011907	0.00719727	0.00281579	0.00872948	0.00396616	0.00306808	0.00512157	0.00190475	0.00897653	0.00461653	0.00851102	0.00791641	0.00440606	0.00136782	0.00119373
135	0.0564705	0.000936	0.0103902	0.201871	0.00113384	0.00365883	0.00180801	0.00462975	0.105932	0.00431146	0.00322116	0.00217352	0.000880189	0.235923	0.240297	0.0577977	0.0639335	0.00300415	0.000330611	0.00129738
136	0.0704199	0.000832709	0.00197498	0.110664	0.000923979	0.0211828	0.00137247	0.0339806	0.184467	0.0238572	0.0164259	0.00342412	0.000867268	0.124674	0.28566	0.0126242	0.100733	0.00480089	0.00026833	0.000846162
137	0.082597	0.491089	0.00514434	0.00554771	0.0123877	0.0103138	0.0113022	0.0213724	0.00542428	0.116256	0.00529447	0.0128875	0.0027117	0.00558337	0.0048324	0.0831256	0.0334891	0.0708484	0.00126359	0.0185294
138	0.0655031	0.00131351	0.00387293	0.0043445	0.0028676	0.0434562	0.00360519	0.0276452	0.524216	0.00470958	0.00719044	0.00614207	0.00150066	0.0450621	0.141244	0.10027	0.00679883	0.00645791	0.000487979	0.00331296
139	0.14238	0.000436581	0.0921951	0.412636	0.000816312	0.0145493	0.00585063	0.00103479	0.127687	0.00696641	0.00227489	0.0156516	0.00101911	0.0583454	0.0787037	0.0210525	0.0123918	0.00512404	0.000456778	0.000427381
140	0.0433411	0.00423264	0.0100759	0.0808872	0.00555709	0.00632565	0.0239319	0.0517728	0.203139	0.0244896	0.0154723	0.0219422	0.00667102	0.0654298	0.267184	0.0144108	0.0823747	0.0550479	0.00199379	0.0157211
141	0.0192297	0.00275314	0.000786325	0.00106558	0.0340294	0.000866285	0.000700584	0.065963	0.000875006	0.45133	0.335978	0.000933307	0.00136105	0.00157936	0.001028	0.00532281	0.00536746	0.0606164	0.00568013	0.00453524
142	0.00941336	0.00145634	0.0986196	0.0139215	0.00221668	0.0275619	0.0362406	0.00236903	0.0461234	0.00290587	0.00625728	0.622971	0.0199396	0.00758726	0.0237577	0.056272	0.0154088	0.00350022	0.00053218	0.00294554
143	0.0049735	0.00326206	0.000522397	0.000420587	0.000913795	0.000433201	0.000273952	0.721842	0.000411715	0.0489895	0.0086001	0.000329544	0.000161281	0.000342397	0.000335486	0.000822958	0.0045666	0.201117	0.000107167	0.00157422
144	0.0422496	0.00208451	0.00226501	0.00141679	0.000327098	0.00128706	0.000989135	0.000736711	0.00122689	0.0022364	0.00156903	0.00507886	0.904145	0.00137326	0.00078461	0.0132277	0.00649765	0.00963485	8.20191e-05	0.00278827
145	0.00915699	0.00349054	0.00268228	0.00122177	0.0481162	0.000563712	0.00272146	0.383999	0.000849042	0.258645	0.0606742	0.00205687	0.00117228	0.0033517	0.00175511	0.00252916	0.00732478	0.199117	0.00102741	0.0095454
146	0.0120009	0.0153268	0.00153689	0.0020466	0.348948	0.00168158	0.00394324	0.018147	0.00188845	0.214455	0.302791	0.00224695	0.00120257	0.00309698	0.00196048	0.00470921	0.00953852	0.0323923	0.00580953	0.0162791
147	0.0174631	0.00313033	0.00723992	0.00735925	0.00485148	0.00627762	0.857156	0.00743548	0.0086587	0.00945045	0.00642044	0.00793698	0.00325583	0.00767982	0.00616009	0.0118155	0.0120668	0.0106172	0.00131833	0.00370642
148	0.00166722	0.000310039	0.962803	0.00521386	0.000404028	0.000698991	0.00607643	0.00060806	0.000597605	0.00074976	0.000556361	0.0130095	0.000301209	0.000833226	0.000498351	0.00301753	0.00145427	0.000813183	0.000118851	0.000268481
149	0.00166142	0.000310156	0.963315	0.00524947	0.00041467	0.000686839	0.00622047	0.00060842	0.00059458	0.000743555	0.00056578	0.0125609	0.000303125	0.000765184	0.00053377	0.00285048	0.00138125	0.000844727	0.000108793	0.000281415
150	0.0362202	0.00284525	0.00744347	0.0117224	0.00384174	0.0200645	0.00838622	0.00727486	0.0286157	0.0120288	0.0253957	0.0102449	0.0052755	0.735741	0.0131773	0.0389882	0.0161943	0.0106275	0.00178021	0.00413194
151	0.0175394	0.00323799	0.00723423	0.00794714	0.00477566	0.00591799	0.853227	0.00790913	0.00919608	0.00958539	0.00648101	0.00723146	0.00318623	0.0078985	0.00851783	0.0119968	0.0121667	0.0109822	0.00123845	0.00373038
152	0.00151495	0.000171337	0.000819757	0.00244442	0.000195506	0.990011	0.000203241	0.000316491	0.000476657	0.000380792	0.000298076	0.000318859	0.00017177	0.000288381	0.000303474	0.000849098	0.000503169	0.000484588	6.38681e-05	0.000184658
153	0.0040786	0.0004847	0.00610037	0.00297246	0.00120387	0.00263213	0.00116525	0.00837741	0.00591055	0.00142001	0.00128035	0.015166	0.00130722	0.00183597	0.00268726	0.0965451	0.843097	0.00246308	0.00032326	0.000949255
154	0.864762	0.00365846	0.000604218	0.000626292	0.000246607	0.0294765	0.000868735	0.000890486	0.00044665	0.000868996	0.000785208	0.000690135	0.00172982	0.000409245	0.000317982	0.0808694	0.00591908	0.00480331	0.00177787	0.000249158
155	0.00863087	0.00497822	0.000698253	0.000462487	0.00209484	0.000667059	0.000298783	0.663527	0.000413199	0.0437029	0.00936235	0.000397168	0.000185987	0.000392001	0.000378264	0.00180993	0.00594526	0.254627	7.9801e-05	0.00134884
156	0.0189476	0.0261769	0.00145909	0.001214	0.00278471	0.00371193	0.000785653	0.473604	0.00101295	0.0247709	0.00791323	0.00140023	0.000904102	0.00143454	0.000983231	0.00445135	0.0263107	0.400424	0.00017329	0.00153761
157	0.226028	0.113658	0.00294437	0.00389112	0.00235987	0.0173216	0.00270037	0.00783778	0.0038204	0.011493	0.00527476	0.0029239	0.0019708	0.00321274	0.00295722	0.209909	0.243845	0.134317	0.000765046	0.00277018
158	0.569213	0.0391623	0.00112969	0.0008959	0.000451977	0.0969768	0.00109422	0.00334575	0.000758051	0.00856409	0.0052421	0.00269014	0.0107669	0.00064503	0.000608008	0.171963	0.0629217	0.0222519	0.000320815	0.000998869
159	0.848095	0.00288215	0.000688837	0.00047087	0.00025908	0.028555	0.000859859	0.00145656	0.000411757	0.00105554	0.000817782	0.00112833	0.00179476	0.000397201	0.000396182	0.0970124	0.0070176	0.00483789	0.00163979	0.000223427
160	0.371469	0.0109758	0.0024212	0.00386495	0.00165353	0.426904	0.00222213	0.0035783	0.00846673	0.00386088	0.00247289	0.00225222	0.00456542	0.00646867	0.00269321	0.0811401	0.0262881	0.0367091	0.000876476	0.0011172
161	0.016427	0.00391811	0.00161679	0.000644543	0.0243171	0.000469543	0.000528842	0.357543	0.000449399	0.250435	0.115762	0.00352133	0.000417001	0.004447	0.000927373	0.00662575	0.0123622	0.193822	0.000848329	0.00491814
162	0.0186327	0.0146787	0.00595898	0.021553	0.0124602	0.0105765	0.00970596	0.258417	0.0593182	0.254421	0.0292699	0.00188696	0.000773547	0.0280129	0.0729696	0.0208264	0.0597896	0.108683	0.00485831	0.00720795
163	0.00231918	0.000431742	0.0207674	0.00122623	0.00192185	0.00143579	0.0218172	0.000979238	0.00897109	0.00128216	0.00135797	0.908614	0.00095365	0.00509481	0.00121401	0.00779839	0.00962723	0.00133218	0.00014774	0.00270781
164	0.845268	0.00129841	0.000394671	0.000470802	0.000234036	0.0624192	0.00127448	0.000410959	0.000866464	0.000596653	0.000519983	0.00137934	0.000319245	0.000414483	0.000383899	0.0741178	0.00227518	0.00391274	0.00323812	0.00020569
165	0.0532012	0.0235271	0.000684518	0.000811826	0.0149749	0.0077865	0.00127962	0.129056	0.000802501	0.390985	0.185181	0.0014831	0.00327563	0.00177499	0.00062576	0.028033	0.0332213	0.121302	0.000409331	0.00158381
166	0.0535134	0.00437027	0.0874515	0.134582	0.0181664	0.00558345	0.0663398	0.0466448	0.128978	0.0436404	0.0330763	0.0168236	0.00285837	0.0615165	0.122254	0.0204765	0.0529419	0.0581623	0.00201961	0.0406021
167	0.00787988	0.000969444	0.00413727	0.00167226	0.0239641	0.000456996	0.000746348	0.484886	0.000542345	0.275044	0.0438634	0.000642861	0.000781182	0.000904501	0.000937762	0.00108554	0.0021129	0.139607	0.0021799	0.00758638
168	0.290193	0.00113383	0.00355509	0.00270873	0.0014507	0.0259219	0.00347935	0.052798	0.0212533	0.0190299	0.0247661	0.0192909	0.0059405	0.0339493	0.00934777	0.0938026	0.159263	0.230774	0.000281777	0.00106007
169	0.00944072	0.000369127	0.127336	0.0248565	0.000424635	0.652838	0.00144213	0.00075561	0.0380326	0.000819571	0.00500692	0.0984731	0.000357816	0.0107498	0.0131604	0.0114778	0.00297734	0.00099073	0.000114154	0.000376495
170	0.00443555	0.000454689	0.00570771	0.0190898	0.000569574	0.00144815	0.000693823	0.0089634	0.681118	0.00396699	0.00384633	0.00732737	0.00211712	0.0225437	0.190753	0.0151173	0.0226443	0.00849388	0.000194354	0.000514933
171	0.0449319	0.000597704	0.308776	0.0653815	0.000859797	0.0013898	0.00131041	0.00145975	0.227066	0.002338	0.00161395	0.0750142	0.0139724	0.0522991	0.0605659	0.08628	0.0528596	0.00217291	0.00031184	0.000799273
172	0.00876162	0.00479003	0.00218283	0.00141899	0.109328	0.000628613	0.00223153	0.334308	0.000778362	0.315126	0.102708	0.00132357	0.00354463	0.00268343	0.00136245	0.00149771	0.00499854	0.0855646	0.00721704	0.00954638
173	0.125527	0.000924996	0.117259	0.316843	0.00109278	0.0772605	0.00135103	0.00224695	0.0836193	0.00296619	0.00581226	0.0150823	0.000841568	0.0137635	0.0466918	0.163204	0.0215342	0.00267607	0.000418952	0.000884192
174	0.0243177	0.000530135	0.318304	0.177995	0.000704259	0.00206642	0.00161712	0.00141629	0.171127	0.0117843	0.00599187	0.0695389	0.00443998	0.0644208	0.0328789	0.0645181	0.0452729	0.00229113	0.000234581	0.000550899
175	0.115887	0.0154817	0.000633744	0.000557851	0.00358349	0.000604907	0.000368358	0.205847	0.00054305	0.0780127	0.028563	0.000467916	0.000654406	0.000505113	0.00045788	0.00167926	0.0184898	0.527282	8.83365e-05	0.000292427
176	0.00340983	0.000405991	0.00599683	0.019187	0.000568442	0.000884394	0.000682277	0.00837446	0.678104	0.00395523	0.00388758	0.0075097	0.00214317	0.0226289	0.194777	0.0146241	0.023664	0.00850975	0.000190157	0.000497664
177	0.0164946	0.00341083	0.00173855	0.000685432	0.0244077	0.000491996	0.000597297	0.363813	0.000480381	0.245094	0.110614	0.00299193	0.000417468	0.00384319	0.000894581	0.00551927	0.0106767	0.2019	0.000901557	0.00502792
178	0.139189	0.0649386	0.00392359	0.0011623	0.00389972	0.00825688	0.000842994	0.0878642	0.00145464	0.0299073	0.00632601	0.00408081	0.0031845	0.00184919	0.00110021	0.0201996	0.0391758	0.581375	0.000176852	0.00109272
179	0.199473	0.058911	0.00127678	0.00141714	0.0382043	0.00334475	0.00153664	0.198559	0.00190618	0.0367089	0.021881	0.0027931	0.000736448	0.00144453	0.00137857	0.0603574	0.0784507	0.284633	0.000253416	0.0067332
180	0.046345	0.0525846	0.00625571	0.00611555	0.0038683	0.00579605	0.00536556	0.00646657	0.00604735	0.0854319	0.00590613	0.143739	0.00479054	0.00700814	0.00628724	0.521217	0.0721873	0.00978025	0.0012469	0.00356105
181	0.000908656	0.000149296	0.000820695	0.00244722	0.00019387	0.991073	0.000203354	0.000317842	0.000464261	0.000381212	0.000292851	0.000319287	0.000171552	0.000262362	0.000301234	0.000509039	0.000459352	0.00047555	6.37156e-05	0.000185708
182	0.584948	0.0516947	0.00424114	0.00471594	0.00182552	0.0963869	0.00222789	0.00496034	0.00798664	0.00590027	0.0187408	0.00672299	0.0357041	0.00326805	0.0040959	0.112008	0.0365797	0.0157353	0.000819312	0.00143797
183	0.00178249	0.000184152	0.000817823	0.00243358	0.000194894	0.989489	0.000203134	0.000327218	0.000501933	0.000376715	0.000292355	0.000331238	0.000171119	0.000312235	0.000302527	0.000923059	0.000588889	0.000517113	6.3696e-05	0.000186825
