395	20
1	0.257941	0.0179977	0.000514094	0.00422012	0.00742461	0.0240313	0.000532904	0.0961933	0.000341073	0.0894361	0.0535745	0.00070582	0.00322339	0.00120821	0.000477252	0.120857	0.16932	0.15107	0.000344915	0.000586548
2	0.0312752	0.00193205	0.000127773	0.000241318	0.0632747	0.00429904	0.000722672	0.259143	0.000162624	0.336561	0.0319141	0.00069366	0.00133115	0.000326119	0.000472362	0.00176904	0.00687048	0.250256	0.00199421	0.0066337
3	0.216405	0.00219492	0.0152315	0.0560265	0.00216812	0.315366	0.0231027	0.00217192	0.041055	0.0194951	0.0061434	0.0355193	0.00289597	0.0271466	0.0445081	0.131974	0.0408139	0.0159884	0.000636305	0.00115695
4	0.797933	0.00602411	0.000264619	0.000413024	0.00151081	0.0423397	0.000384568	0.00528593	0.000337619	0.00383126	0.00105203	0.000376118	0.00141508	0.000540014	0.000348949	0.0779723	0.0275436	0.0315819	0.000358047	0.000487027
5	0.0452427	0.0169261	0.000160862	0.000221909	0.0131896	0.00823744	0.00100501	0.264235	0.000215323	0.289685	0.0738994	0.000230014	0.00029975	0.000345443	0.000401541	0.0103431	0.0259994	0.248436	0.000196752	0.000729817
6	0.00692946	0.000391864	0.000200368	0.000654347	0.000777531	0.971931	0.00027439	0.000624921	0.000228418	0.000997598	0.00059049	0.000338668	0.00195807	0.00170703	0.000293039	0.00808191	0.000991092	0.00252616	0.000185886	0.0003174
7	0.0268848	0.00992725	0.000228588	0.00068988	0.0171034	0.00214051	0.000723385	0.403428	0.000283708	0.0697271	0.0250848	0.000380855	0.000596187	0.000385798	0.000334796	0.00841492	0.0332107	0.397171	0.000483712	0.00280056
8	0.0421293	0.0213221	0.00070524	0.000947159	0.0198058	0.00551645	0.00341789	0.353826	0.00105971	0.0735006	0.0246842	0.00130133	0.00295866	0.00107392	0.00122523	0.0207346	0.0338576	0.387565	0.00104683	0.00332198
9	0.00175655	0.000521506	0.000208131	0.00037394	0.637794	0.00081492	0.000456236	0.000964585	0.000300708	0.0070089	0.00085572	0.000377904	0.000335242	0.000541549	0.000375963	0.00125888	0.00349587	0.00426727	0.00288483	0.335407
10	0.00779617	0.000453835	0.000177265	0.000513659	0.000806936	0.971118	0.000263391	0.000641324	0.00018933	0.00103679	0.000548339	0.000242657	0.00195707	0.00164734	0.000261368	0.00837754	0.000927214	0.00253475	0.00018827	0.000319169
11	0.0384329	0.00369363	0.558753	0.151648	0.00436098	0.0520333	0.00874885	0.00621527	0.0084179	0.0124617	0.00831376	0.0233552	0.00670588	0.0119975	0.0106203	0.0502972	0.025159	0.0132285	0.00183009	0.0037276
12	0.0270359	0.00455731	0.000648258	0.00128651	0.0489887	0.00550635	0.00170673	0.363602	0.00115717	0.334173	0.045142	0.00124873	0.00114458	0.00589949	0.00171149	0.00708322	0.0154348	0.128515	0.00178478	0.00337371
13	0.0225035	0.00268037	0.000380734	0.00166855	0.00399505	0.908172	0.00128287	0.00511704	0.00205756	0.00783814	0.00307994	0.000559726	0.00264975	0.00335213	0.00196238	0.0141145	0.00551249	0.0115528	0.000945805	0.000574681
14	0.0403005	0.0086603	0.0581886	0.0114931	0.00620141	0.0122986	0.00435249	0.0141455	0.00229219	0.0157333	0.00823988	0.0123492	0.00241976	0.00388031	0.00341973	0.103244	0.658634	0.0287161	0.00159542	0.00383522
15	0.155751	0.0325579	0.00790145	0.00833784	0.00677059	0.0663774	0.00777556	0.0102755	0.00407901	0.0154233	0.0115008	0.0100321	0.00622097	0.00811336	0.00589629	0.50843	0.107564	0.0202496	0.00269216	0.00405144
16	0.0525041	0.0100243	0.00425801	0.00427449	0.0151715	0.0209551	0.0157743	0.0963776	0.00466095	0.0308924	0.0119106	0.00554602	0.210885	0.00727909	0.00438741	0.0254948	0.0428303	0.425092	0.0050846	0.00659776
17	0.0134785	0.00200855	0.000522923	0.00168543	0.0245053	0.00270502	0.000749999	0.231222	0.000542478	0.592502	0.0583344	0.000613191	0.000738128	0.00380613	0.00118308	0.0049262	0.00911208	0.0495156	0.000698743	0.00115029
18	0.0221782	0.00566956	0.00160109	0.010674	0.122959	0.00483111	0.046911	0.0078142	0.00177909	0.01312	0.00596562	0.0108343	0.00200002	0.005962	0.0145415	0.00694876	0.00882425	0.0195687	0.0496671	0.638151
19	0.550297	0.0107828	0.000511509	0.000915225	0.00170678	0.00950918	0.000884498	0.00504062	0.00064429	0.00283977	0.00470458	0.000675888	0.00817237	0.000951633	0.000839528	0.218543	0.122458	0.0575774	0.000574194	0.00237125
20	0.0186578	0.0175602	0.000312165	0.000341724	0.221721	0.00494458	0.000504649	0.1436	0.000322908	0.323367	0.0844381	0.00060322	0.000780411	0.00361215	0.000650834	0.0098927	0.0193726	0.110111	0.00154127	0.0376657
21	0.0681308	0.00468784	0.0118827	0.0137123	0.0166888	0.0376145	0.0280167	0.0263814	0.267659	0.0375761	0.0180114	0.0236766	0.0107285	0.0358781	0.251548	0.0650617	0.0274475	0.0355235	0.0131342	0.00664063
22	0.209985	0.00665929	0.00853892	0.0579861	0.0128009	0.0523837	0.0018056	0.0584908	0.00082163	0.054987	0.0397951	0.00997694	0.00741975	0.037536	0.0219173	0.154246	0.139441	0.114925	0.00408024	0.00620313
23	0.24358	0.0249774	0.000722563	0.00330866	0.00597255	0.0223465	0.00113274	0.110613	0.00042795	0.0776892	0.0482863	0.000893968	0.00269969	0.00118998	0.000480256	0.123103	0.157856	0.173573	0.0004531	0.000694426
24	0.0176228	0.00638677	0.000212151	0.000330659	0.0133985	0.000791632	0.000698386	0.456014	0.000244116	0.0370264	0.0095133	0.000323807	0.000347715	0.000418962	0.00032315	0.00596047	0.0128461	0.434237	0.000315312	0.00298919
25	0.0176204	0.00796765	0.000656361	0.000677147	0.196749	0.00803072	0.00507286	0.111568	0.000588821	0.32545	0.103897	0.00603739	0.00116111	0.0112221	0.00130608	0.00660394	0.0293767	0.0831458	0.00131231	0.081556
26	0.104558	0.00281121	0.00543628	0.0143812	0.00329602	0.700806	0.00607765	0.00258947	0.00513643	0.00824218	0.00424478	0.00822081	0.00286858	0.0110221	0.00489755	0.0847931	0.0202002	0.00859413	0.000761205	0.00106333
27	0.0915374	0.0292595	0.000327287	0.000417649	0.0728111	0.017281	0.000919813	0.228119	0.000484271	0.171453	0.0176878	0.00238958	0.000276261	0.000458771	0.000549	0.0327212	0.0492598	0.281424	0.00209354	0.000530007
28	0.0899269	0.0129589	0.000227098	0.00303873	0.0409228	0.00100467	0.000764925	0.105633	0.000806731	0.3346	0.0360903	0.000335265	0.000355616	0.00131226	0.00208322	0.0028455	0.0367391	0.318572	0.00180834	0.00997455
29	0.268355	0.116863	0.00158499	0.00146838	0.0028145	0.0853941	0.00223756	0.00502162	0.0014573	0.00615157	0.0166393	0.00261129	0.00160253	0.00200798	0.00197652	0.431412	0.0380152	0.011907	0.000796205	0.00168414
30	0.0139562	0.0066646	0.000210432	0.00135355	0.0331656	0.00193961	0.000353413	0.078696	0.000484394	0.660708	0.133358	0.000248077	0.00165641	0.00489045	0.000591274	0.0111839	0.012103	0.0323606	0.00190207	0.0041742
31	0.0200099	0.00117266	0.000123806	0.000197964	0.0171667	0.00100419	0.0045239	0.493099	0.000209034	0.0857097	0.0854509	0.000207555	0.000615777	0.00163287	0.000248963	0.00570843	0.0113056	0.268987	0.000594668	0.00203161
32	0.0265593	0.00460537	0.000324356	0.000783484	0.177162	0.0029456	0.00123637	0.262785	0.000673746	0.232661	0.0285044	0.000790601	0.0011468	0.00112906	0.000853126	0.00481459	0.013335	0.229588	0.00251962	0.0075828
33	0.0589685	0.0126225	0.00266719	0.00634508	0.0637354	0.0129145	0.0192356	0.017376	0.00301962	0.0604649	0.0246331	0.00686716	0.0048978	0.0112451	0.0277323	0.0381607	0.0326635	0.0250683	0.443311	0.128072
34	0.128444	0.0321906	0.00266088	0.000796969	0.00164259	0.0469118	0.00209173	0.0158387	0.000625505	0.0303213	0.0133491	0.0124491	0.00112163	0.00130393	0.00200183	0.321557	0.352674	0.0307342	0.00070325	0.00258107
35	0.00813167	0.00215714	0.000134719	0.00163619	0.0297169	0.000877965	0.00020762	0.0717157	0.000372585	0.686698	0.146686	0.000206168	0.00146655	0.00575738	0.00057371	0.00468272	0.00645411	0.0294856	0.000222789	0.00281644
36	0.0430243	0.00830321	0.000585045	0.00165209	0.0257521	0.0077092	0.000910855	0.324245	0.000637451	0.100068	0.114296	0.000816562	0.00058037	0.00102882	0.000740956	0.0188279	0.147352	0.19747	0.000640518	0.00536075
37	0.0277303	0.016699	0.000238763	0.000418024	0.0964185	0.00402512	0.000570052	0.123279	0.000393674	0.497947	0.10793	0.000562596	0.00126778	0.00337283	0.000767584	0.0144963	0.0199973	0.0679381	0.00923843	0.00670893
38	0.0230635	0.00608479	0.000216797	0.000643811	0.0128514	0.00113675	0.00157825	0.448139	0.000296057	0.0557725	0.0462665	0.000308252	0.000328764	0.000668671	0.000321542	0.00935964	0.0373435	0.352731	0.000299279	0.00259
39	0.0503258	0.010397	0.0019597	0.00335243	0.00655381	0.0263251	0.0258953	0.177313	0.00267057	0.0127861	0.00758824	0.00372235	0.0708603	0.00427431	0.00331608	0.0177112	0.0416429	0.526876	0.00251913	0.00391099
40	0.101774	0.0394785	0.0032775	0.000716015	0.00157736	0.0323872	0.002232	0.014051	0.000816456	0.0154256	0.0117637	0.0155577	0.00100379	0.00119606	0.00202279	0.322045	0.406843	0.0251513	0.000642728	0.00203876
41	0.0388469	0.00581206	0.000101576	0.000190225	0.059422	0.00383149	0.00133176	0.299195	0.000125938	0.176987	0.0357168	0.000322126	0.00198579	0.000326703	0.000200544	0.00462573	0.0134186	0.346805	0.00304806	0.00770736
42	0.0330354	0.0255123	0.0411619	0.154741	0.00999673	0.0591346	0.0456103	0.0115171	0.151062	0.0208127	0.0134848	0.0259079	0.00749161	0.188001	0.12055	0.0346163	0.0240716	0.0190734	0.00601933	0.00820064
43	0.0287869	0.00732832	0.00228459	0.0103906	0.0850427	0.00785258	0.0388055	0.0205982	0.0042499	0.0346044	0.0149869	0.0113401	0.00324369	0.00872272	0.0155945	0.0138973	0.0159273	0.0523973	0.0424868	0.58146
44	0.118807	0.00725439	0.0129316	0.0136382	0.012746	0.0321029	0.0063291	0.213199	0.0227082	0.121293	0.0523274	0.0098293	0.00490784	0.0143951	0.0179908	0.0548003	0.0453092	0.22891	0.000840744	0.00968031
45	0.110726	0.0237072	0.000128567	0.000159561	0.0608242	0.046466	0.000199356	0.099871	0.00412127	0.324009	0.0873739	0.000196585	0.000130324	0.00022415	0.000220044	0.0576654	0.0482615	0.11637	0.0173033	0.00204139
46	0.0235996	0.0244913	0.000252839	0.00033149	0.231128	0.00641353	0.000350836	0.154384	0.000316832	0.303666	0.0695659	0.000299652	0.000390769	0.0014229	0.000530285	0.01265	0.0189337	0.123355	0.0016544	0.0262626
47	0.0204682	0.000973656	0.000165551	0.000242467	0.0121651	0.000811187	0.00556865	0.510596	0.000241435	0.0672796	0.0841161	0.000260009	0.000501167	0.0017944	0.000314542	0.00620939	0.00894168	0.277008	0.000546771	0.00179582
48	0.0252652	0.0145995	0.000666781	0.00161817	0.035531	0.00354201	0.00123831	0.0440416	0.00247381	0.495214	0.282388	0.000877408	0.00256047	0.00538566	0.00107836	0.0101758	0.0468527	0.0183246	0.00202849	0.00613768
49	0.0345442	0.00260631	0.019009	0.0363157	0.0144544	0.0123693	0.0952956	0.0141298	0.14039	0.0343549	0.0123902	0.0583587	0.00846512	0.08005	0.291263	0.0529561	0.0408249	0.0250573	0.00630237	0.0208628
50	0.0542463	0.0113382	0.000402095	0.000805316	0.0552559	0.00885616	0.00136333	0.244824	0.00109898	0.240884	0.0630143	0.000553492	0.00113527	0.00162631	0.00100709	0.0115173	0.0259392	0.264745	0.00260668	0.00878103
51	0.112853	0.00230777	0.148022	0.0716396	0.00455543	0.128364	0.022277	0.00451104	0.00777207	0.0116376	0.00944349	0.0940706	0.00944425	0.0166957	0.0144347	0.246463	0.0770515	0.0157767	0.000936184	0.00174468
52	0.0234101	0.0020264	0.0339469	0.0514227	0.0161542	0.00770705	0.13413	0.0142416	0.109782	0.0346362	0.0106752	0.072595	0.00699415	0.0840214	0.261926	0.0455863	0.0386486	0.0193711	0.00408401	0.0286409
53	0.0148765	0.00367443	0.13146	0.107912	0.00277614	0.0176082	0.130772	0.00418647	0.184741	0.0141445	0.00301848	0.113139	0.0033737	0.0629298	0.165073	0.00513413	0.0248512	0.00555655	0.00101217	0.00376043
54	0.00813039	0.000534656	0.000174522	0.000498433	0.000822922	0.970275	0.00026748	0.000657959	0.000190408	0.0010834	0.000581433	0.000245059	0.00194659	0.00164006	0.000286997	0.00868713	0.000928279	0.00254509	0.000179811	0.000323951
55	0.0690237	0.00355448	0.084269	0.414198	0.00619278	0.0231702	0.0133321	0.00620763	0.0206915	0.0191608	0.0247451	0.00325411	0.0124447	0.161836	0.0208738	0.0568483	0.020062	0.0286572	0.00149021	0.00998815
56	0.00672205	0.00045284	0.000173875	0.000508179	0.000773694	0.972479	0.000264903	0.000609062	0.000223249	0.000998786	0.000557958	0.000263893	0.00195664	0.00167248	0.000264096	0.00807004	0.000941448	0.00256322	0.000185817	0.000318995
57	0.00952034	0.000485336	0.000345182	0.000709681	0.000765062	0.96423	0.000270033	0.000623516	0.000213349	0.00115244	0.000730373	0.000515307	0.00191137	0.00170346	0.000259359	0.0117443	0.0016751	0.00264914	0.000178747	0.000317667
58	0.0598028	0.00369298	0.00074814	0.0180166	0.00417603	0.00366642	0.00111896	0.266427	0.000921406	0.0546717	0.0166827	0.00138442	0.000927842	0.00152681	0.00144815	0.033894	0.254677	0.273662	0.000872427	0.00168351
59	0.0181938	0.0047317	0.000264227	0.000730903	0.0660359	0.00255407	0.000608109	0.118404	0.000387856	0.528373	0.127926	0.000624221	0.00373259	0.00662058	0.0009049	0.00581562	0.0111708	0.0851775	0.00221872	0.0155252
60	0.532571	0.0121152	0.000407382	0.000659808	0.00129046	0.00652703	0.000728448	0.00404698	0.000549019	0.00263726	0.00576978	0.000596242	0.00855703	0.000755869	0.000697129	0.272717	0.100813	0.0454967	0.000473054	0.00259186
61	0.0095027	0.00361967	0.000257282	0.00203248	0.0266478	0.00156365	0.000414729	0.0730257	0.000896637	0.625258	0.197932	0.000445891	0.00154645	0.00483923	0.000799661	0.0061056	0.0149371	0.0268389	0.000501663	0.00283466
62	0.0623563	0.0056806	0.00372764	0.00687996	0.0214489	0.0204995	0.0174458	0.0842735	0.0173503	0.262841	0.142054	0.006145	0.00792148	0.0220153	0.0374123	0.0527612	0.0807211	0.104134	0.0170194	0.0273134
63	0.253581	0.00238255	0.0211114	0.0315112	0.00640652	0.146289	0.0250091	0.00267173	0.00262048	0.0104075	0.00887453	0.0263453	0.00882119	0.0253206	0.00353113	0.337694	0.0725038	0.0128528	0.000948928	0.00111717
64	0.0388362	0.00277743	0.000125616	0.000666102	0.0609152	0.00297025	0.00143273	0.287381	0.000461672	0.211905	0.0387158	0.00017327	0.00177911	0.000982822	0.000513415	0.00240046	0.0124519	0.320837	0.00371011	0.0109652
65	0.0700179	0.0316619	0.00017606	0.000249616	0.0461356	0.0141968	0.00141453	0.24694	0.000201058	0.22307	0.0483416	0.000948698	0.00021623	0.000302305	0.000293985	0.0222811	0.0348039	0.257072	0.000839201	0.000837417
66	0.440816	0.0174812	0.00363621	0.00627501	0.00718977	0.291373	0.00238699	0.007245	0.00200349	0.0141278	0.00716521	0.00416085	0.00243132	0.00291919	0.00163133	0.136578	0.0292837	0.0211283	0.00090193	0.00126529
67	0.24331	0.0198835	0.000673994	0.00386703	0.00835303	0.0294719	0.000642744	0.102079	0.000398338	0.084886	0.0486152	0.000948054	0.00276771	0.00148747	0.000647157	0.120608	0.183302	0.146877	0.000373169	0.000809159
68	0.282353	0.140191	0.000543104	0.000746272	0.0019816	0.100806	0.000881492	0.00255168	0.000688594	0.00315767	0.0193829	0.000803044	0.00059046	0.00124725	0.00101335	0.420569	0.014976	0.00563841	0.000690954	0.00118748
69	0.0254428	0.00750465	0.000242979	0.00116069	0.0643622	0.00458588	0.000391915	0.0596674	0.000488959	0.597081	0.170606	0.000365056	0.00254843	0.00661448	0.000445352	0.00853981	0.0121962	0.0269712	0.00179951	0.00898461
70	0.0236341	0.014222	0.000199846	0.000405771	0.17825	0.00521902	0.000598745	0.202146	0.000462431	0.335554	0.0602744	0.000782514	0.000579413	0.00157514	0.000718476	0.00927266	0.0139348	0.132606	0.00241699	0.0171474
71	0.0235996	0.0244913	0.000252839	0.00033149	0.231128	0.00641353	0.000350836	0.154384	0.000316832	0.303666	0.0695659	0.000299652	0.000390769	0.0014229	0.000530285	0.01265	0.0189337	0.123355	0.0016544	0.0262626
72	0.513623	0.0161981	0.00133071	0.0028187	0.0164747	0.322335	0.0012852	0.0108375	0.00118757	0.0164797	0.00704871	0.00182722	0.00406523	0.00165072	0.00108981	0.0421437	0.0214622	0.016281	0.000771014	0.00109026
73	0.0204327	0.00249888	0.66862	0.217003	0.00349804	0.0106661	0.00176944	0.00520161	0.00168769	0.00745658	0.00438752	0.00166115	0.00177611	0.00395398	0.00198611	0.0195915	0.0178466	0.00636229	0.00146438	0.00213601
74	0.220541	0.0448535	0.000976273	0.00391144	0.00204743	0.408986	0.0011209	0.00266904	0.00112559	0.00582873	0.00773489	0.00149839	0.00076208	0.0018404	0.00123228	0.253519	0.0190493	0.0202177	0.000934058	0.00115182
75	0.0386135	0.00563775	0.000204942	0.000218379	0.0337249	0.00278264	0.00137773	0.322268	0.000265938	0.125282	0.0827193	0.000290637	0.001088	0.000667239	0.000381111	0.00754508	0.0458591	0.324393	0.000995773	0.00568478
76	0.0382942	0.00656725	0.000193655	0.000624719	0.0609732	0.0064851	0.000761753	0.260145	0.000405688	0.360046	0.0425358	0.000851016	0.000686128	0.000982602	0.000704794	0.00565812	0.0134847	0.195576	0.00135556	0.00366858
77	0.0489368	0.0122052	0.0431744	0.00904066	0.00432488	0.0138053	0.00575989	0.0161025	0.00308764	0.0142994	0.00736497	0.0145721	0.00253444	0.0042156	0.00674751	0.170728	0.589756	0.0284127	0.00163207	0.00329962
78	0.0346039	0.00582777	0.00798508	0.0090145	0.0118668	0.015639	0.00554952	0.022581	0.00686461	0.0142095	0.00200364	0.00123591	0.708214	0.00576797	0.00685412	0.0481413	0.054297	0.022875	0.0103818	0.00608784
79	0.538718	0.0100252	0.00147851	0.00254637	0.00282698	0.0236082	0.00199444	0.0100989	0.00101491	0.00696386	0.00510404	0.00190265	0.0296417	0.00277183	0.00200268	0.20715	0.0700231	0.0755214	0.000940236	0.00566629
80	0.0145084	0.000454631	0.000173591	0.000259841	0.00608036	0.000609328	0.00569487	0.569866	0.000264644	0.0541424	0.0951457	0.000266582	0.000285351	0.00196017	0.00029001	0.00696571	0.00728661	0.234875	0.000286078	0.000584495
81	0.0331702	0.0095841	0.021791	0.00403804	0.0029428	0.00968747	0.00187598	0.00586041	0.00104642	0.00805118	0.00515727	0.00484475	0.00130538	0.00171869	0.00179846	0.377335	0.493996	0.0132774	0.000931439	0.00158722
82	0.0358165	0.00779372	0.000273408	0.000420241	0.0321265	0.00429985	0.00217965	0.339325	0.000533156	0.171542	0.0668997	0.00035441	0.00112763	0.00102212	0.000541323	0.00781062	0.0222359	0.300372	0.00121005	0.00411714
83	0.00403905	0.00121315	0.000135625	0.00196404	0.0218115	0.000397679	0.000188022	0.0854802	0.000221012	0.738379	0.0995879	0.000163572	0.000690597	0.00227754	0.000707427	0.00419119	0.00475996	0.0327079	0.000183878	0.000900749
84	0.134319	0.0150359	0.00318679	0.00610161	0.00303442	0.54521	0.00236527	0.0035965	0.00187423	0.00815734	0.00599483	0.00425145	0.00167176	0.00334682	0.0017124	0.222131	0.0206692	0.0141686	0.00111629	0.0020565
85	0.657068	0.0126493	0.00221584	0.00305017	0.00272236	0.0422157	0.00185073	0.00551909	0.000678399	0.00496782	0.00388734	0.00248504	0.00358327	0.00189859	0.000834109	0.169474	0.0495651	0.0326654	0.00085245	0.00181715
86	0.0358657	0.00497446	0.000216309	0.000232306	0.0306583	0.00244604	0.00165168	0.338015	0.00027007	0.114813	0.0886231	0.000305126	0.00101499	0.000822092	0.000386464	0.00803634	0.0475411	0.317452	0.000881192	0.00579556
87	0.0583217	0.00295164	0.104169	0.451443	0.00285675	0.0218208	0.00971941	0.00291124	0.0167366	0.0157624	0.0146215	0.00149331	0.0137412	0.159156	0.0159309	0.0534533	0.0182484	0.0277038	0.00078847	0.00817027
88	0.00810821	0.000582639	0.000649386	0.000845146	0.0010072	0.961904	0.0004997	0.00134735	0.000290031	0.00185456	0.000835061	0.000899761	0.00426071	0.0018996	0.000470381	0.00879947	0.0017826	0.00280526	0.000297117	0.000861772
89	0.00341027	0.00104989	0.000136109	0.00211372	0.0201339	0.000362331	0.000190785	0.0913047	0.000178773	0.74691	0.088005	0.000170638	0.000470394	0.00160536	0.000807492	0.00436914	0.00476455	0.0333501	0.000168049	0.000499048
90	0.193451	0.000544853	0.029359	0.0677227	0.000875365	0.0847048	0.0688512	0.00104239	0.0547685	0.0365709	0.00847477	0.0526999	0.00594134	0.0601906	0.0892768	0.156105	0.0557531	0.0306787	0.00134973	0.00163892
91	0.10181	0.00490798	0.0136974	0.0175647	0.0117659	0.0358784	0.00658728	0.233877	0.0297062	0.117004	0.0458993	0.00700907	0.00546919	0.016042	0.0226108	0.0555826	0.0278132	0.234747	0.000420848	0.0116061
92	0.363255	0.00229008	0.0441328	0.051066	0.060764	0.00724485	0.00313667	0.00577943	0.00157942	0.0224841	0.0176788	0.0445535	0.00155168	0.0159601	0.00212664	0.172719	0.129179	0.0365403	0.0158514	0.0021081
93	0.0686341	0.001081	0.0501294	0.052058	0.00419437	0.0218407	0.0370073	0.00251706	0.0402935	0.0187692	0.00260238	0.00215844	0.560472	0.0265314	0.033533	0.0501576	0.0164256	0.00820173	0.000750582	0.00264249
94	0.196006	0.000521555	0.0292355	0.0660959	0.000692619	0.0851846	0.0685999	0.000926529	0.0549703	0.0362314	0.00787227	0.0530189	0.00593405	0.0595205	0.0887068	0.157248	0.0557038	0.030824	0.00129999	0.00140757
95	0.0312683	0.0130678	0.000234838	0.000368579	0.179663	0.00758408	0.00267825	0.0830863	0.000364561	0.446105	0.0971372	0.00087718	0.00116836	0.00384735	0.000863465	0.0133047	0.020694	0.0612994	0.00991111	0.0264773
96	0.102804	0.00597712	0.00044129	0.000550255	0.0283173	0.0240741	0.000717411	0.340594	0.000564901	0.347488	0.0122222	0.000479482	0.000497849	0.000785252	0.000670524	0.00204266	0.00939963	0.120656	0.00102707	0.000690662
97	0.522001	0.0155661	0.000433246	0.00064897	0.0013564	0.00618857	0.000769072	0.00383776	0.000579066	0.00243058	0.00608567	0.000581014	0.00777247	0.000900435	0.00075442	0.283206	0.101023	0.0429419	0.000551432	0.00237222
98	0.048738	0.0213313	0.000155397	0.00022547	0.0105972	0.00944463	0.00120738	0.266567	0.000214071	0.26994	0.0755581	0.000240131	0.000182778	0.00030586	0.000332458	0.0131512	0.0284649	0.252835	0.000164982	0.00034431
99	0.211407	0.0149134	0.000147955	0.00021318	0.0373448	0.0841196	0.000254883	0.102235	0.000244049	0.23822	0.0207688	0.000229963	0.00183164	0.000280184	0.000213805	0.0328765	0.0578472	0.1924	0.00315923	0.00129207
100	0.0148983	0.00271787	0.000158958	0.000283473	0.00786363	0.000647208	0.00346388	0.538903	0.000253147	0.0436082	0.0557311	0.000247846	0.000260221	0.00112746	0.000306868	0.0075356	0.00938687	0.310959	0.000272346	0.00137477
101	0.0399941	0.0132627	0.000138435	0.00068126	0.0145713	0.00698545	0.000946134	0.253038	0.000252175	0.365205	0.0725037	0.000270829	0.000301012	0.000659049	0.000521739	0.0096855	0.0296307	0.190043	0.000328259	0.000982524
102	0.0923934	0.0288284	0.000199111	0.000265768	0.0778451	0.0165563	0.000799617	0.226819	0.000270922	0.169591	0.015526	0.00245675	0.000248943	0.000420642	0.000397114	0.0313413	0.050312	0.28304	0.00230564	0.000382129
103	0.225768	0.0242584	0.00049692	0.000947202	0.0361719	0.30505	0.000857331	0.0403692	0.00053093	0.129577	0.0283046	0.000808902	0.00549428	0.000984648	0.000830543	0.0695128	0.0358669	0.0918285	0.000894712	0.00144756
104	0.0394837	0.00637078	0.000261844	0.000728288	0.0469401	0.00552577	0.00107893	0.260359	0.000571202	0.318117	0.0478113	0.000518944	0.000782891	0.000949802	0.000831589	0.00603538	0.0150804	0.242512	0.00154104	0.00450086
105	0.00280509	0.000930985	0.00021622	0.000453874	0.622656	0.00177108	0.00197913	0.00279275	0.000310834	0.0206045	0.00451798	0.000483102	0.000359373	0.000813364	0.000701432	0.00214223	0.00425991	0.00742224	0.00504856	0.319732
106	0.111816	0.0237795	0.000128932	0.000204238	0.0612294	0.046417	0.000202688	0.0992586	0.00428299	0.322485	0.0872662	0.000214977	0.000132305	0.00025071	0.000230283	0.0578222	0.0479776	0.116275	0.0178567	0.00216971
107	0.0359772	0.00413904	0.000103291	0.000182808	0.0557855	0.0031889	0.00142636	0.303675	0.00012679	0.173552	0.0398747	0.000161419	0.00223832	0.000383366	0.000193085	0.00337256	0.0123081	0.35181	0.00310176	0.00839932
108	0.0168906	0.00544102	0.00224077	0.0222917	0.00741102	0.00782931	0.0160975	0.00868286	0.00367836	0.0150795	0.00820724	0.00314611	0.00248671	0.821126	0.00942655	0.0180117	0.0119164	0.0132495	0.00303843	0.00374863
109	0.0928786	0.00227311	0.00142117	0.0021068	0.0552445	0.0170882	0.0592272	0.0050357	0.264059	0.00705859	0.00493117	0.00191158	0.0299566	0.0445572	0.0898551	0.253249	0.00726579	0.0196871	0.0274484	0.0147449
110	0.00717475	0.00175993	0.00224442	0.00305542	0.0763209	0.00262033	0.24608	0.0254226	0.090351	0.0617411	0.012898	0.0223882	0.000954501	0.0185339	0.302874	0.0325225	0.00471744	0.00655746	0.0180923	0.0636915
111	0.00798932	0.000553146	0.000180752	0.000704076	0.000785667	0.969404	0.000261385	0.00061396	0.00020361	0.00100911	0.000753649	0.000279173	0.00197029	0.00164331	0.00027673	0.00899923	0.00115683	0.00259273	0.000234521	0.000388733
112	0.154431	0.0226647	0.0108483	0.00352434	0.00309562	0.0210143	0.00415085	0.0177427	0.00175913	0.0176147	0.010607	0.0173866	0.00859063	0.00262216	0.00472692	0.264569	0.378186	0.0513448	0.00118812	0.00393377
113	0.166628	0.00190721	0.0397975	0.177011	0.00358768	0.3445	0.0145952	0.00375033	0.036247	0.00819581	0.0133475	0.0381474	0.00250905	0.00646161	0.0263955	0.0925817	0.0141518	0.00706024	0.00116485	0.00196075
114	0.068358	0.00496039	0.0132426	0.0142551	0.0169864	0.0408495	0.0244643	0.0298363	0.261134	0.0434481	0.0187942	0.0251402	0.0082318	0.02738	0.256401	0.0575749	0.0285999	0.0411813	0.013255	0.00590702
115	0.0144763	0.000467705	0.000176005	0.000263102	0.00599752	0.000625243	0.00571308	0.570538	0.000266012	0.0536917	0.0947457	0.000268419	0.000286095	0.00196424	0.000289498	0.00697532	0.00715404	0.235232	0.00029126	0.000579006
116	0.217661	0.0155796	0.00375801	0.00799133	0.00194758	0.452724	0.00238259	0.0025973	0.00237084	0.00865175	0.0069359	0.00485612	0.00111976	0.00398648	0.00180296	0.214671	0.0313036	0.0176408	0.000814437	0.00120438
117	0.0681484	0.00508111	0.0133235	0.0144577	0.0164011	0.0398846	0.025094	0.0294565	0.263254	0.0426714	0.0187371	0.0257946	0.00844971	0.0278376	0.25581	0.0578086	0.027799	0.0404643	0.0135285	0.00599767
118	0.0374449	0.00874965	0.00565966	0.00622888	0.0351338	0.0199475	0.00948515	0.030204	0.00591294	0.0502658	0.010373	0.00367631	0.605517	0.00744028	0.00684138	0.0448543	0.0558083	0.0374895	0.0101781	0.00878929
119	0.016945	0.00657422	0.000244047	0.000340685	0.0128081	0.000742103	0.000617926	0.458667	0.000249616	0.0333608	0.00812957	0.000300129	0.000329623	0.000411412	0.000327231	0.00619764	0.0134664	0.437196	0.000274957	0.00281779
120	0.0100363	0.0170584	0.00124764	0.00170885	0.0117678	0.00408391	0.00196704	0.0792475	0.00236131	0.0841159	0.651789	0.00194967	0.00117353	0.00204547	0.00170486	0.00656379	0.103623	0.0138297	0.00139172	0.00233475
121	0.0944213	0.017916	0.000252125	0.00203717	0.0309267	0.000832782	0.000346345	0.0771938	0.000268285	0.350547	0.036227	0.000496	0.000273393	0.000446973	0.00183726	0.00363487	0.0401065	0.335495	0.000319918	0.00642202
122	0.0924987	0.017568	0.000239517	0.00201315	0.0316726	0.00109184	0.000341006	0.0826026	0.000248992	0.347026	0.0363212	0.000388336	0.000259181	0.000423701	0.00177423	0.00378657	0.0398491	0.335335	0.000320574	0.00623971
123	0.0294089	0.00735263	0.00117551	0.0084738	0.168533	0.00322737	0.0406274	0.00565739	0.00122818	0.0149323	0.00488486	0.00861277	0.00138354	0.00488114	0.01219	0.00670108	0.00645765	0.00908981	0.251389	0.413793
124	0.0293832	0.00843931	0.00142764	0.0013377	0.433854	0.0129222	0.0127155	0.0392973	0.00182261	0.190042	0.0399256	0.00338142	0.00231784	0.00509841	0.00469312	0.0155943	0.0370876	0.065363	0.0219963	0.0733008
125	0.214171	0.0147227	0.000141572	0.000186356	0.038733	0.0817963	0.000228641	0.0986739	0.000176667	0.241844	0.0212338	0.000226688	0.00198766	0.00026315	0.000203678	0.0355553	0.0599994	0.185489	0.00302203	0.00134488
126	0.155081	0.00147165	0.000945443	0.00108301	0.00244264	0.00256679	0.000937113	0.0129019	0.000914796	0.0633962	0.0360639	0.00117179	0.0010628	0.00172007	0.00104035	0.148528	0.242287	0.31595	0.00899876	0.00143698
127	0.0110819	0.00317731	0.00150666	0.00200442	0.0044253	0.00437773	0.00246208	0.552385	0.00160444	0.332484	0.0215593	0.00187869	0.00153546	0.0161128	0.00225246	0.00652969	0.0211828	0.00980155	0.00151108	0.00212681
128	0.552793	0.010957	0.00044399	0.000708744	0.021549	0.327915	0.00078069	0.012216	0.000517738	0.0177462	0.00747937	0.000654298	0.00532661	0.000790954	0.000616988	0.0146768	0.0154864	0.00791279	0.000617694	0.000810759
129	0.214093	0.0146956	0.000140817	0.000186177	0.0385751	0.0819803	0.000221586	0.0991167	0.000180808	0.241194	0.0211176	0.000223607	0.00195365	0.000264672	0.000204018	0.0353227	0.0598772	0.186247	0.00306988	0.0013366
130	0.105385	0.0230535	0.000113346	0.00015688	0.0614686	0.0479788	0.000210801	0.105097	0.00376427	0.336159	0.0852759	0.000190781	0.000131362	0.000215006	0.000189987	0.0570977	0.0486959	0.109792	0.0134238	0.00160043
131	0.122435	0.00460826	0.000841889	0.00221888	0.00332129	0.797412	0.000440978	0.00337658	0.00123934	0.0058605	0.00268564	0.00152342	0.00197946	0.0019438	0.0013201	0.0310085	0.00921466	0.00744913	0.000458224	0.000662088
132	0.100886	0.00514766	0.00036631	0.000504292	0.030957	0.0292083	0.000541403	0.292629	0.000432609	0.366897	0.0129975	0.000428128	0.000381779	0.000540023	0.000600902	0.00174873	0.0110821	0.142594	0.00112961	0.000927859
133	0.331366	0.0137709	0.00234591	0.00579374	0.0200267	0.217983	0.00247096	0.0554492	0.00246579	0.0741453	0.0482611	0.00305235	0.00342428	0.00522528	0.00427503	0.0545561	0.0959119	0.0478478	0.00670735	0.00492206
134	0.0194431	0.00034071	0.000157592	0.00023071	0.0924063	0.00251047	0.000279531	0.272038	0.000172793	0.426283	0.027718	0.00178302	0.000447916	0.000297376	0.000624122	0.00206411	0.001883	0.149702	0.000262719	0.00135515
135	0.00611726	0.00164778	0.0572762	0.00115566	0.0118506	0.00300817	0.0110388	0.00342665	0.000946621	0.0432705	0.00288804	0.616105	0.00109728	0.00162747	0.00117237	0.196201	0.00545897	0.0145705	0.0101309	0.0110106
136	0.0340316	0.00611762	0.00672601	0.00716377	0.0117592	0.0158009	0.00503397	0.0245215	0.00608648	0.0141767	0.00229229	0.00112836	0.71139	0.00483934	0.00616769	0.046636	0.0560127	0.023319	0.0105519	0.0062447
137	0.0539122	0.0111288	0.000556065	0.0100946	0.00762787	0.0205134	0.0721029	0.0955916	0.0118631	0.116522	0.0966608	0.00109441	0.000713998	0.001189	0.059937	0.0132803	0.0456293	0.10525	0.0925332	0.1838
138	0.0259752	0.00514465	0.000835241	0.0248	0.0573998	0.00221442	0.126629	0.00330873	0.000891405	0.0125916	0.0026012	0.024449	0.000875907	0.00993437	0.0321403	0.00371882	0.00363156	0.00591307	0.0919637	0.564982
139	0.534209	0.0105314	0.00054987	0.00099008	0.019475	0.339541	0.000874648	0.0155904	0.00073202	0.0199904	0.00786646	0.000814861	0.00485749	0.00102806	0.000783696	0.0153918	0.0162882	0.00855027	0.000920856	0.00101451
140	0.0585242	0.00197292	0.000202084	0.00288177	0.0877808	0.00208226	0.00309312	0.258287	0.00238304	0.217105	0.0259714	0.00032013	0.00130471	0.00474355	0.00236173	0.00217923	0.011737	0.28881	0.00888902	0.0193707
141	0.126773	0.000881926	0.042901	0.112384	0.0100046	0.05519	0.0985791	0.00514579	0.0355769	0.0552844	0.039894	0.0488453	0.00260658	0.0846248	0.0994078	0.10886	0.037644	0.0177153	0.00446384	0.0132184
142	0.0131633	0.00634963	0.000312378	0.000446675	0.454634	0.0106528	0.0189708	0.0263705	0.000432571	0.18178	0.0582451	0.00137311	0.000426937	0.00418349	0.00320158	0.0100157	0.0149241	0.0412752	0.0162322	0.13701
143	0.027423	0.0200775	0.000212465	0.000375054	0.139243	0.00450804	0.000427316	0.129751	0.00034786	0.441951	0.0983581	0.000337206	0.000934242	0.00214734	0.000714779	0.0144622	0.0194118	0.0810641	0.00865828	0.00959518
144	0.0901247	0.0051301	0.010096	0.0151236	0.0187781	0.0284619	0.0212273	0.154299	0.0240266	0.176536	0.067007	0.00954557	0.0117469	0.0249875	0.0301614	0.0498803	0.0667632	0.169784	0.00700161	0.019319
145	0.277208	0.00795338	0.00803769	0.0136882	0.00224312	0.355478	0.00417068	0.00232397	0.00268602	0.0127656	0.0110386	0.00855318	0.00156588	0.00577076	0.00172437	0.220927	0.0457189	0.0164276	0.000634338	0.00108447
146	0.0135732	0.00630508	0.000313944	0.000334199	0.463877	0.0100015	0.0175551	0.0258626	0.000344445	0.182642	0.053542	0.000587692	0.000315934	0.00360642	0.00316116	0.0102147	0.0137717	0.0429535	0.0184529	0.132584
147	0.08496	0.00151059	0.000631466	0.00783691	0.122812	0.00231084	0.00728221	0.216485	0.00794809	0.222006	0.020127	0.000914491	0.000796429	0.0134673	0.00732413	0.00359425	0.018942	0.229832	0.0114805	0.0197397
148	0.111967	0.00554912	0.0109401	0.0135963	0.0105033	0.0296308	0.00574802	0.230924	0.0256906	0.126623	0.0406958	0.0060558	0.00440766	0.0160574	0.0177683	0.0688605	0.0290034	0.23647	0.000677892	0.00883112
149	0.00701918	0.00232409	0.000123807	0.00166926	0.030893	0.000739248	0.000226712	0.0758366	0.00031766	0.696526	0.131327	0.000244864	0.00131507	0.00435165	0.000611279	0.00436399	0.00609487	0.0328702	0.00048568	0.00265943
150	0.259981	0.0542018	0.00178379	0.00377871	0.00280231	0.363348	0.00142627	0.00316332	0.00110597	0.00781499	0.00867484	0.00227012	0.000902366	0.00206856	0.0012075	0.239245	0.022917	0.0214385	0.000758625	0.00111117
151	0.28287	0.00238362	0.0233186	0.0214845	0.00513114	0.176745	0.0159467	0.00182639	0.000826368	0.0134704	0.0131311	0.0245614	0.00627238	0.0128167	0.000672226	0.313896	0.07032	0.0127922	0.000688078	0.000846969
152	0.0734029	0.0306987	0.000809925	0.00259786	0.00933114	0.00480477	0.00634328	0.275317	0.000817923	0.0357629	0.0306088	0.00128202	0.00298547	0.00124551	0.00107253	0.0446665	0.0886878	0.385989	0.000897354	0.00267896
153	0.02868	0.00926852	0.000624931	0.00125898	0.206325	0.00492973	0.00181228	0.212999	0.000923718	0.218225	0.0362943	0.000908867	0.00130054	0.00191575	0.00132165	0.00826536	0.0169216	0.231449	0.00368531	0.0128905
154	0.0104299	0.00333722	0.00040792	0.00189653	0.0316875	0.00238024	0.000569807	0.0929198	0.000406998	0.693056	0.0997963	0.000530161	0.00107071	0.00293266	0.000871454	0.00614029	0.00867475	0.0394818	0.000846469	0.00256317
155	0.388867	0.205893	0.00140734	0.00199715	0.00429523	0.00611843	0.00220573	0.00757247	0.00154404	0.00819939	0.00497011	0.00206511	0.00162973	0.00263128	0.00225565	0.151037	0.0998169	0.103553	0.00149489	0.00244684
156	0.0361001	0.00430153	0.000152415	0.000268073	0.0574909	0.00331522	0.00141937	0.306377	0.000232088	0.179129	0.0422257	0.000248261	0.00191344	0.000501885	0.000298517	0.00444127	0.0139201	0.337378	0.00276081	0.00752632
157	0.0407975	0.00846399	0.0540554	0.010902	0.00549311	0.0113488	0.00380372	0.0128967	0.00212509	0.0147966	0.00701551	0.0128941	0.00241266	0.00419057	0.00364811	0.113155	0.660337	0.0263819	0.00213561	0.00314638
158	0.00779412	0.000590995	0.000171255	0.000519861	0.000866148	0.968647	0.000297763	0.000825322	0.000188959	0.00131395	0.000676826	0.000252014	0.00195035	0.00163808	0.000259651	0.0085001	0.00230752	0.00269312	0.000192127	0.000314685
159	0.413451	0.0757707	0.000790295	0.00144291	0.00591106	0.312255	0.00144661	0.00401061	0.000826104	0.0143015	0.00301484	0.0012142	0.00124736	0.00177312	0.00137597	0.0308141	0.0509139	0.0770898	0.000909549	0.00144112
160	0.0573171	0.00523019	0.117534	0.439783	0.00688786	0.0266407	0.0124263	0.00895067	0.0169179	0.0218256	0.015754	0.00736804	0.0117889	0.114217	0.0206775	0.0542943	0.0243507	0.0276179	0.00249453	0.0079242
161	0.741459	0.00952312	0.000453947	0.000729243	0.00244544	0.046825	0.000937915	0.0080234	0.000428738	0.00684861	0.00344913	0.000852692	0.00202404	0.00134518	0.000621151	0.0954429	0.04124	0.0356974	0.000626141	0.00102695
162	0.0414478	0.00682386	0.00221005	0.00429187	0.0214044	0.0125414	0.00636943	0.0434596	0.0302527	0.322838	0.360911	0.0049589	0.006086	0.0155484	0.0138385	0.0248921	0.0391421	0.0317938	0.00392264	0.0072676
163	0.00481486	0.00178994	0.000287254	0.000638681	0.577201	0.00271165	0.00439975	0.00589377	0.00041924	0.0354245	0.0103282	0.00124434	0.000511637	0.00150722	0.000982054	0.00351931	0.00808447	0.0117456	0.00681335	0.321683
164	0.556124	0.012987	0.000921649	0.00196242	0.00347152	0.0243941	0.00117445	0.0191907	0.000878357	0.0173603	0.0111135	0.00191798	0.00702107	0.00195488	0.00141188	0.145089	0.105045	0.084515	0.00111431	0.00235257
165	0.021824	0.00317161	0.660628	0.18343	0.00426016	0.0159571	0.00482707	0.00660114	0.00510757	0.00920135	0.00528456	0.00738906	0.00322819	0.00480557	0.00604444	0.0246993	0.0212871	0.00792419	0.00164182	0.00268804
166	0.00874094	0.00269068	0.000389246	0.00477274	0.0236263	0.00154029	0.000578599	0.0745106	0.00140823	0.631365	0.198115	0.000404658	0.00124441	0.0042979	0.000930085	0.00658905	0.00961233	0.0261198	0.00038543	0.00267908
167	0.0183527	0.0015924	0.000305658	0.000907302	0.000901416	0.942314	0.000432756	0.000891366	0.000268186	0.00159179	0.000907085	0.000382367	0.00194967	0.00161074	0.000326	0.020439	0.00240469	0.00372678	0.000261786	0.000434716
168	0.0494591	0.0117214	0.0183552	0.0260958	0.034021	0.0245091	0.318532	0.0282941	0.0432524	0.0443063	0.0226068	0.0347026	0.015488	0.0358809	0.0905765	0.0472082	0.0456706	0.0384502	0.0173367	0.0535332
169	0.0462858	0.0145902	0.000660059	0.00121798	0.191178	0.0150234	0.00262359	0.153016	0.00158161	0.277174	0.0539815	0.00165207	0.00128135	0.00352967	0.00167806	0.0172492	0.0375029	0.148633	0.00775703	0.0233847
170	0.137853	0.00240868	0.0754133	0.115257	0.00420819	0.288825	0.0175193	0.00373171	0.0211371	0.0130286	0.0110182	0.0621322	0.00603511	0.0161813	0.0211603	0.151103	0.0369466	0.0131797	0.000964723	0.00189822
171	0.145514	0.0163503	0.00246889	0.00354955	0.00548025	0.0242685	0.00458995	0.0480581	0.291716	0.0110945	0.00655677	0.00441068	0.0299486	0.00673699	0.333536	0.0127658	0.0360952	0.0108823	0.00302984	0.00294751
172	0.0681484	0.00508111	0.0133235	0.0144577	0.0164011	0.0398846	0.025094	0.0294565	0.263254	0.0426714	0.0187371	0.0257946	0.00844971	0.0278376	0.25581	0.0578086	0.027799	0.0404643	0.0135285	0.00599767
173	0.476729	0.010943	0.000881074	0.00109216	0.00288501	0.0148467	0.00158846	0.008295	0.000985139	0.0051718	0.00462275	0.00111466	0.0801228	0.00159683	0.00122033	0.225863	0.0841141	0.071256	0.00126671	0.00540548
174	0.0191923	0.00157092	0.000296416	0.00052315	0.00985355	0.00144209	0.00499372	0.524315	0.000383039	0.0690007	0.0946457	0.000316401	0.000388078	0.00204338	0.00043307	0.00786369	0.0164244	0.24444	0.00042711	0.00144777
175	0.0346123	0.00164397	0.00401246	0.0146396	0.00333195	0.0131483	0.0022149	0.0388955	0.0619966	0.0518029	0.019772	0.00477821	0.000875902	0.240993	0.366128	0.0617223	0.0178006	0.0477028	0.0112227	0.00270589
176	0.0593636	0.00885185	0.0026041	0.00946209	0.0233565	0.0203306	0.0302864	0.103233	0.0177649	0.21375	0.0945709	0.00442455	0.00430628	0.0121765	0.0576815	0.0362705	0.0734045	0.11914	0.0406533	0.0683684
177	0.278408	0.00282803	0.0206046	0.0179098	0.00392734	0.214349	0.0132432	0.00239894	0.00156769	0.0122602	0.0111399	0.0214786	0.00584718	0.0115318	0.00123934	0.294296	0.0738907	0.0116071	0.000566336	0.000906436
178	0.0578513	0.00984282	0.00178465	0.00638117	0.0871336	0.00716557	0.0296764	0.0102407	0.00206324	0.0453289	0.0188984	0.00680084	0.00201067	0.00800541	0.0275974	0.0260713	0.0209225	0.0138689	0.383401	0.234956
179	0.0129624	0.00646572	0.00030349	0.0003201	0.458113	0.0101127	0.0184961	0.0262704	0.000347814	0.183871	0.0559568	0.000950705	0.000322034	0.00394222	0.00332879	0.0102788	0.0144554	0.0415614	0.0166659	0.135275
180	0.151473	0.0436023	0.00126537	0.00238789	0.116753	0.170872	0.00108079	0.0598132	0.000883895	0.0852923	0.008591	0.00225804	0.000897518	0.00397295	0.00163291	0.105252	0.0624443	0.115512	0.028506	0.037509
181	0.0234784	0.0244052	0.00025164	0.000331416	0.230582	0.00638486	0.000351029	0.154855	0.000316643	0.304267	0.0695097	0.000299393	0.000382071	0.00142229	0.000524144	0.0126171	0.0188435	0.12337	0.00166083	0.0261479
182	0.345783	0.0297475	0.00149112	0.00268482	0.00761833	0.00851428	0.00355683	0.10647	0.00223716	0.0155324	0.00876622	0.00401491	0.00258517	0.00468625	0.00294849	0.0181668	0.0357055	0.39157	0.0017162	0.00620512
183	0.0973373	0.0196846	0.000656878	0.000787372	0.291423	0.0360698	0.00135566	0.0147198	0.000653337	0.284789	0.184117	0.000731852	0.000652609	0.00138654	0.000956205	0.0101682	0.00405668	0.00612041	0.00134534	0.0429884
184	0.0294172	0.00732787	0.000753017	0.000908518	0.0132684	0.0139757	0.00109734	0.028605	0.000706465	0.0140814	0.00186011	0.000864562	0.723543	0.00124497	0.000765962	0.0483948	0.0665124	0.0266062	0.0129606	0.00710625
185	0.279523	0.152505	0.000644722	0.000752937	0.00202648	0.0963446	0.00101477	0.00262562	0.000744922	0.00330824	0.023018	0.000890224	0.000619647	0.00137783	0.00105632	0.412363	0.0135454	0.00556785	0.000697115	0.00137401
186	0.0652458	0.0106548	0.000523085	0.00174164	0.0430857	0.0078815	0.00153257	0.163235	0.00101587	0.345319	0.0453529	0.00133183	0.00141416	0.00167081	0.00171914	0.0102478	0.028727	0.261082	0.00232193	0.00589677
