265	20
1	0.0839274	0.00373344	0.0258156	0.028398	0.011978	0.0309581	0.021874	0.078327	0.063444	0.0980545	0.070146	0.0308678	0.0109226	0.0512355	0.113672	0.0612764	0.105914	0.092417	0.00136771	0.0156712
2	0.0129723	0.000463337	0.000725368	0.000747405	0.00531641	0.000789248	0.00332099	0.545538	0.00103644	0.0593594	0.0248585	0.000972077	0.000583321	0.00206761	0.000949749	0.00961639	0.0168136	0.306945	0.000273086	0.00665124
3	0.00914002	0.00117119	0.000795365	0.000856172	0.0271032	0.000828344	0.000628756	0.169074	0.000801712	0.592372	0.0213766	0.00106375	0.00633705	0.00135217	0.00332463	0.00179397	0.0050425	0.150338	0.000493184	0.00610692
4	0.0960543	0.00832555	0.0272772	0.0339748	0.00669812	0.0290164	0.0106578	0.0107365	0.236018	0.0325767	0.0143685	0.0464277	0.0190382	0.058282	0.0934149	0.19072	0.0566566	0.0229742	0.00207611	0.00470662
5	0.0877481	0.0107841	0.021309	0.0251886	0.00682231	0.469054	0.00878777	0.0136414	0.0316988	0.019381	0.0127938	0.0478834	0.0132394	0.0243792	0.024216	0.118671	0.0369348	0.0185302	0.00334221	0.00559509
6	0.00722036	0.00084285	0.000846827	0.000933573	0.00811817	0.000856406	0.00308961	0.582846	0.00103539	0.0821448	0.0599276	0.00109324	0.000840278	0.00360723	0.00128493	0.00625193	0.0130582	0.221207	0.000295236	0.00449981
7	0.0504556	0.00388077	0.0351018	0.0392793	0.00580932	0.0150028	0.0116384	0.0108605	0.362557	0.0239306	0.0112403	0.0522387	0.0108293	0.124058	0.121956	0.0591639	0.036116	0.0183402	0.00356052	0.00398102
8	0.112644	0.00282347	0.00354641	0.0174506	0.00183617	0.00786175	0.00253841	0.0342296	0.00527029	0.0211602	0.007989	0.00433847	0.628529	0.00493067	0.00498136	0.0437081	0.050947	0.0422788	0.00162285	0.00131471
9	0.0748638	0.00859353	0.0084592	0.0141792	0.00239219	0.0112688	0.00189716	0.00383968	0.0219812	0.0250365	0.00489061	0.0516483	0.00747011	0.0109706	0.0250489	0.520024	0.195523	0.00922013	0.00111409	0.00157951
10	0.0720866	0.0146319	0.0213047	0.016178	0.00492343	0.312092	0.00407159	0.00416725	0.0305724	0.0110715	0.0130111	0.0965496	0.0106801	0.0389634	0.0730323	0.198027	0.0679878	0.00769242	0.000749574	0.00220666
11	0.122106	0.000642356	0.0487867	0.0417964	0.00746439	0.0320843	0.0378256	0.0456355	0.0569027	0.0372028	0.0402771	0.0567173	0.00818264	0.0662747	0.0835667	0.105742	0.0988225	0.0934935	0.000395314	0.016081
12	0.102648	0.00497683	0.00358123	0.0093508	0.00657349	0.00928521	0.0103558	0.154763	0.0248357	0.222512	0.0172315	0.0108825	0.0953329	0.0214108	0.0433452	0.00946087	0.0122656	0.235911	0.00140036	0.00387598
13	0.0263386	0.00609595	0.011562	0.0125125	0.00662224	0.0108076	0.432383	0.0129275	0.0132851	0.0208246	0.0142222	0.0114635	0.0073987	0.15808	0.0133419	0.0230735	0.190056	0.0196561	0.00303195	0.00631667
14	0.00774506	0.00253453	0.00103638	0.00158739	0.0315562	0.00137705	0.00359012	0.158027	0.00132286	0.564584	0.0880975	0.00199687	0.00440233	0.00649381	0.00485717	0.0037121	0.00768651	0.101882	0.000862779	0.00664812
15	0.0910472	0.00946258	0.0299994	0.0296473	0.00499373	0.476024	0.00815505	0.00989665	0.022484	0.0146921	0.0121927	0.0462842	0.0153683	0.0253077	0.0237178	0.122642	0.0370928	0.0145027	0.00182371	0.00466567
16	0.0706262	0.0144608	0.0762267	0.0663469	0.0179337	0.0681997	0.0206985	0.0192455	0.0602317	0.0368314	0.0205364	0.197646	0.0180514	0.0597895	0.045121	0.100559	0.0554277	0.0339292	0.00516368	0.0129745
17	0.0193606	0.0115223	0.00224794	0.0043256	0.337624	0.00514493	0.00539846	0.030105	0.00618174	0.228887	0.0357046	0.0104123	0.0089881	0.0105262	0.00495638	0.0122052	0.0121515	0.0432804	0.0564269	0.154551
18	0.00937292	0.0191929	0.00188989	0.00210487	0.352307	0.00231828	0.00272689	0.0202522	0.00256986	0.402711	0.0282789	0.00211878	0.00568321	0.00342994	0.00510613	0.00687488	0.00518368	0.0270367	0.0156287	0.0852135
19	0.0891489	0.0114427	0.0222659	0.0271313	0.00686641	0.460747	0.0080963	0.0108434	0.0269069	0.0194491	0.0162935	0.0465865	0.0131914	0.0304059	0.0245053	0.117728	0.0423863	0.0181762	0.00292989	0.00489856
20	0.463653	0.0159731	0.00300971	0.00773719	0.00377651	0.0334805	0.00448479	0.00888449	0.0197408	0.0150601	0.0305526	0.00854454	0.0154162	0.00916734	0.00502211	0.254619	0.0612156	0.0375318	0.000507002	0.00162338
21	0.00322477	0.000601138	0.000541619	0.000792637	0.00656907	0.000712342	0.00103489	0.702402	0.000729424	0.0961776	0.0353571	0.00074239	0.000619857	0.00377501	0.00131177	0.0019636	0.00998546	0.130053	0.000203322	0.00320302
22	0.0649654	0.00091652	0.0147006	0.00677413	0.00299142	0.0149829	0.00606137	0.00147908	0.421929	0.00992396	0.00378052	0.0497019	0.00524511	0.0807518	0.219536	0.0627628	0.00532823	0.0259709	0.000422711	0.00177535
23	0.0249887	0.00156765	0.0353593	0.00800664	0.00214824	0.0122719	0.028502	0.00274456	0.270924	0.0110516	0.00248918	0.191984	0.00241459	0.124034	0.206364	0.0380251	0.0115078	0.0197807	0.00100383	0.00483217
24	0.0182602	0.00939042	0.00270259	0.00343123	0.380834	0.00476488	0.0088601	0.0152737	0.00660628	0.0873433	0.0161306	0.00803534	0.0102983	0.00630102	0.00376584	0.00833144	0.0127467	0.0482227	0.248674	0.100028
25	0.126788	0.0146686	0.00346265	0.00767394	0.00474305	0.0134421	0.00393809	0.233022	0.00449334	0.110757	0.0221131	0.00815902	0.00464015	0.0106859	0.00207772	0.0484278	0.0915134	0.28436	0.00063302	0.00440009
26	0.167557	0.000833853	0.10576	0.2237	0.00213364	0.0272965	0.00369522	0.0141085	0.124921	0.022969	0.00743022	0.0366732	0.0709183	0.0427115	0.0348957	0.0518836	0.0300271	0.0256565	0.00608335	0.000744932
27	0.0226776	0.0035933	0.002886	0.00891952	0.0596624	0.0249176	0.0109978	0.0818665	0.0151847	0.239298	0.240695	0.0482844	0.0021075	0.0496769	0.0267377	0.0147093	0.0547594	0.0504291	0.0249825	0.0176154
28	0.102789	0.0105013	0.0383104	0.0531228	0.0109128	0.157297	0.0177764	0.0178693	0.047788	0.0366363	0.0251998	0.0596168	0.0164907	0.178707	0.0471776	0.0838141	0.0468269	0.0314506	0.00416447	0.0135476
29	0.0582434	0.124232	0.00586735	0.00658875	0.0046851	0.0664869	0.00248736	0.00499006	0.0588677	0.0515472	0.00950311	0.0800731	0.0074514	0.00818574	0.0629455	0.252478	0.185122	0.00753284	0.00074355	0.00196966
30	0.00560751	0.0119541	0.00134945	0.00155972	0.395973	0.00198601	0.00142152	0.0253046	0.00194893	0.314519	0.0427314	0.00163565	0.0066843	0.00219899	0.00166239	0.00319987	0.00313213	0.0353588	0.0206062	0.121166
31	0.02231	0.0130625	0.00155426	0.00201439	0.561147	0.00194412	0.0110795	0.0205919	0.00200808	0.109587	0.010938	0.00233119	0.00596403	0.00252273	0.00187045	0.00718724	0.00597576	0.0510821	0.0275789	0.13925
32	0.051737	0.0842487	0.00538104	0.00683024	0.48653	0.00640979	0.0162795	0.043254	0.00612809	0.0598674	0.00947809	0.00713271	0.00534237	0.00839205	0.0063989	0.056845	0.0371135	0.0506162	0.00799068	0.0440248
33	0.00956879	0.00245831	0.0013124	0.00191383	0.0192443	0.00150309	0.00643995	0.402044	0.00144145	0.157561	0.137063	0.00158996	0.00141953	0.0069486	0.00264447	0.0070867	0.0143012	0.21964	0.000420613	0.00539887
34	0.597026	0.0199436	0.00203077	0.00351775	0.00276333	0.0123438	0.00115765	0.0188798	0.00472426	0.0166124	0.0117665	0.00311078	0.0120716	0.00360283	0.00216174	0.0909355	0.095979	0.0995578	0.000722063	0.00109283
35	0.0276546	0.00417443	0.557757	0.163304	0.00224146	0.0194288	0.0136135	0.00589406	0.0263221	0.0120775	0.00873708	0.0576092	0.00357226	0.0242713	0.0146363	0.0260582	0.0166407	0.0129739	0.000594463	0.00243852
36	0.00903565	0.00157564	0.00134123	0.00208815	0.00946114	0.0021784	0.00929322	0.0128403	0.00226115	0.793361	0.0954614	0.00182336	0.0039058	0.0185074	0.00517908	0.0121344	0.00416274	0.0139781	0.000513599	0.00089787
37	0.0616381	0.0106814	0.0308508	0.0331641	0.0227902	0.0277133	0.297554	0.0359894	0.0386494	0.0483819	0.0281879	0.0333903	0.0148573	0.0735849	0.0357045	0.0510895	0.0806998	0.0479533	0.00489441	0.0222252
38	0.491323	0.0144157	0.00139748	0.00536026	0.00268489	0.018806	0.00212564	0.00899449	0.0137256	0.0122124	0.0150169	0.00710086	0.0108486	0.00529956	0.00394206	0.254241	0.0894104	0.0418251	0.000312051	0.000957414
39	0.00803118	0.000579769	0.000646969	0.000751062	0.0138174	0.00071721	0.000526691	0.252579	0.000743036	0.536899	0.0176253	0.000845421	0.00587849	0.00142828	0.00282487	0.0015899	0.00505114	0.145511	0.00017473	0.00377891
40	0.0757969	0.00959053	0.109364	0.0592353	0.00582948	0.0477046	0.0121123	0.0156879	0.035743	0.0221911	0.0158774	0.0842394	0.028164	0.0348311	0.0353086	0.207975	0.162143	0.0291165	0.00416793	0.00492173
41	0.0449727	0.00380688	0.00487162	0.00517987	0.007212	0.00619992	0.00509558	0.24255	0.0066824	0.0264883	0.0204094	0.009085	0.00315689	0.0100387	0.00596869	0.115994	0.330201	0.147584	0.00126759	0.0032357
42	0.0155152	0.00544667	0.00472595	0.0110487	0.0391899	0.00605374	0.0150235	0.149365	0.0334798	0.156355	0.0643738	0.00632877	0.00375533	0.0380796	0.232824	0.0104079	0.0386633	0.039815	0.00176707	0.127781
43	0.0991433	0.000550082	0.0873089	0.11213	0.000879024	0.0357337	0.0137794	0.00137259	0.0903464	0.00954493	0.00180185	0.120869	0.000993548	0.0435577	0.117751	0.188631	0.0638772	0.00675487	0.000271344	0.00470405
44	0.0929915	0.00893216	0.00356028	0.00643785	0.0182599	0.0098049	0.00344742	0.188051	0.00722896	0.110875	0.0597948	0.018865	0.00410966	0.0177989	0.00662138	0.0621321	0.219993	0.155828	0.00157834	0.00369049
45	0.616084	0.0227372	0.00135757	0.0021879	0.00228025	0.0111264	0.0010166	0.0160603	0.00363915	0.0231113	0.0107296	0.00193971	0.0106642	0.00237203	0.00156188	0.0844508	0.10575	0.0812414	0.000418629	0.00127032
46	0.368815	0.0628549	0.00515864	0.0137302	0.0150608	0.0222012	0.005573	0.0838915	0.0119675	0.0604926	0.019098	0.0115257	0.0112676	0.015446	0.00855237	0.0955407	0.0909443	0.0888884	0.00214025	0.00685134
47	0.178432	0.0226645	0.00148323	0.00983101	0.00619082	0.0261925	0.000953496	0.163571	0.00530689	0.164332	0.0289133	0.0117491	0.00420458	0.0155445	0.0021014	0.0677119	0.145371	0.143472	0.00075015	0.00122507
48	0.00722765	0.0100833	0.00136876	0.00182185	0.399909	0.00199684	0.00137444	0.0202812	0.00220452	0.288393	0.0340867	0.00171007	0.00850457	0.00232693	0.00162922	0.00323118	0.00306637	0.0284029	0.023278	0.159103
49	0.00894586	0.000539992	0.000734944	0.00078917	0.0156059	0.000722874	0.000550772	0.174279	0.000732685	0.60572	0.0171461	0.000849137	0.00653005	0.00109367	0.0031585	0.00155535	0.0045466	0.151942	0.000183373	0.00437444
50	0.347774	0.0172346	0.0103051	0.0181885	0.00449071	0.133406	0.00664089	0.0110875	0.0300047	0.0176427	0.0181973	0.0220347	0.0188818	0.0219078	0.0227718	0.203331	0.0613608	0.0318748	0.00103645	0.00182854
51	0.183005	0.390442	0.00504588	0.00564853	0.00375889	0.00677947	0.00386101	0.0073645	0.00632935	0.00986013	0.00688227	0.00685476	0.00453385	0.00813739	0.00464109	0.299695	0.0109944	0.0321641	0.00122129	0.0027812
52	0.0920116	0.0104942	0.027637	0.0303606	0.0068237	0.441918	0.00966155	0.0146979	0.0278199	0.0222592	0.0125361	0.0459038	0.0134029	0.0291388	0.0288504	0.116205	0.0408381	0.0196128	0.00295191	0.00687626
53	0.00325653	0.000397559	0.000505431	0.000558595	0.00437555	0.000629755	0.000402631	0.743476	0.000711868	0.0686916	0.0189032	0.000650171	0.000353757	0.00304616	0.000795732	0.0019754	0.0104981	0.137274	0.00020217	0.0032954
54	0.0317761	0.010524	0.203072	0.0392907	0.00527593	0.0477941	0.00870188	0.005629	0.0195276	0.0116142	0.0119513	0.177732	0.0277257	0.0198795	0.0230301	0.246815	0.0946316	0.0107753	0.00126168	0.00299273
55	0.0889166	0.000833172	0.00110493	0.0168208	0.00086496	0.00481826	0.00102006	0.0350529	0.00150059	0.0199848	0.00629992	0.0014152	0.701642	0.00196918	0.00155601	0.0311746	0.0425963	0.0410587	0.000649324	0.000721456
56	0.0800147	0.000497983	0.19206	0.253842	0.000667381	0.00556014	0.00122683	0.00312149	0.110505	0.0112494	0.00364824	0.0542317	0.00174895	0.126427	0.0380827	0.05681	0.0413239	0.0180497	0.000442076	0.000489946
57	0.106627	0.00209382	0.00369181	0.00437018	0.00330988	0.00545944	0.0298067	0.132449	0.0844315	0.0689446	0.0187382	0.0265475	0.070111	0.0477275	0.140437	0.00707115	0.00920793	0.236019	0.00092843	0.00202699
58	0.0739262	0.0135471	0.0580726	0.0627926	0.00966383	0.0406543	0.0284013	0.0231416	0.0889511	0.0492481	0.0311812	0.0617208	0.0196964	0.199494	0.0626964	0.0720288	0.0552404	0.0358509	0.00418658	0.00950567
59	0.185233	0.00634495	0.0131245	0.0269467	0.00694403	0.0425122	0.02115	0.00964668	0.0405323	0.0287781	0.0208549	0.0203145	0.145189	0.0257931	0.0581747	0.275722	0.0477671	0.0204709	0.0019389	0.00256287
60	0.135617	0.00171542	0.0700022	0.0327274	0.00574421	0.0220189	0.0646187	0.0292897	0.0519837	0.0238432	0.0419646	0.0307834	0.00809505	0.0995301	0.099999	0.101547	0.0964708	0.0727181	0.000650842	0.0106809
61	0.0135927	0.000637547	0.00104876	0.000791351	0.00480004	0.000850537	0.00342271	0.53048	0.00104501	0.0601716	0.0258459	0.00126859	0.000694233	0.0022252	0.00103217	0.0101073	0.0163548	0.31864	0.000254329	0.00673734
62	0.129689	0.00185556	0.00234706	0.0141614	0.0132415	0.0367058	0.0528112	0.00330874	0.0373249	0.0380131	0.0267717	0.00314767	0.319203	0.00450313	0.0332666	0.242713	0.0331657	0.00528362	0.000965661	0.00152216
63	0.371096	0.00414723	0.00535122	0.193823	0.00355113	0.0967168	0.00358726	0.00683379	0.00582513	0.0332429	0.0063972	0.00655278	0.00432936	0.147254	0.00550834	0.0118108	0.0102863	0.0307272	0.00137176	0.0515881
64	0.0585672	0.0104411	0.0389898	0.0354455	0.0146269	0.0299037	0.312261	0.0287825	0.040645	0.0548317	0.0269608	0.0330882	0.0200987	0.0775373	0.0323671	0.0446202	0.0775214	0.035558	0.00334983	0.0244044
65	0.569283	0.0185517	0.000717028	0.00210861	0.00318272	0.0157419	0.00131701	0.0149495	0.00893741	0.011138	0.0170204	0.00112334	0.0165876	0.00206533	0.00127439	0.150791	0.100416	0.0639899	0.000265821	0.00053825
66	0.0739617	0.00073895	0.19741	0.263051	0.000576425	0.00461349	0.00116112	0.00332351	0.106786	0.00996992	0.0036872	0.0488201	0.00129347	0.136909	0.0371305	0.0524065	0.0400319	0.0171769	0.000260825	0.000691621
67	0.112022	0.012324	0.0110981	0.0153025	0.0161731	0.0162201	0.0100549	0.0713221	0.015752	0.31039	0.0957121	0.0169624	0.00670242	0.0263425	0.0191981	0.0457429	0.105369	0.0812312	0.00477745	0.00730341
68	0.337855	0.146245	0.00358922	0.00469516	0.0048269	0.0918309	0.0188618	0.0050995	0.00477035	0.0258377	0.0614471	0.0240923	0.00640995	0.040381	0.00444605	0.0927108	0.116983	0.00677217	0.001073	0.00207231
69	0.0647882	0.0120311	0.022839	0.0306938	0.0644333	0.0256356	0.0149607	0.030709	0.0398283	0.056732	0.0318479	0.0298005	0.137321	0.035505	0.0228168	0.0467704	0.0499355	0.0422482	0.213043	0.0280602
70	0.00758059	0.000840676	0.000787574	0.00110211	0.0178402	0.000839483	0.00132745	0.227329	0.00073538	0.51747	0.0448534	0.00104808	0.0049082	0.00272248	0.00458141	0.00181815	0.00588241	0.153398	0.000306924	0.00462852
71	0.0085943	0.00517344	0.00221556	0.00281878	0.0676048	0.00268709	0.00496429	0.0188952	0.00278948	0.782894	0.0373553	0.0027835	0.00405638	0.0103426	0.0137128	0.00838669	0.00551226	0.0158371	0.000927545	0.00244877
72	0.0367642	0.0449662	0.0227933	0.010387	0.0186874	0.184127	0.00183007	0.00301989	0.00780505	0.0161783	0.0454617	0.129144	0.00408863	0.00555175	0.0255396	0.329426	0.107967	0.00420329	0.000602935	0.00145678
73	0.0592312	0.278805	0.0128744	0.0101247	0.00836424	0.10237	0.006803	0.0100849	0.0195918	0.0256027	0.0182734	0.0832997	0.0451206	0.0178033	0.0271618	0.15825	0.0961091	0.0137212	0.00222739	0.00418173
74	0.0397946	0.00527849	0.00363816	0.00284256	0.00889646	0.00264368	0.0226515	0.291121	0.00328898	0.0664629	0.0403378	0.00633307	0.00217506	0.00502428	0.00361793	0.0530499	0.0524797	0.363833	0.00323555	0.0232949
75	0.501337	0.0265266	0.00486284	0.00478146	0.00371277	0.0337279	0.00345292	0.0153852	0.00599705	0.0150904	0.0146903	0.00598951	0.0126369	0.00906873	0.0043587	0.080212	0.207277	0.0481451	0.00107517	0.00167264
76	0.0659525	0.00567537	0.0213686	0.0358308	0.00517493	0.0356791	0.0143828	0.015001	0.0846809	0.0203925	0.0107607	0.0197701	0.238342	0.0936092	0.138812	0.126809	0.0319218	0.0302818	0.00162335	0.0039319
77	0.00800627	0.0064123	0.0015564	0.00346339	0.0384052	0.00303118	0.0099285	0.22969	0.00200064	0.271588	0.278135	0.00431467	0.00204164	0.0150479	0.00577339	0.0038065	0.0166624	0.0948481	0.00141695	0.00387085
78	0.0559808	0.0140566	0.0166928	0.0127614	0.00626114	0.453683	0.00349556	0.00365259	0.0234366	0.00890112	0.013554	0.0888945	0.00928438	0.0196118	0.0258684	0.176994	0.058131	0.00566375	0.000977449	0.00209906
79	0.0443276	0.00929002	0.0184908	0.0252793	0.0147111	0.019136	0.0126671	0.0224259	0.21938	0.0951847	0.0260861	0.0238696	0.0219313	0.109795	0.0467098	0.0443953	0.0440815	0.02787	0.161696	0.0126722
80	0.0196286	0.00889123	0.00176751	0.00347672	0.0153026	0.00379217	0.00681212	0.0540208	0.0040083	0.587827	0.182736	0.00458618	0.00345557	0.0134178	0.00498826	0.00944421	0.0126914	0.0597157	0.00122085	0.00221707
81	0.0471149	0.00271829	0.0721473	0.113301	0.00242142	0.0671204	0.0417367	0.00339324	0.0351088	0.00675362	0.0035762	0.286697	0.0137766	0.162114	0.00844331	0.100245	0.0118582	0.018257	0.000805443	0.00241205
82	0.027998	0.0025011	0.0380286	0.00739291	0.00259248	0.0199714	0.0167085	0.00345907	0.268975	0.0112983	0.00343493	0.110399	0.00302887	0.0894257	0.319145	0.0336876	0.0216921	0.0152642	0.000665518	0.00433201
83	0.0700271	0.0123252	0.0126902	0.0202518	0.0442578	0.0229582	0.0172859	0.0978762	0.0272587	0.173975	0.185541	0.0265014	0.0162829	0.0409783	0.0294279	0.0476993	0.0531168	0.0727278	0.00994092	0.0188782
84	0.0349021	0.00475071	0.00525409	0.00704166	0.00850084	0.00700712	0.00492117	0.374735	0.00975085	0.0389044	0.0191299	0.00781891	0.00454352	0.0114684	0.00731581	0.0642217	0.276762	0.107403	0.00150553	0.00406336
85	0.0884421	0.0143903	0.0484086	0.0612504	0.0117052	0.0360356	0.0256711	0.0253987	0.103844	0.0481307	0.0307175	0.0553338	0.0157947	0.191276	0.0669814	0.070082	0.0522246	0.034379	0.00656927	0.0133646
86	0.0178708	0.00959482	0.00137934	0.00210414	0.530121	0.00219562	0.00728364	0.0170017	0.00217704	0.132818	0.0148762	0.00328828	0.00735553	0.0028097	0.00172788	0.00523158	0.00584335	0.0393314	0.0489571	0.148033
87	0.054986	0.00368488	0.0206827	0.0270815	0.00716914	0.0203638	0.00760739	0.0102715	0.441907	0.0229853	0.014913	0.033389	0.0102897	0.0687873	0.129702	0.0698181	0.0298756	0.019994	0.00240247	0.00408984
88	0.0230836	0.0078897	0.478131	0.40893	0.00118206	0.0106689	0.001268	0.00802093	0.00235038	0.00342194	0.00211079	0.00986137	0.0013667	0.0175856	0.00180477	0.00945382	0.0030581	0.0084322	0.0005333	0.000847067
89	0.0605799	0.00472938	0.0346634	0.0344668	0.00654642	0.0197247	0.00886514	0.0113838	0.403793	0.0250024	0.0131842	0.0411535	0.012662	0.0696698	0.1237	0.0690388	0.0291558	0.0242715	0.00161475	0.00579436
90	0.383443	0.00644448	0.00217195	0.0106629	0.00405161	0.040896	0.00465623	0.00520296	0.0381433	0.0174045	0.026053	0.0043044	0.0136181	0.0110384	0.00361954	0.338452	0.0506536	0.0371429	0.000564671	0.00147681
91	0.113538	0.00168301	0.0444366	0.0454691	0.00708826	0.037245	0.0330243	0.051279	0.072064	0.0395005	0.0375847	0.048764	0.0155737	0.0671306	0.0897762	0.0926916	0.0962189	0.092973	0.000585487	0.0133738
92	0.0463698	0.00191554	0.0122089	0.0195482	0.011285	0.0117771	0.00570642	0.00456517	0.459753	0.0152256	0.008169	0.0375149	0.0195613	0.0872241	0.140901	0.0867261	0.0113501	0.0162509	0.00103223	0.00291553
93	0.0550862	0.00311008	0.0880208	0.112571	0.00298431	0.0687267	0.0425962	0.00339662	0.0348736	0.00782269	0.00377865	0.268609	0.0158567	0.15546	0.00820107	0.0923472	0.0127807	0.0200903	0.000766307	0.00292226
94	0.127108	0.00295624	0.00937157	0.0129086	0.00476293	0.0447305	0.00388179	0.00379257	0.378061	0.0139432	0.00517239	0.0257375	0.0176343	0.0707502	0.128475	0.111261	0.00741972	0.0292939	0.000886953	0.00185226
95	0.0217044	0.0541236	0.0274549	0.00862865	0.0112232	0.134488	0.00239176	0.00367472	0.00768375	0.0126359	0.036975	0.111596	0.00407059	0.00463674	0.0374038	0.444955	0.0682738	0.00560551	0.00091479	0.00156036
96	0.1427	0.015065	0.00202606	0.00657771	0.0157778	0.0141194	0.00159457	0.147004	0.00484606	0.204181	0.0376782	0.0174288	0.0114023	0.0118356	0.00377235	0.0469725	0.152772	0.158728	0.00196106	0.00355774
97	0.117218	0.00320569	0.00516563	0.00520941	0.00307589	0.565383	0.00303948	0.00505945	0.0219157	0.0086447	0.0074048	0.0249185	0.0110368	0.0130828	0.0127742	0.163852	0.0190326	0.00718126	0.000816967	0.00198265
98	0.0246255	0.00618506	0.00730436	0.0084648	0.0525821	0.0041405	0.00425405	0.0958353	0.00619346	0.573696	0.0501965	0.00406321	0.0159272	0.0125104	0.00897198	0.0121518	0.0169021	0.0803826	0.00377847	0.0118349
99	0.00969096	0.00856963	0.00132018	0.00179925	0.444007	0.00191698	0.00241958	0.0170236	0.00199493	0.238185	0.0253101	0.00180986	0.00994055	0.00219273	0.00162188	0.00321963	0.00303477	0.027641	0.0279951	0.170307
100	0.15232	0.00398973	0.101505	0.011132	0.00465178	0.0541611	0.00509291	0.0337252	0.00750199	0.0408659	0.0319135	0.00743273	0.0048388	0.0121277	0.0075999	0.18983	0.190128	0.112886	0.0250433	0.0032536
101	0.0548527	0.0132987	0.0201582	0.0264425	0.11855	0.0218776	0.0216856	0.039223	0.0276415	0.0996604	0.0294494	0.0230219	0.112597	0.0374663	0.0263475	0.0443549	0.0371122	0.0496534	0.0198362	0.17677
102	0.0946595	0.00211243	0.00981222	0.0232635	0.00494833	0.0126488	0.00612524	0.0311617	0.0136493	0.0256165	0.00943293	0.00797376	0.593427	0.0118651	0.014311	0.0505746	0.043903	0.0401946	0.00262524	0.00169538
103	0.0325887	0.0377629	0.056499	0.00511099	0.00272601	0.00422418	0.00367884	0.139737	0.00464567	0.0296928	0.00594556	0.0577645	0.00301889	0.00652334	0.00489312	0.0921176	0.0455918	0.463302	0.00127669	0.00290008
104	0.0175529	0.0053147	0.00375515	0.00497439	0.0395267	0.00513361	0.00733499	0.0638149	0.00576261	0.592965	0.122172	0.00598835	0.00632265	0.0183692	0.00875061	0.0113942	0.0151783	0.0512526	0.00279661	0.0116399
105	0.0413751	0.0086004	0.014338	0.020639	0.0276344	0.0257163	0.0150037	0.0525039	0.0303072	0.177635	0.182937	0.02991	0.0129419	0.188868	0.028865	0.0278826	0.0428411	0.0434917	0.00838527	0.0201245
106	0.500077	0.0180472	0.00485252	0.00727911	0.00337836	0.0163376	0.0030937	0.0245275	0.00870444	0.0184547	0.0138396	0.00486341	0.0806556	0.00686155	0.00682054	0.0978063	0.106978	0.0752228	0.000764055	0.00143579
107	0.570865	0.016187	0.00152369	0.00506844	0.00287993	0.0196954	0.00195671	0.00999303	0.0122254	0.0106125	0.0171741	0.0022646	0.0108318	0.00563582	0.00249769	0.194367	0.0715857	0.0433371	0.000382459	0.000917329
108	0.076138	0.00725768	0.211326	0.124124	0.0066041	0.0278346	0.020485	0.0116095	0.0879801	0.026996	0.0116023	0.0614787	0.0147446	0.0724142	0.100748	0.0653485	0.0379546	0.02523	0.00131182	0.00881266
109	0.00404378	0.000479407	0.000538416	0.000596383	0.00492325	0.000759373	0.000561253	0.725045	0.000728196	0.0793701	0.0219876	0.000715126	0.000441701	0.0031567	0.000968165	0.00230224	0.0107568	0.139069	0.000207789	0.00334913
110	0.0112477	0.00323284	0.00198601	0.00354807	0.020794	0.00266043	0.00576398	0.0905308	0.00315495	0.629836	0.106164	0.00286301	0.0130842	0.0137663	0.00566653	0.00760574	0.00826989	0.063996	0.00136619	0.00446318
111	0.00953322	0.00055124	0.00072659	0.000841691	0.0154497	0.000737247	0.000545709	0.173375	0.000765467	0.604405	0.0170165	0.000894663	0.00698157	0.00110056	0.00314052	0.0016076	0.00483987	0.15292	0.00019457	0.00437403
112	0.0252711	0.00990247	0.00552921	0.0103434	0.263651	0.0083024	0.0145567	0.0532798	0.00926969	0.247874	0.0378214	0.00944498	0.00858408	0.0158088	0.0122849	0.0140948	0.014059	0.0538795	0.0190281	0.167014
113	0.0254411	0.00138185	0.0489199	0.0111052	0.00231232	0.0132653	0.032894	0.00261632	0.295367	0.0149405	0.00225689	0.141827	0.00239714	0.155274	0.177507	0.0400565	0.012953	0.0123682	0.000743595	0.00637455
114	0.562156	0.0335121	0.00155227	0.00176894	0.00300886	0.0243251	0.0026582	0.0139831	0.00590572	0.0100338	0.0150144	0.00323713	0.0166808	0.00492995	0.00138277	0.105693	0.138171	0.0550005	0.000275368	0.000711825
115	0.0748944	0.00128865	0.200774	0.23177	0.00104282	0.0142922	0.00455782	0.00359524	0.106365	0.0111862	0.00438304	0.0606378	0.00202546	0.11975	0.0408262	0.0580457	0.0452541	0.0171883	0.000419858	0.00170351
116	0.0312533	0.00445471	0.00579537	0.0282969	0.0535968	0.00538631	0.0806747	0.129429	0.0525436	0.209272	0.0556639	0.00793039	0.00694282	0.043495	0.0933803	0.01223	0.0306437	0.0880287	0.00146097	0.059521
117	0.0107722	0.00129928	0.00123035	0.00205499	0.00526819	0.00150524	0.00188652	0.626396	0.00152058	0.0744815	0.0248737	0.00159238	0.00158013	0.00472693	0.00199544	0.00769166	0.0166004	0.209243	0.000232113	0.00504975
118	0.0843276	0.00596286	0.00798543	0.022026	0.0187581	0.013281	0.00800276	0.0396568	0.0185255	0.114098	0.0197117	0.00818041	0.460667	0.0146868	0.0182515	0.0456295	0.0375469	0.0495954	0.00522099	0.0078863
119	0.0604086	0.0113562	0.0157252	0.0194718	0.020909	0.0148529	0.0141754	0.223329	0.020418	0.136257	0.0357864	0.0197276	0.0150274	0.0243723	0.019859	0.0405712	0.0438244	0.248413	0.00361082	0.0119043
120	0.100144	0.0111831	0.021616	0.0237848	0.00748862	0.431205	0.00854378	0.0132928	0.0259685	0.0234356	0.0169606	0.045234	0.017411	0.0299394	0.0292981	0.126093	0.0415439	0.0189544	0.00242783	0.00547495
121	0.0198704	0.00673199	0.511833	0.375304	0.00112003	0.00917687	0.00265175	0.00862989	0.00316418	0.00372066	0.00255276	0.0153091	0.00120127	0.0151028	0.00175143	0.0101454	0.00286575	0.00754244	0.00050054	0.000824858
122	0.033223	0.00474889	0.550437	0.169812	0.00319361	0.0152	0.012879	0.00616436	0.0277661	0.0131571	0.00650204	0.0571919	0.00449364	0.0268794	0.0155292	0.0230241	0.0133741	0.0118998	0.00173212	0.00279281
123	0.074442	0.0102955	0.05616	0.0647882	0.0112412	0.0336564	0.0375593	0.0243623	0.111201	0.0444082	0.0275435	0.0562372	0.015631	0.199279	0.0648778	0.0631051	0.0545457	0.0346022	0.00530623	0.0107587
124	0.00833459	0.0142285	0.0101425	0.00656122	0.00359079	0.00358164	0.00196339	0.0360982	0.377159	0.040875	0.0288961	0.00469095	0.0119646	0.10735	0.147989	0.0392941	0.139168	0.0145521	0.00209893	0.00146187
125	0.0790152	0.0100998	0.0534167	0.068226	0.0121734	0.0356431	0.0328459	0.0216464	0.0937802	0.0484898	0.0293036	0.0482576	0.0169853	0.209401	0.0661774	0.0639188	0.0531327	0.0342673	0.00876996	0.01445
126	0.0654202	0.0111253	0.0429446	0.0363696	0.0190728	0.0320624	0.285616	0.0272146	0.0343222	0.0457495	0.0229906	0.0370711	0.0206639	0.0746354	0.0383333	0.0560334	0.083201	0.0389828	0.00373221	0.0244595
127	0.00892689	0.000545999	0.000724475	0.000802315	0.0156703	0.000729462	0.000560086	0.177257	0.000740938	0.601946	0.0177352	0.000855952	0.00648429	0.00115933	0.0032147	0.00158604	0.00469673	0.151719	0.000182314	0.00446243
128	0.0923612	0.00835855	0.222377	0.274702	0.00511873	0.0373786	0.00989834	0.0170612	0.0486109	0.0224246	0.0109384	0.0462313	0.0166378	0.0506578	0.0230403	0.0466431	0.0347912	0.0255316	0.00229823	0.00493873
129	0.0136103	0.00689919	0.00162195	0.00240755	0.113751	0.00286874	0.00344819	0.145752	0.00321801	0.477813	0.053954	0.00348094	0.00485862	0.00575245	0.00695359	0.0062093	0.0132232	0.0988466	0.00504859	0.0302828
130	0.605907	0.0236696	0.00102491	0.00149211	0.00241444	0.0133377	0.00081595	0.0140306	0.00476342	0.00892134	0.0123244	0.00126216	0.0127751	0.00178931	0.001217	0.119761	0.11572	0.0578278	0.000240828	0.00070624
131	0.0674417	0.00369154	0.046632	0.0363617	0.00402575	0.0362981	0.02085	0.0104265	0.19517	0.021266	0.0106042	0.116932	0.00681238	0.111835	0.170194	0.0766197	0.0320096	0.0255306	0.00155188	0.00574738
132	0.0117937	0.00152537	0.7105	0.122376	0.00156173	0.0044791	0.0120855	0.00256508	0.0158887	0.0108111	0.00911003	0.0651315	0.00183747	0.00708649	0.00455912	0.00738602	0.00466466	0.00491772	0.000454893	0.00126528
133	0.00487995	0.000380795	0.000569779	0.000582386	0.00431704	0.000630845	0.000915714	0.717002	0.000823596	0.0667905	0.0192602	0.000676764	0.00037557	0.00278334	0.000808227	0.00336166	0.0127848	0.158409	0.000192323	0.00445509
134	0.569877	0.0193824	0.00216951	0.0033806	0.00295655	0.0140413	0.00153804	0.023101	0.00662331	0.0155279	0.0134687	0.0033896	0.0132634	0.00339248	0.00338541	0.11406	0.110821	0.0780167	0.000667426	0.000937956
135	0.108736	0.00216125	0.0499177	0.0579511	0.00558101	0.0603827	0.0242513	0.0371325	0.0374326	0.0439746	0.0623285	0.0476	0.00704732	0.121387	0.0814259	0.0736141	0.0944233	0.0735848	0.0007414	0.0103273
136	0.0273319	0.0221298	0.00278636	0.00762333	0.0681085	0.00282615	0.0239507	0.175689	0.00939265	0.183636	0.0463647	0.0104776	0.0026715	0.0157721	0.0265661	0.0260971	0.0470943	0.15795	0.0124319	0.1311
137	0.00633757	0.0115266	0.00159969	0.00172828	0.3818	0.00205654	0.00126531	0.0195892	0.00221571	0.372833	0.0309186	0.00177985	0.00625602	0.0028806	0.00404037	0.00397721	0.00352344	0.0274332	0.0182647	0.0999737
138	0.0333166	0.0118397	0.0261698	0.0163679	0.00372039	0.00825683	0.00927072	0.0458076	0.201644	0.0454429	0.0326595	0.0110078	0.0690714	0.121929	0.142157	0.0418443	0.127306	0.0461323	0.00236788	0.00368846
139	0.0361045	0.00927223	0.0219043	0.0592659	0.00705846	0.00445458	0.00665795	0.222473	0.0250567	0.13769	0.0989791	0.00498631	0.0423447	0.110601	0.00972321	0.0124896	0.0124701	0.150264	0.0015374	0.0266675
140	0.0884491	0.000853165	0.00118775	0.0166514	0.000863979	0.00490397	0.00105779	0.0353664	0.00154309	0.0198694	0.00623514	0.00141306	0.701009	0.00197205	0.00160822	0.0309245	0.0431698	0.0415167	0.00064443	0.000761091
141	0.0791338	0.000855237	0.188207	0.28849	0.000859096	0.00581663	0.00165763	0.00629838	0.0934732	0.00871169	0.00681138	0.038351	0.00463293	0.13553	0.0289283	0.0500066	0.0429318	0.0182854	0.000361973	0.000657881
142	0.192763	0.00326672	0.00309743	0.0127613	0.00275327	0.0275866	0.00275964	0.0830742	0.00471371	0.02676	0.00772367	0.00416092	0.474045	0.00569316	0.00450333	0.024711	0.0316318	0.083246	0.00213733	0.00261141
143	0.0138149	0.00464778	0.00408768	0.0216463	0.0377063	0.00435571	0.021309	0.157964	0.0216923	0.22351	0.165578	0.00912274	0.00455814	0.0483414	0.0450516	0.0109348	0.0467824	0.107787	0.00194268	0.049167
144	0.0438826	0.00688926	0.0117167	0.0150962	0.0336332	0.00915809	0.00782364	0.149534	0.0484288	0.132988	0.0616627	0.0182234	0.00530734	0.0261846	0.0522309	0.0599876	0.207188	0.0929275	0.00401898	0.0131189
145	0.0633501	0.0504127	0.0197217	0.00980834	0.0199133	0.18408	0.00277679	0.00333631	0.00869253	0.0195253	0.0456294	0.115822	0.00456035	0.0077715	0.0227138	0.307657	0.106971	0.00469363	0.000790579	0.00177398
146	0.482461	0.0212896	0.00153294	0.0047722	0.00866231	0.0281306	0.00344943	0.00968331	0.0247379	0.012889	0.0302807	0.00242887	0.0284792	0.00573685	0.00262921	0.191467	0.0931569	0.0468187	0.000528822	0.000865145
147	0.0439711	0.00260377	0.0146326	0.011836	0.00419738	0.0114914	0.00604689	0.00760185	0.463785	0.0158497	0.0102976	0.0377959	0.00726753	0.0722422	0.183178	0.058074	0.0265138	0.0191308	0.000918296	0.00256605
148	0.00349813	0.000403925	0.000513713	0.000581837	0.00442792	0.00063113	0.000448082	0.737016	0.000715592	0.0671346	0.0189194	0.000663102	0.000354774	0.00297085	0.0007971	0.00217218	0.0107398	0.144393	0.000220943	0.00339732
149	0.0460124	0.0105953	0.0184057	0.026555	0.0192413	0.0247293	0.0178429	0.0661478	0.0750375	0.106761	0.157138	0.0264402	0.0175644	0.0598801	0.125794	0.0512566	0.0649195	0.0594093	0.00520461	0.021066
150	0.0547794	0.0209832	0.0419008	0.0346175	0.0100207	0.0748478	0.010536	0.00889509	0.0299518	0.0233746	0.0204609	0.18082	0.0138911	0.0325455	0.0343117	0.294703	0.0885466	0.0155214	0.00284797	0.00644474
151	0.0112829	0.0100842	0.00251238	0.0033067	0.250966	0.00319751	0.00414205	0.0426107	0.00378516	0.466512	0.0368202	0.00441522	0.0075485	0.00549867	0.00851968	0.00890146	0.009532	0.0437538	0.0129411	0.0636698
152	0.0138398	0.0275026	0.013462	0.00605472	0.0043074	0.00707974	0.00406488	0.0487692	0.236333	0.0511494	0.0264329	0.00801806	0.0141492	0.143718	0.151786	0.0445523	0.173917	0.0198139	0.00272265	0.00232692
153	0.0163004	0.00245194	0.584613	0.0935866	0.00196217	0.0127671	0.0149216	0.00485173	0.0200839	0.00839873	0.00709856	0.14859	0.00375071	0.0248187	0.00844389	0.0280569	0.00829471	0.00802769	0.000644942	0.00233691
154	0.227006	0.00717061	0.00866711	0.0122384	0.00479967	0.257841	0.008293	0.0256902	0.0183118	0.0206514	0.0125657	0.0166658	0.172813	0.0185338	0.0182326	0.0983419	0.0335537	0.0316463	0.00346508	0.00351352
155	0.053687	0.0373915	0.0030542	0.00818956	0.00246798	0.019265	0.00202304	0.00372605	0.0617165	0.0486265	0.00465529	0.0500726	0.00227775	0.00840359	0.0603605	0.378026	0.247065	0.00650016	0.000783364	0.00170864
156	0.1177	0.00271581	0.00868545	0.0150782	0.0035485	0.0211271	0.00501674	0.00237616	0.408949	0.0173981	0.00415824	0.0328838	0.00847608	0.0672503	0.153175	0.0958851	0.00781693	0.02569	0.000577084	0.00149277
157	0.0586581	0.00427723	0.0298639	0.0325772	0.00662088	0.0201814	0.00858781	0.0115834	0.43719	0.0242498	0.0136855	0.031421	0.0106107	0.0678495	0.123081	0.066582	0.0287572	0.0174375	0.00368332	0.00310298
158	0.0549621	0.0122941	0.0202564	0.0217168	0.0388796	0.0227644	0.0128014	0.104897	0.0317422	0.195863	0.18897	0.0227878	0.0119701	0.0434356	0.0275861	0.0419067	0.0504725	0.0728437	0.00734882	0.0165018
159	0.143982	0.0209216	0.0278397	0.0292569	0.00981213	0.0607526	0.00877544	0.0209459	0.0403362	0.0276022	0.0177065	0.0498453	0.0171371	0.0253485	0.033561	0.335572	0.093695	0.030153	0.00189313	0.00486351
160	0.0614533	0.00540943	0.0308327	0.0301817	0.00761683	0.0188431	0.0081383	0.0143812	0.394602	0.0262309	0.0133964	0.0375076	0.0139198	0.0693623	0.123455	0.0750958	0.0352493	0.0269806	0.00225484	0.00508942
161	0.12538	0.0200648	0.0263891	0.0270876	0.00742869	0.0553479	0.0116505	0.0152425	0.0395358	0.0276986	0.0181504	0.0602253	0.0258432	0.0306446	0.0350468	0.34518	0.0942272	0.0275456	0.00159732	0.0057142
162	0.118303	0.00415162	0.2732	0.265477	0.0034708	0.0627147	0.0149467	0.00293286	0.0302803	0.00704643	0.00799681	0.0718115	0.00779466	0.0249495	0.0126516	0.0428411	0.0347672	0.0110594	0.000773661	0.00283127
163	0.109843	0.00118403	0.0015772	0.0309838	0.00133924	0.00512792	0.00154679	0.0331555	0.00251007	0.0224718	0.0104713	0.00169965	0.632038	0.00292793	0.00231874	0.0505107	0.0452988	0.0430553	0.000791078	0.00114869
164	0.125131	0.00599652	0.00724292	0.0156576	0.00390636	0.0137851	0.00442387	0.00706147	0.0171372	0.0393821	0.00791984	0.106981	0.00416428	0.0130311	0.0166519	0.473457	0.102139	0.0307285	0.00124945	0.00395341
165	0.0233836	0.00640952	0.533146	0.354694	0.0010962	0.00886365	0.00259841	0.00662976	0.00340902	0.00370193	0.00250956	0.015832	0.00111393	0.0140202	0.00166452	0.00791394	0.0026542	0.00917831	0.000456123	0.000724592
166	0.0583132	0.00215643	0.00294256	0.00407794	0.0859376	0.0481688	0.0184542	0.0317908	0.0185345	0.237488	0.18295	0.0729404	0.00287836	0.0930253	0.0075505	0.0222198	0.0148986	0.0107184	0.0220716	0.0628835
167	0.194125	0.00581938	0.00401231	0.0231327	0.00244411	0.0111511	0.00281714	0.00561532	0.0178136	0.0212829	0.00883003	0.0321962	0.00852626	0.0121884	0.014028	0.474961	0.140203	0.0182492	0.000903349	0.00170064
168	0.0469238	0.0975503	0.0160083	0.0162889	0.0113593	0.0446791	0.00983364	0.0280471	0.0888095	0.0450406	0.0239192	0.0438688	0.0145179	0.0526514	0.143913	0.123531	0.159469	0.0230769	0.0032873	0.00722546
169	0.0181848	0.00244007	0.00205971	0.00376547	0.00873821	0.00322743	0.00220518	0.606039	0.00408147	0.114176	0.0255637	0.00379954	0.0113723	0.00590493	0.0050157	0.00982922	0.0248953	0.14248	0.000560288	0.00566135
170	0.0775192	0.00537515	0.0685989	0.115694	0.00451974	0.0816851	0.0150338	0.00993935	0.033665	0.0138696	0.0110118	0.240867	0.00469237	0.0291456	0.040176	0.110583	0.089417	0.0193807	0.00127205	0.027554
171	0.0111083	0.00504232	0.000899002	0.00124102	0.0143799	0.00149609	0.00391889	0.100391	0.00120381	0.623628	0.118581	0.00150634	0.00445518	0.006422	0.00295897	0.00397767	0.00720042	0.0892384	0.000430838	0.00192192
172	0.0654494	0.00306521	0.0302767	0.0314689	0.0243732	0.014221	0.0171295	0.071424	0.0404581	0.139322	0.0931971	0.0319432	0.00457401	0.0364077	0.0578511	0.0654826	0.158051	0.0918517	0.0037593	0.0196947
173	0.0313759	0.00362718	0.560807	0.160268	0.002407	0.0175736	0.0112326	0.00673477	0.0265484	0.0167676	0.00770542	0.0587069	0.00566878	0.0216815	0.0135309	0.0252049	0.016096	0.0103794	0.000990934	0.00269323
174	0.013265	0.0035493	0.115257	0.00608781	0.00330681	0.0080439	0.00364289	0.00588207	0.00503974	0.0106304	0.00583173	0.135556	0.10017	0.0066377	0.00598949	0.316811	0.240917	0.00880092	0.00173413	0.00284694
175	0.161662	0.00232718	0.103798	0.14022	0.00386342	0.0161036	0.0036427	0.0123844	0.119451	0.019627	0.00655799	0.0909562	0.153771	0.0266322	0.0498162	0.030609	0.017606	0.034169	0.00443297	0.00236979
176	0.00634643	0.00114503	0.747002	0.120466	0.000993582	0.00234244	0.0121119	0.00215828	0.01299	0.00714749	0.00645959	0.0633569	0.000963467	0.00272329	0.00180505	0.00489846	0.00253348	0.00354876	0.00028593	0.000721152
177	0.202142	0.00234652	0.0765642	0.080394	0.00244532	0.00502213	0.00246543	0.0384769	0.0068274	0.137763	0.0344035	0.00383439	0.00317443	0.0644893	0.00390728	0.0421902	0.183833	0.106431	0.00140106	0.0018891
178	0.00930306	0.00141745	0.000685566	0.00178337	0.00977233	0.0015332	0.00116678	0.501496	0.00157116	0.271643	0.0237955	0.00135935	0.00293568	0.0039043	0.00289148	0.00383437	0.0116975	0.14313	0.000614847	0.00546515
179	0.122836	0.000621674	0.0487767	0.0435069	0.00764228	0.0301856	0.0397767	0.0445454	0.0601859	0.0359438	0.0406247	0.0465773	0.0083802	0.0686314	0.0853234	0.105108	0.100474	0.0941958	0.00035269	0.0163106
180	0.0354721	0.00135001	0.0452603	0.0156451	0.00279104	0.0149174	0.0254663	0.00218104	0.335102	0.0192037	0.0022664	0.112071	0.00318249	0.155159	0.144177	0.051916	0.0133378	0.0113421	0.000612062	0.00854697
181	0.0443475	0.00315806	0.0135286	0.0127656	0.00461313	0.010652	0.00691509	0.00912929	0.47425	0.0212277	0.013156	0.0340027	0.00839776	0.0711046	0.161746	0.0624209	0.0252913	0.0191129	0.00124982	0.00293126
182	0.00325653	0.000397559	0.000505431	0.000558595	0.00437555	0.000629755	0.000402631	0.743476	0.000711868	0.0686916	0.0189032	0.000650171	0.000353757	0.00304616	0.000795732	0.0019754	0.0104981	0.137274	0.00020217	0.0032954
183	0.0329253	0.00122472	0.00449318	0.0140129	0.00504638	0.00684673	0.00157738	0.00538246	0.583879	0.0171327	0.0137495	0.0158934	0.00706037	0.0534661	0.142289	0.0625486	0.01771	0.0124629	0.00107668	0.00122291
184	0.0389522	0.00124014	0.00604414	0.012028	0.00450758	0.00819696	0.00232115	0.00422296	0.561027	0.0153321	0.011186	0.0208275	0.0066029	0.0565709	0.15531	0.0642354	0.0145812	0.0145839	0.000908957	0.00132183
185	0.517201	0.0888332	0.00276904	0.00488082	0.00438427	0.0187934	0.00344289	0.012999	0.00976878	0.0136885	0.0146556	0.00638632	0.0102784	0.00951897	0.00621587	0.144838	0.0793581	0.0493611	0.000668694	0.00195812
186	0.00822547	0.0143418	0.0106324	0.00623165	0.00337291	0.00411841	0.00252115	0.0340413	0.374522	0.0389246	0.0268287	0.00684349	0.0115754	0.110289	0.150455	0.0377914	0.141461	0.013935	0.00220448	0.00168521
187	0.0791772	0.011449	0.0188396	0.0164344	0.00376537	0.0252797	0.00368051	0.00435957	0.0235291	0.0238269	0.00897228	0.0650229	0.0134871	0.0107858	0.0261132	0.478636	0.171158	0.0120097	0.00121716	0.00225689
188	0.0325375	0.00469839	0.555074	0.168427	0.00551844	0.0133785	0.0130768	0.0072022	0.0289967	0.0146596	0.00688763	0.051732	0.00582636	0.0252013	0.0133317	0.0207443	0.0143508	0.0138937	0.00122791	0.00323518
189	0.233678	0.00304187	0.00218518	0.0110642	0.00736358	0.0496146	0.0294352	0.00334116	0.0282127	0.0362489	0.038273	0.00293637	0.150344	0.00744776	0.0170846	0.330987	0.0343814	0.0123316	0.000836188	0.00119255
190	0.056748	0.00917918	0.191997	0.192722	0.00164443	0.208708	0.0241033	0.00258536	0.0192459	0.00407226	0.00333014	0.136649	0.00172678	0.016939	0.003396	0.0466657	0.0636381	0.013527	0.000697942	0.00242479
191	0.0851763	0.00692859	0.168879	0.0871252	0.0315848	0.0231002	0.0405564	0.0173377	0.0804867	0.0678479	0.0151523	0.0608809	0.027059	0.0627469	0.064487	0.0553204	0.0382203	0.0514356	0.00124507	0.0144294
192	0.165001	0.0009101	0.108472	0.244913	0.00172078	0.0213827	0.00257835	0.0175885	0.120407	0.0207523	0.00706939	0.028018	0.0787399	0.0478284	0.0273219	0.0463846	0.0249026	0.0301011	0.00509374	0.000814946
