287	20
1	0.0622411	0.000597156	0.172815	0.421062	0.000876064	0.00682185	0.00614156	0.00737366	0.0388006	0.0214799	0.00587584	0.019635	0.00141182	0.0931945	0.0437998	0.0381585	0.0474599	0.0085581	0.000633704	0.00306413
2	0.0224791	0.00263523	0.000413202	0.00123152	0.00614151	0.00175637	0.000952294	0.605682	0.000645063	0.103755	0.00878978	0.000531852	0.00463583	0.000677423	0.00146452	0.00205536	0.00260075	0.229025	0.000902588	0.00362575
3	0.428181	0.0321845	0.00203881	0.0101056	0.00136517	0.0119422	0.00223666	0.0412581	0.00235034	0.0414706	0.010871	0.00192579	0.00152747	0.00196774	0.00249285	0.196946	0.0534222	0.149531	0.000999191	0.00718425
4	0.0940886	0.000949988	0.0782618	0.222212	0.00193564	0.0275763	0.0218225	0.00317502	0.126272	0.0185155	0.00560997	0.0317399	0.00420877	0.103102	0.159084	0.0476975	0.0288727	0.0116166	0.00583423	0.00742462
5	0.123221	0.00780167	0.00210685	0.00306111	0.0108421	0.00326044	0.0234516	0.355049	0.0108773	0.141002	0.0626212	0.011871	0.00142031	0.0385317	0.0114674	0.0123927	0.0452531	0.133334	0.000813972	0.00162124
6	0.0142513	0.00398705	0.00222781	0.00299637	0.521433	0.00492788	0.00602974	0.0344054	0.00302347	0.265104	0.0925861	0.0028157	0.00196037	0.00461805	0.00537722	0.00728197	0.00458705	0.0142695	0.0025375	0.00558134
7	0.096765	0.00121584	0.0763658	0.264992	0.00181702	0.022436	0.0161691	0.00406325	0.122573	0.0113338	0.00344918	0.0290422	0.00376479	0.084759	0.153299	0.0566132	0.029293	0.0135515	0.00348626	0.00501192
8	0.0317829	0.00229872	0.00108976	0.00154484	0.102109	0.000933943	0.00668272	0.229407	0.00129749	0.230414	0.0742445	0.000861209	0.000539274	0.0010062	0.00158579	0.0104484	0.0636968	0.13414	0.0274826	0.0784349
9	0.703557	0.00824839	0.00101749	0.00134601	0.00479996	0.19162	0.00128968	0.00127994	0.00124705	0.0099162	0.000812417	0.00113193	0.000662536	0.000940124	0.00403567	0.028066	0.00619629	0.0285472	0.000320751	0.00496533
10	0.100206	0.000672703	0.0406849	0.0918992	0.0241363	0.00917065	0.0296667	0.0641174	0.0737918	0.105399	0.0112237	0.0213947	0.000795996	0.0621555	0.0787365	0.0472413	0.108068	0.0940433	0.00962289	0.0269732
11	0.0287974	0.0039851	0.0019089	0.00373274	0.0333637	0.00426084	0.00278067	0.120644	0.00727589	0.52382	0.111651	0.0025794	0.00360709	0.00498775	0.0295211	0.0134688	0.0152357	0.0323747	0.00683732	0.049168
12	0.0141522	0.00106441	0.00178047	0.0027868	0.0221788	0.00247162	0.00170023	0.0366268	0.010015	0.483583	0.253233	0.00218511	0.00148378	0.00216882	0.00422237	0.0253486	0.0874882	0.00802895	0.000935242	0.0385467
13	0.060644	0.000427298	0.184649	0.492314	0.000587413	0.00644099	0.00457857	0.00335784	0.0222063	0.00686255	0.0026202	0.0236293	0.00194306	0.0890556	0.0163853	0.0308675	0.0412488	0.00799998	0.000469969	0.00371243
14	0.0117656	0.00388532	0.000242477	0.000337996	0.0337098	0.000318576	0.0015965	0.254828	0.00110047	0.463675	0.049353	0.000280507	0.00212615	0.000258196	0.000667846	0.000929876	0.0037082	0.15877	0.00202544	0.0104213
15	0.076404	0.000660922	0.110332	0.104523	0.00596801	0.0108201	0.0457119	0.00318669	0.0844403	0.100432	0.0263509	0.0670028	0.000841454	0.151006	0.105844	0.0385622	0.0349524	0.00524459	0.00533148	0.0223842
16	0.0182624	0.000444774	0.113724	0.0325746	0.000552733	0.607532	0.0317239	0.000944084	0.0297598	0.00138737	0.000598276	0.08638	0.00363651	0.0332938	0.0221338	0.0137317	0.00135707	0.00115521	0.000266054	0.000541765
17	0.230442	0.00231813	0.165022	0.308031	0.00314964	0.0831945	0.00462815	0.0200225	0.0096605	0.00921885	0.00379638	0.0110068	0.041454	0.00900414	0.00757052	0.0194905	0.0251671	0.0411253	0.00192657	0.003771
18	0.072911	0.0035546	0.275412	0.187398	0.00233117	0.0305459	0.00493429	0.0157989	0.0178577	0.0206416	0.00301222	0.127539	0.0225968	0.0400876	0.0267816	0.0930255	0.0195736	0.0284341	0.00302308	0.00454048
19	0.107433	0.00207418	0.0425798	0.0350453	0.0465574	0.0541645	0.0306394	0.0263658	0.0972266	0.0229457	0.00570628	0.00764617	0.191546	0.0203335	0.0439531	0.13404	0.0575327	0.0549712	0.000949997	0.0182888
20	0.0341977	0.025966	0.00964512	0.00317494	0.121173	0.00273347	0.129932	0.00752946	0.0119788	0.0229432	0.00439496	0.026838	0.0204589	0.0188447	0.0288688	0.0147813	0.00728654	0.0187175	0.04715	0.443386
21	0.0133291	0.000731406	0.00128111	0.00749111	0.000983876	0.00154301	0.00666647	0.00184414	0.0417869	0.0126334	0.00110424	0.00147245	0.00669832	0.0136735	0.869723	0.00773735	0.00274641	0.00227868	0.000550873	0.00572489
22	0.112945	0.0390048	0.00126922	0.00156368	0.000854715	0.00137124	0.00116845	0.450505	0.00153966	0.0127209	0.0108712	0.00150205	0.00967955	0.00137117	0.00217029	0.0541835	0.0375259	0.258241	0.000501122	0.0010119
23	0.0682424	0.00246163	0.00536502	0.0158435	0.00450331	0.0421767	0.0197033	0.0296449	0.104175	0.0625699	0.00479718	0.129225	0.0025786	0.0588082	0.290224	0.0465846	0.0316373	0.0470395	0.0170733	0.0173464
24	0.536124	0.00876796	0.00430231	0.00493189	0.00224507	0.0888809	0.0205263	0.0107208	0.00402292	0.006615	0.00306033	0.00476124	0.00412052	0.003327	0.00514993	0.234807	0.0410179	0.0129294	0.000815014	0.0028747
25	0.0132903	0.0054924	0.0011903	0.00189231	0.171781	0.001658	0.0199573	0.0295538	0.00164882	0.0239686	0.0124101	0.00169938	0.0159347	0.00232247	0.00286302	0.00645244	0.0200393	0.0446889	0.0785125	0.544644
26	0.0749294	0.00233539	0.0426942	0.0628881	0.00589972	0.00761304	0.0513922	0.00956501	0.043564	0.0488446	0.00843662	0.0354554	0.00309389	0.2476	0.114046	0.05335	0.0370593	0.0481947	0.00249866	0.10054
27	0.0597678	0.00116958	0.0268013	0.0374747	0.00413679	0.0177483	0.0125737	0.0024779	0.243933	0.0102405	0.0064986	0.20134	0.00126194	0.0478921	0.164246	0.0897695	0.0590805	0.0111712	0.000906011	0.00151152
28	0.578754	0.031954	0.00588095	0.0024926	0.00454381	0.182843	0.00312707	0.00685118	0.00248508	0.0133278	0.00163809	0.00253605	0.00150743	0.002088	0.0115292	0.0386521	0.0211269	0.0836341	0.000792381	0.00423658
29	0.40308	0.0309441	0.00278765	0.00939484	0.00187121	0.0117587	0.00350154	0.0431595	0.00339522	0.0471164	0.0139628	0.00280411	0.00187836	0.00264937	0.00352487	0.210788	0.0476877	0.145529	0.00107499	0.0130921
30	0.0758267	0.000630491	0.112146	0.0995244	0.00619322	0.011411	0.0480569	0.00274173	0.0845535	0.0972267	0.0267672	0.0690667	0.000770784	0.14893	0.108029	0.0394465	0.0338362	0.00487376	0.00592847	0.0240415
31	0.0124992	0.00350148	0.000292669	0.000507862	0.024564	0.000317708	0.00201768	0.328381	0.00107829	0.405746	0.0408723	0.000339554	0.00187977	0.000316194	0.000584692	0.000807051	0.00377682	0.162879	0.00157502	0.00806377
32	0.0653847	0.000624154	0.0878984	0.10695	0.0011397	0.0169606	0.014125	0.00163549	0.0441274	0.00783994	0.00116294	0.0204125	0.38252	0.0792774	0.0457643	0.0860123	0.0166357	0.0133437	0.00619948	0.0019866
33	0.086386	0.00219014	0.0639843	0.0295181	0.00363089	0.338278	0.104076	0.00850551	0.0358176	0.00963946	0.003152	0.0620469	0.0065625	0.0318832	0.0580011	0.106733	0.0282669	0.0119148	0.00573692	0.00367667
34	0.0193691	0.00180599	0.000475231	0.00269811	0.0178558	0.00198113	0.000558065	0.578606	0.000750872	0.0739345	0.0103534	0.000784953	0.00586131	0.000670264	0.00235197	0.0045125	0.0060711	0.263817	0.00172843	0.00581485
35	0.0484627	0.0068156	0.0115388	0.00695649	0.000672531	0.836166	0.00472533	0.00140786	0.00556887	0.00388527	0.00106419	0.014366	0.00216652	0.00315356	0.00473075	0.0389412	0.00654787	0.00173434	0.00040132	0.000694831
36	0.112149	0.000567278	0.150483	0.228949	0.000755506	0.0396393	0.0163389	0.00419509	0.12167	0.00686106	0.00267502	0.0280435	0.0533443	0.0464762	0.0586271	0.0676628	0.043592	0.0142969	0.00132577	0.00234849
37	0.100033	0.00127984	0.0766274	0.0570145	0.00180041	0.311249	0.0323672	0.021286	0.0146493	0.00484341	0.00233926	0.0660559	0.00250071	0.00375932	0.032586	0.1712	0.0939975	0.00370984	0.0011877	0.0015134
38	0.0146472	0.0014418	0.00296987	0.00368765	0.0275382	0.00294973	0.00270593	0.145423	0.00722915	0.376046	0.180879	0.00260603	0.00170393	0.00332501	0.00460885	0.0281945	0.136614	0.0303046	0.00335062	0.0237754
39	0.100207	0.00067215	0.0406055	0.0918877	0.0241347	0.00916643	0.0297148	0.0641557	0.0738784	0.105433	0.0112035	0.0213943	0.0008312	0.0621286	0.0787304	0.0472241	0.107903	0.0940994	0.0096123	0.027018
40	0.0147646	0.00305532	0.000330199	0.000673956	0.0185784	0.000688781	0.00177184	0.411346	0.000981367	0.326402	0.0305494	0.000406563	0.0019896	0.000360471	0.000659905	0.00108725	0.00314681	0.175187	0.00128959	0.00673076
41	0.100206	0.000672703	0.0406849	0.0918992	0.0241363	0.00917065	0.0296667	0.0641174	0.0737918	0.105399	0.0112237	0.0213947	0.000795996	0.0621555	0.0787365	0.0472413	0.108068	0.0940433	0.00962289	0.0269732
42	0.0583417	0.000398711	0.183393	0.497816	0.000554198	0.00563182	0.00460051	0.00324995	0.0208596	0.00638183	0.00259295	0.0236572	0.00103782	0.0922192	0.0163924	0.0296942	0.0414614	0.00760492	0.000359485	0.00375357
43	0.0252594	0.0023489	0.000699125	0.00126093	0.152197	0.000830072	0.00410745	0.209752	0.000956247	0.25267	0.0420423	0.000742121	0.000566444	0.000755049	0.00144287	0.00651914	0.0268949	0.127051	0.0282093	0.115695
44	0.0396437	0.0121029	0.00262976	0.00383285	0.0863421	0.00340583	0.0556226	0.00369308	0.00322079	0.537807	0.0550066	0.00304768	0.00199929	0.0421704	0.0366107	0.00513215	0.0156883	0.0047385	0.00109086	0.0862151
45	0.0574532	0.000398812	0.182873	0.499587	0.000562293	0.00539283	0.00458133	0.00318991	0.0209216	0.00641311	0.00260717	0.0233638	0.000487705	0.0928293	0.0163633	0.0294741	0.0417596	0.00764152	0.000339737	0.0037602
46	0.0965906	0.0011983	0.0758068	0.265272	0.00177614	0.0230463	0.0164112	0.00402543	0.124008	0.0112512	0.00340387	0.0286179	0.0037899	0.0860064	0.152604	0.0549325	0.0292369	0.0136546	0.00356215	0.00480542
47	0.0252278	0.00300519	0.000573589	0.000946291	0.105555	0.000754875	0.00380763	0.205025	0.000931257	0.339324	0.0480899	0.000572616	0.00130828	0.000816466	0.00211858	0.00687268	0.024487	0.132119	0.0208498	0.077615
48	0.0415985	0.00771422	0.00435341	0.0809288	0.00758421	0.00514591	0.0216758	0.0157893	0.240766	0.0894797	0.0124691	0.00610145	0.000949201	0.0811954	0.253528	0.0545529	0.0302232	0.03444	0.000749178	0.0107552
49	0.0336085	0.00254133	0.000734787	0.0012418	0.114335	0.000756893	0.00719829	0.226353	0.000925414	0.230109	0.059336	0.000696706	0.000464318	0.000676028	0.00129882	0.00908853	0.0448239	0.145546	0.0300964	0.0901693
50	0.0899192	0.00334198	0.0415592	0.0651107	0.00535072	0.0200799	0.0311577	0.0127924	0.0497231	0.0185197	0.00392219	0.0130993	0.425933	0.0385965	0.0522829	0.0635456	0.0236429	0.0279339	0.00633236	0.00715704
51	0.144288	0.00179887	0.0247642	0.0823098	0.0173954	0.0468906	0.015494	0.0346797	0.106246	0.0313765	0.00420521	0.00787785	0.230224	0.0229094	0.0432417	0.0873049	0.0469097	0.0418613	0.000675797	0.00954651
52	0.0884869	0.00127163	0.0801131	0.0609083	0.00179985	0.321194	0.0331667	0.0215782	0.0132055	0.00512998	0.0023737	0.0638159	0.00275466	0.0032126	0.0302632	0.167978	0.0961562	0.00369277	0.00125907	0.00163976
53	0.0111274	0.00387969	0.000245467	0.000334682	0.0337826	0.000288746	0.00159578	0.254032	0.00105889	0.463345	0.0508145	0.000274041	0.00220507	0.000237063	0.000625909	0.000848177	0.00380066	0.159731	0.00194042	0.00983305
54	0.0449141	0.00192057	0.0200347	0.0167892	0.0929058	0.0147263	0.00282485	0.0846497	0.0167365	0.329005	0.025531	0.0142425	0.00194351	0.0242155	0.0692312	0.0164207	0.0282615	0.19227	0.00110636	0.00227152
55	0.133902	0.000320636	0.233345	0.284639	0.000366748	0.0336369	0.00719385	0.00494954	0.0344477	0.00652607	0.00244572	0.0453801	0.0521904	0.033224	0.0152051	0.0737042	0.0255768	0.0048793	0.00264136	0.00542548
56	0.0121663	0.00410779	0.000309579	0.000391478	0.0335502	0.000710004	0.00124887	0.208622	0.000958756	0.520962	0.0579072	0.000315566	0.00302481	0.000777035	0.00296403	0.0038734	0.00298831	0.13237	0.00358369	0.00916846
57	0.0141017	0.00106458	0.00177648	0.00279301	0.0221518	0.00247162	0.0017108	0.0367249	0.0100298	0.483261	0.253389	0.00221632	0.00147601	0.00216178	0.00422583	0.0253561	0.0875487	0.00804763	0.000935242	0.0385572
58	0.0946156	0.00101766	0.0748882	0.239944	0.00151871	0.0344147	0.0156837	0.00291011	0.131498	0.00890383	0.003814	0.0291937	0.00504414	0.101893	0.15518	0.0489975	0.0294431	0.012196	0.00447118	0.0043729
59	0.0217977	0.00229303	0.000389392	0.00118484	0.0064061	0.00183805	0.000860293	0.60717	0.000623761	0.0965242	0.00929964	0.000520712	0.00505062	0.000653178	0.0015324	0.00223555	0.00273463	0.234449	0.000875655	0.00356077
60	0.0628886	0.0013214	0.0738783	0.115016	0.00162139	0.0155539	0.014684	0.00245547	0.0468998	0.00926913	0.00197442	0.0235815	0.346841	0.0972246	0.06054	0.0866372	0.0168627	0.0137157	0.00618762	0.00284659
61	0.0357072	0.00631611	0.182713	0.027164	0.00207097	0.441682	0.0197868	0.00541769	0.0158142	0.00576521	0.00223254	0.083844	0.00612449	0.015427	0.0143321	0.105772	0.016995	0.00939609	0.00120829	0.0022311
62	0.0110376	0.00385332	0.000246366	0.000336493	0.0337725	0.00029599	0.00157119	0.249998	0.0010568	0.468608	0.0514559	0.000276955	0.0022635	0.000288805	0.000779372	0.00104456	0.0037157	0.15756	0.00206956	0.00976951
63	0.0432855	0.00748412	0.00283838	0.00310811	0.000537682	0.886205	0.00171312	0.000721253	0.00392184	0.00372276	0.000567019	0.00419686	0.000446657	0.00115476	0.00199515	0.0324505	0.00361354	0.00110038	0.000323231	0.000613971
64	0.173329	0.00493911	0.0164482	0.0289214	0.0120004	0.0515678	0.0361598	0.0163139	0.0428613	0.0418925	0.00667049	0.00962357	0.233378	0.012178	0.0479928	0.0935238	0.0714734	0.0900283	0.00218514	0.00851259
65	0.0353282	0.00109943	0.00239428	0.0030639	0.00133347	0.00254158	0.00303256	0.022247	0.493757	0.0150322	0.00223313	0.00799427	0.00177933	0.00418626	0.319988	0.0398258	0.0307928	0.0107661	0.000759318	0.00184526
66	0.0348375	0.00118712	0.00249166	0.00264347	0.00135801	0.00278424	0.00315624	0.0247051	0.52748	0.016316	0.00249008	0.00904739	0.00123739	0.00447731	0.274242	0.0421078	0.034842	0.0123626	0.000793076	0.00144086
67	0.0541412	0.0196046	0.000948963	0.00502778	0.0305069	0.0024549	0.000877515	0.248661	0.00142546	0.119316	0.0128273	0.00352732	0.00350061	0.0011513	0.00446093	0.00658607	0.0518174	0.430545	0.000928217	0.00169067
68	0.120425	0.0011462	0.0695538	0.238062	0.00166143	0.0418989	0.014034	0.00403877	0.138825	0.0109107	0.00337474	0.0226148	0.00613806	0.0953472	0.128115	0.0413794	0.0354238	0.0190389	0.00387633	0.004136
69	0.0448052	0.00671589	0.00136014	0.00231337	0.118986	0.00219122	0.00631818	0.192133	0.00195503	0.262084	0.0508269	0.00149557	0.00174572	0.00241889	0.00296973	0.00934017	0.0412246	0.141666	0.0236628	0.0857878
70	0.0182624	0.000444774	0.113724	0.0325746	0.000552733	0.607532	0.0317239	0.000944084	0.0297598	0.00138737	0.000598276	0.08638	0.00363651	0.0332938	0.0221338	0.0137317	0.00135707	0.00115521	0.000266054	0.000541765
71	0.020411	0.00186748	0.000378661	0.00133897	0.00872691	0.00220876	0.000573249	0.617996	0.000667541	0.0703966	0.00983475	0.000561548	0.00626566	0.000622528	0.00197483	0.00304892	0.00292551	0.244679	0.00099667	0.00452484
72	0.0554782	0.0029627	0.138212	0.109424	0.00188565	0.0307039	0.0494675	0.0181604	0.108746	0.00818553	0.00237419	0.0170417	0.00915503	0.0476977	0.077273	0.0792402	0.19301	0.0477122	0.00100205	0.0022677
73	0.122058	0.000317257	0.221613	0.314555	0.000342258	0.0255344	0.0101272	0.00435376	0.0327794	0.00651508	0.00283566	0.03608	0.0376607	0.0490809	0.0192704	0.0766324	0.0291918	0.0049629	0.0020516	0.00403826
74	0.0197569	0.00480218	0.00221495	0.00163161	0.078755	0.00307695	0.00246053	0.143345	0.00222569	0.51411	0.0544599	0.00173232	0.00320699	0.00386477	0.00833911	0.00819774	0.008481	0.106032	0.00865658	0.0246512
75	0.0639992	0.00534248	0.0072191	0.126195	0.00413687	0.00301448	0.0301789	0.0150869	0.255963	0.0805137	0.0079341	0.00558156	0.0017872	0.0801049	0.202331	0.0291398	0.0243659	0.0345281	0.00120637	0.0213727
76	0.102618	0.000981459	0.0579182	0.24833	0.00152844	0.0166207	0.0239217	0.00760565	0.146275	0.0248632	0.00268092	0.020502	0.00413328	0.0866514	0.150729	0.0445147	0.0272586	0.0199394	0.00355222	0.00937656
77	0.194048	0.00379126	0.0226704	0.133849	0.0142048	0.0378324	0.0170418	0.03063	0.0669063	0.1018	0.00850512	0.0180384	0.00540942	0.0563348	0.0460518	0.0305033	0.0523952	0.0890578	0.0314601	0.0394698
78	0.171159	0.0829133	0.00103592	0.00142701	0.0341483	0.011852	0.00169367	0.214773	0.00422282	0.222197	0.0235648	0.00161165	0.0116904	0.00123433	0.00135574	0.00389559	0.0319457	0.174538	0.000302849	0.00443833
79	0.0120818	0.00367239	0.000245835	0.000387247	0.0310243	0.000345653	0.00167848	0.266735	0.00143198	0.452878	0.0475874	0.000388411	0.00223525	0.000319001	0.000763796	0.000973385	0.00378326	0.161822	0.00190712	0.00973962
80	0.0765824	0.00145678	0.0168618	0.0313284	0.00231439	0.00347331	0.0166645	0.00347065	0.350523	0.00566167	0.00245214	0.015281	0.251364	0.00373922	0.10531	0.0973257	0.00608899	0.00564212	0.00138264	0.00307815
81	0.0438614	0.00631365	0.0318202	0.0231521	0.00798165	0.350496	0.0260453	0.014981	0.0428389	0.0264815	0.0100493	0.0832293	0.00639255	0.029577	0.200235	0.0354258	0.024056	0.0216354	0.00767593	0.00775164
82	0.0181099	0.00637132	0.00270155	0.00345568	0.612995	0.00830197	0.00520047	0.0366203	0.00351623	0.141953	0.119035	0.00320551	0.00189867	0.00347496	0.00359973	0.00558886	0.00500398	0.0151986	0.00100403	0.00276418
83	0.0443304	0.00761366	0.00116989	0.00275902	0.000494435	0.889532	0.00119196	0.000722065	0.00360314	0.0036256	0.000615257	0.00288918	0.000721217	0.000706759	0.00157207	0.0329536	0.00373618	0.000992039	0.000280987	0.000490663
84	0.288527	0.00162016	0.0595751	0.229511	0.0023314	0.00545673	0.00648826	0.00667634	0.0772606	0.0159951	0.00483029	0.00841573	0.131	0.0609104	0.0191468	0.0360034	0.00846937	0.0352408	0.000930895	0.00161105
85	0.0376071	0.00117075	0.00256378	0.00370007	0.0017017	0.0054269	0.00385298	0.0277411	0.493839	0.017845	0.00247437	0.0186493	0.00121296	0.00947892	0.27417	0.0417619	0.0372487	0.0156619	0.00154896	0.00234429
86	0.0814625	0.00187007	0.00819456	0.00743161	0.0226286	0.00719568	0.0069416	0.0425787	0.103399	0.0592255	0.0749706	0.00527556	0.00280832	0.00823367	0.0566699	0.335771	0.125308	0.042605	0.0016173	0.00581363
87	0.19466	0.00335353	0.00523527	0.122919	0.00433476	0.0107534	0.00542233	0.196173	0.0117728	0.0487856	0.0127574	0.0106758	0.00429273	0.216714	0.00832281	0.00928347	0.0337635	0.0940759	0.00239388	0.0043111
88	0.0736135	0.000913208	0.0270418	0.0349049	0.0044803	0.0207949	0.00907638	0.00224424	0.250592	0.0121436	0.00827015	0.212579	0.00102108	0.0459669	0.162454	0.0784529	0.0449107	0.00827491	0.000810141	0.00145472
89	0.0115694	0.00388108	0.000235197	0.000334936	0.0333085	0.000278374	0.00158158	0.255951	0.0010885	0.462901	0.0495656	0.000273489	0.00211634	0.000235559	0.000624741	0.000849713	0.0036859	0.159326	0.00196299	0.0102307
90	0.0495531	0.00219979	0.00173471	0.0100563	0.0197395	0.0122213	0.00138338	0.113043	0.0389792	0.580025	0.0330217	0.00595009	0.00214468	0.0115003	0.0576355	0.0148814	0.00437348	0.0321748	0.00138805	0.00799485
91	0.0974383	0.00116623	0.0745643	0.262836	0.0017128	0.0223104	0.0173753	0.00435583	0.126033	0.0123695	0.00326417	0.0277498	0.00384062	0.0866806	0.152731	0.0538326	0.0288006	0.0141845	0.00368979	0.00506415
92	0.35715	0.00305896	0.00791535	0.0502244	0.00351689	0.176924	0.00621534	0.0262276	0.0251663	0.00884076	0.00454151	0.0878979	0.00636146	0.0334248	0.00822573	0.146896	0.0346315	0.00753435	0.00176123	0.00348634
93	0.0217006	0.00242611	0.000413565	0.00112343	0.00504243	0.00167435	0.00119223	0.600972	0.000695816	0.1196	0.00907712	0.000541837	0.00432088	0.000697546	0.00139034	0.00189984	0.00256119	0.220769	0.000737146	0.00316356
94	0.0712664	0.0036033	0.00292974	0.0270239	0.00733511	0.00311709	0.00255217	0.221154	0.0143735	0.193968	0.0024112	0.00305229	0.0968445	0.0140391	0.0166349	0.0276094	0.0273894	0.221081	0.00111842	0.0424964
95	0.246446	0.146303	0.00682928	0.00361328	0.00176255	0.0904205	0.00274328	0.00809366	0.0032144	0.00910595	0.0027369	0.0135482	0.00206726	0.00319729	0.00490141	0.0936101	0.248239	0.109767	0.00121724	0.00218391
96	0.0440724	0.00758056	0.0019083	0.00308672	0.000506858	0.886425	0.00154794	0.000769698	0.00378266	0.00361537	0.000587964	0.0033818	0.00073908	0.000888682	0.00185144	0.0334241	0.00400414	0.00103526	0.000300412	0.000492019
97	0.133426	0.000387264	0.217585	0.27406	0.000432834	0.0386613	0.00812286	0.00438945	0.0427167	0.00656691	0.00281068	0.0423364	0.0645092	0.0357674	0.0159618	0.0753695	0.0247848	0.0056943	0.00229223	0.00412532
98	0.0322922	0.00357309	0.000719712	0.00134079	0.132758	0.000857958	0.0053845	0.204858	0.000965866	0.250508	0.0467139	0.00075323	0.000559785	0.000718346	0.00121261	0.00869731	0.0391301	0.143734	0.026583	0.09864
99	0.0162239	0.000904037	0.0013016	0.00802208	0.00106602	0.00157934	0.00613168	0.00258992	0.0541388	0.0133141	0.00122666	0.00195698	0.00631111	0.0140784	0.849085	0.00919521	0.00382264	0.00300732	0.000503491	0.00554209
100	0.0140749	0.00109776	0.00138485	0.00763183	0.00106226	0.00174641	0.00608317	0.0020421	0.040838	0.0149135	0.00151971	0.00198052	0.00686217	0.0137689	0.864172	0.00824286	0.00331346	0.00283	0.000642615	0.00579277
101	0.0487504	0.0309198	0.0126679	0.0321828	0.0498314	0.130715	0.0301732	0.0144798	0.0917894	0.0571671	0.0822366	0.0256873	0.00651557	0.0598992	0.147073	0.0341968	0.0342287	0.0239686	0.066332	0.0211856
102	0.0821612	0.0288055	0.00406885	0.0841823	0.00516496	0.00641947	0.0122048	0.00941355	0.241296	0.0753793	0.0236445	0.0153007	0.00242073	0.0552	0.253401	0.0313315	0.0245732	0.0347773	0.00362781	0.00662691
103	0.120583	0.000711328	0.206272	0.286082	0.000623215	0.0321172	0.00875459	0.00396657	0.0371579	0.00689425	0.00305355	0.0451668	0.0989941	0.0373024	0.0144093	0.0645772	0.0220949	0.00545571	0.00241775	0.00336641
104	0.0203337	0.0055665	0.026247	0.00846047	0.00446905	0.00610109	0.00660441	0.0968509	0.00622567	0.0716122	0.119659	0.00869181	0.00316214	0.0258289	0.026002	0.0958289	0.336841	0.124905	0.00210499	0.00450508
105	0.108662	0.038309	0.00121471	0.00162944	0.00187343	0.00140273	0.00114871	0.442538	0.00149666	0.016669	0.0112261	0.00152104	0.00902969	0.00130596	0.00222696	0.0513168	0.038372	0.268574	0.000466727	0.00101652
106	0.0770295	0.000944565	0.121602	0.182182	0.0012131	0.0854869	0.00845385	0.00272871	0.18864	0.0101392	0.00174665	0.0311853	0.0237161	0.0368268	0.0600726	0.110218	0.0417358	0.0133308	0.00104972	0.00169832
107	0.131212	0.000560179	0.238849	0.275002	0.000425282	0.0328663	0.00712385	0.00587812	0.034325	0.00721528	0.00261804	0.0506652	0.0501054	0.0323034	0.017169	0.0730786	0.0263272	0.00583412	0.00258394	0.00585924
108	0.0136734	0.00468868	0.00027229	0.000644715	0.0306171	0.000362333	0.0017057	0.286693	0.00116164	0.432388	0.0441515	0.000329207	0.00208349	0.00031104	0.000646499	0.000941414	0.003895	0.163951	0.00191388	0.0095698
109	0.0134135	0.00629919	0.760023	0.0617155	0.00145049	0.00201942	0.0147855	0.00127902	0.00311402	0.00675794	0.00117125	0.0526204	0.000720387	0.0156018	0.014857	0.0261723	0.00806917	0.00251566	0.00138842	0.00602625
110	0.0252594	0.0023489	0.000699125	0.00126093	0.152197	0.000830072	0.00410745	0.209752	0.000956247	0.25267	0.0420423	0.000742121	0.000566444	0.000755049	0.00144287	0.00651914	0.0268949	0.127051	0.0282093	0.115695
111	0.134095	0.0649041	0.000830304	0.00198081	0.0328452	0.00883851	0.00110927	0.220344	0.00314298	0.181142	0.0218995	0.00198488	0.0075521	0.000893136	0.00184098	0.0044301	0.0408761	0.268351	0.000287136	0.00265259
112	0.0875329	0.00140549	0.0864851	0.225315	0.00199636	0.023352	0.0152039	0.00376489	0.136298	0.0132082	0.00676292	0.0556103	0.00534513	0.0759844	0.146587	0.0595003	0.0331961	0.0146076	0.00318105	0.00466286
113	0.0135461	0.00354745	0.000311692	0.000928101	0.0528062	0.000382131	0.00188138	0.248482	0.00100815	0.41883	0.0474738	0.000348949	0.00196982	0.000338597	0.000710094	0.00230181	0.00792519	0.17005	0.00555826	0.0216004
114	0.0821196	0.00176877	0.0377018	0.0919983	0.0349672	0.00850116	0.0509493	0.0934134	0.0623001	0.0942438	0.0192952	0.0168797	0.00184239	0.0549831	0.0974928	0.0352757	0.0754161	0.0945364	0.00746258	0.0388527
115	0.160044	0.0775427	0.000856733	0.00123877	0.0365803	0.0105235	0.00129684	0.21846	0.00433948	0.220765	0.0233393	0.00152824	0.012476	0.000986618	0.00119912	0.00321041	0.0340264	0.187392	0.000283643	0.0039103
116	0.100961	0.046972	0.000979318	0.00310336	0.0295503	0.00558445	0.000957896	0.217513	0.00240216	0.151309	0.0154404	0.00312694	0.00489883	0.000981545	0.00325882	0.00643744	0.0536158	0.350743	0.000328509	0.00183646
117	0.120772	0.00114614	0.0425264	0.0791503	0.0464625	0.0107454	0.0240935	0.0410354	0.0521052	0.110612	0.0106603	0.0293011	0.00189453	0.0552852	0.0840056	0.0643441	0.113911	0.061011	0.0201336	0.0308056
118	0.0263955	0.00736642	0.0210679	0.0126609	0.00367496	0.013333	0.00509484	0.0196031	0.00831309	0.0155499	0.00879871	0.0083968	0.0190048	0.00533952	0.00753502	0.358441	0.434658	0.020252	0.00118161	0.00333293
119	0.0437873	0.0076593	0.00102264	0.00266841	0.000488042	0.891013	0.00118696	0.000711241	0.00353841	0.00361826	0.000571754	0.00287695	0.000401521	0.000677867	0.00156726	0.0328095	0.0036463	0.00099189	0.000276074	0.000487639
120	0.0620151	0.00477396	0.0223398	0.0355453	0.00344639	0.0620118	0.0256285	0.00696322	0.0134438	0.00997761	0.00924344	0.055283	0.0801049	0.00854733	0.0121311	0.469849	0.101004	0.0112475	0.00183425	0.00460949
121	0.0997649	0.00247335	0.063509	0.232922	0.00207586	0.0260309	0.0180866	0.00455449	0.137978	0.0179404	0.00415049	0.0243554	0.00644451	0.0927574	0.16288	0.0461794	0.0274549	0.0168017	0.00788465	0.00575573
122	0.174891	0.000347592	0.189224	0.266531	0.00043292	0.0223261	0.0122728	0.00463259	0.0410585	0.00584095	0.00528739	0.0356232	0.0842703	0.0444258	0.0152832	0.0643371	0.0214403	0.00752349	0.00150733	0.00274414
123	0.0236063	0.00612952	0.0100998	0.0113269	0.324553	0.0108459	0.386818	0.0138584	0.0126809	0.0342058	0.0228994	0.0127336	0.00642851	0.0318316	0.0191199	0.0159117	0.0150372	0.0148251	0.00522849	0.02186
124	0.0600063	0.00332791	0.00630255	0.0181513	0.00412999	0.00916289	0.0906424	0.0328178	0.0195237	0.098029	0.00601123	0.233053	0.00387849	0.00928844	0.0817178	0.0628658	0.0329541	0.106196	0.0414674	0.0804745
125	0.0718051	0.00780254	0.00420781	0.0999183	0.00698147	0.0178518	0.00382133	0.426016	0.0246119	0.0450867	0.0226177	0.0186236	0.00249673	0.00560111	0.0501032	0.00728295	0.0321717	0.148781	0.00148219	0.00273597
126	0.0944831	0.00392561	0.0193199	0.163773	0.00336329	0.00707316	0.0384132	0.0106073	0.222885	0.0526645	0.0050973	0.00838855	0.00247136	0.0857377	0.179523	0.033349	0.0251481	0.0278785	0.00183502	0.014063
127	0.0112507	0.00392645	0.000245333	0.000339858	0.0338642	0.000286392	0.001595	0.254702	0.00105991	0.462832	0.0505783	0.000273161	0.00216243	0.000234454	0.000625049	0.000834472	0.00380618	0.159524	0.00193615	0.00992364
128	0.0695157	0.00410302	0.0102571	0.0430588	0.00698511	0.0303949	0.0162887	0.0295863	0.1098	0.0757467	0.00719418	0.0759827	0.00195095	0.0782583	0.283102	0.0462827	0.0414287	0.048925	0.00881585	0.0123232
129	0.0446019	0.0179371	0.003619	0.0366407	0.115529	0.00978967	0.0223155	0.0240622	0.0579256	0.145561	0.076822	0.00477098	0.00307177	0.0178828	0.0687029	0.0230861	0.006067	0.00658913	0.113705	0.201321
130	0.0314961	0.0154363	0.0524496	0.0552944	0.00503383	0.0261362	0.081442	0.00857362	0.123924	0.0273459	0.00494044	0.0235551	0.00316762	0.0521537	0.191993	0.117785	0.137439	0.0341925	0.00225654	0.00538482
131	0.011641	0.00387248	0.000236312	0.0003336	0.0333043	0.00028318	0.00158213	0.256008	0.00110252	0.463049	0.0492745	0.000280882	0.00210387	0.000235214	0.000633121	0.000848386	0.0036641	0.159294	0.00195931	0.0102936
132	0.0399321	0.00310038	0.0401676	0.0313733	0.00432876	0.0088368	0.00676258	0.00696301	0.0356565	0.0113109	0.00440594	0.493245	0.00681246	0.0101767	0.0130054	0.186931	0.0799517	0.00941499	0.0022543	0.00537123
133	0.116389	0.000695353	0.152061	0.238059	0.00131069	0.0379611	0.0225467	0.00514117	0.0832119	0.00985504	0.00360711	0.0343737	0.0911054	0.0464903	0.0369857	0.0631063	0.0396695	0.0112145	0.00238249	0.00383414
134	0.064913	0.00317706	0.0702	0.0745054	0.028039	0.0637655	0.0647869	0.00643426	0.0271191	0.098866	0.0138435	0.0595879	0.0035502	0.03871	0.0266917	0.100576	0.0343586	0.00961273	0.0969951	0.114268
135	0.176259	0.00240316	0.0215012	0.0471702	0.00307901	0.377609	0.00626573	0.00579967	0.00738009	0.00736271	0.0204689	0.00917191	0.0901159	0.0111598	0.00612315	0.148671	0.0484733	0.00700373	0.00107709	0.00290538
136	0.0165497	0.0050896	0.000415718	0.00075456	0.0365228	0.00178543	0.0008182	0.134437	0.00116869	0.617245	0.0615155	0.000506372	0.00434125	0.00208872	0.00811307	0.00976482	0.00179816	0.0801235	0.00709964	0.00986203
137	0.0171901	0.00346586	0.000314222	0.000499494	0.0608266	0.000382475	0.00257366	0.240109	0.00105856	0.403762	0.0490293	0.000377638	0.00168423	0.000316185	0.000886747	0.00279885	0.0120246	0.158519	0.00895484	0.0352257
138	0.0183395	0.000442288	0.113808	0.032628	0.000552801	0.606976	0.0317426	0.000954228	0.0297283	0.00138527	0.000605081	0.0863841	0.00361482	0.0331891	0.0221452	0.0139956	0.00153096	0.00116656	0.000264422	0.000547469
139	0.0202591	0.00512865	0.000562071	0.00104207	0.0325296	0.00306606	0.000604018	0.078034	0.00281705	0.6928	0.0685311	0.000940511	0.00484944	0.00363485	0.0132356	0.0140977	0.00108705	0.0370389	0.00874849	0.0109935
140	0.0744836	0.000588392	0.0933533	0.10706	0.00105715	0.0156531	0.0153948	0.00172961	0.0330006	0.0081704	0.00139703	0.0215525	0.385968	0.0755108	0.0411426	0.0834325	0.0175212	0.0140003	0.00691639	0.00206805
141	0.0133613	0.00600298	0.00125877	0.00207223	0.170603	0.00160405	0.0218955	0.0216235	0.00171647	0.0157993	0.011598	0.00176441	0.017717	0.00241406	0.00303239	0.00679134	0.0213083	0.0417569	0.0867294	0.550951
142	0.0203933	0.00246771	0.000423139	0.00204427	0.0143916	0.00191556	0.00063156	0.555743	0.000732049	0.0702567	0.0131393	0.000895904	0.00788917	0.000714507	0.00322491	0.00392776	0.00969874	0.286297	0.00109513	0.00411861
143	0.0996031	0.00385019	0.00359017	0.15912	0.0041163	0.00448453	0.00501787	0.0802411	0.00558636	0.0242587	0.00353335	0.00438955	0.490759	0.00537013	0.00661253	0.0069275	0.010375	0.0660965	0.0071638	0.00890442
144	0.0878725	0.00494471	0.0229001	0.108728	0.00600179	0.0118601	0.0122866	0.0363702	0.0189461	0.0226583	0.00542223	0.0105959	0.476664	0.0200489	0.0195438	0.0289469	0.0179747	0.0337557	0.0268861	0.0275929
145	0.134129	0.0419981	0.0121805	0.17826	0.0463733	0.0180473	0.0111214	0.0226054	0.0239342	0.0229663	0.00860202	0.0092878	0.232361	0.0130127	0.0185737	0.028131	0.096382	0.0657701	0.00553886	0.0107252
146	0.0202526	0.00512686	0.000562989	0.00105022	0.0325064	0.00306332	0.000604166	0.078061	0.00283192	0.692729	0.068559	0.000951246	0.00483343	0.00364093	0.013243	0.0140994	0.00109084	0.0370074	0.00875237	0.0110337
147	0.0132138	0.000729634	0.00121209	0.0072329	0.000946438	0.00145864	0.00619169	0.00185226	0.0405549	0.0128889	0.00106627	0.0015031	0.00674055	0.0135899	0.871952	0.00774636	0.00275843	0.00205592	0.000522118	0.00578365
148	0.0915671	0.00139865	0.0880729	0.269234	0.00256003	0.0220812	0.0160206	0.00610819	0.104183	0.0154027	0.00390955	0.0367669	0.00696366	0.0758372	0.131822	0.0594035	0.0405991	0.0186676	0.00370789	0.00569373
149	0.0654721	0.00425142	0.358627	0.003735	0.00210492	0.195529	0.0249996	0.00354789	0.00366921	0.00496599	0.00254751	0.193077	0.0159532	0.0148906	0.00383988	0.0759485	0.0157275	0.00737633	0.00124956	0.0024876
150	0.0530684	0.0281004	0.0171979	0.0471964	0.0390961	0.110317	0.0307765	0.0127913	0.0925067	0.0499505	0.0676595	0.029978	0.00889568	0.0659797	0.163316	0.0407852	0.0417954	0.0275449	0.0592294	0.0138157
151	0.0551076	0.018709	0.0247308	0.0290895	0.0360371	0.192565	0.0493301	0.0185311	0.0843968	0.0483346	0.0497373	0.034079	0.00602466	0.055052	0.108489	0.06078	0.0392622	0.0190109	0.0562319	0.0145015
152	0.136174	0.00435767	0.0324153	0.378752	0.00630194	0.0168781	0.0117423	0.0152017	0.0811475	0.0627826	0.00730776	0.0139173	0.0193317	0.0403355	0.0472038	0.0295691	0.0268257	0.0528401	0.0059677	0.0109478
153	0.0198242	0.00221643	0.000603338	0.00484482	0.042858	0.00146142	0.00142966	0.466903	0.000992597	0.125242	0.0157858	0.000988911	0.00430851	0.000724097	0.00211966	0.00511399	0.0137487	0.26637	0.00670825	0.0177573
154	0.0787759	0.000963993	0.134245	0.175628	0.00113096	0.0913693	0.00722277	0.00279801	0.188016	0.0104366	0.00143002	0.0311927	0.0231139	0.0296744	0.0463937	0.118796	0.0429143	0.0136079	0.000793196	0.00149835
155	0.0107511	0.0056425	0.796016	0.0593925	0.00119632	0.000999796	0.0122216	0.000976827	0.00101925	0.00399598	0.000731434	0.0428201	0.000591602	0.0159488	0.0122834	0.0227814	0.00648946	0.00199525	0.000300933	0.00384531
156	0.0128069	0.00335684	0.000312395	0.000474673	0.0236807	0.000371024	0.00200755	0.336048	0.00107607	0.398738	0.040162	0.000360425	0.00195448	0.000352833	0.00056106	0.000854033	0.00364944	0.164003	0.00144525	0.00778437
157	0.0205654	0.00353937	0.0130952	0.0207504	0.00324684	0.00376639	0.0268039	0.0196157	0.368254	0.0617347	0.014705	0.0167147	0.00154285	0.075435	0.239997	0.0172319	0.0335679	0.0525926	0.00106583	0.00577515
158	0.0437873	0.0076593	0.00102264	0.00266841	0.000488042	0.891013	0.00118696	0.000711241	0.00353841	0.00361826	0.000571754	0.00287695	0.000401521	0.000677867	0.00156726	0.0328095	0.0036463	0.00099189	0.000276074	0.000487639
159	0.149782	0.0762421	0.0548638	0.0277437	0.00287839	0.0205125	0.00633185	0.0875328	0.00457643	0.0843693	0.13528	0.00975144	0.0025287	0.00547188	0.00749135	0.0658244	0.0843359	0.165175	0.00147502	0.00783295
160	0.018261	0.00510911	0.000498042	0.000807335	0.0360771	0.00252604	0.000667611	0.100822	0.00191667	0.661479	0.0649451	0.00072691	0.00502471	0.00287756	0.0103234	0.0122075	0.00136202	0.0565071	0.00807884	0.00978351
161	0.0211542	0.00421914	0.0194276	0.0140085	0.091591	0.0113093	0.621796	0.00694416	0.0111737	0.0136598	0.00841614	0.0271425	0.00395283	0.0567451	0.0343839	0.0200795	0.0107269	0.0111354	0.00275455	0.00938005
162	0.17477	0.0994186	0.0107654	0.0112139	0.00160839	0.0272845	0.00656357	0.0830967	0.00279123	0.0894539	0.154123	0.0115829	0.00145194	0.00296103	0.00362711	0.0752488	0.0654011	0.169791	0.00089066	0.00795675
163	0.0152409	0.00142708	0.029806	0.0156041	0.0130992	0.00931653	0.727678	0.00308416	0.00969645	0.00959822	0.00988853	0.0455586	0.00161406	0.0181924	0.0585204	0.0200824	0.00426034	0.00430714	0.00108664	0.00193907
164	0.0333976	0.00686624	0.0272281	0.0242984	0.001662	0.024065	0.00604219	0.00565744	0.00390779	0.00709776	0.00506923	0.0192721	0.0379234	0.00381582	0.00289255	0.555005	0.222076	0.0113873	0.000534436	0.00180093
165	0.0113858	0.00375216	0.000246168	0.000352266	0.0322718	0.000292023	0.00162615	0.258191	0.00113171	0.461716	0.0493519	0.000284826	0.00226426	0.000262953	0.000611065	0.00086124	0.00371381	0.16006	0.00189892	0.00972566
166	0.099248	0.00102946	0.0707808	0.275779	0.00144933	0.0176159	0.0188151	0.0100158	0.112434	0.0354457	0.0038979	0.0201257	0.00566618	0.0804887	0.143631	0.0503523	0.0280115	0.0169892	0.00309308	0.00513144
167	0.0575822	0.000414409	0.182867	0.499211	0.000567263	0.00548644	0.00457447	0.00313639	0.0209798	0.00640939	0.00258234	0.0233541	0.000714288	0.0930974	0.0162744	0.0294142	0.0416461	0.00763662	0.000343287	0.0037084
168	0.0139819	0.00410799	0.000255568	0.000399653	0.0350879	0.000370305	0.00209088	0.258512	0.00113239	0.445499	0.052467	0.00030908	0.00208096	0.000287009	0.000637785	0.00131818	0.0061479	0.158172	0.00355345	0.0135887
169	0.523122	0.00220431	0.00267054	0.00366535	0.00557992	0.0234037	0.0021768	0.0814925	0.0032278	0.0158245	0.0125437	0.00268277	0.00167198	0.00278941	0.00341033	0.00654538	0.0164965	0.262999	0.0220886	0.00540489
170	0.090195	0.000814784	0.093958	0.236809	0.00242393	0.0131002	0.0196039	0.00899905	0.0879828	0.0687772	0.0124988	0.0343179	0.00269114	0.116104	0.109368	0.0451377	0.0350479	0.0121379	0.00211587	0.00791679
171	0.0961648	0.00122156	0.0759963	0.265993	0.00180272	0.0228831	0.0163769	0.00407889	0.123184	0.0114526	0.00345775	0.0286448	0.00380364	0.0856507	0.152512	0.0554889	0.0293222	0.0137001	0.00347614	0.00479012
172	0.0192704	0.00885861	0.00252301	0.00317342	0.163299	0.00175056	0.044344	0.0202553	0.00433447	0.0174334	0.0113141	0.00581011	0.0160785	0.00494942	0.00718352	0.0106633	0.0168218	0.0341018	0.0831862	0.524649
173	0.0147603	0.00347938	0.000319893	0.000530722	0.0352293	0.000336888	0.00299158	0.263337	0.00108415	0.426863	0.0578648	0.000344714	0.00191512	0.000314235	0.000760581	0.00178236	0.00945494	0.158675	0.00554627	0.0144102
174	0.235504	0.0965437	0.0232927	0.00738373	0.00288164	0.156361	0.00485667	0.0345703	0.0052681	0.0346702	0.0198922	0.00591132	0.00368955	0.00526448	0.0112048	0.0561624	0.0679134	0.222999	0.00166894	0.0039617
175	0.0302963	0.00882506	0.000731049	0.004643	0.0307307	0.00215127	0.000720406	0.390227	0.00101812	0.0866358	0.0160133	0.00202796	0.00522827	0.000891138	0.00371558	0.00672387	0.0301878	0.373961	0.00152452	0.00374863
176	0.211099	0.15575	0.00265682	0.00330793	0.00182591	0.0473589	0.002414	0.00320462	0.00310625	0.00455362	0.00211922	0.0223789	0.00187348	0.0027464	0.00315444	0.126314	0.35859	0.0444057	0.00113335	0.00200737
177	0.0132064	0.00543489	0.782144	0.0664849	0.00120756	0.00161596	0.0117853	0.00117656	0.00178097	0.00419002	0.000793679	0.0425334	0.00177243	0.01637	0.0123951	0.0236304	0.00709757	0.00225163	0.000319008	0.00381001
178	0.0256401	0.00233353	0.0264551	0.0158372	0.0135504	0.045363	0.632566	0.00491729	0.027424	0.0103165	0.00890325	0.0435845	0.00368212	0.0212087	0.0659674	0.0276006	0.0119635	0.00748122	0.00223646	0.00296916
179	0.11945	0.00594875	0.0174603	0.0243846	0.00306382	0.0935929	0.010798	0.00798681	0.00629237	0.00804883	0.0219734	0.0207923	0.0715423	0.00552401	0.00590387	0.454974	0.107505	0.0103856	0.00116168	0.0032118
180	0.0437873	0.0076593	0.00102264	0.00266841	0.000488042	0.891013	0.00118696	0.000711241	0.00353841	0.00361826	0.000571754	0.00287695	0.000401521	0.000677867	0.00156726	0.0328095	0.0036463	0.00099189	0.000276074	0.000487639
181	0.112625	0.0392282	0.00127684	0.00156605	0.000836102	0.0013962	0.00119602	0.45115	0.00153109	0.0127626	0.0109319	0.00150774	0.00958519	0.00138811	0.00210661	0.0542858	0.0380628	0.257038	0.000502532	0.00102359
182	0.0574018	0.002036	0.103945	0.507597	0.00320541	0.0141513	0.00722312	0.00578775	0.0298761	0.0194598	0.00493158	0.0200871	0.0122382	0.0542364	0.0282473	0.0501745	0.057708	0.0135035	0.00188068	0.00630911
183	0.205311	0.103383	0.00947507	0.00982812	0.00165065	0.0288535	0.00644366	0.0781888	0.00257924	0.0821605	0.137331	0.00964931	0.00125933	0.00255413	0.00308831	0.0843118	0.0592031	0.165464	0.000778169	0.00848716
184	0.0967522	0.000937469	0.13933	0.266759	0.00118225	0.0380938	0.0112782	0.00377833	0.104305	0.00907347	0.00282573	0.0398335	0.0206958	0.0587101	0.0882374	0.070454	0.0303825	0.0103793	0.00275652	0.0042362
185	0.0323101	0.00668953	0.000509353	0.00183108	0.0112513	0.00223921	0.000750201	0.548798	0.000764823	0.0689112	0.0131738	0.00100819	0.00649219	0.000822992	0.00259217	0.00710767	0.0114645	0.278582	0.000982603	0.00371888
186	0.0696703	0.00563391	0.0975246	0.0657482	0.00976084	0.0414952	0.0513234	0.00722838	0.0993234	0.134879	0.0758459	0.0386086	0.00428528	0.0652829	0.11443	0.0325814	0.0396156	0.011025	0.0147997	0.0209383
187	0.122078	0.00164988	0.035034	0.0653345	0.0105332	0.0652525	0.03095	0.0237844	0.108565	0.0539402	0.0131588	0.0285638	0.207078	0.012374	0.0587361	0.0769733	0.0352407	0.0229927	0.00252759	0.0252333
188	0.0118093	0.00696664	0.768418	0.0584526	0.00104173	0.00143039	0.01096	0.00148298	0.00111955	0.00456151	0.000684403	0.0650231	0.000537485	0.0151587	0.0137246	0.0244112	0.00718952	0.00289133	0.000274924	0.00386264
189	0.100925	0.00610145	0.00280594	0.0177799	0.000929559	0.769781	0.00150339	0.0022718	0.00398784	0.00429256	0.00251963	0.00557078	0.0164608	0.00535708	0.00213795	0.0461196	0.00689022	0.00293587	0.00054236	0.00108714
190	0.0445908	0.00176368	0.026357	0.0622412	0.00256019	0.0356324	0.00467104	0.00418514	0.0367779	0.0163274	0.00381279	0.0257717	0.00310224	0.045914	0.0809141	0.466299	0.129863	0.00501965	0.00108074	0.0031165
