325	20
1	0.00699329	0.00208764	0.00200564	0.00450035	0.574888	0.00190427	0.010163	0.0192573	0.0016896	0.0576821	0.0279288	0.00568371	0.00185228	0.0020585	0.00146343	0.0168393	0.00756905	0.0281985	0.000546894	0.226688
2	0.0118304	0.0102758	0.000566721	0.00182963	0.0355941	0.00159074	0.000505693	0.404655	0.0021456	0.154698	0.0369482	0.00259651	0.000382398	0.00276111	0.00227977	0.00322868	0.008025	0.313166	0.000102533	0.00681873
3	0.0184271	0.022421	0.00441735	0.00273197	0.123106	0.00348971	0.0043827	0.145914	0.00334214	0.41685	0.0779319	0.00491337	0.00190487	0.00530529	0.00242621	0.011687	0.0192749	0.0881843	0.00273896	0.0405511
4	0.0498872	0.0076305	0.0599284	0.0258346	0.024755	0.0469289	0.00953383	0.00816766	0.0226956	0.0166097	0.00435437	0.168663	0.00890307	0.0458874	0.018969	0.290382	0.156786	0.0240223	0.000546101	0.00951628
5	0.0956805	0.00685607	0.0132218	0.0437655	0.0045056	0.0307471	0.0561073	0.0378169	0.0192657	0.185905	0.00800286	0.0496648	0.0557318	0.128839	0.037079	0.149715	0.0504222	0.0207844	0.00135508	0.00453452
6	0.0135642	0.0017957	0.0115611	0.0219914	0.000638236	0.00908931	0.0330399	0.00784235	0.354254	0.00708327	0.00345085	0.0415792	0.00298252	0.0370689	0.357559	0.0540374	0.024779	0.012913	0.000148387	0.0046223
7	0.0493523	0.0044854	0.0508294	0.0123459	0.00346305	0.641769	0.00795599	0.00701134	0.012648	0.00776578	0.00396368	0.067989	0.00723969	0.00689414	0.0143193	0.0629044	0.0236468	0.0105899	0.00131825	0.00350919
8	0.0374895	0.00206834	0.346492	0.229083	0.00217762	0.03761	0.0233327	0.00671117	0.0255984	0.00448465	0.00189675	0.0938256	0.0104288	0.0443438	0.00883879	0.0828426	0.0331076	0.00528853	0.000223882	0.00415617
9	0.0217369	0.0277804	0.00560256	0.0138987	0.0212863	0.0067625	0.0204972	0.233385	0.0234879	0.142247	0.02641	0.0513875	0.0101806	0.023489	0.0422872	0.0421936	0.082462	0.198718	0.000757404	0.00542971
10	0.0140411	0.0145499	0.00166199	0.00261345	0.0497167	0.00283313	0.00141273	0.288572	0.00326188	0.309525	0.0611393	0.00309301	0.00119328	0.00388394	0.0027889	0.00745603	0.0142138	0.208487	0.00162921	0.00792732
11	0.011592	0.010492	0.000461997	0.00110643	0.0229714	0.00127188	0.000393588	0.41286	0.00139804	0.138328	0.0294087	0.00215089	0.000332334	0.00209352	0.00152219	0.00198503	0.00570712	0.351903	7.7172e-05	0.0039446
12	0.0311235	0.0247205	0.0219749	0.027855	0.106078	0.0246626	0.0777667	0.0213628	0.0248012	0.0498765	0.0271287	0.115683	0.00574027	0.0800022	0.014104	0.0948374	0.0596266	0.023015	0.00603823	0.163603
13	0.0146636	0.00171306	0.012073	0.0220048	0.000834101	0.00888897	0.0319054	0.00932899	0.363171	0.00720838	0.00322578	0.0431373	0.00340238	0.0372141	0.336654	0.0598159	0.0260641	0.0136357	0.000160412	0.00489908
14	0.0650691	0.0194128	0.0278609	0.00872851	0.0834032	0.00820885	0.0437815	0.186224	0.00879657	0.119864	0.0491662	0.0350476	0.011033	0.056484	0.0215402	0.0406026	0.0753663	0.0985543	0.00151221	0.039344
15	0.0060494	0.00291726	0.00810502	0.0057143	0.424012	0.00650876	0.0215063	0.0278045	0.00278431	0.0520843	0.0198455	0.0153149	0.00453075	0.00320745	0.00174549	0.0166258	0.00684461	0.0353533	0.0100405	0.329006
16	0.0155535	0.00178169	0.0119106	0.0214061	0.000946783	0.00925478	0.0323756	0.00896475	0.352568	0.00743685	0.0034025	0.0411496	0.00397212	0.0376504	0.353473	0.0546556	0.0248367	0.0138224	0.000150146	0.00468952
17	0.0395394	0.00324435	0.23202	0.208197	0.00236451	0.06835	0.0351809	0.00671975	0.0338672	0.00517039	0.00179108	0.116362	0.0178192	0.0428101	0.0122024	0.123844	0.0383603	0.00785906	0.000222886	0.00407651
18	0.0329064	0.00273304	0.243461	0.234294	0.00231191	0.0593941	0.0384402	0.00700816	0.033534	0.00781861	0.00155363	0.101721	0.0189874	0.0477841	0.0124821	0.102601	0.039005	0.00953842	0.000192346	0.00423246
19	0.0941684	0.0549255	0.00550161	0.00598396	0.00797301	0.0211477	0.00522267	0.165625	0.00322607	0.0911479	0.024918	0.0242839	0.0160233	0.017386	0.0049323	0.0365258	0.0894585	0.327151	0.00140297	0.00299587
20	0.072849	0.00168805	0.0415104	0.0262644	0.00132381	0.0795718	0.00840591	0.00356833	0.167921	0.0144249	0.016283	0.0500861	0.202957	0.0349368	0.0520767	0.143072	0.0624965	0.0180398	0.00110909	0.00141551
21	0.0272506	0.00211117	0.0208738	0.0248858	0.00101851	0.0249128	0.0278499	0.00604496	0.327872	0.00908587	0.00486544	0.0490717	0.051429	0.0394271	0.258565	0.0724402	0.0340882	0.0141066	0.000322518	0.00377855
22	0.0796811	0.0092981	0.0275165	0.0249716	0.00295694	0.11055	0.0300218	0.0126744	0.0803196	0.0239384	0.00950815	0.149062	0.00895442	0.0618737	0.0481493	0.238817	0.0563231	0.0221312	0.000509848	0.00274349
23	0.094843	0.0186962	0.018104	0.0249668	0.0113801	0.0197879	0.0320206	0.127306	0.00886058	0.123279	0.0532362	0.0244404	0.0094672	0.0295129	0.018814	0.074482	0.118193	0.183083	0.00163295	0.00789518
24	0.161033	0.0423518	0.00875055	0.0106489	0.00726972	0.0237456	0.0211582	0.145934	0.00544837	0.0855007	0.0237186	0.020498	0.0139848	0.0193862	0.0111191	0.0908186	0.111738	0.188925	0.00178625	0.0061849
25	0.0299074	0.00442888	0.176234	0.269707	0.00302658	0.0248295	0.0258268	0.015778	0.0280474	0.0298726	0.0150037	0.0754672	0.0128557	0.0467724	0.0398094	0.0772256	0.0868523	0.0319775	0.000963515	0.00541471
26	0.0772129	0.0318752	0.00661545	0.00753261	0.0077563	0.0151243	0.00629056	0.21351	0.00570519	0.0550009	0.019841	0.0278164	0.0127984	0.0398872	0.0123641	0.0425508	0.122744	0.290161	0.00145653	0.0037576
27	0.00782156	0.00300013	0.00360094	0.00582877	0.540672	0.00297041	0.0160681	0.020756	0.00371955	0.0560117	0.0266685	0.00932121	0.00246116	0.00481821	0.0025118	0.0186584	0.00854862	0.0293135	0.00237801	0.234871
28	0.0350187	0.0886881	0.013362	0.0150201	0.105127	0.0118907	0.0483965	0.0934972	0.0322807	0.0432042	0.0179077	0.0384895	0.0175655	0.0427429	0.0726945	0.0771162	0.0448341	0.0514323	0.00744777	0.143285
29	0.0568375	0.0164391	0.0138114	0.0152906	0.00867595	0.0209887	0.0283045	0.130157	0.0129941	0.115613	0.0566655	0.0518601	0.00988309	0.0305632	0.0538566	0.072763	0.12224	0.175646	0.00121117	0.00619903
30	0.0428687	0.0052436	0.0281723	0.0703652	0.00382774	0.0213234	0.0667029	0.0174852	0.13921	0.0282226	0.00809878	0.116194	0.00797422	0.132496	0.0509411	0.139922	0.0783255	0.0218328	0.000758789	0.0200353
31	0.0124338	0.0110586	0.000637683	0.00167972	0.0310526	0.00163852	0.000675882	0.39929	0.00221941	0.138468	0.0347337	0.00285578	0.00049494	0.00266073	0.00228349	0.00322602	0.00866625	0.337791	0.000107719	0.00802563
32	0.011203	0.0139185	0.00189913	0.0118596	0.0331294	0.00282672	0.00465174	0.316476	0.0261304	0.166024	0.0333746	0.0200851	0.00249192	0.0144939	0.0242494	0.0147953	0.0475547	0.250936	0.000391233	0.00351048
33	0.0966128	0.0155556	0.00676573	0.00733397	0.00307215	0.008723	0.0115646	0.0142008	0.0152481	0.0158016	0.00669062	0.0107516	0.629509	0.0135345	0.00713601	0.0289573	0.0487671	0.0405285	0.000802621	0.0184443
34	0.0116677	0.0106583	0.000442603	0.000988441	0.0209927	0.00115816	0.00037414	0.413707	0.00130129	0.131401	0.0273961	0.00199882	0.000315468	0.00192216	0.00133559	0.00177349	0.00524574	0.363677	8.50438e-05	0.0035587
35	0.0220385	0.016733	0.0043673	0.0131145	0.0442262	0.00566358	0.00929615	0.234059	0.0254808	0.139316	0.0353622	0.0329433	0.00704189	0.0299683	0.0319671	0.0289601	0.0744201	0.238764	0.00073707	0.00554065
36	0.0388481	0.0477686	0.0142701	0.0276535	0.0088164	0.0133497	0.0316517	0.12818	0.0247532	0.0918152	0.0219026	0.0929274	0.0147515	0.0474964	0.067826	0.0884431	0.122289	0.108947	0.00114086	0.00716948
37	0.0125258	0.0108263	0.000632737	0.00187143	0.0303173	0.00159684	0.000585442	0.395965	0.00215753	0.162782	0.0357684	0.0027264	0.000430553	0.00259163	0.00235003	0.00334259	0.00781315	0.320319	0.000251159	0.00514666
38	0.0404642	0.00260972	0.214786	0.168791	0.00205315	0.215851	0.0236553	0.00676606	0.0307552	0.00434603	0.00276247	0.110127	0.0128168	0.0316777	0.00910898	0.0824351	0.0293435	0.00681594	0.00100514	0.00383008
39	0.0497233	0.00467059	0.0718975	0.0647855	0.001599	0.0905136	0.0393614	0.0123605	0.0940368	0.0233804	0.00702355	0.148141	0.00918033	0.0692727	0.0533574	0.183142	0.0598874	0.0139634	0.000300867	0.00340273
40	0.0909553	0.0609387	0.00645635	0.0061182	0.00772352	0.020174	0.00690072	0.146177	0.0044468	0.0701964	0.0193774	0.0290394	0.0168074	0.0176645	0.00795649	0.0485438	0.13125	0.303229	0.00135604	0.00468917
41	0.101781	0.0442989	0.00776088	0.00636704	0.0197932	0.0103039	0.00402457	0.00797024	0.00521862	0.0227745	0.00417579	0.0714049	0.003211	0.0216343	0.00706719	0.257456	0.353079	0.0482625	0.000700353	0.00271692
42	0.00666073	0.002415	0.00344486	0.00531328	0.510612	0.00286672	0.0141473	0.0222218	0.00193389	0.0543646	0.0242059	0.00787639	0.002703	0.00215264	0.00145713	0.0162003	0.00716689	0.031299	0.00352837	0.27943
43	0.0565558	0.0213461	0.0113994	0.00616922	0.113119	0.0058904	0.0370613	0.180043	0.00768476	0.17352	0.0652775	0.0256573	0.00611502	0.0456726	0.0111712	0.0475343	0.0503002	0.0900716	0.00206344	0.0433478
44	0.0192	0.0101787	0.0139532	0.0117617	0.163048	0.0135745	0.123596	0.0293066	0.0230849	0.033489	0.0232285	0.049309	0.00746407	0.038195	0.0114225	0.045029	0.0212549	0.0360523	0.0176683	0.309184
45	0.0227678	0.02282	0.00151925	0.00817152	0.0253211	0.00466143	0.00371359	0.276079	0.0161137	0.127157	0.0286681	0.0190099	0.00421709	0.0173938	0.0187338	0.0166928	0.0748941	0.309031	0.000312077	0.00272268
46	0.0170777	0.00172261	0.0109336	0.0202368	0.00113356	0.00817908	0.030356	0.0117934	0.377115	0.00730739	0.00300156	0.0395781	0.00271076	0.0386793	0.328514	0.0565537	0.0254466	0.0146677	0.00016995	0.00482289
47	0.0151899	0.00929238	0.016744	0.00850825	0.136887	0.0148633	0.0560503	0.0436269	0.01456	0.0377297	0.00923103	0.0315229	0.0102056	0.0192243	0.00650115	0.031718	0.0150725	0.0633215	0.0824082	0.377344
48	0.0126334	0.0107328	0.000947705	0.00228287	0.055091	0.00182505	0.000957229	0.373658	0.00322554	0.18914	0.045083	0.0031255	0.000624324	0.00401497	0.00267986	0.00489045	0.0107217	0.268394	0.000431265	0.00954105
49	0.111625	0.0766598	0.00618856	0.00707184	0.00615309	0.0513027	0.00688811	0.107106	0.0045135	0.0733417	0.0203633	0.0187978	0.0144844	0.0159607	0.00497919	0.0392911	0.100994	0.327071	0.00163279	0.00557544
50	0.315519	0.0483822	0.007823	0.00932464	0.00493769	0.118401	0.00874964	0.0658413	0.00603265	0.0549755	0.0267609	0.0145101	0.0110284	0.0195779	0.00610411	0.0580421	0.0791681	0.13165	0.0020434	0.0111288
51	0.0970056	0.052062	0.00731909	0.00708928	0.00677688	0.0200202	0.00809966	0.154983	0.00377194	0.0905485	0.0231416	0.0225235	0.0145694	0.017226	0.00917395	0.0526625	0.139445	0.26837	0.00153233	0.00367912
52	0.0943062	0.0436993	0.0057731	0.00480292	0.0140183	0.00716537	0.00330141	0.00981637	0.00440403	0.0320221	0.00460564	0.0507575	0.0033959	0.0152058	0.00611061	0.258275	0.38733	0.0522032	0.000508205	0.00229924
53	0.0131631	0.00176482	0.0130299	0.0232239	0.000596554	0.00932481	0.0351553	0.0074507	0.347512	0.00692182	0.00489525	0.0398746	0.00283627	0.0424999	0.355346	0.0543407	0.0241201	0.0129574	0.000160627	0.00482559
54	0.0740348	0.0439208	0.0085979	0.0445834	0.0355172	0.116608	0.0115093	0.00848299	0.0122501	0.0156688	0.0133652	0.0548917	0.0048634	0.0597997	0.0255794	0.276958	0.124286	0.058924	0.00093688	0.00922302
55	0.0356659	0.00377712	0.2771	0.207246	0.00277731	0.0405042	0.0271571	0.00835385	0.0300367	0.0104082	0.00279052	0.132615	0.0138414	0.0489173	0.0109967	0.0912645	0.0413039	0.00898781	0.000593676	0.00566236
56	0.101169	0.0567021	0.00650854	0.00679356	0.0085741	0.022603	0.00555999	0.162419	0.00273187	0.0776745	0.0225548	0.0264039	0.020893	0.0193309	0.00436477	0.0382899	0.0851615	0.327555	0.00181656	0.0028939
57	0.192736	0.0616331	0.00633907	0.00739624	0.0054918	0.0358539	0.00773367	0.0914173	0.0042045	0.0612028	0.0193357	0.0198991	0.0804965	0.0122246	0.00479452	0.102891	0.0861347	0.194562	0.00147355	0.00417958
58	0.369277	0.0611867	0.00205991	0.00512417	0.00385822	0.0258239	0.00198865	0.00626975	0.004687	0.0283459	0.0147335	0.0342244	0.0418875	0.00333908	0.0063956	0.269846	0.0659692	0.0531087	0.0003916	0.00148284
59	0.0182519	0.0228541	0.00426496	0.00262218	0.0877152	0.0037052	0.00355941	0.157887	0.00343822	0.44992	0.0814448	0.00447182	0.00196818	0.00498537	0.0024232	0.0108602	0.0199468	0.0948745	0.00299909	0.0218081
60	0.0976298	0.0565817	0.00579667	0.00634491	0.00775842	0.0238683	0.00561712	0.160913	0.00302204	0.0916989	0.0241111	0.0233587	0.0161592	0.0170132	0.00493056	0.0377242	0.0929559	0.319839	0.00151177	0.00316521
61	0.0152603	0.0182751	0.00271738	0.00249254	0.0711369	0.00395341	0.00218006	0.162807	0.00332085	0.500297	0.0797452	0.00276497	0.00183046	0.0052624	0.00226764	0.0105277	0.0195422	0.0807683	0.00462761	0.0102231
62	0.021707	0.00356477	0.0670996	0.358543	0.00239532	0.0227278	0.0282619	0.0113612	0.0408911	0.0294693	0.00455527	0.0524009	0.0163925	0.14629	0.0193309	0.0648549	0.0641485	0.0403484	0.000753795	0.00490387
63	0.0129995	0.011643	0.00421521	0.00391213	0.352923	0.00262059	0.0110037	0.07895	0.002794	0.191139	0.0480965	0.00871129	0.0023918	0.00612791	0.00234427	0.0158131	0.0142969	0.0656825	0.00118151	0.163154
64	0.0220695	0.0213436	0.00296124	0.00300334	0.0637836	0.00712524	0.0029632	0.165697	0.0032815	0.461962	0.0728389	0.00516743	0.00286654	0.00666418	0.00312067	0.0134476	0.0262605	0.101618	0.00389514	0.00993072
65	0.0344668	0.0157098	0.0118636	0.0164672	0.128119	0.0136061	0.114979	0.0351102	0.0382617	0.0387144	0.0257937	0.0608849	0.00794615	0.0636948	0.0256647	0.0561791	0.036186	0.0345494	0.0107149	0.231088
66	0.0133418	0.00172147	0.012657	0.0243895	0.000558255	0.0093729	0.0372477	0.00725649	0.354321	0.00676271	0.00372816	0.0401944	0.00281143	0.0455904	0.344383	0.0528093	0.0246287	0.013124	0.000150341	0.00495156
67	0.0165976	0.0177533	0.00294122	0.00291554	0.0816834	0.00376011	0.00243258	0.185763	0.00487299	0.441384	0.0796394	0.00322311	0.0019232	0.00531843	0.00269423	0.0118453	0.0203297	0.099185	0.00318294	0.0125544
68	0.0183632	0.0223029	0.00461629	0.00265894	0.0866321	0.00367973	0.0044474	0.158135	0.0035901	0.447165	0.0799087	0.00564156	0.0021898	0.00565757	0.00277929	0.0115122	0.020893	0.0960778	0.00296527	0.0207849
69	0.0301217	0.00183575	0.110408	0.0210946	0.00762787	0.0275504	0.00371864	0.00687006	0.0238255	0.0104958	0.00251791	0.226977	0.016902	0.0249307	0.014345	0.2704	0.171962	0.0221868	0.000620897	0.0056082
70	0.063131	0.00278417	0.0999502	0.193032	0.00184171	0.0658378	0.0179864	0.00754083	0.0996433	0.0134792	0.00883427	0.0647921	0.100956	0.0396662	0.0295427	0.123095	0.050119	0.0145944	0.000738339	0.0024355
71	0.0346584	0.00202612	0.27869	0.253189	0.00210091	0.0424637	0.0284049	0.00808954	0.0325997	0.0033765	0.00177193	0.104711	0.0115508	0.0432298	0.0102937	0.0955006	0.0374722	0.00552776	0.000154585	0.00418842
72	0.260054	0.0532069	0.00414669	0.0161166	0.0140799	0.0335957	0.00336948	0.00527227	0.0139957	0.015997	0.00772322	0.0723844	0.0171474	0.0123711	0.0154264	0.281715	0.118278	0.0522528	0.000528209	0.00233935
73	0.0117513	0.0103671	0.000457975	0.00105264	0.0231056	0.0012407	0.000394022	0.413686	0.00129229	0.140134	0.0293779	0.00202524	0.000329498	0.00198568	0.00137493	0.00200159	0.00561175	0.349892	8.53042e-05	0.00383393
74	0.0149376	0.00197062	0.0112437	0.0213857	0.00116738	0.00838352	0.0325749	0.00945276	0.362902	0.00842524	0.003126	0.0391638	0.00282979	0.0370893	0.346368	0.0537573	0.0254598	0.0150288	0.000184462	0.00454888
75	0.0357626	0.00200341	0.251104	0.23966	0.00202501	0.0482344	0.031823	0.00723985	0.0517224	0.00507356	0.00158312	0.100426	0.0139032	0.0420348	0.0160349	0.102063	0.0386505	0.00665671	0.000171269	0.00382898
76	0.030218	0.00322001	0.19828	0.215821	0.00326693	0.0439933	0.0441633	0.00816354	0.03963	0.0115993	0.00247126	0.143984	0.0162597	0.0612885	0.0160784	0.101046	0.0418561	0.0115446	0.000288115	0.00682769
77	0.00788547	0.00275061	0.00249688	0.00454222	0.547272	0.00253789	0.0119492	0.0250714	0.00237337	0.0645734	0.0297856	0.00742349	0.00256767	0.00365609	0.00180991	0.0180699	0.00983672	0.0326392	0.00130399	0.221455
78	0.0664956	0.0338977	0.00781236	0.00689312	0.00934182	0.0164639	0.00636547	0.175682	0.00732649	0.0638069	0.0319866	0.022617	0.0356253	0.0218604	0.0107267	0.0581798	0.11285	0.305786	0.00147614	0.00480695
79	0.0161586	0.0190728	0.0031145	0.00246378	0.0748292	0.00387989	0.0026643	0.159894	0.00320867	0.490676	0.0808808	0.00307336	0.00185513	0.00557701	0.00228508	0.010578	0.0201187	0.0823103	0.00434196	0.0130178
80	0.0115659	0.0107274	0.00044301	0.000954574	0.0209339	0.00115792	0.000376873	0.413603	0.00127545	0.13076	0.027288	0.00198755	0.000318724	0.0019202	0.00131772	0.00176487	0.00522018	0.364699	8.61815e-05	0.00359939
81	0.0260549	0.0148336	0.0151762	0.0147676	0.134041	0.0144889	0.0950858	0.0334626	0.0290286	0.0455537	0.0235181	0.0698794	0.00728387	0.0571701	0.0137663	0.0542891	0.0320898	0.0337631	0.0144603	0.271287
82	0.0391636	0.00371776	0.17431	0.288211	0.00294662	0.0706639	0.0278474	0.0105792	0.0376165	0.0136533	0.0038983	0.0821376	0.0178395	0.0515342	0.0176497	0.093209	0.0440833	0.0154885	0.000961437	0.00448959
83	0.0122249	0.0137024	0.0014858	0.00196249	0.0482003	0.00268352	0.00126142	0.279417	0.00268739	0.354901	0.0531076	0.00274287	0.00106228	0.00375047	0.00217012	0.00631365	0.0128287	0.189761	0.00260776	0.00712971
84	0.0155673	0.0192276	0.00266726	0.00267055	0.0647132	0.00357191	0.00241634	0.195115	0.00346311	0.443978	0.0788909	0.00308741	0.00174206	0.00509833	0.00268827	0.00955703	0.0185038	0.11194	0.00353324	0.0115683
85	0.0298439	0.005637	0.237728	0.230267	0.00308179	0.0305354	0.0250682	0.0207526	0.0260398	0.0564593	0.00588835	0.0684873	0.0163449	0.0663464	0.0188344	0.0663351	0.057689	0.0300567	0.000714666	0.00389021
86	0.0371072	0.00205885	0.31929	0.232537	0.00195546	0.0429915	0.0265643	0.00691096	0.0288402	0.00548944	0.00167712	0.095553	0.0119513	0.0451981	0.0100054	0.0874934	0.0343949	0.00593883	0.000196349	0.00384741
87	0.0126894	0.00711423	0.0236538	0.00926225	0.205971	0.0212113	0.0659222	0.030418	0.0139445	0.029465	0.0119771	0.0462422	0.00906474	0.0212986	0.00628658	0.0340447	0.0137629	0.0368284	0.0308094	0.370034
88	0.0898322	0.00712253	0.0455621	0.0136372	0.00357485	0.58867	0.008109	0.0086345	0.0127675	0.0109693	0.00535852	0.060397	0.0100474	0.00864819	0.0135728	0.0678711	0.025931	0.0140326	0.00164282	0.0036193
89	0.015984	0.015612	0.0112936	0.00375963	0.154009	0.00663437	0.0193679	0.123457	0.00479427	0.235525	0.0470714	0.0154501	0.00546006	0.0108466	0.00436763	0.0183847	0.0199809	0.0814453	0.0117735	0.194783
90	0.118834	0.029125	0.00392577	0.00640276	0.00364779	0.00686976	0.0125659	0.0372426	0.00361488	0.0213201	0.0082797	0.0102123	0.519694	0.0111992	0.00429054	0.0267009	0.0561173	0.102211	0.00101945	0.0167274
91	0.0382836	0.0172488	0.00799105	0.0116185	0.0496945	0.00809003	0.0164944	0.213894	0.0137908	0.111573	0.0463627	0.0255216	0.00911634	0.0864967	0.0199335	0.0301077	0.0769857	0.200003	0.00108478	0.0157088
92	0.0232888	0.0142862	0.103884	0.0548962	0.0277675	0.00751761	0.00994923	0.119317	0.0566622	0.15398	0.010995	0.0859559	0.0104416	0.0195334	0.0146989	0.0770152	0.169752	0.0320945	0.00155902	0.00640483
93	0.0720403	0.0683215	0.00759025	0.00672775	0.00615101	0.00725752	0.00646926	0.0366667	0.00680588	0.133167	0.00704474	0.0157449	0.00654263	0.0100781	0.00933102	0.114008	0.446248	0.033885	0.000931317	0.00498974
94	0.0467718	0.00212827	0.289698	0.226174	0.00205544	0.0403769	0.0252854	0.00744295	0.028431	0.00550725	0.00204653	0.0954362	0.0115121	0.0450504	0.010212	0.109065	0.0413728	0.00739863	0.000278107	0.00375683
95	0.0597024	0.00757662	0.0208407	0.0083411	0.0175852	0.0222403	0.00557937	0.102791	0.0210028	0.063495	0.0441118	0.0129606	0.143721	0.0119972	0.0125237	0.113847	0.189781	0.13176	0.00137394	0.00876987
96	0.0388567	0.00211483	0.24852	0.254547	0.00207625	0.0495337	0.0304302	0.0078267	0.035245	0.00494719	0.00179066	0.10303	0.0134935	0.0423121	0.0119192	0.101506	0.0406889	0.00699654	0.000167181	0.00399766
97	0.11084	0.028899	0.01262	0.0211455	0.0140799	0.0313984	0.0240595	0.143855	0.00820189	0.10243	0.0446835	0.0236198	0.00942084	0.0371215	0.014951	0.0603557	0.100194	0.198362	0.0019652	0.0117966
98	0.0138471	0.0119943	0.00081236	0.00182742	0.0277671	0.0019766	0.0011907	0.376691	0.00256599	0.172358	0.0338096	0.00375413	0.000987253	0.00384576	0.00285968	0.00476957	0.0115956	0.321453	0.000438746	0.00545515
99	0.0570907	0.00627628	0.00760295	0.0132779	0.0128763	0.0070641	0.0175866	0.0504709	0.344532	0.0202038	0.00542949	0.0252356	0.00611885	0.0588507	0.232956	0.0621766	0.0250165	0.0399482	0.00087813	0.00640819
100	0.1055	0.0374788	0.011212	0.0216596	0.0451977	0.0287637	0.0175579	0.160909	0.00787582	0.136863	0.0326447	0.0343183	0.0110123	0.0282763	0.0120681	0.0492263	0.0762603	0.168587	0.00229165	0.0122966
101	0.248372	0.0330566	0.0107749	0.0152202	0.00569926	0.0193045	0.00832899	0.0255779	0.0208658	0.0594237	0.0130154	0.053696	0.0667386	0.023695	0.0342665	0.180052	0.126422	0.0502233	0.00106643	0.00420023
102	0.0716917	0.00957256	0.0305077	0.0367455	0.00174454	0.0335838	0.033158	0.0299518	0.111385	0.0450032	0.0160612	0.124877	0.0183551	0.0874992	0.0483847	0.203121	0.0742094	0.0209292	0.000334968	0.00288463
103	0.0853551	0.0204279	0.0125406	0.0438294	0.0693235	0.0624831	0.0419214	0.030852	0.0146076	0.0322017	0.0408798	0.0335759	0.0084058	0.0919289	0.0442671	0.116237	0.160791	0.0684464	0.001985	0.0199414
104	0.107685	0.0561189	0.00833099	0.00908263	0.0083773	0.0214392	0.00717665	0.172194	0.00504498	0.0759575	0.0256936	0.0287598	0.0256278	0.0238184	0.00610803	0.0391341	0.0817892	0.29146	0.00214572	0.00405642
105	0.0527201	0.00307096	0.0445975	0.0285783	0.00212922	0.048222	0.0187694	0.0083804	0.208505	0.0203368	0.00993482	0.0761651	0.121702	0.0529866	0.0883659	0.122094	0.0720625	0.017439	0.00102095	0.00292054
106	0.0376021	0.00407869	0.0621508	0.0102972	0.00620894	0.385554	0.00883132	0.00565553	0.0203368	0.00720799	0.00401315	0.142713	0.007581	0.0137529	0.022817	0.16476	0.0816327	0.010543	0.000747275	0.00351615
107	0.0434812	0.00315773	0.0866176	0.215974	0.00185585	0.0429959	0.0299894	0.0146256	0.0557453	0.0444997	0.00506902	0.0840197	0.0153622	0.109922	0.0337074	0.0967332	0.068391	0.0441229	0.000453054	0.00327789
108	0.0325873	0.0601094	0.00690878	0.00911025	0.0367993	0.00397517	0.0103273	0.263306	0.0172219	0.083945	0.0114052	0.0333499	0.0677877	0.0593086	0.0525974	0.026483	0.0884763	0.126317	0.000789521	0.00919499
109	0.0555669	0.00503014	0.0494625	0.0412801	0.00427441	0.112907	0.00911397	0.00884796	0.103727	0.0152295	0.0133065	0.0535283	0.173529	0.0406773	0.0330966	0.162628	0.0916563	0.0199637	0.00262149	0.00355359
110	0.0508647	0.0153109	0.0276651	0.0229013	0.0243591	0.138049	0.0219867	0.0322612	0.0458894	0.0302298	0.0165438	0.0407079	0.100603	0.0333361	0.0204974	0.0705963	0.0528756	0.0573336	0.132892	0.0650975
111	0.0145076	0.00227074	0.0119154	0.0226112	0.000982803	0.00954183	0.0340932	0.00850281	0.354726	0.00791499	0.00337604	0.0409159	0.0036549	0.0384928	0.347174	0.0548137	0.0253922	0.0142878	0.000151705	0.00467444
112	0.0725985	0.00168783	0.0412042	0.0260361	0.00136966	0.0796943	0.00843018	0.0037318	0.167679	0.0142671	0.0164534	0.049907	0.203183	0.0342941	0.0541937	0.142087	0.0622584	0.0182703	0.00110798	0.00154616
113	0.0470354	0.00265643	0.198794	0.229992	0.00226118	0.0443459	0.0349991	0.00903939	0.0364939	0.0102877	0.0023203	0.106468	0.0535829	0.0450809	0.012424	0.112521	0.0387774	0.00869689	0.000357616	0.00386678
114	0.042394	0.00349577	0.0714213	0.0126493	0.00271424	0.638752	0.00698149	0.00558428	0.00977171	0.00600722	0.00372046	0.0831217	0.0048592	0.00449784	0.0123896	0.0596707	0.0203384	0.0075739	0.00151583	0.00254086
115	0.0171017	0.0139661	0.00243136	0.00714978	0.0469481	0.00346398	0.00280446	0.30741	0.0135075	0.295947	0.04818	0.00816236	0.00342659	0.00656525	0.0089302	0.0158709	0.0196388	0.16843	0.00151649	0.00854946
116	0.054395	0.0147106	0.00930926	0.0100231	0.0856294	0.00754787	0.0529353	0.069806	0.116608	0.0327451	0.0151198	0.048545	0.0250371	0.0551961	0.0918907	0.0648644	0.0592537	0.110542	0.00435067	0.0714904
117	0.0298523	0.0143192	0.0133204	0.0258009	0.0844829	0.0119977	0.134713	0.0380438	0.0426712	0.0277361	0.0167414	0.0411924	0.00729277	0.0522822	0.0159173	0.0721971	0.0263804	0.0284881	0.0117258	0.304845
118	0.0135861	0.00170378	0.0133606	0.0242298	0.000564129	0.0103765	0.0360779	0.00714342	0.357087	0.00686074	0.0036292	0.0414908	0.00427092	0.0426807	0.340542	0.0534965	0.0249229	0.0130576	0.000149038	0.00477097
119	0.0137258	0.00188354	0.011546	0.0226437	0.000624855	0.00910681	0.033878	0.00791487	0.363346	0.00741937	0.00314334	0.04023	0.00413389	0.037701	0.34483	0.0543996	0.0252281	0.0135138	0.000148722	0.0045818
120	0.0356241	0.00294609	0.190619	0.200469	0.00283633	0.0447481	0.0314917	0.00948343	0.0559501	0.0119714	0.00363702	0.131127	0.0169798	0.0470108	0.023193	0.120916	0.0551174	0.0113368	0.000291541	0.00425106
121	0.0326641	0.00440163	0.132477	0.309159	0.00315012	0.0337785	0.0297913	0.0121161	0.0371888	0.0227231	0.00397657	0.0703636	0.0173571	0.0910726	0.0202638	0.0937056	0.053638	0.0266332	0.000605406	0.0049343
122	0.0117513	0.0105232	0.000444507	0.0010322	0.0219212	0.00119733	0.000389546	0.412941	0.0012954	0.13722	0.0284642	0.0020327	0.000324841	0.00194157	0.00135818	0.00192122	0.00545548	0.356013	8.23368e-05	0.00369188
123	0.00676765	0.00188858	0.0025997	0.00462228	0.563373	0.00250729	0.011445	0.0191942	0.0017435	0.0539184	0.0265225	0.00674993	0.002171	0.00212098	0.00144386	0.0167111	0.00742562	0.0281665	0.00184827	0.23878
124	0.0116893	0.011141	0.000499998	0.00115776	0.0219491	0.00121734	0.000468185	0.409031	0.00150723	0.132268	0.0275102	0.00239639	0.00051654	0.00222482	0.00171096	0.00212619	0.006132	0.362541	0.000121048	0.00379172
125	0.0331221	0.00645725	0.222473	0.134426	0.0194749	0.033601	0.0359729	0.01384	0.0325152	0.0184427	0.00770481	0.134291	0.0145222	0.0424739	0.0156048	0.107527	0.0602314	0.0205338	0.00272147	0.0440648
126	0.0117741	0.010723	0.000470632	0.000972831	0.0203294	0.00121284	0.000389692	0.411985	0.00130854	0.126971	0.0264061	0.00206189	0.000361709	0.0019693	0.00131562	0.00180086	0.00553539	0.370761	9.9088e-05	0.00355253
127	0.0109098	0.0177627	0.00176547	0.0194743	0.0442612	0.00246046	0.00376855	0.339875	0.0159295	0.168307	0.0260185	0.0219503	0.00481319	0.0133893	0.0252662	0.0124266	0.0328864	0.234246	0.000428137	0.00406164
128	0.0284993	0.00437938	0.12148	0.324074	0.0035005	0.0302878	0.0290871	0.0161997	0.0364002	0.0282471	0.00582726	0.064594	0.0172467	0.101586	0.0198446	0.0744156	0.0535381	0.0338808	0.00156452	0.0053466
129	0.0170152	0.00209647	0.0266314	0.0239316	0.00417903	0.015357	0.0317332	0.0133513	0.294077	0.0108542	0.003641	0.0790459	0.0053424	0.0398304	0.266274	0.0888325	0.0529958	0.0148297	0.000274387	0.00970709
130	0.0151048	0.0163673	0.0017268	0.00265304	0.0466993	0.00305075	0.00156604	0.289834	0.00290388	0.29642	0.0654642	0.00322333	0.00134835	0.00376309	0.00268072	0.00760381	0.0146283	0.214837	0.00175424	0.00837033
131	0.0309997	0.00215057	0.0991433	0.019522	0.00941341	0.0286329	0.00416812	0.00720762	0.023958	0.0114606	0.00284066	0.225814	0.0161765	0.0263885	0.0147275	0.27691	0.172509	0.0217213	0.000553174	0.00570286
132	0.0122773	0.0113207	0.000515348	0.00121658	0.0224735	0.00145941	0.000445593	0.40313	0.00161997	0.140982	0.0298209	0.00233746	0.000444533	0.00220469	0.00170371	0.00222173	0.00692895	0.354786	0.000119753	0.0039909
133	0.0481585	0.01666	0.0123837	0.0123052	0.0166864	0.0176987	0.0144487	0.128828	0.0102606	0.18669	0.0610983	0.0252305	0.0158123	0.0200095	0.0212973	0.0736927	0.132262	0.179583	0.00140767	0.00548749
134	0.0134124	0.0127427	0.00149752	0.0033057	0.0616704	0.0024745	0.00149253	0.312663	0.00492295	0.261691	0.0566274	0.00474908	0.00117627	0.00663372	0.00433476	0.00740933	0.0151797	0.217138	0.00124433	0.00963478
135	0.0513057	0.00824579	0.0445674	0.0130296	0.00606249	0.146241	0.0116497	0.00660198	0.045449	0.0102087	0.0112731	0.241605	0.00881937	0.0195705	0.0203914	0.272543	0.0597946	0.0184651	0.000818931	0.00335778
136	0.261884	0.00758561	0.0282155	0.0118928	0.00517118	0.01281	0.00897511	0.0143318	0.0740571	0.0188519	0.00842476	0.0434107	0.0519937	0.0908787	0.0361701	0.233225	0.049322	0.0373228	0.00131807	0.00415866
137	0.0511888	0.00353339	0.0826114	0.0397409	0.00266893	0.578021	0.0106324	0.00669028	0.0143956	0.00664732	0.00386043	0.0721305	0.00791901	0.0108731	0.0118508	0.0615642	0.0232471	0.0080926	0.0011118	0.00322077
138	0.0550987	0.00402424	0.0678783	0.0288917	0.00884986	0.0311816	0.00733427	0.010851	0.0328649	0.0159538	0.00400876	0.171728	0.0127812	0.0493874	0.0142685	0.26078	0.166872	0.0408164	0.000355176	0.016074
139	0.011454	0.0105314	0.000482316	0.00121324	0.0210099	0.00118093	0.000461504	0.411007	0.00167718	0.12668	0.026799	0.00234863	0.000392561	0.00223951	0.00171073	0.00201822	0.00689146	0.368145	0.000119943	0.00363725
140	0.0126424	0.0113587	0.000841275	0.00266066	0.0264919	0.00172585	0.000755201	0.387451	0.00281722	0.169313	0.0334781	0.00365991	0.000738816	0.00324692	0.00325146	0.00392192	0.00882223	0.321825	0.000618391	0.00438052
141	0.0188539	0.00217597	0.0209189	0.0248603	0.00236558	0.0180496	0.0315831	0.0107934	0.303284	0.010989	0.0037836	0.0793268	0.00553865	0.0453266	0.265849	0.0805359	0.0508817	0.0157885	0.000336744	0.00875904
142	0.352436	0.0578231	0.00221912	0.00677189	0.00518321	0.0218986	0.00235835	0.00491591	0.00634209	0.0232725	0.0117447	0.0466291	0.0336265	0.00442887	0.00779832	0.292532	0.0684993	0.0496223	0.000407031	0.00149081
143	0.0295822	0.00401038	0.222638	0.233341	0.00949733	0.03975	0.0537793	0.00908047	0.0333244	0.00752013	0.00346143	0.113767	0.0139034	0.0414371	0.0109499	0.107093	0.0397914	0.0117859	0.000510845	0.0147762
144	0.0118935	0.0107522	0.000557743	0.00125448	0.0216589	0.0012623	0.00046004	0.410801	0.00174467	0.134496	0.0275941	0.00228883	0.000396585	0.00208495	0.00178681	0.00214484	0.00602569	0.358848	0.000150409	0.00379848
145	0.0562055	0.00229418	0.107018	0.0321787	0.00593813	0.0247508	0.00412286	0.0100246	0.0221322	0.0151921	0.00252963	0.174767	0.0151868	0.0350183	0.00878197	0.270952	0.168032	0.0382504	0.000449696	0.00617506
146	0.0496819	0.00582456	0.0476371	0.0157158	0.00399917	0.595149	0.00940807	0.0076304	0.0128375	0.00889307	0.00572311	0.0709876	0.00756517	0.0102429	0.0157272	0.0874501	0.0289503	0.0125734	0.00121699	0.00278619
147	0.0651677	0.0972533	0.00763783	0.0512547	0.0067194	0.00796549	0.0105642	0.0149099	0.128949	0.0165761	0.00919419	0.016275	0.00667794	0.063135	0.137172	0.163581	0.106621	0.0817998	0.00116224	0.00738412
148	0.0115897	0.0104858	0.000468441	0.00099448	0.0203545	0.00113212	0.000388694	0.4123	0.00130512	0.126705	0.0263719	0.00201617	0.000329025	0.00194459	0.00132889	0.00177348	0.00525861	0.371551	9.89736e-05	0.00360345
149	0.051168	0.00668549	0.0287583	0.098257	0.00435509	0.00608146	0.0230531	0.109633	0.0524906	0.0932363	0.0653119	0.0208227	0.00548492	0.132478	0.0283054	0.0213452	0.0606728	0.173083	0.000841196	0.0179357
150	0.0217018	0.0206199	0.00314231	0.00312231	0.0584271	0.0039915	0.00268089	0.168898	0.0034712	0.398792	0.151879	0.00365908	0.00249997	0.00544864	0.00303617	0.0113997	0.0194187	0.104217	0.00312603	0.0104687
151	0.0157255	0.00198787	0.0155395	0.0229983	0.00118032	0.0132326	0.030319	0.00910332	0.353458	0.00811499	0.00300395	0.0612879	0.00541621	0.0357958	0.305888	0.0617701	0.0334269	0.0157189	0.000196172	0.00583621
152	0.17941	0.0549794	0.00413845	0.00681693	0.0129829	0.0108335	0.00303557	0.00530679	0.00609467	0.0183579	0.004919	0.0669432	0.00882082	0.011657	0.00686772	0.285569	0.2652	0.0454063	0.000567339	0.00209417
153	0.0295066	0.0197953	0.0122325	0.01462	0.140487	0.0106641	0.104926	0.0329681	0.0439886	0.0454269	0.0275883	0.054947	0.00747898	0.0685162	0.0205517	0.062042	0.0311984	0.0321874	0.0104325	0.230442
154	0.0191582	0.0173432	0.00526938	0.00915779	0.0557428	0.00509314	0.00363493	0.209665	0.00543207	0.373628	0.0608189	0.00654801	0.00419723	0.00966003	0.00542206	0.0142805	0.0246093	0.156724	0.00260707	0.0110091
155	0.0392292	0.00854319	0.0481267	0.0148734	0.0149189	0.0179533	0.00824344	0.010917	0.0141809	0.0145275	0.0033214	0.111396	0.00737726	0.0374116	0.0138373	0.397385	0.210138	0.02232	0.000559487	0.0047402
156	0.0413038	0.00313676	0.0680592	0.0249276	0.00261035	0.62369	0.00944888	0.00603502	0.0142409	0.00669078	0.00377222	0.0706705	0.0065514	0.00827097	0.0156228	0.0596268	0.0230184	0.00775046	0.00195352	0.0026194
157	0.0644428	0.0138932	0.0139575	0.0205498	0.00994424	0.0162508	0.0163784	0.0876618	0.0439168	0.0543149	0.108872	0.0692121	0.0119789	0.0558646	0.0237406	0.0820823	0.157782	0.138572	0.00154618	0.00903931
158	0.0934549	0.0177175	0.00518599	0.00743732	0.0119816	0.00483629	0.0142367	0.0175117	0.00665806	0.0158241	0.00646687	0.00940855	0.628759	0.0131956	0.00513283	0.0206522	0.0454682	0.0430052	0.00196721	0.0311002
159	0.0244752	0.0141433	0.177311	0.200827	0.00546264	0.0115656	0.0158384	0.0473003	0.0248311	0.124749	0.0120446	0.0646418	0.0220623	0.0404901	0.0189129	0.0436102	0.0959669	0.0503466	0.00119144	0.00422974
160	0.0175829	0.0218165	0.00332195	0.00447649	0.0612875	0.00399884	0.00342668	0.22782	0.00532671	0.371745	0.0638037	0.00668064	0.00368327	0.00647198	0.00538261	0.0119907	0.0217159	0.144946	0.00268939	0.0118336
161	0.0141537	0.00171142	0.014203	0.0251047	0.000557394	0.00986378	0.0370449	0.00761148	0.346825	0.00810062	0.00380982	0.0439319	0.00342902	0.047786	0.334146	0.0559214	0.0271715	0.0135221	0.000166197	0.00494012
162	0.0160207	0.0191591	0.00319963	0.0025665	0.0787919	0.00391517	0.0026592	0.158651	0.00348008	0.485914	0.0779666	0.00335399	0.00195957	0.00510136	0.00230053	0.0108551	0.0192784	0.0876753	0.0037231	0.0134288
163	0.102192	0.00859951	0.0349892	0.0153624	0.00721418	0.392577	0.0270058	0.0114045	0.0307009	0.0137645	0.00782872	0.0796489	0.0135736	0.0233541	0.03567	0.128945	0.0399825	0.020547	0.00122952	0.00541066
164	0.0152185	0.0183461	0.00272904	0.00249262	0.0721492	0.00394612	0.00221116	0.161043	0.00318508	0.501135	0.0800159	0.00277215	0.00181545	0.00528455	0.00225374	0.0104341	0.0195614	0.0803612	0.00460737	0.0104388
165	0.0410546	0.00421824	0.160285	0.12605	0.0033515	0.103456	0.0239002	0.00947222	0.0544163	0.0111753	0.00675803	0.151379	0.0536719	0.0360009	0.0189351	0.119917	0.0556248	0.0152864	0.000690803	0.0043564
166	0.0382144	0.00212611	0.341798	0.228474	0.00212633	0.0385737	0.0235612	0.00677183	0.0260353	0.00456139	0.00188534	0.0951615	0.0107192	0.0442929	0.00906384	0.0831495	0.0335217	0.0054146	0.000314873	0.00423413
167	0.03145	0.0030012	0.0555387	0.0491318	0.00149694	0.0227355	0.0304867	0.0114902	0.240018	0.0188657	0.00534062	0.08969	0.0168874	0.0527051	0.181488	0.104157	0.0643243	0.0161672	0.000253119	0.00477218
168	0.0198786	0.0155275	0.00364061	0.00389395	0.0553634	0.00430307	0.00305697	0.15935	0.00466135	0.47493	0.0623301	0.00480345	0.00751413	0.0109702	0.00372733	0.0169359	0.0186543	0.112583	0.00293244	0.0149438
169	0.0389678	0.013755	0.0184657	0.0100577	0.00579649	0.0536146	0.0130169	0.148153	0.00876338	0.118818	0.0488515	0.0518954	0.0239236	0.0281101	0.0401884	0.0853335	0.124711	0.162231	0.00161871	0.00372768
170	0.0157713	0.0168068	0.00262059	0.00421403	0.071252	0.0036577	0.00214962	0.216253	0.0049527	0.405236	0.0780311	0.0037838	0.00175566	0.00513434	0.00374521	0.0123699	0.0206876	0.117711	0.00284511	0.0110224
171	0.0222127	0.00250393	0.137713	0.280045	0.00179141	0.0495012	0.0346327	0.0120491	0.0309232	0.0470871	0.0035239	0.0582519	0.0188032	0.114189	0.0284536	0.0682689	0.0506616	0.0362652	0.00044216	0.00268148
172	0.014531	0.0122239	0.000634751	0.00112895	0.0197287	0.00189756	0.00047521	0.398129	0.00149212	0.121742	0.0255447	0.0031395	0.00100679	0.00333783	0.00169722	0.00340633	0.0104231	0.375816	0.00015446	0.00349106
173	0.0991113	0.03685	0.0268932	0.0282404	0.00770182	0.0287018	0.0117524	0.155371	0.010688	0.0863698	0.03297	0.0294698	0.0244352	0.0313819	0.0139259	0.0496174	0.0917587	0.222912	0.00662158	0.0052272
174	0.0151546	0.0182719	0.00267974	0.00248849	0.0712504	0.00400268	0.0021883	0.162012	0.00324421	0.501883	0.0783581	0.00279348	0.00185766	0.00523639	0.00227263	0.0106331	0.0193149	0.0815587	0.00435869	0.0104412
175	0.0377764	0.0020224	0.331249	0.232004	0.00189932	0.0392202	0.0248107	0.00676774	0.0271862	0.00435155	0.00174631	0.0970247	0.0110111	0.0449974	0.00926608	0.0852712	0.033859	0.00528759	0.000175583	0.00407382
176	0.0502205	0.00341364	0.240985	0.161047	0.00391284	0.0491573	0.0235414	0.0100617	0.0340358	0.0109235	0.00421599	0.117848	0.018022	0.0407683	0.0130772	0.136222	0.0612616	0.0154701	0.000422797	0.00539456
177	0.0463102	0.101341	0.00359735	0.00518203	0.0166509	0.0111878	0.00410289	0.244289	0.00416398	0.119814	0.0323709	0.0146028	0.00838608	0.0114481	0.0055226	0.029054	0.0484102	0.288985	0.000812729	0.0037677
178	0.0475041	0.00698608	0.0315966	0.0351974	0.00174155	0.0242513	0.0344871	0.0246884	0.126358	0.039189	0.01048	0.142267	0.00815524	0.101714	0.066673	0.173163	0.0981861	0.0232299	0.000235998	0.00389735
179	0.00948613	0.00529745	0.00257396	0.00445947	0.4953	0.00244009	0.00977297	0.0481778	0.00243157	0.11012	0.0353245	0.00659638	0.00179968	0.00396845	0.00211741	0.016788	0.0107064	0.0428851	0.00112204	0.188632
180	0.0422474	0.0145915	0.0510016	0.0573807	0.0419333	0.0390057	0.13294	0.0425584	0.066987	0.0449417	0.0198142	0.0649618	0.0181438	0.0499925	0.055989	0.0845166	0.0512252	0.0457978	0.00712367	0.0688476
181	0.0283079	0.00289031	0.150779	0.259175	0.00238093	0.0392892	0.0377447	0.0110421	0.0331534	0.030214	0.00433662	0.0738834	0.041736	0.0975122	0.0294044	0.077399	0.0485608	0.0281438	0.000561758	0.00348536
182	0.121959	0.153223	0.0157198	0.0206612	0.0164899	0.0286139	0.0152259	0.0342392	0.0241192	0.0413578	0.0165896	0.045329	0.0185615	0.026538	0.0255367	0.207907	0.10064	0.068159	0.0027266	0.0164045
183	0.0368057	0.0241651	0.00614234	0.0106072	0.0208952	0.0103664	0.00557945	0.274519	0.0103481	0.105163	0.0264066	0.0145307	0.0117788	0.0138338	0.00978649	0.0238252	0.0467466	0.339779	0.00074931	0.00797168
184	0.0133009	0.00171502	0.012717	0.0244602	0.000554509	0.00941323	0.0373489	0.00722841	0.353999	0.00675049	0.00375201	0.0401963	0.00281705	0.0457466	0.344401	0.0527535	0.0245721	0.0131702	0.000150138	0.00495374
185	0.026965	0.0209479	0.01551	0.0147901	0.0544282	0.00916304	0.00729968	0.141575	0.0118426	0.382427	0.0577393	0.0175878	0.00759732	0.0187133	0.0100505	0.0294814	0.0636085	0.0955035	0.00342904	0.0113405
186	0.0339156	0.00185165	0.111165	0.0221597	0.0065236	0.0303874	0.00355348	0.00728954	0.0246085	0.0109631	0.00274595	0.21716	0.020112	0.0256994	0.0116558	0.26827	0.170542	0.0251912	0.000541153	0.00566524
187	0.0169479	0.00180921	0.0277308	0.0345549	0.000958407	0.013406	0.0303695	0.00815992	0.330692	0.00917416	0.00364	0.0642438	0.00699133	0.037532	0.28099	0.0734621	0.0376924	0.015741	0.000206745	0.005698
188	0.00715932	0.00216938	0.0024993	0.0048278	0.55989	0.00266965	0.0131003	0.0188575	0.00244129	0.0535236	0.0264894	0.00750255	0.00221834	0.00313274	0.00161348	0.0179106	0.00790807	0.0281226	0.00203265	0.235931
189	0.0351389	0.0020211	0.321906	0.238995	0.0018505	0.0408847	0.0253189	0.00686575	0.0281354	0.00350176	0.00159083	0.0995104	0.0112682	0.0428952	0.00904902	0.0874087	0.0343961	0.00510415	0.000140038	0.00401966
190	0.081492	0.0114898	0.0189979	0.0330982	0.00224018	0.0188108	0.0330058	0.0338743	0.0909434	0.0590103	0.0244222	0.0982857	0.00939107	0.105426	0.0586457	0.185716	0.089573	0.0410999	0.000291197	0.00418605
191	0.0342974	0.00202418	0.309347	0.244758	0.00192656	0.0404262	0.0262339	0.00715133	0.0288347	0.00414785	0.00162812	0.100256	0.0116364	0.0441623	0.0093961	0.0884236	0.0355359	0.00569342	0.000150162	0.00397037
192	0.0133982	0.00199781	0.0121973	0.0235991	0.000800044	0.0110882	0.0392384	0.00787191	0.34553	0.00765487	0.00393653	0.0395761	0.0030436	0.0405626	0.354474	0.0519502	0.0244684	0.0133147	0.000270044	0.00502809
193	0.102328	0.0171725	0.024983	0.0103248	0.00549173	0.011483	0.0118639	0.0830768	0.007207	0.0801678	0.0193077	0.017454	0.0139323	0.0135224	0.0396297	0.0967722	0.267991	0.171477	0.00124097	0.00457388
