439	20
1	0.187591	0.00324337	0.0252324	0.0594314	0.0056558	0.019622	0.00895761	0.0438771	0.0931455	0.0705625	0.0401526	0.0201741	0.00445921	0.0346798	0.11177	0.0863003	0.0916469	0.0838103	0.000427053	0.00926144
2	0.0364455	0.00222272	0.00440808	0.00270476	0.268894	0.00240258	0.0435439	0.00403852	0.0124046	0.228912	0.0542324	0.0223578	0.0224149	0.025405	0.0302046	0.00685741	0.00829156	0.016803	0.0013197	0.206137
3	0.0395518	0.00682327	0.00473871	0.00449143	0.228109	0.00360999	0.0344898	0.0146048	0.0113568	0.235197	0.0933779	0.017387	0.0167649	0.0214784	0.0239356	0.00975077	0.0114465	0.0264111	0.00203055	0.194444
4	0.0600499	0.00740648	0.0250946	0.0785281	0.00124594	0.0174067	0.0230291	0.0254717	0.225117	0.0328408	0.00930956	0.0485708	0.00921564	0.0970654	0.185357	0.0719636	0.048081	0.0210513	0.00141969	0.0117756
5	0.130918	0.000693742	0.136779	0.19291	0.00144157	0.046388	0.0204075	0.00449601	0.109727	0.024887	0.0200144	0.0606351	0.00367074	0.101784	0.0201215	0.0785703	0.035433	0.00501272	0.000212524	0.00589797
6	0.106982	0.0307527	0.00568625	0.0295584	0.0675887	0.017865	0.00681542	0.107803	0.020363	0.226052	0.0390869	0.00937029	0.00889246	0.0143146	0.0171491	0.0496651	0.0649927	0.152351	0.00307306	0.0216378
7	0.223094	0.00324945	0.036034	0.105588	0.0253677	0.0383466	0.0166755	0.0256727	0.0617436	0.0316912	0.00535511	0.0318172	0.0153608	0.0394796	0.0574992	0.134594	0.0594118	0.057626	0.000525853	0.0308678
8	0.04931	0.0238172	0.00320655	0.003448	0.00739709	0.00263788	0.0027132	0.215431	0.0153149	0.125994	0.0355352	0.00779407	0.0173172	0.0291243	0.00670564	0.0335646	0.113167	0.298438	0.000852097	0.008233
9	0.0185046	0.000893551	0.000545267	0.000658795	0.00197624	0.000488911	0.000757019	0.327328	0.00457129	0.0496081	0.0281987	0.000663029	0.0011959	0.00136686	0.00633729	0.001609	0.0198166	0.534363	0.000146115	0.000971734
10	0.0574771	0.00862122	0.0350178	0.0820287	0.00104834	0.0232311	0.0273027	0.0147471	0.211698	0.0198365	0.00565225	0.0590239	0.00541939	0.109358	0.189159	0.0872845	0.0378895	0.0113211	0.00268804	0.0111953
11	0.0518386	0.00425019	0.00395689	0.00720846	0.0696611	0.0267125	0.0423175	0.0585439	0.0594852	0.0692648	0.0326008	0.0472804	0.0313158	0.0250595	0.213696	0.0766343	0.0313881	0.0262917	0.101355	0.0211389
12	0.0150681	0.00426019	0.00804078	0.0139979	0.103928	0.00496582	0.0125195	0.208676	0.00672766	0.13023	0.0696688	0.00438551	0.00343644	0.0670885	0.0046525	0.0139863	0.0145859	0.210151	0.0386481	0.064982
13	0.0757839	0.00141282	0.152993	0.280435	0.00198275	0.0185212	0.00610152	0.00988487	0.110804	0.00927009	0.00326446	0.0538017	0.0961669	0.0612756	0.0397169	0.0416775	0.0248258	0.00922062	0.000409415	0.00245224
14	0.238548	0.00283766	0.0284265	0.103548	0.0116736	0.0266243	0.0173269	0.0155422	0.0806237	0.0266325	0.00621118	0.0419513	0.00960374	0.0551847	0.0574695	0.148939	0.0675657	0.0457891	0.000293507	0.0152096
15	0.104121	0.019068	0.0124179	0.0481836	0.151228	0.0331516	0.00363246	0.103837	0.00728729	0.210331	0.0147905	0.00911932	0.0113379	0.0236116	0.0147299	0.0334964	0.0727531	0.0589575	0.00235471	0.0655906
16	0.0363669	0.0101651	0.011197	0.00980997	0.157915	0.00830265	0.0455814	0.0467439	0.0154137	0.219932	0.0638117	0.0198222	0.0120313	0.0242006	0.020719	0.020607	0.0268762	0.0607523	0.00673204	0.18302
17	0.0100358	0.00390811	0.013864	0.00758875	0.0380538	0.00330739	0.0223342	0.259189	0.0129672	0.231822	0.0768743	0.00189665	0.00272255	0.0530119	0.00863646	0.0191448	0.00872294	0.194188	0.0126291	0.0191032
18	0.0588268	0.0065756	0.0252175	0.0784414	0.0010229	0.0169762	0.0206678	0.0237468	0.24198	0.0322289	0.00717678	0.0468963	0.00878075	0.0902685	0.192882	0.0695238	0.0491549	0.0184211	0.0011669	0.0100456
19	0.262121	0.0148912	0.021536	0.0341071	0.0164723	0.0397624	0.0637557	0.026127	0.0342465	0.0662423	0.0295795	0.026262	0.0133381	0.0369136	0.0364379	0.144905	0.0601	0.0585061	0.00357967	0.0111172
20	0.079562	0.0346593	0.00593253	0.0116001	0.0201808	0.0118501	0.010771	0.0981853	0.0383752	0.307663	0.117156	0.0159933	0.00453246	0.0162474	0.047388	0.0263985	0.0550232	0.0891276	0.00111766	0.00823645
21	0.136215	0.0102363	0.0311629	0.0896007	0.00559995	0.0269489	0.0274773	0.0224149	0.143537	0.028318	0.00809237	0.0556207	0.00824926	0.076797	0.117392	0.107599	0.0545953	0.0352321	0.00104908	0.0138621
22	0.120695	0.00305796	0.00648049	0.0333314	0.00405219	0.00696118	0.00718786	0.0410545	0.164326	0.106389	0.0463374	0.0104876	0.00473661	0.041012	0.209019	0.051968	0.045362	0.0672463	0.00175584	0.0285406
23	0.0831924	0.025911	0.00354862	0.0073982	0.0105825	0.00507789	0.00615357	0.0918921	0.0413458	0.129332	0.0619968	0.0106711	0.00638223	0.0333441	0.0218898	0.0708115	0.183182	0.19614	0.00135114	0.00979743
24	0.0275602	0.0141645	0.148554	0.0789374	0.00311216	0.374855	0.00868397	0.00492593	0.03741	0.0130692	0.00535304	0.126942	0.00514177	0.0115448	0.00528853	0.10008	0.0212983	0.00725605	0.000945543	0.00487784
25	0.168502	0.0028294	0.0812062	0.140712	0.00756115	0.0266417	0.0212256	0.0105423	0.0908559	0.0220246	0.00661638	0.0689895	0.0113117	0.062971	0.0495545	0.122418	0.0686636	0.0266948	0.000172708	0.0105063
26	0.0678668	0.00634739	0.0265483	0.0409839	0.0137714	0.0119463	0.0100897	0.0187434	0.0357778	0.0319775	0.0127566	0.0181822	0.472896	0.0214841	0.0252717	0.0668006	0.0748922	0.0330299	0.00229773	0.00833621
27	0.00480735	0.00113226	0.00716366	0.00347599	0.0326666	0.000761373	0.0040874	0.169251	0.00285698	0.497446	0.111895	0.000670567	0.00107595	0.0194433	0.00571883	0.00500148	0.00280132	0.11106	0.0033803	0.0153037
28	0.013578	0.00989004	0.0225297	0.00804506	0.0625721	0.00432055	0.184621	0.00586871	0.0345878	0.0649611	0.00701028	0.0255425	0.00539681	0.0393618	0.0186128	0.0307662	0.0209126	0.0919389	0.00137169	0.348112
29	0.0470811	0.020018	0.00839031	0.00921191	0.00883528	0.00290351	0.004609	0.149648	0.0223688	0.0761124	0.0455395	0.00948093	0.0197211	0.0401966	0.00952703	0.0461252	0.168781	0.299671	0.00137026	0.0104084
30	0.0469182	0.00416496	0.00492178	0.00773648	0.0818543	0.0216371	0.0291032	0.0526172	0.0750793	0.0853838	0.0256906	0.0565425	0.0339999	0.0179304	0.157841	0.0960334	0.053681	0.0204882	0.0976804	0.0306961
31	0.0688452	0.0138652	0.00110572	0.00287682	0.0951006	0.0275764	0.00385976	0.151555	0.0112595	0.250398	0.0645517	0.00108194	0.00108396	0.00310869	0.0033724	0.0216858	0.0832194	0.172069	0.00772771	0.0156572
32	0.0149366	0.0247803	0.0229981	0.00611619	0.0316961	0.0273944	0.00785569	0.200269	0.100432	0.222544	0.0200639	0.00605117	0.00318739	0.0405794	0.107976	0.0369283	0.0127308	0.108084	0.000992553	0.00438448
33	0.0312041	0.00540926	0.0052396	0.00844943	0.213242	0.0351063	0.0209827	0.0500109	0.0546717	0.0404613	0.0393207	0.0277366	0.017448	0.0162407	0.176006	0.108476	0.0272074	0.0183551	0.0688923	0.0355407
34	0.104569	0.0136442	0.00396839	0.00974609	0.113102	0.0413091	0.00346654	0.166287	0.00783278	0.194262	0.0439627	0.00311244	0.00338534	0.00762082	0.0049614	0.0416541	0.0971265	0.102761	0.00545244	0.0317764
35	0.0233945	0.00835218	0.00286172	0.00148703	0.00253854	0.000894369	0.00258315	0.401874	0.00265568	0.251541	0.0428683	0.00107191	0.00747455	0.010171	0.00141973	0.00591971	0.00367499	0.226106	0.000260524	0.00285199
36	0.135621	0.00527973	0.00591129	0.0115288	0.066589	0.158592	0.00578625	0.0650576	0.00796783	0.0452782	0.00849606	0.00549441	0.0321024	0.0286704	0.00741906	0.0664528	0.0597481	0.251048	0.00262754	0.0303293
37	0.0702069	0.0137874	0.00107649	0.00293539	0.0956299	0.0288553	0.00343452	0.14967	0.0109521	0.248936	0.0624499	0.00105261	0.0012566	0.00292148	0.00306469	0.0227061	0.0840396	0.172643	0.00840093	0.0159812
38	0.395141	0.0186124	0.00195927	0.0118715	0.00350011	0.139574	0.0102262	0.00418288	0.0103891	0.0425249	0.00456143	0.00217172	0.0275635	0.00707454	0.0497258	0.164816	0.0373385	0.066361	0.000460201	0.00194557
39	0.0916008	0.0196365	0.00498584	0.0156731	0.137282	0.0305641	0.00212979	0.121945	0.00705783	0.23567	0.0351903	0.00396275	0.0064279	0.00790591	0.00593415	0.0321556	0.0723626	0.126852	0.00505742	0.0376067
40	0.0692875	0.0144179	0.00114939	0.00299734	0.0969492	0.02795	0.00354865	0.15191	0.0106986	0.252624	0.0641849	0.00108193	0.00102663	0.0028955	0.00326083	0.0218283	0.0822752	0.168136	0.00744646	0.0163314
41	0.0818971	0.0128038	0.00125359	0.00382808	0.0933685	0.0340938	0.00344371	0.140644	0.0119779	0.230522	0.0572543	0.00111473	0.00225874	0.00425786	0.00295592	0.0309942	0.0887679	0.171243	0.0101201	0.0172018
42	0.0495064	0.0215915	0.0046641	0.0104126	0.00438835	0.00413314	0.00630024	0.0913101	0.0714309	0.0765972	0.0378526	0.0157205	0.0105264	0.04125	0.0350219	0.0525373	0.20798	0.23704	0.000905387	0.0208317
43	0.0119459	0.00236448	0.0108396	0.0128617	0.00605058	0.015673	0.00448104	0.0148168	0.346191	0.0238526	0.00715293	0.0182658	0.00148847	0.0138868	0.393731	0.0313645	0.0685296	0.0100564	0.000500036	0.00594774
44	0.0436289	0.00974079	0.00546599	0.0088229	0.124285	0.0134521	0.0114548	0.115692	0.0108466	0.294108	0.0686598	0.0106852	0.00846948	0.0145278	0.00993649	0.0214573	0.0444581	0.128468	0.00717269	0.0486667
45	0.0866494	0.000502769	0.175086	0.21854	0.00158816	0.0316903	0.0158953	0.00306395	0.114758	0.0181139	0.0107604	0.0878527	0.00443761	0.0752473	0.0291656	0.0674977	0.0469265	0.00704998	9.23854e-05	0.00508233
46	0.0688009	0.0122035	0.116371	0.0718146	0.016481	0.02424	0.0291312	0.0440525	0.0563394	0.0405667	0.0275149	0.0426273	0.0176329	0.0451137	0.0351856	0.0892392	0.139698	0.101256	0.0032324	0.0184995
47	0.0272337	0.00444128	0.00414096	0.00644684	0.0070928	0.00391586	0.00456948	0.267055	0.0236927	0.0660453	0.0420623	0.00675329	0.00319947	0.0111125	0.029923	0.0112793	0.0299003	0.444636	0.00186631	0.00463284
48	0.0617451	0.0865863	0.00729766	0.0139402	0.00622697	0.00629479	0.125458	0.00985671	0.1769	0.0265794	0.0103641	0.0211062	0.00525496	0.133593	0.194588	0.0264568	0.0196891	0.0536699	0.00141225	0.0129808
49	0.0298855	0.00179381	0.00488634	0.00508441	0.00143262	0.903651	0.00163291	0.00259625	0.00559991	0.00376654	0.00501146	0.00487861	0.00188048	0.00537447	0.00147723	0.0096182	0.00373568	0.00593947	0.00028021	0.00147479
50	0.155352	0.0935542	0.00695401	0.00970933	0.00813738	0.00627012	0.00918261	0.115405	0.0146556	0.0381329	0.020704	0.040576	0.0132837	0.0185739	0.011973	0.0404725	0.0608511	0.325489	0.00174339	0.00898093
51	0.0845059	0.000538805	0.176234	0.22205	0.00164162	0.030735	0.0151046	0.00354975	0.114085	0.0175112	0.0102806	0.0856965	0.00934211	0.075484	0.0294055	0.0654353	0.0461335	0.00722509	0.000116384	0.00492422
52	0.0396679	0.00532856	0.195183	0.442761	0.0044499	0.0146343	0.030454	0.0082915	0.0410062	0.0104977	0.00614397	0.0278616	0.00763703	0.0731473	0.0153853	0.0296744	0.0177138	0.0236983	0.000773032	0.0056912
53	0.211009	0.0156386	0.00664225	0.00956194	0.0116159	0.0141363	0.01096	0.132728	0.0142414	0.0483864	0.0293253	0.00944809	0.00874713	0.013824	0.0151903	0.0609025	0.0534253	0.325147	0.00152191	0.00754888
54	0.0229972	0.00562544	0.0135109	0.0258445	0.00999282	0.00968956	0.00793624	0.0512836	0.308098	0.0651028	0.0179557	0.0247501	0.00396418	0.0306571	0.295271	0.0290162	0.0340129	0.0337184	0.00238779	0.00818576
55	0.168703	0.00170147	0.096987	0.161335	0.00225452	0.0590326	0.0274082	0.00768571	0.109347	0.0270108	0.0234637	0.0397214	0.00599306	0.114185	0.019898	0.0927496	0.0291239	0.00715849	0.000300242	0.00594048
56	0.0318265	0.00466577	0.235992	0.522098	0.00334477	0.0102241	0.0135342	0.00500955	0.0263726	0.00357912	0.00308929	0.0146358	0.00423406	0.0762721	0.00794616	0.0153045	0.00742368	0.0120017	0.000350679	0.0020956
57	0.0153871	0.00344243	0.00469798	0.00409308	0.0294462	0.0030524	0.0042618	0.15928	0.0100037	0.45346	0.123212	0.00206714	0.00148438	0.0111513	0.009657	0.00679103	0.0157203	0.131232	0.00144757	0.0101123
58	0.0537575	0.00513734	0.0599323	0.289937	0.00447257	0.0124303	0.0266041	0.0272965	0.11907	0.0154941	0.0168502	0.0131821	0.00910914	0.215628	0.0414461	0.0246207	0.0236309	0.0347571	0.000758222	0.0058864
59	0.0568077	0.00282481	0.202923	0.358982	0.00210637	0.0291027	0.0133084	0.00536864	0.0682877	0.0102094	0.00561518	0.0554605	0.0163541	0.0732965	0.0183271	0.0415882	0.0259777	0.0100953	0.000195718	0.00316885
60	0.0213705	0.00643887	0.00241574	0.00146475	0.00481454	0.00117746	0.00318125	0.381087	0.00496598	0.21262	0.0511519	0.00133296	0.00594241	0.0089294	0.00320829	0.00531864	0.0100391	0.270653	0.000647854	0.00324064
61	0.0519238	0.00590589	0.00177364	0.00345775	0.00891302	0.00427472	0.00388687	0.277123	0.00774157	0.0791402	0.030467	0.00383909	0.00437976	0.00659685	0.00745415	0.0155308	0.033385	0.448329	0.0011854	0.00469262
62	0.0914141	0.00179544	0.163505	0.272125	0.00207265	0.036884	0.0220888	0.00366073	0.0854056	0.0168227	0.017052	0.0526781	0.00364604	0.101208	0.0190791	0.062648	0.0324028	0.00776818	0.000358861	0.00738553
63	0.0265059	0.0119004	0.0085187	0.00827959	0.445061	0.00291112	0.024255	0.00563758	0.00548138	0.0574392	0.0148653	0.0200101	0.0046269	0.0140063	0.00749996	0.00745614	0.00716911	0.019514	0.0283782	0.280485
64	0.0181598	0.00423078	0.00508793	0.00590544	0.0356083	0.00412043	0.00418474	0.134807	0.0127355	0.524151	0.0972307	0.00531018	0.00502306	0.010737	0.0151876	0.0100007	0.0134935	0.0787011	0.000957567	0.0143672
65	0.00814894	0.00173348	0.0113134	0.0154666	0.00662418	0.00607278	0.00299245	0.018107	0.392787	0.0292524	0.00628597	0.0205022	0.000726671	0.0156422	0.401559	0.0200837	0.0270593	0.00994485	0.00020354	0.00549435
66	0.0889503	0.00092971	0.169072	0.207488	0.00207439	0.0335062	0.0209532	0.00487917	0.110972	0.0177049	0.00957484	0.0987314	0.00630963	0.0682283	0.0280323	0.0711272	0.0460477	0.00903687	0.000177057	0.00620504
67	0.0844228	0.0115169	0.0310581	0.0418089	0.0129001	0.0140919	0.0128562	0.0158172	0.0293656	0.0281587	0.0122199	0.0199381	0.414778	0.0274934	0.0227306	0.119721	0.0570935	0.0324978	0.00254135	0.00899077
68	0.126987	0.00117636	0.134082	0.19098	0.00206118	0.0417629	0.0203473	0.00418755	0.104245	0.020219	0.0177791	0.0654814	0.00475076	0.0923647	0.0248273	0.086862	0.0468059	0.00772366	0.00017482	0.00718144
69	0.0334317	0.0186125	0.0130609	0.0325682	0.00537569	0.0094362	0.0603053	0.0132714	0.282491	0.0320795	0.00757839	0.029342	0.00383296	0.0670032	0.284925	0.0462344	0.0333262	0.0138147	0.00145083	0.0118602
70	0.0269771	0.0119379	0.00917133	0.00816776	0.430318	0.00282343	0.0292127	0.00486291	0.00599908	0.0527785	0.0128406	0.0202897	0.0044971	0.0147095	0.00788124	0.00967021	0.00750965	0.019967	0.0275334	0.292853
71	0.0994441	0.00585044	0.0501846	0.0899007	0.00470234	0.0247448	0.0323928	0.0264748	0.131702	0.0216797	0.00862373	0.0818393	0.0106297	0.050561	0.0756148	0.127494	0.123518	0.0242832	0.000923666	0.00943615
72	0.0755252	0.0138242	0.0349153	0.0791921	0.00223148	0.0297672	0.0302146	0.0156953	0.203135	0.0196451	0.00616196	0.0620657	0.00603329	0.0876053	0.167476	0.0927006	0.048723	0.0129969	0.00206861	0.0100229
73	0.0059454	0.00206475	0.0030998	0.00241089	0.0306689	0.000969688	0.00108224	0.145627	0.00322301	0.582919	0.11899	0.000569943	0.000832455	0.00845877	0.00634464	0.00373434	0.00312258	0.0694818	0.00043265	0.0100224
74	0.0245563	0.00160966	0.00392612	0.00263193	0.0010109	0.931946	0.000948786	0.00131903	0.00432596	0.00180843	0.00402975	0.0036152	0.000566646	0.00409829	0.00126743	0.00483836	0.00235824	0.00406452	0.000185633	0.000893178
75	0.607875	0.0392422	0.00217013	0.00342989	0.00209974	0.0859239	0.00295762	0.00545303	0.0054118	0.0150884	0.00655599	0.0023702	0.00521796	0.00677729	0.0107939	0.12965	0.0417183	0.0247625	0.000502733	0.00199977
76	0.0478362	0.00818422	0.0328088	0.0766162	0.00380549	0.0183056	0.0208835	0.0196112	0.239237	0.0253561	0.00994381	0.0549278	0.00517801	0.0864098	0.210839	0.0668687	0.0465091	0.0155247	0.00199593	0.00915907
77	0.0104379	0.00229144	0.00317699	0.0030363	0.0297957	0.00169051	0.0017796	0.145555	0.00426714	0.558067	0.115376	0.00144533	0.00106305	0.00858123	0.00799725	0.00570583	0.00816871	0.0815912	0.00065179	0.00932268
78	0.0684113	0.0110262	0.0222867	0.0349606	0.0151887	0.00996999	0.0104203	0.0201254	0.0344541	0.0316903	0.0141581	0.0180409	0.464282	0.0222951	0.0250448	0.069812	0.0798108	0.0369397	0.00337419	0.00770877
79	0.0129906	0.00318817	0.012125	0.01911	0.00742063	0.0086081	0.00606166	0.0176838	0.365454	0.0278288	0.00804228	0.0222115	0.00150405	0.0210232	0.384335	0.0268058	0.0370998	0.0113976	0.000717363	0.00639186
80	0.025672	0.00193858	0.00289432	0.00229617	0.000938371	0.931414	0.000994375	0.00159171	0.00399773	0.0031061	0.00433007	0.00200771	0.000763138	0.0040673	0.00164877	0.00358307	0.00309178	0.00464827	0.000179754	0.000836435
81	0.0347063	0.0069847	0.00266658	0.00233482	0.0304994	0.00774005	0.00348621	0.285942	0.0054029	0.243915	0.0578676	0.001341	0.00360617	0.00943025	0.00336333	0.00970421	0.0253296	0.25075	0.00294204	0.0119878
82	0.0187691	0.00577996	0.00496598	0.00717913	0.0392902	0.00454621	0.00663142	0.126825	0.0187855	0.499362	0.106473	0.00626082	0.00334328	0.013897	0.0200014	0.0116129	0.0130362	0.0743469	0.00106246	0.0178313
83	0.0203862	0.00494758	0.00391722	0.00677411	0.0387066	0.00535319	0.00499506	0.128061	0.0109591	0.510087	0.105532	0.00800447	0.00446455	0.0116723	0.0161178	0.0127474	0.0135531	0.0750546	0.00225561	0.0164109
84	0.0657735	0.0296738	0.00455612	0.00435119	0.00564209	0.00284135	0.00959048	0.0978131	0.0232626	0.0559582	0.046656	0.0106978	0.0101128	0.0376133	0.00951306	0.110395	0.207202	0.255907	0.00120146	0.0112399
85	0.0250024	0.00155492	0.00343763	0.00292074	0.00102827	0.928199	0.00125871	0.00143039	0.0047983	0.00197358	0.00440469	0.00301923	0.00100762	0.0045058	0.0016484	0.00483204	0.00285889	0.00466978	0.000187144	0.00126253
86	0.0703412	0.00349961	0.0468865	0.0919869	0.0061891	0.00872099	0.00689589	0.00643644	0.0364544	0.0156737	0.00826244	0.0147289	0.546846	0.0292287	0.0204335	0.045577	0.0247884	0.0132432	0.000727695	0.00307973
87	0.0791831	0.00852732	0.0250429	0.0453093	0.0159538	0.0129129	0.0119272	0.0144334	0.0355411	0.0304162	0.0147755	0.0166733	0.494936	0.0249463	0.0285387	0.0551205	0.0399538	0.0323665	0.00222418	0.0112179
88	0.0248404	0.00210007	0.00622175	0.00423159	0.000963897	0.919572	0.00140378	0.00151201	0.00468733	0.00259485	0.00427668	0.00489527	0.00193895	0.00455955	0.00166275	0.00625761	0.00229889	0.004814	0.000227924	0.000941185
89	0.0844252	0.0613599	0.0104489	0.0130025	0.0176592	0.0164318	0.012296	0.0799006	0.0331861	0.0727253	0.0379272	0.0163555	0.0162598	0.0292421	0.0203016	0.073836	0.19333	0.195516	0.00210726	0.0136891
90	0.0338872	0.00234147	0.00362823	0.00357954	0.00103993	0.907558	0.00156877	0.00181338	0.00508996	0.00274137	0.0042392	0.00361443	0.000934712	0.00475449	0.00246656	0.00990086	0.00366454	0.00540368	0.00024854	0.00152533
91	0.057546	0.00729164	0.0488482	0.0751466	0.0104348	0.0201683	0.0176051	0.0241551	0.239931	0.0398382	0.0146234	0.0414426	0.0132228	0.0535164	0.19718	0.0537348	0.0447625	0.0260662	0.0016499	0.0128359
92	0.0829072	0.013489	0.0439164	0.0352898	0.0136569	0.029651	0.0156211	0.039478	0.0537203	0.0414801	0.0223232	0.0497354	0.0195679	0.0282963	0.0350604	0.149943	0.245157	0.0671881	0.00192557	0.011593
93	0.00870867	0.0109895	0.00286734	0.00404427	0.024564	0.00186574	0.00229164	0.0844169	0.00512703	0.541071	0.217387	0.00202731	0.00128586	0.0073532	0.00771079	0.00494139	0.00627515	0.0504375	0.00074003	0.0158953
94	0.00559763	0.00160782	0.00269759	0.0024511	0.0307791	0.0010554	0.00102485	0.13644	0.00306788	0.609849	0.110397	0.000538319	0.000767659	0.0080401	0.00639596	0.00332329	0.00267672	0.0631641	0.00053728	0.00958961
95	0.487545	0.0197748	0.0165652	0.0288773	0.00723639	0.0488387	0.00822614	0.0148011	0.0232843	0.0231794	0.0156143	0.0138063	0.00901994	0.0195804	0.0235761	0.142925	0.0461539	0.0443356	0.000691307	0.00596879
96	0.00862209	0.00216768	0.0115808	0.0145568	0.00665058	0.00569379	0.00271125	0.0176517	0.386384	0.0273308	0.00704276	0.0209193	0.000901035	0.0147456	0.413447	0.0203156	0.0238331	0.00958168	0.000231674	0.00563286
97	0.509944	0.0188657	0.0151721	0.0206481	0.00593709	0.0383376	0.00617339	0.00998461	0.0174464	0.0129665	0.00847943	0.00994454	0.00692994	0.0177782	0.0166022	0.195658	0.0472348	0.0359888	0.00119727	0.0047106
98	0.0182098	0.000774908	0.000544729	0.000675284	0.00195705	0.000499666	0.000681302	0.318033	0.00456915	0.0471441	0.0275379	0.000761001	0.0012072	0.00149732	0.00620482	0.00152933	0.0209519	0.546049	0.000176652	0.000996007
99	0.53724	0.0182276	0.0112259	0.0200216	0.00419482	0.0404612	0.00567474	0.00889305	0.0171886	0.011348	0.00516416	0.0115822	0.0045436	0.0159699	0.0169077	0.188255	0.0420368	0.0355329	0.00161649	0.00391634
100	0.0378116	0.00299371	0.0205416	0.0257849	0.0026716	0.750301	0.00441055	0.00489849	0.0372184	0.00801579	0.00566608	0.0164044	0.00259196	0.01459	0.0219231	0.019377	0.0133671	0.00764956	0.00128556	0.00249754
101	0.0760194	0.0032508	0.129941	0.243486	0.00402208	0.0273879	0.0136681	0.0116265	0.129321	0.0180359	0.00975377	0.0563039	0.0240933	0.0738196	0.0651689	0.0583308	0.0370027	0.0127479	0.000742771	0.0052769
102	0.471392	0.0225499	0.0127878	0.0215241	0.00940117	0.043098	0.00912431	0.0185143	0.0214175	0.0268355	0.0148825	0.0146369	0.00999532	0.0177494	0.0238016	0.138986	0.0740918	0.0419024	0.0011458	0.00616398
103	0.0300996	0.0156082	0.148904	0.0751957	0.00336405	0.374045	0.0079232	0.00511926	0.0322748	0.0132231	0.00540482	0.121925	0.00507334	0.0101324	0.00523564	0.111677	0.0220169	0.00733662	0.00100302	0.00443784
104	0.0483348	0.00678327	0.00807722	0.0108627	0.0113074	0.00765648	0.00706921	0.239807	0.0135934	0.0900884	0.0361579	0.00727382	0.0062271	0.0151681	0.0108607	0.0245665	0.0410869	0.402933	0.00127356	0.0108722
105	0.0643563	0.0083428	0.0923824	0.076832	0.0089772	0.0286828	0.0150503	0.0138169	0.0404056	0.0232101	0.0111958	0.035135	0.260189	0.0308591	0.022165	0.16223	0.0720847	0.0241799	0.00126889	0.00863646
106	0.0429116	0.0123834	0.0112148	0.0136539	0.317182	0.00867912	0.0266949	0.0322574	0.0160917	0.122075	0.0305409	0.0222914	0.0156236	0.0188857	0.0268641	0.0235213	0.0258975	0.0414203	0.0187525	0.173059
107	0.030567	0.00641848	0.00685167	0.00533997	0.362069	0.00272183	0.0322363	0.0060255	0.0083729	0.143437	0.0326089	0.0207459	0.0117706	0.0179205	0.0163646	0.00673619	0.00919993	0.0213488	0.0117859	0.247479
108	0.0624487	0.00861492	0.0229796	0.00805972	0.156892	0.00544528	0.0826529	0.00976991	0.0205986	0.0393569	0.0165053	0.0192709	0.0348333	0.0423034	0.0184537	0.116377	0.0573919	0.0277602	0.00422818	0.246058
109	0.177821	0.0449646	0.0092018	0.0157804	0.00830074	0.0151173	0.0103353	0.0194506	0.0802649	0.0289777	0.082322	0.012054	0.0108318	0.0189089	0.0574514	0.221761	0.112929	0.0645548	0.00184223	0.00713076
110	0.567464	0.0354767	0.00191941	0.00333485	0.00156814	0.0419564	0.0024658	0.00698757	0.00700044	0.0125623	0.00718663	0.00251822	0.00330101	0.00822599	0.0107617	0.205389	0.047569	0.0321453	0.000555996	0.0016117
111	0.0303389	0.0020396	0.00563601	0.00454308	0.00100167	0.908214	0.0013796	0.00160568	0.00575223	0.00262592	0.00422686	0.00626361	0.00087583	0.00440774	0.00174752	0.00897046	0.00401935	0.0049406	0.000219619	0.00119147
112	0.0902232	0.0132389	0.0475122	0.0553382	0.0157858	0.0265954	0.0182407	0.0212107	0.0413605	0.0311584	0.0167163	0.0322909	0.207321	0.0346245	0.0308637	0.174675	0.0854571	0.041861	0.00353795	0.0119887
113	0.0907921	0.00166601	0.154993	0.296097	0.00248147	0.0351569	0.0170234	0.00493123	0.0877766	0.0157082	0.0129639	0.0515341	0.00669987	0.0936996	0.0212766	0.0624704	0.0315091	0.00807307	0.000243354	0.0049043
114	0.0454849	0.0119057	0.0137511	0.0229766	0.296371	0.0133139	0.0293931	0.0306709	0.0205633	0.108779	0.035125	0.0213431	0.00999072	0.0219219	0.0307042	0.0336141	0.0287687	0.0422895	0.020139	0.162894
115	0.0300023	0.0051173	0.263369	0.510007	0.00327713	0.00933638	0.013544	0.00507221	0.0215414	0.00351465	0.00290617	0.0128461	0.00366078	0.0739729	0.00716024	0.0137195	0.00629934	0.012181	0.000411926	0.00206094
116	0.0375981	0.00418634	0.203864	0.498716	0.00305689	0.0129675	0.0138934	0.00532486	0.0383572	0.00535545	0.00420211	0.0220346	0.00576187	0.0832794	0.0125127	0.0214708	0.0122521	0.0122617	0.000307203	0.00259753
117	0.0354593	0.00688824	0.00272097	0.0131324	0.0107089	0.00520143	0.0130842	0.0975654	0.0470279	0.135733	0.280193	0.00574466	0.00266466	0.0103805	0.0280537	0.0107472	0.0539983	0.234141	0.00113228	0.00542351
118	0.0295962	0.010481	0.00771718	0.0068823	0.408271	0.00228238	0.0259907	0.00364289	0.00540118	0.0676262	0.0151312	0.0202589	0.00572343	0.0135587	0.00830431	0.00760108	0.00674869	0.0189006	0.0232623	0.31262
119	0.0435614	0.013694	0.0161565	0.013826	0.0903085	0.0124451	0.0528847	0.0835615	0.0259374	0.10883	0.0356237	0.0235317	0.0123184	0.0292058	0.0205737	0.034254	0.0379903	0.17922	0.00770588	0.158371
120	0.0366992	0.00185003	0.00547525	0.00558209	0.00123372	0.889499	0.00214753	0.0019578	0.00642435	0.00336432	0.00481026	0.00453071	0.00150211	0.00647276	0.00373536	0.0121266	0.00436645	0.00594756	0.000387539	0.00188766
121	0.0518587	0.0137721	0.0062192	0.00958493	0.0153778	0.00483398	0.0131224	0.118048	0.0359246	0.158308	0.0883646	0.0114152	0.00681196	0.0362284	0.0234071	0.033323	0.109477	0.251672	0.00291861	0.00933215
122	0.053489	0.00236096	0.0017457	0.00227544	0.00131489	0.889851	0.00151201	0.00204823	0.00446272	0.00379927	0.00536849	0.00140484	0.00151571	0.00432948	0.00303461	0.00829087	0.00453706	0.00746481	0.000288489	0.00090687
123	0.597148	0.0191934	0.00275402	0.00439598	0.00155131	0.0390529	0.00204119	0.00528219	0.00603679	0.00517787	0.00230452	0.00356428	0.00240887	0.007941	0.00878465	0.220181	0.0410622	0.0294204	0.000268548	0.0014312
124	0.0210605	0.00292051	0.0144758	0.0234354	0.004774	0.0135382	0.00712133	0.0158658	0.35318	0.0245353	0.00689229	0.0249058	0.00230578	0.0266006	0.370013	0.0379105	0.0344297	0.00951908	0.00047161	0.00604569
125	0.0439916	0.00707199	0.0245074	0.0399175	0.0151879	0.0153491	0.0187412	0.02415	0.238822	0.0414137	0.0202241	0.0337592	0.00785836	0.0406744	0.296588	0.0449415	0.0419433	0.0267003	0.00449421	0.0136643
126	0.0181407	0.000840378	0.000586139	0.000664617	0.00198027	0.000508212	0.000759209	0.322817	0.00427097	0.0508135	0.0278004	0.000657614	0.0010587	0.0014381	0.00612714	0.00150822	0.019558	0.539271	0.000175685	0.00102433
127	0.0449346	0.00979935	0.0217672	0.0360974	0.0194163	0.0169224	0.0230821	0.0249694	0.232887	0.0360964	0.0168443	0.0310506	0.00748772	0.0408186	0.305425	0.0462504	0.0387196	0.0264335	0.00322233	0.0177757
128	0.0635122	0.00143436	0.181011	0.331772	0.00268448	0.0236726	0.0131643	0.00436035	0.0900895	0.0126406	0.00796028	0.0587243	0.00816316	0.0806656	0.0240025	0.0500854	0.0336623	0.00842956	0.000156582	0.00380885
129	0.00566233	0.00153238	0.00280268	0.00244993	0.0317527	0.00104546	0.000950568	0.131892	0.00350476	0.610536	0.11368	0.000791682	0.000569807	0.00771066	0.00661956	0.00334978	0.00329854	0.061939	0.000339345	0.00957329
130	0.0369727	0.0120982	0.0116863	0.0125116	0.31654	0.0109704	0.0259988	0.0387842	0.0168129	0.121243	0.0341885	0.0198307	0.0141123	0.0195514	0.0218502	0.0244487	0.0250336	0.0429397	0.0214966	0.172931
131	0.235982	0.00302897	0.0332235	0.107378	0.011585	0.0244789	0.0186108	0.0135915	0.0745617	0.0241683	0.00579727	0.0494474	0.00967553	0.0552448	0.0559887	0.153334	0.0695704	0.0405911	0.000236166	0.013506
132	0.166562	0.00208477	0.0985135	0.157421	0.00505601	0.0326745	0.0187423	0.00796914	0.097754	0.0209042	0.0109013	0.0636307	0.00788164	0.0770337	0.0382527	0.111181	0.0553166	0.019159	0.000210658	0.00875151
133	0.39501	0.0187511	0.00818195	0.00936193	0.00308258	0.382652	0.00374903	0.00420244	0.00743897	0.00944217	0.0045605	0.00644824	0.0044484	0.00810993	0.00970055	0.076186	0.0259533	0.0202161	0.000482503	0.00202236
134	0.00855393	0.00254015	0.0118508	0.0166763	0.00699449	0.00560781	0.00538499	0.0183598	0.384082	0.0295884	0.00630959	0.0214512	0.000800459	0.0191135	0.400606	0.0204766	0.025133	0.0104866	0.000247978	0.0057367
135	0.0870017	0.00759976	0.0360598	0.0957787	0.00224511	0.0252532	0.0238812	0.0149371	0.201453	0.0215558	0.00553484	0.0537238	0.00592352	0.0942054	0.169046	0.0868044	0.0425493	0.0146542	0.00157602	0.0102162
136	0.062978	0.0443409	0.0174857	0.0400888	0.00495212	0.0123037	0.0721758	0.0117955	0.193786	0.0379214	0.00912999	0.0502975	0.00510626	0.0862546	0.233738	0.0577964	0.0289307	0.0184127	0.00228283	0.010224
137	0.610286	0.0196052	0.00139823	0.00290215	0.00132326	0.0375503	0.00168082	0.00517883	0.00672251	0.00508094	0.0017266	0.00169644	0.0025624	0.00882989	0.00857402	0.212731	0.0408994	0.0298297	0.000288446	0.00113423
138	0.0700074	0.0106804	0.030357	0.052932	0.0190023	0.0105095	0.0107425	0.0151527	0.0360734	0.0335503	0.0145404	0.0163081	0.503362	0.0233052	0.0239827	0.0481452	0.0361533	0.0301699	0.00149797	0.0135276
139	0.562518	0.0408852	0.00319907	0.00410259	0.00207267	0.0383979	0.00362523	0.00572726	0.00624441	0.00825848	0.00420551	0.00354305	0.00466822	0.00833071	0.00917121	0.222194	0.0388107	0.0319467	0.00044408	0.0016555
140	0.020584	0.00643326	0.00248428	0.00124316	0.00686293	0.00131412	0.00260522	0.377177	0.00345991	0.240994	0.049329	0.000904355	0.0061891	0.00876583	0.00275991	0.00605775	0.00874357	0.249974	0.000527822	0.00359131
141	0.0183538	0.000838844	0.000547573	0.00065897	0.00187108	0.000506638	0.000689058	0.323578	0.00428297	0.0496517	0.0273742	0.000666842	0.00108463	0.00132703	0.00614045	0.00144699	0.0198017	0.54	0.000144639	0.00103478
142	0.0438785	0.0124478	0.0126928	0.0186232	0.309498	0.0104051	0.0253011	0.0383305	0.0164581	0.121932	0.0305888	0.0204534	0.0103173	0.0206759	0.0213103	0.0276352	0.0299328	0.0428189	0.0224406	0.16426
143	0.018517	0.00643193	0.00331109	0.00481837	0.0211967	0.00182115	0.00416405	0.19883	0.0109137	0.384449	0.171417	0.0025488	0.00227998	0.00913358	0.0107192	0.00626723	0.0123792	0.120977	0.000813233	0.00901112
144	0.0659414	0.00611513	0.208236	0.223369	0.00874043	0.0410486	0.0215246	0.0131869	0.0703199	0.0211819	0.0102458	0.0541136	0.0226613	0.0585024	0.0326268	0.0675181	0.0433778	0.0190466	0.00126967	0.0109742
145	0.0603145	0.00529211	0.156397	0.378217	0.00567898	0.0222899	0.0196106	0.00992299	0.0703581	0.0146856	0.00879876	0.0373809	0.0136891	0.07569	0.0292884	0.0448695	0.024244	0.0146852	0.000588759	0.00799782
146	0.00811982	0.00253131	0.00311311	0.00264554	0.027848	0.00093385	0.00166783	0.175495	0.00370765	0.553705	0.099515	0.00145994	0.00153544	0.00894154	0.00645156	0.00430022	0.0041715	0.0849908	0.000372671	0.00849412
147	0.0634836	0.00670883	0.205925	0.21677	0.0108173	0.0426157	0.0235456	0.0125176	0.0705185	0.0213056	0.0111854	0.0561985	0.0226166	0.0599971	0.0277011	0.0690749	0.0459573	0.0171902	0.00141733	0.014453
148	0.581429	0.0198047	0.00389007	0.00493195	0.00217607	0.0396909	0.00313646	0.00586032	0.00683485	0.00629485	0.00317834	0.00493126	0.00294767	0.00804193	0.00940311	0.21833	0.0465314	0.0306253	0.000415847	0.00154625
149	0.018265	0.000760375	0.000546932	0.000662067	0.00192577	0.000503222	0.000689626	0.321344	0.0043214	0.0495039	0.0275166	0.000684188	0.00107698	0.00133627	0.00615466	0.00151298	0.020203	0.541828	0.0001502	0.00101497
150	0.0376833	0.00200339	0.00170317	0.0018037	0.000838099	0.922998	0.00101533	0.00124387	0.00352011	0.00164995	0.00394608	0.0013718	0.000613376	0.00475233	0.0014194	0.00558496	0.00246816	0.00428353	0.000183609	0.000918265
151	0.178374	0.00655776	0.0284916	0.0479357	0.00786045	0.15536	0.0167137	0.010848	0.0571117	0.0205547	0.0384717	0.0200595	0.00993072	0.0815756	0.0180863	0.217575	0.0571524	0.0188498	0.00123921	0.00725251
152	0.0761204	0.00817463	0.0257712	0.0621049	0.00297659	0.0204233	0.0312249	0.0206814	0.232758	0.0236424	0.00731524	0.0536519	0.0174726	0.0664251	0.143603	0.0987256	0.0802541	0.0177628	0.00168188	0.00922976
153	0.0414683	0.00884525	0.0208033	0.0376183	0.0153679	0.0157792	0.0186165	0.0239248	0.243672	0.0402687	0.0168353	0.0293525	0.00555893	0.0381561	0.308632	0.0458959	0.043292	0.0260923	0.00278695	0.0170345
154	0.0554682	0.00821315	0.0386095	0.0636293	0.00273475	0.0291969	0.0413293	0.0307244	0.201134	0.0217424	0.00908445	0.0786291	0.00876113	0.0582277	0.12232	0.0982217	0.101781	0.0195701	0.00128059	0.00934279
155	0.168734	0.00513342	0.00902976	0.00674468	0.0210548	0.00491935	0.0869615	0.0372852	0.0101291	0.0476115	0.0784439	0.0270052	0.00433053	0.0430064	0.00769517	0.188119	0.128845	0.10633	0.00521839	0.0134037
156	0.00960849	0.00200986	0.0114437	0.0128746	0.00610369	0.00599817	0.00196983	0.0168466	0.371557	0.0250365	0.00867444	0.0218712	0.000809252	0.0128716	0.434645	0.020771	0.0220782	0.00863495	0.000276464	0.0059196
157	0.0928024	0.00448103	0.0278053	0.0905857	0.0056129	0.0484897	0.0502886	0.0106081	0.0950153	0.0389853	0.0667453	0.0149715	0.0362261	0.268808	0.0193342	0.0702724	0.02471	0.0159309	0.00148459	0.0168422
158	0.25489	0.0182353	0.0255791	0.0330188	0.0164541	0.0317852	0.0171427	0.0369472	0.0378138	0.0480929	0.0271865	0.0284718	0.0150041	0.0256716	0.0306229	0.13434	0.128569	0.074217	0.00204719	0.0139114
159	0.00443876	0.00133018	0.0027487	0.00228387	0.0285097	0.000635998	0.000839115	0.136243	0.00324747	0.619466	0.109905	0.000698764	0.000747562	0.00786437	0.0065817	0.00323666	0.00180508	0.0604754	0.000199793	0.0087422
160	0.05657	0.0125957	0.0460774	0.0353477	0.0548484	0.022759	0.115992	0.0284124	0.0466132	0.118744	0.0357991	0.106294	0.0137134	0.0433514	0.0431047	0.0505371	0.0500614	0.0453512	0.00732452	0.0665034
161	0.0709099	0.00584376	0.135216	0.296503	0.00485615	0.0233451	0.0189958	0.0114788	0.086158	0.0172739	0.0115778	0.041958	0.0154691	0.110635	0.0401357	0.0520695	0.0315254	0.0186302	0.000925641	0.00649339
162	0.00714724	0.0075652	0.00273787	0.00297194	0.0271618	0.00132771	0.00156308	0.100366	0.00488157	0.568798	0.18536	0.00120064	0.000879913	0.0075532	0.00704948	0.00448072	0.00399586	0.05131	0.000428997	0.0132209
163	0.0169931	0.00542176	0.00707648	0.00868513	0.0359118	0.00369573	0.00796338	0.126233	0.0117773	0.522611	0.101916	0.00548392	0.00333028	0.0136086	0.0143604	0.010176	0.0131709	0.0718002	0.000779522	0.0190049
164	0.107865	0.0180358	0.00643818	0.00502104	0.00813579	0.0031626	0.0132394	0.0747741	0.0169301	0.0380265	0.0324131	0.0116866	0.0169776	0.026918	0.0071557	0.152316	0.220946	0.227488	0.00227544	0.0101952
165	0.0323629	0.00764169	0.203923	0.537837	0.00344832	0.0100969	0.01461	0.00559179	0.0259292	0.00409446	0.00377608	0.0135023	0.00339066	0.0841383	0.00987938	0.0157293	0.00801835	0.0132444	0.000446869	0.00233991
166	0.00742137	0.0163385	0.00265459	0.00409619	0.0229835	0.00203689	0.0021934	0.07711	0.00429098	0.504891	0.265671	0.00180881	0.00127352	0.00708193	0.00697296	0.00527944	0.00479636	0.0453622	0.00048042	0.0172571
167	0.0649855	0.00613412	0.196735	0.235586	0.0145625	0.0377531	0.0194383	0.0141418	0.0698517	0.019729	0.0106692	0.0543661	0.0221323	0.0595905	0.0277315	0.066611	0.046298	0.0175163	0.00197923	0.0141882
168	0.0311094	0.00182255	0.00987067	0.0109672	0.00132196	0.873629	0.00206859	0.00246403	0.0110768	0.0035552	0.00489642	0.00789663	0.00357673	0.0082388	0.00469232	0.0115934	0.00494101	0.00481708	0.000256855	0.00120543
169	0.0296908	0.012292	0.0100999	0.00827383	0.390761	0.0032361	0.0315676	0.0100826	0.0073189	0.0795687	0.0188633	0.0213599	0.00622224	0.016667	0.0119713	0.0125611	0.011017	0.0227233	0.0253394	0.270384
170	0.0855548	0.000521919	0.175756	0.219088	0.00158029	0.031691	0.0153176	0.0035203	0.113951	0.0178051	0.0102332	0.0881122	0.00784351	0.0735652	0.0285796	0.0673622	0.046898	0.00761963	9.96514e-05	0.00490035
171	0.154832	0.00315717	0.037354	0.105788	0.00666223	0.0432012	0.0336135	0.0105933	0.0902989	0.023793	0.0227156	0.0310336	0.0344471	0.156528	0.0329946	0.127767	0.0506111	0.0225954	0.000726057	0.0112891
172	0.0270768	0.00269406	0.039053	0.006779	0.0041425	0.027216	0.00792994	0.0100295	0.0330944	0.0211848	0.00469271	0.147709	0.00933812	0.0202381	0.00620138	0.297476	0.320009	0.011042	0.000916854	0.00317707
173	0.0860769	0.000494511	0.174758	0.220305	0.00160156	0.0318075	0.0156687	0.00310918	0.114355	0.0179846	0.0106645	0.0871807	0.00475917	0.0754266	0.0292062	0.0672909	0.0469886	0.00715622	9.31244e-05	0.00507427
174	0.0851157	0.0046824	0.126675	0.137036	0.00356908	0.154124	0.0200355	0.0075681	0.0835585	0.0196717	0.0151634	0.0663088	0.00956998	0.0752386	0.029351	0.0982927	0.0431194	0.0134746	0.000974251	0.00647106
175	0.0182879	0.000648377	0.000505046	0.00064195	0.00190796	0.000492042	0.000667071	0.320492	0.00431729	0.045766	0.0272278	0.000666298	0.000940832	0.00118479	0.00626273	0.00141987	0.020088	0.547364	0.000145055	0.0009748
176	0.0183356	0.000782294	0.000595002	0.000682893	0.00208472	0.00053012	0.000798447	0.319021	0.00461192	0.0468952	0.0279141	0.000726173	0.00107362	0.00166264	0.00623151	0.00163874	0.0215652	0.5435	0.000239684	0.0011111
177	0.022586	0.00301304	0.00208047	0.00200143	0.0202347	0.00342101	0.0035599	0.290854	0.00612505	0.109895	0.0380491	0.00117623	0.00207118	0.00860172	0.00525939	0.00552981	0.0232221	0.442931	0.00312646	0.00626203
178	0.0212685	0.00767444	0.00281302	0.000989563	0.00250244	0.000811153	0.00251431	0.4171	0.00254707	0.237842	0.045205	0.00097729	0.00760673	0.00872742	0.00134033	0.00546825	0.00385485	0.227878	0.000224129	0.00265675
179	0.540811	0.0315595	0.00186212	0.00282415	0.00169407	0.198235	0.00224816	0.00447438	0.00496404	0.00855203	0.00362161	0.00221425	0.00337946	0.00700007	0.00859119	0.120927	0.03408	0.0207162	0.000449381	0.00179675
180	0.498989	0.0212482	0.0148455	0.025449	0.0125301	0.0483309	0.00773289	0.0172197	0.0217578	0.0242543	0.0130108	0.0115634	0.00975044	0.0183468	0.0193269	0.140784	0.0432636	0.0412937	0.00171231	0.00859033
181	0.0875518	0.0126864	0.0425275	0.0385518	0.0148262	0.0297237	0.0164987	0.041735	0.0582069	0.0463705	0.0250475	0.0516305	0.0131387	0.0291874	0.0402063	0.141843	0.23098	0.0666708	0.00173587	0.0108813
182	0.0586216	0.00629904	0.0661813	0.0559589	0.0114812	0.0336631	0.0185209	0.0204628	0.0608459	0.0283235	0.0151899	0.104679	0.0128955	0.033389	0.0342076	0.178165	0.222616	0.0247146	0.002431	0.0113546
183	0.0868204	0.0311136	0.0247138	0.0464216	0.185731	0.0209968	0.00661383	0.0803305	0.00860987	0.20764	0.0124416	0.0107773	0.0111916	0.0185136	0.0281792	0.0281598	0.0802403	0.0419142	0.00357162	0.0660193
184	0.114653	0.00636066	0.00542597	0.0184004	0.00586722	0.00815655	0.00618407	0.0099946	0.0326695	0.0365254	0.0240341	0.00415699	0.572531	0.0143078	0.037344	0.030791	0.0309562	0.0367934	0.000996977	0.0038513
185	0.0342262	0.00429773	0.208915	0.50343	0.00275272	0.0138971	0.0132778	0.00441716	0.0338371	0.00462983	0.00426601	0.02176	0.00249426	0.0922968	0.0107325	0.0188333	0.0113285	0.0117129	0.00033528	0.00256031
186	0.15321	0.00879367	0.0159474	0.00848433	0.015555	0.00453389	0.0324992	0.0578882	0.021967	0.072889	0.0777089	0.0115487	0.00509741	0.0376379	0.0211691	0.159536	0.13484	0.145946	0.00376605	0.0109826
187	0.0243966	0.0050155	0.0048593	0.00927271	0.0333758	0.00509551	0.00491878	0.122644	0.0122283	0.528928	0.104714	0.0055442	0.00376982	0.011936	0.0125533	0.0127626	0.0124443	0.0701589	0.0010871	0.0142947
188	0.0656121	0.00547089	0.203838	0.205977	0.00772118	0.0425476	0.0227638	0.0147318	0.0720935	0.0291115	0.0119719	0.0583106	0.0215916	0.0589212	0.0296327	0.0717313	0.0480526	0.0181173	0.000973059	0.01083
189	0.0661352	0.00218196	0.13314	0.199577	0.0013473	0.0227917	0.0094582	0.0137882	0.143919	0.0123347	0.00295437	0.0620837	0.0882404	0.0657879	0.0709762	0.0585931	0.0314085	0.0105093	0.000677401	0.00409546
190	0.483644	0.0231698	0.0171818	0.027849	0.0069085	0.0602669	0.00808111	0.0144629	0.0256912	0.0224671	0.0114222	0.0134728	0.0105462	0.0188208	0.0206034	0.136811	0.0493022	0.0412086	0.00110829	0.00698186
191	0.0104438	0.00260232	0.00379815	0.00339905	0.0275159	0.00187959	0.00167852	0.17045	0.0063422	0.537198	0.0983198	0.00178376	0.00195698	0.00995775	0.00829332	0.00633726	0.00617929	0.0922356	0.000418467	0.00920995
192	0.0280032	0.00911674	0.00177232	0.0022633	0.00655785	0.00348452	0.00176527	0.2368	0.0127987	0.0776213	0.0304202	0.00356896	0.00530833	0.0128058	0.0075799	0.0180878	0.130774	0.404983	0.000779655	0.00550815
