744	20
1	0.0857479	0.0153914	0.0107479	0.012698	0.0608499	0.0191929	0.0132202	0.119121	0.0119177	0.125398	0.0531739	0.0123954	0.0455098	0.0126615	0.0163512	0.0805917	0.0984543	0.187164	0.00030985	0.0191041
2	0.0339973	0.00324581	0.455387	0.0983568	0.00288421	0.00392877	0.0334029	0.0294864	0.00962504	0.00445922	0.00193426	0.158599	0.0188987	0.0247729	0.00378781	0.0525813	0.0556761	0.00530553	0.00059612	0.00307426
3	0.0122029	0.0332969	0.0405742	0.00492225	0.359814	0.0477858	0.00681174	0.0390265	0.00674957	0.214595	0.0131679	0.0274725	0.00561427	0.0276341	0.0106059	0.0734238	0.019644	0.0182332	0.00213056	0.0362946
4	0.0369659	0.0100173	0.212445	0.365151	0.011356	0.0433656	0.0327887	0.00733468	0.029874	0.0213133	0.00469509	0.0269882	0.0147415	0.0650945	0.0245	0.0409396	0.0145783	0.0272029	0.000224218	0.0104248
5	0.0999308	0.00860535	0.0854203	0.128073	0.00494509	0.0409048	0.0134777	0.0133463	0.103326	0.0186434	0.021499	0.106203	0.00929072	0.031066	0.0320218	0.165527	0.0928991	0.0207479	0.000286862	0.00378658
6	0.0499052	0.0445263	0.0628608	0.0109205	0.0722189	0.0193087	0.10155	0.0601555	0.00686313	0.109942	0.0226599	0.0551191	0.0198869	0.0869916	0.0900741	0.0777845	0.0245015	0.0271722	0.00981602	0.047743
7	0.0707432	0.0149344	0.011033	0.0114731	0.0580145	0.0183981	0.00992496	0.171036	0.00792442	0.123842	0.0543176	0.010302	0.0359368	0.0103183	0.0130708	0.0631794	0.086697	0.21412	0.000729844	0.0140052
8	0.0259143	0.0284443	0.0107344	0.0141965	0.121013	0.0118737	0.0203232	0.0563654	0.00805395	0.117938	0.0251496	0.00975258	0.00788871	0.0102534	0.0126877	0.0209678	0.0119797	0.0667177	0.337337	0.0824091
9	0.0116756	0.0293462	0.0266063	0.020531	0.162571	0.003924	0.0440009	0.125604	0.00634881	0.13272	0.0185544	0.0086022	0.014995	0.00860661	0.0180407	0.0343561	0.00910409	0.148858	0.0252422	0.150312
10	0.0947365	0.0107069	0.015422	0.0149726	0.0368552	0.0146481	0.0190249	0.0760161	0.00642681	0.105065	0.0375244	0.00857164	0.209093	0.0242408	0.0213383	0.0749889	0.0869455	0.132339	0.000538443	0.0105448
11	0.105789	0.012075	0.0295714	0.0201351	0.0151358	0.0169626	0.0223245	0.0232071	0.0149401	0.0724745	0.0217615	0.0164312	0.314829	0.0347481	0.0334226	0.111671	0.0798779	0.0467504	0.000664586	0.0072291
12	0.0305418	0.00897378	0.209654	0.363364	0.015611	0.0346313	0.0267945	0.00828554	0.0364821	0.0309771	0.00517077	0.0243186	0.0309868	0.0644921	0.0205639	0.0397375	0.0151963	0.0237964	0.00051087	0.00991135
13	0.101218	0.00185321	0.0280891	0.0184524	0.00819527	0.00699996	0.0231107	0.012907	0.00140651	0.081711	0.0179647	0.00167652	0.443372	0.051183	0.0353575	0.0740715	0.0630312	0.0278819	0.000320532	0.00119791
14	0.0573157	0.00803274	0.206422	0.310522	0.0107057	0.0491376	0.0375555	0.00867717	0.033343	0.0248772	0.00576586	0.0347235	0.00946192	0.0652449	0.0268863	0.0505214	0.0180189	0.0348604	0.000196889	0.00773129
15	0.0108429	0.0133278	0.593898	0.164789	0.00152424	0.0477997	0.013331	0.00533234	0.0093647	0.00732845	0.00090932	0.0617384	0.00557396	0.0128286	0.00277572	0.027339	0.0046675	0.0057297	0.000368722	0.0105304
16	0.129966	0.0114623	0.0861626	0.191618	0.00900008	0.0527562	0.00696889	0.019998	0.130647	0.0331929	0.0290598	0.0372384	0.0250759	0.0291932	0.021184	0.0639179	0.0622151	0.0568147	0.000810501	0.00271955
17	0.0586001	0.0095903	0.219765	0.267225	0.012342	0.0597618	0.0463765	0.00951305	0.0271524	0.0244047	0.00420702	0.0361907	0.0096437	0.0680378	0.0315505	0.0565004	0.0146649	0.0361658	0.000186062	0.00812197
18	0.0674108	0.00990974	0.231827	0.251786	0.0151903	0.05475	0.0405757	0.0105447	0.0320275	0.0239796	0.00636051	0.0366203	0.0102812	0.0593546	0.0291808	0.0562202	0.0189523	0.0360277	0.000414887	0.00858631
19	0.0090261	0.0118513	0.601106	0.172932	0.00139645	0.0498674	0.0126012	0.00399698	0.00975607	0.00782636	0.000886757	0.0526763	0.00516112	0.0132004	0.00298504	0.0256412	0.00208453	0.00616495	0.000245413	0.0105952
20	0.0340062	0.00322768	0.45517	0.0980637	0.00289087	0.00384207	0.0335364	0.0295136	0.00962471	0.0044557	0.00194005	0.158687	0.0189236	0.0248815	0.00378216	0.0526454	0.0558385	0.00530824	0.000599541	0.00306245
21	0.0132495	0.0174186	0.542126	0.182444	0.00316662	0.049798	0.0152979	0.00805235	0.0102844	0.00936258	0.001786	0.0477383	0.00522626	0.0169073	0.0063617	0.036574	0.00417574	0.00934529	0.000370467	0.0203157
22	0.00749153	0.011513	0.609124	0.173051	0.00117627	0.049805	0.0117234	0.00369157	0.00959182	0.00759962	0.000892118	0.0514227	0.00500659	0.0125573	0.00257484	0.0244734	0.00153262	0.00576483	0.000233746	0.0107751
23	0.00749189	0.0113683	0.603529	0.178057	0.00121867	0.0495046	0.0118207	0.00364851	0.00988308	0.00771424	0.000925705	0.0511465	0.00505895	0.0132774	0.00267852	0.0242448	0.00164158	0.00589729	0.000231654	0.0106624
24	0.0105412	0.0132963	0.573262	0.171253	0.00196418	0.05603	0.0135423	0.00482218	0.0107105	0.00836762	0.00111611	0.0547975	0.00508149	0.014368	0.00438555	0.0331868	0.00322512	0.00795951	0.000253785	0.0118363
25	0.0133856	0.00715693	0.00363826	0.0113665	0.0486614	0.00197594	0.0104158	0.133589	0.0103191	0.304173	0.157195	0.00714595	0.00327496	0.0143519	0.011685	0.031076	0.0538388	0.163678	0.00334	0.00973375
26	0.0423924	0.00582219	0.0430496	0.102928	0.00648061	0.0248457	0.0336881	0.0388565	0.2444	0.0680713	0.025709	0.0165725	0.0176536	0.0658396	0.103255	0.0523633	0.0231227	0.0763868	0.0030955	0.00546811
27	0.126834	0.00933031	0.080287	0.114925	0.00653876	0.0375816	0.013635	0.0142416	0.0936928	0.0207205	0.0192752	0.0895353	0.0182134	0.0301623	0.0388953	0.170205	0.0915073	0.0201472	0.000342202	0.00393064
28	0.230028	0.0100945	0.0297146	0.080658	0.016923	0.0300659	0.00578832	0.0735794	0.046909	0.0705042	0.0453234	0.0108787	0.0172977	0.0155442	0.0157359	0.0577736	0.0624745	0.173113	0.00107789	0.00651692
29	0.0266867	0.011413	0.00129003	0.00491566	0.0621081	0.00190563	0.00198823	0.280471	0.00128632	0.204834	0.119413	0.00397687	0.00116266	0.0026395	0.00137257	0.00864599	0.0198582	0.239954	0.00263145	0.00344699
30	0.0589491	0.00967229	0.218149	0.258607	0.0132458	0.0583106	0.0486251	0.00967839	0.0266023	0.0258801	0.00446319	0.0407642	0.00973845	0.0684037	0.0322626	0.0565552	0.0148004	0.0362598	0.000275784	0.0087571
31	0.0745901	0.00359939	0.0247628	0.0207232	0.00404096	0.34252	0.0124812	0.0120156	0.139095	0.00767387	0.00658482	0.00683381	0.00444219	0.0280908	0.205491	0.0627805	0.0105744	0.0304013	0.000966947	0.00233169
32	0.0189643	0.0208801	0.0469168	0.0454219	0.00687242	0.0187845	0.237685	0.00696902	0.0610556	0.0354841	0.0049377	0.0469053	0.0146701	0.179424	0.142905	0.02036	0.0109325	0.0120305	0.0104365	0.058365
33	0.0118685	0.00618368	0.0017304	0.0037432	0.0865801	0.00187834	0.00686541	0.107138	0.00408644	0.540851	0.0711194	0.0033807	0.0025603	0.00800539	0.00375543	0.0119828	0.0143442	0.0970763	0.00151683	0.0153338
34	0.0163344	0.0123368	0.0152273	0.0158441	0.00370777	0.0138343	0.0380822	0.0208097	0.303069	0.0297581	0.0298605	0.0696342	0.0131799	0.0691215	0.243402	0.0349271	0.0395234	0.0156682	0.00626578	0.00941331
35	0.0917579	0.014485	0.0109399	0.013233	0.0639292	0.0251669	0.0118998	0.116275	0.00935641	0.1346	0.0542888	0.0107576	0.0508758	0.0115406	0.017489	0.0760019	0.0948865	0.176711	0.000341117	0.0154641
36	0.0370005	0.00821888	0.00343865	0.00625083	0.0504832	0.0064563	0.00682517	0.151731	0.00499928	0.381014	0.0615418	0.00558553	0.0115029	0.00727137	0.00637703	0.0283655	0.0400483	0.174468	0.000791283	0.00763081
37	0.0546212	0.00590897	0.00427235	0.00526387	0.0244719	0.00600309	0.00555355	0.169508	0.00491632	0.0990123	0.0297724	0.00807857	0.0121228	0.00571828	0.00968714	0.0279065	0.0575316	0.463369	0.000473573	0.00580937
38	0.163354	0.0395884	0.0364996	0.0197458	0.00464414	0.0761676	0.00919701	0.00911909	0.00785506	0.0144729	0.00409031	0.0599359	0.0263067	0.00870965	0.0156056	0.393635	0.0705854	0.0181777	0.000256906	0.0220526
39	0.0312819	0.0221971	0.0663818	0.0956567	0.00482042	0.0388765	0.108179	0.00604494	0.0855041	0.0405906	0.00569209	0.0365944	0.0181459	0.185275	0.161277	0.0333981	0.0119372	0.0182484	0.0106014	0.0192973
40	0.0269223	0.0208447	0.0123468	0.00727267	0.204968	0.0135521	0.0128607	0.0640988	0.00878983	0.298595	0.0408633	0.0147226	0.0110672	0.0194853	0.0152331	0.0621113	0.0325392	0.0679417	0.00790974	0.0578763
41	0.0107705	0.00426578	0.00112074	0.00309066	0.057156	0.00121956	0.00652932	0.114611	0.00340549	0.603805	0.0616606	0.00239955	0.00262915	0.0063561	0.00271864	0.00896655	0.0113206	0.0911743	0.000824006	0.00597664
42	0.104541	0.00677299	0.0642697	0.169444	0.00721946	0.0274733	0.00745198	0.0171546	0.120718	0.0464456	0.0305746	0.0626156	0.00749949	0.0609568	0.0464499	0.102454	0.0816939	0.0329225	0.000782959	0.00255958
43	0.186765	0.0294824	0.0425462	0.0200491	0.00573888	0.196537	0.00945531	0.0101873	0.00985612	0.0133277	0.00627542	0.0595167	0.0272948	0.0103189	0.0222355	0.207723	0.0719243	0.0561145	0.000572387	0.0140796
44	0.0676737	0.0097912	0.211468	0.260228	0.0163797	0.0563523	0.047275	0.010946	0.0274365	0.0250738	0.00498534	0.0349844	0.0101495	0.0636033	0.0304495	0.0555387	0.0158251	0.0422601	0.000435758	0.00914357
45	0.0640147	0.0346869	0.0662246	0.0453654	0.00232117	0.127845	0.0179852	0.021037	0.00812453	0.00613046	0.002483	0.156376	0.00184647	0.0164973	0.00389475	0.284402	0.06865	0.0312403	0.000378718	0.0404961
46	0.0369807	0.0310913	0.0141301	0.0225336	0.0452612	0.0211127	0.0334993	0.035115	0.0257175	0.0724977	0.0199114	0.0162581	0.0103166	0.035423	0.0523542	0.0282043	0.0188361	0.0445195	0.388191	0.0480466
47	0.0813753	0.0156437	0.0109318	0.0120115	0.0699045	0.0252338	0.0129576	0.114357	0.0103478	0.139811	0.0520871	0.0117159	0.0485449	0.0120163	0.0208843	0.077445	0.0914765	0.172781	0.00143286	0.0190426
48	0.00670966	0.00973688	0.536324	0.245604	0.00180141	0.0412996	0.0116736	0.00331123	0.0147852	0.00841641	0.00158854	0.043214	0.00778763	0.0237223	0.003629	0.0204469	0.00327413	0.00608327	0.000230134	0.010362
49	0.0152513	0.00472114	0.00348214	0.0036562	0.0139493	0.00341811	0.00323107	0.348423	0.00851642	0.0932678	0.0172673	0.0249446	0.00519733	0.00863227	0.017001	0.0264606	0.13131	0.266095	0.00138358	0.00379219
50	0.046073	0.00095591	0.00229213	0.000820371	0.00676689	0.000582038	0.000623592	0.162658	0.000625934	0.0573009	0.00286962	0.00110039	0.000525873	0.000768346	0.0053993	0.003687	0.00557873	0.700611	0.000209603	0.000552034
51	0.303715	0.023877	0.0171674	0.00939789	0.0110641	0.0323572	0.00446921	0.0224701	0.00868355	0.0248841	0.0110051	0.0186943	0.0409878	0.00621238	0.0130942	0.276904	0.119196	0.0458075	0.000321977	0.00969107
52	0.225862	0.0340557	0.025963	0.010293	0.00734845	0.0532786	0.00758969	0.00772482	0.00962511	0.0241426	0.00600679	0.0300235	0.0577237	0.00711768	0.0266127	0.347118	0.0816532	0.0182084	0.000239346	0.0194137
53	0.0273479	0.00512507	0.00165476	0.00273802	0.0440891	0.00173653	0.00437033	0.158233	0.0023199	0.394324	0.050604	0.00208125	0.00247142	0.00425882	0.00301865	0.00847559	0.0125095	0.270237	0.000786139	0.00362007
54	0.200056	0.0484294	0.0216698	0.0119964	0.0111523	0.0397603	0.00602292	0.0184147	0.0107447	0.0217187	0.0087058	0.0366419	0.0420572	0.00823305	0.019716	0.324314	0.110854	0.0457304	0.000473472	0.0133088
55	0.051141	0.0482383	0.0116112	0.0191183	0.0758887	0.0195122	0.0229638	0.0366918	0.0129408	0.114555	0.0215001	0.0160656	0.00907272	0.0236261	0.0294798	0.032087	0.0188066	0.0376546	0.344959	0.0540871
56	0.0451697	0.0170971	0.117093	0.156246	0.00659565	0.0450222	0.0908968	0.00689816	0.0614762	0.039243	0.00508542	0.0398837	0.0143015	0.149662	0.105455	0.0397398	0.0133276	0.0245803	0.00716257	0.0150647
57	0.143636	0.00744666	0.00740688	0.00929618	0.0180679	0.0153694	0.00440448	0.133415	0.00682755	0.0679445	0.0223875	0.00512166	0.0111342	0.00544258	0.00968913	0.044352	0.0306964	0.451491	0.000587752	0.00528376
58	0.242327	0.0136592	0.0238951	0.0251899	0.0219542	0.0365848	0.00820828	0.0705888	0.0131666	0.05884	0.0249987	0.0121662	0.025898	0.0109999	0.0147585	0.0970653	0.0492821	0.238772	0.00183975	0.00980522
59	0.0649737	0.0219504	0.0182785	0.0130396	0.0105433	0.0358861	0.00859836	0.0164911	0.0209046	0.0455615	0.0106071	0.0886332	0.00505419	0.0301114	0.0142791	0.348975	0.19608	0.0235097	0.00135204	0.0251704
60	0.0243641	0.0333582	0.00596428	0.00296486	0.335762	0.0048329	0.00939983	0.0314928	0.00692496	0.195534	0.0359057	0.0163464	0.00459105	0.0148072	0.0103261	0.0310195	0.012172	0.0482816	0.0108677	0.165085
61	0.0260904	0.00318414	0.00158182	0.00212162	0.0264858	0.000930282	0.00172046	0.231928	0.00142058	0.183141	0.032846	0.00220013	0.00265385	0.00251392	0.00391382	0.00533723	0.00895871	0.45976	0.000917503	0.00229516
62	0.00280791	0.00255152	0.00503182	0.00613768	0.00135616	0.0055513	0.00601895	0.00289805	0.564819	0.0106324	0.0147498	0.0210568	0.00278224	0.019576	0.288905	0.0227602	0.0122787	0.00641768	0.00107995	0.00258853
63	0.0942746	0.00567698	0.0232426	0.0174532	0.0181323	0.0107539	0.0211889	0.0278215	0.00754412	0.0874278	0.0232101	0.00612125	0.368497	0.0391704	0.0327499	0.0842828	0.0750993	0.0505488	0.000989225	0.00581565
64	0.0175401	0.0105179	0.524126	0.187957	0.00293916	0.0520481	0.0197562	0.00495379	0.0163992	0.0101594	0.00155275	0.054342	0.00789853	0.0228031	0.00872764	0.0319195	0.00623073	0.0106048	0.0002236	0.00930126
65	0.107938	0.00475512	0.0508475	0.14417	0.00522897	0.0454152	0.0117026	0.0323022	0.162868	0.0307678	0.0364878	0.0186814	0.00926093	0.0452831	0.094462	0.0727614	0.0375104	0.0863275	0.000885204	0.00234491
66	0.179187	0.0287896	0.0356246	0.0161203	0.00657277	0.201898	0.00978213	0.00647892	0.0230144	0.0142346	0.00537763	0.0381506	0.0389179	0.0112167	0.0437746	0.23677	0.0626399	0.0286048	0.000471932	0.0123734
67	0.0370284	0.0115228	0.0814312	0.0731999	0.00592853	0.271573	0.0246612	0.00429524	0.112281	0.00544243	0.00380655	0.135267	0.0116801	0.0266637	0.0788893	0.0822498	0.0229183	0.00740981	0.000593537	0.0031575
68	0.0675972	0.0104699	0.212436	0.247538	0.0123696	0.0608222	0.0442895	0.0100703	0.0294706	0.0239107	0.0048	0.0351455	0.0113021	0.0675552	0.0334182	0.0650619	0.0174516	0.0376812	0.00022347	0.00838681
69	0.0422796	0.0113489	0.0144836	0.0166605	0.0542621	0.0117271	0.0436831	0.103886	0.0216565	0.200218	0.104389	0.0153756	0.0249327	0.0223483	0.0252775	0.0482496	0.0578587	0.150225	0.00404343	0.0270953
70	0.0190701	0.0131904	0.483283	0.160648	0.00301356	0.0868428	0.0164738	0.00511921	0.0196719	0.00885065	0.00201655	0.0674781	0.00580459	0.0194384	0.0128433	0.0457914	0.0093474	0.00955057	0.000411275	0.0111549
71	0.0722232	0.00892484	0.0155658	0.0145503	0.0385593	0.011628	0.0182886	0.12228	0.0106376	0.131054	0.0388527	0.00892251	0.179862	0.0259875	0.0236103	0.0632567	0.0659072	0.133477	0.00226983	0.0141426
72	0.176882	0.0321707	0.0366726	0.0109322	0.00732514	0.248845	0.0111132	0.00627887	0.00848597	0.012886	0.00486264	0.0454826	0.0403496	0.0109876	0.0336445	0.18055	0.0713735	0.0502054	0.000627618	0.0103246
73	0.058498	0.0333875	0.031498	0.0571579	0.020061	0.0437253	0.0118035	0.0290793	0.0596764	0.0799246	0.0425121	0.0626033	0.0155161	0.0276938	0.0751962	0.170983	0.114003	0.029203	0.00910073	0.0283772
74	0.00468406	0.0170849	0.0107976	0.00308951	0.291752	0.00229332	0.0735767	0.00896811	0.00236352	0.0251645	0.00554636	0.0150742	0.0036289	0.00690264	0.0158437	0.0227786	0.00388031	0.0117701	0.0044399	0.470361
75	0.0415134	0.00121284	0.00212035	0.000939794	0.00911658	0.000637357	0.000705715	0.185909	0.000650401	0.0630117	0.00643345	0.0014525	0.00130619	0.000994661	0.00524284	0.00368929	0.00613066	0.667827	0.000334501	0.000772042
76	0.0241412	0.0181038	0.0271573	0.0375628	0.00575392	0.0320215	0.0823607	0.0121127	0.239208	0.0311299	0.0117388	0.0629818	0.0166139	0.0865213	0.191901	0.0512001	0.0301233	0.0197964	0.00694706	0.012624
77	0.0197546	0.00225996	0.00158301	0.0019236	0.0180881	0.000595867	0.000627967	0.336021	0.000736445	0.0831136	0.0186452	0.00248816	0.00546528	0.00164932	0.00434405	0.00295419	0.00629078	0.490794	0.000975588	0.00168967
78	0.0174217	0.00730273	0.0217991	0.0270574	0.00337893	0.0185047	0.0143521	0.0104875	0.442758	0.0161117	0.0172717	0.0491662	0.00938277	0.0288065	0.223455	0.0409666	0.031449	0.012239	0.00398472	0.004104
79	0.0125117	0.0368025	0.0146381	0.0149531	0.00654871	0.0148803	0.0506331	0.0101575	0.317196	0.0202067	0.0118791	0.046356	0.010048	0.0626756	0.267075	0.0409898	0.0337273	0.0117933	0.00917686	0.00775087
80	0.00748195	0.00325087	0.00111693	0.00273516	0.0273867	0.000794396	0.00068847	0.420975	0.000734077	0.106169	0.0337378	0.00283408	0.00768215	0.00211545	0.00258862	0.00238942	0.0070351	0.366286	0.001312	0.00268676
81	0.111351	0.00491106	0.0276843	0.0179387	0.00860851	0.00987788	0.0221902	0.0132595	0.00250024	0.0767832	0.0176497	0.00411502	0.414625	0.0468746	0.0359498	0.08883	0.0653165	0.0293739	0.000268816	0.00189188
82	0.168993	0.0416378	0.0361524	0.0178284	0.00475613	0.0726007	0.00902305	0.00897461	0.00837655	0.0134265	0.00437576	0.0569464	0.0295189	0.00829236	0.0168552	0.392267	0.0711257	0.0180542	0.000289902	0.0205055
83	0.118008	0.0506476	0.0187216	0.0113131	0.0113388	0.0363934	0.0067397	0.0156149	0.0152277	0.0224779	0.00819854	0.0469836	0.02074	0.0122819	0.0203109	0.40753	0.134038	0.0249777	0.000660513	0.0177958
84	0.123301	0.0210454	0.0325693	0.139663	0.0268885	0.0239761	0.00741475	0.0570222	0.0484449	0.0601044	0.0443043	0.0398374	0.0136362	0.0501368	0.0220616	0.0789219	0.113018	0.0864375	0.00193314	0.00928359
85	0.0139235	0.00774932	0.00231603	0.00411296	0.0740236	0.00135924	0.00641122	0.158307	0.00279586	0.454203	0.0707548	0.00296501	0.00233848	0.00527234	0.00270854	0.00874359	0.0123934	0.156187	0.002566	0.0108687
86	0.0076617	0.00348135	0.00140833	0.00211173	0.0208027	0.000827997	0.000786898	0.443199	0.000855569	0.0774691	0.0193962	0.00262528	0.00855454	0.00220226	0.00300448	0.00238586	0.00497081	0.394356	0.00188234	0.00201798
87	0.0045141	0.00472276	0.0191899	0.0127164	0.000977055	0.00799292	0.0104616	0.00601582	0.495205	0.00507971	0.0142083	0.0869787	0.00994501	0.0278949	0.224814	0.0220047	0.0401686	0.00133297	0.00294693	0.00283084
88	0.0726961	0.0147905	0.0582652	0.0489312	0.0105828	0.381491	0.0201941	0.0119246	0.0508146	0.0178073	0.00728074	0.0548789	0.0107348	0.0240638	0.0559642	0.0868076	0.029347	0.0330703	0.00250562	0.00785024
89	0.0238153	0.0105896	0.00137104	0.00466033	0.0638577	0.00189958	0.00226494	0.282788	0.00143783	0.211743	0.107893	0.0038437	0.00192886	0.00277513	0.00157492	0.00884018	0.0188917	0.242688	0.00246703	0.00467055
90	0.0927793	0.00639019	0.00885515	0.00915782	0.0167156	0.0119261	0.00476574	0.139531	0.00615524	0.075674	0.0181307	0.00617593	0.0183651	0.00553597	0.0102617	0.0328778	0.0252234	0.505236	0.00184599	0.00439751
91	0.0367187	0.0708486	0.0119205	0.0109843	0.180033	0.00865867	0.0198733	0.0799217	0.0106501	0.134302	0.0405623	0.01516	0.0194252	0.0140308	0.0193226	0.0629647	0.0382217	0.118621	0.0125398	0.0952417
92	0.0141387	0.0335253	0.00912914	0.0106917	0.0112267	0.0119916	0.0669268	0.0162495	0.201785	0.0178751	0.00965693	0.0483863	0.00818137	0.0535332	0.299501	0.0932368	0.0641959	0.0191949	0.00665843	0.00391587
93	0.0153694	0.00667654	0.0211105	0.0274559	0.00552369	0.0166842	0.0190983	0.0121266	0.431934	0.0214097	0.0168714	0.0502919	0.0088594	0.0342253	0.21725	0.039981	0.0293465	0.0161189	0.00373495	0.00593194
94	0.00762048	0.0408211	0.0249469	0.00918444	0.00277278	0.0419686	0.0667961	0.0105462	0.0762362	0.00773994	0.00194553	0.434957	0.00867052	0.0161371	0.0392803	0.106705	0.052421	0.00955589	0.000660421	0.0410348
95	0.0580178	0.0105744	0.0045377	0.00844759	0.0392586	0.00804836	0.00652378	0.22306	0.00613018	0.14921	0.0610488	0.0120924	0.0124235	0.00696975	0.0104915	0.0328307	0.0830917	0.258849	0.00126186	0.00713282
96	0.12584	0.0112651	0.0182179	0.0401427	0.00961738	0.0352087	0.0189995	0.0343622	0.127336	0.0374201	0.0322459	0.0284203	0.0166893	0.05449	0.145584	0.0992666	0.0805487	0.0750427	0.00288794	0.00641484
97	0.0344018	0.0245647	0.0358579	0.0275017	0.029242	0.0217651	0.177388	0.0287044	0.0422343	0.0832515	0.01689	0.0765758	0.020915	0.0965258	0.102278	0.0485484	0.0308561	0.0381822	0.00815045	0.0561668
98	0.00579669	0.0036296	0.00631065	0.00768774	0.00167684	0.00862531	0.00917124	0.00427768	0.54193	0.0108793	0.0148924	0.0225354	0.00341385	0.020656	0.287949	0.0245013	0.0135753	0.0082164	0.00154883	0.00272692
99	0.0186468	0.0333661	0.0156962	0.0267603	0.00276525	0.0219405	0.145571	0.00397432	0.108999	0.0433041	0.00457022	0.0366579	0.0200266	0.185577	0.249355	0.0239681	0.0112044	0.00939672	0.0162218	0.021999
100	0.0399766	0.0138397	0.0143642	0.0197179	0.0521789	0.0112375	0.0167925	0.124501	0.0382969	0.202997	0.101445	0.017508	0.0208376	0.0219515	0.0436189	0.0528184	0.0576866	0.125579	0.00819461	0.0164585
101	0.0810538	0.0134492	0.0126571	0.0233126	0.0185271	0.0250183	0.013329	0.0644448	0.0864397	0.0785207	0.0542597	0.0426588	0.0363669	0.0422512	0.102356	0.113445	0.103243	0.0674097	0.00576236	0.0154938
102	0.108832	0.0181493	0.00947864	0.005105	0.0120878	0.0144026	0.00312769	0.0187944	0.0170062	0.0254416	0.0136996	0.033546	0.00836335	0.0167219	0.00441494	0.33946	0.326125	0.015256	0.000636647	0.00935161
103	0.00852412	0.00961975	0.0195779	0.0221391	0.0018013	0.0190736	0.063449	0.00452801	0.289185	0.017155	0.00769042	0.1129	0.0161036	0.0818767	0.212213	0.0622665	0.0246416	0.00615013	0.00446418	0.0166413
104	0.0650969	0.00897404	0.196666	0.24553	0.0111294	0.060062	0.0425376	0.0106552	0.0577307	0.0236498	0.00657533	0.031661	0.00969504	0.061162	0.0423798	0.0620431	0.0166635	0.0400692	0.000366161	0.00735338
105	0.00463117	0.0377482	0.0210654	0.00604213	0.00201079	0.0330901	0.0646591	0.00999249	0.0905356	0.00519794	0.00151551	0.468724	0.00860759	0.0120916	0.0332531	0.100869	0.0512236	0.00832428	0.000500175	0.039918
106	0.402735	0.0131756	0.019552	0.0111611	0.00701842	0.032676	0.00874745	0.010233	0.00543566	0.0322898	0.0150894	0.00709448	0.150087	0.016165	0.0176409	0.141557	0.042424	0.0616773	0.000524845	0.00471621
107	0.00469077	0.00468503	0.019621	0.0125213	0.00099046	0.00844172	0.0108013	0.0060101	0.490661	0.00515488	0.0143295	0.0895288	0.0103043	0.0282093	0.224187	0.0221275	0.0406611	0.00137318	0.0028719	0.00282991
108	0.00658614	0.00201679	0.000510761	0.00143806	0.0562306	0.00047055	0.00591423	0.0870418	0.00214732	0.717203	0.040832	0.000635475	0.000385109	0.00530004	0.000600753	0.00331655	0.00291654	0.0626318	0.000186124	0.00363639
109	0.00718068	0.00236835	0.000942069	0.00286543	0.0549706	0.000573662	0.0066171	0.0932974	0.00316627	0.661598	0.0591696	0.00142729	0.000679937	0.00657823	0.00203202	0.00650045	0.00909366	0.0759015	0.000669055	0.00436825
110	0.00651939	0.0020215	0.000512232	0.00143567	0.0559565	0.000470869	0.00583191	0.0864277	0.00215338	0.718407	0.0408304	0.000634715	0.000388089	0.00530605	0.000603687	0.00335607	0.00289807	0.0623992	0.000181702	0.00366539
111	0.0106248	0.00328561	0.000764861	0.00218075	0.0526445	0.000679512	0.00464648	0.183292	0.00183367	0.50995	0.0535953	0.00166535	0.00159208	0.00478832	0.000896226	0.00456053	0.00700193	0.151315	0.000861016	0.00382221
112	0.0856631	0.00537157	0.0376218	0.089128	0.00477282	0.162762	0.0308545	0.0134735	0.150349	0.0151721	0.010219	0.0328607	0.00730371	0.0687035	0.165547	0.0715407	0.0144089	0.0293302	0.00173802	0.00317997
113	0.0860441	0.0422283	0.0540945	0.0421037	0.0150111	0.257496	0.0229802	0.0148007	0.035794	0.0265099	0.00908912	0.0636318	0.0177443	0.0279758	0.0479842	0.135223	0.044965	0.0353533	0.00660254	0.0143686
114	0.536688	0.0101177	0.0208506	0.0140383	0.00513957	0.0527828	0.00485123	0.00849298	0.00708808	0.0193888	0.019083	0.00449531	0.0141795	0.00443297	0.00593902	0.151707	0.0204059	0.0966625	0.000791119	0.00286554
115	0.0100066	0.00280166	0.000820929	0.00195642	0.0502825	0.00090627	0.00505556	0.136203	0.00220926	0.590622	0.0433406	0.00137413	0.00173207	0.00489279	0.00151861	0.00498162	0.00637626	0.130882	0.000505858	0.00353192
116	0.0726568	0.0118539	0.143462	0.234608	0.0140791	0.0803455	0.0287762	0.0190113	0.0517732	0.029624	0.0131555	0.0363353	0.0141123	0.0501929	0.0323424	0.0649371	0.0334803	0.0587447	0.00106848	0.00944153
117	0.0744218	0.0242906	0.0275035	0.0257174	0.011337	0.046079	0.0230208	0.0268024	0.0513882	0.0441127	0.0176449	0.0992176	0.0167846	0.0239228	0.0378093	0.249829	0.146319	0.0308392	0.0028309	0.0201298
118	0.0274299	0.0238104	0.0243295	0.0461392	0.00259468	0.0443074	0.140256	0.00423766	0.0891437	0.0565794	0.00458065	0.0307562	0.0228361	0.234863	0.176033	0.0157958	0.0052452	0.0163772	0.0130181	0.021666
119	0.0141479	0.025452	0.0154197	0.00324393	0.374232	0.0207028	0.00571964	0.0334679	0.00584307	0.248432	0.0221328	0.0158259	0.00453477	0.0248401	0.00688932	0.0497424	0.0154209	0.0265863	0.00414226	0.0832242
120	0.169798	0.0210099	0.0137134	0.00891764	0.0164683	0.0230933	0.00461069	0.0325072	0.0134875	0.0448273	0.0171521	0.0262475	0.0346156	0.0129242	0.0126727	0.321287	0.1773	0.035792	0.000431803	0.0131449
121	0.0569474	0.104338	0.0188254	0.0182131	0.0452936	0.0222492	0.0159459	0.0287816	0.0186357	0.0863923	0.0504835	0.0317449	0.0194961	0.0187796	0.0420386	0.254756	0.0797009	0.0432592	0.00589891	0.0382198
122	0.02299	0.0117571	0.00173312	0.00531847	0.0848662	0.00188789	0.00407558	0.273253	0.00222235	0.198304	0.105394	0.00466658	0.00219987	0.00332781	0.00232447	0.0093474	0.017528	0.230011	0.00356637	0.0152268
123	0.0219903	0.00910512	0.00251636	0.00692053	0.052874	0.00268657	0.00561605	0.227482	0.00494552	0.243372	0.118015	0.00839761	0.00502025	0.00694156	0.00580506	0.0183968	0.0334653	0.217752	0.00260783	0.00609101
124	0.0505102	0.00906814	0.222884	0.293906	0.0111376	0.0568794	0.043199	0.00845882	0.0285633	0.0234279	0.00403382	0.0357163	0.00980289	0.068321	0.0289587	0.0495671	0.0137989	0.0331597	0.000203319	0.00840437
125	0.0429275	0.0190872	0.0320649	0.0647628	0.00319543	0.0385877	0.110146	0.00767848	0.128396	0.0438662	0.0072988	0.0354768	0.0199494	0.18916	0.156302	0.0352901	0.0172523	0.0216253	0.0103155	0.0166177
126	0.00865978	0.00605609	0.3448	0.413162	0.00297958	0.0262284	0.0133783	0.00305496	0.0279415	0.0114426	0.00246897	0.0286795	0.00832578	0.0493875	0.00812949	0.0156198	0.00824264	0.0104662	0.00019223	0.0107844
127	0.00724285	0.00467978	0.0191282	0.0127188	0.00124861	0.00890263	0.0108415	0.008145	0.470557	0.00729207	0.0178953	0.0897245	0.0103685	0.0300938	0.220339	0.0256444	0.0455139	0.00370981	0.00286291	0.00309159
128	0.00743001	0.0106674	0.582046	0.19742	0.00118315	0.0479347	0.0117022	0.00344861	0.0119455	0.00827456	0.00099551	0.0497026	0.00510659	0.0171442	0.0029887	0.022999	0.00214295	0.00625765	0.000212623	0.0103978
129	0.00627871	0.0196318	0.0510547	0.00649444	0.0457443	0.00369247	0.322532	0.0233221	0.00495801	0.0231147	0.0098577	0.0638148	0.00288828	0.0486962	0.0178169	0.0260385	0.00883927	0.016896	0.00199855	0.29633
130	0.0928538	0.0200291	0.0100607	0.0155636	0.049727	0.0226243	0.00962639	0.119843	0.00969507	0.121751	0.0561206	0.009756	0.038826	0.0103728	0.0168753	0.0789351	0.101989	0.197845	0.000275427	0.0172315
131	0.0844268	0.00947448	0.18669	0.220058	0.010409	0.0678966	0.040302	0.0104565	0.0471373	0.0213818	0.00639441	0.0337928	0.0105775	0.0638895	0.0478877	0.0738431	0.0204266	0.037867	0.000562554	0.00652716
132	0.00934988	0.00328307	0.0136983	0.0099824	0.0106559	0.00449112	0.00370896	0.135213	0.173665	0.0399389	0.10632	0.0169051	0.00634272	0.030269	0.242167	0.0281439	0.067768	0.0845357	0.0101705	0.00339075
133	0.0156174	0.00662107	0.0011623	0.00379409	0.0427216	0.00130587	0.00119474	0.367459	0.00106416	0.151361	0.0722414	0.00332221	0.00454939	0.00229339	0.00225973	0.00531001	0.0132406	0.299554	0.00171199	0.00321599
134	0.0615008	0.0095435	0.215608	0.265798	0.0125407	0.0589508	0.0472364	0.00958102	0.0273999	0.0246419	0.00453326	0.0358484	0.00952553	0.0669764	0.0310711	0.0567527	0.0155491	0.0386543	0.000286341	0.00800159
135	0.0204509	0.0342746	0.0153589	0.0266914	0.00186693	0.0212932	0.158517	0.00278301	0.0887321	0.0457666	0.00403823	0.0356728	0.0215625	0.195992	0.249429	0.0196122	0.00823509	0.00876569	0.0163714	0.0245869
136	0.0943445	0.00581157	0.0235904	0.0191609	0.0163832	0.00975263	0.0232545	0.0294878	0.00686213	0.0902848	0.022563	0.00690142	0.371613	0.0392387	0.0300693	0.078914	0.0743494	0.0523455	0.000466909	0.00460593
137	0.0326958	0.00384292	0.447377	0.0986489	0.00329377	0.00617324	0.0342317	0.0277288	0.00990726	0.00565735	0.00203717	0.157752	0.0177697	0.0301608	0.00453238	0.0530682	0.0542778	0.00614183	0.000682153	0.00402172
138	0.045854	0.00101267	0.00225379	0.000877453	0.00726585	0.000593625	0.000629331	0.164036	0.000633545	0.0586536	0.00389301	0.00112021	0.000572327	0.000780406	0.00537089	0.00370342	0.00567905	0.696251	0.000214849	0.000604461
139	0.0242689	0.00210525	0.00150145	0.00170729	0.0178738	0.000676165	0.000625119	0.286146	0.000708849	0.0843574	0.0184552	0.0022154	0.00468029	0.00164128	0.00454113	0.00296748	0.00591611	0.537156	0.000767484	0.00168958
140	0.00651939	0.0020215	0.000512232	0.00143567	0.0559565	0.000470869	0.00583191	0.0864277	0.00215338	0.718407	0.0408304	0.000634715	0.000388089	0.00530605	0.000603687	0.00335607	0.00289807	0.0623992	0.000181702	0.00366539
141	0.0342356	0.0033469	0.00251931	0.00247439	0.0196818	0.00185555	0.00285585	0.233747	0.00125615	0.094982	0.023396	0.00293946	0.00554077	0.00257256	0.00545927	0.00779245	0.012353	0.539589	0.000698481	0.00270459
142	0.0279478	0.00713876	0.224443	0.402877	0.00618787	0.0343016	0.0207914	0.00668113	0.0407814	0.016949	0.00547988	0.0317441	0.0104703	0.0604847	0.0191775	0.0351114	0.0188908	0.019861	0.0005346	0.0101464
143	0.00640113	0.00580388	0.0204188	0.0151196	0.00145878	0.0152311	0.0311875	0.00558678	0.410481	0.00759284	0.0111623	0.106343	0.0127502	0.0394168	0.221103	0.0417109	0.0358637	0.00323735	0.0031329	0.00599835
144	0.11138	0.0256008	0.0153614	0.00750919	0.0100643	0.0304278	0.00398906	0.0130039	0.0170587	0.025471	0.00880918	0.050752	0.0156268	0.0170046	0.00797505	0.381593	0.223839	0.0212019	0.000349297	0.0129825
145	0.046073	0.00095591	0.00229213	0.000820371	0.00676689	0.000582038	0.000623592	0.162658	0.000625934	0.0573009	0.00286962	0.00110039	0.000525873	0.000768346	0.0053993	0.003687	0.00557873	0.700611	0.000209603	0.000552034
146	0.241509	0.0305647	0.0253705	0.0101576	0.0110594	0.0441689	0.00709159	0.0137924	0.00996203	0.0278773	0.00933672	0.0250955	0.0758113	0.00849052	0.0243358	0.29481	0.0965246	0.0297224	0.000236805	0.0140833
147	0.0437818	0.0504416	0.0190254	0.0230675	0.0196428	0.0469499	0.0338081	0.029718	0.0487078	0.0825122	0.0466066	0.0378192	0.0435312	0.0404475	0.175071	0.129116	0.0677766	0.0316169	0.00691671	0.0234434
148	0.00948486	0.0353604	0.081729	0.00570385	0.177274	0.00588353	0.190782	0.0323184	0.00616412	0.0233942	0.0240217	0.0656851	0.00422137	0.021799	0.0128335	0.0391989	0.00960627	0.0133843	0.00249619	0.238659
149	0.0482453	0.00107116	0.00235003	0.00124301	0.00736365	0.000605825	0.000681756	0.166917	0.000727904	0.0586766	0.00436266	0.00118334	0.000685459	0.000816884	0.00530175	0.00386744	0.00611408	0.688939	0.00024857	0.000599048
150	0.0351354	0.0277638	0.0366163	0.0423822	0.0280891	0.0289153	0.0995133	0.0241561	0.0637915	0.0779437	0.014447	0.0686711	0.0181568	0.146087	0.127623	0.0601617	0.033183	0.0298065	0.00920916	0.028348
151	0.0045298	0.00276533	0.216937	0.548688	0.00258606	0.0143516	0.0108804	0.00189928	0.0396083	0.0118089	0.00264471	0.0162969	0.00928394	0.0688073	0.00878752	0.00798759	0.0107954	0.0102385	0.000197492	0.0109053
152	0.0290811	0.0139817	0.131332	0.102624	0.00757106	0.332304	0.0183427	0.00287764	0.0665967	0.00479495	0.00176603	0.113872	0.0037874	0.026139	0.0590831	0.0638884	0.010555	0.00775099	0.000489801	0.00316223
153	0.0128209	0.00946723	0.00162123	0.00295876	0.0361959	0.00169285	0.00162896	0.409273	0.00185497	0.119604	0.060187	0.00340226	0.00636096	0.00318533	0.00340837	0.00536425	0.0122627	0.300696	0.00502627	0.00298899
154	0.131705	0.0243632	0.0155324	0.0088035	0.0129658	0.0256811	0.00517054	0.0202597	0.0178301	0.030937	0.0137674	0.0356635	0.0259148	0.0157894	0.0129982	0.333665	0.229985	0.0265202	0.00043234	0.0120153
155	0.0146084	0.00295658	0.00124613	0.0018463	0.0454579	0.000735299	0.00513439	0.11879	0.00325235	0.531539	0.0408232	0.00135206	0.0010859	0.00506961	0.00240231	0.00516666	0.00630933	0.208241	0.000524987	0.00345846
156	0.0458556	0.00117733	0.00227316	0.000915935	0.00796388	0.000631527	0.000751124	0.166105	0.000656677	0.0600454	0.00490482	0.00115141	0.000647727	0.000866199	0.00532233	0.00386156	0.00596955	0.690015	0.00024593	0.000639148
157	0.0151961	0.0247622	0.0141159	0.0033323	0.354522	0.0187343	0.00627551	0.0371236	0.00631117	0.244055	0.023253	0.0155804	0.00463837	0.0346821	0.00805015	0.0559202	0.0157333	0.0272242	0.00353751	0.0869528
158	0.0503505	0.00694065	0.144329	0.159347	0.00486052	0.0703621	0.0243578	0.0098017	0.148994	0.0135273	0.0104053	0.0976034	0.0153333	0.0372708	0.0635263	0.077509	0.0433393	0.0161978	0.000694762	0.00525011
159	0.0193153	0.00629342	0.0015554	0.00407236	0.0396944	0.00161402	0.00157818	0.323472	0.00134193	0.147551	0.070582	0.00356681	0.00559869	0.0028254	0.00312307	0.00711223	0.0147232	0.341202	0.00166064	0.00311673
160	0.00670029	0.00571147	0.0200279	0.013811	0.0018508	0.0156509	0.0167658	0.00706701	0.454222	0.00734704	0.0147577	0.0922172	0.0100202	0.0306187	0.222586	0.0312138	0.0384873	0.00409886	0.00275742	0.00408842
161	0.0268884	0.00519101	0.0278635	0.0523906	0.00827535	0.0139029	0.0126483	0.0974667	0.243266	0.066677	0.0455171	0.0155849	0.0466077	0.0566747	0.133074	0.0407534	0.0314683	0.0650725	0.00490181	0.00577577
162	0.0383701	0.0105282	0.0385786	0.033279	0.00307605	0.0390927	0.077443	0.0105688	0.135236	0.0140565	0.00546217	0.144222	0.0401216	0.0502377	0.100015	0.166775	0.0737606	0.0136164	0.000711144	0.00484948
163	0.0387847	0.00766383	0.0060956	0.00698378	0.0247505	0.00510884	0.00755618	0.162551	0.0101213	0.13392	0.0364375	0.00827813	0.00932375	0.00800998	0.029612	0.0251451	0.0337004	0.434368	0.00177539	0.00981409
164	0.0121535	0.00501085	0.00233934	0.00492087	0.0572356	0.00228241	0.00756805	0.102236	0.0055393	0.580453	0.0706496	0.00386742	0.00290976	0.00756979	0.00704676	0.0138192	0.0166678	0.0881234	0.00108133	0.00852578
165	0.00410731	0.00259328	0.212039	0.555092	0.00253231	0.0137878	0.0106686	0.00181995	0.0399878	0.0115704	0.00263325	0.0159638	0.00928428	0.0692575	0.00878226	0.00753146	0.0109966	0.0101018	0.000201849	0.0110486
166	0.016158	0.0250405	0.017559	0.023653	0.00427784	0.0202636	0.0801617	0.00815565	0.223624	0.0279566	0.00990172	0.0444227	0.0127021	0.106023	0.284681	0.0358428	0.0246652	0.0121222	0.0104318	0.0123587
167	0.034702	0.00190489	0.00217071	0.00140841	0.0113578	0.000644281	0.000651625	0.256543	0.000619107	0.0678999	0.00953659	0.00145554	0.00239657	0.00110649	0.00483946	0.00324011	0.0051141	0.592771	0.000728013	0.00091117
168	0.246521	0.0357096	0.0198047	0.00952361	0.00590294	0.0404204	0.00783447	0.0071831	0.00756109	0.0165122	0.00617641	0.0273062	0.0254791	0.00677451	0.0163756	0.425246	0.0629569	0.0168694	0.00041859	0.0154243
169	0.0198141	0.0390018	0.0144611	0.0260456	0.00375021	0.0270755	0.126834	0.00496061	0.0924451	0.0509248	0.00669418	0.0309642	0.0193445	0.168998	0.283256	0.0254864	0.012538	0.0103975	0.0155665	0.0214419
170	0.0341846	0.121965	0.0223595	0.0141168	0.111922	0.0157948	0.0339451	0.0347277	0.012517	0.0808139	0.0455223	0.0284747	0.0097154	0.0184456	0.045349	0.129018	0.0410087	0.041335	0.0124397	0.146345
171	0.0633256	0.0170729	0.00883988	0.00877837	0.0331542	0.0132759	0.00743075	0.0549124	0.0159237	0.0594903	0.0727036	0.0223926	0.0155789	0.0139977	0.0140627	0.248751	0.269798	0.046623	0.00151181	0.012376
172	0.0924125	0.0180093	0.0400677	0.0336724	0.00460725	0.425243	0.0173535	0.00800059	0.0204804	0.0102342	0.00570495	0.0618685	0.00500505	0.0233649	0.0267548	0.110695	0.039718	0.0464545	0.000926516	0.00942775
173	0.27111	0.0336546	0.0282931	0.0109535	0.00569181	0.130796	0.00768169	0.00809401	0.00798704	0.0148116	0.00824301	0.0361184	0.0362324	0.00778282	0.0207868	0.239181	0.0727441	0.0481704	0.000389677	0.0112782
174	0.0209149	0.0259403	0.0248221	0.0385293	0.00191716	0.0282716	0.156894	0.00363918	0.0806474	0.0514363	0.00408077	0.0332309	0.0252151	0.241027	0.187583	0.0164353	0.00516112	0.0130571	0.0139879	0.0272091
175	0.0139341	0.00291766	0.00129815	0.00232551	0.0243685	0.000763676	0.000699489	0.367821	0.000772926	0.102101	0.0292978	0.00269246	0.00648022	0.00194807	0.00328823	0.00306466	0.00700821	0.425851	0.00108103	0.00228655
176	0.0573182	0.016643	0.00593508	0.00826132	0.0616756	0.0126643	0.0073433	0.202198	0.00551088	0.159197	0.0849548	0.00693757	0.019746	0.00736346	0.008281	0.0418965	0.0635707	0.219706	0.00154082	0.00925661
177	0.099048	0.00176781	0.0267246	0.0192121	0.00827216	0.0067295	0.0250738	0.0122571	0.00138192	0.0839268	0.0200712	0.00152936	0.435805	0.050147	0.0355667	0.0807205	0.062461	0.0278626	0.000296385	0.00114625
178	0.0772123	0.0521636	0.0105223	0.0126742	0.0562106	0.0154941	0.00797671	0.075538	0.010743	0.0976332	0.0363399	0.0190235	0.0458337	0.00957466	0.0180063	0.18377	0.108838	0.144978	0.000760915	0.0167076
179	0.0888249	0.0143585	0.0116191	0.0151167	0.0557291	0.0197048	0.0118897	0.123696	0.00908291	0.116047	0.0529302	0.0109195	0.0522686	0.0128841	0.0147745	0.0772574	0.0988345	0.1981	0.000236918	0.0157258
180	0.0317494	0.00424447	0.467423	0.117926	0.00298439	0.0102322	0.0299967	0.0259292	0.0095001	0.00514494	0.00178874	0.139032	0.0162611	0.0254736	0.00439382	0.0507867	0.0471432	0.00572116	0.000567756	0.00370141
181	0.0484045	0.0494169	0.062315	0.0100255	0.0744954	0.0172435	0.103447	0.0587109	0.00386711	0.108081	0.0207929	0.0577467	0.0173211	0.0872173	0.0897382	0.0794789	0.0214087	0.0279999	0.00855243	0.0537363
182	0.0284338	0.00732595	0.00603116	0.01435	0.0428785	0.00781901	0.0114263	0.114132	0.0115338	0.292378	0.119282	0.0128539	0.0188448	0.0149331	0.0197042	0.0532122	0.0665562	0.144049	0.00161147	0.0126442
183	0.04402	0.0118598	0.0317584	0.0325959	0.00475749	0.159613	0.0419757	0.0115534	0.185165	0.0220772	0.0111839	0.0572248	0.0303088	0.0569245	0.171502	0.0670578	0.0308075	0.0176696	0.00414244	0.00780345
184	0.00822439	0.00826051	0.0388211	0.0136807	0.00747744	0.004551	0.441248	0.00762712	0.0121534	0.0156708	0.00424673	0.0665184	0.00547355	0.144787	0.0888381	0.0112789	0.0204285	0.00886025	0.0062806	0.0855732
185	0.101069	0.0941655	0.0290049	0.0186629	0.0314903	0.0443422	0.0203982	0.0227248	0.021055	0.0374252	0.0154414	0.0532491	0.0272277	0.0186791	0.0495375	0.26435	0.0754368	0.038106	0.00359428	0.0340405
186	0.0067708	0.00315321	0.246263	0.511173	0.00291647	0.0174017	0.012726	0.00216755	0.0374087	0.0121912	0.00275484	0.0182339	0.00897061	0.0658275	0.00929597	0.0101552	0.010381	0.0112781	0.000192872	0.0107382
187	0.051711	0.00840688	0.0069874	0.0102378	0.0494827	0.00999655	0.0240576	0.106068	0.0249897	0.186384	0.0908847	0.020303	0.0187232	0.0223581	0.021053	0.0685241	0.0955331	0.157752	0.00107086	0.0254763
188	0.0248734	0.0145246	0.00482316	0.00597283	0.116808	0.00468162	0.0100091	0.185429	0.00344265	0.259294	0.0696007	0.00636684	0.0100033	0.00653613	0.00630666	0.0197167	0.0216469	0.183007	0.00625971	0.0406963
189	0.017947	0.0299657	0.0164522	0.0226663	0.00252886	0.0174909	0.208867	0.00288787	0.0705994	0.0386783	0.003935	0.0398486	0.016957	0.175841	0.244912	0.0175115	0.0104408	0.00793419	0.0189891	0.035547
190	0.0318297	0.0121684	0.00227249	0.0051797	0.0622279	0.00486861	0.00281347	0.275004	0.00217456	0.183068	0.104735	0.00394168	0.00431496	0.0034879	0.00266784	0.0150995	0.0306787	0.246781	0.00233208	0.00435328
191	0.00410731	0.00259328	0.212039	0.555092	0.00253231	0.0137878	0.0106686	0.00181995	0.0399878	0.0115704	0.00263325	0.0159638	0.00928428	0.0692575	0.00878226	0.00753146	0.0109966	0.0101018	0.000201849	0.0110486
192	0.00249675	0.00139946	0.00156354	0.00494378	0.00124655	0.00473604	0.00345449	0.00201011	0.595494	0.0111249	0.0152478	0.00342953	0.00106775	0.0118988	0.304138	0.0205371	0.00459975	0.00821981	0.000392912	0.00199979
193	0.0101322	0.0265748	0.0187298	0.0186868	0.198023	0.00293234	0.0422445	0.126632	0.00559479	0.1229	0.0231012	0.00854445	0.0141066	0.00693811	0.0126881	0.0253608	0.00576702	0.147364	0.0278261	0.155853
