397	20
1	0.167238	0.00274748	0.0093748	0.0166345	0.0642738	0.020322	0.0166666	0.0805436	0.017288	0.0522399	0.0166571	0.0127523	0.21912	0.0113517	0.0152474	0.0436868	0.030374	0.0967496	0.0372808	0.0694513
2	0.109426	0.00101699	0.280396	0.16883	0.00128725	0.0146728	0.0154515	0.00159958	0.0628518	0.00549667	0.00396288	0.0411828	0.128981	0.0805438	0.0431119	0.0215596	0.0140689	0.0031797	0.00142629	0.000954689
3	0.00423806	0.00144448	0.00332997	0.00149463	0.639556	0.0012909	0.00791113	0.00403115	0.00113417	0.0216676	0.00621111	0.00513303	0.000933876	0.00159235	0.00147604	0.00304233	0.00481023	0.00917236	0.0598762	0.221655
4	0.114404	0.00377867	0.437361	0.0839986	0.000617991	0.0427667	0.00107841	0.00128252	0.0219117	0.00158971	0.000836276	0.0898849	0.0057254	0.0250544	0.0159528	0.0994322	0.0485751	0.00487574	0.000312042	0.000561679
5	0.116291	0.00415717	0.0347492	0.149075	0.00100926	0.0129996	0.0102636	0.0155329	0.149704	0.0882894	0.00249249	0.0201043	0.000768753	0.200022	0.113425	0.0422646	0.0224383	0.0150389	0.000460336	0.000913574
6	0.0131998	0.00733643	0.000522873	0.00316097	0.0671777	0.000531905	0.0020643	0.372781	0.000735747	0.275446	0.0789807	0.00063874	0.0026887	0.00170269	0.00120176	0.00267079	0.00585417	0.14004	0.00187508	0.0213904
7	0.0252069	0.0150398	0.389539	0.0338333	0.00247432	0.0189931	0.321494	0.00349658	0.00525	0.0412281	0.0173452	0.00517156	0.00192994	0.0340121	0.0198721	0.00721455	0.0348929	0.00488561	0.0012815	0.0168397
8	0.0100673	0.00645327	0.000736935	0.000853241	0.707329	0.000739894	0.00142406	0.0337586	0.000994318	0.0770473	0.0284786	0.00322156	0.000379226	0.000886131	0.000902618	0.00121898	0.00121314	0.0485283	0.0183676	0.0573999
9	0.111808	0.00340254	0.0290648	0.163783	0.00447961	0.0183603	0.0020314	0.0699696	0.0773764	0.151566	0.0483986	0.00606626	0.0147522	0.0425691	0.0813895	0.018565	0.0300219	0.124539	0.00135502	0.000500891
10	0.0682009	0.00608994	0.0556172	0.149166	0.00114618	0.00687017	0.00274962	0.00141559	0.0451195	0.00260802	0.00132783	0.0114005	0.559774	0.0325606	0.0038823	0.0288218	0.0194289	0.00253792	0.00042987	0.00085387
11	0.411321	0.00225309	0.0399002	0.0188408	0.00430146	0.31278	0.00717579	0.00527885	0.012706	0.0149004	0.00583717	0.0122221	0.00246258	0.0122163	0.0101543	0.0559958	0.0292054	0.0370202	0.00151134	0.0039171
12	0.468359	0.000953992	0.0142621	0.122911	0.00285136	0.0329821	0.00236421	0.0103929	0.0801209	0.0219123	0.0013602	0.0240414	0.000730098	0.0834065	0.0238166	0.0445022	0.0475151	0.0165385	0.000284466	0.000694526
13	0.0727183	0.000612899	0.179834	0.46131	0.000638357	0.013917	0.00738586	0.000678702	0.0404792	0.00513499	0.00408555	0.0482377	0.00105439	0.0906707	0.0321407	0.0179166	0.0161751	0.00359863	0.00282443	0.000587573
14	0.0235035	0.00530253	0.000568834	0.000732005	0.00871909	0.00132859	0.000718478	0.416444	0.000883957	0.127121	0.0182042	0.00450389	0.00023242	0.000806034	0.000775918	0.00200646	0.00679979	0.37645	0.00225323	0.00264668
15	0.0994501	0.000762395	0.293697	0.240665	0.00025108	0.0231036	0.00674816	0.000361741	0.0796363	0.00781889	0.00690305	0.0429042	0.000733807	0.104136	0.0404698	0.0253477	0.0212916	0.00339166	0.00208857	0.000238628
16	0.447654	0.0018443	0.0200051	0.120069	0.0030236	0.0324303	0.00400996	0.00771807	0.0888347	0.0213476	0.00163318	0.0315709	0.000675017	0.0806493	0.0251258	0.0476827	0.0495021	0.0153052	0.000182192	0.000736357
17	0.336669	0.000559831	0.0440938	0.180251	0.00121146	0.00263492	0.00759447	0.00169601	0.0609008	0.0238167	0.0148989	0.00300224	0.196644	0.0118985	0.00866504	0.0212701	0.0550473	0.0271367	0.000583001	0.0014261
18	0.278226	0.000611366	0.00194604	0.00227081	0.00104696	0.0579783	0.00139965	0.00132785	0.00883718	0.0025439	0.00148114	0.0142549	0.542942	0.00936364	0.00815771	0.0546674	0.00296056	0.00861139	0.000454664	0.000918638
19	0.00871139	0.000583216	0.0539557	0.00178325	0.00156968	0.00153967	0.00641511	0.00114077	0.00710556	0.00163789	0.00115739	0.107991	0.000703828	0.00188671	0.00173805	0.156792	0.64173	0.00247354	0.000321866	0.000763779
20	0.0104144	0.00636437	0.000729859	0.0010842	0.675252	0.000848671	0.00182786	0.0412921	0.00156464	0.0888782	0.0297621	0.00324123	0.000763595	0.00142016	0.00132319	0.00172451	0.00201093	0.052032	0.0199883	0.0594781
21	0.160114	0.000145281	0.204114	0.394935	0.00359317	0.0268546	0.0102777	0.000389717	0.0310451	0.00391076	0.00441294	0.0150415	0.018405	0.0617246	0.00725594	0.0380683	0.0157591	0.00209217	0.000272365	0.00158899
22	0.0239494	0.00397329	0.249269	0.0158496	0.00242601	0.0416927	0.014433	0.00329663	0.0208941	0.0154086	0.00270527	0.467954	0.00230515	0.0139304	0.0118097	0.072751	0.0225595	0.0114797	0.000764331	0.00254823
23	0.0576032	0.00824621	0.00490747	0.00562737	0.0494874	0.0265978	0.00584623	0.102178	0.0137565	0.0750759	0.0297357	0.0130778	0.00593319	0.008554	0.0108691	0.0312853	0.224958	0.315775	0.00148375	0.00900196
24	0.0137723	0.00753305	0.000504521	0.00283352	0.0623739	0.00053655	0.00211094	0.381481	0.000689985	0.261489	0.0715686	0.000918208	0.0023606	0.00128563	0.000878876	0.00243489	0.00600542	0.160026	0.00186624	0.0193308
25	0.118328	0.0034442	0.0295195	0.184229	0.00333328	0.017876	0.00156791	0.0684455	0.0582547	0.140932	0.0404221	0.00468261	0.0112993	0.0414687	0.0720458	0.0184528	0.0276489	0.156754	0.000608106	0.000687645
26	0.361771	0.000796221	0.0405761	0.160746	0.00133269	0.00524157	0.0116737	0.00183157	0.0550978	0.0197567	0.0161436	0.00484336	0.20512	0.0104606	0.0142109	0.0192768	0.0471617	0.0209909	0.000646261	0.0023217
27	0.0105762	0.000170666	0.000403483	0.00806751	0.0530958	0.000921101	0.00097693	0.0587016	0.00944349	0.663031	0.0876837	0.00160779	0.000203452	0.0131011	0.00471472	0.00395766	0.0133338	0.0372725	0.00914514	0.0235921
28	0.114272	0.000527248	0.225418	0.379683	0.00165892	0.0211364	0.00799496	0.000424663	0.0454866	0.00498437	0.0063639	0.0297512	0.00801057	0.0805209	0.0227814	0.0300147	0.0163157	0.00228122	0.00158138	0.000792828
29	0.037817	0.00103476	0.025706	0.0322684	0.0365453	0.0319683	0.0366336	0.0153584	0.179002	0.0608196	0.0128433	0.0798143	0.00151053	0.0540301	0.271479	0.0281779	0.0511235	0.00723877	0.000543219	0.0360862
30	0.348787	0.057125	0.00146944	0.00142078	0.00615955	0.0320193	0.00379849	0.00203351	0.00490732	0.0195326	0.0009639	0.0125911	0.0129412	0.0214634	0.00211873	0.31514	0.10997	0.0466004	0.000215536	0.000742486
31	0.144842	0.0266647	0.123612	0.0680681	0.00408527	0.218384	0.0114316	0.0280749	0.0505003	0.013083	0.0118784	0.0407893	0.00471187	0.0250739	0.0205796	0.115015	0.0693913	0.0180695	0.00233866	0.0034059
32	0.110854	0.00236349	0.0387932	0.12581	0.00303313	0.015938	0.00169266	0.0653882	0.0698832	0.183611	0.0677156	0.0103048	0.0272466	0.0495824	0.0543848	0.0127204	0.0583239	0.100881	0.000665134	0.000808872
33	0.0114031	0.000189268	0.000420151	0.00787624	0.0504409	0.000957756	0.0015758	0.0646819	0.0105353	0.645339	0.081578	0.00207723	0.000208178	0.0158363	0.00587526	0.00490804	0.015753	0.0479363	0.00893266	0.0234755
34	0.0665221	0.000671888	0.19926	0.104977	0.000821733	0.14121	0.0218255	0.00135397	0.0533976	0.00829929	0.0154596	0.124178	0.000606865	0.0337409	0.0641148	0.0886346	0.0670549	0.00678033	0.00028373	0.000806732
35	0.0326039	0.00152961	0.0184098	0.0189653	0.00834388	0.00672883	0.0272874	0.00430352	0.12507	0.0198388	0.00737055	0.021236	0.00695738	0.0261393	0.615742	0.00904628	0.0152194	0.022789	0.000891116	0.0115278
36	0.205792	0.00728658	0.00124793	0.00156634	0.0025277	0.00297956	0.00443782	0.13156	0.00282772	0.0522405	0.0358836	0.00149746	0.00429842	0.00144219	0.00150194	0.0186736	0.0833888	0.435925	0.000352649	0.00457076
37	0.174232	0.00783524	0.000703133	0.00107242	0.00421814	0.00600211	0.00697076	0.137856	0.00567459	0.0748962	0.050567	0.0017985	0.00785293	0.000860375	0.00188991	0.0255935	0.124998	0.356277	0.000280376	0.0104213
38	0.0250165	0.00423222	0.0012775	0.00180171	0.513545	0.00410961	0.0103433	0.0442871	0.00186485	0.0935109	0.0328409	0.00383093	0.0126903	0.00189738	0.00541703	0.00792076	0.00266974	0.0564067	0.0683385	0.107999
39	0.0225833	0.00116157	0.00269352	0.0158217	0.422677	0.102658	0.042077	0.00229857	0.00407554	0.00383595	0.00263904	0.0361601	0.00132032	0.0153008	0.0163014	0.0668526	0.00503246	0.00589984	0.0215728	0.209038
40	0.163304	0.0531048	0.0161343	0.00186988	0.0203665	0.0487552	0.023376	0.0607395	0.00229162	0.0725695	0.0559791	0.0670234	0.0012798	0.00668225	0.00677363	0.102523	0.172167	0.101316	0.00036373	0.0233807
41	0.0103864	0.000263348	0.000614107	0.00795128	0.0543783	0.00103662	0.00123462	0.0742406	0.0176151	0.595982	0.0873858	0.0033824	0.000320273	0.024943	0.00746994	0.00658867	0.0207569	0.0472221	0.0113888	0.0268399
42	0.163856	0.052911	0.0157122	0.00174632	0.020666	0.0461404	0.0226426	0.059078	0.0022497	0.0732703	0.0554488	0.0642013	0.00141181	0.00662935	0.00696403	0.107056	0.173224	0.102172	0.000335396	0.0242848
43	0.113322	0.000642548	0.0267728	0.0371344	0.00169476	0.227911	0.0248673	0.00532717	0.00611733	0.0118855	0.00938034	0.0359172	0.000894581	0.0224173	0.00958528	0.422219	0.0358092	0.00652848	0.000540305	0.00103406
44	0.300886	0.0508811	0.00177139	0.00168954	0.00852879	0.0239136	0.00346681	0.00766871	0.00681236	0.0231814	0.00141763	0.0214302	0.0168039	0.0186355	0.00261271	0.316682	0.138925	0.0530497	0.000286107	0.00135752
45	0.0130702	0.00738496	0.000515427	0.00311272	0.0674318	0.000528409	0.0019135	0.372631	0.000732161	0.276659	0.0794195	0.000580826	0.0027038	0.00142538	0.00091187	0.00264537	0.00585529	0.139524	0.00188041	0.0210733
46	0.322133	0.000961821	0.0130199	0.00681618	0.0143099	0.0803207	0.00339321	0.011453	0.00539304	0.0151495	0.029118	0.00535763	0.000917848	0.0141154	0.0040626	0.355263	0.0415828	0.056549	0.000551173	0.0195318
47	0.170026	0.00483405	0.0265214	0.0180989	0.0138412	0.0449577	0.00600807	0.0161428	0.0173594	0.0292801	0.00489719	0.0277487	0.305765	0.0126304	0.0166134	0.109942	0.0865835	0.0743276	0.00299653	0.0114265
48	0.0276111	0.00113126	0.00688926	0.0754548	0.00501695	0.00648463	0.0106902	0.0785851	0.208276	0.198086	0.0331759	0.0140173	0.00141648	0.05877	0.13149	0.0117477	0.0075213	0.102447	0.0197926	0.00139634
49	0.0107416	0.000152781	0.000369067	0.00815931	0.0530183	0.000910462	0.00103085	0.0574438	0.00946799	0.667468	0.0826207	0.00159413	0.000201119	0.0134182	0.0047654	0.00414461	0.0137786	0.0381441	0.00921743	0.0233532
50	0.0961514	0.00124338	0.00198152	0.00835764	0.00226078	0.0112997	0.00279359	0.00997938	0.00320074	0.0204962	0.00275828	0.0158655	0.0123685	0.00309712	0.0127848	0.537307	0.230805	0.019519	0.000683385	0.00704759
51	0.279439	0.0016421	0.0435697	0.158811	0.00124339	0.0404825	0.00453724	0.00216764	0.146839	0.00643755	0.00304181	0.0298241	0.0233926	0.0585889	0.0826855	0.0453188	0.0381663	0.0316851	0.000342098	0.00178512
52	0.0258462	0.000934806	0.00269847	0.00330966	0.0607088	0.0307939	0.0582194	0.0308546	0.0304162	0.0802101	0.0770708	0.0672168	0.00118237	0.0125541	0.0916555	0.14677	0.0854966	0.0127591	0.0125274	0.168775
53	0.0537223	0.00401107	0.0296102	0.00928506	0.0993894	0.00737052	0.0135384	0.0107548	0.0089411	0.278059	0.139877	0.0402175	0.00289235	0.122191	0.00714963	0.0743413	0.0783187	0.0105723	0.00233714	0.00742067
54	0.0132067	0.00115972	0.367074	0.0137814	0.00220051	0.0187134	0.0188101	0.00271812	0.0185959	0.017592	0.00260708	0.428208	0.00138892	0.0113611	0.013108	0.0396485	0.00961526	0.0176382	0.000890433	0.00168284
55	0.149085	0.000658845	0.133716	0.184572	0.000631562	0.0389415	0.00701326	0.000792683	0.103782	0.00166487	0.00112596	0.0232314	0.205763	0.0255739	0.0203935	0.0703463	0.029797	0.00182927	0.000257995	0.000824268
56	0.283152	0.0010848	0.0386129	0.153866	0.00117672	0.0417617	0.00279321	0.00189268	0.181644	0.00363784	0.00221641	0.0244687	0.0343527	0.0414637	0.0853278	0.0248992	0.0367139	0.0384447	0.000532427	0.00195883
57	0.0112894	0.00365146	0.00058753	0.00504144	0.0456244	0.00141088	0.00236559	0.231559	0.00840909	0.443935	0.084484	0.00160788	0.00167063	0.0115678	0.0056139	0.00498711	0.0152655	0.1006	0.00358657	0.0167416
58	0.00325228	0.00106238	0.00360567	0.00140749	0.652999	0.00073932	0.00727853	0.00170566	0.00112099	0.01489	0.00363807	0.00434275	0.000383949	0.00145128	0.00145783	0.00243052	0.00477992	0.00770428	0.0601444	0.225605
59	0.393728	0.00360844	0.0308558	0.118637	0.0041114	0.0411078	0.00791239	0.00517213	0.0942621	0.0196995	0.0029974	0.0463184	0.00083466	0.0799617	0.0347267	0.0619132	0.0402602	0.0127917	0.000173723	0.000927217
60	0.0415493	0.000758307	0.00960822	0.0254464	0.00309761	0.00706578	0.0145588	0.00786674	0.292848	0.0205399	0.00609887	0.0109294	0.00371503	0.037856	0.449657	0.0197199	0.0197374	0.0191864	0.00110403	0.00865612
61	0.0235079	0.00530999	0.000568848	0.000735556	0.00871432	0.0013265	0.000719179	0.41637	0.000875779	0.127206	0.0182118	0.00450649	0.000233152	0.000805771	0.000779187	0.00199989	0.00678032	0.376449	0.00225055	0.00264946
62	0.122413	0.000883094	0.20645	0.181415	0.000673534	0.0118253	0.00473041	0.00112401	0.178026	0.00886746	0.00423739	0.05268	0.000945871	0.0887598	0.0706997	0.0455552	0.0159759	0.00277141	0.00136029	0.000606897
63	0.409315	0.0024318	0.0212571	0.0493215	0.00165901	0.00263965	0.0221576	0.00167534	0.0309539	0.00325279	0.0018341	0.014209	0.00107103	0.0842857	0.0133148	0.131275	0.185723	0.00346559	0.000706933	0.0194513
64	0.022464	0.00581727	0.000659862	0.00159964	0.0100262	0.0011643	0.00290551	0.361751	0.00120422	0.141697	0.0210286	0.00616596	0.000262568	0.00520301	0.00503088	0.00223007	0.00592856	0.397916	0.00191875	0.00502597
65	0.0665221	0.000671888	0.19926	0.104977	0.000821733	0.14121	0.0218255	0.00135397	0.0533976	0.00829929	0.0154596	0.124178	0.000606865	0.0337409	0.0641148	0.0886346	0.0670549	0.00678033	0.00028373	0.000806732
66	0.172802	0.00727469	0.00635136	0.00523204	0.287427	0.00788839	0.00681843	0.0362151	0.00656841	0.127968	0.132017	0.00921455	0.00435261	0.0114612	0.00811958	0.0487491	0.0273181	0.01997	0.00960496	0.0646486
67	0.0935911	0.0141033	0.0150896	0.0392461	0.00225959	0.00448897	0.0161031	0.0572702	0.00584932	0.0329831	0.0289237	0.00443135	0.00146729	0.0299629	0.0895514	0.0541379	0.110946	0.396289	0.00098946	0.00231671
68	0.0258687	0.011891	0.0333003	0.0325215	0.00576875	0.0172799	0.0605203	0.0262965	0.143832	0.0731803	0.0323517	0.0273032	0.0027645	0.0349939	0.377657	0.0136464	0.0195257	0.052254	0.00290354	0.00614135
69	0.129589	0.000906269	0.036964	0.0378585	0.00186545	0.228497	0.027622	0.00659269	0.0102155	0.0135302	0.0138929	0.0500375	0.000745622	0.0279364	0.014336	0.350334	0.0400387	0.00746615	0.000591198	0.000981804
70	0.0132281	0.000682099	0.0114212	0.0104005	0.000629558	0.882681	0.00103321	0.00126074	0.00936773	0.00129445	0.000826303	0.0237776	0.0031083	0.00739786	0.0041327	0.0213298	0.00211405	0.00140227	0.00335385	0.000558959
71	0.172835	0.00838735	0.00267645	0.00336878	0.00796687	0.00553329	0.00427692	0.306336	0.00410784	0.0867834	0.0293782	0.00543935	0.00316026	0.00318711	0.00313879	0.0174551	0.0455952	0.283628	0.00123601	0.00551113
72	0.128933	0.00239087	0.0581957	0.101405	0.00129904	0.067941	0.0182919	0.00515116	0.152817	0.0795565	0.0137605	0.100039	0.00146828	0.0776954	0.0832702	0.0402622	0.0561805	0.009768	0.000412351	0.00116236
73	0.0150237	0.000885086	0.000992582	0.00815216	0.0467421	0.00205006	0.00210878	0.0697009	0.0101228	0.651343	0.0749959	0.00241191	0.000417551	0.0141248	0.00520662	0.00681207	0.0153527	0.0449631	0.00783055	0.020764
74	0.0514339	0.00114791	0.153305	0.061222	0.0015316	0.0584318	0.023078	0.00227585	0.0237818	0.00363787	0.00210794	0.160613	0.13211	0.0132399	0.00313034	0.248609	0.044151	0.0140258	0.000819713	0.00134713
75	0.0986516	0.000757011	0.294387	0.240444	0.000252663	0.0235032	0.00671404	0.000322058	0.0799747	0.00767249	0.00681856	0.0427852	0.000719261	0.104257	0.0402396	0.0253352	0.0213428	0.00347445	0.0021042	0.000244925
76	0.0792464	0.00060895	0.0131678	0.028689	0.00106861	0.0018815	0.00586166	0.00770755	0.41376	0.0300997	0.0130853	0.00326833	0.000763853	0.241353	0.108143	0.00890248	0.0146078	0.0259286	0.000370666	0.00148525
77	0.261829	0.000482336	0.108432	0.270839	0.000868436	0.00277777	0.00183993	0.00115185	0.0869968	0.00790262	0.0011797	0.0361398	0.000877708	0.0786017	0.0219349	0.018975	0.0619639	0.0314538	0.000279459	0.00547424
78	0.0297623	0.000241662	0.0132889	0.118409	0.000430876	0.00337331	0.0107031	0.0157103	0.304203	0.0263709	0.00457157	0.017337	0.000345975	0.0727889	0.296624	0.0111232	0.0431095	0.0295786	0.00138896	0.000638732
79	0.0104243	0.000266198	0.000416448	0.00791154	0.0546218	0.000897554	0.000995248	0.0615048	0.00933239	0.660961	0.0822285	0.00160983	0.000236567	0.0130166	0.00479397	0.00399008	0.0133491	0.0400446	0.00905118	0.0243487
80	0.0467275	0.000766611	0.0167242	0.0492769	0.0013997	0.00955597	0.0168994	0.0388549	0.215671	0.0384251	0.0254105	0.00713909	0.00156972	0.0534176	0.326848	0.0299009	0.0611932	0.0492548	0.00720757	0.00375785
81	0.261434	0.000479783	0.108423	0.270794	0.00086009	0.00300589	0.0018232	0.00114964	0.0876922	0.00779915	0.00111245	0.0359555	0.00101365	0.078132	0.0223562	0.0191769	0.0616331	0.0315053	0.000282462	0.0053723
82	0.0130702	0.00738496	0.000515427	0.00311272	0.0674318	0.000528409	0.0019135	0.372631	0.000732161	0.276659	0.0794195	0.000580826	0.0027038	0.00142538	0.00091187	0.00264537	0.00585529	0.139524	0.00188041	0.0210733
83	0.0361741	0.0198421	0.106997	0.0086203	0.00353575	0.0355417	0.00705914	0.00504598	0.0468238	0.0266606	0.00421296	0.398119	0.0043916	0.0279079	0.00774547	0.166021	0.0853476	0.00628985	0.00131919	0.00234558
84	0.189116	0.000558219	0.0105844	0.261445	0.00100531	0.0633381	0.00814445	0.0030292	0.0645639	0.016338	0.0237357	0.0171544	0.00103326	0.126459	0.0294526	0.113692	0.0470204	0.0222505	0.000334501	0.000744478
85	0.0236041	0.00253356	0.0392797	0.422624	0.00288598	0.0053577	0.00273333	0.00509271	0.188986	0.00354779	0.000571624	0.00344746	0.000330964	0.153802	0.123374	0.0108598	0.00301775	0.00476368	0.000216692	0.00297093
86	0.0483694	0.00158666	0.00374419	0.0379066	0.00918211	0.0062533	0.0190206	0.174235	0.010279	0.471733	0.0346189	0.0064728	0.0017949	0.024182	0.0112259	0.0386557	0.0223167	0.0703072	0.0012379	0.00687757
87	0.494472	0.00284624	0.00415449	0.0101555	0.00856559	0.0382726	0.00380673	0.00827364	0.0125727	0.0049075	0.00364935	0.0169815	0.000602294	0.00952267	0.000992994	0.32715	0.048902	0.00333771	0.000227558	0.000606145
88	0.0673724	0.00663371	0.0199284	0.0607246	0.00766338	0.0701896	0.00940574	0.0143856	0.0481172	0.0297906	0.0613909	0.0276284	0.00116941	0.0747471	0.0462967	0.16833	0.223027	0.0552823	0.000511912	0.00740571
89	0.279547	0.00444331	0.0160441	0.0270451	0.0107795	0.017779	0.0106727	0.0184954	0.103217	0.194878	0.0601561	0.0176054	0.00807645	0.0251267	0.0215715	0.0321482	0.11105	0.0283857	0.00302929	0.00994987
90	0.0794657	0.00319617	0.00300755	0.0807532	0.0352022	0.0979744	0.0476463	0.0112065	0.0189124	0.00404427	0.0133261	0.0328658	0.00107399	0.0960417	0.00485987	0.242584	0.194798	0.00577653	0.000651101	0.0266144
91	0.105066	0.00226627	0.0270472	0.127106	0.000376154	0.0211685	0.0144058	0.00742817	0.212129	0.0376147	0.00413141	0.0402751	0.00043199	0.115814	0.113568	0.0418065	0.107775	0.0210617	0.000155014	0.000374796
92	0.00470522	0.000747967	0.00280378	0.00242124	0.54739	0.00167362	0.0188177	0.00210151	0.00271418	0.0170853	0.00297431	0.00404323	0.000502655	0.0015396	0.00378161	0.00375778	0.00406699	0.00646197	0.0449361	0.327475
93	0.121424	0.000906835	0.033428	0.0400825	0.00192413	0.234573	0.0263712	0.00733389	0.00814831	0.0127587	0.0127399	0.0413553	0.00076078	0.0259454	0.0127204	0.366707	0.0428516	0.00845722	0.000562737	0.000947891
94	0.0328255	0.00144337	0.0206548	0.0492884	0.00291074	0.0060886	0.0228197	0.00413049	0.0657951	0.00771617	0.00409151	0.186225	0.00173494	0.399105	0.0536646	0.0593312	0.0573241	0.0211211	0.00145348	0.00227671
95	0.0603855	0.00129383	0.0338887	0.0643233	0.0069495	0.0196639	0.0310725	0.0101002	0.184571	0.0443102	0.0123249	0.121813	0.00105973	0.0759838	0.180456	0.0444195	0.0811463	0.0182051	0.000541638	0.0074909
96	0.0268857	0.00129399	0.00146493	0.00530767	0.00697051	0.00452252	0.0167177	0.159812	0.0143456	0.334678	0.0336821	0.00941594	0.000671317	0.0359675	0.0172654	0.018645	0.0217878	0.280602	0.000587268	0.00937797
97	0.00721265	0.000264945	0.000606211	0.00574004	0.0328331	0.00160431	0.0016941	0.114649	0.0251751	0.519262	0.0993829	0.0020095	0.000337052	0.0375012	0.0130907	0.00895829	0.0293939	0.078851	0.00674504	0.0146889
98	0.327095	0.0130538	0.0630474	0.0990652	0.00202717	0.034769	0.0233536	0.00423555	0.102412	0.0209599	0.00719696	0.0823846	0.000727328	0.0652626	0.0471252	0.060556	0.0362768	0.0087997	0.0002751	0.00137643
99	0.109501	0.00470345	0.159657	0.201787	0.000691631	0.0149564	0.00727431	0.00774816	0.0994996	0.0534712	0.00431252	0.0280562	0.000884853	0.168719	0.0792806	0.0354232	0.0121534	0.0100904	0.00111597	0.000674931
100	0.0413638	0.00313049	0.00367355	0.0108969	0.0172958	0.0107379	0.00734611	0.0977565	0.0177951	0.347718	0.0618542	0.00567989	0.00147111	0.0228745	0.038545	0.0133961	0.0517746	0.233296	0.00261654	0.0107779
101	0.412472	0.0015503	0.188581	0.133406	0.0015143	0.0652841	0.00274804	0.0147603	0.0367832	0.0168315	0.0041669	0.017055	0.0012206	0.00533379	0.0143435	0.0570158	0.00725891	0.0175506	0.000728168	0.00139533
102	0.0280211	0.00123257	0.0177847	0.0335193	0.00325418	0.761119	0.00443386	0.00294177	0.0162628	0.00667473	0.00339345	0.0253382	0.0290743	0.0128279	0.0101428	0.0255228	0.00687009	0.00536778	0.003355	0.00286331
103	0.0129995	0.00771035	0.000550718	0.00312934	0.0664274	0.000642523	0.00194315	0.362708	0.00090146	0.291278	0.078819	0.000637343	0.00264202	0.00152642	0.000992345	0.00271204	0.00601511	0.135864	0.00188579	0.0206162
104	0.0971715	0.00109252	0.110657	0.0338469	0.0029045	0.0506451	0.0106248	0.00370752	0.0170645	0.00773566	0.00301099	0.070552	0.266651	0.00991455	0.00666312	0.232088	0.0568001	0.01597	0.00108159	0.00181903
105	0.162163	0.000143268	0.205713	0.388718	0.00353295	0.0274598	0.00977929	0.000393267	0.0311266	0.00374209	0.00431025	0.0142754	0.0195219	0.0633268	0.00730643	0.0393533	0.0155762	0.00186296	0.000189077	0.00150623
106	0.25106	0.00374656	0.183653	0.174465	0.000976033	0.02448	0.00653249	0.00416722	0.0591903	0.00886145	0.00454714	0.0736288	0.00175618	0.0530363	0.0261544	0.0650254	0.0419726	0.0144435	0.000477531	0.00182625
107	0.47482	0.000548998	0.0183362	0.0288309	0.00625375	0.0605091	0.0136988	0.00267345	0.0231458	0.0317957	0.0246696	0.0149104	0.000750525	0.0338906	0.0156621	0.154625	0.0487278	0.0317093	0.000408385	0.0140337
108	0.271824	0.00874285	0.00815715	0.00673107	0.0495293	0.00956177	0.0070726	0.0571338	0.00936901	0.178527	0.134328	0.0105306	0.00232247	0.0138159	0.0119361	0.0819286	0.0480637	0.0127155	0.00260757	0.0751038
109	0.266592	0.00103924	0.00791958	0.0241112	0.0321956	0.00744073	0.0245564	0.0250209	0.17371	0.011058	0.00564804	0.0103073	0.00204724	0.0993649	0.211982	0.056436	0.0268065	0.00746605	0.00196716	0.00433136
110	0.200125	0.000347644	0.0186066	0.282703	0.000576999	0.038469	0.00277556	0.00482192	0.0598369	0.0306149	0.0377677	0.0186964	0.000598692	0.156159	0.0176239	0.0742405	0.0320145	0.0231528	0.000237645	0.000631726
111	0.277369	0.00181853	0.115605	0.15016	0.00198756	0.0135737	0.00389789	0.0496506	0.0514669	0.079771	0.0352632	0.0394605	0.00445073	0.0307221	0.029717	0.0305386	0.0366236	0.0452202	0.000993514	0.00170982
112	0.543892	0.00443626	0.00912189	0.0106809	0.00503843	0.121782	0.00359412	0.00541268	0.0117132	0.00913594	0.00460842	0.0103777	0.00145207	0.0134869	0.00443472	0.187976	0.0384938	0.0118969	0.000539595	0.00192643
113	0.126807	0.00360676	0.0265515	0.140999	0.000526673	0.0248911	0.0112855	0.00776323	0.211786	0.0309591	0.00313756	0.0323112	0.00247016	0.114117	0.110392	0.0374456	0.0949263	0.0193995	0.000221217	0.000403112
114	0.0503699	0.000777261	0.00242135	0.00406695	0.116291	0.00593795	0.0610786	0.00178844	0.00297113	0.00283324	0.00177093	0.00274021	0.0201464	0.00785526	0.00371124	0.015807	0.0038747	0.00377307	0.331741	0.360044
115	0.149442	0.00793369	0.00189602	0.00242392	0.012665	0.0277341	0.00211917	0.0609605	0.0195218	0.243878	0.0167729	0.00355398	0.00108775	0.0101566	0.030381	0.00434896	0.042815	0.353433	0.00777048	0.00110599
116	0.0182233	0.00565395	0.000541122	0.00146297	0.0328167	0.000981762	0.00124604	0.415294	0.000797655	0.180329	0.036442	0.00287884	0.00100112	0.00083697	0.000778422	0.0021624	0.00630779	0.280911	0.0019856	0.00935062
117	0.0625738	0.00166629	0.0152765	0.046992	0.00219396	0.0345528	0.0108618	0.0340753	0.0312508	0.0176585	0.00306162	0.0621868	0.0666712	0.0127451	0.0662219	0.0966913	0.380369	0.0522989	0.000674826	0.00197724
118	0.0306942	0.00241729	0.0282813	0.0104728	0.00499653	0.0103319	0.00755487	0.26776	0.00999029	0.26871	0.049465	0.0560734	0.0250867	0.00952957	0.00831673	0.0153305	0.115023	0.0715067	0.00190297	0.00655501
119	0.116378	0.00207165	0.0455896	0.0439729	0.00328609	0.041898	0.0446535	0.0196218	0.0353261	0.101285	0.0080788	0.0387415	0.00179296	0.192353	0.0125041	0.125736	0.119894	0.041578	0.000999142	0.00423908
120	0.0187033	0.000579044	0.341225	0.032866	0.00117698	0.00209502	0.0143107	0.00153515	0.101381	0.00978615	0.00148475	0.278042	0.000765131	0.0519126	0.0693672	0.0314445	0.0268183	0.0151685	0.000437862	0.000900884
121	0.0830003	0.00310268	0.0136811	0.106401	0.00743316	0.0473649	0.0766938	0.00746151	0.0629242	0.0155971	0.01003	0.0190265	0.0935112	0.0281001	0.352564	0.0231318	0.0229919	0.0147133	0.00557581	0.00669557
122	0.162163	0.000143268	0.205713	0.388718	0.00353295	0.0274598	0.00977929	0.000393267	0.0311266	0.00374209	0.00431025	0.0142754	0.0195219	0.0633268	0.00730643	0.0393533	0.0155762	0.00186296	0.000189077	0.00150623
123	0.110087	0.004737	0.00162208	0.00585318	0.00528428	0.00839537	0.00674366	0.108588	0.0072543	0.350319	0.0315509	0.00358023	0.00417378	0.0044267	0.00438011	0.0328705	0.0941115	0.209519	0.000678518	0.00582489
124	0.0343857	0.00119529	0.0110468	0.0214344	0.00495614	0.00712454	0.0208935	0.00506868	0.138369	0.0142176	0.00739768	0.0124134	0.00649959	0.019487	0.628743	0.00994856	0.0153528	0.0253655	0.00226443	0.0138369
125	0.0237809	0.00256292	0.038375	0.422821	0.00299739	0.00548449	0.00279053	0.00517341	0.18923	0.00345376	0.000570343	0.00345142	0.000331629	0.154796	0.122252	0.0106918	0.00303903	0.00490604	0.000218768	0.00307474
126	0.0379447	0.000312693	0.012415	0.110823	0.000471009	0.00361467	0.00985344	0.012159	0.325438	0.0267859	0.00315071	0.0191664	0.000375364	0.0997421	0.263961	0.0104185	0.0367734	0.0252572	0.000581394	0.000756416
127	0.0236851	0.00531876	0.000590721	0.0010402	0.0124736	0.00133213	0.00109165	0.390773	0.00159491	0.14985	0.0282125	0.00442137	0.000398883	0.00163242	0.00163364	0.0023631	0.00777958	0.359184	0.00209033	0.00453321
128	0.0290919	0.000891866	0.00406501	0.00244396	0.00164038	0.00916931	0.00489059	0.375443	0.00305711	0.225381	0.0286485	0.0317697	0.00337182	0.0028826	0.00359237	0.0115175	0.101345	0.15179	0.00047809	0.00852937
129	0.0243178	0.00534106	0.000564557	0.000720543	0.00863776	0.00139032	0.00071087	0.416793	0.000889542	0.126719	0.0179864	0.00453708	0.000244237	0.000808577	0.000777625	0.00213633	0.00693213	0.375654	0.00222215	0.00261655
130	0.201261	0.00112327	0.0035373	0.028394	0.00205746	0.0136108	0.00375309	0.068502	0.0923053	0.112497	0.0144087	0.0324545	0.00270393	0.066634	0.09593	0.0753907	0.0589668	0.123763	0.00120806	0.00149907
131	0.0236775	0.00231282	0.045447	0.405683	0.00278957	0.00521249	0.00279973	0.00486254	0.200361	0.00352575	0.000642394	0.0038055	0.000341743	0.14789	0.126592	0.0128545	0.0033375	0.00490657	0.000254503	0.00270404
132	0.0147067	0.00366576	0.00173149	0.00786821	0.0309093	0.00156659	0.00215371	0.423084	0.00384759	0.231504	0.134352	0.00240414	0.00493975	0.00866495	0.00310145	0.00452581	0.0244444	0.0859841	0.00112111	0.00942517
133	0.18454	0.008184	0.000669907	0.000915077	0.00348385	0.00502983	0.00588607	0.133995	0.00434117	0.072571	0.0514175	0.00152195	0.0062594	0.000900293	0.00166205	0.0246016	0.112796	0.373247	0.000192555	0.00778617
134	0.105066	0.00226627	0.0270472	0.127106	0.000376154	0.0211685	0.0144058	0.00742817	0.212129	0.0376147	0.00413141	0.0402751	0.00043199	0.115814	0.113568	0.0418065	0.107775	0.0210617	0.000155014	0.000374796
135	0.0245839	0.000729257	0.000867167	0.00743365	0.0266607	0.00652005	0.00526315	0.115259	0.0168901	0.573445	0.0500924	0.00291151	0.000537701	0.0164762	0.00976246	0.0106236	0.0242642	0.0913195	0.00431463	0.0120455
136	0.0313711	0.00138466	0.0118084	0.0197222	0.00510881	0.00568586	0.0262908	0.00460764	0.140073	0.0140745	0.00700613	0.0117876	0.00759368	0.0194682	0.631651	0.00958275	0.0127478	0.0248504	0.00116743	0.0140188
137	0.284655	0.00169516	0.0578133	0.0305504	0.00760569	0.0339786	0.0484658	0.00298997	0.0274208	0.0703449	0.0199777	0.0303459	0.00899854	0.0887685	0.0826951	0.0946824	0.0387167	0.0324248	0.00372485	0.0341458
138	0.0229896	0.00279544	0.037897	0.425377	0.00274929	0.00547574	0.00309011	0.00566552	0.187636	0.00332109	0.000582664	0.00369825	0.000337575	0.15965	0.11684	0.0101064	0.00329356	0.00547818	0.000208468	0.00280839
139	0.0494851	0.00077893	0.0154989	0.0429521	0.00224488	0.00801747	0.0155041	0.036222	0.240893	0.0442674	0.0243402	0.00820239	0.00108866	0.0836961	0.29424	0.0272556	0.0465426	0.0466213	0.00630873	0.00584131
140	0.28222	0.0135584	0.00405092	0.00400668	0.00480764	0.0109581	0.00661344	0.118494	0.00666409	0.0590108	0.0397	0.00628585	0.0063961	0.00495826	0.00527355	0.0368513	0.097492	0.283839	0.00120692	0.0076123
141	0.116077	0.00217031	0.0260178	0.131516	0.000465376	0.0239698	0.012752	0.00669681	0.206971	0.0325872	0.00351673	0.0419888	0.0011961	0.118068	0.117705	0.0432158	0.0944366	0.0200969	0.000167241	0.000385627
142	0.0134958	0.0055	0.0006991	0.00407845	0.0503798	0.0012016	0.00258429	0.313704	0.00445552	0.342382	0.0829668	0.00160591	0.00257031	0.00634027	0.00358278	0.00430812	0.0126481	0.128988	0.00189573	0.0166141
143	0.0236914	0.00198947	0.00695088	0.00701006	0.0725462	0.00360594	0.0136079	0.0375564	0.00777915	0.463553	0.209801	0.0114772	0.00111345	0.0409977	0.0048547	0.0326174	0.019684	0.0199933	0.007768	0.0134033
144	0.0163819	0.000806693	0.0124301	0.0105994	0.000691258	0.86726	0.00154756	0.00125919	0.00913084	0.00163773	0.00101608	0.0261317	0.00315816	0.00770711	0.00425102	0.0276518	0.00275017	0.00163902	0.00331524	0.000635473
145	0.008731	0.000464646	0.000969725	0.00431381	0.286439	0.000979861	0.0479113	0.00336473	0.00772406	0.024731	0.000869902	0.00112587	0.000398554	0.00125049	0.0106082	0.00502738	0.00169938	0.00730118	0.0067447	0.579345
146	0.145595	0.000681045	0.148367	0.176992	0.000582609	0.0375986	0.00712575	0.000771109	0.10678	0.00121292	0.000742214	0.0244342	0.203393	0.0258891	0.017025	0.0700508	0.030727	0.00127845	0.000266346	0.000487818
147	0.163598	0.00110836	0.00350748	0.104232	0.00182223	0.0133986	0.00392423	0.00266793	0.0535167	0.00378075	0.00237027	0.201967	0.00121023	0.032023	0.188698	0.0590101	0.146651	0.0140823	0.000777651	0.00165468
148	0.0525013	0.00628646	0.0123908	0.0153768	0.0175403	0.0195756	0.0112833	0.0421107	0.0180252	0.104	0.321606	0.0156086	0.00794398	0.0202182	0.0149769	0.0338483	0.152405	0.122988	0.00301918	0.00829601
149	0.297554	0.0316978	0.00491768	0.00511203	0.00617953	0.0115911	0.00693219	0.0913135	0.00736916	0.0562729	0.0361779	0.0129063	0.00576388	0.00742018	0.0080932	0.0448146	0.0664011	0.29258	0.0014667	0.0054361
150	0.0381417	0.0011793	0.0326573	0.0388773	0.00256181	0.125732	0.018384	0.00326452	0.41681	0.00527773	0.00303616	0.0339998	0.0293536	0.137846	0.050012	0.034149	0.0206374	0.00510297	0.0011345	0.00184298
151	0.00871139	0.000583216	0.0539557	0.00178325	0.00156968	0.00153967	0.00641511	0.00114077	0.00710556	0.00163789	0.00115739	0.107991	0.000703828	0.00188671	0.00173805	0.156792	0.64173	0.00247354	0.000321866	0.000763779
152	0.139455	0.00114954	0.0101647	0.0300465	0.0165671	0.0468584	0.00414978	0.0225698	0.0258115	0.0259536	0.00295364	0.0156736	0.35107	0.0120882	0.0192435	0.0941237	0.0848086	0.0864131	0.00194084	0.00895858
153	0.162109	0.000143268	0.205812	0.388575	0.00352983	0.0274749	0.0097604	0.000393267	0.0311751	0.00374406	0.00430632	0.0142957	0.0195118	0.0633519	0.00733491	0.0393325	0.0155921	0.00186128	0.000189842	0.00150641
154	0.162242	0.00100137	0.00365923	0.0989013	0.00178108	0.014194	0.0041565	0.00268021	0.0573377	0.0041667	0.00246851	0.214004	0.00116239	0.0315544	0.181546	0.0579833	0.144123	0.0148555	0.00074635	0.0014362
155	0.282094	0.0130639	0.0013899	0.00180314	0.00250727	0.00174836	0.00468209	0.123228	0.00322728	0.0592948	0.0468663	0.00183421	0.00441668	0.0020565	0.00174677	0.0234513	0.0745566	0.34717	0.000425591	0.0044364
156	0.0130702	0.00738496	0.000515427	0.00311272	0.0674318	0.000528409	0.0019135	0.372631	0.000732161	0.276659	0.0794195	0.000580826	0.0027038	0.00142538	0.00091187	0.00264537	0.00585529	0.139524	0.00188041	0.0210733
157	0.199896	0.00034761	0.018356	0.283037	0.000576314	0.038603	0.00277991	0.00472218	0.059939	0.0304468	0.0376961	0.0185972	0.000598398	0.156592	0.0176171	0.0742049	0.0319693	0.0231576	0.000233933	0.000629505
158	0.278592	0.000580219	0.0019604	0.00222973	0.000997653	0.0583275	0.00139132	0.00121976	0.00881141	0.00246694	0.00148024	0.0142101	0.542966	0.00941946	0.00810985	0.0548185	0.00293437	0.00810904	0.00045767	0.000918208
159	0.0933267	0.00177572	0.00494231	0.00656058	0.0481465	0.0202156	0.0899209	0.00417759	0.00570094	0.00615358	0.00388371	0.0062802	0.024915	0.0248927	0.00652066	0.0627891	0.00705222	0.00722894	0.361687	0.21383
160	0.0117704	0.000927204	0.784143	0.0663839	0.000954691	0.0168633	0.00331587	0.00129569	0.0127917	0.00319335	0.00160215	0.0471189	0.00232555	0.00695432	0.00705998	0.0161022	0.0134849	0.00243208	0.000412602	0.000867789
161	0.0588393	0.000875377	0.00253244	0.00387795	0.143945	0.0136815	0.0339311	0.0819873	0.00521095	0.128933	0.0441796	0.00606834	0.0439324	0.00439894	0.0173538	0.0253479	0.0051909	0.0829475	0.142586	0.154181
162	0.241228	0.00108069	0.0389168	0.0317278	0.0323924	0.036285	0.0386155	0.00268726	0.0248315	0.0512613	0.0181914	0.0482416	0.0709157	0.0319217	0.120607	0.121763	0.0259405	0.0131095	0.0214906	0.0287924
163	0.008731	0.000464646	0.000969725	0.00431381	0.286439	0.000979861	0.0479113	0.00336473	0.00772406	0.024731	0.000869902	0.00112587	0.000398554	0.00125049	0.0106082	0.00502738	0.00169938	0.00730118	0.0067447	0.579345
164	0.0402404	0.00081476	0.003155	0.0050588	0.176512	0.00560456	0.0453325	0.00291639	0.00348381	0.00845584	0.00350196	0.0040297	0.0139372	0.00631998	0.00430537	0.0115536	0.00447014	0.00517313	0.228192	0.426943
165	0.505481	0.00185951	0.00470542	0.0116014	0.00883975	0.0407401	0.00369489	0.0089476	0.0130539	0.00688179	0.00575423	0.0172147	0.000482685	0.0106556	0.00143276	0.30523	0.04678	0.00501109	0.000208786	0.0014248
166	0.0747982	0.000417773	0.184435	0.478532	0.00105985	0.0176305	0.00989002	0.000604421	0.0352682	0.00471522	0.00366709	0.0448944	0.00302374	0.0744499	0.0229997	0.0215387	0.0151478	0.00310787	0.00312421	0.000695746
167	0.0720325	0.000692031	0.0116568	0.0259272	0.0013299	0.00232877	0.00831031	0.00989895	0.414052	0.0325614	0.0120529	0.00346346	0.000933146	0.249457	0.108156	0.0087033	0.0133649	0.0231289	0.000547196	0.00140423
168	0.0212113	0.00404858	0.00143445	0.0095773	0.017593	0.00253716	0.0167385	0.208502	0.00734211	0.247264	0.0417615	0.00990517	0.000576947	0.0452795	0.0413609	0.00910415	0.0173178	0.262713	0.000463987	0.0352676
169	0.0325121	0.00102227	0.0105581	0.0204174	0.00402205	0.00602772	0.0183275	0.0125631	0.175803	0.018791	0.0142287	0.0108078	0.00320271	0.0287956	0.553739	0.0179995	0.0212754	0.0301776	0.00234999	0.0173798
170	0.0801665	0.000631182	0.0134393	0.0304752	0.001022	0.00209446	0.00585746	0.00759432	0.409542	0.0306264	0.0129871	0.0038155	0.000755836	0.239154	0.108807	0.00952716	0.0157196	0.025967	0.000367349	0.00145075
171	0.0309963	0.000457391	0.0155422	0.107757	0.00209699	0.00513266	0.0138863	0.0130842	0.296267	0.0300975	0.00483003	0.0232599	0.000621923	0.0761463	0.298511	0.0121499	0.0404669	0.0256105	0.000809808	0.00227687
172	0.00869222	0.000465663	0.00100836	0.00422168	0.296041	0.000971909	0.047105	0.00322603	0.00747789	0.0248577	0.000933135	0.0012579	0.000388932	0.00125232	0.0104727	0.00517148	0.00180703	0.00718651	0.00783129	0.569631
173	0.1157	0.00382274	0.436375	0.0833696	0.000617187	0.0426023	0.00108552	0.00128584	0.0217938	0.00159934	0.000841446	0.09051	0.00564833	0.0250345	0.0161157	0.0995491	0.0482868	0.00488081	0.00030735	0.00057425
174	0.012576	0.00684282	0.00054482	0.00331871	0.0690017	0.00061881	0.00184138	0.345212	0.00155399	0.309682	0.0768908	0.000690519	0.00246882	0.0022259	0.00111521	0.0026827	0.00632589	0.131926	0.00233969	0.0221415
175	0.0144187	0.000792886	0.642755	0.0849352	0.000852139	0.0222763	0.0029599	0.00109563	0.0221504	0.00308267	0.00102211	0.122492	0.00238667	0.0118556	0.0124929	0.0345503	0.0153847	0.00347351	0.000311202	0.000711755
176	0.161258	0.000166982	0.20486	0.389619	0.00365161	0.0277078	0.00974373	0.000418473	0.0308762	0.00391809	0.00439722	0.0144737	0.0195401	0.0632126	0.00740711	0.0395247	0.0156135	0.00188277	0.000208542	0.00152001
177	0.0275093	0.000976527	0.00201903	0.00290232	0.05454	0.00371138	0.0350152	0.00137773	0.00242406	0.00245755	0.00151198	0.00272154	0.00991089	0.0049822	0.00261099	0.00924953	0.00343305	0.0031518	0.1584	0.671095
178	0.0120897	0.0102434	0.0010567	0.00122868	0.642266	0.00109315	0.00171562	0.026072	0.00130875	0.134616	0.0287739	0.00408728	0.000732712	0.00135322	0.00136821	0.00348848	0.00174608	0.0395655	0.0150507	0.0721439
179	0.118252	0.00200851	0.0128159	0.261594	0.00361662	0.00859769	0.00598002	0.00463125	0.0570604	0.00778155	0.00524734	0.00886285	0.14463	0.122976	0.00853172	0.118997	0.0728163	0.0308177	0.00131786	0.00346549
180	0.0119162	0.000236735	0.000496211	0.0089891	0.0525898	0.00103672	0.00120362	0.0580286	0.00982845	0.660842	0.0825211	0.00172156	0.000307426	0.0138086	0.00512078	0.00471622	0.0149792	0.0396896	0.00907007	0.0228979
181	0.0335286	0.00146998	0.440584	0.163031	0.00106012	0.0542659	0.00155083	0.00140249	0.0329154	0.0020732	0.0013365	0.123613	0.0079779	0.0224872	0.0123989	0.0608067	0.0349536	0.00316187	0.000489159	0.000893866
182	0.051816	0.000886674	0.0158625	0.00996947	0.00235717	0.0207779	0.0380414	0.0136063	0.161165	0.0173674	0.00545044	0.281458	0.00117735	0.0613296	0.123709	0.0912866	0.0940552	0.00646956	0.000687744	0.00252713
183	0.187325	0.00902358	0.000792355	0.00121154	0.00344327	0.00494788	0.00581154	0.13124	0.00443954	0.0730331	0.0524299	0.00173722	0.00589247	0.00125869	0.00238598	0.0261418	0.107499	0.373759	0.000272821	0.00735615
184	0.0119395	0.00147013	0.00121579	0.0102151	0.0236509	0.00325319	0.00813272	0.180999	0.0236269	0.339326	0.0618683	0.00646285	0.000608219	0.0475919	0.0338633	0.0119825	0.045169	0.164739	0.00216281	0.0217227
185	0.0987868	0.00076505	0.294176	0.240302	0.000253508	0.0231545	0.00671569	0.000317087	0.0802627	0.00771256	0.00683072	0.0428678	0.000719611	0.104129	0.0405948	0.0254156	0.0213035	0.00334949	0.00210369	0.00023996
186	0.366675	0.000896118	0.00833836	0.00395016	0.00204592	0.490132	0.00256167	0.00219777	0.00411389	0.00913984	0.00210871	0.00547152	0.00113594	0.00368435	0.00303152	0.0507228	0.0240617	0.0174134	0.000748503	0.00157091
187	0.260164	0.016235	0.00155903	0.00166508	0.00297378	0.00269667	0.00504378	0.131126	0.00336759	0.0705876	0.0526868	0.00234189	0.00427746	0.00179605	0.00190474	0.033253	0.0734302	0.328817	0.000396841	0.00567757
188	0.0110554	0.00366957	0.00329529	0.00271791	0.605505	0.00519501	0.0146615	0.0163427	0.00208671	0.0542944	0.0255108	0.011441	0.00194309	0.00367555	0.00263257	0.00677581	0.00599608	0.0225321	0.0346423	0.166027
189	0.165004	0.0015261	0.053173	0.112522	0.188786	0.0459332	0.0494073	0.00348684	0.0407312	0.00471064	0.0159284	0.00495088	0.0020188	0.0210992	0.0208495	0.00901521	0.0367106	0.00710187	0.0514927	0.165552
190	0.165305	0.00966584	0.00121029	0.00100307	0.00465453	0.00823545	0.00788139	0.132715	0.00500413	0.0777515	0.051537	0.00288152	0.00668846	0.00110099	0.00219314	0.0276526	0.132812	0.351679	0.000219102	0.00981007
