501	20
1	0.0327016	0.0200379	0.00231098	0.00379151	0.0213154	0.00370405	0.00167517	0.360156	0.00589661	0.0829281	0.0297203	0.00812536	0.00324586	0.00432104	0.0037137	0.0147668	0.0247079	0.365319	0.00377335	0.00778955
2	0.0271103	0.0163257	0.0181629	0.0343312	0.0132498	0.0187799	0.0385308	0.0291128	0.182303	0.0854899	0.0261073	0.0272978	0.00877446	0.078335	0.26703	0.036815	0.0336951	0.0300299	0.00235865	0.0261612
3	0.0549196	0.00983727	0.0515699	0.0349902	0.00622267	0.0386101	0.0195383	0.0137975	0.0390016	0.0167964	0.00986551	0.317664	0.0183056	0.0317211	0.0145358	0.189954	0.105792	0.0170708	0.00262419	0.00718264
4	0.0461942	0.0542013	0.00250616	0.00756279	0.0840067	0.0180243	0.00191661	0.190269	0.00429575	0.154382	0.173253	0.00335912	0.00317108	0.0232099	0.00187714	0.00761932	0.0180822	0.178764	0.0011781	0.0261276
5	0.256106	0.068885	0.0479608	0.0171618	0.0105208	0.0841396	0.0163485	0.0267465	0.0168727	0.0264672	0.0137928	0.0286639	0.0104774	0.0190241	0.0088319	0.1463	0.115441	0.0779758	0.00240312	0.00588106
6	0.0235586	0.0133987	0.00145006	0.00194879	0.0213298	0.00189532	0.00229482	0.364299	0.00279707	0.142302	0.0365672	0.00397215	0.00284013	0.00224484	0.00160191	0.00743222	0.0216228	0.340214	0.00349267	0.00473796
7	0.249602	0.0870551	0.00532996	0.00367136	0.0281682	0.03201	0.00287069	0.140355	0.00608845	0.0348379	0.0131746	0.00433285	0.00447725	0.00611849	0.00210659	0.0613913	0.0475755	0.260295	0.00183181	0.00870835
8	0.304153	0.0144322	0.016262	0.0121482	0.0073425	0.362133	0.00368407	0.00958923	0.0162114	0.012927	0.00299138	0.0228516	0.00481766	0.0129397	0.00780201	0.138175	0.0308443	0.0134185	0.00166983	0.00560761
9	0.0401376	0.00944687	0.0164448	0.0153822	0.00139273	0.799878	0.00418768	0.00295654	0.00928132	0.00256631	0.0011864	0.0233417	0.00318978	0.00524639	0.0092429	0.0439944	0.00382135	0.0052105	0.00039439	0.00269767
10	0.0467334	0.0107914	0.0264383	0.0437845	0.0134378	0.0359667	0.0173752	0.0853529	0.199407	0.0401391	0.0236438	0.0457689	0.0113585	0.0590419	0.101875	0.0851458	0.0670444	0.0679904	0.00403045	0.0146746
11	0.0536543	0.019953	0.00434506	0.00883524	0.00668193	0.0111201	0.00367579	0.0273201	0.0679396	0.0167876	0.00503965	0.014141	0.0194917	0.0143154	0.0753801	0.147899	0.451633	0.0391289	0.00322325	0.00943465
12	0.18964	0.0825482	0.021267	0.0228777	0.0227878	0.0327907	0.0154443	0.0366018	0.0269538	0.037491	0.0201949	0.0208141	0.0172485	0.0237784	0.022754	0.0980833	0.195234	0.0632826	0.00501896	0.0451889
13	0.00957807	0.00718507	0.00101179	0.00177727	0.0337904	0.00452316	0.00124546	0.144279	0.00512251	0.587448	0.0741677	0.00469154	0.00129107	0.00649352	0.00165474	0.00931363	0.0183741	0.0787052	0.00190956	0.00743858
14	0.0497034	0.0172263	0.00626752	0.00924195	0.00716299	0.0107562	0.039556	0.0912144	0.0156718	0.0986345	0.0548075	0.0205788	0.00366781	0.0119209	0.0123383	0.135222	0.29635	0.103776	0.0042575	0.0116464
15	0.0393372	0.00788922	0.275002	0.161661	0.0075046	0.0241956	0.0184463	0.014968	0.0937465	0.0218931	0.0128037	0.0936727	0.0104985	0.0508441	0.0378868	0.0536754	0.0406308	0.0201667	0.00416627	0.0110112
16	0.160336	0.0255622	0.0115755	0.014712	0.0208579	0.0609527	0.0115621	0.0510178	0.0144198	0.0131681	0.00873114	0.0679818	0.0151311	0.0423067	0.00893065	0.26044	0.140351	0.0454457	0.0197236	0.00679379
17	0.015731	0.0105437	0.00202768	0.00297923	0.0424772	0.00569613	0.00201914	0.130727	0.00524419	0.545126	0.0982318	0.00657577	0.00216454	0.00845589	0.00239879	0.0115046	0.013532	0.0750106	0.00384307	0.0157117
18	0.0123259	0.00639396	0.00123253	0.00248761	0.0277122	0.00696142	0.00195832	0.173156	0.00605529	0.547855	0.0589394	0.0037042	0.00210233	0.00610397	0.00264926	0.00850745	0.0188639	0.105599	0.00184605	0.00554535
19	0.245136	0.0936059	0.0190012	0.076405	0.0123743	0.0173302	0.012649	0.0176098	0.0167112	0.0516373	0.0585337	0.0146864	0.005325	0.096046	0.0122936	0.173174	0.038281	0.026404	0.00374737	0.00904847
20	0.131729	0.00748677	0.0276146	0.0307772	0.0114664	0.099296	0.0361446	0.0197763	0.131532	0.0254711	0.0152747	0.0418191	0.0136327	0.071714	0.136991	0.0725033	0.0595251	0.0222763	0.00391446	0.0410552
21	0.447968	0.0302166	0.00887055	0.00732127	0.0156875	0.0793586	0.00345387	0.0167774	0.00866887	0.0148918	0.00560883	0.0162418	0.00428809	0.0138774	0.00315859	0.226495	0.0573218	0.0248325	0.00895362	0.00600841
22	0.0403403	0.00938595	0.0227265	0.0241048	0.002756	0.707909	0.0192428	0.00408533	0.0185726	0.00572312	0.00324359	0.0387221	0.00375573	0.00981198	0.0140006	0.0483553	0.0100294	0.00807727	0.00130934	0.00784848
23	0.115619	0.0305507	0.0365109	0.0284778	0.00224513	0.025584	0.00170236	0.0634391	0.0377703	0.0943957	0.120769	0.0377247	0.00131305	0.0576159	0.0538155	0.0905067	0.0966663	0.102346	0.000877036	0.00207136
24	0.213017	0.0162388	0.0886392	0.0259544	0.0409579	0.0500278	0.0123438	0.0514341	0.036431	0.0257314	0.0142257	0.0764292	0.0201128	0.031079	0.0194988	0.18997	0.0415998	0.0248823	0.00857891	0.0128482
25	0.0558387	0.0119851	0.0173067	0.0313677	0.0187025	0.0424355	0.0146216	0.143711	0.0930087	0.0914454	0.0851847	0.0288171	0.00826163	0.0497223	0.044871	0.0432154	0.0582231	0.14123	0.00283661	0.0172148
26	0.0244007	0.00164707	0.169188	0.394272	0.00353516	0.00871122	0.0041357	0.00567194	0.0701986	0.0137689	0.00587302	0.0480148	0.00878113	0.10744	0.0356586	0.039052	0.036348	0.0204303	0.000684901	0.00218857
27	0.265044	0.0170428	0.0184214	0.021137	0.00799134	0.0317448	0.00648492	0.048419	0.0385213	0.0642073	0.118829	0.0189235	0.00343505	0.0826025	0.020891	0.0691249	0.0826594	0.0768728	0.00203881	0.00560928
28	0.0223549	0.102917	0.00969751	0.010749	0.012274	0.0146119	0.022635	0.0442559	0.112431	0.112959	0.0793728	0.0136713	0.038334	0.022388	0.303779	0.0251078	0.0214354	0.0168103	0.00315099	0.0110647
29	0.218713	0.0211311	0.0060282	0.00748212	0.151217	0.0445539	0.00845526	0.0157024	0.00985849	0.182991	0.0494376	0.010188	0.010241	0.0114675	0.0248061	0.0198526	0.0130761	0.0415528	0.0412166	0.112029
30	0.0376328	0.0126978	0.0117001	0.0147852	0.0103826	0.0501452	0.00920126	0.0291045	0.0168858	0.100406	0.326277	0.0169972	0.00587541	0.0189738	0.0145375	0.0454855	0.22869	0.0333292	0.00459738	0.0122963
31	0.0380313	0.0143223	0.216471	0.055827	0.0287897	0.0226799	0.0997429	0.0293239	0.0587713	0.0328408	0.0199498	0.094488	0.00761952	0.0475991	0.0262599	0.0469976	0.0354311	0.0338771	0.0486393	0.0423383
32	0.0447139	0.0121947	0.00920376	0.0166122	0.0997767	0.0191794	0.0142348	0.0838835	0.0174733	0.0323973	0.0159814	0.0240544	0.00871323	0.016314	0.0126244	0.193135	0.178217	0.0650847	0.0445962	0.0916104
33	0.0249804	0.00910811	0.0974229	0.0999674	0.0148592	0.038445	0.140083	0.0224348	0.105613	0.127438	0.0405289	0.0231191	0.00563394	0.0423924	0.0747606	0.0251297	0.0278305	0.0526749	0.00362162	0.0239565
34	0.0397835	0.00514682	0.16838	0.214454	0.00828718	0.0257442	0.0180325	0.0332571	0.0730022	0.0473745	0.0111419	0.0571886	0.00340741	0.0692393	0.045272	0.04638	0.0548861	0.0509774	0.00286624	0.0251785
35	0.0388405	0.00586412	0.0762039	0.237821	0.0103332	0.0191317	0.0172541	0.0454779	0.11334	0.0341819	0.027596	0.0414497	0.00872137	0.069023	0.0570474	0.0482517	0.0543705	0.0786609	0.00524805	0.0111833
36	0.0619342	0.00190807	0.030341	0.0485621	0.00867699	0.0148635	0.0268016	0.0834505	0.185825	0.0602188	0.0324794	0.0454077	0.00592186	0.102756	0.098466	0.0355782	0.0517042	0.0894755	0.00101282	0.014616
37	0.0197235	0.00115565	0.169925	0.488832	0.00648885	0.00868663	0.00192178	0.00218505	0.0567462	0.0103076	0.00469817	0.0306797	0.0167	0.1175	0.00911263	0.0237916	0.0250459	0.00442578	0.000594853	0.00148015
38	0.0206084	0.0210394	0.00702454	0.00929407	0.0212295	0.0103535	0.0466094	0.0197427	0.270364	0.0231342	0.0272892	0.0149937	0.0182589	0.0303483	0.388399	0.0236135	0.0148286	0.0120469	0.00206206	0.0187595
39	0.0377088	0.0212295	0.0124356	0.0286326	0.00245184	0.723113	0.00392882	0.00430959	0.0229609	0.00586492	0.00293801	0.0221726	0.00310407	0.031243	0.00760374	0.0464834	0.00631029	0.00664703	0.000848965	0.0100132
40	0.0550489	0.0139779	0.0406666	0.0298978	0.0144514	0.0162387	0.00492462	0.196953	0.0313599	0.0633837	0.149196	0.0317301	0.00570985	0.0519232	0.0377017	0.0468588	0.0518419	0.144143	0.00321419	0.0107784
41	0.0725253	0.0131677	0.0524851	0.0798616	0.0165674	0.0647845	0.011945	0.028999	0.0537512	0.0678283	0.0268626	0.035842	0.0244748	0.0558895	0.032003	0.145975	0.158671	0.0416655	0.00509509	0.0116069
42	0.0238839	0.0236266	0.00746282	0.0227175	0.0864046	0.00462124	0.00338006	0.303465	0.0169988	0.0600857	0.0249164	0.0140279	0.00214609	0.00817614	0.00573047	0.0262926	0.0327741	0.288321	0.0154504	0.0295183
43	0.0346576	0.00627598	0.0765601	0.0413248	0.0493015	0.0246894	0.0401956	0.0127161	0.129556	0.0292385	0.0218356	0.119457	0.00399007	0.0769505	0.103767	0.0614821	0.0282939	0.0167777	0.0143961	0.108534
44	0.152199	0.00420428	0.0264675	0.0192857	0.00647365	0.162819	0.00469985	0.0123347	0.0561469	0.00946126	0.00587654	0.0570559	0.0190521	0.0463821	0.0202767	0.297644	0.08059	0.0102761	0.0017829	0.00697176
45	0.189862	0.0154166	0.00695518	0.0137422	0.0157299	0.0464339	0.0105153	0.0482954	0.0081946	0.0107556	0.0122803	0.0383705	0.012544	0.0411712	0.00628688	0.271841	0.188426	0.0536116	0.00564744	0.00391917
46	0.187195	0.0157184	0.0394	0.0267821	0.010669	0.0946993	0.0137739	0.0232546	0.0511111	0.0465029	0.0131645	0.0931332	0.05062	0.0407414	0.0295075	0.148865	0.0547574	0.0441524	0.00297826	0.0129739
47	0.0608229	0.0266773	0.00069274	0.00140847	0.00632259	0.00570317	0.000454058	0.235778	0.00355047	0.0353452	0.0144096	0.00410087	0.0057424	0.00326412	0.00150642	0.0123717	0.0252083	0.555646	0.000168733	0.000827702
48	0.0856725	0.0159693	0.0226319	0.0277994	0.00720019	0.0324008	0.00876428	0.0161149	0.0804958	0.0253167	0.00878453	0.0394918	0.0891407	0.0485217	0.0390196	0.19525	0.227957	0.01913	0.00289009	0.00744872
49	0.00968273	0.00940164	0.00154575	0.00343339	0.029691	0.00482398	0.00174156	0.107356	0.00565596	0.567456	0.134274	0.0106402	0.00160926	0.0106467	0.00302397	0.0126051	0.0145226	0.0611169	0.0015767	0.00919621
50	0.0226494	0.0163283	0.00477333	0.00720522	0.330418	0.00851874	0.0158636	0.0331355	0.0100956	0.132236	0.0305744	0.00704796	0.00438554	0.0104403	0.0063537	0.0220653	0.0310167	0.106887	0.022532	0.177474
51	0.00511774	0.00744544	0.00229744	0.00613483	0.295686	0.00276952	0.0457206	0.0248137	0.0230955	0.0720746	0.0545285	0.00696299	0.00173686	0.0170843	0.00871016	0.0368106	0.00704396	0.00877284	0.0623414	0.310853
52	0.00974996	0.00635915	0.00105861	0.0010626	0.030243	0.00451525	0.00130221	0.153248	0.00480335	0.604867	0.0581474	0.00311778	0.000825569	0.00365444	0.00152283	0.00709531	0.0157037	0.0848338	0.00196445	0.00592522
53	0.0196496	0.0162797	0.00263664	0.00447642	0.0543088	0.00310614	0.00273463	0.357234	0.00439798	0.169581	0.0477982	0.00556109	0.00298915	0.00457172	0.00227845	0.0106156	0.0206975	0.251362	0.0057764	0.0139442
54	0.0263448	0.0099453	0.176763	0.0486874	0.00647416	0.0216244	0.0146279	0.0215581	0.0324449	0.0129631	0.00760688	0.462164	0.00878468	0.0192453	0.0149274	0.0598583	0.0262787	0.0113346	0.00363986	0.0147264
55	0.0157298	0.0122292	0.00167873	0.00553688	0.0377015	0.00590477	0.00124677	0.122403	0.00543199	0.51032	0.141358	0.00677813	0.00196132	0.0199093	0.00149703	0.0119491	0.0140022	0.0713295	0.00128598	0.0117468
56	0.0171718	0.0127045	0.00106571	0.000991008	0.025563	0.00101397	0.0026442	0.394531	0.0010387	0.179556	0.0473099	0.00281267	0.00225913	0.0018065	0.000458145	0.00357935	0.0142968	0.283387	0.00395276	0.00385808
57	0.0514257	0.0100629	0.180497	0.118346	0.0107048	0.0252638	0.0226524	0.0322659	0.113527	0.0627798	0.023738	0.0654987	0.00979617	0.0589173	0.0452131	0.0607175	0.0493973	0.0394338	0.00464054	0.0151217
58	0.0737265	0.0293936	0.0120916	0.0169076	0.00606073	0.0165967	0.00555595	0.019531	0.0521	0.0174227	0.00833985	0.0276843	0.0683014	0.0291922	0.0547431	0.180249	0.35201	0.0211142	0.00277833	0.00620134
59	0.0513805	0.00696311	0.0189712	0.0376326	0.00435832	0.0149738	0.00854628	0.0271594	0.0449694	0.0253584	0.00875797	0.0407208	0.464957	0.0690464	0.0548611	0.0492853	0.0355428	0.0268456	0.00168532	0.00798483
60	0.0546604	0.0111092	0.0215598	0.0185471	0.00339601	0.691837	0.00678422	0.00764997	0.0161105	0.00651259	0.003397	0.0408352	0.00486992	0.00901064	0.0114699	0.0553613	0.0137412	0.016537	0.00173964	0.00487098
61	0.0274086	0.0503564	0.0182045	0.0458844	0.0262485	0.0193471	0.15484	0.0250276	0.101445	0.044786	0.0211686	0.0289092	0.010968	0.10161	0.183272	0.0314218	0.0326606	0.0201787	0.00534232	0.0509214
62	0.0489822	0.0247707	0.00116355	0.00248003	0.0118369	0.00471615	0.000768263	0.270663	0.00469409	0.0535872	0.0196004	0.00638218	0.00426703	0.00315066	0.0024836	0.012517	0.024097	0.498931	0.00169884	0.00320972
63	0.0373772	0.00369255	0.236796	0.148217	0.00341512	0.0583819	0.0182175	0.00577523	0.0573651	0.0125076	0.00633947	0.170911	0.020849	0.0264181	0.0174941	0.109846	0.0492355	0.00778933	0.00265422	0.0067185
64	0.03574	0.0497472	0.00485877	0.009336	0.193042	0.0122847	0.0178335	0.119772	0.00996969	0.135935	0.0771762	0.00941194	0.00559962	0.0155901	0.00572685	0.0219505	0.0231545	0.119778	0.0174149	0.115678
65	0.094849	0.00885908	0.0295199	0.0318226	0.00946909	0.075123	0.0264605	0.0182995	0.0427569	0.0198069	0.00892478	0.0491592	0.0459284	0.0796672	0.0217671	0.273918	0.126391	0.0252566	0.00367037	0.00835047
66	0.0981215	0.00581351	0.0394903	0.0275973	0.00340424	0.435487	0.00617278	0.00990129	0.0460806	0.00852404	0.00496808	0.0596231	0.0169527	0.0279767	0.0256977	0.140837	0.0296328	0.00736205	0.00134678	0.00500991
67	0.0369381	0.00631816	0.116239	0.234164	0.00944148	0.0158627	0.0345889	0.0151192	0.103279	0.026413	0.019647	0.0511537	0.00258149	0.0889563	0.0860401	0.0509476	0.0546046	0.0292914	0.00167276	0.0167421
68	0.0502308	0.0192767	0.00468006	0.00619733	0.0131623	0.00825552	0.00603695	0.220142	0.0124473	0.102577	0.0345794	0.0079713	0.00701124	0.0102945	0.00744905	0.0325637	0.0731889	0.375297	0.00198534	0.00665388
69	0.0776093	0.0133876	0.0174005	0.0514781	0.0150794	0.02175	0.00884854	0.0804831	0.0187877	0.0264697	0.021921	0.0277115	0.0143094	0.0574108	0.014187	0.193195	0.284842	0.0394361	0.00550347	0.0101905
70	0.0942558	0.0171701	0.011184	0.0158481	0.00751959	0.0197552	0.0069169	0.0208206	0.0431853	0.0159172	0.00594697	0.0309047	0.064244	0.0291848	0.0510287	0.191731	0.344301	0.0213479	0.00212741	0.00661062
71	0.526284	0.0212661	0.0110905	0.00597832	0.00861375	0.112882	0.00165358	0.0102476	0.0098747	0.020197	0.00255312	0.0114549	0.00146081	0.00748694	0.00351388	0.185688	0.0283441	0.0229184	0.00170755	0.00678492
72	0.0325386	0.0253943	0.00248858	0.00543115	0.0551384	0.00965572	0.00212648	0.210598	0.00493998	0.301586	0.115693	0.00419286	0.00394233	0.0138267	0.00163208	0.00983194	0.0183731	0.163637	0.00222865	0.0167451
73	0.0190578	0.0450571	0.00973382	0.0171191	0.0197518	0.014235	0.138864	0.0187595	0.169534	0.0317652	0.0186543	0.0213848	0.0104086	0.0410367	0.331101	0.0217683	0.0218736	0.0126627	0.00355139	0.0336817
74	0.0205896	0.0132317	0.00109992	0.00130344	0.0232458	0.00154609	0.00257287	0.380333	0.00157158	0.174535	0.0443306	0.0030983	0.00266971	0.00194737	0.000714708	0.00478799	0.0162988	0.299027	0.00367568	0.0034211
75	0.0442794	0.00995476	0.00814633	0.00902123	0.0204167	0.00963244	0.00767672	0.270532	0.0128391	0.115119	0.0947529	0.0121325	0.00967246	0.0197804	0.0100004	0.0741605	0.101609	0.153831	0.00188769	0.0145547
76	0.0414488	0.00815657	0.296071	0.148089	0.00715024	0.034412	0.0144885	0.0149864	0.0533027	0.0193314	0.0113205	0.11552	0.0270737	0.0419285	0.0215923	0.0708916	0.0414889	0.0165279	0.00473408	0.0114861
77	0.0396837	0.00918107	0.0169171	0.0148707	0.000981125	0.802729	0.00416457	0.00248916	0.00668988	0.00254081	0.00148647	0.022958	0.00328627	0.00456227	0.00847833	0.0452985	0.00508536	0.00523498	0.000710832	0.00265205
78	0.45192	0.0824554	0.00394511	0.00146742	0.0156097	0.0679291	0.00483184	0.0388361	0.00217168	0.0255908	0.00326228	0.0017576	0.00204966	0.00208196	0.00122769	0.0954103	0.0482914	0.141346	0.000791554	0.00902497
79	0.0158453	0.0108143	0.00129189	0.00120847	0.0236267	0.00154167	0.00315354	0.369563	0.00201313	0.224211	0.0465359	0.00291862	0.0022737	0.0025281	0.000861951	0.00400223	0.0159344	0.26491	0.00354187	0.00322393
80	0.0155887	0.008703	0.00125289	0.00149638	0.0241017	0.00281513	0.0024074	0.270363	0.00281701	0.342656	0.0434075	0.003067	0.00173637	0.00286906	0.00128164	0.00570491	0.0184282	0.24451	0.00263317	0.00416093
81	0.0468744	0.0227396	0.00180411	0.00386446	0.0295766	0.00567574	0.00192714	0.266064	0.00443927	0.114157	0.0382232	0.00481134	0.00441652	0.00563414	0.00194885	0.0125951	0.0234376	0.401341	0.0026239	0.00784562
82	0.0578699	0.0286283	0.000825041	0.00248982	0.00857885	0.00538041	0.000504269	0.238758	0.00392575	0.0381857	0.0148901	0.00436072	0.00519604	0.00352158	0.00152506	0.0141326	0.0253594	0.543449	0.000649694	0.00176957
83	0.0687561	0.0971047	0.283352	0.0280624	0.0122261	0.0273461	0.0204044	0.02666	0.0275825	0.0311985	0.0152728	0.162998	0.0104411	0.0223546	0.0149888	0.0587715	0.0427665	0.0271959	0.00600084	0.0165175
84	0.412799	0.0465025	0.00859826	0.00913999	0.0305925	0.0624797	0.00444901	0.021729	0.00818086	0.0170846	0.0093006	0.0150731	0.00339163	0.0163029	0.0032857	0.222626	0.0578973	0.0375168	0.00640029	0.00665102
85	0.0592704	0.0251361	0.00140602	0.00244575	0.0141897	0.00525302	0.00066681	0.2546	0.00475875	0.0397438	0.0164081	0.00497241	0.00530522	0.00570274	0.00235213	0.0160652	0.0288697	0.508445	0.00116113	0.00324832
86	0.0289843	0.0031198	0.186557	0.391916	0.00523286	0.0214773	0.00524924	0.00509019	0.0515982	0.0191005	0.00572313	0.0492401	0.0192064	0.0760817	0.0180364	0.0583695	0.0382732	0.0119805	0.000903753	0.0038598
87	0.0400379	0.00916135	0.0307128	0.0432179	0.00174431	0.703969	0.00540443	0.00375347	0.0148827	0.00573054	0.00265347	0.0326863	0.00524756	0.0124388	0.0098746	0.0570347	0.010735	0.00584254	0.00091961	0.00395315
88	0.0602255	0.0263968	0.000694558	0.00146598	0.00646945	0.00561895	0.000439174	0.236084	0.00363393	0.0356094	0.0142164	0.00413777	0.00579011	0.00317788	0.00162368	0.012949	0.025401	0.554944	0.000169058	0.00095307
89	0.113233	0.0367677	0.0330128	0.0279108	0.00472476	0.0240364	0.00317516	0.0567312	0.0348206	0.0930249	0.132931	0.0370618	0.00211326	0.0529229	0.0488448	0.103873	0.0994109	0.0899297	0.0015498	0.00392534
90	0.0844929	0.00855704	0.0219389	0.0116732	0.00594077	0.0198467	0.00560734	0.0342748	0.0105475	0.0643124	0.0123503	0.00491449	0.477494	0.00945881	0.0102979	0.0318038	0.0770743	0.0829542	0.00134793	0.0251121
91	0.0429835	0.0088855	0.0508491	0.0959931	0.0186771	0.0382522	0.036026	0.0165467	0.140079	0.0162252	0.0164352	0.102373	0.0162614	0.0961896	0.117521	0.0653429	0.0459854	0.0200939	0.0295795	0.0257006
92	0.0762038	0.0124938	0.0250065	0.0609867	0.0154592	0.0247319	0.0112449	0.0742783	0.0325575	0.0357456	0.0271856	0.0316381	0.0151819	0.0407144	0.0216233	0.164211	0.266559	0.0479386	0.0055453	0.010694
93	0.0313666	0.00423991	0.109402	0.309419	0.00623471	0.023596	0.0138106	0.0145685	0.132727	0.0193404	0.0103259	0.055537	0.0165224	0.0761475	0.0601067	0.0473936	0.0403544	0.0190616	0.00308453	0.0067606
94	0.0538158	0.0172807	0.0177934	0.0282999	0.00971881	0.0217547	0.0143092	0.0581888	0.0904913	0.0559382	0.0710891	0.0257671	0.00740391	0.04184	0.121083	0.0696212	0.173976	0.102293	0.00590325	0.013433
95	0.0578308	0.0212487	0.00595224	0.00996982	0.036016	0.00997102	0.00606651	0.276102	0.0140174	0.07772	0.0341513	0.0117428	0.00645981	0.010651	0.00842725	0.0472618	0.04041	0.290103	0.00711349	0.0287851
96	0.0169372	0.00925263	0.00305959	0.00305996	0.0297192	0.00366563	0.00316752	0.297078	0.00650449	0.309915	0.0432454	0.00416386	0.00305805	0.00540944	0.00420125	0.0122233	0.0286009	0.202226	0.00343275	0.0110803
97	0.0182217	0.0173748	0.00890908	0.0162307	0.00737898	0.0147118	0.0303119	0.0126597	0.326168	0.0136842	0.0096894	0.0303329	0.00961991	0.043358	0.373188	0.0353995	0.0189965	0.0056269	0.00115938	0.00697863
98	0.0903609	0.0112724	0.0342093	0.0902526	0.0161813	0.0158722	0.0455724	0.0496448	0.0821145	0.0529873	0.0797764	0.0298591	0.00764872	0.133418	0.0437722	0.0572812	0.048973	0.0822606	0.00756217	0.0209811
99	0.431078	0.0196869	0.0116599	0.00832769	0.0239592	0.0836979	0.00417708	0.015657	0.0113012	0.016826	0.00685531	0.0172603	0.00359476	0.0149642	0.00416995	0.250539	0.0455503	0.0185176	0.00528474	0.00689342
100	0.00906179	0.00861836	0.000835731	0.000976615	0.0307613	0.00370496	0.00118546	0.1634	0.00448665	0.56694	0.0763045	0.00408896	0.000812251	0.00454622	0.00120662	0.0075094	0.0131739	0.0941262	0.00202659	0.00623549
101	0.0306486	0.0132264	0.0169735	0.0491761	0.00456939	0.0575437	0.00641658	0.0144981	0.263512	0.00375806	0.00217067	0.0785402	0.0136638	0.0818277	0.209526	0.0729736	0.0691431	0.00630899	0.00407896	0.00144475
102	0.043209	0.00775765	0.0503564	0.207257	0.0161061	0.0168221	0.0189237	0.050775	0.116917	0.0381276	0.066875	0.0349999	0.0105538	0.0663623	0.0523434	0.042534	0.0503626	0.0836582	0.0128139	0.0132457
103	0.0124702	0.00907491	0.00938258	0.0169414	0.0148788	0.0501046	0.0463215	0.0084077	0.140854	0.0242911	0.0376219	0.0731273	0.00435604	0.0704086	0.323665	0.0124437	0.0109103	0.0137726	0.00545417	0.115513
104	0.0524457	0.0242184	0.000762735	0.00202142	0.00813182	0.00486654	0.000498165	0.235237	0.00365032	0.0486526	0.0160138	0.00509074	0.00459928	0.00277797	0.00157927	0.0111366	0.0229342	0.55327	0.000558648	0.0015547
105	0.0150687	0.0198184	0.00388501	0.00254711	0.00898014	0.00462734	0.0408573	0.010682	0.33694	0.0157804	0.0122105	0.0106964	0.0105045	0.0289057	0.442068	0.0171459	0.00678882	0.0035652	0.000540105	0.00838904
106	0.05742	0.00968812	0.0133933	0.0103632	0.0161497	0.0130655	0.0050317	0.17608	0.0120738	0.0947008	0.0468415	0.00618429	0.236484	0.0142536	0.00813468	0.0285696	0.0533444	0.181846	0.00174244	0.0146326
107	0.0542119	0.0234823	0.000608626	0.00165977	0.00606027	0.00497943	0.000660917	0.234018	0.00354903	0.0457903	0.0135933	0.00418346	0.00483816	0.00283478	0.001456	0.0112229	0.0257009	0.56013	0.000200246	0.000820135
108	0.0120492	0.0118211	0.0018931	0.00253205	0.0623921	0.00400917	0.00200474	0.183318	0.00436885	0.469951	0.0521223	0.00345286	0.0011853	0.00387958	0.00166107	0.00706737	0.015902	0.146629	0.00292701	0.0108346
109	0.0434021	0.0775891	0.00326508	0.00486908	0.166745	0.015176	0.00267881	0.119709	0.00401205	0.127202	0.123743	0.00399171	0.00274909	0.0120674	0.00261684	0.00833656	0.0274347	0.198331	0.00146389	0.0546175
110	0.0155276	0.0121772	0.000981961	0.000863049	0.0255394	0.000531649	0.00261557	0.4035	0.000789017	0.181746	0.0451853	0.00274053	0.00219038	0.000933587	0.000330437	0.00294234	0.0140301	0.279674	0.00415809	0.00354395
111	0.0239441	0.011717	0.174847	0.0414636	0.00676681	0.0206962	0.0132821	0.0247341	0.0333556	0.0132867	0.00893298	0.478248	0.00645348	0.0176645	0.0149716	0.0524394	0.0253366	0.012685	0.00342366	0.0157517
112	0.0348472	0.011546	0.0214815	0.0362391	0.00917775	0.0255392	0.0241716	0.0267387	0.308809	0.0299504	0.0172295	0.0400991	0.013873	0.0598131	0.211821	0.0478649	0.0421848	0.0236616	0.00263223	0.0123202
113	0.0155595	0.0121888	0.00100643	0.000926152	0.0256365	0.000545945	0.0026233	0.403064	0.000824203	0.181493	0.0452039	0.0027738	0.00220852	0.000994559	0.000347488	0.0030553	0.0142165	0.279485	0.00419897	0.00364788
114	0.0451931	0.0118522	0.306084	0.130484	0.00942354	0.0515088	0.0171917	0.0162204	0.0483079	0.02193	0.0117901	0.116464	0.0147862	0.0421566	0.0196818	0.0647144	0.0368973	0.0155604	0.00444135	0.0153122
115	0.0351691	0.0106101	0.0164066	0.0352196	0.010684	0.0134392	0.0308555	0.066269	0.209214	0.0595366	0.0472566	0.0328528	0.00790815	0.0638834	0.196361	0.0273104	0.0431658	0.0742737	0.00151953	0.0180656
116	0.164184	0.0431354	0.00631276	0.00806919	0.148461	0.0597317	0.00664493	0.031038	0.0087206	0.2499	0.0620627	0.00884626	0.01038	0.0118607	0.0153636	0.0203975	0.0157642	0.0449157	0.0200029	0.0642099
117	0.0152524	0.0119997	0.000985154	0.000883854	0.0262083	0.000623819	0.00266084	0.398848	0.000848109	0.189155	0.0447126	0.00275274	0.00218691	0.000934278	0.000371036	0.00304184	0.0141582	0.27664	0.00415509	0.00358312
118	0.0341973	0.0328018	0.0114789	0.0155645	0.0361697	0.0155111	0.00939337	0.0195272	0.135771	0.143554	0.0138945	0.0428955	0.0084672	0.0289194	0.116203	0.13427	0.122665	0.0558647	0.00662201	0.0162306
119	0.0483468	0.0118357	0.0325419	0.178615	0.0126827	0.10302	0.0159881	0.0188302	0.109344	0.0237208	0.0189412	0.0478132	0.0147585	0.0452941	0.0456822	0.0723423	0.120042	0.0266537	0.0397362	0.0138119
120	0.0297905	0.00901103	0.0110758	0.0193265	0.0441474	0.0134822	0.0153585	0.0927448	0.0748416	0.332602	0.0462679	0.0198838	0.00808297	0.0510206	0.0351174	0.0364567	0.0543238	0.0866957	0.00254685	0.0172238
121	0.0246605	0.00988607	0.0135041	0.036847	0.00326038	0.0386319	0.00666443	0.0129447	0.334379	0.00893247	0.00241173	0.0764144	0.0105384	0.0940309	0.21614	0.0593314	0.0389707	0.00737719	0.00304609	0.00202868
122	0.0190155	0.0541518	0.0314443	0.0457515	0.0291105	0.00865309	0.0237111	0.161497	0.0129139	0.238165	0.0224335	0.0107824	0.00377173	0.0166943	0.00689241	0.0247697	0.0225505	0.214834	0.00594468	0.0469139
123	0.0256123	0.00189718	0.238972	0.183376	0.00160023	0.0792969	0.00757388	0.00270097	0.0137852	0.0101541	0.00228216	0.119569	0.0414154	0.0217387	0.0049982	0.163435	0.0705248	0.00870355	0.000599389	0.00176553
124	0.101644	0.00829248	0.0463667	0.0339832	0.00441054	0.0877434	0.00758022	0.0108262	0.0842185	0.0234593	0.0188657	0.0261272	0.183139	0.0760105	0.0214824	0.179932	0.0461436	0.0121487	0.011041	0.0165852
125	0.0296638	0.00202709	0.129235	0.385294	0.00433195	0.008627	0.00538424	0.00609693	0.0653894	0.0138221	0.00946695	0.0555428	0.00543077	0.121095	0.0343668	0.0500634	0.0493254	0.0211332	0.000722455	0.00298196
126	0.0177077	0.00114064	0.163411	0.494466	0.00563545	0.00905706	0.00163586	0.00187035	0.0570288	0.00930175	0.00475106	0.0318274	0.0156346	0.119729	0.00925367	0.0254689	0.026096	0.00414096	0.000551239	0.0012935
127	0.0464321	0.0141754	0.0037254	0.0125574	0.036656	0.00909251	0.00318908	0.273424	0.00712641	0.194433	0.15416	0.00568237	0.00703209	0.0254296	0.00308037	0.0132392	0.022122	0.15235	0.00199287	0.0141004
128	0.0735193	0.00852408	0.0076037	0.0265899	0.067127	0.0159859	0.0138259	0.0648373	0.016481	0.119718	0.233597	0.016347	0.0215637	0.0747647	0.00674013	0.0248385	0.0187736	0.042394	0.00297958	0.143789
129	0.0332092	0.0135584	0.0167581	0.0442389	0.00470759	0.0550861	0.00647359	0.0162028	0.256305	0.0048607	0.00163105	0.0862307	0.0154883	0.0825907	0.207503	0.0765322	0.0641535	0.00723127	0.00551159	0.00172756
130	0.00746654	0.00633054	0.000843464	0.000892718	0.0425656	0.00379448	0.00107534	0.147168	0.00473618	0.609162	0.0598177	0.00327686	0.000678336	0.00347619	0.00133754	0.0069108	0.0133205	0.078141	0.00233469	0.00667154
131	0.115843	0.0306812	0.0366009	0.0293553	0.00209482	0.0264141	0.00140058	0.0638289	0.0365541	0.0952347	0.124354	0.035894	0.00112803	0.0585014	0.0515931	0.0930577	0.0924512	0.102257	0.000777097	0.001979
132	0.030971	0.0141583	0.0188285	0.047713	0.00459861	0.0547078	0.0072281	0.0135749	0.259977	0.00373163	0.00186429	0.0829208	0.0128092	0.0835531	0.21409	0.0766885	0.0603551	0.00666109	0.00402238	0.00154658
133	0.0188849	0.0121149	0.00216272	0.00268577	0.0215527	0.00217393	0.00565406	0.367508	0.00343482	0.175256	0.0416351	0.00404166	0.00280405	0.00442463	0.00186693	0.00923962	0.0243437	0.29232	0.00349063	0.004405
134	0.0205432	0.0136052	0.00131123	0.00123752	0.0220952	0.00144119	0.00229469	0.401723	0.00188685	0.15041	0.0410442	0.00374708	0.00272507	0.00183529	0.00112859	0.00641678	0.0164606	0.302732	0.00350266	0.00385897
135	0.0932757	0.00209907	0.105918	0.135014	0.00535767	0.0436587	0.0186686	0.0165264	0.106171	0.0268783	0.0142474	0.085396	0.0118243	0.0692324	0.066692	0.107575	0.0502588	0.0306727	0.00164354	0.00889034
136	0.062747	0.000775985	0.126384	0.164457	0.00499086	0.045483	0.0323226	0.00283432	0.130192	0.0150683	0.0128749	0.166654	0.00497653	0.0386697	0.0384755	0.0938741	0.0397356	0.00735087	0.00396558	0.008168
137	0.0590402	0.0256496	0.00120448	0.00268368	0.0147372	0.00525295	0.000509699	0.237213	0.00416925	0.0367073	0.0133853	0.00503619	0.00476769	0.00379707	0.00146864	0.0129835	0.0267292	0.540377	0.0015858	0.0027022
138	0.0326361	0.0105361	0.100392	0.034224	0.00955181	0.0272927	0.0219001	0.0247727	0.0412879	0.0178675	0.0106907	0.449946	0.0152691	0.0260179	0.0229232	0.0744333	0.0408584	0.0174995	0.00464047	0.0172605
139	0.100577	0.0016279	0.0977036	0.10339	0.0065123	0.0545682	0.0216233	0.0110007	0.116516	0.0242884	0.0119185	0.105731	0.0150076	0.0663404	0.0607667	0.12395	0.047521	0.0180118	0.00221852	0.010727
140	0.0220191	0.00630574	0.00358869	0.00625701	0.0210653	0.0103449	0.00586027	0.170904	0.0096554	0.456182	0.0524155	0.00685987	0.00412807	0.0121539	0.0103996	0.0180084	0.0490108	0.126799	0.00163357	0.00640883
141	0.0171544	0.0123032	0.00128977	0.00148409	0.0252603	0.00131851	0.00275449	0.391222	0.00142961	0.189723	0.0486472	0.00309666	0.00258378	0.00241985	0.000856217	0.00407279	0.0154662	0.27121	0.00388024	0.00382688
142	0.103316	0.00255113	0.0811052	0.0951398	0.00822783	0.0500311	0.018542	0.0122879	0.111556	0.0282838	0.0124233	0.0870463	0.0184698	0.0731866	0.0700623	0.134709	0.0601565	0.0183304	0.00193992	0.0126355
143	0.0790307	0.00156086	0.0569843	0.0652401	0.01135	0.0273392	0.0205637	0.0583252	0.162234	0.0575198	0.0243435	0.0734037	0.00733506	0.083739	0.0744295	0.0671194	0.0519086	0.0632539	0.000968159	0.0133514
144	0.044796	0.00922676	0.0206069	0.0166371	0.00113497	0.783539	0.00440079	0.00263396	0.0079205	0.00212045	0.00117202	0.0259266	0.00397442	0.00530916	0.0090865	0.0479412	0.00564971	0.00483943	0.000435614	0.00264917
145	0.0275487	0.00559412	0.00343202	0.00420343	0.00360814	0.0067494	0.0365407	0.00525387	0.0370881	0.0200744	0.0142504	0.251307	0.00512359	0.0479369	0.0034228	0.247335	0.246737	0.0277217	0.00130733	0.00476583
146	0.0469567	0.0225367	0.00266731	0.00469696	0.0177018	0.00612474	0.00158902	0.248443	0.00586308	0.102573	0.0474145	0.00482888	0.0047819	0.00866622	0.00251863	0.0137535	0.0247194	0.428263	0.00142301	0.00447889
147	0.451535	0.0820211	0.0040096	0.00145953	0.015674	0.0697753	0.00480581	0.0392997	0.00206122	0.024239	0.00307963	0.00179545	0.0020171	0.00212036	0.00113728	0.096295	0.0489109	0.140007	0.000789982	0.0089666
148	0.0214381	0.0176962	0.00257911	0.00582207	0.105815	0.00904544	0.00521159	0.124629	0.00734464	0.399438	0.100151	0.00662075	0.00344218	0.0131898	0.00328372	0.0160611	0.0165448	0.0876436	0.0104875	0.0435556
149	0.0384642	0.0088522	0.0168055	0.0147147	0.000807923	0.817463	0.00404723	0.00194089	0.00448462	0.00149601	0.000894807	0.0216769	0.00313636	0.00369702	0.00804455	0.0428333	0.00333766	0.00449801	0.000309886	0.00249528
150	0.245633	0.028136	0.0105807	0.0111136	0.0150501	0.0463178	0.00876684	0.0336523	0.0130506	0.0211809	0.0160804	0.0273777	0.00997745	0.0249021	0.0071006	0.30083	0.093457	0.0752359	0.00432334	0.00723381
151	0.511998	0.0149393	0.011871	0.00711708	0.00811242	0.129347	0.00132403	0.00690429	0.0131942	0.0163065	0.00248537	0.0147534	0.00192325	0.00931147	0.00470238	0.204973	0.0255392	0.00722453	0.0017631	0.00621051
152	0.0176842	0.0123879	0.00997271	0.0119095	0.0412683	0.008904	0.0284968	0.0117864	0.13193	0.327762	0.0155977	0.0185578	0.00484101	0.0678283	0.119008	0.0760697	0.0277564	0.0178997	0.00466978	0.0456698
153	0.0361238	0.00618183	0.0624363	0.069774	0.0173962	0.0211201	0.256836	0.0105446	0.0685769	0.017416	0.00614559	0.11992	0.00253754	0.100306	0.0176706	0.0252263	0.0292192	0.0235354	0.0124078	0.0966253
154	0.0273549	0.0214286	0.0145133	0.0379252	0.00429934	0.0966888	0.00580409	0.0134584	0.253612	0.00513177	0.00188585	0.0906431	0.011122	0.0768795	0.195215	0.0814743	0.0501933	0.00663739	0.0035722	0.0021618
155	0.0281483	0.0169756	0.0143726	0.0252466	0.0463122	0.00808175	0.00728535	0.273369	0.0190565	0.0922928	0.0395902	0.0155507	0.00436836	0.0172143	0.0100831	0.0333865	0.0335992	0.218782	0.0761923	0.0200923
156	0.341315	0.0143631	0.0126641	0.00892589	0.00400762	0.412777	0.00168861	0.00375092	0.00937398	0.0110325	0.00105347	0.0149575	0.00184369	0.00525857	0.00411077	0.134241	0.0100512	0.00292262	0.00103861	0.00462416
157	0.0130015	0.0107035	0.00242923	0.00359585	0.112041	0.00207823	0.00299457	0.303912	0.00274854	0.199195	0.0335426	0.00358823	0.00228428	0.00233282	0.00112271	0.00516712	0.0165229	0.265376	0.00402023	0.0133437
158	0.0422558	0.00782438	0.00550538	0.00710566	0.00357179	0.0101014	0.027805	0.00740237	0.0280812	0.0155459	0.0103281	0.206215	0.0111751	0.0370971	0.00465594	0.266811	0.277655	0.0251573	0.00147074	0.00423627
159	0.0160856	0.0141774	0.00128436	0.00161278	0.028387	0.000992497	0.00252337	0.389315	0.00162576	0.181319	0.0457289	0.00404576	0.0021105	0.00128863	0.000797774	0.00444617	0.0150815	0.27942	0.0044578	0.00530129
160	0.113383	0.0101761	0.0425755	0.0384364	0.00625064	0.060588	0.0104074	0.0130366	0.101077	0.0374638	0.0130149	0.0394371	0.0865463	0.0844951	0.042492	0.181342	0.0877791	0.0187078	0.0023127	0.0104794
161	0.0403698	0.00679188	0.00574201	0.0356254	0.0775349	0.0124691	0.0160184	0.101563	0.0234604	0.0974481	0.159134	0.0166346	0.00875442	0.0647456	0.00584875	0.0377758	0.0191097	0.0399375	0.00358484	0.227451
162	0.206325	0.0174692	0.011177	0.0283057	0.00969464	0.0152144	0.0105097	0.0327447	0.0148334	0.0493709	0.0898648	0.0163825	0.00319716	0.051131	0.00765163	0.227136	0.127947	0.0753792	0.00174918	0.00391669
163	0.121121	0.00423308	0.0573597	0.0497973	0.00838038	0.0608651	0.0157713	0.0177981	0.105807	0.0362724	0.0115712	0.0590856	0.0359133	0.0926964	0.0562314	0.163869	0.0650761	0.0223585	0.00172777	0.0140661
164	0.0190895	0.00639187	0.0211149	0.0909745	0.0102784	0.00787596	0.0315202	0.0520753	0.310262	0.0282021	0.0455883	0.0172261	0.00416116	0.079369	0.150782	0.0300875	0.0491606	0.0285116	0.00122932	0.0161002
165	0.0729153	0.00868072	0.0119183	0.0225913	0.112751	0.0433068	0.0397235	0.026119	0.0622873	0.0826982	0.0391926	0.0171529	0.023203	0.0279931	0.0768138	0.122654	0.135654	0.0252534	0.00433103	0.044761
166	0.0466211	0.0356763	0.00900778	0.0209806	0.0050231	0.362307	0.00474842	0.0133829	0.184155	0.0262086	0.0050468	0.0848789	0.00508344	0.0335033	0.0255279	0.106246	0.0167166	0.00762471	0.00198552	0.00527529
167	0.0318852	0.0115997	0.00787563	0.00598186	0.0319417	0.00801188	0.00228772	0.400483	0.0152161	0.0503676	0.0477267	0.0118592	0.00670337	0.0132632	0.0150632	0.0419588	0.0518599	0.220107	0.00471697	0.0210916
168	0.044192	0.00186105	0.157269	0.24987	0.00203775	0.0160431	0.0108675	0.0137128	0.09236	0.0233336	0.00785801	0.0788283	0.00185537	0.0643205	0.0683533	0.0617372	0.0523728	0.0471317	0.00113933	0.00485732
169	0.251348	0.0296032	0.00479107	0.00744794	0.0207144	0.0557208	0.0079543	0.0587605	0.00385344	0.011121	0.00816048	0.0274939	0.00583266	0.0280318	0.00419667	0.211177	0.166166	0.0893103	0.00394727	0.00436936
170	0.00819445	0.00664937	0.0008076	0.000800043	0.031265	0.00382041	0.00119016	0.15949	0.00470005	0.600251	0.0596968	0.00314199	0.000806841	0.00353543	0.00131952	0.0066989	0.0136353	0.0858562	0.00208381	0.00605738
171	0.0118713	0.00789888	0.00223759	0.00332014	0.0311411	0.00506798	0.00220482	0.119543	0.00688315	0.560314	0.105775	0.011124	0.00155609	0.00852653	0.00292489	0.0186405	0.0230383	0.0679821	0.00167541	0.00827484
172	0.0272974	0.00191103	0.235334	0.18113	0.00181	0.0789057	0.00816009	0.00269609	0.0181046	0.0102171	0.00266211	0.121631	0.0394011	0.0237142	0.0065108	0.160217	0.0691451	0.008499	0.000720337	0.00193279
173	0.253639	0.0207845	0.0172287	0.0252391	0.0132375	0.0341719	0.0114572	0.0290531	0.025294	0.0430802	0.0934915	0.0224434	0.00982054	0.0504053	0.0144153	0.19469	0.0785521	0.0522388	0.00349887	0.00725891
174	0.0562887	0.0289441	0.000766446	0.00162203	0.010374	0.00530733	0.000761885	0.248638	0.00324068	0.0542069	0.0222869	0.00445787	0.00471716	0.00336577	0.00148622	0.0119632	0.0233692	0.515352	0.00056915	0.00228298
175	0.0626201	0.0292299	0.000681352	0.0013825	0.00747486	0.00547653	0.000438937	0.23831	0.00353975	0.0357102	0.0151448	0.00427799	0.0053045	0.00375387	0.00147196	0.0133588	0.0272902	0.543417	0.0002616	0.000855064
176	0.0190452	0.0265427	0.0312533	0.127037	0.0479302	0.0103274	0.0866118	0.0322532	0.137561	0.0492293	0.0223195	0.0115872	0.00234126	0.0710005	0.131013	0.0303	0.0458975	0.0202733	0.00280227	0.094674
177	0.0196036	0.00984243	0.00942648	0.0118519	0.127554	0.0130754	0.394329	0.020736	0.0184013	0.0397251	0.0146678	0.0775676	0.00401595	0.0323265	0.0219083	0.0176738	0.0210165	0.016839	0.0314971	0.0979413
178	0.0146205	0.0110824	0.00140733	0.00128977	0.0298365	0.00115435	0.00341772	0.363091	0.0016015	0.240983	0.0433336	0.0027305	0.00213205	0.00149198	0.000677243	0.0039616	0.0148812	0.254203	0.00374815	0.00435664
179	0.0461699	0.00332499	0.0318082	0.074102	0.00375337	0.013246	0.00726308	0.0227882	0.0312206	0.0212755	0.00698396	0.0442376	0.483411	0.0753035	0.0262639	0.0460996	0.0297677	0.0238998	0.00198142	0.00709957
180	0.058138	0.00733074	0.129478	0.056231	0.00903622	0.0351074	0.00888281	0.0139805	0.0164668	0.0141298	0.0076283	0.12264	0.0872868	0.0182993	0.00885297	0.339828	0.0443915	0.0128867	0.00370399	0.00570041
181	0.072304	0.00592812	0.0240793	0.0183292	0.00433412	0.0183496	0.00524042	0.0355027	0.0131682	0.0407712	0.0111784	0.0118328	0.519908	0.0211433	0.0133251	0.0341945	0.0617313	0.0708934	0.00127836	0.016508
182	0.0601695	0.0010035	0.0150901	0.0450417	0.0128333	0.0146294	0.0286696	0.11837	0.181916	0.0635574	0.0364587	0.0447235	0.00819004	0.0702918	0.0929021	0.0276889	0.0457949	0.112979	0.000614675	0.0190749
183	0.0363753	0.00397029	0.132063	0.274083	0.00300006	0.0135199	0.0073028	0.0174404	0.0895081	0.0227777	0.00896482	0.0418602	0.0024612	0.0775274	0.0593456	0.0521354	0.0697265	0.0818486	0.00161773	0.00447221
184	0.525693	0.0119892	0.0124369	0.00652826	0.00807034	0.126499	0.00111054	0.00574325	0.0120288	0.0157304	0.00163942	0.0160887	0.0016342	0.00897249	0.00390529	0.207153	0.0234007	0.00344281	0.00190279	0.0060306
185	0.11194	0.0165219	0.0318649	0.042101	0.0193974	0.0175566	0.0113931	0.0681085	0.0418822	0.0682281	0.122431	0.0234378	0.0140184	0.147598	0.0211694	0.0661121	0.0599017	0.0983665	0.00474077	0.0132306
186	0.0273327	0.00972941	0.0131481	0.0369879	0.00330326	0.0389672	0.00702873	0.0142112	0.331172	0.00758545	0.00323987	0.0706022	0.0121738	0.0855255	0.226336	0.0604652	0.0401666	0.00784756	0.00284458	0.00133255
187	0.0250322	0.0054245	0.0255511	0.0615787	0.0161785	0.0423844	0.0544716	0.0241558	0.123976	0.0290362	0.0381068	0.0854967	0.00354299	0.0607651	0.162228	0.024334	0.0253779	0.0403614	0.00506898	0.146928
188	0.0236899	0.0292365	0.0117481	0.0274032	0.00608568	0.0611675	0.019307	0.0145992	0.243186	0.0141416	0.0116149	0.0603367	0.0111601	0.0584598	0.289045	0.0557819	0.0390535	0.0100911	0.00309943	0.0107931
189	0.0614263	0.0289243	0.000605939	0.00138207	0.00687189	0.00555293	0.00042365	0.236676	0.00344754	0.0357271	0.0150952	0.00415546	0.00537485	0.00347997	0.0014732	0.0132616	0.026736	0.548386	0.000211657	0.000787447
190	0.106113	0.00292819	0.0786754	0.087464	0.00625707	0.0644834	0.019765	0.0125455	0.109501	0.0267796	0.0119171	0.0911766	0.0373196	0.0660814	0.0583726	0.141161	0.0508878	0.0159075	0.00235435	0.0103102
191	0.0413094	0.000680175	0.0194757	0.0504102	0.00802304	0.0118804	0.0337788	0.0960734	0.193117	0.0642599	0.0393956	0.0483013	0.00529458	0.0938413	0.0859209	0.0262973	0.0574859	0.107286	0.000351033	0.0168178
192	0.00885143	0.00653196	0.000976119	0.00093863	0.0326625	0.003884	0.00117611	0.159386	0.00466259	0.590435	0.0609205	0.00334069	0.000981109	0.00390312	0.00148469	0.00799802	0.015727	0.0881745	0.00209983	0.00586606
193	0.0123119	0.00749222	0.00321161	0.00640413	0.290513	0.00444865	0.0411392	0.0260921	0.0247717	0.0727558	0.0535423	0.00957272	0.00216728	0.0189918	0.0117456	0.036683	0.00772242	0.010491	0.0773107	0.282633
194	0.0456532	0.00169632	0.0499237	0.0928993	0.0061901	0.011986	0.0218251	0.0719146	0.166677	0.0577439	0.0295237	0.0532682	0.00453346	0.0977084	0.0739576	0.0445557	0.0713785	0.087364	0.000612998	0.0105877
