238	20
1	0.124674	0.0264448	0.0117254	0.0370272	0.023645	0.0379151	0.0174441	0.00190738	0.0336593	0.0221049	0.0191682	0.0686267	0.0421446	0.0235911	0.0730059	0.309937	0.0978466	0.0151126	0.000411886	0.0136086
2	0.0703434	0.0094722	0.013449	0.0184489	0.0228374	0.0092285	0.0237362	0.0256594	0.0927433	0.0583013	0.12098	0.0672825	0.0199261	0.0698674	0.044859	0.152967	0.12939	0.0358699	0.00319996	0.0114379
3	0.0195474	0.0177889	0.233046	0.122783	0.00112875	0.0196321	0.0365077	0.00924686	0.0401663	0.0066283	0.00541713	0.267133	0.00414984	0.0772744	0.0738535	0.0499679	0.00422653	0.00285761	0.00673583	0.00190858
4	0.0101134	0.0147931	0.00105081	0.00118842	0.192109	0.00495558	0.00606853	0.105078	0.00155243	0.353372	0.125761	0.00762454	0.0134077	0.0101877	0.00774615	0.0214285	0.0195742	0.05937	0.00812504	0.0364938
5	0.0564236	0.0187575	0.327727	0.298755	0.00135462	0.0702496	0.0254099	0.00207037	0.0174471	0.010729	0.00792907	0.0407667	0.00525582	0.0214494	0.0121085	0.0394608	0.0187691	0.0104526	0.000651134	0.0142334
6	0.0236412	0.00974309	0.00116163	0.00297983	0.149377	0.00355187	0.0134288	0.128966	0.00371733	0.260607	0.10301	0.00581945	0.0112086	0.0235221	0.0223423	0.02354	0.0325568	0.131664	0.00885991	0.0403022
7	0.0247204	0.00401602	0.00689865	0.0387108	0.00197549	0.0129244	0.0175619	0.00339563	0.255674	0.021294	0.0404578	0.0385689	0.00231863	0.189714	0.236249	0.0612451	0.0343593	0.00419333	0.00103801	0.00468466
8	0.0197344	0.00270611	0.0102647	0.0174693	0.00200419	0.0229481	0.0295636	0.00270036	0.358093	0.0214501	0.0248822	0.0505109	0.00137941	0.0798606	0.25417	0.0535445	0.039239	0.00217045	0.000650638	0.00665772
9	0.10376	0.00776365	0.0220606	0.0272148	0.0119701	0.00850419	0.0376853	0.0327325	0.0808861	0.0793511	0.0654539	0.0809345	0.015527	0.0598932	0.109691	0.109024	0.0786819	0.0428937	0.0097176	0.016255
10	0.0145639	0.0129836	0.000967351	0.00167025	0.118077	0.00375402	0.00776904	0.122203	0.00516285	0.360457	0.130793	0.00824476	0.00938045	0.0110067	0.0127774	0.0226581	0.0284002	0.0915197	0.0082628	0.0293482
11	0.132647	0.0168459	0.0138198	0.0383054	0.0246593	0.0410044	0.0204077	0.00159073	0.0375155	0.0145293	0.0189865	0.0613261	0.0467934	0.0263509	0.0921969	0.299639	0.0835974	0.0174981	0.000307555	0.0119783
12	0.132241	0.0178367	0.013514	0.0384751	0.0247813	0.0410538	0.0206081	0.00155418	0.0368769	0.0148796	0.0187635	0.0607122	0.0466513	0.027103	0.0903705	0.298332	0.0853202	0.0179069	0.000311567	0.0127081
13	0.0170858	0.0485617	0.00193707	0.00223756	0.00153344	0.00961694	0.00309025	0.00779705	0.224469	0.00976455	0.00420959	0.0155555	0.0149159	0.0217191	0.582132	0.00593458	0.00635479	0.00874957	0.0063544	0.00798083
14	0.0106509	0.0107738	0.000604622	0.000736057	0.016062	0.00077385	0.00299075	0.300839	0.0142245	0.150373	0.0335198	0.00659189	0.00670883	0.0103281	0.00114732	0.00262643	0.0477141	0.375632	0.00187287	0.00583089
15	0.010057	0.0139777	0.00100311	0.00120464	0.18784	0.00482831	0.00594165	0.110828	0.00173346	0.358792	0.121842	0.00733526	0.0130673	0.00987357	0.00760473	0.020717	0.019446	0.0611693	0.00780527	0.0349332
16	0.133944	0.0235205	0.0131284	0.0376839	0.0225535	0.0392119	0.0222036	0.00254145	0.0391609	0.0142281	0.0177943	0.061555	0.0425315	0.0268033	0.0882553	0.294457	0.0875136	0.0205931	0.000481983	0.0118383
17	0.00752581	0.00575051	0.015943	0.00395455	0.684872	0.0168222	0.00442213	0.00526388	0.00457572	0.048608	0.0294457	0.0177526	0.00268745	0.005171	0.00473767	0.0236648	0.00666097	0.00478564	0.00129656	0.10606
18	0.0265082	0.00469445	0.00663002	0.0122286	0.00195031	0.0315241	0.03763	0.00353132	0.303986	0.0140813	0.0192076	0.0684976	0.0118335	0.095999	0.225631	0.0575673	0.0705888	0.002627	0.000665691	0.00461801
19	0.145224	0.0344335	0.00390055	0.0217052	0.00314008	0.00466417	0.00556407	0.00411033	0.00527368	0.00589355	0.00421271	0.00618831	0.589962	0.0199349	0.00617819	0.105855	0.0231982	0.00523168	0.00158175	0.00374776
20	0.0264191	0.00631681	0.195967	0.347488	0.00288021	0.0228624	0.00679305	0.0184034	0.0072975	0.0202626	0.00375108	0.00825913	0.0033939	0.0359508	0.0202617	0.112351	0.050104	0.0910714	0.00119601	0.0189709
21	0.0177039	0.00559869	0.00842628	0.0149262	0.00214241	0.019571	0.0272417	0.00356319	0.342931	0.0224468	0.0292215	0.0406296	0.00394151	0.0635818	0.304109	0.0438659	0.0401248	0.00279719	0.00123707	0.00594089
22	0.0137379	0.0106507	0.000641145	0.000697859	0.0127622	0.000772473	0.00258579	0.328353	0.0134639	0.119097	0.0267897	0.00612665	0.00940469	0.00952756	0.000918795	0.00302297	0.0436844	0.390178	0.00172528	0.00585943
23	0.0112623	0.0144795	0.00120881	0.00132316	0.189668	0.00486771	0.00674266	0.105466	0.00182212	0.350161	0.122579	0.00744608	0.016047	0.0107859	0.0081583	0.0217122	0.0201483	0.0621035	0.00819428	0.0358238
24	0.139125	0.0194645	0.199532	0.188942	0.00423065	0.0512172	0.0231215	0.00797416	0.0244174	0.0149435	0.00759646	0.0596284	0.0161022	0.0323484	0.0191501	0.098069	0.0397062	0.0389612	0.00464781	0.010823
25	0.22923	0.0562684	0.0031696	0.00553067	0.00853506	0.0429254	0.0108501	0.0886698	0.00464212	0.0272585	0.0119532	0.00368565	0.0398417	0.00504402	0.00816616	0.101071	0.142888	0.207415	0.000707316	0.00214774
26	0.108921	0.0275873	0.00757341	0.00934716	0.0531534	0.0111287	0.0784368	0.00966185	0.013238	0.0684908	0.0520543	0.0136144	0.242698	0.0279326	0.0303866	0.0768021	0.0617167	0.0108396	0.0233524	0.0730652
27	0.062993	0.0187305	0.287545	0.308883	0.00108466	0.0837533	0.0306027	0.00174647	0.0156725	0.0124075	0.00550988	0.0444338	0.0062913	0.0290044	0.0143296	0.0359674	0.0159682	0.00808229	0.000517384	0.0164768
28	0.0067362	0.00113686	0.000688078	0.00125324	0.0205581	0.003846	0.00155595	0.247565	0.0030194	0.518507	0.057671	0.00146591	0.000728744	0.00124985	0.00303458	0.00547209	0.0142631	0.110116	0.000344654	0.000787592
29	0.0496669	0.00514091	0.00170674	0.0116161	0.0185771	0.0170954	0.00649864	0.124941	0.0318587	0.272481	0.10271	0.0116937	0.014401	0.0378474	0.0441523	0.0229639	0.0402182	0.182602	0.00112246	0.00270617
30	0.0134999	0.0111758	0.24728	0.0210422	0.00125245	0.0237833	0.0478669	0.00515673	0.039089	0.00362738	0.00182825	0.487816	0.0145622	0.00437137	0.0138956	0.0231703	0.0236121	0.00336832	0.000654369	0.0129482
31	0.019182	0.0112574	0.22907	0.0228618	0.00120304	0.0315764	0.0482128	0.00682721	0.0386001	0.00550572	0.00207254	0.449307	0.0116674	0.00937717	0.0184656	0.0474043	0.0301368	0.00433996	0.000705539	0.012227
32	0.00747889	0.00575802	0.0160439	0.00397221	0.686467	0.0168122	0.00451968	0.00482998	0.00462607	0.0466889	0.0290197	0.0182499	0.00262982	0.0052872	0.00477214	0.0236317	0.00665041	0.00469636	0.00124171	0.106625
33	0.0114872	0.010428	0.000599549	0.00067086	0.0133166	0.000678992	0.00261009	0.313262	0.0133151	0.133614	0.0276211	0.00613833	0.00828409	0.00967326	0.000876134	0.00250878	0.0451891	0.391706	0.0017915	0.00622984
34	0.0106571	0.00207823	0.000626387	0.00174118	0.0226175	0.00211641	0.00364455	0.181227	0.00607468	0.506605	0.0875537	0.00284078	0.000918226	0.00192666	0.0067803	0.0099018	0.0240655	0.12532	0.00131788	0.00198644
35	0.151762	0.0256259	0.156707	0.0404246	0.0059806	0.0439202	0.0755976	0.00784354	0.0252134	0.0119914	0.0074628	0.0637688	0.00834553	0.026308	0.0216605	0.270894	0.0315068	0.0115465	0.00235156	0.0110893
36	0.00357954	0.013933	0.0016536	0.00213049	0.0502851	0.00220848	0.00509766	0.00556614	0.00255565	0.0247695	0.00152562	0.0026884	0.00143535	0.00269369	0.0286769	0.00470541	0.00330837	0.00585347	0.816476	0.0208577
37	0.0499777	0.0275266	0.00541003	0.00558126	0.00275264	0.464746	0.0048914	0.00355236	0.00777254	0.0110202	0.00775247	0.0635067	0.00973659	0.00592391	0.0118812	0.289492	0.0118071	0.00937597	0.00126624	0.00602659
38	0.047754	0.0137888	0.0513179	0.0240313	0.000777855	0.0731296	0.0544534	0.0185746	0.0481699	0.0200156	0.00163717	0.268429	0.00145525	0.0350919	0.0508363	0.194067	0.0738722	0.0144778	0.000327785	0.00779317
39	0.0207693	0.010862	0.242008	0.0361245	0.0017869	0.0301009	0.0558708	0.00646436	0.0362271	0.00466672	0.00297064	0.446052	0.0121323	0.00967149	0.0161634	0.0281597	0.0220871	0.00433754	0.000991412	0.0125536
40	0.0105787	0.0109875	0.000562019	0.000605509	0.0150932	0.000660049	0.00287143	0.311164	0.0149085	0.133665	0.030436	0.00685171	0.00713227	0.0109384	0.000813627	0.0021713	0.0499967	0.382566	0.00192623	0.00607175
41	0.00457432	0.00123549	0.000565016	0.00105092	0.0145159	0.00202115	0.00133154	0.196488	0.00347795	0.573204	0.0454368	0.00124255	0.000623068	0.00123198	0.00231161	0.00467968	0.0120385	0.133086	0.00021704	0.000668252
42	0.402067	0.0368566	0.00853792	0.0103393	0.00257035	0.115395	0.0141879	0.00829725	0.00525207	0.0189267	0.00458917	0.011389	0.00974719	0.00562905	0.0046724	0.258707	0.0460788	0.0329013	0.000593445	0.0032626
43	0.0121217	0.010171	0.000606694	0.000637966	0.00950377	0.0006871	0.00206928	0.293335	0.00985116	0.142554	0.0241565	0.00483304	0.00809618	0.00735687	0.000835842	0.00277401	0.0344912	0.429635	0.00146462	0.00481861
44	0.278042	0.0563828	0.00981969	0.0124421	0.00366018	0.310206	0.00904133	0.00521812	0.0231329	0.0126799	0.00679559	0.0212811	0.0256612	0.00764673	0.0104627	0.137123	0.0171196	0.0443939	0.00232397	0.00656703
45	0.00853933	0.00362351	0.000855665	0.0016939	0.0227361	0.00263525	0.00259191	0.183627	0.00513594	0.506691	0.0535439	0.00312088	0.00194009	0.00374905	0.00478905	0.00753584	0.0174699	0.165704	0.000960233	0.00305775
46	0.107046	0.0243765	0.0814977	0.0631391	0.0018811	0.300436	0.0266595	0.00374365	0.052622	0.0053949	0.00474074	0.10226	0.00514176	0.0320411	0.0434253	0.0901166	0.0374525	0.00753231	0.00569966	0.00479307
47	0.0307094	0.0222522	0.188763	0.070175	0.00100298	0.0365709	0.0228835	0.00155538	0.0481591	0.00266935	0.0111572	0.110086	0.024784	0.0698148	0.0423227	0.220778	0.067166	0.00689324	0.00104566	0.0212113
48	0.133627	0.116649	0.0453195	0.0590614	0.0151904	0.0164484	0.0197101	0.0314952	0.0604489	0.00528774	0.00589942	0.0418786	0.00298723	0.022045	0.0108731	0.251985	0.116559	0.0396149	0.00130613	0.00361407
49	0.00497131	0.00672105	0.000805512	0.00115872	0.00978246	0.00181733	0.00152513	0.178184	0.00256479	0.416321	0.041874	0.00166732	0.00127485	0.00163009	0.00255384	0.00673723	0.0143636	0.304791	0.000515924	0.000741344
50	0.0244216	0.103679	0.0109816	0.00640142	0.184725	0.0134472	0.0846126	0.0254991	0.0130159	0.049644	0.024696	0.0303767	0.00353181	0.0409264	0.0344808	0.0177839	0.030471	0.0155019	0.0088982	0.276906
51	0.010628	0.0146524	0.0010002	0.00114008	0.171785	0.00439826	0.00638208	0.113349	0.00210323	0.359416	0.125046	0.0073899	0.0122514	0.010224	0.00836752	0.0212554	0.0216356	0.0663097	0.00785387	0.0348135
52	0.00351024	0.0137099	0.00153184	0.00195471	0.0500437	0.00225705	0.00439924	0.00559309	0.00243673	0.0247842	0.00144073	0.00251495	0.0012103	0.00246915	0.0296075	0.00460704	0.00301209	0.00579141	0.818768	0.0203579
53	0.0135816	0.010683	0.256215	0.0228353	0.00135639	0.0232693	0.0497788	0.00532572	0.0383539	0.0035705	0.00205726	0.478008	0.0132452	0.00445127	0.0137986	0.0230355	0.0233694	0.00324791	0.000678923	0.0131393
54	0.0308413	0.00199486	0.00102149	0.00109434	0.00082779	0.00143979	0.00153822	0.476839	0.00201938	0.0302616	0.00183771	0.00187732	0.0157408	0.00150416	0.0013274	0.00321655	0.00343357	0.417568	0.000348326	0.00526815
55	0.0129026	0.0639401	0.00417993	0.00592491	0.00884452	0.0333088	0.00452533	0.00348568	0.00680398	0.00666255	0.00328394	0.00632897	0.00255036	0.00912386	0.00507055	0.251525	0.561374	0.00599603	0.00131594	0.00285281
56	0.280335	0.0704429	0.014239	0.00667346	0.00182462	0.0620188	0.00606777	0.0070364	0.00350459	0.010782	0.00239868	0.00898058	0.00404235	0.00488469	0.00429708	0.436507	0.0534846	0.0188482	0.000770393	0.00286234
57	0.00627742	0.0130605	0.000853745	0.000940577	0.00680136	0.00100788	0.00189378	0.214534	0.00648812	0.217632	0.025065	0.00375339	0.00401203	0.00523772	0.00128727	0.00502025	0.0250363	0.457019	0.00118546	0.00289448
58	0.192317	0.00539342	0.00543198	0.0341791	0.0164076	0.0209274	0.018334	0.00363438	0.111219	0.00551335	0.00562854	0.0989716	0.00596532	0.0527361	0.0425623	0.358876	0.0129157	0.00480325	0.00105575	0.00312805
59	0.00345289	0.0135448	0.00147293	0.00196916	0.0508209	0.00216349	0.00451586	0.00556652	0.00228692	0.024767	0.00142696	0.00266315	0.0011743	0.00238874	0.028765	0.00443158	0.00300847	0.0057436	0.818965	0.0208725
60	0.0923273	0.0153559	0.0517633	0.0756167	0.0162924	0.0103706	0.0442278	0.0258008	0.106315	0.0331613	0.0353034	0.0957546	0.0163498	0.0600296	0.0682951	0.0935987	0.103085	0.0373876	0.0100152	0.00895039
61	0.0116837	0.0105107	0.0005483	0.000590729	0.0142089	0.000687754	0.00272899	0.315955	0.0141423	0.129208	0.0290128	0.0064516	0.00751371	0.010302	0.000810579	0.00219327	0.0483263	0.387059	0.00180019	0.00626588
62	0.04261	0.00685424	0.0330428	0.192884	0.015624	0.00747438	0.0724844	0.00482616	0.0448684	0.0536044	0.038628	0.0100666	0.00344815	0.394949	0.0106542	0.032519	0.0222421	0.00703576	0.0015671	0.00461771
63	0.00462413	0.000871678	0.000548902	0.00104795	0.0162091	0.00223161	0.0012609	0.204629	0.00300222	0.578657	0.0470535	0.00110938	0.000484203	0.00115136	0.00236394	0.00472888	0.0119201	0.117342	0.000185817	0.000576996
64	0.00764656	0.0184577	0.00268889	0.00311909	0.090577	0.00345396	0.0274588	0.0192011	0.00389684	0.0322204	0.00582484	0.0121818	0.00247999	0.00606381	0.0295073	0.0132656	0.0122172	0.020498	0.602923	0.0863181
65	0.0208384	0.0279987	0.216438	0.0397674	0.00255504	0.0232783	0.0700587	0.0273089	0.0296063	0.018152	0.00850399	0.35153	0.00825223	0.0301614	0.0269172	0.0462067	0.0230144	0.0135906	0.00186013	0.0139619
66	0.194924	0.0612991	0.00301568	0.00493048	0.00952756	0.0377073	0.0112505	0.0911353	0.00309578	0.0267234	0.0109944	0.00342702	0.0421834	0.00399298	0.00731605	0.104292	0.156448	0.224806	0.000828601	0.00210221
67	0.392576	0.0120378	0.0234045	0.0130467	0.00131162	0.196186	0.0133811	0.00173125	0.00306896	0.0245273	0.00785586	0.0205057	0.0115417	0.00881233	0.00258548	0.227527	0.0213305	0.0164339	0.000634165	0.0015013
68	0.0873525	0.0137301	0.0168222	0.024185	0.0315775	0.0614724	0.0450516	0.00747611	0.0779549	0.0173117	0.0237224	0.0443187	0.0784577	0.0396288	0.152143	0.179404	0.0706132	0.0169696	0.00169918	0.0101098
69	0.0301472	0.0023004	0.000983679	0.00105782	0.00131057	0.00142412	0.00157332	0.469444	0.00254803	0.0347232	0.00295407	0.00204656	0.0152377	0.00181243	0.00130276	0.00316426	0.00514738	0.41728	0.000388969	0.00515334
70	0.115178	0.073883	0.0060124	0.00856641	0.00465581	0.259489	0.00527506	0.0034532	0.00694956	0.0328288	0.00652402	0.0371867	0.0276482	0.00782463	0.00839995	0.323058	0.0429248	0.0131637	0.000927709	0.0160505
71	0.252905	0.0746242	0.00412852	0.00370269	0.00179706	0.0262882	0.00440979	0.00947253	0.00308046	0.0120069	0.00219899	0.00578392	0.00328843	0.00317477	0.00296559	0.48457	0.0790539	0.0232592	0.00077048	0.00251896
72	0.0281533	0.00403933	0.00104582	0.00464942	0.0392923	0.00492757	0.00859114	0.142453	0.014526	0.39759	0.112256	0.00633911	0.00501784	0.0105725	0.017321	0.0170221	0.0323516	0.145461	0.00225062	0.0061401
73	0.247478	0.026825	0.113579	0.0278199	0.00160934	0.0532522	0.021611	0.00203824	0.00465707	0.00312464	0.00189386	0.0269211	0.00153524	0.00965199	0.0108811	0.410816	0.0252773	0.00376645	0.000874709	0.00638768
74	0.0357812	0.0124471	0.066886	0.0261311	0.00283521	0.0605862	0.0724598	0.0138298	0.0819013	0.0201148	0.00529207	0.262756	0.00520679	0.0388687	0.0760893	0.139296	0.0578017	0.0117951	0.000992485	0.00892944
75	0.0168284	0.0129356	0.200701	0.13007	0.000857534	0.0283743	0.043362	0.00454551	0.0479241	0.0060966	0.00577039	0.228762	0.00777593	0.0755675	0.0775996	0.0921866	0.00776732	0.00205043	0.00768745	0.00313762
76	0.0224024	0.0105337	0.00251953	0.0142361	0.0513457	0.00839261	0.369807	0.0024108	0.0171968	0.00415854	0.00224957	0.136213	0.016709	0.0443181	0.0417969	0.133919	0.043112	0.0103164	0.00204784	0.066315
77	0.00994813	0.0111569	0.000546506	0.000586007	0.01338	0.000669966	0.00264672	0.297688	0.0131732	0.144874	0.028875	0.00663464	0.00675995	0.010322	0.000840005	0.00250258	0.0457809	0.395907	0.00221181	0.00549713
78	0.00660477	0.00765319	0.000822924	0.0011589	0.00957202	0.00121939	0.00178795	0.208163	0.00605981	0.372373	0.0302349	0.0029718	0.00312311	0.00388791	0.00183414	0.00470492	0.0191584	0.315527	0.000748882	0.00239422
79	0.20631	0.0677239	0.00522136	0.00640437	0.00315252	0.0193482	0.00531698	0.0104627	0.00457614	0.0187625	0.00364297	0.0101187	0.0049826	0.00512553	0.0057803	0.466763	0.117832	0.0339384	0.000962083	0.00357613
80	0.16945	0.0319798	0.0378859	0.033348	0.00494384	0.345434	0.0147835	0.0100802	0.0269589	0.0126386	0.0094731	0.0485012	0.0122523	0.0166547	0.0526274	0.110551	0.0305185	0.0189889	0.00623035	0.00669893
81	0.130786	0.0839592	0.0868876	0.0186655	0.00296758	0.115006	0.00989238	0.00444879	0.0202001	0.00605622	0.00402626	0.0232811	0.00365961	0.0232564	0.0397221	0.397929	0.0153232	0.00508551	0.00212149	0.00672575
82	0.024814	0.00994286	0.0325266	0.0330773	0.023806	0.0632065	0.0874296	0.023948	0.19111	0.0557183	0.0359125	0.0313216	0.00980504	0.042095	0.211233	0.0773675	0.0253602	0.0108841	0.00256148	0.00788085
83	0.0576924	0.0294161	0.212414	0.0519245	0.00203266	0.0296035	0.0192859	0.00377273	0.042486	0.00471721	0.00929422	0.0980968	0.0175817	0.0581343	0.0313514	0.238486	0.0681399	0.008047	0.000906194	0.016617
84	0.0938461	0.0343673	0.0545596	0.0350611	0.00153367	0.314527	0.02884	0.00577979	0.0511516	0.00732368	0.00435539	0.124704	0.00243552	0.0216015	0.0475406	0.106915	0.0491352	0.00744909	0.00419168	0.00468228
85	0.0610186	0.00998573	0.0203595	0.0307564	0.0203571	0.0133652	0.040309	0.0147309	0.11523	0.0637324	0.0544746	0.113264	0.0114385	0.0716187	0.0846209	0.116067	0.111892	0.0255389	0.00397717	0.0172628
86	0.0301549	0.00297856	0.000957367	0.00104867	0.00205526	0.00135298	0.00158525	0.460115	0.00311754	0.0420156	0.00444169	0.00229086	0.0145477	0.00227252	0.00135739	0.00311455	0.00741904	0.413575	0.000467475	0.00513295
87	0.0339367	0.0075927	0.00164502	0.00428484	0.1323	0.00432587	0.0207224	0.149142	0.00734869	0.237427	0.0883139	0.00631273	0.00920983	0.0244387	0.0256657	0.0232835	0.0315434	0.153028	0.00660375	0.0328761
88	0.0180233	0.0710086	0.0706712	0.0196068	0.00537221	0.0119607	0.130139	0.0589772	0.014752	0.0556649	0.0289116	0.316057	0.0044131	0.0650155	0.0116037	0.0235699	0.0145936	0.0443183	0.00246552	0.0328756
89	0.0161144	0.0137871	0.00739405	0.00904377	0.113559	0.0102533	0.192211	0.00963816	0.00998787	0.0446085	0.0065726	0.0984831	0.00618521	0.015491	0.0159391	0.0650239	0.0452524	0.0123895	0.167184	0.140882
90	0.0830663	0.0243853	0.224729	0.0892532	0.00442387	0.0449287	0.0321744	0.00686579	0.0291069	0.0115898	0.00734717	0.109479	0.0110561	0.0359197	0.0320896	0.190755	0.0353877	0.0116606	0.00263021	0.013153
91	0.0131411	0.0102051	0.000564878	0.00123488	0.0191601	0.00110652	0.00351609	0.293001	0.0155457	0.151337	0.0381348	0.00673855	0.00694297	0.0113048	0.00298508	0.00339926	0.0484238	0.365252	0.00194393	0.00606154
92	0.0217573	0.0425521	0.00615771	0.00812741	0.00317274	0.0155893	0.00990618	0.00828955	0.208731	0.0125657	0.00768154	0.021854	0.0158951	0.0292435	0.53133	0.0188678	0.0140045	0.0095065	0.006399	0.00836886
93	0.130098	0.0336576	0.0135856	0.0138544	0.0132374	0.00388916	0.00372136	0.308442	0.0348174	0.00844132	0.0585138	0.0152431	0.00729987	0.0406928	0.00756807	0.0825756	0.0419335	0.179074	0.000958363	0.00239683
94	0.137745	0.00874261	0.0258018	0.00862786	0.0276744	0.0968135	0.0368729	0.00569782	0.078677	0.00916305	0.0274316	0.012954	0.143811	0.063941	0.183907	0.0794707	0.0204161	0.025471	0.00179849	0.0049834
95	0.0171128	0.0119246	0.208716	0.136165	0.000937406	0.025945	0.0449093	0.00508754	0.0448704	0.00572086	0.005234	0.236079	0.00667598	0.0747374	0.0803217	0.0805122	0.00402852	0.00189346	0.00752536	0.00160461
96	0.0306401	0.00207967	0.00101399	0.00108854	0.000962469	0.00143596	0.0015548	0.475521	0.00216368	0.0309296	0.00208553	0.00193003	0.0157301	0.00156452	0.00131884	0.00321869	0.00383573	0.417289	0.000369678	0.00526719
97	0.0678447	0.238952	0.0289529	0.0284453	0.0173198	0.0535716	0.0415336	0.0258879	0.0393841	0.0388842	0.0233006	0.0500882	0.0168652	0.0354072	0.0417625	0.120286	0.0709408	0.033034	0.00509175	0.0224477
98	0.0613131	0.0240718	0.0348393	0.0239031	0.00495693	0.284612	0.0223047	0.00755548	0.0298696	0.0116143	0.00826037	0.123667	0.0091461	0.021208	0.0487533	0.224687	0.0397005	0.00938417	0.00205749	0.00809609
99	0.00835928	0.00769587	0.000960809	0.00141793	0.0124601	0.0018537	0.00233716	0.201377	0.00628787	0.365091	0.0379983	0.003222	0.00315183	0.00464577	0.00308731	0.00601442	0.0219866	0.30869	0.00086796	0.00249501
100	0.0762982	0.0225595	0.0232916	0.0757933	0.00448238	0.00669282	0.0134672	0.0299141	0.154818	0.0104191	0.0129085	0.0172981	0.00457988	0.075812	0.189687	0.114954	0.118697	0.0420124	0.0020377	0.00427748
101	0.00399542	0.0133359	0.00155856	0.0019564	0.0511501	0.00261106	0.00616375	0.00551023	0.00235996	0.025103	0.00161269	0.00306479	0.00143916	0.00243453	0.0285177	0.00523287	0.00349671	0.0057443	0.812887	0.0218257
102	0.243598	0.0269643	0.0900194	0.025723	0.00310198	0.0568897	0.017221	0.00354841	0.0076261	0.00593986	0.00328772	0.0384365	0.0042689	0.0119403	0.014459	0.394729	0.037241	0.00815559	0.000884588	0.00596478
103	0.037915	0.0443127	0.0608876	0.0660738	0.00413956	0.0944982	0.0246107	0.0226872	0.0244843	0.0797961	0.00549135	0.043481	0.240951	0.0102663	0.043531	0.0801838	0.066037	0.0248954	0.00216843	0.0235897
104	0.0141163	0.0116625	0.00159958	0.00378699	0.129791	0.00443071	0.00927574	0.132631	0.00484473	0.367578	0.101009	0.00716578	0.00975593	0.0189269	0.0113865	0.0203839	0.0237244	0.0940368	0.00616652	0.0277274
105	0.304084	0.0382239	0.0183929	0.0177122	0.00513477	0.0623164	0.0127112	0.0148101	0.0168398	0.0137279	0.00802774	0.0213238	0.0102376	0.0164017	0.0157303	0.254006	0.122428	0.0413394	0.00151914	0.00503308
106	0.121755	0.0408576	0.0108013	0.0157581	0.00893698	0.0193435	0.0103329	0.0241215	0.0165577	0.0162451	0.0112848	0.0192129	0.00877389	0.0169924	0.0187877	0.299082	0.256266	0.0774641	0.00129751	0.00612931
107	0.0725259	0.0279887	0.128475	0.185055	0.00468526	0.253243	0.0242162	0.00729396	0.0248596	0.0159083	0.00752995	0.0534392	0.0119157	0.0280296	0.0285207	0.064882	0.0291147	0.0131927	0.00524035	0.0138838
108	0.376739	0.0220986	0.00687308	0.00759923	0.000996495	0.206881	0.00696408	0.00154685	0.00242826	0.00894715	0.00329336	0.0149419	0.00614028	0.00367845	0.00222443	0.296755	0.014223	0.0157344	0.000583652	0.00135262
109	0.029575	0.0164978	0.147129	0.0717626	0.00208226	0.0571236	0.0641625	0.00752296	0.0762143	0.0182915	0.00637971	0.240229	0.00760129	0.0730753	0.0515182	0.0825297	0.0226482	0.0117653	0.00398208	0.00990864
110	0.0555824	0.0176859	0.295387	0.295245	0.00211651	0.0684625	0.026269	0.00367171	0.0168742	0.0120751	0.00620684	0.047314	0.00667067	0.0268108	0.0153608	0.0469298	0.0213743	0.0149302	0.000754873	0.0202784
111	0.0230303	0.0132472	0.156965	0.067743	0.00118376	0.0332476	0.0533613	0.00723721	0.0559607	0.00957484	0.00454083	0.30514	0.00804337	0.0463529	0.0563916	0.112051	0.0279571	0.0054761	0.00367481	0.00882216
112	0.0322462	0.00331074	0.00102307	0.00576929	0.0416659	0.00550436	0.00931967	0.141746	0.0187172	0.362256	0.108022	0.00761426	0.00546998	0.0130343	0.0218251	0.0160968	0.0369715	0.162348	0.00202737	0.00503332
113	0.00642877	0.0137536	0.000897524	0.000941721	0.00641286	0.000974658	0.00189989	0.216962	0.00673254	0.202913	0.0241471	0.00390301	0.00424304	0.00555782	0.00117974	0.00503378	0.0256987	0.468051	0.00123746	0.00303148
114	0.0275555	0.0835713	0.0132649	0.00334955	0.157151	0.0142366	0.108991	0.0099538	0.0149886	0.06678	0.0348196	0.0414496	0.00245603	0.0569151	0.0465933	0.00970282	0.0379604	0.0143319	0.00170545	0.254223
115	0.0292688	0.00242202	0.00097381	0.00105627	0.00120457	0.00138541	0.00153654	0.467759	0.00230209	0.037694	0.00309407	0.00196906	0.0147475	0.0017501	0.00129059	0.0031598	0.00507916	0.417904	0.00039228	0.00501178
116	0.00860664	0.013891	0.00331056	0.00440875	0.11391	0.0045856	0.0704608	0.0108588	0.00509444	0.03686	0.00371413	0.0279697	0.00263595	0.0054807	0.0210746	0.0293725	0.0255638	0.0106095	0.492545	0.109047
117	0.029452	0.0193559	0.19685	0.0844638	0.00117798	0.0316658	0.0264823	0.00170357	0.0445783	0.00283773	0.00999839	0.107555	0.0251869	0.0724736	0.0437308	0.222673	0.0543693	0.00624095	0.00148299	0.0177205
118	0.11642	0.0289758	0.00582742	0.00702517	0.0629427	0.00770772	0.0800744	0.00611182	0.00810012	0.0647531	0.044048	0.00909018	0.26116	0.0299532	0.0299456	0.0804185	0.0492323	0.008157	0.0278531	0.0722029
119	0.0331043	0.00236408	0.000907087	0.00711753	0.0483502	0.00556845	0.00919565	0.150675	0.0153092	0.351911	0.0877842	0.00606943	0.00562246	0.0164157	0.0263922	0.0144471	0.0334274	0.176002	0.00176354	0.00757376
120	0.0274683	0.0769725	0.014186	0.00339073	0.157056	0.0151805	0.127228	0.00942596	0.0133416	0.0713552	0.0360674	0.0355526	0.00243702	0.0575037	0.0457177	0.00949295	0.0388318	0.0153555	0.00179702	0.24164
121	0.0750705	0.0795267	0.0151412	0.070732	0.00535868	0.00746072	0.0234931	0.0428838	0.123253	0.00665233	0.0185683	0.0141238	0.00397851	0.0509572	0.0959908	0.176401	0.108819	0.076041	0.00184237	0.00370578
122	0.0100873	0.014575	0.00103373	0.00115228	0.194325	0.00482452	0.0060874	0.105481	0.00154089	0.35348	0.123884	0.00742341	0.0132276	0.0102091	0.00773336	0.021319	0.0195617	0.0594577	0.00822961	0.0363668
123	0.0303022	0.0236826	0.184069	0.0700235	0.00103271	0.0362776	0.0206807	0.00176235	0.048576	0.00279447	0.0118515	0.105427	0.0225911	0.0682184	0.0420063	0.219632	0.0783641	0.00809001	0.000995982	0.0236228
124	0.062993	0.0187305	0.287545	0.308883	0.00108466	0.0837533	0.0306027	0.00174647	0.0156725	0.0124075	0.00550988	0.0444338	0.0062913	0.0290044	0.0143296	0.0359674	0.0159682	0.00808229	0.000517384	0.0164768
125	0.0288378	0.029451	0.045116	0.03071	0.023539	0.023597	0.198848	0.0196984	0.0592253	0.0715878	0.0184702	0.161176	0.00934571	0.0634426	0.0361629	0.0651227	0.0322541	0.0240082	0.0186688	0.0407379
126	0.019895	0.0330903	0.00442994	0.00976168	0.00384843	0.0088641	0.032514	0.0292546	0.0892718	0.118655	0.0689248	0.0251025	0.00570984	0.132122	0.120335	0.0615462	0.208042	0.0231356	0.00113576	0.00436114
127	0.353226	0.0315678	0.00983954	0.00705896	0.000988248	0.150573	0.00682737	0.00300209	0.00208682	0.00843259	0.00258265	0.0126249	0.00415878	0.0035343	0.00225534	0.353604	0.0269537	0.0186345	0.000491621	0.00155782
128	0.240712	0.0403707	0.00986946	0.0182018	0.00605124	0.0354413	0.00961496	0.0257516	0.0186933	0.0170192	0.0101361	0.0185621	0.00966076	0.0178256	0.0173964	0.246923	0.169788	0.0825644	0.00102571	0.00439242
129	0.0267454	0.00389739	0.000970617	0.00101416	0.00327076	0.00134038	0.00178829	0.443268	0.00426529	0.0555286	0.00723836	0.0025308	0.0139311	0.00303288	0.00118685	0.00333204	0.0110862	0.409704	0.000626013	0.00524353
130	0.0166293	0.047252	0.00257145	0.0031325	0.00166533	0.00993687	0.00471208	0.00775109	0.245775	0.0106454	0.00485701	0.0164735	0.0135681	0.0240262	0.551819	0.00857907	0.00730796	0.00913835	0.00601121	0.00814905
131	0.405832	0.0216731	0.0125713	0.0118722	0.00159222	0.17874	0.0100841	0.00201319	0.00479468	0.0109976	0.00405016	0.0161348	0.0102023	0.00577345	0.00465785	0.261882	0.0177086	0.0165853	0.000759522	0.00207613
132	0.00492684	0.000960461	0.000604083	0.00110621	0.0164286	0.00251961	0.00127902	0.213486	0.00308783	0.564005	0.048838	0.00119518	0.00052291	0.00117764	0.00243642	0.00479328	0.0123871	0.119474	0.000203692	0.000567939
133	0.241726	0.0268752	0.115252	0.0279784	0.00152111	0.0557094	0.0199647	0.00188953	0.00461096	0.00303578	0.00193928	0.0278699	0.0014814	0.0101556	0.0117801	0.414098	0.022957	0.00354115	0.000888614	0.00672655
134	0.00340913	0.0135372	0.00146787	0.00192846	0.0502468	0.00212633	0.00428481	0.00557032	0.0022747	0.0247171	0.00143588	0.00245434	0.00116735	0.00235743	0.0288849	0.00435121	0.00293554	0.00574181	0.820631	0.0204776
135	0.060462	0.100257	0.0382574	0.0198661	0.0090897	0.0388235	0.0197797	0.0106313	0.02404	0.0251839	0.00992861	0.162807	0.00911906	0.0278035	0.0222401	0.343036	0.0510295	0.0117673	0.00274441	0.0131343
136	0.120671	0.0319137	0.00701921	0.0204346	0.00883348	0.0103801	0.0145831	0.0123294	0.00969987	0.0146601	0.00941626	0.0117378	0.542488	0.0196334	0.0139081	0.0946507	0.0286175	0.0146325	0.00344167	0.0109488
137	0.0154117	0.0114944	0.00644488	0.00662727	0.136797	0.00805199	0.148156	0.00925813	0.00817512	0.0588167	0.00689504	0.0569165	0.00645826	0.00974753	0.0126351	0.0673914	0.0581092	0.0112561	0.210101	0.151257
138	0.0244124	0.0135975	0.0735345	0.067256	0.00200484	0.0406569	0.153479	0.00248548	0.162393	0.0588297	0.00786173	0.0959118	0.00159472	0.151851	0.0533703	0.0451569	0.00525476	0.0198134	0.000686323	0.01985
139	0.131948	0.0127105	0.0139291	0.0354167	0.0230768	0.0407394	0.020565	0.00164525	0.0419223	0.0115893	0.0198448	0.0614853	0.0542943	0.0240378	0.105425	0.30056	0.07532	0.0154728	0.000372873	0.00964479
140	0.0464264	0.012717	0.0496654	0.0228257	0.000856316	0.0726396	0.0571685	0.0182939	0.0466376	0.0203649	0.00148143	0.28223	0.00115922	0.0318308	0.0492363	0.192898	0.0711109	0.0148748	0.000343687	0.00723866
141	0.0124181	0.00203243	0.000716768	0.00242116	0.0207373	0.00280853	0.00369353	0.179944	0.0075667	0.4983	0.0836804	0.00301397	0.00128959	0.00329797	0.0089409	0.0105788	0.0280432	0.127623	0.00126967	0.00162459
142	0.00748287	0.00288075	0.00132165	0.00164019	0.0238445	0.00293037	0.0026652	0.181966	0.00510674	0.524553	0.0529806	0.00237462	0.00183405	0.00376013	0.00455006	0.00696385	0.0159703	0.153037	0.000976386	0.00316242
143	0.305105	0.0675077	0.040833	0.0706186	0.00829373	0.0671145	0.0197188	0.0188984	0.0225955	0.0214547	0.011825	0.0322252	0.0227894	0.0217652	0.0209399	0.145336	0.0572247	0.0296437	0.00503783	0.0110737
144	0.00946522	0.0334226	0.00333174	0.0043379	0.0122904	0.0168876	0.00371109	0.00298918	0.00486524	0.00561356	0.00278596	0.00577118	0.00205035	0.00616153	0.00455021	0.3632	0.509162	0.00586768	0.000986744	0.00254902
145	0.104322	0.031508	0.018059	0.0161669	0.0028224	0.439688	0.00757661	0.00483215	0.0119979	0.0113764	0.00734383	0.0506457	0.00947544	0.00857136	0.0173844	0.22111	0.0162435	0.0119701	0.00279119	0.00611526
146	0.332328	0.0227494	0.0128829	0.010666	0.00158775	0.250201	0.00822726	0.00201296	0.00512107	0.0111346	0.00393671	0.0227407	0.00826569	0.00552149	0.00605358	0.261996	0.0160828	0.0152336	0.000734206	0.00252445
147	0.119518	0.0300902	0.0186153	0.0146139	0.00294249	0.400734	0.00922968	0.00502471	0.0128556	0.0114433	0.00752449	0.0526418	0.00916429	0.00943568	0.0165409	0.238581	0.0202696	0.0122446	0.00239506	0.00613475
148	0.191064	0.044898	0.00970277	0.0243334	0.00375494	0.0196762	0.00600397	0.0450231	0.0235024	0.00887571	0.00588997	0.00801712	0.00630316	0.0219032	0.0326912	0.129898	0.302665	0.113014	0.000689061	0.00209545
149	0.0524317	0.0145056	0.0472057	0.0245229	0.00197844	0.0713705	0.0521266	0.0191408	0.0470285	0.0217377	0.00226742	0.25914	0.00233742	0.0339959	0.050437	0.200045	0.0744832	0.016192	0.000325052	0.00872905
150	0.0269144	0.0178863	0.281929	0.0779419	0.00212556	0.0301202	0.0409825	0.0069718	0.0339166	0.00880241	0.00537299	0.31026	0.00950684	0.0241922	0.0287454	0.0514655	0.0225555	0.00717156	0.00270781	0.0104324
151	0.0365086	0.0256852	0.030509	0.0254398	0.00742231	0.112315	0.12167	0.00679006	0.14602	0.0419669	0.0102671	0.039592	0.00959385	0.119428	0.160045	0.0672362	0.0154593	0.0135429	0.00160065	0.00890872
152	0.0296893	0.301913	0.00515293	0.00631222	0.00395238	0.00665772	0.105885	0.00582383	0.0830664	0.00700426	0.0303587	0.0276007	0.00407845	0.0815967	0.0471487	0.0543131	0.186874	0.00682136	0.00134312	0.00440748
153	0.00616865	0.00444816	0.000662165	0.00113173	0.0141462	0.00188154	0.00171578	0.210906	0.00454389	0.454757	0.0430981	0.00212944	0.00176749	0.00247375	0.00249964	0.00533888	0.0171943	0.223095	0.000592692	0.0014506
154	0.0170925	0.0541191	0.00224364	0.00235018	0.00150484	0.00910817	0.00290742	0.00797802	0.245242	0.00975829	0.00302588	0.0151416	0.0140464	0.0229308	0.555985	0.00635694	0.00506221	0.0102061	0.00642871	0.00851214
155	0.00724335	0.00159373	0.000637229	0.00116382	0.0281258	0.00343115	0.00205067	0.241608	0.00355817	0.50535	0.057359	0.00196444	0.00119756	0.00166967	0.00343651	0.00583699	0.0159911	0.115602	0.000555387	0.00162551
156	0.00342666	0.0135436	0.00146554	0.00193034	0.0508425	0.00213908	0.004405	0.00573691	0.00228897	0.0253867	0.00157327	0.00247992	0.00118656	0.00237123	0.0287432	0.00444895	0.00298062	0.00574427	0.818725	0.0205815
157	0.017627	0.013985	0.247649	0.0357931	0.00167452	0.0247032	0.0464513	0.00618692	0.0379566	0.00591372	0.00325543	0.436182	0.011639	0.0132919	0.0205785	0.0355929	0.0237102	0.00447051	0.00149004	0.0118491
158	0.187062	0.0583485	0.00314208	0.00489139	0.00796101	0.0338671	0.00909173	0.116847	0.00515029	0.0288962	0.0142122	0.00347269	0.0324366	0.00473665	0.00822992	0.105502	0.157892	0.215683	0.000724427	0.00185271
159	0.0590835	0.023336	0.039376	0.0252067	0.00297114	0.0498172	0.0585751	0.034307	0.0492449	0.0189457	0.00622903	0.225926	0.00214711	0.0603995	0.0488063	0.176305	0.0864339	0.0208117	0.00110725	0.0109701
160	0.0381918	0.0131578	0.04446	0.0184902	0.00133733	0.060484	0.0440836	0.0277489	0.0497498	0.0222051	0.00466196	0.263298	0.00135398	0.0274017	0.0486773	0.225515	0.0887186	0.0130776	0.000592364	0.00679515
161	0.0662091	0.0609229	0.0225103	0.0207651	0.00733954	0.329632	0.0163719	0.00758667	0.0233028	0.0167333	0.031326	0.0818568	0.0126556	0.0172621	0.0244467	0.197951	0.0320782	0.0166281	0.00235461	0.012067
162	0.192458	0.00615316	0.00906706	0.0359819	0.00827444	0.00382924	0.0203571	0.0253296	0.0336628	0.0339687	0.0296763	0.0470263	0.00170337	0.0452672	0.0156351	0.130375	0.222284	0.136632	0.00069806	0.00162047
163	0.0128645	0.0766347	0.00183176	0.0020979	0.133099	0.00474498	0.012354	0.0983206	0.00366985	0.314424	0.11837	0.00738983	0.0102231	0.0168833	0.0104749	0.0313094	0.0264276	0.0754169	0.00712355	0.0363398
164	0.0109807	0.0109074	0.000576703	0.000686827	0.0153847	0.000742263	0.00291985	0.307921	0.0147615	0.141996	0.0321745	0.00675569	0.0072486	0.0106703	0.0011244	0.00239023	0.0491179	0.375674	0.00199634	0.00597127
165	0.0197639	0.0252393	0.0425995	0.0329192	0.00367413	0.0218886	0.0799879	0.00713961	0.145284	0.0307619	0.0058653	0.254121	0.00392462	0.0707365	0.0248243	0.176457	0.0219626	0.0101719	0.0012424	0.0214377
166	0.167889	0.0521443	0.0104178	0.0608212	0.0241414	0.0184087	0.0110836	0.00765549	0.0164674	0.0151543	0.0220506	0.0418096	0.0146807	0.0152302	0.0388336	0.249469	0.191879	0.019412	0.00139292	0.0210586
167	0.0105787	0.0109875	0.000562019	0.000605509	0.0150932	0.000660049	0.00287143	0.311164	0.0149085	0.133665	0.030436	0.00685171	0.00713227	0.0109384	0.000813627	0.0021713	0.0499967	0.382566	0.00192623	0.00607175
168	0.0279716	0.0206906	0.267444	0.107249	0.00133503	0.0186821	0.0340111	0.00759631	0.0337697	0.00662975	0.00423923	0.301045	0.00567489	0.0474674	0.0555428	0.0380623	0.00883897	0.00411674	0.0047246	0.00490858
169	0.212799	0.0419392	0.00910749	0.0174429	0.00318332	0.0158891	0.00442697	0.0362189	0.0164374	0.00771768	0.00502526	0.00603365	0.00654828	0.0160086	0.0222975	0.126716	0.334272	0.115196	0.000629544	0.00211117
170	0.042478	0.0202304	0.0837007	0.059798	0.00207824	0.0815998	0.140448	0.00325736	0.144718	0.0465212	0.0121123	0.0978804	0.0018328	0.116761	0.0428638	0.0443268	0.00818216	0.0302689	0.00115156	0.0197906
171	0.351893	0.0210251	0.0452646	0.0196791	0.00122016	0.122903	0.0129059	0.0016403	0.00331817	0.00794446	0.00287451	0.0190506	0.0048421	0.00603166	0.00572105	0.339209	0.0194787	0.0111776	0.000509362	0.00331091
172	0.0404384	0.0101609	0.0279821	0.197299	0.0297019	0.0114525	0.0695094	0.00796875	0.0347633	0.0606707	0.0311243	0.0136581	0.00707873	0.338493	0.0141101	0.0382436	0.0446309	0.0116861	0.00389398	0.00713439
173	0.0294514	0.00338845	0.00108507	0.00105695	0.00210141	0.00144811	0.00154916	0.454891	0.00356608	0.0402009	0.00486576	0.00238419	0.0155096	0.00255733	0.00135389	0.00419432	0.00791506	0.41675	0.000530399	0.00520101
174	0.0520106	0.124076	0.0124393	0.0181477	0.0115803	0.0238945	0.0133157	0.00921604	0.0145021	0.070527	0.0109058	0.0695607	0.0125519	0.0192296	0.0170337	0.316215	0.171613	0.0146729	0.00187677	0.0166316
175	0.391298	0.0177081	0.00632347	0.00763161	0.000804428	0.200952	0.00743994	0.0012651	0.00220927	0.0095722	0.00334058	0.0153623	0.00604641	0.00378688	0.00190473	0.293993	0.0132721	0.0156164	0.000435655	0.00103757
176	0.00471693	0.000888201	0.000564681	0.00102495	0.0164678	0.00234656	0.00127892	0.208533	0.00296228	0.574491	0.0474768	0.00110259	0.000512626	0.00116038	0.00240297	0.00472277	0.0120366	0.116547	0.000180136	0.000584275
177	0.0551398	0.00477517	0.00220308	0.0172574	0.0195298	0.0141275	0.00734416	0.121122	0.0315104	0.267886	0.088948	0.00999392	0.011357	0.0531604	0.0335966	0.0206987	0.0424189	0.194897	0.00100056	0.00303284
178	0.00340559	0.0135336	0.00147276	0.00193144	0.0504055	0.00212747	0.00431913	0.00560492	0.00227204	0.0246989	0.00146189	0.00252379	0.00116685	0.00236394	0.0289007	0.00436216	0.00295107	0.00575483	0.820154	0.0205897
179	0.0759067	0.0321113	0.0579824	0.0125738	0.0028379	0.0296375	0.0233438	0.0124554	0.0241671	0.0283424	0.0043563	0.257743	0.00280369	0.0465304	0.0223008	0.297142	0.0529113	0.00990729	0.00126866	0.00567879
180	0.0377924	0.0195053	0.00455831	0.00618321	0.00408586	0.00941017	0.0373918	0.0172992	0.199251	0.00910169	0.0365813	0.0679973	0.0891022	0.0589263	0.161949	0.0788494	0.150668	0.00673864	0.00163759	0.00297115
181	0.0198949	0.00800221	0.0034687	0.0212683	0.0447825	0.0068051	0.342222	0.00321616	0.0262693	0.00541374	0.00278935	0.146778	0.0128214	0.0397568	0.049446	0.131554	0.0593154	0.014314	0.00194811	0.0599353
182	0.0351117	0.0219685	0.0977346	0.062435	0.00197876	0.0491994	0.16448	0.00425947	0.125672	0.049234	0.00986275	0.0934767	0.00217841	0.124019	0.0369439	0.0426817	0.00589432	0.0352981	0.00102329	0.0365486
183	0.0199889	0.00308909	0.00917233	0.0155543	0.00186274	0.0241898	0.0308568	0.00262799	0.352358	0.0193949	0.0225897	0.0548077	0.00261464	0.0807866	0.254949	0.0537773	0.0421938	0.00228633	0.00062555	0.00627432
184	0.0416652	0.0127189	0.151454	0.214802	0.00781607	0.0326983	0.0488712	0.00694631	0.0377833	0.0273993	0.016403	0.0721483	0.00805313	0.179656	0.0307749	0.0560835	0.0251068	0.0166481	0.00319189	0.00977961
185	0.00597582	0.00108547	0.000678715	0.00117416	0.0195866	0.00359773	0.00138502	0.245577	0.00274754	0.530055	0.0540165	0.00127519	0.000721849	0.00125104	0.00263776	0.00513267	0.0130274	0.109056	0.000293105	0.000726083
186	0.00651741	0.0135136	0.000864933	0.00089666	0.00666429	0.000944881	0.0019181	0.220548	0.00697535	0.200715	0.0243538	0.00399515	0.00435483	0.00568277	0.00113658	0.00481353	0.026446	0.465241	0.00127038	0.00314742
187	0.172396	0.054779	0.00737095	0.0148673	0.00524245	0.015947	0.00566468	0.0183879	0.0137179	0.00978625	0.0053186	0.00946987	0.00425612	0.0121007	0.0143417	0.261169	0.314883	0.0548628	0.00131299	0.00412529
188	0.382686	0.0219357	0.00640537	0.00740129	0.000848818	0.19068	0.00675474	0.00175094	0.00219189	0.00895938	0.00291775	0.0141118	0.00539577	0.00366418	0.00199239	0.308848	0.0161934	0.0157561	0.000409802	0.0010969
189	0.0237019	0.0133593	0.075631	0.0682241	0.00200671	0.041143	0.155609	0.00246456	0.165671	0.0597654	0.00750781	0.098834	0.00159933	0.141101	0.0547586	0.0439341	0.0049864	0.0195923	0.000925783	0.0191851
190	0.0133839	0.015842	0.203182	0.0260223	0.00133958	0.0229408	0.0480452	0.00493732	0.0504743	0.00557228	0.00289393	0.458225	0.0160015	0.0148166	0.0221325	0.0490067	0.02416	0.00392515	0.000838017	0.0162605
191	0.0199563	0.0133256	0.190909	0.133904	0.00106075	0.0276984	0.0479728	0.00396261	0.0505095	0.00678184	0.00653778	0.198916	0.0129269	0.080099	0.0697723	0.106824	0.0134814	0.00380054	0.00624663	0.0053146
192	0.00545071	0.00220413	0.000538753	0.00106437	0.014782	0.00202477	0.00156186	0.205429	0.00444383	0.528267	0.0451032	0.00176368	0.00124133	0.00216239	0.00238685	0.00470276	0.0151503	0.160116	0.000413424	0.00119335
