355	20
1	0.0895427	0.00380771	0.0186868	0.172418	0.0409467	0.00989551	0.0373825	0.0528271	0.0420634	0.104472	0.0355355	0.00732759	0.00140682	0.076845	0.0366256	0.0367627	0.0518285	0.0898186	0.026943	0.0648639
2	0.00336179	0.00326523	0.000419243	0.000430792	0.0590492	0.000548136	0.00140154	0.416326	0.000446236	0.188433	0.0373506	0.000402077	0.000536398	0.00151112	0.00090998	0.00226236	0.017598	0.247144	0.00134593	0.0172572
3	0.00961982	0.00584399	0.000525878	0.000793331	0.334743	0.00151109	0.00665448	0.010382	0.000671418	0.0904649	0.00609734	0.00134565	0.000387853	0.000713442	0.00178262	0.00263222	0.00216353	0.0355033	0.0238206	0.464344
4	0.0584294	0.00531386	0.460457	0.0943338	0.00463832	0.0157942	0.0321484	0.00604808	0.0138734	0.0146655	0.00558068	0.164032	0.0146805	0.0178639	0.0095664	0.04098	0.0217251	0.0132121	0.00170222	0.00495503
5	0.0543389	0.0165269	0.0154494	0.00657866	0.00475238	0.00869974	0.00478784	0.00428533	0.00478733	0.00785978	0.025924	0.0164852	0.00992188	0.00556467	0.0123921	0.331949	0.456671	0.00762389	0.00393441	0.0014675
6	0.151452	0.0439604	0.00804883	0.0113349	0.0111376	0.015151	0.00861985	0.110739	0.00958915	0.0327547	0.0163976	0.0190923	0.0153691	0.0104376	0.0148439	0.0551868	0.32929	0.127976	0.0038242	0.00479544
7	0.020232	0.0251741	0.00195447	0.00458727	0.0155496	0.00305653	0.00410552	0.103169	0.00551801	0.648988	0.0450213	0.00558621	0.00194535	0.00792243	0.00964961	0.00597099	0.0135012	0.0746725	0.00119877	0.0021972
8	0.0318081	0.063129	0.00524248	0.00612084	0.0029797	0.00662041	0.028732	0.00898996	0.0379928	0.00973182	0.0066133	0.00577067	0.00541839	0.00916901	0.730377	0.0123541	0.0132558	0.0115066	0.00179997	0.00238774
9	0.0201187	0.00535746	0.455815	0.0155146	0.00157007	0.00426092	0.0174647	0.00265484	0.00277382	0.00361934	0.0015159	0.414083	0.00306244	0.00318215	0.00235759	0.0317778	0.00525244	0.00348011	0.000476505	0.00566337
10	0.0138668	0.00132516	0.00339425	0.000246554	0.000184483	0.958714	0.00460837	0.000295255	0.00511726	0.00141012	0.00028876	0.00022458	0.000109939	0.000279655	0.00249087	0.00510937	0.000508874	0.0015922	9.86497e-05	0.000135191
11	0.324793	0.00321977	0.00755092	0.0164554	0.00182157	0.0483122	0.00329815	0.00383399	0.00635236	0.00894538	0.0649724	0.0205427	0.00256656	0.0307483	0.00432697	0.327255	0.0904511	0.0314514	0.00111354	0.00198936
12	0.0538898	0.00659233	0.0118128	0.0324774	0.00910684	0.0165778	0.0845128	0.0277392	0.0283142	0.116039	0.0589345	0.0244965	0.0073175	0.368656	0.0355203	0.0344084	0.02646	0.0471146	0.00439839	0.00563061
13	0.195076	0.00228394	0.0187396	0.00430135	0.00292064	0.281882	0.00395785	0.00458789	0.00297295	0.00621248	0.0979237	0.00331646	0.00172819	0.0559529	0.0750769	0.145454	0.0878263	0.00648114	0.00128211	0.00202404
14	0.0947835	0.00158145	0.0650032	0.247457	0.0166678	0.0180853	0.023082	0.029724	0.0647055	0.0638737	0.0235383	0.0209379	0.0053029	0.0877076	0.0938942	0.0291943	0.0405492	0.0432227	0.0114823	0.0192076
15	0.158724	0.00575601	0.0824782	0.12628	0.0142211	0.11048	0.0629076	0.00265901	0.0457949	0.0173805	0.00554639	0.111339	0.00673553	0.0388856	0.0405046	0.101289	0.0409531	0.00758291	0.000990975	0.0194918
16	0.00845507	0.00158066	0.000325216	0.000996112	0.016095	0.00038137	0.000385695	0.406314	0.000437329	0.161552	0.0433263	0.000342334	0.00044848	0.000425659	0.00061834	0.00220809	0.0139087	0.338183	0.000924915	0.00309241
17	0.100562	0.0143854	0.0205341	0.0146708	0.00420523	0.0183256	0.04094	0.00314351	0.00398125	0.01736	0.00485162	0.177571	0.00164209	0.0307864	0.0118513	0.368069	0.139646	0.021043	0.00439507	0.00203616
18	0.0110811	0.00109492	0.00112662	0.00163228	0.418396	0.00140524	0.00140723	0.0219871	0.00122925	0.198205	0.00492697	0.00148444	0.000853303	0.00138949	0.00200491	0.00329213	0.00335166	0.0950364	0.000758903	0.229337
19	0.0155204	0.00340236	0.0271243	0.00624205	0.00422469	0.00133157	0.00110167	0.00161306	0.00102838	0.00767962	0.00380797	0.0138512	0.0133253	0.00110432	0.0116583	0.405323	0.473946	0.00228777	0.00492632	0.000501837
20	0.0729233	0.0168192	0.000769715	0.00111216	0.00672732	0.00131073	0.00563846	0.0795605	0.00100439	0.220172	0.00926213	0.00135352	0.0274525	0.00124416	0.005866	0.0236914	0.0980612	0.425452	0.00103428	0.000544372
21	0.12928	0.000933284	0.17277	0.305976	0.002377	0.0172309	0.0112272	0.00378044	0.0172821	0.0170672	0.00428905	0.0310344	0.0253347	0.091514	0.0324603	0.0620572	0.0521546	0.0208779	0.00093721	0.00141734
22	0.0909362	0.00049781	0.288772	0.43953	0.00389952	0.0194783	0.00272708	0.00197657	0.0165097	0.00387299	0.00535065	0.014781	0.00616052	0.038148	0.0139095	0.0303127	0.0138135	0.00809117	0.000510935	0.000721774
23	0.0619786	0.00314938	0.010865	0.0235388	0.00492784	0.0122024	0.0304625	0.0183307	0.443144	0.0383946	0.0111529	0.0183632	0.00679258	0.0403542	0.171216	0.0287727	0.0344668	0.0312741	0.00275767	0.00785599
24	0.0332863	0.0134522	0.000282857	0.0101096	0.0155983	0.000386728	0.00371925	0.197634	0.0130231	0.500451	0.0250703	0.000358102	0.000945015	0.0111977	0.0206342	0.00151579	0.0155849	0.134913	0.00012601	0.00171089
25	0.0972594	0.00231975	0.00585924	0.0283673	0.00535773	0.016121	0.0234253	0.0208298	0.280359	0.0811978	0.00436902	0.0578416	0.000357016	0.0943681	0.174092	0.0435462	0.0282799	0.0332522	0.000834218	0.00196321
26	0.00610604	0.00181761	0.00034285	0.000844465	0.0145355	0.00064388	0.000387967	0.440348	0.000534525	0.15781	0.0306635	0.000338892	0.000386902	0.000470904	0.000537774	0.00256196	0.0138471	0.323177	0.000560612	0.00408549
27	0.243573	0.0390658	0.00173242	0.00225349	0.00605383	0.00782381	0.00223765	0.0825704	0.00190753	0.0657484	0.0109844	0.00677043	0.00402191	0.00289153	0.00322693	0.0460341	0.251533	0.213871	0.00307713	0.00462305
28	0.115479	0.00240612	0.343257	0.10283	0.00329763	0.00813245	0.026534	0.0267857	0.0106606	0.0315118	0.00564996	0.0436315	0.037297	0.0149992	0.0225438	0.0781713	0.0317431	0.0906039	0.00174832	0.00271753
29	0.107084	0.00102977	0.163253	0.363947	0.00398179	0.0229554	0.0115794	0.00542968	0.053655	0.0185466	0.00808379	0.0314199	0.00306262	0.0558888	0.0683707	0.0345074	0.0302831	0.0126331	0.00286719	0.00142217
30	0.0297372	0.00204815	0.00103323	0.00247416	0.363196	0.0016379	0.002075	0.0607506	0.00134492	0.336459	0.0671868	0.00138588	0.00237808	0.00632403	0.00415356	0.00307529	0.0238302	0.0746944	0.00193896	0.0142767
31	0.0138668	0.00132516	0.00339425	0.000246554	0.000184483	0.958714	0.00460837	0.000295255	0.00511726	0.00141012	0.00028876	0.00022458	0.000109939	0.000279655	0.00249087	0.00510937	0.000508874	0.0015922	9.86497e-05	0.000135191
32	0.0296024	0.0069247	0.000285969	0.00518039	0.023108	0.00137577	0.000344528	0.277362	0.00128881	0.0670669	0.0358664	0.000295861	0.000183654	0.000396828	0.000343822	0.00579283	0.00812143	0.532529	0.00251214	0.00141917
33	0.101543	0.00127616	0.522725	0.0304989	0.00168074	0.0223794	0.0969577	0.00308594	0.0315252	0.019196	0.00184987	0.0161687	0.0360827	0.0142511	0.00532894	0.0459417	0.0397119	0.00798973	0.000628776	0.00117928
34	0.0101698	0.00998227	0.000307804	0.000449791	0.280761	0.00196996	0.010367	0.00510885	0.000415183	0.0200576	0.00428223	0.0018095	0.000191696	0.000494667	0.00220124	0.00276851	0.00184752	0.00850934	0.0428651	0.595441
35	0.00489771	0.000260889	0.000366481	0.000380113	0.00114509	0.000430669	0.000347951	0.713185	0.000378162	0.0552549	0.0226916	0.000419869	0.00021542	0.000378454	0.000418087	0.00581391	0.00540919	0.187248	0.000184907	0.000573482
36	0.0841812	0.00239579	0.192617	0.465035	0.00605963	0.0207391	0.0114206	0.00575837	0.02602	0.0122962	0.00915814	0.0175886	0.00625392	0.038208	0.0229449	0.0350758	0.0255071	0.0138643	0.00145141	0.00342428
37	0.64574	0.00952612	0.00375678	0.00441403	0.000567317	0.23751	0.00140841	0.00223526	0.00611214	0.00295423	0.000878403	0.00260817	0.000969518	0.000763345	0.00079897	0.0634921	0.00746949	0.0081679	0.00028234	0.000345666
38	0.0141459	0.00140708	0.00451405	0.000653161	0.000203635	0.955584	0.00457396	0.0003884	0.00507172	0.00155974	0.000455155	0.000344264	0.000160584	0.000289058	0.00247887	0.00569324	0.000565085	0.00163579	0.000104472	0.000172152
39	0.0262174	0.0119292	0.00334958	0.0035964	0.350897	0.0070641	0.00802206	0.0382134	0.00347832	0.0207695	0.0098346	0.0374105	0.00213373	0.00515521	0.0064362	0.0176796	0.0117744	0.0115175	0.109352	0.31517
40	0.225255	0.00103149	0.00269086	0.00399684	0.00144123	0.0275255	0.00174809	0.00242157	0.00590089	0.00304647	0.00212637	0.00209714	0.678051	0.00258692	0.00891098	0.0210529	0.00464869	0.00374619	0.000609695	0.00111209
41	0.104279	0.00502422	0.00861545	0.00717074	0.00712955	0.314447	0.00626686	0.00859872	0.00742091	0.0703605	0.00853556	0.0409507	0.00371899	0.00750249	0.00815816	0.185382	0.0139728	0.0487418	0.0374603	0.106264
42	0.547606	0.0170693	0.00182663	0.00438602	0.00282611	0.0126391	0.00152019	0.0014933	0.000852497	0.0108161	0.00169354	0.00125457	0.00440181	0.00631345	0.00143223	0.346546	0.0130354	0.0232399	0.000535755	0.000511856
43	0.0364537	0.00550772	0.0371028	0.0163747	0.0520173	0.0114504	0.00938078	0.111478	0.00817311	0.181002	0.0973851	0.155346	0.00445497	0.010236	0.0137879	0.0606096	0.039998	0.132021	0.0119965	0.00522529
44	0.0737319	0.00301318	0.0425859	0.0848536	0.00240558	0.0256592	0.0167215	0.0324539	0.0392778	0.0116111	0.00819484	0.0239169	0.306758	0.0473583	0.0402179	0.0993732	0.082994	0.0508333	0.0036902	0.00434966
45	0.0522806	0.00276225	0.00867904	0.0214089	0.00186744	0.00912558	0.015546	0.0282534	0.310188	0.0406629	0.00809112	0.0117594	0.000757882	0.0429203	0.248841	0.0368212	0.0830211	0.071274	0.00161087	0.00412924
46	0.116996	0.000860401	0.258818	0.370469	0.00253147	0.0199666	0.00684321	0.00351562	0.0266054	0.00779648	0.00498226	0.0255683	0.00755636	0.0380979	0.0237627	0.0506001	0.0218876	0.0113498	0.000697557	0.00109589
47	0.123767	0.00357808	0.0199911	0.100165	0.0198155	0.0133131	0.0171381	0.09794	0.019556	0.0876241	0.0641942	0.0139069	0.000907434	0.0358919	0.0385597	0.0562071	0.0836709	0.162064	0.0110178	0.0306921
48	0.134708	0.00117216	0.138549	0.3884	0.00493156	0.0224558	0.00840772	0.00438247	0.0428636	0.0179851	0.0071377	0.0244532	0.00486939	0.0610569	0.0545279	0.0381204	0.0289535	0.0134236	0.00227386	0.00132853
49	0.0106033	0.000913097	0.00112394	0.00147063	0.420296	0.00140418	0.00132521	0.0217818	0.00122099	0.195259	0.00444136	0.0014883	0.000795857	0.00137685	0.00166507	0.00326481	0.00335005	0.0950954	0.000629554	0.232495
50	0.0292437	0.00571781	0.00594121	0.00752014	0.546836	0.00780163	0.00641752	0.0283757	0.00694006	0.0842707	0.0242691	0.00983889	0.0030716	0.00680687	0.0093789	0.0176469	0.0159025	0.0481176	0.0176284	0.118275
51	0.0615112	0.000221485	0.0376501	0.223198	0.00243638	0.0195152	0.0238536	0.0171646	0.126363	0.0651171	0.0191283	0.0240518	0.000638252	0.133895	0.176684	0.0253449	0.0263139	0.0133002	0.00188766	0.00172535
52	0.571663	0.00332552	0.0148818	0.0195545	0.0013936	0.0192239	0.0101198	0.00205569	0.00248955	0.0135924	0.00455246	0.00379438	0.00149797	0.00399139	0.00218369	0.248684	0.0675385	0.00782142	0.000661613	0.000975638
53	0.0457896	0.000330202	0.00607273	0.0183729	0.000895051	0.00573482	0.0199251	0.0214272	0.412192	0.0356179	0.00571259	0.0123191	0.000277457	0.0567205	0.24174	0.023001	0.0424066	0.0445704	0.00173589	0.00515887
54	0.00688748	0.000815748	0.000457859	0.000654088	0.0250974	0.00289833	0.000487076	0.242284	0.000663371	0.451543	0.0130825	0.000461625	0.000366732	0.000594959	0.00089286	0.00120008	0.00191217	0.248912	0.000202866	0.000585829
55	0.402866	0.041329	0.000771472	0.00460711	0.000715133	0.0030823	0.000848172	0.025647	0.000989335	0.0042752	0.00210278	0.00103064	0.000747248	0.00112307	0.00111735	0.0332691	0.10364	0.367103	0.00179013	0.00294579
56	0.324543	0.171192	0.00208916	0.00295753	0.0123797	0.00726873	0.00473153	0.0143912	0.00206582	0.0112653	0.00973956	0.0026515	0.0222788	0.00346428	0.00281588	0.084606	0.220151	0.0988504	0.00151727	0.00104083
57	0.0403541	0.00658155	0.00523449	0.00842988	0.487044	0.00748915	0.00883726	0.0372471	0.00613156	0.127359	0.0635087	0.0106356	0.00462813	0.0100382	0.0146196	0.017886	0.0246043	0.0458456	0.0169025	0.0566238
58	0.116308	0.092323	0.00568737	0.00795824	0.00593339	0.15822	0.00804633	0.0230516	0.00822514	0.0476922	0.0240765	0.0159236	0.00629458	0.0134587	0.0168835	0.225148	0.200541	0.0180146	0.00244537	0.00376903
59	0.229644	0.00339504	0.00432706	0.00612136	0.00497933	0.00746902	0.00423977	0.00576749	0.0052777	0.00973576	0.144509	0.00585421	0.0523429	0.00651484	0.0547348	0.425677	0.0129646	0.0115927	0.00218384	0.00266881
60	0.145001	0.117018	0.006043	0.00691392	0.0393448	0.0077664	0.00753701	0.0550619	0.00658098	0.026588	0.0136661	0.00781955	0.0147469	0.00585938	0.0126985	0.0506712	0.291713	0.175305	0.00615901	0.00350735
61	0.0378495	0.110182	0.00239864	0.00326504	0.00229445	0.00351637	0.0382004	0.00430478	0.0383637	0.00478154	0.00336677	0.00330427	0.00149474	0.00336881	0.720572	0.00748376	0.00585989	0.00602222	0.00158535	0.00178604
62	0.0462439	0.00107899	0.00561482	0.0192301	0.00174911	0.0046091	0.056457	0.0151023	0.460099	0.0381881	0.0121543	0.0168463	0.000864161	0.0342247	0.201246	0.018979	0.027879	0.0253714	0.00256768	0.0114951
63	0.27857	0.00116267	0.00178145	0.00237941	0.0253251	0.0240815	0.0122839	0.00299354	0.229261	0.00392014	0.00268704	0.00255004	0.182889	0.00244701	0.0537156	0.086049	0.0149144	0.0602165	0.000949931	0.0118231
64	0.0801892	0.00119975	0.228096	0.338329	0.00158857	0.0184903	0.0107356	0.00234162	0.0630415	0.00731694	0.00254109	0.0541946	0.00111099	0.0470655	0.0458306	0.065519	0.0266843	0.00436073	0.000911999	0.000452766
65	0.0904615	0.0012954	0.255004	0.312579	0.00296073	0.0202853	0.0105479	0.0051874	0.0444187	0.0135493	0.0047882	0.0371443	0.0126655	0.0433253	0.0446853	0.0586893	0.0274815	0.0123248	0.000922714	0.00168382
66	0.0505592	0.00118183	0.0590761	0.105852	0.000761443	0.0270138	0.0100781	0.0162605	0.0586812	0.00688251	0.00478601	0.0210474	0.419759	0.0389393	0.0475604	0.0692805	0.0390829	0.0179955	0.000847138	0.00435491
67	0.0296762	0.00205227	0.0027325	0.00405334	0.0028999	0.122227	0.0206555	0.0240449	0.00328462	0.118511	0.0207903	0.210625	0.00173062	0.150826	0.0194183	0.125372	0.0283272	0.109917	0.00114246	0.00171561
68	0.00679108	0.000485773	0.000466508	0.000579332	0.0254437	0.00296085	0.000442082	0.241996	0.000475443	0.449853	0.0124656	0.000436887	0.000374404	0.000534366	0.000639846	0.00131464	0.00162467	0.252338	0.000202068	0.000575755
69	0.117365	0.0029757	0.00508133	0.0326436	0.00524181	0.0204914	0.0152963	0.0209502	0.200374	0.0988425	0.00350725	0.0769648	0.000454694	0.137981	0.148037	0.0610859	0.0207659	0.031017	0.000337579	0.000588404
70	0.465733	0.00115846	0.046507	0.0158008	0.00135623	0.0726072	0.00169972	0.00179895	0.0393211	0.0252999	0.0312853	0.0288975	0.00732247	0.0344395	0.0102227	0.155828	0.0468086	0.0125963	0.000447832	0.000869709
71	0.0429165	0.00677521	0.000487239	0.00473172	0.009628	0.000865063	0.00190623	0.292599	0.00920727	0.380892	0.0407109	0.000868502	0.000817072	0.0110514	0.014343	0.00533772	0.0269387	0.147498	0.0013615	0.00106512
72	0.0332863	0.0134522	0.000282857	0.0101096	0.0155983	0.000386728	0.00371925	0.197634	0.0130231	0.500451	0.0250703	0.000358102	0.000945015	0.0111977	0.0206342	0.00151579	0.0155849	0.134913	0.00012601	0.00171089
73	0.151989	0.00350877	0.157301	0.271879	0.00375695	0.0224242	0.0126322	0.00409355	0.0717584	0.0161972	0.00310981	0.0491128	0.00121298	0.0601323	0.0666562	0.0715468	0.0207353	0.0082857	0.00200955	0.00165805
74	0.539805	0.0202432	0.00132822	0.0036159	0.00295173	0.0116848	0.00117576	0.00116726	0.000681714	0.0112875	0.00106661	0.000898268	0.0048862	0.00435899	0.000938643	0.357511	0.012782	0.0227651	0.000414346	0.000437752
75	0.0400953	0.00109322	0.0765629	0.234284	0.00882579	0.325274	0.0197735	0.00198013	0.0677546	0.0109899	0.00196807	0.0550578	0.0084996	0.0503018	0.0423357	0.0444881	0.00535018	0.00296179	0.000639559	0.00176392
76	0.355497	0.00182297	0.00175684	0.00213569	0.00161739	0.00254799	0.00187919	0.00364943	0.00206655	0.00421678	0.0216096	0.00222353	0.0114702	0.00219459	0.0028181	0.0663561	0.414586	0.0998334	0.00079221	0.000927376
77	0.0499823	0.00118893	0.0593495	0.105731	0.00074209	0.027	0.0101078	0.0162179	0.058817	0.00688711	0.00476423	0.0210103	0.420164	0.0388569	0.0477632	0.0695248	0.0388378	0.0178775	0.000848614	0.00432976
78	0.345139	0.0225746	0.00169265	0.00313547	0.00167441	0.0214507	0.00179509	0.0665425	0.00189829	0.0238545	0.00265858	0.00220759	0.00120745	0.00192943	0.0024116	0.0236911	0.10935	0.310207	0.0191748	0.0374056
79	0.0395574	0.0138589	0.000533673	0.00480678	0.0261241	0.00347534	0.000602476	0.254089	0.00322907	0.0617639	0.0232301	0.000565621	0.00034316	0.000770174	0.000615305	0.00526141	0.00968711	0.543934	0.00382685	0.00372616
80	0.173393	0.257607	0.000798561	0.00112728	0.017459	0.00113216	0.00566464	0.0182015	0.00087308	0.00182539	0.0101425	0.000961424	0.0197786	0.00103676	0.00114908	0.0603565	0.309821	0.117744	0.000403121	0.000525163
81	0.00332455	0.00122395	0.000357637	0.000368124	0.0184179	0.000645316	0.000360326	0.393182	0.000341384	0.214255	0.0324322	0.000327643	0.000508781	0.000448686	0.000673407	0.00132917	0.015879	0.311065	0.000338133	0.00452264
82	0.0263805	0.00576581	0.00536519	0.0049604	0.20712	0.00535378	0.00433657	0.0523381	0.00445268	0.0597682	0.00786486	0.00426187	0.00289612	0.00453753	0.00504694	0.0120741	0.0111015	0.528265	0.00214731	0.045963
83	0.636528	0.0103946	0.00412742	0.00452441	0.000583884	0.236687	0.00139696	0.00240303	0.00620968	0.00303556	0.00104502	0.00284247	0.000920184	0.00089814	0.000965086	0.0701572	0.00802446	0.00840693	0.000426407	0.00042319
84	0.0954038	0.00335516	0.0120631	0.0267341	0.00640984	0.0170448	0.0280249	0.0179132	0.413655	0.0359991	0.011932	0.0168626	0.0095498	0.0398802	0.153307	0.0328866	0.0328707	0.032227	0.00449073	0.00938984
85	0.200178	0.0107034	0.0058274	0.00123962	0.0012356	0.00127177	0.00114153	0.00137641	0.00100135	0.00210664	0.00140644	0.00227159	0.00576885	0.00259617	0.00130985	0.514923	0.237799	0.00673665	0.000470876	0.000635189
86	0.0325026	0.0412433	0.132197	0.0149652	0.00792259	0.0511243	0.152306	0.0102862	0.00746037	0.0150971	0.0101998	0.0172091	0.00612734	0.00934801	0.00997053	0.252658	0.019255	0.0164875	0.187999	0.0056408
87	0.0908349	0.000754021	0.374415	0.097742	0.0011831	0.00645997	0.00969799	0.0164705	0.0124612	0.0565821	0.00197409	0.0516789	0.0636731	0.0232805	0.0372984	0.0559019	0.0546789	0.0438641	0.000553193	0.000495977
88	0.0452813	0.0213435	0.00148067	0.0181078	0.28716	0.00200167	0.0123672	0.0333393	0.00179066	0.272731	0.0576357	0.00197325	0.0126364	0.00319394	0.0553553	0.00447225	0.00648778	0.0673741	0.0301525	0.0651157
89	0.00941692	0.0023354	0.0027979	0.00315326	0.00274611	0.003767	0.44371	0.00929142	0.00285271	0.0241086	0.0509937	0.00404106	0.00142688	0.390461	0.00364901	0.0139599	0.0157018	0.0129481	0.00107516	0.00156441
90	0.0996735	0.0213538	0.0106655	0.000899112	0.00549497	0.00127965	0.000845178	0.0464961	0.000680963	0.0114211	0.000889748	0.000821293	0.00187433	0.000803241	0.000790059	0.0161641	0.0133382	0.764375	0.000776301	0.00135819
91	0.0361536	0.00199835	0.0385778	0.151557	0.00305286	0.00386784	0.0466927	0.0498478	0.101247	0.0460776	0.00402813	0.0028233	0.000770125	0.02677	0.152116	0.04169	0.259564	0.0213222	0.000706001	0.0111371
92	0.0818278	0.00352362	0.00603809	0.00601202	0.00433072	0.119358	0.00555305	0.217203	0.00567268	0.0105367	0.00692487	0.00663271	0.0031998	0.0325785	0.0065809	0.069371	0.0128318	0.395801	0.00295294	0.00307059
93	0.00863399	0.00538798	0.000408065	0.00182869	0.0107945	0.000491847	0.000906003	0.105925	0.00206542	0.736361	0.0426822	0.00217898	0.000944545	0.00353213	0.00501016	0.0011404	0.00350062	0.0675582	0.000186774	0.000463537
94	0.023815	0.00137147	0.00161882	0.0991965	0.0015349	0.207967	0.0196468	0.00248721	0.196523	0.0205812	0.00220362	0.0819611	0.000839411	0.0207546	0.296797	0.013259	0.00348416	0.00392806	0.00087171	0.00115951
95	0.126742	0.0338329	0.00176663	0.00223054	0.00681484	0.00250291	0.00212303	0.162381	0.00235599	0.0454803	0.00802992	0.01271	0.00828991	0.00207818	0.00267781	0.0198852	0.307961	0.249382	0.00115031	0.00160551
96	0.00928053	0.00601779	0.0475925	0.0123903	0.00270133	0.00160228	0.00123586	0.00159224	0.00105226	0.00485202	0.00301175	0.0115138	0.0276509	0.00127396	0.0146808	0.369432	0.478377	0.00233852	0.00280677	0.000596821
97	0.0545507	0.0014519	0.0115684	0.0599649	0.0214738	0.0343375	0.00202952	0.0129208	0.0246745	0.555296	0.00238512	0.0147007	0.0797724	0.00242688	0.0771501	0.00466065	0.0147011	0.0141774	0.0107181	0.00103928
98	0.113194	0.000345258	0.258852	0.450621	0.00190053	0.0184143	0.00191178	0.00166598	0.0146722	0.00342509	0.00602442	0.0110554	0.00632645	0.0370074	0.0131979	0.0350989	0.0156606	0.00974989	0.000262967	0.000613496
99	0.0823409	0.00124317	0.218489	0.339936	0.00188153	0.0190704	0.0109908	0.00270853	0.0635944	0.00854361	0.00307801	0.0533758	0.00126719	0.0481356	0.048113	0.0630909	0.0274809	0.00502358	0.00105605	0.000580716
100	0.177961	0.00911933	0.050843	0.0510396	0.0125147	0.0691407	0.0865373	0.0104442	0.0285776	0.0307279	0.0107289	0.208564	0.00452929	0.0612551	0.0307952	0.0875162	0.0322443	0.0227171	0.00221085	0.0125338
101	0.0330562	0.0134065	0.000282629	0.00999858	0.0155033	0.000379086	0.00365937	0.195156	0.0127799	0.506406	0.0247212	0.000378525	0.000876366	0.0111165	0.0205122	0.00155314	0.0154533	0.132919	0.000137576	0.00170466
102	0.232951	0.00366828	0.0955093	0.208005	0.0021304	0.0163802	0.00884668	0.00288314	0.0912745	0.015683	0.00183199	0.0351838	0.00109854	0.0703635	0.0907742	0.09008	0.0161011	0.0125808	0.00299313	0.00166216
103	0.134987	0.00323492	0.00527586	0.00630497	0.00457646	0.0299629	0.00513729	0.163783	0.00422118	0.257718	0.21698	0.0588513	0.00236785	0.00610741	0.00602244	0.0656081	0.0120394	0.011797	0.00204366	0.00298256
104	0.00505578	0.000224916	0.000354788	0.000379182	0.000357555	0.000432331	0.00032965	0.731481	0.000380761	0.048173	0.0218436	0.000420021	0.000208332	0.000375871	0.000391577	0.00611425	0.0050007	0.177923	0.000141459	0.000412138
105	0.148042	0.00132227	0.00259989	0.13963	0.0370905	0.0575634	0.0376775	0.0105628	0.0586403	0.00407975	0.00247256	0.0174966	0.00077704	0.0114963	0.295671	0.0634498	0.0469937	0.00372341	0.000650321	0.0600617
106	0.0812657	0.00101385	0.243522	0.349164	0.00154103	0.0175419	0.0097705	0.00200483	0.057532	0.00610741	0.00252542	0.0495111	0.0014258	0.0435489	0.0408674	0.0629283	0.0242222	0.00432474	0.000752837	0.000429652
107	0.0133333	0.0031716	0.0248864	0.00588711	0.00469966	0.00138777	0.00115167	0.0018107	0.00105876	0.00701876	0.00447186	0.0139694	0.0122743	0.00112443	0.0106575	0.403783	0.480714	0.00228566	0.00578675	0.000527084
108	0.0307664	0.00815096	0.000299279	0.00566707	0.0217611	0.00151973	0.000336123	0.268467	0.00151676	0.0661478	0.0300345	0.000301172	0.000177452	0.000356907	0.000323396	0.00553374	0.00840482	0.546218	0.00236833	0.00165
109	0.320596	0.00172069	0.0183358	0.12991	0.000945754	0.016088	0.016883	0.00244565	0.0912145	0.0118069	0.00199496	0.0203929	0.00124368	0.0477379	0.120508	0.131591	0.0397419	0.0238876	0.00111571	0.00184032
110	0.0513599	0.0048006	0.0363538	0.16772	0.0122864	0.0156187	0.0396296	0.0153826	0.132677	0.0299897	0.0158461	0.00903738	0.00051109	0.0784446	0.235951	0.0512667	0.0627065	0.0186651	0.000632466	0.0211212
111	0.0811387	0.0155693	0.00512186	0.000987464	0.00872786	0.00104076	0.00265628	0.0701194	0.000766861	0.116942	0.00547526	0.000961221	0.0166861	0.000852195	0.00279604	0.0211275	0.0559555	0.591684	0.000696597	0.000694934
112	0.00491197	0.00449694	0.000569468	0.000668169	0.149792	0.000732382	0.00344642	0.399465	0.000577371	0.158727	0.0426941	0.000693383	0.000730848	0.00347378	0.00109775	0.00438847	0.0198534	0.160089	0.00300377	0.0405885
113	0.010549	0.000902902	0.00112348	0.00143092	0.420515	0.00139986	0.00131291	0.0218058	0.00121983	0.19508	0.00437528	0.00148616	0.000747957	0.00137667	0.00156049	0.00328228	0.00336283	0.0952134	0.000579036	0.232676
114	0.0900317	0.00370786	0.402713	0.0428142	0.00829234	0.022388	0.0955649	0.00992011	0.0271547	0.051554	0.00857867	0.0286793	0.0278897	0.0178162	0.0200183	0.0514932	0.0640726	0.0184043	0.00435936	0.00454789
115	0.582425	0.116786	0.00188463	0.00273731	0.00401717	0.0354277	0.00276925	0.0104868	0.00185901	0.0667264	0.0158257	0.00248608	0.00212111	0.00447633	0.00274734	0.036536	0.059671	0.0483828	0.00128167	0.00135263
116	0.0939274	0.00360776	0.0960705	0.382183	0.00737012	0.0305857	0.0538237	0.0112651	0.0359815	0.0233077	0.0146239	0.0281913	0.00699795	0.0454959	0.0423265	0.0532752	0.0418748	0.0183878	0.00350265	0.00720146
117	0.0524319	0.00482749	0.0352989	0.0189731	0.00756529	0.0208503	0.496152	0.0138897	0.0148614	0.0213948	0.019734	0.0934464	0.00424514	0.0381664	0.0378983	0.0657566	0.0339184	0.0131021	0.00258431	0.00490372
118	0.0144259	0.014924	0.000605861	0.000891992	0.327749	0.00525691	0.00862384	0.00831811	0.000853303	0.0158964	0.00451435	0.00637475	0.000413117	0.00104017	0.00220139	0.00429098	0.0024637	0.0074045	0.0525498	0.521202
119	0.0107797	0.00644131	0.000665693	0.000833404	0.350914	0.00188112	0.00676714	0.0105549	0.000775589	0.0820733	0.00499327	0.00178955	0.000429877	0.000982281	0.00212462	0.00329304	0.00275586	0.0385716	0.0253834	0.44799
120	0.0869071	0.00592315	0.340055	0.106616	0.00590595	0.0193239	0.0344942	0.0148307	0.0270041	0.0296235	0.00985123	0.0306011	0.0237578	0.0897992	0.0268658	0.0464281	0.0714256	0.0231803	0.00289572	0.00451112
121	0.0138668	0.00132516	0.00339425	0.000246554	0.000184483	0.958714	0.00460837	0.000295255	0.00511726	0.00141012	0.00028876	0.00022458	0.000109939	0.000279655	0.00249087	0.00510937	0.000508874	0.0015922	9.86497e-05	0.000135191
122	0.0100525	0.00985388	0.000297376	0.000430484	0.279386	0.00185647	0.0105515	0.00458254	0.000397952	0.0183186	0.00428324	0.0016428	0.000181345	0.000474525	0.00218591	0.00274603	0.00184719	0.00792452	0.0430147	0.599972
123	0.048434	0.000410304	0.00667814	0.0173284	0.00107352	0.00419907	0.0282879	0.0197804	0.432457	0.0412218	0.00606772	0.0136182	0.000281953	0.0483901	0.22963	0.0214104	0.0371706	0.0348938	0.00255778	0.00610849
124	0.272208	0.0102735	0.0567183	0.0899455	0.0261851	0.0297245	0.0961457	0.00233772	0.0400686	0.030744	0.008742	0.0808565	0.00184476	0.0331605	0.0572411	0.108235	0.0220716	0.0109398	0.000323092	0.0222345
125	0.0131542	0.00575146	0.45645	0.00603882	0.000918329	0.00114667	0.0162011	0.00146832	0.00104603	0.00203522	0.00123929	0.45177	0.000602554	0.00157841	0.00124353	0.0285969	0.00213195	0.00226566	0.000430147	0.00593083
126	0.0745962	0.00119256	0.00149327	0.00939211	0.00136497	0.00224059	0.0015448	0.00238941	0.0901093	0.00285888	0.00218417	0.00190919	0.532672	0.00182794	0.173661	0.0839208	0.0115641	0.00344527	0.000791365	0.000841416
127	0.115158	0.000335658	0.263836	0.437274	0.00170107	0.0195038	0.00210579	0.00148537	0.0156182	0.00288459	0.0057278	0.0127218	0.00556396	0.0370749	0.0133787	0.0391352	0.0162923	0.00936582	0.000265531	0.000571085
128	0.0352294	0.00667336	0.00079353	0.00101676	0.294843	0.00227053	0.0209828	0.00566447	0.00222412	0.0262604	0.0148717	0.00385003	0.000543697	0.00409791	0.0062197	0.00602592	0.0186169	0.00837357	0.028414	0.513029
129	0.564277	0.0551991	0.00237344	0.00322459	0.00389131	0.0403696	0.00241811	0.0112804	0.0018267	0.0551771	0.0170946	0.00231431	0.00255882	0.00472258	0.0026828	0.0840978	0.100544	0.042824	0.00156566	0.00155814
130	0.0331716	0.0134407	0.000283965	0.0100557	0.0155747	0.00038786	0.00372297	0.197405	0.0129653	0.501519	0.0251274	0.000363355	0.00092831	0.0111508	0.0205316	0.00150496	0.0154961	0.134542	0.000126005	0.00170378
131	0.250186	0.00490208	0.0726968	0.187614	0.00162943	0.0137099	0.00711089	0.0024652	0.113618	0.0156279	0.00156158	0.0244807	0.000966458	0.0770936	0.0945558	0.0998041	0.0165742	0.0113989	0.00243478	0.00156925
132	0.172249	0.248263	0.000890044	0.00133335	0.0149835	0.00123719	0.00482906	0.0175736	0.000922234	0.00252637	0.0107365	0.0010731	0.016846	0.00112573	0.0013069	0.0540383	0.297966	0.150974	0.000533011	0.000593028
133	0.0379608	0.0137022	0.000302376	0.00900684	0.0148709	0.000498834	0.00328692	0.210599	0.0111874	0.470067	0.0284998	0.000380149	0.000833158	0.00967543	0.0176589	0.00204195	0.0141718	0.1529	0.000800579	0.00155528
134	0.0614772	0.000226244	0.0376126	0.223223	0.00243711	0.0195057	0.0238587	0.0171518	0.126458	0.0650602	0.0191158	0.0240576	0.000638283	0.133798	0.176773	0.0253441	0.0263358	0.0133002	0.00188484	0.00174202
135	0.624548	0.00106725	0.00144032	0.0101898	0.00153028	0.00221363	0.00159383	0.0109235	0.034355	0.0031283	0.0105185	0.0017091	0.000785616	0.0100731	0.0310828	0.0237364	0.166064	0.0634472	0.00071998	0.000873413
136	0.577059	0.0177412	0.00797811	0.00790125	0.00354814	0.179854	0.0078985	0.007053	0.00876018	0.034395	0.00933268	0.00969975	0.00343984	0.0061552	0.0064178	0.0623205	0.0250426	0.0188514	0.00269491	0.00385773
137	0.0958589	0.00397225	0.0189983	0.168873	0.0404118	0.0107546	0.0379199	0.0550377	0.037326	0.107517	0.0369796	0.00793915	0.00143447	0.0752086	0.0367007	0.0364438	0.0500014	0.09274	0.0263745	0.0595091
138	0.658534	0.00617571	0.00424789	0.00426107	0.000480388	0.22698	0.00129562	0.00195738	0.00705428	0.0017939	0.000591219	0.00285036	0.000874457	0.000530754	0.000575197	0.0691816	0.00418283	0.00791053	0.000261113	0.000261536
139	0.0138668	0.00132516	0.00339425	0.000246554	0.000184483	0.958714	0.00460837	0.000295255	0.00511726	0.00141012	0.00028876	0.00022458	0.000109939	0.000279655	0.00249087	0.00510937	0.000508874	0.0015922	9.86497e-05	0.000135191
140	0.681614	0.0623727	0.000952879	0.00170359	0.00095803	0.0125708	0.00127053	0.0143899	0.0011662	0.00709694	0.00631055	0.00130184	0.00158485	0.00109951	0.0010375	0.0136362	0.024678	0.164014	0.00124205	0.000999828
141	0.0795205	0.00121019	0.23223	0.334316	0.00163937	0.0182184	0.0107275	0.00236656	0.0632945	0.00741553	0.00253814	0.0536648	0.00116899	0.0470064	0.0459793	0.0661796	0.0267539	0.00438234	0.00090731	0.000480368
142	0.0899958	0.044132	0.00244214	0.00260241	0.0574065	0.0161615	0.00279172	0.0176232	0.00257888	0.0458756	0.0164693	0.0162417	0.00190443	0.00308837	0.138517	0.0659376	0.173162	0.149184	0.138233	0.0156532
143	0.00679036	0.000486057	0.000466167	0.000579391	0.0254617	0.00296599	0.000441067	0.24168	0.000476546	0.450305	0.0124268	0.000444403	0.000373604	0.00053371	0.000639303	0.00131291	0.00159769	0.252247	0.000202071	0.000569662
144	0.0895903	0.0207588	0.0111751	0.00081195	0.00599223	0.000857175	0.000789717	0.0461549	0.000658408	0.0113596	0.00088184	0.000803611	0.00201425	0.000788103	0.000799705	0.0158852	0.0112022	0.778502	0.000348202	0.000627216
145	0.0357758	0.00832329	0.00388491	0.00804199	0.160005	0.00346108	0.00792744	0.0474674	0.00242282	0.432817	0.104238	0.00438218	0.0211471	0.00683911	0.0180407	0.00950244	0.0150231	0.07842	0.0101329	0.0221486
146	0.590321	0.115214	0.00297151	0.00345096	0.00332823	0.0393119	0.0030318	0.012523	0.00287503	0.0326438	0.0117234	0.00335795	0.00232533	0.00431228	0.00378427	0.0284389	0.0428075	0.0946298	0.00123318	0.0017168
147	0.0573585	0.000699398	0.342003	0.443226	0.00715342	0.0203861	0.00178823	0.00171966	0.0130794	0.00313171	0.00338493	0.0171108	0.00626376	0.0394265	0.00822318	0.0197307	0.00862747	0.0056316	0.000402875	0.000653151
148	0.0461058	0.0123769	0.0244073	0.00709649	0.00469444	0.0043502	0.00251925	0.00330574	0.00228906	0.00692097	0.00760762	0.0136579	0.0148752	0.00349496	0.010966	0.370441	0.452812	0.00722609	0.00390813	0.000944912
149	0.0436672	0.00256927	0.0063117	0.0794174	0.00311983	0.155446	0.0214739	0.00881012	0.210283	0.0333534	0.00435535	0.0935067	0.00155145	0.0344189	0.249909	0.0232308	0.0121818	0.0131005	0.00110469	0.00218894
150	0.0138668	0.00132516	0.00339425	0.000246554	0.000184483	0.958714	0.00460837	0.000295255	0.00511726	0.00141012	0.00028876	0.00022458	0.000109939	0.000279655	0.00249087	0.00510937	0.000508874	0.0015922	9.86497e-05	0.000135191
151	0.562305	0.00888236	0.00832259	0.00655004	0.00276327	0.210605	0.00456307	0.0238757	0.00680837	0.0120487	0.00710092	0.00928425	0.00384178	0.00420028	0.00437122	0.0826073	0.0196605	0.017661	0.00186684	0.00268191
152	0.144056	0.0746367	0.00122815	0.00178403	0.00188691	0.047332	0.00860548	0.0109647	0.0089807	0.00729323	0.0445053	0.0215772	0.0010826	0.0132198	0.0190476	0.275749	0.312849	0.00366384	0.00059909	0.000938675
153	0.00981682	0.00192512	0.00254542	0.00391767	0.0248059	0.00328433	0.0030105	0.0226145	0.00251258	0.592052	0.214285	0.00287015	0.0207415	0.0170223	0.00329668	0.00830041	0.0359592	0.0127292	0.00319583	0.0151154
154	0.0561128	0.00882099	0.00730886	0.0117332	0.0117722	0.0126939	0.00865207	0.0974181	0.00784417	0.0966184	0.0200484	0.00973946	0.107883	0.0114103	0.015294	0.066845	0.172843	0.23062	0.040609	0.00573228
155	0.0467286	0.00147802	0.122446	0.101285	0.0411289	0.0619945	0.182527	0.00240887	0.0101023	0.0366717	0.0383596	0.0438361	0.0343207	0.0246832	0.0257139	0.0952682	0.0503096	0.00325342	0.0685275	0.00895771
156	0.0749715	0.00895065	0.0163445	0.0680554	0.00155466	0.0247558	0.0194563	0.0115299	0.093697	0.0186598	0.00256761	0.0614571	0.230736	0.0573625	0.155351	0.0600391	0.0477415	0.036611	0.00876945	0.00138908
157	0.00679036	0.000486057	0.000466167	0.000579391	0.0254617	0.00296599	0.000441067	0.24168	0.000476546	0.450305	0.0124268	0.000444403	0.000373604	0.00053371	0.000639303	0.00131291	0.00159769	0.252247	0.000202071	0.000569662
158	0.0392953	0.00147546	0.00390057	0.000601193	0.000458135	0.922154	0.00497943	0.000596123	0.00542332	0.00180256	0.000658283	0.000777008	0.000184601	0.000444139	0.00264086	0.0098073	0.00142046	0.00262285	0.000209295	0.000548993
159	0.0314206	0.00323848	0.000360692	0.0020451	0.0101453	0.000649	0.000387417	0.501832	0.000872266	0.0797594	0.0468227	0.000415082	0.000445714	0.00101306	0.00104432	0.00618883	0.00771369	0.302146	0.00290336	0.000596921
160	0.0328336	0.00517867	0.0152056	0.0134578	0.007004	0.0114073	0.592625	0.0126159	0.0102239	0.0177893	0.0240483	0.0299813	0.00471717	0.0607966	0.0211631	0.0761195	0.0418859	0.0144885	0.00365133	0.00480769
161	0.176601	0.257867	0.000772884	0.00109354	0.0184392	0.00109267	0.00534377	0.0173695	0.000889394	0.00184572	0.0107357	0.000984192	0.0207699	0.00111344	0.00116303	0.0611515	0.305569	0.116257	0.000405858	0.000536323
162	0.022845	0.0039559	0.00642091	0.00825151	0.00536967	0.00618698	0.577491	0.00963338	0.00814861	0.0192156	0.0345472	0.0156196	0.00304464	0.154418	0.012615	0.0580345	0.0355381	0.0128871	0.00214092	0.00363616
163	0.0131542	0.00575146	0.45645	0.00603882	0.000918329	0.00114667	0.0162011	0.00146832	0.00104603	0.00203522	0.00123929	0.45177	0.000602554	0.00157841	0.00124353	0.0285969	0.00213195	0.00226566	0.000430147	0.00593083
164	0.0148888	0.00567578	0.452164	0.00752701	0.00107759	0.00250685	0.0170363	0.00239337	0.00131512	0.00251101	0.00147834	0.444603	0.000877869	0.00202929	0.00137125	0.0303766	0.00309493	0.00280398	0.00045498	0.00581443
165	0.168349	0.114815	0.00173331	0.00206274	0.00206227	0.115449	0.00465479	0.035145	0.00493286	0.016178	0.0331092	0.0177906	0.00106485	0.0159178	0.0169014	0.287597	0.156592	0.00394528	0.000565085	0.00113498
166	0.0514566	0.00195654	0.187976	0.135465	0.00244779	0.496953	0.00329095	0.00344294	0.00522894	0.00506071	0.00310337	0.0178677	0.00150082	0.0045657	0.00454906	0.0607135	0.00614035	0.0052926	0.00127574	0.00171379
167	0.0102957	0.176229	0.00232657	0.00362583	0.016929	0.0183907	0.0167151	0.00385762	0.00283281	0.27973	0.152484	0.0470632	0.00172721	0.0193174	0.0034771	0.00714905	0.10667	0.127925	0.00129045	0.00196433
168	0.0246921	0.00139115	0.00344778	0.000394478	0.000190117	0.946213	0.0045586	0.000340452	0.00515642	0.00145672	0.000402606	0.00026842	0.000113893	0.000362624	0.00247741	0.00594025	0.000601545	0.00172203	0.000100207	0.000170611
169	0.0958192	0.0187916	0.00868895	0.00360117	0.00745733	0.00669261	0.00198522	0.0848395	0.00153326	0.0306052	0.0078778	0.00191025	0.00292576	0.00333806	0.00292073	0.025016	0.0240694	0.668174	0.00167225	0.00208157
170	0.386343	0.018401	0.00813303	0.00843424	0.00835372	0.0822654	0.00832149	0.0279458	0.0133539	0.0233226	0.0119516	0.0136184	0.00579714	0.0109047	0.0115319	0.0849995	0.0509158	0.164327	0.0415626	0.019517
171	0.150517	0.0319895	0.0968735	0.0101295	0.0109155	0.0995291	0.0142352	0.013571	0.00602019	0.0161723	0.00746868	0.225088	0.00252593	0.0084407	0.00741665	0.17611	0.024301	0.0780167	0.00284016	0.0178391
172	0.200197	0.010359	0.00566168	0.00118216	0.00121205	0.00119159	0.001118	0.0013991	0.000956541	0.00203399	0.00140108	0.00230015	0.00607157	0.00266432	0.00132904	0.5151	0.237705	0.00703553	0.000443752	0.000638491
173	0.00434923	0.00315658	0.000421307	0.0005739	0.0104362	0.000533932	0.000374402	0.0894274	0.000414901	0.772702	0.0477705	0.00252138	0.000991119	0.00253652	0.00262788	0.00118376	0.0015773	0.0579162	0.000210493	0.000275178
174	0.246492	0.00306932	0.008857	0.0475829	0.00623372	0.0122675	0.0112125	0.0973905	0.00766583	0.0557646	0.095939	0.00816605	0.00068111	0.014288	0.0245831	0.0709479	0.0854923	0.180661	0.00291435	0.0197919
175	0.657097	0.00585931	0.00456151	0.00435854	0.000477096	0.223906	0.001274	0.00195409	0.00685934	0.00198821	0.000669345	0.00308123	0.000819839	0.000659423	0.000732454	0.0711826	0.00408165	0.0084846	0.000783149	0.00117026
176	0.027551	0.00642809	0.000279052	0.00473607	0.0204582	0.00125968	0.000353971	0.292129	0.00120791	0.0790799	0.0321638	0.000284041	0.000239554	0.000343325	0.000392462	0.00490489	0.00878039	0.515419	0.00216392	0.00182612
177	0.0614587	0.000223602	0.0381871	0.223363	0.00247361	0.0193992	0.0237807	0.0174008	0.123782	0.0662091	0.0199425	0.0239362	0.000652279	0.136223	0.17516	0.025176	0.025623	0.0134502	0.00183835	0.00172049
178	0.296501	0.011241	0.052073	0.0839378	0.0238679	0.0342674	0.0915398	0.00228894	0.0391618	0.0310561	0.00893671	0.0775836	0.00173167	0.0321246	0.0523403	0.106271	0.0217817	0.0099263	0.000339997	0.0230294
179	0.0138668	0.00132516	0.00339425	0.000246554	0.000184483	0.958714	0.00460837	0.000295255	0.00511726	0.00141012	0.00028876	0.00022458	0.000109939	0.000279655	0.00249087	0.00510937	0.000508874	0.0015922	9.86497e-05	0.000135191
180	0.683044	0.065187	0.00100233	0.00160263	0.000905087	0.00944686	0.00114548	0.016292	0.00117554	0.00500145	0.00710766	0.00126273	0.00103693	0.00110909	0.00119192	0.0127745	0.0188248	0.170211	0.000893299	0.000785236
181	0.0345061	0.0165006	0.0256822	0.0195392	0.00295421	0.0231167	0.00322557	0.0748103	0.0335564	0.0270726	0.0200369	0.0124495	0.00088386	0.0168275	0.308307	0.0685311	0.214059	0.0962479	0.000658685	0.00103422
182	0.00840266	0.00206168	0.00209262	0.00248579	0.00247256	0.00303775	0.452714	0.0161276	0.00250158	0.0460921	0.119412	0.00322611	0.00180184	0.291628	0.00313119	0.00869713	0.00941161	0.0226939	0.000798131	0.0012122
183	0.0259029	0.00611109	0.000265612	0.00462242	0.0207746	0.00123775	0.000331213	0.29271	0.00118391	0.0782401	0.0332823	0.000288107	0.000170325	0.000371983	0.000355692	0.00496748	0.00877941	0.516642	0.00202966	0.00173408
184	0.011713	0.00286659	0.00315458	0.00401464	0.00292786	0.00405758	0.550227	0.00788538	0.00329189	0.0180178	0.0389899	0.00704519	0.00182753	0.261194	0.00460882	0.0278023	0.0359565	0.0110228	0.00142852	0.00196828
185	0.0138612	0.00144611	0.00340669	0.000252789	0.000188356	0.958295	0.00459627	0.000306992	0.00509993	0.00149063	0.0003015	0.000229936	0.000109565	0.000292812	0.00247827	0.0051414	0.000603269	0.00163652	9.97394e-05	0.000163005
186	0.168823	0.257058	0.00100874	0.00158942	0.0162959	0.00123366	0.00511132	0.0175657	0.00091161	0.00258957	0.0107036	0.00109986	0.0186063	0.00118458	0.00120704	0.0582423	0.304146	0.131697	0.000432655	0.000494016
187	0.0456202	0.0044682	0.000471107	0.00239007	0.0196091	0.000968058	0.000557505	0.335035	0.00135694	0.121417	0.0783695	0.000706561	0.000747035	0.00223888	0.00224974	0.00581896	0.0115388	0.358167	0.00715115	0.00111929
188	0.0470954	0.00760445	0.0171814	0.00971083	0.00730023	0.122425	0.0129474	0.0700764	0.00863153	0.103494	0.0184304	0.2123	0.00562125	0.047752	0.0158486	0.0678787	0.0940923	0.123462	0.00397239	0.00417425
