214	20
1	0.00257029	0.000870701	0.00324696	0.00166331	0.0348657	0.000470718	0.00340092	0.480981	0.001656	0.338095	0.0236923	0.000442199	0.000233842	0.000965335	0.000414905	0.000700519	0.00412916	0.0880837	0.00428802	0.00922953
2	0.0135795	0.00284502	0.0018339	0.00322675	0.0314439	0.0018886	0.00405697	0.262864	0.00550337	0.301236	0.179936	0.00762401	0.00145455	0.00501541	0.00331802	0.00561332	0.017812	0.134589	0.00108947	0.0150707
3	0.0240471	0.00398109	0.36749	0.147177	0.0059099	0.0242806	0.0803069	0.00438192	0.0334298	0.00881397	0.00653853	0.101813	0.00329619	0.0743217	0.03036	0.0519581	0.0196359	0.00659141	0.00213948	0.00352659
4	0.014126	0.00409923	0.000538418	0.000922591	0.0316474	0.000670113	0.000583445	0.207351	0.000891218	0.0768736	0.00705517	0.000709684	0.000466516	0.000729524	0.000875447	0.00134127	0.00875358	0.638238	0.000197964	0.00392993
5	0.0405057	0.862233	0.00215673	0.00273867	0.00244816	0.00220164	0.00226907	0.00307471	0.00260939	0.00647859	0.00229371	0.00235336	0.0162983	0.00236398	0.00243344	0.0334214	0.00778631	0.00414774	0.000516388	0.00166946
6	0.0902785	0.000359256	0.00228371	0.00115561	0.00284406	0.839098	0.000922475	0.00865313	0.00742414	0.00142112	0.00185346	0.00453914	0.000558683	0.00128676	0.00298208	0.0143723	0.00894572	0.0101376	0.000177725	0.000706412
7	0.067352	0.00326259	0.018942	0.00559729	0.00460918	0.202168	0.0038578	0.00865976	0.00589506	0.00850367	0.00547762	0.0461018	0.00280847	0.00505385	0.0049618	0.468974	0.123618	0.00935976	0.00136706	0.00342994
8	0.0592792	0.00885502	0.0170353	0.0183422	0.114924	0.0171566	0.297879	0.0196236	0.020059	0.0349695	0.0220056	0.0523483	0.00871184	0.0749331	0.0212148	0.0577527	0.040627	0.0394173	0.0254032	0.0494623
9	0.140675	0.0111903	0.0444797	0.186035	0.0133458	0.0225842	0.0166839	0.0223918	0.0433312	0.030402	0.019495	0.0255592	0.0166699	0.0301911	0.0309476	0.0701009	0.212412	0.0468164	0.00372618	0.0129625
10	0.0647814	0.00363982	0.0326898	0.0291167	0.0355873	0.00577235	0.214803	0.0092588	0.00774934	0.00997535	0.0574545	0.0534117	0.00369023	0.0306339	0.0697861	0.0377883	0.0359397	0.196138	0.0502074	0.051577
11	0.36803	0.00192234	0.00235958	0.0370585	0.0140434	0.0073317	0.00273435	0.00436929	0.00387909	0.0050129	0.00587114	0.0132734	0.00265823	0.00382954	0.00347963	0.312211	0.17746	0.0315376	0.00080884	0.00212876
12	0.00269092	0.000902135	0.00338545	0.00169295	0.0340583	0.000456125	0.00344981	0.481202	0.0016816	0.333802	0.0237985	0.000447407	0.000231726	0.00097804	0.000524178	0.000704185	0.00423466	0.0918515	0.0043752	0.0095334
13	0.225693	0.0192454	0.00403134	0.0154274	0.0563086	0.0254751	0.0130251	0.0283165	0.00736598	0.106633	0.071864	0.0152931	0.00666596	0.00459429	0.00835793	0.157545	0.0842996	0.0877609	0.00752259	0.0545752
14	0.0727859	0.00400452	0.00195821	0.0119906	0.148085	0.0183216	0.170056	0.00351968	0.00890936	0.0469146	0.00398068	0.120338	0.00156776	0.0309739	0.00727217	0.124124	0.0485643	0.0114867	0.0186004	0.146547
15	0.166286	0.0103569	0.0542846	0.0235757	0.00605141	0.483153	0.0144865	0.0100174	0.033051	0.0114125	0.0106331	0.0369496	0.0109921	0.015583	0.0378933	0.0338625	0.0216191	0.0130666	0.00135296	0.00537243
16	0.00250925	0.000866977	0.00326015	0.00166501	0.0348576	0.000471219	0.00337874	0.481011	0.00165553	0.338728	0.023588	0.00044508	0.000233147	0.000959555	0.000413188	0.000703112	0.00412004	0.0875759	0.00432788	0.00923016
17	0.0316381	0.00926716	0.0674918	0.0509001	0.00287578	0.0155323	0.0662671	0.0299299	0.179195	0.0767033	0.0191537	0.0363131	0.0465199	0.0391336	0.274952	0.0091451	0.0324313	0.00589432	0.00466611	0.00198985
18	0.0642309	0.00123653	0.130014	0.0876948	0.0111666	0.0621698	0.0433261	0.00247452	0.0737214	0.0306655	0.0125336	0.0996486	0.0133425	0.153213	0.0677387	0.0837883	0.0434704	0.00413372	0.000365145	0.0150655
19	0.0178422	0.000348032	0.000451305	0.0053418	0.0269533	0.000617406	0.00685924	0.101133	0.00171995	0.709956	0.0379802	0.00239021	0.000326852	0.00431092	0.0047174	0.00431472	0.00275223	0.059524	0.000160239	0.0123012
20	0.0126924	0.000673974	0.000692989	0.00270521	0.0416578	0.00116282	0.00574352	0.110142	0.00117828	0.579634	0.125039	0.00416352	0.000487846	0.00380342	0.00214897	0.00460161	0.00794349	0.0739235	0.00143745	0.0201684
21	0.0759962	0.00167129	0.0259265	0.0484362	0.0137856	0.0272906	0.0356997	0.0136441	0.118487	0.0206281	0.0116273	0.042104	0.123814	0.033054	0.0673563	0.163756	0.126591	0.0281254	0.00264155	0.0193653
22	0.033164	0.00786975	0.150313	0.253681	0.00181455	0.0360356	0.0149188	0.00210617	0.118706	0.00317845	0.00827716	0.00876077	0.244978	0.0219531	0.0348712	0.0434399	0.0104908	0.00370502	0.000494918	0.00124188
23	0.0126486	0.000254302	0.000342986	0.000444963	0.0149163	0.000445559	0.000374789	0.493307	0.000538531	0.15384	0.0173801	0.000456641	0.000293566	0.000427394	0.00405365	0.000765996	0.00424706	0.294483	0.000128112	0.000651947
24	0.01554	0.000656185	0.0821706	0.172646	0.00519623	0.0437094	0.0402145	0.00204914	0.204378	0.0047974	0.00191637	0.0692742	0.0201938	0.0588905	0.100107	0.0528953	0.115627	0.00833924	0.000251671	0.001148
25	0.0212221	0.00539951	0.000893616	0.00338228	0.0908385	0.00142845	0.00777007	0.151907	0.00126543	0.403412	0.144372	0.00402642	0.000676238	0.00339312	0.00139301	0.00415792	0.00842604	0.128594	0.00111192	0.0163308
26	0.0126486	0.000254302	0.000342986	0.000444963	0.0149163	0.000445559	0.000374789	0.493307	0.000538531	0.15384	0.0173801	0.000456641	0.000293566	0.000427394	0.00405365	0.000765996	0.00424706	0.294483	0.000128112	0.000651947
27	0.177128	0.0423588	0.035561	0.01835	0.0103207	0.0239247	0.0631163	0.0135934	0.0153854	0.0252583	0.0780529	0.0137533	0.11223	0.01487	0.0097084	0.240869	0.0689927	0.0236535	0.00315269	0.0097202
28	0.089711	0.000394774	0.00275157	0.00135585	0.00288788	0.840926	0.000914034	0.00841808	0.00666229	0.00136969	0.00116401	0.0052178	0.000689994	0.000984606	0.00205643	0.0142574	0.00892421	0.0104288	0.000202802	0.000682914
29	0.132622	0.00368169	0.0124201	0.0334155	0.00248701	0.0296362	0.00299287	0.00581638	0.0267912	0.0167011	0.00502452	0.00574622	0.616033	0.00840606	0.0173773	0.0423287	0.0252007	0.0088999	0.000638796	0.00378072
30	0.0903611	0.000349454	0.00178802	0.000782151	0.00292391	0.845526	0.000575233	0.00849537	0.00637315	0.00120516	0.00113889	0.00415264	0.000511538	0.000822366	0.00207913	0.0135826	0.00872608	0.00995414	0.000190676	0.000462313
31	0.0401981	0.862709	0.0021281	0.0027667	0.00222766	0.00228446	0.00223377	0.00302233	0.00272249	0.00626612	0.00263533	0.00228339	0.0162723	0.00234171	0.00230925	0.0334882	0.00779378	0.00401878	0.000636612	0.00166231
32	0.132131	0.00279044	0.0149581	0.0289448	0.00236867	0.0287846	0.00410235	0.00668003	0.0253641	0.0184641	0.00454903	0.00517546	0.614321	0.00824609	0.0167577	0.0463315	0.0250942	0.010571	0.000720603	0.00364475
33	0.0214297	0.00432644	0.000765705	0.00143745	0.0191207	0.00119176	0.00108389	0.277722	0.00335729	0.0569282	0.00822353	0.00144528	0.00257459	0.00118838	0.0026097	0.00493556	0.0115106	0.575921	0.000400965	0.00382701
34	0.039981	0.861893	0.00207938	0.00256282	0.00220739	0.00219572	0.00226446	0.00357826	0.00256535	0.00680491	0.00236411	0.00221941	0.0162115	0.00232581	0.00286087	0.0333126	0.0079749	0.00431842	0.000585987	0.00169408
35	0.0167884	0.00465261	0.0004943	0.000553081	0.0098676	0.000547935	0.000472634	0.274694	0.000750355	0.0301869	0.00230953	0.000618005	0.00235826	0.000640937	0.000555186	0.00361147	0.00521731	0.642309	0.000163421	0.00320908
36	0.0786667	0.0810394	0.00407724	0.00601361	0.0411358	0.0135913	0.00577003	0.167701	0.00740923	0.047542	0.106114	0.00476122	0.00279655	0.0117381	0.0075675	0.0777485	0.20072	0.126216	0.00108806	0.00830344
37	0.185387	0.0116619	0.113993	0.0282942	0.00429581	0.0466805	0.0785208	0.00655069	0.0123104	0.00836708	0.0137054	0.0157941	0.183715	0.0223142	0.00643353	0.211063	0.0351436	0.0104933	0.00116419	0.00411285
38	0.00937904	0.00476421	0.00352499	0.00224228	0.0388479	0.000909804	0.0125323	0.444049	0.0021445	0.269167	0.0518931	0.00107801	0.000510122	0.00510461	0.000914179	0.00171145	0.0109186	0.125907	0.00250551	0.0118965
39	0.254209	0.00122441	0.0923426	0.237686	0.00196489	0.0114654	0.034204	0.0110895	0.0580922	0.0427181	0.0109817	0.0255013	0.00140383	0.0357147	0.022373	0.0344762	0.0345758	0.0204617	0.0227742	0.0467414
40	0.0178002	0.00034748	0.000443772	0.00530789	0.0270419	0.000617341	0.00686463	0.101013	0.0016987	0.710092	0.0381838	0.00237165	0.000325218	0.00427435	0.00468957	0.0042976	0.00276615	0.0594315	0.000160486	0.0122727
41	0.65454	0.0289037	0.000757416	0.00106158	0.000731952	0.0451204	0.000647965	0.00503753	0.00088023	0.0203999	0.0134427	0.000942845	0.00227703	0.00236454	0.000799019	0.146047	0.042273	0.0330336	0.000185434	0.000553978
42	0.0437039	0.00586875	0.0631811	0.139538	0.0181133	0.0417955	0.0114906	0.00375184	0.0874608	0.113426	0.0489581	0.022962	0.000991827	0.0812401	0.145371	0.0984049	0.0463296	0.0193562	0.000289366	0.00776704
43	0.012628	0.00117402	0.225285	0.103666	0.00174759	0.312904	0.00968815	0.00281857	0.0242659	0.00320184	0.00194848	0.224673	0.00112898	0.0314812	0.0234179	0.0102367	0.00396282	0.00365656	0.000584465	0.00153115
44	0.0927523	0.0124419	0.00209971	0.00768334	0.0110368	0.00743838	0.0169849	0.144536	0.0116871	0.0758894	0.0130132	0.0274054	0.00156073	0.0022508	0.0025777	0.0371141	0.154318	0.330692	0.00562475	0.0428943
45	0.00907193	0.0250412	0.00272023	0.0038123	0.00412983	0.0139127	0.00217664	0.29003	0.027011	0.0588007	0.0239951	0.00296499	0.00159249	0.00284406	0.0485477	0.010535	0.274349	0.195532	0.000704337	0.00222857
46	0.00817274	0.00216183	0.00208162	0.00156456	0.0370058	0.000501216	0.00531831	0.441561	0.00128526	0.296141	0.0398566	0.00060286	0.000276399	0.00173838	0.00078431	0.000831606	0.00650337	0.143663	0.00249936	0.0074513
47	0.234707	0.151345	0.00259349	0.00367972	0.0281502	0.0173893	0.00267858	0.0302665	0.00426908	0.0674569	0.0174289	0.00348316	0.00197739	0.00342733	0.0034777	0.0195225	0.248114	0.113982	0.000964508	0.0450866
48	0.0665501	0.0282424	0.00370419	0.00503427	0.00253381	0.00286003	0.00346527	0.0161097	0.0111633	0.00750095	0.00455153	0.00985347	0.00155403	0.00412121	0.00259649	0.113079	0.67576	0.0388738	0.000573366	0.00187387
49	0.0108591	0.00237967	0.00330007	0.00480598	0.444233	0.00414324	0.00523257	0.0152802	0.00506659	0.0710256	0.00834284	0.00460144	0.00292087	0.00416481	0.00505049	0.0079864	0.00849069	0.0128859	0.00137107	0.37786
50	0.0950258	0.00101133	0.00178244	0.000760439	0.00284142	0.838804	0.000628251	0.00845628	0.00626914	0.00147969	0.00107928	0.0042162	0.000495218	0.000826536	0.00195242	0.01456	0.00897324	0.010182	0.000183661	0.000472968
51	0.0342344	0.00529683	0.402154	0.172149	0.0072803	0.0165589	0.0352887	0.0087796	0.0311986	0.0146144	0.00876711	0.06136	0.00935975	0.0811087	0.0255771	0.0443146	0.0205068	0.0128805	0.00379931	0.00477154
52	0.0653923	0.0205245	0.0052562	0.00535639	0.0075695	0.00540108	0.00532264	0.0270356	0.00558139	0.368419	0.2654	0.00471082	0.0205389	0.00701116	0.00557677	0.00953737	0.074921	0.09064	0.00125847	0.00454668
53	0.00876864	0.000982693	0.000939029	0.0014947	0.0318322	0.00110373	0.0032152	0.150481	0.00142071	0.403224	0.241402	0.008559	0.00077696	0.00542689	0.00134311	0.00694872	0.0159021	0.093301	0.000322966	0.0225558
54	0.0417701	0.000810808	0.00123321	0.00172298	0.00139192	0.00177766	0.00642334	0.0017724	0.272448	0.00276911	0.00153416	0.0280986	0.000770179	0.0177581	0.518276	0.066885	0.0199518	0.0131963	0.000394955	0.00101585
55	0.0266686	0.00442335	0.000792145	0.00119558	0.0251351	0.0012052	0.000928026	0.20733	0.0023348	0.0782896	0.00765427	0.0012385	0.000987912	0.00102035	0.00152865	0.00313259	0.00919499	0.622184	0.000325791	0.00443023
56	0.043507	0.0104505	0.0235206	0.0228117	0.00950963	0.0158412	0.0184447	0.0259497	0.206702	0.0654475	0.0855203	0.0159593	0.120771	0.0314519	0.203689	0.0286491	0.04038	0.0199335	0.00518864	0.00627254
57	0.103712	0.000752348	0.00198685	0.0018078	0.00762137	0.772388	0.00154114	0.0152131	0.00602692	0.00351661	0.00197263	0.00448259	0.00257243	0.00198092	0.00224031	0.0188657	0.0309468	0.0206188	0.000379241	0.00137405
58	0.067401	0.000649421	0.019485	0.0322963	0.00444323	0.0260439	0.0265707	0.0101248	0.144208	0.0166744	0.0106616	0.0403792	0.0695653	0.030779	0.0933184	0.230428	0.16067	0.0131879	0.000307371	0.00280658
59	0.0143705	0.00731331	0.425594	0.0506829	0.0078661	0.012369	0.060936	0.00234449	0.0449185	0.00462918	0.00827597	0.130291	0.0015458	0.0662538	0.05054	0.08323	0.0232951	0.00308511	0.000419122	0.00204022
60	0.0169163	0.00415629	0.000472855	0.000536716	0.00835843	0.000559182	0.000467817	0.282417	0.000743238	0.0271167	0.00199249	0.000591954	0.00237349	0.000609994	0.000550376	0.0037174	0.00484079	0.640019	0.000178575	0.00338168
61	0.0128839	0.00256707	0.0228078	0.0960791	0.00453961	0.00485	0.0394812	0.00730125	0.266233	0.0288485	0.00553027	0.00834624	0.0032948	0.122464	0.270691	0.0286558	0.0132832	0.0565587	0.00116484	0.00441976
62	0.031198	0.00213152	0.0025377	0.0130603	0.0674967	0.00296948	0.00272663	0.280285	0.00603738	0.0370547	0.11971	0.00324428	0.0239328	0.00308076	0.00278093	0.00671672	0.0560286	0.334345	0.000733835	0.00393036
63	0.0137703	0.00395453	0.000524709	0.000834359	0.0312655	0.00062255	0.000544281	0.222387	0.000832403	0.0817438	0.00760596	0.000687358	0.000396176	0.000673317	0.00103005	0.00119414	0.008501	0.619507	0.000181421	0.00374461
64	0.0749579	0.00393808	0.0152729	0.0269514	0.0998615	0.0143855	0.101975	0.0125047	0.0240793	0.0324148	0.0110312	0.0741831	0.0301074	0.0378447	0.0159988	0.0962895	0.08045	0.0649426	0.0141761	0.168636
65	0.0645728	0.00284406	0.0215794	0.00531313	0.00454852	0.196971	0.00313017	0.00746336	0.00524081	0.00807411	0.00501784	0.0546308	0.002779	0.00459414	0.00428473	0.506683	0.0887893	0.00864592	0.0012405	0.00359782
66	0.124018	0.0175384	0.00345019	0.00402366	0.0205932	0.0195348	0.00324158	0.0911573	0.00468199	0.0250038	0.00468569	0.00408951	0.201413	0.00358806	0.00392053	0.0886644	0.115077	0.261118	0.00131064	0.00289009
67	0.0545541	0.00194197	0.0307763	0.0158	0.0580837	0.0177936	0.0326485	0.0166475	0.00406125	0.336052	0.138821	0.0135737	0.020294	0.0536493	0.0151238	0.0424499	0.0358868	0.0870276	0.000675302	0.0241397
68	0.0260933	0.000573804	0.419752	0.310883	0.000940483	0.00966704	0.0209336	0.00163043	0.0193831	0.00565279	0.0011803	0.0245996	0.000680883	0.119359	0.00556746	0.0194914	0.00620929	0.0020904	0.004399	0.000914016
69	0.655977	0.0287926	0.000760054	0.00106995	0.000745781	0.0446051	0.000643668	0.00501922	0.000865733	0.0202463	0.0132997	0.000953735	0.00228238	0.00232331	0.000811581	0.144762	0.0424998	0.033583	0.000205552	0.000554131
70	0.0308321	0.00182637	0.0012458	0.00953806	0.030528	0.00141777	0.00460188	0.146698	0.0158478	0.474115	0.0310427	0.00255339	0.000803357	0.00525738	0.0124307	0.00971758	0.0036572	0.193803	0.000295456	0.0237882
71	0.134448	0.00106478	0.0468876	0.159696	0.00200526	0.0102327	0.00157287	0.0171459	0.298516	0.00416615	0.00949343	0.0522889	0.00121156	0.0452557	0.106914	0.0460197	0.0575215	0.00348733	0.000522628	0.0015504
72	0.00301311	0.00143158	0.00742196	0.00304738	0.0314408	0.000673274	0.00590016	0.484794	0.00294061	0.313319	0.0261779	0.000590404	0.000337892	0.00177163	0.000561797	0.000945182	0.00614897	0.0868998	0.00486431	0.0177202
73	0.303658	0.0263883	0.0268009	0.0824274	0.0144818	0.0253805	0.0148702	0.0211147	0.0216518	0.0512149	0.0630802	0.0198313	0.0176508	0.0231679	0.0184661	0.133961	0.0665885	0.04691	0.00545727	0.0168984
74	0.0281458	0.00869964	0.04087	0.340013	0.00188354	0.0098693	0.00158962	0.0180817	0.131229	0.0202126	0.0101791	0.0325103	0.0354394	0.180909	0.0498224	0.0116	0.0733466	0.00358378	0.000578184	0.00143726
75	0.102024	0.0461759	0.00362563	0.00515959	0.11119	0.0103759	0.0226081	0.252613	0.00584587	0.019645	0.0596735	0.00750058	0.00347566	0.00870877	0.00538386	0.0529719	0.0686657	0.171424	0.00192045	0.0410136
76	0.0155539	0.00404243	0.000529571	0.000687655	0.0238793	0.000648145	0.000555491	0.198169	0.000853007	0.0648086	0.00513434	0.000660999	0.000650013	0.000715964	0.000677593	0.00137754	0.00830794	0.668815	0.000171832	0.00376212
77	0.00505426	0.00090671	0.00151704	0.00171206	0.563485	0.00188005	0.00982138	0.0643627	0.00185402	0.202805	0.0130956	0.00173085	0.000892293	0.00209092	0.00155273	0.0026345	0.00322828	0.039086	0.00173246	0.0805585
78	0.048259	0.0140928	0.00152662	0.00709261	0.174085	0.00184664	0.00474674	0.17561	0.00291047	0.268227	0.0706744	0.00170711	0.001083	0.00237685	0.00225138	0.00312461	0.00496032	0.203578	0.000693871	0.0111538
79	0.611399	0.014393	0.000805198	0.00117001	0.000891517	0.118298	0.000723919	0.00531064	0.00123468	0.00855812	0.00683718	0.00102147	0.00204711	0.00206924	0.00103035	0.178125	0.0266433	0.01859	0.000219686	0.000632948
80	0.0280088	0.00513515	0.000850761	0.00100551	0.00102163	0.00101461	0.000802789	0.415517	0.00108623	0.0133372	0.00120984	0.00113044	0.0081232	0.000983242	0.00101202	0.0129294	0.00415303	0.500652	0.000277876	0.00174889
81	0.0907713	0.00056424	0.00212649	0.000870972	0.00279817	0.841621	0.0008122	0.00845267	0.00640953	0.00134065	0.00132575	0.00455666	0.000814877	0.000898221	0.00207913	0.0147365	0.0090158	0.0100591	0.000187187	0.000559523
82	0.0343308	0.007156	0.00707222	0.0091946	0.413527	0.00925531	0.0132882	0.0641216	0.00965333	0.143401	0.0650639	0.00789393	0.00723767	0.0101741	0.00922827	0.0200763	0.0233607	0.0589056	0.00758871	0.0794701
83	0.0313033	0.000958987	0.386866	0.317759	0.00168059	0.0121028	0.0216771	0.00232603	0.0230457	0.008066	0.00189121	0.0277343	0.00201441	0.108404	0.0103964	0.0241141	0.0110647	0.00326145	0.00389047	0.00144296
84	0.0522887	0.0129956	0.00798348	0.00926287	0.00678884	0.00595883	0.00774332	0.0301748	0.0298456	0.0217842	0.0164495	0.0240038	0.00462914	0.0101308	0.00849831	0.0736387	0.61802	0.0525092	0.00193701	0.00535693
85	0.0829919	0.0114435	0.00581104	0.0111315	0.0104597	0.00754618	0.00705238	0.0760492	0.0159102	0.0359107	0.039207	0.0118495	0.0144284	0.00692799	0.00744306	0.0862659	0.389441	0.17007	0.00271878	0.00734278
86	0.0874168	0.00344822	0.00166435	0.00803119	0.00553258	0.00257832	0.00171787	0.14353	0.00908776	0.0451942	0.0991722	0.0019121	0.00129425	0.00240786	0.00358367	0.0601871	0.347232	0.174024	0.000459952	0.00152548
87	0.224666	0.00767199	0.00608137	0.00805201	0.0081031	0.0290611	0.00415427	0.050915	0.00927758	0.0224665	0.00666845	0.00571373	0.321765	0.00772243	0.00837665	0.0519708	0.0552681	0.166185	0.00177119	0.00410921
88	0.346584	0.00218777	0.00285928	0.00369807	0.00396526	0.10042	0.00231558	0.0456007	0.00416742	0.0685253	0.019336	0.0163378	0.0822439	0.0286707	0.00359911	0.0827784	0.110266	0.0727256	0.000994104	0.00272534
89	0.0917735	0.00723167	0.00246328	0.0141983	0.0169445	0.0139149	0.0186081	0.163023	0.00859356	0.0693462	0.00986691	0.0379896	0.00169461	0.00270363	0.00300977	0.0431129	0.204028	0.233972	0.0111118	0.0464139
90	0.631941	0.0390788	0.00347827	0.00204513	0.000902769	0.0510798	0.000958671	0.00532041	0.00136351	0.0243978	0.013955	0.00307276	0.0022895	0.0030386	0.000984397	0.137398	0.0444565	0.0313509	0.000383517	0.00250504
91	0.179254	0.00252684	0.00370851	0.0152428	0.0540426	0.0823927	0.0148782	0.0559861	0.00341377	0.27864	0.0696746	0.0146842	0.00255877	0.00546675	0.0139118	0.0595644	0.0197593	0.105217	0.00102616	0.0180512
92	0.245718	0.0222018	0.00546112	0.025997	0.016506	0.011042	0.00807539	0.0266579	0.0105419	0.11262	0.0555051	0.0134538	0.0122683	0.00680607	0.0111441	0.173469	0.130243	0.0697355	0.0126838	0.02987
93	0.012507	0.000893137	0.000890784	0.000811565	0.0214531	0.000456104	0.00219762	0.466148	0.000725597	0.223799	0.027082	0.000434695	0.000285142	0.00104841	0.00231528	0.000730791	0.00469981	0.229588	0.000893015	0.00304038
94	0.017174	0.000543959	0.0899556	0.179111	0.00564598	0.0496569	0.0345272	0.00185777	0.204371	0.00320786	0.00158357	0.0646756	0.0234237	0.0522769	0.0927337	0.0523124	0.119524	0.00633938	0.000236892	0.000842466
95	0.0584076	0.00773279	0.0742422	0.0604902	0.0155494	0.0911775	0.0884954	0.0131589	0.0974277	0.0258619	0.012742	0.176085	0.0133278	0.0472331	0.0490086	0.0756691	0.0512898	0.0195473	0.00501053	0.0175434
96	0.00436847	0.000860999	0.00159542	0.00177426	0.580323	0.00161256	0.00819525	0.0674122	0.00178283	0.192064	0.0108299	0.00165028	0.000927445	0.00183842	0.00159771	0.0027042	0.00325407	0.0400185	0.000755454	0.076435
97	0.0216513	0.00168151	0.0029867	0.00413983	0.207628	0.00349978	0.00296267	0.00475522	0.103686	0.0584043	0.0166753	0.00348859	0.00193717	0.0173049	0.0339129	0.248573	0.0965037	0.00619491	0.00100721	0.163006
98	0.0455682	0.0135439	0.00138527	0.00785271	0.154333	0.00167836	0.00452365	0.188517	0.00373447	0.247398	0.0690699	0.0016209	0.000989288	0.00219803	0.00223269	0.00311182	0.00495763	0.23613	0.00046741	0.0106876
99	0.030319	0.000992215	0.00139644	0.00181636	0.111227	0.00868111	0.0164057	0.0398044	0.00219753	0.489237	0.073612	0.00188213	0.00103621	0.0083	0.00189581	0.0030551	0.00342495	0.0534458	0.0207154	0.130556
100	0.0261956	0.00155252	0.00220882	0.0139506	0.0257668	0.00239114	0.00984814	0.192801	0.237769	0.125836	0.0312865	0.0103121	0.00227496	0.0198969	0.111278	0.00656305	0.0420712	0.131627	0.00145765	0.00491415
101	0.0105081	0.00283732	0.00371196	0.00533784	0.0206439	0.00454804	0.00340718	0.069441	0.0235506	0.290573	0.0707045	0.0194804	0.00270969	0.0516282	0.0821622	0.0230613	0.214191	0.0564449	0.00102697	0.0440313
102	0.0258104	0.00501128	0.00167445	0.00844566	0.0182748	0.00289154	0.00180021	0.199482	0.00907309	0.0623412	0.0988477	0.00242357	0.00418956	0.00207146	0.00514494	0.0404794	0.282161	0.227356	0.000553821	0.00196707
103	0.059527	0.00202269	0.0249154	0.0352879	0.00458073	0.0187043	0.0152806	0.0839982	0.0535886	0.134658	0.0124214	0.0189988	0.257927	0.0187199	0.027282	0.0155125	0.061218	0.138189	0.0120141	0.00515386
104	0.1109	0.000862399	0.00757031	0.130835	0.00143601	0.0315854	0.00146851	0.00814104	0.0576962	0.00958602	0.00820118	0.0135239	0.553941	0.0120164	0.00224066	0.035129	0.00990351	0.00293807	0.00034773	0.00167854
105	0.23714	0.00897066	0.0031473	0.0038896	0.0104754	0.0325573	0.00297703	0.0922511	0.00392144	0.0167301	0.00433401	0.00362474	0.175043	0.00377207	0.00337446	0.0590682	0.0796323	0.255666	0.000961254	0.00246425
106	0.00755046	0.00106194	0.00113256	0.00148935	0.0226838	0.00153083	0.00244379	0.163694	0.00164473	0.363943	0.274327	0.0110421	0.00102751	0.00690437	0.00152089	0.00655496	0.0188993	0.0904197	0.000351628	0.0217778
107	0.0131533	0.000287656	0.000351657	0.000470795	0.0155097	0.00044658	0.000461275	0.487798	0.000534968	0.161521	0.0183182	0.000453941	0.000290236	0.000497124	0.0036909	0.000774316	0.00432439	0.290341	0.000107838	0.000667016
108	0.0157232	0.0070012	0.429307	0.0488663	0.00810826	0.012725	0.0594829	0.00228744	0.0425486	0.0049977	0.0085546	0.129803	0.00162575	0.06881	0.0502077	0.0815957	0.0230043	0.00281409	0.000435043	0.00210185
109	0.0900037	0.000312395	0.00148699	0.000692052	0.0028414	0.84795	0.000537941	0.00856748	0.00587214	0.00114157	0.000878471	0.00409158	0.000429	0.000714359	0.00170807	0.0133891	0.00871292	0.0100407	0.0001857	0.000444827
110	0.00718266	0.00131088	0.00194339	0.00213752	0.438487	0.00172678	0.00716524	0.140451	0.00189613	0.247507	0.0157374	0.00134212	0.000761509	0.00185726	0.00170683	0.0023934	0.00302541	0.0613615	0.00224932	0.0597582
111	0.0025285	0.000873753	0.00325072	0.00166138	0.0348237	0.000472474	0.00337098	0.480983	0.00165255	0.338575	0.0236798	0.000444861	0.000230784	0.000961618	0.000413164	0.000703168	0.0041279	0.0877267	0.00431299	0.00920602
112	0.34001	0.12607	0.0513091	0.0256264	0.00429898	0.0915412	0.00458713	0.00674601	0.00587914	0.112929	0.00675518	0.0331766	0.00396736	0.0226519	0.00515411	0.049648	0.0511448	0.0179397	0.00113987	0.0394255
113	0.151743	0.00115275	0.0114454	0.0194499	0.00156986	0.0300157	0.00132144	0.00389195	0.0207263	0.0155536	0.00255428	0.00331485	0.634611	0.00655559	0.0171206	0.0433546	0.0238414	0.00785986	0.000433664	0.00348419
114	0.122417	0.000997246	0.001811	0.000900459	0.00299557	0.797248	0.000834008	0.008481	0.00632103	0.0017109	0.00136295	0.00406986	0.000662004	0.000976519	0.00225077	0.0250755	0.0105683	0.0105439	0.000243968	0.000529902
115	0.0420668	0.00792922	0.053965	0.0220737	0.0350518	0.0226698	0.194923	0.0148486	0.050485	0.0234621	0.0129016	0.211375	0.00709586	0.0239034	0.0331195	0.09118	0.0864294	0.0283441	0.00740661	0.0307691
116	0.359328	0.0173972	0.00282282	0.00507211	0.00822742	0.0289024	0.00250227	0.0388367	0.00496049	0.0341133	0.00651824	0.00344432	0.0130616	0.00389551	0.00387771	0.0778048	0.0321458	0.353182	0.000921473	0.00298593
117	0.341454	0.149616	0.0418864	0.0244353	0.00546102	0.062452	0.00458166	0.0083152	0.00725875	0.065074	0.0104461	0.0370506	0.00495915	0.0163431	0.00583419	0.114761	0.0458567	0.03141	0.0016012	0.0212036
118	0.314706	0.00302293	0.0023566	0.00375676	0.00308415	0.00350917	0.00215297	0.0187832	0.00360992	0.0194519	0.0203486	0.0031946	0.00154611	0.00299296	0.00299894	0.106752	0.369594	0.11519	0.000799428	0.0021506
119	0.0200119	0.00361121	0.000558249	0.000687533	0.000809724	0.000722979	0.000513356	0.418066	0.0007988	0.00816466	0.000795672	0.000718083	0.0055885	0.000711752	0.000684657	0.00764126	0.00410446	0.523913	0.000198673	0.00169947
120	0.0308155	0.00487139	0.00173704	0.00930001	0.00676395	0.00260316	0.00151912	0.175047	0.0108777	0.0564331	0.0990837	0.00180487	0.00116142	0.00198449	0.00469577	0.0532381	0.349152	0.187116	0.000408017	0.00138715
121	0.0899545	0.000537196	0.00223443	0.00106849	0.00299001	0.842447	0.000548963	0.00856039	0.00686704	0.00132429	0.00124727	0.00452271	0.000535333	0.000998638	0.00221578	0.0136683	0.00876154	0.0106312	0.0001855	0.000701729
122	0.239879	0.0234881	0.00627358	0.0273648	0.0161086	0.0118579	0.00882971	0.0282771	0.0119879	0.111928	0.0522366	0.0131728	0.0110879	0.0055574	0.0131015	0.170071	0.13219	0.0676848	0.0150927	0.0338106
123	0.0243584	0.00134746	0.0014247	0.0104709	0.0245654	0.00184943	0.00786558	0.238619	0.196677	0.126152	0.0379988	0.00862383	0.0011643	0.0136838	0.0911369	0.00520494	0.0474926	0.156708	0.000496648	0.00415981
124	0.151118	0.000972271	0.0118536	0.012079	0.00139757	0.0315119	0.0010586	0.00247298	0.0192152	0.0157946	0.00189201	0.00229059	0.643604	0.00672813	0.0192306	0.0456719	0.0244057	0.00532593	0.00030851	0.00306855
125	0.123926	0.0941927	0.002313	0.00331196	0.0766262	0.0376225	0.00610618	0.183096	0.00376405	0.0228968	0.12028	0.00308872	0.00193575	0.0238846	0.00345274	0.0857012	0.0582655	0.139156	0.000844713	0.00953541
126	0.346648	0.0183895	0.00118774	0.00155186	0.0073637	0.0234548	0.00137455	0.0453756	0.00193172	0.0361732	0.00161699	0.00161991	0.00124213	0.00162923	0.00187671	0.0500852	0.00938026	0.447645	0.000375503	0.0010783
127	0.0202115	0.00366889	0.000564355	0.000694637	0.000727858	0.000735168	0.000512907	0.419443	0.000821776	0.00793627	0.000763818	0.000726996	0.00570729	0.000713001	0.00068724	0.00779873	0.00411775	0.522288	0.000202353	0.0016787
128	0.581757	0.0142148	0.000725047	0.00473424	0.0019089	0.0460349	0.000825604	0.00386726	0.00109245	0.010648	0.0123445	0.00196966	0.00293518	0.00421405	0.000968793	0.196764	0.0884863	0.0257116	0.000197925	0.000599586
129	0.0902152	0.0003303	0.00168301	0.000711254	0.00281312	0.846112	0.000663672	0.00848997	0.00607098	0.00135014	0.000924253	0.00412941	0.000474071	0.000794405	0.00186385	0.0135026	0.00886579	0.0103602	0.000184419	0.000461635
130	0.0151819	0.00260876	0.00377453	0.00603702	0.534047	0.00467117	0.0100005	0.0557763	0.00658215	0.14689	0.0150863	0.00595872	0.00519736	0.00618361	0.00554338	0.0110826	0.0119367	0.0389325	0.00482218	0.109688
131	0.0763507	0.00064717	0.124202	0.405121	0.00136135	0.0330007	0.0207095	0.00495224	0.0589503	0.0180273	0.00276889	0.0308996	0.00914643	0.0501448	0.0441125	0.0516331	0.053117	0.00913041	0.000647931	0.00507737
132	0.175737	0.00141868	0.0200916	0.00699836	0.00155472	0.0393761	0.00218388	0.00271488	0.0285833	0.0225173	0.00225072	0.00258022	0.558011	0.00919418	0.0289437	0.05287	0.0360236	0.00498628	0.000536977	0.00342812
133	0.0897936	0.00137924	0.0827214	0.114171	0.0145758	0.0277693	0.0271094	0.0807328	0.0525248	0.11963	0.0423669	0.0301255	0.00314348	0.0342411	0.0346414	0.0229253	0.0378621	0.146514	0.00556101	0.0322109
134	0.0265495	0.000580667	0.41603	0.312676	0.000941173	0.0098913	0.0210335	0.00167055	0.0195766	0.00585447	0.0011931	0.0248694	0.000742649	0.118516	0.0059655	0.0199186	0.00654889	0.00216368	0.00431203	0.000966702
135	0.0054643	0.0010963	0.00254655	0.00133483	0.0284312	0.000445409	0.00391259	0.478645	0.00135759	0.283007	0.029163	0.000416804	0.000242737	0.00127829	0.00110687	0.000623942	0.00522072	0.144658	0.00282119	0.00822856
136	0.0149232	0.00067485	0.000543804	0.00381578	0.0302602	0.000720206	0.00580781	0.0980511	0.00137419	0.664904	0.0784838	0.00282854	0.000625788	0.00360717	0.00324292	0.00426456	0.00648204	0.0669017	0.000207442	0.0122814
137	0.113493	0.00107834	0.0596524	0.112194	0.00612435	0.0131246	0.0432176	0.0303767	0.0270862	0.151112	0.065125	0.0190141	0.00221988	0.0798715	0.0556534	0.0639011	0.0482976	0.0612183	0.00152323	0.0457167
138	0.611368	0.0144812	0.000806057	0.00116808	0.000882918	0.117835	0.00072501	0.00531629	0.00122369	0.00860543	0.00686533	0.00102325	0.00201613	0.00206563	0.00103172	0.178444	0.0267241	0.0185664	0.000219738	0.00063173
139	0.0130432	0.000277037	0.00035338	0.00045427	0.0151854	0.000448178	0.000397951	0.490428	0.000536	0.157371	0.0176254	0.000457422	0.000294229	0.00042524	0.00385044	0.000777507	0.00431903	0.29303	0.000101928	0.000624782
140	0.0159838	0.00485774	0.000585742	0.00132889	0.0356383	0.000712003	0.000616012	0.191334	0.00204268	0.0882482	0.00944018	0.000750979	0.000404691	0.000878611	0.00113074	0.00162707	0.00918261	0.629666	0.000208278	0.0053642
141	0.0836417	0.00128947	0.103601	0.143515	0.0148507	0.038532	0.021283	0.0940384	0.0784796	0.0656939	0.0339597	0.0251251	0.00230061	0.0437507	0.0259833	0.0102021	0.028595	0.146743	0.00965477	0.0287616
142	0.0189572	0.00295328	0.00420681	0.0248994	0.00552256	0.00559661	0.00459647	0.156023	0.00616746	0.0091166	0.00609261	0.545596	0.00318613	0.00477111	0.00540576	0.0280066	0.0544171	0.108751	0.00152377	0.00421035
143	0.293062	0.0952196	0.0345129	0.136078	0.0178004	0.0208766	0.00324026	0.0194535	0.018783	0.0391699	0.0470883	0.0462276	0.0157307	0.0501368	0.0170166	0.053707	0.0238197	0.0632099	0.00106384	0.00380353
144	0.017037	0.00306231	0.00417883	0.00574975	0.355527	0.0055234	0.0113154	0.0117442	0.00821428	0.0551011	0.00963275	0.00992413	0.00367164	0.00881179	0.00740799	0.0196823	0.01632	0.0165671	0.00214008	0.428389
145	0.0737544	0.000558387	0.0174775	0.0327123	0.00482601	0.0301399	0.0264544	0.0117544	0.16035	0.0155071	0.0116543	0.0353822	0.0741957	0.0298719	0.100637	0.203975	0.15559	0.0122842	0.000250468	0.0026238
146	0.043419	0.00317231	0.0786193	0.178132	0.0071485	0.0505058	0.0622879	0.0103529	0.0676147	0.0202648	0.0107327	0.0329972	0.0155102	0.0371282	0.151525	0.140296	0.0683441	0.0136898	0.00153592	0.0067239
147	0.34676	0.0183737	0.00118436	0.00154281	0.00735117	0.0235176	0.00135032	0.0452752	0.00193342	0.0362923	0.00163086	0.00152644	0.00101901	0.00161431	0.00185793	0.0499634	0.00913593	0.448213	0.000375143	0.00108292
148	0.144646	0.00905878	0.00267834	0.00449784	0.0167357	0.00982053	0.00362232	0.188373	0.00416109	0.0630123	0.0106099	0.00687368	0.00576584	0.00375321	0.00339112	0.0211491	0.0215611	0.473249	0.00090387	0.0061371
149	0.0720376	0.000551665	0.0178665	0.0327373	0.00465082	0.0292736	0.026406	0.0112521	0.164489	0.0160956	0.0119349	0.0358882	0.0714738	0.0300692	0.102236	0.201889	0.156008	0.0121587	0.000247073	0.00273578
150	0.083525	0.000523347	0.128821	0.434018	0.000839026	0.0310959	0.0189071	0.00537258	0.0459719	0.0176927	0.00212756	0.0280917	0.00772043	0.0509823	0.0384099	0.0484849	0.0417966	0.00952588	0.000723547	0.00537016
151	0.126599	0.00158016	0.0209439	0.010523	0.00406285	0.633255	0.00363025	0.00797755	0.0632037	0.00607943	0.0125568	0.00776811	0.00325106	0.00846177	0.0308201	0.0283086	0.0164419	0.0110876	0.00046082	0.00298879
152	0.117492	0.0138006	0.160021	0.0540146	0.0128783	0.0466944	0.040655	0.0159416	0.0427935	0.0256835	0.0167763	0.144746	0.0202946	0.0458655	0.0343636	0.124234	0.0420434	0.0250864	0.00389999	0.0127157
153	0.0570748	0.000887755	0.0174237	0.0305305	0.00146298	0.0112298	0.00489727	0.0691118	0.0680124	0.181464	0.0140094	0.0111674	0.232893	0.0259014	0.0416019	0.0152746	0.079477	0.132397	0.00397526	0.00120758
154	0.126588	0.000925757	0.0212538	0.0466624	0.0150941	0.0104335	0.0166823	0.0568879	0.215395	0.0550755	0.00985875	0.0166001	0.0528377	0.0425876	0.106186	0.0268362	0.063377	0.101043	0.000367891	0.0153069
155	0.553211	0.0138594	0.00286542	0.00215766	0.00230874	0.128595	0.00169844	0.0112076	0.00302467	0.010356	0.00763717	0.00484449	0.00346999	0.00357187	0.00179786	0.194743	0.03306	0.0196029	0.000610383	0.00137868
156	0.00992576	0.0037235	0.00331741	0.0136503	0.0139648	0.00261721	0.00257713	0.0498083	0.229972	0.168782	0.0422125	0.0135708	0.00307564	0.215866	0.158608	0.00447357	0.014179	0.0156407	0.0216575	0.0123779
157	0.0915763	0.00448455	0.0455219	0.0701246	0.0357157	0.0209311	0.0567262	0.0227205	0.0659273	0.0365021	0.0141984	0.0529487	0.104904	0.0327643	0.0279056	0.0880377	0.106234	0.0654195	0.00829904	0.0490588
158	0.0717594	0.00569278	0.0101607	0.0150735	0.264291	0.0130616	0.0595718	0.0212068	0.0150295	0.0483334	0.0260651	0.0169102	0.00786806	0.0247969	0.0222148	0.0399544	0.0343367	0.0792901	0.172906	0.051477
159	0.0470824	0.00699853	0.0173601	0.0258511	0.00824847	0.0143493	0.0197375	0.017814	0.17681	0.0349265	0.0142262	0.0258611	0.0156552	0.0300331	0.424253	0.0525676	0.0334314	0.0238363	0.00414319	0.00681476
160	0.121646	0.00083558	0.00230209	0.0011377	0.00279313	0.795927	0.000711723	0.00822755	0.00754826	0.00178598	0.00147172	0.00429589	0.000756123	0.00132984	0.00287136	0.0255345	0.00966085	0.0104105	0.000222522	0.000531542
161	0.00250925	0.000866977	0.00326015	0.00166501	0.0348576	0.000471219	0.00337874	0.481011	0.00165553	0.338728	0.023588	0.00044508	0.000233147	0.000959555	0.000413188	0.000703112	0.00412004	0.0875759	0.00432788	0.00923016
162	0.218723	0.0174911	0.122746	0.0316472	0.00574221	0.164487	0.0687889	0.00786594	0.0243954	0.0132272	0.00968235	0.0353642	0.097794	0.015997	0.010744	0.103159	0.0337208	0.0111602	0.00146106	0.00580296
163	0.0238874	0.00880143	0.0275483	0.131822	0.0406485	0.0107736	0.00278661	0.0870333	0.0286445	0.119303	0.03675	0.0369327	0.0248075	0.00279318	0.0327631	0.0615675	0.0787762	0.216823	0.00952423	0.0180139
164	0.0126051	0.000257595	0.000339858	0.000440564	0.0150324	0.000456234	0.000392028	0.493302	0.000532107	0.15467	0.0175216	0.000448444	0.00029954	0.000444295	0.00403569	0.000762035	0.00423187	0.29342	0.000138523	0.000670009
165	0.110048	0.000895301	0.00862103	0.133153	0.00144253	0.0304427	0.00158753	0.00780962	0.0604107	0.00897339	0.00775156	0.0134294	0.551549	0.0111445	0.00230701	0.0354954	0.0100964	0.00286429	0.000346495	0.00163155
166	0.0667763	0.0010215	0.145214	0.0897287	0.00973315	0.0761124	0.0528854	0.00188227	0.0751775	0.0357853	0.00997878	0.131037	0.00687207	0.128452	0.072977	0.0557511	0.0211937	0.00261358	0.000385362	0.0164228
167	0.0993269	0.00112615	0.00889729	0.00290152	0.00345584	0.667511	0.0024154	0.00826891	0.0100523	0.00346801	0.00314556	0.014123	0.00225566	0.00244938	0.00507427	0.130231	0.0241007	0.00900388	0.000492127	0.00170168
168	0.0900037	0.000312395	0.00148699	0.000692052	0.0028414	0.84795	0.000537941	0.00856748	0.00587214	0.00114157	0.000878471	0.00409158	0.000429	0.000714359	0.00170807	0.0133891	0.00871292	0.0100407	0.0001857	0.000444827
169	0.030319	0.000992215	0.00139644	0.00181636	0.111227	0.00868111	0.0164057	0.0398044	0.00219753	0.489237	0.073612	0.00188213	0.00103621	0.0083	0.00189581	0.0030551	0.00342495	0.0534458	0.0207154	0.130556
170	0.148818	0.00803829	0.0241194	0.11005	0.0238292	0.0729258	0.00882328	0.0104908	0.142083	0.00309752	0.00248134	0.00217603	0.00127183	0.0429098	0.260017	0.0326036	0.0185593	0.0782259	0.000563893	0.00891585
171	0.0178002	0.00034748	0.000443772	0.00530789	0.0270419	0.000617341	0.00686463	0.101013	0.0016987	0.710092	0.0381838	0.00237165	0.000325218	0.00427435	0.00468957	0.0042976	0.00276615	0.0594315	0.000160486	0.0122727
172	0.0418817	0.000793471	0.00107363	0.00168556	0.00140459	0.00159482	0.0062786	0.00172383	0.270909	0.00267704	0.00153994	0.0277062	0.000772413	0.01788	0.520914	0.067294	0.0190807	0.013352	0.000403174	0.00103503
173	0.0400783	0.864219	0.00201508	0.00251811	0.00220423	0.00215257	0.00223245	0.00301364	0.00251526	0.00626752	0.00225346	0.00222738	0.0163191	0.0023056	0.0023105	0.0334952	0.00770416	0.00401897	0.000516445	0.0016327
174	0.0404721	0.0182568	0.0445846	0.0331254	0.00237296	0.00576131	0.0335202	0.057115	0.184707	0.117088	0.0220817	0.014578	0.0348666	0.0430334	0.312691	0.00363104	0.016305	0.00413585	0.00948479	0.00218934
175	0.0515251	0.840681	0.00252845	0.00319449	0.00231629	0.00397798	0.00256924	0.00320969	0.00298655	0.00725251	0.00251733	0.00267024	0.016667	0.00256875	0.00245477	0.0368545	0.00868697	0.00482289	0.00053105	0.00198485
176	0.259971	0.0238458	0.113206	0.0276233	0.00477648	0.172903	0.0641135	0.00608287	0.0239491	0.0100708	0.00912269	0.0402805	0.0800227	0.0105303	0.00845242	0.0968409	0.0334153	0.00900318	0.00106654	0.00472287
177	0.0836717	0.000524776	0.128855	0.433838	0.000837137	0.0310205	0.0188628	0.00538312	0.045968	0.0177383	0.00211928	0.0280495	0.00772118	0.0509147	0.0383783	0.0485887	0.0418505	0.0095368	0.000737634	0.00540349
178	0.0201174	0.00362157	0.000560055	0.000694432	0.000766634	0.000732616	0.000513335	0.418848	0.00080464	0.00802953	0.000783817	0.000725608	0.00564018	0.000712388	0.000685731	0.00772278	0.00411418	0.523041	0.000198321	0.00168806
179	0.00839522	0.00125088	0.00117401	0.00179275	0.0235174	0.00160407	0.00285422	0.171513	0.00184659	0.356592	0.261464	0.0159028	0.00117716	0.00651256	0.00181506	0.00687337	0.0202977	0.0950304	0.000395012	0.0199925
180	0.0217554	0.0139632	0.00415368	0.00541521	0.00460034	0.00285061	0.00305988	0.022092	0.224398	0.146282	0.0693236	0.00461474	0.00470913	0.0789025	0.278052	0.00475252	0.0969514	0.00697467	0.0038825	0.00326686
181	0.0920324	0.000391206	0.00187888	0.00101101	0.00286655	0.841002	0.000686951	0.00845747	0.00610764	0.00135695	0.000925201	0.00431809	0.00080483	0.000870993	0.00190174	0.0153559	0.00932388	0.0100064	0.000197439	0.000504674
182	0.0406426	0.000708124	0.00273914	0.0260823	0.0197712	0.0020947	0.0184383	0.150697	0.219015	0.139109	0.0274569	0.0191925	0.00500046	0.0344831	0.0942386	0.00935572	0.0526633	0.130431	0.00041601	0.00746558
183	0.0505709	0.00298266	0.0464423	0.107169	0.0150108	0.0199527	0.0148249	0.00546285	0.17443	0.0988105	0.0285304	0.0248755	0.0035143	0.0731316	0.132535	0.0836488	0.0796768	0.0210472	0.000561288	0.0168227
184	0.131916	0.00433467	0.0150648	0.0185585	0.00558061	0.0301093	0.00539401	0.00933916	0.0267094	0.0254886	0.00590556	0.00668616	0.554807	0.0114564	0.0237318	0.0520109	0.0471545	0.0180904	0.00139419	0.00626876
185	0.0915763	0.00448455	0.0455219	0.0701246	0.0357157	0.0209311	0.0567262	0.0227205	0.0659273	0.0365021	0.0141984	0.0529487	0.104904	0.0327643	0.0279056	0.0880377	0.106234	0.0654195	0.00829904	0.0490588
186	0.0261097	0.000573902	0.419609	0.310864	0.000940343	0.00970349	0.0208767	0.001646	0.019385	0.00563198	0.00116481	0.0245533	0.00069809	0.119584	0.00557983	0.0194555	0.00621558	0.00211267	0.00438367	0.000912536
187	0.0401425	0.861967	0.00199501	0.00251728	0.00241119	0.00221152	0.00222364	0.00319653	0.00256778	0.00656803	0.00233246	0.00222889	0.016979	0.00234244	0.00232224	0.0332618	0.00831927	0.0041965	0.000517144	0.00169983
188	0.12251	0.00133573	0.0167127	0.0114348	0.0020799	0.0475519	0.00215617	0.00306328	0.0656758	0.0321749	0.00327332	0.00250121	0.491081	0.0191148	0.056799	0.0735225	0.041079	0.00442016	0.000561335	0.00295277
189	0.0191677	0.000421497	0.000758992	0.00864934	0.0270489	0.000919865	0.0106782	0.0983724	0.00212122	0.698203	0.0337828	0.00426816	0.000507163	0.00778347	0.00688064	0.00474814	0.00306097	0.0590847	0.000219908	0.0133226
