330	20
1	0.0868638	0.000370464	0.222744	0.327949	0.00315842	0.0289761	0.0150311	0.00508412	0.0385129	0.0154155	0.00831573	0.0634755	0.000544212	0.0716985	0.0229736	0.0572545	0.0263707	0.00101898	0.00354359	0.000699741
2	0.599451	0.00445247	0.0059508	0.00814738	0.00227417	0.0235936	0.00591366	0.00387182	0.00799198	0.00637898	0.00404085	0.00879694	0.0971413	0.00468342	0.00885332	0.157537	0.0240718	0.0245096	0.000855598	0.00148427
3	0.00780376	0.00319662	0.00124726	0.00193692	0.0991012	0.00180522	0.00391694	0.0613433	0.00584119	0.631121	0.111267	0.00204093	0.00272176	0.00329888	0.00451518	0.00867655	0.0102354	0.0247082	0.00196285	0.0132597
4	0.105039	0.00114956	0.0372493	0.139923	0.0163414	0.0620135	0.0609361	0.00217784	0.111813	0.00464585	0.0026815	0.00667232	0.00237309	0.115303	0.0875055	0.154842	0.0815585	0.00493823	0.000837434	0.00199795
5	0.0425106	0.00108417	0.00339678	0.0396197	0.0120587	0.00764448	0.00396324	0.0715097	0.0974098	0.163646	0.0388796	0.0575958	0.00387047	0.118829	0.0986581	0.0849089	0.0900364	0.055628	0.00152457	0.0072265
6	0.242062	0.025642	0.00161591	0.00254755	0.00176316	0.0514902	0.00390262	0.0035314	0.00132595	0.00446562	0.00251042	0.0143333	0.00243034	0.0019129	0.00345856	0.539044	0.0843879	0.0088631	0.000445379	0.00426839
7	0.00445367	0.00287671	0.000757099	0.000834804	0.101255	0.000895028	0.000940443	0.0689882	0.00250706	0.710398	0.0645991	0.00110722	0.00253032	0.000819815	0.000723166	0.00501685	0.0063214	0.0155846	0.00137888	0.00801303
8	0.0138915	0.000980041	0.00145611	0.0125145	0.0282023	0.0108489	0.0298405	0.0626452	0.0636526	0.31661	0.115661	0.0218573	0.0015521	0.0748131	0.0800798	0.0246046	0.0626256	0.0477367	0.00619302	0.0242356
9	0.00724462	0.0039633	0.00115454	0.00109757	0.564506	0.0019355	0.0254142	0.00243919	0.00102962	0.00988375	0.00216254	0.00901947	0.00305489	0.00491436	0.00120383	0.00607276	0.00313569	0.0023459	0.0127532	0.336669
10	0.0077132	0.0123896	0.00274389	0.0122986	0.334777	0.00349788	0.0133937	0.00802395	0.0028251	0.346855	0.0392573	0.0230563	0.00595788	0.00290039	0.00241761	0.0160652	0.0144339	0.00421324	0.00536951	0.14181
11	0.0750792	0.000779779	0.213505	0.311252	0.00658864	0.0370005	0.0170986	0.00645864	0.0435268	0.0231819	0.0087604	0.0561285	0.00188503	0.0861959	0.0246494	0.0499937	0.0267122	0.00534947	0.00321943	0.00263515
12	0.0146609	0.0026361	0.00309012	0.011104	0.00319118	0.0123508	0.0200469	0.00343612	0.226639	0.0111121	0.0201806	0.0209847	0.017103	0.0721397	0.518361	0.0259394	0.00661902	0.00567777	0.000727424	0.00399965
13	0.26464	0.0102287	0.00249315	0.00297095	0.00161484	0.0252031	0.00469961	0.00262047	0.00203706	0.00397764	0.00240373	0.00471261	0.00184624	0.0022278	0.00322049	0.616624	0.0317538	0.00650118	0.000554717	0.00966984
14	0.0624177	0.000783836	0.0144852	0.003984	0.000967264	0.843516	0.00372852	0.00158367	0.0136121	0.00178346	0.00114193	0.0027949	0.000964493	0.00246151	0.00971947	0.0263712	0.00364305	0.00486659	0.000440447	0.000734298
15	0.0110895	0.00081068	0.00621263	0.0953669	0.0234123	0.00252771	0.0702769	0.0145032	0.204162	0.0245119	0.0290416	0.0209783	0.0155249	0.126916	0.278917	0.00501971	0.016689	0.0235955	0.000447965	0.0299959
16	0.0201831	0.00288679	0.00212719	0.00300798	0.054817	0.00184908	0.00463334	0.186475	0.0051816	0.487294	0.0741586	0.00268176	0.00520642	0.00343776	0.00311593	0.00878633	0.0135635	0.110453	0.00166131	0.00848031
17	0.0769158	0.00822683	0.189976	0.052409	0.000908668	0.0865887	0.0174848	0.00146121	0.0379268	0.00768752	0.00147958	0.158338	0.0150656	0.0423124	0.0366512	0.164275	0.0790363	0.00557666	0.0121075	0.00557209
18	0.0266328	0.0034914	0.0131295	0.00382493	0.0362829	0.00628501	0.288505	0.00499537	0.0405151	0.0193374	0.00422171	0.299227	0.0206245	0.0295986	0.0481333	0.0706324	0.0177554	0.0102572	0.00329623	0.0532535
19	0.045207	0.00127009	0.0362388	0.077368	0.00715676	0.023496	0.0249656	0.0136238	0.147058	0.0383717	0.0248226	0.0380939	0.0327177	0.1096	0.177911	0.0641894	0.102923	0.0233627	0.00143191	0.0101921
20	0.071827	0.00171515	0.00323557	0.00331964	0.0105207	0.000777569	0.0029516	0.255968	0.000596245	0.178311	0.0406604	0.00380533	0.0298689	0.00757479	0.000572739	0.0109937	0.021478	0.354267	0.000365316	0.00119138
21	0.104833	0.000525578	0.0175025	0.0151935	0.00117128	0.0309949	0.0307496	0.0130992	0.139249	0.0394516	0.0168574	0.041169	0.0556071	0.04448	0.118227	0.143374	0.148936	0.0278072	0.00312138	0.00765025
22	0.00808432	0.00187964	0.00413186	0.0039172	0.00420764	0.0048145	0.00381019	0.00422228	0.00391022	0.00564419	0.00375109	0.00586329	0.00253596	0.0042893	0.00320052	0.00950403	0.00753388	0.00514518	0.909232	0.00432269
23	0.0266644	0.00336283	0.0120343	0.0244751	0.00636312	0.0248542	0.0238812	0.00827222	0.168692	0.0222448	0.0222524	0.0247218	0.0179896	0.071142	0.461681	0.0370208	0.0211043	0.0119775	0.00224241	0.00902444
24	0.0598232	0.00238908	0.0556298	0.043005	0.00260917	0.541501	0.0497552	0.00307331	0.0309597	0.00625137	0.00375769	0.0184349	0.00495909	0.0227634	0.0292986	0.103472	0.00927686	0.00744484	0.00270588	0.00288969
25	0.0098397	0.00150654	0.441024	0.0156412	0.0102837	0.00620852	0.0905779	0.00273437	0.0134247	0.00518779	0.00246527	0.295633	0.0130121	0.00814715	0.00378387	0.0449758	0.0184753	0.00458838	0.000940457	0.0115505
26	0.180663	0.011699	0.0121793	0.0139819	0.00590673	0.0508044	0.0100329	0.0117078	0.0117025	0.0147825	0.00687591	0.0231856	0.0115707	0.0111287	0.0138078	0.506052	0.0738311	0.0167995	0.00265721	0.0106324
27	0.60028	0.000710239	0.00196528	0.00724761	0.00160059	0.29657	0.0017059	0.00515661	0.00190954	0.00266253	0.00587598	0.0102162	0.00132874	0.00213103	0.00208655	0.032647	0.0139971	0.00963445	0.00069234	0.00158216
28	0.0263937	0.00732904	0.00221132	0.00307405	0.0494842	0.00127261	0.0046591	0.160321	0.00480211	0.482052	0.0687964	0.00356088	0.0114769	0.0034799	0.00346323	0.0107139	0.0199676	0.127798	0.00227089	0.00687286
29	0.0641638	0.000452463	0.126176	0.116605	0.0268971	0.0344547	0.0407232	0.00614098	0.0888471	0.049617	0.00201419	0.086874	0.00688359	0.0952544	0.0785827	0.0675198	0.0419266	0.043471	0.00520243	0.0181932
30	0.01115	0.00152047	0.721169	0.0677209	0.00341887	0.00750082	0.0072303	0.00264544	0.0104844	0.00610919	0.00203751	0.0957276	0.00206969	0.00682175	0.00526293	0.026107	0.0108635	0.00408226	0.000902154	0.00717637
31	0.0527511	0.00171335	0.0166025	0.00976093	0.00111506	0.802627	0.00602425	0.00164326	0.0220372	0.00310716	0.00194232	0.00857365	0.00358055	0.00715036	0.0177916	0.0297714	0.00598745	0.00570029	0.00110557	0.00101551
32	0.0621232	0.00199481	0.0084405	0.0382853	0.021735	0.0163453	0.0101621	0.0588844	0.0996716	0.129574	0.0316339	0.0580008	0.00629222	0.0999292	0.0987869	0.128509	0.0756998	0.0371881	0.00195958	0.0147842
33	0.00328073	0.000728885	0.62658	0.00967369	0.00107705	0.00182417	0.0104982	0.00148427	0.0158836	0.0021736	0.00127344	0.243754	0.00285495	0.00642894	0.00366516	0.0367152	0.0216748	0.00318261	0.000529393	0.00671643
34	0.017253	0.00422264	0.00332932	0.00594487	0.0921038	0.00504086	0.00584979	0.090806	0.00634129	0.57206	0.0798078	0.00489995	0.005131	0.00524096	0.00499455	0.0135809	0.0133185	0.0536127	0.00234637	0.0141159
35	0.112242	0.0112559	0.00355932	0.0221459	0.0062491	0.0189752	0.00373924	0.0421371	0.00524664	0.0191582	0.0157273	0.0144413	0.00300435	0.00506638	0.019625	0.229899	0.357199	0.104149	0.00101708	0.00516311
36	0.0473487	0.0171651	0.0156697	0.0398	0.00377731	0.315381	0.0203731	0.00353262	0.141288	0.0118181	0.0102791	0.0307636	0.00912635	0.0615599	0.198891	0.0414098	0.0133047	0.00885573	0.00507903	0.00457683
37	0.0604678	0.000804532	0.0164354	0.00574823	0.00119917	0.832812	0.00488229	0.00187823	0.014699	0.00197782	0.00138192	0.00410924	0.00134814	0.00333029	0.0109361	0.02722	0.00334868	0.00527682	0.00073313	0.00141126
38	0.0148443	0.00326274	0.00162013	0.00365268	0.0734929	0.0037678	0.0107772	0.119375	0.0137764	0.46872	0.138324	0.00387738	0.00260526	0.00932539	0.0138657	0.0103323	0.015735	0.0635141	0.00305412	0.0260774
39	0.00893799	0.00198216	0.00197695	0.000934536	0.302479	0.00473873	0.0652021	0.00278418	0.00267938	0.0168589	0.00286842	0.0180635	0.00480434	0.005743	0.00385545	0.00679311	0.00351559	0.00412297	0.0107659	0.530894
40	0.00946325	0.00169211	0.734454	0.0707688	0.00331336	0.00685671	0.00661571	0.00295103	0.00905806	0.00635966	0.002488	0.0908739	0.00169349	0.00623272	0.00386772	0.0199243	0.00928116	0.00530977	0.000741555	0.00805484
41	0.797403	0.00230146	0.000574698	0.000744009	0.000681754	0.0181117	0.000674614	0.000650987	0.000644857	0.00105824	0.00102185	0.000966605	0.00206684	0.000721295	0.000551369	0.156268	0.0055293	0.00904439	0.000287751	0.000697885
42	0.0623731	0.000860876	0.0150502	0.00455983	0.000762854	0.839119	0.00407101	0.001101	0.0140714	0.00191914	0.000969241	0.00368155	0.00136868	0.00275111	0.0104835	0.0274743	0.00339	0.00461026	0.000437526	0.000945241
43	0.00825532	0.00114312	0.70233	0.0491787	0.0022033	0.00554671	0.00867041	0.00293606	0.0113047	0.00472827	0.00130524	0.141622	0.00232799	0.00533957	0.0042963	0.0253313	0.0126739	0.00400117	0.000637885	0.00616804
44	0.020974	0.00315632	0.0140315	0.00509487	0.0221623	0.0224714	0.235587	0.00496659	0.0185369	0.0465627	0.00556559	0.392836	0.0150781	0.0165485	0.0236063	0.0579358	0.0307616	0.00791625	0.00247324	0.0537358
45	0.0667951	0.00245807	0.00274187	0.00370616	0.00882452	0.00338503	0.00348567	0.25129	0.00242022	0.147214	0.0776092	0.00508613	0.0117451	0.00561517	0.00150257	0.0121304	0.0279517	0.361952	0.000649277	0.00343785
46	0.0534521	0.00353733	0.0400594	0.0456897	0.0129646	0.0405948	0.0311423	0.0189913	0.200288	0.0464049	0.0243155	0.048143	0.0306091	0.0657448	0.188576	0.0619879	0.0467246	0.0238125	0.00298852	0.0139737
47	0.00705616	0.00418081	0.00113834	0.00121309	0.578564	0.00183079	0.0238051	0.00249962	0.00106767	0.0100221	0.00211656	0.00885348	0.00294998	0.00503127	0.00110447	0.00598921	0.0031054	0.00232687	0.0131894	0.323956
48	0.064321	0.00786672	0.0302163	0.0282691	0.0041367	0.229376	0.00916212	0.0090189	0.0192068	0.0421521	0.00876775	0.121734	0.0114864	0.0404534	0.0255476	0.180786	0.116532	0.042424	0.00320539	0.0053377
49	0.0066151	0.0081364	0.00159402	0.00644568	0.271957	0.00186395	0.00703992	0.0332612	0.0030053	0.474955	0.0490139	0.0112786	0.00773468	0.00203006	0.00212033	0.0102889	0.0104787	0.0111209	0.00774879	0.0733119
50	0.126064	0.0090478	0.022212	0.0299047	0.0144066	0.0249339	0.0218715	0.0237603	0.0396366	0.0299704	0.0139269	0.0217001	0.28927	0.0231936	0.033719	0.0996094	0.105064	0.0553163	0.00479901	0.0115941
51	0.0306184	0.00201919	0.00331635	0.00481913	0.0163399	0.0242062	0.0303614	0.0307598	0.0187374	0.299191	0.38329	0.00652051	0.00242891	0.0334737	0.0203997	0.0169359	0.0258865	0.0346617	0.00294677	0.0130877
52	0.707094	0.00298528	0.00274462	0.00550489	0.00233945	0.0535196	0.00281994	0.00850312	0.00213549	0.00832719	0.00538291	0.00448765	0.00803081	0.00299468	0.00290763	0.131005	0.0218112	0.0242929	0.000852057	0.00226108
53	0.00675827	0.00474521	0.0012281	0.000909324	0.500771	0.00253107	0.034404	0.00243158	0.0014741	0.0111537	0.00240035	0.0112861	0.00322612	0.00493529	0.00173848	0.00529882	0.00314415	0.00268977	0.0117584	0.387116
54	0.0380275	0.00980164	0.00125546	0.00244878	0.00803107	0.00668736	0.00159252	0.00693972	0.00148953	0.00231568	0.00169796	0.00204984	0.00114753	0.00170796	0.00206036	0.210777	0.691664	0.00821232	0.000697068	0.00139663
55	0.131293	0.00205336	0.000938028	0.00149665	0.0114419	0.0165472	0.00265368	0.201158	0.00248053	0.0752268	0.037989	0.00845844	0.00232924	0.00258501	0.00167215	0.0144244	0.0686704	0.413009	0.00174703	0.00382567
56	0.106837	0.0105749	0.00351642	0.00495212	0.00843614	0.0134421	0.00244111	0.0132411	0.0040752	0.0102147	0.00688067	0.00824958	0.00421189	0.00328426	0.0047335	0.209485	0.555217	0.0262904	0.0010765	0.00284044
57	0.0244182	0.0011194	0.00135518	0.00145705	0.0183072	0.00331332	0.00356509	0.0593243	0.00518172	0.292347	0.419723	0.00209072	0.000991152	0.00443842	0.00203271	0.0286045	0.0376087	0.0872173	0.000629686	0.00627485
58	0.00471112	0.00290872	0.000795658	0.00099846	0.104224	0.000974702	0.00118621	0.0659532	0.0029281	0.703742	0.0679119	0.00116495	0.0024658	0.00101701	0.00110765	0.00535899	0.00645604	0.0159311	0.00145363	0.00871086
59	0.288897	0.0151294	0.000891251	0.00112059	0.000696195	0.0356367	0.00495521	0.00137973	0.000900438	0.0013017	0.000969504	0.00169927	0.00065159	0.00091565	0.00422734	0.607236	0.0275688	0.00132267	0.00035353	0.00414756
60	0.0087465	0.00228243	0.00343824	0.0046941	0.00585304	0.00475387	0.0049116	0.00444173	0.00383027	0.00542888	0.00377104	0.00584294	0.00265549	0.00467402	0.00325366	0.0100564	0.00828293	0.00520883	0.897944	0.00992964
61	0.147097	0.00292045	0.00131526	0.00884158	0.00140399	0.189547	0.00421881	0.017342	0.00373106	0.00462604	0.00386861	0.0462051	0.00383143	0.00368817	0.00168167	0.497924	0.0520752	0.00528748	0.000532756	0.00386172
62	0.180733	0.00225099	0.000682524	0.000663193	0.00992228	0.0113121	0.00103368	0.155506	0.000711216	0.0648755	0.0312968	0.0103583	0.000423845	0.000799297	0.000680541	0.0128437	0.0507378	0.460375	0.000716524	0.00407833
63	0.0591367	0.00157855	0.00357773	0.00231816	0.0101665	0.000743893	0.00344586	0.300607	0.000679877	0.202706	0.0515091	0.00386691	0.0190775	0.00513565	0.00053903	0.0103863	0.0201302	0.302218	0.000256269	0.00192094
64	0.083917	0.000839454	0.20805	0.353839	0.0124748	0.0257477	0.0141764	0.00539218	0.0354379	0.0156871	0.00810763	0.0601216	0.0013565	0.0670321	0.0213634	0.0489713	0.0283137	0.00353139	0.0033395	0.00230093
65	0.00868541	0.00216578	0.00147763	0.000693338	0.312755	0.00374862	0.0550307	0.00274591	0.00187359	0.0119826	0.00351899	0.0179678	0.00429823	0.00446445	0.00258408	0.00638144	0.00413771	0.0038327	0.0107029	0.540953
66	0.0791026	0.00271882	0.0275418	0.0869148	0.00279874	0.421942	0.0347501	0.00130122	0.0488616	0.010649	0.00480329	0.0439458	0.00500903	0.0591259	0.084998	0.0571905	0.00921057	0.0101398	0.00793136	0.00106492
67	0.0102531	0.00257437	0.0036916	0.230967	0.00350024	0.00759671	0.0101456	0.00425272	0.024316	0.0591889	0.00505984	0.0234784	0.00257794	0.556013	0.00547897	0.0273884	0.00857926	0.0066113	0.00179797	0.00652852
68	0.00527662	0.000882099	0.0015025	0.00282853	0.0340879	0.0153892	0.0473372	0.0566999	0.0644898	0.348017	0.145344	0.00618913	0.00104499	0.0547849	0.0808623	0.00658984	0.0542341	0.0271881	0.0082272	0.0390244
69	0.0653042	0.000879898	0.103484	0.109158	0.01251	0.154608	0.0531171	0.00323614	0.0796381	0.0262449	0.00265061	0.0648524	0.0137847	0.0864041	0.0896125	0.0672391	0.0257646	0.0278228	0.00443269	0.00925584
70	0.0253026	0.00183465	0.0132919	0.00199449	0.03517	0.00646781	0.300541	0.00265766	0.0261947	0.021046	0.00241836	0.330046	0.0288084	0.0255211	0.0331574	0.0586804	0.0109042	0.0046471	0.00147315	0.0698428
71	0.30342	0.00858458	0.00109589	0.00630374	0.0188211	0.0178716	0.000948014	0.0502322	0.00123226	0.0579363	0.0223581	0.00729266	0.00118518	0.00472832	0.0015292	0.182529	0.182124	0.130251	0.00033624	0.00122056
72	0.00520977	0.000882571	0.00150403	0.00280281	0.0336098	0.0154439	0.0474781	0.0565171	0.0646762	0.348036	0.145586	0.00612635	0.00104895	0.0548124	0.0811259	0.0064173	0.0543533	0.027095	0.00819259	0.0390818
73	0.0868638	0.000370464	0.222744	0.327949	0.00315842	0.0289761	0.0150311	0.00508412	0.0385129	0.0154155	0.00831573	0.0634755	0.000544212	0.0716985	0.0229736	0.0572545	0.0263707	0.00101898	0.00354359	0.000699741
74	0.169915	0.00616099	0.0159154	0.0240262	0.00228623	0.141723	0.0074408	0.0142285	0.00965332	0.00867696	0.00641627	0.0757738	0.00849831	0.0114905	0.00829277	0.399271	0.071776	0.0109493	0.00162005	0.00588593
75	0.00865598	0.000617712	0.00116702	0.000889592	0.00902406	0.000999172	0.0011824	0.538738	0.000851698	0.156864	0.0111631	0.0014901	0.00128682	0.00111646	0.000808611	0.00596188	0.0129186	0.243289	0.000344979	0.00263048
76	0.0106835	0.00277691	0.00165604	0.00192683	0.00157643	0.0121587	0.0166425	0.00180805	0.236702	0.00739978	0.0186369	0.0208648	0.0171414	0.0668504	0.550712	0.0244725	0.00312308	0.00268795	0.000590002	0.00158955
77	0.00794481	0.00223351	0.00361971	0.00354757	0.00312662	0.00433427	0.00378664	0.004283	0.0038852	0.00514678	0.00380312	0.0056818	0.00268136	0.00421229	0.0031113	0.00979964	0.00809554	0.005239	0.91253	0.00293778
78	0.212097	0.00491933	0.00171979	0.00414673	0.014462	0.0504997	0.00229094	0.115434	0.0023968	0.0945597	0.02121	0.0102755	0.0108464	0.0121484	0.00198733	0.0809196	0.111488	0.243436	0.00149104	0.00367165
79	0.398811	0.00313837	0.00134004	0.00340191	0.00854156	0.0147381	0.00163015	0.015682	0.00163381	0.0206256	0.0229063	0.00427245	0.00435368	0.00251458	0.00242017	0.221625	0.2032	0.063982	0.000631967	0.00455122
80	0.00322105	0.000609004	0.806595	0.0758156	0.00089632	0.00463916	0.00227458	0.00106477	0.00323202	0.00495441	0.000947387	0.0686813	0.000877308	0.00135855	0.000875869	0.013456	0.00298143	0.0019211	0.000384113	0.00521551
81	0.00850443	0.00309981	0.000984198	0.000887202	0.470324	0.00199885	0.0314425	0.00259866	0.000972083	0.00959352	0.00261636	0.0125159	0.00352386	0.00418153	0.000996524	0.00676199	0.00346881	0.00264566	0.0136171	0.419267
82	0.00437214	0.00284847	0.000758061	0.000841002	0.103504	0.000889791	0.000869473	0.0663329	0.00251425	0.712524	0.0641257	0.00108007	0.00250144	0.00081574	0.000715906	0.00512041	0.00620548	0.014368	0.00139293	0.00822043
83	0.0405233	0.00133274	0.0023839	0.00129997	0.00909125	0.000768249	0.00240119	0.389256	0.000678619	0.191297	0.0345898	0.00262101	0.0121976	0.00314433	0.000565028	0.0098809	0.0164016	0.279267	0.000259241	0.00204074
84	0.127402	0.00165583	0.0119607	0.0104312	0.00329158	0.0234642	0.0687692	0.00730046	0.211347	0.0349241	0.0133099	0.0471449	0.0212687	0.0206322	0.181915	0.12623	0.0588434	0.0119794	0.00207284	0.0160568
85	0.210291	0.30475	0.0120587	0.0125903	0.00704831	0.0141401	0.0121101	0.0133116	0.00984808	0.0155544	0.0106798	0.0220335	0.00984024	0.0109289	0.00965577	0.149419	0.0818989	0.0719594	0.0047694	0.0171127
86	0.183963	0.00809345	0.0196426	0.0125874	0.016444	0.0154504	0.14783	0.063076	0.0122641	0.0336656	0.0141575	0.0791917	0.00941782	0.0162267	0.0144811	0.106746	0.0654899	0.0459358	0.00377364	0.131563
87	0.173248	0.000712632	0.0283569	0.035653	0.00452543	0.0152821	0.0221991	0.00965871	0.0410982	0.0114489	0.00274892	0.00619631	0.379264	0.00925233	0.0394191	0.122636	0.0551644	0.0410312	0.000662314	0.00144313
88	0.106036	0.00117934	0.0290494	0.148145	0.0168601	0.0573856	0.0618715	0.00227657	0.112143	0.00303538	0.00226578	0.00342596	0.00194425	0.129811	0.0873268	0.156155	0.0747415	0.00359385	0.000784268	0.00197031
89	0.161146	0.000876495	0.0398617	0.0546086	0.0037215	0.0130706	0.028424	0.00953006	0.0411997	0.00959493	0.00207734	0.00602683	0.426802	0.00826007	0.0344669	0.10081	0.0227141	0.0349245	0.000625966	0.00125826
90	0.0220727	0.00158001	0.220978	0.0582499	0.0392566	0.0161542	0.0749875	0.00353608	0.0307481	0.00538002	0.00314711	0.395378	0.00385616	0.0148028	0.00391515	0.0252075	0.0454786	0.00564069	0.00100089	0.0286304
91	0.0594475	0.0262396	0.00639451	0.24305	0.028473	0.0318572	0.0296821	0.00573056	0.032757	0.0737566	0.00543577	0.00851355	0.00302389	0.0323502	0.0495542	0.0487851	0.117574	0.189314	0.00221207	0.00584921
92	0.0059111	0.00385448	0.00100083	0.00212792	0.147946	0.000984871	0.00243734	0.0605055	0.0028282	0.649199	0.0611124	0.00294721	0.00328498	0.000977195	0.000868142	0.00655115	0.00675956	0.0161061	0.00223964	0.0223587
93	0.0116384	0.00208499	0.00180837	0.00133978	0.293665	0.00397557	0.0522487	0.00654615	0.00182222	0.0127005	0.00281962	0.0146703	0.00657098	0.0048434	0.0023978	0.00931597	0.00479096	0.00532929	0.0313012	0.530131
94	0.169003	0.00234229	0.000667335	0.000658553	0.0116918	0.0147891	0.00106454	0.159797	0.00068759	0.0659943	0.0300669	0.00995035	0.000581454	0.000929583	0.000715045	0.0130501	0.0520265	0.461409	0.000780432	0.00379548
95	0.00912579	0.00208968	0.00344768	0.18468	0.00276635	0.00996444	0.016211	0.00396785	0.0170958	0.0412226	0.0039898	0.0171287	0.00227216	0.636881	0.00498595	0.020757	0.00728044	0.00579097	0.00147374	0.00886899
96	0.0915003	0.0021565	0.00233715	0.00382353	0.0113025	0.00537681	0.00270897	0.245855	0.00188959	0.129915	0.0357736	0.00641662	0.0106564	0.00500264	0.00173061	0.0160133	0.042084	0.380949	0.000866744	0.00364238
97	0.0590416	0.000742713	0.0148743	0.00467227	0.000912075	0.838428	0.00440324	0.00112919	0.01359	0.00220277	0.00120402	0.00390942	0.00212273	0.00331435	0.010031	0.0290671	0.00378984	0.00511377	0.000486825	0.000964924
98	0.00327568	0.000610573	0.806172	0.0758094	0.000895094	0.00463319	0.00231148	0.00106516	0.00330726	0.00495044	0.000948339	0.0687674	0.000876625	0.00136563	0.000925669	0.0135137	0.00298858	0.00198039	0.00038837	0.0052155
99	0.238697	0.00278429	0.0118588	0.0186184	0.00318175	0.0408304	0.00889996	0.0123677	0.0127971	0.0167081	0.00310798	0.00798313	0.448294	0.00717665	0.0133727	0.0672589	0.0197686	0.0630191	0.000923264	0.00235242
100	0.063907	0.000449859	0.126551	0.11707	0.0271191	0.0338197	0.0406768	0.00620521	0.0884546	0.0497729	0.00205291	0.0866868	0.00669749	0.0951991	0.078282	0.0677935	0.041745	0.043909	0.00533901	0.018269
101	0.127101	0.00223152	0.0225353	0.0257255	0.00424057	0.00743072	0.00429837	0.0405258	0.0628235	0.102522	0.00791872	0.0463312	0.00899619	0.0292159	0.0170657	0.291302	0.124893	0.0692585	0.00133111	0.00425411
102	0.0105756	0.00115587	0.681127	0.0523307	0.00208042	0.00772392	0.00795649	0.00311381	0.0124065	0.0070666	0.00165812	0.139573	0.00223166	0.00738225	0.00539599	0.0308466	0.0156628	0.00447052	0.000979141	0.00626382
103	0.0572871	0.00955406	0.0326804	0.0230489	0.0449928	0.0267292	0.220664	0.0182095	0.0432603	0.0359562	0.0213591	0.10734	0.0224229	0.0387753	0.0578428	0.0778278	0.0481794	0.0285312	0.00845885	0.0768803
104	0.0641638	0.000452463	0.126176	0.116605	0.0268971	0.0344547	0.0407232	0.00614098	0.0888471	0.049617	0.00201419	0.086874	0.00688359	0.0952544	0.0785827	0.0675198	0.0419266	0.043471	0.00520243	0.0181932
105	0.103797	0.24065	0.0217842	0.0197242	0.0164861	0.0196645	0.0150988	0.0520278	0.0140096	0.0581445	0.0247089	0.0409412	0.00968257	0.01676	0.0121605	0.0810188	0.0627788	0.159187	0.00718226	0.0241944
106	0.00776746	0.0018334	0.00319662	0.004105	0.00272384	0.00430649	0.00355555	0.00405555	0.00399646	0.00504058	0.00377354	0.00526001	0.00255633	0.00427107	0.00321987	0.00884122	0.00730222	0.00549261	0.915813	0.00288925
107	0.0621299	0.00283601	0.0998536	0.14723	0.00472962	0.00827241	0.0060684	0.0343557	0.00772621	0.0113468	0.176504	0.011475	0.00431636	0.259672	0.00930442	0.0197685	0.0410563	0.0543593	0.0058955	0.0331001
108	0.0213793	0.00210395	0.00799308	0.012305	0.00297835	0.0136998	0.019924	0.0038698	0.209109	0.0112945	0.0194045	0.0278479	0.0371096	0.0680402	0.487642	0.0302162	0.0145128	0.00558042	0.000883011	0.00410613
109	0.213436	0.0011472	0.0143165	0.0223364	0.00284053	0.0181843	0.00958461	0.0108301	0.0133082	0.0134467	0.00206853	0.00457027	0.507471	0.00466824	0.0140527	0.0651952	0.0167066	0.0631287	0.000885422	0.00182223
110	0.057737	0.00211473	0.335949	0.295117	0.00602816	0.0278609	0.0131626	0.00475057	0.0280256	0.0148088	0.00693729	0.0570496	0.00492239	0.0484927	0.0185542	0.0447967	0.0223551	0.004903	0.00276577	0.00366956
111	0.0370813	0.00170137	0.475265	0.0515215	0.00629618	0.00952758	0.0265233	0.00332719	0.0809588	0.00585538	0.00269541	0.156628	0.00254933	0.00873369	0.0311325	0.0189469	0.0485899	0.0250112	0.00131919	0.00633587
112	0.0425066	0.00295222	0.0843947	0.053804	0.00256535	0.0165417	0.00871669	0.0198988	0.113273	0.0256313	0.00890013	0.079683	0.0217419	0.0372329	0.0577832	0.256578	0.146527	0.0120388	0.00233922	0.00689199
113	0.0584909	0.0178241	0.00723785	0.0708347	0.0051	0.172611	0.00761148	0.0484515	0.0121638	0.0402591	0.00831712	0.0296488	0.00595543	0.00943478	0.0509103	0.112993	0.287195	0.0185681	0.00288709	0.0335063
114	0.158333	0.000576512	0.033524	0.0430481	0.00408323	0.0162237	0.0236027	0.0112881	0.0441202	0.0128358	0.00295486	0.00716613	0.399647	0.0115612	0.0398935	0.116899	0.0318596	0.0405984	0.000564908	0.00121979
115	0.0240848	0.00371903	0.00650987	0.0181328	0.00685311	0.0163835	0.0253246	0.0067131	0.176485	0.0168327	0.0209004	0.0261111	0.0201988	0.0681872	0.488563	0.0366369	0.0168733	0.010899	0.00164769	0.00894395
116	0.104874	0.000513401	0.0176739	0.0153894	0.00116629	0.0313475	0.0306651	0.0131771	0.139023	0.0396242	0.0170432	0.041279	0.0551566	0.0445743	0.118238	0.143119	0.148523	0.0280256	0.00305537	0.00753133
117	0.275772	0.0135058	0.00199442	0.00673568	0.0177076	0.0175124	0.00167221	0.0519504	0.00210672	0.0825495	0.0206191	0.00750493	0.00175909	0.0056832	0.00208622	0.187579	0.159233	0.14166	0.000521408	0.00184768
118	0.0324897	0.00559375	0.00370277	0.0105212	0.160905	0.00226269	0.0200096	0.127208	0.0244743	0.294579	0.0641703	0.0107277	0.0032062	0.00656233	0.0202465	0.0327136	0.040059	0.0875299	0.00713432	0.0459047
119	0.0523883	0.000814544	0.00479808	0.0620394	0.00582	0.00682335	0.00912775	0.0389728	0.153018	0.0652377	0.0380109	0.0228547	0.00448383	0.181167	0.177611	0.0465846	0.0684218	0.0551013	0.000915923	0.00580808
120	0.00746667	0.000538033	0.00113712	0.00142704	0.00888759	0.000984546	0.00114228	0.540662	0.000882303	0.146627	0.00926599	0.00154512	0.00163916	0.00143046	0.000820941	0.00578482	0.0131153	0.253716	0.000358873	0.00256819
121	0.00627456	0.000939244	0.54982	0.00525806	0.00240655	0.00425876	0.0123844	0.00216089	0.0195886	0.00263348	0.00171846	0.281237	0.00297151	0.00747413	0.00558909	0.0423981	0.0405994	0.00445426	0.00105949	0.00677443
122	0.0327714	0.0140233	0.0158863	0.00309324	0.020867	0.00443459	0.25342	0.0153931	0.0351159	0.0179612	0.0145035	0.213972	0.00319195	0.00563145	0.108969	0.0960856	0.0716813	0.0393815	0.0137734	0.0198442
123	0.131433	0.00328771	0.0251093	0.0325095	0.00498681	0.0225041	0.0222729	0.0112441	0.0556108	0.0142726	0.00859891	0.0191458	0.355556	0.022102	0.10861	0.0919112	0.0314176	0.0337515	0.00148104	0.00419451
124	0.0575543	0.000991545	0.0150557	0.00811391	0.00114406	0.830674	0.00477906	0.00178566	0.014254	0.00264503	0.00169783	0.0041486	0.000842019	0.0048063	0.0118344	0.0289452	0.00343102	0.00491912	0.00123695	0.00114143
125	0.09189	0.00956955	0.00167073	0.00273935	0.00477752	0.0119611	0.00273064	0.00511175	0.00155126	0.00329421	0.00200455	0.00294079	0.00133941	0.00172001	0.00254701	0.459511	0.379822	0.00723267	0.000846656	0.00673939
126	0.00604808	0.00101659	0.713328	0.175719	0.00331508	0.00499414	0.00200892	0.00162306	0.00352949	0.00537776	0.00169835	0.0509629	0.000921168	0.00330031	0.00144587	0.0117913	0.00493481	0.00250059	0.000521568	0.00496289
127	0.0689835	0.00171651	0.00332386	0.00343421	0.0100596	0.000752605	0.00293167	0.258716	0.000591819	0.177832	0.040921	0.00382283	0.0281912	0.00723168	0.000552466	0.0109638	0.0214607	0.357047	0.000342994	0.00112534
128	0.582157	0.00287135	0.00177368	0.00289503	0.00480215	0.0257922	0.0022816	0.048801	0.00150717	0.0248028	0.0113329	0.00528369	0.00866818	0.00180812	0.00169432	0.089022	0.0261675	0.154982	0.000484089	0.0028729
129	0.691075	0.000694671	0.00106771	0.0054035	0.000978356	0.220627	0.001341	0.00412419	0.0011701	0.00178864	0.00643155	0.00531301	0.0011953	0.00122358	0.00117129	0.0385649	0.00974634	0.00653325	0.000461449	0.00108935
130	0.055371	0.00140895	0.326902	0.304765	0.00680916	0.0249391	0.012935	0.00583771	0.0278484	0.0159379	0.00974431	0.0557037	0.00455782	0.0512796	0.0192861	0.0411013	0.0214994	0.00652335	0.00331127	0.00423868
131	0.434162	0.00249055	0.00120778	0.00235519	0.00748054	0.015676	0.00118678	0.00837927	0.00154111	0.0179932	0.0155512	0.00292968	0.0043737	0.00183178	0.00141407	0.274217	0.148725	0.0533197	0.000412836	0.0047525
132	0.724432	0.00581963	0.000641281	0.000644822	0.000587128	0.019318	0.00132292	0.000688456	0.000579619	0.00106593	0.00100992	0.000962573	0.00187944	0.000760781	0.00112023	0.219113	0.0108885	0.00766004	0.000267849	0.00123779
133	0.458207	0.00693178	0.0062615	0.00686738	0.00716729	0.0471655	0.00876552	0.0168929	0.00929178	0.0198516	0.0134818	0.0143394	0.0133951	0.00714268	0.00878011	0.177354	0.119646	0.0510164	0.00154293	0.00589862
134	0.690657	0.00342856	0.00274661	0.00349349	0.00245367	0.0559154	0.00279092	0.00482109	0.00345057	0.00556401	0.00438202	0.00592881	0.017083	0.0018097	0.00356166	0.148313	0.0224007	0.0187495	0.000473624	0.00197684
135	0.00465818	0.00278249	0.000816515	0.000894206	0.103673	0.00105022	0.000975641	0.0625208	0.00236582	0.693644	0.0845759	0.00115742	0.00252977	0.000965828	0.000752389	0.00485448	0.00612579	0.0154292	0.00146055	0.00876717
136	0.642157	0.00503632	0.00182442	0.00208789	0.00158218	0.025138	0.00206801	0.00268451	0.00170979	0.0035012	0.00270025	0.00359555	0.0049022	0.00164292	0.00175969	0.25654	0.0253803	0.0131987	0.000351136	0.00214086
137	0.765122	0.00378333	0.000591575	0.000622926	0.000572229	0.0185425	0.000932686	0.000638194	0.000563032	0.000919612	0.000835476	0.000905703	0.00201692	0.000731149	0.000782548	0.186329	0.00677311	0.00802505	0.000285214	0.00102808
138	0.80316	0.00230799	0.000571587	0.000733054	0.000682588	0.0176342	0.000621939	0.000664114	0.000616728	0.00107958	0.00105946	0.000947878	0.00206763	0.000710662	0.000518746	0.151393	0.0052518	0.00904294	0.000287764	0.000648115
139	0.186121	0.00903336	0.00180089	0.00195976	0.0011521	0.017224	0.00375773	0.00186596	0.00156588	0.00255436	0.00173415	0.00247829	0.00112273	0.0017077	0.00298781	0.724608	0.0189195	0.00268409	0.000711849	0.0160108
140	0.0216942	0.000970786	0.00118543	0.00113988	0.00841263	0.00189966	0.00456948	0.207643	0.00643295	0.317726	0.266925	0.00165051	0.00104905	0.00197936	0.00115943	0.0109776	0.0147695	0.120594	0.000436224	0.00878646
141	0.208356	0.00273778	0.00114951	0.00118209	0.00968376	0.0109314	0.001311	0.135609	0.00117917	0.0643674	0.0269312	0.00910935	0.000730006	0.00138061	0.00110816	0.023778	0.0502679	0.445788	0.000656628	0.00374283
142	0.0115673	0.00505757	0.00192402	0.005528	0.200927	0.00147306	0.00706553	0.0704553	0.00707482	0.513192	0.0590611	0.00566932	0.00360285	0.00201963	0.0043767	0.0131629	0.0120186	0.0304917	0.00386111	0.0414712
143	0.0106835	0.00277691	0.00165604	0.00192683	0.00157643	0.0121587	0.0166425	0.00180805	0.236702	0.00739978	0.0186369	0.0208648	0.0171414	0.0668504	0.550712	0.0244725	0.00312308	0.00268795	0.000590002	0.00158955
144	0.00330218	0.000809232	0.611211	0.00595805	0.00114498	0.00174986	0.0114646	0.00154364	0.0158739	0.00216915	0.00136986	0.257597	0.00305723	0.00708168	0.00364321	0.0380333	0.023213	0.00324112	0.000560756	0.00697527
145	0.154478	0.000576171	0.0256278	0.0353647	0.00577338	0.0209499	0.0282895	0.0091255	0.0548986	0.0155258	0.00408499	0.00962391	0.347738	0.0129933	0.0520283	0.130213	0.0513811	0.0384927	0.000939782	0.00189527
146	0.129078	0.00114089	0.0286119	0.0331072	0.0013827	0.0754595	0.0252189	0.0109452	0.102978	0.0405648	0.0204307	0.0400791	0.0233954	0.0421801	0.109812	0.150073	0.12402	0.0353445	0.00166032	0.00451771
147	0.00730938	0.00183714	0.00308379	0.00103027	0.243452	0.00724769	0.0958716	0.00236904	0.00504549	0.0303441	0.00299451	0.0240635	0.00477349	0.00880261	0.00839994	0.00480789	0.00323459	0.005006	0.00691554	0.533412
148	0.288837	0.0149803	0.000900807	0.00115558	0.000692226	0.0354495	0.00497426	0.00137579	0.000885511	0.00129819	0.000968083	0.00170385	0.000639156	0.000913051	0.00424348	0.607859	0.0272286	0.001349	0.000352247	0.00419414
149	0.107164	0.0106371	0.154882	0.062392	0.00061489	0.0809614	0.0150081	0.00132381	0.0316248	0.00989799	0.00151169	0.138103	0.0135656	0.0484973	0.0492688	0.18014	0.0731293	0.00672227	0.00913216	0.00542418
150	0.0463431	0.000703519	0.00265485	0.0488035	0.0109341	0.00671411	0.00217943	0.0645187	0.0929209	0.149232	0.0340074	0.0474966	0.00318179	0.127399	0.112868	0.0857097	0.103826	0.0541068	0.00113758	0.00526246
151	0.0310865	0.0583901	0.00769419	0.0108573	0.089266	0.00802424	0.0107889	0.0676444	0.0100357	0.46026	0.0594584	0.0179417	0.00696058	0.009389	0.010371	0.0257174	0.0254299	0.0558235	0.00612685	0.0287346
152	0.0297084	0.00201889	0.00191849	0.00172165	0.0137493	0.00101322	0.00472501	0.260613	0.00289112	0.360723	0.103441	0.00263611	0.00694685	0.00253595	0.000879261	0.00617141	0.010619	0.179857	0.000510578	0.00732059
153	0.0942144	0.000569422	0.0272384	0.050149	0.00525515	0.0481169	0.020962	0.0201862	0.100904	0.0515501	0.0222542	0.0413011	0.019702	0.0843581	0.129535	0.114938	0.114032	0.0477247	0.0018329	0.00517709
154	0.116175	0.0019192	0.00961888	0.0149966	0.00410756	0.0239188	0.0958259	0.00756779	0.177957	0.0262284	0.0137794	0.0309516	0.0205659	0.022976	0.181884	0.151728	0.0679124	0.0115274	0.00234553	0.0180148
155	0.761645	0.00293868	0.000610764	0.00128464	0.000696556	0.0348339	0.00100671	0.000997109	0.00076303	0.00104905	0.00126125	0.00152646	0.00186994	0.000889881	0.00073459	0.172904	0.00612067	0.0078314	0.000278065	0.000757798
156	0.00782664	0.000642073	0.00681605	0.100478	0.022036	0.00163816	0.0663689	0.0177653	0.206472	0.0289517	0.0270859	0.0184608	0.0109232	0.14364	0.269793	0.00411816	0.0150221	0.0208223	0.000419358	0.0307196
157	0.0602914	0.00229219	0.0032196	0.00383701	0.00919931	0.000761777	0.00300972	0.242185	0.000715174	0.235376	0.0441228	0.0036364	0.0254446	0.00717961	0.000611379	0.0102206	0.0211846	0.324395	0.000499377	0.00181808
158	0.00669031	0.0038931	0.00169281	0.00140972	0.542634	0.00302734	0.0354178	0.00231653	0.00206253	0.0258296	0.00350951	0.0118984	0.00301334	0.0061688	0.00260551	0.00560014	0.00327699	0.0028757	0.011661	0.324417
159	0.086838	0.000380167	0.222192	0.327972	0.00323266	0.0289093	0.0149158	0.00517153	0.0384362	0.0155163	0.00826643	0.0634421	0.00054614	0.0717545	0.0229563	0.0571148	0.0271007	0.00102846	0.00352039	0.000706174
160	0.00795422	0.00512809	0.00152482	0.00446066	0.183856	0.00154338	0.0050813	0.0542382	0.00461837	0.57704	0.0656304	0.00557726	0.0036217	0.00223116	0.00290552	0.00955122	0.0088645	0.0210106	0.00327451	0.0318882
161	0.671211	0.000551955	0.00109466	0.00604812	0.000998577	0.244911	0.0013366	0.00451054	0.0012461	0.00182521	0.00596125	0.00598599	0.00109461	0.00126512	0.00123734	0.0319266	0.0105046	0.00665126	0.000475296	0.00116483
162	0.0299984	0.00257141	0.366752	0.0260414	0.00430492	0.0126181	0.0234838	0.00498487	0.0981585	0.00655991	0.0043648	0.235803	0.00601975	0.00899489	0.0602539	0.0272306	0.0463208	0.0279362	0.00158547	0.00601702
163	0.0991723	0.000700435	0.0179025	0.012283	0.0012865	0.0275394	0.0275965	0.0138255	0.14893	0.0355607	0.0168104	0.0533206	0.036506	0.0432021	0.11494	0.135813	0.18098	0.0214796	0.00246823	0.00968327
164	0.00537443	0.00113668	0.00452685	0.00120248	0.192655	0.010189	0.141758	0.00180383	0.00932587	0.028378	0.00193442	0.0356555	0.00669311	0.0116535	0.0166901	0.00379262	0.0029981	0.00655389	0.00266212	0.515016
165	0.00935478	0.00194411	0.00292333	0.0172464	0.004479	0.00978533	0.0208234	0.00341731	0.200099	0.0120062	0.0240885	0.0213086	0.0217083	0.086196	0.526825	0.0199557	0.00738227	0.00476739	0.000569866	0.00511944
166	0.0579072	0.00121924	0.0173611	0.0051733	0.000959771	0.828355	0.00461485	0.00119639	0.0216071	0.00215461	0.00136004	0.00362704	0.000894784	0.00355119	0.011146	0.026183	0.00312158	0.00791859	0.000678058	0.000970837
167	0.0686138	0.00068095	0.0119854	0.0246175	0.00571499	0.0171287	0.0142841	0.0412988	0.123797	0.0977617	0.0231328	0.051091	0.0249108	0.0632188	0.10609	0.161609	0.12181	0.033692	0.00168572	0.00687776
168	0.0135879	0.00194647	0.00123962	0.000901431	0.323855	0.00334183	0.0458128	0.00367288	0.00146301	0.0107931	0.0025378	0.0131276	0.00637765	0.00441988	0.00183291	0.0121214	0.00382847	0.00354916	0.0146167	0.530974
169	0.0177289	0.00387123	0.116489	0.00831441	0.00569818	0.0112834	0.132592	0.00770235	0.0102854	0.011405	0.00785611	0.0453265	0.00624942	0.0825201	0.0082202	0.240723	0.231005	0.00999949	0.0354993	0.00723098
170	0.0848695	0.00420954	0.0896622	0.0538611	0.00192606	0.0710279	0.0154636	0.00191073	0.165077	0.0167045	0.00474239	0.160568	0.0594378	0.0589221	0.0840603	0.0729157	0.0423318	0.00480044	0.00233491	0.00517428
171	0.00711538	0.00400565	0.00107494	0.00112451	0.585231	0.00170281	0.0227015	0.00238135	0.000961759	0.00989633	0.00218699	0.00862069	0.00281635	0.00497491	0.000929832	0.00598252	0.00315026	0.00226602	0.013406	0.319471
172	0.0107178	0.00204965	0.00452944	0.00262148	0.215507	0.00828042	0.106089	0.003719	0.00774957	0.0221652	0.00314858	0.0321114	0.00563221	0.0122289	0.0119136	0.00910353	0.00530078	0.00721912	0.00696697	0.522946
173	0.183283	0.0700973	0.028803	0.018109	0.00349128	0.105883	0.00622143	0.00516844	0.0385778	0.00845553	0.0218427	0.12186	0.0713341	0.0545673	0.0424845	0.12332	0.0791048	0.010167	0.00294317	0.00428664
174	0.0882856	0.0891224	0.117729	0.0283555	0.00797762	0.0353968	0.0191407	0.0222097	0.0219004	0.0204149	0.0111317	0.0837352	0.0189876	0.0301981	0.0213917	0.278385	0.0556025	0.0292957	0.00650615	0.014234
175	0.00639678	0.00144244	0.75804	0.0625558	0.00231072	0.00580616	0.00536799	0.00199883	0.00896287	0.005067	0.00180076	0.0910678	0.00181237	0.00421977	0.00396464	0.0193674	0.00913537	0.00391235	0.000751486	0.00601948
176	0.0591733	0.00708748	0.142499	0.284353	0.0127619	0.0423301	0.0232648	0.0156685	0.041835	0.0322563	0.0172123	0.0444612	0.0111501	0.0833033	0.0406014	0.0575551	0.0379981	0.0293473	0.0056704	0.011472
177	0.00756873	0.00309899	0.000805879	0.00104226	0.0690564	0.000988546	0.00219356	0.102302	0.00311025	0.649652	0.0912716	0.00126984	0.00263539	0.00114664	0.00101299	0.00560081	0.00691173	0.0414976	0.000995055	0.0078403
178	0.063549	0.00194171	0.00324868	0.00347987	0.00942957	0.00102017	0.00309653	0.250328	0.000693741	0.219159	0.0453128	0.00411945	0.0232698	0.00784235	0.000699402	0.0102393	0.0212558	0.329091	0.000478211	0.00174575
179	0.00768769	0.00180771	0.00327489	0.00408827	0.00335224	0.00470669	0.00388196	0.0044339	0.00391756	0.00562549	0.00371712	0.00573471	0.00279674	0.00748384	0.00291172	0.00870338	0.00806983	0.0053221	0.9095	0.00298443
180	0.536796	0.000643939	0.00449259	0.00667382	0.00109623	0.360312	0.00282569	0.00453855	0.00313131	0.00237497	0.00474558	0.00608181	0.00126259	0.0018005	0.00252647	0.0425989	0.00997375	0.00631242	0.000646958	0.00116549
181	0.704118	0.0045141	0.000620068	0.000823798	0.000647643	0.0230948	0.00161598	0.000794546	0.000702589	0.000965028	0.000896312	0.00122391	0.00171427	0.000727069	0.00130127	0.239867	0.00783751	0.00721287	0.000329207	0.000993975
182	0.303826	0.00869842	0.00108734	0.00639708	0.0190764	0.0179967	0.000939405	0.0503573	0.00121096	0.0580786	0.0222774	0.00727107	0.00113798	0.00473487	0.00149563	0.183577	0.180781	0.129521	0.000341071	0.00119499
183	0.00772851	0.00192934	0.00330754	0.00354191	0.00272508	0.00427417	0.00358636	0.00404057	0.00375177	0.00572935	0.0036538	0.00516945	0.00252855	0.00407853	0.00303859	0.00873539	0.00727023	0.00497353	0.917011	0.00292626
184	0.0170261	0.00306966	0.00197355	0.00272254	0.0524144	0.00420056	0.00751688	0.0811476	0.00972056	0.468146	0.222545	0.00322907	0.00233754	0.00838532	0.00827277	0.014791	0.0185575	0.0602745	0.00145085	0.0122192
185	0.00658781	0.00122725	0.00333617	0.000725504	0.216319	0.00789097	0.108846	0.0018494	0.00554739	0.0233858	0.00191131	0.0257106	0.00494646	0.009808	0.00951491	0.00402921	0.00256646	0.00501188	0.00561028	0.555176
186	0.00782664	0.000642073	0.00681605	0.100478	0.022036	0.00163816	0.0663689	0.0177653	0.206472	0.0289517	0.0270859	0.0184608	0.0109232	0.14364	0.269793	0.00411816	0.0150221	0.0208223	0.000419358	0.0307196
187	0.628717	0.00555475	0.00315071	0.00326153	0.00582057	0.0259061	0.0025995	0.011998	0.00292165	0.0154511	0.00691299	0.00650502	0.00571	0.00338259	0.00220998	0.166267	0.0494731	0.0493568	0.000732599	0.00406855
188	0.0535666	0.00876802	0.00144425	0.00243668	0.00576111	0.0190946	0.00206958	0.00550006	0.00145104	0.00234316	0.00146784	0.00550033	0.00148003	0.00183862	0.00205294	0.289944	0.585725	0.0065907	0.000648364	0.00231702
189	0.00769329	0.0132217	0.00269437	0.0128316	0.33592	0.00333747	0.0125023	0.00711257	0.00256559	0.347988	0.0405998	0.0240992	0.00599329	0.00278333	0.00230455	0.0163741	0.014754	0.00388485	0.00548531	0.137854
