223	20
1	0.0754799	0.026892	0.0274458	0.0377753	0.0396179	0.0260313	0.0226114	0.0586561	0.0519023	0.088662	0.0833921	0.0364321	0.0440078	0.0439751	0.100881	0.074093	0.0588552	0.0698182	0.00611233	0.0273593
2	0.133514	0.0268232	0.0260073	0.0291208	0.00424996	0.0785172	0.019006	0.00575853	0.0950416	0.0129109	0.00748194	0.158859	0.0211504	0.0255341	0.0792855	0.185651	0.0653632	0.0181393	0.00131115	0.00627516
3	0.0899461	0.0711354	0.0745283	0.00846749	0.00395762	0.101992	0.0483596	0.00632	0.0294424	0.0140126	0.0174472	0.213946	0.0178464	0.031185	0.0129805	0.14342	0.0665866	0.0365623	0.00249509	0.00936841
4	0.0423492	0.029493	0.00599225	0.00445214	0.245404	0.0480363	0.00809064	0.0500718	0.00544832	0.195352	0.0831563	0.00956179	0.0392472	0.0101394	0.0118487	0.0624907	0.013777	0.101078	0.0075236	0.0264873
5	0.0538398	0.00393205	0.0228029	0.0372286	0.00828499	0.0542258	0.0115235	0.00862259	0.0552021	0.0333561	0.0145971	0.0444018	0.0356832	0.050566	0.0520172	0.231003	0.253931	0.0261057	0.000471597	0.0022056
6	0.0302528	0.0468174	0.00705494	0.00276773	0.262083	0.0341087	0.00366463	0.0858683	0.00504175	0.212248	0.0585948	0.00857744	0.0141417	0.00623039	0.00952882	0.0429771	0.0134881	0.117817	0.0105527	0.0281856
7	0.0817782	0.00860698	0.0218461	0.0317777	0.00429216	0.067976	0.0103847	0.00685585	0.11845	0.0313728	0.00792889	0.0594188	0.0558119	0.0349935	0.119789	0.16289	0.149763	0.0224126	0.000959388	0.00269252
8	0.0414107	0.00258266	0.280703	0.223947	0.01268	0.0789815	0.0113535	0.00431806	0.0353457	0.00745559	0.003693	0.014337	0.0227813	0.0441583	0.0322172	0.0833438	0.0663551	0.0203871	0.000776482	0.0131731
9	0.021762	0.0112421	0.00105214	0.00431977	0.0478465	0.00295655	0.0040216	0.289662	0.00122891	0.269356	0.073237	0.00426218	0.00165204	0.00760873	0.00698688	0.0127355	0.0259797	0.193847	0.00516394	0.0150787
10	0.0289696	0.0566123	0.00877922	0.00320033	0.263827	0.0338016	0.00413972	0.0777094	0.00555044	0.202706	0.0608581	0.0103754	0.0170869	0.00590752	0.0102474	0.0407802	0.0112542	0.103641	0.0193497	0.035204
11	0.0684336	0.121594	0.0143309	0.0114803	0.0122088	0.129629	0.0155281	0.0174463	0.0503894	0.0239928	0.0134487	0.0600533	0.0134237	0.141332	0.0561254	0.0326396	0.0225001	0.059443	0.0476015	0.088399
12	0.0294944	0.0139475	0.0014238	0.00481802	0.0294472	0.00314796	0.00422966	0.264808	0.00171871	0.267017	0.07807	0.00447265	0.00228499	0.00712028	0.00707027	0.0358746	0.0404302	0.186931	0.00461895	0.0130754
13	0.0316278	0.0199794	0.0052565	0.00247097	0.239223	0.0177397	0.0230993	0.0560371	0.0052718	0.274712	0.0647833	0.00592049	0.0140213	0.0100933	0.0122688	0.0265304	0.0137223	0.0813397	0.0068749	0.0890279
14	0.22862	0.10042	0.0130743	0.00760426	0.0178562	0.111757	0.01077	0.0566002	0.0131619	0.0336259	0.0133161	0.0283028	0.0168406	0.0136889	0.0177575	0.170954	0.0504263	0.077752	0.00475676	0.0127154
15	0.0318387	0.0783627	0.015863	0.00562695	0.17584	0.0162423	0.00427442	0.142757	0.00786663	0.148688	0.0552263	0.0159704	0.0184872	0.00570711	0.0129609	0.0335309	0.019164	0.108073	0.0542319	0.0492882
16	0.0556771	0.0268539	0.0169989	0.0188699	0.0322729	0.0179391	0.0239569	0.164321	0.0268073	0.0530256	0.0357176	0.0596425	0.125465	0.0210169	0.0318406	0.0573212	0.0312829	0.172124	0.00921357	0.0196537
17	0.0767637	0.0105201	0.0287835	0.0359505	0.00777346	0.0811521	0.0167743	0.0132621	0.100838	0.0356701	0.0111194	0.0344907	0.115578	0.0428475	0.13197	0.0991526	0.126536	0.0222861	0.00168933	0.00684296
18	0.0100837	0.00389667	0.00210401	0.00361029	0.065376	0.0105005	0.00933123	0.114194	0.0023002	0.530069	0.128232	0.00378436	0.00373647	0.00458015	0.00498629	0.0107279	0.00796106	0.065932	0.00127791	0.0173171
19	0.186799	0.0561789	0.00580438	0.00804648	0.0202454	0.0251687	0.00674881	0.144488	0.00673869	0.125844	0.036236	0.00815009	0.0130058	0.0103889	0.0152308	0.0918038	0.0900526	0.126865	0.00627555	0.0159301
20	0.041985	0.0424067	0.012866	0.0087223	0.229518	0.0187464	0.0369693	0.0570924	0.00917466	0.13641	0.0452516	0.0154852	0.01947	0.0128474	0.0160036	0.0431537	0.0253483	0.0659568	0.0278736	0.13472
21	0.0253645	0.0169682	0.00775475	0.00790791	0.109217	0.0116455	0.0125838	0.142234	0.0149366	0.194951	0.0901769	0.0210582	0.00952595	0.0378721	0.0456095	0.0352677	0.0296527	0.160306	0.00526116	0.0217055
22	0.164988	0.0385348	0.0266702	0.0319674	0.0175048	0.0531374	0.0145731	0.0417495	0.035217	0.0366651	0.018934	0.0231861	0.200456	0.0290073	0.0602597	0.0850059	0.0564001	0.0399555	0.00501421	0.020773
23	0.0626462	0.0122055	0.0945497	0.107499	0.00839028	0.0265489	0.0190884	0.0103293	0.0851503	0.0313979	0.0110396	0.0335651	0.127509	0.0535331	0.0998878	0.101951	0.0845971	0.0179973	0.00234042	0.00977352
24	0.0472492	0.00118772	0.219057	0.370706	0.00207453	0.0100624	0.0120758	0.00425281	0.0354329	0.00671602	0.005045	0.0363489	0.0334939	0.0648758	0.0425192	0.0586547	0.0262007	0.00741675	0.000349526	0.0162804
25	0.283362	0.0507108	0.00519768	0.00488977	0.0109388	0.0673881	0.00559483	0.0779817	0.0098245	0.025095	0.0163632	0.0104222	0.138698	0.00719475	0.0279092	0.0989486	0.0489282	0.0936649	0.00240049	0.0144867
26	0.0395352	0.00870041	0.0361193	0.053594	0.00835729	0.0152892	0.0344776	0.00949363	0.256377	0.0288639	0.00268204	0.0607724	0.0174738	0.0561256	0.256029	0.0492245	0.0336811	0.0203126	0.00219272	0.0106985
27	0.270062	0.0572449	0.00391009	0.00443798	0.00493072	0.0823029	0.00487108	0.0168035	0.0183259	0.0144588	0.00503692	0.0239203	0.011975	0.00559363	0.0153258	0.305926	0.0996418	0.0497554	0.00109185	0.00438561
28	0.0383196	0.00252596	0.288202	0.221003	0.013935	0.0800529	0.0119045	0.00427591	0.035937	0.00716435	0.00352724	0.0136643	0.0219284	0.04192	0.0297433	0.0838102	0.0661388	0.0214927	0.000907809	0.0135474
29	0.022227	0.0871446	0.023532	0.00665769	0.202716	0.0147207	0.00560266	0.0737443	0.00967629	0.118709	0.0539908	0.0135957	0.0426822	0.00576775	0.0128015	0.0434294	0.00896982	0.0432109	0.123483	0.0873388
30	0.0429908	0.0137161	0.0790752	0.108644	0.00927471	0.0178685	0.0540237	0.0128643	0.049704	0.0343868	0.0133313	0.0291001	0.177396	0.155395	0.0464262	0.0606537	0.0541056	0.0244361	0.00322776	0.0133802
31	0.0406286	0.00201535	0.00180541	0.00187706	0.246884	0.00209494	0.096224	0.018792	0.00218312	0.0787063	0.0283901	0.00217029	0.00440772	0.00997571	0.00301909	0.0187146	0.0149671	0.0181669	0.0234828	0.385495
32	0.0457163	0.00233536	0.0169204	0.0242049	0.0126044	0.0701437	0.00674202	0.0100951	0.0292947	0.0342188	0.0101117	0.0347165	0.0255661	0.0383927	0.0233427	0.277428	0.31212	0.0231677	0.000561937	0.00231637
33	0.0264573	0.0141769	0.000767753	0.0045679	0.0322628	0.00111713	0.00306427	0.327343	0.000936697	0.1879	0.0621966	0.00477936	0.00130462	0.00932735	0.00894714	0.0140404	0.0339084	0.246541	0.00634461	0.014017
34	0.0381065	0.00227337	0.288434	0.230989	0.0122632	0.0748639	0.0107556	0.00423567	0.0366761	0.00716549	0.00342287	0.0141994	0.0217697	0.0421578	0.0311196	0.0814887	0.0646275	0.02129	0.000674586	0.0134866
35	0.362019	0.0864686	0.00197041	0.00307042	0.0126933	0.0724127	0.00205372	0.0596393	0.00456925	0.0395334	0.0123749	0.00373214	0.00852561	0.00578631	0.0109584	0.127578	0.0432422	0.131586	0.00250169	0.00928492
36	0.04959	0.0214672	0.0210976	0.0108765	0.148457	0.00446584	0.0645278	0.0240785	0.0262952	0.158543	0.0346302	0.0147885	0.0204279	0.0192944	0.0652928	0.0352763	0.0581174	0.110703	0.00280018	0.109271
37	0.0409419	0.0184198	0.0135978	0.00909073	0.167354	0.00400587	0.0632615	0.0268767	0.0309305	0.141006	0.0436388	0.0175304	0.0222162	0.0218315	0.0624499	0.0395272	0.0628264	0.120992	0.00216564	0.0913372
38	0.204703	0.0883657	0.00355472	0.00786727	0.01242	0.0162706	0.00466073	0.103502	0.00420408	0.137156	0.0237417	0.00558616	0.00795323	0.00477351	0.00789263	0.125056	0.101982	0.107933	0.0127156	0.0196628
39	0.0447662	0.00742566	0.0457412	0.0590216	0.00486216	0.0216966	0.0335012	0.0059268	0.168527	0.0357878	0.00715096	0.0544263	0.0689068	0.0708611	0.164525	0.0873538	0.0968349	0.016637	0.00121019	0.00483719
40	0.0456095	0.00367772	0.0177073	0.0267348	0.0110978	0.0641141	0.0083188	0.00887202	0.0297624	0.0314688	0.0103857	0.0386173	0.0207351	0.0417748	0.0225253	0.287231	0.303518	0.024608	0.000826679	0.00241499
41	0.129802	0.0176114	0.0133394	0.0335156	0.00445644	0.0501619	0.0143916	0.00633035	0.169123	0.014932	0.00474999	0.0977328	0.0210217	0.0310701	0.154441	0.153546	0.061311	0.0158361	0.00127523	0.00535226
42	0.0425834	0.00979925	0.0363872	0.052588	0.00801942	0.0160518	0.0343788	0.00901816	0.252936	0.0280318	0.00271399	0.0637253	0.017013	0.0553051	0.25105	0.0543896	0.0343945	0.01923	0.00217806	0.0102064
43	0.0518186	0.00653394	0.0335346	0.00301655	0.00364911	0.540604	0.0193314	0.00441793	0.0269954	0.00610169	0.0144746	0.122701	0.00542935	0.0769885	0.0233044	0.0354778	0.0109963	0.00863224	0.00150285	0.00449024
44	0.0490942	0.0252563	0.0278481	0.0465019	0.00971652	0.025923	0.0464244	0.0237629	0.0537887	0.0272248	0.0131022	0.122095	0.0203284	0.0732296	0.0348214	0.18784	0.142889	0.0581691	0.00377247	0.00821206
45	0.0361835	0.00859969	0.0372288	0.0537446	0.00821642	0.0131769	0.0357376	0.00953913	0.259116	0.0293656	0.00260034	0.0599678	0.016804	0.0577707	0.259937	0.0458964	0.0329735	0.0199839	0.00224061	0.0109182
46	0.0277095	0.00773122	0.00507259	0.00265486	0.00779182	0.00319934	0.00126866	0.472162	0.00353662	0.0878596	0.0268985	0.00416055	0.00417981	0.00232197	0.0024116	0.00442998	0.00851487	0.323243	0.00137841	0.00347511
47	0.388527	0.0677198	0.0017226	0.00200074	0.00869754	0.0887617	0.0018647	0.0487889	0.00610106	0.0279985	0.00737949	0.00405396	0.00709349	0.00263071	0.0111657	0.143573	0.0522987	0.118354	0.00180056	0.0094674
48	0.31385	0.125309	0.00246788	0.00491048	0.0130639	0.0465534	0.00404981	0.061706	0.00441337	0.056303	0.0112003	0.00596172	0.00839858	0.00570727	0.00947501	0.151198	0.0524936	0.108619	0.00379598	0.0105236
49	0.0275093	0.0143394	0.000781025	0.00458043	0.0315422	0.00111583	0.00301024	0.322841	0.000973389	0.189731	0.0637628	0.00473079	0.00135082	0.00904498	0.00866006	0.016708	0.0365877	0.24316	0.00611912	0.013452
50	0.0406286	0.00201535	0.00180541	0.00187706	0.246884	0.00209494	0.096224	0.018792	0.00218312	0.0787063	0.0283901	0.00217029	0.00440772	0.00997571	0.00301909	0.0187146	0.0149671	0.0181669	0.0234828	0.385495
51	0.0264573	0.0141769	0.000767753	0.0045679	0.0322628	0.00111713	0.00306427	0.327343	0.000936697	0.1879	0.0621966	0.00477936	0.00130462	0.00932735	0.00894714	0.0140404	0.0339084	0.246541	0.00634461	0.014017
52	0.0361006	0.00860914	0.0374199	0.0538082	0.00823385	0.0131608	0.0358786	0.00954943	0.258582	0.0293878	0.00263067	0.0601803	0.0171669	0.0578966	0.259063	0.0461686	0.0331061	0.019959	0.00222391	0.010875
53	0.22919	0.109121	0.00785026	0.00747341	0.0318477	0.0133397	0.0101601	0.071839	0.00722219	0.0336083	0.0300946	0.00958675	0.14998	0.0114878	0.0889205	0.0693669	0.0441766	0.0260038	0.00295496	0.0457759
54	0.122711	0.112078	0.0112962	0.00812347	0.00875637	0.014746	0.0512781	0.00958774	0.0232434	0.0422112	0.00957254	0.127842	0.0214263	0.0402714	0.00887251	0.184655	0.12324	0.0712033	0.00210234	0.00678304
55	0.049081	0.0381934	0.0230165	0.0244731	0.141429	0.0100008	0.118875	0.0290021	0.0136882	0.0686817	0.0245696	0.0241139	0.0208053	0.0212889	0.0250055	0.0820092	0.0651096	0.0497811	0.0139755	0.156901
56	0.120472	0.00344598	0.00505751	0.0046453	0.00291656	0.676446	0.012916	0.00520714	0.00910141	0.0128045	0.00428798	0.0131734	0.0254004	0.0099026	0.0349648	0.0184308	0.0216987	0.0159736	0.000785519	0.00236933
57	0.0735371	0.0609748	0.0412274	0.0260886	0.0170977	0.038382	0.0363826	0.0164341	0.0712613	0.0298612	0.014188	0.154266	0.0282152	0.0346223	0.09517	0.113737	0.0911945	0.0344401	0.00461237	0.0183073
58	0.224371	0.0506878	0.0135159	0.0147533	0.0146588	0.0315692	0.00902611	0.0441447	0.0308593	0.0314511	0.0197639	0.0162956	0.182219	0.020523	0.0862984	0.098003	0.0557145	0.0295125	0.00235762	0.0242752
59	0.12479	0.0969494	0.00751246	0.0215985	0.0302358	0.0105626	0.0214445	0.0959069	0.00489881	0.106338	0.0382973	0.0124887	0.0101784	0.00825093	0.0111394	0.128977	0.13582	0.101568	0.00545419	0.0275902
60	0.0838012	0.0211957	0.180547	0.154631	0.0114268	0.0376478	0.0240508	0.0126276	0.0370175	0.0234738	0.0100744	0.0551055	0.0853416	0.0485758	0.0444325	0.0753127	0.0525229	0.0223034	0.00220978	0.0177017
61	0.0279524	0.0112612	0.00172443	0.00374728	0.0247789	0.0020679	0.00288761	0.363025	0.00184047	0.196531	0.0556081	0.00462614	0.00202218	0.00645066	0.00602713	0.0112136	0.0232406	0.240545	0.0039664	0.0104851
62	0.103768	0.00606913	0.00874039	0.00390898	0.00339485	0.687162	0.0126028	0.00492929	0.00747104	0.0101542	0.00514853	0.0281047	0.0165491	0.0189195	0.0263286	0.0199186	0.0168235	0.0153651	0.00142992	0.00321194
63	0.0678298	0.0168251	0.0939695	0.123835	0.016434	0.0194539	0.0326426	0.0161713	0.0281301	0.080489	0.0406144	0.029379	0.0262062	0.0997262	0.0415826	0.0915977	0.083135	0.0368777	0.00752417	0.0475767
64	0.0293803	0.0289615	0.00523205	0.00647611	0.07448	0.00920806	0.00524509	0.232179	0.0065087	0.20193	0.0745751	0.00860913	0.00669586	0.0125255	0.0212839	0.0261298	0.033082	0.190432	0.00903283	0.0180325
65	0.0716434	0.127251	0.0157831	0.020832	0.0835599	0.00416445	0.0644529	0.0532629	0.00642585	0.0660041	0.0186961	0.0185986	0.0164658	0.00801211	0.0236474	0.110601	0.151484	0.0639635	0.00281178	0.0723393
66	0.0333464	0.00694394	0.248713	0.148189	0.0269625	0.100852	0.0323564	0.00683152	0.0276202	0.011675	0.00763235	0.0169421	0.0490485	0.0304838	0.02307	0.103977	0.0842201	0.024441	0.00392683	0.0127687
67	0.0347237	0.0157574	0.043794	0.0387261	0.0785816	0.0165865	0.0274506	0.0581918	0.142151	0.0862904	0.0251401	0.0335873	0.0165095	0.0414561	0.143297	0.0410993	0.0648544	0.0596315	0.00525367	0.026918
68	0.0430823	0.00739995	0.00546286	0.00285633	0.239902	0.0101543	0.0505519	0.0232399	0.00730945	0.227411	0.0498402	0.00543545	0.0200286	0.0166478	0.016083	0.0231218	0.0175634	0.0567491	0.0085507	0.16861
69	0.0271328	0.0155425	0.00157117	0.00481618	0.0360153	0.00158049	0.00580607	0.308023	0.00165064	0.184406	0.0585741	0.00520991	0.00195365	0.0122356	0.0144905	0.0145656	0.0356595	0.244717	0.00836383	0.0176853
70	0.0367149	0.00317044	0.276731	0.212855	0.01346	0.0806775	0.012783	0.0046419	0.0402377	0.00878408	0.0045035	0.0137666	0.0206904	0.0418895	0.0290748	0.0900553	0.0689314	0.0240598	0.00136557	0.0156075
71	0.0174772	0.00791555	0.00139474	0.0043635	0.0353353	0.0053262	0.00622197	0.206284	0.00162886	0.400743	0.105307	0.00360622	0.00220629	0.00560953	0.00571441	0.015174	0.0249966	0.134283	0.00311196	0.0133006
72	0.332632	0.0620461	0.00247498	0.00338017	0.00572694	0.0983207	0.0028782	0.0286374	0.0177976	0.0159571	0.00563609	0.0114829	0.00919369	0.0035643	0.0188927	0.22163	0.0696342	0.0828984	0.00105542	0.00616143
73	0.0912377	0.0140336	0.00835713	0.0108777	0.0529476	0.0134162	0.0265197	0.00917407	0.0106111	0.0492027	0.0375314	0.0814784	0.0094779	0.059302	0.0285994	0.19154	0.224777	0.0570299	0.00211099	0.0217752
74	0.10028	0.0206554	0.0195825	0.0203706	0.00949462	0.0419732	0.0213674	0.00822442	0.0542339	0.0232661	0.0103615	0.170636	0.0171527	0.0297111	0.0644246	0.237494	0.11452	0.0253929	0.00142958	0.00942949
75	0.023046	0.00519223	0.00876523	0.00232605	0.00231598	0.00505427	0.00118814	0.457866	0.00350129	0.0555098	0.01425	0.00371303	0.00703423	0.00146927	0.00176286	0.00377175	0.00454496	0.396788	0.00048017	0.00142099
76	0.0154474	0.00818907	0.00247966	0.00296601	0.120706	0.0140132	0.00893417	0.0925262	0.0022166	0.466843	0.120994	0.00431938	0.00703118	0.00607649	0.00569219	0.0155479	0.00822641	0.0718609	0.00131245	0.0246188
77	0.325323	0.0654919	0.00219593	0.00208063	0.00551285	0.101076	0.00251582	0.024873	0.0111423	0.0145339	0.00479669	0.00888052	0.00902986	0.00263296	0.0108675	0.258827	0.075349	0.0686371	0.000949111	0.00528542
78	0.0406074	0.00458738	0.00279725	0.00242546	0.242454	0.00246248	0.0935649	0.019344	0.0042617	0.0876112	0.028944	0.00320475	0.00626795	0.0106476	0.00803161	0.020126	0.0175513	0.0280659	0.0217048	0.35534
79	0.0468642	0.00155933	0.236948	0.353668	0.00311841	0.0139417	0.0125574	0.00467505	0.0340421	0.00802145	0.00474327	0.0337977	0.0308828	0.0631133	0.0406927	0.0572659	0.0277779	0.0103479	0.000406936	0.0155766
80	0.0365456	0.0149298	0.0057778	0.00499565	0.183108	0.00737909	0.0601777	0.0493505	0.00665823	0.171779	0.0557178	0.00669388	0.011534	0.0133173	0.0109217	0.022849	0.0183138	0.0484588	0.0220296	0.249462
81	0.130733	0.0144777	0.0178684	0.0266873	0.00388138	0.0409642	0.00947048	0.00664189	0.0854335	0.0228121	0.00713225	0.032788	0.0738109	0.0293278	0.0803023	0.268196	0.124038	0.0207026	0.00108286	0.0036499
82	0.170142	0.0299986	0.0127597	0.00829244	0.0151607	0.383861	0.00953412	0.0222793	0.0112983	0.0270372	0.0100888	0.0203334	0.0163365	0.0133484	0.0221574	0.105573	0.0500964	0.0619214	0.00243346	0.00734736
83	0.0924445	0.0231036	0.0189982	0.0157202	0.150866	0.020516	0.0658673	0.028072	0.0113109	0.0751216	0.0252852	0.0171032	0.0233736	0.0180669	0.0227375	0.0459927	0.0326274	0.0362829	0.0172416	0.259268
84	0.100944	0.00443383	0.0104903	0.00263823	0.0032127	0.697909	0.0118156	0.00440333	0.00668063	0.0109016	0.0052672	0.0297181	0.0159795	0.0173535	0.0260139	0.0185193	0.0163704	0.0139847	0.000811281	0.00255323
85	0.347447	0.0676185	0.00502707	0.023793	0.00583801	0.0267332	0.00591919	0.0676936	0.00555298	0.0504131	0.0738233	0.00696204	0.0289576	0.11901	0.029	0.0745897	0.0114147	0.0408754	0.00210635	0.00722537
86	0.151828	0.0502616	0.0155982	0.016239	0.0239067	0.0433596	0.0171149	0.0501846	0.0219708	0.049261	0.0184557	0.0258967	0.0205027	0.0204634	0.0205874	0.242294	0.0948359	0.094694	0.00484456	0.0177012
87	0.0446335	0.00201461	0.0176388	0.0257933	0.0117225	0.0675853	0.00678914	0.00867984	0.0309037	0.0324746	0.00974995	0.0351164	0.0224536	0.0391183	0.0237389	0.281179	0.315335	0.022344	0.000580532	0.00214894
88	0.122339	0.00556685	0.00667939	0.00464061	0.00292092	0.683276	0.0108524	0.0054591	0.005758	0.0121677	0.00442665	0.0184929	0.0180728	0.0121345	0.0270448	0.0211393	0.0179183	0.0176671	0.000769512	0.00267456
89	0.0372931	0.00909034	0.0362688	0.0535073	0.00811973	0.013678	0.0354837	0.0100372	0.255362	0.0295431	0.00320822	0.0594151	0.0164487	0.0587634	0.256784	0.0442663	0.0333075	0.0231305	0.00348479	0.0128094
90	0.244845	0.0850828	0.00698581	0.0062727	0.019525	0.0149295	0.00720271	0.0648957	0.00706705	0.0393104	0.0223505	0.00946744	0.209153	0.0120436	0.077471	0.071702	0.0323645	0.0255497	0.00304576	0.0407358
91	0.0462922	0.00267263	0.0194737	0.0249671	0.0116196	0.0638243	0.00690493	0.00899523	0.0320389	0.0367174	0.00998818	0.037086	0.0220134	0.0383401	0.0247364	0.275401	0.313836	0.0221787	0.000638899	0.00227517
92	0.0406693	0.0183555	0.167273	0.16329	0.0217689	0.029272	0.0322833	0.0353536	0.0369657	0.0648634	0.020603	0.0247921	0.0213372	0.0446216	0.0398785	0.0603469	0.051118	0.0990237	0.00647474	0.0217099
93	0.0589951	0.0161748	0.0295737	0.0604759	0.016782	0.0119802	0.0362726	0.0204976	0.207655	0.0465259	0.00457257	0.0476778	0.0225329	0.0523495	0.243478	0.0564471	0.0280201	0.0197394	0.00249771	0.0177525
94	0.0565954	0.0459088	0.142184	0.00896314	0.00448858	0.0946852	0.0531526	0.00617517	0.0184429	0.00822044	0.0110469	0.292563	0.02449	0.0381877	0.0112579	0.114897	0.0310143	0.0165689	0.00279745	0.0183617
95	0.0425457	0.0209247	0.00120888	0.00563172	0.0237648	0.00187784	0.00311463	0.285297	0.0014799	0.189231	0.0646	0.00450683	0.00224469	0.00787281	0.00830357	0.0466316	0.0695113	0.203448	0.00592289	0.0118824
96	0.0314097	0.0340691	0.00803734	0.00363573	0.2283	0.0107866	0.0444046	0.0852319	0.00509759	0.135789	0.0408137	0.00738834	0.0123164	0.00811687	0.00749687	0.0229087	0.0143748	0.0584412	0.0355725	0.205809
97	0.227384	0.0127038	0.0109893	0.0104651	0.0114402	0.0148109	0.0116911	0.0144388	0.0139313	0.0794971	0.0130476	0.0841059	0.0133309	0.0479766	0.0982676	0.208717	0.0302487	0.0216734	0.00301181	0.0722693
98	0.0697856	0.0560384	0.150802	0.0227196	0.0067922	0.0753737	0.0452814	0.00779102	0.0251964	0.0149699	0.0119626	0.234408	0.0436249	0.0342517	0.0208325	0.104769	0.0385394	0.0207409	0.00234575	0.0137744
99	0.0354057	0.00787152	0.00490036	0.0027714	0.00665573	0.00342114	0.00151477	0.481192	0.00365252	0.0820227	0.0244022	0.00603923	0.00435515	0.00228237	0.00242905	0.00526203	0.00823079	0.312958	0.00127195	0.00336157
100	0.0472126	0.00118514	0.219232	0.370591	0.00207855	0.0101088	0.0120757	0.00425434	0.0353844	0.00673204	0.00505839	0.0363143	0.0334545	0.0648726	0.0425046	0.0586324	0.0262651	0.00743411	0.000348922	0.0162614
101	0.315963	0.0915383	0.00319476	0.00444717	0.0116666	0.0578196	0.0065294	0.0526228	0.00634169	0.051491	0.0106241	0.0115855	0.0078038	0.00512361	0.00934984	0.154799	0.0745754	0.111128	0.00330486	0.0100911
102	0.323194	0.0700448	0.00276741	0.00448619	0.0131181	0.0577286	0.003879	0.0744126	0.00505458	0.0594362	0.0142164	0.00493265	0.00884726	0.00568685	0.0117382	0.123956	0.0509102	0.150833	0.00334896	0.0114083
103	0.0406286	0.00201535	0.00180541	0.00187706	0.246884	0.00209494	0.096224	0.018792	0.00218312	0.0787063	0.0283901	0.00217029	0.00440772	0.00997571	0.00301909	0.0187146	0.0149671	0.0181669	0.0234828	0.385495
104	0.0678147	0.115777	0.0155516	0.0265265	0.0843968	0.00387408	0.0685521	0.0493514	0.00743028	0.0673811	0.0215103	0.0182445	0.0199733	0.00992763	0.0254766	0.104167	0.141542	0.0729299	0.00312484	0.0764481
105	0.0208421	0.0105771	0.00208082	0.00484462	0.0473705	0.00680064	0.00618442	0.210979	0.00233521	0.344636	0.0964387	0.00481819	0.0030596	0.00735606	0.00728897	0.0152796	0.0225942	0.167898	0.00360662	0.015009
106	0.0223632	0.00876551	0.0228946	0.0606748	0.0109403	0.0323053	0.0104277	0.123719	0.152754	0.0981381	0.0256768	0.0371399	0.0109967	0.0418427	0.179556	0.0250194	0.0492898	0.0768297	0.00292852	0.0077385
107	0.040214	0.00432578	0.0245574	0.0522574	0.00866888	0.0483896	0.0183888	0.00873696	0.0430881	0.0335647	0.0153817	0.0444875	0.0297736	0.0603195	0.0347262	0.247176	0.257761	0.0241404	0.00113149	0.00291085
108	0.0356943	0.0085332	0.0391474	0.0552104	0.00810559	0.0131569	0.0373538	0.00907812	0.252918	0.0292609	0.00305445	0.0608441	0.0187275	0.0604321	0.251905	0.047893	0.0362936	0.0199257	0.0021889	0.0102772
109	0.0433196	0.0114793	0.00382154	0.00214784	0.269982	0.0122015	0.04751	0.0288482	0.00481552	0.193008	0.0491822	0.00444203	0.0140559	0.01182	0.00988164	0.0237717	0.0140112	0.0572997	0.0103907	0.188011
110	0.0506807	0.0070905	0.0325014	0.00319522	0.00356849	0.535988	0.0202441	0.00446577	0.0272715	0.0063119	0.0155334	0.123365	0.00503231	0.0788834	0.0223844	0.0372474	0.01138	0.00870689	0.00159495	0.00455527
111	0.0261348	0.0138924	0.00099575	0.00471347	0.0331453	0.00125766	0.00334664	0.31987	0.00120669	0.186918	0.0627427	0.0054372	0.00141518	0.0106342	0.00968463	0.014228	0.0330777	0.250233	0.00631241	0.0147543
112	0.0630225	0.011084	0.0449979	0.0533293	0.00332223	0.0299761	0.0171452	0.00576727	0.120074	0.0364923	0.0143433	0.0324499	0.125088	0.0525042	0.108427	0.122489	0.139625	0.0160584	0.000799591	0.00300565
113	0.057249	0.00691696	0.0550591	0.076993	0.00290091	0.0255177	0.0218815	0.00516819	0.111966	0.0419809	0.00937593	0.0407018	0.131202	0.0679117	0.104286	0.10237	0.119156	0.0145613	0.000728011	0.00407278
114	0.0440593	0.00135579	0.234418	0.34399	0.00353088	0.0215672	0.0113016	0.00444926	0.0346988	0.00679141	0.0045782	0.0354531	0.0286248	0.0615101	0.040973	0.0615363	0.0350991	0.0100431	0.000412375	0.0156068
115	0.0420703	0.00802774	0.0431878	0.0609499	0.00677511	0.0143884	0.0442727	0.00814419	0.208221	0.0267566	0.00455573	0.0862678	0.0227975	0.0781738	0.186529	0.0846085	0.0476127	0.0177213	0.00148512	0.00745437
116	0.0280539	0.00715701	0.00572694	0.00234523	0.00550673	0.00357734	0.00121949	0.481503	0.00404439	0.0778211	0.0224346	0.00421852	0.00446971	0.00197516	0.00208901	0.00407686	0.00656417	0.333573	0.00100024	0.00264415
117	0.0282917	0.00864544	0.00455481	0.00266945	0.0101684	0.00293099	0.00147185	0.457071	0.00335067	0.102728	0.0296047	0.00439659	0.00349198	0.0033092	0.00320397	0.00660201	0.0116273	0.309357	0.00193966	0.00458523
118	0.0269764	0.0123561	0.00207441	0.00443886	0.0265778	0.0026259	0.00330455	0.316655	0.00166182	0.199974	0.0590485	0.00450611	0.00293507	0.0072397	0.00699921	0.0213565	0.0300952	0.255528	0.00460414	0.0110428
119	0.0425752	0.0049469	0.00417905	0.00451962	0.226807	0.00265407	0.0971796	0.0192355	0.00505331	0.0865211	0.0274923	0.00405355	0.0084522	0.0112344	0.00931443	0.0223985	0.0205986	0.0267065	0.0210187	0.35506
120	0.101591	0.0060206	0.00858137	0.00245427	0.00508701	0.687701	0.0120065	0.00531358	0.00699718	0.0144303	0.0060284	0.0288392	0.0148111	0.0168242	0.0251644	0.021652	0.0178045	0.014798	0.00110793	0.00278786
121	0.0507607	0.0166514	0.107882	0.121993	0.0229203	0.0252441	0.0286228	0.0152438	0.0759082	0.0412821	0.0167626	0.0399893	0.0263896	0.0890283	0.108657	0.0557834	0.0389567	0.0331367	0.00585232	0.0789358
122	0.137647	0.0487217	0.0161388	0.0168567	0.0260424	0.0420128	0.0170124	0.0550592	0.0248424	0.0586153	0.0206861	0.0279879	0.027065	0.0220747	0.026935	0.217454	0.0904466	0.102696	0.00563364	0.016073
123	0.0243053	0.00595248	0.00854468	0.00249634	0.00470882	0.0070473	0.00136503	0.447861	0.00387408	0.0609466	0.0169166	0.00444877	0.008406	0.00205458	0.00277918	0.00546785	0.00667544	0.383088	0.000759125	0.00230345
124	0.11035	0.00961669	0.0209272	0.0134791	0.00479425	0.552441	0.0120977	0.00735856	0.0132641	0.0141885	0.0055316	0.0304125	0.0201267	0.0173924	0.0278205	0.0593019	0.0547759	0.0198314	0.00151321	0.004777
125	0.168537	0.024582	0.00805928	0.00853452	0.00584847	0.0609644	0.00411237	0.00649628	0.0211177	0.0156795	0.00534856	0.018653	0.0179034	0.0140209	0.0141113	0.403889	0.173018	0.0250841	0.000890081	0.00315111
126	0.173802	0.0094831	0.00317508	0.0025708	0.00341794	0.618915	0.00957829	0.00939885	0.00343873	0.0136959	0.00403131	0.00804797	0.0202177	0.00465653	0.0282909	0.0313552	0.0219942	0.0298659	0.000915249	0.00314961
127	0.248625	0.0893211	0.0100138	0.00717507	0.0175471	0.0276162	0.00987104	0.0531395	0.0110628	0.033248	0.0215741	0.0138217	0.185356	0.0166553	0.0606106	0.0888367	0.0383943	0.0362119	0.00307046	0.0278491
128	0.213656	0.0385991	0.00414822	0.00359896	0.00430432	0.0526298	0.00366619	0.00689271	0.0181374	0.0118783	0.0038301	0.0132693	0.0166072	0.00607801	0.0112306	0.435928	0.1229	0.0282952	0.00106015	0.00329037
129	0.0264174	0.0156893	0.00109963	0.00455597	0.0293729	0.00124096	0.00300183	0.332273	0.00129935	0.180832	0.0579809	0.00467645	0.00163351	0.00880766	0.00861249	0.0152412	0.0367858	0.251435	0.00590384	0.0131408
130	0.0359182	0.0368501	0.09917	0.0820866	0.0434676	0.0152008	0.129884	0.0152129	0.00964275	0.0288527	0.0348312	0.0551999	0.0165979	0.0378386	0.0177958	0.104242	0.105287	0.054732	0.0335201	0.0436709
131	0.00973989	0.00304444	0.00199491	0.00406038	0.0432953	0.00970684	0.00983901	0.116095	0.00218866	0.547284	0.136157	0.00360781	0.0031175	0.00406642	0.00459065	0.00984887	0.00830449	0.0656996	0.00104243	0.016317
132	0.369359	0.0621275	0.00235917	0.00292893	0.00812033	0.0994226	0.00218368	0.0418413	0.00889244	0.0252468	0.00698958	0.00573936	0.00969619	0.00399704	0.0139991	0.159173	0.0610195	0.107136	0.00151206	0.00825583
133	0.232775	0.0333082	0.00320507	0.00295293	0.00353413	0.0554379	0.00273532	0.0061313	0.018653	0.00838525	0.00338597	0.00927384	0.0172888	0.00433973	0.0110864	0.440295	0.114796	0.0282602	0.00100041	0.00315629
134	0.035922	0.0085357	0.0373069	0.0535751	0.00826593	0.0133813	0.0356515	0.0100408	0.259367	0.0296296	0.00267759	0.0600505	0.0167963	0.0575861	0.259296	0.0457321	0.0332149	0.0199344	0.002214	0.0108228
135	0.0326449	0.070489	0.0166126	0.0860452	0.0917393	0.00701394	0.125897	0.0360041	0.0116952	0.06332	0.0157326	0.0308526	0.0455165	0.0424513	0.056436	0.0424013	0.0629041	0.0848485	0.00486457	0.0725312
136	0.153074	0.00439431	0.00386599	0.00295453	0.0038729	0.652053	0.0103622	0.00737992	0.00384337	0.0170732	0.00470153	0.0102032	0.0222793	0.00652373	0.0387157	0.0172378	0.0173563	0.0199022	0.000903516	0.0033031
137	0.113558	0.0027166	0.0047493	0.00232661	0.00255687	0.724468	0.010782	0.00389732	0.00453445	0.0105992	0.00378459	0.0159408	0.0170843	0.0105939	0.0271352	0.013707	0.0147172	0.0140794	0.000726521	0.00204299
138	0.025158	0.0109195	0.00127508	0.00744271	0.0308154	0.00377758	0.00504314	0.245494	0.00150695	0.317956	0.0855374	0.00444036	0.00208071	0.00695352	0.00686989	0.0164238	0.0276786	0.183188	0.00436292	0.0130763
139	0.0231074	0.00506309	0.00866351	0.0023119	0.00215262	0.00508874	0.0011996	0.458278	0.00353224	0.0539327	0.0139157	0.00371515	0.00710596	0.0014338	0.00175373	0.00365165	0.00448376	0.398775	0.000468129	0.00136706
140	0.0267738	0.0113192	0.00260404	0.00403459	0.0235041	0.00260879	0.00258387	0.37604	0.00245998	0.169801	0.048889	0.00483574	0.00283763	0.00618584	0.00615685	0.0110511	0.0214883	0.263253	0.00415113	0.00942234
141	0.0330071	0.0639739	0.0393005	0.130508	0.0393558	0.0156841	0.13978	0.0246597	0.0198539	0.0374435	0.01893	0.033056	0.0421706	0.107468	0.0352262	0.0504312	0.0463027	0.0814696	0.00971817	0.031661
142	0.120949	0.132557	0.0112892	0.0136144	0.0351572	0.0167679	0.0297499	0.0513279	0.0101402	0.0810455	0.0192005	0.0311053	0.0140977	0.0141013	0.014317	0.185364	0.118141	0.0685286	0.00420237	0.0283439
143	0.166588	0.0060145	0.00377321	0.00339129	0.00384272	0.617503	0.0105751	0.0098124	0.00369965	0.0152312	0.00470342	0.00735536	0.0382317	0.00503127	0.031253	0.0237744	0.0209922	0.0231805	0.00119208	0.00385453
144	0.0275916	0.0351908	0.00683342	0.00291341	0.251632	0.0234819	0.012515	0.0813516	0.00497912	0.260952	0.0633174	0.00720521	0.0134388	0.00645225	0.00852656	0.0305814	0.0108509	0.0806069	0.0153276	0.0562517
145	0.0974314	0.0349968	0.00608837	0.0107759	0.0128191	0.00770887	0.00930387	0.116809	0.00651714	0.157852	0.071691	0.0101049	0.00908081	0.00982083	0.00991635	0.130426	0.197134	0.0811711	0.00613105	0.0142217
146	0.102026	0.0367727	0.0189481	0.0183198	0.0407036	0.0271323	0.0182799	0.0540215	0.0256647	0.114055	0.0295512	0.0295591	0.0242529	0.0247943	0.0349198	0.208489	0.10028	0.0590459	0.00615319	0.0270317
147	0.23799	0.0354348	0.00473458	0.00431266	0.00490284	0.315471	0.00560017	0.0178963	0.0125142	0.016143	0.00540449	0.013069	0.0165289	0.0069586	0.0207482	0.160466	0.0679893	0.0477753	0.0012847	0.00477546
148	0.00912753	0.00242096	0.00202191	0.00402482	0.0431051	0.00982258	0.00953976	0.110837	0.0021899	0.559422	0.138082	0.00363143	0.00294504	0.00395546	0.00444146	0.00933581	0.00731316	0.0607259	0.000858273	0.0162001
149	0.0397311	0.00896729	0.0361542	0.0528068	0.00803376	0.015082	0.0352	0.00942238	0.253682	0.0286606	0.00303057	0.0648782	0.0169625	0.0569795	0.25166	0.0514231	0.0347579	0.0199262	0.00217491	0.010467
150	0.0255133	0.0134994	0.00222796	0.0043986	0.0320144	0.00297784	0.00322509	0.322657	0.00179797	0.191543	0.0612948	0.00459455	0.00280583	0.00780454	0.00760501	0.0160931	0.0291293	0.253488	0.00528833	0.0120417
151	0.0316408	0.0153308	0.000992975	0.00473537	0.0300675	0.00188126	0.00328066	0.301669	0.00126946	0.204917	0.0648709	0.00470203	0.00171875	0.00839383	0.00818247	0.0251152	0.0376161	0.235659	0.00561269	0.0123452
152	0.0643438	0.131008	0.0223844	0.0226236	0.0818103	0.00534025	0.0660988	0.0513333	0.00655864	0.0636367	0.0186136	0.0262215	0.0170318	0.0093555	0.0223513	0.116549	0.141737	0.0587743	0.00380959	0.0704188
153	0.0461878	0.021185	0.00196303	0.00602976	0.0221324	0.00267529	0.00313985	0.272601	0.0022772	0.184475	0.0582795	0.00471074	0.00307592	0.00751175	0.0081708	0.0588234	0.0790734	0.200112	0.00579383	0.0117821
154	0.0384692	0.00818503	0.042239	0.0547186	0.00694565	0.0157936	0.0361408	0.00798578	0.232648	0.031663	0.00333242	0.0603483	0.0352518	0.0644715	0.227364	0.0544256	0.0514228	0.0179946	0.00194499	0.00865513
155	0.0346126	0.0116221	0.047006	0.0576512	0.0117317	0.0136201	0.0424665	0.00926258	0.208754	0.032742	0.00871064	0.0593715	0.023502	0.0665119	0.215231	0.067448	0.0506872	0.0245897	0.0036742	0.0108053
156	0.055984	0.00449129	0.0328127	0.0373241	0.00655795	0.0534409	0.0123594	0.00885534	0.0747483	0.044928	0.010898	0.0449509	0.0504888	0.0490539	0.076222	0.17955	0.231708	0.0227413	0.000625195	0.00225925
157	0.0217646	0.109369	0.0181027	0.00574544	0.217093	0.0125454	0.0050687	0.0641708	0.00769238	0.0973029	0.03898	0.0131236	0.048325	0.00505038	0.0103359	0.046317	0.00832529	0.0302438	0.140626	0.0998181
158	0.0218243	0.119843	0.0177597	0.00628384	0.221055	0.0124559	0.00493635	0.0626503	0.0080808	0.0919784	0.0376003	0.0138644	0.0475362	0.00538607	0.0104173	0.0446659	0.00853504	0.0289103	0.13862	0.0975967
159	0.0246302	0.106648	0.0168651	0.00533706	0.223587	0.027244	0.00495857	0.0833641	0.00921904	0.140403	0.0534282	0.0204068	0.0241447	0.00506567	0.0126813	0.0364595	0.0122072	0.0633257	0.0591808	0.0708433
160	0.0462555	0.0238378	0.195466	0.116406	0.0147496	0.0486042	0.0663143	0.0100116	0.0447317	0.0204461	0.0107984	0.0946545	0.0311792	0.0455059	0.0471671	0.0829854	0.0480146	0.027159	0.00596687	0.0197464
161	0.080181	0.00926665	0.00802057	0.00693112	0.00844517	0.0124809	0.00956852	0.147352	0.0357126	0.019703	0.0645161	0.0182283	0.196013	0.0105201	0.0411918	0.0817402	0.0176815	0.220897	0.0029543	0.00859575
162	0.0397376	0.0041048	0.00228633	0.00188174	0.257605	0.00300363	0.0889177	0.0204134	0.00241528	0.0909433	0.030089	0.00254146	0.00548315	0.00977241	0.00344398	0.01885	0.0142148	0.0211526	0.0222826	0.360861
163	0.076167	0.00899446	0.0304129	0.0391614	0.003224	0.042923	0.0127743	0.00576222	0.114276	0.036418	0.00942255	0.0339882	0.142809	0.0442036	0.107576	0.123418	0.148861	0.0157901	0.000840012	0.00297766
164	0.0567529	0.0314145	0.0561442	0.0144648	0.00602438	0.0522526	0.0500606	0.0091358	0.0456839	0.0122973	0.0102503	0.32991	0.0165471	0.0316451	0.0258727	0.177272	0.040502	0.0213928	0.00177124	0.0106049
165	0.0244554	0.0125411	0.00188354	0.00432515	0.0397262	0.00369876	0.00484679	0.281255	0.00151831	0.263991	0.0710715	0.00449078	0.00252435	0.00801034	0.00798565	0.0144393	0.0276719	0.197673	0.00576123	0.0221314
166	0.0477722	0.00172423	0.25356	0.341749	0.00393811	0.0205856	0.0109017	0.00454295	0.0319826	0.00772302	0.00458745	0.030195	0.0279535	0.058836	0.0372308	0.0574108	0.030488	0.0140321	0.000424107	0.0143629
167	0.037178	0.00906871	0.0361856	0.0529538	0.00817583	0.0135006	0.0348396	0.0107716	0.254726	0.030976	0.0031879	0.0597672	0.016563	0.0570293	0.259504	0.0452106	0.0328559	0.0218404	0.00270707	0.0129594
168	0.0316642	0.00747554	0.00549936	0.00240874	0.00478509	0.0036011	0.00126883	0.48968	0.00379734	0.0753142	0.02115	0.00480249	0.00453277	0.00183771	0.00197684	0.0041385	0.00603985	0.326738	0.00084517	0.00244471
169	0.0750784	0.00761054	0.030013	0.0450937	0.00313724	0.0372069	0.0221362	0.00533508	0.127333	0.030517	0.00972939	0.038401	0.111226	0.0681459	0.103258	0.148576	0.11251	0.0207561	0.00104314	0.00289305
170	0.0351569	0.00846048	0.0402754	0.0545486	0.00835564	0.0130947	0.0382578	0.00898389	0.251638	0.0299146	0.00286865	0.0633407	0.0191221	0.0615328	0.24947	0.0489228	0.0349302	0.0190294	0.00209389	0.0100037
171	0.0231074	0.00506309	0.00866351	0.0023119	0.00215262	0.00508874	0.0011996	0.458278	0.00353224	0.0539327	0.0139157	0.00371515	0.00710596	0.0014338	0.00175373	0.00365165	0.00448376	0.398775	0.000468129	0.00136706
172	0.0552231	0.00366852	0.0288112	0.0440687	0.00650996	0.0494588	0.0128711	0.00828004	0.0669501	0.0366122	0.0134903	0.0438209	0.0498645	0.055323	0.0676125	0.198107	0.232343	0.0245331	0.000417616	0.00203471
173	0.272163	0.163727	0.00403593	0.00495385	0.0107887	0.0430526	0.00702069	0.0420426	0.0071192	0.042158	0.00865114	0.0109769	0.0102652	0.00642604	0.00936448	0.20494	0.0551668	0.0859047	0.00279907	0.00844433
174	0.0548632	0.0111451	0.0402148	0.0461233	0.00813542	0.0226358	0.0232298	0.0126004	0.121146	0.0533267	0.0109579	0.0341807	0.174244	0.0716244	0.104521	0.0826698	0.0955513	0.0226828	0.00213007	0.00801756
175	0.0502338	0.0243196	0.00583143	0.0100992	0.0209152	0.00669438	0.00640396	0.24515	0.00631827	0.139053	0.0464336	0.00900104	0.00827045	0.0109962	0.0127981	0.0532129	0.118006	0.206549	0.00567752	0.0140367
176	0.0315112	0.0174113	0.00467927	0.00284544	0.213434	0.012097	0.0351704	0.0579811	0.00389367	0.262054	0.072682	0.00553736	0.0124154	0.00889075	0.00829535	0.0211896	0.0117225	0.0556235	0.0153273	0.147238
177	0.0259077	0.0115854	0.00252817	0.00350118	0.0240674	0.00204548	0.00234812	0.387249	0.00188209	0.149711	0.0469267	0.00449861	0.00238806	0.00629282	0.00609171	0.00926629	0.0224868	0.276897	0.0043854	0.00994112
178	0.0198195	0.00949611	0.00131143	0.00459135	0.0325598	0.0045842	0.0054461	0.236359	0.0018035	0.339168	0.105501	0.00425274	0.00227501	0.00657533	0.00683897	0.0149201	0.0240435	0.164218	0.00368884	0.0125476
179	0.0489208	0.0270153	0.0349836	0.0418776	0.0862103	0.0359042	0.133494	0.0277443	0.0448794	0.0630467	0.0229033	0.0417726	0.0272195	0.0391999	0.0540978	0.0617757	0.0472901	0.0462361	0.0101556	0.105273
180	0.1056	0.00463396	0.00905827	0.00310851	0.00292812	0.693318	0.0124086	0.00412599	0.00705607	0.0106453	0.00490161	0.0274576	0.0152374	0.0167273	0.0256379	0.0216414	0.0167782	0.0148874	0.000954052	0.00289422
181	0.0606965	0.00793215	0.0564399	0.0465537	0.00661608	0.0361041	0.0221402	0.0104622	0.16036	0.0436023	0.00768593	0.0436456	0.0590023	0.0514197	0.163877	0.0775567	0.11882	0.0192601	0.00157196	0.00625342
182	0.0522408	0.00187132	0.216375	0.350753	0.00229059	0.0100288	0.0165682	0.00432673	0.037045	0.00857861	0.00517008	0.0436523	0.031623	0.0671177	0.0433311	0.059905	0.0248855	0.00781021	0.000410672	0.016016
183	0.0485259	0.0125035	0.22716	0.197992	0.0123294	0.0462481	0.0232401	0.00833985	0.0438869	0.0168218	0.00829561	0.06002	0.030396	0.0484469	0.0448555	0.0800948	0.0474391	0.0233103	0.00426688	0.0158269
184	0.0468431	0.00123193	0.218866	0.366716	0.00222739	0.0105697	0.0120937	0.00436201	0.0371836	0.0067596	0.0049342	0.0363715	0.0330957	0.0647913	0.0440425	0.0591357	0.0267317	0.00749316	0.000350077	0.0162009
185	0.0258339	0.0104857	0.00352334	0.00617997	0.020265	0.0025612	0.00216852	0.37542	0.00224651	0.134681	0.0451846	0.00453448	0.00337991	0.00655657	0.00628271	0.0108558	0.025681	0.30098	0.00416601	0.00901428
186	0.0233768	0.00639401	0.00804835	0.00260784	0.0047791	0.00481659	0.00142047	0.443737	0.00346516	0.0654081	0.0186474	0.0038432	0.00664782	0.00221798	0.00271087	0.00510701	0.00729502	0.385827	0.00122683	0.00242358
187	0.0529596	0.044638	0.165752	0.00989244	0.00491977	0.0910516	0.0552204	0.00635849	0.0168235	0.00860404	0.0103571	0.283987	0.0308425	0.0318063	0.00989196	0.112463	0.0314145	0.0157945	0.00232229	0.014901
188	0.0225735	0.08504	0.0228995	0.00503768	0.228796	0.0199435	0.00477229	0.0915428	0.0127637	0.144529	0.0527239	0.0148176	0.0233876	0.00544292	0.0179523	0.0338645	0.0107365	0.0754746	0.066496	0.0612061
189	0.0462301	0.0453024	0.0990133	0.0691844	0.0269819	0.0133061	0.11036	0.0136682	0.0112919	0.0259583	0.0240349	0.0588974	0.0132098	0.0474706	0.0160117	0.140292	0.11316	0.0665637	0.0311888	0.0278744
190	0.0800738	0.0348251	0.0638867	0.0361163	0.0128725	0.0615507	0.0869671	0.0116432	0.0626759	0.0281186	0.0147481	0.145318	0.0250257	0.073226	0.0602826	0.0908353	0.0529655	0.0347086	0.0051666	0.0189941
191	0.263884	0.031994	0.00395982	0.00374187	0.00544543	0.367071	0.00663233	0.0209684	0.00842112	0.016394	0.00534147	0.00991694	0.0177817	0.00638326	0.0234891	0.0977658	0.0477896	0.0563714	0.00114772	0.00550057
192	0.0195572	0.00919741	0.0367731	0.0883417	0.0113539	0.0172541	0.00924316	0.0934403	0.137461	0.0882862	0.0601447	0.019662	0.0100218	0.0937669	0.112843	0.0221916	0.0496797	0.107984	0.00280917	0.00998978
193	0.0768991	0.00697603	0.0425994	0.0486822	0.00492902	0.0508893	0.0154495	0.00795215	0.0640287	0.0556709	0.0128545	0.042956	0.0534423	0.113302	0.103455	0.122249	0.148291	0.0185948	0.00165186	0.00912801
194	0.00912753	0.00242096	0.00202191	0.00402482	0.0431051	0.00982258	0.00953976	0.110837	0.0021899	0.559422	0.138082	0.00363143	0.00294504	0.00395546	0.00444146	0.00933581	0.00731316	0.0607259	0.000858273	0.0162001
