364	20
1	0.113331	0.0261323	0.0376201	0.0529717	0.0698607	0.0102784	0.00185046	0.169834	0.00310345	0.0847663	0.0612808	0.00234473	0.0167391	0.00660676	0.00294221	0.0512302	0.0416934	0.219444	0.00235316	0.0256175
2	0.00763882	0.000503629	0.325259	0.56366	0.0023538	0.0249041	0.00137887	0.000804474	0.00733128	0.00549002	0.00222497	0.00807783	0.00261695	0.0176589	0.00293323	0.0110101	0.00918309	0.00480243	0.000122639	0.00204577
3	0.0679944	0.00374819	0.0254846	0.00562025	0.00466339	0.0245595	0.0809943	0.253891	0.00781065	0.00670691	0.026694	0.183019	0.00262823	0.00764565	0.00545548	0.0322252	0.0751052	0.0976731	0.00107996	0.0870013
4	0.147661	0.0414654	0.00760011	0.0640502	0.0549094	0.00149365	0.07618	0.00629172	0.0322231	0.085201	0.0105103	0.0164254	0.0727621	0.0516713	0.0390363	0.109084	0.0756704	0.0612268	0.000362647	0.0461751
5	0.122705	0.00513005	0.124139	0.202	0.00235523	0.0656527	0.0102719	0.00599912	0.0572036	0.0119098	0.00187144	0.0394758	0.0156865	0.0438197	0.0174977	0.138451	0.0850143	0.0471495	0.000226835	0.0034399
6	0.0256343	0.0132238	0.222688	0.32506	0.00226944	0.0402068	0.051754	0.00848637	0.0419065	0.0530575	0.0208932	0.034265	0.00134018	0.0510347	0.0732206	0.0169796	0.00576692	0.00988244	0.00049463	0.0018358
7	0.0122996	0.000550057	0.310056	0.555303	0.00340123	0.0227268	0.00178026	0.00111276	0.0109404	0.00592282	0.00275837	0.00846262	0.00189227	0.0232461	0.00220717	0.0146996	0.0127457	0.00706892	0.000108964	0.00271699
8	0.00250626	0.0110363	0.00129002	0.00130641	0.303712	0.000869962	0.00167127	0.0380873	0.00142029	0.567851	0.037887	0.00148265	0.00394751	0.00182727	0.00126072	0.00231758	0.00231597	0.00249856	0.00717611	0.00953652
9	0.0110811	0.00243536	0.00330441	0.0170862	0.0018184	0.00799309	0.00793973	0.00396478	0.535242	0.00568527	0.0185154	0.0339676	0.00807995	0.0315476	0.251726	0.0322931	0.0210628	0.00453961	0.000206782	0.00150979
10	0.0184284	0.0112013	0.012968	0.0512377	0.00688221	0.00747833	0.0553391	0.013925	0.322884	0.019861	0.00434226	0.0724315	0.000728323	0.1681	0.174931	0.0311829	0.022369	0.00407254	0.000175118	0.00146237
11	0.042948	0.00344073	0.00797018	0.0211706	0.00362629	0.00904547	0.00993081	0.0068487	0.386205	0.0457759	0.0567267	0.0195616	0.00376437	0.0369132	0.242542	0.0424731	0.0264647	0.0306986	0.000375676	0.00351853
12	0.298091	0.0103555	0.0206395	0.0298769	0.0113298	0.0109425	0.00733393	0.0831682	0.0106511	0.0393278	0.0327257	0.0128061	0.0127958	0.0268864	0.0103538	0.116452	0.158272	0.097471	0.00167776	0.00884267
13	0.0426813	0.00560148	0.00305835	0.00543004	0.0267795	0.000475942	0.000727051	0.183908	0.0100147	0.259465	0.209736	0.00560215	0.00190676	0.00875136	0.00145555	0.0276506	0.0550104	0.139567	0.0109608	0.00121836
14	0.00689896	0.00489166	0.0505455	0.00407078	0.0179956	0.0041454	0.0582875	0.0226739	0.0493687	0.00666033	0.00423916	0.306746	0.00247069	0.0207721	0.0243434	0.297639	0.0781522	0.020054	0.000785925	0.0192588
15	0.304096	0.0190918	0.0142442	0.0354196	0.00794589	0.0500323	0.00324379	0.0162455	0.0316559	0.00744779	0.0105219	0.011788	0.00568249	0.0224011	0.0116375	0.253639	0.148207	0.0414943	0.000729929	0.00447567
16	0.0672432	0.0518407	0.00489384	0.00829485	0.0041823	0.0470707	0.00545342	0.00635943	0.0482892	0.0131103	0.0063973	0.0647339	0.00785316	0.0224999	0.00726172	0.347386	0.267056	0.0111726	0.000497959	0.00840355
17	0.0799872	0.0258681	0.00217637	0.00180501	0.00144899	0.0151646	0.00832535	0.014336	0.0136857	0.0144583	0.00254585	0.184989	0.00748641	0.0267137	0.00458338	0.323428	0.23705	0.0160635	0.000406835	0.019478
18	0.00391752	0.00087454	0.00223026	0.0109448	0.00115361	0.00207175	0.00756758	0.00356871	0.649251	0.00222584	0.0224921	0.0367731	0.00351792	0.0272062	0.197284	0.0149524	0.00950757	0.00332262	0.000134206	0.00100402
19	0.00250626	0.0110363	0.00129002	0.00130641	0.303712	0.000869962	0.00167127	0.0380873	0.00142029	0.567851	0.037887	0.00148265	0.00394751	0.00182727	0.00126072	0.00231758	0.00231597	0.00249856	0.00717611	0.00953652
20	0.0226619	0.00469001	0.00418873	0.013714	0.00239275	0.0107063	0.00861925	0.00584316	0.414919	0.00861562	0.0137054	0.0306101	0.00475909	0.0266914	0.31203	0.0570556	0.049138	0.00633125	0.000243619	0.00308504
21	0.00651066	0.0540004	0.0176949	0.00289641	0.00999423	0.00209081	0.483541	0.002667	0.0315736	0.0145897	0.00196473	0.0987629	0.0108622	0.0575132	0.0775467	0.0327098	0.0154251	0.00961336	0.00291235	0.0671305
22	0.0720821	0.0437259	0.00613338	0.00958145	0.00366653	0.0336143	0.00712747	0.00986303	0.0556585	0.017257	0.00824508	0.0690725	0.00694236	0.0230585	0.0135603	0.314708	0.283525	0.0125608	0.000691389	0.00892631
23	0.00236667	0.00945477	0.00110109	0.00113024	0.231177	0.000752493	0.00154905	0.0425888	0.00123544	0.630387	0.046982	0.00120472	0.005112	0.00206245	0.00157232	0.00232024	0.00204277	0.00336119	0.00616757	0.00743212
24	0.0397663	0.0033783	0.00510544	0.019286	0.00271798	0.026724	0.00524675	0.0180844	0.28623	0.00558983	0.00608155	0.055322	0.00861978	0.0385914	0.267345	0.138566	0.0641944	0.0063743	0.000481008	0.002295
25	0.00441585	0.00251293	0.00192752	0.00717616	0.00157151	0.00214489	0.00686828	0.00256335	0.588695	0.00309956	0.019432	0.0262139	0.00335679	0.0198917	0.277982	0.0155591	0.010038	0.00391856	0.000124421	0.00250913
26	0.00710877	0.00991882	0.0020951	0.00467955	0.0024781	0.00491533	0.00879892	0.0020832	0.365758	0.00235286	0.00443869	0.0145407	0.00274121	0.00804368	0.488019	0.0375447	0.0243292	0.00362585	0.000235409	0.00629219
27	0.0764157	0.00375592	0.15303	0.274145	0.0032475	0.0565704	0.00985727	0.00588182	0.0767105	0.019717	0.00212211	0.0432459	0.00674405	0.0576971	0.0133628	0.0848049	0.0645368	0.0452948	0.000278508	0.0025819
28	0.0259376	0.00620977	0.507253	0.123427	0.00358161	0.0291049	0.0239332	0.00601036	0.019846	0.00654018	0.00423638	0.122007	0.00249225	0.0227622	0.0101029	0.0402885	0.0310354	0.0105695	0.000587399	0.00407545
29	0.0148088	0.00679963	0.175298	0.134543	0.0676643	0.00596613	0.00863001	0.249643	0.0102578	0.0148611	0.00903703	0.058702	0.00402013	0.0116261	0.00781625	0.0163467	0.0438133	0.152462	0.00143286	0.00627074
30	0.0160496	0.0131049	0.011807	0.0122644	0.00747837	0.0131983	0.11469	0.0552195	0.0699279	0.145568	0.0207578	0.0142529	0.00627702	0.0682523	0.287115	0.0530549	0.0236343	0.0566877	0.00132166	0.00933866
31	0.0142324	0.00508258	0.602864	0.1197	0.00181172	0.0310605	0.0250272	0.00211824	0.00998379	0.00206077	0.000799476	0.125289	0.000431484	0.0112718	0.00448296	0.0261113	0.0119915	0.00371157	0.000226402	0.00174394
32	0.21675	0.0172735	0.0342855	0.0721639	0.0452155	0.0179709	0.00320517	0.124325	0.00413577	0.0548362	0.0300871	0.00289077	0.0393874	0.0128253	0.00394237	0.0902533	0.0532677	0.162456	0.000473396	0.0142549
33	0.013407	0.00532059	0.0625333	0.34245	0.0032669	0.0203439	0.0173143	0.00760463	0.200659	0.00875892	0.00365055	0.0441403	0.00203131	0.171528	0.0311475	0.0177403	0.0245069	0.0202305	0.000511192	0.00285493
34	0.00954772	0.000768328	0.320118	0.553903	0.00276591	0.0228329	0.00266941	0.000936576	0.00917094	0.00569113	0.00241944	0.0106759	0.0020657	0.0220512	0.00347417	0.0125479	0.0104811	0.00548157	0.000139224	0.00225919
35	0.2005	0.0149491	0.0397591	0.068445	0.00803315	0.00463267	0.010124	0.0843208	0.0104145	0.114616	0.0467552	0.00575729	0.0219703	0.0589964	0.0095624	0.111583	0.0672095	0.0991304	0.000384563	0.0228564
36	0.0232035	0.0107016	0.0147328	0.0699581	0.00836835	0.00706927	0.044381	0.0110245	0.25647	0.0373361	0.0082896	0.0544452	0.000921363	0.19596	0.197889	0.0316781	0.0207081	0.00549324	0.000325772	0.00104478
37	0.324455	0.0156453	0.0514354	0.0557555	0.00521588	0.00453165	0.00852944	0.0624923	0.00438274	0.0409486	0.0164179	0.00504925	0.0306775	0.0439954	0.006595	0.138216	0.0928943	0.0749897	0.000199866	0.0175733
38	0.0212767	0.00233566	0.0028367	0.00443806	0.0369518	0.00183768	0.00433206	0.297595	0.00405022	0.263339	0.0800737	0.00414836	0.00189947	0.00340638	0.00103326	0.0112698	0.0186425	0.235889	0.00267702	0.00196829
39	0.0302676	0.0105227	0.387382	0.208142	0.0138791	0.0214092	0.0285867	0.011563	0.02288	0.0102124	0.00165947	0.0902492	0.00168877	0.0451504	0.00478183	0.0500781	0.0282282	0.0217607	0.000378124	0.01118
40	0.249796	0.00646733	0.0466242	0.135724	0.0047436	0.0337298	0.00635216	0.0151277	0.038974	0.0103435	0.01004	0.0215303	0.0122222	0.0440671	0.030713	0.175602	0.101635	0.0505329	0.000492287	0.00528308
41	0.00282377	0.011126	0.0012653	0.0012981	0.298939	0.00087201	0.00174533	0.0395318	0.00145737	0.567624	0.0383854	0.00147752	0.00393088	0.00203274	0.00128291	0.00258562	0.00247224	0.00414458	0.00723184	0.00977367
42	0.0134595	0.0250364	0.0171732	0.0207033	0.00561616	0.00800631	0.202156	0.00920656	0.123971	0.0330395	0.00558245	0.0460759	0.00815139	0.104562	0.29374	0.0330598	0.0161253	0.0161198	0.000900566	0.0173155
43	0.0138712	0.0141529	0.0350871	0.114239	0.00550027	0.00717596	0.0691578	0.00864394	0.161636	0.0244394	0.00344881	0.0640619	0.00113562	0.287937	0.129304	0.0342525	0.0175785	0.00377744	0.000242506	0.00435877
44	0.23396	0.034572	0.0367719	0.0610045	0.0226452	0.0106436	0.0148723	0.0541185	0.0150478	0.0548849	0.0223159	0.00554043	0.0254592	0.0342521	0.018626	0.142884	0.0842743	0.105845	0.000236706	0.0220455
45	0.0067473	0.00318152	0.00184735	0.00314377	0.0508014	0.00141959	0.00365992	0.0997141	0.00323799	0.704247	0.0520947	0.00225294	0.00469656	0.00738906	0.00512298	0.00749143	0.00588054	0.0310518	0.00170852	0.00431192
46	0.0143784	0.000422567	0.00236277	0.00393011	0.0395284	0.00215393	0.00612546	0.330514	0.00239891	0.272001	0.0469369	0.00438506	0.00197229	0.00084033	0.000579056	0.00658144	0.00995083	0.254449	0.000110171	0.000379259
47	0.237018	0.014738	0.085057	0.0538541	0.00446602	0.00351197	0.00994743	0.0557323	0.00588489	0.0682994	0.0284214	0.00719628	0.0223576	0.056509	0.00771332	0.170037	0.0978717	0.0562262	0.000597467	0.0145612
48	0.0157497	0.00609795	0.213838	0.361562	0.00148625	0.0203757	0.0432036	0.00429684	0.0569756	0.0376194	0.0251167	0.038656	0.00108268	0.0559862	0.0898711	0.0174874	0.00335476	0.00548145	0.000487839	0.0012713
49	0.0151584	0.00571343	0.562264	0.131171	0.00188026	0.0372769	0.0281764	0.00227793	0.0099958	0.00248272	0.000947492	0.136227	0.000503865	0.0129502	0.00581873	0.0298023	0.0108095	0.00450996	0.000211466	0.00182272
50	0.00783181	0.00138257	0.00123688	0.00480849	0.019385	0.00103811	0.00133898	0.0937963	0.00418502	0.612871	0.177476	0.00179875	0.0054849	0.00702293	0.00598516	0.0084247	0.00685212	0.0353454	0.00265479	0.00108179
51	0.0206681	0.00424246	0.00398356	0.00728616	0.0335815	0.00266961	0.0064254	0.22956	0.00700684	0.357968	0.0851982	0.00444183	0.00373541	0.0091183	0.00387426	0.0138677	0.0178003	0.181251	0.0027078	0.00461404
52	0.09014	0.0476556	0.0119054	0.0224355	0.0147385	0.00841691	0.0360743	0.0119059	0.0177698	0.0303082	0.00758617	0.030472	0.382729	0.0207642	0.0171566	0.104308	0.0896866	0.0403805	0.00105947	0.014508
53	0.226188	0.00240711	0.0959101	0.141277	0.00538812	0.0438362	0.0138308	0.00809653	0.025925	0.0137538	0.00282841	0.0209338	0.10189	0.0348287	0.00996816	0.145901	0.0559706	0.0346163	0.000419151	0.0160313
54	0.0231573	0.0129072	0.0156009	0.0517017	0.00535308	0.00785627	0.0637517	0.015069	0.257735	0.0241527	0.0023674	0.077071	0.000646585	0.189123	0.189809	0.0334917	0.0255688	0.0039143	0.00018052	0.000542494
55	0.0183281	0.0136226	0.0171129	0.0240755	0.0621346	0.00688527	0.287027	0.0254006	0.0177762	0.16313	0.00970345	0.0244558	0.0241281	0.0824729	0.019234	0.0194489	0.0146165	0.0229726	0.00308137	0.144393
56	0.022183	0.00489667	0.543461	0.146207	0.00252914	0.0336783	0.0237883	0.00292422	0.0165659	0.00408871	0.00111852	0.111391	0.00100101	0.0190725	0.00730066	0.0325207	0.0172119	0.00741241	0.000264914	0.0023838
57	0.0143119	0.00526979	0.58451	0.116482	0.00219356	0.0299205	0.0259233	0.00245306	0.0116654	0.00271143	0.00139351	0.134658	0.000615682	0.0128956	0.00536964	0.0287223	0.0137397	0.0040556	0.000308725	0.00279966
58	0.0776937	0.0281446	0.0137634	0.0424956	0.0456582	0.00483167	0.142176	0.00758813	0.0272094	0.0859918	0.00868517	0.0233151	0.0816431	0.0519925	0.0356803	0.0847897	0.0439853	0.0357932	0.00122617	0.157337
59	0.0126867	0.054559	0.0114364	0.0105584	0.0346456	0.0028584	0.402239	0.00315347	0.0148275	0.0180618	0.00286851	0.0819351	0.0104791	0.0445704	0.0441778	0.0153364	0.00903289	0.00814745	0.00829697	0.210129
60	0.0564761	0.00347861	0.00406457	0.0228881	0.00365442	0.00399066	0.00469409	0.0801732	0.06877	0.025876	0.357971	0.0111263	0.00252672	0.00798014	0.00597461	0.0318227	0.214283	0.0897977	0.00132465	0.00312712
61	0.00708444	0.00350123	0.00116737	0.00418573	0.0814045	0.000996048	0.00136205	0.086433	0.00331289	0.51283	0.229857	0.00180878	0.00537644	0.00414472	0.00375872	0.00673558	0.00566712	0.0328698	0.00505917	0.0024448
62	0.0100235	0.00347607	0.00478225	0.00627607	0.0474675	0.00231261	0.00565623	0.102715	0.00805859	0.672112	0.0512098	0.00341733	0.00477906	0.008688	0.0081456	0.010178	0.00862839	0.0355997	0.00255641	0.00391788
63	0.0348279	0.0100584	0.0139236	0.0250645	0.00536665	0.0232653	0.0295905	0.0112606	0.204117	0.0215032	0.0136051	0.0460563	0.0117047	0.0496668	0.336421	0.0992579	0.0397032	0.0162988	0.00102611	0.00728249
64	0.0146233	0.0178402	0.00923314	0.00927999	0.350423	0.00541369	0.0121327	0.0529312	0.00734196	0.219592	0.0253407	0.0185834	0.00375035	0.0132282	0.00592649	0.0237895	0.0124466	0.0369965	0.00527825	0.155849
65	0.00567749	0.00192126	0.00143631	0.00195926	0.0260108	0.0011177	0.00174357	0.111516	0.00243796	0.746604	0.0390547	0.00198911	0.00455794	0.00624458	0.00287196	0.00736625	0.00541591	0.0287205	0.00106678	0.00228821
66	0.00982048	0.00816463	0.00523206	0.00776421	0.0187949	0.00475551	0.0155988	0.0052344	0.429612	0.010999	0.012527	0.0160579	0.00335935	0.0176228	0.34971	0.023218	0.0146599	0.0247603	0.000740459	0.0213684
67	0.405366	0.0121538	0.0152714	0.0253384	0.00752915	0.0219709	0.00709574	0.0194092	0.0131636	0.0151822	0.00937357	0.0141709	0.0283933	0.0241786	0.0101467	0.207739	0.112257	0.0445091	0.000624825	0.00612744
68	0.0406219	0.0114005	0.01126	0.0240832	0.00734842	0.0221479	0.0249014	0.0119056	0.199398	0.019964	0.0146003	0.046668	0.00745204	0.0485951	0.332535	0.107077	0.0439541	0.0172343	0.00224597	0.00660756
69	0.0208405	0.00482053	0.0124332	0.0198378	0.00241736	0.0229556	0.0139736	0.00561164	0.403937	0.0140933	0.0142854	0.0390651	0.00554701	0.0455224	0.277319	0.0596693	0.027405	0.00729197	0.000317074	0.00265686
70	0.0335654	0.0189577	0.00460695	0.00607898	0.218877	0.00299024	0.0223055	0.119484	0.00674581	0.282512	0.0476869	0.00380889	0.00187994	0.0213656	0.00596195	0.0182378	0.0253491	0.0991603	0.00411266	0.0563128
71	0.0157225	0.00434538	0.572981	0.157379	0.00220829	0.0296124	0.0221244	0.00238815	0.0115729	0.00333047	0.000804132	0.110746	0.000525548	0.0146254	0.00405003	0.0259334	0.013718	0.00573385	0.000208785	0.00198993
72	0.0160996	0.000696897	0.00237636	0.00396987	0.0384919	0.00206939	0.00607314	0.325549	0.00310367	0.268767	0.0512264	0.00470721	0.00191792	0.00150331	0.000780648	0.00771117	0.0123937	0.251584	0.000462377	0.000516343
73	0.0103605	0.00067259	0.323654	0.545942	0.00300641	0.0237522	0.00241801	0.000945911	0.0100692	0.00556439	0.00242031	0.0118956	0.0019711	0.0209482	0.00256331	0.013491	0.0118068	0.00594564	0.000115254	0.0024576
74	0.00420048	0.00164375	0.00212753	0.0104732	0.00133185	0.00241439	0.00809403	0.00286905	0.62556	0.00324295	0.0202947	0.0318109	0.00335561	0.0279687	0.224465	0.0151665	0.00996584	0.00329452	0.000106497	0.00161514
75	0.483016	0.00187235	0.001656	0.00519695	0.00174105	0.0120969	0.00188389	0.0145566	0.0044594	0.00251577	0.00180798	0.00241702	0.00347615	0.0205653	0.00218667	0.185932	0.196407	0.0567321	0.000346936	0.00113412
76	0.100131	0.00710946	0.00667835	0.018598	0.0139217	0.0135442	0.00780082	0.141487	0.0609442	0.0731028	0.182428	0.0367645	0.00290284	0.0183462	0.0182727	0.0628648	0.120502	0.104256	0.00424963	0.00609603
77	0.00812207	0.017944	0.0166716	0.0341594	0.00252708	0.00383274	0.134746	0.00213076	0.0224737	0.0480983	0.00188429	0.0206227	0.00101422	0.583476	0.0448181	0.0368932	0.016361	0.00250314	0.000449704	0.00127268
78	0.024923	0.00385343	0.00296476	0.00613266	0.0358301	0.00141047	0.00252775	0.181592	0.00767304	0.31401	0.217976	0.00380259	0.00329933	0.00795854	0.00284748	0.0169752	0.0289762	0.128009	0.00633699	0.00290139
79	0.0217461	0.0105296	0.0113843	0.015863	0.0112087	0.00994278	0.0149386	0.0197337	0.0156684	0.0295893	0.0210865	0.0157861	0.0108727	0.018848	0.0163749	0.0247151	0.0207292	0.0220504	0.679911	0.00902102
80	0.200352	0.0215773	0.0169602	0.0668768	0.00698656	0.0612235	0.00281399	0.0292089	0.0475905	0.00706719	0.0238237	0.00880333	0.00174579	0.0164319	0.0248281	0.2571	0.167298	0.0341718	0.000578478	0.00456139
81	0.0142255	0.00442247	0.540985	0.195386	0.00174958	0.0334454	0.0233143	0.00193589	0.0092315	0.00283508	0.000928266	0.110488	0.000695547	0.0128451	0.0045225	0.0270405	0.0103378	0.00370923	0.000196783	0.0017055
82	0.0643026	0.0109861	0.009753	0.0165408	0.021863	0.0113211	0.00971454	0.100573	0.0336112	0.128829	0.232445	0.0187619	0.00584394	0.0209066	0.0132509	0.0546886	0.134954	0.10012	0.00625673	0.00527738
83	0.00229692	0.000941934	0.00116049	0.00157439	0.00445647	0.00101523	0.00127243	0.103359	0.00183433	0.825811	0.0268044	0.0016427	0.00502043	0.00644029	0.0031123	0.00648548	0.00205074	0.0036618	0.000261613	0.000797833
84	0.0242251	0.0124719	0.0161447	0.0524384	0.00537968	0.00722439	0.066192	0.0150674	0.248964	0.0262051	0.00269156	0.0791676	0.000558307	0.196906	0.18353	0.0330389	0.0251417	0.00386823	0.00020453	0.000580493
85	0.021056	0.0120097	0.0133259	0.020283	0.0103274	0.0105351	0.015769	0.0142545	0.016359	0.0244448	0.0163391	0.0161896	0.00687603	0.0198442	0.0175448	0.0255441	0.0224192	0.0206924	0.686935	0.00925163
86	0.0143445	0.00954971	0.0164146	0.0265728	0.0049868	0.0252991	0.0338009	0.00687564	0.266704	0.0203607	0.0129223	0.0242756	0.00417768	0.0463078	0.403156	0.0355629	0.0225849	0.0121543	0.00661903	0.00733122
87	0.00475013	0.00183176	0.00358942	0.0235023	0.00159106	0.00331972	0.0168752	0.00361678	0.593675	0.00430828	0.0235445	0.0543746	0.00277331	0.0486813	0.172078	0.0220835	0.0143861	0.00419413	0.000128005	0.000697038
88	0.00745168	0.00092348	0.359331	0.517052	0.0019655	0.0265862	0.00374263	0.000742312	0.00689374	0.00487807	0.00198233	0.0203155	0.00228685	0.0157083	0.00359275	0.0118238	0.00869736	0.00401347	0.000137154	0.00187547
89	0.00446359	0.0134944	0.00282371	0.00264423	0.443191	0.00220303	0.0138388	0.0039473	0.00307624	0.0264144	0.00292861	0.034848	0.00154085	0.0146958	0.00292961	0.0322265	0.00426864	0.00400332	0.000554316	0.385907
90	0.0310306	0.00313646	0.0127877	0.0166298	0.00266945	0.847761	0.00737016	0.00161512	0.00739984	0.00186677	0.00125839	0.00187987	0.000760322	0.0019681	0.0259712	0.0243151	0.00244592	0.00781808	0.000314172	0.00100242
91	0.374862	0.00329091	0.00275473	0.0144833	0.00243979	0.00237766	0.00324981	0.0194066	0.00351322	0.00392224	0.00415859	0.00522864	0.0016566	0.0122793	0.00288302	0.0733607	0.333943	0.133978	0.000630324	0.00158222
92	0.0150496	0.00460763	0.573571	0.152792	0.00219383	0.0306231	0.0232506	0.00228473	0.0117422	0.00308777	0.00111041	0.114614	0.000535411	0.0145148	0.00520578	0.0258801	0.0119808	0.00486233	0.000201997	0.00189185
93	0.0899614	0.0571099	0.00140156	0.00196977	0.00147811	0.0195576	0.00316983	0.00505399	0.0450761	0.0195826	0.00803195	0.0735124	0.00456761	0.0204195	0.00207264	0.265925	0.361815	0.00733237	0.000303914	0.0116592
94	0.0242491	0.00204385	0.00266395	0.00430134	0.0326082	0.00197124	0.00460792	0.386155	0.00331231	0.20818	0.0462551	0.00369595	0.0018527	0.00309023	0.00137718	0.00878597	0.0142249	0.247563	0.000807233	0.00225463
95	0.0429239	0.00573429	0.00325229	0.0054162	0.0275176	0.000490903	0.00075125	0.186101	0.0101837	0.255922	0.205568	0.00546686	0.00179547	0.00864455	0.00131222	0.0278133	0.0572732	0.141571	0.0111077	0.00115441
96	0.0098852	0.0028348	0.0810196	0.522405	0.00226807	0.00888143	0.0170046	0.00310114	0.10193	0.00599544	0.00294916	0.0208886	0.00122692	0.168774	0.00718592	0.010668	0.0192545	0.0111769	0.000601099	0.00194869
97	0.0076177	0.000511345	0.325192	0.564609	0.00234715	0.0244303	0.00152092	0.000653255	0.00732762	0.0053445	0.00223864	0.00804896	0.00237271	0.0180054	0.00293671	0.0110458	0.00918584	0.00450356	0.000117953	0.00199009
98	0.021107	0.022596	0.011132	0.0151458	0.335449	0.0084367	0.0142854	0.0576934	0.010029	0.2027	0.0273162	0.0184944	0.00598055	0.015444	0.00649968	0.0277755	0.0137659	0.0421285	0.00483638	0.139185
99	0.0386723	0.003465	0.279831	0.338586	0.0102537	0.0197657	0.0110348	0.0094433	0.0397688	0.0201566	0.00299855	0.0358266	0.00128503	0.0638028	0.00517973	0.0407374	0.0310764	0.0401325	0.000193651	0.00779033
100	0.00472677	0.0138631	0.00291644	0.00269476	0.441442	0.00219425	0.0136898	0.00599064	0.00306208	0.0336517	0.00419527	0.0338432	0.00160906	0.014396	0.00282119	0.0311927	0.00443408	0.00479646	0.000902379	0.377578
101	0.111421	0.00385586	0.13907	0.182469	0.00157765	0.0676067	0.0124512	0.00466276	0.0691188	0.0114991	0.000987335	0.0463331	0.0182303	0.0516791	0.0172181	0.133965	0.0829784	0.041863	0.000254675	0.00275852
102	0.0205289	0.00339146	0.254457	0.482828	0.00442954	0.023402	0.0106694	0.00462261	0.0365125	0.0139849	0.00648331	0.019755	0.0034538	0.0436396	0.0153021	0.0232743	0.0175668	0.0110713	0.000694038	0.00393286
103	0.0451633	0.0099686	0.00301977	0.00906726	0.0622163	0.00461176	0.0196335	0.16497	0.018265	0.336863	0.0498597	0.00358313	0.00216302	0.0490761	0.0159694	0.0186696	0.0171666	0.124141	0.00176741	0.0438256
104	0.0145006	0.00508772	0.565948	0.146763	0.0017092	0.0345934	0.0269358	0.00213807	0.0100123	0.00234049	0.000735808	0.125911	0.000471442	0.0126564	0.00477676	0.029069	0.0106528	0.00375771	0.00021902	0.00172161
105	0.0372057	0.00187989	0.255019	0.437808	0.00713575	0.0165577	0.00768461	0.00447289	0.0377186	0.0125092	0.001799	0.0197286	0.001337	0.065318	0.00232084	0.0329195	0.0311788	0.0225036	0.000200881	0.00470258
106	0.0228027	0.00349157	0.00319914	0.00459502	0.0386334	0.002606	0.00443585	0.301477	0.00309774	0.237436	0.0598028	0.00368476	0.00201352	0.00285964	0.00113424	0.0103728	0.0158604	0.278598	0.00137639	0.0025232
107	0.0495267	0.00754944	0.00350273	0.0133279	0.013355	0.0124672	0.00849653	0.0933169	0.0450546	0.230858	0.116014	0.0103653	0.00269591	0.0524127	0.0385662	0.0417553	0.0689331	0.180936	0.00345638	0.0074096
108	0.0173673	0.0189248	0.0142631	0.0852619	0.00500472	0.00712249	0.0621518	0.0119605	0.224683	0.0205996	0.00198069	0.0742549	0.000601163	0.229531	0.163366	0.0357827	0.0220089	0.00407816	0.00021609	0.00084173
109	0.0124256	0.0677558	0.00491325	0.00268569	0.0437046	0.00187858	0.357361	0.00291941	0.00517539	0.00727658	0.00202688	0.0849899	0.00335637	0.0255692	0.0228424	0.00872506	0.00630176	0.00393512	0.0103106	0.325846
110	0.0178396	0.0229916	0.0110144	0.013625	0.214097	0.00503814	0.0839367	0.0116662	0.00868817	0.0342851	0.00603722	0.0510957	0.00656389	0.0216878	0.0105508	0.0299151	0.012391	0.0125476	0.00240235	0.423627
111	0.0918173	0.0100759	0.0080543	0.0114743	0.00395946	0.00736746	0.0265358	0.00788591	0.00768292	0.0167434	0.00361326	0.0295173	0.540539	0.010319	0.0085864	0.116949	0.0515091	0.0413786	0.000759273	0.00523236
112	0.00938285	0.00979078	0.0156932	0.0212907	0.00367147	0.0031178	0.277951	0.0025965	0.0132101	0.0288019	0.00237076	0.0133521	0.0151439	0.509022	0.0231167	0.0250941	0.00956181	0.00411092	0.000798156	0.0119238
113	0.066673	0.27177	0.0178156	0.0208053	0.079307	0.243316	0.0132952	0.013962	0.0204035	0.018693	0.0104562	0.0165855	0.00807793	0.0228548	0.017858	0.0601917	0.0401183	0.0419019	0.003979	0.0119361
114	0.0119851	0.0538416	0.00494625	0.00363521	0.0399134	0.00235438	0.30224	0.0036936	0.00500899	0.00759954	0.00256772	0.0886362	0.00315158	0.0214851	0.0188398	0.00956797	0.00668706	0.00461603	0.00858269	0.400648
115	0.0232386	0.0351028	0.021115	0.0202821	0.0280192	0.00866781	0.392419	0.00832969	0.0347328	0.0393381	0.00632754	0.0598792	0.0311113	0.0861417	0.0457291	0.0302325	0.0193194	0.0140279	0.00540867	0.0905775
116	0.0320394	0.00335177	0.0126078	0.0169589	0.00321235	0.820159	0.00775847	0.00220846	0.0095871	0.00311909	0.00183698	0.00473035	0.00204304	0.00364479	0.0297885	0.0334631	0.00364771	0.00780594	0.000376158	0.00166118
117	0.0330098	0.0015946	0.0012711	0.00162381	0.0107587	0.00110345	0.00187044	0.408053	0.00176179	0.0420039	0.0116437	0.0018961	0.000830637	0.00188364	0.00142715	0.00466238	0.0137929	0.459716	0.000278107	0.00081823
118	0.020191	0.00455067	0.502478	0.214361	0.00286116	0.0358559	0.0196944	0.00469317	0.0166064	0.00679101	0.00245843	0.0852019	0.00221117	0.0209923	0.00845984	0.0271793	0.0140621	0.00844625	0.000380991	0.00252484
119	0.00342796	0.00750534	0.0013691	0.00266481	0.00268614	0.00139701	0.00924748	0.00151668	0.445488	0.00265798	0.00715642	0.0109242	0.00156768	0.00714806	0.451733	0.0192958	0.0133596	0.0041221	0.000228456	0.00650406
120	0.00801275	0.000485473	0.318452	0.571112	0.0024163	0.0236924	0.00139794	0.000637123	0.00748994	0.00511728	0.00225589	0.00739745	0.00226995	0.0193421	0.00266919	0.0111576	0.00947268	0.00449821	0.000124387	0.00200026
121	0.0338266	0.00391386	0.0160945	0.0197485	0.00323734	0.82122	0.00771288	0.00206315	0.00960185	0.00273674	0.00164654	0.00263337	0.00184424	0.00420984	0.0272442	0.0272908	0.00468652	0.00873633	0.000317041	0.00123541
122	0.0148969	0.0149192	0.0172404	0.0365944	0.00588675	0.00797615	0.108156	0.00871857	0.110513	0.0357708	0.0057996	0.0401003	0.00344445	0.302038	0.221795	0.0310785	0.0179559	0.00872657	0.000469105	0.00792114
123	0.0771917	0.010617	0.0130613	0.0144558	0.00734292	0.0113467	0.0294015	0.00745282	0.0163712	0.0166524	0.00458842	0.0551025	0.507152	0.0136253	0.0130148	0.104638	0.0487684	0.0370984	0.00170241	0.0104162
124	0.0334778	0.00162586	0.00126547	0.00151051	0.0078524	0.000970779	0.00155679	0.420657	0.00178199	0.0210813	0.0083648	0.00177937	0.000700937	0.00193914	0.00158088	0.00431373	0.0138487	0.474467	0.000310133	0.00091558
125	0.01484	0.0207605	0.0116158	0.0146085	0.210936	0.00456774	0.0668069	0.0117399	0.0116866	0.0300899	0.00553793	0.0534469	0.0067119	0.0229223	0.0124729	0.0313729	0.012337	0.0125506	0.0033149	0.441681
126	0.0283334	0.00280396	0.00349408	0.00493175	0.0339111	0.00180001	0.00365313	0.390582	0.00238339	0.177307	0.0455578	0.00314617	0.0018955	0.0021236	0.000873902	0.00824211	0.0151985	0.269901	0.00113887	0.00272278
127	0.0191559	0.00236482	0.255662	0.516192	0.00407162	0.0219945	0.00648412	0.0045424	0.0283825	0.00966865	0.0049479	0.0164857	0.00271553	0.0442962	0.00835925	0.0212435	0.0171763	0.012469	0.000352075	0.00343599
128	0.0187186	0.00516798	0.0114229	0.0241538	0.00336092	0.0195026	0.0282364	0.00862134	0.215117	0.139466	0.0536541	0.00811845	0.0016941	0.0769422	0.293637	0.0314964	0.029239	0.028984	0.000472773	0.00199419
129	0.0158256	0.000698764	0.00224295	0.00408873	0.0338418	0.00198197	0.00447872	0.342631	0.00205551	0.258042	0.0426684	0.00339751	0.00180279	0.00122519	0.000653139	0.00580733	0.00960756	0.268107	0.000182208	0.000662195
130	0.0359578	0.00376908	0.018837	0.018419	0.00288233	0.809517	0.00775808	0.00221099	0.00946107	0.0033455	0.00194795	0.00550007	0.00134621	0.00459128	0.0260644	0.0306906	0.00664428	0.00911143	0.000844715	0.00110134
131	0.0345839	0.0078893	0.0131425	0.0459804	0.00470926	0.00773789	0.0168101	0.0088688	0.349884	0.12142	0.0365305	0.016024	0.0029067	0.100187	0.162622	0.0241741	0.0223779	0.0208948	0.000708798	0.00254754
132	0.0702629	0.00317084	0.00176256	0.00225113	0.0162047	0.00126096	0.00191616	0.411555	0.00188187	0.0372903	0.0146218	0.00202875	0.000845601	0.00184667	0.0013563	0.00710001	0.0195921	0.403671	0.000298652	0.00108282
133	0.0146617	0.00513848	0.561492	0.148423	0.00189	0.0333832	0.0274625	0.00230426	0.0107895	0.00294653	0.000977861	0.123438	0.000436948	0.0141372	0.00617748	0.0290693	0.011036	0.00419473	0.000237859	0.00180334
134	0.249702	0.0044938	0.00587403	0.0210274	0.00543864	0.011703	0.0106637	0.00938295	0.00427327	0.0121016	0.00267311	0.0129846	0.329352	0.0108122	0.00314567	0.172315	0.0754972	0.0557186	0.000538429	0.00230256
135	0.0813591	0.0289715	0.00248495	0.00246332	0.00136975	0.0173644	0.00943012	0.0146252	0.014831	0.013438	0.00292222	0.177027	0.00812243	0.0260504	0.00416162	0.302729	0.252517	0.0202244	0.000431859	0.0194775
136	0.0061767	0.00127207	0.00250108	0.0135496	0.0012074	0.00359357	0.00934198	0.00356068	0.612416	0.00334322	0.0211381	0.0451985	0.0035352	0.031582	0.200673	0.0225562	0.0129636	0.00417102	0.000108904	0.00111151
137	0.017847	0.00263095	0.00176039	0.00634378	0.0251132	0.00170549	0.00157011	0.120672	0.00689314	0.461526	0.210595	0.00321773	0.00530838	0.00762484	0.00460749	0.0153878	0.021367	0.0795099	0.00477907	0.00154099
138	0.0271857	0.00364435	0.00224091	0.00615172	0.0280945	0.000823199	0.00131014	0.160879	0.0079707	0.306337	0.250829	0.00385972	0.00389755	0.00782438	0.00261022	0.0198472	0.0346308	0.123146	0.00745351	0.00126372
139	0.0183092	0.0154097	0.0162338	0.0797491	0.00503903	0.00654222	0.0728056	0.0117486	0.209646	0.0222792	0.00350817	0.0852158	0.000816932	0.228208	0.15297	0.0396414	0.0250616	0.00444422	0.000268107	0.00210358
140	0.203423	0.0217218	0.0177685	0.0298929	0.0205229	0.0113909	0.00402607	0.206465	0.00464069	0.0360362	0.0255982	0.00495223	0.01015	0.0117705	0.00483049	0.0647766	0.0679175	0.244901	0.000942189	0.00827322
141	0.13451	0.0171308	0.0178233	0.0251796	0.0146846	0.0223443	0.0114302	0.0760161	0.0243748	0.0412777	0.0454781	0.0503791	0.00884914	0.0285197	0.0188885	0.174691	0.203538	0.0715613	0.00285281	0.0104718
142	0.0488981	0.031918	0.00225175	0.00185258	0.0012081	0.0243086	0.00763201	0.00633482	0.0207488	0.0159192	0.00246672	0.135813	0.00974746	0.0132812	0.00848172	0.385927	0.264574	0.00728969	0.000445817	0.0109019
143	0.0141889	0.0012841	0.00206744	0.00471719	0.033745	0.00162983	0.00359237	0.263622	0.00337568	0.321168	0.126954	0.00345162	0.00235323	0.00299248	0.00176885	0.00871576	0.0138625	0.187623	0.0022746	0.000613298
144	0.00731537	0.000503575	0.3341	0.556306	0.00229341	0.0243332	0.00187229	0.000681277	0.00700081	0.00536743	0.00213278	0.00872804	0.00234809	0.0175936	0.00281499	0.0113209	0.00886556	0.00435132	0.000125435	0.00194563
145	0.0341242	0.00866733	0.0150827	0.0315349	0.00709831	0.289428	0.0238252	0.0109291	0.101249	0.0262945	0.0131947	0.0258851	0.00524136	0.0463012	0.250561	0.056426	0.0298221	0.0175927	0.00136609	0.00537659
146	0.00462028	0.0136918	0.00285764	0.00260262	0.445213	0.00222873	0.0134779	0.00481075	0.00302969	0.0288829	0.00350508	0.0344783	0.00154937	0.0145768	0.00294568	0.0319093	0.00441733	0.00435697	0.000652011	0.380194
147	0.0107779	0.000417355	0.00236869	0.00453544	0.0376559	0.00217872	0.00518588	0.321643	0.00216712	0.29852	0.048193	0.0037704	0.00200635	0.00124829	0.000596716	0.00624175	0.00823693	0.24378	0.000119838	0.000356404
148	0.00376464	0.000842203	0.00218044	0.0117165	0.000998297	0.00212062	0.00786603	0.0029903	0.654277	0.00210898	0.0217816	0.0369715	0.00345146	0.0291633	0.190606	0.0152482	0.00986099	0.00311898	0.00011802	0.000814864
149	0.00607409	0.0172677	0.00394603	0.00408734	0.307141	0.0026336	0.0398975	0.00484531	0.00396716	0.0224468	0.00284954	0.0562518	0.00225747	0.0145983	0.00476794	0.0270043	0.00522013	0.00504291	0.00120539	0.468495
150	0.0324381	0.0217622	0.0128536	0.0129062	0.0156393	0.0082325	0.360072	0.00654987	0.0219275	0.0315118	0.00631893	0.0330966	0.177832	0.0832701	0.0305507	0.0451528	0.0213904	0.0212188	0.00197876	0.0552983
151	0.0380269	0.00247815	0.00233606	0.00377672	0.0173468	0.00150476	0.00283772	0.378996	0.00313929	0.0860852	0.0271907	0.00290692	0.00124672	0.00249956	0.00140205	0.00776962	0.0170511	0.400742	0.000841609	0.00182274
152	0.00905731	0.00351236	0.00473678	0.0160015	0.00281213	0.00657291	0.0109783	0.00263442	0.445524	0.0310292	0.0246942	0.0170221	0.00270213	0.0683452	0.312699	0.017054	0.014502	0.00737731	0.000204638	0.0025413
153	0.033243	0.00402968	0.093948	0.148523	0.00479064	0.564034	0.00833148	0.00377045	0.0158401	0.00706754	0.00290495	0.0124585	0.00289268	0.0141264	0.0224678	0.0345186	0.0127638	0.011329	0.000416757	0.00254389
154	0.0511165	0.0219607	0.0154877	0.0190881	0.321538	0.0158017	0.0171584	0.0294619	0.0130561	0.0572905	0.0190252	0.0278924	0.0091936	0.0225204	0.0115437	0.0994586	0.0324436	0.0370166	0.00279668	0.176149
155	0.0236815	0.00370549	0.241757	0.491541	0.00461402	0.028124	0.0102302	0.00530297	0.0334735	0.0118665	0.00595361	0.0164171	0.00366241	0.0436088	0.0139686	0.0259472	0.0180031	0.0135489	0.000453522	0.00414087
156	0.00358025	0.00860701	0.00136653	0.00225116	0.00298382	0.00129103	0.00987158	0.00146464	0.403882	0.00282212	0.00558234	0.00862754	0.00146722	0.0053861	0.493608	0.0210424	0.0146221	0.00413345	0.000223531	0.00718738
157	0.176402	0.0763002	0.00546634	0.00479485	0.00297706	0.0111879	0.00533236	0.00573514	0.0279681	0.0334576	0.0341447	0.0700184	0.00489581	0.0155003	0.00676967	0.179453	0.317119	0.0137678	0.00102291	0.0076867
158	0.0133205	0.00378016	0.00234599	0.00370302	0.0956157	0.0019299	0.00514433	0.251918	0.00263034	0.338174	0.0547572	0.00330378	0.00248449	0.00361057	0.00120472	0.00772158	0.00972871	0.19075	0.00156616	0.00631101
159	0.124743	0.0243422	0.0502771	0.0219087	0.00262956	0.00371311	0.0380598	0.0102748	0.091404	0.0626289	0.0442474	0.193072	0.00162999	0.0821121	0.0610865	0.0717137	0.0825543	0.0304501	0.000838397	0.00231444
160	0.0834084	0.0271048	0.0522038	0.0666006	0.0607093	0.00874052	0.00362511	0.148687	0.00361302	0.108689	0.0563341	0.00360807	0.0129248	0.00839773	0.0036375	0.0385871	0.0443439	0.245847	0.00234373	0.0205945
161	0.0037512	0.00235257	0.00202038	0.00854867	0.00147837	0.00192926	0.00784393	0.0026375	0.611807	0.0024754	0.0179367	0.0285859	0.00310484	0.0223439	0.252562	0.0150377	0.00970034	0.00342524	0.000141468	0.00231768
162	0.00371084	0.0118552	0.00131045	0.00149839	0.283192	0.000912526	0.00177232	0.0413434	0.00167265	0.559135	0.0530511	0.00144204	0.00400971	0.00223293	0.0014724	0.00289954	0.00308317	0.00707912	0.00835457	0.00997301
163	0.113866	0.00852719	0.0108906	0.020843	0.00521594	0.00605414	0.0233447	0.00921693	0.00637891	0.0187398	0.00504447	0.0192277	0.545393	0.0111824	0.00483129	0.0919107	0.0458618	0.0466723	0.00104754	0.00575243
164	0.469063	0.00479117	0.00520269	0.00794906	0.00527282	0.0297905	0.00327013	0.00752033	0.00811387	0.00512611	0.00302286	0.00843076	0.00745478	0.0234715	0.00415584	0.294452	0.0901839	0.0198262	0.0006858	0.00221747
165	0.149373	0.17816	0.016879	0.0247873	0.0211536	0.0331453	0.0138913	0.0173075	0.0274628	0.0274521	0.0157219	0.033737	0.0140684	0.0277362	0.0154527	0.183341	0.140613	0.044762	0.00164509	0.0133115
166	0.0700052	0.051378	0.00209326	0.00279798	0.00144168	0.0245921	0.0050414	0.00570971	0.0362915	0.014314	0.00554736	0.0801814	0.00742735	0.0185112	0.00505741	0.340689	0.310924	0.00757389	0.000403733	0.0100195
167	0.0145506	0.000493316	0.00233222	0.00396354	0.0385286	0.00229395	0.0056279	0.329066	0.00228772	0.271572	0.0459664	0.00402758	0.00197222	0.000952358	0.000577786	0.00651361	0.00981912	0.258937	0.000118007	0.000399687
168	0.482561	0.00323255	0.00235176	0.00471294	0.00459286	0.028791	0.00250576	0.00641371	0.00647329	0.00381006	0.00252637	0.00626978	0.00551381	0.023851	0.00275751	0.301361	0.0922031	0.0179793	0.000603193	0.00149046
169	0.337347	0.0106576	0.0191547	0.0290045	0.00875419	0.0115527	0.00460053	0.066077	0.00758406	0.027168	0.0194986	0.00710336	0.0134828	0.0256392	0.00810077	0.136656	0.159876	0.0996746	0.000854598	0.00721438
170	0.00662379	0.00216915	0.00348969	0.0212348	0.00167508	0.00457641	0.0149119	0.00419667	0.590054	0.00368622	0.0195134	0.050061	0.00342755	0.0469573	0.186077	0.0225974	0.0143072	0.00346182	0.000175561	0.000803559
171	0.00367767	0.00980278	0.00143773	0.00194761	0.00305939	0.00143057	0.0104427	0.00134137	0.37866	0.00283169	0.00416448	0.00759427	0.00135538	0.00391637	0.515733	0.0233386	0.0165476	0.00431574	0.000239589	0.00816334
172	0.0141263	0.0118515	0.0155802	0.0172359	0.0160138	0.00639031	0.416412	0.00703757	0.0169442	0.0328395	0.00670481	0.0266765	0.0863174	0.184978	0.0221103	0.0220303	0.0131112	0.0118228	0.00234328	0.0694736
173	0.0323719	0.00120065	0.00151333	0.00204582	0.0178398	0.00114497	0.00257514	0.459609	0.00161481	0.0934768	0.0207514	0.00225062	0.000906045	0.00146945	0.00107887	0.00481763	0.0139786	0.340415	0.000251123	0.000688969
174	0.0155136	0.0116197	0.521846	0.11211	0.00280092	0.0380951	0.0365469	0.00327728	0.0118619	0.00375492	0.00157996	0.14773	0.00102023	0.0142307	0.00679614	0.0439997	0.0132559	0.0108518	0.000323683	0.00278504
175	0.074557	0.0671976	0.00350905	0.00451654	0.00283386	0.0270752	0.00462863	0.00624901	0.0513392	0.0163242	0.0073007	0.0584751	0.00494148	0.0312774	0.00421317	0.283835	0.33203	0.0091423	0.00052223	0.0100319
176	0.0362492	0.0366109	0.00192303	0.00189703	0.00130691	0.0323831	0.00883241	0.00417532	0.0179758	0.00874574	0.00211879	0.155247	0.0125596	0.00932219	0.012538	0.441234	0.202269	0.00495846	0.00037996	0.00927315
177	0.11644	0.0338829	0.0130859	0.0144728	0.00442109	0.0248127	0.00770026	0.0156775	0.031478	0.0185007	0.0118146	0.0795818	0.00903493	0.0223813	0.0112711	0.275035	0.273576	0.0253056	0.00140595	0.0101216
178	0.245208	0.0255868	0.0100709	0.0193695	0.00540635	0.0232367	0.00501689	0.0180997	0.023624	0.01508	0.0102358	0.0364683	0.015886	0.0228411	0.00880037	0.217321	0.247592	0.0420599	0.000882728	0.00721411
179	0.0152995	0.00244926	0.00289225	0.00566157	0.043819	0.00196462	0.00445807	0.233638	0.00381082	0.416489	0.0762939	0.00359081	0.0031807	0.00591014	0.00230455	0.00951571	0.012281	0.150966	0.00194918	0.00352542
180	0.00545909	0.0105573	0.00144051	0.00143424	0.265191	0.00114469	0.00232249	0.0586415	0.00160591	0.559616	0.0387793	0.00150456	0.00398206	0.00314379	0.00164254	0.00383231	0.00357191	0.0189425	0.00609008	0.0110975
181	0.0160021	0.00531219	0.578764	0.127182	0.00248729	0.0315707	0.024626	0.00328672	0.0127419	0.00299168	0.00160634	0.122837	0.000707329	0.0140431	0.00602154	0.0284635	0.0132192	0.00578365	0.000228825	0.00212562
182	0.0484468	0.00948647	0.0124015	0.0160911	0.0286146	0.00618488	0.0082835	0.252403	0.00989135	0.125079	0.0441686	0.00846862	0.00999114	0.0100895	0.0124459	0.0248944	0.0304256	0.333828	0.00174235	0.00706316
183	0.0178029	0.0107131	0.0332883	0.0483802	0.00290011	0.00386921	0.19654	0.00290506	0.0237437	0.0330435	0.00222412	0.012464	0.0022106	0.522083	0.0258266	0.0436456	0.0115043	0.00414808	0.000528068	0.00217975
184	0.0358947	0.00341491	0.016249	0.0187708	0.00315952	0.817409	0.00744264	0.00254803	0.00970299	0.00261173	0.00216881	0.0036306	0.00106853	0.00368058	0.0268615	0.0294018	0.00569826	0.00871678	0.00039543	0.00117493
185	0.0158386	0.00209067	0.00227791	0.0050404	0.0374953	0.00236985	0.00502415	0.272369	0.00408313	0.315343	0.0802029	0.00363309	0.00231585	0.00458423	0.00192423	0.00963091	0.014233	0.217484	0.00155523	0.00250393
186	0.0317141	0.0129402	0.00346944	0.00410524	0.00382046	0.135201	0.00924965	0.0035961	0.0167224	0.00478109	0.00208418	0.183701	0.0246261	0.0062067	0.0207538	0.448229	0.0789385	0.0041165	0.000539863	0.00520475
187	0.0036997	0.0225819	0.00211132	0.00236645	0.291307	0.00132048	0.00267185	0.0360122	0.00217263	0.518883	0.0573508	0.00216368	0.00400759	0.00282639	0.00180696	0.00364306	0.00349427	0.00443355	0.0231216	0.0140251
188	0.0143771	0.00262659	0.00476625	0.0180372	0.00203509	0.00492568	0.0099338	0.00632471	0.529439	0.0150726	0.0383659	0.0478853	0.00358792	0.0354064	0.186302	0.034374	0.0255118	0.0187891	0.000353622	0.00188669
189	0.0098986	0.0069418	0.0214238	0.00515396	0.00924106	0.00722986	0.0608025	0.0117198	0.0445875	0.00738278	0.00808219	0.363195	0.00402488	0.0601358	0.0179786	0.298099	0.0389832	0.0129813	0.000820355	0.0113177
190	0.00251383	0.0110022	0.0012851	0.00129917	0.299186	0.000859321	0.0016601	0.0379469	0.00138747	0.572251	0.0380892	0.00146916	0.00398288	0.00183284	0.00128541	0.00238956	0.00230961	0.00268819	0.00712549	0.00943661
191	0.0247838	0.0223637	0.00164857	0.00158566	0.00116103	0.0412055	0.0108813	0.00349743	0.0112623	0.00560184	0.00120157	0.197048	0.0157338	0.00622849	0.0180309	0.472286	0.152075	0.00374115	0.000292	0.0093726
