546	20
1	0.0182792	0.000665372	0.000439196	0.000973344	0.0425333	0.00598227	0.000531281	0.364136	0.000821481	0.289258	0.0534407	0.000828657	0.000850276	0.000885981	0.00194126	0.00116307	0.00312687	0.210567	0.00320909	0.000367509
2	0.0395824	0.0156337	0.00628362	0.00152585	0.0062009	0.0540372	0.00102495	0.0163068	0.00148777	0.00180938	0.0225307	0.00198534	0.000715142	0.00163938	0.00181524	0.370754	0.422285	0.0221192	0.000297304	0.0119658
3	0.113106	0.000852893	0.0304116	0.020273	0.00125199	0.136465	0.00468483	0.0022388	0.223056	0.00959031	0.0201398	0.0650218	0.0234801	0.0441445	0.187277	0.087128	0.0152482	0.0123792	0.000687586	0.00256398
4	0.0515445	0.00156275	0.0160316	0.0140327	0.0334959	0.0754667	0.0393732	0.00511346	0.146867	0.0227112	0.00606253	0.0116576	0.20105	0.0528789	0.137279	0.0741553	0.011093	0.038522	0.0213242	0.0397787
5	0.169623	0.00169461	0.000378873	0.00337052	0.0398994	0.0152763	0.0044792	0.114499	0.00290065	0.253061	0.0424987	0.0025147	0.0131153	0.000695723	0.000694413	0.00788046	0.0421726	0.284656	0.000258412	0.000331456
6	0.00392924	0.000665248	0.00120434	0.00213094	0.552921	0.00174174	0.0098013	0.0106299	0.00216235	0.110905	0.105302	0.0018848	0.000881195	0.00196853	0.00210929	0.00335027	0.00322602	0.0026438	0.00119306	0.18135
7	0.133355	0.00443577	0.00212086	0.00633224	0.0246038	0.00520764	0.00683708	0.211924	0.00699288	0.0511338	0.0352131	0.00503757	0.000633278	0.0236275	0.0230891	0.0517037	0.0957572	0.304716	0.00227745	0.00500197
8	0.0653218	0.016637	0.00230515	0.00519169	0.0127923	0.00931309	0.00388049	0.0266917	0.0062269	0.321536	0.293895	0.021401	0.00103594	0.0147343	0.00689935	0.0272274	0.0839375	0.0697272	0.000633139	0.0106123
9	0.0593082	0.00125588	0.0107575	0.0203046	0.00378986	0.0504355	0.00822487	0.00505753	0.0257085	0.00862447	0.00545087	0.0115034	0.641764	0.00892504	0.0125204	0.0778455	0.0248928	0.0163477	0.00107261	0.00621052
10	0.180123	0.00117975	0.00194625	0.029794	0.00384126	0.0215675	0.0209953	0.00239716	0.105788	0.00748297	0.0104167	0.00639781	0.303511	0.0496444	0.0331656	0.148221	0.0528809	0.0177721	0.000925296	0.00194976
11	0.0194393	0.00028823	0.000435349	0.00123915	0.0192242	0.00421216	0.000623801	0.275292	0.000948272	0.382046	0.189442	0.0014158	0.000497199	0.00195135	0.00295896	0.00374697	0.00551715	0.0872314	0.000495036	0.00299669
12	0.123827	0.0119064	0.0158596	0.0154902	0.00548006	0.207403	0.013496	0.0110152	0.0185412	0.0145332	0.0133901	0.0988228	0.00800868	0.0116195	0.014257	0.262606	0.12499	0.0216024	0.00182084	0.00533114
13	0.0574052	0.000177202	0.200714	0.177465	0.000282929	0.0047042	0.0141375	0.00915244	0.115272	0.00751413	0.00232118	0.0420731	0.0139639	0.175169	0.0936736	0.0283219	0.0425975	0.0118436	0.000123463	0.003088
14	0.0886936	0.0118043	0.00720494	0.0138072	0.0154328	0.0213463	0.022065	0.16169	0.0174699	0.076078	0.0408873	0.0184224	0.00491867	0.0179653	0.0178158	0.0731602	0.226598	0.149472	0.00334806	0.0118204
15	0.0616333	0.00205521	0.095084	0.366337	0.00429284	0.0156169	0.0263351	0.00975551	0.0683208	0.0140356	0.0104621	0.0285053	0.0177158	0.147875	0.0373587	0.0339116	0.0338186	0.0180021	0.00189878	0.00698621
16	0.0338816	0.000829234	0.00172612	0.0372011	0.00142576	0.00280791	0.00283339	0.00244155	0.223554	0.00311905	0.00201976	0.0117784	0.000898353	0.349789	0.290969	0.0230225	0.00634233	0.00337383	0.00059204	0.00139543
17	0.0880861	0.000525996	0.152025	0.440069	0.00566355	0.0159689	0.0203542	0.0195249	0.00252871	0.0036477	0.0082658	0.0327198	0.00116804	0.0451816	0.0103618	0.0518968	0.0608309	0.0366956	0.000453267	0.00403232
18	0.297517	0.0176329	0.00985586	0.0138613	0.0137914	0.0690174	0.00790096	0.069913	0.0151903	0.0769655	0.0294574	0.0154954	0.0105842	0.0171804	0.0136314	0.0830462	0.0775968	0.151854	0.00183726	0.00767154
19	0.00210071	0.000139936	0.000256248	0.00188433	0.0108832	0.000353623	0.00272973	0.0627533	0.000482074	0.796434	0.0751228	0.000378963	0.000365096	0.000465239	0.00196474	0.00336822	0.0068813	0.0331632	7.36923e-05	0.0001997
20	0.0244289	0.000258579	0.528687	0.256232	0.000311531	0.00860833	0.0104387	0.000565507	0.0171324	0.000622832	0.000482844	0.0698259	0.000197502	0.0337382	0.000730269	0.0390562	0.00530928	0.00285773	0.00015695	0.000359936
21	0.642621	0.0312645	0.000440971	0.000684738	0.000384748	0.0476074	0.000691102	0.00100812	0.000769637	0.0010654	0.00285828	0.00875889	0.000256884	0.000834594	0.000721923	0.202281	0.0463798	0.00875653	0.000142633	0.00247206
22	0.0386132	0.00252838	0.0039913	0.00477066	0.000773002	0.893943	0.00153802	0.00148335	0.00714144	0.00168331	0.00199587	0.00656398	0.00118642	0.00451522	0.00843112	0.0129096	0.00300262	0.00255505	0.00148343	0.000891026
23	0.0132121	0.000988469	0.128626	0.00266285	0.00121241	0.00275874	0.00193823	0.00201163	0.0107016	0.00263547	0.00202569	0.1118	0.000942301	0.0191309	0.00274456	0.236688	0.455095	0.00317352	0.000561168	0.00109042
24	0.00921403	0.00436347	0.00165032	0.00882948	0.00207551	0.00224742	0.00460869	0.229016	0.0081795	0.0111288	0.00445915	0.0191048	0.000744143	0.00316767	0.00747027	0.0237598	0.0942283	0.557519	0.000591651	0.00764174
25	0.0305402	0.04678	0.0521597	0.0214615	0.00725428	0.467167	0.00884987	0.00932988	0.0192553	0.00961529	0.0113229	0.0272288	0.00492211	0.0136163	0.0149194	0.12283	0.0193012	0.0143073	0.0936184	0.00552099
26	0.00398966	0.00649626	0.000840122	0.00155417	0.453634	0.00147735	0.00140811	0.0676397	0.0015981	0.228375	0.0414157	0.00144935	0.00956357	0.00154215	0.00156411	0.0145482	0.0248938	0.0579818	0.0494954	0.030533
27	0.0241769	0.000272979	0.530788	0.255459	0.000361284	0.00851318	0.0103011	0.000602762	0.0170779	0.000787328	0.000521932	0.068663	0.000209331	0.0332993	0.000920999	0.0390208	0.00551515	0.00292	0.000199732	0.000388543
28	0.200708	0.000522776	0.00245736	0.0101559	0.000853322	0.466985	0.00631271	0.0105559	0.0731344	0.0108338	0.00166246	0.016222	0.00127687	0.0199498	0.0766507	0.0765877	0.00745112	0.0166559	0.00026166	0.000762865
29	0.0356558	0.000490119	0.291433	0.411994	0.0014889	0.00593524	0.0134057	0.00297924	0.0295273	0.00214115	0.00206584	0.0333986	0.0225691	0.0835547	0.00636611	0.0356517	0.0158759	0.00428156	0.000238134	0.000947249
30	0.012827	0.000712228	0.00081926	0.00131241	0.0379043	0.00482332	0.00116193	0.418775	0.00144159	0.297624	0.0373221	0.00125236	0.00133418	0.00157449	0.00401167	0.0021015	0.00314288	0.167524	0.00193657	0.00239884
31	0.00825617	0.0019989	0.00296557	0.00451344	0.546538	0.00209619	0.0259478	0.014648	0.00338513	0.0484331	0.0364518	0.00253514	0.00100664	0.00611494	0.00441581	0.0046724	0.00523322	0.0068396	0.0177529	0.256195
32	0.104494	0.0163629	0.018127	0.0222262	0.00201004	0.0502512	0.0042499	0.00371918	0.0565879	0.0055924	0.0186713	0.0059751	0.00161108	0.104148	0.146212	0.328302	0.102648	0.00556117	0.000891888	0.00235801
33	0.0410085	0.00208378	0.00379369	0.00420092	0.00137306	0.890207	0.00284447	0.00241629	0.00687111	0.00300037	0.00165774	0.00919234	0.00139304	0.00333169	0.00464297	0.0120202	0.00402822	0.00523953	0.000274138	0.000421121
34	0.0418065	0.000742123	0.102236	0.0158323	0.0010994	0.0102407	0.00800271	0.00177389	0.265354	0.00242434	0.00198944	0.173198	0.000814959	0.036338	0.186818	0.0759312	0.0322356	0.0322412	0.000524841	0.0103972
35	0.0960005	0.00141143	0.00534586	0.0142956	0.00544477	0.0201567	0.00851929	0.0126823	0.0202386	0.0216724	0.00963768	0.0122281	0.613251	0.00883552	0.0102085	0.0457408	0.0430033	0.0447609	0.00136244	0.00520457
36	0.0195732	0.000897955	0.454127	0.0733169	0.000546333	0.0218186	0.0207709	0.000895817	0.0168005	0.00104592	0.00127967	0.240156	0.00359867	0.0320309	0.0225547	0.0715683	0.016161	0.00207531	0.000227406	0.000555258
37	0.00445042	0.00699105	0.000921935	0.00157306	0.453879	0.00158549	0.00159188	0.0664642	0.00179131	0.222174	0.0416136	0.00156906	0.00943106	0.0022307	0.00160755	0.0156008	0.0254448	0.0567106	0.0527171	0.0316524
38	0.0716762	0.000908028	0.0111325	0.0872549	0.00141182	0.0214326	0.0221864	0.00362536	0.219434	0.0146828	0.00221751	0.00410657	0.00212261	0.131514	0.155191	0.0434483	0.159373	0.0461893	0.000654027	0.00143959
39	0.0184784	0.00224971	0.000468603	0.0027134	0.0156279	0.00334406	0.00256773	0.157187	0.00187827	0.591437	0.0920511	0.00146235	0.00209624	0.00312255	0.00367258	0.00678268	0.0110378	0.0810506	0.000925116	0.00184713
40	0.00692668	0.00180366	0.00400217	0.00334037	0.00184024	0.00493289	0.0022384	0.00365978	0.00330526	0.00322778	0.0053455	0.0158698	0.0114248	0.00347419	0.0140084	0.334668	0.57246	0.00488535	0.000636505	0.0019496
41	0.28214	0.000795503	0.183137	0.20199	0.00126208	0.0025448	0.00165757	0.0113013	0.0423845	0.00379452	0.00176764	0.018886	0.117181	0.0184471	0.00215351	0.0720239	0.0327587	0.00420378	0.000423919	0.00114758
42	0.0596464	0.000474675	0.141686	0.482251	0.0038545	0.00417954	0.0186431	0.00687424	0.0549269	0.00759677	0.00196874	0.019811	0.010545	0.0896547	0.054133	0.0164067	0.0179797	0.007202	0.000284184	0.00188152
43	0.0674283	0.00355161	0.133634	0.387079	0.00513667	0.0151311	0.0221002	0.0151138	0.0533968	0.0162821	0.0143828	0.0346823	0.0170393	0.077083	0.0360551	0.0364115	0.0368969	0.0204896	0.00263723	0.00546868
44	0.0288729	0.000647631	0.0367959	0.135375	0.00206889	0.00536718	0.0295635	0.00436911	0.287635	0.00633811	0.00459146	0.0243201	0.00318412	0.196177	0.143268	0.0220682	0.053904	0.00951145	0.000869814	0.00507312
45	0.374986	0.00325721	0.0292634	0.0765117	0.00351623	0.00933988	0.0297306	0.00569468	0.00913597	0.00747113	0.00846251	0.00683952	0.00183622	0.0343159	0.036686	0.306825	0.0426564	0.00813678	0.00167241	0.0036626
46	0.00612466	0.00233382	0.00490946	0.00448125	0.475722	0.00137212	0.0382557	0.00993219	0.00243849	0.0262427	0.0225879	0.00183882	0.000468901	0.00459574	0.0028168	0.00447964	0.00410376	0.00412793	0.0365017	0.346667
47	0.0217667	0.000280977	0.000455579	0.00133839	0.0148888	0.00421375	0.000712769	0.223322	0.00091195	0.43191	0.215234	0.00150573	0.000269566	0.00214762	0.00297754	0.00509867	0.00649425	0.0626194	0.000258987	0.00359263
48	0.025536	0.000314217	0.520837	0.231421	0.00033359	0.0104206	0.0117904	0.000625341	0.0175105	0.000723129	0.000593309	0.089056	0.000650108	0.0343011	0.00330859	0.0419276	0.00724242	0.00286748	0.000158383	0.0003835
49	0.0232105	0.0058908	0.11186	0.0242444	0.00524116	0.161841	0.0431669	0.00755212	0.056517	0.00932032	0.00960079	0.289668	0.00294254	0.0111676	0.0384503	0.0265116	0.0730143	0.0926042	0.00194273	0.00525336
50	0.041923	0.000745521	0.148786	0.473965	0.00193933	0.00809791	0.0162608	0.00277175	0.04234	0.00360709	0.00365153	0.0173417	0.0656136	0.115484	0.0090713	0.0215508	0.0213711	0.00329996	0.000602767	0.00157666
51	0.0112452	0.169766	0.00320249	0.0195703	0.0293977	0.00567823	0.00367165	0.0053554	0.00518068	0.0565549	0.00427749	0.00582603	0.00196676	0.00564753	0.00576125	0.00801411	0.267206	0.387287	0.00112857	0.00326281
52	0.0782181	0.000460026	0.137663	0.458924	0.00522415	0.0167582	0.0217584	0.0166929	0.00543318	0.0032335	0.0106479	0.0369539	0.000804051	0.0426047	0.011986	0.0500191	0.0612671	0.0375583	0.000275519	0.00351861
53	0.110973	0.00138874	0.00267974	0.362219	0.00170199	0.00404979	0.0176897	0.00349491	0.066341	0.00434691	0.00312626	0.0205473	0.00154642	0.131221	0.033939	0.00572609	0.176848	0.0493305	0.000761685	0.00206885
54	0.180922	0.00501807	0.00108423	0.00431375	0.0351497	0.0175387	0.00458931	0.101763	0.00431044	0.252073	0.0375118	0.00339412	0.0117393	0.00267148	0.00419732	0.015112	0.0462429	0.269687	0.00105484	0.00162789
55	0.0952977	0.0513921	0.00265033	0.00897262	0.0266833	0.0165243	0.00604553	0.109403	0.00535338	0.221762	0.116034	0.0154075	0.0051357	0.0255562	0.00741997	0.0746387	0.0765256	0.119113	0.00143672	0.0146491
56	0.19923	0.000243781	0.107875	0.107232	0.000389589	0.0468604	0.025459	0.0128968	0.138707	0.0132981	0.000890256	0.0341966	0.000380055	0.0711578	0.128703	0.0726936	0.0309789	0.00824477	0.000131565	0.000430965
57	0.0166667	0.00203423	0.00209942	0.00345276	0.0158127	0.00471781	0.00510721	0.0295031	0.0210008	0.281547	0.489047	0.0119736	0.00312266	0.00997082	0.0310874	0.00817436	0.0160785	0.0371078	0.000804914	0.0106908
58	0.0599983	0.0247314	0.000769234	0.00155387	0.00654741	0.00610277	0.000875151	0.228832	0.00154672	0.288841	0.0228641	0.00117678	0.000812512	0.00138914	0.00120779	0.00442038	0.0290038	0.317477	0.00122984	0.000620666
59	0.0182869	0.00229272	0.404942	0.0604871	0.00103193	0.0195253	0.0187121	0.00137622	0.0185946	0.00153771	0.00224851	0.280395	0.00327111	0.0265466	0.0207152	0.0935501	0.0223309	0.00294065	0.000380786	0.000834933
60	0.0246229	0.00026013	0.528137	0.255404	0.000314616	0.00870913	0.0104904	0.000560798	0.0171196	0.000635184	0.000489328	0.070338	0.000204955	0.0337757	0.000816022	0.0393286	0.00544633	0.00282525	0.000157077	0.000365314
61	0.00306686	0.00403987	0.0119591	0.00829704	0.214178	0.00109853	0.0773621	0.00429004	0.00171446	0.00436519	0.000857468	0.00209672	0.000409973	0.00635114	0.00297621	0.00532453	0.00524911	0.00509692	0.0904093	0.550857
62	0.0572073	0.000165494	0.200442	0.177619	0.000267772	0.00471359	0.0142163	0.00908517	0.115668	0.00746479	0.00232824	0.0421969	0.0137017	0.175214	0.0940087	0.0282922	0.0424256	0.0118132	0.000124284	0.00304453
63	0.0886811	0.0133647	0.001636	0.00381811	0.010664	0.00828128	0.00466452	0.274242	0.00458273	0.171244	0.0250523	0.00680952	0.00191558	0.006186	0.00665213	0.0197389	0.0597052	0.290035	0.00146742	0.00125909
64	0.0831679	0.00163438	0.0100312	0.0313457	0.00638515	0.0671623	0.0793173	0.0225418	0.182381	0.0305422	0.0446322	0.0339573	0.00117394	0.0970926	0.178267	0.0195905	0.037804	0.00751416	0.00354701	0.0619122
65	0.0250729	0.000598688	0.49018	0.213734	0.00100283	0.0157413	0.0171876	0.0013882	0.0175047	0.00128672	0.00146567	0.109203	0.00152899	0.032766	0.00696315	0.0466649	0.0115262	0.00435548	0.000418515	0.00141172
66	0.00210071	0.000139936	0.000256248	0.00188433	0.0108832	0.000353623	0.00272973	0.0627533	0.000482074	0.796434	0.0751228	0.000378963	0.000365096	0.000465239	0.00196474	0.00336822	0.0068813	0.0331632	7.36923e-05	0.0001997
67	0.0490994	0.00092513	0.0107585	0.0261349	0.000971112	0.0184185	0.0017923	0.00164328	0.00583731	0.00272965	0.00124367	0.00462141	0.681112	0.0026691	0.00226	0.160238	0.0233419	0.00342643	0.000399326	0.00237847
68	0.0773785	0.000661862	0.0809871	0.106988	0.000964451	0.00211405	0.00130404	0.00166886	0.105144	0.0154237	0.00128375	0.0283772	0.491876	0.0556824	0.00172538	0.0163709	0.00268631	0.0081267	0.000388888	0.000848673
69	0.045007	0.000583304	0.155868	0.51367	0.00199569	0.00298545	0.0211375	0.00279097	0.0438427	0.00315499	0.00193417	0.019151	0.0488876	0.0825877	0.0102897	0.0212736	0.0206306	0.00239948	0.00041923	0.00139096
70	0.173416	0.0024869	0.000425765	0.00354159	0.0386519	0.0150358	0.00451485	0.115053	0.00292318	0.245281	0.0416129	0.00254561	0.0126795	0.00104489	0.000767236	0.00902551	0.0447578	0.28543	0.000336237	0.000471306
71	0.0169442	0.00596548	0.00165318	0.00375187	0.38074	0.00551656	0.00647743	0.0824562	0.00435639	0.227882	0.0410697	0.00270657	0.00874678	0.00295017	0.00503949	0.0143232	0.0236489	0.0683706	0.0500076	0.0473931
72	0.0570843	0.000204457	0.203347	0.176236	0.000276188	0.00470597	0.0142401	0.00895894	0.114176	0.00746784	0.00230326	0.0427414	0.0134672	0.175447	0.0937635	0.0279092	0.0428447	0.0116569	0.000161366	0.003009
73	0.00326556	0.000541462	0.000772465	0.00157203	0.67181	0.00134249	0.0136888	0.0128954	0.00161406	0.0338498	0.0358562	0.00152075	0.000436044	0.00152936	0.00145715	0.00201103	0.00226034	0.00162277	0.000371369	0.211583
74	0.0223708	0.000308178	0.000454287	0.00137312	0.015837	0.00425849	0.000727274	0.224061	0.000923651	0.427228	0.213471	0.001441	0.000290808	0.002091	0.00297905	0.0050769	0.00658144	0.0667527	0.000328845	0.00344531
75	0.026949	0.000726654	0.00243939	0.0096283	0.00105437	0.02601	0.0131471	0.00211587	0.269566	0.0104657	0.00623208	0.0136895	0.00176157	0.00753333	0.536943	0.0369224	0.0186327	0.00553896	0.00878952	0.00185502
76	0.0559267	0.00018892	0.192929	0.194775	0.000341199	0.00491689	0.0155804	0.00910581	0.113953	0.00719344	0.00323165	0.0429265	0.0132601	0.16831	0.0903708	0.0291645	0.041482	0.0132126	0.000122975	0.00300883
77	0.0217703	0.00118545	0.00445857	0.203737	0.00213226	0.00376257	0.0703819	0.00321997	0.32254	0.00416591	0.00267414	0.261461	0.00114275	0.0390789	0.0334853	0.00690012	0.0103536	0.00433833	0.00121038	0.00200168
78	0.0114662	0.00134102	0.00263066	0.00506074	0.0021849	0.294583	0.00603699	0.00286368	0.279071	0.00469484	0.00390441	0.0643423	0.00139113	0.00523863	0.276841	0.0187258	0.00922917	0.00515177	0.00322619	0.00201628
79	0.0151019	0.005189	0.00128505	0.00258016	0.425094	0.00261762	0.00566536	0.0631314	0.00267588	0.208862	0.0584214	0.00261803	0.0056603	0.00506561	0.00377095	0.0127237	0.0208717	0.0523318	0.0273565	0.0789779
80	0.00393499	0.00643126	0.000884166	0.00162414	0.453719	0.00154906	0.0014685	0.0638049	0.00171215	0.231847	0.0448538	0.00158297	0.00914132	0.00172361	0.00165643	0.0137922	0.0241173	0.0548876	0.0494943	0.0317751
81	0.414811	0.00845968	0.000571575	0.00159379	0.00353952	0.227177	0.000890293	0.00460694	0.00179822	0.001294	0.0100368	0.0131476	0.0030744	0.00364407	0.00164442	0.282505	0.00831553	0.0121992	0.000194266	0.000496873
82	0.00652425	0.000815149	0.00125919	0.00241003	0.0306478	0.00201242	0.00778963	0.0372912	0.00547864	0.289169	0.543412	0.00656812	0.00677964	0.0129398	0.00648328	0.00315246	0.00581746	0.0219863	0.000475027	0.00898912
83	0.026586	0.00133986	0.00560379	0.00911297	0.0108089	0.00718145	0.00710882	0.447498	0.0148246	0.0985297	0.0109896	0.0047148	0.000828102	0.0199134	0.0157861	0.00720922	0.0246543	0.281674	0.00390088	0.00173561
84	0.0178355	0.00382677	0.00100591	0.00193301	0.00961141	0.0038856	0.00191315	0.514881	0.00301656	0.099175	0.0207243	0.00196875	0.00151978	0.00422219	0.0026657	0.0051658	0.0155828	0.287759	0.00107537	0.00223239
85	0.168473	0.00119041	0.00735426	0.0121935	0.00698904	0.0670693	0.0185375	0.00259319	0.0874285	0.0109878	0.015956	0.0125904	0.364703	0.0204463	0.0284532	0.114091	0.0263522	0.0305659	0.00138454	0.00264142
86	0.033744	0.000920156	0.0103885	0.0919333	0.00169383	0.00731815	0.0173399	0.00789511	0.506709	0.00715449	0.00420383	0.00744639	0.0010911	0.0754594	0.118462	0.0167207	0.073976	0.0133395	0.00086177	0.00334304
87	0.060863	0.00119758	0.0239458	0.494368	0.00177738	0.00371403	0.0203563	0.00269034	0.111967	0.00338962	0.00258809	0.00925527	0.00261395	0.159974	0.0169902	0.0716167	0.00528038	0.00335092	0.000697046	0.00336391
88	0.00279194	0.00403947	0.011748	0.00795331	0.217308	0.000998658	0.0734152	0.00426784	0.00113543	0.00396645	0.000740401	0.001061	0.000335053	0.00479154	0.00112237	0.00502347	0.00528474	0.0051341	0.0917046	0.557179
89	0.0419019	0.00214385	0.00264308	0.00386736	0.000622688	0.911362	0.00163722	0.00143318	0.00380401	0.00193754	0.00238909	0.00310699	0.00107686	0.00363406	0.00224611	0.0101871	0.0025822	0.00220516	0.00050439	0.000715747
90	0.0378684	0.00252059	0.00303705	0.00433364	0.000562151	0.909193	0.00269593	0.00146954	0.00608519	0.00117036	0.00200144	0.00686442	0.000577646	0.00323038	0.00500648	0.00887216	0.00206731	0.00195282	0.00016406	0.000327151
91	0.0140975	0.00191698	0.00416119	0.00672856	0.0036748	0.00653394	0.00485335	0.00548516	0.24619	0.545536	0.00526414	0.0292613	0.00202411	0.00673536	0.0635709	0.00965402	0.0100472	0.00802603	0.00145535	0.0247836
92	0.0983073	0.0015956	0.0852529	0.185237	0.002329	0.375804	0.00817708	0.00369217	0.0201676	0.0045227	0.00420691	0.0307519	0.0244784	0.107494	0.00933202	0.0198067	0.00931483	0.00550538	0.00171506	0.002309
93	0.0103165	0.00170703	0.00111579	0.00210668	0.57536	0.00220029	0.0129616	0.0146029	0.00408251	0.0792595	0.0690731	0.0027829	0.00133449	0.00682657	0.00544864	0.00572738	0.00586283	0.00665747	0.00401824	0.188556
94	0.0659697	0.0142004	0.00904943	0.00410668	0.00625939	0.0631385	0.00376385	0.0170933	0.00528152	0.00771842	0.0214335	0.0144006	0.00272765	0.00573195	0.00403403	0.329705	0.386489	0.0278063	0.000496174	0.0105955
95	0.205347	0.00210278	0.0043362	0.00965792	0.00737561	0.0524252	0.0319253	0.00464833	0.0432781	0.010557	0.0169214	0.0528666	0.282904	0.01537	0.0174771	0.127461	0.0599264	0.0512544	0.0010813	0.00308346
96	0.100247	0.00875385	0.00247078	0.00697017	0.171533	0.00705975	0.0301293	0.0222881	0.0339751	0.132412	0.0397792	0.0118122	0.000888624	0.0798209	0.045036	0.0234169	0.0303387	0.029672	0.0108885	0.212508
97	0.468159	0.00986207	0.00367032	0.00350861	0.00510482	0.255079	0.00242271	0.0208616	0.00306141	0.0118217	0.0414637	0.0076578	0.00255382	0.00845036	0.00337632	0.112992	0.0171301	0.0205277	0.000578061	0.00171923
98	0.0277854	0.00482123	0.0145177	0.032866	0.00796736	0.016543	0.225378	0.0109497	0.0725745	0.0150722	0.00999217	0.0704217	0.00459127	0.288832	0.0767006	0.0241344	0.0217507	0.0575362	0.00356809	0.0139975
99	0.32115	0.00913269	0.00651645	0.0156818	0.00316766	0.0447383	0.0216577	0.00441584	0.00554955	0.00615934	0.023481	0.0161431	0.00595755	0.0102204	0.00910934	0.441919	0.0409114	0.0102667	0.00108	0.00274174
100	0.115489	0.134557	0.0289164	0.111331	0.00380533	0.00709938	0.00981542	0.0275742	0.0513169	0.0732958	0.0280432	0.00687279	0.001949	0.118515	0.0894854	0.0660519	0.071629	0.0295955	0.00165957	0.0229997
101	0.00119285	0.000277743	0.000385532	0.000735335	0.000381129	0.000613253	0.000447156	0.630352	0.00161334	0.0321162	0.00840798	0.000666543	0.000212008	0.00158941	0.000739068	0.000996955	0.00580748	0.312856	0.000139943	0.000469533
102	0.0452024	0.00775733	0.000479603	0.00123479	0.0276586	0.0110083	0.000600157	0.304895	0.000927446	0.218551	0.0736885	0.000813569	0.000310812	0.000843044	0.000823364	0.00161233	0.00927933	0.290423	0.00347982	0.000410405
103	0.160231	0.00267374	0.00436626	0.0308248	0.00346329	0.0738471	0.00480054	0.00622757	0.00951295	0.00921543	0.108182	0.00689948	0.00224652	0.099161	0.033505	0.108071	0.298022	0.0342624	0.00105818	0.00343016
104	0.026321	0.00186029	0.00699811	0.0494263	0.00302574	0.00873341	0.0169158	0.0207606	0.524002	0.00738359	0.00850536	0.0109738	0.00271167	0.062477	0.139284	0.014969	0.0710246	0.0130313	0.00339935	0.00819696
105	0.00240561	0.00042277	0.000804257	0.00140431	0.0204078	0.00314662	0.00112926	0.519463	0.00159142	0.299422	0.00852643	0.00137058	0.0020677	0.00170242	0.00589682	0.00174267	0.0019006	0.125626	0.000299175	0.000670577
106	0.64437	0.0311494	0.00040137	0.000664694	0.00032087	0.0479674	0.000614944	0.000924036	0.000671969	0.000896726	0.00273982	0.00875313	0.000215065	0.000796667	0.000714993	0.201671	0.0459044	0.00865218	0.000141696	0.00243046
107	0.0397551	0.0159565	0.00612912	0.0015339	0.00606989	0.0548611	0.0010529	0.016114	0.00155138	0.00181235	0.0223965	0.00199451	0.000674031	0.00177954	0.0018074	0.373291	0.418568	0.0226069	0.000316069	0.0117305
108	0.154267	0.0286561	0.0120931	0.0205061	0.00523953	0.0112317	0.0634172	0.0349129	0.151985	0.0636288	0.00751646	0.00755325	0.0026535	0.0507496	0.240769	0.0157428	0.0408505	0.0778201	0.0034669	0.00694043
109	0.0314406	0.0722507	0.018551	0.0435387	0.00515709	0.0508767	0.0079641	0.00828832	0.0107559	0.00974005	0.00932636	0.289939	0.00335542	0.00947303	0.00918106	0.341384	0.0574894	0.0139568	0.00215248	0.00517971
110	0.200548	0.00195512	0.00154633	0.00997638	0.0149353	0.240548	0.00791638	0.0738408	0.00244826	0.0782186	0.0269452	0.0144546	0.0586895	0.00280888	0.0100011	0.107596	0.0434807	0.102274	0.000554036	0.00126288
111	0.18719	0.00116517	0.000796374	0.0051058	0.039128	0.0188288	0.00477073	0.106947	0.00307907	0.243077	0.040953	0.00285768	0.0154475	0.00107645	0.00119874	0.00812307	0.0449321	0.274531	0.000361245	0.000431347
112	0.419843	0.0111365	0.000545243	0.00144123	0.00274691	0.163065	0.00153081	0.00334774	0.00106679	0.00125575	0.0117936	0.0164476	0.00438575	0.00262933	0.000978524	0.331249	0.015005	0.0106531	0.000189436	0.000689707
113	0.176353	0.0162844	0.00130594	0.00665297	0.0114921	0.0112973	0.00420755	0.18151	0.0053591	0.0535866	0.0237857	0.00483052	0.000502231	0.018743	0.00786038	0.0904432	0.132708	0.246293	0.00141956	0.00536618
114	0.03789	0.0158231	0.00567138	0.00160081	0.00561335	0.0476934	0.0012136	0.0181097	0.00167906	0.0023711	0.0230004	0.00232944	0.000876724	0.00203873	0.00204823	0.347937	0.450913	0.0223632	0.000291838	0.010536
115	0.221274	0.0349105	0.00126258	0.00447253	0.00732881	0.0353581	0.00222969	0.132516	0.00443529	0.0843444	0.0344652	0.00622776	0.00117065	0.0107915	0.00268762	0.0824272	0.106093	0.223528	0.000774915	0.0037028
116	0.31308	0.0411054	0.00133066	0.00146012	0.00656555	0.177395	0.00140727	0.0349166	0.00235473	0.0340782	0.042692	0.0162932	0.00148539	0.00782298	0.00186025	0.191765	0.0499456	0.0713922	0.000354332	0.00269511
117	0.0362909	0.00580818	0.00165714	0.00568492	0.00946962	0.00485733	0.00567384	0.404702	0.00498082	0.0894414	0.0220369	0.00498349	0.00129448	0.00563956	0.00568623	0.0127502	0.0350133	0.338555	0.00154415	0.00393018
118	0.0435554	0.00104174	0.0132395	0.0269175	0.002164	0.0135232	0.0036422	0.00243069	0.0177375	0.00834956	0.00202896	0.00734368	0.747146	0.0093984	0.00545871	0.0560102	0.0232214	0.0110528	0.000589716	0.00514898
119	0.0608617	0.00976375	0.0962895	0.0618007	0.0107913	0.0541521	0.0287229	0.0204106	0.043214	0.0218871	0.0198761	0.270335	0.0086575	0.0329884	0.0424978	0.0957063	0.0771735	0.0266878	0.00437245	0.0138115
120	0.208123	0.0141037	0.0208264	0.0231524	0.0067806	0.0829125	0.0104701	0.0208924	0.0172599	0.0200901	0.017397	0.0363484	0.0243599	0.0204455	0.0188112	0.299682	0.117911	0.0304535	0.00215921	0.00782029
121	0.0238496	0.00405537	0.00203569	0.00530437	0.0199535	0.00566589	0.00352789	0.0860386	0.00750002	0.630866	0.0899907	0.00553261	0.00234046	0.00583513	0.00880063	0.0126118	0.0192751	0.0610429	0.00107642	0.00469756
122	0.0337146	0.00236104	0.00586995	0.0054777	0.000605074	0.911861	0.00274374	0.000969654	0.00519101	0.00101026	0.00130698	0.00695787	0.000568474	0.0044233	0.00318347	0.00925085	0.00209438	0.00143222	0.000603609	0.00037482
123	0.0867211	0.00102924	0.0185835	0.0304371	0.00336798	0.0202645	0.006795	0.00382549	0.03125	0.00970043	0.00619013	0.014042	0.628544	0.0155695	0.0101699	0.0616403	0.0261974	0.0204186	0.000657408	0.00459661
124	0.555957	0.00265727	0.00108624	0.00449159	0.00444225	0.277092	0.000766852	0.00789799	0.00212308	0.00151168	0.00712702	0.00656123	0.000783473	0.00559072	0.00259667	0.0972508	0.00988383	0.0114389	0.00023649	0.0005054
125	0.0643422	0.00318454	0.128697	0.391882	0.0133845	0.0218235	0.0252046	0.0117009	0.0523784	0.0148585	0.0122733	0.0343356	0.01691	0.0762392	0.032742	0.0334816	0.0302138	0.0192706	0.00360576	0.0134715
126	0.0192075	0.0042647	0.0017724	0.00323649	0.191348	0.00533146	0.00667603	0.0855009	0.00430194	0.445481	0.0780032	0.0042637	0.00499515	0.00547029	0.00730911	0.0103571	0.0175721	0.0581996	0.0162589	0.0304508
127	0.0174381	0.00239198	0.000937227	0.00298742	0.015541	0.00359772	0.0023614	0.233242	0.00129132	0.501742	0.0827399	0.00186509	0.00223361	0.00292253	0.00457846	0.00515266	0.0096529	0.1055	0.000864457	0.0029595
128	0.08885	0.0316034	0.000747867	0.00634394	0.0268079	0.017605	0.00530145	0.0551738	0.00230774	0.240467	0.207524	0.0187848	0.000450208	0.0316604	0.00477959	0.063634	0.0819333	0.0908505	0.000229589	0.024945
129	0.0174173	0.000725349	0.0103956	0.0735965	0.0132565	0.0135013	0.069215	0.00904416	0.285323	0.0162789	0.0413207	0.0159168	0.000557959	0.116486	0.209232	0.0202605	0.0195149	0.00320344	0.00310291	0.0616514
130	0.00388799	0.00190818	0.0042172	0.00372761	0.509795	0.00118854	0.0316311	0.0117561	0.00146934	0.0366812	0.029725	0.00140755	0.000733924	0.00277668	0.00150175	0.00365485	0.00407684	0.00475125	0.029752	0.315358
131	0.0327901	0.00208817	0.00392883	0.00320124	0.000569353	0.925109	0.00151057	0.00109959	0.00381557	0.00158808	0.00100498	0.00447201	0.00119117	0.003276	0.00234143	0.00742531	0.00182362	0.00174169	0.000169558	0.000853511
132	0.0817572	0.012472	0.0219314	0.0238602	0.0140558	0.0352476	0.0124574	0.0342378	0.0244257	0.0422258	0.0280438	0.035433	0.0104286	0.0267231	0.0222604	0.150838	0.352088	0.0580488	0.00268923	0.0107757
133	0.0276595	0.000771195	0.245754	0.338044	0.00120607	0.00236604	0.00721841	0.00258523	0.0692503	0.0034299	0.00195669	0.0115597	0.0787695	0.108148	0.0173877	0.0282189	0.0501215	0.00349631	0.000572699	0.00148363
134	0.177026	0.000986807	0.0764054	0.63918	0.00306435	0.00411855	0.00567695	0.00352792	0.0254093	0.00425584	0.00255954	0.003592	0.00195612	0.0183322	0.00708054	0.00531846	0.00446373	0.0147851	0.000583386	0.00167826
135	0.0693397	0.00828114	0.0537888	0.109914	0.010376	0.0315589	0.0257711	0.0186074	0.0867441	0.0318759	0.0263057	0.0340053	0.0163117	0.253815	0.0900046	0.0414607	0.042327	0.028942	0.00449987	0.0160713
136	0.0311625	0.000953612	0.00188434	0.0353178	0.00156157	0.00307208	0.00274382	0.00290363	0.256501	0.00330699	0.00220649	0.0107808	0.000975552	0.341132	0.271531	0.0209017	0.00753326	0.00355997	0.000576049	0.0013952
137	0.0225952	0.000927254	0.451175	0.0799635	0.000538945	0.0216212	0.0188165	0.000903205	0.0176565	0.00106435	0.00126654	0.234495	0.00334826	0.0369025	0.0220511	0.0668386	0.0168482	0.00204341	0.000282568	0.000662494
138	0.00358233	0.000729517	0.00824931	0.00231603	0.083202	0.00179075	0.257759	0.00172837	0.0361715	0.0208398	0.00128093	0.053412	0.000617164	0.0721536	0.129627	0.00386128	0.00284497	0.00264273	0.000424596	0.316767
139	0.00279194	0.00403947	0.011748	0.00795331	0.217308	0.000998658	0.0734152	0.00426784	0.00113543	0.00396645	0.000740401	0.001061	0.000335053	0.00479154	0.00112237	0.00502347	0.00528474	0.0051341	0.0917046	0.557179
140	0.0203297	0.00267181	0.00170805	0.00457922	0.0232092	0.00359904	0.00453335	0.085985	0.00489527	0.658206	0.084082	0.0035529	0.00334646	0.00476058	0.00577593	0.0114358	0.015392	0.0545753	0.00166999	0.00569201
141	0.0401164	0.00293336	0.0360712	0.0833405	0.0100869	0.022916	0.0521951	0.0106868	0.0537124	0.0151621	0.00826296	0.0326519	0.354704	0.0429232	0.117883	0.0341881	0.0365036	0.0234617	0.00591108	0.0162897
142	0.0451107	0.00102785	0.019984	0.00773305	0.00167382	0.121579	0.00340837	0.00277782	0.0985061	0.00563727	0.00624747	0.027577	0.017366	0.0370122	0.527752	0.060239	0.00687593	0.00624621	0.00108001	0.00216643
143	0.0216987	0.00364131	0.00197269	0.004814	0.026697	0.00524738	0.0058516	0.0877982	0.00730741	0.634689	0.0898057	0.00365481	0.00374816	0.00614799	0.00840857	0.0106231	0.0156754	0.0527483	0.00187829	0.00759284
144	0.50759	0.0179748	0.000980075	0.00223509	0.00271839	0.150889	0.00145527	0.00474621	0.00286113	0.00237365	0.00864988	0.0122351	0.00203554	0.00315659	0.00183402	0.234617	0.0286577	0.0132015	0.000174184	0.00161432
145	0.0397104	0.000652832	0.121066	0.0162264	0.00112785	0.0143655	0.0116158	0.00189195	0.237557	0.00224668	0.0025714	0.166314	0.000692014	0.039676	0.165886	0.0977202	0.0331239	0.0399487	0.000452807	0.00715449
146	0.0414806	0.00252105	0.00290981	0.003208	0.000675145	0.909544	0.00133147	0.00149641	0.00491505	0.00151301	0.00115363	0.00346092	0.000702989	0.00396066	0.00569709	0.00993211	0.00207475	0.0025639	0.000485188	0.000373908
147	0.0340344	0.00164312	0.112582	0.281005	0.00212586	0.00366459	0.00370605	0.0291372	0.0888953	0.0896076	0.00260114	0.00504031	0.00182365	0.0603088	0.146398	0.0191431	0.0842677	0.0307041	0.00109557	0.00221693
148	0.0648073	0.000489812	0.138042	0.575101	0.00994109	0.00849851	0.0210177	0.0133881	0.0106433	0.00927554	0.00425085	0.0165458	0.00634086	0.0386438	0.0151326	0.0245454	0.0245518	0.0165447	0.000347499	0.00189294
149	0.0011735	0.00021662	0.000365585	0.000635223	0.000385987	0.000608205	0.000446089	0.634483	0.00155725	0.03283	0.00847487	0.00063888	0.000212509	0.0015636	0.00067688	0.000858887	0.00548167	0.308911	0.000134741	0.000345599
150	0.0603234	0.00191957	0.00957095	0.0197973	0.00447855	0.0485209	0.00960527	0.00635286	0.0250383	0.00982407	0.00548775	0.0130574	0.637891	0.00932775	0.0158282	0.0727296	0.0262237	0.0156015	0.00198819	0.00643393
151	0.407877	0.0804495	0.00398619	0.00694358	0.0082016	0.067292	0.00504027	0.0219014	0.00740117	0.0281332	0.0234665	0.0160913	0.00209681	0.0104835	0.00787275	0.192889	0.0603251	0.0404548	0.000964018	0.00812952
152	0.0123927	0.00360476	0.00231122	0.00661099	0.531702	0.00328155	0.0149253	0.0337419	0.00499964	0.0993441	0.0444989	0.00406281	0.00331663	0.00780348	0.00566409	0.0087638	0.0112058	0.0242563	0.0194051	0.158109
153	0.197189	0.00178258	0.00257527	0.00380072	0.00175088	0.735993	0.0010777	0.00316176	0.00392689	0.00131336	0.00145613	0.00424294	0.000503487	0.00465054	0.00386088	0.0226736	0.00399336	0.00535334	0.000295453	0.000399982
154	0.0108356	0.00207035	0.000873355	0.00259638	0.0158286	0.00206255	0.00330546	0.087478	0.00131501	0.655702	0.139558	0.00267648	0.00111769	0.00388877	0.00347144	0.0062101	0.0115341	0.0457308	0.000444653	0.00330108
155	0.0689407	0.0112645	0.0255458	0.0188817	0.0145481	0.0359095	0.0212157	0.0317507	0.0221515	0.0415778	0.0220429	0.0352078	0.00713513	0.0207552	0.0260649	0.159653	0.373215	0.0493176	0.00378752	0.0110343
156	0.0809114	0.00423267	0.0121028	0.0508643	0.00207596	0.456299	0.00803824	0.00340233	0.0358972	0.00394433	0.00420179	0.0434757	0.00279448	0.0128332	0.0116163	0.240614	0.0156337	0.00720897	0.00212292	0.00173095
157	0.154123	0.00153564	0.00537726	0.010485	0.0158257	0.0271051	0.00665105	0.0432866	0.0138787	0.101771	0.018543	0.00887691	0.390337	0.00402816	0.00798005	0.0231701	0.0332697	0.129424	0.00110925	0.00322308
158	0.0146289	0.00494866	0.0621852	0.133752	0.0495971	0.0326931	0.109964	0.007161	0.0116817	0.029694	0.00746648	0.063873	0.0249415	0.0575315	0.0688352	0.0632404	0.0986128	0.0475224	0.0377699	0.0739006
159	0.330409	0.0216081	0.0101736	0.0150384	0.00629891	0.0802977	0.00884158	0.0277837	0.018476	0.0301529	0.019671	0.0570525	0.0105842	0.0171633	0.0174099	0.179586	0.0676036	0.0744488	0.00101761	0.00638324
160	0.0370606	0.00295279	0.00316405	0.00604585	0.000636978	0.907833	0.00182401	0.00118024	0.00472509	0.00170066	0.00157303	0.00510949	0.000683388	0.00453846	0.00377961	0.0117994	0.00245157	0.00185648	0.000515417	0.000569768
161	0.185167	0.0138683	0.0334082	0.032804	0.00871014	0.0733177	0.0123841	0.0177478	0.022123	0.0247431	0.0203042	0.036893	0.0177776	0.0208786	0.0180102	0.29689	0.124671	0.027775	0.0021859	0.0103417
162	0.0417654	0.00182033	0.432519	0.192433	0.00437027	0.015979	0.0194317	0.00519266	0.0272435	0.00927123	0.00500222	0.0918632	0.00582859	0.0465896	0.0185325	0.0470449	0.0217504	0.0081989	0.00105539	0.00410793
163	0.468007	0.0186536	0.00925319	0.0162653	0.00639371	0.103677	0.00615505	0.020038	0.0128882	0.0257194	0.0175446	0.0151824	0.00841535	0.0119342	0.0147845	0.144516	0.056372	0.0376736	0.00122791	0.00529829
164	0.519674	0.0202058	0.00179921	0.00354538	0.00489732	0.0679511	0.00266583	0.00663368	0.00589973	0.0177408	0.00831612	0.013656	0.000558187	0.00684867	0.00391985	0.143214	0.143105	0.0234944	0.000603734	0.00527176
165	0.339424	0.00237472	0.00125829	0.00325714	0.00191669	0.0933683	0.00389335	0.00228289	0.00169873	0.0017174	0.00981977	0.0262211	0.00828284	0.002866	0.0017232	0.475455	0.0164963	0.00668016	0.00034011	0.000923604
166	0.0217491	0.000352891	0.000593771	0.00135971	0.016711	0.00385246	0.00128089	0.20174	0.00155577	0.380516	0.286565	0.00242869	0.000786364	0.00356004	0.00380813	0.00477707	0.00667973	0.0575423	0.000280204	0.00386038
167	0.0329072	0.00336024	0.0081508	0.0647641	0.00460287	0.0115896	0.00951478	0.037405	0.130034	0.00962793	0.00621575	0.0403197	0.112429	0.121324	0.103661	0.0228455	0.154291	0.118564	0.00254955	0.00584305
168	0.0953044	0.00320694	0.265444	0.0973872	0.00305974	0.0756139	0.0194752	0.00724195	0.0434632	0.00971638	0.00864076	0.0913476	0.00607704	0.0588475	0.042479	0.122512	0.0331187	0.0116232	0.00165016	0.0037918
169	0.0327895	0.00138265	0.00185909	0.0925694	0.0307968	0.00329697	0.00269128	0.0565843	0.0792694	0.0291999	0.00344047	0.00351055	0.00135724	0.0172152	0.0291393	0.135647	0.209526	0.135461	0.000851149	0.133413
170	0.150345	0.00293041	0.0185852	0.00858186	0.00163266	0.715647	0.00609052	0.00593408	0.00832082	0.00596934	0.00941983	0.00839258	0.00192884	0.00851632	0.00492649	0.0240311	0.0112466	0.00516963	0.000648695	0.00168345
171	0.00368547	0.00770049	0.00109118	0.0160677	0.000906311	0.00175758	0.00150353	0.280174	0.00694742	0.00238395	0.0017184	0.00445238	0.000591382	0.00212734	0.00676252	0.0153036	0.0361991	0.595485	0.000427934	0.0147146
172	0.0023656	0.000419528	0.00041394	0.00105815	0.00123092	0.000877971	0.000498694	0.620639	0.00163743	0.037868	0.00917719	0.000682172	0.000257428	0.0016479	0.000873294	0.00119269	0.00619754	0.312202	0.000174911	0.000584956
173	0.0151038	0.174382	0.00442012	0.0315462	0.0544995	0.00711124	0.00492309	0.00706262	0.00677815	0.0411618	0.00648949	0.00724366	0.00209418	0.0074703	0.00721749	0.0110035	0.280205	0.325776	0.00145104	0.00406176
174	0.0151203	0.000657485	0.00909935	0.0708734	0.0137937	0.012574	0.0574861	0.00909533	0.298773	0.0136477	0.0465664	0.0147313	0.000521064	0.110534	0.212391	0.0203009	0.0190495	0.00259177	0.00215925	0.0700353
175	0.0645414	0.000364155	0.181642	0.169249	0.000956284	0.0129815	0.0152001	0.0111607	0.113617	0.0122055	0.00607689	0.0411341	0.0111989	0.17786	0.0950637	0.0291606	0.0403817	0.0123186	0.000657134	0.00422981
176	0.00543073	0.000583387	0.0740292	0.389636	0.00090503	0.00841645	0.0207684	0.0130763	0.0950492	0.00954211	0.0682922	0.0595541	0.00892924	0.0788464	0.0221957	0.0347396	0.060528	0.047748	0.00049097	0.00123925
177	0.0518843	0.000228605	0.191256	0.212359	0.000401096	0.00460512	0.0146589	0.00867543	0.10911	0.00798884	0.00413917	0.0431809	0.016731	0.164736	0.0844365	0.0287028	0.0414983	0.0123538	0.000149436	0.00290444
178	0.0594502	0.0019892	0.00203159	0.00494872	0.0258741	0.00418069	0.0105144	0.155415	0.0261212	0.0475515	0.0607466	0.0145662	0.00102888	0.00890417	0.0210855	0.0373668	0.27258	0.23296	0.00127005	0.0114157
179	0.00210071	0.000139936	0.000256248	0.00188433	0.0108832	0.000353623	0.00272973	0.0627533	0.000482074	0.796434	0.0751228	0.000378963	0.000365096	0.000465239	0.00196474	0.00336822	0.0068813	0.0331632	7.36923e-05	0.0001997
180	0.0577163	0.00376111	0.0240437	0.0464029	0.0167554	0.126896	0.0472135	0.0158305	0.159987	0.0300322	0.0255608	0.0365267	0.0263574	0.106258	0.114302	0.0395486	0.0277059	0.0224177	0.00494509	0.0677382
181	0.0261977	0.0018986	0.000432466	0.000970467	0.0408439	0.00717014	0.000492201	0.323811	0.000724777	0.280379	0.0736674	0.000753449	0.00053134	0.000845604	0.00128305	0.00123263	0.00466984	0.229714	0.00390679	0.000475349
182	0.0147016	0.00109651	0.00218246	0.0151162	0.00135611	0.00948304	0.00534967	0.00259842	0.220368	0.0343827	0.00542683	0.0258202	0.000977061	0.00382172	0.581699	0.0434708	0.0127643	0.0135341	0.00381863	0.00203207
183	0.0452576	0.0064965	0.000458502	0.0011039	0.0287692	0.00874193	0.000591195	0.280258	0.000917908	0.269014	0.0782393	0.000779274	0.000787497	0.00131409	0.00125264	0.00240004	0.0113663	0.258087	0.00343241	0.000732488
184	0.0256452	0.0155559	0.0227318	0.00656781	0.00169301	0.00734152	0.00231066	0.00274276	0.00451984	0.00355876	0.00231241	0.391303	0.00121679	0.00460317	0.00305843	0.303714	0.195256	0.00389759	0.000546407	0.00142515
185	0.00455833	0.00808116	0.000955992	0.00183094	0.461517	0.00174682	0.0016955	0.0671558	0.0017382	0.217777	0.0401565	0.00158554	0.00935975	0.00213591	0.00179382	0.0148276	0.0250039	0.0558323	0.0528203	0.0294281
186	0.0197814	0.000883643	0.451431	0.0737082	0.000531513	0.0215056	0.0205538	0.000897905	0.0172222	0.00105637	0.00122835	0.240747	0.00358606	0.0318756	0.0230758	0.0730939	0.0159737	0.002082	0.000237276	0.000528183
187	0.0484138	0.00318103	0.0257991	0.0715982	0.00639493	0.0429267	0.0258907	0.0139066	0.340571	0.028937	0.0133316	0.0398532	0.00944703	0.0683201	0.149304	0.0358785	0.0404782	0.0185709	0.00424907	0.0129484
188	0.0505814	0.00365721	0.0233637	0.0329777	0.00875232	0.0335675	0.0243658	0.0131464	0.142674	0.030333	0.0159456	0.0364958	0.0140841	0.0629687	0.388415	0.0387307	0.033773	0.0229276	0.00666745	0.0165727
189	0.00635114	0.00429204	0.0117535	0.00903208	0.198786	0.00365269	0.0680931	0.00541081	0.00308958	0.00665051	0.0024094	0.00247812	0.0011985	0.00627835	0.00267128	0.00694166	0.00681088	0.00703168	0.119616	0.527453
