337	20
1	0.0341741	0.0104786	0.255046	0.144919	0.00899976	0.0350513	0.0997813	0.0162708	0.0483056	0.0245767	0.0061593	0.0651566	0.00560606	0.0806623	0.0486676	0.0357243	0.0284596	0.0319573	0.00386405	0.01614
2	0.0545146	0.00199255	0.00301357	0.0135066	0.0194819	0.00659305	0.0052075	0.190644	0.013391	0.0571873	0.0308585	0.00851133	0.00350633	0.0013657	0.00754054	0.0143367	0.0243745	0.540809	0.000463575	0.00270148
3	0.00422292	0.0220391	0.00806153	0.00246232	0.576035	0.00341042	0.0221741	0.0475074	0.00361637	0.155938	0.0118875	0.005567	0.00101412	0.00256979	0.00444384	0.0145943	0.00577543	0.0205915	0.00759822	0.0804919
4	0.00573303	0.0040747	0.00190004	0.00705016	0.0336679	0.00610787	0.0028403	0.405209	0.00410479	0.192675	0.0383231	0.00579423	0.00761427	0.00416777	0.00808962	0.0158054	0.0340103	0.216633	0.00127714	0.00492189
5	0.0617015	0.0293038	0.0467276	0.01848	0.00809188	0.0506836	0.0154999	0.00672467	0.0401868	0.0119363	0.0042685	0.166273	0.00683905	0.00720111	0.0259391	0.402725	0.0762643	0.00903359	0.00229274	0.00982783
6	0.00433751	0.0148856	0.00438294	0.00206008	0.386965	0.00275225	0.0123908	0.0560038	0.00325184	0.381184	0.0201933	0.00310459	0.00340805	0.00258028	0.00313003	0.00809387	0.00580911	0.0326536	0.00647118	0.0463421
7	0.0463909	0.0734475	0.0132054	0.0227557	0.0148149	0.110065	0.042136	0.0109547	0.070592	0.0267369	0.00570175	0.0294633	0.016304	0.051092	0.180348	0.220318	0.0255373	0.0104105	0.0141808	0.015546
8	0.089168	0.0213266	0.0632471	0.0374519	0.0111635	0.575543	0.0107835	0.0202444	0.0152883	0.00594413	0.00379856	0.0154839	0.00697319	0.0130144	0.0358233	0.0304036	0.0103	0.0204822	0.00264622	0.0109145
9	0.0746876	0.00326303	0.0651631	0.321466	0.00262318	0.0130872	0.0120674	0.0284274	0.145948	0.0166497	0.00797516	0.0295615	0.0159242	0.0745113	0.0235271	0.0434953	0.0587655	0.0476805	0.00425399	0.0109234
10	0.0702482	0.0187825	0.0643242	0.0284666	0.0160946	0.0159108	0.0317341	0.0148755	0.0454552	0.0616324	0.00929033	0.0261361	0.264152	0.0468219	0.0505231	0.151804	0.0326346	0.0306838	0.00368928	0.0167399
11	0.0222646	0.0101766	0.00284689	0.0367478	0.0289126	0.00525822	0.00837552	0.257139	0.0205821	0.117042	0.0654562	0.0143288	0.0165422	0.00364549	0.0286636	0.0420451	0.0832727	0.228459	0.0011824	0.00705808
12	0.0506773	0.0238606	0.0435029	0.149311	0.010106	0.164061	0.0500404	0.0223248	0.0981953	0.0209186	0.00580825	0.0439199	0.0105956	0.04565	0.106675	0.0568298	0.0572214	0.0205214	0.00772314	0.0120572
13	0.0100273	0.0124892	0.0775042	0.0587563	0.0479302	0.0464261	0.0530664	0.0108796	0.162324	0.0488669	0.0162042	0.178694	0.00426601	0.0485849	0.0803672	0.0585935	0.020099	0.0230349	0.00349774	0.0383884
14	0.0178767	0.020126	0.10707	0.023245	0.00589861	0.0871015	0.0100691	0.0123604	0.0389791	0.00436671	0.00229505	0.219449	0.0158444	0.00490075	0.0361663	0.23648	0.124018	0.0185554	0.00138496	0.0138123
15	0.0038052	0.023044	0.00756864	0.00260235	0.580882	0.0027257	0.0204355	0.0502363	0.00347673	0.15375	0.0116033	0.00501824	0.000919522	0.00227433	0.00394885	0.0119627	0.00636332	0.0216176	0.00610675	0.0816584
16	0.00526816	0.00573999	0.00177848	0.0107233	0.0350777	0.00620701	0.00326052	0.366194	0.00403963	0.195121	0.0440523	0.00726129	0.0106749	0.00318864	0.0131173	0.0210708	0.0477266	0.212609	0.00136365	0.00552543
17	0.0261364	0.00753846	0.0507326	0.12988	0.00911634	0.0411584	0.0193371	0.0140712	0.238254	0.0133578	0.0117	0.109258	0.0122607	0.072606	0.116646	0.067164	0.0333	0.0179173	0.0018241	0.00774006
18	0.0877724	0.0288379	0.0315769	0.134038	0.00609051	0.256265	0.0480848	0.0208437	0.140871	0.00822682	0.00389726	0.0656359	0.00468669	0.0482276	0.0361077	0.0244087	0.0357104	0.00826062	0.00355419	0.00690367
19	0.0219404	0.00699601	0.00259972	0.0335822	0.0293345	0.00444786	0.00763725	0.361617	0.0246839	0.113318	0.0645104	0.0132653	0.0108477	0.0051118	0.0237584	0.0262349	0.0630263	0.181319	0.0009576	0.00481084
20	0.0240313	0.02309	0.120871	0.100718	0.0218987	0.0507997	0.0688316	0.0222149	0.0988621	0.0219242	0.00456276	0.129042	0.00996479	0.050049	0.0665872	0.0950876	0.0277629	0.0180891	0.00951538	0.0360979
21	0.412013	0.0194139	0.0139749	0.0125366	0.0264237	0.0248896	0.00275138	0.0278323	0.0152104	0.0242787	0.0034871	0.00300319	0.0427567	0.00823175	0.017969	0.128677	0.0709762	0.13538	0.00134455	0.00884973
22	0.00343384	0.0263713	0.00806413	0.00270137	0.557507	0.00279133	0.0263878	0.0495409	0.00319586	0.138219	0.00903802	0.00537974	0.00122485	0.00224961	0.00295493	0.0138925	0.00768411	0.0225892	0.00707413	0.1097
23	0.0684908	0.008437	0.0048367	0.0724104	0.0293867	0.00572573	0.0160439	0.225409	0.0700444	0.0778925	0.0801553	0.0167738	0.00785698	0.00332779	0.044521	0.0301984	0.0721328	0.162283	0.00123756	0.00283557
24	0.0167157	0.00252651	0.0604939	0.185657	0.00284677	0.0407799	0.0116456	0.0176834	0.266977	0.00628067	0.00373738	0.0602079	0.0062467	0.0886987	0.138254	0.0413618	0.0363973	0.0103191	0.000982693	0.00218783
25	0.00608744	0.00382165	0.001646	0.00387085	0.0465168	0.00315165	0.00359663	0.292113	0.00345788	0.392606	0.0365871	0.00363908	0.0059234	0.00299146	0.00494855	0.00852395	0.0205829	0.150913	0.0039078	0.0051145
26	0.0244605	0.00239304	0.0521008	0.331662	0.000875629	0.0269235	0.0117609	0.01225	0.19525	0.0144187	0.00701744	0.0403358	0.0200346	0.107244	0.0627234	0.0338698	0.0322949	0.0185612	0.00193674	0.00388628
27	0.00862484	0.00417445	0.0151665	0.079264	0.00174362	0.0211723	0.00626838	0.0267514	0.405094	0.00559578	0.0377678	0.0152935	0.00466476	0.0493163	0.246683	0.0157834	0.0320558	0.0196977	0.00372592	0.00115636
28	0.0409776	0.0243189	0.0514408	0.0653414	0.0106169	0.261135	0.0238816	0.018164	0.107816	0.016129	0.00781379	0.044626	0.0095851	0.0681135	0.10482	0.0632127	0.0477534	0.0183532	0.00534738	0.0105531
29	0.0519411	0.00601891	0.0551286	0.338622	0.000989442	0.0299605	0.00817873	0.0146658	0.134406	0.0168992	0.0119212	0.0678374	0.00728124	0.0891773	0.0411395	0.053608	0.04364	0.0153397	0.00194928	0.0112957
30	0.0845055	0.0131128	0.0356079	0.091045	0.0164205	0.0101382	0.0234224	0.0151981	0.0696877	0.0557664	0.00396538	0.0138627	0.196	0.0574488	0.0470653	0.152997	0.0460936	0.0473824	0.00346196	0.0168187
31	0.00671639	0.00268027	0.00174662	0.00332374	0.0331415	0.00397892	0.00197229	0.426021	0.00200056	0.187721	0.0341625	0.00427244	0.00648021	0.00230502	0.00441404	0.00986183	0.0255508	0.237917	0.00117318	0.00456136
32	0.198071	0.0379148	0.00588062	0.0323075	0.00416245	0.154266	0.0208563	0.0054687	0.0261784	0.0497139	0.0113409	0.0347598	0.0599727	0.00585608	0.0286353	0.185243	0.0449187	0.0348528	0.0558535	0.00374794
33	0.00566094	0.00552926	0.000581347	0.00180878	0.0732349	0.00224968	0.00216733	0.0646231	0.00377102	0.72302	0.031181	0.000958271	0.00707468	0.0034179	0.00289593	0.00397449	0.00620264	0.0486807	0.00757637	0.00539196
34	0.0297575	0.0117252	0.00314414	0.0517506	0.0352236	0.00508454	0.0116008	0.239825	0.0322705	0.113876	0.0698231	0.0152895	0.0153931	0.0036089	0.0334239	0.0430643	0.0833461	0.194462	0.000955514	0.00637567
35	0.0172505	0.00178272	0.053062	0.185282	0.00219054	0.0391997	0.00882641	0.0180571	0.277574	0.00559106	0.00386429	0.0564046	0.00629303	0.0886095	0.144121	0.0407813	0.0390827	0.0106351	0.000674948	0.000718703
36	0.0990983	0.0101054	0.0242272	0.116423	0.0126212	0.0602302	0.0150211	0.035875	0.144115	0.0312176	0.00912014	0.0350298	0.0172834	0.0299535	0.118556	0.0690835	0.124782	0.0353978	0.00352589	0.00833419
37	0.0101048	0.00371075	0.00275678	0.00994271	0.0307474	0.00424638	0.0035908	0.43457	0.00974102	0.152631	0.0558795	0.00833426	0.00739377	0.00334707	0.0113288	0.0148634	0.0374446	0.19302	0.00216639	0.00418079
38	0.0285222	0.00381489	0.038038	0.250163	0.00193855	0.0239091	0.0210737	0.0156101	0.158472	0.0123469	0.0113401	0.049926	0.00900894	0.200021	0.0919503	0.0359858	0.0249775	0.0128854	0.00364368	0.00637258
39	0.0189096	0.00252913	0.124553	0.366106	0.00212627	0.0358904	0.0289634	0.0116304	0.10527	0.0122668	0.00598434	0.0501267	0.00709064	0.120688	0.0428872	0.0178353	0.0186779	0.0191944	0.0020289	0.00724114
40	0.118268	0.0599905	0.0155965	0.0107622	0.0372904	0.0290144	0.0184118	0.0153549	0.0124048	0.0554052	0.0069093	0.0243534	0.0139714	0.00974402	0.0194883	0.440735	0.0528596	0.0219323	0.00690567	0.0306018
41	0.00231326	0.0528545	0.00217585	0.0191427	0.0614352	0.0171638	0.0301958	0.0372652	0.109493	0.0973436	0.0592107	0.00994233	0.00126006	0.066889	0.258689	0.0455603	0.0300059	0.0304235	0.03962	0.0290165
42	0.00490823	0.00256688	0.00181985	0.00274565	0.0352749	0.00373861	0.00190204	0.441865	0.00180818	0.19969	0.033648	0.00374033	0.00502036	0.00229967	0.0037302	0.00849969	0.0233579	0.217586	0.00130415	0.00449474
43	0.21191	0.0368786	0.00882964	0.0116469	0.0692651	0.034258	0.016117	0.0264387	0.0113651	0.0860213	0.00903035	0.0112967	0.0129729	0.0113291	0.0231485	0.243402	0.043724	0.0702001	0.00657558	0.0555906
44	0.00590569	0.00216089	0.00180917	0.00188035	0.0341586	0.00374454	0.00181803	0.442968	0.0015463	0.199682	0.0311812	0.00355623	0.00451902	0.0021887	0.00282731	0.00693979	0.0204306	0.227085	0.00124101	0.00435662
45	0.0527685	0.000685811	0.00282955	0.00329676	0.0175494	0.00641973	0.00333421	0.172322	0.00309525	0.0512181	0.0219969	0.00718757	0.00231265	0.00100811	0.00155954	0.0108998	0.0140571	0.624559	0.000348666	0.00255159
46	0.0287325	0.00115021	0.00213436	0.00274837	0.0246533	0.00495117	0.00241255	0.29817	0.00227148	0.108288	0.0251513	0.0049746	0.00396744	0.00136349	0.00226142	0.00897547	0.017105	0.457047	0.000676391	0.00296702
47	0.00556869	0.00547931	0.000510393	0.00180089	0.0712548	0.00222121	0.00213934	0.0624923	0.00380325	0.728564	0.0311735	0.000928503	0.00711612	0.00346108	0.00287256	0.00397424	0.00606368	0.0477298	0.00767944	0.00516684
48	0.0994691	0.0480665	0.0241886	0.0141601	0.0105668	0.0273809	0.0168135	0.0115089	0.0170733	0.0221095	0.00469288	0.0377836	0.00722421	0.00701092	0.0144704	0.536891	0.0778867	0.0116255	0.00303702	0.00804095
49	0.0219164	0.00232492	0.0483899	0.340644	0.00202163	0.0196785	0.0133082	0.00960362	0.203758	0.0118793	0.00531755	0.0285023	0.037258	0.10857	0.0529122	0.0379379	0.0292238	0.0207539	0.00291047	0.00308886
50	0.00382526	0.0227104	0.351974	0.0417979	0.0097038	0.0238188	0.0331094	0.0236963	0.0558879	0.00306331	0.00564196	0.26656	0.00560744	0.00840591	0.0302416	0.0758082	0.0130395	0.0100973	0.00422505	0.0107859
51	0.0131701	0.045981	0.0131054	0.00913577	0.381862	0.0168395	0.0347947	0.0403431	0.0149257	0.107546	0.0114162	0.0119125	0.00627166	0.00861783	0.0180636	0.049779	0.012921	0.0241799	0.00974376	0.169391
52	0.367027	0.018776	0.0118875	0.0194706	0.0197283	0.0507786	0.00591362	0.0222942	0.0161773	0.0318195	0.00550207	0.00684914	0.0269025	0.00903993	0.019619	0.161902	0.066877	0.125726	0.00550151	0.00820828
53	0.0655854	0.0307124	0.0575603	0.0362633	0.0147804	0.0411735	0.026042	0.0123907	0.0350112	0.0134797	0.00240383	0.116297	0.00620399	0.0114895	0.027219	0.391317	0.0851158	0.0125516	0.00299971	0.011403
54	0.0907274	0.0205472	0.0202994	0.023023	0.016222	0.0173555	0.0295834	0.0140403	0.0413865	0.0794509	0.00753176	0.0182976	0.228974	0.0472847	0.049592	0.208004	0.036441	0.0331985	0.00321605	0.0148246
55	0.0362416	0.055434	0.00881254	0.0186457	0.0216356	0.0591815	0.0408755	0.00977935	0.0830787	0.0147424	0.00454567	0.0307715	0.0365006	0.0497845	0.198741	0.198591	0.0952818	0.00784668	0.02156	0.00795009
56	0.035402	0.0523802	0.0231368	0.0291114	0.0865017	0.0378659	0.0333058	0.0331999	0.0452629	0.0749937	0.02312	0.0303477	0.0139778	0.0495005	0.0787757	0.176198	0.0331937	0.0343022	0.0626597	0.0467642
57	0.0429171	0.236821	0.0113066	0.0144025	0.0929732	0.0274575	0.0266698	0.0202173	0.027734	0.0705649	0.011636	0.0229237	0.0160578	0.0188485	0.0354928	0.225733	0.0285688	0.0200792	0.010144	0.0394527
58	0.00826584	0.00565347	0.00120205	0.00533558	0.0589583	0.00358412	0.00395658	0.117923	0.00566938	0.587094	0.0496457	0.00308583	0.00851382	0.00525451	0.00637918	0.00933423	0.0242555	0.0827909	0.00781192	0.00528601
59	0.012708	0.00456019	0.277538	0.226325	0.0120192	0.024581	0.049036	0.0105981	0.0666357	0.0142378	0.00324479	0.101397	0.00235238	0.0573171	0.0530691	0.0224399	0.028191	0.0171784	0.00287096	0.0137008
60	0.0241944	0.0294868	0.0915454	0.161014	0.0140251	0.034209	0.152341	0.0200124	0.0596651	0.0319487	0.010692	0.0517889	0.0094077	0.0892387	0.0648676	0.0427832	0.0252474	0.0477105	0.00855169	0.0312705
61	0.00780888	0.00458541	0.00107878	0.00250668	0.0593338	0.00294294	0.00223042	0.167635	0.00351007	0.556968	0.032195	0.00208936	0.00638381	0.00303611	0.00342965	0.00562402	0.0118759	0.116308	0.00555616	0.00490217
62	0.28477	0.0179825	0.011908	0.0457152	0.02156	0.0394358	0.00547952	0.036845	0.0141439	0.0335722	0.0122007	0.0058026	0.0144054	0.0163375	0.0180275	0.160085	0.0780545	0.175909	0.00160615	0.00616004
63	0.0733415	0.00770866	0.00673459	0.0726443	0.0292675	0.00796421	0.0147705	0.217477	0.0662308	0.073926	0.08161	0.016298	0.00757885	0.00337799	0.041571	0.0291714	0.0822674	0.164288	0.000935792	0.00283631
64	0.0413085	0.000957954	0.00242462	0.00303223	0.020902	0.00567271	0.00282957	0.234664	0.00279314	0.0801365	0.0228958	0.00604178	0.00319421	0.00115972	0.00181775	0.00974454	0.0152687	0.541952	0.000508154	0.00269652
65	0.0064385	0.00540108	0.00480961	0.0033281	0.0542544	0.00485643	0.00408771	0.372707	0.00378761	0.233018	0.0508995	0.00449399	0.00489691	0.00365111	0.00854407	0.0146855	0.0275815	0.179633	0.00640717	0.00651843
66	0.13064	0.0175573	0.0205268	0.0238006	0.0154915	0.0177059	0.0257266	0.0134244	0.0391447	0.0622667	0.00519979	0.0167369	0.251292	0.0424093	0.0459588	0.169814	0.0433211	0.0432171	0.00301606	0.0127503
67	0.022311	0.00150959	0.00200717	0.00287574	0.0253734	0.00427933	0.00228706	0.340657	0.00246192	0.124052	0.0306145	0.00463445	0.0038266	0.00160068	0.00303461	0.00911603	0.0198326	0.395256	0.000798942	0.00347134
68	0.00309939	0.0219406	0.00768883	0.00217521	0.592321	0.00258786	0.0212488	0.047658	0.00263544	0.150286	0.00967422	0.00477973	0.0008721	0.00197011	0.00253424	0.0123166	0.00544095	0.0197086	0.00615705	0.0849058
69	0.00327486	0.0260291	0.00806496	0.00270001	0.534923	0.00306938	0.0271862	0.0458916	0.00330248	0.138355	0.00888808	0.00515372	0.00106678	0.00233734	0.00348882	0.0144519	0.00625009	0.0203182	0.00680081	0.138448
70	0.0156457	0.0141808	0.154207	0.1104	0.0163811	0.0463018	0.0817242	0.0153309	0.119448	0.0164943	0.00426571	0.134941	0.0054352	0.0545789	0.0669748	0.0642862	0.0260316	0.0141335	0.00622523	0.0330141
71	0.0220666	0.00163597	0.00199296	0.00300427	0.0263747	0.0043945	0.0023097	0.341968	0.00247642	0.128316	0.0307285	0.00477364	0.00421837	0.00170038	0.00324736	0.00914334	0.0206466	0.386775	0.000807975	0.00341997
72	0.0143217	0.0168182	0.255092	0.111557	0.0123405	0.0307026	0.0501284	0.0179769	0.0778521	0.010619	0.00433498	0.166273	0.00658966	0.0411517	0.0471248	0.0707272	0.0216084	0.0134285	0.0055413	0.0258121
73	0.084183	0.0169659	0.0210961	0.0237771	0.0146779	0.00949896	0.0304598	0.0111609	0.0474088	0.0738524	0.00515433	0.016198	0.290072	0.0523364	0.0538813	0.173679	0.0310634	0.029	0.0013974	0.0141375
74	0.139829	0.0513644	0.020815	0.00823156	0.00700893	0.0239445	0.0144686	0.00527694	0.00733937	0.0148894	0.00215545	0.0270245	0.00500407	0.0040164	0.00676503	0.56811	0.0751406	0.0138603	0.00173876	0.00301657
75	0.0203444	0.00264319	0.361891	0.180961	0.00582986	0.0170599	0.080338	0.0133805	0.0418909	0.0116354	0.00276045	0.0814788	0.00222358	0.0726614	0.0310791	0.0150184	0.0293276	0.015173	0.00174556	0.0125576
76	0.0156434	0.00197	0.00192774	0.00265184	0.0310376	0.00423634	0.00203631	0.373613	0.00213533	0.155852	0.02885	0.00442006	0.00490382	0.00177241	0.00341188	0.00882607	0.0207384	0.331042	0.00103757	0.00389414
77	0.0255546	0.0507432	0.066282	0.0190097	0.00738407	0.12481	0.0301138	0.0068364	0.161692	0.0123406	0.00597698	0.057844	0.00762092	0.0838838	0.175838	0.116997	0.0265049	0.00669748	0.0071544	0.00671576
78	0.00857582	0.00802345	0.041	0.0545705	0.00753479	0.02723	0.194833	0.0267588	0.106537	0.00863171	0.00396175	0.221248	0.00372196	0.025268	0.0603685	0.0782913	0.0305807	0.00816699	0.0130454	0.0716526
79	0.0228144	0.0760525	0.033027	0.0303439	0.0207706	0.0200327	0.143418	0.0119226	0.0679729	0.0760315	0.00631759	0.0403406	0.0512059	0.114504	0.12953	0.0551298	0.0119995	0.0139308	0.011922	0.0627332
80	0.00325157	0.0304558	0.00816341	0.00296665	0.545119	0.00329689	0.0304005	0.0487352	0.00349422	0.131771	0.00873917	0.00536865	0.001196	0.00240673	0.00331725	0.0143514	0.00723814	0.024496	0.00730448	0.117927
81	0.118738	0.0291511	0.0230567	0.151749	0.0046323	0.288059	0.0425894	0.0172136	0.12585	0.00732256	0.00356062	0.0522719	0.00390135	0.0390744	0.0287392	0.0133772	0.0349301	0.00850165	0.002716	0.00456662
82	0.0545674	0.00674345	0.0487705	0.311254	0.000866654	0.0289544	0.00731466	0.0160351	0.155102	0.016452	0.0105492	0.0684308	0.00800397	0.0918997	0.0498571	0.0534407	0.0460533	0.0150684	0.00163975	0.00899701
83	0.363899	0.01807	0.0166192	0.0279196	0.0198599	0.0367332	0.00486702	0.0248094	0.0143698	0.0321784	0.00574064	0.00475438	0.0251267	0.011374	0.0184208	0.161017	0.0662667	0.138714	0.00241119	0.00684931
84	0.002851	0.0211984	0.00760306	0.0021096	0.598868	0.00242074	0.0205601	0.0474778	0.00250706	0.15154	0.00977937	0.00474731	0.000840203	0.00175956	0.00229043	0.0104254	0.00530934	0.0193426	0.00589957	0.0824699
85	0.0850164	0.0241772	0.0374142	0.105009	0.0175542	0.044951	0.0271019	0.0605425	0.0531224	0.0417597	0.00362807	0.032917	0.0109001	0.0248944	0.0681502	0.137349	0.117246	0.0754625	0.00598107	0.0268229
86	0.0457426	0.0168622	0.149645	0.105113	0.0199189	0.0454174	0.0755539	0.0189267	0.0725124	0.0212373	0.00357878	0.112062	0.00874956	0.0449842	0.0748122	0.0853292	0.0454261	0.0216585	0.00724625	0.0252244
87	0.30234	0.0223064	0.0307197	0.0302679	0.0171622	0.0352181	0.00896887	0.0217788	0.0220784	0.0248707	0.00471914	0.0209482	0.0275892	0.0123055	0.0218919	0.217449	0.0764377	0.0921435	0.00230825	0.00849634
88	0.00683568	0.00701729	0.000852904	0.00238064	0.0675623	0.00286188	0.00331359	0.0613321	0.00457964	0.701267	0.0443328	0.00128318	0.00751633	0.00469146	0.00333872	0.00522429	0.0106281	0.0512821	0.00852017	0.00517935
89	0.0479353	0.00421689	0.0291216	0.113931	0.0125772	0.0278296	0.00727154	0.0382008	0.245669	0.00720742	0.00818827	0.04843	0.00419908	0.038651	0.166655	0.0609184	0.114712	0.0188664	0.00196177	0.00345737
90	0.0514365	0.00396823	0.066244	0.340294	0.000850637	0.0211016	0.0123969	0.0234267	0.151758	0.0175096	0.00921142	0.0524382	0.00555799	0.0980979	0.0349952	0.0310061	0.0423527	0.02338	0.00189455	0.0120797
91	0.0527685	0.000685811	0.00282955	0.00329676	0.0175494	0.00641973	0.00333421	0.172322	0.00309525	0.0512181	0.0219969	0.00718757	0.00231265	0.00100811	0.00155954	0.0108998	0.0140571	0.624559	0.000348666	0.00255159
92	0.371691	0.017269	0.011089	0.0183465	0.0162299	0.0631022	0.00681137	0.0194716	0.0164998	0.0280649	0.00557156	0.00757503	0.0285646	0.00817514	0.0196118	0.161376	0.0642818	0.123082	0.00744908	0.00573861
93	0.0180658	0.00969257	0.0758935	0.0272405	0.0108021	0.0608113	0.0195324	0.00688369	0.0730291	0.00519099	0.00388008	0.344963	0.00647057	0.0063959	0.0377096	0.191237	0.0795251	0.00852089	0.00140063	0.0127556
94	0.00491295	0.00224644	0.00187484	0.00207248	0.0350237	0.00373499	0.00184177	0.449272	0.00158261	0.201143	0.0324881	0.00367522	0.00453653	0.00221223	0.00309696	0.00723147	0.0212989	0.215949	0.00133805	0.00446931
95	0.386048	0.016157	0.0122067	0.0175577	0.0193477	0.0398004	0.00447354	0.0234216	0.0202441	0.0243772	0.0045434	0.00404027	0.0273602	0.00888677	0.0235188	0.152926	0.0688969	0.137475	0.00207073	0.0066474
96	0.12225	0.0173752	0.049561	0.0327162	0.0032948	0.617839	0.00621023	0.0134786	0.00732171	0.00532908	0.00287672	0.00518169	0.0087379	0.00905728	0.0316142	0.027755	0.00827762	0.0254814	0.00267846	0.00296371
97	0.0102159	0.00216093	0.289641	0.328739	0.00364964	0.0273667	0.0405053	0.00776748	0.0503637	0.00739489	0.0039097	0.0653169	0.0015305	0.0901009	0.0246894	0.0101756	0.0148797	0.010206	0.00118216	0.0102042
98	0.408067	0.0185061	0.0144654	0.0123131	0.0272598	0.0247037	0.00276569	0.0271393	0.0151955	0.0249421	0.0034364	0.00307522	0.0454537	0.0079873	0.0186325	0.133705	0.0695604	0.131455	0.00151276	0.00982369
99	0.0484685	0.00272391	0.105682	0.344382	0.00148918	0.0166677	0.0212	0.0270047	0.130702	0.0191756	0.00787861	0.047521	0.00319101	0.101535	0.0260517	0.0167058	0.0368811	0.0288525	0.00176056	0.0121272
100	0.00553543	0.0054834	0.000497195	0.00180551	0.0711956	0.00219324	0.00212464	0.0618682	0.00381235	0.730027	0.031132	0.000899654	0.0071353	0.00344253	0.00287576	0.00394453	0.00597755	0.0472487	0.00763732	0.00516426
101	0.0448366	0.000829372	0.00259605	0.00307145	0.0195015	0.00595838	0.00295103	0.219712	0.00284519	0.0704484	0.0228965	0.00616829	0.0026842	0.00114099	0.00167762	0.0101443	0.014929	0.564534	0.00045419	0.0026209
102	0.025034	0.0019939	0.0862152	0.344066	0.00132193	0.0290144	0.0137107	0.0141385	0.173032	0.0112114	0.0058875	0.0505304	0.00829003	0.100308	0.0582576	0.0241278	0.029624	0.0161353	0.00143091	0.00567069
103	0.00554052	0.00550541	0.000512102	0.00182127	0.0713893	0.00221186	0.00226057	0.0618789	0.00386386	0.728741	0.0311794	0.000901224	0.00726521	0.00345849	0.00305892	0.00402072	0.00603734	0.0473268	0.0076972	0.00533043
104	0.0195914	0.00166849	0.00178294	0.0019741	0.0295748	0.0048212	0.0019456	0.349618	0.00185727	0.142743	0.0259124	0.00394484	0.00526029	0.00165587	0.00237523	0.00818474	0.0182079	0.374831	0.000708952	0.00334152
105	0.103416	0.0189474	0.0462996	0.0529451	0.00707392	0.505288	0.0148005	0.0266021	0.0325553	0.0100093	0.0049459	0.0167847	0.00781852	0.0304171	0.0376234	0.0322554	0.0177418	0.0235626	0.00381278	0.00710093
106	0.00413363	0.00348534	0.00246586	0.00661743	0.030828	0.00360517	0.00271846	0.452793	0.00387954	0.14676	0.0653763	0.0079171	0.00870915	0.00365345	0.00970607	0.0155919	0.0414528	0.1838	0.00222846	0.00427838
107	0.0158425	0.00540513	0.146179	0.395625	0.00338852	0.0857831	0.0163584	0.0087143	0.0770939	0.0117569	0.0139507	0.0408345	0.00472714	0.0801225	0.024197	0.0277824	0.0158951	0.0142195	0.00344522	0.00867932
108	0.00504711	0.0022788	0.00189809	0.00203537	0.0354322	0.00374987	0.00184303	0.443164	0.00153382	0.204994	0.0323579	0.0035553	0.00449367	0.00220937	0.00301622	0.00720505	0.0212792	0.218121	0.00138366	0.00440164
109	0.0364306	0.00898561	0.0928876	0.242496	0.0111709	0.0278726	0.0359735	0.0289452	0.13315	0.0291692	0.0114826	0.0804952	0.00403414	0.0769967	0.046281	0.0399393	0.0346838	0.0244659	0.00420751	0.0303328
110	0.0582172	0.00464951	0.00631268	0.132661	0.0216133	0.0347869	0.0176115	0.0305467	0.148336	0.131596	0.0189113	0.00552964	0.074166	0.0270381	0.0637417	0.0866296	0.100992	0.0312399	0.00201897	0.0034026
111	0.00671456	0.0342064	0.00256307	0.00917526	0.0787654	0.0113842	0.0195627	0.0501822	0.0508869	0.380423	0.0485387	0.00559547	0.00379863	0.0326501	0.113928	0.0422134	0.0162602	0.0397888	0.0270175	0.0263454
112	0.00680036	0.00529628	0.00116847	0.00297767	0.0673421	0.00282875	0.00239538	0.102854	0.00420081	0.648338	0.0427434	0.00228962	0.00717884	0.00356471	0.00378937	0.00576	0.0121704	0.0662664	0.00735673	0.00467806
113	0.0528316	0.000702562	0.00281573	0.00351788	0.0176167	0.00642023	0.00335765	0.172594	0.00323721	0.0513259	0.0221827	0.0072193	0.00231496	0.00103184	0.00165168	0.0109137	0.0141695	0.623196	0.000347896	0.00255302
114	0.00564988	0.0704938	0.00773734	0.0262652	0.0428856	0.0247439	0.0520845	0.0411397	0.10025	0.101894	0.0385449	0.0191756	0.003536	0.0539758	0.243864	0.049189	0.0233103	0.0233444	0.0279215	0.0439937
115	0.00922823	0.0112949	0.00213043	0.0285872	0.0311841	0.00457225	0.00678277	0.291669	0.0133128	0.131719	0.0634564	0.0140777	0.01876	0.00373405	0.0287368	0.0420478	0.0849717	0.204597	0.00106138	0.00807698
116	0.0527685	0.000685811	0.00282955	0.00329676	0.0175494	0.00641973	0.00333421	0.172322	0.00309525	0.0512181	0.0219969	0.00718757	0.00231265	0.00100811	0.00155954	0.0108998	0.0140571	0.624559	0.000348666	0.00255159
117	0.0918778	0.019788	0.06327	0.0366854	0.00864815	0.601619	0.0102711	0.0135767	0.0127824	0.00486651	0.00328353	0.0143472	0.00654899	0.0118388	0.0352986	0.0269146	0.00738155	0.0195541	0.00239081	0.00905643
118	0.00899305	0.00217613	0.00184744	0.00264439	0.0323442	0.00391643	0.00205801	0.421999	0.00184302	0.184397	0.031028	0.00409625	0.00474205	0.00211338	0.00317239	0.00771075	0.0209809	0.25864	0.00116352	0.0041335
119	0.0262628	0.0818798	0.0321118	0.0101802	0.0671096	0.0502429	0.0565661	0.0162789	0.0171323	0.122345	0.0242847	0.0474363	0.00329822	0.0150836	0.0477305	0.0782215	0.0110959	0.0429659	0.181518	0.0682552
120	0.0972197	0.0203744	0.0519237	0.0395269	0.00844311	0.586133	0.010338	0.0148909	0.0151812	0.00752533	0.00327505	0.0119288	0.00837036	0.0132915	0.0358172	0.0308713	0.0108139	0.0227049	0.00284739	0.00852363
121	0.00893534	0.0104279	0.00238816	0.027671	0.0318767	0.00480143	0.00641311	0.28477	0.0125399	0.139786	0.0677732	0.0129373	0.0192877	0.00367839	0.0286672	0.0420302	0.0829815	0.20373	0.00134182	0.00796306
122	0.23526	0.0300459	0.00843101	0.0203401	0.00637617	0.133304	0.0221984	0.00749	0.0239621	0.0377209	0.00921273	0.0243829	0.0537002	0.00672479	0.0276259	0.215263	0.0527511	0.050684	0.0298959	0.00463138
123	0.113787	0.0182441	0.050701	0.034487	0.00417704	0.623554	0.00774535	0.0140421	0.00976991	0.00450055	0.00241521	0.00699807	0.00731982	0.0100569	0.0316608	0.0241779	0.00726141	0.0229618	0.00206692	0.00407256
124	0.0109947	0.00750095	0.00254866	0.0237423	0.0271418	0.00416305	0.00637292	0.374473	0.0140857	0.114062	0.0680977	0.0178136	0.0153926	0.00394715	0.0237719	0.030387	0.0677975	0.180439	0.00132768	0.00594165
125	0.102091	0.0197058	0.0444304	0.0337468	0.00657504	0.545527	0.0117533	0.0135922	0.0186035	0.0125122	0.00459685	0.0134516	0.0257321	0.0137444	0.0381788	0.0470456	0.0142176	0.0220432	0.00596421	0.0064889
126	0.0311209	0.0226547	0.0324289	0.0858567	0.0162589	0.0340549	0.0203094	0.0575897	0.229068	0.0308763	0.021571	0.0470124	0.0156149	0.0446875	0.104594	0.0992676	0.0524364	0.0345592	0.00679268	0.0132466
127	0.0714964	0.0456209	0.0246256	0.0132023	0.00945017	0.0302334	0.0157426	0.0148741	0.0284929	0.0300577	0.00598725	0.0614916	0.00785752	0.0112913	0.0222194	0.495615	0.0910648	0.00836302	0.00298722	0.00932701
128	0.190084	0.0168015	0.0210701	0.0807427	0.0183942	0.0331901	0.0131767	0.0595601	0.050285	0.0378796	0.0124796	0.0178908	0.0178308	0.0172612	0.0505326	0.131831	0.106304	0.109677	0.00297077	0.0120394
129	0.00520651	0.00331612	0.00139777	0.0019928	0.0508426	0.00297744	0.0019972	0.266254	0.00245371	0.450023	0.0331286	0.00247047	0.00564294	0.00279859	0.00306657	0.00554777	0.0153522	0.13658	0.00448331	0.00446827
130	0.312267	0.0157042	0.0132414	0.034498	0.0238942	0.0239457	0.00631916	0.0643751	0.037975	0.0364602	0.0172044	0.00676435	0.038922	0.00881771	0.0256481	0.106401	0.0766277	0.141666	0.00162988	0.00763908
131	0.0185308	0.00193392	0.0528579	0.186845	0.00219968	0.0388657	0.00870091	0.0176938	0.272147	0.00569423	0.00390997	0.0576897	0.00619327	0.0895431	0.143618	0.042054	0.0396589	0.0102881	0.000692909	0.000882814
132	0.0549779	0.100769	0.0077634	0.0113273	0.108727	0.0250329	0.0273011	0.0376233	0.0138578	0.116064	0.0219032	0.0151595	0.0016342	0.0138338	0.0363669	0.240087	0.0223102	0.0300943	0.0198052	0.095362
133	0.002851	0.0211984	0.00760306	0.0021096	0.598868	0.00242074	0.0205601	0.0474778	0.00250706	0.15154	0.00977937	0.00474731	0.000840203	0.00175956	0.00229043	0.0104254	0.00530934	0.0193426	0.00589957	0.0824699
134	0.00744441	0.00566539	0.000717595	0.00181344	0.0719483	0.00342871	0.00204517	0.0813276	0.00368959	0.689008	0.0323349	0.00123375	0.00684944	0.0034351	0.00315365	0.00423468	0.00780753	0.0614923	0.00743431	0.00493655
135	0.0660263	0.0167876	0.0885768	0.141427	0.0151701	0.0663094	0.0383615	0.0372691	0.0483892	0.0305839	0.00332598	0.0564637	0.0258853	0.0449417	0.0496947	0.117329	0.0712695	0.0442964	0.00790722	0.029986
136	0.00245587	0.0238858	0.380501	0.0431712	0.00957133	0.0195028	0.0329995	0.0254135	0.0528905	0.0024379	0.00595956	0.259382	0.00561985	0.00745671	0.0293865	0.0653232	0.00907092	0.0103062	0.00441974	0.0102455
137	0.0632825	0.00696334	0.00435336	0.0633818	0.0278734	0.00547782	0.013328	0.2249	0.054959	0.0757833	0.0697186	0.0156559	0.00775064	0.00262614	0.0346346	0.0281385	0.0646837	0.233211	0.000661267	0.00261749
138	0.0343453	0.0308185	0.0344251	0.0710182	0.016364	0.102096	0.0402362	0.0110328	0.151798	0.0141551	0.00565951	0.0725756	0.0172877	0.069031	0.170002	0.111378	0.0207171	0.00873215	0.00850261	0.00982478
139	0.00305087	0.0551635	0.00257772	0.0179238	0.0649213	0.0181839	0.0295525	0.0385511	0.10404	0.0954915	0.0603377	0.0107949	0.00134768	0.0625944	0.249901	0.0495401	0.0295063	0.0347342	0.041718	0.0300693
140	0.00570433	0.0052771	0.000711917	0.00216099	0.0686171	0.00251181	0.00225611	0.0924539	0.00388854	0.681752	0.0319917	0.00141713	0.00690771	0.00367166	0.00337135	0.0048359	0.00881692	0.0612045	0.00725006	0.00519887
141	0.0383655	0.0651289	0.00619006	0.0211302	0.00874291	0.127782	0.05584	0.00429627	0.0866949	0.02071	0.00284617	0.0235344	0.0169451	0.0722064	0.239524	0.171789	0.00976033	0.00389019	0.0158292	0.0087947
142	0.0171675	0.0476308	0.0968979	0.0621147	0.0275238	0.0745602	0.113248	0.0141358	0.0742837	0.0219559	0.00375506	0.105093	0.00752321	0.0628122	0.0962168	0.0793786	0.0161249	0.0118609	0.0132747	0.0544424
143	0.00854712	0.0062194	0.00733548	0.0510309	0.00308366	0.0124514	0.00681314	0.036365	0.443262	0.00852591	0.0536278	0.00561503	0.00888503	0.0374065	0.237554	0.0110679	0.0304683	0.025204	0.00472126	0.00181671
144	0.00638837	0.00660698	0.00718108	0.0482193	0.0024065	0.0136683	0.00662343	0.0253589	0.440774	0.00686834	0.0504303	0.00444011	0.00470734	0.0400086	0.273999	0.0108356	0.0254291	0.0188248	0.00548877	0.00174178
145	0.0548761	0.00085426	0.00310991	0.00472815	0.0171471	0.00684983	0.00362342	0.175041	0.00440552	0.0520906	0.022927	0.00749644	0.00245107	0.00102493	0.00232696	0.0114545	0.015538	0.611181	0.000359077	0.00251453
146	0.00553543	0.0054834	0.000497195	0.00180551	0.0711956	0.00219324	0.00212464	0.0618682	0.00381235	0.730027	0.031132	0.000899654	0.0071353	0.00344253	0.00287576	0.00394453	0.00597755	0.0472487	0.00763732	0.00516426
147	0.00575998	0.00236304	0.00198473	0.00191066	0.0366842	0.00405085	0.00183662	0.436065	0.00152421	0.211949	0.0332299	0.0035991	0.00434241	0.0023003	0.00299141	0.00698534	0.0215188	0.215014	0.0016238	0.00426633
148	0.0391333	0.000806378	0.00228516	0.00284193	0.0211923	0.00564113	0.002707	0.236902	0.0025178	0.0765291	0.0230473	0.00554316	0.00332893	0.00109225	0.00188332	0.00959155	0.0150468	0.546934	0.00047649	0.00249969
149	0.00553543	0.0054834	0.000497195	0.00180551	0.0711956	0.00219324	0.00212464	0.0618682	0.00381235	0.730027	0.031132	0.000899654	0.0071353	0.00344253	0.00287576	0.00394453	0.00597755	0.0472487	0.00763732	0.00516426
150	0.0159153	0.0151179	0.340652	0.109359	0.00896978	0.0236869	0.0690554	0.0176242	0.0521573	0.0132299	0.00465909	0.131088	0.0103793	0.0457493	0.0378996	0.0469294	0.0212083	0.0143813	0.00430652	0.0176318
151	0.0286726	0.0741631	0.0392273	0.0120509	0.0515485	0.0608892	0.0533839	0.0123857	0.0141269	0.125078	0.0249202	0.0532658	0.00318331	0.0130138	0.0432096	0.0756024	0.0111532	0.0426823	0.199869	0.0615745
152	0.002851	0.0211984	0.00760306	0.0021096	0.598868	0.00242074	0.0205601	0.0474778	0.00250706	0.15154	0.00977937	0.00474731	0.000840203	0.00175956	0.00229043	0.0104254	0.00530934	0.0193426	0.00589957	0.0824699
153	0.0590573	0.0508838	0.04076	0.0491444	0.0187845	0.238386	0.0606807	0.0115711	0.0531452	0.0177577	0.00506383	0.0336684	0.0137718	0.0363927	0.123041	0.123408	0.0186856	0.0128425	0.0119149	0.0210402
154	0.0871103	0.0178446	0.0228948	0.0179508	0.0159013	0.00594037	0.0329129	0.0096601	0.0416751	0.0734387	0.00417688	0.0156181	0.282988	0.0587006	0.0552223	0.184059	0.0275661	0.0296821	0.00081769	0.0158407
155	0.0777776	0.0177004	0.0704919	0.0797006	0.00819441	0.524899	0.0133419	0.0128999	0.0297003	0.0052107	0.00308152	0.0195633	0.00593128	0.0233731	0.0430065	0.0271747	0.010149	0.0166956	0.00241653	0.00869154
156	0.046427	0.0443226	0.0443669	0.0454887	0.0129305	0.0435173	0.0614902	0.0218971	0.0855201	0.0271027	0.00809439	0.0696292	0.0280971	0.0339074	0.0705376	0.259803	0.0508724	0.0173186	0.00865457	0.0200227
157	0.006145	0.0148126	0.00616806	0.0431735	0.0131705	0.0140585	0.0108463	0.032062	0.35808	0.0265187	0.0527877	0.00544247	0.00416144	0.04467	0.283159	0.0159336	0.0261511	0.0247186	0.0111781	0.00676288
158	0.0378784	0.000954499	0.00243576	0.00271827	0.0216539	0.00540339	0.00261185	0.250239	0.00253474	0.0843496	0.0235169	0.00548012	0.00324926	0.00120211	0.00182418	0.00940551	0.0156356	0.525666	0.000526077	0.00271494
159	0.00504365	0.00219678	0.00182276	0.00189624	0.0346291	0.00373527	0.00182014	0.447423	0.00153515	0.20313	0.0313849	0.0035793	0.00443043	0.00222769	0.00290518	0.00691134	0.0205711	0.219071	0.00127664	0.00441074
160	0.00510299	0.0021901	0.00183033	0.00189258	0.0345896	0.00374281	0.00182279	0.446944	0.00154582	0.202799	0.0313197	0.00357887	0.00444121	0.00222653	0.00290657	0.0069139	0.0205517	0.21992	0.00127379	0.00440783
161	0.0222511	0.00828267	0.00588529	0.0281021	0.0288852	0.00835727	0.00832617	0.323584	0.0211059	0.128301	0.0561695	0.0139759	0.0123575	0.00614623	0.0244931	0.0362916	0.0744282	0.182578	0.00258444	0.00789497
162	0.147207	0.0493042	0.0202653	0.00888092	0.00673151	0.0262502	0.0138307	0.00492726	0.00712194	0.0149184	0.00225997	0.0267828	0.00546872	0.00402471	0.00671091	0.559378	0.0767572	0.0141681	0.00196676	0.00304572
163	0.0177312	0.00389961	0.0337112	0.141415	0.00352808	0.0295808	0.00851862	0.0215728	0.305039	0.00979895	0.0191477	0.0390831	0.00719681	0.0775508	0.186735	0.0336215	0.0420267	0.0150663	0.00249902	0.00227799
164	0.00361321	0.0222223	0.368289	0.0445412	0.00905004	0.0229343	0.0324307	0.0233718	0.0540423	0.00282197	0.00567946	0.255141	0.00549427	0.00874177	0.0296253	0.0722837	0.0134776	0.0103192	0.00402398	0.0118976
165	0.00585634	0.0055517	0.00628195	0.050102	0.00146137	0.0121416	0.00599989	0.0259705	0.452999	0.00555801	0.0503174	0.00344936	0.00478751	0.0398762	0.271334	0.00838867	0.0242646	0.0194638	0.00488637	0.00130972
166	0.0116311	0.0995154	0.0435065	0.0300175	0.0231143	0.0209231	0.230691	0.00784034	0.0625453	0.0403793	0.00137519	0.0291652	0.00908104	0.0824437	0.165136	0.0349728	0.0027437	0.00820363	0.0150637	0.0816513
167	0.0368146	0.00275338	0.00207176	0.00602288	0.0357815	0.00490843	0.00306132	0.144033	0.00467955	0.28995	0.0290554	0.00692437	0.00409508	0.00193589	0.00358169	0.00951304	0.0137443	0.395002	0.00277203	0.0032996
168	0.00553543	0.0054834	0.000497195	0.00180551	0.0711956	0.00219324	0.00212464	0.0618682	0.00381235	0.730027	0.031132	0.000899654	0.0071353	0.00344253	0.00287576	0.00394453	0.00597755	0.0472487	0.00763732	0.00516426
169	0.013086	0.0121064	0.00255711	0.033731	0.0295652	0.00465954	0.00807039	0.270464	0.0187022	0.119494	0.0653597	0.0166227	0.0199355	0.00381754	0.0326068	0.0454959	0.09333	0.200508	0.00102759	0.00886137
170	0.00878518	0.118625	0.00849664	0.00682324	0.365455	0.0113165	0.0585727	0.0308781	0.00892866	0.0856538	0.00797156	0.00915096	0.00280954	0.00836895	0.0157388	0.0472607	0.00925855	0.0201041	0.00727537	0.168527
171	0.0186136	0.00199018	0.0472694	0.352214	0.00124157	0.0214272	0.0141953	0.00961442	0.201761	0.0123725	0.00564698	0.0317432	0.0303429	0.111027	0.0555104	0.0338135	0.0269115	0.0190241	0.00243839	0.00284286
172	0.0538744	0.000768314	0.00294876	0.00399999	0.0173057	0.00664303	0.00355818	0.173877	0.00376349	0.0519484	0.022634	0.00733627	0.00237637	0.001014	0.00196758	0.0113043	0.0147071	0.617106	0.000344954	0.00252151
173	0.0196154	0.00201196	0.0503957	0.299464	0.00110722	0.0309786	0.0119029	0.0147195	0.22579	0.0141363	0.00759963	0.0384838	0.0197365	0.102567	0.0730311	0.0317418	0.0325249	0.0194833	0.00185902	0.002852
174	0.0784575	0.00436183	0.00642054	0.141375	0.0221551	0.0605531	0.0153355	0.0308783	0.144752	0.111512	0.0132307	0.00559283	0.0724614	0.0199029	0.0650459	0.0603219	0.104678	0.037124	0.0021079	0.00373361
175	0.00553543	0.0054834	0.000497195	0.00180551	0.0711956	0.00219324	0.00212464	0.0618682	0.00381235	0.730027	0.031132	0.000899654	0.0071353	0.00344253	0.00287576	0.00394453	0.00597755	0.0472487	0.00763732	0.00516426
176	0.0195935	0.0110367	0.0776328	0.0222576	0.00856824	0.0671506	0.0156137	0.00718668	0.0690793	0.0045358	0.00325154	0.308888	0.00775377	0.00472174	0.0397491	0.213037	0.0949379	0.00982535	0.00107133	0.0141096
177	0.0091454	0.00190299	0.271035	0.342666	0.0036499	0.0259781	0.0389712	0.00719923	0.0544876	0.00701226	0.00320355	0.0684191	0.00130236	0.0926127	0.0260568	0.00937801	0.0148362	0.0103658	0.00112661	0.0106505
178	0.135026	0.0530913	0.0239424	0.00779128	0.00575867	0.0227293	0.0145664	0.00376569	0.00642571	0.0135263	0.00206672	0.0283464	0.00304787	0.00371415	0.00598203	0.586764	0.0727899	0.00643732	0.00147794	0.00275001
179	0.0171203	0.0582487	0.0068752	0.0127284	0.100934	0.0226028	0.0298577	0.0502715	0.0635477	0.123981	0.0549293	0.0104524	0.00161694	0.0414162	0.15767	0.100189	0.0221492	0.0433132	0.03537	0.0467255
180	0.0145467	0.00382174	0.00563548	0.113657	0.00277479	0.0147803	0.0316793	0.00666337	0.12044	0.0143448	0.0273163	0.0198281	0.00253031	0.448792	0.119653	0.0184638	0.00568918	0.00581826	0.0111446	0.0124211
181	0.00563776	0.00534451	0.000819781	0.00228659	0.0754995	0.00240972	0.00274558	0.109662	0.00387886	0.651515	0.0309728	0.00149429	0.00662316	0.00328454	0.00321245	0.00542358	0.00842341	0.0669417	0.00679677	0.00702722
182	0.00305808	0.020223	0.00716961	0.00211925	0.560173	0.0024499	0.0192348	0.061562	0.00248123	0.17431	0.0110706	0.00457047	0.00124834	0.00184509	0.00228489	0.0100324	0.00583991	0.027625	0.00574559	0.0769568
183	0.0106086	0.31402	0.00873494	0.0132892	0.00767204	0.032541	0.0313855	0.0327182	0.117429	0.0148531	0.00687667	0.0869454	0.00465873	0.013104	0.03624	0.207072	0.0412048	0.0101782	0.00344862	0.0070199
184	0.00259029	0.0527449	0.0022901	0.0180968	0.0593157	0.016583	0.0282658	0.0367695	0.106735	0.114828	0.0578532	0.0097211	0.00144084	0.0693097	0.245551	0.0476884	0.0291998	0.030717	0.0426089	0.0276911
185	0.0064641	0.00542747	0.0227165	0.0491285	0.00518939	0.019332	0.213605	0.0281235	0.107605	0.00760164	0.00392048	0.232498	0.00302642	0.0221227	0.0530301	0.0825534	0.0319222	0.00720158	0.0111078	0.0874233
186	0.396642	0.0171011	0.0122153	0.0185106	0.0230739	0.0311804	0.0028182	0.0260056	0.014136	0.0253324	0.00494935	0.00281009	0.0266261	0.0113493	0.01645	0.14199	0.0679683	0.153041	0.00101675	0.00678358
187	0.00330238	0.0206827	0.00717965	0.00210647	0.564127	0.00260004	0.019266	0.0484892	0.00280846	0.185864	0.0115418	0.00451609	0.00122896	0.00197837	0.00286997	0.0112185	0.005409	0.0213535	0.0061647	0.0772934
188	0.0553143	0.00110999	0.00305943	0.00743028	0.0197118	0.00645115	0.00437153	0.173353	0.00638035	0.0517694	0.0283181	0.00853806	0.00234904	0.00124318	0.00368285	0.0118672	0.0173941	0.594175	0.000413246	0.00306817
189	0.0218413	0.00179191	0.00176605	0.00310478	0.0275912	0.0055028	0.00211878	0.329942	0.00216561	0.136418	0.0272698	0.00440716	0.00588677	0.00175849	0.0034213	0.00949639	0.0211282	0.390487	0.000710997	0.00319161
190	0.0249493	0.0239803	0.123087	0.101574	0.0211036	0.0519431	0.0693661	0.0219758	0.0935218	0.0191642	0.00387465	0.12742	0.0105585	0.0496545	0.0658181	0.100587	0.0282687	0.0182558	0.0101121	0.0347847
191	0.0118566	0.145184	0.0358631	0.027189	0.042347	0.0211334	0.196474	0.00898442	0.05409	0.0491583	0.00271066	0.0335184	0.00996946	0.0757686	0.132583	0.0397177	0.00623143	0.00988785	0.0132169	0.0841163
192	0.349041	0.0301907	0.0119459	0.0235974	0.0206578	0.0292851	0.00437948	0.0316947	0.0144802	0.0307179	0.00551394	0.00428774	0.0233699	0.0108966	0.0172788	0.150144	0.074125	0.160561	0.00123949	0.0065938
193	0.0209654	0.0290254	0.10544	0.013819	0.00448136	0.153585	0.0154351	0.00683299	0.215425	0.00479081	0.00590953	0.084908	0.00263008	0.0880073	0.122819	0.0789852	0.036857	0.00566023	0.00156977	0.00285368
