381	20
1	0.126248	0.000647511	0.0594101	0.0819271	0.00259558	0.0760989	0.0265649	0.0034384	0.109805	0.0386433	0.0229893	0.0760789	0.0262081	0.0562654	0.0354737	0.120738	0.0981502	0.0314172	0.00275734	0.00454352
2	0.0471871	0.000742294	0.387102	0.286312	0.00108505	0.0432006	0.0135531	0.0102034	0.0214543	0.0109057	0.000762031	0.0461857	0.0132822	0.038836	0.0104874	0.0237807	0.0290997	0.0149169	0.000290582	0.000612667
3	0.0156131	0.00919108	0.00105243	0.00168686	0.193469	0.00229691	0.00245892	0.176098	0.00248529	0.390679	0.0371639	0.00114115	0.0032027	0.00119854	0.00130636	0.00704742	0.0120902	0.131718	0.000794223	0.00930627
4	0.00775807	0.0367974	0.0102435	0.0014748	0.198087	0.00745059	0.00969625	0.00443325	0.00460759	0.019772	0.00173439	0.0315467	0.00336533	0.00461019	0.0102509	0.0216344	0.00724436	0.00522217	0.0152755	0.598795
5	0.112445	0.00091888	0.0622873	0.0762339	0.00293243	0.0716537	0.0261609	0.00375191	0.102394	0.0363256	0.0272611	0.0838541	0.0263006	0.0560178	0.0318506	0.119849	0.112994	0.040048	0.00240224	0.00431877
6	0.0455126	0.00283652	0.00325949	0.00359801	0.0237703	0.00672688	0.00151182	0.32575	0.00523648	0.0973793	0.0377233	0.0038042	0.00319528	0.00134265	0.00613466	0.012463	0.0320316	0.384338	0.000423009	0.00296278
7	0.0528126	0.000851573	0.000801724	0.00176324	0.0140751	0.00138056	0.00880072	0.15774	0.0149614	0.181328	0.30108	0.00636077	0.0031844	0.00361558	0.0196894	0.0120273	0.0528425	0.163199	0.00277589	0.000710703
8	0.204863	0.0664761	0.00192589	0.00525494	0.00310926	0.032345	0.0120608	0.0120472	0.0109338	0.0150703	0.00854481	0.0257499	0.0157904	0.00893375	0.00796549	0.320216	0.174022	0.0722673	0.00084615	0.00157784
9	0.33031	0.0169213	0.0123213	0.0149485	0.0093611	0.0759832	0.010749	0.0116131	0.016467	0.0219981	0.0101504	0.0236696	0.0161893	0.0113483	0.0065995	0.299831	0.0727382	0.0348341	0.00096352	0.00300347
10	0.0534207	0.000765917	0.000770017	0.00188348	0.0134551	0.00124014	0.00884246	0.159614	0.014911	0.180449	0.299975	0.00635322	0.00309644	0.00363438	0.0198534	0.0119752	0.0524999	0.163865	0.00277484	0.000620638
11	0.0333946	0.00208763	0.00299029	0.00332376	0.0175992	0.00472179	0.000471546	0.354012	0.00352764	0.0593077	0.0252414	0.00345516	0.00218187	0.000371717	0.00413646	0.00711719	0.0245298	0.45018	0.000126348	0.0012237
12	0.108148	0.00541383	0.0146593	0.0127956	0.00979266	0.0222175	0.0128192	0.0112916	0.0246275	0.0312135	0.0134129	0.0179262	0.530184	0.0274018	0.0155066	0.0507736	0.0516911	0.0202468	0.0146373	0.00524105
13	0.0239944	0.00576286	0.00211059	0.00402215	0.0543832	0.0063991	0.00376183	0.0789944	0.00539775	0.61634	0.0642198	0.00313592	0.00405989	0.00548327	0.00506295	0.0143094	0.0164061	0.0751603	0.00634496	0.004651
14	0.011336	0.028212	0.01565	0.00513715	0.184007	0.0127058	0.0156504	0.02092	0.0115989	0.0334523	0.00741275	0.0261318	0.00736075	0.00688387	0.0133587	0.0226763	0.0119352	0.0163273	0.0166621	0.532582
15	0.179421	0.0148819	0.00347704	0.00395246	0.17533	0.0848307	0.00346307	0.070753	0.00698166	0.132978	0.0145963	0.00476791	0.00896792	0.00421735	0.00405273	0.0573526	0.0480558	0.169387	0.00303705	0.00949607
16	0.249969	0.0056031	0.0083124	0.00851751	0.00654427	0.0215472	0.00712885	0.00609576	0.0218875	0.0324859	0.0117414	0.00779847	0.384539	0.018114	0.0101992	0.060283	0.0952753	0.0364751	0.00435748	0.00312489
17	0.0385416	0.00255509	0.00185949	0.00321522	0.029098	0.00477624	0.00656305	0.130331	0.0103073	0.379863	0.188459	0.00454693	0.0049134	0.00401121	0.0118401	0.0141328	0.0344014	0.125024	0.0024641	0.00309648
18	0.0334581	0.00138679	0.00258067	0.00229917	0.116654	0.00361185	0.00814856	0.361459	0.00850735	0.123816	0.0997652	0.00245097	0.00234081	0.00207764	0.00163137	0.0114617	0.0335742	0.139772	0.000595753	0.0444091
19	0.0445813	0.00960975	0.000640562	0.00363653	0.0420318	0.00333842	0.00436283	0.177014	0.00284907	0.389705	0.073705	0.00139508	0.00134937	0.00115649	0.00595522	0.00719271	0.012113	0.217958	0.000616758	0.00078916
20	0.437856	0.00549631	0.020864	0.0125297	0.0145629	0.241612	0.00616812	0.0118086	0.00877653	0.0278873	0.00992684	0.00888926	0.00848254	0.0118457	0.00636588	0.0915113	0.0343855	0.0330376	0.00136905	0.00662476
21	0.0224458	0.0207444	0.0349347	0.0125551	0.0833297	0.0213199	0.120007	0.0245559	0.0273431	0.0239667	0.00792598	0.056074	0.0130332	0.0187394	0.0702714	0.055462	0.0293004	0.0201139	0.0189069	0.318971
22	0.513753	0.00125962	0.0220544	0.00829321	0.00982482	0.314911	0.00262662	0.00208235	0.00200431	0.0161656	0.00843097	0.001924	0.00196423	0.00908576	0.00273238	0.051591	0.0105717	0.0111575	0.000555539	0.00901173
23	0.0759494	0.0159101	0.0239633	0.0225771	0.0118005	0.0403858	0.0326463	0.0111903	0.0914461	0.029078	0.0181413	0.0415821	0.0227521	0.0320424	0.151651	0.237879	0.0919256	0.0352386	0.00450141	0.00933938
24	0.0725696	0.00715085	0.12598	0.0771677	0.0144746	0.0421746	0.014722	0.0874681	0.0341416	0.0463794	0.0251042	0.0367591	0.0172225	0.0249647	0.0208413	0.0646358	0.0698314	0.206065	0.00375515	0.00859276
25	0.0137887	0.007504	0.0109292	0.0193414	0.00287886	0.00415981	0.0504877	0.00123725	0.231225	0.0267971	0.00848706	0.0329946	0.00453494	0.0419375	0.48486	0.0257715	0.0165388	0.0150099	0.000665399	0.000851489
26	0.0420795	0.0299707	0.0100079	0.00837821	0.0239679	0.0190929	0.0134341	0.0068215	0.0144405	0.0344525	0.00810281	0.0120786	0.197467	0.0125907	0.0177992	0.0512713	0.0279022	0.0177004	0.434092	0.0183504
27	0.0150328	0.0542275	0.00188639	0.00194952	0.0287358	0.0126721	0.00187629	0.00230263	0.00217246	0.034793	0.00183284	0.00208808	0.00833212	0.00204376	0.00354985	0.0284307	0.00502712	0.00874389	0.765759	0.018544
28	0.0166595	0.0311299	0.0168814	0.0118572	0.011935	0.186385	0.0305462	0.00613305	0.255997	0.01262	0.0057743	0.0597736	0.00706058	0.0388449	0.245541	0.0231173	0.0156642	0.0102939	0.00393268	0.00985363
29	0.035895	0.00236373	0.00348309	0.00378766	0.0192224	0.0039654	0.00119646	0.346717	0.00371767	0.0933045	0.0525675	0.00398381	0.00188516	0.000691457	0.00680916	0.00769421	0.0272071	0.38406	0.000397108	0.00105163
30	0.0146141	0.0256408	0.00141525	0.00227268	0.440053	0.00364732	0.00242885	0.0934776	0.00343464	0.248548	0.0167259	0.00228849	0.0101489	0.00335169	0.00203833	0.0150505	0.0142879	0.0736608	0.00207866	0.0248361
31	0.0301884	0.00228871	0.0147549	0.00190968	0.00415906	0.00439032	0.00232318	0.0032806	0.00516231	0.0053674	0.0027113	0.00367959	0.0026485	0.00262328	0.0081307	0.153457	0.745317	0.00485851	0.000949952	0.00179948
32	0.140461	0.00269964	0.0104171	0.010562	0.00604427	0.0190877	0.00998604	0.005486	0.0208605	0.0276248	0.0125751	0.00754807	0.572891	0.0344133	0.0105834	0.0325018	0.0505308	0.0175203	0.00547014	0.0027368
33	0.0502854	0.000618298	0.359309	0.28856	0.000780311	0.0468801	0.0136188	0.0110025	0.023336	0.0113094	0.000671082	0.0509451	0.0145934	0.0423785	0.0111989	0.0259519	0.0317167	0.0161195	0.000271271	0.000453634
34	0.0836421	0.0138154	0.026514	0.0466941	0.0257455	0.0407456	0.0254759	0.0203566	0.0411327	0.092616	0.0205379	0.0347127	0.199109	0.121085	0.0324999	0.0727925	0.0563119	0.0279127	0.00777091	0.0105291
35	0.0732955	0.0914523	0.0133923	0.0195721	0.105267	0.0363986	0.0233533	0.037039	0.0228002	0.0738769	0.0124547	0.0307001	0.0179713	0.0224373	0.0241128	0.165688	0.0537743	0.0578522	0.0458106	0.0727516
36	0.329831	0.00388154	0.0149651	0.0139302	0.00333103	0.132181	0.00345083	0.00660398	0.00401277	0.00497776	0.00309307	0.0282684	0.0114607	0.00276054	0.00200925	0.364358	0.0556512	0.0125559	0.000582237	0.00209536
37	0.185409	0.0103924	0.0214526	0.0201358	0.0277477	0.127254	0.00948357	0.0671403	0.024211	0.0680405	0.0198367	0.0259438	0.0181699	0.0182325	0.0141709	0.0876174	0.0669459	0.17799	0.00357732	0.00624892
38	0.0401639	0.00285255	0.00370887	0.00375941	0.0311905	0.00518785	0.00174592	0.322812	0.00483073	0.116707	0.0432881	0.00380544	0.00231985	0.00129659	0.00620849	0.010962	0.0281143	0.367051	0.000584341	0.00341047
39	0.090286	0.00430516	0.0849451	0.0892842	0.00462767	0.106589	0.0215852	0.00669519	0.056585	0.0236045	0.0136844	0.158588	0.0215931	0.0402992	0.024734	0.153883	0.0672034	0.023958	0.00206031	0.00548912
40	0.0286501	0.0101443	0.0310113	0.0243468	0.00623713	0.0294063	0.0598132	0.0084051	0.167429	0.022415	0.00996586	0.0811189	0.0118268	0.0452236	0.339726	0.0513504	0.034018	0.0219345	0.00515772	0.0118194
41	0.0137463	0.020155	0.00116002	0.00174801	0.332852	0.00444053	0.00211387	0.0858702	0.00293622	0.375681	0.0227402	0.00174558	0.00579977	0.00161461	0.00178184	0.0137799	0.00961707	0.088107	0.00236815	0.0117427
42	0.0517103	0.00672165	0.0025659	0.00384525	0.0554813	0.00918582	0.00514027	0.20896	0.00594797	0.247404	0.0649581	0.00381152	0.00447782	0.00228403	0.00857064	0.0166123	0.0270621	0.269572	0.00129593	0.00439331
43	0.309954	0.0148215	0.00703285	0.0104472	0.00392456	0.0474577	0.00875564	0.00654812	0.0118043	0.0109047	0.00746191	0.0293033	0.0369801	0.00537882	0.00549091	0.375059	0.0792248	0.0268425	0.000913111	0.00169533
44	0.035422	0.00281784	0.00333185	0.00367247	0.0194447	0.00461982	0.000879982	0.348401	0.00302283	0.0986886	0.0365434	0.00351334	0.00187873	0.000706266	0.00594246	0.0077166	0.0270389	0.395027	0.000214627	0.00111743
45	0.0161494	0.01955	0.00386046	0.00321774	0.44717	0.0172551	0.00510648	0.0740806	0.0272549	0.101338	0.00905589	0.0171369	0.0480477	0.0166435	0.00586651	0.0190626	0.0118452	0.0575069	0.00299554	0.0968568
46	0.285084	0.010727	0.0150899	0.0175265	0.0103754	0.0875375	0.0149164	0.0177036	0.0230574	0.0451928	0.0452339	0.0212129	0.021611	0.0190763	0.0140678	0.202076	0.0879821	0.0560907	0.00165017	0.00378797
47	0.0370604	0.0021479	0.00344827	0.00372169	0.0190123	0.00518873	0.000701333	0.347045	0.0034609	0.0736045	0.0337343	0.00380862	0.00230017	0.000631938	0.00456013	0.00856302	0.0284788	0.420869	0.00018013	0.00148214
48	0.0735858	0.00859361	0.0254389	0.0209466	0.0100884	0.0461056	0.0654024	0.0149191	0.037072	0.0266979	0.0133922	0.0432107	0.36474	0.040875	0.0349395	0.074373	0.0544677	0.0200304	0.0121055	0.013016
49	0.0283776	0.00876672	0.00227154	0.00225935	0.142677	0.00428314	0.00372423	0.191113	0.00413169	0.326265	0.0470988	0.00255832	0.00430022	0.00160921	0.00364344	0.0117143	0.024258	0.179978	0.00113546	0.00983529
50	0.0113258	0.00555985	0.00125775	0.00190055	0.105739	0.00582902	0.00194194	0.0649388	0.00254406	0.645335	0.0502786	0.00205402	0.00435593	0.0034007	0.00228966	0.00741265	0.0114892	0.056837	0.00132084	0.0141894
51	0.125732	0.00956316	0.0162417	0.0173395	0.00362959	0.0826172	0.00982772	0.00630807	0.0157802	0.0156853	0.0107004	0.084295	0.0629494	0.0158661	0.012962	0.360987	0.0987719	0.0431724	0.00179491	0.00577674
52	0.0232908	0.0253073	0.00165291	0.00229688	0.421141	0.00752468	0.00243283	0.0873361	0.00379542	0.245208	0.0175306	0.00263487	0.00654033	0.00296645	0.00336691	0.0185284	0.0124113	0.0938193	0.00246172	0.0197547
53	0.055163	0.00102707	0.303909	0.244251	0.00267847	0.0539546	0.0250524	0.00975344	0.0438701	0.0132886	0.00308446	0.0615742	0.0166667	0.0525506	0.0213132	0.0357579	0.0365462	0.0163358	0.000611842	0.00261122
54	0.0113515	0.0358827	0.00134878	0.00149156	0.542339	0.00329392	0.00139468	0.0818694	0.00216378	0.167873	0.00727571	0.00164631	0.00536536	0.00148092	0.00160746	0.0134683	0.00550682	0.0986312	0.00127155	0.0147384
55	0.034515	0.00479023	0.00238675	0.00343776	0.0288435	0.00341774	0.00165813	0.32243	0.00250468	0.181786	0.0371055	0.00251291	0.00175431	0.000517402	0.00420072	0.00676113	0.0195896	0.339423	0.000191941	0.00217389
56	0.36826	0.0293472	0.00436673	0.00619058	0.00687352	0.0210732	0.00840081	0.00428966	0.0125219	0.00492869	0.00352738	0.0082706	0.00829703	0.00293905	0.00323713	0.461085	0.0348738	0.00921435	0.000889303	0.00141333
57	0.135646	0.00646426	0.00535324	0.0110525	0.0214307	0.0675771	0.0521955	0.00367757	0.0281014	0.0591856	0.0608389	0.014512	0.00551586	0.0515714	0.0329054	0.286671	0.135156	0.0182641	0.000911413	0.00296986
58	0.0449183	0.0641882	0.0325744	0.00686497	0.0097523	0.0280421	0.093013	0.0402036	0.0228813	0.0137898	0.00697926	0.209573	0.0249889	0.049462	0.027008	0.197317	0.0879568	0.0194823	0.00361472	0.0173893
59	0.0112654	0.00252231	0.354519	0.00318387	0.00383321	0.0090847	0.00607583	0.00393822	0.00718544	0.0055101	0.00260398	0.509974	0.00304383	0.0228777	0.00463949	0.0347823	0.00651014	0.00511543	0.00100767	0.00232779
60	0.0413918	0.00879656	0.00686105	0.00863779	0.0390103	0.0103163	0.00880489	0.250261	0.0110351	0.140705	0.0451235	0.00928434	0.155256	0.0132679	0.0109664	0.0251618	0.0324931	0.17065	0.00332128	0.00865727
61	0.00342868	0.0312332	0.00917776	0.00131696	0.207471	0.00447067	0.00593131	0.00220836	0.00207062	0.0204069	0.00148074	0.0241676	0.00175345	0.00190849	0.0067713	0.00992985	0.00382161	0.00297546	0.0153976	0.644079
62	0.138177	0.00057457	0.0594645	0.080972	0.00262439	0.0698005	0.0237973	0.00393546	0.106686	0.0389564	0.0217294	0.0736429	0.0247965	0.0556733	0.0331589	0.123623	0.104275	0.0314029	0.00244017	0.00427099
63	0.0472726	0.00207082	0.00222294	0.0033843	0.0280878	0.00359833	0.00770336	0.222881	0.0118342	0.173226	0.208308	0.00614606	0.00462063	0.00418792	0.0135409	0.0123092	0.0420303	0.199066	0.00188153	0.00562907
64	0.0135098	0.0025444	0.358482	0.0165499	0.00348261	0.0124955	0.00701894	0.00413423	0.00861219	0.00586596	0.00228099	0.474231	0.00401401	0.0266397	0.00534027	0.0374572	0.00816311	0.00599951	0.00101533	0.00216273
65	0.0355407	0.00658354	0.00242023	0.00261525	0.157535	0.00421399	0.00383422	0.0825173	0.00429022	0.493268	0.0408678	0.00309864	0.0237143	0.00334132	0.00314938	0.0282223	0.0447709	0.0229548	0.00365703	0.0334056
66	0.0137521	0.00748918	0.0109438	0.0192803	0.00289685	0.00417465	0.0504534	0.00123721	0.231372	0.0267842	0.00850493	0.033009	0.0045242	0.0418971	0.484897	0.0257597	0.016527	0.0149808	0.000665399	0.000851522
67	0.0216574	0.0296284	0.00574178	0.00480929	0.471429	0.0115086	0.00449726	0.0701953	0.00712776	0.135838	0.0110041	0.00697291	0.00983333	0.00581742	0.00443159	0.0265733	0.0134809	0.0805466	0.00530802	0.0735994
68	0.0386908	0.0105966	0.000554613	0.00372663	0.0439884	0.00342171	0.00336883	0.216014	0.000877088	0.399265	0.0409749	0.00062318	0.000818223	0.000663396	0.00333035	0.00624358	0.00497399	0.221154	0.000238747	0.000476408
69	0.224283	0.00942444	0.00165222	0.00254207	0.0227546	0.0440825	0.00237982	0.115236	0.00372978	0.176493	0.042185	0.00158727	0.00523858	0.00181864	0.00452825	0.0479784	0.0635646	0.227973	0.000498491	0.00205172
70	0.338617	0.0110758	0.0183038	0.0145563	0.0149614	0.114139	0.00963502	0.0341906	0.0153513	0.0478868	0.0205035	0.0152832	0.0306836	0.0143511	0.0110239	0.144507	0.0701909	0.0682959	0.00191893	0.00452542
71	0.0560893	0.00617114	0.293757	0.159858	0.0138101	0.0487062	0.0221949	0.0167146	0.0361907	0.0187482	0.00740366	0.101382	0.0215527	0.0387921	0.0255194	0.0493571	0.0440379	0.025867	0.00365508	0.0101933
72	0.168562	0.0588899	0.00261068	0.00482599	0.00477563	0.0416327	0.010593	0.0199054	0.00949398	0.013798	0.00785905	0.0245505	0.0147659	0.00719634	0.00825078	0.323245	0.202502	0.073201	0.000851824	0.00248946
73	0.0268522	0.00804132	0.000935767	0.00274238	0.0772529	0.00293154	0.00258991	0.175342	0.00149494	0.443417	0.0301802	0.000952281	0.00100197	0.000762632	0.00270902	0.00592845	0.0063851	0.208777	0.000412037	0.00129207
74	0.0743151	0.0303576	0.0174538	0.0189582	0.0140084	0.05239	0.0776548	0.0100328	0.0225868	0.0302282	0.0189368	0.0518981	0.0199884	0.111067	0.0227223	0.331525	0.0614057	0.0176518	0.00347011	0.0133499
75	0.0566984	0.00953067	0.0299213	0.0310891	0.0129721	0.0399567	0.0359624	0.0199707	0.199854	0.0356089	0.0233655	0.046301	0.0231819	0.040301	0.207171	0.0690857	0.0647915	0.0408692	0.00340656	0.00996184
76	0.0428537	0.0113752	0.000570633	0.00402603	0.0439933	0.0035838	0.00351362	0.187098	0.000796706	0.4135	0.0411688	0.000586697	0.000674114	0.00066718	0.00353978	0.00649874	0.00436051	0.230552	0.000219653	0.000422553
77	0.0433273	0.00975414	0.000754632	0.00359071	0.0473228	0.00333522	0.00367071	0.21966	0.00153632	0.361934	0.0475104	0.000808427	0.000907908	0.000785343	0.00340776	0.00694092	0.00761194	0.233579	0.000218278	0.00334474
78	0.034856	0.00212029	0.00305044	0.00359319	0.0193789	0.00381993	0.000396617	0.371396	0.00307023	0.0638667	0.0279896	0.00365877	0.00196562	0.000350314	0.00433661	0.00693855	0.0254836	0.422357	0.000124725	0.00124694
79	0.00569474	0.00151311	0.000714193	0.00168344	0.0370882	0.00486501	0.00138675	0.0327072	0.00179071	0.792851	0.0758733	0.00102779	0.00155823	0.00362151	0.00114492	0.00425363	0.0107694	0.018885	0.00082526	0.0017466
80	0.338118	0.0153008	0.000876651	0.0011721	0.0253687	0.0899379	0.000743825	0.0484231	0.00147737	0.107904	0.0140519	0.000870564	0.00539023	0.000787239	0.00109211	0.079753	0.0707599	0.196391	0.000291322	0.00129043
81	0.340812	0.0155269	0.000878367	0.00117233	0.0252113	0.0904253	0.000777359	0.0482019	0.00144078	0.110107	0.0145332	0.00111723	0.00524514	0.000890846	0.0011656	0.0773983	0.0678936	0.195635	0.000302556	0.00126446
82	0.0150567	0.0051647	0.00101548	0.00198727	0.108512	0.00371847	0.00224135	0.111606	0.00195202	0.580675	0.0397137	0.0010295	0.00272954	0.00194173	0.00147813	0.0069391	0.0115029	0.0970513	0.000901361	0.00478306
83	0.216627	0.00521686	0.00432885	0.00337499	0.216666	0.171514	0.00366993	0.0302098	0.00513356	0.0624464	0.00491397	0.00458403	0.00461597	0.00377865	0.00421913	0.116662	0.0893114	0.0478208	0.00165324	0.00325291
84	0.0436008	0.0119084	0.000585346	0.00398101	0.0447865	0.0040284	0.00359204	0.186324	0.000833182	0.413016	0.0402251	0.000632816	0.000754644	0.000691062	0.00345513	0.00742562	0.00444421	0.228998	0.000236789	0.000480333
85	0.0153067	0.0547969	0.0019237	0.00196744	0.0293876	0.0127704	0.00185257	0.00245799	0.00217269	0.0343517	0.00186692	0.00211869	0.00817117	0.00215033	0.00363001	0.0289767	0.00512435	0.00881395	0.763951	0.0182091
86	0.20303	0.0777015	0.00206789	0.00372616	0.00427312	0.0439473	0.0196477	0.00991902	0.0166455	0.00790458	0.00573371	0.040036	0.00872428	0.0166598	0.0141399	0.308424	0.157831	0.0566686	0.000742001	0.00217713
87	0.012078	0.00524578	0.000843582	0.00162366	0.126913	0.00275559	0.00218801	0.11914	0.00202865	0.571232	0.042622	0.00104475	0.00316364	0.00204981	0.00131799	0.00641489	0.01235	0.079479	0.000898842	0.00661028
88	0.038191	0.00229063	0.47153	0.246674	0.0021662	0.0349115	0.0136435	0.00919333	0.018261	0.0118736	0.00209471	0.0372702	0.0108991	0.0298818	0.00891792	0.0216641	0.0249924	0.0137038	0.000659868	0.00118074
89	0.0156335	0.0552661	0.00195934	0.00190553	0.0299859	0.012541	0.00194804	0.00328218	0.0023773	0.0376178	0.00199585	0.00216782	0.00867483	0.00219876	0.0036302	0.0286518	0.00536346	0.0101447	0.75629	0.0183656
90	0.157596	0.0143721	0.00306601	0.00862728	0.00384837	0.0100725	0.00438245	0.00613044	0.00581261	0.0632784	0.0520998	0.00554001	0.0352678	0.00388985	0.00502657	0.30453	0.214719	0.0976358	0.00157301	0.00253205
91	0.0360898	0.00249462	0.00327463	0.00370842	0.0196868	0.00464493	0.000807961	0.348236	0.00353601	0.0853886	0.0344547	0.00356439	0.00249535	0.000658496	0.00473607	0.00928004	0.0265524	0.408762	0.000168077	0.00146001
92	0.0858961	0.00786606	0.0208354	0.0183388	0.00879578	0.0274107	0.0113581	0.0255634	0.0353675	0.0284695	0.0185486	0.0233099	0.0207376	0.0165182	0.0307652	0.142734	0.420172	0.0453179	0.00548925	0.00650546
93	0.0384214	0.00640281	0.00123458	0.0022985	0.0679977	0.00287678	0.00919526	0.18659	0.00586012	0.376465	0.0868795	0.00223919	0.00334628	0.00214055	0.00570047	0.00983537	0.0262401	0.153551	0.00128069	0.011445
94	0.0245619	0.0269606	0.00793959	0.00475579	0.437992	0.0138369	0.00503175	0.0739504	0.00866514	0.134889	0.0124713	0.0108878	0.0155644	0.00575711	0.0058034	0.0211677	0.0124867	0.0826114	0.0106183	0.0840482
95	0.158612	0.0140507	0.00542231	0.00976642	0.0112152	0.0318221	0.0106612	0.0443041	0.0144039	0.0732921	0.0927127	0.0140114	0.0228274	0.0105079	0.0142745	0.242086	0.105105	0.119186	0.00225821	0.00348052
96	0.0295963	0.00824313	0.000763111	0.00298983	0.064903	0.00289131	0.00271124	0.174536	0.00115556	0.451274	0.0320441	0.000823978	0.000781482	0.000748164	0.0026514	0.00556499	0.00494347	0.212447	0.000360242	0.000572037
97	0.261066	0.015825	0.00714483	0.0107467	0.00589136	0.0830151	0.00583618	0.024288	0.005649	0.00936724	0.00317871	0.0285032	0.0120807	0.00350907	0.00359178	0.390983	0.0965178	0.0307086	0.0007763	0.00132119
98	0.0580416	0.0090293	0.0115535	0.00427569	0.00455815	0.0158817	0.00615907	0.00452819	0.0100813	0.00966352	0.00577173	0.0144319	0.00755954	0.00670666	0.0111513	0.228457	0.574671	0.0137724	0.00114382	0.00256354
99	0.0258313	0.00593346	0.00174492	0.00334906	0.061531	0.00420307	0.00317509	0.161658	0.00301582	0.477259	0.0552506	0.00273434	0.00267562	0.00243526	0.00353342	0.00726684	0.0140194	0.160294	0.000660131	0.00342964
100	0.106277	0.00557534	0.0155061	0.0138202	0.0148596	0.0214802	0.0119278	0.0117043	0.0255876	0.0300413	0.0114186	0.0135346	0.53848	0.0242545	0.0159793	0.0564959	0.0483789	0.0206508	0.00767958	0.00634859
101	0.0436411	0.010437	0.108439	0.0371473	0.00892252	0.0522937	0.0817637	0.0100433	0.105966	0.0148817	0.00818056	0.203977	0.0214296	0.0708153	0.0767029	0.0664827	0.0431346	0.0141306	0.00389931	0.0177123
102	0.0963737	0.00735308	0.0199443	0.0163145	0.00891088	0.0295986	0.0119843	0.0240369	0.0251367	0.0306389	0.0187335	0.021047	0.0265697	0.0145652	0.0220108	0.157578	0.415066	0.0457386	0.00243897	0.0059608
103	0.0206392	0.00627343	0.00268684	0.00662857	0.0550731	0.00825885	0.00423848	0.072268	0.00470425	0.621441	0.0668385	0.00438125	0.00779788	0.00815257	0.00586015	0.0133033	0.0178382	0.0681414	0.00222159	0.00325357
104	0.0335128	0.0023175	0.00292251	0.00348182	0.0232139	0.00406085	0.000787438	0.357715	0.00328811	0.0800328	0.0313978	0.00365958	0.00214928	0.000450005	0.0040811	0.00742062	0.0249435	0.411832	0.000179771	0.00255336
105	0.047067	0.00228558	0.00123238	0.00216698	0.0258194	0.0019182	0.00699827	0.217634	0.0101978	0.195985	0.195217	0.00477003	0.00272157	0.00272972	0.0141071	0.0102456	0.0395385	0.213472	0.00189981	0.00399288
106	0.199576	0.00883222	0.0417339	0.0364771	0.02336	0.220017	0.0169977	0.0191694	0.0332669	0.0385326	0.017552	0.0575018	0.018588	0.0296898	0.0245125	0.0976672	0.0486856	0.0422691	0.0153249	0.0102471
107	0.04783	0.00234309	0.0227907	0.0104605	0.0193465	0.0123517	0.00272522	0.28062	0.0136801	0.06976	0.0389861	0.0100515	0.00410025	0.0054986	0.0147578	0.0235532	0.0586678	0.355874	0.000580779	0.00602202
108	0.10401	0.00536005	0.0151823	0.0136322	0.0107273	0.020101	0.0125531	0.0124824	0.0257658	0.0309991	0.012538	0.0134746	0.532342	0.0236417	0.0133068	0.0596946	0.0555465	0.0231095	0.0081154	0.00741741
109	0.0213668	0.00499576	0.0025033	0.00344801	0.0610015	0.00557173	0.00241055	0.075395	0.00464936	0.636271	0.0591686	0.00195609	0.00690278	0.00439789	0.00415518	0.0109154	0.0147415	0.0743959	0.00157326	0.00418017
110	0.032605	0.00659284	0.00551769	0.0146364	0.0368213	0.00745377	0.00516105	0.132084	0.00814131	0.452934	0.0828447	0.00563895	0.00355701	0.00497454	0.00648464	0.0140194	0.018012	0.15965	0.000910063	0.00196137
111	0.0282316	0.00270566	0.0119897	0.00467598	0.00467202	0.00683346	0.0121161	0.0845683	0.152185	0.00971686	0.0225189	0.044883	0.00741391	0.0489059	0.191631	0.0360044	0.150889	0.150086	0.0031886	0.0267848
112	0.364736	0.0089678	0.0111318	0.0119692	0.00457133	0.12199	0.00645207	0.00777824	0.00637675	0.00895913	0.00439574	0.022798	0.0109861	0.00448618	0.00264324	0.327403	0.0534216	0.0178274	0.00066441	0.00244227
113	0.0579136	0.00397972	0.00865692	0.0104242	0.0232688	0.0154828	0.0134307	0.138438	0.0217914	0.176719	0.213254	0.0140874	0.0214935	0.0127647	0.021778	0.0344285	0.0544553	0.146263	0.00533699	0.00603289
114	0.0327859	0.00464888	0.17472	0.12223	0.109372	0.0305511	0.0321111	0.00556874	0.0510994	0.00976489	0.00387896	0.0305878	0.0045877	0.0058217	0.00744286	0.103123	0.0115078	0.0324643	0.00144628	0.226287
115	0.321924	0.0185292	0.00770394	0.00844135	0.00327101	0.0284124	0.0212597	0.00669054	0.0283879	0.0152336	0.00720991	0.0175568	0.0361512	0.00939579	0.00958568	0.297972	0.12908	0.0304267	0.00080463	0.00196272
116	0.155978	0.0370753	0.0194808	0.0519722	0.0112075	0.140101	0.0793391	0.011111	0.0198782	0.0221439	0.0136032	0.0287412	0.0292797	0.081197	0.0192486	0.197111	0.0584071	0.0170488	0.00224126	0.00483517
117	0.119449	0.000630767	0.0594227	0.0749839	0.00266518	0.0750138	0.0234794	0.0034751	0.0966743	0.0371532	0.0227208	0.0797758	0.0283143	0.0539264	0.0334488	0.148583	0.102101	0.0298939	0.00238078	0.00590885
118	0.0247452	0.00413394	0.00495865	0.00637664	0.0496587	0.00857226	0.00369807	0.0826091	0.0063714	0.608168	0.0633197	0.00309893	0.00721622	0.00482973	0.0078135	0.0109441	0.0170158	0.0801721	0.0013015	0.0049963
119	0.0506551	0.000852267	0.0011991	0.0020007	0.0173908	0.0015857	0.00816723	0.185619	0.0137378	0.17242	0.268185	0.00578449	0.00304357	0.00338606	0.0178277	0.0117087	0.0511385	0.180141	0.00250905	0.00264829
120	0.0471018	0.00206682	0.00450829	0.00411482	0.0182305	0.00790451	0.00179172	0.329276	0.00432034	0.0647106	0.0290657	0.00411048	0.00257929	0.00170936	0.0055525	0.017344	0.0399984	0.412877	0.000426641	0.0023112
121	0.0701506	0.0158234	0.0492196	0.0641508	0.0161905	0.0596267	0.0457949	0.0200814	0.0675541	0.0470993	0.0225797	0.0575698	0.0416369	0.13583	0.078373	0.0944909	0.0613288	0.0364985	0.00413419	0.0118668
122	0.0347042	0.00211073	0.00307129	0.00362567	0.0189834	0.0038335	0.000303713	0.372507	0.00295923	0.0630055	0.0266767	0.00365988	0.00198412	0.000302462	0.00423437	0.00700301	0.0257885	0.424125	0.00010369	0.00101806
123	0.0332387	0.023824	0.00178005	0.0031737	0.17421	0.00518045	0.00232976	0.189111	0.00269239	0.259935	0.0258371	0.00205412	0.00379838	0.00113725	0.00296662	0.0154833	0.0114896	0.235526	0.000759297	0.00547324
124	0.0204305	0.0290433	0.00371965	0.00283883	0.480896	0.00975685	0.00260065	0.090065	0.00522593	0.147207	0.0106189	0.00435091	0.00753168	0.00303107	0.00314877	0.0188911	0.0100352	0.126589	0.00226763	0.0217511
125	0.0041404	0.000782961	0.00088871	0.0017273	0.0251241	0.00541847	0.00141655	0.0177193	0.002006	0.820792	0.0892004	0.00108967	0.00123934	0.00374406	0.00127802	0.00371068	0.0107007	0.00725898	0.000771781	0.000990398
126	0.074045	0.0167742	0.0484707	0.0690952	0.0171261	0.0703492	0.049394	0.0194122	0.0673868	0.0524812	0.0198628	0.0592028	0.0374959	0.133456	0.0664391	0.0893966	0.0611644	0.0312645	0.00477633	0.0124072
127	0.097936	0.100219	0.00618001	0.010953	0.0173113	0.0728185	0.0313762	0.01225	0.00998253	0.0162108	0.00743941	0.0378103	0.0140406	0.0164501	0.0104956	0.420467	0.0724867	0.0271596	0.00326209	0.0151514
128	0.0345463	0.00210571	0.00350607	0.00361623	0.019064	0.00410028	0.000394754	0.370158	0.00340115	0.0630924	0.0273036	0.00369342	0.00211268	0.000443443	0.00460396	0.0073007	0.027067	0.421865	0.00011535	0.00151057
129	0.0362532	0.00550128	0.00194091	0.003572	0.0294963	0.00338161	0.00211639	0.298134	0.00265415	0.215829	0.0481734	0.0023725	0.00153974	0.000608494	0.00436579	0.00668436	0.0180128	0.3174	0.000235978	0.00172815
130	0.0160483	0.0524487	0.00247153	0.00281146	0.0315806	0.014173	0.00280279	0.00340836	0.00407393	0.0362638	0.00294141	0.00302863	0.0109425	0.00360979	0.00594905	0.032444	0.00731253	0.0110844	0.734455	0.0221498
131	0.00449001	0.0308323	0.0106713	0.0027878	0.214978	0.00584355	0.0070651	0.00448925	0.00323562	0.0232169	0.00220034	0.0234391	0.00289003	0.00276253	0.00724641	0.0120457	0.0054938	0.00545655	0.0146064	0.616249
132	0.101203	0.011664	0.0186418	0.0132619	0.0190475	0.029929	0.0117055	0.0359583	0.0294483	0.0405115	0.0215168	0.0238268	0.0179625	0.0145259	0.0259919	0.137275	0.37032	0.0631608	0.00592134	0.00812722
133	0.0170539	0.00673883	0.000893149	0.0020653	0.116297	0.00223584	0.00220405	0.148716	0.00174151	0.504415	0.0276226	0.000866296	0.00219983	0.000986009	0.00167303	0.0061317	0.00760896	0.145991	0.000790834	0.00376916
134	0.00317762	0.000948617	0.000702806	0.00152358	0.029381	0.00517437	0.00107439	0.02154	0.00149632	0.828078	0.0776254	0.000921269	0.00104908	0.00386587	0.000925628	0.00350165	0.00961272	0.00767193	0.000704428	0.00102494
135	0.0163103	0.00446577	0.00315597	0.00432961	0.0482649	0.00685488	0.00338721	0.0631517	0.00632544	0.660989	0.0668159	0.00345517	0.00807374	0.00550545	0.00727609	0.0122733	0.0144424	0.0594375	0.00164079	0.0038454
136	0.0127557	0.0348928	0.0017114	0.00210796	0.590024	0.00549657	0.00203357	0.0630126	0.00462119	0.12177	0.00489125	0.00306959	0.00710011	0.00252043	0.002075	0.0200731	0.00657967	0.0957937	0.00235894	0.0171128
137	0.00267136	0.000745358	0.000713806	0.00153302	0.0255017	0.00550424	0.00101842	0.0143094	0.00155379	0.840598	0.0813333	0.000948452	0.000992602	0.0038666	0.000925669	0.00339279	0.00956961	0.00321481	0.000724953	0.000881816
138	0.00341944	0.0311654	0.00914143	0.00133914	0.207409	0.00447752	0.00600406	0.00223809	0.00209762	0.0203597	0.00148158	0.02419	0.00177741	0.00188328	0.00677372	0.0099448	0.00385952	0.00304649	0.0153004	0.644091
139	0.113068	0.00923088	0.0993546	0.138735	0.00931887	0.0648916	0.0240828	0.0111043	0.0464881	0.0313215	0.0133807	0.0540295	0.028022	0.051836	0.0250577	0.168137	0.0706034	0.0277412	0.00338937	0.010208
140	0.00343034	0.0309738	0.00915007	0.00132471	0.206625	0.00443616	0.00606562	0.00218323	0.0020677	0.0206556	0.00149653	0.0239921	0.0017249	0.00182285	0.00678709	0.0100081	0.00392242	0.00296051	0.0155457	0.644827
141	0.0557416	0.00948499	0.0489054	0.0454941	0.0138682	0.111557	0.0640978	0.00683116	0.117257	0.0217176	0.0103195	0.0639821	0.0191217	0.0980347	0.182395	0.0537941	0.0445375	0.016891	0.00457771	0.0113913
142	0.517992	0.00118426	0.0247114	0.0101402	0.0093931	0.302307	0.00296074	0.00191301	0.00176891	0.0151748	0.00760041	0.00169996	0.00169899	0.00991987	0.00300487	0.0600692	0.0106413	0.0104866	0.000536666	0.00679682
143	0.28902	0.0139116	0.0133151	0.0153158	0.00884013	0.0556802	0.0106382	0.0211147	0.0208656	0.0407359	0.0138122	0.0180053	0.0286114	0.0137056	0.0136428	0.156222	0.181087	0.0807062	0.00123512	0.00353517
144	0.0135135	0.00750377	0.0108867	0.0188357	0.00295894	0.00490252	0.0499991	0.0017496	0.231462	0.0262597	0.00921925	0.0327675	0.00439975	0.0411746	0.483377	0.0255033	0.0180165	0.0155905	0.000775128	0.00110429
145	0.0560723	0.000689427	0.00074929	0.00158248	0.0135237	0.00124117	0.0097792	0.164774	0.0147892	0.181964	0.286435	0.00719878	0.00342279	0.00390901	0.0212411	0.0130365	0.0528689	0.163053	0.00295936	0.000710645
146	0.0244198	0.021635	0.00580829	0.0064844	0.204015	0.0174419	0.00574324	0.0416445	0.00984324	0.35875	0.0221229	0.00713546	0.0194049	0.00727691	0.00817282	0.0647072	0.0240465	0.0421235	0.0813738	0.0278512
147	0.0344771	0.00210088	0.00308038	0.00363213	0.0191972	0.00375029	0.000303814	0.373893	0.00293897	0.062768	0.0267194	0.00366028	0.00195794	0.00029824	0.0042741	0.00686116	0.0255133	0.423428	0.000104479	0.00104195
148	0.142783	0.00399065	0.0248461	0.0344527	0.0149373	0.0711621	0.0336196	0.00374398	0.0513105	0.0610547	0.0496756	0.0371636	0.0138628	0.0536727	0.0367508	0.213898	0.122073	0.0269369	0.00116311	0.00290218
149	0.0532589	0.000627117	0.346989	0.279902	0.000906649	0.0485817	0.0143984	0.0107377	0.026327	0.0118664	0.00145896	0.0531117	0.0156247	0.0434086	0.0120696	0.0293146	0.0342285	0.016286	0.000338754	0.000564268
150	0.025096	0.00768295	0.0160586	0.0287246	0.00539875	0.0216906	0.0590023	0.00211488	0.214334	0.0241774	0.00683421	0.0435922	0.00750618	0.0595742	0.404561	0.0283142	0.0214373	0.017918	0.00175138	0.00423118
151	0.0176743	0.0394613	0.00179121	0.00191933	0.588694	0.00759819	0.00248824	0.0699344	0.00382747	0.119721	0.00558169	0.00290592	0.00755682	0.00252047	0.0024449	0.0166508	0.00829971	0.0805155	0.00217835	0.0182366
152	0.144365	0.00334173	0.0156081	0.0164676	0.00744875	0.0265961	0.0131447	0.00681579	0.0435684	0.0293491	0.0145875	0.016562	0.477304	0.0265196	0.0144392	0.0546552	0.0574385	0.0217805	0.00609333	0.0039154
153	0.0620328	0.000558379	0.311529	0.252321	0.00107274	0.0520224	0.0163084	0.00977526	0.0375738	0.0145581	0.00401623	0.057045	0.0190516	0.0455652	0.0143213	0.040668	0.0422871	0.0177391	0.000552418	0.00100267
154	0.178331	0.0153963	0.00829201	0.00970933	0.00269056	0.0824356	0.00540527	0.00638971	0.00610545	0.00708164	0.00522025	0.0784899	0.0346812	0.00481882	0.00711216	0.360333	0.142676	0.04206	0.000885164	0.00188645
155	0.474759	0.00150004	0.0201568	0.00826437	0.0100818	0.295319	0.00309185	0.00397304	0.00207793	0.0143744	0.00736125	0.00574531	0.00351268	0.00846003	0.00302397	0.0963352	0.0237617	0.0113185	0.000579435	0.00630384
156	0.516277	0.00109976	0.0256225	0.00895785	0.00993409	0.311947	0.00324467	0.00165489	0.00163206	0.015354	0.00770707	0.00136729	0.00143644	0.0109757	0.00305491	0.0516918	0.00947648	0.0111884	0.000537812	0.00684011
157	0.255255	0.00459359	0.0138698	0.027348	0.00191739	0.0719191	0.00379887	0.00695806	0.00452412	0.00360379	0.00233677	0.0440878	0.0138398	0.00224293	0.00243441	0.461119	0.0666771	0.0114043	0.000682767	0.00138745
158	0.0394206	0.00355463	0.00307915	0.00350336	0.027873	0.00524246	0.00155167	0.338085	0.00389206	0.103764	0.0452995	0.00373222	0.00212366	0.000729932	0.00521022	0.0105907	0.0275579	0.370757	0.000431586	0.00360125
159	0.325763	0.00529756	0.00366539	0.0134286	0.00566573	0.0287263	0.00323422	0.0798811	0.0160834	0.0425276	0.00749776	0.00345706	0.0110488	0.00348093	0.00549648	0.0859916	0.138483	0.216683	0.00100672	0.00258215
160	0.131998	0.00221942	0.0536782	0.0538567	0.00362662	0.0536849	0.02087	0.00635351	0.103434	0.0372834	0.0178238	0.0568071	0.0225441	0.0443484	0.0468306	0.161569	0.144855	0.0315092	0.00230976	0.00439801
161	0.0106685	0.0361373	0.00137527	0.00139571	0.556702	0.0032978	0.00133542	0.0780682	0.00224723	0.16363	0.00607473	0.0016448	0.00561759	0.00151953	0.00151112	0.0136575	0.00576922	0.0924566	0.00143065	0.0154602
162	0.0209975	0.00774779	0.0105617	0.0251472	0.00280551	0.00508621	0.052119	0.00237214	0.221061	0.0281801	0.00713754	0.0378444	0.00669015	0.0424688	0.447104	0.0286627	0.0274394	0.0228204	0.00152776	0.00222649
163	0.0304984	0.00197839	0.00293793	0.00316607	0.0153814	0.00549692	0.000590608	0.321512	0.00475485	0.0553219	0.0220131	0.00335388	0.00395632	0.000589549	0.00371158	0.00892031	0.0228317	0.491337	0.000175116	0.00147288
164	0.0436562	0.000878881	0.409785	0.283432	0.00116012	0.0406716	0.0143089	0.00967338	0.0199624	0.0110202	0.000988931	0.0421715	0.0121514	0.0357219	0.00979337	0.0221225	0.0271089	0.014242	0.000391131	0.000759105
165	0.110167	0.00666256	0.0666489	0.0271444	0.00620421	0.0943006	0.0477938	0.0083837	0.0302431	0.0201798	0.0106115	0.089565	0.144772	0.0352196	0.0414038	0.178454	0.0538484	0.017635	0.00526054	0.0055033
166	0.103943	0.00155452	0.175394	0.144454	0.00422129	0.0630907	0.0193564	0.00712644	0.0570922	0.0235135	0.0113846	0.0733482	0.0220756	0.0438757	0.0216419	0.130039	0.06805	0.0222318	0.00141798	0.00618898
167	0.0303835	0.00208261	0.00316253	0.00289308	0.0117184	0.0136344	0.00129459	0.249248	0.0101977	0.0414746	0.0161184	0.00350194	0.00406811	0.00185683	0.00384501	0.011164	0.022723	0.567905	0.000542406	0.00218652
168	0.0245498	0.00213053	0.0169883	0.016067	0.024706	0.00976275	0.00183297	0.309709	0.00388021	0.0939709	0.0575128	0.0159973	0.00229918	0.00143605	0.00419796	0.0139305	0.02861	0.368094	0.000394097	0.0039303
169	0.121561	0.0215257	0.0191365	0.0191293	0.00688787	0.0637431	0.0173657	0.00916549	0.0210513	0.0169022	0.0100746	0.0772896	0.0248287	0.0212633	0.0144644	0.377532	0.119144	0.0281367	0.00146144	0.00933771
170	0.0135425	0.0182525	0.00135153	0.00200282	0.307688	0.00494226	0.0020205	0.0850433	0.00355124	0.400474	0.0242693	0.00231281	0.00597237	0.00238783	0.00159284	0.0136084	0.0103986	0.0851344	0.00224937	0.0132059
171	0.121035	0.00222634	0.0399829	0.0447623	0.0166985	0.0510015	0.0166807	0.00609096	0.0567857	0.0495807	0.0501345	0.0343192	0.238874	0.0461368	0.029931	0.0823172	0.0759079	0.031322	0.00279126	0.00342169
172	0.038245	0.00391313	0.00284094	0.00379078	0.0216579	0.00407293	0.00101234	0.332141	0.00260084	0.130678	0.0328094	0.00305044	0.00186927	0.000482235	0.00424054	0.00730017	0.0232602	0.384584	0.000120276	0.00133024
173	0.0160777	0.0569514	0.00528284	0.297431	0.00615888	0.0375535	0.0567432	0.00626471	0.0292293	0.0970742	0.00420177	0.00670617	0.00907732	0.257715	0.0426861	0.02015	0.0356137	0.00937804	0.00183534	0.00386966
174	0.417049	0.00391288	0.0054811	0.00509342	0.00693189	0.0466769	0.00532835	0.0125387	0.00769784	0.0219457	0.00626396	0.00472965	0.0147804	0.00565558	0.0246692	0.0415691	0.311093	0.0530223	0.00173164	0.00383013
175	0.0502525	0.000618422	0.35966	0.288397	0.000780252	0.0468724	0.0136508	0.0110018	0.0233086	0.0113049	0.000671077	0.05091	0.0145934	0.0423264	0.0111873	0.0259279	0.0316809	0.016127	0.000273163	0.000456289
176	0.240602	0.0302844	0.00357618	0.0171108	0.00444953	0.0186019	0.00575755	0.0114673	0.00993852	0.0465064	0.0203097	0.0102249	0.0432152	0.00441335	0.00464382	0.25521	0.179375	0.0899085	0.00166609	0.00273908
177	0.0938175	0.0134279	0.0407217	0.119394	0.00443066	0.109926	0.0608802	0.00779329	0.0550922	0.0332421	0.0122718	0.0567404	0.0482734	0.129769	0.0395882	0.0912885	0.0611311	0.016452	0.00204978	0.00371068
178	0.0345282	0.00193221	0.00300167	0.00353105	0.0232984	0.00425429	0.000920267	0.373743	0.00376505	0.0664346	0.0305854	0.0036096	0.00190899	0.000408538	0.00402523	0.00740626	0.0262957	0.406661	0.000120559	0.00357057
179	0.126374	0.000643251	0.0609689	0.0802852	0.00274298	0.0819156	0.0263852	0.00363963	0.106931	0.0368551	0.0224952	0.0768152	0.0270237	0.0567723	0.0360643	0.120992	0.0954491	0.030517	0.00255743	0.00457296
180	0.0502854	0.000618298	0.359309	0.28856	0.000780311	0.0468801	0.0136188	0.0110025	0.023336	0.0113094	0.000671082	0.0509451	0.0145934	0.0423785	0.0111989	0.0259519	0.0317167	0.0161195	0.000271271	0.000453634
181	0.0436281	0.00184402	0.331461	0.118745	0.00325617	0.043741	0.0146764	0.00687664	0.0260619	0.0103866	0.00392526	0.243248	0.0116033	0.0444993	0.0131133	0.041056	0.0260924	0.0123724	0.000989009	0.00242395
182	0.110573	0.00553012	0.0989631	0.113053	0.00633501	0.130125	0.0249227	0.00804757	0.0595785	0.0297446	0.0156335	0.0613411	0.0237365	0.0513841	0.0250019	0.113806	0.0855924	0.0280415	0.00330907	0.00528168
183	0.0169017	0.00790934	0.0109471	0.0247035	0.00284055	0.00404123	0.0492984	0.0016031	0.225934	0.0276835	0.00765665	0.0345455	0.0059188	0.0423349	0.469387	0.0284006	0.0192606	0.0188824	0.000641053	0.00110987
184	0.0411921	0.00683175	0.00132973	0.00346324	0.0286978	0.00288207	0.00407761	0.222646	0.003702	0.300017	0.10456	0.00280478	0.00131625	0.00138096	0.00690784	0.00747915	0.0189006	0.240023	0.000614954	0.00117405
185	0.0183147	0.00671537	0.0601501	0.00702962	0.0122494	0.0277306	0.207229	0.018501	0.039739	0.0134582	0.00581709	0.0836078	0.0148563	0.026688	0.237684	0.0240937	0.0271574	0.0135584	0.0492276	0.106193
186	0.0414697	0.00603446	0.00141017	0.00317084	0.0346874	0.00281923	0.00427288	0.219609	0.00525308	0.287598	0.105482	0.00295452	0.00158164	0.00154606	0.00833856	0.00786626	0.0215984	0.241656	0.00104118	0.00161032
187	0.0231008	0.00275043	0.0151942	0.00274657	0.00465692	0.00621359	0.00455439	0.11122	0.130553	0.0118893	0.0363036	0.0284031	0.00386666	0.0445895	0.158252	0.0450212	0.161077	0.183571	0.00204417	0.0239923
188	0.0688691	0.00918104	0.0307772	0.0303543	0.0139303	0.0833027	0.0816017	0.0105818	0.0683655	0.0275156	0.0172278	0.04445	0.0253771	0.0481942	0.16777	0.0782139	0.145893	0.025847	0.00699961	0.0155483
189	0.337298	0.00481401	0.00367649	0.00579114	0.00583063	0.030873	0.00358787	0.0147028	0.0204309	0.0572971	0.00901892	0.00342599	0.233739	0.00964976	0.00546394	0.062668	0.106988	0.0794801	0.00169627	0.00356794
190	0.0734985	0.0109997	0.0328474	0.0348842	0.00751765	0.057435	0.027466	0.00813628	0.0456792	0.0517848	0.0166575	0.0939147	0.0581692	0.0690315	0.0248957	0.269036	0.0769628	0.0258188	0.00443768	0.0108271
191	0.0176658	0.0181536	0.0862658	0.00948087	0.0105865	0.0243062	0.172557	0.0457655	0.0368277	0.0128026	0.00594227	0.211413	0.0194069	0.0419964	0.0879262	0.0591596	0.0318434	0.0127972	0.0170267	0.0780769
