239	20
1	0.291944	0.00338485	0.0037447	0.000912141	0.0123061	0.0155934	0.000893862	0.0850887	0.00129753	0.106334	0.0305541	0.00122296	0.0163697	0.00421679	0.00492376	0.00201954	0.0255602	0.39252	0.000345601	0.000768251
2	0.0388174	0.00229687	0.231826	0.369566	0.000400874	0.0428423	0.0201189	0.00663801	0.0676511	0.00559991	0.0118312	0.0412202	0.00709522	0.0725217	0.0268874	0.0235275	0.00665255	0.0235956	0.000264272	0.000647651
3	0.03533	0.00230544	0.273793	0.346471	0.000582855	0.0386683	0.0246865	0.00579871	0.0599571	0.00501731	0.0103779	0.047912	0.00603238	0.0633821	0.0249235	0.0240569	0.00603597	0.0206974	0.000392083	0.00357996
4	0.0227371	0.0410798	0.00676059	0.00355726	0.173954	0.00405668	0.0607597	0.0080715	0.00475985	0.0616158	0.0120324	0.0165262	0.0137145	0.0033545	0.0138842	0.0197326	0.00776527	0.00762714	0.0105009	0.50751
5	0.00559474	0.00260409	0.00185186	0.000667194	0.0949762	0.000802624	0.00833078	0.107632	0.000845265	0.616106	0.0453272	0.00110306	0.00746767	0.00500608	0.00316017	0.00488108	0.0052968	0.0743055	0.00346247	0.010579
6	0.0487865	0.0054442	0.000974695	0.00100245	0.0234317	0.00112519	0.00182899	0.329199	0.00136681	0.151631	0.0344652	0.00174092	0.0102789	0.00144087	0.012149	0.0119935	0.0165409	0.342008	0.000937835	0.00365439
7	0.306518	0.00538361	0.132188	0.086208	0.00262701	0.0918496	0.00726003	0.0084865	0.0139435	0.00790051	0.00165926	0.0194269	0.0126266	0.00996552	0.0175057	0.134874	0.0991516	0.0389631	0.000467352	0.00299437
8	0.15043	0.00541203	0.036549	0.0115189	0.00163373	0.0366061	0.00565745	0.00732134	0.017294	0.0040379	0.00273774	0.0566207	0.0252078	0.00294307	0.0349411	0.249195	0.318847	0.02523	0.000959317	0.0068583
9	0.0214244	0.306045	0.00704705	0.0145375	0.0768065	0.0224805	0.0548577	0.013719	0.0123641	0.0344226	0.00690321	0.0189502	0.00623162	0.0125908	0.0893954	0.0522459	0.0206061	0.0237595	0.125997	0.0796162
10	0.016952	0.0240749	0.0336156	0.0251064	0.00147842	0.582588	0.0324569	0.00228828	0.0284221	0.00327285	0.00143151	0.0338321	0.00670493	0.0142999	0.100283	0.0584633	0.0141097	0.00777045	0.0079984	0.00485126
11	0.0024923	0.00295541	0.00199396	0.000468838	0.111968	0.000653347	0.00530741	0.0963419	0.000707466	0.644768	0.0302143	0.000695294	0.00549939	0.00489647	0.00146402	0.00340728	0.00418835	0.0662734	0.00421302	0.0114922
12	0.137315	0.00704166	0.04739	0.013841	0.00210638	0.030387	0.00543524	0.00675655	0.019314	0.0052347	0.00258275	0.0500762	0.0195064	0.00263573	0.0286395	0.230013	0.349041	0.0297921	0.00116712	0.0117249
13	0.110766	0.011543	0.00749079	0.0120687	0.00486531	0.172089	0.00899449	0.00638249	0.04088	0.0549875	0.00643627	0.00924491	0.211656	0.0646413	0.172653	0.0666145	0.0169126	0.0130544	0.00294488	0.0057743
14	0.444353	0.00287524	0.0789071	0.0638633	0.00353302	0.0530968	0.00611082	0.0149898	0.0244737	0.0127883	0.00260096	0.0171954	0.0135371	0.00637742	0.0179818	0.0886062	0.0892423	0.0544874	0.000596331	0.00438397
15	0.0210655	0.0083634	0.0122682	0.0952292	0.00118832	0.0247763	0.0142962	0.00690469	0.143038	0.0866354	0.0196152	0.00910301	0.0273625	0.227694	0.236974	0.0144484	0.01562	0.0286084	0.00547273	0.00133537
16	0.368755	0.00547554	0.00697296	0.00489378	0.0107852	0.0251891	0.0013995	0.0652145	0.00390494	0.0753725	0.0262873	0.00276729	0.0188356	0.00455154	0.00901513	0.0244003	0.0468865	0.297365	0.000727928	0.0012003
17	0.168276	0.00305885	0.00260502	0.00612549	0.00189192	0.0212445	0.0115173	0.0416513	0.0230103	0.216234	0.0231953	0.0122944	0.0750055	0.0383698	0.153427	0.0364047	0.0247265	0.137334	0.00125841	0.00236922
18	0.00541906	0.000998758	0.0068969	0.0141411	0.000695133	0.00158312	0.00171616	0.00633754	0.569514	0.00749527	0.0132603	0.0735904	0.00361748	0.0313016	0.202606	0.0207611	0.0313421	0.00457142	0.000712808	0.0034398
19	0.463362	0.0149837	0.0114869	0.0108334	0.0104427	0.0428379	0.00127768	0.0297954	0.00783863	0.0167885	0.0221988	0.00572278	0.0163284	0.00550284	0.0129403	0.0833165	0.104185	0.134036	0.00277107	0.00335105
20	0.368005	0.0496412	0.0129495	0.00952632	0.0807537	0.00994938	0.0075576	0.00905515	0.0120645	0.0253167	0.0141921	0.00963463	0.0116247	0.00842751	0.0472555	0.178787	0.0701976	0.0349806	0.00322358	0.036858
21	0.00566498	0.00125606	0.00888564	0.0118755	0.000906766	0.00189883	0.00204245	0.00597659	0.549077	0.00963539	0.0116826	0.11274	0.00348815	0.0347857	0.181411	0.0200978	0.029988	0.00444649	0.00073149	0.00340948
22	0.0694925	0.00136475	0.00128812	0.00133418	0.000917928	0.00157591	0.00930596	0.0181203	0.00618207	0.0412404	0.00125081	0.00194942	0.738285	0.010026	0.0242075	0.0498442	0.0151666	0.00680847	0.000565577	0.00107477
23	0.0365657	0.00225753	0.248285	0.357728	0.000332446	0.0415543	0.0207108	0.00632233	0.0665592	0.00547562	0.0115959	0.0427359	0.00655733	0.072646	0.0265776	0.0239777	0.00639307	0.0225025	0.000252073	0.000970619
24	0.330513	0.00718159	0.038064	0.0231479	0.00502882	0.0347818	0.00454512	0.0138662	0.017902	0.00953471	0.00651407	0.0396624	0.0147216	0.00417708	0.0232329	0.166131	0.203625	0.0497754	0.00169695	0.00589887
25	0.17917	0.00575899	0.00225171	0.00215334	0.0359216	0.00777118	0.00192898	0.160908	0.0035476	0.146451	0.0311033	0.00249748	0.0088401	0.00328434	0.00962095	0.00994412	0.0236088	0.359147	0.00116674	0.00492492
26	0.0352827	0.00466652	0.000880259	0.00113577	0.0222943	0.00115422	0.00366255	0.298514	0.00171895	0.232011	0.039108	0.00164417	0.0122784	0.00228716	0.0142292	0.0108875	0.0152883	0.298348	0.00083389	0.00377508
27	0.405201	0.00585123	0.0658204	0.0639452	0.00420917	0.0611026	0.00525196	0.0159107	0.0200866	0.0125357	0.00706182	0.0142951	0.0145235	0.00844425	0.0210261	0.106668	0.0876946	0.0746025	0.00117315	0.00459632
28	0.0609259	0.0190416	0.00542993	0.00611366	0.178721	0.00683463	0.114154	0.0381224	0.00819128	0.207792	0.0270503	0.0199211	0.00516371	0.0189788	0.0140109	0.0184548	0.0512792	0.135956	0.00365961	0.0601998
29	0.00433127	0.0048369	0.00261188	0.00140639	0.210593	0.00170948	0.00611295	0.0739912	0.00194869	0.555745	0.0230977	0.00200812	0.00587067	0.00521873	0.00334615	0.0101458	0.00651997	0.0517641	0.00844026	0.0203019
30	0.440304	0.00402269	0.0678175	0.0562332	0.00387788	0.0546932	0.00524097	0.0159912	0.0233238	0.0133715	0.00482604	0.0155159	0.0129738	0.00609586	0.0186831	0.0933408	0.0943443	0.0644662	0.000955353	0.00392269
31	0.167144	0.00607838	0.167998	0.100625	0.00242321	0.199239	0.00674323	0.00506475	0.00657166	0.0062414	0.00226607	0.0245038	0.0147392	0.0137384	0.0187725	0.161158	0.0676065	0.0255877	0.000883997	0.00261563
32	0.086947	0.00776553	0.000701936	0.00113552	0.0742972	0.000868897	0.00413533	0.194022	0.00161386	0.266592	0.0353466	0.00295953	0.00124572	0.00193702	0.0101554	0.016727	0.0100014	0.270239	0.00210415	0.0112052
33	0.0155333	0.0244968	0.0341229	0.022821	0.00121878	0.604821	0.0249807	0.00176341	0.0288301	0.0027306	0.00130135	0.0276705	0.00443788	0.0143501	0.101669	0.0572935	0.0124487	0.00764473	0.00793542	0.00393041
34	0.00142296	0.00333224	0.00178239	0.000470919	0.117423	0.000608962	0.00585329	0.0997678	0.000648673	0.629659	0.0306447	0.000671612	0.0049199	0.00532471	0.00134642	0.00359512	0.00385286	0.0719382	0.00432672	0.0124107
35	0.166061	0.00572331	0.0396558	0.0154131	0.00830087	0.025336	0.0333353	0.00602774	0.0173249	0.00848107	0.00509096	0.0302163	0.100434	0.00872189	0.0405579	0.243249	0.211513	0.0197548	0.00200626	0.012797
36	0.117043	0.0165727	0.0770179	0.050311	0.00328042	0.114119	0.0607218	0.00321149	0.0352332	0.00576059	0.00324895	0.0434719	0.0950568	0.00822954	0.14033	0.12538	0.0690326	0.0139611	0.00580686	0.0122101
37	0.201976	0.00660978	0.0670275	0.0212436	0.0106061	0.0180093	0.0452398	0.00421875	0.0219313	0.00690959	0.0029877	0.0179515	0.151395	0.0170929	0.0693106	0.190289	0.115491	0.0166638	0.001528	0.0135189
38	0.0405071	0.00211878	0.226359	0.364269	0.000379404	0.0458992	0.0204849	0.00740291	0.0690063	0.00692816	0.0116123	0.0422257	0.00752036	0.0726646	0.0270176	0.0252117	0.00726835	0.0223267	0.000228011	0.000569497
39	0.105144	0.00472133	0.0014812	0.000916211	0.0177347	0.00431971	0.00146716	0.276002	0.0015497	0.133575	0.0334154	0.00159504	0.011366	0.00202816	0.0104044	0.00924951	0.0201623	0.361815	0.000615549	0.00243778
40	0.447551	0.0123898	0.0141946	0.014035	0.00888652	0.0503041	0.00156697	0.0302659	0.0074918	0.0163646	0.0218205	0.0058367	0.0198933	0.00628271	0.0138945	0.0809044	0.105442	0.137504	0.00238298	0.00298929
41	0.285331	0.0090983	0.0937644	0.0387332	0.00374996	0.042655	0.0213192	0.0159788	0.0682219	0.0370963	0.00603924	0.0398028	0.00793276	0.00907654	0.0379892	0.0564404	0.15683	0.0569361	0.00165255	0.0113522
42	0.291944	0.00338485	0.0037447	0.000912141	0.0123061	0.0155934	0.000893862	0.0850887	0.00129753	0.106334	0.0305541	0.00122296	0.0163697	0.00421679	0.00492376	0.00201954	0.0255602	0.39252	0.000345601	0.000768251
43	0.0338785	0.00481101	0.00112628	0.00125735	0.00829118	0.00132332	0.00205916	0.370079	0.00181283	0.122807	0.0366795	0.00156578	0.0129338	0.00162059	0.0146735	0.0126515	0.0195549	0.350798	0.000447333	0.00162854
44	0.463013	0.0126627	0.0106279	0.0102363	0.0147653	0.0328899	0.00160186	0.0367955	0.0111633	0.013667	0.0172263	0.00602165	0.0119135	0.00699731	0.0126096	0.084125	0.110468	0.135142	0.0036647	0.00440938
45	0.115395	0.00841621	0.0237505	0.00769929	0.00432577	0.0336064	0.00842434	0.00759218	0.0971591	0.0155169	0.00583742	0.0813609	0.00566352	0.00879064	0.325123	0.115551	0.0369551	0.0544409	0.0021437	0.0422478
46	0.0466713	0.00782632	0.258168	0.143101	0.00591445	0.0134325	0.090955	0.00975841	0.0143705	0.0131743	0.00717859	0.164854	0.00792223	0.010375	0.0451922	0.0515789	0.0154275	0.01699	0.00385426	0.0732559
47	0.0688967	0.00374544	0.00198449	0.00244722	0.00121124	0.00525708	0.00979342	0.0172904	0.00870207	0.0415224	0.00165489	0.00240528	0.710479	0.0159888	0.0329426	0.04983	0.0159179	0.00751014	0.000791505	0.00162902
48	0.0192929	0.00874398	0.0123794	0.0842872	0.00124649	0.0247553	0.0143747	0.00722167	0.137032	0.091402	0.0195673	0.00873178	0.0270061	0.231285	0.252678	0.0134859	0.0141373	0.0255628	0.00548472	0.00132635
49	0.00124392	0.00310823	0.0016074	0.000426079	0.105934	0.000595535	0.00576097	0.106965	0.000615347	0.630089	0.0320239	0.000586547	0.00594119	0.00525301	0.00202838	0.00295629	0.00380289	0.0762214	0.00368611	0.011155
50	0.00172056	0.00300869	0.00199156	0.00047909	0.109929	0.000669965	0.00534662	0.0956969	0.000673571	0.650312	0.0295819	0.000698124	0.00572035	0.00493768	0.00153082	0.00331159	0.00403857	0.0649139	0.00411285	0.011327
51	0.0201673	0.280161	0.00978887	0.0272356	0.0458269	0.0171685	0.121787	0.0206917	0.0106632	0.0214615	0.00294832	0.026786	0.00273837	0.0140745	0.133911	0.0918726	0.0263248	0.0360437	0.0248018	0.0655473
52	0.314958	0.115924	0.00939645	0.00719924	0.0435686	0.00699344	0.00537311	0.00685585	0.0087415	0.0418626	0.0246493	0.00842196	0.00547131	0.00584362	0.0387321	0.187328	0.0822592	0.0533209	0.00303152	0.0300689
53	0.0130956	0.0234243	0.043891	0.0227146	0.00345512	0.0638536	0.00514981	0.00529104	0.241811	0.0081839	0.00433097	0.0249202	0.00444406	0.00531067	0.186608	0.317437	0.0116293	0.00860756	0.00186751	0.00397421
54	0.22192	0.00353105	0.00313773	0.00170958	0.00939694	0.0127608	0.00256838	0.123994	0.00383262	0.124652	0.0292588	0.00329138	0.0387916	0.0077953	0.0241637	0.00955301	0.023041	0.354872	0.000486943	0.00124474
55	0.0397343	0.00204991	0.225484	0.368572	0.000346623	0.0463045	0.0199998	0.00726382	0.0686911	0.00626796	0.0115994	0.0416469	0.00771272	0.071777	0.0272555	0.025139	0.00728407	0.0222453	0.000176571	0.000449464
56	0.0348686	0.0220303	0.00676505	0.00734925	0.00330058	0.023481	0.00560456	0.062784	0.061475	0.00876326	0.00484605	0.262887	0.00516297	0.0181018	0.029926	0.133907	0.276609	0.02553	0.00184065	0.00476788
57	0.00833751	0.0030926	0.00147153	0.000477655	0.0953968	0.000656832	0.00679085	0.11675	0.000730867	0.596522	0.039525	0.000892172	0.00599093	0.00483862	0.00281314	0.00444108	0.00477354	0.0923084	0.00332382	0.0108666
58	0.443679	0.00309243	0.0743437	0.0607968	0.00344687	0.0551647	0.00570665	0.0149826	0.0248414	0.0126565	0.00294227	0.0169863	0.0126701	0.00609467	0.0188801	0.0904702	0.0925317	0.055806	0.000707753	0.00420066
59	0.0694925	0.00136475	0.00128812	0.00133418	0.000917928	0.00157591	0.00930596	0.0181203	0.00618207	0.0412404	0.00125081	0.00194942	0.738285	0.010026	0.0242075	0.0498442	0.0151666	0.00680847	0.000565577	0.00107477
60	0.0728231	0.0269649	0.0051129	0.0119878	0.0121813	0.00769092	0.00886918	0.17423	0.0600208	0.0602659	0.0435073	0.0937486	0.00495538	0.0261156	0.201364	0.0269601	0.0264797	0.126754	0.00213007	0.00783879
61	0.0918533	0.00839557	0.000552563	0.000683608	0.0771288	0.000769614	0.00184381	0.201151	0.000838472	0.246017	0.0305444	0.00283808	0.000616225	0.00114468	0.00596533	0.0133114	0.00834629	0.294497	0.00240919	0.0110935
62	0.429612	0.00344466	0.0807221	0.0607523	0.00508761	0.05343	0.00743569	0.0189495	0.0233852	0.0149754	0.00299292	0.0150123	0.0122102	0.00721904	0.0175782	0.0849185	0.0877774	0.0686858	0.00096746	0.0048432
63	0.157107	0.00233681	0.117495	0.35772	0.001609	0.0628713	0.00826817	0.0187769	0.0316415	0.0121812	0.0179501	0.0230187	0.00529457	0.0597472	0.0343928	0.0545628	0.0207388	0.0115872	0.000813165	0.00188848
64	0.00178555	0.00297319	0.00202006	0.000481685	0.11273	0.000674733	0.00494404	0.0934441	0.000680815	0.653251	0.0278885	0.000662061	0.0056118	0.00490968	0.00135481	0.00309502	0.00413009	0.0637407	0.00425937	0.0113626
65	0.162486	0.0164038	0.00420983	0.0141228	0.00263489	0.0817487	0.0239254	0.0155082	0.0628382	0.0404135	0.0431725	0.0402454	0.0120245	0.0314128	0.0960362	0.13937	0.177366	0.0183292	0.00579041	0.0119617
66	0.123681	0.00915229	0.161348	0.100389	0.00205511	0.246636	0.0107981	0.00337236	0.00803303	0.00523906	0.00251789	0.0273126	0.0155592	0.0135489	0.0298968	0.162982	0.0540257	0.0180548	0.00209595	0.0033012
67	0.0375673	0.00189322	0.000978796	0.00113791	0.0364954	0.00130502	0.0270695	0.170533	0.00146895	0.384444	0.149203	0.00435771	0.00566116	0.00329082	0.00909353	0.0176321	0.0146851	0.119535	0.00085271	0.0127949
68	0.0143309	0.0249566	0.0319371	0.0207543	0.00120384	0.597217	0.0236339	0.00179656	0.0270606	0.00341223	0.00133817	0.0334704	0.00473356	0.0143768	0.0973391	0.0693397	0.014402	0.00768243	0.007375	0.00363971
69	0.00133457	0.00308652	0.00218017	0.000476119	0.119024	0.000662282	0.00514954	0.094549	0.000680522	0.641815	0.029654	0.000642978	0.00529435	0.00511092	0.0013293	0.0033887	0.00391868	0.0655485	0.00411738	0.0120375
70	0.0940596	0.014433	0.0486191	0.0110332	0.00319116	0.0642201	0.0145402	0.00585981	0.0161684	0.00485656	0.00225626	0.086465	0.0495441	0.00446669	0.0355287	0.315846	0.204133	0.0168008	0.000992746	0.00698532
71	0.148113	0.00410527	0.0740422	0.029072	0.005663	0.0315178	0.0732166	0.0034682	0.0140118	0.00556092	0.00306611	0.0365597	0.14035	0.00759969	0.117691	0.118571	0.140391	0.0280269	0.0017732	0.0172022
72	0.167013	0.00392631	0.0525549	0.0229688	0.0186627	0.0111335	0.0459699	0.0039536	0.0144719	0.0066758	0.00357741	0.0155852	0.20877	0.0107601	0.0459505	0.206575	0.126644	0.0134231	0.00165482	0.0197291
73	0.0354618	0.00261035	0.229752	0.363237	0.000464129	0.0384718	0.0219683	0.00564224	0.0698336	0.00465757	0.0133661	0.0371543	0.00586211	0.0937253	0.0283406	0.020649	0.0056917	0.0224267	0.000230966	0.000454907
74	0.03136	0.0046471	0.00113101	0.00119802	0.00592456	0.00133017	0.00205501	0.377161	0.001644	0.118785	0.0372034	0.00149971	0.0137614	0.0016364	0.0148732	0.0122968	0.0194422	0.352387	0.000397883	0.00126667
75	0.349703	0.0152866	0.0165882	0.0138037	0.00700813	0.0918558	0.00244069	0.02853	0.00761564	0.0147436	0.0151615	0.0104503	0.0220214	0.0117125	0.0266952	0.0933549	0.0998827	0.166798	0.00275363	0.00359497
76	0.0622939	0.0267777	0.0031808	0.0289326	0.00600311	0.0602878	0.046821	0.0113623	0.0332233	0.0511761	0.00968663	0.0465805	0.0296114	0.0860422	0.138883	0.221315	0.10877	0.0198317	0.00139162	0.00783013
77	0.00243725	0.00354719	0.00180475	0.000498737	0.123857	0.000635216	0.00614742	0.101162	0.000683055	0.613274	0.0317283	0.000732764	0.00470538	0.00535205	0.00134565	0.00398141	0.00395501	0.0766086	0.00404568	0.0134992
78	0.0918533	0.00839557	0.000552563	0.000683608	0.0771288	0.000769614	0.00184381	0.201151	0.000838472	0.246017	0.0305444	0.00283808	0.000616225	0.00114468	0.00596533	0.0133114	0.00834629	0.294497	0.00240919	0.0110935
79	0.164563	0.00294901	0.00245636	0.00639488	0.00210684	0.0193539	0.0103686	0.0405883	0.0228734	0.219553	0.0245026	0.0138143	0.0790869	0.0381543	0.141915	0.0429197	0.0249175	0.139848	0.00113541	0.00249852
80	0.06205	0.00651582	0.000803299	0.00565012	0.0375626	0.00200274	0.0146416	0.191047	0.011309	0.263142	0.0768733	0.0059637	0.00451615	0.00567511	0.0288143	0.023671	0.0244609	0.223034	0.000801049	0.011466
81	0.364688	0.0187185	0.0225403	0.0174974	0.00819301	0.0878885	0.00184365	0.0232743	0.00673365	0.0156755	0.0169113	0.00675735	0.0268777	0.00702849	0.0182147	0.0947041	0.10176	0.155822	0.00213163	0.00273976
82	0.0149365	0.025533	0.00638802	0.00474705	0.47067	0.00670546	0.0299848	0.00699734	0.00715175	0.0839332	0.00711343	0.0110317	0.0070271	0.00492408	0.0138615	0.0420899	0.0106759	0.0111586	0.0203356	0.214735
83	0.0168162	0.0917831	0.00644111	0.00614357	0.26815	0.0198218	0.0198029	0.00758007	0.00904365	0.0878828	0.00738141	0.0103912	0.0072407	0.0063443	0.0155802	0.0252731	0.0118525	0.0113486	0.200201	0.170922
84	0.027471	0.00261584	0.00083353	0.000859945	0.0412762	0.000896929	0.0142635	0.207305	0.00107747	0.391064	0.0812077	0.00226931	0.00819248	0.0036014	0.010547	0.0120153	0.0130362	0.172049	0.00104028	0.00837782
85	0.0495171	0.0274089	0.00594562	0.0269829	0.00591923	0.0710211	0.0530126	0.0116231	0.0310094	0.0516902	0.00860457	0.0565881	0.0350503	0.0774697	0.116003	0.228233	0.116812	0.0174092	0.00165471	0.00804531
86	0.0175007	0.00417697	0.00157624	0.000528472	0.111306	0.000617617	0.0061612	0.122625	0.000729503	0.54635	0.0370079	0.00108119	0.00404933	0.00470128	0.00291993	0.00823367	0.00497302	0.108139	0.00339578	0.0139276
87	0.00159774	0.00342427	0.00181267	0.000486775	0.121773	0.000613511	0.00611745	0.101803	0.000647776	0.615978	0.0331539	0.000665553	0.0048471	0.00542717	0.00155612	0.00402802	0.00382045	0.07492	0.00394911	0.0133793
88	0.00821403	0.00308276	0.00146088	0.000507966	0.0966877	0.000697223	0.0110395	0.118866	0.00073199	0.577173	0.0474998	0.00128797	0.00571112	0.00607841	0.00328958	0.00567494	0.00608099	0.0887175	0.00314358	0.0140554
89	0.0876917	0.0297341	0.00605339	0.0508989	0.0100195	0.0484286	0.0320631	0.00451773	0.0931935	0.0382743	0.0231897	0.0138294	0.0520036	0.0905224	0.203138	0.109702	0.0734038	0.0262569	0.00132929	0.00575003
90	0.294817	0.00343531	0.00371903	0.0010691	0.0132699	0.0165562	0.000945038	0.0838348	0.00136373	0.105142	0.0313574	0.00128211	0.01657	0.00420523	0.00534398	0.00314323	0.0274098	0.385404	0.000343221	0.000789172
91	0.0851469	0.00802409	0.00058262	0.000686424	0.0768144	0.000781597	0.003357	0.198154	0.000831072	0.267598	0.0344177	0.00266234	0.00101456	0.00155669	0.00675161	0.0151043	0.008609	0.273925	0.00227005	0.0117135
92	0.00509493	0.000942034	0.00665246	0.0133766	0.000695921	0.00136252	0.00152649	0.0064289	0.572839	0.00735449	0.0130219	0.0734856	0.00359428	0.0315367	0.202763	0.0195918	0.0312458	0.00436336	0.000624907	0.0034997
93	0.00990982	0.0197458	0.117908	0.00490703	0.00275127	0.0915553	0.0184086	0.00425782	0.0104682	0.00757326	0.00323266	0.24157	0.0133407	0.00497954	0.033142	0.373679	0.0301395	0.00694042	0.00184844	0.00364224
94	0.0249337	0.00372819	0.000925851	0.00100488	0.0138923	0.00111529	0.00519934	0.311507	0.00155313	0.23688	0.047176	0.00151375	0.0154774	0.00250263	0.014411	0.010801	0.0155812	0.288206	0.000527944	0.00306446
95	0.0356558	0.0026658	0.232501	0.367886	0.000378042	0.0406056	0.0210892	0.0059232	0.0695072	0.00481217	0.0130249	0.0390486	0.00643629	0.0816745	0.0279255	0.0214367	0.00589669	0.0228888	0.000214528	0.000429611
96	0.0316343	0.00132011	0.0301591	0.0584146	0.000985498	0.0165122	0.0120779	0.00228717	0.360038	0.0155328	0.0309593	0.108808	0.00140035	0.0223389	0.139928	0.0915402	0.0635354	0.00707617	0.00409539	0.00135664
97	0.0866721	0.0150409	0.00136447	0.0240237	0.025584	0.00620134	0.0116096	0.130377	0.0430733	0.108739	0.0722414	0.0156223	0.00190031	0.00783198	0.0746714	0.0480877	0.0579926	0.257881	0.000746729	0.0103389
98	0.0346402	0.00502709	0.0010869	0.00114146	0.00936256	0.00125459	0.00207335	0.367149	0.00158374	0.125103	0.0363227	0.00154133	0.0129235	0.00161579	0.0141522	0.0124172	0.0190554	0.351256	0.000481989	0.00181314
99	0.033144	0.00330986	0.08465	0.282236	0.00172149	0.0168332	0.0141167	0.0121924	0.239442	0.0204747	0.0215955	0.0293199	0.0136446	0.0534226	0.0804387	0.0293428	0.0164489	0.0436717	0.00137836	0.00261576
100	0.0694925	0.00136475	0.00128812	0.00133418	0.000917928	0.00157591	0.00930596	0.0181203	0.00618207	0.0412404	0.00125081	0.00194942	0.738285	0.010026	0.0242075	0.0498442	0.0151666	0.00680847	0.000565577	0.00107477
101	0.0399843	0.0207725	0.00840035	0.0125644	0.00348472	0.023197	0.00882011	0.0597869	0.0785997	0.0131494	0.00923552	0.24271	0.00492428	0.0246249	0.037182	0.131287	0.246406	0.0258658	0.00236839	0.00663708
102	0.0332995	0.004571	0.00111197	0.00117562	0.00644666	0.00133737	0.00204306	0.372997	0.00161955	0.119955	0.0372239	0.00149148	0.0138213	0.00163191	0.0148414	0.0121982	0.0193747	0.353125	0.000408466	0.00132772
103	0.288341	0.00821513	0.0445375	0.102881	0.00371491	0.0300964	0.00899353	0.0134016	0.0531452	0.0132821	0.0212247	0.0216219	0.00966599	0.0240546	0.0643976	0.119529	0.086072	0.0672596	0.00235545	0.0172102
104	0.0013629	0.00350352	0.00181872	0.000476266	0.12164	0.000603276	0.00558634	0.101052	0.0006531	0.619785	0.0323269	0.000582402	0.00476657	0.0054417	0.00138651	0.00399817	0.00370691	0.0740095	0.00395124	0.0133492
105	0.00195263	0.00309218	0.00172844	0.000435649	0.110083	0.000595597	0.00562677	0.101517	0.000619767	0.634922	0.0312075	0.000597612	0.00535276	0.00534964	0.0016143	0.00318424	0.00386248	0.0727168	0.00403347	0.0115078
106	0.0189966	0.00907285	0.0117105	0.0868246	0.00114127	0.0248317	0.0152563	0.00650852	0.135121	0.0888232	0.0198667	0.00890176	0.0261336	0.236352	0.25145	0.012793	0.0134818	0.0259032	0.00554799	0.00128353
107	0.0352935	0.00262198	0.21718	0.358222	0.000476805	0.0373987	0.0219419	0.00611121	0.0773541	0.00628499	0.0131586	0.0358576	0.00677477	0.0967118	0.0336333	0.0207804	0.00636837	0.0229766	0.000338785	0.000515059
108	0.0197082	0.280144	0.0101815	0.0282679	0.0458777	0.0175058	0.122636	0.0205543	0.0105364	0.0216461	0.00271982	0.0261316	0.00285794	0.0139099	0.132808	0.091687	0.0257047	0.0357968	0.0256087	0.0657183
109	0.0225773	0.0220103	0.028303	0.0217701	0.00297097	0.492079	0.0234238	0.00389518	0.0675228	0.00607946	0.00504409	0.0490092	0.00672934	0.0147789	0.121449	0.0593592	0.0301739	0.00982631	0.00760029	0.0053974
110	0.0562994	0.162247	0.029135	0.00871148	0.00178445	0.0428158	0.0305929	0.00183105	0.0534787	0.0203746	0.00228701	0.00239886	0.095092	0.0771419	0.233419	0.0952681	0.0378333	0.0298776	0.000768393	0.0186436
111	0.0381174	0.00198962	0.245443	0.358865	0.000347242	0.0432669	0.0204307	0.00683139	0.0657825	0.00572986	0.0111052	0.0436937	0.00699979	0.0688718	0.026484	0.0254683	0.00693045	0.022155	0.000244439	0.0012431
112	0.038787	0.00501247	0.00101797	0.00105425	0.0179514	0.0012549	0.00198778	0.356284	0.00140532	0.138375	0.0356372	0.00166149	0.0107313	0.00151035	0.013636	0.0128013	0.0173213	0.340295	0.00065849	0.00261764
113	0.373127	0.0172472	0.0178063	0.0141632	0.00788962	0.0822591	0.0015332	0.0254336	0.00612892	0.0170478	0.0192158	0.00598189	0.0272329	0.00679223	0.0169774	0.0913404	0.103882	0.16116	0.00222711	0.00255409
114	0.0252249	0.00876224	0.0265442	0.0581871	0.00404113	0.0208528	0.0601576	0.00470585	0.288526	0.0242882	0.0209635	0.0798615	0.00364655	0.068224	0.150182	0.0696206	0.0453796	0.012525	0.0157186	0.0125885
115	0.0338318	0.00132934	0.00105013	0.00132039	0.0346259	0.0013065	0.0249739	0.165837	0.00166005	0.389719	0.166386	0.00456807	0.00625186	0.00302324	0.00917042	0.0190405	0.014808	0.109482	0.000884851	0.0107307
116	0.0467367	0.00836056	0.00782067	0.0352262	0.0062338	0.0118454	0.0355417	0.0100457	0.0111843	0.220206	0.00761669	0.0387448	0.152706	0.112323	0.0203499	0.0229089	0.148601	0.0648284	0.0304778	0.0082429
117	0.0400772	0.00206116	0.224433	0.369743	0.000339868	0.045613	0.0196552	0.00735586	0.0686931	0.00609884	0.0117587	0.0414975	0.00765928	0.0724235	0.0272906	0.0251175	0.00730268	0.022297	0.000174223	0.000409204
118	0.0263613	0.0296748	0.0270232	0.0395293	0.0176079	0.025652	0.19626	0.00861695	0.0609974	0.0278826	0.00736837	0.0364138	0.00713088	0.118679	0.185623	0.0738891	0.0297098	0.0198453	0.00561291	0.0561222
119	0.0828435	0.00737464	0.000549171	0.000607871	0.0725332	0.000717713	0.00417576	0.198045	0.000813187	0.271527	0.0376701	0.00264169	0.00128699	0.00168803	0.0066203	0.0137877	0.00931671	0.274526	0.0020643	0.0112109
120	0.0189663	0.00875783	0.0120153	0.0869177	0.0011159	0.024801	0.0147249	0.0067235	0.137746	0.0892018	0.0196363	0.00879611	0.0266269	0.235712	0.248571	0.0128689	0.0136435	0.0262291	0.0056625	0.00128321
121	0.0873568	0.0157745	0.00115986	0.0224964	0.0267398	0.00623712	0.0106365	0.131378	0.0435874	0.111814	0.0762024	0.0159884	0.00139173	0.00797066	0.0760748	0.047766	0.0584542	0.248033	0.000645663	0.0102932
122	0.289345	0.00343376	0.00372363	0.000908722	0.0129591	0.0153806	0.000894322	0.0866146	0.00128698	0.10787	0.0306686	0.00122784	0.0160913	0.00414611	0.00490472	0.0021523	0.0253857	0.391742	0.000382585	0.000882592
123	0.198866	0.00593296	0.00626335	0.106899	0.00381942	0.00917088	0.00663984	0.00926361	0.0731293	0.133855	0.00775397	0.0270064	0.0321907	0.050858	0.0905227	0.0181201	0.0352397	0.175412	0.00275432	0.00630253
124	0.0100151	0.0924319	0.00402493	0.00463856	0.00625161	0.00866651	0.0189207	0.0043589	0.025326	0.0582307	0.00866876	0.00792728	0.00487194	0.0395291	0.557403	0.025575	0.0138592	0.00742811	0.067174	0.0346987
125	0.290941	0.00416179	0.00396848	0.00154155	0.0129982	0.0154751	0.00105955	0.0863361	0.0020627	0.103728	0.0301026	0.00145921	0.0156526	0.00449484	0.00589222	0.00452999	0.0287188	0.385173	0.000529544	0.00117362
126	0.0400278	0.0020409	0.224915	0.368889	0.000327043	0.0458249	0.0198121	0.00738269	0.0686246	0.00619559	0.0117152	0.0416035	0.00769142	0.0721806	0.0272407	0.0252612	0.00729879	0.0223856	0.000177832	0.000405066
127	0.00126283	0.00327489	0.00175226	0.000453358	0.115125	0.000583307	0.00551083	0.100687	0.000614965	0.631202	0.0312596	0.000560098	0.00503144	0.00536176	0.00140198	0.00345596	0.00378921	0.0722217	0.00412625	0.0123254
128	0.0144105	0.0246787	0.031767	0.0211914	0.00119622	0.611782	0.0249525	0.00167294	0.0286862	0.00275747	0.00136839	0.0274721	0.0043476	0.0149131	0.102696	0.0544191	0.0119589	0.00795344	0.00789079	0.00388546
129	0.093125	0.00835731	0.000613771	0.000688768	0.0740936	0.00100368	0.00194024	0.202322	0.000846198	0.240772	0.0313346	0.00274929	0.00114409	0.00118664	0.00605413	0.0129231	0.00891247	0.299033	0.00229458	0.0106058
130	0.0552018	0.150948	0.0312003	0.00833386	0.00197721	0.0387596	0.0309162	0.00217701	0.0547259	0.023569	0.00268625	0.00286659	0.108321	0.080953	0.226172	0.0926975	0.0383933	0.032268	0.000807971	0.0170261
131	0.0556706	0.163115	0.0276381	0.00834962	0.00175682	0.0400694	0.0301657	0.00189844	0.0523195	0.0201518	0.0024092	0.00233587	0.101649	0.0765743	0.23651	0.0919849	0.0391204	0.0296947	0.00105345	0.0175336
132	0.0524731	0.0373267	0.064653	0.0433298	0.00209289	0.317907	0.0512964	0.0031638	0.0390135	0.00480213	0.00247588	0.0422195	0.0322768	0.0101756	0.116095	0.114328	0.0342416	0.00794266	0.0120443	0.0121421
133	0.104628	0.017764	0.0280412	0.0209292	0.00267629	0.0307854	0.00765294	0.0113708	0.0296715	0.00840619	0.00631614	0.050634	0.016853	0.00546718	0.0298688	0.233582	0.359924	0.024748	0.00196876	0.00871311
134	0.167439	0.00308525	0.00248133	0.0060742	0.00196483	0.0208815	0.010663	0.040878	0.022236	0.217915	0.0270095	0.0124615	0.0767698	0.0391144	0.144557	0.0379333	0.0238511	0.141292	0.00111092	0.00228327
135	0.0182409	0.0220978	0.00717702	0.00543397	0.480305	0.00776484	0.0233676	0.0146701	0.00811322	0.125837	0.00928064	0.00957523	0.00643437	0.00572181	0.0151852	0.0439616	0.0126212	0.0217397	0.0243915	0.138081
136	0.0388604	0.00674035	0.00602168	0.00725784	0.0459517	0.0310962	0.0282084	0.0892893	0.211124	0.0334246	0.0695322	0.00874552	0.0259898	0.00762291	0.207158	0.0450612	0.0518314	0.0332618	0.0466938	0.006129
137	0.0189564	0.0287317	0.0376768	0.0431722	0.0182123	0.025249	0.219299	0.0106984	0.0457371	0.0333793	0.00719707	0.0418189	0.00677912	0.145173	0.153474	0.0533376	0.0205288	0.0175922	0.00542769	0.0675589
138	0.438728	0.0115912	0.011116	0.0102622	0.00881688	0.0483591	0.00118655	0.0362201	0.00629245	0.0247798	0.0244205	0.00485449	0.0184203	0.00570247	0.0121442	0.0698726	0.0960294	0.166662	0.00217696	0.00236505
139	0.0136361	0.00256011	0.00123798	0.000573738	0.0736776	0.000784733	0.0109484	0.136346	0.000840802	0.539363	0.073209	0.00168795	0.00650519	0.00438703	0.00461688	0.00742488	0.00693124	0.102696	0.00235196	0.0102219
140	0.102483	0.0264337	0.0117152	0.0261325	0.0510476	0.035976	0.0516201	0.0489153	0.0542671	0.134855	0.063093	0.0343984	0.00765468	0.0275761	0.0577506	0.10359	0.0257494	0.0694895	0.0203496	0.0469043
141	0.00923531	0.0333592	0.0517241	0.00486577	0.00237135	0.14183	0.0106297	0.00372982	0.016355	0.00622178	0.00268702	0.161409	0.0251488	0.0039608	0.0360206	0.407662	0.072148	0.00592862	0.00153922	0.00317468
142	0.0396154	0.00474379	0.0224394	0.172106	0.00216207	0.0122164	0.012953	0.016186	0.279165	0.0324938	0.0160533	0.0190345	0.0336756	0.106347	0.12709	0.0315308	0.0238669	0.0432536	0.00242246	0.0026455
143	0.0398998	0.00206435	0.224845	0.369883	0.000326336	0.0455887	0.019686	0.00732624	0.0683887	0.00606115	0.0117649	0.0415236	0.00766906	0.0724751	0.0272756	0.0250003	0.00727627	0.0223633	0.000174349	0.000408781
144	0.0512824	0.00675277	0.0348721	0.0658695	0.00126151	0.0151598	0.0148027	0.00921938	0.267304	0.0202469	0.0316182	0.115327	0.00152832	0.0226544	0.115333	0.103759	0.0905512	0.0208948	0.00328574	0.00827623
145	0.0915071	0.00840023	0.000561374	0.00069615	0.0765822	0.000771135	0.00185247	0.202368	0.000876275	0.2451	0.030635	0.002876	0.000687651	0.00115059	0.00604854	0.013298	0.00842522	0.294667	0.0024386	0.0110589
146	0.255696	0.00478572	0.0919655	0.0324914	0.0026779	0.0396117	0.00706856	0.00803107	0.0297748	0.0122256	0.00279288	0.0400282	0.0107543	0.00409917	0.0275317	0.112326	0.259863	0.051317	0.00109455	0.00586556
147	0.31737	0.024897	0.0237673	0.0264148	0.00740623	0.0380183	0.00795616	0.0202897	0.0359369	0.0248435	0.0323216	0.0256166	0.0092039	0.0107816	0.0384395	0.125909	0.132104	0.0795771	0.0107389	0.00840769
148	0.00524045	0.000957824	0.00676077	0.013514	0.000677929	0.00142486	0.00155548	0.00645481	0.571387	0.00746692	0.0131349	0.0737087	0.00359549	0.0314491	0.202707	0.0198868	0.0315731	0.00439967	0.000619999	0.00348559
149	0.033704	0.0012639	0.00102951	0.00121378	0.0342696	0.00125823	0.0248174	0.166765	0.00144783	0.390462	0.167097	0.00444847	0.00615665	0.00289705	0.00899238	0.0185309	0.0147383	0.109572	0.000855953	0.0104797
150	0.0400554	0.0020853	0.225027	0.369976	0.000336972	0.0454287	0.0197262	0.00729421	0.0682699	0.00603332	0.0117769	0.0414112	0.00761725	0.072682	0.0272561	0.0248719	0.0072437	0.0223114	0.000174965	0.000421635
151	0.0630793	0.0220124	0.00594606	0.00644543	0.158198	0.00804482	0.129893	0.0265902	0.0100213	0.193572	0.025956	0.0245098	0.00536682	0.0229305	0.01454	0.0185883	0.061062	0.135358	0.00396897	0.0639168
152	0.00129521	0.0034465	0.00181459	0.000466948	0.121	0.000591941	0.00562743	0.100984	0.000635848	0.620941	0.0324464	0.000585051	0.00479841	0.00542103	0.00142001	0.00386588	0.00372189	0.0737904	0.00395207	0.0131954
153	0.0620396	0.00656324	0.0139931	0.0995723	0.00427077	0.0302664	0.0264865	0.00583895	0.21813	0.0204765	0.053242	0.03899	0.0158232	0.0630359	0.175521	0.0760517	0.0478131	0.0349521	0.00309965	0.00383356
154	0.0367468	0.00221476	0.0328897	0.0639159	0.00106684	0.0179104	0.0142028	0.00335007	0.324403	0.0172085	0.0338708	0.115616	0.00139149	0.0212384	0.131666	0.09749	0.0695116	0.00879678	0.0041677	0.00234335
155	0.00132896	0.00292676	0.00205422	0.000485121	0.113237	0.000677411	0.00497895	0.0927375	0.000672784	0.654863	0.027912	0.000643908	0.00563043	0.00496474	0.00131279	0.00303626	0.0041326	0.0627251	0.00430724	0.0113731
156	0.0142169	0.0235813	0.0315734	0.0213633	0.00120648	0.613907	0.0249024	0.00171695	0.0286676	0.00277931	0.00127327	0.0279108	0.00420707	0.0148499	0.101918	0.0545732	0.0118647	0.00760415	0.00811094	0.00377306
157	0.025324	0.177721	0.00987807	0.0108313	0.125465	0.048158	0.0129598	0.0111993	0.0152897	0.0511244	0.00955491	0.0138762	0.011016	0.0137811	0.0324558	0.0278211	0.0210809	0.0191248	0.308829	0.0545097
158	0.0591045	0.0363559	0.0107824	0.0145389	0.00695924	0.0457175	0.0447519	0.0181289	0.0261905	0.0615452	0.0148772	0.0677346	0.0198365	0.0402077	0.0644701	0.195606	0.219353	0.0226857	0.00341244	0.0277423
159	0.0362891	0.00258295	0.229917	0.366004	0.000424314	0.0402868	0.0215602	0.005951	0.0694582	0.00481507	0.013102	0.0382213	0.0063732	0.0860803	0.0282613	0.0215995	0.00594096	0.0224748	0.000224016	0.000434148
160	0.303116	0.00619387	0.133989	0.0903962	0.00264456	0.0910734	0.00704983	0.00866827	0.0136956	0.00819313	0.0017432	0.0188673	0.0137454	0.00980519	0.0169005	0.13256	0.0984064	0.039218	0.000580648	0.00315265
161	0.0354713	0.00268637	0.229898	0.362322	0.00048371	0.0383992	0.0221214	0.0056187	0.0700377	0.004651	0.0135192	0.037193	0.00585052	0.0938649	0.0283171	0.0205576	0.00569047	0.0225985	0.000267024	0.00045222
162	0.287821	0.00347539	0.00370053	0.000897644	0.0132208	0.0152723	0.00087961	0.0873812	0.00128668	0.10797	0.0303851	0.00123083	0.0161003	0.00412646	0.00486827	0.00209633	0.0253437	0.392673	0.000365901	0.000905089
163	0.122518	0.0214375	0.00625119	0.0102912	0.00429387	0.0622101	0.0242397	0.0174703	0.0491278	0.0559045	0.00974599	0.0376334	0.00923707	0.0320198	0.186473	0.205351	0.0642426	0.0602294	0.00207134	0.0192518
164	0.0861643	0.0151875	0.00118006	0.022664	0.0263335	0.00616872	0.0104869	0.131529	0.0436138	0.111801	0.0759813	0.0169616	0.00142923	0.00788309	0.076037	0.049933	0.0590429	0.246374	0.000685029	0.0105441
165	0.377889	0.00674244	0.00497718	0.00493085	0.0124681	0.0219183	0.00161548	0.0680244	0.00613049	0.0674274	0.0318761	0.00375479	0.013989	0.00450665	0.0113435	0.0312715	0.060344	0.267806	0.00101367	0.00197094
166	0.0910104	0.00831721	0.00055549	0.000677053	0.076605	0.000725886	0.00194895	0.201253	0.000840758	0.246049	0.0314736	0.00278561	0.000674714	0.00113706	0.00601208	0.0132894	0.0084642	0.294852	0.00237198	0.0109571
167	0.056523	0.162296	0.0287159	0.00833156	0.00167651	0.0419625	0.029665	0.00175395	0.0542639	0.0202455	0.00226096	0.00218203	0.0971165	0.0770503	0.234804	0.0943487	0.0377699	0.0302172	0.000732643	0.0180836
168	0.00509151	0.000958339	0.00667393	0.0133089	0.000706763	0.0014304	0.0015244	0.00666609	0.572035	0.00736723	0.0132881	0.0732745	0.00365012	0.0314429	0.203189	0.0195978	0.0312835	0.00436765	0.000649433	0.00349464
169	0.103013	0.0246912	0.0133091	0.0213246	0.0603751	0.0318992	0.0455549	0.0505614	0.0568759	0.151464	0.0649788	0.0348043	0.0058	0.0225444	0.0471909	0.108299	0.0231336	0.0636274	0.0222931	0.0482597
170	0.0694925	0.00136475	0.00128812	0.00133418	0.000917928	0.00157591	0.00930596	0.0181203	0.00618207	0.0412404	0.00125081	0.00194942	0.738285	0.010026	0.0242075	0.0498442	0.0151666	0.00680847	0.000565577	0.00107477
171	0.0449146	0.0197851	0.00288274	0.007951	0.0116901	0.0671596	0.0515921	0.032788	0.00768561	0.102772	0.0141617	0.0845041	0.0368608	0.0869452	0.058049	0.156311	0.165008	0.0321422	0.00162758	0.0151694
172	0.0825562	0.00763592	0.000580828	0.000661121	0.0707484	0.000764217	0.00221222	0.213925	0.00088203	0.243593	0.0316056	0.00254564	0.00171143	0.00126615	0.00663199	0.0126971	0.0097433	0.298172	0.00216415	0.00990423
173	0.00540088	0.00313751	0.0016265	0.000496721	0.105684	0.000675924	0.0071783	0.108956	0.000648545	0.597552	0.0493091	0.000968733	0.00519658	0.00501053	0.0020494	0.00501127	0.00490583	0.0801777	0.00420102	0.0118133
174	0.17344	0.017328	0.00466655	0.0097854	0.00150873	0.0979687	0.0205543	0.0126395	0.0623369	0.0396823	0.0530934	0.0508943	0.00889044	0.020062	0.0538269	0.116529	0.21892	0.0144836	0.00830027	0.0150894
175	0.102332	0.0246076	0.0129911	0.0212063	0.0602809	0.0321591	0.045664	0.0507613	0.0571653	0.1516	0.0650361	0.0348539	0.00585596	0.0224108	0.0473553	0.108268	0.0231358	0.0636024	0.0222754	0.0484401
176	0.187977	0.00617153	0.0505677	0.0198275	0.00267509	0.0323387	0.0086524	0.00708321	0.023967	0.00680658	0.00434033	0.0422777	0.0280528	0.00445179	0.0287059	0.222731	0.282955	0.030828	0.0012371	0.00835399
177	0.0403404	0.00204559	0.22362	0.367573	0.000380022	0.045465	0.0196442	0.00767792	0.0699473	0.00621903	0.011989	0.0417235	0.00800923	0.0718933	0.0274323	0.0251081	0.00739544	0.0229266	0.000190087	0.000419963
178	0.0319622	0.0038293	0.21904	0.336915	0.00149358	0.0333567	0.0181482	0.00717106	0.10043	0.0082431	0.0179693	0.0384187	0.00704836	0.0625817	0.0294146	0.0210475	0.008151	0.0520852	0.000897639	0.00179634
179	0.292838	0.00340633	0.00376825	0.000964054	0.0122343	0.0157763	0.00091006	0.0847647	0.001332	0.106029	0.0305754	0.00121882	0.0164141	0.00421066	0.00491798	0.00232615	0.0257474	0.39145	0.000346591	0.000769773
180	0.0251065	0.0206905	0.0257637	0.0248235	0.00163978	0.559584	0.0207643	0.00213428	0.0384769	0.00665299	0.00313184	0.0228473	0.0104786	0.0238923	0.128413	0.0530096	0.0135984	0.00905124	0.00648587	0.00345551
181	0.00671772	0.00298902	0.00161616	0.000492044	0.101665	0.000598739	0.00820771	0.112907	0.000685985	0.585845	0.0548542	0.00112669	0.00550902	0.004932	0.00244501	0.00566859	0.00524916	0.0829315	0.00371032	0.0118487
182	0.0389847	0.00214365	0.226237	0.369456	0.000333478	0.0448138	0.0198597	0.00711102	0.0687318	0.00577521	0.0118088	0.0411303	0.0075789	0.07418	0.0272846	0.0245408	0.00703542	0.0224017	0.000181612	0.000411642
183	0.373888	0.0144474	0.0187604	0.0187633	0.00715009	0.0681788	0.00238076	0.0284281	0.00883144	0.0247206	0.0209346	0.00701171	0.0274787	0.00766062	0.0213773	0.0907706	0.106069	0.147541	0.00251156	0.00309623
184	0.109721	0.012088	0.00600047	0.0903309	0.00645452	0.0688748	0.0217988	0.00507278	0.0797276	0.0237839	0.0260044	0.0192376	0.0383576	0.0838954	0.17522	0.12615	0.0716432	0.0289539	0.0012964	0.00538922
185	0.0657936	0.0774329	0.134969	0.0128353	0.137974	0.0126256	0.0167616	0.0118689	0.0137066	0.0517746	0.00852648	0.013869	0.0108847	0.0122533	0.0945073	0.0920294	0.053517	0.0512253	0.0060277	0.121418
186	0.0415986	0.00497891	0.0010903	0.00131742	0.014156	0.00145393	0.00208924	0.348744	0.0021147	0.133036	0.0360097	0.00189532	0.0118427	0.00162344	0.0142918	0.0123632	0.0194634	0.348957	0.00064685	0.00232719
187	0.291944	0.00338485	0.0037447	0.000912141	0.0123061	0.0155934	0.000893862	0.0850887	0.00129753	0.106334	0.0305541	0.00122296	0.0163697	0.00421679	0.00492376	0.00201954	0.0255602	0.39252	0.000345601	0.000768251
188	0.0183119	0.0288733	0.0367659	0.0427463	0.0174346	0.0253142	0.215758	0.0100895	0.0461755	0.0330141	0.00677949	0.0421172	0.00713074	0.149721	0.157136	0.0534468	0.0205044	0.016625	0.00524741	0.0668085
189	0.0406503	0.0588532	0.00844478	0.017736	0.0280798	0.0376268	0.0302414	0.0123828	0.0691986	0.0549854	0.0466539	0.0331443	0.0105523	0.06089	0.292035	0.0646691	0.0614997	0.0222932	0.0160019	0.0340611
190	0.0694925	0.00136475	0.00128812	0.00133418	0.000917928	0.00157591	0.00930596	0.0181203	0.00618207	0.0412404	0.00125081	0.00194942	0.738285	0.010026	0.0242075	0.0498442	0.0151666	0.00680847	0.000565577	0.00107477
191	0.359929	0.0146763	0.0203688	0.019831	0.00786097	0.0383782	0.00340673	0.0657442	0.0142585	0.0107349	0.0110138	0.00554339	0.0101077	0.0195057	0.0195321	0.0800425	0.108068	0.170733	0.00969722	0.0105688
192	0.0204186	0.00145892	0.0010172	0.000865761	0.0440918	0.00106944	0.0178925	0.153008	0.00117496	0.469906	0.133039	0.00322912	0.00656714	0.00320657	0.00655904	0.0123808	0.0105672	0.103027	0.00134873	0.00917215
