485	20
1	0.0381648	0.00300168	0.0177672	0.0757555	0.0255791	0.00602215	0.0466267	0.0265022	0.02828	0.218335	0.0393811	0.0327699	0.00412504	0.145171	0.0449891	0.0675553	0.0260754	0.0472533	0.000744803	0.105901
2	0.041335	0.00898229	0.14727	0.212972	0.00244036	0.0276523	0.0455399	0.0237248	0.0846878	0.0412499	0.00329848	0.0761474	0.000919296	0.110345	0.064993	0.0559311	0.0260274	0.0179129	0.0013808	0.00718984
3	0.028291	0.0160711	0.00249663	0.00840236	0.145527	0.00578154	0.013838	0.193984	0.00912411	0.224362	0.0499545	0.00564195	0.00518511	0.00717232	0.0100026	0.0154864	0.0237037	0.139405	0.00844891	0.0871218
4	0.019725	0.0115545	0.00135224	0.00355286	0.0431176	0.00322865	0.00153727	0.194021	0.00594933	0.459592	0.09412	0.00178528	0.00404126	0.00233105	0.00455848	0.00809424	0.0119829	0.12014	0.00194783	0.00736881
5	0.0426423	0.00910629	0.14389	0.209739	0.00245593	0.0293974	0.0430978	0.0226589	0.082398	0.0408382	0.00257848	0.0810073	0.000812705	0.103858	0.0641936	0.0634286	0.0298304	0.0187601	0.00151071	0.00779589
6	0.0204916	0.00528101	0.257861	0.165785	0.00683418	0.0383191	0.00923638	0.0129344	0.0497631	0.0165174	0.0101787	0.153744	0.00975796	0.0442932	0.0628813	0.0910013	0.0312457	0.00945451	0.0008963	0.00352434
7	0.0272329	0.00486877	0.0141791	0.0364146	0.0102937	0.0340729	0.0566349	0.0131537	0.208465	0.0365186	0.0166347	0.0696482	0.0041695	0.0480429	0.227482	0.115181	0.055415	0.0129786	0.00430435	0.00430906
8	0.0458835	0.0889728	0.0043456	0.00456674	0.0197892	0.0150017	0.0461669	0.00353257	0.0122775	0.00493463	0.00376207	0.129841	0.0024059	0.00423544	0.0245153	0.240662	0.288104	0.0217579	0.000640389	0.0386053
9	0.0622678	0.00951795	0.00621091	0.0138606	0.0195872	0.0271017	0.0101918	0.044309	0.023142	0.0192602	0.0349536	0.0239273	0.0120258	0.0152437	0.0407309	0.225237	0.332805	0.0698905	0.00253409	0.00720273
10	0.0245119	0.0216777	0.00199316	0.00480458	0.069386	0.00401139	0.00258912	0.189206	0.00861017	0.403606	0.0677044	0.00233945	0.0040195	0.00153347	0.00712724	0.0118808	0.020744	0.134371	0.00458765	0.0152968
11	0.0372025	0.0237449	0.0188897	0.0908606	0.127699	0.0205672	0.0224497	0.0408213	0.0169482	0.0826395	0.0147684	0.0363081	0.0174314	0.0319792	0.0134533	0.0342756	0.068955	0.146297	0.00382899	0.15088
12	0.0142726	0.00245276	0.000456866	0.00299366	0.00892385	0.00333044	0.000753217	0.395764	0.00522378	0.123683	0.0208582	0.00140273	0.00263752	0.00275607	0.0021666	0.00403701	0.0124727	0.394305	0.000141567	0.00136824
13	0.00727047	0.0112109	0.339185	0.0609367	0.00514765	0.0408943	0.00410781	0.0110749	0.036378	0.0166443	0.00793617	0.210634	0.00523312	0.0320661	0.0723625	0.0953011	0.0352167	0.00460315	0.000861913	0.00293498
14	0.0245139	0.0165698	0.00123754	0.00891922	0.392144	0.0057453	0.0346467	0.0196549	0.00355138	0.0615411	0.0254034	0.00605689	0.00360804	0.011162	0.00751178	0.0126296	0.0083428	0.0322563	0.0198946	0.304611
15	0.0662454	0.00378297	0.115515	0.168943	0.00293746	0.0414489	0.0200596	0.0139639	0.0707638	0.0319354	0.00324119	0.0942912	0.00174967	0.0783565	0.0683747	0.121235	0.0686529	0.0194983	0.00107314	0.00793153
16	0.0331115	0.00598061	0.2986	0.216924	0.0043048	0.0250937	0.0674414	0.0127806	0.0422819	0.0210086	0.0076258	0.0700128	0.00774157	0.0521626	0.0290909	0.0511659	0.0269249	0.013274	0.00134918	0.0131245
17	0.0181283	0.010097	0.000697358	0.00296775	0.0544331	0.00281057	0.00187853	0.307417	0.00622539	0.29638	0.0552263	0.00205611	0.00303835	0.00236808	0.00498095	0.00682915	0.0164909	0.192587	0.00323711	0.0121516
18	0.0385079	0.00398235	0.0236748	0.0747059	0.0441157	0.00808973	0.0296769	0.0500979	0.0281568	0.174594	0.0390666	0.033882	0.00530438	0.100148	0.0392892	0.0846043	0.0408226	0.090053	0.000887708	0.0903402
19	0.0772161	0.0036242	0.0536512	0.0882795	0.00325911	0.0483499	0.0180001	0.0112942	0.0563305	0.0100071	0.00433866	0.0200854	0.324171	0.036294	0.0435497	0.136125	0.0387455	0.0198262	0.000849286	0.00600347
20	0.0737468	0.0226382	0.00143389	0.0107692	0.276098	0.00526721	0.0462609	0.0297527	0.0244038	0.0509674	0.0188861	0.011862	0.00856093	0.0167466	0.0392113	0.030749	0.0291818	0.0555202	0.0300794	0.217864
21	0.021141	0.0142585	0.000986017	0.00384053	0.0758559	0.00296826	0.00296764	0.247746	0.00918313	0.328751	0.0642114	0.00243026	0.00447541	0.00156021	0.00749268	0.010124	0.0222734	0.157721	0.00484779	0.0171652
22	0.0402265	0.0141604	0.12022	0.180163	0.00410981	0.0261085	0.0327015	0.0195399	0.0887158	0.039117	0.00592354	0.0858431	0.00277377	0.0872456	0.0917759	0.0771706	0.0403685	0.0299547	0.00639974	0.00748244
23	0.0861097	0.00610094	0.0497999	0.143886	0.00339761	0.0171265	0.0143779	0.00953864	0.104055	0.0437014	0.0259544	0.035884	0.00463883	0.139487	0.248465	0.0365895	0.016822	0.0086588	0.00130618	0.00410045
24	0.358889	0.0164237	0.00515517	0.0103339	0.00540453	0.0897989	0.0265549	0.0314198	0.0465607	0.0210263	0.0112418	0.017076	0.0196223	0.0161747	0.013243	0.170775	0.0523931	0.0819382	0.00193767	0.00403195
25	0.0254244	0.0187347	0.00141193	0.00497341	0.0775665	0.00344748	0.00328949	0.21542	0.0101598	0.351428	0.0589837	0.00302239	0.00440119	0.00148364	0.00840769	0.0122426	0.0297489	0.145699	0.00593989	0.0182152
26	0.0285931	0.00448031	0.0151589	0.0341579	0.0114028	0.0356696	0.0527995	0.0134922	0.201941	0.0352104	0.0159664	0.07153	0.00535051	0.0483512	0.214451	0.122377	0.0643112	0.0175834	0.00318041	0.00399304
27	0.0193526	0.00911217	0.000655168	0.0030168	0.045184	0.0024156	0.00151762	0.341701	0.00515671	0.258293	0.053947	0.00207489	0.00421943	0.00311097	0.00385106	0.00580579	0.0139098	0.214685	0.00244475	0.00954592
28	0.0494042	0.00992819	0.0311486	0.0399832	0.0148398	0.100769	0.037368	0.0128969	0.135963	0.0241374	0.0148677	0.0677699	0.0168782	0.0452335	0.178908	0.127006	0.0587079	0.0187247	0.00255959	0.0129056
29	0.0409852	0.001395	0.294498	0.329599	0.00209392	0.0249273	0.0146787	0.010675	0.0188707	0.0149508	0.0119205	0.0506227	0.0142242	0.043575	0.014692	0.049921	0.0371467	0.0169584	0.00156111	0.00670523
30	0.00731018	0.00736801	0.0009247	0.000959536	0.0350045	0.00317574	0.00128218	0.0890871	0.00602589	0.625131	0.173269	0.000835505	0.00748955	0.00284195	0.00291077	0.00568985	0.0033188	0.0243423	0.000176863	0.00285609
31	0.0304817	0.00291872	0.0217783	0.0272506	0.010563	0.0483923	0.0506258	0.00640483	0.204934	0.0231638	0.0129235	0.0728119	0.00399754	0.0470291	0.239487	0.114645	0.0679607	0.0100417	0.00137341	0.00321677
32	0.0387692	0.0139498	0.0182469	0.0373199	0.015443	0.0224141	0.0764169	0.00795208	0.187893	0.0326709	0.0200766	0.0644317	0.00189712	0.06438	0.240866	0.0819594	0.0448028	0.0112313	0.00169355	0.0175856
33	0.0136923	0.00462287	0.00042183	0.0023605	0.0189217	0.00179857	0.000614749	0.449067	0.00199905	0.194275	0.0406278	0.0021991	0.0014775	0.00431566	0.00122734	0.00195702	0.00715676	0.250975	0.000212228	0.00207746
34	0.0533343	0.0101092	0.045348	0.0479439	0.00964467	0.0758703	0.0279066	0.0101312	0.0938394	0.0158319	0.0119448	0.111692	0.0110368	0.0397047	0.0823522	0.172847	0.153854	0.0156286	0.00197211	0.00900902
35	0.0714267	0.061234	0.00408965	0.0485614	0.00198781	0.0133894	0.01756	0.0113354	0.131354	0.026387	0.0166196	0.00386489	0.00483652	0.125257	0.118844	0.196413	0.0926069	0.0506793	0.000686923	0.00286638
36	0.00853154	0.00824215	0.00104592	0.00128439	0.0372457	0.00319205	0.00132671	0.0960254	0.00608889	0.610145	0.165702	0.000909942	0.00721891	0.0027271	0.00325587	0.0059365	0.00431994	0.0327551	0.000429649	0.00361748
37	0.0566	0.0253233	0.00221991	0.00413536	0.0192302	0.00581838	0.0125086	0.225594	0.015202	0.0597347	0.0386792	0.0141118	0.000826762	0.0160077	0.0170477	0.0511339	0.0858936	0.329997	0.000142091	0.0197941
38	0.123612	0.0649628	0.0038439	0.0407566	0.00277071	0.0139595	0.0105903	0.0126517	0.160825	0.0219853	0.0165905	0.00570701	0.00679135	0.0898907	0.13468	0.177404	0.0636093	0.0440215	0.000912925	0.0044347
39	0.0135979	0.004294	0.000422354	0.00242607	0.0169457	0.00192554	0.000565337	0.450518	0.00212505	0.182702	0.0391986	0.00202141	0.00163007	0.00420761	0.00119535	0.00198621	0.00730367	0.265128	0.000101608	0.00170521
40	0.0957258	0.00579135	0.00501261	0.0185655	0.00493258	0.0607429	0.0183598	0.0305293	0.060652	0.0227366	0.0422725	0.0323749	0.0181419	0.02072	0.0645699	0.198222	0.234133	0.0503797	0.00308819	0.0130497
41	0.381923	0.0224351	0.00473003	0.00574913	0.00451964	0.385944	0.00275938	0.00450565	0.00878654	0.00910225	0.00425715	0.00684586	0.0103486	0.00625038	0.00591793	0.0905968	0.0276298	0.0153297	0.000979626	0.00138973
42	0.0463313	0.0158374	0.010087	0.0220961	0.0162867	0.00758711	0.00942722	0.229371	0.0229425	0.0758866	0.0331825	0.0132079	0.00322493	0.0295043	0.0197882	0.0410942	0.0891122	0.300482	0.000575324	0.0139758
43	0.0177713	0.00158363	0.000610284	0.00369984	0.00330844	0.00475458	0.00144633	0.365525	0.00844176	0.0690979	0.00614386	0.00165208	0.00342551	0.00204684	0.00359238	0.00819504	0.0195764	0.477407	0.000184149	0.0015376
44	0.0270968	0.00887203	0.00146914	0.00447953	0.0102305	0.0046699	0.00425116	0.338008	0.00914969	0.0806359	0.01799	0.00783816	0.00271503	0.0064888	0.00691991	0.0213627	0.0872451	0.353893	0.000517886	0.00616679
45	0.0311818	0.00457215	0.026254	0.0305656	0.0106539	0.0645304	0.0481243	0.00886252	0.206334	0.0210617	0.013516	0.0796677	0.00574579	0.0512973	0.239241	0.0895935	0.0467655	0.0128754	0.00153253	0.00762425
46	0.138756	0.0757868	0.00622932	0.0163063	0.00746138	0.0277318	0.0153855	0.0229801	0.0329078	0.0335395	0.0202598	0.0339074	0.0127666	0.026071	0.0469822	0.250918	0.179451	0.0372602	0.00321953	0.0120796
47	0.042525	0.0643781	0.00695812	0.00670088	0.0147651	0.0161036	0.0415182	0.00682745	0.0163231	0.00667324	0.00534296	0.0916196	0.00730775	0.00938111	0.0220308	0.26499	0.315653	0.0191055	0.000871985	0.0409238
48	0.0734005	0.00203413	0.217182	0.236259	0.00271078	0.0405899	0.0181043	0.0141306	0.0247977	0.0182524	0.00846982	0.0393911	0.0837586	0.0673517	0.022514	0.0593307	0.0382488	0.0250748	0.00121201	0.00718776
49	0.0163882	0.00194104	0.000604594	0.00360965	0.00680641	0.0044387	0.00129074	0.37071	0.0075771	0.0901515	0.0111133	0.00142996	0.00446607	0.00194159	0.00319379	0.00678386	0.0169034	0.448567	0.000334597	0.00174875
50	0.0423391	0.0149667	0.0216453	0.0302422	0.0384414	0.028971	0.0999702	0.00995931	0.1398	0.0281627	0.0190567	0.0578487	0.00365023	0.0677409	0.206598	0.0831022	0.0463866	0.0142808	0.00260538	0.0442324
51	0.107267	0.00342795	0.0115288	0.0224868	0.00560511	0.022794	0.00448328	0.00576057	0.0122107	0.0123824	0.00447656	0.00791477	0.6121	0.0205555	0.0124605	0.0840176	0.025628	0.0215625	0.000638514	0.00269899
52	0.0492881	0.0109708	0.0561573	0.100402	0.00718992	0.0344364	0.0359566	0.0151273	0.148911	0.0294823	0.0136635	0.0676501	0.0072401	0.0783625	0.160061	0.105666	0.0495519	0.0206921	0.00170671	0.00748497
53	0.0287555	0.0117182	0.00209903	0.00619427	0.0335032	0.00380896	0.00242196	0.298206	0.00574708	0.271743	0.0485776	0.00319475	0.00295904	0.00480011	0.00487302	0.01189	0.0204006	0.229339	0.00179764	0.00797075
54	0.0548274	0.0246781	0.00210105	0.00427341	0.0219215	0.00553967	0.0125156	0.227883	0.0150255	0.0736593	0.0394493	0.0133301	0.000913863	0.0151793	0.016442	0.0491511	0.0824568	0.320105	0.000438017	0.0201102
55	0.0412603	0.00378682	0.0152541	0.0658774	0.0394552	0.0065497	0.03825	0.0358834	0.0296441	0.196728	0.0427546	0.0352645	0.00394453	0.112729	0.0416734	0.0850273	0.0364799	0.0637916	0.00110629	0.104539
56	0.613861	0.022834	0.00339388	0.00460694	0.00801781	0.0693752	0.0038023	0.00600794	0.00748967	0.0254593	0.00672714	0.00533318	0.0103865	0.00614229	0.00517379	0.125214	0.0361803	0.0368902	0.00122634	0.00187904
57	0.230835	0.0278065	0.0038539	0.00818645	0.00339459	0.0305791	0.0384299	0.0428977	0.0405212	0.0180302	0.0124502	0.0419275	0.0262755	0.0271458	0.0134553	0.14471	0.163311	0.119519	0.00235687	0.00431401
58	0.0354975	0.0170327	0.00500464	0.0269166	0.31362	0.00810274	0.0443302	0.0335857	0.0124492	0.0751581	0.023725	0.0129594	0.00527919	0.0204548	0.0183907	0.0231374	0.0204275	0.0486215	0.016424	0.238883
59	0.00965254	0.00492232	0.0108706	0.0531251	0.012846	0.00294934	0.00623239	0.115648	0.168779	0.0599538	0.0320941	0.021785	0.00248366	0.0926634	0.108878	0.0390237	0.123491	0.113785	0.00436005	0.0164559
60	0.0984498	0.124884	0.0223821	0.0399065	0.0230344	0.0214415	0.0390825	0.0379494	0.0488491	0.0356073	0.0249226	0.0399327	0.0102239	0.0997383	0.0528263	0.131568	0.0719574	0.0454167	0.00326362	0.028564
61	0.0598411	0.0148496	0.0169277	0.0722494	0.00380647	0.0414043	0.00915526	0.0157714	0.0845703	0.160655	0.0745033	0.0471951	0.0343978	0.199993	0.05912	0.0520153	0.026884	0.0217109	0.000920413	0.00402979
62	0.0409852	0.001395	0.294498	0.329599	0.00209392	0.0249273	0.0146787	0.010675	0.0188707	0.0149508	0.0119205	0.0506227	0.0142242	0.043575	0.014692	0.049921	0.0371467	0.0169584	0.00156111	0.00670523
63	0.106738	0.131853	0.0113049	0.0184359	0.0166065	0.0185492	0.0227972	0.044591	0.0255327	0.0282795	0.0202727	0.0464435	0.0107535	0.0280886	0.0315673	0.178546	0.176102	0.057286	0.00282061	0.0234328
64	0.0274068	0.00319381	0.0298418	0.0280415	0.0367239	0.271703	0.0412897	0.00478313	0.0988227	0.00806749	0.00497729	0.130522	0.0123934	0.045887	0.0996044	0.0848121	0.0154018	0.00557826	0.00568667	0.0452632
65	0.131698	0.00852543	0.00348451	0.0156756	0.00454982	0.0594985	0.0175712	0.0335912	0.0274691	0.0242956	0.0268376	0.0502765	0.0142432	0.0157801	0.035069	0.207097	0.259587	0.0498463	0.00829541	0.00660802
66	0.0592512	0.00137675	0.0595163	0.113247	0.0205637	0.0180501	0.00456725	0.128232	0.0241788	0.107575	0.0299413	0.0107091	0.0113371	0.0533608	0.0136072	0.0389886	0.0668002	0.23175	0.000546283	0.00640209
67	0.0551698	0.0245918	0.00212645	0.00435336	0.0190767	0.00547	0.0119091	0.232687	0.0156646	0.0596431	0.0375009	0.0139039	0.000791439	0.0152537	0.0163479	0.0496264	0.0817968	0.332936	0.000150576	0.0210005
68	0.0165832	0.00429441	0.0617709	0.0573588	0.00466655	0.0390464	0.0217105	0.00621207	0.123707	0.0417964	0.00742785	0.0228924	0.174134	0.00773134	0.238719	0.0834118	0.0580909	0.0257465	0.00109132	0.003609
69	0.0694481	0.0139069	0.0481019	0.0718997	0.0144077	0.0869334	0.0758892	0.0115393	0.0881429	0.0217597	0.0134065	0.119517	0.0119796	0.0915282	0.090121	0.0891821	0.0413573	0.0154422	0.00143074	0.0240066
70	0.11382	0.00250896	0.102114	0.150107	0.0020322	0.0521193	0.0297116	0.0224548	0.0431833	0.0103973	0.00431393	0.0258773	0.161272	0.0734821	0.0396375	0.0786113	0.0444417	0.0351542	0.000489393	0.00827119
71	0.0345292	0.0217839	0.00181936	0.0110414	0.367181	0.00628049	0.0338168	0.0250424	0.0089073	0.0550348	0.0284258	0.0106755	0.00421543	0.0126666	0.0157198	0.0208942	0.0136126	0.0357458	0.0208821	0.271725
72	0.0201341	0.00448237	0.0101016	0.0145693	0.00736628	0.0244684	0.041855	0.00823521	0.28895	0.0257193	0.012594	0.0356848	0.00242169	0.0393632	0.36407	0.0548695	0.0330021	0.00744231	0.000841632	0.00382937
73	0.0213363	0.0161487	0.00139631	0.0102332	0.405048	0.00720036	0.0345513	0.0182185	0.00295578	0.0577639	0.0219463	0.00586552	0.00287446	0.0106845	0.00596319	0.0115476	0.00800537	0.028752	0.0173816	0.312127
74	0.0703416	0.0135662	0.0136856	0.02587	0.00824828	0.0274065	0.0136637	0.0368238	0.0231322	0.0147023	0.0335134	0.0332473	0.0133337	0.0152856	0.0292326	0.235025	0.352807	0.030533	0.00252611	0.00705705
75	0.0450843	0.00978764	0.0126874	0.122604	0.00539316	0.0243422	0.0107102	0.031834	0.0572404	0.10518	0.0373212	0.041373	0.0760695	0.245061	0.0710687	0.0389685	0.041348	0.0161044	0.00135725	0.00646539
76	0.143909	0.00692549	0.0117226	0.0154552	0.00860098	0.0361666	0.00817063	0.0128751	0.0145113	0.0252128	0.00788051	0.0113381	0.459084	0.0262588	0.0283237	0.080801	0.0385348	0.060011	0.000904247	0.00331414
77	0.107943	0.00828618	0.00468695	0.0117185	0.00538081	0.0501384	0.0133554	0.0381732	0.040644	0.0322736	0.0287095	0.0398068	0.0257976	0.0169945	0.0475159	0.190146	0.240316	0.0874535	0.00358822	0.00707209
78	0.0650241	0.00842552	0.0116949	0.0218154	0.0106305	0.0252085	0.00633037	0.0873012	0.108337	0.0561473	0.0563905	0.0289683	0.00570978	0.071367	0.0906234	0.075736	0.112115	0.146015	0.00133608	0.0108248
79	0.117464	0.179039	0.0102495	0.0210279	0.0129274	0.019904	0.0150259	0.0400415	0.0201794	0.0205379	0.0126027	0.0289464	0.00680339	0.0260881	0.0295677	0.278939	0.104221	0.033775	0.00275618	0.0199034
80	0.125705	0.00417028	0.0198512	0.00730189	0.0184303	0.0250424	0.0176407	0.00592398	0.0345562	0.0706955	0.0281974	0.00644434	0.187259	0.0196366	0.151776	0.109602	0.0645769	0.0991869	0.000828746	0.00317415
81	0.0915302	0.00532132	0.0403036	0.0744999	0.0140999	0.137827	0.0699777	0.00474262	0.0351915	0.00829157	0.00647583	0.20586	0.00751418	0.0229307	0.050132	0.161103	0.0265258	0.0074945	0.00243017	0.0277489
82	0.120792	0.00182337	0.0854876	0.136546	0.00112755	0.0567062	0.0310075	0.0202337	0.0447311	0.00657943	0.00193933	0.0228704	0.192035	0.0755208	0.0421035	0.0803199	0.0407021	0.0302609	0.000389339	0.00882414
83	0.0798437	0.00606075	0.0184546	0.0247668	0.0174354	0.0367339	0.00973707	0.0414573	0.0721889	0.0795494	0.048251	0.0373677	0.0162047	0.0893217	0.0748169	0.0979786	0.112635	0.112638	0.000731146	0.0238271
84	0.0799111	0.0494512	0.00954928	0.02856	0.0148964	0.021093	0.0179959	0.054809	0.11415	0.0571483	0.0596408	0.0268633	0.0100757	0.0598289	0.110999	0.084892	0.0689774	0.113549	0.00293882	0.0146706
85	0.196981	0.007354	0.0438221	0.0292831	0.0100065	0.0740199	0.00260403	0.00323376	0.00424122	0.0305697	0.0248944	0.151365	0.0197926	0.134161	0.00384937	0.177858	0.0547528	0.0230853	0.000655031	0.00746999
86	0.110753	0.0048673	0.045282	0.0886225	0.00485823	0.108588	0.0891181	0.00551505	0.0324924	0.00807109	0.0062864	0.236983	0.00659801	0.0242442	0.0420078	0.141071	0.0215731	0.00734746	0.0012422	0.0144796
87	0.0321888	0.00393509	0.0173079	0.0246799	0.0105695	0.0384373	0.0589551	0.00635757	0.222292	0.0226712	0.0147449	0.0642671	0.00196352	0.0500812	0.271245	0.0945667	0.0514014	0.00898557	0.00137158	0.0039789
88	0.0568543	0.00198194	0.0251606	0.0303119	0.0170522	0.0464632	0.0283934	0.00878643	0.142038	0.0231257	0.0224554	0.073914	0.00437075	0.0484585	0.134918	0.176831	0.130528	0.0230772	0.0014396	0.00384095
89	0.0924763	0.25109	0.00449557	0.0126218	0.00481265	0.0139841	0.00845479	0.0380227	0.0084345	0.00993845	0.00572721	0.0223259	0.00437063	0.0215142	0.0199954	0.339274	0.113008	0.00929118	0.00194867	0.018215
90	0.00952256	0.00494278	0.0108582	0.0531784	0.012891	0.00294234	0.00629463	0.115738	0.168973	0.0599813	0.0318099	0.0217918	0.00247534	0.0924297	0.108875	0.0390012	0.123922	0.113523	0.00430591	0.0165436
91	0.0234806	0.0166783	0.00130106	0.00900612	0.396641	0.00600765	0.0356822	0.0183643	0.00322599	0.0578246	0.0222142	0.00589765	0.00301181	0.010967	0.00699357	0.0119339	0.00868407	0.0304508	0.0190097	0.312626
92	0.0632886	0.0264211	0.00446577	0.00439651	0.016562	0.0108515	0.0117724	0.203564	0.0204975	0.0584611	0.0388893	0.0156094	0.0018726	0.0209239	0.0235797	0.0534713	0.0907136	0.316263	0.000195872	0.0182005
93	0.0265915	0.00661641	0.35155	0.0959363	0.0039732	0.0402402	0.0146295	0.00875249	0.0351932	0.0133147	0.00725016	0.162377	0.00521776	0.0361029	0.0510048	0.0939714	0.0348199	0.00679982	0.000574162	0.00508434
94	0.067146	0.0242059	0.00157685	0.0105927	0.275215	0.00576609	0.0434028	0.0259597	0.023023	0.0509471	0.0205537	0.0116972	0.00671851	0.022309	0.0370047	0.0283861	0.0327086	0.0518754	0.0392252	0.221687
95	0.0540366	0.0133862	0.035172	0.0655875	0.0110267	0.026357	0.0345466	0.0211979	0.142345	0.0446881	0.0218399	0.0448252	0.012475	0.11674	0.195293	0.070044	0.0473315	0.0297209	0.00171288	0.0116739
96	0.00659636	0.003592	0.00359923	0.00517557	0.00198397	0.00527282	0.00780572	0.0118693	0.388958	0.0240202	0.0101028	0.0116149	0.00281988	0.0273819	0.435219	0.0207095	0.0253963	0.00587622	0.00049223	0.00151376
97	0.0146116	0.00365639	0.000431012	0.00254494	0.0143203	0.00210599	0.000556031	0.440296	0.00283592	0.167096	0.0336254	0.00178261	0.00184063	0.0038653	0.00128479	0.0024743	0.00863663	0.296382	0.000119058	0.00153436
98	0.0162264	0.00436896	0.00940186	0.0252682	0.00808713	0.0171709	0.0328908	0.0377899	0.266293	0.0373232	0.0162317	0.035965	0.00338938	0.0473224	0.286656	0.0626215	0.0563056	0.0277413	0.00238022	0.00656613
99	0.0150802	0.00562301	0.000429015	0.00259198	0.0209878	0.00200064	0.000597743	0.418751	0.00214736	0.195098	0.0483302	0.00197399	0.0018446	0.00450672	0.00147657	0.0026428	0.00755763	0.264926	0.000415748	0.00301847
100	0.0570738	0.0112808	0.130773	0.197862	0.00793469	0.0290732	0.0261006	0.0228341	0.0604536	0.0420105	0.0168006	0.0534761	0.0195835	0.11056	0.0583145	0.0701285	0.041553	0.0302201	0.00141833	0.0125487
101	0.0426857	0.00353289	0.276102	0.340973	0.00228861	0.025125	0.015185	0.0103257	0.0238808	0.0137842	0.0091992	0.0508102	0.0117119	0.0415787	0.0222029	0.0531378	0.0345578	0.0151915	0.00132816	0.00639888
102	0.0851244	0.0555799	0.075151	0.0399565	0.00647625	0.0127781	0.0555624	0.0300594	0.0159593	0.0114068	0.0317512	0.133432	0.0275044	0.0118656	0.0165308	0.171612	0.195136	0.0150783	0.00180472	0.00723035
103	0.279707	0.0169276	0.00918179	0.0112972	0.00492992	0.0595054	0.0171679	0.0359855	0.0200792	0.0219976	0.00689534	0.0419225	0.120213	0.044884	0.0134627	0.114341	0.0861121	0.0902176	0.00143188	0.00374003
104	0.0734926	0.00169893	0.10316	0.14989	0.00153098	0.0588433	0.0269382	0.0060523	0.0702597	0.0121618	0.00262302	0.142722	0.00405197	0.0504062	0.0622422	0.15627	0.063699	0.00882708	0.000578334	0.00455217
105	0.0421642	0.00213506	0.273154	0.311318	0.00380812	0.0243781	0.0156465	0.01489	0.0220289	0.0196164	0.0131521	0.0524874	0.0133918	0.0483737	0.0182555	0.0520925	0.0393985	0.0227716	0.00162338	0.00931479
106	0.0500938	0.0193434	0.00223924	0.00499635	0.0146684	0.0057643	0.00971409	0.253138	0.0144807	0.0610196	0.0297109	0.0110947	0.00147227	0.01246	0.0140663	0.0413196	0.0704921	0.36781	0.000181774	0.0159345
107	0.0852554	0.00258434	0.00999308	0.0186209	0.00490061	0.0305521	0.00460035	0.00405607	0.0123563	0.0111276	0.0039976	0.00824503	0.623956	0.0201223	0.0121674	0.0881118	0.03784	0.0180951	0.000544748	0.00287314
108	0.166319	0.00463731	0.0122709	0.0065102	0.0124628	0.0471185	0.0112961	0.00954449	0.020447	0.0555063	0.0150243	0.0120862	0.22261	0.0224315	0.101986	0.110329	0.066221	0.0993333	0.000716385	0.00314927
109	0.0321904	0.00491701	0.0112786	0.0118756	0.00587256	0.714581	0.0065538	0.00386362	0.0286595	0.00592535	0.00444012	0.0180811	0.0187049	0.0134403	0.0253433	0.0678441	0.0129518	0.00621837	0.00119217	0.00606696
110	0.146348	0.221225	0.00579007	0.0272772	0.00462658	0.0232207	0.00545526	0.0566825	0.0115102	0.00973898	0.00626012	0.0252134	0.00473802	0.0330418	0.0414589	0.290755	0.0568865	0.010406	0.00137625	0.0179896
111	0.0275287	0.0148452	0.00197526	0.00547763	0.0527371	0.00408471	0.00301033	0.210487	0.00728871	0.366674	0.0722656	0.00483716	0.00343257	0.00344801	0.00653803	0.0118794	0.0278092	0.16113	0.00316139	0.0113897
112	0.0894591	0.00372409	0.0134147	0.0212208	0.00585579	0.0321095	0.00482729	0.00485997	0.012324	0.0130633	0.00541074	0.0102804	0.613214	0.0209933	0.0142264	0.0786281	0.0324879	0.0200419	0.000593284	0.00326554
113	0.108712	0.0119577	0.0239051	0.0382903	0.0136058	0.0693763	0.025298	0.0203079	0.0943654	0.0720882	0.0279467	0.0405595	0.0320344	0.0526446	0.161163	0.0966011	0.0539875	0.044423	0.00225984	0.0104736
114	0.0462094	0.0902352	0.00473021	0.00474825	0.0187038	0.0143106	0.0451786	0.00358517	0.0117785	0.00511042	0.00377064	0.123475	0.00236052	0.00423818	0.0231009	0.248306	0.28922	0.0209953	0.000771635	0.0391705
115	0.00924742	0.0100171	0.00106278	0.00129409	0.0438697	0.00316843	0.00171665	0.106888	0.00675076	0.579577	0.160945	0.00103888	0.00731898	0.00247251	0.00356115	0.00575586	0.00596505	0.0426494	0.000814164	0.00588781
116	0.0409563	0.00140483	0.294161	0.331458	0.00207342	0.0248317	0.0146493	0.0106105	0.018798	0.014835	0.0118918	0.050301	0.0144641	0.0432566	0.0147486	0.0496602	0.0368661	0.0168221	0.0015554	0.00665643
117	0.0162819	0.000696975	0.000582582	0.00389523	0.00181082	0.00499966	0.00124219	0.363861	0.00892616	0.0596821	0.00197208	0.00120213	0.00381244	0.0013711	0.0034183	0.00733734	0.0188797	0.498791	0.000195457	0.00104178
118	0.0360505	0.011697	0.00167725	0.00577533	0.00881568	0.00521058	0.00853866	0.363347	0.0108915	0.0504361	0.0187847	0.00713292	0.00245963	0.00831203	0.00926666	0.0290057	0.0465245	0.366281	0.000270246	0.00952298
119	0.0632944	0.0298665	0.00628259	0.0151593	0.0261721	0.00754727	0.00115552	0.0727711	0.00213272	0.507446	0.0321145	0.00159365	0.00128327	0.00176135	0.0058458	0.0244813	0.0147427	0.17615	0.00257334	0.00762621
120	0.0426235	0.00826028	0.132911	0.184543	0.00748187	0.0259603	0.0478179	0.0166884	0.0855455	0.0422724	0.00995704	0.0633798	0.013006	0.0799675	0.11261	0.0615637	0.03491	0.0171752	0.0015077	0.0118184
121	0.110403	0.00362616	0.0484541	0.0915849	0.00398778	0.115192	0.0843624	0.00446902	0.0294906	0.00639798	0.00501341	0.247064	0.00453416	0.0211074	0.039831	0.143641	0.0208663	0.00594453	0.00106958	0.0129616
122	0.027886	0.00209521	0.449337	0.242246	0.00175133	0.0252123	0.0154722	0.00677828	0.0134798	0.00980722	0.00776776	0.0538815	0.00956734	0.0314932	0.0119553	0.0399882	0.0308561	0.01198	0.0011014	0.00734472
123	0.100561	0.0351013	0.00213916	0.00340127	0.0202554	0.0136558	0.00455177	0.100416	0.028698	0.163236	0.157966	0.0723506	0.00176632	0.0219937	0.0262368	0.0430338	0.0993944	0.102694	0.000610798	0.00193812
124	0.0777578	0.0338336	0.00249326	0.00427287	0.0165999	0.00629498	0.0119193	0.215685	0.0140884	0.0616414	0.0345399	0.0136169	0.00414206	0.0143022	0.015001	0.0470759	0.0907441	0.318698	0.000418261	0.0168754
125	0.0219983	0.00283027	0.501724	0.199225	0.0016275	0.0275618	0.0129644	0.00565724	0.0130112	0.00824213	0.0064046	0.0654187	0.0074734	0.0284274	0.0144705	0.0392422	0.0274657	0.00938331	0.000833922	0.00603817
126	0.0716171	0.0548224	0.00445029	0.0447514	0.00230494	0.0153777	0.0175604	0.0138185	0.140863	0.0282633	0.0201858	0.00599998	0.004534	0.11615	0.12388	0.183577	0.092934	0.0546976	0.000703838	0.00350889
127	0.191454	0.088735	0.00468207	0.00694341	0.00959274	0.0112771	0.0148297	0.123181	0.0136718	0.0489612	0.0268608	0.0150433	0.0247282	0.0129342	0.0115722	0.05159	0.0884878	0.24526	0.00144121	0.00875407
128	0.0285681	0.00794559	0.0120047	0.0220464	0.00942558	0.0223967	0.0504894	0.0111947	0.241368	0.0283139	0.020403	0.0446229	0.00258545	0.0550565	0.31624	0.0588844	0.0376327	0.0180274	0.00128439	0.01151
129	0.0894832	0.00226802	0.00571248	0.012935	0.00535405	0.0197878	0.00227209	0.00281729	0.00717146	0.0106	0.00351844	0.00566118	0.701998	0.0176571	0.00490778	0.0712202	0.0182429	0.0158497	0.000551029	0.00199229
130	0.044434	0.00548995	0.00832789	0.00991973	0.00479289	0.749109	0.00589731	0.00340633	0.0207264	0.00563808	0.00385467	0.0149208	0.0160203	0.0103663	0.0151552	0.0579808	0.0106716	0.00728786	0.000887974	0.00511285
131	0.0309604	0.00204425	0.416569	0.25616	0.00165407	0.0266563	0.0140267	0.00744522	0.015653	0.0108095	0.0082451	0.0533838	0.0107256	0.0360886	0.0139627	0.0436909	0.0323817	0.0122509	0.00112505	0.00616697
132	0.0109072	0.00340348	0.00368212	0.00833511	0.00190474	0.0057872	0.00719397	0.00989817	0.358678	0.0244936	0.0113512	0.00989672	0.00275335	0.0320776	0.45564	0.0187653	0.0260725	0.00698476	0.000368871	0.00180618
133	0.0547884	0.0249043	0.00209657	0.004234	0.0196691	0.00545676	0.011808	0.232557	0.0153927	0.0630946	0.0380899	0.0136447	0.000809083	0.0150384	0.0161587	0.0489155	0.08115	0.331197	0.000225042	0.0207703
134	0.0572763	0.00779842	0.0433262	0.0827862	0.0184645	0.0135947	0.00969536	0.153092	0.0204774	0.085976	0.0321199	0.0139071	0.00825863	0.0396837	0.0178677	0.0442231	0.0769567	0.264884	0.000456551	0.00915497
135	0.0238496	0.0129449	0.000963086	0.00374052	0.0616976	0.00319211	0.00239012	0.284405	0.00728551	0.299423	0.0569654	0.0024951	0.00381846	0.00241935	0.00593168	0.00945322	0.0190864	0.18267	0.00367413	0.0135943
136	0.0470808	0.0193102	0.00228445	0.00436979	0.0140962	0.00568121	0.00968335	0.249818	0.0130712	0.0563039	0.0287268	0.0148703	0.0014667	0.0128684	0.0140835	0.0433436	0.115738	0.331793	0.000276892	0.015134
137	0.0377787	0.00541877	0.0101234	0.012228	0.00453644	0.760301	0.00449701	0.0054323	0.0185503	0.00830028	0.00479613	0.0130814	0.016193	0.010327	0.0110429	0.0528293	0.0100687	0.00911778	0.00128519	0.0040927
138	0.146113	0.222955	0.00432542	0.0147586	0.00449555	0.0135102	0.00472051	0.108651	0.00774682	0.0103003	0.00616641	0.0143456	0.00435362	0.0336564	0.0218619	0.243372	0.0856415	0.0102865	0.00178646	0.0409537
139	0.0315412	0.0154271	0.00282346	0.0100332	0.103204	0.00741458	0.0171997	0.0876234	0.0117233	0.370993	0.116966	0.00512729	0.0273322	0.0083404	0.0092494	0.0169126	0.0178852	0.0780801	0.00504085	0.0570828
140	0.0552609	0.0233356	0.00287938	0.00518334	0.017583	0.00646103	0.0119426	0.22318	0.0170217	0.0586837	0.0369788	0.0181218	0.00121281	0.016281	0.0199367	0.0513006	0.0894691	0.325933	0.000296016	0.0189387
141	0.32226	0.0333597	0.00409489	0.00705844	0.00498984	0.0397409	0.0156702	0.0522325	0.018718	0.0238475	0.00759803	0.0348278	0.0903911	0.0267591	0.0121129	0.0791602	0.0852454	0.136328	0.00143805	0.00416766
142	0.0546662	0.0244427	0.00209469	0.00435113	0.0195468	0.00544182	0.0116747	0.234034	0.0155198	0.061459	0.0375243	0.0137753	0.000820997	0.014992	0.0161756	0.0489262	0.0807585	0.332699	0.000198604	0.0208983
143	0.136171	0.00581989	0.0110913	0.00922355	0.0308802	0.0516673	0.00718377	0.0117264	0.0121696	0.0570771	0.0107066	0.012525	0.387498	0.0282795	0.0370215	0.0767353	0.0364156	0.0674446	0.00139765	0.00896556
144	0.0352432	0.00216268	0.365651	0.284158	0.00183665	0.0250922	0.0139291	0.00864012	0.0170159	0.0122264	0.00919133	0.0566569	0.0122397	0.037683	0.0145958	0.0464761	0.0348201	0.0147131	0.00120393	0.00646531
145	0.0169404	0.00104341	0.000604982	0.00388	0.00210326	0.00507195	0.00142836	0.361608	0.0091393	0.0593382	0.0024349	0.00143093	0.00376172	0.00156771	0.00373683	0.00809738	0.0199982	0.496197	0.000196682	0.00142085
146	0.206579	0.010263	0.00309022	0.00431609	0.0212589	0.0710051	0.0057171	0.00387002	0.01506	0.0235169	0.049273	0.0211877	0.0124761	0.0154774	0.0226405	0.389224	0.0779316	0.0368233	0.00626679	0.00402333
147	0.199071	0.0339661	0.0130227	0.0475214	0.00349304	0.0148951	0.0115389	0.0152896	0.116713	0.0166816	0.0252571	0.00810167	0.0277019	0.106347	0.0769354	0.137374	0.072245	0.0682642	0.000793854	0.00478728
148	0.00731018	0.00736801	0.0009247	0.000959536	0.0350045	0.00317574	0.00128218	0.0890871	0.00602589	0.625131	0.173269	0.000835505	0.00748955	0.00284195	0.00291077	0.00568985	0.0033188	0.0243423	0.000176863	0.00285609
149	0.197492	0.00648374	0.0041562	0.00559575	0.024691	0.0698483	0.00599322	0.00531996	0.0235657	0.0188303	0.047028	0.0270336	0.0105832	0.0209461	0.0343799	0.372701	0.0816773	0.0306882	0.00932985	0.00365648
150	0.101731	0.0311761	0.00322346	0.00430536	0.0195243	0.0183553	0.0045319	0.0862732	0.0411483	0.144378	0.153455	0.0643189	0.00254182	0.0236552	0.0415576	0.0492876	0.0972673	0.10922	0.000594413	0.00345559
151	0.20971	0.0057381	0.0106593	0.00911732	0.00830951	0.0709921	0.00516621	0.0125926	0.00794776	0.0301771	0.00555	0.031602	0.335136	0.0499228	0.0127193	0.0899907	0.0430217	0.0580205	0.000791774	0.00283588
152	0.0410245	0.00142353	0.294142	0.330117	0.00209542	0.0249936	0.0146774	0.0106489	0.0188773	0.0148982	0.0119135	0.0505192	0.01416	0.0435437	0.0147042	0.0499341	0.037154	0.0169351	0.00155456	0.0066842
153	0.0398337	0.00466312	0.0102277	0.0135512	0.00303771	0.746685	0.00528438	0.00437257	0.0240103	0.00425861	0.00272383	0.010714	0.0331714	0.0129333	0.0120289	0.0509715	0.00946304	0.00750212	0.000676179	0.00389183
154	0.016261	0.000680698	0.000587736	0.00389716	0.00186393	0.00500606	0.00123543	0.364326	0.00892949	0.0605593	0.00208738	0.00120697	0.00379538	0.00136876	0.00340385	0.00733354	0.0188565	0.497365	0.000196813	0.00103871
155	0.0173455	0.00643285	0.00603484	0.00929824	0.00444672	0.046963	0.00764109	0.00826396	0.103714	0.00903963	0.00747935	0.0156105	0.0186934	0.0741374	0.0660647	0.237325	0.33006	0.0101414	0.000973999	0.0203344
156	0.028242	0.0032913	0.0308895	0.0274115	0.00630267	0.651618	0.00882173	0.00434052	0.0354546	0.00615099	0.00331174	0.0343861	0.0167814	0.017145	0.0275256	0.0708385	0.0144872	0.00595325	0.00116737	0.00588112
157	0.0468497	0.018235	0.00656968	0.019126	0.04455	0.0065134	0.00371787	0.179826	0.0106666	0.345898	0.0544107	0.0074604	0.00370455	0.00897844	0.00914797	0.0218958	0.0370918	0.159768	0.00367524	0.0119146
158	0.0310406	0.00361945	0.0164989	0.0238577	0.00992456	0.0372076	0.0551314	0.00636546	0.232871	0.0218562	0.0138283	0.0633776	0.00196466	0.0477825	0.277488	0.0939245	0.0501052	0.00849378	0.00127041	0.00339187
159	0.209923	0.0108035	0.043431	0.0281328	0.00684917	0.0737316	0.00288772	0.00331225	0.00468976	0.019977	0.0376796	0.156195	0.0120613	0.121648	0.00405956	0.189246	0.0422646	0.0241825	0.00067899	0.00824603
160	0.0304617	0.0192056	0.00321291	0.00843231	0.0835213	0.00436759	0.00415741	0.211405	0.0130848	0.318461	0.0574721	0.00375758	0.00701957	0.00385188	0.0100098	0.0147118	0.0300219	0.148345	0.0074405	0.0210601
161	0.111151	0.00759924	0.0186414	0.0271732	0.0101363	0.466029	0.0219401	0.00573566	0.0233516	0.0108426	0.00821911	0.0809719	0.0233867	0.0276367	0.0215144	0.0889963	0.0201807	0.0128664	0.00173335	0.0118937
162	0.0780505	0.0330188	0.00290812	0.0037384	0.0170127	0.0133029	0.00937733	0.158499	0.0215606	0.09895	0.0901964	0.040783	0.00155725	0.0255395	0.0224842	0.0498985	0.0963153	0.226108	0.000319187	0.0103802
163	0.00726704	0.00356386	0.00389484	0.00584775	0.00213097	0.0059441	0.00884019	0.0108249	0.376447	0.0248109	0.00957347	0.0123785	0.00288208	0.0296751	0.438988	0.0230843	0.0258225	0.00591844	0.000452774	0.00165372
164	0.0462764	0.00435873	0.248438	0.436271	0.00154258	0.0223568	0.00988972	0.00689379	0.0184534	0.00949897	0.00799662	0.0311997	0.0100633	0.0324668	0.0186483	0.0471621	0.0320493	0.0106962	0.0011951	0.00454359
165	0.00979817	0.00796459	0.00110248	0.00118731	0.0351128	0.0044669	0.00148691	0.0890842	0.0064888	0.611326	0.173104	0.00174139	0.00836582	0.00318615	0.00329125	0.00680209	0.00453708	0.0274043	0.000221611	0.00332805
166	0.052118	0.0786153	0.00505033	0.00509999	0.0216407	0.0144024	0.047188	0.00476592	0.0115213	0.00580674	0.00454656	0.135174	0.00274903	0.004848	0.0230817	0.216334	0.300207	0.0282507	0.000817308	0.0377832
167	0.0398909	0.0186491	0.0188932	0.0146338	0.221096	0.00597385	0.152934	0.0161057	0.0217823	0.0460954	0.0208219	0.020382	0.00480896	0.0300172	0.030169	0.0321278	0.0262379	0.0280016	0.0168988	0.234481
168	0.00519	0.00353842	0.00297916	0.0035004	0.00133139	0.00360856	0.00474318	0.0109369	0.397726	0.0236764	0.00918959	0.00825538	0.00293727	0.026162	0.448947	0.0170786	0.0235117	0.00509835	0.000257614	0.00133257
169	0.0782601	0.0275836	0.00231938	0.00413415	0.0219257	0.0116202	0.00677069	0.101553	0.0208658	0.201797	0.157621	0.0624019	0.00206557	0.0228808	0.0192257	0.0345088	0.120601	0.10108	0.000632248	0.00215402
170	0.192024	0.0675228	0.00475323	0.00723105	0.00608433	0.0573395	0.0128616	0.0122002	0.0098069	0.0579687	0.0475153	0.0132778	0.00676512	0.0111381	0.00979205	0.278909	0.0467828	0.149736	0.00176141	0.00653122
171	0.0242901	0.0160348	0.00204055	0.00532531	0.0654091	0.00617207	0.00257322	0.25833	0.00845824	0.310474	0.0545722	0.0032018	0.00397009	0.00314642	0.00671929	0.0126023	0.0214343	0.175785	0.00412431	0.015338
172	0.0344469	0.00708745	0.0177274	0.0249777	0.00988353	0.0338239	0.060168	0.013693	0.208421	0.0349594	0.0239433	0.0725148	0.0031655	0.0514334	0.24694	0.0819123	0.0421768	0.0239081	0.00199199	0.00682507
173	0.00746148	0.00744774	0.000927778	0.000987642	0.0356008	0.00316214	0.00130608	0.0901616	0.00605251	0.622989	0.172144	0.000836261	0.00750337	0.00281625	0.00296035	0.0057599	0.00346463	0.0252227	0.000241465	0.00295407
174	0.0901694	0.033559	0.00240529	0.0040516	0.0151926	0.00582749	0.0118224	0.212825	0.0137448	0.0515506	0.0313609	0.0138785	0.00480644	0.014299	0.0143449	0.0494143	0.0993156	0.314662	0.000504704	0.016265
175	0.0721213	0.00173703	0.103623	0.148602	0.0015648	0.0586161	0.0264318	0.00599082	0.0715244	0.0118247	0.00266522	0.145824	0.0024903	0.0501878	0.0629162	0.156741	0.0638304	0.00835831	0.000540291	0.00441172
176	0.108831	0.250009	0.00434209	0.0150115	0.00386455	0.0154728	0.00597155	0.0416782	0.00810292	0.0113408	0.00710325	0.0168447	0.00459896	0.0231075	0.022714	0.342875	0.0853287	0.0138805	0.00188301	0.0170393
177	0.0194156	0.0109825	0.000756646	0.00315537	0.0609237	0.0029409	0.00223223	0.294217	0.00685532	0.299878	0.0580296	0.00214072	0.00338453	0.00224419	0.00538467	0.00789684	0.0174869	0.184891	0.00357661	0.0136072
178	0.620349	0.0609271	0.00466356	0.00686598	0.0305676	0.0322186	0.00338266	0.00817343	0.00554895	0.0264775	0.00764249	0.00637128	0.00665235	0.00613033	0.00715534	0.0833658	0.0411614	0.0368616	0.00258003	0.00290487
179	0.0943268	0.00256943	0.0138013	0.0303669	0.00420862	0.0202609	0.00570681	0.00451375	0.0130138	0.00903692	0.00413158	0.0082097	0.637902	0.0204957	0.010888	0.0787208	0.0215677	0.0166406	0.000669524	0.00296952
180	0.129187	0.00851139	0.029607	0.0129025	0.00682572	0.0244277	0.0191785	0.00739516	0.04869	0.0191591	0.0287564	0.0795581	0.0153166	0.00936345	0.0362574	0.377187	0.128417	0.0133905	0.00210135	0.00376829
181	0.0166364	0.000970789	0.000652658	0.00441979	0.00215869	0.00484467	0.00166732	0.384836	0.00857569	0.0597914	0.00356616	0.00124427	0.0043499	0.00164641	0.00340354	0.00765941	0.0184957	0.47378	0.00020498	0.00109597
182	0.0244911	0.0164413	0.00151241	0.00861696	0.38468	0.00593741	0.0408287	0.0183693	0.00353357	0.0573401	0.0223898	0.00584997	0.00362589	0.0120144	0.00763414	0.012495	0.00911184	0.0306551	0.0200929	0.31438
183	0.02783	0.00461678	0.0104068	0.0124314	0.00415632	0.738692	0.00687528	0.00364825	0.0351772	0.00579916	0.00380218	0.0147109	0.0174168	0.0138936	0.0259266	0.053032	0.0105522	0.00594166	0.000975787	0.00411554
184	0.0786233	0.0477954	0.0310832	0.0275134	0.0310318	0.0156316	0.219716	0.00694657	0.0469195	0.0124161	0.020608	0.092187	0.00248228	0.0935104	0.0605007	0.060608	0.0403729	0.0114262	0.000688829	0.0999386
185	0.0409165	0.0015877	0.291314	0.326939	0.00215858	0.024924	0.0152526	0.010977	0.0201864	0.0157303	0.0118414	0.0512386	0.0140528	0.0446891	0.0155808	0.0501879	0.036961	0.0170327	0.00161475	0.00681503
186	0.0417143	0.003283	0.221354	0.273964	0.0084425	0.0234787	0.0168951	0.0274234	0.0306019	0.0268607	0.0101042	0.0586518	0.00938165	0.0620902	0.0296773	0.0593531	0.0441824	0.0437535	0.00144216	0.00734628
187	0.0156591	0.00165237	0.000800577	0.00582842	0.00381385	0.00389481	0.00282044	0.452216	0.00705605	0.0698195	0.00851673	0.00162244	0.00339167	0.00237507	0.00313189	0.00796909	0.0148329	0.39324	0.000282961	0.00107554
188	0.0149729	0.00567196	0.00704765	0.0124516	0.00385535	0.0124062	0.0163035	0.0126061	0.342967	0.0255695	0.0124913	0.0215941	0.00407877	0.0370569	0.385189	0.0376354	0.0327077	0.0116828	0.000774943	0.00293712
189	0.0057485	0.00350448	0.00298329	0.0038595	0.00138082	0.00382313	0.00493928	0.0108496	0.392868	0.0242362	0.00937544	0.00847065	0.00291488	0.0269887	0.450229	0.0170609	0.0237551	0.00534695	0.000273397	0.00139191
190	0.392915	0.0140603	0.00558827	0.00666521	0.00425721	0.363163	0.00394127	0.00368986	0.0110443	0.00877816	0.00439845	0.010648	0.0156744	0.00833036	0.00693692	0.0974629	0.0267108	0.0128384	0.000933881	0.00196303
191	0.0136219	0.00350839	0.000404485	0.00249393	0.0137837	0.00204026	0.000554211	0.450341	0.00296656	0.167208	0.0319868	0.00176062	0.00177928	0.00375527	0.0013722	0.00238099	0.00896764	0.28945	0.000102428	0.00152298
192	0.0815471	0.0304117	0.00558371	0.0124418	0.0251353	0.00722781	0.0045935	0.133005	0.00895698	0.317036	0.0431989	0.0106647	0.00407489	0.00822465	0.00984136	0.030153	0.0563268	0.200406	0.00216332	0.00900723
193	0.0309826	0.0232358	0.00285451	0.0063998	0.0492405	0.00546376	0.00353858	0.166009	0.00785852	0.421	0.0826977	0.00388691	0.00474401	0.00378757	0.00686994	0.0163186	0.020729	0.129768	0.0028367	0.011778
