210	20
1	0.239274	0.016451	0.00159839	0.0230344	0.045643	0.0392372	0.00107544	0.0420467	0.00767043	0.170461	0.0450914	0.00337936	0.00583012	0.00828739	0.00737095	0.0415959	0.0183455	0.242934	0.0155242	0.0251491
2	0.239327	0.0163881	0.00159449	0.0230975	0.0455468	0.0392474	0.00109484	0.0419762	0.00765962	0.170277	0.0453852	0.00336265	0.00582823	0.00826063	0.00734695	0.0415745	0.0184303	0.242963	0.0155026	0.0251366
3	0.053306	0.00180708	0.00199987	0.00829921	0.0171088	0.00272513	0.00688273	0.123773	0.0104181	0.122926	0.00716774	0.0260753	0.0137864	0.00344603	0.00359778	0.0210755	0.0618331	0.511261	0.0005728	0.00193839
4	0.0939051	0.0212927	0.0020028	0.00672719	0.117756	0.00906282	0.00877132	0.059356	0.00477452	0.392007	0.0540443	0.00679253	0.00294422	0.0198815	0.0137853	0.0400398	0.00689986	0.12978	0.004007	0.00616959
5	0.261109	0.0205526	0.00504144	0.0363805	0.0395218	0.0163853	0.00334578	0.0206244	0.0249453	0.114226	0.0105631	0.0148903	0.00779782	0.00826873	0.0118109	0.201334	0.0794261	0.114116	0.0027811	0.00687966
6	0.239274	0.016451	0.00159839	0.0230344	0.045643	0.0392372	0.00107544	0.0420467	0.00767043	0.170461	0.0450914	0.00337936	0.00583012	0.00828739	0.00737095	0.0415959	0.0183455	0.242934	0.0155242	0.0251491
7	0.0692476	0.0209592	0.00254627	0.00488325	0.131619	0.00441708	0.0105035	0.0614092	0.00523614	0.425987	0.0619449	0.00726487	0.00268489	0.0208468	0.0157218	0.0371051	0.00726473	0.101983	0.0030519	0.00532329
8	0.239204	0.0164818	0.00160282	0.0230054	0.0456649	0.0391469	0.00107535	0.041996	0.00766825	0.170475	0.0450856	0.0033887	0.00583563	0.00830604	0.00736688	0.0415779	0.0183391	0.243066	0.0155417	0.0251719
9	0.0735589	0.00182267	0.10796	0.0548631	0.00175435	0.0700671	0.0683783	0.00620289	0.107135	0.00699552	0.00197105	0.0879266	0.0630445	0.059022	0.0876998	0.0952992	0.0318871	0.0306137	0.00581452	0.0379846
10	0.0583607	0.0132603	0.0200186	0.0281272	0.0259999	0.0389246	0.0245921	0.0204299	0.030228	0.0338614	0.0334733	0.034667	0.0258997	0.0277361	0.0514168	0.0967945	0.0314421	0.045426	0.315289	0.044053
11	0.0455562	0.00296168	0.0365103	0.0669865	0.0276106	0.0386677	0.0313714	0.00976358	0.0728932	0.174631	0.0772005	0.0426559	0.00344561	0.140271	0.0671614	0.0381537	0.0324915	0.0659573	0.00165382	0.0240574
12	0.140784	0.000666144	0.0435758	0.0292743	0.00176771	0.0141427	0.0169102	0.00583535	0.0263787	0.0180835	0.00888656	0.0313636	0.453178	0.012482	0.0515655	0.068892	0.0328919	0.0240203	0.00451221	0.0147894
13	0.167312	0.00374494	0.00411507	0.00764247	0.0118375	0.624885	0.00897819	0.00811995	0.00574506	0.00534928	0.003594	0.00757661	0.0308367	0.00953034	0.0315478	0.04026	0.0144032	0.00607681	0.000940771	0.00750364
14	0.0400963	0.00670389	0.0023821	0.0288579	0.00195238	0.0194828	0.0534961	0.010065	0.227786	0.00561271	0.00277273	0.020992	0.00249878	0.110364	0.30826	0.0408312	0.078341	0.0221365	0.00501413	0.0123549
15	0.23938	0.00812522	0.0151186	0.0219497	0.0169468	0.282938	0.00643435	0.10206	0.0162588	0.0281674	0.0112245	0.0245356	0.0292587	0.0189336	0.0227539	0.045933	0.0375923	0.0537663	0.00503432	0.0135887
16	0.090815	0.0127284	0.0272727	0.0351771	0.0126838	0.0373142	0.0101397	0.0419591	0.0638184	0.0317176	0.0170994	0.0656142	0.024038	0.0397839	0.0674729	0.113857	0.209419	0.0766633	0.0045055	0.0179208
17	0.0489381	0.00702351	0.0184852	0.0221476	0.0359716	0.0362968	0.0235754	0.0289495	0.0232457	0.0799592	0.0777927	0.029433	0.0143848	0.0234493	0.043	0.0497626	0.023792	0.0477117	0.320483	0.0455985
18	0.033818	0.00415636	0.0367598	0.0239472	0.174222	0.0191799	0.0224954	0.0892156	0.0282218	0.0425662	0.0162934	0.0908754	0.0104372	0.0150831	0.0289884	0.0306942	0.020183	0.0253278	0.00501592	0.282519
19	0.0635959	0.00273251	0.0101712	0.0101507	0.00758939	0.704437	0.0108883	0.00775476	0.00899274	0.00881301	0.00560183	0.0190606	0.010324	0.0112876	0.0418741	0.0420991	0.0134478	0.00926609	0.00533616	0.00657734
20	0.0754334	0.00173489	0.143034	0.0882174	0.00276609	0.0246018	0.0221511	0.0105274	0.0611747	0.0174673	0.00818572	0.0639181	0.0738771	0.159154	0.0660377	0.124984	0.01563	0.0250109	0.00291178	0.0131814
21	0.137693	0.000702574	0.0220759	0.0244336	0.00128301	0.0185703	0.0136324	0.00701341	0.0197034	0.0160272	0.00407853	0.0180003	0.570578	0.0209356	0.0443929	0.0466778	0.0158652	0.0113995	0.00127734	0.00565975
22	0.0240463	0.0039671	0.150487	0.0691797	0.0209651	0.0181091	0.00555302	0.0182646	0.0131228	0.0531748	0.00638263	0.266757	0.0126695	0.0113932	0.0129796	0.0452342	0.108244	0.0586118	0.00189174	0.0989665
23	0.0285866	0.000651868	0.149307	0.0615737	0.00704998	0.130062	0.0133175	0.00248365	0.041509	0.00393263	0.00883199	0.368719	0.00469363	0.0237286	0.00494746	0.0842437	0.0516868	0.00244763	0.00308912	0.00913867
24	0.0852422	0.00570649	0.0239372	0.0219514	0.0114857	0.456003	0.0107655	0.0221574	0.0244193	0.0125051	0.00886563	0.0593231	0.0235636	0.0193643	0.0367083	0.0732233	0.0675092	0.0221375	0.00397942	0.0111529
25	0.0551347	0.00599188	0.00867691	0.0106288	0.00580096	0.719533	0.0131265	0.00541998	0.01465	0.00580877	0.00346648	0.011805	0.00823106	0.0138315	0.0556655	0.0372712	0.0101672	0.00722806	0.00103213	0.00653044
26	0.396633	0.006811	0.0213086	0.021595	0.00774428	0.0708251	0.00845032	0.0104584	0.0247111	0.00831131	0.00876092	0.0630069	0.0100028	0.0305981	0.0255989	0.186669	0.0763911	0.0148585	0.00209565	0.0051695
27	0.0647344	0.455246	0.0136685	0.0213445	0.00970745	0.0273181	0.0117718	0.0147747	0.0344169	0.0219604	0.0142333	0.0312355	0.0109995	0.0351362	0.0881781	0.072143	0.0248048	0.021447	0.00541312	0.0214661
28	0.065543	0.00410341	0.00358973	0.006555	0.00714502	0.753027	0.0114765	0.00531253	0.00587197	0.00470361	0.00356637	0.00572703	0.00840037	0.00984668	0.0481354	0.0356161	0.00812321	0.00583426	0.00102054	0.00640257
29	0.0105558	0.000761795	0.00194654	0.00326329	0.343633	0.00268251	0.0373176	0.0396815	0.00291859	0.0402199	0.00780582	0.0165455	0.0016103	0.00289634	0.00334725	0.00917711	0.00297433	0.00306975	0.00185125	0.467742
30	0.132482	0.0148164	0.012103	0.0231373	0.00537896	0.0750127	0.00862213	0.0174704	0.0762458	0.0338651	0.00977235	0.0449718	0.018673	0.0238547	0.0634298	0.235659	0.159761	0.035184	0.00285854	0.00670208
31	0.0277551	0.00059834	0.150299	0.0613461	0.00715509	0.130801	0.0132091	0.00237891	0.0429922	0.00383649	0.00907302	0.369707	0.00460965	0.023906	0.00509676	0.083151	0.0497946	0.00228311	0.00292884	0.00907883
32	0.0479762	0.000818576	0.00289259	0.00916429	0.00872104	0.00347157	0.00695736	0.115038	0.0118812	0.0910915	0.00248925	0.0298691	0.0183075	0.00321375	0.00413712	0.0215268	0.0845046	0.534874	0.000631966	0.00243332
33	0.063887	0.00170788	0.132483	0.0802386	0.00706904	0.126782	0.0126764	0.00642474	0.0343418	0.00575129	0.00698873	0.288328	0.0143066	0.0245999	0.0134683	0.0919663	0.0570609	0.00765152	0.0121272	0.0121405
34	0.0342988	0.00250096	0.0453911	0.0601394	0.0136652	0.055276	0.0157849	0.0119912	0.112638	0.160669	0.0580735	0.0590962	0.00463632	0.135326	0.0909929	0.0284148	0.036042	0.0583373	0.00172919	0.0149978
35	0.112061	0.00178109	0.0532592	0.033731	0.00206802	0.02564	0.0348969	0.00631527	0.0564	0.0142768	0.00674292	0.0451734	0.314808	0.0219752	0.0676895	0.0840667	0.0529396	0.023157	0.00734859	0.0356697
36	0.131856	0.00246751	0.0226467	0.0259454	0.00234212	0.0234132	0.00872939	0.00789848	0.0214945	0.0162414	0.00384976	0.0216678	0.561941	0.0240587	0.0407335	0.0483283	0.0173111	0.0109122	0.00223609	0.00592736
37	0.0119592	0.00075567	0.00215246	0.00365774	0.373735	0.00299074	0.033351	0.0459952	0.00306287	0.0467715	0.00977531	0.0152963	0.001636	0.00300041	0.00370142	0.00837224	0.00411567	0.00415288	0.00192225	0.423596
38	0.0821166	0.00449827	0.0544547	0.0142351	0.00899407	0.0724552	0.00758062	0.0263912	0.0590241	0.0436331	0.0651309	0.188809	0.00796706	0.0146962	0.0888989	0.180894	0.0199984	0.0175732	0.00272486	0.039924
39	0.148625	0.0392901	0.00795481	0.00518275	0.00314946	0.0667369	0.00184893	0.00757359	0.0342982	0.0163714	0.00293681	0.0550064	0.0318823	0.00503442	0.0173138	0.417289	0.120449	0.0152381	0.000824344	0.00299466
40	0.0417278	0.00406271	0.0614017	0.0456856	0.0102358	0.0280639	0.0100731	0.0184436	0.151563	0.115347	0.0969544	0.0690937	0.00504488	0.120433	0.112313	0.0356749	0.020679	0.0347707	0.00217115	0.0162599
41	0.0764557	0.00409983	0.0124187	0.016608	0.00799961	0.187851	0.00624425	0.303617	0.0142273	0.0229153	0.00781647	0.0816952	0.00746969	0.017401	0.0172279	0.0230681	0.0709904	0.10813	0.00296818	0.0107962
42	0.319685	0.0138676	0.00947235	0.0255467	0.00765554	0.0522859	0.0033231	0.017332	0.0222592	0.0269985	0.00722605	0.0285726	0.0145452	0.0141656	0.0193443	0.254082	0.103183	0.055592	0.00102005	0.00384375
43	0.216474	0.114715	0.0109225	0.0176158	0.0139249	0.246358	0.00946404	0.0204847	0.0201019	0.0215795	0.00892701	0.0267567	0.0278429	0.0240569	0.032102	0.105523	0.0395222	0.0239348	0.00360676	0.0160876
44	0.0566608	0.00412633	0.00873133	0.0126163	0.0214633	0.100021	0.00646111	0.283398	0.0138119	0.108077	0.0462519	0.0275007	0.00744914	0.0106061	0.0151657	0.021129	0.0364518	0.205564	0.00332494	0.0111904
45	0.0353866	0.00113267	0.141296	0.0580458	0.00753671	0.142279	0.0114388	0.00280447	0.0408317	0.00424104	0.0089662	0.345944	0.00594816	0.0216971	0.00752845	0.0984679	0.0512104	0.00312414	0.00361489	0.00850561
46	0.032141	0.00251077	0.0965244	0.124185	0.00401904	0.0126971	0.00460863	0.0319001	0.0213946	0.0520761	0.0157981	0.0259917	0.0707412	0.226627	0.0696798	0.138666	0.0140725	0.0464628	0.0017371	0.00816583
47	0.162384	0.00439992	0.0115096	0.0595147	0.0100165	0.0134797	0.00706625	0.0867136	0.0160953	0.135689	0.00906175	0.0579622	0.105699	0.0125424	0.0182435	0.159675	0.0211475	0.0970454	0.00272669	0.00902852
48	0.0209699	0.0015349	0.00323947	0.00465692	0.035673	0.00842072	0.00422531	0.346263	0.0081001	0.20419	0.0821477	0.00623261	0.00209591	0.00439815	0.0172674	0.0184052	0.0333376	0.18277	0.00157004	0.0145013
49	0.0109462	0.000751445	0.00204743	0.00339085	0.36497	0.00276146	0.0353817	0.0417747	0.00290643	0.042848	0.00872283	0.0159779	0.00157372	0.00287329	0.00346736	0.0085741	0.00332464	0.00350067	0.0018059	0.442401
50	0.0481129	0.00404311	0.0471734	0.0527511	0.00435497	0.0097	0.00538248	0.011427	0.223028	0.0734173	0.090745	0.0475152	0.00412924	0.172951	0.13177	0.0258183	0.0135958	0.0193811	0.00198623	0.0127177
51	0.0381755	0.000910376	0.198519	0.0440968	0.00733052	0.129647	0.0157172	0.00344422	0.0642165	0.00622288	0.00760477	0.314124	0.00647611	0.024521	0.0204756	0.0710308	0.0299781	0.00388857	0.00219054	0.0114303
52	0.060496	0.00376989	0.0125072	0.011868	0.00740167	0.725462	0.0113149	0.00901386	0.00619582	0.00576725	0.00386835	0.0177189	0.00997347	0.0114958	0.0398807	0.0365105	0.0108484	0.00822702	0.000895433	0.00678428
53	0.0426931	0.00180667	0.0208729	0.128724	0.00525859	0.00582724	0.00369295	0.0629272	0.115357	0.106414	0.0741633	0.0162682	0.0035255	0.168704	0.124294	0.0366	0.0300558	0.0354068	0.00116528	0.0162431
54	0.0543415	0.00386414	0.055279	0.0954228	0.0100352	0.35435	0.0641255	0.0144336	0.0315715	0.0172901	0.00899559	0.0605567	0.0158041	0.0428327	0.0434794	0.0532347	0.0244881	0.023601	0.00509263	0.0212021
55	0.0667886	0.501249	0.0129659	0.0191553	0.011577	0.0296693	0.00946795	0.018934	0.0219403	0.0271374	0.0154857	0.0332	0.0100542	0.0255371	0.0508841	0.0784133	0.0227873	0.023283	0.00448525	0.0169852
56	0.0649007	0.002619	0.0115582	0.00930936	0.0080224	0.724674	0.011314	0.00630192	0.00892149	0.00593599	0.00383937	0.0174486	0.0125533	0.0110623	0.0413979	0.033276	0.0109867	0.00756061	0.00127133	0.00704675
57	0.406754	0.00488492	0.0125535	0.0152325	0.00810061	0.0316923	0.00774497	0.00982367	0.023237	0.0104982	0.0193053	0.0283785	0.00757597	0.0335562	0.023203	0.232788	0.100352	0.0181306	0.00123403	0.00495539
58	0.0657443	0.500832	0.013613	0.0195051	0.0109306	0.0290475	0.00830223	0.0179772	0.0202828	0.0273851	0.0132286	0.0347915	0.0115815	0.024741	0.049123	0.0866634	0.0216497	0.0262614	0.0038217	0.0145184
59	0.0103668	0.000766051	0.00192116	0.00318999	0.341128	0.00269722	0.0380734	0.0386357	0.00290883	0.0392251	0.00749323	0.0168801	0.00159364	0.00281593	0.00329555	0.00904916	0.00286482	0.00294236	0.00180023	0.472353
60	0.264706	0.00604065	0.00713542	0.0551461	0.0136764	0.0146268	0.00348342	0.0651329	0.0150059	0.116082	0.00741042	0.0411359	0.0263427	0.00819335	0.0176849	0.204855	0.0332985	0.0908766	0.00201956	0.00714838
61	0.0674	0.505209	0.0131472	0.0188086	0.00857189	0.0306367	0.00924524	0.0155251	0.0212743	0.0220889	0.0131593	0.0320395	0.0109542	0.0249885	0.049958	0.0891412	0.0228857	0.0241936	0.00620874	0.014564
62	0.0759718	0.00959675	0.0169076	0.0253833	0.00463348	0.0313879	0.0234133	0.0154115	0.131303	0.0165737	0.00966485	0.0717762	0.0185319	0.0541044	0.162523	0.156742	0.12704	0.0304001	0.00538607	0.0132504
63	0.04875	0.00261938	0.0839907	0.0682875	0.00394715	0.118574	0.0377663	0.023108	0.140428	0.010455	0.00482181	0.0736446	0.0710338	0.054836	0.0896773	0.0901577	0.0245104	0.0227643	0.00460836	0.02602
64	0.0569851	0.00199284	0.0102047	0.153551	0.0176926	0.00517549	0.00804918	0.0073267	0.191691	0.0226113	0.00683285	0.104823	0.0146665	0.162165	0.134189	0.0321087	0.00706722	0.051948	0.00137577	0.00954373
65	0.14073	0.000448786	0.018384	0.0223236	0.000693508	0.0202117	0.00744062	0.00672192	0.0173348	0.0121836	0.00263516	0.0153031	0.607373	0.0207075	0.0377898	0.0432321	0.013736	0.00889707	0.000785629	0.00306878
66	0.0824003	0.00165449	0.00653812	0.0796934	0.0032096	0.0123876	0.00522342	0.0452665	0.128584	0.0279795	0.0296337	0.0230458	0.00221706	0.104323	0.126026	0.0549256	0.172139	0.0878744	0.00125722	0.0056213
67	0.0445866	0.0036639	0.00519966	0.0282392	0.0027006	0.0116819	0.0064201	0.0330694	0.11692	0.0249467	0.0143961	0.0521854	0.00324617	0.0640561	0.153824	0.0533336	0.285634	0.0891994	0.00197953	0.00471763
68	0.0304881	0.000506904	0.00153904	0.00303611	0.0183713	0.00280892	0.00492815	0.324792	0.0038358	0.0809357	0.0612937	0.00811401	0.00264093	0.00171273	0.00325464	0.00788966	0.0325552	0.406999	0.000375876	0.00392206
69	0.0282154	0.000464617	0.00173621	0.00231664	0.0254975	0.00315439	0.00891564	0.37457	0.00266994	0.0945486	0.0909355	0.0029049	0.0014164	0.00195554	0.00372674	0.00499926	0.028465	0.316093	0.000341344	0.00707305
70	0.0277279	0.000493221	0.00150192	0.00261194	0.0212574	0.00364651	0.00482732	0.360368	0.00401464	0.0935704	0.0723184	0.00593834	0.00212352	0.00186207	0.00363581	0.00701644	0.030476	0.351564	0.000322055	0.0047242
71	0.116079	0.0213082	0.0172068	0.0241446	0.00861571	0.0454876	0.00836393	0.0233491	0.0562331	0.0232172	0.0106507	0.0575987	0.0227374	0.0263467	0.0509586	0.244322	0.191266	0.0390819	0.00365981	0.00937284
72	0.0523143	0.00405942	0.198002	0.085374	0.0145707	0.0722172	0.0173512	0.0214021	0.0463032	0.0246308	0.0144449	0.157007	0.0315393	0.052465	0.0349384	0.0635329	0.0391162	0.0306765	0.00710268	0.0329521
73	0.0969767	0.00717042	0.0179343	0.0835853	0.0722307	0.0243077	0.0136878	0.024587	0.063744	0.142576	0.0737022	0.027704	0.00652154	0.0894198	0.0417418	0.0636095	0.0230684	0.103238	0.00469249	0.019502
74	0.0866322	0.281945	0.0163272	0.0165398	0.00979981	0.0378642	0.00680766	0.015186	0.0293592	0.0197096	0.00877623	0.0764003	0.0172772	0.0196488	0.0329612	0.225589	0.0598079	0.0221844	0.00371829	0.0134662
75	0.0595709	0.00534144	0.159751	0.0631836	0.0264899	0.0304	0.0167243	0.0206777	0.0322749	0.0230553	0.0114035	0.0896368	0.0910239	0.0288264	0.0345099	0.0523609	0.0923187	0.0449183	0.0061864	0.111346
76	0.0231052	0.00259747	0.184729	0.177262	0.0272958	0.121143	0.0107637	0.014134	0.0197723	0.0174722	0.00787004	0.137367	0.0105501	0.0407524	0.0104029	0.050756	0.0558102	0.0289943	0.00267224	0.0565507
77	0.0843464	0.00214427	0.0181663	0.0780915	0.00464483	0.00671391	0.00973984	0.00646959	0.0946974	0.0572504	0.0057125	0.0646529	0.110836	0.176336	0.198029	0.0552181	0.00606507	0.0136881	0.00168326	0.00551494
78	0.0817599	0.00982723	0.0755869	0.0322122	0.102497	0.00948766	0.00467264	0.0348591	0.00966688	0.0206825	0.0103827	0.137294	0.03553	0.00996043	0.018263	0.0385418	0.110431	0.135851	0.00180568	0.120688
79	0.108064	0.018047	0.01731	0.0362552	0.0649505	0.0304381	0.130592	0.0170175	0.0301419	0.0305272	0.0160524	0.0267665	0.0124016	0.143036	0.0832877	0.0398632	0.023572	0.0266461	0.0140982	0.130933
80	0.0376426	0.00978347	0.00250009	0.00448647	0.125486	0.00408818	0.00602504	0.0944254	0.00749405	0.442943	0.108713	0.00606298	0.00199177	0.0112895	0.0135039	0.0238203	0.0161238	0.0581972	0.00551152	0.0199118
81	0.0652507	0.00929961	0.186854	0.082511	0.0125937	0.0712533	0.0196931	0.0210029	0.0487544	0.0246829	0.0129424	0.146095	0.0289003	0.0562204	0.0362791	0.0683748	0.0430346	0.0305987	0.00573494	0.0299241
82	0.0212494	0.00509795	0.00233681	0.00399025	0.11569	0.0029124	0.00400185	0.117284	0.00772604	0.447359	0.138054	0.00504648	0.00221027	0.00665311	0.0123516	0.0174607	0.0205373	0.0430289	0.00668044	0.0203297
83	0.236599	0.023628	0.0193825	0.0235655	0.0100168	0.0482702	0.00761052	0.0185457	0.0321355	0.0319744	0.0100996	0.044733	0.0331913	0.0211284	0.0315165	0.276953	0.0819632	0.0379746	0.00268857	0.00802324
84	0.055948	0.00580579	0.00420789	0.00853825	0.00585877	0.739618	0.012683	0.00508153	0.0111228	0.00540875	0.00388489	0.00839472	0.0077596	0.0125262	0.0528745	0.0364326	0.00929469	0.00573016	0.00238205	0.00644784
85	0.114159	0.00629678	0.00469605	0.0358469	0.00218433	0.0242521	0.00273527	0.0336105	0.106592	0.0102307	0.0115138	0.0405162	0.00797721	0.0378718	0.0778269	0.157674	0.256734	0.0650776	0.000828313	0.00337662
86	0.377668	0.0166011	0.0180881	0.0243302	0.0107695	0.0410406	0.00958439	0.0157527	0.0322006	0.0256084	0.0100293	0.0367602	0.0215042	0.0237381	0.0381296	0.193668	0.0658281	0.0284127	0.00260837	0.00767762
87	0.0349454	0.00231599	0.00217558	0.00392116	0.0489984	0.0051385	0.00468592	0.314954	0.00642651	0.168692	0.0971861	0.00641773	0.00160818	0.00432193	0.00802614	0.0108913	0.024837	0.241089	0.00211237	0.011256
88	0.0471892	0.00312933	0.118293	0.0813315	0.00910373	0.161606	0.0117846	0.00929307	0.0398507	0.00890662	0.00981862	0.266655	0.011945	0.0287641	0.0169813	0.0994464	0.0480875	0.0112541	0.00381754	0.0127424
89	0.38907	0.00206179	0.0333206	0.0225451	0.00846874	0.0339642	0.0314074	0.00758834	0.0715939	0.00916731	0.00463101	0.0286003	0.022495	0.0202384	0.0979751	0.160358	0.0351322	0.00896881	0.00206845	0.0103451
90	0.0276678	0.00491303	0.00388987	0.00569183	0.088242	0.00487035	0.00438178	0.0943413	0.0088442	0.45521	0.16273	0.00663311	0.00302256	0.00850848	0.0134291	0.0182803	0.0189112	0.0349334	0.0170624	0.0184378
91	0.373367	0.0141769	0.0174285	0.0242757	0.00981932	0.0452906	0.00959532	0.0162781	0.0337287	0.0243828	0.010445	0.0338014	0.0218123	0.0236481	0.0401197	0.193409	0.0652927	0.0318304	0.00277011	0.00852782
92	0.0186829	0.0221777	0.012156	0.0129117	0.00579611	0.0104414	0.00404922	0.0925402	0.227649	0.0592008	0.0523546	0.0973085	0.00386893	0.0615613	0.128259	0.0772108	0.0112539	0.0924444	0.00241631	0.00771696
93	0.101469	0.0013956	0.0720892	0.0403826	0.00177348	0.0360931	0.036336	0.00543304	0.0674554	0.0118733	0.00525451	0.0613322	0.23047	0.0277814	0.0798027	0.102654	0.0418541	0.0279837	0.0113461	0.0372208
94	0.0614455	0.00346116	0.0136406	0.0148724	0.00579223	0.657938	0.0128236	0.00685655	0.0118685	0.00791377	0.00464178	0.0231783	0.00842263	0.0225738	0.0431818	0.0669558	0.0155456	0.00987121	0.00209503	0.00692176
95	0.0401042	0.00155404	0.025464	0.106026	0.0034604	0.0061364	0.00439811	0.0339849	0.12945	0.106264	0.0795541	0.0209131	0.00369183	0.192734	0.14772	0.0233458	0.0246713	0.0246725	0.000993975	0.0248616
96	0.042906	0.000998367	0.137594	0.0791316	0.00699948	0.142422	0.00990334	0.00374562	0.0325994	0.00345096	0.00777593	0.336807	0.0060457	0.0232895	0.00446218	0.091305	0.054928	0.00307907	0.00509056	0.00746581
97	0.0186905	0.00165995	0.210761	0.208628	0.0103637	0.126196	0.0093752	0.0204224	0.01291	0.0162146	0.00687123	0.108651	0.00938045	0.0706569	0.00993736	0.0553166	0.0453865	0.0285706	0.00238031	0.0276275
98	0.0693996	0.0014921	0.0258114	0.120306	0.00597764	0.00480722	0.0146145	0.00611109	0.148801	0.0560292	0.0146867	0.0718936	0.0458728	0.191687	0.15059	0.0391194	0.00591423	0.0186658	0.00100966	0.00721093
99	0.0560116	0.00807354	0.0108824	0.0210248	0.0762941	0.0132058	0.0106473	0.110968	0.0198707	0.316196	0.0884997	0.017384	0.0105519	0.0238354	0.0266614	0.0336531	0.0248463	0.0949154	0.00864833	0.0278309
100	0.0663876	0.0105764	0.0221126	0.0565624	0.0211354	0.0230131	0.0147042	0.047275	0.0809124	0.138945	0.0475123	0.0387122	0.0255744	0.0896794	0.154673	0.0491247	0.0361268	0.0482236	0.00795629	0.0207936
101	0.064015	0.00146409	0.169787	0.0308778	0.00309303	0.0755731	0.0490475	0.00678135	0.105166	0.0115556	0.00591217	0.181216	0.0299522	0.0391538	0.0916164	0.0731086	0.0195711	0.0152509	0.00370294	0.0231548
102	0.364112	0.00463771	0.0126261	0.0403045	0.00746334	0.0175153	0.00891354	0.0403873	0.0477498	0.0410702	0.0102127	0.0505187	0.00972383	0.0152417	0.129875	0.125011	0.0215915	0.0180195	0.00179781	0.0332292
103	0.100715	0.0039714	0.00592158	0.00865204	0.00962726	0.678733	0.0108744	0.00933051	0.00777164	0.00755993	0.00438604	0.00949756	0.0201631	0.0110853	0.0380995	0.0389862	0.0137443	0.0103097	0.00283264	0.00773977
104	0.0761786	0.00350734	0.0160449	0.112317	0.00882458	0.0155857	0.0061306	0.173254	0.0974259	0.0842752	0.0291649	0.0203993	0.00837162	0.0901529	0.0536327	0.0341085	0.0324963	0.12466	0.00212063	0.0113489
105	0.0110864	0.00153537	0.00243138	0.00367962	0.0801675	0.00355839	0.00225469	0.211373	0.0102348	0.37564	0.139799	0.00386933	0.00181879	0.0039431	0.0140179	0.0148727	0.0303174	0.0541839	0.00490501	0.0303111
106	0.0553297	0.00154874	0.167614	0.0709084	0.00288349	0.0396073	0.0255847	0.0105282	0.0705858	0.0125332	0.00584681	0.111179	0.0646469	0.112195	0.0646382	0.121954	0.0204199	0.0209776	0.00366502	0.0173541
107	0.0244251	0.000439925	0.00131804	0.00167058	0.0250393	0.00285317	0.0047395	0.391857	0.00201136	0.105251	0.0897082	0.00231519	0.000944617	0.00150406	0.00362508	0.00441261	0.0256579	0.306667	0.000323701	0.00523744
108	0.0296886	0.00166804	0.0437663	0.189471	0.00487616	0.00801633	0.00683564	0.0530699	0.0598767	0.104764	0.0629993	0.0135721	0.00777234	0.205832	0.0975596	0.0298111	0.0225574	0.0284599	0.0013939	0.0280099
109	0.0102585	0.0007683	0.00194175	0.00343648	0.338685	0.0026859	0.0385768	0.0381144	0.0029927	0.0388088	0.0073567	0.0170311	0.00160028	0.00283632	0.00327673	0.009296	0.0028173	0.00292644	0.00180556	0.474785
110	0.0421486	0.00810311	0.00177899	0.026044	0.00165719	0.0126007	0.0487973	0.00637347	0.221092	0.00468198	0.00310813	0.0186362	0.00185216	0.119948	0.340774	0.0328872	0.0758858	0.0168208	0.00568573	0.0111244
111	0.0440691	0.00747814	0.0116126	0.0398023	0.00372595	0.0174643	0.0373456	0.0155007	0.220896	0.0190319	0.016282	0.0321422	0.00638468	0.115247	0.267397	0.0389539	0.0630769	0.0241974	0.00609856	0.0132941
112	0.0744012	0.00138303	0.00461248	0.0228161	0.00841194	0.00899551	0.00498111	0.116325	0.0451289	0.062494	0.00674144	0.0259743	0.00984124	0.019108	0.0261401	0.0361785	0.113738	0.408135	0.000734008	0.00386004
113	0.13737	0.000459781	0.0246541	0.0256559	0.000734234	0.0180006	0.00850055	0.00558387	0.020481	0.0135557	0.0033901	0.0178246	0.579384	0.0183673	0.0417308	0.0494782	0.0169692	0.0105645	0.0015785	0.0057171
114	0.0715798	0.473037	0.0133075	0.0188833	0.0144898	0.0306683	0.00996914	0.018548	0.0237536	0.0283493	0.0132642	0.0329551	0.0109149	0.0251674	0.0506842	0.0882475	0.0233388	0.0275432	0.00670548	0.0185938
115	0.0236249	0.00325726	0.167109	0.156073	0.00740721	0.0164586	0.00811175	0.0689711	0.157863	0.0468748	0.0114791	0.0870983	0.0103427	0.059295	0.0513853	0.0241381	0.0134224	0.0164128	0.00218712	0.0684887
116	0.0102505	0.000796808	0.00195802	0.0032793	0.338171	0.00268939	0.0385865	0.0380132	0.00297488	0.0388405	0.00735013	0.0174555	0.00161415	0.00282879	0.00330768	0.00931473	0.00283749	0.00303983	0.00180397	0.474888
117	0.135713	0.000459127	0.0181243	0.022411	0.000755978	0.0215587	0.00746229	0.00622923	0.0197551	0.0127344	0.00259926	0.0159682	0.602854	0.0225819	0.0427944	0.0429884	0.0126993	0.00838644	0.000852838	0.00307204
118	0.0564857	0.00213088	0.168458	0.0354358	0.00467521	0.154621	0.0295494	0.00628392	0.0858364	0.0112422	0.00917055	0.179697	0.0234456	0.035264	0.0609396	0.0795386	0.0210734	0.0155115	0.00292324	0.0177176
119	0.044671	0.00165235	0.0210117	0.0947742	0.00516582	0.0100412	0.00497229	0.0390522	0.118571	0.101535	0.0783379	0.02014	0.00221747	0.174035	0.136194	0.0312242	0.057353	0.0436881	0.000938481	0.0144246
120	0.0175349	0.00283962	0.0153211	0.0133637	0.00630715	0.0404048	0.00749969	0.00831233	0.144452	0.0111402	0.0290084	0.281147	0.0522635	0.0346925	0.0445716	0.100422	0.14252	0.0113197	0.00356462	0.0333153
121	0.0245479	0.000433437	0.00130684	0.00163784	0.0249282	0.0028655	0.00474498	0.392662	0.00196231	0.104035	0.0890154	0.0023147	0.000941499	0.00149235	0.00350493	0.00427605	0.0254938	0.308574	0.000323087	0.00494029
122	0.156477	0.000984406	0.00426711	0.0667802	0.00233609	0.0291711	0.00186889	0.0435677	0.091793	0.0129934	0.0110882	0.0377176	0.00448944	0.0457678	0.0753624	0.0674895	0.245608	0.0980421	0.00123991	0.00295613
123	0.0291825	0.00302771	0.00736435	0.00881239	0.23841	0.0105473	0.0187723	0.134868	0.00933974	0.127952	0.0464415	0.0197651	0.00496052	0.00647942	0.0121159	0.0171937	0.0185637	0.0769579	0.00537967	0.203866
124	0.0383251	0.00715455	0.00159378	0.0313906	0.00139906	0.0138054	0.0562326	0.00646903	0.227347	0.00498817	0.00229815	0.0202558	0.0020594	0.122716	0.316137	0.0363918	0.0754718	0.0190376	0.00483371	0.0120938
125	0.0268544	0.000446676	0.00131285	0.00205435	0.0235413	0.00288888	0.00504609	0.370893	0.00261327	0.103152	0.0834139	0.00390573	0.00155217	0.00156732	0.00340298	0.00534779	0.0272368	0.329685	0.000392809	0.00469246
126	0.0520502	0.0029124	0.141206	0.130631	0.00683342	0.0266073	0.00873021	0.0155371	0.0303242	0.0321313	0.0454655	0.0606803	0.0288399	0.226794	0.0354511	0.0468645	0.0243549	0.0697387	0.00268152	0.0121655
127	0.0954979	0.00249182	0.0846459	0.10239	0.00291075	0.0526526	0.0911919	0.00621346	0.0928201	0.0109343	0.003162	0.061855	0.0616041	0.0798536	0.0717277	0.0767195	0.0221129	0.0501797	0.00417447	0.0268622
128	0.157797	0.00533207	0.00652296	0.0105789	0.0302164	0.561416	0.00920533	0.0107115	0.00730978	0.0157305	0.00594262	0.0095031	0.0347726	0.0113327	0.0277239	0.0287329	0.018196	0.0193243	0.00419344	0.025458
129	0.108474	0.294207	0.0103468	0.0113423	0.00543688	0.0364696	0.00473673	0.0102179	0.0214892	0.0140762	0.006499	0.0409688	0.017369	0.0131559	0.0285814	0.288447	0.060401	0.0163156	0.00184556	0.00961932
130	0.0630078	0.00966673	0.0960354	0.0419336	0.00671229	0.109874	0.00743851	0.0044258	0.0330014	0.00643615	0.00728757	0.266098	0.0120979	0.0156179	0.00946477	0.200126	0.0943622	0.00645896	0.00310146	0.00685373
131	0.137491	0.000416048	0.0186024	0.0225853	0.000679489	0.0195115	0.00741509	0.00606407	0.0176816	0.0122961	0.0025137	0.0155868	0.612805	0.0204317	0.0381728	0.0428113	0.0128896	0.00827622	0.000782525	0.00298801
132	0.0253188	0.00357041	0.0178303	0.0733676	0.183245	0.0115879	0.00634462	0.0143455	0.0124622	0.0148042	0.0365517	0.214752	0.0103957	0.0124465	0.0146085	0.0506239	0.020496	0.0804894	0.00263203	0.194128
133	0.0374973	0.00936533	0.0188474	0.0219341	0.07173	0.0363717	0.0689066	0.0241937	0.029081	0.021843	0.0226416	0.0297369	0.0162044	0.0310142	0.0468563	0.0455251	0.0211729	0.0329416	0.270489	0.143648
134	0.0211717	0.00542008	0.00203921	0.00326055	0.117081	0.00257762	0.0035273	0.116891	0.00715978	0.456183	0.136231	0.00426959	0.00162877	0.00639621	0.0115709	0.0164978	0.0204742	0.0412452	0.00648507	0.0198904
135	0.353004	0.0104549	0.0190994	0.0478344	0.0107575	0.0328967	0.0105865	0.0225534	0.0301181	0.0311715	0.00938921	0.0336859	0.0169989	0.0225182	0.0406295	0.208772	0.053496	0.034439	0.00233128	0.00926314
136	0.0266966	0.00163242	0.00176644	0.0030125	0.0523155	0.00318078	0.00435212	0.318785	0.00510865	0.192244	0.0873358	0.00424811	0.0018292	0.00315912	0.00724679	0.0101282	0.0335327	0.230896	0.00161085	0.01092
137	0.0668951	0.00243871	0.00197169	0.00964885	0.0164356	0.00636408	0.00572978	0.152068	0.0108857	0.114584	0.0173383	0.0201495	0.0097687	0.00351903	0.00369988	0.0216364	0.0601684	0.471079	0.00172906	0.00389047
138	0.0334045	0.000505765	0.00151206	0.00334965	0.0176096	0.00264023	0.00507404	0.312053	0.00452751	0.0815827	0.0558921	0.00956602	0.00347843	0.00166293	0.00317636	0.00898771	0.034584	0.416143	0.00035439	0.0038957
139	0.0413552	0.00320327	0.0238607	0.1089	0.00873052	0.00717048	0.0147466	0.0122552	0.232917	0.0344914	0.0268046	0.0635704	0.00784607	0.162907	0.151407	0.0264734	0.0203798	0.0253204	0.00244741	0.0252141
140	0.0102382	0.000766712	0.00194175	0.00321472	0.338774	0.00268528	0.0385811	0.038136	0.00296985	0.038809	0.00735328	0.0170338	0.00159782	0.00283268	0.00326987	0.00929224	0.00281547	0.00292114	0.00180021	0.474967
141	0.244117	0.0151384	0.00214844	0.0305498	0.0424594	0.0406365	0.0012876	0.0411235	0.00882179	0.159422	0.0458729	0.004209	0.006162	0.00882534	0.00902495	0.0415959	0.0205378	0.240256	0.0142428	0.0235689
142	0.0530698	0.00134429	0.160041	0.0618933	0.00707779	0.131221	0.0121334	0.00421867	0.0411223	0.00446705	0.00683724	0.324179	0.0129369	0.0217593	0.01119	0.0842294	0.0424397	0.00477194	0.00492899	0.0101384
143	0.0477494	0.00365974	0.0445656	0.0296853	0.00988785	0.215494	0.0108539	0.0132402	0.0993599	0.0841079	0.0700375	0.0539661	0.0049209	0.0816823	0.0779712	0.0454964	0.0210542	0.0738917	0.00145245	0.0109238
144	0.113249	0.00330207	0.163561	0.158485	0.00866923	0.0280603	0.0210117	0.0165862	0.033192	0.018502	0.0113616	0.0427781	0.119729	0.0454406	0.0349163	0.0554502	0.0306607	0.0292667	0.00557917	0.0602001
145	0.0676605	0.00191485	0.00550066	0.00753987	0.00746248	0.749752	0.0111523	0.00751155	0.0057971	0.00452039	0.00300559	0.0097056	0.0114695	0.00980767	0.041632	0.0327047	0.010081	0.00619646	0.000890706	0.00569471
146	0.111528	0.0059543	0.142068	0.0466671	0.0132198	0.0823877	0.00968752	0.0117529	0.031088	0.0115998	0.00817655	0.233175	0.0141104	0.0198218	0.016786	0.126149	0.0773719	0.0166544	0.0057197	0.0160824
147	0.0340527	0.000482645	0.00144269	0.0034901	0.0227543	0.00259819	0.00512661	0.315909	0.00469926	0.104098	0.0616922	0.00886177	0.00398506	0.00170613	0.00329261	0.00883003	0.0387146	0.373877	0.00041447	0.00397252
148	0.283788	0.00421428	0.0302018	0.0625789	0.00756236	0.0880266	0.00455401	0.114073	0.0185365	0.0300847	0.0077695	0.0228633	0.00990581	0.0364539	0.0230189	0.0715304	0.0703822	0.10325	0.00273688	0.00846933
149	0.0992929	0.0319705	0.0226041	0.0453103	0.00929229	0.0679009	0.0509118	0.00932641	0.0913837	0.0387993	0.0114139	0.0288984	0.0168742	0.12668	0.133268	0.0964757	0.0498099	0.0207721	0.00414388	0.0448719
150	0.0488808	0.00249264	0.0014788	0.00420451	0.0296292	0.00660909	0.00478795	0.321601	0.00321826	0.127476	0.0877649	0.00349301	0.00164887	0.00272915	0.00420337	0.00911226	0.0240869	0.307125	0.00213844	0.0073192
151	0.0244804	0.0024752	0.111471	0.356016	0.0075047	0.0391312	0.11814	0.011552	0.0113471	0.0234194	0.00695083	0.022908	0.0109331	0.0706041	0.0203847	0.0484246	0.0186477	0.0521259	0.00206604	0.041418
152	0.0245549	0.000432674	0.00130571	0.00163694	0.024915	0.00286732	0.00473876	0.39286	0.00196243	0.104092	0.0889135	0.00230722	0.000941521	0.00150121	0.00350404	0.00427873	0.0254781	0.308445	0.000322883	0.0049422
153	0.0417023	0.00418451	0.041985	0.0481474	0.00364207	0.00786561	0.00439615	0.0125995	0.240751	0.0696076	0.0895641	0.04063	0.003983	0.174639	0.142104	0.0294456	0.0121944	0.0170695	0.00224206	0.0132469
154	0.0284436	0.00257299	0.156544	0.157852	0.00446978	0.0390596	0.00531422	0.0162248	0.0136926	0.0205062	0.0316587	0.0343953	0.0633719	0.246866	0.0233544	0.0742718	0.0353853	0.0331155	0.00181699	0.0110841
155	0.451128	0.00191012	0.0211416	0.0203264	0.012513	0.0306048	0.0196838	0.00687023	0.0511806	0.00780496	0.00662157	0.0252411	0.00870164	0.0228493	0.0649443	0.176022	0.0581573	0.00832579	0.000843761	0.00512882
156	0.0402769	0.00131539	0.0225459	0.133816	0.00398684	0.00549318	0.00325873	0.0608785	0.089803	0.101397	0.0836869	0.0115875	0.00243022	0.187346	0.129773	0.0263515	0.0380242	0.0404028	0.000841776	0.0167854
157	0.137491	0.000416048	0.0186024	0.0225853	0.000679489	0.0195115	0.00741509	0.00606407	0.0176816	0.0122961	0.0025137	0.0155868	0.612805	0.0204317	0.0381728	0.0428113	0.0128896	0.00827622	0.000782525	0.00298801
158	0.131358	0.0123553	0.00518541	0.0143137	0.0706009	0.0159841	0.00644319	0.0539434	0.0106206	0.322207	0.126416	0.0105955	0.00609808	0.0157449	0.0150034	0.0358845	0.0158797	0.106071	0.0106307	0.0146641
159	0.0384487	0.00698126	0.0027912	0.0300984	0.00132666	0.0145069	0.0552175	0.00635551	0.227416	0.00464144	0.00196249	0.0227597	0.00331552	0.120464	0.308508	0.0403396	0.0779297	0.0183352	0.00486546	0.0137359
160	0.02367	0.00279356	0.0211301	0.265174	0.00755065	0.012699	0.305821	0.0108673	0.0137318	0.0433013	0.00713453	0.0155379	0.00849878	0.110048	0.0467524	0.0261652	0.010108	0.0490688	0.00255299	0.0173945
161	0.137694	0.013588	0.00669996	0.021606	0.0727905	0.0188713	0.00762798	0.0415066	0.015612	0.23606	0.0541162	0.0274442	0.00711233	0.0215811	0.0151442	0.103717	0.0200471	0.15937	0.00582911	0.0135824
162	0.0458561	0.0117366	0.020938	0.0268187	0.0263716	0.0347622	0.0248809	0.0225141	0.0365048	0.0363823	0.027434	0.0303849	0.0151116	0.0316029	0.101349	0.055333	0.03047	0.0788172	0.304285	0.0384472
163	0.068778	0.00515353	0.0170413	0.0134407	0.00621349	0.644424	0.0121242	0.00626302	0.0129997	0.00672489	0.00410582	0.0328497	0.0109014	0.0139582	0.0421771	0.066683	0.0191174	0.00772797	0.00161917	0.00769725
164	0.548809	0.00421895	0.0135487	0.0168676	0.00776086	0.0302345	0.00993868	0.00937948	0.0277025	0.0107459	0.00829273	0.0352161	0.00656517	0.0206343	0.0394153	0.149218	0.0419207	0.0108908	0.00122724	0.00741367
165	0.0491195	0.000732707	0.00201353	0.00843698	0.00815792	0.00274567	0.00626079	0.131191	0.0110804	0.0807581	0.00239834	0.0284059	0.0116767	0.0025018	0.00279187	0.0215642	0.068473	0.559422	0.000443174	0.00182685
166	0.0549555	0.0103117	0.0171007	0.0271384	0.0335013	0.036143	0.0272458	0.0272315	0.0280875	0.0435828	0.0358485	0.0276145	0.0195243	0.025948	0.0488159	0.0543294	0.0257952	0.0553654	0.348965	0.0524956
167	0.101227	0.0654511	0.0180655	0.0316018	0.00820605	0.0195835	0.0158454	0.0180526	0.148879	0.0353898	0.0611734	0.0310042	0.00760295	0.118196	0.20505	0.0370168	0.0282838	0.0229151	0.00567761	0.020779
168	0.0100836	0.00137444	0.00276093	0.00402735	0.083534	0.00349152	0.00233226	0.200836	0.0138866	0.375968	0.158508	0.0044485	0.00196959	0.00423796	0.0162023	0.0171711	0.0268563	0.0364506	0.00499942	0.0308612
169	0.0458685	0.00515214	0.159608	0.0761864	0.0225088	0.0240018	0.00840602	0.0857878	0.0250914	0.0285455	0.0082928	0.163804	0.0529934	0.0321916	0.0256105	0.0795858	0.0471071	0.0721563	0.00267361	0.0344291
170	0.137329	0.0350165	0.00867713	0.00442253	0.00283293	0.0611607	0.00193674	0.00755954	0.0346823	0.0140924	0.0029514	0.0580041	0.0346953	0.00466561	0.0189042	0.4131	0.139724	0.016202	0.00108836	0.00295488
171	0.0387256	0.00721434	0.00141797	0.0291796	0.00143684	0.01414	0.0547263	0.00655858	0.227584	0.00471739	0.00201442	0.0204518	0.00179278	0.120652	0.316392	0.0379575	0.0785877	0.0190692	0.00469711	0.0126842
172	0.137491	0.000416048	0.0186024	0.0225853	0.000679489	0.0195115	0.00741509	0.00606407	0.0176816	0.0122961	0.0025137	0.0155868	0.612805	0.0204317	0.0381728	0.0428113	0.0128896	0.00827622	0.000782525	0.00298801
173	0.0145426	0.00307531	0.00211424	0.00334903	0.103438	0.00268875	0.0026456	0.144568	0.00833516	0.434418	0.145752	0.00394485	0.00169047	0.00471357	0.0122128	0.0143524	0.0251117	0.0431464	0.00627066	0.0236298
174	0.0387966	0.0080302	0.00136928	0.0281499	0.0012997	0.0130322	0.0533164	0.00610532	0.229289	0.00439014	0.00231969	0.0199116	0.00162726	0.124971	0.320807	0.0348511	0.0778057	0.0172762	0.00486589	0.0117855
175	0.256601	0.00506794	0.00503238	0.00740483	0.0269807	0.480103	0.00422661	0.0113438	0.00669443	0.00764284	0.00416242	0.00820231	0.0886814	0.0087103	0.0125217	0.0200037	0.0262881	0.00780521	0.00166325	0.0108648
176	0.12964	0.00514081	0.0239954	0.026705	0.00381466	0.0242138	0.0106291	0.0126574	0.0225959	0.0183976	0.00499177	0.0230402	0.531049	0.0225633	0.0426656	0.0512818	0.0202472	0.0150373	0.00216941	0.0091645
177	0.0152887	0.00213325	0.00256404	0.00448718	0.143759	0.00382044	0.00209162	0.157872	0.00940512	0.364509	0.13196	0.00418602	0.0018865	0.00415938	0.0129329	0.0144865	0.0281276	0.0391672	0.00559814	0.0515666
178	0.169796	0.0204048	0.0458117	0.017033	0.00612933	0.0548868	0.00637187	0.00982306	0.0305571	0.0129419	0.00718426	0.0963627	0.0206585	0.0125391	0.0215949	0.331951	0.112197	0.0144864	0.00297279	0.0062972
179	0.0245479	0.000433437	0.00130684	0.00163784	0.0249282	0.0028655	0.00474498	0.392662	0.00196231	0.104035	0.0890154	0.0023147	0.000941499	0.00149235	0.00350493	0.00427605	0.0254938	0.308574	0.000323087	0.00494029
180	0.039092	0.00684193	0.0078248	0.028483	0.00227988	0.012197	0.0398554	0.00831841	0.233806	0.0128762	0.013258	0.0229215	0.00407068	0.12737	0.306994	0.0329289	0.0583862	0.0176919	0.0136104	0.0111941
181	0.0246965	0.000434347	0.0012907	0.00168871	0.0248189	0.0028664	0.0047572	0.391147	0.00202078	0.104378	0.0888259	0.00236772	0.000991799	0.00149817	0.00348893	0.00427802	0.0256128	0.309593	0.000329763	0.00491573
182	0.0557955	0.00292553	0.00610184	0.0289593	0.00518107	0.0139736	0.00292685	0.0280742	0.0779596	0.0158671	0.0106588	0.0486605	0.00440784	0.0398781	0.101558	0.0719283	0.381572	0.0965986	0.0017377	0.00523508
183	0.133049	0.0352653	0.00909976	0.00426326	0.00297255	0.0565786	0.00162431	0.0077716	0.0303118	0.0128785	0.00296245	0.0597827	0.0285571	0.0050795	0.0159673	0.429026	0.146972	0.0143825	0.000847871	0.00260826
184	0.0174105	0.00186284	0.203231	0.221375	0.0115712	0.114355	0.0123965	0.0168793	0.00999043	0.0323241	0.00882133	0.0525799	0.0101543	0.0709649	0.0119127	0.0596885	0.044622	0.0549138	0.00186284	0.0430845
185	0.0409946	0.00455028	0.0917553	0.0441215	0.0177083	0.137414	0.00874117	0.00646776	0.048844	0.00732845	0.00968587	0.288575	0.0110572	0.0186857	0.0115946	0.140254	0.091596	0.00699726	0.00302244	0.0106068
186	0.0549447	0.0023292	0.00252094	0.00585018	0.00564364	0.785666	0.0121521	0.00372752	0.00362997	0.00372568	0.00240194	0.00476512	0.00587853	0.00902953	0.04738	0.0338954	0.00653324	0.0042444	0.000694852	0.00498709
187	0.0381096	0.00693988	0.00160842	0.0337366	0.00133051	0.0148082	0.0545219	0.00647843	0.23467	0.0049521	0.00221757	0.0207721	0.00194641	0.12582	0.306356	0.0368427	0.0741548	0.0177821	0.00468999	0.0122627
188	0.0899688	0.000808792	0.00215504	0.050618	0.00157586	0.0161477	0.00137151	0.0357679	0.134941	0.00812617	0.0174025	0.0254646	0.00175313	0.0550765	0.0920995	0.0895075	0.284771	0.0894867	0.000654256	0.00230361
189	0.0542875	0.000938874	0.00207397	0.0106122	0.0102754	0.0035026	0.00605211	0.150459	0.0146302	0.0954816	0.00765321	0.0231307	0.0107308	0.00324957	0.00326931	0.022523	0.0678393	0.510007	0.000706101	0.00257708
190	0.0516634	0.000682258	0.00198549	0.010106	0.00834456	0.00272987	0.00634103	0.13617	0.0128748	0.0890058	0.00253452	0.0253397	0.0116703	0.00294409	0.00295544	0.0218488	0.0715959	0.538959	0.000502677	0.001747
191	0.193238	0.117492	0.0168766	0.0302473	0.0228235	0.0414942	0.0299615	0.0218232	0.034331	0.0393213	0.0211667	0.0283013	0.0139942	0.103984	0.0615508	0.057832	0.0328382	0.0373494	0.00934022	0.086035
192	0.0593409	0.00163122	0.102392	0.0496316	0.00181297	0.0500885	0.0626358	0.00607327	0.124025	0.00786205	0.00244202	0.110833	0.0606104	0.0454787	0.0970162	0.0870235	0.0413551	0.0272782	0.00605115	0.0564193
193	0.0287728	0.00141815	0.241251	0.0401174	0.00496605	0.0855611	0.0369338	0.00644245	0.0697578	0.0202651	0.0060942	0.266697	0.0082083	0.0646586	0.0390916	0.0421158	0.0171751	0.00770249	0.0011473	0.0116245
194	0.0666624	0.0010165	0.00330745	0.0120759	0.00842907	0.00701601	0.00612836	0.141286	0.012719	0.0762925	0.00499481	0.0242056	0.0104041	0.00437549	0.00444573	0.0214168	0.0673294	0.524484	0.00080576	0.00260543
