231	20
1	0.0526675	0.0017256	0.0139782	0.0148441	0.00476916	0.284108	0.00555082	0.00889676	0.0877693	0.010879	0.00802781	0.107845	0.0891675	0.0107005	0.112124	0.148671	0.0203775	0.012098	0.00119243	0.00460681
2	0.11352	0.00182462	0.0032548	0.0154417	0.0159654	0.00443762	0.00236517	0.106679	0.157733	0.123611	0.00494279	0.00409563	0.0561963	0.030233	0.224827	0.00680245	0.0304938	0.0829589	0.000729274	0.0138887
3	0.0769084	0.00193694	0.102779	0.273753	0.00408319	0.0183937	0.0158222	0.00933751	0.0768514	0.018337	0.0107255	0.0380732	0.000530159	0.167927	0.0649901	0.0638218	0.0415353	0.013372	0.000238784	0.000582909
4	0.0223782	0.00061253	0.00589628	0.0265203	0.00237018	0.00669631	0.00466214	0.00743408	0.31497	0.0225227	0.0123272	0.0108022	0.0139636	0.0395042	0.470331	0.0176784	0.0124345	0.00627982	0.000601788	0.00201395
5	0.615261	0.00161336	0.0015514	0.00605322	0.0067298	0.0246681	0.00179306	0.0265817	0.00719342	0.0275492	0.0108159	0.00603273	0.0033314	0.0048784	0.00536933	0.123954	0.0513813	0.0736587	0.000888783	0.000694865
6	0.738029	0.00051127	0.00221933	0.00286743	0.00170184	0.0283618	0.000382568	0.00260149	0.00737585	0.0128373	0.00815513	0.00338953	0.0011316	0.00411713	0.00236501	0.126041	0.0210213	0.0360506	0.000302295	0.000538818
7	0.0229928	0.000193892	0.0010828	0.000583203	0.00787715	0.000809858	0.000299014	0.51215	0.00552274	0.0731416	0.0196474	0.002601	0.00249347	0.00179491	0.000853683	0.00127579	0.00103594	0.345176	0.000127056	0.000342104
8	0.0254248	0.000823288	0.00126418	0.00329924	0.239959	0.00855926	0.000814649	0.141186	0.00697125	0.300738	0.0580838	0.00410654	0.00339001	0.00250218	0.00245602	0.00910147	0.0140124	0.151204	0.00057638	0.0255282
9	0.00920615	0.00319848	0.000322922	0.000464995	0.0422048	0.000597642	0.000255592	0.148279	0.000680828	0.601744	0.122068	0.00050013	0.000244701	0.00173968	0.00106273	0.00184112	0.00520417	0.0575962	0.000100503	0.00268756
10	0.0467895	0.000354292	0.00304851	0.00116392	0.0270638	0.00600048	0.00357281	0.194925	0.0165267	0.345754	0.0719564	0.0068993	0.000711315	0.00760323	0.0290394	0.0234974	0.0173666	0.188	0.00565085	0.00407619
11	0.101433	0.000427787	0.0240409	0.0336745	0.0945465	0.0301001	0.0349843	0.0554764	0.0455779	0.127219	0.0183279	0.0386946	0.00618875	0.0439342	0.1229	0.020673	0.0584985	0.0892186	0.000491125	0.0535929
12	0.742798	0.000412858	0.0015085	0.0024527	0.000908976	0.0267707	0.000309146	0.00241216	0.00668298	0.0127139	0.00795454	0.00324736	0.0011179	0.00327894	0.00102467	0.130736	0.0212654	0.0338537	0.000140851	0.000410286
13	0.464993	0.00241428	0.0332773	0.00229857	0.00120285	0.0584879	0.000905698	0.00299054	0.0186187	0.0150451	0.0166765	0.0036051	0.0078854	0.00373625	0.00309998	0.277533	0.0550769	0.0309191	0.00029815	0.000935615
14	0.0553743	0.000514817	0.0546033	0.169995	0.0019022	0.0185452	0.0125762	0.0162122	0.206864	0.0333442	0.00784901	0.0789637	0.0354582	0.0970377	0.122338	0.0640208	0.00576019	0.0153102	0.00051205	0.00281929
15	0.010228	0.000155292	0.00235176	0.000525406	0.0120738	0.00065281	0.000267896	0.478512	0.00213127	0.170037	0.0368813	0.00130545	0.00492974	0.000833116	0.000731002	0.00105098	0.00261295	0.273469	0.00010543	0.00114616
16	0.0106687	0.000742135	0.00167573	0.00239953	0.191613	0.00278543	0.000925967	0.0444097	0.010784	0.312372	0.161009	0.0024403	0.00380776	0.00276065	0.00283761	0.00412756	0.0389019	0.0434662	0.00787252	0.154399
17	0.0723576	0.00019656	0.246179	0.326258	0.000564	0.0418059	0.0116768	0.00236285	0.0342728	0.00334181	0.00152069	0.0525603	0.00572865	0.0422741	0.0285129	0.0786736	0.0369488	0.00818446	0.000135917	0.00644517
18	0.0606253	0.000139235	0.23477	0.516747	0.000451113	0.0164999	0.0037242	0.00372943	0.0150901	0.00981863	0.00707659	0.0201073	0.00304469	0.0505439	0.00395735	0.0253988	0.0063778	0.0157168	0.000124792	0.00605691
19	0.0708226	0.000808482	0.00285949	0.0121234	0.00481855	0.005525	0.000517556	0.341725	0.00975991	0.0687303	0.0274871	0.00423043	0.000738799	0.0234571	0.00169867	0.00683032	0.0406281	0.370143	0.000254428	0.00684208
20	0.113311	0.000907912	0.0393337	0.205609	0.0193381	0.0153987	0.00269598	0.034157	0.0873296	0.0360203	0.0359821	0.0260947	0.000863919	0.149141	0.0649708	0.0457366	0.0575123	0.0604874	0.00331066	0.00179889
21	0.105681	0.000690136	0.0181818	0.164745	0.0156051	0.0150792	0.00248177	0.0258052	0.156367	0.0483563	0.0473141	0.012036	0.001265	0.107406	0.125277	0.0265966	0.0591581	0.0585296	0.00782585	0.00159964
22	0.00457712	0.000215365	0.00149862	0.000669072	0.00910657	0.000805349	0.000346105	0.435447	0.00105603	0.302058	0.0347026	0.00087971	0.00149111	0.000982714	0.00105954	0.00137033	0.00597069	0.194886	0.000129792	0.00274867
23	0.193574	0.0164984	0.00260166	0.00719563	0.0187494	0.0376989	0.00777011	0.0635638	0.0102769	0.0470873	0.00885621	0.0123202	0.00437782	0.00542333	0.0129506	0.251283	0.211933	0.0845856	0.00128133	0.00197253
24	0.0985218	0.000665933	0.0232306	0.0327449	0.0960147	0.0284079	0.0364871	0.0552942	0.0529069	0.125837	0.0196171	0.0379481	0.00611868	0.0451469	0.123825	0.0203197	0.055981	0.0860509	0.000463052	0.0544184
25	0.0884205	0.00293246	0.103291	0.276826	0.00538464	0.0205241	0.0122286	0.0105176	0.0781168	0.0216963	0.0125613	0.035527	0.000601375	0.144829	0.0520417	0.0716094	0.0441441	0.0176965	0.000299718	0.000751906
26	0.0244469	0.000431641	0.00130768	0.00103059	0.00588254	0.00135089	0.00053628	0.285698	0.00157187	0.29069	0.235161	0.00130363	0.000907145	0.00778359	0.00159317	0.00223965	0.0175291	0.119372	0.000288162	0.000875553
27	0.490835	0.00224111	0.00365052	0.00282832	0.00188588	0.0483418	0.00123278	0.00570873	0.0182242	0.0515986	0.0203459	0.00411005	0.00648911	0.00716827	0.0066279	0.201151	0.0586514	0.0676219	0.000413548	0.000874478
28	0.0658825	8.71789e-05	0.0450899	0.0773104	0.000377774	0.0432603	0.0110327	0.0040358	0.172712	0.00989014	0.0124317	0.0584908	0.000727151	0.090926	0.25331	0.0923323	0.0400009	0.0142975	0.00140909	0.00639601
29	0.090135	0.00154738	0.112001	0.266244	0.00583117	0.0210973	0.0121331	0.0110683	0.0838716	0.0210045	0.0127761	0.0387989	0.000488081	0.130932	0.0535761	0.0751623	0.0431802	0.0191974	0.000186804	0.000769967
30	0.0250373	0.00663603	0.000642901	0.000916705	0.00338077	0.00110088	0.000370145	0.155992	0.00650385	0.029776	0.00109967	0.00091482	0.00324107	0.00361953	0.00106078	0.00431318	0.0330728	0.721707	0.000158128	0.000456306
31	0.047481	0.000263592	0.00260156	0.00105369	0.0343502	0.00609653	0.00310614	0.192696	0.0147546	0.367205	0.0703683	0.00577642	0.000682435	0.00742112	0.0256529	0.0218987	0.0172163	0.171703	0.00537897	0.00429316
32	0.0820364	0.00149789	0.125126	0.277775	0.00404037	0.022822	0.0154965	0.00961358	0.0802149	0.0189315	0.0110945	0.0415985	0.000836645	0.127854	0.0518289	0.0728745	0.040213	0.0144842	0.00013085	0.00153112
33	0.0592106	0.000136299	0.236784	0.522559	0.000424438	0.0158213	0.00322309	0.00354528	0.0140045	0.00950281	0.00705344	0.0195362	0.00288007	0.0498159	0.00362739	0.0245934	0.00609289	0.0151895	0.000127242	0.00587289
34	0.0666806	0.0141304	0.00314747	0.00488818	0.659846	0.00735418	0.00183899	0.0180782	0.00779932	0.0503619	0.0093584	0.0065412	0.00195935	0.00458629	0.00513803	0.00868477	0.00880361	0.0439787	0.0131113	0.0637134
35	0.0941316	0.00046378	0.0244493	0.0321287	0.111557	0.0331221	0.030852	0.0512253	0.0426013	0.125906	0.0202191	0.0369111	0.00863719	0.0449315	0.11661	0.0221187	0.0623005	0.0793635	0.000530687	0.0619411
36	0.426568	0.00191423	0.0226471	0.00539722	0.0451952	0.0156306	0.00333854	0.0423019	0.010304	0.0945682	0.0425742	0.00680401	0.00415003	0.00775953	0.0079524	0.0581481	0.0726727	0.127237	0.00149272	0.00334371
37	0.0367937	0.000260905	0.00798065	0.0460695	0.000772325	0.00578913	0.0100675	0.0130957	0.264381	0.0405643	0.0220101	0.0123149	0.00321027	0.0913053	0.398261	0.0131664	0.0245506	0.00779305	0.000231235	0.00138297
38	0.0820585	0.0014838	0.126807	0.278413	0.00397865	0.0231712	0.0154742	0.00952226	0.0795526	0.0186538	0.0109393	0.041772	0.000949273	0.126662	0.0514111	0.0729874	0.0401243	0.0143216	0.000129639	0.00158808
39	0.0465316	0.000382591	0.00285306	0.00108055	0.0281477	0.00576392	0.00364607	0.196159	0.0165346	0.35059	0.0708643	0.00657835	0.000665487	0.00732932	0.0274484	0.0229307	0.0175418	0.185452	0.00524354	0.00425633
40	0.0150749	0.00215338	0.000562602	0.000544388	0.035811	0.00105227	0.00046988	0.174356	0.00147562	0.5484	0.12277	0.000939575	0.000414707	0.00268226	0.00232779	0.00299647	0.00767667	0.0772953	0.000360376	0.00263636
41	0.103268	0.00167848	0.0775634	0.222105	0.0104143	0.0351403	0.0126678	0.0204225	0.0713825	0.0266869	0.0169619	0.0451476	0.000529438	0.102054	0.0575729	0.0976968	0.0564674	0.0317115	0.00227358	0.0082566
42	0.0641522	0.000119151	0.0469247	0.0803012	0.000475848	0.0429508	0.0107634	0.00504215	0.16927	0.0122069	0.0136836	0.0550232	0.00115677	0.0925193	0.259459	0.0863724	0.036928	0.0148775	0.00144855	0.00632452
43	0.299451	0.0045141	0.00295391	0.0098865	0.00616934	0.0453512	0.0255349	0.051437	0.0192445	0.0315934	0.00646474	0.0196205	0.00751781	0.0081459	0.0301871	0.197462	0.156498	0.0738318	0.00207363	0.00206229
44	0.0377316	0.00172668	0.00164061	0.00521267	0.353535	0.0133904	0.00118393	0.109907	0.0105768	0.212461	0.0328937	0.00712231	0.00466742	0.00280901	0.00292339	0.0118411	0.0185552	0.122566	0.0018018	0.0474554
45	0.0751492	0.000286142	0.142908	0.0767356	0.000901493	0.0604395	0.0235967	0.00391048	0.0446576	0.0145896	0.00247069	0.0796905	0.181135	0.0196437	0.0287791	0.164547	0.0544344	0.00756837	0.000251868	0.0183054
46	0.0630119	0.000216099	0.124944	0.101022	0.000684093	0.050298	0.0266248	0.00527152	0.0659265	0.0135641	0.00285744	0.0613255	0.200506	0.0280849	0.0466123	0.133749	0.0503522	0.0105977	0.000205885	0.0141462
47	0.00453463	0.000217163	0.00152334	0.000734213	0.0079951	0.000840475	0.000362034	0.433331	0.00103633	0.310567	0.032172	0.000867873	0.00147031	0.00101993	0.00109395	0.00141746	0.00637264	0.191388	0.000135535	0.0029207
48	0.00895502	0.00302859	0.000311778	0.000466333	0.0434658	0.000584737	0.000241082	0.14761	0.000666425	0.606936	0.117458	0.000476458	0.000235801	0.00146517	0.000913396	0.00179907	0.00504802	0.057438	0.000117022	0.00278314
49	0.0727326	0.000217963	0.242289	0.324805	0.000669776	0.0412574	0.0117927	0.00260939	0.0362212	0.00383693	0.00175974	0.0521159	0.00556889	0.0442888	0.0292152	0.0786379	0.0367483	0.00838703	0.000133327	0.00671359
50	0.0638063	8.62126e-05	0.0462548	0.0802552	0.000379968	0.0411429	0.010882	0.00425584	0.172412	0.0106567	0.0127824	0.0562772	0.000707366	0.0907695	0.261135	0.0869947	0.0383575	0.0149555	0.00146298	0.0064257
51	0.044346	0.000346864	0.00277392	0.00104512	0.0276152	0.00547111	0.0033704	0.212555	0.0165792	0.33146	0.0678858	0.00609719	0.000635577	0.00692741	0.0267686	0.0216932	0.0164595	0.199161	0.00485654	0.00395245
52	0.102671	0.00204149	0.0354949	0.127488	0.0133622	0.0616535	0.0211848	0.0362327	0.0553752	0.0380376	0.0221123	0.0714273	0.000765473	0.0593693	0.0613833	0.144274	0.0784566	0.0370296	0.0066493	0.0249914
53	0.073812	0.000298594	0.235427	0.323238	0.000848898	0.0399412	0.0119245	0.00283406	0.0373392	0.0044303	0.00228159	0.0520386	0.00522951	0.049571	0.0304262	0.0785922	0.0368491	0.00889383	0.000134727	0.00588937
54	0.0522181	0.00115134	0.00839313	0.0951011	0.0565736	0.0131344	0.00446131	0.152125	0.0414804	0.0380195	0.0544613	0.0336835	0.0028768	0.0663766	0.097208	0.147499	0.0458217	0.0631389	0.0210778	0.00519824
55	0.0424561	0.000904914	0.0019815	0.000768666	0.0345971	0.00444405	0.00209995	0.188298	0.00799483	0.440845	0.075198	0.00408121	0.000438866	0.00497819	0.0150274	0.0168817	0.0124371	0.139382	0.00369634	0.00348902
56	0.0640586	8.71479e-05	0.0461137	0.0801875	0.000366363	0.0412214	0.0109071	0.00419348	0.172326	0.0106353	0.0126754	0.0564298	0.000692497	0.0907735	0.260592	0.0874473	0.0384769	0.0148972	0.00146502	0.0064531
57	0.0638314	8.6227e-05	0.0460869	0.080173	0.000368063	0.0410439	0.0109339	0.00425069	0.172479	0.0107034	0.012734	0.0561964	0.00068003	0.0906319	0.261633	0.0868951	0.0384407	0.0149402	0.00147154	0.00642067
58	0.00453056	0.00021773	0.00151145	0.000715325	0.00808498	0.000835765	0.000363239	0.433482	0.00103965	0.310125	0.0323181	0.000863927	0.00147038	0.000977966	0.00108701	0.00140032	0.00631022	0.191633	0.000134697	0.00289907
59	0.19962	0.00186873	0.00365041	0.00240444	0.0975357	0.0108313	0.00133452	0.11107	0.00352199	0.145343	0.045902	0.00285554	0.00108824	0.00264985	0.00318101	0.0634678	0.065517	0.23299	0.000449427	0.00472
60	0.157052	0.000537686	0.0252188	0.0228056	0.00213119	0.114235	0.00475629	0.0116354	0.0511658	0.0126639	0.0217267	0.079421	0.0192074	0.0641479	0.0293486	0.246708	0.125427	0.0090156	0.00107236	0.00172507
61	0.0171629	0.000575915	0.00162057	0.00266638	0.203139	0.005875	0.00124102	0.0947359	0.0121604	0.331538	0.0817162	0.00266005	0.00847955	0.00347096	0.00505579	0.00741647	0.0317766	0.0992315	0.00335116	0.0861272
62	0.0152967	0.000980643	0.0014557	0.000603644	0.024104	0.00153454	0.000795191	0.299267	0.00289397	0.413254	0.0612741	0.00162954	0.000954916	0.00180295	0.00481133	0.00534882	0.00638037	0.153942	0.00111198	0.00255886
63	0.0626824	0.000630416	0.159487	0.062414	0.00200129	0.136671	0.0294388	0.00445684	0.0249454	0.00787129	0.00300621	0.298939	0.00496068	0.0476753	0.0345198	0.0859156	0.0069112	0.00553417	0.000710774	0.02123
64	0.0518046	0.00035049	0.224045	0.546449	0.000717517	0.0184837	0.00316227	0.004553	0.0131817	0.00796818	0.00591147	0.0215864	0.00449517	0.0365729	0.010354	0.0250591	0.00773462	0.0125136	0.000162722	0.004894
65	0.0690695	0.000738308	0.0163865	0.0195143	0.00832094	0.0377796	0.0561882	0.0078961	0.0379846	0.0980948	0.0550193	0.125845	0.00173493	0.102094	0.0720497	0.160907	0.0609257	0.0313866	0.00115137	0.0369131
66	0.208446	0.00196632	0.00494226	0.0363599	0.00334371	0.022755	0.00359329	0.0514219	0.0171844	0.0169336	0.00607472	0.0178871	0.262791	0.0211489	0.0313507	0.126207	0.0769531	0.0797172	0.00245826	0.00846532
67	0.0859708	0.00219966	0.101139	0.261796	0.00572741	0.0221639	0.0228269	0.0114944	0.0657088	0.0205061	0.0122479	0.0380415	0.00439527	0.164404	0.0583173	0.0621203	0.0375419	0.0175444	0.00129508	0.00455907
68	0.181049	0.0026606	0.0025705	0.01068	0.0249763	0.0124444	0.00147923	0.148331	0.00625274	0.084214	0.0417894	0.00726699	0.00379015	0.00756972	0.00660058	0.0675316	0.08242	0.30194	0.00148276	0.00495124
69	0.136811	0.00439761	0.00208125	0.00416501	0.0221854	0.00441978	0.000877755	0.206617	0.00375336	0.103166	0.0573638	0.00253234	0.000610378	0.00505733	0.00231396	0.0316162	0.0620868	0.342994	0.000356743	0.00659463
70	0.730712	0.000416283	0.00258318	0.00251289	0.000810831	0.0312022	0.000348798	0.00252268	0.00708483	0.0121516	0.0076966	0.0031537	0.00127588	0.00317641	0.0011543	0.13804	0.0218709	0.0327072	0.000163471	0.000415644
71	0.0118704	0.00100788	0.00132473	0.000691909	0.0467975	0.00156545	0.000757653	0.268892	0.00285575	0.357298	0.0910137	0.00164878	0.00152125	0.00217915	0.00403035	0.00467361	0.00526142	0.193907	0.000796205	0.00190703
72	0.0229132	0.00019405	0.00110102	0.000581058	0.00788934	0.000804062	0.000297606	0.512323	0.00545234	0.0729481	0.0193083	0.00258402	0.00249078	0.00176543	0.00085192	0.0012896	0.00102066	0.345719	0.000126389	0.000340808
73	0.0122749	0.00256032	0.000436762	0.00047643	0.0361663	0.000588784	0.000271546	0.154318	0.000736792	0.579388	0.136409	0.000574061	0.000294196	0.00255086	0.00108031	0.00187944	0.00728607	0.0602291	0.000124184	0.00235435
74	0.290005	0.0253412	0.00472334	0.00360291	0.00403018	0.029777	0.00226976	0.0100427	0.00817739	0.0274642	0.00675933	0.0154463	0.00522918	0.00416393	0.00496995	0.459635	0.0529548	0.0427341	0.00076482	0.00190887
75	0.0238684	0.00257226	0.0058445	0.00964871	0.0606553	0.00983036	0.228874	0.0149404	0.107649	0.0225989	0.0109317	0.0603452	0.00395986	0.0946633	0.0646217	0.014344	0.0393113	0.0427505	0.00189249	0.180698
76	0.0275693	0.000818772	0.000964473	0.00102993	0.00944499	0.00124874	0.000597173	0.187891	0.00175643	0.410907	0.242948	0.00127807	0.000572586	0.00957488	0.00330982	0.00344212	0.0235169	0.0717201	0.0003391	0.0010706
77	0.0579204	0.000263592	0.134989	0.0992138	0.000796039	0.0465697	0.0291883	0.00562698	0.0712745	0.0139046	0.00292467	0.0614607	0.19259	0.0326858	0.0521412	0.12581	0.0486176	0.0112933	0.000335473	0.012395
78	0.0317116	0.00941505	0.00163019	0.0284485	0.065774	0.00807848	0.0487388	0.0537466	0.331664	0.0997805	0.0343764	0.0159385	0.00102399	0.045398	0.110636	0.00597124	0.0191701	0.0418823	0.000326204	0.0462896
79	0.67987	0.000974564	0.00614018	0.00234013	0.000624342	0.0404206	0.000393036	0.00229646	0.00973761	0.0107428	0.00786056	0.00298885	0.00230957	0.00267715	0.00124868	0.171345	0.0269988	0.0303514	0.000170586	0.00050948
80	0.611298	0.000802812	0.00961493	0.00236714	0.00102459	0.0940904	0.000853196	0.00252632	0.0069333	0.00973043	0.00576765	0.00269126	0.00174663	0.00281116	0.00238729	0.208614	0.0181161	0.0173077	0.000351352	0.000965883
81	0.115401	0.000814809	0.0290336	0.193557	0.0209218	0.0146864	0.00132057	0.040244	0.0857342	0.0384966	0.0407168	0.0243202	0.00101184	0.153748	0.064829	0.0435796	0.0603692	0.0656283	0.00395599	0.00163061
82	0.0235745	0.000210891	0.00111461	0.000614732	0.00786098	0.000799987	0.000295661	0.507936	0.00543805	0.0730824	0.0192302	0.00257084	0.00252731	0.00176823	0.000859442	0.00130937	0.00148309	0.348772	0.000125984	0.000426096
83	0.008915	0.00302998	0.000311892	0.000466343	0.043434	0.000583778	0.00024056	0.147537	0.000666437	0.60711	0.117502	0.000476484	0.000235909	0.00145212	0.000911268	0.00177405	0.00504414	0.0574448	9.98454e-05	0.00276437
84	0.192696	0.000400429	0.0309676	0.0206089	0.00181198	0.147762	0.00422489	0.0133878	0.0498079	0.00507837	0.0202489	0.064509	0.0146488	0.0632452	0.0358164	0.211718	0.112211	0.00897778	0.00115858	0.000721446
85	0.118232	0.00269338	0.0405822	0.131237	0.0125396	0.0727299	0.026885	0.0253411	0.0520247	0.037074	0.0151361	0.0718472	0.000926625	0.0428664	0.0581806	0.159713	0.072162	0.0265742	0.00513619	0.0281194
86	0.00898585	0.00281366	0.000380119	0.000610744	0.055405	0.000772823	0.00029509	0.141353	0.00127998	0.589597	0.11767	0.000591336	0.000518456	0.00149655	0.00100169	0.00196834	0.00653191	0.0590357	0.000414284	0.00927844
87	0.0785046	0.000289484	0.115431	0.0730038	0.00107829	0.0569575	0.0202704	0.00554463	0.0397201	0.0154351	0.00266528	0.0642041	0.266922	0.0184893	0.0298613	0.139586	0.048006	0.00930875	0.00026778	0.0144543
88	0.0792832	0.000500034	0.137498	0.161824	0.000914154	0.0660826	0.0227869	0.0126184	0.0449976	0.0145435	0.00623839	0.0476222	0.165574	0.0341315	0.0388535	0.106279	0.0409994	0.00871381	0.000348916	0.0101919
89	0.0159182	0.000441363	0.00215966	0.0082359	0.0220703	0.00369794	0.00745589	0.102595	0.102493	0.275746	0.0980289	0.00236071	0.00797668	0.0215005	0.065939	0.0177423	0.0471553	0.184108	0.000854992	0.01352
90	0.0756611	0.00201257	0.00782281	0.0305542	0.00213643	0.0245249	0.00716271	0.0142145	0.146206	0.024586	0.0353368	0.0139278	0.00637735	0.108845	0.434647	0.0177181	0.0297374	0.0158856	0.000524881	0.00211881
91	0.282363	0.000900825	0.00172629	0.0349301	0.00241844	0.0464334	0.00408632	0.0824858	0.0164969	0.0316715	0.00431842	0.0235687	0.0223727	0.0175	0.0325515	0.130156	0.0991363	0.157432	0.0073239	0.00212771
92	0.0389151	0.000260838	0.254764	0.570222	0.000725705	0.0113284	0.00148532	0.00308495	0.00744182	0.00551838	0.00395436	0.0248933	0.00489505	0.0213018	0.0134492	0.0199121	0.0060524	0.00843643	0.000221444	0.00313672
93	0.0281124	0.00604443	0.000896063	0.00213851	0.0032077	0.00140398	0.000370858	0.164084	0.00625992	0.032245	0.00296178	0.00116089	0.00299912	0.0043797	0.00103928	0.00435622	0.0368564	0.700188	0.000151786	0.00114351
94	0.170603	0.00313009	0.00224081	0.00316354	0.0338731	0.00555751	0.000765662	0.159451	0.00290145	0.106673	0.0565924	0.00196276	0.000610969	0.00353842	0.00194676	0.0452185	0.0748254	0.320809	0.000285761	0.00585176
95	0.0314833	0.00937486	0.0016335	0.0286451	0.0662388	0.00779854	0.048661	0.0536907	0.331133	0.0996876	0.0345723	0.0158334	0.00102571	0.0449494	0.111415	0.00589648	0.0192303	0.0418042	0.000324453	0.0466031
96	0.303899	0.046417	0.010783	0.0148199	0.00776174	0.136953	0.00688993	0.0162927	0.0286132	0.0220094	0.0172781	0.0203225	0.00821649	0.0296495	0.194788	0.0422813	0.0226287	0.060733	0.00248732	0.00717662
97	0.00529251	0.000248199	0.00177223	0.000668653	0.0339757	0.000913766	0.000380772	0.417303	0.00141191	0.213148	0.0640414	0.000945108	0.00221321	0.00106019	0.00127869	0.00150461	0.00303137	0.249407	0.000172912	0.00123108
98	0.560921	0.00374023	0.0102691	0.00284409	0.00136792	0.0689412	0.000759714	0.00382228	0.00827395	0.0186999	0.00769202	0.00444263	0.00276915	0.00355088	0.00258879	0.242527	0.0271002	0.0281186	0.00036057	0.0012107
99	0.0167106	0.000519527	0.0100784	0.0302482	0.00461347	0.0160873	0.00980291	0.0556155	0.0887213	0.0792341	0.0582357	0.0310319	0.00130555	0.0329721	0.0582787	0.045715	0.351183	0.107915	0.000464744	0.00126663
100	0.0272075	0.000976967	0.000920605	0.000994206	0.0108519	0.00120025	0.000571873	0.190325	0.00160794	0.407826	0.245354	0.00123644	0.000581741	0.00906995	0.00300769	0.00322411	0.0230659	0.0704997	0.000295433	0.00118281
101	0.0688011	0.000142693	0.268212	0.331816	0.00042286	0.0436991	0.00868439	0.00149101	0.0275942	0.00169359	0.000871619	0.0523338	0.00613281	0.0343501	0.0246288	0.0777646	0.0381959	0.00755154	0.000135317	0.00547814
102	0.111015	0.000162557	0.0329103	0.0419596	0.000621852	0.0679558	0.0149192	0.00275917	0.155816	0.00447368	0.00847588	0.0853956	0.000979621	0.0980792	0.162474	0.14495	0.056136	0.00707637	0.000845311	0.0029951
103	0.158002	0.00269499	0.00196094	0.00331968	0.0276954	0.00505701	0.000665859	0.170083	0.00282873	0.0985605	0.0588564	0.00181718	0.00060124	0.00417392	0.00156804	0.031676	0.0680886	0.354635	0.000231934	0.00748313
104	0.077455	0.000288885	0.145521	0.0742351	0.000904856	0.0612726	0.0233734	0.00388939	0.0417783	0.01456	0.00247362	0.0836973	0.177898	0.018888	0.0268512	0.166655	0.0542914	0.0071767	0.000274872	0.0185154
105	0.0626846	0.000733793	0.102519	0.0878502	0.00184322	0.0524953	0.0275587	0.00760671	0.0569493	0.020853	0.00425591	0.0533418	0.246717	0.0234887	0.0386604	0.135734	0.0446355	0.0187096	0.000539106	0.0128235
106	0.058691	0.00012687	0.237534	0.530161	0.000390198	0.0154508	0.00294398	0.00346846	0.0129861	0.0094432	0.00708947	0.0186934	0.00289616	0.0481064	0.00282331	0.0231239	0.00503652	0.0150412	0.000122711	0.00587199
107	0.137539	0.00244636	0.0019667	0.00545259	0.0173634	0.00479311	0.000690332	0.188228	0.00364232	0.0916781	0.0601467	0.00218011	0.000554801	0.00668956	0.00154778	0.0217977	0.0654915	0.377509	0.000247126	0.0100357
108	0.019029	0.000141786	0.00151042	0.000524699	0.00926847	0.000720627	0.000285065	0.484246	0.00380674	0.123383	0.0265781	0.00193397	0.00277082	0.00138951	0.000796405	0.00115587	0.00194539	0.319693	0.000115608	0.000704923
109	0.0639132	8.62048e-05	0.0461871	0.0803048	0.000367168	0.0411218	0.0108915	0.00422031	0.172369	0.0106437	0.0126803	0.0563232	0.000691238	0.0906395	0.261162	0.087128	0.0384129	0.0149526	0.00146399	0.00644146
110	0.0764477	0.00143461	0.109219	0.252689	0.00388237	0.0218565	0.014016	0.010817	0.0959606	0.0229885	0.0125366	0.0421266	0.00198701	0.133774	0.0750434	0.0721502	0.0368181	0.0150608	0.000203754	0.000988467
111	0.0229529	0.000194112	0.00110218	0.000581453	0.00783448	0.00079412	0.000299094	0.512269	0.00544447	0.0730555	0.0192367	0.00257144	0.00250857	0.00176582	0.00085262	0.001291	0.00102327	0.345754	0.000125488	0.0003442
112	0.154337	0.00132335	0.107584	0.245662	0.00414664	0.100447	0.009165	0.0223285	0.029773	0.0137804	0.0115853	0.0362977	0.011405	0.0524135	0.0254639	0.106632	0.0439223	0.0155661	0.00127726	0.00689019
113	0.0618319	0.000330284	0.0596272	0.152608	0.0012334	0.0291562	0.011386	0.00979233	0.163398	0.0277077	0.0134608	0.0577113	0.00919029	0.0945242	0.186671	0.0813962	0.0212008	0.0134535	0.000798037	0.00452296
114	0.161169	0.000783921	0.00297044	0.0448775	0.00378578	0.0307194	0.00169424	0.123744	0.021574	0.0697532	0.00936526	0.0296623	0.00940402	0.0300886	0.0250775	0.112654	0.0837965	0.232107	0.00384853	0.00292423
115	0.008915	0.00302998	0.000311892	0.000466343	0.043434	0.000583778	0.00024056	0.147537	0.000666437	0.60711	0.117502	0.000476484	0.000235909	0.00145212	0.000911268	0.00177405	0.00504414	0.0574448	9.98454e-05	0.00276437
116	0.0616601	0.000211868	0.0529675	0.12116	0.000815746	0.0357553	0.0103979	0.00696681	0.166392	0.0214346	0.0124301	0.0557743	0.00533506	0.0937843	0.222167	0.0824025	0.0281206	0.0148637	0.00110921	0.0062516
117	0.0639132	8.62048e-05	0.0461871	0.0803048	0.000367168	0.0411218	0.0108915	0.00422031	0.172369	0.0106437	0.0126803	0.0563232	0.000691238	0.0906395	0.261162	0.087128	0.0384129	0.0149526	0.00146399	0.00644146
118	0.0416201	0.000216234	0.0177399	0.0651527	0.000922681	0.012301	0.0119428	0.0117544	0.217733	0.0295398	0.019663	0.0225435	0.00336538	0.102372	0.377313	0.0265424	0.0268809	0.00968068	0.000490042	0.00222691
119	0.0422571	0.000998414	0.00130365	0.00256036	0.206488	0.00746492	0.000830285	0.13851	0.00649942	0.348813	0.0627466	0.00328547	0.00368098	0.00300879	0.00311425	0.0141988	0.0206689	0.102603	0.00120945	0.0297593
120	0.121049	0.00337198	0.046796	0.135791	0.0119534	0.0722281	0.0257801	0.0254721	0.0511068	0.0359239	0.0139668	0.0685102	0.00197164	0.0424024	0.0572156	0.155449	0.0724361	0.0264293	0.00499701	0.0271498
121	0.133284	0.00232844	0.00209977	0.00467631	0.0180408	0.00462274	0.000847582	0.176235	0.00416643	0.11153	0.0577309	0.00236474	0.000588291	0.00671844	0.00294584	0.02174	0.0589038	0.382268	0.000542628	0.00836602
122	0.562307	0.00264304	0.00267287	0.00360515	0.00195978	0.0929055	0.00145209	0.00443835	0.018171	0.00802633	0.00508183	0.00326746	0.00159859	0.0263783	0.0535996	0.0570002	0.00896856	0.143706	0.000622568	0.00159557
123	0.0691258	0.000125865	0.258326	0.392236	0.000399209	0.0368514	0.00621821	0.00244711	0.0231343	0.00449465	0.00270966	0.0445807	0.00615326	0.0408828	0.0155402	0.0564731	0.0251015	0.00982601	0.0001107	0.00526308
124	0.00922473	0.000179512	0.00174886	0.000576769	0.0169382	0.00075561	0.000299809	0.47467	0.00207524	0.165559	0.0511312	0.00131211	0.00320307	0.000985596	0.000850762	0.00115884	0.00239242	0.265838	0.000111338	0.00098981
125	0.00898133	0.00286091	0.000334082	0.000449519	0.0429977	0.000584121	0.00027603	0.158685	0.0006668	0.593623	0.114312	0.000492197	0.000258973	0.0014105	0.000922829	0.00178685	0.00490942	0.0635983	0.000121339	0.00272969
126	0.120836	0.00427285	0.051753	0.0517896	0.0062259	0.0685776	0.0129073	0.0312255	0.0636174	0.0211679	0.0153357	0.147836	0.019372	0.0490836	0.0445711	0.17794	0.0827961	0.0179651	0.00260327	0.0101249
127	0.0707629	0.000640052	0.0180311	0.0237983	0.00781669	0.0423706	0.0470225	0.00748069	0.0408774	0.103012	0.0552539	0.128186	0.00123441	0.0952117	0.0735162	0.154011	0.0673595	0.03255	0.00103794	0.0298269
128	0.198938	0.00250241	0.0031595	0.00197921	0.0586065	0.00741219	0.000954141	0.122284	0.00298352	0.13054	0.0517942	0.00209167	0.000749628	0.00218583	0.00245686	0.0635434	0.0735836	0.27033	0.000325677	0.00358056
129	0.0793627	0.000432839	0.15097	0.0962754	0.00089416	0.0656416	0.0221706	0.00497527	0.0398251	0.015132	0.00281145	0.0746908	0.166223	0.019706	0.027377	0.152235	0.0559748	0.00709005	0.000255833	0.0179565
130	0.0844471	0.00182887	0.0374566	0.0198203	0.0309512	0.0134923	0.00502516	0.0168367	0.150559	0.0189191	0.0154081	0.015172	0.0712026	0.140995	0.175347	0.0766289	0.0433989	0.0759364	0.00160161	0.00497281
131	0.192842	0.000415797	0.031834	0.0201487	0.00187693	0.14863	0.00368272	0.0138643	0.044994	0.00536826	0.0205235	0.0638966	0.0161438	0.0607735	0.0331501	0.213916	0.11642	0.00959597	0.00120102	0.000722459
132	0.059764	0.00123386	0.00687569	0.0317109	0.0178726	0.0141831	0.00660895	0.0553437	0.0638156	0.105397	0.0535051	0.0320794	0.00209712	0.021626	0.0421252	0.0854534	0.279565	0.115541	0.00164679	0.00355635
133	0.0933308	0.00107025	0.0544625	0.11646	0.00484181	0.0548726	0.0152644	0.0128994	0.108175	0.0189011	0.0140481	0.0602662	0.00367897	0.0779369	0.151357	0.121454	0.0558088	0.0207193	0.00253596	0.0119169
134	0.0634612	8.55058e-05	0.0460457	0.0801844	0.000370596	0.0406262	0.0109215	0.00436881	0.173014	0.010816	0.0127295	0.0556848	0.000711646	0.0904839	0.263173	0.0863301	0.0382541	0.0149051	0.00143019	0.00640402
135	0.111783	0.00236139	0.0393292	0.123698	0.0121412	0.0681681	0.0264088	0.025755	0.053122	0.0386727	0.0172048	0.0777017	0.000806347	0.0473135	0.0597596	0.154737	0.0781766	0.0281133	0.00511655	0.0296311
136	0.0124758	0.000174557	0.00161508	0.000518278	0.0163236	0.000690912	0.000251309	0.479004	0.00288106	0.147054	0.0359929	0.00156579	0.00292265	0.0011245	0.000832013	0.00111227	0.00200991	0.292502	0.000107961	0.000842192
137	0.008915	0.00302998	0.000311892	0.000466343	0.043434	0.000583778	0.00024056	0.147537	0.000666437	0.60711	0.117502	0.000476484	0.000235909	0.00145212	0.000911268	0.00177405	0.00504414	0.0574448	9.98454e-05	0.00276437
138	0.0675899	0.000140825	0.270525	0.340213	0.00041568	0.041867	0.0080745	0.00150641	0.0265569	0.00187135	0.00112814	0.0508995	0.00598938	0.0341519	0.0233035	0.0756148	0.0370524	0.00768756	0.000135654	0.00527704
139	0.117168	0.00264257	0.0411625	0.130458	0.0125187	0.0721048	0.0261362	0.0255705	0.0525221	0.0362746	0.0148497	0.0724823	0.000932593	0.042922	0.0590801	0.157731	0.0745191	0.0272105	0.00533098	0.0283843
140	0.00917285	0.00299143	0.000311872	0.000461054	0.0433745	0.000611123	0.000267645	0.148183	0.000694712	0.605887	0.117014	0.000494413	0.000235524	0.00146998	0.000926182	0.00187547	0.00504844	0.0580949	0.000121647	0.00276438
141	0.0688011	0.000142693	0.268212	0.331816	0.00042286	0.0436991	0.00868439	0.00149101	0.0275942	0.00169359	0.000871619	0.0523338	0.00613281	0.0343501	0.0246288	0.0777646	0.0381959	0.00755154	0.000135317	0.00547814
142	0.035827	0.000929678	0.367966	0.0468747	0.00222493	0.042461	0.0442172	0.0042013	0.0107528	0.0143578	0.00361379	0.269331	0.00279805	0.0368763	0.0130789	0.0851408	0.00520815	0.00586145	0.000850419	0.00742889
143	0.16863	0.00105635	0.00388282	0.0512915	0.00277041	0.0100118	0.00219956	0.0439462	0.018693	0.00945786	0.00421583	0.0198604	0.384522	0.0301577	0.0431486	0.0745625	0.0521799	0.0643416	0.00153169	0.0135406
144	0.0713262	0.000222053	0.223437	0.447052	0.000560879	0.0268732	0.00765153	0.00488849	0.0253293	0.00951734	0.00546598	0.0316919	0.0051233	0.0538881	0.0120344	0.0404219	0.0138656	0.0140613	7.22164e-05	0.00651727
145	0.024248	0.00164318	0.00357379	0.00287729	0.126257	0.00462078	0.00171932	0.0686816	0.00765205	0.395916	0.168885	0.00675224	0.00206269	0.00718021	0.0058526	0.0123024	0.0467414	0.0385691	0.00423618	0.0702283
146	0.680886	0.00059711	0.00137767	0.00627875	0.000874636	0.034974	0.000835096	0.00600733	0.0105727	0.0130165	0.0071957	0.00391102	0.00233299	0.0055684	0.00592978	0.131566	0.0260885	0.0607726	0.000592285	0.000622285
147	0.0567353	0.000118217	0.238264	0.537111	0.000390712	0.0151992	0.00270474	0.00336937	0.0129626	0.00908669	0.00647958	0.0193673	0.00296895	0.0441544	0.00330011	0.0226662	0.00510947	0.0141927	0.000131415	0.00568721
148	0.0853825	0.00157857	0.115984	0.270027	0.00521943	0.0213691	0.013274	0.0106385	0.0839443	0.020174	0.0123983	0.0399742	0.000559406	0.132368	0.0538027	0.0735297	0.04172	0.017039	0.000163502	0.000854461
149	0.0226695	0.000233692	0.00109715	0.000577942	0.00786617	0.000795756	0.000297238	0.511553	0.00535327	0.073883	0.0195388	0.00253699	0.00251028	0.00174099	0.000844972	0.00130601	0.00120226	0.345513	0.000127827	0.00035155
150	0.0139101	0.000383174	0.00301812	0.0187793	0.00134926	0.00606432	0.00241597	0.00475836	0.279287	0.0119947	0.00818435	0.00998688	0.0196171	0.0193428	0.574102	0.0132299	0.00710367	0.0046034	0.000520794	0.00134876
151	0.0638533	8.74605e-05	0.0462006	0.0805991	0.000367041	0.0410243	0.0108705	0.00423422	0.1725	0.0107394	0.0126644	0.0563038	0.000750131	0.090616	0.260924	0.0871229	0.038303	0.0149511	0.00146007	0.00642828
152	0.0517781	0.00151657	0.00669005	0.0305354	0.0132289	0.0159577	0.0239742	0.0149648	0.238246	0.122927	0.0553053	0.0316794	0.00183434	0.0722572	0.217311	0.0403188	0.0249915	0.0181843	0.000403784	0.0178958
153	0.0108837	0.00281289	0.000342271	0.000543032	0.038751	0.000694462	0.000254882	0.149341	0.000777831	0.590563	0.131846	0.000553276	0.000293818	0.00216699	0.0012771	0.00205853	0.006951	0.0572524	0.00012505	0.00251149
154	0.04754	0.00950686	0.00241754	0.00452106	0.66441	0.00676683	0.00142856	0.031061	0.0062775	0.0661347	0.0161882	0.00607992	0.00167035	0.00356657	0.0041526	0.00772425	0.00770734	0.049727	0.00874041	0.054379
155	0.0201044	0.00103683	0.00752585	0.0175107	0.00515722	0.0232395	0.00588836	0.0709508	0.0549612	0.0552815	0.0805856	0.0173697	0.00242707	0.0176877	0.0298491	0.0409117	0.371317	0.174696	0.000926327	0.00257328
156	0.0494443	0.00943124	0.00242956	0.00488868	0.680073	0.00725539	0.00150985	0.0275618	0.00625223	0.048497	0.0124348	0.00670876	0.00157574	0.00361546	0.00451391	0.00769456	0.00798207	0.0526899	0.00904276	0.0563992
157	0.0481319	0.000201875	0.254155	0.547089	0.000600877	0.0141308	0.00189576	0.00292981	0.009754	0.00619603	0.00460434	0.0242294	0.00396579	0.0296701	0.00804292	0.022997	0.00729449	0.0100751	0.000173237	0.0038623
158	0.0342307	0.00121344	0.350356	0.0517975	0.00335115	0.0356555	0.0635542	0.00636652	0.0117574	0.0248573	0.00551026	0.253611	0.00646973	0.0334723	0.0135073	0.0770448	0.00934157	0.00904296	0.00137006	0.00749058
159	0.00450339	0.000215205	0.00151628	0.000714204	0.00836769	0.000821718	0.000355872	0.434188	0.00103576	0.308186	0.0328322	0.000855347	0.00150563	0.000979626	0.00109052	0.00138256	0.00613373	0.192347	0.000133246	0.00283586
160	0.0680312	0.000440286	0.0151216	0.0111801	0.0101659	0.0416631	0.0336073	0.00528388	0.0976124	0.14963	0.0653717	0.108254	0.00113135	0.0816251	0.084713	0.113886	0.0619484	0.0251596	0.00053886	0.0246361
161	0.0108734	0.00266117	0.000372735	0.000494525	0.0378705	0.000647233	0.000270609	0.156589	0.00072017	0.58054	0.13072	0.000532649	0.000278279	0.00223244	0.000969979	0.00174749	0.00626215	0.0636605	0.000123063	0.00243357
162	0.0806548	0.000756883	0.133625	0.104728	0.00220355	0.0631926	0.0256553	0.00738083	0.0428054	0.0226432	0.00423523	0.0661595	0.145612	0.0225613	0.0314414	0.159154	0.0576371	0.00928073	0.000698964	0.0195747
163	0.0779669	0.000407457	0.166583	0.0676822	0.000984575	0.0597813	0.0235119	0.00411885	0.0399165	0.0139951	0.00277539	0.0904317	0.170812	0.0182467	0.0247735	0.163454	0.050187	0.00710468	0.000339469	0.0169283
164	0.0591056	0.000841954	0.00657592	0.0456041	0.00294008	0.0260878	0.00664761	0.0289752	0.167692	0.0373233	0.0537017	0.0193699	0.00248854	0.065282	0.3379	0.0167412	0.0822081	0.0368944	0.00146685	0.00215295
165	0.404584	0.00103939	0.111583	0.00339625	0.00248667	0.0973308	0.00131947	0.00405122	0.0089204	0.00556058	0.00792774	0.00296199	0.00390481	0.00397823	0.00374831	0.26776	0.0574404	0.00962405	0.000677568	0.00170428
166	0.00551363	0.000248785	0.00174693	0.00065818	0.0353097	0.00090148	0.000365333	0.416753	0.00144693	0.209173	0.0643271	0.000942819	0.00219375	0.00111056	0.00121541	0.0014931	0.00285518	0.252406	0.000162797	0.00117592
167	0.0424715	0.00221092	0.0101938	0.0163101	0.0102594	0.0136593	0.0065416	0.0564448	0.0543713	0.0288803	0.066427	0.0128178	0.110245	0.166106	0.267499	0.0330955	0.0253485	0.0682904	0.00220341	0.0066249
168	0.060173	0.000306779	0.0143067	0.0655781	0.00212735	0.0146174	0.0119923	0.010801	0.20289	0.0467606	0.033852	0.0189629	0.00188187	0.0828652	0.332965	0.0370748	0.0361323	0.0216852	0.00162794	0.00339952
169	0.0196008	0.000158667	0.00128042	0.000550292	0.00913767	0.000693123	0.00027307	0.506635	0.00446616	0.0958282	0.022507	0.00224012	0.00268459	0.00152662	0.000781753	0.00110969	0.00131438	0.328612	0.000125306	0.000475643
170	0.0252405	0.00102088	0.000855826	0.00088522	0.0158787	0.00131399	0.000570516	0.176855	0.00209281	0.445309	0.217551	0.00116445	0.000505203	0.00772464	0.0035448	0.00354712	0.0214088	0.0726813	0.000432845	0.00141717
171	0.0358975	0.000455409	0.0131675	0.0504395	0.00151021	0.0114833	0.00594387	0.00878884	0.22345	0.0196023	0.012536	0.0282033	0.0199515	0.0577478	0.460389	0.0239332	0.0143538	0.00934313	0.000421331	0.00238191
172	0.0674891	0.000157813	0.227805	0.463834	0.00055149	0.0246614	0.00592953	0.00394096	0.0226809	0.00876582	0.00555265	0.0295083	0.00403083	0.0530922	0.0108637	0.0372945	0.0126248	0.0150811	8.74061e-05	0.00604849
173	0.0250373	0.00663603	0.000642901	0.000916705	0.00338077	0.00110088	0.000370145	0.155992	0.00650385	0.029776	0.00109967	0.00091482	0.00324107	0.00361953	0.00106078	0.00431318	0.0330728	0.721707	0.000158128	0.000456306
174	0.0655776	0.00013989	0.272207	0.358367	0.000398859	0.0386905	0.00722178	0.00164748	0.024883	0.00236544	0.00142246	0.0494799	0.00632002	0.0340051	0.0208235	0.0700244	0.0334374	0.00776024	0.000126661	0.0051018
175	0.336023	0.00119194	0.00425445	0.00789481	0.00319518	0.0668583	0.00337248	0.0176384	0.0257233	0.0733484	0.0302437	0.00815675	0.0157665	0.0169379	0.0198116	0.16	0.109286	0.096778	0.00171573	0.00180389
176	0.016695	0.000452967	0.0020822	0.00756643	0.0227718	0.00383835	0.00701367	0.105381	0.0975118	0.276257	0.0983425	0.00254113	0.00753161	0.0209923	0.0644832	0.0175669	0.0470575	0.187005	0.000998396	0.0139107
177	0.741884	0.00045708	0.00149056	0.00246881	0.0009107	0.0267582	0.000308733	0.00241768	0.00667552	0.0127717	0.00795681	0.00328102	0.00111763	0.00327534	0.00106779	0.131413	0.0212427	0.0339477	0.000143632	0.00041176
178	0.0247641	0.0013263	0.000781623	0.000894788	0.0156834	0.0011506	0.000508052	0.181189	0.00130806	0.438751	0.233757	0.00105315	0.000491548	0.00743467	0.00230689	0.00287006	0.017794	0.0662912	0.000234868	0.0014103
179	0.0627076	0.000746884	0.00867655	0.0473814	0.00142316	0.0111653	0.00896697	0.0135168	0.224523	0.0388193	0.0256823	0.0139993	0.0041945	0.0749009	0.394803	0.0195344	0.032353	0.0134694	0.000769295	0.00236698
180	0.194642	0.00279593	0.00506878	0.0231717	0.0190236	0.270249	0.00433452	0.0645404	0.00986472	0.0138198	0.00619921	0.0275705	0.00513348	0.00813184	0.0107868	0.129978	0.13885	0.0616739	0.00165763	0.0025085
181	0.0449273	0.0144823	0.00203393	0.0231442	0.067756	0.00700308	0.0403937	0.0641	0.335761	0.0917315	0.0287231	0.0129243	0.00323016	0.0380543	0.10901	0.0049408	0.0243955	0.0472533	0.000385555	0.039749
182	0.00617551	0.000249107	0.00169217	0.000674944	0.0358877	0.000916734	0.00036797	0.419043	0.0016367	0.201947	0.0631147	0.00105031	0.00216347	0.00115504	0.00122015	0.00152612	0.00271752	0.257171	0.00018276	0.00110792
183	0.0106687	0.000742135	0.00167573	0.00239953	0.191613	0.00278543	0.000925967	0.0444097	0.010784	0.312372	0.161009	0.0024403	0.00380776	0.00276065	0.00283761	0.00412756	0.0389019	0.0434662	0.00787252	0.154399
184	0.118021	0.00023615	0.0296247	0.0367752	0.00079773	0.0730035	0.0145819	0.00285872	0.162947	0.00425864	0.00758174	0.0901862	0.00172094	0.0908518	0.143581	0.157346	0.0561379	0.00616235	0.000738648	0.00259
185	0.102152	0.229737	0.0125625	0.0175646	0.0124647	0.0246553	0.00778514	0.0244303	0.0226113	0.0263746	0.0166166	0.287999	0.0079491	0.0217036	0.0240038	0.0336015	0.0840485	0.0305958	0.00303743	0.0101078
186	0.0277147	0.000905901	0.000964945	0.00095299	0.00931806	0.0012888	0.000556529	0.2026	0.00174127	0.378416	0.260889	0.00137786	0.000575041	0.00926629	0.00247574	0.00310951	0.0201979	0.0761503	0.000378944	0.00112009
187	0.129243	0.00690635	0.0361462	0.0232899	0.00519338	0.0501572	0.00942432	0.0154467	0.0287391	0.0209759	0.0139396	0.0365807	0.0693625	0.0232162	0.0217015	0.395791	0.0793722	0.0259728	0.00171727	0.00682494
188	0.0946978	0.000964863	0.0317351	0.0735643	0.00274984	0.0438402	0.00590098	0.00526509	0.129698	0.00831027	0.00910631	0.0452879	0.00309534	0.174375	0.04184	0.230786	0.0881674	0.00786833	0.000755885	0.00199073
189	0.040982	0.000348449	0.0186513	0.0424754	0.00146703	0.0291391	0.00683858	0.00604981	0.200522	0.013185	0.0138588	0.0354656	0.0101211	0.054022	0.444484	0.0434938	0.0246869	0.0101461	0.00077946	0.00328347
