1404	20
1	0.030264	0.00395648	0.071377	0.595744	0.00199479	0.00486519	0.0131057	0.00829867	0.0228293	0.0171486	0.00714815	0.0152751	0.00584869	0.125996	0.0228571	0.0145846	0.0196932	0.0158066	0.000344701	0.00286163
2	0.0606828	0.00327449	0.0666288	0.115285	0.00838363	0.0327905	0.0306883	0.0271892	0.132377	0.0609214	0.0297132	0.0440081	0.000400767	0.118261	0.0765141	0.0661564	0.0765401	0.0389024	0.00429809	0.00698396
3	0.0439225	0.0074216	0.000989358	0.00847141	0.0140267	0.000868814	0.000772784	0.113323	0.0159151	0.408538	0.0663574	0.0144592	0.000432405	0.0531247	0.00121404	0.0435691	0.0999872	0.0964128	0.00323937	0.00695486
4	0.005761	0.00898301	0.00117789	0.00646755	0.313721	0.00183025	0.00431028	0.0599921	0.0103557	0.369878	0.0534052	0.00602786	0.00340519	0.00774191	0.00186248	0.00610345	0.0104898	0.0311596	0.00306605	0.0942617
5	0.0452599	0.00683955	0.110751	0.111268	0.00177099	0.277205	0.00144998	0.00741631	0.0926305	0.00937503	0.00193744	0.0722128	0.000988112	0.136059	0.0343941	0.0545737	0.0200611	0.00856279	0.000492473	0.00675271
6	0.115322	0.129616	0.00556255	0.00680394	0.0190766	0.0549526	0.0250124	0.0071108	0.126474	0.0738228	0.0262175	0.0515031	0.00411963	0.0506259	0.112319	0.0979643	0.0628212	0.0226913	0.00199255	0.00599174
7	0.0281782	0.0166096	0.0389373	0.0185722	0.0107893	0.0341004	0.0451653	0.0103058	0.0922722	0.0156059	0.00764476	0.309252	0.00227637	0.0501104	0.0407038	0.164324	0.0894112	0.00578264	0.00332127	0.0166375
8	0.0340777	0.00249017	0.0269114	0.118257	0.00296174	0.0284495	0.010749	0.0206337	0.152038	0.00680623	0.00391308	0.0361873	0.325642	0.0849305	0.057933	0.0385124	0.0397434	0.00602932	0.000843554	0.00289102
9	0.302461	0.0290211	0.0119698	0.0145046	0.0125236	0.132998	0.0121966	0.0122301	0.0130981	0.00599975	0.00427595	0.0401855	0.0092714	0.00733589	0.00742868	0.26015	0.0962799	0.0118306	0.000423665	0.0158155
10	0.00544138	0.00647999	0.000251778	0.00199902	0.0260275	0.00188018	0.000766234	0.0637804	0.00282239	0.709607	0.139279	0.00177076	0.0015945	0.00379585	0.00124001	0.00388274	0.00298094	0.0232459	0.000153435	0.00300113
11	0.0334273	0.00764626	0.0124228	0.0318738	0.00170015	0.00600388	0.0185195	0.00572638	0.442276	0.0256783	0.00970627	0.035191	0.00426731	0.0745506	0.222745	0.0256477	0.0229079	0.0166024	0.00174136	0.00136674
12	0.0918598	0.00110535	0.143141	0.186887	0.00144741	0.0268472	0.00758311	0.0113033	0.0576198	0.0268471	0.00837522	0.0271808	0.14698	0.0708423	0.0253991	0.10613	0.044388	0.0098595	0.000288166	0.0059154
13	0.0208972	0.0116023	0.00735688	0.026343	0.00292064	0.0115159	0.0286314	0.00897723	0.216766	0.0212999	0.00808605	0.031859	0.00345902	0.0517861	0.460576	0.0354503	0.0292754	0.0152653	0.000784452	0.00714819
14	0.032595	0.00828656	0.019573	0.0937647	0.0182711	0.0113279	0.287245	0.0138283	0.0223252	0.0211331	0.011152	0.0329618	0.0869506	0.121328	0.0184859	0.069308	0.0341583	0.0213086	0.00360228	0.0723949
15	0.0498942	0.00477509	0.0989157	0.284228	0.00536287	0.0419879	0.014231	0.010864	0.0563736	0.021545	0.0129013	0.0463535	0.0066321	0.125168	0.0399638	0.0926646	0.0637914	0.0160752	0.000784369	0.00748813
16	0.0283875	0.0126849	0.00793928	0.00350917	0.251281	0.0147758	0.0785033	0.0212544	0.0390736	0.146751	0.0548506	0.0160004	0.00152046	0.0174263	0.0297916	0.0160912	0.00973241	0.0518877	0.0677379	0.130802
17	0.182481	0.00170863	0.0421093	0.0749065	0.00764432	0.0782325	0.00607514	0.00701144	0.05817	0.0218637	0.0211463	0.105113	0.00583219	0.0951146	0.018884	0.168954	0.0893581	0.0122527	0.000883229	0.00225991
18	0.00478234	0.00633206	0.000618429	0.00102809	0.0315618	0.000511603	0.000729553	0.245125	0.00123639	0.493451	0.0923456	0.00186425	0.00088081	0.00237536	0.00129897	0.00306241	0.00977229	0.0998532	0.00165183	0.00151895
19	0.0403533	0.0070221	0.0572828	0.400232	0.0114547	0.00822285	0.0108035	0.0352515	0.0454363	0.0532756	0.0156288	0.029795	0.00218737	0.12915	0.0278874	0.0497363	0.0239053	0.0345376	0.00203243	0.0158049
20	0.0456793	0.0157371	0.0128278	0.005387	0.024259	0.00804567	0.00695459	0.245096	0.00253712	0.133221	0.0249134	0.0266105	0.00458977	0.00680353	0.00240883	0.0366339	0.105061	0.273213	0.00262333	0.0173981
21	0.0152207	0.00335635	0.303837	0.535139	0.00122217	0.00837386	0.00303299	0.00622718	0.0139171	0.00997291	0.00365285	0.0199649	0.0029167	0.0294181	0.00439307	0.0215964	0.00768792	0.00754771	8.45533e-05	0.00243789
22	0.0153227	0.00346657	0.304513	0.535304	0.00162352	0.00824912	0.0031527	0.00661786	0.0129746	0.00907466	0.00364818	0.0181823	0.00267579	0.0304334	0.00474075	0.0212507	0.00749653	0.00892425	0.000111869	0.0022377
23	0.00867577	0.00181016	0.00115579	0.000903375	0.00967279	0.00150743	0.00218853	0.558809	0.00279232	0.0998605	0.018047	0.00112435	0.00207039	0.00219557	0.00128231	0.00477246	0.017407	0.261755	7.67071e-05	0.0038935
24	0.0166134	0.00572662	0.00738113	0.073855	0.0497956	0.0209907	0.0187976	0.115261	0.017309	0.159327	0.0495081	0.0241091	0.016356	0.109173	0.0101826	0.054858	0.0567199	0.143192	0.00130273	0.0495418
25	0.18145	0.00431791	0.00263447	0.0251765	0.00479423	0.0128579	0.00215791	0.0894412	0.00409077	0.0883965	0.0999201	0.0348816	0.00176117	0.0773031	0.00328507	0.063942	0.167737	0.13276	0.000796411	0.00229626
26	0.0430589	0.00721869	0.000881643	0.00838707	0.0141122	0.000816105	0.000797113	0.113731	0.0157239	0.411721	0.0655133	0.0142988	0.000421154	0.0533332	0.00110378	0.0418246	0.0998402	0.0970045	0.00316819	0.00704417
27	0.010651	0.0109364	0.00327081	0.00119349	0.0377782	0.000716001	0.00249074	0.165452	0.00272178	0.582773	0.0586758	0.0016316	0.00194537	0.00289677	0.00368303	0.00487116	0.0102155	0.0901157	0.00385815	0.00412355
28	0.0151701	0.00335528	0.304699	0.533164	0.00136956	0.0083076	0.0031716	0.0062007	0.0141228	0.00975967	0.00361772	0.0194074	0.00298336	0.0304642	0.00454135	0.0214929	0.00793954	0.00769646	8.8002e-05	0.00244899
29	0.0106747	0.00344952	0.472658	0.392912	0.0056859	0.00816512	0.00445375	0.00442312	0.0102877	0.00979132	0.00275421	0.0118334	0.0058019	0.0189124	0.00311288	0.0160064	0.0113891	0.00522466	0.000209999	0.00225423
30	0.0265757	0.00615598	0.00634774	0.0437768	0.00517593	0.00505924	0.432373	0.00824229	0.00756975	0.00931806	0.00592957	0.0480602	0.00860228	0.200626	0.00611708	0.101908	0.0350015	0.00835563	0.00166332	0.0331419
31	0.0395018	0.00680068	0.00108156	0.00819428	0.0174979	0.000784426	0.00190298	0.125755	0.0170714	0.403985	0.063025	0.014825	0.000436115	0.050848	0.00317619	0.0375453	0.093701	0.101578	0.00310775	0.00918277
32	0.0438686	0.0190126	0.00449514	0.00802587	0.0159471	0.00425034	0.00287908	0.273098	0.00295991	0.18148	0.0585869	0.0198438	0.00116419	0.00740678	0.00236114	0.0283558	0.0321821	0.285207	0.00188766	0.00698785
33	0.0547109	0.00444882	0.0159148	0.0362115	0.00134013	0.0294755	0.028917	0.0566256	0.137128	0.0858482	0.0344434	0.107049	0.000764345	0.0681984	0.137225	0.0764052	0.0709849	0.0465812	0.000403977	0.00732441
34	0.120853	0.0633718	0.00490906	0.00568353	0.00725258	0.0454024	0.0292261	0.00804863	0.18386	0.140814	0.0417089	0.051836	0.00197823	0.055627	0.0754872	0.0883153	0.0598956	0.0113731	0.000889791	0.00346806
35	0.266736	0.0261164	0.00736819	0.0101374	0.0180268	0.142353	0.00801421	0.00971171	0.011107	0.00690784	0.00754946	0.0359346	0.0106034	0.0106322	0.00967476	0.303352	0.083295	0.0126167	0.00232651	0.0175371
36	0.0560119	0.0161503	0.0271615	0.0318725	0.0113758	0.0582543	0.0243715	0.0189562	0.062764	0.0488299	0.0440203	0.191739	0.00694057	0.0795831	0.0391666	0.173689	0.0685312	0.0210483	0.00333182	0.016202
37	0.0534489	0.0102857	0.023605	0.0404928	0.0209765	0.00632908	0.0135223	0.0529745	0.106703	0.0987917	0.0351277	0.0329284	0.126027	0.0780604	0.105423	0.0488688	0.0343673	0.0892079	0.00819269	0.0146673
38	0.0188087	0.0111646	0.00125077	0.00231867	0.311424	0.00198611	0.0604734	0.0244858	0.0015057	0.0190463	0.00466311	0.019758	0.00207438	0.00686301	0.00172416	0.0143932	0.0195954	0.0225098	0.00483678	0.451118
39	0.10453	0.0304143	0.00500895	0.00239184	0.0198487	0.00401918	0.00788725	0.244558	0.00579157	0.0869007	0.0202537	0.0183358	0.00170603	0.00481776	0.00370866	0.0217127	0.0249385	0.385124	0.000443857	0.00760962
40	0.139453	0.00437507	0.0180217	0.0278974	0.00520581	0.160386	0.0224923	0.028979	0.163562	0.0422136	0.0208483	0.0178077	0.025196	0.0775657	0.106233	0.0263167	0.0946405	0.0116267	0.00149282	0.00568708
41	0.059124	0.00234743	0.222844	0.301445	0.00182603	0.022796	0.00871008	0.0119134	0.0510249	0.0194096	0.00750279	0.0622879	0.00122192	0.0796885	0.031817	0.0628443	0.0361149	0.01506	0.000113184	0.00190889
42	0.0348906	0.00891322	0.00617483	0.00345759	0.0178302	0.00487749	0.00599414	0.247233	0.00331091	0.108005	0.0222344	0.0201027	0.00277041	0.00581495	0.00329541	0.0277027	0.192367	0.266495	0.00190647	0.0166244
43	0.00148561	0.00246497	0.000459585	0.00103206	0.0333402	0.000316508	0.0005435	0.250208	0.00107311	0.528063	0.0725804	0.00131686	0.00047933	0.000882308	0.00109255	0.00236214	0.00475421	0.0950774	0.00192392	0.000544714
44	0.0140985	0.00324065	0.327279	0.51334	0.0018839	0.00789855	0.00346697	0.00578114	0.013704	0.0102629	0.0034461	0.0193311	0.0037782	0.028391	0.00412543	0.0208825	0.0086019	0.00699775	0.000110031	0.0033803
45	0.0429432	0.00978188	0.0574476	0.258548	0.0171409	0.00998384	0.0110373	0.0560484	0.0522234	0.0810151	0.024006	0.0457233	0.000641295	0.114925	0.0282907	0.0779973	0.0272449	0.0525661	0.00370629	0.0287298
46	0.00267052	0.0187947	0.00100781	0.00497808	0.0467475	0.00507841	0.00779602	0.046976	0.00537335	0.0624704	0.0349792	0.0100547	0.00809088	0.0031069	0.00136404	0.0182603	0.013304	0.0167815	0.635836	0.0563294
47	0.0363796	0.0253915	0.00777636	0.012278	0.0344369	0.0113707	0.0056884	0.16807	0.0159601	0.208858	0.194362	0.0147998	0.00202605	0.030274	0.0218483	0.0256199	0.0644589	0.0980098	0.00754595	0.0148454
48	0.0689882	0.00700265	0.0499187	0.139558	0.00288156	0.00723221	0.0171002	0.0370917	0.154964	0.0646979	0.0282285	0.0292257	0.00244596	0.175478	0.0515312	0.0415083	0.084559	0.0296771	0.00138645	0.00652464
49	0.0838628	0.104902	0.00308801	0.00464385	0.0390559	0.0174059	0.0233289	0.0249685	0.00602069	0.0983039	0.055427	0.00709743	0.0029163	0.0079116	0.00586728	0.0146243	0.0511895	0.441702	0.00149766	0.00618607
50	0.0319329	0.00584293	0.0214085	0.108674	0.0151204	0.019837	0.0273643	0.011129	0.0919647	0.0409033	0.0208123	0.0816873	0.00657897	0.316623	0.0508702	0.0525219	0.0483892	0.0168903	0.00203378	0.0294158
51	0.0442389	0.0146957	0.0121774	0.0302518	0.00377854	0.0937226	0.0233497	0.0379673	0.0891164	0.0427623	0.0342839	0.0676938	0.00192439	0.069059	0.0944323	0.194251	0.0769994	0.0513875	0.00117019	0.0167376
52	0.0730694	0.0161974	0.0200898	0.00986768	0.00629823	0.0260326	0.0471332	0.0412005	0.0490194	0.060969	0.0597605	0.142993	0.000578516	0.108151	0.0255547	0.108439	0.116884	0.0504486	0.000250031	0.0370635
53	0.00719892	0.0243893	0.0024282	0.00832878	0.0543897	0.00595627	0.0229934	0.0516826	0.0166171	0.0576351	0.0311285	0.0139607	0.00782893	0.00967303	0.00472167	0.0220229	0.0155331	0.0183084	0.548359	0.0768448
54	0.0238779	0.0145813	0.0076643	0.0116236	0.0159737	0.0103848	0.00186916	0.147269	0.0210998	0.278427	0.271307	0.0058193	0.00240296	0.0276693	0.0228231	0.0149426	0.035552	0.0767667	0.00759533	0.00235115
55	0.121417	0.0196422	0.00864911	0.00649168	0.0124256	0.0185444	0.00235441	0.0214308	0.00722213	0.0182516	0.00477729	0.0342829	0.489176	0.0181875	0.0116191	0.120055	0.0352791	0.0381775	0.00263409	0.00938241
56	0.0111367	0.00617218	0.00093124	0.00127126	0.0173423	0.00162922	0.00190636	0.486106	0.00227628	0.131366	0.026449	0.00204677	0.00181442	0.00243856	0.00153476	0.00529751	0.0159993	0.277269	0.00089039	0.00612249
57	0.00427631	0.0143712	0.000583935	0.00178123	0.662013	0.00325663	0.00265156	0.0362858	0.00187498	0.103874	0.011486	0.00245649	0.000781368	0.00415947	0.00281596	0.00224598	0.00454246	0.0189753	0.0135657	0.108003
58	0.198183	0.0314458	0.0268652	0.0133827	0.0125899	0.0568121	0.00938364	0.0234073	0.0167002	0.0330241	0.0124839	0.0575834	0.00716124	0.0238065	0.0371248	0.212307	0.143855	0.0750673	0.00279385	0.00602231
59	0.21983	0.0282283	0.0229412	0.0160524	0.0179988	0.131022	0.0126257	0.0118676	0.02077	0.0132147	0.00693267	0.061917	0.0194076	0.0132088	0.0139184	0.26204	0.090592	0.0165536	0.0015499	0.0193304
60	0.0438317	0.0230212	0.0138278	0.0222493	0.0088013	0.0243629	0.0503016	0.0186654	0.131661	0.0444186	0.0355025	0.0897894	0.00569162	0.1473	0.143974	0.0889162	0.0622325	0.030224	0.00180842	0.0134208
61	0.0181692	0.0102499	0.00532865	0.00482516	0.0284752	0.00390833	0.00204144	0.148096	0.00887861	0.4887	0.146104	0.00337498	0.00259272	0.0112069	0.00872214	0.0076666	0.0182535	0.0736582	0.00569969	0.00404817
62	0.122266	0.00591429	0.0159733	0.0212993	0.00901902	0.0212583	0.00789562	0.0243717	0.0403563	0.0264478	0.0141332	0.0254118	0.397547	0.0602388	0.0188592	0.105864	0.0309401	0.0353076	0.00150519	0.015392
63	0.0614619	0.00328877	0.0664183	0.115491	0.00834421	0.0318724	0.0305512	0.0280673	0.131145	0.0600147	0.0291727	0.0446303	0.000626795	0.117048	0.0750664	0.0665556	0.0780855	0.04066	0.00430615	0.00719363
64	0.0227501	0.00323574	0.299979	0.460335	0.00210999	0.0123472	0.00627269	0.00721352	0.0187651	0.0116247	0.00473804	0.0341079	0.00330177	0.042084	0.0101843	0.0344542	0.0142073	0.008556	0.000104158	0.003629
65	0.302986	0.0210375	0.00962948	0.0103254	0.0128834	0.111449	0.00732309	0.0104926	0.0145782	0.00667285	0.00437413	0.0291764	0.00804579	0.00917175	0.00879571	0.315295	0.0938564	0.0107909	0.0010265	0.0120904
66	0.0778062	0.00122787	0.0231783	0.0584389	0.00597405	0.0197867	0.0120767	0.0128061	0.315633	0.0232006	0.0112069	0.0520761	0.00212539	0.077603	0.202578	0.0373505	0.0306456	0.0241254	0.00182469	0.0103363
67	0.038807	0.0105032	0.0216017	0.025769	0.0137205	0.0085495	0.0163299	0.0569028	0.259706	0.183308	0.052918	0.0249531	0.00092252	0.0497609	0.152733	0.0207322	0.0138106	0.0364684	0.00034095	0.012163
68	0.00393518	0.00745779	0.000810574	0.00187879	0.564586	0.0016483	0.00972748	0.0144589	0.00297722	0.034916	0.00811904	0.00309327	0.00103723	0.00695473	0.00168531	0.0106161	0.00652449	0.00981841	0.00757593	0.302179
69	0.0216	0.0013468	0.0291325	0.0510489	0.0704342	0.00770066	0.0251016	0.0892676	0.0657126	0.231691	0.0797877	0.0498204	0.00095033	0.0565453	0.0266574	0.0434734	0.0423907	0.0611577	0.00165065	0.0445308
70	0.00494645	0.012315	0.000692967	0.00121915	0.181396	0.00104128	0.00414248	0.111715	0.00172448	0.499643	0.0843244	0.00189447	0.00278405	0.00319033	0.00185457	0.00473897	0.00642349	0.0501565	0.00182312	0.0239737
71	0.0153019	0.00339209	0.304053	0.535572	0.00124952	0.00850165	0.00300807	0.00632083	0.0135663	0.00967713	0.00365319	0.0194994	0.00280831	0.0293694	0.00446835	0.0215588	0.00765169	0.00789909	8.8953e-05	0.00236075
72	0.0452742	0.00504076	0.0543523	0.155027	0.0242639	0.00975038	0.0168052	0.0846727	0.0826996	0.113166	0.0386329	0.037964	0.00132624	0.0911921	0.0413556	0.0523745	0.0465435	0.0751704	0.00146933	0.0229194
73	0.0307507	0.0185222	0.00114492	0.000556142	0.00551152	0.00280149	0.00194845	0.296302	0.000748068	0.0721473	0.0195073	0.00158505	0.00143924	0.0010663	0.00151604	0.00579688	0.0165065	0.519969	0.000948612	0.00123266
74	0.0109673	0.00386567	0.00101134	0.0754172	0.0183002	0.0146204	0.0290866	0.00303225	0.0506872	0.0599085	0.0284917	0.0692149	0.00593987	0.487903	0.0413461	0.0407901	0.0460678	0.00635138	0.000335365	0.00666334
75	0.0371609	0.00678794	0.0128963	0.027038	0.00239805	0.00596987	0.015634	0.00642221	0.453899	0.0223076	0.0102315	0.0343151	0.00402649	0.0758506	0.216432	0.0267204	0.0220471	0.0155413	0.00193577	0.00238588
76	0.113868	0.0202856	0.0262311	0.0559005	0.00649643	0.301321	0.00528377	0.0146339	0.0597114	0.0187438	0.00427945	0.020916	0.00213077	0.0251252	0.0476089	0.213941	0.0368693	0.0230338	0.00107551	0.00254418
77	0.0167461	0.0153852	0.00106681	0.00201851	0.0245742	0.00155139	0.00143693	0.24189	0.00191665	0.364987	0.06479	0.00346592	0.00135558	0.00394724	0.00346542	0.00807648	0.016069	0.220101	0.00182497	0.00533203
78	0.172551	0.00278831	0.035288	0.0579546	0.00657366	0.0810338	0.0220897	0.00755239	0.0155336	0.00586206	0.00405718	0.116925	0.00140209	0.0292162	0.0257441	0.284671	0.0962333	0.0324362	0.000530251	0.00155734
79	0.0661254	0.00205817	0.241251	0.253404	0.00387473	0.0193744	0.0105025	0.0151177	0.0450953	0.0244241	0.0128187	0.0850264	0.0025211	0.0753485	0.0342359	0.0560132	0.0327193	0.0145332	0.000105852	0.00545067
80	0.0244038	0.0405966	0.00757028	0.0291288	0.236134	0.0165156	0.0434558	0.0178193	0.0238325	0.0295411	0.0198977	0.0388376	0.00456588	0.0180361	0.00804854	0.0281195	0.0155045	0.0272835	0.0160399	0.354669
81	0.00975001	0.0140152	0.000735144	0.00218973	0.383578	0.000862049	0.00416038	0.0719395	0.00205153	0.350746	0.0469656	0.00175527	0.00350905	0.00373378	0.00171381	0.00770203	0.0129	0.0454903	0.0031899	0.0330126
82	0.0183271	0.00339297	0.300817	0.504365	0.00169458	0.0106606	0.00443412	0.0066441	0.0157063	0.0100739	0.004285	0.0265064	0.00310142	0.0343059	0.00652229	0.027751	0.0105228	0.00780094	9.84568e-05	0.00298987
83	0.0536791	0.00423494	0.0253093	0.0545414	0.00238401	0.0319069	0.0267782	0.0468025	0.131374	0.0750764	0.0353122	0.0867151	0.000678524	0.0812516	0.128659	0.0901836	0.0754217	0.0414661	0.00100144	0.00722475
84	0.0325776	0.00883031	0.0108915	0.0238552	0.0133511	0.00747851	0.0146954	0.0863493	0.260419	0.0844234	0.0343228	0.0363633	0.00518357	0.0546878	0.153385	0.0352894	0.0429518	0.0766104	0.00181308	0.0165215
85	0.0409296	0.0229328	0.00832452	0.0156011	0.00710827	0.0129082	0.0186074	0.0275145	0.210673	0.039279	0.0220706	0.0275877	0.00543402	0.102117	0.309814	0.0404558	0.0277893	0.0515822	0.00176955	0.00750219
86	0.0999958	0.00771566	0.0208849	0.0692958	0.00523329	0.0162456	0.00702385	0.107502	0.0750051	0.101527	0.054584	0.0553925	0.00479873	0.0613049	0.0502116	0.103024	0.0777779	0.076825	0.000608082	0.00504383
87	0.101601	0.00803387	0.00473172	0.023972	0.207347	0.00431209	0.0144255	0.110776	0.0358985	0.0892413	0.00872608	0.038282	0.00348063	0.0173797	0.0240786	0.0737639	0.0218979	0.0820858	0.00101239	0.128955
88	0.00458194	0.0152193	0.000648557	0.00212126	0.683285	0.00328494	0.00319155	0.0284985	0.00222198	0.0681534	0.00618422	0.00296849	0.000529464	0.00473849	0.00294079	0.0034	0.00449781	0.0150482	0.0145012	0.133985
89	0.211634	0.00593622	0.00217838	0.00334339	0.00379493	0.0109389	0.00242027	0.010066	0.00715562	0.0160874	0.00383231	0.019179	0.321073	0.0327455	0.00602811	0.291008	0.036937	0.00793667	0.00265861	0.00504612
90	0.00560942	0.00435688	0.000709041	0.00131628	0.47529	0.00125587	0.0226623	0.0119591	0.0025317	0.0189602	0.00787454	0.0050897	0.00168985	0.00715398	0.00116612	0.0157642	0.00996919	0.00945998	0.00516132	0.39202
91	0.00338009	0.0119929	0.000556943	0.00146376	0.677758	0.00270459	0.00382783	0.0234038	0.00237595	0.0575844	0.00584521	0.0022239	0.000447092	0.00540615	0.00255985	0.0045137	0.00451692	0.0127254	0.0114289	0.165284
92	0.0117466	0.00841032	0.0018574	0.00131262	0.0243148	0.0012888	0.00217497	0.329386	0.00229302	0.333593	0.0369483	0.00297791	0.00162794	0.0031904	0.00257799	0.00742262	0.0160704	0.205873	0.00193715	0.00499768
93	0.106681	0.020259	0.0256008	0.055598	0.00996965	0.0561095	0.0151615	0.0152772	0.0259981	0.0214121	0.0124566	0.112322	0.0121472	0.034546	0.0170658	0.342886	0.0816323	0.0242426	0.00274794	0.00788623
94	0.0147734	0.00493418	0.521575	0.0893098	0.00376816	0.0117362	0.0199121	0.00452493	0.0238523	0.00772985	0.00614829	0.163109	0.0106796	0.0259893	0.0115475	0.0538769	0.0169597	0.00464798	0.000418132	0.00450738
95	0.0678008	0.00232153	0.249508	0.260354	0.00122105	0.0245471	0.0146213	0.016152	0.0377716	0.0144632	0.00481733	0.0286289	0.0395557	0.0464607	0.0223778	0.0712811	0.0565518	0.0368739	0.00016989	0.00452306
96	0.0225653	0.00336513	0.293833	0.499796	0.00130911	0.0113091	0.00513395	0.00816506	0.0169514	0.00943594	0.0038714	0.0201723	0.00438581	0.033666	0.00766931	0.0266759	0.0147566	0.0144909	0.000117785	0.00233013
97	0.00743841	0.0100221	0.000708196	0.0013637	0.022065	0.00115674	0.000631564	0.157795	0.00193115	0.559711	0.136591	0.0025444	0.00123051	0.00469472	0.00138488	0.00379458	0.0108202	0.0735077	0.00107013	0.00153833
98	0.00932288	0.00876495	0.00144035	0.00224918	0.0352616	0.000862228	0.0040763	0.239174	0.00477528	0.458628	0.0590669	0.00315837	0.00199069	0.0103621	0.00526638	0.00557805	0.0120615	0.127617	0.00200468	0.00833959
99	0.0782974	0.00190613	0.181557	0.273361	0.00236	0.0232122	0.0100645	0.0157863	0.0590224	0.0257804	0.0102984	0.0663425	0.00383109	0.0834511	0.0360177	0.0608203	0.0426041	0.0219568	0.000249889	0.0030806
100	0.0840576	0.0212469	0.00539414	0.0107283	0.0232784	0.0121146	0.0272586	0.249847	0.012272	0.137848	0.0590137	0.0190899	0.0122483	0.0243189	0.0137764	0.033964	0.0575034	0.181193	0.00155981	0.0132877
101	0.0146503	0.00869879	0.00201575	0.00978648	0.0393925	0.00350328	0.00494026	0.0695799	0.00766339	0.656037	0.0927377	0.00726262	0.00223638	0.0135686	0.00413284	0.00575435	0.00862957	0.032695	0.00107657	0.015639
102	0.415065	0.0191459	0.00163188	0.000659694	0.0103917	0.0387748	0.00127243	0.00602914	0.00653679	0.00538264	0.00170146	0.0086794	0.00475391	0.0112976	0.0061997	0.393711	0.0527754	0.0111299	0.00354536	0.00131565
103	0.247891	0.00547967	0.0216591	0.0127284	0.00497344	0.433388	0.00294796	0.00769754	0.00596063	0.00596333	0.00564463	0.0844487	0.00663116	0.00804745	0.0058259	0.111923	0.0128154	0.0094525	0.000748274	0.00577315
104	0.00884339	0.0115413	0.000335867	0.000820972	0.0228017	0.00157952	0.000403811	0.496412	0.0020636	0.139772	0.119617	0.000769336	0.000325536	0.0033799	0.00080492	0.00456476	0.015247	0.162623	0.000149505	0.00794425
105	0.0753216	0.00619968	0.0263505	0.0581084	0.0255383	0.0269606	0.161499	0.00241894	0.114177	0.0130599	0.00596199	0.07659	0.00107207	0.111063	0.0653933	0.098971	0.0222244	0.0181265	0.00893188	0.0820319
106	0.0296201	0.0045528	0.0254667	0.0589258	0.00126952	0.0206415	0.0074225	0.0126177	0.166145	0.042413	0.0236949	0.0444196	0.00404808	0.120214	0.214489	0.12818	0.0794684	0.00604385	0.000296069	0.010071
107	0.0109682	0.0122451	0.00168646	0.00123256	0.0331005	0.00090999	0.00179552	0.22763	0.00129347	0.470578	0.044858	0.00165638	0.00183426	0.00250496	0.00355493	0.0049583	0.00881185	0.163345	0.0021182	0.00491853
108	0.0606537	0.00327388	0.0666655	0.115295	0.00838638	0.032876	0.0306762	0.0271756	0.132332	0.0609166	0.029699	0.0440244	0.000399156	0.118209	0.0765342	0.0661424	0.0765517	0.0389168	0.00429405	0.00697832
109	0.0054106	0.0110782	0.00120336	0.0018919	0.314018	0.00144115	0.00919987	0.128878	0.00293791	0.29047	0.0994466	0.00284899	0.00387893	0.00653449	0.00293529	0.00583015	0.0143716	0.0589085	0.00452141	0.0341948
110	0.130672	0.0557175	0.0104431	0.021073	0.00907288	0.0571383	0.0192291	0.0164573	0.0225934	0.0848746	0.0261142	0.102768	0.0800478	0.0708601	0.052592	0.210888	0.0150794	0.00914405	0.00101998	0.0042149
111	0.0757012	0.013892	0.00987392	0.0235964	0.0115059	0.00959194	0.00805891	0.213337	0.0137657	0.0691212	0.0365209	0.00426586	0.0938392	0.0179797	0.00586741	0.0210641	0.0597944	0.295339	0.00090771	0.0159781
112	0.0506973	0.00486697	0.165541	0.35841	0.00341378	0.0160703	0.0121683	0.0143229	0.035758	0.0163577	0.00744003	0.0302485	0.0421645	0.0719292	0.0238835	0.0540811	0.061365	0.0255355	0.000480201	0.00526667
113	0.0489476	0.00375714	0.0671003	0.128196	0.0176985	0.022713	0.0284047	0.0502779	0.109275	0.0830382	0.0340921	0.0430486	0.000620205	0.103731	0.0621058	0.059599	0.0623102	0.0574233	0.00296223	0.0146988
114	0.00392258	0.0075604	0.00230341	0.00585008	0.109636	0.00544778	0.00347134	0.0216711	0.00342006	0.0438205	0.0138458	0.0049479	0.00446135	0.00284723	0.00417392	0.00987983	0.00620102	0.00825808	0.679737	0.0585442
115	0.00449189	0.0065035	0.000238663	0.00168678	0.026379	0.00183373	0.000714157	0.0609391	0.00276119	0.721326	0.134549	0.00163596	0.00125436	0.00341621	0.00123906	0.00403021	0.00256769	0.0219479	0.000141856	0.00234366
116	0.0238766	0.0425166	0.012861	0.0189123	0.00459767	0.0784	0.00398782	0.11094	0.0480526	0.125929	0.0163941	0.0659331	0.00943976	0.0630388	0.0254295	0.105547	0.0901499	0.140193	0.000716724	0.0130834
117	0.0184137	0.00474637	0.00399429	0.023483	0.00511016	0.00507545	0.0122545	0.0083434	0.00723975	0.0343336	0.227794	0.00758331	0.00243325	0.576969	0.00524941	0.0111198	0.0182169	0.00850803	0.00138027	0.0177519
118	0.103584	0.0821895	0.000668413	0.00204292	0.00896567	0.00508285	0.000678057	0.234346	0.00112525	0.0521411	0.0407509	0.00619372	0.00464566	0.00284608	0.0020396	0.0465108	0.0700026	0.332406	0.000205292	0.00357522
119	0.104861	0.0290823	0.00252407	0.00650332	0.00801761	0.0132237	0.000995643	0.213887	0.00125943	0.0499681	0.026939	0.00791965	0.00292668	0.0034949	0.002205	0.0472076	0.0812727	0.392448	0.000575221	0.00468943
120	0.0137732	0.00728964	0.00106067	0.00139957	0.0237906	0.00104212	0.0133532	0.193868	0.00281657	0.534077	0.0575917	0.00515881	0.00560833	0.0304511	0.00798042	0.0104416	0.00997123	0.0604234	0.00088217	0.019021
121	0.219052	0.278275	0.000748349	0.00299982	0.0184003	0.0244969	0.00347085	0.0449814	0.00129931	0.0504982	0.0083171	0.0213532	0.00199249	0.0110729	0.00233471	0.0963959	0.122456	0.0801289	0.000253658	0.0114727
122	0.0413496	0.00708382	0.00112549	0.00889435	0.0160091	0.000961029	0.0011862	0.114791	0.0156227	0.406545	0.065805	0.0144507	0.000424837	0.0515307	0.0017761	0.0406893	0.099468	0.0995165	0.00313224	0.00963799
123	0.0241523	0.00597523	0.00189091	0.00277481	0.00356515	0.00113529	0.00268748	0.299615	0.00328646	0.0536808	0.0159436	0.00972585	0.00114198	0.00703977	0.0057767	0.0258346	0.135971	0.390588	0.00302346	0.00619167
124	0.138179	0.00251868	0.0803601	0.113889	0.00420669	0.0426162	0.0132262	0.00836392	0.0922019	0.0210511	0.0138225	0.105235	0.00204594	0.127659	0.0389727	0.108854	0.0735426	0.0102269	0.000308445	0.00272115
125	0.0210235	0.0110902	0.00857836	0.0152163	0.0163444	0.0101223	0.0018957	0.151401	0.0252449	0.281358	0.257706	0.00730218	0.00235278	0.0286759	0.0250213	0.0128642	0.0360134	0.0771574	0.00820546	0.00242735
126	0.0485221	0.0228287	0.00275726	0.00286984	0.0205337	0.0105003	0.00907659	0.228574	0.0071872	0.226021	0.0656851	0.0169578	0.00321778	0.0133372	0.00784191	0.0337552	0.10335	0.165453	0.00209204	0.0094392
127	0.0399642	0.0157155	0.00242632	0.0129862	0.00681196	0.00521119	0.0201403	0.0450305	0.200229	0.0557817	0.0286905	0.0241129	0.00533612	0.100288	0.268114	0.0442988	0.0326681	0.0812186	0.00100423	0.00997138
128	0.0673679	0.0025053	0.0604707	0.0934007	0.00632604	0.0491543	0.0237966	0.0189899	0.113524	0.0490918	0.0269283	0.0852587	0.00273397	0.113397	0.0679348	0.0985479	0.0853896	0.026452	0.00243968	0.00629022
129	0.0084079	0.00152608	0.180171	0.161698	0.00192334	0.011428	0.00172485	0.00806783	0.139701	0.00857112	0.00194748	0.122686	0.0328137	0.11795	0.0646113	0.0600573	0.0507294	0.0123686	0.000437514	0.0131784
130	0.0701837	0.0175647	0.00800595	0.0153925	0.0206823	0.0101559	0.0126802	0.164975	0.0325392	0.150154	0.0642828	0.0455418	0.00355328	0.036363	0.0344314	0.0672498	0.108663	0.125115	0.00193475	0.0105319
131	0.0154208	0.0152396	0.000443274	0.00146569	0.0223601	0.00131251	0.000384957	0.317588	0.000956879	0.292728	0.0572836	0.00251305	0.000973129	0.0030623	0.00153346	0.00480981	0.0103017	0.243988	0.000991523	0.00664333
132	0.0276085	0.075096	0.0048426	0.267101	0.00520362	0.0595739	0.00454022	0.00928463	0.0250372	0.0264437	0.0398263	0.0724465	0.00293856	0.0274187	0.0212781	0.211177	0.072723	0.0413536	0.00134164	0.00476579
133	0.130422	0.0148205	0.0229555	0.0168516	0.00536219	0.0442284	0.00581087	0.0188183	0.027343	0.0151854	0.00822525	0.059749	0.0235832	0.0299146	0.0117337	0.230106	0.307197	0.023457	0.000395489	0.00384141
134	0.0156199	0.0190418	0.00158825	0.00243355	0.0159701	0.00160586	0.00100155	0.164391	0.00381233	0.444981	0.175408	0.00598885	0.00176238	0.0111171	0.00368408	0.00672401	0.0270067	0.0946148	0.00155417	0.0016956
135	0.00829172	0.00231107	0.000965052	0.000756012	0.00987417	0.00118315	0.00204865	0.577886	0.00269018	0.100648	0.0174294	0.000964662	0.00165041	0.00213858	0.00102449	0.0043152	0.0165288	0.245789	9.29174e-05	0.00341291
136	0.0244674	0.00588746	0.00242387	0.00305232	0.00857967	0.00276567	0.00400057	0.273888	0.0038372	0.0727349	0.0203736	0.0122687	0.00157675	0.00643683	0.00438483	0.0215662	0.214569	0.305222	0.00177559	0.0101889
137	0.0142963	0.0116119	0.000616202	0.00168151	0.0238383	0.00125937	0.0014641	0.284474	0.00180858	0.336317	0.067952	0.00298322	0.00128012	0.00811566	0.00240151	0.00454133	0.0114248	0.217008	0.00100346	0.00592191
138	0.0126691	0.00614724	0.0803891	0.334253	0.0405825	0.00620124	0.0529107	0.043254	0.0124146	0.156863	0.0482471	0.0525889	0.00284764	0.0471628	0.0113138	0.020418	0.0261083	0.0194978	0.00140512	0.0247256
139	0.0758523	0.0247497	0.0036426	0.00923632	0.0264257	0.0122844	0.00926219	0.173273	0.0175876	0.148913	0.068752	0.0220336	0.00526592	0.0221564	0.0259791	0.046186	0.0818634	0.213635	0.00200799	0.0108946
140	0.028312	0.00788221	0.010903	0.0433442	0.0109576	0.00987002	0.347675	0.0114265	0.0266042	0.0181555	0.0111621	0.0645652	0.00802515	0.195781	0.02179	0.0864879	0.0458371	0.0130712	0.00323121	0.034919
141	0.0689812	0.0461615	0.0347584	0.0184187	0.0284973	0.085585	0.0413513	0.0167183	0.0317063	0.0498748	0.0119662	0.21736	0.0111726	0.0652132	0.0290365	0.163931	0.0444513	0.00642504	0.00557319	0.0228183
142	0.0310154	0.0072411	0.0111791	0.0279616	0.00262708	0.0058939	0.0175403	0.00622349	0.451487	0.0231997	0.00910087	0.0335024	0.00407762	0.0728594	0.231417	0.024443	0.020937	0.0156181	0.00200171	0.00167387
143	0.00918038	0.00568353	0.598946	0.239913	0.00938586	0.00927588	0.00583963	0.0032469	0.0101294	0.0113493	0.00241658	0.0223031	0.00861179	0.014502	0.00459868	0.0175141	0.019697	0.00398153	0.000341101	0.00308458
144	0.0254917	0.00783165	0.00161184	0.00266014	0.00292194	0.00126948	0.00250984	0.300843	0.0030049	0.051932	0.0170861	0.00942124	0.00129836	0.00705913	0.00463611	0.0246564	0.126062	0.402225	0.00215978	0.00531965
145	0.00411193	0.00708908	0.00221425	0.00596491	0.116895	0.00563667	0.00341151	0.0202228	0.0035751	0.0437834	0.0128131	0.00455314	0.00409788	0.0028452	0.00428774	0.00948426	0.00566587	0.00786218	0.675776	0.0597105
146	0.0432886	0.00720896	0.00089077	0.00844951	0.0142317	0.000817058	0.000738511	0.113394	0.0157281	0.410619	0.0654312	0.0143211	0.000419889	0.0532947	0.00108359	0.0421374	0.100389	0.0973193	0.00317145	0.00706594
147	0.335598	0.0505429	0.00379755	0.0102361	0.00563735	0.0118973	0.00446897	0.0212062	0.113845	0.0412828	0.0225766	0.00863762	0.00250245	0.0712601	0.0407768	0.232213	0.00986422	0.0064013	0.00130661	0.00594982
148	0.0236451	0.0548001	0.0110397	0.0509617	0.0166311	0.0175286	0.0876054	0.0159426	0.0454839	0.0420762	0.0434022	0.0943059	0.00738724	0.281952	0.0849957	0.0458594	0.0371706	0.0176945	0.00373686	0.0177816
149	0.0263849	0.00635804	0.000896828	0.0036192	0.0271131	0.00297736	0.00123346	0.0642591	0.00228011	0.622574	0.161462	0.00317952	0.0096891	0.00384704	0.00156992	0.00621549	0.0129249	0.0370944	0.00047901	0.00584229
150	0.0128883	0.0150221	0.00164221	0.00364215	0.00565839	0.0134157	0.0127489	0.0114803	0.14122	0.0192256	0.0063905	0.0206479	0.00447043	0.0356584	0.644019	0.0194366	0.014999	0.0108553	0.000544817	0.0060345
151	0.010007	0.00633263	0.00172136	0.00144917	0.282081	0.00223895	0.0324792	0.0225416	0.00236364	0.0504501	0.0177857	0.00681171	0.00314568	0.00484843	0.00234985	0.0165064	0.0108975	0.0203	0.0158776	0.489812
152	0.0205428	0.0204014	0.0132778	0.0658712	0.11781	0.00979069	0.0665257	0.0126173	0.0258264	0.0152963	0.00848613	0.0445932	0.0134441	0.0275031	0.0290952	0.0772773	0.0344339	0.015384	0.0198565	0.361966
153	0.00267052	0.0187947	0.00100781	0.00497808	0.0467475	0.00507841	0.00779602	0.046976	0.00537335	0.0624704	0.0349792	0.0100547	0.00809088	0.0031069	0.00136404	0.0182603	0.013304	0.0167815	0.635836	0.0563294
154	0.0534223	0.0113227	0.0284007	0.0520257	0.0194082	0.00225681	0.0107942	0.0487904	0.112492	0.104816	0.0430358	0.0344223	0.124316	0.0845427	0.10069	0.039826	0.0333553	0.074566	0.0105236	0.0109925
155	0.011238	0.0402813	0.0128458	0.0103548	0.194705	0.00827717	0.0254625	0.0123628	0.00579647	0.0312034	0.0246638	0.0559037	0.0025132	0.00989551	0.00295728	0.0175339	0.00833084	0.0116797	0.00827495	0.505719
156	0.115332	0.0280275	0.00367605	0.00724362	0.0163467	0.633716	0.0111999	0.00372349	0.00326501	0.00518601	0.00577593	0.0229316	0.0045967	0.0132102	0.0115659	0.073864	0.00679606	0.0132529	0.000407773	0.0198829
157	0.0109306	0.0544352	0.020436	0.015385	0.15389	0.0128944	0.0349608	0.0072952	0.00804287	0.0158935	0.0228493	0.0957577	0.00224164	0.0128099	0.00391179	0.0205512	0.00803901	0.00793114	0.00346967	0.488275
158	0.0218505	0.00372175	0.182257	0.568595	0.00133049	0.00798773	0.00791802	0.0069629	0.019758	0.0114382	0.00480996	0.0185659	0.00455678	0.0743165	0.0145816	0.0216652	0.0160934	0.011009	0.000115496	0.00246663
159	0.00557431	0.00600248	0.00196532	0.0011017	0.266439	0.0011337	0.0129515	0.0202097	0.000825381	0.0591207	0.0196971	0.00340558	0.00302201	0.00383801	0.00101062	0.0120901	0.00568952	0.0149968	0.0171582	0.543768
160	0.0239238	0.0085257	0.000892746	0.0059763	0.0214167	0.0037309	0.0136215	0.0583141	0.0130421	0.632039	0.0874435	0.0144032	0.00199926	0.0359794	0.00379971	0.00319201	0.00904656	0.0194386	0.00144335	0.0417715
161	0.0420116	0.0130128	0.00244058	0.00632376	0.00498706	0.836101	0.00140268	0.000635449	0.00333042	0.00581265	0.00565995	0.00843007	0.00576471	0.0064865	0.00738771	0.0383416	0.00525743	0.00339978	9.27362e-05	0.0031215
162	0.0620285	0.0693122	0.00887584	0.00443803	0.0395173	0.0111018	0.00919122	0.106007	0.0505034	0.0821409	0.00784132	0.250573	0.00382792	0.0156037	0.00518846	0.0992618	0.0507211	0.0526148	0.00154755	0.0697039
163	0.0560154	0.0214349	0.0194365	0.018118	0.00170873	0.0489198	0.0069661	0.020915	0.0234448	0.0110088	0.0080625	0.063718	0.0152669	0.0246101	0.0106182	0.241379	0.379123	0.0246078	0.000155257	0.00449099
164	0.0846975	0.00748833	0.0538543	0.0623683	0.0200026	0.1868	0.00785905	0.00570997	0.0147268	0.0307263	0.0290924	0.00858414	0.162699	0.0352496	0.00782301	0.193885	0.0743891	0.00851109	0.000731268	0.00480228
165	0.0649009	0.0143924	0.0131199	0.0249651	0.0110844	0.0205067	0.0184592	0.0346889	0.109031	0.0454212	0.0238351	0.0352129	0.0114626	0.098064	0.22948	0.0927733	0.0432719	0.0943888	0.00254528	0.0123969
166	0.0525432	0.0619431	0.00837751	0.0116027	0.0260014	0.0450255	0.0110012	0.162596	0.0208775	0.184018	0.0428508	0.0636512	0.00656451	0.0239841	0.0137864	0.085	0.0583042	0.0990947	0.00407548	0.0187028
167	0.056725	0.0267412	0.00232665	0.00386955	0.0331379	0.007289	0.00456013	0.263091	0.00553095	0.147597	0.0575631	0.0110886	0.00376944	0.00983728	0.00650291	0.0299514	0.0547096	0.261458	0.0014715	0.0127797
168	0.0136379	0.00558351	0.00119365	0.00132659	0.0126049	0.00170156	0.0018333	0.499112	0.00221459	0.124154	0.0305074	0.00321929	0.00171706	0.00261166	0.00126322	0.00863154	0.0172226	0.266153	0.000297969	0.00501377
169	0.0537448	0.0459217	0.0143907	0.0146563	0.00773833	0.0233816	0.00994093	0.0277541	0.0616082	0.0256633	0.0149955	0.0397483	0.0108947	0.0291218	0.0254633	0.142476	0.39462	0.0424629	0.00164677	0.0137706
170	0.0731446	0.00611512	0.0192889	0.0246954	0.00824625	0.00919517	0.0076341	0.0171534	0.0250655	0.00887033	0.00465654	0.0149494	0.611628	0.040247	0.00643602	0.0691088	0.0272015	0.0211374	0.00103497	0.00419167
171	0.0550657	0.0101104	0.00828038	0.0330295	0.0278752	0.00922838	0.00924253	0.0487438	0.0128964	0.51933	0.0804565	0.0158357	0.0344546	0.0267268	0.0134229	0.0233982	0.0206137	0.0306087	0.0017663	0.0189142
172	0.0432647	0.0182596	0.0124396	0.0162551	0.0190238	0.0178669	0.0127798	0.0433381	0.0272168	0.0361188	0.0537455	0.0307928	0.013786	0.0265316	0.0190732	0.104665	0.406517	0.0410017	0.0032501	0.0540745
173	0.0160315	0.0115137	0.387299	0.352692	0.0100239	0.009281	0.00768412	0.0128673	0.0150499	0.047664	0.0111122	0.0199179	0.0058749	0.0297289	0.00854194	0.0213604	0.0179088	0.00928869	0.000983966	0.00517551
174	0.0330402	0.00821111	0.00419384	0.0087126	0.0227408	0.00781568	0.0470414	0.178325	0.0229469	0.336241	0.0602211	0.0162589	0.00308075	0.0388813	0.0469983	0.0156515	0.0460526	0.0821237	0.00327617	0.0181865
175	0.0779873	0.0674866	0.00447907	0.00789876	0.0305771	0.0129285	0.0111449	0.139478	0.0111687	0.166574	0.0526125	0.0261436	0.00380823	0.0208003	0.0118748	0.0812971	0.133264	0.106481	0.00171858	0.0322757
176	0.00984683	0.0127914	0.00347979	0.00115217	0.0460658	0.000997032	0.00329261	0.167687	0.00199442	0.583711	0.0383762	0.00199671	0.00250335	0.00236573	0.00428857	0.00696866	0.0098593	0.0937719	0.00351017	0.00534144
177	0.0622998	0.0341584	0.00316836	0.00460271	0.0302802	0.0141526	0.0092576	0.146471	0.0103093	0.187123	0.132068	0.0240122	0.00227673	0.0279696	0.0160055	0.0613915	0.108344	0.11223	0.00314881	0.0107292
178	0.107439	0.00241158	0.0314042	0.0914336	0.00914604	0.0597216	0.00827078	0.00668671	0.062482	0.0404338	0.0366942	0.106673	0.00970047	0.123085	0.0277675	0.164636	0.0853968	0.0207727	0.0015405	0.00430541
179	0.498832	0.0482146	0.00222342	0.0024482	0.00664082	0.0603792	0.00220243	0.0101396	0.00594831	0.00918798	0.0041036	0.00669606	0.0129591	0.00927557	0.0119079	0.235575	0.0489001	0.0212894	0.00121157	0.00186504
180	0.00481311	0.0100862	0.000593356	0.00218489	0.226879	0.00147775	0.00764361	0.186565	0.0022563	0.28538	0.0644086	0.00205638	0.00424096	0.00524616	0.0042096	0.0084222	0.011701	0.113426	0.00294575	0.0554646
181	0.0742878	0.00600008	0.0259616	0.0543039	0.0250509	0.028887	0.159547	0.00272826	0.116323	0.0159773	0.00582781	0.0770281	0.00113735	0.117429	0.0637007	0.100693	0.0212358	0.0170265	0.00824356	0.0786103
182	0.0309879	0.00859035	0.00356365	0.00729398	0.0428627	0.00536424	0.0243553	0.0314992	0.0113681	0.440514	0.176524	0.0341577	0.00303324	0.0594529	0.00749693	0.0100303	0.0343426	0.0155876	0.00182966	0.0511459
183	0.0384549	0.0373848	0.0405647	0.0244864	0.0363024	0.101834	0.0488081	0.0101797	0.0413108	0.0447015	0.0122368	0.219106	0.0055665	0.0469409	0.0333511	0.142352	0.059658	0.00720303	0.0117467	0.0378115
184	0.29071	0.0678995	0.00682381	0.0129148	0.0107906	0.228132	0.00512377	0.0163324	0.00999882	0.0196261	0.00871044	0.0149237	0.00501569	0.0114584	0.0117601	0.173285	0.0515935	0.0448681	0.00125255	0.00878164
185	0.325443	0.0894475	0.00567028	0.00285992	0.023094	0.0573707	0.00486451	0.012785	0.0103354	0.0158695	0.0178334	0.0588144	0.0025818	0.0169209	0.00444205	0.265648	0.049553	0.0118289	0.0146583	0.00997908
186	0.0680749	0.0198771	0.00875525	0.0134522	0.0381575	0.0164507	0.0105351	0.121504	0.0192703	0.120912	0.0341039	0.0357267	0.166386	0.0197703	0.0195466	0.0604909	0.0707461	0.135747	0.00273449	0.0177577
187	0.148625	0.00508706	0.0327915	0.149993	0.0135199	0.0156499	0.0298262	0.0670199	0.0743252	0.0587669	0.0153442	0.0220433	0.036567	0.107679	0.0266209	0.032079	0.0338897	0.0861911	0.00283308	0.0411481
188	0.045499	0.0127891	0.00310352	0.00749729	0.00512433	0.816956	0.00148676	0.00113927	0.00471353	0.00689604	0.00559895	0.00942762	0.00587313	0.00691941	0.00795526	0.0451031	0.00666911	0.00387674	0.000131317	0.00324105
189	0.0673679	0.00966824	0.0417454	0.0364323	0.0269054	0.0208705	0.0124172	0.0234816	0.0304814	0.0454573	0.0141535	0.028045	0.401353	0.0568277	0.0221827	0.0733596	0.0439439	0.0299818	0.00363339	0.0116917
190	0.184223	0.00922082	0.0171324	0.0179636	0.011021	0.0358244	0.00531389	0.0161395	0.0310791	0.0283569	0.0266749	0.0414863	0.0579392	0.0370349	0.0148823	0.228593	0.199614	0.0300254	0.00160254	0.00587309
191	0.0477135	0.0132029	0.0025029	0.00636777	0.00501176	0.826581	0.00153889	0.000910644	0.00331577	0.00575175	0.00564662	0.0085516	0.0060741	0.00659111	0.00724941	0.040672	0.0055141	0.00351113	0.000108385	0.00318496
192	0.0582975	0.0202445	0.0113103	0.0113912	0.00647585	0.015515	0.0059403	0.0650052	0.0229311	0.0258107	0.0167545	0.0401562	0.0416017	0.0201303	0.0087163	0.207586	0.32915	0.0849884	0.000869402	0.00712502
