212	20
1	0.0212437	0.014984	0.002321	0.00188715	0.132967	0.00230061	0.00186462	0.0784686	0.000993962	0.512165	0.0605288	0.00232046	0.0109531	0.0125242	0.00367429	0.014613	0.0142578	0.0878512	0.00961912	0.0144618
2	0.19681	0.0195493	0.0201073	0.0154157	0.0229523	0.20301	0.00439916	0.0299011	0.00598504	0.0470023	0.0113649	0.0161421	0.0174963	0.00369897	0.018443	0.160754	0.123268	0.0754115	0.00361669	0.00467287
3	0.12011	0.0192804	0.00108036	0.00154272	0.038294	0.0201811	0.00578335	0.211084	0.00859658	0.0700189	0.0373463	0.0135371	0.00836261	0.00230099	0.00151103	0.0869093	0.174511	0.155103	0.00118344	0.0232647
4	0.13224	0.0190787	0.000796449	0.00083502	0.035173	0.0216933	0.00581738	0.185277	0.00788383	0.0559092	0.0338475	0.0124425	0.00887174	0.00180277	0.00128429	0.0983488	0.199891	0.157465	0.00115779	0.0201849
5	0.0215138	0.0151371	0.00227312	0.00187505	0.13357	0.00244605	0.00203086	0.0800422	0.000928257	0.508653	0.0593716	0.002331	0.0109731	0.0122401	0.00365254	0.015139	0.0147177	0.088801	0.00948356	0.0148211
6	0.139349	0.0192847	0.000934664	0.000969406	0.0343404	0.0222281	0.00611115	0.180535	0.00800393	0.0584222	0.0337973	0.0121674	0.00860915	0.00184873	0.00137069	0.0984873	0.197964	0.154133	0.00119962	0.0202439
7	0.0637957	0.0816214	0.00151992	0.00183116	0.139829	0.0396552	0.0061545	0.052298	0.00180443	0.134832	0.0350664	0.00700622	0.0136818	0.00214477	0.00362661	0.200355	0.0632154	0.0676282	0.0295441	0.054391
8	0.0674673	0.0269353	0.00329589	0.00645967	0.105179	0.0322522	0.00505907	0.14682	0.00437946	0.238234	0.0550758	0.00574576	0.00810161	0.00396964	0.00709643	0.0474071	0.0423368	0.179509	0.00752298	0.00715392
9	0.0776603	0.027841	0.00377203	0.00740384	0.0937269	0.0366441	0.00458499	0.15992	0.00553587	0.181832	0.060005	0.00793188	0.00805585	0.00313483	0.00830813	0.0543124	0.0527712	0.19253	0.00745832	0.00657114
10	0.165317	0.031915	0.00959085	0.00253947	0.0253458	0.0283079	0.0023121	0.0236777	0.00460763	0.0430046	0.0100007	0.0247643	0.0229416	0.00350526	0.00494898	0.256057	0.277692	0.050701	0.00756737	0.0052039
11	0.0846529	0.0264525	0.0040134	0.00835924	0.0903634	0.0384915	0.00511962	0.154573	0.00629047	0.170376	0.0564019	0.0083439	0.00868572	0.00301476	0.0086392	0.0560752	0.0586872	0.197309	0.00736457	0.00678686
12	0.0789754	0.0302422	0.00359799	0.00765541	0.102153	0.0402597	0.00431798	0.151582	0.00512371	0.178712	0.0580011	0.0066239	0.00875842	0.00297288	0.00905833	0.0566344	0.0489321	0.190447	0.00939279	0.00655909
13	0.0110394	0.0109163	0.0067302	0.00492563	0.026188	0.0105535	0.00794198	0.410806	0.00232697	0.0688625	0.0554853	0.00501768	0.00270945	0.00518321	0.00202346	0.00468034	0.113766	0.235671	0.000809285	0.0143643
14	0.0566392	0.0684544	0.00136051	0.00189249	0.15029	0.035712	0.0069774	0.0569598	0.00187145	0.179914	0.0445466	0.00554359	0.0137403	0.00303096	0.0045982	0.151642	0.0577946	0.0729501	0.0334123	0.0526692
15	0.0801483	0.0342966	0.00414128	0.0077143	0.0985027	0.0426003	0.00450439	0.143238	0.00536988	0.166552	0.0493404	0.00688036	0.00803162	0.00584009	0.0149764	0.0638113	0.04416	0.192128	0.0162909	0.0114735
16	0.0125983	0.00990819	0.0056455	0.00561002	0.0300207	0.00875714	0.00863652	0.416613	0.00186427	0.0786937	0.0471493	0.00574311	0.00313053	0.00592563	0.00165944	0.00476451	0.101852	0.232124	0.000630607	0.0186744
17	0.0130095	0.0544417	0.00649408	0.00174942	0.335538	0.00836877	0.0396275	0.0594395	0.00226847	0.176395	0.0125206	0.0208537	0.00447757	0.00609407	0.00294159	0.0515966	0.0214353	0.0264432	0.0109666	0.145339
18	0.0187039	0.00656492	0.00639226	0.00749943	0.0455636	0.0114056	0.0105332	0.388324	0.00307119	0.125796	0.0282605	0.011005	0.0104191	0.00690071	0.00173692	0.0109157	0.0625467	0.201006	0.00095086	0.042405
19	0.00788746	0.101279	0.00273025	0.00254816	0.0564545	0.0140368	0.128684	0.0590739	0.0937464	0.106465	0.0148831	0.0151254	0.00327371	0.0515703	0.176004	0.0650513	0.0377793	0.0185455	0.00214445	0.0427178
20	0.0146384	0.023063	0.00440279	0.00452675	0.171317	0.00699998	0.198249	0.0157726	0.0459029	0.0196805	0.008586	0.0869631	0.0244712	0.0481933	0.00690092	0.0252285	0.0167936	0.0147103	0.00433556	0.259265
21	0.0207921	0.0051179	0.00299022	0.0147915	0.00699597	0.00636366	0.019198	0.00836446	0.114594	0.0255526	0.00504685	0.00573153	0.00410263	0.18581	0.396593	0.0232999	0.0101542	0.00991043	0.12935	0.00524165
22	0.0552234	0.00351935	0.109734	0.109229	0.0156138	0.055223	0.0637852	0.0141294	0.0867362	0.0148345	0.00692216	0.184883	0.00815436	0.0403378	0.0317736	0.0866857	0.0582829	0.0259743	0.00157249	0.0273865
23	0.0544658	0.0364637	0.00743128	0.00165295	0.00648708	0.0296666	0.00587585	0.0405463	0.0106126	0.0300386	0.0181483	0.0880872	0.0183209	0.0073019	0.0414937	0.258695	0.295616	0.0302095	0.00663802	0.0122484
24	0.0385332	0.00989055	0.00190988	0.00152894	0.00925179	0.00308984	0.0154993	0.00761486	0.0104784	0.0414439	0.00336905	0.00374959	0.666087	0.0177642	0.0121247	0.0843664	0.0528639	0.0157673	0.0013799	0.00328702
25	0.0122293	0.0100144	0.00573742	0.00555485	0.0290034	0.00883938	0.00850721	0.419135	0.00200446	0.0799643	0.0489154	0.00585527	0.00310884	0.00549419	0.00180123	0.00470482	0.101359	0.229391	0.000583226	0.0177972
26	0.0491894	0.0140191	0.00927685	0.00699214	0.0493918	0.0168755	0.0076168	0.2134	0.0476961	0.106559	0.0819366	0.0137176	0.007916	0.0190111	0.0305678	0.0374522	0.0610038	0.212199	0.00479177	0.0103874
27	0.0190513	0.00192406	0.0056041	0.0258534	0.0025321	0.00512325	0.0515581	0.0173852	0.476484	0.00472267	0.0134683	0.0415261	0.00180243	0.06252	0.208991	0.0331357	0.00550018	0.00805122	0.00792016	0.00684661
28	0.247836	0.0288226	0.0129627	0.00348352	0.0371854	0.0642497	0.00205717	0.0214768	0.00339331	0.0424488	0.00938083	0.00781694	0.0170072	0.00443449	0.00379731	0.236855	0.163261	0.0861665	0.00342946	0.00393522
29	0.0597998	0.044145	0.0149022	0.0121688	0.0193357	0.0228824	0.0446786	0.0368477	0.0602749	0.0336168	0.016275	0.146604	0.0386852	0.018562	0.0189877	0.249477	0.0738767	0.0334064	0.00640485	0.0490689
30	0.0623746	0.00354294	0.109103	0.101178	0.0137402	0.064094	0.0629082	0.0178814	0.0770521	0.0188866	0.0086567	0.168738	0.0116882	0.0337513	0.0276659	0.0889233	0.0661243	0.0335297	0.00154934	0.0286131
31	0.00812832	0.10468	0.00280985	0.002628	0.059257	0.0151815	0.131621	0.0559767	0.0856966	0.10267	0.0139891	0.0137751	0.00340646	0.0565405	0.176967	0.0683422	0.0372216	0.0174703	0.00207877	0.0415586
32	0.0846818	0.00278593	0.103551	0.0867852	0.0110843	0.0759503	0.0566889	0.0284645	0.0544566	0.0318476	0.0139311	0.120226	0.021655	0.0220616	0.0188435	0.101446	0.0820625	0.0560048	0.00118792	0.0262855
33	0.0281076	0.0137567	0.0053813	0.00304451	0.116351	0.00801174	0.00274893	0.119707	0.00402747	0.413699	0.0723454	0.00537316	0.00846773	0.0138758	0.00466499	0.0174102	0.0248748	0.117185	0.00717874	0.0137879
34	0.0570815	0.0476109	0.00827888	0.00161004	0.012478	0.0374919	0.00750189	0.0501291	0.0127269	0.0398237	0.0256043	0.0897294	0.014616	0.0092331	0.0393964	0.285451	0.197829	0.0396958	0.00711964	0.0165926
35	0.0118054	0.0930662	0.00666455	0.00253205	0.323432	0.00697345	0.0614131	0.0306691	0.00892024	0.10322	0.00737454	0.0395474	0.00632881	0.0219285	0.00438999	0.0700215	0.0140337	0.0211548	0.00735712	0.159168
36	0.0267652	0.0080887	0.00616364	0.00547249	0.0632929	0.00982264	0.00534306	0.324438	0.00385671	0.188756	0.0551108	0.0138612	0.00531912	0.0064818	0.0020147	0.00991627	0.0654539	0.17198	0.00146169	0.026401
37	0.0214079	0.0148129	0.00235341	0.00191309	0.132915	0.00241481	0.00187359	0.0803958	0.00103969	0.507496	0.0615001	0.00255978	0.0108477	0.012653	0.0036779	0.0144271	0.0146597	0.0891632	0.00946445	0.0144248
38	0.0233235	0.0151914	0.00301937	0.00382367	0.126748	0.0041307	0.00366625	0.080388	0.00433103	0.488312	0.0591128	0.00389143	0.0110154	0.0194768	0.00655988	0.016815	0.0171204	0.0890729	0.00902066	0.01498
39	0.0664798	0.0244942	0.00340242	0.0068199	0.10292	0.0331655	0.00532496	0.164034	0.00488321	0.20856	0.0604427	0.0068012	0.00843481	0.00384455	0.00707293	0.0450828	0.0465781	0.186693	0.00652312	0.00844307
40	0.254438	0.0293212	0.0134887	0.00313219	0.034737	0.0551755	0.0013367	0.0134559	0.00330347	0.0383881	0.00746619	0.00716315	0.0190468	0.00453193	0.0024724	0.2537	0.175063	0.0785263	0.00295821	0.00229552
41	0.0315113	0.0125238	0.00371471	0.00316469	0.117103	0.00961278	0.00257077	0.135153	0.00513698	0.369705	0.0787603	0.00910259	0.00747263	0.0102156	0.00408785	0.0160324	0.0272388	0.138079	0.00602953	0.0127865
42	0.0675411	0.00266461	0.00169334	0.00190603	0.0518569	0.00272023	0.0131471	0.105601	0.0682573	0.11633	0.181284	0.0188478	0.00864115	0.044695	0.0271125	0.0656343	0.12619	0.0717949	0.00783047	0.0162519
43	0.0265545	0.0155461	0.00248604	0.00218538	0.132694	0.00392788	0.00216522	0.080919	0.00179336	0.484042	0.0626055	0.00284158	0.0108464	0.0129983	0.00414714	0.0185207	0.0169534	0.0948838	0.009742	0.0141482
44	0.0553117	0.121295	0.00270043	0.0020773	0.111596	0.0493667	0.00736969	0.0318781	0.00319759	0.0947983	0.0198835	0.0119046	0.0161876	0.00383004	0.00390218	0.296433	0.0519797	0.0399108	0.0248036	0.0515742
45	0.0524429	0.0662133	0.00298732	0.00186243	0.1797	0.0307486	0.0143157	0.0585893	0.00365446	0.137614	0.0392712	0.0111248	0.0116981	0.00488832	0.00460509	0.157218	0.0544373	0.0608929	0.0268896	0.0808468
46	0.0643646	0.0441924	0.00320096	0.00446433	0.12889	0.0308848	0.00605436	0.0947872	0.00545054	0.215334	0.056082	0.00706674	0.0182804	0.00661328	0.013723	0.0853694	0.0571568	0.115799	0.0176223	0.0246644
47	0.0566733	0.105004	0.00265619	0.00199375	0.111062	0.0442122	0.00665274	0.0289714	0.00437518	0.0919025	0.0184211	0.0156508	0.0221194	0.00354581	0.0038511	0.313214	0.0616134	0.0373124	0.0200185	0.0507503
48	0.249245	0.0320527	0.0131957	0.00265257	0.0338487	0.0462406	0.0013955	0.0135438	0.00330177	0.0380568	0.00762764	0.00733382	0.0202409	0.00455461	0.00161663	0.256628	0.186522	0.0763886	0.00340444	0.0021507
49	0.0300762	0.0234263	0.00214284	0.00220487	0.141931	0.00739414	0.00270636	0.0781076	0.00115771	0.454248	0.0562947	0.00275964	0.0141153	0.0105703	0.00432264	0.026679	0.0223204	0.089985	0.0122889	0.0172693
50	0.0814972	0.0282289	0.00354507	0.00715873	0.0939082	0.0387257	0.00461654	0.157197	0.00551032	0.169672	0.0568894	0.0072685	0.00814943	0.00285018	0.00835753	0.0586046	0.061139	0.191901	0.00781519	0.00696616
51	0.0069727	0.0669662	0.00635513	0.00180074	0.360382	0.00468418	0.0704294	0.0367929	0.00661547	0.140046	0.00449773	0.0277384	0.00383184	0.0119378	0.00582944	0.0464224	0.0109069	0.0144456	0.00813409	0.165211
52	0.0369523	0.0126216	0.0049202	0.00620322	0.0793745	0.0159859	0.00563381	0.284875	0.00477078	0.18011	0.0580556	0.0102376	0.00622392	0.0083182	0.00372305	0.018672	0.0533276	0.187074	0.00298196	0.0199387
53	0.19799	0.0238316	0.0233653	0.0110579	0.0381766	0.187637	0.00461052	0.0338095	0.00579429	0.0617716	0.0146918	0.013932	0.0132506	0.00442673	0.0179196	0.151463	0.104308	0.0783659	0.00570827	0.00789058
54	0.020195	0.0266153	0.0024146	0.0532017	0.00687125	0.019156	0.0838338	0.00852681	0.0919548	0.0766598	0.0199109	0.0158592	0.0308408	0.288815	0.149716	0.0276435	0.0235942	0.0188593	0.00194257	0.0333892
55	0.0774258	0.0138529	0.0132789	0.0123814	0.0280337	0.0209906	0.0131233	0.104479	0.0167078	0.0683755	0.0253441	0.01828	0.225782	0.0135465	0.0392526	0.0595425	0.0790911	0.153602	0.00533048	0.0115801
56	0.0471061	0.0440829	0.0137293	0.0012	0.00278713	0.0655562	0.00591893	0.0412883	0.0105939	0.0227761	0.0206929	0.113934	0.00698177	0.0127385	0.0718858	0.294202	0.172546	0.0369432	0.00273212	0.0123042
57	0.0583855	0.0362178	0.00573029	0.0014665	0.00873372	0.0240299	0.00861419	0.0535951	0.0168015	0.036573	0.0224264	0.0832693	0.0219854	0.00693157	0.0272902	0.281618	0.238729	0.0412803	0.0100837	0.0162382
58	0.0121214	0.10139	0.00594128	0.00244324	0.301164	0.00798644	0.0775825	0.034098	0.0110992	0.114065	0.00727464	0.0299538	0.00655989	0.0168459	0.00969567	0.0579327	0.0165492	0.0210645	0.00865195	0.157581
59	0.0632225	0.00265399	0.00167931	0.00206351	0.0414741	0.00304515	0.0147352	0.112004	0.0522757	0.133322	0.162207	0.0218897	0.0136189	0.0532061	0.0350317	0.0631415	0.114151	0.0849484	0.0100314	0.0152986
60	0.0272648	0.0159968	0.00219428	0.00216059	0.128117	0.00545147	0.00243223	0.0974955	0.00125304	0.465742	0.0578838	0.00295907	0.0103305	0.0104534	0.003605	0.0173658	0.020886	0.105565	0.00849087	0.0143529
61	0.0167269	0.0194779	0.00232286	0.044797	0.00576469	0.0214988	0.0735294	0.0076269	0.0867289	0.0788605	0.0208865	0.0124349	0.0222002	0.303203	0.178397	0.0280381	0.0249708	0.015511	0.00988018	0.0271451
62	0.0593306	0.0132799	0.0150037	0.0150521	0.0642819	0.0130433	0.0791228	0.060987	0.071791	0.0811352	0.0587042	0.0500759	0.0122611	0.105416	0.0393903	0.0518968	0.0726441	0.0675296	0.0058136	0.0632412
63	0.131843	0.0192855	0.000797235	0.000824965	0.0351656	0.0213386	0.00576346	0.183788	0.00788616	0.0552463	0.0338548	0.0129422	0.00893496	0.00178645	0.00143218	0.0993471	0.203013	0.155525	0.00125917	0.0199667
64	0.09635	0.0240957	0.00312565	0.00632115	0.0742531	0.0348435	0.00485331	0.158962	0.00636544	0.140355	0.0550575	0.0100898	0.00806919	0.00306215	0.00708394	0.0659928	0.0897483	0.194518	0.0072705	0.00958233
65	0.0688453	0.0543632	0.00252752	0.0035817	0.122073	0.0344021	0.00597636	0.110254	0.00407292	0.137004	0.047307	0.00804398	0.0110208	0.00300863	0.0049383	0.123028	0.0767494	0.125958	0.0184958	0.0383502
66	0.196694	0.0231352	0.0109578	0.0109398	0.0182588	0.297467	0.00278807	0.0310107	0.00327204	0.0485194	0.0153068	0.0117578	0.0103187	0.00294372	0.0417403	0.105485	0.0816045	0.0798787	0.00372651	0.00419505
67	0.0143517	0.00991049	0.00541765	0.00660867	0.0348616	0.00845302	0.00789529	0.416429	0.00211891	0.0905956	0.044141	0.00711876	0.00366603	0.00571243	0.0016964	0.00527104	0.0949722	0.218988	0.000584845	0.0212074
68	0.13224	0.0190787	0.000796449	0.00083502	0.035173	0.0216933	0.00581738	0.185277	0.00788383	0.0559092	0.0338475	0.0124425	0.00887174	0.00180277	0.00128429	0.0983488	0.199891	0.157465	0.00115779	0.0201849
69	0.051943	0.0201078	0.00791429	0.0094201	0.105202	0.0242462	0.00611287	0.190878	0.00535731	0.214333	0.0527994	0.00953565	0.00820392	0.00577765	0.00620049	0.0349214	0.042723	0.179197	0.00606086	0.0190669
70	0.185388	0.026321	0.00701345	0.00195292	0.0366519	0.0310735	0.00325035	0.0955618	0.00517245	0.0445501	0.0191977	0.00964643	0.0165365	0.00289977	0.00142109	0.179728	0.20906	0.111516	0.00269808	0.010361
71	0.0738796	0.0257953	0.00380707	0.00800989	0.0988218	0.0374151	0.00423662	0.160687	0.00593904	0.180336	0.0684327	0.00785978	0.00819132	0.0035592	0.00800846	0.0485357	0.0483702	0.193697	0.00752234	0.00689573
72	0.0901774	0.262611	0.0264757	0.0139942	0.00918013	0.0294342	0.00405043	0.0574403	0.0049322	0.0152368	0.00697316	0.0174533	0.00523306	0.0261938	0.00537711	0.213993	0.165087	0.0261033	0.0143251	0.00572871
73	0.0210966	0.00676864	0.00708717	0.00658663	0.0401644	0.00897515	0.00760216	0.401243	0.00256396	0.123514	0.0295606	0.0127126	0.0070111	0.00567121	0.00148268	0.0105343	0.0675527	0.204516	0.000690842	0.0346666
74	0.247964	0.0273682	0.0126129	0.00454156	0.0347253	0.0626643	0.00213299	0.0254147	0.00368025	0.0561132	0.00990089	0.00754362	0.016123	0.00450932	0.00415676	0.227261	0.163112	0.0818204	0.00371808	0.00463779
75	0.0824071	0.281764	0.0270676	0.0131425	0.00868318	0.0296132	0.00410819	0.0590144	0.00495794	0.014366	0.00701392	0.0170057	0.00455891	0.0259611	0.00454386	0.204165	0.164549	0.0250954	0.0161054	0.00587635
76	0.0456841	0.0125823	0.0186256	0.00215962	0.0312106	0.0116807	0.00276828	0.304926	0.00500963	0.100375	0.0169612	0.00916429	0.00794181	0.00218385	0.00216676	0.0305409	0.0163719	0.365527	0.000743425	0.0133768
77	0.0426882	0.0263239	0.00269487	0.00318031	0.131659	0.0150406	0.0034378	0.0930272	0.0025513	0.375971	0.0586612	0.00350247	0.0140021	0.00917887	0.00556625	0.0405806	0.0329301	0.103167	0.0180493	0.0177889
78	0.203571	0.0272793	0.0122179	0.00954378	0.0229749	0.248796	0.00282219	0.0307496	0.00326978	0.0455942	0.0130997	0.0125745	0.0107536	0.00376481	0.0283445	0.136409	0.0910843	0.0881611	0.00420624	0.00478368
79	0.0243608	0.00370091	0.00961344	0.0293056	0.00366706	0.0156529	0.0387756	0.0292971	0.420894	0.00919845	0.0312678	0.0389912	0.0040162	0.0578252	0.199622	0.0337516	0.0183046	0.0185262	0.00733597	0.0058935
80	0.11789	0.0207429	0.00155961	0.00201229	0.0505496	0.0239742	0.00603061	0.17331	0.0104133	0.0805245	0.0476559	0.0117176	0.00886884	0.00443281	0.00423504	0.0925323	0.167027	0.155438	0.00339088	0.0176944
81	0.0507036	0.0147542	0.00439253	0.00535298	0.0952849	0.0210891	0.00404584	0.196953	0.0110424	0.19026	0.0951158	0.0137702	0.00529646	0.00645663	0.00593798	0.0262659	0.0456774	0.191228	0.00392341	0.0124501
82	0.0689592	0.00251817	0.00147372	0.00183793	0.0421589	0.00270032	0.0173238	0.105664	0.0535758	0.116808	0.173663	0.0215504	0.0105882	0.0561192	0.0343686	0.0625245	0.123684	0.0800003	0.00865099	0.0158311
83	0.0444329	0.0112976	0.00495868	0.00439538	0.0752451	0.015637	0.0053359	0.193705	0.0149756	0.185167	0.115472	0.0117764	0.00588708	0.011529	0.00972533	0.0260761	0.0572477	0.190631	0.00438448	0.0121204
84	0.0525585	0.0147859	0.0177213	0.00202671	0.0345775	0.0131969	0.00241229	0.285514	0.00539128	0.10182	0.0175873	0.00920388	0.0083362	0.00198058	0.00255715	0.0352726	0.0163641	0.364882	0.00109038	0.0127214
85	0.07625	0.0284658	0.00494405	0.00757347	0.0963901	0.0367455	0.0043331	0.161023	0.00672714	0.174633	0.0635538	0.00763519	0.00740402	0.00353791	0.00961391	0.0503836	0.0475227	0.199307	0.00820632	0.00575014
86	0.0533754	0.0134681	0.0202362	0.00199507	0.030311	0.0121477	0.00237984	0.284558	0.00600125	0.0960532	0.0156609	0.00940473	0.0113755	0.00226159	0.00325553	0.0346355	0.0132822	0.37717	0.00105189	0.0113757
87	0.0181549	0.0359404	0.00539126	0.00244	0.274866	0.00713334	0.0256607	0.0754468	0.00202739	0.284952	0.0298333	0.0137417	0.00632703	0.00779753	0.00356689	0.0313147	0.0182164	0.058543	0.00870153	0.0899452
88	0.019088	0.0019152	0.00568723	0.0258826	0.00255238	0.00495471	0.0518574	0.0172288	0.476011	0.00474375	0.0133804	0.0419351	0.00180298	0.0626672	0.208251	0.0338143	0.00551307	0.00796205	0.00787177	0.00688096
89	0.0426566	0.00838731	0.0199566	0.0420061	0.0085746	0.0389359	0.0110244	0.0580958	0.280359	0.0290976	0.0697949	0.0248363	0.0099506	0.059732	0.145633	0.0404572	0.0531708	0.0460829	0.00516065	0.00608768
90	0.0413981	0.0106872	0.0204406	0.0389407	0.00853402	0.043723	0.00839148	0.0605587	0.277572	0.0271102	0.0732159	0.0265773	0.010511	0.0528958	0.13773	0.036692	0.0635716	0.0507293	0.00490701	0.00581385
91	0.0247413	0.0168755	0.00674058	0.00629481	0.117194	0.0154891	0.0146641	0.0318642	0.0145901	0.185993	0.0543898	0.01229	0.0100378	0.0166812	0.0965833	0.0357604	0.0275439	0.0597273	0.168485	0.0840551
92	0.0390422	0.0114514	0.00341072	0.00354	0.1026	0.014659	0.00303247	0.144745	0.00587923	0.314969	0.0944624	0.00859986	0.00675137	0.00766878	0.00414922	0.0180952	0.0381103	0.159349	0.00512788	0.0143573
93	0.0285115	0.00537739	0.0158887	0.0343551	0.00494397	0.0279819	0.0292875	0.0371727	0.361322	0.0143997	0.0436346	0.0352602	0.00637538	0.0558092	0.184078	0.037399	0.0310158	0.0330356	0.00886463	0.00528634
94	0.0683147	0.0232992	0.0221591	0.0161934	0.0104437	0.0408275	0.0232821	0.0482045	0.0294649	0.0474966	0.0231634	0.0942116	0.0333179	0.00912442	0.0240954	0.232886	0.15631	0.0612928	0.005062	0.0308505
95	0.0484981	0.0131409	0.0182588	0.00194155	0.0311372	0.0116041	0.00257967	0.301344	0.00595182	0.0970031	0.0178654	0.00884825	0.00840024	0.00209969	0.0024033	0.0306544	0.0181798	0.367084	0.000769771	0.0122359
96	0.0762686	0.0347981	0.00328115	0.00743478	0.11045	0.040371	0.00405752	0.144735	0.00455432	0.179687	0.056568	0.00595944	0.00989767	0.0028471	0.00847816	0.060988	0.049327	0.179631	0.0116725	0.00899391
97	0.0781724	0.0293882	0.00377079	0.00756142	0.100589	0.0399709	0.00440031	0.155084	0.00520639	0.178087	0.0569585	0.00677187	0.00820014	0.00292513	0.00882022	0.0554931	0.0481244	0.195884	0.00843919	0.00615331
98	0.0671606	0.049245	0.00270358	0.00536899	0.125333	0.0384626	0.0043947	0.116581	0.00359594	0.178942	0.0498177	0.0061722	0.0109805	0.00269569	0.00696919	0.0956948	0.0534724	0.143324	0.0168563	0.0222306
99	0.175392	0.037965	0.0100185	0.00249647	0.0422531	0.0331633	0.00180542	0.0198142	0.00353624	0.0529053	0.0101208	0.0149216	0.0236704	0.0038009	0.00325936	0.265256	0.231297	0.0536584	0.00646374	0.00820255
100	0.0781951	0.0312428	0.00349346	0.00749617	0.104412	0.0402369	0.00426935	0.149934	0.0049482	0.180198	0.0575494	0.00640661	0.00901109	0.00299364	0.00892728	0.0579237	0.0488211	0.187154	0.00978158	0.00700633
101	0.046082	0.0125924	0.0189427	0.00202925	0.0308332	0.0119197	0.00260782	0.302533	0.00507469	0.0993591	0.0160951	0.00939769	0.00810874	0.00207388	0.00221976	0.0309795	0.0148342	0.370291	0.00071547	0.0133115
102	0.0618659	0.00621252	0.0556789	0.135662	0.0188335	0.0341012	0.0239565	0.0320433	0.129172	0.0610669	0.0183126	0.0485104	0.0164765	0.0810469	0.0234044	0.0977032	0.0516008	0.0832952	0.00340967	0.0176467
103	0.0714366	0.0222581	0.00408754	0.00711048	0.0951429	0.0341144	0.00414301	0.181419	0.00676691	0.172411	0.0701711	0.00996546	0.00696258	0.00526139	0.00753082	0.042118	0.0484568	0.196582	0.00613116	0.00793066
104	0.0815344	0.0279074	0.00395821	0.00808249	0.0950702	0.0400271	0.00445778	0.155743	0.00564027	0.174592	0.0585032	0.0075366	0.00801093	0.00300044	0.00902828	0.0550842	0.0514651	0.196544	0.00797037	0.00584312
105	0.0198491	0.00673808	0.00541794	0.0065704	0.0465244	0.0085265	0.00729186	0.388537	0.00255447	0.143112	0.0384165	0.0132653	0.00567691	0.00616523	0.0013453	0.00753486	0.0770987	0.181431	0.000700822	0.033243
106	0.0579171	0.118246	0.0045437	0.00331826	0.104073	0.0363781	0.00705445	0.061738	0.00393851	0.114759	0.0349944	0.0125933	0.0118979	0.0054578	0.00452091	0.208545	0.0765679	0.0617429	0.0285123	0.0432017
107	0.133725	0.0189792	0.00108423	0.00151767	0.0362092	0.0232685	0.00565941	0.183537	0.0082079	0.0618021	0.036095	0.0126087	0.00847833	0.00191544	0.00194625	0.0956062	0.189177	0.159456	0.00151873	0.019207
108	0.0644242	0.0595643	0.00268655	0.00436675	0.131747	0.0387114	0.0059998	0.0900014	0.00339142	0.162437	0.0435736	0.00644849	0.011343	0.00322694	0.00676998	0.126315	0.0522626	0.123043	0.0286147	0.0350731
109	0.0726976	0.0236546	0.00386832	0.0056358	0.0896881	0.0309665	0.00469266	0.130714	0.00759543	0.222635	0.0632326	0.00950756	0.00932635	0.00625291	0.00711378	0.0559921	0.0732215	0.153375	0.00912875	0.0207013
110	0.137073	0.0293371	0.010878	0.0144351	0.0647765	0.0854542	0.00335827	0.0969667	0.00429457	0.111503	0.0298345	0.0086841	0.00957923	0.00377817	0.011026	0.125553	0.0848229	0.144877	0.0113708	0.012397
111	0.12983	0.0192832	0.000867528	0.00108628	0.0343952	0.0216256	0.00636213	0.187009	0.00786841	0.0567434	0.0330746	0.0126852	0.00882982	0.00187842	0.0014646	0.0976895	0.200878	0.156233	0.00121652	0.0209785
112	0.127033	0.00857775	0.0792425	0.00718629	0.104712	0.0110357	0.0489139	0.016579	0.0306099	0.0383367	0.00967284	0.0627734	0.00621138	0.0283949	0.042184	0.170952	0.0561724	0.0596509	0.00434687	0.0874146
113	0.0338062	0.00542665	0.0101435	0.0460118	0.0285501	0.016329	0.0178844	0.066809	0.260255	0.0707036	0.0582202	0.0244127	0.009219	0.0926969	0.0652882	0.0540272	0.0576026	0.0628128	0.00384029	0.0159613
114	0.0134638	0.0105463	0.00632794	0.00489685	0.0321423	0.00988297	0.00763057	0.395879	0.00288975	0.0807422	0.0612924	0.00561359	0.00274335	0.00538724	0.00222171	0.0049037	0.103176	0.234819	0.000871177	0.0145693
115	0.0165563	0.00779106	0.00594684	0.00751936	0.0400224	0.008824	0.0080068	0.413083	0.00213705	0.108934	0.0337579	0.00981537	0.00573548	0.00610074	0.00138805	0.0077902	0.077605	0.20718	0.000592744	0.0312142
116	0.0341633	0.0119241	0.00316203	0.00306995	0.110411	0.00974887	0.00324861	0.153082	0.00320062	0.358708	0.0669355	0.00732146	0.00751983	0.00823791	0.00309053	0.0156754	0.034498	0.144909	0.00506399	0.0160302
117	0.0174604	0.0211128	0.00264259	0.0520627	0.0067226	0.0220757	0.0749256	0.00879392	0.0918537	0.0808514	0.0244286	0.0132032	0.0239316	0.298805	0.152143	0.0322045	0.0266115	0.0175994	0.00250393	0.0300681
118	0.0243786	0.119902	0.00586466	0.00342533	0.269032	0.01598	0.0558009	0.03683	0.0072154	0.106631	0.0140376	0.0239012	0.0074717	0.0127887	0.00674298	0.0966248	0.0248309	0.0446409	0.0134261	0.110475
119	0.0675868	0.0157126	0.0779527	0.0497527	0.00927974	0.0733534	0.0404056	0.0279999	0.0402248	0.024295	0.013108	0.139159	0.0137059	0.0185479	0.0435444	0.16937	0.103644	0.0443002	0.00150958	0.0265479
120	0.0836421	0.00352455	0.0676905	0.0893724	0.0174169	0.0580349	0.0317232	0.0396568	0.0727027	0.0524064	0.0178596	0.0727628	0.0337972	0.0325548	0.0221631	0.0980179	0.0885062	0.0935912	0.00149799	0.0230788
121	0.0479447	0.0451112	0.0305531	0.00605649	0.00891743	0.106526	0.0106709	0.0450933	0.0125025	0.038766	0.0166879	0.108444	0.00940781	0.0120103	0.0852294	0.218009	0.12816	0.0384571	0.00486311	0.0265885
122	0.0432315	0.0572823	0.00424791	0.00304855	0.1274	0.0417997	0.0098842	0.0328414	0.00635425	0.130458	0.0203174	0.0319663	0.0369063	0.00577795	0.00593231	0.23413	0.0821708	0.0422636	0.0169271	0.0670606
123	0.101537	0.0037374	0.0577112	0.0572982	0.00990692	0.0580208	0.0252359	0.0471917	0.0401059	0.0689736	0.0226054	0.0675883	0.0544682	0.0113426	0.0300455	0.0913555	0.117856	0.117956	0.00160118	0.015462
124	0.210196	0.0172606	0.011828	0.0107143	0.0236399	0.291098	0.0024415	0.033581	0.00292946	0.0459911	0.0150345	0.0138941	0.00944199	0.00261884	0.0275814	0.110501	0.0934001	0.0706642	0.0033459	0.00383802
125	0.00672218	0.051566	0.00892836	0.0019058	0.377298	0.00403133	0.046605	0.0447889	0.00258668	0.173432	0.00525596	0.0245955	0.00284646	0.00684437	0.00350885	0.0416991	0.01259	0.0137998	0.00818423	0.162812
126	0.0608059	0.0658646	0.00572102	0.00394042	0.127304	0.0541856	0.0638364	0.0454705	0.00687447	0.104433	0.0199314	0.0100324	0.00835409	0.00731794	0.0100538	0.111788	0.0474746	0.0340768	0.0839731	0.128562
127	0.0507675	0.0725002	0.00420424	0.00362018	0.103575	0.0374676	0.00713303	0.0894712	0.00572464	0.0739011	0.0181604	0.0226564	0.0100105	0.00561789	0.00601505	0.249507	0.0376633	0.113727	0.0145058	0.0737721
128	0.0832902	0.0242212	0.00384573	0.00853086	0.0888951	0.0367333	0.00430947	0.156458	0.00615393	0.170159	0.063472	0.00936661	0.00751156	0.00324143	0.00788182	0.051148	0.0565913	0.203218	0.00693024	0.00804217
129	0.194703	0.0194966	0.011617	0.0125207	0.0188468	0.305249	0.00274342	0.0327574	0.00306367	0.0492049	0.0140204	0.0129279	0.0100468	0.00264203	0.0362621	0.11011	0.0842508	0.0720877	0.00339924	0.00405084
130	0.0303362	0.0154452	0.00224713	0.0021733	0.12583	0.00630516	0.00280679	0.104449	0.00154179	0.448943	0.057242	0.0032582	0.00974058	0.00953593	0.00348168	0.0186909	0.0231378	0.113169	0.00805942	0.0136061
131	0.0232047	0.015539	0.00234418	0.00206674	0.131773	0.00340413	0.00203305	0.0808372	0.00115003	0.500883	0.0607757	0.00244461	0.0109211	0.0122031	0.00389523	0.0163211	0.0154766	0.0908311	0.00969236	0.0142034
132	0.21526	0.036867	0.0162357	0.00459498	0.0254014	0.0963058	0.0021947	0.0190295	0.00379134	0.0358293	0.00906068	0.0269184	0.0137279	0.00513175	0.0166632	0.231767	0.153831	0.0804672	0.00328765	0.00363577
133	0.100095	0.0125594	0.00233451	0.00311409	0.0360276	0.0152527	0.00741544	0.165518	0.0163	0.134435	0.0795877	0.0127282	0.021934	0.0222872	0.0138851	0.0968199	0.126785	0.115905	0.00521253	0.0118043
134	0.0659899	0.0270278	0.0105971	0.00468364	0.0738262	0.0271301	0.00300989	0.19859	0.00549874	0.143819	0.0411899	0.00725524	0.00715056	0.0023802	0.00598502	0.0418768	0.0285339	0.293967	0.00479515	0.0066938
135	0.0753043	0.28542	0.024188	0.0120303	0.0101907	0.03734	0.00472486	0.0606129	0.00526885	0.0154093	0.00748137	0.0220321	0.00473955	0.0275151	0.00648278	0.206693	0.149151	0.0235182	0.0149248	0.00697332
136	0.03146	0.020143	0.00320434	0.003406	0.153619	0.0121331	0.00642854	0.0711443	0.00445996	0.375073	0.0470915	0.00890837	0.0367184	0.011198	0.00721154	0.0341602	0.0552596	0.0872125	0.0110941	0.0200751
137	0.0737356	0.0274206	0.00372131	0.00710083	0.0943423	0.0354414	0.00522116	0.175665	0.00634298	0.169104	0.0587498	0.00823349	0.00789345	0.0031031	0.00772854	0.0527014	0.0534069	0.192352	0.00683663	0.0108987
138	0.0463507	0.0218148	0.00265347	0.00412974	0.120313	0.0168077	0.00287016	0.102091	0.00301714	0.37396	0.0625415	0.00380539	0.0104617	0.00867126	0.00615513	0.038643	0.0292257	0.122009	0.0119595	0.0125199
139	0.183288	0.0256724	0.0388415	0.0239818	0.0227987	0.0747813	0.0148912	0.0247007	0.0227562	0.0378566	0.0115951	0.044693	0.0192569	0.0106031	0.0157686	0.208656	0.137236	0.0689149	0.00299174	0.0107166
140	0.00819355	0.0506092	0.00722595	0.00191212	0.366253	0.00572098	0.0500598	0.0510895	0.00274555	0.166952	0.00534524	0.0229944	0.002862	0.00670729	0.00350023	0.03855	0.011999	0.0171792	0.0144108	0.165691
141	0.0508252	0.00427952	0.00216577	0.00358749	0.0704233	0.00384961	0.0146405	0.0888986	0.069243	0.120843	0.159404	0.02098	0.00923703	0.0616384	0.0386942	0.0630795	0.104411	0.0652145	0.0182932	0.0302923
142	0.20251	0.0264077	0.0117558	0.00711068	0.0403665	0.0882124	0.00319325	0.0551745	0.00481823	0.0706009	0.018511	0.00986578	0.0134797	0.00366519	0.00901755	0.172086	0.13779	0.112803	0.00487832	0.00775289
143	0.02079	0.00510835	0.00300361	0.0148992	0.00698134	0.00634831	0.0193938	0.00839321	0.116275	0.0254745	0.00506725	0.00591426	0.00411255	0.185157	0.395184	0.0233907	0.0101493	0.00994143	0.129193	0.00522201
144	0.0233031	0.00506293	0.058742	0.0676143	0.0110984	0.0169919	0.0371423	0.0124434	0.245485	0.0108433	0.00835723	0.183209	0.00403352	0.0533751	0.0979262	0.0983016	0.0345497	0.0128615	0.00394836	0.0147113
145	0.0460976	0.019454	0.00502817	0.0107044	0.119681	0.0157261	0.00489688	0.0988985	0.00593686	0.384972	0.0560633	0.00651432	0.0107203	0.0106533	0.00643508	0.0320576	0.029867	0.112165	0.00927531	0.0148528
146	0.0946082	0.0148025	0.00651901	0.00350035	0.0143655	0.0180006	0.0108792	0.0123339	0.00883772	0.0390725	0.0054175	0.00744327	0.483196	0.0130633	0.00920431	0.12662	0.0898942	0.0363865	0.00210783	0.00374836
147	0.0827025	0.00602056	0.129632	0.0897234	0.0127579	0.104812	0.074536	0.0239622	0.0458194	0.0261325	0.0122012	0.108745	0.0252746	0.0216785	0.0167196	0.0777894	0.072225	0.0426203	0.00252144	0.0241267
148	0.0573637	0.0391499	0.00997345	0.00144648	0.00468153	0.0464408	0.00600849	0.039532	0.0101599	0.0253863	0.0228922	0.11385	0.0105644	0.00927599	0.0621825	0.275651	0.215833	0.033853	0.00389274	0.0118635
149	0.00762653	0.055477	0.00728509	0.00197988	0.368483	0.00473775	0.0512969	0.0398278	0.00437814	0.153321	0.00521261	0.0292002	0.00400243	0.0088777	0.00350375	0.0520833	0.0122807	0.0143254	0.00816919	0.167931
150	0.0395274	0.0465507	0.00858791	0.00380403	0.00999168	0.0306989	0.0280529	0.0472833	0.0244569	0.0251472	0.0162452	0.184462	0.0171278	0.0229688	0.0321317	0.286665	0.106598	0.0300043	0.00435701	0.0353397
151	0.0358479	0.00742935	0.0230941	0.101669	0.0186801	0.0193802	0.0232946	0.0388861	0.232233	0.0629218	0.0309184	0.0351924	0.0109618	0.107301	0.0659053	0.073384	0.0402781	0.0541677	0.00393204	0.0145234
152	0.245411	0.0293521	0.0138089	0.00356675	0.0316703	0.0566683	0.00181128	0.0152086	0.00427803	0.0374397	0.00846769	0.0128851	0.0177643	0.00610726	0.00582052	0.250918	0.174138	0.079121	0.00290612	0.00265729
153	0.0189419	0.00192069	0.00540751	0.0255712	0.00255091	0.00504096	0.0515369	0.0172243	0.474007	0.00489926	0.013197	0.0409393	0.00179195	0.0641685	0.210956	0.032978	0.00541931	0.00790169	0.00873017	0.00681801
154	0.0056837	0.0529434	0.00755419	0.00173622	0.383357	0.00347155	0.0485654	0.0461634	0.00224952	0.174038	0.00454779	0.0247658	0.0022264	0.00634074	0.00251893	0.0383227	0.0107573	0.01322	0.00809561	0.163442
155	0.0238066	0.0105425	0.00549807	0.00555246	0.0348758	0.0109452	0.00777285	0.387814	0.00263529	0.0924213	0.0460556	0.00759211	0.00425197	0.00528979	0.00197012	0.0135131	0.102776	0.215345	0.000899982	0.0204423
156	0.0614854	0.00297316	0.00185904	0.00242546	0.0564306	0.00314227	0.0142414	0.0962935	0.0684139	0.108212	0.175998	0.0232366	0.0088328	0.0524287	0.029256	0.069423	0.126454	0.0674736	0.00923403	0.0221863
157	0.0150043	0.0344168	0.00496649	0.00200678	0.266433	0.0041118	0.0288748	0.0682314	0.00242056	0.318952	0.0301389	0.0138578	0.0068375	0.00842264	0.0030922	0.0273896	0.0151011	0.0519634	0.00848913	0.0892907
158	0.0536297	0.044752	0.0127574	0.00146499	0.00354327	0.0761948	0.00624065	0.0358094	0.00923677	0.0222631	0.0177623	0.113068	0.00606251	0.0109173	0.0720041	0.313989	0.150259	0.0354029	0.00261324	0.0120289
159	0.0748589	0.00845158	0.00262145	0.00241278	0.0448381	0.0109541	0.0121091	0.130214	0.0383472	0.119297	0.141012	0.0197154	0.0121574	0.0385389	0.0304377	0.0797417	0.120838	0.0918645	0.00767271	0.0139178
160	0.0427376	0.016141	0.00338496	0.00417075	0.102607	0.0170734	0.00336322	0.149983	0.00518389	0.302684	0.077941	0.00715636	0.00758403	0.00750387	0.00527286	0.0251494	0.0415904	0.162665	0.00576888	0.0120396
161	0.0797865	0.0273695	0.00402836	0.00830367	0.0950695	0.039218	0.00453012	0.157375	0.00599075	0.17578	0.0591268	0.00757006	0.00810345	0.00308641	0.00884318	0.0536075	0.0496641	0.198538	0.00777209	0.00623761
162	0.00695618	0.052149	0.00723743	0.00178165	0.373728	0.00442926	0.0466774	0.0518505	0.00232941	0.172794	0.00701387	0.0232591	0.00241389	0.00653649	0.00268985	0.039957	0.0121994	0.0164484	0.00851462	0.161035
163	0.063303	0.0375503	0.0026619	0.00529239	0.122432	0.0314546	0.00388928	0.120834	0.00344295	0.241187	0.0558981	0.00501023	0.0109333	0.00429771	0.00710933	0.0596773	0.0458614	0.148254	0.0150443	0.0158669
164	0.0498331	0.049331	0.0121215	0.00150171	0.00287049	0.0621958	0.00592954	0.0421681	0.00995513	0.0223489	0.0210015	0.113893	0.00754314	0.011366	0.0696536	0.28672	0.176898	0.039683	0.00308378	0.0119016
165	0.0792281	0.0233127	0.00927243	0.00501112	0.0713612	0.0281689	0.00341293	0.192786	0.00566957	0.131973	0.0379562	0.0083477	0.00782683	0.00272901	0.00616567	0.0589943	0.0448869	0.268353	0.00541987	0.00912347
166	0.0600818	0.0768552	0.00210814	0.00241729	0.140762	0.0429154	0.00772507	0.0560737	0.00251761	0.135752	0.0360848	0.00746388	0.0136002	0.00248566	0.00477176	0.182524	0.0592544	0.0772803	0.0365074	0.0528182
167	0.0636659	0.017656	0.013859	0.00331769	0.0504745	0.0208289	0.00266047	0.245725	0.0053347	0.123905	0.0261315	0.00852531	0.00900455	0.00194106	0.00446887	0.0421534	0.0214529	0.324848	0.00309503	0.0109519
168	0.207899	0.0326654	0.0127155	0.00266782	0.0317436	0.0353374	0.00140423	0.0165464	0.00346859	0.0414628	0.00925864	0.0128963	0.0203446	0.00401726	0.00286198	0.259445	0.236966	0.0603138	0.00504969	0.0029358
169	0.0563924	0.0709897	0.00244756	0.00280683	0.148864	0.0392899	0.00809652	0.0700413	0.00300675	0.14257	0.0467058	0.00799514	0.0124134	0.0041216	0.00472456	0.15923	0.0565801	0.081324	0.0265494	0.0558517
170	0.0573078	0.0247859	0.0052532	0.00582641	0.0963056	0.0259134	0.00427312	0.190055	0.00555167	0.198278	0.0603343	0.00763802	0.00704191	0.00485598	0.00648663	0.03649	0.0425156	0.205459	0.0058227	0.00980557
171	0.0407722	0.0131575	0.00459374	0.003848	0.0411352	0.00912591	0.0279364	0.0198316	0.0127758	0.073811	0.0108395	0.0116044	0.480355	0.0171875	0.0125249	0.081907	0.0928299	0.0308873	0.00364516	0.0112315
172	0.255168	0.0285572	0.0131265	0.00316121	0.034615	0.0553617	0.00134612	0.0173088	0.0032916	0.0401755	0.00863318	0.00695022	0.0180446	0.00454579	0.00271522	0.245612	0.17394	0.0820746	0.00284447	0.0025283
173	0.0395518	0.019552	0.00426803	0.0032769	0.12876	0.00980269	0.0204584	0.103863	0.030477	0.177546	0.0970134	0.0179945	0.00940143	0.0387939	0.0192939	0.052511	0.0729253	0.0749201	0.0128978	0.0666929
174	0.0319838	0.0121283	0.00513165	0.00922998	0.0640494	0.0191271	0.0103428	0.321838	0.00362238	0.149065	0.0369509	0.00988119	0.00825205	0.00869999	0.00360969	0.0225977	0.0597949	0.188839	0.0031457	0.0317102
175	0.0611066	0.0341458	0.0152665	0.00684835	0.00810181	0.0575375	0.0110009	0.067845	0.015333	0.0309919	0.0206169	0.110795	0.0135436	0.0101838	0.0456677	0.265407	0.150841	0.0533684	0.00419007	0.01721
176	0.0598	0.035078	0.00830695	0.00183462	0.00967709	0.0320269	0.00837952	0.0389271	0.0130094	0.0370833	0.0190828	0.0933614	0.0186007	0.00752373	0.0361886	0.279872	0.243749	0.0314451	0.00673972	0.0193146
177	0.0419496	0.00899176	0.0183383	0.0391912	0.00858613	0.0416858	0.0108338	0.0556896	0.271382	0.0254374	0.0613251	0.0241511	0.0164221	0.049731	0.164973	0.0401525	0.0596478	0.0502594	0.00527508	0.00597681
178	0.0961965	0.0740642	0.0387169	0.0120058	0.0387069	0.188025	0.0127495	0.0526373	0.0112081	0.0635281	0.0208625	0.0210654	0.0122628	0.0117166	0.0220026	0.102778	0.0707731	0.0972411	0.0341713	0.019288
179	0.0431608	0.0048331	0.00773014	0.0266758	0.0300501	0.0138653	0.0147707	0.0802695	0.18201	0.0874955	0.10032	0.0257985	0.0151735	0.0759842	0.0621722	0.0611194	0.0806426	0.0673382	0.00603623	0.0145538
180	0.069788	0.0067751	0.00848776	0.00532059	0.0663196	0.0100668	0.0234439	0.0939329	0.0494112	0.115219	0.114441	0.028883	0.00988992	0.0455255	0.0301384	0.0700505	0.094939	0.118629	0.00757913	0.031159
181	0.0676926	0.0026035	0.00240874	0.00241508	0.041929	0.00345848	0.0177836	0.104448	0.0542207	0.112696	0.164025	0.0239563	0.011667	0.054114	0.0342701	0.0634966	0.128765	0.0847426	0.00876604	0.0165419
182	0.111497	0.00556943	0.0645258	0.0565487	0.0127234	0.0600678	0.0251662	0.0430516	0.0395236	0.0653479	0.0274618	0.0600032	0.0419239	0.0131966	0.0360529	0.0950599	0.111656	0.112634	0.00246711	0.0155229
183	0.139199	0.0193108	0.000994254	0.00126868	0.0350705	0.0231514	0.00574868	0.181384	0.00884064	0.059114	0.0345407	0.0124233	0.00859421	0.00189206	0.00199249	0.0954677	0.191209	0.159028	0.00141044	0.0193593
184	0.0558763	0.0108797	0.00360133	0.00422441	0.0855191	0.0165803	0.00616757	0.154428	0.0267669	0.171406	0.134632	0.0144286	0.00649365	0.016854	0.0127169	0.0351734	0.0603969	0.167475	0.00514073	0.0112391
185	0.0857358	0.00359448	0.0874391	0.102777	0.013504	0.0665429	0.0432942	0.0292075	0.0735046	0.0378161	0.0150691	0.0927341	0.0222157	0.0343829	0.0221834	0.0976184	0.0792859	0.0689029	0.0016565	0.0225361
186	0.0556187	0.0147519	0.0179087	0.00244878	0.0357253	0.0144994	0.00240122	0.273081	0.00534442	0.10273	0.0205662	0.00975831	0.00844071	0.00196877	0.00297884	0.0373959	0.0203012	0.361058	0.00150647	0.0115158
187	0.0701871	0.0295676	0.00578664	0.00624073	0.0965227	0.0321764	0.00424343	0.178693	0.00499968	0.172183	0.0509183	0.00712248	0.00815788	0.00336726	0.00707722	0.0501911	0.043471	0.211432	0.0079009	0.00976039
188	0.247287	0.0306507	0.0128553	0.00318066	0.0399353	0.0606347	0.00152938	0.016219	0.00322853	0.0423147	0.00912838	0.00739171	0.0178029	0.00435434	0.00318772	0.246064	0.16633	0.0795906	0.00373965	0.00457541
189	0.0414319	0.00981872	0.00456896	0.00540955	0.0476163	0.0117373	0.00696967	0.343242	0.00481933	0.126085	0.0396384	0.0140573	0.00643759	0.00599673	0.00213591	0.025075	0.0935371	0.179494	0.00114698	0.0307825
190	0.0237245	0.0131389	0.00342381	0.00217058	0.118646	0.0042024	0.00216578	0.115112	0.00170913	0.452804	0.0622975	0.00416243	0.00912276	0.0119373	0.0031205	0.0139773	0.0209428	0.116261	0.00715358	0.0139267
191	0.251416	0.0317965	0.0136199	0.00258474	0.0338748	0.0474868	0.00129776	0.0132258	0.00313455	0.0381114	0.00750884	0.00710997	0.0191527	0.00463133	0.00152801	0.256994	0.184179	0.0770949	0.00322687	0.00202643
192	0.0552351	0.0480365	0.00558374	0.00424998	0.127724	0.0339371	0.010175	0.0336551	0.00794942	0.122834	0.0192245	0.0352759	0.044283	0.00794667	0.00822082	0.234034	0.0991579	0.0420769	0.0140193	0.0463811
193	0.0842332	0.0313256	0.0116133	0.00342924	0.00824414	0.149517	0.00521235	0.0280431	0.0065487	0.0291645	0.0135221	0.0857846	0.00597011	0.0079235	0.0558656	0.309856	0.111505	0.0411366	0.00232138	0.00878277
194	0.0623935	0.0770576	0.0014584	0.00207987	0.142451	0.0398352	0.00657376	0.0537824	0.00186946	0.140612	0.038158	0.0070301	0.0144156	0.00198186	0.00403746	0.181571	0.0637304	0.0736373	0.0318926	0.0554331
