351	20
1	0.202707	0.000655919	0.0831226	0.298406	0.000643123	0.0047931	0.0234606	0.0174758	0.121787	0.0231514	0.00900934	0.0230134	0.00254045	0.0374965	0.070714	0.0426376	0.0220979	0.0124756	0.000279053	0.0035335
2	0.0201162	0.00104292	0.000510662	0.00391485	0.0191587	0.00306557	0.020299	0.216044	0.0160234	0.310653	0.200572	0.000807	0.00036395	0.018034	0.0113601	0.00400588	0.0169185	0.0946392	0.0195629	0.0229076
3	0.0922104	0.304598	0.00332709	0.00374618	0.0255513	0.0245824	0.00449114	0.0103468	0.00439192	0.1255	0.113918	0.00617896	0.00213587	0.00371623	0.00384616	0.00764219	0.185633	0.0721023	0.00127708	0.00480548
4	0.0137955	0.0294531	0.0346868	0.147389	0.00371284	0.0199666	0.00253776	0.00257067	0.221501	0.0125988	0.00222904	0.0583449	0.00101753	0.27193	0.0649474	0.0232636	0.0830834	0.00341762	0.00174535	0.00180905
5	0.107698	0.00121656	0.0058732	0.0278466	0.0126776	0.0105527	0.00522653	0.0200595	0.0156886	0.0131742	0.00445187	0.00223301	0.689291	0.00141044	0.00240725	0.0246954	0.00590405	0.0431067	0.00173284	0.00475438
6	0.111455	0.00102296	0.475955	0.138235	0.00141473	0.00817506	0.00691864	0.00174383	0.0681968	0.0135342	0.00157915	0.00179999	0.000885129	0.0138048	0.0276842	0.103088	0.0205688	0.00212662	0.000474666	0.0013383
7	0.104877	0.00476133	0.0585255	0.0711855	0.0103947	0.0935145	0.0360087	0.0134878	0.120913	0.00928444	0.00945762	0.0753757	0.00276941	0.0442391	0.120807	0.146619	0.0520134	0.00622926	0.00143605	0.0181012
8	0.00713502	0.00544788	0.000554463	0.000543719	0.000819766	0.000569339	0.000532443	0.320162	0.000678067	0.0344779	0.000702135	0.00074542	0.000735604	0.000539098	0.000669097	0.00103127	0.00409963	0.619433	0.000527059	0.000597514
9	0.0221852	0.0176402	0.00281409	0.0767191	0.0828512	0.00318221	0.212613	0.0191927	0.00386026	0.0210947	0.00398619	0.00476259	0.00197883	0.00339798	0.0488635	0.00513951	0.00494524	0.0687601	0.00562701	0.390387
10	0.0068491	0.00864705	0.00233386	0.00242959	0.151455	0.00211085	0.00198161	0.278983	0.0025619	0.128319	0.0168518	0.00302662	0.0025126	0.0026117	0.00257768	0.00413745	0.00473504	0.336487	0.038175	0.00321361
11	0.135787	0.281578	0.0210192	0.00356451	0.00912647	0.00601971	0.0191953	0.0939983	0.0052986	0.0110641	0.00772017	0.0501899	0.0016058	0.0175985	0.00436945	0.0318932	0.054733	0.220531	0.00142906	0.0232796
12	0.0179369	0.00617106	0.268014	0.0481402	0.03721	0.0196506	0.00753698	0.00873764	0.00940957	0.0452162	0.00829941	0.200952	0.00378736	0.0079386	0.0107018	0.0658511	0.209986	0.0146819	0.00280477	0.00697374
13	0.0113649	0.00487365	0.0470156	0.0115727	0.00112469	0.858698	0.00128594	0.00101945	0.00335323	0.00162185	0.000880659	0.0218084	0.00339412	0.00577317	0.00112787	0.0188946	0.00305364	0.00190064	0.000457431	0.000779679
14	0.0148144	0.00882202	0.00796187	0.0207147	0.00237625	0.00598265	0.00560672	0.00245263	0.00420892	0.00442589	0.00230999	0.00490915	0.00211118	0.00198229	0.00416201	0.439258	0.458579	0.00668101	0.000644904	0.00199573
15	0.0571203	0.00328422	0.161545	0.347068	0.000684209	0.00483197	0.0101045	0.000820579	0.108604	0.0103241	0.00331831	0.032323	0.033148	0.0900154	0.0503829	0.0368984	0.022452	0.0216113	0.000262403	0.00520112
16	0.194418	0.000770858	0.0699633	0.347014	0.000760082	0.00782375	0.0208833	0.0148745	0.108584	0.0200656	0.00868996	0.0232482	0.0039556	0.041994	0.0566086	0.0423987	0.0253817	0.00942932	0.00032257	0.00281371
17	0.0143989	0.00208985	0.208082	0.60954	0.00256167	0.0105831	0.00313465	0.00184078	0.0145006	0.00395737	0.00298079	0.010412	0.00242168	0.0883139	0.00614991	0.00528921	0.00503242	0.00419487	0.000637727	0.00387821
18	0.118514	0.0354503	0.00296717	0.0289971	0.105234	0.0107988	0.00451284	0.0285657	0.0558681	0.0404398	0.00928622	0.155233	0.000916323	0.0169554	0.0665505	0.0537423	0.049371	0.0262797	0.0179818	0.172336
19	0.0166577	0.00344735	0.000604797	0.000756061	0.485239	0.00101046	0.0150033	0.0285567	0.0148065	0.0325722	0.016929	0.00120552	0.000536351	0.00117762	0.00916931	0.00415381	0.0149471	0.0414526	0.0322342	0.27954
20	0.0957691	0.00583351	0.00268774	0.00303403	0.0495085	0.0126496	0.00454282	0.171661	0.00380595	0.176805	0.00934408	0.0125315	0.00575304	0.00426955	0.00331211	0.037802	0.00809326	0.156186	0.043285	0.193126
21	0.117072	0.296146	0.00576135	0.00493916	0.032613	0.0741864	0.0755411	0.0133386	0.00512558	0.0117429	0.00818622	0.0147659	0.00336951	0.0066895	0.00568276	0.0656581	0.104734	0.1	0.00195281	0.0524955
22	0.0315591	0.0743647	0.00233763	0.0063706	0.143526	0.00389606	0.0324432	0.00505773	0.0824116	0.101206	0.00405153	0.06274	0.00197881	0.0184533	0.167427	0.0491361	0.0589114	0.0210001	0.0822203	0.050909
23	0.0199986	0.0108182	0.0819937	0.0170798	0.00590299	0.00879909	0.0086053	0.0058211	0.00672152	0.00968877	0.00482788	0.0172085	0.00363598	0.00448387	0.00731168	0.283078	0.487085	0.010314	0.00204401	0.00458284
24	0.0833708	0.0473629	0.33851	0.00836748	0.00434146	0.0339259	0.0765383	0.00310053	0.0106677	0.0419574	0.00293635	0.148245	0.00162289	0.029482	0.00443055	0.133288	0.0182493	0.00832621	0.00106795	0.00420896
25	0.0930769	0.000757325	0.00527021	0.025937	0.0136565	0.0096011	0.00519995	0.0194774	0.0156283	0.0119501	0.00422151	0.0010165	0.712304	0.000832841	0.00103447	0.019672	0.00465855	0.0481553	0.000401297	0.00714866
26	0.104877	0.00476133	0.0585255	0.0711855	0.0103947	0.0935145	0.0360087	0.0134878	0.120913	0.00928444	0.00945762	0.0753757	0.00276941	0.0442391	0.120807	0.146619	0.0520134	0.00622926	0.00143605	0.0181012
27	0.0672404	0.00495993	0.348221	0.250579	0.00485102	0.013868	0.0135213	0.00480301	0.0519845	0.010555	0.00463188	0.0433227	0.00815545	0.044495	0.0276134	0.0592049	0.0238579	0.010174	0.000804831	0.00715681
28	0.0409214	0.00751123	0.00545884	0.0251659	0.0111488	0.00592774	0.010885	0.163023	0.0278141	0.165969	0.0604982	0.00881872	0.00743924	0.0777838	0.0231542	0.0163864	0.0683297	0.254089	0.00459639	0.0150793
29	0.607033	0.0126013	0.0020979	0.00480262	0.00365434	0.13945	0.00302314	0.0036902	0.00442381	0.00812082	0.00829247	0.00775957	0.00768196	0.00816715	0.00246575	0.146992	0.016574	0.00801782	0.000632648	0.00452017
30	0.019812	0.00407396	0.0143536	0.0188338	0.0180786	0.00732575	0.0510495	0.0104154	0.121137	0.0319236	0.0129232	0.022486	0.0101961	0.0335764	0.526465	0.0217339	0.0164759	0.0170146	0.0205001	0.0216255
31	0.0872115	0.0264874	0.0487906	0.00613262	0.0145478	0.00570524	0.00485322	0.197125	0.00997498	0.145134	0.0767486	0.010713	0.00473539	0.00712869	0.0100541	0.013207	0.0469631	0.267188	0.00398515	0.0133148
32	0.0425798	0.00327573	0.0104319	0.0909529	0.00453045	0.0050052	0.0137572	0.0776081	0.154474	0.113721	0.0731475	0.0119026	0.00747786	0.0527635	0.146834	0.0189845	0.0355987	0.125742	0.000922327	0.0102899
33	0.0751555	0.00292178	0.153357	0.17275	0.00629154	0.0467897	0.0204226	0.0038228	0.112952	0.00153598	0.0020443	0.0819428	0.00604885	0.0518417	0.0628286	0.126879	0.0516976	0.0182387	0.000276374	0.00220362
34	0.00392553	0.00136136	0.00927042	0.00769776	0.0175956	0.00162051	0.0559267	0.00198094	0.121579	0.0313529	0.00305865	0.024535	0.00830504	0.0423367	0.626473	0.0165774	0.00451232	0.00338107	0.00925416	0.00925576
35	0.0311225	0.017609	0.00715326	0.0120326	0.00720263	0.0217531	0.0116661	0.00939894	0.00969853	0.0169103	0.00782838	0.0218895	0.00311629	0.00474862	0.0106386	0.0992509	0.676922	0.0212365	0.00186401	0.00795809
36	0.0167771	0.00359701	0.000601852	0.000735789	0.493106	0.000957326	0.0140671	0.0283165	0.0153192	0.0318766	0.016404	0.00121809	0.000532854	0.00118915	0.00962329	0.00410759	0.0120013	0.0417223	0.0326291	0.275217
37	0.0136542	0.00358791	0.000772421	0.00215888	0.0143824	0.00203172	0.00187591	0.551123	0.00870915	0.117457	0.0382237	0.00216592	0.00211863	0.00309614	0.00434076	0.00541626	0.0309701	0.179379	0.00338806	0.0151489
38	0.0392581	0.0418634	0.0286692	0.00487255	0.00575824	0.466534	0.00390572	0.0127823	0.00523064	0.00876344	0.00759715	0.0114241	0.0889571	0.0272588	0.00502579	0.209309	0.0100017	0.00797735	0.0100944	0.00471744
39	0.212896	0.00318036	0.00404217	0.0267368	0.0224962	0.0171829	0.00654756	0.0586204	0.0856043	0.0555556	0.0568475	0.0230194	0.0716785	0.0884363	0.0210166	0.0920819	0.0985104	0.0423712	0.00140608	0.0117695
40	0.0189613	0.00378268	0.0249126	0.0100441	0.182991	0.0251197	0.00756401	0.0274793	0.00512242	0.200209	0.145974	0.00587784	0.00293269	0.00559002	0.00776368	0.035396	0.105494	0.0137995	0.0225357	0.148449
41	0.131494	0.015054	0.00803893	0.00792091	0.0209928	0.098265	0.00723895	0.126993	0.0125657	0.165349	0.0271928	0.0759208	0.00611951	0.00801827	0.0104341	0.0184702	0.0200746	0.197322	0.00815328	0.0343824
42	0.0258761	0.0196576	0.00327377	0.00335962	0.00514244	0.00345723	0.223154	0.00457739	0.0407307	0.0235428	0.0204974	0.381097	0.00263797	0.0618147	0.118627	0.0236992	0.0263103	0.00646795	0.0017588	0.00431748
43	0.0374769	0.0379375	0.0100724	0.0226805	0.107729	0.00895631	0.0263365	0.0118433	0.0773228	0.0575367	0.00757213	0.0523776	0.00380291	0.0229306	0.123592	0.0924432	0.098552	0.0216773	0.105747	0.0734137
44	0.0370268	0.00144337	0.00158914	0.081049	0.00196525	0.00206988	0.00458774	0.11672	0.070849	0.110198	0.234417	0.00305085	0.00343445	0.0380076	0.105182	0.00903899	0.0325427	0.13166	0.000567336	0.0145999
45	0.237237	0.00278068	0.220196	0.170157	0.00365649	0.0203471	0.0466109	0.00397825	0.0189868	0.0232178	0.00384425	0.0487313	0.101928	0.00331593	0.00555935	0.0734607	0.00584151	0.00579494	0.00144879	0.00290691
46	0.0344868	0.00389546	0.00639173	0.120258	0.00577682	0.00337093	0.00499221	0.102081	0.0626208	0.135058	0.0840531	0.00512073	0.0531366	0.0473134	0.11445	0.0134463	0.0772614	0.0853858	0.00117431	0.039726
47	0.0738027	0.00273231	0.160103	0.185101	0.00618691	0.039062	0.0180005	0.00333547	0.113865	0.00102747	0.00138088	0.0847108	0.00659385	0.0574616	0.0583781	0.113739	0.052238	0.0209327	0.000232965	0.00111648
48	0.00804765	0.00313981	0.0299028	0.0115224	0.000535951	0.909851	0.000454631	0.000626397	0.00287705	0.00115463	0.00059572	0.0151023	0.000914971	0.00524935	0.000549068	0.00677168	0.000817896	0.00115111	0.000224169	0.000511121
49	0.145773	0.268103	0.00985133	0.00222645	0.0106708	0.0025178	0.00199119	0.0320043	0.0022403	0.0191001	0.0111486	0.0140028	0.00118523	0.00182886	0.00208766	0.3962	0.0166472	0.0599127	0.000678872	0.00183021
50	0.0340393	0.0096628	0.010265	0.0119014	0.158318	0.0119512	0.0155201	0.0428693	0.0152383	0.0961754	0.238003	0.0177782	0.00664679	0.0136331	0.0163553	0.0274635	0.0322824	0.0301453	0.0258671	0.185885
51	0.056549	0.000636324	0.00551995	0.0375841	0.00384193	0.00074529	0.0294482	0.0157519	0.361699	0.0342494	0.00882173	0.00887492	0.00799689	0.0476749	0.312563	0.0042694	0.0366339	0.026092	0.000307039	0.000741575
52	0.00804765	0.00313981	0.0299028	0.0115224	0.000535951	0.909851	0.000454631	0.000626397	0.00287705	0.00115463	0.00059572	0.0151023	0.000914971	0.00524935	0.000549068	0.00677168	0.000817896	0.00115111	0.000224169	0.000511121
53	0.0448516	0.00229941	0.00720872	0.0315885	0.00738514	0.0053461	0.0291844	0.0176117	0.332947	0.0366206	0.0326307	0.0106811	0.00767653	0.0408321	0.315368	0.00930178	0.0305118	0.0274431	0.00438881	0.00612389
54	0.0251438	0.00626453	0.0372208	0.0786768	0.00644768	0.00928747	0.00588356	0.17846	0.0583211	0.0252155	0.0454503	0.0183607	0.07488	0.0515374	0.0230249	0.0222759	0.205422	0.115222	0.00259565	0.0103092
55	0.0371649	0.00278881	0.00231806	0.00214251	0.0260805	0.00369069	0.00248192	0.0305363	0.00376697	0.519029	0.325064	0.00334626	0.00167905	0.00493162	0.00241378	0.00597131	0.00853674	0.0142236	0.000966696	0.00286714
56	0.016627	0.00327257	0.000756841	0.00123999	0.477522	0.00120475	0.0128952	0.0316314	0.0141377	0.0430208	0.0252044	0.00125059	0.000551686	0.0014371	0.00866457	0.00577289	0.0134591	0.0391189	0.0351193	0.267113
57	0.00722769	0.0058356	0.000529948	0.000555275	0.000928857	0.000580983	0.000514807	0.308356	0.000681725	0.0340464	0.000672109	0.000719009	0.000984179	0.000543896	0.00065116	0.00100131	0.00575599	0.629297	0.000544022	0.000574361
58	0.0403765	0.0174666	0.00186254	0.00110038	0.0136254	0.0146108	0.00207172	0.26366	0.0142369	0.131747	0.0823483	0.00702947	0.00716513	0.00394309	0.0161136	0.0157003	0.0311055	0.308112	0.00692895	0.0207966
59	0.150764	0.00606043	0.00827709	0.0222969	0.107705	0.0125593	0.0098072	0.0222166	0.0191051	0.0217154	0.00922484	0.00960799	0.481808	0.00746112	0.0127498	0.0300971	0.0176342	0.0368653	0.00262143	0.0114229
60	0.00960866	0.00107525	0.000784872	0.000910885	0.675711	0.000874042	0.0020558	0.0039447	0.00251557	0.00465096	0.00243479	0.00136866	0.000574568	0.00153305	0.00190784	0.00197597	0.0026045	0.00568055	0.00772458	0.272063
61	0.138879	0.27429	0.0117474	0.00240884	0.0135776	0.00226998	0.00210456	0.0299674	0.00228259	0.0246341	0.013955	0.0116765	0.00123595	0.00199269	0.00232641	0.388951	0.011873	0.0631606	0.000791376	0.00187635
62	0.0348161	0.0071569	0.00955257	0.048842	0.12582	0.0112006	0.0147479	0.0580615	0.0212591	0.219321	0.138474	0.0152967	0.00809891	0.0156477	0.0561047	0.0234994	0.038494	0.0381483	0.0245225	0.0909373
63	0.075816	0.0432789	0.0157376	0.00699663	0.00704972	0.594279	0.00782639	0.00611092	0.00560296	0.00819196	0.00436557	0.0171931	0.0343425	0.013076	0.00646945	0.11597	0.019065	0.00892444	0.00425561	0.00544816
64	0.0915354	0.0066675	0.00864618	0.0243293	0.0122611	0.0135823	0.024482	0.0171365	0.0188953	0.0158193	0.00790622	0.00809911	0.599879	0.00757132	0.00588866	0.0643006	0.0117219	0.0517031	0.00391374	0.00566163
65	0.0357261	0.0127344	0.00154121	0.0010407	0.0192527	0.00805066	0.0032004	0.279927	0.0156946	0.130871	0.0625778	0.00722887	0.0100297	0.00413505	0.0201308	0.0151356	0.0356247	0.302098	0.00641185	0.0285888
66	0.0419139	0.00283651	0.169105	0.129336	0.0162944	0.178018	0.021218	0.00382288	0.0599439	0.00544447	0.0027892	0.12171	0.00385721	0.023192	0.0367819	0.0808814	0.078236	0.0214141	0.00100444	0.00220077
67	0.252202	0.0161909	0.00111418	0.00866841	0.00333274	0.0138726	0.00110162	0.00154293	0.0106381	0.0098929	0.011335	0.002715	0.0235114	0.00730232	0.00774236	0.514514	0.0973094	0.0148029	0.000743732	0.00146729
68	0.0472519	0.00121732	0.00917573	0.0377964	0.00328249	0.00137559	0.0329228	0.0392023	0.34539	0.0533067	0.0202561	0.012584	0.00615479	0.0683228	0.244675	0.00712767	0.026165	0.0415106	0.00046562	0.00181642
69	0.0230889	0.00306524	0.0028083	0.00237217	0.109628	0.00564016	0.0205795	0.24357	0.00368076	0.139028	0.010466	0.0359462	0.0409234	0.00282914	0.00444445	0.0192688	0.0231783	0.166534	0.00710949	0.135839
70	0.304998	0.0322927	0.00160567	0.00310362	0.00805673	0.465648	0.00552677	0.00316128	0.00295886	0.0072873	0.0052676	0.0193247	0.0135746	0.00426569	0.00238501	0.0784538	0.0315819	0.00708843	0.00077777	0.00264133
71	0.00710776	0.00549856	0.000546209	0.000538228	0.000824338	0.000567721	0.000529061	0.319175	0.000673477	0.0344049	0.000686847	0.000737173	0.00074001	0.000539671	0.000662091	0.0010201	0.00426237	0.620369	0.000537675	0.0005797
72	0.0053794	0.00162999	0.00458464	0.482191	0.0023219	0.0037068	0.00148956	0.00215464	0.0119402	0.00361022	0.00208908	0.00236475	0.00126582	0.434979	0.0194538	0.00313787	0.00342627	0.011413	0.000858381	0.00200374
73	0.00885258	0.00398041	0.000719046	0.000699048	0.0391798	0.000704076	0.000581701	0.278301	0.000834066	0.535255	0.0408218	0.000908282	0.000501703	0.000628144	0.00252969	0.00362537	0.00129692	0.0794477	0.000313703	0.000820307
74	0.00598493	0.0168903	0.00588923	0.00927826	0.00171739	0.0145691	0.0115304	0.002274	0.00667771	0.00301849	0.00188499	0.00800067	0.000947344	0.00173373	0.00672259	0.172878	0.724185	0.00359808	0.000547841	0.00167144
75	0.0396324	0.0071893	0.32876	0.0436054	0.00832339	0.0426682	0.0135017	0.00637088	0.0270594	0.0130473	0.00660367	0.143474	0.00486869	0.0134234	0.0211191	0.157219	0.104104	0.0123502	0.00185054	0.00482957
76	0.0477965	0.0237388	0.0146575	0.0170617	0.262676	0.0205748	0.0199473	0.0265392	0.0210029	0.0501764	0.0308426	0.0269807	0.0143807	0.0183826	0.0231535	0.229144	0.0398794	0.0364405	0.0148176	0.0618071
77	0.400784	0.00196623	0.00205248	0.0799744	0.00247735	0.0124753	0.00208451	0.0240332	0.012909	0.00444427	0.00238957	0.0157033	0.315263	0.0117206	0.012368	0.0320836	0.0231328	0.0124521	0.0201349	0.0115521
78	0.0139225	0.00344109	0.00201465	0.00363552	0.381948	0.00287401	0.0401021	0.0195744	0.00993825	0.0282463	0.0139058	0.00837244	0.00192449	0.00402836	0.0140929	0.00593784	0.0110928	0.0242744	0.0482131	0.362461
79	0.118444	0.0195004	0.0127544	0.00724938	0.00728107	0.00445575	0.00467238	0.167069	0.00509366	0.0351084	0.0212354	0.0107858	0.0057774	0.00689003	0.00350756	0.0168757	0.0660433	0.478147	0.00327634	0.0058324
80	0.470887	0.0229227	0.00499048	0.00642699	0.0129066	0.00598716	0.00616951	0.078368	0.00652092	0.106531	0.0760035	0.00817972	0.0031851	0.00554074	0.00618104	0.0187704	0.0408128	0.107964	0.00328324	0.00836922
81	0.226333	0.133359	0.00367733	0.0146501	0.0251656	0.0038264	0.0376087	0.0593547	0.00314088	0.177081	0.053949	0.0178256	0.00194933	0.00259065	0.00248631	0.0211179	0.0792995	0.117949	0.00150841	0.017128
82	0.0169777	0.0838201	0.0068736	0.00580827	0.00903293	0.00853489	0.00596081	0.00838036	0.00786898	0.0132527	0.00857943	0.166681	0.00460788	0.00710199	0.00758564	0.601419	0.0154528	0.0120577	0.00238154	0.00762292
83	0.0931437	0.0160464	0.00719377	0.118059	0.0158058	0.00487432	0.00658141	0.103245	0.0501218	0.166975	0.119841	0.00705422	0.00610201	0.0314374	0.0463826	0.0267997	0.0845003	0.0722729	0.00524602	0.0183172
84	0.0815984	0.00321996	0.0655217	0.0575957	0.0251545	0.0730417	0.105233	0.0179665	0.111515	0.0324747	0.0186743	0.0790951	0.00267763	0.0251745	0.150874	0.0668839	0.023987	0.00670554	0.0127625	0.0398437
85	0.00454967	0.000305324	0.000353808	0.000383815	0.0130549	0.0003389	0.000345666	0.6621	0.00576946	0.106772	0.0152251	0.000529247	0.000334314	0.000361062	0.000486098	0.0023326	0.0243607	0.1565	0.000299543	0.00559787
86	0.0238575	0.00649361	0.00222176	0.00416373	0.0312909	0.0034604	0.00945321	0.201504	0.0115698	0.379012	0.172858	0.0026704	0.0010096	0.0103853	0.00954666	0.00790953	0.0165777	0.0777021	0.0114893	0.0168242
87	0.462202	0.0531114	0.00518067	0.00867115	0.0405302	0.0139719	0.00698554	0.0140584	0.00745167	0.0525218	0.0127472	0.0107974	0.00436451	0.00691642	0.00689188	0.0225085	0.167903	0.0254958	0.00256846	0.0751215
88	0.0341475	0.00912232	0.0273057	0.0222993	0.0379096	0.0188343	0.130638	0.0156702	0.0833384	0.0250221	0.0110041	0.1228	0.00819081	0.034387	0.252089	0.0397245	0.0810109	0.0127953	0.00657861	0.0271321
89	0.062228	0.0189736	0.00244157	0.00153459	0.0120648	0.00600096	0.00212403	0.239214	0.0168574	0.1035	0.129799	0.0238699	0.0104922	0.00384999	0.00805246	0.0166773	0.039508	0.281218	0.00641613	0.0151773
90	0.194018	0.0651199	0.00229094	0.00228042	0.0179455	0.502075	0.0141102	0.00297096	0.00268857	0.00659872	0.0056754	0.0280449	0.0138916	0.00426603	0.00302923	0.0698362	0.0518638	0.00807014	0.000954614	0.00426915
91	0.218586	0.0130286	0.0522028	0.0336491	0.00314023	0.00319219	0.015128	0.150238	0.00308683	0.0199947	0.00830952	0.021467	0.00187786	0.0268361	0.00289948	0.0124449	0.0122926	0.39762	0.00101029	0.00299558
92	0.0250597	0.00162513	0.00490015	0.0129651	0.227056	0.00525291	0.00438797	0.0633844	0.00191722	0.252657	0.130822	0.0026069	0.00138393	0.00448514	0.00716172	0.0206944	0.0380297	0.0207404	0.0569904	0.117879
93	0.0535382	0.00260974	0.178674	0.329125	0.000824827	0.00413729	0.00797392	0.000863646	0.111708	0.0105309	0.00269368	0.0448064	0.0236989	0.0816926	0.0593767	0.036896	0.0234055	0.0217887	0.000252381	0.0054037
94	0.28005	0.00251612	0.00305651	0.0270076	0.0233433	0.00675504	0.0106021	0.0624022	0.0912803	0.0861449	0.0375196	0.023713	0.00735858	0.104057	0.0173615	0.0561527	0.076192	0.0637111	0.000707839	0.020068
95	0.00864023	0.00230382	0.000584188	0.000997643	0.040723	0.000848291	0.0022722	0.288091	0.0020648	0.494732	0.0776369	0.000896064	0.0004628	0.00209009	0.00464639	0.00374769	0.00284461	0.0616755	0.00204894	0.00269371
96	0.0155113	0.00293839	0.000557077	0.000726709	0.546335	0.000885342	0.0126943	0.0236474	0.0125933	0.0247105	0.0125591	0.00122991	0.000504765	0.00134131	0.00776067	0.00352313	0.0084435	0.0332004	0.0331721	0.257665
97	0.0303305	0.00702518	0.00239188	0.00185007	0.0753187	0.0052091	0.0172527	0.279575	0.00651324	0.139066	0.0470796	0.0249459	0.0246616	0.00438047	0.0072763	0.014203	0.0306129	0.193021	0.0061207	0.0831669
98	0.052828	0.000629818	0.00530136	0.0365679	0.00379522	0.000819536	0.032644	0.0149147	0.35662	0.0337956	0.00877404	0.00891297	0.00949164	0.046092	0.322156	0.00453049	0.0351128	0.0254181	0.000534403	0.00106162
99	0.213782	0.318636	0.00456405	0.00558457	0.0576836	0.16935	0.00991724	0.00732709	0.00576287	0.0122556	0.0329968	0.0351374	0.00375688	0.00588472	0.00584537	0.0248307	0.0587818	0.0163873	0.00211069	0.00940591
100	0.0213345	0.00347925	0.000699273	0.00258693	0.0185825	0.0032042	0.013921	0.215459	0.012662	0.274414	0.180798	0.00160826	0.00117498	0.0152614	0.009314	0.0057705	0.0200755	0.155688	0.0183217	0.0256449
101	0.0532994	0.0187326	0.0363558	0.031767	0.0357513	0.0239555	0.311924	0.0193941	0.0340768	0.0363056	0.019356	0.0905267	0.0158963	0.0328293	0.0531349	0.0476471	0.0407477	0.0269851	0.013869	0.0574457
102	0.149753	0.0284609	0.00242362	0.00960245	0.00324117	0.0127434	0.00168288	0.00991286	0.00728646	0.0141808	0.0120395	0.00635722	0.0116206	0.00400112	0.00404066	0.487852	0.205119	0.0264318	0.000643549	0.00260635
103	0.0398791	0.00247253	0.00332183	0.0490958	0.0031248	0.00220999	0.00545531	0.127258	0.0467334	0.196179	0.0608895	0.00430667	0.00300698	0.0380806	0.0369858	0.0116702	0.0671971	0.29273	0.0010603	0.00834259
104	0.035767	0.00835746	0.0243295	0.0116849	0.00161883	0.867988	0.00158265	0.00122516	0.00269081	0.0023707	0.00109803	0.0145308	0.00252911	0.0048605	0.000759374	0.0117603	0.00385255	0.00153282	0.00031094	0.00115085
105	0.184897	0.0241875	0.0237444	0.0550925	0.011772	0.0302233	0.0306183	0.00380404	0.158567	0.0325776	0.0318115	0.0174322	0.00886853	0.0461949	0.123833	0.0460354	0.0799216	0.0409627	0.000549745	0.0489067
106	0.0307647	0.0124999	0.0170351	0.0410479	0.0161615	0.0117196	0.0200977	0.0312666	0.0314722	0.143999	0.0199851	0.0198639	0.267596	0.0743146	0.0838595	0.0348599	0.0873465	0.0298212	0.00631961	0.0199698
107	0.0642315	0.0206318	0.0714537	0.0138116	0.0731413	0.0311009	0.0107377	0.0713781	0.0833914	0.10716	0.0166728	0.097432	0.00224182	0.00973106	0.0653896	0.0244197	0.0353325	0.068074	0.00855878	0.12511
108	0.0223912	0.00116793	0.000726398	0.00572214	0.0375622	0.00311557	0.0196988	0.196092	0.0136308	0.304261	0.190232	0.00128687	0.000715654	0.0154194	0.0217641	0.00551291	0.0171644	0.0867332	0.0280075	0.0287964
109	0.00738156	0.00465558	0.000564552	0.000581295	0.00215875	0.000574932	0.000535213	0.368287	0.00128668	0.0420312	0.00255355	0.000726459	0.000902586	0.000512687	0.0006251	0.00115065	0.0100344	0.553285	0.000636866	0.00151576
110	0.219743	0.0626432	0.00157495	0.00119108	0.00741405	0.0253035	0.00116493	0.038057	0.00171574	0.0369182	0.0371815	0.0158881	0.000688986	0.00142232	0.00132614	0.243846	0.202249	0.0860069	0.000473276	0.015192
111	0.0167415	0.00635213	0.00598015	0.008532	0.00921049	0.00688869	0.176232	0.0942984	0.0076279	0.0482926	0.0774993	0.00972877	0.00411633	0.42892	0.00752731	0.0133165	0.0128495	0.054737	0.00303644	0.0081133
112	0.0298069	0.0218995	0.0641601	0.00382975	0.09171	0.0151927	0.00893772	0.104188	0.0646456	0.129829	0.0202804	0.0758627	0.00229468	0.0062101	0.0562523	0.00949757	0.023506	0.0835984	0.0193224	0.168976
113	0.144044	0.0129212	0.0156892	0.180488	0.00630105	0.00595799	0.00428417	0.0437843	0.0872694	0.0851272	0.0645926	0.007115	0.00686434	0.0507226	0.0397651	0.0572903	0.14321	0.0261601	0.000827142	0.0175861
114	0.0272609	0.00653901	0.00136161	0.00159772	0.00360444	0.0013059	0.00156129	0.219739	0.00167724	0.0288594	0.00242002	0.00181212	0.00659616	0.00204517	0.00145709	0.00259571	0.101153	0.580537	0.0056442	0.00223235
115	0.0614176	0.0290581	0.00148058	0.00121716	0.0241826	0.0071801	0.00371697	0.250851	0.0135446	0.126109	0.111341	0.00494273	0.00554387	0.00835387	0.00765477	0.014657	0.0342739	0.228912	0.022745	0.0428189
116	0.256435	0.0270634	0.00224377	0.00780821	0.00564245	0.0188548	0.00170855	0.00910655	0.00963758	0.014928	0.0138522	0.00738608	0.0170006	0.00606386	0.00643854	0.441593	0.121832	0.0282712	0.000711178	0.00342283
117	0.0169041	0.0034623	0.000645301	0.000756512	0.492208	0.000991632	0.014292	0.0294515	0.0149165	0.0313584	0.0167605	0.0012484	0.000527657	0.00136742	0.00932839	0.00425956	0.012321	0.0430815	0.0319535	0.274166
118	0.0460211	0.0141264	0.023089	0.0197926	0.0868272	0.119325	0.0244065	0.0241437	0.0889534	0.0967272	0.0180126	0.238971	0.00843344	0.0159027	0.0345699	0.034195	0.0303103	0.0316918	0.00668638	0.0378147
119	0.138945	0.0791052	0.0398762	0.00834712	0.00978052	0.0162269	0.0109176	0.0289537	0.0181053	0.0149706	0.0275291	0.0738631	0.0023655	0.01003	0.0119175	0.167554	0.162921	0.157254	0.00187885	0.0194589
120	0.164684	0.0159279	0.0332837	0.048934	0.0104822	0.162222	0.0157147	0.0168368	0.0611632	0.014418	0.0155891	0.0667247	0.00984706	0.0838724	0.0448752	0.106273	0.0947574	0.0217951	0.00174607	0.0108542
121	0.0374147	0.00849364	0.00853575	0.0121309	0.149641	0.0126145	0.0318163	0.0668602	0.0178327	0.139659	0.0400912	0.0249764	0.00603711	0.0108749	0.0211889	0.0204912	0.0294718	0.0574023	0.0381349	0.266332
122	0.175221	0.014077	0.00658533	0.0040931	0.00578718	0.653336	0.00388907	0.00357547	0.00228148	0.00735134	0.00238035	0.019436	0.0229026	0.00404521	0.00174702	0.0467586	0.0185072	0.00531325	0.000841912	0.00187032
123	0.0271703	0.00511142	0.0263071	0.0106294	0.00139602	0.876319	0.00103293	0.00105043	0.0028735	0.00210441	0.000828853	0.0151273	0.00343847	0.00520758	0.000880534	0.0141648	0.00304875	0.00213196	0.00034102	0.000836572
124	0.0576479	0.0165598	0.0472261	0.0287903	0.0384097	0.0238876	0.0575323	0.0229017	0.0263611	0.0375872	0.0166565	0.328815	0.0132756	0.0225543	0.0334528	0.051686	0.0332942	0.0258746	0.0107356	0.106751
125	0.26235	0.0156789	0.00116254	0.00900405	0.00378995	0.0136713	0.0010671	0.00162418	0.0112348	0.010872	0.0104256	0.00306897	0.024541	0.00674488	0.00691546	0.49743	0.100672	0.0175128	0.000686992	0.00154792
126	0.00730709	0.00301727	0.000566183	0.000665438	0.039072	0.000688603	0.00095228	0.296859	0.0013118	0.505712	0.0491853	0.000763578	0.000440446	0.00106918	0.00294216	0.00375913	0.00338927	0.0798511	0.00078925	0.0016581
127	0.12845	0.01529	0.00786448	0.00898427	0.0239108	0.155805	0.0100393	0.04521	0.0155904	0.307998	0.122188	0.015456	0.00799952	0.0101899	0.0124186	0.0240743	0.0204748	0.0485542	0.00496038	0.0145428
128	0.228264	0.0650257	0.00450476	0.00478028	0.0117596	0.207195	0.00590124	0.0349853	0.00684867	0.0917545	0.0431873	0.0143181	0.00780461	0.00827346	0.00520315	0.138916	0.0671377	0.0408416	0.00271103	0.0105878
129	0.0610645	0.00980919	0.0312435	0.0528823	0.0153536	0.0181253	0.0276943	0.0243561	0.316938	0.0418097	0.0224729	0.029269	0.021971	0.0478011	0.148354	0.0339614	0.0379799	0.0326236	0.0119	0.0143913
130	0.0616767	0.00911871	0.031761	0.0705114	0.0122057	0.0160277	0.0228504	0.0219162	0.289144	0.0334887	0.0199479	0.0324474	0.0137765	0.102635	0.142924	0.0315881	0.0437262	0.0313684	0.00353491	0.00935144
131	0.129793	0.216238	0.0131544	0.00851381	0.0167821	0.0307008	0.0117194	0.0294158	0.0117339	0.028763	0.017751	0.0273585	0.00732414	0.0115835	0.0108683	0.293255	0.0628253	0.0567415	0.00331809	0.0121603
132	0.0161548	0.00491919	0.00525468	0.00674962	0.11468	0.0391869	0.0995251	0.00852534	0.00685627	0.501927	0.0143956	0.0097016	0.0415771	0.006249	0.0074374	0.0121293	0.01551	0.0405706	0.00311917	0.0455314
133	0.70081	0.0122679	0.000711074	0.00254178	0.00145742	0.0178918	0.000848872	0.000939929	0.00159034	0.00360532	0.00926956	0.00518885	0.00334388	0.00603228	0.0012783	0.210367	0.0161915	0.00366563	0.000298738	0.00169979
134	0.025076	0.00739098	0.00710365	0.00842156	0.154835	0.0120459	0.0467634	0.0360371	0.0084786	0.349516	0.11751	0.00948157	0.00783314	0.00796031	0.0117714	0.017023	0.0738299	0.034635	0.019211	0.0450764
135	0.0215721	0.00498443	0.0170128	0.0244091	0.0184545	0.007179	0.0474233	0.0111324	0.11551	0.0297635	0.0144924	0.0239267	0.0115541	0.0352154	0.515421	0.0222637	0.018913	0.0189844	0.0183012	0.0234864
136	0.00870175	0.00273068	0.000602442	0.000859877	0.0428747	0.000890195	0.00168278	0.266012	0.00161769	0.51644	0.0718522	0.000978308	0.000425614	0.00179485	0.00372126	0.00387567	0.00612158	0.0636835	0.00288505	0.00224947
137	0.2051	0.027938	0.0349161	0.0408588	0.00993011	0.0806032	0.0223499	0.0058263	0.14118	0.0228515	0.033602	0.0216863	0.0228655	0.048052	0.1099	0.0495518	0.0509582	0.0259098	0.00134731	0.0445737
138	0.177183	0.0348013	0.00355781	0.0110841	0.00581558	0.052187	0.00294023	0.00690857	0.0277613	0.0140507	0.024095	0.00964153	0.018051	0.00693718	0.0120409	0.480784	0.088912	0.0179513	0.00123253	0.00406452
139	0.136782	0.0583308	0.0130139	0.00162618	0.00970915	0.00970676	0.00987669	0.0368883	0.0272136	0.00304855	0.0423979	0.0860957	0.000990689	0.00888846	0.0182848	0.0986243	0.137767	0.266818	0.000818036	0.0331192
140	0.0206311	0.00105126	0.000465743	0.00362824	0.0195216	0.00315383	0.0194144	0.222302	0.0166217	0.300368	0.201638	0.000811585	0.000374822	0.0184197	0.0116162	0.00405312	0.0170546	0.0963935	0.0194376	0.0230426
141	0.423453	0.00384909	0.00311428	0.0184618	0.0059666	0.390301	0.0157635	0.00786348	0.0201585	0.0137865	0.00538351	0.00497394	0.00247986	0.0206088	0.00415911	0.0152566	0.00564992	0.0187226	0.000894861	0.019153
142	0.00369391	0.00110088	0.00734942	0.00853655	0.0140573	0.00139345	0.0574285	0.00184657	0.13008	0.0271173	0.00325628	0.0194281	0.00943438	0.0398152	0.633496	0.0147527	0.00394684	0.00336756	0.00988747	0.0100109
143	0.0531879	0.00275599	0.174441	0.322688	0.00101594	0.00506506	0.00775441	0.00110942	0.112864	0.0105685	0.00264424	0.0481589	0.0223537	0.0851134	0.0611505	0.0377898	0.0243499	0.0214232	0.00034369	0.00522279
144	0.0271797	0.00153579	0.131047	0.621504	0.00224664	0.0200893	0.0027312	0.00229169	0.0240406	0.00416652	0.00251314	0.00851971	0.0030147	0.116283	0.00903188	0.00857276	0.00702599	0.00545483	0.000831315	0.00192077
145	0.0292889	0.0026063	0.00224451	0.00198917	0.0317728	0.00342505	0.00263768	0.0218886	0.003369	0.559514	0.294264	0.00319487	0.00152811	0.00477971	0.00241807	0.00499649	0.00933999	0.0168407	0.00109082	0.00281096
146	0.648973	0.0246361	0.00076057	0.00261486	0.0027268	0.0192142	0.000925366	0.00463611	0.00187232	0.00697836	0.0102508	0.00559161	0.00360009	0.00472229	0.00137643	0.206859	0.0390928	0.0124155	0.000361447	0.00239203
147	0.0815423	0.00369372	0.105118	0.31628	0.00602242	0.0155011	0.0140741	0.0135188	0.110235	0.0199145	0.00985312	0.0378543	0.0163361	0.0860941	0.0574028	0.0425329	0.0304997	0.0252344	0.0018943	0.00639778
148	0.0508005	0.0104427	0.0374726	0.0276696	0.0261335	0.0148286	0.304506	0.0113706	0.0214116	0.0270234	0.0133608	0.232961	0.0190312	0.0301526	0.0430835	0.0472822	0.0277635	0.0141421	0.00642858	0.0341347
149	0.0799301	0.0259066	0.0133374	0.0207556	0.0408126	0.0220816	0.0154645	0.0510508	0.0259448	0.0945221	0.266553	0.0249714	0.0151675	0.0208226	0.0223925	0.134935	0.0414882	0.0429495	0.0134135	0.0275011
150	0.0654384	0.0060491	0.00608993	0.00869821	0.124473	0.00729272	0.0110805	0.0564489	0.0124203	0.273195	0.244192	0.00993879	0.00346914	0.0406569	0.0108019	0.0172995	0.0254933	0.0344797	0.0141726	0.0283101
151	0.00591556	0.00132305	0.000385642	0.000511184	0.0192765	0.000446103	0.000471321	0.562704	0.00446396	0.220063	0.0215102	0.000630392	0.000368147	0.000481116	0.000941381	0.00257266	0.0174866	0.135884	0.000352525	0.00421235
152	0.0270137	0.00635297	0.00175859	0.00322821	0.00681098	0.00339607	0.00369144	0.194231	0.0090576	0.216887	0.100844	0.00547822	0.00332325	0.00741196	0.00922115	0.0179868	0.0442718	0.323405	0.00330029	0.0123299
153	0.113038	0.0286557	0.0249832	0.0548097	0.00668394	0.20031	0.0151589	0.00864333	0.105647	0.00833956	0.00757072	0.035291	0.00410078	0.020234	0.134342	0.169206	0.0404653	0.01147	0.00171152	0.00933929
154	0.00796585	0.0030243	0.0475524	0.00308036	0.091238	0.00578125	0.163119	0.0318661	0.104923	0.00581327	0.00334823	0.0247207	0.00283457	0.0172209	0.248727	0.0376944	0.145284	0.00525043	0.00178239	0.0487734
155	0.00800356	0.00401689	0.00228972	0.00968058	0.149445	0.00305297	0.125241	0.00557968	0.00311683	0.00822333	0.00327316	0.00558751	0.00164754	0.00508052	0.0188164	0.00474071	0.00559325	0.0237611	0.103838	0.509012
156	0.00524594	0.0099054	0.00149241	0.00171523	0.16633	0.00186095	0.00180156	0.340205	0.00177835	0.10549	0.0209478	0.00242107	0.00257072	0.00197198	0.00203939	0.00330344	0.00327858	0.307118	0.0179339	0.00259063
157	0.32549	0.123998	0.00282326	0.0031567	0.00573441	0.0795949	0.00420725	0.00596212	0.0031089	0.00878766	0.00576983	0.00687672	0.00171348	0.00295874	0.00284436	0.0560381	0.260115	0.0929174	0.00140708	0.00649646
158	0.395239	0.00576744	0.00151211	0.00561463	0.00659462	0.465998	0.00555625	0.00823682	0.00552642	0.0171063	0.00226433	0.00866508	0.00711302	0.00617885	0.00169684	0.0213207	0.00877293	0.02083	0.000626674	0.00538019
159	0.645131	0.0173966	0.0013141	0.003352	0.00254388	0.0171093	0.000980406	0.00199822	0.00364691	0.0045067	0.00904962	0.00520854	0.00518821	0.0058351	0.00214107	0.244345	0.0218997	0.00618984	0.000407203	0.00175711
160	0.0172845	0.00204473	0.00133968	0.00153822	0.615601	0.00170935	0.00842494	0.0133976	0.00610482	0.0161721	0.00854191	0.00266053	0.00116792	0.00178144	0.00478742	0.00343118	0.00571888	0.0179535	0.0203045	0.250036
161	0.0876552	0.00169781	0.00586871	0.0237897	0.0123793	0.0137926	0.00728914	0.0188202	0.015922	0.0135601	0.00424646	0.00329338	0.707513	0.00327362	0.00193353	0.0229469	0.00681009	0.0422502	0.00206966	0.00488844
162	0.230469	0.02267	0.0107831	0.0166116	0.00719748	0.164732	0.00754125	0.00896712	0.0228945	0.0158162	0.0146384	0.0172249	0.0364226	0.0141918	0.0191018	0.309018	0.052881	0.0167619	0.00510696	0.00697085
163	0.468366	0.00817294	0.00627488	0.00909387	0.00786421	0.115975	0.00693136	0.00914456	0.012323	0.0150881	0.0502931	0.00929594	0.00589916	0.0959202	0.00930305	0.098464	0.0166785	0.013975	0.00194061	0.0389959
164	0.122083	0.237058	0.0110984	0.00546624	0.0128703	0.0264805	0.00569627	0.0251277	0.00733516	0.0244293	0.014208	0.0286045	0.00721025	0.00719053	0.0067357	0.362843	0.0395393	0.0483408	0.00217342	0.00550964
165	0.0239678	0.00447592	0.0290828	0.0108737	0.00109708	0.877046	0.000977758	0.00107162	0.00298505	0.00297077	0.00081116	0.017524	0.0022476	0.00510868	0.00103462	0.0120826	0.00317281	0.00261689	0.000280589	0.000572458
166	0.0640436	0.0111199	0.0306084	0.0512103	0.019117	0.0170336	0.028376	0.0266654	0.319174	0.0432631	0.0224731	0.0307551	0.0150947	0.0494587	0.140314	0.0340051	0.0427078	0.0339604	0.00544663	0.0151733
167	0.0269873	0.0175388	0.011057	0.0107821	0.00516364	0.0216811	0.0118209	0.00643461	0.00864437	0.0151858	0.00635159	0.0236877	0.00395986	0.00477592	0.00939114	0.106413	0.688253	0.0157766	0.00124988	0.00484534
168	0.0503657	0.0238956	0.100316	0.0198603	0.0103299	0.05052	0.0170793	0.0130981	0.0178942	0.0183378	0.0105281	0.228662	0.00910853	0.0112146	0.0188704	0.251685	0.109896	0.0235871	0.00346896	0.0112818
169	0.0152014	0.00217821	0.00286397	0.003884	0.0913741	0.00415814	0.00608257	0.0357113	0.00282372	0.493707	0.170631	0.00299455	0.00167794	0.00422605	0.00634943	0.00639967	0.0800427	0.0344291	0.0198944	0.0153713
170	0.696238	0.0142829	0.000672518	0.00271448	0.00141074	0.0162982	0.000762894	0.000995553	0.00147023	0.00340934	0.00840771	0.00437653	0.00332438	0.00541812	0.00112931	0.216622	0.0165177	0.00426227	0.000279731	0.00140789
171	0.0250858	0.00402285	0.00355276	0.00561795	0.100866	0.00530336	0.00789171	0.0670361	0.00514669	0.389559	0.23309	0.00486189	0.00338205	0.00764578	0.00701288	0.0108534	0.0276974	0.0360945	0.0173414	0.0379382
172	0.0400983	0.00197306	0.00133646	0.00247868	0.0130267	0.00257508	0.00539342	0.175654	0.00531615	0.46686	0.208599	0.00225568	0.00103704	0.00510829	0.00470377	0.00653504	0.0130364	0.0337404	0.00434844	0.0059249
173	0.0470075	0.00647574	0.0328887	0.135759	0.00263851	0.0188784	0.0023206	0.0612033	0.111751	0.013597	0.0284495	0.0796983	0.0116461	0.0788208	0.0396232	0.0511088	0.0796753	0.195677	0.000436725	0.00234506
174	0.102282	0.0127582	0.00919927	0.0137374	0.00755015	0.149749	0.00626366	0.0155214	0.0142466	0.0172896	0.0274647	0.0292289	0.207574	0.0105323	0.0235904	0.251275	0.0154225	0.0114605	0.0675818	0.00727101
175	0.187738	0.0146051	0.00236653	0.0125192	0.00384279	0.0123879	0.00133063	0.00184581	0.0141549	0.0127249	0.0097522	0.00298626	0.026332	0.00597074	0.00697364	0.526372	0.137435	0.0180017	0.000809536	0.0018517
176	0.166357	0.0318657	0.0424913	0.0312169	0.00311622	0.00287843	0.00712551	0.232284	0.00297021	0.0119314	0.0175044	0.0218795	0.00277373	0.0114561	0.00284282	0.0259463	0.0215273	0.35903	0.00120366	0.003599
177	0.0118498	0.00529201	0.0447108	0.199554	0.0571105	0.00658183	0.0209444	0.00535797	0.0722123	0.00775747	0.00433344	0.0437892	0.00276167	0.137736	0.142159	0.0922311	0.0957344	0.00706372	0.0375913	0.00522913
178	0.0718106	0.0804335	0.00225278	0.0018358	0.0312241	0.00422292	0.00261821	0.19516	0.00587441	0.172898	0.106022	0.00490469	0.00390931	0.00294078	0.00540898	0.00935741	0.0475524	0.235966	0.00489074	0.0107168
179	0.00727654	0.00620426	0.000521169	0.000570442	0.000921202	0.000548606	0.000511161	0.300229	0.000676588	0.0337718	0.000686563	0.000725576	0.00114461	0.000541484	0.000666808	0.000993666	0.0068612	0.636088	0.000490647	0.000570341
180	0.0675796	0.0479236	0.0191326	0.00616021	0.00701226	0.515432	0.00557758	0.00961117	0.00642945	0.00971444	0.006348	0.0161095	0.0473557	0.0156056	0.00889164	0.172896	0.0193355	0.00891928	0.00491079	0.0050546
181	0.0597161	0.0109487	0.412149	0.101428	0.0078758	0.0285449	0.0209319	0.0103875	0.0339767	0.0174409	0.00855643	0.095839	0.0064746	0.0244983	0.0207296	0.0823761	0.0295439	0.0174345	0.00210062	0.0090473
182	0.0556643	0.0112627	0.404251	0.0857015	0.00767646	0.0270293	0.0251025	0.00773332	0.0341087	0.0154639	0.0071215	0.114872	0.00758062	0.0214651	0.0250999	0.0945482	0.0305704	0.0135313	0.00191781	0.00929953
183	0.0227824	0.005259	0.00119208	0.00236345	0.026991	0.00225427	0.00519136	0.342977	0.0079962	0.311562	0.104863	0.00281443	0.00127432	0.00503692	0.00556117	0.00730324	0.0157047	0.112876	0.00584801	0.0101497
184	0.254627	0.0662364	0.00426243	0.00163549	0.00536246	0.0238992	0.00308579	0.0295459	0.0066723	0.0220902	0.0286122	0.0339754	0.00107387	0.00314621	0.0044242	0.184073	0.189787	0.125436	0.000630099	0.0114248
185	0.0199994	0.00478782	0.00412029	0.00510767	0.174884	0.00656022	0.0189318	0.102203	0.0190757	0.138352	0.0398581	0.0349239	0.00189995	0.0197129	0.0285558	0.0114169	0.0283975	0.0462423	0.0718865	0.223084
186	0.0136908	0.00185952	0.000667163	0.00158615	0.034098	0.0014988	0.00563576	0.274176	0.00474882	0.440789	0.124061	0.00105567	0.000477635	0.00536575	0.00562805	0.00401151	0.00667357	0.0621742	0.00541846	0.00638386
187	0.00809971	0.00302719	0.00309252	0.00351962	0.0219635	0.00405363	0.0557711	0.00443208	0.047674	0.00767051	0.0382526	0.00516149	0.00279817	0.00597329	0.566123	0.00687386	0.00644449	0.039368	0.0825838	0.0871172
188	0.494953	0.00352488	0.00169259	0.00649488	0.00574707	0.350841	0.00615477	0.0103926	0.00684976	0.0196538	0.00430551	0.00506069	0.00340773	0.0100169	0.00243535	0.0247718	0.0055382	0.0299033	0.000843213	0.00741311
189	0.0259595	0.00597831	0.00138173	0.00135851	0.00531124	0.00143205	0.00151675	0.283142	0.00224826	0.0408319	0.00717685	0.00186889	0.00587473	0.00187518	0.00202352	0.00343556	0.0896688	0.508223	0.00728287	0.0034109
190	0.0527215	0.0126639	0.090422	0.0188714	0.0147559	0.199325	0.018627	0.0125614	0.0245262	0.0211374	0.00998969	0.300929	0.00949097	0.0156743	0.0241755	0.0975188	0.0412524	0.0203375	0.00326476	0.0117547
191	0.0886579	0.00104228	0.00573656	0.0239822	0.0129323	0.0139608	0.00607385	0.0241311	0.0150454	0.0126145	0.00462781	0.00171984	0.695689	0.0015903	0.00147482	0.0269087	0.0050388	0.0528948	0.000976509	0.0049023
