262	20
1	0.0150121	0.00222853	0.000848321	0.00213755	0.0894585	0.000970507	0.00232319	0.163433	0.000875756	0.57456	0.0621801	0.000693101	0.00944265	0.0013963	0.00584606	0.00569668	0.00412802	0.0536175	0.000372536	0.00477955
2	0.0851317	0.000667189	0.144927	0.135927	0.00513307	0.0721899	0.0476606	0.00466532	0.0379907	0.00882751	0.00428221	0.101536	0.0122792	0.0798586	0.0488669	0.142032	0.0266418	0.0206842	0.000993053	0.019706
3	0.0209999	0.0027503	0.0783072	0.0558707	0.0102666	0.014054	0.287082	0.00734345	0.0473238	0.0470883	0.00982152	0.0846762	0.0106564	0.0842608	0.159837	0.0278723	0.0138063	0.0168119	0.00502183	0.0161494
4	0.0234546	0.00165705	0.000455256	0.000666035	0.0227746	0.00121749	0.00183193	0.410734	0.000444759	0.175729	0.0415086	0.0016422	0.000407902	0.00210453	0.000611544	0.00691738	0.0141979	0.292287	0.000227992	0.00112903
5	0.0836454	0.00222263	0.00402598	0.00471419	0.0937	0.0214761	0.00482962	0.0118865	0.00354304	0.14211	0.0630794	0.00392829	0.00305326	0.0616504	0.00483584	0.00913707	0.00768098	0.468661	0.00189808	0.00392294
6	0.0215234	0.00675214	0.0038516	0.00446274	0.368668	0.00433522	0.0155718	0.115549	0.00410616	0.103079	0.0309595	0.0121123	0.00359791	0.00997575	0.00806109	0.0180518	0.0163992	0.145439	0.00521669	0.102287
7	0.166568	0.0248399	0.00130787	0.00242743	0.00740774	0.651034	0.00204068	0.0148274	0.00139716	0.0047369	0.00166848	0.00153127	0.00103196	0.0019198	0.00185616	0.0721426	0.00369518	0.037674	0.000577691	0.00131547
8	0.0246163	0.000884823	0.000445014	0.000763147	0.0254778	0.000957437	0.00113915	0.356787	0.000433447	0.215761	0.057619	0.000931045	0.000472806	0.00208864	0.000700372	0.00570591	0.0118716	0.292288	0.000284772	0.000772133
9	0.184856	0.0236773	0.00139532	0.00260064	0.00739064	0.628277	0.00231846	0.0164315	0.00166457	0.00584455	0.00232638	0.00152569	0.00197301	0.00219244	0.00209064	0.0688045	0.00465554	0.0400835	0.000539757	0.00135218
10	0.166009	0.0248274	0.00130441	0.00241012	0.00729504	0.653611	0.00203525	0.0143979	0.00138393	0.00473866	0.0016599	0.00155253	0.00101426	0.00192476	0.00186376	0.071459	0.00374019	0.0369592	0.000574514	0.00123938
11	0.237416	0.00524592	0.005563	0.00173776	0.00769358	0.0560632	0.0031505	0.00361199	0.00130337	0.00698317	0.0101775	0.0145395	0.00299105	0.00296742	0.00494326	0.540205	0.0622177	0.0239626	0.000710455	0.00851673
12	0.0278993	0.00272962	0.0139811	0.0317201	0.002963	0.012486	0.0686286	0.0077887	0.183237	0.0292314	0.0156082	0.0235278	0.0152481	0.0697116	0.412648	0.0294111	0.0245472	0.0157147	0.00718806	0.00573039
13	0.0308919	0.00109651	0.0213273	0.0659448	0.00330632	0.0420523	0.0168912	0.00439516	0.264325	0.0255876	0.00992022	0.0302955	0.00415813	0.0974574	0.27071	0.0639749	0.0298133	0.0131733	0.00173683	0.00294211
14	0.0806126	0.000401615	0.142145	0.140586	0.00527874	0.0719258	0.0461784	0.0057975	0.039719	0.012665	0.00552621	0.0973522	0.0213691	0.0812062	0.0481452	0.128286	0.029042	0.0227043	0.00180057	0.0192585
15	0.0153394	0.023213	0.00450171	0.00458141	0.285331	0.00480452	0.0194721	0.0754998	0.0046429	0.164738	0.0407188	0.0134513	0.00382006	0.00709687	0.0111402	0.0600053	0.0260228	0.0622187	0.0129951	0.160407
16	0.0810143	0.0380126	0.00186691	0.00237284	0.0031177	0.016085	0.00286815	0.259783	0.00241776	0.0593384	0.00277283	0.0028315	0.00248173	0.00373765	0.00329985	0.0782081	0.145384	0.29103	0.000890218	0.00248699
17	0.0338679	0.00085411	0.069014	0.11551	0.0015904	0.0544268	0.0182308	0.00218018	0.202475	0.00955649	0.00768943	0.0501304	0.00275348	0.120212	0.197059	0.0622323	0.0330186	0.0135544	0.00160882	0.00403592
18	0.0677446	0.00130223	0.00279053	0.0297103	0.0150889	0.00293371	0.0147069	0.155693	0.0185548	0.297303	0.0596224	0.00287564	0.0262493	0.0741505	0.0128862	0.0691851	0.06873	0.0746708	0.00218245	0.0036197
19	0.017096	0.0148605	0.00453707	0.00544568	0.0870083	0.00577908	0.0254384	0.0263571	0.00588517	0.0605481	0.00580411	0.00584014	0.00768171	0.00727628	0.0188204	0.029284	0.0153796	0.0200318	0.56493	0.0719963
20	0.0124584	0.0187471	0.00310976	0.00353726	0.0922525	0.00344114	0.015212	0.0257931	0.0026832	0.064993	0.00413779	0.00364833	0.00306947	0.00419535	0.0137114	0.0297099	0.0112746	0.0172218	0.606648	0.0641558
21	0.0818172	0.00142322	0.00441952	0.00273376	0.00398366	0.00520179	0.00350608	0.0208914	0.00394461	0.0344762	0.147653	0.0187577	0.00426589	0.0037486	0.00529881	0.124182	0.468638	0.0607418	0.00110801	0.00320877
22	0.0224634	0.00990679	0.0256494	0.0475093	0.00467901	0.0155266	0.0527121	0.00606743	0.170539	0.0240292	0.0129069	0.0533095	0.00475866	0.0803399	0.396746	0.02878	0.0185889	0.0130775	0.00346399	0.00894619
23	0.154026	0.0214272	0.00136523	0.00349111	0.00613956	0.68333	0.00242615	0.0113806	0.00162405	0.00555532	0.00165546	0.0020499	0.00286091	0.00196729	0.0026804	0.0625389	0.00433768	0.0288355	0.000601396	0.00170772
24	0.0548012	0.0160557	0.00594164	0.00649209	0.220939	0.00248656	0.0557382	0.151571	0.00223056	0.0404627	0.00353902	0.0303322	0.0021166	0.00681656	0.00329526	0.021102	0.0238341	0.0875385	0.00545166	0.259256
25	0.025396	0.000503492	0.00044023	0.000816307	0.0332777	0.000857115	0.000740941	0.296356	0.000474887	0.250785	0.0670568	0.000613251	0.000477535	0.00259377	0.000641469	0.00380476	0.00768581	0.306594	0.000243482	0.000641062
26	0.0139941	0.011747	0.00452337	0.00457247	0.252932	0.00418104	0.0191426	0.0253531	0.00431996	0.0551864	0.006333	0.0047207	0.00312577	0.00541616	0.0136046	0.0262675	0.0111123	0.0220046	0.428618	0.082845
27	0.0131639	0.00201654	0.000550965	0.00174077	0.0932159	0.000696789	0.00466204	0.0930695	0.000891426	0.620753	0.0942657	0.00131406	0.0027462	0.00194398	0.00214546	0.0028642	0.00550193	0.0557288	0.00028854	0.00244023
28	0.0159763	0.000982011	0.442802	0.401069	0.00194784	0.034267	0.018705	0.00247913	0.0188055	0.00358213	0.00965415	0.00627799	0.0115685	0.0102845	0.00227957	0.00712251	0.00314844	0.00596054	0.000814959	0.00227265
29	0.0340644	0.000870299	0.0728702	0.119663	0.00137528	0.0562756	0.0165196	0.00145473	0.202729	0.00765811	0.00638567	0.0477063	0.00257943	0.124805	0.190502	0.0638474	0.0327987	0.0131853	0.00118621	0.00352315
30	0.0464905	0.000619577	0.0372795	0.0600033	0.00991775	0.0567562	0.0430265	0.0291037	0.161906	0.0603493	0.02657	0.0711867	0.00713658	0.0543345	0.151883	0.0761097	0.0359405	0.0372696	0.0145681	0.0195495
31	0.0490454	0.000853061	0.0539579	0.0900285	0.00495403	0.057274	0.030746	0.0144532	0.162347	0.0309272	0.0181712	0.0648868	0.006078	0.0711069	0.185742	0.0654631	0.0477294	0.0284236	0.00646948	0.0113438
32	0.0526737	0.000846876	0.0603634	0.0592353	0.0115412	0.050368	0.0446718	0.0240904	0.111041	0.0638649	0.0299784	0.0748901	0.021718	0.0629567	0.12554	0.100645	0.0398513	0.0305966	0.0153823	0.0197445
33	0.0944919	0.00185892	0.0142159	0.0110755	0.0055796	0.00524971	0.00709947	0.0171485	0.0871446	0.0907748	0.00318009	0.01208	0.294786	0.0879148	0.13803	0.0705098	0.02476	0.027885	0.00333891	0.00287615
34	0.148563	0.00200375	0.0223334	0.00533903	0.0492695	0.0274934	0.0562401	0.0393111	0.00321862	0.0427156	0.00396895	0.0724188	0.0550341	0.0356651	0.0281614	0.262226	0.052256	0.0418033	0.00161369	0.050365
35	0.160887	0.00571334	0.0224174	0.0361116	0.0122809	0.159202	0.0628062	0.0174465	0.0745985	0.0286933	0.0571772	0.0243484	0.00936529	0.123781	0.036474	0.0509772	0.0285018	0.0693401	0.0053264	0.0145527
36	0.0379022	0.00765163	0.000794813	0.000888695	0.0161115	0.00392786	0.00252528	0.422774	0.000795648	0.118229	0.0228099	0.00227459	0.000647332	0.00224183	0.00107435	0.0238123	0.0395822	0.293943	0.000467266	0.00154683
37	0.0277913	0.00424792	0.02013	0.0279937	0.0141221	0.0133034	0.130276	0.0108837	0.108347	0.03199	0.0127269	0.0277049	0.0165968	0.0639165	0.38606	0.0300461	0.0210007	0.0204121	0.0102102	0.0222409
38	0.0200526	0.00104091	0.000521554	0.000869561	0.0461895	0.000644355	0.00164467	0.279295	0.00125961	0.309243	0.0832211	0.00144062	0.00173239	0.00244838	0.00157132	0.00441562	0.00852268	0.233162	0.000279729	0.00244625
39	0.169842	0.0325818	0.00396437	0.0043618	0.0336293	0.00902517	0.0113879	0.0576738	0.0248046	0.0184028	0.00933021	0.0171823	0.0105388	0.00894528	0.00659887	0.275642	0.209027	0.062963	0.00374015	0.0303599
40	0.0198086	0.00305809	0.0162293	0.0224368	0.0339634	0.010341	0.252003	0.00567996	0.0608323	0.0342036	0.00944074	0.0305851	0.00698196	0.089896	0.266833	0.0219837	0.0107327	0.0191524	0.0162092	0.0696293
41	0.0816749	0.0379414	0.00184463	0.0024646	0.00321756	0.0162968	0.0029666	0.259095	0.00243042	0.0587565	0.00277587	0.00278915	0.0025099	0.00385508	0.00334338	0.0781492	0.14493	0.291597	0.00087476	0.00248765
42	0.0256499	0.000831773	0.000436291	0.000780307	0.0274965	0.000770453	0.000857054	0.326664	0.000441055	0.242651	0.0617295	0.000725473	0.000439805	0.00166859	0.000605639	0.0051262	0.0100463	0.29222	0.000235206	0.00062581
43	0.0842464	0.0240692	0.00444734	0.00572555	0.0295774	0.043317	0.0271687	0.00964911	0.0597153	0.15469	0.0463033	0.00576873	0.0245028	0.0487373	0.00679523	0.147737	0.172478	0.0543548	0.0228191	0.0278985
44	0.0159783	0.000992531	0.445076	0.397723	0.00195257	0.0341867	0.0187378	0.00245773	0.0187894	0.00359199	0.00952324	0.00724738	0.0114687	0.0101385	0.00235821	0.00741869	0.0031856	0.0059775	0.000831539	0.00236529
45	0.0823371	0.00138196	0.00453795	0.0025483	0.00381189	0.00538299	0.00324676	0.0216863	0.00385587	0.0350599	0.142148	0.0193187	0.00442718	0.00375421	0.00516387	0.125975	0.470029	0.0611256	0.00110918	0.00310075
46	0.00767857	0.00731758	0.00191367	0.00217053	0.424704	0.00207476	0.00578926	0.110233	0.00207005	0.127663	0.0102895	0.00947772	0.00154022	0.00298379	0.00262857	0.013128	0.00945247	0.115275	0.00153844	0.142072
47	0.0331587	0.00212979	0.0404095	0.0778498	0.0036088	0.0293345	0.0329723	0.008656	0.200074	0.0316079	0.0205637	0.0621013	0.0025119	0.0863718	0.269063	0.0434764	0.0248367	0.0173306	0.00379733	0.0101463
48	0.008703	0.00146169	0.325364	0.0692078	0.00369398	0.21562	0.031077	0.00411077	0.018626	0.00547729	0.00305889	0.213068	0.0155264	0.0056274	0.00640019	0.0309091	0.0184641	0.00654447	0.00124801	0.0158122
49	0.0902866	0.00049578	0.000933754	0.00101502	0.00142065	0.00148001	0.00127001	0.063309	0.000848692	0.0464562	0.0156026	0.00116017	0.010111	0.0053237	0.00129618	0.00236931	0.0244756	0.730741	0.000468072	0.000936639
50	0.0313794	0.00280286	0.0635569	0.0806131	0.00448434	0.0267964	0.0752626	0.00793929	0.151175	0.0281953	0.0140186	0.0561168	0.00409185	0.0810039	0.280669	0.0374672	0.0243723	0.0169498	0.002952	0.0101538
51	0.0172638	0.0175184	0.00429916	0.00454055	0.0877587	0.00430475	0.0168076	0.0259085	0.0056957	0.0609126	0.00509262	0.00519421	0.00596982	0.00612619	0.0169695	0.0312258	0.0146848	0.0185668	0.591851	0.0593099
52	0.00759842	0.00721713	0.00188916	0.00208757	0.430069	0.0020247	0.00624917	0.107593	0.00201896	0.126753	0.0101952	0.00922077	0.00156694	0.00291349	0.00261413	0.0130862	0.00920898	0.112517	0.00164764	0.14353
53	0.0289002	0.00184489	0.000883006	0.00157081	0.0244392	0.00194094	0.0025615	0.38694	0.00162795	0.130779	0.0398497	0.00362852	0.00126378	0.00277034	0.00240353	0.00762511	0.0171797	0.341966	0.000575122	0.00125145
54	0.00705235	0.00431879	0.00113312	0.00170517	0.1398	0.00142666	0.0115931	0.0978422	0.00733772	0.355891	0.210806	0.0128629	0.00220587	0.0116602	0.00772128	0.0119683	0.0246642	0.0706383	0.000706311	0.0186667
55	0.14	0.0224405	0.000978131	0.00296381	0.00577788	0.718057	0.00183281	0.010968	0.00150335	0.00520295	0.00141059	0.00142076	0.000915903	0.00155043	0.00190505	0.0514544	0.00289291	0.0270259	0.000526189	0.00117345
56	0.0319259	0.00335996	0.39195	0.0922771	0.0161803	0.0405558	0.0347531	0.0198159	0.0253146	0.0180479	0.0112253	0.0912192	0.0102406	0.0284131	0.0234519	0.0546577	0.0219346	0.0246396	0.00422641	0.0558108
57	0.0150178	0.00134664	0.486254	0.0611013	0.00279444	0.0250808	0.019193	0.00454233	0.0233179	0.00682001	0.00368489	0.224087	0.00569281	0.0101629	0.021681	0.0567581	0.0149556	0.0079527	0.00152485	0.00803204
58	0.0139707	0.00170163	0.488489	0.0574107	0.00306988	0.0203608	0.0157577	0.0053098	0.0201255	0.00554918	0.00400857	0.245503	0.00519146	0.00814854	0.0174865	0.0566208	0.0144763	0.00801975	0.00111578	0.00768474
59	0.0699836	0.0117581	0.0111634	0.00813987	0.0162882	0.014547	0.0107259	0.0328654	0.00945411	0.0141543	0.0215145	0.0362743	0.0112871	0.00912625	0.0175817	0.309817	0.345274	0.0324677	0.00205876	0.015518
60	0.025289	0.000499043	0.000454771	0.00084113	0.0343054	0.000890665	0.000736071	0.295693	0.000490909	0.249239	0.0669886	0.000631627	0.000477737	0.00250064	0.000673514	0.00378105	0.00756394	0.308046	0.000252255	0.000646495
61	0.0147613	0.0041249	0.001231	0.00225014	0.182704	0.00133771	0.00474562	0.127414	0.00205075	0.448805	0.0622751	0.00469898	0.00339564	0.00276873	0.00422652	0.00762799	0.00846817	0.0861596	0.000846879	0.0301086
62	0.00583557	0.0152417	0.0018105	0.00213842	0.39241	0.00213563	0.00463104	0.127408	0.00334409	0.119714	0.0758169	0.0309227	0.00206689	0.0047717	0.00382922	0.0174377	0.012729	0.139273	0.00105661	0.0374265
63	0.16857	0.00153704	0.00230584	0.0146158	0.00327242	0.00259064	0.0146026	0.1201	0.00264203	0.105571	0.0120124	0.00294377	0.181699	0.00367928	0.003247	0.0176527	0.124279	0.214936	0.00137493	0.00236991
64	0.0159763	0.000982011	0.442802	0.401069	0.00194784	0.034267	0.018705	0.00247913	0.0188055	0.00358213	0.00965415	0.00627799	0.0115685	0.0102845	0.00227957	0.00712251	0.00314844	0.00596054	0.000814959	0.00227265
65	0.0306563	0.00271951	0.162111	0.0288446	0.00907844	0.0212029	0.02021	0.0110203	0.0253108	0.015455	0.00846263	0.478734	0.00685298	0.0194658	0.0313838	0.0670168	0.0336983	0.0163957	0.00218994	0.00919202
66	0.021317	0.000864812	0.000449235	0.00109999	0.0410501	0.000571217	0.00114026	0.253499	0.000420725	0.362179	0.0640561	0.000608444	0.000620742	0.00125463	0.000682511	0.00305748	0.00665656	0.239606	0.000252705	0.000613936
67	0.0935117	0.000516242	0.000982873	0.00112805	0.00290701	0.00158796	0.00139269	0.0620116	0.000993611	0.0516165	0.0160057	0.00128697	0.00955649	0.00654613	0.00132501	0.00268451	0.0230707	0.721439	0.000491616	0.000945779
68	0.0353835	0.000938286	0.0390899	0.0848283	0.00340769	0.0454499	0.0269976	0.00714733	0.207124	0.0208231	0.0202183	0.0581798	0.00364193	0.069538	0.239845	0.05476	0.0548376	0.0171997	0.00392477	0.00666492
69	0.0894353	0.000490379	0.000924913	0.00104286	0.00201231	0.00148632	0.00127455	0.0642385	0.000850449	0.0474044	0.0166974	0.00116335	0.00985733	0.00560411	0.00138276	0.00236476	0.0243564	0.728009	0.000471966	0.000932959
70	0.0215034	0.0031837	0.00400505	0.00512105	0.081857	0.00306733	0.00882138	0.119872	0.00365656	0.549844	0.0680182	0.00440112	0.00574912	0.00629697	0.00628691	0.0104642	0.0123036	0.0759355	0.002784	0.00682896
71	0.208738	0.0168626	0.0316212	0.0161122	0.00321142	0.08032	0.00497991	0.00400513	0.0030357	0.00565405	0.00392005	0.112031	0.00339713	0.0298857	0.132074	0.314263	0.0190206	0.00654337	0.00103036	0.00329453
72	0.0284034	0.00217082	0.0177313	0.05453	0.00198899	0.0224799	0.022832	0.00601661	0.244041	0.0241304	0.00979674	0.0326918	0.00768504	0.0972248	0.342575	0.0331611	0.0353912	0.0112488	0.00247541	0.00342601
73	0.0163688	0.0027086	0.00170654	0.00188665	0.265949	0.00163983	0.0316123	0.0153613	0.00150875	0.0202487	0.0050297	0.00589746	0.00180159	0.00824054	0.0158217	0.0108166	0.00675504	0.0190964	0.0317002	0.535851
74	0.0119984	0.00117652	0.390068	0.0325204	0.00220942	0.0124306	0.0113858	0.00317071	0.0160141	0.00385815	0.00282784	0.403045	0.00348503	0.00316436	0.0159008	0.057647	0.0180511	0.00491176	0.000909481	0.00522546
75	0.0769705	0.0567486	0.00967888	0.0104286	0.014537	0.0114307	0.335602	0.0139927	0.011855	0.0238312	0.0127215	0.0107909	0.170259	0.0182486	0.0164112	0.0732857	0.020837	0.0210967	0.08027	0.0110042
76	0.0153338	0.00169247	0.0281607	0.090337	0.00323703	0.0596689	0.0081585	0.0037714	0.0947059	0.00677609	0.0311976	0.109309	0.00307099	0.012904	0.308771	0.0564089	0.153825	0.00835544	0.00107496	0.0032417
77	0.0734537	0.00423634	0.00550449	0.00656884	0.0518221	0.00740812	0.075125	0.00912693	0.0357981	0.130649	0.128365	0.0070096	0.0644196	0.0384663	0.0085915	0.0188671	0.014551	0.0432564	0.0454797	0.231301
78	0.0193537	0.000579123	0.000897144	0.00101767	0.114297	0.000984143	0.0304596	0.00147471	0.000940555	0.00216271	0.00129735	0.00583452	0.000822676	0.01063	0.0234223	0.00743371	0.00669241	0.00890052	0.04801	0.71479
79	0.0244891	0.00261489	0.00337551	0.00410358	0.129829	0.00376426	0.0406692	0.0115589	0.00433765	0.014112	0.00657478	0.00811531	0.00324433	0.012632	0.0204869	0.0147317	0.0117624	0.0192574	0.04059	0.623751
80	0.0237686	0.00345308	0.000701719	0.000783552	0.0239932	0.00299203	0.00416663	0.487577	0.000719377	0.0708842	0.0132293	0.00405592	0.00063215	0.0019559	0.000950982	0.0076042	0.0183962	0.331649	0.000397471	0.00208944
81	0.065865	0.00791355	0.0687411	0.0694717	0.00704052	0.531144	0.0177542	0.00837653	0.0223098	0.0126009	0.0064881	0.0321475	0.0119991	0.0219195	0.0234293	0.046613	0.0167195	0.0191116	0.00225327	0.00810168
82	0.259467	0.00505106	0.0106252	0.00201285	0.00545868	0.0668434	0.00314441	0.00445673	0.00138915	0.0101451	0.0236713	0.0174062	0.00452199	0.0024617	0.00604621	0.445219	0.0897961	0.0305824	0.000679735	0.0110215
83	0.125256	0.00191083	0.0176555	0.00401807	0.0418606	0.0312925	0.0597535	0.0365458	0.00235167	0.0383958	0.00354433	0.11859	0.0577983	0.0378185	0.0264766	0.258725	0.052908	0.0392152	0.0012092	0.0446749
84	0.135556	0.0136124	0.01442	0.0134664	0.0133144	0.0403228	0.0144604	0.0241355	0.0137389	0.0183795	0.0097413	0.0226348	0.0208101	0.0163078	0.018379	0.461718	0.0990388	0.0336412	0.00317008	0.0131522
85	0.0428993	0.00360011	0.210962	0.303715	0.00948553	0.0339678	0.0400935	0.0188071	0.0457006	0.0260785	0.0160505	0.0275952	0.0154841	0.0535484	0.0487022	0.0388611	0.0221167	0.027009	0.00296577	0.0123583
86	0.0735716	0.0350987	0.00377097	0.002997	0.0263311	0.00581468	0.017816	0.0569134	0.00727573	0.00928618	0.00415978	0.0343129	0.0133132	0.00616711	0.00579471	0.416074	0.21807	0.0378665	0.00148717	0.0238789
87	0.079147	0.00568327	0.0113585	0.0120992	0.133406	0.00526665	0.0546641	0.147124	0.0110337	0.0799618	0.0144377	0.0158165	0.00187783	0.0211057	0.0223213	0.0299542	0.0606678	0.152226	0.0107538	0.131095
88	0.0642807	0.000641407	0.0402332	0.0655234	0.0244539	0.0393077	0.046222	0.0647864	0.094408	0.0957145	0.0267168	0.0473283	0.00694539	0.0471714	0.0940562	0.0662014	0.0549562	0.0807769	0.020778	0.019498
89	0.0703291	0.00887661	0.0324795	0.0393978	0.0157736	0.0872112	0.0317877	0.0210396	0.0414508	0.0376786	0.0625444	0.0309174	0.0188729	0.111949	0.0457816	0.234773	0.0478123	0.0377707	0.00783293	0.0157218
90	0.0216389	0.00199801	0.189758	0.0128447	0.00375519	0.00399997	0.00639528	0.00471772	0.0134173	0.00559442	0.00404664	0.609292	0.0026191	0.00398841	0.0140919	0.0621696	0.0283166	0.00644797	0.00131423	0.00359376
91	0.112398	0.000521707	0.0186185	0.0189628	0.0752092	0.00789861	0.0433803	0.115217	0.0223364	0.13307	0.0265372	0.0110676	0.00138766	0.0220696	0.0438388	0.037436	0.0838629	0.176854	0.0183951	0.030938
92	0.0791683	0.000459612	0.163428	0.14236	0.00595566	0.093384	0.043065	0.00395428	0.0347434	0.00592214	0.00293753	0.107746	0.00879132	0.0753531	0.0378727	0.130289	0.0254736	0.0203725	0.000462658	0.0182605
93	0.0488943	0.00592903	0.0111176	0.0257272	0.0262506	0.0159262	0.021335	0.0797901	0.026225	0.184583	0.132998	0.0131378	0.0179892	0.137904	0.025714	0.0512116	0.0949685	0.0587412	0.00638335	0.0151742
94	0.144535	0.0215594	0.00105435	0.00308962	0.00582233	0.710554	0.00189693	0.0113272	0.00156631	0.00544565	0.0015454	0.00147324	0.00103091	0.00155852	0.00203991	0.0527888	0.00315472	0.0277729	0.000527649	0.00125718
95	0.00393566	0.00119489	0.00142801	0.00161043	0.622244	0.00164434	0.0382399	0.00236615	0.00146007	0.0190117	0.00965982	0.00186828	0.00128187	0.00225308	0.00231973	0.0118122	0.0031948	0.0120378	0.00195324	0.260484
96	0.0976589	0.0159272	0.00460072	0.00609602	0.00518147	0.758153	0.00388919	0.0086202	0.00381733	0.0079029	0.00239037	0.00365685	0.00378432	0.00458584	0.00436805	0.0407595	0.00556334	0.0203213	0.000927294	0.00179606
97	0.0978644	0.0162768	0.00594773	0.0066084	0.00613079	0.750057	0.00353692	0.00912029	0.00469087	0.00812021	0.0023739	0.00543587	0.00167812	0.00465014	0.0054339	0.0391977	0.00536127	0.0250637	0.000683725	0.00176866
98	0.121639	0.0194721	0.000915627	0.00323281	0.00524104	0.751763	0.00168988	0.0095944	0.00179143	0.0054822	0.00131976	0.00135943	0.000929962	0.00147689	0.00222455	0.0441264	0.00271514	0.0233541	0.000514522	0.00115708
99	0.100672	0.0159868	0.00510163	0.00589162	0.00653824	0.747285	0.0036518	0.00976627	0.00409349	0.00847396	0.00304692	0.00488675	0.00378554	0.00366229	0.00485418	0.0416543	0.00508807	0.0225361	0.000708465	0.00231684
100	0.0234576	0.00824377	0.00402248	0.00390683	0.321775	0.00202435	0.0246154	0.167676	0.00208288	0.0768786	0.00520819	0.0141289	0.00148911	0.00503228	0.00300266	0.0186272	0.0201821	0.0991655	0.00353666	0.194944
101	0.437927	0.00358013	0.0054926	0.00734054	0.0148958	0.0269304	0.00990355	0.103761	0.00615994	0.0622513	0.0275551	0.00645403	0.0125913	0.0098578	0.0132546	0.0809582	0.0409105	0.11134	0.0024512	0.0163861
102	0.0237044	0.000534282	0.000394096	0.000726526	0.0282205	0.000659941	0.000792169	0.322715	0.000410105	0.249624	0.0644175	0.000691153	0.000417931	0.00166018	0.000571068	0.0043752	0.00887523	0.290351	0.000232917	0.000626993
103	0.145941	0.0113572	0.0145642	0.0129092	0.0122572	0.042684	0.0139643	0.0185683	0.00926635	0.0173972	0.0120453	0.0244568	0.0220338	0.0158113	0.0186033	0.474214	0.0838656	0.0329532	0.00447038	0.0126373
104	0.0195908	0.000587125	0.000900218	0.00104402	0.114193	0.000984129	0.03059	0.0015243	0.000957907	0.00223845	0.0013042	0.00582737	0.000823197	0.0106239	0.0234417	0.00760283	0.00669875	0.00894827	0.0479137	0.714206
105	0.131612	0.00140204	0.00468198	0.005848	0.00281235	0.0556827	0.0125311	0.00341003	0.00253696	0.00599945	0.00288462	0.00592969	0.559635	0.0310657	0.0143028	0.117739	0.0205957	0.0156894	0.00107494	0.00456672
106	0.111647	0.00566431	0.00966607	0.0118237	0.084621	0.011035	0.021464	0.0728678	0.0126663	0.32589	0.0362332	0.0114794	0.0122517	0.0190026	0.0207392	0.0487361	0.0723311	0.0822783	0.00768383	0.0219191
107	0.617366	0.000906096	0.00314119	0.00849121	0.00175671	0.0292889	0.00225948	0.0394092	0.00192196	0.0254009	0.0222883	0.00169341	0.00691101	0.00382223	0.00807634	0.105627	0.0345647	0.0753031	0.000600799	0.0111709
108	0.100721	0.000871684	0.0159618	0.200566	0.00242223	0.0156022	0.0302127	0.034237	0.129888	0.0286687	0.0194761	0.0216237	0.001557	0.102715	0.0977804	0.0318687	0.0506221	0.11053	0.00147253	0.00320356
109	0.170967	0.00123379	0.0127443	0.194864	0.00275798	0.020378	0.0236766	0.0332252	0.098356	0.0228277	0.0151141	0.0154165	0.00192571	0.0941375	0.0887224	0.027592	0.055049	0.116605	0.00106274	0.00334443
110	0.019935	0.00201411	0.000760041	0.00190848	0.0580368	0.00125944	0.00224563	0.237116	0.000997211	0.432398	0.0586498	0.00128002	0.00358094	0.00231397	0.00293767	0.00549006	0.00870574	0.157929	0.000410038	0.00203203
111	0.542482	0.00108789	0.0172129	0.0555209	0.00240833	0.0152745	0.00354505	0.0068668	0.00245366	0.0284191	0.00446209	0.00228888	0.00258959	0.0124637	0.0118807	0.160385	0.0547118	0.0714262	0.000952043	0.00356906
112	0.0390206	0.000864497	0.0241018	0.0697838	0.00198402	0.0427468	0.0149834	0.00403468	0.25316	0.0154742	0.0114017	0.0379661	0.00652534	0.0767549	0.282108	0.0451425	0.0558899	0.0132018	0.00194176	0.00291443
113	0.0396942	0.00194603	0.0240828	0.0279996	0.00693543	0.00637238	0.00611404	0.309678	0.0373863	0.0427302	0.0843336	0.0710111	0.00437295	0.00801006	0.0701969	0.0366069	0.0475645	0.166232	0.00442583	0.0043075
114	0.00444643	0.00545923	0.00113783	0.00152562	0.155106	0.00126356	0.0143684	0.0985015	0.00826129	0.30229	0.23068	0.0175778	0.00128996	0.0146977	0.00870646	0.0136236	0.0261882	0.0711093	0.000568275	0.023199
115	0.0184119	0.000842607	0.497558	0.291016	0.00194238	0.0425094	0.0191952	0.00250534	0.0188279	0.00340098	0.00709223	0.0303842	0.011231	0.0122188	0.00593412	0.0193401	0.00508818	0.007415	0.000753873	0.00433221
116	0.0651011	0.000432748	0.140996	0.149298	0.00371307	0.0861169	0.0314081	0.00318848	0.0790954	0.00534475	0.00250724	0.0790852	0.00806812	0.10123	0.0721387	0.107384	0.0306277	0.0203367	0.000484905	0.0134426
117	0.0523731	0.544826	0.0145522	0.0109619	0.021366	0.0579731	0.012627	0.027798	0.0108035	0.0191166	0.0106857	0.00990624	0.0169235	0.0210528	0.0158516	0.070089	0.0299546	0.0299514	0.0136099	0.00957799
118	0.0155353	0.00202622	0.000438988	0.0018089	0.0818413	0.000590644	0.00218553	0.138661	0.000563019	0.595214	0.0663906	0.000509178	0.00358813	0.000977383	0.00224571	0.00302646	0.00423955	0.0778921	0.000206777	0.0020593
119	0.0522913	0.000777765	0.0430103	0.191196	0.0036221	0.024565	0.0537894	0.0320053	0.0976321	0.0486056	0.0253169	0.0423151	0.00536768	0.116589	0.102108	0.0471646	0.0379011	0.0638817	0.00493665	0.00692336
120	0.0258077	0.00263869	0.0121517	0.0294342	0.00286225	0.0115925	0.0718683	0.0062964	0.174193	0.0272089	0.0139801	0.0216186	0.0147152	0.0738293	0.431244	0.0314925	0.020994	0.0148381	0.00716091	0.00607411
121	0.0216081	0.00115157	0.00331476	0.00415698	0.126956	0.00270512	0.0392806	0.00730247	0.00226634	0.00873025	0.00265783	0.00791113	0.00200864	0.0122371	0.0220027	0.0135189	0.00941531	0.0136486	0.0419645	0.657163
122	0.143612	0.0017043	0.0201619	0.00445695	0.0425616	0.0322805	0.05913	0.0316068	0.0017807	0.0370633	0.00326912	0.071253	0.100259	0.0355812	0.026435	0.253882	0.0464674	0.0355447	0.000966214	0.0519843
123	0.0693598	0.00152864	0.0383107	0.0726383	0.0866435	0.0388039	0.203552	0.0035409	0.0253386	0.0334967	0.00764389	0.0314966	0.00218318	0.0724871	0.0527206	0.0418484	0.0189252	0.0196833	0.0244952	0.155303
124	0.0150731	0.0021107	0.000415142	0.00183401	0.0892675	0.000559854	0.00253027	0.105932	0.000445009	0.642091	0.0683059	0.00051078	0.00346056	0.000825076	0.00206722	0.00260056	0.00407875	0.0556867	0.000232353	0.00197346
125	0.0193537	0.000579123	0.000897144	0.00101767	0.114297	0.000984143	0.0304596	0.00147471	0.000940555	0.00216271	0.00129735	0.00583452	0.000822676	0.01063	0.0234223	0.00743371	0.00669241	0.00890052	0.04801	0.71479
126	0.154365	0.0235761	0.00133281	0.00269386	0.00892668	0.660893	0.00219588	0.0140954	0.00170037	0.00538628	0.00176812	0.00187798	0.00118145	0.00222273	0.00225924	0.0702988	0.00412111	0.0391702	0.000541593	0.00139293
127	0.149639	0.0190618	0.00242523	0.00250331	0.00756987	0.498968	0.00220374	0.0115962	0.00144727	0.00530662	0.00339567	0.00460122	0.00176296	0.00361086	0.00332396	0.231143	0.0123108	0.0366362	0.000577699	0.00191671
128	0.0407891	0.00331487	0.415021	0.0787733	0.00567414	0.0372007	0.0223506	0.00665655	0.0244024	0.00992865	0.00650126	0.141691	0.0130319	0.0232493	0.0260058	0.0956985	0.0230574	0.0142043	0.00168442	0.0107652
129	0.102432	0.00175079	0.111112	0.121563	0.0234361	0.0657827	0.064058	0.00781837	0.0416017	0.0420821	0.0211005	0.050072	0.0216547	0.0712359	0.0380795	0.151354	0.0249831	0.0175712	0.00393954	0.018373
130	0.0291665	0.00412166	0.0098146	0.0189413	0.0384547	0.0109042	0.0233649	0.138321	0.0823001	0.14067	0.107302	0.0247884	0.0138325	0.0330199	0.161145	0.0357165	0.0481674	0.0600504	0.00599946	0.0139193
131	0.0253982	0.0014869	0.000644577	0.00160949	0.0211154	0.00189387	0.00177385	0.411568	0.000785128	0.154724	0.0485462	0.00220178	0.000549185	0.00385591	0.00213685	0.00918847	0.0183592	0.292437	0.000691176	0.0010345
132	0.0367336	0.00155101	0.0157291	0.0385973	0.0756022	0.0256403	0.321062	0.00324622	0.0294031	0.0233501	0.0138404	0.0204927	0.00242798	0.104193	0.0447966	0.0371971	0.00924402	0.0149648	0.035744	0.146184
133	0.611102	0.00118832	0.0021947	0.00482222	0.00161034	0.0244932	0.00204399	0.0391216	0.00118715	0.0252642	0.0230579	0.00136214	0.00580567	0.00232351	0.00926429	0.129268	0.0393059	0.063943	0.000559327	0.0120822
134	0.0542369	0.525389	0.0165483	0.00969618	0.0297156	0.0504085	0.016623	0.0320696	0.00785007	0.026281	0.0111306	0.0132151	0.0156589	0.0205729	0.0128299	0.0660427	0.0266224	0.0358616	0.0131511	0.016097
135	0.0234623	0.000433753	0.000428475	0.000781952	0.0295675	0.000557758	0.000683756	0.310883	0.000430113	0.260622	0.067445	0.000537051	0.000450653	0.0015825	0.000575349	0.00399559	0.00804744	0.28869	0.000230352	0.000595402
136	0.325056	0.00513535	0.00625842	0.00949527	0.00627889	0.0197569	0.0197192	0.00882454	0.00404417	0.0554508	0.0105433	0.00936711	0.00512269	0.00689405	0.0088596	0.319169	0.126441	0.0444815	0.00195769	0.00714526
137	0.0289511	0.00100409	0.371759	0.308227	0.00310466	0.0600801	0.0247987	0.00418007	0.0259011	0.00649426	0.00815857	0.0381642	0.013052	0.0281185	0.0148613	0.0337712	0.0110888	0.0106111	0.00116976	0.00650445
138	0.0154776	0.00235441	0.000478781	0.00169537	0.0826787	0.000603209	0.00251606	0.153863	0.000801126	0.54902	0.0722445	0.00172506	0.00356623	0.00138613	0.00233663	0.00341661	0.00534702	0.0969137	0.000247725	0.0033277
139	0.0986452	0.0164701	0.00329987	0.0056521	0.00564386	0.757699	0.00266071	0.0092002	0.00710877	0.00666563	0.00178705	0.00271306	0.00195219	0.00410959	0.00860294	0.0390328	0.00508732	0.0212383	0.000809318	0.00162158
140	0.0418314	0.00740644	0.00108984	0.00148955	0.0177073	0.00898706	0.00364679	0.395338	0.00126551	0.0635624	0.0147857	0.00378073	0.00204768	0.00313343	0.00203018	0.0176265	0.0369899	0.374769	0.00066018	0.00185301
141	0.13443	0.00127704	0.0738682	0.0575313	0.00668266	0.0687289	0.0345205	0.00704827	0.021206	0.0236562	0.00507151	0.0291424	0.165832	0.0661133	0.0558286	0.157661	0.0700529	0.00715848	0.00436157	0.00982935
142	0.0154074	0.00203763	0.000438743	0.00182537	0.0867157	0.000569982	0.00227909	0.129365	0.000446287	0.600627	0.0640793	0.000705891	0.00325572	0.000803604	0.00205242	0.00279381	0.00409194	0.0790563	0.000277266	0.00317161
143	0.0470185	0.0199612	0.00341261	0.00382378	0.0125515	0.00679683	0.00742969	0.124312	0.00751847	0.0153315	0.00918024	0.0143935	0.00887799	0.00525166	0.00595319	0.269643	0.343773	0.0818873	0.00173653	0.0111472
144	0.0380053	0.00147089	0.00241381	0.0157764	0.00245131	0.00315848	0.0909468	0.0111992	0.184577	0.0397616	0.0211304	0.00661662	0.0300731	0.0734294	0.397382	0.0219752	0.0255801	0.019579	0.0112609	0.00321207
145	0.0219238	0.00225561	0.0672616	0.126883	0.0103594	0.0132248	0.234671	0.0132945	0.036454	0.07707	0.0132668	0.0873374	0.0155983	0.0922187	0.100188	0.0293208	0.0159001	0.0224339	0.00551639	0.0148222
146	0.0781134	0.00175575	0.00266755	0.00285234	0.00330148	0.00270522	0.00404483	0.0283549	0.0753251	0.131141	0.00372892	0.0166784	0.294366	0.0665793	0.142848	0.0628764	0.0339219	0.0446409	0.00131148	0.00278659
147	0.095822	0.0159876	0.0042584	0.00558057	0.00498113	0.767119	0.00300218	0.00876142	0.00511983	0.00744889	0.00265394	0.00354511	0.00139104	0.00328938	0.00591611	0.0381644	0.00408171	0.0207334	0.000704275	0.00143928
148	0.0124104	0.00592247	0.00130285	0.00244493	0.182578	0.00137824	0.0078145	0.145974	0.00448804	0.331227	0.122426	0.0138548	0.00285159	0.00659835	0.00646579	0.0120828	0.0172115	0.10137	0.00108558	0.0205136
149	0.0313043	0.00634152	0.0284146	0.0348175	0.0288674	0.0134007	0.339598	0.0276022	0.031945	0.107336	0.02592	0.0370256	0.0205611	0.0581982	0.068984	0.0354406	0.0216834	0.0328441	0.0159311	0.0337853
150	0.0318253	0.0047725	0.0495567	0.0890197	0.0178573	0.0203326	0.16912	0.0143108	0.0413422	0.043681	0.0158966	0.0362226	0.0318511	0.245668	0.0639771	0.0448215	0.0219846	0.0267758	0.00695702	0.0240274
151	0.00357327	0.0116149	0.00132021	0.001635	0.220706	0.00150425	0.011352	0.128834	0.00812434	0.20834	0.178768	0.0321686	0.0013446	0.0110884	0.00885157	0.0175345	0.0289606	0.0906412	0.000670093	0.0329686
152	0.0242616	0.00152023	0.479672	0.14674	0.00479883	0.0377478	0.0225827	0.00767967	0.0233318	0.0090741	0.00731428	0.0978527	0.0120708	0.0215646	0.017899	0.0460879	0.0162023	0.0133897	0.00151254	0.00869712
153	0.0234549	0.00043434	0.000424387	0.000781681	0.0295725	0.000558051	0.000683831	0.311136	0.000430109	0.26043	0.0673946	0.000539051	0.00045115	0.00158269	0.000575673	0.00400451	0.00806667	0.288654	0.000229873	0.000595515
154	0.0207105	0.00200318	0.0142418	0.0216561	0.0542545	0.0120059	0.300628	0.00406712	0.0624415	0.0422431	0.0075476	0.0393516	0.00504244	0.0650826	0.175888	0.0230318	0.00893008	0.0246955	0.0243805	0.0917981
155	0.0336831	0.00187104	0.0324884	0.0586544	0.00423235	0.311076	0.023381	0.00887396	0.132488	0.0233824	0.0131511	0.0409547	0.0056596	0.0559194	0.146857	0.0485517	0.0299378	0.0165706	0.00472884	0.00753795
156	0.00851746	0.0011143	0.526432	0.0488419	0.00195924	0.0179855	0.0151785	0.0026641	0.0169375	0.0034325	0.00261489	0.250979	0.00435697	0.00260019	0.0152019	0.0574223	0.0116171	0.00494048	0.000862964	0.0063408
157	0.184004	0.00135916	0.00243432	0.0114215	0.00323784	0.00281606	0.0119599	0.14744	0.00285821	0.117704	0.0162692	0.00316526	0.181854	0.00343782	0.00332389	0.014948	0.094684	0.193272	0.00123093	0.00258106
158	0.0124812	0.00939315	0.00338019	0.00464171	0.174307	0.00555855	0.0320343	0.0424907	0.00780562	0.243919	0.135445	0.0118801	0.00403776	0.0108026	0.0322912	0.12285	0.0440918	0.0320693	0.00252538	0.067996
159	0.0818699	0.0133175	0.00840417	0.0128623	0.00957259	0.650239	0.0110511	0.0144645	0.0143498	0.0385911	0.010012	0.00952329	0.00598976	0.0127601	0.0146394	0.0428623	0.0134977	0.0275078	0.00252663	0.00595963
160	0.0150809	0.00244177	0.000442564	0.00189567	0.0897994	0.000573698	0.00227005	0.119022	0.000446195	0.634276	0.0626703	0.000489672	0.00427741	0.000774835	0.00248124	0.0028933	0.00375486	0.0539251	0.000219292	0.00226534
161	0.0135315	0.00259529	0.000716723	0.00186625	0.0957441	0.000935007	0.00456402	0.102453	0.00130648	0.60036	0.089896	0.00288331	0.00306168	0.00221218	0.00277229	0.0041134	0.00698639	0.059287	0.000326467	0.00438882
162	0.350938	0.00654208	0.00492688	0.00213853	0.00435811	0.051532	0.00235849	0.0025126	0.00110788	0.00756276	0.0093872	0.010162	0.00109778	0.00202139	0.00802886	0.438089	0.063199	0.0248628	0.000453838	0.0087208
163	0.368521	0.00528465	0.00467102	0.00399056	0.00392064	0.0436989	0.00269585	0.00336903	0.00105854	0.00934112	0.0088502	0.00906607	0.00138307	0.00205184	0.00692653	0.423568	0.0637772	0.027729	0.000467138	0.00962992
164	0.0221206	0.00359767	0.0442278	0.054788	0.0179113	0.0122154	0.341296	0.010795	0.0319646	0.0674016	0.0110992	0.0649195	0.0209107	0.113157	0.0820455	0.0295111	0.0137517	0.0207948	0.00849053	0.0290016
165	0.0646993	0.004493	0.0103069	0.00797496	0.00676875	0.0206222	0.0411818	0.00893185	0.0053409	0.0132617	0.00659938	0.0146247	0.464257	0.0387879	0.0138504	0.173623	0.0797694	0.0149675	0.00352262	0.00641604
166	0.0554351	0.00143479	0.00235241	0.0233222	0.0100328	0.00334087	0.0100174	0.179744	0.0204585	0.297053	0.0715744	0.00330784	0.0200418	0.0931379	0.0117187	0.0499853	0.0676446	0.0756184	0.00150909	0.00227021
167	0.53433	0.00147828	0.009093	0.0395184	0.00218373	0.0113421	0.00394019	0.00711776	0.00198747	0.0207475	0.00458912	0.00222451	0.0023949	0.00756568	0.0193538	0.1706	0.0893059	0.0677192	0.000896275	0.00361233
168	0.0791292	0.00408859	0.0170728	0.0156279	0.007334	0.0299488	0.0219387	0.010984	0.0137318	0.0227738	0.00575728	0.0115544	0.518978	0.0403481	0.02508	0.111792	0.0317623	0.0195865	0.00688887	0.00562316
169	0.0152809	0.00232255	0.000432991	0.00188141	0.0904033	0.000551326	0.00234214	0.113679	0.000465073	0.637916	0.0634072	0.000503718	0.00382611	0.000729634	0.00224615	0.00275689	0.00388165	0.0547928	0.000228946	0.0023521
170	0.0238555	0.000528864	0.000423759	0.000767414	0.0293669	0.000594075	0.000686051	0.312186	0.000423073	0.259271	0.0667294	0.000547689	0.000454439	0.00158029	0.000572411	0.004245	0.00844564	0.288478	0.000226329	0.000617811
171	0.0287618	0.0105581	0.00261617	0.00314344	0.0226034	0.00340448	0.00641273	0.0311263	0.00488829	0.0081214	0.0101537	0.0147963	0.00610755	0.00432766	0.00903836	0.36885	0.423848	0.0207558	0.00147623	0.0190099
172	0.0137959	0.00186727	0.000505354	0.00171362	0.0904087	0.000640505	0.00361344	0.0948668	0.000515058	0.637066	0.0850185	0.000601568	0.00292457	0.0013343	0.00195335	0.00252327	0.00442152	0.0541169	0.000273677	0.00183989
173	0.0409267	0.00968733	0.0296986	0.034519	0.0362852	0.0213891	0.369426	0.0192372	0.0281926	0.0439997	0.0133702	0.0344874	0.0275367	0.0569191	0.0666208	0.042848	0.0235599	0.0296996	0.0170434	0.0545531
174	0.0321096	0.00837644	0.0321111	0.0332904	0.0341426	0.0174192	0.392029	0.0164244	0.0355337	0.0430455	0.0142097	0.0374192	0.0254259	0.0561834	0.0723705	0.0380114	0.0183818	0.0252012	0.0199394	0.0483755
175	0.0147447	0.00225552	0.000814303	0.00195388	0.0896305	0.000963023	0.0023111	0.161347	0.000810905	0.578017	0.0627105	0.000698963	0.00911572	0.0010816	0.00538928	0.00521171	0.00388053	0.0539369	0.000343449	0.00478379
176	0.0430326	0.000612687	0.423725	0.189126	0.00246614	0.054745	0.0278046	0.00270754	0.028331	0.00407557	0.00433101	0.0545583	0.0114271	0.0381127	0.0202909	0.0567519	0.0129343	0.0146244	0.000438625	0.00990444
177	0.113446	0.000523682	0.0180759	0.0184384	0.0767317	0.00769101	0.0438006	0.113658	0.0220284	0.13319	0.0259645	0.011	0.00141228	0.0220354	0.0433661	0.0373859	0.0845539	0.176974	0.0178038	0.0319213
178	0.0833924	0.000422918	0.168718	0.148264	0.00499951	0.0715351	0.0516477	0.0041161	0.0338611	0.00626508	0.00311065	0.0995738	0.00868804	0.0825916	0.0372815	0.127421	0.0244004	0.0221133	0.000413661	0.0211838
179	0.0661914	0.00112407	0.00188985	0.00226563	0.00241518	0.0208586	0.0204511	0.00311144	0.00199678	0.00414779	0.00229081	0.00870756	0.623754	0.0352167	0.00934217	0.155722	0.0278175	0.00926212	0.00105627	0.00237928
180	0.0233964	0.000440321	0.000430453	0.000781977	0.029799	0.000560577	0.000684837	0.310916	0.000430011	0.261229	0.0673721	0.000529948	0.000472712	0.00158021	0.000600536	0.00398767	0.00802986	0.28793	0.000224675	0.000602747
181	0.0299753	0.00620674	0.00803255	0.00830214	0.22469	0.00358113	0.0284173	0.175987	0.00573833	0.095879	0.0217055	0.0156313	0.00245615	0.00863803	0.0106412	0.0469888	0.0624827	0.0865332	0.0075693	0.150544
182	0.078085	0.00301922	0.0202554	0.017869	0.0062953	0.0211017	0.0255095	0.0124554	0.0479372	0.0442877	0.008544	0.0148802	0.394891	0.0526421	0.105381	0.0820356	0.0324157	0.0215538	0.00448111	0.00636026
183	0.0564157	0.000499696	0.107123	0.15304	0.00193841	0.0673197	0.0271348	0.00365123	0.127372	0.0068334	0.00463103	0.0622817	0.00615075	0.123336	0.109624	0.0765924	0.0342736	0.0212304	0.000736801	0.00981438
184	0.348578	0.00578004	0.00478699	0.00199032	0.00425202	0.0504348	0.00228837	0.002292	0.00111429	0.0073616	0.00914024	0.00978807	0.00102591	0.00173006	0.00674009	0.449799	0.0601071	0.0235942	0.000496137	0.00870073
185	0.0234623	0.000433753	0.000428475	0.000781952	0.0295675	0.000557758	0.000683756	0.310883	0.000430113	0.260622	0.067445	0.000537051	0.000450653	0.0015825	0.000575349	0.00399559	0.00804744	0.28869	0.000230352	0.000595402
186	0.0310682	0.00225457	0.0436465	0.0840306	0.00225629	0.0261551	0.0304238	0.00516683	0.202389	0.0249939	0.0145374	0.0615602	0.00191128	0.103568	0.28026	0.0402344	0.0223393	0.013734	0.00217806	0.00729235
187	0.0330839	0.00131692	0.00250278	0.0124578	0.005278	0.00372579	0.128544	0.00926357	0.170332	0.038981	0.0171721	0.00857061	0.0266353	0.0714448	0.373353	0.0293849	0.0253993	0.0216591	0.0137176	0.00717804
188	0.0128521	0.00435136	0.000653259	0.00168021	0.177871	0.000880296	0.00280026	0.109839	0.000907655	0.516438	0.052512	0.00399589	0.00303815	0.0013028	0.00218419	0.00559483	0.0053585	0.0719825	0.000634151	0.0251242
189	0.0037658	0.00739679	0.00121641	0.00163958	0.166669	0.00154571	0.015482	0.113969	0.011897	0.231681	0.226733	0.0243102	0.00127169	0.0149062	0.0121871	0.0209873	0.0352395	0.0740871	0.000670747	0.0343443
190	0.303613	0.00166591	0.011599	0.0228554	0.00352983	0.119578	0.0251328	0.00486722	0.00258979	0.0145608	0.00441237	0.0136755	0.141829	0.0231643	0.0101675	0.21174	0.0540738	0.0105813	0.00140623	0.0189573
191	0.60305	0.000852483	0.00209765	0.00343924	0.00249066	0.0208885	0.00247105	0.0594326	0.00184471	0.0225	0.0287718	0.0018839	0.00608836	0.00244428	0.00712165	0.0972169	0.0281106	0.0893018	0.000715622	0.0192778
