249	20
1	0.072739	0.000552646	0.0579927	0.329023	0.00353037	0.0100928	0.0135372	0.0169023	0.158494	0.0157358	0.0103331	0.0363874	0.0094769	0.05586	0.0982412	0.0493162	0.0321779	0.0257808	0.000483241	0.00334386
2	0.0213443	0.00027858	0.0118031	0.0331646	0.000392205	0.00899042	0.0149441	0.00715551	0.335684	0.00785238	0.00999417	0.0261977	0.000468471	0.0754244	0.394941	0.0316576	0.0114849	0.000939067	0.000165328	0.0071186
3	0.0343085	0.00782042	0.0882611	0.0492387	0.00526195	0.453279	0.0236094	0.0107329	0.0439198	0.011285	0.0129167	0.0698301	0.0192305	0.0323589	0.0329749	0.0832388	0.00814131	0.00687724	0.00046995	0.00624458
4	0.0084102	0.01476	0.00136934	0.0325786	0.315787	0.00162795	0.047624	0.0343721	0.0194706	0.0246223	0.0140914	0.00996364	0.00662453	0.00184592	0.0113671	0.021116	0.00766545	0.0207789	0.00534933	0.400576
5	0.0104662	0.000767567	0.00605	0.00387696	0.00318704	0.00130543	0.00509073	0.289367	0.00785037	0.403324	0.0219793	0.00164763	0.00166922	0.00143407	0.00145912	0.0114078	0.00625564	0.206181	0.000335372	0.0163457
6	0.0277797	0.00076099	0.020559	0.00706507	0.00127511	0.0116998	0.00219978	0.0202705	0.0348974	0.0185971	0.00635578	0.0307372	0.00162064	0.0130542	0.0194329	0.214254	0.54485	0.022307	0.000396565	0.00188683
7	0.0073056	0.0123903	0.00129931	0.0317016	0.320127	0.00152222	0.0487455	0.0327053	0.0192721	0.0230192	0.0141622	0.0104216	0.0054312	0.00171857	0.00964047	0.0183949	0.00664204	0.0190643	0.00602957	0.410407
8	0.0523077	0.00547661	0.280786	0.208133	0.015491	0.0577702	0.0118226	0.0117672	0.0227337	0.00706821	0.0014777	0.0769433	0.0189864	0.0290205	0.0127016	0.126496	0.052243	0.00662247	0.000556594	0.0015969
9	0.0274423	0.000327479	0.269223	0.469731	0.00048598	0.00787297	0.009857	0.00146491	0.0205406	0.00599093	0.000653503	0.0280753	0.0063428	0.0604941	0.0192555	0.0421929	0.0191778	0.0064068	0.000390009	0.00407483
10	0.0217552	0.00290152	0.00363362	0.00696082	0.0133912	0.00151828	0.00315177	0.339761	0.00848131	0.31822	0.0475507	0.00108801	0.00166892	0.00262345	0.000869999	0.00778558	0.0154275	0.182469	0.00405146	0.0166899
11	0.0635053	0.0163603	0.0342827	0.0195763	0.00327513	0.00515047	0.0210923	0.0889084	0.00651851	0.0377884	0.0318193	0.44254	0.00572292	0.0205032	0.0193661	0.0952788	0.0390763	0.044471	0.00109677	0.00366771
12	0.0454972	0.0071494	0.00273788	0.01075	0.0330043	0.00251627	0.00286958	0.338	0.012621	0.222145	0.0814958	0.000806655	0.00242193	0.00585611	0.00102283	0.00696599	0.0264287	0.167919	0.0104749	0.0193178
13	0.0283226	0.000496773	0.291048	0.444066	0.000815425	0.00979261	0.0111725	0.00158053	0.021478	0.00710198	0.000708755	0.0313015	0.00668093	0.0566358	0.0171405	0.0408144	0.0182482	0.00756552	0.000358707	0.00467088
14	0.0532597	0.00631033	0.272206	0.211883	0.0153144	0.0592298	0.0122673	0.0122719	0.0232131	0.00694977	0.00156217	0.0787678	0.0200884	0.031442	0.0119616	0.122153	0.0516692	0.00721811	0.00057713	0.0016556
15	0.0457691	0.00709162	0.00271872	0.0107543	0.0329014	0.00255035	0.00286496	0.337887	0.012644	0.221745	0.0813275	0.00080626	0.00243146	0.00583996	0.00104073	0.00695671	0.0264802	0.168518	0.0104597	0.0192126
16	0.0457272	0.0110798	0.00261173	0.0129302	0.0479352	0.00237774	0.00693085	0.305163	0.0134649	0.241757	0.0895508	0.00106109	0.00250048	0.00847606	0.00159671	0.00662538	0.0230866	0.142951	0.00949509	0.0246794
17	0.0485535	0.00531882	0.278989	0.196567	0.0168401	0.0555443	0.0110308	0.0139093	0.0208865	0.00992566	0.00184752	0.0821051	0.0188626	0.0267079	0.0144684	0.131709	0.057515	0.00659232	0.000665848	0.00196082
18	0.0534126	0.0054751	0.216894	0.206637	0.0110247	0.0677964	0.0145623	0.0151476	0.0349119	0.0140794	0.00681532	0.0843425	0.0231233	0.0398814	0.026381	0.11305	0.0491562	0.0105333	0.00101706	0.00575831
19	0.0862262	0.00214105	0.0449615	0.0352575	0.00700148	0.0143339	0.0135095	0.0169851	0.0186357	0.0484938	0.019104	0.0167816	0.393923	0.0199541	0.00934428	0.154192	0.0844091	0.00900024	0.00158922	0.0041559
20	0.0333787	0.00356982	0.00178694	0.00607864	0.0198138	0.0016032	0.00169302	0.355548	0.0070024	0.125018	0.0493016	0.00224981	0.00147899	0.00274659	0.00117429	0.00836791	0.0234542	0.342182	0.00463948	0.00891308
21	0.0201049	0.000310049	0.0111683	0.0323832	0.000387214	0.00877197	0.0148844	0.00733603	0.331536	0.00823158	0.00975527	0.0248034	0.000478084	0.0737944	0.405383	0.0302244	0.0114803	0.00109684	0.00016462	0.00770598
22	0.0421382	0.00203924	0.00245814	0.00446783	0.0118178	0.00229117	0.0028674	0.104892	0.00451493	0.563576	0.137021	0.00245235	0.00955674	0.00308206	0.00225095	0.00540038	0.0216997	0.0651475	0.00153849	0.010788
23	0.0186028	0.0129997	0.00864734	0.040239	0.234454	0.00754534	0.0478761	0.0436236	0.0310322	0.047193	0.0206705	0.0155697	0.0109819	0.0139973	0.022006	0.0292489	0.0207696	0.0249597	0.016985	0.332599
24	0.0246787	0.00825491	0.00280826	0.00616663	0.0668206	0.00277655	0.0096448	0.0787889	0.00897677	0.568111	0.118295	0.0062089	0.00584838	0.00548827	0.00622696	0.00536757	0.0194832	0.036177	0.00108044	0.0187972
25	0.0207882	0.000246687	0.0115873	0.0328845	0.000369641	0.00874155	0.0148812	0.00712818	0.337021	0.00785234	0.00997629	0.0256297	0.000470067	0.0753823	0.396445	0.0311649	0.0112169	0.000931835	0.000163625	0.00711953
26	0.0273837	0.000332967	0.269973	0.46792	0.000477618	0.00809413	0.00993697	0.00149299	0.0212289	0.00614937	0.000676851	0.0282611	0.00633228	0.0601711	0.0193323	0.0420967	0.0190972	0.00655062	0.000392341	0.00409937
27	0.0361332	0.005185	0.00305063	0.0082342	0.024451	0.00237876	0.00403492	0.307567	0.0109884	0.26733	0.0812782	0.00337065	0.00361072	0.0051214	0.00357792	0.00892174	0.024753	0.176939	0.0064098	0.0166642
28	0.106639	0.0120678	0.0137436	0.0411826	0.00434324	0.306241	0.0165858	0.00983734	0.0179625	0.0132535	0.00916498	0.0372719	0.0234708	0.0140707	0.0160146	0.291905	0.0502994	0.00794143	0.00209427	0.00591027
29	0.0987415	0.00779423	0.0676747	0.0587721	0.00495261	0.0294143	0.0111671	0.0143624	0.137808	0.0137927	0.0188719	0.0862025	0.00115151	0.100537	0.112531	0.126638	0.0848897	0.0110166	0.000620122	0.0130617
30	0.083581	0.00151185	0.0947422	0.0397436	0.0151509	0.0346241	0.0376506	0.00608584	0.0689224	0.0328307	0.00484708	0.0229919	0.320191	0.0179444	0.0266142	0.134631	0.0490126	0.00446742	0.00102839	0.00342821
31	0.0397193	0.00208282	0.00412299	0.00877485	0.0135224	0.00383366	0.00651976	0.104256	0.0112766	0.500555	0.113224	0.0118701	0.00759014	0.00803036	0.0136344	0.0130663	0.0515504	0.0721258	0.0017712	0.0124745
32	0.0267566	0.0048205	0.00346566	0.00698324	0.0270512	0.00228083	0.00581459	0.228833	0.00928298	0.413747	0.0705131	0.00364383	0.00483279	0.00467109	0.00351572	0.00944071	0.0190527	0.135633	0.00278505	0.0168763
33	0.0271762	0.000724873	0.0214773	0.00719599	0.00118846	0.0112422	0.00196502	0.0191414	0.036282	0.019038	0.00571315	0.0317279	0.00178329	0.0128661	0.0190691	0.216779	0.542761	0.0218336	0.000395799	0.00163968
34	0.0514029	0.00334418	0.0145084	0.0579674	0.00352518	0.0215689	0.0334575	0.0118168	0.263346	0.0208177	0.010269	0.021518	0.00238186	0.0796339	0.329927	0.0339897	0.0157022	0.00796255	0.0018398	0.0150209
35	0.0292682	0.000440416	0.277944	0.458297	0.000672646	0.00871319	0.0106251	0.00154717	0.0208197	0.0065046	0.000638274	0.0299474	0.0063954	0.0582938	0.0178452	0.041335	0.0191479	0.00684247	0.000369945	0.00435291
36	0.0272585	0.000373112	0.278248	0.461295	0.000581539	0.00901606	0.0102277	0.0014087	0.0208405	0.0062846	0.000646386	0.0295184	0.00625091	0.0591226	0.0180099	0.041113	0.0183501	0.00684677	0.000370351	0.00423783
37	0.0368848	0.00206944	0.210993	0.392986	0.00398824	0.016964	0.0136548	0.00959298	0.0494513	0.0147253	0.00524167	0.0309987	0.0105838	0.0596523	0.0412438	0.0513588	0.0256548	0.0128721	0.00291417	0.00816992
38	0.0270364	0.000756123	0.000875628	0.00289538	0.0122521	0.00100721	0.000994093	0.364816	0.00167201	0.0324945	0.0127615	0.00387392	0.000699395	0.0010073	0.00115516	0.00999776	0.0224832	0.502201	0.000242034	0.000779933
39	0.110687	0.000926465	0.0828262	0.295154	0.0292315	0.00989978	0.0118223	0.0385064	0.0433879	0.02179	0.0296296	0.0371083	0.00287987	0.0283103	0.0630708	0.0755047	0.0374262	0.0495598	0.000654141	0.0316254
40	0.0121999	0.00113586	0.00556347	0.00449381	0.00519677	0.00135959	0.00555952	0.293091	0.00768989	0.395362	0.0249439	0.0017255	0.00175177	0.00165833	0.0014196	0.0114444	0.00742122	0.198848	0.000899471	0.0182366
41	0.769995	0.00551383	0.00670031	0.00225805	0.00101908	0.0245557	0.00169159	0.00841884	0.00351768	0.00395252	0.00220808	0.00444087	0.0113188	0.00170607	0.00195173	0.105225	0.0208735	0.0147452	0.00102551	0.00888218
42	0.020682	0.000247865	0.0114324	0.0326936	0.000392728	0.00868698	0.0145852	0.00732719	0.337233	0.0078853	0.0103357	0.0249561	0.000490259	0.0751657	0.398042	0.0305183	0.0111076	0.000910149	0.000161049	0.00714627
43	0.0212529	0.000310738	0.0114097	0.0342969	0.000468242	0.0088451	0.0146246	0.00758612	0.333532	0.00882508	0.0103043	0.0250404	0.000502679	0.0788099	0.393774	0.0301048	0.0113694	0.00116451	0.000163455	0.00761559
44	0.0401584	0.00593144	0.00261206	0.00933186	0.0280625	0.00241822	0.00253947	0.345721	0.0109038	0.206595	0.0811425	0.00127245	0.00228582	0.0050283	0.00123288	0.00739182	0.0248929	0.19771	0.00854624	0.0162239
45	0.0540558	0.00353885	0.0601332	0.288491	0.00477682	0.00928167	0.0174347	0.0192619	0.158032	0.0275978	0.0106476	0.025652	0.00623129	0.080714	0.123213	0.0428361	0.0289964	0.0258793	0.000605057	0.0126208
46	0.112191	0.00093616	0.0841212	0.274441	0.0215846	0.00742786	0.015834	0.0336961	0.0583245	0.0270951	0.0344097	0.0400385	0.00348734	0.0330717	0.0757544	0.0673386	0.0382562	0.0513875	0.000532218	0.0200727
47	0.109694	0.0281555	0.0297552	0.0714313	0.00584388	0.249946	0.0468002	0.0115722	0.0246998	0.0153436	0.0113983	0.038287	0.0162776	0.0202301	0.0338681	0.211505	0.0563413	0.00875324	0.00247489	0.00762322
48	0.0352202	0.0136658	0.027458	0.138384	0.0107132	0.00637374	0.0346062	0.0278496	0.190219	0.0640847	0.014941	0.00562968	0.000820366	0.132849	0.165879	0.0365734	0.0255926	0.0260915	0.00172279	0.0413264
49	0.0560298	0.0030154	0.0287232	0.0323533	0.0252357	0.0782713	0.00828988	0.00908021	0.240771	0.0991142	0.00693174	0.0504068	0.052905	0.0299753	0.172067	0.0794711	0.0123996	0.00784898	0.00163447	0.00547615
50	0.0438584	0.00648484	0.00288126	0.00991134	0.0313678	0.00236964	0.00306057	0.327945	0.0116435	0.2413	0.0771774	0.000826821	0.00300995	0.00531452	0.00101755	0.00750492	0.0244747	0.17101	0.00943383	0.0194084
51	0.0995369	0.00715712	0.0687335	0.0706708	0.00630834	0.0271332	0.010786	0.0162246	0.13535	0.0136587	0.0186491	0.0828736	0.00138374	0.0950593	0.11371	0.123625	0.0828925	0.0120437	0.000580991	0.0136223
52	0.0277272	0.000339534	0.268782	0.467454	0.000563916	0.00816944	0.00988571	0.00145192	0.0211855	0.00606423	0.00068322	0.0283261	0.00627864	0.0604535	0.0196233	0.042652	0.0194114	0.00651271	0.000388633	0.00404745
53	0.0454972	0.0071494	0.00273788	0.01075	0.0330043	0.00251627	0.00286958	0.338	0.012621	0.222145	0.0814958	0.000806655	0.00242193	0.00585611	0.00102283	0.00696599	0.0264287	0.167919	0.0104749	0.0193178
54	0.751399	0.00499766	0.0095273	0.00304067	0.00152562	0.0236761	0.00200363	0.00901363	0.00430041	0.00473411	0.00272999	0.00447623	0.0104498	0.00238229	0.00239653	0.104577	0.0254774	0.0187491	0.000969485	0.0135743
55	0.0235575	0.000870477	0.0128393	0.0373601	0.00140294	0.00920146	0.0154567	0.00964364	0.325154	0.0104208	0.0103973	0.0248514	0.000852718	0.0763197	0.383444	0.0336776	0.0129374	0.00215957	0.000822347	0.00863102
56	0.0986247	0.00777725	0.0678493	0.0586003	0.00497883	0.0293172	0.0112048	0.014458	0.137402	0.0138621	0.0188317	0.0862161	0.00113373	0.100717	0.112947	0.126653	0.0848703	0.0109477	0.000622748	0.012986
57	0.0388666	0.0108823	0.0329634	0.16605	0.00870783	0.00788369	0.0309848	0.0255708	0.187898	0.0548447	0.0143001	0.00950022	0.00176439	0.124094	0.160163	0.0377585	0.0263293	0.0265379	0.00138142	0.0335187
58	0.0387526	0.000988457	0.00234636	0.00343332	0.00646961	0.00234733	0.0022626	0.063517	0.00385131	0.642307	0.140163	0.00259981	0.0089682	0.00271767	0.00254656	0.00478424	0.0227414	0.0415475	0.000644504	0.00701179
59	0.0270587	0.000768443	0.000882581	0.00292503	0.0122507	0.00101921	0.00101474	0.366721	0.00168159	0.0321612	0.012622	0.0038534	0.000711068	0.00101504	0.00121112	0.0101237	0.0223512	0.50061	0.000257334	0.000762133
60	0.0534575	0.00304779	0.0452364	0.268434	0.00309956	0.0108382	0.0166294	0.0164791	0.188619	0.0229124	0.00912761	0.0283609	0.0065802	0.0813885	0.141558	0.0432806	0.0299242	0.0208293	0.000572356	0.009625
61	0.175087	0.0193833	0.00624094	0.0187019	0.00238167	0.0818568	0.0159368	0.022852	0.015593	0.0257284	0.0229531	0.0598917	0.0101504	0.0173462	0.0287567	0.343328	0.103015	0.0202824	0.00480616	0.00570862
62	0.0500454	0.00596485	0.175814	0.198383	0.00765013	0.0699989	0.016265	0.0254166	0.0385817	0.0201353	0.0123773	0.134569	0.0185842	0.0419726	0.0311011	0.0867599	0.0407416	0.0172252	0.0016292	0.00678553
63	0.0309451	0.00549778	0.00487967	0.00904244	0.0370276	0.00433121	0.0083751	0.105605	0.011201	0.525411	0.101675	0.0095174	0.00945533	0.00619912	0.00939157	0.0123109	0.0250653	0.0676904	0.00122097	0.0151584
64	0.0219697	0.000872756	0.012619	0.0398091	0.00103379	0.00928015	0.0156007	0.00802495	0.328625	0.0102062	0.0103836	0.0250822	0.00109918	0.0761731	0.384999	0.0312788	0.0121471	0.00209262	0.000295308	0.00840769
65	0.0613808	0.00554676	0.0177615	0.025469	0.0253897	0.0102845	0.0142461	0.069804	0.0188763	0.349623	0.0711778	0.0270789	0.115081	0.0174003	0.0145195	0.0483767	0.0371173	0.0540807	0.00284677	0.0139391
66	0.0448836	0.00222749	0.00545521	0.0146459	0.0146872	0.003978	0.00424494	0.295215	0.00831832	0.0944415	0.0264768	0.0120317	0.00493951	0.00507478	0.00725909	0.0236225	0.0351874	0.389375	0.00183017	0.00610628
67	0.0270284	0.000752942	0.000872449	0.00289324	0.0122274	0.00099954	0.000992635	0.364784	0.00166274	0.0323116	0.0126823	0.00388162	0.000698744	0.00100342	0.00115519	0.00999582	0.0224756	0.502588	0.000232451	0.000761521
68	0.0647762	0.00776095	0.0502294	0.0640941	0.0580353	0.0545844	0.0377756	0.027945	0.0342294	0.042733	0.0171365	0.106814	0.0297638	0.0408583	0.0327166	0.198105	0.0673555	0.0242083	0.00422667	0.0366519
69	0.0275405	0.000858802	0.00103529	0.00334426	0.0124365	0.00106488	0.00127149	0.365716	0.00188877	0.037847	0.0137166	0.00380228	0.000980413	0.00111338	0.00135715	0.0102933	0.0222352	0.491956	0.000391022	0.00115163
70	0.58255	0.00771918	0.00970105	0.0154377	0.00283791	0.0676152	0.00837059	0.0109938	0.0114828	0.00924329	0.00535341	0.0136261	0.0179388	0.00797232	0.00992842	0.149048	0.0452568	0.0144378	0.00130743	0.00917871
71	0.0214782	0.000661594	0.0127763	0.0358494	0.000841604	0.0116256	0.0151324	0.00783381	0.327212	0.0100057	0.0103174	0.0249206	0.00104433	0.0752822	0.391329	0.0312195	0.0120186	0.00176409	0.000217165	0.00847037
72	0.0208298	0.00025253	0.0115467	0.0328862	0.000367727	0.00879408	0.0148866	0.00711576	0.336917	0.00785652	0.010008	0.0255958	0.000472445	0.07521	0.396827	0.0310255	0.0111965	0.000917081	0.000162353	0.00713219
73	0.0073056	0.0123903	0.00129931	0.0317016	0.320127	0.00152222	0.0487455	0.0327053	0.0192721	0.0230192	0.0141622	0.0104216	0.0054312	0.00171857	0.00964047	0.0183949	0.00664204	0.0190643	0.00602957	0.410407
74	0.0731886	0.0018197	0.0038765	0.00824138	0.0162201	0.00423006	0.0161112	0.112954	0.026891	0.109493	0.0749537	0.0403785	0.0182096	0.0246137	0.0736809	0.0489989	0.126929	0.203574	0.000784426	0.0148521
75	0.0359458	0.00884659	0.0951573	0.0534207	0.00577481	0.431018	0.0235144	0.00969011	0.044716	0.0127579	0.0140225	0.0729359	0.019297	0.0358433	0.0317465	0.0824497	0.00907196	0.00696703	0.000627828	0.00619652
76	0.0397899	0.00327861	0.0236476	0.0474925	0.0046205	0.0180656	0.0180659	0.0130445	0.262846	0.0190004	0.0114723	0.032056	0.00809103	0.073769	0.294855	0.0698451	0.0382044	0.00743072	0.00171314	0.0127111
77	0.0528028	0.00961012	0.0672948	0.0494305	0.00850106	0.301159	0.0219982	0.0460304	0.0434104	0.0299931	0.0176451	0.087146	0.024108	0.0322507	0.0358825	0.0988025	0.0356158	0.0186036	0.00613939	0.0135761
78	0.0362609	0.001038	0.00237928	0.00462959	0.00756498	0.00249852	0.0042057	0.0607591	0.00712823	0.630379	0.147056	0.00393921	0.00843096	0.00425786	0.00445758	0.00513694	0.0218579	0.0385153	0.000613507	0.00889079
79	0.0779759	0.00194737	0.0939253	0.0484546	0.0108541	0.0340058	0.0485293	0.00752012	0.0473683	0.0356066	0.00590501	0.0170887	0.306826	0.0330369	0.0201096	0.144738	0.0555773	0.00529783	0.00132574	0.00390793
80	0.0108227	0.0260429	0.00301566	0.00519543	0.230547	0.00292301	0.0157215	0.0986323	0.00449073	0.437974	0.0663243	0.00381952	0.00350339	0.00408255	0.0037286	0.00685244	0.00828867	0.0339593	0.000886607	0.0331893
81	0.0843309	0.00423276	0.0247713	0.0548916	0.0508076	0.0184701	0.0171267	0.027799	0.0267628	0.174202	0.0150947	0.0620144	0.165146	0.0207697	0.0190956	0.13214	0.0715641	0.0177614	0.00319537	0.00982395
82	0.0477474	0.00736641	0.139025	0.150877	0.0191567	0.0350123	0.0198494	0.0553901	0.0450234	0.138479	0.0292072	0.0406018	0.034206	0.0406569	0.0391314	0.0586408	0.0371582	0.0410418	0.00402345	0.0174057
83	0.0330289	0.00514842	0.00529097	0.011691	0.0247245	0.00384314	0.00676557	0.292879	0.0208324	0.28767	0.0647034	0.00485477	0.00462546	0.00709609	0.00562403	0.0111338	0.0222805	0.161101	0.00730955	0.0193978
84	0.0276487	0.00117315	0.00116189	0.00342472	0.0131113	0.00109902	0.00135216	0.365221	0.00271099	0.0555709	0.0182196	0.0035328	0.00084797	0.00132185	0.00116706	0.00972763	0.0219826	0.467387	0.000944369	0.00239537
85	0.0523974	0.00477247	0.119699	0.244095	0.00838431	0.0257444	0.0227768	0.0159146	0.077503	0.0237994	0.0111088	0.0394909	0.0182512	0.0859576	0.0712254	0.100463	0.0421892	0.017892	0.00154947	0.0167861
86	0.0388694	0.00181	0.215703	0.398311	0.00362133	0.0155131	0.0122407	0.00764677	0.0471493	0.0130966	0.00411483	0.0303411	0.0159023	0.059003	0.0407642	0.0486933	0.024082	0.013796	0.00173596	0.0076062
87	0.0442724	0.00997538	0.0802859	0.0520663	0.00649387	0.385325	0.0226521	0.0132997	0.0437752	0.013059	0.0131332	0.0784835	0.0211523	0.0322427	0.0355912	0.10897	0.0212896	0.00891367	0.00132204	0.00769688
88	0.0626008	0.03835	0.0642882	0.0531732	0.00941269	0.260876	0.0226929	0.0211243	0.0370432	0.0234893	0.016808	0.111903	0.019689	0.0328178	0.0319612	0.127724	0.036574	0.0140456	0.00252093	0.0129063
89	0.0458135	0.00689587	0.00274767	0.0104798	0.0319266	0.00249695	0.00300342	0.330745	0.0129365	0.228543	0.0835859	0.00114308	0.00270087	0.00585039	0.00150008	0.00713567	0.0271463	0.166445	0.01007	0.0188341
90	0.0824993	0.00990771	0.0491447	0.049274	0.00613272	0.344421	0.0203219	0.0119015	0.0308634	0.0138063	0.0114096	0.0472704	0.0254631	0.0233027	0.0252201	0.193764	0.0371176	0.00899192	0.00256861	0.00661962
91	0.0331108	0.00667206	0.00577078	0.00944959	0.0362957	0.00660108	0.00821324	0.120908	0.0100976	0.499976	0.095343	0.00676328	0.0104726	0.00682533	0.00783947	0.0147732	0.0237931	0.0802731	0.00189197	0.0149291
92	0.0336143	0.00509006	0.00306941	0.00643792	0.0284798	0.0022871	0.00499132	0.187751	0.00810481	0.449527	0.110127	0.00290793	0.00572779	0.00430512	0.00293939	0.00611626	0.020897	0.0987144	0.00326388	0.015648
93	0.0206164	0.000259153	0.0114477	0.0325989	0.000396648	0.00861043	0.0143812	0.00737985	0.338207	0.00801813	0.0103968	0.0246759	0.00050877	0.0759477	0.396992	0.0301337	0.0110884	0.000918725	0.0001625	0.00725993
94	0.398144	0.00751834	0.0157498	0.0209732	0.00507267	0.0932163	0.0116445	0.0186897	0.0209543	0.0379305	0.0149941	0.0293362	0.0175812	0.01635	0.0222744	0.185852	0.0528867	0.0187433	0.00283244	0.00925697
95	0.0386242	0.00223887	0.002148	0.00831759	0.0158368	0.00232885	0.00214656	0.342711	0.00555119	0.0890588	0.027152	0.00439511	0.00330217	0.00296061	0.00217894	0.0109752	0.0250229	0.407238	0.00236154	0.00545213
96	0.0274067	0.000350877	0.277314	0.463303	0.000533673	0.00836498	0.010267	0.001432	0.0206261	0.00621067	0.00064465	0.0291955	0.00621295	0.0592369	0.018072	0.0410577	0.0183296	0.00674891	0.000366861	0.00432586
97	0.0217262	0.000683142	0.0122308	0.036832	0.000973813	0.00911804	0.0153722	0.00796476	0.329375	0.0102198	0.0103819	0.0245708	0.000749027	0.0774394	0.388507	0.0311197	0.0119531	0.00204226	0.000286823	0.00845432
98	0.0073056	0.0123903	0.00129931	0.0317016	0.320127	0.00152222	0.0487455	0.0327053	0.0192721	0.0230192	0.0141622	0.0104216	0.0054312	0.00171857	0.00964047	0.0183949	0.00664204	0.0190643	0.00602957	0.410407
99	0.0279887	0.000488023	0.291941	0.442413	0.000980868	0.00976165	0.0107859	0.00169139	0.0214647	0.0070904	0.000696985	0.0317243	0.00659234	0.0565423	0.0169641	0.042403	0.0182334	0.00729142	0.000354047	0.00459206
100	0.0337711	0.00897691	0.0123099	0.0358637	0.0127381	0.0576517	0.109393	0.0644477	0.0291397	0.030039	0.0133369	0.0184225	0.0129453	0.0220394	0.0250007	0.0324728	0.0249716	0.0158227	0.248238	0.19242
101	0.0208841	0.000246361	0.0115624	0.0329937	0.000373488	0.00881013	0.0149318	0.00712253	0.336961	0.0078468	0.00998979	0.0256869	0.000471465	0.0752625	0.396397	0.0310964	0.0111842	0.000911103	0.000162315	0.00710645
102	0.0202667	0.000329074	0.0112039	0.0324711	0.000411486	0.00900798	0.0148427	0.00736051	0.331695	0.00852031	0.00981653	0.0248687	0.000613904	0.0732537	0.404881	0.0301317	0.0113274	0.0010954	0.000166352	0.00773671
103	0.0358538	0.00721489	0.115632	0.0629394	0.00746174	0.364062	0.0229134	0.0107367	0.0413341	0.0134105	0.0131204	0.0756134	0.0453378	0.0297093	0.0301303	0.0875311	0.0178453	0.00943448	0.0010663	0.00865296
104	0.0073056	0.0123903	0.00129931	0.0317016	0.320127	0.00152222	0.0487455	0.0327053	0.0192721	0.0230192	0.0141622	0.0104216	0.0054312	0.00171857	0.00964047	0.0183949	0.00664204	0.0190643	0.00602957	0.410407
105	0.0212213	0.000698103	0.0117213	0.0352373	0.000784919	0.00915816	0.016274	0.00776729	0.329175	0.00955115	0.0100196	0.0246497	0.00075766	0.0754508	0.394672	0.0303742	0.0116076	0.00172966	0.000758822	0.00839115
106	0.02518	0.0157062	0.00541769	0.0197979	0.189437	0.00470994	0.0210068	0.163662	0.0143142	0.201111	0.0496153	0.00880532	0.00623567	0.0084045	0.00911489	0.0176435	0.0209013	0.0989193	0.00462521	0.115392
107	0.26262	0.0310075	0.0198156	0.0340725	0.00642446	0.0885542	0.0172827	0.0214272	0.023345	0.0233345	0.0159842	0.0427611	0.0185443	0.0220541	0.0272971	0.243593	0.0679592	0.0178122	0.00543357	0.0106777
108	0.0578364	0.00371841	0.0223912	0.0163739	0.00343594	0.033449	0.0115895	0.0189619	0.032967	0.0220574	0.0111486	0.0403129	0.0242064	0.0198332	0.0228565	0.254454	0.374655	0.0213617	0.00171553	0.0066753
109	0.0220052	0.0128223	0.00860327	0.0408016	0.21399	0.0142965	0.0480476	0.0384103	0.0373017	0.0483912	0.0191891	0.0151874	0.0110353	0.0171517	0.0303856	0.0341186	0.0186876	0.023305	0.0264114	0.319858
110	0.570435	0.00702662	0.0156052	0.021402	0.00353085	0.0934941	0.00865424	0.0122614	0.0182294	0.00985579	0.00539997	0.0142912	0.0156611	0.0100485	0.0135983	0.125342	0.0295422	0.0140653	0.00208658	0.00947016
111	0.0605386	0.0069889	0.0181292	0.0328708	0.0163177	0.021192	0.0729476	0.0592219	0.0478144	0.0676512	0.0347779	0.0478132	0.0142367	0.0407001	0.0516782	0.10136	0.150818	0.116559	0.00977779	0.0286076
112	0.052826	0.00922283	0.0180539	0.0472424	0.0260587	0.0371121	0.0667097	0.0881986	0.0318396	0.0672587	0.0264927	0.0256552	0.0237296	0.0308753	0.0286132	0.0529425	0.0405692	0.0445672	0.182401	0.0996315
113	0.0534397	0.00962686	0.0184603	0.0492637	0.0305343	0.0368811	0.0627856	0.0925521	0.0308977	0.0716263	0.0263031	0.0222278	0.0200995	0.0277281	0.0279985	0.0473197	0.0333537	0.0427927	0.186196	0.109914
114	0.0402357	0.0136753	0.00350991	0.0110661	0.0385511	0.00328382	0.00549417	0.315931	0.0120687	0.199437	0.0642847	0.0038371	0.00387302	0.00680032	0.0032386	0.0113009	0.0248285	0.212169	0.00741828	0.0189974
115	0.0208936	0.000310786	0.0116332	0.0343058	0.000459801	0.00893201	0.014814	0.00733805	0.333867	0.0084487	0.00999458	0.0250192	0.00065254	0.0743549	0.39808	0.030703	0.0115234	0.00114599	0.000168663	0.00735458
116	0.0332973	0.00492861	0.0233901	0.0747015	0.00466078	0.0119453	0.023392	0.0148393	0.254915	0.0295998	0.0127731	0.0232013	0.00343764	0.10053	0.289104	0.0400815	0.0230211	0.0108318	0.00192331	0.0194269
117	0.787051	0.00540822	0.00662359	0.00218311	0.000949031	0.0251209	0.00141054	0.0078214	0.00338972	0.00383835	0.0014665	0.00249651	0.0105701	0.00155942	0.00172671	0.0983817	0.0181924	0.0124484	0.00046912	0.0088931
118	0.0280627	0.000983178	0.00104073	0.0040921	0.0123932	0.00113997	0.00130498	0.359322	0.00255688	0.0476503	0.0159414	0.00406043	0.00139638	0.00136117	0.00175641	0.0102758	0.0231863	0.481281	0.000522436	0.00167351
119	0.0566398	0.00241893	0.0188803	0.0112923	0.00186348	0.0197146	0.00703661	0.0203073	0.0360773	0.0204771	0.0103721	0.0410929	0.00395469	0.0241564	0.0240823	0.232539	0.441294	0.0228594	0.00140988	0.00353144
120	0.0331942	0.0158103	0.021247	0.0904607	0.0085936	0.00860674	0.060563	0.0231598	0.175654	0.0791436	0.0200231	0.0189319	0.00405279	0.116403	0.18654	0.0390296	0.0248569	0.0198819	0.00788029	0.0459682
121	0.789052	0.00544657	0.00658148	0.00211196	0.000945776	0.0251921	0.00140553	0.0076492	0.00333413	0.00384459	0.00141474	0.00226061	0.0104673	0.00151401	0.00166874	0.0975279	0.017977	0.0123242	0.000430799	0.00885129
122	0.0196292	0.00227455	0.00442697	0.00639936	0.0102936	0.00159655	0.00380255	0.314778	0.00843964	0.342138	0.0388111	0.00157099	0.00259564	0.00246231	0.00159903	0.00933022	0.0124566	0.198637	0.0028673	0.0158913
123	0.365795	0.0034306	0.0468665	0.0293202	0.00459161	0.0190336	0.0104592	0.0291121	0.0141728	0.0267156	0.00815031	0.0174179	0.195309	0.0145585	0.00730027	0.139557	0.0461241	0.0134672	0.00177251	0.00684508
124	0.0371398	0.00248647	0.268443	0.362627	0.00524142	0.0264961	0.0121368	0.00651836	0.0256797	0.00848817	0.00245629	0.0550821	0.00996481	0.049046	0.019896	0.0644847	0.0292443	0.00945929	0.000481728	0.00462734
125	0.0323995	0.0407485	0.0169219	0.0633727	0.0162721	0.0109012	0.101381	0.0260878	0.127196	0.10414	0.0158663	0.01242	0.00580513	0.117189	0.121404	0.0307066	0.0236276	0.0213227	0.0212888	0.0909497
126	0.115616	0.0133941	0.00681494	0.040941	0.00479684	0.258775	0.0167362	0.00840324	0.0130604	0.0121014	0.00825101	0.0378305	0.0354803	0.011568	0.0137104	0.318787	0.0676582	0.00666258	0.00216875	0.00724452
127	0.0207264	0.000267818	0.0116022	0.0327937	0.000382863	0.00889044	0.0149242	0.0072954	0.334853	0.00790525	0.00996534	0.0255129	0.000535218	0.074576	0.398643	0.0310553	0.0117384	0.000981997	0.000163746	0.00718676
128	0.0455745	0.00402886	0.00399249	0.00976791	0.0224234	0.00367904	0.00594054	0.270529	0.0134804	0.194606	0.0577087	0.0102029	0.00631184	0.00825406	0.0138589	0.0205957	0.0609569	0.229902	0.00473465	0.0134525
129	0.0492253	0.00216632	0.00271722	0.0276492	0.0147025	0.00414803	0.00290703	0.299042	0.00750432	0.100904	0.02534	0.00441652	0.0103079	0.00383309	0.00333675	0.0113019	0.0264913	0.39595	0.00233586	0.00572047
130	0.0246789	0.00138825	0.0144233	0.0458881	0.00143922	0.00987804	0.0169376	0.00948032	0.315831	0.012973	0.0103015	0.0255491	0.00138769	0.0774149	0.37137	0.0331065	0.0139677	0.00346877	0.000629089	0.00988615
131	0.0219957	0.00233752	0.00400303	0.00700563	0.0106009	0.00168407	0.00346627	0.31449	0.0105401	0.299241	0.0372718	0.00151215	0.00241166	0.00228534	0.00150454	0.0091551	0.0134652	0.240756	0.00273192	0.0135426
132	0.0904452	0.00362835	0.0565582	0.0659774	0.00825201	0.0289326	0.0153938	0.0193929	0.025907	0.0390609	0.0126409	0.0205995	0.353112	0.0290367	0.0158328	0.122671	0.0624773	0.0125198	0.0066631	0.0108987
133	0.0719351	0.00239307	0.00528821	0.0139816	0.0156004	0.00810633	0.00808334	0.23268	0.0171848	0.0711731	0.0330083	0.0163695	0.00639263	0.0114064	0.022837	0.0351646	0.0921265	0.326225	0.00186286	0.00818173
134	0.0638373	0.018333	0.0238688	0.0757511	0.0247537	0.0164128	0.0901485	0.0268776	0.139506	0.0612269	0.0162015	0.0189423	0.00939547	0.084032	0.104429	0.0473116	0.0319769	0.0239398	0.0247521	0.0983032
135	0.0422847	0.00443655	0.00301509	0.00882114	0.0248233	0.00256459	0.00601828	0.277914	0.0141991	0.203207	0.0744972	0.011208	0.00522	0.00873726	0.0172518	0.0152296	0.0478546	0.211178	0.00586285	0.0156765
136	0.0585933	0.00293562	0.00296177	0.00835756	0.0247152	0.00321671	0.0165372	0.172707	0.0281751	0.127439	0.0775435	0.0312444	0.00859332	0.0201963	0.0531976	0.030589	0.0859952	0.228562	0.00280816	0.0156321
137	0.0276191	0.000339598	0.286254	0.455363	0.00049968	0.00813276	0.0106456	0.00136797	0.0210892	0.00697378	0.000670753	0.0296249	0.00627971	0.0581835	0.0173704	0.0396137	0.0176982	0.00725607	0.000371343	0.00464706
138	0.0771708	0.00761783	0.0333869	0.120537	0.0209599	0.0108952	0.0224413	0.0485228	0.115639	0.0575671	0.0245488	0.0266199	0.00507873	0.0840608	0.108869	0.0655626	0.0761523	0.0655607	0.00119538	0.027614
139	0.0406706	0.00610143	0.00283955	0.00959464	0.0287715	0.0021198	0.00308901	0.328357	0.0115304	0.252571	0.0764228	0.000891592	0.00243763	0.00506764	0.00106472	0.00717704	0.0231964	0.170216	0.00860554	0.019276
140	0.0686257	0.0075396	0.0130909	0.0297251	0.00954358	0.0319761	0.0649586	0.0297376	0.0166526	0.0308351	0.0173209	0.161314	0.0132064	0.0430197	0.0228116	0.286061	0.103201	0.0233687	0.00435832	0.0226534
141	0.020292	0.000272666	0.0116769	0.0323103	0.00040564	0.00857561	0.0144568	0.00727031	0.337757	0.00801634	0.010089	0.0247224	0.000492194	0.074908	0.398385	0.0305838	0.0113592	0.000994186	0.000164976	0.00726772
142	0.0140759	0.00147146	0.00473773	0.0045834	0.00602144	0.00135995	0.00386876	0.308591	0.00805481	0.371318	0.0325432	0.00132454	0.00154988	0.00162805	0.00117722	0.00938666	0.00949941	0.20225	0.00154752	0.0150116
143	0.0498851	0.00128551	0.00381968	0.00542021	0.0146007	0.00330605	0.021007	0.110802	0.0372179	0.123214	0.0768477	0.070479	0.014932	0.0312404	0.0701121	0.0495845	0.115025	0.186138	0.000687642	0.0143944
144	0.0222327	0.000499592	0.0125817	0.0353525	0.000533902	0.00893584	0.0151713	0.007414	0.332661	0.00879283	0.0100925	0.0261199	0.000493665	0.0770716	0.388715	0.0321209	0.0120651	0.00142385	0.000180393	0.00754115
145	0.169049	0.00256059	0.00592428	0.0511007	0.0225729	0.0216848	0.00715778	0.154366	0.0262936	0.0830066	0.0145726	0.0072135	0.0138031	0.00799697	0.0106361	0.013752	0.0754661	0.305096	0.00197485	0.00577263
146	0.177468	0.00600449	0.00644383	0.015938	0.00255151	0.0360953	0.0194782	0.0333831	0.0201041	0.0483319	0.0419083	0.062265	0.00296624	0.0429302	0.0387778	0.300776	0.109858	0.0234348	0.00588081	0.00540485
147	0.0206693	0.000630109	0.0113255	0.0348358	0.000831567	0.00987069	0.0162457	0.00781811	0.325334	0.010342	0.00965727	0.0245186	0.00112575	0.0726748	0.400967	0.0300469	0.0119214	0.00186512	0.00026187	0.00905782
148	0.0354884	0.0130684	0.0282257	0.13598	0.0104325	0.00659769	0.0337874	0.0279697	0.190436	0.0637073	0.0153197	0.00669979	0.000846476	0.136882	0.163017	0.0374227	0.0254337	0.025702	0.00171292	0.0412717
149	0.0118888	0.0334695	0.0031129	0.00776362	0.197765	0.0030672	0.0231946	0.132107	0.00810726	0.391597	0.0781974	0.00452456	0.00293152	0.00695171	0.00513185	0.00647084	0.00804054	0.0340066	0.00141329	0.0402588
150	0.0532883	0.00116351	0.00299223	0.00603186	0.0193362	0.00302634	0.0168278	0.119177	0.0292117	0.119999	0.0786749	0.0468762	0.0107334	0.0304269	0.0795996	0.0392249	0.117239	0.204873	0.000748768	0.0205501
151	0.0460697	0.00418179	0.0128005	0.0167899	0.0100729	0.00886677	0.0496084	0.0512232	0.0218301	0.0837878	0.0525823	0.144434	0.0458081	0.127668	0.0538136	0.0944326	0.079294	0.0792464	0.00443122	0.0130594
152	0.0570174	0.00246278	0.0733622	0.314452	0.00539029	0.00858695	0.0147864	0.0219992	0.138878	0.0275831	0.0110168	0.0292769	0.00666778	0.0741682	0.0995178	0.044875	0.0308376	0.0279443	0.000503068	0.0106748
153	0.0168017	0.00186156	0.0134064	0.0303044	0.058102	0.0132359	0.0299197	0.0603475	0.0407166	0.306966	0.112097	0.0652667	0.00258786	0.0226007	0.0408387	0.00729724	0.102133	0.0042444	0.000894068	0.0703784
154	0.0333726	0.00750827	0.0910156	0.0479851	0.00518702	0.446182	0.024547	0.0105327	0.0439674	0.0112013	0.013387	0.070784	0.0206339	0.0317667	0.0342021	0.0837956	0.00887808	0.00777416	0.000643107	0.00663701
155	0.0334229	0.0139989	0.0259924	0.130098	0.0104514	0.0071762	0.0349791	0.0281975	0.191117	0.0604401	0.0140383	0.00608496	0.00124202	0.124735	0.185753	0.0362387	0.0268322	0.0247295	0.00187188	0.0426006
156	0.0290855	0.000533437	0.284917	0.446519	0.00105741	0.00957682	0.0108969	0.00187718	0.0215884	0.00777471	0.000715953	0.0309409	0.00761381	0.0565221	0.0174325	0.0418859	0.0186029	0.00730902	0.000410441	0.00474005
157	0.434721	0.00360493	0.0177595	0.0306487	0.00432385	0.029684	0.00562907	0.012074	0.0233248	0.0112167	0.00475946	0.00669196	0.292259	0.0159901	0.00790628	0.0575553	0.020752	0.00994214	0.00236812	0.00878863
158	0.0273234	0.000724141	0.0213548	0.00715575	0.00118717	0.011033	0.00193592	0.0191744	0.03616	0.0190919	0.00573405	0.03153	0.00172877	0.0129132	0.019171	0.216578	0.543319	0.0219064	0.000383895	0.00159528
159	0.102249	0.00274302	0.0347238	0.0131776	0.00712379	0.00664381	0.0272429	0.109452	0.0106877	0.13447	0.0353856	0.103011	0.183276	0.0320833	0.0124573	0.0688977	0.0438071	0.0652445	0.00207046	0.00525363
160	0.0314477	0.000733408	0.265777	0.449297	0.0019077	0.0116736	0.0099876	0.00230468	0.0205949	0.00612181	0.000868052	0.0322086	0.00732769	0.0580444	0.0185331	0.0494329	0.0228936	0.00652436	0.000399697	0.00392198
161	0.0542321	0.00608943	0.0727689	0.261997	0.0129326	0.00857242	0.0201861	0.0352492	0.101015	0.0469674	0.0163878	0.0210187	0.00460405	0.0878093	0.0930793	0.0455085	0.0370158	0.0403475	0.0013718	0.0328466
162	0.026968	0.00372509	0.0034052	0.00745907	0.0191565	0.00168998	0.00314866	0.330305	0.00899486	0.305683	0.0559298	0.00102442	0.00200924	0.00336526	0.000866156	0.00765998	0.0182492	0.17729	0.00530962	0.0177605
163	0.789052	0.00544657	0.00658148	0.00211196	0.000945776	0.0251921	0.00140553	0.0076492	0.00333413	0.00384459	0.00141474	0.00226061	0.0104673	0.00151401	0.00166874	0.0975279	0.017977	0.0123242	0.000430799	0.00885129
164	0.0727435	0.000547246	0.0583355	0.328769	0.00354165	0.0099744	0.0135781	0.0170685	0.157855	0.0158475	0.0103633	0.0365152	0.00939177	0.0559773	0.0983724	0.0490166	0.0322943	0.0259387	0.000483787	0.00338599
165	0.0379016	0.0127869	0.0264237	0.137112	0.0101482	0.00748482	0.0353075	0.0265952	0.190147	0.0624602	0.0143474	0.00552258	0.000913942	0.12909	0.173893	0.0367285	0.0247754	0.0258891	0.00164798	0.0408252
166	0.0391727	0.00100057	0.00242227	0.00346025	0.00638855	0.0022587	0.00238867	0.0764244	0.00387292	0.620538	0.137994	0.00258782	0.00908824	0.00264625	0.00246883	0.00501579	0.0225612	0.0512645	0.00064671	0.00779979
167	0.0420266	0.0103997	0.102343	0.0635404	0.00765367	0.40971	0.0194663	0.00846235	0.0436017	0.0164384	0.0162034	0.068475	0.0154442	0.0415679	0.0310798	0.0808395	0.0107953	0.0060353	0.00059699	0.00532062
168	0.0432958	0.00907626	0.00266854	0.0118781	0.0445099	0.00237036	0.00465639	0.31395	0.0120122	0.240373	0.0881751	0.00118513	0.00236945	0.00658312	0.00128209	0.00669823	0.0256414	0.150471	0.010359	0.0224444
169	0.0335075	0.00175508	0.075118	0.0447639	0.00353463	0.0105319	0.0082255	0.00877357	0.00935686	0.0169385	0.00732404	0.0118972	0.373843	0.0110644	0.00548224	0.249154	0.119645	0.00469507	0.000936254	0.00345242
170	0.0953226	0.00181026	0.0048703	0.111855	0.00518343	0.00640742	0.0042603	0.0886518	0.00919742	0.194711	0.0182685	0.00535561	0.0604582	0.0055273	0.00525261	0.00995731	0.0130101	0.354251	0.00126409	0.0043858
171	0.0274161	0.000348301	0.288941	0.452266	0.000519957	0.00814755	0.0108029	0.00146775	0.0212601	0.00729697	0.000662956	0.0298629	0.00635009	0.0578164	0.0172885	0.039428	0.0173609	0.00756759	0.00036204	0.0048348
172	0.0213074	0.000582496	0.0127698	0.0351844	0.000682706	0.00856708	0.0149247	0.00772878	0.334612	0.00953991	0.0103085	0.02474	0.000582554	0.0766419	0.38885	0.0312588	0.0119677	0.00161786	0.000202078	0.00793145
173	0.0270284	0.000752942	0.000872449	0.00289324	0.0122274	0.00099954	0.000992635	0.364784	0.00166274	0.0323116	0.0126823	0.00388162	0.000698744	0.00100342	0.00115519	0.00999582	0.0224756	0.502588	0.000232451	0.000761521
174	0.0207482	0.000279635	0.0112972	0.0330048	0.000414772	0.00873058	0.0146726	0.00742155	0.336062	0.00803837	0.010246	0.0249366	0.000494433	0.0757826	0.397851	0.0302995	0.0111275	0.000969358	0.000169839	0.00745324
175	0.0906947	0.00865401	0.062394	0.0716108	0.00527198	0.0267195	0.0127602	0.0153341	0.143872	0.0180111	0.0193904	0.0755951	0.00111698	0.104896	0.122019	0.116343	0.0768287	0.0130012	0.000571141	0.0149159
176	0.028455	0.00132285	0.00103761	0.00344986	0.013123	0.00114389	0.00108466	0.365681	0.00281676	0.056755	0.0208469	0.00346755	0.000840341	0.00124533	0.00109867	0.00991248	0.0222572	0.461801	0.00116498	0.00249594
177	0.0125216	0.00317941	0.00781183	0.0230003	0.0356055	0.00694862	0.0312085	0.058875	0.0560825	0.366373	0.184989	0.0346884	0.00338494	0.0301462	0.0369885	0.00751951	0.0432389	0.00792733	0.000932068	0.0485781
178	0.0568962	0.00337016	0.0369007	0.0570228	0.00266894	0.0171025	0.0133822	0.0103156	0.244089	0.0117271	0.0131952	0.0541513	0.00138024	0.0860239	0.262603	0.0732243	0.040354	0.00571043	0.000452503	0.00942985
179	0.0438539	0.00573919	0.00243506	0.00927534	0.0292125	0.00229856	0.00317263	0.329107	0.0121806	0.191451	0.0754986	0.00382702	0.00253937	0.00619665	0.00564329	0.0106517	0.034917	0.207671	0.00821696	0.0161117
180	0.24894	0.00595834	0.00578808	0.00764205	0.00204331	0.0332664	0.0101403	0.0350512	0.017739	0.0304037	0.0320448	0.0636934	0.00303121	0.0168392	0.0229468	0.309485	0.104013	0.0362989	0.00913566	0.00553898
181	0.0210267	0.000468977	0.0117124	0.0342537	0.000573764	0.00857887	0.0145935	0.00768944	0.333385	0.00960911	0.0103928	0.024323	0.000535072	0.0809038	0.39029	0.0300414	0.0117463	0.00161115	0.000233376	0.00803229
182	0.0270097	0.00067023	0.288973	0.439314	0.000879857	0.00864089	0.0130389	0.00203375	0.0211277	0.00756498	0.00106316	0.0299052	0.00799034	0.062375	0.0173177	0.039593	0.0174012	0.00757707	0.000527897	0.00699624
183	0.153919	0.00460467	0.0318376	0.0466019	0.0108529	0.0186714	0.0147624	0.0870197	0.0201073	0.0730685	0.0232095	0.0341486	0.253831	0.0262187	0.0139523	0.070252	0.0451019	0.0550704	0.00467266	0.012098
184	0.0270284	0.000752942	0.000872449	0.00289324	0.0122274	0.00099954	0.000992635	0.364784	0.00166274	0.0323116	0.0126823	0.00388162	0.000698744	0.00100342	0.00115519	0.00999582	0.0224756	0.502588	0.000232451	0.000761521
185	0.0708475	0.00832717	0.0502916	0.0576945	0.00714424	0.212334	0.0213523	0.0158703	0.0454083	0.0183411	0.0149839	0.051	0.0275873	0.0536216	0.0403494	0.207106	0.0691197	0.014223	0.00243026	0.0119683
186	0.0377585	0.00128119	0.00236799	0.00350453	0.0083891	0.0023542	0.00258815	0.0690835	0.00420411	0.637418	0.135607	0.00255284	0.00859399	0.00281487	0.00253409	0.00487317	0.0223933	0.0435856	0.000749522	0.0073467
187	0.0273361	0.000383317	0.279952	0.459756	0.000588723	0.00854334	0.0103223	0.00140717	0.0206598	0.00627181	0.000666467	0.0295783	0.00627879	0.0591895	0.0179576	0.0412584	0.0183173	0.00683378	0.000380928	0.00431801
188	0.0622624	0.00148447	0.0184233	0.00707646	0.00177066	0.0151601	0.00537579	0.024491	0.040621	0.0170466	0.00740541	0.0328582	0.00191183	0.0186482	0.0240317	0.208887	0.475336	0.0322195	0.000948345	0.0040419
189	0.107314	0.00302147	0.065242	0.143393	0.00712803	0.0224305	0.0123324	0.0113081	0.0249515	0.0230021	0.00822712	0.0185044	0.289516	0.058198	0.0189614	0.0883386	0.0666028	0.0123081	0.00658035	0.0126405
190	0.0270284	0.000752942	0.000872449	0.00289324	0.0122274	0.00099954	0.000992635	0.364784	0.00166274	0.0323116	0.0126823	0.00388162	0.000698744	0.00100342	0.00115519	0.00999582	0.0224756	0.502588	0.000232451	0.000761521
191	0.101916	0.0111121	0.0583703	0.0531535	0.00602148	0.278796	0.0188006	0.0140127	0.0320884	0.0155744	0.0136776	0.0662329	0.0196734	0.0267955	0.0277205	0.188991	0.0473439	0.0110265	0.00236513	0.00632711
192	0.0856974	0.00680925	0.00966837	0.0138012	0.00464166	0.0941862	0.0286959	0.0180006	0.0183226	0.0171383	0.0286698	0.0315096	0.0115042	0.0338712	0.0196045	0.339592	0.193783	0.0187035	0.00301514	0.0227858
