326	20
1	0.0203101	0.0315007	0.00261516	0.00328254	0.241022	0.00471848	0.0371879	0.114642	0.00409755	0.240641	0.0480813	0.00453465	0.00258147	0.00465992	0.0827027	0.0478562	0.0280758	0.0309676	0.0170367	0.0334855
2	0.0243079	0.0074202	0.00337496	0.000549262	0.406161	0.000905396	0.000814792	0.19727	0.000716431	0.220444	0.0217217	0.000829666	0.000717214	0.00704221	0.000732993	0.00203486	0.0048446	0.0968269	0.00041855	0.00286699
3	0.10249	0.00740755	0.00997136	0.0163749	0.00702568	0.0173769	0.00556381	0.0146886	0.0440147	0.0231252	0.0307639	0.0170201	0.450549	0.0415262	0.0165653	0.115381	0.0387706	0.0282186	0.00222048	0.0109467
4	0.0240399	0.00827788	0.0016891	0.000417091	0.0394765	0.00202116	0.000970694	0.430883	0.000954672	0.109282	0.0234554	0.00275704	0.00600022	0.000787115	0.000344013	0.0116556	0.0176095	0.315125	0.000595603	0.00365777
5	0.0502176	0.0132323	0.000317364	0.000370016	0.0660126	0.0111875	0.0010739	0.19659	0.00217961	0.359697	0.053253	0.00330873	0.00524659	0.000929966	0.00194567	0.0158176	0.0459786	0.165912	0.0048238	0.00190602
6	0.0648216	0.00359276	0.0361373	0.0366813	0.00595266	0.0865447	0.0278015	0.00734318	0.130302	0.0216733	0.0103353	0.0567611	0.0295116	0.0643669	0.100335	0.172766	0.095818	0.0370271	0.00131425	0.0109143
7	0.108919	0.0569762	0.00722712	0.00632787	0.0274042	0.0196329	0.0117546	0.154004	0.0530961	0.0523397	0.0292894	0.0156181	0.0585545	0.0138772	0.0116724	0.040286	0.0831564	0.103752	0.130976	0.015137
8	0.0146327	0.00531623	0.00190107	0.00145223	0.0402696	0.00253334	0.00131404	0.243364	0.00298594	0.463988	0.0720075	0.00237216	0.00360541	0.0052006	0.00103009	0.00941543	0.00725594	0.112609	0.00146737	0.00727941
9	0.00309498	0.0138787	0.00135062	0.00153667	0.00188561	0.00185969	0.0677438	0.00783108	0.261447	0.0226784	0.00627876	0.0241846	0.0514173	0.0707651	0.41164	0.0162445	0.0107058	0.00435134	0.00648694	0.0146188
10	0.018522	0.00804645	0.0334575	0.0351087	0.00223686	0.0161131	0.0334179	0.0224049	0.289815	0.00809082	0.0136899	0.0435941	0.00222804	0.0941469	0.204038	0.0769821	0.0748788	0.0164179	0.000647163	0.00616384
11	0.0444346	0.0161832	0.0280997	0.0282077	0.0556574	0.0219285	0.0227284	0.0234304	0.0164825	0.0298859	0.0142362	0.0498889	0.0146066	0.0556662	0.0168073	0.0920191	0.0314142	0.0262518	0.0127871	0.399284
12	0.00581744	0.0149969	0.0010476	0.00592039	0.181256	0.00256028	0.00194924	0.21959	0.0176384	0.188059	0.0037622	0.0145601	0.0460649	0.00217281	0.00175227	0.0127398	0.00786564	0.204282	0.0610824	0.00688286
13	0.00327438	0.0014889	0.00084377	0.00087931	0.0118676	0.00160526	0.0162909	0.00792507	0.556302	0.0032875	0.00683066	0.00655141	0.0133604	0.00645795	0.326526	0.00868974	0.0125998	0.00344848	0.0105406	0.00123021
14	0.036215	0.00159739	0.220871	0.344057	0.00237568	0.0222016	0.0152068	0.0115564	0.0454537	0.00693307	0.0102437	0.044699	0.00649555	0.0765458	0.0284542	0.0710097	0.0449777	0.00891073	0.000870056	0.00132593
15	0.0299525	0.0240474	0.0975655	0.0234959	0.0447339	0.00618142	0.00486906	0.00951505	0.00421483	0.0310891	0.00770215	0.1486	0.0214231	0.0271542	0.00436354	0.0804426	0.0275588	0.0122205	0.0788886	0.315982
16	0.0606273	0.0107783	0.000213377	0.000237502	0.0741531	0.0154191	0.000307022	0.193792	0.00318874	0.401917	0.0293998	0.000963407	0.00468363	0.000758263	0.00172752	0.0135152	0.0243351	0.159125	0.00320453	0.00165456
17	0.053111	0.011575	0.000156852	0.000358915	0.0705466	0.012882	0.000254297	0.188087	0.00237303	0.414881	0.0315767	0.00121088	0.00648549	0.000354684	0.000937761	0.0132758	0.0257757	0.162047	0.00365871	0.000452303
18	0.0878088	0.00371123	0.0409855	0.0367496	0.00419263	0.202573	0.020832	0.0132935	0.0497361	0.0213984	0.00483761	0.0978496	0.0406997	0.045939	0.0377809	0.182345	0.0623613	0.0258638	0.00065581	0.0203865
19	0.0338976	0.0109227	0.448257	0.0661876	0.049021	0.0196891	0.0195653	0.0198109	0.0506949	0.0219574	0.0150406	0.0332748	0.0142094	0.0307141	0.0222036	0.0577299	0.0339658	0.0312666	0.00555626	0.0160354
20	0.0306826	0.00611759	0.000492792	0.000349066	0.0568012	0.00103935	0.00045817	0.391281	0.00119159	0.209481	0.0243088	0.00504104	0.00201268	0.00118186	0.000439669	0.0107057	0.0134993	0.243728	0.0002578	0.000930395
21	0.0339855	0.00807995	0.00121416	0.000441693	0.0128323	0.00576959	0.00114317	0.312016	0.00299348	0.12324	0.040683	0.00217528	0.00596273	0.00343686	0.000551716	0.0140613	0.0373436	0.392321	0.000199766	0.00154923
22	0.0489036	0.0160394	0.0064393	0.00474837	0.0158074	0.0369994	0.033334	0.113226	0.00790834	0.0505075	0.0430058	0.0412312	0.00746007	0.0111383	0.0091473	0.183697	0.256934	0.0775564	0.00645726	0.0294588
23	0.0601959	0.00829536	0.000844614	0.00111895	0.0138173	0.0143504	0.00158466	0.220266	0.0038046	0.126484	0.0408862	0.00247004	0.0025149	0.00413626	0.000931502	0.0205889	0.044647	0.42966	0.000461257	0.00294158
24	0.265235	0.0148607	0.00432393	0.00349873	0.00952626	0.500274	0.00210033	0.00363762	0.0041995	0.00491052	0.00592757	0.00459931	0.00386588	0.00382874	0.00250403	0.131861	0.0166987	0.0119099	0.00206792	0.00417055
25	0.0267888	0.00759154	0.00153156	0.000355204	0.0238902	0.00386589	0.000939704	0.363615	0.00214454	0.117539	0.0382365	0.0026475	0.00843575	0.00198322	0.000477431	0.0133723	0.0335749	0.349108	0.000610737	0.00329237
26	0.0426259	0.00930963	0.000309012	0.000265075	0.0618439	0.0092267	0.000476543	0.238556	0.001925	0.361452	0.0431423	0.00199956	0.00436967	0.000892677	0.00081141	0.0133044	0.0255277	0.180488	0.0027532	0.000721748
27	0.0850079	0.0282413	0.0141937	0.0108887	0.00673533	0.0700352	0.120586	0.0145869	0.0139561	0.0545506	0.0101874	0.0617668	0.0121856	0.116176	0.0456419	0.186993	0.0989833	0.0344181	0.00483853	0.0100283
28	0.0374125	0.00897519	0.00178097	0.00055485	0.0120479	0.00697512	0.00144804	0.293959	0.0027484	0.128432	0.0289234	0.00292987	0.00233141	0.00295646	0.000552321	0.0143403	0.0325254	0.418894	0.000198034	0.00201449
29	0.0407017	0.00791886	0.00286873	0.00662191	0.0265509	0.0103062	0.00875197	0.159175	0.0141749	0.183885	0.060948	0.00960599	0.263281	0.0188719	0.0102269	0.0321335	0.0257876	0.0956844	0.00744472	0.015061
30	0.017474	0.00677321	0.00302947	0.0350938	0.0121494	0.0104461	0.10788	0.05416	0.0254068	0.119441	0.0402668	0.00803866	0.034776	0.344998	0.0706551	0.0209136	0.0564827	0.0216744	0.00379488	0.00654657
31	0.0127786	0.00624734	0.0015026	0.00243849	0.019947	0.00771243	0.00869245	0.201685	0.00267688	0.320192	0.221048	0.00666407	0.00264232	0.00476934	0.0014101	0.0163517	0.0405375	0.110332	0.00489467	0.007477
32	0.597034	0.0172969	0.00121948	0.0064902	0.00269181	0.111775	0.00229883	0.00529221	0.00233399	0.0107534	0.00216597	0.00255285	0.00764146	0.00407786	0.00333658	0.16067	0.0379848	0.0205345	0.00154096	0.00231041
33	0.00675945	0.0398664	0.000897602	0.00210738	0.221572	0.00714206	0.0673088	0.0143283	0.00770549	0.0339583	0.0175515	0.0601589	0.00135627	0.00250761	0.00880435	0.0151633	0.0164184	0.0264443	0.00131308	0.448637
34	0.450974	0.0287895	0.00157193	0.00579876	0.0122737	0.126981	0.00310184	0.00482519	0.00316722	0.00753055	0.00411425	0.00719449	0.00547705	0.00480396	0.0029088	0.264459	0.0344588	0.0155223	0.00757931	0.00846874
35	0.0156265	0.00316937	0.00205062	0.00745119	0.031862	0.0023044	0.00400789	0.172278	0.00656303	0.486144	0.102259	0.00853336	0.00607906	0.0179685	0.00337359	0.0157325	0.00939423	0.0661839	0.00087521	0.0381433
36	0.0203757	0.00409844	0.00160827	0.00507849	0.0321526	0.00375576	0.00369483	0.212231	0.00568097	0.406627	0.0820022	0.00728288	0.0223438	0.0169731	0.00432246	0.0146673	0.0174218	0.113479	0.00285345	0.0233514
37	0.62251	0.0179125	0.000910209	0.00593487	0.0021265	0.0950233	0.00272697	0.00753811	0.00189836	0.0149517	0.00265313	0.00220223	0.0114238	0.00364314	0.00289834	0.133796	0.0419403	0.0268488	0.00117782	0.00188437
38	0.114976	0.0023231	0.0395238	0.0467061	0.0025369	0.170233	0.0192613	0.0123683	0.0364014	0.0183767	0.00567896	0.0892047	0.0147535	0.054089	0.02874	0.248926	0.0564064	0.0172113	0.000487486	0.0217962
39	0.0334695	0.0178269	0.00206405	0.00216956	0.0188901	0.00524692	0.00330348	0.091402	0.00400336	0.217052	0.0171827	0.0042319	0.00335769	0.0496496	0.0154945	0.0116735	0.0415057	0.456489	0.00154212	0.00344527
40	0.0872786	0.00292558	0.107271	0.0701072	0.0041583	0.0729872	0.025275	0.00859332	0.0686533	0.0130428	0.00939803	0.0798195	0.0821513	0.0584013	0.0536772	0.156449	0.0633151	0.0261601	0.000700335	0.00963597
41	0.3411	0.0144597	0.00235704	0.00271102	0.0100632	0.0217418	0.0054551	0.0685437	0.00425887	0.0455608	0.010775	0.00444381	0.260555	0.00401161	0.00851711	0.0727261	0.0421682	0.0749396	0.00203025	0.00358234
42	0.0577291	0.00415655	0.00272289	0.068099	0.00666262	0.036506	0.00393494	0.244634	0.00391309	0.0099276	0.0213497	0.00442257	0.00389283	0.03637	0.050257	0.0938844	0.00790644	0.307207	0.0327278	0.00369591
43	0.00720732	0.0286899	0.00140189	0.00218969	0.223077	0.00695242	0.0502782	0.0124427	0.00624286	0.026367	0.0232752	0.0805164	0.00173545	0.0030421	0.00722871	0.0158388	0.0293512	0.0398731	0.00126496	0.433025
44	0.200654	0.0400199	0.00203979	0.00292759	0.00594693	0.264708	0.00660399	0.00953077	0.00476431	0.0109335	0.00873535	0.018389	0.0612623	0.0169097	0.00596037	0.260939	0.0559406	0.0173351	0.00142934	0.00497111
45	0.0165555	0.00483387	0.00152472	0.00235817	0.0347728	0.00265309	0.00150499	0.273393	0.0034298	0.395016	0.0637163	0.00419282	0.00590023	0.00917551	0.0019956	0.00954187	0.0114763	0.144529	0.00110254	0.0123275
46	0.0404714	0.0212623	0.00464666	0.0062638	0.149471	0.00985922	0.0463109	0.0965921	0.00679608	0.067521	0.0250315	0.0239557	0.0064281	0.00868519	0.0111662	0.0273197	0.0189078	0.0671674	0.00569243	0.356451
47	0.0830101	0.015966	0.00648606	0.00111908	0.00297406	0.0184837	0.00141368	0.0143313	0.0111363	0.00761775	0.00995601	0.0182583	0.00488451	0.00554116	0.00110235	0.284416	0.472485	0.0385811	0.000667456	0.00157021
48	0.247754	0.0309029	0.00316151	0.00162385	0.00952714	0.0779346	0.00529171	0.00389042	0.00531721	0.00785756	0.00900594	0.0234091	0.00967591	0.00639084	0.00217298	0.465862	0.0603917	0.0221319	0.00116362	0.00653476
49	0.0241381	0.00741819	0.0033738	0.000552668	0.408811	0.000910161	0.000852278	0.196128	0.00073656	0.219517	0.0216413	0.00086534	0.000708255	0.00717647	0.000734313	0.00210379	0.00486673	0.0960977	0.000481683	0.0028863
50	0.00929032	0.00302599	0.00136727	0.00198323	0.419187	0.00227079	0.00277834	0.0385352	0.00190038	0.0617627	0.00671719	0.00283939	0.00239392	0.00245274	0.00573539	0.0211344	0.00399883	0.0246797	0.0219758	0.365971
51	0.171787	0.030796	0.00126739	0.0014379	0.00378429	0.0775549	0.0053125	0.0136559	0.00455285	0.0103811	0.0119089	0.022355	0.254316	0.0354536	0.00423739	0.271383	0.06292	0.012322	0.000928413	0.00364632
52	0.137553	0.0773211	0.0022823	0.00269958	0.011779	0.0369487	0.00373559	0.0721425	0.00453576	0.0702264	0.0474659	0.052312	0.0511819	0.0178856	0.00322654	0.106592	0.0339467	0.247522	0.00234582	0.0182979
53	0.0375532	0.00919194	0.000687519	0.000836433	0.0620524	0.00898889	0.000547903	0.206736	0.0024923	0.435133	0.0430183	0.00240374	0.00647863	0.0019709	0.000872903	0.0117424	0.0191885	0.143344	0.00342769	0.00333311
54	0.0206363	0.00249131	0.000709591	0.000938671	0.0287667	0.0065083	0.00201966	0.376213	0.00215537	0.151727	0.0563297	0.0034021	0.0554915	0.00712829	0.00194475	0.0105899	0.0433751	0.211314	0.00739391	0.0108659
55	0.0308884	0.0169321	0.0245508	0.0521782	0.0856153	0.0148793	0.0241445	0.0271368	0.0138265	0.0396654	0.0153632	0.0446371	0.0108992	0.0320521	0.0131268	0.0484963	0.0215443	0.0278619	0.0138071	0.442394
56	0.163794	0.0710611	0.00110357	0.00119159	0.104459	0.0175777	0.00187558	0.0781586	0.00449745	0.102663	0.0909086	0.022649	0.00837025	0.00281563	0.00533582	0.121548	0.0920472	0.0923292	0.000910436	0.0167052
57	0.0243079	0.0074202	0.00337496	0.000549262	0.406161	0.000905396	0.000814792	0.19727	0.000716431	0.220444	0.0217217	0.000829666	0.000717214	0.00704221	0.000732993	0.00203486	0.0048446	0.0968269	0.00041855	0.00286699
58	0.00602059	0.00310417	0.00119553	0.00131027	0.272258	0.0107609	0.00170703	0.0201309	0.00187386	0.380056	0.22735	0.0113204	0.00182703	0.0101449	0.0146766	0.0125244	0.00466422	0.00581596	0.0102646	0.00299433
59	0.17548	0.019897	0.0146507	0.0129788	0.00762139	0.317427	0.00788643	0.00789787	0.0120863	0.0117909	0.0074739	0.0428647	0.0174951	0.0178446	0.010012	0.24512	0.0437987	0.0183741	0.00107397	0.00822617
60	0.0247488	0.017062	0.0133254	0.00165379	0.00215724	0.0171111	0.00157575	0.0100423	0.00879166	0.00827804	0.00843032	0.0227923	0.00208255	0.00722012	0.00114651	0.332726	0.494473	0.0241585	0.000630284	0.00159445
61	0.241716	0.0436171	0.00194604	0.00244485	0.0132352	0.0668434	0.00177808	0.0623438	0.0170339	0.0295989	0.0290389	0.00457238	0.00934796	0.00375243	0.00534823	0.213605	0.0987025	0.144845	0.0020552	0.00817497
62	0.00271826	0.0128934	0.0012842	0.0013021	0.00176143	0.00176881	0.0705296	0.00805639	0.283473	0.0199794	0.00629725	0.0231278	0.0240697	0.0700658	0.424334	0.0150714	0.0108562	0.00392521	0.00507167	0.0134144
63	0.0484267	0.00591212	0.0354721	0.0967744	0.0372244	0.0133973	0.189247	0.0140646	0.0747569	0.0200327	0.0110702	0.04449	0.00626911	0.17078	0.056641	0.0378694	0.0251754	0.0199769	0.00299506	0.0894245
64	0.0448233	0.00598243	0.00123959	0.00134331	0.0220354	0.00459292	0.00124477	0.270947	0.00266316	0.177004	0.0389843	0.0137463	0.00767179	0.00340026	0.000899931	0.0234854	0.0365894	0.340747	0.000658209	0.00194116
65	0.193192	0.0539256	0.00499692	0.00371713	0.037127	0.043604	0.0252748	0.00921584	0.00770558	0.0178447	0.0144585	0.0393543	0.00892038	0.00899793	0.00709433	0.350112	0.0938643	0.0669003	0.00440076	0.00929334
66	0.204494	0.038484	0.00103072	0.000984289	0.00333122	0.0655817	0.00580479	0.0316951	0.00489647	0.0178433	0.0193428	0.0134756	0.110985	0.0188145	0.00500214	0.234931	0.194659	0.0252549	0.000745685	0.00264294
67	0.0205707	0.0249924	0.00727412	0.00470142	0.216795	0.0106757	0.0320498	0.027308	0.0077444	0.0732129	0.0782339	0.0900745	0.00584974	0.00791115	0.00882304	0.0528578	0.025768	0.0384009	0.00591347	0.260843
68	0.321589	0.0364883	0.00147044	0.00247275	0.00347477	0.10556	0.00721984	0.0125855	0.00463875	0.0139542	0.00815034	0.0178942	0.09793	0.021151	0.00600125	0.251225	0.0645326	0.018706	0.00098851	0.00396699
69	0.0268467	0.00623093	0.00182717	0.000529544	0.0340578	0.00352892	0.00108662	0.358569	0.00144819	0.16836	0.0236245	0.00350269	0.00239568	0.00137864	0.00040468	0.0101303	0.0186038	0.334447	0.000512097	0.00251534
70	0.0474719	0.00672005	0.000508207	0.000873161	0.0135101	0.00732032	0.00157585	0.210796	0.00462001	0.197266	0.0749177	0.00422382	0.00569805	0.00407867	0.00088739	0.0181153	0.0588845	0.340115	0.00132749	0.00109123
71	0.13408	0.288174	0.0259721	0.00861828	0.0114531	0.0223634	0.00839297	0.015932	0.00598093	0.0143706	0.0157765	0.00586425	0.00482685	0.00935415	0.00396337	0.37413	0.0203604	0.0218809	0.00307201	0.00543471
72	0.00860022	0.00484651	0.00157373	0.000973642	0.0274787	0.00194138	0.00124543	0.304411	0.00245398	0.38658	0.0853538	0.00208785	0.00338517	0.00387309	0.000625284	0.00733069	0.0126967	0.137842	0.00152145	0.00517939
73	0.0180667	0.00664877	0.0012371	0.00144611	0.0305836	0.00667321	0.00379241	0.225967	0.00239751	0.34396	0.158406	0.00423971	0.00268645	0.00377407	0.0011739	0.0119603	0.0282225	0.140172	0.00326311	0.00532886
74	0.0379978	0.00804139	0.00149954	0.000479469	0.00838455	0.00624018	0.00163479	0.276446	0.00311437	0.118932	0.034837	0.00268141	0.00292086	0.004455	0.000567117	0.015009	0.0416777	0.43327	0.000230541	0.00158117
75	0.156848	0.00682331	0.0240439	0.0422624	0.00404423	0.191979	0.0281821	0.0176408	0.0265137	0.015858	0.0103325	0.0505613	0.00988463	0.0767563	0.0251169	0.209803	0.0552374	0.0169167	0.00134001	0.0298557
76	0.142619	0.0029863	0.0294818	0.05404	0.00260635	0.14369	0.0260146	0.0196993	0.0348563	0.0156303	0.0102234	0.0629332	0.00915415	0.0809487	0.0258496	0.226952	0.0642827	0.0186082	0.000715039	0.0287091
77	0.275452	0.013864	0.00252371	0.001825	0.0121878	0.0286156	0.0026258	0.0912965	0.00479525	0.0343707	0.0152739	0.00508486	0.0628049	0.00324353	0.00681186	0.147128	0.049958	0.235104	0.00116314	0.00587129
78	0.0564222	0.014933	0.000975645	0.00110295	0.0172614	0.00884005	0.00487918	0.223342	0.00442019	0.116621	0.0438024	0.00556631	0.00381362	0.00839137	0.00299957	0.0272662	0.056471	0.397572	0.00133183	0.00398769
79	0.0717699	0.00308686	0.18858	0.115229	0.0333181	0.00400227	0.0138597	0.0488749	0.00400141	0.0632315	0.037683	0.0723389	0.0031549	0.0378967	0.0128543	0.110857	0.0519784	0.123159	0.00136229	0.00276266
80	0.0183102	0.00790678	0.0339696	0.0354903	0.0021788	0.0155297	0.0333686	0.0211268	0.286712	0.00762853	0.0132711	0.0423865	0.00206333	0.0939827	0.208078	0.0796189	0.0757165	0.0160875	0.000597366	0.00597653
81	0.532491	0.0251359	0.00195675	0.00426407	0.00198381	0.0910087	0.00185328	0.0157678	0.00392667	0.0174741	0.00557218	0.00340987	0.00996746	0.00276683	0.00466055	0.182123	0.0513455	0.0414441	0.000551136	0.0022969
82	0.252115	0.0566594	0.000832728	0.000807509	0.0110282	0.0479609	0.000851398	0.0496914	0.0117456	0.0182084	0.0367089	0.00308818	0.00282648	0.00110462	0.00291317	0.228403	0.139017	0.126619	0.000445771	0.00897392
83	0.151472	0.0281222	0.00235409	0.000992119	0.00505254	0.0142833	0.00140875	0.0346374	0.00619149	0.0120303	0.0205383	0.00882395	0.0182145	0.00657588	0.00168853	0.245286	0.401365	0.0384323	0.000769679	0.00176151
84	0.0504037	0.00831894	0.000464926	0.000731579	0.0275261	0.010951	0.000953649	0.197561	0.0051186	0.278182	0.0561955	0.00201165	0.00364947	0.00279505	0.000966124	0.0134395	0.0398586	0.298572	0.00150218	0.000797442
85	0.171944	0.0312784	0.00168431	0.000872636	0.00460032	0.0200732	0.00134108	0.0375093	0.00629384	0.0122598	0.0215108	0.00780545	0.0185281	0.00591918	0.0020245	0.243545	0.367766	0.0422752	0.000679504	0.00208874
86	0.0229889	0.0192922	0.000395375	0.00220705	0.188219	0.00790659	0.0020144	0.0644604	0.00231256	0.512182	0.0580245	0.00292774	0.000903646	0.00326778	0.00380252	0.00766259	0.0120222	0.0722379	0.000602321	0.0165706
87	0.0145869	0.00899078	0.000624859	0.000807788	0.0211574	0.0118412	0.00494204	0.20384	0.00142662	0.287313	0.183767	0.00840656	0.00113639	0.00132792	0.000971764	0.018806	0.071063	0.151021	0.00688522	0.00108527
88	0.250441	0.0569751	0.000814834	0.000803304	0.0112507	0.0471012	0.000877749	0.0501323	0.0117578	0.0179808	0.0371664	0.00311098	0.00272983	0.00112461	0.00287743	0.227967	0.139201	0.128294	0.000464217	0.00893062
89	0.259296	0.016804	0.00784681	0.00796078	0.00829031	0.449944	0.00373196	0.0096368	0.0134509	0.00992665	0.00773881	0.0112321	0.00642394	0.00929007	0.00658377	0.118229	0.025648	0.0200285	0.00195691	0.00597978
90	0.02968	0.00563374	0.000532045	0.000370817	0.0555431	0.000904054	0.000460019	0.394616	0.00112944	0.214765	0.0242203	0.00507154	0.0017093	0.00133737	0.000449586	0.00997307	0.0121594	0.240227	0.000256705	0.000961537
91	0.016691	0.00742042	0.00262226	0.00379294	0.128901	0.00482022	0.00498666	0.32379	0.00378781	0.151669	0.113907	0.00863914	0.00901388	0.00466572	0.00354421	0.0136543	0.0142112	0.106201	0.0121426	0.0655381
92	0.0132079	0.0052063	0.000925794	0.000403681	0.0433351	0.000774939	0.000409659	0.34397	0.00154455	0.342396	0.0475415	0.00188128	0.00155611	0.00248348	0.000433985	0.0054669	0.00567859	0.180175	0.000532034	0.00207759
93	0.168194	0.0276533	0.000830802	0.0011976	0.0566731	0.114044	0.0020357	0.115172	0.0069023	0.26194	0.044124	0.0019819	0.00151103	0.0027879	0.00124376	0.0314522	0.0123935	0.14524	0.00187467	0.00274814
94	0.00607602	0.00346255	0.00121128	0.00133264	0.248589	0.0122756	0.00171279	0.020915	0.00195437	0.383629	0.244961	0.00987044	0.00195197	0.0116109	0.0134076	0.01232	0.00474372	0.00694361	0.010324	0.00270869
95	0.186945	0.0425213	0.0048626	0.00391526	0.0505509	0.233226	0.00555299	0.0112831	0.00629686	0.0151984	0.0105226	0.0124028	0.00658752	0.00817903	0.00607241	0.270383	0.0267631	0.027012	0.0252252	0.0464997
96	0.0558132	0.0113348	0.000135188	0.000178528	0.0713226	0.0134844	0.000246849	0.190877	0.00216688	0.411379	0.0315412	0.000830044	0.00484641	0.000334321	0.000993921	0.0137548	0.0253935	0.161754	0.00334143	0.000271688
97	0.0212836	0.0193611	0.000326603	0.00237977	0.190795	0.00782542	0.00209028	0.0578315	0.00238481	0.521828	0.0604937	0.0031013	0.000633276	0.00358413	0.00402902	0.00727147	0.0111926	0.0663296	0.000458064	0.0168011
98	0.00296729	0.0127027	0.00180397	0.00186429	0.00175129	0.0018354	0.0747536	0.00750094	0.259369	0.0195481	0.00603436	0.0264512	0.0236685	0.0909206	0.420264	0.0152691	0.0107771	0.00451448	0.00498709	0.0130165
99	0.0453289	0.0164044	0.0021671	0.000938487	0.119465	0.0079174	0.00242617	0.203956	0.00160194	0.323081	0.0372123	0.00223719	0.00362011	0.00117087	0.00157734	0.0102476	0.0183069	0.186385	0.00239528	0.0135599
100	0.104532	0.00642162	0.0346847	0.0556729	0.00638662	0.274645	0.0181233	0.0152883	0.0319409	0.0170256	0.00937234	0.059377	0.0163774	0.0592769	0.027112	0.17341	0.0510828	0.0194336	0.00121131	0.0186269
101	0.107339	0.0105398	0.00131207	0.002597	0.113186	0.0586419	0.00239496	0.150939	0.00508014	0.111257	0.022812	0.00292261	0.00535082	0.00534278	0.00449631	0.0523269	0.0222859	0.285235	0.00345473	0.0324845
102	0.0181525	0.00469243	0.00141857	0.000367089	0.03086	0.00174292	0.000726984	0.367179	0.00124486	0.240202	0.0313857	0.00298606	0.00128518	0.00212377	0.000408509	0.00745378	0.0118667	0.273804	0.000198329	0.00190117
103	0.241529	0.0553104	0.00109431	0.000905851	0.0134519	0.0471221	0.00110437	0.0475408	0.0103902	0.0167526	0.0313061	0.00397228	0.00343487	0.00154092	0.00308867	0.244423	0.148358	0.119985	0.000564026	0.00812546
104	0.0916312	0.0215123	0.000997049	0.00353809	0.0559359	0.00506407	0.00343977	0.22299	0.0164125	0.0888428	0.0789446	0.0256154	0.00495625	0.0100149	0.0313084	0.0548672	0.128882	0.141577	0.00426378	0.00920632
105	0.0133877	0.00911367	0.00185107	0.0025002	0.330675	0.00482795	0.00552982	0.0423682	0.00263403	0.120184	0.0154678	0.00433046	0.00514171	0.00327793	0.00861517	0.0228548	0.00616211	0.0386585	0.0444094	0.318011
106	0.0112574	0.00914482	0.000752417	0.00169057	0.201105	0.00817388	0.00259022	0.044607	0.00187939	0.470107	0.156657	0.00704213	0.00165093	0.00772073	0.0124558	0.010088	0.0064192	0.0323185	0.00592003	0.00841958
107	0.299091	0.0318129	0.00231937	0.00226836	0.0064306	0.0912437	0.00517646	0.0114268	0.00458006	0.0113515	0.00878417	0.0173524	0.0429797	0.0108593	0.00373235	0.355855	0.0642057	0.0240881	0.0012485	0.00519368
108	0.0319923	0.00163768	0.227292	0.376821	0.00253966	0.0200889	0.0130881	0.014671	0.0398524	0.00743722	0.0115081	0.0347682	0.00162781	0.0774097	0.0257039	0.058652	0.0439809	0.00885063	0.000694053	0.0013848
109	0.13052	0.0167665	0.00260591	0.00449885	0.00513959	0.0472204	0.00433952	0.0146109	0.00909501	0.0124711	0.0131726	0.0209513	0.33923	0.0593909	0.00534341	0.23671	0.0606984	0.0109789	0.00117086	0.00508614
110	0.019676	0.0150706	0.000729045	0.00282086	0.14522	0.00670976	0.00309558	0.074914	0.00252371	0.529577	0.0746134	0.00427791	0.00129153	0.00546469	0.00402788	0.00797017	0.00833655	0.0737359	0.000760222	0.019185
111	0.0193335	0.00497156	0.00258879	0.000264543	0.0240722	0.00270865	0.00111463	0.393552	0.00115721	0.122931	0.0228248	0.00296918	0.00309541	0.00107951	0.000316744	0.0103251	0.0212407	0.362277	0.000250667	0.0029275
112	0.0882248	0.0025625	0.0405486	0.0435395	0.00362956	0.117929	0.0234534	0.0086022	0.080369	0.019271	0.00749697	0.0695962	0.022527	0.061381	0.0713985	0.224652	0.0732453	0.0262641	0.00066659	0.0146431
113	0.190814	0.0118743	0.00641721	0.00229554	0.00791048	0.641638	0.00158773	0.00305076	0.00467288	0.00384831	0.00728023	0.00400241	0.00213017	0.00287247	0.0020516	0.0842014	0.00860777	0.00984955	0.00138383	0.00351219
114	0.010262	0.00706277	0.00182649	0.00221844	0.396773	0.00402843	0.00850978	0.0383915	0.00302302	0.0858525	0.0109033	0.00816106	0.00262902	0.00322018	0.00597607	0.0200269	0.00612798	0.0285864	0.0178867	0.338534
115	0.0818448	0.0127965	0.000604323	0.00180728	0.0350977	0.00968724	0.00301376	0.206687	0.00583732	0.13434	0.0734249	0.0106495	0.00803722	0.00542846	0.00662035	0.0417737	0.104176	0.24687	0.00426989	0.00703397
116	0.137711	0.0603756	0.00227805	0.00117743	0.0398877	0.0182307	0.00819934	0.0198651	0.00782184	0.0258744	0.0303397	0.0238343	0.00670048	0.00324731	0.0045377	0.244917	0.255922	0.0992793	0.0029253	0.00687547
117	0.203402	0.0117468	0.00631616	0.00243198	0.00747744	0.629057	0.00147757	0.00309126	0.00451898	0.00406614	0.00712661	0.00395063	0.00215951	0.00266039	0.00204373	0.0844264	0.00932926	0.0103502	0.00131957	0.0030487
118	0.51968	0.020404	0.00136094	0.00423143	0.00427455	0.0848747	0.00309205	0.00631424	0.0032062	0.013002	0.0040026	0.00970029	0.00899092	0.00395319	0.00315043	0.232449	0.0472333	0.0262829	0.000717211	0.0030802
119	0.290403	0.0295832	0.00328125	0.00199042	0.0102642	0.0806846	0.00516818	0.00403116	0.00485331	0.00848087	0.00839855	0.022597	0.00722799	0.0058408	0.00239302	0.424313	0.0601002	0.0232217	0.00128927	0.00587863
120	0.0482102	0.0330123	0.0048558	0.00245007	0.121603	0.0024114	0.00590791	0.241049	0.000874497	0.151669	0.0378497	0.00436929	0.00418804	0.00127678	0.00303574	0.0100101	0.0149644	0.276566	0.00252678	0.0331704
121	0.0125074	0.00579039	0.00260915	0.0378511	0.0116296	0.00616552	0.141449	0.0423863	0.00604599	0.128916	0.0374222	0.00568744	0.0178708	0.382456	0.0533866	0.01148	0.0731129	0.0160446	0.00224538	0.00494337
122	0.0255755	0.00475715	0.00196423	0.000501374	0.00911869	0.00498748	0.00118288	0.428881	0.00139569	0.0796781	0.0142005	0.00390633	0.0020034	0.00141241	0.000515486	0.0117963	0.0247018	0.380926	0.000255245	0.00224113
123	0.0541039	0.0127556	0.000149296	0.000249872	0.0842412	0.0130914	0.000264344	0.181795	0.00212361	0.410658	0.0318619	0.000864069	0.00479577	0.000449916	0.00101944	0.013666	0.0269392	0.156931	0.00333739	0.000703188
124	0.0564033	0.0101119	0.000819134	0.000673928	0.0504729	0.00608886	0.00234175	0.300967	0.00333174	0.108095	0.0617626	0.00958155	0.00761772	0.00302846	0.00543446	0.0300667	0.0918775	0.238535	0.00422144	0.00856962
125	0.213806	0.0277229	0.00720186	0.00786019	0.00984006	0.0814029	0.0151011	0.00621127	0.0105389	0.0106229	0.00871201	0.0327327	0.0123233	0.0173701	0.0109809	0.412802	0.0755035	0.0297187	0.00163578	0.00791282
126	0.0412161	0.0138789	0.0159634	0.0786769	0.0638613	0.016693	0.0346298	0.0389789	0.0240325	0.0689823	0.0708857	0.0198639	0.0151585	0.270101	0.0336873	0.0374842	0.0377762	0.092661	0.00687065	0.0185989
127	0.055294	0.0112831	0.000139255	0.000180817	0.0705423	0.0132482	0.000244876	0.190939	0.00219396	0.411317	0.0324649	0.000878463	0.00490761	0.000364266	0.000964299	0.0135262	0.025391	0.162478	0.00334457	0.000298177
128	0.0806076	0.00641661	0.0272112	0.0384529	0.00837158	0.0720114	0.0159328	0.00987307	0.121403	0.0195813	0.0103082	0.0611396	0.155426	0.0534157	0.0907444	0.103415	0.0848889	0.0304679	0.00194318	0.00838922
129	0.0374452	0.00362445	0.044266	0.0428327	0.03903	0.0217571	0.10815	0.024417	0.0632112	0.098227	0.00568761	0.12597	0.051743	0.0211597	0.00388399	0.0944992	0.106047	0.0224157	0.0016322	0.0840014
130	0.0137581	0.00849027	0.000650359	0.000807755	0.0205431	0.0110089	0.00493324	0.208719	0.00153398	0.283202	0.184764	0.00869209	0.00100173	0.00139877	0.00105967	0.0188319	0.0696477	0.153172	0.00661408	0.00117093
131	0.0211078	0.0190361	0.000341313	0.0023401	0.194327	0.00764511	0.00207457	0.0585481	0.00236818	0.519465	0.0599325	0.00309502	0.00063545	0.00367724	0.00398683	0.00721183	0.0112138	0.0661049	0.0004836	0.0164053
132	0.0334618	0.00427528	0.0011908	0.00186671	0.0436746	0.0031414	0.00308911	0.317062	0.00149253	0.145494	0.0475257	0.00394332	0.054657	0.00316279	0.00197681	0.0115176	0.0245608	0.260424	0.014339	0.0231451
133	0.373332	0.0893017	0.00210638	0.00180415	0.00604194	0.0527253	0.019262	0.0328703	0.00397084	0.0184925	0.039515	0.00674076	0.118307	0.00684625	0.00489552	0.0697009	0.0641347	0.0847675	0.001827	0.00335848
134	0.159656	0.0654658	0.0986655	0.0480699	0.0114083	0.00847076	0.00867336	0.00853398	0.00331921	0.00918635	0.0066518	0.00547753	0.015561	0.021466	0.00315654	0.257174	0.210602	0.0253683	0.00168034	0.0314133
135	0.0511145	0.0111689	0.000205946	0.000228403	0.0681873	0.0119809	0.00025254	0.197745	0.00228367	0.411818	0.0341573	0.000956636	0.00494371	0.000575467	0.000883915	0.0124434	0.0234329	0.163972	0.0031709	0.000478245
136	0.0353507	0.00850484	0.00194608	0.000588464	0.00800456	0.00791056	0.00143699	0.295107	0.00265303	0.123301	0.0268862	0.00257332	0.00207416	0.00266005	0.000396911	0.0134548	0.0318407	0.433398	0.000188171	0.00172394
137	0.0903096	0.0168616	0.00079627	0.000877193	0.0627857	0.0146293	0.00455384	0.295566	0.00421494	0.0819474	0.0671775	0.0174954	0.00581888	0.00264809	0.00932753	0.0328293	0.119924	0.148516	0.00940401	0.0143177
138	0.313968	0.0295843	0.00279818	0.0029171	0.00809055	0.089547	0.00422216	0.00495592	0.00462092	0.00848403	0.00720117	0.0172592	0.00652013	0.0049981	0.00248326	0.409056	0.0545169	0.0220519	0.0014627	0.0052622
139	0.0560304	0.0114007	0.000136434	0.000176138	0.0713319	0.0136044	0.000246844	0.190545	0.00216973	0.411742	0.0315681	0.000819744	0.00482985	0.000335606	0.000993388	0.0138279	0.0256041	0.16099	0.00338209	0.000265535
140	0.0350846	0.00788493	0.0014841	0.000564928	0.0151945	0.00692436	0.00113131	0.316409	0.00250685	0.13643	0.0301727	0.00333946	0.00273009	0.00215301	0.000351608	0.0145611	0.0299607	0.391381	0.000173112	0.00156235
141	0.178415	0.0649872	0.00123494	0.000969163	0.0259368	0.0349122	0.00276743	0.0377979	0.00828868	0.0168597	0.0270461	0.00860055	0.00377843	0.00216571	0.00258224	0.244424	0.21043	0.119722	0.00120244	0.00787946
142	0.0486804	0.00934733	0.00217065	0.00132689	0.0654084	0.00404494	0.00187512	0.334742	0.00143576	0.113433	0.0535272	0.00441374	0.00720595	0.00155738	0.00148629	0.0134459	0.0291855	0.288659	0.00218953	0.015865
143	0.0286171	0.00453692	0.00516023	0.0110314	0.00682896	0.0120722	0.00655669	0.0105142	0.0447267	0.0294033	0.0114434	0.0165484	0.596195	0.0560627	0.0154207	0.0814147	0.0269347	0.0172008	0.00186596	0.0174663
144	0.0313857	0.00859861	0.000612506	0.000541206	0.066037	0.00146073	0.000598415	0.386447	0.00115983	0.20608	0.0243013	0.00392469	0.00264548	0.000989218	0.000470373	0.00963311	0.0126921	0.239565	0.000505982	0.00235117
145	0.0281026	0.00467071	0.00238279	0.00804353	0.00669006	0.00872713	0.00537664	0.0104362	0.038095	0.025456	0.0111668	0.0133111	0.663599	0.0467328	0.0105462	0.0649931	0.0244342	0.0151224	0.00133024	0.0107834
146	0.0945089	0.0057875	0.0012795	0.00148157	0.035513	0.0543048	0.0117462	0.305749	0.00303512	0.0458594	0.0886593	0.00846707	0.00546386	0.00244352	0.00441259	0.0237595	0.125486	0.139652	0.0335979	0.00879344
147	0.0326636	0.00160674	0.223607	0.374013	0.00309686	0.0201424	0.0136609	0.0145152	0.0400959	0.00756361	0.011412	0.0355143	0.00198304	0.0788484	0.0261534	0.0595644	0.0437912	0.00930003	0.000717238	0.00175041
148	0.0188818	0.00622493	0.00103789	0.000439189	0.0470756	0.00297418	0.000538475	0.298968	0.00199542	0.387349	0.0500706	0.00177665	0.00248055	0.00241901	0.000576078	0.00700696	0.00869401	0.157887	0.0012097	0.00239516
149	0.0328732	0.0112815	0.00109945	0.000729052	0.0880469	0.00161917	0.00108207	0.359627	0.00106272	0.205545	0.0254373	0.00354696	0.00328342	0.00106127	0.000705296	0.00906956	0.0127023	0.235028	0.000880267	0.00531932
150	0.0521883	0.00875734	0.000774189	0.000788769	0.00786474	0.00917029	0.00163866	0.221619	0.00432643	0.13473	0.0443565	0.00235688	0.00257493	0.0051394	0.000938019	0.0162234	0.0460511	0.438893	0.000252223	0.00135668
151	0.0335693	0.00704672	0.00167776	0.000534023	0.0135179	0.00574463	0.00143003	0.304833	0.00366069	0.13364	0.030865	0.00305978	0.00295104	0.00288	0.000467626	0.0143759	0.0340987	0.403569	0.000276737	0.00180127
152	0.0179563	0.00307884	0.00164114	0.000427851	0.0071353	0.00432535	0.000975827	0.508273	0.000942757	0.0613236	0.00857484	0.00397766	0.00192807	0.000929768	0.000587901	0.0102351	0.0204278	0.345309	0.00029798	0.00165177
153	0.0947335	0.00632532	0.000717015	0.00316357	0.0353263	0.0292956	0.00112869	0.233157	0.00411787	0.135538	0.032616	0.00143005	0.00149065	0.00397857	0.00075136	0.0242845	0.0290521	0.355841	0.000489013	0.00656316
154	0.349415	0.0194569	0.0101691	0.00357795	0.00267066	0.204559	0.00157745	0.0265334	0.00470416	0.0185198	0.0103834	0.00268015	0.00413407	0.00375239	0.0155594	0.199437	0.066198	0.0536577	0.000749367	0.00226448
155	0.196518	0.0370821	0.00139552	0.00132608	0.00642427	0.0254955	0.00153335	0.0504795	0.007005	0.0136015	0.0221748	0.00566556	0.0130659	0.00490802	0.0024066	0.205632	0.346252	0.0539187	0.00081991	0.00429528
156	0.0863352	0.0119997	0.000311777	0.000449214	0.0573356	0.0422139	0.00194755	0.17436	0.00316326	0.37523	0.0305455	0.000993977	0.00397439	0.00140806	0.00108203	0.0181738	0.0256713	0.158935	0.00524881	0.000621098
157	0.0557616	0.00191196	0.107185	0.113114	0.00757261	0.00542735	0.0876417	0.00547714	0.0697804	0.0376235	0.00397149	0.152413	0.0350007	0.0132063	0.00573549	0.0957161	0.116793	0.046765	0.00166289	0.0372408
158	0.0149441	0.0048883	0.00101825	0.000615946	0.0315131	0.00239893	0.000654205	0.374218	0.00230959	0.285332	0.0535882	0.00192882	0.00350716	0.00290671	0.00071176	0.00663522	0.0128821	0.19669	0.000829015	0.00242781
159	0.0259931	0.00235957	0.0124476	0.0191068	0.0033383	0.0238914	0.00893702	0.00633983	0.0783106	0.0179038	0.00752986	0.0326094	0.509423	0.0491941	0.0434588	0.0815659	0.0487274	0.0206943	0.000765118	0.00740424
160	0.0581334	0.00324467	0.0278754	0.0324216	0.00605395	0.0623105	0.0226737	0.0158496	0.143066	0.0352234	0.0184099	0.0504412	0.0299316	0.0686795	0.114223	0.158627	0.0984897	0.045556	0.00163275	0.00715715
161	0.0881085	0.00545781	0.0349931	0.0447894	0.00474943	0.218512	0.0197107	0.0124405	0.0520333	0.0182828	0.00782995	0.0655553	0.0229332	0.0515148	0.0499074	0.190737	0.0717448	0.0233223	0.0011159	0.0162611
162	0.0253269	0.0112682	0.00343545	0.000748392	0.36469	0.00356506	0.00251855	0.173134	0.000933522	0.230492	0.0329895	0.00171943	0.000769687	0.00525043	0.00209666	0.00510482	0.00664686	0.110395	0.00104233	0.0178726
163	0.0351646	0.00758743	0.00260296	0.0470424	0.00919112	0.0313551	0.0213517	0.0778442	0.0992409	0.0999146	0.0845491	0.0156556	0.0956163	0.0938671	0.0982598	0.0887144	0.026908	0.0548551	0.00523266	0.0050471
164	0.246746	0.00317114	0.026563	0.0497178	0.00566813	0.00533074	0.00387092	0.0150207	0.0355543	0.0157521	0.0174346	0.0142351	0.254734	0.0262461	0.0229507	0.124816	0.0669089	0.0428819	0.00100796	0.0213899
165	0.0186381	0.0114888	0.00123423	0.00531349	0.131775	0.00387635	0.00322806	0.225978	0.0122248	0.169066	0.0174671	0.0117295	0.097685	0.00360631	0.00325369	0.0139976	0.0181108	0.192521	0.04652	0.0122873
166	0.0544293	0.00520293	0.00403449	0.0325359	0.00730685	0.0103498	0.0148347	0.092694	0.115104	0.0767786	0.0487065	0.0352714	0.00390974	0.0910485	0.100012	0.0979937	0.112795	0.0943456	0.000981773	0.00166457
167	0.109229	0.0028172	0.00119309	0.00973133	0.0318807	0.0114499	0.0019674	0.076223	0.00222449	0.297475	0.0446546	0.0295263	0.0475959	0.011933	0.0021041	0.0606182	0.0621936	0.193594	0.00126298	0.00232704
168	0.0332311	0.00492168	0.00192013	0.00723637	0.00781121	0.00748919	0.00574159	0.0145135	0.0355422	0.0338915	0.0124005	0.0122125	0.637161	0.0456089	0.0102099	0.074607	0.025655	0.0174644	0.00139537	0.0109874
169	0.0731849	0.00339287	0.2149	0.0897316	0.00254786	0.0191844	0.0321244	0.00657134	0.0448386	0.0124784	0.0157777	0.138696	0.0602664	0.0321822	0.039779	0.123517	0.0538831	0.0291297	0.0021287	0.00568505
170	0.134884	0.00690456	0.000779137	0.00256645	0.0846366	0.0439181	0.00144205	0.218382	0.00819282	0.157295	0.0240514	0.00174063	0.00129826	0.00793545	0.00234947	0.0249907	0.0152495	0.247353	0.000914444	0.0151155
171	0.0870127	0.00347572	0.00154591	0.00192638	0.00428837	0.210891	0.00452835	0.0712074	0.0126387	0.120153	0.016025	0.00302274	0.0737354	0.0150338	0.0128116	0.099071	0.0504016	0.188828	0.0108772	0.0125254
172	0.0350282	0.0020911	0.478579	0.0882013	0.00393339	0.0150194	0.0291712	0.00361477	0.0196896	0.00859946	0.00543653	0.078073	0.0343717	0.0149198	0.014698	0.0893907	0.0477771	0.0137022	0.00631503	0.0113884
173	0.58171	0.0204297	0.000680701	0.00608794	0.00340608	0.102442	0.00322122	0.00385143	0.00232277	0.00934996	0.00188476	0.00426239	0.00693264	0.00428981	0.0026429	0.187045	0.0374656	0.0176056	0.00162428	0.00274635
174	0.0243463	0.00746651	0.00341354	0.000554869	0.40564	0.000904746	0.000841126	0.197349	0.000718705	0.220255	0.0218564	0.000858064	0.000719207	0.00700536	0.000743789	0.00205491	0.00483559	0.0970263	0.000424136	0.00298605
175	0.333209	0.0094357	0.0020027	0.00239167	0.0164304	0.0334469	0.00435362	0.0857998	0.00367304	0.0324142	0.00826139	0.00418577	0.177259	0.0045877	0.0147143	0.140702	0.0446458	0.0776345	0.00153092	0.00332194
176	0.0213546	0.00445941	0.000791021	0.000430295	0.0295109	0.00302937	0.000700451	0.425288	0.0037423	0.176476	0.0455572	0.00290484	0.00870492	0.00208797	0.000590351	0.00935264	0.0249864	0.237288	0.000833235	0.00191177
177	0.614071	0.0156975	0.00117547	0.00765815	0.00220245	0.102373	0.00189066	0.00528878	0.00248048	0.0119719	0.00187088	0.00199035	0.00598498	0.00390281	0.00406076	0.155258	0.0373385	0.0215171	0.00137681	0.00188975
178	0.0214339	0.00591037	0.00137928	0.000314176	0.0407645	0.00173071	0.000672602	0.423391	0.00116839	0.144173	0.0296156	0.00292987	0.00437536	0.0010469	0.000338748	0.0103193	0.0169522	0.290526	0.000349779	0.00260789
179	0.0223199	0.00584436	0.00371268	0.000584508	0.018139	0.00372716	0.00172249	0.351418	0.00126567	0.110126	0.0194793	0.00338412	0.00326771	0.00132547	0.000421369	0.0112017	0.0235083	0.412111	0.000706339	0.00573485
180	0.331038	0.0229532	0.00962366	0.0028874	0.00281419	0.200068	0.00135011	0.0292499	0.00503058	0.0193684	0.0112911	0.00264035	0.00471584	0.00266627	0.0152388	0.208914	0.0695471	0.0576791	0.000663589	0.00226023
181	0.0283822	0.00911669	0.00195244	0.0030449	0.294077	0.00541779	0.0128832	0.0357618	0.00426095	0.0340825	0.0217983	0.0148936	0.00317933	0.0048582	0.0172084	0.0533816	0.00919176	0.048326	0.00948146	0.388701
182	0.256186	0.0543865	0.00117794	0.000823638	0.0106287	0.048662	0.000974568	0.048631	0.0123371	0.0194312	0.0358075	0.00339849	0.00367591	0.00119169	0.00329459	0.227538	0.13272	0.130407	0.000440202	0.00828844
183	0.03569	0.00763959	0.00175657	0.000911977	0.0526449	0.00272169	0.00147374	0.359886	0.00187956	0.107227	0.0557075	0.00734321	0.0101228	0.00202686	0.0020052	0.016883	0.0408583	0.274858	0.00287758	0.0154873
184	0.0929503	0.040799	0.0360401	0.00593594	0.00762516	0.0683759	0.0664004	0.0278799	0.00585228	0.0197078	0.0223763	0.0960446	0.00617939	0.0382332	0.025291	0.182233	0.200063	0.0334329	0.0169394	0.00764087
185	0.0422559	0.0238209	0.00657429	0.00266744	0.107476	0.00207028	0.00654195	0.243187	0.000572143	0.145443	0.0445447	0.00429676	0.00490961	0.000967396	0.00293706	0.00905656	0.0166071	0.289504	0.00300189	0.0435658
186	0.226724	0.0280909	0.00298364	0.00246135	0.0143017	0.0603229	0.00513541	0.00660607	0.00475717	0.00892914	0.0132594	0.0194616	0.00726388	0.0118731	0.00272407	0.470158	0.0805015	0.0276696	0.00115727	0.00561867
187	0.0165326	0.00312573	0.00203402	0.00833201	0.0332101	0.00249165	0.00361883	0.18148	0.0065716	0.475076	0.0990448	0.00849932	0.00574996	0.0177548	0.00332593	0.0147776	0.00916454	0.0708387	0.000880922	0.0374901
188	0.55365	0.0222604	0.000838084	0.00541145	0.00300731	0.109719	0.00320426	0.00505269	0.00210306	0.00978361	0.00272632	0.00588717	0.0156342	0.00583467	0.00287736	0.18836	0.0409588	0.017301	0.00146782	0.00392184
189	0.0355378	0.00669535	0.00676449	0.0412357	0.0103605	0.015417	0.0193562	0.069941	0.167279	0.0950054	0.0606391	0.0328035	0.00914205	0.0923126	0.128911	0.0786032	0.056497	0.0615573	0.0070133	0.00492921
190	0.0151982	0.00881406	0.000595808	0.000841427	0.0204433	0.0115155	0.00540271	0.208981	0.00143417	0.272292	0.186383	0.00944007	0.00190567	0.00143142	0.0012903	0.020165	0.0760588	0.148092	0.00784382	0.00187169
