299	20
1	0.045211	0.00904545	0.124537	0.0629701	0.00250657	0.0904541	0.0415056	0.00973169	0.0554525	0.0191271	0.00410579	0.203226	0.0195828	0.0224767	0.0350212	0.132748	0.08246	0.0260742	0.000878521	0.0128845
2	0.0618118	0.00677062	0.0438615	0.0627578	0.0750455	0.0163247	0.0862542	0.034542	0.0712065	0.0287402	0.0143437	0.0379121	0.0283817	0.04371	0.032433	0.0559985	0.0410629	0.0389701	0.0147359	0.205137
3	0.0471417	0.00713768	0.130875	0.0836036	0.00268232	0.0666245	0.0255335	0.00959359	0.0390038	0.0229501	0.00384151	0.186608	0.0143384	0.0199453	0.0253055	0.1746	0.0930922	0.0319119	0.000862211	0.0143493
4	0.0288468	0.00283412	0.00874872	0.0120615	0.00608244	0.00406765	0.00725051	0.0167917	0.157629	0.0161587	0.00487156	0.0470715	0.261121	0.0274829	0.111962	0.068115	0.103242	0.0940275	0.00270314	0.0189332
5	0.0159534	0.00654876	0.0422662	0.0438698	0.0442225	0.0501407	0.0160873	0.0960203	0.0155427	0.145914	0.180378	0.0955606	0.006677	0.027679	0.0509299	0.0251243	0.0325955	0.0297675	0.00624811	0.0684747
6	0.175778	0.0207436	0.0361491	0.0938768	0.0153829	0.0293483	0.00885561	0.108033	0.0158568	0.0257186	0.0149596	0.0247244	0.00814717	0.0174715	0.0214913	0.0749174	0.0819299	0.204334	0.00598062	0.0163022
7	0.0290333	0.00841009	0.0162155	0.031468	0.0217856	0.0149999	0.0316435	0.0835917	0.103556	0.0661428	0.0290552	0.0395212	0.0138288	0.0572296	0.251779	0.0514541	0.0497362	0.0697574	0.0102631	0.0205288
8	0.115997	0.00824837	0.0203332	0.021437	0.00830572	0.0317312	0.0118691	0.0236994	0.0234215	0.0158063	0.0187599	0.0117677	0.399162	0.0465411	0.0277813	0.10941	0.0629615	0.0314251	0.00304536	0.00829722
9	0.0440614	0.0156325	0.00160081	0.00516939	0.0202955	0.0078776	0.00212591	0.292543	0.00195295	0.089643	0.0214935	0.0145007	0.00104727	0.00956001	0.00878325	0.0213842	0.0602156	0.375788	0.000972465	0.00535254
10	0.102854	0.00245931	0.0107082	0.100924	0.0622684	0.0486604	0.047338	0.0383351	0.0678362	0.0806378	0.025472	0.0143938	0.0128082	0.0934144	0.0410394	0.097913	0.0390266	0.0701762	0.00260044	0.0411353
11	0.0323061	0.00409612	0.161751	0.0860371	0.011067	0.02244	0.0714907	0.0472489	0.0440574	0.0306728	0.0116673	0.18217	0.00918359	0.0592439	0.0263274	0.0619284	0.045293	0.0372868	0.00331378	0.0524186
12	0.0686964	0.00365706	0.170608	0.175378	0.0147251	0.0274911	0.0724285	0.0231219	0.0731862	0.0329677	0.0157978	0.0672736	0.0224634	0.0454691	0.0116526	0.0985507	0.0367848	0.0198544	0.00272012	0.0171738
13	0.0560031	0.00844634	0.0824849	0.0554289	0.00403913	0.0629774	0.0225335	0.0130175	0.0520253	0.0199609	0.00774917	0.123009	0.0167911	0.0279116	0.0383017	0.242701	0.124504	0.0285232	0.000623345	0.0129688
14	0.0564171	0.00129718	0.196033	0.189725	0.0151469	0.0101562	0.0876235	0.0342288	0.0835915	0.0413907	0.0168701	0.0577207	0.00911157	0.057655	0.00547612	0.0574595	0.035416	0.0191081	0.00292982	0.0226435
15	0.117729	0.00178541	0.00215464	0.00257584	0.0032164	0.0157655	0.0105301	0.0184559	0.0182278	0.00822744	0.0196549	0.00292712	0.501446	0.0515434	0.0280997	0.105583	0.0622361	0.0240373	0.00315101	0.0026548
16	0.0279651	0.00942379	0.000685994	0.00389868	0.0192937	0.00263289	0.00179921	0.336584	0.00108091	0.125056	0.0307039	0.0122234	0.00074019	0.00804736	0.00823522	0.00922999	0.049866	0.345873	0.0006785	0.00598202
17	0.0138882	0.00210219	0.0511388	0.116177	0.012507	0.00348161	0.00359571	0.138327	0.0536475	0.0580105	0.0465132	0.0640242	0.0163807	0.0691859	0.0173483	0.0164645	0.0925794	0.20623	0.0135486	0.00484844
18	0.0325725	0.00260038	0.0228957	0.0623431	0.03565	0.0139079	0.106128	0.0392183	0.150841	0.048986	0.0117335	0.0591893	0.0052599	0.0754658	0.0511896	0.11934	0.0757726	0.0477211	0.00380352	0.0353814
19	0.0122437	0.00805474	0.000497822	0.00136934	0.0711906	0.00215958	0.00252463	0.197716	0.00176826	0.40776	0.0913145	0.00855239	0.00103167	0.00518305	0.00424214	0.00648098	0.0144926	0.141146	0.00704767	0.0152243
20	0.0192854	0.0139532	0.0399968	0.0278893	0.00640049	0.280078	0.0537527	0.0139315	0.112369	0.0104346	0.025057	0.044795	0.00729254	0.0265952	0.065288	0.122906	0.105982	0.0140557	0.00251172	0.00742648
21	0.0140424	0.00834945	0.00044556	0.00146408	0.0718661	0.00258115	0.00284449	0.230383	0.00168131	0.353411	0.0880811	0.00844511	0.0011844	0.00453131	0.00408742	0.00605204	0.0165029	0.160676	0.0077434	0.0156276
22	0.0715074	0.0283601	0.0176679	0.0128197	0.0585781	0.0111608	0.0237657	0.0954052	0.0121434	0.0811255	0.0277809	0.035045	0.00365355	0.0122359	0.00675783	0.163302	0.215146	0.083243	0.00190106	0.0384015
23	0.0124061	0.00835971	0.000728423	0.00135341	0.0783694	0.00214573	0.00237011	0.177357	0.00206667	0.431525	0.0912223	0.00876798	0.000989045	0.00528722	0.00454914	0.00702632	0.0136934	0.127283	0.00708038	0.0174203
24	0.0127311	0.00481833	0.0143556	0.0159672	0.0293512	0.0708498	0.0324796	0.108452	0.0243648	0.121591	0.0971409	0.139338	0.00633456	0.0998505	0.0484938	0.0328328	0.0671235	0.050123	0.00407375	0.0197289
25	0.0579611	0.00574593	0.0290279	0.0459675	0.0151855	0.01723	0.0695696	0.0430428	0.101986	0.0682756	0.0227987	0.0460153	0.0215964	0.0982115	0.108761	0.0947469	0.0775414	0.0463733	0.00376606	0.0261973
26	0.0438692	0.013538	0.00209902	0.00756236	0.031312	0.00959188	0.00424485	0.287378	0.00718937	0.140175	0.0397309	0.0128066	0.00285612	0.00869392	0.0155164	0.0284893	0.0521107	0.28079	0.00337486	0.00867121
27	0.0162428	0.0074376	0.000483475	0.00197407	0.0647341	0.00335172	0.00299008	0.268523	0.00192086	0.293966	0.0840118	0.00915685	0.00147028	0.00537303	0.00402386	0.00587569	0.0217872	0.186577	0.00658595	0.0135147
28	0.0181171	0.00194375	0.350912	0.214848	0.00572962	0.00567563	0.0077992	0.00673335	0.0388086	0.0189381	0.00362318	0.179246	0.00251695	0.0390101	0.0227	0.0569658	0.0103681	0.0100378	0.00129043	0.00473606
29	0.022408	0.00568843	0.170194	0.0679461	0.00709612	0.034413	0.0327674	0.0155633	0.0258441	0.0152042	0.00331556	0.292244	0.00911396	0.0193379	0.0271766	0.138037	0.0693017	0.0306648	0.00130313	0.0123813
30	0.0828359	0.0106084	0.102024	0.131453	0.0155664	0.0670395	0.0261146	0.0238565	0.0463634	0.0298778	0.012824	0.0717666	0.02535	0.0426642	0.030689	0.156605	0.0680456	0.037263	0.00234036	0.0167125
31	0.00478936	0.0017652	0.00630956	0.0431954	0.00999487	0.00630344	0.0350592	0.0106674	0.206101	0.0214028	0.0133786	0.0257296	0.00159874	0.0920223	0.455902	0.0314007	0.0107588	0.0127088	0.00177986	0.00913276
32	0.0337532	0.00294074	0.102446	0.112222	0.0174979	0.0211898	0.0875715	0.0534046	0.0585272	0.0512284	0.0142104	0.144039	0.00824112	0.0650189	0.031095	0.062619	0.0497323	0.0356554	0.0035521	0.0450553
33	0.0386533	0.00352228	0.200244	0.193367	0.00931109	0.0166505	0.0344556	0.0242899	0.0581939	0.0257831	0.00964204	0.119724	0.0132784	0.0658801	0.0368089	0.0702728	0.0355025	0.027279	0.00228986	0.0148516
34	0.0279574	0.00945972	0.000687557	0.00384953	0.0196924	0.00258739	0.0016942	0.338812	0.00111075	0.125539	0.0316817	0.0120376	0.00078166	0.00810199	0.0082338	0.00902656	0.0495886	0.342587	0.00073703	0.00583412
35	0.0144051	0.00687979	0.000536505	0.00186349	0.0657299	0.00265684	0.00278357	0.248559	0.00186416	0.329699	0.0936872	0.00840405	0.0012845	0.00562693	0.0038294	0.00684417	0.0187808	0.163994	0.00730657	0.0152663
36	0.0178769	0.00314876	0.0358743	0.0620546	0.0183658	0.0104045	0.0635389	0.09677	0.0277028	0.0492453	0.020986	0.0458355	0.00963485	0.0675182	0.0268848	0.109368	0.191519	0.0888484	0.00227755	0.0521454
37	0.0669013	0.053851	0.0073762	0.00474809	0.0293469	0.0206544	0.00701244	0.13073	0.00748538	0.0889001	0.0219955	0.0257082	0.00271872	0.00539244	0.00372206	0.20188	0.202476	0.109743	0.00104297	0.00831495
38	0.0289067	0.00721889	0.0179861	0.0279029	0.0177493	0.0271431	0.0590047	0.0928058	0.0659607	0.0875931	0.0529578	0.0910213	0.00522589	0.0845657	0.101446	0.0775969	0.0628531	0.0649855	0.00368968	0.0233872
39	0.12033	0.0290486	0.000598706	0.00115729	0.0689208	0.0271248	0.00212154	0.186938	0.00294213	0.181571	0.0815589	0.00139511	0.0057516	0.00128001	0.0061656	0.0359488	0.0545926	0.184545	0.00212953	0.00588054
40	0.0206149	0.0158926	0.00589046	0.00568162	0.261932	0.00462028	0.0118803	0.0583578	0.0103278	0.0922804	0.0477565	0.00950242	0.00291646	0.00521934	0.00944578	0.0107215	0.0137911	0.055202	0.247589	0.110378
41	0.0176931	0.00845463	0.000496306	0.00164236	0.067612	0.00368457	0.00263204	0.223839	0.00210272	0.360788	0.0903885	0.00844371	0.00139465	0.00479106	0.00409089	0.0072615	0.0187753	0.155756	0.00648252	0.0136708
42	0.0337457	0.00210935	0.0557528	0.0663466	0.0234848	0.029662	0.0916456	0.0534243	0.0734032	0.0455034	0.0105623	0.0709786	0.00456351	0.0792944	0.066874	0.11245	0.0765656	0.0535466	0.00300963	0.0470779
43	0.0133087	0.0266074	0.00620445	0.00871804	0.0961099	0.00547091	0.0352939	0.0174303	0.0207437	0.0242779	0.0156138	0.00931291	0.00847163	0.0114205	0.0219369	0.0240232	0.0230539	0.0220108	0.571037	0.0389538
44	0.0087705	0.00333584	0.0203003	0.0263963	0.0410386	0.00548151	0.0294975	0.0980831	0.042407	0.0123564	0.0672813	0.130961	0.00431564	0.0102472	0.0701263	0.03672	0.208954	0.118971	0.00271917	0.0620373
45	0.0415993	0.00272388	0.259853	0.204132	0.0103577	0.0152208	0.037233	0.0185156	0.0649997	0.0266938	0.00930933	0.102901	0.0128658	0.0479243	0.0202452	0.0705324	0.024887	0.0156925	0.00213542	0.0121788
46	0.0626558	0.00494795	0.0061496	0.0753124	0.0988201	0.0219204	0.141067	0.0604795	0.0264502	0.0103377	0.0226394	0.00987186	0.0373057	0.0240284	0.00966305	0.0142508	0.0311077	0.0647232	0.0196851	0.258585
47	0.025562	0.00305025	0.0104857	0.0375811	0.00946586	0.0081292	0.059634	0.0282145	0.194239	0.0367614	0.0211431	0.0564728	0.00456581	0.085022	0.16323	0.0804186	0.0946766	0.0473023	0.0019109	0.0321343
48	0.00765018	0.0075489	0.00107546	0.00144167	0.0769772	0.00175906	0.00192014	0.107597	0.00298838	0.530433	0.109478	0.00900291	0.00105674	0.00711631	0.00695372	0.00679565	0.0104241	0.0872139	0.00747301	0.0150938
49	0.023301	0.00246166	0.00377663	0.0409027	0.00613852	0.00625224	0.0485508	0.0308883	0.221107	0.0251821	0.0304713	0.0483236	0.0010875	0.0932699	0.188144	0.0704261	0.0924003	0.0555742	0.000570071	0.0111726
50	0.0141229	0.0254015	0.00617224	0.00836119	0.098404	0.00570607	0.0347845	0.0176509	0.0194047	0.0242745	0.0153626	0.00970956	0.00736484	0.0114803	0.0208985	0.0226372	0.0219153	0.0224575	0.573006	0.0408855
51	0.0167834	0.00181246	0.363176	0.218824	0.00567292	0.00378826	0.00436992	0.00557909	0.0375961	0.0174375	0.00340019	0.177369	0.00220922	0.0390111	0.0233327	0.0569624	0.00844948	0.00949896	0.001237	0.00349065
52	0.0598592	0.00159159	0.22458	0.248704	0.015021	0.00903491	0.0556377	0.0207689	0.0754399	0.040222	0.0133414	0.0600395	0.00756275	0.0482914	0.00381116	0.0644347	0.0197125	0.0169882	0.00216483	0.0127943
53	0.00797707	0.00799023	0.00520246	0.018379	0.192582	0.00489379	0.0550162	0.010136	0.00470307	0.00962908	0.00199598	0.0215321	0.00904862	0.002404	0.00650112	0.00632027	0.00652179	0.0207096	0.0120407	0.596417
54	0.0627472	0.0170034	0.124578	0.123418	0.00697879	0.0957376	0.0205688	0.0124396	0.0392523	0.0161293	0.00641802	0.112247	0.0539112	0.0337667	0.0268657	0.13665	0.0580655	0.0316314	0.0017709	0.0198194
55	0.0235393	0.00612876	0.0892713	0.0615872	0.00999666	0.0771853	0.0330024	0.0390935	0.0216316	0.0424374	0.0122095	0.35467	0.0115158	0.0221084	0.0227214	0.076501	0.0458887	0.0270986	0.0030997	0.0203138
56	0.0206233	0.00824814	0.000590014	0.00254633	0.0457891	0.00302281	0.00383055	0.293103	0.00160823	0.229498	0.0590908	0.00945235	0.00121452	0.00612371	0.00583907	0.00716247	0.031231	0.253094	0.00545557	0.0124766
57	0.0323967	0.00331845	0.015342	0.0519029	0.00717828	0.0067873	0.045958	0.0212791	0.171588	0.0174859	0.0163936	0.0589218	0.00284868	0.0850392	0.149051	0.104771	0.146664	0.0428716	0.000803156	0.0193998
58	0.0392076	0.005083	0.0808072	0.0709346	0.0104647	0.0276491	0.0500275	0.0337708	0.0441173	0.0178427	0.007626	0.121496	0.00815593	0.0415888	0.0331896	0.151934	0.175172	0.0551306	0.00102221	0.0247806
59	0.0143593	0.00683995	0.000492855	0.00180869	0.0644108	0.00301712	0.00292428	0.26158	0.00224947	0.312602	0.0889089	0.00856154	0.00142684	0.0052304	0.00379373	0.00614055	0.0197769	0.174186	0.00739216	0.0142987
60	0.0179344	0.00281175	0.015346	0.0377112	0.0135714	0.012048	0.0561724	0.0438568	0.148437	0.0380329	0.0193872	0.0499264	0.00235383	0.0803984	0.250596	0.0595753	0.0603437	0.0588014	0.00235084	0.0303456
61	0.0142781	0.00708378	0.000509338	0.00199402	0.0667323	0.00332566	0.00329178	0.263276	0.00194066	0.302547	0.0859095	0.00942073	0.00140384	0.00568739	0.003915	0.0058163	0.0205588	0.180008	0.00773078	0.0145709
62	0.117301	0.00171305	0.00209037	0.00258483	0.00321812	0.0155814	0.0106304	0.018549	0.018141	0.00824801	0.0196233	0.00293091	0.501857	0.0517953	0.0281844	0.105621	0.0622098	0.0239291	0.00315673	0.00263573
63	0.0349538	0.00294366	0.0228164	0.0375852	0.011931	0.0177339	0.0683863	0.0419878	0.152843	0.0949763	0.0260459	0.0454478	0.00255291	0.104697	0.142293	0.0577824	0.0582739	0.047908	0.00280656	0.0260348
64	0.0257623	0.00895161	0.000611215	0.00371174	0.0232902	0.00257496	0.00182054	0.333607	0.00110875	0.146974	0.0372899	0.0113233	0.000834374	0.00776718	0.0077538	0.00819177	0.04548	0.325144	0.00127728	0.00652561
65	0.0154793	0.0319177	0.00672693	0.00907249	0.0655833	0.0060311	0.0404431	0.0143238	0.0233505	0.0177027	0.0120325	0.0102088	0.00924153	0.013345	0.0248968	0.0277116	0.0266871	0.0200555	0.599314	0.0258768
66	0.0128016	0.00357161	0.00666946	0.0107846	0.00741934	0.00586566	0.00997989	0.0157099	0.197567	0.119896	0.0461598	0.0132468	0.00464555	0.0511633	0.172579	0.0207376	0.227125	0.0438372	0.00263602	0.0276042
67	0.0782104	0.00948028	0.0163909	0.0218074	0.014062	0.0159837	0.0217792	0.0365127	0.0338045	0.023607	0.0428572	0.0201533	0.310935	0.0738306	0.0353662	0.0785817	0.0642672	0.0428664	0.0431106	0.0163936
68	0.0433657	0.0148136	0.121982	0.0707281	0.115402	0.016655	0.0326036	0.0879076	0.0397242	0.0730756	0.0356605	0.051474	0.0106543	0.0328985	0.0219082	0.0564219	0.0514897	0.0587787	0.0108913	0.0535649
69	0.0297388	0.00987302	0.00073034	0.00395011	0.0177983	0.00261159	0.00169065	0.340397	0.00105809	0.111398	0.0268411	0.01222	0.000724734	0.00816477	0.00863887	0.00975894	0.0518348	0.356551	0.000333399	0.005687
70	0.0748252	0.0206528	0.000900073	0.00237249	0.0556748	0.017116	0.00238841	0.232292	0.00262923	0.196339	0.0705672	0.00655122	0.0034998	0.00391494	0.00580547	0.0269444	0.0521245	0.214219	0.00327284	0.00791086
71	0.00289003	0.00758473	0.00172935	0.00210102	0.049894	0.00167634	0.00179713	0.0364134	0.00455818	0.642861	0.145201	0.0103429	0.0014516	0.0113602	0.0111976	0.00640175	0.0089044	0.0434177	0.00373702	0.00648127
72	0.0163415	0.0262216	0.00763591	0.0195611	0.197439	0.0183197	0.0467841	0.0169929	0.00861096	0.0217723	0.00715622	0.0211391	0.0200251	0.00667654	0.00947491	0.0250433	0.0143853	0.0346719	0.0117685	0.46998
73	0.0269458	0.00759517	0.0837439	0.0525274	0.0114776	0.0223598	0.0597546	0.0355344	0.0300768	0.0134138	0.00508741	0.246723	0.00642519	0.0364067	0.0478295	0.176062	0.0775036	0.0271624	0.00232232	0.031049
74	0.158196	0.0414979	0.0153768	0.0516273	0.0171998	0.0254844	0.0105562	0.130767	0.015079	0.0425574	0.0179875	0.0428185	0.00693788	0.0155769	0.0385382	0.0496608	0.0596146	0.242916	0.00504351	0.0125643
75	0.0632973	0.00415646	0.122025	0.098547	0.00518871	0.0368368	0.055358	0.0231406	0.0668975	0.0156496	0.00339365	0.129464	0.0115186	0.0680237	0.0708245	0.115318	0.062003	0.0212441	0.00118801	0.0259256
76	0.0322666	0.00482401	0.191202	0.181782	0.0135199	0.0578908	0.00450146	0.00549223	0.0578078	0.00794242	0.00292567	0.0292562	0.094355	0.0721348	0.0401926	0.134098	0.0464296	0.0168637	0.0014695	0.00504466
77	0.0644702	0.00417528	0.132974	0.115569	0.0037385	0.0424667	0.039965	0.0168938	0.0665102	0.0116359	0.0021776	0.134147	0.0121957	0.0650731	0.0794067	0.110476	0.0580279	0.0177319	0.000733941	0.0216319
78	0.0275476	0.0168895	0.00742808	0.00352766	0.434488	0.00261398	0.00214141	0.0610592	0.0096301	0.109136	0.0553323	0.00932193	0.00154301	0.00235523	0.00716034	0.00753307	0.00997106	0.046609	0.0232077	0.162505
79	0.0549252	0.00153543	0.191561	0.183415	0.0156147	0.0129219	0.0807842	0.0346262	0.0837761	0.0383427	0.0145404	0.060351	0.00976095	0.05445	0.0109578	0.06718	0.0363555	0.0210221	0.00301189	0.0248681
80	0.0772281	0.00640484	0.0223096	0.0326101	0.00852402	0.0341668	0.00404922	0.0206139	0.0299768	0.019692	0.0142778	0.0501418	0.022776	0.035273	0.0240993	0.37706	0.159812	0.0426128	0.000915019	0.0174568
81	0.0612028	0.00344843	0.0148725	0.0396253	0.0172197	0.0172478	0.014533	0.0267414	0.0509241	0.025107	0.0125401	0.0446673	0.0135498	0.0454863	0.057856	0.308947	0.183303	0.0350739	0.00170806	0.0259468
82	0.0262716	0.0160035	0.00809708	0.00424797	0.428482	0.00254544	0.00203996	0.0579181	0.0125341	0.106685	0.0535666	0.00972285	0.00151404	0.00430295	0.00897429	0.00808188	0.0124916	0.047077	0.0236913	0.165753
83	0.0919427	0.00334118	0.0489903	0.0420594	0.00595755	0.00476498	0.0963448	0.0118703	0.123841	0.01455	0.00560893	0.0352213	0.144648	0.0969352	0.0437955	0.117622	0.0470294	0.0266835	0.0132636	0.0255314
84	0.0805184	0.00640908	0.017652	0.0186319	0.0125149	0.0145413	0.00437741	0.0168279	0.0165634	0.0133303	0.0108463	0.0209464	0.0392536	0.0259648	0.0131046	0.345908	0.22307	0.0940025	0.00191164	0.0236258
85	0.0408673	0.00493706	0.111196	0.0800581	0.0103544	0.0582453	0.0559741	0.0238277	0.0577614	0.038771	0.00671304	0.16561	0.0178839	0.0424152	0.0420116	0.113197	0.0688903	0.0321108	0.00214626	0.027029
86	0.0536174	0.0146645	0.000762131	0.00432941	0.0340073	0.00716457	0.00175918	0.29368	0.00147614	0.135439	0.0400942	0.00911038	0.00168499	0.00739402	0.0071755	0.0137738	0.0497306	0.316368	0.00100875	0.00676052
87	0.0249407	0.00843837	0.000590226	0.0040776	0.028625	0.00261383	0.00183535	0.321858	0.00123458	0.169306	0.0443696	0.0106475	0.000958832	0.00719793	0.00735545	0.00754914	0.0415742	0.307216	0.00210117	0.00751071
88	0.0389495	0.0136948	0.00199751	0.00613469	0.0174239	0.00938497	0.00243694	0.290407	0.00338002	0.0792222	0.0183489	0.0205954	0.00148177	0.0082116	0.00974723	0.0276529	0.0662504	0.378243	0.000993432	0.00544404
89	0.160815	0.0332376	0.00357263	0.00980145	0.0424635	0.0813553	0.0058951	0.132701	0.016323	0.10198	0.0552247	0.0127328	0.00615467	0.00847021	0.0117443	0.0767625	0.0830163	0.146766	0.00381628	0.00716848
90	0.0182389	0.00763659	0.00048338	0.00219727	0.0566869	0.00320436	0.00269786	0.271922	0.00195403	0.288752	0.0831739	0.0087113	0.00127195	0.00542473	0.00506273	0.00674216	0.0247752	0.191683	0.00623409	0.0131476
91	0.0272388	0.0169288	0.00748677	0.00349531	0.437752	0.00260744	0.00190739	0.0597034	0.00978736	0.10837	0.0551683	0.00904868	0.0014747	0.00231742	0.00713707	0.0074225	0.00984592	0.0459929	0.0235302	0.162785
92	0.0231641	0.00244258	0.00379005	0.0398804	0.00616933	0.0061012	0.0480149	0.0310957	0.221883	0.0268294	0.030271	0.0474106	0.00106998	0.0910874	0.187975	0.0699531	0.0955174	0.0552446	0.000623446	0.011477
93	0.103993	0.0367579	0.0029382	0.00266707	0.0627403	0.0258461	0.00453234	0.164696	0.00548666	0.155701	0.0622536	0.0110416	0.00457966	0.00289244	0.00545619	0.0872691	0.0929213	0.157645	0.00202821	0.00855422
94	0.0497321	0.00403216	0.0116811	0.0307646	0.0326887	0.0113023	0.00657479	0.0297848	0.0187404	0.0182871	0.0114203	0.0224741	0.0191389	0.0249733	0.0154915	0.385791	0.208766	0.067857	0.00171689	0.0287833
95	0.0993357	0.0979304	0.0149253	0.0197653	0.0511515	0.0303143	0.0159331	0.0900343	0.0239937	0.0942605	0.036577	0.035813	0.0156223	0.0183213	0.024437	0.0975534	0.0832056	0.0964047	0.0287166	0.0257051
96	0.0822994	0.00422494	0.0609711	0.0421383	0.00510661	0.00983144	0.0796708	0.0114743	0.119022	0.0127749	0.00444074	0.0495846	0.122264	0.0874582	0.0513012	0.134948	0.0623277	0.0255245	0.00858985	0.026047
97	0.0226163	0.00891015	0.000447179	0.00196993	0.0608887	0.00414936	0.00275802	0.259442	0.00181265	0.294013	0.0829965	0.00802711	0.00145803	0.00494591	0.00440054	0.00797324	0.0241503	0.188969	0.00661622	0.0134565
98	0.026528	0.00277335	0.291208	0.162574	0.00501935	0.0168087	0.0179748	0.0109727	0.0413678	0.0149253	0.00330258	0.181038	0.00539837	0.0484353	0.0425992	0.0740084	0.0288405	0.0142503	0.00139272	0.0105825
99	0.0309206	0.0115466	0.000842488	0.00381918	0.0177822	0.00409642	0.00176247	0.311568	0.00136893	0.0908481	0.0204239	0.014122	0.000817922	0.00824455	0.00859382	0.0146178	0.0568848	0.39598	0.000471388	0.00528923
100	0.0399606	0.00368094	0.0182509	0.0541537	0.00939788	0.00897573	0.0412937	0.0215522	0.14858	0.0180463	0.0141714	0.0625338	0.00334032	0.0795525	0.135159	0.109346	0.153372	0.047533	0.00141438	0.0296869
101	0.0165631	0.00986144	0.00631778	0.0146336	0.254045	0.00400776	0.0325407	0.020912	0.00979644	0.0374135	0.0140765	0.0220982	0.00644128	0.00512326	0.00857535	0.00872331	0.0156737	0.0265572	0.0188902	0.46775
102	0.00987326	0.00890065	0.0058842	0.019188	0.21559	0.00477235	0.0484938	0.0143907	0.00591631	0.0166328	0.00606259	0.0201912	0.00844422	0.00320427	0.00709485	0.0069991	0.0076047	0.0234858	0.0128337	0.554438
103	0.105169	0.00384884	0.00721283	0.0102564	0.00662589	0.0152324	0.0136732	0.0213996	0.0246847	0.0114083	0.0186983	0.00805126	0.451011	0.0503789	0.0304123	0.106081	0.0675759	0.0299432	0.00709127	0.0112463
104	0.0269449	0.0161355	0.00815367	0.00504735	0.420759	0.00271699	0.00479822	0.0578152	0.0100124	0.105129	0.0523628	0.00984245	0.00211389	0.00283247	0.00739139	0.00886826	0.0118428	0.0455581	0.0230434	0.178633
105	0.0381857	0.00739603	0.187552	0.122698	0.0793388	0.0183133	0.0380606	0.0324985	0.0518019	0.0444271	0.018336	0.0731422	0.0150974	0.0411473	0.0258051	0.069458	0.0375409	0.0301649	0.0134855	0.0555506
106	0.0200806	0.0034117	0.095013	0.180797	0.0109825	0.00483643	0.0170953	0.125006	0.0598086	0.0444387	0.0330561	0.0386714	0.00934943	0.0630709	0.0132421	0.0445247	0.0766246	0.141926	0.0074597	0.0106058
107	0.0371265	0.00495167	0.0397594	0.0589334	0.0184326	0.0135917	0.0469733	0.0295146	0.14588	0.0329452	0.0191109	0.0489835	0.0306323	0.100602	0.161736	0.0747805	0.0619102	0.043879	0.00792551	0.0223314
108	0.0225511	0.00250562	0.0039523	0.0422206	0.00653185	0.00656741	0.05018	0.0309161	0.220075	0.0260341	0.0285216	0.0498199	0.000995913	0.0946278	0.186938	0.0706833	0.0891541	0.0557482	0.000563816	0.0114126
109	0.169258	0.102622	0.0239575	0.0227499	0.0320741	0.0384775	0.0153479	0.0398848	0.0256957	0.0371552	0.0187523	0.0270431	0.122019	0.0272549	0.0286082	0.102391	0.0707217	0.0534901	0.0159593	0.0265377
110	0.051998	0.00116908	0.149542	0.146967	0.0245726	0.0155626	0.089107	0.0435054	0.0940519	0.0477774	0.0147595	0.0555687	0.0108616	0.0564566	0.017119	0.0725703	0.0425192	0.0300562	0.00507415	0.0307619
111	0.00267737	0.00704922	0.00186734	0.00223671	0.0478637	0.00174901	0.00179412	0.0325833	0.00478427	0.639803	0.155691	0.0100459	0.00151563	0.011733	0.0120581	0.00628917	0.00980136	0.0409185	0.00357328	0.0059669
112	0.0433358	0.00902805	0.0276926	0.042281	0.0153194	0.0260162	0.0372247	0.035034	0.13505	0.0337059	0.0210466	0.0524727	0.0243859	0.0559559	0.0859516	0.150726	0.124926	0.053441	0.00468281	0.0217244
113	0.0227308	0.0139414	0.00551994	0.00262782	0.309492	0.00301362	0.00233873	0.100066	0.00723321	0.219963	0.0724058	0.00917547	0.00155601	0.00369262	0.00676959	0.00846057	0.0117004	0.0750342	0.0200197	0.104259
114	0.128492	0.01852	0.0407035	0.042036	0.0171195	0.141605	0.0336789	0.044521	0.0447424	0.0288577	0.0196652	0.0541064	0.0236393	0.0331949	0.0707216	0.109667	0.071701	0.0529645	0.0043061	0.0197566
115	0.088892	0.0101162	0.016487	0.0219036	0.0112061	0.0206959	0.00851046	0.0264683	0.0285924	0.017797	0.0128114	0.0282056	0.107318	0.0312293	0.0224305	0.278433	0.169886	0.0790706	0.00202923	0.0179169
116	0.0141271	0.0275686	0.00755543	0.00932768	0.0682882	0.00660709	0.0377557	0.0168893	0.0222312	0.0211917	0.0143993	0.0103932	0.0084891	0.0135374	0.023434	0.0268042	0.0256554	0.022428	0.601166	0.0221516
117	0.0726459	0.00421122	0.0127317	0.0277328	0.0125768	0.0198779	0.00332521	0.0187144	0.0252869	0.0174815	0.013739	0.0309395	0.0230939	0.0361801	0.0199589	0.392113	0.197091	0.0518798	0.000932557	0.0194878
118	0.00799765	0.00798117	0.00520705	0.0184729	0.192365	0.00490035	0.0560811	0.0102504	0.00474087	0.00956671	0.00215553	0.0215045	0.00906921	0.00242142	0.00651507	0.00634577	0.00659716	0.0207014	0.0120165	0.595111
119	0.0470331	0.00449356	0.147447	0.0933395	0.00363466	0.0484568	0.0619562	0.0180537	0.0515666	0.0222933	0.00421531	0.174876	0.0109926	0.051175	0.0409533	0.1096	0.0649251	0.0210919	0.0010615	0.0228351
120	0.0664042	0.0146136	0.0173808	0.0222838	0.0122067	0.156622	0.0609143	0.061216	0.0525206	0.049356	0.0502346	0.030171	0.00738162	0.0402783	0.137197	0.120386	0.0497171	0.0312141	0.00452688	0.0153746
121	0.0104943	0.00468451	0.0787404	0.00928114	0.137609	0.0247296	0.00871843	0.0130834	0.043218	0.136446	0.00687466	0.123533	0.00517774	0.0278979	0.0307013	0.132247	0.0537661	0.0148162	0.0387778	0.0992045
122	0.11168	0.00289205	0.0121274	0.0960698	0.0705559	0.0423334	0.0519853	0.0317178	0.0792271	0.0790317	0.0263489	0.0148443	0.0112551	0.0979251	0.0332909	0.0985835	0.0384757	0.0605859	0.00248974	0.0385805
123	0.0201124	0.00768888	0.000475504	0.00282179	0.0431975	0.00267418	0.00227948	0.299136	0.00137131	0.230126	0.0613321	0.00931631	0.00106807	0.00605236	0.00567489	0.00621212	0.0314101	0.254035	0.00449785	0.0105183
124	0.0174292	0.00305066	0.281639	0.136147	0.00550596	0.0140575	0.02044	0.0119321	0.0303642	0.0133206	0.00252313	0.23759	0.00399119	0.0382263	0.038327	0.0904715	0.030897	0.0134622	0.00123487	0.00939001
125	0.0131428	0.0075082	0.000514811	0.00161558	0.067395	0.00227791	0.00256797	0.216518	0.00190392	0.37926	0.0931283	0.00854938	0.00113717	0.00554222	0.0041963	0.00692453	0.0164043	0.148855	0.00705173	0.0155069
126	0.0174538	0.00265287	0.0691243	0.0597972	0.025207	0.0244517	0.0500945	0.0859399	0.0737445	0.0963852	0.0373087	0.0316232	0.0049704	0.101431	0.0905605	0.0544181	0.0649663	0.0626288	0.0126087	0.0346336
127	0.127577	0.0287028	0.000801461	0.00148232	0.0657311	0.0351174	0.00223343	0.181561	0.00361335	0.170586	0.0794189	0.00211368	0.00748295	0.00176756	0.00649874	0.0402211	0.0556023	0.18122	0.00260897	0.00565927
128	0.0227856	0.00222875	0.326898	0.214555	0.00593917	0.0107756	0.00941039	0.0074924	0.0403555	0.0164096	0.00348969	0.154407	0.0078691	0.0430472	0.030951	0.0692913	0.0170569	0.0103338	0.00126977	0.00543416
129	0.111447	0.0266741	0.000610226	0.00121873	0.0686525	0.0246389	0.00215848	0.19291	0.00299961	0.190658	0.0797707	0.00165381	0.00685693	0.00153004	0.00765112	0.0333703	0.0559446	0.182711	0.00238663	0.00615788
130	0.070046	0.00329483	0.0117024	0.0343458	0.0121828	0.0196219	0.00345209	0.019042	0.0322486	0.0186073	0.0158553	0.0331344	0.0183717	0.0375329	0.025337	0.392939	0.19147	0.0411059	0.000891538	0.0188183
131	0.0506648	0.00756496	0.118592	0.0812001	0.00253479	0.071186	0.0242862	0.00981812	0.0365928	0.022662	0.00410164	0.182612	0.0147471	0.0183871	0.0236558	0.180369	0.101131	0.0338325	0.00073314	0.0153297
132	0.00910652	0.00971563	0.00620558	0.0165435	0.225795	0.00412452	0.0420619	0.0134895	0.00483702	0.0183678	0.00678069	0.0198627	0.00749055	0.00190975	0.00620526	0.00599242	0.00655528	0.0220959	0.0134716	0.559389
133	0.0138403	0.0027662	0.0264291	0.0615428	0.0110357	0.00924663	0.00650587	0.130325	0.0568975	0.0824312	0.0616438	0.0674294	0.0191762	0.0956963	0.0279008	0.0177016	0.0956055	0.189697	0.0180588	0.00607055
134	0.0969106	0.00248839	0.0409844	0.0631847	0.00354002	0.00362148	0.0454665	0.0178514	0.0770213	0.0214536	0.00364908	0.0325102	0.233962	0.0708828	0.0499147	0.096933	0.0673431	0.0546887	0.00476643	0.012828
135	0.00916837	0.00948122	0.039588	0.0282547	0.0142887	0.00803879	0.0506034	0.0373538	0.00763113	0.00832544	0.00491662	0.371077	0.00424322	0.015543	0.0296365	0.244524	0.0735734	0.0261295	0.00227921	0.0153439
136	0.0526601	0.0100939	0.0900976	0.0782656	0.00657074	0.0851426	0.021714	0.0143402	0.0395059	0.0203596	0.00806349	0.139877	0.0197106	0.0245515	0.0290594	0.215306	0.0973728	0.0316467	0.00117773	0.0144841
137	0.0340602	0.00515258	0.0421901	0.0995453	0.0317834	0.0163712	0.0423599	0.0531565	0.0585072	0.0391856	0.0175892	0.0438637	0.0178995	0.100828	0.0475118	0.0734192	0.112868	0.0865579	0.00747977	0.0696711
138	0.0140403	0.0276482	0.00640901	0.00935394	0.0754406	0.0062479	0.0439155	0.0138539	0.0219046	0.0156914	0.0118908	0.00997747	0.00954071	0.0127543	0.0217992	0.025247	0.0236201	0.0199198	0.591723	0.0390225
139	0.0555726	0.00124064	0.198459	0.188012	0.0152629	0.0100529	0.087987	0.0349608	0.0832966	0.0415895	0.0166605	0.0575042	0.00906599	0.0570982	0.00524875	0.0565698	0.0357545	0.0194636	0.00300242	0.0231984
140	0.0717896	0.00342732	0.1917	0.21268	0.0186159	0.0331377	0.0415639	0.0158681	0.0746305	0.0377061	0.0111902	0.0505367	0.0223969	0.0421756	0.0112194	0.105994	0.025234	0.016665	0.00216548	0.0113038
141	0.118675	0.0281385	0.000899259	0.00115374	0.0689421	0.0259579	0.00257515	0.188526	0.00290948	0.180829	0.0824063	0.00147144	0.005955	0.0014297	0.00626431	0.0352352	0.055183	0.184067	0.00235038	0.00703163
142	0.0302999	0.00268997	0.00995838	0.0181279	0.00570115	0.00458303	0.0111681	0.0252804	0.132983	0.0238575	0.00723349	0.0507481	0.231074	0.0451577	0.0828559	0.077326	0.128186	0.0950309	0.00247283	0.0152653
143	0.425051	0.0474899	0.00691633	0.00422195	0.0135078	0.0795367	0.00244093	0.0356422	0.00409108	0.00845116	0.00440621	0.0077023	0.0247865	0.010327	0.00538451	0.14904	0.100908	0.0587715	0.00174359	0.00958258
144	0.0227176	0.00255994	0.0038897	0.0422421	0.00652934	0.00652458	0.0500844	0.0308999	0.219909	0.0258955	0.0285077	0.0499968	0.00104111	0.0944408	0.186213	0.0708749	0.0895972	0.0561442	0.000553425	0.0113792
145	0.0115689	0.00191343	0.0055936	0.0362983	0.00623279	0.0058663	0.040954	0.0231399	0.200224	0.0281169	0.018433	0.0348761	0.00116691	0.084762	0.374333	0.0452584	0.0361254	0.0338545	0.000762407	0.0105203
146	0.00575843	0.00648869	0.0352926	0.0368704	0.0170573	0.00500832	0.0537066	0.0261848	0.00594937	0.00695054	0.00383654	0.427339	0.00254451	0.011441	0.0272104	0.184981	0.0938791	0.0343447	0.00182556	0.0133317
147	0.0199261	0.00278695	0.0396932	0.123393	0.0100403	0.00344179	0.00372187	0.142142	0.0547457	0.0504698	0.0434111	0.0592047	0.0130273	0.0676515	0.0205395	0.0176283	0.0935244	0.213609	0.0160207	0.00502269
148	0.00982369	0.00436384	0.00607943	0.029366	0.187871	0.0047561	0.00584513	0.040724	0.0961302	0.0325149	0.00667321	0.0291484	0.00481216	0.078454	0.0465219	0.0443981	0.102696	0.0582788	0.0202771	0.191266
149	0.00791388	0.0083238	0.00643301	0.0171765	0.194901	0.00515962	0.0487157	0.0107998	0.00523097	0.0139811	0.00256092	0.0245213	0.00923609	0.00260959	0.00688779	0.00873272	0.00793055	0.0204573	0.0124076	0.586021
150	0.0322211	0.00482075	0.191336	0.181834	0.0135224	0.057907	0.00448303	0.00549877	0.0577696	0.00795456	0.00292127	0.0292932	0.094241	0.0721414	0.0401734	0.134098	0.0464201	0.0168428	0.0014785	0.00504379
151	0.0337564	0.0290815	0.0736164	0.0390928	0.00666281	0.180966	0.052465	0.0152432	0.0879526	0.0132269	0.0156638	0.084166	0.0121127	0.02813	0.0645052	0.130529	0.0982885	0.0205575	0.00242056	0.0115631
152	0.080141	0.0337248	0.127929	0.124976	0.0115265	0.0399539	0.0301138	0.0215232	0.0527576	0.0217838	0.00874493	0.0811384	0.0349269	0.0572052	0.0358791	0.127108	0.0584202	0.0308282	0.00397623	0.0173433
153	0.0920515	0.0025972	0.0469481	0.0692625	0.00461914	0.00651238	0.041271	0.0167909	0.0856189	0.022999	0.00398775	0.0317992	0.215304	0.073801	0.0538954	0.094863	0.0661726	0.0539275	0.00462257	0.0129565
154	0.0391877	0.00473595	0.189374	0.195396	0.0134053	0.0528817	0.0103522	0.00595489	0.059036	0.0117553	0.0043257	0.0321246	0.0819713	0.0710928	0.0344156	0.129895	0.0408652	0.016336	0.00139119	0.0055041
155	0.0234763	0.00586268	0.063184	0.0751381	0.0111347	0.00890611	0.0188029	0.101286	0.024017	0.0250775	0.0121148	0.0437485	0.159386	0.0990344	0.0449946	0.0380568	0.161341	0.0396142	0.00513445	0.0396901
156	0.00927038	0.00899918	0.00579848	0.0172312	0.220228	0.00419302	0.044324	0.0131478	0.00515146	0.0165077	0.00612535	0.0198965	0.00770992	0.00213422	0.00623624	0.006005	0.00691493	0.0218281	0.0136624	0.564636
157	0.013427	0.00537698	0.0137466	0.0595584	0.0116625	0.00694675	0.0568734	0.162936	0.0127404	0.082576	0.0109003	0.0184525	0.114308	0.0239705	0.0144174	0.0736896	0.158495	0.100337	0.00283371	0.0567517
158	0.0550885	0.0023583	0.153102	0.144648	0.0178123	0.0159999	0.0738586	0.0444785	0.0829794	0.0478552	0.0156728	0.0601894	0.0125726	0.054955	0.0201644	0.0788387	0.0526597	0.0322623	0.00372346	0.0307813
159	0.0253255	0.00857604	0.000655149	0.00366264	0.0256558	0.00272979	0.00191508	0.327529	0.00123347	0.15433	0.0377001	0.0108818	0.000898327	0.00757539	0.00732603	0.00819941	0.0430919	0.322885	0.00237202	0.00745766
160	0.0228808	0.00370003	0.0231096	0.0493447	0.0347113	0.0078953	0.0549446	0.0511075	0.0528076	0.0267912	0.0206346	0.0703152	0.00566902	0.0352918	0.0389983	0.117389	0.228946	0.100336	0.0030327	0.052095
161	0.0118105	0.00927139	0.00560112	0.0135731	0.260197	0.00356939	0.0367129	0.0224729	0.00631929	0.0299527	0.0130205	0.0180518	0.00631808	0.00206922	0.00638905	0.00566825	0.00693501	0.0267405	0.0144816	0.500846
162	0.0697768	0.00591778	0.0354703	0.0665763	0.0115889	0.00765918	0.0108215	0.0184509	0.0130293	0.0152242	0.0101269	0.0143787	0.00744854	0.0130667	0.0393772	0.0517541	0.228089	0.158601	0.0310036	0.19164
163	0.015819	0.00724455	0.000471989	0.00186254	0.0630302	0.00326727	0.00285217	0.269779	0.00190601	0.298108	0.0850249	0.00867055	0.00146892	0.00507726	0.00385025	0.00557997	0.0208399	0.185028	0.00662213	0.0134969
164	0.0282518	0.00446788	0.0214975	0.047287	0.0260218	0.023263	0.0793478	0.0901288	0.0758384	0.0925068	0.0226713	0.0417795	0.00487309	0.0548991	0.0620924	0.0698399	0.0969807	0.117258	0.00549237	0.0355034
165	0.0138834	0.00670198	0.000550184	0.00209923	0.0634082	0.00290998	0.00282381	0.258857	0.00211333	0.316815	0.0949021	0.00901754	0.001416	0.0059681	0.00370397	0.00686196	0.0200463	0.166652	0.00691411	0.0143555
166	0.00613736	0.00148615	0.00652049	0.0427625	0.0068525	0.00625233	0.0392849	0.0111127	0.207175	0.0203977	0.0140527	0.0264082	0.00249421	0.0946327	0.438024	0.0369072	0.0151728	0.0143393	0.000980109	0.00900701
167	0.0133835	0.0031337	0.0260441	0.0578999	0.00899184	0.0107887	0.0355914	0.0185474	0.167983	0.0248644	0.0148989	0.0389948	0.0048663	0.0814459	0.387722	0.042601	0.0250146	0.0212826	0.00260159	0.0133445
168	0.00532357	0.00155618	0.00642192	0.0401936	0.00672842	0.00599917	0.0349763	0.012191	0.205738	0.0253821	0.0136447	0.0280606	0.001622	0.0847957	0.457036	0.0302179	0.0142937	0.0155624	0.000849799	0.00940648
169	0.309388	0.0336534	0.00914216	0.00617421	0.0210872	0.0445694	0.00634526	0.024703	0.00900319	0.014934	0.00939274	0.00906332	0.150143	0.0194279	0.0110914	0.125969	0.136398	0.0449902	0.00211875	0.0124045
170	0.00667369	0.00757302	0.00182859	0.00235443	0.049285	0.00273951	0.00198517	0.0494546	0.00520707	0.603712	0.148431	0.00985679	0.00164538	0.0110934	0.0131514	0.00742169	0.0131391	0.054101	0.0039249	0.00642281
171	0.0209652	0.012716	0.00656692	0.00854418	0.359346	0.00278492	0.0180438	0.0374738	0.00997032	0.066103	0.0327914	0.0135116	0.00338749	0.00217936	0.006619	0.00576626	0.0086791	0.0350106	0.0191021	0.330439
172	0.0101538	0.00940723	0.00568632	0.0155603	0.234319	0.00413544	0.0412051	0.0176515	0.00616397	0.0237931	0.00964306	0.0194369	0.00747511	0.0023875	0.00646713	0.00639342	0.00745131	0.0244873	0.0138285	0.534355
173	0.1728	0.0372412	0.00239205	0.00533736	0.043788	0.0700013	0.00311789	0.146624	0.00602811	0.0966793	0.0480139	0.00981768	0.00432991	0.00377565	0.00944035	0.0781612	0.0870208	0.165715	0.00538243	0.00433393
174	0.0291964	0.0136943	0.00389311	0.00198284	0.258766	0.00408039	0.00222015	0.150065	0.00533127	0.203937	0.0723544	0.00744279	0.00159289	0.00311434	0.00561492	0.0100183	0.0162983	0.107669	0.0148327	0.0878955
175	0.0412044	0.0196985	0.0196312	0.0280725	0.0239341	0.0195485	0.0210505	0.123041	0.025055	0.0535941	0.0314052	0.118504	0.00831497	0.0238142	0.0274357	0.0933056	0.154703	0.142045	0.00479347	0.02085
176	0.0133256	0.00784748	0.000487078	0.00148922	0.0715236	0.0029198	0.00334762	0.228788	0.00177035	0.35189	0.0863852	0.00842065	0.00117268	0.00495713	0.00413616	0.00664979	0.0164244	0.162266	0.00989142	0.0163078
177	0.015474	0.00726373	0.00051268	0.00190233	0.0629881	0.00339828	0.00296059	0.267723	0.00185578	0.296667	0.082232	0.0087634	0.00148754	0.00514767	0.0039654	0.00579227	0.0206693	0.189262	0.00771684	0.0142179
178	0.0200148	0.00778655	0.000486431	0.00259548	0.047047	0.00282602	0.00240351	0.290655	0.00148227	0.247407	0.0684256	0.00956142	0.00111912	0.00571237	0.00514349	0.00597558	0.0293929	0.236224	0.00471208	0.01103
179	0.113238	0.00446689	0.0089714	0.0104113	0.00579708	0.0171963	0.0130269	0.0211231	0.0258522	0.0119288	0.0184857	0.00863063	0.442121	0.0501365	0.0299843	0.111795	0.0656022	0.0300972	0.0046315	0.00650427
180	0.146858	0.0559099	0.00754552	0.00623165	0.0266227	0.0342927	0.00602881	0.0812972	0.00931515	0.0558908	0.0198388	0.0260927	0.0114753	0.0095735	0.00511816	0.220175	0.174293	0.0925752	0.00127028	0.00959488
181	0.0641526	0.0171624	0.000514213	0.00159979	0.0669048	0.013008	0.00221097	0.223546	0.00231971	0.250894	0.0883928	0.00491884	0.00300399	0.00341	0.00481429	0.0184857	0.0366561	0.183199	0.00455217	0.0102545
182	0.0140389	0.00810797	0.000633837	0.0014236	0.0673057	0.00289974	0.0022597	0.157609	0.00240963	0.467014	0.0963814	0.00850673	0.00111959	0.00574982	0.00535435	0.00816536	0.0148323	0.117974	0.0059663	0.012249
183	0.0155886	0.00709073	0.000573024	0.00214391	0.0593842	0.0031152	0.0028176	0.263942	0.00204575	0.304628	0.0890635	0.0100638	0.00141623	0.00580168	0.00422836	0.00685269	0.0228987	0.17873	0.00632298	0.0132942
184	0.0766369	0.0168713	0.0143195	0.0239824	0.0205177	0.0220629	0.00797745	0.0470021	0.02349	0.0471973	0.0281453	0.045894	0.0141636	0.0250189	0.019602	0.314569	0.174094	0.0527327	0.00119856	0.0245242
185	0.121656	0.0406019	0.00159777	0.00210132	0.0595085	0.0377494	0.00362122	0.160591	0.00517027	0.147339	0.0709305	0.00889021	0.00451064	0.00227592	0.00551634	0.080647	0.0801587	0.160004	0.00199184	0.0051379
186	0.00496653	0.00655423	0.0015022	0.00223037	0.0533917	0.0017545	0.0018886	0.075895	0.00412096	0.585424	0.138221	0.00977506	0.00126186	0.00984811	0.00946436	0.00660232	0.0106842	0.0633802	0.00437207	0.00866223
187	0.388012	0.0477662	0.00844225	0.0044693	0.0118734	0.0573255	0.00276348	0.0180594	0.00407971	0.00784568	0.00315419	0.00872334	0.0285205	0.00918407	0.00459024	0.176353	0.153954	0.0524542	0.00112452	0.0113047
188	0.0301918	0.0102863	0.000445723	0.00163189	0.0665713	0.0056768	0.00250731	0.24259	0.00174346	0.302561	0.084209	0.0071441	0.00168475	0.00431313	0.00422878	0.00937753	0.0240138	0.181132	0.00637611	0.0133154
189	0.0190916	0.00876629	0.000528687	0.001523	0.0665591	0.00376056	0.00225397	0.180667	0.00210278	0.420194	0.0905183	0.00812418	0.00137583	0.0053392	0.00488525	0.00842985	0.0173423	0.139713	0.00600515	0.01282
190	0.100729	0.0322101	0.0063081	0.0244117	0.0205306	0.135297	0.00688477	0.108073	0.0107764	0.0616729	0.0172797	0.0302385	0.00408689	0.0075282	0.0094921	0.121214	0.110323	0.182097	0.00349766	0.00734986
191	0.0283246	0.0159339	0.00706619	0.00407052	0.340426	0.00448047	0.00341481	0.0911936	0.00899241	0.164432	0.06251	0.0106885	0.00191199	0.00468315	0.00723449	0.0128809	0.0157217	0.0717022	0.0188019	0.125531
192	0.0864135	0.0263138	0.00185335	0.00161306	0.093338	0.0181841	0.0026644	0.187907	0.00303558	0.202179	0.0810968	0.00429988	0.00397414	0.00234147	0.00576063	0.0269122	0.0500938	0.169288	0.00865474	0.0240762
193	0.00864128	0.00734732	0.000801923	0.00131312	0.0663841	0.0019658	0.00195771	0.121474	0.00264125	0.532919	0.102196	0.00875769	0.00113732	0.00651617	0.00604842	0.00668799	0.0108424	0.0952796	0.0058051	0.0112833
194	0.108653	0.00502033	0.0108431	0.0141401	0.00636687	0.0175111	0.0122828	0.02189	0.032785	0.012743	0.0160776	0.0142808	0.393849	0.0467862	0.0332192	0.121359	0.0760747	0.0459363	0.00285201	0.00732998
