774	20
1	0.0407119	0.540479	0.0109631	0.00872347	0.0236239	0.0257731	0.00565898	0.0471355	0.00912718	0.0411046	0.0492081	0.0160434	0.00567027	0.00843293	0.00969863	0.0507389	0.0249723	0.0549541	0.010776	0.0162044
2	0.119357	0.00747545	0.0764062	0.03796	0.0025756	0.187092	0.0183079	0.010289	0.0545683	0.00862595	0.0101878	0.0650641	0.00771106	0.0315341	0.123229	0.156065	0.0492029	0.0223271	0.000717476	0.0113051
3	0.0917536	0.0225062	0.134597	0.136779	0.00624899	0.146251	0.0177055	0.0248033	0.0238087	0.0101234	0.0307319	0.0336374	0.00625804	0.0403307	0.0853466	0.0983922	0.0262157	0.0538302	0.000637562	0.0100432
4	0.0333366	0.00218754	0.241234	0.198744	0.00192386	0.0443652	0.0277657	0.00896241	0.0497331	0.026515	0.00779639	0.103568	0.0280027	0.0729445	0.0779454	0.0314619	0.0296088	0.0108104	0.000214424	0.00288039
5	0.123393	0.0219691	0.000788413	0.000659304	0.0201501	0.00803717	0.000454511	0.208194	0.00620192	0.104306	0.0606316	0.00293157	0.00227104	0.000529111	0.00111702	0.0369351	0.0615114	0.336873	9.86868e-05	0.00294756
6	0.0729095	0.0159527	0.0379959	0.0475869	0.0428681	0.0579102	0.0174707	0.138948	0.0340599	0.156557	0.0700252	0.00379195	0.0338461	0.0328399	0.0413878	0.021189	0.0401442	0.130949	0.000338498	0.00322971
7	0.0382177	0.00259562	0.209957	0.19525	0.00243438	0.0458275	0.0333824	0.00846526	0.0322443	0.0241821	0.0114514	0.162483	0.017946	0.0662676	0.0664979	0.0259043	0.0393877	0.0142876	0.000312686	0.00290514
8	0.0558016	0.00199147	0.0255432	0.012207	0.00110006	0.638679	0.00548265	0.00414078	0.0541729	0.00353875	0.00391825	0.0204591	0.00301902	0.0137903	0.0667327	0.0585613	0.0148474	0.0105083	0.000346321	0.0051601
9	0.0445801	0.00296229	0.258516	0.199875	0.00232211	0.035427	0.0302531	0.0215976	0.0459139	0.0348995	0.00957706	0.0947409	0.018125	0.06779	0.0452971	0.0291537	0.0255126	0.0298078	0.000338908	0.00331015
10	0.0809941	0.0170131	0.0524743	0.060227	0.0331269	0.0409913	0.0207954	0.113886	0.0197311	0.186842	0.0587185	0.00190722	0.0608112	0.0365887	0.0291036	0.0205532	0.0471061	0.114911	0.000347286	0.00387208
11	0.0606998	0.0117238	0.0272658	0.0424741	0.0387564	0.0457318	0.021365	0.156931	0.0406924	0.16041	0.0692227	0.00321196	0.0277916	0.0430287	0.0598309	0.018292	0.0332656	0.13424	0.000354501	0.00471181
12	0.0956792	0.0122499	0.0485606	0.0529222	0.037564	0.0574967	0.0180514	0.119675	0.0184307	0.118417	0.0543762	0.00964058	0.0367517	0.0247495	0.0206958	0.0468682	0.0692427	0.151933	0.000315047	0.00638064
13	0.107712	0.00293501	0.0163308	0.0255001	0.00573096	0.0161338	0.0173273	0.0151411	0.129695	0.0319922	0.0139449	0.0207928	0.264165	0.0686611	0.103287	0.0800743	0.044403	0.0296961	0.00263099	0.00384632
14	0.0262434	0.726165	0.00415219	0.00326666	0.0143318	0.0181131	0.00393792	0.0134174	0.0053036	0.0149751	0.00959792	0.0172295	0.00352314	0.00520048	0.00624375	0.0693552	0.0222321	0.0183989	0.00703904	0.0112744
15	0.0376703	0.00112758	0.133074	0.754217	0.000709037	0.0108598	0.00156865	0.00845114	0.00176445	0.00579755	0.00438579	0.00528932	0.000487171	0.0105394	0.00106259	0.00520474	0.00185788	0.0151143	0.000258503	0.00056115
16	0.0329918	0.703672	0.00490774	0.00456234	0.0121469	0.0179289	0.00506098	0.0189949	0.00407852	0.0154414	0.0109286	0.0186323	0.0040304	0.00497141	0.00642434	0.0694446	0.0192185	0.0252919	0.00976301	0.0115098
17	0.152253	0.00624727	0.0614001	0.0455631	0.00221878	0.239801	0.0227004	0.00970273	0.0490282	0.00479949	0.00906692	0.0462864	0.00407708	0.0367294	0.118027	0.115585	0.0267592	0.0300272	0.000518546	0.0192092
18	0.00123063	0.000936112	0.000623555	0.000566966	0.882578	0.000711494	0.00318375	0.0015703	0.000637323	0.019087	0.0092239	0.000701763	0.0011969	0.000665651	0.000924105	0.00283076	0.000947249	0.00104357	0.000440353	0.0709001
19	0.0532555	0.00444133	0.0217323	0.0312525	0.00690966	0.012244	0.0365155	0.0166331	0.179248	0.0348071	0.0294966	0.0240411	0.147388	0.0694679	0.171454	0.0756013	0.0428714	0.0367179	0.00129836	0.00462472
20	0.0341058	0.00600143	0.000354883	0.000450466	0.0154706	0.00261383	0.000302554	0.406356	0.00151021	0.116275	0.0365817	0.00122853	0.000754974	0.000378507	0.000747264	0.00909307	0.0230088	0.343052	0.000111659	0.00160387
21	0.0300256	0.716772	0.00850826	0.00554734	0.00751537	0.0175963	0.00416982	0.0154932	0.00573161	0.0113279	0.0103519	0.0171694	0.00295099	0.00511235	0.00657273	0.0745863	0.0198554	0.0207351	0.0081881	0.0117907
22	0.0578443	0.0019664	0.00632974	0.00832333	0.00282177	0.00862508	0.00533168	0.00419379	0.329346	0.0227963	0.00777	0.0153125	0.00266781	0.0434603	0.398995	0.0130143	0.0103896	0.0313179	0.0271427	0.00235098
23	0.144023	0.00107235	0.214746	0.193054	0.00549883	0.0403196	0.00108373	0.00358476	0.0151303	0.00736894	0.00144775	0.0673373	0.0167757	0.0364842	0.00183871	0.140289	0.0974047	0.0111392	0.000418177	0.000982407
24	0.0326908	0.702189	0.00752563	0.00589993	0.0104821	0.0216732	0.00320707	0.0192866	0.00399251	0.0151678	0.0116409	0.0169602	0.00290858	0.00440064	0.0051461	0.067204	0.0210402	0.0252397	0.0103157	0.0130291
25	0.00328512	0.0313044	0.00142888	0.00128183	0.384026	0.00202407	0.0051632	0.0744849	0.00135287	0.221733	0.00933716	0.00162126	0.0107339	0.00133245	0.0151744	0.00873184	0.00286068	0.0411579	0.0504624	0.132503
26	0.0759525	0.0120229	0.0835834	0.0715736	0.0372667	0.0425267	0.0147924	0.123836	0.0289032	0.165856	0.0664595	0.0026957	0.0355752	0.0316025	0.0281858	0.0210597	0.0461283	0.108633	0.000338987	0.00300728
27	0.0266143	0.00472603	0.375038	0.235987	0.00966739	0.0305025	0.0340389	0.00913407	0.0264235	0.0136545	0.00910242	0.0567041	0.00805852	0.0316294	0.0306697	0.0371804	0.0153504	0.0132142	0.00152882	0.0307766
28	0.106094	0.0359426	0.18699	0.227831	0.0114169	0.0438301	0.0116863	0.0466949	0.014045	0.0233086	0.0317581	0.0262484	0.0100766	0.02264	0.0202761	0.0546284	0.0385647	0.0806396	0.00102769	0.00630108
29	0.0779386	0.0126441	0.0290672	0.0389325	0.042354	0.0462986	0.018244	0.159378	0.0251019	0.186278	0.0664088	0.0040598	0.029641	0.0392684	0.0419945	0.0187133	0.0358028	0.122423	0.000261146	0.00519022
30	0.123464	0.00254557	0.024735	0.0185574	0.0029768	0.101687	0.0142372	0.00597388	0.220153	0.00443281	0.0127494	0.0727335	0.00686095	0.0304791	0.206334	0.0934016	0.0380399	0.0101305	0.00261224	0.00789522
31	0.138053	0.000917618	0.221559	0.187926	0.00631206	0.0524555	0.00120513	0.00275834	0.0172361	0.00800379	0.00104838	0.0737493	0.0129089	0.0338137	0.00178542	0.138085	0.0924085	0.0086599	0.000221116	0.000893444
32	0.101807	0.031964	0.0114728	0.0109511	0.00226792	0.012718	0.0149624	0.127712	0.065157	0.0875737	0.0614068	0.0845969	0.00709241	0.0554924	0.0460882	0.0728255	0.0418705	0.162271	0.00040878	0.00136162
33	0.0365245	0.694699	0.00486037	0.00308327	0.00318762	0.0178373	0.00258521	0.00784265	0.00405024	0.00514231	0.00703302	0.0198996	0.00293189	0.00350725	0.00733951	0.130548	0.0233704	0.0143125	0.00466714	0.00657784
34	0.0946635	0.00619027	0.0129845	0.0155964	0.0119629	0.0324607	0.00882709	0.038258	0.0113661	0.0712326	0.03163	0.00684619	0.493195	0.0199252	0.0169893	0.0462557	0.0280434	0.0483353	0.00253999	0.00269752
35	0.104998	0.00426298	0.0424976	0.0325685	0.004049	0.135444	0.0185348	0.00971045	0.150353	0.0128469	0.0131497	0.0431415	0.0131092	0.0688613	0.216797	0.0711337	0.0281788	0.0195563	0.00174224	0.00906476
36	0.11841	0.526122	0.00817099	0.00700366	0.00668334	0.0507314	0.00427911	0.033567	0.00525047	0.0231883	0.0150587	0.0148416	0.00501965	0.00755131	0.00563548	0.0888452	0.0250865	0.0446444	0.00353815	0.00637288
37	0.0691369	0.000955726	0.0228112	0.0211946	0.00166211	0.0473739	0.00824833	0.00325068	0.347786	0.00392479	0.0190843	0.0625843	0.00443655	0.0338074	0.264169	0.0522126	0.0259615	0.0065044	0.00227278	0.00262299
38	0.119058	0.00110122	0.229173	0.185033	0.00499808	0.0513149	0.00638083	0.00472929	0.0228023	0.0128804	0.0025044	0.0819727	0.0146896	0.0402044	0.0125935	0.11872	0.081206	0.00910675	0.000229799	0.00130165
39	0.0535617	0.0016365	0.034408	0.0545178	0.0050111	0.0066922	0.0341179	0.0195531	0.13872	0.0395712	0.0175719	0.0303249	0.188818	0.111381	0.10189	0.0748308	0.042066	0.0390053	0.00145327	0.00487008
40	0.00218764	0.0105377	0.00136732	0.00120957	0.10629	0.00133249	0.0246639	0.0023159	0.00116727	0.00278069	0.00161842	0.00241292	0.00145049	0.00120684	0.00139582	0.002462	0.00197187	0.00213849	0.000338661	0.831152
41	0.0355904	0.000656867	0.0324478	0.0291152	0.00111666	0.0272071	0.00752742	0.00141647	0.353128	0.00331731	0.0109796	0.0521529	0.00254543	0.0394983	0.329907	0.0418206	0.023658	0.00428776	0.00233736	0.00128971
42	0.115673	0.0142556	0.081174	0.0940098	0.010219	0.107488	0.0333254	0.0663624	0.016209	0.0131355	0.0309875	0.0469863	0.00397443	0.0175027	0.0598822	0.123673	0.0501075	0.0987948	0.000504065	0.0157358
43	0.0772345	0.0201821	0.0221194	0.0603336	0.0131901	0.02326	0.0546817	0.104548	0.00769808	0.27439	0.0475057	0.00260916	0.0337579	0.0997804	0.0156147	0.0237852	0.0459676	0.0626865	0.000412948	0.0102418
44	0.0347205	0.00217097	0.231394	0.197701	0.00201635	0.039563	0.0264486	0.00823122	0.0574972	0.0213876	0.00662341	0.108503	0.024464	0.0618858	0.101432	0.0365387	0.0259431	0.0103833	0.000311007	0.00278467
45	0.0611013	0.0116869	0.106685	0.0854075	0.0317396	0.23345	0.0117639	0.0812093	0.00956838	0.0247876	0.0478262	0.023177	0.00966867	0.0118043	0.0150796	0.0768919	0.0432364	0.10861	0.0010288	0.00527735
46	0.100334	0.00245716	0.019018	0.0165543	0.128728	0.0255497	0.00694449	0.122247	0.00189263	0.149654	0.0117168	0.0256796	0.00136748	0.00188825	0.00218	0.0376434	0.0390847	0.140593	0.000410646	0.166057
47	0.0188145	0.00112975	0.0626674	0.0239598	0.00225666	0.679819	0.00577198	0.00330121	0.0122716	0.00569734	0.00299882	0.0687749	0.000855365	0.00636159	0.00589448	0.0517305	0.0336131	0.0123848	0.000361873	0.00133495
48	0.011188	0.00217534	0.0593226	0.00253195	0.00190896	0.0427581	0.0239344	0.00310237	0.0693669	0.00298888	0.00206853	0.548475	0.0013099	0.00344102	0.0154532	0.166487	0.0222203	0.00381225	0.000335298	0.0171203
49	0.136325	0.012635	0.0418092	0.0364634	0.0262283	0.0507738	0.0131132	0.143743	0.0173571	0.112283	0.0562151	0.0108244	0.0336316	0.0224328	0.0171757	0.0511409	0.0558411	0.157993	0.000356433	0.0036586
50	0.111827	0.00294755	0.0193799	0.0164649	0.12164	0.0359861	0.00959908	0.125157	0.00228574	0.17322	0.016934	0.0168188	0.00357107	0.0041588	0.00298556	0.0360198	0.0440382	0.13491	0.000352052	0.121705
51	0.0121564	0.0508844	0.0132283	0.00303287	0.0328079	0.0174868	0.00353745	0.00628595	0.0070802	0.0127604	0.0238247	0.00491826	0.00221737	0.00358076	0.0226035	0.0114639	0.00852635	0.0071736	0.708301	0.0481301
52	0.055102	0.00162876	0.0309205	0.0552777	0.00483992	0.00936209	0.029654	0.0192946	0.15061	0.0351983	0.017079	0.0333819	0.170972	0.115315	0.0992324	0.0823687	0.0492909	0.034165	0.00131821	0.00498916
53	0.139572	0.00091489	0.223289	0.188922	0.00586852	0.0475729	0.00110767	0.002803	0.0164875	0.00782817	0.00106861	0.0735451	0.0133074	0.0346993	0.00159842	0.13905	0.0924331	0.00874418	0.000236697	0.00095171
54	0.045638	0.00291717	0.18338	0.150163	0.00187008	0.057802	0.0180059	0.00620294	0.11321	0.0139984	0.0083997	0.0790882	0.0160583	0.0507184	0.164815	0.050646	0.0223781	0.0108636	0.00029715	0.00354793
55	0.222885	0.0334646	0.017636	0.00892805	0.00347596	0.0433277	0.00905002	0.0150778	0.00267356	0.0160959	0.00886803	0.0313863	0.0510752	0.0163108	0.00738744	0.357252	0.11019	0.0435926	0.000352414	0.000970704
56	0.107399	0.00318361	0.00573432	0.00700541	0.0318018	0.00977421	0.0365341	0.0159833	0.125961	0.00735157	0.0100041	0.0348483	0.00781132	0.0180235	0.184241	0.180724	0.121226	0.0126391	0.0447759	0.034977
57	0.0408317	0.00326957	0.0732785	0.100795	0.00616107	0.0174734	0.0491881	0.00866271	0.176618	0.0822975	0.025119	0.0186519	0.0297203	0.173862	0.124302	0.0280399	0.0232989	0.0124694	0.00129686	0.00466362
58	0.0406229	0.00320888	0.00353586	0.0043956	0.0371976	0.00633569	0.00471074	0.0233719	0.00946712	0.0384429	0.0103795	0.00650385	0.70258	0.00835831	0.0149802	0.0278485	0.0112987	0.0397679	0.00252512	0.00446905
59	0.00536539	0.00142077	0.00396932	0.00245054	0.054107	0.00143128	0.00113842	0.0585485	0.00162839	0.704366	0.103022	0.00112021	0.00100753	0.00505737	0.00159659	0.00564078	0.0050192	0.0418004	0.000154198	0.00115615
60	0.113568	0.00433652	0.00460083	0.00548842	0.0733454	0.00559615	0.00736515	0.00896155	0.0166453	0.00687006	0.027626	0.00880281	0.00379482	0.00665862	0.0284011	0.332952	0.209621	0.0372066	0.0798557	0.018304
61	0.0374712	0.00787805	0.0102525	0.0175577	0.00864591	0.0120588	0.0144873	0.126217	0.0540256	0.0823477	0.0780097	0.0255183	0.0144281	0.0583441	0.21954	0.0325872	0.0609323	0.13356	0.00109975	0.0050378
62	0.0134916	0.00385745	0.00546101	0.0332265	0.0116814	0.0149631	0.0106804	0.219511	0.16681	0.0569634	0.046057	0.00936756	0.0127067	0.0333534	0.12222	0.0223323	0.0322796	0.17572	0.00143052	0.00788649
63	0.0868772	0.0206897	0.000682016	0.0034489	0.0196301	0.00581001	0.000634948	0.226755	0.0116337	0.12248	0.0726056	0.00326427	0.00162128	0.00100614	0.00740602	0.0391346	0.073489	0.297697	0.000163403	0.00497043
64	0.0966811	0.00210358	0.0088731	0.0110749	0.0061423	0.024967	0.0337444	0.00967651	0.0524677	0.0332239	0.00783084	0.0744712	0.201904	0.0638821	0.0509934	0.284046	0.0235292	0.0101974	0.000847936	0.00334332
65	0.00938763	0.00230396	0.000261058	0.000357339	0.025753	0.00168126	0.000270394	0.482343	0.00029715	0.127027	0.0383362	0.000545237	0.000622128	0.000338099	0.000522078	0.00130117	0.00839683	0.299076	9.22346e-05	0.00108783
66	0.0987128	0.00483732	0.00526854	0.00464493	0.00447576	0.0131436	0.0142476	0.00494633	0.0319476	0.0128796	0.00630508	0.0238932	0.210475	0.0183549	0.0324737	0.468566	0.0338749	0.00782762	0.00101571	0.00210951
67	0.0990536	0.00538281	0.013117	0.0261949	0.00448026	0.0181388	0.0141595	0.0179901	0.0961358	0.0287809	0.0239351	0.0216815	0.186907	0.0744159	0.094396	0.162897	0.0836242	0.0251461	0.000778655	0.00278485
68	0.267191	0.00895175	0.00172074	0.00731305	0.00204367	0.273223	0.00606927	0.0073204	0.0110419	0.00426411	0.00158262	0.0483545	0.00106972	0.00273683	0.00263077	0.28072	0.063099	0.0082346	0.000381842	0.0020515
69	0.0101101	0.00235858	0.00423481	0.0239346	0.00715642	0.0091584	0.0265181	0.214742	0.0823034	0.0982827	0.0590578	0.00868679	0.0033394	0.0979492	0.205992	0.0107391	0.0107281	0.106654	0.000895887	0.0171589
70	0.00735346	0.00165948	0.000347861	0.000497919	0.0154919	0.00211097	0.000318697	0.54472	0.000385735	0.137604	0.0343435	0.000737039	0.00053776	0.000491988	0.00101694	0.00168917	0.00775472	0.241821	0.0001016	0.00101678
71	0.153019	0.0195149	0.0205631	0.00481159	0.00708132	0.0337184	0.00597735	0.0125826	0.00821275	0.00771618	0.00524713	0.0927779	0.0186357	0.0121044	0.00416963	0.463379	0.104771	0.0208289	0.000785771	0.00410344
72	0.0355027	0.000895258	0.00117938	0.0011065	0.0044797	0.00360455	0.00252908	0.00491134	0.0051891	0.0204239	0.00481408	0.00335695	0.837959	0.00671701	0.0116429	0.0305225	0.00602685	0.018241	0.000242115	0.000655842
73	0.0131127	0.0125314	0.00549762	0.00246718	0.0942757	0.00624911	0.0224483	0.00922732	0.00382719	0.0118194	0.00357579	0.00899685	0.00458334	0.00365676	0.00482341	0.0100606	0.0056722	0.00922996	0.00862759	0.759318
74	0.0213617	0.0026154	0.0153261	0.013519	0.007384	0.0216368	0.0216731	0.0132294	0.145732	0.0197323	0.0124836	0.0315106	0.0107006	0.0280037	0.566994	0.027718	0.0177782	0.0145092	0.00309039	0.00500247
75	0.031597	0.00755197	0.000440663	0.00130178	0.0463276	0.0111345	0.000339588	0.34606	0.000779951	0.26941	0.0940807	0.000832003	0.00165674	0.000618409	0.000978934	0.00870439	0.0204103	0.157251	0.00013361	0.000390033
76	0.0212522	0.00685295	0.000311404	0.000839168	0.0484734	0.00585401	0.000311742	0.373485	0.00035656	0.23569	0.0741919	0.000442984	0.00153737	0.00042896	0.000659367	0.00394387	0.0118619	0.212806	0.000102831	0.000598022
77	0.00810394	0.0013327	0.000715062	0.000822291	0.0107386	0.00163285	0.000429486	0.55676	0.00158685	0.0819531	0.0280302	0.00106985	0.000679634	0.000908747	0.00202018	0.00269584	0.00962722	0.289596	0.000126241	0.00117135
78	0.0252878	0.00846979	0.000322284	0.000949325	0.0573314	0.00734641	0.000342342	0.334954	0.000360929	0.273966	0.0865908	0.000425889	0.00196925	0.00046152	0.000744246	0.00483422	0.0127618	0.182467	0.000108771	0.00030609
79	0.0268317	0.00911217	0.000300492	0.000925564	0.0531388	0.00733509	0.000304499	0.34095	0.000583724	0.265765	0.0847874	0.000553497	0.00183542	0.000429116	0.000747278	0.0058917	0.0154359	0.184539	0.00010611	0.00042746
80	0.0176563	0.00121744	0.0137118	0.0126094	0.00174603	0.0199677	0.0182222	0.00836168	0.162373	0.0114667	0.00873502	0.0294717	0.0089265	0.0294958	0.601844	0.020219	0.0168957	0.0106222	0.00279359	0.00366415
81	0.00634679	0.000781937	0.000551379	0.000617322	0.0879965	0.00106469	0.00174766	0.0681745	0.000745747	0.678876	0.0904414	0.000753362	0.000863111	0.00400237	0.000700731	0.00395406	0.00153518	0.0497727	0.000171542	0.000903497
82	0.120846	0.00118673	0.00128049	0.00107197	0.0226041	0.0304888	0.000966744	0.282815	0.00151502	0.00625739	0.00365303	0.00224309	0.000898834	0.00116219	0.00174311	0.00449897	0.0301519	0.484085	0.00037028	0.00216149
83	0.11538	0.00110027	0.00117217	0.00104768	0.0205825	0.0289969	0.000928141	0.277796	0.00150833	0.00547827	0.00341164	0.00233994	0.000800367	0.00113963	0.00180169	0.00396787	0.0272907	0.502871	0.000335557	0.00205122
84	0.0190112	0.0051991	0.000801912	0.00156182	0.0383809	0.00338451	0.000683649	0.251142	0.00272872	0.393083	0.0549427	0.00171005	0.000989044	0.00221428	0.00323437	0.00725785	0.0178779	0.193157	0.000352148	0.00228726
85	0.237899	0.223161	0.00324562	0.00288932	0.00372357	0.279741	0.00265726	0.0434542	0.00334051	0.0304397	0.02154	0.00544086	0.00217569	0.00417683	0.00409879	0.0539899	0.00843055	0.0655699	0.000987293	0.00303894
86	0.00699558	0.0205869	0.0010605	0.00099838	0.423882	0.00151608	0.0026122	0.0857527	0.00122116	0.270428	0.0302527	0.00127191	0.00729384	0.00119793	0.00917658	0.0061769	0.00249706	0.0708688	0.0276064	0.0286042
87	0.00404682	0.00263258	0.00186644	0.00106588	0.808987	0.00123122	0.005357	0.00543643	0.000747972	0.0248227	0.00897918	0.00342426	0.0018084	0.00102925	0.00195871	0.00476627	0.00211643	0.00409508	0.00184914	0.113779
88	0.0040188	0.00118132	0.00049852	0.000485705	0.073827	0.00102538	0.00125778	0.0555542	0.000672179	0.733514	0.07514	0.000639555	0.000717853	0.00448486	0.000698264	0.00388488	0.00107626	0.0396914	0.000493856	0.00113783
89	0.0720613	0.00280306	0.0090449	0.0566106	0.00543777	0.0061997	0.214327	0.0282986	0.0636589	0.0137438	0.0860435	0.0281442	0.00320509	0.10841	0.120779	0.0345841	0.114019	0.0281965	0.00145255	0.00298061
90	0.00382379	0.0334378	0.00284725	0.00128105	0.385934	0.00424505	0.00158164	0.075507	0.00179981	0.244625	0.0100275	0.00168337	0.0121301	0.00172027	0.0172625	0.00950081	0.00315629	0.0440632	0.0808205	0.064553
91	0.0222362	0.00451229	0.0143554	0.015018	0.00434051	0.0210918	0.0163581	0.0131034	0.147826	0.0172388	0.0111244	0.0330861	0.00822242	0.02693	0.581546	0.024068	0.0182817	0.0144028	0.00203781	0.00422015
92	0.00965702	0.00041836	0.000322278	0.00026535	0.00873687	0.000489033	0.000281995	0.468848	0.00034616	0.10567	0.0215546	0.00098125	0.000250059	0.000329169	0.000636404	0.000961674	0.0126376	0.36633	9.95233e-05	0.00118468
93	0.0107801	0.00346046	0.00625825	0.0222172	0.00382106	0.00820928	0.00615274	0.0322475	0.0787314	0.0737021	0.107818	0.0598208	0.00917212	0.0187322	0.148716	0.100782	0.2604	0.0456098	0.0011279	0.00224104
94	0.00583061	0.00207152	0.00283718	0.00259861	0.00275616	0.00302107	0.542326	0.0132968	0.00262291	0.00441624	0.00308193	0.287455	0.00180558	0.0572636	0.0243071	0.0057436	0.0289691	0.00442505	0.000605456	0.0045662
95	0.0398453	0.00294547	0.0208232	0.0349347	0.00803308	0.0112145	0.0229172	0.0136416	0.209354	0.0222601	0.0145668	0.0493675	0.257001	0.0901101	0.0928388	0.0463138	0.0300994	0.0257405	0.00206619	0.00592649
96	0.279844	0.0142496	0.013492	0.0120977	0.0157336	0.0265197	0.0100581	0.068892	0.0173364	0.0291148	0.0202995	0.101806	0.0148804	0.0168412	0.0289058	0.054312	0.0412889	0.22175	0.00250506	0.0100741
97	0.0100048	0.0019311	0.0459859	0.0923592	0.0194885	0.00344034	0.0668431	0.00552594	0.108758	0.00869672	0.0271168	0.144705	0.150837	0.0500951	0.0956971	0.0603511	0.0410644	0.0309195	0.0112823	0.0248983
98	0.0116266	0.000791038	0.538489	0.292158	0.00100524	0.0226472	0.0112469	0.0016209	0.0118097	0.00206783	0.00123762	0.0422198	0.00108598	0.0113406	0.00221254	0.0397895	0.00343416	0.00194801	0.000235329	0.0030339
99	0.554825	0.00958939	0.0130986	0.0206511	0.0108232	0.0397966	0.00583537	0.0271581	0.0105046	0.0232209	0.0103408	0.0124862	0.0316698	0.00973372	0.0122331	0.128916	0.0292258	0.0436946	0.00245852	0.00373859
100	0.0072894	0.00254082	0.00240471	0.00216892	0.187124	0.00291341	0.00223792	0.293091	0.00240036	0.110502	0.0322503	0.00315752	0.00165121	0.00281672	0.0245344	0.00538069	0.00449153	0.181062	0.000737375	0.131245
101	0.356397	0.00313529	0.0132335	0.00464436	0.0055791	0.0539401	0.00349404	0.00615842	0.006379	0.0111502	0.00724823	0.0050319	0.388675	0.0159012	0.00640021	0.0130564	0.00931398	0.0457202	0.0418551	0.00268599
102	0.0155075	0.00479972	0.00482009	0.00648691	0.0751417	0.00559571	0.00344775	0.0941297	0.00554656	0.591893	0.0632709	0.00415773	0.0143047	0.00876653	0.00573886	0.0109251	0.00916977	0.0669623	0.00343185	0.00590391
103	0.00691315	0.00410548	0.000991765	0.0010933	0.00498502	0.00222463	0.000955724	0.00358084	0.0074618	0.00774645	0.00401353	0.00167521	0.00220273	0.001897	0.00899089	0.00317913	0.0023424	0.00272984	0.929164	0.00374694
104	0.114261	0.00407052	0.016483	0.0128245	0.12892	0.038654	0.00796586	0.132746	0.00232999	0.181259	0.0209072	0.0159435	0.002774	0.00294929	0.00325245	0.0337068	0.0413968	0.128765	0.000574225	0.110217
105	0.117958	0.0222063	0.000792601	0.00190514	0.0202418	0.00795739	0.000481601	0.206693	0.00564637	0.120107	0.0701096	0.002864	0.00241093	0.000602484	0.00122204	0.0389525	0.0661616	0.310676	0.000103422	0.00290863
106	0.128643	0.0211813	0.0306137	0.0206694	0.00990715	0.0466068	0.00824647	0.0111665	0.0139215	0.0118997	0.00748649	0.034525	0.0225334	0.0147947	0.0144201	0.500252	0.0725497	0.0194657	0.00348112	0.00763649
107	0.00545935	0.000501105	0.000741595	0.00067271	0.00236614	0.00190589	0.000671961	0.232143	0.00383571	0.0050806	0.00146401	0.00140735	0.00048004	0.000773464	0.000727147	0.00172354	0.0153917	0.723812	0.000189731	0.000652366
108	0.104225	0.00516463	0.000922804	0.000922692	0.0247672	0.0249946	0.00075607	0.302784	0.00214777	0.0258003	0.0126259	0.00260713	0.000934197	0.000996818	0.00128889	0.00996512	0.0441629	0.432615	0.000272825	0.00204596
109	0.025286	0.735528	0.00719602	0.00596373	0.0122795	0.0128715	0.00459282	0.0151648	0.00394354	0.0130235	0.0102809	0.0177534	0.0037243	0.00500084	0.00683865	0.0571397	0.0175819	0.0215477	0.00867531	0.0156082
110	0.0432821	0.00239657	0.156647	0.590715	0.00340866	0.0219788	0.00767902	0.0114558	0.0120243	0.0161057	0.00824895	0.0220247	0.00611745	0.0220268	0.011586	0.0290889	0.0164926	0.0150267	0.000534273	0.00316064
111	0.00597417	0.000351612	0.000331987	0.000303844	0.00980836	0.000441602	0.000259075	0.512472	0.000320094	0.100996	0.0222142	0.000785608	0.000197154	0.00030763	0.000504778	0.000804018	0.0103363	0.332264	0.000109641	0.00121853
112	0.00620661	0.00502045	0.000986101	0.00108944	0.00817176	0.00197073	0.00130265	0.00219889	0.00529388	0.00961087	0.00449673	0.00161042	0.00108403	0.00142254	0.00610241	0.00414428	0.0027134	0.00250245	0.929116	0.00495639
113	0.012481	0.0146231	0.00137052	0.00175868	0.415207	0.00361008	0.00188131	0.117576	0.00199081	0.241213	0.0328407	0.00159572	0.00607017	0.00253999	0.00883202	0.00803949	0.00618555	0.0717383	0.0211181	0.0293285
114	0.119276	0.00239647	0.00826929	0.00480931	0.00245285	0.779397	0.00139295	0.00313745	0.00367974	0.00244975	0.00142167	0.00696814	0.000761414	0.0011328	0.00498536	0.0412353	0.00880921	0.00556949	0.000343344	0.00151183
115	0.0174354	0.00863909	0.00097742	0.000981401	0.307503	0.00378902	0.00296365	0.180783	0.00112071	0.252952	0.0638821	0.00112644	0.00243358	0.00111767	0.00322775	0.00513031	0.0065832	0.129066	0.00388738	0.00639992
116	0.116924	0.0222396	0.0151029	0.0118029	0.00795476	0.0392489	0.0074264	0.0127737	0.0133472	0.0119301	0.00787513	0.034667	0.0156963	0.0159851	0.0150351	0.560281	0.0625107	0.022538	0.00251203	0.00414883
117	0.00637945	0.00478992	0.000936426	0.000832737	0.0050585	0.001514	0.000776049	0.00161185	0.00461584	0.00720255	0.00393217	0.00123672	0.00292535	0.00131404	0.00508821	0.00182847	0.00163668	0.00186255	0.942583	0.003875
118	0.0066763	0.00106537	0.00037296	0.000379948	0.0118538	0.00124405	0.000281221	0.515431	0.000359297	0.1322	0.0276924	0.000839086	0.000391173	0.000372523	0.000711087	0.00122265	0.00938704	0.288465	0.000105027	0.000950071
119	0.00594463	0.00587055	0.000929539	0.000775364	0.132067	0.0015498	0.00161287	0.0629673	0.000801428	0.64348	0.0612882	0.000967086	0.00243368	0.00353559	0.00310975	0.00489452	0.00210751	0.0489202	0.00753982	0.00920492
120	0.0383	0.00409978	0.452876	0.153902	0.00726789	0.0538951	0.0137861	0.0119782	0.0277381	0.0176146	0.0087898	0.0574629	0.00960018	0.0245301	0.024917	0.0457763	0.0202216	0.0137489	0.00761637	0.00587894
121	0.0367031	0.00776927	0.0163995	0.0249769	0.00666623	0.0152691	0.0118333	0.0629771	0.0342175	0.0471325	0.0715614	0.0313102	0.0115436	0.409908	0.0328123	0.092178	0.0377409	0.0431103	0.00160356	0.00428748
122	0.02833	0.00827505	0.000675153	0.00146912	0.075092	0.00738248	0.000964234	0.285775	0.000799763	0.317307	0.0866623	0.000852469	0.00201034	0.000790871	0.00106366	0.00750532	0.0169886	0.155998	0.000160217	0.00189863
123	0.0476162	0.00164058	0.00247421	0.00325968	0.00509853	0.00552971	0.00366297	0.00577109	0.00972466	0.0208955	0.00500502	0.00522454	0.785049	0.0114352	0.0146918	0.0372326	0.0126548	0.0213377	0.000766607	0.000929379
124	0.0337537	0.00287015	0.0277548	0.0276968	0.00501344	0.0306887	0.0137445	0.0113391	0.407731	0.0159491	0.0154495	0.0481096	0.0198089	0.0350107	0.219637	0.0360916	0.0234889	0.0161559	0.00540329	0.00430315
125	0.00428224	0.0303316	0.00193065	0.00159695	0.387355	0.00194286	0.00139021	0.0817483	0.00126154	0.257229	0.0103182	0.00144951	0.0126512	0.00144376	0.0164558	0.0111731	0.00482202	0.0511798	0.0671162	0.0543224
126	0.0316531	0.072041	0.00779431	0.00409746	0.234684	0.00552003	0.0242787	0.00648388	0.00437105	0.0790648	0.0275845	0.103483	0.00459047	0.024068	0.0064237	0.162596	0.0265714	0.0244006	0.00121141	0.149082
127	0.0498266	0.00149641	0.00373011	0.00440702	0.00595134	0.00568083	0.00409804	0.00695602	0.00947239	0.0211734	0.00554637	0.00577043	0.780435	0.010058	0.0149215	0.0346819	0.0102769	0.0202551	0.00131369	0.00394872
128	0.00441518	0.000429613	0.00054592	0.000530032	0.0043278	0.0011455	0.00051177	0.398212	0.00262002	0.0250115	0.00864142	0.00127933	0.000406138	0.000632032	0.00070509	0.00134782	0.0108394	0.537356	0.000153431	0.000890562
129	0.0390396	0.00282219	0.209394	0.193964	0.00249672	0.0430113	0.0336365	0.00858866	0.0320984	0.0250326	0.0110975	0.166107	0.0175919	0.0660353	0.0646464	0.0253988	0.0406617	0.0149959	0.000342399	0.00303976
130	0.0229722	0.0027665	0.0111963	0.0132973	0.00727513	0.021925	0.0161855	0.0103985	0.158391	0.0172086	0.00989193	0.024438	0.0101938	0.0275474	0.582078	0.0235322	0.0169693	0.0134174	0.00370212	0.00661412
131	0.124524	0.0155875	0.0309767	0.0539208	0.0132041	0.0419399	0.0255112	0.114075	0.022687	0.109735	0.0443306	0.0317393	0.0181571	0.0454142	0.0176445	0.0897659	0.0671294	0.129832	0.000394693	0.00343114
132	0.373379	0.0132186	0.0118507	0.00890105	0.0109409	0.0270393	0.00520159	0.0359925	0.0091461	0.0220901	0.0138127	0.0158622	0.0184057	0.0108493	0.00897993	0.102924	0.214089	0.089308	0.0025891	0.00542064
133	0.0318617	0.0190611	0.0946627	0.008974	0.206863	0.0169786	0.0562766	0.0106743	0.00698558	0.0274077	0.010949	0.145056	0.00694867	0.017507	0.0288874	0.0408823	0.0167999	0.0171476	0.00533996	0.230737
134	0.0245337	0.00580203	0.000956546	0.00131137	0.0379438	0.0047008	0.000697728	0.286923	0.00147637	0.32709	0.0540007	0.00156705	0.00125045	0.00169439	0.00160774	0.00708762	0.0173361	0.220916	0.000117005	0.0029873
135	0.138514	0.00090613	0.226919	0.194915	0.00547505	0.0420109	0.00174415	0.00299675	0.0166565	0.00769786	0.00136998	0.0706536	0.0140425	0.036945	0.00279987	0.13723	0.0888702	0.00906661	0.000220957	0.00096512
136	0.269357	0.012793	0.0139976	0.0133671	0.011492	0.0227405	0.0102461	0.0862464	0.0255334	0.0333519	0.0221578	0.0916467	0.013308	0.0237279	0.089414	0.0498643	0.0359677	0.163082	0.00347596	0.00823118
137	0.0144686	0.00493828	0.00566683	0.00659667	0.0710109	0.00476871	0.00280625	0.0994931	0.00309532	0.610465	0.0632231	0.00341891	0.0048605	0.00838959	0.00476469	0.00969956	0.00879198	0.0635593	0.00316767	0.00681521
138	0.136801	0.00305701	0.0035234	0.00687452	0.0180141	0.0092861	0.0552241	0.0264249	0.109589	0.0067244	0.00890657	0.0216982	0.00533074	0.0282787	0.138903	0.202724	0.148301	0.0105682	0.0368074	0.0229638
139	0.0648154	0.003175	0.25685	0.128288	0.00825936	0.0341601	0.00556428	0.113032	0.0126626	0.193138	0.0566385	0.00726895	0.00509276	0.0319318	0.00746134	0.0316919	0.0139388	0.0213537	0.00140527	0.00327132
140	0.0174676	0.000757994	0.0169895	0.0203924	0.000844164	0.0181941	0.0122559	0.00271878	0.269939	0.00491151	0.0083803	0.0363871	0.00147462	0.0303417	0.517142	0.0196786	0.0144066	0.00347198	0.00195	0.00229624
141	0.00123017	0.00096343	0.000621095	0.00056695	0.882137	0.000713268	0.00318119	0.0016542	0.000636615	0.0192948	0.00921624	0.000701929	0.00121277	0.000665233	0.000948867	0.00283184	0.00094788	0.00106889	0.000499157	0.0709085
142	0.0254902	0.000953113	0.313998	0.559717	0.000823471	0.0174424	0.00538653	0.00430927	0.0058495	0.00280483	0.00301524	0.0178822	0.000568627	0.0111802	0.00102166	0.0176669	0.00215764	0.00830316	0.000176441	0.00125328
143	0.0167258	0.00414582	0.0150769	0.0110911	0.00296705	0.0168576	0.0108111	0.0267241	0.106478	0.0752512	0.102137	0.0631414	0.0280168	0.0653815	0.122726	0.176918	0.127337	0.0254762	0.000938604	0.00179896
144	0.039831	0.193263	0.0500476	0.0112545	0.00844837	0.0227983	0.0114723	0.0123816	0.0138669	0.0107029	0.00689528	0.188887	0.00692895	0.0103957	0.0103324	0.332965	0.0403828	0.0181401	0.00242609	0.00858085
145	0.0224396	0.00400971	0.114568	0.14566	0.00473752	0.0505712	0.0153149	0.00875598	0.0903489	0.0954744	0.0456144	0.0219937	0.0108318	0.244031	0.0547177	0.0208982	0.0366412	0.00857859	0.000847783	0.00396633
146	0.020535	0.00608201	0.00738404	0.00687035	0.060814	0.00647222	0.00486278	0.0984307	0.00878577	0.573646	0.0591778	0.00540149	0.0097371	0.0117158	0.0111541	0.0148171	0.0135971	0.0708808	0.00337056	0.00626509
147	0.229347	0.0338013	0.0178228	0.00873679	0.00335867	0.0435268	0.00911889	0.0145695	0.00257993	0.016218	0.00848952	0.0306701	0.0534892	0.0152519	0.00666342	0.354135	0.106465	0.0444623	0.000336255	0.000957437
148	0.211499	0.0168913	0.0192926	0.00848939	0.00393147	0.046453	0.0303963	0.00944844	0.00873129	0.035516	0.00637067	0.0276711	0.117953	0.024588	0.0133922	0.332483	0.0583813	0.026097	0.000618724	0.00179607
149	0.0100135	0.000423615	0.000350377	0.000275287	0.00860991	0.000592892	0.000297451	0.457283	0.000482136	0.102322	0.0209372	0.00102692	0.00025835	0.000341232	0.000687835	0.00100721	0.0128933	0.380872	0.000112741	0.00121352
150	0.0388074	0.00531808	0.471527	0.166156	0.00591013	0.0355	0.0117796	0.0115496	0.020922	0.0155718	0.0109824	0.0565764	0.00926375	0.0251392	0.0228876	0.0484705	0.0212176	0.0149778	0.00162952	0.00581397
151	0.0125385	0.00344661	0.000397373	0.000511652	0.0378398	0.00196905	0.000399767	0.42265	0.000570378	0.137861	0.0465072	0.00088927	0.000864469	0.000480553	0.000918904	0.00289353	0.0110163	0.316087	0.000140048	0.00201851
152	0.00123063	0.000936112	0.000623555	0.000566966	0.882578	0.000711494	0.00318375	0.0015703	0.000637323	0.019087	0.0092239	0.000701763	0.0011969	0.000665651	0.000924105	0.00283076	0.000947249	0.00104357	0.000440353	0.0709001
153	0.041235	0.0115263	0.00429535	0.0042075	0.0158281	0.0100747	0.00255177	0.240129	0.00716605	0.0649469	0.025444	0.00667061	0.0116997	0.00541478	0.00603834	0.0192005	0.0321449	0.486982	0.000400803	0.00404385
154	0.0633077	0.0127567	0.0102255	0.00833223	0.0109258	0.0239446	0.00468115	0.0597031	0.0136428	0.0217116	0.0132298	0.0286952	0.012236	0.0118402	0.014164	0.431432	0.199255	0.0509724	0.00426248	0.0046809
155	0.0223716	0.0107232	0.00356746	0.00367953	0.00234266	0.00604439	0.00200753	0.00435291	0.00423425	0.00926484	0.0033194	0.00652122	0.0180937	0.00415336	0.00513861	0.218435	0.663649	0.0103813	0.000701501	0.00101871
156	0.188254	0.02143	0.0100964	0.00902798	0.0193201	0.0230739	0.00435571	0.14197	0.0100419	0.0804316	0.07983	0.0128022	0.0140561	0.00783853	0.00896189	0.047567	0.0575591	0.256571	0.00137027	0.00544224
157	0.0388664	0.0106662	0.463063	0.161619	0.00810309	0.0427322	0.0131253	0.0119254	0.0237474	0.0218293	0.00970703	0.0501374	0.00997829	0.0248372	0.0201052	0.0456956	0.0232209	0.0126755	0.00141987	0.00654575
158	0.0865925	0.00233052	0.00543783	0.00434927	0.00523044	0.00889994	0.00362843	0.00676647	0.00809336	0.0203431	0.00497146	0.00664554	0.723639	0.0145789	0.0131262	0.0418226	0.0159153	0.0234638	0.00258147	0.00158366
159	0.014799	0.00452723	0.132019	0.0927385	0.00610458	0.00823452	0.0046563	0.0131001	0.0109287	0.128013	0.385167	0.00705543	0.00437442	0.0104393	0.0089202	0.0510372	0.0717067	0.0403846	0.00162894	0.00416586
160	0.0381647	0.00344537	0.0244896	0.0249685	0.00536698	0.0241591	0.0140393	0.0190481	0.398897	0.0190833	0.0159244	0.0485809	0.0151898	0.0363783	0.211085	0.0405806	0.0308989	0.0219496	0.00333487	0.00441643
161	0.0406648	0.00260493	0.151167	0.625091	0.00271173	0.0159748	0.00604632	0.0109337	0.0139649	0.0102312	0.00644009	0.0181056	0.00666571	0.0199387	0.0118678	0.0231852	0.0138693	0.0165133	0.000809958	0.00321353
162	0.0398142	0.0018852	0.00398008	0.00362715	0.00750286	0.00360234	0.0039079	0.00662871	0.00984579	0.0208309	0.00575666	0.00649447	0.795685	0.0111849	0.0135428	0.0337688	0.00912221	0.0204731	0.000997539	0.00134977
163	0.0344466	0.000986293	0.0012322	0.00131648	0.00408857	0.00355843	0.00232725	0.00544477	0.00438487	0.0181497	0.00443493	0.00318177	0.836426	0.00630035	0.00993947	0.031781	0.00627756	0.0246333	0.000325208	0.000765133
164	0.0198311	0.00555448	0.000506058	0.00110891	0.0441512	0.00681534	0.000530705	0.345341	0.000569956	0.310282	0.077191	0.000741917	0.00139734	0.000905285	0.000978149	0.00493574	0.0125854	0.165887	0.000103471	0.000582979
165	0.0243942	0.00610414	0.00209153	0.00199976	0.0123516	0.00537919	0.00169712	0.261793	0.00332435	0.0400104	0.00955257	0.0262415	0.00152686	0.00228358	0.00279758	0.0226759	0.182452	0.391053	0.000620174	0.00165093
166	0.0475324	0.0150443	0.0101979	0.0121418	0.00868382	0.0177675	0.00588081	0.0397156	0.0165027	0.0232351	0.0139512	0.0149485	0.0127055	0.016044	0.0201215	0.138538	0.528312	0.0519642	0.00240311	0.00431011
167	0.694954	0.0080579	0.00118088	0.00163137	0.000670524	0.0773608	0.00122252	0.00232631	0.00178317	0.00447912	0.000953126	0.00630988	0.00115511	0.00102742	0.00102241	0.166493	0.0145931	0.0136324	0.000171771	0.000974964
168	0.0568946	0.0131923	0.0418638	0.0256306	0.0115729	0.044968	0.0329608	0.0224934	0.0343642	0.0194037	0.0128104	0.373301	0.0096572	0.022438	0.0306243	0.119602	0.0883516	0.027012	0.0012004	0.0116587
169	0.0397956	0.0112394	0.015358	0.0149022	0.0106978	0.021962	0.011372	0.0370335	0.0221977	0.0270339	0.0152018	0.0193504	0.0140744	0.0149454	0.0201991	0.143616	0.504585	0.0484089	0.00310704	0.00492042
170	0.00864585	0.0017302	0.000340635	0.000470789	0.0127887	0.00127932	0.000256381	0.54117	0.00059585	0.0947256	0.0313746	0.00102192	0.000388564	0.000357766	0.000885077	0.00246829	0.010647	0.289625	9.55741e-05	0.001133
171	0.020828	0.00594408	0.00380956	0.00522348	0.0766275	0.00548822	0.00336617	0.0926222	0.00654068	0.581592	0.0577557	0.00541076	0.00623387	0.00989821	0.00898902	0.0155077	0.0134326	0.0687743	0.00379595	0.00816032
172	0.120203	0.0358198	0.0141248	0.0111146	0.00882187	0.0362307	0.00769151	0.0168107	0.0130517	0.0146169	0.00998196	0.027314	0.0213354	0.0127069	0.013642	0.533349	0.070366	0.0243901	0.00478071	0.00364872
173	0.0235109	0.00443816	0.00182555	0.00179592	0.0162375	0.00506909	0.000710879	0.47179	0.00201166	0.0882024	0.0323311	0.00285094	0.00112661	0.00122803	0.00185735	0.00889036	0.0225302	0.310856	0.000310205	0.002427
174	0.0156661	0.00413877	0.00384321	0.00339627	0.0576829	0.00497097	0.00283013	0.10171	0.00467423	0.609548	0.0659931	0.00397287	0.00643771	0.00729533	0.0086354	0.00886091	0.0115014	0.0724465	0.00163081	0.00476578
175	0.789241	0.00468964	0.000577242	0.000471447	0.000467686	0.0204093	0.000341528	0.00074183	0.00049502	0.0036795	0.00055234	0.000581778	0.000337584	0.000506336	0.000544277	0.157256	0.00678597	0.0118564	0.000100578	0.000364989
176	0.127518	0.022461	0.0010485	0.00073696	0.0202396	0.00876624	0.000500763	0.201705	0.00601411	0.110826	0.0644991	0.00285711	0.00264849	0.000674453	0.00112708	0.0394892	0.0631469	0.322726	0.000104956	0.00291118
177	0.0117357	0.000814483	0.549695	0.301897	0.000902009	0.0197344	0.00968234	0.00179107	0.0101622	0.00183834	0.00133798	0.0343477	0.000816669	0.0105001	0.00202409	0.0344773	0.0026835	0.00272372	0.000227869	0.00260835
178	0.0219182	0.014005	0.00396988	0.00285975	0.0957967	0.00496864	0.0225373	0.0076261	0.00577918	0.0112482	0.00531612	0.00930994	0.00298772	0.00432643	0.00786406	0.0142035	0.00669358	0.00821413	0.0059571	0.744418
179	0.0445387	0.00118018	0.00301348	0.00385471	0.00493677	0.00485513	0.00607565	0.00533474	0.00701629	0.0192374	0.00573252	0.00651905	0.800804	0.011055	0.0137953	0.0317694	0.00845435	0.0199468	0.000896066	0.000984452
180	0.0970484	0.031139	0.00134063	0.00137218	0.0259161	0.00806003	0.00163832	0.20263	0.00604277	0.11771	0.0580032	0.00484178	0.00234264	0.00203685	0.00282953	0.0335743	0.0547082	0.344538	0.000286417	0.00394209
181	0.0346066	0.000874721	0.127377	0.773005	0.000656909	0.0100064	0.00151358	0.00556769	0.00144991	0.00452712	0.00321875	0.00520578	0.000449127	0.0107302	0.000937189	0.00504171	0.00174437	0.0123927	0.000171375	0.000523345
182	0.0206368	0.00117262	0.0113302	0.0132689	0.00106898	0.0177801	0.0109814	0.00582936	0.433963	0.00745142	0.0106119	0.0326091	0.00593528	0.0243394	0.355282	0.0210687	0.0159388	0.00671347	0.00216477	0.00185452
183	0.0304931	0.00689037	0.000718704	0.00162947	0.0116966	0.00257748	0.000554516	0.318374	0.00237107	0.148602	0.0305147	0.00727339	0.000898533	0.000820522	0.00202384	0.0129135	0.0563286	0.363789	0.000194468	0.00133539
184	0.177214	0.0458985	0.00111692	0.00119287	0.00653407	0.00167665	0.000948224	0.0017888	0.00136042	0.00197845	0.00133618	0.00212701	0.00101444	0.0047858	0.00136996	0.71235	0.0237622	0.0122548	0.000422603	0.000867159
185	0.0512589	0.444846	0.00786818	0.00578941	0.0345186	0.0251877	0.00386423	0.105162	0.00746207	0.072469	0.0281929	0.0144816	0.00589444	0.00518986	0.00797316	0.0495681	0.0265617	0.0874934	0.00592813	0.0102913
186	0.00668129	0.0110816	0.00326755	0.00228121	0.0988968	0.00391936	0.0220989	0.0103026	0.00265656	0.0131015	0.00305486	0.00811045	0.00279301	0.00280193	0.00342563	0.00576276	0.00447727	0.00896219	0.0015664	0.784758
187	0.0101263	0.00146775	0.000435397	0.000745717	0.0117387	0.00140518	0.000356908	0.410447	0.000651797	0.161174	0.0288734	0.0018526	0.000561565	0.000470233	0.00103853	0.0019677	0.018699	0.347037	0.000159038	0.00079208
188	0.114189	0.0250797	0.0217341	0.0158245	0.00725198	0.0514307	0.00740618	0.014885	0.0175601	0.0172783	0.0100086	0.042126	0.0191811	0.0153093	0.0162499	0.507818	0.0676863	0.0224998	0.00220593	0.0042757
189	0.0336441	0.0037515	0.470341	0.176167	0.0096891	0.0385651	0.0127599	0.013041	0.0196093	0.0183934	0.00936079	0.0556527	0.00991957	0.0234534	0.0182155	0.0421072	0.0233097	0.0148307	0.00154394	0.00564454
190	0.0368281	0.0059392	0.467604	0.160487	0.00799129	0.0377697	0.0146719	0.011176	0.020891	0.0167583	0.0108895	0.0538566	0.00930697	0.0262871	0.0199983	0.0478711	0.0262089	0.0126128	0.00287604	0.00997698
