204	20
1	0.0332698	0.00220948	0.00160621	0.00751795	0.00166041	0.00141502	0.00438829	0.397957	0.00826788	0.0308706	0.0152652	0.00279927	0.00085212	0.00675334	0.00461232	0.00853636	0.0680915	0.396524	0.000284559	0.00711842
2	0.084873	0.00531702	0.119501	0.166521	0.00736502	0.0300224	0.0215685	0.020213	0.090423	0.019582	0.0141806	0.0564377	0.0151038	0.113317	0.0664361	0.0756644	0.0569769	0.0218328	0.000565437	0.0140988
3	0.0685444	0.00972391	0.0436678	0.05457	0.00713605	0.0397422	0.0240605	0.0187137	0.171812	0.0227604	0.0166103	0.0678445	0.0119971	0.075127	0.137867	0.131705	0.0595723	0.0237175	0.000730971	0.0140975
4	0.0135482	0.00129434	0.00216092	0.00707477	0.364691	0.00236573	0.0415744	0.0235791	0.00471622	0.101112	0.00909315	0.00988225	0.00877687	0.00334434	0.00861293	0.00472846	0.00834615	0.0250695	0.00172796	0.358302
5	0.0548335	0.00932185	0.0278602	0.0392116	0.0196252	0.0211791	0.0199748	0.132096	0.100077	0.0707084	0.0332112	0.0415398	0.0118148	0.0438711	0.149011	0.0575568	0.0558216	0.0893291	0.00146005	0.021496
6	0.0456355	0.00807021	0.00735225	0.0123788	0.0517812	0.0096731	0.0145458	0.0309043	0.0351259	0.0706489	0.0163018	0.024632	0.512192	0.0160611	0.0456852	0.0332643	0.0237527	0.0261141	0.00105173	0.0148285
7	0.098569	0.00449855	0.0605607	0.107627	0.0105032	0.02543	0.0201086	0.0235544	0.121658	0.0296257	0.015425	0.0645056	0.00858883	0.0886084	0.091794	0.11062	0.0765913	0.0263993	8.90791e-05	0.0152428
8	0.0288017	0.028427	0.0222984	0.0230354	0.00256288	0.0195527	0.00613285	0.00603465	0.188545	0.018959	0.00525443	0.0991431	0.00383767	0.058479	0.0816244	0.231795	0.125644	0.0448671	0.000834676	0.00417208
9	0.015202	0.00494105	0.00111903	0.00111058	0.023897	0.00474965	0.000932391	0.0857669	0.00241673	0.621834	0.156767	0.00385183	0.00073146	0.00250285	0.00140471	0.00432133	0.0167932	0.0501569	0.000239153	0.00126197
10	0.040438	0.00366504	0.446876	0.253782	0.00300535	0.0234878	0.00108628	0.00141414	0.00630702	0.00614128	0.00149155	0.0753269	0.0126671	0.0249269	0.00200645	0.0662066	0.012115	0.00269836	0.000239501	0.0161186
11	0.033207	0.00223122	0.466822	0.281407	0.00411106	0.0190586	0.000929013	0.00113036	0.00664528	0.00364825	0.00102516	0.0605636	0.0081676	0.0335547	0.00167732	0.0477142	0.00705166	0.00204984	0.000232249	0.0187732
12	0.0265795	0.00605236	0.000925762	0.00348515	0.00766094	0.00140904	0.00165656	0.393215	0.00335161	0.207926	0.0290113	0.00139232	0.00206742	0.00168584	0.00171296	0.00559216	0.0276698	0.273334	0.00273174	0.00254105
13	0.0304838	0.000520794	0.00102909	0.00742831	0.000664862	0.00084228	0.00411111	0.436419	0.00776785	0.0306008	0.0141935	0.00157437	0.000653039	0.00400894	0.0044379	0.00556805	0.0602425	0.382031	0.000244715	0.00717755
14	0.381366	0.019533	0.0203988	0.00309371	0.00649652	0.157518	0.00475102	0.00294211	0.0062309	0.00303598	0.00373209	0.0154717	0.00110239	0.00825981	0.00583832	0.324486	0.0227665	0.0107726	0.000301697	0.00190211
15	0.025064	0.00625445	0.0119333	0.0238281	0.00569928	0.0129293	0.180942	0.0151486	0.0159031	0.0156803	0.0133943	0.103262	0.00763492	0.440392	0.0129801	0.027158	0.0390615	0.0276263	0.00224892	0.0128589
16	0.0294172	0.00267157	0.100519	0.248937	0.00121735	0.0252575	0.0319086	0.00587181	0.141604	0.0032993	0.0102912	0.0370256	0.00254185	0.176969	0.0969007	0.0270483	0.0369828	0.0124008	0.000396359	0.00874018
17	0.033207	0.00223122	0.466822	0.281407	0.00411106	0.0190586	0.000929013	0.00113036	0.00664528	0.00364825	0.00102516	0.0605636	0.0081676	0.0335547	0.00167732	0.0477142	0.00705166	0.00204984	0.000232249	0.0187732
18	0.0306014	0.000520616	0.00102505	0.00742633	0.000664862	0.000842315	0.00410756	0.436315	0.00777714	0.0305864	0.0141507	0.00157379	0.000653079	0.00401116	0.00443319	0.00557767	0.0603817	0.38193	0.000244719	0.00717761
19	0.0301057	0.000624128	0.000999604	0.00731495	0.000841995	0.000835379	0.00399056	0.434893	0.00755918	0.0364149	0.0143559	0.00156926	0.000681407	0.00391919	0.00451643	0.00552976	0.0592412	0.379266	0.000347612	0.00699399
20	0.108154	0.00465964	0.0643532	0.105239	0.00874536	0.0376079	0.0195615	0.0338342	0.0993487	0.0279279	0.0131693	0.0661233	0.00841383	0.0828925	0.0738079	0.117894	0.0868295	0.0277246	0.000102317	0.0136108
21	0.0703268	0.0155053	0.0335125	0.0435009	0.0101515	0.0258443	0.0180744	0.0777671	0.0524655	0.0271831	0.0217393	0.0586944	0.011418	0.041612	0.08947	0.169686	0.178636	0.0407033	0.00188834	0.0118207
22	0.023209	0.00793024	0.000801103	0.00179018	0.0130038	0.00240576	0.000558692	0.322914	0.00177825	0.354163	0.0576517	0.00177106	0.00225647	0.00109268	0.000734604	0.00538772	0.0155396	0.183249	0.00319696	0.000566108
23	0.0182728	0.0152827	0.0555693	0.07538	0.0016907	0.0963716	0.0336457	0.00234676	0.180992	0.00861618	0.0190705	0.0627435	0.00144637	0.136502	0.146157	0.0900456	0.0392547	0.00306531	0.000224745	0.0133233
24	0.00297566	0.000984598	0.0016715	0.00275494	0.00197935	0.00859529	0.0329682	0.00239012	0.333843	0.00294443	0.00284797	0.0274488	0.000966632	0.0338187	0.488323	0.0249762	0.0116503	0.00841778	0.000327107	0.0101162
25	0.0105501	0.00112089	0.00196648	0.00202189	0.588055	0.0020253	0.0200234	0.0310184	0.00222466	0.14745	0.00843088	0.0095656	0.0142276	0.00243373	0.00374006	0.00365227	0.00973153	0.0255853	0.00031045	0.115866
26	0.0266497	0.00828928	0.00103003	0.00244434	0.0101808	0.00199574	0.000802935	0.381899	0.00242202	0.264077	0.0361029	0.00142393	0.00252934	0.00115277	0.00116965	0.0071186	0.0185351	0.227327	0.00354885	0.00130109
27	0.0756094	0.00620482	0.0589868	0.0970371	0.00928255	0.0317743	0.0217296	0.0163348	0.146015	0.0269943	0.0167479	0.0709316	0.00658367	0.098548	0.114085	0.097326	0.0694007	0.0198792	0.000124711	0.0164044
28	0.0146603	0.00479194	0.000881863	0.000938001	0.0239482	0.00439399	0.00071647	0.0839028	0.00195247	0.629449	0.157745	0.00379943	0.000517391	0.0023002	0.000938896	0.00385073	0.01598	0.0482747	0.000226987	0.000731887
29	0.0412509	0.00283946	0.0203659	0.0246104	0.0104847	0.00779254	0.0129168	0.00955897	0.0431321	0.022861	0.00726543	0.0235577	0.63165	0.0186733	0.0578269	0.0355542	0.0142561	0.0100762	0.000711449	0.0046159
30	0.0353926	0.0211925	0.0106394	0.00978629	0.00598915	0.0107152	0.181126	0.0111428	0.0124294	0.0107582	0.0108662	0.384117	0.00495978	0.0221232	0.0475107	0.0785883	0.0458489	0.0129835	0.00137568	0.0824558
31	0.015204	0.00487508	0.000925177	0.00116837	0.0237776	0.00429977	0.000764592	0.0980066	0.00258796	0.606314	0.155392	0.00374493	0.000605375	0.00261086	0.00150474	0.00409674	0.0162141	0.0555235	0.000383364	0.00200155
32	0.0147558	0.0048222	0.000902951	0.00111862	0.0241266	0.00438385	0.000722268	0.0892014	0.00253385	0.620024	0.155404	0.00367364	0.000525383	0.00245299	0.00143273	0.00393273	0.0161671	0.0520765	0.000358282	0.00138615
33	0.010398	0.00173199	0.00175677	0.00175691	0.483552	0.00239996	0.0103461	0.0410885	0.00204206	0.277576	0.042243	0.00767527	0.0100501	0.00236003	0.00208855	0.00361864	0.011219	0.0266375	0.000227613	0.0612319
34	0.192105	0.0118976	0.0265375	0.0266529	0.00711134	0.0984387	0.0508368	0.0172711	0.0287196	0.0165663	0.0148331	0.0634504	0.00596035	0.0330845	0.0271655	0.210853	0.0926951	0.0201743	0.0014745	0.0541723
35	0.180394	0.0198677	0.0679638	0.043559	0.00732818	0.159084	0.0170247	0.0224838	0.0441013	0.0228179	0.0197474	0.0496976	0.0128353	0.0354999	0.0398053	0.167231	0.0529505	0.02573	0.00139338	0.0104848
36	0.0452877	0.00548417	0.0173607	0.0198005	0.0402418	0.01261	0.0152728	0.0112608	0.0401947	0.0212838	0.0119503	0.0623299	0.501897	0.0234813	0.048967	0.0758253	0.0247755	0.0128111	0.00139252	0.00777308
37	0.111898	0.00653515	0.0190696	0.0224747	0.00908373	0.0118472	0.0126239	0.0110765	0.0363256	0.0213861	0.00904931	0.0251971	0.557056	0.0169992	0.0450454	0.0438069	0.0205982	0.0131796	0.000902307	0.00584492
38	0.161411	0.016401	0.0742637	0.0528294	0.00833043	0.151192	0.0182219	0.0205985	0.0489047	0.0213602	0.0185314	0.054999	0.0136357	0.0434493	0.0398184	0.164185	0.0531919	0.0243541	0.00129918	0.0130227
39	0.0598675	0.0324084	0.0107059	0.00915329	0.0118885	0.0093464	0.00839197	0.103725	0.0111056	0.0244902	0.023522	0.02417	0.00639795	0.00978429	0.00939078	0.0674016	0.308923	0.262442	0.00122936	0.00565619
40	0.199255	0.0190584	0.0555457	0.036578	0.00773167	0.154987	0.0178666	0.0197073	0.040587	0.0207391	0.016562	0.0472126	0.0114922	0.0402269	0.0330758	0.191743	0.0508932	0.025042	0.00165943	0.0100373
41	0.0395356	0.00667067	0.0294618	0.0451828	0.00661971	0.0277438	0.0261818	0.0246176	0.236351	0.0255695	0.0165683	0.0484666	0.0231553	0.0634609	0.230681	0.0666564	0.0387267	0.0302607	0.000892231	0.0131981
42	0.084222	0.0203641	0.0407208	0.0333135	0.0100058	0.0313687	0.0190599	0.0489592	0.0325925	0.042424	0.0332096	0.0534072	0.016154	0.0327634	0.0258943	0.123729	0.272623	0.064977	0.00218186	0.0120304
43	0.0704194	0.00740219	0.0486359	0.0195385	0.00291555	0.0193091	0.00386761	0.00906736	0.0124735	0.00595008	0.0245268	0.0181809	0.0098682	0.0130035	0.00500221	0.20119	0.496246	0.0283179	0.000847489	0.00323793
44	0.177608	0.0928454	0.0073108	0.00350748	0.00422609	0.0124195	0.0042507	0.0711312	0.00508562	0.0586538	0.0686796	0.0165668	0.0132709	0.00560256	0.00518484	0.141262	0.175719	0.132509	0.00086981	0.00329687
45	0.0426367	0.00484119	0.00177347	0.00702062	0.00212895	0.00146536	0.00373247	0.412907	0.00702132	0.0524254	0.016603	0.00227701	0.00124586	0.00390533	0.00407356	0.0112965	0.0573473	0.360323	0.000605285	0.00637074
46	0.0196024	0.00136788	0.00141855	0.0123513	0.0555427	0.00216827	0.00130267	0.179845	0.0471117	0.283293	0.0816085	0.00223774	0.000995896	0.0171125	0.0304333	0.00996073	0.0407431	0.168014	0.000830108	0.0440606
47	0.438484	0.0400777	0.012573	0.00369305	0.00356164	0.131458	0.00574975	0.00865762	0.00850018	0.00605964	0.00543857	0.0149807	0.00227554	0.00762552	0.00670211	0.256294	0.0260528	0.0187453	0.000519165	0.00255131
48	0.0260366	0.00896386	0.000941274	0.00217723	0.0112229	0.00197657	0.000568659	0.378101	0.00181152	0.285888	0.0375259	0.00140459	0.00268891	0.00089653	0.000763121	0.00598522	0.0146216	0.213755	0.00404283	0.00062946
49	0.463593	0.026875	0.00917343	0.00152986	0.00302739	0.102756	0.00456146	0.00394571	0.00706143	0.0030161	0.00346072	0.0138925	0.00180546	0.00661049	0.00626021	0.29735	0.0266272	0.0168255	0.000278629	0.00135031
50	0.00297566	0.000984598	0.0016715	0.00275494	0.00197935	0.00859529	0.0329682	0.00239012	0.333843	0.00294443	0.00284797	0.0274488	0.000966632	0.0338187	0.488323	0.0249762	0.0116503	0.00841778	0.000327107	0.0101162
51	0.0319336	0.00331726	0.0901873	0.231042	0.00206936	0.0267155	0.0327772	0.00558443	0.144833	0.00534821	0.0123451	0.0383534	0.002849	0.17284	0.104266	0.0335359	0.037366	0.0132522	0.00033773	0.011047
52	0.0146573	0.00479397	0.000877222	0.000906955	0.023956	0.00441537	0.000716812	0.0838184	0.00195458	0.629973	0.157674	0.00379381	0.000493018	0.00224755	0.000913356	0.00384731	0.0159317	0.0481231	0.00022809	0.000678528
53	0.0110865	0.0011309	0.00205131	0.00243779	0.510247	0.0020803	0.0254933	0.0254433	0.00219672	0.124908	0.00754144	0.0118472	0.0120493	0.00248849	0.00512423	0.00412691	0.00888092	0.0228136	0.000396427	0.217656
54	0.0156077	0.00524178	0.00139484	0.0015981	0.0239482	0.00528787	0.000982103	0.0859054	0.00352453	0.603133	0.16479	0.00513123	0.00100008	0.00348059	0.00221617	0.00521868	0.0180053	0.0509343	0.000248346	0.00235191
55	0.0615219	0.013654	0.0635321	0.0513618	0.0200755	0.0350859	0.0498012	0.0244948	0.0516677	0.0281213	0.0245712	0.21177	0.0181575	0.0506856	0.0546624	0.112538	0.0722195	0.0272413	0.00175529	0.027083
56	0.408337	0.0214493	0.0180136	0.00981398	0.00464573	0.0949961	0.00696395	0.00663692	0.0128444	0.00579261	0.0086402	0.0252208	0.00354088	0.0137527	0.0124406	0.289766	0.0328119	0.0206166	0.000589691	0.00312625
57	0.215036	0.0213366	0.0378255	0.0242876	0.00837879	0.0724616	0.0165427	0.0209952	0.0317774	0.0153834	0.0162706	0.0608203	0.00784072	0.0272152	0.027577	0.27395	0.0744963	0.0325709	0.00124783	0.0139864
58	0.0398773	0.00733295	0.328661	0.186111	0.00424254	0.0426403	0.00918708	0.00769707	0.031951	0.00974934	0.00912803	0.111204	0.0136736	0.0452505	0.0196972	0.073239	0.0355203	0.0113605	0.000489904	0.012988
59	0.0362198	0.00253375	0.457952	0.275189	0.00378633	0.0207745	0.00104751	0.00172563	0.00744497	0.00379983	0.0012259	0.0586323	0.0130414	0.0341464	0.00276538	0.0503771	0.00910627	0.00274061	0.000276728	0.0172149
60	0.0400809	0.00751991	0.027416	0.0382993	0.00623592	0.0280063	0.0301248	0.0166273	0.206741	0.0187285	0.0140737	0.0500054	0.0158994	0.0582459	0.30637	0.0632526	0.0383399	0.0174254	0.000778325	0.0158294
61	0.20594	0.0180531	0.0683901	0.0431519	0.00647346	0.155373	0.0134576	0.0173548	0.0372709	0.0221137	0.0206162	0.0469095	0.00989512	0.0341669	0.031355	0.190822	0.0464663	0.0219661	0.00160011	0.00862444
62	0.0340666	0.00910381	0.00473296	0.0085921	0.0120975	0.00527636	0.00408209	0.346295	0.0140332	0.180351	0.0389731	0.00811158	0.00304282	0.00762215	0.00905079	0.0190812	0.0437106	0.242225	0.00193409	0.00761732
63	0.0301512	0.0155849	0.464747	0.179756	0.00192781	0.100456	0.00185504	0.00247345	0.0113535	0.0038536	0.00250003	0.0734123	0.00419693	0.0120651	0.00200105	0.0759565	0.00713072	0.00372666	0.000287199	0.00656593
64	0.0248375	0.00110578	0.00205658	0.00673257	0.00128047	0.00230852	0.0043371	0.318153	0.00751498	0.0223547	0.0171435	0.00289239	0.00115454	0.00566916	0.00442183	0.00661505	0.075846	0.488939	0.000572401	0.00606497
65	0.0298568	0.00146002	0.00100552	0.00683289	0.00188661	0.000903845	0.00369231	0.430599	0.00705252	0.0570029	0.0165326	0.00154812	0.000832513	0.00368361	0.0040259	0.00554853	0.0552702	0.365157	0.000662524	0.00644581
66	0.0143754	0.00287536	0.0131779	0.0202784	0.00328056	0.0168703	0.0319177	0.00686929	0.292585	0.00859732	0.00664187	0.0358665	0.00518197	0.0479249	0.408105	0.0399772	0.0212635	0.0123155	0.000447255	0.011449
67	0.0162823	0.00333823	0.172775	0.175773	0.00327293	0.0928879	0.00416746	0.00696268	0.049421	0.00610905	0.00955631	0.275816	0.00312703	0.0759691	0.00720575	0.0289931	0.05255	0.0108156	0.000907793	0.00406931
68	0.0817427	0.00389567	0.0775186	0.140138	0.00838555	0.0239416	0.0209189	0.0188365	0.120124	0.0233788	0.0140543	0.0574488	0.0153217	0.10747	0.0920001	0.0909158	0.0682172	0.0222663	0.000155119	0.0132702
69	0.0301373	0.000585917	0.00108189	0.00736528	0.000747934	0.000930177	0.00414514	0.43213	0.00770286	0.032044	0.014406	0.00162839	0.00066707	0.00398682	0.00439142	0.00558211	0.0612248	0.383685	0.000307707	0.00725016
70	0.030496	0.00378839	0.0113468	0.0167777	0.0238173	0.0144701	0.00835149	0.112946	0.181026	0.149539	0.079621	0.0150914	0.00525822	0.0603878	0.0623371	0.0422048	0.031338	0.128473	0.00113388	0.0215949
71	0.0359663	0.00286687	0.155064	0.120259	0.00249585	0.038831	0.00606369	0.00644543	0.0140608	0.00587115	0.0239075	0.196914	0.00543035	0.0336525	0.0048123	0.149001	0.168369	0.025934	0.00078167	0.00327375
72	0.0223767	0.00509475	0.0053982	0.007118	0.476494	0.00498136	0.0224198	0.0417842	0.0072346	0.151265	0.0196608	0.0129574	0.0144986	0.00680238	0.00768614	0.012746	0.0173952	0.0345889	0.00114541	0.128353
73	0.469783	0.0255067	0.0088557	0.00136977	0.0028781	0.103175	0.00473088	0.00289068	0.00689973	0.00237511	0.00229334	0.0133292	0.00104334	0.00657866	0.00619604	0.302851	0.0232197	0.0145316	0.000213409	0.00127841
74	0.017518	0.0154113	0.0541759	0.0756563	0.00150918	0.101255	0.033621	0.00323139	0.178566	0.00876019	0.0206344	0.0598774	0.00143764	0.136168	0.142109	0.0951687	0.0375043	0.00418989	0.000247143	0.0129584
75	0.0119939	0.00119909	0.00205438	0.00207219	0.581205	0.00212586	0.0228243	0.0316112	0.00225492	0.133661	0.00959101	0.00956881	0.0168266	0.00264834	0.0039514	0.00402689	0.0108634	0.0289347	0.000327365	0.122259
76	0.00944335	0.00253673	0.00827222	0.0131336	0.00327237	0.0127882	0.0315014	0.00519828	0.312419	0.00601857	0.00499338	0.0333073	0.00736258	0.0410631	0.435759	0.0328113	0.0168739	0.0113685	0.000359326	0.0115181
77	0.0199858	0.00699236	0.000965631	0.00185287	0.018438	0.0032891	0.000628856	0.226375	0.00371163	0.454081	0.100308	0.00242038	0.00159571	0.00216859	0.00181782	0.00499183	0.0145148	0.131386	0.0020561	0.00242127
78	0.0303626	0.000553364	0.0010258	0.00739281	0.000728932	0.000852118	0.00406409	0.43602	0.00773339	0.0322333	0.0143331	0.0015723	0.000657464	0.00398873	0.00436889	0.00557613	0.059936	0.381215	0.00025402	0.00713241
79	0.0251668	0.00773149	0.000964065	0.00341657	0.0237395	0.0018153	0.000803949	0.354376	0.00641063	0.277423	0.0407957	0.00166148	0.00254345	0.0025278	0.00432841	0.00620203	0.0184646	0.21079	0.00345115	0.00738754
80	0.0214134	0.00619906	0.00404618	0.00462611	0.0477045	0.00550549	0.00329821	0.134748	0.00912334	0.492522	0.117084	0.00682226	0.00557806	0.00668527	0.0057226	0.00965201	0.0221454	0.085854	0.000921026	0.0103501
81	0.0491855	0.00706741	0.369426	0.19858	0.00493665	0.042182	0.00692622	0.00873258	0.0267709	0.0112728	0.00738515	0.0596968	0.0203305	0.038885	0.0189617	0.0732941	0.030813	0.0109017	0.000896732	0.0137556
82	0.0526887	0.00534034	0.219226	0.207113	0.00687931	0.0320852	0.0193601	0.0200175	0.0610157	0.0163752	0.0125341	0.0603347	0.025454	0.0673686	0.0395501	0.0663753	0.0414933	0.0217558	0.00163561	0.023398
83	0.324726	0.0735456	0.00731958	0.00307545	0.00387273	0.0461788	0.00370242	0.0520674	0.0055007	0.0304088	0.023671	0.0147291	0.00728475	0.00462429	0.00491746	0.18767	0.0849616	0.118552	0.000636773	0.00255613
84	0.0457513	0.0061572	0.353438	0.19673	0.00553353	0.0369292	0.00706229	0.0119023	0.0259155	0.0107721	0.00864395	0.0612555	0.0214805	0.0414841	0.0185646	0.0735554	0.0434418	0.0163326	0.000933661	0.0141168
85	0.210337	0.00406559	0.0206839	0.00647007	0.020334	0.0247426	0.0290805	0.00686949	0.00705552	0.00788578	0.0767897	0.165017	0.00424061	0.0897972	0.00649307	0.273912	0.0316299	0.00892897	0.000940625	0.00472591
86	0.0202978	0.005475	0.00265816	0.00293026	0.0210472	0.00730262	0.00198845	0.0888145	0.00563378	0.504737	0.235001	0.00731656	0.00340968	0.0065851	0.00362014	0.0103392	0.0201728	0.0486177	0.000802878	0.00325005
87	0.119297	0.013803	0.0408837	0.0206567	0.00424073	0.0399775	0.0120439	0.0192432	0.0186378	0.0124809	0.0221683	0.046016	0.00879758	0.0190145	0.0139799	0.248244	0.298854	0.035071	0.000847441	0.00574169
88	0.0749927	0.00508256	0.0431007	0.0375392	0.00461692	0.0138136	0.0304548	0.0139112	0.147237	0.0158613	0.011574	0.150423	0.0129089	0.108363	0.0907526	0.142592	0.0589166	0.0127771	0.000441738	0.0246401
89	0.0936386	0.00290085	0.220559	0.14448	0.00390571	0.0411286	0.00840183	0.0268919	0.0317964	0.0111516	0.00865162	0.0333023	0.0818692	0.0568639	0.0285322	0.0793512	0.0869362	0.03341	0.000452186	0.00577648
90	0.393716	0.0220119	0.020437	0.011496	0.00420677	0.0998814	0.00785617	0.0070916	0.0143336	0.0062391	0.00705195	0.0263094	0.00367674	0.0168331	0.0119926	0.288227	0.037329	0.0177482	0.000428857	0.00313364
91	0.0571958	0.0105487	0.0690256	0.0838212	0.0127584	0.0300707	0.0449247	0.0226215	0.0878771	0.0285244	0.021873	0.0725861	0.0173904	0.191947	0.0764326	0.0688818	0.0524594	0.0312466	0.00116368	0.0186511
92	0.209149	0.0037779	0.0292548	0.00872257	0.0310683	0.0371417	0.0215232	0.00792556	0.00948535	0.00822681	0.0759031	0.173963	0.00347883	0.0890353	0.00798585	0.227618	0.0406746	0.00937032	0.000934447	0.00476071
93	0.410493	0.0253434	0.0156308	0.00799536	0.00412677	0.0972333	0.00703061	0.0103971	0.0123754	0.00821659	0.00871567	0.0252602	0.00375395	0.0119087	0.00990737	0.276655	0.0359424	0.0255743	0.000359434	0.00308072
94	0.0178466	0.00596005	0.00177695	0.00256117	0.0249905	0.00558022	0.00115775	0.103608	0.00577563	0.572466	0.14656	0.00501447	0.00161589	0.00432646	0.00334325	0.00734219	0.0209442	0.0641553	0.00091724	0.00405872
95	0.0301262	0.00594986	0.0216357	0.0317464	0.00624836	0.018991	0.0311623	0.0134155	0.230965	0.0146093	0.0119603	0.0484995	0.0199869	0.0507579	0.33715	0.0564067	0.0353255	0.0187217	0.000517966	0.0158247
96	0.0338099	0.0067149	0.0240928	0.031031	0.00674873	0.0202646	0.0302705	0.0161942	0.224696	0.0202139	0.0122574	0.0418129	0.0128149	0.0471936	0.347007	0.053048	0.0327436	0.0219847	0.000731435	0.0163698
97	0.0304838	0.000520794	0.00102909	0.00742831	0.000664862	0.00084228	0.00411111	0.436419	0.00776785	0.0306008	0.0141935	0.00157437	0.000653039	0.00400894	0.0044379	0.00556805	0.0602425	0.382031	0.000244715	0.00717755
98	0.0249298	0.00584114	0.0138816	0.0123126	0.00829507	0.0140126	0.0110182	0.143122	0.0138259	0.0270662	0.587416	0.0216674	0.00783167	0.0172391	0.0135795	0.0260582	0.0232957	0.0170534	0.00233427	0.00921974
99	0.0556947	0.00584885	0.211749	0.200588	0.00737151	0.0312449	0.0192154	0.0160145	0.0613502	0.0161758	0.012958	0.0647325	0.0242088	0.0674569	0.0450953	0.0691071	0.0476307	0.0188016	0.00160045	0.0231559
100	0.0732029	0.00470693	0.0515097	0.0544779	0.00638132	0.0183029	0.0223792	0.0295073	0.129275	0.0230541	0.0261379	0.130427	0.00761128	0.120092	0.108437	0.0835692	0.0717602	0.014971	0.000438159	0.023759
101	0.0181796	0.0015326	0.00253713	0.0209326	0.17091	0.00326846	0.0796366	0.00887691	0.00558734	0.0371593	0.0059121	0.0102888	0.00366459	0.00345534	0.0118456	0.0053748	0.00559972	0.0153124	0.00594218	0.583984
102	0.117494	0.0232243	0.0326737	0.0139163	0.00342741	0.0179719	0.00677343	0.0222783	0.00947428	0.014948	0.0378052	0.0217269	0.00895834	0.0101858	0.00533185	0.21073	0.37796	0.0612946	0.000657043	0.0031687
103	0.0965927	0.00432398	0.0730034	0.113453	0.0106384	0.0214205	0.0190713	0.0220681	0.125642	0.0311436	0.0168274	0.0623869	0.00773794	0.0839905	0.0964175	0.100454	0.0725028	0.0260885	0.000118875	0.016119
104	0.034966	0.00948901	0.0161036	0.00647815	0.00416831	0.0190086	0.150627	0.0120581	0.00901526	0.0136839	0.0151239	0.359643	0.0047797	0.011378	0.0177314	0.133835	0.129965	0.0214213	0.00116924	0.029356
105	0.176332	0.0861196	0.0056232	0.00210203	0.006393	0.00825538	0.00229699	0.0905342	0.0035976	0.0441971	0.0346004	0.0182465	0.00946093	0.00333192	0.00322829	0.126385	0.177083	0.199777	0.000540625	0.0018949
106	0.063194	0.00751766	0.0375144	0.0466476	0.00677127	0.0346875	0.0268614	0.0167442	0.157801	0.0198048	0.0149535	0.0600026	0.0170038	0.0613003	0.229711	0.118731	0.04811	0.0194491	0.000923909	0.01227
107	0.0183286	0.00280389	0.00469467	0.00456988	0.492016	0.00468726	0.0202704	0.0457638	0.00732022	0.146242	0.0187853	0.01403	0.0162738	0.00658611	0.0103992	0.0115962	0.0203711	0.040427	0.00060129	0.114233
108	0.20937	0.0934824	0.0106452	0.00841263	0.00657559	0.0245804	0.0085002	0.107876	0.0110553	0.0583018	0.037876	0.0235462	0.012288	0.0103307	0.00918032	0.11534	0.106309	0.140477	0.0010264	0.0048269
109	0.0246752	0.00835987	0.000877077	0.00194121	0.0116096	0.00197488	0.00056993	0.358911	0.00159172	0.31126	0.0437818	0.00153287	0.00250628	0.000945138	0.000700127	0.00582824	0.0148225	0.203996	0.00361311	0.000503637
110	0.0294777	0.00901425	0.0013157	0.00252421	0.0118034	0.00258326	0.000586938	0.365554	0.0033758	0.280631	0.0390285	0.00167753	0.00297867	0.00157772	0.00179856	0.0107594	0.0167146	0.21312	0.00371503	0.00176388
111	0.404628	0.0456027	0.0146508	0.00452559	0.00387432	0.167908	0.00597501	0.00549737	0.00753806	0.00506014	0.00457191	0.0151429	0.00222792	0.00855033	0.00647146	0.256063	0.0235669	0.0146508	0.000556692	0.00293848
112	0.0674292	0.0125262	0.0728066	0.0526759	0.0104499	0.0343743	0.0512551	0.020216	0.0456605	0.021585	0.022555	0.227761	0.0135228	0.0497431	0.0462919	0.117279	0.0787541	0.0272237	0.00148706	0.0264037
113	0.0200951	0.00172237	0.00271484	0.0251075	0.16498	0.00335452	0.086598	0.00950152	0.00644704	0.0379166	0.00703205	0.0108795	0.0037877	0.00353374	0.0111404	0.00590603	0.0057632	0.0171614	0.00685726	0.569502
114	0.17514	0.067553	0.00791412	0.00248574	0.00294799	0.0155704	0.0025693	0.0994291	0.0039945	0.0848772	0.0586127	0.0171738	0.0213644	0.00406708	0.00404116	0.131693	0.125985	0.171905	0.00043327	0.00224372
115	0.0612644	0.00251284	0.0626774	0.00532012	0.00213826	0.0665725	0.0437729	0.017718	0.0142736	0.00743558	0.00749781	0.219439	0.010111	0.00801289	0.0251371	0.34347	0.0801911	0.0183665	0.000483922	0.00360573
116	0.0181384	0.0041772	0.0180586	0.0284408	0.003491	0.0228741	0.0301301	0.0053651	0.284618	0.007998	0.00860698	0.0415118	0.00245916	0.0604314	0.358059	0.0550375	0.0265433	0.010645	0.000415094	0.0129996
117	0.0279684	0.00818145	0.00116526	0.00336753	0.0126914	0.00217624	0.00116469	0.363792	0.00631573	0.251209	0.0407124	0.00188696	0.0023883	0.00275075	0.003863	0.00817957	0.024426	0.230262	0.00300297	0.00449608
118	0.0458767	0.0183747	0.0226877	0.0153564	0.00956917	0.0201776	0.0255931	0.0973983	0.0423303	0.0196315	0.0465564	0.140063	0.00609512	0.018441	0.0141048	0.141257	0.234787	0.0755488	0.0013819	0.00476876
119	0.0586292	0.00297864	0.311894	0.212859	0.00208482	0.0454859	0.00369138	0.00959056	0.0158419	0.00521533	0.00427455	0.0319702	0.109613	0.0452526	0.0198787	0.0680206	0.0344975	0.0126662	0.000513768	0.00504168
120	0.0935311	0.00436572	0.0130912	0.0178437	0.00861028	0.00846049	0.0110315	0.00931127	0.0361859	0.0230259	0.00938869	0.0209541	0.618856	0.0151697	0.0483222	0.0314795	0.0164771	0.00909249	0.000936235	0.00386711
121	0.0255689	0.00738868	0.000937141	0.00288589	0.00930614	0.00168935	0.00118798	0.399882	0.00250396	0.244766	0.0329661	0.00146739	0.0024284	0.00134846	0.00128107	0.00581631	0.0203854	0.233258	0.00338445	0.00154754
122	0.0274612	0.00697757	0.00931184	0.0115569	0.0300222	0.00959326	0.0101674	0.102334	0.0248029	0.393475	0.123649	0.0166471	0.00611967	0.0609312	0.0194533	0.0207867	0.0328696	0.0764168	0.00105909	0.0163653
123	0.197608	0.0186152	0.0537711	0.0364419	0.0086283	0.0736318	0.0163749	0.0190201	0.036682	0.0154817	0.0216061	0.0612733	0.0108929	0.0316459	0.0341889	0.251581	0.0747864	0.0281621	0.000863029	0.00874526
124	0.0310664	0.00595517	0.0235368	0.0326861	0.0121076	0.0192619	0.032413	0.012194	0.226051	0.0149855	0.00988863	0.0470781	0.0141955	0.0530182	0.347781	0.0529269	0.0310834	0.0154336	0.000543852	0.0177928
125	0.0931143	0.101501	0.014726	0.0132269	0.0154241	0.0185914	0.0111346	0.0592866	0.0181025	0.0364236	0.038674	0.0394516	0.0128045	0.0141781	0.012602	0.0953637	0.275272	0.12125	0.00243309	0.0064401
126	0.147283	0.0389572	0.0238107	0.0178627	0.00799034	0.0274361	0.0133341	0.0515393	0.0176235	0.057813	0.0847711	0.0396548	0.0155209	0.0219664	0.0156672	0.119716	0.21614	0.0744255	0.00148953	0.00699754
127	0.0479218	0.00563379	0.00746385	0.0092259	0.00491017	0.0430821	0.00737273	0.100286	0.351122	0.0704209	0.0251303	0.0149863	0.00510436	0.0257701	0.125666	0.0257638	0.0141034	0.107509	0.00225927	0.0062685
128	0.0107286	0.00113305	0.00197234	0.00206973	0.587404	0.0020954	0.0201809	0.031324	0.00228196	0.145429	0.00864855	0.00959337	0.0144488	0.00242278	0.00381113	0.00371485	0.00984195	0.0265041	0.000311422	0.116084
129	0.0162428	0.00261168	0.0137634	0.02427	0.00350375	0.0161168	0.0306164	0.00777811	0.285819	0.00946162	0.00775495	0.0371563	0.00760946	0.0515821	0.400287	0.0367891	0.0219006	0.0139958	0.000428805	0.0123119
130	0.0133211	0.00127197	0.0027018	0.00623084	0.484848	0.00316007	0.0333322	0.0278662	0.00426958	0.119296	0.00967401	0.0104114	0.0125445	0.00394976	0.0067814	0.00522073	0.01017	0.0260112	0.00156055	0.217378
131	0.37773	0.0187904	0.0110308	0.0023768	0.00297329	0.126485	0.00515439	0.00296386	0.00884773	0.00271856	0.00292137	0.0188905	0.000840993	0.013875	0.011581	0.344348	0.034351	0.0118797	0.000300843	0.00194068
132	0.0299841	0.00180112	0.00695506	0.017505	0.00737155	0.00442931	0.0163893	0.00419284	0.0501167	0.0226747	0.00484933	0.0213023	0.674731	0.0159624	0.0672842	0.0357022	0.0104971	0.00534608	0.000506482	0.00239877
133	0.0588047	0.00197695	0.0828293	0.0340019	0.0015638	0.0273671	0.00268197	0.00436395	0.0152941	0.00355542	0.0206578	0.0291441	0.0141509	0.0169618	0.00302382	0.226409	0.431865	0.0227838	0.000544753	0.00201914
134	0.0443448	0.00188113	0.319956	0.232636	0.00183862	0.0357342	0.00263985	0.00747975	0.0143236	0.00329817	0.00270794	0.0241679	0.129445	0.0548591	0.023861	0.0567119	0.0303353	0.00996425	0.000489254	0.00332613
135	0.0300483	0.0180376	0.470161	0.177096	0.00174808	0.102073	0.00194022	0.00238957	0.0117258	0.00405762	0.00250587	0.062095	0.00514632	0.00996689	0.00229833	0.0821868	0.00637534	0.00385606	0.000336356	0.00595565
136	0.479622	0.0239644	0.0121969	0.00302986	0.00344113	0.141674	0.0048056	0.0035165	0.00760195	0.00280472	0.00270073	0.0133299	0.00197722	0.0064447	0.00581311	0.245216	0.0190748	0.0202883	0.000402759	0.00209497
137	0.019652	0.00135926	0.00141836	0.0124479	0.0557635	0.00207898	0.00129694	0.180481	0.046906	0.281972	0.081391	0.00223884	0.00099735	0.0170667	0.0303442	0.00994895	0.0408297	0.168567	0.000839314	0.0444
138	0.0455376	0.0031291	0.174822	0.22289	0.0016716	0.0115481	0.0160972	0.0206212	0.120313	0.00741683	0.00924192	0.0530079	0.00473599	0.134522	0.0608301	0.0404431	0.0451547	0.0208819	0.000386502	0.00674918
139	0.455015	0.0199323	0.0116745	0.0021526	0.00279907	0.0992738	0.00966332	0.00280106	0.00703764	0.00263164	0.0036209	0.0255447	0.00119814	0.00740687	0.00753416	0.297873	0.029122	0.0126534	0.00027895	0.00178683
140	0.0259696	0.00894914	0.000938079	0.00214857	0.0110849	0.00194345	0.000568429	0.378882	0.00169448	0.286052	0.0372988	0.00137067	0.00270381	0.000878569	0.000680582	0.00595871	0.0145219	0.213821	0.00406131	0.000474644
141	0.019652	0.00135926	0.00141836	0.0124479	0.0557635	0.00207898	0.00129694	0.180481	0.046906	0.281972	0.081391	0.00223884	0.00099735	0.0170667	0.0303442	0.00994895	0.0408297	0.168567	0.000839314	0.0444
142	0.0913612	0.00466882	0.0622975	0.105282	0.0125967	0.0228082	0.0216384	0.0195979	0.129789	0.0327894	0.0189297	0.0619592	0.00758735	0.08755	0.109496	0.0958645	0.0714503	0.0242445	9.66181e-05	0.0199928
143	0.0251972	0.00633021	0.00105958	0.0052048	0.0263027	0.00181169	0.000731162	0.328095	0.0125242	0.281937	0.0463429	0.0017134	0.00225505	0.00475275	0.00801204	0.00656958	0.0238116	0.202529	0.00356574	0.0112554
144	0.393263	0.0233987	0.010498	0.00135176	0.00328715	0.126216	0.00347935	0.00147305	0.00649745	0.00162341	0.00157508	0.0134406	0.000665663	0.00696584	0.00730035	0.36021	0.0251098	0.012075	0.000254234	0.0013155
145	0.016967	0.0156283	0.0554281	0.075988	0.00150197	0.0984566	0.0344767	0.00219676	0.180989	0.008324	0.0189625	0.0619816	0.00133278	0.137709	0.14624	0.0897955	0.0374852	0.00284779	0.000225466	0.0134637
146	0.20024	0.021702	0.0528603	0.0406906	0.0105249	0.161117	0.0157918	0.0179216	0.0393436	0.0238579	0.0172894	0.0463073	0.00879334	0.036324	0.0306541	0.1825	0.0524726	0.0275688	0.00119202	0.0128487
147	0.0571579	0.00812122	0.321274	0.179811	0.00669649	0.0439038	0.0106067	0.0110006	0.0348674	0.0125255	0.0115714	0.0668799	0.0182455	0.0433612	0.0226563	0.0784746	0.0442165	0.0146462	0.000753424	0.0132302
148	0.0202132	0.00623305	0.00354387	0.0038047	0.0238127	0.00617139	0.0028705	0.1054	0.00741477	0.522709	0.169627	0.00756015	0.00221776	0.00637302	0.00607927	0.00958398	0.0239546	0.0651307	0.000971559	0.00632822
149	0.0270749	0.00491789	0.0195388	0.0284569	0.0095298	0.0218183	0.0316579	0.013244	0.225999	0.0183634	0.0122934	0.0463039	0.0171488	0.0505993	0.350014	0.0547567	0.0312843	0.0190472	0.000798719	0.017153
150	0.00298329	0.000984879	0.0016715	0.00275364	0.00197577	0.00864834	0.032905	0.00241024	0.333829	0.00295518	0.00284804	0.0273909	0.00096064	0.0338185	0.488415	0.0249506	0.0116479	0.00840837	0.000327107	0.0101168
151	0.204003	0.081401	0.00612492	0.00243178	0.00378783	0.00887713	0.00244875	0.0953982	0.00336245	0.0529413	0.0364852	0.0152597	0.0112554	0.00329209	0.00346295	0.148995	0.12326	0.194636	0.000408035	0.00216984
152	0.0258985	0.00817068	0.00091435	0.00259288	0.0105578	0.00179235	0.000808752	0.384678	0.00228015	0.267803	0.0361198	0.00133859	0.00247664	0.00118795	0.0011658	0.00573287	0.0178356	0.223858	0.00364525	0.00114273
153	0.046005	0.01362	0.0364682	0.0379363	0.040506	0.0160695	0.0877842	0.0211884	0.0321648	0.0250988	0.0166431	0.246606	0.00857143	0.0393069	0.0492423	0.0760916	0.0467148	0.0195623	0.00297708	0.137444
154	0.110097	0.0594809	0.0122822	0.00279003	0.00503328	0.0215492	0.0022464	0.147091	0.00544588	0.129718	0.0694454	0.0229648	0.0156255	0.00385184	0.00351048	0.0830275	0.110686	0.191663	0.000895566	0.0025959
155	0.014552	0.00479713	0.00120442	0.00111378	0.0230529	0.00466643	0.000996331	0.084308	0.00206303	0.607001	0.180255	0.00439923	0.000605463	0.00266136	0.00119974	0.00422303	0.0156867	0.0460579	0.000324398	0.000832486
156	0.0592392	0.00943492	0.063662	0.0773846	0.00868505	0.0335153	0.0469428	0.024231	0.0797957	0.0276188	0.022791	0.0730876	0.0187645	0.207856	0.0698012	0.0752067	0.0548344	0.0288672	0.00199482	0.0162871
157	0.0713327	0.00217427	0.027376	0.00493971	0.00271124	0.03907	0.073877	0.0233579	0.00775152	0.0305664	0.0361969	0.235495	0.00330715	0.0204322	0.00669229	0.178105	0.184566	0.0482406	0.000589234	0.00321802
158	0.0308828	0.00062149	0.00101095	0.00737585	0.000825535	0.000877298	0.0041148	0.434421	0.00766669	0.0339777	0.0144848	0.00158694	0.000682061	0.00392692	0.0043463	0.00557824	0.0592572	0.381018	0.000295374	0.00704957
159	0.0169709	0.0014107	0.00246193	0.0129182	0.228974	0.00291599	0.0659156	0.011156	0.00411076	0.0513218	0.00601207	0.0099368	0.00559675	0.00340688	0.0127902	0.00531387	0.00631014	0.0179184	0.00340895	0.53115
160	0.0977165	0.00419505	0.0630912	0.106138	0.0129101	0.0210465	0.0209656	0.0204952	0.124423	0.0368295	0.0204834	0.0620952	0.0080006	0.0832278	0.104423	0.0973331	0.072539	0.0252228	9.1731e-05	0.0187722
161	0.0651306	0.0957872	0.00753843	0.00664303	0.0409975	0.0088392	0.00685679	0.0732858	0.0105959	0.0220763	0.024238	0.0499827	0.0061403	0.00796007	0.00755102	0.0828173	0.301154	0.176763	0.00148537	0.00415751
162	0.148675	0.0919727	0.0066282	0.00211871	0.00734257	0.00999489	0.00192605	0.100045	0.00366111	0.0515189	0.0421131	0.0228855	0.0103568	0.00312028	0.00323767	0.112454	0.183666	0.196091	0.000404578	0.00178772
163	0.351275	0.0186603	0.030108	0.00697616	0.004989	0.196916	0.00743633	0.00593821	0.00625667	0.00557576	0.00642853	0.0200711	0.0015397	0.0104571	0.00522349	0.279662	0.0292421	0.0104838	0.000373054	0.00238792
164	0.0818399	0.00336177	0.0368171	0.041788	0.00476613	0.0105721	0.035642	0.0498678	0.0633572	0.0385773	0.0240915	0.120857	0.0053308	0.183891	0.0668555	0.0932443	0.0557864	0.0116065	0.000709125	0.0710391
165	0.124053	0.00555368	0.0138931	0.0171002	0.00845243	0.00955985	0.0112797	0.00875122	0.033414	0.0229771	0.00928164	0.0207845	0.580484	0.0162999	0.045944	0.0368491	0.0170895	0.0125272	0.000801821	0.00490366
166	0.0256955	0.00279777	0.0622522	0.0228189	0.00554658	0.00826779	0.110117	0.0089941	0.085676	0.105506	0.0457945	0.0560924	0.0580267	0.0591833	0.122369	0.0820181	0.101867	0.0283057	0.000790368	0.00788099
167	0.0284176	0.00171966	0.00298578	0.0121709	0.00706628	0.0033169	0.0117246	0.0030149	0.0490126	0.0176332	0.00359093	0.0212187	0.712902	0.0144537	0.0691562	0.0301705	0.00539185	0.00347492	0.000507258	0.00207181
168	0.107092	0.00489325	0.0627152	0.108814	0.00923844	0.032121	0.0200129	0.0301539	0.107408	0.0288416	0.0140591	0.0634937	0.00768652	0.0845926	0.0792081	0.114843	0.0837491	0.0275855	8.11247e-05	0.0134098
169	0.0770882	0.00611076	0.150914	0.174943	0.00660535	0.017917	0.028371	0.0403392	0.0761743	0.0338415	0.0279894	0.043003	0.00797665	0.0806159	0.0524976	0.0671293	0.0566211	0.0395618	0.000829597	0.0114713
170	0.0301625	0.00098191	0.00115046	0.00716363	0.00142713	0.00104953	0.00393068	0.432061	0.00795253	0.0414076	0.0164895	0.00156851	0.000727167	0.00393684	0.0044623	0.00574733	0.0581985	0.373745	0.000355266	0.0074824
171	0.0399126	0.00484585	0.0329625	0.0595362	0.0180924	0.0212298	0.0309799	0.00746878	0.19906	0.0294458	0.0229748	0.0512211	0.00491223	0.0831061	0.231795	0.0525889	0.0542513	0.0128595	0.000351358	0.0424055
172	0.367957	0.0212489	0.0178907	0.00466359	0.00432661	0.165996	0.00578164	0.0038633	0.00685462	0.0039851	0.00403476	0.0180848	0.00114943	0.00941884	0.00726608	0.313938	0.0287448	0.0123527	0.000492275	0.00195117
173	0.0193377	0.0016872	0.00172655	0.0113407	0.0563282	0.00234473	0.00148604	0.186389	0.0414346	0.275065	0.0869913	0.00347459	0.00125134	0.0156344	0.0281176	0.00973646	0.0367153	0.161232	0.000975215	0.0587329
174	0.410374	0.0200963	0.0150437	0.00173345	0.00369935	0.114434	0.0042113	0.00231824	0.00682064	0.0021295	0.00218274	0.0147628	0.0011061	0.00677906	0.0071065	0.346719	0.0256282	0.0129411	0.000344049	0.00156973
175	0.108601	0.0641094	0.0120374	0.00659843	0.0053212	0.0548774	0.00719262	0.0850936	0.00756376	0.119385	0.106153	0.0228558	0.0627337	0.00929283	0.00757124	0.0637716	0.161247	0.0890644	0.00140453	0.00512701
176	0.108986	0.00459957	0.0636095	0.107196	0.00896184	0.0360491	0.0200912	0.0340872	0.0996351	0.0288276	0.0134757	0.0645157	0.0079301	0.0849959	0.0742893	0.113951	0.0863607	0.0287916	9.26863e-05	0.0135535
177	0.0764138	0.00601935	0.260957	0.17622	0.00501371	0.0303112	0.0110604	0.0190236	0.0474602	0.0153785	0.01228	0.0519483	0.02956	0.0536302	0.0331872	0.0733885	0.052128	0.0346682	0.000430171	0.0109214
178	0.0257923	0.00873182	0.00095742	0.00241544	0.0121149	0.00199145	0.000553874	0.374336	0.00251461	0.286702	0.0384369	0.0013695	0.0026872	0.00117852	0.0012888	0.00590294	0.0150526	0.212462	0.00422378	0.00128687
179	0.0259696	0.00894914	0.000938079	0.00214857	0.0110849	0.00194345	0.000568429	0.378882	0.00169448	0.286052	0.0372988	0.00137067	0.00270381	0.000878569	0.000680582	0.00595871	0.0145219	0.213821	0.00406131	0.000474644
180	0.108072	0.00475963	0.0634272	0.108095	0.0091025	0.0351534	0.0200747	0.0323825	0.102817	0.0290494	0.0139547	0.0636932	0.00768479	0.0833223	0.0765958	0.114204	0.0864351	0.0278264	8.26229e-05	0.0132681
181	0.0959987	0.00409041	0.0627808	0.105789	0.0135516	0.0214326	0.0219934	0.0206852	0.124473	0.0345307	0.0195981	0.0612014	0.00830837	0.0853767	0.104352	0.0973478	0.0724074	0.0258962	8.90972e-05	0.020098
182	0.0233512	0.0072306	0.00236135	0.00980816	0.0265833	0.0031327	0.00145744	0.346937	0.00663189	0.305873	0.0405697	0.00320423	0.00282341	0.0038418	0.0046934	0.00742929	0.016861	0.171811	0.00950615	0.00589347
183	0.0195576	0.00162495	0.00149035	0.0115097	0.0543929	0.00220809	0.00132556	0.1836	0.0423402	0.285491	0.0868475	0.00264561	0.00107991	0.0158003	0.0286815	0.00943158	0.0372736	0.162323	0.000880233	0.0514962
184	0.0797605	0.00748314	0.119729	0.150513	0.00649175	0.0198839	0.0151541	0.0410285	0.103297	0.0259011	0.0163677	0.0535161	0.00536088	0.0742642	0.0649497	0.0940834	0.0773652	0.0314325	0.000292613	0.013127
185	0.0185157	0.0154772	0.055399	0.0773834	0.00163754	0.0961976	0.0347071	0.00256121	0.180596	0.00848916	0.0186913	0.0624029	0.0015105	0.135336	0.146199	0.0895837	0.0377122	0.00327917	0.000225033	0.0140963
186	0.0146526	0.00479433	0.000877218	0.000899171	0.0239157	0.00442495	0.000717214	0.0836844	0.0018893	0.630182	0.157798	0.00380285	0.000492244	0.00225175	0.000906553	0.00385041	0.0159337	0.0480421	0.000227239	0.000658008
187	0.386198	0.0217171	0.0126492	0.00157449	0.0039907	0.137749	0.0036492	0.00180254	0.00662055	0.00194938	0.0017999	0.013032	0.000822482	0.00705833	0.00705361	0.356156	0.023384	0.0111337	0.000248765	0.00141188
188	0.033207	0.00223122	0.466822	0.281407	0.00411106	0.0190586	0.000929013	0.00113036	0.00664528	0.00364825	0.00102516	0.0605636	0.0081676	0.0335547	0.00167732	0.0477142	0.00705166	0.00204984	0.000232249	0.0187732
189	0.0262516	0.0022636	0.00366039	0.109757	0.0738736	0.00458374	0.151094	0.0183477	0.0181686	0.0102372	0.0193502	0.0220267	0.00228257	0.00436359	0.00562562	0.00847893	0.0072552	0.00838877	0.0331014	0.47089
190	0.0484798	0.032602	0.0101056	0.00988977	0.00466417	0.0101042	0.131543	0.0104116	0.0147301	0.010001	0.00854572	0.314297	0.00580668	0.0132385	0.144427	0.0961566	0.0331095	0.0104253	0.00166709	0.0897961
191	0.0269211	0.0112862	0.00251161	0.00287966	0.017253	0.0083885	0.000929882	0.231131	0.00812915	0.390099	0.0956347	0.00424726	0.00343128	0.00305141	0.00362355	0.00934733	0.0220707	0.152068	0.00204221	0.00495493
192	0.385163	0.0212613	0.00859223	0.0014067	0.00261283	0.0987887	0.00454333	0.00188192	0.00652624	0.00180769	0.00198378	0.0186647	0.000826036	0.00749506	0.0108019	0.371234	0.0369517	0.0175431	0.000329723	0.00158582
