566	20
1	0.0464906	0.00327954	0.00787497	0.00791329	0.0037162	0.00912841	0.00361498	0.00613951	0.00906168	0.010251	0.0052262	0.0358142	0.033763	0.0099672	0.00505208	0.342739	0.413608	0.025632	0.00112268	0.0196056
2	0.222975	0.00324805	0.00166406	0.00302293	0.0021102	0.0251715	0.0113845	0.0111827	0.0026353	0.0396274	0.0265007	0.0157814	0.509137	0.0143374	0.00462998	0.0161051	0.016556	0.0458636	0.000421779	0.0276459
3	0.0798171	0.00220433	0.195999	0.388117	0.00142853	0.0158468	0.0116783	0.00550513	0.0368191	0.00870905	0.00461359	0.0703954	0.00705355	0.0752668	0.0242517	0.0308825	0.021624	0.0145557	0.000313168	0.00491896
4	0.0232311	0.00435941	0.0331953	0.0243667	0.00113127	0.682786	0.0347024	0.000662244	0.0319416	0.00544521	0.000847019	0.0277512	0.000468497	0.0711836	0.0258331	0.0250107	0.00147824	0.00425675	0.000169282	0.00117998
5	0.00235261	0.00215563	0.00048187	0.0029585	0.0291709	0.00224101	0.00344059	0.637664	0.0030662	0.133101	0.0271228	0.000829092	0.000290895	0.00153367	0.000646246	0.00230087	0.00387041	0.140083	0.000176406	0.00651484
6	0.11058	0.0105874	0.230441	0.116066	0.00142441	0.0206483	0.0105561	0.00243847	0.0405173	0.0214019	0.0128756	0.0197794	0.132379	0.0399222	0.0136237	0.058706	0.107355	0.0404668	0.000449947	0.00978186
7	0.0107006	0.00229116	0.00158767	0.00484114	0.00223959	0.0012122	0.0022991	0.303759	0.00211928	0.164419	0.0346069	0.000684182	0.000322151	0.00191258	0.0015353	0.00514821	0.0132054	0.446173	0.00057799	0.000366115
8	0.0812755	0.0142417	0.00261256	0.0775464	0.00159476	0.0299345	0.00924539	0.00253644	0.214676	0.0038643	0.00282281	0.028269	0.224788	0.141268	0.0739897	0.0301174	0.0370866	0.0103915	0.000553107	0.0131872
9	0.0649314	0.00296763	0.0013644	0.00600778	0.000923862	0.0219241	0.0106439	0.00109114	0.0135022	0.00367181	0.00159049	0.00980028	0.692777	0.00199936	0.0204254	0.108539	0.0352231	0.00155951	0.000299117	0.000758484
10	0.0608456	0.00593665	0.00335663	0.0105568	0.0781112	0.00980414	0.0182979	0.0814783	0.0250196	0.351641	0.0680245	0.00496337	0.000391618	0.0172102	0.0262789	0.00983381	0.0239002	0.16013	0.0132567	0.0309626
11	0.00720116	0.000265691	0.00439175	0.00417552	0.129453	0.000564537	0.0368726	0.0106655	0.00054319	0.00807445	0.00233924	0.00422637	0.00024109	0.000610071	0.00431783	0.00620096	0.000730366	0.00992514	0.0184197	0.750781
12	0.0283716	0.00252485	0.064589	0.0243328	0.0171144	0.0900456	0.00258601	0.0359233	0.0235452	0.0659435	0.0188163	0.0720492	0.017899	0.0339852	0.0351904	0.166021	0.250377	0.0339983	0.0146089	0.00207887
13	0.0615538	0.00493361	0.00362224	0.0119541	0.0825159	0.00974625	0.0157731	0.0807167	0.027838	0.339025	0.0728532	0.00408671	0.000341379	0.0177798	0.024459	0.00895858	0.0267498	0.160679	0.0149407	0.0314731
14	0.0702293	0.0031244	0.00143166	0.00627046	0.000805238	0.0204715	0.00984874	0.00107193	0.0126627	0.0038426	0.0015366	0.00954086	0.691772	0.00212419	0.0194755	0.108946	0.0339295	0.0017999	0.000291374	0.000825872
15	0.130052	0.00512852	0.00379114	0.00491688	0.000944232	0.772472	0.00339804	0.00228451	0.00548743	0.0118432	0.00432723	0.00400279	0.00556332	0.00745454	0.00380839	0.0222519	0.00447346	0.00448271	0.000247772	0.00306999
16	0.056142	0.00264747	0.00271604	0.0252076	0.0921736	0.00603066	0.0125336	0.0950235	0.0382828	0.308446	0.0816531	0.00308467	0.00048352	0.0237339	0.0183032	0.00789298	0.0302207	0.162871	0.0124382	0.0201156
17	0.440237	0.00188307	0.00232694	0.0784868	0.0555604	0.0163902	0.00231644	0.00252254	0.0544323	0.00453121	0.00328328	0.0277001	0.152139	0.00446384	0.00352464	0.0176533	0.0419708	0.0306702	0.000589217	0.0593181
18	0.0958722	0.00365905	0.0098654	0.0232476	0.00291811	0.0227489	0.00860983	0.00394343	0.0123652	0.018989	0.00626746	0.00933376	0.625073	0.00993925	0.0148658	0.0742575	0.0298071	0.0219212	0.000555782	0.00576064
19	0.00443414	0.0135527	0.00134934	0.00215868	0.511631	0.00781095	0.00141847	0.00183558	0.00192192	0.00224414	0.00155925	0.0150625	0.00659711	0.00202561	0.00210219	0.00269446	0.00222648	0.00195499	0.000650747	0.416769
20	0.0429509	0.00317066	0.00187791	0.0139079	0.0178474	0.0127667	0.00314919	0.163004	0.00975916	0.0982382	0.0284399	0.00332162	0.0151273	0.012082	0.0159741	0.0308644	0.186072	0.336873	0.00226267	0.00231109
21	0.0726294	0.00518421	0.019196	0.0213294	0.00500377	0.378603	0.0563449	0.00606302	0.0372081	0.0123979	0.00827533	0.0195027	0.00555751	0.0533958	0.243721	0.0282128	0.0109774	0.0114513	0.00117284	0.0037734
22	0.168915	0.00652638	0.0194217	0.0135446	0.00388699	0.509323	0.00990526	0.00408643	0.0168242	0.0106922	0.00680678	0.016479	0.0046838	0.0237982	0.0115299	0.140977	0.021982	0.00724624	0.000907076	0.00246457
23	0.0578391	0.0110461	0.00474882	0.0113893	0.00908422	0.0122618	0.00615548	0.0642991	0.0112085	0.0204686	0.0121256	0.00744621	0.204676	0.0141521	0.0123626	0.0320452	0.140369	0.361168	0.00231409	0.00483986
24	0.0403753	0.00213959	0.00730202	0.0158302	0.00781818	0.0156805	0.0234504	0.00230252	0.249815	0.0395187	0.0582816	0.0362105	0.0039303	0.0873014	0.339474	0.0313585	0.00637538	0.00426186	0.000755716	0.027818
25	0.465989	0.00316859	0.0033034	0.00496525	0.00245388	0.0409304	0.00271411	0.00260094	0.00599554	0.00527282	0.00433739	0.00374892	0.27598	0.00494934	0.00534763	0.100577	0.0562078	0.00847853	0.000950287	0.00202884
26	0.131175	0.0148217	0.00378794	0.0081884	0.013916	0.0580265	0.00258098	0.00462692	0.00637399	0.0428266	0.0223375	0.00512834	0.00300186	0.00700691	0.00542949	0.29093	0.353481	0.0233302	0.000767097	0.002263
27	0.0697988	0.00787216	0.0157192	0.0180068	0.0100978	0.496172	0.0138211	0.0139865	0.0215115	0.0442517	0.108546	0.0187563	0.0160351	0.0288096	0.0211237	0.0356057	0.0291537	0.0202162	0.00256574	0.00794998
28	0.0071763	0.000461894	0.00428348	0.00424225	0.1516	0.000839015	0.0373823	0.0104638	0.00101958	0.0101929	0.00309442	0.00466414	0.000321907	0.00212132	0.00417347	0.00598111	0.00501676	0.0101203	0.0176189	0.719226
29	0.32911	0.00761665	0.00506011	0.0093319	0.00264184	0.0250265	0.00423943	0.00964316	0.0368908	0.0499169	0.00897371	0.00319904	0.038593	0.00991142	0.0221444	0.0707576	0.283373	0.0789007	0.000729577	0.00393979
30	0.0617952	0.00114087	0.00273302	0.0170522	0.0820217	0.156192	0.0397554	0.0468533	0.00311611	0.0369165	0.0267427	0.170216	0.0012862	0.156876	0.0149009	0.0683337	0.0360775	0.0619782	0.000601925	0.0154105
31	0.0143871	0.000378484	0.00483647	0.0116001	0.000605747	0.00589554	0.0141114	0.000343123	0.100829	0.00275008	0.00256648	0.00763378	0.00201244	0.0348924	0.782673	0.00849259	0.00484371	0.000692679	8.50386e-05	0.000371463
32	0.145647	0.00681816	0.0117663	0.0254372	0.00560745	0.0272584	0.0113437	0.0104809	0.0226406	0.0286694	0.0152788	0.0177955	0.442957	0.0224849	0.0570021	0.0723408	0.039903	0.0292306	0.00149128	0.0058467
33	0.0593233	0.0190405	0.0125285	0.0221846	0.0699589	0.0293515	0.0147539	0.014308	0.0235533	0.0447508	0.025902	0.0156385	0.0112779	0.0277619	0.0248123	0.0500307	0.0256062	0.0467675	0.330146	0.132304
34	0.0817019	0.00560197	0.079476	0.123708	0.0063243	0.0342491	0.0142008	0.0131968	0.0502016	0.0181079	0.011742	0.0962382	0.0208059	0.0367096	0.0326562	0.13961	0.210308	0.0185461	0.00172324	0.00489225
35	0.008126	0.00118728	0.000490142	0.00145822	0.00950905	0.00183173	0.00031038	0.441742	0.000442966	0.0169453	0.00410909	0.000359527	0.0018163	0.000478283	0.00113155	0.000886633	0.00497385	0.503805	7.31665e-05	0.000323587
36	0.215486	0.114396	0.0199981	0.0286461	0.0134748	0.0410395	0.0184364	0.0195727	0.0441241	0.0406129	0.0224645	0.0280827	0.0121267	0.0425595	0.176319	0.0613322	0.0490593	0.0318897	0.00422636	0.0161534
37	0.0832758	0.0102803	0.0433046	0.065603	0.0172505	0.042969	0.0467091	0.0152308	0.0574934	0.0541179	0.0253821	0.0288159	0.0131115	0.314705	0.0552021	0.0451217	0.0358105	0.0314438	0.00313389	0.0110396
38	0.0794704	0.0078993	0.106818	0.301283	0.0199657	0.0182905	0.0221872	0.0124857	0.0332005	0.045903	0.0243877	0.0284032	0.0191328	0.0390429	0.0232515	0.0276941	0.0329969	0.0255817	0.00328266	0.128723
39	0.241787	0.0155291	0.0140854	0.0218943	0.0149235	0.0209385	0.0138979	0.117307	0.0236698	0.122828	0.0318713	0.016915	0.0140301	0.0268678	0.0257989	0.0917236	0.0761448	0.0960696	0.0035016	0.0102174
40	0.0985053	0.00998821	0.0351745	0.0206905	0.00649043	0.258499	0.0110674	0.0169035	0.023196	0.0310824	0.0175674	0.0213304	0.199497	0.0197012	0.0215302	0.0535279	0.108673	0.0366525	0.00253025	0.00739321
41	0.005489	0.000699898	0.00143686	0.00343806	0.629924	0.00144575	0.00551321	0.00185618	0.0031322	0.0754026	0.0172948	0.00212527	0.00129635	0.00659229	0.00354811	0.00266945	0.00443472	0.00313246	0.0258546	0.204714
42	0.233172	0.0061999	0.0103875	0.0183095	0.00493666	0.0171336	0.0106314	0.00582643	0.0134788	0.0124727	0.0108853	0.0122371	0.227439	0.0134742	0.0160626	0.324611	0.0389671	0.0170716	0.00150736	0.00519645
43	0.0784491	0.014782	0.123992	0.0530086	0.0148142	0.032311	0.0175579	0.0300599	0.0387047	0.121845	0.0263587	0.0340855	0.0242272	0.0389029	0.0301458	0.0596774	0.201105	0.0425902	0.00378263	0.0135993
44	0.289462	0.00795876	0.0119435	0.0223271	0.00940125	0.0249846	0.00911008	0.0247624	0.0147793	0.0279149	0.0207124	0.0139558	0.276161	0.018213	0.0130634	0.041041	0.0487232	0.106227	0.00183726	0.0174215
45	0.243332	0.00056334	0.0480304	0.256108	0.00056821	0.0231129	0.00347296	0.00209918	0.143644	0.0172824	0.00402661	0.0136415	0.00134347	0.0743043	0.0638176	0.0341948	0.0559294	0.011679	0.000205911	0.00264429
46	0.286274	0.00187095	0.130249	0.38298	0.00206924	0.0170533	0.00599114	0.00348756	0.0376115	0.00918378	0.00362062	0.0191779	0.00377346	0.0327167	0.0177728	0.023588	0.0134233	0.00638822	0.000787411	0.00198136
47	0.0811829	0.0124044	0.0131996	0.0243179	0.0946581	0.0338584	0.0189156	0.0581087	0.0214482	0.0670545	0.0284703	0.024808	0.0177325	0.0366394	0.0249895	0.153433	0.0597137	0.163292	0.029422	0.0363521
48	0.0721746	0.00735732	0.0686396	0.0322774	0.00822865	0.0208192	0.0483722	0.0108697	0.0480272	0.0182007	0.0115178	0.463403	0.00879752	0.0378644	0.0276811	0.0602906	0.022133	0.01831	0.00314256	0.0118933
49	0.149103	0.000597133	0.0370325	0.124406	0.000639882	0.00430255	0.00315358	0.00479109	0.215276	0.029678	0.00753017	0.0271905	0.000359466	0.12264	0.150259	0.0379411	0.0576828	0.0194415	0.000246507	0.00772962
50	0.321693	0.012955	0.0191848	0.0366719	0.137213	0.0353642	0.0168141	0.0230428	0.0251612	0.0497008	0.0287633	0.0238769	0.0278668	0.037461	0.029854	0.0534915	0.0443966	0.0410764	0.00918533	0.0262274
51	0.32164	0.0261104	0.0192155	0.0372087	0.0235785	0.029506	0.0197534	0.0200171	0.0285691	0.0304142	0.02728	0.0236579	0.0460599	0.0247941	0.0231115	0.0503883	0.0495977	0.0437938	0.0126517	0.142652
52	0.0138764	0.00049382	0.00444012	0.0117646	0.000459815	0.0060327	0.0142183	0.000389015	0.103645	0.00209479	0.0017601	0.00669558	0.00189856	0.0318419	0.786442	0.00770514	0.00508835	0.000749399	9.10653e-05	0.000314071
53	0.144154	0.000322686	0.0372735	0.12804	0.000335375	0.00594384	0.00284249	0.00549238	0.248913	0.0246334	0.00497613	0.0231401	0.000281147	0.10935	0.142276	0.038309	0.0579012	0.0170572	0.00015833	0.00859912
54	0.266526	0.00560416	0.0921603	0.0355907	0.00367727	0.015309	0.0121858	0.00679832	0.0267601	0.0103982	0.00704179	0.390365	0.00410596	0.0198112	0.0143822	0.0591115	0.012272	0.0107324	0.00163884	0.00552958
55	0.00944825	0.00258017	0.000534086	0.00229179	0.00235153	0.0027303	0.000957321	0.185924	0.00218161	0.677197	0.0359347	0.000530658	0.000326677	0.0055781	0.00214137	0.0022916	0.00376897	0.0590929	0.000487675	0.00365079
56	0.468409	0.000440126	0.0391645	0.112133	0.000415631	0.0303897	0.00990471	0.004242	0.107859	0.0128126	0.0157095	0.0277658	0.000711874	0.0330056	0.0513489	0.0522628	0.0147587	0.0180076	0.000184317	0.000474384
57	0.30593	0.00516997	0.0113367	0.0255699	0.00410269	0.0536437	0.00824037	0.00772198	0.0474778	0.0445353	0.0453692	0.0688997	0.00395093	0.0518117	0.129483	0.147535	0.0189096	0.0129848	0.000836876	0.00649184
58	0.0391692	0.00176905	0.0058939	0.00624066	0.000883445	0.856908	0.00664429	0.000990852	0.00695601	0.0110739	0.00423394	0.00559288	0.00399162	0.0149296	0.0058726	0.0156307	0.00386782	0.00386507	0.00102736	0.0044587
59	0.0480371	0.00674448	0.023724	0.0297314	0.0207853	0.201271	0.0999089	0.0163353	0.0206065	0.0727871	0.0214253	0.0533758	0.0077831	0.216195	0.0258784	0.0317521	0.0188701	0.0731941	0.00169164	0.00990424
60	0.0564644	0.00408309	0.00664579	0.00905551	0.00585583	0.00859172	0.00760564	0.00598269	0.419696	0.0183724	0.187311	0.0428433	0.00382381	0.0867357	0.0617828	0.0148285	0.0431399	0.0100301	0.00171383	0.00543722
61	0.217285	0.00599753	0.0107287	0.0114286	0.00699922	0.330188	0.00572683	0.00501663	0.0141143	0.0097025	0.00847746	0.0194132	0.00517427	0.0208815	0.012919	0.276545	0.0232717	0.0104194	0.00209894	0.00361235
62	0.0086816	0.00225018	0.00048929	0.00189692	0.00194408	0.00265957	0.000490672	0.190245	0.00126672	0.683843	0.0291728	0.000444072	0.000311132	0.00535292	0.0018705	0.00222246	0.00328031	0.059765	0.000257772	0.00355617
63	0.06614	0.0226086	0.0876105	0.0214052	0.00822467	0.0215709	0.0168385	0.0139278	0.0519258	0.0179988	0.0117391	0.335419	0.0110099	0.028188	0.0232143	0.192947	0.0378973	0.0172345	0.00483421	0.00926572
64	0.0089976	0.00169345	0.00075706	0.0015905	0.00951507	0.00210701	0.000618182	0.415807	0.000796055	0.0395946	0.010323	0.000839595	0.00114616	0.000849058	0.00122506	0.00142613	0.00613743	0.495272	8.7974e-05	0.00121728
65	0.25887	0.0104153	0.0124767	0.0244454	0.00995413	0.0246147	0.010838	0.0294609	0.016171	0.0336658	0.0205017	0.012805	0.252708	0.019539	0.0155508	0.0390461	0.0598863	0.131441	0.00147715	0.0161335
66	0.0332842	0.00578321	0.00574543	0.0128779	0.305933	0.00819459	0.0107085	0.0312303	0.0113284	0.283106	0.10086	0.00911603	0.00425256	0.0146803	0.00955775	0.0102417	0.0145666	0.0398086	0.0146701	0.0740542
67	0.0499519	0.0029123	0.476309	0.0554222	0.00326947	0.0406162	0.0102249	0.00656437	0.032992	0.00968505	0.00689232	0.0845731	0.0233468	0.025289	0.0107575	0.0954833	0.0505454	0.00952325	0.00080667	0.00483499
68	0.0842534	0.0853414	0.0179824	0.027007	0.021897	0.0238151	0.0192018	0.0333577	0.0276921	0.263975	0.0530839	0.0268315	0.0128437	0.124621	0.0416122	0.0370122	0.0441873	0.0377266	0.0056496	0.0119086
69	0.386655	0.00259216	0.00253667	0.00391398	0.00122652	0.0230351	0.00400388	0.00325291	0.00401678	0.00841593	0.00624108	0.00487364	0.4374	0.00474107	0.00593069	0.0573614	0.0260447	0.0123923	0.00044826	0.00491789
70	0.0577015	0.0105759	0.00986317	0.011261	0.00499599	0.0146828	0.00299045	0.0105824	0.0111212	0.0130956	0.00792517	0.0128289	0.0105861	0.0119774	0.0083603	0.298378	0.480387	0.0165519	0.00183343	0.00430255
71	0.0567219	0.00921849	0.0187294	0.022883	0.032498	0.0206344	0.111822	0.0582332	0.0294757	0.332021	0.0764041	0.0190349	0.0138794	0.0365294	0.0253895	0.0257727	0.0258863	0.060473	0.00555999	0.0188339
72	0.0742103	0.102264	0.0179961	0.0321795	0.0149206	0.0236384	0.0180726	0.0162081	0.0503097	0.0421943	0.0260651	0.0235026	0.0175505	0.122421	0.306197	0.0383941	0.0317892	0.0258349	0.00487931	0.0113724
73	0.0308556	0.00151563	0.00547081	0.00672498	0.00114644	0.869088	0.00675051	0.00159288	0.00746155	0.0119636	0.00454824	0.00636986	0.00445545	0.0139995	0.00556631	0.0111013	0.00432399	0.00335122	0.000289556	0.00342461
74	0.0428979	0.00676211	0.0134227	0.0230051	0.130403	0.0136455	0.0189351	0.0503163	0.0189689	0.329278	0.0732194	0.0110418	0.00569111	0.0173529	0.0248098	0.0143186	0.0169132	0.0487847	0.00803363	0.1322
75	0.0523175	0.00220064	0.48134	0.145152	0.00316685	0.0292166	0.0105926	0.00539889	0.0311069	0.0100206	0.00564772	0.0519475	0.0194185	0.0392019	0.0111414	0.0486244	0.0347934	0.0111445	0.000763154	0.00680534
76	0.235838	0.00323766	0.00848875	0.0181657	0.00269665	0.0222026	0.0068279	0.00340971	0.00903602	0.00958778	0.00705414	0.00916936	0.448937	0.00795676	0.0104872	0.14583	0.0314477	0.0142247	0.00053755	0.00486527
77	0.0681836	0.00176123	0.355647	0.29812	0.00241006	0.0151696	0.00985513	0.00512851	0.0353991	0.00747781	0.00649936	0.0293443	0.0186625	0.0626362	0.0172578	0.0250909	0.0211974	0.0143027	0.000671821	0.00518475
78	0.0679924	0.00355251	0.016808	0.0197758	0.00592518	0.00907501	0.155903	0.0059259	0.0208339	0.00996101	0.00710897	0.557307	0.00373023	0.0423692	0.015215	0.0179229	0.0125999	0.0141534	0.00153207	0.0123091
79	0.0870748	0.00068958	0.0757579	0.154247	0.000874117	0.00852142	0.001131	0.0012613	0.014645	0.00867941	0.00156226	0.00200009	0.489727	0.0280853	0.00220751	0.072532	0.0218462	0.0278692	0.000361287	0.000926992
80	0.064433	0.00805433	0.00902212	0.0179924	0.00957983	0.0201601	0.016938	0.0118548	0.0259328	0.141617	0.0308163	0.0274609	0.347484	0.0216986	0.130888	0.0444697	0.0279374	0.030283	0.0044061	0.0089715
81	0.249352	0.0182824	0.0148776	0.0297821	0.0108568	0.0191014	0.0114482	0.0981069	0.0184225	0.044797	0.0208564	0.0160198	0.0226412	0.0184574	0.016927	0.0398534	0.0675984	0.270879	0.00268285	0.00905813
82	0.114148	0.012077	0.00638106	0.0271499	0.0112504	0.0133334	0.0128968	0.0821498	0.031669	0.0669405	0.0301471	0.00782783	0.0228063	0.0313636	0.0453555	0.052242	0.165306	0.251089	0.00102072	0.0148458
83	0.12379	0.00408457	0.283711	0.0658705	0.00501404	0.156146	0.0136218	0.0089882	0.0490474	0.0155104	0.0106046	0.056559	0.0186072	0.0435631	0.0213761	0.0608282	0.0400271	0.0136906	0.00242379	0.00653694
84	0.0653162	0.0123318	0.170299	0.06401	0.0229489	0.0243558	0.0257335	0.0362596	0.0282656	0.257628	0.0495474	0.0213513	0.0128864	0.0464611	0.0251612	0.0335326	0.0384708	0.0411598	0.00406572	0.0202151
85	0.0197191	0.0027044	0.0017463	0.00259009	0.0104132	0.00518937	0.00117004	0.353585	0.00166449	0.049965	0.0195172	0.00139714	0.00288767	0.0023064	0.00257069	0.0044623	0.0190244	0.49725	0.000398332	0.00143859
86	0.0337922	0.00131405	0.00407306	0.00551479	0.000635445	0.88303	0.00579669	0.000893476	0.00617758	0.0115555	0.00404272	0.00432799	0.0044914	0.0124716	0.0045752	0.00800234	0.00361966	0.00220109	0.000296537	0.00318911
87	0.105548	0.0103742	0.008028	0.0118413	0.0100552	0.0102206	0.0102013	0.0335217	0.136765	0.125587	0.368189	0.0127442	0.0181067	0.0198192	0.022382	0.0271095	0.035827	0.0206953	0.00588397	0.00710034
88	0.304688	0.00669239	0.0405342	0.0926586	0.00544009	0.118498	0.0104993	0.00811727	0.117178	0.0184071	0.0139484	0.0252904	0.0174549	0.0463942	0.0505759	0.0634349	0.0369454	0.0164304	0.00140378	0.00540872
89	0.0361647	0.00175795	0.00506162	0.0054965	0.000498579	0.876526	0.00467859	0.00104919	0.00645304	0.0108784	0.00419415	0.00433465	0.00713643	0.0105097	0.00455961	0.0107077	0.00415521	0.00214271	0.000289223	0.00340566
90	0.0411968	0.00560985	0.00391784	0.0110901	0.0190858	0.00821662	0.00834506	0.242583	0.0100705	0.189763	0.0390843	0.00555865	0.00654325	0.0086877	0.00970035	0.012463	0.0307373	0.336779	0.00330667	0.00726172
91	0.298047	0.00596985	0.00276248	0.00893921	0.001913	0.00761855	0.00918052	0.00235071	0.0064834	0.00412837	0.00705021	0.00705334	0.0543692	0.00487104	0.01165	0.530765	0.0256576	0.00820324	0.000876821	0.00211073
92	0.00706253	0.00171934	0.00125759	0.00215779	0.00564527	0.00155725	0.000437462	0.344094	0.000567357	0.0614307	0.0165903	0.000563241	0.000761971	0.000746833	0.00122699	0.00174047	0.00692104	0.544904	8.68607e-05	0.000529635
93	0.216133	0.212336	0.0701793	0.0135883	0.00497432	0.00998557	0.0116905	0.00851361	0.0160175	0.0133049	0.00962278	0.0392403	0.00673086	0.0132325	0.0156197	0.277301	0.0298525	0.0135795	0.00714856	0.0109498
94	0.0135907	0.000767621	0.00528339	0.00182574	0.00160892	0.0027543	0.00113515	0.00200475	0.00233819	0.00244655	0.00162555	0.00810362	0.00295471	0.00210646	0.00152052	0.459991	0.483942	0.00355938	0.000234288	0.0022074
95	0.0286882	0.0023631	0.000999932	0.00217188	0.00878566	0.00826787	0.00110493	0.380875	0.000925275	0.0840367	0.0764359	0.00140599	0.000453739	0.00325185	0.00162206	0.00473121	0.0110627	0.381388	0.000167247	0.00126329
96	0.0399869	0.00321169	0.0829951	0.347892	0.0326108	0.00680475	0.00421018	0.00515329	0.050268	0.250258	0.0324802	0.00611456	0.00233324	0.00928512	0.00723838	0.011236	0.0294058	0.00674197	0.000927136	0.0708468
97	0.0363414	0.0013684	0.51087	0.0497906	0.0015037	0.0334362	0.0116819	0.00393761	0.0305227	0.00414072	0.00288792	0.143872	0.0185729	0.0203025	0.00707121	0.0760192	0.0403506	0.00407435	0.000767368	0.0024885
98	0.155325	0.0307571	0.00586045	0.0102039	0.00934088	0.0113301	0.00420753	0.0185897	0.0167064	0.0401459	0.365055	0.00839971	0.00599967	0.00849266	0.0085068	0.0237514	0.209749	0.0611247	0.00127123	0.0051823
99	0.0216937	0.00208408	0.0422571	0.10334	0.0032912	0.00653729	0.0679627	0.00439033	0.272042	0.00653507	0.0035408	0.146967	0.00375708	0.0640763	0.178651	0.0278504	0.018579	0.0190626	0.000683942	0.00669856
100	0.129222	0.0110483	0.0119226	0.0210905	0.0274464	0.0149615	0.0190282	0.0756028	0.0220583	0.35552	0.074903	0.0127804	0.0126906	0.0303766	0.0234442	0.0284925	0.0356968	0.0731267	0.00480145	0.0157872
101	0.0183802	0.00392993	0.00458012	0.00912949	0.530909	0.00667351	0.00958891	0.0168764	0.00737532	0.130485	0.0426706	0.00804648	0.00382493	0.0136263	0.00526454	0.00823588	0.0155511	0.0199289	0.02354	0.121383
102	0.250158	0.000954815	0.163916	0.167718	0.000521838	0.029737	0.00979842	0.00324384	0.0957404	0.00610484	0.0023623	0.105968	0.00101171	0.0562107	0.0327823	0.0535831	0.0147788	0.0028523	0.000149581	0.00240772
103	0.0232311	0.00435941	0.0331953	0.0243667	0.00113127	0.682786	0.0347024	0.000662244	0.0319416	0.00544521	0.000847019	0.0277512	0.000468497	0.0711836	0.0258331	0.0250107	0.00147824	0.00425675	0.000169282	0.00117998
104	0.0185689	0.00303444	0.00188342	0.00417423	0.0175332	0.00548909	0.0032717	0.462034	0.00368686	0.179906	0.0334005	0.00284162	0.00103072	0.00389032	0.00433684	0.00553421	0.013264	0.229386	0.00144625	0.00528836
105	0.0498758	0.00147472	0.32812	0.0404544	0.00144717	0.0338707	0.0136874	0.00194657	0.0201183	0.00491527	0.00260079	0.0949598	0.181183	0.0137742	0.00352639	0.10063	0.098057	0.00693143	0.000570276	0.00185716
106	0.0186767	0.00498779	0.00318686	0.00726205	0.0153157	0.00678946	0.00508229	0.141643	0.00790815	0.585962	0.0743651	0.00360598	0.00874016	0.0229627	0.0101986	0.00771583	0.0138016	0.0538159	0.00160904	0.00637093
107	0.0373743	0.000616062	0.512134	0.0373147	0.000555274	0.0597168	0.0117882	0.000950743	0.0313961	0.00161689	0.00124956	0.0904008	0.0262525	0.0138495	0.00143412	0.10366	0.0674699	0.00140567	0.000234038	0.000581528
108	0.0306871	0.000661663	0.0294098	0.102116	0.000720586	0.00932663	0.0149083	0.00275437	0.431169	0.00259172	0.00106156	0.0137863	0.000509318	0.157569	0.116043	0.0466187	0.0374006	0.00152801	0.000237673	0.000900709
109	0.0427133	0.00324605	0.000955768	0.00184137	0.0106004	0.014238	0.000749109	0.37322	0.00124142	0.0576829	0.125373	0.00147334	0.0013756	0.00531274	0.00171106	0.00635256	0.016605	0.33431	0.000195231	0.000803849
110	0.0568725	0.00664866	0.0300468	0.0204348	0.00520903	0.0166464	0.0121811	0.0127134	0.0170277	0.0238892	0.0121884	0.0400258	0.170345	0.060893	0.0162626	0.194725	0.257858	0.0348514	0.00226087	0.00892078
111	0.135411	0.0833681	0.00704665	0.0151097	0.00703859	0.0452406	0.00562435	0.0486818	0.0133904	0.0792711	0.0326557	0.00827104	0.015114	0.015074	0.0141543	0.0484411	0.266134	0.149257	0.00134583	0.00937041
112	0.090393	0.0151472	0.0179089	0.033766	0.0113826	0.128678	0.0173592	0.0175147	0.0485794	0.114549	0.0356036	0.0278829	0.013558	0.0408467	0.133168	0.162647	0.0469668	0.0269492	0.00844825	0.00865152
113	0.04007	0.00786024	0.00727653	0.0109725	0.024329	0.0517206	0.0104018	0.109982	0.0164208	0.275834	0.209132	0.00862226	0.00780668	0.0156959	0.0150335	0.0140387	0.0252016	0.135507	0.00398767	0.010107
114	0.214997	0.0109943	0.040906	0.133352	0.00687491	0.0233141	0.0106726	0.0172992	0.0477374	0.0245294	0.0165957	0.0153604	0.0154452	0.0448919	0.0305797	0.0748015	0.219369	0.0413521	0.00170651	0.00922061
115	0.185621	0.095133	0.0281562	0.108153	0.0159341	0.0225312	0.0164183	0.0283795	0.0291276	0.0462805	0.156792	0.0217235	0.0166056	0.033979	0.0290732	0.0465823	0.0645298	0.034705	0.00350604	0.0167688
116	0.0610251	0.00670399	0.0391815	0.0895613	0.00889062	0.38011	0.0356406	0.0119345	0.0365876	0.0205652	0.0118049	0.120452	0.00823081	0.056328	0.0263461	0.0365387	0.0191645	0.020354	0.00302402	0.00755712
117	0.238977	0.00978601	0.0139787	0.0131828	0.00791228	0.32406	0.00930895	0.00800742	0.016906	0.0259495	0.0137146	0.0113354	0.182063	0.0151097	0.013044	0.037183	0.0282293	0.0233019	0.00180122	0.00614885
118	0.233466	0.0188656	0.0235214	0.0361714	0.0232905	0.122471	0.019725	0.0185407	0.028758	0.0918625	0.0243316	0.105937	0.0241879	0.05237	0.0333936	0.0571052	0.0345187	0.0356774	0.00293427	0.0128714
119	0.115794	0.00820844	0.00627844	0.0109315	0.00918698	0.0734034	0.00644118	0.258318	0.00753542	0.042293	0.0456263	0.00875409	0.0106817	0.0137462	0.0103924	0.0211246	0.0589607	0.285768	0.00123003	0.00532489
120	0.0049999	0.0040568	0.000707418	0.00669158	0.00646174	0.00172373	0.00197916	0.445934	0.00609358	0.410111	0.0186565	0.000624729	0.00036826	0.00239688	0.00100444	0.00301676	0.00181168	0.0809826	0.000168199	0.00221119
121	0.191184	0.00436048	0.0144254	0.012403	0.00400006	0.0708821	0.0089499	0.00595344	0.0187857	0.019586	0.00971838	0.0117238	0.485237	0.0119043	0.014624	0.060552	0.0318972	0.0160395	0.00101407	0.00675931
122	0.0105628	0.000885589	0.000380254	0.00178388	0.00932415	0.00235864	0.00034796	0.479061	0.000499766	0.0114362	0.00233176	0.000386661	0.00256817	0.000589054	0.00114979	0.000954183	0.00457866	0.470302	7.42617e-05	0.000425591
123	0.0216797	0.00689101	0.0009449	0.0023798	0.0345224	0.0104187	0.00332623	0.0157603	0.00386957	0.508431	0.348693	0.00331721	0.00065316	0.00136265	0.00155868	0.00186106	0.00466585	0.0207104	0.000272651	0.00868247
124	0.524816	0.019322	0.00473723	0.00521132	0.000948729	0.339646	0.00235356	0.00198211	0.0047363	0.00361564	0.00265847	0.00335245	0.00505566	0.00423378	0.00582178	0.0524105	0.00918768	0.00859566	0.000228478	0.00108606
125	0.054207	0.0214787	0.013358	0.005536	0.311768	0.0348509	0.0134557	0.00377557	0.00472783	0.190412	0.155047	0.0597571	0.00922653	0.0259999	0.00410313	0.0304208	0.0214259	0.0044596	0.0322456	0.00374496
126	0.00701476	0.000902528	0.0041808	0.00403616	0.157338	0.000849633	0.03531	0.0108552	0.000592734	0.00765536	0.00232813	0.00452314	0.000431081	0.000630268	0.00457574	0.00591914	0.000865083	0.00951375	0.0177475	0.724731
127	0.0291152	0.00136016	0.000892158	0.00402353	0.00665923	0.00359775	0.000487356	0.478409	0.000799188	0.0276416	0.0125941	0.00106334	0.00216805	0.00121107	0.00236799	0.002137	0.00620282	0.41849	0.000112943	0.000667643
128	0.320585	0.0416308	0.00825789	0.0378358	0.00266871	0.0235253	0.0232094	0.0331532	0.0174241	0.0716609	0.00572899	0.0458453	0.00651997	0.0431051	0.00960269	0.0354259	0.0162934	0.253131	0.000709925	0.00368654
129	0.711404	0.00282234	0.000959348	0.00659199	0.00218337	0.00433725	0.00094658	0.00954388	0.00223666	0.0118906	0.00451337	0.00111367	0.00183203	0.00167284	0.00172629	0.0451424	0.135722	0.0541573	0.000309491	0.00089478
130	0.498106	0.0164243	0.00419122	0.00146503	0.000592457	0.416208	0.000993746	0.00100238	0.00190017	0.00365609	0.00264999	0.00109323	0.00559974	0.00157916	0.00469606	0.0283979	0.00360224	0.00688933	0.000237735	0.000715379
131	0.0193634	0.00373931	0.0666214	0.405004	0.00465349	0.0582821	0.00953795	0.0605036	0.0370258	0.117364	0.0363713	0.0108034	0.00319666	0.0642791	0.0631703	0.0121134	0.0103727	0.0108471	0.00153802	0.00521216
132	0.0668121	0.00145688	0.0661458	0.16583	0.00125538	0.00997787	0.0214369	0.00601382	0.1944	0.0154434	0.00661451	0.0407539	0.00237764	0.0709205	0.262331	0.0273793	0.0260505	0.0104923	0.000461162	0.00384753
133	0.191527	0.0036675	0.016129	0.137394	0.00388099	0.0676752	0.00726041	0.0062912	0.0577072	0.0124577	0.0144654	0.0147393	0.003219	0.199305	0.0398739	0.180611	0.0278886	0.00977032	0.00100445	0.00513202
134	0.0583933	0.00117694	0.0413761	0.104879	0.00138976	0.0028118	0.00191629	0.0120057	0.314221	0.101752	0.00246646	0.0024527	0.000948257	0.29115	0.012622	0.0141469	0.00345622	0.0311162	0.000503659	0.00121517
135	0.0175206	0.0129107	0.00223776	0.0120343	0.012449	0.00587647	0.00484244	0.118308	0.0116897	0.530141	0.16454	0.00226424	0.00132683	0.0121116	0.0100681	0.00469319	0.0103494	0.0589098	0.00324816	0.00447862
136	0.329957	0.0021974	0.0193057	0.00836132	0.00314744	0.0485242	0.00391679	0.0033495	0.00766612	0.0210587	0.0185181	0.00363674	0.00207272	0.0830394	0.0346924	0.16699	0.232421	0.00815483	0.000701487	0.00228934
137	0.0294496	0.00203797	0.00489339	0.00793588	0.00361876	0.841023	0.00559566	0.00292738	0.00745652	0.0149904	0.00717944	0.00633685	0.00592562	0.0103551	0.00483915	0.0107151	0.00750663	0.00494641	0.00523925	0.0170278
138	0.0971288	0.0884648	0.0146533	0.0208315	0.0112431	0.0993557	0.0131601	0.0173684	0.0320847	0.0311981	0.0174991	0.0210954	0.0159081	0.0316758	0.0825577	0.154288	0.208052	0.0296254	0.00439929	0.00941095
139	0.0322394	0.00366164	0.00314639	0.00461235	0.0190261	0.0172909	0.00451773	0.404239	0.00439759	0.14415	0.0441652	0.00611857	0.00194959	0.0068947	0.00842625	0.00737718	0.0208872	0.260225	0.00114953	0.00552497
140	0.0692421	0.00676669	0.0544417	0.13501	0.0185945	0.119371	0.0470145	0.0162733	0.0391738	0.0298229	0.0155687	0.11596	0.0105061	0.138294	0.0331877	0.0415597	0.02877	0.0680935	0.0018951	0.0104544
141	0.176867	0.0125727	0.0270145	0.0970175	0.00986768	0.0208042	0.096714	0.0284662	0.0442989	0.0477229	0.0132489	0.131611	0.00549702	0.0380558	0.029221	0.0370341	0.0200607	0.149886	0.00200098	0.0120383
142	0.0573242	0.00265377	0.436877	0.0647813	0.00239513	0.0965724	0.0146965	0.00577022	0.0365579	0.0101266	0.00594465	0.0669266	0.0224177	0.0324253	0.00903564	0.0718279	0.0512814	0.00792607	0.000796893	0.00366243
143	0.0609741	0.00748452	0.00509788	0.0106882	0.0137333	0.0139312	0.00495297	0.176107	0.0106824	0.0232669	0.0149274	0.00655426	0.113728	0.0141229	0.0114823	0.0319496	0.10522	0.369218	0.00207097	0.00380838
144	0.0177475	0.00525544	0.00413048	0.0074619	0.0159619	0.00540605	0.00563215	0.135622	0.00599845	0.600786	0.0779358	0.00299594	0.00818258	0.0156323	0.00842162	0.00655146	0.0108137	0.0560416	0.00163011	0.00779216
145	0.0385739	0.00493161	0.0279312	0.0199759	0.00270097	0.665295	0.0238248	0.00322778	0.04679	0.0113762	0.00594208	0.0232895	0.00532533	0.0515876	0.0209394	0.0287595	0.00821069	0.00658637	0.00110861	0.00362349
146	0.186847	0.0113749	0.0405747	0.162427	0.0194064	0.0205963	0.0163112	0.0270301	0.033676	0.0346399	0.0254731	0.0279238	0.0319494	0.0344467	0.0256814	0.0366996	0.0528277	0.105563	0.00369329	0.102859
147	0.00377323	0.000570253	0.00114223	0.00240023	0.687341	0.00121687	0.00130155	0.000970134	0.0016932	0.0717502	0.0152581	0.00119082	0.00112453	0.00591239	0.00112692	0.00210842	0.0020484	0.00186709	0.0285487	0.168656
148	0.298915	0.0183036	0.0166649	0.0287142	0.0173634	0.0214348	0.0150523	0.0319986	0.0373217	0.117762	0.169218	0.0169597	0.0209997	0.0267899	0.0227136	0.0423595	0.0459869	0.0371419	0.00571356	0.00858686
149	0.080641	0.119117	0.0122068	0.0122243	0.00618053	0.01438	0.00814234	0.0529683	0.0118152	0.0317696	0.0170311	0.00692344	0.0926639	0.0143142	0.0161116	0.0356651	0.223516	0.237653	0.00168266	0.00499472
150	0.0645606	0.0107677	0.0282501	0.101138	0.07606	0.0317996	0.0256625	0.0146774	0.069022	0.0421497	0.0295744	0.0321929	0.0102844	0.121741	0.247108	0.0333182	0.0206014	0.0274454	0.00349135	0.0101545
151	0.0630224	0.00715624	0.0330241	0.0304062	0.00761921	0.478389	0.0307506	0.00780658	0.0310993	0.019676	0.00957805	0.100348	0.00708822	0.0520118	0.0243275	0.0550872	0.0170769	0.0158189	0.00211498	0.00759872
152	0.0757703	0.0182417	0.0106186	0.0172226	0.00882814	0.0191242	0.00530499	0.0832252	0.022888	0.0305223	0.0186762	0.0164049	0.0126122	0.0173705	0.0152137	0.141196	0.374323	0.104759	0.00237394	0.00532476
153	0.0225429	0.00221108	0.00422852	0.0136114	0.413849	0.00379776	0.0103998	0.0154529	0.00991198	0.212021	0.0583811	0.00407908	0.00239699	0.00940275	0.00987992	0.00601754	0.012948	0.0219166	0.0180969	0.148855
154	0.064783	0.00552997	0.0066328	0.0156475	0.0404482	0.0122885	0.00551802	0.161052	0.0158476	0.0364541	0.0190813	0.00768604	0.0493663	0.0169063	0.0169974	0.0651777	0.137206	0.311613	0.00468425	0.00708003
155	0.00811085	0.000729089	0.0040798	0.00477461	0.169093	0.00115328	0.0341714	0.0101216	0.00139394	0.0177122	0.00437455	0.00467764	0.000603919	0.00196781	0.00466533	0.00888433	0.00314359	0.012477	0.0182274	0.689639
156	0.0958299	0.00385491	0.0123552	0.0207328	0.00287526	0.0205821	0.010322	0.00544518	0.0146479	0.0144438	0.00562095	0.0161242	0.503774	0.0100375	0.0186539	0.179485	0.043904	0.0178688	0.000777052	0.00266586
157	0.0768986	0.00839187	0.0127208	0.0183369	0.0167448	0.0295628	0.015659	0.0149749	0.0192097	0.216053	0.0283372	0.0162065	0.359133	0.0259886	0.0331126	0.0323763	0.0292008	0.0299584	0.00822561	0.00890869
158	0.239356	0.000560646	0.0486517	0.274474	0.000757867	0.0278002	0.00303015	0.00155654	0.135739	0.0223663	0.00355063	0.00707534	0.000905454	0.073049	0.0410042	0.0263482	0.0780037	0.0140217	0.000290805	0.0014597
159	0.272268	0.00509685	0.00873368	0.0142155	0.0443397	0.0541522	0.0437802	0.00846276	0.0124128	0.0186443	0.0788194	0.0459453	0.191536	0.013235	0.0472269	0.0195991	0.0892424	0.0168655	0.00188287	0.0135414
160	0.275401	0.0191213	0.00778596	0.0163739	0.00461778	0.036983	0.00969217	0.00483781	0.0129158	0.0088757	0.0122928	0.0112428	0.0203342	0.0140306	0.0162489	0.457815	0.0531016	0.0127785	0.00153513	0.00401582
161	0.0221827	0.00178322	0.00337767	0.00398477	0.0209738	0.00480445	0.00631228	0.316516	0.00507547	0.114367	0.339978	0.00377516	0.0016362	0.00562474	0.00422832	0.00573924	0.00813862	0.080323	0.00115689	0.0500218
162	0.0143875	0.000378085	0.00484172	0.0116218	0.00059847	0.00592459	0.0141523	0.000343104	0.100765	0.00268621	0.00254587	0.00763357	0.00201632	0.0347309	0.782862	0.00851731	0.00485128	0.000683612	8.50386e-05	0.000375612
163	0.0632593	0.00557823	0.00276696	0.00283442	0.00907684	0.0131829	0.00290113	0.404759	0.00309064	0.129297	0.00974668	0.0115089	0.00150634	0.00619762	0.0237656	0.00950097	0.023427	0.273371	0.000652972	0.00357648
164	0.0355191	0.00341188	0.000957321	0.00181879	0.011384	0.0123676	0.000579479	0.382358	0.000853854	0.0501121	0.0733789	0.00139193	0.00122094	0.00329128	0.00151569	0.00486111	0.0162579	0.397848	0.000126495	0.000746117
165	0.27789	0.00204606	0.00187148	0.00222495	0.00167405	0.365229	0.00153331	0.00169725	0.00356859	0.0024616	0.00227162	0.0149296	0.00112291	0.0110333	0.00236454	0.299021	0.00472666	0.00267672	0.000295517	0.00136137
166	0.073765	0.00167848	0.247099	0.30331	0.00183772	0.0272367	0.0203403	0.00288938	0.0444172	0.00943796	0.00448418	0.0595494	0.0130156	0.11432	0.0253003	0.0217444	0.0132558	0.011046	0.000520275	0.0047532
167	0.0293866	0.0048819	0.00269236	0.0138894	0.0348089	0.00548605	0.00896546	0.182763	0.0253194	0.35014	0.107175	0.00222158	0.000920937	0.0121276	0.0144635	0.00606355	0.0194997	0.151794	0.0168774	0.0105238
168	0.027883	0.00514535	0.00779667	0.0113264	0.393124	0.00966976	0.0174867	0.130147	0.0149634	0.0266083	0.110935	0.0121083	0.00454687	0.0546637	0.010068	0.015407	0.10707	0.0167576	0.00289849	0.0213943
169	0.389633	0.000412094	0.0315383	0.223091	0.000489475	0.0703397	0.00534476	0.000617704	0.0475945	0.00137419	0.00314194	0.00867161	0.00148584	0.0524621	0.0503544	0.0887964	0.0172769	0.00674465	0.000177415	0.000453259
170	0.00720116	0.000265691	0.00439175	0.00417552	0.129453	0.000564537	0.0368726	0.0106655	0.00054319	0.00807445	0.00233924	0.00422637	0.00024109	0.000610071	0.00431783	0.00620096	0.000730366	0.00992514	0.0184197	0.750781
171	0.195268	0.149773	0.00289561	0.0156181	0.00140636	0.0109768	0.0022953	0.0446668	0.00588296	0.0462667	0.0258863	0.00288986	0.00543576	0.00362891	0.00338259	0.0490987	0.364865	0.0629409	0.000496522	0.00632545
172	0.327656	0.00222171	0.00180109	0.0112191	0.00143607	0.00279192	0.0126555	0.00209623	0.00850017	0.00250295	0.00986739	0.00229565	0.0111064	0.00404292	0.00856868	0.561579	0.0213911	0.00605544	0.000825334	0.00138654
173	0.149906	0.000453659	0.0413264	0.131391	0.0003292	0.0032399	0.00269239	0.00501838	0.211824	0.0283227	0.0066157	0.0276449	0.00027545	0.12638	0.132956	0.0401829	0.0622364	0.0208147	0.000130596	0.00825978
174	0.00764578	0.00121014	0.00194176	0.0905107	0.0202748	0.00252927	0.268001	0.00189771	0.0807821	0.0124763	0.00239239	0.310295	0.00141297	0.0147778	0.0659011	0.0133027	0.0129461	0.00324638	0.000447019	0.0880097
175	0.164755	0.0114842	0.0260355	0.0820123	0.017283	0.0150698	0.0208929	0.0829994	0.0358997	0.146541	0.151217	0.0178728	0.00861117	0.0803	0.0231808	0.0294776	0.0301946	0.0425599	0.00380553	0.0098087
176	0.078351	0.00217796	0.0377125	0.0910689	0.00168197	0.0131709	0.0055956	0.00254729	0.0169939	0.0114342	0.00354483	0.00773525	0.547869	0.0229797	0.013618	0.0910716	0.030885	0.0194964	0.0004103	0.00165571
177	0.0171993	0.00067317	0.00192532	0.006678	0.000621221	0.00336291	0.00293641	0.000986535	0.452506	0.00949615	0.00309709	0.00283347	0.000951075	0.0145293	0.470697	0.00407785	0.00481197	0.00172478	0.000259282	0.000633154
178	0.00355738	0.000478127	0.000943429	0.00198945	0.695437	0.00116742	0.000848851	0.000915305	0.00135258	0.0703176	0.0152161	0.00104291	0.00108843	0.00571512	0.00106306	0.00201328	0.00158131	0.0015916	0.0291391	0.164541
179	0.0644994	0.00472677	0.0435973	0.1216	0.00594629	0.0190206	0.0438679	0.0076732	0.123518	0.0233452	0.014025	0.14038	0.00598949	0.0618525	0.228465	0.0344723	0.0242814	0.0156219	0.00241678	0.0147
180	0.100325	0.0142557	0.00565058	0.00763194	0.0191647	0.0420764	0.00226981	0.00570384	0.00682455	0.0239906	0.0116252	0.00767754	0.0041485	0.00749982	0.00526456	0.290227	0.429459	0.012626	0.000976664	0.00260234
181	0.0464402	0.00362931	0.00501231	0.0101567	0.0129574	0.00956567	0.00626782	0.35819	0.00670853	0.0741484	0.0297335	0.00490901	0.00780504	0.00898562	0.00859208	0.0298467	0.0540231	0.319343	0.00102454	0.00266114
182	0.194823	0.0186198	0.0141033	0.0243001	0.0108684	0.0329614	0.00812049	0.0174699	0.0256505	0.0706225	0.0210311	0.0140975	0.0195094	0.026712	0.0186497	0.190573	0.238894	0.044485	0.00221631	0.00629276
183	0.0316441	0.0033756	0.0019658	0.00426389	0.00941074	0.00764163	0.00204795	0.368693	0.00355374	0.0488132	0.0140354	0.00404961	0.0053791	0.00465626	0.013917	0.0108781	0.0331833	0.429987	0.000463414	0.00204154
184	0.347338	0.00921716	0.00544059	0.0125907	0.00341112	0.290571	0.00327024	0.0034629	0.0113125	0.00619097	0.00495903	0.0116944	0.00663147	0.0129768	0.0118895	0.228776	0.019578	0.00753645	0.000727056	0.00242585
185	0.0966833	0.0211965	0.0171571	0.0192081	0.0105204	0.0972422	0.00809175	0.0190014	0.0180974	0.0338271	0.0169073	0.0209152	0.0164416	0.0246806	0.0184755	0.121811	0.394204	0.0346272	0.00529659	0.00561511
186	0.131823	0.00897122	0.114588	0.0432201	0.0329512	0.02072	0.0893347	0.0144594	0.0252956	0.0273698	0.0155084	0.0680576	0.00989099	0.0505512	0.0314257	0.0371756	0.0251169	0.0232415	0.00603665	0.224262
187	0.16317	0.0105315	0.0209875	0.0336278	0.0150694	0.132805	0.158272	0.0222173	0.0248081	0.0416014	0.0238271	0.0363999	0.0197905	0.0610546	0.0313992	0.0408933	0.033259	0.114381	0.00360895	0.0122957
188	0.0273158	0.00197757	0.00439983	0.00483782	0.00744169	0.00484038	0.00348064	0.307943	0.00519638	0.101813	0.406611	0.00401062	0.0019179	0.00579626	0.00432953	0.00686081	0.00633158	0.0394399	0.000900973	0.054555
189	0.0664105	0.00608343	0.0134441	0.056729	0.00616973	0.0627882	0.373668	0.00829586	0.0127547	0.0153744	0.050349	0.0150832	0.00470523	0.200606	0.0527573	0.0148457	0.014394	0.0176072	0.00241501	0.0055197
190	0.178558	0.00548536	0.097678	0.223445	0.00466606	0.0249986	0.0209297	0.00887945	0.0507702	0.0165052	0.00941157	0.170895	0.00555189	0.0484267	0.0296111	0.0473294	0.0223298	0.0239954	0.00161515	0.00891865
191	0.601876	0.0620415	0.00487997	0.0041939	0.00165229	0.157435	0.00260899	0.00321346	0.00419496	0.00535532	0.00386291	0.00561506	0.00461247	0.00556714	0.00473976	0.0817415	0.0234151	0.0195142	0.000627739	0.00285235
