270	20
1	0.0243096	0.0170638	0.000628565	0.00296632	0.024019	0.00247286	0.00193402	0.239527	0.00301347	0.276897	0.0280577	0.00319105	0.00151423	0.000917663	0.000912327	0.00398794	0.0276326	0.336339	0.00144008	0.00317641
2	0.045483	0.0010785	0.000809962	0.00119955	0.00096807	0.911517	0.000992709	0.00144159	0.00155458	0.00211792	0.00126603	0.0017064	0.000636116	0.00122434	0.00114652	0.0157783	0.0033137	0.00638218	0.00038832	0.000995479
3	0.0476034	0.00514667	0.00461813	0.00504182	0.00446994	0.00671066	0.0143485	0.00751794	0.00885883	0.00991603	0.0084665	0.0528506	0.00569577	0.0129229	0.0140352	0.428168	0.343737	0.0135239	0.00181926	0.00454834
4	0.0503371	0.00105594	0.000880102	0.00118787	0.000900209	0.905728	0.000978998	0.00129122	0.00171436	0.00239989	0.0013471	0.00166498	0.000665952	0.0013066	0.00097862	0.016715	0.00329007	0.00620152	0.000347777	0.00100865
5	0.0303725	0.0106234	0.0144354	0.0175403	0.0623731	0.0129942	0.0197953	0.0166582	0.0204385	0.0231683	0.0251469	0.0242858	0.0078186	0.0181238	0.0136825	0.0336576	0.0318462	0.0246527	0.553063	0.0393236
6	0.0867881	0.0010949	0.000906725	0.00143028	0.00101235	0.858353	0.0013195	0.00144453	0.00202656	0.00415171	0.0018525	0.00172414	0.000756277	0.0016673	0.00130521	0.0212074	0.00381797	0.00777562	0.000353793	0.00101208
7	0.625742	0.00559203	0.000891055	0.00142962	0.000835149	0.167228	0.00406314	0.00138525	0.00159706	0.0121538	0.00708654	0.00205951	0.000696572	0.00439	0.00111899	0.128187	0.0279968	0.00622449	0.000364417	0.000958717
8	0.095622	0.0149055	0.00110485	0.00403517	0.0691514	0.0202815	0.0139118	0.136756	0.00209692	0.20617	0.0713273	0.0166914	0.00340328	0.00146758	0.00386452	0.0204525	0.103317	0.171323	0.00622282	0.0378953
9	0.489265	0.0580963	0.00126378	0.00581735	0.00107383	0.0216017	0.00151262	0.00161307	0.0075374	0.0037503	0.00157532	0.0129707	0.00647897	0.00188301	0.00136289	0.214099	0.150017	0.0183183	0.000426621	0.00133673
10	0.0233995	0.00290427	0.00143382	0.0018991	0.30008	0.00289813	0.00263696	0.0395666	0.00436297	0.432589	0.0861029	0.00344036	0.0011338	0.0024802	0.00206534	0.00491006	0.021492	0.0630285	0.00100141	0.00257533
11	0.0225091	0.00897297	0.000728386	0.00465403	0.0337924	0.00235236	0.00254865	0.246965	0.00190616	0.385992	0.0522917	0.00238243	0.000822689	0.000923988	0.000868307	0.00246198	0.0159167	0.208689	0.00146687	0.00375602
12	0.0485388	0.00421584	0.0222321	0.0581181	0.00392609	0.0193624	0.0300101	0.00752371	0.280888	0.0233426	0.0033955	0.052589	0.00265945	0.0957636	0.22709	0.0667634	0.0357235	0.0144838	0.00031723	0.00305696
13	0.033651	0.0015327	0.10716	0.0358548	0.0014444	0.0849073	0.0917245	0.0192713	0.130566	0.00235395	0.0122834	0.12285	0.016335	0.0397621	0.0187556	0.144096	0.0856692	0.0263587	0.00211625	0.0233077
14	0.0199531	0.00785927	0.000467072	0.00566444	0.0454224	0.00246661	0.00164566	0.308145	0.000736029	0.324162	0.0238053	0.00140036	0.000552169	0.000630909	0.000486368	0.00131945	0.0112879	0.23928	0.00214598	0.00256953
15	0.00512781	0.0065849	0.580191	0.0633072	0.00377145	0.011049	0.0270772	0.00505365	0.0626119	0.00281294	0.00216566	0.118192	0.0221408	0.025104	0.00888188	0.0303337	0.0197331	0.0033875	0.000913575	0.00156041
16	0.0163958	0.0100653	0.000372466	0.000593546	0.00601918	0.000697201	0.00231153	0.199618	0.000615289	0.0673202	0.0144654	0.00117473	0.00384203	0.000461154	0.000430006	0.001552	0.0118261	0.660774	0.000247745	0.00121887
17	0.0113565	0.00336707	0.00435683	0.0460264	0.00655192	0.00509228	0.0831912	0.177406	0.0623436	0.0283633	0.016161	0.00747067	0.0022667	0.0375785	0.017987	0.0824922	0.229357	0.168114	0.0012637	0.00925354
18	0.0166348	0.0110924	0.000324696	0.000673901	0.0059806	0.000661075	0.00237009	0.206287	0.000676643	0.0779766	0.0143081	0.00131238	0.00321217	0.00046965	0.000444123	0.00143589	0.0119449	0.64286	0.000231094	0.0011037
19	0.0124327	0.0104149	0.000428716	0.000547989	0.00431685	0.000648889	0.00208139	0.218109	0.000803563	0.0427211	0.0112447	0.00102191	0.00256131	0.000624555	0.000506832	0.00166397	0.00860342	0.679995	0.000224024	0.00104917
20	0.250484	0.0158113	0.00864042	0.0149016	0.0134438	0.052605	0.0154096	0.0335912	0.0271928	0.0820125	0.0256131	0.0229385	0.0220876	0.0228796	0.0157251	0.217355	0.0825555	0.0630644	0.00420534	0.00948413
21	0.102977	0.00588673	0.0774691	0.0605671	0.0120643	0.0238465	0.0185727	0.013548	0.0472001	0.0195289	0.0123628	0.0378071	0.353469	0.0352655	0.00925652	0.0729117	0.0451379	0.0281196	0.00433453	0.0196752
22	0.0440009	0.00487503	0.026207	0.0478817	0.0063854	0.0206484	0.0463162	0.0121122	0.228718	0.0328932	0.0069843	0.058837	0.00446348	0.0853578	0.219148	0.0744929	0.0517026	0.0214632	0.00182254	0.0056895
23	0.0514498	0.00450809	0.186476	0.0568067	0.00318059	0.0557666	0.0192674	0.00468038	0.0416414	0.00424748	0.00623947	0.338406	0.0128124	0.0329715	0.008055	0.131336	0.0284378	0.00670616	0.00288367	0.00412837
24	0.0129923	0.0103919	0.00175937	0.0136165	0.337179	0.00608862	0.0602564	0.00535551	0.00477009	0.0362023	0.0240765	0.0193908	0.00221393	0.00729228	0.0118766	0.0090585	0.00465402	0.00329423	0.0271895	0.402341
25	0.0180596	0.0130147	0.0051685	0.00788302	0.369704	0.00888477	0.0344079	0.0303117	0.0174064	0.126545	0.0439333	0.019047	0.00266081	0.0120567	0.0140611	0.015194	0.0188722	0.0356737	0.0246156	0.1825
26	0.0499983	0.0221306	0.00142488	0.0019453	0.0173461	0.004029	0.00277595	0.0366866	0.019593	0.496831	0.0972417	0.00726778	0.00150622	0.00206701	0.00395316	0.00594752	0.0741184	0.148348	0.00123737	0.00555244
27	0.0120582	0.0185258	0.00479307	0.0115541	0.313965	0.00622261	0.05565	0.0118604	0.0123728	0.0482587	0.0276441	0.0299597	0.00175194	0.0085976	0.0153318	0.013002	0.00680568	0.00693511	0.0304449	0.364266
28	0.0729304	0.00884528	0.0287516	0.0519817	0.0122319	0.0223906	0.0264224	0.0347216	0.0650705	0.0335132	0.0266387	0.0392149	0.0269685	0.0924464	0.0470909	0.105833	0.235954	0.0464534	0.00988128	0.0126604
29	0.103256	0.00536439	0.0245698	0.0233402	0.0105795	0.0127758	0.0196384	0.021303	0.0310455	0.0197609	0.0143803	0.031711	0.387572	0.0291234	0.00720364	0.104792	0.0873533	0.040094	0.00154198	0.0245944
30	0.0364538	0.00654438	0.00171257	0.00245748	0.0772607	0.00289754	0.00280616	0.0543638	0.00567298	0.543031	0.179901	0.00392982	0.00149644	0.00379409	0.00263115	0.00531277	0.0150787	0.0503079	0.00104844	0.00329895
31	0.0336198	0.00975955	0.00226328	0.00321433	0.0572383	0.00456395	0.00412373	0.0770757	0.0103573	0.52152	0.102738	0.00674418	0.00175459	0.0040524	0.00543883	0.00907174	0.0281813	0.111395	0.00192512	0.00496371
32	0.12991	0.00633673	0.00609172	0.0109032	0.00987433	0.011079	0.0231256	0.0255528	0.0103985	0.0234952	0.0151321	0.0322614	0.325114	0.0167035	0.00781198	0.0947009	0.136886	0.0836183	0.00160103	0.0294036
33	0.171085	0.0570842	0.0281117	0.0446574	0.00554184	0.232876	0.00866313	0.00869153	0.0217169	0.0115069	0.00857497	0.0786885	0.00457898	0.00938421	0.0102905	0.243461	0.0328032	0.0146495	0.00268163	0.00495338
34	0.281996	0.0552923	0.00381953	0.00669409	0.0030254	0.0267923	0.00344705	0.0370344	0.00802976	0.0590083	0.00370997	0.0170259	0.00323029	0.00464809	0.00371251	0.126183	0.141415	0.21135	0.000964369	0.00262179
35	0.461254	0.0602276	0.00192129	0.00613541	0.00228028	0.0235754	0.00229185	0.00349419	0.00765387	0.00596015	0.00299897	0.0114262	0.0263218	0.00354633	0.00214496	0.191306	0.162523	0.02264	0.000492063	0.00180721
36	0.130346	0.0516142	0.00532476	0.00751816	0.00409528	0.0138367	0.00398299	0.0588201	0.00976641	0.0792684	0.00473474	0.0317499	0.00228543	0.00638355	0.00431551	0.109872	0.121615	0.349156	0.00102643	0.00428733
37	0.0441823	0.000886037	0.0014028	0.001569	0.00111977	0.911754	0.00101869	0.00124411	0.00167618	0.00205387	0.00151474	0.00215409	0.000704827	0.00167071	0.00103572	0.0157882	0.00273344	0.00608624	0.000452839	0.000951968
38	0.127861	0.00262664	0.00252353	0.00412239	0.00356508	0.0234358	0.00590789	0.0535922	0.0340602	0.0432691	0.0578912	0.01969	0.0301019	0.0499516	0.0218986	0.222764	0.240625	0.0454508	0.00437538	0.00628796
39	0.0159991	0.00987117	0.000337313	0.000461822	0.0053711	0.000646165	0.00251306	0.185569	0.000644278	0.0614706	0.0138977	0.00103756	0.00363823	0.000450295	0.000415561	0.00145832	0.0109318	0.683938	0.000226616	0.00112244
40	0.0178609	0.00359003	0.178074	0.4752	0.00120523	0.00821087	0.0295541	0.00384788	0.0408853	0.00284252	0.00191983	0.0401522	0.0227803	0.0513059	0.0169995	0.0528948	0.0360561	0.0137823	0.00126508	0.00157336
41	0.160194	0.00389445	0.0288784	0.0667706	0.0334403	0.075941	0.0338303	0.0104171	0.00779125	0.0831731	0.0296193	0.0102892	0.183831	0.00690039	0.00548803	0.0947001	0.0428851	0.0782858	0.00167525	0.041996
42	0.0448079	0.00559826	0.0468758	0.0597918	0.00802612	0.0258185	0.026961	0.0146484	0.201816	0.0393404	0.0112475	0.0750547	0.030073	0.0702413	0.168669	0.08094	0.0518276	0.0279484	0.00156657	0.00874846
43	0.276848	0.0248483	0.0101032	0.0164457	0.00942657	0.0369406	0.0103886	0.0275283	0.0211566	0.0350716	0.0161796	0.0213328	0.0228486	0.0205178	0.0144036	0.195506	0.128586	0.0988057	0.00323259	0.00983031
44	0.0269801	0.0197826	0.000626812	0.00298072	0.00643347	0.00104273	0.00245281	0.390175	0.000932777	0.142866	0.0277549	0.00354606	0.00157552	0.000865038	0.000690989	0.0023848	0.0193423	0.34641	0.00055023	0.00260689
45	0.00419757	0.027481	0.00106019	0.00110291	0.0152361	0.00134607	0.00123854	0.257747	0.00179752	0.0460298	0.0170297	0.00312809	0.000930101	0.00140837	0.00127281	0.0138251	0.149157	0.446733	0.000448571	0.00883078
46	0.0226866	0.00131923	0.079407	0.679812	0.00138102	0.00328623	0.015774	0.00200863	0.00679833	0.00346265	0.00198836	0.00316301	0.00992426	0.0686743	0.0142704	0.0269524	0.0308858	0.0261067	0.000656511	0.001442
47	0.0955176	0.0149058	0.000646039	0.003135	0.0719532	0.0224847	0.010563	0.132756	0.00103068	0.221427	0.0714168	0.0155927	0.00348694	0.000998472	0.00323521	0.0172466	0.103364	0.166528	0.00690789	0.0368038
48	0.0525549	0.00548188	0.0132999	0.0418939	0.013058	0.00695722	0.0280184	0.0232734	0.203728	0.0813143	0.0153556	0.0444082	0.00983126	0.067021	0.212473	0.0596917	0.0666043	0.0501323	0.00148756	0.00341552
49	0.045738	0.00445677	0.0245627	0.0626466	0.00505076	0.0264987	0.0362206	0.00596792	0.277369	0.016394	0.00247631	0.0512248	0.0023321	0.0979642	0.221732	0.0718771	0.0341639	0.0106437	0.000311569	0.00237
50	0.0560453	0.00396155	0.0184197	0.0525956	0.00693957	0.0180783	0.0261264	0.0104062	0.263775	0.0392189	0.00727721	0.0476738	0.00457411	0.0822839	0.21426	0.0690952	0.0486072	0.0231187	0.000313843	0.00722994
51	0.0331695	0.00159623	0.0949316	0.0294215	0.00162893	0.0945865	0.0851218	0.0190028	0.138884	0.00265826	0.0119649	0.121213	0.0211582	0.0436851	0.0208835	0.137989	0.0918249	0.0259671	0.00222334	0.0220892
52	0.00488876	0.0841382	0.00421334	0.00238172	0.107216	0.00238847	0.0732984	0.0689705	0.0447273	0.116678	0.0212059	0.0436047	0.00135883	0.00423001	0.0277609	0.0446249	0.022284	0.0418376	0.0142875	0.269904
53	0.0443458	0.00343279	0.102759	0.148065	0.00398271	0.0324576	0.0155152	0.0054187	0.182038	0.0131974	0.00725477	0.0680001	0.0113172	0.117672	0.0903133	0.087829	0.0450333	0.0164127	0.000929146	0.00402611
54	0.511061	0.00605662	0.0016645	0.00448173	0.00209024	0.24381	0.00795211	0.00418657	0.00588032	0.0348217	0.012778	0.00452713	0.00224063	0.00915298	0.00331117	0.108686	0.0243552	0.00959645	0.000751734	0.00259593
55	0.0813863	0.00209918	0.111615	0.275341	0.00368631	0.00862482	0.0115947	0.0047962	0.100055	0.0383739	0.0111062	0.035581	0.0047217	0.0581636	0.0398149	0.0905773	0.0753959	0.0427485	0.000670489	0.0036488
56	0.272784	0.386698	0.00517115	0.00578098	0.00570631	0.00736935	0.00716211	0.0103611	0.00812148	0.0145671	0.00622557	0.0235283	0.00378612	0.00838097	0.00526356	0.0178876	0.0221973	0.181217	0.0024623	0.00532978
57	0.0326193	0.00482586	0.0204986	0.0379879	0.0573551	0.00378599	0.0283726	0.141644	0.0405897	0.117342	0.00577215	0.00696091	0.00242685	0.0221707	0.00618962	0.0339939	0.236297	0.115149	0.00127666	0.0847421
58	0.0519548	0.00184293	0.18493	0.145117	0.00441785	0.0611011	0.0170944	0.00367477	0.101891	0.00447775	0.00692868	0.0774462	0.0382478	0.0719559	0.0184702	0.152691	0.0291767	0.0111357	0.00371237	0.0137337
59	0.0214961	0.0153911	0.000528467	0.00222588	0.0071828	0.00107334	0.00201008	0.341888	0.000853378	0.127475	0.0211361	0.00243553	0.00181338	0.000668543	0.000588734	0.00193913	0.0163088	0.432703	0.000453488	0.00182879
60	0.0240775	0.0502394	0.40328	0.019576	0.0746505	0.0144838	0.0352584	0.0152233	0.0366065	0.0238632	0.0110523	0.106218	0.00894934	0.0168029	0.0214787	0.0301701	0.0325113	0.0197054	0.0100672	0.0457862
61	0.109046	0.00220551	0.00453378	0.0185738	0.00778935	0.0066658	0.0550445	0.0323874	0.00387847	0.0225995	0.005435	0.0305481	0.440527	0.00487392	0.00280202	0.0471291	0.0754694	0.0538326	0.00081627	0.0758425
62	0.0800499	0.00240121	0.124925	0.253977	0.00193779	0.00549394	0.0158007	0.00295399	0.0960099	0.0406892	0.0122572	0.0260703	0.00200887	0.0445077	0.0144689	0.136978	0.0837793	0.0528515	0.000726059	0.00211393
63	0.0176778	0.00698707	0.00057836	0.00745275	0.0376876	0.00221101	0.00246486	0.31842	0.000820321	0.314532	0.0309685	0.00206928	0.000508543	0.00063524	0.000618443	0.00160816	0.0117085	0.237799	0.00184351	0.00340878
64	0.0386166	0.00129697	0.165875	0.170661	0.00727867	0.0507915	0.00357734	0.00170041	0.116477	0.00449189	0.00729856	0.0590063	0.0649721	0.10168	0.0234934	0.134976	0.026763	0.0092861	0.00405774	0.00769994
65	0.0121678	0.0112465	0.00243426	0.013	0.281907	0.00550552	0.0503871	0.00607268	0.00588446	0.0333405	0.0215089	0.0190448	0.0040195	0.00672048	0.0117786	0.0103079	0.00692335	0.00425502	0.027395	0.466101
66	0.0211642	0.0120067	0.45276	0.0752137	0.00899597	0.0270756	0.0264597	0.0080314	0.0579251	0.0102867	0.00756025	0.0858496	0.0139829	0.0297131	0.0161066	0.0543577	0.0678292	0.0131771	0.00341736	0.00808755
67	0.00561684	0.0825841	0.00418295	0.00258393	0.105055	0.00239396	0.0735475	0.0693633	0.0454129	0.115046	0.0215665	0.0425881	0.00136724	0.00422906	0.0286044	0.0447199	0.0239959	0.0437965	0.013881	0.269464
68	0.190606	0.072387	0.00459715	0.00709137	0.0182785	0.0218986	0.00807749	0.0560215	0.0172341	0.262703	0.0478374	0.0181958	0.00439806	0.0103624	0.00964383	0.0497769	0.0634753	0.124135	0.00310577	0.010174
69	0.0139767	0.00925146	0.000364879	0.000483343	0.00567679	0.000603177	0.00228155	0.186871	0.000723623	0.0503025	0.0121159	0.000972443	0.00336035	0.000506914	0.000440313	0.00150513	0.0100737	0.699242	0.00018617	0.00106285
70	0.00592643	0.0242288	0.000824017	0.000871859	0.0159856	0.00118021	0.00132256	0.233731	0.00154987	0.0469022	0.0168923	0.00229878	0.00149499	0.00118031	0.00100828	0.0128615	0.119853	0.50175	0.000385109	0.00975287
71	0.62407	0.00689332	0.000887152	0.00153894	0.000835709	0.161754	0.00389206	0.00135866	0.001822	0.0116124	0.00670857	0.00225978	0.000781936	0.00412112	0.00111991	0.130974	0.031479	0.00656231	0.000364096	0.000965324
72	0.0155136	0.00978362	0.000334497	0.000466748	0.00516475	0.000568076	0.00276212	0.177737	0.000687386	0.0554069	0.0134649	0.000941186	0.00343562	0.000478635	0.000421568	0.00144915	0.0101956	0.699941	0.000183748	0.00106379
73	0.0486679	0.00109385	0.000835921	0.00111345	0.000895907	0.908048	0.00113952	0.00131749	0.00172544	0.00211135	0.0013155	0.00189333	0.000801338	0.00134806	0.00102499	0.0162165	0.00285264	0.00630065	0.000360637	0.000937557
74	0.477196	0.073311	0.0016254	0.0130892	0.00146093	0.0551478	0.00181716	0.0023723	0.00680268	0.00497703	0.00180566	0.0122205	0.00532668	0.00256296	0.00233971	0.196421	0.121558	0.0178376	0.0005157	0.00161296
75	0.0426869	0.00117363	0.129704	0.163712	0.00498301	0.0400175	0.00546064	0.00215569	0.167419	0.0100168	0.011672	0.0490459	0.0127757	0.128025	0.0509527	0.103396	0.0527377	0.0189184	0.000292603	0.00485438
76	0.0766262	0.00426511	0.00423944	0.00433315	0.00504532	0.00930261	0.00544306	0.00796508	0.00686826	0.0087186	0.0110369	0.0759878	0.242454	0.0109213	0.00478214	0.151532	0.226071	0.136838	0.00158305	0.00598804
77	0.0959884	0.0026053	0.0720595	0.00275127	0.00276227	0.017914	0.00337979	0.00326672	0.0170531	0.00436558	0.00414623	0.566589	0.001827	0.043569	0.00239947	0.130744	0.019777	0.00510974	0.00129197	0.0023999
78	0.0350913	0.0555907	0.232637	0.0667741	0.0138481	0.0258665	0.032455	0.0164835	0.0521109	0.0158746	0.0108061	0.0601064	0.0164218	0.0269358	0.0176963	0.108086	0.172327	0.0265083	0.00467892	0.00970162
79	0.0370298	0.00950967	0.0360569	0.0444824	0.165266	0.0658559	0.0294878	0.012828	0.140038	0.0477738	0.0340376	0.04203	0.0100424	0.0952205	0.0608505	0.0588104	0.0369539	0.0231677	0.00852688	0.0420316
80	0.0260377	0.00572789	0.0660681	0.0131778	0.00462766	0.343259	0.00672913	0.00623514	0.0246945	0.00667167	0.0304603	0.329558	0.00275942	0.0107711	0.00915304	0.0776935	0.0217464	0.0090498	0.00151285	0.00406729
81	0.00383703	0.0274824	0.00108119	0.00117191	0.0156616	0.00135336	0.00119287	0.257195	0.00177912	0.0441321	0.0164412	0.0032212	0.000869939	0.00148643	0.00127002	0.0141342	0.151663	0.446687	0.000465863	0.00887496
82	0.0247533	0.00470269	0.0308812	0.0512748	0.00583449	0.0101392	0.00830359	0.00714833	0.246172	0.010444	0.00748113	0.0458227	0.381289	0.0507017	0.0372263	0.0360461	0.0219478	0.0117518	0.00217185	0.00590776
83	0.0601082	0.000916601	0.000812157	0.00153302	0.000873864	0.892685	0.000984535	0.00139492	0.0020721	0.00262339	0.00148531	0.0018734	0.000622416	0.00147501	0.00117921	0.0186264	0.00331684	0.00616169	0.000365103	0.000891108
84	0.024714	0.0112344	0.00044473	0.000743369	0.00658283	0.00158248	0.00287177	0.179952	0.0010181	0.0576825	0.0147586	0.00163616	0.00319687	0.000599003	0.000652956	0.00469984	0.0143643	0.67069	0.000410847	0.00216546
85	0.0691987	0.00343727	0.0318876	0.111841	0.0209707	0.00790512	0.011909	0.0131951	0.191669	0.0581255	0.0389022	0.0405818	0.0133291	0.0651605	0.131996	0.0433439	0.0813417	0.0527715	0.00100429	0.0114297
86	0.0400541	0.00110121	0.145517	0.178441	0.00341672	0.0394598	0.00470116	0.00158175	0.160617	0.00842159	0.00788414	0.0494316	0.0114793	0.128139	0.0413923	0.112968	0.0479423	0.0133806	0.000223376	0.00384861
87	0.0094723	0.0179198	0.00287983	0.00363271	0.00354503	0.00354289	0.348706	0.00453856	0.021183	0.00504891	0.00419901	0.335249	0.00217842	0.00377463	0.00308988	0.00780229	0.00710273	0.00648972	0.00119782	0.208447
88	0.476786	0.0495355	0.00173953	0.0122863	0.00148317	0.16383	0.00345892	0.00246865	0.00667932	0.0106138	0.00585753	0.00986756	0.00230764	0.00424339	0.00391375	0.174933	0.0568352	0.0105361	0.000532051	0.002092
89	0.00492847	0.0842223	0.00441331	0.0024433	0.108594	0.00241971	0.0745159	0.0680697	0.0446988	0.11543	0.0217623	0.0452501	0.00135991	0.00436359	0.0274911	0.0442516	0.0219215	0.0415539	0.0143495	0.267961
90	0.0309123	0.0103503	0.0127173	0.0190745	0.286421	0.00575616	0.0590857	0.00721061	0.0252326	0.0330504	0.0195065	0.024554	0.0024546	0.00868129	0.0416818	0.0176735	0.00912654	0.00458242	0.0218498	0.360078
91	0.0338656	0.00565908	0.00126873	0.00202401	0.122861	0.00437958	0.00312181	0.055397	0.00438847	0.503966	0.135602	0.00445674	0.00156905	0.00212604	0.00193947	0.00541936	0.0247548	0.0795173	0.00142095	0.00626326
92	0.0426265	0.00469957	0.0162631	0.0417867	0.00622183	0.0183572	0.0215303	0.0165684	0.314149	0.0237669	0.0109025	0.04065	0.00406975	0.0679643	0.247542	0.05167	0.0343752	0.0201579	0.00117985	0.0155194
93	0.0340189	0.00165174	0.141637	0.313455	0.00302168	0.0367107	0.0116323	0.0021922	0.0935334	0.00642897	0.00590717	0.0425465	0.0186568	0.0912181	0.0255641	0.105432	0.0449278	0.014855	0.00209547	0.00451552
94	0.0288492	0.0184619	0.000618448	0.00340668	0.00918561	0.00117577	0.00244002	0.393186	0.000915491	0.16318	0.0278889	0.00355865	0.00148873	0.000822586	0.000667667	0.00202214	0.0158059	0.323207	0.00069617	0.00242323
95	0.0278829	0.00227699	0.191548	0.235357	0.00449506	0.0700225	0.00863284	0.00281327	0.0225504	0.00325403	0.013583	0.0968967	0.0950945	0.0399106	0.00295674	0.125596	0.0089983	0.0145965	0.0179729	0.0155608
96	0.0109343	0.00738007	0.358435	0.140495	0.00545187	0.0303101	0.0653828	0.00803185	0.0731302	0.00450718	0.00458526	0.103355	0.021588	0.0305283	0.0143604	0.0698619	0.0345361	0.00667954	0.00314878	0.00729733
97	0.483581	0.0423385	0.00124678	0.00564831	0.00140585	0.0316706	0.0018921	0.00364055	0.00733347	0.00568461	0.0042578	0.0103642	0.00743162	0.00397336	0.00297456	0.190584	0.168956	0.0245271	0.000629295	0.00186019
98	0.0464398	0.00688505	0.0117458	0.0344176	0.0153695	0.00388974	0.029509	0.0302957	0.179967	0.0995707	0.0192682	0.0448677	0.00865043	0.0677803	0.213763	0.0542447	0.0712077	0.0567651	0.00247933	0.00288311
99	0.0479471	0.00430952	0.023839	0.0612786	0.0028141	0.0209358	0.0312798	0.00603104	0.288008	0.0167553	0.00190965	0.0534229	0.00188678	0.0994165	0.226954	0.067605	0.0325141	0.0106567	0.00023156	0.00220502
100	0.0169012	0.00691571	0.000461451	0.00552511	0.0533177	0.00294959	0.00119252	0.280441	0.000755708	0.344117	0.0189443	0.00137238	0.000451106	0.000607127	0.000503918	0.00131666	0.0110515	0.248019	0.00270138	0.00245614
101	0.0454883	0.00932551	0.0356999	0.0316748	0.0963094	0.0105234	0.0668905	0.0195559	0.154997	0.0571054	0.0167475	0.0433183	0.0051561	0.0444007	0.172392	0.0467035	0.03902	0.0264434	0.00609668	0.0721522
102	0.0508088	0.00406154	0.0187881	0.0529574	0.00679829	0.0159699	0.0284269	0.0118917	0.253487	0.0413367	0.00808872	0.0502643	0.00434364	0.0883467	0.214655	0.0668693	0.0517834	0.0276832	0.000213277	0.00322586
103	0.0259068	0.00217343	0.142159	0.505089	0.00138915	0.0107924	0.0222985	0.00274357	0.0406054	0.00400212	0.00225911	0.0283582	0.0218168	0.0610434	0.0156008	0.0593146	0.0362893	0.0152747	0.000967901	0.00191596
104	0.0224507	0.00131209	0.0798769	0.67949	0.001363	0.00327031	0.0158294	0.00199701	0.00689766	0.00349981	0.00202238	0.00320621	0.00990144	0.0684735	0.0144248	0.0268975	0.0308182	0.0261724	0.000657226	0.00143909
105	0.0190962	0.00498526	0.0049063	0.0104327	0.00543595	0.00568188	0.00924054	0.0778893	0.268953	0.0400936	0.0414287	0.0142816	0.00357558	0.0507664	0.337785	0.0183006	0.0219139	0.055933	0.00200828	0.00729148
106	0.0480447	0.00428005	0.0238222	0.0612666	0.0029295	0.0208436	0.0311722	0.00617874	0.287263	0.0170172	0.00197641	0.0531989	0.00193473	0.0990373	0.227427	0.0675464	0.0327104	0.010886	0.000231689	0.0022326
107	0.0485548	0.00397431	0.0194198	0.0551156	0.00384942	0.0173323	0.0261322	0.0127787	0.275289	0.0221366	0.00544237	0.0469077	0.00289748	0.086732	0.257279	0.0601132	0.034626	0.0183153	0.000297304	0.00280709
108	0.0556549	0.0130327	0.00367296	0.00517156	0.00454898	0.00772166	0.0100954	0.039054	0.0912453	0.358563	0.0745979	0.0695383	0.0040077	0.017606	0.071709	0.020048	0.0652718	0.0595954	0.00855523	0.0203105
109	0.0374357	0.0114989	0.00121562	0.00147054	0.0470527	0.00218062	0.0018666	0.0337769	0.0112611	0.566946	0.135563	0.00438476	0.000881584	0.00171479	0.00260576	0.00379248	0.0372182	0.0957651	0.000724072	0.00264527
110	0.0198978	0.00524119	0.00998196	0.00716232	0.00599857	0.00896029	0.130433	0.00806285	0.0112992	0.00932347	0.0075713	0.106168	0.00444008	0.0381483	0.0608383	0.281773	0.261672	0.0127088	0.00477007	0.00555023
111	0.0468745	0.0103381	0.0027639	0.00467003	0.262988	0.0115526	0.00769696	0.126879	0.00637275	0.13866	0.0582491	0.0114795	0.00382048	0.00448593	0.00464722	0.014572	0.0955097	0.165045	0.00428864	0.019106
112	0.105523	0.0320169	0.00237252	0.00388186	0.0166337	0.00953134	0.00390701	0.117046	0.00494497	0.128708	0.0221381	0.0124257	0.00284448	0.00241144	0.00204773	0.0386563	0.060147	0.424595	0.00181375	0.00835584
113	0.0124439	0.00925109	0.000395776	0.000558036	0.00498615	0.000577809	0.00257126	0.17383	0.00083788	0.0412517	0.0112029	0.000988481	0.00298498	0.0005833	0.000471295	0.00153907	0.00848943	0.725835	0.000192008	0.00100996
114	0.0125809	0.0108148	0.000403901	0.000555417	0.00472455	0.000598388	0.00233114	0.192756	0.000822553	0.043778	0.0113119	0.00104199	0.0027131	0.000586751	0.000468155	0.00166726	0.0121507	0.699464	0.000210035	0.00102054
115	0.0437429	0.00101028	0.00222521	0.00152691	0.00111244	0.903519	0.00104397	0.00164618	0.00204975	0.00268352	0.00184732	0.00511139	0.000694527	0.00138869	0.00108527	0.0178623	0.00327702	0.00669581	0.000350319	0.00112706
116	0.36389	0.00396417	0.000841777	0.00205542	0.000950418	0.507641	0.00256562	0.00143028	0.00256027	0.00831849	0.00400344	0.00215332	0.000786109	0.00287953	0.00149604	0.0689474	0.0162711	0.00771371	0.000526565	0.00100541
117	0.04662	0.00100364	0.000854013	0.00123632	0.000985403	0.907555	0.000958967	0.00165498	0.00150757	0.00270353	0.00156775	0.00234518	0.000638118	0.00149863	0.00112355	0.0166881	0.00307963	0.00658389	0.000428423	0.000966896
118	0.0906458	0.00386261	0.0240662	0.0267803	0.0128313	0.0152793	0.0195819	0.0209636	0.0453034	0.020796	0.0137249	0.0288956	0.445433	0.0284337	0.00945905	0.0686299	0.0623962	0.0347924	0.00180998	0.0263151
119	0.241752	0.0199995	0.00357793	0.0054429	0.00461169	0.0244541	0.00626832	0.0194428	0.0167102	0.019261	0.0180501	0.0184835	0.023961	0.0176824	0.0140008	0.222981	0.248173	0.0679476	0.0024331	0.00476751
120	0.0602365	0.00221412	0.00187257	0.00231712	0.00117738	0.874194	0.00153459	0.00165759	0.00316512	0.00392167	0.00187343	0.00382821	0.00159898	0.0025114	0.00200765	0.023229	0.00484123	0.00636611	0.000405713	0.00104794
121	0.0158488	0.0136125	0.000471224	0.000842196	0.00526048	0.000687725	0.00237908	0.218506	0.000821387	0.0605698	0.01733	0.00151997	0.00277721	0.000605331	0.000487805	0.00227876	0.0194421	0.63456	0.000224892	0.00177514
122	0.0317841	0.00208756	0.0912235	0.593403	0.00224039	0.00774911	0.0169807	0.00346127	0.0242859	0.006956	0.00371949	0.0148198	0.013395	0.0642014	0.0180084	0.0420827	0.0352483	0.0236639	0.00166054	0.00302892
123	0.0944973	0.0147787	0.000733619	0.0031464	0.0736001	0.0225681	0.0105393	0.13134	0.00110928	0.222148	0.0705356	0.015291	0.00351366	0.00104972	0.00325718	0.0172385	0.103158	0.166704	0.00697147	0.0378203
124	0.50976	0.0576297	0.000987875	0.00600415	0.00107499	0.0263395	0.00149065	0.00151204	0.00679676	0.00363563	0.00135079	0.0109857	0.00580739	0.00185385	0.00127942	0.198059	0.144562	0.019199	0.000414044	0.00125701
125	0.626101	0.0051895	0.000889088	0.00145527	0.000822776	0.169387	0.00413277	0.00138598	0.00158114	0.0125469	0.00727369	0.00202189	0.000672993	0.00447385	0.00110203	0.126646	0.0269385	0.00605526	0.000366799	0.000957989
126	0.144746	0.00647568	0.0428535	0.460784	0.00285321	0.00919945	0.0110424	0.00771819	0.0238512	0.0101349	0.00547016	0.0135207	0.00751277	0.0651999	0.0153308	0.0785303	0.0602787	0.0270353	0.00148629	0.0059766
127	0.0271077	0.0036384	0.00136867	0.0014283	0.0894081	0.00201794	0.00189678	0.0372691	0.00384329	0.58926	0.174137	0.00267863	0.00109404	0.00204451	0.0014866	0.00358294	0.0106586	0.0448432	0.000611592	0.00162476
128	0.109512	0.00640314	0.039745	0.0131873	0.0556852	0.0138445	0.0881367	0.00668202	0.0993212	0.015311	0.0246678	0.041771	0.0022047	0.0525142	0.168811	0.0565751	0.019305	0.013058	0.00631876	0.166946
129	0.0131146	0.00865402	0.62631	0.0393532	0.00981508	0.0202981	0.0180763	0.00494552	0.0395923	0.00595315	0.00454012	0.0993752	0.014172	0.0212759	0.00925136	0.0271527	0.0222102	0.00928494	0.0019212	0.0047043
130	0.00763162	0.020231	0.00197958	0.00658135	0.372548	0.00791868	0.0432337	0.0176522	0.0120091	0.0740399	0.0421007	0.0205008	0.00112527	0.00927884	0.0103705	0.0140298	0.00631352	0.0087087	0.0355194	0.288227
131	0.0171328	0.00742003	0.000472796	0.00509779	0.0508672	0.00305763	0.0011095	0.282214	0.00072967	0.330093	0.0166679	0.00135228	0.000641843	0.000617657	0.000457636	0.00125763	0.0104516	0.265696	0.00259641	0.00206586
132	0.0348609	0.00902866	0.0984617	0.0390683	0.165336	0.00348162	0.0868299	0.0178224	0.104929	0.0581045	0.00581793	0.0536388	0.00177984	0.012745	0.093178	0.0254487	0.0122282	0.0059485	0.010237	0.161055
133	0.0270539	0.0106679	0.000353357	0.00115402	0.0155685	0.00255941	0.00304526	0.200391	0.000683694	0.0984842	0.0219733	0.00260637	0.00431923	0.000559885	0.000696039	0.0032272	0.0212392	0.579641	0.000883995	0.00489267
134	0.0480076	0.00432539	0.0238067	0.0611248	0.00283835	0.020891	0.0312565	0.00602677	0.287904	0.0169112	0.00193752	0.0534518	0.00189815	0.0993403	0.226805	0.0676401	0.0326182	0.0107567	0.00023005	0.00223028
135	0.0148327	0.0129958	0.00048059	0.000784684	0.00432849	0.000725427	0.00172274	0.274593	0.00091869	0.0588623	0.0132107	0.00147157	0.00224898	0.000694897	0.000574357	0.00202731	0.0157143	0.592102	0.000285666	0.00142565
136	0.0190125	0.00387278	0.00944578	0.0475709	0.00639671	0.0108681	0.0770484	0.147821	0.0795363	0.0269569	0.0230155	0.0177966	0.00340504	0.0448818	0.026212	0.0961039	0.211915	0.137349	0.00148196	0.00931037
137	0.0147395	0.00816704	0.000618999	0.00376525	0.0319413	0.0023233	0.00155725	0.241891	0.00111998	0.348106	0.0155717	0.00141869	0.00137574	0.00070251	0.000554754	0.00160703	0.00955225	0.311436	0.00170929	0.00184208
138	0.027046	0.0183921	0.000537118	0.00273629	0.0067312	0.00106496	0.00228926	0.384001	0.000875757	0.142634	0.0253756	0.00337417	0.00160734	0.000811893	0.000657257	0.00190237	0.0151817	0.362149	0.000555006	0.00207719
139	0.0233177	0.00156397	0.09156	0.648843	0.00143442	0.00419278	0.0195494	0.00216289	0.0109296	0.00353321	0.00249742	0.00709733	0.0115347	0.0699753	0.0140423	0.0308119	0.0305835	0.0242162	0.000657383	0.00149701
140	0.514213	0.00563827	0.00224747	0.00370569	0.00245671	0.17133	0.0140813	0.00578872	0.00411509	0.0530007	0.0237392	0.00412046	0.00276221	0.0130722	0.00234328	0.134911	0.0281713	0.0112961	0.000753545	0.00225327
141	0.522549	0.00601908	0.00179413	0.00263231	0.00160924	0.175001	0.0106223	0.0043274	0.00324955	0.0533757	0.0216925	0.00384565	0.00170932	0.0157043	0.00215103	0.129616	0.032353	0.00909731	0.000756424	0.0018951
142	0.0294602	0.00218915	0.193966	0.228079	0.00497186	0.0690299	0.00850705	0.00283126	0.0286938	0.00330061	0.0125718	0.0937721	0.0975181	0.0443102	0.00380455	0.124448	0.00895114	0.0134915	0.0157465	0.0143576
143	0.0332927	0.00183181	0.0787383	0.0327759	0.00302404	0.0758818	0.085063	0.0310378	0.121799	0.00583763	0.0193744	0.109122	0.0140295	0.0420122	0.0189207	0.165135	0.101263	0.038932	0.00227735	0.0196516
144	0.019961	0.0131407	0.000514987	0.00310832	0.0212951	0.00159727	0.0015739	0.330327	0.000754005	0.201135	0.018562	0.00248638	0.00126174	0.000740804	0.000499463	0.0015077	0.0140455	0.364719	0.00120981	0.00156049
145	0.0323648	0.0114541	0.00142692	0.0040671	0.0366192	0.00467084	0.00299666	0.151598	0.00782029	0.424707	0.0600225	0.00509163	0.00305924	0.00258335	0.00334891	0.00669692	0.0323628	0.201809	0.00194019	0.00536024
146	0.117357	0.00357134	0.00416807	0.00423384	0.00330185	0.0298161	0.00479527	0.0254907	0.0155119	0.0184773	0.046244	0.0771146	0.121305	0.0401113	0.0112257	0.177277	0.245579	0.0474216	0.00249129	0.00450716
147	0.160351	0.00222017	0.00199378	0.00253523	0.00208907	0.0274922	0.00244621	0.0453708	0.0199422	0.0312745	0.0641915	0.0207908	0.064921	0.0486509	0.0164814	0.197299	0.239775	0.0448656	0.0034221	0.00388742
148	0.0121871	0.0106531	0.00178165	0.0124626	0.340624	0.00545969	0.0494791	0.00557844	0.00474352	0.03798	0.0256118	0.0188535	0.00253252	0.00727905	0.0110064	0.00921295	0.00499011	0.00336219	0.0302077	0.405994
149	0.0106894	0.00799229	0.317779	0.180213	0.00199355	0.0174329	0.0371251	0.00755073	0.0857138	0.00339221	0.00314962	0.101433	0.0317179	0.0446886	0.016581	0.0786358	0.0430872	0.0053876	0.00268032	0.00275736
150	0.0479471	0.00430952	0.023839	0.0612786	0.0028141	0.0209358	0.0312798	0.00603104	0.288008	0.0167553	0.00190965	0.0534229	0.00188678	0.0994165	0.226954	0.067605	0.0325141	0.0106567	0.00023156	0.00220502
151	0.0431369	0.00158179	0.110887	0.0959628	0.00276989	0.0610206	0.032258	0.00738003	0.168804	0.00642391	0.0082046	0.0747406	0.015722	0.0901762	0.0631781	0.119292	0.0708921	0.0145332	0.000766884	0.0122689
152	0.022296	0.00906889	0.00049326	0.00522347	0.0422552	0.00344606	0.0023271	0.286102	0.00103651	0.319287	0.0261659	0.00272985	0.000810134	0.000743787	0.000806868	0.00273032	0.0174115	0.250026	0.00228364	0.00475741
153	0.141101	0.00464626	0.00416587	0.0133827	0.00472148	0.0392108	0.00684115	0.0567456	0.0317407	0.0265634	0.0294851	0.0198265	0.0128409	0.0703441	0.058842	0.21345	0.153687	0.0818961	0.0212424	0.00926835
154	0.060625	0.00167872	0.150368	0.240379	0.00166854	0.0150166	0.0126434	0.00247715	0.120547	0.0234882	0.00739333	0.0453129	0.00537169	0.0812317	0.0236133	0.106671	0.0697587	0.029378	0.000371391	0.00200629
155	0.0298674	0.00923495	0.0306752	0.0335292	0.251721	0.00391966	0.0779658	0.00789912	0.0396099	0.033155	0.0115536	0.0315232	0.00190615	0.0102381	0.0522316	0.0145893	0.00818263	0.00390525	0.0186112	0.329682
156	0.45118	0.0330079	0.00245412	0.00473892	0.00262866	0.0305644	0.00338056	0.00436597	0.00759452	0.00825562	0.00423362	0.00987987	0.00544197	0.00408276	0.00356273	0.152576	0.222724	0.0455401	0.00100628	0.00278291
157	0.0910643	0.00461602	0.0176433	0.0917653	0.0110635	0.00629921	0.0193071	0.0323333	0.149034	0.0601769	0.0164423	0.0454553	0.00660185	0.0808662	0.127827	0.0534311	0.10941	0.0650101	0.000937367	0.0107161
158	0.040467	0.00103677	0.144059	0.177428	0.0033787	0.0394285	0.00459833	0.00150438	0.161446	0.00851594	0.00795458	0.0493367	0.0113014	0.128603	0.0420027	0.113104	0.0482324	0.0135475	0.000201432	0.00385465
159	0.0471037	0.00664276	0.0116026	0.0347051	0.0153892	0.00411058	0.0293711	0.0305072	0.180091	0.099227	0.0193016	0.0458085	0.00871043	0.0672115	0.210133	0.0543598	0.0730766	0.0571829	0.00241848	0.00304692
160	0.0210487	0.00324421	0.0012099	0.00212495	0.248445	0.00221171	0.0018627	0.0639569	0.00364249	0.45502	0.0834019	0.00272201	0.00105447	0.0021553	0.00172352	0.00437123	0.0163649	0.082599	0.00101913	0.00182163
161	0.0266488	0.0176262	0.00890064	0.0649816	0.00317121	0.139636	0.0219094	0.00437937	0.126074	0.00588575	0.0195655	0.298949	0.00428409	0.0539317	0.104318	0.061265	0.0270833	0.00681704	0.00123418	0.0033388
162	0.0105055	0.0241059	0.000927322	0.00122606	0.012071	0.00151062	0.0012922	0.297012	0.00201104	0.0666042	0.0162903	0.00343779	0.00117379	0.00136199	0.00117595	0.0102682	0.111071	0.431288	0.000448091	0.00621848
163	0.00744365	0.00879705	0.337296	0.175114	0.00162314	0.0129378	0.0437013	0.00871289	0.0941951	0.00297431	0.0019804	0.103788	0.0250513	0.0444276	0.0181557	0.0705342	0.0368307	0.00380671	0.00110526	0.00152417
164	0.0163854	0.00992229	0.000536537	0.00482759	0.0435859	0.0027514	0.00125403	0.265049	0.00128685	0.350446	0.0173684	0.00175655	0.000745426	0.000938269	0.000499653	0.00166553	0.0109849	0.26562	0.00237951	0.00199709
165	0.0492175	0.0311247	0.00446275	0.00871155	0.00619415	0.00286385	0.0274874	0.0317193	0.121152	0.248117	0.0451117	0.0538105	0.00469345	0.0589683	0.161083	0.0457187	0.0297652	0.0372765	0.0265051	0.00601673
166	0.0461241	0.0191483	0.00170707	0.00205702	0.0102855	0.00297589	0.0023128	0.0309081	0.0331834	0.505915	0.0932417	0.0121048	0.00167473	0.00274684	0.00758367	0.00607142	0.0823524	0.133662	0.0010083	0.00493718
167	0.0211881	0.0149582	0.00387667	0.0568759	0.00360842	0.14029	0.0151961	0.00429915	0.131468	0.00534992	0.0180414	0.353459	0.00349996	0.045837	0.0976413	0.0527205	0.020626	0.00674508	0.00119279	0.00312608
168	0.104872	0.0325591	0.0115399	0.00683855	0.0502635	0.0103943	0.0575004	0.0288465	0.0492235	0.0222235	0.0314544	0.0328039	0.00319139	0.00913716	0.0561178	0.175525	0.163125	0.0700149	0.00139526	0.082974
169	0.203624	0.00460995	0.0103139	0.0112275	0.00910452	0.0357848	0.0460964	0.00770824	0.0880534	0.00907044	0.0942593	0.0182494	0.00359427	0.0957302	0.170257	0.0614117	0.0218699	0.039664	0.00183696	0.0675338
170	0.0625992	0.0175233	0.00140139	0.00349113	0.0226024	0.00798427	0.00453484	0.164552	0.00429727	0.153613	0.0277627	0.00805301	0.00503011	0.0021308	0.00260727	0.0192275	0.0411494	0.441507	0.0017527	0.00818043
171	0.0690648	0.00397939	0.00352444	0.00576845	0.00429526	0.0509759	0.0067868	0.123316	0.101669	0.0575951	0.0388473	0.0554231	0.00355614	0.0180717	0.0311663	0.0653024	0.176642	0.172005	0.00210214	0.00990945
172	0.0441622	0.00125915	0.131736	0.168942	0.00343158	0.0425648	0.00531419	0.00175287	0.169631	0.00861077	0.00778683	0.0510383	0.0107165	0.123776	0.0539437	0.11095	0.0455383	0.0142353	0.000231678	0.0043793
173	0.0168525	0.0101289	0.000380737	0.000840755	0.00575075	0.00090413	0.00242155	0.189003	0.000856776	0.0547642	0.0131571	0.00126892	0.00325684	0.000789846	0.000677631	0.0018098	0.0111486	0.684519	0.000207225	0.00126119
174	0.0162575	0.00311044	0.145314	0.0554474	0.0024373	0.0956482	0.0419825	0.00840184	0.10951	0.00434567	0.00603899	0.0911164	0.00865911	0.0291098	0.0220428	0.103615	0.235387	0.0111846	0.00176679	0.00862485
175	0.0195829	0.0099677	0.0012943	0.0111436	0.0155909	0.0020714	0.0087139	0.393609	0.00177876	0.230966	0.0578516	0.00413358	0.000980247	0.0015684	0.00147055	0.00374898	0.0173443	0.208559	0.00118663	0.00843814
176	0.0488482	0.00339969	0.0687191	0.0873964	0.00687164	0.0239746	0.0169713	0.00844013	0.172526	0.0229166	0.010008	0.0576913	0.14928	0.0697629	0.0984667	0.0812129	0.0456072	0.0206921	0.000926499	0.00628871
177	0.00977784	0.0226455	0.00256995	0.0102657	0.301585	0.00549092	0.0599586	0.0130419	0.00999787	0.050146	0.025271	0.0259339	0.0019094	0.00728833	0.0126832	0.0129362	0.00624454	0.00732502	0.0282016	0.386727
178	0.0886034	0.00160192	0.000948803	0.00180465	0.00112646	0.850356	0.0017326	0.00132658	0.00196149	0.00370165	0.00164702	0.0020461	0.000810501	0.00183818	0.00121652	0.0261953	0.00529799	0.00623433	0.000548074	0.00100261
179	0.0456037	0.0212776	0.00147284	0.00179869	0.0161349	0.00270171	0.00212523	0.0302935	0.020069	0.519081	0.105857	0.00637957	0.00122498	0.00206549	0.00389441	0.00470153	0.0688654	0.142141	0.000896534	0.00341606
180	0.172157	0.0655475	0.00470605	0.00681636	0.0135476	0.0171472	0.0048688	0.10906	0.00751078	0.134516	0.014472	0.0188138	0.00225603	0.00523691	0.00361834	0.0831234	0.0779388	0.248396	0.001671	0.00859598
181	0.0176988	0.0085666	0.000470278	0.00449866	0.0350921	0.00219575	0.00162461	0.285111	0.00071661	0.278304	0.0195725	0.00159483	0.0011304	0.000572897	0.000459788	0.00136642	0.0107582	0.326377	0.00184148	0.00204801
182	0.0323779	0.0110046	0.0152399	0.0179224	0.0572204	0.012645	0.0179449	0.0200369	0.0200402	0.0295033	0.0256251	0.0224168	0.0067688	0.0172827	0.0133478	0.0333633	0.0338872	0.027299	0.553063	0.0330109
183	0.505857	0.0605839	0.000993036	0.00656734	0.00104439	0.0269352	0.00136807	0.00152324	0.0068216	0.00387923	0.00140647	0.0113021	0.0060396	0.00189751	0.00126353	0.198886	0.143214	0.0187184	0.000371331	0.00132841
184	0.49446	0.0312462	0.000949795	0.00391134	0.00130468	0.0673616	0.00271826	0.00188499	0.00482088	0.00619273	0.00358359	0.00727316	0.00466371	0.0029265	0.00172405	0.174238	0.166472	0.0226221	0.000398647	0.00124759
185	0.0459552	0.00133767	0.000990338	0.00185769	0.000961955	0.910208	0.000923182	0.00129957	0.00146891	0.00206949	0.0012675	0.00195282	0.000732029	0.00158219	0.001007	0.0158906	0.00278938	0.00631118	0.000375849	0.00101906
186	0.0250456	0.0158869	0.00141665	0.00415358	0.0169341	0.00355263	0.00393273	0.317654	0.00336024	0.174436	0.0243248	0.0336777	0.00188521	0.00180405	0.00248273	0.00682495	0.0451735	0.310731	0.00146664	0.00525714
187	0.306216	0.00861121	0.00532912	0.0689209	0.00429164	0.140187	0.00729831	0.0107856	0.0960966	0.00970076	0.00757547	0.0141554	0.00374394	0.0192798	0.0632673	0.107681	0.0703026	0.0454845	0.002656	0.00841655
188	0.168716	0.00296403	0.00374484	0.00497906	0.00667233	0.0113375	0.00650095	0.0624909	0.00782338	0.0468313	0.0525572	0.0139211	0.251361	0.0475375	0.00462554	0.134863	0.125443	0.0382926	0.00173531	0.00760378
189	0.0494188	0.00912084	0.00945113	0.0236131	0.0128081	0.0048138	0.0468755	0.0522001	0.132775	0.130895	0.0188226	0.0535509	0.0187984	0.0633131	0.192156	0.0451482	0.0687016	0.0588633	0.00426717	0.00440652
190	0.0147923	0.00553154	0.233476	0.123168	0.00243539	0.0128455	0.023498	0.00564472	0.108145	0.00270087	0.00247542	0.0806071	0.214253	0.0468979	0.0153594	0.0685518	0.0318944	0.0042233	0.00111278	0.00238948
