314	20
1	0.128024	0.0114783	0.0797571	0.157562	0.00461378	0.0116374	0.0108072	0.0627999	0.0674723	0.028402	0.0224296	0.0528486	0.0320945	0.107264	0.0345158	0.0664057	0.0702438	0.0489889	0.00135785	0.0012973
2	0.0210769	0.00299604	0.00171764	0.00502241	0.082618	0.00274518	0.00614729	0.131344	0.0425638	0.371396	0.091106	0.00589062	0.00229607	0.0232806	0.0166538	0.00750548	0.0700497	0.104088	0.00409508	0.00740711
3	0.157226	0.0163002	0.0579419	0.136497	0.00485431	0.00890704	0.00299795	0.0726445	0.0580495	0.0294028	0.0270858	0.0496059	0.0414612	0.101412	0.0248199	0.0648994	0.0826802	0.0614662	0.000749605	0.000997914
4	0.0869501	0.00769289	0.0722608	0.108286	0.00562308	0.0296364	0.0260983	0.00962105	0.0656702	0.00251693	0.00968789	0.105482	0.00893628	0.0658017	0.0549999	0.23641	0.0835018	0.0190492	0.000799991	0.000975976
5	0.0158218	0.00493916	0.00212388	0.00848009	0.0443884	0.00258101	0.0062623	0.217333	0.0178326	0.306013	0.0930183	0.00931651	0.00255071	0.0159589	0.00979858	0.0181812	0.0494263	0.156489	0.00613268	0.0133526
6	0.0111714	0.0113596	0.00253146	0.00784952	0.000515286	0.00777098	0.0283873	0.00300328	0.357045	0.0166062	0.0105502	0.0330465	0.0216761	0.0412148	0.394111	0.0236977	0.0178445	0.00600081	0.000285426	0.00533297
7	0.0395306	0.00401975	0.0293379	0.104699	0.0105261	0.0111355	0.0802852	0.0379017	0.189142	0.030554	0.0381961	0.0200998	0.0031981	0.16046	0.0972679	0.0293361	0.0286517	0.0312934	0.0394017	0.0149634
8	0.0120043	0.0116641	0.00268861	0.00840986	0.000640948	0.00773545	0.030906	0.00348324	0.353091	0.0171812	0.010796	0.0364266	0.0213006	0.0419891	0.387055	0.024065	0.0171165	0.00637841	0.000606176	0.0064616
9	0.0111654	0.0130474	0.00270055	0.0073793	0.000561079	0.00793906	0.0277072	0.00319323	0.36905	0.0159427	0.0102738	0.0329959	0.0214202	0.0396471	0.382673	0.023629	0.0169262	0.00831078	0.000321494	0.00511676
10	0.0908289	0.00815093	0.0654782	0.119983	0.0064449	0.0247259	0.0360856	0.00720707	0.108354	0.00848041	0.00607046	0.0762685	0.00501082	0.133537	0.0750215	0.154234	0.056639	0.0154857	0.00100432	0.00098939
11	0.0567981	0.00301501	0.187202	0.304807	0.00157462	0.0225925	0.0236875	0.0302051	0.0517004	0.0202876	0.0099934	0.04705	0.0198097	0.107183	0.0258604	0.0404993	0.0233038	0.0220017	0.00114352	0.0012848
12	0.00539164	0.00546669	0.00142849	0.00850009	0.0462204	0.00436311	0.0113082	0.247209	0.00530633	0.387588	0.0832065	0.00731672	0.0034345	0.0078215	0.00436515	0.0117536	0.016765	0.109619	0.0155545	0.0173814
13	0.00715737	0.00458992	0.00110842	0.00941973	0.0512666	0.00416465	0.0108942	0.217896	0.00827054	0.397399	0.0852627	0.0076695	0.00289406	0.011284	0.00436792	0.00804613	0.0214046	0.114942	0.0135824	0.0183812
14	0.0371462	0.000619841	0.239594	0.36713	0.000432638	0.0240292	0.0227546	0.0137958	0.0310115	0.0171215	0.00566542	0.0438238	0.0191898	0.0968616	0.0181365	0.0357297	0.0135904	0.012233	0.000232688	0.000901722
15	0.0360307	0.000700279	0.250249	0.3818	0.000480208	0.0222778	0.0208841	0.0129562	0.0238823	0.0149025	0.00558753	0.0448762	0.0197308	0.085209	0.0163257	0.0364842	0.0150038	0.0110542	0.000265308	0.00129973
16	0.0170899	0.00999007	0.00306469	0.00972687	0.0186845	0.00348059	0.00648369	0.307425	0.00659057	0.229681	0.0764835	0.0132196	0.00419631	0.01057	0.00994639	0.0384471	0.0291407	0.187319	0.0065888	0.0118719
17	0.0267592	0.00251094	0.0376111	0.149879	0.0106111	0.0118723	0.0650333	0.0223816	0.203067	0.0227179	0.038002	0.0200581	0.00288047	0.195888	0.0865053	0.0261571	0.0145211	0.0239481	0.0195097	0.0200869
18	0.0540927	0.00246436	0.0689218	0.138654	0.00486882	0.0152254	0.053041	0.00741727	0.186109	0.0164658	0.00808926	0.0408538	0.00122587	0.204954	0.101664	0.052323	0.0184457	0.0153817	0.00555518	0.00424738
19	0.00718843	0.00576158	0.00168607	0.00856912	0.0439021	0.00427017	0.0108648	0.25278	0.00607349	0.372571	0.0821733	0.00781774	0.00398643	0.00847271	0.00478093	0.0130359	0.0186585	0.116686	0.0141397	0.0165813
20	0.0111408	0.0111933	0.00251895	0.00752756	0.000461514	0.00774239	0.0281681	0.0028689	0.359	0.0161717	0.010437	0.0332903	0.0218285	0.0410415	0.394517	0.0237971	0.0167627	0.00598813	0.000268619	0.00527639
21	0.0440419	0.00701449	0.135584	0.150858	0.0579446	0.0386919	0.00840763	0.0117544	0.0104495	0.0903901	0.0398003	0.144438	0.00689412	0.0122117	0.0341614	0.0935442	0.0417908	0.0131589	0.0308249	0.0280392
22	0.0335498	0.000645039	0.253157	0.404875	0.000465544	0.0214798	0.018472	0.0111831	0.0215571	0.0148235	0.00534685	0.0393057	0.0199099	0.0859148	0.0142033	0.0303691	0.0134238	0.00960746	0.000288682	0.00142261
23	0.0073502	0.00470659	0.00142811	0.0081613	0.0499281	0.0039652	0.0107631	0.226603	0.00871276	0.384046	0.0875296	0.00705374	0.00318412	0.00995142	0.00491899	0.0107061	0.0236237	0.117289	0.0132202	0.0168585
24	0.0872271	0.0078623	0.0722207	0.10916	0.00559422	0.0295405	0.0260908	0.00998089	0.0649509	0.0025175	0.00971804	0.105005	0.00891746	0.0647309	0.0550691	0.2372	0.0833474	0.019085	0.000800046	0.000982401
25	0.0360517	0.000621872	0.239466	0.367448	0.000443844	0.0248922	0.0226187	0.0135501	0.0302653	0.0161117	0.00575103	0.0446266	0.019775	0.0936096	0.017251	0.0391399	0.0143057	0.0128575	0.000235552	0.000978304
26	0.0312414	0.0145585	0.00197848	0.0040915	0.0038706	0.00164277	0.00188076	0.255196	0.00763307	0.100921	0.0340523	0.00711479	0.00151116	0.00755151	0.00673283	0.0207277	0.0385597	0.454355	0.000729738	0.00565119
27	0.144229	0.0139658	0.0589106	0.112391	0.0132589	0.00844074	0.00381636	0.0843568	0.0506206	0.0437036	0.0400871	0.0653917	0.030538	0.0731563	0.019233	0.0614509	0.0929217	0.0786847	0.00208945	0.00275406
28	0.160487	0.0294613	0.00442666	0.0303095	0.0101838	0.0525086	0.00930746	0.0219715	0.01922	0.0558699	0.00321088	0.059095	0.0247324	0.0294419	0.00412917	0.344038	0.120542	0.019188	0.000780983	0.00109534
29	0.0320103	0.000714183	0.259531	0.408476	0.000388315	0.0213601	0.0178134	0.0109759	0.0198532	0.0148897	0.00514751	0.0385852	0.0197577	0.0850159	0.0129015	0.0289721	0.0125937	0.00928323	0.000278576	0.00145177
30	0.00602328	0.0052679	0.00169645	0.00855424	0.0440919	0.00415183	0.0106933	0.251693	0.00566819	0.370646	0.0883756	0.0073611	0.00351726	0.00821626	0.00485346	0.0130206	0.0185087	0.115593	0.0150776	0.0169903
31	0.035418	0.000494423	0.250158	0.385165	0.000335444	0.022922	0.0210655	0.0130451	0.0239701	0.0157886	0.00561429	0.0423086	0.0205917	0.0898723	0.0149825	0.0329417	0.0130375	0.0110275	0.000227997	0.00103386
32	0.152136	0.015255	0.0556018	0.131875	0.00498295	0.00943552	0.00413373	0.0670356	0.0559713	0.0277536	0.0306155	0.0564822	0.0427931	0.098647	0.0239403	0.0722132	0.0870841	0.0620669	0.000762822	0.00121524
33	0.0111408	0.0111933	0.00251895	0.00752756	0.000461514	0.00774239	0.0281681	0.0028689	0.359	0.0161717	0.010437	0.0332903	0.0218285	0.0410415	0.394517	0.0237971	0.0167627	0.00598813	0.000268619	0.00527639
34	0.0871375	0.00759134	0.0721247	0.10606	0.00543411	0.030319	0.0260314	0.009452	0.0645745	0.00247832	0.00999719	0.10792	0.00917919	0.0651523	0.0531543	0.23753	0.0849243	0.0191565	0.000789572	0.000993911
35	0.0125589	0.010913	0.00417127	0.00975762	0.000703424	0.00811792	0.0289803	0.00318695	0.350155	0.0160687	0.0102654	0.0378966	0.0215447	0.042733	0.384712	0.0285834	0.0175423	0.00658622	0.000350954	0.0051723
36	0.0256307	0.00285624	0.035154	0.122791	0.0101135	0.0158737	0.0973994	0.0349598	0.166127	0.035074	0.0451363	0.018555	0.00232914	0.186518	0.0969064	0.0213949	0.0159329	0.024389	0.0235032	0.0193566
37	0.00729557	0.00349235	0.00241715	0.00678422	0.0576416	0.00314688	0.00891878	0.19085	0.0148943	0.358136	0.123837	0.00634188	0.00280921	0.0100271	0.00751742	0.00945499	0.0364237	0.128212	0.00896482	0.0128342
38	0.164316	0.031121	0.00321142	0.0257499	0.0120725	0.0543124	0.0103781	0.0221143	0.0168882	0.0623331	0.00281188	0.0558095	0.0228026	0.0308323	0.00334696	0.344154	0.114021	0.021751	0.000909541	0.00106514
39	0.0272024	0.0241969	0.00537611	0.0207603	0.00355409	0.00431907	0.0055728	0.337356	0.00784169	0.16255	0.0718586	0.0362456	0.00636294	0.014916	0.0242739	0.0769322	0.0372549	0.121007	0.0029914	0.00942861
40	0.147186	0.0175635	0.0453613	0.0613483	0.00803111	0.24482	0.0113557	0.0147133	0.0373706	0.0191415	0.0098943	0.0615223	0.0277753	0.0509212	0.0233866	0.149163	0.0452992	0.0163335	0.00561483	0.00319787
41	0.0111979	0.0128331	0.00295073	0.00789078	0.000498612	0.00764022	0.0276554	0.0031961	0.368007	0.015936	0.0102584	0.0330395	0.0213391	0.0403303	0.383416	0.023579	0.0167632	0.00803588	0.000316984	0.00511575
42	0.0328348	0.00722381	0.0389698	0.0898119	0.00487565	0.0159195	0.0450083	0.0125601	0.252267	0.0197292	0.0156409	0.0366514	0.0108547	0.118997	0.207577	0.0406813	0.020402	0.0150812	0.00750356	0.00741146
43	0.0125678	0.0115487	0.00352187	0.00923912	0.000653161	0.00816393	0.0285856	0.00349033	0.358596	0.0163196	0.0106946	0.0348908	0.0220592	0.0424704	0.38222	0.0248862	0.0174532	0.00687857	0.000554734	0.00520612
44	0.00441854	0.00681399	0.00229408	0.00270592	0.384383	0.00768339	0.0730029	0.0223524	0.00744434	0.0592533	0.00204529	0.0189251	0.0117242	0.00855016	0.00243627	0.0220262	0.00404145	0.0126936	0.0120029	0.335203
45	0.0745296	0.0182951	0.0447085	0.0645453	0.00849489	0.0282965	0.032576	0.0245897	0.0488705	0.02562	0.0152385	0.196152	0.0172243	0.0787772	0.0361959	0.165911	0.0603153	0.0516715	0.00277742	0.00520997
46	0.0604433	0.00852483	0.00991009	0.0250239	0.0368268	0.00695937	0.0110128	0.142717	0.03472	0.243209	0.095395	0.0190839	0.0110392	0.0885733	0.017218	0.0243673	0.0611351	0.0889116	0.00415889	0.0107706
47	0.0824319	0.00724673	0.0932752	0.130176	0.00486502	0.038441	0.0237118	0.0115898	0.0582156	0.0052303	0.00997238	0.0994737	0.0115117	0.0692611	0.0466923	0.211718	0.0746141	0.0196581	0.000944553	0.000970988
48	0.219778	0.0211779	0.00487156	0.0130073	0.00509136	0.0184267	0.0210304	0.0246217	0.00777486	0.0144654	0.00644455	0.0225026	0.372829	0.0397922	0.0207199	0.11173	0.0453139	0.0198592	0.00834136	0.00222191
49	0.034355	0.00329318	0.04003	0.145036	0.00998296	0.0129904	0.0619307	0.0254826	0.189525	0.024566	0.0398093	0.0235493	0.00549302	0.191983	0.0819193	0.0301789	0.0191382	0.0251455	0.0184711	0.0171214
50	0.102337	0.0117425	0.0634578	0.0788177	0.00610199	0.27704	0.0139607	0.0129416	0.0449128	0.017854	0.0124921	0.0743214	0.0185265	0.0557195	0.0273213	0.121236	0.0400731	0.0127639	0.00473266	0.0036478
51	0.0107796	0.00601663	0.00503989	0.0088661	0.028951	0.00318386	0.00787931	0.278136	0.00752397	0.257504	0.133609	0.00952811	0.00429035	0.0113474	0.00837648	0.0245912	0.0282072	0.145636	0.00813626	0.0123974
52	0.0554704	0.00260528	0.0703213	0.138374	0.00446458	0.0159931	0.0519586	0.00732197	0.182433	0.0170299	0.00735981	0.0424967	0.00127243	0.205323	0.100875	0.0536324	0.0193498	0.015544	0.00434525	0.00382904
53	0.00370491	0.00596535	0.00137715	0.00176916	0.385501	0.00759602	0.0737917	0.0218692	0.00699013	0.0581498	0.00148818	0.0176533	0.0116376	0.00734184	0.0017297	0.0191829	0.00282427	0.0121791	0.0124835	0.346765
54	0.0108923	0.00395795	0.00170368	0.00664769	0.0650457	0.00344754	0.00923203	0.175106	0.0206365	0.376466	0.10926	0.00642421	0.00283764	0.0135518	0.00935995	0.00928015	0.040778	0.114667	0.00887478	0.0118314
55	0.0290389	0.00708009	0.00412655	0.0189322	0.0155975	0.00380314	0.00419371	0.265396	0.0191892	0.19156	0.0706948	0.0221081	0.00361064	0.0423305	0.00973839	0.0276514	0.0529508	0.18143	0.00292979	0.0276389
56	0.0335214	0.000556488	0.250362	0.393581	0.000490036	0.0236188	0.0196717	0.0124542	0.0222375	0.0156036	0.00590304	0.0420112	0.0198249	0.0887481	0.0140259	0.0325926	0.0127772	0.0104925	0.000344109	0.00118337
57	0.0202739	0.034581	0.00976399	0.0155957	0.00642879	0.0102098	0.228539	0.0409854	0.0752986	0.0244891	0.00995258	0.194979	0.0113693	0.0750925	0.0717558	0.0604873	0.0488654	0.0388748	0.00686903	0.0155895
58	0.067814	0.00256616	0.0748729	0.0869638	0.00131729	0.429284	0.00338472	0.00262383	0.0518421	0.00357974	0.00815605	0.0861824	0.0025941	0.0574777	0.0211974	0.0832933	0.0111728	0.00319568	0.00134238	0.00114022
59	0.00895451	0.00445696	0.0013031	0.00800318	0.0565605	0.00427311	0.0133443	0.208143	0.00933537	0.406793	0.0818129	0.00683269	0.00286382	0.00876052	0.00511196	0.00804079	0.0232324	0.113691	0.0127027	0.0157844
60	0.0224485	0.0132137	0.00138702	0.00367976	0.014173	0.00235122	0.00441141	0.247141	0.0057169	0.174991	0.0365068	0.00554185	0.00176518	0.00489942	0.00436555	0.0146099	0.0278263	0.403214	0.00424181	0.00751571
61	0.0685102	0.00411902	0.07246	0.132187	0.00395477	0.0210351	0.0470223	0.00675563	0.144214	0.0112954	0.00490913	0.0689245	0.00248657	0.161023	0.092231	0.0981959	0.0418737	0.0152544	0.00195698	0.00159227
62	0.206791	0.0336679	0.00362441	0.0153034	0.0039106	0.0196388	0.0115215	0.0267613	0.0049163	0.0192776	0.0041707	0.0213168	0.427445	0.0254684	0.0236543	0.0826761	0.0360629	0.0175752	0.0140935	0.00212423
63	0.0354762	0.000502809	0.249142	0.383278	0.000346008	0.0229837	0.021044	0.0131941	0.0243182	0.0158395	0.00563661	0.0426723	0.0206215	0.0913012	0.0150326	0.0331769	0.0130705	0.0111126	0.000226334	0.00102571
64	0.0893365	0.00769624	0.0786264	0.122851	0.00542741	0.0279267	0.0262169	0.00992679	0.061497	0.00320858	0.0102327	0.0984534	0.00829144	0.0617464	0.0535208	0.236327	0.0784316	0.0182082	0.000920669	0.00115489
65	0.0285817	0.0183833	0.00135616	0.00161426	0.000856511	0.00152618	0.00145383	0.252829	0.00518889	0.0729632	0.013638	0.00393167	0.0013116	0.00207765	0.00411711	0.0141617	0.0295995	0.543956	0.000446624	0.00200676
66	0.177159	0.0717331	0.010593	0.020253	0.00675538	0.0239858	0.0127339	0.0138156	0.0142602	0.0198707	0.0170075	0.0350938	0.0202148	0.0235392	0.0250656	0.434636	0.0503845	0.0192149	0.00159548	0.00208838
67	0.0557076	0.00254939	0.0686518	0.137348	0.00451121	0.0153821	0.0526974	0.00698898	0.184383	0.0165956	0.00755774	0.041713	0.0011398	0.206127	0.102183	0.0538224	0.0190879	0.0149962	0.00461699	0.00393959
68	0.00422619	0.00599065	0.00162304	0.00246423	0.379734	0.0078843	0.0730005	0.023482	0.00804752	0.0609097	0.00240935	0.0177963	0.011531	0.00838053	0.00242555	0.0191525	0.00317903	0.013029	0.014402	0.340332
69	0.0131157	0.00388094	0.00178593	0.00735434	0.0687583	0.00365654	0.0100309	0.172908	0.0210851	0.389885	0.0934497	0.00675204	0.00349145	0.0171512	0.00882114	0.00793707	0.0401491	0.107539	0.00934047	0.0129088
70	0.00360731	0.00615884	0.00143009	0.00179597	0.386034	0.00747288	0.0741	0.0218638	0.00706756	0.0587624	0.00148074	0.0182214	0.0117556	0.00741902	0.00170721	0.0195456	0.00280735	0.012344	0.0121625	0.344263
71	0.0162727	0.0101339	0.00917084	0.0220291	0.00110483	0.00842612	0.0324514	0.00368283	0.340204	0.0162759	0.0106063	0.0331097	0.0192401	0.0616295	0.358822	0.0263277	0.0164275	0.00715909	0.0015082	0.00541812
72	0.0652779	0.00614356	0.0743687	0.0967402	0.00196691	0.3993	0.00628387	0.00429255	0.0470241	0.00734601	0.0127747	0.0804785	0.00453753	0.0616069	0.0209483	0.0880271	0.0144128	0.00494022	0.00197424	0.00155555
73	0.0331899	0.000660007	0.251141	0.399209	0.000425835	0.0295146	0.0184042	0.011013	0.0224783	0.014335	0.00550146	0.0405097	0.0193522	0.084374	0.014285	0.0314454	0.0129734	0.00947741	0.000321938	0.00138828
74	0.0469034	0.0276471	0.0641693	0.0711085	0.026873	0.132911	0.0799426	0.0206629	0.0589447	0.0407009	0.016736	0.0863746	0.0218871	0.0645883	0.051029	0.0953815	0.0393887	0.0216104	0.00930292	0.0238381
75	0.02265	0.0141921	0.00726085	0.0160371	0.0614927	0.00873291	0.0185219	0.165274	0.0216224	0.314268	0.0667223	0.0250501	0.011569	0.0237551	0.0172382	0.0273891	0.0324474	0.106396	0.0102546	0.0291256
76	0.06487	0.0422405	0.0107723	0.0223611	0.00443516	0.013396	0.0102865	0.0160763	0.0113927	0.0175129	0.0112056	0.104299	0.00768295	0.0129506	0.0312584	0.532359	0.0711927	0.0113896	0.00170463	0.00261442
77	0.0278356	0.0100173	0.0285568	0.0474664	0.00629431	0.024795	0.0345624	0.0162261	0.271829	0.0218911	0.0160745	0.0499376	0.0194085	0.0648588	0.250821	0.0475896	0.0288584	0.0174492	0.00742609	0.00810172
78	0.162526	0.0210353	0.015905	0.0349178	0.00950526	0.0368893	0.0116892	0.0335248	0.0276142	0.0332517	0.0116094	0.0536992	0.0290811	0.0506442	0.0154735	0.283905	0.133352	0.0309081	0.00157981	0.00288844
79	0.244686	0.0170864	0.0182937	0.0352109	0.00812495	0.0166418	0.00751485	0.0471922	0.0235665	0.0248851	0.0212617	0.034783	0.033939	0.0823336	0.0209692	0.149657	0.10989	0.0966301	0.00342251	0.00391167
80	0.0237551	0.0127848	0.00468951	0.00999836	0.0166173	0.00301095	0.0061118	0.261009	0.00956592	0.162198	0.0481051	0.00927326	0.00362395	0.0111094	0.00670354	0.0204597	0.0330422	0.343584	0.00489922	0.00945901
81	0.0703965	0.0105684	0.070659	0.082016	0.0132093	0.295956	0.0146427	0.01759	0.0490868	0.0244647	0.0124771	0.0871212	0.0133236	0.0560265	0.0268806	0.100065	0.0263086	0.0141587	0.00477128	0.0102777
82	0.0338726	0.00123257	0.267988	0.401984	0.000946707	0.0183944	0.0162961	0.0139743	0.01779	0.0139549	0.00503622	0.0502923	0.0180495	0.069045	0.013209	0.0274093	0.0180467	0.00889004	0.000639282	0.00294855
83	0.00375135	0.00592175	0.00138654	0.00183297	0.384795	0.00769945	0.07325	0.0230133	0.00704311	0.0600284	0.00205318	0.0176004	0.0115676	0.00738592	0.00177806	0.0190905	0.00297632	0.012928	0.0124689	0.343429
84	0.0116023	0.00732581	0.00221343	0.0089475	0.0458794	0.00423912	0.00993696	0.227309	0.00942359	0.355873	0.0794915	0.00823448	0.00354642	0.0104421	0.00622651	0.0131526	0.0264604	0.141726	0.0117029	0.0162676
85	0.0660259	0.0124737	0.0677611	0.080101	0.0213563	0.282114	0.0183507	0.0203395	0.0481966	0.0297658	0.0148426	0.0780384	0.0152806	0.0551683	0.0296017	0.0948881	0.0281327	0.0159302	0.00720385	0.0144287
86	0.040024	0.00143058	0.216527	0.331997	0.000565828	0.0945765	0.0171504	0.0106886	0.0283053	0.0141099	0.00620552	0.0500767	0.0166062	0.0844716	0.0157108	0.0469429	0.0136195	0.00937667	0.000408603	0.00120605
87	0.0371729	0.00112526	0.262288	0.413242	0.00102488	0.0155675	0.0141181	0.00846899	0.0196306	0.0178541	0.00449219	0.0306779	0.0493341	0.0558661	0.0103609	0.0271993	0.0149941	0.0133841	0.000601805	0.00259665
88	0.0210605	0.00290329	0.00178349	0.00471878	0.0881969	0.00283884	0.00631024	0.126932	0.0450953	0.370618	0.0890697	0.00609364	0.00239131	0.0231758	0.017358	0.00770277	0.0717674	0.10141	0.00380327	0.00677105
89	0.0577455	0.0229556	0.018959	0.0150657	0.00824161	0.0177006	0.132179	0.0198279	0.0201661	0.0624728	0.00865694	0.375578	0.0124987	0.023877	0.0256849	0.0966731	0.0392403	0.0162871	0.00442169	0.0217688
90	0.00688146	0.0050109	0.00114873	0.00907452	0.0484574	0.00420179	0.0112067	0.227836	0.00643254	0.403578	0.0822204	0.00679165	0.00304414	0.00996237	0.00394897	0.00884136	0.0181369	0.110541	0.0147546	0.0179312
91	0.0554957	0.00251802	0.0688078	0.137125	0.00443094	0.0153516	0.0525733	0.00703086	0.185011	0.0166465	0.0075099	0.0416413	0.0010941	0.207068	0.102329	0.0530726	0.0189186	0.0149267	0.0045758	0.00387407
92	0.0284608	0.0180565	0.00133453	0.00170486	0.000835958	0.00152185	0.00144134	0.254111	0.00525511	0.0740063	0.0141103	0.00411253	0.00128526	0.00224589	0.00422851	0.0146243	0.0301509	0.539878	0.000471336	0.00216445
93	0.0165487	0.00396098	0.00161229	0.00673144	0.0777526	0.00348563	0.0131255	0.170067	0.0175966	0.385342	0.0811208	0.00792419	0.00289574	0.0142914	0.00753742	0.00799613	0.0363492	0.113571	0.00946354	0.0226284
94	0.0551218	0.00248224	0.0691067	0.137322	0.00433582	0.015711	0.052939	0.00723907	0.18481	0.0166096	0.00746739	0.0424617	0.00112954	0.205837	0.102222	0.052335	0.0192147	0.0151459	0.00460549	0.0039044
95	0.0959006	0.00874041	0.0707244	0.115423	0.00551976	0.0269104	0.0243259	0.0105664	0.067445	0.00363256	0.0129882	0.0954032	0.00914498	0.059137	0.0543809	0.24214	0.0761186	0.0186172	0.00132698	0.00155501
96	0.00376765	0.00599373	0.00141397	0.00177875	0.388256	0.00779171	0.0732871	0.0218257	0.00700465	0.0581999	0.00148411	0.0176379	0.0115829	0.00730691	0.00173037	0.0192292	0.00283081	0.0124202	0.0125255	0.343932
97	0.0300297	0.0196814	0.00244459	0.00378443	0.00560674	0.00204123	0.00228539	0.236245	0.0114489	0.0995982	0.0235612	0.00647956	0.00225791	0.00549985	0.00622795	0.0173374	0.0383479	0.481858	0.00118002	0.00408533
98	0.0370106	0.000633794	0.240738	0.368437	0.000523746	0.0244389	0.0224304	0.0143648	0.0288194	0.0164937	0.00616977	0.0445268	0.0194475	0.0937769	0.0167853	0.0373518	0.0144212	0.0122399	0.000384703	0.00100557
99	0.0389525	0.209087	0.0123179	0.0647273	0.0101783	0.0162484	0.0181775	0.0947574	0.0169684	0.256537	0.0179964	0.0317934	0.0146807	0.0219852	0.0644775	0.0442989	0.027913	0.0256145	0.0069259	0.00636214
100	0.040037	0.0208163	0.0550334	0.0816557	0.0099478	0.0297047	0.121363	0.0214195	0.0917167	0.0281091	0.0163272	0.122254	0.0130728	0.112939	0.0752573	0.078673	0.0388081	0.02343	0.00657574	0.0128597
101	0.0489317	0.0021282	0.109924	0.187541	0.00396087	0.0181149	0.0458514	0.0105587	0.146139	0.0160416	0.00818357	0.0450761	0.00586738	0.17036	0.0761513	0.0588514	0.0207831	0.0179121	0.00392603	0.00369655
102	0.00746608	0.0046871	0.00120317	0.00748526	0.075128	0.00407128	0.0140473	0.205504	0.011855	0.374481	0.0809783	0.00765707	0.00335279	0.0106526	0.00555599	0.00940369	0.0251924	0.107533	0.0127347	0.0310106
103	0.127914	0.0446385	0.0147187	0.0205254	0.00417746	0.0122499	0.0260484	0.0164298	0.0749733	0.00999519	0.0499169	0.0524227	0.00998019	0.017349	0.0297767	0.247241	0.197375	0.0179414	0.00217949	0.0241476
104	0.014051	0.0054345	0.228696	0.00789128	0.00320578	0.0874763	0.0262472	0.00593262	0.0476281	0.0222315	0.00455671	0.412334	0.00967496	0.00813879	0.0245016	0.0372709	0.0113161	0.0339575	0.00559246	0.00386309
105	0.0228577	0.00357683	0.00248501	0.00616061	0.0747123	0.00346474	0.0066726	0.13233	0.0413965	0.357143	0.0968513	0.00780529	0.00327756	0.0228437	0.0152233	0.0107018	0.0701852	0.110162	0.00413587	0.00801476
106	0.0389605	0.0663452	0.0150138	0.0162517	0.0562425	0.0277214	0.118844	0.0792458	0.0182065	0.0773811	0.0127187	0.140964	0.0514957	0.0341838	0.0173617	0.15263	0.0379228	0.0186069	0.00466637	0.0152374
107	0.0066469	0.00529846	0.00113288	0.00870572	0.0525163	0.00434004	0.012017	0.231726	0.00720304	0.382709	0.0820264	0.00783541	0.00330237	0.0102295	0.00419424	0.0104367	0.0197526	0.112043	0.0142842	0.0236006
108	0.0596668	0.0122562	0.142485	0.127012	0.00679118	0.0294402	0.0210811	0.0591181	0.0450774	0.0428625	0.0248327	0.100589	0.0213837	0.0609588	0.0300063	0.0634102	0.042633	0.102387	0.0031892	0.00481935
109	0.0133788	0.0107824	0.0057854	0.0150701	0.00100199	0.00858556	0.0311147	0.00390942	0.34525	0.0161943	0.0108381	0.035797	0.0205777	0.0483623	0.374769	0.0268727	0.0178753	0.00721264	0.000968194	0.00565447
110	0.0298553	0.0161258	0.0337219	0.0873827	0.0102899	0.023225	0.126209	0.0301327	0.113406	0.0378411	0.0578862	0.0400254	0.0155679	0.185403	0.0677126	0.0408614	0.0264012	0.0263969	0.0172258	0.0143306
111	0.00367375	0.00635309	0.0014347	0.00195421	0.380862	0.00750809	0.0722613	0.0256761	0.00708392	0.0675939	0.00308599	0.0180464	0.011567	0.00755769	0.00180468	0.0194046	0.00322002	0.0143999	0.012229	0.334284
112	0.0151526	0.00594383	0.00396194	0.00951694	0.134396	0.00675212	0.0237054	0.14298	0.0164267	0.323982	0.063307	0.0104857	0.00520417	0.0158115	0.00733305	0.0130918	0.029538	0.0835726	0.011773	0.077067
113	0.108468	0.0178588	0.0293854	0.0405756	0.0998054	0.0944586	0.0278307	0.0258118	0.0311148	0.0467071	0.0206033	0.0545435	0.030462	0.0380389	0.0272283	0.0759707	0.0382711	0.0265906	0.125371	0.040904
114	0.0977955	0.0400589	0.036838	0.0503654	0.0122029	0.032671	0.0209842	0.0244871	0.0433361	0.0254759	0.0187284	0.0685461	0.0229629	0.03934	0.0428105	0.314258	0.0722823	0.02479	0.00507594	0.00699064
115	0.0115312	0.00745912	0.00512695	0.00571537	0.318727	0.0114862	0.0622997	0.0481521	0.0111349	0.111203	0.017241	0.0237558	0.0126977	0.0107345	0.00555603	0.0247194	0.0114273	0.029383	0.0130643	0.258586
116	0.0273095	0.0123492	0.0139319	0.0271176	0.00355876	0.0123498	0.0332764	0.0121152	0.286231	0.0282785	0.0137812	0.0433801	0.0242723	0.0542018	0.313421	0.0468803	0.0264699	0.0136	0.00192428	0.00555137
117	0.0231864	0.0142018	0.00751979	0.0165103	0.0572991	0.00900396	0.0180277	0.163747	0.023025	0.327756	0.069001	0.0170373	0.0099623	0.0231131	0.0152431	0.0263145	0.0346799	0.111543	0.0102436	0.0225854
118	0.100968	0.0163508	0.0213891	0.0365229	0.0150055	0.0222683	0.016865	0.0196988	0.0379344	0.0280596	0.0251466	0.0317047	0.36554	0.0557359	0.0402741	0.0731364	0.0559955	0.0208682	0.00562652	0.0109087
119	0.0732738	0.013689	0.0684918	0.0735676	0.0116273	0.261298	0.0191923	0.0148771	0.0494447	0.0239804	0.0153248	0.0877158	0.0195181	0.0559822	0.0308039	0.113993	0.0369253	0.0152833	0.00611655	0.00889505
120	0.0478039	0.0044604	0.191154	0.31647	0.00437116	0.0311402	0.0213476	0.0195135	0.04017	0.0242218	0.0111482	0.0502627	0.0192613	0.0781049	0.0269166	0.0581114	0.0281867	0.01813	0.00536059	0.00386559
121	0.121345	0.0232	0.0732559	0.092362	0.00580095	0.042572	0.0192586	0.0162016	0.0497756	0.0123209	0.0141928	0.0764391	0.0181013	0.0583685	0.0393695	0.244107	0.0678317	0.0212571	0.00181129	0.00242873
122	0.0428844	0.00811369	0.0513598	0.105525	0.0059096	0.0207421	0.0463755	0.015068	0.202488	0.0212159	0.0171752	0.0403869	0.016918	0.142856	0.15425	0.0494414	0.0261336	0.0177914	0.00791346	0.0074517
123	0.0308433	0.00963526	0.0254392	0.0484137	0.0091658	0.0224144	0.0315893	0.0139724	0.278106	0.0235483	0.0144598	0.040758	0.0191699	0.0681928	0.261854	0.044087	0.0269047	0.0176577	0.00376366	0.010025
124	0.0493635	0.0148671	0.0122781	0.0219273	0.0240196	0.00999007	0.011014	0.211369	0.0198832	0.161838	0.0618829	0.0273676	0.0126343	0.0248986	0.0155779	0.0649414	0.0790402	0.163889	0.00439888	0.00881936
125	0.0472158	0.00233367	0.190801	0.281918	0.00180792	0.0410399	0.0269812	0.013707	0.0608824	0.01481	0.00723897	0.0607989	0.015433	0.101428	0.0344417	0.0578262	0.0236628	0.0145245	0.00163112	0.00151751
126	0.0306061	0.0116504	0.0172045	0.0330113	0.00442375	0.014633	0.0316275	0.010297	0.282882	0.0213131	0.0125024	0.0406353	0.0244278	0.0593838	0.311666	0.0456833	0.0258252	0.0120386	0.00269243	0.00749605
127	0.0141053	0.00708572	0.00307681	0.0123716	0.045416	0.00482871	0.0120732	0.228994	0.0132695	0.312748	0.0919031	0.0116643	0.00451013	0.0161488	0.0083464	0.02045	0.0323515	0.120383	0.0110333	0.0292411
128	0.0124773	0.00580614	0.00357301	0.00880424	0.0399646	0.00312015	0.00780935	0.232279	0.0115687	0.304109	0.115882	0.0090036	0.00362774	0.0131194	0.00871268	0.0189361	0.0329554	0.146241	0.00855774	0.0134534
129	0.0448347	0.00162478	0.235227	0.36883	0.001631	0.0271545	0.0180677	0.012383	0.026157	0.0142788	0.0060753	0.0485375	0.0198334	0.0762471	0.0178647	0.0455435	0.0218878	0.0111898	0.000804158	0.00182771
130	0.156516	0.0503093	0.00735807	0.011061	0.00401431	0.00994042	0.0168147	0.0247796	0.0846424	0.014411	0.0592213	0.0351871	0.0118333	0.0161292	0.0174061	0.18692	0.243346	0.0279583	0.00250151	0.0196501
131	0.00428883	0.00611392	0.00138629	0.00185939	0.38191	0.00749384	0.0725103	0.0238327	0.00739834	0.0627231	0.00276104	0.0175452	0.0114725	0.00746192	0.00181439	0.0193216	0.00421075	0.0132793	0.012204	0.340412
132	0.169732	0.0240599	0.0208141	0.0394403	0.00822724	0.0332624	0.0149522	0.025972	0.0340321	0.0283786	0.0169443	0.0546658	0.0448695	0.0376089	0.0191147	0.254614	0.138412	0.0279897	0.0021679	0.00474203
133	0.134803	0.0104896	0.0599362	0.130937	0.00442069	0.0125643	0.0188115	0.037948	0.0892009	0.023137	0.0150763	0.0533718	0.0216829	0.141549	0.0565696	0.0831152	0.0689578	0.0360469	0.000506675	0.000875892
134	0.0270229	0.00717862	0.0281603	0.0966712	0.0134551	0.0131427	0.133569	0.0306247	0.164441	0.0270666	0.0309205	0.0351148	0.00605813	0.12867	0.108921	0.0274466	0.0235167	0.0412584	0.0410743	0.0156872
135	0.00379987	0.00595533	0.00138473	0.00179889	0.384598	0.00796901	0.0738668	0.0222657	0.00701533	0.0582409	0.00165428	0.0178855	0.0116413	0.00740018	0.00173802	0.0193008	0.0028236	0.0122739	0.0124533	0.345934
136	0.0243534	0.121602	0.0593635	0.0156308	0.00643673	0.10071	0.0549959	0.0135554	0.0104006	0.0820581	0.039825	0.0961194	0.0120433	0.13538	0.0129123	0.162338	0.0335064	0.0108103	0.00377369	0.00418434
137	0.0709371	0.0127357	0.0706556	0.116935	0.0073094	0.0502685	0.0217176	0.0156017	0.0489657	0.0161638	0.0122827	0.156573	0.014627	0.055577	0.0368498	0.198847	0.0651943	0.0215763	0.00349274	0.00368921
138	0.189915	0.0187436	0.00470837	0.0107328	0.00300693	0.0130235	0.0116897	0.0257885	0.00589547	0.0131109	0.00432381	0.0319395	0.447497	0.0204812	0.0242376	0.0944696	0.0573286	0.0128448	0.00837616	0.0018863
139	0.0665549	0.00307011	0.0801753	0.0789289	0.00165805	0.370474	0.00574608	0.00378033	0.0530806	0.00377417	0.00830037	0.100527	0.00444409	0.0553425	0.0220723	0.110721	0.0233079	0.00528624	0.00157135	0.00118527
140	0.0215089	0.00803801	0.0023518	0.0103119	0.0201238	0.00278862	0.00487728	0.258551	0.011517	0.208394	0.0711243	0.0113401	0.00266092	0.0194808	0.00763494	0.0220174	0.042761	0.250086	0.00484655	0.0195858
141	0.0068825	0.00672244	0.00358955	0.00423617	0.373041	0.0134621	0.0709871	0.023428	0.00816092	0.0596233	0.00309556	0.0210043	0.0119334	0.0089397	0.00295024	0.0222607	0.00452302	0.0140562	0.0151979	0.325906
142	0.0815352	0.00677456	0.0680977	0.112478	0.00514405	0.0259794	0.0277055	0.0144739	0.0772494	0.0064224	0.00923874	0.0954263	0.0106117	0.0845605	0.0695105	0.206954	0.0759462	0.0190952	0.00142954	0.00136722
143	0.149985	0.0191022	0.0331645	0.0586637	0.00673903	0.0349298	0.0166418	0.0259632	0.0433041	0.0243418	0.0156587	0.058573	0.0279988	0.0693584	0.0269647	0.214441	0.135164	0.0337272	0.00137086	0.00390847
144	0.129602	0.0717398	0.0235997	0.0456352	0.00805923	0.0265072	0.0221991	0.0287751	0.117951	0.0326303	0.0263454	0.0556558	0.0266356	0.0502508	0.0702372	0.130651	0.089133	0.0299962	0.00610048	0.00829593
145	0.0036747	0.00607342	0.00140462	0.00180242	0.385927	0.00754574	0.073928	0.0219049	0.00705285	0.058556	0.00147127	0.0179374	0.0116678	0.0074144	0.00170503	0.0194929	0.00280287	0.0122895	0.0122697	0.34508
146	0.0278409	0.0172545	0.00151547	0.00227591	0.000932649	0.00154329	0.00147656	0.264153	0.00526007	0.0777103	0.0173586	0.00486848	0.0014705	0.00303725	0.00500624	0.0164442	0.0309515	0.51742	0.000661731	0.00281876
147	0.0328231	0.0102724	0.00396032	0.0070574	0.0284364	0.00505494	0.00733861	0.175405	0.0109907	0.254167	0.0470154	0.022611	0.00420545	0.0104952	0.00806169	0.0183594	0.0339452	0.305455	0.00570144	0.00864473
148	0.150439	0.0924568	0.0108438	0.0191354	0.00510538	0.0202838	0.0145229	0.021841	0.0159419	0.0213528	0.0216804	0.0387329	0.0176092	0.022924	0.0274284	0.404379	0.0485964	0.0408231	0.00225287	0.00365125
149	0.00623813	0.00684885	0.00202316	0.0027113	0.369222	0.00811403	0.0701718	0.029061	0.00779633	0.0741896	0.00542675	0.0186241	0.0117226	0.00798658	0.00281846	0.021211	0.00502937	0.0185917	0.0128387	0.319374
150	0.150385	0.0950898	0.0059131	0.0114183	0.00308482	0.0148598	0.0131487	0.00766683	0.00672821	0.0128593	0.0199605	0.0285642	0.0114323	0.0115433	0.0304393	0.537486	0.0243641	0.01155	0.00150632	0.00200004
151	0.0285992	0.0183922	0.00135829	0.00160435	0.000856511	0.00152421	0.00145093	0.252866	0.00518096	0.0728491	0.0136075	0.00393924	0.00131914	0.00206595	0.00410574	0.0141173	0.0295728	0.544146	0.000442091	0.00200188
152	0.0278736	0.0174043	0.00152524	0.00226407	0.00266983	0.00180139	0.00185737	0.25464	0.00555167	0.0852657	0.0185115	0.00452299	0.00143484	0.00318085	0.00458599	0.0150937	0.0297612	0.517925	0.00103179	0.00309912
153	0.00763133	0.00595128	0.00369102	0.00876413	0.0441034	0.0055237	0.0180303	0.243809	0.00913557	0.333985	0.111858	0.00950417	0.00460761	0.0102813	0.0074036	0.0169751	0.0235529	0.109839	0.0112632	0.014091
154	0.0289708	0.00644708	0.00393842	0.00870355	0.0558487	0.00468715	0.0078381	0.1627	0.0229236	0.326395	0.0763091	0.0111597	0.00461071	0.0182777	0.0107944	0.0152849	0.0588843	0.157963	0.00571898	0.0125453
155	0.0461024	0.017864	0.0759804	0.0532985	0.0177761	0.0530219	0.0460893	0.0213644	0.0632605	0.0364163	0.0134674	0.231799	0.017462	0.0418506	0.0557836	0.111751	0.0435156	0.0301039	0.00730439	0.0157892
156	0.0840874	0.0131516	0.085841	0.165796	0.00811803	0.0325728	0.0202588	0.0330571	0.0521586	0.0306546	0.0222098	0.0636705	0.0259947	0.072254	0.0330422	0.119605	0.0941415	0.0327745	0.00458369	0.00602843
157	0.16077	0.0316346	0.00389289	0.0271055	0.0108994	0.053488	0.00982065	0.0219515	0.0174205	0.0599291	0.00320251	0.057812	0.022392	0.0304093	0.00350953	0.346442	0.117171	0.020227	0.000923911	0.000998747
158	0.0255034	0.0107987	0.0104023	0.0217367	0.0552636	0.0077056	0.0182635	0.162827	0.0215577	0.320423	0.0704667	0.0238552	0.006737	0.021293	0.015901	0.0294576	0.0363644	0.110968	0.00871593	0.0217591
159	0.0368251	0.0207172	0.0372174	0.0520268	0.0768517	0.0251146	0.101193	0.0332423	0.0891448	0.045835	0.0213436	0.0839316	0.0190536	0.0608615	0.0780278	0.0730537	0.0361471	0.0262452	0.010656	0.0725123
160	0.0524781	0.0172712	0.0737127	0.0654353	0.0200558	0.0494474	0.0395967	0.0240244	0.059557	0.0321497	0.013666	0.225508	0.0192853	0.0440953	0.0478503	0.119161	0.0478056	0.0225724	0.00577908	0.0205483
161	0.0484791	0.0156951	0.0127949	0.0192877	0.00361324	0.0125894	0.0487594	0.0141627	0.217742	0.0195953	0.0124854	0.0454366	0.131142	0.045007	0.251963	0.048771	0.030433	0.012353	0.00442278	0.00526792
162	0.0595669	0.0387483	0.0169958	0.0168512	0.00602665	0.024068	0.0362868	0.0133794	0.0274463	0.0260722	0.00817797	0.451533	0.00975003	0.0193102	0.0162857	0.171254	0.0271955	0.0163484	0.0060352	0.00866867
163	0.0269177	0.0155593	0.0024513	0.00443989	0.00764253	0.00202401	0.0027586	0.253478	0.00751842	0.1129	0.0332112	0.00683806	0.00185993	0.00610815	0.00580192	0.0183367	0.0316053	0.453185	0.00184495	0.00551842
164	0.0110376	0.0114094	0.00255132	0.00753525	0.000463335	0.00772358	0.027826	0.00294652	0.363045	0.0161023	0.0103118	0.0331902	0.021796	0.0405851	0.391358	0.0235721	0.0167363	0.00632636	0.000274539	0.00520933
165	0.0342707	0.00109051	0.289813	0.446049	0.000738715	0.0134897	0.0111014	0.0078565	0.0118394	0.0125798	0.00341062	0.0360353	0.0232259	0.0491606	0.00980495	0.0198529	0.0183823	0.00675554	0.000528003	0.00401471
166	0.0116091	0.0111658	0.00300411	0.00754793	0.000499112	0.0081689	0.0280839	0.00295626	0.356357	0.0164797	0.0104346	0.0336182	0.0229551	0.041141	0.392526	0.0246212	0.0171119	0.00618942	0.000308824	0.00522151
167	0.0273357	0.00769605	0.00641859	0.00842124	0.00363494	0.0366569	0.00857211	0.012481	0.0187508	0.0437318	0.0876893	0.0137206	0.490805	0.0730397	0.00867245	0.0199665	0.0869396	0.0380985	0.00342701	0.00394231
168	0.100958	0.00784623	0.0209891	0.0426062	0.00440868	0.0679191	0.0217923	0.0105428	0.0109759	0.0157934	0.00556596	0.0364331	0.0787652	0.013307	0.00614112	0.225511	0.317186	0.00908339	0.00182589	0.00234885
169	0.156977	0.00636102	0.00509493	0.00733622	0.0434973	0.00698207	0.00716625	0.069784	0.0147801	0.401548	0.020231	0.0131989	0.00549776	0.0167109	0.00984015	0.0148527	0.0451416	0.148945	0.00217066	0.0038832
170	0.0311251	0.000590951	0.265668	0.419	0.000406152	0.0203043	0.0161824	0.010125	0.0174446	0.0143868	0.00491006	0.0366647	0.0200269	0.0805561	0.0120984	0.027179	0.0128543	0.00846767	0.00030836	0.00170133
171	0.0119652	0.0109672	0.00358636	0.0101727	0.000653371	0.0081132	0.0291946	0.00322681	0.355268	0.016553	0.0106289	0.033632	0.0212994	0.0442431	0.387296	0.0240085	0.0169032	0.00636685	0.000619786	0.00530217
172	0.00383206	0.0063186	0.00152105	0.00197553	0.386717	0.00790606	0.0730186	0.0225686	0.00764511	0.0603025	0.00201297	0.018571	0.0119221	0.00746422	0.00170548	0.019954	0.00304962	0.0135204	0.0124385	0.337557
173	0.0281256	0.0140872	0.00222189	0.00507473	0.00154107	0.00182654	0.00210332	0.275785	0.00593857	0.096677	0.0407301	0.00891797	0.00178595	0.00703636	0.00945568	0.0288787	0.035397	0.427413	0.00108128	0.00592282
174	0.162653	0.0299452	0.00308595	0.0273302	0.0109184	0.0531446	0.00907553	0.0223991	0.0173588	0.0594732	0.00257471	0.0573355	0.0228958	0.0301821	0.00317954	0.348765	0.117293	0.020559	0.000833255	0.000997279
175	0.0194564	0.00872898	0.00636847	0.0114782	0.0229643	0.00420094	0.00817643	0.263227	0.0133197	0.206291	0.128224	0.0163082	0.00543338	0.0154925	0.0212029	0.046788	0.0396531	0.148281	0.00487567	0.00953
176	0.0302613	0.0176405	0.0300983	0.0118878	0.00583026	0.0161371	0.148302	0.0192155	0.0377357	0.045923	0.00971246	0.318536	0.0111347	0.0299309	0.0652945	0.0514167	0.0746115	0.0204006	0.00440685	0.051524
177	0.0478239	0.00578612	0.0468335	0.102751	0.00460306	0.0153813	0.0526981	0.0121122	0.207396	0.0176106	0.0130184	0.0442985	0.0078253	0.133502	0.176532	0.0570846	0.0259219	0.0151062	0.0074701	0.00624452
178	0.0644853	0.00295223	0.103817	0.144391	0.00200022	0.329709	0.00794134	0.00608929	0.0467168	0.00696161	0.00865732	0.0760456	0.00669787	0.0669926	0.0224252	0.0796109	0.01526	0.00630414	0.00137303	0.0015693
179	0.0205682	0.00933045	0.00227601	0.0080398	0.0185204	0.00306439	0.00574003	0.286395	0.00663504	0.222045	0.0644755	0.0105446	0.00316177	0.00968609	0.00821569	0.0312809	0.0296699	0.243498	0.00599799	0.0108552
180	0.0130269	0.00476378	0.273273	0.00987671	0.00366509	0.0653575	0.0340891	0.00649595	0.0291794	0.0308373	0.00520081	0.385482	0.0117488	0.0089359	0.0334429	0.0168809	0.0136106	0.044719	0.00351416	0.00589987
181	0.067814	0.00256616	0.0748729	0.0869638	0.00131729	0.429284	0.00338472	0.00262383	0.0518421	0.00357974	0.00815605	0.0861824	0.0025941	0.0574777	0.0211974	0.0832933	0.0111728	0.00319568	0.00134238	0.00114022
182	0.0775233	0.00414207	0.0980756	0.0776652	0.0029046	0.358823	0.00803418	0.0054544	0.0470085	0.00844899	0.00823922	0.110468	0.00604303	0.0505432	0.0220588	0.0833864	0.017222	0.00868444	0.00294745	0.00232787
183	0.0102044	0.00554388	0.00251938	0.0089452	0.044916	0.00801968	0.0154549	0.240228	0.00752514	0.363504	0.0790087	0.00888201	0.00373558	0.00871061	0.00539344	0.0150676	0.0211407	0.123471	0.0123898	0.0153395
184	0.100313	0.00960787	0.0609633	0.0757805	0.00434575	0.0307761	0.0189988	0.0153451	0.0604175	0.00876966	0.0117936	0.0931499	0.0761078	0.0548212	0.0540598	0.211398	0.0891245	0.0201346	0.00211307	0.0019793
185	0.110102	0.010934	0.0817379	0.145843	0.00405226	0.0157946	0.011707	0.0476854	0.0568749	0.0188682	0.0187609	0.072364	0.0390032	0.0970802	0.0381226	0.111439	0.0732565	0.0445934	0.000917109	0.000863977
186	0.0307181	0.000686989	0.277913	0.434618	0.000504697	0.0183324	0.0138863	0.00827762	0.0148108	0.0131907	0.00414801	0.0342937	0.0217654	0.0689144	0.0107797	0.0237523	0.0134115	0.00736365	0.000316173	0.00231614
187	0.0409108	0.00732422	0.00678185	0.0167928	0.0648541	0.00720384	0.0107294	0.120452	0.0383872	0.306859	0.0711041	0.0131665	0.00834345	0.088974	0.0169956	0.0174549	0.071403	0.0783168	0.0059111	0.008035
188	0.0830177	0.00846297	0.0661146	0.100414	0.00517693	0.0325082	0.0237438	0.00923322	0.0645493	0.00372348	0.00994439	0.131757	0.0095562	0.0618879	0.0480713	0.235478	0.0824816	0.0214181	0.00120928	0.00125182
189	0.00574858	0.00473899	0.0011495	0.00806014	0.0515094	0.00416976	0.0111183	0.22634	0.00832023	0.394198	0.0878006	0.00664577	0.00302681	0.00878583	0.00469647	0.00878473	0.0210882	0.112479	0.0140843	0.0172557
190	0.00389709	0.00614103	0.00141338	0.00176196	0.385839	0.00746408	0.0738388	0.0217904	0.00705707	0.0587768	0.00152378	0.0180215	0.011732	0.00741671	0.00171436	0.019443	0.0028518	0.0122521	0.0122489	0.344816
191	0.0346896	0.00111033	0.292445	0.448052	0.000734449	0.0128593	0.0105902	0.00769963	0.0114887	0.0122219	0.0032758	0.0364347	0.0229133	0.0468893	0.00968376	0.0192376	0.01816	0.00657205	0.000556788	0.00438518
192	0.0680823	0.0903074	0.0559417	0.0360023	0.00602774	0.0934428	0.0334165	0.0120031	0.0250048	0.0392261	0.0198145	0.0717878	0.0133851	0.0661226	0.02583	0.280972	0.0442014	0.012278	0.00352183	0.00263225
193	0.0168711	0.00994892	0.00197568	0.00749331	0.0292733	0.00328563	0.00706678	0.25197	0.00835698	0.250887	0.0644121	0.00996556	0.00285277	0.00925229	0.00709813	0.0197027	0.0302483	0.251294	0.00689289	0.0111526
194	0.0111408	0.0111933	0.00251895	0.00752756	0.000461514	0.00774239	0.0281681	0.0028689	0.359	0.0161717	0.010437	0.0332903	0.0218285	0.0410415	0.394517	0.0237971	0.0167627	0.00598813	0.000268619	0.00527639
