210	20
1	0.0108486	0.00822834	0.00261342	0.0028351	0.0122784	0.000656705	0.000404303	0.33907	0.00655709	0.336641	0.0416036	0.000433471	0.00245787	0.00069847	0.00443994	0.00097223	0.014739	0.2086	0.00015358	0.00576873
2	0.0862401	0.00407552	0.0032796	0.0487621	0.00302073	0.00690924	0.045762	0.00401517	0.126596	0.00636505	0.00315369	0.0850099	0.105261	0.0218925	0.0567167	0.105266	0.253765	0.0293298	0.00099075	0.00359
3	0.0108486	0.00822834	0.00261342	0.0028351	0.0122784	0.000656705	0.000404303	0.33907	0.00655709	0.336641	0.0416036	0.000433471	0.00245787	0.00069847	0.00443994	0.00097223	0.014739	0.2086	0.00015358	0.00576873
4	0.0772198	0.00449057	0.0610295	0.0401968	0.00522005	0.00986226	0.218892	0.00837635	0.0103208	0.0109059	0.00589491	0.210742	0.0327932	0.0116118	0.0075984	0.248287	0.012866	0.0152766	0.00223685	0.00617968
5	0.23205	0.0494804	0.00743937	0.0510185	0.0190927	0.132487	0.00998958	0.0823372	0.00801484	0.0251923	0.0512567	0.00787305	0.0178724	0.00944897	0.00724178	0.0343473	0.0415764	0.206078	0.00146035	0.00574368
6	0.316077	0.0620921	0.00360313	0.0357308	0.0328822	0.133716	0.0297801	0.0112997	0.00655219	0.108793	0.0679333	0.0243566	0.00462206	0.00570273	0.00495008	0.0984782	0.0115386	0.0352208	0.00212296	0.00454857
7	0.567105	0.0732831	0.00180124	0.00420049	0.00485465	0.0207738	0.0027879	0.00413304	0.0033233	0.0163593	0.0192524	0.0160551	0.00818512	0.00306763	0.00244639	0.206958	0.035088	0.00692864	0.00146642	0.00193112
8	0.0585556	0.0237251	0.00490358	0.0967307	0.00371661	0.0577282	0.0121689	0.00655935	0.0407416	0.00818086	0.00486275	0.0952604	0.284265	0.0371097	0.0120673	0.0651215	0.113242	0.0666762	0.00162286	0.00676225
9	0.259229	0.144281	0.0126411	0.0183051	0.0122583	0.0562113	0.00194391	0.0660129	0.00193199	0.0242727	0.00825074	0.00906791	0.00105897	0.00683033	0.00213223	0.0496629	0.0714211	0.252075	0.000310336	0.00210288
10	0.0255548	0.00962529	0.00379893	0.0140975	0.256839	0.00887244	0.00785014	0.034158	0.008289	0.272314	0.0246373	0.0071887	0.00475666	0.0140037	0.00679506	0.0371549	0.032868	0.0583859	0.0084472	0.164363
11	0.0394709	0.00958113	0.0150691	0.0184395	0.0087203	0.0343836	0.268665	0.00750974	0.0842813	0.0207182	0.0142239	0.151039	0.00519524	0.0936584	0.128125	0.0361376	0.0147737	0.0231009	0.00231833	0.0245888
12	0.0367662	0.00767011	0.0102146	0.0159909	0.253698	0.0124554	0.024379	0.0175179	0.0229515	0.0651378	0.0163874	0.0117382	0.00843583	0.0188049	0.019547	0.0253865	0.0224002	0.0372184	0.010162	0.363138
13	0.118693	0.0161509	0.0224336	0.0126354	0.00199568	0.563462	0.00590138	0.00264333	0.00728612	0.00577916	0.00327373	0.0143723	0.0105442	0.00549736	0.00967143	0.166071	0.0230369	0.00857011	0.000500958	0.0014819
14	0.0318384	0.0106699	0.00206865	0.0207238	0.0299328	0.00374993	0.00319096	0.0894127	0.0115919	0.336885	0.247121	0.00257142	0.00138108	0.0542832	0.0152673	0.013324	0.026369	0.0494918	0.0160779	0.0340496
15	0.162715	0.0056689	0.0054199	0.137511	0.00544777	0.0971593	0.00538293	0.00661526	0.0078706	0.0101855	0.00535697	0.0303066	0.00538532	0.210903	0.00666777	0.191985	0.0848	0.013132	0.00193338	0.00555443
16	0.265986	0.16247	0.0117438	0.0125695	0.0149499	0.0384423	0.00151264	0.0583399	0.00166878	0.0309115	0.00456043	0.00689048	0.000796996	0.00512256	0.0016842	0.0434232	0.0662027	0.270796	0.000314434	0.00161495
17	0.0189196	0.00220918	0.00137281	0.00238344	0.367926	0.00399329	0.0216724	0.011677	0.00621678	0.0552661	0.00494853	0.00179333	0.00589634	0.00704545	0.00606865	0.011251	0.00901213	0.0209545	0.0128333	0.42856
18	0.0824355	0.00341018	0.0993528	0.262329	0.00526303	0.0198327	0.0272522	0.012275	0.129405	0.0176941	0.00788534	0.0312992	0.0247339	0.0535674	0.0670217	0.0630986	0.0550848	0.0262565	0.00159084	0.010212
19	0.119356	0.0087935	0.0235335	0.013263	0.00418029	0.578737	0.00866798	0.00714441	0.0123013	0.00956561	0.00645612	0.0141936	0.0165047	0.00761987	0.014881	0.112304	0.0177346	0.0183287	0.00114061	0.00529342
20	0.0156034	0.0113015	0.00122529	0.00760095	0.0234438	0.00161767	0.00141704	0.0861844	0.00218103	0.416403	0.35771	0.00127554	0.0011512	0.0100143	0.00288186	0.00479997	0.00702232	0.0239468	0.00936304	0.0148564
21	0.0949161	0.00722372	0.0421603	0.0860816	0.0139197	0.0384822	0.0380848	0.0255575	0.196865	0.0393225	0.016181	0.0357211	0.0178643	0.045725	0.084809	0.06676	0.0719359	0.0463656	0.00394979	0.0280754
22	0.275256	0.144731	0.0102532	0.0124517	0.0158157	0.0373427	0.00295953	0.0614565	0.0032676	0.0308968	0.00750395	0.00692302	0.00216995	0.00641767	0.00314273	0.0415121	0.0613943	0.272399	0.000980158	0.00312713
23	0.122501	0.00758764	0.0178017	0.0129615	0.0124992	0.0456194	0.0461002	0.0279505	0.0798822	0.0494881	0.0168296	0.128687	0.00361139	0.107602	0.0721	0.0699818	0.0490623	0.0562175	0.00318842	0.0703281
24	0.0108611	0.00823604	0.00261293	0.00283795	0.0122698	0.000655635	0.000411458	0.339034	0.00657459	0.336515	0.0416249	0.000435556	0.0024572	0.000696362	0.00448474	0.00098921	0.0148061	0.208571	0.000152656	0.0057733
25	0.107879	0.0862086	0.0103912	0.0235771	0.184548	0.034026	0.0139998	0.0412114	0.0177962	0.0989175	0.0305948	0.0158322	0.0109974	0.0182303	0.0163279	0.0574231	0.0434766	0.0977289	0.00629804	0.0845357
26	0.0799037	0.00991599	0.0276863	0.0570756	0.0122356	0.0450849	0.0874451	0.015251	0.109712	0.0286486	0.0174929	0.0898437	0.0121273	0.0489103	0.202651	0.0562303	0.0397059	0.0285591	0.00293943	0.0285808
27	0.0373872	0.00720064	0.00713901	0.0163816	0.0337814	0.0212378	0.0073365	0.051682	0.0103895	0.100157	0.0645021	0.00758776	0.209011	0.0104875	0.00754574	0.054615	0.0279254	0.301791	0.00211616	0.0217269
28	0.0311418	0.00102039	0.433545	0.266763	0.00111092	0.0211307	0.0169985	0.00169703	0.0426398	0.0132748	0.00129404	0.0467236	0.0188101	0.0512503	0.00134779	0.00723912	0.0297667	0.0086002	0.000388934	0.00525668
29	0.0942062	0.0030542	0.046499	0.250203	0.0302442	0.00466738	0.00407503	0.00424963	0.0478139	0.0606509	0.0861818	0.00323924	0.0031113	0.179818	0.139066	0.0229095	0.00738175	0.00844038	0.000931325	0.0032572
30	0.0678747	0.0091906	0.0336089	0.0320255	0.00932725	0.0396288	0.204427	0.0138735	0.0634127	0.0201768	0.0128266	0.18276	0.0160805	0.0561981	0.0732065	0.0868136	0.0259907	0.027549	0.00398972	0.0210395
31	0.433728	0.0137999	0.0103987	0.0205694	0.0119694	0.0818707	0.012965	0.0211625	0.0172689	0.0682233	0.0133298	0.0107427	0.0159922	0.0147312	0.0119459	0.0369986	0.0699117	0.032609	0.0909925	0.0107904
32	0.282725	0.00084975	0.0142029	0.0911415	0.000861422	0.0124665	0.0241537	0.0298332	0.185782	0.0570913	0.0203474	0.000895182	0.000829776	0.0677143	0.0676634	0.0372929	0.0337716	0.0508802	0.000325517	0.0211724
33	0.0986474	0.00905622	0.0229401	0.0510414	0.0164857	0.0440954	0.0336252	0.0208606	0.087156	0.0360192	0.0192996	0.0310112	0.0158807	0.0350513	0.306584	0.0522215	0.0490351	0.0379925	0.00323176	0.0297647
34	0.0155598	0.0111149	0.00114281	0.00756911	0.0236456	0.0016175	0.00142724	0.0860438	0.00217366	0.416082	0.358659	0.00122839	0.00113604	0.00989028	0.00283682	0.00472103	0.00710681	0.0237177	0.00945308	0.0148745
35	0.118334	0.0333064	0.00347896	0.00766093	0.00755457	0.0407368	0.00565139	0.00908864	0.00470237	0.0128445	0.0202704	0.00722856	0.0126367	0.00660179	0.00346483	0.413152	0.241312	0.0486939	0.000948102	0.00233311
36	0.634643	0.105585	0.00167092	0.00423834	0.00298435	0.0238994	0.00270887	0.00468814	0.00308	0.012192	0.0292136	0.00901306	0.00241914	0.0028593	0.0022266	0.123262	0.0250617	0.00641229	0.00146308	0.00237863
37	0.0705807	0.000471173	0.121968	0.325251	0.000441985	0.0125082	0.030172	0.00267622	0.118268	0.00590608	0.000562592	0.0349461	0.0214944	0.048543	0.0772431	0.073556	0.0494193	0.0052284	0.00018078	0.000582787
38	0.0388978	0.00866074	0.012474	0.0135919	0.0689036	0.0691016	0.0136204	0.0368437	0.118164	0.0787748	0.0775732	0.0149605	0.00272487	0.0521492	0.153409	0.022502	0.01145	0.0661895	0.00123131	0.138778
39	0.0108676	0.00822496	0.00261224	0.00284017	0.0122607	0.000657208	0.000404675	0.339194	0.00655375	0.336491	0.0415969	0.000429474	0.00245659	0.000702152	0.00442602	0.000982159	0.0147525	0.208618	0.000151276	0.00577869
40	0.0716438	0.121106	0.00435209	0.0364495	0.0277868	0.034792	0.00711246	0.00805936	0.0520126	0.147656	0.189676	0.02765	0.00452878	0.00800671	0.00609593	0.0530557	0.011739	0.159458	0.00201017	0.026809
41	0.0126224	0.0123017	0.0019121	0.00563951	0.0157331	0.00141524	0.000897563	0.236952	0.00481109	0.349935	0.187585	0.000826925	0.00188075	0.00674576	0.00407476	0.00300054	0.0120644	0.12697	0.00463748	0.0099941
42	0.250432	0.00471654	0.00558742	0.172348	0.00491245	0.0190929	0.0164347	0.00936913	0.0194796	0.0101554	0.00620993	0.00818415	0.246162	0.0789763	0.0142558	0.031578	0.0232572	0.064936	0.00269186	0.01122
43	0.0961861	0.00382527	0.00543787	0.19022	0.00234867	0.0353006	0.033582	0.00465833	0.0383572	0.00425588	0.00241637	0.00931266	0.289717	0.0737049	0.0259273	0.0495775	0.033403	0.0869885	0.000898635	0.0138828
44	0.0118999	0.00440409	0.00365919	0.00697927	0.117465	0.00501495	0.00334765	0.124523	0.00561823	0.111951	0.0331069	0.00479183	0.0904629	0.00643783	0.00387032	0.0151617	0.0108632	0.379424	0.00192532	0.0590935
45	0.0286896	0.0020879	0.0107783	0.0111891	0.00180689	0.0151434	0.011296	0.00368124	0.00254857	0.00925368	0.00178638	0.00254531	0.744598	0.00244874	0.00658468	0.099392	0.0256958	0.00530969	0.00063181	0.0145328
46	0.0359431	0.00182797	0.0437544	0.456619	0.0078104	0.00313736	0.00215621	0.0672872	0.0289318	0.0301598	0.0023095	0.0113629	0.0110162	0.0266394	0.00243586	0.041469	0.0550442	0.162837	0.000658228	0.00860037
47	0.0324634	0.000863989	0.419747	0.292059	0.00100149	0.0214418	0.014671	0.00150231	0.0393677	0.0100913	0.00104012	0.048585	0.0215453	0.0464859	0.00127241	0.00742169	0.0277005	0.00659252	0.000315636	0.00583132
48	0.036803	0.00547035	0.00273197	0.022343	0.0170701	0.00384937	0.0262941	0.0671452	0.0840906	0.319274	0.116475	0.00269095	0.00208877	0.0557986	0.0895188	0.032603	0.0507716	0.0558404	0.00352357	0.00561732
49	0.0188003	0.00839625	0.00453178	0.00763087	0.26924	0.00909298	0.00835497	0.0854639	0.00952059	0.167986	0.0333778	0.00942144	0.00667613	0.0129227	0.00935968	0.0354874	0.0135515	0.104331	0.00717086	0.178683
50	0.0112689	0.00837565	0.0029991	0.0033114	0.0120287	0.00067426	0.000428033	0.336103	0.00708157	0.334493	0.0418831	0.000452637	0.00243382	0.00118849	0.00492617	0.00101605	0.0148155	0.210687	0.000157248	0.00567567
51	0.0705807	0.000471173	0.121968	0.325251	0.000441985	0.0125082	0.030172	0.00267622	0.118268	0.00590608	0.000562592	0.0349461	0.0214944	0.048543	0.0772431	0.073556	0.0494193	0.0052284	0.00018078	0.000582787
52	0.61156	0.094968	0.00194082	0.00693652	0.00601599	0.0417659	0.00496204	0.00608389	0.00311958	0.0198769	0.0364454	0.00964938	0.0025326	0.00321093	0.00218916	0.113771	0.0216195	0.00941013	0.00157365	0.00236846
53	0.0288249	0.0817361	0.00197928	0.00300258	0.00170129	0.00282851	0.00150162	0.141295	0.00441745	0.0546998	0.00543899	0.00179456	0.00143821	0.00419276	0.00475925	0.0168506	0.005311	0.633026	0.000565641	0.0046364
54	0.262356	0.147556	0.00991004	0.0113455	0.0256066	0.0357721	0.0018155	0.0525226	0.00231992	0.0371806	0.00477823	0.00648887	0.0013763	0.00568125	0.0019363	0.0417066	0.0759778	0.272081	0.000758422	0.00283028
55	0.063571	0.0123318	0.00202443	0.00288414	0.00579752	0.00744031	0.00280132	0.218455	0.0115815	0.0238721	0.00974383	0.00163914	0.00230052	0.00898956	0.00646121	0.00752604	0.0340148	0.562664	0.00453625	0.0113661
56	0.145601	0.00138314	0.0288606	0.0468457	0.00708068	0.0700339	0.00495209	0.014206	0.241498	0.0286472	0.00174785	0.0312857	0.00149112	0.00264225	0.210276	0.110889	0.0164195	0.0100901	0.000558918	0.0254911
57	0.280297	0.00107707	0.0189706	0.092096	0.00200386	0.0151193	0.0210176	0.0304105	0.160606	0.0637011	0.0285785	0.00143333	0.00104346	0.0676731	0.0741234	0.0412794	0.0307027	0.0452928	0.000519014	0.0240551
58	0.0962173	0.0157777	0.0351215	0.0579436	0.0173001	0.0656918	0.0674985	0.0220879	0.0587222	0.0350304	0.0172684	0.155822	0.038523	0.0432585	0.0531576	0.0957316	0.0498186	0.0470974	0.00508608	0.0228457
59	0.282518	0.000789918	0.0141754	0.0899059	0.000831175	0.012968	0.0234428	0.0311492	0.180553	0.0578575	0.0208084	0.00084663	0.000813865	0.0695658	0.0682287	0.0379804	0.0336744	0.0513498	0.000347358	0.0221935
60	0.0194694	0.00140833	0.000956274	0.00184398	0.376759	0.00353088	0.0233377	0.00277833	0.00627378	0.0356311	0.00110161	0.0010445	0.00596825	0.00665795	0.00664353	0.00945915	0.00868107	0.00769665	0.0136931	0.467065
61	0.019224	0.0110266	0.000962564	0.00190416	0.00220493	0.00148352	0.000932955	0.14522	0.00933506	0.0262692	0.00561613	0.00101336	0.000842468	0.00632274	0.0113364	0.00407686	0.00499096	0.735207	0.000393887	0.0116369
62	0.181655	0.00436641	0.00937135	0.0160269	0.00783961	0.25067	0.0116169	0.0244338	0.00628156	0.0191845	0.021706	0.0101093	0.26931	0.00717545	0.00684517	0.0860627	0.0210002	0.0332015	0.00411344	0.00902908
63	0.0198061	0.00136159	0.0180347	0.00817844	0.00192486	0.0156696	0.0132595	0.00311747	0.00249102	0.0116161	0.00149804	0.00212754	0.767211	0.00260432	0.00908276	0.0726548	0.0242093	0.0049537	0.000529724	0.0196701
64	0.0353268	0.00386923	0.00438075	0.00735535	0.305276	0.00613247	0.0709353	0.00598213	0.0101766	0.0339673	0.00387808	0.00484619	0.00597497	0.00897215	0.00827535	0.0146368	0.0127483	0.0259079	0.00963294	0.421726
65	0.127895	0.00591595	0.0239671	0.0108807	0.00087853	0.650679	0.00672562	0.00225181	0.00555292	0.00349769	0.000883794	0.010288	0.00822286	0.0036395	0.008756	0.112087	0.011479	0.00494427	0.0003508	0.00110394
66	0.210903	0.0416279	0.00178404	0.00303143	0.0135462	0.0234849	0.00204816	0.00263567	0.00265292	0.0063173	0.00470209	0.0101593	0.0125081	0.00270105	0.0019584	0.477219	0.156347	0.0236972	0.000658121	0.00201818
67	0.0195233	0.00903371	0.00143419	0.0116682	0.0184506	0.00128274	0.00107694	0.156655	0.00365862	0.404368	0.216819	0.000795888	0.0013117	0.0155748	0.00503575	0.00558757	0.0135416	0.0897154	0.00859994	0.0158675
68	0.0337389	0.00647937	0.00749699	0.0154205	0.247158	0.0160368	0.0242459	0.0188408	0.0303184	0.0642292	0.0177578	0.0125913	0.0228544	0.0203618	0.0284393	0.0275239	0.0220007	0.0357538	0.00931484	0.339438
69	0.0108486	0.00822834	0.00261342	0.0028351	0.0122784	0.000656705	0.000404303	0.33907	0.00655709	0.336641	0.0416036	0.000433471	0.00245787	0.00069847	0.00443994	0.00097223	0.014739	0.2086	0.00015358	0.00576873
70	0.0895709	0.00961588	0.0211782	0.0576955	0.0182038	0.0346775	0.0391726	0.0233103	0.0785058	0.0354147	0.0190831	0.0280916	0.0125978	0.0389808	0.326137	0.0449706	0.051235	0.0349065	0.00299897	0.0336537
71	0.0448041	0.00266197	0.0114253	0.0154577	0.00274242	0.0219626	0.0137342	0.00644721	0.00653651	0.0117145	0.00375339	0.00808569	0.705273	0.00600313	0.00827835	0.0752883	0.0258191	0.012555	0.00150899	0.0159485
72	0.00710824	0.0089704	0.00122396	0.00325114	0.292068	0.00379015	0.00144828	0.0901405	0.00207801	0.223711	0.0397586	0.00845164	0.00436291	0.00932856	0.00174606	0.0167843	0.00566737	0.129209	0.00742279	0.143479
73	0.0292308	0.00872683	0.00104025	0.0226063	0.0176518	0.00155602	0.00200805	0.0943698	0.00524326	0.408892	0.230994	0.00117904	0.000868362	0.033371	0.0100015	0.0119101	0.0207062	0.0668041	0.0115836	0.0212571
74	0.00702492	0.00888831	0.00134308	0.00364438	0.290915	0.00379032	0.0015433	0.0964235	0.00212254	0.219008	0.0405739	0.00911397	0.00486689	0.00910705	0.00174623	0.0167161	0.00575572	0.12919	0.00720657	0.14102
75	0.12912	0.0060529	0.0236829	0.0107259	0.000855722	0.645799	0.00629368	0.00249045	0.00559081	0.00374917	0.00115901	0.0102438	0.00866987	0.00368944	0.00905072	0.113203	0.0124143	0.00543628	0.000637864	0.00113432
76	0.0547393	0.0219505	0.00218438	0.0151853	0.0023642	0.0178459	0.0222377	0.0502497	0.00330027	0.0523008	0.085708	0.00244363	0.00199713	0.0235036	0.00297022	0.159606	0.387115	0.0911643	0.000756453	0.00237724
77	0.0852611	0.0161178	0.0264957	0.028852	0.00166655	0.514191	0.00439828	0.00309462	0.00586072	0.00448786	0.00193765	0.0260891	0.0178339	0.0173002	0.00762128	0.191188	0.0339601	0.0107468	0.000839001	0.00205913
78	0.0202971	0.0056556	0.00617448	0.0890139	0.0332012	0.0602692	0.0337836	0.106667	0.0358377	0.0398949	0.0841852	0.0693181	0.00476696	0.109042	0.0368503	0.01334	0.0389407	0.204879	0.00174455	0.00613861
79	0.0108486	0.00822834	0.00261342	0.0028351	0.0122784	0.000656705	0.000404303	0.33907	0.00655709	0.336641	0.0416036	0.000433471	0.00245787	0.00069847	0.00443994	0.00097223	0.014739	0.2086	0.00015358	0.00576873
80	0.158082	0.00566461	0.00645149	0.0121212	0.00767581	0.281138	0.00496571	0.0575292	0.00659623	0.0368698	0.0536955	0.00513892	0.132777	0.00770904	0.00590187	0.134301	0.0214478	0.054306	0.0023372	0.00529197
81	0.0116493	0.00872407	0.00255535	0.00343511	0.0156485	0.000752164	0.000501654	0.327873	0.00668028	0.33381	0.0428762	0.000589791	0.00263259	0.00152449	0.00478906	0.00149072	0.0146161	0.211748	0.000417603	0.00768649
82	0.160673	0.00938012	0.0520636	0.0048165	0.00191547	0.0993224	0.0997256	0.0134743	0.139025	0.00668402	0.00978106	0.10746	0.00181095	0.0638322	0.0599239	0.0840788	0.0514716	0.01899	0.00895825	0.00661378
83	0.215349	0.00307958	0.00831485	0.00951996	0.00399282	0.0115768	0.00726433	0.022329	0.00496201	0.0221626	0.0052962	0.0234386	0.423257	0.00501682	0.00890372	0.156355	0.0461435	0.0137625	0.00245891	0.006817
84	0.217666	0.0518019	0.00236159	0.00327406	0.0090898	0.0353201	0.00203603	0.0025846	0.00240188	0.0066819	0.00605141	0.0112365	0.0217918	0.00290556	0.00224308	0.453974	0.140686	0.0248539	0.00112893	0.00191072
85	0.0647152	0.000553735	0.137641	0.294885	0.00061228	0.00992499	0.0297826	0.0024362	0.112539	0.00507885	0.000832678	0.041944	0.0337445	0.0456419	0.0716427	0.0863281	0.0539153	0.00683233	0.000219284	0.00073083
86	0.0728054	0.000709788	0.137507	0.326133	0.000866746	0.0174061	0.0326044	0.00256969	0.105547	0.00628716	0.00100363	0.0350479	0.01955	0.0513965	0.0654645	0.0625553	0.0528938	0.00644685	0.00116251	0.002042
87	0.0195842	0.00148861	0.000961451	0.00184813	0.377096	0.00352421	0.023243	0.00277271	0.0062535	0.0355831	0.00109803	0.00111806	0.00603893	0.00667527	0.00664124	0.00947143	0.00883727	0.0077804	0.0136605	0.466324
88	0.025063	0.0200341	0.0026401	0.041662	0.0249252	0.00467473	0.00571411	0.0906566	0.0249821	0.2336	0.182174	0.00343177	0.00251572	0.0866223	0.0168382	0.03555	0.0899799	0.0504969	0.0268768	0.0315622
89	0.0128208	0.0103167	0.00210313	0.00874821	0.21705	0.0043399	0.00191106	0.104498	0.00392682	0.317332	0.0498931	0.00585324	0.00268269	0.0105368	0.00322425	0.0144791	0.0106718	0.119315	0.00726702	0.09303
90	0.118094	0.135119	0.0260514	0.0310089	0.00538442	0.0133252	0.0297896	0.128164	0.00749701	0.0814167	0.0746021	0.00456841	0.00420967	0.00871885	0.072946	0.040236	0.0647532	0.147457	0.00191336	0.0047456
91	0.0247408	0.0137999	0.000974669	0.00167394	0.00112492	0.00144558	0.00103391	0.300833	0.00331961	0.0283048	0.0148443	0.0010465	0.000933866	0.00296174	0.00415813	0.00377673	0.00452418	0.585827	0.000433891	0.00424219
92	0.00708967	0.00898605	0.00122425	0.003249	0.292182	0.00378695	0.00143556	0.0902308	0.00208152	0.223591	0.0397808	0.00845593	0.00438636	0.00932694	0.00174251	0.0167704	0.00564362	0.129225	0.00742979	0.143381
93	0.27095	0.162712	0.0107321	0.0128695	0.0147835	0.0382825	0.00150822	0.0554138	0.00173993	0.0290572	0.00444132	0.00735738	0.000779638	0.00530791	0.00149435	0.0437809	0.0679284	0.268749	0.000330968	0.00178097
94	0.0587084	0.0262912	0.00232745	0.0140044	0.00251729	0.0157429	0.0222204	0.056352	0.00339247	0.0539112	0.0876328	0.00252366	0.00197355	0.0229524	0.00409582	0.158759	0.369368	0.0939579	0.000814762	0.00245443
95	0.0511724	0.00271584	0.0124941	0.0167107	0.00231248	0.0248422	0.0132958	0.0067718	0.00524804	0.00979525	0.00383423	0.00878066	0.686263	0.00554366	0.0081743	0.0869589	0.026202	0.0130429	0.00115917	0.0146827
96	0.0516206	0.00882537	0.00377391	0.00719565	0.0475708	0.0110259	0.00490453	0.0788497	0.0143784	0.0339829	0.0117439	0.00490837	0.0206335	0.010946	0.008767	0.0176997	0.0681196	0.548144	0.00416612	0.042744
97	0.110365	0.00713166	0.0251507	0.011275	0.00127183	0.635646	0.00568696	0.00189355	0.0106523	0.00382217	0.00106636	0.0119369	0.00825155	0.00411725	0.0143244	0.128459	0.0121817	0.00452119	0.000415613	0.0018313
98	0.329693	0.00320632	0.0181332	0.00770676	0.00423472	0.00695136	0.00842474	0.00632898	0.0046304	0.0093341	0.00332551	0.109279	0.260339	0.00574636	0.019392	0.172441	0.0134874	0.00977627	0.00270269	0.00486771
99	0.0804932	0.0141025	0.0153542	0.0215139	0.115871	0.0150006	0.0200222	0.0176457	0.032196	0.0944981	0.0198549	0.0245737	0.00582205	0.0281873	0.0223006	0.0950182	0.0677914	0.090172	0.00388441	0.215698
100	0.0102081	0.00749867	0.00126089	0.00299629	0.300399	0.00417985	0.00580387	0.0746762	0.00288678	0.190112	0.0320108	0.00697665	0.00403334	0.0085329	0.00248397	0.0169727	0.00730306	0.107876	0.00761123	0.206177
101	0.10831	0.00318557	0.0221174	0.0611048	0.00585542	0.0648725	0.0464496	0.0109543	0.183606	0.0183505	0.00424529	0.0415664	0.0029869	0.0368561	0.140682	0.182197	0.0178272	0.0118712	0.00198791	0.0349737
102	0.0324634	0.000863989	0.419747	0.292059	0.00100149	0.0214418	0.014671	0.00150231	0.0393677	0.0100913	0.00104012	0.048585	0.0215453	0.0464859	0.00127241	0.00742169	0.0277005	0.00659252	0.000315636	0.00583132
103	0.0195	0.0014172	0.000956076	0.00185344	0.376794	0.00354878	0.0233784	0.00277687	0.00627944	0.0356286	0.00110401	0.00104321	0.00596325	0.0066682	0.00664099	0.00945768	0.00868125	0.00771555	0.0136476	0.466945
104	0.0894569	0.0299637	0.0668612	0.0523708	0.0170277	0.0236493	0.007393	0.179662	0.030742	0.0947986	0.0221988	0.00931237	0.0126185	0.0238815	0.0200088	0.0353233	0.0460359	0.222561	0.00351637	0.0126178
105	0.0993495	0.00933315	0.0215797	0.0540979	0.0161975	0.0499541	0.0373209	0.021397	0.0889059	0.0367842	0.0219209	0.0290907	0.0102942	0.0385307	0.297649	0.0491874	0.0499864	0.0353092	0.00206969	0.0310415
106	0.41725	0.0633551	0.00183529	0.00363722	0.00666547	0.0242697	0.00202323	0.00404437	0.00243063	0.00840949	0.0136113	0.0101576	0.00872097	0.00311404	0.00203936	0.304424	0.102121	0.0189578	0.000898299	0.00203577
107	0.236561	0.0422293	0.00978774	0.0143216	0.0619732	0.0306555	0.00912043	0.0187884	0.0152944	0.0281873	0.0135588	0.0139221	0.0150201	0.0133678	0.0117022	0.256407	0.131028	0.0590399	0.00355306	0.0154822
108	0.0255911	0.00148367	0.0115132	0.00933448	0.00237297	0.0254996	0.0211513	0.00344242	0.00309377	0.00831266	0.00254153	0.00244682	0.763434	0.0033701	0.00669215	0.0606452	0.020026	0.00648534	0.00136446	0.0211991
109	0.0184763	0.0117716	0.00270012	0.0149927	0.0120848	0.0330439	0.267735	0.00319166	0.139249	0.026202	0.0226408	0.0999962	0.00175688	0.0807485	0.186212	0.00501077	0.00452185	0.0257672	0.000826592	0.0430716
110	0.11717	0.00853184	0.0226522	0.0153875	0.0071918	0.576356	0.00917896	0.00805646	0.0127107	0.010193	0.00558664	0.0137653	0.0134668	0.00931581	0.0146788	0.116176	0.0180467	0.0140189	0.0012354	0.00628148
111	0.0492726	0.0176947	0.00355257	0.0153681	0.00443115	0.0157938	0.0180882	0.0423148	0.00702523	0.0566194	0.091897	0.00481493	0.0038646	0.020847	0.00503022	0.116969	0.401231	0.118583	0.00137205	0.00523022
112	0.125819	0.007964	0.0237567	0.0152749	0.00372914	0.574504	0.00929854	0.00911156	0.0122884	0.00952171	0.00615182	0.0122133	0.0206086	0.00767615	0.0131181	0.109034	0.0183849	0.0156213	0.00126406	0.00465958
113	0.159222	0.0114147	0.0562743	0.00509988	0.00215201	0.0968661	0.103389	0.0156301	0.126475	0.00679836	0.0120325	0.113799	0.00192195	0.0612372	0.0559726	0.0860596	0.0492295	0.0183051	0.0114347	0.00668521
114	0.1975	0.0135019	0.00449443	0.00738591	0.0270787	0.0313932	0.00508158	0.143144	0.0288699	0.013505	0.00744352	0.00386966	0.00343455	0.0274458	0.00581445	0.0339751	0.0582913	0.337469	0.00660126	0.0437016
115	0.0974274	0.00810771	0.0534547	0.105265	0.0141561	0.0375836	0.0337086	0.0253478	0.191451	0.0418931	0.0177342	0.0325774	0.0181569	0.0437846	0.0805729	0.0611957	0.0600805	0.0459645	0.00364507	0.0278926
116	0.26859	0.160528	0.0110395	0.0125969	0.0163249	0.0382046	0.00150006	0.057947	0.00178161	0.0312894	0.00505085	0.00704468	0.000800184	0.00517363	0.00168424	0.0433557	0.067467	0.267547	0.000318014	0.00175681
117	0.129817	0.00607549	0.0238218	0.0106757	0.00100436	0.633841	0.00579373	0.00378354	0.00542117	0.00466257	0.00258746	0.0099263	0.0138158	0.00376281	0.00855795	0.117169	0.0117041	0.00602339	0.00041998	0.00113699
118	0.235986	0.0274861	0.012118	0.0193901	0.0135309	0.327446	0.0122713	0.0181369	0.0139417	0.0533171	0.0252187	0.0149125	0.0219956	0.00805987	0.011784	0.118004	0.0232564	0.034639	0.00326268	0.00524327
119	0.092195	0.0146966	0.0425398	0.0593286	0.0161914	0.0500553	0.0691035	0.0203295	0.0655948	0.0314961	0.0165065	0.171634	0.0353407	0.0477596	0.05402	0.0869785	0.0516899	0.0421177	0.00542793	0.0269941
120	0.0302204	0.00598817	0.00795872	0.0132126	0.271629	0.00915147	0.0286673	0.0192834	0.0187253	0.0632131	0.0173515	0.0095721	0.00865146	0.0172941	0.0163737	0.0240981	0.0191582	0.0345425	0.0107206	0.374188
121	0.29249	0.00877046	0.0143829	0.0135551	0.00916913	0.440968	0.00773192	0.0196846	0.00712091	0.0147022	0.0115156	0.00843518	0.012229	0.00691369	0.00714421	0.0659319	0.0146125	0.0375835	0.00382461	0.00323462
122	0.154254	0.00540343	0.0066963	0.01212	0.0075358	0.284539	0.00478887	0.056804	0.00619863	0.0339318	0.05288	0.00505476	0.134789	0.00748828	0.00545035	0.135608	0.0224218	0.0566192	0.00215312	0.00526392
123	0.0784426	0.0161547	0.0494508	0.0228775	0.00668433	0.206547	0.00752633	0.0187347	0.0125115	0.0173451	0.0155973	0.0163495	0.0864981	0.0156191	0.00956756	0.219747	0.0931649	0.0968771	0.00249767	0.00780729
124	0.0292677	0.00940928	0.000859429	0.0182774	0.023717	0.00136807	0.00173628	0.0930199	0.00521062	0.389608	0.26157	0.000920245	0.000759937	0.0341876	0.00720764	0.0102324	0.0231631	0.0488383	0.016622	0.0240245
125	0.0237334	0.0097814	0.0147063	0.0151545	0.0554809	0.0450743	0.0177712	0.0318148	0.115409	0.0922692	0.0893928	0.0196752	0.00200216	0.0699852	0.135429	0.0262558	0.0124158	0.0558544	0.00076083	0.167034
126	0.308931	0.00436237	0.00442332	0.0304588	0.024327	0.0326043	0.061055	0.00778152	0.00664237	0.00913213	0.00482291	0.0329787	0.233593	0.00775965	0.00666562	0.114217	0.0120443	0.0328498	0.0396937	0.0256574
127	0.26189	0.155668	0.00954998	0.0240224	0.0114536	0.0445631	0.00204805	0.057602	0.00242782	0.0212865	0.00597391	0.0178374	0.00143555	0.0119276	0.00217183	0.0526857	0.0858307	0.229067	0.000568265	0.00199031
128	0.0108486	0.00822834	0.00261342	0.0028351	0.0122784	0.000656705	0.000404303	0.33907	0.00655709	0.336641	0.0416036	0.000433471	0.00245787	0.00069847	0.00443994	0.00097223	0.014739	0.2086	0.00015358	0.00576873
129	0.0201682	0.00147154	0.000982872	0.0021319	0.375756	0.00366745	0.0275371	0.00298706	0.0062694	0.0350927	0.00111748	0.0011113	0.00586021	0.00665111	0.00654719	0.00949968	0.0088506	0.00843327	0.0133757	0.46249
130	0.0592107	0.0167806	0.0100636	0.028417	0.0376983	0.0196583	0.012487	0.0932486	0.0273861	0.251212	0.060557	0.0111356	0.0111536	0.0279687	0.0248727	0.0490638	0.123326	0.0981936	0.00762026	0.0299469
131	0.0563155	0.00390627	0.305261	0.227353	0.00459469	0.0482108	0.0220077	0.0103118	0.0594871	0.0189522	0.00605063	0.042176	0.0223785	0.0459308	0.0237611	0.0361938	0.0359611	0.0206186	0.00140786	0.00912142
132	0.245464	0.0026055	0.0116562	0.00831427	0.00359345	0.00832393	0.00743791	0.0102454	0.0037268	0.0126691	0.0028381	0.047162	0.407041	0.00429665	0.0105417	0.173007	0.0236688	0.00809893	0.00262471	0.00668488
133	0.282751	0.000786965	0.0140696	0.0889891	0.000824907	0.0131893	0.0231409	0.0308187	0.181241	0.0574255	0.020834	0.000836388	0.0007873	0.0691448	0.0689186	0.0383919	0.034169	0.0511416	0.000330137	0.0222096
134	0.0195367	0.00261375	0.0164255	0.192709	0.00290191	0.00585181	0.0276699	0.00390509	0.113779	0.0215877	0.00306361	0.0178612	0.00750277	0.0249583	0.0626496	0.107081	0.357083	0.00853748	0.00101875	0.00326431
135	0.0167828	0.00936542	0.00314301	0.0125695	0.00998862	0.0322037	0.300652	0.00329077	0.111948	0.0210106	0.0180876	0.10839	0.00203085	0.098352	0.186672	0.0058219	0.00587244	0.0208524	0.000935134	0.0320309
136	0.0167127	0.00280749	0.00316254	0.145606	0.0029752	0.00470169	0.0205396	0.00421702	0.135764	0.0181549	0.00327894	0.0239305	0.0123467	0.0182516	0.0685575	0.110203	0.394011	0.00970979	0.00126266	0.00380705
137	0.0315944	0.0104065	0.0368716	0.0386556	0.0674204	0.00829136	0.0328735	0.0074699	0.0746913	0.0843108	0.0305541	0.0465753	0.00256273	0.0465534	0.0351451	0.0564788	0.0426981	0.0429129	0.00127759	0.302657
138	0.023605	0.0150704	0.000922243	0.0015491	0.00114092	0.00142017	0.000937629	0.284434	0.00353019	0.0295748	0.0129597	0.000970283	0.00088424	0.00306237	0.0045158	0.00377287	0.00430139	0.602343	0.000377731	0.00462849
139	0.0320696	0.000911431	0.421806	0.285471	0.00107174	0.021155	0.0151464	0.00166796	0.0408972	0.0109576	0.0011357	0.0471664	0.0205175	0.0480959	0.00222394	0.00810546	0.028281	0.00725727	0.000341777	0.00572097
140	0.079135	0.00695438	0.0955294	0.291522	0.00939022	0.0278092	0.0220062	0.0215267	0.0755716	0.0249011	0.0118845	0.0273663	0.0285766	0.0522934	0.0458818	0.0614632	0.054079	0.0508356	0.00288594	0.0103873
141	0.24195	0.110132	0.00792258	0.013724	0.0913087	0.0652764	0.00524629	0.0421441	0.00545396	0.0606892	0.0156935	0.00776609	0.00359	0.00800613	0.00505313	0.0587412	0.0717344	0.173976	0.00139358	0.0101983
142	0.112953	0.0181192	0.0184963	0.0126887	0.00315804	0.442901	0.0047065	0.00366403	0.00594303	0.00613263	0.00469438	0.0151912	0.0164922	0.00696803	0.00741444	0.260014	0.0447937	0.0129518	0.000480445	0.00223779
143	0.151564	0.0379865	0.00476627	0.00426544	0.00822826	0.0536862	0.00214364	0.00353736	0.00316076	0.00592949	0.00727004	0.0097403	0.0234254	0.00347994	0.00218121	0.466533	0.169905	0.0391783	0.000891057	0.00212805
144	0.284375	0.0636045	0.00174919	0.00331061	0.00938113	0.0241659	0.00202486	0.00256273	0.00274273	0.00808492	0.0088227	0.0115448	0.011588	0.00262979	0.00214285	0.410516	0.126143	0.0218841	0.000853672	0.00187373
145	0.205683	0.0190702	0.0228455	0.0188943	0.00625737	0.301959	0.0276728	0.0100556	0.0388382	0.0192058	0.0115412	0.0607911	0.0212567	0.0204929	0.0242917	0.131949	0.0288422	0.020261	0.00358978	0.00650281
146	0.00743162	0.00831178	0.00139474	0.00338384	0.254416	0.00365906	0.00144038	0.11076	0.00254023	0.238016	0.0383024	0.00742906	0.0071172	0.00802509	0.00190541	0.0152823	0.00682965	0.151675	0.00622302	0.125857
147	0.0189332	0.0107951	0.000981556	0.00199567	0.00226656	0.0015158	0.000955432	0.140778	0.00996885	0.026038	0.00537919	0.0010326	0.000853749	0.00664377	0.0114839	0.00411047	0.00511743	0.738919	0.000369074	0.0118627
148	0.156672	0.0304426	0.00756703	0.014583	0.0139631	0.0258771	0.00568828	0.163263	0.0208096	0.0234373	0.0109575	0.00490099	0.00757742	0.0317927	0.0099014	0.0253013	0.099247	0.323632	0.00677653	0.0176108
149	0.0494761	0.00243381	0.0129314	0.0131771	0.00263873	0.0197654	0.0142039	0.00673534	0.0045841	0.0105437	0.00389625	0.00876455	0.697022	0.00428769	0.00823784	0.0884358	0.0253592	0.0110438	0.00159437	0.014869
150	0.246454	0.00148194	0.0270451	0.0910545	0.00155631	0.0118756	0.023531	0.0323473	0.189145	0.0574496	0.018171	0.00201922	0.00116815	0.0747541	0.0646356	0.0400587	0.0388016	0.0504452	0.000549727	0.027457
151	0.0931647	0.0285932	0.0104577	0.0323522	0.0136076	0.0297461	0.0157654	0.0286567	0.0251096	0.0833306	0.0408485	0.0121444	0.0111073	0.0245001	0.0203204	0.220237	0.229783	0.063123	0.00353722	0.0136153
152	0.0648971	0.000591169	0.136758	0.295973	0.000590533	0.00999077	0.0299826	0.00244094	0.112709	0.00509879	0.000830748	0.0418335	0.0330773	0.0455991	0.0721121	0.0860937	0.0536593	0.00682112	0.000223402	0.000718291
153	0.17261	0.0536014	0.00289048	0.00511528	0.0097593	0.0338032	0.00227227	0.00349405	0.00361013	0.00654727	0.00546209	0.0240377	0.0141258	0.00447489	0.00305587	0.475367	0.15024	0.026438	0.000818225	0.0022763
154	0.0478406	0.010707	0.00262905	0.00438702	0.0031352	0.00507711	0.00256272	0.380412	0.00583969	0.0256718	0.0138929	0.00199869	0.00236189	0.0064767	0.00542834	0.0065265	0.0121849	0.455647	0.0014709	0.00574969
155	0.0145046	0.00842768	0.00238192	0.0061521	0.0243807	0.00155558	0.000918588	0.283403	0.00634425	0.349486	0.0789796	0.00113121	0.00298073	0.00632824	0.00532496	0.0038456	0.0151344	0.172709	0.0024326	0.0135788
156	0.0679982	0.000562312	0.125017	0.312773	0.000503313	0.0114889	0.0300055	0.00260249	0.121508	0.00558458	0.000663406	0.0367249	0.0258687	0.0470128	0.0767397	0.0751888	0.052554	0.00624907	0.000201622	0.000753562
157	0.111838	0.00852356	0.0233979	0.0124782	0.00160316	0.603591	0.00608444	0.0041424	0.00701412	0.00635694	0.00307793	0.0126104	0.0128645	0.006424	0.00996263	0.144249	0.0157022	0.00757579	0.000625265	0.00187897
158	0.0239723	0.0328677	0.00118931	0.00177417	0.00155184	0.00163064	0.0011436	0.237013	0.00419741	0.035826	0.0100965	0.00108965	0.000956117	0.00349011	0.00484086	0.00705369	0.00516563	0.620544	0.000532542	0.00506541
159	0.0945495	0.0254007	0.0214607	0.052412	0.0172569	0.0330897	0.018686	0.0396962	0.0419609	0.0445205	0.0304463	0.0170853	0.0198371	0.0281007	0.0437403	0.118821	0.245815	0.0822359	0.00428769	0.020598
160	0.142382	0.00194897	0.0288107	0.0415114	0.00676141	0.07371	0.011304	0.0137913	0.229815	0.0256901	0.00223056	0.0382011	0.0015625	0.00669138	0.211593	0.106785	0.0229612	0.0102946	0.00112732	0.0228281
161	0.136062	0.00220909	0.0319418	0.0441286	0.0110695	0.0656209	0.0059659	0.0174127	0.233231	0.0338308	0.00533694	0.0352297	0.00147308	0.00633148	0.199395	0.104717	0.0192069	0.0119055	0.000541744	0.0343906
162	0.0953715	0.0306852	0.00215961	0.00791671	0.00516361	0.0237593	0.011001	0.0237186	0.00276964	0.0283515	0.0523955	0.00448458	0.00705006	0.0121074	0.00228654	0.312277	0.298879	0.0763554	0.000876216	0.00239143
163	0.0108486	0.00822834	0.00261342	0.0028351	0.0122784	0.000656705	0.000404303	0.33907	0.00655709	0.336641	0.0416036	0.000433471	0.00245787	0.00069847	0.00443994	0.00097223	0.014739	0.2086	0.00015358	0.00576873
164	0.0307031	0.0173383	0.00198706	0.032059	0.0141902	0.00286619	0.00461646	0.0948516	0.0114235	0.337719	0.209562	0.00195144	0.00128677	0.0689262	0.0264101	0.0140543	0.0253176	0.0799198	0.00931016	0.0155073
165	0.0759015	0.00479272	0.0336998	0.199693	0.016521	0.0311046	0.0684979	0.00377235	0.0506429	0.00793956	0.00347979	0.00307024	0.00264956	0.20854	0.00716837	0.00924391	0.122529	0.0539111	0.0420951	0.054748
166	0.0108486	0.00822834	0.00261342	0.0028351	0.0122784	0.000656705	0.000404303	0.33907	0.00655709	0.336641	0.0416036	0.000433471	0.00245787	0.00069847	0.00443994	0.00097223	0.014739	0.2086	0.00015358	0.00576873
167	0.560896	0.0213385	0.0060299	0.00906882	0.0095928	0.187529	0.00531496	0.0301636	0.0058389	0.0176712	0.0162168	0.0064418	0.0105061	0.00549026	0.00467571	0.0458015	0.0178408	0.0274366	0.00850641	0.00363984
168	0.0702582	0.000478356	0.12149	0.324131	0.000455802	0.0123291	0.0301441	0.00270902	0.119966	0.00586608	0.000553058	0.034685	0.0214978	0.048681	0.0774286	0.0730875	0.0500626	0.00531357	0.000183391	0.00067974
169	0.025987	0.0137354	0.0201836	0.0205101	0.0520821	0.0378046	0.0171331	0.0294574	0.093276	0.0913862	0.0911526	0.0301412	0.00194194	0.0634446	0.128619	0.0388504	0.0182751	0.0522094	0.000756418	0.173054
170	0.0267073	0.0179515	0.00284458	0.0399662	0.143049	0.00500867	0.00318358	0.01682	0.00516833	0.550072	0.06862	0.0037325	0.00259667	0.0210202	0.00455189	0.0113348	0.0120396	0.019238	0.0178624	0.0282331
171	0.120187	0.0102299	0.0534099	0.00988503	0.00341474	0.160053	0.125659	0.0116122	0.108273	0.00953046	0.0106701	0.123321	0.00434429	0.0510418	0.0521918	0.0758258	0.0373921	0.0174613	0.0078681	0.00762876
172	0.0238139	0.00950388	0.000923061	0.0139002	0.0238236	0.0014552	0.00127167	0.0963266	0.00309183	0.384888	0.301361	0.000975824	0.000902798	0.0245128	0.00393859	0.00800527	0.0165025	0.0414423	0.0175675	0.0257935
173	0.0399245	0.00248916	0.0417017	0.15378	0.00275493	0.00455853	0.0045004	0.0038799	0.335013	0.00553734	0.00279843	0.0388064	0.0769653	0.0476177	0.0356446	0.00938438	0.15576	0.0354291	0.000766309	0.00268829
174	0.116907	0.00392753	0.00343615	0.00850896	0.00609753	0.00849477	0.00360915	0.0342554	0.00627132	0.00854796	0.00732813	0.00400126	0.0625593	0.00792578	0.00485751	0.0131024	0.189642	0.503177	0.000999573	0.00635143
175	0.0345293	0.00193789	0.0504937	0.439709	0.0115688	0.00333356	0.00227031	0.0854795	0.0337791	0.0393546	0.00207846	0.00854876	0.00814679	0.027169	0.0044455	0.045509	0.0380332	0.151583	0.000692608	0.0113372
176	0.0510365	0.0256872	0.0336777	0.185025	0.00713943	0.0116879	0.102499	0.00684187	0.0468182	0.0323656	0.00673829	0.0050875	0.00437357	0.199004	0.0854685	0.0355731	0.0546114	0.0847118	0.00828595	0.0133677
177	0.141221	0.00449142	0.010026	0.0175503	0.00646124	0.0548339	0.00602346	0.00995467	0.0789121	0.0165974	0.00579191	0.013518	0.00439488	0.00848252	0.494552	0.0310689	0.0695099	0.0142186	0.00184909	0.0105431
178	0.0352232	0.00608404	0.00314787	0.0057739	0.316241	0.0192646	0.01428	0.0287296	0.00894835	0.13643	0.0162418	0.00486213	0.00441332	0.0100107	0.0083743	0.0206864	0.0156425	0.048082	0.00856886	0.288995
179	0.179597	0.00292611	0.116071	0.0586215	0.00304719	0.0186255	0.00312113	0.033111	0.110407	0.00633551	0.00301071	0.00329463	0.0028707	0.0185431	0.00337552	0.151743	0.153734	0.127137	0.00145335	0.00297517
180	0.070575	0.0060163	0.109698	0.304254	0.00823787	0.0268529	0.0227604	0.0212825	0.0700468	0.0283146	0.0108594	0.0267414	0.0257242	0.0499591	0.0425606	0.0571721	0.0535102	0.0491718	0.00290292	0.0133596
181	0.263546	0.151404	0.0104096	0.0117895	0.0199464	0.0379897	0.00158058	0.0630546	0.00289813	0.0306007	0.00562543	0.00665184	0.000881903	0.00589098	0.00163276	0.0419241	0.0681193	0.27205	0.000866912	0.00313746
182	0.253736	0.0202091	0.00533977	0.0186544	0.120128	0.174172	0.0100434	0.0809837	0.00950842	0.0819271	0.0636616	0.00819193	0.0092509	0.00962987	0.00723665	0.0311609	0.0189114	0.0672761	0.00245917	0.00751895
183	0.264116	0.0668607	0.00572229	0.046816	0.0253012	0.129582	0.0317146	0.0323847	0.00935102	0.0832272	0.0683943	0.0161979	0.00775888	0.00699158	0.00744073	0.0592743	0.0220131	0.109362	0.00184927	0.00564205
184	0.146549	0.0834224	0.00574491	0.0121436	0.00748215	0.0425177	0.00811938	0.0345752	0.00425545	0.0224448	0.0432999	0.00673754	0.00656682	0.0104163	0.00326587	0.213743	0.189357	0.155404	0.000801762	0.00315356
185	0.125848	0.00924719	0.0242998	0.0188874	0.00420658	0.554629	0.0106785	0.00920993	0.0149395	0.00923887	0.00746106	0.0137595	0.0168065	0.0082655	0.0171412	0.115734	0.0201047	0.0154545	0.000887752	0.00320037
186	0.0852308	0.0215206	0.0153268	0.0478621	0.014688	0.0304746	0.016571	0.0345363	0.0402866	0.0473463	0.040406	0.015811	0.0266755	0.0273403	0.0339736	0.131001	0.272527	0.0787902	0.0047372	0.0148951
187	0.406755	0.051531	0.0112275	0.031536	0.0109207	0.0653936	0.0127653	0.0250656	0.0277389	0.0274792	0.0199082	0.0169421	0.0292741	0.0217391	0.0174779	0.105455	0.0473653	0.0564659	0.00532479	0.00963461
188	0.295989	0.0679105	0.0137083	0.0202011	0.010948	0.033639	0.0055941	0.0305289	0.0169006	0.0185239	0.0123019	0.0106784	0.0135628	0.0126257	0.0066798	0.173346	0.116394	0.132471	0.0016386	0.00635906
189	0.198405	0.0770156	0.0084745	0.0247258	0.0167391	0.110491	0.00776301	0.112709	0.00936415	0.0259882	0.0381872	0.0068849	0.0101562	0.00862291	0.00743165	0.0356646	0.0656151	0.225223	0.0038119	0.00672736
190	0.0120716	0.00825833	0.00283552	0.00358782	0.0121485	0.000665377	0.000582731	0.33292	0.00713752	0.335158	0.0439576	0.000454609	0.00251864	0.00200794	0.00587115	0.00139885	0.0148163	0.207557	0.000188226	0.00586405
191	0.137687	0.0386832	0.00245118	0.00419227	0.00755636	0.0286834	0.00435627	0.0070943	0.00256132	0.00985097	0.0170121	0.00680644	0.0115324	0.00504052	0.00181241	0.433382	0.226607	0.0522912	0.000670891	0.00172895
192	0.0312185	0.00142301	0.0114447	0.010887	0.00216404	0.0177448	0.0172739	0.00332234	0.00306989	0.00851255	0.0014506	0.00284924	0.759359	0.00397721	0.00695237	0.0682789	0.0232145	0.00663466	0.00105456	0.0191678
