326	20
1	0.020641	0.0151652	0.00147033	0.00453439	0.0312294	0.00273601	0.00352815	0.162683	0.007509	0.313438	0.160141	0.00608457	0.0116347	0.00324156	0.00745495	0.00713951	0.0726361	0.167715	0.000350028	0.000668978
2	0.0753858	0.00278871	0.00769243	0.0315483	0.00351339	0.00632102	0.0227403	0.00347743	0.202661	0.0539093	0.00748968	0.289469	0.00412921	0.0777128	0.045696	0.0678191	0.0424494	0.0521645	0.00110058	0.00193198
3	0.0370056	0.00518696	0.000804482	0.00810317	0.0334877	0.00122739	0.00181902	0.133755	0.0174318	0.5105	0.115727	0.00117325	0.000698846	0.00335571	0.01926	0.00270997	0.00422743	0.102707	0.000258023	0.000561889
4	0.157204	0.00800545	0.0125727	0.0331485	0.0126099	0.0152206	0.0177744	0.0998656	0.0359761	0.0326766	0.0299579	0.0212727	0.212105	0.13335	0.0404949	0.0480392	0.0362141	0.0372536	0.00233062	0.013928
5	0.235696	0.00621068	0.0251554	0.0969208	0.00344931	0.0237116	0.0411063	0.00776639	0.0823007	0.0325011	0.0094413	0.0119436	0.117714	0.0914895	0.0403078	0.0670514	0.0463516	0.0543683	0.00169092	0.0048238
6	0.137004	0.00378476	0.00534792	0.0153291	0.00430518	0.00644847	0.0251372	0.00465147	0.315157	0.0104598	0.0244783	0.00659358	0.124061	0.052923	0.145985	0.033296	0.0121579	0.0677532	0.00253458	0.00259155
7	0.050182	0.00347248	0.293181	0.27341	0.00239042	0.0340891	0.0163688	0.00288577	0.0248995	0.00901905	0.00582926	0.0578367	0.0252558	0.0571787	0.0211659	0.0804611	0.0308435	0.00678894	0.000806826	0.00393523
8	0.0590326	0.00721435	0.254307	0.188036	0.0101025	0.0379849	0.0263822	0.00941993	0.0410019	0.0158689	0.0128433	0.073744	0.0331029	0.0524272	0.0385591	0.0670249	0.0380481	0.0217923	0.00374052	0.00936726
9	0.0817107	0.0356568	0.00857314	0.0126531	0.0146637	0.0203898	0.0112839	0.142056	0.0244256	0.0683224	0.0440961	0.0220718	0.0193584	0.0189824	0.0197818	0.0720888	0.179267	0.19818	0.00370452	0.00273436
10	0.101345	0.0135695	0.0145248	0.128705	0.0100668	0.0145904	0.0187968	0.0180526	0.0238595	0.136438	0.122126	0.0183459	0.0129453	0.0244458	0.0248419	0.0411372	0.241296	0.0272419	0.00307278	0.00459855
11	0.266283	0.00257782	0.0740971	0.0469177	0.00242	0.0112592	0.00568937	0.00344277	0.0995994	0.00975502	0.00422449	0.166079	0.00363952	0.0392297	0.0648765	0.147212	0.0261583	0.0240487	0.000820854	0.00166931
12	0.0909811	0.0125324	0.0115215	0.0178733	0.0106963	0.0231046	0.0178599	0.0155725	0.0465432	0.0686436	0.0182894	0.0266397	0.0168634	0.0284192	0.237539	0.0967303	0.182726	0.0675134	0.0046874	0.00526409
13	0.0330197	0.000931969	0.00316911	0.0169659	0.000662188	0.0154168	0.0185678	0.00667905	0.441937	0.0100075	0.00740187	0.0267509	0.00246008	0.0368411	0.315423	0.0376757	0.0178436	0.00738633	0.000406255	0.000453357
14	0.0424212	0.0111981	0.0468156	0.0365967	0.0138576	0.11808	0.0208718	0.0111139	0.0474209	0.066547	0.00725021	0.164092	0.0152277	0.0245865	0.0278929	0.225994	0.0912366	0.0219562	0.00169599	0.00514526
15	0.0432769	0.00561015	0.0121449	0.0100859	0.0151358	0.0102424	0.00915699	0.0666365	0.0446612	0.0492704	0.0114044	0.0716493	0.042325	0.0151069	0.0401766	0.123673	0.338972	0.08544	0.00248265	0.00254863
16	0.0477101	0.00368581	0.29059	0.30261	0.00176832	0.0320097	0.00999267	0.00199534	0.0195506	0.00791365	0.00530781	0.0470846	0.0140826	0.0472533	0.0160415	0.0969646	0.0467521	0.00555528	0.000739009	0.00239308
17	0.0381559	0.00898963	0.00726776	0.01168	0.346837	0.0118906	0.0280213	0.0307926	0.0114609	0.0861356	0.0234774	0.0105295	0.00693	0.0137748	0.0239351	0.0298322	0.034953	0.0276585	0.0121764	0.235502
18	0.15219	0.00739202	0.185979	0.196906	0.0059662	0.0307745	0.0307988	0.00362737	0.0282706	0.0105669	0.00897764	0.0609077	0.0128646	0.05977	0.0223852	0.111397	0.046573	0.0115011	0.0014806	0.0116718
19	0.0367125	0.00200021	0.33975	0.344367	0.00100688	0.0323458	0.00593754	0.00125741	0.00945155	0.00513071	0.00626781	0.0455408	0.0244956	0.0651674	0.0132013	0.0435636	0.0178099	0.00432948	0.000630262	0.00103438
20	0.0139703	0.00403183	0.00121904	0.00187186	0.509016	0.0054682	0.00148377	0.0161177	0.0019192	0.0381973	0.0013488	0.00167111	0.00118003	0.00586439	0.0158208	0.00376765	0.0108328	0.00613162	0.0147304	0.345358
21	0.108731	0.0464481	0.020205	0.0573715	0.109126	0.097137	0.0794289	0.00857492	0.0177619	0.0092536	0.0079452	0.0504027	0.0530019	0.0544176	0.0251022	0.0964426	0.0267109	0.0122819	0.0016758	0.117981
22	0.0247604	0.0090194	0.000511302	0.0042561	0.0277156	0.00120233	0.00199272	0.20049	0.00970892	0.421207	0.0994596	0.000950373	0.000731214	0.00222324	0.0100463	0.00292505	0.00897643	0.173042	0.00013603	0.000645771
23	0.036837	0.000939086	0.00362975	0.0126652	0.000908341	0.0254589	0.0205363	0.00600933	0.413792	0.0102695	0.00674802	0.0325285	0.00460054	0.0350782	0.30248	0.0505877	0.0279597	0.00791718	0.000288528	0.000766159
24	0.134083	0.0206007	0.0778505	0.0289785	0.025064	0.0321471	0.084962	0.0709115	0.053049	0.027528	0.0280971	0.0281435	0.0158363	0.0341389	0.197679	0.0475351	0.0375388	0.0335216	0.00614566	0.01619
25	0.0401538	0.0031179	0.378237	0.250636	0.00232521	0.0226863	0.0100445	0.00263831	0.0110794	0.00898831	0.00607869	0.0464394	0.0979522	0.0496957	0.00987618	0.0349346	0.0150551	0.00726619	0.00106336	0.00173155
26	0.0265744	0.0138825	0.000532232	0.00219882	0.0165888	0.00193745	0.00245218	0.305801	0.00524408	0.261223	0.0606606	0.000973801	0.00116445	0.001967	0.00631875	0.00456164	0.0152587	0.271366	0.000132475	0.00116162
27	0.0724356	0.0032689	0.00886251	0.0407546	0.0062678	0.00546336	0.0116241	0.0694443	0.044753	0.113222	0.0947217	0.0278272	0.0311028	0.269668	0.0493298	0.0371865	0.0358781	0.0758995	0.000706663	0.00158279
28	0.0272438	0.00188121	0.00240715	0.0113801	0.00242456	0.0115384	0.0217165	0.00694939	0.436853	0.0206947	0.0215655	0.0188832	0.0039381	0.0315645	0.326946	0.0294266	0.0129117	0.0101674	0.000869642	0.000638597
29	0.255086	0.0157217	0.0112982	0.0156878	0.00659106	0.455954	0.00716039	0.00618148	0.0130304	0.00764018	0.00516086	0.00942051	0.00590874	0.00793951	0.0132196	0.121026	0.0154724	0.0232263	0.00189941	0.00237487
30	0.0245554	0.00600586	0.000658409	0.00562462	0.0364396	0.000765567	0.00162713	0.126286	0.0124644	0.531721	0.122186	0.000836333	0.000477444	0.00292838	0.0122811	0.00244633	0.00467433	0.107557	0.00012567	0.000340122
31	0.0372718	0.00708219	0.00305352	0.00451241	0.384027	0.0109824	0.0159338	0.0190529	0.0109647	0.0301201	0.00365274	0.00521876	0.00642264	0.016466	0.0379764	0.00909357	0.0220569	0.014819	0.00937488	0.351918
32	0.129948	0.0533166	0.147303	0.193525	0.0101651	0.0291708	0.0299703	0.00971869	0.0302087	0.0218983	0.0169215	0.0375903	0.019788	0.0422967	0.0285603	0.0745694	0.0872575	0.0224984	0.00570599	0.00958745
33	0.198497	0.0266984	0.0129091	0.0177135	0.010538	0.0156593	0.0188432	0.020318	0.128882	0.0354004	0.326178	0.0138412	0.0103446	0.0174741	0.045686	0.0402418	0.0334555	0.0208204	0.00248653	0.00401314
34	0.0875595	0.0143981	0.0306167	0.0345554	0.0169319	0.193913	0.0246133	0.0146857	0.127773	0.0200202	0.016169	0.046495	0.0159536	0.0338814	0.148986	0.0840989	0.0448104	0.0268133	0.00570002	0.0120249
35	0.0160628	0.00466345	0.00220769	0.00286644	0.483647	0.00625381	0.00215864	0.0152049	0.00284599	0.0338476	0.00195809	0.00236108	0.00178705	0.00564813	0.015288	0.00502505	0.0105453	0.00590806	0.0370089	0.344712
36	0.0480631	0.00559234	0.250354	0.233631	0.00674632	0.0208825	0.0450416	0.00646708	0.0416738	0.0398864	0.00893367	0.0499658	0.0226571	0.0503851	0.0357322	0.0518892	0.0351258	0.0409041	0.00207291	0.00399563
37	0.0274785	0.000653221	0.00121698	0.0108179	0.000568293	0.0125432	0.0181641	0.00699107	0.474407	0.00999227	0.00809118	0.0214004	0.00131474	0.0343137	0.321185	0.0300683	0.0136031	0.00662118	0.000275472	0.000294293
38	0.0860704	0.011581	0.0337644	0.0611413	0.0112507	0.0240738	0.0139307	0.0156274	0.0353482	0.0220521	0.0130462	0.0186289	0.431277	0.0507642	0.0367799	0.0685087	0.0376559	0.0188485	0.00306279	0.00658808
39	0.140468	0.0279885	0.0488722	0.0552086	0.0187982	0.059777	0.0215596	0.0206581	0.043875	0.0330626	0.0168221	0.0561009	0.0290516	0.0388375	0.0414107	0.211914	0.0887302	0.0339025	0.00227073	0.0106918
40	0.0854684	0.0150969	0.0293521	0.0469234	0.0126626	0.0213507	0.0130511	0.0156167	0.0293569	0.0236166	0.0150148	0.0193285	0.446186	0.047682	0.0309178	0.07213	0.0432859	0.0247838	0.00156979	0.00660548
41	0.0305213	0.0193248	0.000458152	0.000704743	0.00402419	0.00198088	0.00287647	0.408509	0.000782647	0.0918068	0.0155417	0.000662721	0.000529287	0.000876431	0.00273881	0.00440636	0.0133036	0.399203	8.48722e-05	0.0016643
42	0.0935834	0.0109884	0.0581765	0.089246	0.0208824	0.033561	0.0329563	0.0223767	0.0742417	0.032521	0.0253411	0.0575115	0.040542	0.150301	0.0693968	0.0772989	0.0566405	0.0342211	0.00336183	0.0168521
43	0.175089	0.0158212	0.0396899	0.143674	0.0146779	0.0223987	0.0317568	0.0151585	0.0369343	0.12432	0.0245023	0.0350257	0.0241712	0.0469013	0.0323505	0.123803	0.050053	0.0335547	0.00228976	0.00782672
44	0.282254	0.0132735	0.0160791	0.114405	0.00715075	0.0143727	0.0944884	0.00758823	0.0648902	0.0326568	0.0141626	0.0190844	0.0239875	0.0518718	0.0291489	0.0848905	0.034016	0.0816485	0.00197612	0.0120559
45	0.515603	0.0273608	0.00225345	0.016614	0.00978231	0.0371409	0.00264854	0.00424059	0.00322609	0.0112461	0.00206704	0.00282816	0.0338175	0.00319663	0.00363442	0.290632	0.0249585	0.00746782	0.000485881	0.000795778
46	0.0292474	0.0156371	0.000519472	0.00197237	0.0105808	0.00217402	0.00271153	0.352366	0.00429791	0.201216	0.0410803	0.000773791	0.000649998	0.001444	0.0048793	0.00539594	0.0139176	0.309619	9.93873e-05	0.00141883
47	0.091847	0.0164557	0.00905618	0.030727	0.00709444	0.0339256	0.00581805	0.00679545	0.00861292	0.0161272	0.00436648	0.0117825	0.545993	0.0337589	0.00899421	0.125805	0.0295964	0.00962247	0.00110015	0.00252193
48	0.0276889	0.0179765	0.000453488	0.000642181	0.00431024	0.00207826	0.00301746	0.419063	0.000710394	0.106033	0.0185227	0.000695612	0.000737353	0.000896069	0.00200372	0.00461618	0.0146202	0.374033	8.7566e-05	0.00181343
49	0.200547	0.102447	0.00447148	0.00528855	0.00319418	0.0373869	0.00387326	0.11138	0.00588448	0.0797802	0.0378764	0.00343463	0.00334888	0.0039227	0.0138047	0.0850706	0.137893	0.157281	0.00166771	0.00144731
50	0.0237749	0.00608754	0.000595082	0.00533404	0.0406232	0.000813205	0.00154357	0.116981	0.0131242	0.536231	0.125784	0.000856574	0.00064484	0.00285559	0.0135963	0.00207058	0.00583811	0.102842	0.000158818	0.000246638
51	0.151573	0.00309928	0.00261692	0.00415196	0.0463163	0.00380803	0.00841515	0.0335321	0.0324356	0.0207853	0.0161951	0.00966081	0.0114012	0.0377668	0.00712919	0.153768	0.394141	0.0609066	0.000983797	0.0013139
52	0.0684711	0.0145471	0.0283568	0.030269	0.0162101	0.302379	0.0723722	0.0132301	0.0513703	0.0210679	0.0140553	0.111514	0.0146514	0.0307504	0.0338646	0.0619891	0.0343252	0.0692956	0.00381761	0.0074631
53	0.0924371	0.00253518	0.0364024	0.0454207	0.00180571	0.0357793	0.0202586	0.00332555	0.175949	0.00837289	0.00307883	0.0818675	0.00803828	0.0545183	0.224626	0.136528	0.0545302	0.0119124	0.000770864	0.00184262
54	0.0284214	0.00488752	0.287761	0.0661384	0.00554097	0.0358733	0.0446885	0.00866638	0.0419393	0.0163861	0.00964708	0.20638	0.0521409	0.0274786	0.0199706	0.0797637	0.0327583	0.0250516	0.001735	0.00477141
55	0.0280367	0.0180146	0.000412949	0.000627999	0.00398907	0.00204389	0.00300924	0.420581	0.000710956	0.10518	0.01759	0.000575279	0.000504555	0.000817566	0.00193601	0.00463055	0.0140592	0.375438	8.7192e-05	0.00175424
56	0.0228747	0.00633054	0.000639916	0.00525941	0.0380703	0.0008237	0.00170888	0.121507	0.012069	0.517373	0.138189	0.00110444	0.00111523	0.00253848	0.0121996	0.00209901	0.0110086	0.104611	0.000164594	0.00031342
57	0.344549	0.0186949	0.00969843	0.0184995	0.00704165	0.316193	0.00649174	0.004478	0.00734704	0.00796972	0.00359682	0.00894901	0.0135714	0.00854921	0.00704197	0.181197	0.0167757	0.0159044	0.00107549	0.00237605
58	0.0652009	0.00767868	0.0143951	0.042989	0.0114672	0.0143625	0.0247699	0.0304091	0.102007	0.0878324	0.0412922	0.033952	0.0357815	0.16907	0.185404	0.04907	0.035297	0.0428206	0.00255328	0.00364837
59	0.267972	0.026157	0.0244474	0.042213	0.0219782	0.0643691	0.0227182	0.0289574	0.0444966	0.0489943	0.0211794	0.0261654	0.0317134	0.032008	0.0448046	0.136395	0.0550849	0.0416068	0.00366386	0.0150758
60	0.059041	0.00515227	0.0327016	0.0527374	0.00939955	0.0297808	0.0271727	0.0160799	0.276213	0.0398958	0.0169064	0.054595	0.0131512	0.0513493	0.178553	0.0640221	0.0370873	0.0266293	0.00254886	0.00698338
61	0.0608921	0.0100488	0.0491423	0.0457152	0.0121684	0.0366734	0.0249434	0.00913756	0.0502953	0.0386121	0.00928309	0.17602	0.0141964	0.0324836	0.0362445	0.257643	0.105501	0.0219495	0.00117198	0.00787869
62	0.0886143	0.00912814	0.108946	0.170119	0.00929146	0.180026	0.0289854	0.00977927	0.044403	0.0145775	0.00955193	0.0702467	0.021714	0.052533	0.0303117	0.0870743	0.0329747	0.0208092	0.00287957	0.00803521
63	0.0880666	0.0228256	0.0263128	0.0328013	0.0187515	0.0274944	0.0240825	0.0467335	0.0443486	0.0427255	0.0245481	0.055279	0.0225765	0.034037	0.0457399	0.126722	0.236685	0.0652665	0.00508574	0.00991793
64	0.147977	0.0196466	0.0355681	0.0413456	0.0155506	0.329534	0.0184186	0.0154577	0.0438303	0.0216864	0.0136115	0.0437595	0.0138833	0.0251011	0.0297427	0.109451	0.0323284	0.0307857	0.00239825	0.00992321
65	0.0600413	0.00640017	0.0215063	0.0383698	0.00895705	0.0290431	0.0265934	0.0143424	0.30757	0.0338275	0.0209173	0.0424124	0.0177873	0.0459799	0.195254	0.0582812	0.0412664	0.0227706	0.00184493	0.00683455
66	0.0711044	0.017439	0.0189825	0.0218523	0.0164126	0.0166836	0.0156689	0.0243822	0.031449	0.0358209	0.0110334	0.0460671	0.0233141	0.0235485	0.0252144	0.222999	0.328627	0.0429975	0.00205003	0.00435311
67	0.250321	0.0133735	0.0040435	0.00868339	0.00528693	0.526925	0.00491639	0.00318733	0.00759875	0.00451185	0.00343821	0.00626259	0.00269419	0.00480823	0.00746164	0.112538	0.00783538	0.0240324	0.000959036	0.00112272
68	0.313791	0.027231	0.00829089	0.0155535	0.0106057	0.0233485	0.0111849	0.0500858	0.0137183	0.0241361	0.0134688	0.0111669	0.0151149	0.0128511	0.0140809	0.287608	0.0494115	0.0943775	0.0017167	0.0022585
69	0.0139335	0.00403776	0.00124212	0.00185316	0.507693	0.00544191	0.0014743	0.0158719	0.00190259	0.0376383	0.00134209	0.00166675	0.00117882	0.00574529	0.0155459	0.00372437	0.0106313	0.00597442	0.0151213	0.347982
70	0.175752	0.107158	0.00148944	0.00223084	0.00156451	0.0313773	0.00167446	0.122043	0.00258695	0.0924973	0.0405478	0.00181896	0.00138363	0.00191616	0.00936069	0.0851031	0.13935	0.181155	0.000422692	0.000568185
71	0.0284766	0.0182239	0.000413279	0.000642699	0.00398095	0.00212965	0.00301586	0.419367	0.000713392	0.105498	0.0176993	0.000615544	0.000504802	0.000811487	0.00192369	0.00497156	0.0146868	0.374493	8.64693e-05	0.0017454
72	0.0600345	0.013083	0.0104083	0.0207457	0.01577	0.0168315	0.0144359	0.0583461	0.030324	0.0401478	0.0359339	0.025539	0.161094	0.0280516	0.0279452	0.0778977	0.246993	0.108196	0.00272408	0.00549858
73	0.175957	0.106965	0.00145266	0.00223215	0.00156397	0.0313482	0.00167446	0.122131	0.00258705	0.0925658	0.0405794	0.00181469	0.00138359	0.0019161	0.00936451	0.0850397	0.139335	0.181102	0.000420821	0.000567992
74	0.0277752	0.0156337	0.000558373	0.00205615	0.00980679	0.00217237	0.0027538	0.359043	0.00418845	0.192705	0.0389906	0.00115267	0.00108806	0.00230941	0.00519382	0.00708741	0.014093	0.311821	0.000157009	0.00141458
75	0.0379082	0.00221156	0.305231	0.362631	0.0013875	0.0328644	0.00820839	0.00183344	0.0112062	0.00589076	0.0066064	0.0431547	0.0223543	0.0721816	0.0138841	0.04367	0.0191961	0.00737462	0.000679941	0.00152676
76	0.0271035	0.00067502	0.00128927	0.0110846	0.000643496	0.0129521	0.0185661	0.00695583	0.473408	0.0106817	0.00818325	0.0203956	0.00125667	0.036142	0.320081	0.0299713	0.0131	0.0068309	0.00030432	0.000374879
77	0.0279397	0.0178417	0.000414971	0.000629855	0.00399936	0.00206498	0.00302627	0.421271	0.000707727	0.105993	0.0177038	0.000578206	0.000504931	0.000815006	0.00188998	0.00465295	0.0141445	0.373978	8.68109e-05	0.00175751
78	0.0279397	0.0178417	0.000414971	0.000629855	0.00399936	0.00206498	0.00302627	0.421271	0.000707727	0.105993	0.0177038	0.000578206	0.000504931	0.000815006	0.00188998	0.00465295	0.0141445	0.373978	8.68109e-05	0.00175751
79	0.0232361	0.00570931	0.000580815	0.00520798	0.0376208	0.000711677	0.00147171	0.112552	0.0117152	0.549398	0.132742	0.000786641	0.000431135	0.00254854	0.0117882	0.00185974	0.00414005	0.0971305	0.000118516	0.000251506
80	0.187785	0.074554	0.00439827	0.00697071	0.00579671	0.0274521	0.00521255	0.131572	0.00787798	0.0780664	0.0347844	0.00509023	0.00506134	0.00942561	0.0123208	0.10684	0.115825	0.177725	0.00151121	0.00173101
81	0.0796987	0.0132095	0.0330677	0.0524966	0.00701198	0.020617	0.011593	0.0155546	0.0377618	0.0207549	0.0137151	0.0223713	0.434625	0.0528986	0.0353534	0.0704129	0.0463686	0.0249552	0.00192322	0.00561096
82	0.0940467	0.0208214	0.0235897	0.030634	0.0230707	0.0211468	0.0243892	0.0398303	0.0437709	0.0497424	0.0263595	0.0453318	0.0290897	0.0359704	0.0403202	0.1309	0.249699	0.0584202	0.00308102	0.00978585
83	0.0698031	0.012529	0.0260577	0.0449645	0.0145759	0.0280129	0.0313134	0.0184644	0.191958	0.0413297	0.0214246	0.0472005	0.0213175	0.052027	0.221389	0.0680135	0.0468299	0.03055	0.00262703	0.00961253
84	0.0863832	0.00947329	0.158389	0.22152	0.00783233	0.0370261	0.0300315	0.0102528	0.0491245	0.0239501	0.0158551	0.0567788	0.0338785	0.0669127	0.0482431	0.073474	0.041172	0.0192782	0.00256597	0.00785879
85	0.0278351	0.0106197	0.000778681	0.0046606	0.0292883	0.00152032	0.00248713	0.199669	0.0102158	0.407585	0.0967585	0.00149635	0.00150868	0.00410608	0.0108528	0.00460269	0.0135804	0.171524	0.000154938	0.000755744
86	0.271918	0.0266586	0.0343491	0.0491124	0.0225647	0.0481124	0.0260895	0.0333066	0.0412268	0.0414109	0.0271373	0.0308938	0.0239783	0.0364282	0.0369298	0.123309	0.0564861	0.0504158	0.00374632	0.0159263
87	0.0237251	0.00621235	0.000619572	0.00510044	0.0417783	0.000754419	0.00157185	0.107379	0.0116558	0.552852	0.127524	0.000911125	0.000503801	0.00260283	0.0120738	0.00181514	0.00484285	0.0976854	0.000139063	0.000252919
88	0.0840015	0.0134779	0.0568874	0.0909817	0.0128176	0.0239524	0.0368232	0.0235639	0.0900229	0.0354821	0.0242569	0.0563674	0.0459518	0.152917	0.0755182	0.0758008	0.0457253	0.0408416	0.00386148	0.0107492
89	0.0329346	0.0264105	0.00212901	0.00362243	0.0133769	0.00672365	0.00446891	0.231592	0.00412335	0.0994611	0.151208	0.00864351	0.0161587	0.00418709	0.00498851	0.0190681	0.134972	0.234423	0.000505055	0.00100418
90	0.466495	0.0238668	0.00970715	0.0569929	0.0107945	0.0368799	0.0117436	0.0059127	0.00941173	0.0165179	0.00483537	0.00971828	0.026192	0.0117656	0.00933872	0.247573	0.0253812	0.0126178	0.00098343	0.00327249
91	0.133684	0.00330791	0.102019	0.116378	0.0108226	0.0487127	0.0564846	0.00220079	0.0318257	0.00496805	0.00814536	0.0919164	0.00882346	0.0932849	0.0243314	0.162356	0.0673736	0.00560378	0.000805993	0.0269557
92	0.0263895	0.0165674	0.000530572	0.00130442	0.00878069	0.00194361	0.00300903	0.379353	0.00213628	0.153244	0.0365392	0.00120324	0.00171476	0.00126106	0.00324388	0.00452998	0.0176894	0.338868	0.000117903	0.00157421
93	0.176763	0.107008	0.00146017	0.00230206	0.00157565	0.0311741	0.00168012	0.121845	0.00260547	0.0925957	0.0404726	0.00182555	0.00144875	0.00193729	0.00935989	0.085158	0.138909	0.180891	0.000422623	0.000565534
94	0.0274979	0.00105039	0.00197352	0.0108443	0.000988953	0.0125931	0.0182767	0.0155387	0.461623	0.0119711	0.00891852	0.0195017	0.00292862	0.0322274	0.315124	0.0294228	0.0133333	0.0140236	0.00163196	0.000530766
95	0.106374	0.00257041	0.175021	0.188529	0.00710452	0.0329772	0.0412667	0.00179621	0.032307	0.00755695	0.0123778	0.0750816	0.0104245	0.0905506	0.0213392	0.11345	0.0560731	0.00662578	0.000613424	0.0179617
96	0.023377	0.00564102	0.000557828	0.00532792	0.0374137	0.00068984	0.0014268	0.109132	0.011782	0.560799	0.125837	0.000787248	0.000409023	0.00254206	0.012136	0.0018752	0.00391421	0.095995	0.000119111	0.000237481
97	0.239615	0.013691	0.00338206	0.00861503	0.00479389	0.541572	0.00404412	0.00248603	0.00630876	0.00440101	0.00313817	0.00506658	0.00226688	0.00437382	0.00629246	0.122017	0.00628137	0.0196943	0.000934804	0.00102658
98	0.0317514	0.00956318	0.0610364	0.065405	0.00204823	0.199784	0.0379096	0.00252438	0.121506	0.0167942	0.00335437	0.259786	0.0134629	0.0486338	0.0274647	0.080236	0.0103742	0.00649626	0.000767571	0.00110281
99	0.0279397	0.0178417	0.000414971	0.000629855	0.00399936	0.00206498	0.00302627	0.421271	0.000707727	0.105993	0.0177038	0.000578206	0.000504931	0.000815006	0.00188998	0.00465295	0.0141445	0.373978	8.68109e-05	0.00175751
100	0.057841	0.000914609	0.0490966	0.16016	0.000876278	0.0111353	0.0684323	0.00187826	0.121345	0.00714337	0.00111848	0.105421	0.00740806	0.152324	0.133042	0.0657785	0.031669	0.0209672	0.00028906	0.00316064
101	0.0327488	0.0225892	0.000667638	0.00090152	0.0040529	0.00204052	0.00274402	0.392566	0.00100929	0.0790201	0.0137627	0.000848747	0.000578112	0.00108903	0.00348775	0.00440584	0.0129469	0.422935	0.000116906	0.00148852
102	0.152988	0.0413715	0.0278578	0.0172982	0.0109816	0.0811589	0.0196763	0.0885179	0.053061	0.0521312	0.104856	0.0145828	0.0118105	0.0306005	0.0944427	0.0613485	0.0594536	0.0659876	0.00579409	0.00608178
103	0.179486	0.0735475	0.00346717	0.00586062	0.00910168	0.0247694	0.00437767	0.0918094	0.0105869	0.0784661	0.0329725	0.00590429	0.00617902	0.00956964	0.0132647	0.0854626	0.198679	0.164459	0.00113995	0.000897074
104	0.0259254	0.0552411	0.0191646	0.011022	0.031422	0.0139438	0.00882338	0.0100298	0.0166963	0.0502675	0.00515151	0.0438385	0.0101947	0.0107053	0.0125133	0.42101	0.212555	0.0383476	0.00113798	0.00201026
105	0.0406651	0.0243053	0.00286603	0.00582109	0.00756311	0.00730389	0.00553668	0.332138	0.0082289	0.0903992	0.0515803	0.00743753	0.00848658	0.00572598	0.00715402	0.0217694	0.0925925	0.278022	0.000459559	0.00194459
106	0.17868	0.0147048	0.0297485	0.0332848	0.0105359	0.370335	0.0173815	0.00883286	0.0255586	0.0135727	0.00835572	0.0368493	0.009858	0.0200705	0.0221056	0.143809	0.0249815	0.0232737	0.00243212	0.00563015
107	0.141429	0.0159337	0.0303386	0.0397991	0.0178319	0.330622	0.0232801	0.0141248	0.0455465	0.0175306	0.0105306	0.0524722	0.0147989	0.0282657	0.036033	0.102017	0.0323667	0.0326185	0.00480983	0.00965261
108	0.068043	0.0261852	0.0192027	0.017086	0.016874	0.0185136	0.0113416	0.0356302	0.0226813	0.0910919	0.019963	0.0467798	0.0141764	0.0142213	0.0262651	0.204914	0.284274	0.0577377	0.00228727	0.00273216
109	0.0296577	0.0066167	0.063042	0.0236224	0.0226023	0.0348072	0.00850429	0.0209744	0.0211764	0.068103	0.0036262	0.140213	0.0215479	0.00775934	0.0257598	0.311653	0.158152	0.0295089	0.000933877	0.00173858
110	0.0235818	0.00841122	0.000657441	0.00466893	0.0391035	0.00106401	0.00208589	0.148935	0.0112257	0.46817	0.120548	0.0017579	0.00196202	0.00260695	0.011321	0.00267797	0.0126143	0.138081	0.000124786	0.000402745
111	0.0271622	0.000647614	0.00121115	0.0108716	0.000558385	0.0122814	0.0181139	0.00706079	0.475747	0.0100102	0.00817704	0.0206126	0.00118656	0.0344378	0.322095	0.0297444	0.0128504	0.00666548	0.000272902	0.000294305
112	0.0504854	0.00208734	0.309164	0.319357	0.00173404	0.0310979	0.0113502	0.00162525	0.0134433	0.00613107	0.00950223	0.0507367	0.0234494	0.0702829	0.014694	0.0523399	0.0240418	0.00464763	0.000657354	0.00317264
113	0.061164	0.00755951	0.262957	0.195026	0.00884803	0.0379688	0.0238137	0.00933759	0.0362224	0.0197484	0.0122243	0.0652797	0.0331364	0.0529439	0.030274	0.0756585	0.0361074	0.0206355	0.00284442	0.00825026
114	0.0962268	0.00924991	0.00889221	0.0345792	0.00707371	0.00778245	0.0131712	0.125296	0.0368894	0.117004	0.0621197	0.024195	0.0281117	0.193475	0.0409918	0.0425517	0.0315994	0.116915	0.00171026	0.00216493
115	0.0259544	0.00577271	0.00066642	0.00595224	0.0379713	0.00085046	0.0016528	0.125818	0.0150211	0.518565	0.127808	0.000887742	0.000512442	0.00285687	0.0142781	0.00224891	0.0044856	0.108302	0.000135675	0.000260022
116	0.1238	0.0714863	0.0157516	0.0241487	0.0931857	0.0299628	0.0904494	0.0217613	0.0370393	0.0343353	0.0164309	0.0762296	0.0183668	0.0248595	0.164646	0.044443	0.0442913	0.0308735	0.00349898	0.0344391
117	0.025759	0.00656962	0.000667558	0.0055274	0.0419504	0.000771404	0.00166174	0.114512	0.011987	0.540769	0.124279	0.000859111	0.000610566	0.00274681	0.0128804	0.00244546	0.00505777	0.100053	0.000151736	0.000741529
118	0.115491	0.00380778	0.0935265	0.129488	0.0174173	0.0444736	0.0766899	0.0016186	0.022166	0.00379914	0.0110562	0.0906586	0.00845111	0.0974524	0.0163158	0.156959	0.0662393	0.0034385	0.000614876	0.0403368
119	0.138976	0.098793	0.00217167	0.00283649	0.00525564	0.0251276	0.00335629	0.161526	0.00411159	0.0878076	0.0427576	0.00384398	0.00404947	0.00278188	0.00980122	0.066502	0.121154	0.217337	0.000638296	0.0011728
120	0.0877822	0.00555466	0.0727926	0.146988	0.0117249	0.0304482	0.0998472	0.00904691	0.0602282	0.0167542	0.00989775	0.0719817	0.014884	0.12354	0.0620604	0.0866555	0.0457589	0.0231741	0.00187807	0.0190025
121	0.0279397	0.0178417	0.000414971	0.000629855	0.00399936	0.00206498	0.00302627	0.421271	0.000707727	0.105993	0.0177038	0.000578206	0.000504931	0.000815006	0.00188998	0.00465295	0.0141445	0.373978	8.68109e-05	0.00175751
122	0.0279397	0.0178417	0.000414971	0.000629855	0.00399936	0.00206498	0.00302627	0.421271	0.000707727	0.105993	0.0177038	0.000578206	0.000504931	0.000815006	0.00188998	0.00465295	0.0141445	0.373978	8.68109e-05	0.00175751
123	0.0356062	0.0231857	0.000663444	0.000930326	0.00399598	0.00217934	0.00261198	0.38661	0.000967648	0.0771112	0.0138364	0.000796221	0.00062287	0.00108442	0.00369598	0.00491939	0.0136877	0.425841	0.00011785	0.001536
124	0.243214	0.013199	0.00326333	0.00849652	0.00480266	0.541676	0.00406703	0.00244176	0.00637581	0.0043422	0.00314392	0.00507661	0.00221061	0.00440251	0.00631499	0.118564	0.00624755	0.0201989	0.000932923	0.00102935
125	0.0853128	0.0247174	0.0305423	0.0390681	0.0197202	0.0226546	0.0232962	0.0459994	0.0351973	0.0464272	0.0300748	0.0459185	0.0378503	0.0319646	0.0333115	0.127925	0.239383	0.0660004	0.00397921	0.0106569
126	0.111198	0.0124023	0.0116142	0.0402431	0.00531079	0.0185119	0.00967811	0.0123688	0.0201119	0.0413485	0.0138981	0.0113182	0.497814	0.0507638	0.0180208	0.0665227	0.0349625	0.0191071	0.00155927	0.00324616
127	0.144299	0.0187592	0.0409629	0.0472443	0.0151664	0.340407	0.019598	0.0133285	0.0392551	0.0176092	0.010471	0.0440783	0.0139209	0.023307	0.0295794	0.101436	0.034575	0.0330407	0.00335928	0.00960226
128	0.0723602	0.0122683	0.0209918	0.0358138	0.0179587	0.0301636	0.0263855	0.0193652	0.208003	0.0385623	0.0207824	0.0343432	0.0228078	0.0426291	0.242458	0.0643174	0.0446641	0.031029	0.00299266	0.0121037
129	0.0279397	0.0178417	0.000414971	0.000629855	0.00399936	0.00206498	0.00302627	0.421271	0.000707727	0.105993	0.0177038	0.000578206	0.000504931	0.000815006	0.00188998	0.00465295	0.0141445	0.373978	8.68109e-05	0.00175751
130	0.0265593	0.00594119	0.000760112	0.00625782	0.0378477	0.000857197	0.0016599	0.120481	0.0158962	0.524098	0.119216	0.00103732	0.000605987	0.00336643	0.0155257	0.00252871	0.00496117	0.111669	0.000468202	0.000263854
131	0.14942	0.0184801	0.136851	0.0508646	0.0162034	0.123395	0.0259082	0.0193573	0.0416811	0.0250284	0.0224932	0.0305275	0.0196951	0.0291005	0.0425557	0.0618813	0.0560208	0.0383361	0.0816808	0.0105209
132	0.0271472	0.00732405	0.00191004	0.00756811	0.0385773	0.00168692	0.00329889	0.10918	0.0142655	0.520121	0.132185	0.00238968	0.00150802	0.00369419	0.0139417	0.00463303	0.0115194	0.0977136	0.000461029	0.00087432
133	0.178548	0.105192	0.00145515	0.00227308	0.00158247	0.0309733	0.00174967	0.123255	0.0026114	0.0924762	0.0416218	0.00184407	0.00148906	0.00204883	0.0092931	0.0844357	0.138434	0.179701	0.000418962	0.000597484
134	0.0327358	0.00266657	0.121003	0.187057	0.00140176	0.0439973	0.0181849	0.00969781	0.132621	0.00771254	0.00186557	0.135795	0.00420959	0.0469101	0.0725342	0.140993	0.0313277	0.00797808	0.000417666	0.00089027
135	0.030795	0.00126716	0.00519253	0.0310279	0.00111075	0.0182627	0.0207542	0.00636192	0.41014	0.0113405	0.00679581	0.0272091	0.0132575	0.050165	0.303786	0.0344183	0.0189582	0.00809778	0.000339094	0.000720525
136	0.0240746	0.0116612	0.0727336	0.0711423	0.0020163	0.217918	0.0291601	0.00285469	0.131065	0.0126764	0.00234154	0.231888	0.0106118	0.0402461	0.0307837	0.0908574	0.0109879	0.00518642	0.000790624	0.00100472
137	0.0279397	0.0178417	0.000414971	0.000629855	0.00399936	0.00206498	0.00302627	0.421271	0.000707727	0.105993	0.0177038	0.000578206	0.000504931	0.000815006	0.00188998	0.00465295	0.0141445	0.373978	8.68109e-05	0.00175751
138	0.165875	0.0731278	0.00135733	0.00306046	0.00871233	0.0201228	0.00229364	0.154971	0.00498796	0.16324	0.0529348	0.00191405	0.00122193	0.00222647	0.00939721	0.0533963	0.0896822	0.19029	0.000433288	0.000755697
139	0.0139421	0.00413507	0.215682	0.0279928	0.00407572	0.00658414	0.0294728	0.0344499	0.158659	0.00772095	0.0236401	0.152178	0.0257319	0.0273171	0.0499425	0.0144658	0.0103513	0.189997	0.00163508	0.00202672
140	0.0133855	0.0232984	0.00195333	0.00342538	0.0385252	0.00278748	0.00521814	0.198689	0.0049995	0.184455	0.150932	0.0108023	0.0195155	0.00389278	0.00507616	0.00707613	0.0938986	0.230684	0.000448046	0.000937762
141	0.054696	0.00250438	0.127931	0.145006	0.00395226	0.0558663	0.0288439	0.00466468	0.0859191	0.00695251	0.00379529	0.14168	0.0053444	0.0500688	0.036673	0.179319	0.0527079	0.00397883	0.000540132	0.00955658
142	0.0580777	0.000913338	0.0484378	0.159433	0.000878618	0.011196	0.0686665	0.00184556	0.121435	0.00712284	0.00111667	0.105458	0.00745481	0.15262	0.133184	0.0658596	0.0318495	0.0209804	0.000296254	0.0031757
143	0.0755163	0.00172112	0.011582	0.0159677	0.00203645	0.0666366	0.0315507	0.00201313	0.201113	0.0139367	0.00200952	0.0791228	0.0218669	0.0528205	0.191795	0.114688	0.0990777	0.0135293	0.000776436	0.00224088
144	0.0076736	0.0149626	0.00274452	0.00387701	0.0161852	0.00304703	0.00510501	0.217162	0.00466693	0.103341	0.211225	0.0112925	0.0227557	0.00414123	0.0044723	0.00799259	0.150258	0.207521	0.000691522	0.000884378
145	0.024	0.00703459	0.000591075	0.00493901	0.0458294	0.00069216	0.00157528	0.114347	0.0123003	0.530292	0.132339	0.000834193	0.000448196	0.00243489	0.0122226	0.00198663	0.00584099	0.101886	0.000126462	0.000280958
146	0.0347957	0.0217825	0.000650462	0.00104287	0.00404883	0.00193366	0.00263044	0.389943	0.00102245	0.0761716	0.0133686	0.000761555	0.000597071	0.00105073	0.00355656	0.00430534	0.0122666	0.4284	0.000141626	0.00153028
147	0.0238366	0.0060425	0.000606223	0.0052444	0.0400686	0.000770741	0.00152918	0.10566	0.0115206	0.558743	0.128709	0.000813085	0.000433511	0.00265829	0.0119405	0.00184371	0.00439876	0.0947541	0.000160227	0.000266382
148	0.0580961	0.00650623	0.243874	0.194381	0.0125491	0.0330743	0.0264292	0.0120142	0.0378005	0.0194365	0.0125998	0.0698326	0.0277103	0.0550038	0.0348076	0.0782505	0.0422165	0.0230529	0.00276086	0.00960487
149	0.0682581	0.00945531	0.168302	0.229273	0.00805025	0.0331271	0.0281497	0.0109595	0.0488725	0.02724	0.013843	0.064478	0.0273943	0.0678455	0.0413481	0.0777954	0.0413652	0.0231768	0.00258604	0.00848057
150	0.211443	0.0731649	0.00922991	0.0121342	0.00657882	0.0583437	0.0100813	0.0822786	0.0166894	0.0672315	0.0312489	0.00947752	0.00859363	0.0114095	0.018817	0.0854198	0.12493	0.155786	0.00299773	0.00414467
151	0.0563144	0.00544426	0.236015	0.147527	0.00623417	0.0364597	0.0277601	0.00756798	0.0513505	0.0162945	0.00884157	0.125147	0.0286043	0.0515212	0.0363419	0.0858356	0.0422902	0.0219058	0.0021266	0.00641859
152	0.060571	0.00619724	0.0213129	0.0353872	0.0102082	0.0244797	0.0249834	0.0158322	0.291645	0.039352	0.020405	0.0505461	0.0169321	0.0471058	0.185563	0.0620243	0.0464822	0.0294625	0.00355943	0.00795058
153	0.0269379	0.00677105	0.00171955	0.00740647	0.0377814	0.00184406	0.00294356	0.10921	0.0142319	0.521634	0.128791	0.00385075	0.00196821	0.00564257	0.0136938	0.00560521	0.011216	0.0977814	0.000250943	0.000720182
154	0.031874	0.00903614	0.00116882	0.00582928	0.038578	0.00146497	0.00253472	0.103632	0.0139385	0.526575	0.132627	0.00164548	0.00114829	0.00359845	0.0164762	0.00590924	0.00846527	0.0946109	0.000399759	0.000487784
155	0.404577	0.0196061	0.0179384	0.0526637	0.00920312	0.111199	0.0132948	0.00550488	0.0108524	0.0137617	0.00487753	0.0160344	0.0226974	0.0169778	0.0100949	0.224194	0.0272052	0.0137368	0.000930015	0.00465086
156	0.0899824	0.00169518	0.0101018	0.0514647	0.00181098	0.00395851	0.0149438	0.0511691	0.0548533	0.0542443	0.0835196	0.0326333	0.0488321	0.293109	0.061875	0.0411552	0.0383391	0.0645421	0.00063056	0.00114062
157	0.0362269	0.0020321	0.342391	0.34426	0.00114211	0.0324106	0.00612031	0.00125576	0.00933453	0.00512904	0.0061565	0.044074	0.0265149	0.0636106	0.0127166	0.0429187	0.0175877	0.00450388	0.000613108	0.00100095
158	0.0152302	0.00398195	0.00199599	0.00251888	0.498503	0.00537253	0.00894573	0.0161474	0.00296908	0.0384049	0.00231582	0.0026621	0.00139253	0.00672456	0.0158688	0.00472282	0.0109665	0.00697483	0.0153728	0.338929
159	0.0752789	0.00196343	0.00811398	0.0523247	0.00224483	0.0043137	0.0126822	0.050486	0.0612108	0.0553939	0.0963358	0.0323056	0.0344566	0.305699	0.0552073	0.0332502	0.0489896	0.0675435	0.000846787	0.00135311
160	0.0363533	0.0109488	0.00172743	0.00574136	0.0371139	0.00187469	0.00290901	0.0994323	0.0125051	0.533821	0.131016	0.0015235	0.00104849	0.00331599	0.0127739	0.00437204	0.00719526	0.0949111	0.00060222	0.0008148
161	0.013884	0.00407469	0.00122649	0.00185228	0.50754	0.00542203	0.00148285	0.0156706	0.00187916	0.0367918	0.00130281	0.00164701	0.00117596	0.00569852	0.0154295	0.00375003	0.0103413	0.0058463	0.015406	0.349579
162	0.0918126	0.0250182	0.0273808	0.0279567	0.021595	0.0290397	0.0245958	0.0375246	0.0300893	0.107808	0.0232925	0.0591129	0.0196606	0.0284252	0.0335155	0.228771	0.115472	0.0545634	0.00423243	0.0101342
163	0.28529	0.0267219	0.0273543	0.0419026	0.0218831	0.0647477	0.0238654	0.035682	0.0340409	0.0465038	0.021346	0.0245333	0.0295173	0.0302414	0.03287	0.128833	0.0550195	0.0504483	0.00402872	0.015171
164	0.0935214	0.022241	0.0262244	0.0332546	0.0245239	0.0199961	0.021533	0.0446093	0.0385778	0.0482352	0.0242954	0.0397502	0.0234909	0.0304205	0.0376577	0.127796	0.263452	0.0652239	0.00416349	0.0110331
165	0.0149843	0.00433589	0.00148642	0.00207905	0.498835	0.00580806	0.00328256	0.0158134	0.00221093	0.0366148	0.00153625	0.00204397	0.00129472	0.00639442	0.0162915	0.00418026	0.0109081	0.00617494	0.0150433	0.350682
166	0.0653066	0.0110906	0.0122049	0.0312674	0.00983793	0.0143021	0.013957	0.0243247	0.0270937	0.0270916	0.0122151	0.0206764	0.346436	0.0382598	0.0290914	0.0832904	0.192895	0.0341239	0.00204319	0.00449198
167	0.00806232	0.0215536	0.00252223	0.00355871	0.0213292	0.00289654	0.00560261	0.218158	0.00413236	0.116963	0.16902	0.0150397	0.0301118	0.00415786	0.00428438	0.00784101	0.12031	0.242885	0.000558721	0.00101246
168	0.0854015	0.00279587	0.00231781	0.00350156	0.0263145	0.00344347	0.00820207	0.0345268	0.0364682	0.0159648	0.00895742	0.0124638	0.0203695	0.0280717	0.00829585	0.180348	0.459925	0.0601941	0.00114608	0.00129287
169	0.0276671	0.0171523	0.000405557	0.001034	0.00681678	0.00205261	0.0029103	0.396807	0.00167972	0.137613	0.0268123	0.000725756	0.0006725	0.000931638	0.00279181	0.00475756	0.0142523	0.35319	8.41429e-05	0.00164402
170	0.126222	0.00279259	0.0277228	0.101106	0.00144688	0.0108686	0.0314195	0.012463	0.164658	0.0327958	0.0158583	0.0565112	0.0247089	0.14934	0.115741	0.0667801	0.0246238	0.0318008	0.000906565	0.00223374
171	0.119918	0.00254379	0.128559	0.149086	0.0110925	0.0433252	0.0593292	0.00123662	0.0215422	0.00360686	0.00888424	0.0859427	0.00831412	0.0919517	0.0150261	0.153113	0.0628988	0.0027968	0.000468739	0.0303642
172	0.16462	0.0216159	0.0143726	0.0215991	0.191693	0.0328228	0.0384387	0.0316785	0.0282878	0.0621931	0.0227658	0.0182471	0.0167979	0.0237833	0.034645	0.0717564	0.0487459	0.0344172	0.00878132	0.112739
173	0.0958127	0.0517922	0.0127395	0.0130001	0.0164324	0.013841	0.0226227	0.0122699	0.108849	0.116092	0.202382	0.0107779	0.00751636	0.0136474	0.167942	0.0904771	0.02056	0.018415	0.0021318	0.00269945
174	0.047881	0.00174028	0.197658	0.237097	0.000846134	0.0210232	0.0316788	0.00265983	0.0792163	0.0144286	0.00348742	0.0751876	0.00831766	0.0780538	0.0708743	0.0696669	0.0432701	0.0152427	0.00034977	0.0013209
175	0.0279668	0.000670446	0.00123584	0.0110996	0.000588257	0.012254	0.0182489	0.00715827	0.474274	0.00981052	0.00807432	0.0206587	0.00125318	0.0348963	0.321729	0.0298211	0.0130511	0.00659703	0.000272213	0.000341004
176	0.0407029	0.00262834	0.0210306	0.0223347	0.157459	0.00378121	0.249333	0.0124048	0.0245779	0.0522961	0.0294511	0.0329877	0.00256523	0.0238085	0.00706463	0.0257342	0.0163073	0.0240532	0.0332894	0.218191
177	0.0232279	0.00581244	0.00057382	0.00519649	0.0379152	0.000745882	0.00147084	0.111752	0.0115762	0.548911	0.133775	0.000789538	0.00044031	0.00247845	0.0117101	0.00184673	0.00423675	0.0971737	0.000121559	0.000246641
178	0.0551805	0.00157154	0.0289918	0.0954977	0.00209518	0.0141281	0.0874851	0.00234819	0.113417	0.00542714	0.0020239	0.0910642	0.0260699	0.116004	0.179154	0.0828884	0.0588282	0.027561	0.000738515	0.00952557
179	0.0279342	0.00335346	0.130941	0.15316	0.0011483	0.0562782	0.0174775	0.00643153	0.135784	0.00812494	0.00161621	0.166755	0.00509958	0.0423255	0.064052	0.13793	0.0334938	0.00674897	0.000545934	0.00079873
180	0.352565	0.0368629	0.00363141	0.0210252	0.010363	0.0278488	0.00544379	0.00598941	0.00555718	0.0125413	0.00334515	0.00520669	0.259024	0.0144977	0.00662383	0.194001	0.0233847	0.00946524	0.000823125	0.00180104
181	0.0434434	0.003178	0.0210092	0.0227366	0.164549	0.00492436	0.237132	0.0134659	0.0278897	0.0493246	0.0291026	0.0308345	0.00306066	0.0245113	0.0106606	0.0291802	0.0173052	0.0229981	0.0305547	0.214139
182	0.0310284	0.0067179	0.0109157	0.270267	0.00718195	0.048563	0.0114262	0.133823	0.0499145	0.0165251	0.0111366	0.0131231	0.00999651	0.0985359	0.0182267	0.0608897	0.0583139	0.137099	0.00274131	0.00357429
183	0.0276918	0.0168864	0.000449386	0.00101988	0.00653256	0.00197454	0.00297597	0.399034	0.00184997	0.138043	0.0251042	0.000626314	0.000518483	0.000941861	0.00289687	0.00460702	0.0133086	0.353798	9.14119e-05	0.00164948
184	0.0453496	0.00693845	0.0549736	0.0447481	0.0106796	0.0664704	0.030317	0.00948174	0.0439832	0.0366511	0.00913879	0.195603	0.0112215	0.0295899	0.0377982	0.204736	0.128052	0.021425	0.0011962	0.0116455
185	0.0250069	0.00667437	0.000719259	0.00536151	0.0371273	0.00112104	0.00168647	0.113802	0.012298	0.53688	0.12771	0.00124391	0.000958103	0.00284605	0.0130999	0.00299816	0.00767435	0.102417	0.000132563	0.000241833
186	0.159907	0.0191815	0.0343025	0.0322751	0.0179147	0.0399107	0.0239651	0.0218472	0.0386642	0.0315664	0.0219781	0.0301989	0.0176345	0.0315272	0.0449826	0.06469	0.187296	0.0468095	0.125863	0.00948592
187	0.0551086	0.00940233	0.0331911	0.0742024	0.0274767	0.0134423	0.0177199	0.0679155	0.0314661	0.339808	0.0759415	0.0236654	0.0185303	0.0289271	0.0318022	0.0373659	0.0349597	0.0703038	0.00211537	0.00665563
188	0.0306812	0.00738986	0.00574956	0.00976316	0.0123101	0.0100344	0.0477442	0.00771261	0.307913	0.0873322	0.0521702	0.0138241	0.00508167	0.0226527	0.311678	0.0265066	0.0126627	0.0248962	0.00217754	0.00172038
189	0.0823503	0.00863752	0.0655866	0.124567	0.0144993	0.135517	0.0812831	0.00947586	0.0470127	0.0140851	0.00929992	0.0862157	0.0151294	0.0993127	0.0332595	0.0948896	0.0400172	0.0190864	0.00213952	0.0176358
190	0.0336014	0.0216979	0.000698542	0.000919188	0.00424721	0.00189648	0.00263421	0.390507	0.00102896	0.0753355	0.0133005	0.000870768	0.000632643	0.00113702	0.00394019	0.00436398	0.0122818	0.429264	0.000137092	0.00150524
191	0.0723044	0.00978871	0.0230933	0.0236975	0.00708301	0.0706985	0.020291	0.0113667	0.0996715	0.0232757	0.00832887	0.0600284	0.01267	0.0286496	0.184457	0.176422	0.138354	0.023495	0.00323797	0.00308763
192	0.0937137	0.00525816	0.0982896	0.160508	0.0083588	0.0272173	0.0476375	0.0119578	0.0525031	0.0187674	0.0137103	0.0701463	0.0216349	0.133931	0.0476034	0.110678	0.0431337	0.0203065	0.00177278	0.0128713
