empirical convergence probability test
obs     : 0.626479
mean    : 0.621935 +/- 0.00138633
z-score : 3.2777
pp      : 0.000412967
