empirical convergence probability test
obs     : 0.626479
mean    : 0.618277 +/- 0.00128271
z-score : 6.39411
pp      : 0
