1 0.02349860 0.00710433 0.00373964 0.00288371 0.00619311 0.00475943 0.00983144 0.00758774 0.00267408 0.05787180 0.70366194 0.00466294 0.04345040 0.02712360 0.00795364 0.00879811 0.01106580 0.00360301 0.01331170 0.05022500
2 0.03157660 0.02624900 0.00368639 0.00368973 0.00516555 0.02017420 0.01415320 0.00772777 0.00541673 0.01674990 0.02174350 0.00786288 0.00632535 0.00238589 0.76025402 0.02678590 0.02369910 0.00144613 0.00266176 0.01224640
3 0.00528277 0.00394322 0.00850627 0.13609598 0.00090963 0.00451944 0.00244178 0.79746988 0.00134668 0.00085412 0.00207904 0.00387729 0.00048186 0.00054077 0.00110802 0.02432760 0.00131688 0.00103997 0.00309868 0.00076013
4 0.03760191 0.00280728 0.00516075 0.00873578 0.00484091 0.00559677 0.00625470 0.00714240 0.00216754 0.12159303 0.06039992 0.01154490 0.02441491 0.01659850 0.00539557 0.01664200 0.02507271 0.00213900 0.00558725 0.63030416
5 0.02609571 0.06655524 0.02468741 0.03315842 0.00293557 0.04141172 0.03464932 0.01199711 0.00618828 0.02532331 0.01138281 0.61742734 0.01297951 0.00949263 0.00435755 0.02329231 0.02307641 0.00366209 0.00445504 0.01687221
6 0.03260580 0.00819571 0.00552351 0.00310004 0.00505217 0.00904958 0.00887467 0.00434595 0.00676271 0.56467792 0.08201529 0.01138910 0.03065560 0.02448940 0.00684897 0.02013290 0.02485580 0.00342771 0.00907223 0.13892498
7 0.07106479 0.01197930 0.01141640 0.01364740 0.01437740 0.00991722 0.01745500 0.03293569 0.01122510 0.01531560 0.01160370 0.01121410 0.00600705 0.00882481 0.01151470 0.67811287 0.03524519 0.00187907 0.00955464 0.01671000
8 0.03214348 0.00874721 0.00600176 0.00308436 0.00474032 0.00959959 0.00899371 0.00475260 0.00539629 0.56685773 0.08454716 0.01063020 0.03077179 0.02167129 0.00798906 0.02182399 0.02333229 0.00400730 0.00863697 0.13627294
9 0.02578181 0.06784123 0.02367791 0.03189041 0.00291262 0.04350462 0.03469751 0.01244731 0.00674032 0.02521491 0.01110850 0.61202726 0.01258671 0.00995189 0.00488592 0.02441211 0.02346451 0.00407434 0.00505298 0.01772711
10 0.01635821 0.02066291 0.01662971 0.00252180 0.00298872 0.00509294 0.00632950 0.00399427 0.02639702 0.01959781 0.03231222 0.00539470 0.00896792 0.06348134 0.00186177 0.02187991 0.01672901 0.00833039 0.70811343 0.01235641
11 0.02749530 0.06587469 0.02307960 0.03197660 0.00276405 0.04318429 0.03511720 0.01113800 0.00670746 0.02564630 0.01136990 0.61636591 0.01232020 0.00942000 0.00555445 0.02417780 0.02305750 0.00414913 0.00475545 0.01584620
12 0.01380481 0.00941417 0.00630827 0.00149718 0.00478744 0.00454521 0.00915435 0.00985196 0.01046821 0.03732662 0.05694583 0.00703085 0.00897647 0.70588741 0.00144364 0.01168321 0.01213931 0.00766932 0.05590333 0.02516241
13 0.02279859 0.00715197 0.03638199 0.65520779 0.00449908 0.02728259 0.08120897 0.03948789 0.01502280 0.00489313 0.00793239 0.02780129 0.00369738 0.00214715 0.00267941 0.02199119 0.01985209 0.00346535 0.00182836 0.01467060
14 0.02367210 0.00683058 0.03558680 0.65406703 0.00498005 0.02803400 0.07998260 0.04042440 0.01516550 0.00516874 0.00720326 0.02556090 0.00290484 0.00251496 0.00323760 0.02465670 0.01933030 0.00330431 0.00225621 0.01511910
15 0.02594070 0.67095303 0.00945658 0.00735638 0.00589291 0.02746930 0.02860410 0.00953294 0.01558280 0.01320730 0.02128460 0.06472620 0.01193050 0.01031160 0.01467080 0.02169580 0.01490920 0.00674341 0.01466210 0.00506973
16 0.07347219 0.00844544 0.01515580 0.03334429 0.00384324 0.00806499 0.00909827 0.74929988 0.00634534 0.00421040 0.01120560 0.00759195 0.00192167 0.00533338 0.00412831 0.03666559 0.01156920 0.00222467 0.00202806 0.00605174
17 0.03602320 0.00279085 0.00460674 0.00796395 0.00469891 0.00584225 0.00602798 0.00697574 0.00243187 0.12139799 0.05855419 0.01215270 0.02576470 0.01561020 0.00456342 0.01724390 0.02648860 0.00195362 0.00542027 0.63348894
18 0.00804280 0.74840362 0.00679206 0.00249018 0.00094562 0.14247393 0.00597973 0.00210385 0.01552829 0.00371631 0.02097479 0.01556229 0.00142747 0.00296211 0.00457265 0.00749246 0.00410570 0.00123672 0.00287888 0.00231057
19 0.03074400 0.02666990 0.01654930 0.05473130 0.00537840 0.03305750 0.69131604 0.01387100 0.00608169 0.01044600 0.01588150 0.02344990 0.00342505 0.00834138 0.00859545 0.02302560 0.01306300 0.00170776 0.00526955 0.00839566
20 0.00976511 0.00282415 0.00191253 0.00237882 0.00384090 0.03308378 0.01502819 0.00454456 0.01336379 0.00727948 0.66605966 0.00884699 0.01137599 0.00767708 0.16699791 0.00528821 0.00483731 0.00145317 0.01273219 0.02071019
21 0.06981617 0.01195790 0.01087860 0.01445989 0.01450419 0.00967127 0.01700869 0.03305539 0.01141510 0.01635859 0.01224730 0.01068850 0.00594434 0.00840131 0.01122050 0.68030774 0.03572159 0.00200044 0.00911482 0.01522769
22 0.02281220 0.00660064 0.00311971 0.00271667 0.00577939 0.00513993 0.00852717 0.00769119 0.00256960 0.05476970 0.71216701 0.00450927 0.04284930 0.02804240 0.00826888 0.00783151 0.01088170 0.00347502 0.01306380 0.04918490
23 0.02627300 0.06825891 0.02482030 0.03299401 0.00285656 0.04067791 0.03458891 0.01123270 0.00766849 0.02487740 0.01097180 0.61433910 0.01418940 0.00919219 0.00538173 0.02386860 0.02320330 0.00330662 0.00379945 0.01749960
24 0.07144123 0.00868964 0.01596711 0.03493432 0.00401010 0.00851599 0.00758326 0.74689332 0.00630651 0.00463579 0.01149270 0.00888579 0.00216308 0.00501978 0.00363940 0.03660482 0.01215341 0.00275061 0.00228224 0.00603088
25 0.03182881 0.00833125 0.00620885 0.00343010 0.00487358 0.01012340 0.00937731 0.00411793 0.00604934 0.56040316 0.08455062 0.01103340 0.03153101 0.02239371 0.00780410 0.02059121 0.02550211 0.00341279 0.00991226 0.13852504
26 0.61849260 0.01199979 0.01469389 0.01080539 0.01240779 0.01535359 0.01761139 0.05775006 0.01252759 0.02605358 0.02447188 0.01392289 0.01120329 0.00589665 0.01474869 0.06213666 0.02348608 0.00428787 0.00677053 0.03537978
27 0.03345789 0.02215269 0.01746039 0.00515804 0.00495400 0.00488326 0.00570146 0.00574237 0.01023660 0.07262638 0.13013596 0.02274089 0.52319083 0.01246600 0.00865132 0.01642939 0.02052359 0.00893788 0.01149610 0.06305498
28 0.03007040 0.02647010 0.01631070 0.05724240 0.00330459 0.03438940 0.69278804 0.01347360 0.00628972 0.00974535 0.01493430 0.02394070 0.00312904 0.00836771 0.00807052 0.02390930 0.01341820 0.00158395 0.00489105 0.00767091
29 0.00875272 0.00073259 0.00167845 0.00100385 0.00140878 0.00064129 0.00083130 0.00120137 0.00027454 0.28845482 0.02996788 0.00114570 0.01476739 0.01399509 0.00097394 0.00151982 0.00742398 0.00042156 0.00222634 0.62257860
30 0.02180491 0.01122890 0.00379232 0.00258492 0.00264828 0.02919111 0.20868507 0.00574011 0.01124930 0.61387721 0.01518861 0.01572341 0.00589754 0.00555510 0.00516730 0.01258340 0.01008910 0.00371680 0.00274168 0.01253490
31 0.07115652 0.00745081 0.01436241 0.03331031 0.00394677 0.00794652 0.00957497 0.74863426 0.00614411 0.00405629 0.01167730 0.00875300 0.00216430 0.00566034 0.00403644 0.03774991 0.01239440 0.00192403 0.00238165 0.00667562
32 0.03338619 0.00262395 0.00461113 0.00885777 0.00624411 0.00542618 0.00610654 0.00654599 0.00199885 0.12248095 0.06018938 0.01109610 0.02612489 0.01621059 0.00480080 0.01818629 0.02684859 0.00218439 0.00515057 0.63092676
33 0.01011590 0.00413092 0.00207083 0.00080336 0.00613320 0.00267843 0.00191555 0.00212295 0.00062333 0.30097389 0.51192181 0.00117212 0.05005748 0.01131920 0.00118235 0.00626992 0.01572569 0.00168270 0.00705052 0.06204988
34 0.00557078 0.19772692 0.00156302 0.00422338 0.00106556 0.01689529 0.01532869 0.00216469 0.00201371 0.00547297 0.00410835 0.00388169 0.00185868 0.00108808 0.70923570 0.00512355 0.01822239 0.00070551 0.00088370 0.00286736
35 0.00899266 0.00041901 0.00143861 0.00032197 0.00038809 0.00064860 0.00117181 0.00442193 0.00217705 0.03419310 0.02746620 0.00044232 0.00372149 0.78760004 0.00018016 0.00168235 0.00993950 0.00042359 0.10794401 0.00642751
36 0.06171392 0.03117461 0.03260321 0.02878501 0.00896373 0.01017120 0.02200391 0.02293361 0.54817119 0.02552401 0.01308650 0.01735451 0.01405280 0.02690121 0.00914005 0.03873581 0.02639011 0.00808127 0.04477872 0.00943461
37 0.06862921 0.01155440 0.01170730 0.01449450 0.01599670 0.01026060 0.01620360 0.03177790 0.01078150 0.01537830 0.01166030 0.01242000 0.00614493 0.00959950 0.01121650 0.67859210 0.03577861 0.00136338 0.00935214 0.01708850
38 0.01643900 0.02208590 0.01786030 0.00214501 0.00304334 0.00475301 0.00689501 0.00347309 0.02736880 0.01771450 0.03098240 0.00502512 0.00918928 0.06547240 0.00201108 0.02212810 0.01481820 0.00920710 0.70746997 0.01191840
39 0.02065012 0.71180855 0.01896671 0.00934930 0.00102844 0.02531132 0.00431174 0.00309384 0.12499610 0.00388919 0.00528449 0.00773243 0.00124717 0.00296683 0.00226370 0.00601168 0.00513867 0.00200966 0.04217843 0.00176161
40 0.01367820 0.00990585 0.00586516 0.00205405 0.00499468 0.00451456 0.00908697 0.00970593 0.00979525 0.03676660 0.06003881 0.00799805 0.00950900 0.70200008 0.00191092 0.01206140 0.01239830 0.00779686 0.05518951 0.02472980
41 0.05036679 0.03016589 0.01682040 0.02969919 0.00251005 0.62191987 0.05739439 0.01415910 0.00561415 0.01835930 0.01489890 0.05316849 0.00407543 0.00584007 0.01510230 0.01884680 0.01681620 0.00281873 0.00474988 0.01667410
42 0.01140030 0.00610232 0.00320321 0.00421102 0.00358401 0.01418240 0.00569376 0.02014070 0.00536047 0.00913810 0.01028120 0.00356612 0.00322171 0.09000761 0.00346770 0.73976407 0.01438450 0.00076589 0.03095560 0.02056930
43 0.01790841 0.02059131 0.01748651 0.00290276 0.00311277 0.00509095 0.00625172 0.00365003 0.02747041 0.01859071 0.03067691 0.00551717 0.00904130 0.06528852 0.00243420 0.02329701 0.01557830 0.00819350 0.70546721 0.01145030
44 0.02205059 0.00837033 0.00330801 0.00345882 0.00640906 0.00454194 0.00942136 0.00710379 0.00226433 0.05573758 0.71150281 0.00467635 0.04285189 0.02732419 0.00757860 0.00841219 0.01069370 0.00322599 0.01295340 0.04811509
45 0.01408390 0.00968809 0.00655281 0.00176458 0.00462079 0.00422730 0.01054890 0.00994324 0.01025230 0.03785929 0.05898459 0.00729748 0.00882954 0.70010488 0.00138783 0.01234980 0.01327530 0.00611581 0.05748029 0.02463330
46 0.02322650 0.00678135 0.00299688 0.00373734 0.00613116 0.00490072 0.00930817 0.00733677 0.00265075 0.05638760 0.71016604 0.00422003 0.04233500 0.02633680 0.00742134 0.00897092 0.01045550 0.00418052 0.01246950 0.04998710
47 0.05088272 0.03018271 0.01753811 0.03016001 0.00295129 0.62285521 0.05791812 0.01306780 0.00524518 0.01871681 0.01237370 0.05303212 0.00293906 0.00562483 0.01519851 0.01956281 0.01740551 0.00337758 0.00477053 0.01619741
48 0.00790263 0.00053373 0.00135336 0.00112499 0.00089369 0.00058070 0.00089662 0.00107176 0.00026075 0.24817800 0.02370620 0.00114917 0.01254550 0.01276740 0.00086204 0.00149070 0.00683907 0.00027488 0.00204380 0.67552500
49 0.04483459 0.00614249 0.00646505 0.00652900 0.00616246 0.01629700 0.00667128 0.02005599 0.00695884 0.00906537 0.00635890 0.00505819 0.00269249 0.00386327 0.00722550 0.68400279 0.14766196 0.00187771 0.00362639 0.00845076
50 0.02233831 0.00184063 0.02352891 0.72423433 0.00389082 0.01480231 0.15775507 0.00703115 0.01087131 0.00117904 0.00167588 0.00363701 0.00036552 0.00030469 0.00102151 0.00853460 0.01212671 0.00049319 0.00026010 0.00410891
51 0.03390230 0.00302270 0.00395607 0.00781156 0.00595430 0.00620272 0.00559005 0.00695520 0.00233686 0.12039399 0.06098549 0.01215460 0.02484910 0.01579710 0.00449903 0.01726960 0.02652740 0.00239741 0.00527459 0.63411994
52 0.06412613 0.03096001 0.03341722 0.02820451 0.00879179 0.00986913 0.02128641 0.02282361 0.54314524 0.02492461 0.01385111 0.01765371 0.01555221 0.02717311 0.00930466 0.03960322 0.02572961 0.00726450 0.04698302 0.00933617
53 0.03050539 0.00824897 0.00631727 0.00330032 0.00507207 0.00901186 0.00875621 0.00419941 0.00608116 0.56555089 0.08411988 0.01166540 0.03209309 0.02050710 0.00745577 0.02094400 0.02417680 0.00329988 0.00849358 0.14020097
54 0.00381706 0.01471750 0.77650898 0.00350756 0.00659812 0.00701109 0.00148624 0.00582243 0.00222696 0.00572353 0.00579902 0.00950431 0.12412900 0.00248844 0.00156065 0.00880138 0.00515905 0.00107036 0.00380232 0.01026600
55 0.62291121 0.01027520 0.01434580 0.00939762 0.01281450 0.01614411 0.01706351 0.05580852 0.01206090 0.02596181 0.02625681 0.01414490 0.01128660 0.00673418 0.01445440 0.06139272 0.02435591 0.00370167 0.00691600 0.03397361
56 0.01404850 0.00359480 0.00436737 0.00088001 0.00377097 0.00156496 0.00171701 0.00109940 0.00236468 0.54083517 0.09506163 0.00108789 0.18312006 0.00593237 0.00131595 0.00926899 0.00813303 0.00128130 0.00299785 0.11755804
57 0.07164642 0.01252320 0.01104530 0.01317280 0.01492990 0.01001410 0.01753471 0.03202331 0.01095210 0.01579040 0.01219760 0.01201920 0.00648506 0.00908708 0.01114340 0.67548020 0.03634091 0.00161227 0.01058690 0.01541510
58 0.00695313 0.00692658 0.00373086 0.00421199 0.00158643 0.00274225 0.00387886 0.00759172 0.00424976 0.01324240 0.00799579 0.00679004 0.00634634 0.00268861 0.00333541 0.01070450 0.71955285 0.00180894 0.00351460 0.18214896
59 0.01936020 0.01120840 0.00409104 0.00261491 0.00131149 0.00208669 0.00226476 0.00117117 0.00562679 0.29724407 0.04183351 0.00306938 0.52290013 0.00319185 0.00177904 0.00811781 0.00686518 0.00071597 0.00418548 0.06036211
60 0.02718611 0.06641732 0.02332501 0.03191931 0.00258043 0.04154181 0.03539341 0.01204690 0.00703938 0.02513881 0.01152030 0.61625917 0.01383530 0.00915898 0.00546391 0.02417121 0.02171951 0.00407427 0.00459755 0.01661130
61 0.01377450 0.00929774 0.00616620 0.00155344 0.00499346 0.00385200 0.01055650 0.00953751 0.00988749 0.03740551 0.06124052 0.00623966 0.00982161 0.70098318 0.00161334 0.01275620 0.01211650 0.00690739 0.05609021 0.02520701
62 0.05129470 0.03152110 0.01717950 0.03118390 0.00276732 0.61806806 0.05824731 0.01544970 0.00484142 0.01972120 0.01257650 0.05279180 0.00352813 0.00559401 0.01591090 0.01875330 0.01559760 0.00317732 0.00542701 0.01636920
63 0.03214430 0.00909180 0.00621093 0.00319509 0.00489386 0.00875426 0.00913280 0.00424149 0.00590354 0.56230392 0.08434909 0.01328680 0.03104970 0.02218730 0.00744447 0.02202590 0.02511770 0.00340387 0.00879123 0.13647198
64 0.02601819 0.01181620 0.69300778 0.03277849 0.00484316 0.01782079 0.01824919 0.02554829 0.01480380 0.01235990 0.01017300 0.03073019 0.01777319 0.00703365 0.00252316 0.02564679 0.02077109 0.00271346 0.01579159 0.00959809
65 0.00931316 0.00292348 0.00203461 0.00256716 0.00396369 0.00402628 0.00834885 0.01405200 0.00272092 0.08216270 0.61371601 0.00356571 0.03832900 0.00561527 0.00488299 0.01355220 0.16356600 0.00211907 0.00604860 0.01649230
66 0.02988538 0.02627679 0.01688389 0.05358437 0.00360117 0.03310338 0.69726163 0.01361219 0.00677130 0.00916876 0.01583509 0.02180019 0.00306002 0.00875402 0.00914307 0.02364149 0.01274139 0.00117159 0.00621267 0.00749163
67 0.02362049 0.00684749 0.03586748 0.65312569 0.00484665 0.02762589 0.07771206 0.04421548 0.01556839 0.00526203 0.00709762 0.02611549 0.00343860 0.00294586 0.00347573 0.02240209 0.01932309 0.00317199 0.00203321 0.01530469
68 0.56387098 0.00169569 0.01208500 0.00352205 0.00729716 0.00215161 0.00497938 0.02601730 0.01231460 0.00389922 0.01009690 0.00375881 0.00300599 0.00115173 0.00614634 0.30587199 0.02336960 0.00083243 0.00271593 0.00521729
69 0.04032059 0.01470710 0.01501370 0.01505310 0.00614124 0.01140650 0.01304570 0.01788270 0.01053380 0.03442169 0.02443980 0.02147510 0.01342880 0.01064670 0.01184300 0.05170699 0.62813590 0.00438087 0.00988495 0.04553179
70 0.03505690 0.02225770 0.01706350 0.00501399 0.00480131 0.00413315 0.00580747 0.00493252 0.01108270 0.07097170 0.13258000 0.02127770 0.52226400 0.01302500 0.00876454 0.01570480 0.02040120 0.00906102 0.01141520 0.06438560
71 0.00569680 0.10523590 0.01104639 0.03464007 0.00119335 0.08955531 0.02862857 0.00203044 0.00073615 0.03391947 0.00651596 0.62973039 0.00171700 0.00252689 0.00082805 0.02053998 0.01256979 0.00034366 0.00041146 0.01213439
72 0.01814849 0.00336783 0.01097309 0.56067265 0.00324802 0.03091178 0.05580466 0.04817137 0.00897792 0.00390461 0.00494364 0.01318669 0.00183202 0.00170435 0.00263197 0.20233587 0.01312329 0.00201425 0.00155901 0.01248849
73 0.02933361 0.02664951 0.01665631 0.05310412 0.00423330 0.03144371 0.70003830 0.01347451 0.00659066 0.01142100 0.01484171 0.02318651 0.00293890 0.00815920 0.00819332 0.02251491 0.01298221 0.00141176 0.00569125 0.00713518
74 0.02920321 0.02681401 0.01655051 0.05552732 0.00446946 0.03296431 0.69514926 0.01335741 0.00607196 0.00954020 0.01492461 0.02369611 0.00351455 0.00824571 0.00853943 0.02345711 0.01262870 0.00202519 0.00531705 0.00800387
75 0.01384710 0.00874493 0.00513880 0.00206892 0.00446997 0.00422114 0.00974864 0.00964244 0.00950563 0.03617070 0.06059711 0.00645413 0.00995872 0.70600009 0.00160844 0.01233140 0.01264210 0.00714311 0.05615391 0.02355270
76 0.62293024 0.01063890 0.01476761 0.01011260 0.01281950 0.01605651 0.01926691 0.05592592 0.01209080 0.02450451 0.02423021 0.01411681 0.01114120 0.00610512 0.01509251 0.06062792 0.02359131 0.00429380 0.00722729 0.03446031
77 0.02328931 0.00709997 0.00309515 0.00283372 0.00701106 0.00487740 0.00929365 0.00752665 0.00218483 0.05416093 0.70989035 0.00471505 0.04343132 0.02749491 0.00801406 0.00919982 0.01141991 0.00379605 0.01225821 0.04840762
78 0.04867420 0.03174670 0.01502170 0.02961580 0.00270294 0.62326596 0.05932300 0.01296520 0.00547948 0.01960560 0.01358220 0.05315010 0.00355211 0.00581150 0.01553360 0.01893640 0.01684680 0.00312446 0.00573907 0.01532320
79 0.38153394 0.00215585 0.01736550 0.00279080 0.01314180 0.00410807 0.00776636 0.03471919 0.01009410 0.00983087 0.00554992 0.00384496 0.00197919 0.00173428 0.00618660 0.33499895 0.15052098 0.00113790 0.00270238 0.00783838
80 0.36235803 0.00204135 0.00761040 0.00286943 0.01258560 0.00229685 0.00390580 0.00740753 0.01090460 0.00295313 0.00700394 0.00238870 0.00295209 0.00142466 0.01018340 0.52757104 0.02496110 0.00063730 0.00327970 0.00466534
81 0.00785004 0.05170981 0.01567860 0.03670440 0.00058205 0.04457491 0.03262330 0.00351368 0.00304059 0.06593861 0.00524572 0.68670308 0.00214589 0.00310262 0.00133913 0.02409980 0.01038720 0.00056461 0.00099759 0.00319836
82 0.01107130 0.00455119 0.00253870 0.00059043 0.00722622 0.00227229 0.00179030 0.00198794 0.00064450 0.43512092 0.36939294 0.00110739 0.04116859 0.00654031 0.00093646 0.00607968 0.01434910 0.00211473 0.00453884 0.08597818
83 0.01659761 0.01984291 0.01665641 0.00267908 0.00286370 0.00465817 0.00748781 0.00313614 0.02664121 0.01821211 0.03091781 0.00530696 0.00863398 0.06642093 0.00207030 0.02173001 0.01541591 0.00771328 0.71187627 0.01113940
84 0.05094708 0.03241149 0.01687879 0.02931939 0.00286033 0.62634981 0.05780248 0.01341660 0.00545468 0.01793529 0.01302880 0.05027888 0.00356187 0.00573391 0.01422430 0.01729229 0.01691629 0.00298185 0.00587626 0.01672959
85 0.02939841 0.02800521 0.01719371 0.05576902 0.00450970 0.03330831 0.69054421 0.01351940 0.00639535 0.00960208 0.01631690 0.02373511 0.00344092 0.00851800 0.00947153 0.02294601 0.01294820 0.00133670 0.00548833 0.00755289
86 0.00995276 0.00269244 0.00215067 0.00275504 0.00424629 0.00415119 0.00892390 0.01295490 0.00273579 0.08133960 0.61435596 0.00347750 0.03961590 0.00547078 0.00435100 0.01369230 0.16331999 0.00229619 0.00591481 0.01560300
87 0.00862908 0.00079221 0.00242048 0.00092468 0.00231842 0.00068802 0.00067199 0.00093968 0.00025358 0.37881892 0.03987949 0.00087568 0.01685450 0.01626910 0.00105597 0.00149449 0.00724566 0.00053021 0.00278195 0.51655590
88 0.02569751 0.67510022 0.00960018 0.00740819 0.00569127 0.02771551 0.02590611 0.00993580 0.01539451 0.01364560 0.01977451 0.06622192 0.01188570 0.01078100 0.01401680 0.02205171 0.01439670 0.00661036 0.01397630 0.00419007
89 0.06996182 0.01176730 0.01096630 0.01459220 0.01392760 0.00977517 0.01737250 0.03326261 0.01083890 0.01419910 0.01245250 0.01232230 0.00676886 0.00909283 0.01096330 0.67744317 0.03521701 0.00175449 0.01002570 0.01729630
90 0.02423220 0.00672773 0.03447551 0.65411712 0.00475732 0.02745731 0.08038822 0.04159761 0.01536120 0.00540572 0.00737064 0.02596730 0.00364883 0.00210245 0.00329110 0.02267400 0.01932390 0.00342798 0.00199734 0.01567650
91 0.03492891 0.00272375 0.00457925 0.00923974 0.00537807 0.00650798 0.00603243 0.00672985 0.00233970 0.12270403 0.05860512 0.01113170 0.02371741 0.01595780 0.00512778 0.01576480 0.02519781 0.00234521 0.00535747 0.63563117
92 0.02217710 0.00708184 0.00299051 0.00325693 0.00643486 0.00500555 0.00944816 0.00851113 0.00250102 0.05300260 0.71344406 0.00468946 0.04264450 0.02914350 0.00756575 0.00880941 0.01054310 0.00375960 0.01202580 0.04696510
93 0.02654909 0.06722818 0.02389159 0.03259579 0.00296127 0.04171089 0.03616489 0.01192870 0.00631327 0.02644909 0.01089220 0.61282886 0.01268360 0.00947303 0.00502323 0.02441019 0.02244399 0.00397064 0.00534279 0.01713870
94 0.01004530 0.00096426 0.00397873 0.00023586 0.00699710 0.00048806 0.00030341 0.00049072 0.00013293 0.59308109 0.14240002 0.00020006 0.03315821 0.00643517 0.00060204 0.00151253 0.00278104 0.00103024 0.00142920 0.19373403
95 0.02768352 0.01289091 0.68544738 0.03367782 0.00472422 0.01749231 0.01934241 0.02591131 0.01366821 0.01208451 0.01050261 0.03177032 0.01852961 0.00657996 0.00263260 0.02684161 0.02043311 0.00340137 0.01634981 0.01003641
96 0.02715320 0.06929610 0.02408010 0.03194710 0.00246751 0.04169220 0.03499730 0.01098780 0.00689379 0.02508060 0.01086500 0.61307199 0.01372380 0.00919734 0.00549805 0.02390480 0.02252140 0.00491960 0.00478603 0.01691630
97 0.00986568 0.00091553 0.00402422 0.00022537 0.00698428 0.00049466 0.00032628 0.00045769 0.00015430 0.58930222 0.14226305 0.00019661 0.03423061 0.00655131 0.00053741 0.00145324 0.00303043 0.00097333 0.00145671 0.19655707
98 0.02317470 0.00730793 0.00335921 0.00302527 0.00603551 0.00478768 0.00907099 0.00709453 0.00256761 0.05330090 0.71137998 0.00434145 0.04332140 0.02752170 0.00714340 0.00904972 0.01147290 0.00371493 0.01198890 0.05034130
99 0.01312781 0.00446863 0.76759842 0.00455506 0.00268542 0.00741287 0.00638829 0.01923531 0.00372748 0.00611610 0.00597771 0.01493601 0.00816784 0.00153765 0.00169376 0.10233006 0.01865701 0.00131593 0.00437563 0.00569298
100 0.01949850 0.04188659 0.01528320 0.02802199 0.00069259 0.03352299 0.09495938 0.00594510 0.00169189 0.02756929 0.00538215 0.68285883 0.00143626 0.00517788 0.00137504 0.01655960 0.01347420 0.00113923 0.00106215 0.00246315
101 0.02809590 0.02597990 0.01705470 0.05576791 0.00469244 0.03363971 0.69389910 0.01318330 0.00651763 0.00966411 0.01560820 0.02307760 0.00328528 0.00831286 0.00811874 0.02569650 0.01257970 0.00120846 0.00535270 0.00826523
102 0.00904598 0.04964709 0.01384280 0.02919730 0.00082524 0.03251420 0.02619570 0.00773961 0.00217151 0.03246750 0.00476390 0.69398691 0.00407143 0.00387280 0.00165381 0.06815709 0.01251850 0.00124363 0.00140627 0.00467875
103 0.02296971 0.00787681 0.00345274 0.00308691 0.00657699 0.00536125 0.00975148 0.00856761 0.00233163 0.05544142 0.70375022 0.00444694 0.04316641 0.02710391 0.00782329 0.00800904 0.01111260 0.00443570 0.01338010 0.05135522
104 0.07203429 0.00849404 0.01469110 0.03376859 0.00332293 0.00811709 0.00763937 0.74773289 0.00696096 0.00392832 0.01126350 0.00841109 0.00251610 0.00525615 0.00416446 0.03889209 0.01205470 0.00244820 0.00206175 0.00624239
105 0.70701532 0.00366446 0.01536101 0.00617925 0.00326960 0.00987125 0.11267305 0.00785383 0.00816539 0.00937092 0.00841498 0.01646341 0.00385535 0.00186643 0.01979611 0.01750171 0.01930061 0.00162738 0.00229621 0.02545371
106 0.03003881 0.02736111 0.01750751 0.05208552 0.00401022 0.03402771 0.69602424 0.01346950 0.00621309 0.01044880 0.01508091 0.02395891 0.00271028 0.00909259 0.00841773 0.02339231 0.01294900 0.00142385 0.00490970 0.00687819
107 0.03260182 0.00758803 0.00598637 0.00358043 0.00486683 0.00992008 0.00903548 0.00409710 0.00605120 0.56220827 0.08183054 0.01173691 0.03129372 0.02205091 0.00665559 0.02111461 0.02673161 0.00360484 0.00859157 0.14045407
108 0.03697038 0.03074148 0.01347409 0.01464879 0.00199532 0.00878585 0.00842814 0.01148289 0.01292409 0.01685569 0.03916298 0.01831989 0.03032798 0.04756718 0.00380799 0.01462639 0.01892839 0.62072469 0.03251498 0.01771279
109 0.00905187 0.00071852 0.00180884 0.00122567 0.00140736 0.00089097 0.00076540 0.00110422 0.00036073 0.29016797 0.03006060 0.00113148 0.01379160 0.01398050 0.00091738 0.00157201 0.00750709 0.00035689 0.00235798 0.62082293
110 0.03491432 0.02218811 0.01863931 0.00536409 0.00444402 0.00492955 0.00598854 0.00495247 0.01043911 0.07037524 0.12935207 0.02197131 0.52412429 0.01250341 0.00841188 0.01622091 0.02108541 0.00782999 0.01178671 0.06447924
111 0.02259339 0.00712139 0.00353220 0.00330525 0.00654732 0.00536586 0.00888861 0.00785928 0.00242408 0.05571617 0.70466967 0.00498891 0.04405418 0.02819889 0.00786434 0.00916489 0.01119939 0.00414274 0.01250079 0.04986268
112 0.02332980 0.00686995 0.00310265 0.00312794 0.00669787 0.00487031 0.01052270 0.00743955 0.00263681 0.05494450 0.70933494 0.00498524 0.04414700 0.02653590 0.00742987 0.00882313 0.01107500 0.00369077 0.01241230 0.04802380
113 0.07229589 0.01330430 0.01257000 0.01367470 0.01479030 0.00971076 0.01685020 0.03342329 0.01195330 0.01733680 0.01306570 0.01181130 0.00693527 0.00885965 0.01174140 0.66765788 0.03647589 0.00166840 0.00946400 0.01641100
114 0.04782689 0.03182659 0.01654410 0.02942769 0.00263110 0.62378584 0.05893558 0.01462870 0.00504495 0.01853780 0.01521690 0.05382949 0.00347676 0.00521336 0.01522040 0.01755250 0.01634530 0.00289386 0.00485263 0.01620960
115 0.03464540 0.00278473 0.00474799 0.00784869 0.00666220 0.00531059 0.00542315 0.00682404 0.00226877 0.12085900 0.06098660 0.01049590 0.02511270 0.01577790 0.00500582 0.01702670 0.02629530 0.00205543 0.00596107 0.63390801
116 0.07944414 0.01760541 0.01263251 0.01036431 0.60622233 0.00676689 0.01762961 0.01830831 0.00953779 0.01868221 0.04024372 0.00736575 0.00835407 0.01271041 0.01455781 0.06107303 0.01794621 0.00143526 0.00622371 0.03289652
117 0.04796990 0.03241270 0.01702430 0.03126470 0.00239412 0.62337604 0.05838740 0.01390780 0.00405767 0.02025960 0.01383690 0.05261530 0.00367066 0.00556880 0.01441720 0.01810520 0.01556820 0.00328411 0.00564817 0.01623120
118 0.50714502 0.00109545 0.00131210 0.00135089 0.00875453 0.00600213 0.00203458 0.32252601 0.00234520 0.00335682 0.00772907 0.00177649 0.00185528 0.00431985 0.00216538 0.03595390 0.08631320 0.00046889 0.00066794 0.00282726
119 0.02242030 0.00728000 0.00308906 0.00287454 0.00580636 0.00481875 0.00942834 0.00708974 0.00247313 0.05388541 0.71424111 0.00440804 0.04279951 0.02705260 0.00741348 0.00874852 0.01046990 0.00347668 0.01255100 0.04967351
120 0.61968395 0.01008620 0.01534800 0.00897540 0.01294850 0.01673140 0.01656620 0.05779070 0.01342340 0.02536350 0.02454060 0.01504120 0.01179030 0.00620213 0.01411040 0.06329829 0.02306680 0.00454647 0.00718428 0.03330230
121 0.62209709 0.01304490 0.01466610 0.01052140 0.01249790 0.01608050 0.01715930 0.05772801 0.01247380 0.02568050 0.02341320 0.01412140 0.01102750 0.00550415 0.01493240 0.06170041 0.02367640 0.00344459 0.00726021 0.03297020
122 0.07136670 0.00830699 0.01428910 0.03271110 0.00310210 0.00836790 0.00778399 0.75080305 0.00633258 0.00383846 0.01178790 0.00826470 0.00236976 0.00603006 0.00398983 0.03848350 0.01187830 0.00237054 0.00225701 0.00566641
123 0.02685459 0.00310741 0.00255121 0.00127609 0.00189590 0.00380035 0.00412362 0.00294582 0.00222781 0.61295984 0.03202219 0.00343831 0.00982419 0.01336910 0.00270424 0.04407639 0.16945096 0.00252480 0.00646001 0.05438719
124 0.03141440 0.00809938 0.00566839 0.00319883 0.00486535 0.00923754 0.00845028 0.00363889 0.00574386 0.56257101 0.08558190 0.01308280 0.03192830 0.02309180 0.00714545 0.02110700 0.02391510 0.00350712 0.00868460 0.13906800
125 0.01000690 0.00090137 0.00221600 0.00145253 0.00504142 0.00232359 0.00213225 0.00232549 0.00117368 0.07607031 0.28785503 0.00303698 0.01692980 0.02984150 0.00254557 0.00999035 0.01568270 0.00110314 0.00515132 0.52422006
126 0.03646711 0.02111001 0.01792821 0.00519396 0.00456066 0.00485175 0.00647569 0.00527650 0.01072030 0.07125602 0.13020904 0.02098091 0.52136118 0.01313810 0.00808663 0.01648391 0.02187741 0.00849937 0.01137780 0.06414542
127 0.06753882 0.01167860 0.01186620 0.01397830 0.01546340 0.00923257 0.01655260 0.03228061 0.01108370 0.01638150 0.01335890 0.01152690 0.00665281 0.00875989 0.01161110 0.67538419 0.03705131 0.00172709 0.00987346 0.01799801
128 0.02768371 0.01305150 0.68861223 0.03152291 0.00509768 0.01734361 0.01885231 0.02632501 0.01404810 0.01210400 0.01007010 0.03162231 0.01970901 0.00676732 0.00299423 0.02592571 0.01899791 0.00348967 0.01590921 0.00987346
129 0.02227599 0.00687742 0.00351742 0.00290729 0.00704998 0.00445976 0.00920031 0.00793312 0.00235508 0.05362819 0.71108984 0.00470015 0.04365869 0.02711499 0.00768794 0.00891320 0.01119210 0.00362836 0.01312910 0.04868109
130 0.00822874 0.00050768 0.00136005 0.00097109 0.00100423 0.00050999 0.00075338 0.00116335 0.00028378 0.25071014 0.02349961 0.00120216 0.01211811 0.01287421 0.00080827 0.00147051 0.00689069 0.00029372 0.00204792 0.67330237
131 0.02602070 0.66804703 0.01003620 0.00690934 0.00603559 0.02896510 0.02765890 0.01145520 0.01570650 0.01315180 0.02028390 0.06424910 0.01266390 0.01076110 0.01360440 0.02228470 0.01475820 0.00723060 0.01482880 0.00534892
132 0.02373551 0.00649157 0.00300100 0.00307822 0.00576025 0.00520165 0.00984331 0.00786090 0.00213053 0.05594521 0.70954616 0.00398346 0.04413851 0.02582391 0.00748540 0.00885375 0.01092290 0.00360394 0.01281950 0.04977431
133 0.02370530 0.00706863 0.03543210 0.65106803 0.00495339 0.02721010 0.08077530 0.04182170 0.01551810 0.00509531 0.00700882 0.02721880 0.00323820 0.00268620 0.00314491 0.02360820 0.01894340 0.00369962 0.00222468 0.01557920
134 0.01423289 0.00378440 0.00544796 0.00299288 0.00735092 0.00491126 0.00474200 0.00388165 0.00590430 0.02344019 0.22008489 0.00598705 0.01268959 0.07279037 0.00420877 0.18373191 0.01849469 0.00279973 0.00678776 0.39573681
135 0.02283099 0.00758522 0.00386869 0.00306485 0.00631488 0.00567453 0.00934417 0.00796431 0.00266175 0.05513979 0.71079083 0.00493173 0.04299629 0.02551519 0.00778604 0.00850287 0.01148530 0.00368800 0.01289870 0.04695589
136 0.01623670 0.02043940 0.01629160 0.00213542 0.00314315 0.00579739 0.00686670 0.00275409 0.02722901 0.01921370 0.03219411 0.00549864 0.00912859 0.06542551 0.00180205 0.02235460 0.01564820 0.00787226 0.70775715 0.01221170
137 0.02310060 0.00745299 0.00326890 0.00278288 0.00641220 0.00506345 0.00910843 0.00814648 0.00262167 0.05418260 0.70862694 0.00389508 0.04388400 0.02761180 0.00821083 0.00930559 0.01190330 0.00404008 0.01196220 0.04842000
138 0.01399029 0.00899094 0.00663919 0.00209572 0.00483461 0.00407627 0.01019880 0.00910116 0.01109600 0.03651699 0.05995818 0.00785496 0.00955967 0.70146273 0.00175795 0.01215250 0.01242580 0.00675832 0.05553388 0.02499609
139 0.07171872 0.00795990 0.01472810 0.03310341 0.00384035 0.00824877 0.00878325 0.74714217 0.00647044 0.00478296 0.01197000 0.00817709 0.00241186 0.00587572 0.00399401 0.03883721 0.01130650 0.00212626 0.00221926 0.00630400
140 0.01416819 0.00895489 0.00618275 0.00248939 0.00468857 0.00427637 0.00948526 0.00980512 0.01057570 0.03726259 0.06048478 0.00762765 0.00979532 0.69915274 0.00161713 0.01113390 0.01277900 0.00800272 0.05669828 0.02481969
141 0.01780380 0.01089050 0.01399210 0.09519488 0.00277459 0.00630520 0.00759315 0.00491053 0.01008320 0.02876389 0.02471840 0.01461260 0.62344988 0.00482088 0.00660013 0.01357740 0.01603230 0.00341555 0.00774326 0.08671778
142 0.03425389 0.00282813 0.00439616 0.00740158 0.00601891 0.00589222 0.00650625 0.00740771 0.00196524 0.12333897 0.06021769 0.01162020 0.02439969 0.01580120 0.00526000 0.01716260 0.02583419 0.00213341 0.00561213 0.63194985
143 0.07100201 0.00844835 0.01547280 0.03237021 0.00361787 0.00805789 0.00716674 0.74914114 0.00662245 0.00418460 0.01340900 0.00858658 0.00302305 0.00548829 0.00403466 0.03581311 0.01205430 0.00226331 0.00220592 0.00703770
144 0.60387762 0.00172286 0.01261899 0.00278625 0.00564501 0.00232196 0.00383617 0.02537458 0.01032419 0.00367448 0.01037649 0.00366123 0.00317283 0.00110880 0.00505416 0.27419283 0.02158049 0.00055039 0.00285077 0.00526991
145 0.05705985 0.00647936 0.10741391 0.00546698 0.16926985 0.00376762 0.00832110 0.01698029 0.00452015 0.00443388 0.00882601 0.00469060 0.00484237 0.00370596 0.00337661 0.55939951 0.01955448 0.00109155 0.00225341 0.00854654
146 0.01061320 0.00156297 0.00827568 0.00128690 0.00541286 0.00102730 0.00096919 0.00168867 0.00278505 0.16305205 0.39115111 0.00234063 0.12392104 0.02764261 0.00131596 0.00474048 0.00786261 0.00099072 0.01010690 0.23325407
147 0.27993311 0.00201864 0.00667241 0.00318861 0.01543721 0.00284685 0.00411214 0.00821312 0.01043350 0.00327846 0.00661652 0.00232815 0.00298851 0.00158661 0.01208770 0.60342524 0.02600141 0.00049163 0.00315830 0.00518185
148 0.03118122 0.00834651 0.00607590 0.00307965 0.00476814 0.00934879 0.00874943 0.00451419 0.00536946 0.56167728 0.08648774 0.01228661 0.03139712 0.02280741 0.00764947 0.02099231 0.02388431 0.00336611 0.00881826 0.13920007
149 0.02230229 0.00818014 0.00325150 0.00367350 0.00646516 0.00508110 0.00963493 0.00727076 0.00255570 0.05457288 0.70676770 0.00496706 0.04445278 0.02760249 0.00741236 0.00897492 0.01070560 0.00420160 0.01205319 0.04987438
150 0.04096471 0.02278541 0.00278518 0.00143318 0.00173007 0.00181017 0.00202192 0.00110093 0.00988742 0.02239201 0.26701907 0.01494830 0.56806016 0.00342223 0.00866942 0.00477093 0.00616689 0.00164101 0.00301777 0.01537320
151 0.03592361 0.02642761 0.00285868 0.00445585 0.00584889 0.02063111 0.01523731 0.00773007 0.00592418 0.01801331 0.02230161 0.00753760 0.00693885 0.00265395 0.74961327 0.02683141 0.02532021 0.00131101 0.00267966 0.01176180
152 0.02643361 0.67325522 0.01087130 0.00752608 0.00544401 0.02802051 0.02813981 0.01115220 0.01696741 0.01418160 0.01980641 0.06044972 0.01280280 0.00994559 0.01370040 0.02098241 0.01483740 0.00577830 0.01505390 0.00465130
153 0.03362761 0.02561111 0.00305623 0.00292320 0.00501496 0.02138891 0.01517320 0.00675062 0.00527014 0.01793121 0.02098171 0.00773223 0.00623720 0.00227419 0.75942721 0.02544791 0.02539431 0.00148746 0.00255109 0.01171950
154 0.01406250 0.00859875 0.00606330 0.00219825 0.00452161 0.00426369 0.01026510 0.00905701 0.01065030 0.03663511 0.06402851 0.00610466 0.00961443 0.69865711 0.00178136 0.01164730 0.01285210 0.00817338 0.05618301 0.02464250
155 0.46792824 0.00346311 0.00397818 0.00421069 0.02252931 0.01137341 0.00731363 0.23843112 0.00525242 0.00998222 0.00949136 0.00448807 0.00280212 0.00984214 0.11127706 0.02137731 0.01490011 0.00190101 0.00216135 0.04729712
156 0.02772660 0.01340480 0.68428305 0.03339720 0.00481910 0.01769240 0.01808020 0.02479870 0.01500690 0.01170070 0.00978467 0.03108160 0.01893970 0.00725134 0.00278575 0.02794980 0.02031170 0.00362817 0.01696650 0.01039110
157 0.01151421 0.00127740 0.00385752 0.00069045 0.00518177 0.00101071 0.00079159 0.00102825 0.00162143 0.08198525 0.64651941 0.00102310 0.09078096 0.03228682 0.00140039 0.00286743 0.00346159 0.00085664 0.01152201 0.10032306
158 0.01010379 0.00444946 0.00804412 0.00184275 0.00355747 0.00358492 0.00760458 0.00577950 0.00602552 0.01613659 0.03886528 0.00357124 0.13551892 0.67114959 0.00135017 0.00527582 0.00824160 0.00499065 0.03468368 0.02922438
159 0.00996597 0.00101715 0.00404266 0.00023542 0.00696520 0.00057711 0.00033134 0.00050855 0.00013343 0.58829808 0.14269002 0.00024025 0.03359570 0.00651838 0.00060059 0.00151801 0.00285548 0.00095921 0.00152342 0.19742403
160 0.03144502 0.01869391 0.20852211 0.02310731 0.00161161 0.02026961 0.17856109 0.03385762 0.00539582 0.01891451 0.00510158 0.38597720 0.00214042 0.00358202 0.00183383 0.02632681 0.02626191 0.00241491 0.00201474 0.00396795
161 0.01670979 0.02020739 0.01742809 0.00283848 0.00320641 0.00447885 0.00606242 0.00362894 0.02618539 0.01907519 0.03180378 0.00530191 0.00842220 0.06640677 0.00216553 0.02257759 0.01637079 0.00854244 0.70654766 0.01204039
162 0.01705391 0.02157701 0.01735531 0.00261707 0.00305960 0.00415447 0.00605182 0.00345936 0.02665971 0.01898551 0.03064451 0.00485966 0.00840106 0.06508562 0.00193629 0.02159501 0.01600921 0.00703815 0.71215923 0.01129750
163 0.62449334 0.01030621 0.01431881 0.00948024 0.01340291 0.01652281 0.01738551 0.05660253 0.01391951 0.02404821 0.02295251 0.01480291 0.01079151 0.00614103 0.01595301 0.06286493 0.02448191 0.00326672 0.00671378 0.03155162
164 0.03357369 0.00294595 0.00425984 0.00777683 0.00506193 0.00576440 0.00603616 0.00652099 0.00218437 0.12129697 0.05972608 0.01129430 0.02448069 0.01507020 0.00499636 0.01694710 0.02555079 0.00315519 0.00465036 0.63870782
165 0.02365811 0.00674081 0.03522391 0.65140119 0.00493164 0.02882361 0.07925032 0.04341451 0.01505820 0.00513514 0.00710342 0.02665851 0.00290148 0.00190119 0.00350297 0.02346791 0.01965971 0.00378225 0.00268951 0.01469560
166 0.03086872 0.00881350 0.00642653 0.00250079 0.00461140 0.00992117 0.00896803 0.00421345 0.00602336 0.56366641 0.08492776 0.01404931 0.03004302 0.02179262 0.00787031 0.02052511 0.02366862 0.00346222 0.00887557 0.13877210
167 0.04302999 0.00517774 0.00577924 0.02768049 0.00380484 0.00468579 0.00381961 0.52712285 0.01376080 0.00427765 0.00736656 0.00725879 0.00164102 0.00375919 0.00228660 0.32107791 0.01269370 0.00102666 0.00147289 0.00227771
168 0.03408589 0.00280840 0.00454096 0.00840744 0.00509299 0.00606675 0.00571079 0.00702017 0.00233889 0.12086695 0.06001107 0.01150110 0.02329609 0.01587399 0.00477249 0.01722259 0.02571089 0.00220501 0.00478884 0.63767873
169 0.04923639 0.03012409 0.01752100 0.03202369 0.00227710 0.62111883 0.05962548 0.01364730 0.00513186 0.01869609 0.01395880 0.05327779 0.00398324 0.00581895 0.01514570 0.01783200 0.01594280 0.00318978 0.00493354 0.01651560
170 0.02361450 0.00801444 0.00309629 0.00344067 0.00597643 0.00446326 0.00944393 0.00712314 0.00244012 0.05380571 0.70811808 0.00489469 0.04362951 0.02690600 0.00678082 0.00941457 0.01124630 0.00360292 0.01311740 0.05087121
171 0.02505451 0.67353918 0.01092350 0.00672751 0.00551523 0.02947591 0.02701451 0.01082860 0.01589090 0.01387310 0.01927291 0.06182782 0.01215900 0.01105920 0.01371720 0.02160951 0.01565130 0.00658161 0.01419120 0.00508729
172 0.00981635 0.00091887 0.00405910 0.00023557 0.00689778 0.00051378 0.00031660 0.00044730 0.00015599 0.59051713 0.14241703 0.00022131 0.03407201 0.00660064 0.00056900 0.00147551 0.00305628 0.00096000 0.00134470 0.19540504
173 0.02285351 0.00731106 0.03601952 0.65275128 0.00455539 0.02722501 0.08010413 0.04025322 0.01530021 0.00578542 0.00797417 0.02651981 0.00277251 0.00216444 0.00336060 0.02371591 0.01933741 0.00250940 0.00209738 0.01738961
174 0.02866751 0.02831891 0.01576510 0.05533961 0.00423929 0.03383081 0.69349816 0.01369710 0.00665827 0.01067900 0.01553410 0.02467801 0.00303302 0.00856031 0.00714316 0.02270231 0.01242570 0.00175532 0.00589524 0.00757906
175 0.02288230 0.00646191 0.03663760 0.65288197 0.00482197 0.02793690 0.07897330 0.03999090 0.01468480 0.00520475 0.00708129 0.02838560 0.00427182 0.00198738 0.00337670 0.02350550 0.01948990 0.00333404 0.00220498 0.01588640
176 0.02354201 0.00656670 0.03589961 0.65117224 0.00486044 0.02686161 0.08187843 0.03990861 0.01607771 0.00504456 0.00717540 0.02717351 0.00316424 0.00265577 0.00346249 0.02332611 0.02036111 0.00333372 0.00214021 0.01539551
177 0.03524191 0.00257856 0.00449347 0.00883583 0.00578720 0.00642425 0.00601444 0.00691049 0.00219601 0.11870403 0.05956672 0.01192840 0.02553401 0.01520560 0.00514086 0.01655720 0.02576201 0.00186383 0.00502997 0.63622518
178 0.20347725 0.00232346 0.00732460 0.00152904 0.34220642 0.00192270 0.00314626 0.01892362 0.00237979 0.00254127 0.00613114 0.00167922 0.00184617 0.00129539 0.00592349 0.36761345 0.02348573 0.00057951 0.00148021 0.00419126
179 0.02838162 0.00246163 0.00238469 0.00271310 0.00045497 0.80147746 0.13182508 0.00072222 0.00076658 0.00476184 0.00173556 0.00696715 0.00045320 0.00064779 0.00119337 0.00230721 0.00281365 0.00068664 0.00098195 0.00626428
