1 0.02622441 0.00326860 0.00359026 0.00062575 0.01197120 0.00515430 0.00251662 0.00454517 0.00112663 0.30875907 0.21301205 0.00381568 0.05443741 0.02840141 0.00280033 0.01763000 0.02252811 0.00378916 0.00737977 0.27842406
2 0.07610425 0.04161423 0.03755353 0.02987432 0.00818716 0.03064762 0.03378632 0.03916273 0.06375294 0.05293034 0.04822513 0.03044772 0.02036271 0.01996261 0.27319018 0.07214315 0.05578514 0.00717258 0.02798372 0.03111362
3 0.04986367 0.06051246 0.05370147 0.11670093 0.00890715 0.01983559 0.05775997 0.19582588 0.04770897 0.00831409 0.00839880 0.04822657 0.00289352 0.01808979 0.02476589 0.14643291 0.10380294 0.00596975 0.00561147 0.01667819
4 0.06872805 0.01076249 0.01408269 0.01135979 0.01305359 0.01031059 0.01593469 0.01019289 0.00545298 0.22157784 0.15066289 0.02010979 0.04627097 0.03022088 0.01059799 0.03983707 0.04502557 0.00434002 0.01427739 0.25720182
5 0.15818797 0.07063049 0.04098519 0.05865989 0.01265450 0.04562599 0.06435719 0.05123559 0.01930000 0.03118499 0.02810929 0.11015098 0.01478070 0.01865500 0.01985930 0.12249198 0.05430429 0.00495819 0.01046430 0.06340419
6 0.05969798 0.02920819 0.26237593 0.16659095 0.00939908 0.02858279 0.03945519 0.02480189 0.02195449 0.05239269 0.02661419 0.06420818 0.02012489 0.01399180 0.01448760 0.07184478 0.04841059 0.00491770 0.01027270 0.03066839
7 0.21272906 0.02735371 0.03049821 0.04088821 0.02851731 0.01857831 0.02894921 0.20234006 0.02710301 0.01494640 0.01191170 0.02185161 0.00463115 0.01159460 0.01880711 0.19514106 0.07645562 0.00669581 0.00414365 0.01686420
8 0.04591431 0.00899796 0.01110510 0.00463780 0.01300690 0.01656290 0.00895525 0.01029950 0.00798997 0.27634108 0.17026205 0.01323170 0.05262582 0.03182141 0.01480600 0.03122371 0.02818731 0.00544442 0.01398770 0.23459907
9 0.05736680 0.06507530 0.04293020 0.07381680 0.00431888 0.06794860 0.17841201 0.03940740 0.02568800 0.01895700 0.02313600 0.16318701 0.01669330 0.01694680 0.06911940 0.06282070 0.03785360 0.00337938 0.01390970 0.01903310
10 0.01183040 0.01198870 0.02018850 0.00243715 0.00581136 0.00655624 0.00473662 0.00789029 0.03960230 0.01997370 0.07310800 0.01402850 0.00944263 0.34582998 0.00289676 0.01496220 0.01546670 0.01855190 0.35053498 0.02416310
11 0.03525478 0.07873176 0.03952318 0.02877839 0.00616355 0.04946128 0.06221017 0.01191429 0.04450088 0.02823139 0.03864518 0.17931692 0.02726279 0.08625506 0.01086120 0.04059368 0.02666509 0.01383169 0.16523693 0.02656179
12 0.03172277 0.02110678 0.01979938 0.00724996 0.00927995 0.01459149 0.01289309 0.01749368 0.02298858 0.05497595 0.13059288 0.02474588 0.03052717 0.31345072 0.00599825 0.02727178 0.02703358 0.01717638 0.15955586 0.05154585
13 0.08473817 0.02078209 0.06626548 0.28258090 0.00521466 0.05835638 0.23591092 0.02296009 0.02547639 0.00489649 0.01048600 0.06038538 0.00300263 0.00427320 0.00685354 0.05767128 0.01745139 0.00163720 0.00553583 0.02552199
14 0.08695512 0.01923890 0.04127661 0.29397507 0.00545511 0.06307981 0.27144106 0.01652310 0.02445291 0.00385650 0.01055630 0.05429671 0.00207978 0.00297906 0.00592046 0.04993591 0.01475530 0.00092157 0.00547429 0.02682641
15 0.04041439 0.28956190 0.03748439 0.02550019 0.00848646 0.05175048 0.04197778 0.02366069 0.03970029 0.01670579 0.03295289 0.15869294 0.01848649 0.02232169 0.01570929 0.07660437 0.04559098 0.01465769 0.01644009 0.02330119
16 0.07984508 0.01490310 0.03856599 0.03707949 0.01063840 0.01564920 0.02115499 0.58621084 0.01500090 0.01242390 0.02020669 0.01781180 0.00543400 0.01056650 0.00997219 0.06083578 0.02429769 0.00330274 0.00520805 0.01089270
17 0.06813815 0.01244739 0.01433679 0.01172939 0.01321529 0.01054299 0.01605079 0.01032049 0.00602173 0.21946985 0.14939990 0.02076309 0.04554977 0.03038808 0.01098009 0.04059877 0.04534777 0.00437215 0.01470169 0.25562583
18 0.03127362 0.31274224 0.02795772 0.01654841 0.00291484 0.07860116 0.04927894 0.01104251 0.02906212 0.01304631 0.01863071 0.23267118 0.01114501 0.01166051 0.00710188 0.08176346 0.03339023 0.00385620 0.00729083 0.02002212
19 0.07236941 0.04244990 0.03128830 0.13473301 0.00499708 0.08599211 0.29951803 0.03335010 0.02534450 0.01389950 0.02934580 0.06421351 0.01261800 0.01182460 0.01416490 0.05135581 0.03150360 0.00405951 0.01002670 0.02694560
20 0.03929198 0.00450601 0.00620486 0.00189730 0.00997199 0.00686698 0.00690875 0.00955488 0.00220796 0.21085089 0.29809684 0.00729348 0.06604937 0.04635168 0.00411495 0.02069189 0.03140238 0.00322115 0.01375879 0.21075789
21 0.16192988 0.04234727 0.04065097 0.03647967 0.03042348 0.02851468 0.03369268 0.06725035 0.02431848 0.03438737 0.03240908 0.03368878 0.01728819 0.01735419 0.02420958 0.20379585 0.10576992 0.00642614 0.01468189 0.04438157
22 0.04049211 0.01317670 0.01033420 0.00602535 0.00826206 0.01380470 0.01741270 0.01528960 0.00823470 0.13419503 0.36326607 0.01253900 0.07657862 0.06692581 0.01257190 0.02364670 0.02763591 0.00480039 0.02419540 0.12061302
23 0.05208228 0.11601696 0.03970939 0.02867509 0.00773800 0.05209098 0.04886138 0.01255430 0.02691179 0.04525969 0.10355997 0.18619094 0.04118499 0.04147349 0.01424570 0.04638879 0.04407969 0.00551671 0.02407759 0.06338228
24 0.08154263 0.01513281 0.03863832 0.03725641 0.01123060 0.01539701 0.02025401 0.58383423 0.01512651 0.01226950 0.01916321 0.01821281 0.00538361 0.01021190 0.01011780 0.06248922 0.02427531 0.00320682 0.00511348 0.01114380
25 0.02713110 0.00505759 0.00447093 0.00120125 0.01131670 0.00875577 0.00496309 0.00676556 0.00317188 0.27976499 0.24808799 0.00443261 0.06115050 0.03569920 0.00440529 0.01861000 0.02149160 0.00402278 0.01030020 0.23920099
26 0.36930675 0.00832094 0.01664389 0.01079989 0.06339306 0.00775243 0.00944282 0.08694904 0.02301868 0.02543668 0.01792149 0.00740814 0.00709315 0.00857237 0.00976476 0.20958686 0.07740205 0.00435324 0.00434647 0.03248728
27 0.02473501 0.00541396 0.00546942 0.00173253 0.01099491 0.00820674 0.00420723 0.00431721 0.00797075 0.31221519 0.17523211 0.00484422 0.09718546 0.02676762 0.00674565 0.02226471 0.01878911 0.00903332 0.00772468 0.24615015
28 0.08580320 0.02150270 0.03829960 0.27549101 0.00534771 0.06513010 0.28954401 0.01736010 0.02314550 0.00396199 0.01126050 0.05290930 0.00237607 0.00334046 0.00659587 0.04887690 0.01633080 0.00092386 0.00527301 0.02652730
29 0.03312710 0.00368263 0.00546829 0.00124634 0.01271700 0.00500818 0.00216794 0.00329832 0.00172398 0.32758598 0.16362599 0.00590979 0.04807430 0.02170140 0.00713841 0.02078230 0.02384340 0.00409251 0.00712316 0.30168298
30 0.03433341 0.12713904 0.03827881 0.04761411 0.00292779 0.09056773 0.16822405 0.01871501 0.03144011 0.02179941 0.02250321 0.22401506 0.02175711 0.01977001 0.01219560 0.05265532 0.02492641 0.00362612 0.01541550 0.02209621
31 0.07888518 0.01534900 0.03863729 0.03761449 0.01057160 0.01528260 0.02111359 0.58931682 0.01516110 0.01179570 0.01887799 0.01793409 0.00539768 0.00989115 0.00997794 0.06152288 0.02412099 0.00331780 0.00486493 0.01036720
32 0.03593090 0.00394674 0.00543860 0.00143479 0.00897584 0.00669211 0.00728010 0.01049520 0.00180740 0.19740702 0.33694404 0.00534676 0.07110261 0.04969721 0.00401703 0.01798300 0.02803600 0.00308591 0.01338570 0.19099302
33 0.02998240 0.00473199 0.00379968 0.00100127 0.00804138 0.00833598 0.00851147 0.01039480 0.00253664 0.20122998 0.36505297 0.00341410 0.07652479 0.05247190 0.00364181 0.01576920 0.02006030 0.00318687 0.01300550 0.16830698
34 0.05577179 0.16621797 0.04347909 0.02716689 0.01105440 0.03759449 0.05159799 0.03583659 0.02797789 0.01969920 0.03539049 0.07705729 0.01665660 0.01512620 0.17935497 0.08390738 0.07647339 0.00723799 0.01387260 0.01852680
35 0.01031680 0.00736260 0.01754990 0.00158887 0.00666655 0.00617113 0.00342526 0.00882198 0.02163930 0.02441230 0.08617578 0.01191090 0.00989061 0.44478292 0.00218899 0.01132560 0.01409970 0.01520260 0.27050095 0.02596730
36 0.04936787 0.08755795 0.05056917 0.05173317 0.00749619 0.13295493 0.09779385 0.02641919 0.11115394 0.03473278 0.04721298 0.07858786 0.02541109 0.02888958 0.01384689 0.05920277 0.03788518 0.00519173 0.03426768 0.01972519
37 0.16331292 0.04220578 0.04102898 0.03638768 0.03022508 0.02845719 0.03410648 0.06681247 0.02472159 0.03438498 0.03175708 0.03384038 0.01761089 0.01789029 0.02417109 0.20385290 0.10436795 0.00697830 0.01412139 0.04376658
38 0.02666411 0.02374311 0.02608741 0.00893854 0.00755583 0.01383191 0.01464581 0.01095741 0.06077773 0.02976152 0.06627014 0.02416851 0.01606621 0.19123010 0.00797799 0.03122212 0.02357271 0.01895641 0.36656820 0.03100422
39 0.03965759 0.18008596 0.03500929 0.02566259 0.01640670 0.02307860 0.04643039 0.04331409 0.09541298 0.01570980 0.03069699 0.04421919 0.01336240 0.04669669 0.01021810 0.10501598 0.04458519 0.13968997 0.03196819 0.01277930
40 0.03098887 0.02029258 0.02033458 0.00740767 0.00936850 0.01469118 0.01315689 0.01745448 0.02306868 0.05516754 0.12778287 0.02457847 0.03026647 0.31391567 0.00623315 0.02716967 0.02679467 0.01760548 0.16152583 0.05219675
41 0.07950208 0.06591618 0.03891449 0.05857818 0.00889400 0.15616596 0.12397197 0.03919299 0.03167179 0.04555659 0.04375079 0.07874558 0.02325049 0.02248069 0.02508819 0.06551378 0.04253119 0.00451587 0.01847030 0.02728889
42 0.04287238 0.09014045 0.04948377 0.07729506 0.01200909 0.02411769 0.04731387 0.16048991 0.04854407 0.01284469 0.01653229 0.04879337 0.00735337 0.05711697 0.02083949 0.15745791 0.08193005 0.01189299 0.01864139 0.01433119
43 0.02665308 0.01688599 0.01881419 0.00471051 0.00686696 0.01389969 0.01088389 0.01174719 0.03566458 0.05117307 0.18233288 0.01435919 0.03177338 0.22441085 0.00551130 0.02033459 0.02160729 0.01570059 0.23495684 0.05171397
44 0.04199829 0.01410570 0.01080090 0.00641875 0.00811022 0.01384280 0.01669579 0.01645819 0.00823974 0.13243496 0.35925489 0.01348170 0.07548288 0.06815908 0.01151470 0.02425029 0.02780199 0.00565271 0.02456749 0.12072896
45 0.02692502 0.01038611 0.01162001 0.00214430 0.00644119 0.00996542 0.00936070 0.01312761 0.01189981 0.07478586 0.27186823 0.01054981 0.05255534 0.25866422 0.00438561 0.01536521 0.02078802 0.00845737 0.11460110 0.06610906
46 0.04057420 0.01348130 0.01085310 0.00634494 0.00826568 0.01410720 0.01678260 0.01520910 0.00847409 0.13343299 0.36285197 0.01215980 0.07611869 0.06896720 0.01175790 0.02342800 0.02729730 0.00498196 0.02526900 0.11964299
47 0.07986379 0.06752319 0.03832600 0.05913480 0.00922639 0.15534799 0.12395499 0.03875330 0.03093870 0.04573280 0.04533010 0.08009389 0.02289330 0.02207970 0.02357480 0.06587759 0.04170980 0.00423739 0.01797750 0.02742400
48 0.06367249 0.00505189 0.01253450 0.00288743 0.01443170 0.00610460 0.00456192 0.00558545 0.00349697 0.26008395 0.13990297 0.01526230 0.04461369 0.02311470 0.01050460 0.04392829 0.04558609 0.00326726 0.00986128 0.28554794
49 0.19829301 0.03392430 0.03051670 0.04515840 0.03086230 0.01634410 0.02720630 0.13193401 0.02951540 0.01419620 0.01019470 0.02132910 0.00491620 0.01267910 0.02010110 0.22036201 0.12075201 0.00645323 0.00413462 0.02112720
50 0.07709368 0.02803569 0.05044449 0.24494494 0.00649608 0.05739739 0.21704095 0.02332989 0.02745119 0.02556929 0.01944530 0.06684118 0.00884070 0.00896208 0.01026370 0.05719669 0.02767929 0.00297178 0.01034050 0.02965519
51 0.03271688 0.00352471 0.00525941 0.00113774 0.01261959 0.00494523 0.00208759 0.00321777 0.00169195 0.32819181 0.16494790 0.00560725 0.04836807 0.02171319 0.00678082 0.02043889 0.02385449 0.00412745 0.00693246 0.30183682
52 0.07756212 0.07699622 0.04766251 0.04977801 0.01352210 0.04558591 0.06161952 0.04947861 0.10475903 0.03150991 0.04404431 0.05440752 0.02152541 0.04974151 0.01765621 0.08392753 0.04882941 0.01379700 0.08390113 0.02369601
53 0.04611242 0.00889010 0.01149911 0.00487103 0.01315171 0.01609991 0.00829616 0.01015260 0.00784691 0.27649012 0.16880708 0.01276461 0.05275452 0.03348632 0.01431141 0.03097761 0.02836211 0.00551385 0.01444931 0.23516311
54 0.15990092 0.02475669 0.20399890 0.09258356 0.01721779 0.03483348 0.04226798 0.04183578 0.02088439 0.02880429 0.02547229 0.04050158 0.01531679 0.01317439 0.02154509 0.10444995 0.05090628 0.00551707 0.01220739 0.04382538
55 0.29182211 0.01840041 0.02467581 0.03019931 0.03028621 0.02717541 0.03637891 0.08485923 0.01973491 0.04059921 0.03944931 0.02478691 0.01447031 0.01560681 0.02597341 0.14136405 0.06018432 0.00631549 0.00982655 0.05789132
56 0.02854080 0.00350108 0.00463412 0.00100208 0.01246300 0.00513050 0.00213502 0.00283028 0.00167751 0.33721998 0.16652599 0.00463748 0.04857270 0.02120690 0.00646396 0.01920400 0.02118400 0.00425094 0.00649269 0.30232698
57 0.23520104 0.02005810 0.03244491 0.01291590 0.07167691 0.01844170 0.01062360 0.06071201 0.01985700 0.02595340 0.01867670 0.00973628 0.01193810 0.01002640 0.01680840 0.25233105 0.13400402 0.00415581 0.00713893 0.02729970
58 0.09832732 0.04801411 0.03155021 0.02427360 0.02032310 0.01805520 0.02677181 0.05866701 0.02297060 0.02204400 0.02489100 0.02076090 0.03827741 0.02273520 0.01722280 0.18098304 0.14740103 0.13667003 0.01773550 0.02232610
59 0.03147179 0.01182069 0.01101430 0.00411431 0.00849080 0.01285209 0.00983651 0.00820927 0.02191689 0.21805690 0.17543992 0.00967405 0.20619091 0.03742208 0.01388119 0.03454698 0.02451119 0.01949359 0.01064260 0.13041394
60 0.02969679 0.32963993 0.03141919 0.01785550 0.00280197 0.05315879 0.03248049 0.00755398 0.02372750 0.01065230 0.02303360 0.28440794 0.01586220 0.01455660 0.00704136 0.05305249 0.03258879 0.00509023 0.00926616 0.01611420
61 0.03093571 0.02967711 0.04885002 0.01072090 0.00787562 0.01649251 0.01320121 0.01311081 0.03069571 0.04531442 0.17166907 0.02898691 0.03882632 0.25253610 0.00792209 0.02601671 0.02765811 0.01035990 0.13877305 0.05037772
62 0.04672851 0.10504201 0.03497070 0.02637620 0.00461680 0.13359401 0.08966001 0.01266070 0.03819440 0.04503720 0.07516561 0.18911102 0.03561030 0.02999110 0.01140310 0.04346670 0.02819430 0.00304609 0.02041850 0.02671270
63 0.04674702 0.00949282 0.01134101 0.00495449 0.01315631 0.01529981 0.00901225 0.01083531 0.00798965 0.27511414 0.16908709 0.01294091 0.05359803 0.03307182 0.01474871 0.03117162 0.02800391 0.00581318 0.01355981 0.23406212
64 0.06460932 0.04378911 0.24517508 0.10102403 0.01275170 0.03545981 0.04232891 0.05284952 0.02717461 0.02620991 0.03125731 0.05724012 0.01934551 0.02309581 0.01774211 0.08557733 0.05296402 0.00636916 0.02290561 0.03213101
65 0.04589141 0.05683811 0.05708231 0.11531102 0.01318730 0.03465541 0.05562731 0.04329921 0.09340372 0.02904311 0.09491832 0.05244611 0.02010960 0.02292760 0.02052140 0.06956191 0.11440202 0.00722421 0.02221890 0.03133101
66 0.07253127 0.04230118 0.03069329 0.13418994 0.00509673 0.08574016 0.29806087 0.03348879 0.02495159 0.01422869 0.02961409 0.06314297 0.01329439 0.01210199 0.01415059 0.05232678 0.03240729 0.00397709 0.01060470 0.02709759
67 0.08718275 0.01936909 0.04145418 0.29258783 0.00543194 0.06291446 0.27175484 0.01648229 0.02433619 0.00385042 0.01048479 0.05438897 0.00194499 0.00310844 0.00601666 0.05053047 0.01488019 0.00082112 0.00543192 0.02702848
68 0.35584115 0.01070010 0.01564561 0.01422331 0.04255492 0.01333661 0.01674721 0.12008905 0.02355251 0.02022191 0.01441771 0.01036640 0.00417847 0.00801117 0.01386811 0.20089809 0.08226104 0.00476777 0.00287286 0.02544601
69 0.10279499 0.04162370 0.04122020 0.02609320 0.02808130 0.02874090 0.03200670 0.04169690 0.02092100 0.04778700 0.05465869 0.03455520 0.02385330 0.02526810 0.03119920 0.15530698 0.16279898 0.01081200 0.01680910 0.07377259
70 0.03327758 0.00972092 0.00940345 0.00363409 0.00988130 0.01204259 0.00897559 0.00747905 0.01347269 0.24123388 0.19693690 0.01010219 0.13673793 0.03771018 0.01038209 0.02929959 0.02482579 0.01244209 0.01141519 0.18102691
71 0.03100640 0.37341703 0.03068020 0.01252470 0.00397521 0.08240201 0.03739300 0.00950508 0.03987740 0.01106940 0.02243920 0.17843801 0.01176040 0.01289650 0.00760753 0.07259211 0.03233600 0.00421212 0.00830259 0.01756510
72 0.07326628 0.09333997 0.05068988 0.17074395 0.00970196 0.03863139 0.13077796 0.03515679 0.02582479 0.01574210 0.02434859 0.07858138 0.01369040 0.01157290 0.01189650 0.07941068 0.04742699 0.00458006 0.00880238 0.07581508
73 0.06506914 0.04445343 0.02331911 0.10152906 0.00288886 0.13074308 0.35154822 0.02945592 0.02322251 0.01248221 0.02216971 0.06266844 0.01430571 0.00811314 0.01084831 0.03868492 0.03065602 0.00132838 0.00745690 0.01905691
74 0.08103118 0.04366089 0.03835449 0.13476697 0.00735509 0.06690369 0.23779895 0.04665469 0.02721869 0.01293810 0.01852120 0.06658469 0.00903060 0.01132020 0.01478480 0.09749958 0.04104219 0.00524447 0.00939023 0.02989929
75 0.03078112 0.02070171 0.01960931 0.00734687 0.00945281 0.01503471 0.01280841 0.01734901 0.02346172 0.05570544 0.13241709 0.02475862 0.03112642 0.31401222 0.00582004 0.02655372 0.02669662 0.01638441 0.15823611 0.05174364
76 0.29129290 0.01839159 0.02474589 0.03080209 0.03001529 0.02654029 0.03586539 0.08287937 0.02001569 0.04102529 0.03951399 0.02442439 0.01503869 0.01606809 0.02611539 0.14181595 0.05947878 0.00674924 0.01080480 0.05841688
77 0.05804338 0.01481669 0.01580209 0.00771085 0.01439049 0.01367989 0.01575009 0.01700389 0.01232600 0.11128196 0.27871989 0.01963609 0.05748988 0.05226108 0.02047299 0.04083978 0.08169567 0.00655494 0.02037839 0.14114594
78 0.08641912 0.02122660 0.03764741 0.27503605 0.00472481 0.07796422 0.28469606 0.01509740 0.02449800 0.00422377 0.01157440 0.05466791 0.00266540 0.00293542 0.00603426 0.04602791 0.01441390 0.00070850 0.00513605 0.02430280
79 0.24666500 0.01413240 0.02385600 0.01506160 0.02677970 0.01076260 0.01848760 0.04372210 0.01304440 0.06048980 0.04847930 0.02557920 0.02217760 0.01770330 0.01696360 0.14948200 0.08249740 0.00274439 0.01078200 0.15059000
80 0.33678314 0.01287601 0.02083721 0.00978050 0.10817105 0.01082060 0.00785932 0.07316913 0.02234701 0.02443621 0.01975771 0.00956069 0.01028780 0.01015260 0.00969387 0.19649408 0.07834133 0.00515473 0.00700557 0.02647141
81 0.07417962 0.04511355 0.05489244 0.22455576 0.00444235 0.08199551 0.18905280 0.01882208 0.02730297 0.01137889 0.01534338 0.11558388 0.00961596 0.01032399 0.00908137 0.05524474 0.02038098 0.00162706 0.00904831 0.02201438
82 0.04363891 0.00787736 0.00854380 0.00279460 0.01398410 0.01133530 0.00864029 0.01128070 0.00754451 0.20146903 0.28833404 0.00924374 0.06399321 0.04375241 0.00656755 0.04238971 0.03482770 0.00372581 0.01416320 0.17589402
83 0.02661961 0.01637401 0.01850951 0.00486633 0.00697693 0.01356221 0.01128920 0.01166490 0.03518341 0.05066292 0.18013707 0.01414731 0.03122861 0.22617409 0.00540125 0.02046121 0.02151811 0.01580071 0.23805409 0.05136852
84 0.05163635 0.11928910 0.03669263 0.04380204 0.00393064 0.13311812 0.11508810 0.02001512 0.03194713 0.03259663 0.02879813 0.20525918 0.02362712 0.02207412 0.01352901 0.05253205 0.02740292 0.00296318 0.01557291 0.02012552
85 0.07230057 0.04193048 0.03149829 0.13536495 0.00494207 0.08592767 0.29928189 0.03368069 0.02540699 0.01393059 0.02884649 0.06344268 0.01287640 0.01142080 0.01421179 0.05187488 0.03183769 0.00398600 0.01018160 0.02705749
86 0.05781060 0.02760410 0.07477620 0.02312780 0.01700960 0.01960190 0.01778950 0.01444050 0.02658690 0.06789050 0.20913099 0.03403760 0.04816560 0.03880100 0.02288020 0.05743380 0.10511500 0.00634694 0.02202230 0.10942900
87 0.02877470 0.00330846 0.00449927 0.00083077 0.01260490 0.00446582 0.00150136 0.00237743 0.00128818 0.33914004 0.16125302 0.00492464 0.04745811 0.01998390 0.00477722 0.01916970 0.02232160 0.00399964 0.00603018 0.31129104
88 0.04072811 0.29048104 0.03668310 0.02537670 0.00837797 0.05140281 0.04110221 0.02384920 0.03822030 0.01675770 0.03345560 0.15932302 0.01901790 0.02298970 0.01570630 0.07683511 0.04561421 0.01415620 0.01632420 0.02359860
89 0.06721160 0.02913130 0.03796130 0.01522240 0.02266060 0.02726460 0.02055600 0.01868680 0.01903490 0.07710090 0.07802760 0.03057210 0.11418300 0.02664370 0.03530370 0.17496500 0.10117400 0.01434370 0.01678920 0.07316760
90 0.06281381 0.02229320 0.25541203 0.23626402 0.00582935 0.03715100 0.09685431 0.03055760 0.02087180 0.01139400 0.01693990 0.05507961 0.01032210 0.00753928 0.00838529 0.06557541 0.02734810 0.00357592 0.00674906 0.01904420
91 0.06808904 0.01147491 0.01424141 0.01108571 0.01289631 0.01039831 0.01546601 0.01066211 0.00560253 0.22017414 0.15072009 0.02021481 0.04614523 0.03042892 0.01031131 0.04022503 0.04559003 0.00441684 0.01462011 0.25723716
92 0.03097740 0.00559559 0.00485619 0.00145775 0.00931619 0.00957899 0.00798393 0.00977669 0.00321766 0.22047704 0.32376105 0.00498819 0.07128911 0.04854581 0.00422318 0.01792120 0.02209310 0.00349028 0.01316560 0.18728503
93 0.05267539 0.15370196 0.04632629 0.05120949 0.00591325 0.06045979 0.07749218 0.02648279 0.02721519 0.02588959 0.03263729 0.21299295 0.02278379 0.02789059 0.01423690 0.06018849 0.03913849 0.00521389 0.02027380 0.03727789
94 0.01871571 0.00299496 0.00248754 0.00037257 0.01223760 0.00446151 0.00111745 0.00232871 0.00079355 0.34991110 0.18217605 0.00220566 0.04963941 0.02160491 0.00202893 0.01553620 0.01703880 0.00406470 0.00521153 0.30507309
95 0.06513400 0.04473520 0.24658500 0.10037200 0.01295640 0.03565900 0.04191650 0.05196050 0.02739360 0.02660440 0.03082630 0.05778580 0.01928280 0.02290920 0.01766810 0.08443500 0.05269490 0.00613569 0.02178920 0.03315640
96 0.05701906 0.14776190 0.04718287 0.05134957 0.00715594 0.05328796 0.06972255 0.03603178 0.02609188 0.02419328 0.02564408 0.19033687 0.01698479 0.01963359 0.01443909 0.10591293 0.04933047 0.00492924 0.01297179 0.04002037
97 0.01843420 0.00303368 0.00252254 0.00038740 0.01223760 0.00451914 0.00106819 0.00237423 0.00077016 0.35108299 0.18104499 0.00212766 0.04970740 0.02138670 0.00202409 0.01538280 0.01679720 0.00407563 0.00520842 0.30581499
98 0.04113931 0.01357760 0.01085800 0.00612308 0.00791775 0.01378660 0.01652040 0.01574320 0.00807185 0.13299902 0.36452505 0.01244860 0.07675721 0.06818611 0.01139730 0.02298560 0.02702910 0.00529457 0.02442160 0.12021802
99 0.06743839 0.02828040 0.32570797 0.10228299 0.01606350 0.03083730 0.02311980 0.03047800 0.01959480 0.02114360 0.01759770 0.03987420 0.01298200 0.01119660 0.01472830 0.13250799 0.06675929 0.00481468 0.01047780 0.02411470
100 0.04034006 0.06392733 0.03584956 0.08013271 0.00249347 0.09598630 0.21764577 0.01444248 0.03025607 0.02258808 0.01956068 0.21480377 0.02103078 0.01888918 0.01066889 0.05034915 0.01828588 0.00201120 0.01582468 0.02491397
101 0.07331082 0.04279631 0.03106901 0.13353504 0.00509671 0.08536692 0.29992708 0.03335191 0.02463831 0.01379460 0.02943041 0.06399492 0.01273870 0.01223580 0.01393150 0.05137731 0.03179001 0.00413861 0.01034860 0.02712741
102 0.04928959 0.16819797 0.04275909 0.04269339 0.00596293 0.05662829 0.06741719 0.02888669 0.02521670 0.02256410 0.02413170 0.22460796 0.01612650 0.01939500 0.01270510 0.09760778 0.04387349 0.00471126 0.01266440 0.03456089
103 0.04049818 0.01378249 0.01084859 0.00604041 0.00800325 0.01410449 0.01745439 0.01493299 0.00868556 0.13467592 0.35927378 0.01253109 0.07575105 0.06930326 0.01097319 0.02315549 0.02723388 0.00490697 0.02621208 0.12163293
104 0.19803595 0.01333350 0.02993629 0.02374269 0.03995239 0.00982439 0.01371390 0.38118091 0.01841110 0.01607320 0.01498290 0.01155650 0.00476154 0.01099370 0.00833461 0.13185797 0.04927789 0.00407396 0.00434144 0.01561520
105 0.12668199 0.03019160 0.02826110 0.16120099 0.00650184 0.07693109 0.30473398 0.03788290 0.01828800 0.00832730 0.01613150 0.04170720 0.00505822 0.00567314 0.01274160 0.05433930 0.02759390 0.00237123 0.00599815 0.02938500
106 0.07373061 0.04256340 0.03167270 0.13451801 0.00526149 0.08494611 0.29829203 0.03406740 0.02495710 0.01382380 0.02871400 0.06333001 0.01248950 0.01157630 0.01406240 0.05202721 0.03197990 0.00404341 0.01059830 0.02734630
107 0.04607155 0.00946808 0.01179711 0.00514705 0.01300481 0.01684052 0.00929165 0.00999944 0.00816602 0.27369031 0.16980419 0.01396492 0.05332876 0.03250294 0.01412142 0.03162394 0.02839493 0.00535389 0.01473922 0.23268926
108 0.05464202 0.07278843 0.01998351 0.01457891 0.01001970 0.01192110 0.02359371 0.02295371 0.03019041 0.03805961 0.04887172 0.02125031 0.05507992 0.08140983 0.00992001 0.04619702 0.05457502 0.29411211 0.05930772 0.03054521
109 0.03339679 0.00359455 0.00543510 0.00129801 0.01255960 0.00498825 0.00239813 0.00335893 0.00179311 0.32611391 0.16450095 0.00594442 0.04831369 0.02183909 0.00709801 0.02074559 0.02390829 0.00413445 0.00720522 0.30137392
110 0.04753383 0.02859482 0.02307222 0.01167401 0.01110151 0.02512592 0.02313092 0.01438971 0.01680201 0.13202509 0.20231414 0.03190662 0.13485009 0.04909773 0.01521091 0.04320193 0.03839063 0.01878611 0.02001071 0.11278108
111 0.06978774 0.05436843 0.03298682 0.02490531 0.01405031 0.11460106 0.05529253 0.02622731 0.03369792 0.06223143 0.13606108 0.05429683 0.03614682 0.03129782 0.02336511 0.11188506 0.04602873 0.00541614 0.02203391 0.04531963
112 0.04163109 0.07777359 0.04176209 0.02320510 0.01069550 0.13666998 0.07633489 0.01710390 0.11428898 0.04871239 0.11807898 0.06378499 0.03574029 0.03643429 0.01239940 0.04553179 0.03434359 0.00545957 0.04025819 0.01979140
113 0.12456407 0.03614102 0.04018732 0.01965651 0.03851932 0.02510901 0.01627111 0.04643873 0.01688351 0.02317821 0.01687201 0.01752961 0.01572951 0.01104821 0.02647142 0.26886616 0.20728612 0.00534694 0.00834847 0.03555272
114 0.08089132 0.06451602 0.03868161 0.05982092 0.00939141 0.15593304 0.12380203 0.03782271 0.03164081 0.04604051 0.04545861 0.07830052 0.02311901 0.02138621 0.02516231 0.06560142 0.04252441 0.00419903 0.01770250 0.02800561
115 0.06872699 0.01159210 0.01465690 0.01162880 0.01299860 0.01034340 0.01595740 0.01047310 0.00571121 0.22006296 0.14971797 0.02050720 0.04555699 0.03063399 0.01085340 0.03934679 0.04508379 0.00417068 0.01482380 0.25715395
116 0.07402864 0.01308009 0.01735139 0.00607956 0.05786365 0.01409279 0.00611700 0.01636919 0.01147519 0.22298683 0.13105490 0.01229299 0.04211027 0.03123118 0.01132699 0.06313295 0.05577086 0.00503392 0.01514279 0.19345885
117 0.08010939 0.06579599 0.03781890 0.05942219 0.00920706 0.15752398 0.12384198 0.03800470 0.03063520 0.04611719 0.04467099 0.08077159 0.02313100 0.02183000 0.02481850 0.06455719 0.04200189 0.00421977 0.01782760 0.02769490
118 0.07066061 0.03436590 0.02281030 0.01328560 0.00864592 0.02138300 0.02201060 0.08667661 0.01984900 0.05028820 0.07565091 0.01750790 0.14197001 0.03772950 0.01394400 0.06009980 0.05722250 0.18563601 0.02591450 0.03434910
119 0.04070729 0.01328810 0.01067190 0.00612522 0.00817149 0.01360690 0.01634050 0.01591510 0.00822555 0.13404697 0.36286591 0.01217610 0.07638958 0.06855878 0.01129520 0.02292699 0.02752649 0.00481529 0.02444269 0.12190397
120 0.29276273 0.01814888 0.02471358 0.02901867 0.03011007 0.02672498 0.03524867 0.08427222 0.01989208 0.04066796 0.03975966 0.02455088 0.01509249 0.01547139 0.02622838 0.14130587 0.06066264 0.00666471 0.01028009 0.05842405
121 0.29456692 0.01805179 0.02439629 0.02895229 0.02988819 0.02682649 0.03486949 0.08514428 0.01964439 0.04150569 0.03882529 0.02441319 0.01462740 0.01496260 0.02675619 0.14091596 0.06042438 0.00630018 0.01015820 0.05877078
122 0.08064938 0.01485080 0.03858019 0.03703959 0.01099220 0.01564370 0.02164700 0.58646688 0.01507850 0.01203410 0.01827550 0.01749990 0.00549200 0.01015020 0.01004740 0.06262189 0.02413420 0.00336483 0.00492397 0.01050780
123 0.06912327 0.00601311 0.01380739 0.00348133 0.01501609 0.00754886 0.00545837 0.00775316 0.00456563 0.24986890 0.13995894 0.01539499 0.04498018 0.02454879 0.01380149 0.05132268 0.04701478 0.00350454 0.01060960 0.26622789
124 0.06640142 0.01305880 0.02397661 0.00677742 0.01080630 0.01819591 0.01350700 0.00961374 0.02374011 0.17375706 0.10908504 0.01509031 0.16454406 0.03059191 0.08525073 0.06887472 0.04097921 0.01321760 0.01522411 0.09730793
125 0.03929798 0.00355539 0.00605755 0.00156251 0.01287999 0.00516366 0.00329277 0.00566688 0.00150945 0.27382485 0.20255389 0.00873274 0.05250577 0.02932048 0.00340372 0.02298479 0.03512358 0.00340438 0.00912579 0.28003385
126 0.04651244 0.02817292 0.02401622 0.01157891 0.01064891 0.02475142 0.02338042 0.01409291 0.01612391 0.13170411 0.20720717 0.03159973 0.13333011 0.04942984 0.01465691 0.04268773 0.03801563 0.01938622 0.01935242 0.11335209
127 0.06604312 0.12371203 0.04998051 0.05779892 0.00940505 0.04931661 0.06792082 0.04455951 0.02703901 0.02460421 0.02495361 0.15546704 0.01584070 0.01914690 0.01626580 0.12855103 0.05829012 0.00551499 0.01324820 0.04234181
128 0.06518093 0.04384232 0.24922313 0.10272805 0.01274841 0.03538722 0.04232702 0.05025883 0.02721541 0.02671971 0.03059992 0.05758403 0.01903741 0.02296991 0.01812541 0.08355924 0.05113653 0.00589408 0.02291821 0.03254422
129 0.03101809 0.00545970 0.00460961 0.00128737 0.00915282 0.00915172 0.00795042 0.00961425 0.00317422 0.22262396 0.32274794 0.00491349 0.07041949 0.04817209 0.00418462 0.01769040 0.02208300 0.00346776 0.01287810 0.18940097
130 0.03036060 0.00348443 0.00457967 0.00093079 0.01266570 0.00466329 0.00174696 0.00259895 0.00136062 0.33485400 0.16201100 0.00529895 0.04767320 0.02049680 0.00512424 0.01972900 0.02284990 0.00404747 0.00633142 0.30919300
131 0.03983772 0.29034511 0.03733671 0.02608491 0.00807741 0.05147612 0.04178332 0.02394791 0.03894292 0.01670621 0.03285051 0.15907306 0.01838291 0.02254451 0.01504621 0.07610483 0.04534402 0.01514821 0.01734821 0.02361921
132 0.04170256 0.01358679 0.01097259 0.00579289 0.00804785 0.01407529 0.01617839 0.01624949 0.00875616 0.13443288 0.36047269 0.01280109 0.07539844 0.06713724 0.01146119 0.02388798 0.02777268 0.00529254 0.02449138 0.12148990
133 0.08692984 0.01933761 0.04110842 0.29366312 0.00544379 0.06302833 0.27024511 0.01684231 0.02463631 0.00393797 0.01075960 0.05425762 0.00204298 0.00305006 0.00608897 0.05060082 0.01468491 0.00104003 0.00539588 0.02690631
134 0.26350982 0.00898070 0.02072549 0.01150069 0.02005589 0.00927245 0.01583329 0.03732947 0.01000969 0.07370085 0.05324106 0.02496038 0.02770128 0.02017969 0.03640317 0.09366193 0.06722605 0.00308653 0.01521269 0.18740887
135 0.09587685 0.01121651 0.01366481 0.00847836 0.01105661 0.01677741 0.01804941 0.02490171 0.00815324 0.10285305 0.32107016 0.01555271 0.06786183 0.05452173 0.01035631 0.03984902 0.03819482 0.00440010 0.01903231 0.11813306
136 0.06071709 0.01160500 0.01822330 0.00717441 0.01020380 0.01059880 0.01273350 0.01054580 0.02173990 0.08331508 0.11070798 0.01962780 0.03104629 0.16289397 0.01338920 0.03150289 0.03739539 0.01315290 0.19636296 0.13706397
137 0.04057688 0.01351119 0.01140259 0.00646657 0.00816619 0.01422089 0.01720839 0.01643679 0.00887244 0.13393992 0.35933079 0.01282219 0.07528466 0.06781626 0.01209639 0.02367119 0.02724518 0.00500967 0.02507189 0.12084993
138 0.03117080 0.02125360 0.01976170 0.00709851 0.00955196 0.01478090 0.01297260 0.01793830 0.02290960 0.05494750 0.13129600 0.02465890 0.03051550 0.31238100 0.00622194 0.02700900 0.02622330 0.01747090 0.16055000 0.05128800
139 0.16496909 0.02511351 0.03459202 0.04324292 0.02141991 0.01799161 0.02698991 0.33431618 0.02418701 0.01264871 0.01139191 0.02203361 0.00394562 0.01066191 0.01609511 0.15015108 0.05731493 0.00567087 0.00385137 0.01341271
140 0.03355999 0.00676212 0.00558960 0.00119781 0.00794083 0.00941858 0.00871177 0.01270070 0.00448197 0.16145797 0.33762794 0.00630393 0.07244089 0.11323898 0.00418554 0.01699710 0.02327730 0.00387322 0.03442579 0.13580798
141 0.16166111 0.01954711 0.02676702 0.01313751 0.07773526 0.01706091 0.01032241 0.02556802 0.01351631 0.08542136 0.09220037 0.02338092 0.07489115 0.02974672 0.01546781 0.09385987 0.07304015 0.00915930 0.01981961 0.11769708
142 0.03314928 0.00364379 0.00528464 0.00112368 0.01270629 0.00510913 0.00224619 0.00327621 0.00179536 0.32622779 0.16505990 0.00596633 0.04832837 0.02195289 0.00650478 0.02093669 0.02427478 0.00402904 0.00691808 0.30146681
143 0.08165600 0.01502910 0.03835680 0.03732620 0.01042230 0.01610400 0.02249080 0.58310602 0.01519050 0.01171100 0.01878980 0.01830920 0.00524755 0.01056140 0.01041450 0.06222660 0.02430220 0.00319137 0.00524365 0.01032100
144 0.21620494 0.02043709 0.04903409 0.14229596 0.02210229 0.03502379 0.10105197 0.06033168 0.02311059 0.01554760 0.01264020 0.03718989 0.00505219 0.00786754 0.01384540 0.14730196 0.05062409 0.00497317 0.00597838 0.02938719
145 0.27326517 0.01330621 0.02431082 0.02151991 0.04524373 0.00846534 0.01377201 0.25168016 0.02243831 0.01458251 0.00900927 0.00975332 0.00273300 0.00862524 0.00909439 0.18790512 0.06337104 0.00472451 0.00232656 0.01387341
146 0.02274399 0.00319306 0.00365788 0.00059880 0.01222989 0.00465592 0.00109968 0.00184163 0.00127652 0.35475979 0.16422590 0.00289092 0.04815827 0.01937479 0.00537902 0.01649989 0.01728179 0.00429611 0.00551035 0.31032582
147 0.33279219 0.01464451 0.02190061 0.01668911 0.04391073 0.01401611 0.01692331 0.08498145 0.02296501 0.02339261 0.01579251 0.01308921 0.00676178 0.00857131 0.01302611 0.22555813 0.08296485 0.00450559 0.00513635 0.03237852
148 0.10541099 0.03134390 0.03050560 0.03633239 0.00826345 0.06031799 0.12504598 0.14939998 0.02467750 0.05883429 0.07797169 0.04970099 0.02476700 0.02590410 0.01866460 0.07252799 0.04457039 0.00718059 0.01399640 0.03458420
149 0.03114083 0.00551922 0.00462347 0.00131761 0.00931229 0.00928559 0.00800034 0.00950022 0.00305075 0.22040824 0.32514035 0.00484178 0.07082258 0.04884165 0.00423888 0.01810502 0.02197932 0.00341353 0.01321811 0.18724020
150 0.03068771 0.00681860 0.00510644 0.00141599 0.00826510 0.00867818 0.00785437 0.00957288 0.00334127 0.21129509 0.32826713 0.00434877 0.09052904 0.04859422 0.00461926 0.01769611 0.02046661 0.00498503 0.01213310 0.17532507
151 0.06846579 0.02402050 0.02245280 0.01279220 0.00692049 0.02550770 0.02208470 0.02416070 0.01302590 0.03929540 0.05548580 0.02184300 0.01227280 0.00994041 0.48101196 0.05974709 0.05880879 0.00375939 0.01007430 0.02833030
152 0.04134360 0.29319101 0.03694180 0.02537840 0.00807097 0.05185690 0.04161660 0.02304040 0.03867540 0.01645630 0.03244460 0.16181500 0.01863170 0.02172550 0.01451570 0.07558860 0.04507620 0.01419320 0.01634820 0.02308990
153 0.06686009 0.02398860 0.02185530 0.01256670 0.00693183 0.02537840 0.02241930 0.02323210 0.01246950 0.03971439 0.05660849 0.02149290 0.01235350 0.01021730 0.48460091 0.05853939 0.05928099 0.00368323 0.00927132 0.02853579
154 0.03662213 0.01198361 0.01131481 0.00335294 0.01124041 0.01467161 0.00851874 0.01260281 0.01275731 0.14718914 0.18078817 0.01792572 0.04948795 0.22361521 0.00562792 0.02454702 0.02664843 0.00802008 0.07851687 0.11456911
155 0.35715687 0.01130100 0.01969329 0.01445389 0.04497008 0.01262610 0.01499659 0.09130677 0.02303049 0.02361629 0.01518539 0.01151240 0.00602584 0.00775704 0.01277400 0.21622092 0.07627097 0.00437974 0.00427363 0.03244869
156 0.06514351 0.04192080 0.25140703 0.10299901 0.01295630 0.03533780 0.04144130 0.05061671 0.02783950 0.02575530 0.03101450 0.05532171 0.01819330 0.02335000 0.01818040 0.08532951 0.05240771 0.00600959 0.02337660 0.03139940
157 0.05441363 0.00467670 0.00666983 0.00206775 0.00667836 0.00935145 0.01032461 0.02460971 0.00212439 0.11985907 0.38460522 0.00662028 0.09003205 0.06472394 0.00496096 0.02159811 0.03248202 0.00367551 0.01825831 0.13226808
158 0.01420620 0.00883714 0.01654310 0.00166768 0.00564969 0.00725602 0.00493403 0.01000050 0.02237280 0.03324950 0.14004802 0.01034690 0.01865970 0.38233704 0.00253803 0.01132230 0.01544400 0.01540750 0.24452103 0.03465880
159 0.02191261 0.00315799 0.00338644 0.00056122 0.01234901 0.00425916 0.00089062 0.00174341 0.00104832 0.35639622 0.16270810 0.00306545 0.04750803 0.01887921 0.00436570 0.01639511 0.01744651 0.00421309 0.00523559 0.31447819
160 0.03637568 0.20357289 0.10373894 0.03560428 0.00905779 0.09496535 0.05627737 0.02282059 0.05593507 0.01697429 0.03034938 0.12552393 0.02001359 0.02139939 0.01516969 0.06991336 0.04302268 0.00406476 0.01983429 0.01538669
161 0.02669009 0.02300759 0.02632479 0.00958775 0.00787361 0.01419520 0.01479260 0.01051310 0.05988009 0.03026479 0.06707448 0.02465209 0.01579460 0.19170295 0.00818499 0.03138649 0.02437239 0.01947580 0.36287591 0.03135069
162 0.02788720 0.02249490 0.02569710 0.00967540 0.00782949 0.01493230 0.01501790 0.01046800 0.05947140 0.03047820 0.06738990 0.02457920 0.01603160 0.19000599 0.00896734 0.03166730 0.02497880 0.01909900 0.36113299 0.03219600
163 0.14798691 0.02971228 0.03027248 0.14755691 0.00883617 0.06862886 0.23634585 0.04975057 0.02095649 0.01338519 0.02124239 0.04691657 0.00766365 0.00819979 0.01518729 0.06911936 0.03135298 0.00389469 0.00782161 0.03516998
164 0.03304368 0.00353000 0.00539091 0.00115047 0.01251619 0.00505659 0.00225607 0.00322804 0.00176280 0.32760481 0.16493190 0.00555002 0.04844097 0.02170079 0.00694320 0.02049659 0.02378559 0.00404598 0.00708260 0.30148283
165 0.16535105 0.02424811 0.06519382 0.12981104 0.01469030 0.03898341 0.06703212 0.03696331 0.02207831 0.07280792 0.03336761 0.05008451 0.01898231 0.01577660 0.02848121 0.08543572 0.04972701 0.00668021 0.01417560 0.06012982
166 0.02953062 0.00758252 0.00704132 0.00246083 0.01091531 0.01018181 0.00633892 0.00578356 0.00878573 0.28143116 0.19081511 0.00774661 0.10225406 0.03196892 0.00806150 0.02502081 0.02191531 0.00935559 0.00950517 0.22330513
167 0.09518302 0.04956351 0.04515021 0.08255542 0.01012750 0.04216801 0.12618903 0.17143704 0.03120151 0.00968323 0.01019850 0.04903411 0.00441685 0.01393100 0.02114651 0.14385703 0.06402242 0.00941211 0.00516107 0.01556190
168 0.09954353 0.04714707 0.03172328 0.02981828 0.00948671 0.02590698 0.04871677 0.01261999 0.01195109 0.06779965 0.06869125 0.10167693 0.03138758 0.02354328 0.00915361 0.06667856 0.07678135 0.00343843 0.01427979 0.21965585
169 0.08080342 0.06558012 0.03774151 0.05954042 0.00895013 0.15672905 0.12595304 0.03774861 0.03072291 0.04545871 0.04523381 0.07848282 0.02356721 0.02170541 0.02433811 0.06540472 0.04145861 0.00404868 0.01816451 0.02836821
170 0.04012291 0.01333980 0.01186410 0.00658607 0.00813434 0.01372130 0.01645451 0.01607090 0.00834320 0.13315404 0.36156211 0.01228550 0.07588852 0.06820152 0.01324430 0.02358741 0.02746151 0.00505708 0.02472581 0.12019504
171 0.04048882 0.29107617 0.03652142 0.02555542 0.00797340 0.05138033 0.04284623 0.02374881 0.03838492 0.01658491 0.03329062 0.15873010 0.01894821 0.02203111 0.01553231 0.07691695 0.04550533 0.01438431 0.01642221 0.02367841
172 0.03666418 0.00367436 0.00529212 0.00132479 0.01102250 0.00590144 0.00472758 0.00775872 0.00148201 0.24575989 0.26069288 0.00657147 0.05984987 0.03753268 0.00337992 0.02004499 0.03081889 0.00317564 0.01072720 0.24359889
173 0.08011818 0.02935249 0.08166187 0.24702592 0.00719464 0.05154368 0.17548895 0.04977738 0.02713489 0.01036130 0.01771519 0.05824258 0.00804515 0.00872465 0.01069120 0.06756078 0.02971679 0.00368044 0.00888283 0.02708109
174 0.07297452 0.04250031 0.03139361 0.13367504 0.00505212 0.08506952 0.29775108 0.03418111 0.02547241 0.01370470 0.02938341 0.06356912 0.01265750 0.01179490 0.01377350 0.05219201 0.03211291 0.00412210 0.01057110 0.02804901
175 0.08713423 0.01964091 0.04136391 0.29214509 0.00546601 0.06275592 0.27116608 0.01661211 0.02437421 0.00397663 0.01084590 0.05451732 0.00214696 0.00299045 0.00601961 0.05051362 0.01484910 0.00099307 0.00538386 0.02710501
176 0.07867485 0.02958008 0.07919205 0.24692385 0.00725691 0.05177667 0.17987589 0.04884627 0.02703028 0.01008869 0.01722229 0.05863197 0.00780543 0.00898149 0.01026839 0.06809766 0.03019268 0.00374607 0.00883067 0.02697778
177 0.06899687 0.01234199 0.01414459 0.01180109 0.01295979 0.01051100 0.01654939 0.01011970 0.00554870 0.21900590 0.14986293 0.02105139 0.04529918 0.03014589 0.01118160 0.04045338 0.04545968 0.00408934 0.01425869 0.25621889
178 0.36717598 0.00754999 0.01763670 0.00756126 0.07046900 0.00706556 0.00644640 0.08403810 0.02340360 0.01993660 0.01270590 0.00495417 0.00490228 0.00616687 0.00752988 0.23761599 0.08593890 0.00375976 0.00329998 0.02184310
179 0.03346849 0.04631309 0.02264290 0.02104560 0.00227377 0.17030597 0.28642796 0.02160530 0.03884189 0.02564110 0.03838689 0.10359798 0.05904929 0.01901740 0.01043620 0.03114430 0.03586049 0.00197558 0.01259050 0.01937530
