1 0.03341950 0.00484462 0.00419724 0.00074981 0.01225530 0.00582809 0.00385667 0.00479783 0.00131507 0.27872302 0.24582701 0.00315263 0.05449990 0.02976860 0.00713565 0.00955571 0.03025750 0.00436372 0.00947210 0.25598002
2 0.10452192 0.03972137 0.03332158 0.02848968 0.01008729 0.03054598 0.03302928 0.04588277 0.07141255 0.02941058 0.04787236 0.03934457 0.01427149 0.01319269 0.26210080 0.09164753 0.04048217 0.00424035 0.02373778 0.03668727
3 0.06714352 0.04846302 0.09423053 0.13259604 0.02379161 0.02282191 0.05188082 0.15277005 0.03113891 0.01400110 0.01684671 0.03866241 0.00556806 0.00762449 0.02244281 0.12813904 0.10621903 0.00235331 0.00465763 0.02864901
4 0.06818825 0.01245781 0.01263691 0.00984027 0.01558481 0.01214671 0.01670971 0.01285741 0.00706381 0.23026018 0.15273912 0.01483391 0.04092713 0.03043232 0.01579211 0.03496073 0.04630554 0.00618866 0.01469641 0.24537819
5 0.14018502 0.07487061 0.05497581 0.04120690 0.01973210 0.05414251 0.06131551 0.04562241 0.02741680 0.03043570 0.03013200 0.12105601 0.01565430 0.01668540 0.02290550 0.08947231 0.09125481 0.00549949 0.01062220 0.04681461
6 0.06331562 0.03621721 0.04819311 0.15767704 0.01182500 0.03771891 0.06974122 0.03653251 0.03237431 0.07559932 0.04725131 0.04012441 0.01518840 0.01264880 0.11379803 0.06886382 0.06676642 0.00412154 0.01640070 0.04564231
7 0.07509230 0.07501240 0.04694040 0.05878230 0.00854510 0.12567500 0.20018599 0.01870230 0.03285100 0.02860490 0.01309350 0.09078570 0.00917437 0.01553140 0.02636010 0.09793710 0.03789050 0.00311566 0.01036320 0.02535680
8 0.04704730 0.01116480 0.01182920 0.00528018 0.01343440 0.01552620 0.01377120 0.01360040 0.00625769 0.27064899 0.17249600 0.01129810 0.04644650 0.02860960 0.01245850 0.02217740 0.03721330 0.00600565 0.01485460 0.23988000
9 0.06278902 0.08785802 0.03455731 0.05593381 0.00239581 0.13396203 0.24239506 0.01433980 0.03829821 0.03447151 0.01155830 0.14192203 0.01047460 0.01568410 0.01027080 0.04933781 0.01781080 0.00242297 0.00880138 0.02471661
10 0.00873853 0.01439649 0.00828568 0.00170275 0.01041589 0.01277839 0.00365038 0.00496688 0.03994348 0.01954359 0.08048466 0.01011430 0.02984169 0.30471385 0.00334477 0.01244279 0.01838189 0.02531329 0.36839682 0.02254389
11 0.03551021 0.08591213 0.02709291 0.01208320 0.01107870 0.02396911 0.02626971 0.01521661 0.04571492 0.03203551 0.10886004 0.10706404 0.03286381 0.09543404 0.01555211 0.02763221 0.02797521 0.02545521 0.20909208 0.03518821
12 0.02660539 0.01801399 0.01513199 0.00505012 0.01062359 0.02479819 0.01294749 0.01598959 0.01861349 0.05030077 0.13775693 0.01597239 0.02864719 0.33654182 0.00747490 0.02428939 0.02007429 0.01455889 0.16009992 0.05650967
13 0.06946251 0.02478340 0.11770601 0.24718603 0.00513337 0.05287001 0.21189803 0.03064430 0.01518020 0.00968998 0.01778410 0.05400011 0.00501677 0.00691431 0.01579150 0.04941761 0.03791130 0.00080872 0.00825953 0.01954220
14 0.06877923 0.01903691 0.03674191 0.30055912 0.00422475 0.04385002 0.30632012 0.01588571 0.00926975 0.00566587 0.00889405 0.06958563 0.00207335 0.00213125 0.01921371 0.04181832 0.02080781 0.00070994 0.00400905 0.02042351
15 0.04474262 0.25593309 0.04561702 0.02123321 0.00939976 0.04790922 0.05595512 0.02606971 0.03624861 0.02009211 0.03775181 0.18491306 0.02015641 0.02081181 0.02126201 0.05406502 0.04087251 0.01430320 0.01800591 0.02465781
16 0.07860009 0.01678090 0.05140739 0.04017120 0.01643200 0.01570900 0.02596750 0.56223294 0.00966355 0.02200010 0.01523650 0.01439530 0.00504449 0.01319600 0.01145980 0.05995199 0.02132180 0.00275559 0.00416558 0.01350830
17 0.06776799 0.01252770 0.01265920 0.01064400 0.01550640 0.01182370 0.01660880 0.01265700 0.00750858 0.23047996 0.15309997 0.01504540 0.04084639 0.03069759 0.01582350 0.03430379 0.04553429 0.00642909 0.01426770 0.24576896
18 0.06869355 0.11851609 0.03486863 0.02243252 0.00955776 0.14466710 0.18503013 0.01512101 0.03614523 0.02935352 0.01158011 0.10586008 0.00940227 0.01444511 0.03571773 0.09342977 0.03080212 0.00274361 0.00889727 0.02273642
19 0.07519703 0.05159812 0.04534842 0.13846806 0.00559477 0.06947273 0.25230510 0.03016661 0.02237981 0.02385741 0.02354251 0.08140543 0.01072830 0.01431991 0.02203851 0.05969892 0.02961321 0.00499352 0.01049130 0.02878031
20 0.03736039 0.00719373 0.00496051 0.00157710 0.01129100 0.00703215 0.00490416 0.00836454 0.00197681 0.19601096 0.35796493 0.00393626 0.06876859 0.04851709 0.00834817 0.01100740 0.02487700 0.00366417 0.01072510 0.18151996
21 0.11584594 0.05340207 0.03509568 0.02434459 0.01716919 0.04388558 0.03839548 0.04990347 0.02394779 0.02679529 0.03470908 0.03048188 0.02028749 0.01008459 0.19255990 0.16840591 0.06110707 0.00280541 0.00913341 0.04164018
22 0.04092304 0.01521871 0.00965230 0.00511020 0.01044781 0.01131541 0.01171791 0.01380811 0.00568219 0.14675714 0.37604536 0.01017771 0.07090967 0.06508156 0.01462011 0.01797032 0.02156522 0.00445707 0.02059402 0.12794612
23 0.02536639 0.32530881 0.04453377 0.00929728 0.00413291 0.03051678 0.03165058 0.01054359 0.03604908 0.01225019 0.05539637 0.27409484 0.01731059 0.01747719 0.00933332 0.02662918 0.02939728 0.00493316 0.01696959 0.01880909
24 0.07887708 0.01742299 0.05147228 0.04013119 0.01677859 0.01639650 0.02620499 0.55976283 0.00955289 0.02198489 0.01567240 0.01469300 0.00561006 0.01310250 0.01106500 0.05916168 0.02156789 0.00302126 0.00421569 0.01330630
25 0.06627089 0.01165030 0.01731440 0.00614214 0.02842430 0.01242120 0.01080440 0.00998349 0.00693843 0.21680698 0.13474599 0.01108710 0.05328579 0.03072110 0.01893080 0.03752430 0.09403889 0.00329854 0.01821600 0.21139498
26 0.32851702 0.01543160 0.01944670 0.01458570 0.04124840 0.01494580 0.02508820 0.09972321 0.01985280 0.02517750 0.01901270 0.01150690 0.00714667 0.00895536 0.02266420 0.20185301 0.06850730 0.00257162 0.00657879 0.04718650
27 0.04223547 0.00926557 0.00687794 0.00123220 0.01666539 0.00984023 0.00504771 0.00902349 0.00405477 0.16373989 0.30803079 0.00552954 0.07782795 0.08607364 0.01094039 0.01527559 0.03963437 0.00606021 0.03193298 0.15071190
28 0.07015969 0.01974870 0.03283420 0.29070097 0.00418517 0.04271290 0.32094797 0.01492910 0.00802763 0.00532794 0.00893641 0.07131889 0.00199163 0.00230492 0.01970890 0.04268080 0.01954520 0.00060869 0.00377060 0.01955970
29 0.03591243 0.00425464 0.00475121 0.00108650 0.01214981 0.00644139 0.00502286 0.00344040 0.00181527 0.33144023 0.15433611 0.00432848 0.04115763 0.01779741 0.00756797 0.01147871 0.03281892 0.00542014 0.00900266 0.30977722
30 0.06677794 0.07256975 0.03910253 0.09169126 0.00514103 0.09113856 0.23122115 0.02302721 0.03010532 0.02502122 0.01413331 0.12346508 0.00897279 0.01357971 0.01885071 0.07842035 0.02743892 0.00284663 0.00992012 0.02657642
31 0.08028789 0.01649680 0.05108459 0.04021600 0.01658840 0.01621400 0.02646930 0.55914493 0.00988629 0.02249240 0.01585590 0.01451350 0.00497113 0.01290540 0.01097130 0.06010819 0.02160260 0.00258922 0.00419558 0.01340660
32 0.03469199 0.00708184 0.00402948 0.00103831 0.00979626 0.00709870 0.00422119 0.00859889 0.00158031 0.18519393 0.39194585 0.00321993 0.07251077 0.05136328 0.00733535 0.00908578 0.02057089 0.00358479 0.00955655 0.16749594
33 0.03219959 0.00732022 0.00392401 0.00081937 0.00880750 0.00744862 0.00389299 0.00914550 0.00166540 0.18598496 0.40809591 0.00273574 0.07494038 0.05004099 0.00736469 0.00907318 0.01681660 0.00373131 0.00835908 0.15763397
34 0.07940840 0.12354100 0.03419850 0.02424980 0.02285800 0.08911770 0.04854730 0.04004810 0.02179480 0.01756180 0.02808910 0.03651950 0.01941760 0.00766015 0.15031700 0.15879400 0.06508500 0.00241468 0.00838576 0.02199180
35 0.00663241 0.00833436 0.00515312 0.00115470 0.00759963 0.02008228 0.00256149 0.00471406 0.01674728 0.02520757 0.11262089 0.00491319 0.02226028 0.45380255 0.00303690 0.01027009 0.01084069 0.01016629 0.24094676 0.03295547
36 0.04492879 0.20480398 0.04403549 0.01843020 0.00777032 0.05111099 0.05303139 0.02577000 0.11482299 0.01571440 0.02629890 0.14719998 0.01737660 0.03162150 0.01647030 0.05426049 0.03107720 0.01605110 0.05681199 0.02241340
37 0.11146800 0.02251400 0.05952750 0.01901130 0.02365760 0.03474490 0.02379910 0.04216740 0.01219970 0.01779070 0.01484160 0.01442090 0.01097380 0.00799756 0.01637990 0.26842300 0.24898600 0.00244631 0.00792154 0.04072920
38 0.02523380 0.02460330 0.01980280 0.00850989 0.01321200 0.01537010 0.01301180 0.00997978 0.05268510 0.03108020 0.07144080 0.02144580 0.03228760 0.19546499 0.00846219 0.02716500 0.02711860 0.02822850 0.34315498 0.03174280
39 0.04878921 0.09187432 0.05363511 0.01851790 0.00677488 0.03538851 0.02978071 0.03285181 0.18661104 0.01442570 0.01899110 0.06275011 0.01177980 0.05728941 0.01812220 0.08976992 0.02182280 0.01806220 0.16751704 0.01524620
40 0.02601941 0.01765231 0.01479730 0.00509354 0.01069640 0.02479441 0.01376570 0.01640831 0.01830151 0.05136272 0.14049905 0.01595311 0.02885951 0.33648511 0.00763993 0.02459321 0.02030141 0.01359330 0.15596705 0.05721672
41 0.06936902 0.10464218 0.04768838 0.04410127 0.00669046 0.14110024 0.14444324 0.02311494 0.03989517 0.03371476 0.01835483 0.15545226 0.01201682 0.01892843 0.01496813 0.05504629 0.02723875 0.00374318 0.01246082 0.02703085
42 0.12508097 0.02448319 0.03490179 0.02727009 0.01830200 0.01042650 0.02696999 0.34149791 0.01004060 0.01637200 0.01929920 0.01916700 0.00795034 0.06356968 0.01121680 0.18301295 0.03196289 0.00579031 0.00596030 0.01672550
43 0.02371422 0.03532703 0.02597802 0.00945322 0.00936049 0.01665441 0.01051051 0.01573631 0.11757509 0.01290061 0.04337623 0.02828282 0.02599692 0.14976412 0.00873572 0.03406373 0.02205122 0.03185513 0.36475429 0.01390991
44 0.03736489 0.12919296 0.02561899 0.01193420 0.00859187 0.02172959 0.03138719 0.01589350 0.01965859 0.07812898 0.24989493 0.07857988 0.06633878 0.04042839 0.02506449 0.03350169 0.03062039 0.00679343 0.02228399 0.06699328
45 0.01927570 0.00833960 0.00530966 0.00191189 0.00787188 0.01860760 0.00449217 0.00879763 0.00769253 0.06722310 0.23472098 0.00556467 0.03985550 0.33950398 0.00588819 0.01215100 0.01313160 0.00582205 0.12532199 0.06851830
46 0.04113970 0.01527050 0.00981357 0.00559533 0.01040050 0.01148690 0.01189990 0.01386720 0.00558711 0.14641500 0.37530000 0.01048040 0.07126270 0.06452980 0.01421100 0.01787830 0.02162190 0.00453609 0.02016810 0.12853600
47 0.06421884 0.05617994 0.06299444 0.02550342 0.01047211 0.13774810 0.07664095 0.02035281 0.03194072 0.06870325 0.08882266 0.06022314 0.08135796 0.03550552 0.02120551 0.04573603 0.03830923 0.00991742 0.02110401 0.04306393
48 0.03059091 0.00390186 0.00386341 0.00056119 0.01178640 0.00560013 0.00384220 0.00318389 0.00107311 0.32201208 0.18718205 0.00314757 0.04565041 0.02054221 0.00616885 0.00860104 0.03074941 0.00482623 0.00859896 0.29811808
49 0.19275424 0.03219634 0.04142035 0.04013465 0.03941515 0.01250822 0.03017024 0.12992816 0.01716252 0.01446282 0.01587982 0.02124133 0.00874560 0.01071311 0.01908372 0.21621426 0.11879914 0.00332946 0.00421284 0.03162804
50 0.06528668 0.01776439 0.02938009 0.31259789 0.00354690 0.04317778 0.32232188 0.01070210 0.00728596 0.00474063 0.00629844 0.07873237 0.00143600 0.00143431 0.01946609 0.03676509 0.01622569 0.00049362 0.00358741 0.01875669
51 0.03591252 0.00428687 0.00489181 0.00120199 0.01203411 0.00629885 0.00503094 0.00353172 0.00179742 0.33162017 0.15394408 0.00442667 0.04117512 0.01778231 0.00735834 0.01157631 0.03259982 0.00537132 0.00896747 0.31019216
52 0.05488121 0.07407611 0.03369940 0.01493540 0.01729800 0.04576650 0.04874000 0.02431310 0.10660701 0.03727740 0.06534501 0.06036201 0.08524631 0.05645501 0.02395490 0.05271501 0.04271610 0.01990350 0.10081801 0.03489000
53 0.04841740 0.01094720 0.01186150 0.00561901 0.01347130 0.01540320 0.01396360 0.01457850 0.00594500 0.27001801 0.17208101 0.01077410 0.04578590 0.02899870 0.01241760 0.02320440 0.03704760 0.00599015 0.01407380 0.23940201
54 0.13542099 0.03244860 0.19422799 0.08699870 0.01080600 0.06078060 0.05705020 0.04609290 0.02134330 0.02532100 0.02911890 0.04394450 0.01730150 0.01711070 0.01855240 0.08875630 0.06140590 0.00262744 0.01827860 0.03241350
55 0.34628176 0.01220999 0.01595649 0.01274539 0.03876407 0.01675299 0.01981899 0.18693487 0.01618049 0.02415598 0.02367408 0.01421999 0.00587182 0.00880312 0.01818789 0.15437090 0.04874767 0.00282308 0.00412105 0.02937938
56 0.03226941 0.00423719 0.00440410 0.00104333 0.01097280 0.00651496 0.00491222 0.00343219 0.00161728 0.34044608 0.15576704 0.00406094 0.04063341 0.01669550 0.00676237 0.01053460 0.02970591 0.00556699 0.00843860 0.31198507
57 0.29430104 0.01881960 0.02378810 0.01741530 0.03849400 0.01888830 0.02824890 0.09193231 0.01984610 0.02296390 0.01908530 0.01377280 0.00715641 0.01101610 0.02261650 0.21554403 0.07950831 0.00298109 0.00784588 0.04577601
58 0.04398706 0.01605372 0.01463112 0.00549223 0.02426993 0.00900444 0.00964211 0.00775426 0.02229223 0.10964115 0.13217919 0.01516492 0.04897287 0.11679816 0.01505712 0.02690424 0.07140320 0.01501962 0.17612725 0.11960517
59 0.03439099 0.01004340 0.00500061 0.00092593 0.01187990 0.00707958 0.00450074 0.00819242 0.00204739 0.19519694 0.35412689 0.00327642 0.08429537 0.04516349 0.01040490 0.01246700 0.02900569 0.00336823 0.01002520 0.16860895
60 0.02537161 0.34216114 0.04557602 0.00828834 0.00371180 0.03735082 0.03917812 0.00922725 0.03590362 0.01033080 0.02768461 0.29841013 0.01016920 0.01635961 0.00499284 0.02578651 0.03064201 0.00319636 0.00996849 0.01569071
61 0.04921235 0.01868608 0.01573489 0.00414933 0.02788567 0.01198939 0.01028449 0.01307739 0.01477419 0.12115889 0.13330988 0.01504279 0.08538522 0.10376890 0.01846488 0.03596687 0.08758802 0.01532399 0.08935192 0.12884488
62 0.06002141 0.15121802 0.04207900 0.02835510 0.00522187 0.11661301 0.12629701 0.02171400 0.03953100 0.02784940 0.01941650 0.20690602 0.01104190 0.01697840 0.01080060 0.04777750 0.02682240 0.00307283 0.01176130 0.02652270
63 0.04699152 0.01115690 0.01107690 0.00522110 0.01358860 0.01534360 0.01369840 0.01442940 0.00597031 0.27066409 0.17114205 0.01129410 0.04620671 0.02928101 0.01237540 0.02263121 0.03726551 0.00595387 0.01438520 0.24132408
64 0.07206967 0.05162078 0.18016592 0.08981876 0.01097710 0.05745278 0.06372707 0.06611087 0.02540299 0.02801059 0.03244559 0.05847768 0.01592619 0.02257129 0.01968119 0.08386926 0.06877537 0.00271902 0.02154899 0.02862889
65 0.07819392 0.04236971 0.09664262 0.13267903 0.01800500 0.03024031 0.05212641 0.10994003 0.02666301 0.02001410 0.05130421 0.04531411 0.01133800 0.01031170 0.02602081 0.10567403 0.09979672 0.00224483 0.00666113 0.03446031
66 0.06980985 0.01975061 0.03190942 0.29181721 0.00401751 0.04329043 0.32242823 0.01479941 0.00808864 0.00531570 0.00835506 0.07191165 0.00192339 0.00224974 0.01943261 0.04172513 0.01919741 0.00074629 0.00373558 0.01949611
67 0.07036358 0.02785509 0.06193118 0.18607393 0.01172940 0.03297839 0.16958094 0.18406494 0.01410150 0.01068850 0.01234600 0.04214679 0.00311432 0.00641441 0.01661869 0.07740177 0.04201999 0.00163889 0.00454143 0.02439029
68 0.32093895 0.01582700 0.02039170 0.01924660 0.04636479 0.01356920 0.02537810 0.13788198 0.01518200 0.01913730 0.01919620 0.01336630 0.00679160 0.00749239 0.01247840 0.18398597 0.08265929 0.00299428 0.00386029 0.03325769
69 0.09153650 0.03489120 0.05566640 0.03045220 0.02435570 0.03209000 0.03255790 0.03666340 0.01639180 0.05823960 0.04962390 0.02887990 0.02788860 0.02031140 0.02198840 0.15599999 0.18321499 0.00777095 0.01781830 0.07365890
70 0.03958882 0.01745811 0.00882873 0.00212295 0.01536441 0.01064701 0.00894616 0.00868056 0.00459004 0.21105912 0.23947413 0.00714215 0.10300606 0.03520582 0.01606301 0.02282051 0.04902773 0.00525746 0.01438011 0.18033710
71 0.04534590 0.26830800 0.03794810 0.01168150 0.00980881 0.09786870 0.07174530 0.01237110 0.03692210 0.01748260 0.02254880 0.18248100 0.01363830 0.01614690 0.02672840 0.05859880 0.03314950 0.00679270 0.01040890 0.02002460
72 0.08390813 0.03006981 0.09382603 0.15777906 0.01048410 0.03235511 0.06306972 0.03479671 0.05817932 0.02023791 0.02072111 0.03756611 0.00926365 0.02063141 0.02397651 0.12436104 0.04404842 0.02028471 0.08812113 0.02632001
73 0.05759439 0.12119199 0.04050500 0.05952149 0.00437950 0.09571589 0.22294198 0.01996000 0.03332060 0.02710330 0.02153580 0.11745399 0.01398710 0.01616310 0.02135760 0.05543659 0.02788570 0.00917290 0.01044510 0.02432800
74 0.09124933 0.04698552 0.04841402 0.10720204 0.01010380 0.06203262 0.21676508 0.03747551 0.02242731 0.02083381 0.01949251 0.06664982 0.00930046 0.01390510 0.02559481 0.11105704 0.04525752 0.00364719 0.01141680 0.03018971
75 0.01980111 0.00864914 0.00568399 0.00174458 0.00811835 0.01871671 0.00495008 0.00842039 0.00801746 0.06820542 0.23594306 0.00581974 0.04022821 0.33388009 0.00614522 0.01254160 0.01356990 0.00593238 0.12432003 0.06931252
76 0.27689197 0.02182720 0.02720750 0.02675600 0.03072440 0.02582310 0.03965460 0.08785999 0.02128270 0.04392550 0.04416600 0.02486340 0.01406190 0.01436390 0.02845380 0.13730898 0.05690329 0.00457151 0.01010870 0.06324559
77 0.03737393 0.00749550 0.00480364 0.00169755 0.01130241 0.00742491 0.00503505 0.00840775 0.00207362 0.19562715 0.35506127 0.00432696 0.06799455 0.05061484 0.00814492 0.01122231 0.02492142 0.00391249 0.01119961 0.18136014
78 0.05483911 0.01900750 0.09073672 0.32714006 0.00358989 0.08924882 0.15748103 0.02193820 0.02451970 0.01245820 0.01428340 0.06425281 0.00468476 0.00471432 0.01418830 0.03367521 0.03120351 0.00150982 0.00855924 0.02196940
79 0.28579081 0.01391009 0.02327038 0.01412039 0.02272369 0.01217139 0.02803808 0.05798496 0.01940919 0.04961987 0.02801568 0.01375159 0.01251229 0.01043009 0.03600758 0.17435388 0.06882085 0.00295554 0.00709872 0.11901492
80 0.30440325 0.01698151 0.01340301 0.00945201 0.11134209 0.01788131 0.01564901 0.09355098 0.01366311 0.02859942 0.02986032 0.01246751 0.01703281 0.01116461 0.01174981 0.16735814 0.07589066 0.00185428 0.01108831 0.03660783
81 0.05944044 0.03181352 0.08483356 0.25974719 0.00404666 0.09243907 0.16740213 0.02333122 0.02138652 0.01392201 0.01603931 0.09539597 0.00606516 0.00710008 0.01456181 0.03919183 0.02926822 0.00137820 0.00814887 0.02448822
82 0.05606959 0.00821443 0.00927035 0.00196513 0.02935170 0.00462508 0.00576470 0.00569629 0.00411279 0.21244297 0.20136097 0.00622954 0.06527809 0.03787049 0.01859690 0.02199840 0.07881329 0.00158324 0.01797210 0.21278397
83 0.00871418 0.01419360 0.00834431 0.00167726 0.01054000 0.01260870 0.00383081 0.00480809 0.03922360 0.01975380 0.08047331 0.00979964 0.03011210 0.30369602 0.00341003 0.01239880 0.01844390 0.02549120 0.36952703 0.02295360
84 0.07116589 0.08127069 0.04131550 0.04136440 0.00794595 0.14737699 0.12067099 0.02555940 0.09172409 0.03241600 0.01802880 0.09837009 0.01593880 0.02829930 0.02013060 0.06419979 0.02862440 0.00813135 0.02918140 0.02828560
85 0.07646688 0.05055719 0.04476369 0.13947797 0.00611952 0.06904599 0.25303195 0.02966049 0.02210700 0.02370710 0.02397899 0.08023378 0.01067100 0.01394040 0.02226010 0.05998009 0.03062359 0.00470219 0.01023320 0.02843889
86 0.06062199 0.01807310 0.01723450 0.00779815 0.02918740 0.00922856 0.01737030 0.01146580 0.00866303 0.15234698 0.18235097 0.01385050 0.07097579 0.03741789 0.02821550 0.04164879 0.11030698 0.00210941 0.02063440 0.16049998
87 0.03249349 0.00379058 0.00410023 0.00077179 0.01098520 0.00600243 0.00448757 0.00288638 0.00136884 0.34562085 0.14741494 0.00387187 0.03935598 0.01495469 0.00661746 0.00991715 0.03017869 0.00542161 0.00815241 0.32160786
88 0.04367651 0.25912407 0.04542211 0.02141081 0.00931283 0.04700361 0.05432291 0.02531041 0.03690911 0.01971541 0.03667261 0.18607405 0.02030311 0.02152171 0.02091451 0.05234001 0.04104391 0.01565570 0.01828420 0.02498241
89 0.14392102 0.02400830 0.03839311 0.01449780 0.02016700 0.02938060 0.03220560 0.04621861 0.02259610 0.10614302 0.06661981 0.02503470 0.02967020 0.02338900 0.03183960 0.14820502 0.07974681 0.00555195 0.01861210 0.09379961
90 0.05761615 0.02284008 0.09457012 0.30203273 0.00442850 0.09033722 0.15338386 0.02498388 0.02504118 0.01364619 0.01595359 0.06384044 0.00564264 0.00613560 0.01500719 0.03758807 0.03441917 0.00165015 0.00901277 0.02187048
91 0.03570474 0.00453222 0.00479174 0.00116406 0.01196721 0.00643741 0.00532705 0.00353583 0.00178707 0.33172338 0.15361418 0.00458899 0.04061385 0.01768962 0.00764932 0.01134921 0.03257854 0.00556377 0.00903746 0.31034436
92 0.03389078 0.00780694 0.00449218 0.00118594 0.00996297 0.00757208 0.00468335 0.00897402 0.00209626 0.19698589 0.37602278 0.00352010 0.07164906 0.04801387 0.00810610 0.01026189 0.02106949 0.00386609 0.00984732 0.16999290
93 0.05310699 0.18872997 0.05050439 0.04395629 0.00733390 0.05656829 0.08522039 0.02635510 0.03657429 0.02245880 0.03086070 0.20859097 0.01352280 0.02073190 0.01786230 0.04880759 0.03512269 0.00594395 0.01826690 0.02948180
94 0.02733419 0.00397218 0.00353919 0.00050586 0.01027200 0.00571446 0.00376669 0.00322863 0.00096166 0.33098685 0.19017391 0.00279098 0.04541578 0.01926559 0.00552487 0.00768022 0.02695089 0.00507566 0.00787656 0.29896386
95 0.07339708 0.04059044 0.23087824 0.10588011 0.00591117 0.10886511 0.06989097 0.03406654 0.02054552 0.02385902 0.02723283 0.05706286 0.01697372 0.01986572 0.01217311 0.06334667 0.06011996 0.00140701 0.01375551 0.01417841
96 0.05169809 0.17535698 0.05649569 0.03788490 0.01368050 0.04538000 0.05109149 0.03362740 0.03018380 0.02332380 0.03052610 0.20611098 0.01513560 0.01808140 0.01790430 0.06472799 0.08124879 0.00432101 0.01126300 0.03195820
97 0.03254859 0.00564702 0.00358154 0.00060529 0.01039850 0.00622320 0.00334469 0.00663378 0.00120827 0.23312094 0.32999891 0.00261110 0.06467938 0.03940119 0.00646175 0.00857430 0.02336659 0.00397903 0.00836400 0.20925194
98 0.03359459 0.00722660 0.00442791 0.00113436 0.01004960 0.00769346 0.00460626 0.00879758 0.00199715 0.19866993 0.37654586 0.00329176 0.07167947 0.04773378 0.00799220 0.01011590 0.02048199 0.00380204 0.00918764 0.17097194
99 0.05958300 0.06829219 0.18220199 0.07238409 0.01122520 0.05423700 0.05231810 0.05163870 0.02949550 0.01981710 0.02325160 0.10754399 0.01146600 0.01859320 0.02074260 0.11159699 0.06047920 0.00208528 0.01735130 0.02569700
100 0.05952722 0.07803992 0.03053141 0.10630303 0.00226928 0.09893613 0.27985609 0.01279260 0.02890771 0.02581311 0.01159400 0.13957204 0.00878132 0.01156000 0.01222690 0.04518171 0.01676301 0.00172656 0.00802272 0.02159521
101 0.07574148 0.05016449 0.04479449 0.14316496 0.00609696 0.06824968 0.25355894 0.02863529 0.02160609 0.02362249 0.02435949 0.08058928 0.01031330 0.01403000 0.02216889 0.05949699 0.03008979 0.00477300 0.00976859 0.02877579
102 0.07152099 0.07031869 0.06179669 0.04398959 0.01400700 0.04100919 0.04374519 0.12578098 0.03594639 0.01790260 0.02191880 0.15557397 0.00901835 0.01782250 0.03769159 0.13583898 0.05630889 0.00374982 0.01132990 0.02472990
103 0.04139940 0.01522990 0.00976564 0.00547220 0.01015940 0.01127670 0.01154250 0.01409010 0.00573864 0.14669899 0.37527497 0.01073460 0.07102129 0.06369759 0.01415130 0.01802620 0.02218770 0.00454010 0.02055980 0.12843299
104 0.33007037 0.01370502 0.01583012 0.01492362 0.04464575 0.00960822 0.02094522 0.15616818 0.01496412 0.01932352 0.01864882 0.00962380 0.00509509 0.01165371 0.01440722 0.20487023 0.05921417 0.00266690 0.00388199 0.02975393
105 0.14062008 0.03556182 0.03995412 0.07126454 0.00593857 0.04371762 0.21314912 0.02554741 0.01808751 0.02703832 0.12576807 0.04529073 0.01551891 0.01606431 0.03096862 0.05199103 0.03744802 0.00427077 0.01013261 0.04166782
106 0.06282720 0.06944070 0.03364960 0.13114000 0.00307450 0.08819740 0.27771400 0.01487390 0.02578190 0.02271000 0.01292070 0.12447400 0.00811823 0.01157130 0.01481680 0.04685520 0.01874600 0.00235160 0.00824688 0.02249010
107 0.06743438 0.06305448 0.03454779 0.01975059 0.01193670 0.06655368 0.07893128 0.02260989 0.02662429 0.13667296 0.07133708 0.10593897 0.02625599 0.02858639 0.01804919 0.04735819 0.04061939 0.00889860 0.01851219 0.10632797
108 0.04155409 0.08373688 0.01091700 0.01278340 0.00596592 0.02464669 0.03532749 0.02854209 0.02862069 0.04693699 0.04145029 0.02573369 0.05007369 0.07363718 0.00783452 0.03457159 0.05626919 0.26327794 0.07472038 0.05340029
109 0.03559209 0.00423288 0.00469909 0.00107342 0.01213190 0.00635572 0.00499168 0.00350005 0.00175924 0.33063594 0.15580597 0.00432016 0.04130029 0.01798920 0.00767427 0.01131310 0.03285229 0.00535227 0.00910849 0.30931195
110 0.05020610 0.03547060 0.01982210 0.00810828 0.01641940 0.01852970 0.02120490 0.01790140 0.01292370 0.12677500 0.20793500 0.01997190 0.12036400 0.04632180 0.02377580 0.04095970 0.05531070 0.01366910 0.03289380 0.11143700
111 0.06040765 0.13501211 0.04036873 0.02386652 0.01563621 0.03283223 0.04613394 0.03601823 0.02511452 0.03856773 0.12078309 0.07346696 0.05676164 0.02354492 0.04776304 0.10990309 0.05703264 0.00543702 0.01601941 0.03533033
112 0.03157280 0.08229391 0.01944090 0.00567046 0.00957435 0.02070570 0.02044110 0.01378990 0.02088820 0.07055991 0.23508202 0.05093160 0.04996580 0.14732401 0.01347960 0.02459360 0.02200180 0.01050820 0.08640251 0.06477361
113 0.11140997 0.02268599 0.05989968 0.01954079 0.02377879 0.03463959 0.02357069 0.04280559 0.01264220 0.01813330 0.01522780 0.01467690 0.01055290 0.00819049 0.01732550 0.26765593 0.24656994 0.00220327 0.00776740 0.04072329
114 0.07719560 0.06942910 0.06042430 0.05735310 0.01149120 0.13842700 0.10791000 0.03362280 0.03141350 0.04514920 0.03559210 0.07889750 0.01625570 0.03194730 0.02632840 0.07454330 0.04600390 0.00637053 0.01847280 0.03317270
115 0.06656073 0.01289511 0.01258881 0.00998918 0.01581701 0.01204621 0.01646881 0.01259851 0.00703249 0.23101511 0.15164907 0.01511991 0.04126722 0.03005341 0.01614201 0.03453562 0.04682412 0.00644925 0.01460831 0.24633912
116 0.20515991 0.06299327 0.02801349 0.01920509 0.07669746 0.10522295 0.03476698 0.05726027 0.01981419 0.02163389 0.02269029 0.03523018 0.01240899 0.01307839 0.04059718 0.14365293 0.06691807 0.00250596 0.00928810 0.02286239
117 0.07663722 0.07052971 0.06050131 0.05678231 0.01121430 0.13766703 0.10722002 0.03335161 0.03271421 0.04480061 0.03561431 0.07947552 0.01633500 0.03193821 0.02600481 0.07456031 0.04638251 0.00666750 0.01874680 0.03285671
118 0.04420590 0.10289500 0.01018150 0.00769084 0.00773550 0.01230420 0.03546490 0.07815620 0.01709830 0.03231960 0.03877510 0.02317380 0.09691030 0.02653360 0.00828813 0.04331060 0.08942330 0.27445401 0.02571300 0.02536620
119 0.04188479 0.01494090 0.01027030 0.00537140 0.01050490 0.01169320 0.01205980 0.01412130 0.00580069 0.14563097 0.37417293 0.00986991 0.07093559 0.06486659 0.01443300 0.01806590 0.02223980 0.00460528 0.02045680 0.12807598
120 0.27602406 0.02172140 0.02758441 0.02586971 0.03163181 0.02502841 0.04005661 0.08801232 0.02087240 0.04444801 0.04367591 0.02479510 0.01429100 0.01430290 0.02751451 0.13783803 0.05773521 0.00446080 0.01008620 0.06405121
121 0.27541608 0.02215351 0.02693551 0.02583801 0.03122941 0.02602111 0.04071661 0.08862963 0.02127661 0.04459681 0.04247491 0.02489551 0.01408350 0.01451290 0.02808361 0.13678304 0.05728562 0.00451741 0.01088600 0.06366422
122 0.07614778 0.01706909 0.05249738 0.04069199 0.01641059 0.01595440 0.02623479 0.56354483 0.00947196 0.02197139 0.01579270 0.01476140 0.00486861 0.01318800 0.01103640 0.05918398 0.02124439 0.00268049 0.00410555 0.01314430
123 0.06537786 0.00537738 0.00967525 0.00240083 0.02984788 0.00421806 0.00490768 0.00454463 0.00360370 0.23690886 0.14742791 0.00663261 0.05169227 0.03167678 0.01593069 0.02389989 0.08275975 0.00181656 0.01787959 0.25342185
124 0.08729858 0.02984019 0.12920097 0.03048349 0.01324810 0.04285209 0.05529949 0.03898709 0.02383569 0.08471198 0.03725319 0.03553449 0.01731060 0.02462779 0.02573599 0.14656596 0.09038138 0.00302637 0.03031659 0.05348999
125 0.03951742 0.00557577 0.00529552 0.00134634 0.01472171 0.00578361 0.00486872 0.00487205 0.00182997 0.26769912 0.22752210 0.00481436 0.05260622 0.03094941 0.00825219 0.01183041 0.03723932 0.00412683 0.01091080 0.26023811
126 0.05002639 0.04209609 0.02096420 0.00739973 0.02119570 0.01333090 0.02013770 0.01916840 0.01082750 0.10628199 0.11558998 0.01698290 0.17250598 0.02481510 0.03580100 0.06828189 0.12245998 0.01866050 0.01935320 0.09412089
127 0.09543159 0.08805079 0.06243649 0.05469100 0.02655620 0.02332870 0.04087500 0.16616599 0.02357320 0.01340610 0.01758890 0.04601030 0.00889498 0.01575190 0.03457730 0.17408898 0.07241079 0.00636990 0.00785081 0.02194110
128 0.04784586 0.18066983 0.13355288 0.05919684 0.00995411 0.04854845 0.05498365 0.04380596 0.03287017 0.01651868 0.02831137 0.14203487 0.01209819 0.02038128 0.01784888 0.06492754 0.04760936 0.00339021 0.01719668 0.01825518
129 0.03372149 0.00737377 0.00473635 0.00108148 0.01008830 0.00765349 0.00466663 0.00897820 0.00224071 0.19795192 0.37459985 0.00346557 0.07175427 0.04838118 0.00802509 0.01041520 0.02099179 0.00373340 0.00970642 0.17043493
130 0.02449339 0.00335147 0.00325927 0.00062537 0.00831521 0.00622574 0.00431183 0.00229128 0.00082902 0.36955588 0.14245495 0.00300471 0.03695289 0.01114910 0.00461940 0.00720382 0.02368479 0.00594640 0.00660361 0.33512189
131 0.04368203 0.25879418 0.04536693 0.01961451 0.00990633 0.04854953 0.05394174 0.02609812 0.03665362 0.02006831 0.03672172 0.18648213 0.02061041 0.02074731 0.02184611 0.05427454 0.04150823 0.01407401 0.01685921 0.02420102
132 0.04045625 0.01522352 0.00965763 0.00522399 0.01039901 0.01116981 0.01110771 0.01367012 0.00572672 0.14662117 0.37957544 0.01049371 0.07090288 0.06463428 0.01342552 0.01711322 0.02103792 0.00434553 0.02039642 0.12881915
133 0.06809678 0.01903239 0.03694789 0.30087992 0.00436053 0.04399099 0.30551492 0.01670240 0.00941038 0.00564653 0.00869149 0.06977108 0.00199529 0.00211357 0.01933749 0.04156309 0.02077719 0.00067245 0.00414674 0.02034889
134 0.30106691 0.01234160 0.01790219 0.01038400 0.01978419 0.01104000 0.02468349 0.05133828 0.01943589 0.06910998 0.04119389 0.01397720 0.01672509 0.01214970 0.04240179 0.12584196 0.05575688 0.00327336 0.00760365 0.14398996
135 0.09619916 0.01350809 0.01376479 0.00848256 0.01581879 0.01378219 0.01981239 0.02758289 0.00716120 0.12443495 0.32152486 0.01213919 0.05977597 0.04554388 0.01797469 0.03422018 0.03228709 0.00415328 0.01204589 0.11978795
136 0.05188012 0.01135380 0.00995186 0.00224945 0.02454761 0.00779994 0.00608705 0.00616415 0.01225450 0.15725606 0.16123806 0.01028860 0.06214212 0.09566514 0.01243510 0.02084251 0.05846342 0.00971035 0.10443404 0.17523607
137 0.04086529 0.01512380 0.00970585 0.00554724 0.01055420 0.01143970 0.01172660 0.01404520 0.00610993 0.14640896 0.37407791 0.01038850 0.07102118 0.06410628 0.01411890 0.01836390 0.02233809 0.00475572 0.02098679 0.12831597
138 0.02617972 0.01806121 0.01480851 0.00490053 0.01053841 0.02514852 0.01358571 0.01557531 0.01815371 0.05043244 0.13862511 0.01621751 0.02899592 0.33727126 0.00737860 0.02411802 0.02015212 0.01472531 0.15853212 0.05659994
139 0.17364507 0.02580751 0.03986352 0.03545891 0.02991971 0.01213570 0.02830321 0.30424712 0.01428431 0.01787581 0.01588021 0.01895061 0.00602445 0.01654061 0.01829191 0.16224706 0.05059882 0.00338168 0.00454917 0.02199461
140 0.02784560 0.00775927 0.00396070 0.00121136 0.00690031 0.01179990 0.00437004 0.01044570 0.00340665 0.11485199 0.40621298 0.00344737 0.06889240 0.15515499 0.00681815 0.00957039 0.01036630 0.00403972 0.04314970 0.09979649
141 0.16339991 0.01389479 0.02075179 0.00661777 0.08422625 0.01407669 0.01210639 0.03885608 0.01210759 0.10636394 0.10136294 0.01458579 0.07207856 0.02669968 0.01692319 0.07310606 0.07622796 0.00370980 0.02246289 0.12044193
142 0.03594593 0.00440215 0.00466352 0.00098724 0.01202021 0.00628398 0.00488127 0.00336829 0.00165563 0.33107327 0.15603013 0.00444044 0.04146103 0.01764751 0.00770028 0.01137031 0.03245723 0.00533506 0.00897326 0.30930325
143 0.07932044 0.01678701 0.05180892 0.04053902 0.01649811 0.01598971 0.02587041 0.55855925 0.00985347 0.02246221 0.01609511 0.01447821 0.00516856 0.01272131 0.01134871 0.06009513 0.02179281 0.00266144 0.00435078 0.01359941
144 0.10973098 0.02228310 0.04051459 0.22193195 0.00935102 0.03637119 0.24569495 0.03692169 0.01193440 0.00690327 0.01346160 0.05193189 0.00324961 0.00444840 0.01861570 0.09301728 0.03640929 0.00188393 0.00613618 0.02920899
145 0.23149280 0.02160098 0.03277607 0.03128097 0.05474815 0.00802081 0.02280138 0.26494077 0.01084229 0.01465839 0.01459919 0.01100439 0.00441113 0.01005519 0.00928748 0.17691185 0.05834605 0.00151682 0.00271480 0.01799048
146 0.02681179 0.00371908 0.00374898 0.00070678 0.00951006 0.00636170 0.00454803 0.00275276 0.00109204 0.35833385 0.14899094 0.00328406 0.03899888 0.01336879 0.00542852 0.00812322 0.02631039 0.00577819 0.00745808 0.32467387
147 0.29491421 0.01898231 0.02279462 0.01714261 0.03921273 0.01898701 0.02782042 0.09405267 0.01885971 0.02281182 0.01944671 0.01369671 0.00753706 0.01111261 0.02257722 0.21605015 0.07810045 0.00289837 0.00752519 0.04547743
148 0.08812883 0.03705697 0.05183006 0.03639667 0.01028339 0.05241866 0.10720592 0.25790480 0.01809229 0.06453885 0.03112498 0.04508147 0.01347229 0.01941709 0.01593389 0.06485535 0.03662877 0.00772238 0.00981736 0.03208998
149 0.03374389 0.00761109 0.00449101 0.00109574 0.00993240 0.00779388 0.00486842 0.00888842 0.00201698 0.19744496 0.37567893 0.00366740 0.07136459 0.04816939 0.00838434 0.01040180 0.02099190 0.00381082 0.00941709 0.17022697
150 0.03476631 0.01014310 0.00489722 0.00084147 0.01142750 0.00740628 0.00437441 0.00846775 0.00216180 0.19095003 0.36209805 0.00330141 0.08494221 0.04601371 0.00999236 0.01237310 0.02801550 0.00345905 0.01001470 0.16435402
151 0.05693251 0.02625331 0.02414501 0.01142970 0.01067560 0.01231220 0.03242281 0.03217571 0.01574920 0.05309921 0.15310504 0.02095661 0.03871581 0.02089051 0.32935708 0.05833021 0.03531711 0.00206556 0.01188520 0.05418161
152 0.04414450 0.25869798 0.04553220 0.02065110 0.00947329 0.04658910 0.05330360 0.02626940 0.03694980 0.01977960 0.03809670 0.18610498 0.02020510 0.02115120 0.02088700 0.05299970 0.04111590 0.01543440 0.01797330 0.02464120
153 0.07928858 0.03283759 0.02720019 0.02195829 0.00881536 0.02198849 0.03214769 0.04455969 0.01790780 0.02928359 0.05355059 0.02747789 0.01617580 0.01108220 0.41067789 0.07767058 0.03320969 0.00226908 0.00934553 0.04255349
154 0.03527333 0.00990726 0.01147311 0.00261659 0.01362401 0.02106092 0.01112051 0.01028011 0.00787752 0.11693510 0.20016117 0.01040621 0.04244174 0.24062420 0.00897961 0.01825842 0.02904132 0.01270511 0.08878768 0.10842609
155 0.32940189 0.01519779 0.01857839 0.01442980 0.04133809 0.01528519 0.02481349 0.09951117 0.02000699 0.02500689 0.01947669 0.01109290 0.00689415 0.00923116 0.02221199 0.20239793 0.06873388 0.00257680 0.00653093 0.04728388
156 0.07134704 0.05208983 0.17851210 0.08827745 0.01123631 0.05648953 0.06348973 0.07082744 0.02567441 0.02734711 0.03191632 0.05829323 0.01564731 0.02258711 0.02051891 0.08424575 0.06890734 0.00314566 0.02140211 0.02804532
157 0.03927361 0.01002850 0.00570865 0.00172466 0.00844190 0.00916967 0.00554351 0.01834190 0.00237414 0.14670202 0.41817006 0.00445778 0.08865531 0.05501231 0.00859166 0.01397510 0.02032380 0.00369997 0.00905042 0.13075502
158 0.00878416 0.00966351 0.00503357 0.00123430 0.00852844 0.01760910 0.00294441 0.00490953 0.01954960 0.02995590 0.12390601 0.00658285 0.02659600 0.39882203 0.00360496 0.01033160 0.01425790 0.01373870 0.25719902 0.03674840
159 0.02418660 0.00328454 0.00323445 0.00052140 0.00838557 0.00611420 0.00428025 0.00227399 0.00085151 0.36951000 0.14301100 0.00291378 0.03723830 0.01136730 0.00458544 0.00708032 0.02368290 0.00599618 0.00662227 0.33486000
160 0.05919118 0.14520395 0.12596495 0.05360708 0.00767073 0.10401996 0.09258987 0.02700359 0.02925869 0.02288609 0.02483699 0.12121496 0.01236000 0.02001319 0.01981879 0.06170438 0.03999309 0.00224733 0.01367720 0.01673799
161 0.04240536 0.01572752 0.01445022 0.00775028 0.01799863 0.01369132 0.01115392 0.00761654 0.02709984 0.09787105 0.11185017 0.01529842 0.03734096 0.17023126 0.01156952 0.02656044 0.04202556 0.01821353 0.19167529 0.11947018
162 0.01837751 0.01965551 0.01101371 0.00306984 0.01578631 0.01006641 0.00601854 0.00723587 0.04286303 0.03262952 0.07993925 0.01643751 0.05233933 0.18837912 0.00648532 0.01739721 0.02764812 0.03123332 0.38158124 0.03184332
163 0.34668509 0.01222730 0.01590420 0.01256030 0.03880711 0.01687420 0.02013461 0.18661105 0.01650160 0.02396001 0.02410721 0.01419620 0.00613944 0.00880679 0.01706170 0.15473904 0.04810881 0.00281490 0.00418500 0.02957541
164 0.03616600 0.00446891 0.00482946 0.00118852 0.01216460 0.00644959 0.00529398 0.00373030 0.00190627 0.32989396 0.15377998 0.00464626 0.04094849 0.01815480 0.00766883 0.01172670 0.03274450 0.00544078 0.00919113 0.30960696
165 0.11165708 0.03206242 0.04178313 0.19303214 0.00974390 0.03664163 0.16699312 0.03695623 0.02203012 0.01534501 0.02304922 0.05003894 0.00557055 0.00634342 0.08379376 0.07786086 0.04038643 0.00322961 0.01063391 0.03284852
166 0.06642315 0.01150159 0.01668269 0.00603572 0.02812718 0.01238099 0.01115609 0.01003049 0.00672231 0.21701783 0.13488089 0.01047729 0.05390976 0.03080988 0.01871719 0.03776377 0.09323653 0.00334565 0.01833119 0.21244983
167 0.06730449 0.07250339 0.04048189 0.08843459 0.00554113 0.09018819 0.22532996 0.02365580 0.03018260 0.02485890 0.01470600 0.12381898 0.00879303 0.01384460 0.01869810 0.08335679 0.02845450 0.00282927 0.00988903 0.02712880
168 0.04244101 0.25416906 0.04347691 0.01586910 0.00567321 0.05312981 0.06475252 0.01382610 0.03897601 0.02065711 0.03049771 0.22572406 0.01327310 0.01900600 0.01002180 0.04179721 0.03074291 0.00895914 0.01165490 0.05535231
169 0.07654379 0.07046909 0.06066239 0.05704139 0.01121490 0.13839098 0.10866999 0.03241620 0.03213380 0.04509709 0.03516530 0.07966379 0.01646940 0.03242900 0.02558300 0.07422019 0.04583359 0.00686212 0.01839440 0.03273960
170 0.03202992 0.01279861 0.00552713 0.00143750 0.00844909 0.00912980 0.00620268 0.01090771 0.00296049 0.14401011 0.43537533 0.00416906 0.09407567 0.05674834 0.01111601 0.01249981 0.01832261 0.00357321 0.01125981 0.11940709
171 0.04377898 0.25672691 0.04651648 0.02139169 0.00926085 0.04728748 0.05459098 0.02585099 0.03653079 0.02044059 0.03757999 0.18424694 0.02106679 0.02078589 0.02079749 0.05417298 0.04134939 0.01499749 0.01765359 0.02497369
172 0.04013979 0.00598982 0.00504320 0.00075753 0.01556260 0.00542358 0.00354616 0.00585027 0.00164973 0.23213896 0.28146795 0.00335160 0.06638049 0.03853229 0.00871483 0.01144310 0.03742249 0.00329256 0.01154010 0.22175296
173 0.06625198 0.02594189 0.07817058 0.27354293 0.00762317 0.05097519 0.17285895 0.05047899 0.02143019 0.01227430 0.01653910 0.06002228 0.00499093 0.00637603 0.02085419 0.05493669 0.03814059 0.00263034 0.01014340 0.02581829
174 0.07528570 0.05064120 0.04415860 0.13981800 0.00580220 0.06897080 0.25317401 0.03043890 0.02239570 0.02390020 0.02448380 0.08075290 0.01044230 0.01411380 0.02196150 0.06002130 0.03034720 0.00473898 0.01010540 0.02844750
175 0.06600455 0.02127378 0.03149098 0.29516878 0.00357200 0.04622046 0.31859576 0.01189169 0.00821811 0.00558505 0.00751880 0.08127824 0.00202427 0.00226746 0.01951139 0.03895327 0.01734689 0.00053939 0.00372076 0.01881839
176 0.05839299 0.03127480 0.04591379 0.26054197 0.00868997 0.03879569 0.17656298 0.03162150 0.02175590 0.01561020 0.02066170 0.05824729 0.00494218 0.00541937 0.07898909 0.05969009 0.04189359 0.00252621 0.01158620 0.02688450
177 0.06621217 0.01328619 0.01319249 0.01015809 0.01544829 0.01281649 0.01702009 0.01225929 0.00802183 0.22946788 0.15217292 0.01585979 0.04108358 0.03077448 0.01592959 0.03435018 0.04574588 0.00650989 0.01511199 0.24457887
178 0.33237376 0.01562549 0.01121589 0.01042639 0.08642274 0.01502669 0.01671549 0.10556792 0.01328099 0.01615859 0.02035879 0.00813356 0.00773582 0.00754953 0.00941504 0.21162785 0.07823764 0.00138656 0.00629318 0.02644808
179 0.05795770 0.07798180 0.03739720 0.02502050 0.00284285 0.14143901 0.24646001 0.01373790 0.04752150 0.03945560 0.02520470 0.10558401 0.04151040 0.01768300 0.01328560 0.04499730 0.02097620 0.00495729 0.01017310 0.02581430
