1 0.02737517 0.00345194 0.00385744 0.00067929 0.01227639 0.00561111 0.00266183 0.00486552 0.00123213 0.30185369 0.21475778 0.00395689 0.05764904 0.02985717 0.00316881 0.01791098 0.02292268 0.00397208 0.00780035 0.27413972
2 0.07748418 0.04345889 0.03947769 0.03118509 0.00952986 0.03294479 0.03705059 0.03881429 0.05902778 0.05160548 0.04736679 0.03253039 0.01888109 0.01928689 0.26225792 0.07335108 0.05704948 0.00713424 0.03005769 0.03150579
3 0.05541600 0.06209350 0.05841920 0.11377900 0.00944781 0.02331510 0.06505750 0.18320399 0.04562730 0.00875570 0.00824199 0.05340040 0.00288143 0.01880050 0.02366900 0.14149599 0.09704750 0.00652995 0.00587246 0.01694570
4 0.06908179 0.01120410 0.01461380 0.01174660 0.01341980 0.01120610 0.01592080 0.01116580 0.00593658 0.21792198 0.15314198 0.02062890 0.04749409 0.03144390 0.01126110 0.04070750 0.04573239 0.00453843 0.01491740 0.24791697
5 0.14985507 0.07475284 0.04324062 0.05910223 0.01241801 0.04592682 0.06570513 0.05250833 0.02061811 0.03266442 0.02979191 0.10338305 0.01520421 0.01870141 0.02087501 0.11494906 0.05769663 0.00487610 0.01123851 0.06649253
6 0.06054611 0.02959520 0.25987003 0.17016702 0.00922068 0.02911010 0.03926670 0.02507870 0.02267130 0.04682240 0.02807020 0.06413441 0.02134300 0.01465000 0.01388220 0.07341041 0.04695990 0.00484182 0.01077380 0.02958600
7 0.22379321 0.02755823 0.03165363 0.03969804 0.03009383 0.01944502 0.02968873 0.19672218 0.02762243 0.01498741 0.01159301 0.02277962 0.00417883 0.01165441 0.01831682 0.18697617 0.07487167 0.00653601 0.00454545 0.01728532
8 0.04838382 0.00937874 0.01139911 0.00476507 0.01349011 0.01501881 0.00899896 0.01105811 0.00790483 0.26666014 0.17398709 0.01339271 0.05381203 0.03241942 0.01409611 0.03177722 0.02979522 0.00538179 0.01394061 0.23434012
9 0.06307580 0.06476730 0.04386200 0.08278020 0.00479200 0.06962880 0.17350400 0.04582380 0.02789920 0.01891240 0.02362190 0.13293200 0.01587460 0.01663270 0.07004030 0.06704270 0.04191010 0.00371199 0.01277850 0.02040970
10 0.01218961 0.01252491 0.02087981 0.00253818 0.00608501 0.00660464 0.00469120 0.00808530 0.04142862 0.02044681 0.07670324 0.01521951 0.00921979 0.34404016 0.00287011 0.01530031 0.01599851 0.01979351 0.34075916 0.02462161
11 0.03766732 0.07667885 0.04108993 0.02707932 0.00645247 0.05235893 0.06081614 0.01263601 0.04769573 0.03143402 0.04388273 0.15235010 0.02839012 0.09619826 0.01065321 0.04156923 0.02826232 0.01373351 0.16149910 0.02955272
12 0.03238819 0.02213059 0.02071939 0.00758258 0.00961970 0.01509979 0.01334730 0.01814729 0.02454949 0.05679168 0.13386695 0.02578739 0.03210039 0.28488289 0.00669779 0.02778229 0.02765929 0.01785389 0.16828394 0.05470918
13 0.08449920 0.02489670 0.06457640 0.25519499 0.00541507 0.06165630 0.24380799 0.02570220 0.02581130 0.00516601 0.01131890 0.06094450 0.00312738 0.00468950 0.00806563 0.05971660 0.02094430 0.00176657 0.00596188 0.02673860
14 0.08859230 0.02191030 0.03984020 0.26697001 0.00538158 0.06749630 0.27841201 0.01897050 0.02500380 0.00386482 0.01129920 0.05661990 0.00192020 0.00324723 0.00650288 0.05213970 0.01616930 0.00102292 0.00578012 0.02885670
15 0.04119358 0.27503488 0.03825588 0.02743909 0.00850692 0.05222148 0.04260818 0.02379849 0.03784528 0.01666009 0.03495069 0.16405893 0.01963249 0.02315429 0.01492449 0.07770357 0.04598218 0.01580429 0.01699569 0.02322949
16 0.08082504 0.01547591 0.04012542 0.03852592 0.01110301 0.01583621 0.02123501 0.57475429 0.01540701 0.01251171 0.01982811 0.01821201 0.00562383 0.01137161 0.01117681 0.06274353 0.02491421 0.00362545 0.00554202 0.01116291
17 0.06832592 0.01132370 0.01415690 0.01108120 0.01344690 0.01068160 0.01541520 0.01090140 0.00568686 0.22166905 0.15454304 0.01989340 0.04726371 0.03053661 0.01128010 0.04019501 0.04439071 0.00436731 0.01464130 0.25020006
18 0.03257891 0.30715809 0.03043641 0.01830411 0.00298663 0.07637392 0.04920661 0.01246330 0.03057331 0.01311900 0.02061691 0.22784707 0.01235340 0.01249350 0.00746846 0.07893542 0.03557001 0.00421853 0.00744289 0.01985351
19 0.07624885 0.04253463 0.03332012 0.14378210 0.00543044 0.08455956 0.26958219 0.03411852 0.02720962 0.01520061 0.03006432 0.06708365 0.01323381 0.01271651 0.01392611 0.05483774 0.03146132 0.00404646 0.01172801 0.02891542
20 0.03994991 0.00481090 0.00648305 0.00200704 0.01036050 0.00759763 0.00734120 0.01004190 0.00237240 0.21473507 0.28601509 0.00742743 0.06854592 0.04781852 0.00479923 0.02168321 0.03070921 0.00362339 0.01354430 0.21013407
21 0.16393600 0.04393930 0.04179890 0.03632400 0.03096020 0.02965170 0.03524600 0.06774670 0.02446380 0.03448940 0.03168750 0.03525140 0.01682420 0.01824360 0.02598940 0.19390400 0.10444200 0.00681821 0.01388870 0.04439500
22 0.04201578 0.01465709 0.01123139 0.00627185 0.00823083 0.01483029 0.01719269 0.01675889 0.00891701 0.13881293 0.33739884 0.01318909 0.07648626 0.07119227 0.01308229 0.02405159 0.02837279 0.00517279 0.02627639 0.12585894
23 0.05482534 0.11621709 0.04028253 0.02796762 0.00768621 0.05609364 0.05418114 0.01296361 0.02901702 0.04795254 0.09805187 0.16692813 0.04187963 0.04250883 0.01480491 0.04797764 0.04327163 0.00527105 0.02640872 0.06571085
24 0.08354000 0.01589980 0.03958400 0.03791180 0.01128030 0.01607900 0.02095640 0.57096298 0.01602270 0.01255840 0.01877790 0.01845860 0.00538792 0.01078990 0.01086760 0.06561360 0.02580010 0.00327460 0.00509221 0.01114220
25 0.02916970 0.00520927 0.00452568 0.00131737 0.01135390 0.00875063 0.00535534 0.00705730 0.00318567 0.27304900 0.24681500 0.00472596 0.06330310 0.03848100 0.00443047 0.01852990 0.02214890 0.00425300 0.01061780 0.23772100
26 0.36117983 0.00811302 0.01725319 0.01027270 0.05889047 0.00799080 0.00898850 0.09238756 0.02306259 0.02627699 0.01873539 0.00737722 0.00691366 0.00885868 0.01060469 0.21038190 0.07966546 0.00482442 0.00407488 0.03414808
27 0.02679041 0.00592927 0.00584237 0.00158770 0.01182390 0.00857423 0.00448139 0.00489643 0.00572650 0.30105608 0.19327805 0.00542140 0.07726902 0.02969261 0.00653329 0.02163951 0.02108971 0.00730755 0.00830651 0.25275407
28 0.08783238 0.02307380 0.03806279 0.25840495 0.00521097 0.06901719 0.28664395 0.01896230 0.02458430 0.00391200 0.01154140 0.05623349 0.00216213 0.00333748 0.00701062 0.05138239 0.01726870 0.00093867 0.00571971 0.02870079
29 0.03398169 0.00366324 0.00557192 0.00127895 0.01310730 0.00537890 0.00204483 0.00311751 0.00176590 0.31892491 0.16979595 0.00602178 0.05100859 0.02242849 0.00685224 0.02094339 0.02524429 0.00420462 0.00715058 0.29751492
30 0.03887018 0.12720792 0.03877058 0.05258167 0.00307418 0.09437624 0.16594790 0.02095369 0.03353308 0.02323549 0.02465729 0.19633988 0.02309639 0.02203439 0.01209909 0.05429377 0.02841048 0.00387331 0.01557749 0.02106699
31 0.08333524 0.01566651 0.03986772 0.03826962 0.01125171 0.01547311 0.02139051 0.57235027 0.01582991 0.01262701 0.01900891 0.01858081 0.00549764 0.01069361 0.01062181 0.06428383 0.02525341 0.00344560 0.00537538 0.01117741
32 0.03695830 0.00453053 0.00550657 0.00145029 0.00931713 0.00746255 0.00740487 0.01101410 0.00188906 0.20586702 0.31398304 0.00575293 0.07278751 0.05165081 0.00422238 0.01886480 0.02786500 0.00339437 0.01343670 0.19664202
33 0.03129112 0.00530589 0.00433815 0.00116394 0.00885336 0.00888902 0.00841716 0.01106241 0.00268717 0.21120611 0.33316118 0.00407060 0.07666824 0.05381013 0.00428975 0.01707741 0.02192451 0.00352113 0.01305861 0.17920409
34 0.05718829 0.15411398 0.04374820 0.02962400 0.01190750 0.04002170 0.05014089 0.03755140 0.02938750 0.02093650 0.03664090 0.07773179 0.01612070 0.01508760 0.17234598 0.08949869 0.07740139 0.00775711 0.01329100 0.01950490
35 0.01089310 0.00869093 0.01890110 0.00181445 0.00702368 0.00633662 0.00358627 0.00853750 0.02725360 0.02286420 0.08507559 0.01283390 0.00909642 0.41287494 0.00230118 0.01226640 0.01489820 0.01752540 0.29181096 0.02541560
36 0.05264322 0.08691124 0.04991852 0.05341702 0.00755738 0.12752605 0.10679504 0.02847191 0.09297274 0.03646861 0.04620472 0.08401033 0.02713781 0.02882611 0.01408791 0.05986442 0.03887162 0.00494751 0.03395931 0.01940851
37 0.16445100 0.04430320 0.04206480 0.03627590 0.03052270 0.02938150 0.03545230 0.06787140 0.02497850 0.03523820 0.03203670 0.03565570 0.01763490 0.01767550 0.02411310 0.19142499 0.10395300 0.00714063 0.01452260 0.04530340
38 0.02899061 0.02571231 0.02827811 0.01054740 0.00770959 0.01497240 0.01579310 0.01196920 0.06019601 0.03211811 0.07303342 0.02584221 0.01680580 0.20294904 0.00872579 0.03330901 0.02553381 0.02057000 0.32404607 0.03289801
39 0.04203939 0.17352095 0.03687479 0.02813349 0.01643720 0.02385149 0.04638139 0.04608219 0.08585977 0.01632560 0.03036579 0.05116918 0.01703929 0.04570649 0.01146460 0.10305297 0.04988929 0.13169096 0.03084009 0.01327510
40 0.03199670 0.02054070 0.01984570 0.00743134 0.00952368 0.01504620 0.01423250 0.01804410 0.02414420 0.05610420 0.13522700 0.02479120 0.03197440 0.28874800 0.00666638 0.02685800 0.02740710 0.01803610 0.17003600 0.05334650
41 0.08085277 0.06745757 0.04037848 0.06204298 0.00946895 0.13512695 0.12784795 0.03916458 0.03174749 0.04271358 0.04510568 0.08275697 0.02428639 0.02281689 0.02519329 0.06768767 0.04407688 0.00430354 0.01840849 0.02856289
42 0.04709563 0.08903715 0.05384013 0.08006294 0.01176011 0.02588041 0.05240443 0.14879208 0.04825973 0.01271051 0.01594511 0.05469223 0.00754656 0.05028773 0.02176411 0.15027508 0.08319414 0.01266241 0.01872651 0.01506301
43 0.02665200 0.01700890 0.01969470 0.00484146 0.00718138 0.01336630 0.01071160 0.01192450 0.03709490 0.05115150 0.16889199 0.01591820 0.03160690 0.23020098 0.00541033 0.02184640 0.02263320 0.01605890 0.23629298 0.05151290
44 0.04123571 0.01399920 0.01160550 0.00691319 0.00832029 0.01511870 0.01768730 0.01545020 0.00864475 0.14118204 0.33676409 0.01269540 0.07794592 0.06970992 0.01243110 0.02453931 0.02861721 0.00535121 0.02512491 0.12666403
45 0.02853169 0.01086900 0.01138170 0.00226366 0.00681827 0.01020690 0.01004970 0.01420009 0.01264839 0.07977357 0.27454288 0.01070220 0.05718848 0.23163990 0.00484002 0.01594559 0.02187429 0.00920307 0.11672195 0.07059867
46 0.04233887 0.01456909 0.01157559 0.00603519 0.00866640 0.01465849 0.01686499 0.01674109 0.00862764 0.14023290 0.33584276 0.01288649 0.07767215 0.06892765 0.01193839 0.02536638 0.02886938 0.00541765 0.02599498 0.12677391
47 0.08194655 0.06873944 0.03987352 0.06077023 0.00880726 0.13255007 0.12691007 0.04135642 0.03259832 0.04290422 0.04596093 0.08460315 0.02484301 0.02238321 0.02509381 0.06640504 0.04233012 0.00429479 0.01857641 0.02905342
48 0.06894695 0.00495042 0.01307471 0.00291366 0.01477891 0.00616169 0.00428988 0.00575517 0.00343386 0.24849717 0.14222910 0.01715761 0.04641563 0.02365152 0.01108941 0.04553243 0.04867523 0.00335115 0.01009431 0.27900119
49 0.21083302 0.03351470 0.03285830 0.04358680 0.03317960 0.01680550 0.02901580 0.12807701 0.03019600 0.01474790 0.01023320 0.02274610 0.00482624 0.01322460 0.01979680 0.21230502 0.11194301 0.00657609 0.00434757 0.02118670
50 0.07733010 0.03199550 0.05195370 0.22195500 0.00649932 0.06157510 0.21972600 0.02622800 0.02812370 0.02335240 0.02004460 0.06912710 0.00894295 0.00974255 0.01117240 0.05956980 0.02958550 0.00303647 0.01013080 0.02990900
51 0.03454570 0.00376777 0.00561425 0.00123793 0.01305690 0.00534349 0.00221869 0.00325110 0.00197555 0.31740600 0.16879300 0.00633129 0.05090850 0.02269070 0.00716883 0.02124790 0.02572130 0.00420809 0.00763301 0.29688000
52 0.07876720 0.07581320 0.04852690 0.04963500 0.01379690 0.04622910 0.06374420 0.05050210 0.09176270 0.03160430 0.04524840 0.05856360 0.02075740 0.05167220 0.01846120 0.08362160 0.04871280 0.01375510 0.08529820 0.02352790
53 0.04756878 0.00878469 0.01065600 0.00474979 0.01324789 0.01453369 0.00894290 0.01054400 0.00762073 0.26716388 0.17628592 0.01306239 0.05378228 0.03357438 0.01468639 0.03165729 0.02945059 0.00545385 0.01416569 0.23406889
54 0.15427811 0.02533632 0.18308213 0.09806407 0.01722081 0.03461552 0.04552773 0.04445263 0.02146351 0.03058262 0.02689222 0.04310173 0.01627311 0.01350211 0.02221982 0.10576207 0.05341194 0.00559241 0.01287721 0.04574393
55 0.28004602 0.01850690 0.02534610 0.03058260 0.03021090 0.02696560 0.03662660 0.08528621 0.02014720 0.04220940 0.04114050 0.02529840 0.01481850 0.01631980 0.02645030 0.14288201 0.06164650 0.00651963 0.01050800 0.05848880
56 0.03132431 0.00358032 0.00502715 0.00105540 0.01299040 0.00522245 0.00190391 0.00296679 0.00183253 0.32654212 0.17015706 0.00507737 0.05098262 0.02181371 0.00740439 0.01965481 0.02283291 0.00435060 0.00709003 0.29819111
57 0.23198408 0.02083841 0.03469891 0.01261610 0.06551642 0.01923971 0.01022780 0.06383152 0.01979101 0.02628251 0.01824981 0.01009410 0.01283110 0.01044250 0.01828281 0.24752608 0.13719905 0.00466010 0.00677137 0.02891661
58 0.10942204 0.04905752 0.03389551 0.02615791 0.02292011 0.01881621 0.02759311 0.06118412 0.02504821 0.02341821 0.02410971 0.02222821 0.03643281 0.02453171 0.01930231 0.17659007 0.13786006 0.12019205 0.01775851 0.02348161
59 0.03437140 0.01139450 0.01026940 0.00371194 0.01013890 0.01330790 0.00989772 0.00907602 0.01340880 0.22393803 0.21534203 0.01104160 0.12963702 0.04213361 0.01106650 0.02962590 0.02578420 0.01297060 0.01247090 0.17041302
60 0.03018699 0.33250988 0.03200199 0.01676569 0.00298040 0.05639798 0.03308539 0.00868673 0.02713719 0.01063110 0.02294769 0.26540990 0.01531999 0.01472439 0.00697563 0.05845358 0.03363289 0.00556042 0.00891238 0.01767979
61 0.03221339 0.02918829 0.04595299 0.01103290 0.00864617 0.01713570 0.01420110 0.01336180 0.03146219 0.04711989 0.16831897 0.03037229 0.04120569 0.23470195 0.00768693 0.02739199 0.02911719 0.01114410 0.14769697 0.05204949
62 0.04464891 0.11312502 0.03612731 0.02656530 0.00437675 0.12663602 0.09807712 0.01273660 0.04047811 0.04392011 0.07003771 0.18102803 0.03804651 0.03248951 0.01135700 0.04402741 0.02769660 0.00284487 0.02139420 0.02438690
63 0.04799382 0.00928092 0.01133230 0.00481528 0.01347361 0.01502221 0.00863286 0.01065110 0.00775925 0.26750711 0.17403907 0.01289851 0.05355632 0.03381491 0.01506011 0.03146321 0.02922561 0.00589538 0.01420831 0.23337010
64 0.06667867 0.04527808 0.21594890 0.10712295 0.01250379 0.03516578 0.04485398 0.05286178 0.02898849 0.02793289 0.03361708 0.05945337 0.02015109 0.02419939 0.01917959 0.08670106 0.05430338 0.00658356 0.02431759 0.03415858
65 0.04869546 0.05920666 0.06131306 0.11257092 0.01348499 0.03832557 0.06264005 0.04092827 0.08440604 0.02996308 0.08969153 0.05459406 0.02293208 0.02311218 0.02002509 0.07179325 0.10303692 0.00789302 0.02455048 0.03083728
66 0.07527860 0.04261940 0.03361730 0.14324301 0.00545618 0.08416151 0.26902402 0.03397200 0.02727690 0.01504850 0.03058950 0.06906240 0.01312110 0.01281470 0.01489820 0.05461480 0.03106020 0.00433466 0.01125690 0.02855010
67 0.08808715 0.02201901 0.04045803 0.26663817 0.00530383 0.06735974 0.27803317 0.01868471 0.02511682 0.00392687 0.01145391 0.05692454 0.00207544 0.00325959 0.00669542 0.05204683 0.01620651 0.00101686 0.00589197 0.02880142
68 0.34666184 0.01182189 0.01760539 0.01546139 0.04348718 0.01380719 0.01729199 0.11975494 0.02412929 0.01945729 0.01362639 0.01116619 0.00409480 0.00833176 0.01411659 0.20267890 0.08244786 0.00539853 0.00281118 0.02584939
69 0.10524105 0.04226122 0.04314672 0.02788241 0.02812961 0.02927231 0.03274632 0.04340452 0.02109651 0.04794032 0.05584383 0.03573422 0.02509771 0.02594881 0.03259592 0.15410108 0.14934907 0.01076301 0.01666881 0.07277654
70 0.03711270 0.01044870 0.00942839 0.00352278 0.01075350 0.01326830 0.00960734 0.00857532 0.00980428 0.23587200 0.21740400 0.01144710 0.10024600 0.04055220 0.00941860 0.02741480 0.02644230 0.01025910 0.01234860 0.19607400
71 0.03360251 0.33473214 0.03240291 0.01589601 0.00416417 0.08114443 0.04449612 0.01146820 0.03774902 0.01288251 0.02434631 0.19222408 0.01354271 0.01338081 0.00867050 0.07125723 0.03553911 0.00482078 0.00923963 0.01844081
72 0.07384007 0.08576726 0.05247078 0.16569992 0.00896872 0.04548318 0.14835493 0.03700168 0.02754969 0.01442019 0.02387189 0.07969836 0.01260369 0.01226519 0.01222679 0.07914356 0.04632138 0.00467859 0.00907235 0.06056177
73 0.06864086 0.04350408 0.02677459 0.11768894 0.00349202 0.12402894 0.31220984 0.02905178 0.02639629 0.01481739 0.02324049 0.07005246 0.01475979 0.00922383 0.01086939 0.04309038 0.02893948 0.00149630 0.00863047 0.02309269
74 0.08296257 0.04444358 0.03996038 0.14218895 0.00755075 0.06918297 0.22555991 0.04781018 0.02840329 0.01301530 0.01855409 0.06578638 0.00869717 0.01141500 0.01548949 0.09197317 0.04208848 0.00522539 0.00957777 0.03011519
75 0.03309832 0.02153091 0.02054061 0.00783212 0.00953543 0.01520131 0.01390831 0.01712071 0.02465242 0.05738304 0.13776810 0.02513862 0.03283572 0.28265120 0.00636728 0.02747112 0.02739312 0.01862011 0.16621811 0.05473344
76 0.27855792 0.01831340 0.02591299 0.03146099 0.03048639 0.02777019 0.03733979 0.08499788 0.02039369 0.04185249 0.04029789 0.02498839 0.01469600 0.01666060 0.02720379 0.14171096 0.06124568 0.00708097 0.01157180 0.05745818
77 0.06002209 0.01501940 0.01639970 0.00751606 0.01359650 0.01394290 0.01573020 0.01711200 0.01125810 0.11427199 0.27602397 0.01961160 0.06320969 0.05806129 0.02057960 0.04159170 0.07120769 0.00610115 0.02163840 0.13710598
78 0.08864773 0.02309421 0.03676701 0.25598810 0.00493733 0.07697383 0.28885311 0.01647321 0.02473811 0.00442438 0.01171020 0.05715422 0.00237029 0.00299019 0.00643656 0.04874692 0.01540881 0.00069837 0.00565449 0.02793291
79 0.23845999 0.01261480 0.02434850 0.01458100 0.02826910 0.01061650 0.01716250 0.04510420 0.01310050 0.06461440 0.05324730 0.02679750 0.02333860 0.01849470 0.01789850 0.14592799 0.08460530 0.00306134 0.01104030 0.14671699
80 0.33956497 0.01140080 0.01981180 0.01035300 0.08051649 0.01003730 0.00923536 0.08371819 0.02328280 0.02649890 0.02044800 0.00866575 0.00873814 0.01031360 0.00988677 0.20292798 0.08070569 0.00555453 0.00630513 0.03203480
81 0.07678187 0.04704168 0.05483048 0.20794593 0.00470396 0.07841617 0.20666793 0.02300329 0.02794279 0.01091590 0.01601189 0.10049097 0.00903005 0.01025560 0.00949615 0.05801588 0.02284229 0.00191187 0.00894790 0.02474739
82 0.04678583 0.00773076 0.00885957 0.00267901 0.01315511 0.01141871 0.00895761 0.01209081 0.00703426 0.19823812 0.28132217 0.00934877 0.06713904 0.04716913 0.00708910 0.03900362 0.03470962 0.00379295 0.01457271 0.17890311
83 0.02557582 0.01673921 0.01908091 0.00468886 0.00713145 0.01372561 0.01124461 0.01142861 0.03604693 0.05165624 0.17235812 0.01567701 0.03244012 0.23194817 0.00580898 0.02072471 0.02172972 0.01633761 0.23421917 0.05143814
84 0.05220023 0.12659383 0.03737765 0.04534084 0.00372794 0.12297083 0.12087584 0.02012277 0.03447775 0.03202376 0.03042126 0.19054674 0.02545707 0.02334527 0.01307298 0.05284323 0.02925646 0.00293300 0.01627208 0.02014047
85 0.07700343 0.04171461 0.03315281 0.14323405 0.00555744 0.08573763 0.26820809 0.03437801 0.02722881 0.01505901 0.03089041 0.06673492 0.01324380 0.01265240 0.01419710 0.05511202 0.03154371 0.00445781 0.01108930 0.02880461
86 0.06397639 0.02839459 0.07269148 0.02440979 0.01670590 0.02051030 0.01883730 0.01566770 0.02599389 0.06890938 0.19526096 0.03550389 0.05141549 0.04069739 0.02366299 0.06192189 0.09725718 0.00651082 0.02295869 0.10871398
87 0.03143141 0.00331354 0.00486223 0.00094382 0.01304570 0.00476193 0.00153783 0.00260593 0.00150889 0.32746610 0.16711305 0.00528582 0.05034852 0.02104131 0.00579584 0.01967421 0.02400531 0.00430152 0.00668694 0.30427009
88 0.04190459 0.27419491 0.03808209 0.02704809 0.00795193 0.05217028 0.04296299 0.02529519 0.03816679 0.01716609 0.03507499 0.16295995 0.01957779 0.02250229 0.01610369 0.07655177 0.04687438 0.01404160 0.01749069 0.02387989
89 0.07114891 0.03134761 0.03987341 0.01443280 0.02469560 0.03003361 0.02034440 0.01904800 0.01803100 0.07615442 0.08463632 0.03218871 0.09320182 0.02812871 0.03369141 0.16671703 0.10702402 0.01379480 0.01734660 0.07816082
90 0.06339501 0.02367520 0.25216805 0.22587004 0.00625548 0.03642961 0.09414482 0.03110311 0.02084200 0.01240650 0.01843760 0.05797721 0.01225100 0.00821142 0.00882325 0.06840931 0.02911991 0.00374457 0.00694879 0.01978710
91 0.06891635 0.01174789 0.01459059 0.01142859 0.01314549 0.01077539 0.01589519 0.01047789 0.00556483 0.21946683 0.15330288 0.02050018 0.04773056 0.03136068 0.01182189 0.04065787 0.04446287 0.00437334 0.01485689 0.24892381
92 0.03270959 0.00575542 0.00488774 0.00136852 0.00963271 0.00975130 0.00801374 0.01036590 0.00325768 0.22362693 0.30596591 0.00526437 0.07322608 0.05005978 0.00474595 0.01836739 0.02352739 0.00381167 0.01306400 0.19259794
93 0.05401160 0.15936501 0.04760650 0.05126890 0.00583228 0.06305551 0.07785421 0.02674940 0.02927660 0.02724150 0.03402530 0.19220302 0.02332420 0.02707090 0.01438300 0.06274261 0.04113310 0.00531034 0.01959580 0.03795020
94 0.02021551 0.00314184 0.00277229 0.00045370 0.01264641 0.00489395 0.00129322 0.00260877 0.00097407 0.33901515 0.18716408 0.00242191 0.05335642 0.02273231 0.00221912 0.01566321 0.01840231 0.00432304 0.00560654 0.30009614
95 0.06699299 0.04519349 0.21565396 0.10561898 0.01306630 0.03609549 0.04492099 0.05513069 0.02794360 0.02747210 0.03383899 0.05932809 0.02001210 0.02493480 0.01883020 0.08655029 0.05393819 0.00595717 0.02443280 0.03408879
96 0.06032806 0.15883990 0.04748867 0.05193887 0.00735451 0.05404246 0.06673566 0.03712308 0.02820038 0.02417558 0.02566018 0.17342889 0.01636449 0.01966709 0.01564469 0.10214893 0.05281277 0.00547195 0.01306289 0.03951097
97 0.02019488 0.00318716 0.00293866 0.00047968 0.01276829 0.00491443 0.00124749 0.00249385 0.00106159 0.33920974 0.18644386 0.00255250 0.05329486 0.02244868 0.00230494 0.01580079 0.01862389 0.00430399 0.00551398 0.30021677
98 0.04218139 0.01425130 0.01150050 0.00635904 0.00848164 0.01461410 0.01665559 0.01649159 0.00861013 0.13984095 0.33900588 0.01270650 0.07695687 0.06921788 0.01271420 0.02432319 0.02905629 0.00484673 0.02544629 0.12673996
99 0.07346955 0.03436498 0.25797583 0.10575093 0.01912799 0.03154358 0.02861038 0.03663868 0.02177459 0.02229289 0.01871749 0.04446427 0.01477219 0.01211479 0.01745419 0.13962291 0.07774185 0.00532517 0.01216989 0.02606788
100 0.04874690 0.06418399 0.03628660 0.09569639 0.00286042 0.10095399 0.22102198 0.01518150 0.03136240 0.02287020 0.02196730 0.17627698 0.02200810 0.01924090 0.00984870 0.04840050 0.02066270 0.00161878 0.01564280 0.02516890
101 0.07566296 0.04257664 0.03392983 0.14341812 0.00545961 0.08500447 0.26897822 0.03500903 0.02709002 0.01494911 0.02882032 0.06873616 0.01291551 0.01248471 0.01428991 0.05568565 0.03152273 0.00391396 0.01071221 0.02884082
102 0.05354238 0.17790994 0.04518789 0.04541049 0.00631322 0.05601678 0.06369978 0.03124409 0.02759009 0.02268839 0.02642379 0.19743794 0.01659789 0.01929499 0.01407270 0.09569817 0.04797529 0.00508529 0.01235970 0.03545119
103 0.04274411 0.01487480 0.01194450 0.00674392 0.00881557 0.01469510 0.01649800 0.01691240 0.00888162 0.13671003 0.33773907 0.01332320 0.07743962 0.07059541 0.01244050 0.02503781 0.02903981 0.00540529 0.02593121 0.12422802
104 0.21061204 0.01332720 0.02997381 0.02460530 0.03954391 0.01026980 0.01339160 0.35494207 0.01972770 0.01559010 0.01381820 0.01192090 0.00459421 0.01091880 0.00892486 0.14019303 0.05305391 0.00423717 0.00443287 0.01592250
105 0.12168399 0.02905530 0.03014920 0.17515898 0.00641815 0.07793809 0.28599197 0.03728030 0.02078960 0.00839754 0.01584070 0.04861379 0.00461467 0.00499939 0.01242670 0.05678789 0.02582310 0.00209921 0.00623655 0.02969490
106 0.07601239 0.04255270 0.03409000 0.14208299 0.00536446 0.08468879 0.26783798 0.03346130 0.02750310 0.01509890 0.02968050 0.06870429 0.01312630 0.01268020 0.01517000 0.05539230 0.03201600 0.00408023 0.01122500 0.02923260
107 0.04796916 0.00987593 0.01115879 0.00468103 0.01355879 0.01487629 0.00941112 0.01059309 0.00783800 0.26692379 0.17281987 0.01347139 0.05310436 0.03376167 0.01460949 0.03104698 0.02955288 0.00569826 0.01501029 0.23403882
108 0.05841051 0.07370801 0.02184330 0.01518700 0.01089420 0.01155680 0.02401530 0.02453190 0.03026680 0.03709610 0.04888460 0.02107300 0.05781541 0.08102681 0.01042700 0.04819530 0.05617081 0.27815903 0.06064511 0.03009300
109 0.03405521 0.00367794 0.00577823 0.00131358 0.01306180 0.00537347 0.00220271 0.00339454 0.00180189 0.31834511 0.17018706 0.00644675 0.05098232 0.02237731 0.00669693 0.02096451 0.02538741 0.00430268 0.00724042 0.29641011
110 0.04871997 0.02773288 0.02303289 0.01088789 0.01092849 0.02502708 0.02221039 0.01518959 0.01503739 0.13608592 0.21459787 0.03081238 0.10801694 0.05161027 0.01433799 0.04355127 0.03995068 0.01888149 0.02061069 0.12277793
111 0.06980941 0.05752591 0.03394601 0.02745580 0.01332000 0.10177502 0.06215491 0.02664240 0.03495081 0.06442491 0.13270902 0.05916991 0.03855311 0.03291961 0.02288050 0.09912802 0.04725421 0.00534642 0.02290950 0.04712451
112 0.04248491 0.07567121 0.04067561 0.02374050 0.01048220 0.13326702 0.08471441 0.01679800 0.09776842 0.05207751 0.11213102 0.07203081 0.04022321 0.03810491 0.01358020 0.04557171 0.03456951 0.00551634 0.03998051 0.02061200
113 0.12880788 0.03773586 0.04392996 0.01999958 0.04095426 0.02791437 0.01699428 0.04728816 0.01730388 0.02396718 0.01661368 0.01921598 0.01669228 0.01117739 0.02833347 0.25755276 0.19633881 0.00530036 0.00814607 0.03573377
114 0.08166759 0.06862219 0.03966720 0.06193899 0.00901440 0.13300399 0.12622799 0.03989600 0.03227020 0.04346060 0.04549189 0.08347829 0.02339410 0.02242520 0.02440780 0.06841139 0.04334050 0.00439721 0.01850240 0.03038210
115 0.06851034 0.01122941 0.01426511 0.01173571 0.01342851 0.01112991 0.01632271 0.01051121 0.00593966 0.21958214 0.15437910 0.02083561 0.04772223 0.03081542 0.01070951 0.04061093 0.04492813 0.00443522 0.01435901 0.24855015
116 0.07417901 0.01255100 0.01692390 0.00568611 0.04721941 0.01378420 0.00551606 0.01602950 0.01148950 0.22413304 0.13624502 0.01230890 0.04359241 0.02972351 0.01155330 0.06366141 0.05475191 0.00529015 0.01411660 0.20124504
117 0.08095311 0.06834621 0.04028860 0.06123001 0.00957656 0.13071902 0.12527902 0.04060270 0.03230030 0.04357871 0.04859151 0.08251811 0.02438490 0.02337760 0.02413790 0.06740151 0.04318981 0.00401642 0.01905570 0.03045230
118 0.06977922 0.04048121 0.02282181 0.01485020 0.00905517 0.02082951 0.02311431 0.07648203 0.02134371 0.04695742 0.08327133 0.01764451 0.12736504 0.04380901 0.01483140 0.05705972 0.05818302 0.18948406 0.02824301 0.03439431
119 0.04143445 0.01399858 0.01133639 0.00576829 0.00839835 0.01433358 0.01575418 0.01672718 0.00837503 0.13968383 0.33816659 0.01288398 0.07735371 0.07165081 0.01158839 0.02412607 0.02951296 0.00581219 0.02647057 0.12662485
120 0.27981004 0.01841680 0.02659240 0.03151811 0.03001130 0.02785000 0.03692981 0.08458721 0.02095900 0.04199211 0.03900801 0.02589090 0.01465310 0.01636860 0.02689340 0.14255302 0.06123191 0.00640434 0.01044170 0.05788821
121 0.27926403 0.01891950 0.02504660 0.03110840 0.03016110 0.02722670 0.03683610 0.08589281 0.02032090 0.04180020 0.04074630 0.02531870 0.01482080 0.01635270 0.02578530 0.14233102 0.06168441 0.00673839 0.01087790 0.05876811
122 0.08312837 0.01548709 0.03970669 0.03770089 0.01124720 0.01596209 0.02133989 0.57400581 0.01597489 0.01210780 0.01851139 0.01849049 0.00548266 0.01085640 0.01097470 0.06421508 0.02504689 0.00343229 0.00532238 0.01100700
123 0.07630230 0.00621418 0.01510460 0.00405453 0.01546610 0.00750189 0.00536949 0.00780558 0.00501356 0.23577101 0.13904400 0.01765930 0.04641960 0.02523760 0.01430310 0.05286890 0.05034660 0.00361334 0.01126230 0.26064201
124 0.07621800 0.01402800 0.02487470 0.00685640 0.01096030 0.01915210 0.01419820 0.01060860 0.02078240 0.16692100 0.12757800 0.01610150 0.12177100 0.03196210 0.09014750 0.06472800 0.04161160 0.01187360 0.01685100 0.11277600
125 0.03977673 0.00384578 0.00636022 0.00164470 0.01268471 0.00570458 0.00369328 0.00591194 0.00177644 0.26928920 0.20806016 0.00864540 0.05601514 0.03162262 0.00381985 0.02328362 0.03352163 0.00368705 0.00970473 0.27095220
126 0.04829400 0.03050090 0.02492090 0.01160880 0.01081120 0.02541480 0.02356370 0.01475880 0.01587540 0.13200501 0.21181602 0.03334260 0.11094601 0.05230421 0.01456540 0.04247780 0.03897940 0.01882410 0.02108190 0.11790901
127 0.06827820 0.13156700 0.05219680 0.05917840 0.00927741 0.05031340 0.06724430 0.04632100 0.02833140 0.02446570 0.02589350 0.14309300 0.01590630 0.01958480 0.01743480 0.11830300 0.06059650 0.00597867 0.01336650 0.04266930
128 0.06803930 0.04465990 0.21661400 0.10723900 0.01286320 0.03579140 0.04542610 0.05218750 0.02835760 0.02755830 0.03344430 0.05943140 0.01987110 0.02381740 0.01814490 0.08774470 0.05416290 0.00636772 0.02463220 0.03364710
129 0.03208238 0.00558222 0.00475865 0.00133097 0.00956702 0.00953841 0.00786045 0.01041139 0.00319083 0.22454087 0.30615183 0.00481771 0.07262096 0.05050857 0.00462989 0.01835749 0.02324619 0.00374719 0.01322109 0.19383589
130 0.03292682 0.00342079 0.00533354 0.00119798 0.01314801 0.00510064 0.00182003 0.00283828 0.00171169 0.32382315 0.16620108 0.00582279 0.05054962 0.02121431 0.00610324 0.02073701 0.02481111 0.00421704 0.00685771 0.30216514
131 0.04064068 0.27854886 0.03840658 0.02718699 0.00808222 0.05279757 0.04251798 0.02426949 0.03814628 0.01676799 0.03255748 0.16609991 0.01921499 0.02236139 0.01464619 0.07659066 0.04611178 0.01517039 0.01655419 0.02332839
132 0.04221731 0.01473070 0.01139630 0.00602141 0.00879017 0.01452720 0.01715730 0.01602610 0.00882075 0.13831203 0.33855307 0.01328560 0.07736742 0.07108541 0.01254580 0.02459151 0.02867221 0.00542716 0.02634551 0.12412703
133 0.08868402 0.02187450 0.04010891 0.26634205 0.00532066 0.06769181 0.27858006 0.01836840 0.02474100 0.00394446 0.01118980 0.05657181 0.00200042 0.00312945 0.00685944 0.05220921 0.01646530 0.00112460 0.00583577 0.02895831
134 0.23820693 0.00972154 0.02226039 0.01362880 0.02144319 0.01052020 0.01668400 0.03738329 0.01059670 0.08114098 0.06201758 0.02731329 0.02793489 0.02149039 0.03359129 0.09848217 0.07052598 0.00311535 0.01537010 0.17857295
135 0.09333834 0.01190089 0.01388759 0.00838894 0.01128639 0.01664319 0.01740269 0.02525418 0.00823892 0.10957993 0.30045181 0.01631639 0.06898226 0.05850856 0.01100449 0.04117227 0.04031457 0.00470396 0.02019269 0.12243192
136 0.05906558 0.01174740 0.01860749 0.00731832 0.01029750 0.01155760 0.01241860 0.01060840 0.02237979 0.08700947 0.11709296 0.02042609 0.03199189 0.16813295 0.01359500 0.03258789 0.03683109 0.01353110 0.18551394 0.12928696
137 0.04199832 0.01462991 0.01163671 0.00666620 0.00872985 0.01426181 0.01661491 0.01650411 0.00882477 0.13878907 0.33659017 0.01299341 0.07703874 0.06976864 0.01374461 0.02511881 0.02933001 0.00560957 0.02548631 0.12566406
138 0.03243070 0.02207550 0.01997160 0.00726500 0.00962965 0.01579270 0.01365540 0.01745690 0.02464960 0.05706320 0.13521700 0.02591880 0.03249810 0.28258800 0.00699684 0.02807080 0.02777200 0.01875400 0.16778700 0.05440720
139 0.17576999 0.02458240 0.03539770 0.04178190 0.02295820 0.01900500 0.02816860 0.32251898 0.02460020 0.01305210 0.01103110 0.02224660 0.00390525 0.01065610 0.01602760 0.14743499 0.05740390 0.00546163 0.00393188 0.01406590
140 0.03506129 0.00722761 0.00564144 0.00135875 0.00789498 0.01049540 0.00980439 0.01390059 0.00465173 0.16297494 0.33490388 0.00644817 0.07710437 0.10228296 0.00441412 0.01769359 0.02383099 0.00423048 0.03268739 0.13739295
141 0.15405188 0.01977518 0.02754928 0.01293239 0.06132795 0.01708119 0.01004869 0.02589128 0.01447179 0.09006363 0.10010092 0.02393218 0.07015014 0.03177597 0.01626029 0.09742782 0.07518194 0.01042319 0.01928438 0.12226990
142 0.03470319 0.00353055 0.00571284 0.00125241 0.01321490 0.00547910 0.00205561 0.00324278 0.00183387 0.31873190 0.16784495 0.00617038 0.05070318 0.02222989 0.00705202 0.02108039 0.02562719 0.00425370 0.00739725 0.29788391
143 0.08470937 0.01541850 0.03970749 0.03786039 0.01123910 0.01637539 0.02157049 0.57094582 0.01559960 0.01195940 0.01916169 0.01836119 0.00553710 0.01083910 0.01101850 0.06488308 0.02468459 0.00340624 0.00565337 0.01106960
144 0.20787805 0.02224891 0.04966141 0.13311303 0.02223441 0.03718651 0.10824903 0.06442152 0.02418421 0.01559340 0.01297410 0.03777831 0.00524190 0.00831243 0.01463060 0.14312204 0.05261291 0.00513302 0.00596969 0.02945451
145 0.28632892 0.01229240 0.02368779 0.02007379 0.04524389 0.00819835 0.01281700 0.23545993 0.02316389 0.01437850 0.00868481 0.00900681 0.00254631 0.00791829 0.00928708 0.19171295 0.06729338 0.00487015 0.00212028 0.01491550
146 0.02595919 0.00331486 0.00382142 0.00070788 0.01289560 0.00493730 0.00122399 0.00223538 0.00148315 0.34063289 0.16956294 0.00352799 0.05094008 0.02027169 0.00588969 0.01733069 0.01987679 0.00442144 0.00600213 0.30496490
147 0.32656685 0.01378189 0.02237419 0.01825569 0.04440048 0.01513049 0.01833099 0.09090976 0.02307239 0.02385799 0.01632359 0.01331859 0.00697636 0.00883191 0.01442459 0.21712690 0.08346566 0.00506983 0.00454445 0.03323739
148 0.10404198 0.03407149 0.02988049 0.03826359 0.00806448 0.06655799 0.12014797 0.13156197 0.02536749 0.05629919 0.08754018 0.04872229 0.02718339 0.02767159 0.02073510 0.07147778 0.04599549 0.00663684 0.01380210 0.03597859
149 0.03208170 0.00576092 0.00483943 0.00130451 0.00960975 0.00965440 0.00789263 0.01063250 0.00311970 0.22305797 0.30792996 0.00462168 0.07312939 0.05102659 0.00432746 0.01827230 0.02328130 0.00385056 0.01311430 0.19249297
150 0.03188659 0.00719850 0.00515455 0.00165786 0.00885517 0.00962835 0.00846436 0.01079260 0.00341030 0.21057695 0.31855992 0.00474771 0.08675128 0.05208639 0.00465313 0.01800450 0.02184809 0.00473003 0.01234680 0.17864695
151 0.07008449 0.02539270 0.02289560 0.01382190 0.00753074 0.02604720 0.02423030 0.02598390 0.01320800 0.04054760 0.05866209 0.02261970 0.01275180 0.01038720 0.45892495 0.06236729 0.06104819 0.00398086 0.01015030 0.02936520
152 0.04167417 0.27368481 0.03853487 0.02737318 0.00819029 0.05272886 0.04360307 0.02423008 0.03855317 0.01735259 0.03391328 0.16469288 0.01968019 0.02272628 0.01514219 0.07598555 0.04631917 0.01533139 0.01674199 0.02354198
153 0.06958108 0.02470339 0.02323609 0.01302970 0.00734139 0.02565499 0.02440559 0.02443269 0.01304870 0.04117959 0.05930878 0.02155669 0.01346970 0.01090230 0.46089787 0.06203598 0.06177488 0.00437250 0.00983050 0.02923759
154 0.03766260 0.01329760 0.01190280 0.00356713 0.01130750 0.01564420 0.01055540 0.01295170 0.01359650 0.14523200 0.19975500 0.01856020 0.05384230 0.18670700 0.00634860 0.02594940 0.02790070 0.00863597 0.07806540 0.11851800
155 0.34580584 0.01110350 0.02046299 0.01582249 0.04534348 0.01370339 0.01653529 0.09533056 0.02312349 0.02386659 0.01529449 0.01192669 0.00614103 0.00832809 0.01434259 0.21253690 0.07845086 0.00484761 0.00428012 0.03275399
156 0.06565131 0.04553921 0.21748603 0.10666701 0.01329880 0.03564370 0.04409291 0.05362661 0.02754380 0.02828540 0.03372540 0.05881571 0.02075820 0.02432170 0.01885260 0.08636361 0.05441011 0.00643168 0.02380340 0.03468280
157 0.05254697 0.00484303 0.00659549 0.00177592 0.00654849 0.01000949 0.01115579 0.02397209 0.00229623 0.12318892 0.38020477 0.00632230 0.09140024 0.07058096 0.00537378 0.02183869 0.03218778 0.00380417 0.01851199 0.12684292
158 0.01475970 0.00926161 0.01721240 0.00179448 0.00613695 0.00744446 0.00497884 0.01002280 0.02522710 0.03260501 0.13261703 0.01140740 0.01849570 0.36558607 0.00276437 0.01228620 0.01641270 0.01619120 0.25967205 0.03512391
159 0.02320101 0.00321055 0.00353859 0.00058241 0.01294661 0.00466635 0.00095132 0.00176429 0.00127644 0.34618218 0.16826909 0.00319900 0.05068903 0.01928711 0.00429457 0.01664611 0.01928301 0.00437999 0.00542718 0.31020516
160 0.03904402 0.19110608 0.09082884 0.03900632 0.00923909 0.09106804 0.06429293 0.02481271 0.05148202 0.01837971 0.03009981 0.13339205 0.02130211 0.02093021 0.01582601 0.07354753 0.04611002 0.00444290 0.01865311 0.01643651
161 0.02874278 0.02393358 0.02841648 0.00951207 0.00747626 0.01540069 0.01550059 0.01186249 0.06076325 0.03215178 0.07302484 0.02545018 0.01695349 0.20374584 0.00860971 0.03256177 0.02579928 0.02020528 0.32596275 0.03392687
162 0.02789190 0.02458190 0.02801070 0.00980526 0.00782436 0.01521500 0.01593920 0.01212610 0.06024460 0.03196140 0.07307740 0.02564630 0.01676000 0.20363601 0.00917765 0.03208880 0.02537090 0.02005410 0.32772801 0.03286040
163 0.14195100 0.03046780 0.03208230 0.15034300 0.00906861 0.07020030 0.22838600 0.05027880 0.02211740 0.01341960 0.02069540 0.05082020 0.00702378 0.00810218 0.01622300 0.07165160 0.03206730 0.00364620 0.00764561 0.03380990
164 0.03498658 0.00361280 0.00594114 0.00118846 0.01314619 0.00530713 0.00192604 0.00343186 0.00196857 0.31743186 0.16843792 0.00626637 0.05074698 0.02245329 0.00705418 0.02141889 0.02585679 0.00421970 0.00735440 0.29725087
165 0.15939795 0.02456829 0.07230138 0.11942796 0.01483830 0.03828339 0.06616678 0.03771179 0.02214169 0.06972768 0.03513259 0.04999678 0.02020619 0.01625349 0.02958069 0.08684967 0.05107098 0.00651263 0.01455300 0.06527878
166 0.03176410 0.00752817 0.00719289 0.00230734 0.01168230 0.01073910 0.00648871 0.00630522 0.00675780 0.27333602 0.20786701 0.00856502 0.08139750 0.03500200 0.00750779 0.02379910 0.02347390 0.00732080 0.01011120 0.23085401
167 0.09912886 0.05188173 0.04684783 0.08798665 0.01035251 0.04559273 0.12279007 0.15981109 0.03207902 0.00944601 0.00994476 0.05066123 0.00418356 0.01382491 0.02233501 0.13704408 0.06575984 0.00858591 0.00543620 0.01630801
168 0.10388104 0.05040962 0.03299961 0.03043491 0.01058910 0.02593761 0.04446372 0.01263860 0.01250480 0.07286703 0.07255803 0.09544383 0.03181001 0.02600191 0.00999310 0.06860152 0.07874863 0.00336394 0.01573291 0.20102007
169 0.08102330 0.06755790 0.03863150 0.06203930 0.00925244 0.13367101 0.12836101 0.04121740 0.03224320 0.04314510 0.04549590 0.08324270 0.02432430 0.02247460 0.02528880 0.06767640 0.04268870 0.00395750 0.01839730 0.02931160
170 0.04200629 0.01505270 0.01181700 0.00630155 0.00872170 0.01445520 0.01718230 0.01705500 0.00874942 0.14024297 0.33483293 0.01318440 0.07732198 0.06913228 0.01224430 0.02482439 0.02880929 0.00515475 0.02624759 0.12666397
171 0.04095361 0.27536507 0.03895551 0.02641201 0.00809505 0.05303591 0.04275091 0.02426531 0.03838421 0.01643960 0.03317951 0.16497804 0.01880450 0.02308061 0.01557950 0.07738952 0.04669621 0.01431390 0.01853990 0.02278111
172 0.03591430 0.00373704 0.00532878 0.00118606 0.01132170 0.00631459 0.00483696 0.00792991 0.00168967 0.24798402 0.25587602 0.00632251 0.06315690 0.03976570 0.00354382 0.02006490 0.02954680 0.00372779 0.01080750 0.24094502
173 0.07944718 0.03183169 0.08099108 0.22200096 0.00714959 0.05299339 0.18250296 0.05420499 0.02725279 0.01042530 0.01851690 0.06010269 0.00837439 0.00925958 0.01149910 0.07055019 0.03261219 0.00367947 0.00898457 0.02762099
174 0.07574089 0.04287020 0.03362340 0.14438099 0.00530128 0.08461599 0.26833998 0.03383840 0.02744780 0.01483410 0.02951570 0.06880399 0.01309850 0.01286390 0.01485050 0.05489490 0.03116310 0.00425320 0.01071000 0.02885320
175 0.08837336 0.02191029 0.04034308 0.26620287 0.00528346 0.06738487 0.27903486 0.01866759 0.02491249 0.00407644 0.01117719 0.05669737 0.00192401 0.00328908 0.00660533 0.05201997 0.01629329 0.00097098 0.00580000 0.02903349
176 0.08084778 0.03107469 0.08124418 0.22597194 0.00741526 0.05370308 0.18610795 0.05157189 0.02703459 0.01006950 0.01779060 0.05973358 0.00780787 0.00895791 0.01074800 0.06892428 0.03089559 0.00380764 0.00877440 0.02751929
177 0.06734554 0.01171861 0.01483451 0.01183521 0.01342641 0.01135161 0.01638031 0.01066641 0.00584638 0.22017011 0.15401008 0.02031181 0.04715832 0.03099662 0.01145511 0.04077162 0.04530122 0.00450110 0.01411491 0.24780413
178 0.36117996 0.00815619 0.01831390 0.00761073 0.06443079 0.00711702 0.00616492 0.09055319 0.02380710 0.02006500 0.01229500 0.00489852 0.00494209 0.00673777 0.00866078 0.23534598 0.08921399 0.00424037 0.00304321 0.02322350
179 0.03376920 0.05387331 0.02479750 0.02038030 0.00232313 0.16652402 0.25062403 0.02061060 0.04127300 0.03302230 0.04473881 0.11277801 0.05687781 0.02295220 0.01045400 0.03207470 0.03487890 0.00217845 0.01567380 0.02019590
