1 0.02874529 0.00366380 0.00405264 0.00137289 0.01005470 0.00514094 0.00320761 0.00580290 0.00105531 0.28824789 0.22854091 0.00312893 0.06328268 0.03322909 0.00214332 0.01932909 0.02162059 0.00498543 0.00794111 0.26445490
2 0.11872705 0.04458712 0.03354211 0.02141241 0.00982494 0.03491671 0.03093311 0.03318751 0.06659953 0.05007772 0.03729901 0.03387761 0.01768951 0.02557631 0.21399109 0.08317733 0.05092212 0.00644376 0.03748521 0.04972982
3 0.07753639 0.04756109 0.06369959 0.11604298 0.01065110 0.04088999 0.07205019 0.18003797 0.03777799 0.01046790 0.01266500 0.05195519 0.00571005 0.01693280 0.01854460 0.11821398 0.09070538 0.00619096 0.00543588 0.01693100
4 0.06578741 0.01447490 0.01073190 0.01120080 0.01379730 0.01146850 0.01467200 0.01027290 0.00736104 0.22205304 0.15749403 0.01704330 0.04791041 0.02851670 0.01366830 0.03992301 0.04673641 0.00692319 0.01517080 0.24479404
5 0.14948209 0.06979364 0.04890383 0.06843804 0.01618311 0.05145093 0.07840405 0.05149623 0.02578591 0.02629192 0.02091161 0.10599506 0.01236211 0.01991161 0.02259151 0.12248307 0.05335713 0.00560492 0.01152031 0.03903292
6 0.06281850 0.02918060 0.16584800 0.17131401 0.00914707 0.05338800 0.07957650 0.04080360 0.03319510 0.04568720 0.02694290 0.06689180 0.02056370 0.01677810 0.01437560 0.07047760 0.04578690 0.00445650 0.01205840 0.03070990
7 0.20294217 0.02659172 0.03412483 0.03849063 0.02846032 0.01980142 0.02795252 0.24622621 0.01952142 0.01326741 0.01584471 0.01968312 0.00579853 0.01334331 0.02101132 0.17229915 0.06752506 0.00693854 0.00432469 0.01585291
8 0.04791967 0.01041619 0.00968083 0.00576795 0.01231699 0.01728399 0.01401049 0.01111849 0.00800298 0.25600884 0.18156389 0.01177729 0.05612267 0.03273048 0.01023689 0.03171278 0.03110338 0.00611425 0.01528809 0.23082386
9 0.05965155 0.04812024 0.02909442 0.08691807 0.00361445 0.05893825 0.20229517 0.03454193 0.01131991 0.02017782 0.02691322 0.10715909 0.01006411 0.01672831 0.15281213 0.05800615 0.04005133 0.00281272 0.01111181 0.01966932
10 0.01330870 0.00968387 0.01538230 0.00394087 0.00356309 0.00912300 0.00224743 0.00233008 0.04305059 0.02678289 0.07684708 0.01388300 0.01281830 0.34568890 0.00242236 0.01770859 0.01645310 0.02909289 0.33243390 0.02323909
11 0.04008663 0.08812037 0.05464744 0.02228112 0.00782551 0.03513883 0.06339955 0.01715861 0.06947216 0.02883282 0.03851763 0.13776311 0.01624131 0.09198397 0.01332681 0.04104073 0.02601742 0.01461501 0.16991914 0.02361182
12 0.03817468 0.01896559 0.02000519 0.01064659 0.00874078 0.01498859 0.01265899 0.01361549 0.03067919 0.05804897 0.13832893 0.02059279 0.03358218 0.25977088 0.01100369 0.03200628 0.02745719 0.02082459 0.17892091 0.05098848
13 0.07362686 0.02092222 0.12951711 0.25865121 0.00469749 0.05387104 0.18769816 0.02706042 0.02244222 0.00778573 0.01521771 0.06575375 0.00435718 0.00859833 0.00746675 0.05798925 0.02239692 0.00238863 0.00682260 0.02273642
14 0.08260289 0.02020810 0.04317430 0.26965098 0.00619709 0.05664930 0.28445698 0.02302020 0.01271420 0.00731151 0.00952540 0.06295410 0.00166307 0.00533703 0.01003480 0.05035080 0.01701070 0.00111852 0.00569525 0.03032480
15 0.04730008 0.25692787 0.03388518 0.02508619 0.00974121 0.05805827 0.04205358 0.02709849 0.03642018 0.01946149 0.03994948 0.17215791 0.01706939 0.02112539 0.02415099 0.06781627 0.03932718 0.01302939 0.01885419 0.03048728
16 0.07621428 0.01672439 0.04444289 0.04468349 0.01508510 0.01542000 0.02003709 0.57719083 0.00933697 0.01226620 0.01804659 0.01707739 0.00686728 0.00877527 0.00903665 0.06886918 0.02179469 0.00314345 0.00424168 0.01074660
17 0.06575836 0.01394539 0.01131289 0.01160389 0.01381709 0.01171199 0.01527629 0.01080749 0.00751255 0.22349286 0.15621990 0.01626159 0.04799517 0.02888948 0.01429729 0.03966108 0.04513567 0.00730778 0.01542639 0.24356685
18 0.05602942 0.13897405 0.03295441 0.02508021 0.00853753 0.13582205 0.09683464 0.02070771 0.02847931 0.07005463 0.04663492 0.10462104 0.01556421 0.01193510 0.01708071 0.09951154 0.04241832 0.00471210 0.01233750 0.03171061
19 0.07462048 0.04057759 0.03433889 0.13675096 0.00563583 0.08498867 0.26572291 0.03546549 0.01626949 0.02441369 0.03078669 0.07951627 0.00845931 0.01137520 0.02058279 0.05758628 0.02947019 0.00419448 0.01115150 0.02809329
20 0.03702248 0.00639108 0.00509196 0.00189516 0.00906132 0.00749042 0.00635187 0.00924203 0.00212847 0.21618891 0.29255388 0.00540686 0.07430777 0.05265988 0.00360472 0.02316549 0.02630549 0.00530373 0.01170760 0.20412091
21 0.16052401 0.04006970 0.04234160 0.03545700 0.02738660 0.03253700 0.03756050 0.06685671 0.02460910 0.03372780 0.03550410 0.03398810 0.01506310 0.01957270 0.02789150 0.19306702 0.10663501 0.00835702 0.01529420 0.04355720
22 0.04186880 0.01619790 0.00954420 0.00508400 0.00806381 0.01710490 0.01648420 0.01409180 0.00750263 0.14942401 0.32193202 0.01125450 0.07902071 0.07431061 0.01148380 0.02754450 0.02568410 0.00709949 0.02507900 0.13122501
23 0.04040260 0.15156401 0.06226460 0.02430660 0.00966103 0.04280430 0.03448620 0.01287340 0.02913510 0.03740290 0.04962430 0.19765301 0.08809201 0.02177680 0.01852760 0.05493860 0.04941800 0.01238440 0.01783700 0.04484750
24 0.07494003 0.01746851 0.04489162 0.04497872 0.01508291 0.01467821 0.01934031 0.57740327 0.00983753 0.01245781 0.01719591 0.01679971 0.00684610 0.00829427 0.00922256 0.06939013 0.02267191 0.00339044 0.00411674 0.01099331
25 0.03039560 0.00743897 0.00708651 0.00222971 0.01104970 0.00903913 0.00595877 0.00806281 0.00342656 0.26583298 0.22701899 0.00617976 0.08068480 0.03628020 0.00440564 0.02242840 0.02579430 0.00744856 0.00923664 0.23000199
26 0.35689706 0.01426860 0.01431220 0.01960720 0.03592001 0.01846820 0.02577140 0.16903603 0.01878740 0.01696280 0.02059460 0.01256990 0.00541311 0.01230220 0.02514360 0.15262803 0.05283691 0.00575529 0.00302902 0.01969640
27 0.02788171 0.00617459 0.00583347 0.00196358 0.01094760 0.00749002 0.00487023 0.00691233 0.00262539 0.28854812 0.21268509 0.00491930 0.07618823 0.03126331 0.00325803 0.02019131 0.02296271 0.00701118 0.00811767 0.25015610
28 0.08072069 0.02276540 0.03582349 0.25036895 0.00575146 0.06133549 0.30289695 0.02479550 0.01129900 0.00769995 0.00956019 0.06659379 0.00175494 0.00537234 0.01112960 0.04911929 0.01795170 0.00100808 0.00595872 0.02809449
29 0.03723038 0.00388917 0.00487922 0.00220141 0.01181789 0.00535599 0.00349603 0.00460845 0.00256933 0.30931781 0.17046289 0.00508531 0.05254247 0.02020839 0.00608762 0.02231629 0.02753818 0.00515130 0.00811208 0.29712982
30 0.04403650 0.12813301 0.03350630 0.06111371 0.00261539 0.08874361 0.20069602 0.02996050 0.01473530 0.02895060 0.01992610 0.18302802 0.00819980 0.01065710 0.01311930 0.06133771 0.02754160 0.00406232 0.01552330 0.02411380
31 0.07684203 0.01669271 0.04473932 0.04453072 0.01526591 0.01524221 0.02007181 0.57161821 0.00987412 0.01292040 0.01799221 0.01677511 0.00694291 0.00865020 0.00946251 0.07017043 0.02308821 0.00327251 0.00438319 0.01146530
32 0.03451920 0.00527975 0.00453268 0.00139543 0.00797170 0.00722200 0.00614011 0.00965579 0.00163153 0.20595899 0.31889399 0.00400052 0.07918030 0.05868100 0.00269669 0.02194680 0.02367320 0.00485323 0.01197510 0.18979199
33 0.03130542 0.00581034 0.00408698 0.00102403 0.00709865 0.01007061 0.00779893 0.00997596 0.00188750 0.20931314 0.33074021 0.00273162 0.08273865 0.06021414 0.00215303 0.02033651 0.01892421 0.00486723 0.01126671 0.17765612
34 0.05525816 0.11352292 0.02423838 0.01791699 0.00978184 0.02395328 0.04540487 0.02604648 0.02338078 0.01408749 0.04892677 0.05189966 0.01044489 0.02792398 0.33732776 0.06856505 0.05878916 0.00626076 0.01599689 0.02027389
35 0.01118190 0.00559666 0.01381930 0.00341775 0.00322106 0.00895030 0.00170485 0.00182874 0.03640611 0.02929031 0.07889102 0.01093330 0.01306070 0.38485411 0.00148266 0.01618100 0.01646650 0.02673481 0.31322909 0.02274981
36 0.04901120 0.20696298 0.05347109 0.02690630 0.01041580 0.04558100 0.02924350 0.02525270 0.10619999 0.01560550 0.03805910 0.12062199 0.01308860 0.03952530 0.01462620 0.06957839 0.04090430 0.01352660 0.06290939 0.01851010
37 0.16072313 0.04069453 0.04222843 0.03562333 0.02646592 0.03265113 0.03827773 0.06550475 0.02427552 0.03329793 0.03610563 0.03447393 0.01477831 0.02012262 0.02803562 0.19459716 0.10560709 0.00873160 0.01414681 0.04365884
38 0.03161548 0.02528049 0.02476869 0.01045549 0.00884995 0.01444539 0.01486699 0.00895806 0.05489877 0.03610878 0.07456996 0.02830148 0.01641209 0.22334288 0.00953152 0.03366128 0.02488019 0.02475379 0.29882184 0.03547688
39 0.05608198 0.15359894 0.03897938 0.03017249 0.01805639 0.02587139 0.04825588 0.04329448 0.08813196 0.01134730 0.02782649 0.04732978 0.01579309 0.02556469 0.01219740 0.13598595 0.05417218 0.12241495 0.02406549 0.02085979
40 0.03783932 0.01901261 0.02002621 0.01057540 0.00839204 0.01405851 0.01213621 0.01415771 0.03116491 0.05782963 0.14201807 0.02027151 0.03386472 0.25829312 0.01178951 0.03163551 0.02584421 0.02062491 0.17943908 0.05102682
41 0.07213583 0.07525513 0.04368492 0.06132992 0.00916081 0.13339405 0.12926505 0.03598101 0.02784571 0.04890422 0.05474592 0.07703133 0.01658851 0.01992551 0.02095191 0.07214193 0.04893752 0.00567011 0.01637171 0.03067891
42 0.16779193 0.03774638 0.02650709 0.04910608 0.01862189 0.02779679 0.03327549 0.12650495 0.02211879 0.01527619 0.02388999 0.03022179 0.01088110 0.04883018 0.10331896 0.16825493 0.05607368 0.00676691 0.00871420 0.01830269
43 0.02319231 0.01295701 0.01345251 0.00536985 0.00611154 0.01161510 0.00779833 0.00560108 0.03468271 0.05167672 0.14408706 0.01619181 0.02804991 0.24607310 0.00467748 0.02250711 0.01977741 0.02541851 0.27329011 0.04747032
44 0.04303590 0.01637520 0.01013920 0.00566801 0.00792708 0.01677320 0.01609370 0.01509640 0.00805956 0.14678899 0.32757297 0.01130330 0.07926989 0.07400659 0.01013740 0.02832040 0.02567790 0.00684445 0.02263690 0.12827299
45 0.02903379 0.00795980 0.00808033 0.00251815 0.00505764 0.00968606 0.00798116 0.00957879 0.01438289 0.09093226 0.28783187 0.00709044 0.06559927 0.20552591 0.00521487 0.02027389 0.01924069 0.01273799 0.11604795 0.07522627
46 0.04299382 0.01541791 0.01023291 0.00580741 0.00829562 0.01714481 0.01667071 0.01548071 0.00786034 0.14781307 0.32258216 0.01074991 0.07873564 0.07431634 0.00976298 0.02843871 0.02593671 0.00694896 0.02432821 0.13048306
47 0.07180152 0.07479212 0.04464791 0.06107411 0.00899846 0.13168203 0.12903003 0.03676011 0.02793751 0.04789291 0.05522001 0.07722632 0.01715510 0.01882600 0.02153070 0.07259832 0.05058021 0.00552242 0.01586990 0.03085431
48 0.02799377 0.00331811 0.00430958 0.00161472 0.01140869 0.00368093 0.00193759 0.00422416 0.00105264 0.31707169 0.18475382 0.00378001 0.05894654 0.02193478 0.00249974 0.01837708 0.02323998 0.00562447 0.00680901 0.29742271
49 0.21377491 0.02788979 0.03678328 0.03373409 0.03282759 0.02292409 0.02668059 0.11744895 0.02166359 0.01297359 0.01320159 0.01904589 0.00603424 0.01362079 0.02058869 0.21721390 0.12982494 0.00802638 0.00505662 0.02068649
50 0.07298656 0.02756352 0.04834524 0.22216918 0.00624392 0.06792756 0.24225620 0.02752362 0.01563531 0.02706712 0.01631911 0.07697326 0.00450524 0.00820828 0.01140441 0.05823485 0.02325122 0.00170396 0.00939782 0.03228363
51 0.03775554 0.00410410 0.00489750 0.00229419 0.01199421 0.00542029 0.00334830 0.00449682 0.00265411 0.30835231 0.17014117 0.00520845 0.05226555 0.02030582 0.00639501 0.02235542 0.02805493 0.00502663 0.00819235 0.29673730
52 0.08964679 0.07539439 0.06069729 0.04616610 0.01412970 0.04077340 0.03969250 0.03588590 0.09812409 0.03232840 0.04239260 0.05599169 0.01854170 0.06234409 0.02394330 0.08397279 0.05140609 0.01356180 0.08432049 0.03068690
53 0.04795994 0.01013261 0.00909255 0.00545823 0.01219451 0.01645091 0.01355161 0.01026371 0.00777159 0.25829319 0.18289813 0.01190981 0.05547044 0.03250452 0.01066331 0.03141712 0.03022712 0.00579632 0.01505921 0.23288517
54 0.14437996 0.03034199 0.16335696 0.10175797 0.01717970 0.04147039 0.04645589 0.04072889 0.03238559 0.02304229 0.02665169 0.05228979 0.01913860 0.01777250 0.02152039 0.10481797 0.06028288 0.00525835 0.01715040 0.03401779
55 0.27369403 0.02241840 0.02456950 0.03112120 0.03189030 0.02500580 0.03828740 0.08362981 0.02184560 0.04249280 0.04186600 0.02326360 0.01317390 0.01993370 0.02757010 0.13924701 0.06386981 0.00612830 0.01138980 0.05860291
56 0.03417016 0.00385732 0.00480618 0.00214578 0.01146609 0.00564536 0.00375691 0.00440547 0.00239440 0.31429063 0.17444779 0.00463572 0.05378504 0.02076638 0.00544108 0.02139047 0.02438557 0.00514939 0.00784960 0.29521065
57 0.30631103 0.01821980 0.02287690 0.01998910 0.04027340 0.01783450 0.02264110 0.08304091 0.02055770 0.02316690 0.01937960 0.01415080 0.00596065 0.01456730 0.02272280 0.21425702 0.08857161 0.00491331 0.00605403 0.03451150
58 0.05796919 0.06492949 0.03892310 0.02362460 0.01697000 0.06694059 0.03521030 0.04107360 0.02944740 0.02851500 0.03774490 0.03719730 0.04347050 0.03595790 0.01719030 0.10755599 0.12993699 0.12574499 0.02504360 0.03655430
59 0.03194343 0.01042411 0.01115961 0.00301134 0.01110671 0.01199161 0.00900226 0.01094311 0.00614258 0.21998820 0.24610022 0.00901148 0.11458110 0.04413814 0.00620687 0.02574492 0.03211623 0.01125271 0.01006321 0.17507216
60 0.02784452 0.33265021 0.02872782 0.01442031 0.00314820 0.06343034 0.03116222 0.00901435 0.02977482 0.01148471 0.02721442 0.26649917 0.01538501 0.01286771 0.00618422 0.05051763 0.02762582 0.00568511 0.01029821 0.02606522
61 0.04805520 0.01305960 0.01101730 0.00572518 0.00932885 0.01193720 0.01110020 0.01644920 0.01346050 0.10163000 0.28432001 0.01028370 0.06642800 0.14114800 0.01129450 0.04562120 0.02905690 0.00975085 0.07083390 0.08949970
62 0.04085586 0.20820281 0.03667577 0.04055366 0.00291492 0.09008682 0.10259191 0.02275648 0.02162938 0.02357148 0.02208188 0.22873579 0.01312869 0.01158439 0.00779359 0.05855155 0.02999997 0.00358418 0.01119329 0.02350758
63 0.04854621 0.01014850 0.00970219 0.00584858 0.01247370 0.01730060 0.01404670 0.01133650 0.00818485 0.25572906 0.18031604 0.01262600 0.05518891 0.03241341 0.01016680 0.03172751 0.03166431 0.00587516 0.01561690 0.23108805
64 0.06538631 0.03929781 0.19567703 0.12029402 0.01189070 0.04201851 0.04760891 0.06331801 0.03951981 0.02181390 0.03183200 0.05891091 0.02241060 0.02467170 0.01674320 0.08433001 0.05808301 0.00612536 0.02382130 0.02624690
65 0.05007058 0.04926458 0.10000796 0.12769995 0.01362909 0.04406108 0.04309878 0.03998898 0.09301426 0.02481419 0.06634857 0.04196828 0.02019959 0.02346669 0.01502089 0.08704897 0.10591696 0.00816528 0.01669349 0.02952179
66 0.07468657 0.03964998 0.03356609 0.13850995 0.00598525 0.08560787 0.26655190 0.03500469 0.01601419 0.02502359 0.03215069 0.07769037 0.00851308 0.01125580 0.01950499 0.05789778 0.02924549 0.00410516 0.01078810 0.02824849
67 0.08231656 0.02047171 0.04370873 0.26990119 0.00627347 0.05620524 0.28361820 0.02310582 0.01275241 0.00729989 0.00950699 0.06292034 0.00189505 0.00541796 0.01022501 0.04994283 0.01707361 0.00107033 0.00581454 0.03048012
68 0.34100692 0.01488230 0.01791080 0.01883520 0.04049959 0.01616110 0.02603279 0.12719597 0.01809370 0.01619890 0.01700260 0.01310420 0.00503230 0.01304490 0.01841290 0.18059596 0.08220358 0.00526308 0.00310966 0.02541359
69 0.11020493 0.03472318 0.04426697 0.02684468 0.02784378 0.03368048 0.03015598 0.03752648 0.02159339 0.05125397 0.05105737 0.03337678 0.02533888 0.02342069 0.03262418 0.15355391 0.16051990 0.01006109 0.01735839 0.07459496
70 0.03347351 0.00935156 0.00913818 0.00292179 0.01140730 0.01114890 0.00816437 0.01031670 0.00496313 0.23301906 0.24305006 0.00850573 0.09513432 0.04290321 0.00582891 0.02481171 0.02988631 0.00893028 0.01062390 0.19642105
71 0.03097539 0.32473493 0.02645799 0.01573230 0.00432339 0.09138248 0.03980459 0.01168170 0.03031689 0.01643750 0.03491179 0.21403096 0.01513790 0.01040490 0.00584882 0.06118599 0.03003199 0.00515256 0.00644054 0.02500739
72 0.08098645 0.10227294 0.04219947 0.14968691 0.01143149 0.04594297 0.12979992 0.02967358 0.02452978 0.02103259 0.02449538 0.08319915 0.00898129 0.01386509 0.01547959 0.07798225 0.03974728 0.00768682 0.01018609 0.08082095
73 0.05817816 0.04697626 0.02701068 0.10014392 0.00268929 0.14319189 0.29425478 0.02998578 0.01661419 0.03079498 0.04043477 0.07910344 0.00725621 0.00818271 0.01274349 0.04636166 0.02740808 0.00146797 0.00900735 0.01819439
74 0.08588612 0.04320201 0.03805251 0.12498603 0.00749984 0.07166892 0.22723005 0.04427881 0.01797510 0.02208801 0.01945630 0.08593432 0.00609172 0.01130260 0.01905570 0.09351022 0.03784921 0.00589011 0.01034370 0.02769871
75 0.03155732 0.00819670 0.01040711 0.00348275 0.00802500 0.01046461 0.00741171 0.00934289 0.01397301 0.13541707 0.22933612 0.00836171 0.05813663 0.18743910 0.00426332 0.02398991 0.02343041 0.01135451 0.10377805 0.11163206
76 0.27317696 0.02215510 0.02457890 0.03102780 0.03200450 0.02519210 0.03811660 0.08320609 0.02218970 0.04279059 0.04199049 0.02277830 0.01318480 0.02051650 0.02825970 0.13880198 0.06279489 0.00647643 0.01232560 0.05843299
77 0.05892520 0.01853790 0.01410850 0.00774636 0.01744430 0.01912160 0.01665830 0.01538060 0.01209820 0.12846500 0.24654899 0.01715810 0.06537630 0.05423530 0.02024730 0.04539240 0.07472940 0.00856147 0.01866080 0.14060400
78 0.07748591 0.02896080 0.03904251 0.20710703 0.00378786 0.08901901 0.28545004 0.03120650 0.01287280 0.01150090 0.01372770 0.07786301 0.00204209 0.00674024 0.01134380 0.05205111 0.02171160 0.00083371 0.00559277 0.02166060
79 0.24111304 0.01648470 0.01838120 0.01498890 0.02725500 0.01749340 0.02250800 0.04040181 0.02071750 0.07307131 0.04313221 0.01589560 0.01499160 0.01503740 0.03769281 0.14288903 0.08681682 0.00387422 0.01259440 0.13466102
80 0.32673287 0.01983989 0.01838949 0.01205950 0.09901246 0.01279350 0.01257650 0.07852867 0.01754809 0.02277559 0.02431229 0.01118780 0.01252590 0.02437959 0.01386589 0.16976793 0.07598427 0.00392285 0.00795944 0.03583749
81 0.07537030 0.04747780 0.06494360 0.17377300 0.00331322 0.08680220 0.19607000 0.04136290 0.01779720 0.01356100 0.01232570 0.11531800 0.00467482 0.01235300 0.01112410 0.06698910 0.03020250 0.00160601 0.00717885 0.01775670
82 0.04095757 0.00787904 0.00615689 0.00201620 0.00962373 0.01183599 0.00957029 0.01147669 0.00434732 0.19143186 0.31446378 0.00535865 0.07870364 0.05759876 0.00419026 0.03294628 0.02818308 0.00474160 0.01222249 0.16629588
83 0.02291941 0.01310580 0.01359190 0.00528251 0.00599719 0.01124830 0.00727556 0.00514731 0.03550461 0.05039792 0.14126605 0.01634491 0.02777911 0.24860109 0.00482137 0.02225441 0.01969751 0.02557951 0.27663910 0.04654642
84 0.05200434 0.15450513 0.04209903 0.05869385 0.00372487 0.10403809 0.12838511 0.03004622 0.02172592 0.02838482 0.02411832 0.18250615 0.01157871 0.01287601 0.01117231 0.06217655 0.03319373 0.00371380 0.01209841 0.02295862
85 0.07491153 0.04065011 0.03408401 0.13995005 0.00582501 0.08447123 0.26530210 0.03397351 0.01613381 0.02392421 0.03183021 0.07794463 0.00856977 0.01138520 0.02038851 0.05772802 0.02940801 0.00462726 0.01098950 0.02790331
86 0.04732952 0.03726342 0.01956501 0.01235591 0.01273811 0.11987705 0.07216413 0.01495731 0.02476371 0.09529814 0.22385809 0.02192971 0.05273402 0.03735412 0.01333181 0.04165232 0.06766873 0.00627469 0.01462331 0.06426093
87 0.03378090 0.00329708 0.00446183 0.00210332 0.01194170 0.00439731 0.00242078 0.00374158 0.00198838 0.32067504 0.16580402 0.00447039 0.05173251 0.01802850 0.00507416 0.02052180 0.02581160 0.00517684 0.00744320 0.30712904
88 0.04667890 0.25974103 0.03395030 0.02481120 0.01021430 0.05924731 0.04151910 0.02715110 0.03760410 0.01886620 0.03930790 0.17178502 0.01715170 0.02065520 0.02213800 0.06805031 0.03955660 0.01235240 0.01914660 0.03007270
89 0.09667118 0.03189659 0.02419960 0.01620350 0.01835730 0.02377140 0.02389190 0.03311029 0.01914970 0.09705188 0.18959796 0.02335500 0.04732149 0.04359539 0.02029750 0.10879798 0.05667559 0.00787949 0.01978550 0.09839078
90 0.05779172 0.01750680 0.25375507 0.26189707 0.00448789 0.04311771 0.07858012 0.02942081 0.03553641 0.00731715 0.02400771 0.05023931 0.00978627 0.00842537 0.00597032 0.05820842 0.02538321 0.00369966 0.00848067 0.01638830
91 0.06553252 0.01427130 0.01160280 0.01241260 0.01416930 0.01154450 0.01590360 0.01113810 0.00744709 0.21962905 0.15600304 0.01698050 0.04810521 0.02844711 0.01375840 0.03985691 0.04762691 0.00709736 0.01555160 0.24292206
92 0.03265632 0.00645202 0.00461611 0.00147241 0.00807454 0.01094251 0.00834045 0.00956870 0.00248999 0.21736615 0.30868321 0.00372728 0.07857665 0.05645124 0.00253572 0.02152321 0.02108991 0.00493153 0.01215191 0.18835013
93 0.05231113 0.17179411 0.04805153 0.05332074 0.00629748 0.06142824 0.08596956 0.02889832 0.02815972 0.02425122 0.02920622 0.19071713 0.01871611 0.02082861 0.01937081 0.06156214 0.03828063 0.00677176 0.02064621 0.03341832
94 0.02417320 0.00315593 0.00368410 0.00136373 0.01030150 0.00400106 0.00191505 0.00401198 0.00078838 0.32397500 0.19544900 0.00258867 0.05761970 0.02372150 0.00154740 0.01679220 0.01769550 0.00517843 0.00652666 0.29551100
95 0.06551588 0.04098639 0.19316695 0.11883097 0.01185550 0.04252629 0.04778739 0.06150068 0.03981619 0.02228579 0.03231099 0.06030948 0.02325799 0.02367059 0.01680920 0.08429248 0.05883538 0.00624228 0.02374479 0.02625479
96 0.06139050 0.14720100 0.04816840 0.05562360 0.00790334 0.06130940 0.08601610 0.03458970 0.02562170 0.02491620 0.02453120 0.17563200 0.01656880 0.01721050 0.01752080 0.09607960 0.04695780 0.00600564 0.01431900 0.03243470
97 0.02412781 0.00317703 0.00370190 0.00132119 0.01038640 0.00389284 0.00195027 0.00390481 0.00076349 0.32366409 0.19546805 0.00269002 0.05756392 0.02379441 0.00154806 0.01685370 0.01788310 0.00520074 0.00648807 0.29562008
98 0.04235023 0.01492751 0.01048531 0.00621104 0.00794347 0.01660911 0.01652541 0.01488871 0.00784326 0.14801010 0.32472121 0.01064901 0.07946825 0.07468595 0.00978743 0.02789712 0.02563102 0.00698597 0.02413482 0.13024509
99 0.07350241 0.03239650 0.20210903 0.10103601 0.01689820 0.04092731 0.03510330 0.04305211 0.03403210 0.01628540 0.02181280 0.04342381 0.02112830 0.01363320 0.01976210 0.14912102 0.09422131 0.00734587 0.01364500 0.02056420
100 0.05020013 0.05432384 0.03297872 0.09889727 0.00246456 0.08858406 0.27659718 0.03416712 0.00782361 0.03041812 0.01387931 0.16004111 0.00569308 0.00858643 0.01171891 0.05927454 0.02427402 0.00172828 0.01657531 0.02177441
101 0.07524579 0.04127749 0.03415259 0.13769598 0.00585072 0.08480618 0.26423795 0.03395279 0.01641830 0.02417180 0.03222219 0.07815999 0.00911135 0.01147450 0.01999630 0.05786279 0.02980459 0.00398391 0.01116470 0.02841009
102 0.05462460 0.16982401 0.04560770 0.04717060 0.00667953 0.06259330 0.07983470 0.03027240 0.02503140 0.02368370 0.02415690 0.20065501 0.01717730 0.01606090 0.01538550 0.08954021 0.04224380 0.00543721 0.01348150 0.03053970
103 0.04258309 0.01568600 0.01026770 0.00573610 0.00804922 0.01655910 0.01578220 0.01461770 0.00793843 0.15009295 0.32253590 0.01105710 0.07897808 0.07390188 0.00953902 0.02801189 0.02535469 0.00679943 0.02455559 0.13195396
104 0.11176799 0.02643820 0.03713570 0.01983910 0.07494199 0.01849720 0.01593250 0.20123298 0.02002550 0.05500039 0.07139259 0.01810640 0.07479229 0.02294480 0.01716760 0.07733399 0.06208979 0.01130270 0.01591810 0.04814020
105 0.28449405 0.02195880 0.01947580 0.05051691 0.01992060 0.04075131 0.09406672 0.15183803 0.01745330 0.01579790 0.01803720 0.03316391 0.00436910 0.01098090 0.02686160 0.11160702 0.04733911 0.00753570 0.00420953 0.01962250
106 0.07448081 0.04014791 0.03375511 0.13960602 0.00570184 0.08514441 0.26825304 0.03314740 0.01583360 0.02513760 0.03149140 0.07847621 0.00867832 0.01093700 0.02036400 0.05726261 0.02890090 0.00406289 0.01067900 0.02793990
107 0.04902438 0.01021770 0.01017530 0.00617941 0.01198849 0.01779369 0.01432539 0.01201439 0.00794205 0.25490588 0.17842592 0.01247529 0.05484937 0.03240148 0.01151599 0.03242488 0.03128449 0.00579301 0.01555499 0.23070789
108 0.05633301 0.06106221 0.02287960 0.01561640 0.01104540 0.01802730 0.02666481 0.02886101 0.02873341 0.04455951 0.06513721 0.02643371 0.05441921 0.08640112 0.01171390 0.06120091 0.05694471 0.18782004 0.07490951 0.06123701
109 0.03762213 0.00409120 0.00492901 0.00247671 0.01211111 0.00551810 0.00354000 0.00461916 0.00269228 0.30784322 0.17001312 0.00539314 0.05237094 0.02030771 0.00613102 0.02258832 0.02794052 0.00527485 0.00824922 0.29628821
110 0.04434606 0.02459278 0.02668088 0.00964269 0.01388909 0.01894078 0.01625819 0.01825148 0.01374999 0.14243787 0.22426080 0.02633538 0.10954390 0.05408115 0.01341959 0.03798547 0.04181276 0.01804998 0.01928028 0.12644089
111 0.06164050 0.07060470 0.03217170 0.02722060 0.01033820 0.11103399 0.07508759 0.02270270 0.03014330 0.06884800 0.14722999 0.04801410 0.03423540 0.02815710 0.01916540 0.09458749 0.04788950 0.00616787 0.01567040 0.04909150
112 0.04968625 0.07640587 0.03785563 0.02714492 0.00924717 0.17410816 0.11125610 0.01698332 0.07351607 0.05741255 0.12821912 0.03774863 0.02430202 0.02593192 0.01429481 0.04656094 0.03739933 0.00562073 0.02508682 0.02121962
113 0.13164603 0.02357850 0.04931741 0.01779060 0.03048201 0.03318821 0.01583740 0.03916711 0.01674370 0.02038830 0.01633410 0.01594420 0.01098730 0.01036610 0.02473990 0.27450805 0.21909004 0.00559887 0.00987333 0.03441881
114 0.07283495 0.07511025 0.04313397 0.05916666 0.00885126 0.13282791 0.12906091 0.03535767 0.02876358 0.04874137 0.05636976 0.07671115 0.01723859 0.01997709 0.02148158 0.07157395 0.04953326 0.00540414 0.01604399 0.03181798
115 0.06406091 0.01415470 0.01117010 0.01194460 0.01417190 0.01200660 0.01565820 0.01080300 0.00739048 0.22232504 0.15814903 0.01672830 0.04819831 0.02896570 0.01326890 0.03890361 0.04621301 0.00714655 0.01544800 0.24329304
116 0.09389631 0.07728191 0.04434240 0.03846690 0.09169481 0.03215740 0.04080760 0.03340310 0.02844770 0.04483510 0.04270250 0.09561831 0.03103510 0.03345960 0.02115820 0.08006151 0.07964221 0.00903430 0.02661320 0.05534181
117 0.07269011 0.07433001 0.04459831 0.06098711 0.00909714 0.13403702 0.12816402 0.03725740 0.02858390 0.04838361 0.05637031 0.07533671 0.01724600 0.01899620 0.02125260 0.07220961 0.04919071 0.00540844 0.01526030 0.03060050
118 0.05968457 0.05147267 0.02432799 0.01159629 0.01217059 0.01846129 0.02454539 0.08387086 0.01947869 0.04902338 0.08606546 0.02100069 0.12463294 0.03276528 0.01407139 0.05845547 0.06910177 0.17260091 0.01551979 0.05115457
119 0.04267316 0.01537299 0.01020369 0.00569334 0.00814397 0.01667948 0.01552809 0.01483569 0.00771908 0.14828286 0.32440170 0.01059939 0.07902363 0.07525573 0.01040879 0.02827557 0.02551798 0.00714041 0.02437558 0.12986888
120 0.27537700 0.02180780 0.02449900 0.03243510 0.03253120 0.02457360 0.03801030 0.08309320 0.02234550 0.04224270 0.04217600 0.02307530 0.01366580 0.01989780 0.02738340 0.13902600 0.06255980 0.00634580 0.01124760 0.05770710
121 0.27512093 0.02212109 0.02492799 0.03187329 0.03215689 0.02424829 0.03770099 0.08305478 0.02226619 0.04187089 0.04168769 0.02244749 0.01362090 0.02025760 0.02776609 0.13978797 0.06434528 0.00609764 0.01137650 0.05727149
122 0.07613094 0.01694501 0.04440682 0.04451962 0.01503311 0.01482571 0.01968861 0.57422429 0.00998203 0.01241551 0.01836521 0.01712821 0.00704272 0.00879282 0.00983386 0.06935484 0.02234801 0.00343048 0.00436770 0.01116451
123 0.08194811 0.00702201 0.00974218 0.00477081 0.01513160 0.01203910 0.00969551 0.00846445 0.00953858 0.22783103 0.14361702 0.01143710 0.04447101 0.02130820 0.02122770 0.05370891 0.05531381 0.00425944 0.01292840 0.24554503
124 0.04190792 0.02851191 0.01862871 0.00672042 0.01176690 0.08972804 0.04436432 0.01308901 0.01534621 0.16632307 0.20784709 0.02167671 0.09410824 0.03602431 0.01299861 0.03220681 0.03903502 0.00742187 0.01332901 0.09896584
125 0.03608628 0.00452512 0.00496372 0.00224759 0.01139299 0.00523567 0.00399007 0.00625662 0.00187791 0.26925583 0.22032086 0.00557435 0.06089856 0.03298428 0.00372542 0.02252609 0.02992108 0.00514818 0.00934456 0.26372484
126 0.05048481 0.02544590 0.15855502 0.04500170 0.01861630 0.02899540 0.02489800 0.01935070 0.03334450 0.04793940 0.06689971 0.06315561 0.14451101 0.02592010 0.02820240 0.07149531 0.07044011 0.01558950 0.01641380 0.04474070
127 0.07257971 0.11900501 0.05259111 0.06112551 0.01001890 0.05803371 0.08550711 0.04067510 0.02702660 0.02511050 0.02373550 0.14740502 0.01623110 0.01757410 0.02108500 0.11384101 0.05434441 0.00600758 0.01503340 0.03306960
128 0.08138998 0.03851289 0.13792897 0.04516689 0.01790900 0.04051809 0.03608479 0.03048199 0.03258989 0.02899279 0.02735619 0.04786469 0.03708909 0.02054710 0.12365198 0.10839898 0.08716988 0.00566359 0.01941500 0.03326819
129 0.03317431 0.00653340 0.00477197 0.00156464 0.00807214 0.01153070 0.00870169 0.00966656 0.00245464 0.21559305 0.31009007 0.00383628 0.07885992 0.05624001 0.00291342 0.02153440 0.02165060 0.00480234 0.01161980 0.18639004
130 0.03415220 0.00353158 0.00461837 0.00214723 0.01196580 0.00456007 0.00269741 0.00381085 0.00206248 0.31823396 0.16700398 0.00442131 0.05179549 0.01871360 0.00520275 0.02063730 0.02599370 0.00508847 0.00776951 0.30559396
131 0.04674519 0.26175596 0.03381269 0.02446980 0.00952786 0.05999129 0.04122429 0.02579400 0.03724969 0.01928340 0.04011879 0.17338997 0.01684060 0.02046150 0.02157930 0.06775489 0.03901119 0.01224150 0.01793920 0.03080890
132 0.04289218 0.01583929 0.00976239 0.00549178 0.00811822 0.01698029 0.01569359 0.01607009 0.00788490 0.14868895 0.32139888 0.01104460 0.07852187 0.07469617 0.01000570 0.02888999 0.02586389 0.00648237 0.02473489 0.13093995
133 0.08245651 0.02046290 0.04391960 0.26995902 0.00635039 0.05651740 0.28348302 0.02312640 0.01291140 0.00722625 0.00951730 0.06266071 0.00175768 0.00544503 0.00984717 0.05020900 0.01702520 0.00111588 0.00575902 0.03025010
134 0.24069586 0.01404979 0.01629519 0.01464629 0.02366459 0.01818469 0.02211909 0.03846888 0.02005969 0.08855025 0.05058567 0.01636819 0.01889159 0.01585799 0.04184768 0.10126794 0.07716846 0.00497757 0.01451569 0.16178491
135 0.09764877 0.01486331 0.01172921 0.00783832 0.01322961 0.01779831 0.01858541 0.02851772 0.01087221 0.11791908 0.28748121 0.01162041 0.06867805 0.05938804 0.01293501 0.04755343 0.03650253 0.00559477 0.01590051 0.11534408
136 0.05128849 0.02583769 0.03173739 0.01200520 0.01583150 0.01884120 0.01504130 0.01264530 0.04894189 0.04164429 0.06240099 0.02703169 0.01959170 0.16055597 0.01525330 0.06999889 0.08146198 0.02218290 0.21118896 0.05651939
137 0.04193269 0.01531410 0.01008600 0.00575644 0.00816718 0.01680290 0.01612660 0.01504720 0.00778755 0.14855796 0.32346292 0.01115840 0.07958448 0.07473488 0.01028890 0.02767819 0.02604459 0.00653599 0.02419509 0.13073797
138 0.03742801 0.01892581 0.01884521 0.00991818 0.00860488 0.01424170 0.01185140 0.01439070 0.03095511 0.05667712 0.14062405 0.02015661 0.03379051 0.26213809 0.01176060 0.03125991 0.02662061 0.02112381 0.18143206 0.04925562
139 0.13902784 0.02062368 0.03999766 0.04099175 0.02218368 0.01591418 0.02174068 0.43213052 0.01372278 0.01122839 0.01303169 0.01725918 0.00528315 0.00991725 0.01456518 0.12076086 0.04149815 0.00500422 0.00376457 0.01135459
140 0.03235821 0.00552203 0.00459578 0.00097042 0.00596381 0.00836452 0.00728034 0.01104300 0.00375062 0.16042203 0.35187906 0.00291543 0.08476841 0.10437602 0.00225022 0.02081010 0.01898390 0.00579135 0.03427071 0.13368402
141 0.15872103 0.02252080 0.03181161 0.01308550 0.08429412 0.01920050 0.01262070 0.03664581 0.02284350 0.08173332 0.08393342 0.02164020 0.07801571 0.02801241 0.02044890 0.07880861 0.08299592 0.00721061 0.01578460 0.09967272
142 0.03715151 0.00387290 0.00502922 0.00237819 0.01192990 0.00577901 0.00349509 0.00451871 0.00266943 0.30959410 0.17000505 0.00510208 0.05253862 0.02003801 0.00633406 0.02212381 0.02729851 0.00507658 0.00815212 0.29691309
143 0.07601620 0.01673450 0.04513220 0.04393020 0.01507060 0.01523210 0.01891260 0.57669199 0.00991859 0.01245280 0.01739200 0.01691620 0.00670604 0.00848716 0.00996964 0.06970390 0.02234140 0.00301972 0.00450577 0.01086640
144 0.22632891 0.02677229 0.04203218 0.11584995 0.02402959 0.03478779 0.08456017 0.07926757 0.02194749 0.01414879 0.01408239 0.03857518 0.00438516 0.01574839 0.02643599 0.14520294 0.04831318 0.00418126 0.00596169 0.02738909
145 0.21371796 0.01304070 0.03182449 0.02620420 0.04119499 0.00747582 0.01017550 0.39261393 0.01168990 0.00920662 0.01163090 0.00716715 0.00433033 0.00962793 0.00909836 0.13928098 0.04448779 0.00342763 0.00305073 0.01075410
146 0.02925812 0.00328775 0.00422619 0.00183347 0.01110741 0.00468189 0.00240870 0.00353099 0.00179276 0.32956119 0.17029510 0.00369059 0.05291453 0.01865311 0.00426188 0.01873251 0.02071731 0.00521044 0.00707886 0.30675718
147 0.30335014 0.01859111 0.02381921 0.02009221 0.03987022 0.01791451 0.02301401 0.08256254 0.02099301 0.02312601 0.01992591 0.01413181 0.00624964 0.01469141 0.02252821 0.21352310 0.08907744 0.00506507 0.00674492 0.03472952
148 0.10037998 0.03656639 0.03136949 0.04960619 0.00824007 0.07629398 0.16316197 0.09323638 0.01821970 0.06463789 0.05366829 0.08089808 0.01743570 0.01716040 0.02051920 0.07008419 0.04208579 0.00557564 0.01611400 0.03474669
149 0.03248960 0.00625449 0.00464240 0.00142240 0.00805622 0.01089400 0.00837574 0.00972442 0.00234213 0.21611200 0.31195900 0.00366445 0.07909650 0.05747050 0.00257704 0.02110450 0.02063590 0.00494372 0.01245700 0.18577800
150 0.03121129 0.00661751 0.00455242 0.00109248 0.00804750 0.00916691 0.00700380 0.01025010 0.00191957 0.21033194 0.32213191 0.00315625 0.09009847 0.05819128 0.00220454 0.02025149 0.02071929 0.00558571 0.01014360 0.17732395
151 0.07513449 0.04727140 0.01959320 0.01742070 0.00860182 0.02154160 0.03752160 0.02566410 0.01689220 0.02758360 0.04982020 0.03656300 0.01273990 0.02468130 0.39781096 0.06940029 0.05991129 0.00412807 0.01041910 0.03730120
152 0.04734032 0.25870609 0.03444691 0.02415071 0.00953395 0.05956102 0.04227101 0.02579311 0.03726161 0.01919601 0.03971001 0.17335606 0.01685771 0.02064071 0.02255041 0.06836022 0.03878301 0.01248180 0.01892971 0.03006961
153 0.07533892 0.04687491 0.01924990 0.01711260 0.00806547 0.02160550 0.03847131 0.02529431 0.01646000 0.02771981 0.04847581 0.03639261 0.01175110 0.02336410 0.40050808 0.07058351 0.06130451 0.00375443 0.00950599 0.03816711
154 0.03135913 0.00759569 0.01001341 0.00367161 0.00798686 0.01056081 0.00753896 0.00942770 0.01383401 0.13681711 0.23028219 0.00806929 0.05791215 0.18703216 0.00448241 0.02393652 0.02310412 0.01133971 0.10345709 0.11157909
155 0.33494118 0.01566421 0.01961381 0.01840691 0.04310122 0.01505931 0.02191681 0.09155055 0.02100381 0.02229231 0.01942161 0.01206141 0.00542653 0.01476621 0.02069221 0.20267011 0.07748134 0.00467940 0.00579974 0.03345132
156 0.06595585 0.04066443 0.19123916 0.11811510 0.01270501 0.04179053 0.04763724 0.06162025 0.03901813 0.02292992 0.03211223 0.05852445 0.02313222 0.02503462 0.01782211 0.08433127 0.05879925 0.00717549 0.02427082 0.02712192
157 0.04317361 0.00671760 0.00552931 0.00145495 0.00756328 0.00848923 0.00781355 0.02064091 0.00214611 0.15621305 0.35564811 0.00455697 0.09624853 0.07038682 0.00364260 0.02426501 0.02621501 0.00678640 0.01162790 0.14088104
158 0.01395191 0.00565820 0.01131660 0.00323995 0.00336245 0.00877679 0.00243236 0.00278067 0.03159741 0.03768092 0.12184705 0.01052370 0.02214371 0.33752515 0.00180414 0.01620031 0.01635401 0.02690251 0.29346013 0.03244201
159 0.02720338 0.00304140 0.00392658 0.00165040 0.01117909 0.00383635 0.00171918 0.00310423 0.00140962 0.33716778 0.16733289 0.00319055 0.05218147 0.01710229 0.00335635 0.01739549 0.01943629 0.00515944 0.00647746 0.31412979
160 0.04801090 0.18026400 0.08797560 0.05132550 0.00812282 0.09622160 0.06554480 0.03020040 0.04083030 0.02039880 0.02758900 0.13875500 0.01230160 0.01907810 0.01146440 0.07815250 0.04702470 0.00489887 0.01433870 0.01750240
161 0.03176032 0.02604392 0.02486582 0.01028571 0.00842791 0.01430921 0.01385341 0.00925014 0.05528034 0.03670143 0.07487185 0.02843922 0.01670621 0.22371915 0.00965399 0.03320222 0.02475522 0.02506512 0.29702620 0.03578262
162 0.03105592 0.02598931 0.02539151 0.01100481 0.00844493 0.01507551 0.01462311 0.00889908 0.05479503 0.03600212 0.07405564 0.02869981 0.01655981 0.22315311 0.00929420 0.03369952 0.02464571 0.02535771 0.29769015 0.03556302
163 0.35939602 0.01371740 0.01374080 0.01885830 0.03607190 0.01842280 0.02501420 0.17096401 0.01832410 0.01708310 0.02041580 0.01179470 0.00530647 0.01219340 0.02466570 0.15277601 0.05265310 0.00563873 0.00298574 0.01997770
164 0.03719699 0.00401574 0.00489469 0.00222932 0.01199310 0.00553663 0.00312316 0.00435665 0.00255058 0.31004689 0.16931894 0.00502070 0.05247018 0.02011169 0.00643489 0.02213359 0.02739629 0.00503934 0.00817074 0.29795990
165 0.09760037 0.03253739 0.07070408 0.20495994 0.00542525 0.06469798 0.18630695 0.04005259 0.01784529 0.01097130 0.01198630 0.09440927 0.00518467 0.01329760 0.01351280 0.06808048 0.02859089 0.00202660 0.00716527 0.02464499
166 0.03144280 0.00730808 0.00694856 0.00232344 0.01127940 0.00946541 0.00630467 0.00812317 0.00347780 0.26382902 0.22711402 0.00614924 0.08113121 0.03605870 0.00426906 0.02238450 0.02643580 0.00739887 0.00952623 0.22903002
167 0.13207492 0.04146447 0.04171597 0.08233635 0.01238149 0.05429777 0.14246491 0.11984093 0.01950539 0.01535359 0.01426599 0.06847336 0.00467581 0.01543299 0.02076629 0.12636392 0.05567717 0.00968245 0.00733975 0.01588649
168 0.07435539 0.09780189 0.02659380 0.03323390 0.01256630 0.03475370 0.05145729 0.01244190 0.01537530 0.07648019 0.06421039 0.12164399 0.02870900 0.01602640 0.01695090 0.05812129 0.06645919 0.00757612 0.01539810 0.16984498
169 0.07115395 0.07570385 0.04518047 0.06365036 0.00833178 0.13357491 0.12901491 0.03487298 0.02850178 0.04850687 0.05609876 0.07784535 0.01714469 0.01899949 0.02116729 0.07083475 0.04818407 0.00532151 0.01534539 0.03056688
170 0.04282099 0.01555020 0.00952755 0.00559240 0.00818027 0.01706009 0.01638329 0.01489310 0.00794786 0.14902295 0.32246790 0.01047640 0.07868878 0.07465108 0.01023960 0.02809299 0.02646209 0.00662963 0.02399789 0.13131496
171 0.04728708 0.25850390 0.03427269 0.02415469 0.01060000 0.05915728 0.04109528 0.02514929 0.03737219 0.01866849 0.03880118 0.17423893 0.01696029 0.02063969 0.02269459 0.06846467 0.03974738 0.01291739 0.01891439 0.03036059
172 0.03311169 0.00467885 0.00441278 0.00151706 0.00960250 0.00568170 0.00434140 0.00757302 0.00123310 0.24852795 0.26407995 0.00425617 0.06912219 0.04265179 0.00271898 0.02127980 0.02497640 0.00481628 0.00930045 0.23611796
173 0.07789409 0.02675500 0.09618228 0.23395196 0.00767837 0.05095829 0.16836697 0.05767169 0.02522400 0.01123830 0.01640660 0.05933729 0.00651660 0.01133510 0.01242610 0.06770629 0.03040359 0.00344115 0.00909566 0.02741070
174 0.07539586 0.04066738 0.03313448 0.13796693 0.00563253 0.08469206 0.26814386 0.03430988 0.01610679 0.02399739 0.03178258 0.07762506 0.00852077 0.01133509 0.02061289 0.05744177 0.02976058 0.00455501 0.01059839 0.02772069
175 0.08226150 0.02048020 0.04260400 0.27039000 0.00627898 0.05680890 0.28624300 0.02222360 0.01246780 0.00728160 0.00963651 0.06311790 0.00177790 0.00519930 0.00987910 0.04959770 0.01653830 0.00105252 0.00592820 0.03023300
176 0.07855246 0.02688439 0.09633946 0.23393589 0.00734748 0.05120848 0.16976092 0.05642367 0.02513019 0.01183879 0.01680119 0.05938907 0.00650259 0.01123929 0.01240229 0.06642657 0.02968459 0.00356039 0.00899869 0.02757359
177 0.06633320 0.01438340 0.01136300 0.01260260 0.01416080 0.01189370 0.01567470 0.01134610 0.00756127 0.22171499 0.15463999 0.01679730 0.04769170 0.02757680 0.01361550 0.03966630 0.04675620 0.00695828 0.01500420 0.24425999
178 0.35710973 0.01356739 0.01696339 0.00947741 0.07436664 0.00961088 0.01046949 0.08715413 0.01670399 0.01512519 0.01685949 0.00748663 0.00560322 0.01941199 0.01249779 0.21318684 0.07995054 0.00350119 0.00481629 0.02613778
179 0.03800553 0.05297054 0.02719582 0.03115932 0.00456938 0.18357813 0.23558517 0.01734701 0.02743342 0.05766544 0.09002236 0.05980644 0.04542543 0.01400701 0.01393131 0.03532243 0.02999692 0.00396060 0.01213281 0.01988491
