1 0.02993159 0.00392931 0.00360559 0.00086023 0.01086440 0.00530960 0.00192403 0.00508883 0.00197188 0.29604489 0.22555791 0.00432511 0.05476608 0.02924019 0.00442353 0.01095020 0.03084939 0.00381039 0.00783399 0.26871290
2 0.05265931 0.05087641 0.02666241 0.01172760 0.00958944 0.01670230 0.03004711 0.02337660 0.06521051 0.01406710 0.05377321 0.02888031 0.00914959 0.01123720 0.45258109 0.05731051 0.02804241 0.00377247 0.02568501 0.02864941
3 0.05716932 0.03025391 0.08710513 0.12391605 0.01229250 0.02491671 0.05557662 0.18720207 0.02587201 0.01407441 0.01214890 0.03487391 0.00643342 0.00791081 0.01188140 0.15279506 0.10575204 0.00423050 0.00406589 0.04152932
4 0.06670846 0.01391491 0.01197841 0.00949690 0.01497201 0.01275481 0.01612321 0.01506791 0.00783856 0.22829620 0.14953313 0.01721391 0.04288554 0.03040943 0.01592551 0.03494953 0.04963254 0.00514080 0.01384801 0.24331021
5 0.12227500 0.06987920 0.05044460 0.04049110 0.01908880 0.06387560 0.07137660 0.03548620 0.02858830 0.04316050 0.03109050 0.12172400 0.01522540 0.02018590 0.02437490 0.08117230 0.09301840 0.00474243 0.01155440 0.05224590
6 0.05896161 0.02543450 0.16138703 0.24063204 0.00522495 0.04694961 0.04481071 0.03576651 0.03105501 0.07379911 0.02445470 0.04753671 0.00600839 0.01080700 0.00784814 0.05179991 0.05125671 0.00575894 0.04938201 0.02112640
7 0.19987499 0.02271750 0.03880290 0.04012800 0.02668260 0.01416820 0.03170910 0.18961899 0.01639360 0.01885160 0.01340770 0.01836620 0.00806385 0.00912455 0.01700480 0.21802099 0.07153620 0.00481225 0.00430198 0.03641400
8 0.04918091 0.01129020 0.01111560 0.00707036 0.01182210 0.01600290 0.01612470 0.01287130 0.00597019 0.26929304 0.17061602 0.01324140 0.04674811 0.03099260 0.01008300 0.02381740 0.03647311 0.00496191 0.01559410 0.23673103
9 0.07054242 0.07327342 0.03651861 0.05986841 0.00304737 0.13548803 0.23988706 0.01600470 0.02114861 0.04915651 0.01207720 0.13536703 0.00654557 0.02312101 0.01451530 0.04155511 0.02384451 0.00198102 0.01011040 0.02594771
10 0.01235960 0.01656100 0.02253469 0.00184844 0.00569897 0.01029320 0.00332119 0.00213324 0.04782809 0.02148430 0.08269498 0.00774378 0.01092210 0.35066592 0.00460521 0.01080470 0.01470900 0.02998779 0.32221893 0.02158490
11 0.03807571 0.14551006 0.04860172 0.03093701 0.00894491 0.04465792 0.04391842 0.01910851 0.05860792 0.02732721 0.03678791 0.18195807 0.01130530 0.04930922 0.01846821 0.03994002 0.02688711 0.01705331 0.12103205 0.03156941
12 0.02547822 0.01910222 0.02743682 0.00499850 0.00958921 0.01439381 0.01500501 0.00994785 0.02385672 0.05399125 0.13010312 0.01572441 0.02696872 0.32786230 0.00808676 0.02027322 0.02342302 0.01517931 0.17819516 0.05038435
13 0.06346389 0.02439800 0.12998699 0.24708998 0.00543574 0.06075079 0.17717198 0.03464210 0.02837070 0.01338810 0.01846710 0.05274010 0.00401628 0.00575931 0.01169960 0.05245550 0.04108470 0.00265385 0.00743901 0.01898630
14 0.07451460 0.02283520 0.02964840 0.27903000 0.00636749 0.04588300 0.32131300 0.01415740 0.00926904 0.00714549 0.01535890 0.06650200 0.00300354 0.00224056 0.01479860 0.04626840 0.02096290 0.00110423 0.00300644 0.01659080
15 0.04465050 0.26648199 0.04381750 0.01934340 0.00991293 0.04478680 0.04910780 0.02106110 0.03932250 0.02088780 0.04255360 0.17015299 0.01936890 0.02118360 0.02467610 0.05952610 0.04115050 0.01213690 0.02192700 0.02795200
16 0.08168147 0.01286390 0.04479978 0.03668999 0.01391769 0.02044579 0.02515939 0.58175178 0.01191040 0.01345550 0.01543519 0.01900969 0.00542839 0.00623602 0.00825308 0.05924618 0.02263529 0.00223649 0.00373359 0.01511039
17 0.06554859 0.01313910 0.01152710 0.00963980 0.01483190 0.01248510 0.01570970 0.01592860 0.00740881 0.23000697 0.15130798 0.01597010 0.04244759 0.03077150 0.01557660 0.03530700 0.04877119 0.00511722 0.01389820 0.24460697
18 0.07842471 0.10588901 0.07037261 0.03482830 0.01538940 0.08810501 0.06379831 0.10334301 0.02792940 0.02400900 0.01876220 0.06737941 0.01457230 0.01313680 0.03097310 0.14718402 0.05928861 0.00510348 0.01013420 0.02137710
19 0.07364181 0.04827141 0.03804480 0.13797802 0.00694503 0.07085161 0.26657703 0.02922810 0.01646060 0.02930030 0.02356290 0.07443671 0.01084390 0.01584260 0.02394090 0.05922791 0.03212770 0.00617065 0.00879761 0.02775040
20 0.03750531 0.00795242 0.00543153 0.00284141 0.01110850 0.00623713 0.00413756 0.00774757 0.00334966 0.20803203 0.32223005 0.00572798 0.07170591 0.04925401 0.00612637 0.01332830 0.03085180 0.00345121 0.01034520 0.19263603
21 0.16022489 0.04015067 0.04436377 0.03413308 0.02686008 0.03076188 0.04314357 0.07395015 0.02428258 0.02920058 0.02851178 0.02708638 0.01755849 0.01384469 0.02674948 0.21115285 0.10280193 0.00638280 0.01347259 0.04536777
22 0.04112549 0.01735380 0.01074970 0.00782458 0.00981235 0.01047140 0.01146720 0.01236010 0.00786502 0.14278498 0.36689695 0.00956770 0.07784439 0.06831359 0.01322330 0.01948630 0.02421100 0.00476468 0.02215450 0.12172298
23 0.06006137 0.11298995 0.04958968 0.03996008 0.00807929 0.10598296 0.08689346 0.02115579 0.02999089 0.03537769 0.07661417 0.15409394 0.02061959 0.02201319 0.02388339 0.05190618 0.03290659 0.00671603 0.01855969 0.04260608
24 0.08015399 0.01310240 0.04555609 0.03710900 0.01404270 0.02019860 0.02486300 0.58251892 0.01173340 0.01295240 0.01482180 0.01909540 0.00536206 0.00640178 0.00874933 0.05896229 0.02340480 0.00235776 0.00371560 0.01489870
25 0.07246401 0.00997550 0.01707590 0.00797351 0.02648890 0.01546040 0.01293270 0.01562710 0.00841434 0.19998903 0.13396502 0.01540880 0.05034051 0.03751651 0.01524850 0.03818081 0.09719991 0.00272081 0.01453970 0.20847803
26 0.33773430 0.01972962 0.02456822 0.01224531 0.03770863 0.01659581 0.01958332 0.10311409 0.02128252 0.02700442 0.01457171 0.00973666 0.00558752 0.00553448 0.01573221 0.20913718 0.07040186 0.00331501 0.00611817 0.04029894
27 0.05405034 0.03271886 0.02110048 0.00756532 0.02190108 0.02393717 0.02163388 0.01545008 0.04298095 0.14147384 0.15658182 0.02363827 0.13545385 0.03935866 0.01671438 0.04658015 0.05884973 0.01226009 0.02229517 0.10545588
28 0.07506671 0.02329440 0.02426740 0.27420303 0.00636298 0.04568521 0.33640904 0.01220140 0.00802201 0.00673287 0.01408200 0.06774861 0.00308276 0.00224781 0.01553790 0.04576211 0.01996440 0.00095384 0.00262631 0.01574920
29 0.03476283 0.00337919 0.00386797 0.00144236 0.01058821 0.00646183 0.00352776 0.00510295 0.00215933 0.33051731 0.15992515 0.00583377 0.04295914 0.01875562 0.00707657 0.01292761 0.03161603 0.00433267 0.00782239 0.30694129
30 0.07223442 0.05894692 0.03595491 0.10529703 0.00704120 0.08487322 0.23392207 0.02418971 0.02005931 0.03135101 0.01767510 0.11544103 0.00894905 0.01514440 0.02268661 0.07568942 0.03177881 0.00383142 0.00879155 0.02614281
31 0.08305160 0.01316260 0.04534430 0.03721470 0.01364580 0.02017030 0.02537390 0.57739803 0.01200130 0.01355160 0.01553050 0.01835950 0.00558523 0.00624744 0.00887224 0.05995500 0.02334620 0.00249745 0.00349258 0.01519970
32 0.03527003 0.00771868 0.00500700 0.00245220 0.00988633 0.00570991 0.00360916 0.00769236 0.00301526 0.19764719 0.35610433 0.00454644 0.07680797 0.05192595 0.00507920 0.01157291 0.02603162 0.00328416 0.00946211 0.17717717
33 0.03087231 0.00838618 0.00426668 0.00167859 0.00752524 0.00550212 0.00291522 0.00737970 0.00275924 0.19454304 0.39259907 0.00296051 0.08208291 0.05462151 0.00367739 0.01033820 0.01816810 0.00335917 0.00876178 0.15760303
34 0.05489441 0.13433002 0.03509191 0.01649800 0.01019740 0.03838561 0.05441251 0.02470480 0.03172621 0.01723310 0.04506081 0.05458861 0.01526870 0.01205350 0.27503305 0.08303041 0.04678671 0.00434033 0.01787030 0.02849360
35 0.00798784 0.00781537 0.02844341 0.00120244 0.00434436 0.00577407 0.00239568 0.00227409 0.02312761 0.02592921 0.09134703 0.00551925 0.01329510 0.46385913 0.00376053 0.00874485 0.00995424 0.01371190 0.25773507 0.02277881
36 0.04681662 0.23148109 0.04753752 0.01603081 0.01203220 0.03783792 0.03369381 0.01928541 0.10606804 0.01335891 0.02982601 0.14026806 0.01119770 0.03059631 0.02386461 0.06102632 0.03533451 0.02266171 0.05750742 0.02357501
37 0.12417404 0.03178891 0.04989072 0.02264641 0.02347161 0.02973611 0.02746771 0.04770392 0.01713791 0.01728331 0.01502921 0.01377490 0.01496361 0.00790925 0.01781861 0.26336209 0.21838008 0.00438711 0.00880409 0.04427042
38 0.02944392 0.03113502 0.02814222 0.01441501 0.01061361 0.01672461 0.01237291 0.00826342 0.05874975 0.03715333 0.07235426 0.02190522 0.01339641 0.21385817 0.01075651 0.02776532 0.02415702 0.03350523 0.30323724 0.03205083
39 0.05352529 0.12527997 0.05568809 0.01242320 0.01348450 0.02660139 0.02259119 0.01994000 0.14558597 0.01622280 0.02966499 0.07166318 0.00692584 0.04280379 0.02870279 0.09907188 0.03229999 0.01835080 0.15957096 0.01960340
40 0.02558750 0.01847100 0.02763390 0.00500308 0.00892235 0.01448570 0.01435780 0.00945856 0.02443060 0.05441639 0.12953998 0.01534900 0.02692310 0.32889396 0.00865293 0.01972390 0.02287080 0.01560330 0.17838798 0.05128819
41 0.07032298 0.09875077 0.05559789 0.04908499 0.00522307 0.13759496 0.14059696 0.02445699 0.03041289 0.04249809 0.01774330 0.15864796 0.00768218 0.02016819 0.01586270 0.04683649 0.03270879 0.00333271 0.01312500 0.02935309
42 0.10141207 0.02764182 0.04870213 0.04519413 0.01941311 0.01442231 0.03590802 0.28087719 0.01274401 0.01693361 0.01516441 0.02453962 0.00971635 0.04217183 0.01550541 0.19607613 0.05345044 0.00680814 0.00544105 0.02787822
43 0.03858614 0.01679872 0.03080814 0.03337094 0.01347292 0.01253741 0.01390032 0.00674831 0.02676463 0.14088016 0.08957830 0.01739052 0.02381933 0.14244117 0.00991275 0.03973185 0.02898463 0.01406742 0.22359426 0.07661209
44 0.04052791 0.01732781 0.01069710 0.00766218 0.00961389 0.01031860 0.01153000 0.01246510 0.00763103 0.14537105 0.36697113 0.01025150 0.07782833 0.06618862 0.01319810 0.01899651 0.02435541 0.00471004 0.02073561 0.12362004
45 0.02251958 0.01051589 0.01836108 0.00201041 0.00715359 0.00650480 0.00467147 0.00596949 0.01399719 0.07821293 0.24983978 0.00630964 0.04870476 0.28127575 0.00589850 0.01170419 0.01736628 0.00967402 0.13214588 0.06716474
46 0.04060161 0.01772830 0.01081750 0.00765608 0.00963962 0.01030890 0.01113280 0.01293680 0.00793004 0.14371303 0.36843707 0.01027240 0.07834111 0.06601961 0.01384670 0.01993260 0.02388480 0.00495778 0.02083220 0.12101102
47 0.06632847 0.04923398 0.16560492 0.12809194 0.00742383 0.12559894 0.07521046 0.03919698 0.03730618 0.02609529 0.02104279 0.07061917 0.01219019 0.01494009 0.01833579 0.06115897 0.05076898 0.00286285 0.01191029 0.01607989
48 0.03177932 0.00276508 0.00382842 0.00069337 0.01257821 0.00534734 0.00192814 0.00460629 0.00189422 0.31997721 0.17231111 0.00483057 0.05074143 0.02221281 0.00500714 0.01187771 0.03678092 0.00391200 0.00779449 0.29913420
49 0.16189511 0.02366882 0.04209473 0.04806053 0.02440082 0.01383611 0.03581112 0.14427610 0.01643061 0.01725191 0.01177281 0.01608271 0.00962281 0.00869058 0.01490991 0.23366216 0.12222708 0.00505315 0.00401531 0.04623763
50 0.07457868 0.02181179 0.02390069 0.28927891 0.00589404 0.04752978 0.33816189 0.00715111 0.00740503 0.00573279 0.01168440 0.07591188 0.00272530 0.00154895 0.01468910 0.03932789 0.01627009 0.00058555 0.00256735 0.01324480
51 0.03499011 0.00334472 0.00395644 0.00132494 0.01077930 0.00649780 0.00363934 0.00508657 0.00215875 0.32957011 0.16049105 0.00575359 0.04318171 0.01923731 0.00709877 0.01306270 0.03226801 0.00433549 0.00800515 0.30521810
52 0.09158551 0.04065950 0.03900580 0.02689570 0.01773660 0.05041451 0.04868150 0.02948010 0.08982271 0.10335901 0.07252651 0.04817690 0.02668240 0.04027210 0.02218590 0.06656981 0.05134121 0.01143760 0.05328651 0.06988011
53 0.04952007 0.01136789 0.01122289 0.00695634 0.01178869 0.01617409 0.01585089 0.01249639 0.00616577 0.26938284 0.17111290 0.01323009 0.04677127 0.03050938 0.01015899 0.02401119 0.03603538 0.00495197 0.01598009 0.23631286
54 0.15959989 0.03595758 0.14812190 0.08792174 0.01828789 0.05522746 0.04488397 0.06322746 0.03009418 0.02580038 0.02454518 0.04300277 0.01272679 0.01267209 0.01826609 0.10603093 0.06192296 0.00556168 0.01616449 0.02998458
55 0.37708776 0.00817278 0.02093189 0.00990151 0.02985248 0.01592309 0.01287229 0.19676088 0.01365599 0.03293128 0.02230799 0.00821821 0.00369355 0.00429286 0.01570149 0.14875191 0.04047647 0.00273796 0.00274123 0.03298838
56 0.03034961 0.00311034 0.00358503 0.00122041 0.00941902 0.00670039 0.00313858 0.00438635 0.00208065 0.34039613 0.16219206 0.00518036 0.04282522 0.01738061 0.00587214 0.01203300 0.02852511 0.00458411 0.00755773 0.30946312
57 0.30087414 0.02463441 0.02787641 0.01532391 0.03762532 0.01943941 0.02288231 0.09007444 0.02278351 0.02389651 0.01352891 0.01079820 0.00637761 0.00635037 0.01599811 0.22721510 0.08354714 0.00362584 0.00738312 0.03976522
58 0.05266302 0.02210861 0.02298841 0.00682409 0.02980921 0.01296901 0.01245721 0.01314321 0.01915811 0.10217404 0.10047304 0.02118631 0.09664864 0.07488803 0.01701021 0.05979292 0.10880204 0.02624381 0.09011804 0.11054205
59 0.03328032 0.01002481 0.00490683 0.00115930 0.00953100 0.00591353 0.00293398 0.00744210 0.00291663 0.20018812 0.35730922 0.00378433 0.08678875 0.05124753 0.00469320 0.01234361 0.02559432 0.00333941 0.00857589 0.16802710
60 0.02404740 0.34833002 0.04284050 0.00921186 0.00533884 0.04084320 0.02963920 0.01033810 0.03820530 0.01006020 0.02210610 0.29363302 0.00794642 0.01171570 0.00703296 0.02713130 0.03146570 0.00309776 0.01480160 0.02221480
61 0.05625380 0.01392450 0.01648390 0.00371343 0.03114270 0.00947560 0.00852970 0.01343160 0.00958691 0.13738500 0.15264200 0.01695750 0.08798680 0.08944980 0.01563280 0.03916130 0.10050500 0.00937068 0.03423400 0.15413300
62 0.06019236 0.15086716 0.04768785 0.02949833 0.00499009 0.11590812 0.11393412 0.02130892 0.03064943 0.03416764 0.01722592 0.21627623 0.00777595 0.01802712 0.01284721 0.04138234 0.03174473 0.00319952 0.01388901 0.02842793
63 0.04908049 0.01073480 0.01073890 0.00713803 0.01165690 0.01577260 0.01608890 0.01304630 0.00583047 0.26979995 0.17206797 0.01323970 0.04721419 0.03079149 0.00962218 0.02386660 0.03572479 0.00477192 0.01556990 0.23724395
64 0.07184420 0.05111050 0.15896200 0.10447500 0.01145600 0.05857160 0.05335730 0.07071430 0.03638060 0.02655160 0.02987190 0.05931570 0.01676710 0.02664890 0.02037770 0.08323990 0.06332770 0.00600311 0.02466110 0.02636380
65 0.06682092 0.03017321 0.07087963 0.12583105 0.01478951 0.02674541 0.05722452 0.13730805 0.02356891 0.02262941 0.05879852 0.03820821 0.01196490 0.01169020 0.02344711 0.11860204 0.10156504 0.00436810 0.00638804 0.04899722
66 0.07488488 0.02345129 0.02336689 0.27463094 0.00634959 0.04546339 0.33737893 0.01273430 0.00783629 0.00665993 0.01404650 0.06793449 0.00316279 0.00221373 0.01539170 0.04606749 0.01957520 0.00098330 0.00253298 0.01533540
67 0.07557953 0.02264801 0.01789101 0.27996613 0.00629116 0.04473942 0.35435616 0.00813055 0.00624960 0.00573909 0.01285551 0.06929423 0.00303015 0.00187342 0.01534041 0.04271772 0.01697581 0.00064094 0.00181854 0.01386261
68 0.32365213 0.01293441 0.02663801 0.01948631 0.03138811 0.01356641 0.01978591 0.14303206 0.01640541 0.03075551 0.01743641 0.01041850 0.00566296 0.00605902 0.01231851 0.18256907 0.07649303 0.00319265 0.00354376 0.04466182
69 0.09577704 0.03721671 0.04979382 0.02894401 0.02308631 0.03198151 0.03386311 0.04019052 0.01940471 0.05787612 0.05085262 0.02968091 0.02735621 0.02220961 0.02144971 0.15116906 0.17468407 0.00905052 0.01634051 0.07907293
70 0.03800209 0.01461540 0.00905026 0.00233840 0.01331950 0.00972742 0.00786421 0.00869139 0.00542366 0.21752495 0.24453894 0.00868284 0.10331998 0.04040159 0.00836711 0.02308069 0.04223089 0.00550605 0.01136270 0.18595196
71 0.03908971 0.29402807 0.04245131 0.01223000 0.00839744 0.07996442 0.06073011 0.01229270 0.03603231 0.02000990 0.02763061 0.19257404 0.01187800 0.01706280 0.01537040 0.05289541 0.03571041 0.00443063 0.01328740 0.02393431
72 0.05177982 0.08844024 0.08033123 0.16004607 0.00937001 0.03243241 0.04501192 0.02607561 0.04688032 0.04905162 0.03540621 0.07164933 0.00961778 0.02280091 0.01939041 0.05377322 0.03381731 0.01788321 0.11980305 0.02643931
73 0.05910111 0.10294202 0.04062411 0.06974262 0.00544952 0.09336372 0.24833406 0.01904420 0.02027910 0.04165121 0.02147130 0.09256412 0.01106460 0.02429401 0.02512391 0.05264941 0.03013931 0.00917885 0.01072140 0.02226141
74 0.08235492 0.04475481 0.04201801 0.11679003 0.01070740 0.05695872 0.22069006 0.04197611 0.01856521 0.02349461 0.02089291 0.05784532 0.01008600 0.01225860 0.02544571 0.11658803 0.05209851 0.00673214 0.00739939 0.03234351
75 0.03676001 0.01230070 0.01994541 0.00324216 0.01300290 0.01247940 0.01468761 0.00797522 0.00971851 0.12190305 0.19599207 0.01298310 0.04722792 0.22064108 0.00857221 0.01879231 0.03572381 0.00568642 0.09439104 0.10797504
76 0.28304187 0.02272079 0.02831279 0.02430289 0.02835789 0.02609139 0.03599408 0.09424166 0.01928769 0.04886808 0.04132208 0.02216569 0.01233829 0.01384899 0.02551379 0.13712994 0.05727697 0.00509065 0.01080570 0.06328877
77 0.03783120 0.00783716 0.00548855 0.00287830 0.01128500 0.00630774 0.00425266 0.00797729 0.00354210 0.20846801 0.32027002 0.00575916 0.07144771 0.04924400 0.00630202 0.01352740 0.03080040 0.00351755 0.01056370 0.19270001
78 0.05986870 0.01821580 0.14214799 0.29947599 0.00400035 0.09005070 0.14553499 0.02140650 0.03508460 0.01037440 0.01373150 0.06356160 0.00254768 0.00414941 0.00769207 0.03135620 0.03076170 0.00106662 0.00775731 0.01121590
79 0.28641912 0.01732461 0.02176901 0.01373341 0.02563641 0.01678311 0.02482681 0.07494763 0.01718741 0.04882722 0.02629271 0.01204741 0.01081710 0.00981460 0.02629821 0.17986308 0.07743373 0.00364038 0.00760159 0.09873644
80 0.29009915 0.02085681 0.02609371 0.00750748 0.13403907 0.01443191 0.01296051 0.07093864 0.02199061 0.02949422 0.03029822 0.01301281 0.01723401 0.01168141 0.01255291 0.16854909 0.06168163 0.00282059 0.01608391 0.03767332
81 0.06310604 0.02934292 0.11419008 0.24627117 0.00471286 0.09307097 0.15583611 0.02552252 0.03049012 0.01379311 0.01402441 0.09632787 0.00452034 0.00656269 0.01106911 0.03555592 0.03010882 0.00139388 0.00880184 0.01529921
82 0.05783923 0.00557164 0.00821244 0.00202781 0.02625517 0.00521944 0.00351196 0.00945875 0.00474124 0.19832177 0.22167874 0.00898284 0.06426212 0.04793704 0.01117439 0.02029578 0.07843601 0.00159970 0.01222419 0.21224975
83 0.01243320 0.01643271 0.02241151 0.00193502 0.00577872 0.01011470 0.00317750 0.00212705 0.04766922 0.02150651 0.08258763 0.00760927 0.01112830 0.34984812 0.00457799 0.01056800 0.01510801 0.03001291 0.32341911 0.02155451
84 0.07301351 0.06568210 0.07895991 0.07082030 0.00885123 0.13585101 0.08099561 0.03138380 0.07855881 0.03367780 0.02416740 0.08211201 0.00992530 0.02771080 0.01780210 0.06085660 0.04293720 0.01338840 0.03410990 0.02919620
85 0.07300278 0.04926128 0.03746659 0.13568696 0.00711120 0.07122528 0.26676391 0.03052499 0.01660949 0.02931839 0.02397329 0.07501478 0.01085970 0.01568459 0.02447429 0.05871358 0.03185799 0.00609024 0.00883079 0.02752989
86 0.06484556 0.02615128 0.02525538 0.01546349 0.02490468 0.02038519 0.02518038 0.02097009 0.01284479 0.09496934 0.17798789 0.02360319 0.05907396 0.03413968 0.03842778 0.09875564 0.10867993 0.00348913 0.01337569 0.11149693
87 0.03065540 0.00271649 0.00323931 0.00091847 0.00977025 0.00590217 0.00240618 0.00391985 0.00172915 0.34455598 0.15592099 0.00495793 0.04190930 0.01618560 0.00590514 0.01111550 0.02912890 0.00449439 0.00720603 0.31736298
88 0.04546620 0.26579999 0.04395200 0.01868580 0.00988865 0.04518060 0.04933280 0.02177570 0.04027120 0.02055660 0.04029200 0.16814699 0.01935780 0.02148880 0.02593380 0.06005270 0.04104620 0.01228680 0.02278510 0.02770030
89 0.15113600 0.02678770 0.03307460 0.01905280 0.02042760 0.02956030 0.03420210 0.05496100 0.01870930 0.11519600 0.06787820 0.02420950 0.03015720 0.02292290 0.02178600 0.13662800 0.07002120 0.00541920 0.02256100 0.09530940
90 0.06122915 0.02106532 0.13700810 0.27954021 0.00491198 0.09170917 0.14281311 0.02574242 0.03459083 0.01207991 0.01478011 0.06454275 0.00325537 0.00528826 0.00916154 0.03580243 0.03403573 0.00148235 0.00844586 0.01251541
91 0.03468572 0.00335215 0.00386362 0.00141159 0.01075981 0.00656252 0.00342582 0.00502014 0.00225012 0.32933817 0.16109808 0.00582427 0.04340032 0.01914141 0.00695568 0.01269461 0.03212542 0.00433948 0.00778989 0.30596116
92 0.03314260 0.00818408 0.00467538 0.00190389 0.00868936 0.00612916 0.00369740 0.00788087 0.00309394 0.20809899 0.35738897 0.00406460 0.07724129 0.05068560 0.00445972 0.01149210 0.02247920 0.00345904 0.00931183 0.17392199
93 0.05099029 0.17379196 0.05307009 0.04973399 0.00858143 0.06013409 0.08186048 0.03319529 0.03361899 0.02665339 0.02808129 0.20477195 0.01341560 0.01911010 0.01772910 0.04737039 0.03851629 0.00615321 0.02011330 0.03310879
94 0.02237290 0.00272887 0.00258708 0.00060994 0.00805193 0.00560342 0.00166353 0.00357232 0.00134148 0.34498799 0.18515999 0.00355545 0.04617550 0.01826170 0.00331789 0.00940820 0.02356290 0.00452412 0.00665580 0.30585899
95 0.06409577 0.04283928 0.19570492 0.14844294 0.00724979 0.11230296 0.06165158 0.04037108 0.04037208 0.02087549 0.02002049 0.06588717 0.01176260 0.01345789 0.01569089 0.05845958 0.05245658 0.00273321 0.01158510 0.01404059
96 0.05056779 0.15471397 0.05653779 0.03677649 0.01528000 0.05157869 0.05263979 0.03515489 0.03048669 0.02770390 0.02770950 0.20113996 0.01804590 0.01874000 0.02110520 0.06126509 0.08637688 0.00633318 0.01321830 0.03462599
97 0.02224192 0.00265022 0.00256819 0.00061213 0.00818665 0.00555957 0.00166846 0.00351541 0.00131927 0.34655825 0.18290813 0.00356990 0.04569703 0.01787291 0.00327332 0.00938633 0.02378242 0.00455691 0.00662074 0.30745222
98 0.03274919 0.00822694 0.00479921 0.00183316 0.00875063 0.00594703 0.00380077 0.00760555 0.00299156 0.20722892 0.35893485 0.00390251 0.07731217 0.05133568 0.00456533 0.01164650 0.02254359 0.00338739 0.00943213 0.17300693
99 0.06568006 0.04738864 0.15182013 0.04947554 0.01638111 0.04618224 0.04484334 0.03534283 0.02544822 0.02725772 0.09150748 0.03928733 0.04286424 0.02116112 0.04045953 0.13753812 0.06196705 0.00704567 0.01888082 0.02946882
100 0.06669010 0.06277940 0.02976420 0.11017700 0.00407963 0.09985700 0.28302600 0.01392360 0.01507020 0.03611140 0.01270890 0.13215000 0.00774014 0.01780480 0.01468800 0.04078520 0.02059090 0.00199980 0.00891542 0.02113830
101 0.07263466 0.04876794 0.03904903 0.13568910 0.00696115 0.07179016 0.26533020 0.02848552 0.01696321 0.02936622 0.02393062 0.07522716 0.01081861 0.01607161 0.02371972 0.05940515 0.03290333 0.00591682 0.00916768 0.02780212
102 0.05415593 0.13698409 0.05229003 0.03319512 0.01140131 0.05483783 0.06423484 0.04297383 0.03371892 0.02240551 0.02658392 0.21888814 0.01571971 0.01595461 0.02596012 0.09480766 0.04416313 0.00587887 0.01614451 0.02970192
103 0.04036009 0.01735749 0.01043760 0.00814617 0.00944045 0.01037310 0.01144480 0.01276530 0.00773194 0.14376495 0.36881287 0.00983343 0.07802117 0.06642118 0.01358410 0.01952409 0.02398029 0.00490407 0.02124999 0.12184696
104 0.35681081 0.01049959 0.02301279 0.01340929 0.03475148 0.01084599 0.01483009 0.16511691 0.01505539 0.02714999 0.01388709 0.00705243 0.00341725 0.00490910 0.01198469 0.19557489 0.05272777 0.00272513 0.00284683 0.03339248
105 0.08386470 0.04678140 0.02471590 0.15466200 0.00470515 0.08842920 0.29608199 0.01225210 0.01445430 0.02800580 0.01225600 0.10702700 0.00480544 0.01253580 0.01560000 0.04296840 0.02091160 0.00171103 0.00617321 0.02205900
106 0.06513829 0.07052249 0.04516899 0.03290279 0.00444772 0.11012698 0.22861695 0.02248830 0.01788020 0.08680458 0.02977609 0.08851378 0.01342300 0.03273639 0.01870680 0.04645239 0.02945629 0.00427238 0.01387640 0.03868919
107 0.04984240 0.01121480 0.01127400 0.00769486 0.01193980 0.01584430 0.01595690 0.01319170 0.00654313 0.26710701 0.17238500 0.01327950 0.04716370 0.03140430 0.00990661 0.02435600 0.03589750 0.00461898 0.01559050 0.23478900
108 0.04732298 0.07062727 0.02193009 0.01400439 0.00865161 0.02221489 0.04018998 0.02230869 0.04907998 0.03456999 0.04761848 0.02542039 0.04975078 0.06954617 0.01044480 0.04672218 0.05974058 0.22871191 0.09057636 0.04056848
109 0.03434468 0.00332775 0.00379364 0.00126728 0.01075180 0.00634718 0.00332174 0.00486242 0.00223083 0.33058385 0.16011293 0.00577497 0.04320468 0.01908109 0.00682851 0.01276609 0.03210159 0.00434903 0.00792710 0.30702286
110 0.04552941 0.03195211 0.02413591 0.00764442 0.01556170 0.01887891 0.02111871 0.01762150 0.01097800 0.12776504 0.22104206 0.02124461 0.12800804 0.04505481 0.02023301 0.04807361 0.05015901 0.01341940 0.01676570 0.11481403
111 0.04771403 0.19482414 0.03659253 0.01961511 0.01426301 0.03777943 0.03780493 0.02151192 0.02802152 0.03124712 0.13406309 0.06611975 0.04930323 0.02306752 0.03940443 0.11772608 0.04300013 0.00620840 0.01668351 0.03505012
112 0.02815240 0.08680949 0.01726760 0.00534197 0.00801808 0.01783500 0.01807560 0.00960497 0.02942360 0.07402809 0.26777197 0.02876770 0.06089969 0.12787098 0.01084330 0.02528630 0.01859360 0.01702210 0.09062229 0.05776529
113 0.12607807 0.03193012 0.04949423 0.02308191 0.02373791 0.02850072 0.02763992 0.04940953 0.01742281 0.01713581 0.01524271 0.01403511 0.01447741 0.00797396 0.01744801 0.26327314 0.21668212 0.00444907 0.00888282 0.04310462
114 0.07960333 0.06460172 0.06467722 0.06227012 0.01016400 0.13272105 0.11080404 0.04278111 0.03033461 0.04667882 0.03384011 0.08145393 0.01608721 0.02250261 0.02305921 0.07031562 0.04961672 0.00654256 0.01753831 0.03440771
115 0.06716543 0.01435681 0.01181291 0.01068991 0.01468861 0.01265931 0.01664651 0.01577941 0.00800516 0.22624612 0.14943108 0.01753841 0.04227392 0.02960722 0.01542401 0.03614622 0.04935423 0.00541782 0.01373481 0.24302213
116 0.25681409 0.02920231 0.06981652 0.01917611 0.07723633 0.02556691 0.02126171 0.08146513 0.02046221 0.02704561 0.02653991 0.01773671 0.01620131 0.01046940 0.01584851 0.16727606 0.06722282 0.00384475 0.01280880 0.03400481
117 0.07848700 0.06487420 0.06509900 0.06241480 0.01019880 0.13148301 0.11074400 0.03921730 0.03098550 0.04770300 0.03612980 0.08045530 0.01660790 0.02342520 0.02271020 0.06972030 0.04980810 0.00624946 0.01814220 0.03554490
118 0.04608472 0.07286613 0.03122961 0.01392041 0.01141290 0.01725531 0.03805442 0.08882814 0.02132871 0.02770311 0.04082872 0.05410672 0.11549505 0.01745041 0.01285501 0.06755913 0.08229983 0.19402308 0.01474971 0.03194891
119 0.04070760 0.01728490 0.01079230 0.00777165 0.00966587 0.01039740 0.01158860 0.01287780 0.00797267 0.14390300 0.36623699 0.01014780 0.07847910 0.06635880 0.01416580 0.01972200 0.02420550 0.00471923 0.02108600 0.12191700
120 0.28635895 0.02230700 0.02801839 0.02453540 0.02908569 0.02621050 0.03548549 0.09308098 0.01994090 0.04834629 0.04041309 0.02170810 0.01258630 0.01306810 0.02498770 0.13812997 0.05739609 0.00464159 0.01065740 0.06304209
121 0.28806788 0.02210529 0.02770599 0.02543669 0.02853359 0.02521089 0.03661768 0.09648436 0.01993869 0.04776888 0.04069568 0.02157709 0.01194950 0.01309469 0.02471659 0.13813994 0.05569448 0.00487131 0.01052940 0.06086138
122 0.08415101 0.01286850 0.04548111 0.03687681 0.01414690 0.02024970 0.02524500 0.57564609 0.01168210 0.01387240 0.01522580 0.01858780 0.00559210 0.00647122 0.00792954 0.06066191 0.02352400 0.00225131 0.00370477 0.01583190
123 0.06848584 0.00417956 0.00899772 0.00267245 0.02853182 0.00569872 0.00427274 0.01002271 0.00480542 0.21970512 0.15066708 0.01035041 0.05118693 0.03948292 0.01317271 0.02428881 0.08899465 0.00157244 0.01220681 0.25070514
124 0.05183372 0.02477321 0.02052811 0.00517156 0.01824981 0.01593121 0.01425971 0.01560411 0.01034310 0.16957607 0.15427406 0.01671211 0.12460205 0.03435311 0.01964161 0.07011093 0.07123303 0.00655352 0.01460191 0.14164706
125 0.03706617 0.00436384 0.00459193 0.00191664 0.01366179 0.00573585 0.00313739 0.00594093 0.00269182 0.28107179 0.20603185 0.00678744 0.05258916 0.03006318 0.00635207 0.01351809 0.03938937 0.00361572 0.00898819 0.27248680
126 0.05188608 0.02764219 0.02798559 0.00675489 0.02325219 0.01659400 0.01736189 0.01908799 0.01180330 0.10423697 0.10839997 0.02273289 0.14936296 0.03113589 0.02912929 0.08386358 0.12352896 0.02308919 0.01383720 0.10831497
127 0.19804288 0.02223139 0.03877398 0.03982978 0.02647458 0.01418319 0.03264588 0.19138689 0.01632459 0.01868719 0.01335179 0.01814999 0.00770583 0.00927000 0.01661879 0.21942887 0.07087706 0.00489544 0.00436641 0.03675548
128 0.05030090 0.17923501 0.12518301 0.05030730 0.00990506 0.05112170 0.05306090 0.04276020 0.03993640 0.01948400 0.02334520 0.12608401 0.01398720 0.01778250 0.02111740 0.07633750 0.05392240 0.00575580 0.02042930 0.01994420
129 0.03299509 0.00800764 0.00474259 0.00182321 0.00873881 0.00588725 0.00343509 0.00766270 0.00306922 0.20768194 0.35794590 0.00384340 0.07699698 0.05171129 0.00456214 0.01145030 0.02266569 0.00339348 0.00950734 0.17387995
130 0.02619821 0.00276951 0.00298910 0.00069119 0.00999206 0.00540699 0.00167001 0.00390180 0.00154450 0.33380416 0.18153709 0.00421612 0.04642012 0.02009061 0.00411392 0.01020860 0.02909661 0.00425142 0.00706680 0.30403114
131 0.04441989 0.26881496 0.04368789 0.01909590 0.00998635 0.04485509 0.04861159 0.02198350 0.03961699 0.02052240 0.04113629 0.17085697 0.01958690 0.02081180 0.02312470 0.06062199 0.04142139 0.01156880 0.02168060 0.02759600
132 0.04063960 0.01695190 0.01078600 0.00764323 0.00943807 0.01047990 0.01104120 0.01294070 0.00778034 0.14459702 0.37004904 0.00993422 0.07808451 0.06607621 0.01365250 0.01899980 0.02326520 0.00472182 0.02073870 0.12218001
133 0.07496929 0.02231560 0.02953919 0.27931595 0.00638198 0.04553079 0.32282194 0.01405940 0.00923126 0.00692400 0.01458210 0.06632259 0.00301109 0.00216739 0.01485140 0.04623649 0.02110010 0.00107020 0.00293556 0.01663370
134 0.30902455 0.01220368 0.01599368 0.01002999 0.02049377 0.01299838 0.02168747 0.06607350 0.01333878 0.07713709 0.03851534 0.01228658 0.01379588 0.01341058 0.04486603 0.11052684 0.05481542 0.00414862 0.00802102 0.14063279
135 0.09533307 0.01314681 0.01358921 0.01111351 0.01550601 0.01496251 0.01542891 0.02903332 0.00836284 0.11931509 0.32214225 0.01074951 0.07031605 0.04957084 0.01531911 0.03188482 0.03475803 0.00427660 0.01292141 0.11227009
136 0.06598009 0.03784230 0.04447870 0.02515600 0.01882360 0.02082010 0.02179630 0.01744020 0.05938869 0.05287689 0.04224200 0.02963790 0.01501990 0.08896789 0.01804280 0.11028399 0.04843080 0.02280040 0.22970898 0.03026250
137 0.04042278 0.01773159 0.01114969 0.00742973 0.00971337 0.01090669 0.01134809 0.01204749 0.00797368 0.14338193 0.36970483 0.01054200 0.07812616 0.06597437 0.01340689 0.01963619 0.02384329 0.00474019 0.02069709 0.12122394
138 0.02463609 0.01859869 0.02718629 0.00478551 0.00888845 0.01479450 0.01502440 0.00994082 0.02407819 0.05367048 0.13115096 0.01536400 0.02692309 0.33168089 0.00790834 0.02009879 0.02312529 0.01510540 0.17732594 0.04971388
139 0.17649203 0.01972600 0.04109741 0.03963511 0.02353830 0.01450690 0.03017951 0.29050206 0.01452800 0.01794830 0.01318930 0.01918710 0.00693717 0.00855354 0.01429930 0.17620803 0.05569301 0.00412479 0.00364951 0.03000461
140 0.03655699 0.00906525 0.00793725 0.00152039 0.01110240 0.00517598 0.00370649 0.00819731 0.00443341 0.14819195 0.36546888 0.00465935 0.07936517 0.10530097 0.00546944 0.01237580 0.02915319 0.00344025 0.03105359 0.12782596
141 0.13648109 0.01491041 0.02609272 0.00590297 0.08888046 0.01305431 0.01166221 0.02773642 0.01330481 0.10503807 0.11332408 0.01521541 0.07698345 0.03218172 0.01612161 0.07220795 0.07708895 0.00564734 0.01935691 0.12880909
142 0.03462911 0.00340627 0.00390248 0.00141606 0.01056370 0.00649936 0.00359775 0.00507185 0.00218709 0.33110709 0.15956404 0.00576109 0.04288801 0.01862570 0.00677107 0.01288280 0.03175571 0.00439850 0.00788922 0.30708308
143 0.08219157 0.01288390 0.04509448 0.03680089 0.01371519 0.02024079 0.02550389 0.57829679 0.01193800 0.01354489 0.01524779 0.01840219 0.00558065 0.00666073 0.00845821 0.06041908 0.02356919 0.00256626 0.00365992 0.01522559
144 0.09354500 0.02344490 0.02905710 0.23169299 0.00846791 0.03939400 0.27702299 0.03178320 0.01022510 0.00882937 0.01518120 0.05407340 0.00315090 0.00340172 0.01539820 0.08758080 0.03476120 0.00315605 0.00328448 0.02654950
145 0.23666914 0.01364501 0.03467372 0.02712782 0.04430963 0.01052351 0.02052221 0.27384516 0.01303591 0.01793451 0.01257091 0.01099601 0.00480817 0.00726498 0.01005851 0.18275511 0.04978603 0.00267074 0.00352952 0.02327341
146 0.02419211 0.00249522 0.00281568 0.00089955 0.00812105 0.00617745 0.00241543 0.00338408 0.00146940 0.35814008 0.15900204 0.00411271 0.04152701 0.01412140 0.00446064 0.01001850 0.02426831 0.00473590 0.00685736 0.32078608
147 0.30019204 0.02468690 0.02786230 0.01503810 0.03706461 0.01961560 0.02337690 0.09027131 0.02293080 0.02380550 0.01425880 0.01134790 0.00608091 0.00615977 0.01557820 0.22637803 0.08403471 0.00367634 0.00721504 0.04042621
148 0.09822651 0.04862861 0.05186571 0.03336480 0.00809839 0.07210601 0.14959502 0.12441602 0.02040700 0.07340441 0.02803120 0.05764381 0.01227120 0.02193030 0.01801970 0.07788081 0.04614031 0.00633598 0.01045660 0.04117761
149 0.03316401 0.00826176 0.00469295 0.00189277 0.00888562 0.00600799 0.00363917 0.00781306 0.00310371 0.20619809 0.35891915 0.00400835 0.07672103 0.05194212 0.00498207 0.01166921 0.02254781 0.00331555 0.00968647 0.17254907
150 0.03420278 0.01002969 0.00510106 0.00128283 0.00976886 0.00582706 0.00299784 0.00761851 0.00293606 0.19338486 0.36331674 0.00386643 0.08866304 0.05302476 0.00474967 0.01265149 0.02633338 0.00312669 0.00879738 0.16232088
151 0.04351900 0.03883680 0.02098170 0.01168400 0.00896306 0.01324040 0.03705140 0.01967120 0.02374170 0.02788170 0.12745201 0.02075180 0.02634920 0.01653850 0.43048804 0.04511410 0.03344020 0.00231395 0.01152130 0.04045990
152 0.04454961 0.26776505 0.04365961 0.01862590 0.01006230 0.04478811 0.04926981 0.02152830 0.03911651 0.02062140 0.04226611 0.17011303 0.01980310 0.02067780 0.02414040 0.05968191 0.04127601 0.01209320 0.02190420 0.02805761
153 0.06752673 0.04720612 0.02379331 0.01563181 0.00865779 0.01914671 0.04028392 0.02721481 0.02661191 0.02367311 0.05815973 0.02294241 0.01468861 0.01161671 0.44219521 0.06000963 0.03453572 0.00284304 0.01171381 0.04154892
154 0.03712191 0.01208740 0.02033280 0.00312203 0.01317900 0.01231650 0.01480990 0.00770845 0.00965613 0.12333402 0.19407303 0.01294580 0.04710721 0.21976003 0.00908051 0.01908830 0.03587201 0.00566743 0.09392951 0.10880802
155 0.33943218 0.01908971 0.02402181 0.01215901 0.03796672 0.01676591 0.01980341 0.10417506 0.02091031 0.02785342 0.01461251 0.00996584 0.00509923 0.00550051 0.01557991 0.20717611 0.06982594 0.00288238 0.00620221 0.04097782
156 0.07106324 0.05010083 0.15767709 0.10635106 0.01169801 0.05781993 0.05328473 0.07026864 0.03594662 0.02666042 0.03058002 0.06007183 0.01610811 0.02839682 0.02081641 0.08218885 0.06355284 0.00567042 0.02515331 0.02659082
157 0.05035923 0.00906680 0.00809516 0.00241519 0.01494421 0.00774008 0.00470045 0.01867751 0.00395080 0.15616409 0.33699119 0.00684933 0.08872375 0.05569873 0.00737546 0.01714661 0.04216312 0.00294018 0.00932801 0.15667009
158 0.01168409 0.01228829 0.02384548 0.00144081 0.00495011 0.00767572 0.00296668 0.00241703 0.03360228 0.02931238 0.11081293 0.00652892 0.01602639 0.38822176 0.00439491 0.00928604 0.01337519 0.02212469 0.27026683 0.02877948
159 0.02194371 0.00218276 0.00239257 0.00064575 0.00736544 0.00591767 0.00194528 0.00290161 0.00123370 0.36744724 0.15469610 0.00388116 0.04022633 0.01220831 0.00391764 0.00933314 0.02194241 0.00491562 0.00633732 0.32856622
160 0.05690267 0.14900693 0.10848695 0.04663778 0.00895978 0.10490795 0.09080276 0.02887099 0.03239648 0.02841769 0.01960339 0.11794294 0.01067589 0.01984279 0.02185279 0.07233687 0.04723828 0.00284779 0.01406929 0.01819999
161 0.02555802 0.03077553 0.01438781 0.00924017 0.00648614 0.01887612 0.00726041 0.00316160 0.07816367 0.01461991 0.06640176 0.01518471 0.01021131 0.19145317 0.00571991 0.01739582 0.02187572 0.08395188 0.35756333 0.02171302
162 0.03989364 0.04789014 0.03563993 0.02119282 0.00911023 0.06572126 0.03921553 0.01260841 0.07264776 0.02792692 0.05126415 0.04670744 0.01025451 0.13436012 0.01384911 0.03508903 0.02861373 0.03916803 0.24279321 0.02605402
163 0.37303396 0.00823474 0.02186970 0.01085460 0.02974250 0.01644520 0.01353190 0.19833298 0.01366380 0.03256850 0.02254050 0.00901324 0.00378207 0.00429875 0.01526470 0.14802698 0.04070380 0.00285985 0.00271056 0.03252170
164 0.03460851 0.00336394 0.00382436 0.00138620 0.01076250 0.00639281 0.00332858 0.00484707 0.00217570 0.32968413 0.16104606 0.00585547 0.04345752 0.01912351 0.00700929 0.01267270 0.03191261 0.00430764 0.00789726 0.30634412
165 0.08388651 0.02158710 0.18875403 0.25137404 0.00508434 0.07156661 0.06527961 0.03921931 0.03816771 0.01793140 0.02034810 0.05184661 0.00396115 0.00614412 0.00722313 0.04844701 0.04380421 0.00425869 0.01436750 0.01674880
166 0.07294978 0.01006780 0.01622389 0.00818376 0.02663439 0.01533400 0.01210300 0.01551730 0.00865209 0.19923794 0.13609496 0.01545810 0.04990948 0.03807509 0.01500780 0.03800949 0.09680297 0.00297047 0.01475580 0.20801193
167 0.08703296 0.05912027 0.05082738 0.03442209 0.00777419 0.08341066 0.16625893 0.03815468 0.02225979 0.07647267 0.02682109 0.06806557 0.01421249 0.02448579 0.02302029 0.10517795 0.04923868 0.00610704 0.01532149 0.04181598
168 0.08054628 0.07492778 0.03494009 0.03068719 0.01344030 0.05434009 0.06315458 0.02930669 0.02836209 0.04973449 0.04645789 0.12089297 0.02070879 0.01991420 0.02885639 0.10817097 0.05368769 0.00799895 0.01633160 0.11754097
169 0.07926815 0.06436884 0.06350774 0.06291244 0.00968785 0.13195709 0.11527908 0.03921593 0.03057602 0.04620733 0.03452832 0.08210186 0.01662381 0.02329762 0.02209572 0.06957425 0.05003203 0.00640238 0.01792901 0.03443452
170 0.03417092 0.01422541 0.00750772 0.00210408 0.00712024 0.00876150 0.00544050 0.00902547 0.00379138 0.13680608 0.44200627 0.00438955 0.10399506 0.06287894 0.00739517 0.01405071 0.01727571 0.00347469 0.00930252 0.10627806
171 0.04440481 0.26930605 0.04355651 0.01952520 0.00978312 0.04415891 0.04810881 0.02157420 0.03987601 0.02084340 0.04192471 0.16997803 0.01937610 0.02077120 0.02487360 0.05926981 0.04082951 0.01195680 0.02188800 0.02799521
172 0.03904521 0.00530312 0.00516977 0.00100761 0.01406590 0.00556081 0.00229008 0.00685878 0.00257412 0.24170005 0.26019405 0.00532905 0.06796361 0.03997261 0.00565339 0.01292330 0.03994071 0.00324363 0.00900215 0.23220204
173 0.06627559 0.02467060 0.09406328 0.26137396 0.00709016 0.05297869 0.16238397 0.04805599 0.02440940 0.01768830 0.02185140 0.06044129 0.00498559 0.00642567 0.01321440 0.05593659 0.03743499 0.00368615 0.01419450 0.02283950
174 0.07298612 0.04993111 0.03769681 0.13587503 0.00705334 0.07149512 0.26551106 0.03018231 0.01644650 0.02959171 0.02392251 0.07620112 0.01062930 0.01572560 0.02424351 0.05847871 0.03180441 0.00633040 0.00884333 0.02705201
175 0.06223480 0.02796480 0.08592271 0.27933402 0.00553532 0.05734760 0.18674601 0.02536590 0.02181430 0.01419970 0.01801780 0.09240071 0.00513656 0.00470630 0.01298780 0.03936140 0.02788970 0.00230925 0.01225070 0.01847460
176 0.06685393 0.02765721 0.07775614 0.24168211 0.00924649 0.03716762 0.11369605 0.02498211 0.02001341 0.02804151 0.10926005 0.05113482 0.01378881 0.01244221 0.02224021 0.04900002 0.03146721 0.00485824 0.01793021 0.04078162
177 0.06636760 0.01322270 0.01195160 0.00993082 0.01485680 0.01297600 0.01666720 0.01598990 0.00790514 0.22788301 0.15095500 0.01672320 0.04265750 0.02983790 0.01558070 0.03542890 0.04930900 0.00528081 0.01318520 0.24329101
178 0.31853205 0.02254500 0.02464730 0.00779607 0.09685822 0.01456460 0.01297550 0.08029781 0.02376890 0.01864840 0.01643840 0.00917567 0.00863168 0.00622512 0.01073390 0.21956804 0.06876021 0.00211809 0.01007230 0.02764270
179 0.04994071 0.05607272 0.04505961 0.04414641 0.00540001 0.11624303 0.26275907 0.01807361 0.01621980 0.04264171 0.04011301 0.07420852 0.06929432 0.02214321 0.02710411 0.04324511 0.02555451 0.00651045 0.00872546 0.02654461
