1 0.03445930 0.00493265 0.00418188 0.00065579 0.01275450 0.00592698 0.00371528 0.00478125 0.00134922 0.27716999 0.24302499 0.00313840 0.05489630 0.03031090 0.00732032 0.00957740 0.03114740 0.00420656 0.00977692 0.25667399
2 0.10983103 0.04029571 0.03337451 0.02747851 0.01068780 0.03063271 0.03323301 0.04629331 0.06803972 0.02968961 0.04734631 0.03834211 0.01496880 0.01384930 0.25453507 0.09353573 0.04155381 0.00448603 0.02334541 0.03848151
3 0.07111686 0.04826447 0.09479665 0.13079393 0.02371449 0.02358519 0.05235267 0.15196992 0.03211538 0.01425139 0.01672049 0.04024598 0.00555906 0.00749060 0.02299339 0.12604793 0.10263494 0.00214511 0.00517137 0.02803018
4 0.06709750 0.01311360 0.01244470 0.01004910 0.01575230 0.01186470 0.01645810 0.01245570 0.00708174 0.22992401 0.15543401 0.01479600 0.04191000 0.03077400 0.01561810 0.03472530 0.04634640 0.00640702 0.01463570 0.24311201
5 0.13595103 0.07491892 0.05707611 0.04321061 0.02012120 0.05408841 0.06098181 0.04711621 0.02753061 0.03141271 0.03184251 0.11699703 0.01535420 0.01729440 0.02385431 0.09058502 0.08923672 0.00493836 0.01066790 0.04682191
6 0.06604480 0.03634990 0.04998250 0.15645400 0.01202830 0.03869500 0.07410310 0.03756850 0.03230760 0.07100230 0.04650400 0.04084370 0.01467020 0.01288940 0.10616200 0.07073570 0.06646570 0.00399063 0.01636320 0.04683950
7 0.07417342 0.07503662 0.04792521 0.06062781 0.00790104 0.12473203 0.20099905 0.01856870 0.03271451 0.02896241 0.01365000 0.09340932 0.00923054 0.01612690 0.02536861 0.09402112 0.03769471 0.00282559 0.01090320 0.02512921
8 0.04888539 0.01082460 0.01151860 0.00546043 0.01369120 0.01490790 0.01429160 0.01466740 0.00610248 0.26429897 0.17618498 0.01100400 0.04634909 0.02945340 0.01248770 0.02295250 0.03713380 0.00623630 0.01429670 0.23925297
9 0.06372283 0.08827024 0.03594852 0.05503133 0.00245649 0.13417306 0.23564011 0.01492881 0.03893572 0.03494962 0.01199971 0.14027007 0.01063791 0.01621971 0.01089291 0.05089032 0.01853161 0.00214271 0.00934422 0.02501411
10 0.00814695 0.01425281 0.00799292 0.00156876 0.01076010 0.01362030 0.00355883 0.00466192 0.03892981 0.02014871 0.08231083 0.00959695 0.02982801 0.31395611 0.00332291 0.01244050 0.01830611 0.02519221 0.35827313 0.02313211
11 0.03591842 0.08666555 0.02747752 0.01150211 0.01144281 0.02417831 0.02749622 0.01508761 0.04803493 0.03207382 0.10571406 0.10531906 0.03278852 0.10105806 0.01574111 0.02779042 0.02752792 0.02544272 0.20495612 0.03378472
12 0.02665808 0.01819849 0.01501919 0.00540925 0.01102159 0.02454098 0.01387829 0.01624009 0.01851149 0.05110626 0.14032290 0.01635829 0.02927578 0.32580977 0.00726524 0.02420048 0.02156508 0.01404819 0.16444988 0.05612066
13 0.06986617 0.02515629 0.11573195 0.24529588 0.00499894 0.05408187 0.21055990 0.03038819 0.01554469 0.01023440 0.01756529 0.05534207 0.00491115 0.00739342 0.01592839 0.04985878 0.03807128 0.00078428 0.00804458 0.02024249
14 0.06831000 0.01944280 0.03641710 0.30033099 0.00416031 0.04441980 0.30327699 0.01655350 0.00957977 0.00576398 0.00879857 0.07092630 0.00192452 0.00215077 0.01979040 0.04172880 0.02042880 0.00073301 0.00411989 0.02114370
15 0.04460506 0.25272278 0.04507476 0.01992838 0.00956038 0.04821986 0.05505395 0.02555898 0.03716487 0.02025728 0.03741587 0.18639883 0.02093038 0.02136658 0.02163558 0.05467185 0.04129196 0.01467029 0.01831308 0.02515928
16 0.08167670 0.01678920 0.05134140 0.04009830 0.01699810 0.01576630 0.02550250 0.55328600 0.00985065 0.02255420 0.01621140 0.01433690 0.00523099 0.01363120 0.01197620 0.06089550 0.02251960 0.00271891 0.00477435 0.01384160
17 0.06789970 0.01319760 0.01290260 0.01071910 0.01573690 0.01267180 0.01801550 0.01303570 0.00747850 0.22764599 0.15301699 0.01516360 0.04140870 0.03071460 0.01667410 0.03493640 0.04655420 0.00688024 0.01463680 0.24071099
18 0.06898590 0.11592601 0.03630590 0.02321360 0.00945498 0.14306301 0.18228601 0.01503170 0.03719290 0.03043130 0.01175460 0.10811001 0.00986976 0.01525320 0.03395940 0.09232111 0.03076250 0.00290809 0.00933711 0.02383290
19 0.07642367 0.05155238 0.04426738 0.14297195 0.00608877 0.06890987 0.24693391 0.02989439 0.02251459 0.02328839 0.02412749 0.08064767 0.01070870 0.01386799 0.02205799 0.06011268 0.03070719 0.00596404 0.00988396 0.02907699
20 0.03833289 0.00752958 0.00517513 0.00161783 0.01154840 0.00748340 0.00516302 0.00849914 0.00201762 0.19920795 0.34662991 0.00416511 0.06841618 0.04908869 0.00903593 0.01123040 0.02579519 0.00376481 0.01083490 0.18446395
21 0.12145198 0.05248959 0.03535909 0.02557839 0.01761920 0.04195169 0.03912589 0.04920019 0.02496320 0.02732269 0.03572649 0.03006839 0.02010150 0.01005570 0.18825496 0.16391297 0.06080359 0.00293574 0.00984636 0.04323239
22 0.04205340 0.01495430 0.00961658 0.00537261 0.01063160 0.01199220 0.01195240 0.01395550 0.00588812 0.14754599 0.36760196 0.01019540 0.07144729 0.06662519 0.01437310 0.01769650 0.02211440 0.00467099 0.02202850 0.12928399
23 0.02556531 0.32460409 0.04489461 0.00877666 0.00436162 0.03021561 0.03158171 0.01050460 0.03673671 0.01206030 0.05392651 0.27398707 0.01784600 0.01744090 0.00936054 0.02730361 0.02993871 0.00504851 0.01727730 0.01856961
24 0.07938548 0.01714550 0.05229249 0.04050379 0.01665190 0.01602350 0.02622869 0.55432089 0.00967406 0.02251620 0.01592160 0.01442380 0.00533410 0.01329780 0.01255860 0.06022769 0.02209720 0.00256227 0.00455847 0.01427600
25 0.06727713 0.01092719 0.01692978 0.00634475 0.02789717 0.01182459 0.01071339 0.01060409 0.00704041 0.21729176 0.13585485 0.01118849 0.05296974 0.03009917 0.01908928 0.03774756 0.09076100 0.00319322 0.01795268 0.21429376
26 0.32553976 0.01549909 0.01845289 0.01451719 0.04133777 0.01544009 0.02560848 0.10147692 0.02026148 0.02551558 0.02011618 0.01154389 0.00725558 0.00954970 0.02232108 0.20027185 0.06829515 0.00253785 0.00675949 0.04769996
27 0.04199962 0.00917363 0.00718478 0.00117513 0.01658241 0.01011521 0.00540107 0.00902838 0.00434304 0.16333508 0.30676216 0.00577967 0.07743584 0.08666715 0.01091951 0.01527891 0.03820972 0.00620508 0.03475152 0.14965208
28 0.06931588 0.01989420 0.03368529 0.29150493 0.00407796 0.04482149 0.31568892 0.01569870 0.00865952 0.00558807 0.00862466 0.07233448 0.00196873 0.00231267 0.01953900 0.04217649 0.01951090 0.00069592 0.00372762 0.02017459
29 0.03680248 0.00440882 0.00493987 0.00127142 0.01247529 0.00657173 0.00519164 0.00354343 0.00190034 0.32571480 0.15708190 0.00468278 0.04164317 0.01829289 0.00812291 0.01187309 0.03376048 0.00528214 0.00933602 0.30710481
30 0.06783337 0.07152896 0.04043268 0.09470505 0.00520908 0.09110335 0.22623689 0.02361139 0.03023818 0.02540539 0.01485229 0.12165994 0.00845491 0.01401629 0.01915659 0.07820616 0.02755689 0.00287071 0.01016099 0.02676089
31 0.07902970 0.01714290 0.05218920 0.04060160 0.01666350 0.01597510 0.02620190 0.55531903 0.00983528 0.02256710 0.01599050 0.01509380 0.00494035 0.01338950 0.01189850 0.06076980 0.02154870 0.00267332 0.00424189 0.01392830
32 0.03539832 0.00715426 0.00435027 0.00111494 0.01023431 0.00722996 0.00415643 0.00873116 0.00171838 0.18981911 0.37892622 0.00321189 0.07212564 0.05189663 0.00747071 0.00954906 0.02121341 0.00359144 0.00967875 0.17242910
33 0.03266320 0.00758058 0.00403812 0.00092452 0.00912367 0.00773577 0.00395959 0.00918960 0.00169452 0.18531003 0.40251706 0.00280181 0.07562911 0.05147491 0.00777110 0.00930478 0.01776940 0.00368129 0.00854790 0.15828302
34 0.07911003 0.12048705 0.03462562 0.02532661 0.02291691 0.08654274 0.04879322 0.04164732 0.02278181 0.01768181 0.02903751 0.03860072 0.02031051 0.00812031 0.14846307 0.15702107 0.06539923 0.00246086 0.00874189 0.02193171
35 0.00677856 0.00871372 0.00539607 0.00114315 0.00834314 0.02025808 0.00263959 0.00452280 0.01817838 0.02484908 0.11099990 0.00509802 0.02271098 0.44166060 0.00311223 0.01082299 0.01202019 0.01143939 0.24932777 0.03198537
36 0.04474641 0.20630604 0.04425081 0.01848180 0.00780272 0.05265731 0.05500531 0.02552710 0.10659602 0.01606680 0.02622070 0.15456403 0.01726990 0.03029171 0.01723570 0.05358531 0.03082681 0.01581940 0.05501181 0.02173430
37 0.11066293 0.02224609 0.06088986 0.01946839 0.02442629 0.03494748 0.02259459 0.04249487 0.01271029 0.01912869 0.01605499 0.01457829 0.01150609 0.00802805 0.01717869 0.26460284 0.24591485 0.00273159 0.00830586 0.04152928
38 0.02537911 0.02428871 0.01946131 0.00965847 0.01353790 0.01532621 0.01244940 0.01039840 0.05226852 0.03195851 0.07225722 0.02137541 0.03241471 0.20289107 0.00838110 0.02730951 0.02630621 0.02902471 0.33241411 0.03289941
39 0.05194701 0.09022002 0.05476101 0.01997311 0.00670494 0.03604931 0.03206341 0.03322071 0.17678705 0.01493160 0.01946391 0.06505062 0.01219620 0.05448391 0.01912210 0.08992582 0.02186441 0.01930041 0.16652304 0.01541140
40 0.02612911 0.01880681 0.01434430 0.00491171 0.01083350 0.02427211 0.01355880 0.01592000 0.01878531 0.05052841 0.13916004 0.01625830 0.02933991 0.32888010 0.00750520 0.02374641 0.02051131 0.01527170 0.16581805 0.05541892
41 0.06894985 0.10573393 0.04918217 0.04228547 0.00656804 0.13893490 0.14562990 0.02305508 0.03960287 0.03423658 0.01857139 0.15163889 0.01231089 0.01879899 0.01546359 0.05704066 0.02868588 0.00364216 0.01217559 0.02749318
42 0.12738199 0.02470520 0.03635980 0.02796280 0.01987860 0.01087040 0.02719040 0.34805497 0.01018140 0.01672750 0.01921330 0.01931810 0.00811890 0.05840989 0.01137080 0.17380098 0.03240250 0.00566817 0.00559872 0.01678560
43 0.02436041 0.03658042 0.02705111 0.00947614 0.00936416 0.01636991 0.01083941 0.01572861 0.11672906 0.01322041 0.04333602 0.02912511 0.02604071 0.15172008 0.00841800 0.03573852 0.02167811 0.03252322 0.35786418 0.01383641
44 0.03783139 0.12504896 0.02552009 0.01125200 0.00867784 0.02193289 0.03106669 0.01601090 0.01904209 0.07928338 0.25070992 0.07768938 0.06737308 0.04254279 0.02587609 0.03279379 0.02990779 0.00649716 0.02341729 0.06752648
45 0.01972529 0.00885144 0.00570149 0.00183272 0.00844103 0.01887539 0.00487283 0.00832549 0.00839186 0.06936926 0.23517887 0.00563512 0.04143018 0.32513882 0.00607406 0.01224019 0.01429739 0.00659102 0.12972893 0.06929866
46 0.04238451 0.01540100 0.00955611 0.00520158 0.01063970 0.01140670 0.01212100 0.01408820 0.00555364 0.14757503 0.37080807 0.01037080 0.07152881 0.06540401 0.01459770 0.01765400 0.02219880 0.00435659 0.01930270 0.12985102
47 0.06345453 0.05913353 0.06231823 0.02603761 0.01053601 0.12825507 0.07806414 0.02069791 0.03229402 0.06604424 0.09459165 0.06152693 0.07825264 0.03703322 0.02170701 0.04826173 0.03799322 0.00907867 0.02178941 0.04293022
48 0.03106279 0.00400003 0.00384113 0.00057075 0.01204370 0.00564776 0.00377509 0.00322109 0.00106093 0.31861793 0.18983596 0.00302237 0.04621439 0.02107620 0.00637245 0.00868725 0.03111559 0.00468403 0.00892564 0.29622494
49 0.19713379 0.03192597 0.04127636 0.03882286 0.04015306 0.01326449 0.03018047 0.12973386 0.01712988 0.01491758 0.01625678 0.02120248 0.00890904 0.01073929 0.01910478 0.21269577 0.11652888 0.00373181 0.00457720 0.03171567
50 0.06607931 0.01814970 0.02976691 0.31043507 0.00357133 0.04438071 0.31873207 0.01097240 0.00779337 0.00482730 0.00641758 0.07877682 0.00155654 0.00153845 0.01952720 0.03751421 0.01638670 0.00042106 0.00348776 0.01966550
51 0.03673909 0.00440673 0.00475953 0.00133732 0.01242550 0.00646975 0.00492461 0.00343383 0.00193499 0.32662094 0.15662397 0.00450378 0.04169449 0.01846300 0.00785275 0.01135840 0.03381199 0.00515368 0.00941870 0.30806695
52 0.05525503 0.07441694 0.03356922 0.01515771 0.01725201 0.04364852 0.04717242 0.02387341 0.10201305 0.03771482 0.06740683 0.06054643 0.07953524 0.05874693 0.02508591 0.05250853 0.04305522 0.02160541 0.10618705 0.03524932
53 0.04825378 0.01160070 0.01236370 0.00511271 0.01417049 0.01552299 0.01456949 0.01315750 0.00577197 0.26473290 0.17457894 0.01134760 0.04645888 0.02994199 0.01264590 0.02246689 0.03804989 0.00581539 0.01444239 0.23899591
54 0.13411103 0.03311671 0.18639104 0.08878732 0.01117540 0.06089961 0.05770321 0.04867861 0.02190301 0.02551401 0.03021201 0.04413851 0.01714650 0.01679870 0.01865000 0.08909552 0.06240641 0.00252386 0.01816160 0.03258691
55 0.34203597 0.01249450 0.01587380 0.01307510 0.04022610 0.01643740 0.02061230 0.18386998 0.01646590 0.02342990 0.02336090 0.01389280 0.00594757 0.00882686 0.01836860 0.15840999 0.05027160 0.00283516 0.00401940 0.02954620
56 0.03407768 0.00414070 0.00457709 0.00097509 0.01166779 0.00664277 0.00494098 0.00325352 0.00168192 0.33367976 0.15783689 0.00393944 0.04157017 0.01738119 0.00719885 0.01101419 0.03158908 0.00540513 0.00894801 0.30947978
57 0.29477605 0.01870570 0.02369360 0.01742300 0.03972601 0.01864570 0.02825760 0.09466792 0.01956530 0.02334950 0.01943880 0.01358540 0.00720163 0.01083220 0.02269460 0.21205904 0.07908031 0.00302006 0.00745854 0.04581901
58 0.04484409 0.01589880 0.01451180 0.00548373 0.02436339 0.00904921 0.00939213 0.00759562 0.02218719 0.11065097 0.13306696 0.01451850 0.04934429 0.12206396 0.01581720 0.02767039 0.06992448 0.01438040 0.16831795 0.12091896
59 0.03498623 0.00978979 0.00520685 0.00100861 0.01186891 0.00766806 0.00445907 0.00838465 0.00215439 0.19623716 0.35207630 0.00340798 0.08173127 0.04650314 0.00996962 0.01208741 0.02837252 0.00357868 0.01030021 0.17020914
60 0.02534710 0.34158606 0.04570511 0.00758905 0.00382783 0.03813821 0.03944811 0.00927345 0.03740671 0.01025030 0.02794670 0.29542105 0.01071720 0.01643870 0.00531765 0.02577980 0.03040471 0.00320895 0.01004410 0.01614920
61 0.04888894 0.01842031 0.01624531 0.00412872 0.02747282 0.01196951 0.01036971 0.01229161 0.01458481 0.12121709 0.13682311 0.01433011 0.08304606 0.10671708 0.01881461 0.03623503 0.08538857 0.01570321 0.08965127 0.12770210
62 0.06037759 0.15147297 0.04359839 0.03096389 0.00500372 0.11606698 0.12968498 0.02090390 0.03968139 0.02829280 0.01919310 0.19846297 0.01161520 0.01740140 0.01114170 0.04838769 0.02675950 0.00314495 0.01146590 0.02638100
63 0.04873631 0.01094340 0.01160100 0.00493683 0.01396940 0.01481850 0.01353940 0.01465450 0.00590051 0.26633508 0.17527405 0.01100000 0.04666701 0.02929701 0.01196470 0.02215231 0.03759171 0.00590226 0.01410890 0.24060707
64 0.07232823 0.05227242 0.17362408 0.08936844 0.01081810 0.05840813 0.06616503 0.06738263 0.02665651 0.02799351 0.03275592 0.05979853 0.01579511 0.02309281 0.02082571 0.08247184 0.06787313 0.00283884 0.02172941 0.02780161
65 0.07853626 0.04307878 0.09983116 0.13097494 0.01830459 0.03182509 0.05076468 0.10910395 0.02788549 0.02004459 0.04822828 0.04629408 0.01137609 0.01016020 0.02641599 0.10569795 0.09813336 0.00238074 0.00687321 0.03409058
66 0.06944468 0.01982279 0.03312049 0.29173891 0.00401703 0.04460099 0.31463590 0.01520100 0.00887079 0.00573222 0.00895152 0.07244028 0.00207517 0.00237764 0.02008629 0.04236139 0.01952719 0.00069821 0.00378064 0.02051689
67 0.06868904 0.02771142 0.06447064 0.18614111 0.01141831 0.03409332 0.16731310 0.18756411 0.01444041 0.01098401 0.01247631 0.04350032 0.00315802 0.00683318 0.01627811 0.07485904 0.04099432 0.00162331 0.00437192 0.02308001
68 0.31568284 0.01627009 0.02144319 0.02028309 0.04643918 0.01347169 0.02481509 0.13718093 0.01560489 0.01948279 0.01925269 0.01346159 0.00713876 0.00781962 0.01351609 0.18550591 0.08188486 0.00296323 0.00396509 0.03381838
69 0.09295647 0.03476119 0.05618868 0.03014559 0.02425459 0.03307349 0.03077429 0.03634149 0.01702559 0.05835508 0.04954308 0.02872809 0.02725669 0.01961699 0.02246379 0.15824594 0.18123593 0.00803726 0.01699289 0.07400287
70 0.04042051 0.01683730 0.00875412 0.00190417 0.01587000 0.01008340 0.00890250 0.00907041 0.00448090 0.21040103 0.24385104 0.00717321 0.09696761 0.03680951 0.01553190 0.02227290 0.04824361 0.00524994 0.01433590 0.18284003
71 0.04630560 0.25863399 0.04058140 0.01285230 0.01021440 0.09784470 0.07410720 0.01290200 0.03724470 0.01845900 0.02313840 0.18094699 0.01354430 0.01692760 0.02661960 0.05941730 0.03374070 0.00588753 0.01056660 0.02006570
72 0.08272190 0.03043190 0.09391470 0.15681700 0.01078360 0.03173570 0.06553030 0.03546880 0.06012500 0.02016850 0.02069690 0.03726630 0.00880628 0.02097600 0.02489110 0.12148200 0.04392030 0.01941540 0.08903430 0.02581400
73 0.05956258 0.11971096 0.04018439 0.06134968 0.00469255 0.09477827 0.21658492 0.02045359 0.03304839 0.02741959 0.02159339 0.11615996 0.01407090 0.01706659 0.02165299 0.05622258 0.02785989 0.01117420 0.01075340 0.02566119
74 0.09198856 0.04769523 0.04874753 0.10834607 0.01056961 0.06339714 0.21112413 0.03748602 0.02383911 0.02057181 0.01923861 0.06777134 0.00933442 0.01372391 0.02532232 0.10920007 0.04595723 0.00378558 0.01145571 0.03044562
75 0.02044531 0.00889686 0.00551912 0.00172430 0.00822514 0.01855771 0.00486727 0.00867242 0.00830194 0.06945304 0.23741715 0.00574966 0.04144953 0.32261120 0.00602759 0.01213851 0.01400741 0.00684312 0.12928708 0.06980564
76 0.27096480 0.02208518 0.02755798 0.02623478 0.03056248 0.02552398 0.04008647 0.08808043 0.02096778 0.04551387 0.04492677 0.02501538 0.01489819 0.01495049 0.02792118 0.13624190 0.05758716 0.00444525 0.01043959 0.06599635
77 0.03825329 0.00750232 0.00485938 0.00165471 0.01165730 0.00729798 0.00547555 0.00832801 0.00197520 0.19923994 0.34630589 0.00412904 0.06859348 0.04936658 0.00861745 0.01120960 0.02591349 0.00377957 0.01098330 0.18485794
78 0.05708101 0.02031020 0.09160011 0.31290803 0.00396660 0.08448621 0.16767902 0.02315430 0.02373570 0.01217800 0.01476160 0.06421091 0.00485012 0.00499175 0.01497170 0.03550940 0.03236770 0.00134328 0.00820436 0.02169000
79 0.28609299 0.01447330 0.02303840 0.01367490 0.02313170 0.01226420 0.02704600 0.06051170 0.02085400 0.04938930 0.02759480 0.01425540 0.01204360 0.01075630 0.03705040 0.17384300 0.06970560 0.00268776 0.00690666 0.11468000
80 0.30371192 0.01713110 0.01425150 0.01033850 0.09892357 0.01708260 0.01688170 0.09943997 0.01344310 0.02995439 0.03094879 0.01197240 0.01608900 0.01191870 0.01134280 0.17038796 0.07531498 0.00210186 0.01036440 0.03840079
81 0.06137982 0.03215181 0.08640663 0.25248408 0.00431902 0.08956833 0.17379106 0.02347081 0.02123381 0.01411670 0.01630651 0.09279333 0.00630285 0.00700271 0.01492160 0.04052801 0.03016101 0.00139938 0.00773071 0.02393181
82 0.05592730 0.00797617 0.00915767 0.00187670 0.02846120 0.00453867 0.00582311 0.00554579 0.00403102 0.21525500 0.20210700 0.00625118 0.06468370 0.03791610 0.01786350 0.02132780 0.07561180 0.00176229 0.01799300 0.21589100
83 0.00875851 0.01442759 0.00861091 0.00146937 0.01077519 0.01359169 0.00406270 0.00476842 0.03904168 0.02055589 0.08110726 0.01003580 0.03016269 0.30793286 0.00331636 0.01286399 0.01849939 0.02526739 0.36159083 0.02316149
84 0.07144577 0.08180117 0.04394158 0.04162709 0.00812083 0.14341895 0.12065396 0.02665199 0.08706567 0.03268689 0.01825139 0.09896696 0.01568649 0.02845089 0.02085119 0.06515218 0.02967549 0.00784743 0.02996069 0.02774339
85 0.07622563 0.05125642 0.04530862 0.14262705 0.00619716 0.06930483 0.24733909 0.02844211 0.02220201 0.02360641 0.02410321 0.08082463 0.01063060 0.01450311 0.02167361 0.06022322 0.03027571 0.00569727 0.01050820 0.02905111
86 0.06105208 0.01834862 0.01698042 0.00791962 0.02941194 0.00894118 0.01780702 0.01198632 0.00886043 0.15272820 0.18389024 0.01407622 0.07200510 0.03757785 0.02838774 0.04194496 0.10519214 0.00234378 0.02039293 0.16015321
87 0.03271791 0.00368277 0.00426916 0.00092574 0.01139960 0.00625830 0.00444162 0.00288027 0.00137021 0.34178712 0.14955505 0.00384774 0.03985621 0.01534701 0.00676433 0.00994222 0.03104451 0.00526979 0.00842431 0.32021611
88 0.04494201 0.25254208 0.04563081 0.02154031 0.00964400 0.04846681 0.05471812 0.02699111 0.03653931 0.02013431 0.03808691 0.18450906 0.02035511 0.02116151 0.02182611 0.05380242 0.04079001 0.01529360 0.01795621 0.02507021
89 0.14888793 0.02414549 0.03756378 0.01425729 0.02135199 0.02858019 0.03261008 0.04674058 0.02268859 0.10244195 0.06595437 0.02511719 0.02938369 0.02246069 0.03288388 0.14579993 0.08070016 0.00540810 0.01844419 0.09457995
90 0.06102670 0.02379880 0.09752640 0.28798501 0.00470819 0.08725540 0.15975400 0.02578700 0.02383280 0.01353850 0.01615060 0.06412930 0.00592978 0.00607478 0.01574170 0.04001680 0.03429490 0.00158499 0.00882233 0.02204200
91 0.03672740 0.00431706 0.00484418 0.00118670 0.01252370 0.00644225 0.00498307 0.00357316 0.00188745 0.32673103 0.15567701 0.00444428 0.04172160 0.01814630 0.00790529 0.01196460 0.03424090 0.00525851 0.00950446 0.30792103
92 0.03414218 0.00769003 0.00467642 0.00105017 0.01013419 0.00787186 0.00458220 0.00904597 0.00184043 0.19816989 0.37177379 0.00321446 0.07227526 0.04945197 0.00803392 0.00996778 0.02082079 0.00374346 0.00962233 0.17189290
93 0.05434148 0.18659694 0.05122608 0.04637389 0.00767408 0.05726268 0.08458247 0.02764439 0.03688239 0.02298329 0.03017059 0.20381294 0.01335070 0.01994259 0.01793209 0.04946009 0.03600969 0.00544942 0.01803679 0.03026739
94 0.02846897 0.00407321 0.00357018 0.00054220 0.01059039 0.00594943 0.00386550 0.00335182 0.00097907 0.32565671 0.19219683 0.00289927 0.04609366 0.01974078 0.00576524 0.00809194 0.02771348 0.00498280 0.00804378 0.29742474
95 0.07399089 0.04166989 0.21965796 0.10762198 0.00649983 0.10658098 0.06967409 0.03422889 0.02176420 0.02425910 0.02790789 0.05908869 0.01668450 0.02009360 0.01201370 0.06550739 0.06237479 0.00145986 0.01387890 0.01504290
96 0.05248510 0.17614001 0.05927880 0.03781040 0.01351250 0.04547750 0.05107350 0.03430490 0.03124670 0.02318200 0.03080930 0.19967301 0.01511670 0.01894990 0.01829190 0.06673260 0.07814621 0.00458013 0.01163550 0.03155330
97 0.03292857 0.00581301 0.00367954 0.00060322 0.01076469 0.00640904 0.00338997 0.00673377 0.00115362 0.23579177 0.32129969 0.00261266 0.06453534 0.03961806 0.00668186 0.00867483 0.02423478 0.00390746 0.00845532 0.21271280
98 0.03430880 0.00783583 0.00466320 0.00102986 0.01025080 0.00759072 0.00459096 0.00878669 0.00203952 0.19842900 0.36987900 0.00353340 0.07200510 0.04918780 0.00807804 0.01009590 0.02136600 0.00370587 0.00967750 0.17294600
99 0.06042907 0.06988487 0.17405992 0.07591516 0.01097709 0.05575907 0.05469697 0.05199378 0.03036209 0.01990379 0.02327399 0.10539095 0.01117149 0.01857999 0.02031479 0.10987195 0.06228657 0.00202508 0.01764909 0.02545429
100 0.06096080 0.07757950 0.03054230 0.11076700 0.00234550 0.09889010 0.27224900 0.01304180 0.02936230 0.02596540 0.01147860 0.13708300 0.00852431 0.01203680 0.01278370 0.04606470 0.01744490 0.00195571 0.00810658 0.02281800
101 0.07524484 0.04981763 0.04564102 0.14294307 0.00619497 0.06957884 0.24760913 0.02934061 0.02230331 0.02450311 0.02445771 0.08029224 0.01061441 0.01415661 0.02181071 0.06045323 0.03047132 0.00510042 0.01031671 0.02915011
102 0.07315335 0.07010874 0.06351314 0.04674333 0.01474211 0.04057813 0.04559183 0.12405508 0.03463052 0.01807811 0.02263301 0.14620309 0.00926728 0.01781911 0.03833362 0.13531209 0.05700244 0.00425579 0.01159991 0.02637932
103 0.04103224 0.01575092 0.01036521 0.00580856 0.01057821 0.01188291 0.01290971 0.01376521 0.00558894 0.14767216 0.36773739 0.01027821 0.07205138 0.06520187 0.01519142 0.01831602 0.02239172 0.00433785 0.02005592 0.12908414
104 0.33022277 0.01362179 0.01512149 0.01457899 0.04601417 0.00951863 0.02114228 0.15780889 0.01467599 0.01925829 0.01872049 0.00949421 0.00544295 0.01157429 0.01343389 0.20342186 0.05970076 0.00267212 0.00374018 0.02983598
105 0.13934988 0.03663827 0.04080767 0.07274734 0.00654963 0.04524286 0.20826883 0.02575798 0.01810188 0.02787618 0.12087390 0.04586846 0.01687509 0.01598129 0.03110127 0.05329906 0.03785037 0.00422779 0.01031629 0.04226596
106 0.06448818 0.07061358 0.03420019 0.13202496 0.00307658 0.08920217 0.26792391 0.01470590 0.02685559 0.02339869 0.01346090 0.12355596 0.00822571 0.01188530 0.01508520 0.04731698 0.01954529 0.00237294 0.00834930 0.02371269
107 0.06694152 0.06645082 0.03503471 0.01949501 0.01190760 0.06717122 0.08062413 0.02351321 0.02738091 0.13139505 0.06919862 0.10677004 0.02609691 0.02942291 0.01794411 0.04761802 0.04127961 0.00900844 0.01756611 0.10518104
108 0.04199231 0.08515113 0.01132830 0.01206330 0.00596880 0.02532501 0.03613641 0.02855141 0.02988441 0.04625881 0.04035721 0.02617981 0.05060512 0.07728152 0.00787098 0.03414431 0.05618802 0.25402708 0.07727052 0.05341552
109 0.03662146 0.00440907 0.00471645 0.00105905 0.01224539 0.00657612 0.00521522 0.00356937 0.00177048 0.32629466 0.15781883 0.00471969 0.04158576 0.01843548 0.00769645 0.01158719 0.03321497 0.00524366 0.00938704 0.30783368
110 0.05006886 0.03588425 0.01967582 0.00827034 0.01618472 0.01859962 0.02104223 0.01748852 0.01287762 0.12860616 0.20998927 0.02074873 0.11152214 0.04783026 0.02380263 0.04012745 0.05449647 0.01454352 0.03369424 0.11454715
111 0.06057691 0.13186203 0.04174481 0.02456711 0.01561690 0.03384831 0.04896331 0.03557321 0.02563131 0.03884601 0.11677203 0.07347242 0.05495431 0.02355911 0.05055881 0.10797102 0.05680921 0.00505848 0.01699800 0.03661671
112 0.03100099 0.07907087 0.01852539 0.00534018 0.00963726 0.02112359 0.02080039 0.01339709 0.02062379 0.07155727 0.23751790 0.05049558 0.05136798 0.14793493 0.01376439 0.02446899 0.02192369 0.01071860 0.08591596 0.06481517
113 0.11180400 0.02228250 0.06033890 0.01944980 0.02381980 0.03470950 0.02327060 0.04257440 0.01294550 0.01873000 0.01510620 0.01478300 0.01121390 0.00800061 0.01697790 0.26569299 0.24644900 0.00270717 0.00795024 0.04119400
114 0.07839291 0.07115541 0.06052841 0.05612111 0.01063060 0.13445602 0.11016001 0.03164130 0.03230730 0.04427421 0.03523180 0.08056561 0.01656510 0.03152770 0.02655950 0.07510471 0.04572821 0.00694618 0.01834230 0.03376160
115 0.06579737 0.01274220 0.01277090 0.00984157 0.01565599 0.01231870 0.01649379 0.01223510 0.00726717 0.23234991 0.15457594 0.01471179 0.04205078 0.03056109 0.01579239 0.03359519 0.04575098 0.00663255 0.01485569 0.24400090
116 0.20362099 0.06415120 0.02806310 0.01945610 0.07272339 0.10426499 0.03512510 0.05806280 0.01992450 0.02213580 0.02195250 0.03560610 0.01181250 0.01211310 0.04211270 0.14643699 0.06793170 0.00232518 0.00889289 0.02328840
117 0.07609431 0.07209371 0.06194300 0.05686140 0.01094500 0.13073901 0.11039901 0.03225060 0.03231540 0.04417960 0.03650110 0.08108141 0.01718140 0.03158030 0.02580610 0.07487561 0.04647610 0.00656682 0.01840760 0.03370250
118 0.04531280 0.10427900 0.01017880 0.00759185 0.00787930 0.01231570 0.03604630 0.07723300 0.01727820 0.03245200 0.03934120 0.02348190 0.09846810 0.02593490 0.00845353 0.04348390 0.08975490 0.26882101 0.02561030 0.02608330
119 0.04208976 0.01528208 0.00999225 0.00520512 0.01055249 0.01162139 0.01146019 0.01449189 0.00601959 0.14655885 0.36877662 0.01020439 0.07097313 0.06603433 0.01474068 0.01853078 0.02226018 0.00473103 0.02148038 0.12899487
120 0.27190197 0.02187790 0.02774210 0.02623280 0.03076730 0.02535270 0.03990310 0.08767269 0.02193510 0.04434720 0.04371610 0.02424220 0.01429860 0.01485060 0.02963480 0.13720799 0.05815899 0.00466470 0.01042990 0.06506329
121 0.26672107 0.02225541 0.02780041 0.02643381 0.03079661 0.02597531 0.04137811 0.08679652 0.02191521 0.04547001 0.04368081 0.02458641 0.01426390 0.01522780 0.02881121 0.13953603 0.05858951 0.00471575 0.01025260 0.06479352
122 0.07908342 0.01728620 0.05156651 0.04046051 0.01689410 0.01630860 0.02650661 0.55428412 0.01018530 0.02257550 0.01562540 0.01541870 0.00502805 0.01326600 0.01214410 0.06053141 0.02170830 0.00269200 0.00478014 0.01365500
123 0.06431156 0.00521461 0.00966589 0.00189226 0.02893838 0.00443610 0.00470396 0.00452309 0.00361456 0.24085186 0.14844791 0.00651331 0.05158807 0.03094828 0.01580709 0.02452369 0.07971765 0.00187401 0.01774589 0.25468185
124 0.08821721 0.03032610 0.12344101 0.03240160 0.01338650 0.04469170 0.05692040 0.04293030 0.02446700 0.08185581 0.03779100 0.03681270 0.01736540 0.02457920 0.02500850 0.14332601 0.09021121 0.00334643 0.02866130 0.05426060
125 0.03965473 0.00549623 0.00533847 0.00169126 0.01458031 0.00625040 0.00498593 0.00501613 0.00196455 0.26597519 0.22890416 0.00499187 0.05307354 0.03133712 0.00865111 0.01198991 0.03646603 0.00414335 0.01103451 0.25845518
126 0.05096872 0.04154182 0.02267701 0.00825193 0.02189361 0.01419871 0.02089451 0.01950091 0.01141160 0.10535704 0.11656304 0.01820271 0.15791506 0.02612471 0.03564721 0.06956093 0.12218805 0.01993611 0.02056681 0.09659954
127 0.09798968 0.08667578 0.06177858 0.05369669 0.02685549 0.02332829 0.04130879 0.16536696 0.02401169 0.01352630 0.01767610 0.04725589 0.00918602 0.01562760 0.03580999 0.17021596 0.07279528 0.00650762 0.00801911 0.02236819
128 0.04844702 0.17712108 0.13037706 0.06006533 0.01000880 0.05017632 0.05561003 0.04452052 0.03369762 0.01697601 0.02957731 0.14091306 0.01294761 0.01938261 0.01732331 0.06494543 0.04946562 0.00310834 0.01620911 0.01912781
129 0.03466977 0.00752992 0.00457995 0.00095540 0.01026509 0.00783900 0.00458161 0.00916533 0.00200412 0.19731085 0.37044972 0.00351175 0.07257375 0.04935646 0.00853796 0.01060919 0.02121138 0.00381050 0.00948636 0.17155187
130 0.02602130 0.00332761 0.00328046 0.00059125 0.00912747 0.00615522 0.00429002 0.00231594 0.00090621 0.36178507 0.14571803 0.00308863 0.03788601 0.01204110 0.00501701 0.00713401 0.02574690 0.00564850 0.00720018 0.33271906
131 0.04389289 0.25415193 0.04648769 0.02121399 0.00934379 0.04698969 0.05401778 0.02636999 0.03666409 0.02055489 0.03903989 0.18654795 0.02105799 0.02137229 0.02145079 0.05297388 0.04079169 0.01383140 0.01808589 0.02516149
132 0.04134140 0.01548680 0.00989963 0.00505429 0.01046180 0.01159740 0.01201230 0.01409180 0.00567342 0.14840602 0.36701804 0.01034450 0.07150461 0.06621911 0.01479600 0.01791770 0.02241060 0.00442955 0.02100100 0.13033401
133 0.06901202 0.01915330 0.03724971 0.29912807 0.00423532 0.04486391 0.30330107 0.01623510 0.00968050 0.00565430 0.00886916 0.07034492 0.00207569 0.00222408 0.01935850 0.04212421 0.02077830 0.00067487 0.00417134 0.02086560
134 0.29078809 0.01234940 0.01853821 0.01093690 0.02036121 0.01091000 0.02494111 0.05206242 0.02016551 0.07088872 0.04467161 0.01402950 0.01703841 0.01329150 0.04166031 0.12778704 0.05767922 0.00335548 0.00765030 0.14089505
135 0.09593701 0.01304200 0.01360420 0.00845316 0.01658060 0.01398240 0.01939050 0.02697920 0.00701346 0.12836701 0.31228102 0.01183090 0.06012900 0.04630200 0.01711090 0.03487710 0.03364660 0.00395420 0.01243170 0.12408701
136 0.05077042 0.01151130 0.01077490 0.00235560 0.02457251 0.00832408 0.00661760 0.00600200 0.01238400 0.15662805 0.15983905 0.01069950 0.06178662 0.09895853 0.01294830 0.02174011 0.05774422 0.01024510 0.10367003 0.17242806
137 0.04257361 0.01525881 0.00975048 0.00527819 0.01084830 0.01146720 0.01193250 0.01424400 0.00567581 0.14568905 0.36943312 0.01034150 0.07161062 0.06689192 0.01439120 0.01821131 0.02238761 0.00441789 0.02141681 0.12818004
138 0.02734832 0.01859442 0.01544821 0.00563711 0.01080481 0.02483322 0.01480621 0.01704201 0.01877472 0.05122214 0.13923311 0.01712371 0.02946672 0.32310726 0.00737788 0.02569532 0.02142242 0.01420091 0.16167213 0.05618935
139 0.17449491 0.02600919 0.04042278 0.03556308 0.03098718 0.01255379 0.02800629 0.30603384 0.01424229 0.01735959 0.01585909 0.01837809 0.00599968 0.01620639 0.01806799 0.15920492 0.05078767 0.00332817 0.00472006 0.02177499
140 0.02798869 0.00822910 0.00405717 0.00126770 0.00713293 0.01212200 0.00447585 0.01068990 0.00360422 0.11580297 0.40105388 0.00354928 0.06983428 0.15328895 0.00703311 0.00985177 0.01098890 0.00423407 0.04490059 0.09989467
141 0.16254001 0.01345210 0.02026080 0.00656862 0.07640200 0.01346770 0.01138810 0.03933520 0.01210950 0.10925601 0.10389301 0.01372180 0.07060940 0.02721110 0.01794210 0.07576050 0.07662500 0.00399013 0.02257090 0.12289601
142 0.03710744 0.00435486 0.00490569 0.00132222 0.01270261 0.00643863 0.00496947 0.00357688 0.00186619 0.32507933 0.15816316 0.00460415 0.04192084 0.01815672 0.00801996 0.01188051 0.03386923 0.00509996 0.00943183 0.30653031
143 0.07959278 0.01727950 0.05245899 0.04079819 0.01703400 0.01596200 0.02595109 0.55452489 0.00994682 0.02262230 0.01577560 0.01453530 0.00511273 0.01304130 0.01160500 0.06084319 0.02219000 0.00301796 0.00434859 0.01335980
144 0.10762891 0.02250968 0.04220687 0.22305582 0.00970230 0.03776757 0.24130081 0.03646767 0.01209199 0.00724583 0.01313629 0.05371486 0.00319426 0.00446709 0.01926738 0.09122093 0.03739657 0.00177640 0.00575940 0.03008938
145 0.23798280 0.02086308 0.03121117 0.02940408 0.05463095 0.00818292 0.02250688 0.25915278 0.01098309 0.01482769 0.01505749 0.01050339 0.00477831 0.01037249 0.00872281 0.17867185 0.05940675 0.00159251 0.00292108 0.01822788
146 0.02956598 0.00369760 0.00388622 0.00066812 0.01070259 0.00643495 0.00445613 0.00280213 0.00123065 0.34812279 0.15246591 0.00345249 0.04001578 0.01480479 0.00608286 0.00879457 0.02908068 0.00530354 0.00819444 0.32023780
147 0.29494411 0.01897371 0.02283161 0.01727741 0.03964231 0.01911761 0.02849261 0.09602413 0.01958741 0.02310011 0.01932561 0.01350990 0.00733294 0.01037500 0.02278921 0.21257308 0.07943813 0.00291470 0.00740480 0.04434562
148 0.09075368 0.03801259 0.05208849 0.03654439 0.01074090 0.05167719 0.10292098 0.25932995 0.01844670 0.06114539 0.03286319 0.04611539 0.01290460 0.01903120 0.01668610 0.06569729 0.03682899 0.00773446 0.00928505 0.03119349
149 0.03437492 0.00764257 0.00458637 0.00123338 0.01036861 0.00777995 0.00459313 0.00894772 0.00203054 0.19812013 0.36976225 0.00346715 0.07184845 0.04903253 0.00850740 0.01023671 0.02198911 0.00373565 0.00965431 0.17208912
150 0.03481902 0.01004911 0.00496194 0.00089663 0.01194341 0.00744860 0.00448676 0.00853285 0.00207970 0.19266214 0.35623225 0.00328426 0.08430016 0.04676233 0.01021991 0.01247761 0.02871422 0.00338270 0.00994229 0.16680412
151 0.05771678 0.02776389 0.02342379 0.01234750 0.01063630 0.01253030 0.03258459 0.03265079 0.01568230 0.05468048 0.15248196 0.02090419 0.04028499 0.02110259 0.31947191 0.05874148 0.03614949 0.00218598 0.01175620 0.05690448
152 0.04466868 0.25223089 0.04637258 0.02145179 0.00938402 0.04904878 0.05531118 0.02608149 0.03735628 0.01985629 0.03636448 0.18571092 0.02021709 0.02106379 0.02228599 0.05400278 0.04096348 0.01514749 0.01806879 0.02441319
153 0.08144512 0.03327151 0.02808911 0.02279451 0.00888180 0.02179761 0.03273451 0.04502581 0.01830291 0.02926101 0.05377452 0.02730651 0.01637880 0.01123460 0.40146811 0.07869892 0.03339671 0.00236062 0.01048750 0.04328981
154 0.03534240 0.01064020 0.01153310 0.00279825 0.01376350 0.02095890 0.01178680 0.01099240 0.00843080 0.12019500 0.20418200 0.01068510 0.04400080 0.22359500 0.00890753 0.01873150 0.02953500 0.01305440 0.08917930 0.11168800
155 0.32640979 0.01516049 0.01937149 0.01435079 0.04171537 0.01502179 0.02513468 0.10186294 0.01981049 0.02520578 0.01988769 0.01110319 0.00716049 0.00908333 0.02334599 0.20061087 0.06842716 0.00252983 0.00680087 0.04700697
156 0.07099751 0.05164871 0.17350403 0.09235351 0.01091360 0.05738631 0.06270831 0.07044311 0.02636590 0.02807410 0.03287521 0.05880231 0.01545710 0.02217400 0.02005870 0.08400491 0.06905391 0.00303354 0.02114670 0.02899850
157 0.03951189 0.01006790 0.00548696 0.00178156 0.00885886 0.00916626 0.00516374 0.01772350 0.00230466 0.14836197 0.41619390 0.00429088 0.08736458 0.05680439 0.00896793 0.01368670 0.02030000 0.00380731 0.00886307 0.13129397
158 0.00898550 0.00979796 0.00520780 0.00128672 0.00871542 0.01766679 0.00286943 0.00481703 0.02001199 0.03000649 0.12313796 0.00639844 0.02701649 0.39508587 0.00380743 0.01066550 0.01495240 0.01416070 0.25890591 0.03650419
159 0.02618252 0.00331838 0.00338595 0.00054902 0.00917194 0.00620188 0.00420648 0.00232305 0.00089766 0.36178924 0.14514210 0.00310642 0.03779243 0.01217731 0.00505150 0.00750518 0.02585372 0.00567507 0.00725692 0.33241322
160 0.05966060 0.14201800 0.12370700 0.05422270 0.00769440 0.10192100 0.09224680 0.02763330 0.03017180 0.02363510 0.02499150 0.12270600 0.01249110 0.02059310 0.01925640 0.06216150 0.04134500 0.00185470 0.01444450 0.01724550
161 0.04230678 0.01646459 0.01433989 0.00746422 0.01770289 0.01386139 0.01059949 0.00728601 0.02550639 0.10121395 0.11317794 0.01558069 0.03782538 0.17080791 0.01197699 0.02603229 0.04202918 0.01832219 0.18577690 0.12172494
162 0.01926481 0.02024081 0.01144511 0.00294714 0.01591821 0.01056501 0.00632881 0.00705760 0.04291853 0.03416772 0.08087575 0.01630011 0.05181483 0.19492912 0.00658135 0.01806081 0.02794352 0.03067362 0.36845022 0.03351692
163 0.34043493 0.01287890 0.01617580 0.01321680 0.03990979 0.01698100 0.02079960 0.18448196 0.01639280 0.02398390 0.02285310 0.01424130 0.00595867 0.00888741 0.01803760 0.15794297 0.04970989 0.00301749 0.00414013 0.02995599
164 0.03521987 0.00428224 0.00473263 0.00107241 0.01222989 0.00633712 0.00474053 0.00346084 0.00181817 0.32827477 0.15840289 0.00436862 0.04184947 0.01849689 0.00770812 0.01091639 0.03301658 0.00527488 0.00929893 0.30849878
165 0.10962499 0.03203450 0.04306130 0.19304299 0.01038230 0.03739580 0.16514499 0.03760230 0.02196160 0.01577470 0.02241880 0.05046030 0.00552438 0.00645187 0.08167260 0.07926430 0.04088490 0.00308201 0.01089140 0.03332400
166 0.06566447 0.01168969 0.01737499 0.00688191 0.02779099 0.01147830 0.01083130 0.01050470 0.00748101 0.21724491 0.13593694 0.01090660 0.05288148 0.03059439 0.01884659 0.03715318 0.09020156 0.00387271 0.01864339 0.21402091
167 0.06906281 0.07277541 0.04193510 0.08920401 0.00590793 0.09082951 0.21836402 0.02449420 0.03077930 0.02555570 0.01485100 0.12153701 0.00887964 0.01473420 0.01994900 0.08122731 0.02906570 0.00288032 0.01056730 0.02740050
168 0.04340380 0.25179798 0.04265760 0.01539920 0.00572556 0.05412820 0.06457830 0.01413820 0.03887930 0.02143080 0.03012140 0.22591298 0.01341910 0.01929440 0.01065900 0.04207870 0.03134370 0.00888221 0.01150630 0.05464330
169 0.07645696 0.07164966 0.06246006 0.05660007 0.01138939 0.13204292 0.10881194 0.03263618 0.03261668 0.04361478 0.03662868 0.08120585 0.01696169 0.03227008 0.02569719 0.07436626 0.04611027 0.00613017 0.01914239 0.03320878
170 0.03281348 0.01271639 0.00557465 0.00140566 0.00876863 0.00931891 0.00626512 0.01106519 0.00312830 0.14395793 0.43153180 0.00445301 0.09323626 0.05837057 0.01143289 0.01290509 0.01826059 0.00378928 0.01150629 0.11949995
171 0.04463458 0.25405589 0.04616068 0.02098529 0.00957844 0.04767878 0.05392978 0.02518429 0.03715528 0.02090359 0.03803318 0.18401492 0.02106649 0.02166789 0.02138799 0.05314458 0.04114918 0.01585139 0.01832059 0.02509719
172 0.04094467 0.00591004 0.00505087 0.00068152 0.01580529 0.00564564 0.00352806 0.00597114 0.00164125 0.23059483 0.28086279 0.00340958 0.06663895 0.03913377 0.00890827 0.01183169 0.03794847 0.00332948 0.01141389 0.22074983
173 0.06655749 0.02624519 0.07876118 0.26574294 0.00770619 0.05057369 0.17735896 0.04863049 0.02187050 0.01253460 0.01697390 0.06079409 0.00525986 0.00615183 0.02118120 0.05593889 0.03865219 0.00287423 0.01035200 0.02584059
174 0.07542959 0.05047260 0.04559140 0.14233699 0.00620982 0.06913439 0.24702498 0.02956190 0.02223140 0.02355230 0.02412110 0.08034949 0.01072180 0.01394530 0.02264840 0.06092089 0.03119090 0.00513867 0.01034190 0.02907620
175 0.06688260 0.02102370 0.03192030 0.29441802 0.00365180 0.04701000 0.31464602 0.01312430 0.00862348 0.00566146 0.00737694 0.08084291 0.00195745 0.00209807 0.01922890 0.03982120 0.01754750 0.00051984 0.00357459 0.02007090
176 0.06039584 0.03145042 0.04710983 0.25220717 0.00877711 0.03890783 0.17785212 0.03210042 0.02251042 0.01522031 0.02114561 0.05807814 0.00511940 0.00548286 0.07615435 0.06276164 0.04318323 0.00242936 0.01172401 0.02738992
177 0.06763417 0.01285029 0.01281240 0.00952499 0.01540559 0.01210420 0.01641299 0.01281350 0.00724636 0.23116991 0.15216894 0.01484949 0.04115498 0.03027069 0.01568729 0.03455379 0.04647018 0.00635954 0.01479379 0.24571690
178 0.33039191 0.01574380 0.01202940 0.01063660 0.08122418 0.01506530 0.01750570 0.11105097 0.01282790 0.01680390 0.02048849 0.00808953 0.00791581 0.00777341 0.00992580 0.21007894 0.07731178 0.00158799 0.00607693 0.02747169
179 0.05923507 0.07909306 0.03900868 0.02697019 0.00303060 0.13985294 0.23631889 0.01397219 0.04609288 0.04008688 0.02643699 0.10568795 0.04084948 0.01822759 0.01505219 0.04613998 0.02254589 0.00494135 0.01047030 0.02598689
