1 0.05018418 0.01910949 0.01915679 0.00799903 0.01914069 0.01383039 0.01465449 0.01114160 0.00670099 0.12463095 0.21223392 0.05974808 0.04980248 0.03530509 0.01246640 0.03448609 0.06191168 0.00411445 0.01375729 0.22962592
2 0.04825177 0.04758057 0.03724758 0.01852089 0.00687445 0.02274698 0.02678898 0.02386058 0.07384825 0.03070388 0.03228488 0.03090538 0.01044779 0.01831299 0.41667672 0.05388096 0.04037797 0.00422331 0.03315978 0.02330628
3 0.03742702 0.02062521 0.04373202 0.15182006 0.00841415 0.01828341 0.06760123 0.25246710 0.01298261 0.00747080 0.01083350 0.05003992 0.00443525 0.01826331 0.01262891 0.19731408 0.05357642 0.00527979 0.00685150 0.01995371
4 0.06701044 0.01496339 0.01549259 0.01162629 0.01386459 0.01198349 0.01458589 0.01340869 0.00641094 0.21688480 0.13490187 0.02143588 0.04210806 0.02760897 0.00996224 0.04082296 0.04264176 0.00495094 0.01399549 0.27534074
5 0.06465261 0.03345461 0.04476531 0.09017782 0.01001600 0.03382641 0.07944392 0.17224103 0.01744240 0.01408130 0.01694810 0.11634302 0.00785686 0.01647570 0.02224730 0.17355703 0.04526001 0.00589394 0.01180400 0.02351260
6 0.05266860 0.05797410 0.09791779 0.03788190 0.00769170 0.09792929 0.16552099 0.02801320 0.03391640 0.10299799 0.03791530 0.07478489 0.02038340 0.02071360 0.01443900 0.05160730 0.03848550 0.00769767 0.01641240 0.03504900
7 0.17966408 0.01724301 0.03239561 0.04301162 0.02610561 0.01639691 0.02777471 0.19072509 0.01704091 0.00974736 0.01558841 0.02279011 0.00744957 0.01269431 0.01394981 0.24375311 0.08984724 0.00664522 0.00696530 0.02021201
8 0.04543432 0.01041290 0.01512931 0.00482534 0.01134840 0.01624251 0.01078950 0.00926639 0.00738197 0.28323710 0.16264606 0.01376181 0.05245702 0.03413441 0.00764873 0.02768041 0.03125511 0.00433480 0.01342480 0.23858909
9 0.02366848 0.04602345 0.03060557 0.01132759 0.00253879 0.12768087 0.18621880 0.01384959 0.02729197 0.01920548 0.01867038 0.28816170 0.06648283 0.01942688 0.01331819 0.05682134 0.01472728 0.00223296 0.01556358 0.01618428
10 0.04642003 0.03059212 0.03794082 0.01354821 0.01189681 0.01695511 0.01998071 0.02000751 0.06422234 0.03306072 0.05710193 0.03042142 0.01446511 0.10197306 0.01477711 0.06716014 0.09122765 0.02656082 0.25340815 0.04828023
11 0.03389770 0.07467030 0.04533440 0.02115220 0.00679069 0.04931450 0.06410230 0.02046500 0.05321720 0.02523050 0.04294120 0.19800399 0.01647090 0.06998060 0.01697780 0.05249240 0.03310710 0.00995984 0.13941000 0.02648140
12 0.03107023 0.01370911 0.01371271 0.00768927 0.00861544 0.00875976 0.00992963 0.01510091 0.02001912 0.06144075 0.12547211 0.02223712 0.03013363 0.37883633 0.00728767 0.02329872 0.02291942 0.01331821 0.13668912 0.04976074
13 0.08820877 0.01985812 0.07145116 0.31882526 0.00805124 0.05447214 0.23541119 0.02231252 0.02653902 0.00601659 0.00718308 0.04052343 0.00337951 0.00461610 0.00975061 0.04326143 0.01984492 0.00166395 0.00458345 0.01404751
14 0.08668539 0.01938270 0.03541070 0.32853596 0.00781711 0.05018149 0.27847596 0.01756120 0.02824750 0.00458256 0.00887040 0.03545630 0.00172829 0.00441730 0.00917988 0.03960209 0.02059300 0.00094670 0.00468659 0.01763890
15 0.04156252 0.33606814 0.03913212 0.02213231 0.00637953 0.04234482 0.05208072 0.02424131 0.03943982 0.01741341 0.03184971 0.14369806 0.01629711 0.01815411 0.02025901 0.05688722 0.04184292 0.00923214 0.01465171 0.02633331
16 0.08526442 0.01718240 0.03188431 0.04210771 0.01013150 0.01603360 0.01839290 0.59564811 0.01113990 0.00945436 0.01704430 0.02020450 0.00594636 0.00749577 0.01000420 0.05429341 0.02532970 0.00352572 0.00647790 0.01243890
17 0.06886393 0.01471671 0.01496851 0.01064560 0.01376061 0.01224701 0.01461061 0.01327151 0.00621596 0.21913909 0.13211406 0.02136761 0.04230602 0.02798141 0.01019550 0.04035222 0.04130322 0.00508362 0.01439371 0.27646312
18 0.03931600 0.20098801 0.11515701 0.02379890 0.00737509 0.11019301 0.06513030 0.02444520 0.03951860 0.02372480 0.01648350 0.10914701 0.01164580 0.01443990 0.01327890 0.09975851 0.05137880 0.00415554 0.01130430 0.01876080
19 0.07061970 0.05314940 0.02911940 0.11711201 0.00616882 0.06986730 0.36158302 0.02523620 0.02207050 0.01663830 0.03003660 0.05166800 0.00892358 0.00888707 0.01918160 0.04290100 0.03143420 0.00369998 0.00932140 0.02238190
20 0.04066883 0.00543140 0.01022321 0.00189139 0.00966582 0.00660276 0.00978017 0.00548633 0.00267381 0.18439914 0.33617926 0.00980701 0.07560156 0.04175583 0.00526576 0.02132812 0.03387973 0.00296151 0.01117321 0.18522514
21 0.15515897 0.02880040 0.03930109 0.03327069 0.03234689 0.02559470 0.03038219 0.06018569 0.02063770 0.02646810 0.03034939 0.03254839 0.01542310 0.01618260 0.02597790 0.25510996 0.11025198 0.00742727 0.01364270 0.04094029
22 0.04087998 0.01361199 0.01149059 0.00438169 0.00719194 0.00832831 0.01720369 0.01055839 0.00705685 0.12692593 0.40312979 0.01367909 0.07858346 0.05976647 0.00843662 0.02463499 0.02740269 0.00528692 0.01999469 0.11145594
23 0.04476896 0.12532989 0.02881447 0.01876178 0.00996462 0.03636697 0.03471197 0.01745018 0.01791858 0.05141385 0.13886888 0.20758282 0.02953607 0.03948416 0.01742108 0.04156896 0.04457876 0.00472696 0.02217608 0.06855494
24 0.08114193 0.01770161 0.03169901 0.04232722 0.00980918 0.01569021 0.01865901 0.60124923 0.01142970 0.00952790 0.01683571 0.01990931 0.00597138 0.00770660 0.00955834 0.05386212 0.02549511 0.00351185 0.00645257 0.01146200
25 0.03362510 0.00436568 0.00924299 0.00087529 0.00957694 0.00714121 0.00596657 0.00432669 0.00197143 0.25522799 0.27233699 0.00692942 0.07599370 0.03957020 0.00275027 0.02035190 0.02772830 0.00262441 0.00911094 0.21028399
26 0.31923989 0.01861329 0.02473429 0.02516269 0.02523329 0.02370889 0.03399569 0.08722097 0.01856519 0.03814259 0.03907539 0.02297399 0.01738759 0.01730059 0.02808709 0.12798695 0.05548838 0.00609076 0.01034730 0.06064518
27 0.04296351 0.00616898 0.01303320 0.00100876 0.01271510 0.00983027 0.00486487 0.00571577 0.00226168 0.24573408 0.22667007 0.00788616 0.10499203 0.03789091 0.00237125 0.02535531 0.03894831 0.00237228 0.00847935 0.20073807
28 0.08373755 0.02501341 0.03156642 0.28956117 0.00757691 0.04694543 0.32217619 0.01818491 0.02393031 0.00446933 0.01030621 0.03423072 0.00171111 0.00402195 0.01038921 0.03977142 0.02320461 0.00097969 0.00500042 0.01722301
29 0.03398097 0.00319137 0.00759599 0.00129040 0.01104689 0.00688447 0.00347907 0.00354681 0.00137679 0.35184572 0.13155890 0.00710493 0.03864007 0.01456689 0.00326758 0.02089148 0.02335088 0.00402183 0.00662321 0.32573574
30 0.05047248 0.13275796 0.04258359 0.01850329 0.00576311 0.11338597 0.23062193 0.01955529 0.03101689 0.07915098 0.03247469 0.07435588 0.01576480 0.01404950 0.01669559 0.03988969 0.03304999 0.00657339 0.01229750 0.03103749
31 0.08608541 0.01759320 0.03124090 0.04116560 0.00946572 0.01623360 0.01837230 0.59672006 0.01097950 0.00912419 0.01683840 0.02063330 0.00561437 0.00805354 0.01036930 0.05350441 0.02574110 0.00359259 0.00629859 0.01237390
32 0.04311612 0.00581745 0.01102310 0.00221402 0.01228771 0.00764082 0.00769545 0.00562144 0.00268655 0.22521109 0.24467110 0.01201891 0.06430313 0.03358251 0.00560355 0.02373731 0.03806432 0.00343470 0.01099360 0.24027710
33 0.03240952 0.00394243 0.00808011 0.00062436 0.00627210 0.00485730 0.00839154 0.00391586 0.00144956 0.18254509 0.40768120 0.00542580 0.09478295 0.04907662 0.00212588 0.01876771 0.02361801 0.00160417 0.00848571 0.13594407
34 0.04941230 0.24896602 0.04222220 0.01878490 0.00722119 0.02603310 0.05404121 0.02762810 0.03488330 0.01631420 0.03141130 0.05798451 0.01025730 0.01147370 0.21947102 0.04997610 0.05460841 0.00524251 0.01272960 0.02133900
35 0.01238160 0.00309178 0.00880443 0.00203305 0.00672464 0.00255760 0.00160143 0.00780865 0.01639131 0.04308702 0.09611314 0.01048480 0.01784431 0.50219820 0.00345953 0.00922986 0.00987944 0.00594849 0.20929008 0.03107061
36 0.05688478 0.06247308 0.04349478 0.09089857 0.00751167 0.14500495 0.08563437 0.02833949 0.13761195 0.03112839 0.02873559 0.06530638 0.02364619 0.02894319 0.01336300 0.05449448 0.03132249 0.00448478 0.04168639 0.01903549
37 0.15557700 0.02991080 0.03752020 0.03152750 0.03335760 0.02619700 0.03074900 0.05859060 0.02054220 0.02718890 0.03100300 0.03276930 0.01599870 0.01515760 0.02688550 0.25371999 0.10975500 0.00717283 0.01412160 0.04225570
38 0.02187991 0.01766871 0.01672141 0.00820670 0.00965961 0.01507111 0.01229051 0.01184331 0.06627204 0.02649102 0.05546653 0.01848141 0.01198311 0.14753909 0.00963769 0.02857872 0.01903951 0.01519551 0.45935229 0.02862182
39 0.05116393 0.30842520 0.03924883 0.01339441 0.00909152 0.03056452 0.03941463 0.01543041 0.09157226 0.01950151 0.02459772 0.03310082 0.00947433 0.01472361 0.01314081 0.12500308 0.05179113 0.00725001 0.01909431 0.08401696
40 0.03022102 0.01366261 0.01454921 0.00796084 0.00859172 0.00853563 0.00972258 0.01497251 0.02055891 0.06119993 0.12608507 0.02249571 0.03074732 0.37962920 0.00726940 0.02371761 0.02272671 0.01264481 0.13558507 0.04912413
41 0.07732353 0.06004802 0.04569692 0.06284902 0.01294070 0.17077606 0.11638704 0.03908271 0.03387301 0.04579072 0.03027711 0.08747603 0.02354741 0.01516761 0.02521681 0.06396262 0.03553811 0.00439875 0.01861521 0.03103261
42 0.06873405 0.03561492 0.03724282 0.05315044 0.01708141 0.09756206 0.05006243 0.04293733 0.03920653 0.02482142 0.02680472 0.06623634 0.01864231 0.07061605 0.03109022 0.20243713 0.05971134 0.00810035 0.02191681 0.02803132
43 0.02367657 0.01429318 0.01202829 0.00364305 0.00801243 0.01154919 0.00966336 0.00977908 0.04573215 0.04626135 0.16509782 0.01593478 0.02691617 0.20765377 0.00898845 0.02567867 0.01908638 0.02138768 0.27552769 0.04908995
44 0.04079500 0.01344950 0.01144840 0.00414921 0.00711635 0.00849604 0.01671370 0.01060680 0.00738778 0.12682100 0.40222399 0.01327710 0.07918330 0.05981850 0.00799253 0.02406940 0.02801010 0.00700871 0.02025660 0.11117600
45 0.02924061 0.03133781 0.03097471 0.01757821 0.00857084 0.02070621 0.02938051 0.01337780 0.12369704 0.03232671 0.05879352 0.02988481 0.01453311 0.27563110 0.01022800 0.03466181 0.02679711 0.01797681 0.17252506 0.02177821
46 0.04092162 0.01321371 0.01150860 0.00440277 0.00698206 0.00910940 0.01777321 0.01033310 0.00725608 0.12582705 0.40152017 0.01386061 0.07855073 0.06053503 0.00865169 0.02468711 0.02797911 0.00643648 0.02045941 0.10999205
47 0.07700973 0.06268033 0.04536272 0.06249553 0.01265101 0.17163507 0.11112605 0.03845042 0.03309761 0.04671622 0.02998201 0.08944994 0.02293001 0.01454871 0.02591491 0.06493343 0.03677572 0.00435479 0.01689751 0.03298831
48 0.05682939 0.00582507 0.01827110 0.00182755 0.02135610 0.00943870 0.00409827 0.00671681 0.00267394 0.22498697 0.15407998 0.01576820 0.06532149 0.02444330 0.00578296 0.03211350 0.07482059 0.00271047 0.00842468 0.26451096
49 0.14263091 0.02269619 0.03150518 0.02916468 0.02634438 0.01221949 0.01602919 0.12314392 0.01295039 0.00896389 0.01287989 0.01422799 0.00594318 0.01075319 0.01178749 0.28865482 0.19639387 0.00548935 0.00616511 0.02205689
50 0.05873802 0.01953971 0.03769031 0.26197407 0.00629611 0.03784761 0.20408606 0.10181203 0.02000271 0.00521786 0.00737880 0.06133542 0.00227980 0.00889349 0.01147030 0.10427303 0.02624931 0.00288363 0.00606573 0.01596600
51 0.03437570 0.00319754 0.00788220 0.00140220 0.01084900 0.00683609 0.00310958 0.00353800 0.00159743 0.35287899 0.12967300 0.00703352 0.03806890 0.01425650 0.00340918 0.02118420 0.02354060 0.00394967 0.00684071 0.32637699
52 0.07497709 0.07284709 0.05180089 0.05681699 0.01138690 0.04777750 0.05807389 0.03677040 0.13534199 0.03036290 0.04143060 0.04549550 0.01953560 0.04994830 0.02315520 0.07294589 0.04467830 0.01212240 0.09072049 0.02381210
53 0.04372109 0.01009310 0.01533790 0.00543632 0.01123890 0.01619940 0.01075300 0.00899148 0.00765031 0.28653292 0.16160895 0.01416700 0.05136269 0.03293319 0.00729039 0.02725799 0.03132389 0.00420178 0.01345880 0.24044093
54 0.16867205 0.02945101 0.19565406 0.08097543 0.01944061 0.03437741 0.03654661 0.03834131 0.02729381 0.02653741 0.02261141 0.04568851 0.02591001 0.01269290 0.01705991 0.11809804 0.05397362 0.00420529 0.01203870 0.03043191
55 0.32236818 0.01742171 0.02499371 0.02598261 0.02621351 0.02483571 0.03485422 0.08899065 0.01816761 0.03665392 0.03698092 0.02269031 0.01640701 0.01557851 0.02813522 0.12936407 0.05481743 0.00588032 0.00964834 0.06001603
56 0.03161039 0.00318062 0.00730789 0.00125919 0.01021300 0.00699629 0.00320654 0.00327943 0.00145690 0.36069089 0.13197396 0.00634872 0.03859789 0.01409870 0.00335835 0.02003599 0.02172079 0.00408881 0.00655476 0.32402090
57 0.22676800 0.01186270 0.02590580 0.00933206 0.10244600 0.02237510 0.00910814 0.04776600 0.01447610 0.01300860 0.01520880 0.01299010 0.01117440 0.00688229 0.02392740 0.31346701 0.09865800 0.00441255 0.00650714 0.02372380
58 0.08304382 0.01888880 0.03039851 0.01081010 0.02042331 0.01323980 0.01441440 0.02176091 0.00968991 0.11297403 0.11179003 0.02428201 0.04116971 0.02268511 0.01495030 0.07768652 0.14923104 0.00434343 0.01254420 0.20567405
59 0.04289951 0.01254130 0.01521910 0.00161302 0.01159310 0.01203990 0.00689431 0.00646528 0.00494306 0.20220905 0.26198507 0.00878188 0.13647803 0.04347591 0.00361671 0.02628171 0.03907291 0.00283834 0.00906375 0.15198804
60 0.02846010 0.32497196 0.02819650 0.02368740 0.00217431 0.04551789 0.02655930 0.00857510 0.01030800 0.00833059 0.02448230 0.36033695 0.00577913 0.01938450 0.00637764 0.02555070 0.02872920 0.00246113 0.00728853 0.01282880
61 0.03787648 0.00601245 0.01092560 0.00120536 0.01083560 0.00707179 0.00499006 0.00681690 0.00421162 0.17091093 0.27114489 0.00817901 0.10286196 0.14228194 0.00281209 0.02048289 0.03261969 0.00230892 0.03103889 0.12541295
62 0.05255398 0.09956366 0.04680198 0.02466039 0.00603313 0.17372293 0.10625495 0.02184069 0.02603259 0.03394139 0.01821559 0.22567690 0.02349399 0.01485589 0.01426999 0.04958188 0.02851429 0.00249790 0.01248799 0.01899989
63 0.04469908 0.01076890 0.01526959 0.00535908 0.01166760 0.01553159 0.01030770 0.00878343 0.00756559 0.28556289 0.16206494 0.01417429 0.05155208 0.03394619 0.00762258 0.02731419 0.03106249 0.00399842 0.01372349 0.23902590
64 0.06520322 0.04465471 0.24657707 0.09311673 0.01378360 0.03745381 0.04018461 0.04564031 0.03005191 0.03245841 0.03073901 0.05849242 0.02946111 0.01883191 0.02341211 0.08205582 0.05098861 0.00522203 0.01815520 0.03351741
65 0.04813933 0.11543508 0.04652793 0.09750697 0.00905797 0.03051952 0.05163884 0.03416932 0.02076261 0.02135721 0.07888296 0.17351812 0.00790232 0.01846861 0.03125342 0.05747274 0.10373307 0.00316813 0.01237451 0.03811133
66 0.07066379 0.05296739 0.02954470 0.11462499 0.00609098 0.07005249 0.35899096 0.02682910 0.02219290 0.01715160 0.03022420 0.05187249 0.00905945 0.00938959 0.01907670 0.04262659 0.03187840 0.00409616 0.00973474 0.02293280
67 0.07163871 0.02496670 0.07212401 0.30161405 0.00800314 0.05398251 0.15755203 0.05163901 0.03524561 0.01096050 0.01218680 0.04570681 0.00715232 0.01040250 0.01243460 0.06048601 0.02977671 0.00249334 0.00879273 0.02284190
68 0.32166521 0.01315271 0.02522572 0.01135861 0.02798092 0.01456941 0.01845541 0.06731384 0.01679031 0.03002482 0.02680452 0.01771501 0.01224541 0.01392741 0.02715852 0.17615411 0.10980807 0.00576169 0.00752517 0.05636314
69 0.10177196 0.03677429 0.03850788 0.02350959 0.02186729 0.02194009 0.02938649 0.04341288 0.01909119 0.05011578 0.05619888 0.03303659 0.02274429 0.02265149 0.02548299 0.17065493 0.18776392 0.01046880 0.01470399 0.06991667
70 0.04441531 0.00999567 0.01496090 0.00164328 0.01223030 0.01216470 0.00725364 0.00656855 0.00399923 0.21165507 0.25177008 0.00968137 0.11668904 0.04522341 0.00341234 0.02575001 0.03888281 0.00268320 0.01016200 0.17085905
71 0.03301798 0.35319481 0.04050568 0.01449829 0.00397589 0.09355715 0.06132227 0.01287499 0.03838938 0.01891899 0.02284889 0.15213992 0.01501959 0.01492189 0.01068409 0.04990787 0.03075478 0.00350597 0.00926357 0.02069799
72 0.06196542 0.02864521 0.05570382 0.26086310 0.00802489 0.09807584 0.11787504 0.03037401 0.04932062 0.01464741 0.01293890 0.04311732 0.00929495 0.01313040 0.02391591 0.07103973 0.07388743 0.00224000 0.00719619 0.01774381
73 0.06126835 0.05985985 0.03229947 0.07662793 0.00338409 0.13371389 0.37695868 0.01963638 0.02163578 0.02041638 0.01518449 0.06704484 0.01009739 0.00611279 0.01511709 0.03261977 0.02365398 0.00172902 0.00725554 0.01538429
74 0.05713534 0.12037308 0.02785062 0.05536584 0.00444818 0.08254615 0.39776125 0.01654051 0.01819901 0.01617521 0.02199021 0.05112533 0.00678753 0.00702103 0.02095921 0.03119662 0.03351702 0.00413746 0.00698526 0.01988511
75 0.03049089 0.01481849 0.01533099 0.00818724 0.00860453 0.00890610 0.00996870 0.01451779 0.02115109 0.06066168 0.12422595 0.02360989 0.03032369 0.37719285 0.00713964 0.02390589 0.02193719 0.01400019 0.13644194 0.04858528
76 0.32390195 0.01784300 0.02391510 0.02482620 0.02631040 0.02357060 0.03466109 0.08734099 0.01816270 0.03657439 0.03876569 0.02169660 0.01641760 0.01632450 0.02785440 0.13015398 0.05483849 0.00604958 0.00990247 0.06089029
77 0.05922610 0.01762250 0.02063970 0.00847349 0.01248080 0.01433210 0.01948310 0.02062870 0.01331520 0.10755500 0.31523400 0.02020850 0.06976110 0.04060520 0.01328380 0.07976760 0.04033070 0.00779692 0.01934800 0.09990750
78 0.05960073 0.06157393 0.02899131 0.06867793 0.00290234 0.12879706 0.42572121 0.01660661 0.01862421 0.01742451 0.01453531 0.05627543 0.00808434 0.00450172 0.01550651 0.02831061 0.02270271 0.00142918 0.00654422 0.01319011
79 0.28645712 0.01274701 0.01956901 0.01177020 0.02469061 0.01001020 0.01296361 0.04617422 0.01126070 0.05687622 0.03863032 0.01829601 0.01940631 0.01478491 0.02626441 0.15757206 0.06813883 0.00381030 0.00930189 0.15127606
80 0.14764997 0.02312120 0.06096959 0.22369396 0.05440419 0.03787489 0.15049197 0.02890129 0.02088050 0.01367250 0.01361470 0.03332839 0.00846590 0.00759773 0.01708340 0.08222558 0.03527929 0.00311687 0.00775340 0.02987469
81 0.05614193 0.04621903 0.03460692 0.06544894 0.00607177 0.05950743 0.18629311 0.03378742 0.02025891 0.01648771 0.02819552 0.18090410 0.01963231 0.01590161 0.07982545 0.07361554 0.03777962 0.00423036 0.01545381 0.01963851
82 0.03809800 0.00531810 0.01110550 0.00131985 0.00906187 0.00665115 0.00808774 0.00565000 0.00258329 0.18813899 0.35180099 0.00827140 0.09477480 0.04425730 0.00310913 0.03112730 0.03150420 0.00197073 0.00894367 0.14822600
83 0.02335007 0.01452318 0.01218629 0.00382968 0.00789204 0.01134909 0.00950675 0.01058009 0.04505255 0.04562474 0.16611280 0.01637168 0.02745757 0.21169274 0.00871151 0.02460737 0.01949388 0.02312207 0.26928167 0.04925424
84 0.05041593 0.09650556 0.04665623 0.02417761 0.00606312 0.17536310 0.10908406 0.02163441 0.02650032 0.03403222 0.01803161 0.22713113 0.02358941 0.01471801 0.01393511 0.04950453 0.02831082 0.00258681 0.01252911 0.01923091
85 0.06945348 0.05240289 0.02827059 0.11554897 0.00579837 0.07063518 0.36324690 0.02588549 0.02239029 0.01628130 0.02961959 0.05260009 0.00874415 0.00952607 0.01917839 0.04204699 0.03191659 0.00418579 0.00981129 0.02245759
86 0.04031188 0.00935102 0.01380299 0.00110730 0.01248189 0.00837095 0.00632229 0.00669395 0.00305551 0.16940092 0.32077384 0.00924480 0.11556694 0.04510678 0.00396812 0.02487979 0.05086437 0.00637832 0.00887244 0.14344593
87 0.02947219 0.00265055 0.00645406 0.00111682 0.01005890 0.00621739 0.00258950 0.00276772 0.00104733 0.37369290 0.12013297 0.00625817 0.03243049 0.01037510 0.00269233 0.01921280 0.01935949 0.00416915 0.00565024 0.34365191
88 0.04288714 0.33217329 0.03980734 0.02348112 0.00655944 0.04258444 0.05127575 0.02354332 0.04089724 0.01790852 0.03352063 0.14130412 0.01716802 0.01774492 0.01979882 0.05615505 0.04166744 0.00930900 0.01401231 0.02820212
89 0.15593806 0.02934171 0.03920112 0.03217521 0.03276081 0.02598851 0.02966001 0.05945492 0.02165171 0.02707931 0.02976791 0.03124151 0.01593331 0.01532151 0.02730191 0.25481610 0.10965204 0.00709610 0.01328341 0.04233482
90 0.06142487 0.01903259 0.25170489 0.26598289 0.00906696 0.04219918 0.08373706 0.02893679 0.03120209 0.01149890 0.00689587 0.04376008 0.02006809 0.00698520 0.01197849 0.05826238 0.02541529 0.00187438 0.00607221 0.01390179
91 0.06825507 0.01437489 0.01554619 0.01128859 0.01401119 0.01168379 0.01449529 0.01280299 0.00598773 0.21849490 0.13423894 0.02108129 0.04356268 0.02741819 0.00930567 0.04174218 0.04307528 0.00471378 0.01335949 0.27456187
92 0.04002568 0.01289929 0.01162009 0.00492574 0.00705085 0.00867253 0.01823129 0.01028229 0.00778246 0.12802493 0.40217278 0.01376499 0.07826926 0.05933137 0.00803254 0.02453489 0.02749868 0.00599663 0.01981979 0.11106394
93 0.04805950 0.15072301 0.04546700 0.03861450 0.00749287 0.06265610 0.06671510 0.02799630 0.02105030 0.02540120 0.03408980 0.25753501 0.01798820 0.02637960 0.01988690 0.05459910 0.03830520 0.00393279 0.01662850 0.03647900
94 0.02779920 0.00244643 0.00738558 0.00043803 0.01014870 0.00626768 0.00245787 0.00283034 0.00076347 0.34545602 0.16773801 0.00521415 0.04954720 0.01841800 0.00141931 0.01824620 0.02250440 0.00353843 0.00567894 0.30170202
95 0.06587872 0.04721162 0.24133908 0.09002863 0.01375310 0.03813641 0.04063411 0.04717922 0.03094811 0.03224351 0.03187921 0.06122702 0.02873261 0.01913011 0.02299701 0.08159263 0.04966432 0.00545507 0.01830331 0.03366621
96 0.02859442 0.32359126 0.02784772 0.02365652 0.00212341 0.04574194 0.02681762 0.00859615 0.01006421 0.00822138 0.02423032 0.36198729 0.00541414 0.01921362 0.00662765 0.02647052 0.02809042 0.00264734 0.00747628 0.01258781
97 0.02798529 0.00247989 0.00722492 0.00048504 0.01003510 0.00640328 0.00268193 0.00290499 0.00079947 0.34462294 0.16880197 0.00512281 0.04975359 0.01846070 0.00158981 0.01821480 0.02232760 0.00352862 0.00558332 0.30099395
98 0.04055344 0.01283211 0.01155551 0.00457385 0.00701220 0.00832072 0.01672342 0.01114951 0.00782448 0.12764913 0.40239741 0.01302161 0.07825878 0.05926286 0.00794787 0.02483323 0.02735133 0.00594840 0.02054802 0.11223612
99 0.07493950 0.02844790 0.30477099 0.09287320 0.01591720 0.02839200 0.02047750 0.03361360 0.02421020 0.01815610 0.01627460 0.04667270 0.02679360 0.00985191 0.01449600 0.14508200 0.06270750 0.00443682 0.00997929 0.02190740
100 0.02807552 0.07337804 0.03816542 0.02301461 0.00292473 0.07247624 0.14974409 0.01725611 0.03575092 0.02006281 0.01925411 0.28665817 0.02405131 0.06524704 0.01229361 0.06589284 0.03124022 0.00289167 0.01812521 0.01349731
101 0.07002589 0.05308819 0.02963180 0.11333198 0.00619253 0.07066739 0.35851795 0.02621170 0.02211890 0.01727500 0.03043960 0.05267799 0.00862613 0.00938425 0.01878330 0.04356709 0.03232690 0.00416498 0.00965926 0.02330920
102 0.04856083 0.09343775 0.04255082 0.03944372 0.00855158 0.05924833 0.08203235 0.02994022 0.02063511 0.01932561 0.02194201 0.25851715 0.01795731 0.02145311 0.02379501 0.12303907 0.03975392 0.00415345 0.01461731 0.03104532
103 0.04030245 0.01269152 0.01139482 0.00417480 0.00701144 0.00796283 0.01624372 0.01005911 0.00728122 0.12702617 0.40508054 0.01349192 0.07856480 0.06087508 0.00784354 0.02481283 0.02792484 0.00608430 0.02008893 0.11108515
104 0.14927114 0.01577132 0.03713154 0.02698133 0.05320705 0.02062852 0.01623032 0.40334839 0.01400921 0.01138411 0.01774682 0.01551211 0.00768819 0.00824195 0.00995480 0.11961111 0.04564824 0.00510867 0.00670747 0.01581772
105 0.14223189 0.04041407 0.02556658 0.14434189 0.00696274 0.05876805 0.35636572 0.03192988 0.01630649 0.01157509 0.01889869 0.02640328 0.00365609 0.00401223 0.01874939 0.03448597 0.02924178 0.00215559 0.00567002 0.02226458
106 0.07030282 0.05307281 0.02911531 0.11590303 0.00593451 0.06987932 0.35839908 0.02612571 0.02287211 0.01653460 0.02979221 0.05295811 0.00870701 0.00913855 0.01923050 0.04414511 0.03143311 0.00408195 0.00929426 0.02307991
107 0.04519079 0.00999997 0.01441930 0.00470033 0.01135780 0.01645370 0.01085470 0.00920618 0.00731567 0.28636594 0.15887997 0.01389430 0.05104099 0.03466349 0.00801975 0.02832169 0.03120839 0.00423031 0.01326580 0.24061095
108 0.04638291 0.04415431 0.01881440 0.00865026 0.01267520 0.01203800 0.02219880 0.02632240 0.02432250 0.02489860 0.07048211 0.01613840 0.03826451 0.07302631 0.01021450 0.05570231 0.05415761 0.34776205 0.05915841 0.03463640
109 0.03374067 0.00318457 0.00768337 0.00123662 0.01077769 0.00685954 0.00313418 0.00333801 0.00158813 0.35260871 0.13220889 0.00729483 0.03866447 0.01421359 0.00344942 0.02113498 0.02351468 0.00403026 0.00653564 0.32480174
110 0.05243533 0.02750542 0.03105162 0.00969325 0.01222851 0.02372341 0.01737011 0.01539231 0.01425811 0.13366307 0.22989013 0.02405381 0.12664407 0.04963543 0.01064211 0.03932292 0.03764972 0.01192951 0.01713611 0.11577506
111 0.07370300 0.03823540 0.03176370 0.01814490 0.02213740 0.10627199 0.04459570 0.02777880 0.03066080 0.05324570 0.12501699 0.05077380 0.03863490 0.02068460 0.04512440 0.13690099 0.05125060 0.00700766 0.02316820 0.05490050
112 0.04096708 0.04343898 0.02161889 0.00405301 0.01333539 0.02557139 0.02068459 0.00905767 0.01563989 0.11192294 0.25884087 0.05884187 0.12191594 0.04359628 0.00828952 0.03070308 0.03742178 0.00659370 0.01600019 0.11150694
113 0.11355994 0.02233519 0.03070988 0.01443999 0.02848868 0.01461459 0.01088989 0.04516068 0.01165579 0.01285499 0.01259449 0.01388349 0.00926765 0.00948913 0.01613569 0.34201081 0.25360786 0.00447899 0.00714816 0.02667409
114 0.07766613 0.06261442 0.04451631 0.05800902 0.01328800 0.17266306 0.11167304 0.03910121 0.03336541 0.04650362 0.03048851 0.09040723 0.02387601 0.01565911 0.02556511 0.06486552 0.03644271 0.00452097 0.01755101 0.03122361
115 0.06663588 0.01403860 0.01514010 0.01103200 0.01387470 0.01205000 0.01516350 0.01312880 0.00623333 0.21892193 0.13475896 0.02078539 0.04338239 0.02805689 0.00977922 0.03994159 0.04179689 0.00540205 0.01445190 0.27542592
116 0.09381145 0.04137008 0.03518738 0.12805193 0.07847536 0.04315238 0.19721489 0.04013998 0.02494429 0.02147849 0.03004308 0.03472298 0.01110089 0.01227619 0.01864209 0.07632436 0.04085668 0.00954933 0.01383649 0.04882167
117 0.07608306 0.06282097 0.04660318 0.06215007 0.01261059 0.17004592 0.11280895 0.03766688 0.03400108 0.04642698 0.03046229 0.09058256 0.02387239 0.01571019 0.02442499 0.06306487 0.03680438 0.00478198 0.01694839 0.03213028
118 0.10137697 0.02929339 0.02493299 0.01072860 0.01324690 0.02738789 0.02584199 0.12879296 0.01797879 0.02645399 0.06365518 0.01652640 0.09048707 0.03339999 0.01701319 0.06815788 0.04825729 0.19722994 0.02437109 0.03486749
119 0.04160576 0.01268349 0.01138379 0.00443105 0.00714238 0.00817939 0.01735458 0.01015319 0.00700904 0.12786988 0.40279763 0.01290549 0.07817133 0.05885415 0.00845913 0.02508428 0.02754217 0.00570908 0.02067528 0.11198890
120 0.31993802 0.01861550 0.02506340 0.02392270 0.02592610 0.02361160 0.03433730 0.08775551 0.01853830 0.03672450 0.03975940 0.02264000 0.01692570 0.01648110 0.02984790 0.12829801 0.05572590 0.00588306 0.00980838 0.06019760
121 0.31980399 0.01905810 0.02495400 0.02560790 0.02573390 0.02419370 0.03437490 0.08767400 0.01829310 0.03796260 0.03922820 0.02196340 0.01722870 0.01687350 0.02731030 0.12842100 0.05392030 0.00541565 0.00977478 0.06220800
122 0.08459365 0.01847151 0.03182142 0.04182532 0.01028201 0.01601171 0.01814551 0.58967934 0.01163361 0.00963608 0.01809241 0.02019661 0.00598275 0.00832640 0.01038991 0.05603253 0.02615691 0.00337867 0.00683684 0.01250681
123 0.05832793 0.06818562 0.02118518 0.00676756 0.01524678 0.02509137 0.02464847 0.01104949 0.01448948 0.20407877 0.12013887 0.02679537 0.05137564 0.02553937 0.01192749 0.03750546 0.04477275 0.00601884 0.01281279 0.21404276
124 0.03710762 0.00671435 0.01064520 0.00042343 0.00909814 0.00644541 0.00570129 0.00455553 0.00151018 0.19467509 0.34205416 0.00591914 0.11362505 0.04833892 0.00155401 0.02148611 0.03202721 0.00193344 0.00803061 0.14815507
125 0.04113070 0.00455790 0.01051540 0.00213502 0.01284550 0.00737732 0.00668252 0.00527025 0.00207084 0.24908999 0.21386599 0.01221440 0.05769880 0.02647380 0.00474548 0.02289920 0.03790520 0.00332632 0.00865741 0.27053798
126 0.05257859 0.02743789 0.03125389 0.01016180 0.01219780 0.02388190 0.01689800 0.01554140 0.01437330 0.13344497 0.23025595 0.02489160 0.12714797 0.04726489 0.01083360 0.04095779 0.03776209 0.01208480 0.01641880 0.11461298
127 0.11643702 0.01974730 0.02557800 0.01935140 0.03054390 0.05669441 0.02095650 0.02969640 0.01328860 0.01649420 0.01971050 0.03594711 0.02063900 0.00858401 0.23511204 0.22434004 0.06959801 0.00574541 0.00790882 0.02362730
128 0.06477826 0.04604647 0.24291786 0.09166945 0.01348039 0.03857998 0.04094148 0.04650307 0.03136998 0.03233048 0.03041488 0.05975387 0.02862458 0.01934189 0.02249489 0.08153705 0.05214007 0.00557517 0.01831529 0.03318488
129 0.03336397 0.00464848 0.00870766 0.00089702 0.00775296 0.00569992 0.00786481 0.00432763 0.00176025 0.20076979 0.36458063 0.00638747 0.08871691 0.04675165 0.00263099 0.02005458 0.02597547 0.00210038 0.00886460 0.15814484
130 0.03095932 0.00287609 0.00668617 0.00129286 0.01033521 0.00672326 0.00297280 0.00308667 0.00135033 0.36793626 0.12022208 0.00700784 0.03244142 0.01134251 0.00292939 0.01978851 0.02002891 0.00414179 0.00600330 0.34187524
131 0.04274119 0.33499592 0.03841179 0.02202089 0.00621643 0.04163219 0.05061219 0.02355129 0.03976269 0.01861350 0.03276899 0.14214197 0.01537200 0.01842260 0.01983890 0.05689389 0.04155429 0.01025910 0.01487690 0.02931329
132 0.04086398 0.01391209 0.01156439 0.00413183 0.00725428 0.00836715 0.01768499 0.01027770 0.00807001 0.12609194 0.40434381 0.01366029 0.07891426 0.05738477 0.00861164 0.02507889 0.02773979 0.00694176 0.01966049 0.10944595
133 0.08607310 0.02014370 0.03587420 0.32659800 0.00786808 0.04962260 0.27887300 0.01757990 0.02818710 0.00450568 0.00914247 0.03577460 0.00161415 0.00433597 0.00918103 0.04005350 0.02107930 0.00081577 0.00482245 0.01785540
134 0.37225317 0.01069430 0.01152481 0.00780370 0.01417991 0.00851975 0.01360691 0.05397672 0.00780636 0.05551272 0.03790842 0.01541121 0.01862981 0.01557091 0.04444792 0.08029774 0.05258562 0.00425017 0.00991777 0.16510207
135 0.07305118 0.01859769 0.02619559 0.01981139 0.01121190 0.01634580 0.02164979 0.23795293 0.01486660 0.05970048 0.19037994 0.02236699 0.03847939 0.04026449 0.01757139 0.05496418 0.04423819 0.00713080 0.02019899 0.06502228
136 0.04821282 0.01327991 0.01676531 0.00703479 0.01031470 0.01225451 0.01102380 0.01277891 0.03252751 0.07997183 0.09630524 0.01690901 0.02785921 0.15459406 0.01309051 0.03219791 0.03236721 0.01252661 0.23681910 0.13316705
137 0.03988252 0.01312261 0.01146531 0.00392119 0.00727871 0.00827554 0.01759411 0.01059741 0.00735711 0.12876308 0.40449924 0.01358881 0.07864655 0.05868684 0.00839245 0.02437551 0.02725242 0.00618381 0.01936371 0.11075307
138 0.03036371 0.01360301 0.01499961 0.00796761 0.00895011 0.00884350 0.01005850 0.01360101 0.02082491 0.06217812 0.12609405 0.02119571 0.03079421 0.38010915 0.00729888 0.02311571 0.02254851 0.01243220 0.13564405 0.04937742
139 0.16401704 0.01759630 0.03334141 0.04476721 0.02097750 0.01710290 0.02601691 0.30335507 0.01576630 0.00933259 0.01676260 0.02239110 0.00684239 0.01140670 0.01299800 0.18263104 0.06381411 0.00620153 0.00693027 0.01774900
140 0.03016968 0.00612132 0.01098119 0.00315236 0.00978371 0.00646312 0.00488487 0.01011319 0.01040059 0.11174493 0.16831490 0.01341449 0.04978407 0.34578379 0.00531850 0.01623719 0.02311659 0.00274973 0.09479714 0.07666865
141 0.19300511 0.01203791 0.02532491 0.00641384 0.09311365 0.02133451 0.00771611 0.03255992 0.00991741 0.09219735 0.08353785 0.01731051 0.07324684 0.02309931 0.01787931 0.12248107 0.05232803 0.00483128 0.00877402 0.10289106
142 0.03480773 0.00360135 0.00791363 0.00126155 0.01103301 0.00705100 0.00331590 0.00347273 0.00162263 0.34977129 0.13230611 0.00715219 0.03923123 0.01471571 0.00350080 0.02094062 0.02415082 0.00391834 0.00679108 0.32344227
143 0.08499861 0.01746470 0.03146240 0.04218930 0.00956641 0.01647840 0.01881950 0.59314907 0.01137850 0.00962451 0.01717510 0.02002000 0.00582604 0.00849024 0.00998960 0.05512261 0.02628570 0.00337949 0.00632230 0.01225750
144 0.38157819 0.00630624 0.02304171 0.00588164 0.04462002 0.01177701 0.01000731 0.08901244 0.01863991 0.01335061 0.01180861 0.00965028 0.00801007 0.00811024 0.01782751 0.23341912 0.06828793 0.00397061 0.00535962 0.02934091
145 0.20441179 0.01232449 0.03596386 0.02364058 0.05786104 0.01721688 0.01671228 0.27556972 0.01540028 0.00688863 0.01437169 0.01257869 0.00642737 0.00683180 0.00889031 0.20068080 0.06100584 0.00575728 0.00526337 0.01220329
146 0.02621120 0.00215724 0.00590042 0.00074881 0.00930195 0.00636848 0.00232304 0.00247066 0.00096890 0.38833306 0.12188002 0.00485971 0.03150690 0.01005690 0.00214339 0.01758040 0.01641330 0.00425482 0.00528974 0.34123105
147 0.31376598 0.00884101 0.02754280 0.01132700 0.04933010 0.01648490 0.01266820 0.06925710 0.01814390 0.01415530 0.01396680 0.01351480 0.00947186 0.00874650 0.01940130 0.27091499 0.08262010 0.00393186 0.00669492 0.02922060
148 0.08082708 0.04347009 0.04433799 0.03380679 0.00885600 0.07670038 0.15135895 0.13294196 0.02544509 0.09098667 0.03539869 0.05580338 0.01613090 0.01639980 0.02196069 0.06498638 0.03853619 0.01033090 0.01342980 0.03829229
149 0.03341802 0.00482923 0.00886791 0.00090183 0.00753475 0.00612430 0.00816704 0.00447617 0.00190112 0.19971911 0.36295719 0.00655856 0.08861005 0.04905753 0.00284260 0.01983491 0.02578931 0.00229917 0.00987210 0.15623908
150 0.03723959 0.00626682 0.01063290 0.00045335 0.00891066 0.00646759 0.00582541 0.00468559 0.00150006 0.19160997 0.34616694 0.00594996 0.11424598 0.04925579 0.00153407 0.02165660 0.03184249 0.00188462 0.00820064 0.14567098
151 0.06349140 0.02999120 0.03061340 0.01404940 0.00905825 0.02291850 0.02333930 0.02026970 0.01722910 0.01759900 0.02451240 0.02948680 0.00907364 0.01057360 0.53246998 0.06754860 0.04170630 0.00296045 0.01024510 0.02286390
152 0.04140570 0.33537201 0.03846070 0.02234900 0.00637432 0.04290640 0.05263590 0.02436140 0.03914940 0.01788310 0.03183070 0.14371500 0.01640840 0.01796160 0.01975500 0.05644790 0.04143210 0.00953226 0.01445440 0.02756470
153 0.06412250 0.02863720 0.03040600 0.01346990 0.00832714 0.02176990 0.02394300 0.02095510 0.01689870 0.01812790 0.02461310 0.02984130 0.00910299 0.00968974 0.53331596 0.06648640 0.04179330 0.00342100 0.01012880 0.02495010
154 0.03172392 0.01405921 0.01397571 0.00844824 0.00844900 0.00876438 0.00925421 0.01456181 0.02019651 0.06151533 0.12510707 0.02141221 0.03055372 0.37817620 0.00735904 0.02396221 0.02248571 0.01294701 0.13667807 0.05037043
155 0.35166677 0.00863659 0.02564628 0.00936995 0.04506637 0.01434139 0.01202979 0.08308515 0.01856999 0.01511529 0.01392549 0.01268229 0.00928649 0.00851473 0.01854329 0.24067284 0.07191155 0.00398038 0.00586908 0.03108628
156 0.06576738 0.04517049 0.24065892 0.08886607 0.01397390 0.03741589 0.04031869 0.05022398 0.02988439 0.03272369 0.03235459 0.05858328 0.02834519 0.01890139 0.02238639 0.08280847 0.05269848 0.00563292 0.01820969 0.03507619
157 0.04225820 0.00427490 0.01186770 0.00040423 0.01244310 0.00713984 0.00380058 0.00488414 0.00078225 0.22381802 0.27014802 0.00696685 0.10142801 0.04030000 0.00149706 0.02326640 0.03837950 0.00203799 0.00783719 0.19646601
158 0.01371671 0.00374162 0.00741711 0.00181587 0.00612364 0.00307210 0.00198729 0.00777312 0.01679872 0.04629174 0.13206912 0.01127231 0.02091262 0.45887943 0.00426594 0.01022401 0.01051701 0.01205921 0.19351018 0.03755224
159 0.02431269 0.00210781 0.00537913 0.00072275 0.00903059 0.00598269 0.00217077 0.00218580 0.00100443 0.39828184 0.11429795 0.00465565 0.02690559 0.00792106 0.00183985 0.01718079 0.01479689 0.00432892 0.00473495 0.35215986
160 0.03931897 0.19407988 0.11255293 0.02445568 0.00591664 0.12530892 0.08461245 0.02177989 0.03692668 0.02777638 0.01864739 0.13367591 0.01656189 0.01623869 0.01166139 0.05499216 0.04187997 0.00369910 0.01243329 0.01748179
161 0.02168642 0.01663312 0.01664492 0.00746721 0.00964650 0.01479411 0.01239301 0.01161141 0.06650106 0.02631752 0.05419875 0.01915222 0.01154851 0.15058614 0.00903120 0.02901973 0.01904492 0.01519111 0.45887042 0.02966173
162 0.02116231 0.01760421 0.01758291 0.00799775 0.00951779 0.01488011 0.01219580 0.01174890 0.06682152 0.02628361 0.05544572 0.01807591 0.01198790 0.14875505 0.01003240 0.02906651 0.01876301 0.01462861 0.45914317 0.02830681
163 0.13629692 0.01995459 0.05905197 0.27662984 0.01028729 0.05020837 0.17788990 0.02808298 0.02683288 0.01276029 0.01192409 0.03929918 0.00659259 0.00771773 0.01718859 0.05486117 0.02903518 0.00191570 0.00652687 0.02694388
164 0.03416272 0.00325237 0.00791028 0.00144271 0.01067391 0.00704786 0.00320740 0.00367327 0.00160182 0.35281718 0.12978606 0.00731934 0.03776022 0.01375961 0.00329964 0.02111331 0.02335691 0.00397414 0.00651707 0.32732416
165 0.10343201 0.02007960 0.03665710 0.32368504 0.00804273 0.05024641 0.28799104 0.01400280 0.02377660 0.00433435 0.00921192 0.03330300 0.00132030 0.00311980 0.00954002 0.03142790 0.01893570 0.00068585 0.00383831 0.01636950
166 0.03331609 0.00445962 0.00930534 0.00097805 0.00945081 0.00680784 0.00585507 0.00432110 0.00187325 0.25581889 0.27318388 0.00685511 0.07700927 0.04002508 0.00270930 0.02028299 0.02726609 0.00268172 0.00883861 0.20896191
167 0.08149870 0.02389820 0.03794370 0.09965970 0.01097150 0.03429570 0.13549600 0.17063900 0.01820900 0.01085710 0.01483440 0.06369420 0.00705311 0.01303910 0.01576960 0.17848800 0.04491110 0.01042840 0.00979319 0.01852030
168 0.06433183 0.02431451 0.08607723 0.02565441 0.02014841 0.02036501 0.02077861 0.01811471 0.01483211 0.12508405 0.10309904 0.03228891 0.04452652 0.02317601 0.01106560 0.06054822 0.07546023 0.00498891 0.01525861 0.20988708
169 0.07684856 0.06010514 0.04490023 0.06221785 0.01400631 0.17181013 0.11299108 0.03878813 0.03344742 0.04702663 0.03074112 0.08792106 0.02370162 0.01541441 0.02481402 0.06308565 0.03683633 0.00448857 0.01824691 0.03260882
170 0.04009616 0.01370619 0.01184039 0.00446129 0.00698402 0.00865094 0.01754758 0.01023999 0.00771739 0.12584589 0.40320265 0.01369659 0.07784783 0.06040535 0.00795704 0.02490448 0.02773428 0.00703295 0.02083208 0.10929690
171 0.04198129 0.33254790 0.03962829 0.02312019 0.00695951 0.04176729 0.05122568 0.02425069 0.03998619 0.01796759 0.03276059 0.14282796 0.01712059 0.01838919 0.02101929 0.05633638 0.04154739 0.00928020 0.01397820 0.02730559
172 0.03966339 0.00432777 0.01009560 0.00142920 0.01092590 0.00642347 0.00785921 0.00492128 0.00192307 0.20607797 0.29923596 0.01053290 0.06949269 0.03453000 0.00477292 0.02087840 0.03591519 0.00273419 0.00923993 0.21902097
173 0.06951931 0.02502070 0.07219251 0.30378905 0.00775987 0.05482141 0.15381203 0.05429211 0.03534251 0.01033160 0.01240890 0.04546511 0.00727931 0.01097040 0.01287090 0.06068221 0.02929860 0.00229221 0.00833674 0.02351450
174 0.07083085 0.05255926 0.02956318 0.11601792 0.00584771 0.07067345 0.35862675 0.02693388 0.02263038 0.01678269 0.02866438 0.05287036 0.00908265 0.00922566 0.01902259 0.04255597 0.03124128 0.00432754 0.00974380 0.02279968
175 0.07085406 0.02485798 0.07181056 0.30248182 0.00806376 0.05503917 0.15683190 0.05310967 0.03593578 0.01099309 0.01186239 0.04434097 0.00713260 0.01084769 0.01285709 0.06075086 0.02968588 0.00226253 0.00871041 0.02157179
176 0.07077431 0.02414300 0.07070801 0.29960904 0.00788631 0.05368301 0.15793202 0.05772961 0.03475200 0.01082970 0.01235560 0.04409571 0.00735809 0.01104570 0.01281900 0.06101291 0.02986510 0.00222964 0.00807892 0.02309230
177 0.06750825 0.01378509 0.01482369 0.01103399 0.01378869 0.01186819 0.01477979 0.01313519 0.00642408 0.22006382 0.13581489 0.02056148 0.04302677 0.02720578 0.01023149 0.04064197 0.04224967 0.00489371 0.01399169 0.27417178
178 0.32019697 0.00652356 0.02117080 0.00357070 0.12841099 0.01526130 0.00486508 0.04715470 0.01429980 0.00738106 0.01018810 0.00882450 0.00961282 0.00426638 0.01774930 0.29375698 0.06218320 0.00232195 0.00430523 0.01795660
179 0.05579862 0.06319302 0.03305391 0.05159122 0.00274062 0.15949505 0.38236112 0.01821651 0.02159721 0.02409981 0.01414930 0.07058312 0.01068350 0.00510180 0.01359620 0.02968361 0.02068711 0.00147711 0.00678845 0.01510270
