1 0.03069332 0.00509655 0.00318495 0.00118519 0.00929807 0.00812020 0.00257479 0.00509643 0.00197720 0.29163719 0.22990515 0.00512084 0.05795534 0.03176732 0.00376563 0.01897361 0.02070031 0.00455356 0.00817317 0.26022117
2 0.09223648 0.04934939 0.03365709 0.02926229 0.01124390 0.03093999 0.04162459 0.03830509 0.06411748 0.04336909 0.03983939 0.03316989 0.01662120 0.01497250 0.25641793 0.07372638 0.04860679 0.00616197 0.02991279 0.04646579
3 0.06817988 0.04155019 0.09320747 0.14188895 0.00712746 0.02613969 0.05735868 0.17260394 0.05132838 0.01423380 0.01521440 0.04390749 0.00522741 0.00903985 0.01569279 0.09297077 0.10600297 0.00589369 0.00497531 0.02745689
4 0.06658240 0.01689380 0.01228930 0.01053130 0.01373110 0.01366560 0.01542440 0.01423040 0.01024400 0.21860000 0.15410500 0.02005770 0.04568690 0.03010310 0.01545470 0.03947220 0.04474270 0.00626342 0.01572400 0.23619800
5 0.16846490 0.06299346 0.04203028 0.05779447 0.02000359 0.05429947 0.07343786 0.04479557 0.03020958 0.03379418 0.02664008 0.09859724 0.01060509 0.01521719 0.01718549 0.13505892 0.05186297 0.00554029 0.01343039 0.03803898
6 0.04236959 0.03419859 0.19568095 0.19834094 0.00485229 0.04056549 0.05163369 0.04149379 0.03880599 0.05343909 0.03581739 0.06337148 0.01266030 0.01082950 0.01383850 0.05527128 0.05933848 0.00721259 0.01612910 0.02415099
7 0.20543695 0.02411789 0.03793079 0.03196399 0.03231889 0.01522350 0.02638289 0.23702494 0.02115319 0.01779190 0.01446840 0.01720910 0.00673231 0.01085950 0.02045259 0.17686396 0.06839028 0.00726392 0.00553962 0.02287539
8 0.04843591 0.01219230 0.01073570 0.00734125 0.01198890 0.01722380 0.01107300 0.01313930 0.00756010 0.26258207 0.17480705 0.01491070 0.04985991 0.03134981 0.01315860 0.03212381 0.03077701 0.00550497 0.01664470 0.22859106
9 0.05566849 0.05629079 0.02807039 0.09863558 0.00393803 0.06136548 0.21657195 0.02338529 0.01834640 0.02284009 0.03153789 0.10086997 0.01493320 0.01169150 0.13407097 0.05330349 0.03438219 0.00300969 0.00946463 0.02162399
10 0.01419779 0.01590039 0.01863779 0.00169527 0.00462146 0.01639959 0.00298188 0.00552412 0.05196748 0.02864179 0.05380678 0.01216489 0.02143479 0.34385286 0.00225808 0.00989921 0.01324449 0.02274289 0.33128486 0.02874359
11 0.03819399 0.09055056 0.03263489 0.03591219 0.00862519 0.03263709 0.04055238 0.01594689 0.05445598 0.04098878 0.05630428 0.14737494 0.01868969 0.06593837 0.01204030 0.04455528 0.02162859 0.01938859 0.19365892 0.02992309
12 0.03256927 0.02032278 0.02019868 0.00513802 0.01015429 0.02006868 0.01251789 0.01536109 0.03275757 0.05770145 0.12658588 0.02044818 0.04090326 0.28689173 0.00694781 0.02367478 0.02528838 0.01708998 0.17075284 0.05462745
13 0.07133113 0.02547591 0.11903706 0.25012812 0.00254760 0.06261623 0.17053608 0.03151632 0.03668742 0.01048141 0.01663341 0.06892543 0.00394904 0.00526033 0.00968783 0.05620213 0.03210052 0.00439004 0.00516137 0.01733261
14 0.07319504 0.02036791 0.03540152 0.26830614 0.00418176 0.05282333 0.30230816 0.02276221 0.02004191 0.00791701 0.01307931 0.05938583 0.00243151 0.00267932 0.01601331 0.05275103 0.01959001 0.00164691 0.00427887 0.02083891
15 0.04122121 0.27532504 0.03613320 0.02171470 0.00921464 0.05779661 0.04139031 0.02598410 0.03428950 0.02055280 0.03152560 0.17338702 0.01515930 0.02104440 0.02537020 0.07229191 0.03737530 0.00856343 0.02048050 0.03118020
16 0.08441129 0.01696570 0.04136670 0.04023170 0.01303960 0.01662500 0.01839420 0.56393694 0.01254040 0.01774240 0.01928360 0.01453530 0.00828051 0.01015690 0.01030050 0.06588819 0.02309410 0.00366121 0.00506229 0.01448350
17 0.06701320 0.01663480 0.01317950 0.01054310 0.01288500 0.01357700 0.01466170 0.01435410 0.00981566 0.21841299 0.15273299 0.01925390 0.04485380 0.03151170 0.01560470 0.03950320 0.04452730 0.00651349 0.01686490 0.23755699
18 0.05437111 0.25427503 0.03675100 0.02396820 0.00626971 0.12818802 0.04360751 0.01870520 0.05730161 0.01598500 0.01524260 0.10000001 0.00500901 0.01420960 0.01172950 0.13616702 0.03520550 0.00547476 0.01264060 0.02489900
19 0.07355826 0.04223828 0.03316248 0.13844693 0.00484915 0.07987136 0.28757885 0.03015028 0.02191629 0.01862329 0.02583539 0.07686246 0.00846986 0.01171289 0.02195249 0.05720987 0.02895148 0.00421001 0.00901540 0.02538499
20 0.03756441 0.00597306 0.00480880 0.00248659 0.00804925 0.00886600 0.00469199 0.00848767 0.00302108 0.20536207 0.31553011 0.00715124 0.07297162 0.05606592 0.00536625 0.01999921 0.02380051 0.00524433 0.01227980 0.19228007
21 0.15896612 0.04277013 0.04495833 0.03125932 0.02733552 0.03408173 0.03915803 0.06360785 0.02327642 0.03574583 0.03125212 0.03342023 0.01492571 0.01573391 0.02567382 0.19754215 0.11318208 0.00933716 0.01355731 0.04421623
22 0.04275508 0.01302609 0.00915922 0.00668759 0.00670239 0.01472129 0.01262839 0.01462039 0.00673626 0.14370993 0.34786983 0.01552279 0.07690286 0.07153007 0.01098579 0.02372109 0.02338219 0.00718462 0.02181419 0.13033994
23 0.04227900 0.10326800 0.11699700 0.06533040 0.00648515 0.04320960 0.05844620 0.02288010 0.03147430 0.03761150 0.08827270 0.15149600 0.03148800 0.02525340 0.01438800 0.05339250 0.04274740 0.00716086 0.02189090 0.03592900
24 0.08255232 0.01637540 0.04127001 0.04073721 0.01340270 0.01651340 0.01779350 0.57089514 0.01255410 0.01755420 0.01744740 0.01478360 0.00779084 0.01033010 0.00989699 0.06531452 0.02280481 0.00321893 0.00492409 0.01384070
25 0.06807793 0.03053541 0.02057491 0.01709981 0.00705158 0.12430305 0.04335372 0.01571361 0.01650281 0.20316508 0.11260804 0.04462282 0.03272061 0.02399691 0.01530371 0.04035222 0.02934031 0.00547394 0.01841351 0.13079005
26 0.33941597 0.01294670 0.02123710 0.02358220 0.03253400 0.01983320 0.02248330 0.19407598 0.02252370 0.01964430 0.02110340 0.01044820 0.00534417 0.00654237 0.02468190 0.13653099 0.04989660 0.00547518 0.00382128 0.02787950
27 0.03017259 0.00929020 0.00635491 0.00188062 0.01090330 0.01007980 0.00346850 0.00542853 0.00311779 0.28876888 0.20679491 0.00757396 0.07716717 0.03126189 0.00476981 0.02174249 0.02645699 0.00539471 0.00880109 0.24057190
28 0.07252511 0.02128210 0.02721500 0.25390105 0.00408931 0.05479341 0.32824006 0.02200510 0.01777830 0.00791443 0.01307070 0.05863061 0.00251482 0.00298847 0.01666030 0.05155971 0.01873940 0.00122910 0.00421879 0.02064420
29 0.03738997 0.00600145 0.00403101 0.00172847 0.01093729 0.00857836 0.00325555 0.00445476 0.00309983 0.32007477 0.16533688 0.00672974 0.04655767 0.01847379 0.00775445 0.02204918 0.02526718 0.00441144 0.00833343 0.29553479
30 0.04435977 0.14781992 0.03669858 0.04613077 0.00215702 0.09534515 0.20977788 0.02442599 0.02180799 0.01963419 0.02307119 0.17621190 0.01013089 0.01550939 0.01211769 0.05412197 0.02624099 0.00327335 0.01121589 0.01994949
31 0.08232168 0.01636710 0.04126279 0.04043179 0.01332560 0.01669210 0.01766299 0.56919583 0.01235560 0.01778479 0.01888539 0.01445990 0.00826408 0.00998259 0.01022710 0.06564058 0.02290769 0.00391612 0.00478340 0.01353290
32 0.03440900 0.00520629 0.00403199 0.00186891 0.00646160 0.00884631 0.00442279 0.00851989 0.00217530 0.19499599 0.34653798 0.00589348 0.07778380 0.06147040 0.00418433 0.01755080 0.01898680 0.00490547 0.01198390 0.17976499
33 0.03156228 0.00563832 0.00438249 0.00211186 0.00590994 0.00958192 0.00469322 0.00825400 0.00207617 0.20441485 0.35033375 0.00516946 0.07801414 0.06057116 0.00371597 0.01747679 0.01530259 0.00494495 0.01219029 0.17365587
34 0.03859610 0.13961001 0.02244190 0.01723640 0.01041090 0.02765400 0.04452040 0.02123550 0.02201240 0.02452150 0.03160110 0.06259821 0.01191700 0.01280010 0.35716104 0.05902601 0.05189721 0.00517580 0.01422760 0.02535680
35 0.01271260 0.01031670 0.01768970 0.00097850 0.00436148 0.01669520 0.00187245 0.00518428 0.04367101 0.03061551 0.05543071 0.00938550 0.02490550 0.40389007 0.00156469 0.00821832 0.01392710 0.02031300 0.29123905 0.02702860
36 0.04411859 0.22130696 0.04791239 0.02792559 0.00856223 0.04720689 0.03696649 0.02832819 0.09540758 0.01611150 0.02360480 0.13613997 0.00985716 0.02898959 0.01664220 0.06720929 0.03719859 0.00971091 0.07109509 0.02570599
37 0.12330595 0.01786239 0.05502278 0.01208190 0.02758689 0.03337839 0.01471819 0.03838329 0.01294940 0.02087649 0.01376909 0.01284560 0.01027190 0.01096300 0.01379389 0.28795989 0.24824491 0.00651047 0.00987001 0.02960559
38 0.02966690 0.03117970 0.02248440 0.01185750 0.00817007 0.01970900 0.01252600 0.01203650 0.05891370 0.04130120 0.06125150 0.03019090 0.02133680 0.20791199 0.00863068 0.02627250 0.02089210 0.02146930 0.31555298 0.03864630
39 0.04232251 0.12549902 0.03750641 0.01197810 0.01136030 0.02153520 0.02628020 0.02638680 0.15039902 0.01622330 0.02262760 0.07146311 0.00883164 0.04565641 0.01749070 0.07982011 0.02200910 0.01419230 0.22795104 0.02046710
40 0.03194383 0.01929642 0.02041582 0.00584678 0.01010591 0.02053062 0.01273721 0.01532011 0.03177383 0.05810505 0.12680010 0.02044902 0.04098323 0.28586823 0.00633794 0.02308442 0.02649852 0.01848741 0.17042513 0.05499044
41 0.07231546 0.05045077 0.16761790 0.09616124 0.00517786 0.12784992 0.08649965 0.03165048 0.03507918 0.02309789 0.02337419 0.06714326 0.01478059 0.01584339 0.01484989 0.07767515 0.05439997 0.00526455 0.01282669 0.01794199
42 0.06793170 0.05880280 0.05641570 0.03703130 0.03014160 0.03629690 0.05972050 0.13271200 0.02646490 0.02083870 0.02894840 0.10507000 0.01635760 0.07758780 0.01670300 0.12456200 0.05488850 0.00743089 0.02141030 0.02068540
43 0.02683370 0.02008470 0.01543890 0.00997610 0.00553594 0.01608640 0.00726851 0.00799208 0.03589400 0.06404891 0.16541202 0.02740410 0.03785010 0.20408403 0.00545524 0.01698650 0.01705150 0.02385960 0.23669403 0.05604361
44 0.04372369 0.01364960 0.00906473 0.00685739 0.00698474 0.01567990 0.01331580 0.01509220 0.00672226 0.14299698 0.34461195 0.01515030 0.07738999 0.07216019 0.01098420 0.02438880 0.02296480 0.00709162 0.02182490 0.12934598
45 0.02981140 0.00770634 0.00934935 0.00220729 0.00453868 0.01219540 0.00558340 0.01083310 0.01379370 0.09371651 0.31381305 0.00827045 0.07308411 0.19960603 0.00475449 0.01371960 0.01582880 0.00992324 0.08665061 0.08461441
46 0.04411199 0.01378330 0.01022940 0.00759058 0.00673578 0.01666230 0.01408320 0.01618200 0.00730997 0.14233696 0.34265290 0.01613670 0.07646318 0.07040618 0.01044330 0.02446119 0.02305999 0.00737146 0.02175569 0.12822396
47 0.08191140 0.07686600 0.05054630 0.06034360 0.00629362 0.14053899 0.11505899 0.03494090 0.02897420 0.04308010 0.04634140 0.07555710 0.01611170 0.02557210 0.01825770 0.07458620 0.04518060 0.00793373 0.01849090 0.03341450
48 0.03040420 0.00570312 0.00357577 0.00098571 0.01133020 0.00783773 0.00182288 0.00363054 0.00215573 0.31815702 0.18286201 0.00599480 0.05541120 0.02175450 0.00321372 0.01936270 0.02610740 0.00447668 0.00711107 0.28810301
49 0.21242504 0.02282590 0.04501241 0.03001861 0.03598701 0.01580960 0.02445630 0.11919802 0.02426600 0.01669460 0.01156240 0.01695350 0.00659674 0.01058110 0.01818090 0.21628804 0.13358802 0.00839233 0.00543686 0.02572660
50 0.06463230 0.02434940 0.04962960 0.24343100 0.00432992 0.05141600 0.24302600 0.02621390 0.02371940 0.03083170 0.02471570 0.06104270 0.00468996 0.00526024 0.01936010 0.05576670 0.02915280 0.00276778 0.00971621 0.02594860
51 0.03733921 0.00623141 0.00404723 0.00177665 0.01091520 0.00886775 0.00323800 0.00473233 0.00324256 0.31864811 0.16674806 0.00708715 0.04665712 0.01891061 0.00742502 0.02199691 0.02525021 0.00429427 0.00811108 0.29448110
52 0.09182302 0.07004901 0.05719401 0.05566191 0.01284050 0.04239931 0.05230181 0.04677011 0.08831412 0.03077801 0.03471431 0.06046281 0.01643800 0.05718901 0.02262160 0.07684152 0.04831381 0.01424070 0.08210082 0.03894561
53 0.04756574 0.01211908 0.01018619 0.00682820 0.01172628 0.01655818 0.01106139 0.01200968 0.00746977 0.26485066 0.17568177 0.01409698 0.05041503 0.03173566 0.01305978 0.03154066 0.02988076 0.00557989 0.01602058 0.23161370
54 0.17256300 0.02691830 0.16726000 0.08005150 0.01561040 0.04886660 0.04148690 0.05734740 0.02950370 0.02176230 0.02094670 0.04248930 0.01760220 0.01298400 0.01415080 0.11094000 0.06110060 0.00629622 0.01538620 0.03673390
55 0.26842816 0.02045131 0.02714152 0.02868362 0.03076732 0.02721462 0.03950792 0.08816045 0.02393641 0.04457873 0.04362333 0.02432081 0.01292471 0.01524581 0.02594682 0.13727608 0.06386344 0.00616929 0.01124721 0.06051244
56 0.03319222 0.00606985 0.00365323 0.00153155 0.01024400 0.00881682 0.00275979 0.00413817 0.00269705 0.32915516 0.16932608 0.00607561 0.04666752 0.01872931 0.00626842 0.02060781 0.02158881 0.00443498 0.00796045 0.29608314
57 0.30280312 0.01850921 0.02729061 0.01470001 0.04290812 0.01550851 0.02589751 0.08274903 0.02316101 0.02523781 0.01542261 0.01432461 0.00554885 0.00814793 0.01985721 0.21945409 0.08866304 0.00536920 0.00737371 0.03707382
58 0.08157783 0.04370052 0.02896281 0.01879501 0.01775731 0.02385571 0.03175651 0.04799162 0.02307041 0.03337161 0.05225362 0.02516861 0.03471661 0.02336081 0.11644605 0.09400714 0.12180105 0.12107005 0.01814941 0.04218732
59 0.03447721 0.01534340 0.01432070 0.00338063 0.01209330 0.01288650 0.00727591 0.00887459 0.00627914 0.21033503 0.23465704 0.01294420 0.13017002 0.04627811 0.00916818 0.02716340 0.03463851 0.00714910 0.01115100 0.16141402
60 0.02405171 0.34262108 0.03425791 0.01350820 0.00408104 0.04449911 0.03277931 0.01072530 0.03128321 0.01106580 0.02620761 0.27601306 0.01403590 0.01626510 0.00810750 0.04503841 0.02603931 0.00349183 0.01069340 0.02523521
61 0.04869129 0.01722840 0.01526740 0.00622671 0.01324360 0.01596940 0.01502550 0.01690460 0.01339600 0.10801398 0.27189595 0.01997540 0.06625159 0.11960298 0.01178970 0.05010299 0.03970989 0.00993318 0.04104649 0.09972498
62 0.05434905 0.16709385 0.03995346 0.04493026 0.00320608 0.11180790 0.12229189 0.01952078 0.02599598 0.02657158 0.02506938 0.20345582 0.01096499 0.01578879 0.00924328 0.05531815 0.02724348 0.00342752 0.01197029 0.02179748
63 0.04803002 0.01186860 0.00993246 0.00702027 0.01157770 0.01674551 0.01087930 0.01364470 0.00754202 0.26510709 0.17440006 0.01429961 0.05012232 0.03116801 0.01280550 0.03170461 0.03054011 0.00554030 0.01643371 0.23063808
64 0.06851582 0.04273121 0.19050205 0.10571703 0.01031870 0.04787881 0.04820081 0.06406572 0.03593561 0.02504751 0.02868751 0.05935872 0.02432141 0.02389991 0.01418100 0.08425842 0.06805322 0.00837383 0.02124131 0.02871141
65 0.05352661 0.03903410 0.10914201 0.15403402 0.00664660 0.03535070 0.06394671 0.05528021 0.07593641 0.03037580 0.05992531 0.04993951 0.00945794 0.01382630 0.02265230 0.06522791 0.10126401 0.00725084 0.01177310 0.03540960
66 0.07397340 0.04187700 0.03237300 0.13410599 0.00512917 0.08036870 0.28658999 0.03143110 0.02204970 0.01929170 0.02604090 0.07623090 0.00874347 0.01198430 0.02354990 0.05756930 0.02930280 0.00504363 0.00895027 0.02539480
67 0.07348295 0.02054749 0.03411738 0.26728983 0.00413118 0.05253847 0.30446481 0.02311619 0.01977429 0.00806149 0.01310699 0.05865896 0.00237982 0.00269904 0.01641169 0.05260557 0.01951259 0.00143378 0.00417241 0.02149509
68 0.33054366 0.01329639 0.02370558 0.01712488 0.04260536 0.01293939 0.02364308 0.12585087 0.02403977 0.01962298 0.01452388 0.01072709 0.00456749 0.00740989 0.02007728 0.18373281 0.08392991 0.00564832 0.00413302 0.03187837
69 0.10260905 0.03158962 0.05194683 0.02735251 0.02898011 0.03059232 0.02806401 0.03885622 0.02103581 0.05235743 0.04904072 0.03148762 0.02496121 0.02303521 0.02610691 0.15817908 0.17690409 0.01047531 0.01477521 0.07165074
70 0.03611372 0.01251021 0.01132660 0.00291557 0.01243151 0.01196651 0.00596408 0.00830756 0.00536690 0.22608709 0.23502110 0.01169290 0.10092804 0.04462942 0.00764279 0.02617531 0.03427891 0.00598838 0.01168230 0.18897108
71 0.03931964 0.33272536 0.02614893 0.01078321 0.00484011 0.11967513 0.04142955 0.01238121 0.02964013 0.01303511 0.01651172 0.14909116 0.00776857 0.01429932 0.00835494 0.10904012 0.03012723 0.00346325 0.00618968 0.02517563
72 0.06548475 0.09349607 0.06013115 0.15614012 0.00603228 0.04095653 0.11042208 0.04560213 0.03472303 0.02524322 0.02794062 0.08251206 0.01090501 0.00957820 0.01934611 0.06511125 0.05300524 0.00641167 0.01329651 0.07366196
73 0.05453918 0.10084496 0.03421349 0.07294467 0.00359540 0.09621656 0.25988989 0.03041519 0.02310569 0.01898449 0.02309179 0.10919395 0.00849296 0.01413299 0.02477669 0.05710288 0.03025449 0.00612196 0.01112940 0.02095339
74 0.09139559 0.04200009 0.03376660 0.13121098 0.00834917 0.06536429 0.24282697 0.03795330 0.02303530 0.01907350 0.02118370 0.07148519 0.00770033 0.01033720 0.02160210 0.09582239 0.03559210 0.00697029 0.00842474 0.02590620
75 0.03309411 0.01012420 0.01253801 0.00285423 0.00906507 0.01421971 0.00651918 0.00987157 0.01763941 0.12582205 0.20743809 0.01145720 0.05874042 0.21295909 0.00519464 0.01953701 0.02474191 0.01032700 0.10302904 0.10482804
76 0.26858912 0.02069841 0.02771231 0.02890551 0.03086361 0.02740391 0.03939832 0.08805134 0.02441101 0.04445402 0.04368422 0.02374931 0.01362501 0.01616861 0.02583041 0.13428806 0.06311183 0.00649035 0.01218791 0.06037673
77 0.06903409 0.01800500 0.01817830 0.00979560 0.02322140 0.01809080 0.01675280 0.01611140 0.01282880 0.12297498 0.20831396 0.02662949 0.06045829 0.04473229 0.02125770 0.04839199 0.09793368 0.01063230 0.01589420 0.14076297
78 0.08062547 0.02678679 0.04177848 0.21961692 0.00241218 0.08848377 0.28051489 0.02498169 0.02438739 0.00914665 0.01341939 0.07501047 0.00276791 0.00424416 0.01210890 0.05057178 0.01940859 0.00120166 0.00480572 0.01772719
79 0.24975500 0.01548540 0.02213390 0.01075640 0.03044270 0.01181790 0.02464510 0.05237370 0.02071220 0.07180520 0.04320760 0.01556440 0.01496170 0.01076280 0.03742470 0.15504900 0.08016980 0.00471249 0.01087300 0.11734700
80 0.29829587 0.01783059 0.02000889 0.00450310 0.10287496 0.00757043 0.01559489 0.08113197 0.01977469 0.03166019 0.02203469 0.01456789 0.01533499 0.01768869 0.01733739 0.18016792 0.08240486 0.00378223 0.00802197 0.03941378
81 0.07838068 0.03821384 0.07566908 0.20980921 0.00211440 0.09502190 0.17272618 0.02694383 0.02834873 0.01552302 0.01466191 0.11234911 0.00510993 0.00614417 0.00998791 0.05629866 0.02383532 0.00244140 0.01039531 0.01602542
82 0.04628629 0.00928601 0.00805916 0.00401905 0.01268390 0.01089080 0.00918250 0.00960623 0.00606951 0.19973196 0.28812794 0.01279430 0.06686909 0.04587769 0.00899731 0.04093799 0.03627349 0.00499164 0.01151120 0.16780396
83 0.03335531 0.02214641 0.01708651 0.01722541 0.00922218 0.01981621 0.00927163 0.00864669 0.03381401 0.10945204 0.09710983 0.03150301 0.02861601 0.16426606 0.00955086 0.02459521 0.02221101 0.01518781 0.24907008 0.07785373
84 0.06811837 0.12093395 0.04285028 0.05485668 0.00349718 0.13699195 0.14301794 0.02469089 0.02719269 0.03244319 0.02729019 0.15364294 0.01019850 0.01653639 0.01188130 0.05878948 0.03005659 0.00353801 0.01190370 0.02156979
85 0.07371511 0.04186331 0.03344471 0.13601202 0.00522623 0.08026531 0.28526905 0.03115810 0.02270370 0.01936840 0.02596860 0.07616501 0.00847526 0.01210710 0.02264780 0.05696011 0.02889410 0.00500972 0.00959253 0.02515380
86 0.06773157 0.02700389 0.02214489 0.01370769 0.01000109 0.09737975 0.04274868 0.02046809 0.01756209 0.07681996 0.23040188 0.03583778 0.05250667 0.03814358 0.03200238 0.04126898 0.08063096 0.01181609 0.01564289 0.06618107
87 0.03382329 0.00559844 0.00330072 0.00127878 0.01021970 0.00843924 0.00248625 0.00390321 0.00259648 0.33340595 0.16197098 0.00581241 0.04492109 0.01644200 0.00623770 0.02006250 0.02157490 0.00428794 0.00752848 0.30610995
88 0.04196060 0.27675199 0.03646740 0.02105400 0.01083330 0.05667760 0.04035150 0.02717960 0.03394520 0.02029690 0.03082420 0.17328399 0.01512480 0.02141050 0.02582520 0.07195200 0.03743780 0.00815483 0.01928560 0.03118300
89 0.08921040 0.03218266 0.02543167 0.01926218 0.01754988 0.02368357 0.02962377 0.03092707 0.01790338 0.10385689 0.17958980 0.03516486 0.04418825 0.03447246 0.02551207 0.10374389 0.05846514 0.01033219 0.01628498 0.10261489
90 0.06995253 0.03146351 0.04598852 0.20489410 0.00726205 0.03963812 0.18142309 0.04111102 0.02683161 0.02207831 0.02627681 0.04999732 0.00772745 0.00835599 0.09139074 0.06544683 0.03966122 0.00414838 0.00979836 0.02655401
91 0.06772057 0.01564579 0.01236730 0.00985918 0.01366799 0.01366089 0.01514059 0.01427069 0.01020540 0.21895492 0.15416094 0.01887409 0.04542298 0.03033239 0.01577889 0.03903949 0.04480288 0.00626019 0.01659289 0.23724191
92 0.03338334 0.00648357 0.00461000 0.00239524 0.00708557 0.01003411 0.00559548 0.00796574 0.00274318 0.21957624 0.31576235 0.00684701 0.07282268 0.05498216 0.00485329 0.01954792 0.01878402 0.00497600 0.01250791 0.18904421
93 0.05149538 0.17222892 0.04807048 0.05385178 0.00761787 0.05757307 0.08284566 0.02526719 0.03045959 0.02889809 0.03789628 0.19124291 0.01747349 0.02200869 0.01531679 0.05742027 0.03589678 0.00608339 0.02291039 0.03544298
94 0.02361591 0.00499293 0.00234633 0.00091919 0.00844070 0.00817250 0.00163398 0.00323835 0.00126313 0.33932218 0.19197410 0.00364739 0.04992853 0.02059151 0.00248107 0.01649121 0.01410491 0.00453416 0.00648275 0.29581915
95 0.06951635 0.04420853 0.19033913 0.10545807 0.01042671 0.04742723 0.04673103 0.06205094 0.03500662 0.02531202 0.02927432 0.05899334 0.02570102 0.02373462 0.01506701 0.08480036 0.06810405 0.00804113 0.02068931 0.02911822
96 0.06396962 0.14750704 0.04706151 0.05399472 0.01023880 0.05731822 0.07689492 0.03269111 0.03013171 0.02617071 0.03216401 0.17349705 0.01597030 0.01815981 0.01540040 0.10141003 0.04281331 0.00611752 0.01729420 0.03119501
97 0.02408119 0.00502587 0.00243161 0.00092228 0.00855335 0.00817401 0.00168592 0.00328681 0.00137726 0.33700488 0.19333093 0.00369373 0.05024138 0.02107109 0.00268664 0.01662769 0.01483069 0.00451548 0.00648128 0.29397790
98 0.04328293 0.01322571 0.00983396 0.00695590 0.00693166 0.01552851 0.01333051 0.01461991 0.00668535 0.14224210 0.34713724 0.01560011 0.07710605 0.07214695 0.01040871 0.02348152 0.02274862 0.00759067 0.02228352 0.12886009
99 0.07970361 0.03079470 0.21376101 0.08314611 0.01301220 0.04585190 0.03065930 0.04677070 0.02927470 0.01740600 0.01714970 0.04060860 0.02273870 0.01206160 0.01368980 0.15350201 0.10570301 0.00908833 0.01213890 0.02293910
100 0.05298334 0.06230954 0.03354412 0.08953966 0.00189848 0.10544207 0.30074721 0.02500722 0.01589611 0.01831311 0.01900491 0.14357810 0.00789665 0.01335111 0.01164631 0.05065594 0.02137381 0.00171078 0.00930271 0.01579881
101 0.07460351 0.04246701 0.03240401 0.13402102 0.00510517 0.08144781 0.28652405 0.03109950 0.02300940 0.01875090 0.02574290 0.07681971 0.00860110 0.01151910 0.02230310 0.05758911 0.02879610 0.00502312 0.00889925 0.02527410
102 0.05334609 0.17258697 0.04396819 0.04419019 0.00838765 0.05518789 0.07084559 0.02605010 0.02856690 0.02525880 0.03316840 0.20688297 0.01674010 0.01727970 0.01436420 0.09352059 0.03856579 0.00538770 0.01588480 0.02981740
103 0.04293190 0.01350480 0.01033210 0.00694112 0.00699447 0.01527740 0.01299670 0.01504860 0.00671669 0.14317999 0.34653498 0.01583590 0.07724440 0.07020470 0.01080860 0.02433980 0.02327720 0.00761148 0.02140020 0.12881899
104 0.21886989 0.02614839 0.02478709 0.01690119 0.08516856 0.01221089 0.02037719 0.14460093 0.02041229 0.02837959 0.02322969 0.01657989 0.01684249 0.01952239 0.06125207 0.14217693 0.07017896 0.00606291 0.01318809 0.03311058
105 0.09950883 0.02529311 0.05870412 0.23360907 0.00295265 0.06831512 0.20569006 0.04100111 0.04515131 0.00913254 0.01497800 0.05884742 0.00246336 0.00430767 0.01241000 0.05780972 0.02911851 0.00279928 0.00525090 0.02265721
106 0.07376648 0.04141099 0.03333989 0.13760796 0.00528034 0.08049948 0.28819691 0.03112199 0.02233849 0.01826379 0.02530089 0.07559978 0.00890701 0.01184060 0.02185669 0.05718598 0.02866569 0.00487397 0.00955049 0.02439259
107 0.04787657 0.01218969 0.01005159 0.00674164 0.01218779 0.01657939 0.01078809 0.01300569 0.00742840 0.26509586 0.17384091 0.01468129 0.05002637 0.03135018 0.01209889 0.03275828 0.03114908 0.00578059 0.01631079 0.23005888
108 0.06074841 0.04303071 0.02889091 0.02085331 0.00869116 0.02541781 0.02901731 0.03419521 0.03077481 0.04159521 0.07172522 0.02683431 0.03826831 0.07585502 0.01396840 0.07412222 0.06202911 0.19093605 0.07129882 0.05174771
109 0.03768420 0.00611517 0.00375415 0.00174068 0.01106270 0.00874968 0.00315720 0.00457277 0.00328612 0.31895796 0.16627198 0.00683624 0.04627979 0.01844730 0.00773170 0.02198710 0.02567060 0.00435775 0.00837795 0.29495897
110 0.04555582 0.02367891 0.02963401 0.00793734 0.01496651 0.01926961 0.01597421 0.01935451 0.01312170 0.13111705 0.21767008 0.02791961 0.11819104 0.06306372 0.01680311 0.03726071 0.04279092 0.01141610 0.02401501 0.12026004
111 0.07733942 0.05690021 0.03561901 0.02996931 0.00886601 0.10774102 0.06193591 0.02776031 0.02401541 0.06659341 0.14174903 0.05590641 0.03401551 0.02622101 0.02550251 0.09723412 0.04781111 0.00932637 0.01471620 0.05077771
112 0.12450495 0.02924519 0.02657749 0.03107819 0.00682215 0.09453906 0.05968317 0.14051094 0.02167589 0.04785018 0.15365493 0.03970868 0.03465419 0.02820149 0.02638349 0.04293528 0.03095539 0.00820518 0.01225929 0.04055488
113 0.12311403 0.01800380 0.05449551 0.01227780 0.02700121 0.03356421 0.01465010 0.03781121 0.01297940 0.02227121 0.01489350 0.01326140 0.01102050 0.01102210 0.01397180 0.28556807 0.24703206 0.00631248 0.00946286 0.03128671
114 0.08032795 0.07605576 0.04936747 0.06083326 0.00687850 0.13882692 0.11719393 0.03702678 0.02936178 0.04383057 0.04593997 0.07614476 0.01607239 0.02644398 0.01798339 0.07255676 0.04510057 0.00729669 0.01937829 0.03338028
115 0.06572037 0.01757099 0.01266869 0.00936088 0.01313589 0.01358709 0.01456869 0.01427889 0.00988443 0.22083491 0.15388193 0.02024689 0.04513868 0.02997049 0.01601359 0.03812348 0.04334458 0.00638742 0.01646719 0.23881490
116 0.08104487 0.07522207 0.03155689 0.02061069 0.12732796 0.02287439 0.02546229 0.03335519 0.02289769 0.04649498 0.04586558 0.09299967 0.03440549 0.05652068 0.02301509 0.08249277 0.09474647 0.00619135 0.02532079 0.05159508
117 0.08045100 0.07725810 0.04826680 0.05892270 0.00646303 0.13977200 0.11739200 0.03651600 0.02848220 0.04442590 0.04591980 0.07604160 0.01611850 0.02643740 0.01828780 0.07433980 0.04370020 0.00753680 0.02005690 0.03361150
118 0.05570416 0.04606527 0.02713668 0.01445999 0.01157679 0.01981099 0.02716728 0.10285693 0.01888609 0.03837937 0.10044093 0.02215458 0.09473063 0.03698857 0.01673099 0.06953765 0.07000015 0.16170889 0.02192028 0.04374377
119 0.04474478 0.01413629 0.01019120 0.00744838 0.00717271 0.01595319 0.01348769 0.01570969 0.00712520 0.14205794 0.34253085 0.01588979 0.07699537 0.07011767 0.01099130 0.02472709 0.02476009 0.00691714 0.02023069 0.12881294
120 0.26919902 0.01973970 0.02760720 0.02772110 0.03075620 0.02765020 0.03859310 0.08798811 0.02436490 0.04471310 0.04262020 0.02419990 0.01318230 0.01533860 0.02709510 0.13540801 0.06391641 0.00630501 0.01227940 0.06132241
121 0.26712011 0.02036451 0.02779831 0.02903441 0.03061701 0.02710301 0.03854922 0.08777814 0.02465481 0.04529482 0.04429972 0.02357611 0.01380941 0.01563621 0.02678391 0.13513205 0.06308143 0.00640330 0.01176500 0.06119852
122 0.08629982 0.01696970 0.04152901 0.03951871 0.01312300 0.01659820 0.01778180 0.56272111 0.01242720 0.01802320 0.01875690 0.01481470 0.00864552 0.01009840 0.00988462 0.06606981 0.02338960 0.00355912 0.00553375 0.01425580
123 0.08145008 0.00941817 0.00890867 0.00372804 0.01805859 0.00971072 0.00882319 0.01162690 0.00888266 0.23460293 0.13857396 0.01414160 0.04340649 0.01951549 0.02548839 0.05852518 0.05557118 0.00420355 0.01000830 0.23535593
124 0.03313482 0.07671325 0.02177112 0.00840452 0.01381451 0.02194592 0.01583421 0.01275021 0.01051931 0.19168713 0.15939311 0.04339803 0.12285408 0.03316272 0.01500381 0.03401762 0.03577872 0.01069161 0.01516121 0.12396409
125 0.03659590 0.00591148 0.00416234 0.00180742 0.01043910 0.00809733 0.00332219 0.00593433 0.00300209 0.27167803 0.22395402 0.00823134 0.05722231 0.03250800 0.00525696 0.02090790 0.02806350 0.00458046 0.00890225 0.25942303
126 0.04843339 0.03878199 0.04875139 0.01468510 0.01066730 0.08873778 0.04325759 0.02090920 0.01914350 0.07771498 0.16196097 0.04428729 0.14340097 0.04395369 0.02079240 0.04283059 0.03641619 0.01301500 0.02289310 0.05936759
127 0.07872083 0.11934205 0.04897682 0.05463842 0.01304541 0.05570722 0.07429813 0.03581862 0.03050831 0.02881811 0.03177971 0.14181706 0.01622891 0.01843991 0.01846041 0.12392205 0.05160832 0.00716618 0.01751011 0.03319341
128 0.06864029 0.04222459 0.21738297 0.11021699 0.00502141 0.10978099 0.07005319 0.02873690 0.03498020 0.01963280 0.02072870 0.06183169 0.01626800 0.01431420 0.01393520 0.07672659 0.05445499 0.00560992 0.01196550 0.01749490
129 0.03366949 0.00642516 0.00449272 0.00233731 0.00732240 0.00992650 0.00512292 0.00831532 0.00281797 0.21869191 0.31845187 0.00650483 0.07323017 0.05496338 0.00513582 0.01943649 0.01874799 0.00507575 0.01238510 0.18694693
130 0.03406300 0.00569763 0.00333614 0.00149538 0.01010870 0.00830326 0.00270935 0.00392568 0.00265739 0.33285002 0.16052701 0.00610432 0.04443600 0.01638610 0.00594906 0.01961070 0.02203460 0.00426025 0.00779737 0.30774802
131 0.04281871 0.27531707 0.03618191 0.02199421 0.00936697 0.05723381 0.04214361 0.02499021 0.03378301 0.02133621 0.03216941 0.17323904 0.01518930 0.02154251 0.02581121 0.07054392 0.03567391 0.00774848 0.02017591 0.03274061
132 0.04313650 0.01421210 0.00989075 0.00718360 0.00710582 0.01569370 0.01361660 0.01441670 0.00704419 0.14389401 0.34388502 0.01595610 0.07725480 0.07027880 0.01071950 0.02439910 0.02327700 0.00726009 0.02148660 0.12928901
133 0.07399977 0.02053962 0.03469273 0.26827126 0.00410848 0.05284055 0.30241730 0.02307792 0.02021272 0.00786144 0.01284711 0.05878606 0.00247327 0.00257838 0.01598822 0.05278715 0.01959512 0.00157801 0.00413775 0.02120712
134 0.25405601 0.01212420 0.01894360 0.00920236 0.02486590 0.01248100 0.02273550 0.05397820 0.01940730 0.08204750 0.05356490 0.01518970 0.01769610 0.01377280 0.04002800 0.10913601 0.07236090 0.00444969 0.01278030 0.15118001
135 0.10033507 0.01140931 0.01032251 0.00827614 0.01192631 0.02152021 0.01642791 0.02920082 0.01049121 0.11459008 0.29897621 0.01621831 0.06459524 0.05461564 0.02005571 0.03840073 0.03537022 0.00626538 0.01496391 0.11603908
136 0.06051851 0.02824230 0.03336230 0.01284360 0.01774700 0.02260690 0.01599220 0.01656830 0.04296210 0.04336280 0.05112971 0.02836270 0.02183190 0.14748001 0.01308910 0.07287211 0.08852851 0.02407210 0.19887302 0.05955481
137 0.04347118 0.01328339 0.00988907 0.00759682 0.00687075 0.01565849 0.01287239 0.01470929 0.00675219 0.14287194 0.34703786 0.01531179 0.07734437 0.07017727 0.01143800 0.02397559 0.02308989 0.00727278 0.02082899 0.12954795
138 0.03169380 0.02035190 0.01997240 0.00495209 0.01032510 0.02010160 0.01273860 0.01490340 0.03201310 0.05859850 0.12734600 0.02071490 0.04069050 0.28599700 0.00709481 0.02410830 0.02605850 0.01672420 0.17066900 0.05494630
139 0.14407789 0.02001628 0.04141167 0.03749517 0.02319368 0.01402419 0.01995048 0.41724067 0.01611059 0.01554979 0.01214599 0.01478449 0.00624067 0.00973092 0.01406999 0.12546790 0.04364837 0.00520671 0.00401857 0.01561599
140 0.03290461 0.00531438 0.00515322 0.00180796 0.00544238 0.00903920 0.00434040 0.00980349 0.00419232 0.15209005 0.36619211 0.00555796 0.08382773 0.11092803 0.00343161 0.01603640 0.01689821 0.00554137 0.02967651 0.13182204
141 0.13844306 0.01760441 0.02648991 0.00472310 0.09086864 0.01039340 0.00918485 0.04032602 0.01405111 0.09908274 0.08501544 0.02295811 0.07475013 0.03338681 0.01668871 0.08000863 0.10101404 0.00443982 0.01232501 0.11824605
142 0.03663037 0.00610057 0.00396087 0.00168974 0.01088909 0.00855232 0.00344807 0.00438478 0.00320395 0.32086374 0.16585587 0.00671187 0.04648826 0.01837539 0.00741746 0.02205118 0.02507568 0.00427621 0.00833682 0.29568776
143 0.08455014 0.01630041 0.04174842 0.04022322 0.01351901 0.01718691 0.01905601 0.56493027 0.01203871 0.01781021 0.01866871 0.01477961 0.00833732 0.01028210 0.00948230 0.06662853 0.02270251 0.00350546 0.00503405 0.01321611
144 0.10295199 0.02313480 0.06805259 0.25224797 0.00399608 0.05429039 0.17495598 0.04735789 0.03059000 0.00941468 0.01313880 0.06245449 0.00291220 0.00417327 0.01279720 0.08026369 0.02761250 0.00368358 0.00599651 0.01997540
145 0.21868388 0.01525209 0.03422488 0.01945779 0.05320877 0.00757200 0.01346889 0.31638383 0.01477779 0.01409269 0.00859375 0.01003819 0.00706475 0.01168619 0.01499449 0.16392491 0.05259907 0.00360313 0.00476631 0.01560659
146 0.02805099 0.00543842 0.00287364 0.00100433 0.00952766 0.00842677 0.00197452 0.00325850 0.00196962 0.34473888 0.16666794 0.00459780 0.04578038 0.01656079 0.00471016 0.01818729 0.01779369 0.00437226 0.00701548 0.30705089
147 0.30206484 0.01912559 0.02802549 0.01322609 0.04279328 0.01645199 0.02512669 0.08093136 0.02293379 0.02557649 0.01555149 0.01446979 0.00606616 0.00827892 0.01994899 0.22037689 0.08910655 0.00538180 0.00696644 0.03759738
148 0.11313192 0.03945937 0.03407428 0.04836457 0.01001049 0.05978286 0.14182890 0.11245192 0.02693128 0.06387425 0.04670657 0.05616596 0.01352969 0.01754569 0.03031308 0.07712145 0.04602147 0.00685521 0.01111659 0.04471447
149 0.03306990 0.00659476 0.00473929 0.00240665 0.00728832 0.01037030 0.00515679 0.00829947 0.00283803 0.21911499 0.31930999 0.00667603 0.07345010 0.05482920 0.00429835 0.01924750 0.01864620 0.00487945 0.01208070 0.18670399
150 0.03212091 0.00727110 0.00493872 0.00186548 0.00742856 0.00985479 0.00399475 0.00835302 0.00219063 0.20363407 0.33218112 0.00602746 0.08799633 0.05967642 0.00353416 0.01844791 0.02016001 0.00521397 0.01162450 0.17348606
151 0.06649732 0.05490371 0.01612340 0.01830310 0.00861000 0.01720870 0.04273841 0.02625031 0.01560810 0.03952011 0.03775551 0.02739561 0.01484130 0.01086320 0.43580411 0.06464822 0.04851401 0.00411668 0.00897767 0.04132051
152 0.04220586 0.27519976 0.03589137 0.02114958 0.00966932 0.05920305 0.04288136 0.02466428 0.03428237 0.02061938 0.03148197 0.17173285 0.01547449 0.02171418 0.02587288 0.07206344 0.03662197 0.00781473 0.01925748 0.03219967
153 0.06374868 0.05491438 0.01491310 0.01830299 0.00874520 0.01643229 0.04327559 0.02513479 0.01599129 0.03898719 0.03769439 0.02768619 0.01383730 0.01079830 0.44282885 0.06297298 0.04901568 0.00380579 0.00858684 0.04232819
154 0.03347250 0.01019010 0.01246320 0.00288646 0.00898507 0.01428900 0.00659141 0.00982390 0.01779250 0.12445501 0.20605602 0.01145440 0.05891600 0.21746902 0.00523105 0.01921350 0.02443420 0.00982463 0.10340101 0.10305101
155 0.32342189 0.01561179 0.02534149 0.01277870 0.04430208 0.01333210 0.02493279 0.08827947 0.02381599 0.02595669 0.01554459 0.01311050 0.00559480 0.00781101 0.02029859 0.20989993 0.08033057 0.00488276 0.00666778 0.03808649
156 0.07001477 0.04492324 0.19242018 0.10544010 0.01040401 0.04868505 0.04769414 0.06043266 0.03627903 0.02559502 0.02891253 0.05964966 0.02436382 0.02231092 0.01473751 0.08378058 0.06647176 0.00796808 0.02035612 0.02956083
157 0.04488917 0.00783227 0.00621227 0.00285198 0.00697913 0.01082629 0.00644491 0.02457069 0.00351571 0.13485192 0.36973879 0.00829833 0.09645795 0.07454506 0.00588089 0.01990589 0.02214279 0.00735068 0.01270239 0.13400292
158 0.01701970 0.01072260 0.01553030 0.00161076 0.00389167 0.01522230 0.00265798 0.00616320 0.03704610 0.04442670 0.12713700 0.01035360 0.03615820 0.33557101 0.00211683 0.00911803 0.01394790 0.02110530 0.24858401 0.04161680
159 0.02596121 0.00532482 0.00261876 0.00106087 0.00889760 0.00841150 0.00171706 0.00298637 0.00164410 0.35330015 0.16264307 0.00420265 0.04451742 0.01464301 0.00407090 0.01681281 0.01512421 0.00439249 0.00663886 0.31503213
160 0.05210586 0.17969085 0.10200992 0.05066036 0.00548718 0.10990091 0.07876684 0.02612768 0.03603727 0.01975688 0.02118188 0.12080090 0.01127979 0.01736959 0.01251209 0.07997813 0.04109447 0.00437454 0.01066949 0.02019538
161 0.03086509 0.03223839 0.02313019 0.01126260 0.00855503 0.01918199 0.01231969 0.01219799 0.05908498 0.03842048 0.05966188 0.03021229 0.02074049 0.20997291 0.00895508 0.02751649 0.02079289 0.02208429 0.31593487 0.03687238
162 0.03007760 0.03190510 0.02301470 0.01219770 0.00845131 0.01920130 0.01291710 0.01251460 0.05945340 0.04005790 0.06018560 0.03014990 0.02098620 0.20759600 0.00830779 0.02658020 0.02031690 0.02225240 0.31543800 0.03839630
163 0.33990700 0.01294200 0.02104720 0.02366880 0.03232320 0.01983360 0.02143100 0.19270100 0.02297780 0.02020860 0.02124130 0.01001080 0.00554124 0.00676927 0.02451590 0.13647700 0.05025940 0.00553452 0.00385246 0.02875790
164 0.03777533 0.00613451 0.00386989 0.00158067 0.01113821 0.00865037 0.00335131 0.00454600 0.00327289 0.31864024 0.16618912 0.00678150 0.04641513 0.01882011 0.00792465 0.02199902 0.02528412 0.00421529 0.00845541 0.29495622
165 0.09572329 0.03025720 0.07602329 0.23184297 0.00275451 0.06999409 0.17125297 0.03267260 0.02801220 0.01284750 0.01423620 0.09700799 0.00457708 0.00520686 0.01083090 0.06108389 0.02478530 0.00274567 0.00928103 0.01886450
166 0.06765764 0.03028812 0.02093591 0.01722461 0.00699505 0.12350507 0.04288402 0.01552771 0.01630801 0.20408811 0.11236206 0.04428802 0.03321742 0.02409791 0.01583021 0.04024452 0.02894632 0.00525172 0.01843751 0.13191007
167 0.14823502 0.03700170 0.03962070 0.07828691 0.01796610 0.04047850 0.12992101 0.12006601 0.02898650 0.01894760 0.01827140 0.04633161 0.00645972 0.01193720 0.02115440 0.13775002 0.05395341 0.01033450 0.00783067 0.02646700
168 0.06908804 0.08886816 0.02834372 0.02485412 0.01321111 0.02938702 0.03660572 0.01431131 0.02115431 0.08798116 0.07508685 0.11270407 0.03301222 0.02241901 0.01619961 0.04984233 0.06505284 0.00634825 0.01935801 0.18617212
169 0.08250730 0.07528270 0.05075590 0.05840780 0.00631767 0.14054600 0.11397100 0.03583700 0.02936740 0.04414570 0.04688950 0.07433240 0.01643240 0.02633510 0.01901150 0.07425550 0.04553290 0.00733913 0.01982340 0.03290970
170 0.04367079 0.01276760 0.00959411 0.00707870 0.00693492 0.01551160 0.01290240 0.01409900 0.00685365 0.14382896 0.34712790 0.01560300 0.07695208 0.07089448 0.01048140 0.02390599 0.02380269 0.00685801 0.02070379 0.13042896
171 0.04190379 0.27530696 0.03641649 0.02258100 0.00991988 0.05910439 0.04267619 0.02436840 0.03377119 0.02101150 0.03182020 0.17197897 0.01503010 0.02063050 0.02437990 0.07249889 0.03660629 0.00796487 0.01987330 0.03215720
172 0.03492023 0.00549549 0.00463027 0.00133302 0.00999163 0.00801006 0.00297872 0.00667297 0.00231579 0.23852120 0.27178923 0.00703426 0.07278006 0.04526994 0.00321858 0.01978492 0.02808652 0.00494279 0.00945812 0.22276619
173 0.07126219 0.02698540 0.09141909 0.24434797 0.00440257 0.05174359 0.16639998 0.05508129 0.03157620 0.01513930 0.01929700 0.06370879 0.00569916 0.00637872 0.01527850 0.06050369 0.03439890 0.00507287 0.00950691 0.02179790
174 0.07279155 0.04206743 0.03350602 0.13584909 0.00480499 0.08028135 0.28753918 0.03091412 0.02158651 0.01919801 0.02619572 0.07730525 0.00873086 0.01203301 0.02269041 0.05682994 0.02902902 0.00485400 0.00892223 0.02487132
175 0.07311275 0.02045109 0.03607148 0.26881483 0.00408782 0.05224157 0.30246881 0.02286839 0.01980999 0.00792730 0.01305889 0.05886766 0.00248448 0.00270568 0.01591239 0.05302777 0.01967359 0.00163032 0.00401562 0.02076959
176 0.07151896 0.02630242 0.09019437 0.24533019 0.00448804 0.05150684 0.16599313 0.05404524 0.03137052 0.01530041 0.01949092 0.06329935 0.00556815 0.00614701 0.01538671 0.06077905 0.03445533 0.00545493 0.01028311 0.02308532
177 0.06749152 0.01588211 0.01174930 0.00977802 0.01364020 0.01323340 0.01484930 0.01415760 0.01000030 0.22044207 0.15458005 0.01886831 0.04554901 0.02904231 0.01593601 0.03980471 0.04413151 0.00611436 0.01583581 0.23891408
178 0.33777701 0.01170960 0.01912890 0.00334262 0.07572980 0.00527804 0.01631490 0.08835990 0.02078320 0.02174550 0.01227190 0.01010950 0.00691507 0.01063250 0.01505700 0.22365701 0.08377860 0.00314358 0.00506906 0.02919630
179 0.04840270 0.04793240 0.03822960 0.04591100 0.00303225 0.13435300 0.28670700 0.02359400 0.02057960 0.02408490 0.04214590 0.09400560 0.04979900 0.01855640 0.01806640 0.04247060 0.02623120 0.00445845 0.01014070 0.02129930
