1 0.03582040 0.00505062 0.00490760 0.00108756 0.01098600 0.00469386 0.00178935 0.00511194 0.00126842 0.28087898 0.23543899 0.00378248 0.05651980 0.03056420 0.00440126 0.00997167 0.03048680 0.00348970 0.01012240 0.26362798
2 0.09843495 0.05467463 0.03826782 0.02797881 0.01337191 0.03996362 0.03986762 0.03539412 0.07892244 0.03156432 0.04106732 0.05214173 0.01538681 0.01651771 0.18877009 0.09225674 0.04685282 0.00579612 0.04041652 0.04235392
3 0.06591769 0.03637429 0.09144628 0.14181997 0.01468120 0.02311970 0.05225749 0.15329297 0.03638209 0.02087360 0.01950290 0.03171749 0.00872717 0.00821587 0.02095600 0.12186098 0.10950598 0.00244603 0.00680672 0.03409559
4 0.06611563 0.01289681 0.01171821 0.01135791 0.01406291 0.01222381 0.01447821 0.01327031 0.00691001 0.22836111 0.15723908 0.01569441 0.04330772 0.03204392 0.01582901 0.03393672 0.04714512 0.00565259 0.01477641 0.24298012
5 0.12829700 0.07811190 0.04316980 0.03647240 0.02679850 0.05206280 0.05874230 0.03504590 0.02719270 0.04276700 0.03403800 0.11516900 0.01608860 0.02536400 0.03183190 0.07585440 0.09227420 0.00358057 0.01186970 0.06526930
6 0.07330802 0.03549881 0.05394462 0.11080503 0.01449520 0.03559731 0.06390022 0.03975361 0.03368481 0.07507842 0.04748651 0.04183131 0.01921211 0.01685040 0.10774603 0.07170882 0.07486882 0.00369681 0.02048651 0.06004662
7 0.10642711 0.04580625 0.05013195 0.07535908 0.01607352 0.05221936 0.14672816 0.05926576 0.02032042 0.01980592 0.02220952 0.04733455 0.01447812 0.01256551 0.02712003 0.15556416 0.07836098 0.00509815 0.01102571 0.03410574
8 0.05329210 0.01112160 0.01296970 0.00643922 0.01275720 0.01361180 0.01152470 0.01548970 0.00646231 0.25433999 0.17998799 0.01248630 0.04854930 0.03047160 0.01147930 0.02398410 0.03864940 0.00455611 0.01593160 0.23589599
9 0.06801113 0.08466631 0.04948415 0.06352583 0.00307389 0.12383987 0.22488077 0.02872177 0.01970888 0.03577936 0.01743078 0.13740586 0.00572043 0.02586097 0.01221389 0.04644045 0.01994288 0.00138030 0.01106779 0.02084468
10 0.00887207 0.01345270 0.01341520 0.00208553 0.01020480 0.01201930 0.00406383 0.00791751 0.04022410 0.02028680 0.08708931 0.00991881 0.02100250 0.33566902 0.00681568 0.01302280 0.01748880 0.02579260 0.32655202 0.02410660
11 0.03111218 0.08409534 0.03047468 0.01354399 0.01244929 0.02874908 0.02944548 0.01715179 0.04106037 0.03584697 0.11395892 0.10255893 0.02435248 0.13219291 0.02012899 0.02911508 0.02904718 0.02003649 0.16157589 0.04310397
12 0.02494548 0.01860319 0.01513409 0.00588339 0.01313709 0.02250158 0.01463779 0.01753789 0.02382668 0.04971537 0.13913291 0.02020739 0.03035928 0.29124080 0.00942138 0.01942099 0.02591258 0.01843559 0.18253488 0.05741166
13 0.06586430 0.02719610 0.11818300 0.24957500 0.00522490 0.05515630 0.19424900 0.03090430 0.01980150 0.01267420 0.01927470 0.05580190 0.00422933 0.00881292 0.01410070 0.04921240 0.03805770 0.00095757 0.01013950 0.02058470
14 0.07116101 0.02136720 0.03255651 0.29524105 0.00549582 0.04953131 0.31033206 0.01497500 0.00867004 0.00550695 0.00866865 0.07002021 0.00273274 0.00339394 0.01581110 0.03995691 0.02037400 0.00060905 0.00342353 0.02017290
15 0.04903199 0.24215095 0.04402509 0.02388700 0.01038730 0.04975159 0.05512819 0.02787619 0.03684959 0.01980900 0.03923149 0.18016796 0.01928580 0.01995680 0.02359240 0.05902469 0.04187659 0.01631720 0.01795230 0.02369790
16 0.08546771 0.01716740 0.05151241 0.03994241 0.01643080 0.01719190 0.03013670 0.52449807 0.01436630 0.01961870 0.01701730 0.01497440 0.00704460 0.01402640 0.01313840 0.06803311 0.02382830 0.00496436 0.00539410 0.01524660
17 0.06693406 0.01211029 0.01210669 0.01111849 0.01399129 0.01207429 0.01391819 0.01399949 0.00729424 0.22838385 0.15789790 0.01528899 0.04305747 0.03186198 0.01534819 0.03305248 0.04739277 0.00544170 0.01538079 0.24334684
18 0.06800598 0.11346897 0.04956889 0.02743949 0.00730889 0.12896897 0.17593695 0.03027159 0.02779749 0.03290109 0.01762740 0.11433497 0.00835004 0.02309879 0.02538519 0.08269418 0.03158359 0.00257213 0.01146720 0.02121819
19 0.07664719 0.05108749 0.04270559 0.14319798 0.00671984 0.06956779 0.24219497 0.03601029 0.01712540 0.02160920 0.02519870 0.08123359 0.01158800 0.01618460 0.02298930 0.05906359 0.03382270 0.00581060 0.01046840 0.02677480
20 0.03878922 0.00924354 0.00601955 0.00201365 0.01115011 0.00622767 0.00373034 0.00797069 0.00249247 0.20885312 0.32463919 0.00540290 0.07032504 0.04979073 0.00606175 0.01216311 0.02568622 0.00299036 0.01138421 0.19506612
21 0.09708977 0.05925438 0.06965457 0.03180219 0.02038119 0.10036696 0.06677238 0.03481999 0.02742699 0.02435869 0.01924449 0.04799958 0.01196470 0.01374620 0.03048299 0.18311093 0.11531096 0.00294676 0.01316820 0.03009809
22 0.04195963 0.01871611 0.01206941 0.00620407 0.01146861 0.01106401 0.01190431 0.01366481 0.00679226 0.14876310 0.35163724 0.01234151 0.07486325 0.06586725 0.01431571 0.01957521 0.02351272 0.00377638 0.02086031 0.13064409
23 0.05852137 0.12309694 0.06294597 0.03538908 0.00828575 0.10089095 0.09398845 0.02656809 0.02890979 0.03468588 0.06570027 0.15563293 0.01641159 0.03354998 0.01933499 0.04567678 0.03123509 0.00465803 0.01947669 0.03504138
24 0.08334018 0.01650780 0.05244759 0.04031619 0.01607300 0.01766970 0.02985319 0.53124986 0.01396590 0.01920589 0.01615100 0.01502280 0.00661029 0.01360650 0.01287900 0.06762298 0.02279309 0.00460320 0.00499968 0.01508220
25 0.06019308 0.00980052 0.01707770 0.00914262 0.01892419 0.01355250 0.01008800 0.01305350 0.00722943 0.23890293 0.13549396 0.01458300 0.04647599 0.02772609 0.01588700 0.03550229 0.07685848 0.00370541 0.01454440 0.23125894
26 0.32373398 0.01757490 0.01952800 0.01415210 0.04078710 0.01595520 0.02315560 0.11380399 0.02018010 0.02584650 0.01948560 0.01009310 0.00679925 0.00506818 0.02302780 0.19952799 0.07132670 0.00406752 0.00586300 0.04002340
27 0.03759942 0.01188561 0.00734905 0.00165541 0.01319001 0.00901591 0.00473451 0.00910354 0.00432268 0.16985011 0.33186122 0.00659532 0.08168205 0.08246635 0.00700376 0.01278061 0.02717102 0.00382599 0.02864932 0.14925810
28 0.07101296 0.02154162 0.02788152 0.29084425 0.00528169 0.04929684 0.32006127 0.01501031 0.00785416 0.00534324 0.00818549 0.07140766 0.00292664 0.00344586 0.01630531 0.03994973 0.01952962 0.00059843 0.00344546 0.02007792
29 0.04161588 0.00357011 0.00531837 0.00154492 0.01158109 0.00500527 0.00227752 0.00460941 0.00180191 0.31218785 0.16685992 0.00529606 0.04519608 0.02076159 0.00660535 0.01286139 0.03648598 0.00406966 0.01081579 0.30153586
30 0.06817020 0.07966790 0.04606860 0.09135671 0.00563334 0.09101191 0.21955601 0.03244690 0.02023330 0.02680490 0.01881370 0.12305001 0.00788303 0.01920380 0.01989640 0.06797520 0.02754420 0.00197927 0.01066130 0.02204330
31 0.08343873 0.01703721 0.05231932 0.03963001 0.01613890 0.01759261 0.02953381 0.53294116 0.01440370 0.01930401 0.01618370 0.01514630 0.00671895 0.01369230 0.01162620 0.06657152 0.02325881 0.00472688 0.00492097 0.01481490
32 0.03640671 0.00956784 0.00565034 0.00157363 0.01064410 0.00588064 0.00320308 0.00789923 0.00206643 0.19904403 0.35553206 0.00403773 0.07535761 0.05180521 0.00548363 0.01043660 0.02174010 0.00262698 0.01007500 0.18096903
33 0.03489420 0.00983970 0.00534854 0.00114349 0.01029050 0.00587671 0.00308813 0.00839593 0.00221938 0.19410200 0.37624000 0.00344415 0.07893580 0.05280300 0.00532022 0.00993558 0.01887490 0.00243056 0.00911520 0.16770200
34 0.07204345 0.11880209 0.03192332 0.02471342 0.01758691 0.06201505 0.04807084 0.03931123 0.03662143 0.01969801 0.03162162 0.05295454 0.02410912 0.00893821 0.15534511 0.14183610 0.06581355 0.00340156 0.01417931 0.03101512
35 0.00611147 0.00941141 0.00766950 0.00108225 0.00961750 0.01444510 0.00330942 0.00826513 0.02665551 0.01961181 0.10587503 0.00882111 0.02155291 0.40021012 0.00504491 0.00916671 0.01620780 0.02121781 0.27803908 0.02768541
36 0.04567670 0.21366602 0.04354120 0.02273080 0.01138520 0.05381941 0.03877740 0.02324760 0.09801651 0.01671040 0.02927770 0.14810301 0.01576950 0.02665840 0.02602560 0.06296171 0.03473360 0.01653150 0.05062441 0.02174330
37 0.12280999 0.02397770 0.05728100 0.02116230 0.02631960 0.03358900 0.02816990 0.04709550 0.01390310 0.01712610 0.01743950 0.01192490 0.01509490 0.00707196 0.01817740 0.26215998 0.22235298 0.00296007 0.00855895 0.04282520
38 0.02713330 0.02648710 0.03080980 0.01170420 0.01212420 0.01654620 0.01454520 0.01269960 0.05398091 0.03462890 0.07384981 0.02145620 0.02123850 0.21477602 0.01538020 0.03147080 0.02488090 0.02644310 0.29620503 0.03364000
39 0.04563472 0.10563205 0.05325002 0.02273391 0.00943487 0.03521012 0.02548931 0.02160861 0.14574506 0.01910751 0.02359221 0.06471433 0.01137410 0.04924422 0.03201241 0.08756064 0.02533841 0.02171261 0.18355108 0.01705381
40 0.02525509 0.01897919 0.01631369 0.00652188 0.01285849 0.02311029 0.01575849 0.01735999 0.02366599 0.05038638 0.13899493 0.02117929 0.03006139 0.28830986 0.00972970 0.02016469 0.02597379 0.01829409 0.17943991 0.05764287
41 0.06661983 0.11416605 0.05635723 0.04157622 0.00826740 0.12886606 0.13719706 0.02746751 0.03123881 0.03568032 0.02301841 0.15011407 0.00883128 0.02634181 0.01843921 0.05379382 0.02954851 0.00278256 0.01338601 0.02630781
42 0.07716044 0.02046671 0.04805802 0.03820792 0.01601621 0.01598461 0.03108552 0.46856024 0.01323101 0.01651061 0.01323261 0.01643301 0.00808028 0.03324022 0.00966553 0.11361806 0.03077312 0.00604874 0.00627284 0.01735431
43 0.02755262 0.03658762 0.03987862 0.01404291 0.00857720 0.01484311 0.01049061 0.01196851 0.10575006 0.01808731 0.04299433 0.02210641 0.01459971 0.16273210 0.01791341 0.03896952 0.02034871 0.03254132 0.34461421 0.01540171
44 0.03437729 0.01468180 0.00727910 0.00179218 0.00967797 0.00784889 0.00629090 0.01025750 0.00347334 0.14538896 0.42276389 0.00463424 0.09740828 0.06258388 0.00814757 0.01312280 0.01798220 0.00232006 0.01043920 0.11952997
45 0.02131270 0.01126420 0.00742678 0.00200772 0.01048050 0.01422670 0.00619654 0.00937456 0.01341630 0.07140249 0.24379298 0.00984240 0.04695470 0.26971098 0.00684408 0.01083070 0.01837230 0.01302080 0.14215799 0.07136459
46 0.04199180 0.01816990 0.01226070 0.00675932 0.01158150 0.01140920 0.01167680 0.01436890 0.00689494 0.14750900 0.34883999 0.01230970 0.07371030 0.06813000 0.01436850 0.01981430 0.02415860 0.00356076 0.02222080 0.13026500
47 0.06005746 0.04974707 0.06300446 0.02039319 0.01582809 0.12987692 0.06049196 0.02309749 0.02658778 0.06302656 0.09185484 0.04336677 0.11045293 0.03388928 0.02655168 0.05763476 0.05135607 0.00688223 0.01944339 0.04645707
48 0.03514867 0.00341615 0.00465668 0.00097010 0.01097859 0.00410845 0.00130740 0.00407786 0.00091791 0.31148078 0.19141186 0.00350838 0.04928536 0.02244628 0.00399628 0.00969426 0.03309078 0.00379873 0.01006969 0.29563579
49 0.18923605 0.02680031 0.03356261 0.03569721 0.03318241 0.01533460 0.03323851 0.12713903 0.01777830 0.01661840 0.01644540 0.01313310 0.01276520 0.00673549 0.01864310 0.22607906 0.13134403 0.00544341 0.00454025 0.03628351
50 0.07008080 0.02018280 0.02676820 0.30686898 0.00484251 0.05022150 0.32602898 0.01009940 0.00659607 0.00421407 0.00644684 0.07644500 0.00197287 0.00263417 0.01466010 0.03488810 0.01563990 0.00029246 0.00266566 0.01845160
51 0.04140858 0.00367921 0.00532157 0.00160764 0.01166739 0.00507804 0.00244351 0.00465829 0.00175327 0.31134383 0.16741091 0.00542885 0.04531907 0.02096469 0.00665955 0.01252289 0.03642788 0.00412493 0.01086609 0.30131383
52 0.05400010 0.06207100 0.04074820 0.02478780 0.01787770 0.03038590 0.03716250 0.02655020 0.07816150 0.04487790 0.14142000 0.05495240 0.03401720 0.08475080 0.03234980 0.05187470 0.03816490 0.01253940 0.09044680 0.04286120
53 0.05121941 0.01158150 0.01279870 0.00655274 0.01288260 0.01430440 0.01225260 0.01478390 0.00634908 0.25572404 0.17997303 0.01278010 0.04873801 0.03011710 0.01078440 0.02330520 0.03869021 0.00445824 0.01587670 0.23682803
54 0.12944493 0.03552788 0.17026791 0.09307575 0.01263449 0.06245557 0.05572917 0.04896478 0.02322509 0.02605879 0.03062428 0.04526458 0.01391299 0.01511749 0.01934189 0.09901145 0.06494987 0.00295921 0.02239209 0.02904179
55 0.35024114 0.01353951 0.01580691 0.01195940 0.03553671 0.01333941 0.01917451 0.19189207 0.01733171 0.02447951 0.02186751 0.00959952 0.00602140 0.00466198 0.01900711 0.16340106 0.04552332 0.00694372 0.00379379 0.02587971
56 0.03977614 0.00353413 0.00542732 0.00155394 0.01124341 0.00495443 0.00212618 0.00460421 0.00158964 0.31544733 0.16951518 0.00492666 0.04576065 0.02029862 0.00608926 0.01217391 0.03532544 0.00400741 0.01053781 0.30110832
57 0.29071121 0.02038761 0.02431412 0.01674071 0.03992193 0.01893491 0.02644882 0.10242207 0.02018541 0.02349392 0.01940771 0.01164171 0.00770558 0.00599579 0.02230832 0.21245715 0.08576956 0.00396367 0.00744986 0.03973993
58 0.04282769 0.02619119 0.02682779 0.00847813 0.02408599 0.01739129 0.01894789 0.01533419 0.02450429 0.07935877 0.09658117 0.02109359 0.08381817 0.11766396 0.01993489 0.04765978 0.08687647 0.02175149 0.13740495 0.08326827
59 0.03483941 0.01031900 0.00594939 0.00115975 0.01050550 0.00619517 0.00321373 0.00800394 0.00210656 0.20650903 0.34488206 0.00328614 0.08298071 0.04710511 0.00562871 0.01179520 0.02399730 0.00258047 0.00898178 0.17996103
60 0.02951542 0.33035521 0.04357773 0.01002011 0.00506497 0.04160603 0.04008413 0.01105911 0.03576132 0.01066631 0.02725522 0.28766718 0.00980923 0.01464081 0.00800095 0.03458332 0.03245032 0.00265794 0.01103871 0.01418601
61 0.04506470 0.01973220 0.01709200 0.00637750 0.02745110 0.01675080 0.01407690 0.01478530 0.01531350 0.09853730 0.14875500 0.01987870 0.07843050 0.13927200 0.01704720 0.03522830 0.08229770 0.01327710 0.08101820 0.10961400
62 0.05785774 0.15795610 0.05127313 0.02945732 0.00715002 0.10822807 0.12323708 0.02500532 0.03078622 0.03000572 0.02354091 0.19309912 0.00820031 0.02407021 0.01543381 0.04727003 0.02831142 0.00194516 0.01325801 0.02391431
63 0.05079582 0.01142710 0.01272190 0.00609210 0.01251540 0.01439370 0.01255420 0.01496020 0.00647478 0.25857709 0.17959706 0.01271420 0.04788482 0.02918371 0.01032070 0.02274191 0.03772971 0.00421659 0.01541591 0.23968308
64 0.06855190 0.05034840 0.16354100 0.10119600 0.01041480 0.05908480 0.05833880 0.07101370 0.02968850 0.02915600 0.03501630 0.05799750 0.01486420 0.02146340 0.02094770 0.08270310 0.06511820 0.00357247 0.02915120 0.02783200
65 0.06668795 0.03778177 0.09457243 0.14112189 0.01416709 0.02654798 0.04757286 0.10715992 0.03114688 0.02645448 0.05535376 0.03944147 0.01628139 0.01057449 0.02802908 0.09973373 0.10637892 0.00280325 0.00895639 0.03923427
66 0.07135778 0.02177430 0.02819849 0.28952394 0.00538474 0.04955389 0.31916493 0.01562150 0.00812353 0.00535009 0.00839999 0.07077038 0.00292356 0.00353578 0.01620200 0.04011609 0.01952180 0.00065174 0.00341119 0.02041430
67 0.06363793 0.03654692 0.07970334 0.17590109 0.00726330 0.06090823 0.19284310 0.04310182 0.02020051 0.01987521 0.02831221 0.06252943 0.00750929 0.03716252 0.02208861 0.05592383 0.03428232 0.00576409 0.01608661 0.03035962
68 0.31047786 0.01791179 0.01996229 0.01925529 0.04056648 0.01271319 0.02490439 0.14102794 0.01822459 0.02121849 0.01858399 0.01015440 0.00846215 0.00453627 0.01556259 0.19068091 0.08297146 0.00597033 0.00414831 0.03266728
69 0.09910061 0.03520810 0.05115691 0.03123580 0.02544590 0.03266900 0.03585280 0.03969760 0.01901250 0.05630121 0.04934130 0.02935050 0.02900000 0.02228800 0.02557100 0.15156902 0.16596302 0.00886580 0.01753670 0.07483421
70 0.03914520 0.01262160 0.01031010 0.00255067 0.01258240 0.01042610 0.00714027 0.00903890 0.00419877 0.22269700 0.24924600 0.00642057 0.09243810 0.03615470 0.01083270 0.02138330 0.04070790 0.00386041 0.01233930 0.19590600
71 0.04370188 0.25995291 0.04173338 0.01461259 0.01013410 0.09311967 0.06799878 0.01678059 0.04084339 0.01888869 0.02554619 0.18442993 0.01252260 0.01841379 0.02085059 0.05991068 0.03367639 0.00503296 0.01254910 0.01930179
72 0.05443731 0.08542431 0.09611551 0.13863202 0.00885419 0.03683120 0.05097581 0.03211640 0.06727831 0.01874980 0.03080370 0.05991941 0.01043810 0.02590580 0.03005750 0.05728161 0.03568250 0.02048030 0.11524401 0.02477220
73 0.06346153 0.11455506 0.04481452 0.06891584 0.00506888 0.08672005 0.20820611 0.03467962 0.02155291 0.02577491 0.02291811 0.11592706 0.01265071 0.02120531 0.02178401 0.05541383 0.03011882 0.01250441 0.01160201 0.02212631
74 0.09026144 0.04868502 0.04651452 0.10708605 0.01081840 0.06117813 0.20231309 0.04778882 0.01834661 0.02049911 0.02076761 0.06350833 0.01312861 0.01337261 0.02483731 0.11223405 0.05430762 0.00420715 0.01057100 0.02957451
75 0.02099618 0.01119909 0.00705232 0.00180907 0.01058679 0.01405389 0.00587936 0.00943672 0.01328479 0.07173335 0.24497482 0.01003509 0.04710757 0.27055481 0.00712912 0.01042799 0.01819069 0.01249559 0.14162890 0.07142385
76 0.26542011 0.02428661 0.02667211 0.02664401 0.03026791 0.02462231 0.03967572 0.09532014 0.02073581 0.04663692 0.04254492 0.02427531 0.01419501 0.01295801 0.02971161 0.13855306 0.05941722 0.00541209 0.01060630 0.06204483
77 0.03894028 0.00919718 0.00588901 0.00222524 0.01125719 0.00646843 0.00390856 0.00784327 0.00250216 0.20858287 0.32565380 0.00542564 0.07013776 0.04932847 0.00610364 0.01170959 0.02535838 0.00310857 0.01101709 0.19534288
78 0.06488533 0.02519941 0.10457705 0.29260313 0.00548294 0.07011573 0.18915508 0.02207361 0.01929561 0.01136421 0.01651481 0.06455063 0.00361197 0.00631863 0.01206181 0.03659842 0.02864821 0.00082682 0.00671459 0.01940201
79 0.27146901 0.01808500 0.01952070 0.01651710 0.02517620 0.01578510 0.02621300 0.06572130 0.02008010 0.05011600 0.02710960 0.01429880 0.01205480 0.00945641 0.04256580 0.17041801 0.07779170 0.00384614 0.00700721 0.10676800
80 0.28713500 0.02066370 0.01567730 0.01107120 0.10503500 0.01707210 0.01563950 0.08719960 0.01880110 0.02791470 0.02863760 0.01692540 0.01681200 0.01318200 0.01737810 0.16803200 0.08252480 0.00309179 0.01147060 0.03573650
81 0.06601389 0.03880710 0.08820319 0.24322398 0.00574794 0.07841679 0.19179598 0.02243090 0.01876310 0.01428930 0.01774820 0.09158029 0.00443657 0.00974942 0.01404650 0.03837860 0.02578000 0.00096329 0.00755727 0.02206770
82 0.04419222 0.00763487 0.00786691 0.00280974 0.01700551 0.00603025 0.00544160 0.00741002 0.00359835 0.23427811 0.23267811 0.00838858 0.06245783 0.03888732 0.01146261 0.01759811 0.05365663 0.00264521 0.01283191 0.22312610
83 0.00882055 0.01356840 0.01362330 0.00234965 0.01010110 0.01214390 0.00409525 0.00807555 0.04042680 0.02008770 0.08768460 0.00990686 0.02095450 0.33527702 0.00707549 0.01271460 0.01752700 0.02540340 0.32624702 0.02391730
84 0.06920230 0.08409710 0.05383540 0.04054430 0.01269660 0.14551600 0.08192480 0.02785300 0.08471440 0.03780360 0.02302230 0.08202920 0.01446630 0.03301210 0.03003440 0.07442950 0.03904460 0.00820738 0.02649590 0.03107080
85 0.07587413 0.05133982 0.04264532 0.14285306 0.00692821 0.06892323 0.24062610 0.03544241 0.01671091 0.02178921 0.02591541 0.08093773 0.01281291 0.01599811 0.02406411 0.05910252 0.03408421 0.00629029 0.01064800 0.02701431
86 0.05338590 0.01827560 0.01841010 0.01079180 0.02207290 0.01279350 0.02341030 0.01557150 0.00980382 0.13458800 0.20335700 0.01989710 0.07040310 0.04193350 0.03076480 0.04979270 0.10522900 0.00318069 0.01631570 0.14002300
87 0.03987668 0.00294333 0.00491616 0.00132314 0.01125649 0.00447741 0.00173954 0.00396187 0.00131230 0.32079384 0.16241792 0.00465809 0.04439758 0.01876739 0.00570403 0.01149399 0.03568488 0.00401213 0.01035139 0.30991185
88 0.04901623 0.24469214 0.04406693 0.02266221 0.00986933 0.05006383 0.05508013 0.02726362 0.03719772 0.02034661 0.03938992 0.18208011 0.01894541 0.02087901 0.02174391 0.05675233 0.04078142 0.01553291 0.01876771 0.02486851
89 0.14881491 0.02680638 0.03589388 0.01634179 0.02160879 0.03252378 0.03270088 0.05432637 0.02276909 0.10401394 0.06989156 0.02582758 0.03072278 0.01930749 0.03235958 0.13404692 0.07494045 0.00444622 0.01796579 0.09469184
90 0.06546628 0.02801669 0.10544296 0.27080491 0.00613941 0.07414977 0.17875194 0.02652459 0.02109649 0.01336740 0.01766189 0.06486308 0.00452898 0.00797497 0.01312210 0.04095099 0.03120699 0.00111913 0.00792135 0.02089009
91 0.04203796 0.00390249 0.00549149 0.00194662 0.01162059 0.00508838 0.00238572 0.00464290 0.00179584 0.31066868 0.16655083 0.00543734 0.04528285 0.02114878 0.00653221 0.01280919 0.03675346 0.00408549 0.01088249 0.30093669
92 0.03631470 0.00969018 0.00583766 0.00139016 0.01060660 0.00625551 0.00365230 0.00830951 0.00244740 0.20652000 0.34808600 0.00415421 0.07442630 0.04947230 0.00552846 0.01104720 0.02158950 0.00280761 0.01021740 0.18164700
93 0.05346706 0.18713987 0.05022776 0.04570727 0.00977658 0.05938586 0.08504704 0.02505758 0.03264618 0.02560648 0.03323848 0.19777586 0.01241639 0.02471608 0.02031499 0.04711977 0.03785667 0.00411111 0.01841119 0.02997778
94 0.03431042 0.00340696 0.00460207 0.00085485 0.01046011 0.00409920 0.00129247 0.00408036 0.00081278 0.31576517 0.19062311 0.00314880 0.04947363 0.02131081 0.00376402 0.00955005 0.03194642 0.00389787 0.00993674 0.29666416
95 0.06977047 0.04700418 0.19699793 0.10665396 0.00652350 0.10695196 0.07333757 0.03361369 0.02422769 0.02666849 0.02811179 0.06416158 0.01444279 0.01858419 0.01317640 0.07616507 0.05817338 0.00148336 0.01660229 0.01734969
96 0.05489882 0.17487307 0.04770452 0.03372691 0.01857181 0.04708702 0.05212202 0.02706441 0.03039791 0.03010971 0.03519301 0.19297907 0.01675941 0.02307321 0.02392071 0.05587182 0.07967943 0.00401102 0.01274950 0.03920661
97 0.03365999 0.00351689 0.00456237 0.00085635 0.01036160 0.00408341 0.00129298 0.00408593 0.00085088 0.31583187 0.19226592 0.00302981 0.04979098 0.02120559 0.00364284 0.00947593 0.03139329 0.00392212 0.00986139 0.29630988
98 0.03612301 0.00942909 0.00598996 0.00166757 0.01068590 0.00604092 0.00375748 0.00843609 0.00240887 0.20661005 0.34659609 0.00408338 0.07427862 0.04936961 0.00607844 0.01133920 0.02250111 0.00271555 0.01018400 0.18170505
99 0.05973863 0.08128704 0.16782608 0.08633144 0.00811064 0.06825723 0.06404013 0.04337612 0.03271952 0.02224031 0.02763201 0.11075705 0.01145411 0.01832841 0.01951091 0.08862534 0.04942492 0.00181230 0.01934811 0.01917971
100 0.06594111 0.07653042 0.04099011 0.11510902 0.00304953 0.09466782 0.26162905 0.02608101 0.01422340 0.02606931 0.01532660 0.13401503 0.00553092 0.01943520 0.01228900 0.04274061 0.01848870 0.00107854 0.00918500 0.01761960
101 0.07562033 0.05033172 0.04299832 0.14425607 0.00688613 0.06906053 0.24179811 0.03772522 0.01693851 0.02118441 0.02474601 0.08087944 0.01152361 0.01665421 0.02343721 0.05940653 0.03345692 0.00628581 0.01066520 0.02614571
102 0.05361429 0.18454198 0.04483459 0.01856650 0.01224900 0.06099549 0.04533829 0.02439050 0.08007729 0.02092970 0.02546800 0.19474598 0.01163910 0.01601410 0.03387840 0.08384519 0.03597300 0.00379242 0.02304590 0.02606030
103 0.04201001 0.01875540 0.01210890 0.00620092 0.01134600 0.01115540 0.01144930 0.01411260 0.00656495 0.14794003 0.35207707 0.01250140 0.07465392 0.06649291 0.01502690 0.01942020 0.02346980 0.00379342 0.02051680 0.13040403
104 0.34293002 0.01416380 0.01407520 0.01283010 0.04057220 0.01004830 0.01935550 0.16936801 0.01708570 0.02115610 0.01815370 0.00618830 0.00538547 0.00417427 0.01598540 0.19726601 0.05646790 0.00569691 0.00337399 0.02572310
105 0.11291700 0.04313820 0.04101570 0.06865560 0.00713870 0.05805640 0.20756600 0.03173800 0.01795310 0.02882350 0.09543290 0.06170390 0.02317500 0.01944020 0.03705870 0.05443850 0.04045530 0.00346178 0.01137280 0.03645870
106 0.06671308 0.07087228 0.04134469 0.13075496 0.00385658 0.08850767 0.25999592 0.02581469 0.01509760 0.02421579 0.01656620 0.12245496 0.00609957 0.01825839 0.01438590 0.04417039 0.02041829 0.00162358 0.00933546 0.01951399
107 0.07243389 0.05987209 0.03591389 0.01948420 0.01552990 0.06528059 0.07521648 0.02639969 0.02319250 0.12120898 0.07259849 0.09988758 0.02261880 0.03776959 0.02458410 0.04468519 0.05058149 0.00466460 0.01895400 0.10912398
108 0.04568639 0.09726417 0.01309670 0.00986418 0.00873818 0.01815159 0.04254539 0.05028168 0.02971529 0.03170459 0.03736349 0.01920599 0.04910419 0.06805358 0.00925944 0.03991059 0.06028818 0.25391892 0.07102248 0.04482499
109 0.04195160 0.00368044 0.00529625 0.00153446 0.01161720 0.00514114 0.00216959 0.00450134 0.00171619 0.31137200 0.16792900 0.00525461 0.04547310 0.02095600 0.00686353 0.01253550 0.03636900 0.00402626 0.01088480 0.30072800
110 0.04880130 0.03056070 0.02105950 0.00878524 0.01566160 0.01914220 0.02355920 0.02038890 0.01133920 0.12942901 0.21674301 0.01849370 0.11246501 0.04739270 0.02126600 0.04417580 0.05459140 0.01317170 0.02439780 0.11857601
111 0.05985495 0.14942387 0.03777467 0.02153498 0.01534249 0.03826257 0.04512896 0.03455867 0.02907187 0.03416767 0.11645090 0.08666772 0.04549866 0.02306498 0.04071836 0.10964390 0.05237095 0.00557998 0.01859068 0.03629317
112 0.03220439 0.06092479 0.01629730 0.00523144 0.01138980 0.02175229 0.02030900 0.01251040 0.01759760 0.08196398 0.28182393 0.03893769 0.05944409 0.13380397 0.01116400 0.02131099 0.01986280 0.00958190 0.07261728 0.07127238
113 0.12347009 0.02381872 0.05784674 0.02104511 0.02677002 0.03339682 0.02802722 0.04748363 0.01380581 0.01711111 0.01753531 0.01142381 0.01490851 0.00704136 0.01802011 0.26264418 0.22174915 0.00302385 0.00919651 0.04168193
114 0.07560717 0.07223097 0.06589078 0.05440048 0.01232780 0.12522696 0.10853196 0.03675439 0.03071729 0.04239379 0.03683119 0.08239477 0.01725349 0.03422069 0.02375759 0.07477437 0.04749418 0.00525365 0.01948429 0.03445419
115 0.06623726 0.01200079 0.01180409 0.01097819 0.01394579 0.01193299 0.01406729 0.01394989 0.00697924 0.23101486 0.15669790 0.01495419 0.04327427 0.03107298 0.01625629 0.03292908 0.04657307 0.00533598 0.01469299 0.24530285
116 0.24526502 0.02738530 0.01635500 0.01399280 0.06445711 0.02503770 0.02058090 0.06968101 0.02402940 0.04135010 0.03716880 0.02750770 0.01460660 0.01469620 0.08154131 0.13183601 0.07197451 0.00272602 0.01024560 0.05956290
117 0.07423384 0.07150424 0.06682504 0.05625103 0.01221171 0.12780308 0.10856606 0.03770702 0.03062522 0.04249843 0.03332222 0.08295625 0.01632211 0.03233602 0.02300251 0.07445444 0.05017243 0.00573241 0.01952201 0.03395392
118 0.04967412 0.11798604 0.00768007 0.00650352 0.00776880 0.00829182 0.05363032 0.09582803 0.01391620 0.01739901 0.01902371 0.01478671 0.07674533 0.01633901 0.00629515 0.04316291 0.08246093 0.32076911 0.01568611 0.02605311
119 0.04259949 0.01827780 0.01239960 0.00636817 0.01140610 0.01112790 0.01164870 0.01391670 0.00689439 0.14818796 0.34861691 0.01223900 0.07349758 0.06751898 0.01445090 0.02022549 0.02368819 0.00387809 0.02230009 0.13075797
120 0.26530279 0.02411988 0.02692708 0.02690568 0.03051158 0.02494888 0.03958197 0.09433033 0.02042478 0.04674526 0.04277907 0.02426898 0.01435739 0.01283589 0.03018418 0.13804089 0.05957305 0.00479799 0.01062619 0.06273815
121 0.26715987 0.02371519 0.02630669 0.02643259 0.03061709 0.02477049 0.03895668 0.09448225 0.02113869 0.04658088 0.04218728 0.02358069 0.01391709 0.01287239 0.03038459 0.13959893 0.05912487 0.00551638 0.01030150 0.06235587
122 0.08121449 0.01711950 0.05207269 0.04070839 0.01611610 0.01737400 0.02989549 0.53183090 0.01451400 0.01926050 0.01583040 0.01534800 0.00651248 0.01378430 0.01278440 0.06712429 0.02324790 0.00487267 0.00514643 0.01524310
123 0.05522565 0.00458432 0.00807559 0.00348971 0.01813551 0.00592492 0.00351416 0.00619337 0.00324499 0.27127322 0.14831312 0.01021841 0.04427674 0.02820082 0.01148531 0.02072892 0.06147175 0.00317684 0.01341841 0.27904823
124 0.05470128 0.02203083 0.02042803 0.00678183 0.01607942 0.01834893 0.01754103 0.01881803 0.00957238 0.16774725 0.16340325 0.01434342 0.11535617 0.02598394 0.02696724 0.06935520 0.07187801 0.00442431 0.01415422 0.14208521
125 0.03931620 0.00543877 0.00572257 0.00211604 0.01206350 0.00528097 0.00277490 0.00551511 0.00171733 0.27386799 0.22235299 0.00559612 0.05428790 0.03142830 0.00589065 0.01142500 0.03413310 0.00353297 0.01096760 0.26657199
126 0.05287456 0.03429698 0.02764328 0.01133729 0.02061009 0.02050909 0.03119508 0.02404358 0.01150239 0.08768164 0.10474093 0.01932469 0.15718389 0.02238388 0.03691817 0.08439444 0.13280691 0.01636399 0.01469569 0.08949344
127 0.12389798 0.08667209 0.04101139 0.04025789 0.02126680 0.03062150 0.05694619 0.15219698 0.02404520 0.01727010 0.02088860 0.04224739 0.01593740 0.01119100 0.03187350 0.16807198 0.06812729 0.01169570 0.00896353 0.02681750
128 0.05198540 0.16737101 0.12532401 0.07358700 0.00772644 0.05807170 0.05864310 0.03955720 0.03481730 0.01895870 0.02970000 0.14058201 0.01148230 0.01932320 0.01723240 0.05988870 0.04404370 0.00313721 0.02033100 0.01823760
129 0.03656712 0.00948803 0.00570703 0.00144382 0.01061021 0.00609409 0.00356187 0.00836031 0.00243955 0.20654514 0.34795524 0.00421282 0.07437295 0.04926053 0.00577901 0.01110751 0.02195711 0.00269772 0.00992280 0.18191712
130 0.03519670 0.00345805 0.00466708 0.00094048 0.01087580 0.00412821 0.00136846 0.00411062 0.00087527 0.31139103 0.19137102 0.00347095 0.04948990 0.02234840 0.00398089 0.00980478 0.03304560 0.00381661 0.01014310 0.29551703
131 0.04717496 0.24723277 0.04357516 0.02174688 0.00989294 0.04882435 0.05250505 0.02665487 0.03721876 0.01977398 0.03924276 0.18246483 0.01957388 0.02143558 0.02212948 0.05839134 0.04156976 0.01651338 0.01940668 0.02467258
132 0.04157110 0.01766900 0.01200430 0.00656245 0.01157480 0.01094690 0.01199800 0.01403500 0.00695132 0.14688599 0.35326597 0.01212800 0.07431059 0.06768609 0.01466930 0.01893460 0.02367840 0.00367661 0.02196860 0.12948299
133 0.07095887 0.02143139 0.03209299 0.29425886 0.00549139 0.04976348 0.31103786 0.01512209 0.00861101 0.00552642 0.00866864 0.07017157 0.00281628 0.00340198 0.01600429 0.03969568 0.02019829 0.00064619 0.00357835 0.02052439
134 0.27419001 0.01489740 0.01463930 0.01459240 0.02104520 0.01486140 0.02298290 0.05288010 0.01911810 0.07873880 0.04516290 0.01757230 0.01727400 0.01519880 0.04815470 0.11423401 0.05865530 0.00408580 0.00801955 0.14369701
135 0.09132008 0.01545240 0.01390330 0.00834913 0.01605020 0.01254520 0.01607390 0.02826929 0.00742477 0.13204497 0.30832593 0.01208360 0.06417079 0.04793719 0.01874870 0.03793069 0.03092139 0.00319622 0.01128230 0.12396997
136 0.04143678 0.03368838 0.05943176 0.02569258 0.00829380 0.01348089 0.01578089 0.01244409 0.08662065 0.01858489 0.03845238 0.01999289 0.01443399 0.12461693 0.02108559 0.04647147 0.02170739 0.05895106 0.31984681 0.01898679
137 0.04119253 0.01777541 0.01198471 0.00608785 0.01145741 0.01073021 0.01147541 0.01368791 0.00665022 0.14861611 0.35793027 0.01159801 0.07509196 0.06594055 0.01350511 0.01887531 0.02300692 0.00370908 0.02044292 0.13024210
138 0.02502542 0.01858681 0.01560691 0.00632439 0.01285781 0.02234551 0.01499961 0.01611411 0.02393302 0.04979293 0.14015709 0.02027151 0.03002122 0.29259719 0.00938386 0.01986861 0.02537802 0.01848691 0.18095812 0.05729094
139 0.17957493 0.02161799 0.03621759 0.03311839 0.02617349 0.01399659 0.03089699 0.32991787 0.01615799 0.01831539 0.01513269 0.01291699 0.00785305 0.00933289 0.01656519 0.15070994 0.04980808 0.00527125 0.00408201 0.02234069
140 0.02959948 0.01188169 0.00578911 0.00131175 0.00976057 0.00910036 0.00468639 0.00974763 0.00566074 0.11451190 0.39449167 0.00559074 0.07650014 0.13889888 0.00638050 0.00942890 0.01334929 0.00520810 0.05036266 0.09773952
141 0.16181891 0.02032419 0.02461569 0.01036959 0.09067055 0.01888039 0.01877979 0.04344087 0.01590479 0.07867215 0.09868784 0.01974609 0.08176465 0.02702588 0.01959969 0.08171015 0.07781355 0.00516528 0.01786359 0.08714635
142 0.04209341 0.00377499 0.00561898 0.00185733 0.01177610 0.00520009 0.00245050 0.00454701 0.00172416 0.31055104 0.16716402 0.00548045 0.04532861 0.02109340 0.00662597 0.01276990 0.03675680 0.00402540 0.01076680 0.30039504
143 0.08314114 0.01700481 0.05178772 0.03970912 0.01639901 0.01715191 0.02908871 0.53130523 0.01403691 0.01939571 0.01618531 0.01528831 0.00698194 0.01383141 0.01204121 0.06699293 0.02381531 0.00542997 0.00544765 0.01496571
144 0.10338698 0.02352860 0.03449909 0.22626997 0.01026350 0.04120889 0.24986596 0.03718669 0.01144150 0.00689865 0.01182610 0.05274059 0.00510477 0.00445235 0.01608890 0.09041809 0.03693049 0.00207507 0.00505431 0.03075950
145 0.24956206 0.01400200 0.02638001 0.02132450 0.04510641 0.00948852 0.02014960 0.29280307 0.01467890 0.01759170 0.01552690 0.00712805 0.00535747 0.00652761 0.01094920 0.16973104 0.04948731 0.00355299 0.00272713 0.01792550
146 0.03609410 0.00291587 0.00484324 0.00105166 0.01048390 0.00460547 0.00170993 0.00399407 0.00107778 0.32710998 0.16639799 0.00364115 0.04530710 0.01790130 0.00456309 0.01042150 0.03351120 0.00412129 0.01018740 0.31006198
147 0.28978909 0.02028531 0.02489081 0.01692851 0.03947991 0.01912221 0.02661361 0.10258603 0.01986681 0.02364361 0.01956471 0.01118890 0.00785198 0.00605224 0.02231551 0.21167307 0.08621793 0.00422700 0.00733487 0.04036791
148 0.08604733 0.05486752 0.05445962 0.03141971 0.00883004 0.07253312 0.13795504 0.17707606 0.01970471 0.05271772 0.02698581 0.07532712 0.01361700 0.02172251 0.01617341 0.06780332 0.03783501 0.00666954 0.01182780 0.02642761
149 0.03569042 0.00954375 0.00587262 0.00158496 0.01049471 0.00621042 0.00338746 0.00845296 0.00237731 0.20732311 0.34858919 0.00405915 0.07466004 0.04888503 0.00560558 0.01125121 0.02160981 0.00267846 0.00968570 0.18203810
150 0.03456266 0.01041779 0.00618551 0.00113306 0.01042049 0.00617761 0.00327156 0.00829909 0.00214500 0.20161579 0.35269564 0.00323070 0.08427741 0.04834465 0.00574288 0.01165479 0.02345208 0.00250407 0.00902039 0.17484882
151 0.05971367 0.02810889 0.02401089 0.01383599 0.00902044 0.01128220 0.03764848 0.04089858 0.01351469 0.03467079 0.13054794 0.02376399 0.02849559 0.02043539 0.37993484 0.05256358 0.03524288 0.00205009 0.01322299 0.04103808
152 0.04764043 0.24530113 0.04335662 0.02263131 0.00998646 0.04803203 0.05435453 0.02716481 0.03694532 0.02044011 0.03964572 0.18223210 0.01903911 0.02108711 0.02254831 0.05745753 0.04090532 0.01691371 0.01928061 0.02503771
153 0.08431488 0.03589769 0.02756839 0.02198969 0.01015800 0.02045399 0.03506229 0.04756739 0.01882690 0.02744739 0.05769248 0.02914209 0.01536220 0.01331770 0.38493590 0.07295658 0.03743699 0.00239746 0.01412930 0.04334269
154 0.03894468 0.01307519 0.01171609 0.00345399 0.01509179 0.01630909 0.01158319 0.01093949 0.01120749 0.13676292 0.21510587 0.01676439 0.04764107 0.16502490 0.01024639 0.01637819 0.03285638 0.00929882 0.08590515 0.13169492
155 0.32519907 0.01719170 0.01969380 0.01424710 0.04040921 0.01556460 0.02273161 0.11368803 0.01998540 0.02601371 0.01974800 0.01010990 0.00629907 0.00527756 0.02373931 0.19849005 0.07123342 0.00419536 0.00592958 0.04025351
156 0.06967752 0.04874992 0.16541805 0.10139003 0.00966264 0.06030402 0.06003452 0.06860922 0.02866071 0.02963141 0.03516131 0.05722712 0.01547720 0.02066421 0.02092971 0.08338003 0.06699042 0.00312485 0.02744541 0.02746171
157 0.04174471 0.01321620 0.00828982 0.00345794 0.01025330 0.00774803 0.00745395 0.01888430 0.00305177 0.15737303 0.36827808 0.00549464 0.09231212 0.05358521 0.00764937 0.01902760 0.02718501 0.00320655 0.00935431 0.14243403
158 0.00774275 0.00976186 0.00749795 0.00113269 0.00956235 0.01382120 0.00356072 0.00828450 0.02497269 0.02470949 0.12233796 0.00957312 0.02355769 0.38152489 0.00571218 0.00896378 0.01697169 0.02141439 0.26562292 0.03327519
159 0.03496030 0.00255814 0.00462955 0.00096265 0.01035270 0.00402057 0.00125446 0.00350803 0.00081222 0.33353101 0.16138800 0.00324912 0.04452750 0.01626650 0.00402760 0.00987706 0.03314560 0.00418608 0.01006090 0.31668201
160 0.05930053 0.13705006 0.10930405 0.05741233 0.00644524 0.10576705 0.10212905 0.03025121 0.03013061 0.02645411 0.02604651 0.13117006 0.01014210 0.02318981 0.01600441 0.05904253 0.03486732 0.00197921 0.01535881 0.01795501
161 0.03932052 0.01652281 0.01782791 0.00904999 0.01415671 0.01420731 0.01157481 0.01029081 0.02685951 0.10932006 0.11494806 0.01834971 0.02999762 0.17409909 0.01361081 0.02506271 0.03501902 0.01782241 0.17427109 0.12768907
162 0.04628570 0.03460640 0.09945780 0.03494840 0.00940796 0.02474230 0.03093590 0.01667740 0.07361360 0.02880690 0.03662480 0.02770190 0.01384470 0.09885980 0.02366030 0.06098520 0.03056200 0.02196610 0.26850901 0.01780380
163 0.35008075 0.01335039 0.01548619 0.01220019 0.03578147 0.01316499 0.01904199 0.19139186 0.01756149 0.02454448 0.02175598 0.00956462 0.00633668 0.00483172 0.01899509 0.16343688 0.04563377 0.00687597 0.00394792 0.02601758
164 0.04175277 0.00362453 0.00551297 0.00171185 0.01169449 0.00516341 0.00240336 0.00456292 0.00176952 0.31062078 0.16777288 0.00546528 0.04559507 0.02111619 0.00646712 0.01283269 0.03663177 0.00403895 0.01077469 0.30048879
165 0.08311557 0.03177473 0.20089417 0.23601520 0.00524671 0.06091025 0.07195416 0.03977793 0.02429162 0.01479061 0.02880692 0.05236754 0.00564214 0.01013181 0.00892146 0.04996584 0.04073683 0.00157626 0.01435191 0.01872832
166 0.06088478 0.01012180 0.01638219 0.00877945 0.01918809 0.01335610 0.01044880 0.01316460 0.00723358 0.23913392 0.13588096 0.01449790 0.04565989 0.02824329 0.01549360 0.03476599 0.07560988 0.00392169 0.01465960 0.23257393
167 0.06855039 0.07965539 0.04759709 0.08828579 0.00597950 0.09033569 0.21323197 0.03301390 0.02172640 0.02706420 0.01877140 0.12217298 0.00833046 0.01915120 0.02024660 0.07116669 0.02854220 0.00210519 0.01148060 0.02259240
168 0.04834698 0.23910989 0.04047008 0.01691819 0.00917149 0.05786317 0.05775437 0.01640769 0.03839258 0.02294009 0.03354118 0.21035690 0.01255989 0.02009649 0.02030989 0.04920348 0.03510788 0.00705618 0.01426799 0.05012558
169 0.07541386 0.07180996 0.06550867 0.05524997 0.01265799 0.12756593 0.10833894 0.03438998 0.03117678 0.04265368 0.03621138 0.08250956 0.01668899 0.03402828 0.02385959 0.07481486 0.04856547 0.00521362 0.01951099 0.03383148
170 0.03463600 0.01473950 0.00743466 0.00185713 0.00990351 0.00801671 0.00643328 0.01046320 0.00336032 0.14321398 0.42294994 0.00475846 0.09770519 0.06310529 0.00805748 0.01358380 0.01834990 0.00228209 0.01128960 0.11785998
171 0.04700030 0.24546999 0.04421500 0.02280620 0.00989693 0.04924890 0.05377280 0.02656170 0.03801860 0.02030280 0.03986120 0.18286799 0.01847870 0.02106510 0.02193490 0.05729930 0.04158410 0.01512010 0.01989880 0.02459660
172 0.03745213 0.00669082 0.00585714 0.00123269 0.01109941 0.00501472 0.00238082 0.00613283 0.00141346 0.24901722 0.27127224 0.00350429 0.06699046 0.03716493 0.00479577 0.01114981 0.03041483 0.00301649 0.01013271 0.23526721
173 0.06915643 0.02961481 0.08868594 0.25124110 0.00830397 0.04968982 0.17520807 0.05051312 0.02153741 0.01400351 0.01955381 0.05937512 0.00562901 0.00812564 0.01790441 0.05275942 0.03868102 0.00248017 0.01108140 0.02645581
174 0.07770810 0.05069120 0.04291010 0.14355701 0.00686713 0.06878020 0.24045901 0.03671030 0.01686880 0.02156030 0.02568620 0.07911180 0.01199890 0.01633570 0.02329730 0.05997990 0.03413910 0.00586362 0.01063490 0.02684040
175 0.06971462 0.02375471 0.02836101 0.29166107 0.00491412 0.05266421 0.31945407 0.01243820 0.00765506 0.00575494 0.00736736 0.07914112 0.00247505 0.00373921 0.01513400 0.03639161 0.01675200 0.00042679 0.00337454 0.01882630
176 0.06053698 0.03573549 0.04810189 0.20641294 0.01040440 0.03903379 0.17052195 0.03499279 0.02367689 0.01572270 0.02635209 0.05295218 0.00838759 0.00839114 0.10069497 0.06480338 0.04910308 0.00263278 0.01354450 0.02799849
177 0.06647457 0.01204519 0.01201419 0.01144269 0.01394939 0.01164139 0.01367859 0.01317249 0.00684805 0.22928689 0.16032092 0.01538149 0.04376198 0.03257438 0.01482589 0.03254528 0.04606028 0.00520743 0.01513999 0.24362888
178 0.31642384 0.01826929 0.01477879 0.01065399 0.08024426 0.01487609 0.01626999 0.10208095 0.01784559 0.01841489 0.02115349 0.00947126 0.00827589 0.00566398 0.01421009 0.21270389 0.08426676 0.00262596 0.00630792 0.02546309
179 0.06754107 0.05855787 0.04776018 0.04543878 0.00640831 0.11700795 0.21461691 0.03014479 0.02324569 0.03476119 0.03894758 0.07148897 0.06393647 0.02013649 0.02573849 0.05104418 0.03981458 0.00489762 0.01089140 0.02762149
