1 0.04237333 0.00556751 0.00927807 0.00300178 0.00794408 0.00696327 0.00671199 0.00475978 0.00217868 0.17238913 0.33716225 0.01291731 0.07573586 0.04010953 0.00689390 0.01688741 0.03016162 0.00220744 0.01364191 0.20311515
2 0.10993303 0.04304321 0.03007941 0.03991731 0.02437371 0.03063451 0.02409471 0.03274461 0.11278103 0.02428691 0.03680131 0.02815791 0.01809810 0.01434990 0.23751406 0.08441982 0.05221491 0.00381935 0.02721791 0.02551831
3 0.04843741 0.01873190 0.05010291 0.12874302 0.01754090 0.01584540 0.03531611 0.29119705 0.01595620 0.00857999 0.01350210 0.02181990 0.00537577 0.01158830 0.01416130 0.20929004 0.06485451 0.00828797 0.00629900 0.01437020
4 0.06719089 0.01738470 0.01803290 0.01362030 0.01118070 0.01095320 0.01739400 0.00999207 0.00677231 0.20866297 0.12221198 0.02363870 0.04002089 0.02407780 0.01165450 0.02939510 0.04296719 0.00554486 0.01583500 0.30346996
5 0.04675189 0.14083698 0.05118349 0.03307489 0.00820669 0.05926469 0.07552409 0.02319790 0.01855050 0.02312370 0.03005760 0.30141695 0.01663600 0.02398320 0.01229810 0.04550019 0.03658789 0.00427247 0.01430390 0.03522889
6 0.04506521 0.02430140 0.02506190 0.03077330 0.01510640 0.03053610 0.01567040 0.37122705 0.01552470 0.13965202 0.04668841 0.02069620 0.01632460 0.01766530 0.01212590 0.03854311 0.05422101 0.00410007 0.01012650 0.06659041
7 0.12187105 0.00964711 0.02908241 0.02899931 0.01916361 0.01406441 0.01847801 0.23391310 0.00960241 0.00690862 0.02304021 0.01559161 0.00817474 0.02691281 0.01682791 0.32203314 0.06073013 0.01562641 0.00444479 0.01488821
8 0.03881142 0.01220961 0.01265851 0.00550142 0.01235111 0.01881221 0.01059881 0.01057201 0.00766810 0.30733715 0.15204208 0.01389401 0.04510102 0.03091772 0.01054631 0.02096841 0.03461152 0.00395668 0.01457681 0.23686512
9 0.05742949 0.05396969 0.04820969 0.01604330 0.01370460 0.06196669 0.05557069 0.01529310 0.02778380 0.14351898 0.06143829 0.17870198 0.02018820 0.01977820 0.01288690 0.04818549 0.06891339 0.00313013 0.01876360 0.07452379
10 0.02650909 0.02043169 0.01787429 0.00825297 0.00572309 0.00987122 0.01066360 0.00761892 0.07090007 0.02621649 0.04946298 0.01647789 0.01618369 0.14786094 0.00636752 0.02131059 0.01389469 0.01502069 0.47727580 0.03208379
11 0.04343000 0.06631031 0.05860020 0.02072040 0.00863012 0.02858810 0.02896260 0.02564240 0.04307450 0.03202390 0.04769130 0.19744402 0.01412310 0.06003820 0.01009170 0.03708530 0.02899410 0.01501080 0.19812802 0.03541090
12 0.03014011 0.01425980 0.01482330 0.00725482 0.00658818 0.01070970 0.00919630 0.01376710 0.01429070 0.05762281 0.11968503 0.02092041 0.02612101 0.41572110 0.00821265 0.02676031 0.02099281 0.01504200 0.12868503 0.03920681
13 0.04197009 0.02022669 0.15387995 0.34686688 0.01984069 0.04073859 0.19680293 0.00871091 0.02614819 0.00254906 0.00731964 0.02087549 0.00397400 0.00744569 0.00723168 0.03888859 0.01466239 0.00135790 0.00354457 0.03696609
14 0.08799484 0.01650441 0.04966192 0.37359416 0.00878729 0.03866922 0.26081011 0.01607561 0.01177460 0.00233924 0.01174470 0.02207811 0.00369827 0.00280570 0.01442641 0.03922272 0.01643331 0.00068712 0.00447426 0.01821801
15 0.03945151 0.34743808 0.03815661 0.02124360 0.00810984 0.06059301 0.04243761 0.01714480 0.03350191 0.02365401 0.03224741 0.13169603 0.02082280 0.01762860 0.01870260 0.04476751 0.04479241 0.00695293 0.01816810 0.03249061
16 0.07640859 0.01225080 0.02824690 0.03860569 0.00947594 0.01430830 0.01240480 0.63299789 0.00885835 0.01494590 0.01321820 0.01466820 0.00768866 0.00913341 0.00776486 0.05618099 0.02405080 0.00450774 0.00425471 0.01002930
17 0.06782183 0.01758591 0.01787201 0.01332991 0.01148061 0.01114281 0.01807801 0.01051701 0.00697030 0.20618010 0.12073006 0.02399911 0.03972062 0.02433821 0.01121191 0.02933491 0.04423282 0.00573461 0.01607211 0.30364715
18 0.03057659 0.44581788 0.02433779 0.00972676 0.00394203 0.13599696 0.04129059 0.01359640 0.05625748 0.02433829 0.01147350 0.09158097 0.00619785 0.00854114 0.00889448 0.02400769 0.02604119 0.00278142 0.01395320 0.02064779
19 0.06240063 0.03799392 0.03663962 0.10867005 0.00615940 0.05755222 0.39055516 0.01823641 0.01713971 0.01563461 0.02993101 0.06096593 0.00719450 0.00934034 0.01938881 0.04653462 0.03831132 0.00252517 0.00944477 0.02538181
20 0.04262784 0.00525735 0.00913702 0.00311518 0.00807063 0.00686955 0.00653644 0.00419235 0.00220414 0.17593118 0.33325833 0.01287461 0.07540528 0.03963574 0.00676322 0.01710002 0.02956743 0.00233708 0.01399941 0.20511721
21 0.13833493 0.02476169 0.03370798 0.02632119 0.02954459 0.02116729 0.03324198 0.06362827 0.02202969 0.01956669 0.03212538 0.02543569 0.01157599 0.02050349 0.02436929 0.32269284 0.09912765 0.01080189 0.01122819 0.02983529
22 0.03673033 0.01356081 0.01070671 0.00681313 0.01000551 0.01171821 0.01531481 0.00928717 0.00559221 0.12141710 0.41562835 0.01360511 0.08776027 0.05800495 0.01038601 0.02471162 0.02765402 0.00486037 0.01931132 0.09693198
23 0.04663267 0.14089190 0.05061176 0.03250858 0.00775339 0.05981376 0.07684714 0.02260908 0.01843749 0.02372748 0.03102478 0.30017578 0.01658409 0.02405628 0.01195709 0.04512507 0.03716607 0.00377663 0.01358219 0.03671877
24 0.07712510 0.01183400 0.02797470 0.03855370 0.00952431 0.01433480 0.01231820 0.63322502 0.00847751 0.01475880 0.01300550 0.01448120 0.00743251 0.00824241 0.00755372 0.05810520 0.02443420 0.00429994 0.00411217 0.01020700
25 0.03910772 0.01383761 0.01279991 0.00535761 0.01231981 0.01923791 0.01074731 0.01080801 0.00841041 0.30566715 0.15114008 0.01431231 0.04433362 0.03179842 0.01055731 0.02168551 0.03484082 0.00386878 0.01492561 0.23424412
26 0.34664284 0.01730809 0.02011319 0.02701419 0.02816219 0.02411629 0.03822178 0.07764547 0.01874659 0.03125229 0.03794238 0.02213749 0.01514439 0.01549449 0.02595559 0.12397994 0.05309868 0.00528056 0.00945899 0.06228457
27 0.03806947 0.00934267 0.00558984 0.00111708 0.00702359 0.00675213 0.00371696 0.00152053 0.00165641 0.16549488 0.40761670 0.00420034 0.13001390 0.04016137 0.00445466 0.01460349 0.02211278 0.00094168 0.00937662 0.12623491
28 0.08939134 0.01860459 0.04417507 0.34522977 0.00752885 0.03720888 0.28680681 0.01602579 0.01029989 0.00269083 0.01379119 0.02417798 0.00333096 0.00299584 0.01536839 0.04061537 0.01833659 0.00067155 0.00509393 0.01765639
29 0.03156940 0.00451455 0.00508493 0.00141475 0.01070620 0.00502913 0.00204819 0.00259554 0.00126918 0.37559900 0.11636700 0.00609449 0.03553330 0.01351970 0.00629974 0.00895871 0.02334960 0.00374418 0.00858441 0.33771800
30 0.06059871 0.05667201 0.02727521 0.00844870 0.00518197 0.30143507 0.22976605 0.01464990 0.00907862 0.09748422 0.03004111 0.07266802 0.00551268 0.00379551 0.00709920 0.03447921 0.01429060 0.00104648 0.00514821 0.01532850
31 0.07770239 0.01161010 0.02803160 0.03981700 0.00964851 0.01379670 0.01253600 0.63012196 0.00853623 0.01449900 0.01249440 0.01482920 0.00780311 0.00927402 0.00747106 0.05766150 0.02504070 0.00425165 0.00455739 0.01031750
32 0.06679937 0.01712292 0.01815702 0.01414182 0.01071471 0.01171571 0.01772152 0.01013791 0.00733141 0.20571822 0.12178313 0.02404183 0.03887904 0.02438683 0.01129881 0.02986803 0.04423715 0.00599592 0.01680232 0.30314633
33 0.03094940 0.00415767 0.00453942 0.00246235 0.00767910 0.00768136 0.00545999 0.00234445 0.00165086 0.16616198 0.45195394 0.00486251 0.10153499 0.04893689 0.00385332 0.01426180 0.01962710 0.00105844 0.00992647 0.11089798
34 0.04290031 0.23598006 0.02820821 0.01225350 0.00793602 0.12454003 0.04387451 0.01717690 0.04060371 0.02555381 0.02041641 0.04715081 0.00807783 0.00804034 0.20312405 0.05556151 0.04046581 0.00315615 0.01576030 0.01921970
35 0.00896471 0.00373816 0.00885320 0.00410284 0.00409376 0.00770524 0.00237453 0.00387800 0.01303409 0.04587207 0.08531165 0.00743578 0.01740099 0.53333570 0.00206935 0.00928324 0.00556839 0.00860814 0.21070288 0.01766729
36 0.06455847 0.06458237 0.05774487 0.02912588 0.01451219 0.03341108 0.08072326 0.01972249 0.16229391 0.03679408 0.02585649 0.16320091 0.01024819 0.03204608 0.01497079 0.07837966 0.04101958 0.00593183 0.03443818 0.03043968
37 0.13939390 0.02452648 0.03282748 0.02671178 0.02868298 0.02234868 0.03352708 0.06496235 0.02162158 0.01975219 0.03275878 0.02531898 0.01130199 0.01936229 0.02469108 0.32117078 0.10055493 0.00989959 0.01023909 0.03034798
38 0.02604589 0.02048569 0.01742579 0.00857864 0.00555449 0.00999560 0.01042979 0.00824947 0.07082066 0.02570959 0.04888127 0.01624209 0.01619419 0.14834792 0.00637342 0.02210239 0.01409269 0.01580549 0.47690675 0.03175818
39 0.03488719 0.39567691 0.02268319 0.00880468 0.00597835 0.07412328 0.03115589 0.01163130 0.09851138 0.02311379 0.01585690 0.04048309 0.00530514 0.01194700 0.01220220 0.03354539 0.05540469 0.00419406 0.03162169 0.08287388
40 0.03059789 0.01377820 0.01569230 0.00767193 0.00640772 0.01098320 0.00970136 0.01329090 0.01425370 0.05762798 0.11848796 0.02089139 0.02552129 0.41313688 0.00907779 0.02715389 0.02083179 0.01595680 0.12940196 0.03953509
41 0.07323906 0.08450015 0.04793447 0.04239607 0.01251109 0.22054387 0.10577894 0.03363078 0.02161089 0.05428257 0.04047418 0.08154925 0.01322529 0.01575889 0.01822669 0.05344397 0.03458118 0.00337520 0.01311959 0.02981788
42 0.06641832 0.01432431 0.02382361 0.01280640 0.01348940 0.01177010 0.02557331 0.09721594 0.01806441 0.01488381 0.03688571 0.02794531 0.00918603 0.12085404 0.01450421 0.37584814 0.05218272 0.01930861 0.02486161 0.02005401
43 0.04577520 0.04809990 0.02853250 0.01516300 0.01030710 0.02013870 0.02903090 0.01870610 0.04181500 0.05539571 0.06550931 0.03063080 0.01916270 0.06836231 0.01863560 0.07912621 0.12672901 0.02862230 0.17715702 0.07310061
44 0.03810210 0.01302040 0.01061300 0.00700291 0.00988989 0.01174060 0.01511670 0.00965074 0.00532449 0.12404300 0.40915701 0.01301450 0.08638170 0.05815020 0.01104630 0.02499290 0.02901130 0.00481384 0.01897460 0.09995380
45 0.02966551 0.01400860 0.01567470 0.00744058 0.00655067 0.01059140 0.00938110 0.01395470 0.01488690 0.05765761 0.12045203 0.02119511 0.02574141 0.41002311 0.00842209 0.02782141 0.02104481 0.01516100 0.13044303 0.03988421
46 0.03783051 0.01303350 0.01035080 0.00692387 0.01040760 0.01154250 0.01635610 0.00990160 0.00592200 0.12288403 0.40992310 0.01342130 0.08718962 0.05749351 0.01057350 0.02574381 0.02753981 0.00511808 0.01923530 0.09860942
47 0.07398339 0.08121259 0.04827499 0.04251489 0.01295430 0.22106197 0.10827198 0.03404930 0.02154360 0.05389999 0.03865429 0.07974819 0.01363210 0.01531740 0.01940260 0.05450819 0.03459370 0.00368474 0.01302290 0.02966890
48 0.02958230 0.00407062 0.00459236 0.00142561 0.01110680 0.00437325 0.00162992 0.00243152 0.00100586 0.38669797 0.10585499 0.00642722 0.03125430 0.01100130 0.00601625 0.00840994 0.02148090 0.00396126 0.00771467 0.35096297
49 0.14706893 0.03232388 0.04032388 0.02800689 0.03273628 0.02061949 0.02464589 0.03216798 0.08014926 0.02525809 0.01949149 0.02619949 0.00486483 0.01161619 0.02244889 0.25722987 0.15478492 0.00369767 0.01354039 0.02282569
50 0.08787556 0.01508079 0.04923868 0.38842782 0.00907386 0.03888598 0.25563988 0.01546309 0.01166919 0.00209927 0.01049440 0.02043859 0.00360279 0.00272154 0.01389309 0.03769448 0.01501919 0.00058983 0.00459538 0.01749659
51 0.04230417 0.04368207 0.02593468 0.01381559 0.01018509 0.01786929 0.02908168 0.00841673 0.01178889 0.05587266 0.08138794 0.14354390 0.01659759 0.01339569 0.00845205 0.03401308 0.04492547 0.00382949 0.01199419 0.38290974
52 0.08146771 0.06659231 0.05481441 0.04805651 0.02323880 0.03227200 0.05188921 0.02991470 0.15479202 0.03238080 0.03260440 0.04541571 0.01862230 0.03911131 0.02207740 0.08462981 0.04565341 0.00550335 0.09998381 0.03098000
53 0.03911153 0.01375041 0.01314211 0.00556242 0.01234331 0.01988791 0.01079611 0.01090511 0.00823479 0.30462621 0.15208010 0.01439111 0.04489603 0.03203242 0.01058961 0.02077851 0.03546702 0.00383031 0.01449381 0.23308116
54 0.16862395 0.04934579 0.19874494 0.05649478 0.01677360 0.04825709 0.04570979 0.02901999 0.04248129 0.02693549 0.02523469 0.06594788 0.01228520 0.02124739 0.01917299 0.07418788 0.04233879 0.00389819 0.01574510 0.03755519
55 0.34833590 0.01815359 0.01897219 0.02584109 0.02797099 0.02395229 0.03864859 0.07959098 0.01897959 0.03071079 0.03730039 0.02260929 0.01476500 0.01645680 0.02610779 0.12302097 0.05310589 0.00529969 0.00901229 0.06116588
56 0.02699478 0.00413846 0.00436930 0.00138093 0.01148049 0.00484444 0.00190529 0.00243702 0.00127479 0.39711976 0.11135193 0.00533049 0.03071858 0.01128789 0.00618350 0.00821070 0.02061799 0.00412509 0.00745479 0.33877380
57 0.12140191 0.00963477 0.02857388 0.02906498 0.01939349 0.01441169 0.01843769 0.23566682 0.00948618 0.00719892 0.02307388 0.01574059 0.00785401 0.02718138 0.01680869 0.32068675 0.06104245 0.01494939 0.00422015 0.01517239
58 0.07552897 0.04902578 0.01879469 0.01676179 0.00751983 0.01231140 0.01778869 0.02388769 0.01099560 0.09822066 0.08377627 0.02324719 0.02821079 0.01790429 0.01291299 0.05084668 0.19874992 0.00504927 0.01290859 0.23555891
59 0.04218366 0.02388923 0.00971544 0.00279497 0.00737085 0.00929814 0.00485975 0.00420214 0.01155262 0.18261225 0.26415537 0.00716168 0.19489127 0.02816954 0.00886970 0.01825883 0.02864974 0.00229431 0.01127632 0.13779419
60 0.02222752 0.29508720 0.03886673 0.02535812 0.00344858 0.04946853 0.03544662 0.00623799 0.00825298 0.00793537 0.01662131 0.37667226 0.01501621 0.01657431 0.00499682 0.02711482 0.02759472 0.00249015 0.00562654 0.01496321
61 0.02205310 0.00364219 0.00517409 0.00362209 0.00492379 0.00879768 0.00277426 0.00278177 0.00265415 0.12908501 0.33144001 0.00374111 0.06410350 0.24294501 0.00559093 0.00914344 0.01302850 0.00125096 0.06262260 0.08062580
62 0.07457339 0.08215669 0.04971329 0.04340299 0.01239290 0.21936797 0.10615399 0.03395210 0.02130930 0.05298599 0.04013759 0.08207769 0.01352620 0.01584450 0.01851830 0.05418639 0.03290220 0.00313464 0.01328200 0.03038190
63 0.03858413 0.01367001 0.01268251 0.00556250 0.01253541 0.01988321 0.01091901 0.01061801 0.00781609 0.30561321 0.15138110 0.01483071 0.04409633 0.03246482 0.01044281 0.02115221 0.03493082 0.00369383 0.01476211 0.23436116
64 0.05284000 0.04979200 0.26431699 0.08510990 0.01790810 0.04305100 0.05433570 0.04575980 0.03066200 0.02870270 0.03141870 0.06615420 0.01461850 0.02003390 0.01218630 0.07269910 0.04502440 0.00483442 0.01878780 0.04176450
65 0.02523211 0.02171330 0.01644820 0.10587602 0.01150490 0.01512170 0.03272801 0.03498131 0.02838411 0.09331922 0.22397704 0.02718031 0.01396470 0.01583230 0.02668891 0.03612331 0.20289104 0.00234743 0.00930037 0.05638571
66 0.06224753 0.03659702 0.03682302 0.10946805 0.00583874 0.05701633 0.39133219 0.01826971 0.01730821 0.01576641 0.03046471 0.05972393 0.00700332 0.00902545 0.01979601 0.04543792 0.03933822 0.00226035 0.00969675 0.02658611
67 0.06754818 0.02472739 0.07456848 0.33130992 0.01259180 0.03653339 0.16007596 0.05121789 0.02399609 0.01008800 0.01810470 0.03416179 0.01025610 0.00801486 0.01486880 0.05216809 0.02953939 0.00212303 0.00949785 0.02860829
68 0.34163515 0.01437511 0.01504531 0.01284681 0.01802631 0.01243341 0.02710481 0.06876003 0.01715281 0.02578801 0.02002491 0.01469801 0.00936248 0.01386601 0.01919871 0.17570008 0.12906906 0.00321370 0.00528617 0.05641313
69 0.09228473 0.04321251 0.03088451 0.02527721 0.01575310 0.02189481 0.03652591 0.04053461 0.01884541 0.05490182 0.05894862 0.03358301 0.01690351 0.02218321 0.03194841 0.14815404 0.21593806 0.00793570 0.01241590 0.07187492
70 0.03066001 0.02621141 0.00704530 0.00219672 0.00967615 0.00810577 0.00662106 0.00315115 0.00339556 0.12425305 0.42812917 0.00747551 0.16127506 0.03846802 0.00642298 0.01914981 0.01922451 0.00430291 0.00862900 0.08560683
71 0.03105390 0.44580605 0.02490490 0.00978836 0.00384950 0.13635901 0.04033220 0.01412120 0.05625031 0.02430620 0.01120540 0.09033561 0.00593790 0.00849610 0.00957932 0.02376350 0.02629980 0.00291921 0.01365020 0.02104130
72 0.03962140 0.03623990 0.19913300 0.20052200 0.02309830 0.02689560 0.06246520 0.04911640 0.03000820 0.01886590 0.01569760 0.03690140 0.00662361 0.00938380 0.01142590 0.09105590 0.09747600 0.00361102 0.00615065 0.03570820
73 0.05124699 0.05218609 0.02817299 0.04382289 0.00356478 0.09275478 0.30032992 0.01313630 0.01994359 0.01646280 0.01640110 0.24230594 0.00732978 0.01078200 0.00957736 0.04406819 0.02354129 0.00147263 0.00570031 0.01720030
74 0.04856822 0.02572861 0.02481931 0.08478904 0.00457336 0.02390501 0.48466225 0.01231721 0.01021321 0.00915414 0.02778231 0.02783071 0.00887335 0.00476718 0.07303344 0.03549032 0.06715373 0.00138176 0.01034251 0.01461431
75 0.03086151 0.01366350 0.01579170 0.00771536 0.00637090 0.01081260 0.01003790 0.01375860 0.01445050 0.05801282 0.11997503 0.02219371 0.02609291 0.40995911 0.00821916 0.02759331 0.02079001 0.01542660 0.12813604 0.04013871
76 0.34784479 0.01852719 0.02004299 0.02419519 0.02814418 0.02411429 0.03706208 0.07855125 0.01880459 0.03131338 0.03731838 0.02282879 0.01484519 0.01696589 0.02606598 0.12261793 0.05233587 0.00536959 0.01069809 0.06235436
77 0.04141179 0.01650980 0.01282570 0.01147140 0.01173010 0.01479510 0.02371750 0.03060670 0.01455420 0.06236919 0.27165396 0.01737960 0.04717319 0.04297679 0.15309898 0.03921049 0.09985428 0.00304646 0.01530120 0.07031359
78 0.10400202 0.04761661 0.02863571 0.07641281 0.00680010 0.18921704 0.20089404 0.10128302 0.01006750 0.03065991 0.02271410 0.07101721 0.00659201 0.00487933 0.00930598 0.04840571 0.01628670 0.00219445 0.00555604 0.01745970
79 0.34337986 0.01206540 0.01482299 0.00853063 0.02645199 0.01258049 0.02657489 0.05860028 0.01337109 0.03323839 0.03029779 0.01255669 0.01533039 0.01106290 0.02279829 0.15763694 0.06264327 0.00365989 0.00702389 0.12737395
80 0.24697002 0.01522090 0.01815820 0.01017380 0.01128830 0.01840090 0.01979300 0.17147402 0.01140190 0.01454400 0.02890800 0.03848890 0.01087350 0.13038101 0.01423830 0.13439601 0.05395381 0.01048480 0.01247340 0.02837720
81 0.05698880 0.06382080 0.11964900 0.06231200 0.00691474 0.07514170 0.20337600 0.01370580 0.02371680 0.01921500 0.01618710 0.20635400 0.00967013 0.01454740 0.00808198 0.04681750 0.02417040 0.00217468 0.00758765 0.01956850
82 0.03181779 0.01181830 0.00859771 0.00510006 0.01416980 0.06100269 0.01756720 0.00609911 0.00544642 0.16233097 0.37124694 0.01112640 0.07940379 0.05573389 0.00620300 0.02411640 0.02500810 0.00144296 0.01468910 0.08707939
83 0.04416660 0.02042680 0.02745960 0.00696227 0.00550055 0.00858128 0.00837032 0.00595447 0.04180390 0.08187019 0.09160699 0.01710110 0.03179330 0.10090299 0.00765318 0.02709430 0.02953370 0.02217450 0.26669098 0.15435299
84 0.06777771 0.06519331 0.18286704 0.05845431 0.01467820 0.19478204 0.07711322 0.02783301 0.02555801 0.03947721 0.01977270 0.07284562 0.00971264 0.00930440 0.01178800 0.05289891 0.03701931 0.00285556 0.00905799 0.02101080
85 0.06366480 0.03759190 0.03685430 0.11068800 0.00616700 0.05747120 0.38741502 0.01876510 0.01733890 0.01518570 0.02827320 0.06188000 0.00733390 0.00888181 0.01955080 0.04655700 0.03842650 0.00255384 0.00960051 0.02580050
86 0.03725463 0.01075001 0.00750184 0.00313009 0.00667248 0.00720308 0.00735154 0.00599985 0.00300720 0.13782510 0.38077228 0.00763928 0.12893110 0.03236262 0.02017591 0.01789651 0.05516844 0.00287823 0.00861872 0.11886109
87 0.02694910 0.00357268 0.00398353 0.00103629 0.01135260 0.00392179 0.00155806 0.00231435 0.00084901 0.40231594 0.10109098 0.00523326 0.02830480 0.00942712 0.00586994 0.00741413 0.01937210 0.00413100 0.00684440 0.35445894
88 0.03930090 0.34424403 0.03830140 0.02205880 0.00806295 0.06163991 0.04434570 0.01919230 0.03394310 0.02439380 0.03167280 0.13075201 0.02136060 0.01708280 0.01779040 0.04546150 0.04353510 0.00736826 0.01726250 0.03223110
89 0.14042489 0.02508028 0.03247687 0.02664898 0.02974558 0.02106698 0.03428907 0.06282665 0.02160498 0.02062628 0.03197727 0.02635658 0.01123749 0.02011688 0.02464418 0.31816375 0.10055492 0.01020389 0.01100199 0.03095248
90 0.04856910 0.02168580 0.03644810 0.24531802 0.01215250 0.03240240 0.11821201 0.02675200 0.02640530 0.04079220 0.14470901 0.02798890 0.01755130 0.02195360 0.01749600 0.04335050 0.05894791 0.00339820 0.01458610 0.04128100
91 0.06701050 0.01725910 0.01855940 0.01356860 0.01171330 0.01107470 0.01807570 0.01018560 0.00728457 0.20379299 0.12226900 0.02394330 0.03969450 0.02340390 0.01213730 0.03033940 0.04438040 0.00630297 0.01672580 0.30227899
92 0.03767302 0.01337881 0.00975741 0.00765667 0.01027070 0.01245941 0.01647601 0.00928840 0.00615136 0.12198706 0.40939819 0.01283041 0.08685244 0.05917203 0.01022400 0.02490271 0.02771171 0.00479479 0.01937051 0.09964435
93 0.04597907 0.14100990 0.05223946 0.03343608 0.00834376 0.05887826 0.07659735 0.02185698 0.01833819 0.02387518 0.02958078 0.30416279 0.01701659 0.02189328 0.01083659 0.04493407 0.03634737 0.00392652 0.01389579 0.03685197
94 0.02997509 0.00250248 0.00425141 0.00087111 0.00942509 0.00450984 0.00126366 0.00186369 0.00064105 0.36015793 0.16223097 0.00441310 0.04564549 0.01679610 0.00508058 0.00797753 0.02038620 0.00328733 0.00842343 0.31029794
95 0.05428850 0.05085390 0.26582899 0.08531920 0.01739290 0.04202110 0.05404100 0.04445860 0.03002980 0.02729220 0.03069900 0.06666200 0.01466930 0.02144200 0.01295420 0.07288110 0.04471000 0.00507532 0.01904290 0.04033800
96 0.05153902 0.11958405 0.03996642 0.02162551 0.00482587 0.13869006 0.12207705 0.01367661 0.01091370 0.02252701 0.01569001 0.32156414 0.01196651 0.01185281 0.00548110 0.03443731 0.03055701 0.00156872 0.00622048 0.01523661
97 0.02972669 0.00239342 0.00442515 0.00095515 0.00935233 0.00448157 0.00123882 0.00188967 0.00061108 0.35943988 0.16265795 0.00452966 0.04584868 0.01658149 0.00504751 0.00803716 0.02088259 0.00327604 0.00855427 0.31007090
98 0.03726780 0.01313480 0.01040800 0.00704659 0.00979851 0.01206540 0.01507800 0.00968172 0.00586877 0.12148800 0.41233601 0.01341190 0.08716180 0.05905940 0.00995250 0.02525440 0.02794530 0.00513808 0.02009950 0.09780350
99 0.04238761 0.03038530 0.33717305 0.06149831 0.01882010 0.03092150 0.03261600 0.03600491 0.02826130 0.01996140 0.02043920 0.03950111 0.00982822 0.01344600 0.01317980 0.16363402 0.05300531 0.00506927 0.00960127 0.03426630
100 0.05920680 0.04408650 0.02846470 0.04412850 0.00607368 0.07922231 0.20250501 0.08097261 0.01763320 0.01642380 0.01528710 0.25165302 0.00771580 0.02540450 0.00779684 0.06207980 0.02383490 0.00304284 0.00926877 0.01519930
101 0.06412868 0.03770319 0.03736049 0.11037196 0.00652957 0.05695908 0.39031887 0.01833509 0.01725239 0.01512270 0.02949439 0.05884118 0.00719677 0.00886833 0.01976589 0.04534169 0.03835719 0.00230284 0.00920362 0.02654609
102 0.04877848 0.10434797 0.04095059 0.03015989 0.00977858 0.04956008 0.07996588 0.02638559 0.02498899 0.02054309 0.02017819 0.30255191 0.01321340 0.02275449 0.01083440 0.11742996 0.03736749 0.00390575 0.00948498 0.02682029
103 0.03680258 0.01318709 0.01073560 0.00743605 0.00979209 0.01216509 0.01589589 0.00956226 0.00625028 0.12267894 0.40983781 0.01324629 0.08548586 0.05792327 0.01010520 0.02576259 0.02800569 0.00512048 0.02022479 0.09978215
104 0.09701984 0.01625981 0.04244092 0.02950301 0.07393313 0.02154561 0.01100060 0.38702714 0.02608681 0.01680061 0.02094451 0.01945561 0.00929948 0.01144780 0.01521821 0.11569604 0.05987492 0.00749711 0.00566964 0.01327920
105 0.14382296 0.01377530 0.02117019 0.35680589 0.00302321 0.02594359 0.26940692 0.02212409 0.00495465 0.00207946 0.00883625 0.02347499 0.00212699 0.00139667 0.01974769 0.04808469 0.02025709 0.00041090 0.00400744 0.00855103
106 0.06360804 0.03748532 0.03640032 0.10596107 0.00602639 0.05692864 0.39119325 0.01911841 0.01680491 0.01521821 0.02981562 0.06144504 0.00724464 0.00905131 0.01978031 0.04587603 0.03946233 0.00257961 0.00976062 0.02623992
107 0.03815063 0.01309051 0.01289611 0.00548905 0.01203661 0.01947002 0.01042601 0.01041851 0.00783245 0.30724925 0.15226312 0.01391991 0.04427114 0.03245143 0.01041171 0.02090072 0.03449743 0.00355521 0.01478301 0.23588719
108 0.05089658 0.03668499 0.01655349 0.00892326 0.01208520 0.01136360 0.01527169 0.03534839 0.00992940 0.02135609 0.05655988 0.01916289 0.04768868 0.08553637 0.00792230 0.07639257 0.04138899 0.33406588 0.06541128 0.04745848
109 0.03202592 0.00446029 0.00511600 0.00160346 0.01103081 0.00510043 0.00224046 0.00275522 0.00132053 0.37432327 0.11522308 0.00636423 0.03539263 0.01295281 0.00644907 0.00919996 0.02329522 0.00375908 0.00864627 0.33874124
110 0.04829843 0.03557082 0.01765821 0.01321991 0.01347711 0.01463311 0.01361431 0.01643831 0.01436591 0.11599507 0.25190715 0.02299291 0.17066410 0.03962642 0.01375891 0.03221482 0.02836792 0.01318991 0.02019861 0.10380806
111 0.03887961 0.19270305 0.04132341 0.01523850 0.01447460 0.14425004 0.05821482 0.02223981 0.02398211 0.05043931 0.12029503 0.07965792 0.04108221 0.01559970 0.01314300 0.04052181 0.03654261 0.00768173 0.01744120 0.02628951
112 0.03714429 0.01413940 0.01078090 0.00712943 0.00986887 0.01230500 0.01591019 0.00885087 0.00568491 0.12150996 0.41177786 0.01401190 0.08686697 0.05890368 0.01020280 0.02490829 0.02761289 0.00449147 0.02003859 0.09786177
113 0.12042101 0.01889510 0.02000840 0.01310660 0.01817820 0.01320330 0.01689060 0.03685870 0.01377210 0.01319480 0.01398610 0.01106420 0.00407425 0.01008050 0.01617880 0.39586703 0.23373102 0.00519008 0.00677429 0.01852490
114 0.07311255 0.08184526 0.04853503 0.04312043 0.01254701 0.21853415 0.10889707 0.03304712 0.02138281 0.05363524 0.04075703 0.08173736 0.01435641 0.01548991 0.01869121 0.05406794 0.03347282 0.00359282 0.01328371 0.02989412
115 0.06714036 0.01804679 0.01812099 0.01321949 0.01075389 0.01104719 0.01785249 0.01007779 0.00723730 0.20475188 0.12288593 0.02469729 0.04010358 0.02464999 0.01113459 0.03005158 0.04358137 0.00588970 0.01659799 0.30215982
116 0.03917322 0.02076781 0.12686605 0.27382211 0.07335953 0.04231452 0.09759454 0.04319962 0.03527551 0.01664711 0.02177061 0.02282311 0.00984929 0.01087740 0.01167890 0.06246032 0.03973672 0.00400325 0.00979076 0.03798962
117 0.07502589 0.08424389 0.04759449 0.04278019 0.01278770 0.21727197 0.10926998 0.03379470 0.02167420 0.05237789 0.03993219 0.08216119 0.01379500 0.01532790 0.01869060 0.05356839 0.03360240 0.00341444 0.01319420 0.02949280
118 0.04974622 0.01900441 0.01610811 0.01049570 0.01150341 0.01078461 0.01116201 0.17641308 0.00846723 0.01143841 0.03571812 0.01410111 0.11674605 0.01797701 0.01673281 0.13130506 0.04382702 0.27006613 0.01328871 0.01511481
119 0.03651400 0.01336170 0.01060300 0.00702380 0.01014690 0.01178280 0.01591280 0.00954005 0.00600204 0.12179999 0.41207497 0.01343180 0.08665359 0.05872140 0.01041060 0.02553940 0.02817920 0.00545819 0.01977930 0.09706449
120 0.34765084 0.01838249 0.01978579 0.02669409 0.02778439 0.02385849 0.03877768 0.07904046 0.01827069 0.03108419 0.03664158 0.02339799 0.01508659 0.01634889 0.02605929 0.12161594 0.05233738 0.00554880 0.00901617 0.06261827
121 0.35057009 0.01807180 0.01988310 0.02649131 0.02711111 0.02427381 0.04007671 0.07930932 0.01820040 0.03075011 0.03584361 0.02354151 0.01470280 0.01519100 0.02487271 0.12096303 0.05293181 0.00513295 0.01055040 0.06153242
122 0.07673415 0.01142771 0.02761662 0.03928393 0.00944500 0.01394421 0.01217361 0.63406841 0.00838951 0.01470001 0.01321071 0.01425961 0.00798596 0.00839201 0.00756515 0.05710774 0.02455502 0.00473151 0.00418326 0.01022591
123 0.05383440 0.02285020 0.02996000 0.01561980 0.01154070 0.02385210 0.01076380 0.01522410 0.01443300 0.22222700 0.11194900 0.02855420 0.04176600 0.01911460 0.01358980 0.04034870 0.15742300 0.00202702 0.01367660 0.15124600
124 0.03081763 0.00412705 0.00446012 0.00225393 0.00778766 0.00762328 0.00527979 0.00213469 0.00178687 0.16518314 0.45241138 0.00438229 0.10147509 0.05088404 0.00412555 0.01407731 0.01922312 0.00099505 0.01026291 0.11070909
125 0.04838664 0.00570897 0.01051861 0.00298334 0.00771336 0.00573447 0.00564099 0.00387994 0.00168976 0.21441116 0.21442916 0.01899401 0.05934535 0.02623632 0.00720282 0.01571921 0.03575403 0.00216391 0.01312971 0.30035823
126 0.04792152 0.03396641 0.01781831 0.01265111 0.01306311 0.01477421 0.01361791 0.01729121 0.01348871 0.11720005 0.25030810 0.02309911 0.16801507 0.04018342 0.01427691 0.03281091 0.02978001 0.01397171 0.01966721 0.10609504
127 0.13872201 0.02579820 0.03222950 0.02566000 0.02899760 0.02175770 0.03317720 0.06255450 0.02108530 0.02008820 0.03352320 0.02565930 0.01216590 0.01993250 0.02580580 0.31959802 0.10107201 0.00993504 0.01129740 0.03094060
128 0.05254092 0.05146532 0.26611808 0.08444213 0.01739101 0.04306171 0.05387912 0.04419901 0.03052491 0.02729841 0.03110861 0.06782832 0.01468100 0.02156811 0.01203910 0.07206982 0.04500201 0.00515879 0.01904511 0.04057851
129 0.03234243 0.00506334 0.00523667 0.00285730 0.00826360 0.00858657 0.00568701 0.00264935 0.00231686 0.18439415 0.40636133 0.00552891 0.09346788 0.04984244 0.00485631 0.01458781 0.02213232 0.00120838 0.01173321 0.13288411
130 0.02943209 0.00390594 0.00458239 0.00118186 0.01126800 0.00418246 0.00169748 0.00238708 0.00112064 0.38887985 0.10594296 0.00612639 0.03052229 0.01094830 0.00612751 0.00838429 0.02063809 0.00401656 0.00778998 0.35086587
131 0.04008609 0.34545688 0.03830029 0.02294189 0.00808448 0.06025138 0.04341769 0.01812369 0.03418699 0.02391269 0.03122759 0.13071796 0.02073879 0.01696309 0.01798639 0.04562828 0.04438908 0.00730836 0.01767719 0.03260119
132 0.03697091 0.01358810 0.01065160 0.00775331 0.01007420 0.01266510 0.01582680 0.00910244 0.00584756 0.12187202 0.41032506 0.01416920 0.08596211 0.05971021 0.01001220 0.02460080 0.02787810 0.00487614 0.01986720 0.09824691
133 0.08887659 0.01628480 0.04805300 0.37291096 0.00847946 0.03793820 0.26311797 0.01612420 0.01171980 0.00251942 0.01224260 0.02241140 0.00361688 0.00291369 0.01451990 0.03900260 0.01641910 0.00062764 0.00452091 0.01770090
134 0.14535802 0.01110340 0.01311710 0.00439044 0.00543586 0.00860044 0.00795689 0.01108410 0.00730653 0.12051202 0.13001102 0.01436130 0.05408221 0.09751461 0.01369640 0.03149130 0.04627041 0.02178550 0.03005640 0.22586603
135 0.03711049 0.01446840 0.01064870 0.00734708 0.01029770 0.01193250 0.01601160 0.00971536 0.00573539 0.12179898 0.41235393 0.01305230 0.08776629 0.05886159 0.00969295 0.02458360 0.02755060 0.00470548 0.01926450 0.09710258
136 0.02598061 0.02141491 0.01766351 0.00875339 0.00569803 0.00969138 0.00998500 0.00723396 0.07060942 0.02598551 0.04883792 0.01644771 0.01552210 0.15253305 0.00614482 0.02227911 0.01371640 0.01567931 0.47486315 0.03096071
137 0.03680660 0.01323790 0.01056000 0.00725158 0.00962416 0.01174110 0.01507460 0.00878136 0.00545473 0.12295700 0.41261501 0.01351350 0.08761670 0.05717330 0.01086930 0.02573400 0.02794760 0.00451575 0.01928590 0.09923990
138 0.03078431 0.01468030 0.01507860 0.00747725 0.00664862 0.01065710 0.00981836 0.01389850 0.01426460 0.05705962 0.11886604 0.02194441 0.02598811 0.41228812 0.00852827 0.02847041 0.02113271 0.01615850 0.12721204 0.03904411
139 0.13301407 0.01004871 0.03061832 0.03262122 0.01883341 0.01430891 0.01740831 0.32307316 0.00945985 0.00767337 0.02014151 0.01608111 0.00824267 0.02075441 0.01454301 0.24051412 0.05127793 0.01353711 0.00386311 0.01398571
140 0.02032537 0.00743716 0.00940118 0.00553560 0.00509855 0.00970287 0.00458538 0.00534605 0.00615945 0.11214186 0.18533676 0.00787854 0.03721815 0.38487851 0.00840585 0.01134249 0.01441738 0.00203605 0.10024087 0.06251192
141 0.09414153 0.02214678 0.01844539 0.00942545 0.31332878 0.01612469 0.01241539 0.01599019 0.02086279 0.03187798 0.08389484 0.01494589 0.15214989 0.01094109 0.02941868 0.08119764 0.02145508 0.00826519 0.00766113 0.03531158
142 0.03132931 0.00426403 0.00501917 0.00130750 0.01104250 0.00495265 0.00194969 0.00248298 0.00121789 0.37809716 0.11523105 0.00610949 0.03499261 0.01303821 0.00644549 0.00887246 0.02266911 0.00391479 0.00833075 0.33873314
143 0.07629939 0.01213600 0.02828850 0.03807450 0.00949801 0.01486340 0.01281100 0.63108893 0.00884312 0.01513340 0.01281850 0.01459440 0.00784852 0.00911016 0.00754937 0.05746119 0.02456860 0.00428767 0.00431616 0.01040920
144 0.40761398 0.00628937 0.00906766 0.00818845 0.04577840 0.01064290 0.02129680 0.07737150 0.02226680 0.01165140 0.01051520 0.00913352 0.00578741 0.00687434 0.02120940 0.22298799 0.06664680 0.00264288 0.00280722 0.03122800
145 0.08766457 0.01176380 0.05111398 0.03137729 0.06794627 0.01659929 0.00881414 0.31155388 0.01910179 0.00921138 0.01810259 0.01594339 0.00681170 0.01337020 0.01578989 0.21449692 0.07574787 0.01034450 0.00386855 0.01037800
146 0.01997719 0.00320815 0.00309815 0.00088894 0.01218240 0.00408016 0.00122621 0.00221938 0.00075628 0.42738889 0.09866627 0.00413101 0.02302279 0.00801103 0.00530024 0.00645920 0.01547400 0.00461299 0.00600282 0.35329391
147 0.30718598 0.01025380 0.01265290 0.01236100 0.04342730 0.01344880 0.02329590 0.05609520 0.02345200 0.01251180 0.01368160 0.01176620 0.00615575 0.00971171 0.01917100 0.30066898 0.09082609 0.00390266 0.00415265 0.02527870
148 0.02718350 0.01308690 0.02553550 0.03811680 0.00948863 0.01397560 0.00627244 0.70151701 0.00924626 0.04538710 0.01095080 0.01206990 0.00884835 0.00725475 0.00509039 0.02622730 0.02373370 0.00271586 0.00394005 0.00935916
149 0.03678701 0.01354180 0.01086810 0.00703728 0.00995375 0.01172620 0.01449950 0.00984503 0.00574494 0.12300603 0.41153111 0.01292960 0.08634632 0.05876092 0.00998288 0.02525691 0.02805371 0.00512746 0.01966801 0.09933343
150 0.03790878 0.00947585 0.00569507 0.00116637 0.00695310 0.00689707 0.00375689 0.00158142 0.00157652 0.16480392 0.40973280 0.00431232 0.13004994 0.03971358 0.00434584 0.01472329 0.02215129 0.00085509 0.00908894 0.12521194
151 0.05764340 0.03145510 0.01287740 0.01576310 0.01318260 0.01973880 0.02366540 0.01611930 0.01322100 0.02259950 0.03137760 0.01883120 0.01163820 0.01322850 0.55235399 0.06583310 0.04621130 0.00223713 0.00678299 0.02524040
152 0.03826812 0.34613714 0.03732702 0.02284141 0.00776238 0.06060712 0.04394392 0.01756481 0.03358711 0.02304111 0.03161761 0.13476806 0.02141391 0.01696661 0.01843081 0.04491372 0.04398452 0.00705471 0.01775321 0.03201671
153 0.05745239 0.03261489 0.01334720 0.01608400 0.01282800 0.01997770 0.02441020 0.01667240 0.01372150 0.02194100 0.03149339 0.01999490 0.01147200 0.01246160 0.54650189 0.06698759 0.04680989 0.00267740 0.00698400 0.02556809
154 0.02931939 0.01416029 0.01558379 0.00768192 0.00685251 0.01058360 0.00963026 0.01331459 0.01410099 0.05790538 0.12058295 0.02134859 0.02574609 0.41641084 0.00821010 0.02752559 0.02002069 0.01502149 0.12777895 0.03822199
155 0.36461911 0.00895037 0.01181290 0.01156260 0.04501101 0.01191410 0.02287971 0.06969642 0.02333941 0.01314990 0.01204930 0.01097800 0.00626776 0.00819450 0.02067611 0.24711807 0.07541562 0.00308505 0.00345482 0.02982521
156 0.05179521 0.05116511 0.26600105 0.08635502 0.01795450 0.04109741 0.05447561 0.04406951 0.03180121 0.02766701 0.03151271 0.06704651 0.01420900 0.02102190 0.01207860 0.07295251 0.04371101 0.00536310 0.01921880 0.04050421
157 0.05549699 0.00255389 0.00798099 0.00083645 0.00398101 0.00552247 0.00201158 0.00133877 0.00064491 0.20037795 0.29458293 0.00499302 0.10793898 0.03433399 0.00591631 0.01311970 0.03249619 0.00049163 0.01357830 0.21180395
158 0.01012200 0.00493512 0.00715128 0.00415208 0.00386105 0.00834223 0.00187909 0.00306735 0.00722178 0.07051838 0.18064895 0.00454026 0.02136019 0.44113587 0.00317219 0.01014520 0.00542327 0.01590930 0.16428395 0.03213049
159 0.01949410 0.00291257 0.00289579 0.00071627 0.01242650 0.00370387 0.00117424 0.00209845 0.00064807 0.43191302 0.09376910 0.00420133 0.02109410 0.00695480 0.00518817 0.00609421 0.01443030 0.00473433 0.00555475 0.35999602
160 0.05510938 0.18009193 0.17261793 0.03434889 0.01054290 0.14657294 0.05563198 0.02785819 0.03091619 0.02880609 0.01851849 0.10846096 0.00972869 0.01073200 0.00818238 0.04206578 0.03275059 0.00334337 0.00966127 0.01406009
161 0.02561380 0.01967010 0.01686610 0.00902495 0.00556205 0.00934023 0.00971149 0.00694813 0.07021331 0.02664690 0.04992671 0.01593890 0.01605000 0.14941002 0.00600729 0.02176910 0.01411300 0.01551720 0.47765608 0.03401461
162 0.02610711 0.02035420 0.01794030 0.00917844 0.00554384 0.00938074 0.00971563 0.00750593 0.07039662 0.02733261 0.05060251 0.01605780 0.01602640 0.15083603 0.00598399 0.02191571 0.01391600 0.01429070 0.47394111 0.03297431
163 0.34633498 0.01832840 0.02012250 0.02657220 0.02815540 0.02399230 0.03882070 0.07784190 0.01904670 0.03117330 0.03630220 0.02278180 0.01486930 0.01684840 0.02605040 0.12232099 0.05227970 0.00549866 0.01043640 0.06222380
164 0.04660809 0.00613173 0.00997732 0.00360982 0.00793285 0.00648595 0.00640535 0.00483700 0.00220010 0.20720696 0.24540396 0.01600360 0.06400599 0.03172999 0.00738481 0.01709730 0.03369939 0.00260174 0.01422310 0.26645495
165 0.14057401 0.01675400 0.03669600 0.34286301 0.00612789 0.02786100 0.21728301 0.02714190 0.01234070 0.00610679 0.01197630 0.02676700 0.00471954 0.00377045 0.01970050 0.05255370 0.02441750 0.00110175 0.00576794 0.01547700
166 0.03337419 0.00589650 0.00597415 0.00301919 0.00879539 0.00926972 0.00455632 0.00303542 0.00268906 0.24525595 0.30381294 0.00636563 0.07621219 0.04249819 0.00560493 0.01392690 0.02492560 0.00212428 0.01247750 0.19018596
167 0.12037699 0.00842290 0.02909660 0.03129790 0.01717500 0.01270860 0.01383230 0.37243497 0.00764056 0.00704914 0.01901620 0.01420050 0.00836523 0.02052350 0.01270620 0.23392598 0.04309120 0.01342700 0.00350376 0.01120550
168 0.05133610 0.18644599 0.02335010 0.01542910 0.00954827 0.02955600 0.03265040 0.01397450 0.02229030 0.05798800 0.04615150 0.06497580 0.01399740 0.01603620 0.01081950 0.04231750 0.09975899 0.00773290 0.01874150 0.23689998
169 0.07344635 0.08506284 0.04835746 0.04334777 0.01284229 0.22145484 0.10618592 0.03373248 0.02233358 0.05438876 0.03943807 0.07696924 0.01327929 0.01478379 0.01923929 0.05472396 0.03422038 0.00347943 0.01309909 0.02961518
170 0.03747220 0.01368840 0.01127590 0.00720002 0.00987601 0.01210520 0.01519780 0.00924211 0.00573465 0.12145999 0.40933297 0.01346930 0.08597709 0.05975570 0.01021730 0.02538930 0.02818120 0.00541688 0.02035790 0.09865009
171 0.03865969 0.34783091 0.03888839 0.02223639 0.00788315 0.05987019 0.04480799 0.01837580 0.03398999 0.02299519 0.03239419 0.13269997 0.02135029 0.01698080 0.01801420 0.04462949 0.04342929 0.00690480 0.01716750 0.03089179
172 0.04482489 0.00470052 0.00983685 0.00275878 0.00705743 0.00596049 0.00581939 0.00438409 0.00170174 0.18379795 0.29269592 0.01613410 0.06900178 0.03273219 0.00687595 0.01603050 0.03275709 0.00164295 0.01312050 0.24816693
173 0.06595426 0.02499038 0.07535315 0.33236178 0.01273749 0.03694108 0.15958789 0.04965507 0.02473188 0.01038529 0.01903609 0.03507848 0.00987572 0.00850144 0.01505779 0.05086107 0.02934908 0.00218980 0.00896027 0.02839198
174 0.06225892 0.03846681 0.03590741 0.10728203 0.00628534 0.05773712 0.39302513 0.01838671 0.01724741 0.01548230 0.02941721 0.05920612 0.00738881 0.00864251 0.01974521 0.04602721 0.03979341 0.00244945 0.00946877 0.02578211
175 0.06793728 0.02492559 0.07559767 0.33290488 0.01236660 0.03712109 0.16122794 0.04751988 0.02400049 0.01025840 0.01762309 0.03421489 0.00947751 0.00813309 0.01483529 0.05210908 0.03039859 0.00247923 0.00908622 0.02778319
176 0.06791426 0.02478738 0.07315655 0.33283079 0.01249519 0.03676358 0.16052590 0.05061617 0.02386349 0.01095959 0.01853439 0.03474328 0.01037949 0.00780224 0.01503549 0.05040977 0.02941318 0.00220359 0.00919738 0.02836828
177 0.06733460 0.01820020 0.01832790 0.01281840 0.01134660 0.01142060 0.01842320 0.01029110 0.00760439 0.20397501 0.12235201 0.02445720 0.03938790 0.02477160 0.01139090 0.02924870 0.04308100 0.00592594 0.01688170 0.30276102
178 0.35542899 0.00525802 0.00883835 0.00306948 0.16297299 0.00796209 0.00586435 0.01480220 0.03209690 0.01307420 0.01749650 0.00853712 0.01050600 0.00392581 0.02591850 0.26696399 0.03380920 0.00207374 0.00258578 0.01881580
179 0.06249884 0.05086503 0.02805352 0.03865503 0.00347826 0.27385518 0.29081019 0.01360251 0.00657364 0.04341013 0.02182181 0.08810986 0.00528746 0.00246906 0.00696120 0.03432742 0.00995956 0.00090949 0.00364199 0.01470981
