1 0.03513350 0.00447192 0.00309504 0.00120887 0.01125310 0.00555945 0.00217500 0.00577751 0.00135344 0.28320999 0.22416400 0.00410385 0.05612550 0.02904700 0.00538420 0.01051770 0.03495940 0.00335421 0.00865533 0.27045099
2 0.10209201 0.04424680 0.03840340 0.01833370 0.01110810 0.03555410 0.04055020 0.04047180 0.07010661 0.02203170 0.04004150 0.04543280 0.01221590 0.01525120 0.25655902 0.09043551 0.04176050 0.00548652 0.03101880 0.03889980
3 0.06467785 0.03335702 0.09182707 0.12923109 0.01703031 0.03025852 0.05106614 0.15625111 0.03538863 0.01834111 0.01608631 0.02875332 0.00902984 0.00829063 0.01223481 0.13686510 0.11397108 0.00270059 0.00654574 0.03809373
4 0.06571513 0.01229451 0.01024640 0.00999622 0.01341211 0.01301701 0.01574321 0.01579891 0.00683179 0.23152211 0.15434007 0.01462641 0.04488162 0.02907601 0.01538551 0.03354792 0.04857452 0.00553113 0.01298531 0.24647411
5 0.12406897 0.07553338 0.04562169 0.03483369 0.02392459 0.06229638 0.06464638 0.03789199 0.03124059 0.03603429 0.02968289 0.11581097 0.01248570 0.02068509 0.03138009 0.09131208 0.09839477 0.00475577 0.01184970 0.04755099
6 0.04738879 0.02934959 0.18316595 0.22767993 0.00705061 0.06104558 0.03675829 0.04650239 0.03661869 0.05445308 0.02260019 0.05080139 0.01210890 0.00957569 0.00920246 0.05375488 0.06091148 0.00230043 0.02781789 0.02091379
7 0.10070505 0.04732973 0.04699773 0.07708584 0.01792781 0.05280443 0.14719708 0.05216403 0.02531621 0.02028261 0.02195721 0.04765053 0.01259711 0.01255271 0.02802832 0.15372508 0.08167254 0.00492416 0.01156391 0.03751792
8 0.05048400 0.01060200 0.01089920 0.00792703 0.01233330 0.01465650 0.01168330 0.01447960 0.00616378 0.25514600 0.17853800 0.01265830 0.05028800 0.03211900 0.01039680 0.02312310 0.03971620 0.00466928 0.01570660 0.23841000
9 0.06722366 0.08195646 0.04368058 0.06075587 0.00437892 0.12832293 0.22113888 0.02485129 0.02681219 0.03636318 0.01833309 0.13071693 0.00566326 0.02407169 0.01476059 0.04647218 0.02435199 0.00172785 0.01205419 0.02636429
10 0.01303581 0.01670271 0.01737061 0.00175673 0.01012850 0.00625165 0.00337750 0.00299547 0.04474132 0.02212441 0.08340854 0.00912278 0.01658331 0.32726415 0.00641610 0.01824041 0.01628251 0.02548851 0.33959416 0.01911481
11 0.04405758 0.13246193 0.04989017 0.03125928 0.00939591 0.05225537 0.05262477 0.02339339 0.05344487 0.02861539 0.04028968 0.15388692 0.01173699 0.06732907 0.01861759 0.04574018 0.03007868 0.01509049 0.11271494 0.02711679
12 0.03220399 0.01915119 0.02051669 0.00544372 0.01284119 0.01489509 0.01473169 0.01559229 0.01858769 0.05281828 0.13457094 0.02277379 0.02479969 0.31291787 0.01274149 0.02464389 0.02037279 0.01748309 0.17029893 0.05261568
13 0.06072991 0.03266751 0.11475002 0.22275804 0.00758130 0.05749121 0.19328903 0.03650091 0.02558660 0.01468940 0.01805750 0.05475061 0.00808044 0.00848729 0.01537960 0.05689961 0.04436101 0.00100012 0.00940499 0.01753490
14 0.07442018 0.02050450 0.02754319 0.27239494 0.00576347 0.04436889 0.34276592 0.01111170 0.01098800 0.00489726 0.01036120 0.06856508 0.00458921 0.00307011 0.01389020 0.04167289 0.02071590 0.00074337 0.00312021 0.01851380
15 0.04699290 0.25273497 0.04674390 0.02136100 0.01063480 0.05159299 0.05390609 0.02613160 0.03651390 0.01861880 0.03743600 0.18256898 0.01599040 0.02191000 0.01940660 0.05953989 0.03983920 0.01228410 0.01984930 0.02594460
16 0.08092860 0.01535500 0.04759420 0.04026200 0.01324750 0.02080530 0.02721150 0.55756402 0.01329360 0.01527990 0.01496700 0.01555300 0.00653960 0.01376710 0.01070900 0.06228010 0.02266060 0.00247867 0.00414269 0.01536060
17 0.06734475 0.01193311 0.01081851 0.01016461 0.01352431 0.01374471 0.01665501 0.01538361 0.00704829 0.22740416 0.15501511 0.01516771 0.04403703 0.02983192 0.01553211 0.03487602 0.04881003 0.00603211 0.01303571 0.24364117
18 0.08209776 0.10770695 0.06699817 0.03553678 0.01432939 0.09324576 0.07777686 0.08791126 0.03432078 0.02525949 0.01910489 0.07312267 0.00712633 0.01514629 0.03247558 0.13043994 0.05869327 0.00420904 0.01293149 0.02156729
19 0.07691272 0.04790191 0.03810831 0.14325104 0.00801741 0.06655622 0.26051708 0.02922581 0.01972001 0.02051971 0.02506111 0.07557232 0.01080050 0.01587560 0.02382861 0.05970282 0.03408091 0.00609599 0.00981509 0.02843681
20 0.03623620 0.00920911 0.00496526 0.00262312 0.01144570 0.00601348 0.00458446 0.00715512 0.00314844 0.21170697 0.32195896 0.00525394 0.07179579 0.04563549 0.00702037 0.01322360 0.02751340 0.00279042 0.01103720 0.19668298
21 0.09858671 0.13484301 0.04971750 0.02791800 0.02086750 0.05331830 0.05420220 0.05178830 0.03296420 0.01985280 0.02773440 0.07505131 0.01487010 0.01465800 0.03720860 0.15897401 0.07612471 0.00718122 0.01552130 0.02861780
22 0.04120383 0.01689771 0.01121771 0.00703568 0.01220191 0.01027861 0.01233491 0.01303271 0.00677484 0.14797210 0.36089125 0.01059961 0.07746865 0.06368594 0.01323531 0.02133141 0.02299152 0.00385939 0.02152581 0.12546109
23 0.06035035 0.12597390 0.05724935 0.03197897 0.00962820 0.10654391 0.09314133 0.02823458 0.02940848 0.03560737 0.06410465 0.15653387 0.01603639 0.02760158 0.01893928 0.04752516 0.03310987 0.00410339 0.01782829 0.03610107
24 0.08240837 0.01506110 0.04669308 0.03982129 0.01342420 0.02088589 0.02743499 0.55306782 0.01343420 0.01545479 0.01552979 0.01517319 0.00692103 0.01356880 0.01045840 0.06344198 0.02378109 0.00277340 0.00419100 0.01647559
25 0.05550681 0.00857192 0.01499420 0.00915549 0.01676930 0.01451460 0.01018860 0.01426730 0.00674945 0.25162303 0.14181002 0.01248880 0.04772361 0.02300010 0.01225430 0.03405390 0.07017641 0.00403873 0.01169440 0.24041903
26 0.33318981 0.01866059 0.01976319 0.01303449 0.03924568 0.01551799 0.02137169 0.10818094 0.01963119 0.02612549 0.02008679 0.01095369 0.00546179 0.00724000 0.02131849 0.19662789 0.07154306 0.00276556 0.00624481 0.04303688
27 0.05767053 0.01815531 0.01805751 0.00985547 0.01522621 0.01367991 0.01363131 0.05217443 0.00765804 0.17279309 0.20174510 0.01565841 0.09638705 0.03545442 0.01522381 0.04160902 0.04858452 0.00854169 0.01008311 0.14781107
28 0.07535510 0.02079550 0.02160640 0.26889200 0.00553200 0.04409370 0.35618100 0.00933475 0.01002620 0.00424291 0.00997301 0.06987090 0.00443197 0.00303948 0.01448400 0.04126840 0.01907970 0.00069739 0.00276808 0.01832750
29 0.04097794 0.00326801 0.00346566 0.00215699 0.01137611 0.00692554 0.00314940 0.00612300 0.00160480 0.30667727 0.16631815 0.00568580 0.04687694 0.02249442 0.00701149 0.01182881 0.03974974 0.00403412 0.00902855 0.30124727
30 0.07234256 0.07292245 0.04295537 0.09536314 0.00785178 0.08578875 0.21829486 0.02701408 0.02555848 0.02513608 0.01887909 0.11164093 0.00739029 0.01796949 0.02256229 0.07435295 0.03447998 0.00277905 0.01193939 0.02477898
31 0.08068313 0.01503101 0.04661852 0.03976192 0.01338621 0.02065751 0.02693971 0.55648724 0.01346181 0.01539831 0.01566021 0.01531321 0.00674201 0.01422071 0.01036100 0.06259923 0.02347891 0.00279631 0.00465135 0.01575171
32 0.03472712 0.00922173 0.00453567 0.00234069 0.01109941 0.00551910 0.00405601 0.00723237 0.00272961 0.20232912 0.34890620 0.00415695 0.07603614 0.04646393 0.00627992 0.01241961 0.02490831 0.00243612 0.00997387 0.18462811
33 0.03090268 0.01013159 0.00413214 0.00186720 0.01089809 0.00522825 0.00365721 0.00689917 0.00274032 0.19417490 0.38083981 0.00341489 0.08154806 0.04918757 0.00543841 0.01212929 0.02080399 0.00208411 0.00992140 0.16400092
34 0.08411943 0.10679003 0.04559991 0.02000121 0.01709461 0.05627412 0.05665652 0.03879741 0.02995191 0.01890221 0.02888351 0.04691061 0.01555370 0.01054560 0.16544305 0.14308804 0.06627522 0.00392499 0.01396320 0.03122471
35 0.00878108 0.00968094 0.01567920 0.00094290 0.01034280 0.00537070 0.00298338 0.00334413 0.01995900 0.02245760 0.11168398 0.00891617 0.01508080 0.42850093 0.00658815 0.01232430 0.01134650 0.01593110 0.26760096 0.02248540
36 0.04923342 0.20804710 0.05012953 0.02278321 0.01080141 0.05105313 0.04804042 0.02539531 0.08895824 0.01582421 0.02657771 0.14681807 0.01165551 0.02782531 0.02019931 0.06310243 0.03823712 0.02089311 0.05229003 0.02213541
37 0.12059207 0.02443081 0.05152943 0.02597381 0.02577381 0.03296352 0.03031722 0.04661093 0.01643171 0.01855341 0.01696881 0.01539161 0.01619921 0.00797959 0.01910641 0.25433914 0.21920912 0.00380367 0.01014231 0.04368342
38 0.02947029 0.02885139 0.02812199 0.01251500 0.01090260 0.01506300 0.01377650 0.00914112 0.05768368 0.03609919 0.06879448 0.02052759 0.01832819 0.20873693 0.01256370 0.03570309 0.02543669 0.02795649 0.31116090 0.02916719
39 0.04900091 0.09535982 0.05064191 0.01662230 0.00908880 0.03555161 0.03279031 0.02208370 0.12891303 0.02139750 0.02767741 0.06087801 0.00872188 0.06420941 0.02493141 0.08598562 0.03117941 0.02142620 0.19628804 0.01725270
40 0.03108858 0.02013739 0.02045949 0.00557618 0.01261659 0.01571129 0.01588239 0.01655669 0.01957819 0.05295947 0.13558392 0.02252409 0.02587278 0.30687382 0.01247099 0.02534529 0.02047129 0.01801399 0.17010490 0.05217267
41 0.06489368 0.11332297 0.05731088 0.04284969 0.00823009 0.12812696 0.12729096 0.02946279 0.03351579 0.03618569 0.02361999 0.15127196 0.00807418 0.02287569 0.01756809 0.05299718 0.03477119 0.00274712 0.01437550 0.03050959
42 0.08621507 0.01986582 0.03625423 0.03702093 0.01725321 0.01749292 0.02678262 0.42834837 0.01230511 0.01449911 0.01625951 0.02099282 0.00996121 0.05215034 0.01036861 0.13094311 0.03532773 0.00559721 0.00470003 0.01766202
43 0.02593721 0.03523472 0.03108982 0.00869365 0.00831466 0.01312591 0.00939445 0.00710423 0.10828406 0.02063091 0.03927072 0.01929201 0.01377441 0.16304808 0.01197111 0.03939682 0.02329001 0.03409622 0.37420119 0.01384981
44 0.04105789 0.01760680 0.01156280 0.00713680 0.01225000 0.01083250 0.01224930 0.01226610 0.00689426 0.14677498 0.35963795 0.01114770 0.07764529 0.06434399 0.01348680 0.02164060 0.02308530 0.00360237 0.02205260 0.12472598
45 0.02200259 0.01106410 0.01334729 0.00199823 0.01041620 0.00698471 0.00673026 0.00637753 0.00888849 0.06996197 0.23509690 0.01081220 0.04111508 0.30743486 0.00935303 0.01385049 0.01347139 0.00970609 0.13987294 0.06151567
46 0.04103627 0.01805039 0.01155949 0.00670828 0.01220249 0.01075329 0.01227899 0.01291599 0.00685688 0.14773489 0.35707173 0.01137029 0.07690904 0.06380655 0.01455709 0.02165178 0.02357938 0.00354398 0.02103428 0.12637890
47 0.06353387 0.05713137 0.16340692 0.10431195 0.00894496 0.11446994 0.07572426 0.04103328 0.03254078 0.02756029 0.02606359 0.06993626 0.01380839 0.01816729 0.01759249 0.07366286 0.05716817 0.00271895 0.01492929 0.01729509
48 0.03629888 0.00297216 0.00301128 0.00100598 0.01142919 0.00570325 0.00213554 0.00558598 0.00099303 0.30802486 0.17574892 0.00411617 0.05189308 0.02207759 0.00538293 0.01026180 0.04003428 0.00406830 0.00827593 0.30098086
49 0.17756307 0.02625591 0.03707732 0.04519642 0.03062221 0.01820621 0.03502261 0.12412805 0.01897111 0.01813351 0.01606351 0.01568051 0.00988852 0.00914594 0.01576201 0.21768209 0.13102705 0.00368142 0.00479881 0.04509372
50 0.07504611 0.01929100 0.02183690 0.28282202 0.00484799 0.04464840 0.36119303 0.00552199 0.00902553 0.00379147 0.00777653 0.07465211 0.00400249 0.00234875 0.01261930 0.03583920 0.01513690 0.00033853 0.00262464 0.01663710
51 0.04053521 0.00330133 0.00349312 0.00202226 0.01123240 0.00693122 0.00324421 0.00620370 0.00155423 0.30762906 0.16629003 0.00552938 0.04674811 0.02265620 0.00681390 0.01158720 0.03935421 0.00405915 0.00890600 0.30190906
52 0.05581063 0.16844009 0.05714603 0.03391122 0.00975280 0.06301573 0.05835093 0.03379182 0.08273135 0.02115211 0.02538161 0.17324010 0.00896563 0.02177211 0.02287841 0.05774393 0.03733422 0.00779773 0.03510112 0.02568241
53 0.05107901 0.01066580 0.01059940 0.00766369 0.01234210 0.01464670 0.01220430 0.01454080 0.00580818 0.25599507 0.17706205 0.01327380 0.04928171 0.03147161 0.01062780 0.02384851 0.03999551 0.00488794 0.01524590 0.23876007
54 0.14227106 0.04021692 0.15048107 0.08500344 0.01870111 0.06156263 0.04868382 0.05564562 0.02699811 0.02596561 0.03534732 0.04389032 0.01688761 0.01548781 0.02154041 0.09902644 0.06215803 0.00437936 0.01556311 0.03019021
55 0.36494591 0.01212700 0.01673040 0.01017730 0.03594979 0.01384930 0.01390810 0.18896195 0.01366700 0.02926719 0.02721099 0.00982040 0.00443783 0.00662157 0.01815590 0.15493096 0.04293739 0.00273115 0.00366401 0.02990589
56 0.03870490 0.00340481 0.00323432 0.00183185 0.01124470 0.00703570 0.00311720 0.00604883 0.00155656 0.31062499 0.16750900 0.00529459 0.04691740 0.02174070 0.00656897 0.01140350 0.03896100 0.00397327 0.00916272 0.30166499
57 0.29672905 0.02260200 0.02318030 0.01699280 0.03724281 0.01867360 0.02591180 0.09486092 0.02138770 0.02383750 0.01998860 0.01327640 0.00650799 0.00784330 0.02169990 0.20975704 0.08450892 0.00318753 0.00781980 0.04399201
58 0.04163279 0.02440770 0.02670119 0.01213020 0.02025490 0.01568250 0.01736070 0.01432820 0.03076289 0.07826148 0.09111308 0.01901550 0.08720198 0.09589808 0.01943290 0.05818879 0.08399768 0.03162939 0.15542397 0.07657608
59 0.03139449 0.01086690 0.00438050 0.00182804 0.01115990 0.00526282 0.00339315 0.00699449 0.00264423 0.20478297 0.34991294 0.00362318 0.08585959 0.04447059 0.00645490 0.01417060 0.02512820 0.00232135 0.00921120 0.17613997
60 0.02727432 0.34359827 0.04282813 0.00906714 0.00625362 0.04594554 0.03713383 0.01006011 0.03632303 0.00787917 0.02365322 0.28609723 0.00851228 0.01459241 0.00583453 0.03282663 0.03005482 0.00272590 0.01153881 0.01780101
61 0.04530558 0.02015869 0.01989679 0.00753611 0.02398829 0.01441379 0.01657889 0.01833029 0.01531309 0.11008894 0.16142492 0.02113719 0.09014365 0.10755195 0.02000879 0.04450228 0.07526736 0.01872969 0.06128177 0.10834194
62 0.05446712 0.17189205 0.04884041 0.02686121 0.00818757 0.10844303 0.10475703 0.02442271 0.03372781 0.02905391 0.02308811 0.20160506 0.00742463 0.02158021 0.01320650 0.04572901 0.03274561 0.00262960 0.01373690 0.02760151
63 0.05076523 0.01032531 0.01071971 0.00765714 0.01239161 0.01464131 0.01209641 0.01357851 0.00591222 0.25604416 0.17932611 0.01263941 0.04966323 0.03121262 0.01025931 0.02327221 0.04063832 0.00456473 0.01532631 0.23896615
64 0.06520407 0.05487647 0.15696992 0.10462995 0.01235559 0.06305347 0.05567107 0.06887626 0.03382188 0.02763099 0.03405228 0.05906907 0.01761189 0.02414819 0.02153699 0.08058396 0.06530607 0.00486201 0.02429879 0.02544109
65 0.07330717 0.03233469 0.08377747 0.12472895 0.01820859 0.03194279 0.04884188 0.11052996 0.02973139 0.02725099 0.05795848 0.03366859 0.01780869 0.01114640 0.01892119 0.11013496 0.11096196 0.00302459 0.00882848 0.04689278
66 0.07520100 0.02103540 0.02203710 0.26781800 0.00566602 0.04464680 0.35468199 0.01024390 0.00999263 0.00456750 0.01017240 0.06990920 0.00460349 0.00311106 0.01446950 0.04087470 0.01936320 0.00060666 0.00268656 0.01831290
67 0.05751347 0.04336518 0.07089847 0.15337993 0.00833251 0.06298367 0.21074590 0.04528928 0.02051909 0.02056659 0.03388088 0.06340717 0.01283819 0.03834588 0.02484079 0.05688457 0.03474918 0.00488585 0.01335299 0.02322039
68 0.30698995 0.01746380 0.02205080 0.02120660 0.03692759 0.01484030 0.02233430 0.13169298 0.01749520 0.02535230 0.02118200 0.01210330 0.00651906 0.00642373 0.01673750 0.18453997 0.08598019 0.00289574 0.00413953 0.04312519
69 0.09519746 0.03496669 0.05261168 0.03575258 0.02344239 0.03551779 0.03804468 0.04142898 0.02056269 0.05477498 0.04728018 0.03177329 0.02523969 0.01813139 0.02395119 0.15557393 0.16939793 0.00920102 0.01595219 0.07119927
70 0.03635521 0.01313950 0.00812246 0.00359153 0.01272630 0.00831152 0.00713101 0.00936079 0.00403184 0.22117108 0.24400509 0.00746200 0.10027404 0.03482901 0.01219290 0.02647571 0.04092561 0.00494490 0.01104140 0.19390807
71 0.03915537 0.28411582 0.04538697 0.01224629 0.00905458 0.07987225 0.06266126 0.01629509 0.03649298 0.01578519 0.02598148 0.20562587 0.00968725 0.01819999 0.01561229 0.05285937 0.03314528 0.00404289 0.01241399 0.02136579
72 0.04668179 0.08045078 0.09494588 0.14971896 0.00871786 0.04506819 0.05543159 0.03466379 0.05266299 0.03841889 0.02991749 0.06508308 0.01135240 0.02290629 0.02528739 0.05843578 0.04091139 0.01497690 0.09710047 0.02726809
73 0.05879134 0.11669208 0.04904503 0.06558264 0.00648189 0.08720036 0.21462014 0.02542682 0.02636092 0.02537802 0.02527482 0.10509307 0.01048971 0.02475932 0.02534032 0.05634934 0.03125462 0.00961315 0.01339931 0.02284712
74 0.08721046 0.04661558 0.04452478 0.11697994 0.01272129 0.05846797 0.21362490 0.03826868 0.02271059 0.01841489 0.01945819 0.06105757 0.00985530 0.01266809 0.02512669 0.11007495 0.05718117 0.00424078 0.01025530 0.03054289
75 0.02181250 0.01112330 0.01330830 0.00201720 0.01060290 0.00681033 0.00572385 0.00669742 0.00884590 0.06895232 0.23336705 0.01055120 0.04079911 0.31019307 0.00908535 0.01413980 0.01366030 0.00980323 0.14120803 0.06129881
76 0.27591117 0.02383912 0.02546672 0.02509542 0.02962432 0.02448902 0.03838052 0.09403166 0.01996001 0.04556643 0.04209883 0.02409352 0.01262211 0.01660161 0.02826792 0.13663109 0.05815684 0.00520067 0.01138471 0.06257834
77 0.03698694 0.00874583 0.00495000 0.00258120 0.01151221 0.00612613 0.00457013 0.00757216 0.00281258 0.21163121 0.32217633 0.00521977 0.07183907 0.04526525 0.00675734 0.01324631 0.02779713 0.00271210 0.01040311 0.19709520
78 0.05731444 0.02390432 0.13100010 0.28455422 0.00499640 0.07474656 0.15596912 0.02821282 0.02735182 0.01616681 0.01542971 0.06442795 0.00833891 0.00643658 0.00850874 0.03660583 0.03078152 0.00101005 0.00978559 0.01445851
79 0.28244207 0.01709940 0.01844880 0.01549440 0.02849971 0.01521570 0.02708701 0.06904882 0.01894620 0.04235851 0.02801181 0.01282940 0.01108610 0.01130950 0.03443951 0.17568604 0.08295312 0.00407534 0.00819341 0.09677512
80 0.29802504 0.01907520 0.02224980 0.01218820 0.10068301 0.01578500 0.01736090 0.09066901 0.01492960 0.02987180 0.03318490 0.01760030 0.01552890 0.01355980 0.01569140 0.16353702 0.07008701 0.00293670 0.00905597 0.03798040
81 0.05992728 0.03605109 0.10889096 0.23591391 0.00556086 0.08234697 0.16607494 0.02695699 0.02613879 0.01809349 0.01621169 0.09016367 0.00864977 0.00946471 0.01102560 0.03834009 0.02927639 0.00134143 0.01067300 0.01889839
82 0.04109472 0.00654884 0.00578001 0.00289269 0.01540991 0.00610176 0.00469950 0.00845838 0.00301116 0.24500312 0.23889912 0.00632429 0.06318763 0.03442382 0.00931670 0.01627981 0.04881972 0.00285229 0.00978638 0.23111012
83 0.01251821 0.01639221 0.01761181 0.00188190 0.00997547 0.00655961 0.00367527 0.00272869 0.04399863 0.02196831 0.08357725 0.00904846 0.01633021 0.32882819 0.00637355 0.01806881 0.01590261 0.02545301 0.34037019 0.01873761
84 0.07075819 0.07830889 0.06886369 0.05233929 0.01015040 0.12904199 0.09390049 0.03890880 0.07444889 0.03421750 0.02256150 0.08994939 0.00930813 0.02213060 0.02479190 0.07073239 0.04504130 0.00855357 0.02548100 0.03051210
85 0.07528209 0.04908500 0.03770100 0.14504399 0.00778237 0.06613550 0.26439798 0.02904080 0.01901310 0.01993360 0.02491050 0.07688779 0.01055570 0.01654710 0.02332510 0.05803360 0.03349750 0.00494475 0.00996975 0.02791280
86 0.05280300 0.01518630 0.01825110 0.01226970 0.02047630 0.01374230 0.01968870 0.01600190 0.00930612 0.14921701 0.22440401 0.01710890 0.06465100 0.03788580 0.02427170 0.04566540 0.09338390 0.00376844 0.01295540 0.14896301
87 0.03737140 0.00249229 0.00280951 0.00122622 0.01098170 0.00627939 0.00226250 0.00536311 0.00100442 0.31873603 0.16103701 0.00453743 0.04584590 0.02013730 0.00610880 0.00997859 0.03916200 0.00399523 0.00834413 0.31232702
88 0.04590429 0.25393595 0.04656529 0.01976300 0.01035410 0.05150729 0.05412189 0.02467080 0.03731379 0.01902500 0.03865529 0.18253696 0.01657100 0.02184050 0.02010510 0.05867739 0.04043329 0.01211940 0.02000230 0.02589739
89 0.14085307 0.02651351 0.03525162 0.01817871 0.02134631 0.03009252 0.03078402 0.05254023 0.02037961 0.10382605 0.07550824 0.02537601 0.03552252 0.02336421 0.02705191 0.13718807 0.07915234 0.00552740 0.02231851 0.08922514
90 0.05963909 0.02733610 0.12696398 0.26027095 0.00581967 0.07780249 0.15442697 0.03146679 0.02724900 0.01720220 0.01660690 0.06510859 0.00866210 0.00756294 0.00998194 0.04278489 0.03407699 0.00116371 0.00984282 0.01603190
91 0.03945096 0.00323792 0.00356205 0.00208240 0.01135519 0.00706042 0.00332513 0.00634127 0.00157118 0.30799271 0.16630584 0.00569098 0.04666866 0.02196918 0.00669611 0.01182849 0.03983266 0.00413038 0.00897775 0.30192072
92 0.03334621 0.00961346 0.00460116 0.00192720 0.01113730 0.00575431 0.00390975 0.00729291 0.00311033 0.20633005 0.35072808 0.00418505 0.07691612 0.04637931 0.00607815 0.01310990 0.02396791 0.00239096 0.01048480 0.17873704
93 0.05512169 0.18261197 0.05032489 0.04611839 0.01109220 0.06235209 0.08272099 0.02664990 0.03335760 0.02532340 0.03000510 0.19436797 0.01274280 0.02523890 0.01926810 0.04909179 0.03926679 0.00580874 0.01721790 0.03131880
94 0.03261387 0.00311628 0.00250369 0.00090343 0.01085639 0.00560725 0.00176308 0.00517974 0.00088366 0.30969670 0.19180882 0.00344822 0.05089275 0.02271718 0.00460545 0.00916328 0.03646837 0.00348757 0.00819158 0.29609272
95 0.06282742 0.05129502 0.19009707 0.12173305 0.00853000 0.10510904 0.06483722 0.04100802 0.03276991 0.02436151 0.02659741 0.06472432 0.01460271 0.01725111 0.01554981 0.07018053 0.05651022 0.00224083 0.01450171 0.01527311
96 0.05581391 0.15624904 0.05088091 0.03358251 0.02087691 0.05601611 0.05358091 0.03022271 0.03138311 0.02606351 0.03011871 0.18521305 0.01501460 0.02159251 0.02281591 0.06835682 0.08958412 0.00601935 0.01295190 0.03366341
97 0.03283061 0.00298947 0.00247249 0.00089878 0.01083290 0.00562675 0.00179006 0.00515634 0.00089648 0.31152711 0.18851907 0.00353995 0.05005532 0.02257061 0.00466082 0.00909158 0.03654141 0.00346759 0.00815653 0.29837611
98 0.03335369 0.00964847 0.00466980 0.00210996 0.01114170 0.00582658 0.00414751 0.00745406 0.00295802 0.20640493 0.34842889 0.00446485 0.07690827 0.04689528 0.00604034 0.01264610 0.02404139 0.00258474 0.01080050 0.17947494
99 0.07990242 0.04328871 0.16978504 0.06270212 0.01664520 0.05779051 0.04575041 0.03587351 0.02677801 0.02743001 0.08047832 0.03837601 0.02562991 0.02052761 0.02688591 0.12375103 0.06734632 0.00431845 0.02128911 0.02545141
100 0.06635320 0.06829610 0.03335150 0.12804599 0.00441496 0.08885770 0.28326399 0.01680060 0.01825900 0.02244840 0.01587180 0.12287599 0.00635747 0.01825140 0.01368910 0.04126160 0.01993880 0.00166863 0.00918349 0.02081030
101 0.07537579 0.04868160 0.03656160 0.14723599 0.00779487 0.06620449 0.26606897 0.02889220 0.01921030 0.01957940 0.02442380 0.07614869 0.01039540 0.01529200 0.02306190 0.05843859 0.03371810 0.00560794 0.00944149 0.02786690
102 0.05675843 0.17615108 0.04720402 0.02796151 0.01455181 0.06156653 0.06663473 0.03249971 0.03529052 0.02122861 0.02704931 0.20026509 0.01170141 0.02073811 0.02378071 0.08311684 0.04892092 0.00420745 0.01420031 0.02617291
103 0.04078489 0.01796860 0.01129750 0.00718319 0.01228880 0.01042810 0.01176100 0.01250450 0.00693390 0.14673096 0.35877691 0.01164940 0.07737198 0.06538858 0.01297980 0.02206539 0.02345929 0.00351446 0.02210279 0.12480997
104 0.35065900 0.01476170 0.01647760 0.01312900 0.03970170 0.01113510 0.01548950 0.16570900 0.01470540 0.02484310 0.02118040 0.00775968 0.00379097 0.00609954 0.01479190 0.18829200 0.05546640 0.00238637 0.00342965 0.03019200
105 0.08109008 0.04494659 0.02613669 0.17357296 0.00469666 0.07696708 0.30881694 0.01412290 0.01653800 0.01824430 0.01305460 0.09884158 0.00435679 0.01213850 0.01508600 0.04219889 0.01973380 0.00121111 0.00632495 0.02192160
106 0.06818104 0.06485364 0.03504507 0.13810387 0.00484673 0.08314442 0.27902974 0.01836698 0.01911928 0.02112998 0.01698398 0.11166290 0.00666577 0.01763048 0.01585039 0.04418246 0.02212478 0.00202505 0.00911226 0.02194118
107 0.05056586 0.01082429 0.01125869 0.00824653 0.01235149 0.01505149 0.01262929 0.01324649 0.00604526 0.25517081 0.17697587 0.01335789 0.04966746 0.03182508 0.01056559 0.02366548 0.04042007 0.00491194 0.01597659 0.23724382
108 0.05144351 0.07440551 0.01724800 0.01033110 0.00992038 0.02081550 0.04041750 0.02743960 0.04458321 0.03569020 0.03698060 0.02592320 0.05009221 0.07520011 0.01142280 0.04312811 0.05648401 0.24124903 0.07677651 0.05044891
109 0.04035349 0.00315944 0.00336924 0.00185176 0.01118280 0.00679174 0.00323166 0.00615924 0.00143527 0.30875495 0.16572297 0.00551306 0.04661709 0.02196310 0.00692412 0.01175370 0.03929569 0.00405702 0.00884872 0.30301495
110 0.04300922 0.02708701 0.02150901 0.01319891 0.01478681 0.01686701 0.02149001 0.01926341 0.01131280 0.13058705 0.21638409 0.01925531 0.12488905 0.04307762 0.02385011 0.05022492 0.04994292 0.01417561 0.02058811 0.11850105
111 0.05867285 0.15165787 0.04158936 0.01946078 0.01558879 0.04109296 0.04594396 0.03003537 0.02651918 0.04009886 0.12877989 0.07742453 0.04478296 0.02784668 0.03527977 0.10598191 0.04625496 0.00599008 0.01969458 0.03730467
112 0.03064890 0.07072230 0.01933680 0.00539940 0.01111150 0.01928390 0.02572110 0.01075980 0.01762560 0.08260020 0.27520299 0.03537880 0.06390760 0.13101899 0.01302350 0.02696640 0.01847070 0.00825054 0.07133000 0.06324100
113 0.12056501 0.02456150 0.05229270 0.02654870 0.02535010 0.03303920 0.03018660 0.04750740 0.01653260 0.01818570 0.01631940 0.01536780 0.01503900 0.00720018 0.01887830 0.25529802 0.22076502 0.00364533 0.00934550 0.04337190
114 0.07455959 0.07276889 0.06851499 0.05736199 0.01169130 0.11861098 0.10722199 0.04436969 0.03217930 0.04222829 0.03519050 0.08558539 0.01458410 0.02516700 0.02399370 0.07348789 0.05217389 0.00604763 0.01750860 0.03675430
115 0.06640775 0.01151809 0.01036689 0.00974779 0.01332199 0.01298169 0.01555789 0.01454739 0.00681720 0.23059484 0.15777489 0.01458359 0.04500797 0.03048298 0.01548709 0.03301528 0.04704857 0.00616569 0.01344859 0.24512383
116 0.22211403 0.03017130 0.08154601 0.03146670 0.07009221 0.03306580 0.03020830 0.07399451 0.01993940 0.02657600 0.03569210 0.02357060 0.02001500 0.01260150 0.01813690 0.14511902 0.07552791 0.00343776 0.01220220 0.03452270
117 0.07443246 0.07190886 0.06798015 0.06036655 0.01203821 0.11872809 0.10824209 0.04084683 0.03230233 0.04297403 0.03472083 0.08486657 0.01439361 0.02442712 0.02366802 0.07390816 0.05227424 0.00613071 0.01792331 0.03786783
118 0.04504692 0.07765943 0.02222551 0.01231330 0.01167140 0.01679211 0.04394112 0.08840494 0.02605641 0.03015401 0.03199741 0.03636621 0.10214804 0.02481591 0.01196900 0.05330042 0.07406963 0.22791709 0.01784491 0.04530622
119 0.04114540 0.01788140 0.01138700 0.00702687 0.01214910 0.01007300 0.01152320 0.01366330 0.00710534 0.14612600 0.36007301 0.01092530 0.07804990 0.06402090 0.01316480 0.02236160 0.02387090 0.00347517 0.02147280 0.12450500
120 0.27626579 0.02341078 0.02601528 0.02459988 0.02952948 0.02505908 0.03792417 0.09685693 0.01995438 0.04549887 0.04388847 0.02393308 0.01240539 0.01602739 0.02803998 0.13612090 0.05646056 0.00555426 0.01092779 0.06152755
121 0.27645888 0.02311659 0.02618969 0.02487709 0.03053509 0.02394129 0.03676748 0.09634846 0.01963739 0.04514638 0.04313808 0.02280949 0.01270539 0.01647759 0.02785879 0.13808394 0.05800817 0.00524245 0.01138789 0.06126987
122 0.08244570 0.01446510 0.04598680 0.03969640 0.01340760 0.02067060 0.02709250 0.55720203 0.01308430 0.01517670 0.01546370 0.01538270 0.00722089 0.01342930 0.01010330 0.06286320 0.02377900 0.00269596 0.00403019 0.01580400
123 0.04944103 0.00355153 0.00568756 0.00327919 0.01455681 0.00730842 0.00412370 0.00870707 0.00241156 0.28615816 0.15353708 0.00693875 0.04705483 0.02226691 0.00908294 0.01866081 0.05578303 0.00374312 0.00917332 0.28853416
124 0.04620023 0.02002831 0.01699991 0.00755091 0.01482231 0.01316731 0.01491751 0.01682771 0.00767620 0.16093612 0.16870912 0.01379871 0.14055710 0.02875662 0.03128732 0.08127896 0.06679515 0.00628609 0.01341431 0.12999009
125 0.03906520 0.00471834 0.00378390 0.00212433 0.01149590 0.00635140 0.00355466 0.00630814 0.00167355 0.27736503 0.21305802 0.00535184 0.05438611 0.02940780 0.00624375 0.01167660 0.03705110 0.00360290 0.00915639 0.27362503
126 0.04572580 0.02366140 0.02372530 0.01247260 0.01931060 0.01623130 0.02541620 0.02033580 0.01134910 0.09827519 0.10698099 0.02044630 0.17092098 0.02226750 0.03958280 0.09505019 0.11557499 0.02100760 0.01311810 0.09854729
127 0.12099497 0.09003348 0.05208819 0.04057089 0.02055449 0.03770619 0.04818649 0.14708196 0.02717359 0.01880190 0.01872750 0.04144229 0.01082620 0.01280590 0.02923229 0.17248796 0.06907888 0.00692212 0.00878683 0.02649789
128 0.05070383 0.16923810 0.11969307 0.06230004 0.00981446 0.06316674 0.06306514 0.03959662 0.03744942 0.01853601 0.02625981 0.12990407 0.01124471 0.01918381 0.02102121 0.06867784 0.04937973 0.00387918 0.01906291 0.01782331
129 0.03346990 0.00997617 0.00456940 0.00210651 0.01122010 0.00579159 0.00395993 0.00759295 0.00298405 0.20560697 0.35052195 0.00418700 0.07706169 0.04677889 0.00583505 0.01313380 0.02403330 0.00237109 0.01082670 0.17797298
130 0.03451289 0.00293986 0.00260160 0.00106780 0.01110950 0.00578131 0.00186826 0.00532660 0.00092006 0.30886295 0.18562497 0.00388186 0.04960479 0.02284930 0.00502889 0.00932888 0.03762689 0.00354118 0.00829745 0.29922496
131 0.04729750 0.25192197 0.04719130 0.02073840 0.01016680 0.05070379 0.05486979 0.02539090 0.03620700 0.01913570 0.03992330 0.18228098 0.01680920 0.02232650 0.01954370 0.05892809 0.04073090 0.01087140 0.01938370 0.02557910
132 0.04088061 0.01784091 0.01116760 0.00682995 0.01239150 0.00999858 0.01199520 0.01228650 0.00724396 0.14760505 0.35937012 0.01127280 0.07666053 0.06411902 0.01388880 0.02140211 0.02358871 0.00361877 0.02186521 0.12597404
133 0.07443284 0.02088511 0.02727442 0.27068616 0.00580869 0.04448933 0.34191820 0.01138961 0.01101801 0.00496569 0.01050541 0.06829874 0.00480781 0.00309204 0.01429511 0.04213062 0.02135251 0.00061744 0.00329635 0.01873591
134 0.28377083 0.01352829 0.01466559 0.01115909 0.02287789 0.01410169 0.02448859 0.05827987 0.01690499 0.07052866 0.04572407 0.01575759 0.01677829 0.01950159 0.04125568 0.11835793 0.06151446 0.00547703 0.00934396 0.13598392
135 0.10599296 0.01476359 0.01638689 0.00999392 0.01698559 0.01409899 0.01572859 0.03143689 0.00805470 0.12730895 0.28941789 0.01325909 0.06304698 0.04556298 0.01710509 0.04101858 0.03217139 0.00416697 0.01312099 0.12037895
136 0.04898721 0.05452302 0.05130412 0.03005961 0.01114960 0.07508272 0.05423842 0.02256061 0.05732762 0.03438951 0.04454751 0.05821882 0.01387630 0.10493003 0.01955121 0.05601352 0.03746261 0.02445371 0.17410105 0.02722281
137 0.04030471 0.01767310 0.01112590 0.00640036 0.01207020 0.00997558 0.01138320 0.01231140 0.00689080 0.14816904 0.36204910 0.01095190 0.07799972 0.06417232 0.01259400 0.02104961 0.02342821 0.00345978 0.02138001 0.12661104
138 0.03159999 0.01866859 0.02019649 0.00512471 0.01229899 0.01487659 0.01617849 0.01542669 0.01864259 0.05334288 0.13852194 0.02192979 0.02594929 0.31077487 0.01230599 0.02404839 0.02004149 0.01780619 0.17008893 0.05217708
139 0.17740009 0.02253681 0.03591282 0.03708412 0.02479021 0.01721721 0.02844151 0.31770215 0.01650501 0.01796561 0.01696291 0.01552471 0.00748910 0.01220311 0.01550621 0.14999307 0.05303403 0.00363872 0.00474080 0.02535181
140 0.03496232 0.01121101 0.00651694 0.00167165 0.01120991 0.00533080 0.00442664 0.00720092 0.00391405 0.16325609 0.34431119 0.00676158 0.07286524 0.10548606 0.00773659 0.01380561 0.02097521 0.00429559 0.03391652 0.14014608
141 0.15335897 0.01648840 0.03362979 0.01222820 0.08662418 0.01866400 0.01699860 0.03876629 0.01220100 0.08621958 0.11992198 0.01881170 0.08386958 0.02688120 0.01850960 0.07570529 0.06438989 0.00740218 0.01479790 0.09453168
142 0.04005006 0.00316909 0.00344181 0.00224126 0.01115979 0.00693137 0.00310244 0.00610925 0.00140233 0.30918672 0.16445085 0.00563611 0.04642126 0.02176528 0.00684875 0.01160819 0.03958266 0.00401070 0.00927036 0.30361172
143 0.08387553 0.01505980 0.04619101 0.03971981 0.01360480 0.02112881 0.02719681 0.55020617 0.01371500 0.01584530 0.01586910 0.01556820 0.00704892 0.01369790 0.01099090 0.06313332 0.02371141 0.00282802 0.00440255 0.01620661
144 0.09557334 0.02462741 0.03057971 0.21763110 0.01193271 0.04057072 0.27806812 0.02860401 0.01419231 0.00661267 0.01162321 0.05492212 0.00448733 0.00361889 0.01487251 0.08691824 0.04333442 0.00118759 0.00378618 0.02685741
145 0.27362115 0.01488621 0.02308321 0.02237061 0.04409582 0.01038011 0.01792481 0.25565414 0.01186701 0.02062751 0.01873541 0.00857268 0.00484540 0.00993624 0.01011331 0.17234109 0.05156333 0.00221045 0.00296889 0.02420261
146 0.03529230 0.00278323 0.00276773 0.00151764 0.01072830 0.00644203 0.00221323 0.00531331 0.00097905 0.32078203 0.16384101 0.00455282 0.04622810 0.02011300 0.00569010 0.00971591 0.03828730 0.00391569 0.00881717 0.31002003
147 0.29472797 0.02202360 0.02326420 0.01710470 0.03774090 0.01905430 0.02573250 0.09653459 0.02098120 0.02396420 0.02018760 0.01363390 0.00639510 0.00797524 0.02256440 0.20950598 0.08482409 0.00306567 0.00747299 0.04324690
148 0.09193274 0.05353017 0.05124487 0.03063568 0.01010329 0.08671804 0.12207592 0.12674592 0.02777618 0.06223026 0.03242658 0.07253535 0.01281489 0.02118049 0.01976239 0.07492875 0.04634687 0.00605814 0.01291209 0.03804138
149 0.03361418 0.00915489 0.00462955 0.00217767 0.01130369 0.00570862 0.00402314 0.00739370 0.00275839 0.20795588 0.34681380 0.00411619 0.07638296 0.04667257 0.00616616 0.01276879 0.02434879 0.00245005 0.01066509 0.18089590
150 0.03174689 0.01146070 0.00474774 0.00187802 0.01125890 0.00554194 0.00373468 0.00719307 0.00285549 0.19695594 0.35814490 0.00368780 0.08914138 0.04615059 0.00663923 0.01473980 0.02497109 0.00238208 0.00952883 0.16724095
151 0.05873839 0.02623290 0.02412690 0.01086680 0.00953130 0.01343550 0.03770349 0.03299699 0.01482740 0.04122309 0.13236498 0.02345890 0.03302779 0.02681510 0.35770194 0.05599699 0.03371589 0.00323766 0.01288780 0.05111019
152 0.04621161 0.25377508 0.04624311 0.02083041 0.01031770 0.05147502 0.05402642 0.02518741 0.03633371 0.01869331 0.03878171 0.18299705 0.01683411 0.02203051 0.02045071 0.05816062 0.03972761 0.01215830 0.02026711 0.02549851
153 0.08280684 0.03493802 0.02864611 0.01511181 0.00988505 0.02128431 0.03841502 0.04164422 0.01955051 0.02657671 0.05400182 0.02875631 0.01764631 0.01558771 0.39365518 0.07530093 0.03534262 0.00355349 0.01306301 0.04423402
154 0.04662079 0.01247350 0.01290320 0.00304038 0.01157030 0.01146420 0.01054150 0.00973492 0.00885131 0.13930297 0.19680796 0.01847280 0.04331969 0.19292196 0.01296950 0.01984050 0.02452109 0.01107480 0.08585068 0.12771797
155 0.33235609 0.01876950 0.01896130 0.01327040 0.03858741 0.01552840 0.02182541 0.10922103 0.02020351 0.02579861 0.02102511 0.01121020 0.00563222 0.00718725 0.02192371 0.19548205 0.07099292 0.00280327 0.00623310 0.04298851
156 0.06592450 0.05498320 0.15518301 0.10385701 0.01197910 0.06211830 0.05583590 0.06918340 0.03315710 0.02719730 0.03405750 0.05921920 0.01716580 0.02527300 0.02122600 0.08173540 0.06646150 0.00443734 0.02558130 0.02542410
157 0.04813647 0.01111719 0.00894415 0.00472608 0.01332379 0.00781614 0.00694596 0.02072789 0.00407616 0.17849691 0.29838084 0.00788783 0.08778705 0.04354638 0.01019729 0.02284469 0.03739218 0.00395510 0.00910500 0.17459291
158 0.01050659 0.00990888 0.01556389 0.00107477 0.00982474 0.00525591 0.00353187 0.00336855 0.01937039 0.02838958 0.13155792 0.00884340 0.01862859 0.40414076 0.00691694 0.01273809 0.01177969 0.01617589 0.25448785 0.02793568
159 0.03376341 0.00216840 0.00238113 0.00105316 0.01052740 0.00614647 0.00195458 0.00486556 0.00081221 0.32720513 0.15952106 0.00406474 0.04518802 0.01862261 0.00490074 0.00890351 0.03801131 0.00385864 0.00837077 0.31768112
160 0.05519243 0.14710308 0.11021306 0.05507323 0.00809496 0.10018906 0.09179005 0.03262822 0.03395662 0.02393801 0.02350801 0.12232707 0.00893588 0.02124181 0.02054861 0.06829404 0.04290722 0.00238941 0.01503451 0.01663471
161 0.04650026 0.01866069 0.01838209 0.01485299 0.01080099 0.01376469 0.01310169 0.00884536 0.03046458 0.10772992 0.10856492 0.01852139 0.02728688 0.15902288 0.01609959 0.03156028 0.03107998 0.02203608 0.18298986 0.11973491
162 0.05978326 0.03970277 0.03862757 0.01763439 0.01066869 0.02314458 0.02779008 0.01689269 0.05805086 0.03651077 0.05514466 0.03090918 0.01508029 0.11810292 0.09829943 0.05654006 0.03090788 0.01757259 0.20951285 0.03912447
163 0.36459885 0.01255429 0.01672789 0.01040630 0.03631309 0.01334989 0.01375249 0.19054792 0.01358049 0.02868489 0.02682059 0.00923286 0.00435083 0.00634911 0.01768659 0.15568994 0.04364838 0.00277541 0.00373100 0.02919919
164 0.04042471 0.00339189 0.00340257 0.00166667 0.01129330 0.00697677 0.00329325 0.00618585 0.00152925 0.30777206 0.16601903 0.00570914 0.04636591 0.02231430 0.00690547 0.01155430 0.03963311 0.00400200 0.00905036 0.30251005
165 0.07812141 0.03015960 0.18808903 0.22523704 0.00807732 0.06795561 0.06521401 0.04441321 0.03073200 0.01949360 0.02642950 0.05127311 0.01198520 0.00848804 0.00922366 0.05626161 0.04813541 0.00144822 0.01238310 0.01687930
166 0.05456678 0.00907825 0.01527899 0.00946792 0.01610339 0.01427859 0.01061630 0.01464219 0.00645894 0.25156089 0.14123394 0.01196189 0.04743778 0.02314049 0.01243589 0.03441289 0.07025757 0.00422012 0.01164229 0.24120490
167 0.09129354 0.05771746 0.05590576 0.03150568 0.01253619 0.07901795 0.12557391 0.04175827 0.02858158 0.06337586 0.03384468 0.06697135 0.01963069 0.02222508 0.02828188 0.11420192 0.06034066 0.00508628 0.01954289 0.04260837
168 0.04058060 0.28170800 0.03804930 0.01235840 0.00858541 0.05896490 0.04940530 0.01375190 0.03692540 0.01846300 0.02947460 0.23154200 0.01092190 0.01653900 0.01357990 0.04261780 0.03287480 0.00587299 0.01294080 0.04484400
169 0.07557331 0.07234251 0.06787011 0.05747441 0.01182450 0.12034802 0.10846902 0.04332591 0.03183141 0.04233921 0.03507411 0.08682181 0.01417490 0.02506420 0.02381300 0.07196921 0.05140401 0.00576074 0.01716320 0.03735641
170 0.03072241 0.01495410 0.00679745 0.00319609 0.01091330 0.00689777 0.00644238 0.00793288 0.00426459 0.14225003 0.43661010 0.00438635 0.10296902 0.05512551 0.00909697 0.01652050 0.01777950 0.00185618 0.01054180 0.11074303
171 0.04608664 0.25457820 0.04719894 0.02086192 0.01010261 0.05074694 0.05327494 0.02540632 0.03682493 0.01888252 0.03916353 0.18328515 0.01694131 0.02194412 0.02037092 0.05792185 0.03978873 0.01123521 0.02018222 0.02520302
172 0.03684762 0.00630046 0.00414806 0.00169985 0.01176701 0.00566472 0.00312807 0.00651681 0.00189874 0.25179711 0.25748512 0.00433089 0.06690443 0.03397332 0.00605408 0.01239851 0.03425372 0.00321047 0.00885890 0.24276211
173 0.06451692 0.02776121 0.09341023 0.24324509 0.00830115 0.05140982 0.17085906 0.05205842 0.02447831 0.01749651 0.01979821 0.05959192 0.00945544 0.00726060 0.01366790 0.05608692 0.04145811 0.00252056 0.01261060 0.02401301
174 0.07513570 0.04932280 0.03744670 0.14418099 0.00783951 0.06792230 0.26335299 0.02924620 0.01986350 0.02007290 0.02450660 0.07721170 0.01030770 0.01591270 0.02344420 0.05842800 0.03334060 0.00515446 0.00963338 0.02767710
175 0.07427555 0.02251998 0.02330188 0.26882781 0.00498920 0.04762247 0.35237575 0.00754895 0.01023619 0.00526426 0.00889176 0.07711554 0.00419356 0.00354712 0.01355339 0.03777647 0.01696709 0.00051052 0.00317523 0.01730729
176 0.04906138 0.02829729 0.20337793 0.26592091 0.00545514 0.06925598 0.05149428 0.04957978 0.03570719 0.02104809 0.02026599 0.05655908 0.01140420 0.00855843 0.00743756 0.04377328 0.04513798 0.00124872 0.01381590 0.01260090
177 0.06738562 0.01254140 0.01033790 0.01027440 0.01327570 0.01368330 0.01702260 0.01562550 0.00686182 0.22928305 0.15255804 0.01599900 0.04378871 0.03003081 0.01511020 0.03367871 0.04758491 0.00622315 0.01289610 0.24583906
178 0.32213596 0.01827890 0.01909120 0.01183320 0.07540709 0.01256640 0.01655070 0.10036499 0.01518760 0.02160950 0.02208860 0.01080810 0.00743047 0.00742786 0.01295530 0.20709698 0.07800179 0.00190855 0.00633074 0.03292610
179 0.05367182 0.05515742 0.05041342 0.07229273 0.00767609 0.10683705 0.24553911 0.02020171 0.02016361 0.02927541 0.03917922 0.07517463 0.05224662 0.02747221 0.02220941 0.04407762 0.03010861 0.00815117 0.01090650 0.02924561
