1 0.02673831 0.00529224 0.00329415 0.00098361 0.01342990 0.00256271 0.00223109 0.00555734 0.00121537 0.29462408 0.22485606 0.00326106 0.05758161 0.02955341 0.00431681 0.01643530 0.02790061 0.00423673 0.00907353 0.26685607
2 0.07228414 0.05535453 0.04637873 0.02286471 0.00909753 0.02293911 0.03665102 0.02218381 0.05783114 0.02208271 0.03567272 0.03595302 0.01589671 0.01510231 0.35246922 0.06496964 0.04279703 0.00658126 0.02456032 0.03833032
3 0.06174004 0.04394753 0.09267706 0.13503609 0.00851623 0.03021242 0.06706254 0.17742212 0.03251012 0.01603481 0.01650721 0.05376664 0.00361841 0.00940654 0.01571551 0.10255507 0.09091236 0.00662873 0.00644805 0.02928252
4 0.06488050 0.01402360 0.01285550 0.00896233 0.01400550 0.01063360 0.01495380 0.01623400 0.00851397 0.22355498 0.15945699 0.01634420 0.04685940 0.02789840 0.01701320 0.03692170 0.04591220 0.00562967 0.01531450 0.24003198
5 0.13340195 0.06113228 0.04599208 0.04454018 0.02782019 0.05418678 0.06279358 0.03431169 0.03111269 0.03515589 0.03024609 0.10289196 0.01663009 0.02023609 0.02357069 0.09679756 0.10128096 0.00557879 0.01201070 0.06030978
6 0.04043268 0.02562229 0.16066692 0.22349789 0.00577058 0.03613908 0.04272738 0.03473188 0.02998999 0.06309187 0.03834378 0.07931136 0.00948389 0.01561769 0.01959499 0.06639187 0.04555158 0.00968920 0.03249598 0.02084909
7 0.20516194 0.02915519 0.03919069 0.03413659 0.02580659 0.01663080 0.02947859 0.23636393 0.01881319 0.02021669 0.01910049 0.02092189 0.00598114 0.01266990 0.01935419 0.16485395 0.06420108 0.00608361 0.00560683 0.02627269
8 0.04611359 0.01170560 0.01078940 0.00739987 0.01454780 0.01312990 0.01190170 0.01362950 0.00637066 0.26116393 0.17600296 0.01199010 0.05002479 0.03189119 0.01159810 0.03216989 0.03663589 0.00532402 0.01575220 0.23185894
9 0.06573233 0.05791633 0.04242912 0.08937274 0.00513826 0.07219023 0.22022111 0.02925621 0.01865331 0.02097041 0.02668231 0.10562605 0.01456081 0.01057341 0.08901604 0.05444553 0.03421042 0.00447396 0.01244441 0.02608701
10 0.01225270 0.01793760 0.02086770 0.00290779 0.00514755 0.01186970 0.00259969 0.00482235 0.05385239 0.02854000 0.05993899 0.00858465 0.01996700 0.33569796 0.00441871 0.00929928 0.02173010 0.01807850 0.34380496 0.01768240
11 0.04313960 0.10160599 0.05532259 0.04087670 0.01008720 0.03735270 0.04340780 0.01688460 0.06573449 0.02991520 0.04401820 0.14725799 0.01463330 0.05675819 0.02117190 0.05783099 0.02774610 0.01809260 0.13741299 0.03075090
12 0.03107249 0.01935319 0.02533269 0.00628147 0.00896281 0.01416879 0.01026710 0.01590239 0.02808669 0.06076677 0.13631294 0.01632999 0.03604688 0.29419487 0.00889245 0.02156309 0.02816179 0.01650879 0.17418493 0.04760988
13 0.06067991 0.02975581 0.10762702 0.21989205 0.00379297 0.06205751 0.19499304 0.03850501 0.02797021 0.01126110 0.01909010 0.07212772 0.00376910 0.00615141 0.01410880 0.06171901 0.03933081 0.00478271 0.00639910 0.01598660
14 0.07639150 0.02421700 0.03233220 0.24057899 0.00401498 0.06122740 0.31569199 0.03194640 0.00862835 0.00775721 0.01358500 0.07412100 0.00233214 0.00230441 0.01019860 0.04853380 0.02002580 0.00148392 0.00387952 0.02074980
15 0.04770891 0.25581108 0.03390311 0.02406291 0.00737335 0.06137862 0.04466761 0.03085051 0.03401061 0.02038781 0.03792851 0.17218105 0.01877991 0.01948821 0.02901671 0.06637092 0.03740761 0.00952644 0.02036721 0.02877891
16 0.08978349 0.01778520 0.04170579 0.04124999 0.01194820 0.01373580 0.02275930 0.55092592 0.01288720 0.01605070 0.01779530 0.01665860 0.00854261 0.01183730 0.00937381 0.06728819 0.02354570 0.00350725 0.00471838 0.01790130
17 0.06637862 0.01471578 0.01293738 0.00888482 0.01408958 0.01006479 0.01537378 0.01691868 0.00855211 0.22261672 0.15788980 0.01654798 0.04647714 0.02756557 0.01780608 0.03805825 0.04599514 0.00530030 0.01518778 0.23863970
18 0.07033784 0.16627910 0.05155063 0.04272923 0.00843241 0.10824806 0.06893854 0.09018165 0.02555752 0.01755781 0.01463731 0.06771454 0.00495430 0.01038451 0.03290332 0.13250108 0.05583513 0.00650215 0.00858206 0.01617281
19 0.07989141 0.04295220 0.03348400 0.14097701 0.00557158 0.07616011 0.27353802 0.03784070 0.01402000 0.01976640 0.02512280 0.08150091 0.00854097 0.00951219 0.02349870 0.05649750 0.03080500 0.00531231 0.00844127 0.02656690
20 0.03584351 0.00819046 0.00640674 0.00203691 0.00980818 0.00384336 0.00500798 0.01094310 0.00293055 0.21324703 0.30339004 0.00702961 0.07160441 0.05206071 0.00626065 0.01625370 0.02551970 0.00436962 0.01236770 0.20288603
21 0.16407400 0.03817280 0.04296570 0.03302060 0.02926740 0.02864740 0.03821900 0.06676400 0.02349720 0.03466750 0.03261630 0.03359690 0.01395830 0.01410210 0.02539210 0.20044001 0.11511000 0.00667037 0.01366100 0.04515730
22 0.04688950 0.01620130 0.01504190 0.00763362 0.00850172 0.00860519 0.01411840 0.01658860 0.00791148 0.14240899 0.33266598 0.01504860 0.07436779 0.07201089 0.01183370 0.02342800 0.02480860 0.00647646 0.02191130 0.13354799
23 0.05406351 0.14979003 0.04251131 0.03611751 0.00505343 0.11018802 0.08577632 0.01431250 0.03244451 0.03270001 0.07109551 0.16982704 0.03096701 0.01867290 0.01640460 0.04785841 0.03176361 0.00546866 0.01326970 0.03171541
24 0.08603955 0.01813991 0.04187382 0.04188002 0.01153291 0.01382961 0.02266361 0.55519129 0.01284731 0.01617241 0.01757001 0.01707181 0.00854434 0.01204431 0.00946406 0.06553963 0.02328881 0.00350903 0.00506315 0.01773441
25 0.09402553 0.01916511 0.02203141 0.01347660 0.01904721 0.02136961 0.02069511 0.02757421 0.01230090 0.19613106 0.10934803 0.02140471 0.03772231 0.01976561 0.02373861 0.09263183 0.06276622 0.00528781 0.01310610 0.16841205
26 0.21319391 0.01517139 0.01608199 0.00925575 0.01871329 0.02006989 0.02363179 0.05891598 0.01666279 0.12348495 0.08739616 0.01778079 0.02597319 0.02464809 0.03153549 0.08970516 0.05242738 0.00451426 0.01275879 0.13807894
27 0.02781040 0.00837785 0.00586911 0.00171861 0.01426790 0.00446501 0.00370259 0.00598991 0.00232634 0.28763096 0.20839897 0.00524029 0.06868659 0.02911240 0.00696093 0.02003680 0.03251430 0.00481959 0.01007750 0.25199397
28 0.07736269 0.02433270 0.02643280 0.23341296 0.00380615 0.06317229 0.33136795 0.03206109 0.00686904 0.00693818 0.01305430 0.07624189 0.00235166 0.00230343 0.01003340 0.04699909 0.01852490 0.00110156 0.00348354 0.02015040
29 0.03533239 0.00498663 0.00432108 0.00163307 0.01488829 0.00398548 0.00365720 0.00519841 0.00220206 0.31015189 0.17390694 0.00451142 0.04825608 0.01941609 0.00852980 0.02100549 0.03364069 0.00423664 0.00952847 0.29061190
30 0.07005561 0.05747181 0.03819801 0.11851302 0.00511233 0.09033932 0.24492605 0.03415851 0.01868000 0.02090490 0.01710890 0.11386102 0.00597354 0.00979203 0.01503880 0.07337011 0.03122521 0.00456792 0.00972468 0.02097820
31 0.08727839 0.01751490 0.04185170 0.04113790 0.01133740 0.01358230 0.02210260 0.55942196 0.01251970 0.01539430 0.01732250 0.01616760 0.00830655 0.01129620 0.00938484 0.06624360 0.02305450 0.00346980 0.00467078 0.01794250
32 0.03421523 0.00767231 0.00560311 0.00156645 0.00867497 0.00323221 0.00419845 0.01093991 0.00223679 0.20467117 0.32848528 0.00591852 0.07590456 0.05710155 0.00541716 0.01378341 0.02181372 0.00420691 0.01239611 0.19196216
33 0.03207398 0.00825861 0.00556245 0.00160634 0.00879150 0.00331038 0.00464800 0.01062549 0.00204260 0.21320788 0.32939681 0.00495303 0.07577626 0.05732527 0.00486300 0.01380759 0.02007159 0.00406986 0.01256449 0.18704489
34 0.05017369 0.15709198 0.03200350 0.01453340 0.00734403 0.04129650 0.05177919 0.02654470 0.02204720 0.01701350 0.02553480 0.05167379 0.00910543 0.00927351 0.31304996 0.07696319 0.04650629 0.00622385 0.01387860 0.02796290
35 0.00898940 0.01151451 0.02384841 0.00224404 0.00478479 0.00896419 0.00179000 0.00396420 0.03588812 0.03528582 0.07654834 0.00663188 0.02090481 0.41352021 0.00407581 0.00670908 0.02141401 0.01562051 0.28109714 0.01620471
36 0.04669120 0.20786400 0.04491050 0.02473120 0.00804951 0.05377440 0.03281970 0.02476260 0.08855380 0.01513810 0.02903370 0.15364100 0.01325300 0.03180240 0.02176420 0.06220970 0.03562570 0.01290170 0.06939550 0.02307810
37 0.13599106 0.02243341 0.04666442 0.01572601 0.02795351 0.01978911 0.01744851 0.03418961 0.01661301 0.02308421 0.01769241 0.01657211 0.01247431 0.00850984 0.01734371 0.28333112 0.23344610 0.00445200 0.00954443 0.03674112
38 0.02971370 0.03098830 0.02700690 0.01260270 0.00876271 0.01787300 0.01174220 0.01095890 0.06437260 0.03733400 0.05929700 0.02363360 0.02151700 0.21189400 0.01153210 0.02705880 0.02701230 0.01971990 0.31283000 0.03415030
39 0.04611278 0.11307796 0.04611788 0.01419209 0.01005590 0.03275309 0.02532559 0.02301319 0.13741495 0.01466999 0.02722169 0.08805537 0.00708999 0.05368488 0.01981299 0.08155717 0.02743489 0.01913789 0.19243692 0.02083479
40 0.03227478 0.01951519 0.02499298 0.00644333 0.00909056 0.01381259 0.01019399 0.01695389 0.02798658 0.06001946 0.13553090 0.01644839 0.03612477 0.29182179 0.00910801 0.02164098 0.02836008 0.01716559 0.17525387 0.04726227
41 0.06595337 0.06092638 0.05354988 0.03143809 0.00807218 0.11784795 0.07335177 0.01833899 0.02714129 0.06209118 0.13392195 0.06744877 0.05581098 0.03422109 0.02480679 0.04824348 0.03708379 0.00816052 0.01983399 0.05175758
42 0.17103701 0.02122940 0.02710090 0.01852360 0.02237990 0.01284750 0.02541050 0.14298901 0.01513930 0.08068940 0.07313050 0.01990390 0.02072990 0.06341950 0.02338060 0.12627001 0.04828070 0.00612824 0.01385020 0.06755990
43 0.03393240 0.01891300 0.02434320 0.01751170 0.01028190 0.01435110 0.01072550 0.00903341 0.03301780 0.11711701 0.10444601 0.01954050 0.03192690 0.18319902 0.01276320 0.02519730 0.02614160 0.01233760 0.20768702 0.08753381
44 0.04627185 0.01660552 0.01481902 0.00672666 0.00856383 0.00918895 0.01283741 0.01627952 0.00766326 0.14476516 0.33392837 0.01531042 0.07487558 0.07124418 0.01135221 0.02298403 0.02412983 0.00592665 0.02173142 0.13479615
45 0.02775699 0.01015250 0.01768260 0.00273029 0.00468708 0.00589959 0.00586039 0.01256490 0.01263950 0.08662678 0.27711293 0.00812217 0.06240639 0.24198094 0.00691132 0.01024010 0.01893030 0.00972700 0.10486897 0.07309928
46 0.04588070 0.01642370 0.01549390 0.00767119 0.00843637 0.00910680 0.01378650 0.01681620 0.00782661 0.14448300 0.32984499 0.01531330 0.07458830 0.07168060 0.01211580 0.02300150 0.02429690 0.00659326 0.02218740 0.13445300
47 0.07564251 0.08581591 0.05100191 0.06250461 0.00678855 0.14538301 0.11987301 0.03234860 0.03118410 0.04080290 0.03092340 0.09011251 0.01737580 0.02037690 0.02226010 0.07106671 0.04334740 0.00671445 0.01736840 0.02910920
48 0.02754700 0.00454729 0.00377873 0.00092622 0.01500590 0.00290129 0.00214186 0.00397783 0.00149435 0.31080897 0.18904498 0.00377980 0.05528059 0.02131370 0.00556244 0.01842030 0.03350300 0.00422955 0.00842824 0.28730797
49 0.19567192 0.03179189 0.04552708 0.03623978 0.02799139 0.01637439 0.02952759 0.13395494 0.02084309 0.02056929 0.01935329 0.02347409 0.00613557 0.01153020 0.01886809 0.19711292 0.12086395 0.00642065 0.00540761 0.03234229
50 0.07652555 0.02408558 0.03146688 0.23919285 0.00326518 0.06571026 0.32173579 0.02887288 0.00736300 0.00663053 0.01108379 0.08389605 0.00218016 0.00180187 0.00958811 0.04629887 0.01728139 0.00095159 0.00360729 0.01846239
51 0.03491913 0.00499093 0.00428506 0.00164897 0.01490471 0.00385815 0.00347582 0.00530449 0.00224237 0.31019029 0.17499016 0.00460309 0.04832274 0.01961652 0.00795482 0.02095652 0.03351433 0.00421638 0.00952621 0.29047927
52 0.08813508 0.06600719 0.06190989 0.04621039 0.01373150 0.04589139 0.03716549 0.04353919 0.08755488 0.02822179 0.03903769 0.06611689 0.01742380 0.05643949 0.02830409 0.08075888 0.05402669 0.01329220 0.09054368 0.03568979
53 0.04501388 0.01157639 0.01091219 0.00689770 0.01426019 0.01224789 0.01131179 0.01323239 0.00603699 0.26309087 0.17716691 0.01149849 0.05034227 0.03215908 0.01137969 0.03082358 0.03703558 0.00528922 0.01553899 0.23418588
54 0.15676199 0.02940440 0.13123699 0.07469680 0.01548600 0.04486000 0.04462850 0.05923620 0.03078530 0.02627380 0.03652390 0.04541710 0.01726920 0.01527840 0.03185860 0.10505099 0.06770380 0.00862206 0.01648730 0.04241870
55 0.26641696 0.02329610 0.02637040 0.02553720 0.02715150 0.02505950 0.04208539 0.09173789 0.02123900 0.04313429 0.04586179 0.02465250 0.01431450 0.01713550 0.02872590 0.13367498 0.06335489 0.00596905 0.01139730 0.06288539
56 0.03221628 0.00519026 0.00407610 0.00168200 0.01491119 0.00387641 0.00324415 0.00499346 0.00209999 0.31451085 0.17693992 0.00420107 0.04878628 0.01913759 0.00738934 0.02071409 0.03281368 0.00433038 0.00920412 0.28968286
57 0.28436221 0.01894291 0.02387532 0.01368101 0.03996763 0.01514941 0.02376972 0.07829566 0.02192002 0.02530172 0.02658412 0.01462171 0.00727665 0.01040501 0.02100332 0.22160616 0.09924907 0.00420402 0.00772111 0.04206323
58 0.04858998 0.04330668 0.11292895 0.05273268 0.01044910 0.02466049 0.03800198 0.04324738 0.02926539 0.01975409 0.03512259 0.03366619 0.03314339 0.03598549 0.02548189 0.09388786 0.12162895 0.14066394 0.03319059 0.02429239
59 0.03351810 0.01522140 0.01290660 0.00262510 0.01263330 0.00889406 0.00781638 0.01051320 0.00567748 0.21088099 0.24089798 0.01029080 0.10924099 0.04572150 0.01347930 0.02527330 0.03664430 0.00641445 0.01301980 0.17833099
60 0.02875510 0.33885398 0.02680800 0.01446240 0.00361005 0.05490200 0.02820200 0.01353350 0.03573220 0.00782049 0.03197550 0.27139798 0.01938440 0.01220190 0.00843882 0.04266750 0.02526910 0.00353341 0.01087660 0.02157510
61 0.03789492 0.01376311 0.02331391 0.00590348 0.01190190 0.01048990 0.01071180 0.01441521 0.01820181 0.08843424 0.21325209 0.01515441 0.05368572 0.19896408 0.01290021 0.02394951 0.05458202 0.01893401 0.09076124 0.08278643
62 0.05133521 0.18013303 0.03168340 0.03777001 0.00357795 0.12632202 0.11756302 0.01591760 0.03040990 0.02913240 0.02370780 0.20034603 0.01330980 0.01377550 0.01015260 0.04934421 0.02992850 0.00286123 0.00980248 0.02292730
63 0.04636938 0.01113180 0.01060370 0.00693315 0.01468009 0.01356409 0.01229370 0.01398409 0.00647105 0.26038890 0.17628293 0.01225500 0.04990618 0.03200189 0.01172710 0.03143519 0.03682479 0.00502008 0.01562999 0.23249691
64 0.06639864 0.04282283 0.14928009 0.10453606 0.00996300 0.04815653 0.04909793 0.06342514 0.03797962 0.02696472 0.04269903 0.06017044 0.02095011 0.02832992 0.02961932 0.08593095 0.06737594 0.01161251 0.02499822 0.02968902
65 0.08122131 0.03966131 0.06997221 0.12788102 0.00923164 0.02544420 0.07039601 0.12353702 0.02590130 0.02633300 0.05839641 0.04320241 0.00726629 0.01649820 0.02018430 0.09362921 0.09554321 0.00684146 0.00844946 0.05041001
66 0.07739459 0.02428170 0.02663410 0.23498298 0.00380439 0.06280449 0.33096997 0.03149840 0.00692046 0.00703253 0.01351760 0.07562899 0.00226603 0.00225048 0.00998987 0.04688130 0.01848990 0.00110934 0.00332440 0.02021850
67 0.07830491 0.02378920 0.02208650 0.23586603 0.00351531 0.06368271 0.34366405 0.03010820 0.00519078 0.00616777 0.01242410 0.07679271 0.00214177 0.00174866 0.00965474 0.04511291 0.01627600 0.00087333 0.00302061 0.01957970
68 0.32277186 0.01581219 0.02177769 0.01614749 0.02974579 0.01322349 0.02381349 0.14659394 0.01894669 0.02643159 0.02377339 0.01147050 0.00544376 0.01044760 0.02164309 0.15924193 0.08040747 0.00539756 0.00384180 0.04306868
69 0.10598294 0.03272678 0.04989957 0.02979998 0.02333799 0.02746598 0.03125898 0.03725918 0.02187299 0.05638317 0.04805647 0.03236988 0.02437879 0.02327589 0.02544038 0.16083290 0.16878790 0.01034289 0.01730049 0.07322686
70 0.03362100 0.01246080 0.01080700 0.00253873 0.01308280 0.00753923 0.00668021 0.00946384 0.00455363 0.23173801 0.23398101 0.00910506 0.08994560 0.04305140 0.01159700 0.02386380 0.03521560 0.00594627 0.01325000 0.20155901
71 0.04200359 0.30329890 0.02429439 0.01275560 0.00424910 0.11582796 0.04323269 0.01718749 0.02943629 0.01807359 0.02333399 0.18211094 0.01375370 0.01350540 0.01746619 0.07493158 0.03294019 0.00387406 0.00803606 0.01968829
72 0.06857491 0.09526461 0.04982490 0.15493402 0.00666938 0.04095200 0.12922801 0.05093561 0.02153480 0.02542800 0.03145120 0.08553861 0.00970152 0.00929827 0.01729950 0.06635021 0.05077621 0.00648623 0.01238250 0.06736951
73 0.06333080 0.09629690 0.03347780 0.08552420 0.00416092 0.09421550 0.24274300 0.04172790 0.01814250 0.02237330 0.01922090 0.10019400 0.00660369 0.01120950 0.02809130 0.05972600 0.03243330 0.00817840 0.01032790 0.02202220
74 0.09188502 0.04614031 0.03716371 0.12563403 0.00859265 0.06870531 0.23595705 0.04436261 0.01663370 0.02003080 0.02269150 0.07348972 0.00653319 0.00910430 0.01969790 0.09046462 0.04177291 0.00655343 0.00803142 0.02655581
75 0.03239828 0.01177469 0.01804389 0.00328811 0.00799018 0.00887728 0.00699490 0.01234859 0.01403439 0.12337492 0.20079187 0.00961720 0.05132277 0.23591085 0.00788934 0.01588529 0.02378918 0.00939129 0.10863893 0.09763804
76 0.26908909 0.02210391 0.02548171 0.02465301 0.02802141 0.02386921 0.04175481 0.09228573 0.02093971 0.04242301 0.04638102 0.02404491 0.01413780 0.01675021 0.02903651 0.13596605 0.06411042 0.00597996 0.01128010 0.06169142
77 0.03632988 0.00811034 0.00651644 0.00222721 0.00970551 0.00381894 0.00515786 0.01089310 0.00281353 0.21187391 0.30427387 0.00706470 0.07205127 0.05229728 0.00690704 0.01613939 0.02547809 0.00424407 0.01226369 0.20183391
78 0.07697550 0.02678220 0.03295190 0.21774601 0.00300683 0.07790190 0.32055301 0.02970840 0.00963305 0.00718005 0.01174360 0.08325410 0.00256627 0.00249894 0.01008050 0.04729030 0.01892580 0.00099444 0.00312380 0.01708340
79 0.26564389 0.01484099 0.02003819 0.00958409 0.02831539 0.01145420 0.02409739 0.05946927 0.01933929 0.05507788 0.03905998 0.01402249 0.01237649 0.01338149 0.02949669 0.17253293 0.08993046 0.00369704 0.01022490 0.10741695
80 0.27570594 0.01555810 0.01889590 0.00619406 0.13582497 0.01003960 0.01475900 0.06481479 0.01999840 0.02290479 0.02789039 0.02058990 0.02146990 0.01635680 0.01819930 0.18795996 0.07300138 0.00362406 0.01413760 0.03207519
81 0.06388275 0.03923513 0.07977436 0.20890816 0.00305354 0.08465346 0.20826416 0.03004362 0.02392762 0.01258951 0.01420011 0.10175408 0.00428652 0.00452396 0.01177571 0.05563764 0.02925802 0.00239725 0.00649498 0.01533941
82 0.04451158 0.01091580 0.01075330 0.00498319 0.01420909 0.00659083 0.01100880 0.01185160 0.00565138 0.23016991 0.25129590 0.00976478 0.05843658 0.03475379 0.00948927 0.04057408 0.03414139 0.00463244 0.01110540 0.19516092
83 0.02519561 0.04039661 0.02560151 0.00632116 0.00623365 0.02099550 0.00808074 0.01064330 0.11107402 0.01748050 0.03142401 0.02500431 0.01318460 0.18054204 0.00896424 0.02537021 0.02198920 0.01751400 0.38402308 0.01996170
84 0.06154656 0.12562991 0.03613727 0.05058946 0.00407896 0.15125489 0.14111590 0.02004089 0.03033478 0.03730797 0.02209758 0.15600089 0.01205089 0.01402269 0.01248189 0.05483646 0.03339408 0.00326865 0.01066909 0.02314118
85 0.07969536 0.04324338 0.03264328 0.14179993 0.00542592 0.07677696 0.27580187 0.03800198 0.01341069 0.01966069 0.02518839 0.08228466 0.00819633 0.00957125 0.02180839 0.05613407 0.03010339 0.00537436 0.00848742 0.02639169
86 0.05127646 0.10114693 0.02962428 0.01656069 0.01237749 0.02516358 0.02890068 0.02284558 0.01914599 0.07630725 0.19714986 0.06186736 0.05150166 0.04254227 0.03016178 0.05147696 0.07041915 0.01754349 0.01850209 0.07548645
87 0.03148537 0.00423877 0.00351516 0.00125777 0.01512089 0.00326511 0.00261657 0.00410628 0.00180311 0.32026971 0.17300785 0.00362845 0.04772966 0.01757818 0.00665873 0.01935188 0.03294187 0.00420845 0.00871947 0.29849673
88 0.04666854 0.25740919 0.03345973 0.02469982 0.00715372 0.06095505 0.04440303 0.03058462 0.03348673 0.02080782 0.03773163 0.17322613 0.01880561 0.02055282 0.02771092 0.06573365 0.03735353 0.00954655 0.02085832 0.02885262
89 0.12838516 0.02405053 0.02781084 0.01765872 0.02226663 0.02498443 0.02601213 0.03846215 0.01730792 0.13478017 0.07566000 0.02656453 0.03016414 0.01780892 0.02819304 0.13899418 0.08409311 0.00513955 0.01390672 0.11775715
90 0.06269972 0.02735071 0.09717363 0.23376207 0.00375017 0.08396662 0.19265505 0.03257571 0.03040211 0.01145100 0.01393610 0.07550412 0.00377316 0.00474239 0.01259990 0.05840512 0.03130441 0.00296186 0.00615214 0.01483400
91 0.08979757 0.01211541 0.02071562 0.00988947 0.01714261 0.01083411 0.01566651 0.01793181 0.01349111 0.17040914 0.10728309 0.01995412 0.04135833 0.01757041 0.01779561 0.06504495 0.10436609 0.00465411 0.01233171 0.23164819
92 0.03269730 0.00806332 0.00620520 0.00191095 0.01013020 0.00390414 0.00487346 0.01021330 0.00272651 0.22338203 0.30633605 0.00566833 0.07206841 0.05283721 0.00562104 0.01577230 0.02290160 0.00443870 0.01277790 0.19747203
93 0.05332062 0.16887807 0.04726862 0.06023653 0.00831254 0.06345283 0.08419564 0.02712021 0.03309131 0.02383971 0.03714982 0.18216408 0.01906071 0.01867311 0.01812381 0.05888353 0.03870142 0.00623952 0.01908931 0.03219861
94 0.02241201 0.00408911 0.00239590 0.00081364 0.01484671 0.00230938 0.00150476 0.00334874 0.00086605 0.32528215 0.19472009 0.00232247 0.05110812 0.01995211 0.00373681 0.01666521 0.02922151 0.00425298 0.00794010 0.29221214
95 0.06756445 0.03984143 0.15392111 0.06345334 0.01073781 0.04800473 0.04030653 0.02863092 0.03369502 0.02707112 0.04352603 0.04582533 0.03057892 0.01890131 0.14531510 0.07705615 0.06180334 0.01028761 0.01974021 0.03373952
96 0.06245767 0.13411693 0.05435997 0.05812997 0.01462619 0.05815637 0.07035036 0.03607918 0.03447918 0.02451969 0.02926868 0.16150691 0.01676229 0.01647499 0.02114349 0.10303595 0.05104097 0.00727713 0.01850329 0.02771079
97 0.02276129 0.00424040 0.00247542 0.00077858 0.01473409 0.00239177 0.00158452 0.00336342 0.00090921 0.32427779 0.19555487 0.00234217 0.05140747 0.02040699 0.00381788 0.01646869 0.02904878 0.00423755 0.00791431 0.29128481
98 0.04636006 0.01604869 0.01481169 0.00711111 0.00869953 0.00879540 0.01360409 0.01677439 0.00755675 0.14268088 0.33632772 0.01525989 0.07465924 0.07042414 0.01244639 0.02295658 0.02379898 0.00676359 0.02100898 0.13391189
99 0.07293431 0.03862670 0.16238402 0.09521471 0.01287900 0.04593510 0.03860700 0.05348041 0.03600190 0.02004530 0.02362640 0.05078681 0.01352440 0.01352290 0.02745210 0.14686201 0.10112101 0.01010850 0.01461080 0.02227660
100 0.06713551 0.05316941 0.02550120 0.12285602 0.00238245 0.10575301 0.31022704 0.02698760 0.01125630 0.01753650 0.01313810 0.12596702 0.00544943 0.00801939 0.01167190 0.04492071 0.02091240 0.00189760 0.00758239 0.01763600
101 0.08002566 0.04325078 0.03330779 0.14190694 0.00530366 0.07620147 0.27340688 0.03865048 0.01419029 0.01956259 0.02584889 0.08172946 0.00864729 0.00980813 0.02208219 0.05585257 0.02986719 0.00530398 0.00847319 0.02658059
102 0.05557226 0.16301389 0.04918477 0.04869207 0.01286889 0.05710206 0.06239206 0.03123798 0.03407858 0.02183179 0.03114748 0.19054887 0.01695439 0.01620879 0.01790459 0.09490254 0.04516117 0.00700216 0.01819269 0.02600298
103 0.04596647 0.01643249 0.01519469 0.00705087 0.00841668 0.00854967 0.01364289 0.01624039 0.00764297 0.14555792 0.33235481 0.01569289 0.07438106 0.07128726 0.01177329 0.02281249 0.02372849 0.00619458 0.02155719 0.13552292
104 0.33375114 0.01439641 0.01985821 0.01376071 0.03264831 0.01094730 0.01975031 0.17975508 0.01729731 0.02321441 0.02156171 0.00883351 0.00476253 0.01084570 0.02155161 0.17197907 0.05655122 0.00468039 0.00319624 0.03065881
105 0.08129708 0.02566559 0.02563299 0.22392595 0.00307502 0.07023278 0.33204092 0.02975899 0.00624058 0.00629165 0.01137860 0.08533878 0.00225046 0.00195664 0.00970170 0.04596299 0.01695980 0.00076642 0.00309676 0.01842630
106 0.08748265 0.04682933 0.03512992 0.12523508 0.00641003 0.05892674 0.24801015 0.11412807 0.01287671 0.01568961 0.01784391 0.06567994 0.00460985 0.00779726 0.01558101 0.06636894 0.03429552 0.00625862 0.00640462 0.02444202
107 0.04610285 0.01174519 0.01118789 0.00772148 0.01463818 0.01212739 0.01205129 0.01329898 0.00641272 0.25917371 0.17674880 0.01266199 0.05025074 0.03222656 0.01184819 0.03231316 0.03727256 0.00521400 0.01656758 0.23043674
108 0.05793602 0.05048831 0.04160431 0.02366331 0.00886141 0.02433861 0.03277981 0.03120331 0.02725891 0.04181901 0.06545632 0.02873371 0.04217111 0.08113402 0.02009361 0.05284782 0.06446692 0.18700405 0.07042922 0.04771021
109 0.03466052 0.00514722 0.00441713 0.00186728 0.01483981 0.00399797 0.00369083 0.00517316 0.00215710 0.31020617 0.17449010 0.00455553 0.04843793 0.01953091 0.00817815 0.02102531 0.03358572 0.00429907 0.00939692 0.29034316
110 0.04787240 0.02896360 0.02717530 0.00696379 0.01456230 0.01928910 0.01755770 0.02023460 0.01353260 0.13007399 0.21126598 0.02854760 0.10807599 0.05827409 0.02135190 0.03757060 0.04293950 0.01272180 0.02687220 0.12615499
111 0.08301897 0.07185877 0.05160948 0.03696019 0.01223660 0.10818996 0.06676977 0.02725809 0.02909599 0.04636088 0.09466806 0.06825777 0.03134299 0.02085339 0.02959119 0.10807496 0.05223728 0.00761868 0.01410989 0.03988708
112 0.07358984 0.12177906 0.03393222 0.02851821 0.00849568 0.02621091 0.04345962 0.10111005 0.01848051 0.05056553 0.15061408 0.06138083 0.03818602 0.03608942 0.02081911 0.06904994 0.03765562 0.01364331 0.01467031 0.05174973
113 0.13672192 0.02142599 0.04699597 0.01583549 0.02740488 0.02022789 0.01745729 0.03334318 0.01693219 0.02327879 0.01809469 0.01647939 0.01239859 0.00881097 0.01767219 0.28100883 0.23343386 0.00467895 0.00955398 0.03824498
114 0.07423734 0.08664564 0.05143313 0.06416803 0.00700108 0.14404207 0.11951706 0.03203382 0.03193642 0.04012462 0.03070922 0.09133374 0.01744451 0.02075751 0.02145401 0.07036833 0.04307462 0.00746313 0.01714641 0.02910931
115 0.06675573 0.01430058 0.01239379 0.00933467 0.01392879 0.01027209 0.01576368 0.01573028 0.00828048 0.22362577 0.15826783 0.01644978 0.04656795 0.02730387 0.01699678 0.03692826 0.04559605 0.00568017 0.01508768 0.24073575
116 0.23078599 0.01273090 0.01733180 0.00625408 0.06661670 0.00901015 0.01709800 0.05275390 0.02004310 0.07516710 0.10816599 0.01562720 0.02861630 0.02014490 0.01691090 0.13934499 0.06561370 0.00392263 0.01095980 0.08290190
117 0.07510146 0.08513315 0.05145287 0.06379096 0.00700975 0.14467492 0.11846093 0.03238618 0.03110008 0.04109428 0.03057488 0.09057465 0.01696249 0.02048389 0.02223769 0.07180146 0.04462437 0.00663843 0.01716799 0.02872958
118 0.06733697 0.04227278 0.03778558 0.01359839 0.01166369 0.01764129 0.02720499 0.09405205 0.01832679 0.04246388 0.09914945 0.01977299 0.08718686 0.05351187 0.02237639 0.05055027 0.06359307 0.15343492 0.03298758 0.04509018
119 0.04648279 0.01668010 0.01522250 0.00695767 0.00827640 0.00921589 0.01327650 0.01658590 0.00755650 0.14355996 0.33297891 0.01544060 0.07507708 0.07165838 0.01165810 0.02293639 0.02452059 0.00615110 0.02189869 0.13386597
120 0.26835983 0.02314048 0.02574348 0.02476488 0.02703248 0.02448078 0.04229267 0.09351114 0.02169559 0.04231497 0.04699977 0.02433858 0.01413569 0.01666179 0.02853498 0.13504791 0.06326546 0.00580095 0.01106529 0.06081326
121 0.26883483 0.02264619 0.02538148 0.02304909 0.02810298 0.02411128 0.04017247 0.09188384 0.02112699 0.04361807 0.04784867 0.02456628 0.01457029 0.01745699 0.02842688 0.13459791 0.06311076 0.00595605 0.01093379 0.06360516
122 0.08780542 0.01806780 0.04225821 0.04216651 0.01164110 0.01389470 0.02337021 0.55292513 0.01285900 0.01540810 0.01659020 0.01699670 0.00807561 0.01142670 0.00920699 0.06755832 0.02395821 0.00338796 0.00474240 0.01766070
123 0.07003404 0.00846028 0.01026251 0.00430091 0.01601651 0.00820414 0.00920696 0.01306331 0.00643333 0.25738213 0.13593707 0.01039981 0.04272492 0.01746201 0.02026181 0.05301363 0.04964053 0.00392737 0.01055461 0.25271413
124 0.04683903 0.01305191 0.02149362 0.00526911 0.02034321 0.01131851 0.01088251 0.01084511 0.00848277 0.21253615 0.14262110 0.01923941 0.08851476 0.02321622 0.02777342 0.07078445 0.06775925 0.00571683 0.01131151 0.18200113
125 0.03214798 0.00598678 0.00459197 0.00149209 0.01307699 0.00328240 0.00327693 0.00674765 0.00218076 0.27534183 0.22607086 0.00550889 0.05819147 0.03103768 0.00587045 0.01771039 0.03190508 0.00429532 0.00978165 0.26150284
126 0.05253395 0.02008292 0.03900204 0.00723981 0.02486482 0.01831862 0.01625621 0.01441971 0.01644181 0.10602810 0.10978010 0.03054973 0.11608010 0.03346623 0.03381003 0.08056427 0.12424711 0.02255522 0.01801512 0.11574410
127 0.07422030 0.10379400 0.05669530 0.05937240 0.01917580 0.05451530 0.06993820 0.04078570 0.03350880 0.02672390 0.03006420 0.13239900 0.01650880 0.01688490 0.02368370 0.12607700 0.06024980 0.00734379 0.01897590 0.02908320
128 0.05744998 0.04263608 0.18405493 0.12891995 0.00511182 0.10351996 0.06176008 0.03234879 0.04710738 0.01679359 0.03002809 0.06268848 0.02204869 0.01408589 0.02904789 0.07219887 0.05460408 0.00671175 0.01226930 0.01661439
129 0.03248601 0.00850497 0.00605225 0.00217645 0.00988209 0.00414818 0.00510599 0.01014230 0.00252604 0.22478910 0.30487813 0.00587129 0.07188023 0.05233732 0.00536908 0.01575231 0.02262991 0.00444032 0.01290691 0.19812109
130 0.03275961 0.00447304 0.00380286 0.00149809 0.01488820 0.00353312 0.00286353 0.00456833 0.00206234 0.31800010 0.17046505 0.00424576 0.04705021 0.01781781 0.00739311 0.01965261 0.03323081 0.00419584 0.00913748 0.29836209
131 0.04677723 0.25579718 0.03329482 0.02363152 0.00709361 0.06047844 0.04458393 0.03043022 0.03342302 0.02108442 0.03883643 0.17259312 0.01915781 0.02090372 0.02962932 0.06513925 0.03747783 0.00977889 0.02083342 0.02905582
132 0.04637058 0.01678089 0.01548759 0.00776832 0.00820171 0.00848876 0.01379329 0.01690619 0.00788467 0.14391692 0.33114482 0.01577859 0.07435586 0.07175496 0.01213439 0.02236479 0.02417669 0.00607427 0.02193379 0.13468293
133 0.07606346 0.02419859 0.03180258 0.24097887 0.00395906 0.06137527 0.31698283 0.03160578 0.00866279 0.00767537 0.01364989 0.07413736 0.00243995 0.00240767 0.01008429 0.04823957 0.01977329 0.00136535 0.00374834 0.02084969
134 0.26926204 0.01317650 0.01886610 0.00883841 0.01990560 0.01233560 0.02442090 0.06137971 0.01820220 0.07162951 0.04718211 0.01560790 0.01648990 0.01823540 0.03693021 0.11098202 0.06981001 0.00406594 0.01335090 0.14932902
135 0.11164288 0.01436908 0.01815008 0.00878490 0.01263899 0.01105609 0.02022098 0.03079177 0.01087279 0.10424189 0.29948168 0.01528208 0.06424623 0.05490904 0.01523778 0.04912565 0.03055227 0.00540415 0.01446678 0.10852488
136 0.07090671 0.04192710 0.04269910 0.02343540 0.01972450 0.02304030 0.02343500 0.02274230 0.06474991 0.03443700 0.03821620 0.04437100 0.01637330 0.08056761 0.02093580 0.11735601 0.05751321 0.01840630 0.20164102 0.03752220
137 0.04654546 0.01621099 0.01490529 0.00685538 0.00844077 0.00912240 0.01393409 0.01634319 0.00757944 0.14382387 0.33374371 0.01521739 0.07509343 0.07253914 0.01252549 0.02214988 0.02407168 0.00617154 0.02177398 0.13295288
138 0.03253091 0.01943871 0.02582261 0.00626414 0.00899820 0.01448391 0.01140130 0.01628771 0.02831441 0.06023723 0.13328106 0.01715341 0.03535331 0.29273112 0.00948274 0.02208331 0.02813961 0.01691681 0.17425207 0.04682742
139 0.15122191 0.02403069 0.04070008 0.03602898 0.01887379 0.01328459 0.02313079 0.41044876 0.01459789 0.01647339 0.01440959 0.01827749 0.00586668 0.01143409 0.01338779 0.11885993 0.04036398 0.00467688 0.00441322 0.01951949
140 0.03325702 0.00951067 0.00897038 0.00169099 0.00585458 0.00360853 0.00436089 0.01386731 0.00394265 0.15234410 0.34240723 0.00568545 0.08057305 0.12506508 0.00532717 0.01063411 0.01676721 0.00551345 0.03747002 0.13315009
141 0.18385589 0.01399079 0.02842648 0.00561660 0.12493792 0.01331069 0.01323679 0.04188297 0.01735919 0.06183786 0.06568506 0.02259239 0.07480695 0.01974409 0.02371549 0.12365892 0.06772746 0.00540051 0.02037699 0.07183696
142 0.03389687 0.00506195 0.00419334 0.00163962 0.01474449 0.00412293 0.00360745 0.00501495 0.00221060 0.31182377 0.17483387 0.00467384 0.04836776 0.01934829 0.00761413 0.02066578 0.03331588 0.00420582 0.00917990 0.29147878
143 0.08915699 0.01790480 0.04147670 0.04126850 0.01146190 0.01388960 0.02246210 0.55287396 0.01258420 0.01624310 0.01806070 0.01683590 0.00845555 0.01172500 0.00932098 0.06626229 0.02325640 0.00347406 0.00460419 0.01868310
144 0.08733820 0.02778940 0.07140730 0.22807400 0.00626306 0.05292130 0.18437700 0.04585890 0.02301900 0.01291990 0.01686350 0.06662320 0.00278635 0.00532928 0.01211640 0.08461330 0.03819970 0.00412180 0.00832441 0.02105400
145 0.22026409 0.01459541 0.03086711 0.02056891 0.04633392 0.00818928 0.01544001 0.33276214 0.01358961 0.01682551 0.01484591 0.01165991 0.00712465 0.01330121 0.01510211 0.14761806 0.04322982 0.00367308 0.00468266 0.01932661
146 0.02735530 0.00435007 0.00321888 0.00117595 0.01516670 0.00330776 0.00235832 0.00366883 0.00142322 0.32690405 0.17568802 0.00330463 0.04800471 0.01713610 0.00617191 0.01894640 0.03133140 0.00424387 0.00834782 0.29789604
147 0.28507877 0.01815239 0.02382478 0.01419809 0.04088057 0.01470379 0.02435208 0.07846204 0.02201128 0.02563478 0.02623588 0.01428439 0.00728009 0.01019039 0.02022548 0.22243382 0.09859602 0.00408514 0.00777105 0.04159917
148 0.12301204 0.04692082 0.03258331 0.05149082 0.01099460 0.04857352 0.13981004 0.12427704 0.01710811 0.06514252 0.04053041 0.04670081 0.01112770 0.01843581 0.02254381 0.08089293 0.05184942 0.00729212 0.00965296 0.05106122
149 0.03270250 0.00843886 0.00609796 0.00205748 0.00995088 0.00404588 0.00534950 0.01032280 0.00247849 0.22407902 0.30456203 0.00565905 0.07179561 0.05350141 0.00526700 0.01563330 0.02258960 0.00425899 0.01294460 0.19826502
150 0.03161071 0.01043260 0.00610879 0.00121964 0.00948347 0.00432675 0.00421477 0.01058980 0.00202121 0.21257309 0.31276314 0.00535316 0.08537404 0.05657752 0.00525098 0.01403541 0.02362621 0.00477649 0.01224711 0.18741508
151 0.06442799 0.04664959 0.11556098 0.04305429 0.00984289 0.03826159 0.04094919 0.02479420 0.02897219 0.02581740 0.04098719 0.03851799 0.02782569 0.01615870 0.24963096 0.07169549 0.05601739 0.00820799 0.01721590 0.03541239
152 0.04757622 0.25833610 0.03344851 0.02412421 0.00708163 0.06143332 0.04467562 0.02992711 0.03310681 0.01988281 0.03821612 0.17279807 0.01925261 0.01909281 0.03043061 0.06632533 0.03772342 0.00898527 0.01859941 0.02898401
153 0.07540828 0.06104969 0.03319869 0.01606020 0.00857337 0.01933600 0.04449399 0.02544719 0.02149580 0.03098149 0.03919429 0.02531019 0.01636700 0.01266070 0.39776991 0.06279429 0.04332719 0.00506585 0.01302010 0.04844579
154 0.03261149 0.01236360 0.01902029 0.00376731 0.00817093 0.00902179 0.00772294 0.01271880 0.01408460 0.12454696 0.19654194 0.01027410 0.05068388 0.23342593 0.00802645 0.01632649 0.02413409 0.00929479 0.10889397 0.09836967
155 0.31075408 0.01661680 0.02077001 0.01202660 0.03967331 0.01447420 0.02401211 0.09120802 0.02191831 0.02752391 0.02708821 0.01334710 0.00710679 0.01010070 0.02162211 0.20247205 0.08442352 0.00435233 0.00679281 0.04371701
156 0.06646848 0.04206479 0.15045995 0.10427097 0.01032540 0.04817929 0.04782479 0.06438008 0.03777809 0.02674549 0.04192369 0.06051218 0.02086139 0.02908069 0.03038439 0.08520377 0.06624758 0.01145920 0.02535769 0.03047209
157 0.04678875 0.01103329 0.00705143 0.00185251 0.00522682 0.00415638 0.00562408 0.02543667 0.00263697 0.13077685 0.38526056 0.00757516 0.09706189 0.08235651 0.00632698 0.01289769 0.01741838 0.00467294 0.01403328 0.13181285
158 0.01296669 0.01081929 0.02327349 0.00250942 0.00426330 0.00753575 0.00245638 0.00553500 0.02852329 0.04585808 0.13135393 0.00722246 0.03229458 0.37444081 0.00454396 0.00684233 0.02052639 0.01709139 0.23387788 0.02806559
159 0.02734611 0.00397117 0.00281934 0.00098506 0.01515980 0.00282770 0.00196066 0.00306245 0.00125493 0.33079011 0.17226306 0.00287500 0.04691792 0.01605881 0.00603177 0.01834941 0.03110011 0.00419797 0.00844052 0.30358810
160 0.04847774 0.15764581 0.10078488 0.06279752 0.00558694 0.10598087 0.06870992 0.03322956 0.03942605 0.01814688 0.02289247 0.11398586 0.01285878 0.01563798 0.02439637 0.08211820 0.04940764 0.00645527 0.01429748 0.01716378
161 0.03000950 0.03002310 0.02685830 0.01206440 0.00877585 0.01734650 0.01128030 0.01104110 0.06485030 0.03713920 0.05963970 0.02311680 0.02152180 0.21234601 0.01117530 0.02714090 0.02677010 0.01972400 0.31578002 0.03339680
162 0.03038709 0.03030949 0.02666039 0.01241719 0.00907574 0.01790229 0.01127010 0.01105290 0.06406167 0.03686158 0.05931707 0.02390029 0.02184869 0.21003891 0.01112520 0.02783499 0.02766329 0.01970229 0.31472886 0.03384199
163 0.35061797 0.01283700 0.01937800 0.01414490 0.02580050 0.01525250 0.02158450 0.20778198 0.01597810 0.02457220 0.02283000 0.00948688 0.00565696 0.00987335 0.02510280 0.13230099 0.04635250 0.00532229 0.00317201 0.03195460
164 0.03533199 0.00514286 0.00423121 0.00158303 0.01477849 0.00392016 0.00340547 0.00521213 0.00232290 0.30837788 0.17607493 0.00458641 0.04855238 0.02028969 0.00836802 0.02098759 0.03380889 0.00418754 0.00955855 0.28927989
165 0.11747706 0.02871801 0.06470833 0.15774808 0.00851611 0.03791102 0.13248607 0.04421472 0.01952221 0.03075972 0.08779105 0.05250663 0.01160501 0.01573141 0.01907651 0.06963974 0.03876742 0.00612407 0.01402221 0.04267462
166 0.09505006 0.01974351 0.02203901 0.01390081 0.01898171 0.02076481 0.02133631 0.02786042 0.01314351 0.19291112 0.10698707 0.02193371 0.03774512 0.01961371 0.02458962 0.09485036 0.06439074 0.00532308 0.01354021 0.16529510
167 0.12214504 0.05251752 0.04533451 0.08359443 0.01372140 0.03783251 0.14723005 0.14068305 0.01861541 0.01920931 0.02044421 0.04669352 0.00441503 0.01072250 0.01901861 0.12072204 0.05262712 0.01003730 0.00707874 0.02735771
168 0.07851961 0.08175731 0.03222360 0.03084930 0.00954398 0.04015370 0.04959050 0.01869180 0.02596810 0.07184231 0.07199981 0.11397701 0.03593840 0.01907860 0.02634000 0.05047710 0.05992361 0.00672413 0.01802010 0.15838101
169 0.07573433 0.08316653 0.05201195 0.06401864 0.00703098 0.14501987 0.11707490 0.03235927 0.03192827 0.04050396 0.03035717 0.09026212 0.01752648 0.02029768 0.02208548 0.07203284 0.04425606 0.00703299 0.01770998 0.02959047
170 0.04642032 0.01612071 0.01501851 0.00755408 0.00829270 0.00888765 0.01332510 0.01695461 0.00785751 0.14434005 0.33244012 0.01549841 0.07455803 0.07159363 0.01197310 0.02291271 0.02441511 0.00616550 0.02160311 0.13406905
171 0.04702121 0.25751008 0.03441831 0.02361491 0.00674339 0.06025412 0.04368891 0.03175691 0.03353251 0.02061651 0.03816841 0.17247805 0.01911891 0.01988521 0.02783281 0.06612782 0.03782091 0.00915871 0.02106601 0.02918631
172 0.03171559 0.00679573 0.00529236 0.00100025 0.01153960 0.00338040 0.00296631 0.00836171 0.00203998 0.24338596 0.26835296 0.00584870 0.07216939 0.04299399 0.00519895 0.01542820 0.02872190 0.00425257 0.01054550 0.23000996
173 0.06329257 0.03000619 0.09075736 0.22882589 0.00547720 0.05408577 0.16927992 0.05793747 0.02497489 0.01742569 0.01980849 0.07295276 0.00481777 0.00754232 0.01401539 0.06287367 0.03672778 0.00534810 0.01248989 0.02136089
174 0.08067591 0.04280380 0.03285000 0.14340501 0.00536910 0.07581231 0.27417903 0.03920720 0.01351850 0.01983910 0.02500250 0.08234631 0.00817876 0.00928065 0.02208320 0.05596851 0.02963300 0.00507506 0.00809033 0.02668170
175 0.07582374 0.02402761 0.03156972 0.24175313 0.00405480 0.06077663 0.31798417 0.03145642 0.00846544 0.00769787 0.01371531 0.07384864 0.00233817 0.00243818 0.00997766 0.04854563 0.01968521 0.00130410 0.00372506 0.02081251
176 0.07644193 0.02439061 0.03204811 0.24105608 0.00410552 0.06145822 0.31519711 0.03221541 0.00844578 0.00778246 0.01376240 0.07424283 0.00231694 0.00228537 0.00991073 0.04826182 0.02000271 0.00139632 0.00377634 0.02090331
177 0.06767322 0.01429860 0.01200900 0.00972281 0.01388590 0.00986200 0.01586000 0.01598580 0.00856395 0.22149305 0.15837004 0.01618730 0.04653331 0.02715401 0.01796920 0.03849111 0.04648411 0.00528830 0.01460620 0.23956206
178 0.29125817 0.01286261 0.01736311 0.00479059 0.11499607 0.00768003 0.01443981 0.06317514 0.02008661 0.01789011 0.02497581 0.01569461 0.01512861 0.01262941 0.01512961 0.22771613 0.08204075 0.00277721 0.01043371 0.02893192
179 0.05570464 0.04035843 0.05997044 0.04850783 0.00401269 0.12891908 0.21782214 0.01735881 0.01991991 0.02880912 0.05989994 0.08190375 0.08592555 0.01806511 0.02555332 0.03727302 0.02684772 0.00642112 0.00878256 0.02794482
