1 0.04213392 0.00554357 0.00612725 0.00254619 0.01127461 0.00580976 0.00652345 0.00467308 0.00220549 0.21308912 0.28030916 0.00669594 0.08117975 0.03909832 0.00715165 0.02276241 0.04154372 0.00373836 0.01140911 0.20618512
2 0.09430617 0.07347057 0.03973879 0.03780699 0.01382180 0.04420398 0.04186649 0.03049209 0.09814737 0.02944219 0.03677019 0.03406919 0.01643919 0.02019439 0.20851793 0.06630628 0.04750908 0.00441225 0.03154849 0.03093659
3 0.03836340 0.02064590 0.06932281 0.11823301 0.01737320 0.01888240 0.05433401 0.26779703 0.01139200 0.02423310 0.01358760 0.02266540 0.00449051 0.00706462 0.01460590 0.17953002 0.08068001 0.00661713 0.00418834 0.02599360
4 0.07112672 0.01611931 0.01114650 0.01387230 0.00970676 0.01409770 0.01812961 0.01176440 0.00769166 0.21681707 0.13606605 0.02110141 0.04009721 0.02529821 0.01425070 0.03888111 0.04294291 0.00501984 0.01531941 0.27055109
5 0.12902307 0.03732582 0.02922232 0.01546581 0.00758301 0.04736043 0.03070462 0.01996301 0.02198141 0.11396707 0.03876342 0.13043908 0.02063121 0.01063381 0.13519408 0.06047304 0.04189472 0.00473231 0.01440541 0.09023635
6 0.04324078 0.02935589 0.01477289 0.01106729 0.00703249 0.06896986 0.10592595 0.01129009 0.01231889 0.14378493 0.22125589 0.06725527 0.05329337 0.02657249 0.00970326 0.03484768 0.03397438 0.00347296 0.01074179 0.09112385
7 0.18335521 0.01743642 0.04242155 0.03431914 0.03450434 0.01640672 0.02552443 0.19724322 0.01495692 0.02099212 0.02101642 0.01786262 0.00614424 0.00877136 0.01556152 0.22441325 0.08464669 0.00595739 0.00529863 0.02316783
8 0.04346635 0.01259479 0.00937370 0.00512774 0.00938181 0.01739608 0.01138689 0.01538898 0.00578588 0.27699768 0.16898681 0.01558948 0.04749265 0.03360866 0.00976440 0.02874617 0.03486396 0.00413207 0.01415118 0.23576473
9 0.12814593 0.06042456 0.05288567 0.04012808 0.01474009 0.04635057 0.05359497 0.18669489 0.01712659 0.02234489 0.02624478 0.12629893 0.01415349 0.01841069 0.02271819 0.07355566 0.04368077 0.00834328 0.01420669 0.02995128
10 0.02752700 0.01760740 0.01690860 0.00898362 0.00748621 0.01013270 0.01031790 0.01244430 0.07164300 0.02811690 0.06528870 0.02272000 0.01891590 0.16524899 0.00782113 0.02463790 0.02478400 0.03424730 0.38786298 0.03730550
11 0.03990397 0.05710506 0.05836656 0.01722129 0.00929017 0.03262548 0.02684688 0.01939159 0.07666545 0.02677188 0.04513507 0.12894191 0.01591139 0.08576794 0.01483189 0.04129767 0.03259108 0.01876009 0.22042385 0.03215078
12 0.03189418 0.01652729 0.00919790 0.00570345 0.01034079 0.00776844 0.00845633 0.01575679 0.02255429 0.06382586 0.12827292 0.01965379 0.03135588 0.37646177 0.00685176 0.02392429 0.02667838 0.01449649 0.13745692 0.04282247
13 0.07726253 0.02182071 0.07273943 0.29794411 0.00891067 0.05640902 0.21814008 0.02622091 0.02669041 0.00633768 0.00856474 0.04460172 0.00269089 0.00212035 0.01984571 0.05746582 0.02041581 0.00357780 0.00544700 0.02279461
14 0.08874502 0.01309219 0.03333297 0.33269771 0.00690295 0.05320985 0.25543078 0.01767768 0.02570578 0.00526562 0.00795957 0.04022397 0.00144529 0.00163115 0.02104878 0.04500866 0.01812898 0.00163265 0.00637431 0.02448608
15 0.04706189 0.30939491 0.03777219 0.02065519 0.00907892 0.05159529 0.05213708 0.02226879 0.03240409 0.02342319 0.03276639 0.15061396 0.01858949 0.02087239 0.02083009 0.05958008 0.03785999 0.00775537 0.01399180 0.03134889
16 0.08380322 0.01332410 0.03203851 0.04512271 0.01231850 0.01584060 0.01666930 0.59743917 0.00718369 0.02040341 0.01658380 0.01390950 0.00571281 0.00813646 0.00914475 0.05532712 0.02696841 0.00310343 0.00522738 0.01174310
17 0.07217758 0.01709020 0.01149860 0.01315550 0.00965579 0.01435230 0.01765620 0.01142800 0.00768110 0.21769695 0.13549497 0.02092569 0.03969149 0.02492969 0.01441190 0.03892159 0.04389529 0.00527435 0.01491390 0.26914894
18 0.04082953 0.31362121 0.04224043 0.01283191 0.00520887 0.14293609 0.06856435 0.01326121 0.04313983 0.02884402 0.02068961 0.11786208 0.01777061 0.01388911 0.01915041 0.03496602 0.03151612 0.00238338 0.00767530 0.02261991
19 0.06998310 0.04740960 0.03229850 0.12150900 0.00535099 0.07702870 0.33583599 0.02582370 0.02269110 0.01691000 0.03268750 0.05128660 0.00873229 0.00823864 0.01907280 0.04927150 0.03382060 0.00517409 0.00872973 0.02814560
20 0.04158838 0.00546494 0.00611722 0.00221580 0.01110750 0.00573668 0.00587306 0.00428488 0.00197850 0.21587590 0.27959687 0.00621389 0.08098566 0.03960758 0.00657651 0.02259539 0.04197398 0.00349207 0.01122129 0.20749391
21 0.14911387 0.03317407 0.04110446 0.03626897 0.03194227 0.02302138 0.03448657 0.05974665 0.02103548 0.02891687 0.03147307 0.02608478 0.01258839 0.01473779 0.02493088 0.25974777 0.11244390 0.00709687 0.01223159 0.03985436
22 0.03953600 0.01655010 0.01000230 0.00427343 0.00954611 0.01049470 0.01548880 0.01159850 0.00734552 0.13443399 0.36143197 0.01183280 0.09515339 0.06082190 0.01150330 0.02625980 0.03440090 0.00642021 0.02160230 0.11130399
23 0.06230551 0.16576503 0.04752391 0.03875441 0.00766485 0.06844821 0.06328571 0.02207750 0.01837420 0.02868820 0.03157511 0.24366504 0.01732000 0.02275080 0.02027780 0.04770931 0.03446481 0.00524159 0.01687780 0.03723021
24 0.08476122 0.01317590 0.03240151 0.04490811 0.01239140 0.01599880 0.01689740 0.59256111 0.00782617 0.02111360 0.01603300 0.01372040 0.00588610 0.00879202 0.00935477 0.05707451 0.02737480 0.00255787 0.00527549 0.01189580
25 0.04395593 0.01201041 0.00910961 0.00504091 0.00972017 0.01770251 0.01180361 0.01336611 0.00560966 0.27553118 0.17002611 0.01526071 0.04766483 0.03614722 0.00959229 0.02858832 0.03452202 0.00420664 0.01445161 0.23569015
26 0.29952512 0.02194301 0.02074601 0.02910281 0.02689531 0.02704991 0.03725121 0.08877374 0.01956311 0.03740731 0.04098242 0.03014261 0.01598271 0.01559991 0.02848121 0.12606905 0.05562302 0.00448760 0.01037990 0.06399403
27 0.03310150 0.00753914 0.00655713 0.00042007 0.01152260 0.00401093 0.00358062 0.00253237 0.00175916 0.18547302 0.35874904 0.00298891 0.11361001 0.04524600 0.00470436 0.01933240 0.04032300 0.00306250 0.00905121 0.14643601
28 0.08557051 0.01707460 0.03120730 0.30880702 0.00633223 0.05259360 0.27810902 0.01836130 0.02435420 0.00574328 0.01032480 0.03917420 0.00168661 0.00196366 0.02071400 0.04431400 0.02012020 0.00193923 0.00660542 0.02500480
29 0.03371582 0.00290192 0.00295476 0.00093062 0.00644342 0.00918611 0.00277986 0.00228409 0.00118925 0.35355319 0.14210208 0.00511436 0.03197282 0.01532111 0.00486438 0.01826851 0.02463301 0.00416329 0.00651720 0.33110418
30 0.05444490 0.14950701 0.03368270 0.02434800 0.00596490 0.11324901 0.17241801 0.02415870 0.02147550 0.08176371 0.03619000 0.11004201 0.01807330 0.00949825 0.01486060 0.05051190 0.03550740 0.00495327 0.01584640 0.02350440
31 0.08758289 0.01438260 0.03155559 0.04444949 0.01238690 0.01565660 0.01701400 0.59069690 0.00775312 0.02076340 0.01670760 0.01397490 0.00589120 0.00849822 0.00938617 0.05573999 0.02718090 0.00292626 0.00516970 0.01228360
32 0.04477558 0.00524249 0.00564369 0.00308735 0.01061919 0.00664031 0.00623838 0.00436760 0.00221247 0.24027788 0.23171389 0.00812786 0.06694487 0.03313288 0.00709530 0.02314599 0.04063028 0.00377364 0.01102549 0.24530488
33 0.03020669 0.00609246 0.00594276 0.00052055 0.00998952 0.00452359 0.00391368 0.00275249 0.00140465 0.20217993 0.35253788 0.00301959 0.09848207 0.04647738 0.00457614 0.01856219 0.03652079 0.00312754 0.00978216 0.15938795
34 0.05873333 0.22645811 0.03486112 0.01452151 0.00891344 0.05244573 0.04032622 0.02134271 0.04659312 0.02319991 0.02751221 0.06266983 0.01312061 0.01417451 0.19630010 0.06016723 0.05082692 0.00668877 0.01298101 0.02816361
35 0.01658611 0.00425220 0.00454442 0.00255001 0.00764691 0.00365727 0.00204102 0.01199241 0.02147311 0.04997003 0.09765675 0.01072881 0.01677601 0.48052625 0.00240961 0.01165321 0.01296561 0.00858003 0.21497811 0.01901211
36 0.04844361 0.05467791 0.23501903 0.07028431 0.01299100 0.03108300 0.03963941 0.01621200 0.14989402 0.01313000 0.02105420 0.05204971 0.00977304 0.03218220 0.01755340 0.06820161 0.03574911 0.00274412 0.06634651 0.02297180
37 0.14862503 0.03370461 0.04270221 0.03637521 0.03168871 0.02290700 0.03414801 0.06000521 0.02105520 0.02947151 0.03268521 0.02731211 0.01310920 0.01432800 0.02472230 0.25772705 0.11048902 0.00700891 0.01184910 0.04008641
38 0.02734318 0.01798269 0.01722629 0.00963142 0.00761100 0.01067349 0.01139839 0.01179069 0.07107164 0.02749378 0.06416975 0.02284868 0.01898559 0.16693187 0.00790763 0.02548478 0.02583138 0.03429877 0.38465870 0.03666027
39 0.05935772 0.23608406 0.03386491 0.01582320 0.01310610 0.04082981 0.03617341 0.01694650 0.09799963 0.02146351 0.02418821 0.03856661 0.02438171 0.02462231 0.02227991 0.11823203 0.04987531 0.00617124 0.02870751 0.09132632
40 0.03250450 0.01675430 0.00930408 0.00613530 0.00977826 0.00796468 0.00890032 0.01584480 0.02356280 0.06277771 0.12629701 0.01998440 0.03083910 0.37974004 0.00687996 0.02263490 0.02584340 0.01363620 0.13927701 0.04134120
41 0.08069810 0.07128880 0.04628990 0.05489290 0.01095300 0.15281700 0.12616600 0.03602400 0.02451330 0.04639740 0.03703150 0.09659250 0.01820050 0.01233330 0.03249830 0.05850930 0.04325530 0.00319728 0.01196700 0.03637460
42 0.08559088 0.03115469 0.02136620 0.02094830 0.01916840 0.01597800 0.02631639 0.03989949 0.02738949 0.03538939 0.06122749 0.03331699 0.02592979 0.14778697 0.01574520 0.20440896 0.07893928 0.01809810 0.05102979 0.04031619
43 0.03411679 0.01588420 0.01231470 0.00886674 0.01027330 0.01040830 0.00877424 0.01266260 0.05707698 0.05044219 0.09195478 0.01846800 0.06378348 0.14577896 0.00818059 0.02860699 0.03322699 0.02827649 0.30269192 0.05821178
44 0.03881539 0.01717499 0.01020720 0.00452713 0.00957081 0.01053650 0.01545970 0.01176070 0.00710805 0.13273696 0.36231789 0.01309920 0.09493747 0.06242888 0.01178460 0.02603839 0.03479659 0.00601181 0.02120979 0.10947797
45 0.03203302 0.01704451 0.00903628 0.00566412 0.01021661 0.00833802 0.00891327 0.01564851 0.02208741 0.06454334 0.12809008 0.02054941 0.03172862 0.37559022 0.00654544 0.02389931 0.02558272 0.01398891 0.13776408 0.04273613
46 0.04051632 0.01639751 0.00963570 0.00452801 0.00949355 0.01061900 0.01503951 0.01162140 0.00679867 0.13422706 0.36084415 0.01202271 0.09475404 0.06306783 0.01239051 0.02647601 0.03447211 0.00552365 0.02104821 0.11052405
47 0.08200801 0.07387021 0.04680340 0.05557570 0.01154560 0.14926101 0.12240501 0.03447410 0.02606410 0.04550770 0.03726970 0.09553611 0.01813780 0.01282020 0.03451610 0.05749030 0.04285350 0.00363162 0.01296800 0.03726180
48 0.03041203 0.00255173 0.00226638 0.00081547 0.00550615 0.00910774 0.00242320 0.00161220 0.00099246 0.37001131 0.13047711 0.00467739 0.02658152 0.01233291 0.00428448 0.01684721 0.02141312 0.00426142 0.00562686 0.34779929
49 0.13282601 0.01884760 0.05211650 0.03901400 0.03234150 0.01366290 0.02009510 0.13910401 0.01263330 0.02531540 0.01793750 0.01380560 0.00501998 0.00763703 0.01526170 0.26063801 0.15501001 0.00528575 0.00559659 0.02785150
50 0.08995243 0.01162450 0.02889981 0.33710313 0.00657679 0.05205552 0.27177210 0.01603451 0.02487551 0.00462930 0.00726800 0.03755021 0.00104788 0.00099856 0.02126181 0.04057242 0.01710741 0.00108333 0.00645956 0.02312721
51 0.09059250 0.06034190 0.01782800 0.02602410 0.01035320 0.02818700 0.03620840 0.01673060 0.01314000 0.06062530 0.05476490 0.13576699 0.02067710 0.01732610 0.03084580 0.05542430 0.04289660 0.00616085 0.01422040 0.26188599
52 0.08020445 0.06368136 0.06313706 0.04814437 0.01734929 0.03662648 0.05843786 0.02874648 0.12761792 0.02404139 0.03867558 0.04340427 0.02269839 0.05621397 0.02461679 0.07280236 0.04178807 0.01042299 0.10939893 0.03199198
53 0.04465358 0.01206669 0.00902053 0.00502328 0.00942219 0.01793069 0.01165710 0.01470579 0.00613863 0.27722788 0.16826993 0.01470419 0.04739138 0.03435629 0.00982530 0.02815319 0.03442289 0.00423609 0.01384949 0.23694490
54 0.15848310 0.04745903 0.17309411 0.07257945 0.01906211 0.04542133 0.04526773 0.04639963 0.03312352 0.01907541 0.02598662 0.06848844 0.01532381 0.01055621 0.02604442 0.10328707 0.04933833 0.00233167 0.01279011 0.02588792
55 0.29773984 0.02232389 0.02083439 0.02820318 0.02612939 0.02581979 0.03650518 0.08742025 0.01927579 0.03908028 0.04309408 0.02954458 0.01665579 0.01662109 0.02769958 0.12617593 0.05669637 0.00463568 0.00996936 0.06557556
56 0.02985220 0.00283628 0.00274941 0.00081859 0.00611124 0.00924889 0.00252207 0.00181202 0.00107361 0.36249896 0.14282999 0.00438874 0.03160610 0.01454310 0.00426758 0.01707390 0.02344710 0.00419533 0.00593994 0.33218497
57 0.07344227 0.04281898 0.04391378 0.09987356 0.01105670 0.05187288 0.19647793 0.04693058 0.02606479 0.01784459 0.02749589 0.04420088 0.00988918 0.01206690 0.01984289 0.16280594 0.05561138 0.01471369 0.00882359 0.03425359
58 0.08616420 0.01914990 0.01979180 0.01606010 0.01262810 0.01894320 0.01772650 0.02244460 0.01001930 0.11661500 0.12082500 0.01996570 0.04317600 0.02652090 0.01715550 0.07831540 0.13679501 0.00434296 0.01497780 0.19838301
59 0.04338139 0.01337070 0.00816185 0.00120071 0.01339230 0.00845067 0.00585034 0.00535781 0.00879324 0.18950694 0.28553191 0.00817557 0.13161996 0.03994029 0.00702526 0.02329219 0.04339319 0.00337936 0.01115040 0.14902595
60 0.02699519 0.33881188 0.03260889 0.02208599 0.00368923 0.04439288 0.02827079 0.00722473 0.00809239 0.01011210 0.01654749 0.34833988 0.00964636 0.01828729 0.00793965 0.02740889 0.02244019 0.00432312 0.00555677 0.01722629
61 0.02814208 0.00481832 0.00536146 0.00076868 0.01045329 0.00383510 0.00289786 0.00693353 0.00435697 0.15005090 0.28161581 0.00396870 0.07535405 0.20176186 0.00424031 0.01571969 0.03213688 0.00250266 0.05439496 0.11068692
62 0.06241455 0.08136317 0.04525204 0.01430451 0.01005621 0.14464512 0.06607756 0.01978012 0.03196873 0.05781765 0.07808567 0.10911909 0.10185109 0.01883922 0.01778332 0.04516514 0.03628223 0.00484695 0.01271891 0.04162874
63 0.04593286 0.01201349 0.00964130 0.00507257 0.00937917 0.01732739 0.01113899 0.01432269 0.00595682 0.27535077 0.16762586 0.01454699 0.04726946 0.03424217 0.01056999 0.02900528 0.03559147 0.00423185 0.01398509 0.23679580
64 0.05456920 0.04805700 0.26617398 0.10049999 0.02017060 0.04099240 0.04301950 0.05073180 0.04034810 0.02055260 0.02750960 0.05764190 0.01440400 0.01305590 0.01814140 0.08928759 0.04590520 0.00349828 0.01886830 0.02657270
65 0.05571079 0.02434649 0.02906899 0.09793438 0.00985822 0.02335289 0.06363358 0.04187989 0.01947360 0.02838449 0.16296396 0.03565589 0.01730940 0.02789119 0.03524929 0.09948228 0.13202897 0.00620973 0.01713950 0.07242648
66 0.07014547 0.04679858 0.03220478 0.12305094 0.00555214 0.07653156 0.33455884 0.02653549 0.02256029 0.01659969 0.03359038 0.05021498 0.00890543 0.00863139 0.01903279 0.04924298 0.03342098 0.00521468 0.00845223 0.02875639
67 0.07508335 0.02249522 0.07896806 0.27837020 0.01066741 0.04754903 0.17155113 0.05382714 0.02718112 0.01007761 0.01178691 0.04451093 0.00421454 0.00574010 0.02119392 0.06639255 0.03092602 0.00273637 0.00872867 0.02799972
68 0.29457782 0.01936219 0.01876689 0.01339329 0.02339879 0.01798889 0.02055429 0.07236786 0.01760599 0.02993848 0.03078138 0.01852739 0.01235389 0.01593919 0.02251949 0.18020389 0.12112493 0.00440317 0.00749483 0.05869736
69 0.10081494 0.03523188 0.03492588 0.02560968 0.01883559 0.02751568 0.03379968 0.04502207 0.01825989 0.05467167 0.06625896 0.02916968 0.02493409 0.02507608 0.03256338 0.16234890 0.16511090 0.01120379 0.01796809 0.07067916
70 0.02735578 0.01998509 0.00752872 0.00111527 0.00891885 0.00647408 0.00628457 0.00373444 0.00477575 0.12948491 0.42537771 0.00532414 0.13738191 0.05048607 0.00592072 0.01850019 0.03052378 0.00468831 0.00887501 0.09726473
71 0.03952463 0.34222424 0.04035163 0.01455541 0.00513961 0.11499808 0.06346584 0.01386431 0.04361563 0.02462832 0.02013101 0.12447009 0.01643231 0.01466871 0.02015551 0.03761013 0.02966112 0.00259782 0.00801838 0.02388722
72 0.06792416 0.02542819 0.04552367 0.17232790 0.00898333 0.03079578 0.09341435 0.04090178 0.02612948 0.01528799 0.02691688 0.03405538 0.00641383 0.01606709 0.09284815 0.12824693 0.12493393 0.00281472 0.00808569 0.03290078
73 0.05945571 0.05613521 0.08587832 0.12286602 0.00652930 0.06670711 0.27769805 0.03202781 0.02867641 0.01188480 0.02855471 0.05917811 0.00820241 0.00728393 0.01908990 0.06198831 0.03165011 0.00646273 0.00803505 0.02169600
74 0.06568232 0.05179051 0.02694841 0.08335842 0.00356850 0.13380103 0.35614209 0.01728100 0.01702940 0.02171491 0.03176371 0.06704662 0.00761433 0.00378752 0.01687520 0.03680121 0.03048651 0.00165199 0.00482272 0.02183361
75 0.03251776 0.01682128 0.00911617 0.00600549 0.01005069 0.00821040 0.00883086 0.01585538 0.02263718 0.06429273 0.12732986 0.01980188 0.03102127 0.37637559 0.00662871 0.02387017 0.02626717 0.01401848 0.13849985 0.04184905
76 0.29980187 0.02301199 0.02167469 0.02807739 0.02696389 0.02671079 0.03645948 0.08857686 0.01950039 0.03682308 0.04123468 0.03018229 0.01574379 0.01623429 0.02888919 0.12481994 0.05573787 0.00489465 0.01055880 0.06410407
77 0.03118331 0.10352802 0.02467090 0.00728742 0.00650178 0.02701891 0.02901281 0.00985846 0.01693440 0.05122281 0.36084007 0.04826201 0.11241402 0.04149801 0.01455270 0.03235141 0.02500900 0.00748405 0.01263170 0.03773821
78 0.06404273 0.05033193 0.02457541 0.07867854 0.00290296 0.13251907 0.39217920 0.01633031 0.01585071 0.01849991 0.03147952 0.05698773 0.00629270 0.00316583 0.01661001 0.03368702 0.02972392 0.00133839 0.00459901 0.02020511
79 0.28296695 0.01630680 0.01211040 0.01511380 0.01863580 0.01512360 0.01966180 0.05642689 0.01123480 0.05030259 0.04175469 0.02273920 0.01859890 0.01435250 0.02783840 0.14238798 0.07177409 0.00284030 0.00865756 0.15117298
80 0.17240904 0.02507751 0.01307500 0.00745620 0.06804902 0.01269880 0.00974154 0.03683061 0.02419141 0.05727901 0.08237132 0.02693571 0.03747031 0.15284204 0.01474540 0.08848232 0.05034771 0.01251020 0.03838061 0.06910622
81 0.06394858 0.09575666 0.10577296 0.08379157 0.00439924 0.08765197 0.14659194 0.02590219 0.02331979 0.01864459 0.03122729 0.16305494 0.01693759 0.00858265 0.01846279 0.04814548 0.02950789 0.00378792 0.00871718 0.01579679
82 0.03681241 0.00692366 0.00771952 0.00213091 0.01182310 0.00604780 0.00639667 0.00541665 0.00277471 0.19901007 0.31736810 0.00683647 0.09310643 0.03964341 0.00627789 0.03309701 0.04364931 0.00324049 0.01028230 0.16144305
83 0.03436221 0.01451511 0.01182131 0.00852482 0.01014860 0.00947900 0.00835538 0.01182091 0.05743972 0.04967412 0.09081744 0.01833201 0.06250583 0.14937706 0.00804797 0.02808821 0.03286451 0.02856411 0.30675813 0.05850353
84 0.06358272 0.07874293 0.17037706 0.07594083 0.01611541 0.12051604 0.07768733 0.03164381 0.02701341 0.02135811 0.02278471 0.10092303 0.01743681 0.00836360 0.02366161 0.06434642 0.04694982 0.00212397 0.01146210 0.01897031
85 0.07065573 0.04804122 0.03220271 0.12093505 0.00555703 0.07574353 0.33766113 0.02711601 0.02236181 0.01646011 0.03284251 0.05030002 0.00795106 0.00802365 0.01896431 0.04932032 0.03365851 0.00488417 0.00890431 0.02841681
86 0.03450879 0.00827843 0.00747006 0.00094145 0.01209650 0.00445086 0.00432167 0.00382042 0.00216562 0.16821593 0.35794386 0.00392053 0.11489695 0.04588428 0.00613396 0.02140989 0.04888438 0.00471890 0.01000960 0.13992794
87 0.02871479 0.00231126 0.00203316 0.00070765 0.00523711 0.00916838 0.00238887 0.00161040 0.00079848 0.37678193 0.12818698 0.00411280 0.02506470 0.01144360 0.00408833 0.01643690 0.02061610 0.00434173 0.00525191 0.35070494
88 0.04656178 0.31346183 0.03799518 0.02026529 0.00881258 0.05066217 0.04963897 0.02150669 0.03244078 0.02286969 0.03229908 0.15439592 0.01792179 0.02065029 0.02180219 0.05781567 0.03770148 0.00800505 0.01434169 0.03085188
89 0.14782809 0.03319122 0.04131352 0.03548552 0.03116602 0.02263151 0.03432052 0.06047534 0.02082651 0.03040312 0.03553362 0.02649832 0.01316041 0.01610731 0.02420031 0.25655215 0.10941206 0.00781291 0.01230191 0.04077962
90 0.04643549 0.01677970 0.30291795 0.24164996 0.01932960 0.03875739 0.07689759 0.03068590 0.03382519 0.00643883 0.00644926 0.02920360 0.00374222 0.00288220 0.01339110 0.07963849 0.02297290 0.00196375 0.00478970 0.02124920
91 0.07283685 0.01475619 0.01048059 0.01303569 0.00966021 0.01363509 0.01712009 0.01224629 0.00728750 0.21997185 0.13685791 0.02006439 0.04039747 0.02589358 0.01363039 0.03853517 0.04283577 0.00525525 0.01472189 0.27077782
92 0.03792011 0.01641320 0.00944690 0.00442044 0.00920934 0.01019050 0.01482530 0.01114130 0.00666697 0.13399202 0.36559805 0.01215520 0.09484951 0.06286911 0.01206710 0.02655260 0.03520481 0.00607670 0.02083480 0.10956602
93 0.06263799 0.16395797 0.04707889 0.03921849 0.00760753 0.06809919 0.06498199 0.02277290 0.01965890 0.02903160 0.03265049 0.24162496 0.01765470 0.02205970 0.01963330 0.04687499 0.03460289 0.00551333 0.01751710 0.03682309
94 0.02787790 0.00177064 0.00316610 0.00027742 0.00781187 0.00711295 0.00182477 0.00141410 0.00055644 0.33428598 0.18619499 0.00268216 0.04733050 0.02060260 0.00307979 0.01656200 0.02802910 0.00397700 0.00641072 0.29903298
95 0.05464857 0.04712377 0.27048284 0.10277094 0.01997269 0.04089178 0.04219387 0.05085247 0.03904398 0.02031349 0.02719968 0.05624677 0.01372199 0.01179399 0.01876679 0.09097414 0.04584327 0.00332751 0.01779049 0.02604098
96 0.02682510 0.33913704 0.03213100 0.02192370 0.00379834 0.04470151 0.02914150 0.00759434 0.00821309 0.01036050 0.01617600 0.34794005 0.00957395 0.01829690 0.00780441 0.02711330 0.02222260 0.00436436 0.00526168 0.01742060
97 0.02796189 0.00190353 0.00326092 0.00032206 0.00801624 0.00701330 0.00183094 0.00143713 0.00053032 0.33120994 0.18865997 0.00268343 0.04825389 0.02104300 0.00306783 0.01676930 0.02871679 0.00410588 0.00644970 0.29676395
98 0.03879072 0.01670351 0.00988244 0.00416240 0.00933217 0.01050541 0.01417761 0.01152031 0.00716620 0.13496807 0.36194218 0.01205741 0.09524835 0.06259113 0.01191871 0.02558541 0.03507952 0.00601849 0.02144691 0.11090306
99 0.04754462 0.02536501 0.33744911 0.11601704 0.02594971 0.02871971 0.02368061 0.03807781 0.03501671 0.01384320 0.01225250 0.02657321 0.00696399 0.00574878 0.01532551 0.15403405 0.05452372 0.00367952 0.00777878 0.02145641
100 0.03754222 0.09615315 0.03248652 0.02113331 0.00747840 0.05655813 0.12229606 0.02175171 0.06699203 0.02441531 0.03388402 0.21858410 0.01515161 0.10273305 0.01148801 0.05188572 0.03107421 0.00657933 0.02031901 0.02149411
101 0.06961389 0.04767220 0.03222750 0.12168499 0.00536214 0.07655819 0.33602097 0.02582890 0.02281730 0.01637780 0.03344070 0.05168069 0.00870855 0.00880721 0.01874410 0.05004829 0.03279450 0.00530887 0.00861733 0.02768590
102 0.06736235 0.12092091 0.04394647 0.03841637 0.01434729 0.05601946 0.05816616 0.03102608 0.01934369 0.02805328 0.02828248 0.21937284 0.01523309 0.01979429 0.02319998 0.11259892 0.04260777 0.00693284 0.01361099 0.04076477
103 0.03870192 0.01718421 0.00989763 0.00513940 0.00924410 0.01075790 0.01611561 0.01165251 0.00736210 0.13358006 0.36108016 0.01257701 0.09446944 0.06304223 0.01139921 0.02663341 0.03478112 0.00549803 0.02147191 0.10941205
104 0.19577396 0.01705020 0.04376929 0.02405399 0.06345159 0.01875270 0.01358250 0.29390594 0.01413070 0.02576379 0.02105880 0.01620740 0.00653238 0.00816233 0.01213760 0.14112497 0.05861789 0.00375991 0.00578169 0.01638240
105 0.13419504 0.03317681 0.02337701 0.15094605 0.00545683 0.06939232 0.31839110 0.03360991 0.01815851 0.01260370 0.01884801 0.03816601 0.00542860 0.00395472 0.02134441 0.04466681 0.03239361 0.00218381 0.00647124 0.02723551
106 0.07038199 0.04735449 0.03248929 0.11959298 0.00541209 0.07713559 0.33900695 0.02502650 0.02202890 0.01686480 0.03393059 0.04992519 0.00824589 0.00838076 0.01872570 0.04960889 0.03382689 0.00493028 0.00892214 0.02821010
107 0.04430510 0.01236960 0.00964853 0.00527373 0.00960956 0.01767310 0.01123440 0.01529880 0.00576275 0.27537299 0.16742200 0.01565430 0.04710000 0.03531700 0.00955549 0.02922180 0.03468660 0.00406536 0.01412190 0.23630700
108 0.04894228 0.03592009 0.01099670 0.01006230 0.01074240 0.00951815 0.02525929 0.02527899 0.01710669 0.02477249 0.06145948 0.02080709 0.04167929 0.07753287 0.01202780 0.05381928 0.06133338 0.33219188 0.08461097 0.03593859
109 0.03361630 0.00301291 0.00295453 0.00108172 0.00631763 0.00937366 0.00301465 0.00210425 0.00129908 0.35417800 0.14152500 0.00510134 0.03215720 0.01552490 0.00496777 0.01801160 0.02457930 0.00408090 0.00632326 0.33077600
110 0.05006148 0.02786309 0.01652679 0.00551458 0.01304789 0.01768499 0.01499379 0.01427479 0.01652869 0.12363494 0.26480287 0.02219529 0.12948394 0.05080268 0.01181049 0.03339568 0.04092678 0.01266499 0.02251629 0.11126995
111 0.04895208 0.15499694 0.05123078 0.01275739 0.00591317 0.12562295 0.09082016 0.01268789 0.02859169 0.03781078 0.10553796 0.13375395 0.04767958 0.01552869 0.02163959 0.03654339 0.03257729 0.00350584 0.01069700 0.02315289
112 0.06606190 0.07329839 0.04442550 0.01664440 0.00833622 0.06327400 0.06387970 0.01917160 0.02083370 0.05449520 0.14946699 0.15541499 0.03524230 0.03262350 0.02129390 0.04359600 0.03779850 0.00577565 0.02586730 0.06250030
113 0.12052795 0.02486069 0.03165329 0.02293189 0.02287359 0.01387329 0.01523789 0.04286498 0.01378179 0.01854589 0.01741969 0.01143239 0.00698201 0.00901096 0.01977739 0.34937385 0.21916790 0.00428783 0.00783454 0.02756219
114 0.08179961 0.07591181 0.04699920 0.05408870 0.01064890 0.15084501 0.12388601 0.03536790 0.02509790 0.04502670 0.03726430 0.09741151 0.01832110 0.01255330 0.03271020 0.05666301 0.04359350 0.00351301 0.01223210 0.03606620
115 0.07163654 0.01608891 0.01050341 0.01357001 0.00978942 0.01417401 0.01833831 0.01186641 0.00749229 0.21901812 0.13704407 0.02032801 0.04090922 0.02596751 0.01287051 0.03744412 0.04215282 0.00524276 0.01584141 0.26972215
116 0.08301041 0.03616001 0.04196661 0.13282002 0.07067681 0.04881071 0.16654103 0.04794631 0.03010501 0.02200840 0.02995591 0.03906901 0.01395110 0.01399010 0.02015670 0.09060672 0.04516921 0.00913032 0.01301380 0.04491181
117 0.08104630 0.07336440 0.04609990 0.05560550 0.01112710 0.14986899 0.12458800 0.03436880 0.02522970 0.04763600 0.03733470 0.09563430 0.01834180 0.01240930 0.03218280 0.05784310 0.04292640 0.00331554 0.01268970 0.03838770
118 0.05897129 0.03115630 0.01500900 0.01181280 0.01217490 0.01181190 0.02997830 0.08908269 0.01205180 0.02025150 0.05438389 0.02242240 0.07953819 0.06204409 0.01563900 0.06974769 0.06249939 0.28301697 0.03088070 0.02752720
119 0.03856770 0.01643330 0.01006120 0.00401278 0.00939417 0.01125050 0.01537170 0.01112530 0.00656846 0.13390701 0.36315102 0.01275330 0.09469221 0.06239740 0.01238110 0.02579940 0.03551980 0.00600053 0.02105810 0.10955501
120 0.29983384 0.02206009 0.02183829 0.02877168 0.02630809 0.02642049 0.03784578 0.08787945 0.01969039 0.03647348 0.04120408 0.03014268 0.01620909 0.01594729 0.02814808 0.12632193 0.05696787 0.00472424 0.01117689 0.06203627
121 0.30017199 0.02139970 0.02164610 0.02759040 0.02659820 0.02700080 0.03493410 0.08788950 0.01901070 0.03690780 0.04243320 0.02947890 0.01605250 0.01632640 0.02848130 0.12684200 0.05602380 0.00478112 0.01102640 0.06540510
122 0.08366144 0.01377129 0.03216328 0.04529987 0.01235349 0.01599489 0.01663939 0.59240961 0.00766992 0.02058639 0.01648199 0.01377559 0.00593607 0.00888453 0.00938416 0.05779406 0.02710908 0.00280772 0.00554663 0.01173059
123 0.04398990 0.03566140 0.10511899 0.02664530 0.03381900 0.03176590 0.02066070 0.07176679 0.01574940 0.11104199 0.06990630 0.03573330 0.02992330 0.01560770 0.01460220 0.11187099 0.14319799 0.00266467 0.01434030 0.06593390
124 0.03359500 0.00666833 0.00644578 0.00038923 0.01180670 0.00401689 0.00341406 0.00259506 0.00163362 0.18864001 0.35417201 0.00292202 0.11181500 0.04519140 0.00456209 0.01936300 0.04108500 0.00298001 0.00916878 0.14953600
125 0.04347057 0.00420426 0.00504973 0.00301368 0.01030179 0.00645531 0.00500960 0.00345378 0.00159323 0.25670980 0.21595484 0.00804642 0.06176425 0.02866608 0.00669649 0.02249868 0.03965757 0.00376762 0.00929151 0.26439480
126 0.05297650 0.02992830 0.01712200 0.00587786 0.01315480 0.01829910 0.01545860 0.01452050 0.01596660 0.12375999 0.25966998 0.02311390 0.12853599 0.05065710 0.01185250 0.03364240 0.04136530 0.01227700 0.02116860 0.11065299
127 0.10489297 0.04665919 0.05304918 0.04667239 0.02613539 0.11055897 0.07560348 0.04411169 0.02354079 0.02711929 0.02490319 0.05508278 0.01303960 0.01030860 0.03339249 0.18454895 0.07250978 0.00509579 0.01108710 0.03168839
128 0.05300183 0.04790503 0.26900316 0.10257006 0.01930701 0.04115722 0.04440273 0.05066463 0.03994342 0.02041761 0.02607902 0.05633633 0.01370631 0.01228551 0.01839811 0.09147345 0.04616213 0.00327960 0.01766711 0.02623972
129 0.03145598 0.00630774 0.00577603 0.00069652 0.01016719 0.00564084 0.00431941 0.00303815 0.00185967 0.21269686 0.32998278 0.00432368 0.09275904 0.04587037 0.00482796 0.01887169 0.03619078 0.00331535 0.01031809 0.17158189
130 0.03096290 0.00251590 0.00228716 0.00087074 0.00553422 0.00937654 0.00250746 0.00168895 0.00095436 0.36990795 0.12949298 0.00475817 0.02624980 0.01218890 0.00433495 0.01707120 0.02144260 0.00430413 0.00567614 0.34787496
131 0.04624362 0.31110211 0.03743431 0.01936091 0.00933597 0.05135652 0.05176542 0.02191501 0.03203481 0.02301281 0.03316861 0.15351305 0.01819631 0.02104231 0.02187941 0.05852332 0.03728641 0.00765049 0.01478211 0.03039651
132 0.04001579 0.01644000 0.00996412 0.00429312 0.00941395 0.01036270 0.01517410 0.01156880 0.00749899 0.13256098 0.36162194 0.01198680 0.09441428 0.06329579 0.01197710 0.02601970 0.03440509 0.00609448 0.02231230 0.11057998
133 0.08821938 0.01335800 0.03252719 0.33198493 0.00685078 0.05331009 0.25717695 0.01807560 0.02569269 0.00527099 0.00827641 0.03974689 0.00150489 0.00153940 0.02116540 0.04465469 0.01849390 0.00149773 0.00638041 0.02427369
134 0.15218491 0.02501189 0.01887659 0.10934294 0.00804976 0.05252617 0.17629090 0.02849688 0.01792319 0.02847168 0.03506108 0.03946828 0.01213609 0.00958320 0.02276989 0.06269426 0.04456077 0.00392031 0.00862730 0.14400392
135 0.03850928 0.01697349 0.01010350 0.00460724 0.00938255 0.01053550 0.01588709 0.01135489 0.00730888 0.13380594 0.36431283 0.01211429 0.09498166 0.06061077 0.01207199 0.02616299 0.03477388 0.00624330 0.02069399 0.10956595
136 0.02191560 0.00931251 0.00538643 0.00427989 0.00504066 0.00569751 0.00617953 0.00706694 0.07896460 0.00454157 0.05414600 0.01706450 0.01552220 0.11673100 0.00426984 0.01586720 0.02129680 0.09429450 0.48418101 0.02824170
137 0.03818788 0.01691909 0.00999460 0.00442632 0.00939494 0.01018519 0.01492899 0.01166789 0.00719820 0.13289592 0.36638878 0.01160619 0.09587534 0.06269226 0.01139589 0.02547868 0.03429148 0.00601831 0.02089609 0.10955794
138 0.03190748 0.01695459 0.00928392 0.00585091 0.01006059 0.00810009 0.00912331 0.01615769 0.02289709 0.06471376 0.12781193 0.01976129 0.03152298 0.37518579 0.00679101 0.02437379 0.02625859 0.01337789 0.13685292 0.04301438
139 0.17083415 0.01623461 0.04098214 0.03570943 0.03029893 0.01585081 0.02246632 0.29617126 0.01257171 0.02180952 0.02059232 0.01707572 0.00576163 0.00788078 0.01407541 0.17497816 0.06683996 0.00517982 0.00488060 0.01980672
140 0.02647840 0.00641791 0.00539353 0.00217409 0.00963593 0.00525178 0.00394846 0.01127480 0.00933443 0.11232001 0.17084201 0.00839142 0.04009170 0.36740302 0.00442264 0.01481940 0.02415330 0.00212576 0.10403001 0.07149140
141 0.15294899 0.01934970 0.01441610 0.00575353 0.07860860 0.01422640 0.00947818 0.02932070 0.02519950 0.09943559 0.12407099 0.01797720 0.09812669 0.03363960 0.01566910 0.09098049 0.04582670 0.00726875 0.01444620 0.10325699
142 0.03343217 0.00297906 0.00284844 0.00081935 0.00625503 0.00903177 0.00270694 0.00222128 0.00113736 0.35385667 0.14210587 0.00514554 0.03241517 0.01590969 0.00513946 0.01792928 0.02455078 0.00422650 0.00663497 0.33065469
143 0.08321920 0.01384120 0.03224950 0.04473990 0.01226040 0.01583260 0.01641720 0.59654804 0.00737842 0.02085560 0.01654750 0.01358650 0.00614598 0.00807502 0.00918046 0.05575120 0.02704780 0.00256738 0.00521538 0.01254070
144 0.36288106 0.01170690 0.01645620 0.00894503 0.04269161 0.01473210 0.01221240 0.09782872 0.02090100 0.01555260 0.01974350 0.01368570 0.00587286 0.00671917 0.02010460 0.22047604 0.07161891 0.00207789 0.00360688 0.03218681
145 0.22243685 0.01377059 0.04657497 0.01976139 0.06687235 0.01640969 0.01294909 0.22456085 0.01400189 0.02468108 0.01899909 0.01399309 0.00431627 0.00466214 0.01150799 0.19547387 0.06757865 0.00293784 0.00378443 0.01472789
146 0.02584270 0.00221104 0.00212578 0.00056524 0.00516519 0.00931898 0.00217683 0.00140862 0.00071037 0.38307706 0.13002302 0.00368855 0.02489930 0.01152800 0.00374994 0.01584220 0.01951040 0.00439451 0.00508719 0.34867506
147 0.29560099 0.01630500 0.02092560 0.01501330 0.04270690 0.01516280 0.01565880 0.07312920 0.02117430 0.01652710 0.01857440 0.01390000 0.00674372 0.00777465 0.01938370 0.26904599 0.09545160 0.00273204 0.00514941 0.02904050
148 0.03959931 0.01393401 0.04074101 0.04515332 0.01312260 0.01258810 0.01035790 0.63470723 0.00574144 0.04284252 0.01424891 0.01003290 0.00692017 0.00652447 0.00650450 0.04910062 0.03019071 0.00139678 0.00589608 0.01039740
149 0.03180751 0.00659570 0.00603628 0.00076298 0.01022240 0.00599234 0.00475885 0.00359774 0.00191358 0.21141906 0.32640410 0.00443762 0.09224983 0.04741831 0.00515272 0.01945601 0.03656331 0.00329920 0.01105940 0.17085305
150 0.03307001 0.00720336 0.00645408 0.00035618 0.01166410 0.00389003 0.00345921 0.00242230 0.00173809 0.18628508 0.35872415 0.00291717 0.11403105 0.04523862 0.00455010 0.01927521 0.04059942 0.00296181 0.00903696 0.14612306
151 0.06997238 0.03055099 0.01922370 0.02142579 0.00759064 0.03720069 0.02580569 0.02050229 0.01501340 0.02429679 0.04057079 0.02591019 0.00933265 0.01000040 0.47711088 0.06336208 0.05869198 0.00336993 0.00797414 0.03209459
152 0.04704539 0.31055096 0.03832009 0.02093170 0.00925072 0.05183789 0.05190699 0.02125280 0.03226900 0.02211310 0.03217340 0.15098498 0.01782630 0.02088160 0.02153930 0.05854239 0.03750319 0.00884422 0.01495580 0.03127020
153 0.06834643 0.03176811 0.01952441 0.02082061 0.00764264 0.03661892 0.02601791 0.02046961 0.01508361 0.02523341 0.04180042 0.02592341 0.00989089 0.00960624 0.47581122 0.06208283 0.05820573 0.00330081 0.00908795 0.03276482
154 0.03253868 0.01691199 0.00952819 0.00580689 0.01000859 0.00790283 0.00887246 0.01644129 0.02355769 0.06254466 0.12561392 0.02047689 0.03074048 0.37713177 0.00674203 0.02430788 0.02554868 0.01383639 0.14035091 0.04113777
155 0.33698593 0.01450890 0.01882960 0.01188660 0.04297379 0.01576510 0.01396730 0.08902738 0.02136860 0.01710880 0.02013410 0.01526370 0.00667624 0.00743964 0.02079580 0.22937495 0.07702488 0.00279529 0.00464354 0.03342989
156 0.05261019 0.04726309 0.27043094 0.10467298 0.01997570 0.04114859 0.04463929 0.04999849 0.03923479 0.02046960 0.02645039 0.05571619 0.01359100 0.01243490 0.01790430 0.09137758 0.04504569 0.00377163 0.01694520 0.02631949
157 0.04063951 0.00323659 0.00640710 0.00026218 0.01400570 0.00358728 0.00225379 0.00227437 0.00101976 0.21364605 0.29227507 0.00277051 0.09977832 0.04063351 0.00465057 0.02091880 0.04813761 0.00294252 0.01017370 0.19038704
158 0.01580940 0.00369517 0.00407811 0.00198868 0.00674741 0.00368379 0.00212369 0.01301240 0.02234560 0.05640920 0.12530300 0.00827558 0.01821270 0.44240701 0.00308215 0.01034060 0.01393450 0.01138940 0.21198700 0.02517460
159 0.02297639 0.00186077 0.00156843 0.00042261 0.00445919 0.00947829 0.00180614 0.00115439 0.00062289 0.39661583 0.12102095 0.00327024 0.01993189 0.00928686 0.00263383 0.01474739 0.01714169 0.00451372 0.00447667 0.36201185
160 0.05400239 0.17713495 0.14058296 0.03044509 0.00796236 0.11226297 0.06726778 0.02123159 0.02911489 0.01986689 0.02692809 0.15075196 0.02139779 0.01165860 0.01924499 0.04160699 0.04110929 0.00195201 0.01232950 0.01314890
161 0.02822549 0.01840319 0.01761349 0.01001090 0.00761919 0.01078999 0.01151399 0.01209089 0.07087557 0.02776469 0.06414537 0.02316239 0.01943749 0.16501292 0.00823619 0.02510839 0.02575489 0.03398528 0.38260582 0.03764388
162 0.02867899 0.01718429 0.01736039 0.01039620 0.00739587 0.01060000 0.01204230 0.01225440 0.07081807 0.02760439 0.06390808 0.02316699 0.01939209 0.16476794 0.00807160 0.02554689 0.02607159 0.03436919 0.38305886 0.03731189
163 0.12325102 0.01664760 0.04504641 0.28221606 0.00843189 0.04836261 0.18717504 0.02595421 0.02625821 0.01018280 0.01127900 0.04498161 0.00443043 0.00512602 0.02445540 0.06563841 0.03054711 0.00193483 0.00710823 0.03097311
164 0.03382650 0.00301613 0.00282947 0.00091514 0.00630540 0.00920595 0.00289139 0.00218726 0.00125919 0.35344202 0.14140601 0.00541512 0.03250110 0.01507190 0.00526279 0.01824180 0.02459450 0.00417209 0.00644721 0.33100902
165 0.09879092 0.01120650 0.02934571 0.33553307 0.00616980 0.05318181 0.25742105 0.01625080 0.02543301 0.00506054 0.00672963 0.04071081 0.00118151 0.00109114 0.02213400 0.04220411 0.01770670 0.00069320 0.00592248 0.02323320
166 0.03225346 0.00507649 0.00549180 0.00078343 0.01010659 0.00740878 0.00435701 0.00304464 0.00177480 0.25406770 0.26702969 0.00480647 0.07574421 0.04024915 0.00473074 0.01941788 0.03512826 0.00345225 0.01058189 0.21449475
167 0.15862200 0.01331720 0.03974610 0.03636700 0.02771360 0.01500860 0.01957180 0.35718800 0.01077520 0.02163040 0.02006050 0.01472770 0.00495292 0.00684259 0.01156900 0.15770100 0.05817340 0.00432950 0.00392319 0.01778030
168 0.06996410 0.20331700 0.02276380 0.01628510 0.01307390 0.03348170 0.03481190 0.01696400 0.03143550 0.04822000 0.04992650 0.08089250 0.02525430 0.02568020 0.02007130 0.06090160 0.04749870 0.01009490 0.01753400 0.17182900
169 0.08244478 0.07194008 0.04644379 0.05652738 0.01112940 0.15146095 0.12347496 0.03424179 0.02560739 0.04721589 0.03746599 0.09613267 0.01802679 0.01231110 0.03127519 0.05813158 0.04266719 0.00360470 0.01282050 0.03707789
170 0.03892343 0.01725691 0.01008341 0.00481995 0.00922056 0.01043811 0.01545791 0.01106881 0.00690174 0.13259009 0.36422224 0.01267971 0.09454066 0.06264804 0.01170011 0.02688782 0.03416542 0.00618430 0.02121371 0.10899707
171 0.04635940 0.30981301 0.03861480 0.02004630 0.00902593 0.05227460 0.05053260 0.02079080 0.03286480 0.02307680 0.03489790 0.15319501 0.01946510 0.02058490 0.02083680 0.05676540 0.03708270 0.00812063 0.01441050 0.03124200
172 0.04140257 0.00413694 0.00575344 0.00183762 0.01145199 0.00525700 0.00448505 0.00311715 0.00128177 0.23276483 0.25868381 0.00601730 0.07596354 0.03472437 0.00603537 0.02159838 0.04175597 0.00345870 0.00965540 0.23061883
173 0.07517364 0.02201591 0.07563904 0.27847113 0.01036340 0.04736352 0.17369308 0.05455483 0.02747421 0.01025750 0.01178281 0.04428072 0.00435535 0.00650029 0.02090901 0.06636733 0.03044341 0.00266224 0.00910164 0.02859091
174 0.06994380 0.04674320 0.03215810 0.12203400 0.00556145 0.07667740 0.33758399 0.02537340 0.02213510 0.01706240 0.03376810 0.04998170 0.00875623 0.00803323 0.01876580 0.04971160 0.03392450 0.00508580 0.00855001 0.02815020
175 0.07546529 0.02145770 0.07654219 0.27918695 0.01067290 0.04781409 0.17159197 0.05398069 0.02764359 0.01007000 0.01223760 0.04385479 0.00404739 0.00630202 0.02106720 0.06691249 0.03008519 0.00275118 0.00930250 0.02901429
176 0.07545404 0.02160061 0.07882204 0.27688815 0.01080561 0.04697092 0.17087309 0.05393693 0.02754641 0.01018281 0.01187521 0.04373202 0.00396208 0.00699890 0.02071061 0.06739874 0.03046602 0.00281471 0.00937978 0.02958132
177 0.07216345 0.01545849 0.01077609 0.01391329 0.00981272 0.01399629 0.01768019 0.01217869 0.00746675 0.21894784 0.13421090 0.02081008 0.03975947 0.02519458 0.01363169 0.03915427 0.04301677 0.00518874 0.01637689 0.27026280
178 0.31568274 0.01399309 0.01664209 0.00449866 0.11622690 0.01181119 0.00514003 0.07393794 0.02272498 0.00880279 0.01625679 0.01071109 0.00683960 0.00470781 0.01544199 0.28258077 0.05328606 0.00178514 0.00471947 0.01421089
179 0.06323549 0.05153629 0.02303880 0.05712799 0.00263570 0.15797897 0.36750893 0.01518570 0.01529300 0.02519980 0.03374429 0.07103229 0.00759234 0.00317014 0.01618450 0.03419219 0.02932319 0.00129761 0.00432640 0.02039640
