1 0.03296811 0.00534773 0.00331342 0.00105909 0.01187920 0.00746977 0.00258415 0.00594327 0.00172719 0.28611511 0.24143909 0.00353238 0.05371342 0.02739811 0.00523064 0.00892554 0.03195161 0.00431803 0.01000900 0.25507510
2 0.09618371 0.03719320 0.03014610 0.02371180 0.00982142 0.03909650 0.04254700 0.02254000 0.07355291 0.03287160 0.03890830 0.04609760 0.01367250 0.01583590 0.26894802 0.09974451 0.04723960 0.00433190 0.02137430 0.03618310
3 0.06459263 0.04067242 0.08356414 0.11809406 0.02463041 0.02563361 0.04401272 0.16214508 0.02769521 0.01224021 0.02114581 0.04141392 0.00761790 0.00726284 0.02109951 0.12963106 0.12345806 0.00384395 0.00485821 0.03638822
4 0.06737982 0.01423250 0.01127160 0.01003820 0.01611131 0.01325940 0.01492820 0.01392900 0.00810759 0.22855108 0.15064605 0.01571741 0.04107431 0.02904751 0.01472730 0.03035201 0.05220382 0.00631018 0.01592461 0.24618808
5 0.15661296 0.07293238 0.05081809 0.03512909 0.01947030 0.04911059 0.04588649 0.04169209 0.03188249 0.03775349 0.03333119 0.11522297 0.02025480 0.02081240 0.02319989 0.08457108 0.08837488 0.00312913 0.01103910 0.05877659
6 0.07246203 0.03709322 0.04463642 0.08887234 0.01248751 0.04051682 0.06027643 0.02757231 0.03104891 0.09507894 0.05019592 0.04031082 0.02305631 0.01991491 0.12688505 0.08217803 0.06501313 0.00620368 0.02239331 0.05380392
7 0.08469391 0.03530360 0.13763001 0.07988621 0.00638937 0.06372550 0.16158001 0.03135390 0.02180780 0.02091620 0.02486970 0.03888950 0.01093270 0.02046480 0.02383850 0.12581501 0.06205010 0.00311936 0.02000580 0.02672800
8 0.04575218 0.01009809 0.00961635 0.00425241 0.01331579 0.01545889 0.01032609 0.01345269 0.00595689 0.28190686 0.16993792 0.01117899 0.04575468 0.02720479 0.01188179 0.02147669 0.03952218 0.00604485 0.01510999 0.24175188
9 0.05812153 0.09652785 0.04142362 0.07839824 0.00235697 0.10590305 0.23739412 0.01535161 0.02469531 0.02840631 0.02159941 0.13799107 0.01787791 0.01779261 0.02297891 0.04165462 0.01981051 0.00121699 0.00842804 0.02207131
10 0.00896931 0.01697900 0.00911424 0.00228032 0.00933431 0.00915181 0.00421419 0.00685833 0.03218169 0.02266430 0.09334198 0.01071410 0.02111610 0.34145794 0.00365716 0.01298600 0.01454110 0.02463640 0.32814294 0.02765880
11 0.03138688 0.08607594 0.02091969 0.00883448 0.00605806 0.02095549 0.02615048 0.01064939 0.05234867 0.02468098 0.11824192 0.10351393 0.02304109 0.10171493 0.01322899 0.02459098 0.03089228 0.03821438 0.22340185 0.03509958
12 0.02889598 0.02063149 0.01489999 0.00548433 0.01145779 0.01796909 0.01446529 0.01914469 0.01902999 0.04890227 0.12581393 0.01549339 0.03282068 0.32400082 0.00843722 0.02424669 0.02092499 0.01545629 0.18053190 0.05139317
13 0.07128434 0.01976891 0.11117206 0.23512912 0.00436351 0.06465673 0.22380511 0.02513271 0.01907571 0.00743902 0.01394621 0.05343343 0.00713525 0.00948231 0.01168831 0.05996843 0.03368602 0.00126034 0.00863907 0.01893341
14 0.06918529 0.01441330 0.03557230 0.29364897 0.00500864 0.05514329 0.30657596 0.01707630 0.01668470 0.00309074 0.00775255 0.06003199 0.00624951 0.00234192 0.01252600 0.05100919 0.01816170 0.00068842 0.00343314 0.02140610
15 0.04146040 0.25266098 0.04188510 0.01820520 0.00673919 0.04857610 0.05475170 0.02660920 0.03548830 0.01969140 0.04404330 0.18436798 0.02109480 0.02204150 0.01869200 0.05165170 0.04701780 0.01418020 0.02073940 0.03010380
16 0.08144732 0.01384100 0.05065661 0.04041531 0.01362690 0.01645640 0.02423061 0.56592116 0.00791110 0.01776711 0.02261411 0.01887101 0.00614830 0.01051980 0.00783333 0.05908262 0.02114281 0.00304724 0.00379754 0.01466970
17 0.06772780 0.01385040 0.01125340 0.00950780 0.01627130 0.01348430 0.01500410 0.01349260 0.00788093 0.22908001 0.15010601 0.01627370 0.04081170 0.02955710 0.01445870 0.03060980 0.05258710 0.00557771 0.01700650 0.24545901
18 0.06704604 0.11053007 0.05273543 0.04059163 0.00496164 0.11536208 0.18683612 0.01988811 0.02968472 0.02685702 0.02296832 0.09740966 0.01501981 0.01906861 0.03338722 0.08755456 0.03480002 0.00299012 0.00990339 0.02240541
19 0.07424865 0.04949763 0.04560093 0.14358609 0.00556982 0.06564074 0.26110317 0.02696812 0.02077521 0.01817261 0.02629952 0.07282345 0.01550031 0.01408891 0.02514102 0.06117034 0.03088802 0.00468086 0.00980558 0.02843902
20 0.03667538 0.00997364 0.00389843 0.00196637 0.01094239 0.00907765 0.00516405 0.00960611 0.00365683 0.19552687 0.35157977 0.00549425 0.07030485 0.04456957 0.00658635 0.01217309 0.02589938 0.00352655 0.01105959 0.18231888
21 0.10777104 0.03995872 0.03628461 0.02255021 0.01937241 0.04113922 0.03779922 0.03914062 0.02664721 0.02680001 0.02801221 0.02923141 0.02030441 0.01063010 0.20064208 0.18495008 0.07539903 0.00403379 0.00915340 0.04018022
22 0.04176092 0.01818881 0.00830899 0.00529105 0.01088571 0.01390751 0.01206111 0.01746151 0.00785240 0.13941308 0.37413222 0.01184351 0.07285984 0.06057944 0.01034031 0.02097961 0.02231221 0.00534247 0.02258721 0.12389207
23 0.02319179 0.30588192 0.03046989 0.00734913 0.00272679 0.03993039 0.04815969 0.01365460 0.03538909 0.01390240 0.05914428 0.25801293 0.01976529 0.01670550 0.01047480 0.02732979 0.03534199 0.00500654 0.02097109 0.02659209
24 0.07767102 0.01376590 0.05155421 0.04138891 0.01300850 0.01686150 0.02430101 0.57413014 0.00809677 0.01763600 0.02176171 0.01828720 0.00586550 0.01032870 0.00754932 0.05723781 0.02023010 0.00298779 0.00373208 0.01360580
25 0.06434631 0.01028970 0.01337820 0.00642549 0.02359460 0.01226080 0.00899308 0.00972107 0.00712952 0.23664803 0.12870702 0.01263210 0.05030031 0.02770850 0.01579920 0.03329800 0.08744211 0.00361300 0.01881890 0.22889403
26 0.32385419 0.01400441 0.01860391 0.01385951 0.04412803 0.02093001 0.02339421 0.10150806 0.01888861 0.01874091 0.02629332 0.01277941 0.00765028 0.01243571 0.02281721 0.19931812 0.07231464 0.00284821 0.00641343 0.03921782
27 0.03755361 0.01133060 0.00620967 0.00187709 0.01392681 0.01014890 0.00581315 0.01105770 0.00378837 0.15657806 0.30392911 0.00710922 0.08618643 0.10691504 0.00789241 0.01620321 0.03525321 0.00451672 0.03697761 0.13673305
28 0.07095650 0.01621310 0.03245480 0.27960801 0.00488910 0.05296390 0.32053201 0.01675290 0.01539320 0.00345397 0.00860774 0.06027100 0.00707513 0.00269484 0.01377800 0.05170500 0.01771100 0.00067701 0.00342038 0.02084240
29 0.03827063 0.00365057 0.00427181 0.00135367 0.01305771 0.00812207 0.00318452 0.00469998 0.00198168 0.33033923 0.15471911 0.00501580 0.03950003 0.01786611 0.00663445 0.00980252 0.03872783 0.00542924 0.01085581 0.30251721
30 0.09295267 0.04443489 0.05298678 0.04649869 0.01101200 0.04210589 0.15433195 0.03070679 0.02417419 0.02772129 0.10766897 0.04167099 0.02272769 0.02359219 0.03815939 0.11924596 0.05627088 0.00702540 0.01440640 0.04230699
31 0.11177197 0.01080390 0.03718129 0.02673619 0.01470020 0.01856539 0.02016719 0.43217788 0.00902607 0.06487618 0.06076648 0.01595900 0.01545970 0.01577000 0.01279910 0.05821428 0.02383539 0.00366181 0.00584759 0.04168039
32 0.03195717 0.00957610 0.00315067 0.00142387 0.00937628 0.00906682 0.00449657 0.00961005 0.00321913 0.18446480 0.39018959 0.00400000 0.07566562 0.04684515 0.00571761 0.01048279 0.02039448 0.00313629 0.00944621 0.16778082
33 0.02698451 0.00973643 0.00252499 0.00119161 0.00820337 0.00906850 0.00336340 0.00976362 0.00226445 0.19087706 0.40624613 0.00319497 0.07922102 0.04660881 0.00525602 0.00975398 0.01646841 0.00293363 0.00785802 0.15848105
34 0.08242340 0.09567090 0.04369110 0.02536220 0.02072180 0.06077390 0.05068610 0.03985370 0.02828030 0.02227410 0.02515820 0.04129250 0.01588750 0.00931913 0.13556600 0.17164600 0.08399820 0.00408589 0.01020890 0.03310020
35 0.00551558 0.01136830 0.00630746 0.00117204 0.01077800 0.00871417 0.00284122 0.01021000 0.01257120 0.02655630 0.09941779 0.00495031 0.02581100 0.43616595 0.00303284 0.01043540 0.01041420 0.01022350 0.27351297 0.03000180
36 0.04702082 0.19935107 0.04265211 0.01835451 0.00694115 0.05587252 0.04387032 0.02544771 0.10745304 0.01489441 0.03374691 0.14232705 0.01435691 0.03360171 0.01798781 0.05663662 0.03849101 0.01431791 0.06066542 0.02601101
37 0.11807005 0.02900921 0.05059162 0.02512001 0.03092571 0.02584661 0.02301401 0.04438222 0.01763181 0.01822461 0.01940621 0.01397021 0.01462231 0.00837798 0.02435141 0.25939911 0.22103609 0.00333608 0.00932012 0.04336462
38 0.02649650 0.03006780 0.02047470 0.00990602 0.01012280 0.01539670 0.01410090 0.01015950 0.04893230 0.03337280 0.08675551 0.02497340 0.02121150 0.22264502 0.00981179 0.02653530 0.02600190 0.03293610 0.29197103 0.03812840
39 0.04691621 0.09924952 0.04611661 0.01382520 0.00550771 0.04532051 0.03114371 0.02303150 0.16217503 0.01234700 0.03006191 0.06172191 0.00842900 0.07060331 0.01872420 0.07943522 0.03086681 0.02461620 0.17260603 0.01730240
40 0.02807269 0.02033179 0.01503879 0.00598542 0.01131559 0.01794269 0.01479859 0.01910089 0.01871839 0.04931587 0.12550693 0.01541449 0.03306798 0.32412883 0.00886000 0.02490929 0.02199359 0.01533369 0.17761591 0.05254857
41 0.06666518 0.12479196 0.05592798 0.05526428 0.00642169 0.11916696 0.11394197 0.02703719 0.03794799 0.02987139 0.02418589 0.16066595 0.01649900 0.01924339 0.02119709 0.05081168 0.03073049 0.00232361 0.01220380 0.02510249
42 0.19167382 0.01717548 0.02456438 0.01867938 0.02337948 0.01632748 0.02153358 0.26642475 0.01027739 0.01708878 0.02988767 0.01467229 0.00902973 0.06710594 0.01217239 0.18986782 0.03827906 0.00743656 0.00672882 0.01769518
43 0.02534100 0.04508730 0.02768330 0.00785916 0.00432548 0.02509680 0.01435200 0.01103970 0.13278701 0.01044940 0.05588750 0.03407610 0.01101910 0.14523001 0.00880968 0.03362730 0.02539740 0.04884840 0.31455603 0.01852730
44 0.03676880 0.01017880 0.00393499 0.00189280 0.01098650 0.00902369 0.00544489 0.00959238 0.00376850 0.19485202 0.35230703 0.00549365 0.07023241 0.04444540 0.00684589 0.01186620 0.02575580 0.00338482 0.01146840 0.18175702
45 0.02032918 0.01367499 0.00626696 0.00192572 0.00930367 0.01025629 0.00619885 0.01314119 0.00944095 0.06612875 0.22356582 0.00677667 0.04693816 0.30124776 0.00636722 0.01376209 0.01503969 0.00888170 0.15662687 0.06412745
46 0.04191670 0.01816290 0.00793541 0.00467762 0.01042440 0.01334930 0.01237010 0.01702180 0.00765268 0.14079201 0.37562102 0.01200370 0.07285570 0.06046650 0.01052930 0.02063720 0.02171730 0.00549165 0.02195070 0.12442400
47 0.06485732 0.05501142 0.04056421 0.02537481 0.01771581 0.13699504 0.07582452 0.02141541 0.02622361 0.07135872 0.09964873 0.06191042 0.08474132 0.02669191 0.02847991 0.05426232 0.03813271 0.00698381 0.01251390 0.05129411
48 0.03235362 0.00357452 0.00337442 0.00095816 0.01202261 0.00741985 0.00222017 0.00447575 0.00140364 0.32622717 0.18482810 0.00344555 0.04314912 0.01926151 0.00486747 0.00777132 0.03436062 0.00516522 0.00998301 0.29313816
49 0.18461111 0.03045262 0.03814632 0.03458102 0.04511783 0.01665741 0.02171301 0.11976607 0.01595321 0.01358851 0.02036901 0.01708751 0.00999412 0.01162711 0.02236691 0.21805312 0.13459408 0.00425517 0.00453135 0.03653452
50 0.06727204 0.01341751 0.03145172 0.30483717 0.00449259 0.05441523 0.31172518 0.01484421 0.01508351 0.00244388 0.00587939 0.06961324 0.00609824 0.00160846 0.01156231 0.04619593 0.01443201 0.00038508 0.00289209 0.02135021
51 0.03828162 0.00377067 0.00424817 0.00147360 0.01292181 0.00813669 0.00318049 0.00486888 0.00203747 0.33142714 0.15377006 0.00504914 0.03939692 0.01767411 0.00671622 0.00995286 0.03813412 0.00551590 0.01079300 0.30265112
52 0.10461806 0.04490953 0.03551822 0.02789602 0.01155751 0.04635893 0.04563363 0.02599601 0.10193006 0.03554332 0.04119572 0.04780073 0.01510071 0.01957191 0.16132809 0.10692906 0.05222653 0.00575283 0.03168222 0.03845092
53 0.04511270 0.01074660 0.01018640 0.00478549 0.01307810 0.01580890 0.01087920 0.01287070 0.00596158 0.28096200 0.17130000 0.01156840 0.04596210 0.02734110 0.01266250 0.02114950 0.03883570 0.00578234 0.01483170 0.24017500
54 0.13129800 0.03635030 0.18758799 0.08712110 0.00979356 0.06146760 0.06571240 0.04895280 0.02646040 0.02049220 0.02566240 0.04600950 0.01345000 0.01931800 0.01717860 0.09354960 0.05943360 0.00373807 0.01828300 0.02814090
55 0.34024479 0.01015349 0.01548639 0.01096139 0.04153347 0.01869819 0.01595889 0.20080587 0.01150389 0.02195439 0.03473738 0.01216849 0.00727277 0.01197399 0.01676049 0.14845891 0.04599517 0.00319443 0.00351193 0.02862568
56 0.03279251 0.00353942 0.00408813 0.00136308 0.01144260 0.00845799 0.00308729 0.00459776 0.00186733 0.34425113 0.15568906 0.00424848 0.03907261 0.01594291 0.00582243 0.00922400 0.03436581 0.00586242 0.01000890 0.30427611
57 0.29027486 0.01764159 0.02398439 0.01726959 0.04067728 0.02446069 0.02691949 0.09145956 0.02110649 0.01772349 0.02508899 0.01480039 0.00823692 0.01332519 0.02440089 0.21392890 0.07997186 0.00312980 0.00710096 0.03849868
58 0.04979582 0.02171601 0.01496741 0.00694713 0.01819171 0.00934484 0.01206020 0.00866753 0.02833451 0.10140604 0.13034905 0.02326711 0.03530401 0.11587005 0.01313411 0.03129271 0.07186293 0.02662471 0.16391607 0.11694805
59 0.02923299 0.01005260 0.00350926 0.00116201 0.00983332 0.00879814 0.00339971 0.00928351 0.00234880 0.19844596 0.36740592 0.00385650 0.08853898 0.04390409 0.00577181 0.01231140 0.02570049 0.00281340 0.00856815 0.16506297
60 0.07262915 0.12565809 0.05548464 0.04465723 0.01097751 0.05805274 0.07239745 0.04338543 0.03528403 0.02485002 0.02900322 0.16261112 0.01990361 0.01611061 0.03350063 0.09956787 0.04855134 0.00389955 0.01385531 0.02962042
61 0.05479233 0.02151021 0.01493571 0.00592863 0.01986831 0.01404711 0.01356241 0.01790391 0.01207971 0.11098605 0.13392106 0.01765551 0.09369004 0.13650806 0.01239981 0.03826352 0.08779344 0.01736431 0.06089283 0.11589705
62 0.05281790 0.18926901 0.04713230 0.03435980 0.00446167 0.09185961 0.09453031 0.02428080 0.03624460 0.02421060 0.02477410 0.22059601 0.01584330 0.01680060 0.01576180 0.03919810 0.03112250 0.00151087 0.01140000 0.02382610
63 0.04474703 0.01014411 0.01015881 0.00451307 0.01320861 0.01600761 0.01063111 0.01296941 0.00588797 0.28076916 0.17272510 0.01109321 0.04659633 0.02756552 0.01194291 0.02107861 0.03896522 0.00592289 0.01512321 0.23995014
64 0.07088486 0.03980248 0.15581291 0.05891057 0.02189579 0.05180197 0.05041987 0.03070338 0.02333349 0.04473438 0.05356857 0.05437097 0.08016466 0.02271599 0.02554849 0.07753746 0.06452586 0.00655045 0.01990619 0.04681167
65 0.07130051 0.03697511 0.06907631 0.10677002 0.02205380 0.02338130 0.04359991 0.12814303 0.02463020 0.02147180 0.06031091 0.03748971 0.01344350 0.01153520 0.02332420 0.11974002 0.12772403 0.00491774 0.00661886 0.04749381
66 0.07061179 0.01626140 0.03148290 0.27943297 0.00487975 0.05275159 0.32245697 0.01684830 0.01516770 0.00337547 0.00869676 0.06074139 0.00723698 0.00246328 0.01405510 0.05118729 0.01757720 0.00068455 0.00341011 0.02067850
67 0.06262644 0.02055761 0.04499143 0.26978318 0.00499958 0.07149005 0.24714616 0.01841091 0.04310193 0.00549212 0.01197421 0.05266663 0.00624748 0.00426449 0.01522021 0.05877294 0.02937552 0.00144671 0.00648636 0.02494602
68 0.31709075 0.01488489 0.01975968 0.01672719 0.05002846 0.01535339 0.01831919 0.13520989 0.01369729 0.01823769 0.02515628 0.01465259 0.00838648 0.01142679 0.01255289 0.17932186 0.08548163 0.00282600 0.00382780 0.03705927
69 0.09828858 0.04068109 0.04744809 0.03257369 0.02596019 0.02643869 0.03216579 0.03647219 0.02058860 0.05891429 0.05211629 0.03037139 0.02945619 0.02006250 0.02544589 0.14688096 0.16865296 0.00782664 0.01760920 0.08204678
70 0.03823411 0.01343330 0.00834452 0.00284368 0.01356330 0.01282400 0.01034810 0.00968405 0.00492199 0.21088208 0.23659309 0.01166990 0.11441904 0.03378691 0.01337420 0.02898901 0.04965252 0.00452090 0.01235820 0.16955706
71 0.03349819 0.29369191 0.03843259 0.01155470 0.00443368 0.07626398 0.05866918 0.01857459 0.03713969 0.01588479 0.02842129 0.21857893 0.01537900 0.01740119 0.01426460 0.04081859 0.03577859 0.00472204 0.01238630 0.02410619
72 0.07634081 0.02810040 0.11307802 0.14712402 0.00919406 0.03926811 0.06855811 0.02850480 0.03865951 0.02319020 0.02785950 0.03494480 0.01073520 0.02910910 0.02331010 0.12171402 0.05467671 0.02353480 0.08047431 0.02162340
73 0.05164418 0.13273795 0.03898868 0.04982078 0.00288567 0.08158237 0.22964691 0.01688069 0.02331639 0.02609749 0.03044789 0.12332995 0.02171179 0.01959479 0.03067529 0.04617198 0.02903619 0.00991902 0.01146240 0.02404959
74 0.07609394 0.01785369 0.04282067 0.25416580 0.00623781 0.05268656 0.28436878 0.02255448 0.01823199 0.00464166 0.01177779 0.05257106 0.00697116 0.00395705 0.01531189 0.07381734 0.02762938 0.00104004 0.00478376 0.02248518
75 0.02091318 0.01333829 0.00608350 0.00210467 0.00935448 0.01040049 0.00654975 0.01358849 0.00934822 0.06798225 0.22965782 0.00676815 0.04821406 0.29367677 0.00647760 0.01449939 0.01550749 0.00894625 0.15091688 0.06567225
76 0.27178515 0.02038151 0.02577721 0.02431311 0.03343102 0.02787742 0.03715682 0.09017915 0.02041091 0.04129872 0.04918823 0.02485071 0.01558161 0.01737841 0.02931312 0.13254908 0.06016233 0.00437483 0.01039801 0.06359264
77 0.03595479 0.01019720 0.00397468 0.00199915 0.01054290 0.00935703 0.00556195 0.00961960 0.00356885 0.19314294 0.35842890 0.00548633 0.07126128 0.04446149 0.00635583 0.01195920 0.02451619 0.00351887 0.01070290 0.17938995
78 0.05070258 0.01494659 0.09469236 0.32844886 0.00374232 0.09861516 0.16393993 0.01662459 0.03083719 0.00726122 0.00900213 0.06434377 0.00523420 0.00534660 0.00842332 0.04303098 0.02795029 0.00094613 0.00616422 0.01974759
79 0.27170404 0.01674870 0.02063360 0.01451630 0.03244720 0.01738910 0.02942980 0.06258551 0.01878760 0.03800470 0.03654050 0.01402020 0.01595890 0.01203780 0.03438640 0.17025602 0.08507091 0.00304576 0.00738171 0.09905521
80 0.30586603 0.01019200 0.01271000 0.00785589 0.11483301 0.01899310 0.01117940 0.09528471 0.01328160 0.02545110 0.03656040 0.01336740 0.02257420 0.01159630 0.01106270 0.16275102 0.07521511 0.00185024 0.00815276 0.04122300
81 0.05576461 0.03322711 0.10078802 0.26690705 0.00385741 0.09364642 0.15533103 0.02431450 0.02629751 0.00997925 0.01126100 0.09393622 0.00737280 0.00776173 0.00984441 0.04375501 0.02760991 0.00090546 0.00671894 0.02072160
82 0.05398651 0.00802607 0.00673285 0.00273474 0.02215020 0.00586643 0.00492460 0.00791079 0.00431804 0.22414204 0.21451604 0.00716158 0.06472471 0.03569801 0.01128420 0.01985540 0.06959601 0.00238780 0.01703090 0.21695304
83 0.00917172 0.01729600 0.00901214 0.00217089 0.00923467 0.00919165 0.00425092 0.00688098 0.03232110 0.02277830 0.09365391 0.01092290 0.02094430 0.34027804 0.00350550 0.01275490 0.01460120 0.02526330 0.32770104 0.02806650
84 0.07314569 0.07109319 0.04874009 0.05964189 0.01091360 0.14758198 0.07755009 0.02704490 0.10259599 0.02791880 0.02633320 0.07610589 0.01426670 0.03290530 0.02528540 0.07300849 0.03673910 0.00642471 0.03508620 0.02761880
85 0.07238694 0.05042806 0.04631776 0.14053889 0.00531977 0.06578455 0.26020180 0.02505308 0.02089568 0.01869359 0.02833668 0.07341814 0.01620199 0.01536219 0.02647438 0.06029195 0.03051818 0.00517140 0.01063879 0.02796618
86 0.06311162 0.02138907 0.01711368 0.01116939 0.02255427 0.01084609 0.02193057 0.01627178 0.01108279 0.13398584 0.18391578 0.01702988 0.06957822 0.03523516 0.01921898 0.05029614 0.12194785 0.00446078 0.02033228 0.14852982
87 0.03470981 0.00302547 0.00386875 0.00119935 0.01221340 0.00790789 0.00273931 0.00406221 0.00160908 0.34501211 0.14736005 0.00423136 0.03714561 0.01526120 0.00560458 0.00828019 0.03656331 0.00567290 0.01022830 0.31330510
88 0.04149017 0.25602882 0.04210837 0.01830369 0.00625421 0.04786147 0.05405456 0.02611808 0.03578787 0.01945789 0.04293327 0.18790587 0.02014799 0.02196908 0.01863279 0.04996156 0.04603267 0.01438289 0.02023289 0.03033588
89 0.11461304 0.02431021 0.03972522 0.01654181 0.02088201 0.03274971 0.02846331 0.04498602 0.02415881 0.11258004 0.07159223 0.02676611 0.04077232 0.02323181 0.03916581 0.15289106 0.08342423 0.00614312 0.01707361 0.07992953
90 0.05418913 0.01916441 0.09599386 0.30255018 0.00431315 0.09810026 0.16226610 0.02052041 0.03008052 0.00903964 0.01050691 0.06443584 0.00607156 0.00670851 0.01028611 0.04719243 0.03039532 0.00118980 0.00662844 0.02036741
91 0.03768699 0.00365608 0.00408272 0.00130277 0.01271530 0.00806792 0.00305671 0.00460509 0.00187465 0.33344587 0.15365694 0.00474698 0.03933549 0.01743889 0.00646927 0.00961068 0.03803649 0.00558041 0.01073490 0.30389588
92 0.02981512 0.00954258 0.00323300 0.00162359 0.00927825 0.00930991 0.00416563 0.00996212 0.00259839 0.20235411 0.37460520 0.00394512 0.07487294 0.04462752 0.00611722 0.01104111 0.02045161 0.00333897 0.00904852 0.17006909
93 0.05257391 0.18640902 0.04870751 0.04393700 0.00615382 0.05581151 0.07840881 0.03071250 0.03449860 0.02391320 0.03544030 0.20238202 0.01870000 0.01891080 0.02385140 0.04574971 0.03917390 0.00422767 0.01884550 0.03159280
94 0.02703740 0.00345750 0.00308589 0.00090810 0.01004630 0.00787421 0.00218746 0.00443385 0.00111598 0.34102599 0.18600399 0.00276972 0.04306230 0.01728820 0.00422281 0.00718260 0.02944870 0.00561995 0.00883007 0.29439899
95 0.07500969 0.05798929 0.10424898 0.04166409 0.01165180 0.10975898 0.08659389 0.02756860 0.02860730 0.02571670 0.02874590 0.05040779 0.01800780 0.01622880 0.11021898 0.11155098 0.05326449 0.00339917 0.01523430 0.02413250
96 0.05405679 0.19218695 0.05094439 0.03315709 0.00882751 0.04377279 0.04451599 0.03185589 0.03098039 0.02568129 0.03438479 0.20991094 0.02084649 0.01621530 0.01977999 0.05359529 0.07540328 0.00370686 0.01375470 0.03642329
97 0.02894679 0.00704968 0.00260403 0.00095259 0.00968408 0.00792462 0.00255889 0.00734630 0.00165454 0.24335896 0.32307794 0.00284281 0.06576089 0.03573609 0.00476524 0.00837954 0.02347800 0.00353074 0.00827131 0.21207696
98 0.05730510 0.04813070 0.02578040 0.01433230 0.01800670 0.03167210 0.03731700 0.02055780 0.07552280 0.05218500 0.22433200 0.04344260 0.03627390 0.05818210 0.02652030 0.04728010 0.03429940 0.01576090 0.06907410 0.06402470
99 0.06538004 0.02591321 0.18856111 0.05020243 0.01028101 0.05265613 0.06205663 0.03247222 0.02314301 0.07408074 0.02840612 0.03176332 0.01950521 0.02463621 0.02334161 0.14912508 0.08022394 0.00451344 0.02626111 0.02747742
100 0.05166847 0.09532934 0.03097388 0.09282804 0.00219802 0.08022475 0.27273483 0.01286029 0.01805179 0.02529708 0.02228909 0.14876091 0.02166989 0.01372449 0.02639858 0.03777448 0.01744479 0.00118206 0.00808183 0.02050739
101 0.07248154 0.04923256 0.04574776 0.14272489 0.00543861 0.06605625 0.26203580 0.02645558 0.02059128 0.01913149 0.02718598 0.07286884 0.01577319 0.01494549 0.02577328 0.06035395 0.03055248 0.00470506 0.01002589 0.02792008
102 0.07276350 0.11005885 0.07754879 0.04600784 0.01089969 0.04913873 0.03580555 0.12746483 0.03182416 0.01614518 0.02378387 0.16606877 0.01030209 0.01262028 0.02184297 0.10676885 0.04926553 0.00289697 0.00936519 0.01942837
103 0.04255296 0.01816138 0.00822590 0.00528121 0.01088359 0.01387819 0.01279409 0.01686348 0.00757068 0.13942786 0.37510262 0.01172379 0.07346453 0.05885334 0.01106619 0.02118158 0.02222408 0.00566238 0.02114028 0.12394187
104 0.33239308 0.01086390 0.01470220 0.01152530 0.04610501 0.01506130 0.01518680 0.17143804 0.01144540 0.01678580 0.02691331 0.01016690 0.00586559 0.01520780 0.01442860 0.19282705 0.05611661 0.00285155 0.00336191 0.02675381
105 0.10149696 0.03406199 0.10558596 0.11895795 0.00331394 0.07138497 0.24255990 0.02056019 0.01749919 0.01649419 0.02349229 0.05187868 0.00971524 0.01837959 0.01712099 0.07231637 0.03538289 0.00211782 0.01349819 0.02418269
106 0.06757442 0.05751921 0.04338131 0.05147741 0.00663220 0.05357631 0.20506505 0.02082761 0.02305551 0.03440891 0.12814203 0.06312702 0.02702451 0.02625711 0.03335701 0.05575401 0.03791941 0.00673385 0.01456980 0.04359731
107 0.03070861 0.00677078 0.00390241 0.00159657 0.01084790 0.00892514 0.00382628 0.00738703 0.00231916 0.27192412 0.26493312 0.00423295 0.05853263 0.03128121 0.00620793 0.01077960 0.02896181 0.00448671 0.01034490 0.23203110
108 0.04287450 0.08173149 0.01863680 0.01521560 0.00511587 0.02018230 0.03367430 0.02980590 0.03260300 0.04086790 0.05848810 0.01993990 0.03680540 0.07942029 0.01088320 0.04775990 0.05266690 0.23039998 0.09440069 0.04852800
109 0.03896401 0.00370660 0.00420918 0.00134899 0.01321040 0.00807389 0.00311505 0.00480659 0.00203776 0.33006611 0.15371005 0.00496066 0.03917881 0.01808371 0.00677936 0.01009590 0.03883691 0.00552060 0.01105930 0.30223610
110 0.05109347 0.03197378 0.01822739 0.01011269 0.01741049 0.02190339 0.02768508 0.01777889 0.01177849 0.12376692 0.20806886 0.02868968 0.11990892 0.04744717 0.01948559 0.04607937 0.05493316 0.00963847 0.02279828 0.11121992
111 0.06128470 0.13913900 0.03730570 0.02041540 0.01339860 0.03618810 0.05090190 0.03279130 0.02933430 0.03569440 0.12312500 0.08039690 0.03562820 0.02827090 0.03226490 0.11028900 0.06103260 0.00882517 0.01997500 0.04373890
112 0.04611558 0.15128295 0.03541449 0.02214649 0.00424209 0.06002428 0.16986894 0.01608929 0.02715079 0.02787629 0.09655027 0.11655796 0.02922249 0.02523279 0.03117879 0.04496969 0.03705479 0.00890484 0.01726359 0.03285359
113 0.11826202 0.02921890 0.05003931 0.02500130 0.03071200 0.02586080 0.02353030 0.04497431 0.01780860 0.01904830 0.01947040 0.01381030 0.01506550 0.00816887 0.02487120 0.25819104 0.21961004 0.00336450 0.00943287 0.04355941
114 0.08043680 0.06618660 0.06254590 0.06661130 0.01131870 0.13169000 0.09690210 0.03474960 0.03499430 0.04541810 0.04190850 0.07400760 0.02002410 0.02619930 0.02945640 0.07636200 0.04268960 0.00538987 0.01651570 0.03659350
115 0.06740601 0.01389250 0.01126980 0.00974339 0.01627150 0.01325070 0.01559870 0.01331210 0.00784663 0.23016303 0.15105702 0.01561800 0.04127881 0.02858950 0.01423630 0.03080410 0.05205411 0.00575785 0.01598090 0.24586903
116 0.23954420 0.02935512 0.02504452 0.01802492 0.08103607 0.07891127 0.02473972 0.07346166 0.02751062 0.02318172 0.03544033 0.03544953 0.02261072 0.01241131 0.02566872 0.14599112 0.06321845 0.00232525 0.00750481 0.02856992
117 0.07891079 0.06740159 0.06226639 0.06797099 0.01106130 0.13358898 0.09869159 0.03581670 0.03443330 0.04488479 0.04177169 0.07403459 0.01997440 0.02618630 0.02971770 0.07407099 0.04162069 0.00563253 0.01673990 0.03522480
118 0.05543325 0.10435809 0.01778182 0.01280831 0.00794524 0.01857932 0.03957733 0.09530498 0.01840732 0.02918953 0.05007694 0.01932632 0.07595027 0.03460643 0.01126941 0.06272595 0.06995596 0.21902019 0.02356372 0.03411963
119 0.04247220 0.01807290 0.00861444 0.00516118 0.01110020 0.01423660 0.01285840 0.01710520 0.00785914 0.14134700 0.37048801 0.01215340 0.07232330 0.05889860 0.01112550 0.02153430 0.02275510 0.00540971 0.02103880 0.12544600
120 0.27011902 0.02052530 0.02678130 0.02466790 0.03303790 0.02761270 0.03803480 0.09014591 0.01985470 0.04075630 0.05042510 0.02495980 0.01499840 0.01724550 0.02956990 0.13204901 0.06117090 0.00456803 0.01044470 0.06303280
121 0.27167593 0.02033309 0.02719549 0.02472369 0.03314499 0.02791269 0.03870499 0.09221478 0.02043039 0.03998819 0.04847429 0.02491669 0.01490050 0.01739190 0.02836899 0.13229696 0.06075638 0.00443397 0.01062340 0.06151268
122 0.07871270 0.01391490 0.05097360 0.04098220 0.01336410 0.01641770 0.02395010 0.57156703 0.00837702 0.01775840 0.02209330 0.01859420 0.00597587 0.01014200 0.00764035 0.05753360 0.02061800 0.00331663 0.00406777 0.01400050
123 0.06705153 0.00452988 0.00752131 0.00250439 0.02550761 0.00517999 0.00408517 0.00581002 0.00388735 0.25463712 0.13674907 0.00798590 0.04448972 0.02757091 0.01180771 0.01916281 0.07743144 0.00237290 0.01871801 0.27299713
124 0.07080166 0.02902138 0.13272793 0.03791238 0.01363719 0.04736018 0.05482017 0.03754958 0.02398959 0.08588316 0.03741018 0.03417568 0.02725729 0.02324059 0.03087828 0.15311292 0.08979715 0.00487302 0.02372289 0.04182878
125 0.04257300 0.00593074 0.00428992 0.00187336 0.01425450 0.00752172 0.00408487 0.00635025 0.00292986 0.26697002 0.22497502 0.00578450 0.05111190 0.02857780 0.00654977 0.01102540 0.03943960 0.00419722 0.01175350 0.25980702
126 0.05647071 0.03313681 0.02173841 0.00939174 0.02186961 0.01556580 0.02369591 0.01779950 0.01114250 0.10879603 0.10564603 0.02548561 0.16472504 0.02449801 0.02480101 0.07942972 0.13097703 0.01125090 0.01493110 0.09864853
127 0.15167720 0.04817096 0.06023768 0.03743075 0.02386123 0.07101459 0.04067095 0.16434622 0.02449613 0.01819142 0.02521603 0.04364436 0.00964239 0.01507462 0.02694854 0.15280520 0.05444067 0.00410814 0.00792539 0.02009753
128 0.05799919 0.16023997 0.13376598 0.05431889 0.00808386 0.05871869 0.05380239 0.05348959 0.03377199 0.01378800 0.02312130 0.13034798 0.01153400 0.01744650 0.01794960 0.07471569 0.05592509 0.00473690 0.01675700 0.01948740
129 0.02981438 0.00954244 0.00330989 0.00148931 0.00946677 0.00927602 0.00393016 0.01003299 0.00271628 0.20103489 0.37662879 0.00389900 0.07571046 0.04471027 0.00589182 0.01111989 0.02042199 0.00311314 0.00927659 0.16861491
130 0.02719352 0.00259446 0.00312477 0.00092257 0.00999901 0.00829552 0.00220567 0.00354580 0.00110003 0.36776621 0.14474408 0.00308499 0.03546402 0.01191061 0.00432293 0.00662016 0.03058632 0.00641190 0.00879423 0.32131319
131 0.04119760 0.25503103 0.04172911 0.01793610 0.00656338 0.04887811 0.05447811 0.02699210 0.03527010 0.01954890 0.04300721 0.18599702 0.02156450 0.02113520 0.01823170 0.05105111 0.04677781 0.01507990 0.01974470 0.02978630
132 0.04281877 0.01719559 0.00839972 0.00506937 0.01099339 0.01399439 0.01266799 0.01763629 0.00792587 0.14049790 0.37190374 0.01181339 0.07243325 0.06084796 0.01086889 0.02098389 0.02217088 0.00524423 0.02241658 0.12411791
133 0.06967716 0.01458489 0.03487698 0.29315084 0.00497795 0.05475327 0.30553184 0.01729829 0.01697139 0.00315398 0.00788722 0.06025087 0.00622795 0.00236835 0.01267789 0.05127807 0.01846539 0.00069162 0.00353876 0.02163729
134 0.27729802 0.01342380 0.01427830 0.00938186 0.02744520 0.01446470 0.02331570 0.05526870 0.01577050 0.06843290 0.05398960 0.01635280 0.02126900 0.01686210 0.03906840 0.10465301 0.07065660 0.00353052 0.00924125 0.14529701
135 0.12512098 0.01440910 0.01181930 0.00672585 0.01891420 0.01757940 0.01777060 0.03956209 0.01023410 0.10639098 0.29526895 0.01409140 0.05361919 0.04029659 0.01462240 0.04326979 0.03397649 0.00917881 0.01377780 0.11337198
136 0.04632883 0.01159311 0.00726955 0.00238102 0.01875971 0.00662951 0.00558384 0.00657046 0.01193031 0.15136710 0.17478112 0.01070951 0.04110313 0.13284209 0.00953393 0.01458321 0.04616323 0.00992314 0.12072508 0.17122211
137 0.04212191 0.01769791 0.00811711 0.00490606 0.01048700 0.01361840 0.01213530 0.01682971 0.00751101 0.13997504 0.37517812 0.01169750 0.07312122 0.06094662 0.01076230 0.02062261 0.02205791 0.00546291 0.02284531 0.12390604
138 0.02886320 0.01992990 0.01536390 0.00620081 0.01127790 0.01782290 0.01468150 0.01926490 0.01844330 0.04881270 0.12518100 0.01498870 0.03321530 0.32568301 0.00818536 0.02482480 0.02179760 0.01490990 0.17902301 0.05153030
139 0.17192995 0.01983499 0.03996469 0.03165549 0.02840219 0.01711550 0.02131199 0.34591790 0.01103440 0.01590460 0.02229069 0.01832209 0.00640596 0.01405350 0.01476580 0.14573796 0.04786499 0.00377113 0.00351860 0.02019759
140 0.02593900 0.01304650 0.00347865 0.00152365 0.00703964 0.00999351 0.00526165 0.01213130 0.00506998 0.11362500 0.41012702 0.00474802 0.07679020 0.12975101 0.00677600 0.01141450 0.01166850 0.00509456 0.04917790 0.09734340
141 0.17867309 0.01180381 0.01998971 0.00687675 0.10866906 0.02383391 0.01172491 0.05009953 0.01407471 0.08209334 0.08970205 0.01749711 0.07969584 0.02089431 0.01535491 0.07901304 0.07058584 0.00275152 0.01523151 0.10143505
142 0.03791928 0.00378435 0.00427048 0.00157549 0.01291839 0.00800981 0.00315813 0.00491374 0.00200874 0.33137379 0.15475590 0.00469962 0.03952568 0.01765689 0.00665722 0.00997443 0.03829608 0.00541950 0.01107769 0.30200481
143 0.08103479 0.01398040 0.05129549 0.04082169 0.01303800 0.01668500 0.02383800 0.56922590 0.00875022 0.01742060 0.02172730 0.01860730 0.00553280 0.01035320 0.00789057 0.05881219 0.02046100 0.00310569 0.00385700 0.01356290
144 0.09853468 0.01709461 0.04490744 0.23873821 0.00656347 0.04973864 0.27024723 0.02448402 0.01712751 0.00430746 0.01256431 0.04873004 0.00611761 0.00427945 0.01461571 0.08130567 0.02952513 0.00126504 0.00537723 0.02447652
145 0.26300496 0.01402450 0.02370170 0.02058110 0.06002089 0.01273090 0.01341720 0.23609196 0.00862041 0.01445460 0.02401760 0.01015720 0.00640714 0.01054970 0.01341010 0.17787097 0.06319099 0.00190249 0.00235032 0.02349530
146 0.02857351 0.00294432 0.00348473 0.00108320 0.01036200 0.00848532 0.00240800 0.00385742 0.00119946 0.35963808 0.15134603 0.00337670 0.03758861 0.01364390 0.00472661 0.00753550 0.03171201 0.00613136 0.00919415 0.31270907
147 0.29057512 0.01790041 0.02358741 0.01794341 0.04089522 0.02435881 0.02837531 0.09157214 0.02112441 0.01765601 0.02447831 0.01437081 0.00793368 0.01340111 0.02368311 0.21382409 0.07976823 0.00303915 0.00720334 0.03830992
148 0.09229371 0.03614061 0.05076291 0.03137171 0.01001530 0.04540041 0.10160602 0.24175704 0.01753280 0.06544841 0.04432621 0.04354461 0.01771620 0.02290880 0.02017530 0.06856021 0.03745601 0.00835194 0.01019450 0.03443731
149 0.02962411 0.00951472 0.00312901 0.00153215 0.00931995 0.00926358 0.00398282 0.01000590 0.00263738 0.20206708 0.37557715 0.00389456 0.07519513 0.04459182 0.00600968 0.01113950 0.02025101 0.00323518 0.00911218 0.16991707
150 0.04980882 0.04437372 0.02213901 0.00841001 0.02677901 0.03151451 0.02601391 0.01636791 0.05410342 0.07379583 0.23004609 0.03702081 0.09847374 0.04745142 0.01988821 0.03920242 0.04319912 0.01097660 0.04299132 0.07744413
151 0.05367458 0.03797249 0.02264529 0.01638230 0.00479572 0.03086619 0.05701158 0.01750510 0.02102959 0.02403069 0.02801169 0.08394978 0.01584870 0.01185590 0.44350188 0.06602528 0.02872749 0.00215650 0.00897356 0.02503569
152 0.04190780 0.25532198 0.04115840 0.01722500 0.00660979 0.04808830 0.05370210 0.02661900 0.03538460 0.01954040 0.04313770 0.18608998 0.02137860 0.02231510 0.01842060 0.05094390 0.04657210 0.01482360 0.02089170 0.02986940
153 0.07650742 0.02795081 0.02331170 0.01634780 0.00823486 0.02704991 0.04229411 0.02233020 0.01876920 0.02955591 0.03509461 0.04201521 0.01360500 0.01346860 0.43262309 0.08209412 0.03641411 0.00321664 0.01069270 0.03842401
154 0.03593851 0.01188870 0.01070800 0.00335915 0.01556870 0.01441250 0.00962765 0.01289800 0.00743696 0.11900903 0.17833205 0.01041650 0.04555281 0.24111107 0.00882480 0.01869721 0.03003121 0.00960606 0.11133703 0.10524403
155 0.32463196 0.01457310 0.01901710 0.01411040 0.04410310 0.02066060 0.02415170 0.10248899 0.01874150 0.01820360 0.02616820 0.01299120 0.00723844 0.01233770 0.02234610 0.19928798 0.07153779 0.00275297 0.00592990 0.03872770
156 0.07173947 0.04800928 0.17833093 0.10123796 0.01017580 0.05946668 0.06439478 0.06628917 0.02808279 0.02397389 0.02770789 0.05831448 0.01426029 0.02331379 0.01981769 0.08693407 0.06484158 0.00467978 0.02174929 0.02668039
157 0.04407785 0.01137209 0.00553954 0.00277205 0.01018729 0.01208279 0.00595988 0.02467627 0.00374815 0.14749185 0.38180961 0.00640314 0.09171331 0.05101305 0.00657251 0.01667838 0.02603747 0.00297073 0.00844618 0.14044786
158 0.00891614 0.01452558 0.00641106 0.00145552 0.00925825 0.00775771 0.00340541 0.00792875 0.01905518 0.02789267 0.11583288 0.00862578 0.02528197 0.37155761 0.00372946 0.01070829 0.01355939 0.01732578 0.29258470 0.03418786
159 0.02719321 0.00255911 0.00318654 0.00089316 0.00997273 0.00812270 0.00216752 0.00355091 0.00107304 0.36792011 0.14460704 0.00302051 0.03547291 0.01190650 0.00439612 0.00679145 0.03075191 0.00633200 0.00872641 0.32135610
160 0.06003063 0.15014106 0.11857805 0.04871942 0.00638573 0.09524284 0.08101393 0.04159102 0.03254781 0.01806211 0.02148001 0.12858305 0.01146370 0.01877921 0.01938271 0.06985563 0.04440392 0.00240685 0.01432671 0.01700561
161 0.02668658 0.03541077 0.01541179 0.01349449 0.00370545 0.01096169 0.01048969 0.00945438 0.06635275 0.01463959 0.06729705 0.02428338 0.02303438 0.13709390 0.00632498 0.03592097 0.05144456 0.14538690 0.28289980 0.01970689
162 0.01954940 0.02290230 0.01021460 0.00379907 0.00948767 0.00907998 0.00753679 0.00664159 0.03318731 0.03824721 0.12440902 0.01966720 0.02493750 0.24993404 0.00670512 0.01608670 0.02283600 0.02960851 0.29966405 0.04550591
163 0.34091195 0.01024690 0.01588790 0.01076780 0.04156269 0.01887890 0.01549850 0.19917997 0.01176240 0.02200260 0.03559739 0.01286550 0.00751601 0.01204390 0.01710110 0.14743598 0.04539959 0.00330004 0.00371850 0.02832240
164 0.03742991 0.00374001 0.00407135 0.00137460 0.01269800 0.00806317 0.00324204 0.00461434 0.00198403 0.33316705 0.15399102 0.00490165 0.03889291 0.01738310 0.00658692 0.00977585 0.03777861 0.00553639 0.01075600 0.30401305
165 0.12919998 0.03246830 0.04253859 0.14395998 0.01080220 0.04223599 0.14351098 0.03464469 0.02594230 0.01969070 0.02398150 0.03998599 0.00963277 0.00923964 0.09790659 0.09378859 0.04639879 0.00372324 0.01175850 0.03859069
166 0.06415786 0.01009791 0.01353451 0.00620771 0.02349222 0.01196521 0.00888743 0.01017501 0.00702401 0.23782622 0.12768312 0.01259491 0.05100015 0.02746743 0.01564811 0.03337843 0.08719038 0.00337926 0.01850592 0.22978421
167 0.08833155 0.03227462 0.07753744 0.11804807 0.01679461 0.03554982 0.08176805 0.05125763 0.02547741 0.02460651 0.07661614 0.03172282 0.01512981 0.01642681 0.02867282 0.14162208 0.07836614 0.00641653 0.01492221 0.03845892
168 0.03154690 0.29470297 0.03165840 0.01045570 0.00344369 0.04635130 0.04910000 0.01428760 0.03481170 0.01731550 0.03633320 0.24826898 0.01730920 0.01518600 0.01069600 0.03202440 0.03772070 0.00433870 0.01232100 0.05212810
169 0.08008969 0.06608169 0.06209699 0.06740939 0.01108860 0.13229298 0.09773739 0.03788090 0.03553070 0.04444429 0.04126729 0.07383559 0.01999340 0.02705360 0.02877040 0.07515779 0.04152339 0.00578663 0.01697180 0.03498750
170 0.05348990 0.02969170 0.02107710 0.01234770 0.01115980 0.05547470 0.03408360 0.02480440 0.01691000 0.09880400 0.33237701 0.02786900 0.06591530 0.04599450 0.01465960 0.02882010 0.01997240 0.00596627 0.01425180 0.08633110
171 0.04026899 0.25445191 0.04156439 0.01832569 0.00625944 0.04841308 0.05581518 0.02652949 0.03548309 0.01931389 0.04256559 0.18614894 0.02082379 0.02218999 0.01850179 0.05056068 0.04726368 0.01546259 0.02030209 0.02975569
172 0.03984181 0.00717212 0.00428351 0.00125774 0.01293240 0.00770349 0.00345890 0.00765516 0.00264739 0.22946207 0.28538309 0.00528801 0.07058422 0.03583921 0.00575344 0.01195600 0.03557041 0.00321094 0.01076900 0.21923107
173 0.06969070 0.01434140 0.03470540 0.29339599 0.00492175 0.05444130 0.30815899 0.01743430 0.01648170 0.00300976 0.00768953 0.06050640 0.00627350 0.00232265 0.01261770 0.05077200 0.01786690 0.00068065 0.00336918 0.02132020
174 0.07332630 0.05005570 0.04567230 0.14271899 0.00556127 0.06498710 0.26226199 0.02533860 0.02013480 0.01854170 0.02782220 0.07392160 0.01628940 0.01488930 0.02554360 0.05977100 0.03034240 0.00467858 0.01006140 0.02808180
175 0.07053678 0.01976169 0.11135596 0.23591092 0.00433286 0.06440508 0.22360693 0.02420739 0.01916369 0.00768599 0.01448900 0.05372918 0.00712296 0.00952933 0.01198410 0.05942208 0.03338359 0.00131983 0.00900846 0.01904419
176 0.06500650 0.03240920 0.04791560 0.19745301 0.01122970 0.04467110 0.17036001 0.03001990 0.02747370 0.01585300 0.02162110 0.04795840 0.01081980 0.00822510 0.09269290 0.08094850 0.05039590 0.00398676 0.01226120 0.02869860
177 0.06853618 0.01400200 0.01128690 0.00970228 0.01623190 0.01357350 0.01532450 0.01302260 0.00803620 0.22686294 0.14952796 0.01682440 0.04149919 0.03025849 0.01408000 0.03058079 0.05253059 0.00606820 0.01661750 0.24543393
178 0.33524205 0.00930157 0.00943974 0.00835646 0.08788261 0.01668960 0.01175990 0.10349501 0.01256670 0.01404820 0.02517640 0.01013460 0.01047500 0.00959170 0.01049640 0.20574803 0.08164621 0.00137445 0.00450464 0.03207070
179 0.05236560 0.07784330 0.03750660 0.06582810 0.00308646 0.10192600 0.27681101 0.01167810 0.01975600 0.03117770 0.02865200 0.10576700 0.04474590 0.01572300 0.02975110 0.04161130 0.02264380 0.00292217 0.00750053 0.02270430
