1 0.04296758 0.00363861 0.00845888 0.00097133 0.00891712 0.00507371 0.00403912 0.00771145 0.00254030 0.18308093 0.33806288 0.00719414 0.08858337 0.04356888 0.00648768 0.02365159 0.02787139 0.00259272 0.01284840 0.18173993
2 0.06987489 0.04965269 0.02058830 0.02715990 0.01548370 0.03329989 0.03394979 0.01520010 0.08458078 0.01784190 0.03268249 0.02898059 0.00980689 0.01550620 0.34527894 0.09129348 0.05176389 0.00655029 0.02809689 0.02240840
3 0.08022649 0.02488020 0.07165299 0.14743098 0.00840895 0.03056170 0.04835069 0.29042495 0.02548200 0.01525290 0.00733133 0.03464989 0.00231390 0.00440371 0.01108810 0.13667698 0.03539759 0.00261661 0.00334346 0.01950660
4 0.06866260 0.01023270 0.01624230 0.01182840 0.01383160 0.01342400 0.02494920 0.01375960 0.00769697 0.21376800 0.13492100 0.01819170 0.04495040 0.02353190 0.01135680 0.04355840 0.04196400 0.00451442 0.01629100 0.26632500
5 0.04789880 0.15312301 0.04490350 0.03550400 0.00868760 0.07460420 0.07972910 0.02905520 0.01839450 0.02238480 0.03226920 0.24902101 0.02178690 0.02442710 0.01854790 0.04601920 0.04088700 0.00489776 0.01654210 0.03131710
6 0.06422989 0.05315079 0.03273089 0.04066799 0.02703110 0.04537359 0.03100059 0.02400920 0.09889738 0.14576397 0.08408008 0.04407609 0.04015939 0.03459249 0.01828660 0.05744219 0.03975729 0.00928758 0.04802009 0.06144279
7 0.18329386 0.01265849 0.03084698 0.02962968 0.03542277 0.01344519 0.03008038 0.20682784 0.01887529 0.00935481 0.01087889 0.02033448 0.00531543 0.01459929 0.00979875 0.27771579 0.06369935 0.00539776 0.00363480 0.01819019
8 0.03926278 0.01133029 0.01184229 0.00688823 0.01481309 0.01512079 0.01080139 0.00922739 0.00717977 0.27099085 0.16854091 0.01337119 0.05354167 0.03238138 0.01005659 0.02658839 0.03651318 0.00398775 0.01950119 0.23806087
9 0.04773149 0.15454296 0.04542369 0.03534999 0.00824350 0.07436988 0.07957168 0.02948069 0.01822189 0.02167809 0.03251759 0.24952693 0.02169409 0.02394629 0.01840059 0.04562139 0.03987679 0.00535749 0.01602030 0.03242469
10 0.03318168 0.02345079 0.03884398 0.00437072 0.00614748 0.01214879 0.01417619 0.00764380 0.06106447 0.03561278 0.06144987 0.02001849 0.01476389 0.16538092 0.00783266 0.02357529 0.01501139 0.02338549 0.39781382 0.03412748
11 0.04847417 0.06496406 0.04252917 0.01271959 0.00867677 0.03352848 0.04174907 0.01724029 0.05234946 0.02490068 0.05362096 0.15814989 0.03257808 0.05318366 0.01074469 0.03533518 0.02314378 0.02145119 0.23607584 0.02858498
12 0.03470361 0.01799211 0.01416660 0.00273234 0.00664527 0.00698478 0.01250520 0.01463740 0.01439610 0.05823882 0.14034704 0.02044831 0.02673181 0.36839311 0.00733430 0.02255081 0.02194311 0.01898491 0.14684305 0.04342131
13 0.06917287 0.02031719 0.07752986 0.35662483 0.01308279 0.03871728 0.22399189 0.02446849 0.02003719 0.00782284 0.01133009 0.03208068 0.00204966 0.00104109 0.01178239 0.04418038 0.01775419 0.00028391 0.00224407 0.02548829
14 0.07221365 0.01716451 0.06078564 0.37320527 0.01449971 0.03626933 0.25238118 0.01610121 0.01604381 0.00608203 0.01368151 0.02946222 0.00191396 0.00105698 0.01120481 0.03702033 0.01500881 0.00030205 0.00231087 0.02329212
15 0.04977091 0.30770209 0.04028491 0.02171341 0.01251800 0.04766061 0.04473491 0.02451911 0.04079151 0.01983021 0.03239921 0.14814204 0.03049661 0.02115811 0.01933701 0.04893241 0.04223381 0.01183060 0.01782251 0.01812201
16 0.09509539 0.01858140 0.03827620 0.04663620 0.00832650 0.01401180 0.01463750 0.57363896 0.00823700 0.00927226 0.01899750 0.01827300 0.00495461 0.00916340 0.00650520 0.06843300 0.02616710 0.00352340 0.00365660 0.01361300
17 0.06954390 0.00951161 0.01624800 0.01091530 0.01335420 0.01331350 0.02491860 0.01338060 0.00728189 0.21286999 0.13620899 0.01783760 0.04550860 0.02401930 0.01174030 0.04379120 0.04213690 0.00452836 0.01616820 0.26672298
18 0.04094380 0.30484702 0.04915950 0.01920970 0.01029340 0.10351001 0.03509160 0.01355070 0.03391340 0.01330370 0.01886350 0.20729001 0.01229890 0.01694310 0.01148090 0.03804770 0.04848210 0.00400757 0.00825878 0.01050460
19 0.06278669 0.04319319 0.04517419 0.12071099 0.00899201 0.05790139 0.34060496 0.02010260 0.03424540 0.01386350 0.02257960 0.06431059 0.00996890 0.00861523 0.01234130 0.04654689 0.04104370 0.00183868 0.01117870 0.03400150
20 0.04355930 0.00384824 0.00845136 0.00116348 0.00936440 0.00531040 0.00431301 0.00809897 0.00256884 0.18549400 0.33096600 0.00740896 0.08699220 0.04259620 0.00665815 0.02420360 0.02825780 0.00277169 0.01304740 0.18492600
21 0.15250003 0.02758180 0.02931291 0.02807761 0.03128951 0.02054280 0.03653431 0.07213231 0.02324220 0.02563670 0.03189371 0.02562940 0.01540700 0.01447640 0.03183571 0.26671605 0.10501002 0.00444412 0.01126310 0.04647431
22 0.04639218 0.01386789 0.01101470 0.00403349 0.00895596 0.01094530 0.01248129 0.01392099 0.00638289 0.13008594 0.36471784 0.01369289 0.09010496 0.06330987 0.01015450 0.02695209 0.03127949 0.00499330 0.02298349 0.11373095
23 0.04878860 0.15318400 0.04419740 0.03579820 0.00851277 0.07437360 0.08038630 0.03018160 0.01842840 0.02333450 0.03272940 0.24759499 0.02244800 0.02396140 0.01808730 0.04578820 0.03918460 0.00564676 0.01551890 0.03185510
24 0.09430123 0.01812501 0.03781701 0.04747722 0.00819379 0.01342730 0.01465511 0.57328521 0.00837001 0.00987904 0.01966211 0.01813961 0.00502376 0.00895289 0.00652882 0.06814083 0.02596221 0.00367126 0.00376796 0.01461961
25 0.03922489 0.01152830 0.01146030 0.00615338 0.01479629 0.01423010 0.00988808 0.00911307 0.00732589 0.27343390 0.16808094 0.01357100 0.05382518 0.03177579 0.00989678 0.02567079 0.03666129 0.00453195 0.01853819 0.24029392
26 0.31678812 0.02235421 0.02086321 0.02536081 0.02416621 0.02655201 0.03544031 0.09170213 0.01813141 0.02821241 0.04727002 0.02099591 0.01409911 0.01915561 0.02706311 0.12421705 0.05488112 0.00590303 0.01182520 0.06501902
27 0.03603280 0.00817229 0.00757959 0.00027384 0.00908156 0.00389419 0.00385303 0.00741442 0.00288602 0.16492102 0.39099105 0.00566552 0.11443902 0.04573281 0.00452509 0.02197620 0.02241800 0.00166932 0.00938019 0.13909402
28 0.07112175 0.01863021 0.05927674 0.36048827 0.01416421 0.03731043 0.26026219 0.01620321 0.01682731 0.00626194 0.01411631 0.03098922 0.00215312 0.00129904 0.01132361 0.03668773 0.01630731 0.00037827 0.00243949 0.02375962
29 0.03132867 0.00293991 0.00663439 0.00115477 0.01555029 0.00857797 0.00248962 0.00222974 0.00166575 0.34483472 0.13434689 0.00457978 0.04669306 0.00996953 0.00655456 0.01159029 0.02563658 0.00327325 0.01100849 0.32894173
30 0.06297576 0.03039978 0.04656687 0.06028616 0.00658103 0.19966787 0.17769089 0.02063149 0.02276259 0.07894385 0.05600686 0.09960574 0.01172409 0.00504147 0.01199449 0.03783998 0.02770988 0.00221136 0.00834087 0.03301898
31 0.09313710 0.01877910 0.03813220 0.04693500 0.00842020 0.01329990 0.01432920 0.57267603 0.00825619 0.00955054 0.01996420 0.01797800 0.00543111 0.00908854 0.00678072 0.06931310 0.02646000 0.00362871 0.00371484 0.01412530
32 0.07060162 0.00988303 0.01625140 0.01087480 0.01366350 0.01357140 0.02385891 0.01327140 0.00769856 0.21462605 0.13274703 0.01779410 0.04436221 0.02317291 0.01170850 0.04455891 0.04282621 0.00479448 0.01653890 0.26719606
33 0.03440128 0.00488473 0.00760877 0.00071075 0.00885350 0.00623441 0.00687099 0.00702984 0.00303984 0.17864987 0.37576673 0.00658904 0.09514093 0.04752337 0.00682448 0.02010609 0.02820298 0.00216574 0.01232879 0.14706789
34 0.03669961 0.09054472 0.01112840 0.00738614 0.01804780 0.02719291 0.01231610 0.00583963 0.01865020 0.00888498 0.01927290 0.03534961 0.00561478 0.00530706 0.54906410 0.09258542 0.03869081 0.00396411 0.00493345 0.00852726
35 0.01130201 0.00453609 0.01377051 0.00084940 0.00474535 0.00289334 0.00823282 0.00319440 0.01703982 0.05330436 0.11384512 0.00552564 0.00830395 0.46264048 0.00338152 0.00545690 0.00554801 0.01252141 0.23928925 0.02361962
36 0.08432437 0.09024466 0.04867208 0.05161418 0.01774479 0.03979458 0.07851547 0.03271739 0.11193796 0.02829409 0.03375409 0.04189228 0.01856099 0.03200319 0.02520949 0.08337287 0.04544458 0.01231510 0.09033276 0.03325509
37 0.15233401 0.02731340 0.03000430 0.02836710 0.03085710 0.02071040 0.03585940 0.07230510 0.02265670 0.02648060 0.03256980 0.02671200 0.01559720 0.01462860 0.03008950 0.26466501 0.10519801 0.00443315 0.01143500 0.04778360
38 0.03329428 0.02401359 0.03818928 0.00491888 0.00587520 0.01244749 0.01527149 0.00774388 0.06042447 0.03598708 0.06340717 0.02024409 0.01578789 0.16742391 0.00746816 0.02342049 0.01557419 0.02297659 0.39182980 0.03370208
39 0.05129769 0.34406994 0.03956119 0.01728820 0.00875786 0.04083749 0.06807719 0.01217570 0.12276198 0.01251660 0.01342210 0.05696029 0.00956851 0.01278660 0.01287830 0.04540989 0.07762379 0.01706880 0.02294570 0.01399220
40 0.03522276 0.01809608 0.01419548 0.00279490 0.00678130 0.00725477 0.01247229 0.01518408 0.01371178 0.05789533 0.13905183 0.02189827 0.02622867 0.37064956 0.00662159 0.02202497 0.02215897 0.01886918 0.14568583 0.04320235
41 0.08434726 0.06719597 0.07118357 0.05027678 0.01147709 0.18138691 0.10746295 0.03079439 0.02689799 0.03572448 0.04147898 0.10743995 0.01402139 0.01124799 0.02288269 0.05069028 0.03170138 0.00419998 0.01448089 0.03510908
42 0.07526091 0.02501760 0.02035560 0.00772790 0.01198090 0.01485710 0.03387831 0.07915411 0.01583390 0.03628031 0.07365281 0.06312801 0.02776700 0.13208702 0.01699840 0.19868703 0.06328411 0.00959155 0.03291800 0.06153941
43 0.02518177 0.03374176 0.02797347 0.00223911 0.00670307 0.00684602 0.00587594 0.01098379 0.03022876 0.01213229 0.05107324 0.01934528 0.04847904 0.14198083 0.00453684 0.01180229 0.02125357 0.25558069 0.26051468 0.02352757
44 0.04730524 0.01299841 0.01106681 0.00403976 0.00899071 0.01148501 0.01170401 0.01437861 0.00626051 0.12901010 0.36428528 0.01358261 0.08954637 0.06660635 0.01059201 0.02675152 0.03054052 0.00500466 0.02379842 0.11205309
45 0.03428108 0.01833939 0.01457949 0.00275587 0.00657963 0.00757949 0.01258969 0.01505919 0.01473759 0.05794477 0.13941792 0.02152369 0.02595069 0.37019680 0.00661726 0.02187299 0.02168459 0.01872639 0.14692892 0.04263458
46 0.04605189 0.01344380 0.01152760 0.00462977 0.00855895 0.01112160 0.01248820 0.01322020 0.00650442 0.12857197 0.36651691 0.01398460 0.09073978 0.06494548 0.01060730 0.02735349 0.03054329 0.00460671 0.02304209 0.11154197
47 0.08432168 0.06621237 0.06959857 0.05116185 0.01145981 0.18330218 0.10917011 0.03318303 0.02579123 0.03598214 0.04084344 0.10774311 0.01369241 0.01120341 0.02296762 0.05030115 0.03075703 0.00390600 0.01389131 0.03451153
48 0.03076149 0.00268905 0.00624183 0.00084634 0.01584809 0.00852023 0.00234131 0.00198886 0.00148181 0.35187683 0.12740594 0.00459758 0.04481098 0.00827187 0.00653795 0.01088929 0.02494209 0.00317386 0.01056379 0.33621084
49 0.08922071 0.01049560 0.01199180 0.00887596 0.00775237 0.01038380 0.01417760 0.02174320 0.00915909 0.09625851 0.05954391 0.01768250 0.02155500 0.01443000 0.01668360 0.22976902 0.24760402 0.00415818 0.01171140 0.09680371
50 0.07268456 0.01659259 0.06076127 0.37996380 0.01486499 0.03559758 0.25294486 0.01498779 0.01529279 0.00567957 0.01362359 0.02810258 0.00181744 0.00100009 0.01099549 0.03577048 0.01426419 0.00030329 0.00218195 0.02257109
51 0.04402900 0.00367087 0.00818542 0.00136053 0.01127050 0.00654497 0.00481274 0.00670177 0.00262378 0.22675298 0.26133997 0.00819715 0.07213629 0.03269700 0.00805233 0.02276810 0.03080610 0.00314814 0.01279340 0.23210898
52 0.08393478 0.08694848 0.05046489 0.05030889 0.01780980 0.04011649 0.07582268 0.03286259 0.11232998 0.02865109 0.03488549 0.04101709 0.01907050 0.03408549 0.02484730 0.08280718 0.04500079 0.01197480 0.09324068 0.03382099
53 0.03901210 0.01148750 0.01130990 0.00703688 0.01496370 0.01492770 0.01056700 0.00898406 0.00737983 0.27339703 0.16766802 0.01309200 0.05325841 0.03212330 0.01041900 0.02572800 0.03724690 0.00448003 0.01878660 0.23813202
54 0.15033812 0.04615024 0.13761711 0.07996306 0.02065552 0.06094125 0.07085926 0.07106176 0.02754472 0.01919912 0.02852452 0.04631314 0.01193271 0.01275061 0.01439171 0.09938488 0.04147473 0.00366879 0.02016222 0.03706653
55 0.31714710 0.02292061 0.02088631 0.02555771 0.02329921 0.02697731 0.03574141 0.09081833 0.01825501 0.02814991 0.05062202 0.02239141 0.01488130 0.01913051 0.02732581 0.12067204 0.05408242 0.00544109 0.01164860 0.06405192
56 0.05741024 0.01075171 0.01317891 0.00710004 0.01064131 0.01181921 0.01774261 0.01407041 0.00787122 0.21149316 0.14125111 0.01856041 0.04132593 0.01825081 0.01794851 0.07199595 0.12915910 0.00549720 0.01268301 0.18124914
57 0.08026787 0.02123152 0.01926072 0.01982592 0.01391681 0.01998242 0.01998052 0.02922403 0.01644631 0.11919510 0.10631609 0.02664492 0.04203384 0.02199792 0.01853472 0.17619015 0.12619011 0.00607115 0.01528881 0.10140109
58 0.09843441 0.01045469 0.01240099 0.00806335 0.00863757 0.00818869 0.01458849 0.01912448 0.00997750 0.11509389 0.08766552 0.01516569 0.02937247 0.02564068 0.01892498 0.12627288 0.18737182 0.00672440 0.01348669 0.18441082
59 0.03830996 0.02101908 0.00875262 0.00095603 0.01404819 0.00809859 0.00591855 0.00750640 0.00649986 0.21100278 0.26744872 0.01199969 0.11736788 0.03122317 0.00632265 0.02510887 0.02623747 0.00329878 0.01110389 0.17777681
60 0.05652003 0.14071008 0.04564352 0.02993302 0.00605923 0.16840709 0.10178705 0.01685121 0.01774331 0.01741211 0.02457921 0.25012014 0.00928528 0.01496961 0.00934146 0.02942512 0.03538652 0.00187028 0.00611853 0.01783721
61 0.02202100 0.00499492 0.00736024 0.00125240 0.00628973 0.00304825 0.00779298 0.00651210 0.00793738 0.09123589 0.19093698 0.00820824 0.03431850 0.37748097 0.00486207 0.01385200 0.01585200 0.00527527 0.13430999 0.05645910
62 0.08322074 0.06748124 0.06916074 0.05163203 0.01119841 0.18165309 0.10822106 0.03122152 0.02638931 0.03568532 0.04148432 0.10805906 0.01381001 0.01186111 0.02335651 0.05054783 0.03122132 0.00389408 0.01514401 0.03475832
63 0.03935777 0.01228539 0.01157269 0.00691566 0.01466069 0.01449399 0.01048259 0.00902982 0.00737329 0.27240780 0.16737688 0.01347539 0.05401106 0.03086458 0.01001559 0.02638238 0.03733497 0.00459713 0.01816249 0.23919983
64 0.05622673 0.05620063 0.22209310 0.08673434 0.01619071 0.06439153 0.06384833 0.06602463 0.02788201 0.02378991 0.03193881 0.05783113 0.01416821 0.01878661 0.01159491 0.06467903 0.04107392 0.00561324 0.03339792 0.03753432
65 0.02875081 0.01240130 0.01100290 0.01153060 0.00462438 0.01624280 0.11660303 0.01165270 0.00837947 0.11585003 0.31004209 0.03198961 0.03898861 0.01145320 0.03043271 0.02897451 0.16103605 0.00394496 0.01125140 0.03484881
66 0.06299140 0.04319890 0.04455810 0.11858600 0.00892482 0.05857110 0.33474199 0.02062670 0.03382150 0.01441200 0.02350180 0.06453770 0.00992933 0.00955983 0.01238270 0.04834210 0.04118330 0.00190604 0.01072960 0.03749510
67 0.06602853 0.02678801 0.08069813 0.31314012 0.01201390 0.04157792 0.17411407 0.06343952 0.02573391 0.01296841 0.01314641 0.04027592 0.00298026 0.00340433 0.01331791 0.05517802 0.02375761 0.00131695 0.00457647 0.02554361
68 0.28668404 0.01235380 0.01788610 0.01233340 0.04342871 0.01170310 0.02594860 0.09018021 0.02196530 0.01245730 0.01608910 0.00751831 0.00612573 0.00746687 0.01834710 0.27682904 0.08698161 0.00290212 0.00476922 0.03803031
69 0.10507496 0.03704859 0.02855519 0.01971659 0.01522579 0.02001119 0.04159508 0.03957769 0.01863219 0.05849148 0.06367168 0.03487729 0.02015409 0.02231279 0.02837029 0.16536794 0.18554393 0.00830247 0.01299720 0.07447357
70 0.03610059 0.01998420 0.00866027 0.00056424 0.00827058 0.00444505 0.00470655 0.00895133 0.00371981 0.12512498 0.42259292 0.00880001 0.12874598 0.05126699 0.00401963 0.02511340 0.02037810 0.00325841 0.01045200 0.10484498
71 0.04107681 0.30212107 0.04964171 0.02003200 0.01022740 0.10384502 0.03602691 0.01401780 0.03309621 0.01327870 0.01868310 0.20833205 0.01228800 0.01693660 0.01106950 0.03753061 0.04842761 0.00409561 0.00850506 0.01076820
72 0.04838663 0.03946802 0.16020209 0.23312213 0.01057181 0.04966653 0.09023725 0.07527304 0.03703192 0.01976941 0.00695706 0.04553803 0.00327383 0.00316721 0.01258381 0.07491104 0.05560833 0.00120205 0.00461700 0.02841282
73 0.05614521 0.06261761 0.04707911 0.05801041 0.00402259 0.09995781 0.27057504 0.01894650 0.01759990 0.01481080 0.01952830 0.19138803 0.01785420 0.00815669 0.01107450 0.03061250 0.03030360 0.00146318 0.00777340 0.03208060
74 0.06098890 0.03779650 0.08360410 0.15927800 0.00861171 0.06766630 0.28994401 0.02227320 0.02811730 0.01018330 0.01349920 0.06929470 0.00907649 0.00387567 0.01201490 0.04504740 0.03102500 0.00120173 0.00745038 0.03905120
75 0.03551801 0.01769051 0.01404571 0.00279303 0.00677819 0.00730880 0.01253400 0.01527181 0.01430341 0.05827212 0.13862405 0.02069771 0.02654101 0.37113714 0.00738550 0.02186571 0.02172371 0.01818101 0.14623406 0.04309452
76 0.31737603 0.02255480 0.02069230 0.02595340 0.02403070 0.02678430 0.03592440 0.09041211 0.01812370 0.02858680 0.04835780 0.02255110 0.01476590 0.01833210 0.02663190 0.12228601 0.05452321 0.00516430 0.01170510 0.06524401
77 0.03553592 0.01227951 0.00828076 0.00040336 0.00696739 0.00335548 0.00434237 0.00866163 0.00279658 0.12227406 0.45006021 0.00645397 0.12608906 0.05257282 0.00342329 0.02351371 0.01904841 0.00252115 0.00941526 0.10200505
78 0.05981862 0.05472762 0.05530912 0.10141203 0.00579917 0.13121704 0.22131707 0.02633341 0.06962882 0.02162581 0.01835281 0.07136102 0.00905308 0.00553281 0.01547560 0.05446442 0.03335631 0.00278813 0.01228320 0.03014391
79 0.25320715 0.01150371 0.01420001 0.01032541 0.02181021 0.01261631 0.02677222 0.05012693 0.01547981 0.03683772 0.04385973 0.01073861 0.01653451 0.01642741 0.02619352 0.18535411 0.10462506 0.00337674 0.00942077 0.13059008
80 0.34770785 0.01060120 0.01998549 0.02092789 0.01527689 0.01665329 0.01445109 0.30649087 0.00857586 0.00670003 0.02294899 0.00894067 0.00302467 0.00917267 0.01498769 0.10424096 0.03035469 0.00380707 0.00191975 0.03323239
81 0.03121709 0.09372308 0.05763179 0.01233670 0.00493712 0.04065769 0.18288795 0.01902020 0.01124230 0.02216029 0.02558609 0.28428293 0.08439418 0.01112290 0.01381880 0.03206439 0.03075099 0.00314114 0.01702000 0.02200439
82 0.04395259 0.00820382 0.00694326 0.00187143 0.00950493 0.01154780 0.02357779 0.00923549 0.00754061 0.19883195 0.26858394 0.01375450 0.04941919 0.02517319 0.04860269 0.03127609 0.08639608 0.00557980 0.01455690 0.13544797
83 0.03344901 0.02501021 0.03851791 0.00456607 0.00627768 0.01297280 0.01537680 0.00783227 0.06079802 0.03559661 0.06165612 0.02032801 0.01547940 0.16608805 0.00757980 0.02367301 0.01529610 0.02274981 0.39199011 0.03476221
84 0.08541107 0.06708597 0.07136267 0.05004708 0.01090820 0.18270293 0.10750596 0.03260059 0.02612459 0.03414779 0.04013338 0.10754596 0.01374099 0.01152060 0.02361949 0.05026728 0.03180079 0.00382899 0.01466709 0.03497859
85 0.06303091 0.04261380 0.04441370 0.11999001 0.00893874 0.05855561 0.33545703 0.02053280 0.03401820 0.01428250 0.02287640 0.06556191 0.00977861 0.00944086 0.01275510 0.04821380 0.04153730 0.00177029 0.01093340 0.03529900
86 0.05035121 0.00952810 0.00948433 0.00288238 0.00657278 0.00823213 0.02970611 0.01397310 0.00632003 0.12554403 0.32286806 0.01767310 0.06392661 0.03411041 0.02492280 0.04220301 0.11209402 0.00598085 0.01404950 0.09957742
87 0.02955119 0.00256524 0.00627431 0.00075990 0.01581710 0.00854052 0.00201650 0.00180809 0.00131129 0.35625889 0.12649196 0.00418282 0.04432989 0.00777958 0.00627585 0.01008890 0.02413259 0.00321732 0.01045120 0.33814689
88 0.04868528 0.30754285 0.04090498 0.02290089 0.01229029 0.04757528 0.04697958 0.02461499 0.04106258 0.01933009 0.03167148 0.14701893 0.03113228 0.02096049 0.01884449 0.04821268 0.04201888 0.01219369 0.01850219 0.01755809
89 0.15511210 0.02706502 0.02943062 0.02866282 0.03234492 0.02052741 0.03592742 0.07188465 0.02284531 0.02579762 0.03135232 0.02536832 0.01530821 0.01410691 0.03184912 0.26584817 0.10527607 0.00443237 0.01101261 0.04584803
90 0.05078152 0.03795731 0.07639233 0.23348409 0.00712081 0.05682842 0.08738003 0.06508402 0.04696782 0.06097962 0.01777201 0.06771013 0.00612924 0.00574682 0.01493381 0.07565893 0.04107742 0.00231271 0.00797574 0.03770721
91 0.06917862 0.01024250 0.01634570 0.01098270 0.01357970 0.01374930 0.02496611 0.01366170 0.00754872 0.21328206 0.13431903 0.01844790 0.04447481 0.02411361 0.01188090 0.04392341 0.04270191 0.00495512 0.01577510 0.26587107
92 0.04756368 0.01339680 0.01187490 0.00435313 0.00903620 0.01113170 0.01279480 0.01342220 0.00596355 0.12878395 0.36551087 0.01386170 0.09000677 0.06339148 0.01076730 0.02746479 0.03111939 0.00468237 0.02254849 0.11232596
93 0.04866547 0.15087990 0.04473097 0.03521718 0.00819694 0.07612625 0.08199825 0.02934898 0.01864929 0.02327978 0.03272138 0.24957784 0.02129859 0.02426948 0.01720919 0.04522347 0.04086947 0.00510801 0.01525019 0.03137938
94 0.02876160 0.00227062 0.00600399 0.00038220 0.01480400 0.00772533 0.00164031 0.00216811 0.00106431 0.33333497 0.16991899 0.00375443 0.05260440 0.01283390 0.00617523 0.00977640 0.02269930 0.00288915 0.01035880 0.31083397
95 0.05476469 0.05781249 0.22288695 0.08917098 0.01611260 0.06391599 0.06432239 0.06752579 0.02851289 0.02351020 0.03057469 0.05678059 0.01413030 0.01845760 0.01119190 0.06532489 0.04114599 0.00438181 0.03369469 0.03578259
96 0.04849552 0.06136152 0.03371631 0.02875491 0.01238390 0.04316621 0.05153642 0.01932081 0.01859781 0.02023961 0.02955531 0.12972804 0.01523230 0.01135060 0.32353610 0.07484462 0.04001031 0.00412340 0.00981178 0.02423451
97 0.02898461 0.00239853 0.00608380 0.00034411 0.01493180 0.00775031 0.00153429 0.00218210 0.00115450 0.33325210 0.16988005 0.00369947 0.05297772 0.01288090 0.00603074 0.00969198 0.02215441 0.00291127 0.01050320 0.31065409
98 0.04657539 0.01324050 0.01131200 0.00454399 0.00882831 0.01109770 0.01204890 0.01409760 0.00654790 0.12977997 0.36565293 0.01413880 0.09042228 0.06374849 0.01032150 0.02683089 0.03121189 0.00518470 0.02244630 0.11196998
99 0.07451828 0.04265979 0.22382493 0.07669608 0.02479459 0.05155038 0.04412509 0.06894738 0.02887299 0.01646039 0.01475260 0.04214539 0.01063260 0.01028460 0.01223310 0.15216695 0.05302148 0.00283402 0.01326080 0.03621859
100 0.05136947 0.05120447 0.05156876 0.06267526 0.00362574 0.07541505 0.14916690 0.09213514 0.01589189 0.01588209 0.01473489 0.20761986 0.01830299 0.03689067 0.01313089 0.07876035 0.02559808 0.00293876 0.00789777 0.02519098
101 0.06303793 0.04359592 0.04478252 0.11875805 0.00898161 0.05782582 0.33738113 0.02018161 0.03470281 0.01421481 0.02195081 0.06437343 0.00979881 0.00961879 0.01211030 0.04841732 0.04257882 0.00192459 0.01122010 0.03454481
102 0.04176280 0.11384301 0.04036390 0.04084190 0.01005370 0.04899180 0.05531780 0.05371430 0.02052380 0.02455650 0.02414270 0.22000702 0.02076600 0.03540310 0.02610770 0.12555201 0.04218050 0.00583401 0.01070330 0.03933410
103 0.04728451 0.01263990 0.01120150 0.00398075 0.00862898 0.01117980 0.01166220 0.01366560 0.00635381 0.12810202 0.36527807 0.01396460 0.08950602 0.06776071 0.00992294 0.02714200 0.03056831 0.00507274 0.02492850 0.11115702
104 0.20129708 0.01761821 0.03911152 0.01926431 0.06606143 0.01216020 0.02264091 0.21211408 0.02311101 0.00998045 0.01563091 0.01238030 0.00837003 0.00781452 0.01050000 0.23369609 0.05955392 0.00700330 0.00420620 0.01748551
105 0.21211599 0.02404530 0.03715230 0.10519099 0.01992850 0.06646110 0.16768999 0.05206990 0.01903180 0.01010500 0.02065340 0.04695630 0.00616386 0.00701579 0.01702250 0.10168499 0.03552180 0.00218927 0.00813115 0.04087010
106 0.06226367 0.04305088 0.04432258 0.11736295 0.00882033 0.05787127 0.34112685 0.01930179 0.03487598 0.01444089 0.02286239 0.06496367 0.00977891 0.00844904 0.01255739 0.04731708 0.04113468 0.00206557 0.01108150 0.03635258
107 0.03900732 0.01138901 0.01138761 0.00695246 0.01447891 0.01539581 0.01034320 0.00945747 0.00750828 0.27016812 0.17055108 0.01366811 0.05417682 0.03168601 0.01017250 0.02696901 0.03735302 0.00419254 0.01868561 0.23645711
108 0.04765671 0.05946052 0.01784561 0.00539031 0.01393290 0.01093210 0.00981538 0.02654891 0.02327991 0.02737881 0.05064942 0.02256511 0.05462832 0.09657883 0.01153540 0.02969971 0.04370111 0.32654610 0.08507233 0.03678251
109 0.03147480 0.00296023 0.00658390 0.00097906 0.01552760 0.00850714 0.00268718 0.00228288 0.00175351 0.34499002 0.13345801 0.00471119 0.04639110 0.00986329 0.00662154 0.01205810 0.02594730 0.00333953 0.01076160 0.32910202
110 0.04670523 0.04587313 0.01710881 0.00423552 0.01492771 0.01420481 0.01723351 0.01422031 0.01272071 0.12374408 0.25877716 0.03103812 0.12899108 0.04317273 0.00903808 0.04013632 0.03045432 0.01547401 0.01934331 0.11260107
111 0.05663505 0.13921611 0.02015672 0.00953419 0.02596972 0.03284533 0.02372552 0.01531041 0.02660562 0.03959553 0.12418810 0.04221383 0.03119773 0.01563141 0.22621519 0.07382216 0.04652444 0.01058981 0.01273141 0.02729172
112 0.04754871 0.01308540 0.01173230 0.00482540 0.00905416 0.01113050 0.01264680 0.01465980 0.00651835 0.12854103 0.36362609 0.01445750 0.08986522 0.06422392 0.01033650 0.02734601 0.03075421 0.00477793 0.02301211 0.11185803
113 0.14039909 0.01309011 0.01570651 0.00883355 0.02428532 0.00922472 0.02077681 0.04316003 0.01414621 0.02841672 0.01826231 0.01056661 0.00812303 0.00756067 0.01834351 0.33093022 0.22924915 0.00224618 0.00884144 0.04783783
114 0.08443096 0.06609157 0.07023447 0.05081458 0.01169999 0.18307791 0.11006395 0.03088938 0.02632489 0.03525648 0.04203348 0.10727095 0.01372769 0.01126189 0.02323259 0.04944398 0.03085628 0.00393709 0.01435799 0.03499388
115 0.06809801 0.00936541 0.01592610 0.01107070 0.01394290 0.01363320 0.02472211 0.01311100 0.00754520 0.21512305 0.13418803 0.01766540 0.04510211 0.02392391 0.01142340 0.04465341 0.04171641 0.00479327 0.01649330 0.26750306
116 0.13984104 0.03930491 0.03651671 0.02873071 0.09902153 0.02456991 0.03289851 0.04571391 0.02452051 0.06791292 0.06120152 0.02595781 0.03038021 0.02051351 0.02849591 0.14878304 0.05085601 0.00962394 0.01551980 0.06963762
117 0.08456766 0.06603127 0.07084447 0.05146658 0.01101740 0.18439092 0.10918495 0.03259569 0.02619229 0.03468159 0.04073158 0.10677296 0.01324449 0.01134150 0.02327619 0.04969898 0.03164419 0.00400352 0.01434389 0.03396989
118 0.04600059 0.05186919 0.01947060 0.00573737 0.01547090 0.01355430 0.01094880 0.08595729 0.01829870 0.02248110 0.05071739 0.02827040 0.09890338 0.06824689 0.01060170 0.04910249 0.04191339 0.26988395 0.06394639 0.02862520
119 0.04707742 0.01286890 0.01145550 0.00454359 0.00874551 0.01148190 0.01290610 0.01355910 0.00637285 0.12807805 0.36645613 0.01421171 0.08973463 0.06508912 0.01040690 0.02727521 0.03103661 0.00506139 0.02258631 0.11105304
120 0.31747879 0.02163909 0.02060129 0.02593288 0.02364198 0.02677008 0.03671858 0.08990604 0.01824099 0.02857308 0.04820307 0.02193889 0.01414669 0.01871899 0.02691538 0.12155792 0.05533476 0.00578126 0.01178279 0.06611746
121 0.31621768 0.02247388 0.02175888 0.02567157 0.02372248 0.02722497 0.03651536 0.08958981 0.01836338 0.02929597 0.04951205 0.02208988 0.01472948 0.01817788 0.02664417 0.12136188 0.05390575 0.00511371 0.01209239 0.06553883
122 0.09460986 0.01826849 0.03827979 0.04675078 0.00871015 0.01349909 0.01451809 0.57287578 0.00818592 0.00933537 0.01939899 0.01787519 0.00528465 0.00909371 0.00655929 0.06920467 0.02582429 0.00387236 0.00367973 0.01417379
123 0.05715727 0.01014811 0.01340982 0.00743925 0.01038841 0.01154571 0.01823072 0.01398572 0.00742315 0.21058726 0.14151117 0.01906432 0.04189735 0.01839802 0.01755632 0.07347049 0.12992816 0.00518570 0.01270282 0.17997022
124 0.03405928 0.00575221 0.00735833 0.00066681 0.01167919 0.00864153 0.00614598 0.00563957 0.00331201 0.23536585 0.28408482 0.00704369 0.07649325 0.03797548 0.00768454 0.01823869 0.03001308 0.00299054 0.01416429 0.20269087
125 0.04241148 0.00350560 0.00788717 0.00091851 0.01150219 0.00634134 0.00420691 0.00610384 0.00236417 0.23699488 0.25085688 0.00752888 0.07004467 0.03011359 0.00743489 0.02166629 0.03039189 0.00310748 0.01252149 0.24409788
126 0.04588182 0.04284282 0.01693751 0.00389442 0.01434531 0.01342241 0.01657701 0.01458861 0.01192370 0.12663805 0.26057211 0.02959891 0.12719505 0.04289062 0.00871597 0.04095952 0.03191261 0.01656801 0.01907851 0.11545705
127 0.15330909 0.02643452 0.02965082 0.02772462 0.03122312 0.02023801 0.03631862 0.07315864 0.02235461 0.02635422 0.03251752 0.02598392 0.01563911 0.01465281 0.03039222 0.26563815 0.10549506 0.00428212 0.01064971 0.04798313
128 0.05562690 0.05700870 0.22028799 0.08847549 0.01626890 0.06434620 0.06280980 0.06790220 0.02856320 0.02408310 0.03057460 0.05738620 0.01454050 0.01871760 0.01075660 0.06542200 0.04103480 0.00555166 0.03363620 0.03700740
129 0.04748198 0.01396419 0.01135399 0.00415451 0.00893560 0.01110879 0.01294149 0.01407709 0.00666083 0.12883593 0.36319881 0.01434429 0.08994345 0.06485617 0.01012019 0.02733979 0.03130668 0.00505507 0.02291319 0.11140794
130 0.03102957 0.00278758 0.00646059 0.00108602 0.01567618 0.00841664 0.00248077 0.00212854 0.00162355 0.35018566 0.12887587 0.00450507 0.04542836 0.00843227 0.00648121 0.01090769 0.02473918 0.00321550 0.01074809 0.33479167
131 0.04835967 0.30724878 0.04114897 0.02252058 0.01230279 0.04704867 0.04609007 0.02452988 0.04196877 0.01946019 0.03283698 0.14377390 0.03135748 0.02076319 0.01904349 0.04930167 0.04254827 0.01283419 0.01896909 0.01789339
132 0.04707292 0.01304621 0.01129511 0.00442027 0.00912033 0.01071321 0.01197391 0.01316961 0.00661857 0.12854706 0.36557018 0.01369021 0.09038174 0.06596593 0.01000880 0.02720681 0.03068192 0.00504494 0.02311121 0.11236106
133 0.07228126 0.01745991 0.06096605 0.37166429 0.01442901 0.03664933 0.25056920 0.01696601 0.01631331 0.00625527 0.01374941 0.02980532 0.00192567 0.00097316 0.01121451 0.03728003 0.01544501 0.00030360 0.00237031 0.02337932
134 0.18672496 0.01057460 0.01006450 0.00250157 0.00866260 0.00710295 0.01046290 0.03543449 0.01218510 0.07274238 0.14239597 0.01268480 0.04876469 0.09733818 0.02112260 0.05465559 0.08204628 0.00708021 0.02298969 0.15446596
135 0.04605599 0.01274330 0.01100210 0.00440583 0.00878863 0.01119350 0.01246560 0.01312770 0.00634389 0.12996597 0.36652892 0.01398670 0.09005628 0.06538109 0.01065440 0.02667229 0.03068579 0.00523866 0.02307540 0.11162798
136 0.03378842 0.02439561 0.03820582 0.00460514 0.00619829 0.01327781 0.01429941 0.00764157 0.06130653 0.03535462 0.06228213 0.02057751 0.01558741 0.16387109 0.00750158 0.02464021 0.01544411 0.02291301 0.39415720 0.03395252
137 0.04753669 0.01350080 0.01134350 0.00385760 0.00899080 0.01114670 0.01236700 0.01420430 0.00649114 0.12885999 0.36724196 0.01385140 0.09090099 0.06409709 0.00971331 0.02669600 0.02997380 0.00507026 0.02258370 0.11157299
138 0.03515139 0.01800440 0.01394500 0.00286871 0.00642767 0.00730602 0.01285470 0.01468780 0.01442810 0.05786549 0.14086598 0.01986700 0.02651850 0.37088394 0.00703215 0.02161250 0.02168400 0.01867720 0.14661298 0.04270649
139 0.15944891 0.01410689 0.03326528 0.03749998 0.02670819 0.01362399 0.02610949 0.30398984 0.01548649 0.00936628 0.01233289 0.02213939 0.00480126 0.01382209 0.00903126 0.22308788 0.04952947 0.00536229 0.00322184 0.01706629
140 0.03486311 0.01841561 0.01436621 0.00274372 0.00680549 0.00730804 0.01311660 0.01547671 0.01444151 0.05769952 0.13919405 0.02143591 0.02585811 0.36909814 0.00662598 0.02354351 0.02164001 0.01833851 0.14631305 0.04271622
141 0.05439478 0.06026848 0.01980379 0.00448692 0.13083796 0.02998449 0.01302680 0.01568039 0.03069699 0.10165397 0.12784496 0.02894889 0.14553995 0.01972779 0.01656689 0.06939648 0.02868319 0.01443980 0.01429650 0.07372098
142 0.03198508 0.00298909 0.00676707 0.00106833 0.01558749 0.00850940 0.00258934 0.00236466 0.00187591 0.34424779 0.13273992 0.00459000 0.04591417 0.01027199 0.00666924 0.01237909 0.02655508 0.00329357 0.01103299 0.32856980
143 0.09276799 0.01896150 0.03963149 0.04770309 0.00857482 0.01379940 0.01472560 0.56959393 0.00838990 0.00965736 0.01945680 0.01876970 0.00563403 0.00879954 0.00658320 0.06888259 0.02626340 0.00355792 0.00388936 0.01435840
144 0.30571083 0.01119049 0.01661649 0.01128179 0.04309968 0.01118239 0.02518279 0.09155705 0.02216809 0.01118719 0.01558469 0.00655533 0.00557403 0.00703905 0.01856899 0.26886285 0.08294676 0.00275724 0.00459389 0.03834038
145 0.22069393 0.01073000 0.03319339 0.01180000 0.06741368 0.00837242 0.02393059 0.16098395 0.02304819 0.00500617 0.00682394 0.00712437 0.00414593 0.00497404 0.00790432 0.31612290 0.06812288 0.00572826 0.00198068 0.01190040
146 0.02807332 0.00274123 0.00610131 0.00074958 0.01600011 0.00862837 0.00175018 0.00166290 0.00127986 0.36161326 0.12557609 0.00394672 0.04386423 0.00688506 0.00630149 0.00894468 0.02298592 0.00323872 0.01039271 0.33926425
147 0.25984910 0.01234010 0.01876691 0.01239860 0.04553952 0.01099470 0.02713681 0.08446323 0.02295281 0.01239960 0.01389951 0.00733302 0.00586700 0.00677339 0.01678901 0.30399212 0.09666814 0.00268666 0.00525745 0.03389231
148 0.08160506 0.02500699 0.03618918 0.04538078 0.01099590 0.02274719 0.02373789 0.17055193 0.01919469 0.11118295 0.11547795 0.03213929 0.04069808 0.02765579 0.01402239 0.07312757 0.06056607 0.00639533 0.01383369 0.06949127
149 0.04788874 0.01293078 0.01168139 0.00441620 0.00909148 0.01136799 0.01252448 0.01498968 0.00677718 0.12841584 0.36377856 0.01478308 0.08918459 0.06438372 0.01024919 0.02733617 0.03098386 0.00471572 0.02275647 0.11174486
150 0.03464452 0.01079481 0.00795727 0.00034943 0.00665128 0.00301653 0.00376400 0.00864154 0.00268456 0.12052108 0.45982531 0.00582581 0.12737308 0.05340674 0.00304897 0.02360702 0.01812641 0.00175398 0.00889409 0.09911357
151 0.06647226 0.03595628 0.01137299 0.01406059 0.01371229 0.02417798 0.01772789 0.01387689 0.01673209 0.02138449 0.03283658 0.03035088 0.00795145 0.00958567 0.50124467 0.09291024 0.05117757 0.00375085 0.00800885 0.02670948
152 0.04856860 0.30555000 0.04292640 0.02188120 0.01281430 0.04656900 0.04497890 0.02444760 0.04176880 0.02000750 0.03331860 0.14352900 0.03209880 0.02124760 0.01870660 0.04872440 0.04219790 0.01232120 0.01998490 0.01835870
153 0.06554207 0.03660338 0.01184300 0.01477599 0.01380439 0.02484159 0.01899029 0.01431949 0.01708939 0.02118619 0.03306649 0.03004959 0.00755143 0.00978108 0.49789179 0.09341956 0.05076288 0.00347683 0.00818458 0.02681999
154 0.03471869 0.01734450 0.01363360 0.00271683 0.00676430 0.00736007 0.01279360 0.01506280 0.01424290 0.05799518 0.14014896 0.02048119 0.02609579 0.37212390 0.00690236 0.02209949 0.02203879 0.01891510 0.14622096 0.04234099
155 0.28977273 0.01266529 0.01831728 0.01206689 0.04377566 0.01154229 0.02603478 0.09010382 0.02237718 0.01146249 0.01483219 0.00735197 0.00580281 0.00660232 0.01901278 0.27784774 0.08561632 0.00270589 0.00507630 0.03703327
156 0.05595240 0.05804590 0.22114300 0.08895770 0.01636240 0.06499250 0.06240260 0.06785040 0.02910580 0.02377730 0.02953870 0.05691830 0.01410290 0.01818470 0.01157530 0.06483760 0.04132660 0.00510048 0.03461860 0.03520680
157 0.03704500 0.00237305 0.00724626 0.00023585 0.01030430 0.00413742 0.00161381 0.00545678 0.00128950 0.22710801 0.30428102 0.00413054 0.09074600 0.03370430 0.00493610 0.01757320 0.02299690 0.00196145 0.00978849 0.21307201
158 0.01026490 0.00289964 0.00724467 0.00066715 0.00510947 0.00197753 0.00789912 0.00296058 0.00989627 0.06696062 0.13463304 0.00422893 0.00983644 0.48641516 0.00341423 0.00512932 0.00600211 0.00653562 0.20068207 0.02724311
159 0.02636940 0.00232185 0.00573270 0.00039356 0.01642150 0.00839231 0.00145498 0.00105180 0.00100695 0.37218697 0.11840699 0.00347365 0.04220090 0.00484578 0.00583171 0.00670511 0.02065050 0.00314248 0.01006190 0.34934897
160 0.04433653 0.18559713 0.16793112 0.02142361 0.01879361 0.05719004 0.02770722 0.02756402 0.02918702 0.03080982 0.11632308 0.06675715 0.04341653 0.02054231 0.01236691 0.03995063 0.03339242 0.01034801 0.02119441 0.02516842
161 0.03369199 0.02470309 0.03893659 0.00516932 0.00611101 0.01297360 0.01462310 0.00727705 0.06112218 0.03528209 0.06173968 0.02023659 0.01464810 0.16569296 0.00730749 0.02402859 0.01615980 0.02200529 0.39442389 0.03386759
162 0.03297841 0.02417611 0.03807812 0.00448621 0.00620513 0.01241021 0.01534351 0.00751153 0.06070703 0.03595582 0.06290023 0.02054181 0.01548541 0.16617007 0.00769580 0.02354371 0.01546721 0.02281991 0.39298017 0.03454361
163 0.31330101 0.02232570 0.02102130 0.02505600 0.02356870 0.02665040 0.03642500 0.09067520 0.01858430 0.02902520 0.04909310 0.02181660 0.01476280 0.01861740 0.02711610 0.12297900 0.05480830 0.00599917 0.01212650 0.06604820
164 0.04380370 0.00430220 0.00822539 0.00111474 0.01102980 0.00657772 0.00472871 0.00659693 0.00268716 0.22572099 0.26072499 0.00806170 0.07186020 0.03340720 0.00767537 0.02332750 0.03098660 0.00310952 0.01333760 0.23272199
165 0.06576982 0.02761321 0.08029362 0.31086309 0.01183960 0.04127001 0.17112105 0.06655512 0.02630071 0.01366130 0.01277670 0.04107511 0.00285930 0.00330797 0.01367750 0.05502782 0.02434971 0.00132188 0.00478065 0.02553581
166 0.03885883 0.01186101 0.01117481 0.00637490 0.01465581 0.01417951 0.01034571 0.00909271 0.00733829 0.27259824 0.17057815 0.01330681 0.05389435 0.03218313 0.00968808 0.02579042 0.03711923 0.00442247 0.01843932 0.23809821
167 0.15123893 0.01364199 0.03204089 0.03587258 0.02576179 0.01276809 0.02372369 0.33686386 0.01409959 0.00804429 0.01174479 0.02072439 0.00434657 0.01338379 0.00783899 0.21905091 0.04578458 0.00566912 0.00298386 0.01441729
168 0.10656303 0.01360400 0.02687711 0.01611591 0.01245110 0.01610551 0.05216022 0.02493091 0.01315790 0.06304862 0.07071102 0.02736651 0.02554931 0.02073461 0.01810271 0.15984405 0.09722413 0.00442578 0.01329950 0.21772807
169 0.08409416 0.06739627 0.06852017 0.05222528 0.01120749 0.18207891 0.10977095 0.03124149 0.02598249 0.03469448 0.04024208 0.10835895 0.01355649 0.01165319 0.02333089 0.05013148 0.03261968 0.00390877 0.01387289 0.03511388
170 0.04749430 0.01346110 0.01131790 0.00431210 0.00879563 0.01114230 0.01245120 0.01347680 0.00643630 0.12721199 0.36619797 0.01457580 0.08922699 0.06605140 0.01049570 0.02725500 0.03084150 0.00479494 0.02372910 0.11073199
171 0.04927410 0.30898403 0.04118820 0.02319020 0.01256090 0.04681060 0.04541530 0.02440950 0.04248310 0.01925510 0.03222260 0.14404801 0.03045210 0.02154010 0.01901050 0.04815800 0.04198230 0.01228690 0.01938750 0.01734090
172 0.03074877 0.00220815 0.00622906 0.00032698 0.01448189 0.00723164 0.00160640 0.00244644 0.00108842 0.32500969 0.17436683 0.00386102 0.05420885 0.01418299 0.00615269 0.01090129 0.02359678 0.00285122 0.01053719 0.30796371
173 0.06623030 0.02765150 0.07820300 0.31127699 0.01156480 0.04144110 0.17436000 0.06669780 0.02598290 0.01312080 0.01272610 0.04164100 0.00280142 0.00320533 0.01299990 0.05475230 0.02378010 0.00113064 0.00445853 0.02597550
174 0.06385900 0.04213250 0.04389600 0.11984900 0.00879092 0.05877150 0.33723900 0.02075530 0.03420050 0.01476990 0.02391620 0.06326230 0.00955799 0.01046280 0.01243680 0.04779020 0.04140510 0.00167558 0.01084470 0.03438470
175 0.06548681 0.02667800 0.07972801 0.31366906 0.01199300 0.04093621 0.17521903 0.06487041 0.02590150 0.01288660 0.01261340 0.04061181 0.00280221 0.00302158 0.01359200 0.05491951 0.02370940 0.00122037 0.00455786 0.02558320
176 0.06668573 0.02712611 0.07827643 0.31286113 0.01180130 0.04134572 0.17491607 0.06426183 0.02572551 0.01296931 0.01295551 0.04105132 0.00288470 0.00340032 0.01336171 0.05483512 0.02380341 0.00140427 0.00447069 0.02586381
177 0.06895525 0.00986350 0.01588211 0.01105521 0.01351451 0.01344641 0.02486832 0.01354331 0.00760400 0.21350814 0.13567909 0.01766511 0.04518813 0.02365062 0.01159461 0.04423443 0.04242873 0.00553146 0.01592791 0.26585918
178 0.27432607 0.01213880 0.01923750 0.00545530 0.09179392 0.00751095 0.02296391 0.08094752 0.02377641 0.00605677 0.00800363 0.00495140 0.00496008 0.00321398 0.01429560 0.31978308 0.07521782 0.00302013 0.00277541 0.01957170
179 0.09250875 0.02124521 0.04979063 0.04002902 0.00282877 0.26813215 0.26266415 0.01326681 0.01257671 0.01596941 0.02738342 0.11808307 0.00483308 0.00205026 0.01109611 0.01834291 0.01250851 0.00079357 0.00377005 0.02212741
