1 0.04673058 0.00575351 0.00988927 0.00331021 0.00816065 0.00766218 0.00695011 0.00440018 0.00253702 0.18464392 0.30801487 0.01262419 0.08027817 0.03953498 0.00775107 0.01863479 0.03258399 0.00247711 0.01374129 0.20432192
2 0.11658405 0.04828852 0.03031841 0.03579342 0.02758841 0.03129981 0.02752761 0.03235301 0.09815684 0.02500811 0.03917972 0.02855911 0.01763821 0.01582201 0.22121909 0.08957794 0.05582672 0.00392208 0.02813721 0.02719971
3 0.05214614 0.01896138 0.05351174 0.11703286 0.01907238 0.01669148 0.03703636 0.29857765 0.01627018 0.00930130 0.01504258 0.02264587 0.00576678 0.01358478 0.01514218 0.19220878 0.06650112 0.00982760 0.00625654 0.01442228
4 0.06775307 0.01813399 0.01783419 0.01325349 0.01161309 0.01160459 0.01814879 0.01053869 0.00741788 0.21480089 0.13067293 0.02313309 0.04136218 0.02455749 0.01204959 0.03030988 0.04486338 0.00547952 0.01658439 0.27988886
5 0.04806863 0.14928710 0.05506704 0.03475952 0.00842985 0.06198424 0.07888805 0.02269732 0.01940251 0.02571132 0.03166112 0.26840519 0.01772411 0.02394052 0.01237711 0.04802583 0.03791223 0.00437557 0.01413651 0.03714623
6 0.04649521 0.02547560 0.02769140 0.03330341 0.01524850 0.03023070 0.01679670 0.36797206 0.01538590 0.12228602 0.05065791 0.02176590 0.01685720 0.01870530 0.01301270 0.04161781 0.05380311 0.00462705 0.00988539 0.06818211
7 0.14388900 0.01102370 0.03184390 0.03033690 0.02238280 0.01549800 0.01934800 0.23584001 0.01081840 0.00766239 0.02262900 0.01728730 0.00835488 0.02581410 0.01823630 0.27211801 0.06982660 0.01510180 0.00469430 0.01729460
8 0.04228830 0.01347920 0.01341450 0.00586512 0.01342510 0.01895140 0.01137530 0.01058130 0.00805807 0.28142797 0.15769498 0.01597240 0.04677560 0.03546030 0.01079600 0.02173690 0.03524110 0.00365851 0.01639700 0.23740098
9 0.05761466 0.05688317 0.04868327 0.01544729 0.01340979 0.06799546 0.06152576 0.01696189 0.02668398 0.13637792 0.06950246 0.14674791 0.02406809 0.02223979 0.01130769 0.04782397 0.06566446 0.00349201 0.01805449 0.08951595
10 0.02787590 0.02180740 0.01919680 0.01064590 0.00624999 0.01099350 0.01154910 0.00897937 0.07162949 0.02890910 0.05383080 0.01768990 0.01764090 0.16075399 0.00655651 0.02372770 0.01512610 0.01669390 0.43386497 0.03627870
11 0.04531150 0.06897640 0.06071430 0.02138000 0.00954222 0.03032800 0.03261590 0.02481590 0.04805390 0.03237940 0.04850280 0.16315100 0.01599630 0.06607600 0.01067990 0.03924550 0.03141750 0.01595300 0.19433400 0.04052650
12 0.03236151 0.01448390 0.01595650 0.00789348 0.00724658 0.01119480 0.01005990 0.01467500 0.01463350 0.06150221 0.13142602 0.02035370 0.02787351 0.37227407 0.00994405 0.02973991 0.02170830 0.01846220 0.13725703 0.04095381
13 0.04722800 0.02087430 0.15592599 0.32035898 0.01898830 0.03989740 0.19164999 0.01007520 0.02899520 0.00278013 0.00796501 0.02419480 0.00483477 0.00723179 0.00853377 0.04708750 0.01686550 0.00159374 0.00383824 0.04108140
14 0.08947714 0.01782801 0.05188352 0.35082415 0.00874390 0.04087352 0.26212011 0.01695561 0.01302191 0.00239564 0.01332031 0.02470001 0.00407176 0.00288584 0.01526911 0.04209882 0.01768841 0.00079751 0.00504952 0.01999521
15 0.04043988 0.30567887 0.04008668 0.02425999 0.00840588 0.06318577 0.04688118 0.01993689 0.03417609 0.02527049 0.03352509 0.13888294 0.02204569 0.01815109 0.02087419 0.04751348 0.04851948 0.00800604 0.01899139 0.03516889
16 0.07900800 0.01190310 0.03003380 0.04200830 0.00982970 0.01389260 0.01357270 0.61265803 0.00930481 0.01544750 0.01320000 0.01465960 0.00827564 0.00968179 0.00834706 0.06160980 0.02632420 0.00486953 0.00434432 0.01102950
17 0.06994189 0.01813140 0.01753610 0.01248680 0.01133350 0.01195390 0.01815150 0.01117340 0.00725115 0.21350797 0.13017498 0.02229140 0.04215579 0.02527710 0.01186830 0.03047540 0.04492729 0.00575470 0.01668550 0.27892196
18 0.03546809 0.38129888 0.03096759 0.01230640 0.00478222 0.13659096 0.05021848 0.01610040 0.05247188 0.02777029 0.01374410 0.11223497 0.00798915 0.00949436 0.01023900 0.02816039 0.03116219 0.00280898 0.01419820 0.02199349
19 0.06849903 0.04053332 0.03944762 0.11991805 0.00701806 0.06385322 0.34324413 0.02088471 0.01794651 0.01644551 0.03121011 0.06394392 0.00805029 0.00936925 0.01976211 0.04954262 0.03929152 0.00261270 0.00930361 0.02912371
20 0.04785883 0.00575141 0.00962486 0.00304289 0.00815674 0.00760077 0.00674750 0.00449968 0.00223609 0.18560111 0.30357019 0.01238941 0.08021965 0.04022132 0.00802905 0.01793811 0.03295412 0.00271821 0.01430891 0.20653113
21 0.14729601 0.02701070 0.03503920 0.02809470 0.03048510 0.02314090 0.03553440 0.06677201 0.02285320 0.02209000 0.03555010 0.02810950 0.01245460 0.02010730 0.02622340 0.28223803 0.10202201 0.01054650 0.01177460 0.03265770
22 0.03854351 0.01475350 0.01063330 0.00737905 0.01030030 0.01245840 0.01654150 0.01043440 0.00590797 0.12978904 0.38139110 0.01367750 0.09133432 0.06074632 0.01147110 0.02578761 0.02883241 0.00533031 0.01955831 0.10513003
23 0.04832191 0.14830402 0.05361691 0.03373101 0.00859451 0.06291171 0.08122921 0.02388070 0.01895980 0.02553750 0.03106630 0.26749404 0.01775620 0.02412870 0.01295060 0.04762241 0.03811911 0.00465653 0.01482170 0.03629711
24 0.08204849 0.01203760 0.02992620 0.04101829 0.00998301 0.01486060 0.01370630 0.61136092 0.00864280 0.01549440 0.01357560 0.01484600 0.00864928 0.00896776 0.00783645 0.06032479 0.02553460 0.00538557 0.00435456 0.01144680
25 0.04146168 0.01434049 0.01316169 0.00591444 0.01265629 0.01934989 0.01152740 0.01170160 0.00770841 0.28218688 0.15843693 0.01533349 0.04705648 0.03505599 0.00998532 0.02151459 0.03582318 0.00374725 0.01598509 0.23705290
26 0.31790427 0.02012272 0.02065852 0.02688982 0.02931313 0.02471522 0.03986273 0.08311947 0.01943642 0.03299263 0.03883843 0.02389602 0.01544561 0.01682901 0.02584992 0.12869311 0.05513525 0.00636425 0.01063841 0.06329505
27 0.03838624 0.00940579 0.00608296 0.00144900 0.00816701 0.00806775 0.00479423 0.00182820 0.00188293 0.16458417 0.39862041 0.00541185 0.12098812 0.04450815 0.00536506 0.01601492 0.02319522 0.00103624 0.00943563 0.13077613
28 0.08837702 0.01944900 0.04782501 0.33075208 0.00784188 0.04088771 0.27908607 0.01713470 0.01241700 0.00279251 0.01516070 0.02687431 0.00399941 0.00305098 0.01636180 0.04271891 0.01956980 0.00085290 0.00535177 0.01949640
29 0.03462730 0.00462776 0.00540650 0.00159421 0.01184590 0.00522463 0.00188420 0.00287207 0.00129525 0.35753799 0.12166600 0.00742783 0.03604550 0.01477730 0.00759956 0.00990809 0.02573170 0.00401515 0.00898608 0.33692699
30 0.06517585 0.06295405 0.03190712 0.01037411 0.00539775 0.26699019 0.22886416 0.01639231 0.01067781 0.08519846 0.03028542 0.09116227 0.00618145 0.00422727 0.00720103 0.03767943 0.01588761 0.00115102 0.00525677 0.01703591
31 0.08152960 0.01202390 0.02973680 0.04150960 0.00992455 0.01477510 0.01375390 0.61106802 0.00885657 0.01497980 0.01325560 0.01495840 0.00791322 0.00936051 0.00848932 0.06121200 0.02708000 0.00466812 0.00411728 0.01078770
32 0.06864098 0.01871699 0.01865579 0.01341050 0.01079120 0.01168060 0.01743229 0.01114420 0.00736671 0.20961094 0.13293296 0.02318609 0.04318279 0.02580669 0.01206580 0.03013579 0.04527979 0.00586760 0.01709439 0.27699791
33 0.03449858 0.00567520 0.00549608 0.00240705 0.00870449 0.00884439 0.00577273 0.00254852 0.00199518 0.17116888 0.41182672 0.00574126 0.10180293 0.04953187 0.00525425 0.01551659 0.02268778 0.00118682 0.01020879 0.12913191
34 0.04537872 0.22297910 0.03060941 0.01368551 0.00825622 0.11684105 0.04774122 0.01799331 0.04257292 0.02586841 0.02097961 0.05271022 0.00857184 0.00850746 0.20027809 0.05569142 0.04196272 0.00313195 0.01570111 0.02053971
35 0.01014960 0.00494903 0.00933104 0.00460098 0.00398176 0.00798398 0.00232620 0.00349695 0.01759750 0.05068261 0.10321001 0.00683224 0.01629890 0.47995306 0.00229331 0.01019640 0.00519609 0.01124430 0.23104703 0.01862900
36 0.06523883 0.07603684 0.06395263 0.03244002 0.01557321 0.03972242 0.08104554 0.02117631 0.12880507 0.03559882 0.02673691 0.15066508 0.01154911 0.03281032 0.01653631 0.07939184 0.04494672 0.00582277 0.03937732 0.03257392
37 0.14711691 0.02675538 0.03491908 0.02732558 0.03013438 0.02260999 0.03503998 0.06332836 0.02245929 0.02135759 0.03379878 0.02765328 0.01213669 0.02065559 0.02622418 0.28664783 0.10604294 0.01034309 0.01206519 0.03338588
38 0.02765990 0.02173880 0.02009650 0.00988074 0.00610666 0.01073380 0.01131240 0.00863722 0.07233090 0.02924840 0.05370620 0.01770940 0.01809620 0.15905400 0.00678335 0.02339160 0.01531610 0.01663990 0.43516701 0.03639090
39 0.03964049 0.35085291 0.02711169 0.01136090 0.00725572 0.07247248 0.03752789 0.01320510 0.09362297 0.02494079 0.01859209 0.04861639 0.00662984 0.01323390 0.01414500 0.04012189 0.06085228 0.00467721 0.03362859 0.08151188
40 0.03250248 0.01522019 0.01619359 0.00831617 0.00697118 0.01136809 0.01090109 0.01457669 0.01539919 0.06245665 0.13190390 0.02167768 0.02769608 0.36528373 0.00900127 0.03092378 0.02168248 0.01716849 0.13853590 0.04222137
41 0.07697700 0.08733310 0.04948410 0.04421910 0.01295030 0.18235000 0.11639300 0.03521310 0.02287230 0.05177560 0.04032020 0.08914070 0.01447810 0.01635530 0.01966220 0.05665280 0.03526300 0.00397691 0.01286170 0.03172150
42 0.07448880 0.01847040 0.02987280 0.01376580 0.01585970 0.01291170 0.02769470 0.09040290 0.02152110 0.01970580 0.04437470 0.03550090 0.01225840 0.12328100 0.01786070 0.29048000 0.06702810 0.02513740 0.03282690 0.02655820
43 0.05042126 0.05057996 0.03004328 0.01671939 0.01129179 0.02113959 0.03070848 0.01986269 0.04194107 0.05531816 0.06994335 0.03201448 0.02000429 0.07156335 0.01885699 0.07758215 0.11428992 0.03160048 0.16152289 0.07459645
44 0.03885780 0.01488050 0.01162420 0.00693363 0.01124630 0.01268900 0.01465040 0.00947550 0.00646743 0.12875701 0.37741204 0.01403150 0.09108071 0.06346141 0.01164180 0.02656180 0.02949560 0.00543783 0.02059850 0.10469701
45 0.03055608 0.01490809 0.01599149 0.00874245 0.00686958 0.01105419 0.00988569 0.01469369 0.01519649 0.06193666 0.12963891 0.02072129 0.02717668 0.37411073 0.00889386 0.02971438 0.02137108 0.01735939 0.14113690 0.04004237
46 0.03852829 0.01461610 0.01100870 0.00720881 0.01146440 0.01288820 0.01509520 0.00979237 0.00593216 0.13012598 0.37789194 0.01447870 0.09041279 0.06222039 0.01078930 0.02615940 0.02933420 0.00553231 0.02022980 0.10629098
47 0.07628822 0.08657750 0.05162734 0.04529935 0.01274119 0.17919780 0.11785587 0.03238916 0.02290167 0.05075284 0.04158545 0.08900000 0.01432858 0.01629768 0.02161478 0.05780814 0.03571896 0.00404911 0.01349599 0.03047037
48 0.03257711 0.00462029 0.00502492 0.00131366 0.01219710 0.00518101 0.00207802 0.00261105 0.00107364 0.36642709 0.11470203 0.00746265 0.03355161 0.01329890 0.00738083 0.00901849 0.02465411 0.00405462 0.00854778 0.34422508
49 0.14389888 0.03530317 0.04470826 0.02810008 0.03409987 0.02277508 0.02818328 0.03440557 0.07179114 0.02669138 0.02077948 0.02965587 0.00521830 0.01393189 0.02466298 0.24825779 0.14621888 0.00407625 0.01358619 0.02365568
50 0.08948260 0.01651690 0.05057390 0.36066302 0.00878298 0.04087320 0.25987201 0.01711730 0.01279790 0.00228940 0.01255740 0.02356170 0.00401234 0.00281779 0.01517050 0.04081130 0.01655850 0.00075925 0.00521519 0.01956680
51 0.05097990 0.05547910 0.03054620 0.01674670 0.01063370 0.02327810 0.03673890 0.00986580 0.01436490 0.07762200 0.08564589 0.13413399 0.02278160 0.01682190 0.01054510 0.03987330 0.05171610 0.00470946 0.01506040 0.29245698
52 0.08467838 0.06986478 0.05759469 0.04800259 0.02505989 0.03608289 0.05299339 0.03179019 0.12448297 0.03252259 0.03338009 0.04631249 0.01750550 0.04044959 0.02453539 0.08565868 0.04771499 0.00578173 0.10252698 0.03306219
53 0.04174484 0.01400001 0.01280811 0.00596066 0.01307711 0.01819932 0.01002621 0.01191081 0.00801322 0.28235324 0.15874513 0.01535841 0.04714794 0.03471903 0.01029671 0.02113152 0.03573243 0.00376089 0.01580021 0.23921420
54 0.15572199 0.05210980 0.16866699 0.05881250 0.01860560 0.05272480 0.05225070 0.02927160 0.04222550 0.02963210 0.02674840 0.07020960 0.01306450 0.02169770 0.02020560 0.08132340 0.04571570 0.00442654 0.01575780 0.04082920
55 0.31791414 0.01804571 0.02055841 0.02836551 0.02924791 0.02498851 0.04172612 0.08209334 0.02003701 0.03264371 0.03924082 0.02300041 0.01545141 0.01686351 0.02699821 0.12850906 0.05589792 0.00547036 0.01046640 0.06248153
56 0.03062920 0.00459543 0.00506306 0.00153921 0.01254560 0.00590148 0.00198682 0.00272623 0.00140543 0.37214094 0.11811898 0.00679570 0.03336459 0.01297240 0.00722232 0.00903606 0.02361290 0.00428448 0.00832623 0.33773295
57 0.14183801 0.01175110 0.03290500 0.02946770 0.02245180 0.01600900 0.01921400 0.23608301 0.01090960 0.00815167 0.02388840 0.01799100 0.00874834 0.02546160 0.01828560 0.27025101 0.06909380 0.01523520 0.00476784 0.01749630
58 0.08122203 0.04644382 0.01990301 0.01703641 0.00837588 0.01267580 0.01897911 0.02352331 0.01139010 0.11096904 0.09492984 0.02574551 0.03110831 0.01981291 0.01441341 0.05509392 0.16678907 0.00514733 0.01429211 0.22214909
59 0.04496001 0.01964730 0.00937022 0.00297810 0.00900299 0.00957848 0.00503330 0.00382531 0.00761495 0.18028602 0.29432904 0.00852009 0.14309602 0.03656290 0.00894639 0.01890160 0.02971040 0.00240124 0.01260660 0.15262902
60 0.02512379 0.29383690 0.04273709 0.02568529 0.00369016 0.05240058 0.03737969 0.00673010 0.00972354 0.00870171 0.01775829 0.35123088 0.01621209 0.01828549 0.00540287 0.02862779 0.02917349 0.00261738 0.00612028 0.01856259
61 0.02683241 0.00407047 0.00613815 0.00337815 0.00590927 0.00862918 0.00359096 0.00288057 0.00272276 0.13139304 0.32071510 0.00489548 0.07281552 0.21888307 0.00580102 0.01149990 0.01659281 0.00149168 0.06109752 0.09066293
62 0.07605563 0.08696083 0.05015182 0.04367612 0.01294891 0.18244707 0.11476005 0.03560891 0.02322371 0.05369132 0.04130822 0.08681833 0.01394491 0.01673441 0.01964301 0.05712662 0.03578501 0.00355840 0.01386861 0.03168811
63 0.04206796 0.01413889 0.01317939 0.00604642 0.01291099 0.01794118 0.01098759 0.01148279 0.00787772 0.28198771 0.15729484 0.01588428 0.04711965 0.03467316 0.01075019 0.02148228 0.03677246 0.00371407 0.01576768 0.23792075
64 0.05470440 0.05436050 0.21369002 0.09318651 0.01884730 0.04480540 0.06047300 0.04689710 0.03291070 0.03022000 0.03266340 0.07140571 0.01563020 0.02258850 0.01403250 0.07674071 0.04623850 0.00558502 0.02069730 0.04432320
65 0.02947100 0.02488530 0.02048290 0.10294099 0.01238420 0.01754920 0.03814190 0.04158229 0.02881900 0.08649739 0.19623097 0.02935480 0.01745610 0.01827470 0.03113610 0.04304129 0.18557098 0.00280093 0.01063630 0.06274369
66 0.06831209 0.04092339 0.04026639 0.11865398 0.00662664 0.06225799 0.34579294 0.01871900 0.01837730 0.01604490 0.02994529 0.06581729 0.00745081 0.00868364 0.02084550 0.04960009 0.04103269 0.00293012 0.00942256 0.02829740
67 0.07046108 0.02632369 0.07803257 0.30021589 0.01293390 0.03739729 0.16860394 0.05330958 0.02422859 0.01101910 0.01892279 0.03686179 0.01021280 0.00907289 0.01517959 0.05489228 0.03065649 0.00243252 0.00956564 0.02967759
68 0.31109076 0.01523179 0.01562559 0.01404659 0.02116958 0.01453739 0.02766978 0.06948365 0.01757599 0.02683058 0.02323038 0.01470979 0.00990858 0.01475849 0.02247428 0.18943986 0.12495591 0.00401137 0.00553500 0.05771466
69 0.09729922 0.04390621 0.03398031 0.02688051 0.01662200 0.02356311 0.04062661 0.04306921 0.02006251 0.05563631 0.06148772 0.03646071 0.01784740 0.02241091 0.03094961 0.15148904 0.18404305 0.00819305 0.01333530 0.07213722
70 0.03285198 0.02365668 0.00758054 0.00235004 0.01060219 0.00905357 0.00705492 0.00371190 0.00374470 0.13009291 0.41772972 0.00780972 0.14399690 0.04447757 0.00711303 0.02012749 0.02106489 0.00449003 0.00917677 0.09331444
71 0.03518889 0.38149889 0.03162269 0.01305620 0.00478867 0.13559996 0.05037578 0.01618940 0.05155318 0.02738049 0.01333310 0.11265797 0.00780432 0.00908799 0.01081550 0.02949389 0.03151459 0.00277532 0.01375320 0.02150999
72 0.04160360 0.03718420 0.18325799 0.19050998 0.02357540 0.03041270 0.07070979 0.04801890 0.03317890 0.02052040 0.01651090 0.04078380 0.00740080 0.01031730 0.01228560 0.09446779 0.09079759 0.00422248 0.00679750 0.03744440
73 0.05455373 0.06062263 0.03197822 0.04891292 0.00371456 0.10149405 0.28898514 0.01415031 0.02020191 0.01950031 0.01895001 0.20704410 0.00742785 0.01195841 0.01067781 0.04683582 0.02529581 0.00160429 0.00592661 0.02016551
74 0.05126722 0.02777631 0.02387901 0.09376804 0.00503889 0.02688431 0.44350917 0.01416361 0.01238820 0.00977917 0.03448861 0.03111631 0.00926540 0.00548202 0.07424443 0.03814201 0.06909753 0.00161173 0.01077840 0.01731961
75 0.03123611 0.01580481 0.01614451 0.00821339 0.00674907 0.01133560 0.01036950 0.01517071 0.01534211 0.06118582 0.13107305 0.02207151 0.02735831 0.37011714 0.00927936 0.03044791 0.02142131 0.01680251 0.14025105 0.03962622
76 0.31821295 0.01908380 0.02051850 0.02759000 0.02891080 0.02570350 0.04151299 0.08202679 0.01930810 0.03422359 0.03892399 0.02338530 0.01536110 0.01639970 0.02594730 0.12770198 0.05533459 0.00552250 0.00979966 0.06453289
77 0.04580909 0.01922270 0.01329830 0.01301040 0.01162270 0.01668060 0.02715950 0.02900230 0.01474910 0.07453469 0.24600497 0.01832420 0.05190889 0.04116919 0.14640198 0.04021309 0.09283509 0.00327533 0.01522220 0.07955569
78 0.10946298 0.05234779 0.03225729 0.07834509 0.00668953 0.17223897 0.19999497 0.08668699 0.01105590 0.03123450 0.02321000 0.07742669 0.00644179 0.00551206 0.01032360 0.05118309 0.01890400 0.00233960 0.00590088 0.01844430
79 0.33427977 0.01220699 0.01473699 0.01026599 0.02946838 0.01333219 0.02697628 0.06599125 0.01446479 0.03307958 0.03257178 0.01299419 0.01489859 0.01217419 0.02567158 0.15582289 0.06654985 0.00432437 0.00682743 0.11336292
80 0.24711795 0.01721330 0.02021760 0.01158140 0.01338580 0.01955140 0.02137760 0.17123897 0.01234630 0.01420290 0.02882839 0.03836849 0.01090940 0.10669898 0.01616210 0.13564697 0.05835809 0.01246150 0.01366010 0.03067279
81 0.05907147 0.07154949 0.11116213 0.06722838 0.00683242 0.08540600 0.19438023 0.01457312 0.02619723 0.02043632 0.01615292 0.18527522 0.00966487 0.01541892 0.00867521 0.05012426 0.02489573 0.00209279 0.00751466 0.02334863
82 0.03503571 0.01338690 0.01047400 0.00509981 0.01410800 0.05121021 0.01877621 0.00602652 0.00563589 0.16251205 0.35808810 0.01247230 0.08570872 0.04844091 0.00699901 0.02326921 0.02791621 0.00158659 0.01266560 0.10058803
83 0.04575022 0.02197711 0.02575941 0.00735394 0.00621172 0.00910925 0.00896426 0.00589665 0.04342331 0.08570893 0.09447793 0.01938891 0.03326441 0.10064203 0.00803694 0.02619461 0.03085801 0.02360721 0.25531609 0.14805905
84 0.06841596 0.07283526 0.16131090 0.06401476 0.01587089 0.16526290 0.08414385 0.03090998 0.02857858 0.04064568 0.02063639 0.08117315 0.01035839 0.01062539 0.01196669 0.05756087 0.04035138 0.00274130 0.01009859 0.02249909
85 0.06730136 0.04016848 0.03996598 0.12039993 0.00671978 0.06111496 0.34522580 0.01971449 0.01881839 0.01579369 0.03038058 0.06532686 0.00740787 0.00932899 0.02082349 0.05074537 0.04048898 0.00224952 0.00940800 0.02861748
86 0.04126368 0.01137799 0.00814386 0.00347283 0.00771451 0.00820121 0.00741841 0.00621476 0.00347112 0.14590193 0.35788582 0.00892557 0.11712694 0.03808308 0.01811339 0.01907839 0.05123667 0.00292963 0.01010429 0.13333593
87 0.02954502 0.00423946 0.00446020 0.00143723 0.01279741 0.00488867 0.00183718 0.00278106 0.00108842 0.37881627 0.10917408 0.00676603 0.03003212 0.01155941 0.00716415 0.00838582 0.02255392 0.00433204 0.00773527 0.35040625
88 0.03986762 0.30726316 0.04075492 0.02456811 0.00837667 0.06275073 0.04717092 0.02062711 0.03403462 0.02395951 0.03407572 0.14262707 0.02153111 0.01824161 0.01958501 0.04759382 0.04772802 0.00708351 0.01866361 0.03349712
89 0.14856606 0.02590551 0.03463121 0.02666571 0.03021571 0.02216171 0.03524931 0.06651483 0.02254801 0.02054961 0.03243381 0.02634271 0.01202420 0.02041941 0.02820131 0.28859712 0.10568504 0.01074600 0.01141880 0.03112391
90 0.05430308 0.02298479 0.03749709 0.22376193 0.01291590 0.03239009 0.12915496 0.02963359 0.02589359 0.04154459 0.12784196 0.02948129 0.02001309 0.02409069 0.01998549 0.04695988 0.05852528 0.00354683 0.01615119 0.04332469
91 0.06894512 0.01742258 0.01839898 0.01326359 0.01180069 0.01173629 0.01793478 0.01101549 0.00717659 0.21378876 0.13093885 0.02279797 0.04131605 0.02546447 0.01210249 0.03060097 0.04463545 0.00553981 0.01823238 0.27688869
92 0.03863509 0.01500989 0.01099010 0.00712269 0.01095190 0.01313550 0.01591269 0.00921122 0.00608760 0.12831696 0.38126687 0.01408590 0.09125387 0.06121858 0.01090670 0.02644169 0.02942559 0.00497344 0.02028279 0.10477096
93 0.04925621 0.14939702 0.05579541 0.03480060 0.00847346 0.06108961 0.07736931 0.02294820 0.01911830 0.02553870 0.03285000 0.26427103 0.01785930 0.02404590 0.01286140 0.04820431 0.03837690 0.00439573 0.01474100 0.03860760
94 0.03690238 0.00304814 0.00545804 0.00133910 0.00999574 0.00549422 0.00155861 0.00227619 0.00076275 0.32072282 0.17821690 0.00640793 0.05222617 0.02056329 0.00667332 0.00988931 0.02617429 0.00293015 0.00996883 0.29939183
95 0.05559919 0.05467039 0.21206597 0.09451859 0.01886130 0.04457629 0.06227409 0.04802239 0.03303100 0.02979370 0.03322870 0.06916709 0.01517080 0.02310430 0.01259410 0.07659299 0.04612919 0.00529894 0.02074610 0.04455489
96 0.05468426 0.13024815 0.04621025 0.02381193 0.00519152 0.13860116 0.12974515 0.01471442 0.01294652 0.02600413 0.01759942 0.27384832 0.01201241 0.01268631 0.00629932 0.03783354 0.03066804 0.00181195 0.00692186 0.01816132
97 0.03701252 0.00290003 0.00543886 0.00125135 0.00984124 0.00552178 0.00157789 0.00212115 0.00072546 0.32039715 0.17890008 0.00647707 0.05251922 0.02065751 0.00658367 0.00985701 0.02598031 0.00293193 0.00990060 0.29940514
98 0.03963347 0.01499659 0.01124169 0.00803566 0.01102729 0.01303959 0.01642429 0.00985379 0.00643495 0.12960691 0.37448475 0.01426089 0.08984744 0.06102456 0.01138999 0.02715698 0.02970138 0.00529624 0.02066459 0.10587893
99 0.05207221 0.03525251 0.24548605 0.07327241 0.02345610 0.03375881 0.04377621 0.04566951 0.03353191 0.02203760 0.02204720 0.04449781 0.01078330 0.01674780 0.01537400 0.16569603 0.05972521 0.00664330 0.01101570 0.03915631
100 0.06578854 0.05324673 0.03531472 0.05055653 0.00595708 0.09331335 0.20398911 0.06961844 0.01822411 0.01878221 0.01771391 0.21193711 0.00829282 0.02292901 0.00898020 0.06015173 0.02512191 0.00345166 0.00915060 0.01748021
101 0.06896807 0.03904158 0.04032408 0.11711195 0.00641753 0.06223297 0.34758786 0.02028479 0.01844819 0.01669899 0.03051649 0.06447417 0.00749610 0.00906707 0.02059029 0.05153418 0.04021028 0.00269458 0.00874973 0.02755109
102 0.05649602 0.10754003 0.05040971 0.03230311 0.01280870 0.05138701 0.08250202 0.03117631 0.02813561 0.02241171 0.02334071 0.24148407 0.01307160 0.02622471 0.01269090 0.11978003 0.04258631 0.00495342 0.01070090 0.02999711
103 0.03960640 0.01413870 0.01161260 0.00722677 0.01080950 0.01298120 0.01498110 0.00977728 0.00605824 0.12953901 0.38008902 0.01397490 0.09007551 0.06140780 0.01095340 0.02657610 0.02986400 0.00495455 0.02008790 0.10528601
104 0.11434601 0.01672050 0.04255290 0.03241060 0.06243780 0.02150060 0.01249900 0.36291402 0.02299340 0.01735080 0.02221760 0.01960140 0.01043760 0.01355390 0.01590120 0.12703001 0.05548440 0.00880321 0.00603833 0.01520670
105 0.13196202 0.01536060 0.02483700 0.34484506 0.00399071 0.03319701 0.26867204 0.02383970 0.00725687 0.00222457 0.01096580 0.02428490 0.00289719 0.00176495 0.01920130 0.04718181 0.02036880 0.00046279 0.00492906 0.01175780
106 0.06802866 0.03964683 0.03961863 0.11802910 0.00699125 0.06129245 0.34680031 0.02067352 0.01839722 0.01647031 0.03211413 0.06351776 0.00765872 0.00891306 0.02098602 0.04962614 0.04134094 0.00282583 0.00920480 0.02786432
107 0.04155507 0.01424719 0.01380319 0.00600261 0.01312809 0.02002129 0.01107819 0.01209089 0.00801892 0.28035980 0.15876689 0.01537429 0.04629587 0.03492367 0.01123869 0.02197678 0.03690557 0.00377428 0.01588389 0.23455483
108 0.05524950 0.03738690 0.01768370 0.00990513 0.01316090 0.01169720 0.01534160 0.03811580 0.01101730 0.02196120 0.05901090 0.01974780 0.04892790 0.09209090 0.00828450 0.08242510 0.04336430 0.29457199 0.06995460 0.05010280
109 0.03466791 0.00494600 0.00569210 0.00167327 0.01183140 0.00575712 0.00226271 0.00280534 0.00167926 0.35597515 0.12151505 0.00794418 0.03604922 0.01436761 0.00749047 0.01033200 0.02582781 0.00396610 0.00896213 0.33625514
110 0.04987907 0.03647858 0.01790209 0.01268589 0.01255509 0.01464729 0.01371179 0.01759799 0.01290149 0.11970193 0.25818985 0.02604908 0.13990192 0.04416757 0.01285029 0.03243068 0.03040778 0.01479909 0.02213159 0.11101093
111 0.04113521 0.18525403 0.04355681 0.01587050 0.01454830 0.13067402 0.06006771 0.02131050 0.02587180 0.04999241 0.11409602 0.09371731 0.03922351 0.01655800 0.01380880 0.04225381 0.03961621 0.00740744 0.01749920 0.02753840
112 0.03905619 0.01475890 0.01143100 0.00748026 0.01089480 0.01315670 0.01552590 0.01021250 0.00612676 0.12824396 0.37637889 0.01443990 0.09002397 0.06247178 0.01165450 0.02650499 0.03042679 0.00503568 0.02025559 0.10592097
113 0.12831805 0.01923031 0.02183011 0.01386851 0.02004181 0.01432641 0.01862521 0.04124092 0.01414701 0.01373801 0.01580861 0.01312981 0.00470119 0.01194500 0.01706831 0.38026715 0.21821809 0.00587879 0.00703083 0.02058591
114 0.07687772 0.08936142 0.05121631 0.04604791 0.01348670 0.17816704 0.11255602 0.03644651 0.02328310 0.05128181 0.04192751 0.08811722 0.01462970 0.01577690 0.01888000 0.05691841 0.03574771 0.00374750 0.01442190 0.03110861
115 0.06734492 0.01778890 0.01860181 0.01361880 0.01167310 0.01240850 0.01832070 0.01103730 0.00757689 0.21187206 0.12943203 0.02326461 0.04159811 0.02536381 0.01198320 0.03108421 0.04520011 0.00602854 0.01752630 0.27827608
116 0.04461109 0.02239789 0.13222696 0.24851692 0.06118528 0.04067889 0.10139997 0.04492989 0.03724789 0.01785939 0.02221719 0.02622799 0.01086220 0.01136510 0.01243400 0.07113598 0.04135179 0.00444180 0.00972842 0.03918139
117 0.07699285 0.08748764 0.05191977 0.04549007 0.01301469 0.18005488 0.11392093 0.03416118 0.02383038 0.05195637 0.04166417 0.08578994 0.01500899 0.01654179 0.02008999 0.05687186 0.03595968 0.00336995 0.01371469 0.03216018
118 0.05320851 0.02311110 0.01848140 0.01262000 0.01345060 0.01141130 0.01214420 0.16294702 0.00955617 0.01120630 0.04130091 0.01614830 0.11137201 0.02374570 0.01620910 0.13184002 0.04570851 0.25273303 0.01627760 0.01652820
119 0.03954328 0.01485819 0.01085669 0.00735557 0.01037019 0.01265429 0.01484569 0.00986832 0.00618691 0.12857094 0.37868381 0.01408779 0.09113836 0.06367557 0.01159729 0.02594119 0.02972709 0.00549969 0.02093619 0.10360295
120 0.31392093 0.01866310 0.02015440 0.02726229 0.02949689 0.02535129 0.04069899 0.08374148 0.01952140 0.03360589 0.04064329 0.02346420 0.01601520 0.01709840 0.02610589 0.12927697 0.05611379 0.00552711 0.01070730 0.06263119
121 0.31883582 0.01867349 0.02040379 0.02667379 0.02983838 0.02522389 0.03985918 0.08338895 0.01968749 0.03349298 0.03925538 0.02346219 0.01618559 0.01648649 0.02656669 0.12755093 0.05469817 0.00549945 0.01053599 0.06368136
122 0.08044558 0.01226070 0.03001209 0.04150509 0.00985808 0.01515970 0.01380870 0.60658983 0.00891799 0.01583140 0.01389860 0.01512830 0.00844180 0.00969582 0.00835488 0.06248418 0.02680829 0.00484304 0.00448817 0.01146780
123 0.05503697 0.02494779 0.02910729 0.01529819 0.01229249 0.02366269 0.01111459 0.01506979 0.01439659 0.20899990 0.12663994 0.02860609 0.04296518 0.02173439 0.01441249 0.04124078 0.12987994 0.00236770 0.01424629 0.16798092
124 0.03412417 0.00542216 0.00538623 0.00245037 0.00872001 0.00874083 0.00588563 0.00257818 0.00204703 0.17121486 0.41344867 0.00559608 0.10178692 0.05000836 0.00522834 0.01553149 0.02239488 0.00118621 0.01002069 0.12822890
125 0.05118558 0.00581484 0.01039890 0.00328518 0.00794421 0.00644417 0.00541412 0.00374484 0.00189565 0.22189793 0.22172693 0.01573749 0.06565978 0.02924139 0.00841723 0.01636479 0.03689739 0.00248538 0.01413830 0.27130591
126 0.04902253 0.03506722 0.01870771 0.01262831 0.01271851 0.01578611 0.01461101 0.01870731 0.01299691 0.11972108 0.25765918 0.02483202 0.13940610 0.04304363 0.01445531 0.03315872 0.03125602 0.01446351 0.02145272 0.11030608
127 0.14673197 0.02682509 0.03358539 0.02813949 0.03030839 0.02336220 0.03642969 0.06438179 0.02258450 0.02154490 0.03374329 0.02794509 0.01252030 0.02067940 0.02773179 0.28391994 0.10502898 0.01144870 0.01126890 0.03182019
128 0.05590499 0.05445609 0.21043197 0.09260259 0.01957600 0.04457639 0.06107589 0.04981409 0.03314060 0.02909590 0.03329720 0.07007639 0.01518810 0.02312540 0.01271690 0.07706419 0.04648959 0.00526943 0.02180260 0.04429569
129 0.03525613 0.00577269 0.00600460 0.00294568 0.00906234 0.00938874 0.00571334 0.00306819 0.00242640 0.18409014 0.38144129 0.00641211 0.09543287 0.05013694 0.00581540 0.01593931 0.02400452 0.00132568 0.01138251 0.14438111
130 0.03212662 0.00440845 0.00487813 0.00152584 0.01237001 0.00506109 0.00198820 0.00259834 0.00119735 0.36809428 0.11431709 0.00710154 0.03316892 0.01330931 0.00717721 0.00909338 0.02383112 0.00424004 0.00842582 0.34508726
131 0.03954999 0.30690396 0.04273309 0.02439330 0.00872946 0.06435679 0.04587839 0.01951380 0.03404130 0.02438260 0.03415880 0.14383198 0.02225450 0.01858520 0.01943380 0.04514189 0.04597639 0.00810097 0.01889310 0.03314070
132 0.03950870 0.01474530 0.01138630 0.00732886 0.01083540 0.01267670 0.01539140 0.01027040 0.00622970 0.12767501 0.37734002 0.01484730 0.09062590 0.06266940 0.01130690 0.02677280 0.02998570 0.00583599 0.02020620 0.10436201
133 0.08981780 0.01758870 0.05134460 0.35023099 0.00846063 0.04053950 0.26333600 0.01710350 0.01283790 0.00239139 0.01347350 0.02465080 0.00427261 0.00293260 0.01555140 0.04179390 0.01771930 0.00075336 0.00528753 0.01991400
134 0.13390403 0.01207630 0.01458680 0.00458200 0.00647285 0.00886835 0.00865216 0.01239470 0.00752788 0.12734903 0.14608904 0.01610390 0.05455261 0.08369392 0.01481110 0.03524651 0.04783381 0.02200961 0.03325931 0.20998605
135 0.03860984 0.01444031 0.01108981 0.00750474 0.01064051 0.01265051 0.01565032 0.01086481 0.00597218 0.12819213 0.38013638 0.01371471 0.09006149 0.06411036 0.01072721 0.02575893 0.02943003 0.00506171 0.02050392 0.10488010
136 0.02792010 0.02187540 0.02029220 0.00960881 0.00601621 0.01076190 0.01114230 0.00826545 0.07164999 0.02906100 0.05443629 0.01782630 0.01764310 0.16136998 0.00617658 0.02253640 0.01537100 0.01637940 0.43619393 0.03547369
137 0.03931869 0.01432780 0.01257530 0.00759505 0.01129970 0.01344780 0.01513980 0.00973012 0.00662619 0.12935396 0.37639088 0.01503580 0.09023357 0.06117478 0.01091960 0.02642699 0.03014339 0.00497755 0.01909809 0.10618497
138 0.03043762 0.01566311 0.01631071 0.00841939 0.00692924 0.01123251 0.01016091 0.01458501 0.01457241 0.06237723 0.13103107 0.02174671 0.02719731 0.37346519 0.00900876 0.02997382 0.02095801 0.01706901 0.13873907 0.04012292
139 0.14558408 0.01104981 0.03255602 0.03251032 0.02030561 0.01530791 0.01897511 0.31341417 0.01026891 0.00820498 0.02030741 0.01676861 0.00855313 0.02082021 0.01526331 0.21800512 0.05814583 0.01312471 0.00426895 0.01656581
140 0.02271651 0.00684187 0.01015811 0.00534159 0.00532015 0.01008231 0.00462675 0.00507150 0.00660729 0.10812105 0.18478609 0.00853131 0.04033262 0.36773318 0.00760742 0.01255801 0.01521381 0.00225542 0.10991505 0.06617993
141 0.09151484 0.02940411 0.02143891 0.01251721 0.17306007 0.01917651 0.01374071 0.02144861 0.02687981 0.05749842 0.15200206 0.01775041 0.14301806 0.01972921 0.02239331 0.08352603 0.02649631 0.01196560 0.01111700 0.04532282
142 0.03503030 0.00473915 0.00574577 0.00157340 0.01189220 0.00567489 0.00246717 0.00268747 0.00159169 0.35659200 0.12117700 0.00768596 0.03652120 0.01434970 0.00756138 0.00995652 0.02564960 0.00392831 0.00908229 0.33609400
143 0.08191737 0.01312440 0.02959649 0.04027308 0.00989892 0.01493789 0.01360949 0.60873377 0.00852203 0.01622539 0.01352469 0.01537389 0.00868213 0.00937781 0.00765144 0.06109168 0.02620399 0.00518653 0.00456442 0.01150460
144 0.37679895 0.00799114 0.01027440 0.00949762 0.04786229 0.01281980 0.02251050 0.08302079 0.02247750 0.01148970 0.01245170 0.01032760 0.00647386 0.00862562 0.02382600 0.22245897 0.07184059 0.00312662 0.00319238 0.03293400
145 0.11334395 0.01155670 0.04710118 0.03036199 0.06028237 0.01749379 0.01060210 0.28143488 0.01737259 0.00937947 0.02047759 0.01718989 0.00762166 0.01667609 0.01757679 0.22164291 0.07154327 0.01144820 0.00444379 0.01245079
146 0.02455510 0.00366741 0.00381340 0.00107078 0.01346220 0.00513829 0.00160862 0.00247487 0.00108912 0.39769899 0.10702200 0.00570799 0.02717440 0.01024380 0.00658601 0.00744810 0.01907960 0.00467597 0.00665836 0.35082499
147 0.30389285 0.01021549 0.01394519 0.01262709 0.04594118 0.01477879 0.02390769 0.06271457 0.02352139 0.01310229 0.01367309 0.01244959 0.00658340 0.01009259 0.02220879 0.27968786 0.09493375 0.00390969 0.00420371 0.02761099
148 0.02900650 0.01469690 0.02798600 0.04054159 0.00963223 0.01595980 0.00752532 0.65945289 0.01055400 0.04864379 0.01661630 0.01384650 0.00949193 0.00852476 0.00609491 0.02970409 0.02728010 0.00267549 0.00447803 0.01728890
149 0.03943321 0.01347680 0.01143910 0.00768307 0.01083380 0.01277810 0.01460860 0.00965790 0.00601671 0.12896504 0.38170612 0.01365380 0.09083853 0.06269722 0.01121570 0.02615371 0.02986011 0.00553051 0.01896791 0.10448403
150 0.03868700 0.00926188 0.00613651 0.00142545 0.00819347 0.00779176 0.00457901 0.00185712 0.00192649 0.16513502 0.39665904 0.00533223 0.12100601 0.04459760 0.00534589 0.01596960 0.02327470 0.00111126 0.00973593 0.13197401
151 0.06006703 0.03377622 0.01423821 0.01649261 0.01374301 0.02121511 0.02663521 0.01888171 0.01413191 0.02419251 0.03416712 0.02078481 0.01271021 0.01448281 0.51665427 0.06999584 0.05052993 0.00221572 0.00743395 0.02765181
152 0.03980479 0.30660394 0.04122969 0.02409619 0.00835263 0.06501129 0.04752079 0.02019310 0.03363579 0.02533109 0.03439609 0.14190297 0.02103990 0.01822760 0.01972080 0.04728469 0.04547949 0.00773948 0.01879320 0.03363649
153 0.06084246 0.03388358 0.01372859 0.01726219 0.01438059 0.02161749 0.02688438 0.01880809 0.01434289 0.02464768 0.03418728 0.01976909 0.01247729 0.01448359 0.51422765 0.07023395 0.05077036 0.00241585 0.00744453 0.02759248
154 0.02931510 0.01397950 0.01598270 0.00793509 0.00711079 0.01091650 0.00993055 0.01456740 0.01478710 0.06182210 0.13354500 0.02135650 0.02739440 0.37573400 0.00850016 0.02878180 0.02120990 0.01728640 0.14025800 0.03958700
155 0.34803203 0.00916709 0.01232220 0.01170580 0.04549420 0.01449770 0.02438200 0.07726761 0.02280790 0.01293610 0.01438770 0.01174680 0.00662740 0.00921634 0.02324770 0.23699902 0.07852521 0.00410816 0.00394161 0.03258740
156 0.05539732 0.05302432 0.21270108 0.09394183 0.01907481 0.04347672 0.06093052 0.05054672 0.03325601 0.03037851 0.03330361 0.06867242 0.01522671 0.02250241 0.01385700 0.07657353 0.04621402 0.00545614 0.02098641 0.04447992
157 0.05525609 0.00291899 0.00815122 0.00117215 0.00519977 0.00638511 0.00245338 0.00162629 0.00080944 0.20174098 0.28857397 0.00708985 0.09710639 0.03701520 0.00726339 0.01429890 0.03412450 0.00073250 0.01378690 0.21429498
158 0.01084610 0.00501299 0.00821604 0.00449327 0.00406753 0.00836468 0.00212012 0.00317891 0.00944193 0.06203138 0.14290595 0.00561547 0.01928219 0.46933783 0.00279623 0.01093070 0.00592610 0.01481429 0.18547393 0.02514439
159 0.02291201 0.00342227 0.00330539 0.00099766 0.01381620 0.00443688 0.00131858 0.00236222 0.00069734 0.40833509 0.09615172 0.00556393 0.02356781 0.00831563 0.00646558 0.00677735 0.01808230 0.00482936 0.00630258 0.36234008
160 0.05860786 0.17701687 0.14750589 0.03538677 0.01095709 0.13829889 0.06040515 0.02815078 0.03432977 0.03249578 0.01915979 0.11841891 0.01052339 0.01187449 0.00844734 0.04350377 0.03600977 0.00311521 0.01046589 0.01532659
161 0.02670398 0.02238609 0.01911899 0.00978446 0.00575002 0.01041439 0.01076819 0.00762662 0.07205516 0.02853308 0.05397207 0.01783829 0.01748279 0.16457490 0.00583259 0.02241929 0.01500129 0.01631769 0.43915874 0.03426138
162 0.02755809 0.02198029 0.01924079 0.00992078 0.00577812 0.01053610 0.01054470 0.00813729 0.07182597 0.02905619 0.05536688 0.01757739 0.01799979 0.16126094 0.00623308 0.02298139 0.01458319 0.01682429 0.43696584 0.03562889
163 0.31834480 0.01848449 0.02135659 0.02676088 0.02937628 0.02449538 0.04097967 0.08296345 0.01905069 0.03273498 0.03966668 0.02367309 0.01566799 0.01771929 0.02605508 0.12776692 0.05543247 0.00600763 0.01052679 0.06293686
164 0.05096619 0.00659757 0.01073560 0.00369406 0.00818769 0.00709572 0.00605603 0.00424875 0.00238487 0.21346794 0.23649194 0.01532960 0.06815938 0.03293079 0.00874867 0.01763750 0.03591699 0.00281340 0.01507640 0.25346093
165 0.13047604 0.01807620 0.04121841 0.32119309 0.00694660 0.03303391 0.21744906 0.02963211 0.01454800 0.00659263 0.01410530 0.02848961 0.00563619 0.00451801 0.01970691 0.05511351 0.02642791 0.00134475 0.00661025 0.01888151
166 0.03732042 0.00600983 0.00682111 0.00333722 0.00954592 0.00934221 0.00492813 0.00302897 0.00277126 0.22816114 0.29906918 0.00756789 0.07940035 0.04454403 0.00661072 0.01488421 0.02845242 0.00198936 0.01306751 0.19314812
167 0.13562200 0.00958486 0.03141060 0.03225070 0.01937710 0.01393230 0.01545600 0.35582001 0.00874106 0.00759596 0.01886330 0.01616300 0.00807279 0.02136130 0.01357290 0.20985500 0.05178240 0.01313030 0.00371521 0.01369320
168 0.05404614 0.18199413 0.02641202 0.01741921 0.00923693 0.03252332 0.03528712 0.01537031 0.02423042 0.06236284 0.04829143 0.07279685 0.01521821 0.01784381 0.01243061 0.04588013 0.09857397 0.00839210 0.01971131 0.20197914
169 0.07661357 0.08894487 0.05251778 0.04535708 0.01261020 0.17796894 0.11446596 0.03600389 0.02364469 0.05136908 0.04025149 0.09003017 0.01411730 0.01647019 0.01864609 0.05661328 0.03547899 0.00385884 0.01336220 0.03167539
170 0.03803409 0.01522949 0.01074030 0.00768258 0.01033770 0.01300170 0.01540299 0.00959626 0.00594182 0.12979295 0.38162986 0.01400879 0.09151397 0.06181348 0.01137570 0.02600389 0.02948049 0.00516751 0.01976949 0.10347696
171 0.03968762 0.30508216 0.04183462 0.02456151 0.00842619 0.06301183 0.04825333 0.01946331 0.03427112 0.02456361 0.03295602 0.14351807 0.02089431 0.01826901 0.02093291 0.04724562 0.04632622 0.00708379 0.01922571 0.03439302
172 0.04920038 0.00476783 0.00970096 0.00243354 0.00740302 0.00667966 0.00553338 0.00356701 0.00158012 0.19611791 0.27997887 0.01395909 0.07589987 0.03472738 0.00781395 0.01629459 0.03410418 0.00160118 0.01332919 0.23530789
173 0.07050537 0.02605569 0.07764666 0.30142086 0.01302259 0.03829658 0.17074592 0.05336457 0.02260819 0.01066959 0.01940569 0.03620828 0.00998068 0.00930481 0.01519889 0.05431027 0.03037109 0.00238577 0.00940941 0.02908909
174 0.06819216 0.03919448 0.03853468 0.12085692 0.00660631 0.06356296 0.34397478 0.01973999 0.01768819 0.01697089 0.03059198 0.06707836 0.00781151 0.00927625 0.02049449 0.04955577 0.03977367 0.00265528 0.00956706 0.02787428
175 0.06981163 0.02705711 0.07849304 0.30211615 0.01303921 0.03807362 0.16938008 0.05169783 0.02464611 0.01078531 0.01886891 0.03606332 0.00999568 0.00924720 0.01521701 0.05392883 0.03041382 0.00230155 0.00981167 0.02905191
176 0.06973659 0.02736390 0.07871939 0.29943096 0.01308620 0.03767639 0.16602398 0.05285209 0.02413670 0.01073280 0.01969640 0.03733289 0.01052730 0.00931210 0.01601590 0.05508819 0.03086540 0.00251956 0.00974818 0.02913510
177 0.06840450 0.01817480 0.01853710 0.01434840 0.01127580 0.01199600 0.01842100 0.01137030 0.00750836 0.20959799 0.13198099 0.02300960 0.04171550 0.02463700 0.01239720 0.03115810 0.04604660 0.00632620 0.01734160 0.27575298
178 0.35316606 0.00557477 0.01032830 0.00341861 0.14299602 0.00995064 0.00624711 0.02139080 0.03591541 0.01380910 0.01717830 0.00956492 0.00917665 0.00446740 0.03206191 0.25747404 0.04128141 0.00235255 0.00286998 0.02077600
179 0.06775468 0.05352879 0.03048689 0.04471019 0.00368340 0.24102994 0.27830993 0.01542000 0.00779838 0.04374069 0.02271759 0.10727997 0.00526663 0.00274977 0.00749202 0.03630939 0.01162090 0.00087191 0.00365422 0.01557470
