1 0.03455142 0.00421802 0.00895911 0.00054598 0.01099871 0.00796321 0.00283514 0.00564472 0.00098146 0.28444215 0.21275811 0.00808529 0.05880923 0.02813961 0.00767645 0.01610131 0.02436841 0.00437597 0.00838054 0.27016514
2 0.07855288 0.04911969 0.03698699 0.03478769 0.01084200 0.04580209 0.03787309 0.03701079 0.07414418 0.03436469 0.04746729 0.03748189 0.01859220 0.02295239 0.21585994 0.08156328 0.05801768 0.00723386 0.04686089 0.02448649
3 0.05053057 0.03506398 0.04958277 0.12576593 0.00678907 0.03277158 0.07995476 0.21268489 0.02591829 0.01707199 0.01242779 0.03617738 0.00528109 0.01420839 0.01945199 0.12372993 0.11407394 0.00458207 0.01129769 0.02263589
4 0.06392325 0.01419499 0.01640889 0.00936618 0.01253139 0.01173359 0.01687309 0.01221319 0.00541547 0.22025883 0.14965089 0.02097978 0.04913236 0.03028428 0.01408559 0.03382157 0.04165877 0.00642249 0.01419559 0.25684981
5 0.06012885 0.03980823 0.08886857 0.20210016 0.00570078 0.05150564 0.11178709 0.05178174 0.03842833 0.01864701 0.01240471 0.09713567 0.00789109 0.01344341 0.01371841 0.10802408 0.04130063 0.00352107 0.01153091 0.02227362
6 0.05047218 0.03253409 0.25264091 0.15904195 0.00642787 0.03651909 0.04166649 0.03547079 0.05262118 0.05231448 0.01380160 0.05608378 0.00896768 0.00703228 0.01411850 0.07866837 0.05949398 0.00304361 0.01989529 0.01918589
7 0.21673596 0.01978210 0.02973149 0.03173219 0.02920619 0.02079340 0.02849839 0.19365796 0.01824250 0.02060900 0.01196770 0.02005610 0.00740938 0.01042950 0.01895780 0.20740896 0.08063268 0.00681543 0.00577609 0.02155720
8 0.04933630 0.00992660 0.01628950 0.00586908 0.01220010 0.01630450 0.00904591 0.01716890 0.00777456 0.26418599 0.16312399 0.01608740 0.05101700 0.03197080 0.01203180 0.02946040 0.02867720 0.00537749 0.01381050 0.24034199
9 0.02650741 0.08998804 0.03320521 0.01714851 0.00393663 0.06990233 0.15613207 0.01917851 0.01362411 0.01815131 0.03988742 0.26396311 0.06599633 0.03862832 0.01584751 0.05398032 0.02685171 0.00711514 0.01514641 0.02480961
10 0.02144558 0.01901969 0.01200469 0.00268492 0.00823999 0.00670492 0.00737096 0.00779792 0.05046736 0.04482317 0.13494690 0.01605329 0.03312598 0.19366485 0.01010139 0.01427859 0.01739079 0.01926159 0.33464675 0.04597067
11 0.03180639 0.07887088 0.03807579 0.02385979 0.00741382 0.04227439 0.05795099 0.02084880 0.04657399 0.02412889 0.04103489 0.15391597 0.02568249 0.08938928 0.01531460 0.04299129 0.03250659 0.01927340 0.18187896 0.02620879
12 0.03265441 0.01460860 0.01692010 0.00490804 0.00931658 0.01069310 0.01013200 0.01356750 0.01302550 0.06007862 0.12355403 0.02685131 0.03219881 0.36535010 0.01093540 0.02178381 0.02287071 0.01006590 0.14819204 0.05229341
13 0.08033666 0.01971919 0.06385477 0.28360887 0.00547866 0.06963337 0.23668089 0.02926199 0.03031129 0.00767223 0.00722400 0.04782508 0.00261705 0.00268401 0.01021570 0.05361468 0.02507279 0.00146188 0.00561552 0.01711139
14 0.08303419 0.01897820 0.04106000 0.28780998 0.00552769 0.07020979 0.27601198 0.02717550 0.02570890 0.00541224 0.00761344 0.04199670 0.00187167 0.00209220 0.01003360 0.04683200 0.02291190 0.00110599 0.00534095 0.01927310
15 0.03914137 0.30870176 0.03681417 0.02219028 0.00753191 0.04939916 0.05030306 0.02537788 0.04032477 0.01707539 0.03905947 0.13973689 0.02121688 0.01812529 0.01715069 0.06825935 0.04213497 0.00956556 0.01855799 0.02933318
16 0.08534160 0.01627070 0.03176120 0.04383880 0.01066790 0.01622520 0.02464960 0.55943902 0.01102510 0.02325610 0.01812730 0.01886290 0.00709756 0.00896741 0.01076920 0.06524340 0.02591830 0.00318646 0.00549914 0.01385310
17 0.06626751 0.01433360 0.01604180 0.00953478 0.01236680 0.01235150 0.01801760 0.01263400 0.00536144 0.21916303 0.14871502 0.02024850 0.04895721 0.02976880 0.01388460 0.03360520 0.04163841 0.00608074 0.01331140 0.25771804
18 0.03186418 0.25751086 0.03253998 0.01623039 0.00690253 0.08916725 0.06569276 0.01655589 0.02876278 0.01380799 0.02894868 0.22531588 0.01799959 0.01778269 0.01095829 0.07408126 0.03374308 0.00424394 0.00879558 0.01909639
19 0.07221105 0.04826053 0.03097142 0.13660209 0.00539697 0.07764545 0.29377520 0.03594662 0.02238092 0.01464301 0.03142912 0.06645975 0.01048641 0.01019161 0.01700601 0.04972043 0.03454192 0.00478741 0.00944794 0.02809612
20 0.04183582 0.00738912 0.00875000 0.00179778 0.00958342 0.00829794 0.00824333 0.00859207 0.00216952 0.19519608 0.30363013 0.00764209 0.07149693 0.04417882 0.00879721 0.01812181 0.03337851 0.00467219 0.01185611 0.20437109
21 0.16233600 0.03877380 0.03583000 0.03286840 0.03115350 0.02893420 0.03390930 0.06866070 0.02231150 0.03068530 0.02910610 0.03260710 0.01571240 0.01503350 0.02917930 0.22247900 0.11063500 0.00946889 0.01175140 0.03856460
22 0.03926762 0.01657711 0.00975560 0.00458319 0.00768043 0.01442041 0.01705851 0.01374921 0.00691208 0.13110406 0.37136917 0.01311171 0.07933834 0.06422953 0.01286591 0.02320981 0.02517331 0.00520793 0.02182501 0.12256106
23 0.04289910 0.11615001 0.02762130 0.01709550 0.00810971 0.06563320 0.07800720 0.01639860 0.02085910 0.05160670 0.09530131 0.19661401 0.03715970 0.04310800 0.01868080 0.04352670 0.03469980 0.00498903 0.02098380 0.06055640
24 0.08746990 0.01599130 0.03087060 0.04256030 0.01058920 0.01561520 0.02397370 0.55758499 0.01120290 0.02350380 0.01871090 0.01837880 0.00721857 0.00942613 0.01111100 0.06605480 0.02686800 0.00360917 0.00544614 0.01381460
25 0.03391450 0.00652538 0.00879971 0.00114668 0.01007270 0.01062930 0.00474974 0.00760650 0.00234292 0.25490103 0.25834103 0.00805439 0.06435171 0.03809880 0.00747678 0.01714060 0.02171810 0.00438739 0.01039270 0.22935003
26 0.29147911 0.01718281 0.02802511 0.02583511 0.03130971 0.02693381 0.03431091 0.08719903 0.01951641 0.04314582 0.03789401 0.02231361 0.01557931 0.01507471 0.02729611 0.14342405 0.05846912 0.00652104 0.00879009 0.05970012
27 0.04451250 0.00624155 0.01404820 0.00113776 0.01192840 0.00773294 0.00360925 0.00796059 0.00274499 0.25865102 0.19637801 0.00929661 0.08344251 0.02894030 0.01133360 0.01985290 0.02980560 0.00583565 0.01155660 0.24499101
28 0.08191950 0.02244460 0.03703970 0.26875000 0.00548763 0.06810430 0.30332900 0.02788090 0.02251840 0.00496106 0.00838192 0.03959080 0.00184540 0.00219444 0.01113740 0.04332830 0.02479530 0.00108092 0.00529443 0.01991600
29 0.03441941 0.00395835 0.00980847 0.00093493 0.01090830 0.00795643 0.00274356 0.00435606 0.00114715 0.32474905 0.14892902 0.01175370 0.04720981 0.01810800 0.00820439 0.01779260 0.02294820 0.00412818 0.00731232 0.31263205
30 0.02973680 0.15494498 0.02913440 0.02506010 0.00228893 0.09782039 0.17468298 0.01520940 0.01691840 0.01316400 0.03527400 0.24561597 0.02105680 0.02332010 0.01254200 0.03948810 0.02748000 0.00413958 0.01234180 0.01978130
31 0.08594456 0.01576791 0.03080232 0.04431303 0.01059021 0.01676671 0.02646842 0.55630842 0.01109861 0.02272492 0.01855771 0.01857951 0.00700801 0.00938696 0.01117181 0.06624695 0.02614772 0.00324090 0.00564740 0.01322791
32 0.06464866 0.00938105 0.01322959 0.00261140 0.01634559 0.00828326 0.01504379 0.01198969 0.00521975 0.14591090 0.19733587 0.01086569 0.05569616 0.02857218 0.01876329 0.02319838 0.10936793 0.00537349 0.01198649 0.24617684
33 0.03348431 0.00744806 0.00656641 0.00114257 0.00741777 0.00885190 0.00632955 0.00880494 0.00192437 0.18535705 0.37941410 0.00464251 0.08105622 0.05231841 0.00567861 0.01646640 0.01786230 0.00414005 0.01087740 0.16021704
34 0.05248373 0.22185514 0.04265343 0.02386111 0.00703105 0.03752422 0.05058773 0.02591602 0.02883982 0.01626651 0.03053752 0.11372207 0.01608301 0.01828421 0.13319408 0.05836454 0.07678765 0.00588743 0.01727501 0.02284571
35 0.01855008 0.00542114 0.01495749 0.00093045 0.00837149 0.00301924 0.00142302 0.00508918 0.01562198 0.04097136 0.08292572 0.01370869 0.02005278 0.47673353 0.00799089 0.00914346 0.01611188 0.00624326 0.22440278 0.02833157
36 0.06665365 0.08250284 0.05113337 0.07289845 0.01428629 0.13457491 0.09023114 0.03134148 0.11031892 0.03854147 0.03753467 0.06320496 0.01346769 0.01596839 0.01704959 0.06678615 0.04382437 0.00654288 0.02534938 0.01778939
37 0.16048802 0.03713690 0.03830990 0.03426700 0.03049440 0.02930990 0.03475450 0.07085821 0.02275940 0.03067570 0.02896570 0.03239360 0.01508610 0.01505410 0.03003470 0.22068302 0.11078201 0.00831759 0.01186120 0.03776800
38 0.02435350 0.02468390 0.01831020 0.00855985 0.00844431 0.00951031 0.01188660 0.01092600 0.06424440 0.02776690 0.06780890 0.02284790 0.02127640 0.17850901 0.01168490 0.02266560 0.02094850 0.02551180 0.38940701 0.03065400
39 0.05128943 0.29241119 0.03315882 0.01997961 0.00965853 0.04240483 0.04037563 0.01917651 0.07651585 0.01860231 0.03243132 0.06472374 0.01519731 0.01020981 0.01157801 0.11730108 0.05167473 0.00833763 0.01698931 0.06798434
40 0.03261721 0.01432390 0.01684590 0.00447591 0.01001430 0.01058450 0.01060320 0.01329690 0.01310860 0.06049411 0.12443902 0.02640651 0.03248821 0.36313107 0.01154270 0.02246920 0.02367220 0.01117860 0.14618003 0.05212791
41 0.08217155 0.06556196 0.03796168 0.06837366 0.01811219 0.13435592 0.11913192 0.03943888 0.03403088 0.04329337 0.04547097 0.08662715 0.01543479 0.01769409 0.03404468 0.06764426 0.04207407 0.00527883 0.01274779 0.03055138
42 0.04658739 0.06128048 0.03714369 0.03415899 0.00871719 0.04283789 0.08367538 0.05123809 0.01833349 0.02326049 0.03021979 0.18110295 0.02466609 0.08301158 0.02163719 0.14623796 0.04676449 0.01018490 0.02017689 0.02876509
43 0.02164411 0.01857061 0.01177301 0.00262309 0.00787961 0.00686648 0.00686239 0.00753789 0.05021673 0.04536013 0.13393009 0.01618411 0.03240252 0.19509313 0.01015561 0.01461401 0.01687821 0.01931031 0.33580222 0.04629573
44 0.04045601 0.01687420 0.00967334 0.00461325 0.00813717 0.01339710 0.01608520 0.01458830 0.00670959 0.13167702 0.37083605 0.01242940 0.07988661 0.06461041 0.01146930 0.02343920 0.02533440 0.00583042 0.02183500 0.12211802
45 0.03588629 0.00693232 0.01410980 0.00212429 0.01097040 0.00987560 0.00464247 0.00962027 0.00572840 0.11002796 0.16941194 0.01412610 0.04437308 0.32226889 0.00883767 0.01634159 0.02233499 0.00364112 0.09700227 0.09174457
46 0.04049381 0.01626700 0.00992431 0.00479856 0.00790834 0.01442710 0.01637950 0.01318000 0.00699218 0.13098803 0.36928607 0.01340810 0.07980052 0.06541071 0.01161680 0.02325290 0.02506451 0.00523611 0.02255140 0.12301402
47 0.08156029 0.06831029 0.04005209 0.06714249 0.01790870 0.13099898 0.11495898 0.03970899 0.03317040 0.04329899 0.04625919 0.08687289 0.01549120 0.01839740 0.03891459 0.06708899 0.04207039 0.00516805 0.01219550 0.03043160
48 0.06337277 0.00568279 0.01569429 0.00139485 0.01622809 0.00688884 0.00546637 0.00878476 0.00264375 0.22649190 0.15285394 0.01032740 0.06656417 0.02241899 0.01716869 0.02392909 0.06397337 0.00542596 0.01157110 0.27311889
49 0.19411921 0.02115502 0.02697753 0.02985683 0.03369204 0.01897102 0.02431273 0.11988313 0.01661092 0.01606622 0.01004781 0.01485192 0.00687290 0.00918425 0.01795312 0.25386227 0.15050916 0.00550314 0.00516728 0.02440353
50 0.07712997 0.01897929 0.04141268 0.25494590 0.00516690 0.06408428 0.24102291 0.08026527 0.02356599 0.00742646 0.00651212 0.04128898 0.00173449 0.00462383 0.01179020 0.06493577 0.03230609 0.00194661 0.00538128 0.01548099
51 0.03488720 0.00382173 0.00946675 0.00081434 0.01092840 0.00791577 0.00280298 0.00450849 0.00128697 0.32361401 0.14979500 0.01186010 0.04644210 0.01870000 0.00842507 0.01808550 0.02279370 0.00417874 0.00734814 0.31232501
52 0.08397492 0.07599992 0.05555931 0.06186131 0.01485610 0.05081031 0.05643821 0.04083961 0.10009202 0.03315491 0.03907001 0.05078321 0.01739370 0.03424151 0.02031160 0.08100452 0.05303231 0.01140810 0.09483292 0.02433550
53 0.04963382 0.00995382 0.01640351 0.00569561 0.01183481 0.01609431 0.00853090 0.01781031 0.00797873 0.26578313 0.16446308 0.01645901 0.05027553 0.03230982 0.01158551 0.02968991 0.02827851 0.00503644 0.01386511 0.23831812
54 0.19845099 0.02595810 0.15402200 0.07024120 0.02296140 0.03331810 0.04170850 0.05544120 0.02851400 0.03345830 0.02075610 0.04117810 0.01377820 0.01147850 0.01913100 0.11976100 0.05423120 0.00484333 0.01198290 0.03878590
55 0.28870582 0.01815339 0.02800018 0.02651648 0.03077668 0.02827598 0.03538378 0.08638955 0.01990009 0.04241917 0.03826808 0.02388338 0.01559869 0.01550419 0.02658138 0.14201591 0.05857006 0.00686900 0.00956732 0.05862086
56 0.03170669 0.00366116 0.00922664 0.00090677 0.01049980 0.00808829 0.00244254 0.00423105 0.00134160 0.33331491 0.15014896 0.01143300 0.04506159 0.01783500 0.00762561 0.01730720 0.02088589 0.00409835 0.00701605 0.31316892
57 0.22300504 0.01883450 0.02485080 0.00889663 0.06875031 0.02349660 0.01040800 0.06386661 0.01690810 0.01799050 0.01371910 0.01358180 0.01015150 0.00661333 0.01652680 0.28243506 0.14321003 0.00448589 0.00626255 0.02600681
58 0.13467116 0.02713833 0.02680003 0.01624182 0.02758133 0.01493982 0.02066212 0.04368795 0.01374972 0.05186516 0.04935206 0.01774012 0.02263713 0.01290742 0.02060972 0.19945223 0.16471619 0.00594504 0.01023351 0.11906914
59 0.04897187 0.01236529 0.01633789 0.00220590 0.01184499 0.00872674 0.00671331 0.01064209 0.00527478 0.20022289 0.23246487 0.01079229 0.11390694 0.03686948 0.01356679 0.02462309 0.03391678 0.00693473 0.01373339 0.18988589
60 0.03218119 0.29639589 0.03499759 0.01405809 0.00309438 0.05712938 0.04988368 0.01305770 0.01982109 0.00907448 0.02606599 0.28540789 0.02059619 0.01941029 0.01388709 0.04402908 0.03058279 0.00414225 0.00909516 0.01708979
61 0.04319818 0.00766152 0.01119739 0.00131314 0.00999827 0.00795672 0.00523722 0.01014290 0.00362521 0.14790193 0.28087087 0.00879314 0.08382866 0.14583993 0.00880819 0.01795179 0.02407959 0.00487547 0.04061798 0.13610193
62 0.04962052 0.09399143 0.12438704 0.06882092 0.01121740 0.10637703 0.08920403 0.02529321 0.03256921 0.02679311 0.02435841 0.16996505 0.01683021 0.01661291 0.01268270 0.05605872 0.04125811 0.00324029 0.01159940 0.01912031
63 0.05050906 0.01019319 0.01652789 0.00570202 0.01200209 0.01688879 0.00926931 0.01854369 0.00761916 0.26294181 0.16399888 0.01657749 0.05055836 0.03276428 0.01186479 0.02897218 0.02851088 0.00503372 0.01367159 0.23785083
64 0.06713099 0.04151029 0.25750596 0.09745078 0.01191870 0.03576489 0.04044139 0.04847089 0.03256699 0.03757329 0.02689420 0.06056529 0.01832180 0.01782890 0.01655200 0.07940309 0.04902909 0.00511997 0.01835570 0.03759579
65 0.04451367 0.06572435 0.07524034 0.11632291 0.00831621 0.04084657 0.06373465 0.03164798 0.10046692 0.03418937 0.06433925 0.05058196 0.01531609 0.01115279 0.02539258 0.07202335 0.12053591 0.00414773 0.02884718 0.02666018
66 0.07135299 0.04773140 0.03211400 0.13660699 0.00539949 0.07732659 0.29388397 0.03530020 0.02244360 0.01494720 0.03117770 0.06595309 0.01055260 0.01040430 0.01693240 0.04946140 0.03461930 0.00535915 0.00983216 0.02860150
67 0.08349080 0.01918950 0.04049930 0.28703700 0.00557211 0.06920730 0.27664300 0.02773400 0.02540100 0.00551728 0.00763129 0.04176210 0.00172485 0.00223969 0.01016890 0.04693950 0.02317950 0.00122813 0.00530076 0.01953400
68 0.32843698 0.00998675 0.02486270 0.00388143 0.06282990 0.01770800 0.00784763 0.08103230 0.01783170 0.02265940 0.01564570 0.00925673 0.00795436 0.00518266 0.01667750 0.22174999 0.10143299 0.00340111 0.00373918 0.03788300
69 0.10197207 0.04122693 0.03675163 0.02891562 0.02608212 0.02855512 0.03559842 0.04618953 0.02305872 0.04514663 0.05359884 0.03311852 0.02172061 0.02172751 0.03036662 0.16545711 0.16570111 0.00827732 0.01654131 0.06999425
70 0.04858285 0.00954648 0.01570248 0.00201967 0.01171999 0.00864828 0.00603442 0.01051829 0.00418045 0.21244579 0.23021578 0.01083919 0.09727591 0.03884076 0.01310889 0.02374938 0.03240817 0.00625453 0.01406089 0.20384780
71 0.02981991 0.35767909 0.02794961 0.01361610 0.00645123 0.08623842 0.05673701 0.01289000 0.04578401 0.01357710 0.03358971 0.14924804 0.01696640 0.01234040 0.01081520 0.06066182 0.03021341 0.00475280 0.00910022 0.02156951
72 0.06604492 0.03632641 0.06740132 0.19656206 0.00782847 0.07651902 0.16316705 0.04557961 0.04297351 0.01713551 0.01311950 0.04853461 0.00455859 0.00700824 0.01836911 0.08098462 0.07727922 0.00255970 0.01118700 0.01686151
73 0.06262607 0.05627266 0.02872763 0.12037313 0.00400772 0.11757412 0.32206434 0.02462033 0.02434513 0.01343461 0.02873213 0.07422848 0.00625674 0.00698788 0.01442202 0.03811604 0.02791253 0.00206636 0.00771588 0.01951622
74 0.07985187 0.03966238 0.03727548 0.12432395 0.00785849 0.06336367 0.21916491 0.05553108 0.02528949 0.01697159 0.02502149 0.06928057 0.01125030 0.01354009 0.01797909 0.10441596 0.04420308 0.00768037 0.00951397 0.02782219
75 0.03290310 0.01456750 0.01707380 0.00503903 0.00952929 0.01142060 0.01083830 0.01443290 0.01308170 0.05981850 0.12522100 0.02635370 0.03238930 0.36455699 0.01097330 0.02199120 0.02368580 0.00987440 0.14456600 0.05168360
76 0.29180292 0.01743400 0.02716459 0.02621709 0.03127839 0.02764629 0.03564129 0.08624298 0.01961959 0.04231469 0.03788659 0.02289999 0.01491560 0.01555290 0.02723909 0.14358596 0.05820278 0.00671419 0.00925047 0.05839058
77 0.05785672 0.02059961 0.01664680 0.00753536 0.01562000 0.01627250 0.02241871 0.01818520 0.01191080 0.11150603 0.23601206 0.01739840 0.05892172 0.04336861 0.02383991 0.03489951 0.10038003 0.00564788 0.01775510 0.16322504
78 0.08405251 0.01973610 0.04064541 0.27970004 0.00532522 0.08117091 0.27938804 0.02565860 0.02666740 0.00533349 0.00744117 0.04301631 0.00160985 0.00186718 0.00954260 0.04535441 0.02165910 0.00099827 0.00446757 0.01636580
79 0.30241222 0.01413421 0.02321762 0.01030231 0.03408742 0.01071041 0.01683801 0.06683985 0.01532671 0.04724153 0.03262192 0.01446381 0.01768941 0.01203661 0.02288642 0.17169813 0.06782855 0.00581878 0.00778400 0.10606208
80 0.32559705 0.00944161 0.02518700 0.00477763 0.09616642 0.03409061 0.00882740 0.07865881 0.01941730 0.02398760 0.01637330 0.01705390 0.00922823 0.00658763 0.01750720 0.19161203 0.07229711 0.00394539 0.00625085 0.03299291
81 0.03895818 0.09129676 0.03070689 0.05987147 0.00334557 0.12402895 0.20903491 0.01795579 0.01953589 0.01761029 0.03407429 0.20932791 0.01668509 0.02019009 0.01041450 0.04060048 0.02463389 0.00238027 0.01117120 0.01817759
82 0.04099259 0.01071550 0.00939011 0.00216083 0.00940167 0.01152340 0.00898064 0.01191180 0.00472775 0.17522098 0.34810195 0.00776253 0.08026729 0.04653799 0.00917193 0.03181280 0.02374220 0.00451127 0.01163380 0.15143298
83 0.02146740 0.01871920 0.01146570 0.00253768 0.00815439 0.00663077 0.00661167 0.00782112 0.05078710 0.04438080 0.13206500 0.01600000 0.03225930 0.19692599 0.01010680 0.01439640 0.01707100 0.01902240 0.33804199 0.04553530
84 0.05494450 0.11340101 0.03743980 0.03931930 0.01459830 0.13454001 0.11347701 0.02217040 0.02540760 0.02677660 0.03384420 0.20810801 0.01885750 0.02082590 0.01904170 0.05095420 0.03358370 0.00333415 0.01125630 0.01811980
85 0.07117836 0.04820487 0.03149118 0.13518792 0.00518373 0.07791765 0.29048982 0.03685028 0.02282249 0.01556209 0.03165708 0.06735906 0.01084699 0.01037759 0.01770739 0.04923297 0.03439568 0.00480158 0.00925510 0.02947818
86 0.04736686 0.01592409 0.01391189 0.00384962 0.01204709 0.00859583 0.00960635 0.01271819 0.00454088 0.14107389 0.30924376 0.00856216 0.11005591 0.04386917 0.01415639 0.02499418 0.04929786 0.00676380 0.01344519 0.14997688
87 0.03096588 0.00343701 0.00892260 0.00071217 0.01041069 0.00754707 0.00224925 0.00362522 0.00094738 0.33873078 0.14321291 0.01178109 0.04381197 0.01511979 0.00739872 0.01671239 0.02044739 0.00399479 0.00630313 0.32366979
88 0.03930010 0.31212604 0.03633100 0.02169180 0.00736286 0.05043191 0.05051191 0.02269880 0.03928090 0.01780550 0.03986640 0.14134402 0.02196600 0.01715690 0.01803550 0.06851401 0.04151890 0.00848592 0.01633320 0.02923830
89 0.10361097 0.05165609 0.03764499 0.05315838 0.02637779 0.09748347 0.06325548 0.05267248 0.03016269 0.02697459 0.02551129 0.05751028 0.01207470 0.01287240 0.04640419 0.17797295 0.08756137 0.00569199 0.01042960 0.02097429
90 0.05601067 0.02374389 0.23692789 0.22877690 0.00629809 0.04809528 0.09682786 0.03472178 0.03758108 0.01732419 0.00867714 0.05293668 0.00647061 0.00453546 0.01097670 0.06742387 0.03426688 0.00197640 0.00896285 0.01746579
91 0.06604560 0.01364580 0.01572130 0.00934109 0.01258050 0.01163920 0.01726080 0.01241220 0.00546886 0.22050400 0.14959500 0.02065760 0.04893070 0.02898620 0.01376820 0.03465800 0.04039890 0.00674594 0.01305110 0.25858900
92 0.04004670 0.01707130 0.00973011 0.00466525 0.00778393 0.01408830 0.01759860 0.01318270 0.00688716 0.13112800 0.36898700 0.01267420 0.08000870 0.06514750 0.01219340 0.02336110 0.02571910 0.00517145 0.02148750 0.12306800
93 0.04924170 0.14150300 0.04712960 0.04185050 0.00801472 0.06480570 0.08275670 0.02900680 0.02255100 0.02837200 0.03446780 0.21685400 0.02371940 0.03076740 0.02114800 0.05896090 0.03782550 0.00621836 0.01857850 0.03622840
94 0.02706329 0.00321695 0.00813409 0.00034210 0.01051400 0.00808614 0.00176896 0.00376968 0.00063981 0.33274687 0.17313793 0.00910771 0.04777868 0.01941659 0.00618673 0.01483849 0.01861719 0.00393695 0.00611095 0.30458688
95 0.06742819 0.04354179 0.25204194 0.09507628 0.01250260 0.03633799 0.04158699 0.04879539 0.03241449 0.03810179 0.02691249 0.06050469 0.01846760 0.01893720 0.01681420 0.08029948 0.04944659 0.00495932 0.01826990 0.03756109
96 0.03211021 0.29415905 0.03533511 0.01412240 0.00303474 0.05727501 0.05126631 0.01274880 0.02035700 0.00914397 0.02614100 0.28382305 0.02005320 0.02008060 0.01418080 0.04359641 0.03080711 0.00453171 0.00998250 0.01725100
97 0.02694290 0.00327157 0.00813977 0.00035357 0.01060620 0.00804811 0.00168610 0.00381421 0.00063110 0.33276402 0.17309801 0.00917242 0.04748520 0.01936130 0.00614356 0.01484270 0.01856590 0.00397071 0.00623461 0.30486802
98 0.03998182 0.01684551 0.00973973 0.00437757 0.00768874 0.01354041 0.01600761 0.01380311 0.00695863 0.13111608 0.37173322 0.01273241 0.08020525 0.06438734 0.01236931 0.02324891 0.02505051 0.00533526 0.02232051 0.12255807
99 0.07723714 0.03039638 0.32010774 0.09704422 0.01474819 0.02959638 0.02482678 0.03688447 0.02945628 0.02516678 0.01240709 0.05093786 0.01300159 0.00834630 0.01358379 0.12097190 0.05487486 0.00456519 0.01144769 0.02439938
100 0.03303729 0.08885928 0.02905579 0.04781129 0.00258536 0.09480737 0.21170794 0.01871839 0.01464840 0.01505160 0.03219679 0.23900294 0.02345259 0.02873059 0.01313600 0.04761559 0.02445879 0.00282571 0.01246180 0.01983649
101 0.07140851 0.04840361 0.03198550 0.13691302 0.00539867 0.07750261 0.29154204 0.03750431 0.02245860 0.01455360 0.03140480 0.06534441 0.01004520 0.01007060 0.01733470 0.04982601 0.03565310 0.00453675 0.00935624 0.02875770
102 0.04814502 0.12619305 0.04555522 0.03645951 0.00921743 0.05697702 0.07606893 0.03393951 0.02082851 0.02134311 0.02491661 0.23190908 0.02261351 0.02713181 0.02057141 0.10888104 0.04310162 0.00577261 0.01244870 0.02792631
103 0.03979087 0.01679919 0.00999405 0.00427853 0.00785154 0.01371069 0.01542579 0.01347509 0.00684002 0.13165991 0.37125173 0.01303219 0.08052044 0.06510715 0.01176979 0.02361898 0.02474568 0.00530496 0.02239048 0.12243291
104 0.22926804 0.01307940 0.02878700 0.02017980 0.04634011 0.01930030 0.01619070 0.29485005 0.01619340 0.02181000 0.01462460 0.01277520 0.00700052 0.00741167 0.01482160 0.14918903 0.05624271 0.00484546 0.00513008 0.02196030
105 0.13149702 0.02955320 0.02833650 0.16343802 0.00656061 0.06843251 0.29383404 0.04709231 0.01814740 0.01370580 0.01760110 0.03488430 0.00420517 0.00434796 0.01622650 0.05185991 0.03233080 0.00264758 0.00584085 0.02945840
106 0.07083031 0.04872911 0.03135740 0.13418202 0.00529717 0.07837341 0.29668604 0.03461871 0.02269440 0.01499800 0.03206510 0.06540651 0.01025700 0.00986348 0.01720570 0.04871291 0.03446871 0.00501039 0.00962111 0.02962250
107 0.04820531 0.00982508 0.01690560 0.00617358 0.01192620 0.01575420 0.00857262 0.01783950 0.00763850 0.26514707 0.16399305 0.01615820 0.05047991 0.03305801 0.01201940 0.02889981 0.02851411 0.00516354 0.01375420 0.23997207
108 0.06354182 0.04328421 0.01887270 0.01094920 0.00934284 0.01598380 0.02724571 0.02968581 0.02197341 0.03620471 0.04894291 0.02528621 0.03763641 0.06442222 0.01102890 0.07455582 0.04339561 0.28621107 0.07691482 0.05452181
109 0.03525023 0.00392015 0.00949255 0.00100295 0.01076491 0.00764605 0.00275195 0.00468308 0.00126220 0.32600324 0.14630611 0.01197161 0.04618523 0.01790701 0.00831159 0.01789201 0.02232362 0.00416457 0.00718772 0.31497323
110 0.05207314 0.03168502 0.02262342 0.00775106 0.01156721 0.01688761 0.01881951 0.01912401 0.01154141 0.12900410 0.21983616 0.03255642 0.11045408 0.05082974 0.02105262 0.03931223 0.03568513 0.01261041 0.02459162 0.13199510
111 0.06795913 0.05762613 0.02543671 0.02011131 0.01962791 0.11233005 0.06355073 0.03047381 0.03248111 0.05693173 0.13450906 0.06234193 0.03014441 0.02513071 0.05563792 0.10212504 0.04462632 0.00576236 0.01260621 0.04058742
112 0.04702053 0.04770373 0.02461892 0.01865901 0.01512771 0.04485513 0.05081204 0.02412532 0.08357136 0.03910803 0.14002410 0.03098412 0.03122142 0.03364202 0.15057211 0.05417474 0.05676484 0.01005261 0.05862954 0.03833273
113 0.11316495 0.02833659 0.02400269 0.01730699 0.03952368 0.02062959 0.01375769 0.04748128 0.01413809 0.01501729 0.01227049 0.01505719 0.01191949 0.00791755 0.01900959 0.33225784 0.23238989 0.00474082 0.00656920 0.02450909
114 0.08218720 0.06651970 0.03936520 0.06478480 0.01954710 0.13451200 0.11389600 0.03947070 0.03334000 0.04379040 0.04564010 0.08663760 0.01550480 0.01751220 0.03764290 0.06889460 0.04280940 0.00561297 0.01277890 0.02955340
115 0.06523249 0.01396230 0.01527760 0.00859291 0.01233990 0.01180900 0.01607190 0.01210390 0.00533948 0.21982398 0.15046499 0.02015140 0.05003750 0.03030090 0.01391450 0.03332070 0.04131560 0.00648640 0.01379060 0.25966398
116 0.04929662 0.01983521 0.01917871 0.00536801 0.06525142 0.02722211 0.00899095 0.01730681 0.01807661 0.07758643 0.10020304 0.02319121 0.03341091 0.26468310 0.01285600 0.04166902 0.04109102 0.00864576 0.10003604 0.06610103
117 0.08326837 0.06628518 0.03928149 0.06781088 0.01883279 0.13249095 0.11395696 0.04041609 0.03339889 0.04332208 0.04711208 0.08516847 0.01498609 0.01818589 0.03782379 0.06838408 0.04239928 0.00493206 0.01244430 0.02950029
118 0.06419546 0.03284798 0.02634468 0.01145099 0.01134869 0.01976109 0.03570938 0.09378023 0.02109299 0.05024886 0.08034764 0.03052138 0.10233993 0.03506958 0.01673669 0.06867685 0.04108457 0.15904189 0.03198458 0.06741655
119 0.03920996 0.01703258 0.00943283 0.00482021 0.00770367 0.01362579 0.01620398 0.01305769 0.00735300 0.13163387 0.36972363 0.01244909 0.08027912 0.06575373 0.01204559 0.02287918 0.02494127 0.00554626 0.02347668 0.12283188
120 0.29208800 0.01770060 0.02728140 0.02589550 0.03119780 0.02793540 0.03534100 0.08737430 0.01956180 0.04236710 0.03679780 0.02279470 0.01526730 0.01617150 0.02644310 0.14450800 0.05781550 0.00614206 0.00967274 0.05764440
121 0.28842102 0.01866510 0.02741910 0.02749440 0.03065600 0.02838430 0.03711470 0.08665461 0.02027570 0.04208400 0.03817170 0.02322340 0.01533780 0.01601650 0.02664740 0.14129501 0.05763910 0.00590669 0.00983385 0.05875960
122 0.08417941 0.01662840 0.03097780 0.04375870 0.01031760 0.01625890 0.02672000 0.55990705 0.01109510 0.02259240 0.01800510 0.01930700 0.00719742 0.00912838 0.01049970 0.06497001 0.02636320 0.00368375 0.00556586 0.01284420
123 0.06272345 0.00699905 0.01482289 0.00366639 0.01233919 0.00871904 0.00646723 0.01082379 0.00427586 0.26756978 0.13256689 0.01672819 0.04919196 0.01987158 0.01505869 0.04446906 0.03383057 0.00471764 0.01074999 0.27440877
124 0.05563576 0.01146289 0.05286607 0.00760401 0.01350479 0.01220619 0.01100199 0.01239749 0.00818683 0.20236687 0.14919890 0.02122119 0.09996893 0.02890338 0.01670949 0.03190428 0.04345237 0.00711420 0.01558049 0.19871387
125 0.04405561 0.00592759 0.00973357 0.00146726 0.01178150 0.00791855 0.00682961 0.00658237 0.00199142 0.24853307 0.20818206 0.00986535 0.05732282 0.02903771 0.01011910 0.01819070 0.03884321 0.00472254 0.00934787 0.26954807
126 0.05155040 0.03151490 0.02159530 0.00699752 0.01148100 0.01646260 0.01911710 0.01881240 0.01166970 0.12654400 0.22664600 0.03238920 0.10937300 0.05065600 0.02004890 0.04063650 0.03634730 0.01338340 0.02512980 0.12964500
127 0.12585796 0.03606569 0.15444996 0.06910158 0.02293749 0.03111199 0.03602339 0.05933548 0.03121669 0.02754899 0.01595020 0.04665039 0.01320290 0.01106710 0.01774799 0.17312295 0.08012958 0.00653369 0.01307730 0.02886869
128 0.06803087 0.04223298 0.24964888 0.09682075 0.01240709 0.03652848 0.04310008 0.05062008 0.03206208 0.03757278 0.02737359 0.06103167 0.01849259 0.01884069 0.01547279 0.07974486 0.04930048 0.00503818 0.01849949 0.03718158
129 0.03552089 0.00756096 0.00800753 0.00130772 0.00855975 0.00936622 0.00646799 0.00891840 0.00245052 0.19981795 0.33960392 0.00626202 0.07739708 0.04965809 0.00694613 0.01748290 0.02083249 0.00446561 0.01164590 0.17772796
130 0.03209747 0.00386249 0.00902909 0.00091496 0.01057139 0.00781491 0.00252634 0.00388533 0.00118022 0.33491272 0.14240888 0.01254879 0.04382736 0.01584549 0.00772459 0.01730839 0.02106068 0.00412612 0.00650805 0.32184673
131 0.03950734 0.31312133 0.03695204 0.02216572 0.00717936 0.04920715 0.04749165 0.02347682 0.03962374 0.01770992 0.04054184 0.14070515 0.02157102 0.01730622 0.01795872 0.06827377 0.04187734 0.00889381 0.01687892 0.02955813
132 0.04010429 0.01630140 0.00983354 0.00514997 0.00789296 0.01380500 0.01576050 0.01314740 0.00660480 0.13427696 0.36807789 0.01236400 0.08052148 0.06427748 0.01120400 0.02367399 0.02501569 0.00552103 0.02190169 0.12456596
133 0.08299818 0.01902730 0.04086409 0.28689694 0.00565495 0.06944179 0.27635094 0.02802429 0.02564529 0.00532704 0.00768377 0.04200639 0.00180597 0.00226317 0.01017420 0.04717089 0.02301160 0.00111630 0.00510881 0.01942810
134 0.28585685 0.01187779 0.01911229 0.00960999 0.02435189 0.01082949 0.01911169 0.05214577 0.01134619 0.06643466 0.05493477 0.01779429 0.02630589 0.01847489 0.03134208 0.10801894 0.05989667 0.00509705 0.00880988 0.15864892
135 0.08533431 0.01303730 0.01216170 0.00600515 0.01016620 0.01628840 0.01835520 0.02155100 0.00665688 0.11886601 0.31570502 0.01308950 0.07368901 0.05244640 0.01512750 0.03399390 0.03572340 0.00575820 0.01485090 0.13119401
136 0.04702183 0.01551971 0.01668281 0.00602118 0.01043071 0.00862258 0.01246381 0.00981297 0.03126352 0.08842665 0.10809506 0.01898511 0.04261953 0.15291009 0.01412991 0.02720162 0.03301522 0.02021351 0.21354513 0.12301907
137 0.03999502 0.01736451 0.00972761 0.00472333 0.00795290 0.01363011 0.01619811 0.01396791 0.00687419 0.12936706 0.37071918 0.01280751 0.07965894 0.06559923 0.01279911 0.02328191 0.02576291 0.00544499 0.02234441 0.12178106
138 0.03301189 0.01406160 0.01672190 0.00480820 0.00960779 0.01068470 0.01012660 0.01322440 0.01307690 0.05970568 0.12414896 0.02608879 0.03201089 0.36774289 0.01094460 0.02174929 0.02291779 0.01072410 0.14727096 0.05137209
139 0.18151512 0.01805361 0.03039512 0.03603992 0.02219681 0.02020841 0.02928062 0.31694721 0.01592611 0.02184121 0.01273161 0.02010281 0.00629437 0.00969152 0.01642641 0.15715210 0.05781514 0.00549588 0.00488248 0.01700351
140 0.02917540 0.00745929 0.01057910 0.00159590 0.00771741 0.00758593 0.00595313 0.00873534 0.00621067 0.08207509 0.25289298 0.01220230 0.05247160 0.30228998 0.00755784 0.01414780 0.01737940 0.00405977 0.10181199 0.06809909
141 0.15739209 0.01518661 0.02292301 0.00432084 0.06258544 0.02473351 0.01033431 0.03339712 0.01268371 0.10857306 0.10022406 0.02163151 0.07676414 0.02618152 0.01989491 0.09010885 0.05946543 0.00761898 0.01685081 0.12913007
142 0.03431291 0.00382180 0.00970487 0.00084177 0.01079180 0.00790294 0.00255902 0.00442964 0.00127592 0.32565508 0.14948703 0.01163730 0.04690871 0.01795250 0.00829719 0.01775700 0.02272991 0.00412368 0.00723584 0.31257507
143 0.08458939 0.01657160 0.03143100 0.04420350 0.01055530 0.01586500 0.02577340 0.55912896 0.01136140 0.02294270 0.01819720 0.01882330 0.00694250 0.00954018 0.01052060 0.06515430 0.02609880 0.00375333 0.00525006 0.01329750
144 0.37612594 0.00812428 0.02520690 0.00731887 0.04535639 0.01442310 0.01189660 0.10217298 0.02048410 0.02062100 0.01032420 0.00791090 0.00525463 0.00453198 0.01925560 0.21173696 0.06889379 0.00427452 0.00371449 0.03237279
145 0.29139215 0.01081781 0.02687671 0.01376501 0.04741132 0.01463651 0.01479111 0.20657110 0.01745181 0.01768851 0.00845417 0.00869352 0.00453293 0.00508444 0.01516621 0.19955310 0.06830633 0.00453102 0.00313672 0.02113951
146 0.02641089 0.00313047 0.00829049 0.00052072 0.01003029 0.00777836 0.00177610 0.00320519 0.00080291 0.35252782 0.14390592 0.01145579 0.04156558 0.01459019 0.00647077 0.01604489 0.01713479 0.00382890 0.00571312 0.32481683
147 0.32916099 0.01187330 0.02782800 0.01466860 0.04273890 0.01799760 0.01727560 0.09229250 0.02097880 0.02214370 0.01228650 0.01161140 0.00680349 0.00603676 0.01997180 0.22236999 0.08001210 0.00544490 0.00557539 0.03292970
148 0.13467703 0.02147270 0.02927371 0.04337391 0.00764976 0.05144851 0.10258702 0.23625704 0.01935240 0.06664311 0.03649081 0.04085861 0.01368170 0.01307680 0.01933620 0.08365382 0.03916701 0.00723734 0.00984511 0.02391740
149 0.03474342 0.00728779 0.00793318 0.00117695 0.00862087 0.00991805 0.00612861 0.00890174 0.00232122 0.20393514 0.33557624 0.00618444 0.07615575 0.04965674 0.00674640 0.01736171 0.02035651 0.00439979 0.01165931 0.18093613
150 0.04081237 0.00895120 0.01023659 0.00121673 0.00881017 0.00719486 0.00537918 0.00929005 0.00193308 0.18259186 0.33698175 0.00539714 0.09630873 0.04804396 0.00848875 0.01811959 0.02448668 0.00506084 0.01216859 0.16852787
151 0.07125700 0.02457930 0.01814930 0.01408050 0.00742523 0.05002640 0.02424700 0.02664220 0.01288370 0.02897600 0.04780340 0.03245070 0.02103310 0.01573720 0.41529898 0.08722099 0.05270840 0.00402803 0.01253790 0.03291470
152 0.04006689 0.31195892 0.03672199 0.02222179 0.00778870 0.04965639 0.04966649 0.02421749 0.03965649 0.01720900 0.04032349 0.14265396 0.02178079 0.01759370 0.01718540 0.06720158 0.04060009 0.00872995 0.01622570 0.02854119
153 0.06918200 0.02451910 0.01880740 0.01496540 0.00771763 0.04988560 0.02360390 0.02666150 0.01269360 0.02911950 0.04709100 0.03107910 0.02103030 0.01524140 0.41920702 0.08749790 0.05318930 0.00377783 0.01149200 0.03323850
154 0.03266219 0.01445960 0.01687330 0.00537182 0.00952477 0.01121340 0.01036580 0.01346240 0.01341780 0.05977118 0.12440196 0.02593429 0.03168559 0.36641489 0.01053310 0.02140349 0.02311919 0.01094110 0.14746196 0.05098219
155 0.35624905 0.01059760 0.02647120 0.01091260 0.04406881 0.01623080 0.01506780 0.09857231 0.02098440 0.02188920 0.01135190 0.01041010 0.00577329 0.00515790 0.02033130 0.21181903 0.07177941 0.00466194 0.00460394 0.03306740
156 0.06637611 0.04269641 0.25601803 0.09626211 0.01200380 0.03624010 0.04309431 0.04843481 0.03150420 0.03651180 0.02840920 0.06119111 0.01908340 0.01840750 0.01595550 0.07975691 0.04912941 0.00524647 0.01743670 0.03624210
157 0.05354373 0.00775077 0.01244211 0.00200654 0.00955768 0.00692856 0.00688630 0.01937721 0.00209910 0.15251410 0.31795620 0.00583360 0.09907606 0.05000023 0.01187781 0.02130731 0.03445812 0.00750052 0.01489691 0.16398710
158 0.01935360 0.00717035 0.01333120 0.00085484 0.00787586 0.00351108 0.00200202 0.00549718 0.02183290 0.04370480 0.11286099 0.01314340 0.02534740 0.40692397 0.00803607 0.00961591 0.01543610 0.00841917 0.24107498 0.03400820
159 0.02572810 0.00308752 0.00795304 0.00039502 0.00993352 0.00758936 0.00156491 0.00285854 0.00074926 0.35783099 0.13864100 0.01158570 0.03973950 0.01292850 0.00623386 0.01563040 0.01648090 0.00369427 0.00515862 0.33221699
160 0.03843818 0.18580491 0.11003194 0.04426508 0.00852874 0.09413185 0.07391216 0.02725169 0.04307908 0.02255109 0.02620609 0.13784393 0.01400159 0.01642039 0.01496149 0.05610647 0.04836068 0.00466417 0.01561859 0.01782189
161 0.02317810 0.02547561 0.01773580 0.00820705 0.00826523 0.00941311 0.01124870 0.01058820 0.06424721 0.02796481 0.06652521 0.02346450 0.02073330 0.18196504 0.01203930 0.02204080 0.02061770 0.02490591 0.39145208 0.02993231
162 0.02355438 0.02491978 0.01760978 0.00849128 0.00858410 0.00924835 0.01121999 0.01140329 0.06498774 0.02639508 0.06530294 0.02311788 0.02021968 0.17971785 0.01179379 0.02285028 0.02032428 0.02546558 0.39650566 0.02828828
163 0.15677097 0.02934799 0.03061029 0.13859197 0.00938564 0.06380049 0.22147996 0.05970879 0.02074390 0.01971230 0.02228290 0.04053179 0.00669055 0.00685650 0.01834540 0.06951969 0.03751599 0.00434226 0.00651805 0.03724459
164 0.03477809 0.00390495 0.00971144 0.00092769 0.01080010 0.00798332 0.00277938 0.00461005 0.00128644 0.32594393 0.14874997 0.01203420 0.04641429 0.01780090 0.00835166 0.01767030 0.02224800 0.00416543 0.00702996 0.31280993
165 0.11869887 0.01948088 0.04135095 0.17136781 0.00701431 0.04806935 0.13529485 0.19331679 0.02280277 0.01884988 0.01044939 0.03521966 0.00381559 0.00924271 0.01442308 0.08400691 0.03820696 0.00428250 0.00772656 0.01638018
166 0.04628971 0.00814650 0.01479130 0.00172365 0.01184880 0.00809517 0.00498560 0.00893323 0.00321239 0.23652304 0.21327603 0.01038990 0.08753341 0.03521391 0.01205490 0.02161260 0.03109440 0.00595411 0.01326930 0.22505203
167 0.11367206 0.02658001 0.03609112 0.08280825 0.01093231 0.04248262 0.12730807 0.18047510 0.01888001 0.02229761 0.01564281 0.04738333 0.00917753 0.01463911 0.01836041 0.14645508 0.05424113 0.00943773 0.00666730 0.01646841
168 0.04516257 0.00645132 0.00982678 0.00162096 0.01099849 0.00801823 0.00699538 0.00759446 0.00216909 0.23113485 0.23222085 0.00949292 0.06311516 0.03568598 0.01004499 0.01862939 0.03667578 0.00489636 0.01110559 0.24816084
169 0.08167744 0.06549243 0.03960222 0.06609803 0.01780171 0.13308606 0.11754205 0.03940632 0.03226771 0.04410272 0.04741602 0.08689264 0.01561071 0.01791091 0.03680612 0.06786253 0.04246792 0.00527936 0.01161601 0.03106111
170 0.04021345 0.01683248 0.00970198 0.00455157 0.00822877 0.01359558 0.01564898 0.01306588 0.00673489 0.13235883 0.36932753 0.01253568 0.07972340 0.06508312 0.01165579 0.02350617 0.02516167 0.00558690 0.02193847 0.12454884
171 0.03968368 0.30850887 0.03604029 0.02201639 0.00777199 0.05076968 0.05153778 0.02423029 0.03977518 0.01724219 0.03927588 0.14203394 0.02101499 0.01706339 0.01788679 0.06800287 0.04206968 0.00876102 0.01757369 0.02874139
172 0.04146872 0.00561726 0.00858726 0.00112870 0.01060291 0.00778475 0.00669265 0.00746643 0.00161467 0.21785312 0.27336215 0.00751547 0.06599404 0.03718242 0.00885789 0.01688841 0.03523572 0.00452330 0.00964498 0.23197913
173 0.07401633 0.02600958 0.07666303 0.25128776 0.00624846 0.05972344 0.17810683 0.05984474 0.03351507 0.01301779 0.01279779 0.04996055 0.00585086 0.00662399 0.01308509 0.06540684 0.03421627 0.00301618 0.00948173 0.02112768
174 0.07094070 0.04921210 0.03160510 0.13455300 0.00535601 0.07784630 0.29472401 0.03533850 0.02238680 0.01473510 0.03192550 0.06642800 0.01053700 0.01022790 0.01758550 0.04826400 0.03540560 0.00482247 0.00960440 0.02850200
175 0.08271979 0.01901080 0.04102199 0.28760296 0.00557904 0.06924129 0.27755096 0.02742400 0.02532330 0.00521048 0.00732045 0.04215979 0.00185642 0.00214632 0.01010120 0.04721369 0.02298020 0.00110968 0.00509514 0.01933250
176 0.07397304 0.02571471 0.07721194 0.25189814 0.00640899 0.05995873 0.17970610 0.05749863 0.03351652 0.01248161 0.01214181 0.05046493 0.00520406 0.00619036 0.01295251 0.06650034 0.03464912 0.00258749 0.00912236 0.02181861
177 0.06631982 0.01347800 0.01616461 0.00968968 0.01255230 0.01154010 0.01707971 0.01265610 0.00545343 0.21891807 0.15003805 0.02005421 0.04975412 0.02930241 0.01326000 0.03351541 0.04167241 0.00667365 0.01373680 0.25814109
178 0.35212696 0.00804854 0.02515820 0.00277867 0.07120789 0.01881600 0.00655333 0.08722389 0.01919010 0.01600220 0.00912578 0.00852412 0.00549129 0.00335586 0.01633620 0.23218897 0.08325969 0.00328871 0.00406321 0.02726040
179 0.05650682 0.06031072 0.02491091 0.09779803 0.00322650 0.13658505 0.34509412 0.02087711 0.02510301 0.01268290 0.03154101 0.07445883 0.00547605 0.00617738 0.01374700 0.03265381 0.02577301 0.00168342 0.00776790 0.01762641
