1 0.03622981 0.00999007 0.00685698 0.00176267 0.01252100 0.00330968 0.00470200 0.00375570 0.00218186 0.15464403 0.38543407 0.00352140 0.06729011 0.05730881 0.00385260 0.01837560 0.02711790 0.00126326 0.01356140 0.18632103
2 0.07869117 0.02567209 0.01323219 0.00966104 0.02019329 0.02104319 0.02352499 0.02587759 0.01472159 0.15036894 0.07876867 0.03224759 0.05743788 0.00990004 0.21022892 0.07339257 0.05581488 0.01236940 0.01012360 0.07673037
3 0.05533194 0.01061941 0.05416714 0.15853112 0.01375331 0.01689401 0.02543132 0.28800722 0.03984023 0.00821028 0.01293531 0.02267482 0.00656732 0.01206421 0.01310561 0.21474417 0.02968612 0.00225889 0.00507955 0.01009801
4 0.06268089 0.01188600 0.01054470 0.01001010 0.01392630 0.01258360 0.01494490 0.01100010 0.00466689 0.23007596 0.12107298 0.01744990 0.04332829 0.02725369 0.01081940 0.03315879 0.04805909 0.00304170 0.01187180 0.30162494
5 0.05170069 0.12405599 0.05226949 0.03936730 0.00790762 0.06622529 0.05964929 0.03072120 0.01538860 0.02935030 0.03179360 0.27849697 0.02180670 0.02227500 0.02199740 0.04859310 0.04644020 0.00633358 0.01671270 0.02891500
6 0.07823785 0.02676982 0.01936661 0.01361171 0.01910811 0.03952903 0.03334432 0.01902991 0.12431808 0.16854311 0.08184055 0.04073053 0.06064334 0.05845524 0.01803961 0.03917153 0.04035553 0.00810474 0.06107484 0.04972553
7 0.07835394 0.04728272 0.04748452 0.03041251 0.01208811 0.13163506 0.03675512 0.04688362 0.02604101 0.01703741 0.01978561 0.05531162 0.01183791 0.01106210 0.03847652 0.25971312 0.09225914 0.00504385 0.01264851 0.01988761
8 0.04020826 0.01108259 0.00832661 0.00510374 0.01327849 0.01498929 0.01008559 0.00878238 0.00819134 0.28887875 0.14929787 0.01601149 0.05266985 0.03242057 0.00904008 0.02293188 0.03659177 0.00437109 0.01853758 0.24920078
9 0.05210908 0.12440896 0.05144958 0.04028769 0.00763858 0.06528268 0.06094418 0.03037049 0.01543640 0.02918309 0.03347959 0.27907591 0.02021419 0.02223669 0.02024909 0.04778659 0.04616829 0.00624563 0.01708509 0.03034819
10 0.02617189 0.02166579 0.03530249 0.00437568 0.00654499 0.00888733 0.01458130 0.00642787 0.05990388 0.03711429 0.04639258 0.02106399 0.01753309 0.13918395 0.00721547 0.02581089 0.02858689 0.01944719 0.45029885 0.02349159
11 0.06902557 0.04899918 0.02224279 0.04075288 0.00575974 0.09803736 0.05475908 0.04303638 0.01490659 0.02719079 0.03194339 0.20249991 0.01783579 0.03459528 0.02027199 0.04426518 0.03558658 0.11520995 0.03730848 0.03577308
12 0.02799250 0.01431760 0.01234820 0.00456783 0.00616592 0.00631255 0.01123540 0.01066800 0.02100220 0.05495810 0.12180100 0.01886180 0.02136020 0.42995999 0.00517703 0.02469880 0.01810560 0.01942460 0.12103500 0.05000770
13 0.06994690 0.02724090 0.03155990 0.26809801 0.00873788 0.07011220 0.22143200 0.02037490 0.00788338 0.02200680 0.00902648 0.15670400 0.00487409 0.00232444 0.00924587 0.02561900 0.01914980 0.00541221 0.00243463 0.01781660
14 0.05167047 0.03004238 0.05427647 0.41492977 0.01722699 0.03703878 0.25415086 0.01809809 0.01369169 0.00472733 0.00781789 0.02615779 0.00238368 0.00160466 0.00343132 0.02546909 0.02104609 0.00190147 0.00156120 0.01277399
15 0.05009517 0.35166276 0.03885807 0.02058719 0.01291329 0.04643787 0.05018547 0.01689869 0.04362667 0.01699639 0.04377927 0.11676292 0.01921039 0.01692059 0.01789149 0.05245196 0.03492968 0.00945456 0.01971839 0.02061919
16 0.09161037 0.00974027 0.02568959 0.04002229 0.00690925 0.01578329 0.01164300 0.61610080 0.00820206 0.01065500 0.01102080 0.01836549 0.00642157 0.00694717 0.01190260 0.05914218 0.03136829 0.00320903 0.00356588 0.01170110
17 0.06186967 0.01214889 0.01063149 0.00996693 0.01325359 0.01192609 0.01454869 0.01089919 0.00504176 0.23058689 0.11953594 0.01711929 0.04167938 0.03015049 0.01039349 0.03385328 0.04931128 0.00350580 0.01278799 0.30078985
18 0.04333678 0.37886386 0.04388678 0.01179410 0.01281700 0.12710195 0.03902779 0.00900064 0.06100538 0.01107320 0.02517939 0.09986886 0.00819137 0.00872233 0.01264880 0.03737829 0.03796529 0.00276204 0.01880009 0.01057610
19 0.05405049 0.04628029 0.03925799 0.11497297 0.01006800 0.04420049 0.43450690 0.01722630 0.01959440 0.01497630 0.02690229 0.04363959 0.00841755 0.00839867 0.00929403 0.04538589 0.02702649 0.00308697 0.01058010 0.02213430
20 0.03679647 0.00962757 0.00641958 0.00165965 0.01261799 0.00318852 0.00486572 0.00395998 0.00196272 0.15606389 0.38204072 0.00363637 0.06740305 0.05909306 0.00386883 0.01800999 0.02652438 0.00118027 0.01395439 0.18712687
21 0.14444709 0.02881572 0.03058112 0.02485132 0.02756522 0.01735711 0.03157962 0.06474614 0.01957481 0.02253741 0.03118082 0.02714162 0.01398701 0.01645771 0.03675572 0.31226019 0.09951776 0.00411488 0.01181581 0.03471292
22 0.03997100 0.01922510 0.01190200 0.00426310 0.01064990 0.00772901 0.01488140 0.00762875 0.00677830 0.11306400 0.43101701 0.01218890 0.07670140 0.05742570 0.00930963 0.02483960 0.02823030 0.00748169 0.01779060 0.09892260
23 0.05221681 0.12148601 0.05081191 0.03917650 0.00752170 0.06571441 0.05974991 0.03101290 0.01571190 0.03006200 0.03231630 0.27672903 0.02276580 0.02254510 0.02207460 0.04973891 0.04637961 0.00624438 0.01719030 0.03055190
24 0.09369440 0.01051370 0.02649680 0.04033510 0.00663451 0.01632540 0.01231700 0.61703399 0.00799277 0.01023150 0.01032560 0.01861990 0.00609013 0.00691848 0.01158270 0.05886220 0.02958780 0.00298072 0.00283861 0.01061870
25 0.04107260 0.01171070 0.00800508 0.00550739 0.01320130 0.01512070 0.01125790 0.00896217 0.00835281 0.28731599 0.14978000 0.01629230 0.05285450 0.03060490 0.00929069 0.02313810 0.03742970 0.00455329 0.01722890 0.24832099
26 0.34952403 0.02076700 0.02053710 0.02110970 0.02211740 0.02601710 0.03263890 0.09140891 0.01911720 0.03171840 0.03736810 0.02377130 0.01875210 0.01465660 0.02726610 0.11902101 0.05251560 0.00598111 0.01088960 0.05482270
27 0.04944888 0.01098790 0.00799202 0.00178949 0.02023669 0.00735787 0.00965217 0.00601778 0.01178730 0.20450193 0.25655391 0.01108650 0.14349495 0.02015059 0.01269270 0.01680799 0.04492218 0.00221972 0.01190350 0.15039595
28 0.05463162 0.03101491 0.04911892 0.38357616 0.01721461 0.03700292 0.27381511 0.01724841 0.01308731 0.00564896 0.00967266 0.03094651 0.00258144 0.00166941 0.00423004 0.03038951 0.01989021 0.00193270 0.00190428 0.01442431
29 0.03096349 0.00635928 0.00237961 0.00088751 0.01114740 0.01155130 0.00240395 0.00182211 0.00130130 0.36350294 0.09926298 0.00388993 0.03326459 0.01261360 0.00343676 0.01464140 0.02762090 0.00308755 0.00568946 0.36417394
30 0.03718159 0.01850759 0.00926558 0.00726422 0.01218900 0.03197599 0.08534107 0.00575262 0.01597429 0.16268494 0.32538689 0.02584309 0.09305867 0.01386590 0.01782489 0.02277039 0.05630058 0.00175198 0.00802004 0.04904068
31 0.09246851 0.00997531 0.02612250 0.03979340 0.00683732 0.01473470 0.01157330 0.62053105 0.00757840 0.01055090 0.01002180 0.01770240 0.00606639 0.00654616 0.01142520 0.05993490 0.03071040 0.00293597 0.00352867 0.01096270
32 0.06020706 0.01282109 0.01069799 0.01079349 0.01357229 0.01248469 0.01574609 0.01066709 0.00479668 0.22933986 0.11964593 0.01781529 0.04143517 0.02825938 0.01031409 0.03453888 0.04957687 0.00322574 0.01214649 0.30191581
33 0.02980730 0.00833865 0.00529996 0.00080971 0.01375110 0.00398523 0.00962024 0.00260097 0.00423875 0.19131401 0.39813001 0.00481356 0.10436300 0.03434800 0.00519784 0.01319140 0.03176930 0.00110946 0.01060050 0.12671100
34 0.04037710 0.13633099 0.02601560 0.00710248 0.01632010 0.03545230 0.01482790 0.01840620 0.01148300 0.01954740 0.02902220 0.04520320 0.01470890 0.00808891 0.41459798 0.09786130 0.03450860 0.01086160 0.00654055 0.01274370
35 0.01562469 0.00462553 0.00615978 0.00135910 0.00466509 0.00152335 0.00736605 0.00324550 0.02650848 0.04897127 0.06836275 0.00766437 0.01130059 0.50681666 0.00185509 0.00910649 0.01273909 0.01384389 0.21989785 0.02836438
36 0.08849149 0.08776069 0.04572300 0.04485480 0.01407670 0.04459870 0.05222039 0.03174010 0.15094798 0.03216070 0.03517950 0.03416050 0.03250820 0.04823980 0.01579550 0.07548709 0.04012350 0.01094560 0.09490289 0.02008290
37 0.14013511 0.02795972 0.03048822 0.02601362 0.02734252 0.01819641 0.03050062 0.06281185 0.01910161 0.02355922 0.03086822 0.02731242 0.01362021 0.01710741 0.03439523 0.31477524 0.10305908 0.00464835 0.01173061 0.03637433
38 0.02571840 0.02341330 0.03472050 0.00470826 0.00657058 0.00941099 0.01440320 0.00717570 0.06094630 0.03755980 0.04406720 0.02211100 0.01775040 0.13916399 0.00777915 0.02534990 0.02830060 0.01799790 0.44893696 0.02391590
39 0.03262580 0.38712897 0.04898650 0.00939105 0.00757849 0.06634800 0.03047110 0.01166760 0.12810199 0.00871256 0.01927400 0.05682670 0.00768621 0.00829945 0.00662059 0.03271170 0.07216089 0.00417622 0.04532830 0.01590390
40 0.02886169 0.01440339 0.01212990 0.00510811 0.00626802 0.00657109 0.01159330 0.01012970 0.02122129 0.05435078 0.12085296 0.01988589 0.02311449 0.42599085 0.00513743 0.02585049 0.01850189 0.01931889 0.12000296 0.05070688
41 0.08490968 0.06145739 0.06645859 0.05231859 0.00739041 0.24697795 0.08719548 0.03808669 0.02872569 0.03602259 0.02667959 0.09045718 0.01436700 0.01008210 0.02354380 0.04135079 0.03532889 0.00673579 0.01250860 0.02940319
42 0.07049645 0.02078499 0.02065599 0.02087129 0.01223479 0.01258159 0.02162589 0.05703976 0.02303738 0.02659078 0.08156105 0.02892678 0.02408138 0.17209888 0.01583249 0.26872082 0.04550327 0.00730167 0.03253498 0.03751977
43 0.02636680 0.02376380 0.03481240 0.00451509 0.00671072 0.00966555 0.01544950 0.00691868 0.05980180 0.03709960 0.04452790 0.02026170 0.01751920 0.14082901 0.00781268 0.02560340 0.02837090 0.01928840 0.44705904 0.02362380
44 0.03982781 0.01892000 0.01075550 0.00430302 0.01031500 0.00756911 0.01427890 0.00762808 0.00633757 0.11167702 0.43510207 0.01234210 0.07704941 0.05716461 0.00927936 0.02510710 0.02775180 0.00698590 0.01770660 0.09989902
45 0.02853750 0.01551820 0.01285230 0.00472899 0.00628965 0.00672321 0.01178250 0.01072230 0.02153710 0.05432040 0.12174199 0.02083020 0.02357450 0.42322797 0.00539361 0.02544680 0.01863620 0.01878730 0.11908999 0.05025930
46 0.04010923 0.01954812 0.01139081 0.00478899 0.01008791 0.00805346 0.01570881 0.00757379 0.00642756 0.11011709 0.43695235 0.01365361 0.07696036 0.05615744 0.00897450 0.02528472 0.02775712 0.00646186 0.01681991 0.09717238
47 0.08690267 0.06012998 0.06484518 0.05362638 0.00685799 0.24369391 0.08645707 0.04072659 0.02824189 0.03511749 0.02769099 0.08949687 0.01437339 0.01054680 0.02282969 0.04238099 0.03554599 0.00729596 0.01289780 0.03034239
48 0.02961160 0.00627359 0.00233677 0.00083590 0.01057330 0.01151870 0.00221163 0.00164316 0.00136825 0.36976802 0.09512160 0.00374931 0.03069790 0.01196100 0.00320522 0.01439320 0.02627260 0.00304099 0.00520123 0.37021602
49 0.04710569 0.05122309 0.05058139 0.01556990 0.00891035 0.03390849 0.02037070 0.04928469 0.00953995 0.02049220 0.02483309 0.13879597 0.01139990 0.01035960 0.02599689 0.23508294 0.20017095 0.00338194 0.01275080 0.03024149
50 0.05065919 0.02985490 0.05449799 0.42257895 0.01713130 0.03624210 0.25385197 0.01785040 0.01374340 0.00466970 0.00676614 0.02419520 0.00237386 0.00134020 0.00295978 0.02456710 0.02149340 0.00172447 0.00133126 0.01216870
51 0.03615631 0.00909750 0.00615087 0.00204397 0.01398360 0.00519121 0.00499940 0.00375273 0.00206892 0.20734205 0.28657607 0.00470699 0.06162951 0.04903401 0.00410103 0.01848210 0.03054471 0.00179734 0.01325260 0.23908906
52 0.08541139 0.08622889 0.04529150 0.04561450 0.01492560 0.04410750 0.05369149 0.03157220 0.14603299 0.03146380 0.03640430 0.03492580 0.03268700 0.04945810 0.01558030 0.07395369 0.04170800 0.01203180 0.09925969 0.01965150
53 0.04024502 0.01165721 0.00789851 0.00484930 0.01322711 0.01600191 0.01122470 0.00855964 0.00857918 0.28650612 0.14694206 0.01705191 0.05177312 0.03240411 0.00947302 0.02386661 0.03747872 0.00446452 0.01949611 0.24830111
54 0.03377630 0.04851140 0.29485299 0.03546620 0.00704767 0.03112060 0.01768460 0.02381280 0.02579830 0.01731280 0.05588900 0.06092090 0.02007880 0.13318699 0.01501060 0.04391440 0.03746560 0.00679838 0.06983590 0.02151580
55 0.34454683 0.02229539 0.01974879 0.02080079 0.02251989 0.02699859 0.03324498 0.08860516 0.01952859 0.03265288 0.03958278 0.02368779 0.01923229 0.01383329 0.02810679 0.12076294 0.05264337 0.00592690 0.01099889 0.05428307
56 0.06096866 0.01209859 0.01532589 0.00676125 0.01787199 0.01088699 0.01360179 0.01241589 0.00820799 0.20981985 0.13199191 0.02580618 0.06549705 0.01620859 0.01449819 0.04512287 0.11994392 0.00315635 0.02005019 0.18976587
57 0.14405815 0.02689773 0.02905783 0.02484663 0.02757553 0.01772412 0.03026943 0.06295467 0.01884642 0.02253852 0.03305433 0.02639263 0.01370341 0.01697012 0.03633524 0.31332033 0.10194811 0.00497206 0.01267361 0.03586114
58 0.07596070 0.01135340 0.01168990 0.00647603 0.01528360 0.00702633 0.01566690 0.02172370 0.00798339 0.11564000 0.06356450 0.01713100 0.03629690 0.01306620 0.01202670 0.08447420 0.21685901 0.00224111 0.01796740 0.24756901
59 0.04781582 0.01159111 0.00786536 0.00184800 0.02030011 0.00712763 0.00962079 0.00572733 0.01226861 0.20543610 0.25919012 0.01038330 0.15167707 0.01819761 0.01359621 0.01657061 0.04419592 0.00238311 0.01067911 0.14352607
60 0.06559191 0.06830132 0.04390891 0.05172231 0.00433035 0.17304604 0.06691301 0.03602971 0.01490600 0.03548511 0.01824740 0.27365306 0.01152010 0.01442430 0.01431520 0.03006441 0.04010481 0.00842183 0.00989670 0.01911750
61 0.02013281 0.00477612 0.00399564 0.00185986 0.00662176 0.00285871 0.00621089 0.00438965 0.01788731 0.10498406 0.14734209 0.00654076 0.02592802 0.42047025 0.00229982 0.01348411 0.01606541 0.00280169 0.10712106 0.08422995
62 0.08613172 0.06205161 0.06343741 0.05230911 0.00735229 0.24516305 0.08875342 0.04002601 0.02852621 0.03504701 0.02842371 0.08965992 0.01417950 0.01129960 0.02404100 0.04216091 0.03516411 0.00690512 0.01157570 0.02779261
63 0.04138691 0.01190960 0.00857515 0.00580022 0.01322590 0.01548410 0.01095630 0.00852043 0.00772287 0.28857508 0.14532704 0.01629630 0.05213561 0.03137971 0.00956765 0.02392631 0.03679621 0.00434742 0.01732510 0.25074207
64 0.05258028 0.04854278 0.27729288 0.08715346 0.01126990 0.05985407 0.05647108 0.04599448 0.02646729 0.01796529 0.03478109 0.06265967 0.01556149 0.01863529 0.01475899 0.06420887 0.04507668 0.00313262 0.03311519 0.02447859
65 0.03886557 0.02145269 0.01601799 0.01270069 0.00967735 0.02269239 0.10969893 0.01084429 0.01558229 0.10410193 0.32074779 0.02644808 0.07498075 0.01052169 0.02297858 0.04181117 0.09690174 0.00184974 0.00660006 0.03552628
66 0.05285727 0.04625507 0.03979898 0.11598493 0.00971402 0.04415607 0.43581173 0.01675519 0.01886109 0.01531929 0.02731308 0.04176867 0.00846210 0.00921857 0.00951113 0.04551837 0.02609148 0.00272856 0.01090939 0.02296499
67 0.05056878 0.02733429 0.07761707 0.35350784 0.01621389 0.04199698 0.17360292 0.05552158 0.02337119 0.00978721 0.01137979 0.03873658 0.00548946 0.00551900 0.00770504 0.04669658 0.02822659 0.00330209 0.00403155 0.01939159
68 0.33921596 0.01094110 0.01853490 0.01136020 0.03515560 0.00966536 0.01649600 0.08193669 0.02708950 0.01358710 0.01226060 0.00829715 0.00852133 0.00702696 0.02053550 0.27370197 0.07533289 0.00228637 0.00508554 0.02296930
69 0.09419038 0.03333733 0.03202843 0.02325982 0.01377341 0.02373652 0.03121663 0.04998164 0.01797951 0.05498325 0.05575835 0.04182483 0.02668192 0.01857162 0.02054962 0.15483913 0.19805716 0.00686919 0.02218102 0.08018027
70 0.05632167 0.02984118 0.01864379 0.00803679 0.01808619 0.01435669 0.01624829 0.01605479 0.02123639 0.12722692 0.23115986 0.03076728 0.14667891 0.03590838 0.01753079 0.03395458 0.04224448 0.01003599 0.01966109 0.10600594
71 0.04925934 0.18612415 0.13392111 0.01397091 0.01799711 0.15289012 0.02083672 0.01311591 0.02652592 0.01210061 0.03862483 0.07343086 0.01082621 0.01479771 0.11902409 0.05525624 0.03537783 0.00340451 0.01211331 0.01040251
72 0.03906752 0.02545241 0.09012445 0.30378316 0.01287991 0.04953303 0.09149395 0.05062083 0.09130755 0.01369551 0.01048921 0.02572761 0.01269981 0.00994211 0.00696105 0.05266443 0.08615075 0.00329893 0.00784039 0.01626741
73 0.05274857 0.04529528 0.04048538 0.11807494 0.00975299 0.04642058 0.43035978 0.01699439 0.01935179 0.01516749 0.02841899 0.04304828 0.00843318 0.00836117 0.00905471 0.04593778 0.02692879 0.00294775 0.01029239 0.02192579
74 0.03506187 0.04202257 0.09726022 0.13929689 0.01052669 0.03206017 0.43905064 0.01446449 0.02053538 0.00701387 0.01491249 0.02617578 0.00512353 0.00511822 0.00669325 0.04996856 0.02289988 0.00155316 0.00869736 0.02156498
75 0.02854031 0.01494181 0.01147281 0.00490803 0.00588346 0.00587711 0.01144631 0.00957053 0.02165681 0.05517173 0.12139906 0.01803641 0.02242591 0.42986321 0.00491319 0.02451051 0.01840311 0.01875401 0.12273506 0.04949062
76 0.34760193 0.02296070 0.01974930 0.02045570 0.02245250 0.02537689 0.03243319 0.09293708 0.01925740 0.03239299 0.03781939 0.02236100 0.01906420 0.01414910 0.02748419 0.12020898 0.05192329 0.00520870 0.01059810 0.05556539
77 0.03279979 0.01226130 0.00840611 0.00098894 0.01249060 0.00248331 0.01008830 0.00361376 0.00487099 0.13739096 0.46868985 0.00575741 0.13313996 0.02602639 0.00650325 0.01483610 0.03180619 0.00085178 0.00878936 0.07820568
78 0.10905608 0.01716951 0.02735942 0.04192103 0.00214287 0.21373315 0.05622824 0.14471410 0.00900204 0.01681751 0.00947865 0.19176113 0.00730168 0.02043641 0.01743301 0.03010392 0.02280252 0.01706581 0.00579089 0.03968203
79 0.26511096 0.01006480 0.01389400 0.01123400 0.01849480 0.00727007 0.02294170 0.04722509 0.01002450 0.05369969 0.03058640 0.01288560 0.02520450 0.00965375 0.03165790 0.17008297 0.09370749 0.00294484 0.00747599 0.15584098
80 0.35767067 0.01662698 0.00900196 0.00828971 0.01240759 0.01864938 0.01899408 0.19400482 0.01849228 0.06487074 0.02081048 0.01618729 0.01690608 0.00743795 0.02603588 0.09243702 0.04971395 0.00844019 0.00490146 0.03812147
81 0.03946301 0.07476492 0.04199401 0.01212950 0.00641845 0.04601122 0.02317081 0.03429181 0.01767741 0.01844471 0.04313441 0.23136308 0.04656142 0.19854107 0.02175181 0.04393421 0.02839101 0.00903782 0.04099391 0.02192541
82 0.03417943 0.00765140 0.00608696 0.00043678 0.01830651 0.00263906 0.00971101 0.00225850 0.00462706 0.19497215 0.37409029 0.00467140 0.13685411 0.01923622 0.00632946 0.01118551 0.03997203 0.00057661 0.00930641 0.11690909
83 0.02639661 0.02213031 0.03557291 0.00421262 0.00674812 0.00927757 0.01427920 0.00649434 0.05939442 0.03714161 0.04472091 0.02032291 0.01785931 0.13947704 0.00735666 0.02432241 0.02811181 0.01739861 0.45479213 0.02399051
84 0.08533813 0.06270202 0.06547922 0.05145272 0.00715208 0.24325609 0.08412893 0.03968011 0.02866921 0.03652231 0.02813861 0.09195153 0.01439071 0.01022890 0.02332431 0.04248512 0.03644381 0.00638625 0.01197750 0.03029241
85 0.05321871 0.04580281 0.03891501 0.11448003 0.00949426 0.04692311 0.43207912 0.01737570 0.01989661 0.01509610 0.02689381 0.04221341 0.00910560 0.00838108 0.00960415 0.04578631 0.02793251 0.00347094 0.01086190 0.02246881
86 0.03926798 0.01710619 0.01530319 0.00338841 0.01345399 0.00645532 0.02165299 0.00804052 0.00675283 0.13056193 0.37039680 0.01648799 0.09906675 0.02802489 0.01396159 0.03174808 0.07494566 0.00327115 0.01207899 0.08803475
87 0.02772671 0.00641545 0.00215575 0.00069090 0.01014480 0.01200240 0.00192002 0.00154419 0.00109562 0.37666016 0.09319744 0.00351619 0.02895971 0.01071270 0.00287211 0.01401061 0.02461071 0.00311833 0.00497003 0.37367615
88 0.04943099 0.35167893 0.03829609 0.02044180 0.01277490 0.04454309 0.04804729 0.01745090 0.04365789 0.01868020 0.04299029 0.11993998 0.01888000 0.01832880 0.01631160 0.05156639 0.03589569 0.01055030 0.01941330 0.02112160
89 0.14487401 0.02875370 0.03129630 0.02680000 0.02748490 0.01674550 0.03050790 0.06436710 0.01984390 0.02299370 0.03086960 0.02722040 0.01405550 0.01601900 0.03267660 0.31344901 0.10186700 0.00471096 0.01154400 0.03392090
90 0.05174243 0.02993222 0.05426554 0.41162927 0.01696041 0.03707092 0.25474717 0.01828811 0.01367261 0.00499361 0.00784805 0.02724322 0.00239954 0.00151123 0.00317013 0.02650732 0.02154071 0.00173759 0.00148440 0.01325551
91 0.06168800 0.01205850 0.01035990 0.01063470 0.01309350 0.01272750 0.01550750 0.01082010 0.00484692 0.23120200 0.11801600 0.01693340 0.04188280 0.02745050 0.00988272 0.03424110 0.04965810 0.00326887 0.01205390 0.30367400
92 0.04024519 0.01840579 0.01175630 0.00473581 0.01080330 0.00806446 0.01581119 0.00759621 0.00638758 0.11260196 0.42760885 0.01238010 0.07685067 0.05781918 0.00918771 0.02552599 0.02910509 0.00767277 0.01816289 0.09927897
93 0.05384900 0.12251100 0.05297260 0.03866080 0.00784506 0.06544350 0.06016800 0.03130700 0.01576590 0.02926630 0.03238780 0.27453699 0.02182660 0.02310140 0.02225390 0.04851760 0.04736330 0.00579738 0.01647620 0.02994970
94 0.02520491 0.00608499 0.00278852 0.00036247 0.01289091 0.00920952 0.00206483 0.00118653 0.00113272 0.34328116 0.15622407 0.00260068 0.04591092 0.01922851 0.00219162 0.01110031 0.02292491 0.00247962 0.00735063 0.32578215
95 0.05322817 0.04814798 0.27868986 0.08534206 0.01180229 0.05927467 0.05426607 0.04770468 0.02671149 0.01753189 0.03538728 0.06163597 0.01596219 0.01901189 0.01467759 0.06619337 0.04414338 0.00299320 0.03370328 0.02359269
96 0.03504140 0.08997519 0.17660098 0.04099960 0.00592232 0.05654569 0.02984070 0.03664680 0.01441940 0.03134870 0.02974420 0.25146797 0.01631360 0.01820280 0.01351490 0.05044499 0.05969469 0.00256928 0.02140400 0.01930280
97 0.02566752 0.00607233 0.00287278 0.00035233 0.01302971 0.00897780 0.00208359 0.00126969 0.00110075 0.33868425 0.16153012 0.00276902 0.04702023 0.01976951 0.00225532 0.01125091 0.02338232 0.00244526 0.00736632 0.32210024
98 0.04051428 0.01850809 0.01229889 0.00523982 0.01031290 0.00726929 0.01526609 0.00751919 0.00723141 0.10960895 0.43145480 0.01257759 0.07665036 0.05746117 0.01060880 0.02688919 0.02766749 0.00738696 0.01843369 0.09710105
99 0.07096038 0.03004039 0.26498392 0.05968068 0.02245229 0.03683569 0.03963269 0.04824798 0.02004049 0.01069240 0.02367089 0.04948498 0.00991364 0.01339270 0.02158219 0.18548494 0.05101598 0.00239798 0.01228740 0.02720239
100 0.04792534 0.07998837 0.03054963 0.04265344 0.00585213 0.07887707 0.16688915 0.01732922 0.08441978 0.03494633 0.02685912 0.22317321 0.02421712 0.01187871 0.01133411 0.03008903 0.04344554 0.00485636 0.01568661 0.01902972
101 0.05204287 0.04498327 0.03943878 0.11763293 0.00992277 0.04464567 0.43938974 0.01642549 0.01900179 0.01455769 0.02674908 0.04077638 0.00914999 0.00872690 0.00957995 0.04503747 0.02690468 0.00261145 0.01104809 0.02137499
102 0.04181171 0.11251303 0.05196841 0.02897261 0.01142390 0.04247181 0.03483591 0.03596891 0.01208420 0.02022460 0.02970791 0.24325506 0.01900660 0.01992670 0.03613741 0.14647203 0.06357591 0.00518767 0.01442410 0.03003151
103 0.03886969 0.01904969 0.01210490 0.00467856 0.01012610 0.00774790 0.01551920 0.00704432 0.00648814 0.11231397 0.43490288 0.01255280 0.07862218 0.05659068 0.00928697 0.02447679 0.02804839 0.00680628 0.01747930 0.09729127
104 0.09476622 0.01083240 0.02586600 0.03980001 0.00688945 0.01541720 0.01229480 0.61323910 0.00816628 0.01028970 0.01080760 0.01822690 0.00635586 0.00651739 0.01179750 0.05957951 0.03080800 0.00290038 0.00411888 0.01132680
105 0.27266704 0.02490340 0.02230440 0.08570521 0.01567730 0.05485921 0.17387603 0.05473501 0.01872520 0.01669660 0.02392150 0.04346911 0.01167860 0.00616214 0.02295680 0.06837581 0.03414911 0.00395264 0.00667796 0.03850691
106 0.05424227 0.04565687 0.03966188 0.11276193 0.00962303 0.04595867 0.43313173 0.01706249 0.01989509 0.01508549 0.02658098 0.04456547 0.00881123 0.00923802 0.00988512 0.04669627 0.02665098 0.00291549 0.01054409 0.02103289
107 0.03931091 0.01146670 0.00804542 0.00531358 0.01341331 0.01531901 0.01043120 0.00898089 0.00807926 0.28902411 0.14905806 0.01556021 0.05312562 0.03172081 0.00929354 0.02394761 0.03688501 0.00404783 0.01698181 0.24999509
108 0.05355289 0.05059159 0.01016960 0.01276290 0.00494032 0.01752390 0.01488330 0.02145620 0.02070140 0.02702019 0.07598278 0.02346639 0.03534529 0.10016698 0.01802040 0.03205099 0.03876439 0.34928692 0.07092088 0.02239270
109 0.03026769 0.00628951 0.00253040 0.00085142 0.01091940 0.01138130 0.00224385 0.00190809 0.00130969 0.36365287 0.10038096 0.00371678 0.03265659 0.01311860 0.00328877 0.01463489 0.02779249 0.00306363 0.00593422 0.36405887
110 0.05941613 0.02919522 0.01794561 0.00707343 0.01778941 0.01426981 0.01572841 0.01727601 0.02143341 0.12786707 0.22672012 0.02999512 0.14613908 0.03564412 0.01663251 0.03502512 0.04249562 0.00998835 0.02102541 0.10834006
111 0.05134288 0.05523208 0.03545309 0.01409210 0.01601739 0.13300495 0.04863678 0.01495999 0.02906169 0.04087649 0.13435495 0.04926968 0.02643849 0.01690939 0.19756493 0.06484118 0.03707929 0.00505198 0.00956597 0.02024669
112 0.03957319 0.01857189 0.01147800 0.00449337 0.01015770 0.00730599 0.01518660 0.00778427 0.00621786 0.11243197 0.43643788 0.01202810 0.07685318 0.05624188 0.01009630 0.02570139 0.02791289 0.00608468 0.01657030 0.09887257
113 0.12408499 0.01121410 0.01618360 0.00799725 0.01429220 0.01429620 0.01387520 0.06356959 0.00809337 0.01580540 0.01388050 0.01851850 0.00732839 0.00649381 0.01392820 0.38280095 0.22746497 0.00145512 0.00566538 0.03305230
114 0.08573666 0.06111897 0.06530177 0.05112868 0.00722542 0.24313890 0.08583056 0.04024408 0.02700119 0.03629788 0.02768299 0.09089966 0.01501449 0.01053780 0.02302589 0.04412228 0.03685338 0.00719570 0.01129670 0.03034699
115 0.06102349 0.01245890 0.01072990 0.01042750 0.01362020 0.01204000 0.01528180 0.01161920 0.00517140 0.22798197 0.12154699 0.01701710 0.04163400 0.02879000 0.01020560 0.03488200 0.05035899 0.00336112 0.01231090 0.29953896
116 0.13641709 0.03690423 0.02897232 0.04129533 0.12796209 0.01507571 0.03565332 0.03564182 0.01969721 0.06599334 0.07151855 0.02193651 0.03838173 0.01977711 0.03592022 0.13277809 0.04613603 0.00419302 0.01528701 0.07045925
117 0.08484897 0.05983518 0.06782408 0.05330548 0.00752533 0.24315391 0.08771697 0.04028889 0.03020109 0.03580569 0.02791589 0.08847907 0.01486759 0.01044440 0.02243919 0.04126359 0.03600179 0.00712412 0.01194000 0.02901879
118 0.06877235 0.09789687 0.01312611 0.01066781 0.00848234 0.02510882 0.01469271 0.15586312 0.02005051 0.04446193 0.02196092 0.02608672 0.11177508 0.02375572 0.03891473 0.07446776 0.03781153 0.17700613 0.00778174 0.02131712
119 0.03938411 0.01895570 0.01163150 0.00398541 0.01028960 0.00766440 0.01482970 0.00726105 0.00660366 0.10971002 0.43582407 0.01256590 0.07793931 0.05849301 0.00957723 0.02517310 0.02844060 0.00787959 0.01830820 0.09548382
120 0.34973793 0.02165030 0.02005880 0.01945850 0.02201820 0.02529730 0.03221549 0.09283748 0.01920440 0.03201539 0.03957309 0.02327910 0.01865450 0.01369670 0.02653229 0.12010898 0.05210929 0.00603009 0.01148470 0.05403749
121 0.34966893 0.02297320 0.02054910 0.02049700 0.02141730 0.02535410 0.03203469 0.09032118 0.02041440 0.03179899 0.03824979 0.02326790 0.01832910 0.01434220 0.02672779 0.12120398 0.05142459 0.00625069 0.01081920 0.05435589
122 0.09445074 0.01042459 0.02700138 0.04023208 0.00670601 0.01562839 0.01192129 0.60963862 0.00880361 0.01051029 0.01058089 0.01792059 0.00606878 0.00670604 0.01126489 0.06161256 0.03227728 0.00319659 0.00316908 0.01188629
123 0.06302830 0.01173660 0.01564120 0.00552145 0.01766130 0.01169980 0.01393050 0.01316820 0.00855432 0.21033099 0.13036999 0.02444830 0.06557240 0.01683870 0.01463560 0.04527650 0.11983899 0.00295670 0.01972920 0.18906099
124 0.04064341 0.01109070 0.00834321 0.00579442 0.01354820 0.01505021 0.01100020 0.00915467 0.00782924 0.28640010 0.14904505 0.01621721 0.05160422 0.03248651 0.00972202 0.02374501 0.03617221 0.00418770 0.01772861 0.25023709
125 0.03531571 0.00820110 0.00593299 0.00172828 0.01433510 0.00505161 0.00430660 0.00326994 0.00197122 0.21110305 0.28538507 0.00408601 0.06109882 0.04705601 0.00387555 0.01765950 0.03016641 0.00158504 0.01312990 0.24474206
126 0.05993007 0.02863328 0.01766699 0.00793896 0.01868799 0.01352719 0.01626049 0.01682409 0.02130279 0.12651893 0.22577087 0.02970358 0.14649892 0.03626068 0.01706439 0.03447428 0.04271738 0.01036149 0.02213469 0.10772294
127 0.14318895 0.02974539 0.03029769 0.02530189 0.02723869 0.01760659 0.03244759 0.06534108 0.01977659 0.02301149 0.03181729 0.02713109 0.01387090 0.01587789 0.03520909 0.31083590 0.10021297 0.00482723 0.01224970 0.03401199
128 0.05138101 0.04776911 0.28139405 0.08678931 0.01138290 0.05822361 0.05421751 0.04631491 0.02571140 0.01734520 0.03536211 0.06249431 0.01615030 0.01886700 0.01450060 0.06422571 0.04441171 0.00318044 0.03560411 0.02467470
129 0.04013091 0.01842460 0.01126800 0.00428148 0.01031020 0.00732379 0.01436250 0.00698665 0.00662715 0.11322203 0.43326910 0.01247650 0.07724352 0.05794831 0.00930220 0.02570121 0.02724281 0.00686070 0.01831740 0.09870092
130 0.02875050 0.00628073 0.00228260 0.00078304 0.01062150 0.01162650 0.00213626 0.00180338 0.00140754 0.37040194 0.09696748 0.00362221 0.03070370 0.01174480 0.00305690 0.01424400 0.02569380 0.00304507 0.00535313 0.36947494
131 0.04820639 0.35441292 0.03928419 0.02340249 0.01262690 0.04590029 0.04770719 0.01653410 0.04441759 0.01746590 0.04196709 0.11772997 0.01876550 0.01806770 0.01686310 0.05275089 0.03474709 0.00947282 0.01913160 0.02054630
132 0.04004560 0.01935600 0.01174560 0.00457042 0.01052940 0.00761116 0.01606820 0.00693271 0.00699619 0.11108599 0.43631197 0.01203120 0.07701029 0.05769490 0.00913255 0.02443740 0.02745070 0.00696395 0.01772140 0.09630439
133 0.04908052 0.02701341 0.07659683 0.35666516 0.01577021 0.04220052 0.17490808 0.05408332 0.02340581 0.01029270 0.01179031 0.03821012 0.00518721 0.00558870 0.00836113 0.04527762 0.02872871 0.00337829 0.00438712 0.01907421
134 0.06069518 0.01435210 0.01777500 0.01321190 0.00758187 0.02777129 0.01857109 0.09139297 0.01016510 0.04352099 0.13219596 0.04303919 0.02907289 0.18228295 0.01385940 0.07938248 0.03949259 0.00570591 0.02736819 0.14256296
135 0.03896592 0.01889961 0.01140811 0.00478655 0.01002371 0.00722695 0.01488731 0.00689293 0.00640098 0.11174107 0.43772126 0.01197971 0.07694285 0.05617023 0.01008311 0.02517491 0.02725372 0.00754050 0.01734111 0.09855946
136 0.02678230 0.02381350 0.03441860 0.00451002 0.00640070 0.00989593 0.01467020 0.00680716 0.05974560 0.03751240 0.04568960 0.02085630 0.01744570 0.13928801 0.00796433 0.02561600 0.02874050 0.01886500 0.44615403 0.02482410
137 0.03892670 0.01921770 0.01181970 0.00460949 0.01031240 0.00714597 0.01497780 0.00685802 0.00642434 0.11272299 0.43134996 0.01294070 0.07677429 0.05950739 0.00968675 0.02557790 0.02781140 0.00715753 0.01754060 0.09863839
138 0.02710140 0.01343050 0.01262870 0.00493407 0.00606755 0.00633662 0.01140190 0.00978759 0.02189480 0.05594380 0.12035900 0.01813800 0.02229800 0.42981499 0.00515519 0.02423750 0.01801010 0.01803500 0.12295200 0.05147330
139 0.08833394 0.06614693 0.02508761 0.02147791 0.01095731 0.02170151 0.01742191 0.24481312 0.02555191 0.04181082 0.05400183 0.03268952 0.11489105 0.02153351 0.02401751 0.08250974 0.04506732 0.01945251 0.00874533 0.03378872
140 0.02840588 0.01483289 0.01222489 0.00501421 0.00644206 0.00639270 0.01071309 0.01023159 0.02206199 0.05509237 0.12150394 0.01942839 0.02230589 0.42738677 0.00503316 0.02586329 0.01814049 0.01835419 0.12019394 0.05037827
141 0.08315231 0.01688100 0.01348910 0.01015780 0.10838501 0.00926124 0.01282610 0.01148120 0.02211480 0.12949102 0.16142802 0.01422610 0.13609402 0.01912980 0.02263270 0.04457661 0.04235261 0.00284583 0.01445470 0.12502002
142 0.03115861 0.00643657 0.00236388 0.00082992 0.01115980 0.01129530 0.00233981 0.00182044 0.00131246 0.36250210 0.10151403 0.00354015 0.03320851 0.01374530 0.00343937 0.01452490 0.02708351 0.00311214 0.00598008 0.36263310
143 0.09477166 0.01018470 0.02610969 0.03952729 0.00685409 0.01683629 0.01179680 0.61451677 0.00777869 0.01030010 0.00986417 0.01833919 0.00618125 0.00639873 0.01161440 0.05995048 0.03016239 0.00360711 0.00338583 0.01182040
144 0.36764094 0.00986120 0.01645730 0.00959135 0.03377739 0.00805824 0.01615270 0.08666589 0.02625570 0.01205300 0.01131580 0.00734893 0.00794792 0.00613873 0.02030740 0.26041996 0.07076909 0.00222784 0.00499835 0.02201230
145 0.13239095 0.01453889 0.10329596 0.05233368 0.08446337 0.00882097 0.01696499 0.15787994 0.01425829 0.00816801 0.00977425 0.02437239 0.00696265 0.00683705 0.01651949 0.27558489 0.04793518 0.00221357 0.00454940 0.01213610
146 0.02557062 0.00635806 0.00213194 0.00073578 0.00963919 0.01232321 0.00198610 0.00137454 0.00124696 0.38472424 0.09377336 0.00339860 0.02782162 0.01026711 0.00274117 0.01310151 0.02200071 0.00321992 0.00451214 0.37307323
147 0.29136105 0.01130640 0.01804130 0.01126220 0.03693191 0.00862989 0.01625080 0.06930691 0.02427240 0.01230670 0.01282140 0.00797751 0.00875176 0.00755419 0.01960900 0.32518106 0.09050962 0.00204575 0.00503053 0.02084960
148 0.11493790 0.02990257 0.02080598 0.02337598 0.01071019 0.02308318 0.02298518 0.24308778 0.01808838 0.12241889 0.04739366 0.03159917 0.03383617 0.01890388 0.02822077 0.07666213 0.05482655 0.01263559 0.01100539 0.05552065
149 0.03908748 0.01934079 0.01129090 0.00458790 0.01045790 0.00739433 0.01445799 0.00743114 0.00648950 0.11367395 0.43512781 0.01267329 0.07759657 0.05623068 0.00897844 0.02408649 0.02768019 0.00677642 0.01708509 0.09955316
150 0.03195389 0.01163190 0.00784738 0.00080604 0.01187510 0.00193024 0.01010970 0.00365263 0.00425258 0.13618597 0.47933788 0.00476476 0.13490997 0.02575849 0.00608723 0.01377660 0.03109459 0.00079121 0.00823647 0.07499738
151 0.06801011 0.02639940 0.01722770 0.01079800 0.01522610 0.02646030 0.01681660 0.02251550 0.00973501 0.02328360 0.03176951 0.03182631 0.01559080 0.00801498 0.49484409 0.10661702 0.03599361 0.00597313 0.00878490 0.02411330
152 0.05035298 0.35399789 0.03832099 0.02192399 0.01280720 0.04426869 0.04990129 0.01655140 0.04412709 0.01826069 0.04330849 0.11748496 0.01900689 0.01739579 0.01669909 0.05055268 0.03475629 0.01079970 0.01806829 0.02141559
153 0.06504408 0.02741619 0.01700069 0.01062760 0.01592539 0.02675519 0.01642069 0.02333769 0.00946662 0.02308489 0.03194579 0.03109419 0.01572159 0.00819890 0.49845582 0.10422996 0.03503489 0.00585193 0.00898431 0.02540359
154 0.02763309 0.01460460 0.01217000 0.00498218 0.00616071 0.00669184 0.01203260 0.01056470 0.02242649 0.05562119 0.12156897 0.01828090 0.02276979 0.42739689 0.00496413 0.02497639 0.01834480 0.01879650 0.11930697 0.05070729
155 0.22375396 0.23827095 0.02905709 0.02068910 0.01427920 0.04191459 0.04075119 0.03779909 0.03050769 0.01829840 0.03165319 0.06901619 0.01555510 0.02407850 0.02086990 0.06374289 0.03512199 0.00944660 0.01088200 0.02431240
156 0.05245511 0.04688151 0.28165503 0.08398691 0.01159610 0.06032281 0.05201441 0.04757201 0.02618000 0.01839430 0.03602900 0.06240661 0.01598440 0.01939790 0.01469250 0.06611551 0.04475841 0.00288658 0.03238300 0.02428790
157 0.04612460 0.00584387 0.00631199 0.00035187 0.02327620 0.00253007 0.00406980 0.00186972 0.00196717 0.21035799 0.27302099 0.00254645 0.10961600 0.03036470 0.00484237 0.01246510 0.04193150 0.00054932 0.01380530 0.20815499
158 0.01579210 0.00532504 0.00734529 0.00152405 0.00472660 0.00180565 0.00729048 0.00332161 0.02843361 0.04745151 0.06853642 0.00817984 0.01136450 0.47907012 0.00240132 0.00966796 0.01315990 0.01770950 0.23953706 0.02735741
159 0.02217079 0.00634341 0.00163882 0.00046234 0.00862845 0.01286780 0.00148172 0.00116898 0.00097158 0.39797787 0.08604787 0.00309396 0.02334879 0.00824278 0.00221358 0.01216080 0.01937389 0.00333527 0.00348042 0.38499088
160 0.02832860 0.26649396 0.12827398 0.01478360 0.00890873 0.04470199 0.02603190 0.01225530 0.02238140 0.01049330 0.04049089 0.24157397 0.01499010 0.01881480 0.01083180 0.03870129 0.04071569 0.00150981 0.01818470 0.01153420
161 0.02644739 0.02280239 0.03456559 0.00428620 0.00643945 0.00932973 0.01438500 0.00666644 0.05966669 0.03775519 0.04539169 0.02020349 0.01692980 0.13937297 0.00762183 0.02500019 0.02862239 0.01948680 0.45003589 0.02499089
162 0.02750680 0.02262740 0.03438720 0.00406040 0.00635719 0.00958131 0.01495900 0.00695722 0.05916470 0.03697300 0.04401880 0.02076000 0.01768810 0.13960401 0.00745224 0.02521150 0.02800830 0.01969190 0.45181702 0.02317390
163 0.34583616 0.02262091 0.02000061 0.02016361 0.02157111 0.02705101 0.03197541 0.09186314 0.02012071 0.03198111 0.04068612 0.02418181 0.01827071 0.01354621 0.02694171 0.11997906 0.05211352 0.00578414 0.01132801 0.05398492
164 0.03650547 0.00842698 0.00664304 0.00208583 0.01414179 0.00525694 0.00498876 0.00349133 0.00194337 0.20968584 0.28396279 0.00440550 0.06221795 0.04859906 0.00434771 0.01842409 0.03074138 0.00173247 0.01334289 0.23905682
165 0.05031079 0.02623680 0.07678889 0.35540395 0.01592080 0.04205389 0.17540398 0.05476329 0.02283070 0.01006410 0.01174380 0.03918169 0.00516184 0.00566531 0.00779006 0.04602179 0.02797180 0.00328570 0.00412933 0.01927150
166 0.04178888 0.01109419 0.00865617 0.00556181 0.01319809 0.01592989 0.01127319 0.01016280 0.00851273 0.28696687 0.14603793 0.01698039 0.05280518 0.03013349 0.00944145 0.02381089 0.03642948 0.00439840 0.01816429 0.24865389
167 0.14927707 0.01123781 0.02661431 0.03870602 0.01628781 0.01215221 0.01245391 0.28757513 0.01564291 0.01112101 0.01321191 0.01758951 0.00845544 0.01190171 0.01303331 0.25314511 0.08039534 0.00359245 0.00343876 0.01416831
168 0.06110652 0.01166890 0.01045110 0.01011140 0.01367031 0.01263630 0.01579951 0.01113080 0.00472210 0.22759108 0.12270105 0.01762821 0.04186842 0.02854041 0.00967364 0.03495191 0.05026512 0.00311999 0.01230210 0.30006111
169 0.08441770 0.06022140 0.06523070 0.05504260 0.00724291 0.24182299 0.08770280 0.03801080 0.02885120 0.03692320 0.02675540 0.09039610 0.01478290 0.01108580 0.02349960 0.04351520 0.03541930 0.00704784 0.01197390 0.03005770
170 0.03886410 0.01842240 0.01126490 0.00510172 0.01006670 0.00736050 0.01556610 0.00758583 0.00664019 0.10902599 0.43551195 0.01198890 0.07709949 0.06030009 0.00896779 0.02541450 0.02802590 0.00787538 0.01896220 0.09595539
171 0.04877533 0.35131721 0.03943732 0.02100761 0.01250621 0.04455403 0.04991063 0.01748021 0.04301053 0.01616961 0.04393673 0.12187107 0.01875471 0.01827921 0.01767951 0.05144103 0.03573862 0.01015461 0.01883861 0.01913721
172 0.02840992 0.00604266 0.00299930 0.00040546 0.01385101 0.00847613 0.00199806 0.00134966 0.00107238 0.32867719 0.16085409 0.00265225 0.04802133 0.02146461 0.00242850 0.01197561 0.02587462 0.00222939 0.00786663 0.32335119
173 0.04903871 0.02751611 0.07710612 0.35571409 0.01589170 0.04212901 0.17405205 0.05480061 0.02268191 0.01056880 0.01188110 0.03962111 0.00596895 0.00542378 0.00812562 0.04610651 0.02755361 0.00302231 0.00376088 0.01903700
174 0.05275976 0.04500377 0.03990567 0.11806691 0.01048719 0.04555447 0.43606168 0.01692539 0.01924229 0.01424839 0.02587888 0.04225647 0.00837842 0.00897156 0.00932184 0.04472557 0.02695848 0.00312138 0.01096669 0.02116518
175 0.04959679 0.02712089 0.07744108 0.35354293 0.01604100 0.04245139 0.17512296 0.05681169 0.02286540 0.01035680 0.01139610 0.03956189 0.00524549 0.00543510 0.00780257 0.04527559 0.02785339 0.00351491 0.00387073 0.01869330
176 0.05012517 0.02674718 0.07693665 0.35188076 0.01568459 0.04271457 0.17218988 0.05793486 0.02277418 0.01045209 0.01178209 0.04008507 0.00526212 0.00595797 0.00772796 0.04604507 0.02946278 0.00327844 0.00381459 0.01914399
177 0.06216967 0.01247921 0.01054821 0.00873117 0.01366732 0.01191001 0.01424952 0.01059721 0.00448597 0.23025327 0.12293015 0.01713402 0.04279435 0.02778993 0.01002231 0.03466774 0.04948586 0.00328189 0.01191281 0.30088936
178 0.28373105 0.01188420 0.02724600 0.00956559 0.13681402 0.00453824 0.01333800 0.04212731 0.01427410 0.00917941 0.00912487 0.00545040 0.00886320 0.00379346 0.03141371 0.32315805 0.04773681 0.00134639 0.00442697 0.01198820
179 0.08323789 0.03630059 0.02244200 0.05310889 0.00322268 0.29987196 0.26847096 0.01729470 0.02993410 0.01970430 0.03631069 0.05187719 0.00898540 0.00290916 0.00715191 0.01904820 0.02061840 0.00433339 0.00731492 0.00786268
