1 0.02476769 0.00465208 0.00300906 0.00099274 0.01297929 0.00229766 0.00212121 0.00520934 0.00119068 0.30275183 0.22551787 0.00291194 0.05534037 0.02776148 0.00379994 0.01595129 0.02625899 0.00421684 0.00870288 0.26956685
2 0.06877786 0.05183787 0.04355147 0.02143169 0.00842336 0.02110439 0.03281198 0.02084769 0.06245186 0.02101819 0.03593698 0.03477088 0.01494649 0.01381949 0.38207677 0.06220436 0.03968148 0.00582093 0.02193299 0.03655328
3 0.05804136 0.04348287 0.08561803 0.13718089 0.00814135 0.02542168 0.06492365 0.18559886 0.03128578 0.01589439 0.01770529 0.05189836 0.00377790 0.00965752 0.01494229 0.10261292 0.10015992 0.00641243 0.00569415 0.03155038
4 0.06662521 0.01333730 0.01207890 0.01004860 0.01354840 0.00954848 0.01555470 0.01616360 0.00798445 0.22372502 0.15476502 0.01609020 0.04525780 0.02738640 0.01613090 0.03632640 0.04653650 0.00520937 0.01508870 0.24859402
5 0.13947503 0.06100341 0.04232961 0.03954271 0.02813491 0.05346451 0.06173881 0.03244071 0.03017161 0.03368571 0.03050661 0.11078002 0.01649730 0.02039580 0.02335080 0.09082262 0.10608902 0.00539522 0.01114620 0.06302941
6 0.03933611 0.02557091 0.16049905 0.23307307 0.00568404 0.03287191 0.04133591 0.03349001 0.02781851 0.06823892 0.03781071 0.08099722 0.00951698 0.01514650 0.01857431 0.06248582 0.04571381 0.00873728 0.03181561 0.02128331
7 0.19395578 0.03027586 0.03870866 0.03390826 0.02634887 0.01536278 0.02868597 0.24210172 0.01748058 0.01889548 0.01835778 0.02205967 0.00594426 0.01394368 0.01777438 0.17707779 0.06287613 0.00613251 0.00583566 0.02427417
8 0.04435191 0.01176160 0.01048680 0.00742289 0.01415510 0.01444810 0.01166460 0.01293940 0.00669060 0.26919103 0.17308802 0.01217780 0.04929071 0.03233920 0.01127200 0.03088490 0.03509120 0.00512459 0.01605950 0.23156003
9 0.06462919 0.05670529 0.03938329 0.07987928 0.00440319 0.07312638 0.23700695 0.02836299 0.01686770 0.01997740 0.02456849 0.11560598 0.01492150 0.01054190 0.08916208 0.05079899 0.03297809 0.00395562 0.01232850 0.02479719
10 0.01227881 0.01790092 0.01857482 0.00270735 0.00488760 0.01200441 0.00238137 0.00476027 0.05583165 0.02677152 0.05494185 0.00771855 0.01852792 0.32242228 0.00409957 0.00904384 0.02077462 0.01528941 0.37149432 0.01758892
11 0.04178168 0.10180096 0.05569458 0.04245258 0.00925433 0.03519318 0.04345888 0.01691159 0.06502637 0.02958109 0.04448538 0.16191993 0.01414629 0.05200018 0.02135739 0.05824357 0.02540909 0.01739589 0.13406094 0.02982609
12 0.02906082 0.01779541 0.02628752 0.00595273 0.00867982 0.01346411 0.00941676 0.01598171 0.02531332 0.05939915 0.12843210 0.01570741 0.03287293 0.33208626 0.00909995 0.02070362 0.02744082 0.01479331 0.16240613 0.04510613
13 0.06118751 0.02824970 0.10674102 0.22976404 0.00378082 0.06245091 0.20677303 0.03452381 0.02653430 0.01006350 0.01860350 0.06991851 0.00370010 0.00539068 0.01312730 0.05790831 0.03590001 0.00439948 0.00568106 0.01530240
14 0.07457158 0.02252019 0.02981349 0.26152591 0.00435161 0.05596458 0.31939589 0.02964599 0.00853397 0.00756437 0.01273360 0.06687918 0.00205558 0.00214176 0.00945409 0.04744438 0.01928719 0.00135431 0.00341284 0.02134949
15 0.04588872 0.26884615 0.03282432 0.02329321 0.00698287 0.06049833 0.04345702 0.03167472 0.03268422 0.02013991 0.03682742 0.17166409 0.01856011 0.02014741 0.02817762 0.06514624 0.03692612 0.00912909 0.01952161 0.02761081
16 0.08372446 0.01669299 0.04096588 0.04035868 0.01085850 0.01385209 0.02189929 0.57349474 0.01242259 0.01559199 0.01687649 0.01664019 0.00812168 0.01125509 0.00853811 0.06197617 0.02176869 0.00316418 0.00453759 0.01726059
17 0.06923397 0.01363319 0.01258290 0.00955140 0.01334080 0.01010670 0.01503179 0.01762169 0.00853532 0.22050092 0.15310394 0.01623759 0.04449248 0.02731649 0.01767639 0.03803689 0.04635348 0.00569395 0.01504119 0.24590891
18 0.06688781 0.18490401 0.04600460 0.03632950 0.00805697 0.11587201 0.06689511 0.09085091 0.02251950 0.01578600 0.01439880 0.05942610 0.00470674 0.00967089 0.03369450 0.14172801 0.05369980 0.00585525 0.00758447 0.01512900
19 0.07902649 0.04182939 0.03192169 0.13651298 0.00499592 0.07648519 0.28825895 0.03801129 0.01318000 0.01953540 0.02542010 0.08206079 0.00893068 0.00960055 0.02085110 0.05448079 0.02979140 0.00515495 0.00820946 0.02574290
20 0.03506942 0.00750787 0.00582866 0.00218591 0.00925656 0.00361525 0.00486880 0.01029361 0.00291283 0.20916112 0.31993119 0.00702409 0.07015084 0.04965443 0.00605044 0.01536141 0.02377981 0.00402761 0.01238301 0.20093712
21 0.15806401 0.04064990 0.04245490 0.03309670 0.02812360 0.02992540 0.03705560 0.06331000 0.02335380 0.03498030 0.03236010 0.03419650 0.01455350 0.01450120 0.02561790 0.20834501 0.11535800 0.00636656 0.01400240 0.04368460
22 0.04546302 0.01487061 0.01413651 0.00704108 0.00816647 0.00888334 0.01384851 0.01558601 0.00767273 0.13861506 0.35825515 0.01459221 0.07268553 0.06746743 0.01119530 0.02337871 0.02305191 0.00567115 0.02031921 0.12910006
23 0.05536627 0.14190991 0.04093448 0.03379748 0.00530415 0.11533293 0.08014885 0.01414729 0.03206868 0.03573228 0.07707295 0.17489289 0.02906358 0.01909899 0.01536219 0.04705347 0.03050868 0.00510936 0.01344849 0.03364708
24 0.08526432 0.01747130 0.04090991 0.03999401 0.01110680 0.01367350 0.02102851 0.56702514 0.01233370 0.01537710 0.01738130 0.01625930 0.00825355 0.01159610 0.00964575 0.06437052 0.02320481 0.00320178 0.00446407 0.01743850
25 0.09226675 0.01895139 0.02197199 0.01396819 0.01803749 0.02116139 0.02071319 0.02736238 0.01309209 0.20259588 0.10619894 0.02181079 0.03646508 0.01971229 0.02446579 0.09898404 0.06216826 0.00502948 0.01303369 0.16201091
26 0.22578125 0.01489662 0.01606832 0.00886231 0.01814542 0.02021202 0.02289662 0.05815196 0.01753072 0.12482914 0.08294429 0.01710512 0.02457723 0.02417243 0.03170883 0.08907670 0.05115116 0.00437981 0.01223091 0.13527915
27 0.02519160 0.01032560 0.00581095 0.00166422 0.01384550 0.00439183 0.00369735 0.00551250 0.00251823 0.29918695 0.19646597 0.00479207 0.07604969 0.02680890 0.00665600 0.02030320 0.03181839 0.00510699 0.00919313 0.25066096
28 0.07639906 0.02372342 0.02498762 0.24361920 0.00398693 0.06030705 0.33743528 0.03023212 0.00671564 0.00701919 0.01248821 0.07049416 0.00224247 0.00223440 0.00985376 0.04599134 0.01818521 0.00107134 0.00325228 0.01976132
29 0.03400852 0.00490463 0.00410217 0.00162365 0.01421301 0.00399838 0.00348644 0.00511147 0.00236117 0.31854519 0.16904910 0.00447770 0.04635953 0.01884861 0.00793688 0.02047931 0.03181412 0.00427392 0.00908199 0.29532418
30 0.06946831 0.05479331 0.03574541 0.11247702 0.00446065 0.08962432 0.26281505 0.03244281 0.01698170 0.01886930 0.01575840 0.12313002 0.00597901 0.00912722 0.01412410 0.07206171 0.02838091 0.00429376 0.00962597 0.01984100
31 0.08444867 0.01762339 0.04094078 0.04088248 0.01097350 0.01412789 0.02282299 0.56871977 0.01243690 0.01553099 0.01620229 0.01650939 0.00827490 0.01137910 0.00904996 0.06282697 0.02214639 0.00308060 0.00492094 0.01710209
32 0.03275461 0.00703404 0.00554109 0.00158559 0.00792980 0.00295735 0.00418556 0.01034180 0.00228839 0.19558608 0.35381915 0.00637697 0.07535573 0.05497922 0.00521742 0.01297591 0.01965441 0.00359178 0.01234801 0.18547708
33 0.03049978 0.00743386 0.00538353 0.00165871 0.00842731 0.00317103 0.00508652 0.00958490 0.00225780 0.21117787 0.34929479 0.00478100 0.07380216 0.05345177 0.00444102 0.01391149 0.01814779 0.00389300 0.01232779 0.18126789
34 0.04912298 0.17076794 0.03040949 0.01364079 0.00723570 0.04387968 0.05050488 0.02704059 0.02166419 0.01670109 0.02480069 0.05032258 0.00894405 0.00896129 0.30315988 0.07949677 0.04691798 0.00566514 0.01317869 0.02758559
35 0.00810402 0.00884484 0.02413061 0.00201387 0.00435237 0.00790917 0.00152714 0.00444238 0.02936551 0.03758011 0.08122893 0.00598774 0.01854731 0.45639615 0.00397687 0.00620717 0.01957311 0.01125500 0.25280008 0.01575761
36 0.04639442 0.21202508 0.04364282 0.02203911 0.00832233 0.04999002 0.02939971 0.02336111 0.10132604 0.01471161 0.02740021 0.15213406 0.01190820 0.03268101 0.02327791 0.06164742 0.03556921 0.01306240 0.06817613 0.02293121
37 0.12892290 0.02027458 0.04510676 0.01502419 0.02580518 0.01866009 0.01666639 0.03226857 0.01581249 0.02253408 0.01714709 0.01513999 0.01176679 0.00812982 0.01564189 0.29313177 0.24913481 0.00416292 0.00934762 0.03532207
38 0.02867290 0.02858300 0.02414520 0.01104830 0.00853231 0.01645890 0.01106280 0.01002190 0.06428079 0.03470490 0.05478839 0.02137970 0.02087510 0.19782998 0.01044790 0.02563330 0.02516700 0.01757440 0.35746996 0.03132330
39 0.04382957 0.11615891 0.04754876 0.01241289 0.00946043 0.02900468 0.02369138 0.02173408 0.14919789 0.01311099 0.02753688 0.09154203 0.00651180 0.05229966 0.01975589 0.08495994 0.02611148 0.01937239 0.18561286 0.02014749
40 0.02933579 0.01774310 0.02599689 0.00637194 0.00833168 0.01315930 0.01020990 0.01536370 0.02487499 0.05959819 0.13015597 0.01618090 0.03323919 0.33128492 0.00880572 0.02030330 0.02681149 0.01505310 0.16186296 0.04531699
41 0.06566104 0.05785684 0.05031073 0.03009352 0.00763029 0.13508209 0.06768685 0.01901521 0.02654362 0.06362864 0.13981910 0.06526234 0.05499074 0.03232262 0.02288332 0.04846503 0.03687523 0.00873865 0.01850101 0.04863313
42 0.15564690 0.02156369 0.02698768 0.01918289 0.02010859 0.01187469 0.02556928 0.14443491 0.01376749 0.08996294 0.06866576 0.01967529 0.02069539 0.07400775 0.02306269 0.13180891 0.04486277 0.00522595 0.01357209 0.06932435
43 0.03405660 0.01839440 0.02277940 0.01792520 0.01045720 0.01321160 0.01006980 0.00907357 0.03193870 0.12265599 0.10124899 0.01858470 0.03082090 0.17253699 0.01277780 0.02661840 0.02446050 0.01050700 0.22381698 0.08806529
44 0.04487321 0.01461030 0.01440910 0.00670617 0.00798519 0.00854415 0.01343110 0.01557210 0.00760352 0.13810203 0.36151408 0.01456680 0.07323012 0.06798152 0.01048460 0.02284211 0.02262641 0.00570084 0.02113860 0.12807803
45 0.02519981 0.00885441 0.01877631 0.00265945 0.00455109 0.00548487 0.00465635 0.01192761 0.01112011 0.07933834 0.26464013 0.00817622 0.05711453 0.28606114 0.00675859 0.00934542 0.01828751 0.00941932 0.10144805 0.06618073
46 0.04547226 0.01513322 0.01462742 0.00755065 0.00783544 0.00842555 0.01390212 0.01544912 0.00747753 0.13821217 0.36137246 0.01456042 0.07277659 0.06680588 0.01081221 0.02195393 0.02268803 0.00559542 0.02030943 0.12904016
47 0.07453517 0.08454887 0.04942548 0.05978148 0.00663683 0.16077493 0.11509095 0.03134929 0.03132319 0.04333318 0.02916799 0.08694686 0.01710829 0.02118599 0.02161679 0.06968487 0.04363798 0.00728318 0.01784719 0.02872149
48 0.02638651 0.00428156 0.00359187 0.00083081 0.01462410 0.00241745 0.00182808 0.00413599 0.00140635 0.32008906 0.18293803 0.00341837 0.05425911 0.02042450 0.00491087 0.01746650 0.03191811 0.00423844 0.00806522 0.29276906
49 0.18460702 0.03110500 0.04529400 0.03672550 0.02641530 0.01517000 0.02797340 0.13195101 0.02066950 0.01992290 0.01771300 0.02275360 0.00574973 0.01145910 0.01792570 0.20961602 0.13275001 0.00620284 0.00549452 0.03050180
50 0.07543595 0.02322339 0.03082598 0.25128784 0.00321843 0.06444896 0.31991980 0.02617888 0.00706806 0.00683016 0.01008349 0.08435625 0.00231031 0.00178933 0.00911895 0.04557747 0.01627919 0.00092993 0.00369504 0.01742259
51 0.03393191 0.00485344 0.00412757 0.00177662 0.01408930 0.00372580 0.00339892 0.00533539 0.00215851 0.31913207 0.16991704 0.00451115 0.04614931 0.01924890 0.00776208 0.02030710 0.03101601 0.00433704 0.00918776 0.29503406
52 0.08574821 0.06838601 0.05994291 0.04473430 0.01326870 0.04484510 0.03537740 0.04128520 0.09939121 0.02781010 0.03923320 0.06696661 0.01742600 0.05430461 0.02921820 0.07978201 0.05287921 0.01227850 0.09096591 0.03615660
53 0.04427732 0.01147781 0.01047510 0.00704870 0.01415671 0.01317311 0.01127231 0.01278441 0.00636741 0.27141012 0.17255908 0.01165411 0.04911552 0.03219091 0.01154141 0.03029221 0.03513892 0.00514353 0.01571621 0.23420511
54 0.16340291 0.02670739 0.15503392 0.07239906 0.01480569 0.04525058 0.04184078 0.05474157 0.03019078 0.02359689 0.03627208 0.04234708 0.01695199 0.01535499 0.03190898 0.09982525 0.06367307 0.00847934 0.01668259 0.04053508
55 0.28333700 0.02149640 0.02528690 0.02353060 0.02750340 0.02387870 0.03973490 0.09212400 0.02100650 0.04178280 0.04478530 0.02309580 0.01340690 0.01596310 0.02778200 0.13327000 0.06254320 0.00629029 0.01137540 0.06180680
56 0.02974441 0.00471801 0.00359205 0.00125420 0.01413850 0.00382483 0.00307555 0.00441560 0.00183827 0.32629607 0.17385003 0.00394137 0.04685311 0.01868740 0.00671628 0.01942490 0.02939821 0.00451703 0.00886511 0.29484906
57 0.29005912 0.01829751 0.02290471 0.01372061 0.03996552 0.01462121 0.02371431 0.07332003 0.02215761 0.02408411 0.02591271 0.01409361 0.00686386 0.00975883 0.01932521 0.23285610 0.09715764 0.00372650 0.00752440 0.03993642
58 0.04551408 0.04128098 0.11927895 0.05263888 0.00916434 0.02266759 0.03786918 0.04395678 0.02924049 0.01858469 0.03468468 0.03046989 0.03230699 0.03481818 0.02503009 0.09304926 0.12438995 0.14877793 0.03343579 0.02284129
59 0.03175790 0.02224240 0.01433490 0.00285947 0.01163950 0.01004830 0.00927762 0.01007780 0.00731465 0.20223202 0.22257302 0.01083030 0.14926801 0.04518690 0.01557010 0.02710220 0.03740810 0.00656156 0.01256320 0.15115202
60 0.02851721 0.34272617 0.02717731 0.01546371 0.00336018 0.05267993 0.02730841 0.01367831 0.03535342 0.00734284 0.02993982 0.27889514 0.01780691 0.01224641 0.00800552 0.04025592 0.02527861 0.00314015 0.01037701 0.02044701
61 0.03664478 0.01326399 0.02464159 0.00657254 0.01301419 0.01061789 0.01101859 0.01445809 0.01753079 0.08507365 0.20282389 0.01548359 0.04961567 0.21642288 0.01305159 0.02422209 0.06552246 0.01933689 0.08032536 0.08035946
62 0.05096579 0.18293198 0.02940500 0.03675340 0.00370247 0.12506198 0.11955799 0.01497830 0.02982610 0.02653380 0.02225340 0.21579197 0.01238050 0.01305460 0.00902955 0.04594769 0.02822060 0.00276159 0.00939671 0.02144660
63 0.04521043 0.01207321 0.01080111 0.00749409 0.01391651 0.01388531 0.01154871 0.01338731 0.00616916 0.27179520 0.16991612 0.01169961 0.04892394 0.03101542 0.01129151 0.03120622 0.03518753 0.00516034 0.01551011 0.23380817
64 0.06379088 0.04129659 0.17104594 0.10099297 0.00976254 0.04749588 0.04688248 0.06233018 0.03749559 0.02640209 0.04110009 0.05931258 0.02075439 0.02835319 0.03031199 0.08233897 0.06563418 0.01057970 0.02462519 0.02949459
65 0.07244624 0.03857427 0.06233295 0.12884789 0.00844867 0.02071208 0.06827794 0.13439889 0.02373288 0.02666148 0.06720474 0.03933247 0.00738450 0.01713039 0.02091998 0.08866163 0.10487091 0.00713197 0.00802636 0.05490375
66 0.07620620 0.02376960 0.02489420 0.24329700 0.00386510 0.06086940 0.33769599 0.03007790 0.00687542 0.00664485 0.01237520 0.07151210 0.00217265 0.00223458 0.00986875 0.04610780 0.01797010 0.00108189 0.00318268 0.01929860
67 0.07715475 0.02273371 0.01984591 0.24697316 0.00374180 0.06054874 0.35269523 0.02834512 0.00497981 0.00585213 0.01154001 0.07088855 0.00195783 0.00180285 0.00920827 0.04397743 0.01574071 0.00069430 0.00266027 0.01865941
68 0.33704513 0.01488641 0.02096211 0.01550111 0.02753821 0.01357341 0.02336301 0.15228706 0.01768001 0.02450651 0.02217541 0.01079650 0.00532897 0.00950669 0.02041111 0.15458406 0.08165283 0.00474739 0.00365477 0.03979932
69 0.10367500 0.03200860 0.04854800 0.02621440 0.02369710 0.02698830 0.03010270 0.03677380 0.02135300 0.05326430 0.04652290 0.03275580 0.02392700 0.02386520 0.02434600 0.16189700 0.18387400 0.01004790 0.01735020 0.07278880
70 0.03238120 0.01547640 0.01055530 0.00272460 0.01267290 0.00734735 0.00675374 0.00965758 0.00499626 0.23427900 0.22284100 0.00905594 0.10599800 0.04142060 0.01155330 0.02462870 0.03511250 0.00571384 0.01289680 0.19393500
71 0.03945181 0.33043311 0.02168081 0.01096860 0.00412905 0.11871504 0.03351921 0.01594171 0.02750561 0.01546720 0.02179021 0.17754306 0.01270350 0.01321610 0.01749451 0.07852533 0.03214941 0.00333313 0.00723450 0.01819811
72 0.06703977 0.10225196 0.04838368 0.16317193 0.00689294 0.03542668 0.11698795 0.05016018 0.02046389 0.02550079 0.03231499 0.08266046 0.00997886 0.00964382 0.01868909 0.06449687 0.05063468 0.00675131 0.01232419 0.07622597
73 0.06061072 0.09742913 0.03354311 0.08216313 0.00377129 0.08978243 0.26496008 0.04251971 0.01602811 0.02050331 0.01887351 0.09955103 0.00669898 0.01120630 0.02683031 0.05560442 0.03106581 0.00836251 0.01000480 0.02049131
74 0.08983284 0.04485632 0.03537392 0.12391305 0.00843061 0.06523053 0.24775711 0.04412662 0.01608031 0.01930811 0.02202781 0.07187903 0.00655124 0.00887012 0.02056991 0.09382534 0.04072882 0.00657467 0.00812743 0.02593621
75 0.03021849 0.01026100 0.01982279 0.00350420 0.00770912 0.00789267 0.00579706 0.01277180 0.01211560 0.11967196 0.17982295 0.00889777 0.04588409 0.28523991 0.00749604 0.01525650 0.02261189 0.00798194 0.10731697 0.08972727
76 0.28112007 0.02242891 0.02515601 0.02399041 0.02675241 0.02432181 0.03929201 0.09302542 0.02137511 0.04148001 0.04603771 0.02430791 0.01394290 0.01622980 0.02761731 0.13114303 0.06189222 0.00650595 0.01146340 0.06191762
77 0.03573791 0.00741147 0.00611529 0.00204051 0.00909847 0.00369843 0.00511829 0.01040790 0.00302677 0.20694504 0.32020206 0.00727094 0.07072991 0.05001921 0.00644710 0.01570210 0.02401770 0.00414955 0.01249930 0.19936204
78 0.07621701 0.02751550 0.03247261 0.21494904 0.00267854 0.08317081 0.32480106 0.02832590 0.00990112 0.00704892 0.01047520 0.08431021 0.00274665 0.00255263 0.00975386 0.04653761 0.01804680 0.00093935 0.00301166 0.01454550
79 0.27298386 0.01426369 0.01926719 0.00977357 0.02686919 0.01032889 0.02275949 0.05325877 0.01927429 0.05519147 0.03785658 0.01282509 0.01157959 0.01299539 0.02943478 0.17770891 0.08845095 0.00299155 0.01020179 0.11198494
80 0.26646722 0.01449081 0.01863552 0.00561162 0.18556215 0.00919292 0.01336891 0.05527104 0.01689921 0.01937242 0.02510792 0.01968572 0.02768252 0.01520311 0.01664361 0.18293015 0.06246735 0.00292216 0.01611381 0.02637182
81 0.06352466 0.03834008 0.07581966 0.21434288 0.00291860 0.09134805 0.20722988 0.02655159 0.02198329 0.01318729 0.01314669 0.11093794 0.00444487 0.00421591 0.01105909 0.05222717 0.02563179 0.00225100 0.00665578 0.01418379
82 0.04203023 0.01070891 0.01099501 0.00522076 0.01401411 0.00594690 0.01210361 0.01077141 0.00559853 0.23549416 0.26499619 0.00931101 0.05466654 0.03034482 0.00883803 0.04373243 0.03283602 0.00443049 0.01040071 0.18756013
83 0.02245440 0.03807750 0.02211280 0.00558227 0.00584149 0.01956110 0.00716969 0.00968561 0.11000201 0.01538780 0.02686140 0.02281380 0.01272240 0.16637601 0.00801266 0.02245380 0.02128510 0.01472590 0.43043603 0.01843820
84 0.06150434 0.12069707 0.03454572 0.05031233 0.00395098 0.15844510 0.14545309 0.01842271 0.02908022 0.03751322 0.02068941 0.16327310 0.01088401 0.01364881 0.01219911 0.05108673 0.03187262 0.00330634 0.00998238 0.02313271
85 0.07742423 0.04242882 0.03206441 0.13851006 0.00506634 0.07649133 0.28968412 0.03698712 0.01349861 0.01887041 0.02492411 0.08202403 0.00882998 0.00956431 0.02228651 0.05422632 0.02884391 0.00476955 0.00796591 0.02553991
86 0.04893002 0.10192704 0.02862701 0.01711851 0.01229070 0.02403771 0.02968781 0.02339711 0.01885591 0.07417863 0.20260008 0.05653622 0.05118242 0.04069592 0.03091601 0.05084992 0.08091603 0.01745161 0.01762861 0.07217273
87 0.03072739 0.00402146 0.00342174 0.00113485 0.01436470 0.00293205 0.00243440 0.00400440 0.00159246 0.32941891 0.16659095 0.00355609 0.04509549 0.01697410 0.00690536 0.01871579 0.03053559 0.00424843 0.00848194 0.30484391
88 0.04608596 0.26798378 0.03302127 0.02300768 0.00681315 0.06171035 0.04377356 0.03123737 0.03241017 0.02023458 0.03694977 0.17030186 0.01856738 0.01893948 0.02990608 0.06670745 0.03685907 0.00949245 0.01866778 0.02733078
89 0.12253998 0.02222270 0.02816790 0.01688170 0.02050390 0.02444950 0.02550580 0.03692579 0.01684330 0.14369998 0.07634569 0.02544080 0.03041850 0.01785110 0.02857810 0.14435798 0.08413989 0.00497036 0.01429410 0.11586298
90 0.06094063 0.02575791 0.09774095 0.24928414 0.00368551 0.09181195 0.18063610 0.02884042 0.03372242 0.01139721 0.01359531 0.07292264 0.00346885 0.00438173 0.01202401 0.05831133 0.02888852 0.00296770 0.00586196 0.01376071
91 0.08996415 0.01178801 0.01991541 0.01006731 0.01733791 0.00993888 0.01510511 0.01771251 0.01359691 0.15919809 0.10249306 0.02066941 0.04080632 0.01668571 0.01664301 0.06210283 0.11764207 0.00423737 0.01201181 0.24208414
92 0.03087667 0.00795082 0.00580116 0.00190077 0.00970699 0.00390436 0.00527111 0.00918914 0.00247298 0.22659081 0.31822173 0.00535887 0.06968494 0.04942476 0.00499166 0.01567039 0.02085338 0.00399987 0.01241979 0.19570983
93 0.05244961 0.16703603 0.04794311 0.05882351 0.00876547 0.06186661 0.08374732 0.02857781 0.03264571 0.02332330 0.03636231 0.19271404 0.01834270 0.01782890 0.01761050 0.05774701 0.03834161 0.00591134 0.01836520 0.03159791
94 0.02004281 0.00381089 0.00216798 0.00075043 0.01418781 0.00201611 0.00144062 0.00306363 0.00072177 0.33777121 0.19156112 0.00187412 0.04876463 0.01881461 0.00307941 0.01587731 0.02615382 0.00441641 0.00746811 0.29601719
95 0.06488410 0.03771360 0.18291199 0.06233750 0.00989244 0.05058450 0.03747340 0.02514840 0.03278110 0.02565720 0.04027270 0.04347570 0.02894970 0.01767170 0.14786600 0.07467370 0.06070430 0.00921319 0.01800000 0.02978880
96 0.06086107 0.12730493 0.05335587 0.05695507 0.01455689 0.05402857 0.06851556 0.03715908 0.03428238 0.02384029 0.03000578 0.17415191 0.01612059 0.01651819 0.02002229 0.11040494 0.04844997 0.00739284 0.01900409 0.02706969
97 0.02029959 0.00391200 0.00226110 0.00073302 0.01404519 0.00202375 0.00142584 0.00313806 0.00075793 0.33669879 0.19210188 0.00201520 0.04893047 0.01916519 0.00327840 0.01582499 0.02597448 0.00440550 0.00760682 0.29540182
98 0.04577102 0.01486511 0.01482111 0.00690737 0.00806683 0.00878378 0.01285401 0.01576761 0.00792966 0.13749606 0.35771216 0.01527771 0.07248303 0.06902823 0.01161861 0.02243891 0.02253881 0.00538342 0.02114151 0.12911506
99 0.06975923 0.03518182 0.19921210 0.08863664 0.01189131 0.04651802 0.03404462 0.05050593 0.03464902 0.01856881 0.02208921 0.04695512 0.01233541 0.01345171 0.02848391 0.14678007 0.09647165 0.01037051 0.01362981 0.02046511
100 0.06387758 0.05283828 0.02586129 0.10281397 0.00184005 0.10945696 0.32754590 0.02585729 0.01004100 0.01599129 0.01160570 0.13867196 0.00567701 0.00856059 0.01235170 0.04281179 0.01967999 0.00162516 0.00796751 0.01492500
101 0.07805574 0.04288772 0.03212762 0.13592608 0.00495392 0.07631904 0.28730016 0.03821162 0.01328341 0.01950061 0.02552941 0.08171775 0.00867303 0.00966645 0.02126371 0.05482673 0.03085402 0.00495614 0.00831480 0.02563201
102 0.05232809 0.15866498 0.04798499 0.04608889 0.01206440 0.05325059 0.06027189 0.03049880 0.03364060 0.02114750 0.03070330 0.21243197 0.01610330 0.01570110 0.01687630 0.09927339 0.04189449 0.00658732 0.01889130 0.02559680
103 0.04441770 0.01485730 0.01432890 0.00692529 0.00799036 0.00806470 0.01317770 0.01554960 0.00738985 0.13826001 0.36170103 0.01457710 0.07319561 0.06899780 0.01116910 0.02198020 0.02253130 0.00565733 0.02078010 0.12844901
104 0.33992567 0.01436119 0.01988178 0.01412949 0.03249167 0.01009119 0.01828128 0.18162883 0.01651978 0.02173448 0.02011208 0.00842681 0.00448257 0.01067539 0.01952938 0.17720083 0.05521525 0.00446298 0.00311759 0.02773177
105 0.08231804 0.02585918 0.02618218 0.22541184 0.00288923 0.07159525 0.33385576 0.02779918 0.00612173 0.00592819 0.00979046 0.08756954 0.00226430 0.00202661 0.00924962 0.04529137 0.01634449 0.00066333 0.00295693 0.01588279
106 0.08373636 0.04856167 0.03401918 0.11699694 0.00630066 0.05896447 0.26046986 0.11673794 0.01239319 0.01605459 0.01776359 0.06441747 0.00478066 0.00817103 0.01575789 0.06442997 0.03457058 0.00640824 0.00650083 0.02296489
107 0.04529680 0.01147940 0.01075650 0.00765420 0.01413250 0.01356360 0.01144620 0.01338390 0.00630543 0.26954798 0.17334599 0.01178310 0.04870910 0.03159570 0.01183410 0.03143680 0.03543110 0.00527004 0.01556560 0.23146198
108 0.05386056 0.04838657 0.04007337 0.02114908 0.00791381 0.02319028 0.03046348 0.02989028 0.02580618 0.03823097 0.06216336 0.02615728 0.04269297 0.07944564 0.01839239 0.05130416 0.06651215 0.22230584 0.06700345 0.04505817
109 0.03432059 0.00470367 0.00393927 0.00157270 0.01407130 0.00384609 0.00351191 0.00513317 0.00211298 0.31994092 0.16866596 0.00436915 0.04603539 0.01881960 0.00792335 0.02013439 0.03103129 0.00433521 0.00916416 0.29636892
110 0.04742964 0.02773346 0.02809476 0.00706792 0.01560458 0.02014867 0.01805188 0.01974457 0.01378508 0.12778383 0.20623173 0.02736386 0.12877183 0.05304563 0.02117277 0.03743955 0.04295384 0.01271508 0.02470247 0.12015884
111 0.08024564 0.07172854 0.04870223 0.03494252 0.01126231 0.11521206 0.06067453 0.02662711 0.02885592 0.04715312 0.10408806 0.06474693 0.03165902 0.02086881 0.02752331 0.11388306 0.05164213 0.00730347 0.01384551 0.03903572
112 0.07285493 0.13312506 0.03377472 0.02826241 0.00812274 0.02485311 0.04471612 0.11447005 0.01812491 0.04774632 0.14041706 0.05930443 0.03640682 0.03260121 0.02154641 0.07241863 0.03768182 0.01172821 0.01406601 0.04777902
113 0.13044988 0.02175338 0.04461966 0.01537779 0.02613748 0.01930418 0.01681518 0.03303447 0.01626189 0.02202108 0.01651338 0.01529209 0.01108689 0.00817399 0.01632038 0.29241173 0.24690577 0.00415690 0.00909171 0.03427217
114 0.07505137 0.08266997 0.05096528 0.06238548 0.00684656 0.16299094 0.11408996 0.03151459 0.03092819 0.04257998 0.02863689 0.08733707 0.01674169 0.01858319 0.02157249 0.07117197 0.04397908 0.00666213 0.01713609 0.02815709
115 0.06825130 0.01379570 0.01215620 0.00976702 0.01341380 0.01044450 0.01611200 0.01616910 0.00840159 0.22288299 0.15338899 0.01651610 0.04503740 0.02698210 0.01767700 0.03654470 0.04563250 0.00539475 0.01476930 0.24666299
116 0.23265109 0.01239750 0.01788901 0.00642508 0.07622613 0.00848283 0.01698051 0.04833652 0.01994251 0.07055813 0.11547105 0.01592701 0.02787671 0.01863161 0.01589381 0.13969206 0.06398263 0.00377869 0.01099830 0.07785883
117 0.07491775 0.08503744 0.05034397 0.06104626 0.00692294 0.16182689 0.11471792 0.03175798 0.03068628 0.04279847 0.02869378 0.08917574 0.01597409 0.01940339 0.02125399 0.07049385 0.04270437 0.00654155 0.01735969 0.02834368
118 0.06527857 0.04300188 0.03724719 0.01333809 0.01123190 0.01656889 0.02584049 0.09794456 0.01759299 0.04089238 0.09180556 0.01946919 0.09224646 0.05554428 0.02156079 0.04876568 0.06181928 0.16120394 0.03629799 0.04234988
119 0.04508892 0.01582061 0.01451440 0.00683346 0.00803907 0.00826544 0.01388990 0.01587731 0.00816408 0.13530005 0.35928812 0.01558741 0.07322432 0.06848762 0.01197080 0.02237221 0.02277231 0.00630621 0.02125071 0.12694704
120 0.28113092 0.02213159 0.02560819 0.02411679 0.02708759 0.02475479 0.04080649 0.09137548 0.02127109 0.04121309 0.04663739 0.02442189 0.01401970 0.01614030 0.02623289 0.13116396 0.06152038 0.00608737 0.01152160 0.06275848
121 0.28201381 0.02192229 0.02503898 0.02410958 0.02674258 0.02406428 0.04038897 0.09241554 0.02158419 0.04182487 0.04518097 0.02414338 0.01362079 0.01629449 0.02777098 0.13251591 0.06156896 0.00589067 0.01077769 0.06213106
122 0.08561631 0.01735560 0.04051531 0.03970011 0.01103930 0.01422860 0.02230050 0.56721209 0.01226170 0.01600680 0.01709450 0.01689390 0.00845916 0.01081630 0.00886203 0.06337571 0.02283020 0.00328893 0.00441613 0.01772680
123 0.07134943 0.00890751 0.01033749 0.00474630 0.01539008 0.00762459 0.00956545 0.01332669 0.00622843 0.26065174 0.13242287 0.01018589 0.04062656 0.01708038 0.02154978 0.05573205 0.04806385 0.00402486 0.01041729 0.25176875
124 0.04439601 0.01420520 0.02113511 0.00549632 0.01928721 0.01060870 0.01089570 0.01110730 0.00836821 0.21235406 0.13566404 0.01935491 0.10382403 0.02266001 0.02942481 0.07567422 0.06973852 0.00558077 0.01075980 0.16946505
125 0.03135839 0.00511918 0.00419683 0.00170338 0.01273049 0.00294952 0.00329882 0.00655361 0.00207432 0.28074287 0.22239590 0.00567444 0.05573097 0.02879389 0.00526261 0.01699219 0.03118919 0.00409832 0.00935024 0.26978487
126 0.04881613 0.01890501 0.03724253 0.00723740 0.02421922 0.01755221 0.01569621 0.01373781 0.01606461 0.10389307 0.10301807 0.03011332 0.13660910 0.03043692 0.03307152 0.07815986 0.13309909 0.02167012 0.01567171 0.11478608
127 0.07339211 0.09826851 0.05547080 0.05773470 0.01829710 0.05108970 0.06651481 0.04346330 0.03279510 0.02608580 0.02933580 0.14189701 0.01558510 0.01743640 0.02263970 0.13658101 0.05781850 0.00802482 0.01922050 0.02834920
128 0.05761097 0.03782348 0.21235290 0.12572994 0.00474317 0.11130495 0.05821757 0.02741479 0.04653348 0.01476109 0.02727209 0.05672957 0.02023809 0.01294409 0.03071789 0.06961037 0.05337518 0.00579548 0.01119839 0.01562649
129 0.03119077 0.00782426 0.00597341 0.00210346 0.00960847 0.00367848 0.00524117 0.00948777 0.00245081 0.22609679 0.31895070 0.00519902 0.06949794 0.04967055 0.00496214 0.01598379 0.02083698 0.00400990 0.01262179 0.19461182
130 0.03196518 0.00413350 0.00353880 0.00133592 0.01424319 0.00317941 0.00284523 0.00439458 0.00173450 0.32701077 0.16543189 0.00375601 0.04501217 0.01686259 0.00711000 0.01895199 0.03059368 0.00423733 0.00866850 0.30499479
131 0.04713191 0.26655005 0.03319811 0.02315470 0.00703760 0.06024501 0.04293491 0.03240481 0.03230731 0.02037360 0.03704391 0.16873603 0.01899840 0.01939960 0.03092711 0.06609441 0.03742081 0.00902430 0.01891200 0.02810541
132 0.04493610 0.01517270 0.01431600 0.00717077 0.00792981 0.00831653 0.01343630 0.01586760 0.00765283 0.13835401 0.36098304 0.01495760 0.07286341 0.06734571 0.01111980 0.02264720 0.02265720 0.00545156 0.02042480 0.12839701
133 0.07441145 0.02290638 0.03036268 0.25907181 0.00439565 0.05629206 0.31776777 0.03018338 0.00871782 0.00765582 0.01323499 0.06735575 0.00227047 0.00235747 0.00969859 0.04777567 0.01983609 0.00132256 0.00342102 0.02096258
134 0.28254306 0.01226710 0.01847750 0.00788568 0.01901780 0.01142130 0.02336891 0.05828171 0.01687570 0.06805261 0.04288191 0.01448730 0.01643780 0.01864180 0.03647301 0.10800802 0.06896232 0.00350550 0.01297090 0.15944004
135 0.11415807 0.01314881 0.01732661 0.00849370 0.01232521 0.01086221 0.01939721 0.02831882 0.01069411 0.09678276 0.32558320 0.01533421 0.06172054 0.05164703 0.01393471 0.04777553 0.02923632 0.00451250 0.01495541 0.10379306
136 0.06971832 0.03944081 0.04157321 0.02522271 0.02000761 0.02125521 0.02247381 0.02207691 0.06213302 0.03502521 0.03657831 0.04406581 0.01595380 0.07734962 0.02002171 0.12191004 0.05406882 0.01842111 0.21573706 0.03696691
137 0.04554762 0.01508801 0.01371951 0.00624729 0.00822955 0.00813212 0.01290861 0.01565071 0.00752202 0.13872107 0.35952118 0.01493731 0.07264054 0.06881363 0.01147331 0.02223021 0.02266311 0.00594283 0.02099531 0.12901606
138 0.03000132 0.01794171 0.02589621 0.00603845 0.00816407 0.01297011 0.01002021 0.01639461 0.02509831 0.05856823 0.13306607 0.01599801 0.03359522 0.33012717 0.00907886 0.02064611 0.02663461 0.01487251 0.15986208 0.04502612
139 0.14587106 0.02449241 0.04071582 0.03603332 0.01848161 0.01274631 0.02319201 0.41114318 0.01438321 0.01605671 0.01412781 0.01801591 0.00581883 0.01197071 0.01272671 0.12672006 0.04070442 0.00469993 0.00403660 0.01806341
140 0.03203187 0.00848862 0.00920221 0.00153174 0.00586584 0.00355436 0.00386859 0.01341199 0.00394010 0.15030788 0.33850673 0.00564549 0.07777184 0.13952789 0.00502454 0.01026259 0.01661209 0.00487279 0.03934697 0.13022590
141 0.18795204 0.01358300 0.02754861 0.00559012 0.16543303 0.01224620 0.01214940 0.04136671 0.01444400 0.05402341 0.05910251 0.02008510 0.08006452 0.01757540 0.02008900 0.11859602 0.05852191 0.00462177 0.02189550 0.06511171
142 0.03477728 0.00490908 0.00416800 0.00171107 0.01412569 0.00403651 0.00348867 0.00528039 0.00224906 0.31806383 0.16922891 0.00458194 0.04620698 0.01917799 0.00827851 0.02035859 0.03094928 0.00419430 0.00920411 0.29500984
143 0.08728474 0.01770479 0.04049147 0.03972247 0.01109729 0.01404889 0.02196518 0.56549959 0.01253109 0.01569589 0.01728769 0.01669069 0.00834630 0.01108539 0.00891455 0.06432405 0.02257048 0.00306100 0.00441196 0.01726649
144 0.09000464 0.02554238 0.06441226 0.25320684 0.00595733 0.04921337 0.18299688 0.04218907 0.02194789 0.01247849 0.01673559 0.06212336 0.00287024 0.00500396 0.01084759 0.08837284 0.03364038 0.00378047 0.00762883 0.02104759
145 0.20604916 0.01479451 0.03318223 0.02113532 0.05291494 0.00795361 0.01531111 0.33622226 0.01231661 0.01588241 0.01344291 0.01291881 0.00717030 0.01465661 0.01372511 0.15570812 0.04125023 0.00334909 0.00514186 0.01687481
146 0.02475702 0.00409608 0.00284776 0.00110723 0.01443731 0.00289843 0.00226964 0.00342064 0.00119155 0.34051929 0.17099214 0.00272856 0.04557014 0.01631051 0.00535974 0.01790022 0.02782662 0.00438836 0.00803748 0.30334125
147 0.29271587 0.01835599 0.02216139 0.01344669 0.04125258 0.01397109 0.02336249 0.07409897 0.02187379 0.02442899 0.02567009 0.01413669 0.00682911 0.01006860 0.01875189 0.23219790 0.09552446 0.00385910 0.00720332 0.04009098
148 0.11579397 0.04590869 0.03150299 0.04914899 0.01027080 0.04398299 0.14772996 0.13145197 0.01590430 0.07347208 0.04329859 0.04274589 0.01151470 0.01941869 0.02233879 0.07495218 0.05102109 0.00713606 0.01010150 0.05230579
149 0.03102493 0.00772641 0.00595692 0.00214203 0.00969161 0.00366726 0.00514865 0.00932060 0.00251382 0.22553219 0.31980427 0.00528619 0.07034856 0.04965874 0.00492914 0.01560641 0.02107452 0.00407857 0.01266301 0.19382616
150 0.02982640 0.01122830 0.00582738 0.00125984 0.00937041 0.00405025 0.00395411 0.00992683 0.00198269 0.21454298 0.31857997 0.00492107 0.08915669 0.05333470 0.00489792 0.01366880 0.02205550 0.00460489 0.01222530 0.18458598
151 0.06422161 0.04325020 0.13209201 0.04258610 0.00932252 0.03936620 0.03836580 0.02282990 0.02819750 0.02558140 0.03801230 0.03694090 0.02660910 0.01552250 0.25508603 0.06936731 0.05429361 0.00778567 0.01679410 0.03377520
152 0.04643472 0.26749512 0.03259871 0.02324411 0.00681729 0.05973303 0.04381172 0.03102651 0.03224001 0.02051841 0.03731482 0.17152707 0.01921571 0.01942221 0.02945921 0.06584523 0.03709452 0.00909088 0.01924941 0.02786131
153 0.07385748 0.05708039 0.03246339 0.01548130 0.00800782 0.01839640 0.04181589 0.02369530 0.02151170 0.02916199 0.03705519 0.02467399 0.01502010 0.01244860 0.42173391 0.06077599 0.04121469 0.00479569 0.01255120 0.04825899
154 0.03103978 0.01059909 0.01963389 0.00352790 0.00797694 0.00813043 0.00639324 0.01225119 0.01206259 0.12271492 0.18101088 0.00917696 0.04621727 0.27895082 0.00771371 0.01541509 0.02292019 0.00801482 0.10431793 0.09193234
155 0.32232682 0.01578219 0.01993689 0.01181499 0.03907878 0.01298929 0.02292499 0.08685925 0.02218499 0.02589959 0.02665028 0.01214159 0.00607902 0.00988658 0.02008619 0.21033488 0.08267375 0.00376915 0.00655791 0.04202288
156 0.06439432 0.04107802 0.17042506 0.10142104 0.00990973 0.04751902 0.04565312 0.06401292 0.03708081 0.02610571 0.04184402 0.05917772 0.02094471 0.02803801 0.03004381 0.08332393 0.06564612 0.01066170 0.02327521 0.02944501
157 0.05165278 0.01035560 0.00679620 0.00218614 0.00517781 0.00408134 0.00529395 0.02972339 0.00276689 0.12693296 0.37629388 0.00758705 0.09785607 0.07931168 0.00619929 0.01326220 0.01813349 0.00401774 0.01376060 0.13861096
158 0.01256879 0.00877246 0.02352299 0.00219880 0.00401310 0.00644374 0.00202192 0.00599406 0.02348269 0.04689737 0.13929591 0.00698060 0.03076028 0.40622975 0.00459429 0.00670874 0.01935829 0.01411439 0.20768687 0.02835498
159 0.02408997 0.00373686 0.00250028 0.00087430 0.01446908 0.00250637 0.00177956 0.00296581 0.00102678 0.34270757 0.16940379 0.00247963 0.04511174 0.01561228 0.00523936 0.01718028 0.02779287 0.00438187 0.00798299 0.30815862
160 0.04772576 0.16911686 0.10678191 0.05849575 0.00527728 0.10831991 0.06795954 0.03042838 0.03828417 0.01624989 0.02242768 0.11276591 0.01194749 0.01531989 0.02476468 0.07997394 0.04744606 0.00592733 0.01385019 0.01693739
161 0.02933249 0.02989689 0.02379329 0.01167090 0.00858024 0.01681089 0.01120890 0.00994006 0.06455328 0.03539119 0.05362048 0.02198419 0.02019569 0.19596694 0.01097300 0.02630069 0.02518219 0.01777559 0.35386189 0.03296119
162 0.02807620 0.02927850 0.02397650 0.01155910 0.00863503 0.01671630 0.01043250 0.01006850 0.06460981 0.03449871 0.05348561 0.02177540 0.02027300 0.19908503 0.01027880 0.02564550 0.02552650 0.01765340 0.35697706 0.03144851
163 0.37046204 0.01153730 0.01776690 0.01272250 0.02439230 0.01516950 0.01927140 0.21141303 0.01514590 0.02395770 0.02132430 0.00845754 0.00540270 0.00925693 0.02481620 0.12556502 0.04489571 0.00523641 0.00333260 0.02987400
164 0.03394030 0.00499873 0.00428879 0.00170841 0.01409990 0.00377259 0.00350398 0.00523704 0.00217106 0.31905498 0.16938699 0.00447819 0.04603570 0.01882990 0.00777289 0.02061450 0.03152350 0.00426017 0.00902042 0.29530198
165 0.12447504 0.02810751 0.06586902 0.15872505 0.00830231 0.03413661 0.11997004 0.04291701 0.01894021 0.03105611 0.10558903 0.04652151 0.01195310 0.01569741 0.01939321 0.06789422 0.03703131 0.00581717 0.01402180 0.04358231
166 0.09107570 0.01883610 0.02207820 0.01434220 0.01827620 0.02097680 0.02097520 0.02645150 0.01284660 0.20311801 0.10584700 0.02093050 0.03673190 0.01962390 0.02471230 0.09819330 0.06358800 0.00521206 0.01331650 0.16286801
167 0.11724296 0.05454918 0.04294149 0.07914697 0.01430990 0.03599769 0.15385195 0.14726595 0.01775139 0.01886669 0.01933889 0.04321489 0.00457442 0.01052470 0.01783899 0.12762196 0.05212398 0.01009070 0.00690120 0.02584609
168 0.07698361 0.07513761 0.02985750 0.02914900 0.00885338 0.03769660 0.04473110 0.01767030 0.02463230 0.06705551 0.07100001 0.11712201 0.03407890 0.01850480 0.02498320 0.04807870 0.06393271 0.00654232 0.01812440 0.18586602
169 0.07406740 0.08355670 0.05055850 0.06211910 0.00685121 0.15894600 0.11814400 0.03222200 0.03080850 0.04208900 0.02957860 0.08670660 0.01666070 0.02057230 0.02160090 0.06978570 0.04327980 0.00679060 0.01749480 0.02816760
170 0.04558130 0.01590000 0.01460990 0.00698136 0.00815030 0.00874712 0.01332660 0.01548810 0.00731808 0.13996000 0.35523599 0.01510390 0.07261690 0.06830640 0.01109240 0.02299240 0.02244750 0.00564686 0.02090290 0.12959200
171 0.04617508 0.26916085 0.03283868 0.02368239 0.00706166 0.06072137 0.04334388 0.03092858 0.03331298 0.01938229 0.03544558 0.17234591 0.01853439 0.01923289 0.02952598 0.06539616 0.03729338 0.00856598 0.01927469 0.02777729
172 0.03133960 0.00597258 0.00526263 0.00103805 0.01124640 0.00347791 0.00292720 0.00817006 0.00197180 0.24556397 0.26586597 0.00609844 0.07201769 0.04022969 0.00477292 0.01502310 0.02892220 0.00412364 0.01035120 0.23562497
173 0.06226890 0.02908930 0.08878371 0.24849002 0.00564440 0.05034940 0.16446801 0.05606870 0.02429850 0.01757950 0.01933220 0.07068481 0.00492078 0.00713201 0.01356700 0.06233500 0.03558900 0.00531693 0.01137820 0.02270360
174 0.07910754 0.04225342 0.03236932 0.13769507 0.00556152 0.07551424 0.28712214 0.03806772 0.01378681 0.01880721 0.02509251 0.08177914 0.00862237 0.00971662 0.02103811 0.05448213 0.02994391 0.00465376 0.00846445 0.02592201
175 0.07453276 0.02253069 0.03014068 0.25927287 0.00427558 0.05702427 0.32041584 0.02947528 0.00849664 0.00730594 0.01286609 0.06766807 0.00214188 0.00220487 0.00925789 0.04777098 0.01921569 0.00126649 0.00338952 0.02074799
176 0.07488641 0.02237800 0.02963850 0.26029303 0.00453673 0.05603951 0.31911504 0.02986350 0.00851156 0.00749864 0.01274330 0.06714951 0.00213435 0.00236949 0.00951047 0.04800111 0.01935130 0.00147243 0.00351792 0.02098920
177 0.06761186 0.01351649 0.01196619 0.00923097 0.01338839 0.01001669 0.01510249 0.01632959 0.00835142 0.22254086 0.15447290 0.01616939 0.04509637 0.02754088 0.01745699 0.03653408 0.04607537 0.00558713 0.01552109 0.24749084
178 0.28956418 0.01157751 0.01707111 0.00471687 0.14225309 0.00691158 0.01344881 0.05727973 0.01778771 0.01562511 0.02240921 0.01479781 0.01845591 0.01162571 0.01361731 0.23178514 0.07206284 0.00230234 0.01121901 0.02548902
179 0.05292686 0.03845167 0.05644656 0.04538157 0.00334566 0.13280791 0.24350384 0.01809659 0.01830089 0.02472868 0.05145627 0.08659964 0.08911154 0.01679919 0.02232359 0.03532078 0.02458308 0.00558441 0.00874429 0.02548698
