1 0.04855863 0.01793351 0.00691000 0.00528173 0.01170091 0.00956701 0.01721091 0.01323891 0.00627058 0.11076206 0.40643223 0.01030981 0.08697215 0.05496603 0.01509841 0.01896051 0.02299451 0.00880673 0.02544431 0.10258106
2 0.06536511 0.05383781 0.00648241 0.00765724 0.01186450 0.04588851 0.03690680 0.01536870 0.01035750 0.03389280 0.04784761 0.01497670 0.01277460 0.00562011 0.49552905 0.05007491 0.05076581 0.00319119 0.00455954 0.02703910
3 0.02235901 0.01431591 0.03999903 0.15836410 0.00284129 0.01270831 0.03269832 0.57757338 0.01025931 0.00217615 0.00915707 0.02211821 0.00149610 0.00231661 0.00192894 0.07015085 0.00804167 0.00288860 0.00356419 0.00504295
4 0.06693700 0.00667021 0.01168260 0.01412760 0.01229400 0.01138310 0.01164840 0.01162360 0.00504149 0.21647301 0.13553001 0.01944640 0.05363000 0.03805140 0.01108560 0.03223260 0.05168980 0.00503074 0.01244340 0.27297902
5 0.05537041 0.13196701 0.04760951 0.05270021 0.00666350 0.08818721 0.06868321 0.02454050 0.01381050 0.04042100 0.02497670 0.24224903 0.02378620 0.01696930 0.01107960 0.04766181 0.04874041 0.00968968 0.00812911 0.03676510
6 0.05189043 0.01509851 0.01174461 0.00707081 0.00973461 0.01466101 0.01333861 0.00754080 0.00949424 0.24728314 0.15311509 0.02236801 0.05583533 0.04212842 0.01089871 0.03221182 0.04314702 0.00517319 0.01930651 0.22795913
7 0.15189384 0.02485857 0.02795007 0.02902717 0.03188777 0.01850188 0.03302557 0.06859943 0.02305458 0.03281897 0.02413747 0.02612917 0.01181099 0.01732978 0.02286748 0.32252666 0.07581862 0.00449925 0.01902108 0.03424166
8 0.05127430 0.01312990 0.01123680 0.00631793 0.00986198 0.01413550 0.01202180 0.00758388 0.00883841 0.25010200 0.15391500 0.01992840 0.05640330 0.04210280 0.01163530 0.03261120 0.04333020 0.00505751 0.01864680 0.23186700
9 0.05380442 0.13035804 0.04900921 0.05393202 0.00702830 0.08787773 0.06928542 0.02438411 0.01356100 0.04061351 0.02501751 0.24381707 0.02292701 0.01684820 0.01010230 0.04739501 0.04970431 0.00946452 0.00816809 0.03670221
10 0.03041720 0.04878290 0.03458470 0.00441597 0.00552019 0.01178920 0.01140150 0.00669232 0.05556370 0.04009580 0.06893701 0.00923029 0.01769210 0.14413001 0.00419145 0.04289400 0.03310060 0.01959800 0.38325403 0.02770900
11 0.05380402 0.13126105 0.05090102 0.05366902 0.00676427 0.08994473 0.06944723 0.02571761 0.01324290 0.04111152 0.02455841 0.24232209 0.02206011 0.01652811 0.01039620 0.04733392 0.04805822 0.00884859 0.00853287 0.03549811
12 0.02811568 0.02144428 0.01370919 0.00501656 0.01037029 0.00989383 0.01877239 0.01629759 0.01964348 0.07078935 0.12751290 0.01564419 0.02474148 0.33828774 0.00371527 0.02834688 0.02809038 0.02425888 0.12653290 0.06881675
13 0.04741412 0.01978211 0.07178203 0.30500014 0.00870115 0.05074432 0.16119607 0.08339534 0.02875021 0.01169821 0.01145101 0.05298142 0.00601644 0.00580144 0.00465178 0.05451722 0.03890462 0.00507407 0.00414747 0.02799081
14 0.04801811 0.01887741 0.07154302 0.30469309 0.00851570 0.05165261 0.15987905 0.08905473 0.02907741 0.01163600 0.01170110 0.05139961 0.00551296 0.00519522 0.00460977 0.05496792 0.03780701 0.00539853 0.00337403 0.02708671
15 0.04472061 0.31555206 0.02519081 0.01942080 0.01291120 0.05341311 0.06042311 0.02102700 0.02507861 0.02580631 0.04474931 0.13465903 0.02712961 0.02148420 0.03042801 0.04177311 0.03191391 0.01263880 0.03870741 0.01297300
16 0.14568090 0.01620399 0.03269958 0.06840675 0.00944592 0.01739539 0.01885969 0.47158667 0.01272999 0.00869821 0.02408468 0.01804589 0.00495217 0.01137189 0.00764765 0.08392714 0.02778878 0.00406153 0.00377249 0.01264069
17 0.06410660 0.00693820 0.01178738 0.01389198 0.01164128 0.01185258 0.01081428 0.01115508 0.00515351 0.21623068 0.13718679 0.01926817 0.05419892 0.03992914 0.01110118 0.03301575 0.05113452 0.00519436 0.01278298 0.27261659
18 0.04004543 0.29799724 0.01837951 0.02642862 0.00656989 0.11794710 0.07378456 0.00771398 0.01629381 0.03256293 0.03465183 0.16504513 0.01236711 0.01054521 0.03070312 0.03784003 0.03229563 0.00670455 0.01650141 0.01562291
19 0.06260152 0.05135281 0.03640801 0.12622003 0.00862886 0.08182352 0.33285908 0.02280131 0.01631320 0.01990650 0.03199301 0.05852101 0.00791427 0.01744020 0.01853260 0.04696051 0.02884811 0.00435184 0.00821789 0.01830570
20 0.04024568 0.02958688 0.00529212 0.00752574 0.01658089 0.04894577 0.03888028 0.01069129 0.02221009 0.03118838 0.36058879 0.01831089 0.06091257 0.01466539 0.20725788 0.01692729 0.02140789 0.00434391 0.01732009 0.02711818
21 0.15487594 0.02548549 0.02741129 0.02705099 0.03167959 0.01901779 0.03176039 0.06832668 0.02299429 0.03164249 0.02440289 0.02678999 0.01185570 0.01677119 0.02219499 0.32245888 0.07642107 0.00467016 0.02082159 0.03336859
22 0.04887948 0.01821549 0.00697731 0.00514309 0.01173970 0.00943322 0.01654739 0.01495520 0.00587886 0.10944797 0.41014187 0.00994939 0.08640287 0.05542738 0.01487120 0.01805649 0.02241319 0.00812294 0.02642799 0.10096897
23 0.05460078 0.13485195 0.04860978 0.05187328 0.00659583 0.08738827 0.06962617 0.02417129 0.01322600 0.04068808 0.02554819 0.24277191 0.02503829 0.01654249 0.01035330 0.04721118 0.04831918 0.00940172 0.00695442 0.03622789
24 0.14621896 0.01490320 0.03282939 0.06778588 0.00953731 0.01740480 0.01793029 0.47564387 0.01217350 0.00838878 0.02404929 0.01775040 0.00545702 0.01129440 0.00743668 0.08170578 0.02844479 0.00412931 0.00381678 0.01309960
25 0.05116559 0.01550380 0.01136590 0.00618746 0.00982652 0.01524340 0.01319120 0.00724714 0.00912868 0.24933197 0.15188898 0.02310930 0.05626539 0.04145470 0.01180190 0.03167670 0.04257200 0.00549601 0.01846040 0.22908297
26 0.27313112 0.02096501 0.02459561 0.02180131 0.02474741 0.03252111 0.03478781 0.10943805 0.02353031 0.04341112 0.05191962 0.02560931 0.01946091 0.01436391 0.02605531 0.12487305 0.04670012 0.00800627 0.01195461 0.06212803
27 0.05371048 0.03542739 0.03145279 0.00791528 0.01060400 0.00978071 0.01325920 0.01064130 0.01382440 0.12820596 0.24522293 0.03096589 0.12780796 0.03455629 0.01350750 0.02905029 0.03932029 0.01469700 0.02128239 0.12876796
28 0.06230901 0.05125901 0.03561901 0.12600603 0.00837156 0.07962642 0.33801808 0.02371781 0.01621390 0.01819540 0.03341131 0.05676771 0.00753691 0.01712900 0.01921100 0.04791291 0.02872021 0.00405495 0.00862805 0.01729170
29 0.03863758 0.00211559 0.00697593 0.00193290 0.00978554 0.00398704 0.00196522 0.00227352 0.00139884 0.29773388 0.16190693 0.00400326 0.06167347 0.02996309 0.00291094 0.01726679 0.03713208 0.00139794 0.00578359 0.31115587
30 0.06871091 0.07217091 0.02734280 0.03870780 0.00737938 0.08397041 0.19047502 0.01542930 0.02472560 0.10705601 0.05672601 0.10787301 0.01645400 0.02425930 0.02482140 0.04388070 0.03715920 0.00789092 0.01154430 0.03342300
31 0.14678400 0.01554150 0.03291520 0.06771060 0.00997662 0.01763430 0.01858650 0.46850100 0.01263280 0.00898366 0.02372530 0.01804420 0.00476897 0.01262670 0.00784689 0.08343220 0.02873060 0.00385238 0.00410069 0.01360590
32 0.06702147 0.00706859 0.01143570 0.01358939 0.01178399 0.01161920 0.01154810 0.01089140 0.00488764 0.21615391 0.13584794 0.01889239 0.05362718 0.03910678 0.01162090 0.03149949 0.05166848 0.00492190 0.01274469 0.27407088
33 0.03674140 0.00749714 0.00615000 0.00161585 0.01035460 0.00459270 0.00542541 0.00306036 0.00238656 0.24939097 0.24513397 0.00371135 0.07432849 0.04244819 0.00460510 0.01724530 0.03172880 0.00425695 0.01387190 0.23545497
34 0.01961230 0.12983199 0.00460457 0.00837148 0.00598417 0.05575629 0.05031180 0.00587434 0.00677911 0.02808070 0.03302750 0.02799360 0.01184310 0.00505605 0.52656495 0.01902700 0.04876570 0.00290004 0.00333502 0.00628031
35 0.01703820 0.00645146 0.00808568 0.00095965 0.00190464 0.00275495 0.00715568 0.00297660 0.01015540 0.05220769 0.12179799 0.00430316 0.01968830 0.37938396 0.00093558 0.02550040 0.02127580 0.02469320 0.24785997 0.04487170
36 0.10280104 0.05576992 0.05878072 0.06003962 0.01423331 0.02209671 0.04484242 0.04013122 0.14577306 0.03680671 0.02900231 0.03126691 0.02082231 0.04398682 0.01535711 0.08574693 0.05358462 0.01504931 0.10313904 0.02076991
37 0.15293800 0.02393530 0.02769470 0.02847220 0.03128760 0.01901390 0.03199250 0.06671430 0.02365550 0.03392250 0.02514810 0.02532770 0.01203380 0.01779580 0.02285390 0.32068900 0.07558940 0.00470701 0.02084040 0.03538840
38 0.03138749 0.04789729 0.03516799 0.00434911 0.00528874 0.01141490 0.01200220 0.00687745 0.05427369 0.03944979 0.06806009 0.00954070 0.01723840 0.14693597 0.00406548 0.04392539 0.03292629 0.01985070 0.38263593 0.02671240
39 0.04536881 0.29360808 0.04801591 0.01311670 0.00981714 0.03373541 0.02268211 0.01343050 0.12654404 0.01526420 0.02062471 0.04915211 0.01625540 0.02153051 0.00975071 0.03010041 0.02230721 0.01983851 0.18260605 0.00625147
40 0.02831238 0.02092448 0.01381249 0.00460893 0.00979118 0.00982003 0.01786839 0.01747389 0.02005038 0.06965255 0.12903890 0.01543559 0.02514658 0.34016773 0.00420272 0.02811818 0.02691438 0.02326328 0.12846390 0.06693405
41 0.09292330 0.07061780 0.03887260 0.06953050 0.00682066 0.17598801 0.12742601 0.03323660 0.01301350 0.03575920 0.03053410 0.11888101 0.00919975 0.01369130 0.03590790 0.04218030 0.03650460 0.00669374 0.01301310 0.02920600
42 0.05530289 0.02571109 0.01814740 0.00949111 0.01400150 0.01928859 0.02155069 0.03571469 0.02173289 0.05600029 0.07237788 0.02107289 0.01807370 0.19391595 0.00787805 0.18348095 0.05270809 0.01440940 0.10309297 0.05604899
43 0.03080051 0.04832451 0.03416631 0.00497580 0.00524784 0.01179990 0.01198300 0.00703559 0.05536331 0.03916721 0.06711042 0.01001760 0.01761540 0.14307504 0.00416821 0.04473601 0.03313821 0.02058551 0.38428210 0.02640751
44 0.04960275 0.01922288 0.00749792 0.00524928 0.01174919 0.00907483 0.01651858 0.01482389 0.00616991 0.10899990 0.40689563 0.01091369 0.08809982 0.05379955 0.01542129 0.01811628 0.02165308 0.00828154 0.02664008 0.10126991
45 0.02803431 0.02027571 0.01296370 0.00456937 0.00985863 0.00901639 0.01839631 0.01664431 0.02043381 0.07052062 0.12777204 0.01491300 0.02430291 0.34271411 0.00409470 0.02813171 0.02655731 0.02402901 0.12920104 0.06757102
46 0.04833045 0.01844872 0.00734452 0.00545889 0.01162541 0.00946737 0.01749812 0.01321521 0.00605900 0.11048012 0.40522543 0.01076131 0.08608869 0.05475126 0.01474852 0.01987102 0.02298002 0.00857730 0.02650353 0.10256511
47 0.09244375 0.07093396 0.03918148 0.06894876 0.00667948 0.17513390 0.12519293 0.03351488 0.01344889 0.03651058 0.03133348 0.11638894 0.00956768 0.01371119 0.03707138 0.04278508 0.03791288 0.00738468 0.01268689 0.02916918
48 0.03917928 0.00193653 0.00691278 0.00209495 0.00977688 0.00353824 0.00179935 0.00228974 0.00139054 0.29805287 0.16156293 0.00376151 0.06164157 0.02953399 0.00322104 0.01778709 0.03709628 0.00145553 0.00525004 0.31171887
49 0.14686596 0.01315160 0.02513269 0.01470890 0.02711919 0.01859189 0.02145329 0.04260699 0.02252109 0.03391029 0.01730729 0.02088509 0.01035060 0.01058740 0.02046449 0.34875890 0.14977296 0.00473360 0.01614780 0.03492999
50 0.04970350 0.01095600 0.06186901 0.35189103 0.00809101 0.05534650 0.25528002 0.03008520 0.02526610 0.00486022 0.00653646 0.02865280 0.00188592 0.00239882 0.00366519 0.05034930 0.03012180 0.00164287 0.00180232 0.01959590
51 0.06837037 0.00685933 0.01187229 0.01447299 0.01142459 0.01184649 0.01172039 0.01147779 0.00521187 0.21589290 0.13435294 0.01938649 0.05295867 0.03901428 0.01161589 0.03285068 0.05098978 0.00523078 0.01334759 0.27110387
52 0.10585200 0.05513120 0.05699450 0.05762810 0.01510670 0.02246630 0.04424880 0.04273680 0.14631800 0.03644400 0.02986510 0.03093110 0.02259400 0.04518900 0.01654700 0.08754030 0.05315670 0.01474530 0.09596750 0.02053760
53 0.04972967 0.01526799 0.01213309 0.00688087 0.00950100 0.01529579 0.01281869 0.00784029 0.00959883 0.24727387 0.15090992 0.02208869 0.05610247 0.04338618 0.01288879 0.03260788 0.04390498 0.00564483 0.01884929 0.22727688
54 0.02938779 0.02792949 0.49765186 0.01618160 0.01307890 0.01794529 0.01128700 0.02188449 0.01545510 0.02590119 0.02909669 0.04102739 0.11981797 0.01224530 0.00527900 0.02746289 0.02678909 0.00963129 0.01395760 0.03799009
55 0.27301508 0.02118991 0.02463201 0.02360471 0.02440671 0.03403121 0.03643241 0.11026903 0.02384811 0.04297881 0.04977721 0.02733901 0.01776151 0.01466070 0.02691831 0.12055304 0.04660301 0.00725220 0.01213700 0.06259002
56 0.03958569 0.00865149 0.00797355 0.00185170 0.00956529 0.00374646 0.00346579 0.00274466 0.00470837 0.27295392 0.19561494 0.00609079 0.08367457 0.03014049 0.00376085 0.01868849 0.03589379 0.00392513 0.00878112 0.25818292
57 0.15363508 0.02364051 0.02673621 0.02764181 0.03169832 0.01858221 0.03179312 0.07005084 0.02333991 0.03223692 0.02518671 0.02499491 0.01199811 0.01656781 0.02331661 0.32253416 0.07717504 0.00454530 0.01928261 0.03504382
58 0.04436347 0.01007929 0.01317979 0.01820929 0.00880154 0.01307439 0.01409389 0.01810809 0.01052349 0.13791691 0.08461814 0.03020048 0.04688397 0.02100669 0.00949881 0.05427486 0.21241286 0.00684682 0.00909536 0.23681184
59 0.04130547 0.00994649 0.00868384 0.00214492 0.00944662 0.00408258 0.00396676 0.00314489 0.00578936 0.26509079 0.19980284 0.00695661 0.08844283 0.02967808 0.00406998 0.01948958 0.03613197 0.00489032 0.00863129 0.24830480
60 0.05532081 0.13124103 0.04833571 0.05316731 0.00713046 0.08878432 0.06876751 0.02497800 0.01339170 0.04021371 0.02507991 0.24288105 0.02211390 0.01809460 0.00981831 0.04771821 0.04858331 0.00907677 0.00832346 0.03697991
61 0.02897299 0.02168419 0.01412129 0.00495087 0.00997005 0.00964825 0.01787239 0.01779519 0.01925629 0.06938118 0.12757995 0.01550249 0.02507789 0.33859488 0.00391619 0.02870469 0.02734159 0.02398549 0.12804695 0.06759718
62 0.08873549 0.07105427 0.04119114 0.06804337 0.00630822 0.17566418 0.12870613 0.03135513 0.01316681 0.03682904 0.03143153 0.11915312 0.00980521 0.01400551 0.03584744 0.04355765 0.03702464 0.00704896 0.01229421 0.02877793
63 0.05054331 0.01464930 0.01131480 0.00688109 0.00937553 0.01433910 0.01332730 0.00774647 0.00891710 0.24893205 0.15159203 0.02189230 0.05621741 0.04264131 0.01055240 0.03252091 0.04397951 0.00514881 0.01959320 0.22983605
64 0.05898568 0.03065349 0.32251489 0.07702657 0.01296680 0.03402769 0.05113698 0.05570318 0.03116959 0.02355879 0.02088259 0.06117478 0.03118089 0.01784109 0.00577571 0.05766318 0.03971629 0.00871984 0.03461019 0.02469179
65 0.04771420 0.01541540 0.01036570 0.00712793 0.01141030 0.01065660 0.01546000 0.03306790 0.01062820 0.15058401 0.21884301 0.01314600 0.06323950 0.03597470 0.01507040 0.03999840 0.12373101 0.00805972 0.01724600 0.15226101
66 0.06336427 0.05238038 0.03746268 0.12675495 0.00885777 0.07944127 0.32775686 0.02409989 0.01684609 0.01950339 0.03120219 0.05784928 0.00747934 0.01680999 0.02012559 0.04907928 0.02981689 0.00401537 0.00965204 0.01750249
67 0.04773048 0.01933119 0.07120407 0.30472886 0.00838054 0.05180208 0.15953393 0.08884336 0.02870009 0.01214879 0.01121859 0.05152378 0.00582965 0.00536055 0.00508803 0.05455427 0.03844948 0.00489605 0.00378104 0.02689519
68 0.26215887 0.00818565 0.02315379 0.00967811 0.04603618 0.01022709 0.01680469 0.07390176 0.02584319 0.01750139 0.01438729 0.00998359 0.00619854 0.00524763 0.02637489 0.34430882 0.06919726 0.00235463 0.00808465 0.02037199
69 0.08568797 0.03066809 0.03199749 0.03390879 0.01488989 0.02640349 0.03376609 0.03848029 0.02366409 0.06881908 0.04997028 0.04468078 0.02761329 0.02685999 0.02837529 0.11744296 0.19663993 0.00936246 0.02578589 0.08498387
70 0.05353613 0.03629292 0.02988962 0.00874995 0.01093521 0.01000661 0.01293241 0.01112411 0.01419011 0.12581907 0.24326313 0.03304242 0.13027207 0.03375312 0.01369031 0.02910822 0.04070862 0.01595891 0.02104401 0.12568307
71 0.03366779 0.23176590 0.02055449 0.04137318 0.00391745 0.12174095 0.06425697 0.00418196 0.00570054 0.04464668 0.02386829 0.26741888 0.01138249 0.00704995 0.00620615 0.03980168 0.04060178 0.00355867 0.00201962 0.02628659
72 0.04597098 0.01442869 0.06325357 0.29157287 0.00813350 0.03698008 0.15131193 0.10543295 0.02898349 0.00904937 0.00814548 0.03705428 0.00421707 0.00427028 0.00375599 0.11007995 0.04330338 0.00308305 0.00393581 0.02703729
73 0.06214070 0.05196990 0.03746860 0.12792799 0.00889238 0.07909960 0.33082398 0.02391470 0.01668570 0.01957490 0.03271500 0.05795620 0.00784778 0.01669760 0.01876920 0.04810870 0.02887280 0.00426894 0.00817235 0.01809300
74 0.06307580 0.04991960 0.03660970 0.12872099 0.00870433 0.08108380 0.33396998 0.02374080 0.01606010 0.01921200 0.03255460 0.05756360 0.00736133 0.01670930 0.01861570 0.04657650 0.02886030 0.00417640 0.00856939 0.01791580
75 0.02917998 0.02095719 0.01424539 0.00519593 0.00995875 0.00936517 0.01695279 0.01656159 0.01895219 0.06985926 0.12866293 0.01506509 0.02491839 0.33985681 0.00358728 0.02926468 0.02742618 0.02323359 0.12884793 0.06790886
76 0.27377796 0.02142510 0.02536610 0.02192260 0.02456250 0.03366600 0.03551790 0.11283198 0.02292720 0.04050079 0.04859439 0.02616550 0.01689700 0.01453590 0.02664150 0.12761198 0.04827489 0.00715514 0.01232940 0.05929619
77 0.04990683 0.01847891 0.00699768 0.00521516 0.01179391 0.00949648 0.01741841 0.01461401 0.00627855 0.10871307 0.40922425 0.01056931 0.08684685 0.05347143 0.01471791 0.01882001 0.02286611 0.00836725 0.02664192 0.09956196
78 0.08965601 0.07117810 0.04030670 0.06720960 0.00732878 0.17437901 0.12615901 0.03427990 0.01310370 0.03606610 0.03033920 0.11941301 0.00998131 0.01366240 0.03623010 0.04381140 0.03789590 0.00686254 0.01303880 0.02909840
79 0.24346807 0.00529378 0.02446141 0.00649478 0.04124481 0.00963379 0.01436480 0.06354772 0.02586391 0.01999811 0.01221010 0.00893506 0.00504279 0.00536774 0.02370821 0.35476110 0.10566003 0.00218140 0.00888349 0.01887891
80 0.25717103 0.00847351 0.02174630 0.00828937 0.04707261 0.00989814 0.01555840 0.07056291 0.02538070 0.01629850 0.01330590 0.00940518 0.00551558 0.00555777 0.02690280 0.35898804 0.07054191 0.00207267 0.00794057 0.01931810
81 0.04906149 0.09655639 0.03830120 0.05218319 0.00340181 0.10925499 0.06506559 0.00944319 0.01366430 0.08787069 0.02460520 0.26743597 0.01583330 0.01423550 0.00816925 0.04473900 0.04712569 0.00722852 0.00584894 0.03997580
82 0.03643180 0.00522544 0.00593974 0.00129040 0.01043920 0.00332663 0.00387741 0.00205225 0.00175469 0.26025100 0.24961600 0.00206510 0.07596220 0.03353920 0.00310349 0.01584640 0.03073360 0.00309685 0.00934261 0.24610600
83 0.03071459 0.05023889 0.03651329 0.00502486 0.00519228 0.01196230 0.01212840 0.00618303 0.05735769 0.03882059 0.06580378 0.00984225 0.01756300 0.14230096 0.00378124 0.04223549 0.03164239 0.02021629 0.38592990 0.02654879
84 0.09112020 0.07171390 0.03952970 0.06952310 0.00652871 0.17463400 0.12690400 0.03181630 0.01246280 0.03632170 0.03063780 0.12126900 0.00985330 0.01310350 0.03507890 0.04332280 0.03782220 0.00685909 0.01189740 0.02960160
85 0.06365930 0.05174580 0.03576200 0.12529300 0.00870027 0.07986840 0.33424500 0.02342400 0.01601610 0.01923670 0.03232160 0.05820110 0.00760195 0.01677250 0.01999650 0.04709750 0.02879000 0.00432981 0.00908116 0.01785730
86 0.04762491 0.01564690 0.01030710 0.00778775 0.01177010 0.01062380 0.01572370 0.03161290 0.01014400 0.15037602 0.21994703 0.01346540 0.06241651 0.03850121 0.01503020 0.04106941 0.12080002 0.00848940 0.01807060 0.15059302
87 0.03873469 0.00208902 0.00706453 0.00185891 0.00954043 0.00372136 0.00182601 0.00235997 0.00151733 0.29846493 0.16196496 0.00345528 0.06166328 0.02990939 0.00313488 0.01749760 0.03708939 0.00151904 0.00546709 0.31112192
88 0.04555600 0.31878700 0.02531830 0.01865920 0.01323320 0.05255960 0.05893440 0.02192140 0.02508090 0.02592180 0.04267480 0.13260200 0.02669710 0.02172520 0.02982970 0.04358550 0.03260180 0.01400860 0.03763260 0.01267090
89 0.15418494 0.02413109 0.02816289 0.02951319 0.03202019 0.01920069 0.03141789 0.06851847 0.02321049 0.03140269 0.02443079 0.02702579 0.01212560 0.01724779 0.02315119 0.31844588 0.07606777 0.00462429 0.02119619 0.03392219
90 0.04809578 0.01948579 0.07100747 0.30811088 0.00860300 0.05136928 0.16028594 0.08564417 0.02877229 0.01109290 0.01266000 0.04992598 0.00596690 0.00510582 0.00538480 0.05497388 0.03782839 0.00537135 0.00382972 0.02648569
91 0.06740573 0.00733283 0.01182620 0.01438371 0.01164310 0.01177880 0.01205150 0.01146060 0.00493643 0.21694009 0.13559706 0.01844321 0.05309742 0.03865212 0.01152360 0.03086971 0.05039962 0.00493023 0.01237691 0.27435111
92 0.04880101 0.01797631 0.00711375 0.00528559 0.01230460 0.00947644 0.01719870 0.01432800 0.00583657 0.11090803 0.40358811 0.01078590 0.08523082 0.05629362 0.01478680 0.01934651 0.02166131 0.00870847 0.02737341 0.10299603
93 0.05440920 0.12933901 0.04962230 0.05240380 0.00702463 0.08715811 0.06977720 0.02537570 0.01414240 0.04078170 0.02556380 0.24170502 0.02324590 0.01698180 0.00987146 0.04745780 0.05061190 0.00861728 0.00880326 0.03710770
94 0.03226610 0.00134907 0.00658113 0.00094272 0.00994566 0.00214589 0.00092589 0.00139399 0.00089959 0.30071901 0.17828000 0.00094133 0.06525650 0.03197790 0.00149390 0.01585370 0.03500660 0.00141355 0.00553947 0.30706801
95 0.05996171 0.02985711 0.32004006 0.07684742 0.01246970 0.03529581 0.05214871 0.05666671 0.03027551 0.02478410 0.02034500 0.06198971 0.03250851 0.01667050 0.00607018 0.05721431 0.03963851 0.00868952 0.03319071 0.02533621
96 0.05466070 0.13211100 0.04727240 0.05364660 0.00687651 0.08894590 0.06996930 0.02415480 0.01415270 0.04089460 0.02561350 0.24207800 0.02315020 0.01609320 0.00986807 0.04671910 0.04933080 0.00951105 0.00824346 0.03670810
97 0.03180341 0.00118319 0.00646970 0.00089053 0.01012100 0.00210307 0.00095370 0.00131229 0.00092820 0.30141306 0.17782003 0.00086302 0.06495581 0.03206131 0.00157288 0.01608960 0.03494761 0.00139248 0.00543906 0.30768006
98 0.04876949 0.01728370 0.00737871 0.00505154 0.01265350 0.00960455 0.01699990 0.01402140 0.00609965 0.11008298 0.40363792 0.01000900 0.08560568 0.05700589 0.01450270 0.01870150 0.02325000 0.00878094 0.02797299 0.10258798
99 0.10912308 0.01984782 0.19532015 0.06344595 0.01987072 0.02397692 0.05491134 0.06153145 0.03023352 0.01965621 0.01323161 0.04290793 0.01700221 0.01076051 0.00956554 0.19603315 0.06878865 0.00493471 0.01554441 0.02331412
100 0.06307366 0.10466410 0.04330074 0.06950747 0.00422641 0.11128211 0.16799616 0.01799262 0.00993784 0.03851134 0.02266922 0.21611521 0.00962346 0.01153821 0.00754553 0.03612124 0.03479783 0.00549886 0.00345676 0.02214122
101 0.06317173 0.05015172 0.03688112 0.12657305 0.00848386 0.07806393 0.33593414 0.02456781 0.01697001 0.01930741 0.03160831 0.05742872 0.00783099 0.01740461 0.01789321 0.04813282 0.02921121 0.00433839 0.00829074 0.01775621
102 0.05479494 0.12209010 0.04132493 0.04495274 0.00764781 0.06727475 0.05326354 0.03134222 0.01449011 0.03998923 0.01677111 0.22504718 0.01901202 0.01299511 0.00787594 0.12309410 0.06488635 0.00796547 0.00800303 0.03717933
103 0.04913003 0.01813811 0.00715010 0.00580129 0.01201571 0.01002911 0.01766791 0.01404511 0.00565073 0.11062007 0.40670626 0.01032841 0.08503425 0.05464553 0.01441701 0.01832911 0.02287231 0.00837106 0.02633182 0.10271606
104 0.14536001 0.01649670 0.03366000 0.06823671 0.00934184 0.01742170 0.01858180 0.47260304 0.01232670 0.00873515 0.02386240 0.01771930 0.00477492 0.01185530 0.00787490 0.08273581 0.02742730 0.00403403 0.00398117 0.01297120
105 0.16323690 0.03182988 0.03825628 0.09617204 0.01029899 0.10550993 0.23469985 0.02626758 0.02343699 0.02295239 0.02463898 0.06009056 0.00780055 0.01067549 0.01539929 0.06091216 0.03222128 0.00468302 0.00714606 0.02377179
106 0.06468673 0.05182802 0.03604962 0.12708406 0.00872904 0.08004284 0.33103115 0.02452851 0.01617241 0.01940271 0.03137331 0.05556733 0.00751674 0.01627191 0.01954151 0.04875602 0.02905191 0.00456169 0.00919287 0.01861161
107 0.05008897 0.01526989 0.01207429 0.00660521 0.00956554 0.01426819 0.01333879 0.00763011 0.00951217 0.24816583 0.15359090 0.02165639 0.05621996 0.04161337 0.01228829 0.03171738 0.04366187 0.00497121 0.01903579 0.22872585
108 0.06663110 0.06332560 0.03253950 0.02658900 0.00731854 0.02271750 0.02305760 0.02720080 0.02918610 0.04123040 0.09135981 0.04065600 0.04901020 0.10112201 0.01113340 0.03559790 0.04125470 0.17471501 0.07459840 0.04075640
109 0.03971240 0.00218329 0.00693720 0.00197997 0.00979502 0.00396876 0.00202016 0.00225595 0.00138709 0.29725199 0.16163800 0.00409302 0.06147060 0.02958180 0.00312226 0.01762000 0.03713030 0.00155156 0.00523365 0.31106699
110 0.05242248 0.03787018 0.03153949 0.00832353 0.01088600 0.00944962 0.01385509 0.01001160 0.01343359 0.12834394 0.24172289 0.03410968 0.12954594 0.03285919 0.01297379 0.02850179 0.04070708 0.01456969 0.02006549 0.12880894
111 0.04917361 0.01791180 0.00763483 0.00556277 0.01157060 0.01020490 0.01851470 0.01466980 0.00647037 0.10744903 0.40765211 0.01107270 0.08770232 0.05484581 0.01452500 0.01829480 0.02306411 0.00908337 0.02629551 0.09830183
112 0.05038829 0.01811350 0.00740829 0.00502961 0.01183390 0.01013240 0.01769370 0.01619090 0.00594852 0.11144498 0.39856093 0.01058360 0.08509918 0.05508089 0.01516900 0.01889750 0.02328410 0.00870326 0.02704550 0.10339198
113 0.15356496 0.02466809 0.02717419 0.02904879 0.03093639 0.01919559 0.03201939 0.06994118 0.02260339 0.03113619 0.02536609 0.02679699 0.01167810 0.01681140 0.02188329 0.32256691 0.07644348 0.00440739 0.02021859 0.03353959
114 0.09147530 0.07084270 0.03970440 0.06925320 0.00668930 0.17443699 0.12522099 0.03337610 0.01354450 0.03553970 0.03132140 0.11751399 0.00965251 0.01413740 0.03791870 0.04246460 0.03673260 0.00700234 0.01410780 0.02906550
115 0.06569428 0.00679964 0.01157500 0.01351830 0.01185270 0.01127810 0.01080450 0.01107330 0.00486934 0.21807992 0.13712695 0.01839939 0.05349088 0.03868879 0.01106660 0.03245949 0.05083128 0.00494888 0.01273480 0.27470790
116 0.14666500 0.03662850 0.03135330 0.02170480 0.14778100 0.01601450 0.03152010 0.04414570 0.02105900 0.04620330 0.07696320 0.02006380 0.02282150 0.03071750 0.02721130 0.15158700 0.04830770 0.00514198 0.01301740 0.06109340
117 0.09026022 0.07015041 0.03958651 0.07021381 0.00631702 0.17473104 0.12817203 0.03331541 0.01290370 0.03628411 0.03012521 0.11759302 0.00924923 0.01329010 0.03752321 0.04327591 0.03812551 0.00721754 0.01252830 0.02913771
118 0.32618491 0.00413742 0.01119310 0.00640977 0.02110739 0.01984269 0.00751785 0.29074592 0.01521260 0.01083660 0.02974039 0.00518029 0.00487850 0.01097560 0.01221080 0.12724697 0.07548328 0.00190765 0.00215559 0.01703270
119 0.04986197 0.01806719 0.00748642 0.00560015 0.01212609 0.00990630 0.01757959 0.01382309 0.00626860 0.10850394 0.40963677 0.01033609 0.08664635 0.05352247 0.01443089 0.02016699 0.02152289 0.00851347 0.02565779 0.10034294
120 0.27022190 0.02138789 0.02374399 0.02054589 0.02532829 0.03276109 0.03434799 0.11243496 0.02266839 0.04257638 0.05283778 0.02601219 0.01879429 0.01528249 0.02616509 0.12691895 0.04688158 0.00720177 0.01360989 0.06027918
121 0.27174891 0.02216619 0.02452969 0.02233109 0.02415529 0.03327409 0.03483269 0.10949296 0.02460379 0.04248109 0.05038418 0.02732569 0.01815129 0.01534579 0.02613549 0.12635996 0.04661098 0.00727904 0.01236660 0.06042518
122 0.14779497 0.01620430 0.03224479 0.06677689 0.00973538 0.01721380 0.01789570 0.46711590 0.01257160 0.00901890 0.02485629 0.01815380 0.00511536 0.01262850 0.00807457 0.08337318 0.02898589 0.00428012 0.00427578 0.01368430
123 0.04904016 0.01090481 0.01144741 0.00668016 0.00844615 0.01321112 0.01067561 0.00928432 0.01014801 0.24045531 0.11660315 0.02147903 0.04860276 0.02932514 0.01129391 0.05850598 0.11080615 0.00474110 0.02329143 0.20505827
124 0.05044843 0.01436301 0.01126971 0.00663752 0.00952837 0.01450021 0.01312481 0.00752631 0.00931379 0.24920116 0.15393410 0.02075661 0.05658264 0.04190283 0.01148921 0.03275912 0.04332983 0.00512419 0.01823201 0.22997615
125 0.03480210 0.00250523 0.00636407 0.00214797 0.01134600 0.00338448 0.00319259 0.00322628 0.00185227 0.25459699 0.21312699 0.00296174 0.06493130 0.05024700 0.00392187 0.01736760 0.03371290 0.00375535 0.01429130 0.27226599
126 0.05178747 0.03744308 0.03081008 0.00906161 0.01084399 0.00982790 0.01369169 0.01089389 0.01259839 0.12623792 0.24416885 0.03342438 0.12957392 0.03440728 0.01262479 0.02850138 0.04072237 0.01577169 0.02077039 0.12683892
127 0.15271995 0.02473149 0.02793429 0.02928429 0.03079509 0.01970299 0.03153439 0.07046098 0.02322649 0.03282609 0.02373759 0.02703959 0.01115480 0.01715099 0.02268589 0.31930189 0.07578377 0.00396355 0.02095929 0.03500659
128 0.05926481 0.03082160 0.32010203 0.07816981 0.01230940 0.03571930 0.05160681 0.05503841 0.03104380 0.02451740 0.02064900 0.06324721 0.03199340 0.01656060 0.00570250 0.05587981 0.04006230 0.00925960 0.03260710 0.02544510
129 0.04925312 0.01790601 0.00727051 0.00520550 0.01249341 0.00943638 0.01709681 0.01352181 0.00588125 0.11027705 0.40975018 0.01034640 0.08697314 0.05275192 0.01522851 0.01817041 0.02192111 0.00842933 0.02569711 0.10239004
130 0.03923240 0.00184185 0.00681507 0.00194178 0.00973541 0.00343327 0.00177011 0.00231169 0.00132761 0.29770402 0.16225001 0.00342606 0.06179520 0.03029090 0.00325378 0.01778710 0.03708720 0.00153671 0.00567979 0.31078002
131 0.04610910 0.31951900 0.02556330 0.01916670 0.01241650 0.05270080 0.05875920 0.02323060 0.02480640 0.02632900 0.04360460 0.13232800 0.02647110 0.02198540 0.03082760 0.04200850 0.03228160 0.01371440 0.03538230 0.01279590
132 0.05049273 0.01668321 0.00689997 0.00529111 0.01184411 0.00957770 0.01672401 0.01393971 0.00619334 0.11196606 0.40731824 0.00995272 0.08775755 0.05260173 0.01494101 0.01818601 0.02244411 0.00809820 0.02670742 0.10238106
133 0.04736903 0.01947331 0.07052554 0.30462419 0.00848991 0.05250063 0.16049410 0.08569125 0.02777342 0.01196311 0.01253191 0.05161553 0.00611118 0.00511290 0.00559854 0.05412953 0.03903752 0.00501711 0.00364685 0.02829442
134 0.03729932 0.00419663 0.00825343 0.00389525 0.01257751 0.00607142 0.00583469 0.00759817 0.00443498 0.22118510 0.18083308 0.00640034 0.05693093 0.05525682 0.00525802 0.05859933 0.04609402 0.00532602 0.01665281 0.25730212
135 0.04962841 0.01829090 0.00709310 0.00541282 0.01138470 0.00952993 0.01775610 0.01507980 0.00643592 0.10879502 0.40553708 0.01026330 0.08629542 0.05491681 0.01559640 0.01886690 0.02279570 0.00878363 0.02747101 0.10006702
136 0.03121021 0.04865082 0.03433181 0.00451722 0.00546157 0.01145010 0.01111640 0.00680680 0.05551772 0.03906041 0.06764532 0.00940272 0.01767471 0.14517305 0.00378875 0.04411761 0.03228251 0.02027351 0.38415513 0.02736361
137 0.04911791 0.01763260 0.00723702 0.00517814 0.01162570 0.00944848 0.01692120 0.01373260 0.00615661 0.11124802 0.40500206 0.01012130 0.08667801 0.05619591 0.01403990 0.01828760 0.02251560 0.00907401 0.02702930 0.10275801
138 0.02967650 0.02107560 0.01423060 0.00482625 0.00988367 0.00904526 0.01805420 0.01826990 0.02010810 0.07044781 0.12951701 0.01508010 0.02447510 0.33717903 0.00432092 0.02823270 0.02635780 0.02322680 0.12729701 0.06869561
139 0.14572610 0.01588131 0.03148992 0.06850405 0.00924904 0.01692831 0.01750401 0.47549231 0.01214991 0.00898522 0.02451642 0.01762031 0.00497355 0.01268621 0.00751253 0.08161575 0.02790862 0.00390016 0.00436966 0.01298661
140 0.02868632 0.02125652 0.01328721 0.00464896 0.00990564 0.00916974 0.01785601 0.01788021 0.02003711 0.07095125 0.12838109 0.01562511 0.02488932 0.33880625 0.00418995 0.02816502 0.02769742 0.02330672 0.12718809 0.06807205
141 0.04806951 0.03937071 0.05941861 0.12665503 0.01160780 0.02615791 0.04126891 0.02833911 0.02489850 0.03608381 0.08323222 0.07249691 0.14070003 0.01512580 0.01367670 0.04247971 0.05671381 0.03191101 0.01213200 0.08966192
142 0.06510980 0.00682012 0.01185860 0.01369870 0.01150770 0.01090330 0.01061050 0.01101000 0.00501927 0.21844600 0.13697300 0.01867130 0.05422960 0.03972880 0.01088320 0.03188130 0.05028870 0.00529331 0.01304280 0.27402400
143 0.14386502 0.01584860 0.03180490 0.06893141 0.00930651 0.01724180 0.01884980 0.47750607 0.01229420 0.00814155 0.02351960 0.01743750 0.00485007 0.01214840 0.00792474 0.08069221 0.02838510 0.00391334 0.00425554 0.01308360
144 0.26472695 0.00783859 0.02296720 0.00935762 0.04542919 0.01053810 0.01693330 0.07430659 0.02640180 0.01877690 0.01435090 0.01077400 0.00626493 0.00568245 0.02672950 0.33833994 0.06981449 0.00224479 0.00785489 0.02066790
145 0.18270793 0.02075089 0.08296907 0.02603679 0.08832957 0.00966309 0.02332719 0.05293278 0.02298969 0.01044790 0.01615089 0.01305109 0.01022320 0.01556989 0.02026899 0.31771288 0.06165508 0.00264165 0.00652175 0.01604969
146 0.03407513 0.00251009 0.00690706 0.00164707 0.00999647 0.00237216 0.00184422 0.00240856 0.00201399 0.26281021 0.21913318 0.00272837 0.07650996 0.03652723 0.00257300 0.01619121 0.03448013 0.00272507 0.00924266 0.27330422
147 0.25050181 0.00715815 0.02202458 0.00919604 0.04673787 0.00935176 0.01624679 0.06647575 0.02528758 0.01687919 0.01325119 0.00942728 0.00550899 0.00550743 0.02662918 0.36901273 0.07239825 0.00203924 0.00784980 0.01851639
148 0.04991340 0.01493170 0.01166880 0.00671902 0.00947874 0.01509820 0.01218420 0.00758696 0.00846656 0.24854199 0.15323600 0.02184930 0.05606150 0.04189760 0.01243880 0.03207650 0.04376680 0.00506285 0.01836510 0.23065599
149 0.05012550 0.01887290 0.00684095 0.00543890 0.01220130 0.00922328 0.01708980 0.01487500 0.00588367 0.10983100 0.40587899 0.01061010 0.08679710 0.05369070 0.01502180 0.01848790 0.02257760 0.00885782 0.02582070 0.10187500
150 0.05195078 0.01769759 0.00501878 0.00271683 0.00953152 0.00351776 0.00841942 0.00393434 0.00598441 0.10310495 0.47680878 0.00981679 0.13172894 0.02413739 0.01058760 0.01132339 0.01707149 0.00705081 0.01510929 0.08448916
151 0.07018208 0.05188949 0.00718446 0.00771506 0.01373750 0.04540049 0.03704529 0.01796470 0.01046010 0.03277229 0.04740879 0.01514110 0.01256080 0.00613031 0.48343289 0.05326289 0.05068589 0.00317709 0.00520730 0.02864149
152 0.04471152 0.31966513 0.02448041 0.02007881 0.01244020 0.05418252 0.05992232 0.02208761 0.02483521 0.02635511 0.04160542 0.13454305 0.02565621 0.02146261 0.03111161 0.04215312 0.03271661 0.01351591 0.03606551 0.01241110
153 0.06858492 0.05301732 0.00678715 0.00726886 0.01224610 0.04483522 0.03590451 0.01675061 0.01019640 0.03356221 0.04806432 0.01488391 0.01364930 0.00572544 0.48964117 0.05095092 0.05165742 0.00307589 0.00464121 0.02855711
154 0.02881561 0.02141910 0.01355190 0.00513835 0.01017540 0.00961079 0.01916550 0.01734430 0.01969640 0.07005472 0.12721803 0.01568730 0.02473671 0.33812308 0.00397083 0.02858911 0.02793491 0.02403951 0.12688103 0.06784742
155 0.36292476 0.00424629 0.00820396 0.00450586 0.02900098 0.01657759 0.00969150 0.14750690 0.01202519 0.02275159 0.01531769 0.00509361 0.00576457 0.00749547 0.07571405 0.12115292 0.03755058 0.00349447 0.00273410 0.10824793
156 0.05931863 0.03086801 0.31674515 0.08145314 0.01259631 0.03572262 0.05348013 0.05610663 0.03085441 0.02443501 0.02030131 0.06184823 0.03174171 0.01656261 0.00576527 0.05707123 0.04038762 0.00833536 0.03088361 0.02552301
157 0.03621362 0.00299175 0.00634686 0.00162420 0.01034611 0.00225129 0.00257983 0.00236934 0.00224152 0.23764415 0.26525717 0.00255583 0.08244495 0.03656922 0.00367473 0.01503561 0.03061432 0.00303710 0.01092521 0.24527716
158 0.02266499 0.01436699 0.01262479 0.00304075 0.00770847 0.00500082 0.00725869 0.00712758 0.01101489 0.10201593 0.17805488 0.01180189 0.05921416 0.26401183 0.00326183 0.02148109 0.02374148 0.02734608 0.10763493 0.11062793
159 0.03212964 0.00122046 0.00651669 0.00089616 0.01012041 0.00206067 0.00087601 0.00129093 0.00084197 0.30290136 0.17734421 0.00074540 0.06511518 0.03074094 0.00138321 0.01592622 0.03477054 0.00121355 0.00482408 0.30908237
160 0.07335478 0.03288884 0.15632717 0.08921670 0.00388653 0.08996560 0.13837915 0.05299696 0.01434102 0.02988063 0.00851280 0.18677520 0.00612897 0.00756115 0.00320263 0.04401605 0.03737984 0.00474751 0.00367226 0.01676622
161 0.03050950 0.04941560 0.03587990 0.00480560 0.00532569 0.01163640 0.01166420 0.00638929 0.05621789 0.03910640 0.06887429 0.00959417 0.01769730 0.14238899 0.00362465 0.04199390 0.03181710 0.02066830 0.38500196 0.02738890
162 0.03144840 0.04852990 0.03493810 0.00435685 0.00579579 0.01207570 0.01170700 0.00691193 0.05561390 0.03944150 0.06591880 0.00963993 0.01739460 0.14265701 0.00394686 0.04404920 0.03278440 0.02019250 0.38629802 0.02629960
163 0.27335308 0.02178381 0.02381871 0.02200361 0.02518531 0.03246201 0.03687021 0.10877503 0.02293211 0.04284101 0.05099821 0.02626771 0.01816531 0.01364020 0.02742831 0.12710904 0.04627691 0.00701752 0.01178810 0.06128382
164 0.06700531 0.00682868 0.01185890 0.01441970 0.01196050 0.01170640 0.01238080 0.01117030 0.00502724 0.21490204 0.13426302 0.01940660 0.05376511 0.03856321 0.01133960 0.03333751 0.05162131 0.00498491 0.01177980 0.27367905
165 0.04820808 0.01975939 0.06977898 0.30458990 0.00850595 0.05186418 0.16055695 0.08947137 0.02813749 0.01157190 0.01163120 0.04996098 0.00542544 0.00523570 0.00510930 0.05475248 0.03851569 0.00546207 0.00419747 0.02726549
166 0.05061549 0.01474520 0.01131320 0.00696321 0.00966459 0.01495940 0.01286490 0.00763641 0.00912615 0.24777997 0.15303198 0.02224070 0.05670869 0.04203549 0.01295730 0.03154760 0.04246339 0.00534296 0.01942540 0.22857797
167 0.14189807 0.01222901 0.02572831 0.05522903 0.02249841 0.01004911 0.01547291 0.34280418 0.01897021 0.00961415 0.01582591 0.01394261 0.00377483 0.00728085 0.01116161 0.23488212 0.04337622 0.00222583 0.00321886 0.00981777
168 0.06695827 0.00706571 0.01120650 0.01344009 0.01143879 0.01152309 0.01096760 0.01172269 0.00486709 0.21718490 0.13652494 0.01879689 0.05444938 0.03750188 0.01139559 0.03155669 0.05152798 0.00466714 0.01230989 0.27489488
169 0.09109460 0.07074502 0.03870726 0.06903773 0.00667687 0.17550681 0.12677086 0.03224697 0.01327379 0.03598356 0.03131167 0.11662187 0.00893136 0.01365359 0.03806166 0.04353815 0.03664776 0.00751812 0.01411258 0.02955977
170 0.04961272 0.01794711 0.00668848 0.00517400 0.01210550 0.00925848 0.01721131 0.01362991 0.00602046 0.10823804 0.41192715 0.01035250 0.08713613 0.05412652 0.01556341 0.01829701 0.02180071 0.00842951 0.02610601 0.10037504
171 0.04586177 0.31860778 0.02608258 0.01917309 0.01242719 0.05209006 0.05851766 0.02170248 0.02529788 0.02518718 0.04134087 0.13416691 0.02592498 0.02174178 0.02981098 0.04461727 0.03206678 0.01394709 0.03863767 0.01279799
172 0.03227790 0.00130141 0.00655320 0.00098927 0.01000170 0.00218692 0.00101334 0.00137524 0.00091180 0.30125296 0.17765298 0.00098830 0.06481809 0.03179070 0.00149934 0.01587840 0.03469140 0.00135321 0.00524791 0.30821596
173 0.04690353 0.02002991 0.07220185 0.30386120 0.00901498 0.05007973 0.15864911 0.08681236 0.02918502 0.01199811 0.01202211 0.05246414 0.00642458 0.00533168 0.00535522 0.05371344 0.03933003 0.00541178 0.00380730 0.02740392
174 0.06159624 0.05275334 0.03640422 0.12692609 0.00877811 0.07788585 0.32997522 0.02362712 0.01542471 0.02000311 0.03502722 0.05837784 0.00838764 0.01697371 0.02017761 0.04672763 0.02895982 0.00470400 0.00827611 0.01901441
175 0.04777537 0.01933829 0.07089265 0.30097379 0.00875445 0.05246316 0.16044389 0.08528674 0.02796648 0.01197239 0.01231289 0.05234906 0.00637539 0.00516682 0.00542931 0.05402656 0.03965017 0.00610311 0.00404991 0.02866958
176 0.04756859 0.01902570 0.07002259 0.30318296 0.00815209 0.05095499 0.15941998 0.09355669 0.02870240 0.01157870 0.01110740 0.05057519 0.00606348 0.00533235 0.00599248 0.05473579 0.03797960 0.00565643 0.00376399 0.02662860
177 0.06827555 0.00695322 0.01143881 0.01469951 0.01093981 0.01167611 0.01126051 0.01156731 0.00496641 0.21647114 0.13519409 0.01897671 0.05313404 0.03853483 0.01092791 0.03359322 0.05086923 0.00453491 0.01241851 0.27356818
178 0.26301988 0.00382012 0.01709479 0.00268413 0.10996995 0.00356654 0.00790570 0.05879567 0.01853559 0.00762232 0.01098469 0.00309992 0.00325538 0.00303373 0.02922569 0.37629783 0.06280497 0.00092292 0.00318980 0.01417039
179 0.09234168 0.04362389 0.02621869 0.09651018 0.00379104 0.21015796 0.28677494 0.01254760 0.00685527 0.02250740 0.02176380 0.08544108 0.00316382 0.00766534 0.01642190 0.02665549 0.01753480 0.00280309 0.00294425 0.01427780
