1 0.03561641 0.00288101 0.00344978 0.00129132 0.00559596 0.00769963 0.00283463 0.00251637 0.00155349 0.15095604 0.48257112 0.00157449 0.05829661 0.03133651 0.00376157 0.01002220 0.01248470 0.00061211 0.01209300 0.17285304
2 0.03471980 0.01263360 0.01400610 0.00858251 0.00931650 0.01343660 0.02263070 0.00861957 0.04636410 0.04987770 0.26016001 0.01229850 0.03202270 0.01340750 0.28721901 0.09130270 0.02535760 0.00236688 0.02088570 0.03479220
3 0.03838528 0.00460586 0.00777875 0.18646892 0.01136830 0.02951429 0.00373682 0.56921876 0.00341575 0.00199245 0.00708500 0.00274618 0.00203498 0.00101671 0.07808787 0.03827278 0.00563634 0.00081239 0.00487675 0.00294584
4 0.05174782 0.00835586 0.00824676 0.01102840 0.00960861 0.01390621 0.01766761 0.00967062 0.00395919 0.17818207 0.09263614 0.01866871 0.03235871 0.01853301 0.00798318 0.02753371 0.03430651 0.00292340 0.01044530 0.44223817
5 0.03918090 0.10326401 0.03264060 0.03174730 0.00723696 0.06215631 0.04715490 0.02661850 0.02006100 0.02759640 0.01446560 0.43909104 0.01092940 0.01276060 0.00780903 0.03834630 0.03404160 0.00738811 0.01125320 0.02625820
6 0.03202059 0.00946634 0.00866171 0.00591493 0.00872150 0.01810010 0.00950241 0.00645495 0.00603264 0.37083593 0.13755497 0.01522680 0.04338099 0.02785159 0.01134660 0.02803469 0.03010899 0.00409912 0.01416820 0.21251696
7 0.11251995 0.02335029 0.02314969 0.01729599 0.02335719 0.01312069 0.02083219 0.04567088 0.01150860 0.02252909 0.02037539 0.02018179 0.01028000 0.01663009 0.02260839 0.49661579 0.06193467 0.00253921 0.00969361 0.02580649
8 0.03188762 0.01185871 0.00939852 0.00662485 0.00863856 0.01721171 0.00946604 0.00706057 0.00575847 0.36814722 0.13558108 0.01496131 0.04205843 0.02912212 0.01238131 0.02786372 0.03068332 0.00421962 0.01364471 0.21343213
9 0.03971012 0.10661606 0.03234582 0.03120392 0.00690450 0.06071563 0.04802793 0.02518191 0.01865401 0.02763381 0.01540811 0.43781724 0.01099621 0.01257271 0.00791447 0.03764362 0.03519772 0.00617089 0.01371071 0.02557461
10 0.02473820 0.01923900 0.01950000 0.00487578 0.00262622 0.00915235 0.00771787 0.00522633 0.03606121 0.02592730 0.04394721 0.01601100 0.01221680 0.10191502 0.00509698 0.02046070 0.01946180 0.01287340 0.59256910 0.02038370
11 0.03875949 0.03915859 0.01336220 0.02730209 0.00521234 0.02725059 0.02948419 0.01374070 0.02202809 0.01468460 0.01293580 0.30918191 0.02064529 0.02220519 0.00551786 0.03670749 0.07981998 0.21885193 0.03546399 0.02768769
12 0.01832349 0.01379760 0.00494830 0.00391710 0.01078420 0.00687677 0.01679179 0.00789468 0.01691169 0.04432259 0.09561007 0.00982378 0.01379810 0.55507482 0.00333952 0.02536009 0.00970857 0.01264550 0.09683287 0.03323849
13 0.03045860 0.00925659 0.04714300 0.56930205 0.00506898 0.03924000 0.21179702 0.00295465 0.01480030 0.00319952 0.00426811 0.01389430 0.00061221 0.00113488 0.00222137 0.01335520 0.01951600 0.00040846 0.00086905 0.01049970
14 0.03676539 0.01426260 0.06145258 0.50755086 0.00690062 0.03545579 0.13615396 0.04275289 0.01646090 0.00925873 0.01049540 0.03061429 0.00204858 0.00398694 0.00772794 0.02955969 0.02243369 0.00155842 0.00442875 0.02013199
15 0.04106982 0.48938321 0.02532331 0.01279061 0.00779951 0.03015051 0.04834642 0.01252371 0.03702632 0.01705371 0.02119711 0.10219204 0.01731371 0.01483561 0.01888661 0.04524422 0.02222451 0.00715356 0.01573781 0.01374771
16 0.08539282 0.00795975 0.02395151 0.03400481 0.00586607 0.01218970 0.01052330 0.68196416 0.00576202 0.00561260 0.01028090 0.01486330 0.00421068 0.00440693 0.00912892 0.04413971 0.02487801 0.00307983 0.00307745 0.00870751
17 0.05125530 0.00832687 0.00846304 0.01005870 0.00979880 0.01358420 0.01692510 0.00928049 0.00349600 0.18162001 0.09368810 0.01790480 0.03098070 0.01820360 0.00764979 0.02852770 0.03465280 0.00312169 0.00935029 0.44311201
18 0.02164919 0.50596868 0.03546898 0.00604693 0.00454280 0.13402991 0.03332678 0.00504167 0.05435117 0.01341239 0.01592949 0.05501816 0.00530020 0.00619233 0.00828134 0.05446417 0.01401429 0.00289213 0.01508109 0.00898832
19 0.03792142 0.04570742 0.02176151 0.08489924 0.00871670 0.04036462 0.56731726 0.01363231 0.01717271 0.01109391 0.01199881 0.03412842 0.00417955 0.01357141 0.00566731 0.03103211 0.02133951 0.00230667 0.00652361 0.02066551
20 0.03555782 0.00308153 0.00359592 0.00130048 0.00577002 0.00899969 0.00303583 0.00249622 0.00150142 0.15612410 0.47372631 0.00196986 0.05558654 0.03194862 0.00365943 0.01062811 0.01304181 0.00081056 0.01235961 0.17480611
21 0.10888695 0.02254749 0.02305879 0.01739679 0.02354339 0.01324019 0.01959429 0.04643108 0.01115230 0.02227909 0.02000829 0.01998099 0.01019550 0.01590159 0.02270069 0.50432479 0.06088337 0.00235892 0.01010580 0.02540969
22 0.03908832 0.00802323 0.00659812 0.00511973 0.00611721 0.00681780 0.00753279 0.00756790 0.00818187 0.09371884 0.54870125 0.00640497 0.07542873 0.04237762 0.00805391 0.01524121 0.01664061 0.00246641 0.01773661 0.07818284
23 0.04114489 0.10311797 0.03368289 0.03274439 0.00779467 0.05999598 0.04635089 0.02663209 0.02183999 0.02735439 0.01561300 0.42712087 0.01151190 0.01274130 0.00871940 0.03898329 0.03695809 0.00686773 0.01273560 0.02809069
24 0.08586514 0.00808695 0.02374551 0.03521072 0.00623427 0.01279551 0.00876007 0.68139233 0.00559206 0.00593924 0.01123271 0.01455861 0.00489048 0.00465442 0.00902375 0.04478302 0.02208031 0.00297156 0.00330452 0.00887880
25 0.03117792 0.01136251 0.00827146 0.00564905 0.00881904 0.01924221 0.00958532 0.00716326 0.00554780 0.36976628 0.13770510 0.01521101 0.04313143 0.02643082 0.01204461 0.02723802 0.03089012 0.00416326 0.01302761 0.21357316
26 0.47193181 0.01898419 0.01839559 0.01520599 0.02016319 0.02452599 0.02287509 0.07566707 0.01690179 0.02134809 0.03458149 0.02005949 0.01552549 0.00893800 0.02336469 0.09078606 0.03744998 0.00363131 0.01045660 0.04920808
27 0.02543180 0.02401700 0.00817574 0.00100411 0.00340322 0.00552693 0.00228482 0.00460325 0.01479260 0.21113203 0.19774303 0.00603967 0.33511205 0.00534246 0.00420113 0.01509700 0.01903390 0.00297340 0.00808281 0.10600302
28 0.03301022 0.01287511 0.04052712 0.45830024 0.00854668 0.03582402 0.30658616 0.00402724 0.01355251 0.00458905 0.00481444 0.01892511 0.00081135 0.00175538 0.00275937 0.02068911 0.01952611 0.00055909 0.00142297 0.01089871
29 0.01454280 0.00268095 0.00301956 0.00088600 0.01127200 0.01532110 0.00315793 0.00348666 0.00098967 0.38732396 0.11119399 0.00214285 0.02342600 0.01386720 0.00430578 0.01105610 0.01317260 0.00123940 0.00606250 0.37085297
30 0.02968979 0.07821747 0.01543579 0.06165618 0.01385189 0.04707078 0.16601794 0.03135149 0.00873348 0.10567196 0.01677659 0.35264187 0.00409440 0.00556083 0.00792151 0.01541309 0.02238489 0.00281911 0.00425205 0.01043890
31 0.07962918 0.00779722 0.02397649 0.03615579 0.00612328 0.01179910 0.00926451 0.68472184 0.00536472 0.00607108 0.01083300 0.01474990 0.00488975 0.00455661 0.00950153 0.04540739 0.02461569 0.00296678 0.00289650 0.00867965
32 0.05020150 0.00840771 0.00902318 0.01187440 0.00991159 0.01422740 0.01826450 0.00928940 0.00382478 0.17725399 0.09267240 0.01895490 0.03122720 0.01806990 0.00773081 0.02960220 0.03578460 0.00260717 0.01040440 0.44066798
33 0.02578441 0.00390690 0.00280191 0.00172333 0.00513154 0.00731039 0.00479616 0.00186193 0.00227616 0.22861407 0.43002213 0.00206153 0.09050213 0.02715781 0.00395294 0.01317780 0.02025451 0.00056949 0.00854483 0.11955004
34 0.00675461 0.08795615 0.00223358 0.00310893 0.00267697 0.01204001 0.00251175 0.00182413 0.00276142 0.00495897 0.00515679 0.00622913 0.00176151 0.00123401 0.78384443 0.05989563 0.00726098 0.00059193 0.00135612 0.00584292
35 0.00952109 0.00146281 0.00120639 0.00141823 0.00138178 0.00445565 0.00364867 0.00199397 0.00559189 0.02128269 0.04216278 0.00159999 0.01783089 0.65052276 0.00067466 0.00608624 0.00636834 0.00433795 0.20345693 0.01499629
36 0.07679110 0.07790710 0.04197630 0.03124180 0.01784980 0.03848040 0.04764050 0.02159850 0.28095200 0.02143240 0.04155350 0.04528680 0.02303390 0.04916760 0.02132120 0.04436230 0.03168640 0.01074630 0.06091790 0.01605420
37 0.11229795 0.02352329 0.02265099 0.01734979 0.02415419 0.01372309 0.01971029 0.04653858 0.01179709 0.02278539 0.02138069 0.01923079 0.01063940 0.01715699 0.02101599 0.49622579 0.06039787 0.00218533 0.01008160 0.02715489
38 0.02506660 0.01950510 0.01999890 0.00481099 0.00294160 0.00946815 0.00904953 0.00554830 0.03658371 0.02674810 0.04425971 0.01630310 0.01252110 0.10210302 0.00511046 0.02131830 0.01957020 0.01281000 0.58642210 0.01986100
39 0.03634442 0.48520231 0.03571492 0.00470549 0.00525245 0.04841003 0.04395303 0.00535933 0.11951808 0.01066371 0.00742722 0.02604562 0.00433418 0.01074221 0.00625952 0.10592007 0.01474861 0.00383229 0.01823931 0.00732719
40 0.01825470 0.01308620 0.00472685 0.00384633 0.01076860 0.00661225 0.01603710 0.00827829 0.01864720 0.04523479 0.09607499 0.01033290 0.01429690 0.55288892 0.00303843 0.02586830 0.01014180 0.01228660 0.09639629 0.03318260
41 0.08237737 0.03829049 0.03424019 0.03689619 0.01047020 0.40536185 0.06652488 0.02454939 0.02244149 0.03591739 0.02283529 0.08872727 0.00703370 0.00874423 0.01477049 0.03159539 0.02336329 0.00569637 0.00990526 0.03025929
42 0.08090585 0.00824592 0.00699124 0.00730065 0.01070211 0.00724231 0.01236621 0.01830601 0.01135281 0.01661031 0.04344923 0.00881487 0.00828799 0.14904909 0.00687734 0.54174234 0.02283201 0.00248939 0.01372221 0.02271211
43 0.02475391 0.01899231 0.01991991 0.00450930 0.00257862 0.00943638 0.00902162 0.00478195 0.03588281 0.02740291 0.04620932 0.01611031 0.01206230 0.09830623 0.00471770 0.02020971 0.01889501 0.01289610 0.59322020 0.02009341
44 0.03996642 0.00781509 0.00621157 0.00408619 0.00505839 0.00695153 0.00743663 0.00746295 0.00761668 0.09378614 0.55042125 0.00652540 0.07700013 0.04012802 0.00769298 0.01578801 0.01725721 0.00272274 0.01764211 0.07843054
45 0.01825821 0.01254591 0.00487171 0.00352504 0.01047231 0.00680168 0.01658901 0.00798745 0.01760421 0.04657423 0.09734225 0.00934435 0.01445481 0.55086031 0.00346312 0.02400921 0.01069541 0.01208501 0.09865806 0.03385772
46 0.03873958 0.00694861 0.00686766 0.00443101 0.00563153 0.00703217 0.00816703 0.00654088 0.00806956 0.09761796 0.54246077 0.00635864 0.07605507 0.04182708 0.00890823 0.01624249 0.01679489 0.00288611 0.01852719 0.07989357
47 0.08105898 0.03788829 0.03576729 0.03528529 0.00938914 0.40798291 0.06758559 0.02330289 0.02290469 0.03419459 0.02294159 0.08810368 0.00749670 0.00982396 0.01511420 0.03090869 0.02344509 0.00525322 0.01061090 0.03094229
48 0.01442251 0.00220242 0.00273978 0.00091515 0.01178911 0.01476081 0.00385991 0.00368331 0.00077399 0.37998523 0.10273406 0.00245677 0.01979331 0.01195621 0.00383631 0.01010141 0.01211771 0.00105916 0.00524358 0.39556924
49 0.07378352 0.01117010 0.18877806 0.02082341 0.02279931 0.01507070 0.02016331 0.02731381 0.00687590 0.01672281 0.00800655 0.03345461 0.00766498 0.00310621 0.00364653 0.31906611 0.20348007 0.00124993 0.00614647 0.01067760
50 0.02982781 0.00724671 0.04889892 0.59616625 0.00432099 0.03949902 0.19622308 0.00214591 0.01523161 0.00273393 0.00340412 0.00969417 0.00032165 0.00103945 0.00187017 0.01109510 0.01964251 0.00031679 0.00067235 0.00964944
51 0.02969320 0.01323700 0.01011720 0.01412330 0.00981083 0.11094199 0.01625560 0.01196320 0.00500905 0.19837597 0.07895889 0.01554240 0.01458040 0.01106020 0.00888737 0.02203120 0.02818600 0.00233624 0.00705104 0.39183895
52 0.07886049 0.07406819 0.04096770 0.03144650 0.01598100 0.04064340 0.04966010 0.02269170 0.27732297 0.02398980 0.04014130 0.04596810 0.02390530 0.04817670 0.02184440 0.04587060 0.03177330 0.01025480 0.06114999 0.01528370
53 0.03029390 0.01052290 0.00910605 0.00571102 0.00871697 0.01762120 0.00946573 0.00669011 0.00591966 0.36893798 0.13697599 0.01495330 0.04457670 0.02783760 0.01229480 0.02801210 0.02977380 0.00394442 0.01457980 0.21406599
54 0.02594620 0.02300910 0.30228100 0.03354430 0.00783914 0.02937200 0.01389670 0.01552260 0.02198150 0.17064000 0.03967060 0.08612240 0.03239210 0.00856854 0.00786041 0.06421830 0.04412840 0.00334152 0.01578370 0.05388150
55 0.46608697 0.01860730 0.01823780 0.01571380 0.01950360 0.02663650 0.02140110 0.07575060 0.01810530 0.02267400 0.03667740 0.01958180 0.01548360 0.00867302 0.02495600 0.09229059 0.03830980 0.00391822 0.00982162 0.04757100
56 0.01723181 0.01145171 0.01055711 0.00666789 0.00731031 0.12029507 0.01567581 0.00589167 0.00590378 0.36458321 0.09402655 0.05060103 0.01534201 0.01501521 0.00914080 0.01915351 0.01857431 0.00295107 0.00652101 0.20310612
57 0.11144103 0.02288561 0.02318481 0.01583760 0.02398991 0.01304900 0.01991701 0.04712541 0.01089920 0.02200981 0.02095131 0.01822040 0.01005660 0.01704510 0.02200581 0.49929313 0.06454522 0.00244213 0.00979681 0.02530411
58 0.03122967 0.01060379 0.00908082 0.00901767 0.00544538 0.00991624 0.00921487 0.00733671 0.00941543 0.04861306 0.02869638 0.01048789 0.01571949 0.00434870 0.00635513 0.03401357 0.48776159 0.00487843 0.01055039 0.24731479
59 0.02406520 0.02657940 0.00842602 0.00075026 0.00278355 0.00449312 0.00225636 0.00404270 0.01793290 0.20825900 0.17416700 0.00569257 0.38128200 0.00275699 0.00368216 0.01329040 0.01657950 0.00270208 0.00704440 0.09321440
60 0.04605513 0.03254822 0.03274872 0.01871381 0.00475472 0.30889617 0.04238072 0.01233731 0.01583761 0.03475942 0.00872266 0.36021020 0.00529392 0.00810258 0.00430316 0.02504361 0.02500001 0.00329526 0.00370760 0.00728915
61 0.01877949 0.01250369 0.00464240 0.00370579 0.01000619 0.00681765 0.01714619 0.00802723 0.01888339 0.04405407 0.09551804 0.00996567 0.01419719 0.55351465 0.00355218 0.02380688 0.01090149 0.01432059 0.09660554 0.03305168
62 0.07923448 0.03836649 0.03475649 0.03959019 0.00918269 0.40065392 0.06876289 0.02491420 0.02341480 0.03744419 0.02254470 0.08613708 0.00750264 0.00896517 0.01515830 0.03074159 0.02497230 0.00472490 0.01103630 0.03189669
63 0.03228911 0.01096950 0.00907753 0.00585447 0.00847317 0.01733161 0.00967345 0.00694131 0.00617928 0.36720211 0.13846704 0.01621860 0.04330951 0.02800361 0.01203400 0.02863031 0.03008801 0.00417679 0.01375450 0.21132606
64 0.03744242 0.02819232 0.52290831 0.06109484 0.00734879 0.03087962 0.02902342 0.03705572 0.02242971 0.01603781 0.01855591 0.03868482 0.00740458 0.00581234 0.00624600 0.04768573 0.03589572 0.00285139 0.02691582 0.01753471
65 0.02807842 0.00629014 0.00692969 0.00460665 0.00513746 0.00674451 0.01083111 0.00716977 0.01226361 0.10557708 0.44561135 0.02395412 0.08038406 0.01519841 0.01111841 0.02755162 0.13256110 0.00276933 0.01293031 0.05429284
66 0.03764480 0.04359849 0.02222530 0.08882419 0.00837536 0.03856590 0.56633693 0.01390280 0.01729710 0.01074560 0.01475940 0.03151460 0.00432723 0.01434410 0.00502477 0.03156640 0.02165730 0.00192226 0.00725940 0.02010810
67 0.03802287 0.01377449 0.06107065 0.51097056 0.00678531 0.03626447 0.13682788 0.04133656 0.01645109 0.00882516 0.00986207 0.02878247 0.00202136 0.00376099 0.00771565 0.02877937 0.02288458 0.00205681 0.00388668 0.01992098
68 0.39244586 0.00660005 0.01493539 0.00781200 0.02425739 0.00757890 0.01159920 0.05389688 0.02099119 0.01349800 0.00923889 0.00732285 0.00821009 0.00773857 0.01536439 0.32232389 0.04508528 0.00121213 0.00584957 0.02403949
69 0.06441539 0.02107180 0.02632460 0.01805930 0.00944439 0.01580930 0.02212980 0.03858989 0.01416390 0.04222319 0.03400460 0.03294920 0.01452770 0.00991197 0.01434160 0.08915659 0.44994694 0.00924367 0.01417290 0.05951329
70 0.04788772 0.02840631 0.01163251 0.00311337 0.00659383 0.00802005 0.00779724 0.01138821 0.01861071 0.11259506 0.22206011 0.01677671 0.31080416 0.01876841 0.01113931 0.02612071 0.02519751 0.01239621 0.01670361 0.08398824
71 0.01619451 0.21539607 0.37592812 0.01036970 0.00544087 0.14844605 0.01541260 0.01403400 0.04116541 0.00912766 0.00709314 0.04691861 0.00314145 0.00624430 0.00392525 0.03876451 0.01894301 0.00221436 0.01367100 0.00756936
72 0.03309150 0.01368150 0.03387430 0.34610400 0.01551700 0.02939420 0.28105000 0.01011680 0.01342200 0.00647373 0.00678402 0.02104590 0.00200234 0.00297196 0.00891691 0.13280900 0.02294120 0.00096287 0.00220636 0.01663440
73 0.03968739 0.04424699 0.02123110 0.08529398 0.00840343 0.04048679 0.56934589 0.01325950 0.01715610 0.01116270 0.01264330 0.03318769 0.00423801 0.01269430 0.00567233 0.03129299 0.02174900 0.00235216 0.00752667 0.01836970
74 0.03788079 0.04503549 0.02299989 0.08901358 0.00849594 0.04055089 0.57062385 0.01274050 0.01722300 0.00994389 0.01140440 0.03034399 0.00408217 0.01310400 0.00530007 0.03054699 0.02075619 0.00234440 0.00767589 0.01993409
75 0.01859029 0.01279689 0.00461922 0.00348236 0.01054849 0.00685022 0.01684519 0.00780241 0.01786429 0.04479027 0.09458225 0.01080099 0.01369679 0.55580068 0.00340057 0.02341659 0.01039799 0.01259289 0.09820384 0.03291778
76 0.47025884 0.01925909 0.01754239 0.01598729 0.02065079 0.02494669 0.02112379 0.07745777 0.01626529 0.02328619 0.03550069 0.01823309 0.01580449 0.00859745 0.02435109 0.09387047 0.03775549 0.00349473 0.00874525 0.04686908
77 0.02953069 0.00794563 0.00351382 0.00072399 0.00325641 0.00197057 0.00175213 0.00095757 0.00200916 0.08953728 0.57442987 0.00131655 0.19023096 0.00763665 0.00347917 0.00820863 0.01403380 0.00039217 0.00754798 0.05152699
78 0.03616129 0.02922579 0.18087595 0.02136079 0.00496392 0.25927992 0.02140019 0.01880729 0.01311550 0.03792799 0.00503649 0.26690292 0.00613812 0.00375206 0.00275473 0.04950239 0.03279829 0.00210999 0.00285019 0.00503619
79 0.37856907 0.00507535 0.00811465 0.00715147 0.01194750 0.00656115 0.00921148 0.02196630 0.00858352 0.03338391 0.01832410 0.01000890 0.02151230 0.00684325 0.03627661 0.17808503 0.03696871 0.00115335 0.00673229 0.19353104
80 0.28803815 0.01425611 0.34402418 0.01550431 0.00675298 0.03120642 0.02046761 0.04065472 0.02741441 0.00942484 0.01296011 0.02095941 0.00898858 0.00452007 0.00903149 0.06131763 0.04720293 0.00618291 0.01576771 0.01532541
81 0.02323452 0.07988167 0.06810406 0.02259892 0.00842751 0.03058033 0.05800205 0.23554721 0.01366231 0.02206842 0.00645623 0.34325630 0.01601611 0.00484708 0.00429471 0.02855853 0.01655401 0.00309195 0.00415126 0.01066681
82 0.02130509 0.00405999 0.00281719 0.00146230 0.00586196 0.01025069 0.00512930 0.00181714 0.00181489 0.29337985 0.34224582 0.00207924 0.07315276 0.02433919 0.00480957 0.01422279 0.02095219 0.00062637 0.00753877 0.16213492
83 0.02495590 0.01935050 0.01914090 0.00456961 0.00273257 0.00863099 0.00783854 0.00503598 0.03587590 0.02685060 0.04538480 0.01560810 0.01227210 0.09864539 0.00534138 0.01849020 0.01875480 0.01307560 0.59697096 0.02047520
84 0.08082700 0.03948560 0.03380690 0.03705740 0.00945246 0.40472900 0.06688720 0.02376450 0.02441530 0.03568560 0.02276740 0.08633330 0.00660020 0.00942615 0.01641420 0.03102570 0.02440400 0.00489389 0.01072590 0.03129830
85 0.03770128 0.04605008 0.02192029 0.08454246 0.00815924 0.03883988 0.57155774 0.01299269 0.01713999 0.01089930 0.01306559 0.03056239 0.00439081 0.01399289 0.00556840 0.03183679 0.02167099 0.00208067 0.00747853 0.01954999
86 0.02796880 0.00653786 0.00701694 0.00474137 0.00530127 0.00630104 0.01109160 0.00725255 0.01198820 0.10568399 0.44472797 0.02484180 0.08114840 0.01428400 0.01011980 0.02773030 0.13277699 0.00239573 0.01248380 0.05560760
87 0.01208539 0.00172860 0.00250657 0.00063702 0.01147199 0.01494509 0.00288176 0.00273465 0.00053925 0.40130466 0.10702391 0.00157560 0.01668409 0.01137629 0.00365172 0.00878459 0.01086869 0.00093166 0.00484881 0.38341968
88 0.04195449 0.49111589 0.02653209 0.01150590 0.00803022 0.03129899 0.04807749 0.01221980 0.03704049 0.01784790 0.02052190 0.09948578 0.01799780 0.01313160 0.02120450 0.04351119 0.02004130 0.00835550 0.01674480 0.01338240
89 0.11250199 0.02207230 0.02154190 0.01673150 0.02227400 0.01366600 0.02092580 0.04641520 0.01135130 0.02348220 0.02047970 0.01997830 0.01031020 0.01593250 0.02158650 0.50144795 0.06194019 0.00222678 0.00903082 0.02610490
90 0.03110779 0.00899440 0.04794379 0.56925687 0.00487753 0.03890189 0.21140395 0.00258649 0.01487050 0.00348468 0.00398041 0.01429730 0.00049939 0.00139070 0.00229829 0.01371590 0.01916380 0.00038747 0.00097534 0.00986353
91 0.05289630 0.00815972 0.00855159 0.01135760 0.00977934 0.01344300 0.01806170 0.00971126 0.00380566 0.17777799 0.09331589 0.01879010 0.03064990 0.01802440 0.00785522 0.02941430 0.03506410 0.00259077 0.01038620 0.44036497
92 0.03988631 0.00820137 0.00675798 0.00472716 0.00492671 0.00746187 0.00864390 0.00693551 0.00748163 0.09314843 0.55033415 0.00596238 0.07773932 0.03943131 0.00844136 0.01503110 0.01702580 0.00273426 0.01763340 0.07749602
93 0.03701810 0.10530899 0.03272000 0.03136560 0.00745168 0.06211379 0.04645249 0.02642930 0.01984460 0.02697300 0.01522600 0.43182294 0.01111100 0.01352360 0.00792706 0.03795420 0.03611810 0.00714519 0.01332970 0.03016470
94 0.00846038 0.00153401 0.00196153 0.00034407 0.01016420 0.01690490 0.00204052 0.00131317 0.00033006 0.41385594 0.15031898 0.00044719 0.02114580 0.01509330 0.00468288 0.01031720 0.01352810 0.00061699 0.00474385 0.32219695
95 0.03708269 0.03118929 0.52770386 0.05829098 0.00743702 0.03080209 0.02953429 0.03486279 0.02224229 0.01606400 0.01878479 0.03804359 0.00800171 0.00637752 0.00672801 0.04754049 0.03438009 0.00267981 0.02570669 0.01654800
96 0.03998620 0.10635799 0.03435960 0.03166560 0.00759087 0.05992680 0.04802070 0.02585210 0.02086190 0.02739940 0.01512450 0.43066597 0.01053740 0.01318150 0.00880983 0.03758010 0.03634400 0.00709827 0.01136250 0.02727480
97 0.00810874 0.00145024 0.00199315 0.00036437 0.01017060 0.01714370 0.00204808 0.00144691 0.00033008 0.41444410 0.14944704 0.00042262 0.02077191 0.01544420 0.00488210 0.01019340 0.01335520 0.00055694 0.00475453 0.32267208
98 0.03830220 0.00761159 0.00683160 0.00383616 0.00556530 0.00679158 0.00860146 0.00604705 0.00747943 0.09374970 0.55129097 0.00593281 0.07708330 0.03974060 0.00844130 0.01584020 0.01594860 0.00308367 0.01848250 0.07934000
99 0.04415168 0.02024569 0.43795282 0.02753179 0.01123350 0.02269709 0.01578089 0.02428489 0.01328169 0.01867169 0.01244559 0.04816628 0.00618330 0.00418778 0.00481970 0.19036592 0.06590687 0.00183164 0.02003089 0.01023030
100 0.02850731 0.10187305 0.00990006 0.04804602 0.00888047 0.04386442 0.14350306 0.02749111 0.00566283 0.03054951 0.00757231 0.48723022 0.00361672 0.00436652 0.00325627 0.01503941 0.01296681 0.00375979 0.00507229 0.00884179
101 0.03906922 0.04420382 0.02224901 0.08798574 0.00871352 0.03967742 0.56510723 0.01482361 0.01674371 0.01084660 0.01311711 0.03163201 0.00466916 0.01256001 0.00544483 0.03156841 0.02157121 0.00212967 0.00711941 0.02076831
102 0.02602740 0.07140430 0.03981380 0.02434930 0.00542511 0.03810530 0.02213740 0.01613520 0.01866290 0.02196350 0.00794451 0.46367500 0.00843722 0.00974029 0.00900540 0.14344100 0.03410840 0.00640187 0.00633500 0.02688710
103 0.04041479 0.00865352 0.00603557 0.00445753 0.00566006 0.00723421 0.00811205 0.00639692 0.00856552 0.09478967 0.54770484 0.00691424 0.07476588 0.03913289 0.00838443 0.01475830 0.01733189 0.00345354 0.01788259 0.07935158
104 0.08550950 0.00779606 0.02432340 0.03366840 0.00623323 0.01203060 0.00948809 0.67964402 0.00554214 0.00649157 0.00978933 0.01527490 0.00473076 0.00441263 0.00901173 0.04709930 0.02368520 0.00332845 0.00334649 0.00859419
105 0.41283398 0.02340000 0.01841600 0.03697950 0.00750066 0.03554540 0.18344599 0.05317420 0.02788250 0.00902327 0.01080970 0.02637870 0.00690102 0.00953871 0.01681960 0.05813510 0.02650380 0.00241441 0.00425287 0.03004460
106 0.03898548 0.04304918 0.02168439 0.08765346 0.00801963 0.04053698 0.57007377 0.01380619 0.01723429 0.01047490 0.01083870 0.03156839 0.00444105 0.01350659 0.00529702 0.03114119 0.02171009 0.00210421 0.00740300 0.02047149
107 0.03091510 0.01020180 0.00895432 0.00550723 0.00903322 0.01756010 0.00916223 0.00681580 0.00635526 0.36535303 0.14109501 0.01507400 0.04268300 0.02851730 0.01194700 0.02778610 0.03089520 0.00378036 0.01409390 0.21427002
108 0.03699060 0.03885620 0.00987067 0.00880927 0.00528914 0.01446080 0.01144660 0.01816520 0.01984640 0.02025290 0.03040490 0.02843020 0.03799230 0.07472900 0.00548698 0.01662720 0.05403350 0.49520102 0.05024780 0.02285930
109 0.01463929 0.00244557 0.00318124 0.00106539 0.01117930 0.01488339 0.00339715 0.00333378 0.00085146 0.38704884 0.11094595 0.00254547 0.02292889 0.01364969 0.00448632 0.01102280 0.01330869 0.00130405 0.00603788 0.37174485
110 0.04830420 0.02883100 0.01179870 0.00299120 0.00713166 0.00935708 0.00850636 0.01098520 0.01833420 0.10977000 0.22376600 0.01668430 0.31040300 0.01874900 0.01059750 0.02788960 0.02619420 0.01020760 0.01579000 0.08370920
111 0.03201451 0.00902933 0.01264500 0.00790529 0.00916498 0.01113550 0.02642781 0.00847270 0.05119341 0.05464441 0.36971408 0.01237460 0.03948751 0.01805700 0.18226704 0.06660941 0.02495461 0.00214548 0.02216030 0.03959701
112 0.03953440 0.00753508 0.00549603 0.00479042 0.00591903 0.00695141 0.00830285 0.00659429 0.00812095 0.09616269 0.54641194 0.00653426 0.07616189 0.03970570 0.00807983 0.01672340 0.01676370 0.00292746 0.01793960 0.07934509
113 0.11462498 0.02304700 0.02266810 0.01630570 0.02440890 0.01258700 0.02043160 0.04679569 0.01174430 0.02233790 0.02113170 0.02054900 0.00977257 0.01645990 0.02378510 0.49402792 0.06216049 0.00250821 0.00973039 0.02492360
114 0.07899477 0.03880569 0.03429719 0.03644059 0.01018380 0.39976386 0.06614688 0.02232179 0.02414299 0.03806799 0.02440079 0.08931047 0.00701976 0.00813974 0.01550229 0.03294229 0.02418009 0.00492395 0.01128450 0.03313059
115 0.05145810 0.00838934 0.00847327 0.00954937 0.01008160 0.01421940 0.01762270 0.00945162 0.00392283 0.18255601 0.09275051 0.01846760 0.03056100 0.01765020 0.00809865 0.02814660 0.03468310 0.00287883 0.00988121 0.44115804
116 0.12108805 0.02402591 0.02007101 0.01988771 0.35289615 0.02371271 0.02613381 0.02891991 0.02331671 0.03861922 0.04016422 0.02030931 0.01321321 0.03049231 0.01661111 0.10765405 0.03191091 0.00311689 0.00746539 0.05039142
117 0.08266648 0.03936189 0.03315719 0.03873059 0.00966544 0.40088292 0.06950339 0.02483320 0.02345280 0.03546729 0.02247340 0.08515768 0.00744286 0.00942315 0.01648840 0.03182579 0.02361310 0.00525084 0.01000710 0.03059649
118 0.37186390 0.00667078 0.01722260 0.00819448 0.00819559 0.01468570 0.01256920 0.20070595 0.00581788 0.02720979 0.01621000 0.00742732 0.02614529 0.00418860 0.01183470 0.04601829 0.02355259 0.00166837 0.00334304 0.18647595
119 0.03892991 0.00757669 0.00611787 0.00417234 0.00548341 0.00699720 0.00822525 0.00715960 0.00761203 0.09453993 0.55035915 0.00582569 0.07635312 0.04086341 0.00841164 0.01634770 0.01624400 0.00306230 0.01809981 0.07761892
120 0.46906403 0.01955440 0.01769580 0.01479800 0.01920750 0.02340840 0.02193580 0.07487781 0.01826910 0.02271690 0.03696610 0.01863120 0.01573950 0.00892902 0.02324260 0.09482591 0.03905560 0.00352160 0.00960331 0.04795740
121 0.46938503 0.01856350 0.01786380 0.01571290 0.01925930 0.02561970 0.02236800 0.07452561 0.01633870 0.02325470 0.03544050 0.02041310 0.01710670 0.00887534 0.02365490 0.08978151 0.03895010 0.00443529 0.01015370 0.04829760
122 0.08490272 0.00777802 0.02484871 0.03518371 0.00615272 0.01237700 0.00927087 0.68138016 0.00597838 0.00569517 0.01016290 0.01547500 0.00428050 0.00483966 0.00943906 0.04633871 0.02205351 0.00306744 0.00287612 0.00789963
123 0.05905168 0.00689915 0.01025410 0.00739388 0.00474760 0.01126720 0.00739586 0.00588286 0.00508993 0.33488590 0.09359127 0.01729939 0.02841569 0.00785238 0.03505109 0.06473888 0.18397794 0.00461609 0.00696116 0.10462797
124 0.03091823 0.01076631 0.00880787 0.00599219 0.00846984 0.01792022 0.00909061 0.00698992 0.00661609 0.36775932 0.13992712 0.01527521 0.04495144 0.02650172 0.01142271 0.02885673 0.03125683 0.00410227 0.01376321 0.21061218
125 0.02474339 0.00283852 0.00372322 0.00167158 0.00953685 0.01458070 0.00322611 0.00304321 0.00120065 0.26395193 0.27278693 0.00216548 0.03349489 0.02195999 0.00413581 0.01237550 0.01562370 0.00056889 0.00968474 0.29868792
126 0.04955380 0.02827240 0.01214040 0.00333358 0.00685669 0.00898494 0.00798592 0.01142230 0.01851210 0.11202701 0.22075202 0.01695490 0.30834002 0.01757850 0.01054560 0.02766980 0.02634070 0.01042630 0.01522660 0.08707641
127 0.11261897 0.02239699 0.02254089 0.01671310 0.02346119 0.01319340 0.02113139 0.04596859 0.01198780 0.02201299 0.02024739 0.01917299 0.01030790 0.01552890 0.02318069 0.49918986 0.06241328 0.00202963 0.00950856 0.02639549
128 0.03914811 0.02900871 0.52253618 0.05749292 0.00703446 0.03147811 0.02821661 0.04134081 0.02158741 0.01558011 0.02016231 0.03907421 0.00851041 0.00596294 0.00645799 0.04654582 0.03418491 0.00274795 0.02636101 0.01656901
129 0.03928891 0.00859195 0.00646716 0.00463994 0.00563122 0.00642586 0.00809820 0.00686095 0.00792558 0.09157842 0.55369609 0.00609600 0.07598211 0.03997191 0.00858032 0.01592190 0.01700970 0.00299235 0.01795830 0.07628311
130 0.01491590 0.00220226 0.00288998 0.00087244 0.01146030 0.01438300 0.00373919 0.00386658 0.00077871 0.38013888 0.10300097 0.00246262 0.02018809 0.01225190 0.00387591 0.01008480 0.01228140 0.00105493 0.00508431 0.39446787
131 0.04537069 0.48989592 0.02484730 0.01340720 0.00818841 0.02904490 0.04570149 0.01244790 0.03744129 0.01766630 0.02038680 0.09863288 0.01701780 0.01539960 0.02136090 0.04402679 0.02137560 0.00772896 0.01582290 0.01423640
132 0.03988981 0.00916194 0.00602729 0.00388021 0.00586731 0.00687978 0.00753963 0.00666048 0.00814406 0.09304062 0.55117413 0.00642931 0.07695532 0.04087051 0.00836092 0.01470820 0.01711460 0.00296424 0.01692340 0.07740822
133 0.03591663 0.01355441 0.06162525 0.50971141 0.00700361 0.03614853 0.13546011 0.04327313 0.01677601 0.00979605 0.01005551 0.02805322 0.00181732 0.00467982 0.00769808 0.02814712 0.02384752 0.00208274 0.00408361 0.02026992
134 0.05361571 0.01306340 0.00857226 0.00375735 0.00850577 0.01341950 0.00716643 0.06075411 0.00505761 0.27141207 0.06443262 0.00879664 0.04024991 0.03563781 0.00623065 0.02531811 0.01599930 0.00347131 0.00795934 0.34658008
135 0.03888480 0.00869238 0.00717330 0.00439571 0.00543880 0.00692174 0.00833494 0.00736921 0.00857931 0.09383340 0.54411498 0.00637422 0.07436000 0.04282740 0.00878375 0.01529130 0.01748670 0.00358118 0.01832910 0.07922780
136 0.02507930 0.02097610 0.02181810 0.00457508 0.00271275 0.00942700 0.00857674 0.00519204 0.03704419 0.02526150 0.04320019 0.01695410 0.01199410 0.09848558 0.00498837 0.02043100 0.01894880 0.01259390 0.59129089 0.02045030
137 0.04026250 0.00755848 0.00634129 0.00430459 0.00586287 0.00723245 0.00760198 0.00663815 0.00825351 0.09279530 0.55138200 0.00719533 0.07590800 0.04056500 0.00859017 0.01513700 0.01686420 0.00300498 0.01730030 0.07720190
138 0.01944420 0.01326810 0.00480608 0.00350432 0.01146960 0.00710830 0.01515570 0.00776004 0.01834620 0.04447741 0.09279211 0.01078840 0.01354730 0.55542607 0.00320733 0.02474650 0.01059980 0.01417220 0.09756441 0.03181590
139 0.08561820 0.00800244 0.02455910 0.03443480 0.00613415 0.01272970 0.00979190 0.67765999 0.00531864 0.00626837 0.01077940 0.01554430 0.00413431 0.00498950 0.00953324 0.04545620 0.02465510 0.00300418 0.00278392 0.00860257
140 0.01836521 0.01324940 0.00479859 0.00407975 0.01071440 0.00709409 0.01680761 0.00792593 0.01737091 0.04503762 0.09648764 0.01065270 0.01359981 0.55169220 0.00308197 0.02516401 0.01042100 0.01407131 0.09683714 0.03254871
141 0.08863904 0.01438489 0.03114988 0.01374939 0.14059291 0.01664459 0.01093069 0.20724987 0.01284969 0.02333569 0.02528398 0.03335348 0.20761087 0.00609837 0.02231149 0.06894296 0.02016959 0.00419049 0.00566958 0.04684257
142 0.05119940 0.00861967 0.00891242 0.01017110 0.00980929 0.01369560 0.01791980 0.00872264 0.00398192 0.17948999 0.09597690 0.01845150 0.03276690 0.01803260 0.00797098 0.02803070 0.03440310 0.00259973 0.01058280 0.43866298
143 0.08724620 0.00792287 0.02530170 0.03473100 0.00601359 0.01228290 0.00851933 0.67911999 0.00586340 0.00578984 0.01085990 0.01516220 0.00418043 0.00447925 0.00876567 0.04457870 0.02508730 0.00298899 0.00324194 0.00786481
144 0.45630010 0.00596332 0.01353810 0.00648727 0.02311310 0.00715835 0.01119380 0.05361201 0.02237930 0.01022440 0.00826433 0.00733170 0.00703085 0.00603591 0.01591880 0.27557606 0.03876891 0.00104330 0.00461246 0.02544791
145 0.07305386 0.01318571 0.11153009 0.02511352 0.09298818 0.02125792 0.01448701 0.17067514 0.00662302 0.00678574 0.01034841 0.02996802 0.01156671 0.00275454 0.00544939 0.33092127 0.06102145 0.00120183 0.00296407 0.00810412
146 0.01076950 0.00171720 0.00232629 0.00038722 0.01028980 0.01599110 0.00189063 0.00160236 0.00048064 0.38592497 0.17037099 0.00057134 0.02896990 0.01946010 0.00466398 0.01071860 0.01380610 0.00049942 0.00611690 0.31344298
147 0.28489002 0.00687093 0.01394060 0.00803121 0.02606720 0.00701880 0.01062900 0.04084630 0.01595280 0.01281200 0.00944305 0.00685938 0.00752524 0.01058470 0.01006430 0.45820303 0.04747770 0.00102670 0.00554572 0.01621130
148 0.08045872 0.03119021 0.01873931 0.01369130 0.00781066 0.01681631 0.02092811 0.14060304 0.01976651 0.30354209 0.04815571 0.03829551 0.02897801 0.02958031 0.01044670 0.04525491 0.02991951 0.00530892 0.00898212 0.10153203
149 0.04073891 0.00845523 0.00682415 0.00404266 0.00533877 0.00722996 0.00771373 0.00714486 0.00679934 0.09285182 0.55120414 0.00668198 0.07494512 0.04023371 0.00778787 0.01543250 0.01658090 0.00298159 0.01722690 0.07978582
150 0.02842930 0.00574644 0.00329022 0.00062037 0.00322694 0.00165996 0.00163572 0.00092215 0.00189444 0.08994019 0.58113994 0.00109015 0.19578298 0.00548947 0.00322481 0.00765004 0.01355990 0.00023166 0.00669933 0.04776599
151 0.04936170 0.04294260 0.00727844 0.01032870 0.00658708 0.01794430 0.00955029 0.01600450 0.01246840 0.02422860 0.02510260 0.01216120 0.00823287 0.00450766 0.63409895 0.06806459 0.02288790 0.00202563 0.00642461 0.01979940
152 0.04285701 0.48844710 0.02460611 0.01290560 0.00825409 0.02943921 0.04793011 0.01247140 0.03759481 0.01742860 0.02009370 0.10372202 0.01653050 0.01376710 0.01844390 0.04420911 0.02232700 0.01013140 0.01554270 0.01329850
153 0.04831582 0.04259572 0.00794446 0.01045580 0.00687646 0.01710381 0.00939608 0.01620171 0.01262420 0.02440011 0.02554931 0.01238300 0.00873902 0.00453310 0.63748624 0.06769003 0.02125421 0.00203773 0.00557927 0.01883391
154 0.01842651 0.01326521 0.00519652 0.00394942 0.01079260 0.00655593 0.01514771 0.00764010 0.01793861 0.04438832 0.09533214 0.00981088 0.01391641 0.55390521 0.00289047 0.02499241 0.01081740 0.01265050 0.09981974 0.03256391
155 0.59150618 0.00513657 0.00733919 0.00448753 0.01164190 0.00797250 0.00979219 0.01562560 0.00572942 0.01566920 0.01239000 0.00653734 0.01015540 0.00395788 0.12861204 0.05289602 0.01676631 0.00179265 0.00331263 0.08867943
156 0.04105850 0.02897320 0.52533702 0.05644930 0.00710938 0.03160410 0.02795290 0.03660320 0.02126770 0.01565200 0.01917880 0.03836280 0.00898838 0.00625019 0.00708953 0.04778340 0.03477930 0.00269999 0.02589810 0.01696220
157 0.03496670 0.00432525 0.00574269 0.00047597 0.00397077 0.00285926 0.00104602 0.00116908 0.00129296 0.10875999 0.49876995 0.00091969 0.17426498 0.00862333 0.00310625 0.01246480 0.01757030 0.00034203 0.01163200 0.10769799
158 0.01049711 0.00488864 0.00274123 0.00289564 0.00720851 0.00625170 0.00699544 0.01000591 0.00366890 0.11478808 0.18370114 0.00439654 0.01348151 0.40532430 0.00359250 0.02686162 0.00935037 0.00260682 0.05806294 0.12268109
159 0.01059641 0.00162220 0.00227796 0.00052160 0.01129651 0.01553231 0.00234113 0.00244612 0.00057233 0.41868920 0.10992405 0.00090245 0.01536791 0.01107061 0.00388165 0.00852714 0.01074381 0.00112424 0.00461221 0.36795017
160 0.04721573 0.02567412 0.17656911 0.14644410 0.00662456 0.19131912 0.23508015 0.01735461 0.01858501 0.00824951 0.00763827 0.04282473 0.00290619 0.00324217 0.00736067 0.02370422 0.02116501 0.00301790 0.00443649 0.01058831
161 0.02535110 0.01947350 0.02042040 0.00436617 0.00262790 0.00927725 0.00859344 0.00490142 0.03662340 0.02545910 0.04434920 0.01568480 0.01170420 0.09620620 0.00542926 0.02062730 0.01898510 0.01181090 0.59748698 0.02062240
162 0.02550499 0.01883829 0.01965449 0.00428795 0.00261710 0.00979440 0.00916827 0.00547189 0.03669208 0.02789559 0.04418218 0.01610919 0.01226619 0.09491256 0.00569636 0.02064259 0.01940299 0.01323459 0.59269772 0.02093059
163 0.46915006 0.01835390 0.01733720 0.01597260 0.01983670 0.02286750 0.02300410 0.07651751 0.01691010 0.02398460 0.03493240 0.02027930 0.01518430 0.00896747 0.02369560 0.09333751 0.03769090 0.00429733 0.00962438 0.04805651
164 0.03305549 0.00943415 0.00950441 0.00909471 0.00670891 0.01124170 0.01280050 0.00642317 0.00689924 0.07341208 0.04045789 0.01363860 0.02232879 0.00643781 0.00654468 0.03612139 0.29711892 0.00543309 0.01127760 0.38206690
165 0.03676921 0.01382720 0.06017912 0.50994618 0.00665446 0.03647441 0.13723705 0.04104201 0.01706991 0.00949160 0.01018610 0.02700301 0.00199199 0.00482592 0.00762385 0.02913831 0.02259761 0.00215821 0.00426281 0.02152101
166 0.03248091 0.01129120 0.00933079 0.00560835 0.00848879 0.01815220 0.00983266 0.00704555 0.00578914 0.36776807 0.13927403 0.01497040 0.04457801 0.02777050 0.01155490 0.02793421 0.02934491 0.00377324 0.01455210 0.21046004
167 0.12592203 0.00371322 0.01526600 0.04138251 0.01631640 0.01121420 0.00611665 0.39943110 0.00455009 0.00378124 0.02034821 0.00733534 0.00309760 0.00394262 0.00942816 0.27710707 0.04277351 0.00103468 0.00213192 0.00510742
168 0.05245410 0.00877864 0.00860199 0.01127870 0.01014220 0.01421020 0.01734020 0.00961680 0.00416405 0.18048600 0.09298790 0.01939230 0.03157760 0.01942190 0.00794578 0.02734280 0.03500570 0.00263444 0.01015470 0.43646400
169 0.08031812 0.04074371 0.03407571 0.03750031 0.01144020 0.40604611 0.06506502 0.02459711 0.02277391 0.03644081 0.02232101 0.08515162 0.00701798 0.00827640 0.01654030 0.03206101 0.02338221 0.00496854 0.00987280 0.03140711
170 0.03894772 0.00876248 0.00653566 0.00431831 0.00609757 0.00714520 0.00826037 0.00761878 0.00836629 0.09442984 0.54625325 0.00697863 0.07616914 0.04023882 0.00860683 0.01584371 0.01677751 0.00265622 0.01796281 0.07803084
171 0.04230226 0.48978753 0.02442908 0.01279359 0.00799545 0.02999477 0.04703776 0.01177569 0.03796486 0.01767158 0.02170748 0.10000490 0.01699698 0.01433749 0.02014518 0.04519766 0.02234778 0.00765528 0.01589138 0.01396329
172 0.00900476 0.00142331 0.00207212 0.00030222 0.01094730 0.01669041 0.00192207 0.00153314 0.00032965 0.40129113 0.15215005 0.00050311 0.02119501 0.01513951 0.00427618 0.00947707 0.01229200 0.00049917 0.00513067 0.33382111
173 0.03595731 0.01419540 0.06188841 0.51194012 0.00682666 0.03634661 0.13699003 0.04094791 0.01667210 0.00900842 0.01046090 0.02832751 0.00227574 0.00458210 0.00779795 0.02835451 0.02161490 0.00209626 0.00391334 0.01980380
174 0.03830948 0.04403588 0.02192119 0.08690365 0.00834108 0.03893488 0.57148270 0.01353769 0.01612489 0.01073269 0.01269629 0.03080278 0.00403872 0.01333879 0.00544658 0.03112928 0.02146709 0.00228121 0.00721184 0.02126329
175 0.03701960 0.01336710 0.06160719 0.50954193 0.00688774 0.03613760 0.13628598 0.04033719 0.01697170 0.01005800 0.01134750 0.02948200 0.00179448 0.00417649 0.00779334 0.02849200 0.02320820 0.00147170 0.00332178 0.02069850
176 0.03579830 0.01421960 0.06199680 0.51066296 0.00682129 0.03560580 0.13597999 0.04232920 0.01744810 0.00970912 0.01029700 0.02872160 0.00209610 0.00396508 0.00788338 0.02843320 0.02223720 0.00178538 0.00382513 0.02018480
177 0.05066451 0.00857048 0.00854515 0.01016260 0.01000780 0.01325660 0.01721440 0.00886917 0.00397860 0.18164205 0.09156343 0.01930441 0.03191431 0.01912521 0.00768879 0.02874141 0.03765401 0.00287442 0.01049550 0.43772713
178 0.28606386 0.00445987 0.00955899 0.00588496 0.27795986 0.01800839 0.00403822 0.02309689 0.00878694 0.00309628 0.00939191 0.00328014 0.00873003 0.00503367 0.00708482 0.28837986 0.02474739 0.00059854 0.00183882 0.00996060
179 0.05728662 0.03135881 0.01556101 0.03670181 0.00346994 0.32409811 0.38266513 0.00813179 0.02227961 0.00718868 0.01019670 0.04097321 0.00223910 0.00333554 0.01305400 0.01523471 0.01312000 0.00345260 0.00357733 0.00607529
