1 0.03107421 0.00418877 0.00374629 0.00120926 0.01085680 0.00564757 0.00213987 0.00533773 0.00208537 0.29112611 0.22777909 0.00443288 0.05603402 0.03007201 0.00459949 0.01129230 0.03104751 0.00381545 0.00801414 0.26550110
2 0.05467299 0.05208569 0.02718690 0.01184930 0.00909746 0.01797830 0.03165580 0.02415050 0.06174929 0.01422270 0.05307979 0.02978300 0.00901718 0.01078610 0.44760594 0.05889049 0.02890090 0.00365420 0.02442730 0.02920620
3 0.05813991 0.03101991 0.08787142 0.12131203 0.01228650 0.02553481 0.05726671 0.18814005 0.02595391 0.01414770 0.01212420 0.03485981 0.00648123 0.00799759 0.01246800 0.15023504 0.10406402 0.00442914 0.00433690 0.04133111
4 0.06501510 0.01309890 0.01195360 0.00972873 0.01482390 0.01309630 0.01695160 0.01538990 0.00763841 0.23043301 0.15206300 0.01615140 0.04352480 0.03030550 0.01583760 0.03491450 0.04883430 0.00527803 0.01341240 0.24154901
5 0.11928500 0.06955130 0.05141310 0.04200590 0.01904570 0.06513040 0.07232160 0.03540290 0.02973730 0.04473240 0.03181760 0.11525700 0.01572490 0.02003170 0.02485450 0.08319130 0.08936920 0.00547908 0.01228430 0.05336480
6 0.06019694 0.02614882 0.15876211 0.23279517 0.00547985 0.04845023 0.04561323 0.03631183 0.03152952 0.07321525 0.02445252 0.04790383 0.00621041 0.01083031 0.00854777 0.05335874 0.05173684 0.00664746 0.04986084 0.02194832
7 0.20250790 0.02315129 0.04113988 0.03878508 0.02702999 0.01488279 0.03262898 0.19098891 0.01732499 0.01935729 0.01350589 0.01874419 0.00798557 0.00907471 0.01669839 0.20854990 0.07166337 0.00501927 0.00450212 0.03645948
8 0.05003861 0.01193860 0.01131890 0.00767499 0.01166410 0.01563560 0.01639210 0.01289440 0.00613411 0.26594205 0.17327703 0.01360550 0.04695811 0.03121501 0.00981873 0.02397520 0.03542891 0.00483160 0.01526240 0.23599404
9 0.07059630 0.07450140 0.03806040 0.06028250 0.00321378 0.13402800 0.23441200 0.01625410 0.02150960 0.05025480 0.01294350 0.13168500 0.00672370 0.02384000 0.01533890 0.04269130 0.02512620 0.00215383 0.01040570 0.02597900
10 0.01213020 0.01623980 0.02324620 0.00162725 0.00605332 0.01014120 0.00316550 0.00192332 0.04680640 0.02198690 0.08448361 0.00762320 0.01109610 0.35434202 0.00469304 0.01069610 0.01488190 0.02996100 0.31737602 0.02152690
11 0.03928422 0.14733408 0.04916683 0.03023122 0.00915516 0.04501042 0.04257092 0.01918351 0.05965623 0.02768522 0.03756982 0.17467210 0.01129961 0.05139763 0.01850991 0.04107832 0.02760642 0.01702451 0.11971907 0.03184482
12 0.02624350 0.01942650 0.02777360 0.00486523 0.00978525 0.01491700 0.01500260 0.00926203 0.02572150 0.05456081 0.13187702 0.01636520 0.02755540 0.31184204 0.00884656 0.02061440 0.02411930 0.01623800 0.18381102 0.05117301
13 0.06481612 0.02508391 0.12193204 0.24648707 0.00556391 0.06040092 0.18239805 0.03434631 0.02737341 0.01354710 0.01862881 0.05507382 0.00394554 0.00555483 0.01206180 0.05259412 0.04104271 0.00261990 0.00727993 0.01924971
14 0.07494067 0.02277179 0.03064279 0.27848590 0.00634362 0.04652968 0.31953588 0.01294590 0.00922841 0.00713001 0.01617579 0.06737088 0.00304310 0.00215152 0.01478399 0.04598158 0.02028749 0.00116278 0.00313822 0.01734999
15 0.04594383 0.25905616 0.04464763 0.02058771 0.01006671 0.04461223 0.04874753 0.02204591 0.04072142 0.02051061 0.04066302 0.16982610 0.01951191 0.02150601 0.02411891 0.06204034 0.04213633 0.01237061 0.02298281 0.02790422
16 0.08335059 0.01338760 0.04621379 0.03773680 0.01392710 0.02050460 0.02595710 0.56782694 0.01212610 0.01349000 0.01526940 0.01955660 0.00607643 0.00671042 0.00890124 0.06218059 0.02449790 0.00231851 0.00395191 0.01601640
17 0.06567441 0.01314060 0.01182270 0.01004300 0.01501090 0.01261150 0.01601480 0.01611020 0.00755900 0.22856504 0.15178303 0.01684840 0.04319611 0.02991091 0.01584940 0.03572091 0.04992741 0.00496451 0.01335610 0.24189105
18 0.07787270 0.10048700 0.07009420 0.03678330 0.01522520 0.08620500 0.06797500 0.10163000 0.02858720 0.02498900 0.01895160 0.06909070 0.01540780 0.01398950 0.03019870 0.14320800 0.06148290 0.00532435 0.00982048 0.02267740
19 0.07348437 0.04884888 0.03913369 0.13768695 0.00709026 0.07149927 0.25889091 0.02986809 0.01735549 0.02936259 0.02364139 0.07533997 0.01145870 0.01576139 0.02387839 0.05985788 0.03288689 0.00672849 0.00888280 0.02834359
20 0.03833632 0.00853379 0.00567517 0.00271999 0.01132910 0.00644199 0.00416733 0.00796152 0.00350325 0.21038709 0.31400614 0.00595394 0.07192833 0.04919972 0.00613038 0.01402091 0.03103911 0.00357391 0.01057190 0.19452008
21 0.16362602 0.04065061 0.04475101 0.03241420 0.02674820 0.03070420 0.04194991 0.07520851 0.02401380 0.02852330 0.02775320 0.02669700 0.01757720 0.01392570 0.02721280 0.20763803 0.10547001 0.00665547 0.01354750 0.04493331
22 0.04198208 0.01786099 0.01087689 0.00793791 0.00980534 0.01083829 0.01196029 0.01303579 0.00760127 0.14473691 0.35990879 0.01080609 0.07987375 0.06705016 0.01376259 0.01961989 0.02467959 0.00464796 0.02023249 0.12278293
23 0.06121585 0.11153908 0.05021094 0.04217313 0.00816034 0.10343408 0.09131077 0.02220802 0.02956382 0.03602143 0.07411466 0.14875011 0.02192242 0.02228532 0.02430232 0.05230524 0.03386673 0.00681533 0.01802971 0.04177073
24 0.08264493 0.01360470 0.04673421 0.03733521 0.01412540 0.02065801 0.02531131 0.57061218 0.01240520 0.01333320 0.01523880 0.01992581 0.00573726 0.00692307 0.00881088 0.06114452 0.02407601 0.00236177 0.00382461 0.01519290
25 0.07366836 0.01021971 0.01678081 0.00841343 0.02620892 0.01503401 0.01306161 0.01479781 0.00853194 0.19955615 0.13425810 0.01619061 0.05096264 0.03671873 0.01540371 0.03913813 0.09470187 0.00371089 0.01498041 0.20766216
26 0.33354712 0.01888861 0.02456081 0.01207460 0.03768401 0.01655231 0.02024791 0.10579404 0.02071001 0.02825411 0.01572471 0.00957831 0.00563300 0.00589320 0.01607781 0.20649407 0.07117533 0.00310984 0.00616219 0.04183802
27 0.05681134 0.03226577 0.02130368 0.00752434 0.02248278 0.02299798 0.02224388 0.01583388 0.04063676 0.14125185 0.16425683 0.02413747 0.11559088 0.04270036 0.01693058 0.04460855 0.05939334 0.01308679 0.02343308 0.11250988
28 0.07552438 0.02369249 0.02473669 0.27246492 0.00657514 0.04584969 0.33253290 0.01247230 0.00800165 0.00677051 0.01514650 0.06832678 0.00308489 0.00224429 0.01576500 0.04703709 0.01967219 0.00105181 0.00232301 0.01672779
29 0.03537729 0.00340427 0.00408615 0.00149398 0.01112130 0.00658076 0.00391186 0.00528011 0.00244345 0.32478888 0.16182294 0.00609345 0.04407308 0.01950479 0.00684734 0.01335689 0.03287409 0.00440175 0.00832776 0.30420988
30 0.07209393 0.06123803 0.03783652 0.10248105 0.00692742 0.08646634 0.22732310 0.02571101 0.02057011 0.03264291 0.01758921 0.11364405 0.00879155 0.01637121 0.02332221 0.07455013 0.03235151 0.00393006 0.00906082 0.02709881
31 0.08505260 0.01321280 0.04592030 0.03765500 0.01379210 0.02117520 0.02576140 0.56774499 0.01198950 0.01396960 0.01582400 0.01982480 0.00594867 0.00657253 0.00849251 0.06127510 0.02403570 0.00247159 0.00366602 0.01561560
32 0.03549170 0.00845215 0.00504285 0.00208560 0.00995107 0.00582449 0.00317759 0.00799319 0.00301545 0.19996201 0.34961802 0.00466379 0.07728640 0.05306490 0.00515368 0.01201080 0.02592590 0.00335016 0.00951123 0.17841901
33 0.03181808 0.00911638 0.00437414 0.00155128 0.00780066 0.00582669 0.00309183 0.00793717 0.00284987 0.19627887 0.38181075 0.00319350 0.08262145 0.05509596 0.00405684 0.01076079 0.01918159 0.00328231 0.00861494 0.16073690
34 0.05433737 0.12860592 0.03585468 0.01640489 0.01055379 0.03909168 0.05544647 0.02447338 0.03224968 0.01776109 0.04661027 0.05576136 0.01641719 0.01285029 0.27449483 0.08170365 0.04695117 0.00436343 0.01776469 0.02830418
35 0.00867550 0.00982552 0.02773431 0.00120523 0.00510799 0.00664206 0.00257624 0.00192015 0.02877801 0.02519051 0.09065403 0.00572161 0.01248490 0.43515216 0.00393964 0.00907799 0.01124640 0.01760921 0.27433710 0.02212141
36 0.04746982 0.22741011 0.04822242 0.01734961 0.01267001 0.03939162 0.03605992 0.02026751 0.09862765 0.01397541 0.03030772 0.14244707 0.01205381 0.02908021 0.02340201 0.06244743 0.03669142 0.02211961 0.05669003 0.02331661
37 0.12678388 0.03260167 0.05130755 0.02421538 0.02440638 0.02992487 0.02856897 0.04929975 0.01753988 0.01763378 0.01562848 0.01394829 0.01553408 0.00802044 0.01805868 0.26102675 0.20903680 0.00429426 0.00867985 0.04349026
38 0.03059530 0.03081820 0.02909890 0.01556950 0.01052670 0.01709120 0.01247210 0.00768044 0.05816450 0.03775790 0.07487540 0.02236800 0.01406170 0.22120699 0.01147510 0.02859220 0.02458780 0.03241430 0.28778999 0.03285380
39 0.05446435 0.12590390 0.05432925 0.01321349 0.01400079 0.02724658 0.02248698 0.01973428 0.13929388 0.01625389 0.03095767 0.07249684 0.00719022 0.04444456 0.02779378 0.09634992 0.03339047 0.02025688 0.16035287 0.01983938
40 0.02700900 0.01947570 0.02693170 0.00475543 0.00971806 0.01559870 0.01553320 0.00979201 0.02615310 0.05604999 0.13109598 0.01568700 0.02768050 0.30831096 0.00879184 0.02121110 0.02478810 0.01633130 0.18267997 0.05240639
41 0.06862335 0.10034507 0.05636814 0.04837103 0.00556447 0.13374909 0.14107509 0.02482382 0.03049382 0.04244953 0.01882031 0.15438810 0.00857786 0.02135171 0.01707461 0.04790063 0.03362172 0.00337371 0.01368311 0.02934482
42 0.10368606 0.02775772 0.05027163 0.04476492 0.01942341 0.01513071 0.03682092 0.28703016 0.01395871 0.01654791 0.01594871 0.02647861 0.01055481 0.03942782 0.01563311 0.18176910 0.05473793 0.00690487 0.00530298 0.02784992
43 0.03910201 0.01695781 0.03017001 0.03233041 0.01375970 0.01403870 0.01469331 0.00676808 0.02748681 0.13505805 0.09113253 0.01789541 0.02437741 0.14711405 0.00965437 0.03749751 0.03068861 0.01569381 0.21655608 0.07902533
44 0.04174352 0.01772561 0.01081981 0.00725346 0.00991038 0.01091461 0.01139041 0.01319111 0.00796538 0.14672008 0.35608820 0.01070721 0.07840634 0.06731434 0.01407221 0.01985581 0.02501741 0.00486413 0.02116391 0.12487607
45 0.02377340 0.01180510 0.01792170 0.00214089 0.00773146 0.00696896 0.00472122 0.00622278 0.01545400 0.08043541 0.25060303 0.00679147 0.04985661 0.26435603 0.00607251 0.01250850 0.01849970 0.01034180 0.13568601 0.06810941
46 0.04143011 0.01786031 0.01080090 0.00731949 0.00958394 0.01065520 0.01110620 0.01237810 0.00787740 0.14571904 0.36108110 0.01032630 0.07929982 0.06855292 0.01297830 0.01957911 0.02420421 0.00478278 0.02132871 0.12313604
47 0.06740573 0.04976533 0.15789108 0.12391206 0.00744816 0.12134206 0.07805614 0.03981052 0.03795052 0.02684861 0.02196921 0.07250924 0.01282891 0.01584191 0.01892941 0.06269543 0.05175023 0.00318253 0.01249061 0.01737231
48 0.03319377 0.00279410 0.00397505 0.00071245 0.01297149 0.00540941 0.00191459 0.00466482 0.00197272 0.31418874 0.17534686 0.00517613 0.05100976 0.02305988 0.00543645 0.01222689 0.03802407 0.00392555 0.00796754 0.29602976
49 0.16697399 0.02431920 0.04339800 0.04769470 0.02524750 0.01429830 0.03678650 0.14165399 0.01758710 0.01702620 0.01130830 0.01657420 0.00899390 0.00873001 0.01556790 0.22881799 0.11981200 0.00533423 0.00421260 0.04566340
50 0.07491316 0.02225012 0.02622452 0.28663724 0.00602707 0.04772694 0.33185627 0.00788072 0.00772766 0.00607956 0.01336061 0.07550476 0.00277698 0.00162878 0.01487141 0.04031133 0.01632751 0.00058946 0.00263567 0.01467021
51 0.03514068 0.00331511 0.00408935 0.00149838 0.01060309 0.00688512 0.00337869 0.00520161 0.00238829 0.32604382 0.16340791 0.00594980 0.04397178 0.01918209 0.00689622 0.01309009 0.03212348 0.00434984 0.00785484 0.30462983
52 0.09312069 0.04197550 0.04003580 0.02832500 0.01782920 0.05092599 0.05008769 0.02940170 0.07975669 0.10171599 0.07205579 0.04934980 0.02705810 0.04136280 0.02261900 0.06564509 0.05156759 0.01171420 0.05258189 0.07287149
53 0.04960422 0.01152901 0.01159221 0.00821927 0.01150721 0.01509241 0.01519861 0.01287651 0.00614132 0.26570713 0.17500408 0.01306401 0.04735272 0.03108581 0.00970105 0.02422251 0.03602002 0.00521218 0.01524461 0.23562511
54 0.15960908 0.03634082 0.13531907 0.08861995 0.01757511 0.05484133 0.04787063 0.06417973 0.03014902 0.02737391 0.02460411 0.04451192 0.01285241 0.01269511 0.02009011 0.10764606 0.06204993 0.00574887 0.01569681 0.03222602
55 0.36929301 0.00867464 0.02212090 0.01083930 0.03070420 0.01619810 0.01363510 0.19446601 0.01416330 0.03248800 0.02117010 0.00931262 0.00378536 0.00445290 0.01619490 0.15203000 0.04100550 0.00290008 0.00277267 0.03379330
56 0.03042680 0.00322460 0.00363647 0.00127282 0.00950176 0.00701330 0.00364234 0.00432259 0.00207282 0.33711705 0.16375802 0.00542771 0.04333151 0.01767760 0.00588936 0.01188610 0.02869130 0.00458534 0.00786444 0.30865805
57 0.29788605 0.02406550 0.02883060 0.01542340 0.03713231 0.01902910 0.02246380 0.09306061 0.02247780 0.02410690 0.01455100 0.01114960 0.00669461 0.00621456 0.01628650 0.22284204 0.08460261 0.00375658 0.00750129 0.04192511
58 0.05517794 0.02198322 0.02386572 0.00749025 0.02914602 0.01333531 0.01312631 0.01350161 0.02012182 0.10367508 0.10370508 0.02116742 0.08731107 0.07349266 0.01696251 0.05869534 0.10757808 0.02799612 0.08634437 0.11532409
59 0.03412531 0.01030150 0.00506398 0.00124957 0.00963824 0.00598047 0.00286913 0.00788341 0.00282335 0.19859906 0.35479610 0.00395275 0.08620682 0.05359182 0.00477413 0.01242880 0.02601441 0.00323041 0.00881267 0.16765805
60 0.02446020 0.34885101 0.04244960 0.00908895 0.00584342 0.04078350 0.02963490 0.01036030 0.04040790 0.00982568 0.02263660 0.28739901 0.00804220 0.01203010 0.00739933 0.02855270 0.03094190 0.00318758 0.01543600 0.02266910
61 0.05784097 0.01380269 0.01690469 0.00383855 0.03101738 0.00992963 0.00865755 0.01315609 0.01016119 0.13710593 0.15741691 0.01671499 0.08152916 0.08940685 0.01613169 0.03923288 0.09697535 0.01036549 0.03579408 0.15401792
62 0.05987810 0.15033400 0.04979700 0.03313530 0.00510502 0.11384000 0.11557000 0.02151730 0.03137830 0.03528400 0.01779520 0.20423900 0.00788825 0.01906390 0.01398010 0.04285830 0.03184920 0.00331502 0.01426810 0.02890390
63 0.05031787 0.01097649 0.01122549 0.00791170 0.01209429 0.01522889 0.01525369 0.01310509 0.00626349 0.26481182 0.17487188 0.01352569 0.04731477 0.03054868 0.01026749 0.02438478 0.03681218 0.00481997 0.01548789 0.23477784
64 0.07196902 0.05013261 0.14805904 0.10542003 0.01181410 0.05819661 0.05552551 0.07204652 0.03554791 0.02767111 0.03090091 0.05903301 0.01635650 0.02899281 0.02102711 0.08310162 0.06347822 0.00592356 0.02642591 0.02837791
65 0.06693693 0.03106781 0.07476523 0.12542106 0.01400111 0.02778151 0.05802523 0.13360006 0.02416271 0.02284901 0.05439352 0.04054262 0.01214941 0.01143201 0.02281961 0.12007205 0.09966634 0.00435276 0.00683519 0.04912582
66 0.07497087 0.02375539 0.02545679 0.27277190 0.00639073 0.04591488 0.33172288 0.01225580 0.00809652 0.00676727 0.01541729 0.06811288 0.00330575 0.00240091 0.01570349 0.04680738 0.01989719 0.00101138 0.00266549 0.01657519
67 0.07595000 0.02335580 0.01998720 0.27763801 0.00632714 0.04566910 0.34645901 0.00866260 0.00644381 0.00615005 0.01404930 0.06985290 0.00294233 0.00197681 0.01560800 0.04356200 0.01710680 0.00080167 0.00207925 0.01537820
68 0.32006280 0.01359969 0.02713828 0.01952059 0.03256778 0.01387399 0.02020729 0.14211491 0.01711479 0.02944738 0.01685919 0.01036669 0.00529062 0.00575429 0.01298619 0.18627288 0.07582055 0.00348733 0.00366970 0.04384507
69 0.09735407 0.03799183 0.04947044 0.03033802 0.02388092 0.03194872 0.03537573 0.04070703 0.01957031 0.05872984 0.05243724 0.03080832 0.02804102 0.02327132 0.02248682 0.14680611 0.16462013 0.00950915 0.01651151 0.08014146
70 0.03941490 0.01380860 0.00866694 0.00217575 0.01376690 0.00952092 0.00730343 0.00901952 0.00504557 0.21746698 0.25099597 0.00864536 0.09254609 0.04191830 0.00846802 0.02177290 0.04193040 0.00539879 0.01079370 0.19134098
71 0.04107049 0.27926296 0.04349479 0.01317500 0.00846891 0.08137199 0.06572319 0.01294900 0.03612239 0.02204420 0.02715340 0.19087397 0.01208180 0.01713920 0.01546950 0.05357899 0.03669359 0.00490935 0.01412370 0.02429360
72 0.05305429 0.08669408 0.08094298 0.15192197 0.00983265 0.03352689 0.04479729 0.02689119 0.04889749 0.04932859 0.03400329 0.07099678 0.00946677 0.02360709 0.01894970 0.05606319 0.03509399 0.01945220 0.12108897 0.02539059
73 0.06168748 0.10071296 0.04137348 0.06970837 0.00560784 0.09423056 0.23838591 0.01934839 0.02111819 0.04170898 0.02124879 0.09520736 0.01103980 0.02442049 0.02608499 0.05403538 0.03054109 0.00918595 0.01101830 0.02333569
74 0.08314746 0.04605793 0.04242173 0.11976308 0.01083791 0.05709464 0.21502515 0.04181793 0.01844201 0.02329362 0.02063431 0.05925614 0.00961519 0.01235331 0.02535202 0.11514008 0.05240904 0.00684847 0.00779177 0.03269822
75 0.03780743 0.01291731 0.01925321 0.00311345 0.01321731 0.01233001 0.01465761 0.00841949 0.01099901 0.12224509 0.20345815 0.01217621 0.04916544 0.20551915 0.00885724 0.01895591 0.03581143 0.00662379 0.09606967 0.10840308
76 0.27914418 0.02315672 0.02900342 0.02577132 0.02868432 0.02633862 0.03689532 0.09455486 0.02001291 0.04861823 0.04100143 0.02277101 0.01255121 0.01399561 0.02439732 0.13844309 0.05680254 0.00488015 0.01134511 0.06163264
77 0.03811862 0.00854220 0.00559227 0.00238267 0.01101681 0.00653689 0.00417610 0.00815095 0.00345069 0.21054211 0.31603616 0.00614612 0.07203884 0.04960752 0.00659679 0.01377851 0.03010132 0.00352282 0.01041451 0.19324810
78 0.06162600 0.01855380 0.14232800 0.29062601 0.00426475 0.08912100 0.14674200 0.02173170 0.03504710 0.01139530 0.01420030 0.06456950 0.00269626 0.00430046 0.00798546 0.03232540 0.03164790 0.00108366 0.00795478 0.01180060
79 0.27928513 0.01727801 0.02235371 0.01505111 0.02697591 0.01694911 0.02551831 0.07790354 0.01722971 0.04918402 0.02814061 0.01178461 0.01139861 0.01028200 0.02559371 0.17906508 0.07942934 0.00385632 0.00773041 0.09499074
80 0.29227092 0.02062699 0.02578969 0.00876260 0.10471897 0.01538280 0.01378440 0.08047868 0.02242869 0.03329089 0.03130699 0.01325340 0.01530800 0.01230390 0.01374720 0.17275195 0.06487528 0.00299457 0.01367300 0.04225109
81 0.06333028 0.02919009 0.11532397 0.24406493 0.00484724 0.09244558 0.15758496 0.02593389 0.03055629 0.01418230 0.01492350 0.09357457 0.00470639 0.00695758 0.01090430 0.03575679 0.03027309 0.00147900 0.00846316 0.01550210
82 0.05869923 0.00550846 0.00838560 0.00227266 0.02615441 0.00532400 0.00335607 0.00947716 0.00499173 0.19821909 0.22149810 0.00897155 0.06494313 0.04822372 0.01139541 0.02111921 0.07752603 0.00178032 0.01255401 0.20960009
83 0.01197321 0.01642932 0.02319562 0.00188453 0.00621381 0.01027411 0.00324835 0.00194230 0.04757424 0.02164312 0.08362318 0.00747855 0.01073031 0.35310532 0.00458906 0.01088421 0.01524781 0.03005263 0.31831229 0.02159802
84 0.07299132 0.06790582 0.07902792 0.06961732 0.00912397 0.13160503 0.08286792 0.03116701 0.07388732 0.03406441 0.02398221 0.08395932 0.01050960 0.02760201 0.01853870 0.06133041 0.04464991 0.01248560 0.03497821 0.02970601
85 0.07465752 0.04904962 0.03868671 0.13808904 0.00689064 0.07199482 0.25821708 0.02907291 0.01704221 0.02995551 0.02356741 0.07595522 0.01041420 0.01605081 0.02366321 0.05991532 0.03299161 0.00655792 0.00914912 0.02807911
86 0.06627197 0.02608009 0.02622349 0.01433659 0.02570889 0.02008349 0.02372959 0.02087859 0.01285509 0.09865756 0.17287893 0.02297899 0.06016267 0.03550859 0.03712598 0.09588016 0.10766795 0.00370082 0.01358959 0.11568095
87 0.03102797 0.00258432 0.00327415 0.00097752 0.01001379 0.00602269 0.00239036 0.00393828 0.00183787 0.34081968 0.15778585 0.00496435 0.04247846 0.01653828 0.00607317 0.01139699 0.03002037 0.00444398 0.00738122 0.31603070
88 0.04523161 0.25881508 0.04347251 0.01971111 0.00974838 0.04534551 0.05090642 0.02168741 0.04012491 0.02129431 0.04316251 0.17131505 0.01984861 0.02177211 0.02386891 0.05923652 0.04104841 0.01209060 0.02288391 0.02843611
89 0.15215697 0.02662469 0.03393979 0.01955660 0.02168180 0.02927909 0.03457089 0.05470059 0.01916330 0.11211098 0.06902999 0.02522319 0.02988009 0.02356150 0.02186630 0.13275697 0.07165148 0.00491941 0.02219500 0.09513138
90 0.06256419 0.02154240 0.13594198 0.27343695 0.00498606 0.08987708 0.14586997 0.02643330 0.03466599 0.01241340 0.01545440 0.06520519 0.00363794 0.00498438 0.00948920 0.03696229 0.03410309 0.00138273 0.00787967 0.01316980
91 0.03571039 0.00334820 0.00416013 0.00147909 0.01108870 0.00667188 0.00362222 0.00510722 0.00240476 0.32545295 0.16161497 0.00585782 0.04362479 0.01933080 0.00715585 0.01328160 0.03302209 0.00429893 0.00802966 0.30473795
92 0.03375810 0.00892844 0.00479361 0.00184672 0.00888291 0.00636346 0.00371833 0.00801253 0.00326682 0.20582398 0.35410997 0.00419379 0.07802849 0.05270440 0.00465236 0.01190270 0.02297960 0.00336686 0.00952496 0.17314198
93 0.05213489 0.17196997 0.05311899 0.05003819 0.00909999 0.06057409 0.08219528 0.03417659 0.03382439 0.02826349 0.02907569 0.19617996 0.01398110 0.01915690 0.01850720 0.04914459 0.03890299 0.00563871 0.01914280 0.03487419
94 0.02325871 0.00275155 0.00266406 0.00064274 0.00825809 0.00575544 0.00181992 0.00368190 0.00145997 0.34155719 0.18529411 0.00365686 0.04634983 0.01841141 0.00342223 0.00951946 0.02417801 0.00452922 0.00675010 0.30603917
95 0.06310813 0.04448002 0.18678908 0.15018806 0.00717927 0.11069705 0.06407643 0.03988542 0.04102472 0.02197351 0.02034461 0.06873503 0.01176470 0.01363511 0.01570161 0.05749602 0.05290262 0.00286891 0.01242051 0.01472921
96 0.05207030 0.15504401 0.05686720 0.03786810 0.01450750 0.05228680 0.05375880 0.03609440 0.03105630 0.02907380 0.02907460 0.19133901 0.01895130 0.01839550 0.02106360 0.06284050 0.08267570 0.00694245 0.01292590 0.03716420
97 0.02303711 0.00272882 0.00261478 0.00063952 0.00811659 0.00572286 0.00185665 0.00357614 0.00142390 0.34129412 0.18658507 0.00368147 0.04658522 0.01851751 0.00331882 0.00949437 0.02377181 0.00453855 0.00681157 0.30568511
98 0.03294750 0.00852831 0.00499232 0.00216288 0.00860908 0.00614695 0.00350543 0.00820735 0.00299395 0.20751099 0.35378898 0.00396184 0.07778920 0.05274690 0.00435746 0.01180520 0.02251830 0.00352332 0.00977306 0.17413099
99 0.06520423 0.04774832 0.14357706 0.05168452 0.01632051 0.04667722 0.04599662 0.03357481 0.02490441 0.02834441 0.09129584 0.03968552 0.04488462 0.02068251 0.04141382 0.13584606 0.06434133 0.00725189 0.01882001 0.03174631
100 0.06705107 0.06321108 0.03124069 0.11526696 0.00410973 0.09951376 0.27758389 0.01384069 0.01533009 0.03659099 0.01329369 0.12572495 0.00800789 0.01815949 0.01549239 0.04171848 0.02112799 0.00234141 0.00878106 0.02161369
101 0.07385946 0.04808884 0.03790583 0.14044011 0.00713762 0.07134616 0.26128920 0.02840642 0.01705671 0.02972372 0.02360012 0.07571986 0.01104971 0.01587511 0.02359982 0.05932875 0.03253093 0.00576076 0.00932756 0.02795332
102 0.05548570 0.13817601 0.05277140 0.03592030 0.01235050 0.05535380 0.06462180 0.04357480 0.03371740 0.02317960 0.02720860 0.20288301 0.01610780 0.01660350 0.02663680 0.09484450 0.04603850 0.00632875 0.01698460 0.03121260
103 0.04075330 0.01805430 0.01088120 0.00744042 0.00981118 0.01109440 0.01180990 0.01258750 0.00797091 0.14611100 0.35564599 0.01113560 0.07828680 0.06802550 0.01396040 0.02026990 0.02505080 0.00493111 0.02217980 0.12400000
104 0.35647825 0.01048661 0.02284532 0.01286431 0.03568442 0.01087891 0.01479771 0.16384711 0.01571591 0.02738222 0.01406331 0.00678303 0.00348766 0.00468059 0.01313151 0.19357114 0.05333964 0.00276035 0.00268557 0.03451642
105 0.08409128 0.04862819 0.02627159 0.15364396 0.00469404 0.08832898 0.28765992 0.01241130 0.01502160 0.02896279 0.01352220 0.10465197 0.00464071 0.01307920 0.01631890 0.04428259 0.02176199 0.00200590 0.00641063 0.02361229
106 0.06672932 0.07039162 0.04364721 0.03390401 0.00428242 0.11002703 0.21969007 0.02158441 0.01860641 0.08514113 0.03141171 0.09023143 0.01458000 0.03262421 0.02000991 0.04758941 0.03034351 0.00482387 0.01348020 0.04090211
107 0.05051210 0.01085110 0.01133540 0.00717445 0.01201460 0.01549170 0.01542360 0.01286160 0.00620090 0.26671701 0.17230901 0.01317950 0.04663050 0.03120140 0.01009760 0.02419790 0.03618600 0.00479132 0.01546230 0.23736201
108 0.04780122 0.07044073 0.02340771 0.01536121 0.00958592 0.02204051 0.04009342 0.02420001 0.04961862 0.03496361 0.04839532 0.02764001 0.05049822 0.07099013 0.01054340 0.04966702 0.05909142 0.21404008 0.09135783 0.04026362
109 0.03578012 0.00332277 0.00377473 0.00141831 0.01077361 0.00691211 0.00367087 0.00510703 0.00229299 0.32619918 0.16188609 0.00605363 0.04383612 0.01900981 0.00713283 0.01326881 0.03191162 0.00429070 0.00801549 0.30534316
110 0.04513882 0.03161171 0.02287221 0.00837243 0.01532311 0.01872921 0.02142391 0.01804821 0.01133311 0.12811606 0.22832911 0.02151021 0.11593705 0.04753662 0.02041981 0.04652282 0.04899862 0.01452561 0.01796931 0.11728206
111 0.04788230 0.18573899 0.03663420 0.02006370 0.01456790 0.03824400 0.03854760 0.02160070 0.02882200 0.03144120 0.13244599 0.06828800 0.05142770 0.02273290 0.03976660 0.11737699 0.04465270 0.00673356 0.01794530 0.03508770
112 0.02799201 0.07678633 0.01667271 0.00456353 0.00801735 0.01731721 0.01821321 0.00952709 0.02774251 0.07736203 0.27716409 0.02698301 0.06239872 0.13056204 0.01092110 0.02376281 0.01794381 0.01589621 0.09115103 0.05902322
113 0.12839202 0.03228290 0.05148821 0.02390280 0.02462520 0.02966180 0.02819680 0.04958261 0.01772100 0.01732750 0.01482000 0.01351460 0.01470470 0.00782104 0.01832130 0.26150103 0.20940503 0.00425154 0.00906219 0.04341771
114 0.07978989 0.06602239 0.06538529 0.06228369 0.00966424 0.12416198 0.11356598 0.04028609 0.03152899 0.04580109 0.03488459 0.08286799 0.01608100 0.02399160 0.02385110 0.07062939 0.05014399 0.00639002 0.01827720 0.03439349
115 0.06581377 0.01333529 0.01166679 0.00957867 0.01490549 0.01262439 0.01627439 0.01514359 0.00759501 0.23102389 0.15131493 0.01624279 0.04342228 0.02977249 0.01523689 0.03522568 0.04887518 0.00534739 0.01372619 0.24287489
116 0.25279608 0.02891151 0.06550122 0.01985931 0.07046112 0.02495711 0.02168891 0.08192193 0.02201871 0.02826431 0.02682571 0.01770421 0.01589161 0.01067160 0.01560171 0.17163506 0.07212282 0.00394807 0.01267460 0.03654441
117 0.08084458 0.06640498 0.06391888 0.06291968 0.00977987 0.12565997 0.11638997 0.04204429 0.03094679 0.04386769 0.03390549 0.08240488 0.01520670 0.02387969 0.02354449 0.07102688 0.04914559 0.00642357 0.01807730 0.03360869
118 0.04511823 0.07415965 0.03142652 0.01328951 0.01184481 0.01781581 0.03879473 0.08627286 0.02292242 0.02776582 0.04233073 0.05403814 0.11468908 0.01739541 0.01333921 0.06683885 0.08275616 0.19256113 0.01503241 0.03160852
119 0.04144051 0.01810841 0.01094320 0.00723336 0.01005340 0.01088340 0.01105620 0.01314820 0.00812008 0.14623205 0.35573213 0.01110330 0.07877353 0.06795072 0.01294070 0.01967531 0.02513531 0.00528410 0.02179101 0.12439504
120 0.27849314 0.02259261 0.02818571 0.02531801 0.02898601 0.02605121 0.03633522 0.09411475 0.01970051 0.04958403 0.04087202 0.02279441 0.01329961 0.01347681 0.02609251 0.13755607 0.05765953 0.00454889 0.01049501 0.06384393
121 0.27832408 0.02218781 0.02906381 0.02609521 0.02850341 0.02620491 0.03663101 0.09514983 0.01974251 0.04991401 0.04183301 0.02229791 0.01306190 0.01340180 0.02591551 0.13718404 0.05670732 0.00482410 0.01054410 0.06241372
122 0.08225923 0.01395420 0.04590861 0.03798671 0.01397150 0.02038711 0.02562571 0.56830618 0.01234880 0.01343340 0.01552640 0.01985081 0.00562994 0.00701358 0.00959910 0.06178622 0.02390151 0.00252490 0.00386987 0.01611620
123 0.06922773 0.00417332 0.00912215 0.00220837 0.02842011 0.00615406 0.00440245 0.00957473 0.00500245 0.22014909 0.15122307 0.01090250 0.05242692 0.03947412 0.01358461 0.02483331 0.08774644 0.00168934 0.01258111 0.24710411
124 0.05535478 0.02295729 0.02012069 0.00461773 0.01988689 0.01493560 0.01359950 0.01537660 0.00988001 0.16938795 0.16438795 0.01692089 0.10955597 0.03657409 0.01916019 0.06724738 0.06981298 0.00639907 0.01523850 0.14858595
125 0.03700548 0.00474927 0.00460940 0.00195734 0.01319999 0.00583735 0.00320646 0.00592481 0.00283487 0.27822687 0.21258190 0.00631308 0.05432657 0.03109799 0.00627905 0.01340499 0.03809258 0.00368554 0.00914660 0.26751987
126 0.05415713 0.02897722 0.02942872 0.00754876 0.02407161 0.01752141 0.01862761 0.01952471 0.01234011 0.10247006 0.11034506 0.02418901 0.13148807 0.03251632 0.02979002 0.08445375 0.12234307 0.02639191 0.01384541 0.10997006
127 0.20258699 0.02273070 0.04013620 0.03856990 0.02704040 0.01517000 0.03184130 0.19128099 0.01691540 0.01958860 0.01377080 0.01880260 0.00817663 0.00902336 0.01763110 0.20873899 0.07185890 0.00502996 0.00449380 0.03661340
128 0.04971020 0.17968801 0.11628601 0.04955010 0.01025590 0.05214250 0.05467190 0.04280620 0.04017270 0.02008520 0.02423670 0.13010001 0.01432430 0.01904270 0.02155670 0.07517060 0.05341640 0.00569045 0.02096170 0.02013170
129 0.03343180 0.00840718 0.00501216 0.00182492 0.00914955 0.00624173 0.00382313 0.00804400 0.00305805 0.20868701 0.34908202 0.00404709 0.07690460 0.05286880 0.00475051 0.01179710 0.02345890 0.00335972 0.00975671 0.17629501
130 0.02742331 0.00282627 0.00307228 0.00086051 0.01001030 0.00564145 0.00190702 0.00403090 0.00164950 0.32949509 0.18332505 0.00432288 0.04691011 0.02048721 0.00434685 0.01046740 0.02925321 0.00422156 0.00728701 0.30246208
131 0.04527400 0.26255000 0.04425760 0.01954370 0.01020500 0.04522150 0.04878060 0.02162270 0.03935070 0.02115600 0.04110230 0.17295000 0.01943660 0.02077090 0.02374670 0.05991270 0.04180110 0.01151400 0.02255960 0.02824430
132 0.04115486 0.01886258 0.01111089 0.00709623 0.01033059 0.01097229 0.01132039 0.01282819 0.00790148 0.14451487 0.35881968 0.01077029 0.07862723 0.06777874 0.01415769 0.02006228 0.02504428 0.00476565 0.02104388 0.12283789
133 0.07510690 0.02297640 0.03152560 0.27587100 0.00660228 0.04656910 0.31663300 0.01447680 0.00933564 0.00709136 0.01601590 0.06746200 0.00301592 0.00228837 0.01530960 0.04709710 0.02101990 0.00118463 0.00295459 0.01746390
134 0.29477402 0.01301910 0.01649970 0.00987827 0.02233900 0.01417330 0.02139590 0.06689780 0.01384380 0.07940201 0.04327530 0.01316580 0.01505240 0.01471190 0.04339750 0.11202301 0.05631280 0.00420540 0.00853096 0.13710201
135 0.09334158 0.01409120 0.01356120 0.01055990 0.01577680 0.01558680 0.01481170 0.02808039 0.00827612 0.12206398 0.31364694 0.01134440 0.07136739 0.05064239 0.01560970 0.03245049 0.03645729 0.00429088 0.01265990 0.11538098
136 0.06761992 0.03907481 0.04377381 0.02506901 0.01928831 0.02133071 0.02282541 0.01719361 0.05924292 0.04959811 0.04381521 0.03003661 0.01551240 0.09450803 0.01861141 0.10903503 0.04988781 0.02360491 0.21864607 0.03132591
137 0.04128038 0.01895769 0.01093390 0.00727933 0.01024880 0.01082360 0.01097670 0.01280539 0.00778798 0.14656794 0.35731986 0.01092240 0.07838427 0.06685367 0.01293249 0.02007139 0.02517329 0.00458439 0.02152759 0.12456895
138 0.02595380 0.02002100 0.02755840 0.00535043 0.00973962 0.01445910 0.01476310 0.01047390 0.02570170 0.05415300 0.13257599 0.01633300 0.02745460 0.31154998 0.00875223 0.02021500 0.02429060 0.01648990 0.18334099 0.05082370
139 0.17744091 0.01985069 0.04225378 0.03926598 0.02400909 0.01520919 0.03043489 0.29396886 0.01502819 0.01813359 0.01333179 0.01936409 0.00714661 0.00838993 0.01422259 0.16844492 0.05616817 0.00411521 0.00368113 0.02954039
140 0.03741170 0.00919088 0.00803147 0.00140734 0.01123660 0.00536890 0.00352721 0.00843030 0.00472960 0.14856701 0.36306902 0.00478601 0.08081040 0.10386501 0.00562484 0.01290920 0.02906530 0.00339549 0.03129670 0.12727701
141 0.13256794 0.01516259 0.02527269 0.00600895 0.07376397 0.01376129 0.01107470 0.02833249 0.01323489 0.11124295 0.11911795 0.01600819 0.07459537 0.03426129 0.01696829 0.07099357 0.08004907 0.00576078 0.01774509 0.13407794
142 0.03520339 0.00349095 0.00405106 0.00137046 0.01091090 0.00643636 0.00353761 0.00485462 0.00230833 0.32536695 0.16318398 0.00587879 0.04407189 0.01971680 0.00734095 0.01269140 0.03248550 0.00434651 0.00826261 0.30449095
143 0.08388798 0.01336200 0.04610419 0.03768799 0.01398730 0.02068220 0.02581750 0.56533890 0.01257310 0.01380970 0.01559250 0.02008010 0.00558699 0.00677074 0.00871787 0.06222599 0.02498850 0.00262751 0.00368657 0.01647240
144 0.09247266 0.02403209 0.03079989 0.22847990 0.00887891 0.04056858 0.27021788 0.03267719 0.01090450 0.00931277 0.01624499 0.05452478 0.00318734 0.00348342 0.01581819 0.08836256 0.03609238 0.00309908 0.00347543 0.02736749
145 0.24748809 0.01369501 0.03405131 0.02538171 0.04290942 0.01071430 0.01972241 0.26878410 0.01390231 0.01873361 0.01240110 0.01097950 0.00505065 0.00658720 0.01019060 0.17901207 0.04994422 0.00251791 0.00329336 0.02464111
146 0.02560771 0.00252087 0.00289768 0.00092430 0.00840573 0.00629825 0.00236189 0.00355692 0.00156228 0.35278412 0.16025006 0.00433955 0.04216701 0.01453131 0.00452447 0.01026600 0.02553351 0.00471361 0.00700160 0.31975311
147 0.29924291 0.02408949 0.02820659 0.01503070 0.03724789 0.02023839 0.02312859 0.09193027 0.02281909 0.02364299 0.01386050 0.01144970 0.00635627 0.00623909 0.01614640 0.22459493 0.08471918 0.00338345 0.00751238 0.04016119
148 0.10116895 0.04966808 0.05139268 0.03363978 0.00791072 0.07442277 0.14429493 0.12327494 0.02104519 0.06940107 0.02750969 0.06145687 0.01195929 0.02165029 0.01877439 0.07850736 0.04574048 0.00626184 0.01054120 0.04137948
149 0.03374741 0.00840730 0.00494829 0.00189836 0.00906507 0.00625706 0.00360988 0.00826326 0.00314429 0.20700105 0.35064109 0.00406611 0.07727162 0.05309801 0.00460349 0.01180230 0.02332141 0.00334993 0.01011300 0.17539105
150 0.03435538 0.01055649 0.00527759 0.00124784 0.00975767 0.00607315 0.00319047 0.00799386 0.00303769 0.19199090 0.36225382 0.00393450 0.08900336 0.05494727 0.00478718 0.01278669 0.02574159 0.00316078 0.00892987 0.16097392
151 0.04360920 0.04018330 0.02150560 0.01164740 0.00874967 0.01396890 0.03809010 0.01964980 0.02406330 0.02860250 0.12576499 0.01987360 0.02710770 0.01614160 0.42611597 0.04485880 0.03420980 0.00220910 0.01178470 0.04186400
152 0.04375923 0.26423716 0.04468233 0.01894561 0.01009581 0.04551653 0.04879483 0.02196181 0.03979932 0.02081421 0.04162712 0.17427210 0.01988001 0.02057571 0.02374951 0.05938194 0.04159672 0.01090931 0.02146991 0.02793082
153 0.06729531 0.04870061 0.02410200 0.01459990 0.00819189 0.01911110 0.04077300 0.02834720 0.02695230 0.02404500 0.05854411 0.02342170 0.01500860 0.01182490 0.43573505 0.06022771 0.03567370 0.00311550 0.01228880 0.04204160
154 0.03880819 0.01240330 0.01913270 0.00332369 0.01335680 0.01305790 0.01476850 0.00820582 0.01096930 0.12353297 0.20320796 0.01285090 0.04868699 0.20218296 0.00924737 0.01891530 0.03633979 0.00633343 0.09442318 0.11025298
155 0.33574703 0.01928820 0.02440670 0.01225450 0.03796350 0.01694670 0.02024540 0.10628801 0.02082530 0.02777030 0.01509220 0.00942020 0.00504164 0.00562887 0.01636590 0.20641402 0.06969631 0.00303048 0.00626253 0.04131220
156 0.07238979 0.05099729 0.14783997 0.10275798 0.01211070 0.05797249 0.05445959 0.07359409 0.03568809 0.02765820 0.03100559 0.06058819 0.01705390 0.02702460 0.02093350 0.08445799 0.06418929 0.00617367 0.02462990 0.02847520
157 0.04926940 0.01028550 0.00831624 0.00244128 0.01464500 0.00739383 0.00451728 0.01773100 0.00396076 0.15562199 0.34078097 0.00732808 0.08917189 0.05778790 0.00732182 0.01828530 0.04132820 0.00298331 0.00905428 0.15177599
158 0.01160470 0.01303870 0.02390811 0.00131323 0.00561395 0.00821266 0.00288499 0.00215739 0.03565281 0.02918321 0.10928204 0.00654447 0.01541101 0.37895013 0.00455122 0.00943164 0.01373710 0.02367831 0.27685410 0.02799021
159 0.02244000 0.00219290 0.00250166 0.00070525 0.00728199 0.00614824 0.00205091 0.00303826 0.00135375 0.36392000 0.15631200 0.00387747 0.04058640 0.01221920 0.00392863 0.00944940 0.02233850 0.00486152 0.00647292 0.32832100
160 0.05826396 0.14416489 0.10343192 0.04894146 0.00886470 0.10352392 0.09575463 0.02842828 0.03327028 0.03023288 0.02037149 0.11662591 0.01095459 0.02021819 0.02133618 0.07114345 0.04725967 0.00324712 0.01459669 0.01936979
161 0.02618631 0.03117292 0.01627811 0.00938250 0.00698203 0.01881611 0.00760496 0.00334699 0.07732984 0.01586721 0.06773233 0.01526461 0.01081641 0.20312810 0.00613661 0.01855831 0.02201961 0.08094664 0.34052217 0.02190821
162 0.04126872 0.04916143 0.03690702 0.02302801 0.00916785 0.06237343 0.03983632 0.01331621 0.07043724 0.02897792 0.05254073 0.04793793 0.01034961 0.13820208 0.01413651 0.03601842 0.02917712 0.03769312 0.23277413 0.02669621
163 0.36699262 0.00899219 0.02229048 0.01092429 0.03112227 0.01633508 0.01376449 0.19457980 0.01445819 0.03254087 0.02173228 0.00919284 0.00388908 0.00426892 0.01624448 0.15219384 0.04124196 0.00269042 0.00295576 0.03359017
164 0.03518646 0.00331864 0.00396700 0.00159536 0.01077579 0.00674764 0.00351109 0.00504183 0.00246210 0.32622362 0.16282781 0.00602273 0.04367285 0.01906038 0.00700494 0.01302398 0.03194706 0.00442932 0.00815576 0.30502564
165 0.08234236 0.02194389 0.18509591 0.24798188 0.00532544 0.07193546 0.06686267 0.04041528 0.03827028 0.01852169 0.02094829 0.05219247 0.00394612 0.00640854 0.00739661 0.04981648 0.04429098 0.00440199 0.01513459 0.01676909
166 0.07428854 0.01035641 0.01683501 0.00788078 0.02671011 0.01552281 0.01326941 0.01523711 0.00863672 0.19703611 0.13565907 0.01651971 0.05021033 0.03794802 0.01528931 0.03948002 0.09543465 0.00315155 0.01510421 0.20543011
167 0.08852310 0.05945660 0.04995020 0.03491630 0.00846674 0.08414260 0.16244900 0.03794530 0.02327270 0.07319180 0.02619620 0.07067080 0.01404780 0.02446210 0.02359610 0.10309000 0.05070630 0.00651539 0.01514530 0.04325570
168 0.08385902 0.07594572 0.03575181 0.03006291 0.01415860 0.05422821 0.06493041 0.03196661 0.02917801 0.05067751 0.04497401 0.11567903 0.02153230 0.02040630 0.02934791 0.10649802 0.05665161 0.00776428 0.01581970 0.11056802
169 0.07927232 0.06567922 0.06629442 0.06386012 0.00980908 0.12399404 0.11398604 0.04021911 0.03124771 0.04518101 0.03562341 0.08287023 0.01623341 0.02416531 0.02325961 0.06956352 0.04977492 0.00614181 0.01757071 0.03525401
170 0.03472426 0.01510618 0.00760339 0.00222722 0.00749417 0.00894106 0.00544637 0.00938773 0.00374258 0.13899283 0.43410947 0.00457353 0.10222787 0.06518142 0.00746264 0.01400748 0.01781548 0.00326736 0.00937510 0.10831387
171 0.04404716 0.26368578 0.04442096 0.01992228 0.00998811 0.04422876 0.04899386 0.02224678 0.03942237 0.02090198 0.04170647 0.17362286 0.01966328 0.02076588 0.02290678 0.05860145 0.04180397 0.01192039 0.02265928 0.02849158
172 0.03925239 0.00570981 0.00534649 0.00119089 0.01403350 0.00573969 0.00247759 0.00703498 0.00269923 0.24024495 0.26102294 0.00542054 0.06873668 0.04092959 0.00581342 0.01353320 0.03932659 0.00316562 0.00900096 0.22932095
173 0.06815511 0.02529300 0.09322751 0.25143703 0.00766842 0.05340391 0.16480102 0.04850961 0.02473350 0.01786030 0.02223160 0.05981781 0.00502666 0.00613238 0.01321260 0.05838071 0.03886170 0.00365673 0.01423570 0.02335470
174 0.07524467 0.04882728 0.03794648 0.13843894 0.00717675 0.07114747 0.25784489 0.02922639 0.01740179 0.02921639 0.02408369 0.07531167 0.01066180 0.01539889 0.02483439 0.06036837 0.03326559 0.00641771 0.00868696 0.02849989
175 0.06341869 0.02895860 0.08821179 0.26973697 0.00578068 0.05859089 0.18497698 0.02782900 0.02274600 0.01418610 0.01913910 0.09053789 0.00528096 0.00507789 0.01324660 0.04075870 0.02839710 0.00238717 0.01231080 0.01842810
176 0.06812582 0.02808407 0.07868461 0.23341972 0.00954901 0.03920195 0.12281086 0.02484787 0.02004018 0.02914097 0.10125488 0.05222524 0.01361948 0.01207429 0.02194537 0.05033834 0.03272646 0.00471655 0.01815708 0.03903725
177 0.06621109 0.01353460 0.01217400 0.00979156 0.01488820 0.01259570 0.01598460 0.01543640 0.00767422 0.23060197 0.15240098 0.01622740 0.04337650 0.03053830 0.01495630 0.03539440 0.04876419 0.00532213 0.01383650 0.24029097
178 0.32036207 0.02217200 0.02448141 0.00742368 0.08455962 0.01464540 0.01305460 0.08581392 0.02447421 0.01999770 0.01603400 0.00866322 0.00769836 0.00613950 0.01107710 0.22031705 0.07179022 0.00204815 0.00940317 0.02984461
179 0.05152361 0.05874591 0.04489751 0.04370971 0.00547424 0.11454603 0.25092206 0.01829420 0.01686260 0.04360971 0.04152061 0.07601282 0.06769591 0.02276391 0.02832251 0.04530841 0.02630041 0.00716683 0.00940271 0.02692031
