1 0.03208568 0.00460195 0.00459830 0.00089889 0.01194309 0.00518255 0.00181588 0.00351513 0.00213298 0.27857884 0.22829287 0.00477721 0.05984187 0.03362768 0.00356503 0.01403639 0.03457828 0.00380027 0.00975828 0.26236885
2 0.04883208 0.05577588 0.01836119 0.00940988 0.00460515 0.01500680 0.03771759 0.01601740 0.05900128 0.01240170 0.05140048 0.01871499 0.00775382 0.01277510 0.49637885 0.05131108 0.03118069 0.00242566 0.01657229 0.03435809
3 0.05648719 0.03978069 0.08623318 0.10175398 0.01880280 0.02539039 0.04381889 0.19571496 0.03443279 0.01347320 0.01451210 0.04377539 0.00852787 0.00910237 0.01193970 0.13366597 0.11502498 0.00484810 0.00694457 0.03577089
4 0.06504231 0.01338480 0.01370940 0.00878379 0.01361510 0.01244820 0.01624960 0.01479600 0.00834416 0.22366305 0.15587803 0.01712800 0.04664871 0.03021431 0.01544130 0.03578931 0.04899951 0.00537434 0.01354400 0.24094605
5 0.13497203 0.05974491 0.04463011 0.04102211 0.01880890 0.05855441 0.07572171 0.04315371 0.03115491 0.04006981 0.02498840 0.10594402 0.01447880 0.02057820 0.02908441 0.08484982 0.09246212 0.00615251 0.01392030 0.05970881
6 0.04279221 0.02328621 0.16226805 0.31039310 0.00682946 0.03601141 0.02885601 0.02567061 0.02696431 0.07334862 0.02079821 0.05696412 0.01915721 0.00718570 0.00713638 0.04008561 0.04335541 0.00680164 0.04268101 0.01941471
7 0.23105202 0.02238580 0.04269680 0.03038180 0.03362770 0.01622280 0.02464210 0.18344802 0.02456190 0.01557630 0.01515500 0.02007120 0.00598046 0.00875504 0.01561320 0.19278902 0.07517601 0.00497979 0.00592931 0.03095570
8 0.04870580 0.01265530 0.01173090 0.00868511 0.01329630 0.01771460 0.01397630 0.01127510 0.00688584 0.24994898 0.17624999 0.01464070 0.05245980 0.03606530 0.01015390 0.02553170 0.04010110 0.00578883 0.01676250 0.22737198
9 0.07224803 0.06210533 0.02422951 0.09544534 0.00440430 0.12326305 0.25477311 0.02344841 0.02125591 0.03381301 0.01537991 0.12396005 0.01233641 0.01545231 0.01798791 0.04487282 0.02499621 0.00240807 0.00726671 0.02035361
10 0.01382120 0.01150380 0.01615370 0.00125516 0.00833824 0.01412450 0.00334870 0.00267599 0.04369880 0.02919280 0.06970960 0.00967102 0.01669500 0.32410198 0.00537726 0.01506680 0.02099000 0.03315450 0.34406798 0.01705300
11 0.03874308 0.15001494 0.05077258 0.03038399 0.00930872 0.03573528 0.04040768 0.01975599 0.05638258 0.02635419 0.03964718 0.17328193 0.01366779 0.05920058 0.01641319 0.04704098 0.02965039 0.01667289 0.11944195 0.02712409
12 0.02987470 0.01842950 0.01857560 0.00481043 0.01001180 0.02073850 0.01444750 0.01845190 0.02761220 0.06357930 0.12631801 0.01902620 0.03304680 0.27936702 0.01105010 0.02157330 0.02642870 0.02313060 0.18122701 0.05230080
13 0.06241500 0.02328700 0.10375000 0.23534599 0.00762005 0.06226940 0.21508799 0.02600630 0.02530240 0.01064620 0.01876470 0.06636630 0.01289500 0.00362352 0.01149520 0.05654810 0.03285730 0.00287576 0.00604501 0.01679880
14 0.06974140 0.01955750 0.03184580 0.24590501 0.00675868 0.06340440 0.31677102 0.01832600 0.01455010 0.00692925 0.01618050 0.07427690 0.00559186 0.00215415 0.01437720 0.05127370 0.02104460 0.00092929 0.00296121 0.01742140
15 0.04127000 0.25635500 0.04696350 0.02037840 0.01028150 0.04927310 0.04926640 0.02200950 0.04015300 0.02345570 0.03412330 0.17534900 0.02089820 0.01848230 0.02552310 0.06110040 0.04302680 0.01181430 0.02102510 0.02925140
16 0.08776376 0.01257969 0.03780518 0.04302198 0.01134580 0.01847559 0.02270609 0.56239276 0.01334069 0.01168580 0.01645199 0.02389779 0.00531647 0.01054680 0.00943543 0.06426227 0.02639119 0.00267978 0.00399324 0.01590769
17 0.06646060 0.01407870 0.01320070 0.00914323 0.01373490 0.01226520 0.01598160 0.01550400 0.00808319 0.22102199 0.15652599 0.01775690 0.04651800 0.03039900 0.01563610 0.03641100 0.04977910 0.00564382 0.01356400 0.23829199
18 0.06822040 0.10295501 0.07251610 0.04262170 0.01885540 0.08666181 0.06509600 0.09526511 0.03855710 0.02162140 0.01504920 0.05990080 0.01243860 0.01294710 0.02303340 0.14700901 0.07882200 0.00725214 0.01135640 0.01982130
19 0.07421613 0.04237222 0.03103791 0.14037006 0.00735994 0.07567993 0.26452911 0.03039901 0.02271061 0.02194051 0.02632411 0.07714843 0.01570611 0.01332921 0.02519001 0.05933732 0.03146821 0.00538851 0.00831914 0.02717351
20 0.03731310 0.00653331 0.00531952 0.00220356 0.00974804 0.00785150 0.00431195 0.00730094 0.00360236 0.21259802 0.31436703 0.00536327 0.07396191 0.04902940 0.00529450 0.01356410 0.02886000 0.00336756 0.01053890 0.19887102
21 0.16555994 0.03935849 0.04797188 0.03404659 0.02716049 0.03184999 0.04073919 0.07440777 0.02646569 0.02845559 0.02635399 0.03027879 0.01755269 0.01380310 0.02566269 0.19492393 0.10913896 0.00724446 0.01518859 0.04383718
22 0.04359730 0.01406140 0.00999951 0.00673456 0.00831930 0.01396140 0.01248620 0.01352550 0.00875075 0.14692499 0.35614196 0.01033780 0.07934999 0.06578889 0.01296020 0.01849640 0.02454270 0.00434998 0.02009920 0.12957199
23 0.06074150 0.11345000 0.04918180 0.04818300 0.00828962 0.09796360 0.09573230 0.02181430 0.03007220 0.03586410 0.07726580 0.14373701 0.02603730 0.02673560 0.02696820 0.04439890 0.03319290 0.00617594 0.02087970 0.03331620
24 0.08653607 0.01281840 0.03790629 0.04274579 0.01085650 0.01909129 0.02347479 0.56133883 0.01383450 0.01216900 0.01733209 0.02451559 0.00537585 0.01039040 0.00891405 0.06329148 0.02693149 0.00264551 0.00398139 0.01585070
25 0.05565031 0.01237110 0.01566820 0.00868933 0.01908170 0.01481290 0.01073360 0.01171370 0.00788025 0.23913704 0.14291102 0.01460510 0.04940231 0.02823500 0.01321170 0.03797121 0.07316931 0.00567387 0.01321930 0.22586303
26 0.33254804 0.01346040 0.02507900 0.01261460 0.03940811 0.01462020 0.02029230 0.11172501 0.02231310 0.02235860 0.01818490 0.00986080 0.00609628 0.00624453 0.02048720 0.20269503 0.07062281 0.00419210 0.00645006 0.04074691
27 0.03205093 0.00878035 0.00689653 0.00183863 0.01290081 0.00920066 0.00566612 0.00402304 0.00328426 0.27616426 0.20681619 0.00706526 0.06746096 0.03198983 0.00579932 0.01749112 0.03700843 0.00469115 0.01047991 0.25039224
28 0.07075579 0.01992730 0.02545949 0.23936395 0.00661364 0.06535669 0.33256893 0.01736580 0.01345960 0.00592355 0.01563240 0.07609608 0.00474156 0.00197456 0.01443540 0.05084679 0.01990130 0.00082912 0.00232598 0.01642210
29 0.03752669 0.00486743 0.00580182 0.00171475 0.01308830 0.00572196 0.00314802 0.00362964 0.00262065 0.29921096 0.17313697 0.00716610 0.05067239 0.02537670 0.00611402 0.01703310 0.03903009 0.00418236 0.01016110 0.28979696
30 0.06877025 0.05878464 0.03573063 0.12393109 0.00805443 0.07973696 0.23963217 0.03007652 0.02525382 0.01989791 0.01652741 0.11145208 0.01085491 0.00932678 0.01830521 0.07353685 0.03276472 0.00516730 0.00976739 0.02242892
31 0.08778607 0.01285840 0.03867479 0.04242259 0.01109330 0.01845219 0.02294449 0.55983881 0.01404620 0.01183380 0.01680809 0.02468549 0.00522133 0.01043910 0.00961149 0.06368118 0.02671969 0.00244672 0.00432070 0.01611559
32 0.03582868 0.00620341 0.00468280 0.00150811 0.00893263 0.00784727 0.00351176 0.00709340 0.00344340 0.20485888 0.33764380 0.00432686 0.07766385 0.05211997 0.00441432 0.01237609 0.02631098 0.00316831 0.01004159 0.18802389
33 0.03506297 0.00666118 0.00433081 0.00174974 0.00832640 0.00825415 0.00341053 0.00727991 0.00342482 0.19991881 0.35566667 0.00373654 0.08093952 0.05469505 0.00348197 0.01150389 0.02340828 0.00312774 0.01005519 0.17496584
34 0.05617948 0.12607996 0.02813629 0.01363930 0.00759122 0.04698738 0.05441818 0.01862899 0.04067619 0.02020699 0.04246959 0.04906838 0.01517829 0.01387770 0.30085590 0.06706388 0.04553538 0.00483071 0.01704329 0.03153289
35 0.01187219 0.00950622 0.01577718 0.00096918 0.00780024 0.01335849 0.00323030 0.00411447 0.03576336 0.03170987 0.07147493 0.00960790 0.01712468 0.36798962 0.00474249 0.01298459 0.01880408 0.03044677 0.31493367 0.01778978
36 0.04595059 0.21306694 0.05411858 0.02019659 0.01213230 0.04107599 0.05468988 0.02877079 0.09184837 0.01716119 0.02782149 0.13551396 0.01505610 0.01958739 0.02911179 0.07205908 0.04005099 0.01592920 0.04416059 0.02169819
37 0.12696495 0.03414109 0.04970228 0.02490329 0.02423449 0.03092319 0.02209679 0.04992768 0.01906589 0.01848259 0.01450149 0.01581819 0.01268409 0.00722585 0.01578779 0.25904790 0.21499891 0.00441015 0.01025570 0.04482768
38 0.03002069 0.02623939 0.02600209 0.01240280 0.01089900 0.01894579 0.01280880 0.00892948 0.04898199 0.04033429 0.06870668 0.02408269 0.01933289 0.22910494 0.01182640 0.03146959 0.02944479 0.03052829 0.29015092 0.02978849
39 0.05303455 0.14346712 0.06119375 0.01424541 0.01254321 0.02604952 0.04335204 0.03260843 0.12525511 0.01224971 0.02358402 0.09090058 0.00770275 0.03129153 0.02414252 0.09922379 0.03838223 0.01912262 0.12540711 0.01624401
40 0.02873063 0.01838352 0.01860082 0.00490095 0.00990225 0.02153492 0.01506022 0.01872742 0.02722903 0.06315246 0.12557213 0.01886612 0.03341053 0.28084928 0.01155661 0.02179302 0.02625133 0.02271462 0.18132218 0.05144195
41 0.06831988 0.11132497 0.04138809 0.05240799 0.00680097 0.12875797 0.14072296 0.02675169 0.02824929 0.03995759 0.02124709 0.15129596 0.01587460 0.02089609 0.01977010 0.05015379 0.03389899 0.00424588 0.01268270 0.02525339
42 0.12403005 0.01804811 0.04039401 0.03631911 0.01892341 0.01937011 0.02515521 0.32658912 0.01775921 0.01732021 0.01919071 0.02542971 0.00966446 0.06288352 0.01664141 0.13282805 0.04867612 0.00485930 0.00642797 0.02949021
43 0.02865359 0.01585239 0.02178469 0.02445559 0.01240440 0.01608469 0.01001900 0.00581033 0.02719109 0.11948295 0.09600386 0.01656569 0.02909779 0.18753493 0.00870006 0.02537019 0.02912729 0.02013009 0.22281691 0.08291447
44 0.04412162 0.01424261 0.01007970 0.00690871 0.00878002 0.01383201 0.01237051 0.01381381 0.00870808 0.14583906 0.35600215 0.01047590 0.07872623 0.06608123 0.01328321 0.01902661 0.02475831 0.00433317 0.02049701 0.12812005
45 0.02880971 0.01040740 0.01102190 0.00216518 0.00689239 0.01348160 0.00800639 0.01127900 0.01760530 0.09163252 0.27784306 0.00860178 0.06040781 0.20363904 0.00794366 0.01202660 0.01951370 0.01483410 0.11850602 0.07538282
46 0.04383976 0.01479479 0.01023399 0.00694959 0.00868178 0.01396519 0.01268919 0.01349389 0.00881438 0.14516287 0.35433068 0.01079099 0.07863333 0.06658544 0.01369929 0.01872358 0.02513388 0.00473042 0.02039308 0.12835388
47 0.06278155 0.05528376 0.15104489 0.10502892 0.01212059 0.11102292 0.07055035 0.03617627 0.03343187 0.02804788 0.02856668 0.06807735 0.02810918 0.01649309 0.02285168 0.07669654 0.05383926 0.00544825 0.01343439 0.02099458
48 0.03119379 0.00424661 0.00519180 0.00089589 0.01329070 0.00438796 0.00198131 0.00229079 0.00190403 0.30340192 0.18358395 0.00545102 0.05473669 0.02588489 0.00383990 0.01494560 0.03840289 0.00398930 0.00956805 0.29081292
49 0.18759008 0.02881241 0.05228342 0.03738432 0.03153511 0.01835601 0.02448931 0.12343705 0.02595541 0.01559691 0.01304031 0.02144951 0.00700791 0.00825555 0.01473241 0.21151409 0.12770905 0.00465116 0.00575347 0.04044652
50 0.06930529 0.01858870 0.02730140 0.24584498 0.00640865 0.06618600 0.32966598 0.01498240 0.01279140 0.00587381 0.01458740 0.08215969 0.00431970 0.00157432 0.01474640 0.04827610 0.01889280 0.00059462 0.00260307 0.01529730
51 0.03793869 0.00494674 0.00575718 0.00165489 0.01302460 0.00554432 0.00330002 0.00376255 0.00261488 0.29957491 0.17216795 0.00707291 0.05038588 0.02511569 0.00614841 0.01732569 0.03933559 0.00419934 0.00992587 0.29020391
52 0.09022355 0.04689792 0.03824952 0.02776221 0.01567761 0.04867422 0.04476842 0.03118442 0.06824373 0.10032705 0.08017624 0.04838192 0.03221672 0.05503113 0.02629791 0.05941723 0.05123313 0.01186931 0.05242413 0.07094364
53 0.04868254 0.01239751 0.01145951 0.00943095 0.01317141 0.01697611 0.01341071 0.01056961 0.00658298 0.25074919 0.17757613 0.01417291 0.05276904 0.03490133 0.01006511 0.02554542 0.04041123 0.00552893 0.01686821 0.22873117
54 0.16802696 0.03187859 0.12653797 0.07811628 0.02239049 0.04331859 0.04388309 0.06543718 0.03122669 0.02500869 0.02518439 0.04099079 0.01967270 0.01222810 0.01991140 0.11888197 0.06282748 0.00939204 0.01648780 0.03859879
55 0.34590839 0.00874108 0.02288763 0.01116991 0.03689934 0.01349022 0.01647922 0.17801020 0.01881222 0.02363173 0.02071652 0.01067141 0.00412979 0.00723104 0.02084562 0.16700019 0.04979446 0.00419649 0.00351569 0.03586884
56 0.03580281 0.00447074 0.00545611 0.00154376 0.01292060 0.00550444 0.00277285 0.00317271 0.00226167 0.30266705 0.17618003 0.00640029 0.05105721 0.02531610 0.00558250 0.01666060 0.03821411 0.00419845 0.00989990 0.28991805
57 0.30529676 0.01671879 0.02868618 0.01465029 0.03764427 0.01679589 0.02104418 0.10160892 0.02304778 0.02084938 0.01770749 0.01079069 0.00708811 0.00643936 0.01943189 0.21526483 0.08410144 0.00451335 0.00746563 0.04085477
58 0.04200023 0.02379131 0.02866972 0.01492821 0.02221311 0.01907481 0.01756011 0.01155221 0.02559862 0.08537855 0.08944785 0.02305991 0.07266864 0.11529907 0.01900281 0.05726743 0.08193295 0.03017942 0.14304409 0.07733095
59 0.03482239 0.00820774 0.00491641 0.00143102 0.00953094 0.00816292 0.00330983 0.00684183 0.00363244 0.20708497 0.33465395 0.00415914 0.08285259 0.05201409 0.00326001 0.01225700 0.02641310 0.00320658 0.01007310 0.18316997
60 0.02137129 0.34372689 0.04578418 0.00910899 0.00455641 0.04349039 0.03348919 0.00925454 0.03656189 0.01123020 0.02072089 0.28310291 0.01196620 0.01039350 0.00632223 0.03657329 0.02909729 0.00356656 0.01632089 0.02336229
61 0.03624760 0.01356850 0.01464080 0.00460783 0.01542370 0.01494170 0.01236190 0.01170920 0.01911310 0.11879600 0.22547699 0.01402550 0.05425660 0.14269700 0.01604860 0.02209490 0.05141850 0.01301290 0.08978870 0.10977000
62 0.05676764 0.17112681 0.04062485 0.03547566 0.00621266 0.10430588 0.11420187 0.02171288 0.02886527 0.03074777 0.01932048 0.20661577 0.01366678 0.01825248 0.01467608 0.04486645 0.03242016 0.00355195 0.01272679 0.02386177
63 0.04857092 0.01283420 0.01185570 0.00859834 0.01321630 0.01665651 0.01309260 0.01108420 0.00668344 0.24940009 0.17843506 0.01363190 0.05276522 0.03665381 0.01003430 0.02589861 0.03964411 0.00603967 0.01717691 0.22772808
64 0.06907849 0.05518759 0.14996398 0.09924529 0.01735240 0.04658019 0.04629329 0.06546409 0.03723430 0.02881160 0.03148160 0.06413339 0.02481300 0.02198630 0.01813200 0.09268689 0.06761829 0.00877091 0.02393680 0.03122960
65 0.06599609 0.03299839 0.06690549 0.10873898 0.01636810 0.02636420 0.05133819 0.14573797 0.02686870 0.02306910 0.05726169 0.04269399 0.01707290 0.01504360 0.02109630 0.10463398 0.11147198 0.00430504 0.00782584 0.05420949
66 0.07036071 0.01982080 0.02607650 0.23942404 0.00657377 0.06557791 0.33227706 0.01731340 0.01357320 0.00582423 0.01568350 0.07612021 0.00486397 0.00208401 0.01448460 0.05048091 0.01983390 0.00083028 0.00216527 0.01663170
67 0.07081305 0.01895201 0.02172131 0.24071516 0.00638010 0.06587964 0.34374423 0.01470051 0.01250011 0.00509076 0.01531151 0.07713295 0.00423026 0.00184176 0.01464251 0.04946163 0.01855851 0.00056975 0.00187290 0.01588131
68 0.31904890 0.01206420 0.02598379 0.01498510 0.03713989 0.01313020 0.01904389 0.13079996 0.02124769 0.02356979 0.01789179 0.01175340 0.00538421 0.00729602 0.01940879 0.18590994 0.08030017 0.00400095 0.00430574 0.04673559
69 0.10254401 0.03964940 0.04699870 0.03180940 0.02279780 0.03171350 0.03253190 0.04512140 0.02240950 0.05859871 0.04731730 0.03292860 0.02390680 0.02249360 0.02300220 0.15257702 0.15720802 0.01017320 0.01900890 0.07721001
70 0.03521616 0.01501788 0.01074799 0.00389154 0.01261768 0.01411338 0.01278448 0.00676915 0.00576898 0.22438372 0.23491670 0.01018419 0.08876519 0.04075995 0.00964448 0.02248407 0.03739505 0.00612077 0.01177589 0.19664275
71 0.03652270 0.28527202 0.03968060 0.01206410 0.00682380 0.08848641 0.05685180 0.01318080 0.03360150 0.02541650 0.02375140 0.19266802 0.01720410 0.01676750 0.01782460 0.05558340 0.03677090 0.00477902 0.01345860 0.02329220
72 0.04449439 0.11385398 0.08099618 0.10510298 0.01515200 0.02694679 0.05659769 0.04628459 0.04350989 0.02916829 0.02354250 0.05515579 0.03044649 0.01348710 0.01193740 0.08903988 0.06648229 0.09319108 0.03449919 0.02011150
73 0.05731338 0.11917197 0.03140149 0.07056838 0.00741918 0.08732008 0.21380694 0.02559679 0.03591019 0.02849219 0.02201859 0.09849687 0.01997249 0.01651630 0.02635649 0.05813718 0.03238639 0.01309570 0.01248410 0.02353529
74 0.08318251 0.04251231 0.03562821 0.13099802 0.00998127 0.06654941 0.23591704 0.03441141 0.02535230 0.01755480 0.01911730 0.06775671 0.01507950 0.00910869 0.02210520 0.09730112 0.04496551 0.00705568 0.00807950 0.02734350
75 0.03087121 0.01389700 0.01408690 0.00298153 0.01065810 0.01715890 0.01129480 0.01168320 0.01425480 0.14317803 0.18669804 0.01364050 0.04972971 0.19466805 0.00784603 0.01756120 0.02767391 0.01253700 0.10374202 0.11583903
76 0.27366290 0.01965139 0.02706569 0.02336739 0.02985299 0.02525649 0.03860559 0.09339057 0.02238359 0.04422158 0.04230639 0.02283969 0.01342760 0.01462699 0.02774289 0.14305795 0.05977788 0.00584535 0.01017250 0.06274458
77 0.03755369 0.00659325 0.00537364 0.00214115 0.00961178 0.00792731 0.00436019 0.00729422 0.00372234 0.21279194 0.31285191 0.00556160 0.07379648 0.04886649 0.00527927 0.01402780 0.02925829 0.00337865 0.01042410 0.19918594
78 0.06091019 0.01894110 0.09824259 0.27296096 0.00593141 0.07457969 0.20546497 0.01922130 0.02480630 0.01398800 0.01776050 0.06868139 0.01195930 0.00304894 0.01073300 0.04440319 0.02576470 0.00144362 0.00692738 0.01423150
79 0.28185473 0.01358269 0.02311598 0.01253459 0.02867667 0.01665558 0.02244808 0.07863632 0.01933638 0.04584116 0.02635707 0.01262359 0.01074029 0.00932539 0.02914517 0.17630083 0.08827792 0.00364906 0.00730309 0.09359541
80 0.31140183 0.01574229 0.02778228 0.00990884 0.08917035 0.01230569 0.01289569 0.10039194 0.01999669 0.02757558 0.02912118 0.01198049 0.01488859 0.01019199 0.01805539 0.17360590 0.06206917 0.00381871 0.01135549 0.03774188
81 0.06353779 0.02736630 0.07314239 0.22724798 0.00684379 0.07902149 0.22919698 0.02356310 0.02179360 0.01302400 0.01774260 0.09096889 0.01056830 0.00455324 0.01345550 0.04810640 0.02638390 0.00159494 0.00606481 0.01582400
82 0.03772991 0.00660123 0.00704089 0.00218693 0.01618830 0.00676324 0.00340285 0.00610121 0.00451885 0.23763907 0.25041207 0.00627851 0.06601412 0.04050461 0.00640492 0.01736130 0.04877231 0.00316399 0.01074560 0.22217006
83 0.01418200 0.01122780 0.01604610 0.00123627 0.00822086 0.01448430 0.00346768 0.00281759 0.04339901 0.02914291 0.06960222 0.00988650 0.01652960 0.32572309 0.00533792 0.01480440 0.02085201 0.03351131 0.34236610 0.01716230
84 0.06532257 0.05739067 0.02560499 0.01813589 0.00704039 0.18564090 0.09266505 0.02137149 0.02064619 0.13269993 0.05764747 0.06069387 0.03329278 0.03468468 0.02511699 0.04728917 0.03740088 0.00591884 0.01557299 0.05586427
85 0.07472154 0.04274602 0.03076471 0.13854407 0.00739913 0.07650254 0.26216112 0.03106831 0.02224181 0.02228121 0.02666631 0.07734304 0.01558251 0.01318071 0.02663741 0.05847123 0.03132511 0.00644177 0.00846423 0.02745721
86 0.07771588 0.02212749 0.02524879 0.01445720 0.02234409 0.01929509 0.02005579 0.02563929 0.01547350 0.11147697 0.18210295 0.01886300 0.04602189 0.03219299 0.02788259 0.10061997 0.10318697 0.00434846 0.01382410 0.11712297
87 0.03508697 0.00431141 0.00516882 0.00111691 0.01282029 0.00474693 0.00248557 0.00263246 0.00205514 0.30783170 0.16991583 0.00658565 0.04990345 0.02364088 0.00545765 0.01608548 0.03822516 0.00421960 0.00978540 0.29792471
88 0.04034549 0.25315895 0.04750259 0.02013040 0.01044890 0.04882759 0.05002439 0.02213500 0.04032039 0.02418100 0.03504479 0.17267797 0.02176340 0.01900510 0.02586089 0.06215199 0.04383889 0.01138190 0.02143490 0.02976549
89 0.13374589 0.02576458 0.03094807 0.01776499 0.02100068 0.03164017 0.02881748 0.04462796 0.01818279 0.12710690 0.07437454 0.02581318 0.03502447 0.02225008 0.02387308 0.12330690 0.07849364 0.00577231 0.01647539 0.11501691
90 0.06211053 0.02185791 0.09425574 0.25225411 0.00691487 0.07595033 0.20137109 0.02534181 0.02507991 0.01441971 0.01868541 0.06898073 0.01220921 0.00454001 0.01212751 0.04988872 0.02956171 0.00190759 0.00693009 0.01561301
91 0.07515777 0.07925197 0.03260019 0.02753139 0.00951477 0.03432239 0.05002288 0.02011579 0.02094009 0.10037896 0.06435967 0.11210496 0.02797369 0.02270059 0.02156839 0.04254958 0.05027118 0.00654973 0.01586809 0.18621793
92 0.03574011 0.00698344 0.00492923 0.00172007 0.00909615 0.00855903 0.00367849 0.00724457 0.00378542 0.20766407 0.33470712 0.00458693 0.07767683 0.05226672 0.00398392 0.01275140 0.02586291 0.00330000 0.01095250 0.18451106
93 0.04999459 0.17492095 0.05421249 0.05087809 0.00934442 0.05617758 0.08237988 0.03619549 0.03400539 0.02739329 0.02878819 0.18966895 0.01616700 0.01903319 0.01693600 0.05220009 0.03969319 0.00580815 0.02092469 0.03527839
94 0.02934691 0.00382265 0.00439279 0.00072262 0.01234960 0.00432104 0.00120829 0.00216247 0.00158215 0.30515511 0.19545307 0.00472384 0.05418322 0.02710691 0.00315222 0.01405151 0.03507171 0.00407113 0.00956064 0.28756210
95 0.05830509 0.04884219 0.18699196 0.12452498 0.01354250 0.09375318 0.05835349 0.03582539 0.03604709 0.02256490 0.02749199 0.06430569 0.02896029 0.01424950 0.01847570 0.07571638 0.05466899 0.00536910 0.01287940 0.01913220
96 0.05254439 0.14217597 0.06321189 0.04155979 0.01801980 0.04843149 0.05698219 0.03877949 0.03349509 0.02958189 0.02568769 0.17076496 0.01737750 0.02178530 0.01874850 0.07149328 0.08704798 0.00760631 0.01570780 0.03899869
97 0.02938860 0.00379094 0.00441693 0.00059882 0.01250640 0.00431483 0.00118336 0.00213666 0.00166617 0.30645500 0.19303400 0.00480318 0.05372010 0.02657360 0.00321646 0.01423390 0.03554530 0.00406091 0.00943685 0.28891800
98 0.04867667 0.09439865 0.03860968 0.03085538 0.01149979 0.03852058 0.04936047 0.02051749 0.02834188 0.06983896 0.16061191 0.11288894 0.03957038 0.03921718 0.02966148 0.03832168 0.03749568 0.00822164 0.02972188 0.07366966
99 0.05500358 0.03716089 0.18542894 0.06694368 0.02373119 0.04770259 0.04129439 0.02697789 0.02511969 0.02592419 0.02955329 0.04155669 0.09377477 0.01399300 0.02968369 0.13161896 0.07213568 0.01073440 0.01156270 0.03009979
100 0.06859651 0.05324181 0.02311590 0.13531103 0.00515840 0.09272462 0.28888506 0.02058340 0.01809640 0.02069560 0.01552680 0.12510303 0.00911087 0.00987138 0.01652060 0.04670311 0.02274980 0.00238139 0.00698215 0.01864210
101 0.07447730 0.04356170 0.03035960 0.13953300 0.00743210 0.07655440 0.26382500 0.02956320 0.02299300 0.02179670 0.02595910 0.07839060 0.01503570 0.01299940 0.02513750 0.05788690 0.03164140 0.00634691 0.00849429 0.02801220
102 0.04986318 0.17047494 0.06041818 0.03865929 0.01175200 0.05076268 0.06772487 0.03882729 0.03611599 0.02030119 0.02223029 0.20267193 0.01411669 0.01356739 0.01500099 0.08702587 0.04752708 0.00649557 0.01853269 0.02793189
103 0.04434620 0.01405350 0.00978042 0.00649507 0.00861902 0.01348600 0.01167830 0.01360780 0.00886872 0.14673900 0.35558700 0.01005750 0.07927040 0.06641360 0.01274870 0.01847780 0.02477050 0.00468276 0.02083570 0.12948200
104 0.35218301 0.00899327 0.02403230 0.01061520 0.04180940 0.00938710 0.01363760 0.15225700 0.02032930 0.01859410 0.01687120 0.00717427 0.00359839 0.00595016 0.01708320 0.20021400 0.05777260 0.00358415 0.00347134 0.03244240
105 0.08457292 0.03462331 0.02109241 0.15757304 0.00540497 0.08939483 0.29965108 0.02140491 0.01754000 0.01851271 0.01507010 0.10275103 0.00691151 0.00847029 0.01770280 0.04820521 0.02249711 0.00196635 0.00498110 0.02167431
106 0.06898321 0.06785111 0.03873211 0.08917711 0.00858307 0.07504281 0.21849503 0.03171080 0.06174601 0.02213710 0.02526470 0.07088511 0.01451190 0.01632660 0.02954450 0.06655901 0.03505010 0.01317150 0.01782930 0.02839890
107 0.04873529 0.01282720 0.01221360 0.00953960 0.01303290 0.01750780 0.01300290 0.01108020 0.00717883 0.24939297 0.17587098 0.01423280 0.05244509 0.03526180 0.01061940 0.02594580 0.04044640 0.00594299 0.01645350 0.22826997
108 0.05453232 0.06053073 0.03259161 0.01523451 0.00957498 0.02330101 0.04131812 0.02584391 0.03492281 0.04863382 0.04813512 0.03035041 0.04487612 0.08841724 0.01027680 0.05317952 0.06521023 0.17898008 0.09012574 0.04396492
109 0.03756128 0.00472075 0.00576960 0.00179210 0.01291479 0.00555788 0.00300247 0.00365814 0.00255057 0.29990586 0.17340192 0.00733792 0.05059448 0.02510599 0.00578794 0.01702829 0.03866188 0.00417229 0.01003800 0.29043787
110 0.04443133 0.03102362 0.02900002 0.01575651 0.01440301 0.02527852 0.02986072 0.01539741 0.01239221 0.13234608 0.21090413 0.02318171 0.10792606 0.04997043 0.02063251 0.04392163 0.04279533 0.01217421 0.02030851 0.11829607
111 0.08007731 0.05487741 0.04694590 0.03577970 0.01420110 0.09525971 0.06380121 0.02894470 0.02467800 0.04907560 0.12325001 0.04720300 0.03825940 0.02862090 0.03754660 0.10614701 0.05529201 0.00620180 0.01821310 0.04562550
112 0.06858337 0.10413396 0.04243958 0.02816359 0.01515189 0.03530519 0.04355278 0.10600796 0.02984269 0.04657418 0.14638094 0.05330528 0.04237138 0.03262209 0.03307939 0.06308578 0.04235618 0.00986228 0.01677159 0.04040988
113 0.12860905 0.03304361 0.04917542 0.02485451 0.02424971 0.03052941 0.02169251 0.05087272 0.01894331 0.01829631 0.01392911 0.01654251 0.01270010 0.00756388 0.01578181 0.25762810 0.21499408 0.00469944 0.01040530 0.04548912
114 0.07645256 0.06764236 0.04819577 0.06140776 0.00935106 0.12641393 0.11889293 0.03790838 0.02774518 0.04879827 0.04122258 0.07589046 0.02335659 0.02968148 0.02716308 0.07075526 0.04803237 0.00703330 0.02042159 0.03363508
115 0.06631869 0.01394250 0.01342200 0.00929515 0.01364720 0.01274520 0.01665690 0.01588790 0.00828955 0.22112598 0.15546899 0.01775360 0.04645220 0.03085830 0.01533410 0.03629780 0.04901320 0.00556748 0.01371630 0.23820698
116 0.25437110 0.02440541 0.07392413 0.02464261 0.06425803 0.02082631 0.02033151 0.09278304 0.02502901 0.02206131 0.02418231 0.02207111 0.01601471 0.00952051 0.01686501 0.16849907 0.07042113 0.00624360 0.01143690 0.03211321
117 0.07522919 0.06608769 0.04973739 0.06108159 0.00975319 0.12806698 0.12036898 0.03779850 0.02800060 0.04915799 0.04127979 0.07510469 0.02379820 0.03004120 0.02705210 0.06942539 0.04791069 0.00696674 0.01963140 0.03350770
118 0.05282527 0.07276086 0.03908038 0.01806679 0.01118869 0.02218269 0.05525457 0.07765675 0.02236079 0.03946758 0.04315417 0.03562358 0.08676205 0.03492328 0.01201069 0.06317476 0.08024675 0.17863889 0.01850169 0.03611978
119 0.04483530 0.01493470 0.01030950 0.00663796 0.00888617 0.01353500 0.01202600 0.01372490 0.00908640 0.14638501 0.35392201 0.01064360 0.07925260 0.06550370 0.01280830 0.01883730 0.02500850 0.00468933 0.01978870 0.12918501
120 0.27516821 0.01941661 0.02744132 0.02485592 0.02996752 0.02553562 0.03886583 0.09483117 0.02214062 0.04326553 0.04167563 0.02276642 0.01313631 0.01463361 0.02845212 0.14204611 0.05862864 0.00555865 0.01059531 0.06101885
121 0.27368602 0.01931010 0.02705780 0.02396490 0.02984580 0.02546080 0.03855270 0.09354351 0.02223260 0.04401930 0.04336830 0.02253990 0.01365490 0.01479980 0.02839190 0.14246601 0.05872720 0.00593154 0.01087720 0.06156970
122 0.08912240 0.01321690 0.03801250 0.04268580 0.01129470 0.01878840 0.02289820 0.55849301 0.01382390 0.01186420 0.01641280 0.02371300 0.00537254 0.01039570 0.00926315 0.06489700 0.02700060 0.00265322 0.00409677 0.01599520
123 0.07371240 0.00838577 0.01060690 0.00495447 0.01489710 0.01132190 0.00921959 0.01324490 0.00628376 0.24864401 0.14105801 0.01164350 0.04426820 0.02330480 0.01478910 0.04453320 0.05360450 0.00410926 0.01047560 0.25094301
124 0.04467917 0.02093229 0.02149419 0.00855563 0.01731129 0.02267119 0.02473699 0.01131429 0.00869339 0.19521489 0.14269292 0.01728599 0.10432994 0.02904418 0.02397589 0.06488846 0.05859867 0.00704875 0.01300499 0.16352691
125 0.03446908 0.00514631 0.00558879 0.00153151 0.01231469 0.00560843 0.00297712 0.00427112 0.00268883 0.27391784 0.21872887 0.00620794 0.05799717 0.03258838 0.00461337 0.01527139 0.03645208 0.00392238 0.01014789 0.26555684
126 0.04963647 0.02901208 0.03657767 0.01770489 0.02309868 0.02211588 0.02926898 0.01719829 0.01291529 0.11107492 0.10572493 0.02432708 0.12759691 0.02978828 0.03387808 0.08218374 0.10436093 0.02273028 0.01470869 0.10609793
127 0.15249714 0.05869015 0.05699395 0.03574903 0.02493382 0.03070533 0.04203704 0.07027956 0.06631796 0.01866762 0.01996392 0.04008524 0.01090331 0.01420501 0.02637702 0.18120516 0.08233897 0.01072661 0.02717522 0.03014793
128 0.03838629 0.18890097 0.11663298 0.05029399 0.01522530 0.04314999 0.03959809 0.04210019 0.04450829 0.01732150 0.02169290 0.13720498 0.01812550 0.01423240 0.01507330 0.08647319 0.06058429 0.00880197 0.02074720 0.02094670
129 0.03533462 0.00703694 0.00479664 0.00186156 0.00902139 0.00838995 0.00374936 0.00707594 0.00378993 0.20764414 0.33529123 0.00448446 0.07776615 0.05267354 0.00405734 0.01261581 0.02606402 0.00332552 0.01092431 0.18409713
130 0.03124066 0.00416842 0.00510822 0.00091527 0.01340688 0.00442159 0.00182862 0.00232361 0.00187814 0.30404164 0.18218278 0.00556216 0.05428704 0.02581087 0.00385351 0.01504998 0.03876965 0.00401394 0.00960237 0.29153465
131 0.04019511 0.25645509 0.04715822 0.02028961 0.00995585 0.04875922 0.04902472 0.02218131 0.04001891 0.02411321 0.03486591 0.17745606 0.02123081 0.01756591 0.02507731 0.06109852 0.04345632 0.01077760 0.02090781 0.02941251
132 0.04421449 0.01405780 0.00976870 0.00650148 0.00850811 0.01369520 0.01233540 0.01390640 0.00904868 0.14539297 0.35753193 0.01070910 0.07945278 0.06721059 0.01237450 0.01833890 0.02422720 0.00465622 0.02078860 0.12728098
133 0.07000162 0.01953991 0.03096771 0.24551508 0.00669138 0.06378512 0.32028811 0.01765021 0.01438230 0.00654398 0.01592451 0.07481643 0.00536314 0.00198347 0.01427480 0.05094342 0.02074991 0.00085256 0.00286834 0.01685801
134 0.28579214 0.01194041 0.01855931 0.00946917 0.02321161 0.01657051 0.02511541 0.06979383 0.01735221 0.06971123 0.03917272 0.01712631 0.01429591 0.01395491 0.04235132 0.11762506 0.06532183 0.00403270 0.00749633 0.13110707
135 0.09174264 0.01263991 0.01163111 0.00811735 0.01230311 0.01573041 0.01402721 0.02731941 0.01021120 0.12081105 0.33474814 0.01054470 0.07311613 0.05371202 0.01439201 0.03459391 0.02816261 0.00393732 0.01253771 0.10972205
136 0.06536509 0.03964059 0.04022449 0.01694860 0.01767960 0.02239520 0.02260350 0.02094430 0.05569599 0.03248559 0.04139689 0.03430219 0.01765740 0.12501997 0.01711210 0.10159298 0.05568149 0.02326230 0.22271496 0.02727679
137 0.04408075 0.01444538 0.00984719 0.00669493 0.00874450 0.01397649 0.01279879 0.01325799 0.00866981 0.14583285 0.35711963 0.01087269 0.07934102 0.06637473 0.01271999 0.01840338 0.02435067 0.00430097 0.01970038 0.12846787
138 0.02994399 0.01748349 0.01883389 0.00507338 0.00997263 0.02075279 0.01468130 0.01873079 0.02789489 0.06365188 0.12375796 0.01876289 0.03275189 0.28105191 0.01108390 0.02225239 0.02645939 0.02322849 0.18229894 0.05133318
139 0.18974904 0.01890420 0.04211381 0.03364071 0.02700001 0.01647980 0.02249870 0.30897206 0.02078490 0.01403110 0.01433790 0.02209130 0.00515841 0.00883129 0.01308270 0.15230903 0.05653831 0.00406153 0.00487966 0.02453551
140 0.03432358 0.00758476 0.00580701 0.00131267 0.00826570 0.00937282 0.00408993 0.00853432 0.00597922 0.17008290 0.34703881 0.00454436 0.07876486 0.09231755 0.00417080 0.01141239 0.02319829 0.00503366 0.03193448 0.14623192
141 0.15177504 0.02383071 0.03651071 0.01324820 0.08635902 0.01869161 0.01663620 0.03860961 0.01631230 0.08548242 0.09454283 0.01968311 0.07551402 0.02402341 0.02064111 0.09714813 0.06870132 0.00531212 0.01705090 0.08992723
142 0.03762637 0.00491752 0.00579962 0.00156963 0.01294269 0.00588708 0.00360965 0.00342628 0.00268514 0.29905179 0.17205488 0.00738625 0.05040896 0.02519818 0.00637453 0.01726379 0.03923027 0.00427760 0.01018799 0.29010179
143 0.08928084 0.01259821 0.03787782 0.04228982 0.01128020 0.01857161 0.02266751 0.56019525 0.01336411 0.01191141 0.01635221 0.02346331 0.00529048 0.01081300 0.00867876 0.06498153 0.02735081 0.00278568 0.00412324 0.01612421
144 0.08615096 0.02108752 0.02975552 0.21639416 0.00867834 0.05988144 0.29387722 0.02601462 0.01646491 0.00657713 0.01472831 0.06766455 0.00496815 0.00257409 0.01402491 0.07524656 0.02980012 0.00198209 0.00301547 0.02111392
145 0.28941219 0.01520151 0.03822363 0.01957741 0.04835793 0.00971966 0.01370511 0.18869913 0.02165461 0.01512571 0.01521001 0.01451971 0.00417388 0.00658176 0.01449891 0.19260713 0.05996354 0.00356748 0.00439486 0.02480582
146 0.03248209 0.00418464 0.00500668 0.00137616 0.01265300 0.00499624 0.00200264 0.00226220 0.00191021 0.31188589 0.17276794 0.00586045 0.05025018 0.02386049 0.00483645 0.01550409 0.03706719 0.00437693 0.00993266 0.29678389
147 0.30504512 0.01717501 0.02813791 0.01459781 0.03808312 0.01680011 0.02068811 0.10203704 0.02289381 0.02100371 0.01755531 0.01070430 0.00644844 0.00648441 0.01918171 0.21541609 0.08503923 0.00431732 0.00757103 0.04082042
148 0.10590096 0.04547808 0.03230739 0.02867009 0.00844637 0.08465717 0.14122894 0.11117196 0.02447969 0.07264777 0.02950839 0.06333518 0.02528049 0.02845609 0.02484859 0.06316218 0.04432988 0.00896122 0.01093570 0.04619388
149 0.03576851 0.00693531 0.00473317 0.00169541 0.00933275 0.00839047 0.00352601 0.00714014 0.00377495 0.20832807 0.33526012 0.00441010 0.07790833 0.05189622 0.00405625 0.01251010 0.02582551 0.00326058 0.01040990 0.18483807
150 0.03497048 0.00857795 0.00539700 0.00167292 0.00968505 0.00852208 0.00349616 0.00725978 0.00373444 0.20311190 0.33754383 0.00426966 0.08430706 0.05250877 0.00368283 0.01242519 0.02674349 0.00306721 0.00993132 0.17909291
151 0.04372262 0.04311082 0.01975301 0.00950705 0.00571187 0.02033781 0.05133883 0.01462591 0.03663882 0.02770511 0.13752607 0.01948611 0.01809071 0.02705621 0.39010419 0.04084772 0.03734072 0.00214779 0.01252321 0.04242542
152 0.04036779 0.25818193 0.04747389 0.01976969 0.00990337 0.04798989 0.04921599 0.02293629 0.04035459 0.02234349 0.03305009 0.17825895 0.02043279 0.01840930 0.02601729 0.06178388 0.04329209 0.01074070 0.02149429 0.02798369
153 0.07201366 0.05028787 0.02036829 0.01421659 0.00774016 0.02353679 0.04466457 0.02394099 0.03782168 0.02475939 0.05473417 0.02211329 0.01639249 0.01579109 0.41103677 0.06043637 0.03975098 0.00277370 0.01269919 0.04492197
154 0.03166019 0.01346170 0.01378790 0.00314312 0.01062040 0.01781860 0.01090600 0.01250810 0.01421760 0.14435496 0.18471295 0.01350850 0.04878109 0.19556095 0.00791496 0.01743480 0.02794409 0.01226020 0.10270597 0.11669797
155 0.33198110 0.01349150 0.02543671 0.01246600 0.03974651 0.01452510 0.01941341 0.10993503 0.02284551 0.02186481 0.01856041 0.00954253 0.00600035 0.00598899 0.01989731 0.20507506 0.07226562 0.00432810 0.00649253 0.04014341
156 0.06756828 0.05683048 0.15030495 0.09989747 0.01794279 0.04703838 0.04681058 0.06520488 0.03772589 0.02799159 0.03165599 0.06464328 0.02522039 0.02212789 0.01875579 0.09046007 0.06613528 0.00888603 0.02398569 0.03081429
157 0.04608745 0.00988912 0.00827844 0.00454672 0.00732859 0.01113791 0.00762967 0.02215162 0.00524029 0.12901513 0.39657839 0.00583733 0.09648349 0.06902687 0.00530087 0.01468051 0.02618093 0.00280460 0.00895497 0.12284712
158 0.01491240 0.01012800 0.01508180 0.00099639 0.00696004 0.01460740 0.00360284 0.00327623 0.03824659 0.03613229 0.10281297 0.00962357 0.02128139 0.32531491 0.00523760 0.01219940 0.01962099 0.03304069 0.30187492 0.02504959
159 0.03096278 0.00379175 0.00474046 0.00075650 0.01267959 0.00432148 0.00152551 0.00181782 0.00164804 0.31699481 0.16983890 0.00565826 0.04965677 0.02299849 0.00420054 0.01498509 0.03665758 0.00430544 0.00962639 0.30283382
160 0.04521321 0.17881803 0.10124502 0.04363191 0.01173890 0.08828352 0.05690331 0.03042751 0.03581211 0.02303630 0.02263950 0.12984702 0.01986380 0.01534130 0.02071780 0.08246591 0.05510431 0.00544373 0.01455360 0.01891320
161 0.02890631 0.02631091 0.02538801 0.01294890 0.01079040 0.01891390 0.01255020 0.00848425 0.04888191 0.04004321 0.06905512 0.02412901 0.01873430 0.23130306 0.01140140 0.03016521 0.02878511 0.03061881 0.29307107 0.02951891
162 0.06478945 0.04003217 0.04118347 0.01879068 0.01691779 0.02245228 0.02218858 0.02193078 0.05461826 0.03302477 0.04083857 0.03422827 0.01747699 0.12563990 0.01693839 0.10024392 0.05617296 0.02386158 0.22084582 0.02782538
163 0.34723016 0.00880689 0.02277591 0.01099191 0.03673762 0.01383591 0.01666601 0.17903508 0.01863391 0.02303131 0.02052491 0.01097451 0.00404367 0.00710055 0.02091931 0.16660808 0.04940582 0.00386809 0.00353323 0.03527712
164 0.03773762 0.00484280 0.00552018 0.00160719 0.01299911 0.00560538 0.00320547 0.00354725 0.00262375 0.29989018 0.17345210 0.00704026 0.05031403 0.02500001 0.00621724 0.01688591 0.03920432 0.00413147 0.00986253 0.29031317
165 0.07442514 0.02180861 0.17440910 0.25009115 0.00888546 0.05636673 0.08134935 0.03438022 0.03439872 0.02132851 0.02086441 0.05574563 0.01893731 0.00496671 0.00836391 0.05845583 0.04046722 0.00417054 0.01333371 0.01725171
166 0.10121195 0.02012679 0.02254549 0.01312639 0.01816079 0.02704399 0.02263549 0.03061659 0.01315499 0.18500391 0.10582595 0.02118359 0.04109228 0.02552189 0.01980449 0.08268266 0.06253557 0.00576106 0.01625819 0.16570792
167 0.08541113 0.07461103 0.05108762 0.06559433 0.01393791 0.05351682 0.14712606 0.04853752 0.07229603 0.01816541 0.01787201 0.05717892 0.01199920 0.01078900 0.02536501 0.12562605 0.05562652 0.01652021 0.01987281 0.02886641
168 0.08278782 0.06507871 0.03678741 0.02753551 0.01442350 0.03234811 0.04157881 0.02878001 0.02234770 0.08308882 0.05440851 0.09909412 0.02643951 0.02062750 0.02370190 0.06041931 0.09959632 0.00597721 0.01295320 0.16202603
169 0.07613038 0.06831188 0.04817269 0.05894489 0.00990882 0.13054997 0.11707597 0.03674299 0.02760009 0.04990139 0.03906969 0.07635068 0.02295629 0.03076629 0.02799499 0.07115008 0.04849409 0.00660283 0.02026519 0.03301079
170 0.04386422 0.01432191 0.01013400 0.00691880 0.00836985 0.01418221 0.01311551 0.01375581 0.00863381 0.14564306 0.35603615 0.01051160 0.07899483 0.06663463 0.01394461 0.01819921 0.02409521 0.00442042 0.02044411 0.12778005
171 0.04066198 0.25557387 0.04738008 0.02026429 0.01000949 0.04882358 0.04919468 0.02300239 0.03953968 0.02370959 0.03477518 0.17506691 0.02111589 0.01888449 0.02588829 0.06193317 0.04358788 0.01079199 0.02118179 0.02861479
172 0.03388780 0.00540334 0.00531353 0.00112248 0.01160910 0.00599854 0.00233126 0.00484034 0.00255828 0.25114402 0.25981902 0.00500757 0.06824181 0.03920510 0.00356595 0.01356310 0.03390330 0.00349083 0.00952860 0.23946602
173 0.06129190 0.02532500 0.08887670 0.24825601 0.00879680 0.05163810 0.16259301 0.05014090 0.02457430 0.02293170 0.02107520 0.06340760 0.01314790 0.00586718 0.01282160 0.05942640 0.03987940 0.00376417 0.01421340 0.02197270
174 0.07362250 0.04374230 0.03112110 0.13767500 0.00770351 0.07740950 0.26028999 0.03098140 0.02302880 0.02244530 0.02706690 0.07753440 0.01631490 0.01337510 0.02619330 0.05835360 0.03104700 0.00634255 0.00817417 0.02757870
175 0.04950090 0.02194130 0.10544099 0.31772098 0.00613503 0.03368270 0.04986880 0.02188090 0.02024200 0.08873270 0.02656180 0.05749160 0.01715320 0.00856312 0.00955828 0.03659890 0.03749750 0.00763782 0.05201710 0.03177440
176 0.05675353 0.02692121 0.08243764 0.25989314 0.00733366 0.05586693 0.19083010 0.02924692 0.02208461 0.02040421 0.01870681 0.08758605 0.01104821 0.00401047 0.01255271 0.04846973 0.03109502 0.00287664 0.01323411 0.01864831
177 0.06655793 0.01384441 0.01376091 0.00966548 0.01368081 0.01234861 0.01629811 0.01561201 0.00825603 0.22005210 0.15566507 0.01780081 0.04680742 0.03023331 0.01507561 0.03670502 0.04941872 0.00532934 0.01372521 0.23916311
178 0.33741714 0.01270071 0.02579731 0.00912894 0.06919873 0.00948646 0.01089470 0.11176905 0.02006201 0.01870101 0.01986491 0.00717296 0.00875573 0.00570700 0.01656801 0.20907709 0.06574463 0.00322979 0.00749260 0.03123121
179 0.04891235 0.06435473 0.03447686 0.04520145 0.00429095 0.13896985 0.23681174 0.02324447 0.02288387 0.05707414 0.02604747 0.07268132 0.06762322 0.02819777 0.02433967 0.04302965 0.02466507 0.00574366 0.00858288 0.02286887
