1 0.03463571 0.00503698 0.00469981 0.00113504 0.01056480 0.00456145 0.00166703 0.00508527 0.00121309 0.28575008 0.23492407 0.00401496 0.05516462 0.02937921 0.00453763 0.00989100 0.02915081 0.00357635 0.00956101 0.26545107
2 0.09624433 0.05466492 0.03741071 0.02682931 0.01306180 0.03890701 0.03959601 0.03389521 0.08345563 0.03116131 0.04248441 0.05339352 0.01577630 0.01676061 0.19664306 0.09042743 0.04489631 0.00516139 0.03626911 0.04296161
3 0.06456604 0.03553572 0.08839676 0.14052509 0.01411541 0.02125351 0.04919243 0.16138711 0.03727702 0.02166311 0.01816691 0.03055882 0.00869481 0.00783468 0.02024531 0.12367008 0.11303607 0.00272896 0.00627881 0.03487332
4 0.06709484 0.01257991 0.01211341 0.01154711 0.01376571 0.01181641 0.01508631 0.01437551 0.00706256 0.22910013 0.15175709 0.01588481 0.04189082 0.03125392 0.01568141 0.03416732 0.04742773 0.00563437 0.01450151 0.24725914
5 0.13081798 0.08097919 0.04335859 0.03374849 0.02690920 0.05103009 0.05728989 0.03473589 0.02699580 0.04195619 0.03421749 0.12290198 0.01633200 0.02386800 0.02969269 0.07295949 0.09539018 0.00305187 0.01199470 0.06177029
6 0.06996221 0.03539600 0.05191251 0.11738701 0.01410690 0.03563540 0.06135041 0.03888980 0.03286370 0.08010191 0.04779401 0.04093950 0.01840260 0.01682870 0.11309101 0.06957181 0.07333521 0.00393519 0.02069000 0.05780611
7 0.10623002 0.04469081 0.04918291 0.07416351 0.01624280 0.05042871 0.15076103 0.05902031 0.01988460 0.01940010 0.02187640 0.04614231 0.01362970 0.01195430 0.02575860 0.16294603 0.07788251 0.00519073 0.01104060 0.03357401
8 0.04953418 0.01017800 0.01271320 0.00614383 0.01174270 0.01415300 0.01198450 0.01440850 0.00614604 0.26464592 0.17780994 0.01233450 0.04757978 0.02903409 0.01017250 0.02271439 0.03701599 0.00452575 0.01551330 0.24164992
9 0.06784210 0.08373381 0.04789590 0.06235870 0.00277353 0.12405101 0.23278201 0.02861400 0.01778210 0.03500700 0.01689270 0.14115601 0.00553875 0.02528980 0.01142750 0.04555200 0.01908650 0.00131716 0.01050350 0.02039590
10 0.00905013 0.01352040 0.01453840 0.00237689 0.00921493 0.01101370 0.00400931 0.00772064 0.04189061 0.01924150 0.08301221 0.00946637 0.02017320 0.32644906 0.00721546 0.01315180 0.01660100 0.02566300 0.34286606 0.02282530
11 0.02978557 0.08440392 0.03114717 0.01463609 0.01146019 0.02753267 0.02930757 0.01714008 0.04046806 0.03547826 0.12164388 0.10836589 0.02401188 0.12117388 0.02032508 0.02833227 0.02834707 0.02101268 0.16255884 0.04286896
12 0.02402152 0.01874572 0.01492272 0.00581773 0.01296271 0.02344352 0.01470992 0.01636362 0.02185152 0.04916815 0.13951214 0.02037252 0.02867863 0.31114632 0.00929787 0.01954462 0.02461563 0.01693562 0.17028817 0.05760136
13 0.06545803 0.02674641 0.12369806 0.25205412 0.00513404 0.05430143 0.19491109 0.03026861 0.01891241 0.01238881 0.01898961 0.05366443 0.00413812 0.00922381 0.01403541 0.04870412 0.03687862 0.00096036 0.01019240 0.01934011
14 0.06998875 0.02036241 0.03053152 0.30062122 0.00553160 0.04784113 0.31510823 0.01498471 0.00864584 0.00525716 0.00810252 0.06911085 0.00250071 0.00322691 0.01527311 0.03926433 0.01985121 0.00069862 0.00355093 0.01954821
15 0.04698000 0.25526399 0.04264930 0.02218970 0.00985595 0.04823330 0.05320960 0.02808670 0.03623310 0.01961800 0.03869970 0.18138399 0.01852930 0.02111090 0.02189920 0.05691020 0.04050210 0.01544090 0.01880720 0.02439690
16 0.08234526 0.01635721 0.05119273 0.03976323 0.01593221 0.01719421 0.02928842 0.54071636 0.01388661 0.01939691 0.01637421 0.01448201 0.00628346 0.01321171 0.01123341 0.06496894 0.02317692 0.00442983 0.00483534 0.01493101
17 0.06774140 0.01234950 0.01198660 0.01100450 0.01400110 0.01239770 0.01399970 0.01308520 0.00718234 0.23028702 0.15170401 0.01622220 0.04168950 0.03070040 0.01662050 0.03280690 0.04686570 0.00535729 0.01431740 0.24968102
18 0.06686024 0.11565606 0.04698643 0.02698181 0.00734809 0.13049807 0.18287410 0.03021232 0.02576061 0.03176362 0.01701521 0.11489706 0.00807951 0.02242611 0.02516631 0.08333615 0.03001622 0.00268345 0.01077851 0.02066011
19 0.07588980 0.05023190 0.04187490 0.14206200 0.00686191 0.06760980 0.25020100 0.03821080 0.01640030 0.02101100 0.02478030 0.08054470 0.01187860 0.01623730 0.02227550 0.05863990 0.03322070 0.00568408 0.01079920 0.02558630
20 0.03810812 0.00906878 0.00588297 0.00228622 0.01098410 0.00606279 0.00385648 0.00783055 0.00232696 0.20470708 0.33587913 0.00562248 0.07031953 0.04908522 0.00593055 0.01150530 0.02491511 0.00305682 0.01122970 0.19134208
21 0.09544403 0.06115192 0.06692992 0.02909321 0.02099521 0.10678903 0.06434002 0.03354351 0.02835071 0.02427041 0.01844521 0.04831781 0.01169450 0.01361760 0.03151051 0.18804905 0.11244103 0.00307462 0.01283140 0.02911031
22 0.04175943 0.01781701 0.01130331 0.00555703 0.01139091 0.01048081 0.01138091 0.01385931 0.00663054 0.14772211 0.36182826 0.01197961 0.07397815 0.06492975 0.01391671 0.01936831 0.02272662 0.00371010 0.02062302 0.12903809
23 0.05687891 0.12188703 0.06140071 0.03383361 0.00827837 0.10387702 0.09398732 0.02536341 0.02848141 0.03433081 0.06944002 0.15908903 0.01592510 0.03389991 0.01829500 0.04402671 0.03007981 0.00470561 0.02007510 0.03614511
24 0.08167157 0.01621719 0.05123058 0.03932528 0.01591379 0.01682459 0.02788559 0.54619279 0.01361369 0.01886619 0.01568299 0.01412659 0.00638027 0.01331149 0.01180410 0.06552587 0.02201429 0.00435474 0.00481618 0.01424219
25 0.06208760 0.01019900 0.01707120 0.00941108 0.02109590 0.01419400 0.01067510 0.01306460 0.00777453 0.22956699 0.13152799 0.01598700 0.04641510 0.03055370 0.01697780 0.03517390 0.08566559 0.00294125 0.01558570 0.22403199
26 0.32800627 0.01721201 0.01889802 0.01392841 0.04086083 0.01594071 0.02282182 0.10971509 0.02011632 0.02523922 0.01850402 0.00999199 0.00667259 0.00486305 0.02263142 0.20268717 0.07215476 0.00416814 0.00606153 0.03952663
27 0.03837509 0.01182160 0.00720888 0.00156562 0.01370690 0.00828774 0.00387321 0.00871793 0.00428428 0.16435295 0.33434789 0.00638811 0.08308637 0.08543267 0.00667829 0.01278440 0.03009229 0.00364297 0.02911189 0.14624095
28 0.07028686 0.02080242 0.02594262 0.29454227 0.00522799 0.04800654 0.32799830 0.01391871 0.00769525 0.00498599 0.00780864 0.07087717 0.00270426 0.00311755 0.01605221 0.03903184 0.01898552 0.00059369 0.00325333 0.01816882
29 0.04016831 0.00373442 0.00500851 0.00171389 0.01088000 0.00531397 0.00270553 0.00457706 0.00176126 0.31910307 0.16267603 0.00574548 0.04386421 0.01984660 0.00654689 0.01254780 0.03434151 0.00409663 0.00995875 0.30541006
30 0.06761950 0.07755650 0.04517260 0.08998540 0.00554318 0.08968040 0.22696899 0.03211180 0.01989270 0.02638770 0.01786560 0.12580799 0.00738450 0.01940120 0.01825080 0.06986450 0.02652080 0.00189357 0.01060810 0.02148420
31 0.07995839 0.01667830 0.05202859 0.03986239 0.01558770 0.01704660 0.02970350 0.54383892 0.01363550 0.01880080 0.01532240 0.01482410 0.00677727 0.01323760 0.01236080 0.06373549 0.02223440 0.00479680 0.00517788 0.01439260
32 0.03562483 0.00931301 0.00539405 0.00160979 0.01037181 0.00572077 0.00315243 0.00781575 0.00208490 0.19334115 0.37179230 0.00422093 0.07551926 0.05160884 0.00494126 0.01002601 0.02023792 0.00269053 0.01003031 0.17450414
33 0.03319352 0.00992825 0.00504668 0.00109957 0.00969259 0.00567024 0.00311904 0.00818063 0.00214950 0.19209511 0.39138222 0.00351260 0.07920795 0.05092823 0.00490081 0.00970072 0.01653331 0.00248859 0.00876234 0.16240809
34 0.07188349 0.12429398 0.03056240 0.02351340 0.01695730 0.06413989 0.04762759 0.03976079 0.03505080 0.01889900 0.02945140 0.05148729 0.02280860 0.00832512 0.15925898 0.14457798 0.06471169 0.00335071 0.01352610 0.02981350
35 0.00590942 0.00823716 0.00676836 0.00102969 0.00872491 0.01462249 0.00304854 0.00854911 0.02237139 0.01954609 0.10894793 0.00806096 0.02109929 0.42549872 0.00507227 0.00839379 0.01404179 0.01795889 0.26356983 0.02854938
36 0.04462409 0.21782496 0.04164039 0.02091860 0.01178870 0.05274819 0.03582859 0.02208920 0.11390298 0.01646270 0.02773379 0.14021597 0.01676760 0.02792739 0.02488540 0.06270049 0.03321529 0.01674520 0.04969389 0.02228660
37 0.12023402 0.02304410 0.05532651 0.02081380 0.02530481 0.03256971 0.02731621 0.04740311 0.01322070 0.01659390 0.01707880 0.01111390 0.01481580 0.00653908 0.01724160 0.26837605 0.23002505 0.00323061 0.00846021 0.04129201
38 0.02631270 0.02568980 0.02991170 0.01134350 0.01183320 0.01484880 0.01337080 0.01255710 0.05379380 0.03419440 0.07085840 0.02008620 0.02122020 0.20859600 0.01388760 0.03038820 0.02510310 0.02656980 0.31698900 0.03244570
39 0.04315721 0.11187903 0.04942631 0.01980841 0.00990713 0.03743991 0.02494671 0.02196911 0.15572904 0.01808150 0.02438961 0.06949812 0.01208260 0.05031121 0.02936021 0.08984032 0.02503261 0.01865921 0.17084005 0.01764170
40 0.02379692 0.01881581 0.01561061 0.00633637 0.01201521 0.02310502 0.01492951 0.01672061 0.02166071 0.04786283 0.13871909 0.02047911 0.02838682 0.31306621 0.00937486 0.01842081 0.02394732 0.01689961 0.17249912 0.05735344
41 0.06549761 0.11200002 0.05542091 0.04118071 0.00801450 0.13347203 0.13939503 0.02722851 0.02983621 0.03535821 0.02313440 0.15472903 0.00841791 0.02628600 0.01792310 0.05124281 0.02868311 0.00242170 0.01361170 0.02614650
42 0.07368454 0.02026611 0.04639422 0.03762882 0.01519011 0.01518561 0.03046452 0.45865624 0.01346261 0.01659971 0.01416211 0.01600791 0.00820151 0.03747072 0.01075311 0.12533907 0.03056272 0.00566604 0.00641812 0.01788621
43 0.02396180 0.03422739 0.03709899 0.01137210 0.00800582 0.01378090 0.00946948 0.01096290 0.10853198 0.01693630 0.04063689 0.02095300 0.01407230 0.15825197 0.01646250 0.03545659 0.02002560 0.03216929 0.37291093 0.01471330
44 0.03379928 0.01469469 0.00726531 0.00163062 0.00937348 0.00770473 0.00592897 0.00986591 0.00310420 0.14492490 0.43045771 0.00442155 0.09872053 0.05887036 0.00762184 0.01304559 0.01765799 0.00252372 0.01004869 0.11833992
45 0.02000718 0.00989887 0.00641745 0.00158991 0.00997314 0.01426989 0.00567528 0.00946111 0.01127589 0.06811605 0.24172682 0.00927622 0.04417057 0.29657978 0.00710382 0.01008649 0.01671699 0.01128739 0.13667190 0.06969525
46 0.04086320 0.01811890 0.01229880 0.00627959 0.01145630 0.01064960 0.01140020 0.01342500 0.00635045 0.14705299 0.36100896 0.01266850 0.07338879 0.06566419 0.01333740 0.01907050 0.02278670 0.00355766 0.02178630 0.12883599
47 0.05653143 0.04856993 0.06101824 0.01937321 0.01586611 0.14213009 0.05926584 0.02164341 0.02652782 0.06569994 0.08671085 0.04289453 0.12213107 0.03278812 0.02484001 0.05473823 0.04936163 0.00758310 0.01825641 0.04407003
48 0.03294513 0.00341821 0.00438134 0.00103236 0.01025261 0.00408882 0.00139399 0.00399924 0.00097155 0.31888231 0.18866118 0.00369353 0.04806005 0.02107312 0.00391326 0.00953601 0.03097233 0.00389377 0.00929586 0.29953529
49 0.18651915 0.02601482 0.03052443 0.03603663 0.03264193 0.01403621 0.03363673 0.13034611 0.01695111 0.01622491 0.01621131 0.01217711 0.01255791 0.00669522 0.01759551 0.23290319 0.13188811 0.00555096 0.00467710 0.03681153
50 0.06857582 0.01936131 0.02451801 0.31211511 0.00478158 0.04893912 0.33238112 0.00925994 0.00638713 0.00415170 0.00574043 0.07716843 0.00193723 0.00247705 0.01424230 0.03367911 0.01488031 0.00035293 0.00250356 0.01654781
51 0.03913551 0.00360671 0.00491946 0.00148982 0.01059050 0.00504848 0.00235441 0.00449939 0.00174998 0.32205311 0.16241106 0.00535376 0.04396711 0.01915711 0.00626792 0.01235930 0.03382451 0.00418541 0.00974632 0.30728010
52 0.05505019 0.06100529 0.04052509 0.02493000 0.01910010 0.03048189 0.03805339 0.02693669 0.08951168 0.04583899 0.14870597 0.05328239 0.03321579 0.06988459 0.03445559 0.05369399 0.03861979 0.01171980 0.08169588 0.04329289
53 0.04954498 0.01081940 0.01221779 0.00595026 0.01223269 0.01467929 0.01188190 0.01501389 0.00638910 0.26552589 0.17594393 0.01263079 0.04741248 0.02864679 0.01044910 0.02337799 0.03694488 0.00438806 0.01484989 0.24110090
54 0.13179502 0.03467891 0.18455903 0.09375122 0.01248580 0.06225851 0.05312931 0.04519141 0.02115720 0.02524010 0.03057901 0.04362081 0.01395780 0.01474510 0.01842060 0.09729142 0.06316221 0.00292472 0.02224560 0.02880621
55 0.35617424 0.01350291 0.01559071 0.01238741 0.03439542 0.01386651 0.01928601 0.19722813 0.01658341 0.02460892 0.02172751 0.00984656 0.00615380 0.00454725 0.01794451 0.15713111 0.04383133 0.00695232 0.00386650 0.02437542
56 0.03629600 0.00355199 0.00494439 0.00132980 0.01011960 0.00501065 0.00241311 0.00443825 0.00149127 0.32666301 0.16601101 0.00487079 0.04452620 0.01880170 0.00563524 0.01145280 0.03200510 0.00431529 0.00959878 0.30652501
57 0.29303199 0.02085300 0.02401520 0.01813980 0.03964380 0.01823910 0.02665260 0.09966460 0.01946750 0.02296720 0.01916170 0.01104350 0.00648622 0.00587806 0.02287470 0.21815899 0.08391610 0.00383002 0.00683404 0.03914190
58 0.04412958 0.02576459 0.02610209 0.00845711 0.02536149 0.01576459 0.01776539 0.01486769 0.02339929 0.08307497 0.09496526 0.02025499 0.09029496 0.10493096 0.01910009 0.04752048 0.09217926 0.02172149 0.13598994 0.08835576
59 0.03341468 0.01050279 0.00584152 0.00106703 0.00986233 0.00593370 0.00298685 0.00794928 0.00194602 0.20565989 0.35533781 0.00334311 0.08437765 0.04499298 0.00529226 0.01143989 0.02261409 0.00273184 0.00866939 0.17603690
60 0.02892451 0.33389510 0.04345421 0.00988001 0.00471019 0.04023271 0.03927091 0.01079700 0.03416601 0.01007140 0.02599611 0.29413409 0.00930211 0.01486930 0.00763354 0.03390001 0.03212471 0.00245275 0.01071350 0.01347180
61 0.04639923 0.01790871 0.01612061 0.00622342 0.03034202 0.01646921 0.01269901 0.01404331 0.01442131 0.10440407 0.14237710 0.01894981 0.08149736 0.13581609 0.01635081 0.03444542 0.08798866 0.01274011 0.07314165 0.11766208
62 0.05871436 0.15721017 0.05030425 0.02755063 0.00694160 0.10978112 0.12138913 0.02414443 0.02992263 0.02957433 0.02324952 0.20024521 0.00791077 0.02303722 0.01563932 0.04675415 0.02812513 0.00201469 0.01289381 0.02459753
63 0.05085504 0.01126141 0.01238601 0.00629792 0.01204031 0.01470961 0.01243571 0.01358001 0.00644528 0.26375723 0.17450415 0.01299621 0.04751044 0.02840012 0.01141951 0.02412792 0.03713893 0.00464124 0.01542571 0.24006721
64 0.06953729 0.04872550 0.17536098 0.10289099 0.00921499 0.05980209 0.05967419 0.06689049 0.02729870 0.02860790 0.03487320 0.05606649 0.01505180 0.02096300 0.01996540 0.08164209 0.06545929 0.00320701 0.02754530 0.02722330
65 0.06474149 0.03769420 0.09130039 0.14137499 0.01355770 0.02489230 0.04550490 0.11243899 0.03114360 0.02790510 0.05849450 0.03891670 0.01670880 0.00990394 0.02817300 0.09685629 0.10971099 0.00266251 0.00870133 0.03931830
66 0.06988261 0.02106920 0.02615810 0.29396905 0.00527085 0.04798671 0.32693805 0.01383890 0.00793419 0.00533746 0.00810072 0.07061641 0.00296033 0.00333754 0.01604970 0.03946061 0.01911770 0.00063752 0.00324003 0.01809430
67 0.06255526 0.03596768 0.08401255 0.17508289 0.00688675 0.05918696 0.18977688 0.04134897 0.02061009 0.01994309 0.02892278 0.06039416 0.00740036 0.04051907 0.02314989 0.05626157 0.03413228 0.00574631 0.01662299 0.03147948
68 0.31138300 0.01762200 0.01909990 0.01837180 0.04005180 0.01330720 0.02573530 0.14115700 0.01714480 0.02100660 0.01788480 0.01121880 0.00829124 0.00482478 0.01472440 0.19092100 0.08580850 0.00541236 0.00404663 0.03198810
69 0.09581112 0.03518251 0.05069011 0.03114951 0.02510891 0.03140771 0.03511551 0.03878581 0.01810680 0.05698041 0.04983951 0.02967061 0.03036651 0.02196620 0.02517461 0.14998203 0.17381703 0.00901840 0.01623930 0.07558742
70 0.03753888 0.01295239 0.01041400 0.00263908 0.01197239 0.01105269 0.00708423 0.00943751 0.00413658 0.22037889 0.24921888 0.00673159 0.10357995 0.03459028 0.01073409 0.02234509 0.04155128 0.00418589 0.01128539 0.18817091
71 0.04114998 0.28020984 0.03913658 0.01284429 0.01007879 0.09463145 0.06143157 0.01544649 0.03972118 0.01712719 0.02469369 0.18473290 0.01172169 0.01848479 0.02079399 0.05867957 0.03307168 0.00541786 0.01167469 0.01895179
72 0.05318943 0.08772315 0.09635075 0.15240908 0.00860978 0.03660202 0.05132653 0.03477932 0.06187173 0.01881241 0.03172612 0.06215763 0.01043331 0.02401931 0.02912532 0.05519873 0.03566472 0.01877411 0.10628506 0.02494151
73 0.06175657 0.11622594 0.04400908 0.06489156 0.00449135 0.08814935 0.21912288 0.03391128 0.01982449 0.02552839 0.02195859 0.11786294 0.01185519 0.02110729 0.02103779 0.05372427 0.02973158 0.01156719 0.01169839 0.02154589
74 0.08794505 0.04806458 0.04710188 0.10558695 0.01063989 0.06031217 0.21080389 0.04614118 0.01860199 0.01952859 0.02045589 0.06389317 0.01198529 0.01346999 0.02376779 0.11474494 0.05345507 0.00430832 0.01094059 0.02825279
75 0.02010709 0.01002890 0.00681472 0.00169146 0.01007030 0.01453699 0.00570142 0.00923816 0.01111129 0.06717247 0.23718189 0.00965494 0.04364148 0.30127186 0.00672342 0.00992865 0.01699449 0.01142489 0.13777394 0.06893167
76 0.27735773 0.02361158 0.02552257 0.02495688 0.03041147 0.02419328 0.03630286 0.09575071 0.02107928 0.04485386 0.04115946 0.02328928 0.01363709 0.01263429 0.03094857 0.13778686 0.05866274 0.00553047 0.01007019 0.06224084
77 0.03747690 0.00897834 0.00598152 0.00217099 0.01091810 0.00597015 0.00349896 0.00771049 0.00242291 0.20598198 0.33754397 0.00509052 0.07046169 0.04921060 0.00583683 0.01146670 0.02418990 0.00287878 0.01098070 0.19122998
78 0.06276044 0.02372102 0.10208907 0.30559520 0.00538652 0.07468795 0.18442612 0.02046221 0.01991301 0.01153891 0.01548601 0.06430824 0.00340587 0.00588831 0.01157721 0.03421912 0.02704962 0.00093587 0.00708649 0.01946281
79 0.27294201 0.01733350 0.01856990 0.01691330 0.02337360 0.01557890 0.02632010 0.05964430 0.02021080 0.05267640 0.02752390 0.01379070 0.01234550 0.00944724 0.04443530 0.16938600 0.07429890 0.00368932 0.00755632 0.11396400
80 0.28499583 0.02022509 0.01545389 0.01029609 0.12625293 0.01745579 0.01535719 0.07825735 0.01820809 0.02582188 0.02715198 0.01782579 0.01936199 0.01366039 0.01650489 0.16386590 0.08322345 0.00280829 0.01150349 0.03176968
81 0.06376390 0.03770920 0.08742570 0.24993699 0.00578239 0.08212920 0.18787199 0.02148120 0.01771680 0.01397560 0.01732130 0.09458100 0.00454247 0.00944993 0.01414100 0.03686160 0.02470750 0.00118220 0.00737624 0.02204380
82 0.04686771 0.00741049 0.00837043 0.00265567 0.01953551 0.00548403 0.00556391 0.00750293 0.00384159 0.22460306 0.22670406 0.00974529 0.06199532 0.04063201 0.01301000 0.01864640 0.06288102 0.00230110 0.01449040 0.21775906
83 0.00893693 0.01337690 0.01404270 0.00225374 0.00927143 0.01111290 0.00396493 0.00786864 0.04091891 0.01969130 0.08363781 0.00942875 0.02027280 0.32876905 0.00707233 0.01252030 0.01673440 0.02522310 0.34125805 0.02364500
84 0.06607549 0.08409179 0.04921339 0.04012029 0.01334430 0.15379897 0.07777649 0.02703300 0.09410828 0.03721439 0.02167820 0.07881269 0.01431430 0.03516889 0.02981839 0.07308129 0.03655729 0.00934917 0.02737090 0.03107249
85 0.07581747 0.04929258 0.04167158 0.14333894 0.00676986 0.06790107 0.25101789 0.03654128 0.01694519 0.02115829 0.02457339 0.08049537 0.01154620 0.01633369 0.02191999 0.05865438 0.03384989 0.00547086 0.01061880 0.02608329
86 0.05446407 0.01716909 0.01870739 0.01075949 0.02341049 0.01141539 0.02340579 0.01521119 0.00972806 0.13491692 0.19395888 0.01997249 0.06771616 0.04123837 0.03071218 0.04816917 0.11376393 0.00277556 0.01715149 0.14535391
87 0.03631909 0.00291889 0.00454359 0.00144909 0.01023950 0.00445786 0.00181574 0.00365709 0.00119603 0.33240589 0.15590895 0.00489302 0.04277289 0.01731089 0.00528120 0.01110370 0.03302059 0.00430857 0.00947155 0.31692590
88 0.04646967 0.25260484 0.04339027 0.02371618 0.00981383 0.04894127 0.05411607 0.02657018 0.03651878 0.01933169 0.03942277 0.18125388 0.01923479 0.02083739 0.02144829 0.05605006 0.04131307 0.01584959 0.01903529 0.02408208
89 0.14859004 0.02442611 0.03538561 0.01593860 0.02101221 0.02981691 0.03058891 0.05276212 0.02205471 0.11065903 0.06868102 0.02394191 0.03017711 0.01856531 0.03188171 0.13839204 0.07563822 0.00425511 0.01810731 0.09912603
90 0.06358064 0.02802132 0.10244307 0.28143119 0.00596997 0.07935195 0.17392711 0.02428522 0.02136491 0.01393851 0.01706721 0.06382364 0.00446699 0.00753082 0.01298301 0.03929223 0.03014772 0.00131535 0.00786692 0.02119221
91 0.04025321 0.00388290 0.00520558 0.00191009 0.01103620 0.00519347 0.00267490 0.00465995 0.00191044 0.31825310 0.16266905 0.00564410 0.04370101 0.01986901 0.00662101 0.01294020 0.03434681 0.00430376 0.01006410 0.30486109
92 0.03513240 0.00941729 0.00571670 0.00135770 0.01025060 0.00604058 0.00359204 0.00818177 0.00254615 0.20500699 0.35983698 0.00430999 0.07474260 0.04777220 0.00537025 0.01086870 0.02054830 0.00263946 0.00985533 0.17681399
93 0.05374282 0.18303907 0.05074652 0.04527912 0.00954370 0.05924402 0.08864063 0.02678371 0.03176321 0.02490921 0.03308781 0.20275408 0.01236980 0.02373801 0.01886321 0.04708982 0.03755521 0.00401263 0.01747231 0.02936511
94 0.03009422 0.00330554 0.00424196 0.00084285 0.00893021 0.00401832 0.00133102 0.00403160 0.00085050 0.32740019 0.19109311 0.00292020 0.04846903 0.01914671 0.00337746 0.00899044 0.02742132 0.00413862 0.00869252 0.30070418
95 0.07061442 0.04301461 0.21371407 0.10647104 0.00639709 0.11044904 0.06989772 0.03366421 0.02205431 0.02485611 0.02710121 0.06014402 0.01430540 0.01779801 0.01274490 0.07718743 0.05679952 0.00138097 0.01532301 0.01608291
96 0.05373757 0.17198791 0.04683568 0.03310808 0.01888499 0.04588558 0.04933898 0.02798169 0.02967809 0.03046268 0.03413318 0.19932990 0.01583789 0.02231499 0.02456539 0.05484887 0.08546706 0.00393090 0.01264849 0.03902208
97 0.03015448 0.00333593 0.00413314 0.00088390 0.00906994 0.00405669 0.00132117 0.00398932 0.00080740 0.32799284 0.18903291 0.00305969 0.04802288 0.01920299 0.00337048 0.00887754 0.02759419 0.00412104 0.00885966 0.30211385
98 0.03457930 0.00940472 0.00578276 0.00137044 0.01001620 0.00582739 0.00331591 0.00812641 0.00255568 0.20561398 0.35884597 0.00418107 0.07438029 0.04837690 0.00536876 0.01054340 0.02022920 0.00278855 0.01029910 0.17839398
99 0.05972458 0.07881867 0.17921794 0.08082257 0.00860045 0.06793608 0.06123428 0.04336289 0.03183269 0.02130839 0.02661379 0.11375096 0.01150480 0.01740959 0.01955439 0.09139607 0.04723148 0.00180499 0.01912379 0.01875159
100 0.06506600 0.07522940 0.03991740 0.10874700 0.00290361 0.09527410 0.27046000 0.02619070 0.01299290 0.02629020 0.01509930 0.13846100 0.00505636 0.01996450 0.01112170 0.04239020 0.01803960 0.00094543 0.00926221 0.01658840
101 0.07664549 0.05105860 0.04194370 0.14074099 0.00666212 0.06990490 0.25083698 0.03648370 0.01654970 0.02151170 0.02309400 0.08198129 0.01107240 0.01625540 0.02160000 0.05920390 0.03296260 0.00533005 0.01032580 0.02583670
102 0.05377221 0.17247902 0.04420870 0.01839010 0.01293050 0.05889031 0.04211280 0.02489140 0.08991941 0.02079930 0.02445350 0.19632902 0.01188540 0.01580800 0.03684970 0.08818861 0.03551560 0.00357200 0.02340770 0.02559670
103 0.04181054 0.01768922 0.01216531 0.00670040 0.01138231 0.01035691 0.01129361 0.01430541 0.00689515 0.14762214 0.35729735 0.01177161 0.07308857 0.06582126 0.01493381 0.01893542 0.02258032 0.00394419 0.02199832 0.12940813
104 0.34350014 0.01371441 0.01491121 0.01269171 0.03916672 0.01025320 0.01909381 0.17365407 0.01602621 0.02113201 0.01738451 0.00632683 0.00498570 0.00404992 0.01489751 0.19977508 0.05528582 0.00557572 0.00308231 0.02449311
105 0.11672993 0.04267278 0.03959408 0.06396196 0.00695078 0.05688177 0.21414788 0.03056318 0.01656129 0.02788538 0.10158194 0.06023357 0.02265989 0.01916089 0.03597848 0.05172817 0.04050208 0.00391900 0.01128619 0.03700078
106 0.06615908 0.06986038 0.03904645 0.12987815 0.00361406 0.08789850 0.26976132 0.02492053 0.01405642 0.02364423 0.01555202 0.12610915 0.00585627 0.01795472 0.01340542 0.04348775 0.01992112 0.00157317 0.00925304 0.01804822
107 0.07092303 0.05808972 0.03502622 0.01912331 0.01604491 0.06284263 0.07271803 0.02533681 0.02212771 0.12701805 0.07499183 0.10180204 0.02247141 0.03757002 0.02411401 0.04327692 0.05135132 0.00421777 0.01927021 0.11168405
108 0.04601058 0.09308157 0.01255900 0.01025120 0.00833354 0.01831299 0.04136899 0.04917538 0.02832159 0.03229409 0.03728439 0.01846589 0.04803658 0.06738918 0.00872772 0.03858189 0.06047208 0.26553890 0.07028767 0.04550678
109 0.03863013 0.00360267 0.00507703 0.00162616 0.01094911 0.00520476 0.00243022 0.00447210 0.00161673 0.32153828 0.16255014 0.00561020 0.04388944 0.01958792 0.00621265 0.01198091 0.03469773 0.00405584 0.00992469 0.30634327
110 0.04855608 0.03224349 0.02097489 0.00808585 0.01619359 0.02013669 0.02361719 0.02047919 0.01162380 0.12593296 0.21139493 0.01869869 0.12657996 0.04472208 0.02144979 0.04328878 0.05566258 0.01202260 0.02396089 0.11437596
111 0.05692283 0.15842310 0.03608252 0.01978051 0.01571151 0.03815622 0.04153723 0.03286542 0.02851252 0.03400992 0.11907607 0.08697835 0.04730413 0.02132101 0.03779432 0.11421607 0.05184333 0.00556519 0.01822891 0.03567082
112 0.03263480 0.06499129 0.01628980 0.00504624 0.01123880 0.02144580 0.01975900 0.01254060 0.01768340 0.08419399 0.28552497 0.03826660 0.05862529 0.13117298 0.01097380 0.02195570 0.01873410 0.00929688 0.06773139 0.07189459
113 0.12280695 0.02318029 0.05455358 0.02121219 0.02619379 0.03223889 0.02738509 0.04707748 0.01339119 0.01682949 0.01674869 0.01089340 0.01401099 0.00662185 0.01771059 0.26816690 0.22857191 0.00296175 0.00847949 0.04096548
114 0.07436349 0.06920699 0.06520939 0.05535830 0.01242660 0.13932099 0.10723599 0.03624960 0.03101830 0.04394550 0.03427830 0.08157219 0.01736120 0.03277040 0.02243890 0.07282789 0.04731460 0.00582688 0.01874180 0.03253270
115 0.06737964 0.01234541 0.01185581 0.01055361 0.01380371 0.01191961 0.01371021 0.01343021 0.00712853 0.22926414 0.15433510 0.01563301 0.04257833 0.03215732 0.01566351 0.03349052 0.04635083 0.00574165 0.01472071 0.24793815
116 0.23878282 0.02918898 0.01714279 0.01406859 0.06897465 0.02698838 0.01998958 0.06461985 0.02401858 0.04087157 0.03847357 0.02786178 0.01559249 0.01448429 0.08651133 0.12910090 0.07194064 0.00248647 0.01083779 0.05806496
117 0.07450370 0.07023210 0.06567180 0.05401800 0.01270960 0.13829700 0.10743900 0.03561060 0.03103340 0.04360810 0.03307830 0.08149970 0.01674010 0.03289930 0.02258330 0.07370690 0.04967480 0.00567117 0.01842130 0.03260180
118 0.05194034 0.11025808 0.00775912 0.00637604 0.00796631 0.00813731 0.05037104 0.09969497 0.01308691 0.01759491 0.02021991 0.01413191 0.07958416 0.01560961 0.00623445 0.04420883 0.08139526 0.32513023 0.01553951 0.02476112
119 0.04193660 0.01711820 0.01136620 0.00612821 0.01150720 0.00983078 0.01118510 0.01390880 0.00644388 0.14887000 0.36127300 0.01166960 0.07269580 0.06476880 0.01449000 0.01893400 0.02269470 0.00381732 0.02112680 0.13023500
120 0.27395300 0.02473980 0.02570820 0.02529890 0.03028960 0.02473410 0.03863880 0.09389150 0.02069970 0.04646600 0.04195530 0.02390320 0.01371420 0.01304290 0.03118760 0.13573300 0.05768600 0.00533835 0.00997725 0.06304260
121 0.27655417 0.02371031 0.02590392 0.02596072 0.03104322 0.02420211 0.03907262 0.09545656 0.02085851 0.04385073 0.04185183 0.02300451 0.01355881 0.01234951 0.02919732 0.13874308 0.05940844 0.00522032 0.00981819 0.06023514
122 0.08195930 0.01642890 0.05101360 0.03993820 0.01589310 0.01682190 0.02892010 0.53839503 0.01379420 0.01909480 0.01620990 0.01451030 0.00651743 0.01365090 0.01334190 0.06572510 0.02314300 0.00478009 0.00509542 0.01476680
123 0.05935881 0.00434071 0.00838421 0.00301179 0.02085270 0.00541361 0.00349134 0.00587590 0.00354719 0.25804405 0.14355903 0.01103410 0.04318491 0.03234981 0.01253690 0.02170830 0.07192951 0.00256245 0.01427860 0.27453605
124 0.05224881 0.02274361 0.01970240 0.00647312 0.01487520 0.01739470 0.01728980 0.01861930 0.00955992 0.16669204 0.15452204 0.01441430 0.12908503 0.02444291 0.02728921 0.07285602 0.07608022 0.00448363 0.01475870 0.13646903
125 0.03964219 0.00528639 0.00548658 0.00221973 0.01186140 0.00520889 0.00283013 0.00523951 0.00183274 0.27487792 0.22073294 0.00629409 0.05290469 0.03060509 0.00561796 0.01198400 0.03384489 0.00360276 0.01033720 0.26959092
126 0.05197868 0.03307359 0.02625439 0.01005330 0.02013919 0.01936559 0.03035889 0.02381359 0.01079590 0.08808157 0.10290597 0.01821579 0.17409395 0.02217429 0.03548179 0.08000768 0.13303996 0.01752139 0.01502960 0.08761487
127 0.11927010 0.09370398 0.03947773 0.03738373 0.01973442 0.03012373 0.05466065 0.15798113 0.02303832 0.01581961 0.01952642 0.04132384 0.01536881 0.01129701 0.03256463 0.17621515 0.06685476 0.01092761 0.00853876 0.02618962
128 0.05104850 0.16976501 0.13209700 0.07491030 0.00651031 0.05626420 0.05762130 0.03810940 0.03414960 0.01870360 0.02929220 0.14205500 0.01105370 0.01984090 0.01656780 0.05756650 0.04180320 0.00353826 0.02073770 0.01836550
129 0.03490698 0.00931681 0.00601215 0.00142219 0.01005699 0.00603428 0.00355453 0.00824673 0.00230495 0.20425586 0.36208175 0.00422549 0.07478045 0.04819877 0.00531753 0.01063859 0.01979569 0.00265752 0.00981988 0.17637288
130 0.03288418 0.00339015 0.00439463 0.00101153 0.01029209 0.00411504 0.00144057 0.00395182 0.00100776 0.31955181 0.18746889 0.00397757 0.04747657 0.02117949 0.00400432 0.00954919 0.03063408 0.00394462 0.00935587 0.30036982
131 0.04708841 0.25275804 0.04264831 0.02197930 0.00984065 0.04775211 0.05358911 0.02604870 0.03637721 0.02046330 0.04065981 0.18093603 0.01973060 0.02122900 0.02212240 0.05666701 0.04157761 0.01536760 0.01918990 0.02397490
132 0.04158610 0.01709400 0.01144170 0.00581942 0.01131550 0.01037150 0.01111140 0.01397060 0.00652744 0.14807999 0.36115399 0.01148750 0.07395660 0.06531340 0.01382320 0.01967230 0.02313800 0.00362658 0.02030080 0.13020999
133 0.06960253 0.02076611 0.03123742 0.30033815 0.00545926 0.04848172 0.31422016 0.01534241 0.00869748 0.00535693 0.00812410 0.06928633 0.00255843 0.00333893 0.01528211 0.03907022 0.02003351 0.00059513 0.00357454 0.01863451
134 0.28869971 0.01373339 0.01356679 0.01445389 0.01968338 0.01359539 0.02286848 0.05004975 0.01886628 0.07547773 0.04190166 0.01616368 0.01670008 0.01404639 0.04866155 0.11284389 0.05654274 0.00381853 0.00770885 0.15061785
135 0.09139621 0.01576550 0.01397460 0.00920646 0.01592050 0.01281430 0.01652400 0.02654700 0.00749125 0.12850702 0.31831005 0.01253650 0.06416551 0.04728931 0.01775500 0.03641021 0.02906350 0.00335824 0.01117880 0.12178602
136 0.03930068 0.03086348 0.05789547 0.02376099 0.00760107 0.01219119 0.01410029 0.01163709 0.08039355 0.01768369 0.03821108 0.01925699 0.01472629 0.12487293 0.01958429 0.04189548 0.02174709 0.06164916 0.34404980 0.01857939
137 0.04051801 0.01809330 0.01213560 0.00675784 0.01119410 0.01064750 0.01245190 0.01341380 0.00662495 0.14574802 0.36353406 0.01227200 0.07394831 0.06577011 0.01400210 0.01911960 0.02207150 0.00368494 0.02080030 0.12721202
138 0.02481290 0.01896200 0.01601060 0.00588137 0.01264910 0.02328550 0.01620150 0.01686280 0.02223280 0.04850161 0.13868302 0.02101300 0.02848371 0.30871006 0.00951485 0.01938590 0.02433000 0.01673700 0.17155803 0.05618421
139 0.18160019 0.02074142 0.03535134 0.03226843 0.02617763 0.01297871 0.02894603 0.33085935 0.01554642 0.01809002 0.01516132 0.01230561 0.00780421 0.00985821 0.01551692 0.15674617 0.04895535 0.00534034 0.00419081 0.02156152
140 0.02920181 0.01100220 0.00535882 0.00120126 0.00909413 0.00885727 0.00484925 0.00932171 0.00455635 0.11474104 0.40137214 0.00509587 0.07515023 0.14312105 0.00643442 0.00875943 0.01245030 0.00492453 0.04672032 0.09778784
141 0.16093690 0.01818169 0.02463819 0.00964710 0.10480794 0.01822819 0.01755489 0.04133318 0.01509249 0.07794365 0.09758544 0.01953259 0.08646565 0.02737788 0.01830489 0.07559335 0.07587305 0.00507989 0.01836879 0.08745425
142 0.03893260 0.00344287 0.00513748 0.00164361 0.01067100 0.00515068 0.00227034 0.00439927 0.00172698 0.32271302 0.16127601 0.00529646 0.04340800 0.01908590 0.00619190 0.01231370 0.03387700 0.00420908 0.00980108 0.30845302
143 0.08330002 0.01611470 0.05084161 0.03887531 0.01633210 0.01723350 0.02885351 0.54065016 0.01365650 0.01888231 0.01583930 0.01445540 0.00714145 0.01330390 0.01215960 0.06509112 0.02267971 0.00509852 0.00503584 0.01445540
144 0.10512390 0.02334688 0.03398117 0.22492278 0.01077839 0.03996486 0.25090476 0.03638687 0.01111269 0.00674997 0.01121989 0.05128465 0.00506005 0.00438599 0.01579668 0.09421491 0.03738466 0.00193637 0.00496687 0.03047767
145 0.24543306 0.01378200 0.02700731 0.02193391 0.04625941 0.00941095 0.02028271 0.29773108 0.01388560 0.01670230 0.01508940 0.00658535 0.00500375 0.00655020 0.01006890 0.17307604 0.04892831 0.00331732 0.00291337 0.01603900
146 0.03254268 0.00280154 0.00445828 0.00118890 0.00914939 0.00443394 0.00159803 0.00368929 0.00109230 0.34210875 0.15887089 0.00369329 0.04353737 0.01527179 0.00431069 0.01007309 0.02978988 0.00440139 0.00896676 0.31802177
147 0.29274605 0.02049950 0.02382380 0.01685060 0.03999871 0.01881460 0.02679600 0.09968692 0.01969560 0.02284520 0.01929600 0.01126290 0.00684685 0.00556178 0.02165340 0.21899504 0.08491472 0.00386736 0.00673673 0.03910821
148 0.08507343 0.05399832 0.05214202 0.03060681 0.00832880 0.07040932 0.14493805 0.17724006 0.01922821 0.05664262 0.02836191 0.07420243 0.01379990 0.02112341 0.01461671 0.06592532 0.03799711 0.00686385 0.01139380 0.02710791
149 0.03467403 0.00945259 0.00587697 0.00157766 0.01037101 0.00614438 0.00384298 0.00828504 0.00238000 0.20561216 0.35689729 0.00453559 0.07385026 0.04811894 0.00547192 0.01071051 0.02086022 0.00270319 0.01030111 0.17833414
150 0.03351742 0.01065531 0.00593172 0.00109040 0.00997494 0.00580664 0.00318695 0.00807166 0.00214732 0.19911411 0.36191321 0.00336127 0.08738055 0.04656383 0.00570907 0.01195281 0.02281521 0.00254487 0.00882561 0.16943710
151 0.05902769 0.02655970 0.02320110 0.01416090 0.00869527 0.01097760 0.03746899 0.03924969 0.01322510 0.03434419 0.13059298 0.02287060 0.02612950 0.02081530 0.39238693 0.05085599 0.03419509 0.00197611 0.01271610 0.04055119
152 0.04768169 0.25299493 0.04257049 0.02221209 0.00999127 0.04887469 0.05201469 0.02659479 0.03689249 0.01916959 0.03845439 0.18137595 0.01895339 0.02050459 0.02313639 0.05819788 0.04124119 0.01642500 0.01914109 0.02357339
153 0.08192036 0.03499408 0.02654029 0.02092279 0.00990314 0.01880869 0.03249868 0.04691968 0.01807459 0.02582249 0.05685667 0.02832669 0.01470209 0.01236289 0.40657179 0.07111746 0.03561828 0.00241127 0.01415989 0.04146818
154 0.03862329 0.01235980 0.01100150 0.00317787 0.01580690 0.01710820 0.01065290 0.01112160 0.01009700 0.12984997 0.21031495 0.01622580 0.04513969 0.18684895 0.00985416 0.01633720 0.03369189 0.00862682 0.08706058 0.12610097
155 0.32794813 0.01748341 0.01872241 0.01372381 0.04150222 0.01579041 0.02303141 0.11039104 0.02032601 0.02514031 0.01884131 0.01025240 0.00633378 0.00492269 0.02310381 0.20218308 0.07103863 0.00395523 0.00640771 0.03890222
156 0.06933869 0.04853029 0.17655897 0.09922418 0.00934424 0.05953579 0.05810439 0.06809939 0.02825590 0.02853060 0.03479379 0.05682159 0.01505070 0.02137650 0.02061210 0.08217609 0.06473809 0.00333863 0.02892360 0.02664650
157 0.04202120 0.01286330 0.00804568 0.00358189 0.00981558 0.00769801 0.00734110 0.02030940 0.00304935 0.15604299 0.37107597 0.00572421 0.09305559 0.05033550 0.00683085 0.01911000 0.02765910 0.00285047 0.00913585 0.14345399
158 0.00822205 0.00874139 0.00718169 0.00117017 0.00845566 0.01393549 0.00384629 0.00838417 0.02083278 0.02612517 0.12676386 0.00894257 0.02320478 0.39710958 0.00562146 0.00847424 0.01556858 0.01886238 0.25332373 0.03523396
159 0.03101230 0.00242030 0.00405588 0.00098207 0.00886844 0.00415909 0.00139533 0.00333034 0.00086086 0.34904003 0.15434301 0.00333435 0.04235590 0.01395940 0.00373004 0.00926595 0.02872260 0.00449001 0.00874405 0.32493003
160 0.05852645 0.14187289 0.11266291 0.05665605 0.00612732 0.10648991 0.10115892 0.02898398 0.02867868 0.02545828 0.02586618 0.13293989 0.00974799 0.02262578 0.01605819 0.05862475 0.03305627 0.00167559 0.01486379 0.01792619
161 0.03911109 0.01669169 0.01772519 0.00831714 0.01479459 0.01332980 0.01034930 0.00964423 0.02663849 0.10399996 0.11238196 0.01780989 0.02915339 0.17675593 0.01418339 0.02438929 0.03688939 0.01785439 0.18491793 0.12506295
162 0.04483380 0.03254020 0.10132500 0.03336220 0.00938122 0.02348800 0.03081460 0.01638440 0.06789990 0.02799810 0.03594180 0.02634050 0.01363250 0.10045200 0.02319860 0.05888950 0.03076800 0.02122690 0.28433199 0.01719080
163 0.35836575 0.01326309 0.01488239 0.01144749 0.03442548 0.01328919 0.01826049 0.20011886 0.01671479 0.02432748 0.02116268 0.00914485 0.00603378 0.00426350 0.01835309 0.15850289 0.04312357 0.00695679 0.00373938 0.02362448
164 0.03936470 0.00365045 0.00501549 0.00157716 0.01090510 0.00504100 0.00224387 0.00440913 0.00181415 0.32027603 0.16288601 0.00534077 0.04428060 0.01963950 0.00612456 0.01256010 0.03477380 0.00419873 0.00988181 0.30601702
165 0.08599840 0.03225810 0.20757799 0.24021999 0.00533734 0.05970800 0.06928100 0.03771680 0.02219030 0.01345730 0.02895390 0.05107910 0.00572101 0.00967541 0.00865069 0.05017830 0.03881100 0.00137348 0.01366950 0.01814240
166 0.06247200 0.01010780 0.01748640 0.00918345 0.02098630 0.01432250 0.00980708 0.01329430 0.00772243 0.23093199 0.13079299 0.01538800 0.04619400 0.03036500 0.01607780 0.03631330 0.08534529 0.00334600 0.01530740 0.22455599
167 0.06722892 0.07840512 0.04629481 0.08700192 0.00561005 0.08941192 0.22475006 0.03193251 0.01996611 0.02676881 0.01821560 0.12523103 0.00789327 0.01920870 0.01906290 0.07101642 0.02762741 0.00195862 0.01100300 0.02141281
168 0.04811409 0.24054593 0.04047059 0.01801479 0.00856312 0.05727238 0.05735598 0.01664210 0.03722439 0.02243149 0.03374109 0.21161994 0.01195610 0.01955309 0.02032979 0.04853269 0.03408449 0.00632427 0.01419340 0.05303028
169 0.07288812 0.07067002 0.06419992 0.05304482 0.01259530 0.13951404 0.10753103 0.03537051 0.02996451 0.04448201 0.03473281 0.08033793 0.01751391 0.03251161 0.02347571 0.07419212 0.04958432 0.00548618 0.01819091 0.03371421
170 0.03365239 0.01472500 0.00710697 0.00158435 0.00946148 0.00768253 0.00596627 0.00992383 0.00344792 0.14452995 0.43262486 0.00469040 0.09806837 0.05891628 0.00732658 0.01288290 0.01679579 0.00235370 0.01008350 0.11817696
171 0.04829217 0.25135182 0.04224287 0.02204528 0.01050599 0.04862947 0.05372766 0.02679238 0.03710657 0.01945959 0.03957737 0.17976987 0.01869869 0.02098729 0.02217208 0.05788526 0.04110987 0.01651829 0.01891479 0.02421268
172 0.03705379 0.00666143 0.00583509 0.00129496 0.01085960 0.00499039 0.00234352 0.00612186 0.00144802 0.24729692 0.27725091 0.00384631 0.06833848 0.03625639 0.00433970 0.01088960 0.02953619 0.00310232 0.00948863 0.23304592
173 0.06849317 0.02954129 0.08933207 0.25992190 0.00763296 0.04943488 0.17263293 0.04708328 0.02173569 0.01459149 0.01917179 0.05867938 0.00631041 0.00809533 0.01727709 0.05197058 0.03849589 0.00240568 0.01097720 0.02621699
174 0.07525493 0.05059952 0.04158812 0.14411206 0.00681158 0.06849173 0.25258011 0.03580112 0.01610301 0.02097681 0.02421031 0.08082353 0.01114900 0.01572071 0.02250511 0.05871092 0.03348641 0.00566030 0.01039620 0.02501851
175 0.06868184 0.02285088 0.02584028 0.29574374 0.00472833 0.05111675 0.32702871 0.01100969 0.00715387 0.00539790 0.00701244 0.08013073 0.00228280 0.00362539 0.01500889 0.03562787 0.01635189 0.00044970 0.00310034 0.01685799
176 0.05873082 0.03581571 0.04728912 0.20999808 0.00986915 0.03876312 0.16707607 0.03467641 0.02392741 0.01567941 0.02633461 0.05240882 0.00854530 0.00802487 0.10671404 0.06385453 0.04958262 0.00244438 0.01362781 0.02663771
177 0.06640207 0.01242440 0.01160660 0.01198810 0.01388009 0.01183860 0.01413759 0.01344829 0.00723231 0.23086891 0.15345094 0.01614389 0.04193028 0.03137649 0.01469619 0.03264789 0.04636418 0.00611558 0.01454269 0.24890490
178 0.31825374 0.01805609 0.01420189 0.01023859 0.08701473 0.01493079 0.01612779 0.09466902 0.01788939 0.01703099 0.02051718 0.00980764 0.00828496 0.00554476 0.01291929 0.21783882 0.08480183 0.00211214 0.00646929 0.02329108
179 0.06725668 0.05640788 0.04605139 0.04319629 0.00593902 0.11946597 0.22645194 0.03113929 0.02253829 0.03306099 0.03646799 0.06941468 0.06956078 0.01841960 0.02403489 0.04944309 0.03886139 0.00522155 0.01018490 0.02688339
