1 0.02770611 0.00376383 0.00197767 0.00069323 0.01186731 0.00421332 0.00195758 0.00352990 0.00132013 0.28926815 0.23110912 0.00453230 0.05829293 0.03132982 0.00377612 0.01544351 0.02961262 0.00381858 0.00846761 0.26732014
2 0.06432241 0.04785980 0.02026930 0.01340880 0.00541973 0.01510070 0.03086680 0.02140320 0.06391541 0.02273650 0.03936240 0.02069120 0.01643850 0.01594820 0.45126805 0.06383691 0.02910300 0.00369777 0.01690730 0.03744400
3 0.06573157 0.03658078 0.08970126 0.12962594 0.01053380 0.02898549 0.05700797 0.18668292 0.03195419 0.01577119 0.01977819 0.04737408 0.00378524 0.00821937 0.01009360 0.09767616 0.10497095 0.00481955 0.00621669 0.04449108
4 0.06706608 0.01411750 0.01228870 0.00944991 0.01303330 0.01121810 0.01520440 0.01651930 0.00759911 0.22344795 0.15860096 0.01623550 0.04555249 0.02958039 0.01529410 0.03705929 0.04328259 0.00528531 0.01575610 0.24340894
5 0.13590306 0.06823973 0.05081702 0.04826602 0.01829471 0.05295592 0.07106003 0.04993562 0.02837611 0.03489562 0.02434261 0.11920705 0.01910581 0.01931831 0.01983521 0.08332654 0.09324844 0.00546744 0.01162811 0.04577662
6 0.03398769 0.02381609 0.17016794 0.27822589 0.00580485 0.04467528 0.03561409 0.02876409 0.03254449 0.06218428 0.02310979 0.07872677 0.00829210 0.01099240 0.01108250 0.04669508 0.05364058 0.00576603 0.02368479 0.02222529
7 0.22298604 0.02246750 0.03894041 0.03063491 0.02748881 0.01692050 0.02697001 0.21289804 0.02128270 0.01839810 0.01502110 0.01748870 0.00437600 0.00958681 0.01467230 0.19053804 0.07244711 0.00504070 0.00474880 0.02709341
8 0.04719549 0.01133230 0.01058050 0.00911259 0.01347320 0.01695340 0.01160110 0.01198320 0.00676604 0.25932897 0.17484298 0.01373520 0.04894169 0.03672340 0.01094400 0.02975920 0.03709970 0.00413348 0.01728960 0.22820397
9 0.06226171 0.06250331 0.02825071 0.08634292 0.00400606 0.12566303 0.27759806 0.02481201 0.02014090 0.02431151 0.01401980 0.14164203 0.00750010 0.00843817 0.00994445 0.04787901 0.02377871 0.00205920 0.01056950 0.01827880
10 0.01210980 0.01698630 0.01851240 0.00179560 0.00692853 0.01118870 0.00359022 0.00199122 0.03809160 0.03545770 0.05819411 0.00887721 0.02051170 0.34643103 0.00590872 0.01289460 0.01189450 0.02381410 0.34230503 0.02251690
11 0.03648193 0.11477209 0.04217643 0.04199863 0.00857095 0.04797044 0.04908554 0.01751801 0.05630314 0.03405113 0.03390493 0.16790513 0.01765321 0.05834554 0.01467911 0.04467233 0.02678302 0.01827061 0.13746610 0.03139172
12 0.03338433 0.02331392 0.02195092 0.00574544 0.00966644 0.01362301 0.01194561 0.01638971 0.02222342 0.06752386 0.12309310 0.01690761 0.03744503 0.29076024 0.01209301 0.02307402 0.02173082 0.01643561 0.18142015 0.05127374
13 0.05784183 0.02603431 0.12801507 0.22719412 0.00593019 0.06473623 0.18154809 0.03701572 0.02964982 0.01319941 0.02196151 0.06271773 0.00483018 0.00547316 0.00912299 0.05821933 0.03974422 0.00539316 0.00556740 0.01580551
14 0.07152800 0.01861910 0.03314980 0.23212901 0.00630186 0.06469390 0.32741402 0.03068610 0.01154190 0.00775271 0.01886440 0.06664940 0.00289764 0.00344137 0.01060890 0.04878810 0.02379210 0.00176065 0.00336412 0.01601690
15 0.04366910 0.26288902 0.03914900 0.02172210 0.01041120 0.05171860 0.04355090 0.02326640 0.03651230 0.02116390 0.03471290 0.17086701 0.02238820 0.02474080 0.02843420 0.06526321 0.04035010 0.00956872 0.02032620 0.02929610
16 0.08358223 0.01374971 0.03758101 0.04140602 0.01086940 0.01515431 0.02037661 0.57466922 0.01141010 0.01687481 0.01486731 0.01721541 0.00416627 0.01495491 0.00926017 0.06370172 0.02571281 0.00253807 0.00376380 0.01814611
17 0.06684390 0.01467910 0.01243750 0.00984891 0.01263130 0.01171570 0.01545370 0.01691690 0.00777310 0.22204400 0.15899400 0.01621450 0.04566310 0.02986120 0.01543830 0.03572540 0.04334480 0.00573067 0.01533490 0.24334900
18 0.08264754 0.11509492 0.07890774 0.04872217 0.01076639 0.10864792 0.06676055 0.09780553 0.03135148 0.01522229 0.01299959 0.05490676 0.00539030 0.00844060 0.02971448 0.14374190 0.05662146 0.00559884 0.00991214 0.01674739
19 0.07677723 0.03868431 0.03059831 0.13340105 0.00840837 0.07705893 0.28899910 0.03415811 0.01913011 0.01935321 0.02734151 0.07724343 0.00956835 0.01079910 0.02226621 0.05747032 0.03059451 0.00471323 0.00882110 0.02461351
20 0.03604329 0.00662274 0.00372868 0.00203917 0.00848064 0.00545785 0.00425876 0.00745647 0.00292349 0.20855296 0.31888094 0.00587512 0.07213049 0.05358359 0.00835049 0.01351440 0.02453920 0.00445319 0.01315660 0.19995196
21 0.16682508 0.04200952 0.04425222 0.03178731 0.02453491 0.03207931 0.03925802 0.06800733 0.02564911 0.03381792 0.02851901 0.03120001 0.01326741 0.01476881 0.02555481 0.20388009 0.11086905 0.00687164 0.01334741 0.04350102
22 0.04536243 0.01394181 0.00940103 0.00715435 0.00728633 0.01024141 0.01365641 0.01283821 0.00811021 0.14259509 0.35670821 0.01118261 0.07522555 0.06889504 0.01690851 0.01929861 0.02198001 0.00646659 0.02152951 0.13121808
23 0.05352631 0.11947302 0.05198601 0.04961231 0.00683421 0.09995782 0.09407962 0.01934370 0.03122020 0.03691621 0.07634861 0.15702603 0.03370021 0.02071240 0.01428080 0.04482311 0.02712630 0.00624013 0.01803860 0.03875441
24 0.08505169 0.01369520 0.03696890 0.04132060 0.01117620 0.01510010 0.02028340 0.57262394 0.01128860 0.01679350 0.01467890 0.01678990 0.00440350 0.01529320 0.00966717 0.06392759 0.02599890 0.00283725 0.00389449 0.01820700
25 0.09683688 0.01983392 0.02020302 0.01244971 0.01848492 0.02640682 0.02198962 0.02600842 0.01482691 0.20134317 0.10304008 0.02174682 0.03351563 0.02247512 0.02213072 0.09062847 0.06118095 0.00418668 0.01513801 0.16757414
26 0.32218783 0.01607979 0.02337279 0.01303499 0.03496298 0.01401039 0.02217429 0.09632175 0.02157099 0.02640049 0.01739179 0.01005939 0.00511417 0.00973724 0.01786679 0.21778388 0.08140706 0.00417541 0.00612511 0.04022288
27 0.02710931 0.00721169 0.00417769 0.00169984 0.01352970 0.00681189 0.00343837 0.00359874 0.00257361 0.29284108 0.20182406 0.00711839 0.06917682 0.02951281 0.00504171 0.01815051 0.03456601 0.00402332 0.00899136 0.25860307
28 0.07324407 0.01874509 0.02303479 0.21804992 0.00623007 0.06847717 0.35503587 0.03041499 0.00934812 0.00607016 0.01749869 0.06949707 0.00251147 0.00313741 0.01091100 0.04820798 0.02129559 0.00127205 0.00278079 0.01423769
29 0.03651039 0.00428485 0.00364820 0.00160653 0.01307750 0.00553980 0.00334370 0.00416703 0.00220956 0.31014695 0.17174997 0.00635138 0.04819589 0.02124030 0.00639609 0.02048380 0.03367979 0.00371007 0.00877124 0.29488696
30 0.06670839 0.05847219 0.03457639 0.10493998 0.00764308 0.08711458 0.25779695 0.03005489 0.02112890 0.01983780 0.01632050 0.12700798 0.00877143 0.00865959 0.01357800 0.07287469 0.02955649 0.00401269 0.01011790 0.02082760
31 0.08593055 0.01396651 0.03763832 0.04114052 0.01113821 0.01509361 0.02035251 0.57215631 0.01140161 0.01662451 0.01470891 0.01768751 0.00427291 0.01514101 0.00982945 0.06365493 0.02512061 0.00257849 0.00390842 0.01765511
32 0.03408499 0.00610428 0.00284355 0.00141703 0.00739696 0.00509207 0.00334593 0.00685004 0.00233774 0.19658096 0.34878692 0.00507257 0.07636388 0.05827159 0.00838784 0.01114690 0.02113150 0.00436331 0.01310200 0.18731996
33 0.03311608 0.00619399 0.00296037 0.00134930 0.00797543 0.00522589 0.00456536 0.00617260 0.00352219 0.20083285 0.35402073 0.00485537 0.07562464 0.05756356 0.00865316 0.01231049 0.02044638 0.00408867 0.01283709 0.17768587
34 0.05090556 0.15992388 0.02581438 0.01408249 0.00736636 0.03674437 0.05886135 0.01878889 0.02504558 0.01973828 0.03083438 0.04523256 0.01540389 0.01291349 0.31104076 0.07294254 0.04891166 0.00414671 0.01340089 0.02790198
35 0.00887414 0.01217250 0.02098020 0.00135079 0.00745759 0.00582394 0.00274464 0.00172883 0.01887600 0.04479131 0.06432541 0.00603041 0.02368571 0.42375110 0.00454000 0.00968433 0.00974720 0.01317450 0.29953607 0.02072530
36 0.03809832 0.21495109 0.04394822 0.02173941 0.01091590 0.04538492 0.04561152 0.02414821 0.10071304 0.01679171 0.02582701 0.13903906 0.01511591 0.03359451 0.02139961 0.06952793 0.03691091 0.02010661 0.05318502 0.02299111
37 0.13236399 0.02754160 0.04392100 0.01926590 0.02209860 0.02232460 0.01979980 0.04180120 0.01714730 0.02195320 0.01652940 0.01297190 0.00907235 0.00751617 0.01305340 0.27556098 0.24734199 0.00433119 0.00805545 0.03735000
38 0.03064340 0.02877800 0.02322410 0.01124520 0.00892935 0.01976450 0.01283530 0.00866623 0.05096500 0.04204230 0.06194890 0.02338710 0.02109860 0.22656000 0.01201300 0.02833500 0.02026520 0.02748680 0.30498301 0.03682900
39 0.03474148 0.12033594 0.04352908 0.01343859 0.01041159 0.03720158 0.03529578 0.02321599 0.14373792 0.01464529 0.02139769 0.06959706 0.00687094 0.06835386 0.01512639 0.09178485 0.03210948 0.03343798 0.16539891 0.01936959
40 0.03248211 0.02317861 0.02203461 0.00601733 0.00916300 0.01359401 0.01211600 0.01665471 0.02237531 0.06759253 0.12511805 0.01677511 0.03765141 0.29148511 0.01172590 0.02181491 0.02086711 0.01626941 0.18174007 0.05134472
41 0.05649376 0.12052592 0.04441327 0.05232256 0.00619439 0.13604691 0.13743591 0.02315358 0.02930768 0.03621098 0.01925819 0.17086588 0.01463059 0.01538909 0.01148379 0.05212406 0.03171028 0.00359849 0.01520779 0.02362688
42 0.08289002 0.01227480 0.03285181 0.03487551 0.01158220 0.00962273 0.01235150 0.57385813 0.01155890 0.01555040 0.01242210 0.01153380 0.00469524 0.02972951 0.01052010 0.08649022 0.02451031 0.00262291 0.00363250 0.01642730
43 0.03526310 0.01843080 0.02221560 0.01837230 0.01024380 0.01434930 0.01167530 0.00601427 0.02046260 0.11338001 0.09570741 0.01968420 0.03009530 0.22050203 0.01302670 0.02538270 0.01900140 0.01060470 0.21903103 0.07655741
44 0.04419983 0.01424231 0.00921993 0.00721184 0.00750844 0.01001371 0.01368381 0.01206861 0.00826590 0.14247411 0.35586326 0.01164181 0.07526776 0.06969235 0.01729251 0.01931801 0.02214422 0.00658019 0.02231932 0.13099210
45 0.03040939 0.01062780 0.01195190 0.00226951 0.00521145 0.00662017 0.00709212 0.00872816 0.00968063 0.09446398 0.29335794 0.00736697 0.06505539 0.21527396 0.01229330 0.01026540 0.01433670 0.00947969 0.10520298 0.08031258
46 0.04402454 0.01404611 0.00938444 0.00772599 0.00749820 0.00963152 0.01378121 0.01238901 0.00792573 0.14198314 0.35790136 0.01198031 0.07554698 0.06959947 0.01657902 0.01939132 0.02212362 0.00670428 0.02190362 0.12988013
47 0.07317355 0.06852755 0.05493534 0.05937794 0.00737786 0.16324211 0.11315208 0.03456462 0.02984762 0.05437834 0.03313572 0.07700625 0.01591201 0.02052621 0.02078401 0.07200095 0.04484873 0.00689875 0.01943841 0.03087192
48 0.02565231 0.00319588 0.00242949 0.00057847 0.01352351 0.00441691 0.00164489 0.00242489 0.00115026 0.31789814 0.18660308 0.00509551 0.05455302 0.02124441 0.00234821 0.01672271 0.03319591 0.00380005 0.00691120 0.29661113
49 0.21851117 0.02397572 0.04276833 0.02992572 0.02879242 0.01526711 0.02382572 0.12168709 0.02183462 0.01897291 0.01425931 0.01593671 0.00444649 0.00734734 0.01213111 0.21829317 0.13466810 0.00479661 0.00452450 0.03803583
50 0.07062420 0.01737480 0.03076730 0.22997499 0.00601054 0.06844160 0.33451799 0.02812290 0.00927562 0.00810476 0.01473300 0.08242540 0.00259031 0.00258216 0.01034520 0.04539670 0.02075950 0.00085520 0.00409595 0.01300190
51 0.03762461 0.00442718 0.00344761 0.00154943 0.01318720 0.00532063 0.00354676 0.00440576 0.00194192 0.30882209 0.17246105 0.00626170 0.04838681 0.02125551 0.00670094 0.02045191 0.03394401 0.00361016 0.00857062 0.29408409
52 0.08021127 0.07159847 0.05769448 0.04644428 0.01339249 0.04483928 0.04804018 0.04375758 0.10062196 0.02989169 0.04072158 0.06244798 0.01605339 0.05121108 0.03346369 0.08577297 0.04872158 0.01830559 0.07367437 0.03313609
53 0.04883320 0.01116630 0.01114760 0.00938375 0.01359320 0.01781860 0.01225340 0.01271160 0.00709629 0.25634298 0.17382498 0.01398070 0.04881700 0.03536620 0.01233470 0.03035740 0.03789710 0.00417605 0.01686800 0.22603098
54 0.16123796 0.03314689 0.14395697 0.07644898 0.01853490 0.05375569 0.04205219 0.06069129 0.02719669 0.02478939 0.02510159 0.04519809 0.01698110 0.01275380 0.02073740 0.11591897 0.06105609 0.00660584 0.01299120 0.04084499
55 0.27374704 0.02185680 0.02552130 0.02425260 0.02561720 0.02568870 0.04001291 0.09407241 0.02050690 0.04568651 0.04329731 0.02203370 0.01309270 0.01746340 0.02756840 0.13850502 0.06200761 0.00570687 0.01095780 0.06240481
56 0.03389232 0.00400892 0.00297501 0.00142276 0.01324141 0.00515592 0.00286016 0.00357581 0.00165285 0.31494322 0.17510512 0.00569927 0.04891043 0.02087951 0.00548028 0.01981711 0.03345952 0.00367541 0.00836071 0.29488421
57 0.30137920 0.01860521 0.02581372 0.01426141 0.03465882 0.01604711 0.02274972 0.08821506 0.02204981 0.02480592 0.01755351 0.01106461 0.00554032 0.00958656 0.01771971 0.23226916 0.08954906 0.00438234 0.00604841 0.03770033
58 0.03302409 0.04689659 0.01874220 0.01039150 0.00736437 0.01319770 0.01701860 0.01827070 0.01055680 0.02722779 0.07512958 0.01851060 0.10422197 0.06607708 0.00968628 0.03632259 0.12841297 0.29511893 0.02525919 0.03857049
59 0.03235699 0.02039379 0.01097600 0.00386014 0.01270710 0.00974194 0.00916422 0.00700864 0.00765548 0.19706394 0.23005693 0.01678629 0.13656096 0.04506189 0.01701799 0.02483119 0.04279539 0.00522848 0.01250170 0.15823095
60 0.02427569 0.34089488 0.03061069 0.01089480 0.00613009 0.05048588 0.02956419 0.00855357 0.03617059 0.01063510 0.02284449 0.28019390 0.01730429 0.01837889 0.00648799 0.04110909 0.02856759 0.00330190 0.01181940 0.02177699
61 0.04064049 0.01666320 0.01652590 0.00778186 0.01430330 0.01115020 0.01395640 0.01401810 0.01620590 0.11134198 0.23340396 0.01509190 0.06223109 0.13545598 0.01780850 0.02687400 0.06577759 0.02487360 0.05400109 0.10189498
62 0.04504010 0.18326300 0.03660190 0.03421450 0.00567210 0.10770900 0.11205000 0.01742180 0.03019110 0.02602880 0.01722650 0.23142000 0.01430910 0.01550800 0.00866132 0.04664930 0.02881890 0.00271727 0.01508440 0.02141290
63 0.04878547 0.01104759 0.01067539 0.00900981 0.01347409 0.01756439 0.01185649 0.01223649 0.00706179 0.25846483 0.17178388 0.01423389 0.04915477 0.03570988 0.01159049 0.03033968 0.03792297 0.00449716 0.01683109 0.22775985
64 0.06487340 0.05092240 0.17197700 0.10595600 0.01268670 0.05492230 0.04686990 0.06383150 0.03654940 0.02697830 0.02933080 0.06186410 0.01920380 0.02466370 0.01835330 0.08640630 0.06431220 0.00840132 0.02158510 0.03031250
65 0.07557117 0.02838269 0.06396748 0.13591595 0.00905373 0.02666339 0.06289868 0.12230796 0.02796049 0.02216469 0.06399828 0.03526639 0.00865437 0.01361710 0.01517259 0.08160377 0.11564396 0.00663606 0.00674810 0.07777317
66 0.07374271 0.01822360 0.02295540 0.21951904 0.00627136 0.06784181 0.35525906 0.03022051 0.00919826 0.00606430 0.01773400 0.06902401 0.00262867 0.00311798 0.01071130 0.04781111 0.02123050 0.00120519 0.00264617 0.01459500
67 0.07433699 0.01732370 0.01731070 0.21987398 0.00611654 0.06885899 0.37189397 0.02868200 0.00756484 0.00480830 0.01690110 0.07000939 0.00215338 0.00261454 0.01017210 0.04625660 0.01901940 0.00079975 0.00222522 0.01307850
68 0.32359774 0.01296149 0.02242928 0.01532689 0.03018868 0.01187239 0.02145928 0.13520489 0.01843329 0.02446638 0.01720739 0.01057259 0.00409388 0.00803188 0.01331909 0.18354685 0.09463472 0.00421357 0.00316046 0.04527926
69 0.10158992 0.03557697 0.04646426 0.03240887 0.02222288 0.02809418 0.03283567 0.04182157 0.02049028 0.05805635 0.04637246 0.03085118 0.02493318 0.01920338 0.02088348 0.15777187 0.18688185 0.01018719 0.01329289 0.07006154
70 0.03284889 0.01451679 0.00871615 0.00308518 0.01316209 0.00891905 0.00701855 0.00606755 0.00550635 0.22797991 0.22976091 0.01281110 0.09972556 0.04404168 0.01157680 0.02185069 0.03792369 0.00496165 0.01347549 0.19605193
71 0.03661791 0.31224911 0.03143961 0.01117720 0.00686438 0.09156733 0.04070161 0.01159130 0.03261261 0.01516101 0.01939111 0.20382907 0.01432381 0.02065521 0.01506121 0.06622752 0.03363621 0.00399207 0.01129000 0.02161171
72 0.04016550 0.11036301 0.09136931 0.13429301 0.01278240 0.02538410 0.05359271 0.03802940 0.04223920 0.01650510 0.03066220 0.04476190 0.02120200 0.02205710 0.01191280 0.08829791 0.05712501 0.10948301 0.02612740 0.02364690
73 0.05505812 0.11089003 0.03451221 0.06737702 0.00801051 0.08654183 0.23293007 0.02944841 0.03172571 0.02076661 0.02289091 0.10184303 0.01032140 0.01240410 0.03393291 0.06125632 0.03358591 0.01022670 0.01284800 0.02343021
74 0.08865685 0.04076702 0.03440102 0.11974006 0.01131011 0.06882614 0.25371913 0.04032292 0.02107941 0.01794811 0.02268491 0.06744044 0.00790389 0.00872341 0.01897341 0.09730255 0.04249142 0.00625614 0.00772324 0.02372981
75 0.03307228 0.01423749 0.01820269 0.00342740 0.00907001 0.00933772 0.00923401 0.00839118 0.00988372 0.12907693 0.17130891 0.01131849 0.04750497 0.25425287 0.01056819 0.01652089 0.01978549 0.00658868 0.12512293 0.09309515
76 0.27253703 0.02243280 0.02583840 0.02339830 0.02552410 0.02558830 0.03969380 0.09205021 0.02066920 0.04609960 0.04208260 0.02270440 0.01314370 0.01695500 0.02740930 0.13993001 0.06231021 0.00587270 0.01157660 0.06418371
77 0.03633640 0.00672430 0.00366037 0.00212026 0.00826187 0.00553900 0.00437286 0.00747317 0.00277793 0.20735002 0.31889404 0.00591932 0.07215081 0.05392861 0.00871517 0.01356220 0.02440360 0.00470554 0.01349950 0.19960502
78 0.05844591 0.01865320 0.11226702 0.26981005 0.00443115 0.08033382 0.17868703 0.03052931 0.02765981 0.01609180 0.01933690 0.06842581 0.00333118 0.00358263 0.00870836 0.04675071 0.02955151 0.00271752 0.00696997 0.01371630
79 0.27254596 0.01773160 0.02143230 0.01085170 0.02471880 0.01236170 0.02321230 0.06413519 0.01700780 0.06122029 0.02807660 0.01147310 0.00952217 0.01353560 0.03224910 0.16853298 0.08163099 0.00319176 0.01203310 0.11453699
80 0.26429200 0.01951760 0.02596210 0.00885736 0.19338900 0.00900174 0.01688820 0.06193850 0.01358240 0.02417280 0.02179690 0.01372600 0.03787340 0.01027020 0.01113520 0.15852600 0.06074740 0.00335510 0.01510890 0.02985920
81 0.06109074 0.03012592 0.08555425 0.21178812 0.00497077 0.08543145 0.20372712 0.03440872 0.02215891 0.01760131 0.01712131 0.10443106 0.00570660 0.00449347 0.01011251 0.04779833 0.02903942 0.00206508 0.00868120 0.01369371
82 0.03192428 0.00548452 0.00583506 0.00256497 0.01899259 0.00598417 0.00567726 0.00553887 0.00542080 0.24967283 0.24005384 0.00647578 0.05984666 0.03481748 0.00769361 0.02302048 0.05480086 0.00403808 0.00887203 0.22328585
83 0.01201760 0.01661240 0.01866210 0.00177803 0.00678807 0.01103710 0.00336716 0.00208409 0.03751000 0.03573920 0.05818610 0.00871138 0.02028730 0.34874201 0.00586734 0.01279810 0.01163360 0.02324470 0.34253401 0.02239970
84 0.05739870 0.11837500 0.04475200 0.05311520 0.00586671 0.13619100 0.13946300 0.02403760 0.02964030 0.03612010 0.01911640 0.16915200 0.01387820 0.01531480 0.01154280 0.05266190 0.03162590 0.00346371 0.01506810 0.02321660
85 0.07542066 0.03873808 0.03057998 0.13454492 0.00789486 0.07654226 0.29041183 0.03472358 0.01918279 0.01913119 0.02711288 0.07795165 0.00942368 0.01069849 0.02184869 0.05779407 0.03111048 0.00458126 0.00832877 0.02397989
86 0.07062097 0.01946319 0.02310049 0.01655109 0.02452069 0.01504049 0.02271489 0.02471419 0.01713759 0.10829396 0.17048394 0.01740269 0.04082288 0.02475889 0.02387499 0.12393895 0.13210195 0.00998467 0.01010450 0.10436896
87 0.03296009 0.00356127 0.00270922 0.00105754 0.01338780 0.00468922 0.00258690 0.00315894 0.00143171 0.32094292 0.16930996 0.00544856 0.04798449 0.01853500 0.00491400 0.01929049 0.03346759 0.00361928 0.00765912 0.30328592
88 0.04424431 0.26279206 0.03905251 0.02173670 0.01040240 0.05145581 0.04280851 0.02326131 0.03678271 0.02083490 0.03375251 0.16975604 0.02119600 0.02491131 0.02976411 0.06724082 0.04105421 0.00975317 0.01986180 0.02933881
89 0.13489396 0.02358479 0.02672409 0.01585690 0.02150809 0.02868969 0.02596029 0.04007449 0.01858929 0.14084096 0.07273718 0.02414969 0.02610909 0.02062869 0.02536859 0.13842296 0.08006288 0.00426548 0.01518290 0.11634997
90 0.06114886 0.02219449 0.10251394 0.24368886 0.00493097 0.08585635 0.18553289 0.03518448 0.02706768 0.01678479 0.01951239 0.06931056 0.00405879 0.00448345 0.01012929 0.05151637 0.03166958 0.00271883 0.00694124 0.01475619
91 0.03503651 0.00644941 0.00396619 0.00270407 0.01101970 0.00587400 0.00425469 0.00674075 0.00261284 0.25265510 0.24759610 0.00713221 0.06117602 0.03767231 0.00651915 0.01701381 0.03110151 0.00436590 0.01064060 0.24546910
92 0.03316873 0.00638176 0.00373516 0.00145945 0.00917454 0.00571479 0.00496217 0.00623221 0.00356901 0.21552717 0.32489126 0.00534650 0.07151396 0.05361264 0.00812227 0.01424011 0.02354742 0.00402587 0.01321781 0.19155715
93 0.04938482 0.16781707 0.04897832 0.05544762 0.00907974 0.06051063 0.08271584 0.02912381 0.03357331 0.02853141 0.03017931 0.19800609 0.02270061 0.01979671 0.01490761 0.05386632 0.03750542 0.00581762 0.01952341 0.03253431
94 0.02382241 0.00285335 0.00156911 0.00042991 0.01301520 0.00410761 0.00122542 0.00212489 0.00087583 0.32199207 0.19371304 0.00434178 0.05241071 0.02166400 0.00220112 0.01624330 0.03114461 0.00377535 0.00683522 0.29565506
95 0.06127694 0.04578293 0.20345412 0.11867207 0.00818515 0.11043407 0.05574053 0.03715392 0.03620872 0.02118471 0.02539611 0.05999264 0.01704201 0.01094671 0.01840851 0.08081435 0.05245203 0.00511136 0.01103391 0.02070921
96 0.04878990 0.13961499 0.05986690 0.04998870 0.01650360 0.05042090 0.05663240 0.03357870 0.03335350 0.03102320 0.02417940 0.18479799 0.02761340 0.02047680 0.01738450 0.06547120 0.09100920 0.00551285 0.01318380 0.03059810
97 0.02388420 0.00285643 0.00160694 0.00046967 0.01316510 0.00388412 0.00123842 0.00215792 0.00089171 0.32169695 0.19371497 0.00442326 0.05226899 0.02180170 0.00234118 0.01626260 0.03122100 0.00373841 0.00683349 0.29554296
98 0.04467913 0.01462531 0.00922798 0.00759136 0.00746679 0.00993618 0.01322281 0.01277851 0.00820109 0.14194009 0.35514122 0.01208001 0.07523375 0.06950224 0.01682441 0.01914601 0.02268111 0.00651821 0.02214971 0.13105408
99 0.07237588 0.04922248 0.20313993 0.08330627 0.01559959 0.05444578 0.03587579 0.05478238 0.03208319 0.01846089 0.01753719 0.04836488 0.01157330 0.01037090 0.01642289 0.14637395 0.08840037 0.00927783 0.01113390 0.02125259
100 0.06222576 0.05391097 0.02442119 0.10488194 0.00487931 0.10176894 0.30919881 0.02409889 0.01620349 0.01773739 0.01340169 0.14551591 0.00657622 0.00685631 0.01107649 0.04682447 0.02249569 0.00171878 0.00988588 0.01632189
101 0.07651235 0.03894427 0.03068808 0.13163191 0.00784941 0.07807045 0.28973281 0.03456068 0.01899429 0.01942889 0.02764808 0.07711595 0.00959029 0.01108069 0.02242378 0.05777426 0.03086028 0.00466247 0.00837777 0.02405328
102 0.04810133 0.17514211 0.05352233 0.03736952 0.00988417 0.05610574 0.06567214 0.02911232 0.03320622 0.02285111 0.02130231 0.22441514 0.01785561 0.01674931 0.01347971 0.08579115 0.04102013 0.00528531 0.01519631 0.02793802
103 0.04461373 0.01444831 0.00897229 0.00707810 0.00754884 0.01008851 0.01341511 0.01278581 0.00798966 0.14409211 0.35484428 0.01166631 0.07467106 0.06809935 0.01665421 0.01961342 0.02265822 0.00647178 0.02166782 0.13262110
104 0.33274285 0.01209379 0.02253479 0.01410049 0.03261279 0.01074330 0.01930859 0.15378293 0.01952499 0.02067489 0.01567369 0.00883443 0.00291244 0.00764856 0.01507839 0.20639691 0.06958847 0.00422749 0.00268062 0.02883959
105 0.07921911 0.01883820 0.02417410 0.20739803 0.00556068 0.07459261 0.35099105 0.03085210 0.00845879 0.00562230 0.01468440 0.08202361 0.00265240 0.00246569 0.01026590 0.04725921 0.01978950 0.00067674 0.00261567 0.01185990
106 0.09549603 0.03356191 0.03133541 0.12512404 0.00885405 0.06664812 0.25754007 0.10169103 0.01865891 0.01363840 0.02109661 0.06162312 0.00586118 0.00766732 0.01573330 0.06844912 0.03438741 0.00477933 0.00610204 0.02175261
107 0.04851155 0.01172269 0.01102539 0.00826036 0.01367909 0.01697038 0.01208629 0.01222739 0.00729029 0.25509876 0.17473584 0.01419889 0.04953135 0.03719677 0.01158119 0.03066907 0.03756486 0.00447287 0.01755718 0.22561979
108 0.04971981 0.05361531 0.02859640 0.02178250 0.00808208 0.02331530 0.02952050 0.02454120 0.03693780 0.03281500 0.07121921 0.02515960 0.04558271 0.08376541 0.01113440 0.05202001 0.06724141 0.20804402 0.07984361 0.04706371
109 0.03661922 0.00437274 0.00324952 0.00160983 0.01338821 0.00525468 0.00331900 0.00388291 0.00199327 0.31073314 0.17171608 0.00622836 0.04819652 0.02076301 0.00644674 0.02051391 0.03426942 0.00362123 0.00851708 0.29530513
110 0.04424012 0.03293982 0.02453721 0.00866563 0.01641381 0.01809211 0.01906891 0.01299901 0.01274481 0.12601906 0.20463110 0.03366172 0.12849506 0.05730653 0.02668761 0.03455742 0.04462862 0.01270401 0.02389441 0.11771306
111 0.07861329 0.05127559 0.05484969 0.04286039 0.01143850 0.10870899 0.07093559 0.02888080 0.02941550 0.05138209 0.10989999 0.04751579 0.02728400 0.02255450 0.02892090 0.11587799 0.05033489 0.00810732 0.01573580 0.04540839
112 0.08981426 0.11011196 0.03533809 0.03122129 0.01025770 0.02819469 0.04504678 0.11755995 0.02846199 0.04493838 0.13753094 0.04378958 0.03837958 0.03020259 0.02885789 0.06219218 0.03778388 0.01610919 0.01498739 0.04922168
113 0.13215594 0.02742289 0.04400798 0.01885529 0.02208909 0.02203089 0.01889759 0.04257398 0.01660889 0.02207029 0.01651729 0.01291879 0.00967116 0.00761583 0.01285329 0.27516288 0.24752690 0.00490043 0.00848200 0.03763858
114 0.07459976 0.06879217 0.05532297 0.05985277 0.00754217 0.16312592 0.11066895 0.03490988 0.02935329 0.05500337 0.03107319 0.07773796 0.01631199 0.02053229 0.02074669 0.07205127 0.04537488 0.00624740 0.01973509 0.03101799
115 0.06739536 0.01416309 0.01244589 0.01031389 0.01294079 0.01112579 0.01490359 0.01709269 0.00776650 0.22278188 0.15702391 0.01609209 0.04552977 0.02925258 0.01573549 0.03714988 0.04412228 0.00585885 0.01525879 0.24304687
116 0.17847715 0.02341262 0.03364633 0.00846700 0.19296917 0.01260831 0.01716001 0.03290303 0.01186561 0.05237005 0.05130374 0.02054212 0.09224488 0.01712161 0.01498701 0.09896389 0.06118515 0.00409855 0.01933152 0.05634225
117 0.07484659 0.06877909 0.05502069 0.05944679 0.00725983 0.16342698 0.11164198 0.03482620 0.02924160 0.05553869 0.03145230 0.07784119 0.01642490 0.01951060 0.02043650 0.07244259 0.04523309 0.00611161 0.01862030 0.03189850
118 0.05802032 0.05504972 0.02831431 0.01466701 0.01089140 0.01708161 0.03033761 0.07522783 0.01694611 0.03099481 0.09871404 0.02408361 0.09794094 0.05598312 0.01308891 0.04947302 0.07651233 0.18021207 0.02083731 0.04562392
119 0.04512320 0.01422630 0.00917019 0.00767819 0.00754280 0.01032850 0.01438590 0.01304500 0.00794012 0.14207201 0.35588201 0.01169110 0.07517070 0.06798570 0.01682790 0.01979120 0.02262420 0.00631866 0.02145330 0.13074301
120 0.27301913 0.02266701 0.02584221 0.02286971 0.02500561 0.02567941 0.03984342 0.09201164 0.02103821 0.04596082 0.04520912 0.02366301 0.01395701 0.01724041 0.02655251 0.13747606 0.06205693 0.00579904 0.01127761 0.06283113
121 0.27414907 0.02226511 0.02548261 0.02369621 0.02488491 0.02533671 0.03955641 0.09226292 0.02018481 0.04694761 0.04249681 0.02236071 0.01331320 0.01743330 0.02877481 0.13774904 0.06189862 0.00599373 0.01142350 0.06378992
122 0.08436264 0.01395961 0.03812552 0.04146552 0.01075540 0.01518001 0.01981781 0.57423524 0.01160200 0.01636671 0.01430131 0.01719931 0.00429802 0.01500361 0.00969588 0.06327373 0.02570361 0.00269987 0.00399341 0.01796081
123 0.07688702 0.00929210 0.00892356 0.00410791 0.01508790 0.00926420 0.00950814 0.01139080 0.00610733 0.26043507 0.13114403 0.01038220 0.03859101 0.01900660 0.01830170 0.05067391 0.04696271 0.00349010 0.01173660 0.25870707
124 0.04226668 0.01689389 0.01597329 0.00626517 0.02116009 0.01380059 0.01312049 0.00919170 0.00952554 0.22155590 0.14002394 0.02098639 0.10231195 0.02572479 0.02315739 0.05866987 0.06124767 0.00495184 0.01151189 0.18166092
125 0.03170692 0.00472070 0.00358195 0.00186504 0.01185371 0.00514379 0.00320276 0.00553334 0.00193584 0.27503518 0.22626015 0.00603906 0.05777124 0.03154872 0.00501274 0.01671591 0.03219362 0.00399469 0.00898045 0.26690417
126 0.04196400 0.02644690 0.03212710 0.01014990 0.02818250 0.01602280 0.02164340 0.01239040 0.01524190 0.09767680 0.09516130 0.03928640 0.17584100 0.03503580 0.04238540 0.06458390 0.12476900 0.02248320 0.01248170 0.08612660
127 0.06797492 0.11352604 0.06241892 0.05166032 0.01353930 0.05562072 0.07480212 0.04236651 0.03413391 0.02762031 0.02411721 0.14824905 0.01961891 0.01657321 0.02035951 0.11906704 0.05318692 0.00703339 0.01663791 0.03149381
128 0.04400251 0.16148103 0.13900703 0.06200361 0.01171730 0.05215411 0.04322281 0.04728351 0.03906651 0.01868280 0.02030170 0.10576102 0.01400140 0.01768830 0.01796300 0.09600512 0.05919971 0.01013640 0.01716770 0.02315440
129 0.03326428 0.00668182 0.00343713 0.00160163 0.00890522 0.00564240 0.00490634 0.00626411 0.00368957 0.21452485 0.32651278 0.00561452 0.07203045 0.05400756 0.00834206 0.01417799 0.02294278 0.00415176 0.01310889 0.19019387
130 0.06374259 0.00671861 0.00602164 0.00261103 0.01400840 0.00669883 0.00660119 0.00731613 0.00383888 0.28378995 0.13936698 0.00825196 0.04042309 0.01824990 0.01628180 0.03815329 0.04037299 0.00326140 0.01078140 0.28350995
131 0.04460534 0.26211026 0.03887114 0.02130812 0.01033121 0.05144155 0.04204524 0.02234592 0.03659714 0.02157232 0.03496273 0.16806917 0.02231792 0.02651083 0.02910513 0.06629647 0.04059864 0.01003891 0.02061972 0.03025223
132 0.04461271 0.01417870 0.00924181 0.00831812 0.00774282 0.00998074 0.01422390 0.01303580 0.00821852 0.14117103 0.35452707 0.01192900 0.07411551 0.06903931 0.01716350 0.01981610 0.02309230 0.00673289 0.02247710 0.13038303
133 0.07175543 0.01889541 0.03281621 0.23214410 0.00648099 0.06488293 0.32758413 0.03054361 0.01146130 0.00770113 0.01829921 0.06738793 0.00266765 0.00319656 0.01050420 0.04898952 0.02333771 0.00167002 0.00355584 0.01612611
134 0.28347707 0.01568010 0.01816290 0.00833869 0.01750230 0.01219250 0.02438701 0.06035512 0.01526980 0.07759622 0.03608631 0.01284690 0.01276590 0.02033651 0.04279951 0.10671303 0.06123412 0.00338766 0.01594130 0.15492704
135 0.09904687 0.01297571 0.01014671 0.00869470 0.00930068 0.01245671 0.01761381 0.02834052 0.00991349 0.10934408 0.33571624 0.01129321 0.06747755 0.05756394 0.02072781 0.03492983 0.02464972 0.00585874 0.01557461 0.10837508
136 0.06174624 0.04189273 0.03492002 0.01765191 0.01569851 0.02831152 0.02256571 0.01851121 0.06500594 0.03710852 0.03522812 0.03417972 0.01565671 0.11668107 0.01799071 0.09937196 0.04681903 0.02605762 0.22753614 0.03706662
137 0.04377501 0.01403880 0.00925723 0.00675096 0.00788232 0.00991454 0.01290380 0.01264300 0.00809363 0.14363204 0.35508810 0.01167630 0.07521412 0.06943862 0.01669430 0.01928371 0.02298571 0.00679283 0.02190491 0.13203004
138 0.03234581 0.02277991 0.02174351 0.00546077 0.00926764 0.01325481 0.01145840 0.01521951 0.02291071 0.06801853 0.12276205 0.01690821 0.03728041 0.29287311 0.01172250 0.02225011 0.02128531 0.01673831 0.18481607 0.05090432
139 0.15753692 0.01859469 0.04067178 0.03582938 0.02035669 0.01553699 0.02153929 0.39062780 0.01692229 0.01616789 0.01234949 0.01747369 0.00364070 0.01134529 0.01176449 0.13392393 0.04723748 0.00369806 0.00413075 0.02065239
140 0.03394117 0.00794194 0.00630777 0.00134275 0.00573140 0.00522289 0.00527282 0.00769865 0.00454006 0.15458088 0.34932074 0.00544023 0.07634594 0.12033991 0.00992944 0.00951834 0.01630059 0.00487252 0.04048307 0.13486890
141 0.17661886 0.02276968 0.03385747 0.00853225 0.18134986 0.01286519 0.01772699 0.03253537 0.01256989 0.05517956 0.05378306 0.02027458 0.09464023 0.01770449 0.01654929 0.09863142 0.06296885 0.00397263 0.01839879 0.05907155
142 0.03627888 0.00408835 0.00334886 0.00146359 0.01326129 0.00531863 0.00327033 0.00392311 0.00192797 0.31139481 0.17271689 0.00601029 0.04858807 0.02064379 0.00603594 0.02021299 0.03399618 0.00373421 0.00845702 0.29532882
143 0.08466007 0.01408429 0.03759659 0.04171148 0.01113590 0.01481609 0.02043049 0.57361979 0.01155160 0.01600479 0.01379840 0.01772479 0.00407437 0.01507899 0.00992514 0.06455918 0.02547589 0.00265762 0.00377513 0.01731939
144 0.09650659 0.02571960 0.06913559 0.22113697 0.00871630 0.05306589 0.18246998 0.04844679 0.02267410 0.01163330 0.02125350 0.05397629 0.00353468 0.00474381 0.01047070 0.09541189 0.03974289 0.00484276 0.00589218 0.02062620
145 0.21702391 0.01432589 0.03660698 0.02131049 0.04937958 0.00857400 0.01663189 0.30100887 0.01542609 0.01615499 0.01102660 0.01097070 0.00511857 0.00878855 0.01016320 0.17313893 0.05544948 0.00332981 0.00444439 0.02112709
146 0.02848679 0.00310225 0.00235125 0.00083388 0.01363450 0.00482956 0.00197431 0.00248967 0.00121072 0.32667292 0.17280896 0.00509843 0.04871199 0.01858020 0.00371727 0.01844380 0.03302719 0.00365123 0.00717818 0.30319692
147 0.30034594 0.01897610 0.02632829 0.01520380 0.03447029 0.01641890 0.02259790 0.08783598 0.02249750 0.02486530 0.01721030 0.01106160 0.00562729 0.00949853 0.01744640 0.23157896 0.08934118 0.00424473 0.00664154 0.03780949
148 0.13270795 0.03745769 0.03405689 0.04129929 0.01262130 0.05180418 0.12285296 0.13151095 0.02420439 0.07120128 0.04292238 0.04518738 0.01280100 0.02045609 0.02447999 0.07607957 0.05030958 0.00540105 0.01125580 0.05139028
149 0.03337741 0.00651140 0.00390777 0.00184003 0.00909875 0.00580888 0.00509816 0.00604836 0.00364196 0.21480803 0.32450205 0.00568175 0.07173471 0.05338611 0.00843733 0.01452620 0.02349940 0.00423655 0.01297210 0.19088303
150 0.03198719 0.00858703 0.00346262 0.00110866 0.00871436 0.00517495 0.00291161 0.00570700 0.00249822 0.20916791 0.32766086 0.00561964 0.08369006 0.05550268 0.00795253 0.01219499 0.02381439 0.00412791 0.01290549 0.18721192
151 0.03783290 0.03132850 0.02453140 0.01000970 0.01264500 0.01319740 0.03040520 0.01249210 0.02142590 0.04205020 0.09278770 0.03890850 0.15833500 0.02881500 0.25509399 0.07366470 0.06050150 0.00442542 0.01292630 0.03862360
152 0.04453681 0.26059707 0.03909411 0.02254611 0.01030070 0.05116861 0.04245231 0.02253491 0.03664751 0.02207781 0.03475571 0.17043804 0.02141001 0.02612211 0.02783701 0.06571632 0.04076731 0.00999094 0.02022131 0.03078531
153 0.07282998 0.05571688 0.01995709 0.01529790 0.00652286 0.01885189 0.04181009 0.02443449 0.03011439 0.03210129 0.04856048 0.01925729 0.02340889 0.01765879 0.40899687 0.06537248 0.03684499 0.00329905 0.01292430 0.04603999
154 0.03371337 0.01378459 0.01842448 0.00337458 0.00876229 0.00964394 0.00950940 0.00795800 0.01022269 0.12885789 0.17458085 0.01094149 0.04742406 0.25199078 0.01045079 0.01639799 0.01947048 0.00687802 0.12434489 0.09326942
155 0.32229518 0.01625961 0.02369411 0.01333491 0.03505722 0.01494321 0.02247191 0.09684115 0.02179441 0.02497121 0.01728741 0.01050731 0.00503805 0.00933665 0.01787071 0.21928512 0.08106404 0.00413972 0.00572194 0.03808612
156 0.06685219 0.04771900 0.17181598 0.10812099 0.01271250 0.05442840 0.04795400 0.06292719 0.03605990 0.02809620 0.02949590 0.06153619 0.01867560 0.02343000 0.01790520 0.08767529 0.06552749 0.00811109 0.02050980 0.03044710
157 0.05064845 0.01252749 0.00827407 0.00382978 0.00557269 0.00775074 0.00790157 0.02767527 0.00443101 0.12215389 0.36126466 0.00846787 0.09358181 0.07412953 0.01298549 0.01361219 0.02284988 0.00697265 0.01437609 0.14099487
158 0.01423921 0.01223361 0.01821962 0.00151743 0.00612111 0.00642822 0.00377536 0.00303195 0.01920932 0.05324315 0.12854313 0.00669119 0.03403303 0.35250535 0.00697007 0.00937293 0.01043271 0.01595262 0.26190726 0.03557274
159 0.02743979 0.00287252 0.00196472 0.00058749 0.01348120 0.00427720 0.00165673 0.00217838 0.00097999 0.33171493 0.16981096 0.00485473 0.04808139 0.01738480 0.00317404 0.01791570 0.03232579 0.00364107 0.00706965 0.30858893
160 0.05310864 0.15834681 0.11645186 0.04938024 0.00882686 0.10784887 0.05838333 0.03408156 0.03255896 0.01848328 0.01820928 0.10154388 0.01168429 0.01547748 0.02275787 0.10232888 0.05197594 0.00548692 0.01329078 0.01977428
161 0.02932830 0.02801870 0.02347400 0.01206000 0.00890817 0.01973430 0.01273570 0.00864624 0.05065519 0.04186940 0.06351789 0.02403490 0.02133570 0.22829397 0.01237640 0.02776610 0.02026640 0.02723500 0.30339597 0.03634770
162 0.05798449 0.02171560 0.01885430 0.00884959 0.00820103 0.01527420 0.01298670 0.00827984 0.03333379 0.08918279 0.09644808 0.02002570 0.02921130 0.15541898 0.01838560 0.02980440 0.02418700 0.02191570 0.21047697 0.11946398
163 0.34634380 0.01277229 0.01924399 0.01399409 0.02375379 0.01856949 0.02230429 0.19604589 0.01715459 0.02506599 0.02280729 0.01355229 0.00389328 0.00814968 0.01960679 0.14213692 0.05429487 0.00507167 0.00303804 0.03220098
164 0.03712128 0.00433758 0.00348619 0.00141581 0.01337269 0.00527515 0.00334151 0.00393640 0.00204659 0.30943282 0.17161690 0.00622315 0.04845797 0.02096139 0.00670748 0.02078149 0.03442568 0.00365301 0.00870611 0.29470083
165 0.07655059 0.02504190 0.17995399 0.23754898 0.00615287 0.06189310 0.07043730 0.04804150 0.03461900 0.01600020 0.02289020 0.06331180 0.00547686 0.00496506 0.00928224 0.06488690 0.04299150 0.00578274 0.00753420 0.01663910
166 0.09859531 0.01925350 0.01991460 0.01250580 0.01820820 0.02667880 0.02208600 0.02635940 0.01505790 0.19974302 0.10203801 0.02130830 0.03269590 0.02303890 0.02280650 0.09187761 0.06157920 0.00415272 0.01555230 0.16654801
167 0.14246298 0.03652450 0.04333259 0.08144809 0.01785250 0.04375659 0.14593298 0.12619498 0.02427340 0.01627740 0.01809050 0.04045839 0.00547185 0.00805840 0.01678050 0.13775598 0.05573089 0.00717921 0.00620807 0.02621020
168 0.06896245 0.08576604 0.03702347 0.02789378 0.00857955 0.03741747 0.04781856 0.01993039 0.02223658 0.09288013 0.06791415 0.11746191 0.03541607 0.02146818 0.01756669 0.04705507 0.03935867 0.00751417 0.01970679 0.17802987
169 0.07457598 0.06818009 0.05554269 0.05994479 0.00776442 0.16351697 0.11046198 0.03581759 0.03026689 0.05401019 0.03122219 0.07794358 0.01555120 0.02018040 0.02026400 0.07202188 0.04461439 0.00698529 0.02051750 0.03061799
170 0.04403791 0.01453700 0.00912065 0.00760599 0.00754465 0.01038530 0.01381770 0.01250540 0.00824570 0.14331502 0.35495805 0.01174970 0.07509621 0.06825071 0.01659700 0.01940220 0.02246640 0.00680618 0.02134820 0.13221002
171 0.04386229 0.26065895 0.03971369 0.02225800 0.01008330 0.05164309 0.04273339 0.02426340 0.03639749 0.02158670 0.03419349 0.16885797 0.02094570 0.02581159 0.02872739 0.06700639 0.04094409 0.01029770 0.01992270 0.03009269
172 0.03078171 0.00512840 0.00403479 0.00091716 0.01018850 0.00555205 0.00255292 0.00490456 0.00173606 0.24813404 0.26970205 0.00604180 0.07054611 0.04128591 0.00507676 0.01347770 0.02737300 0.00431552 0.01002690 0.23822404
173 0.05995006 0.02678788 0.09546013 0.24576983 0.00709312 0.05290216 0.15232689 0.05583626 0.02554828 0.02269898 0.02205848 0.06733365 0.00605141 0.00747264 0.01184599 0.05780326 0.04165977 0.00539902 0.01228109 0.02372108
174 0.07692606 0.03850048 0.03041639 0.13239094 0.00798823 0.07591417 0.28841787 0.03449768 0.01928169 0.01960899 0.02864899 0.07593537 0.00988682 0.01164599 0.02278429 0.05713747 0.03111759 0.00524768 0.00889033 0.02476299
175 0.05698887 0.02419819 0.07403906 0.14614592 0.00767576 0.03609008 0.09135615 0.31167983 0.02194479 0.01296329 0.01517469 0.04496527 0.00315875 0.00915049 0.00889038 0.06657126 0.04042138 0.00305839 0.00556368 0.01996379
176 0.03882909 0.02150939 0.09402937 0.29003792 0.00728017 0.03942369 0.05168639 0.02900929 0.02340749 0.08588008 0.02803329 0.08237748 0.01111530 0.01230480 0.01605430 0.04247179 0.04661369 0.00533440 0.03717059 0.03743149
177 0.06730676 0.01469451 0.01249861 0.00934958 0.01284571 0.01163201 0.01488331 0.01653731 0.00793967 0.22413918 0.15615513 0.01593911 0.04521454 0.02994442 0.01578111 0.03710233 0.04388344 0.00550925 0.01571881 0.24292520
178 0.30094024 0.01414461 0.02425892 0.00789639 0.12847910 0.00686056 0.01578891 0.07715926 0.01518091 0.01896142 0.01674891 0.00866330 0.02127512 0.00716115 0.00988384 0.21551217 0.07134746 0.00296496 0.00945406 0.02731872
179 0.05471824 0.04601843 0.04995963 0.04977743 0.00592734 0.13052208 0.23779515 0.02005961 0.02683142 0.03082032 0.03741572 0.08759256 0.06443794 0.02031841 0.01434361 0.04244133 0.02693352 0.00603531 0.01012271 0.03792922
