1 0.03566739 0.00751617 0.00480045 0.00135288 0.00855607 0.01151520 0.00395680 0.00371885 0.00232009 0.21669694 0.31234792 0.00232948 0.08314228 0.03731399 0.00556354 0.01716110 0.02219349 0.00124563 0.01415380 0.20844795
2 0.04792329 0.02360580 0.01517410 0.01150400 0.01297190 0.01678430 0.02549379 0.01267510 0.04830369 0.06524629 0.20701096 0.01744360 0.03976539 0.01630410 0.25365995 0.07369699 0.03748389 0.00302860 0.02308090 0.04884339
3 0.06650960 0.00555067 0.01552320 0.13698800 0.01184100 0.02726560 0.00927993 0.55000500 0.00664706 0.00301657 0.01540120 0.00654809 0.00297479 0.00184060 0.05745460 0.06066530 0.01172090 0.00141999 0.00450153 0.00484637
4 0.06197477 0.01070361 0.01085841 0.01310402 0.01250481 0.01747962 0.01843452 0.01091111 0.00501957 0.21495725 0.12866515 0.02047782 0.03973385 0.02613803 0.01192601 0.03514314 0.04361585 0.00378928 0.01280781 0.30175535
5 0.05407961 0.13267502 0.04512111 0.03766641 0.01018190 0.07661131 0.06020671 0.03323850 0.02375930 0.03405680 0.01931700 0.27568404 0.01364960 0.01519970 0.01141500 0.05017631 0.04525841 0.00945156 0.01744170 0.03481000
6 0.03886170 0.01372490 0.01054890 0.00620612 0.01096740 0.02119900 0.01079210 0.00850606 0.00650969 0.26550398 0.16961599 0.01850610 0.05112280 0.03508730 0.01272240 0.03223650 0.03632910 0.00393179 0.01615420 0.23147399
7 0.14925001 0.02932890 0.03234400 0.02074780 0.03142870 0.01813060 0.02538960 0.06147840 0.01553680 0.02862990 0.02684890 0.02621840 0.01283710 0.01983450 0.03073620 0.33482503 0.08615431 0.00340772 0.01222310 0.03465000
8 0.03792830 0.01316870 0.01045290 0.00609993 0.01093260 0.02074380 0.01070670 0.00829226 0.00636806 0.26816203 0.16857802 0.01812510 0.05157131 0.03434980 0.01262120 0.03159090 0.03571360 0.00402165 0.01651610 0.23405702
9 0.05221569 0.13358496 0.04388849 0.03863249 0.00948731 0.07574838 0.06072198 0.03298169 0.02468669 0.03374729 0.02016929 0.27810692 0.01311090 0.01596580 0.01064620 0.04907359 0.04534179 0.00991407 0.01528520 0.03669129
10 0.03083118 0.02449868 0.02491078 0.00580613 0.00365893 0.01171349 0.01013009 0.00703310 0.04463167 0.03307998 0.06276306 0.02003689 0.01614259 0.13750891 0.00711192 0.02517818 0.02452048 0.01832019 0.46494368 0.02718008
11 0.05229347 0.05940347 0.01970099 0.02530119 0.00753410 0.04068828 0.03509058 0.01989079 0.02833868 0.02304199 0.02037069 0.20208689 0.03273108 0.03867178 0.00801066 0.03798648 0.09020165 0.18382890 0.04002208 0.03480628
12 0.02258491 0.01707071 0.00629115 0.00576858 0.01330560 0.00952967 0.01912021 0.01067800 0.02163621 0.05938052 0.13102705 0.01356231 0.01668921 0.40562715 0.00494383 0.03378311 0.01435011 0.02109051 0.12606605 0.04749512
13 0.03667911 0.01144130 0.07261663 0.44851516 0.00859632 0.04703032 0.23833708 0.00527903 0.01906001 0.00444014 0.00590486 0.02077901 0.00059548 0.00175537 0.00406928 0.02544801 0.02672071 0.00071978 0.00122949 0.02078291
14 0.04714988 0.01824109 0.07627227 0.37304684 0.01014980 0.04466808 0.17431293 0.05406678 0.02010269 0.01064700 0.01240469 0.03711918 0.00266849 0.00537416 0.01024150 0.04026418 0.03074719 0.00228233 0.00481375 0.02542719
15 0.05032861 0.34477407 0.03220961 0.01769170 0.01113250 0.03923271 0.06271071 0.01720510 0.04418711 0.02154740 0.02665741 0.13441403 0.01734570 0.01795790 0.02760651 0.05341681 0.03018131 0.01152000 0.02148370 0.01839710
16 0.11591604 0.01094380 0.03243991 0.04531131 0.00842521 0.01673941 0.01317710 0.56827019 0.00730249 0.00771677 0.01375730 0.01916371 0.00530867 0.00584751 0.01306820 0.06340532 0.03401801 0.00336191 0.00413751 0.01168960
17 0.06217202 0.00993372 0.00963623 0.01269700 0.01244040 0.01777921 0.01834571 0.01009610 0.00474531 0.21372607 0.12833604 0.01981641 0.03945151 0.02596401 0.01165850 0.03599981 0.04308671 0.00429703 0.01326110 0.30655710
18 0.04121921 0.34401305 0.04808161 0.01529430 0.00772708 0.12109202 0.06596381 0.01235290 0.06479391 0.01786100 0.01311430 0.10173702 0.00747801 0.00973184 0.01392370 0.05688751 0.02277450 0.00540962 0.01990150 0.01064310
19 0.05125598 0.05849978 0.02960019 0.12267096 0.00948524 0.05130488 0.42572385 0.01780079 0.02281219 0.01423539 0.01606449 0.04569058 0.00557486 0.01893649 0.00730595 0.04096929 0.02612859 0.00320313 0.00782728 0.02491009
20 0.03518686 0.00787228 0.00484506 0.00110669 0.00857601 0.01180849 0.00394277 0.00339325 0.00234570 0.22015776 0.30860467 0.00230889 0.08322391 0.03413336 0.00587386 0.01692058 0.02241168 0.00127112 0.01379329 0.21222377
21 0.14867203 0.02994831 0.03174541 0.02042670 0.03184551 0.01791860 0.02604240 0.06165141 0.01589920 0.02935261 0.02897301 0.02708070 0.01344610 0.02025640 0.03016721 0.33239306 0.08396062 0.00377162 0.01241130 0.03403781
22 0.04760380 0.01329860 0.00938030 0.00558387 0.00741025 0.00926153 0.00894128 0.00888564 0.00999639 0.12460600 0.41184899 0.00815724 0.09892410 0.05246700 0.01159590 0.02204520 0.02364620 0.00296743 0.02284130 0.10053900
23 0.05138360 0.13402799 0.04607290 0.03954170 0.00968912 0.07644740 0.05996630 0.03237640 0.02404950 0.03371350 0.01977980 0.27618798 0.01332670 0.01553750 0.01062660 0.05101810 0.04632060 0.00996994 0.01619440 0.03377000
24 0.11402396 0.01083110 0.03063479 0.04720598 0.00838964 0.01605519 0.01306550 0.57156378 0.00751490 0.00853672 0.01403189 0.01846149 0.00527085 0.00640767 0.01299150 0.06362228 0.03236479 0.00302250 0.00413020 0.01187530
25 0.03813591 0.01252520 0.01030630 0.00620680 0.01093240 0.02042401 0.00987958 0.00847608 0.00609407 0.26918610 0.16894806 0.01719351 0.05083142 0.03473931 0.01299180 0.03102811 0.03605521 0.00437091 0.01653711 0.23513808
26 0.32080791 0.02295489 0.02345789 0.02104679 0.02585969 0.03264959 0.02985599 0.09276447 0.02163349 0.02957169 0.04526679 0.02463119 0.02058329 0.01238590 0.02754139 0.12430697 0.04938829 0.00596088 0.01204120 0.05729168
27 0.04470338 0.02012869 0.00951677 0.00129790 0.00659605 0.00865931 0.00343797 0.00628497 0.00824843 0.20111690 0.28528485 0.00662002 0.15019492 0.01248859 0.00865550 0.02296699 0.02893519 0.00493789 0.01216179 0.15776392
28 0.03880490 0.01562120 0.06659881 0.41841404 0.00913255 0.04729790 0.25447703 0.00646355 0.01939040 0.00542203 0.00720509 0.02483110 0.00088488 0.00253649 0.00461462 0.02763480 0.02697450 0.00081147 0.00163651 0.02124810
29 0.02092201 0.00324031 0.00386345 0.00103040 0.01303240 0.02034951 0.00516890 0.00348702 0.00108030 0.32919609 0.14817004 0.00297059 0.03606331 0.01783690 0.00584909 0.01671410 0.02363171 0.00129979 0.00941398 0.33668009
30 0.03889490 0.09796620 0.02676270 0.06389310 0.01458830 0.07124950 0.14291801 0.03637100 0.01524830 0.07915560 0.02526390 0.27187001 0.00645331 0.01082540 0.01092950 0.02654270 0.03343810 0.00515938 0.00495557 0.01751450
31 0.11469099 0.01129800 0.03215770 0.04555040 0.00859422 0.01664970 0.01344330 0.56694697 0.00719646 0.00827281 0.01389640 0.02008450 0.00539852 0.00594257 0.01249780 0.06478490 0.03396860 0.00347233 0.00438305 0.01077080
32 0.06040959 0.01025030 0.01115130 0.01371300 0.01259130 0.01750030 0.01883100 0.00986179 0.00501479 0.21529296 0.13033598 0.01982830 0.04092619 0.02593610 0.01176070 0.03451409 0.04154549 0.00391861 0.01341630 0.30320194
33 0.03510279 0.00943099 0.00444327 0.00148710 0.00739640 0.01006000 0.00450448 0.00295695 0.00296699 0.21100396 0.33623093 0.00280648 0.09606048 0.03710319 0.00593000 0.01689100 0.02252010 0.00125664 0.01307430 0.17877396
34 0.01533420 0.09448880 0.00479372 0.00507597 0.00460459 0.01730660 0.00665715 0.00391947 0.00726975 0.00693700 0.01375460 0.01168250 0.00395098 0.00273458 0.67884498 0.09718800 0.01244840 0.00147794 0.00320516 0.00832562
35 0.01128529 0.00345692 0.00228799 0.00255328 0.00196963 0.00713414 0.00516311 0.00458911 0.01596769 0.03537518 0.09944564 0.00495891 0.01836559 0.43770475 0.00156098 0.01759169 0.01174999 0.02585089 0.26571985 0.02726938
36 0.08994408 0.09219958 0.04784399 0.04019869 0.01930510 0.04481049 0.05951549 0.02364740 0.15308697 0.02470730 0.04807049 0.05252249 0.02360960 0.04947519 0.02501549 0.05924829 0.04098959 0.01335380 0.07139309 0.02106290
37 0.14869203 0.03020251 0.03283341 0.02168190 0.03077531 0.01831440 0.02595171 0.06234411 0.01551880 0.02929351 0.02846511 0.02715731 0.01290890 0.02066290 0.03083241 0.33060508 0.08416322 0.00296147 0.01308600 0.03354991
38 0.03029889 0.02505989 0.02736899 0.00587082 0.00379833 0.01215800 0.01102870 0.00670589 0.04501249 0.03163399 0.06053419 0.02049940 0.01676650 0.13466697 0.00664180 0.02562569 0.02493579 0.01954570 0.46598289 0.02586509
39 0.05944669 0.38490895 0.04426309 0.00748027 0.00821812 0.05526129 0.06043369 0.00822201 0.11531498 0.01180860 0.00898541 0.04632539 0.00866965 0.01743800 0.00877590 0.09390989 0.02139770 0.00562588 0.02444620 0.00906830
40 0.02302270 0.01776750 0.00637792 0.00531137 0.01344230 0.01012310 0.01931760 0.01091700 0.02198190 0.05836089 0.13031198 0.01297110 0.01642360 0.40560793 0.00497138 0.03299659 0.01470310 0.02176930 0.12682798 0.04679479
41 0.09428446 0.05243268 0.04379588 0.05195728 0.01370159 0.23942990 0.08830726 0.03104349 0.02890619 0.04452698 0.02956769 0.10906896 0.00962430 0.01285629 0.01890749 0.04206078 0.02975909 0.00681271 0.01372969 0.03922728
42 0.07996067 0.01522629 0.01155990 0.00880717 0.01822749 0.01140240 0.02449779 0.02242859 0.02229559 0.04444028 0.09831476 0.01564579 0.01481819 0.24639991 0.00896672 0.22622792 0.03089259 0.00897557 0.04970898 0.04120339
43 0.02919760 0.02409510 0.02696330 0.00607920 0.00364104 0.01167320 0.01074380 0.00662724 0.04417171 0.03214020 0.06025711 0.01990100 0.01565530 0.13772802 0.00632188 0.02438630 0.02384820 0.01862790 0.47180607 0.02613580
44 0.04724990 0.01284210 0.00841054 0.00571039 0.00736190 0.00922812 0.00983707 0.00853445 0.01014920 0.12482401 0.41231403 0.00832774 0.09880691 0.05387770 0.01082120 0.02117740 0.02291460 0.00330571 0.02290200 0.10140501
45 0.02185801 0.01784960 0.00648272 0.00535297 0.01390810 0.00955537 0.01841780 0.01079670 0.02149371 0.05946902 0.13074104 0.01352300 0.01655520 0.40783211 0.00473347 0.03455741 0.01415270 0.02134571 0.12350603 0.04786931
46 0.04700152 0.01313031 0.00951010 0.00549182 0.00746033 0.00943065 0.00845474 0.00905498 0.01003780 0.12534605 0.41015516 0.00833606 0.09965784 0.05332522 0.01049270 0.02094931 0.02211381 0.00363073 0.02440081 0.10202004
47 0.09619337 0.05074514 0.04538253 0.05284734 0.01241301 0.24290117 0.08976586 0.03034602 0.02758452 0.04448823 0.02888302 0.10861508 0.00951791 0.01259351 0.01859111 0.04174283 0.03000372 0.00680780 0.01246731 0.03811053
48 0.02148329 0.00286422 0.00382020 0.00100247 0.01297730 0.02061209 0.00522619 0.00341834 0.00127536 0.33129689 0.14534495 0.00288677 0.03445809 0.01758979 0.00560268 0.01623509 0.02314079 0.00153334 0.00928926 0.33994289
49 0.10350595 0.01746729 0.12885993 0.02281799 0.02754289 0.02140429 0.01919949 0.05405857 0.00995886 0.01937979 0.01044139 0.04178258 0.00751236 0.00386614 0.00549772 0.31242583 0.16982991 0.00172592 0.00813062 0.01459249
50 0.03643311 0.01088310 0.07307832 0.45345411 0.00844360 0.04724001 0.23564706 0.00535418 0.01887450 0.00406394 0.00585387 0.01954840 0.00071110 0.00157382 0.00407691 0.02484211 0.02667711 0.00082479 0.00115735 0.02126261
51 0.04006861 0.01171300 0.01262820 0.01789791 0.01415370 0.05380352 0.02062511 0.01056090 0.00592197 0.24977708 0.10629803 0.01991191 0.02439171 0.01466710 0.00929554 0.02534281 0.03276111 0.00269079 0.00967288 0.31781810
52 0.09017664 0.08857524 0.04739012 0.03833822 0.02005831 0.04481992 0.05921122 0.02519471 0.15552506 0.02374691 0.04863752 0.05408592 0.02425501 0.05092752 0.02534781 0.05758862 0.03926722 0.01399291 0.07402273 0.01883841
53 0.03924100 0.01335660 0.01138380 0.00635507 0.01145400 0.02097250 0.01093030 0.00807616 0.00664243 0.26638700 0.16418100 0.01888260 0.05141630 0.03410270 0.01326060 0.03310660 0.03701150 0.00456393 0.01790790 0.23076800
54 0.03738533 0.03787543 0.19843113 0.03775953 0.01013221 0.04404933 0.02121341 0.02691842 0.02169591 0.12951009 0.06012174 0.10170507 0.03412832 0.00998276 0.01090551 0.07213115 0.05369694 0.00459848 0.01774681 0.07001245
55 0.32258098 0.02240430 0.02258580 0.02075610 0.02573270 0.03225270 0.02804600 0.09671179 0.02006100 0.02902770 0.04637530 0.02399840 0.02073080 0.01184160 0.02792960 0.12457899 0.04896850 0.00602987 0.01168760 0.05770030
56 0.02899811 0.01807461 0.01874031 0.01169250 0.01308581 0.07977123 0.02232401 0.00909094 0.00952494 0.27119811 0.10595504 0.05613522 0.02410561 0.01684871 0.00987808 0.02557011 0.02756441 0.00324298 0.00949715 0.23870210
57 0.14998505 0.03024721 0.03146701 0.02181031 0.03161181 0.01764821 0.02749681 0.06361302 0.01564761 0.02901381 0.02898431 0.02613121 0.01338420 0.02019151 0.03026671 0.32924911 0.08234753 0.00318918 0.01283420 0.03488121
58 0.05012164 0.01361191 0.01340541 0.01205661 0.00762735 0.01258131 0.01328361 0.01169711 0.01056901 0.08912798 0.05385905 0.02076172 0.02425852 0.00739060 0.01227361 0.05253805 0.35285931 0.00716529 0.01333871 0.22147320
59 0.04399788 0.02085939 0.00949748 0.00134382 0.00692033 0.00895780 0.00384225 0.00621333 0.00912121 0.20435392 0.27808389 0.00657242 0.15276994 0.01096270 0.00898962 0.02303239 0.02935799 0.00515875 0.01168400 0.15828094
60 0.07648184 0.05843455 0.04683006 0.02872778 0.00769019 0.26051579 0.06935414 0.01974348 0.02081828 0.03535157 0.01404799 0.25208280 0.00604206 0.00959127 0.00824508 0.03446337 0.03165377 0.00503057 0.00549898 0.00939641
61 0.02278798 0.01800598 0.00648977 0.00558070 0.01394449 0.00921028 0.02049668 0.01095749 0.02240248 0.05885475 0.13132788 0.01433469 0.01677669 0.40347064 0.00486421 0.03352047 0.01510199 0.02113758 0.12307589 0.04765936
62 0.09425166 0.05121243 0.04289403 0.05161933 0.01253851 0.23842714 0.08716115 0.03254322 0.02816122 0.04678663 0.02944582 0.10997607 0.00978941 0.01374411 0.01955381 0.04232573 0.02946222 0.00654890 0.01294521 0.04061342
63 0.03808278 0.01273739 0.01014220 0.00617292 0.01086170 0.02113359 0.01039410 0.00788431 0.00590107 0.26688588 0.16957192 0.01782839 0.05092558 0.03562148 0.01337459 0.03194439 0.03577808 0.00396866 0.01648009 0.23431089
64 0.05370070 0.03818580 0.36178102 0.07744590 0.00997503 0.03865750 0.04217540 0.05320040 0.02769720 0.02120070 0.02595080 0.05238450 0.01038420 0.00768287 0.00818935 0.06596050 0.04462460 0.00374280 0.03434920 0.02271150
65 0.05041220 0.01308650 0.01076220 0.00640580 0.00798672 0.01019810 0.01380120 0.01138640 0.01642870 0.12732500 0.32287401 0.02535260 0.08716650 0.02082330 0.01716430 0.03955410 0.09785010 0.00509895 0.01852910 0.09779420
66 0.05134418 0.05905348 0.03041189 0.12333996 0.00937773 0.05143438 0.42175686 0.01840349 0.02392939 0.01411440 0.01702089 0.04487359 0.00571925 0.01970589 0.00725919 0.03988819 0.02676529 0.00289488 0.00753218 0.02517489
67 0.04759490 0.01808130 0.07483930 0.37108999 0.01033330 0.04535830 0.17171799 0.05819830 0.02052950 0.01107790 0.01219290 0.03739340 0.00263474 0.00566324 0.01043470 0.03951670 0.03024060 0.00255283 0.00475182 0.02579830
68 0.31241600 0.01102530 0.02065620 0.01148820 0.03633670 0.01226540 0.01512990 0.07989110 0.02136800 0.01658970 0.01427810 0.00980689 0.01050060 0.00916883 0.02098940 0.28964800 0.06582250 0.00186015 0.00651293 0.03424610
69 0.09068984 0.02753561 0.03524891 0.02385531 0.01426521 0.02041241 0.02869251 0.04707482 0.01679751 0.05118002 0.04437842 0.04297502 0.01932231 0.01296161 0.01790271 0.12429705 0.27491011 0.01419901 0.01967751 0.07362413
70 0.06499312 0.02838161 0.01386440 0.00389095 0.00874924 0.01066610 0.01035510 0.01319280 0.01720191 0.12438904 0.28267809 0.01890231 0.15910705 0.02244841 0.01320070 0.03298741 0.03262791 0.01529180 0.02067101 0.10640103
71 0.02991100 0.23416298 0.18840998 0.02297580 0.00884267 0.12356799 0.03217050 0.02390670 0.06511809 0.02154270 0.00850463 0.09497069 0.00665051 0.00988160 0.00603554 0.05799819 0.03019200 0.00351714 0.02156920 0.01007210
72 0.04389269 0.01506410 0.06297739 0.37394294 0.01193890 0.04464309 0.24065196 0.01115970 0.02013860 0.00682884 0.00789096 0.02616980 0.00145157 0.00345294 0.00740771 0.06211409 0.03068040 0.00114938 0.00203496 0.02641000
73 0.04992530 0.05934410 0.03108240 0.11904401 0.00969582 0.05200510 0.42691303 0.01768740 0.02288310 0.01411130 0.01548310 0.04447600 0.00571226 0.02045580 0.00707106 0.03973790 0.02737530 0.00298701 0.00838159 0.02562840
74 0.05123132 0.05944232 0.03054711 0.12041005 0.00917217 0.05183612 0.42196516 0.01737191 0.02394561 0.01446221 0.01629741 0.04577502 0.00564922 0.01914091 0.00727093 0.04071972 0.02685301 0.00302551 0.00915779 0.02572651
75 0.02222960 0.01683730 0.00584090 0.00576533 0.01307570 0.00916913 0.02038230 0.01120570 0.02217130 0.05986069 0.13271298 0.01342050 0.01677140 0.40414193 0.00464112 0.03300859 0.01451240 0.02191630 0.12443198 0.04790489
76 0.32444890 0.02388679 0.02320519 0.02038329 0.02469159 0.03352189 0.02860899 0.09259927 0.02144579 0.03037189 0.04733458 0.02502049 0.02109099 0.01151440 0.02710219 0.12180696 0.04883718 0.00531302 0.01067650 0.05814008
77 0.04881426 0.01529519 0.00481052 0.00084000 0.00392542 0.00257152 0.00254566 0.00145112 0.00433042 0.10892792 0.52393759 0.00178178 0.15816288 0.00865292 0.00462726 0.00973522 0.01661589 0.00081389 0.00839521 0.07376534
78 0.04909551 0.04953741 0.14231204 0.03563751 0.00831379 0.20747006 0.03901091 0.03108611 0.01908191 0.04182291 0.00700918 0.22854306 0.00834299 0.00502695 0.00447806 0.06197602 0.04575811 0.00317141 0.00418774 0.00813831
79 0.35309593 0.00795933 0.01103490 0.00862586 0.02104160 0.00903675 0.01400210 0.03660359 0.01053290 0.04289459 0.02485470 0.01569760 0.02287180 0.00767735 0.04890559 0.14834597 0.04860729 0.00220305 0.00670916 0.15929997
80 0.24448811 0.02323941 0.17222308 0.03634872 0.01417411 0.04101382 0.03418252 0.09627754 0.02946651 0.01458601 0.01967371 0.02864761 0.01192561 0.00692918 0.01176431 0.10667805 0.05813803 0.00500217 0.01999241 0.02524911
81 0.03923182 0.09922146 0.07955295 0.03872082 0.01152211 0.04543423 0.06512084 0.17582011 0.01569001 0.03231872 0.00954447 0.25659715 0.01820591 0.00612876 0.00585834 0.04323613 0.02985182 0.00538624 0.00527340 0.01728471
82 0.03276678 0.00852280 0.00425803 0.00102543 0.00816322 0.01137929 0.00434228 0.00256970 0.00238099 0.23082586 0.31800181 0.00239793 0.09009215 0.02736198 0.00550639 0.01554569 0.02254699 0.00110243 0.01110739 0.20010288
83 0.02941080 0.02316800 0.02643700 0.00547632 0.00337003 0.01167490 0.00951082 0.00757142 0.04490340 0.03196910 0.06161981 0.01941170 0.01659890 0.14064001 0.00695682 0.02440520 0.02443740 0.02024340 0.46669004 0.02550490
84 0.09522020 0.04966440 0.04543060 0.05269950 0.01261880 0.23822299 0.08771780 0.03303820 0.02906190 0.04474410 0.02796340 0.10778599 0.00914821 0.01283730 0.01996290 0.04389090 0.03075630 0.00694894 0.01388710 0.03840050
85 0.05088422 0.05901202 0.02992841 0.12064504 0.00965944 0.05135812 0.42356214 0.01811171 0.02336381 0.01458380 0.01657231 0.04456151 0.00577756 0.02004071 0.00743256 0.04093981 0.02670501 0.00311391 0.00823861 0.02550931
86 0.05077399 0.01311300 0.01087870 0.00590130 0.00847908 0.00939103 0.01343480 0.01147310 0.01681660 0.12560998 0.32311895 0.02525910 0.08679309 0.02208980 0.01720570 0.04007739 0.09971399 0.00501414 0.01806390 0.09679239
87 0.02068950 0.00273829 0.00366205 0.00082425 0.01313390 0.02056790 0.00486252 0.00329008 0.00109551 0.33414106 0.14561303 0.00217002 0.03376421 0.01777070 0.00560489 0.01588690 0.02259750 0.00138388 0.00921972 0.34098407
88 0.05039986 0.34527076 0.03265748 0.01740319 0.01160249 0.03944857 0.06228486 0.01746729 0.04416367 0.02166208 0.02772268 0.13025791 0.01820539 0.01859659 0.02721278 0.05522026 0.02947298 0.01021859 0.02125539 0.01947719
89 0.14970294 0.02753039 0.03259379 0.02223499 0.03192809 0.01780029 0.02629149 0.06305808 0.01571579 0.02957139 0.02861119 0.02724729 0.01359619 0.02030879 0.03211909 0.32756087 0.08283967 0.00368409 0.01315749 0.03444809
90 0.03639908 0.01205259 0.07258877 0.44768880 0.00863117 0.04743498 0.23706589 0.00531095 0.01919649 0.00465507 0.00604926 0.02093129 0.00068523 0.00186174 0.00413417 0.02592939 0.02657979 0.00069668 0.00115128 0.02095739
91 0.05850623 0.01035131 0.01042821 0.01415581 0.01271201 0.01753631 0.01972681 0.01010111 0.00510770 0.21394712 0.12880907 0.02014741 0.04023782 0.02598721 0.01164341 0.03634312 0.04254742 0.00452073 0.01380801 0.30338317
92 0.04668821 0.01244180 0.00794353 0.00485045 0.00700968 0.00900302 0.00909149 0.00823861 0.01005460 0.12614303 0.41214909 0.00854459 0.09865522 0.05574341 0.01081170 0.02097840 0.02226531 0.00342610 0.02286671 0.10309502
93 0.05387522 0.13585205 0.04411932 0.03781272 0.00990907 0.07681503 0.06115662 0.03301871 0.02361611 0.03320851 0.01987131 0.27743011 0.01277751 0.01445351 0.01056910 0.04919832 0.04638032 0.00971833 0.01697371 0.03324441
94 0.01997551 0.00308745 0.00345312 0.00044884 0.01227560 0.01913081 0.00388558 0.00251918 0.00080622 0.32150410 0.17774205 0.00099972 0.04446471 0.02060761 0.00480289 0.01469640 0.02169341 0.00096109 0.01009260 0.31685310
95 0.05304479 0.03646109 0.36107191 0.08030468 0.00985547 0.03718929 0.04297349 0.05353639 0.02738789 0.02087499 0.02598549 0.05158059 0.01105060 0.00748572 0.00867202 0.06552698 0.04526419 0.00376455 0.03531349 0.02265639
96 0.05204763 0.13368407 0.04492642 0.03892982 0.01014941 0.07787854 0.06073493 0.03226712 0.02435811 0.03369012 0.01917181 0.27780415 0.01269961 0.01516561 0.01111031 0.05076953 0.04640723 0.00934516 0.01608661 0.03277382
97 0.02084392 0.00316347 0.00355695 0.00047678 0.01224511 0.01900762 0.00387060 0.00253694 0.00082308 0.32125931 0.17757217 0.00099907 0.04467284 0.01970962 0.00502930 0.01504091 0.02217002 0.00096664 0.00991233 0.31614330
98 0.04716051 0.01319210 0.00865213 0.00530463 0.00738569 0.00904380 0.00903360 0.00949172 0.00990530 0.12433002 0.41181707 0.00802831 0.09977552 0.05417021 0.01126920 0.02137280 0.02237270 0.00385614 0.02304150 0.10079702
99 0.08089056 0.03126742 0.25364819 0.04038783 0.01980971 0.03100052 0.02453732 0.04879774 0.01873881 0.02129062 0.01526201 0.05553864 0.00826166 0.00566790 0.00721478 0.21300116 0.08216716 0.00249375 0.02452822 0.01549601
100 0.05012362 0.11605504 0.02404871 0.06446552 0.01145490 0.08635603 0.15092405 0.03399021 0.01369480 0.03840051 0.01660571 0.28497410 0.00622192 0.00857677 0.00704914 0.02679651 0.02589091 0.00501735 0.00641526 0.02293891
101 0.05039284 0.05921365 0.03010252 0.11863509 0.00958759 0.05266774 0.42503133 0.01680631 0.02405032 0.01428651 0.01545471 0.04613934 0.00561428 0.01953122 0.00797936 0.04042093 0.02702222 0.00339269 0.00849424 0.02517712
102 0.04649852 0.12094504 0.06343782 0.03294661 0.01008320 0.05343462 0.03306411 0.02782581 0.02041821 0.03203851 0.01261530 0.26022409 0.01227010 0.01076730 0.01135750 0.13425305 0.05444632 0.00688948 0.00971147 0.04677292
103 0.04847415 0.01285301 0.00830913 0.00549486 0.00727034 0.00945828 0.00973046 0.00977219 0.01017141 0.12459312 0.41018940 0.00868558 0.09831530 0.05439865 0.01032031 0.02184552 0.02274202 0.00359145 0.02265072 0.10113410
104 0.11528494 0.01058939 0.03117068 0.04622077 0.00841951 0.01657599 0.01275749 0.56630469 0.00740966 0.00830873 0.01455269 0.01840979 0.00538512 0.00659574 0.01359799 0.06471566 0.03371528 0.00383632 0.00443797 0.01171159
105 0.22299688 0.04042238 0.02718149 0.07706466 0.01189309 0.07406126 0.20263189 0.05521617 0.03186008 0.01298129 0.01756099 0.04593218 0.00841111 0.01444449 0.01273569 0.07148336 0.03370318 0.00358255 0.00636267 0.02947458
106 0.05087990 0.05820820 0.03005030 0.11990499 0.00955478 0.05268140 0.42643498 0.01682080 0.02378720 0.01522920 0.01677750 0.04352430 0.00582949 0.01881990 0.00759890 0.04070050 0.02682760 0.00300044 0.00882344 0.02454620
107 0.03776842 0.01260651 0.01122241 0.00636988 0.01136531 0.02149051 0.01074500 0.00821833 0.00616814 0.26823112 0.16695908 0.01939211 0.04961612 0.03369202 0.01260651 0.03242471 0.03630782 0.00398429 0.01660961 0.23422211
108 0.04949069 0.05207059 0.01340720 0.01006980 0.00755270 0.02075780 0.01599760 0.02408009 0.02820749 0.02785639 0.03692029 0.04204509 0.04910539 0.09786568 0.00850162 0.02438579 0.07100318 0.31661393 0.07124688 0.03282179
109 0.02247970 0.00328332 0.00394742 0.00114647 0.01303110 0.01992300 0.00498460 0.00347462 0.00121857 0.32883701 0.14867900 0.00258894 0.03664890 0.01718640 0.00602403 0.01672750 0.02327040 0.00142891 0.00934009 0.33578001
110 0.06285240 0.02840120 0.01389110 0.00411645 0.00889998 0.01038170 0.00996653 0.01346160 0.01683890 0.12550101 0.28442901 0.01859100 0.15721901 0.02281170 0.01231240 0.03447400 0.03192170 0.01609440 0.02061290 0.10722300
111 0.05047909 0.01743700 0.01496480 0.01212620 0.01419850 0.01550310 0.02820580 0.01156180 0.05389199 0.07379649 0.26534096 0.01840830 0.04965609 0.01788530 0.17240897 0.06165829 0.03804819 0.00314455 0.02592420 0.05536039
112 0.04819314 0.01355548 0.00851646 0.00537276 0.00767122 0.00943756 0.00918425 0.00847880 0.01074159 0.12552083 0.40850946 0.00839938 0.09815677 0.05347183 0.01122259 0.02242167 0.02302517 0.00378902 0.02259717 0.10173486
113 0.15011700 0.02915240 0.03288280 0.02032320 0.03160910 0.01818340 0.02518040 0.06270960 0.01538080 0.02931620 0.02830430 0.02603380 0.01324620 0.02015590 0.02958090 0.33219299 0.08620200 0.00362923 0.01203140 0.03376840
114 0.09360147 0.05100838 0.04369409 0.05239728 0.01283350 0.24028892 0.08732257 0.03271779 0.02894769 0.04459079 0.02948809 0.10838997 0.00882993 0.01294500 0.02024359 0.04324169 0.03046619 0.00653289 0.01323780 0.03922239
115 0.05893527 0.01000959 0.01042609 0.01395279 0.01237149 0.01781079 0.01946129 0.01009689 0.00495657 0.21365589 0.12732294 0.02087799 0.03996758 0.02649739 0.01119239 0.03628668 0.04308748 0.00404554 0.01376449 0.30528084
116 0.14465897 0.03413099 0.02605259 0.02702899 0.16207596 0.02943929 0.03275499 0.04002179 0.02770969 0.05062209 0.04965949 0.02736089 0.01905690 0.04003469 0.02267550 0.14438797 0.04452569 0.00479592 0.01001760 0.06298999
117 0.09626838 0.05015009 0.04496979 0.05410679 0.01255000 0.23974795 0.09037538 0.03355199 0.02819599 0.04283739 0.02803459 0.10893698 0.00872946 0.01300900 0.01873330 0.04366229 0.03090689 0.00614626 0.01201680 0.03707069
118 0.36985999 0.00858275 0.02097530 0.01128480 0.01420340 0.01699470 0.01483040 0.18777500 0.00894389 0.02412280 0.01822160 0.01198630 0.02324420 0.00524223 0.02602700 0.07406070 0.03684330 0.00265483 0.00415982 0.11998700
119 0.04841211 0.01349250 0.00862439 0.00525265 0.00733116 0.00920166 0.00964945 0.00842412 0.01037070 0.12436103 0.41292409 0.00849691 0.10002202 0.05228011 0.01125740 0.02128310 0.02251770 0.00307335 0.02248450 0.10054102
120 0.32073225 0.02317352 0.02337842 0.02122152 0.02407822 0.03183962 0.02872392 0.09365207 0.02116562 0.03014382 0.04641944 0.02503552 0.02189542 0.01175561 0.02750472 0.12367010 0.04883384 0.00535293 0.01221471 0.05920875
121 0.32372804 0.02253860 0.02358080 0.02114410 0.02435470 0.03260300 0.02882640 0.09432781 0.02126650 0.02918390 0.04830191 0.02383940 0.02145690 0.01172440 0.02677890 0.12259402 0.04965761 0.00479257 0.01193320 0.05736721
122 0.11343004 0.01067210 0.03171511 0.04634922 0.00834950 0.01578641 0.01281350 0.57297622 0.00722039 0.00829517 0.01352711 0.01877681 0.00489843 0.00566627 0.01264680 0.06326082 0.03442141 0.00345128 0.00432487 0.01141850
123 0.06799841 0.01091020 0.01482280 0.00842105 0.00823647 0.01642000 0.00980387 0.00891399 0.00740435 0.24388903 0.11615302 0.02448100 0.04201421 0.01216500 0.03503430 0.07171701 0.11981102 0.00649633 0.01043290 0.16487502
124 0.03858318 0.01346169 0.01083250 0.00603802 0.01152010 0.02097039 0.01114250 0.00834836 0.00646850 0.26846988 0.16676793 0.01824389 0.05072048 0.03286859 0.01348689 0.03169889 0.03597018 0.00400035 0.01705179 0.23335590
125 0.02950859 0.00546299 0.00480155 0.00133766 0.01032980 0.01529800 0.00425782 0.00349687 0.00185337 0.26168796 0.24164496 0.00238182 0.06366529 0.03134659 0.00549964 0.01704940 0.02293420 0.00118475 0.01339380 0.26286496
126 0.06433922 0.02741651 0.01395210 0.00412832 0.00919558 0.01078010 0.01016080 0.01442940 0.01710141 0.12288604 0.28758609 0.01830131 0.15771605 0.02267431 0.01272730 0.03406391 0.03253291 0.01482730 0.02115131 0.10403003
127 0.14825404 0.02853391 0.03287281 0.02107761 0.03137921 0.01786460 0.02625011 0.06109351 0.01504980 0.03082641 0.02880091 0.02568621 0.01305220 0.01944610 0.03122331 0.33244508 0.08514522 0.00299356 0.01183750 0.03616791
128 0.05219272 0.03846682 0.36326415 0.07857023 0.01007100 0.03807692 0.04279012 0.05308972 0.02763281 0.02121971 0.02624641 0.05088992 0.01047980 0.00787678 0.00803452 0.06586223 0.04481152 0.00363379 0.03472371 0.02206711
129 0.04752512 0.01250641 0.00801139 0.00547198 0.00757638 0.00876257 0.00934909 0.00900079 0.01082910 0.12487305 0.41049618 0.00824408 0.09806004 0.05498962 0.01131580 0.02116831 0.02283351 0.00355248 0.02435401 0.10108004
130 0.02090870 0.00287858 0.00387868 0.00111956 0.01308240 0.02052210 0.00550123 0.00338083 0.00112239 0.33127406 0.14546203 0.00277579 0.03394311 0.01778350 0.00566480 0.01649600 0.02286900 0.00137179 0.00939237 0.34057306
131 0.05026809 0.34577693 0.03314659 0.01740750 0.01103890 0.03896519 0.06360709 0.01746500 0.04445369 0.02200950 0.02692959 0.13379097 0.01767500 0.01748000 0.02575199 0.05379909 0.02883069 0.01068390 0.02172440 0.01919590
132 0.04760911 0.01315480 0.00856288 0.00514689 0.00718159 0.00898841 0.00926731 0.00958645 0.01023740 0.12399803 0.40864110 0.00825329 0.09766712 0.05492681 0.01082010 0.02243141 0.02391301 0.00339843 0.02416481 0.10205103
133 0.04773559 0.01760179 0.07655158 0.37265389 0.00997709 0.04309019 0.17177995 0.05581538 0.02047779 0.01132100 0.01266960 0.03757659 0.00238090 0.00548774 0.01008970 0.03931389 0.03137749 0.00218050 0.00566537 0.02625399
134 0.06158330 0.01664490 0.01382910 0.00503831 0.01087770 0.01662730 0.01001690 0.04682920 0.00882167 0.23959801 0.10547001 0.01595250 0.04818800 0.04575100 0.01235930 0.03691510 0.03136790 0.00600626 0.01198550 0.25613802
135 0.04780360 0.01379110 0.00978784 0.00540356 0.00717463 0.00932725 0.00915518 0.00925619 0.01031410 0.12495400 0.40717598 0.00852623 0.09864870 0.05473990 0.01151760 0.02254380 0.02260510 0.00343146 0.02194880 0.10189500
136 0.02926219 0.02471299 0.02552649 0.00556765 0.00358712 0.01175759 0.01097849 0.00706632 0.04374078 0.03178818 0.06001477 0.02003869 0.01606679 0.14003993 0.00655171 0.02508989 0.02562789 0.01952039 0.46632477 0.02673739
137 0.04756082 0.01281430 0.00916955 0.00551362 0.00724965 0.00922107 0.00924047 0.00949804 0.01028430 0.12307304 0.41040313 0.00880138 0.09808453 0.05552032 0.01087020 0.02262891 0.02299781 0.00344070 0.02344811 0.10018003
138 0.02301861 0.01826440 0.00656286 0.00541257 0.01331230 0.00972867 0.01990521 0.01083590 0.02292211 0.05891182 0.13058203 0.01366700 0.01662470 0.40270110 0.00492504 0.03441491 0.01524810 0.02128161 0.12435003 0.04733101
139 0.11700491 0.01116569 0.03070988 0.04746736 0.00845221 0.01615179 0.01298679 0.56431654 0.00756696 0.00789516 0.01413819 0.01913968 0.00554870 0.00691002 0.01287669 0.06546135 0.03288607 0.00396892 0.00412010 0.01123299
140 0.02276551 0.01819461 0.00651463 0.00542893 0.01369360 0.00940960 0.01911291 0.01059120 0.02223221 0.05956862 0.13086004 0.01332280 0.01635361 0.40576513 0.00463491 0.03436551 0.01395520 0.02150831 0.12412204 0.04760062
141 0.12965704 0.02770601 0.03775411 0.01699831 0.09767623 0.02154961 0.01710221 0.15145305 0.02700481 0.03357211 0.02992811 0.04357211 0.11879504 0.00981394 0.02358701 0.10541304 0.03560451 0.01100990 0.00736682 0.05443602
142 0.06080469 0.01003280 0.01151910 0.01257790 0.01259450 0.01763400 0.01819640 0.01124140 0.00512077 0.21338996 0.12696897 0.02016610 0.03925369 0.02709159 0.01115120 0.03572219 0.04423049 0.00349014 0.01352820 0.30528594
143 0.11882097 0.01048410 0.03117329 0.04644419 0.00882550 0.01668580 0.01277820 0.56135486 0.00726804 0.00817228 0.01436570 0.01855540 0.00547506 0.00610949 0.01338270 0.06729018 0.03358859 0.00362675 0.00396343 0.01163550
144 0.32714227 0.01080461 0.02045132 0.01141031 0.03597313 0.01177201 0.01508141 0.07849397 0.02089092 0.01529781 0.01384221 0.00924412 0.01036841 0.00873964 0.02163332 0.28192724 0.06328185 0.00159726 0.00711147 0.03493673
145 0.12686096 0.01604489 0.08253757 0.02099139 0.06577118 0.02051049 0.01487669 0.12691396 0.00778339 0.00979852 0.00986130 0.03452089 0.00972715 0.00356547 0.00585130 0.33596789 0.09437887 0.00136038 0.00359584 0.00908189
146 0.02189530 0.00353140 0.00377484 0.00048166 0.01204040 0.01824910 0.00379934 0.00260558 0.00093533 0.31195695 0.18977997 0.00100208 0.04891929 0.02038940 0.00513225 0.01507860 0.02217260 0.00096549 0.01018950 0.30710095
147 0.26128982 0.01083109 0.02176958 0.01156529 0.03874227 0.01093189 0.01417319 0.07150455 0.01824669 0.01683569 0.01411219 0.00946646 0.00968317 0.00942953 0.01683539 0.35408575 0.07648655 0.00168549 0.00615632 0.02616908
148 0.08006406 0.03833773 0.02994872 0.02034152 0.01155351 0.02488812 0.02830302 0.10943708 0.01987412 0.17833314 0.07035835 0.06156675 0.03655873 0.04566543 0.01529351 0.05651434 0.03993393 0.00929705 0.01258281 0.11114808
149 0.04739184 0.01284051 0.00837110 0.00522449 0.00696128 0.00889842 0.00910375 0.00906622 0.01050921 0.12473410 0.41228734 0.00842495 0.09964548 0.05378334 0.01096901 0.02135422 0.02279452 0.00386563 0.02254652 0.10122808
150 0.04889252 0.01581801 0.00505639 0.00081563 0.00363566 0.00244979 0.00231364 0.00138590 0.00430086 0.10955005 0.52262421 0.00158256 0.15969007 0.00729712 0.00479795 0.00993068 0.01693731 0.00085571 0.00833540 0.07373053
151 0.06670383 0.05382662 0.01111130 0.01353341 0.00913199 0.02031361 0.01309770 0.02167751 0.01548941 0.02959771 0.03628701 0.01488561 0.01190620 0.00710685 0.51260319 0.09430724 0.02748081 0.00291873 0.00836565 0.02965561
152 0.04992108 0.34646086 0.03249429 0.01690759 0.01091800 0.03890778 0.06410237 0.01828789 0.04534988 0.02134549 0.02594569 0.12999895 0.01784179 0.01849709 0.02842019 0.05583248 0.02920879 0.01008140 0.02146809 0.01801029
153 0.06658082 0.05371841 0.00953837 0.01327310 0.00904119 0.02094521 0.01332220 0.02268521 0.01527740 0.02957681 0.03577761 0.01535560 0.01122150 0.00692375 0.51433912 0.09368932 0.02848921 0.00290697 0.00763668 0.02970151
154 0.02240979 0.01731189 0.00653261 0.00582817 0.01269359 0.00922154 0.01948029 0.01118929 0.02181009 0.05970077 0.13016094 0.01295339 0.01688999 0.40396681 0.00458124 0.03451858 0.01491479 0.02172339 0.12558094 0.04853188
155 0.43033133 0.01053861 0.01054871 0.00964932 0.02676662 0.01563891 0.01172951 0.03652763 0.01160921 0.03011832 0.02062282 0.01054361 0.01577381 0.00638723 0.11815209 0.08938117 0.03334043 0.00340391 0.00531268 0.10362408
156 0.05226961 0.03940761 0.36126509 0.07886932 0.01041050 0.03783001 0.04198971 0.05317811 0.02777371 0.02093081 0.02599781 0.05121711 0.01055670 0.00845386 0.00902861 0.06576322 0.04459141 0.00401558 0.03397671 0.02247451
157 0.04654478 0.01337809 0.00586696 0.00056283 0.00476084 0.00427219 0.00189138 0.00157672 0.00252963 0.15022894 0.43954082 0.00123925 0.14761094 0.00775699 0.00450507 0.01384629 0.02176789 0.00083112 0.00954833 0.12174095
158 0.01499331 0.00489998 0.00290040 0.00309411 0.00666611 0.00721423 0.00873126 0.01102920 0.00472981 0.12634005 0.18761607 0.00486725 0.01818971 0.34551913 0.00391799 0.03399901 0.01224820 0.00672379 0.07410033 0.12222005
159 0.01821130 0.00204996 0.00327347 0.00074208 0.01359120 0.02149750 0.00466571 0.00301770 0.00075566 0.34456193 0.14106297 0.00159271 0.02976239 0.01457890 0.00477772 0.01371220 0.02090010 0.00120309 0.00864649 0.35139693
160 0.05792832 0.03440971 0.11044003 0.23314807 0.00879496 0.14563104 0.18521606 0.01845171 0.02467711 0.01190690 0.00844269 0.06502662 0.00282804 0.00374924 0.00767060 0.03119631 0.02748111 0.00269379 0.00454398 0.01576370
161 0.03160651 0.02428621 0.02595761 0.00617203 0.00382602 0.01160841 0.01068800 0.00660531 0.04337792 0.03132471 0.06077663 0.01960141 0.01692771 0.13869306 0.00724700 0.02575621 0.02525621 0.02021271 0.46417920 0.02589711
162 0.02930499 0.02499319 0.02796119 0.00543235 0.00384061 0.01183190 0.01104530 0.00629420 0.04418088 0.03290769 0.06069508 0.01972709 0.01631219 0.14258695 0.00696480 0.02372399 0.02427799 0.01967809 0.46174183 0.02649969
163 0.31875219 0.02430711 0.02339181 0.02069991 0.02397691 0.03217782 0.02991812 0.09341126 0.02134761 0.03147822 0.04762013 0.02545852 0.02133721 0.01156831 0.02716582 0.12236107 0.04906853 0.00501989 0.01232721 0.05861234
164 0.05143406 0.01219279 0.01287169 0.01165919 0.00853719 0.01404599 0.01526649 0.01060949 0.00859082 0.12704090 0.07068044 0.02007028 0.02941268 0.00875221 0.01178279 0.05048996 0.25221780 0.00650945 0.01299499 0.26484079
165 0.04771253 0.01802001 0.07521695 0.37209726 0.01024091 0.04382673 0.17178912 0.05784794 0.02017461 0.01095471 0.01253371 0.03675543 0.00234874 0.00578471 0.01027671 0.03946523 0.03111762 0.00217681 0.00505375 0.02660652
166 0.03848194 0.01307731 0.01059861 0.00661049 0.01116541 0.02087252 0.01095231 0.00855064 0.00665952 0.26773630 0.16770319 0.01857662 0.05071326 0.03410934 0.01278941 0.03154534 0.03550694 0.00409045 0.01654812 0.23371226
167 0.17856083 0.00661912 0.02734767 0.03817616 0.02189828 0.01470829 0.01085779 0.30513971 0.00612739 0.00663983 0.01944518 0.01136399 0.00481437 0.00538443 0.01238699 0.24804576 0.06801214 0.00122709 0.00334181 0.00990316
168 0.06087684 0.01048589 0.01128839 0.01344569 0.01232559 0.01798768 0.01897768 0.01081049 0.00488261 0.21344780 0.12687188 0.02040508 0.03992786 0.02646688 0.01148429 0.03588057 0.04365466 0.00400471 0.01283869 0.30393672
169 0.09458595 0.05021298 0.04467378 0.05141588 0.01321999 0.24028488 0.08868236 0.03283168 0.02903299 0.04455808 0.02918409 0.10794695 0.00923520 0.01367089 0.01921169 0.04171448 0.03013079 0.00650118 0.01370879 0.03919738
170 0.04795500 0.01363870 0.00855871 0.00587312 0.00727517 0.00937015 0.00994720 0.00945238 0.01079130 0.12389401 0.40933703 0.00836577 0.09912771 0.05312160 0.01096560 0.02168380 0.02285000 0.00372152 0.02332720 0.10074401
171 0.05015747 0.34848379 0.03291808 0.01727749 0.01102039 0.03779008 0.06424816 0.01722139 0.04490307 0.02136169 0.02612478 0.13357192 0.01733519 0.01782509 0.02776728 0.05388677 0.02846868 0.01081579 0.02137589 0.01744699
172 0.01967702 0.00265968 0.00343655 0.00044431 0.01262181 0.01963302 0.00398612 0.00247404 0.00074774 0.32632125 0.17051013 0.00098316 0.04125413 0.01863921 0.00488919 0.01447531 0.02181222 0.00090548 0.00966736 0.32486225
173 0.04648791 0.01873051 0.07726892 0.37031011 0.01012640 0.04488751 0.17236205 0.05730212 0.01990311 0.01149270 0.01179810 0.03793621 0.00252781 0.00545262 0.01058770 0.03840701 0.03052761 0.00228854 0.00522103 0.02638201
174 0.05067160 0.05922520 0.03038260 0.12147301 0.01021290 0.05101580 0.42515703 0.01840660 0.02359170 0.01379310 0.01503000 0.04488000 0.00570827 0.01957740 0.00748365 0.04099910 0.02665470 0.00294442 0.00797208 0.02482080
175 0.04726943 0.01743341 0.07589236 0.37445927 0.00988120 0.04400993 0.17292613 0.05899974 0.02011031 0.01033121 0.01227691 0.03490083 0.00231204 0.00548038 0.01057191 0.04036813 0.03048262 0.00201196 0.00421660 0.02606562
176 0.04725502 0.01795821 0.07435833 0.37284517 0.00999534 0.04360532 0.17236108 0.05820493 0.02034921 0.01057630 0.01304291 0.03687492 0.00280416 0.00561933 0.01002490 0.03915172 0.03194731 0.00249532 0.00473589 0.02579461
177 0.05943366 0.01081641 0.01041131 0.01322931 0.01256351 0.01757112 0.01930542 0.01036171 0.00491147 0.21511120 0.12788712 0.02033512 0.03911904 0.02644173 0.01125361 0.03461043 0.04132944 0.00424568 0.01344141 0.30762129
178 0.26396979 0.00720416 0.01704669 0.00797402 0.15705188 0.01789609 0.00725121 0.04469856 0.01427889 0.00450116 0.01068619 0.00465326 0.00869908 0.00884554 0.01274009 0.33505474 0.05553256 0.00100938 0.00317623 0.01773049
179 0.08420526 0.04170813 0.02339412 0.07083385 0.00643573 0.26230717 0.29347019 0.01111661 0.02479902 0.01133211 0.01356731 0.07999055 0.00266692 0.00682944 0.01281161 0.02236871 0.01610751 0.00377697 0.00402302 0.00825577
