1 0.03422623 0.00449049 0.00306081 0.00124248 0.01121041 0.00531642 0.00230084 0.00579156 0.00130961 0.28459928 0.22722122 0.00393946 0.05580255 0.02893003 0.00524862 0.01029001 0.03389653 0.00323311 0.00854406 0.26934626
2 0.10316611 0.04198735 0.03764414 0.01806572 0.01062571 0.03469794 0.03935504 0.03960194 0.07474348 0.02177832 0.04003184 0.04571385 0.01224261 0.01478662 0.26083728 0.09051450 0.04145024 0.00505273 0.02966753 0.03803704
3 0.06309334 0.03257147 0.08916621 0.13057787 0.01655258 0.02792287 0.05061255 0.15980385 0.03600337 0.01757918 0.01507239 0.02731807 0.00834554 0.00799465 0.01123289 0.14118386 0.11718089 0.00273257 0.00610467 0.03895116
4 0.06659675 0.01173389 0.00967703 0.00949683 0.01298659 0.01297449 0.01531899 0.01529639 0.00721266 0.23198581 0.15356788 0.01491449 0.04379596 0.02914388 0.01569099 0.03274717 0.04738546 0.00600446 0.01295749 0.25051280
5 0.12908311 0.07527426 0.04341814 0.03295803 0.02414642 0.05973935 0.06284385 0.03729613 0.03035903 0.03599513 0.02935002 0.12481610 0.01230501 0.02078252 0.03010082 0.08737427 0.10080008 0.00463677 0.01121551 0.04750544
6 0.04531900 0.02838080 0.18089100 0.23817000 0.00709817 0.05876480 0.03634920 0.04386610 0.03641450 0.05733170 0.02199150 0.05051780 0.01133150 0.00965117 0.00875865 0.05190250 0.06067900 0.00241330 0.02894670 0.02122260
7 0.09865481 0.04643621 0.04755301 0.07749721 0.01714900 0.04986711 0.15162102 0.05353601 0.02472030 0.01956230 0.02062470 0.04565161 0.01305660 0.01226100 0.02824150 0.15878102 0.08157301 0.00516109 0.01111310 0.03693940
8 0.04974017 0.01041659 0.01113409 0.00773968 0.01209299 0.01476039 0.01226369 0.01432639 0.00602160 0.26076583 0.17413889 0.01300449 0.04921067 0.03141548 0.01062279 0.02385888 0.03911777 0.00491766 0.01548209 0.23896985
9 0.06592609 0.08057799 0.04312069 0.06099579 0.00413321 0.12921598 0.22930596 0.02446830 0.02515440 0.03575979 0.01781570 0.13395498 0.00570049 0.02395430 0.01316850 0.04428049 0.02350880 0.00163637 0.01158540 0.02573680
10 0.01244700 0.01689090 0.01707620 0.00171606 0.00963090 0.00635442 0.00324332 0.00293261 0.04547300 0.02113430 0.08004149 0.00845332 0.01657780 0.32183398 0.00612334 0.01757420 0.01625220 0.02519010 0.35266798 0.01838690
11 0.04309239 0.13055996 0.04854038 0.03186669 0.00977204 0.05296188 0.05383978 0.02390149 0.05335008 0.02845889 0.04029239 0.16222594 0.01159180 0.06346158 0.01845919 0.04450538 0.02939489 0.01427410 0.11186896 0.02758219
12 0.03057561 0.01880471 0.02017901 0.00587015 0.01235950 0.01488511 0.01551881 0.01594381 0.01757981 0.05090002 0.13618705 0.02225971 0.02471711 0.32602011 0.01222940 0.02414811 0.01950641 0.01681981 0.16473506 0.05076072
13 0.05996455 0.03151787 0.12170290 0.22733882 0.00732912 0.05612006 0.19190985 0.03559357 0.02537148 0.01433489 0.01827719 0.05210296 0.00796249 0.00850233 0.01509009 0.05607226 0.04324177 0.00125476 0.00931446 0.01699859
14 0.07426153 0.02083621 0.02562811 0.27505211 0.00561719 0.04401452 0.34703714 0.01090510 0.01094420 0.00476013 0.00942551 0.06767773 0.00426945 0.00275199 0.01387361 0.04138002 0.02011191 0.00057982 0.00318830 0.01768541
15 0.04556389 0.26027595 0.04565259 0.01996300 0.01026280 0.05053539 0.05272999 0.02476730 0.03639039 0.01944040 0.03781189 0.18089396 0.01651190 0.02195080 0.02041600 0.05848989 0.03954939 0.01239590 0.02051520 0.02588339
16 0.07871570 0.01490040 0.04601070 0.03915530 0.01280750 0.02001550 0.02631730 0.56968397 0.01282810 0.01465510 0.01493700 0.01469780 0.00693047 0.01252050 0.01009820 0.06093000 0.02262410 0.00310604 0.00397105 0.01509530
17 0.06645809 0.01258820 0.01027350 0.01000720 0.01307310 0.01317340 0.01609360 0.01542530 0.00732073 0.23119896 0.15199497 0.01557420 0.04327759 0.02964379 0.01538820 0.03328279 0.04718689 0.00582056 0.01361000 0.24860895
18 0.07994266 0.11508594 0.06466427 0.03377938 0.01428359 0.09392825 0.07468096 0.09585635 0.03280748 0.02398979 0.01838169 0.07097217 0.00718389 0.01456179 0.03242728 0.13449694 0.05605607 0.00474089 0.01182679 0.02033379
19 0.07414908 0.04792819 0.03844609 0.14419297 0.00757813 0.06570379 0.26958094 0.02901549 0.01963410 0.02007740 0.02447039 0.07579738 0.01051990 0.01580990 0.02257840 0.05758839 0.03380889 0.00540524 0.00968464 0.02803069
20 0.03648599 0.00862429 0.00476408 0.00284405 0.01129150 0.00607875 0.00476566 0.00705229 0.00298080 0.21166991 0.32499087 0.00544616 0.07016137 0.04421248 0.00677971 0.01297209 0.02715909 0.00286352 0.01078950 0.19806792
21 0.09957643 0.14159604 0.04774811 0.02613081 0.02084301 0.05321691 0.05221951 0.05188021 0.03252291 0.01924191 0.02716861 0.07265572 0.01480710 0.01420310 0.03612911 0.16655004 0.07418692 0.00701753 0.01476010 0.02754591
22 0.04082680 0.01647240 0.01117430 0.00680421 0.01171840 0.00998794 0.01206770 0.01238320 0.00676226 0.14533001 0.37104203 0.01096690 0.07616641 0.06300531 0.01331280 0.02089950 0.02311550 0.00339361 0.02075070 0.12382001
23 0.05933948 0.12338196 0.05472768 0.03023739 0.00944404 0.10829397 0.09174047 0.02855619 0.02910749 0.03441439 0.06828288 0.15933195 0.01593850 0.02624989 0.01880419 0.04749679 0.03389449 0.00419297 0.01767789 0.03888739
24 0.07932122 0.01429400 0.04647651 0.03945521 0.01309190 0.02042881 0.02642241 0.56783516 0.01320530 0.01556300 0.01458080 0.01527010 0.00664206 0.01249860 0.01003360 0.06067962 0.02252501 0.00247988 0.00377478 0.01542200
25 0.05625950 0.00892371 0.01494260 0.00908827 0.01704070 0.01527740 0.01037500 0.01497780 0.00667585 0.24708800 0.13831600 0.01325340 0.04853290 0.02389500 0.01269940 0.03562520 0.07592850 0.00423429 0.01169150 0.23517500
26 0.33774633 0.01879052 0.01881572 0.01233091 0.03902104 0.01494191 0.02077012 0.10681610 0.01926252 0.02553272 0.02054282 0.01082151 0.00550509 0.00709445 0.02131972 0.19849019 0.07021167 0.00276436 0.00635276 0.04286954
27 0.05729701 0.02017530 0.01846900 0.01021080 0.01521770 0.01398280 0.01349130 0.05498671 0.00791814 0.17269802 0.19279502 0.01611860 0.10258601 0.03372820 0.01464980 0.04182530 0.05022031 0.00808576 0.01025520 0.14528901
28 0.07474622 0.02054801 0.02096751 0.26953208 0.00540848 0.04407611 0.36166511 0.00946139 0.01004230 0.00404996 0.00939727 0.06889212 0.00413533 0.00301821 0.01438790 0.04056691 0.01871791 0.00062953 0.00261833 0.01713931
29 0.03851461 0.00338299 0.00339806 0.00177708 0.01092420 0.00660516 0.00307786 0.00584091 0.00143483 0.31464806 0.16335803 0.00544736 0.04590961 0.02149460 0.00641115 0.01141490 0.03808911 0.00406779 0.00876461 0.30543906
30 0.07019387 0.07184607 0.04098788 0.09485126 0.00750894 0.08573387 0.22905692 0.02600189 0.02433429 0.02472949 0.01842939 0.11609196 0.00709866 0.01741269 0.02118009 0.07436557 0.03283639 0.00262397 0.01112470 0.02359209
31 0.08084351 0.01520190 0.04643390 0.03888050 0.01307380 0.02036990 0.02619850 0.56284505 0.01288620 0.01554090 0.01583440 0.01561790 0.00672359 0.01293940 0.01044710 0.06054641 0.02292700 0.00282044 0.00437578 0.01549380
32 0.03364789 0.00861330 0.00433040 0.00225964 0.01093520 0.00526801 0.00409174 0.00672647 0.00284116 0.19913696 0.36184493 0.00417307 0.07551118 0.04579929 0.00610672 0.01193250 0.02358450 0.00220683 0.00990426 0.18108596
33 0.03051520 0.00920546 0.00405949 0.00184183 0.01046470 0.00500845 0.00350390 0.00659548 0.00283292 0.19127101 0.39293102 0.00341607 0.08090530 0.04769740 0.00542109 0.01199690 0.01989990 0.00201433 0.00971154 0.16070801
34 0.08136776 0.11448609 0.04575223 0.01915731 0.01678431 0.05763784 0.05580814 0.03801403 0.02871312 0.01829901 0.02854032 0.04438053 0.01421831 0.01057861 0.16832613 0.14477311 0.06494545 0.00377764 0.01398021 0.03045982
35 0.00846756 0.00901599 0.01542789 0.00086544 0.00950558 0.00511747 0.00268395 0.00351405 0.01827519 0.02219349 0.11394393 0.00860754 0.01481139 0.44397471 0.00650513 0.01149849 0.01041889 0.01395329 0.25790983 0.02331018
36 0.04657772 0.21556609 0.04963672 0.02043151 0.01042970 0.05008882 0.04459052 0.02521791 0.09853604 0.01498721 0.02683141 0.14521206 0.01108610 0.02782571 0.01890181 0.06161922 0.03633371 0.02133311 0.05318382 0.02161081
37 0.11853495 0.02417659 0.04992308 0.02456999 0.02540089 0.03318089 0.02846929 0.04585318 0.01545359 0.01777589 0.01581629 0.01538109 0.01441789 0.00711360 0.01800559 0.26198089 0.22872590 0.00348716 0.00916047 0.04257278
38 0.02797271 0.02741491 0.02699091 0.01209890 0.01054380 0.01385380 0.01257080 0.00866119 0.05800472 0.03554091 0.06771432 0.01907751 0.01860661 0.20710406 0.01239230 0.03451081 0.02499341 0.02776241 0.32517410 0.02901181
39 0.04672601 0.10092402 0.05028111 0.01547500 0.00902295 0.03401421 0.03184351 0.02247970 0.13811403 0.02067690 0.02786051 0.06131661 0.00839645 0.06197761 0.02398840 0.08735972 0.02960071 0.01987630 0.19321304 0.01685320
40 0.03138979 0.01839080 0.01991520 0.00550657 0.01234410 0.01420030 0.01490340 0.01539360 0.01775870 0.05133169 0.13430198 0.02194230 0.02464740 0.32687094 0.01236040 0.02477830 0.01988120 0.01686380 0.16547197 0.05174759
41 0.06413250 0.11247618 0.05377018 0.04038796 0.00874344 0.13433721 0.12806620 0.02883895 0.03241505 0.03625426 0.02293954 0.15665225 0.00763726 0.02276264 0.01690593 0.05151468 0.03454765 0.00282515 0.01425942 0.03053355
42 0.08408341 0.02097300 0.03450051 0.03709021 0.01772220 0.01752090 0.02661210 0.40380406 0.01219950 0.01481760 0.01659970 0.02157060 0.01060070 0.06095541 0.01068450 0.14418502 0.03701011 0.00571983 0.00498092 0.01836970
43 0.02412848 0.03625467 0.03057347 0.00787256 0.00807055 0.01302319 0.00932541 0.00734007 0.10754790 0.02036428 0.03864996 0.01959308 0.01367729 0.16103785 0.01113139 0.03659097 0.02286298 0.03223817 0.38629864 0.01341909
44 0.04125898 0.01615379 0.01094129 0.00680016 0.01202289 0.01015929 0.01216979 0.01246809 0.00696671 0.14449292 0.37038280 0.01106909 0.07626356 0.06385607 0.01302879 0.02103529 0.02325099 0.00357736 0.02063219 0.12346993
45 0.02143398 0.01027029 0.01336949 0.00204552 0.01025689 0.00661967 0.00629608 0.00677160 0.00782719 0.06739744 0.23160879 0.01085779 0.03886286 0.32552570 0.00953251 0.01366819 0.01377979 0.00885928 0.13331488 0.06170204
46 0.04092100 0.01606740 0.01124320 0.00699908 0.01178520 0.01005810 0.01209250 0.01270620 0.00673480 0.14408399 0.37275696 0.01029090 0.07724509 0.06354229 0.01273010 0.02093580 0.02261420 0.00343212 0.02097710 0.12278399
47 0.06371316 0.05570887 0.17397590 0.09985204 0.00863938 0.12174893 0.07588675 0.03947208 0.03113448 0.02648018 0.02628688 0.06739966 0.01363689 0.01845429 0.01679329 0.07304716 0.05474607 0.00250921 0.01437459 0.01614019
48 0.03477831 0.00297955 0.00302482 0.00092784 0.01101300 0.00553422 0.00209026 0.00546076 0.00092101 0.31408807 0.17301404 0.00416515 0.05168591 0.02147061 0.00516602 0.01028810 0.03839201 0.00393482 0.00800842 0.30305707
49 0.16654591 0.02630179 0.03575758 0.04728517 0.02982658 0.01800719 0.03557108 0.12582593 0.01869959 0.01720019 0.01521669 0.01563859 0.00965648 0.00934365 0.01488249 0.22630987 0.13497292 0.00366839 0.00467883 0.04461107
50 0.07431074 0.01912939 0.02090278 0.28555378 0.00465927 0.04447407 0.36373873 0.00533451 0.00890055 0.00363372 0.00698399 0.07502274 0.00372476 0.00228153 0.01249379 0.03563137 0.01488999 0.00032788 0.00259612 0.01541029
51 0.03816100 0.00330666 0.00336765 0.00165948 0.01083020 0.00659194 0.00302785 0.00590445 0.00135684 0.31461999 0.16436399 0.00545480 0.04597320 0.02195570 0.00648685 0.01138460 0.03792390 0.00407564 0.00870228 0.30485299
52 0.05507913 0.15977408 0.05578343 0.03470232 0.00962268 0.06097263 0.05497843 0.03548582 0.09659475 0.02129651 0.02544001 0.17163708 0.00871323 0.02130831 0.02329691 0.05842373 0.03585222 0.00765571 0.03718992 0.02619311
53 0.05057949 0.00990958 0.01114560 0.00776451 0.01200860 0.01492730 0.01147630 0.01422670 0.00601693 0.26109496 0.17544797 0.01243930 0.04894769 0.03164879 0.01023590 0.02371940 0.03887579 0.00473835 0.01567390 0.23912296
54 0.14245003 0.03895431 0.16884903 0.08448032 0.01727320 0.06351691 0.04576481 0.05271991 0.02567071 0.02539401 0.03503221 0.04293131 0.01654120 0.01500130 0.02054350 0.09553342 0.06029011 0.00394870 0.01562420 0.02948081
55 0.37080076 0.01183849 0.01680939 0.01004429 0.03476958 0.01387289 0.01381899 0.19316487 0.01324339 0.02939478 0.02727988 0.00992984 0.00413613 0.00608930 0.01788599 0.15068290 0.04142657 0.00277964 0.00376664 0.02826568
56 0.03650463 0.00338847 0.00328106 0.00181644 0.01046701 0.00664819 0.00292666 0.00584125 0.00138401 0.31862722 0.16496111 0.00515515 0.04596773 0.02109301 0.00593723 0.01097351 0.03687393 0.00407233 0.00863883 0.30544221
57 0.29874988 0.02278659 0.02245609 0.01717719 0.03768789 0.01837569 0.02585559 0.09403996 0.02074879 0.02277819 0.01897929 0.01300759 0.00618367 0.00795401 0.02141159 0.21462392 0.08479817 0.00318021 0.00770490 0.04150078
58 0.04007088 0.02406929 0.02538609 0.01173679 0.02097489 0.01508109 0.01776959 0.01359489 0.03078438 0.07729836 0.08831086 0.01929449 0.09210045 0.09516735 0.01873559 0.05612517 0.08484566 0.03106608 0.16251892 0.07506916
59 0.03106859 0.01063800 0.00432553 0.00176480 0.01098470 0.00525931 0.00350999 0.00686154 0.00256060 0.20544692 0.35151087 0.00371719 0.08680997 0.04329218 0.00624962 0.01397769 0.02520719 0.00237257 0.00937583 0.17506693
60 0.02761630 0.34374903 0.04226370 0.00892271 0.00582356 0.04548530 0.03649900 0.00997676 0.03497480 0.00808403 0.02340610 0.29116602 0.00809445 0.01399070 0.00543511 0.03241470 0.03059680 0.00278320 0.01111620 0.01760150
61 0.04523424 0.02069752 0.01920882 0.00735414 0.02446022 0.01351721 0.01609262 0.01860132 0.01459161 0.11363911 0.15855715 0.02013682 0.09278679 0.10766810 0.01930482 0.04216454 0.07634367 0.01768542 0.06007976 0.11187611
62 0.05451463 0.17148608 0.04677582 0.02642231 0.00775846 0.11003405 0.10459205 0.02357851 0.03285072 0.02863331 0.02266191 0.20996910 0.00701745 0.02049901 0.01250561 0.04404292 0.03251471 0.00233803 0.01369561 0.02810971
63 0.05019387 0.01024739 0.01076949 0.00769983 0.01202609 0.01467639 0.01171279 0.01428439 0.00565361 0.26211984 0.17473389 0.01230369 0.04877887 0.03144748 0.01056589 0.02296439 0.03871538 0.00486947 0.01538939 0.24084785
64 0.06529608 0.05347529 0.16831895 0.10505797 0.01222180 0.06164598 0.05396128 0.06860338 0.03286909 0.02634709 0.03327519 0.05785638 0.01684120 0.02426729 0.02172799 0.08095668 0.06533928 0.00398098 0.02406269 0.02389539
65 0.07366509 0.03096480 0.07724589 0.12308999 0.01867080 0.02980890 0.04917479 0.11178599 0.02812360 0.02727090 0.06231679 0.03168390 0.01778100 0.01195380 0.01964680 0.11080999 0.11515299 0.00309723 0.00822008 0.04953669
66 0.07541006 0.02084619 0.02059479 0.26939386 0.00556274 0.04397068 0.36041582 0.00965896 0.00990609 0.00415827 0.00961957 0.06847557 0.00410279 0.00289064 0.01423529 0.04104398 0.01892989 0.00064058 0.00274175 0.01740249
67 0.05580346 0.04211607 0.07120435 0.15567089 0.00870264 0.06145236 0.21241785 0.04511607 0.02089949 0.01964809 0.03346678 0.06049656 0.01320879 0.04016977 0.02517858 0.05741496 0.03506518 0.00560616 0.01335919 0.02300278
68 0.30922768 0.01810928 0.02134098 0.02125388 0.03578956 0.01487398 0.02255968 0.13302586 0.01696708 0.02549037 0.02071508 0.01244539 0.00650852 0.00636209 0.01558358 0.18217281 0.08710901 0.00297374 0.00394205 0.04354936
69 0.09552077 0.03508873 0.05022224 0.03218522 0.02375002 0.03496703 0.03608853 0.03984813 0.01983461 0.05692954 0.04756133 0.03189792 0.02510362 0.01891061 0.02313492 0.15355411 0.17479713 0.00885449 0.01672161 0.07502945
70 0.03531819 0.01397240 0.00841254 0.00361788 0.01223450 0.00875227 0.00748943 0.00935715 0.00420332 0.21980492 0.23830692 0.00786327 0.11078896 0.03329479 0.01268120 0.02803269 0.04137099 0.00494179 0.01055290 0.18900393
71 0.03722970 0.29962000 0.04432840 0.01128650 0.00939808 0.08096740 0.05767100 0.01554050 0.03621050 0.01457280 0.02637190 0.20232000 0.00985975 0.01788420 0.01451750 0.05306500 0.03255590 0.00424888 0.01153740 0.02081460
72 0.04524558 0.08206246 0.09388906 0.16314692 0.00810846 0.04378798 0.05408928 0.03300478 0.05000808 0.03979648 0.02995719 0.06661817 0.01114729 0.02138769 0.02553089 0.05385948 0.03909478 0.01386829 0.09632706 0.02907009
73 0.05731871 0.11776003 0.04731071 0.06682501 0.00642078 0.08501852 0.22637005 0.02476751 0.02500451 0.02427281 0.02461001 0.10349402 0.01005390 0.02480651 0.02522381 0.05570821 0.03035711 0.00977610 0.01283810 0.02206360
74 0.08499611 0.04688731 0.04276141 0.11348801 0.01273620 0.05757331 0.21919003 0.03890330 0.02227310 0.01832160 0.01981840 0.05999271 0.01057320 0.01262260 0.02496500 0.11372801 0.05583251 0.00463096 0.00994152 0.03076470
75 0.02157349 0.01027670 0.01353970 0.00186242 0.01004050 0.00682556 0.00639664 0.00662752 0.00787374 0.06595628 0.22994092 0.01071010 0.03819579 0.32825289 0.00955939 0.01368780 0.01355490 0.00924608 0.13510395 0.06077568
76 0.27981404 0.02330500 0.02566260 0.02454960 0.02933470 0.02429880 0.03756780 0.09279261 0.01956040 0.04596071 0.04255961 0.02409840 0.01268890 0.01575930 0.02896890 0.13537802 0.05744381 0.00521657 0.01101420 0.06402601
77 0.03658151 0.00826413 0.00454627 0.00257418 0.01125310 0.00588808 0.00445365 0.00712966 0.00293931 0.21177606 0.32544009 0.00529225 0.06989502 0.04481101 0.00659499 0.01291200 0.02780151 0.00281850 0.01085460 0.19817406
78 0.05580825 0.02278622 0.12764412 0.29912228 0.00484064 0.07595497 0.15709014 0.02467862 0.02680872 0.01539231 0.01436211 0.06450046 0.00786343 0.00617516 0.00808890 0.03481863 0.02923653 0.00103351 0.00969818 0.01409681
79 0.28388107 0.01676490 0.01783900 0.01483400 0.02683881 0.01557250 0.02773681 0.06429782 0.01866150 0.04318551 0.02782801 0.01288910 0.01121780 0.01139580 0.03606501 0.17363104 0.08199312 0.00417279 0.00836137 0.10283402
80 0.29471581 0.01825149 0.02232249 0.01194049 0.12624792 0.01528959 0.01638319 0.08295455 0.01400819 0.02730808 0.03056148 0.01700069 0.01947469 0.01293189 0.01407859 0.16013690 0.06883886 0.00263283 0.01129069 0.03363158
81 0.05860226 0.03534908 0.10535993 0.24251583 0.00555438 0.08470504 0.16630288 0.02461468 0.02519468 0.01787779 0.01579659 0.09397133 0.00836898 0.00960530 0.01042239 0.03702337 0.02812248 0.00140252 0.01066019 0.01855029
82 0.04363821 0.00637866 0.00610395 0.00290582 0.01639130 0.00578554 0.00427217 0.00922710 0.00322256 0.24052705 0.23750805 0.00623482 0.06264231 0.03467721 0.00961681 0.01726820 0.05264251 0.00277335 0.00954932 0.22863505
83 0.01282870 0.01660930 0.01706209 0.00163714 0.00956893 0.00631732 0.00340454 0.00282773 0.04526799 0.02135229 0.08005168 0.00842136 0.01654390 0.32333690 0.00607488 0.01786349 0.01613260 0.02516509 0.35094089 0.01859319
84 0.07019644 0.07408554 0.06592724 0.04939573 0.00997166 0.13896308 0.09196185 0.03849562 0.08183084 0.03509202 0.02218021 0.08672885 0.00885459 0.02247021 0.02420041 0.06918304 0.04421572 0.00880262 0.02595861 0.03148572
85 0.07424070 0.04895170 0.03787680 0.14255299 0.00772445 0.06641020 0.26921599 0.02971420 0.01989330 0.01965880 0.02377150 0.07541800 0.00993635 0.01639420 0.02333250 0.05876600 0.03303060 0.00595578 0.00996897 0.02718700
86 0.05508997 0.01502422 0.01737332 0.01301572 0.02111383 0.01329792 0.02024972 0.01769342 0.00960179 0.14530118 0.21709327 0.01773972 0.06189848 0.03658905 0.02491683 0.04575106 0.10287913 0.00372199 0.01264122 0.14900818
87 0.03559677 0.00275763 0.00273982 0.00136225 0.01048069 0.00617741 0.00243299 0.00518169 0.00108207 0.32416175 0.15968488 0.00459366 0.04481537 0.01980578 0.00561354 0.00996568 0.03712917 0.00401589 0.00848021 0.31392276
88 0.04561862 0.25778309 0.04566912 0.02042041 0.00996206 0.05109852 0.05361492 0.02549241 0.03629231 0.01912681 0.03937361 0.17902006 0.01691691 0.02256391 0.02062131 0.05901122 0.03914641 0.01248080 0.02032461 0.02546291
89 0.14098296 0.02589839 0.03536649 0.01842019 0.02094699 0.02963699 0.02980789 0.05339339 0.01995839 0.10752797 0.07256548 0.02447299 0.03686039 0.02266209 0.02707289 0.14052696 0.07773878 0.00529578 0.02326749 0.08759748
90 0.05834161 0.02621071 0.12444803 0.27095306 0.00580601 0.07986732 0.15338903 0.03014741 0.02719271 0.01717080 0.01651440 0.06350071 0.00859835 0.00736606 0.00959060 0.04099201 0.03330531 0.00133647 0.00965319 0.01561620
91 0.03890930 0.00348949 0.00347608 0.00175498 0.01072760 0.00669578 0.00320082 0.00607057 0.00157373 0.31326803 0.16388002 0.00554508 0.04599130 0.02200140 0.00686021 0.01166620 0.03769130 0.00414161 0.00884145 0.30421503
92 0.03290949 0.00884589 0.00434970 0.00203849 0.01093470 0.00567221 0.00415634 0.00717931 0.00291623 0.20475396 0.35961893 0.00410903 0.07600599 0.04537319 0.00605786 0.01264230 0.02327060 0.00242643 0.01068340 0.17605597
93 0.05436627 0.18101091 0.04969048 0.04542148 0.01055269 0.06191797 0.08313276 0.02760259 0.03342778 0.02485279 0.02993329 0.19993590 0.01189939 0.02496089 0.01870369 0.04898318 0.03918398 0.00556228 0.01790369 0.03095799
94 0.03114010 0.00310203 0.00237979 0.00087710 0.01019330 0.00552820 0.00178961 0.00495704 0.00085145 0.31814501 0.18661101 0.00349263 0.04920930 0.02163540 0.00436753 0.00884469 0.03443550 0.00361915 0.00795514 0.30086601
95 0.06300839 0.04985039 0.20773696 0.11751798 0.00840219 0.10757198 0.06173939 0.03901319 0.03061689 0.02251160 0.02591209 0.06096849 0.01434610 0.01701850 0.01414730 0.07297358 0.05631809 0.00226762 0.01398530 0.01409400
96 0.05655369 0.15518697 0.04905839 0.03236139 0.02018960 0.05490569 0.05070519 0.03004169 0.03099249 0.02585139 0.02895439 0.19550296 0.01474730 0.02077750 0.02196070 0.06729749 0.09439208 0.00599460 0.01279510 0.03173139
97 0.03113149 0.00302600 0.00242060 0.00094233 0.01027050 0.00551799 0.00178954 0.00489556 0.00085094 0.31877193 0.18521396 0.00344085 0.04899849 0.02174020 0.00439603 0.00890702 0.03460179 0.00362267 0.00809519 0.30136694
98 0.03272432 0.00882940 0.00439835 0.00192752 0.01089411 0.00574613 0.00392308 0.00694102 0.00296388 0.20481312 0.35880022 0.00413023 0.07607445 0.04554373 0.00579846 0.01252061 0.02349181 0.00239233 0.01049311 0.17759411
99 0.08040785 0.04173687 0.18287888 0.06063946 0.01635939 0.05858906 0.04470267 0.03225168 0.02603358 0.02699428 0.08232705 0.03618848 0.02481758 0.01984669 0.02595408 0.12523792 0.06477526 0.00436154 0.02110519 0.02479248
100 0.06583639 0.06660239 0.03291310 0.12304298 0.00408511 0.08996629 0.29025296 0.01681580 0.01778380 0.02265350 0.01528630 0.12661998 0.00593275 0.01886580 0.01276440 0.04081959 0.01932780 0.00148595 0.00921252 0.01973260
101 0.07366251 0.04851521 0.03763551 0.14348002 0.00783692 0.06683001 0.26961604 0.02887430 0.01997730 0.02040900 0.02466270 0.07565781 0.01075140 0.01602670 0.02257350 0.05756731 0.03272651 0.00546372 0.01020240 0.02753110
102 0.05475050 0.18074700 0.04594050 0.02468680 0.01419540 0.05936480 0.06132570 0.03113750 0.03424950 0.02011290 0.02618660 0.21877500 0.01067830 0.02020520 0.02232760 0.08334840 0.04891160 0.00401528 0.01407900 0.02496240
103 0.04051499 0.01697780 0.01060520 0.00664201 0.01191230 0.01029850 0.01131950 0.01243420 0.00684583 0.14434598 0.37293494 0.01088500 0.07632259 0.06379209 0.01248450 0.02119690 0.02270910 0.00342311 0.02149450 0.12286098
104 0.35353500 0.01492970 0.01617930 0.01316540 0.03854430 0.01083330 0.01558680 0.16991600 0.01385580 0.02449340 0.02052120 0.00749059 0.00354103 0.00604277 0.01432910 0.18882300 0.05373620 0.00230123 0.00310657 0.02906930
105 0.08187797 0.04381229 0.02483419 0.17022994 0.00464609 0.07745357 0.31497789 0.01406400 0.01551809 0.01802569 0.01283400 0.10089097 0.00445350 0.01198480 0.01435800 0.04179199 0.01963369 0.00114136 0.00619459 0.02127739
106 0.06729844 0.06330314 0.03342757 0.13549988 0.00483717 0.08377772 0.28803574 0.01744598 0.01862608 0.02125398 0.01654028 0.11396490 0.00650756 0.01714788 0.01542949 0.04327796 0.02143828 0.00195846 0.00895350 0.02127598
107 0.05079656 0.01080181 0.01099641 0.00760419 0.01185591 0.01513832 0.01232901 0.01399602 0.00655541 0.25883631 0.17528321 0.01296792 0.04861286 0.03183674 0.01061351 0.02358853 0.03957285 0.00480902 0.01593912 0.23786629
108 0.04993948 0.07385567 0.01552629 0.00959929 0.00890867 0.02035939 0.03889168 0.02636719 0.04175708 0.03343418 0.03601978 0.02466929 0.04993728 0.07549667 0.01114419 0.04175558 0.05672037 0.26202388 0.07514267 0.04845138
109 0.03904628 0.00329481 0.00333607 0.00195821 0.01088410 0.00683443 0.00306355 0.00586307 0.00143440 0.31379587 0.16341793 0.00562054 0.04573778 0.02160139 0.00671564 0.01172010 0.03802188 0.00401441 0.00869367 0.30494588
110 0.04226382 0.02701781 0.02105961 0.01214720 0.01548631 0.01633211 0.02106351 0.01831471 0.01044820 0.12833505 0.21312309 0.01853831 0.13860806 0.04211242 0.02461111 0.05119752 0.04922122 0.01411401 0.02072791 0.11527805
111 0.05648141 0.16160702 0.04047221 0.01887600 0.01479780 0.04050711 0.04469881 0.02905310 0.02605070 0.03923391 0.12958102 0.07524861 0.04717121 0.02665410 0.03472420 0.10941101 0.04470581 0.00556177 0.01895790 0.03620630
112 0.02928110 0.08388099 0.02041510 0.00581610 0.01092490 0.01991840 0.02746180 0.01072020 0.01921140 0.07809899 0.26002598 0.03812540 0.06282219 0.13146599 0.01335280 0.02867330 0.01928230 0.00824339 0.07349139 0.05878829
113 0.11801691 0.02440588 0.05031546 0.02587188 0.02495808 0.03350177 0.02908018 0.04629616 0.01568439 0.01789599 0.01586119 0.01571249 0.01519579 0.00702434 0.01827499 0.25976279 0.22663582 0.00333658 0.00925576 0.04291357
114 0.07349402 0.06885922 0.06858382 0.05757991 0.01205440 0.13008103 0.10637803 0.04171501 0.03178821 0.04419861 0.03456611 0.08337602 0.01474260 0.02430511 0.02365601 0.07271082 0.05193061 0.00586545 0.01726690 0.03684811
115 0.06652504 0.01182389 0.01063079 0.00997835 0.01301059 0.01379979 0.01594599 0.01537869 0.00706343 0.23038679 0.15160486 0.01525559 0.04381646 0.02998607 0.01584309 0.03332977 0.04808286 0.00595241 0.01251379 0.24907177
116 0.22766915 0.02841272 0.08735616 0.03062982 0.07662715 0.03176372 0.02831122 0.07285145 0.01893581 0.02727162 0.03511092 0.02284822 0.02023571 0.01196071 0.01693651 0.14252010 0.07087055 0.00339373 0.01289571 0.03339902
117 0.07372027 0.07142507 0.06783148 0.05704648 0.01178150 0.12940395 0.10606796 0.04359528 0.03214829 0.04398368 0.03427429 0.08425797 0.01415339 0.02468569 0.02275709 0.07199237 0.05133258 0.00622936 0.01705419 0.03625909
118 0.04568938 0.07684407 0.02271979 0.01211000 0.01138970 0.01734899 0.04204608 0.08803636 0.02506749 0.02976319 0.03170329 0.03640639 0.10395096 0.02421169 0.01146700 0.05262538 0.07440317 0.23408891 0.01680879 0.04331938
119 0.03963609 0.01662999 0.01103560 0.00686798 0.01178310 0.00995646 0.01161750 0.01195310 0.00685903 0.14431995 0.37263387 0.01079640 0.07675557 0.06413938 0.01296530 0.02056509 0.02241769 0.00351357 0.02168239 0.12387196
120 0.28296085 0.02278999 0.02467269 0.02451629 0.02981728 0.02390819 0.03839228 0.09487085 0.01880659 0.04541518 0.04281508 0.02328729 0.01258209 0.01575579 0.02812088 0.13635293 0.05712737 0.00486594 0.01048719 0.06245527
121 0.27881097 0.02336960 0.02539380 0.02484930 0.02925230 0.02451630 0.03938910 0.09267879 0.01962160 0.04587700 0.04297050 0.02426180 0.01262730 0.01672310 0.02919930 0.13452899 0.05661869 0.00556719 0.01103860 0.06270579
122 0.07981009 0.01461340 0.04564530 0.03885810 0.01289990 0.02070400 0.02660490 0.56460595 0.01320170 0.01544100 0.01538340 0.01495890 0.00702478 0.01295450 0.01037590 0.06120789 0.02301510 0.00278500 0.00404801 0.01586220
123 0.05045821 0.00373335 0.00606222 0.00311240 0.01556890 0.00697438 0.00438628 0.00868449 0.00261351 0.28137706 0.15337004 0.00728225 0.04752791 0.02341371 0.00974888 0.01890890 0.05939681 0.00355831 0.00892930 0.28489307
124 0.04398060 0.02198530 0.01653550 0.00710667 0.01422560 0.01252590 0.01507280 0.01691370 0.00770512 0.16129100 0.16119200 0.01428550 0.15432800 0.02726910 0.03078060 0.08286990 0.06662510 0.00621200 0.01333160 0.12576400
125 0.03872910 0.00475953 0.00378758 0.00200605 0.01176340 0.00596066 0.00342952 0.00637811 0.00173631 0.27958703 0.21074302 0.00555662 0.05303231 0.02844340 0.00636197 0.01169390 0.03721810 0.00352192 0.00868742 0.27660403
126 0.04483110 0.02272520 0.02337990 0.01204640 0.01831620 0.01558260 0.02420040 0.01977440 0.01119490 0.09919780 0.10361600 0.01903120 0.18657200 0.02120750 0.03930110 0.09374530 0.11484400 0.02039070 0.01224470 0.09779860
127 0.11609798 0.09672168 0.05120459 0.04044469 0.01973070 0.03622509 0.04756419 0.14928297 0.02629130 0.01836830 0.01838290 0.04032439 0.01110930 0.01319530 0.02761269 0.17826597 0.06811289 0.00735830 0.00844469 0.02526210
128 0.05019311 0.16875802 0.12844702 0.06403931 0.00928962 0.06216631 0.06210581 0.03998281 0.03724101 0.01789160 0.02583930 0.12553902 0.01099830 0.01937420 0.02218780 0.06844811 0.04796001 0.00376804 0.01878010 0.01699050
129 0.03225120 0.00891288 0.00424251 0.00197630 0.01086890 0.00572354 0.00418282 0.00691367 0.00288277 0.20528598 0.35755896 0.00422670 0.07612189 0.04602700 0.00605664 0.01247560 0.02335000 0.00246577 0.01067090 0.17780598
130 0.03285459 0.00295203 0.00254178 0.00095085 0.01077930 0.00547881 0.00187805 0.00505008 0.00093587 0.31515988 0.18354893 0.00374198 0.04869638 0.02206939 0.00465385 0.00917315 0.03603569 0.00359759 0.00805092 0.30185089
131 0.04610633 0.26006717 0.04609033 0.02027721 0.00983154 0.05007813 0.05343984 0.02418172 0.03659952 0.01889421 0.03920453 0.18011112 0.01669721 0.02213091 0.02013651 0.05819374 0.03879303 0.01264261 0.02046671 0.02605762
132 0.04025183 0.01671081 0.01043171 0.00610189 0.01177741 0.00958726 0.01121391 0.01213331 0.00665677 0.14623010 0.37336424 0.01043101 0.07690925 0.06320354 0.01230151 0.02042721 0.02281421 0.00327244 0.02052851 0.12565308
133 0.07368368 0.02043810 0.02569489 0.27475894 0.00570612 0.04388579 0.34701192 0.01186370 0.01078260 0.00454068 0.00935367 0.06738998 0.00422651 0.00294865 0.01380680 0.04185609 0.02050030 0.00060008 0.00314392 0.01780760
134 0.29639572 0.01284869 0.01409929 0.01053149 0.02145198 0.01401269 0.02491478 0.05554375 0.01700338 0.06735114 0.04155656 0.01518269 0.01578369 0.01848428 0.04227806 0.11493689 0.06056024 0.00537392 0.00933990 0.14235087
135 0.10755002 0.01424950 0.01634560 0.00999970 0.01733850 0.01445500 0.01625150 0.03260721 0.00815694 0.12177702 0.30174905 0.01303420 0.06211781 0.04412861 0.01718140 0.03920731 0.03121411 0.00398178 0.01279770 0.11585702
136 0.04865060 0.05280870 0.04957710 0.02901800 0.01117140 0.07692330 0.05229250 0.02254390 0.05746290 0.03456620 0.04449910 0.05774240 0.01353020 0.10340300 0.02028220 0.05388870 0.03586020 0.02477630 0.18354900 0.02745430
137 0.04087387 0.01632229 0.01098969 0.00710543 0.01174509 0.01003789 0.01221649 0.01297309 0.00672106 0.14344291 0.37281176 0.01066009 0.07699895 0.06322036 0.01346369 0.02119509 0.02281089 0.00354685 0.02098459 0.12187992
138 0.03062820 0.01934950 0.02006010 0.00541007 0.01218110 0.01499840 0.01574330 0.01614670 0.01831070 0.05058120 0.13394199 0.02224640 0.02401840 0.32781198 0.01212350 0.02436380 0.01949880 0.01700280 0.16526499 0.05031810
139 0.17711391 0.02292549 0.03487968 0.03732598 0.02441779 0.01693369 0.02820949 0.31610184 0.01570459 0.01787829 0.01672119 0.01568409 0.00710058 0.01290439 0.01456779 0.15597592 0.05248497 0.00339848 0.00435025 0.02532159
140 0.03501599 0.01026150 0.00650337 0.00166948 0.01105250 0.00527198 0.00451886 0.00719394 0.00361820 0.16337095 0.34281189 0.00680967 0.07032838 0.10958696 0.00792313 0.01328620 0.02139019 0.00404320 0.03353469 0.14180895
141 0.15368402 0.01627240 0.03281430 0.01195760 0.10466201 0.01734890 0.01612640 0.03619100 0.01180300 0.08481981 0.11142401 0.01815380 0.08930171 0.02539880 0.01727720 0.07121561 0.06463101 0.00738459 0.01601870 0.09351511
142 0.03924600 0.00343466 0.00339556 0.00174912 0.01095390 0.00665039 0.00329783 0.00593857 0.00150229 0.31381201 0.16326200 0.00560931 0.04561110 0.02133840 0.00686647 0.01169010 0.03770530 0.00413920 0.00869478 0.30510301
143 0.07785094 0.01446441 0.04709422 0.03983732 0.01288131 0.02050531 0.02604551 0.56804528 0.01296021 0.01483781 0.01528871 0.01518541 0.00674229 0.01357931 0.00980488 0.06014323 0.02284441 0.00267702 0.00419241 0.01502001
144 0.09746606 0.02305019 0.02760569 0.21964691 0.01175220 0.03921928 0.28432289 0.02903689 0.01309089 0.00651864 0.01181240 0.05347888 0.00430115 0.00331130 0.01408159 0.08868897 0.04184948 0.00104990 0.00350600 0.02621069
145 0.26924801 0.01489700 0.02320970 0.02348520 0.04527800 0.01040160 0.01882930 0.25685701 0.01085970 0.02027570 0.01909520 0.00898804 0.00484027 0.01059180 0.00957538 0.17491301 0.05096740 0.00206292 0.00277286 0.02285190
146 0.03300616 0.00269012 0.00259099 0.00122832 0.01014289 0.00613517 0.00216537 0.00490920 0.00091955 0.32882360 0.16307780 0.00414937 0.04541825 0.01946588 0.00508610 0.00949435 0.03563066 0.00393143 0.00854418 0.31259062
147 0.29912370 0.02255598 0.02248658 0.01724428 0.03744786 0.01855238 0.02579567 0.09381611 0.02106228 0.02266088 0.01897108 0.01273579 0.00636506 0.00722593 0.02176268 0.21506879 0.08503392 0.00303492 0.00697865 0.04207746
148 0.08999300 0.05047810 0.05080340 0.03079110 0.00908006 0.08787330 0.12752100 0.13435900 0.02601380 0.06544180 0.03238450 0.07124180 0.01270350 0.02044060 0.01718800 0.07128880 0.04431610 0.00626415 0.01347460 0.03834340
149 0.03253829 0.00881331 0.00444299 0.00202453 0.01078540 0.00575526 0.00411963 0.00692333 0.00284370 0.20468094 0.36016190 0.00420147 0.07634948 0.04554229 0.00585551 0.01234070 0.02319479 0.00239364 0.01022790 0.17680495
150 0.03117919 0.01149929 0.00444667 0.00189455 0.01082969 0.00543563 0.00360920 0.00688011 0.00271591 0.20004491 0.35706383 0.00369104 0.08917046 0.04381188 0.00648681 0.01456849 0.02512759 0.00241237 0.00944148 0.16969092
151 0.05660541 0.02561940 0.02324880 0.01111120 0.00925404 0.01298070 0.03731741 0.03368021 0.01398880 0.03886951 0.13318802 0.02297140 0.03176151 0.02601270 0.37249806 0.05417841 0.03254901 0.00315869 0.01285060 0.04815611
152 0.04548712 0.26096510 0.04567562 0.02069311 0.01005380 0.05026102 0.05307642 0.02546341 0.03645431 0.01845261 0.03896292 0.18000607 0.01724941 0.02165591 0.02018591 0.05874542 0.03901022 0.01217770 0.01965591 0.02576801
153 0.08143112 0.03443051 0.02737081 0.01483490 0.00950724 0.02079741 0.03725041 0.04162901 0.01935600 0.02510781 0.05321111 0.02788261 0.01687310 0.01547990 0.40339310 0.07473282 0.03551921 0.00336681 0.01429040 0.04353571
154 0.04631249 0.01239560 0.01311640 0.00306114 0.01155100 0.01116960 0.01053860 0.00990686 0.00830352 0.13691398 0.19262398 0.01878190 0.04124760 0.20777898 0.01355960 0.01970040 0.02422260 0.01035090 0.08466489 0.12379999
155 0.33507794 0.01924740 0.01902760 0.01374830 0.03886279 0.01556370 0.02199910 0.10707798 0.01950440 0.02559020 0.02000030 0.01125530 0.00512935 0.00691724 0.02109800 0.19852596 0.07005959 0.00290860 0.00636890 0.04203739
156 0.06564849 0.05235949 0.16986897 0.10419298 0.01196510 0.06349929 0.05528609 0.06584119 0.03356909 0.02667390 0.03335229 0.05709589 0.01641290 0.02489320 0.02148830 0.07986909 0.06444229 0.00412478 0.02513860 0.02427810
157 0.04819769 0.01084230 0.00891512 0.00424941 0.01385140 0.00785826 0.00702179 0.02131869 0.00377067 0.17807396 0.29686293 0.00808633 0.08781118 0.04212159 0.01000730 0.02238689 0.03972049 0.00377852 0.00880754 0.17631796
158 0.01053241 0.00961866 0.01543042 0.00108870 0.00910908 0.00521649 0.00343701 0.00375173 0.01794272 0.02888583 0.13381213 0.00880168 0.01836282 0.41286541 0.00695181 0.01229351 0.01140761 0.01488141 0.24661724 0.02899333
159 0.03132219 0.00221838 0.00227661 0.00094436 0.00985841 0.00590248 0.00177334 0.00449414 0.00068729 0.33559390 0.15813195 0.00367030 0.04438469 0.01784289 0.00452625 0.00852653 0.03543559 0.00394806 0.00800774 0.32045491
160 0.05415407 0.15004891 0.11704193 0.05557857 0.00827564 0.10129594 0.09001575 0.03182208 0.03264348 0.02252379 0.02382319 0.11982193 0.00910810 0.02158969 0.02010089 0.06778456 0.04200358 0.00236044 0.01450959 0.01549789
161 0.04792309 0.01920540 0.01907600 0.01637070 0.01057850 0.01332280 0.01350860 0.00891441 0.03003220 0.10682499 0.10610399 0.01934690 0.02662950 0.15232598 0.01719710 0.03218210 0.03119080 0.02106300 0.18667998 0.12152399
162 0.06198714 0.03894723 0.03916893 0.01793981 0.01087801 0.02244002 0.02757802 0.01707661 0.05641444 0.03730173 0.05540034 0.03047702 0.01483241 0.11337708 0.10327007 0.05502354 0.02962632 0.01627701 0.21076915 0.04121513
163 0.37167114 0.01172600 0.01652151 0.01043320 0.03449371 0.01369691 0.01335341 0.19452308 0.01292211 0.02936991 0.02730111 0.00925864 0.00412198 0.00612980 0.01746281 0.15102806 0.04129782 0.00286834 0.00353725 0.02828321
164 0.03921266 0.00346513 0.00347620 0.00195482 0.01095239 0.00680883 0.00325703 0.00614696 0.00149207 0.31300565 0.16328782 0.00561039 0.04558075 0.02203108 0.00658135 0.01173309 0.03806476 0.00399610 0.00900030 0.30434266
165 0.08216791 0.02984640 0.19308501 0.22864202 0.00813364 0.06727460 0.06501590 0.04272860 0.02941010 0.01843040 0.02751460 0.04978120 0.01119830 0.00833489 0.00843303 0.05478940 0.04591260 0.00141717 0.01191070 0.01597350
166 0.05629211 0.00910364 0.01560180 0.00920672 0.01711430 0.01451860 0.01052180 0.01438010 0.00666320 0.24747903 0.13913702 0.01269930 0.04846831 0.02404440 0.01271020 0.03502670 0.07551981 0.00403142 0.01150350 0.23597803
167 0.09042732 0.05612991 0.05686961 0.03053011 0.01168410 0.07751342 0.13043903 0.04047761 0.02798081 0.06741451 0.03484351 0.06521471 0.01973250 0.02178990 0.02757601 0.11581202 0.05853071 0.00546620 0.01943360 0.04213441
168 0.03927039 0.28937096 0.03696049 0.01162600 0.00819680 0.05707359 0.04707289 0.01273860 0.03634039 0.01756710 0.02996440 0.23459296 0.01091450 0.01651940 0.01208080 0.04122549 0.03263060 0.00584845 0.01231720 0.04768899
169 0.07414322 0.06948302 0.06747782 0.05695791 0.01224240 0.12941103 0.10593502 0.04277911 0.03158611 0.04453831 0.03508821 0.08285062 0.01474740 0.02383161 0.02251911 0.07347632 0.05317771 0.00589307 0.01643200 0.03743001
170 0.03012895 0.01430202 0.00644832 0.00315685 0.01053392 0.00687724 0.00614389 0.00743791 0.00427943 0.13800622 0.44885171 0.00444011 0.10374816 0.05420139 0.00826320 0.01600043 0.01691133 0.00195534 0.01090142 0.10741217
171 0.04648828 0.25853590 0.04542318 0.02087529 0.01014520 0.05060478 0.05380158 0.02437799 0.03614249 0.01900429 0.03944118 0.17979593 0.01667979 0.02189109 0.01998519 0.05906738 0.03920838 0.01163290 0.02053829 0.02636089
172 0.03687494 0.00589343 0.00413879 0.00158233 0.01174391 0.00543880 0.00308592 0.00648461 0.00172648 0.25402130 0.25591930 0.00432325 0.06652448 0.03275984 0.00587966 0.01219821 0.03457834 0.00306600 0.00862312 0.24513729
173 0.06331642 0.02664591 0.09306613 0.25394807 0.00817697 0.05015951 0.16850605 0.04891761 0.02398951 0.01821371 0.01985561 0.05941162 0.00948110 0.00749967 0.01355610 0.05490152 0.04062011 0.00239738 0.01314610 0.02419091
174 0.07370497 0.04883318 0.03740139 0.14204894 0.00769920 0.06619767 0.27070789 0.02908269 0.01986739 0.02013459 0.02513909 0.07593407 0.01077980 0.01577829 0.02338339 0.05757828 0.03305169 0.00546152 0.00984787 0.02736809
175 0.07414941 0.02199000 0.02265190 0.27186004 0.00475366 0.04708781 0.35714605 0.00725317 0.01013020 0.00484793 0.00775785 0.07740031 0.00389506 0.00325698 0.01318070 0.03660441 0.01618400 0.00050800 0.00321171 0.01613080
176 0.04747819 0.02856330 0.20505497 0.27838196 0.00529521 0.06753939 0.04957879 0.04593349 0.03603879 0.02041010 0.01909160 0.05676239 0.01072760 0.00834734 0.00697101 0.04210549 0.04439039 0.00119578 0.01391950 0.01221470
177 0.06689127 0.01149820 0.01016720 0.01027190 0.01292450 0.01328049 0.01624099 0.01543669 0.00675874 0.23106991 0.15187794 0.01484669 0.04328828 0.03009589 0.01508849 0.03367949 0.04786428 0.00601634 0.01340079 0.24930191
178 0.32110009 0.01848301 0.01807421 0.01186250 0.08677352 0.01290480 0.01668800 0.09214623 0.01491270 0.01981431 0.02137241 0.01106840 0.00797452 0.00754266 0.01175140 0.21194806 0.07709952 0.00170208 0.00658706 0.03019451
179 0.05213629 0.05550999 0.04984559 0.06782929 0.00697651 0.10988798 0.25275496 0.01972530 0.02032470 0.02947090 0.03655309 0.07458339 0.05716749 0.02732030 0.02066530 0.04313779 0.02924470 0.00766924 0.01057990 0.02861730
