1 0.02973470 0.00420506 0.00430984 0.00080627 0.01117980 0.00490262 0.00168217 0.00334885 0.00205110 0.28895704 0.22641203 0.00439629 0.05828921 0.03143570 0.00311822 0.01372620 0.03180250 0.00388725 0.00935410 0.26640103
2 0.04655267 0.05220957 0.01687919 0.00918592 0.00410030 0.01438009 0.03467808 0.01573139 0.05990867 0.01169579 0.04893527 0.01775399 0.00728057 0.01237409 0.51671472 0.05127747 0.02798748 0.00238035 0.01650789 0.03346648
3 0.05393770 0.03844240 0.08246500 0.10389899 0.01840670 0.02354250 0.04360560 0.19763299 0.03407930 0.01323210 0.01439180 0.04362680 0.00817958 0.00887953 0.01197610 0.13567099 0.11916499 0.00423041 0.00645344 0.03818310
4 0.06708985 0.01405139 0.01347929 0.00911526 0.01317139 0.01173119 0.01636929 0.01539179 0.00829796 0.22115182 0.15323088 0.01794629 0.04558066 0.02940258 0.01396719 0.03633127 0.04870786 0.00527476 0.01319449 0.24651480
5 0.13695491 0.05927066 0.04328237 0.03906717 0.01816829 0.05835266 0.07605905 0.04046357 0.03000338 0.03922927 0.02589338 0.11586292 0.01487709 0.02032339 0.02744368 0.07948925 0.09725343 0.00584958 0.01192699 0.06022896
6 0.04114611 0.02307521 0.15774205 0.31995311 0.00641171 0.03406121 0.02918391 0.02518211 0.02514861 0.07651893 0.02038721 0.05722582 0.01817771 0.00734365 0.00712671 0.03918661 0.04300871 0.00661700 0.04299741 0.01950621
7 0.22576023 0.02264042 0.04229424 0.03051473 0.03250813 0.01549292 0.02422212 0.18631219 0.02440883 0.01503682 0.01412131 0.02063812 0.00593670 0.00914983 0.01516712 0.20208121 0.07420658 0.00478354 0.00539613 0.02932883
8 0.04807650 0.01268190 0.01183350 0.00933909 0.01260320 0.01717770 0.01290300 0.01154340 0.00702392 0.25758800 0.17496800 0.01362020 0.05166500 0.03458800 0.00945180 0.02544110 0.03815110 0.00554339 0.01652920 0.22927200
9 0.07222322 0.06007522 0.02316661 0.08810513 0.00429029 0.12571804 0.26248609 0.02400941 0.01958231 0.03185841 0.01383600 0.13514705 0.01083980 0.01393160 0.01735091 0.04450052 0.02515101 0.00221403 0.00709344 0.01842091
10 0.01370100 0.01124020 0.01543271 0.00133818 0.00782432 0.01309360 0.00327514 0.00326769 0.04281332 0.02863801 0.06603982 0.00920927 0.01648751 0.32223012 0.00504664 0.01517911 0.01989971 0.03093231 0.35805013 0.01630121
11 0.03722789 0.14894298 0.04982219 0.03011420 0.00864854 0.03542700 0.04011659 0.02032600 0.05557339 0.02527490 0.04055519 0.18642797 0.01286830 0.05344189 0.01625210 0.04513959 0.02779650 0.01636530 0.12220798 0.02747150
12 0.02794010 0.01656420 0.01890770 0.00490875 0.00952838 0.01965840 0.01426800 0.01898200 0.02454810 0.06173139 0.11740998 0.01855720 0.03172930 0.31548596 0.01044480 0.02090620 0.02459910 0.02080520 0.17237798 0.05064729
13 0.06130181 0.02251340 0.11587101 0.24371202 0.00745779 0.06129061 0.20563302 0.02456260 0.02561920 0.01082550 0.01843120 0.06347361 0.01371420 0.00372402 0.01073900 0.05495681 0.03193480 0.00289115 0.00574224 0.01560600
14 0.06931612 0.01901281 0.02979731 0.25495807 0.00671869 0.06027492 0.32503209 0.01640870 0.01368340 0.00694666 0.01512710 0.07126882 0.00517028 0.00205259 0.01379150 0.04926611 0.02063131 0.00094447 0.00291803 0.01668100
15 0.04018240 0.26628603 0.04655630 0.02105680 0.01015830 0.04863070 0.04864560 0.02263550 0.03993360 0.02248760 0.03256050 0.17292402 0.02050580 0.01726640 0.02492520 0.06281231 0.04363540 0.01096190 0.01989670 0.02793890
16 0.08681840 0.01279330 0.03701340 0.04156770 0.01087260 0.01794290 0.02334350 0.57020402 0.01304230 0.01189860 0.01616950 0.02321150 0.00511353 0.01001450 0.00855619 0.06250990 0.02640960 0.00255896 0.00425689 0.01570270
17 0.06713827 0.01442569 0.01325699 0.00942445 0.01281489 0.01174049 0.01611839 0.01483739 0.00791699 0.22266089 0.15270893 0.01832849 0.04566868 0.02922149 0.01510319 0.03513858 0.04820828 0.00544305 0.01276099 0.24708388
18 0.06550273 0.11020005 0.06941513 0.04095982 0.01835791 0.09135004 0.06505363 0.09820754 0.03802552 0.02004181 0.01449541 0.05913442 0.01157640 0.01213460 0.02379471 0.15015306 0.07560843 0.00677619 0.01044900 0.01876361
19 0.07219957 0.04253518 0.02958409 0.13795694 0.00715329 0.07567787 0.27620089 0.03098879 0.02289549 0.02112899 0.02553709 0.07658907 0.01512819 0.01300849 0.02502039 0.05615448 0.03037939 0.00636059 0.00866882 0.02683239
20 0.03634020 0.00632445 0.00516623 0.00199017 0.00915545 0.00779143 0.00398133 0.00695630 0.00352084 0.20879703 0.32694904 0.00546096 0.07404481 0.04844041 0.00475860 0.01348250 0.02776460 0.00329061 0.01061100 0.19517403
21 0.16646985 0.03892496 0.04607846 0.03415467 0.02709718 0.03007107 0.04093466 0.07471993 0.02691148 0.02776198 0.02627838 0.02842517 0.01667658 0.01336979 0.02433428 0.20322582 0.10809990 0.00701449 0.01504839 0.04440296
22 0.04296240 0.01417320 0.00994811 0.00680980 0.00811502 0.01397050 0.01276870 0.01316520 0.00879831 0.13994100 0.37252499 0.01086390 0.07885950 0.06447670 0.01344510 0.01812820 0.02394190 0.00427268 0.02047980 0.12235500
23 0.06091948 0.10586597 0.04814849 0.04637159 0.00820613 0.10085297 0.09350797 0.02187839 0.02932339 0.03472579 0.08556737 0.14842196 0.02560849 0.02583839 0.02713949 0.04399349 0.03258399 0.00661987 0.02041729 0.03400949
24 0.08633778 0.01250440 0.03673319 0.04119509 0.01088550 0.01838430 0.02262810 0.57377390 0.01299740 0.01206600 0.01642850 0.02295230 0.00500488 0.00939840 0.00875935 0.06184609 0.02612870 0.00259272 0.00402703 0.01535640
25 0.05603099 0.01219590 0.01609460 0.00828932 0.02170670 0.01473020 0.01073000 0.01189840 0.00834548 0.23238195 0.13940397 0.01470670 0.04974169 0.02909409 0.01429520 0.03771609 0.08572448 0.00518112 0.01357520 0.21815795
26 0.33982522 0.01328691 0.02418712 0.01188251 0.03893883 0.01389111 0.01877071 0.10624507 0.02272521 0.02151331 0.01755181 0.00896978 0.00545542 0.00570019 0.01933731 0.20989914 0.07132415 0.00410297 0.00633039 0.04006283
27 0.02969657 0.00886592 0.00684620 0.00225140 0.01231269 0.00868213 0.00570093 0.00395326 0.00332488 0.28490072 0.20241780 0.00653239 0.06994003 0.03021617 0.00530611 0.01713118 0.03533037 0.00472530 0.01068019 0.25118575
28 0.07023866 0.01903569 0.02418699 0.24570786 0.00674673 0.06241016 0.34028380 0.01587249 0.01260469 0.00594145 0.01458889 0.07338546 0.00459000 0.00206695 0.01410539 0.04976877 0.01974199 0.00081927 0.00233379 0.01557099
29 0.03614151 0.00462912 0.00531262 0.00156929 0.01171170 0.00536261 0.00319077 0.00371131 0.00237097 0.30957205 0.16983503 0.00688607 0.04889561 0.02381300 0.00568167 0.01650600 0.03524971 0.00443168 0.00944522 0.29568405
30 0.06805571 0.05683901 0.03432871 0.11946002 0.00785760 0.07909981 0.24670204 0.02908420 0.02288030 0.01948910 0.01575750 0.12063802 0.01024960 0.00925726 0.01806180 0.07559181 0.03192040 0.00462627 0.00948642 0.02061440
31 0.08484650 0.01206090 0.03661840 0.04199300 0.01083870 0.01759700 0.02223230 0.57930901 0.01302990 0.01180470 0.01646090 0.02249760 0.00497281 0.00921290 0.00803539 0.06117980 0.02581130 0.00242405 0.00416193 0.01491290
32 0.03533429 0.00561428 0.00441025 0.00163486 0.00806648 0.00804468 0.00357616 0.00688373 0.00325683 0.19722496 0.35853493 0.00402386 0.07878108 0.05182529 0.00363067 0.01200570 0.02412290 0.00309880 0.01017030 0.17975996
33 0.03379180 0.00595422 0.00391058 0.00139487 0.00747379 0.00812198 0.00296300 0.00686035 0.00344415 0.19576302 0.37447003 0.00329250 0.08127681 0.05339770 0.00312271 0.01124480 0.02136200 0.00296637 0.01005430 0.16913501
34 0.05727059 0.13634698 0.02676940 0.01377250 0.00785024 0.04810359 0.05424159 0.01884260 0.03837769 0.01976910 0.04040159 0.04640259 0.01496070 0.01433800 0.29531395 0.06831709 0.04642439 0.00463472 0.01686110 0.03100160
35 0.01038029 0.00869959 0.01509669 0.00096216 0.00670946 0.01127949 0.00305939 0.00594135 0.02946178 0.03367137 0.07135594 0.00901245 0.01719579 0.40334969 0.00456724 0.01193159 0.01591049 0.02559818 0.29741577 0.01840129
36 0.04603705 0.21980524 0.05121336 0.01975682 0.01241441 0.03822464 0.05557616 0.02818623 0.10199911 0.01584572 0.02743013 0.12837214 0.01467892 0.01976592 0.02782103 0.07250278 0.03791064 0.01724142 0.04432805 0.02089022
37 0.12462500 0.03206230 0.04782420 0.02424380 0.02305300 0.02975960 0.02169510 0.04912780 0.01847270 0.01800920 0.01397710 0.01506140 0.01246860 0.00707866 0.01527940 0.26425299 0.22558500 0.00398258 0.00984728 0.04359430
38 0.02932991 0.02505171 0.02393611 0.01211460 0.01131460 0.01801670 0.01152100 0.00843008 0.05047571 0.03849731 0.06554571 0.02297321 0.01907450 0.21716605 0.01135740 0.03070021 0.02878511 0.02941691 0.31808007 0.02821311
39 0.05049389 0.14648598 0.05919189 0.01309120 0.01158610 0.02451380 0.04169759 0.03106640 0.13336598 0.01224950 0.02318370 0.08915139 0.00731044 0.03271560 0.02216110 0.09966149 0.03633469 0.01771390 0.13230698 0.01571840
40 0.02781038 0.01648079 0.01817629 0.00465574 0.00957736 0.01931429 0.01402979 0.01974779 0.02435049 0.06118836 0.11808093 0.01851329 0.03115928 0.31782181 0.01052539 0.02096599 0.02467028 0.02102619 0.17129690 0.05060867
41 0.06788283 0.10821905 0.04041442 0.04970922 0.00693051 0.13385306 0.14087507 0.02669941 0.02681221 0.03902392 0.02066251 0.16158908 0.01529531 0.02038511 0.01898481 0.04856912 0.03401152 0.00364102 0.01265451 0.02378731
42 0.12284601 0.01850980 0.03975600 0.03733270 0.01894810 0.01889360 0.02642090 0.29748202 0.01806090 0.01756220 0.01879080 0.02550210 0.00998469 0.06769200 0.01744050 0.15189101 0.05089210 0.00492306 0.00661669 0.03045480
43 0.02800221 0.01636590 0.02112820 0.02508960 0.01301040 0.01594020 0.00998793 0.00681838 0.02400240 0.12695602 0.09361802 0.01681970 0.02893391 0.18023703 0.00866011 0.02634030 0.02817541 0.01711220 0.23202904 0.08077301
44 0.04275973 0.01342251 0.00991421 0.00646341 0.00813515 0.01307321 0.01237581 0.01283381 0.00880375 0.14229210 0.37033226 0.01028371 0.07825665 0.06563235 0.01304921 0.01819841 0.02354232 0.00449111 0.02113121 0.12500909
45 0.02669838 0.00899545 0.01112709 0.00210890 0.00619176 0.01268059 0.00828160 0.01105149 0.01581249 0.08714892 0.27243076 0.00849381 0.05652605 0.23135080 0.00849680 0.01132749 0.01872138 0.01453519 0.11539690 0.07262414
46 0.04386759 0.01332200 0.00995151 0.00652088 0.00820113 0.01354870 0.01234400 0.01313740 0.00876881 0.14178298 0.37160594 0.01010540 0.07884729 0.06424059 0.01316200 0.01818180 0.02345340 0.00429594 0.02021170 0.12445098
47 0.06266996 0.05273125 0.16351415 0.10528409 0.01187171 0.11983111 0.06800186 0.03372683 0.03281193 0.02643492 0.02823623 0.06554946 0.02727712 0.01621241 0.02230812 0.07427177 0.05213045 0.00538510 0.01297311 0.01877842
48 0.02991721 0.00410526 0.00504062 0.00091884 0.01241160 0.00415840 0.00193948 0.00245080 0.00183428 0.31177612 0.17949407 0.00528129 0.05393342 0.02441891 0.00357163 0.01479441 0.03567701 0.00413253 0.00913197 0.29501212
49 0.17939701 0.02797210 0.04974030 0.03840130 0.03079900 0.01731410 0.02417620 0.12511400 0.02533340 0.01455920 0.01225560 0.02135310 0.00639034 0.00822986 0.01358170 0.21966801 0.13542900 0.00420584 0.00543773 0.04064220
50 0.06766103 0.01790681 0.02637431 0.25463212 0.00648242 0.06392913 0.33515116 0.01363111 0.01172021 0.00593176 0.01297431 0.08249094 0.00420784 0.00153896 0.01451801 0.04599422 0.01828821 0.00043052 0.00244272 0.01369421
51 0.03595740 0.00481224 0.00541074 0.00156018 0.01177410 0.00547555 0.00321532 0.00368307 0.00232248 0.30992599 0.16895799 0.00679511 0.04878520 0.02348920 0.00574986 0.01658800 0.03545710 0.00433201 0.00940048 0.29630799
52 0.08892058 0.04638339 0.03685659 0.02720369 0.01669680 0.04826659 0.04347709 0.03082569 0.08068868 0.10600098 0.07864918 0.04691309 0.03289599 0.04912549 0.02550499 0.05863579 0.05338649 0.01137400 0.04650639 0.07168849
53 0.04663489 0.01221810 0.01166030 0.00876081 0.01284390 0.01681950 0.01201770 0.01115440 0.00666650 0.25792496 0.17553798 0.01335850 0.05189709 0.03594379 0.00971224 0.02531530 0.03869799 0.00570419 0.01746590 0.22966597
54 0.17446205 0.02954021 0.14164704 0.07508532 0.02321851 0.04326981 0.04143731 0.06295842 0.03058711 0.02414161 0.02495741 0.03964661 0.01968341 0.01143280 0.01869001 0.11733904 0.05944172 0.00923710 0.01564640 0.03757811
55 0.35821308 0.00792771 0.02142360 0.01027180 0.03475261 0.01419990 0.01529160 0.18779904 0.01762040 0.02362830 0.02131960 0.01059460 0.00393941 0.00700834 0.01980910 0.15947603 0.04607931 0.00367829 0.00329734 0.03366991
56 0.03345262 0.00455626 0.00510399 0.00147640 0.01155431 0.00536703 0.00267845 0.00304417 0.00210365 0.31513420 0.17169111 0.00620629 0.04915453 0.02323351 0.00530428 0.01615621 0.03419092 0.00448337 0.00948048 0.29562819
57 0.30923622 0.01746671 0.02734262 0.01483091 0.03761043 0.01615721 0.02105262 0.09724657 0.02325952 0.01999501 0.01717291 0.01011631 0.00667427 0.00596474 0.01835421 0.22247616 0.08308426 0.00437975 0.00739523 0.04018433
58 0.03997512 0.02215591 0.02652181 0.01337341 0.02417111 0.01805951 0.01788271 0.01096850 0.02459591 0.08581583 0.08714113 0.02110591 0.08176133 0.10766004 0.01910321 0.05421552 0.08742663 0.03052401 0.14913806 0.07840433
59 0.03356989 0.00825238 0.00498601 0.00142839 0.00926862 0.00806256 0.00324975 0.00624345 0.00362358 0.20857593 0.33954189 0.00401938 0.08303657 0.04951168 0.00347365 0.01214440 0.02592829 0.00295462 0.00996103 0.18216794
60 0.02104309 0.34814585 0.04497198 0.00877397 0.00445767 0.04202208 0.03204289 0.00905545 0.03517498 0.01087820 0.01984579 0.28934387 0.01118780 0.01057290 0.00584094 0.03556598 0.02852679 0.00356221 0.01628109 0.02270649
61 0.03807697 0.01253229 0.01530639 0.00436179 0.01762779 0.01392759 0.01182769 0.01119829 0.01915218 0.12053190 0.22120183 0.01366959 0.05277836 0.13852389 0.01694869 0.02163778 0.06156185 0.01217749 0.08070874 0.11624891
62 0.05681011 0.16953502 0.03896570 0.03252930 0.00582053 0.10604901 0.11416001 0.02101540 0.02678180 0.02903290 0.01829450 0.22410203 0.01280240 0.01658620 0.01380090 0.04331551 0.03188800 0.00353075 0.01268450 0.02229540
63 0.04644560 0.01287710 0.01195090 0.00948467 0.01243520 0.01731510 0.01295830 0.01042610 0.00647553 0.25895100 0.17500900 0.01374500 0.05150880 0.03468330 0.00977201 0.02569920 0.03815010 0.00550870 0.01683940 0.22976500
64 0.06761360 0.05640950 0.16677899 0.09725810 0.01718890 0.04684870 0.04440510 0.06144420 0.03709760 0.02726900 0.03113380 0.06489950 0.02488990 0.02109080 0.01773010 0.09060480 0.06589070 0.00860995 0.02257160 0.03026520
65 0.06076597 0.03147934 0.06163317 0.11236013 0.01536592 0.02427543 0.04756775 0.15178517 0.02608673 0.02321623 0.06366637 0.04096825 0.01648452 0.01436962 0.02275063 0.10178112 0.11702013 0.00385982 0.00787425 0.05668946
66 0.06992237 0.01906969 0.02409099 0.24500288 0.00668278 0.06249477 0.34081384 0.01677149 0.01245409 0.00610572 0.01443019 0.07353026 0.00466316 0.00208699 0.01445599 0.04949178 0.01951829 0.00080992 0.00216871 0.01543609
67 0.07023569 0.01822500 0.01972750 0.24874597 0.00659442 0.06299379 0.35331295 0.01342010 0.01146810 0.00496955 0.01359780 0.07478879 0.00396341 0.00181085 0.01415380 0.04766859 0.01768350 0.00056850 0.00173570 0.01433600
68 0.32247679 0.01142719 0.02458908 0.01499379 0.03642248 0.01218819 0.01847489 0.13365591 0.02114989 0.02261879 0.01719709 0.01113339 0.00519200 0.00687452 0.01804409 0.18836988 0.08203215 0.00390511 0.00409513 0.04515967
69 0.09810773 0.03737917 0.04674287 0.03083978 0.02225088 0.03148538 0.03280648 0.04420287 0.02081709 0.05795036 0.04798867 0.03143498 0.02480588 0.02155128 0.02291408 0.15139089 0.17176588 0.01038229 0.01810059 0.07708285
70 0.03343679 0.01521900 0.01135330 0.00401623 0.01252830 0.01421750 0.01305930 0.00677191 0.00571899 0.22272593 0.23143693 0.00974460 0.09999997 0.03946439 0.01107200 0.02383219 0.03805939 0.00563048 0.01186490 0.18984794
71 0.03340169 0.30703092 0.03832549 0.01070600 0.00670634 0.08808018 0.05071549 0.01185950 0.03281129 0.02256689 0.02330859 0.19472395 0.01635330 0.01663100 0.01758710 0.05457989 0.03556809 0.00452031 0.01238470 0.02213929
72 0.04376108 0.11942394 0.07829876 0.10755995 0.01491699 0.02575469 0.05597907 0.04643558 0.04403818 0.02797359 0.02414399 0.05279477 0.02955759 0.01412359 0.01222639 0.08791856 0.06397947 0.09784715 0.03366838 0.01959829
73 0.05556564 0.12171309 0.03036442 0.06851685 0.00749775 0.08574997 0.22651317 0.02460552 0.03664903 0.02661192 0.02152482 0.09612607 0.01984112 0.01560251 0.02665892 0.05769414 0.03188062 0.01333871 0.01157921 0.02196652
74 0.08150443 0.04343516 0.03393077 0.12817689 0.00980816 0.06516964 0.24455279 0.03457227 0.02519088 0.01745119 0.01825118 0.06635404 0.01496729 0.00877660 0.02132128 0.10051791 0.04365256 0.00746941 0.00797844 0.02691908
75 0.02843051 0.01314380 0.01463121 0.00286771 0.01019300 0.01620601 0.01102040 0.01271220 0.01184190 0.13908405 0.17200306 0.01311860 0.04587492 0.23636909 0.00798782 0.01700771 0.02629491 0.01108900 0.10299504 0.10712904
76 0.28521187 0.01868149 0.02646459 0.02264319 0.02933499 0.02453019 0.03691278 0.09510836 0.02239039 0.04203928 0.04049328 0.02259199 0.01265939 0.01451889 0.02805319 0.14249994 0.05864267 0.00595905 0.01090290 0.06036157
77 0.03611992 0.00634168 0.00522261 0.00212331 0.00898886 0.00785150 0.00437451 0.00680746 0.00376930 0.21055909 0.32521814 0.00523501 0.07364863 0.04801722 0.00463392 0.01345851 0.02738681 0.00342582 0.01074760 0.19607008
78 0.05941082 0.01798950 0.09935713 0.28936008 0.00577480 0.07658272 0.19665105 0.01797840 0.02496701 0.01355150 0.01690550 0.06788242 0.01146470 0.00302350 0.01009290 0.04194671 0.02471171 0.00137278 0.00691606 0.01406070
79 0.28932775 0.01325059 0.02224218 0.01281259 0.02775028 0.01530869 0.02288128 0.07502554 0.01943988 0.04375556 0.02581438 0.01159629 0.01049119 0.00890654 0.02801918 0.18142285 0.08549153 0.00357720 0.00732509 0.09556142
80 0.30259183 0.01691429 0.02672228 0.00886934 0.12744093 0.01159289 0.01124069 0.08877845 0.01853229 0.02579139 0.02981998 0.01236929 0.01975319 0.00972696 0.01596599 0.16542491 0.05773157 0.00339965 0.01487729 0.03245678
81 0.06198854 0.02771412 0.07669475 0.23160616 0.00679497 0.08224886 0.21929115 0.02260002 0.02159491 0.01293911 0.01728311 0.09502586 0.01092701 0.00462455 0.01367511 0.04621713 0.02634622 0.00153111 0.00636860 0.01452871
82 0.03878939 0.00663057 0.00775659 0.00228159 0.01958550 0.00610748 0.00332893 0.00617981 0.00504884 0.22844695 0.24987395 0.00640955 0.06601559 0.04079109 0.00711596 0.01835730 0.05910689 0.00257859 0.01033250 0.21526295
83 0.01360011 0.01129331 0.01531511 0.00121749 0.00782880 0.01310251 0.00336858 0.00315190 0.04329132 0.02828051 0.06613764 0.00897399 0.01626761 0.32032317 0.00522821 0.01504071 0.02000491 0.03075972 0.36053819 0.01627621
84 0.05854710 0.05524120 0.02356860 0.01647500 0.00622261 0.22396200 0.08414210 0.01970490 0.01985110 0.14564100 0.05153150 0.05490030 0.03106920 0.03121890 0.02368700 0.04585280 0.03661050 0.00565290 0.01528230 0.05083900
85 0.07331162 0.04278181 0.02972051 0.13748304 0.00726844 0.07647992 0.27569208 0.02999481 0.02177981 0.02143531 0.02531901 0.07697502 0.01512070 0.01299930 0.02424601 0.05685072 0.03039831 0.00603189 0.00848727 0.02762441
86 0.07304906 0.02180322 0.02400402 0.01489801 0.02325842 0.01893192 0.02067522 0.02449022 0.01562521 0.10639009 0.19010716 0.01886752 0.04458714 0.03165113 0.02890802 0.10004709 0.11165310 0.00373274 0.01331661 0.11400410
87 0.03338649 0.00412825 0.00497111 0.00128673 0.01143379 0.00472197 0.00255133 0.00278501 0.00206681 0.31922186 0.16465693 0.00643835 0.04795968 0.02180219 0.00482608 0.01556109 0.03406789 0.00442915 0.00909545 0.30460987
88 0.04043831 0.26561405 0.04574491 0.01978710 0.01021460 0.04973071 0.04858101 0.02168180 0.03959931 0.02373420 0.03334901 0.17391403 0.02040130 0.01808640 0.02456950 0.06145091 0.04342311 0.01105570 0.02035740 0.02826661
89 0.13052896 0.02462859 0.03061869 0.01688449 0.02052869 0.03050889 0.02596739 0.04227649 0.01767259 0.13405595 0.07557167 0.02419269 0.03655149 0.02183479 0.02381379 0.12811196 0.07879317 0.00601374 0.01741999 0.11402596
90 0.06048957 0.02094639 0.09706675 0.26745087 0.00651431 0.07926156 0.19282391 0.02360359 0.02539109 0.01491759 0.01802919 0.06749087 0.01231889 0.00424587 0.01151969 0.04645498 0.02809679 0.00181956 0.00711644 0.01444209
91 0.07576678 0.07146737 0.03138873 0.02512573 0.00898535 0.03072223 0.04579995 0.01949812 0.01969842 0.09583220 0.06124786 0.11435912 0.02784313 0.02157982 0.01992792 0.03932914 0.04971925 0.00655145 0.01580222 0.21935522
92 0.03489160 0.00658214 0.00475928 0.00175959 0.00888148 0.00811802 0.00334622 0.00669194 0.00372789 0.20824598 0.34292397 0.00426802 0.07698289 0.05079410 0.00374252 0.01255830 0.02492540 0.00324869 0.01097100 0.18258098
93 0.05009739 0.17261096 0.05247189 0.05044439 0.00926651 0.05564239 0.08336418 0.03600019 0.03356779 0.02688789 0.02838019 0.19751196 0.01582910 0.01924770 0.01641770 0.05140339 0.03878649 0.00630761 0.02130940 0.03445289
94 0.02666181 0.00373356 0.00400471 0.00055537 0.01093080 0.00420600 0.00120787 0.00205745 0.00153291 0.32039009 0.18925906 0.00432086 0.05158512 0.02441341 0.00273802 0.01379140 0.03061591 0.00433040 0.00901716 0.29464809
95 0.05892027 0.04588558 0.20508389 0.12359394 0.01271449 0.09911755 0.05539337 0.03407048 0.03514448 0.02089069 0.02659439 0.06297287 0.02798259 0.01349869 0.01880139 0.07213566 0.05261617 0.00542102 0.01197199 0.01719049
96 0.05074361 0.13727503 0.06144452 0.04132551 0.01712930 0.04911531 0.05761251 0.03896821 0.03208521 0.02969841 0.02622521 0.18040705 0.01629140 0.02098191 0.01865520 0.06831382 0.09180452 0.00692425 0.01562440 0.03937461
97 0.02670990 0.00384178 0.00401872 0.00055128 0.01104120 0.00423249 0.00121816 0.00206204 0.00158131 0.31902600 0.19046200 0.00433799 0.05204920 0.02471850 0.00277062 0.01383210 0.03118910 0.00430668 0.00894092 0.29311000
98 0.04933841 0.08944663 0.03795271 0.03016171 0.01167270 0.03630371 0.04829941 0.01944041 0.02815081 0.06651102 0.17508205 0.11473703 0.03899951 0.03800261 0.03094961 0.03801201 0.03687591 0.00849802 0.02943431 0.07213142
99 0.05529181 0.03587621 0.20757704 0.06612441 0.02273480 0.04831291 0.04064491 0.02731051 0.02457260 0.02431780 0.02745151 0.04194661 0.09513422 0.01297840 0.02610631 0.12994903 0.06452471 0.01050920 0.01073100 0.02790601
100 0.06736132 0.05144031 0.02224331 0.12154203 0.00496240 0.09477322 0.29585007 0.02113391 0.01647610 0.02108371 0.01468040 0.13792603 0.00914219 0.00978840 0.01631400 0.04502931 0.02281481 0.00226014 0.00744852 0.01772980
101 0.07220849 0.04196459 0.02874029 0.13822498 0.00709221 0.07659459 0.27777395 0.02935979 0.02187380 0.02099810 0.02581720 0.07693139 0.01488340 0.01375130 0.02517940 0.05728829 0.03092809 0.00600102 0.00829925 0.02608990
102 0.04571393 0.17133113 0.05934504 0.03368322 0.01086721 0.05014654 0.06500205 0.03765543 0.03370372 0.01940301 0.02120782 0.22848017 0.01325841 0.01401201 0.01379211 0.08681616 0.04478913 0.00615027 0.01881601 0.02582662
103 0.04347539 0.01399420 0.00993028 0.00661459 0.00835271 0.01372580 0.01209320 0.01249320 0.00867699 0.14134595 0.37105187 0.01050350 0.07894717 0.06508718 0.01327620 0.01780759 0.02414609 0.00424477 0.01992739 0.12430596
104 0.35375470 0.00846625 0.02306518 0.01133139 0.04089116 0.00884263 0.01365029 0.15364187 0.01991988 0.01821048 0.01572409 0.00704864 0.00328516 0.00561625 0.01564209 0.20508682 0.05787685 0.00346762 0.00314498 0.03133367
105 0.08538655 0.03486522 0.01936641 0.14933508 0.00521544 0.09157995 0.30801817 0.02182691 0.01605421 0.01856631 0.01326401 0.10997006 0.00655197 0.00834900 0.01715351 0.04564943 0.02238671 0.00173039 0.00470965 0.02002101
106 0.06608159 0.06938589 0.03650749 0.08445859 0.00841054 0.07572589 0.23347797 0.02951100 0.06959279 0.02155040 0.02568720 0.06554009 0.01454630 0.01610770 0.02748300 0.06441329 0.03302500 0.01345000 0.01647910 0.02856620
107 0.04704479 0.01250090 0.01112900 0.00877607 0.01246680 0.01743780 0.01262860 0.01069190 0.00686178 0.26050897 0.17357998 0.01367380 0.05171129 0.03415060 0.00974713 0.02544780 0.03822980 0.00543403 0.01653200 0.23144697
108 0.05377809 0.05914059 0.03098829 0.01407500 0.00855746 0.02310020 0.03837139 0.02382070 0.03420409 0.04656129 0.04663439 0.02772439 0.04415559 0.08666368 0.00895833 0.05051079 0.06622459 0.20667596 0.08697758 0.04287759
109 0.03523367 0.00476608 0.00532421 0.00158673 0.01185639 0.00551522 0.00320920 0.00339734 0.00248743 0.31114573 0.16936585 0.00691892 0.04882496 0.02343908 0.00541996 0.01614339 0.03533807 0.00433673 0.00948432 0.29620675
110 0.04274053 0.03071495 0.02908575 0.01573037 0.01465618 0.02462826 0.02933005 0.01493097 0.01262728 0.12846578 0.20767265 0.02247176 0.12097179 0.04920052 0.02164576 0.04364953 0.04369933 0.01190258 0.02096216 0.11491380
111 0.07716147 0.05413578 0.04645478 0.03377869 0.01334609 0.10126096 0.06006607 0.02757989 0.02410019 0.04819278 0.13354294 0.04514348 0.03651068 0.02673129 0.03686478 0.11139495 0.05456088 0.00594063 0.01729189 0.04594178
112 0.06871437 0.11442096 0.04200518 0.02875079 0.01453229 0.03444809 0.04287308 0.11284996 0.03018229 0.04417358 0.14018895 0.05392868 0.04070388 0.03040799 0.03112179 0.06328558 0.04287238 0.00905629 0.01712619 0.03835769
113 0.12477214 0.03242844 0.04743935 0.02485403 0.02297673 0.02953493 0.02147672 0.04945465 0.01905742 0.01803012 0.01373942 0.01512412 0.01192251 0.00694171 0.01490552 0.26493629 0.22515825 0.00419436 0.00978814 0.04326515
114 0.07513836 0.06657637 0.04859388 0.05608367 0.00939032 0.14613593 0.11647994 0.03638648 0.02710509 0.05202657 0.03902938 0.07392616 0.02301219 0.02757429 0.02711229 0.07007437 0.04807968 0.00678797 0.01851059 0.03197648
115 0.06572127 0.01386679 0.01297079 0.00895809 0.01276969 0.01180939 0.01567159 0.01436589 0.00801610 0.22318090 0.15497793 0.01822469 0.04578758 0.03038619 0.01513219 0.03507548 0.04800168 0.00517788 0.01333699 0.24656888
116 0.25907905 0.02256520 0.07916222 0.02360790 0.07374951 0.02063480 0.01887560 0.09094172 0.02303600 0.02141630 0.02339900 0.02074720 0.01677610 0.00904810 0.01610610 0.16751003 0.06583301 0.00600570 0.01081500 0.03069141
117 0.07456091 0.06611460 0.04710900 0.05757050 0.00952265 0.14406201 0.11487301 0.03676250 0.02789490 0.05133570 0.04134210 0.07380481 0.02256750 0.02944650 0.02728610 0.06969900 0.04737400 0.00711308 0.01960940 0.03195170
118 0.05037821 0.07182531 0.03850461 0.01705700 0.01093210 0.02158810 0.05307561 0.08331262 0.02050320 0.03774531 0.04033291 0.03550671 0.08983932 0.03483411 0.01085020 0.06043121 0.08049392 0.19034604 0.01870370 0.03373981
119 0.04370580 0.01381920 0.00980774 0.00620203 0.00793967 0.01351340 0.01185180 0.01277670 0.00862380 0.14215100 0.37291600 0.01045720 0.07902130 0.06456620 0.01265380 0.01822780 0.02341260 0.00435557 0.01952340 0.12447500
120 0.28467997 0.01947080 0.02659180 0.02256310 0.02935830 0.02438890 0.03593240 0.09459069 0.02231400 0.04331450 0.04191470 0.02226820 0.01300350 0.01394300 0.02830240 0.14100998 0.05887929 0.00546361 0.01027310 0.06173779
121 0.28702092 0.01898749 0.02673029 0.02312099 0.02950699 0.02420719 0.03690709 0.09529997 0.02216799 0.04266939 0.04048509 0.02189659 0.01270850 0.01352640 0.02821729 0.14161996 0.05769748 0.00545669 0.01040580 0.06136788
122 0.08613785 0.01260699 0.03727758 0.04141008 0.01117429 0.01803109 0.02203599 0.57237567 0.01312449 0.01194939 0.01700209 0.02319879 0.00532816 0.01000929 0.00927506 0.06152276 0.02599349 0.00254788 0.00392146 0.01507759
123 0.07130258 0.00833468 0.01058981 0.00459468 0.01453822 0.01082761 0.00865294 0.01255931 0.00609015 0.25529527 0.13969215 0.01133181 0.04333485 0.02227822 0.01465042 0.04475615 0.05317546 0.00414211 0.00991732 0.25393627
124 0.04164067 0.02028389 0.02130589 0.00763535 0.01638249 0.02128199 0.02579398 0.01051059 0.00882952 0.19565487 0.13433591 0.01690629 0.12092592 0.02770118 0.02647338 0.06901505 0.05950336 0.00688477 0.01305599 0.15587890
125 0.03328051 0.00483307 0.00535864 0.00159356 0.01198560 0.00533249 0.00283719 0.00396474 0.00263510 0.28033906 0.21508005 0.00622404 0.05630851 0.03049391 0.00420307 0.01527480 0.03545191 0.00403469 0.00966699 0.27110206
126 0.04602431 0.02740801 0.03438391 0.01565330 0.02361901 0.02113051 0.03060921 0.01638730 0.01276410 0.10853103 0.09849043 0.02373561 0.14624804 0.02882771 0.03563291 0.08071542 0.11169903 0.02186421 0.01347890 0.10279703
127 0.15342395 0.05850108 0.05398708 0.03490249 0.02393129 0.02909829 0.04290919 0.06923838 0.07339408 0.01732819 0.01885219 0.03803719 0.01055020 0.01321240 0.02592199 0.19086994 0.07978298 0.01045500 0.02598829 0.02961579
128 0.03622429 0.18973694 0.12688296 0.04944279 0.01489160 0.04233539 0.03930959 0.04181709 0.04382399 0.01758509 0.02155369 0.13233596 0.01826959 0.01430650 0.01616660 0.08486858 0.06113418 0.00937189 0.01938849 0.02055479
129 0.03439292 0.00639373 0.00464990 0.00165357 0.00858216 0.00805743 0.00347369 0.00679587 0.00355778 0.20829611 0.34671418 0.00394918 0.07750914 0.05052633 0.00349506 0.01256411 0.02406031 0.00320271 0.01075571 0.18137009
130 0.02988051 0.00419840 0.00513445 0.00090563 0.01246051 0.00418800 0.00209134 0.00255595 0.00189914 0.31161813 0.17926808 0.00541509 0.05403292 0.02446571 0.00369609 0.01484501 0.03558912 0.00414085 0.00904893 0.29456613
131 0.03924918 0.26845089 0.04608908 0.01997819 0.00962370 0.04831058 0.04881428 0.02225619 0.04032798 0.02259419 0.03245549 0.17555293 0.02025359 0.01793799 0.02427449 0.06170158 0.04275818 0.01094720 0.02058199 0.02784229
132 0.04288323 0.01393071 0.01025541 0.00684698 0.00806878 0.01410841 0.01281991 0.01284911 0.00872241 0.14160011 0.36977128 0.01086241 0.07894926 0.06470345 0.01295411 0.01789521 0.02387832 0.00445381 0.02039002 0.12405709
133 0.06938945 0.01882899 0.02888318 0.25495980 0.00671521 0.06067995 0.32611675 0.01720599 0.01348829 0.00656687 0.01468999 0.07147915 0.00511098 0.00204936 0.01357069 0.04964456 0.02039718 0.00097834 0.00285239 0.01639289
134 0.30224991 0.01114350 0.01831049 0.00878059 0.02142709 0.01506300 0.02455969 0.06621068 0.01635300 0.06662358 0.03316279 0.01638140 0.01336420 0.01276850 0.04453009 0.11348197 0.06337148 0.00367909 0.00740801 0.14113096
135 0.09279641 0.01214310 0.01145250 0.00812273 0.01223950 0.01640340 0.01418850 0.02609890 0.01005660 0.11614702 0.34760405 0.01058310 0.07263751 0.05208811 0.01308620 0.03343571 0.02706320 0.00384752 0.01334390 0.10666202
136 0.05994409 0.03806040 0.03809200 0.01599720 0.01773170 0.02131240 0.02149350 0.01893610 0.05414829 0.03351620 0.03843400 0.03297480 0.01713710 0.12002899 0.01526160 0.10167199 0.05338069 0.02178930 0.25478397 0.02530570
137 0.04378131 0.01302040 0.00987531 0.00682964 0.00817376 0.01381760 0.01221570 0.01325410 0.00845183 0.14383603 0.36889408 0.01026840 0.07841352 0.06406511 0.01222650 0.01856050 0.02392801 0.00424123 0.01941290 0.12673403
138 0.02847851 0.01724410 0.01879940 0.00488463 0.00941267 0.01951900 0.01482100 0.01979750 0.02450690 0.06084751 0.11983102 0.01923570 0.03200611 0.31365606 0.01102660 0.02105930 0.02477730 0.02054100 0.17003503 0.04952061
139 0.18308598 0.01876790 0.04167620 0.03426210 0.02592220 0.01560470 0.02311650 0.31491697 0.02110650 0.01356910 0.01366600 0.02208840 0.00502883 0.00863411 0.01265730 0.15727598 0.05589079 0.00386780 0.00483586 0.02402680
140 0.03294021 0.00714280 0.00606449 0.00129028 0.00789269 0.00903403 0.00385361 0.00831087 0.00551004 0.16684604 0.35125109 0.00467149 0.07735152 0.10062103 0.00397371 0.01129110 0.02246601 0.00468693 0.03255801 0.14224404
141 0.15447903 0.02292390 0.03576541 0.01232660 0.10999202 0.01688750 0.01495180 0.03593041 0.01518940 0.08152392 0.08788712 0.01816650 0.07840202 0.02314230 0.01850860 0.09324892 0.06781811 0.00509019 0.01972720 0.08803902
142 0.03581470 0.00478595 0.00541495 0.00152738 0.01200650 0.00536558 0.00299915 0.00353204 0.00238466 0.30962902 0.16859501 0.00692636 0.04899870 0.02364210 0.00567464 0.01662070 0.03605880 0.00431573 0.00959901 0.29610901
143 0.08756193 0.01228210 0.03724771 0.04161551 0.01123880 0.01783631 0.02200921 0.57095421 0.01314140 0.01181550 0.01675981 0.02287721 0.00537249 0.00914912 0.00881924 0.06300432 0.02615871 0.00264337 0.00415342 0.01535961
144 0.08888263 0.01983881 0.02711891 0.22187209 0.00849798 0.05692402 0.29724412 0.02640371 0.01598741 0.00656909 0.01360261 0.06396852 0.00455173 0.00275811 0.01324401 0.07817523 0.02888831 0.00182133 0.00294547 0.02070591
145 0.27700523 0.01573511 0.03933293 0.02128072 0.05084124 0.00942434 0.01426751 0.19397016 0.02133762 0.01449571 0.01409181 0.01598501 0.00438954 0.00658596 0.01443491 0.19679916 0.05946605 0.00352674 0.00426182 0.02276842
146 0.02942501 0.00401331 0.00451558 0.00105718 0.01112420 0.00468615 0.00197433 0.00220020 0.00167163 0.32695507 0.16871903 0.00538237 0.04848721 0.02176940 0.00404198 0.01498570 0.03191001 0.00453396 0.00910661 0.30344106
147 0.30944005 0.01626660 0.02685440 0.01555710 0.03765101 0.01596640 0.02178620 0.09774101 0.02388550 0.01939120 0.01633960 0.01023040 0.00643649 0.00614869 0.01790780 0.22374503 0.08363141 0.00444635 0.00719012 0.03938461
148 0.10454109 0.04283764 0.03289233 0.02999823 0.00803225 0.08089057 0.14843213 0.12136810 0.02318422 0.07380576 0.02842282 0.06328505 0.02590372 0.02509402 0.02259002 0.06133395 0.04447004 0.00830172 0.01107011 0.04354624
149 0.03443358 0.00626705 0.00465110 0.00166128 0.00874165 0.00836506 0.00345305 0.00685246 0.00366418 0.20943191 0.34388685 0.00404021 0.07676467 0.05090038 0.00345984 0.01261409 0.02431659 0.00322396 0.01095520 0.18231692
150 0.03392050 0.00847134 0.00483213 0.00157119 0.00925167 0.00824187 0.00326518 0.00645262 0.00362616 0.20336801 0.34790002 0.00402062 0.08497090 0.05045690 0.00329239 0.01215380 0.02511180 0.00302835 0.00987553 0.17618901
151 0.04248005 0.03998824 0.01912372 0.01032141 0.00548539 0.01927372 0.05330906 0.01443752 0.03568604 0.02551733 0.14640416 0.01980612 0.01569502 0.02718243 0.39560743 0.03883884 0.03683464 0.00201223 0.01228921 0.03970744
152 0.03897090 0.26481897 0.04654690 0.01993240 0.01010770 0.04875100 0.04878260 0.02174440 0.04033970 0.02319100 0.03356520 0.17280998 0.02094680 0.01828920 0.02560420 0.06150089 0.04266990 0.01174190 0.02112820 0.02855820
153 0.07123997 0.04879728 0.01874429 0.01433659 0.00714891 0.02273219 0.04240188 0.02367639 0.03719469 0.02451099 0.05205848 0.02087109 0.01589129 0.01449709 0.43215783 0.05855408 0.03668429 0.00248518 0.01205770 0.04395978
154 0.02961797 0.01234549 0.01439589 0.00267397 0.01046509 0.01598659 0.01058539 0.01345799 0.01175729 0.13956188 0.17131685 0.01326269 0.04596746 0.23681779 0.00783311 0.01691498 0.02670258 0.01116919 0.10054991 0.10861790
155 0.33918133 0.01319261 0.02422522 0.01227841 0.03890314 0.01384121 0.01885682 0.10721310 0.02273532 0.02173852 0.01754212 0.00913888 0.00556750 0.00560957 0.01898432 0.20861220 0.07162197 0.00397849 0.00613064 0.04064864
156 0.06618951 0.05350851 0.16678603 0.10026902 0.01722390 0.04628201 0.04492981 0.06348901 0.03746191 0.02747030 0.03072371 0.06459801 0.02493280 0.02212570 0.01684770 0.08978202 0.06612291 0.00825642 0.02345710 0.02954361
157 0.04664800 0.00937829 0.00898405 0.00470241 0.00799014 0.01092730 0.00764928 0.02322540 0.00520276 0.12926801 0.38696804 0.00605470 0.09532761 0.06523101 0.00527130 0.01474840 0.02948360 0.00268456 0.00948011 0.13077501
158 0.01491251 0.00958757 0.01434011 0.00104228 0.00572244 0.01379611 0.00364934 0.00428129 0.03517622 0.03725032 0.10918007 0.00912984 0.02163861 0.33619521 0.00507635 0.01145131 0.01832551 0.03184712 0.29037218 0.02702562
159 0.02785867 0.00373156 0.00424484 0.00083843 0.01081159 0.00431846 0.00160617 0.00176205 0.00149248 0.33220268 0.16577684 0.00525662 0.04778485 0.02067498 0.00341383 0.01444229 0.03123707 0.00458843 0.00889948 0.30905870
160 0.04283759 0.18596796 0.10529098 0.04240559 0.01208300 0.09165608 0.05400459 0.02887039 0.03388589 0.02201710 0.02218420 0.12721997 0.01945230 0.01584660 0.02108230 0.08182828 0.05528959 0.00486180 0.01411090 0.01910490
161 0.02850860 0.02483880 0.02388240 0.01233970 0.01154620 0.01818830 0.01190120 0.00886677 0.05007350 0.03823390 0.06449720 0.02320550 0.01849900 0.21964998 0.01113800 0.02970500 0.02781780 0.02935770 0.31970898 0.02804150
162 0.06164410 0.03628930 0.03870670 0.01561500 0.01769760 0.02083010 0.02089770 0.01917540 0.05518110 0.03256050 0.03763770 0.03200430 0.01763170 0.11986700 0.01540250 0.10311800 0.05434930 0.02221360 0.25415300 0.02502540
163 0.35752191 0.00807687 0.02148249 0.01027200 0.03473839 0.01466250 0.01595170 0.18808295 0.01756520 0.02352029 0.02146249 0.01074780 0.00382640 0.00672018 0.02010819 0.15935896 0.04589009 0.00386496 0.00329564 0.03285099
164 0.03566571 0.00474811 0.00527469 0.00162914 0.01185850 0.00532737 0.00301860 0.00360704 0.00244737 0.31021006 0.16964203 0.00671283 0.04893781 0.02353710 0.00570786 0.01633000 0.03555231 0.00440089 0.00938450 0.29600806
165 0.07771123 0.02075418 0.18458384 0.25663477 0.00886011 0.05731735 0.07402963 0.03171197 0.03407937 0.01949918 0.02080558 0.05385525 0.01933638 0.00486381 0.00762401 0.05754965 0.03830997 0.00437034 0.01244849 0.01565489
166 0.09422386 0.01989231 0.02250311 0.01272521 0.01744891 0.02765332 0.02118931 0.02781412 0.01331301 0.19477512 0.10710407 0.02072881 0.04244333 0.02537652 0.01919861 0.08328545 0.06268014 0.00589427 0.01722241 0.16452810
167 0.08396080 0.07774620 0.04838100 0.06283360 0.01370490 0.05078210 0.15170200 0.04812640 0.07991860 0.01630340 0.01734040 0.05006900 0.01191860 0.01041650 0.02297060 0.13371100 0.05513410 0.01774550 0.01867170 0.02856360
168 0.07924501 0.06321523 0.03425816 0.02644027 0.01484198 0.03011827 0.03919056 0.02714707 0.02075068 0.07852131 0.05483954 0.10364489 0.02650387 0.02150628 0.02146418 0.05411274 0.10584588 0.00518448 0.01266379 0.18050580
169 0.07511478 0.06599898 0.04761648 0.05694118 0.00971453 0.14301595 0.11645096 0.03675539 0.02698659 0.05270228 0.04036189 0.07453808 0.02285509 0.02908129 0.02700779 0.06906038 0.04724658 0.00722770 0.01887749 0.03244659
170 0.04296999 0.01363820 0.00961389 0.00654309 0.00819161 0.01352100 0.01260400 0.01224080 0.00856368 0.14390296 0.37152088 0.01011370 0.07904488 0.06360338 0.01254870 0.01789869 0.02386569 0.00410784 0.01895309 0.12655396
171 0.03965389 0.26731392 0.04629609 0.01972319 0.00986499 0.04829769 0.04869849 0.02150559 0.03986149 0.02343469 0.03224189 0.17483695 0.02078959 0.01835009 0.02536499 0.06184658 0.04275419 0.01083430 0.01982969 0.02850169
172 0.03348661 0.00505898 0.00554115 0.00128826 0.01145720 0.00585172 0.00248935 0.00480430 0.00264045 0.25066009 0.26290609 0.00494603 0.06853552 0.03805701 0.00356008 0.01356220 0.03361231 0.00336607 0.00956447 0.23861208
173 0.06101551 0.02427510 0.08831871 0.26516603 0.00873969 0.04984400 0.15787902 0.04840250 0.02371900 0.02359740 0.02007560 0.06248111 0.01212950 0.00569078 0.01272500 0.05825971 0.03819430 0.00354043 0.01500090 0.02094570
174 0.07301148 0.04248839 0.02980649 0.13531096 0.00708080 0.07647287 0.27384291 0.02961009 0.02254459 0.02201809 0.02596979 0.07700367 0.01498560 0.01386990 0.02581919 0.05741778 0.03103839 0.00605577 0.00874446 0.02690879
175 0.04704801 0.02149151 0.09690082 0.33663008 0.00566085 0.03216061 0.04890731 0.02111101 0.01944770 0.09107052 0.02624491 0.05663451 0.01654010 0.00823794 0.00907824 0.03502161 0.03650611 0.00754473 0.05252811 0.03123531
176 0.05468313 0.02603521 0.08367474 0.27671413 0.00701092 0.05439593 0.18126609 0.02758261 0.02164031 0.02106161 0.01762051 0.09066694 0.01122041 0.00395628 0.01212981 0.04495032 0.03068131 0.00264892 0.01421861 0.01784221
177 0.06585996 0.01408219 0.01279129 0.00944115 0.01301519 0.01246009 0.01666329 0.01523359 0.00832733 0.22198986 0.15130991 0.01872269 0.04532347 0.02969758 0.01513659 0.03522048 0.04891637 0.00555911 0.01325799 0.24699185
178 0.33505111 0.01278000 0.02540841 0.00935202 0.08583283 0.00854092 0.01031550 0.10460603 0.01918091 0.01690551 0.01942911 0.00731210 0.01041830 0.00552180 0.01479940 0.21113107 0.06306322 0.00299488 0.00862075 0.02873611
179 0.04529591 0.05964121 0.03421191 0.04456941 0.00412467 0.13865602 0.25659204 0.02292230 0.02261510 0.05381291 0.02555400 0.06894451 0.07409341 0.02670830 0.02256090 0.04148661 0.02359440 0.00503432 0.00822375 0.02135830
