1 0.02750499 0.00334173 0.00383298 0.00128256 0.00973605 0.00457101 0.00309368 0.00549399 0.00096669 0.29511686 0.22840989 0.00285875 0.06103407 0.03219918 0.00201409 0.01896819 0.01966419 0.00455837 0.00768689 0.26766587
2 0.11682601 0.04251510 0.03219290 0.02025380 0.00923291 0.03467450 0.02974880 0.03136650 0.07108271 0.05026260 0.03700400 0.03123240 0.01724660 0.02363230 0.23306802 0.08020521 0.04860530 0.00567731 0.03543850 0.04973450
3 0.06826469 0.04848379 0.06085099 0.12371898 0.01017660 0.03653589 0.06888449 0.18133597 0.04090549 0.01008920 0.01281730 0.04908829 0.00559591 0.01662630 0.01746080 0.11799698 0.10180698 0.00653176 0.00521711 0.01761250
4 0.06624913 0.01462671 0.01140720 0.01235130 0.01359311 0.01159290 0.01522811 0.01046980 0.00746907 0.22136009 0.15248506 0.01756961 0.04583082 0.02780961 0.01317641 0.03967772 0.04669372 0.00675383 0.01481271 0.25084310
5 0.15711489 0.06548295 0.04675287 0.06979385 0.01633329 0.05038076 0.07668254 0.04624557 0.02449348 0.02651178 0.02037459 0.11492792 0.01111369 0.01967099 0.02071769 0.12963191 0.04997266 0.00481852 0.01071589 0.03826417
6 0.06078721 0.02811480 0.17035502 0.18301402 0.00882137 0.05353151 0.07600031 0.03722190 0.03220600 0.05015991 0.02645250 0.06486381 0.01966450 0.01576040 0.01346350 0.06817931 0.04426561 0.00448460 0.01207580 0.03057790
7 0.19852716 0.02667792 0.03336773 0.03751783 0.02739492 0.01859602 0.02632702 0.24941420 0.01824181 0.01279941 0.01518571 0.01913732 0.00570687 0.01292911 0.02158752 0.18224415 0.06860416 0.00682140 0.00455043 0.01436931
8 0.04658781 0.00947833 0.00934378 0.00572304 0.01167670 0.01698430 0.01305580 0.01139310 0.00731550 0.26765407 0.17627905 0.01158550 0.05578332 0.03213151 0.01005560 0.03146971 0.02911661 0.00582788 0.01441630 0.23412206
9 0.05591484 0.04625813 0.02898972 0.08047776 0.00371078 0.05615774 0.21429015 0.03298972 0.01019741 0.02115242 0.02700962 0.11833608 0.01110191 0.01652081 0.14914911 0.05572364 0.03954533 0.00216241 0.01073491 0.01957751
10 0.01326400 0.00991563 0.01445940 0.00389215 0.00354023 0.00849662 0.00232587 0.00260126 0.04003441 0.02602661 0.07479071 0.01367300 0.01275810 0.35142607 0.00244334 0.01669240 0.01551740 0.02717401 0.33824507 0.02272370
11 0.03687779 0.08813417 0.05325168 0.02284969 0.00641456 0.03515249 0.06590238 0.01705039 0.06669908 0.02865769 0.03781879 0.15671994 0.01579719 0.08149977 0.01128690 0.03988209 0.02566149 0.01469899 0.17275994 0.02288499
12 0.03589221 0.01673951 0.01923321 0.00962165 0.00852335 0.01320081 0.01139670 0.01284191 0.02863071 0.05577482 0.13230105 0.01853831 0.03147791 0.30800412 0.01004850 0.03005341 0.02544581 0.01807511 0.16669007 0.04751082
13 0.07408023 0.01833448 0.12604188 0.27912274 0.00466335 0.05193105 0.18759183 0.02511698 0.02104948 0.00741948 0.01395109 0.06564154 0.00378238 0.00786786 0.00616461 0.05640075 0.01978858 0.00222149 0.00630831 0.02252188
14 0.08088780 0.01919740 0.04427460 0.28891601 0.00649108 0.05257320 0.28389401 0.02098050 0.01252310 0.00668593 0.00913744 0.05806330 0.00173242 0.00525925 0.00964789 0.04858770 0.01580910 0.00113786 0.00551380 0.02868760
15 0.04605521 0.27305104 0.03251840 0.02379950 0.00998846 0.05914211 0.04295641 0.02600320 0.03609091 0.01859150 0.03947931 0.16843402 0.01657140 0.01945080 0.02315350 0.06715181 0.03885651 0.01285920 0.01685690 0.02898980
16 0.07212414 0.01602421 0.04350042 0.04360532 0.01414661 0.01489341 0.01897391 0.59415431 0.00893748 0.01241821 0.01733541 0.01626601 0.00676182 0.00784126 0.00872709 0.06572853 0.02104941 0.00327961 0.00417101 0.01006181
17 0.06586271 0.01410410 0.01104070 0.01246530 0.01357650 0.01097030 0.01575950 0.01005250 0.00724725 0.22287602 0.15197001 0.01717190 0.04566720 0.02733990 0.01332530 0.03916090 0.04706950 0.00672887 0.01508050 0.25253102
18 0.05251316 0.14919989 0.03158678 0.02311348 0.00823832 0.14530589 0.08556514 0.01784669 0.02645338 0.07556554 0.04495537 0.10456892 0.01486779 0.01108709 0.01567599 0.10644792 0.03853237 0.00419231 0.01197139 0.03231258
19 0.07184675 0.03982093 0.03099282 0.13204410 0.00562121 0.08478266 0.29735922 0.03299612 0.01503271 0.02214102 0.03088562 0.07427996 0.00812687 0.01085651 0.02011052 0.05424734 0.02903142 0.00369798 0.01047181 0.02565442
20 0.03597843 0.00565183 0.00500107 0.00187199 0.00849970 0.00698465 0.00638485 0.00902296 0.00201625 0.20866615 0.31094422 0.00518507 0.07331385 0.05256464 0.00350777 0.02258822 0.02565592 0.00489368 0.01194361 0.19932514
21 0.16085396 0.03919469 0.03997089 0.03592069 0.02552199 0.03220659 0.03629629 0.06257288 0.02442349 0.03436879 0.03495059 0.03232459 0.01405490 0.01931580 0.02769179 0.20635195 0.10773797 0.00779844 0.01483550 0.04360819
22 0.04151257 0.01549229 0.01084739 0.00621281 0.00772434 0.01598579 0.01632979 0.01427939 0.00812398 0.14063789 0.34286372 0.01147649 0.07728024 0.07173464 0.00994167 0.02777438 0.02505038 0.00658256 0.02508478 0.12506490
23 0.03969943 0.14424910 0.06085564 0.02266392 0.00895112 0.04201813 0.03578042 0.01332691 0.02760932 0.03631713 0.04888163 0.21285415 0.09634947 0.02082171 0.01818641 0.05203724 0.04812283 0.01062491 0.01796891 0.04268163
24 0.07634547 0.01614359 0.04320028 0.04331188 0.01473589 0.01502599 0.01911459 0.58555974 0.00936092 0.01219789 0.01722329 0.01649459 0.00636121 0.00814858 0.01003810 0.06750987 0.02173929 0.00315947 0.00416896 0.01016040
25 0.02849811 0.00787629 0.00741096 0.00238446 0.01089580 0.00887212 0.00608922 0.00830097 0.00385907 0.27439305 0.21430504 0.00605025 0.09340982 0.03331401 0.00430050 0.02195220 0.02652600 0.00838253 0.00908955 0.22409004
26 0.37194709 0.01246330 0.01240730 0.01802630 0.03335001 0.01921870 0.02541141 0.17920104 0.01771170 0.01716580 0.02083911 0.01183760 0.00554503 0.01085240 0.02413421 0.14150703 0.04995881 0.00560062 0.00300731 0.01981520
27 0.02525321 0.00665125 0.00559641 0.00184295 0.01054120 0.00757800 0.00462760 0.00695813 0.00301325 0.30071810 0.19894107 0.00427486 0.08879333 0.02763621 0.00336566 0.01966411 0.02282581 0.00798285 0.00739490 0.24634108
28 0.07729522 0.02220091 0.03417991 0.25770006 0.00560976 0.05908971 0.31899908 0.02273971 0.01076420 0.00689564 0.00994184 0.06041091 0.00169524 0.00528546 0.01145410 0.04581721 0.01776140 0.00100918 0.00543354 0.02571691
29 0.03507476 0.00353652 0.00459396 0.00212476 0.01138899 0.00501893 0.00342257 0.00414494 0.00247579 0.32178364 0.16390182 0.00465122 0.05020714 0.01970778 0.00598606 0.02117168 0.02441337 0.00483018 0.00781122 0.30375466
30 0.03961127 0.13093691 0.03174958 0.05425276 0.00268420 0.08401734 0.20355485 0.02682598 0.01310339 0.02990868 0.01832869 0.20350785 0.00819307 0.00956477 0.01205289 0.06030506 0.02590288 0.00358816 0.01535899 0.02655268
31 0.07550526 0.01669369 0.04324948 0.04311858 0.01473749 0.01502689 0.01905729 0.58400373 0.00939189 0.01243019 0.01766589 0.01674899 0.00664085 0.00842874 0.00926574 0.06773417 0.02227399 0.00312754 0.00427441 0.01062520
32 0.03358570 0.00461185 0.00452003 0.00129735 0.00701254 0.00718476 0.00639487 0.00939828 0.00151980 0.19446599 0.34767498 0.00367069 0.07874590 0.05878120 0.00251554 0.02110370 0.02138150 0.00419274 0.01163960 0.18030299
33 0.03020809 0.00546130 0.00390515 0.00093806 0.00650505 0.00961213 0.00749795 0.00925835 0.00180371 0.20404591 0.35219085 0.00259476 0.08195437 0.05887928 0.00186691 0.01986879 0.01729249 0.00429005 0.01110790 0.17071893
34 0.05388557 0.12960194 0.02354689 0.01813579 0.00996066 0.02491379 0.04637458 0.02625299 0.02217549 0.01334509 0.04761088 0.05077088 0.00961760 0.02487879 0.33043684 0.06825517 0.05946307 0.00575263 0.01451219 0.02050919
35 0.01040579 0.00477466 0.01410009 0.00308638 0.00330830 0.00837983 0.00149343 0.00192726 0.02971199 0.03223308 0.07587276 0.00892172 0.01333039 0.44561678 0.00149391 0.01470459 0.01550249 0.01918549 0.27550087 0.02045019
36 0.04575161 0.21557405 0.05423411 0.02740311 0.00929606 0.04458081 0.02766761 0.02562301 0.11991103 0.01421310 0.03881441 0.11247803 0.01181310 0.03890721 0.01396370 0.06943302 0.04063221 0.01281720 0.06042931 0.01645730
37 0.16023699 0.03929700 0.04001020 0.03599030 0.02545060 0.03191430 0.03678020 0.06467179 0.02434960 0.03329420 0.03551150 0.03265010 0.01374360 0.01963590 0.02766610 0.20662298 0.10687599 0.00773579 0.01541780 0.04214510
38 0.02949689 0.02374629 0.02149909 0.00977055 0.00911981 0.01347499 0.01396719 0.00870377 0.05441878 0.03476009 0.07185947 0.02599709 0.01568669 0.19711292 0.00958887 0.03254579 0.02313589 0.02512759 0.34508486 0.03490339
39 0.05166804 0.15592783 0.03903676 0.02975177 0.01751438 0.02414737 0.05066104 0.04240455 0.10045189 0.01104799 0.02808287 0.04161715 0.01315819 0.02422577 0.01059199 0.14254384 0.05005224 0.12661686 0.02240348 0.01809598
40 0.03501232 0.01704491 0.01931311 0.00939001 0.00837041 0.01332331 0.01095331 0.01253991 0.02872471 0.05527003 0.13122806 0.01878771 0.03100951 0.31010515 0.01084171 0.02952171 0.02598431 0.01734531 0.16838808 0.04684642
41 0.07195997 0.07316837 0.04395388 0.05912668 0.00897969 0.15163195 0.12343696 0.03377909 0.02762999 0.05167588 0.05395788 0.07404387 0.01643249 0.01971379 0.02111969 0.07021217 0.04897768 0.00518667 0.01560919 0.02940409
42 0.14185692 0.03635088 0.02304419 0.05281037 0.01554979 0.02555399 0.03059248 0.13573393 0.01898239 0.01431989 0.02379469 0.02731928 0.01186499 0.05694867 0.11738494 0.18702090 0.05088217 0.00592272 0.00785543 0.01621139
43 0.02283011 0.01295440 0.01139030 0.00527932 0.00591987 0.01071770 0.00706042 0.00516857 0.03252581 0.04812921 0.15191203 0.01614440 0.02776481 0.22454605 0.00467809 0.02141010 0.01806570 0.02560061 0.30138407 0.04651841
44 0.04171218 0.01560579 0.01055850 0.00573443 0.00771557 0.01616759 0.01596429 0.01417409 0.00788075 0.14142695 0.34546187 0.01088250 0.07732077 0.07121027 0.00958601 0.02760489 0.02465449 0.00646772 0.02390439 0.12596695
45 0.02744439 0.00706456 0.00836243 0.00246002 0.00475834 0.00892369 0.00734173 0.00867793 0.01298590 0.08706457 0.28861591 0.00694330 0.06106758 0.23324693 0.00541952 0.01872159 0.01828599 0.01002220 0.10960096 0.07299248
46 0.04119862 0.01473391 0.00958415 0.00548609 0.00751805 0.01588791 0.01615581 0.01382801 0.00792076 0.14204107 0.34774916 0.01045950 0.07798394 0.07234893 0.00952967 0.02714671 0.02422411 0.00619501 0.02410651 0.12590206
47 0.07149900 0.07250320 0.04441790 0.05920850 0.00869443 0.15152100 0.12530600 0.03613630 0.02769190 0.05099390 0.05438400 0.07385190 0.01639960 0.01884030 0.02086110 0.07001420 0.04812610 0.00503487 0.01524630 0.02926950
48 0.02630041 0.00303405 0.00398789 0.00140147 0.01077641 0.00331761 0.00178752 0.00395001 0.00095912 0.32856317 0.17819209 0.00324865 0.05780143 0.02117881 0.00230735 0.01763781 0.02081291 0.00542706 0.00635306 0.30296315
49 0.19558620 0.02822903 0.03742464 0.03398874 0.03088843 0.02091982 0.02463923 0.11782112 0.02138402 0.01293981 0.01313511 0.01732932 0.00621699 0.01225571 0.01920632 0.22975224 0.14541715 0.00805316 0.00489875 0.01991422
50 0.07108700 0.02442140 0.04811350 0.24986301 0.00655698 0.06190190 0.23510801 0.02422170 0.01576600 0.02918270 0.01619120 0.07149710 0.00425958 0.00745751 0.01033920 0.05732090 0.02102540 0.00161516 0.00924523 0.03482650
51 0.03493422 0.00374671 0.00459080 0.00213854 0.01132271 0.00500205 0.00332710 0.00407390 0.00235387 0.32126922 0.16495212 0.00471105 0.05017704 0.01968121 0.00577452 0.02128181 0.02457102 0.00486715 0.00760172 0.30362321
52 0.08824534 0.07339393 0.06245292 0.04848762 0.01320251 0.04141612 0.03899882 0.03575381 0.11194704 0.03264911 0.04089892 0.05519832 0.01864691 0.05825002 0.02307211 0.08392053 0.05043622 0.01279441 0.08065233 0.02958301
53 0.04725954 0.00989623 0.00915438 0.00527978 0.01154991 0.01780191 0.01370991 0.01133301 0.00794320 0.26584922 0.17723515 0.01173251 0.05600655 0.03193163 0.01028911 0.03041072 0.02902852 0.00578452 0.01466301 0.23314119
54 0.15026691 0.02757508 0.18814588 0.09838834 0.01601359 0.04159897 0.04385297 0.03740138 0.03057448 0.02162469 0.02544138 0.04963667 0.01891909 0.01761039 0.02030329 0.10104994 0.05601747 0.00503142 0.01767009 0.03287798
55 0.28582509 0.02116621 0.02419961 0.03178701 0.03108531 0.02500351 0.03785181 0.08191663 0.02196091 0.04154021 0.04144171 0.02245321 0.01286980 0.01983201 0.02757521 0.13692704 0.06165872 0.00613469 0.01137520 0.05739612
56 0.03131698 0.00362556 0.00431851 0.00187443 0.01098929 0.00477532 0.00322865 0.00386460 0.00200514 0.32954277 0.16620788 0.00414082 0.05122686 0.01952139 0.00489796 0.01970139 0.02127529 0.00505860 0.00728380 0.30514479
57 0.31320208 0.01768150 0.02254021 0.01844140 0.03978811 0.01628490 0.02073541 0.07596602 0.02102091 0.02246741 0.01906940 0.01324850 0.00585052 0.01380050 0.02115661 0.22682106 0.08776882 0.00463470 0.00661772 0.03290421
58 0.05526750 0.06015230 0.03692220 0.02204210 0.01589240 0.07210420 0.03314400 0.04053190 0.02810460 0.02889110 0.03864520 0.03623450 0.04311860 0.03646010 0.01633710 0.10211300 0.13434300 0.13819400 0.02484720 0.03665500
59 0.02855069 0.01418309 0.01224979 0.00346575 0.01164109 0.01251609 0.00950257 0.01292129 0.00812293 0.21821589 0.21926289 0.00903657 0.16765192 0.03718688 0.00745113 0.02566359 0.03603758 0.01604429 0.00905404 0.14124193
60 0.02697218 0.33832574 0.02829378 0.01319469 0.00282497 0.06057065 0.02815688 0.00847654 0.02883768 0.01128509 0.02530698 0.27998979 0.01487709 0.01292379 0.00569465 0.04667196 0.02766988 0.00546439 0.01059769 0.02386558
61 0.04815013 0.01313121 0.01133361 0.00642116 0.00992785 0.01229221 0.01164491 0.01614771 0.01312611 0.09873657 0.28157919 0.01070321 0.06158544 0.14988410 0.01234011 0.05089543 0.02996592 0.00861133 0.06470514 0.08881866
62 0.03872137 0.20837882 0.03552657 0.03799597 0.00240484 0.09057272 0.09675132 0.02120228 0.01999708 0.02271558 0.02008658 0.25411879 0.01297289 0.01134669 0.00642798 0.05593105 0.02829728 0.00357971 0.01150889 0.02146358
63 0.04717887 0.00974680 0.00919828 0.00534221 0.01184929 0.01788589 0.01302629 0.01095129 0.00764758 0.26681084 0.17586289 0.01160239 0.05475257 0.03220328 0.01051669 0.03112948 0.02949548 0.00611101 0.01477999 0.23390886
64 0.06392271 0.03810651 0.21911903 0.11524202 0.01210780 0.04152591 0.04625661 0.05747631 0.03775211 0.02189820 0.03146450 0.05799251 0.02252070 0.02337620 0.01661150 0.08238151 0.05759771 0.00619966 0.02264550 0.02580300
65 0.04406459 0.04971668 0.09194637 0.13236196 0.01268000 0.04177709 0.03921019 0.04144549 0.10278697 0.02411429 0.07026018 0.03789129 0.01901219 0.02258769 0.01474630 0.08567207 0.11722296 0.00745023 0.01587079 0.02918269
66 0.07080149 0.04108570 0.03134830 0.13070398 0.00546448 0.08485749 0.29404596 0.03360350 0.01507100 0.02232360 0.03222190 0.07484549 0.00847965 0.01097030 0.02042650 0.05382449 0.02964280 0.00456279 0.01052630 0.02519430
67 0.08046829 0.01920080 0.04363180 0.28830497 0.00650142 0.05285809 0.28308597 0.02079230 0.01299760 0.00687419 0.00923782 0.05882609 0.00180822 0.00526282 0.00944509 0.04895539 0.01608510 0.00118792 0.00552023 0.02895590
68 0.35369869 0.01356049 0.01579259 0.01578429 0.03848707 0.01575969 0.02581948 0.13259388 0.01761348 0.01647539 0.01668499 0.01188289 0.00473807 0.01134029 0.01750508 0.17563685 0.08347433 0.00527898 0.00321183 0.02466168
69 0.10539702 0.03212691 0.04464821 0.02455740 0.02785511 0.03234961 0.02904991 0.03727891 0.02101490 0.04926251 0.05007851 0.03157781 0.02541841 0.02363150 0.02984401 0.15631003 0.17706104 0.01004350 0.01597140 0.07652332
70 0.03099219 0.01064750 0.00956141 0.00286753 0.01124380 0.01090700 0.00777809 0.01056300 0.00557518 0.23891791 0.22675792 0.00812422 0.11897196 0.03845509 0.00610724 0.02461809 0.03138829 0.01074820 0.00999849 0.18577693
71 0.02894549 0.35329190 0.02458719 0.01319140 0.00400072 0.09642647 0.03330119 0.01015290 0.02930659 0.01433950 0.03228719 0.20449594 0.01446610 0.00954462 0.00603424 0.06376438 0.02787389 0.00498164 0.00566085 0.02334779
72 0.08013816 0.11119095 0.04044378 0.15169393 0.01043150 0.03983038 0.11303495 0.02750819 0.02442299 0.02158139 0.02492279 0.08271586 0.00904980 0.01305239 0.01383609 0.07816546 0.03897108 0.00736762 0.00999774 0.10164495
73 0.05460578 0.04513678 0.02391959 0.09087856 0.00244985 0.14644894 0.33841685 0.02809679 0.01489789 0.02600459 0.03783238 0.07087097 0.00667548 0.00759762 0.01271499 0.04131058 0.02690489 0.00154556 0.00782883 0.01586309
74 0.08124871 0.04270950 0.03680570 0.11848601 0.00773471 0.06826801 0.23596603 0.04274650 0.01759050 0.02254330 0.01986300 0.08626231 0.00637785 0.01128730 0.01900020 0.10015801 0.03768820 0.00675243 0.01083900 0.02767270
75 0.02867420 0.00748481 0.01093770 0.00346990 0.00822635 0.00997799 0.00668052 0.00833279 0.01394260 0.13332899 0.20699399 0.00767543 0.05106490 0.23679298 0.00393761 0.02264980 0.02276370 0.00895577 0.10231699 0.10579299
76 0.28935518 0.02114431 0.02378541 0.03093982 0.03132422 0.02429191 0.03724702 0.08285255 0.02180571 0.04175873 0.04058902 0.02266001 0.01282221 0.01931841 0.02672752 0.13692008 0.06139534 0.00580669 0.01058461 0.05867124
77 0.05988033 0.01793961 0.01415411 0.00791912 0.01866611 0.01945061 0.01579941 0.01553931 0.01143151 0.12057807 0.24905514 0.01686131 0.06362124 0.05074723 0.02061061 0.04729253 0.08673535 0.00869391 0.01719741 0.13782708
78 0.07525253 0.02806207 0.03918586 0.21061080 0.00338878 0.09287241 0.29469572 0.03022997 0.01270559 0.00992597 0.01370249 0.07442453 0.00208593 0.00687163 0.01064559 0.05016555 0.02141158 0.00080450 0.00505593 0.01790258
79 0.24311402 0.01733610 0.01797450 0.01433600 0.02476770 0.01687410 0.02287440 0.03586310 0.02105430 0.07597931 0.04327610 0.01550620 0.01472630 0.01490870 0.03721090 0.14189001 0.08379591 0.00386433 0.01240000 0.14224801
80 0.33039098 0.02133820 0.01756110 0.01161490 0.12911099 0.01271420 0.01104560 0.06680300 0.01628400 0.01989360 0.02216510 0.01170210 0.01377110 0.02618390 0.01192070 0.16406599 0.07100880 0.00339782 0.00854725 0.03048070
81 0.07705365 0.04541103 0.06420064 0.18468012 0.00293398 0.09207516 0.17926511 0.04011953 0.01676611 0.01328071 0.01114561 0.12721508 0.00439556 0.01281031 0.00964007 0.06703904 0.02779382 0.00149398 0.00698548 0.01569501
82 0.03944544 0.00741778 0.00600545 0.00200744 0.00971898 0.01111561 0.00906564 0.01113451 0.00432091 0.18945519 0.32695733 0.00514714 0.07654838 0.05544616 0.00385648 0.03538914 0.02892083 0.00411421 0.01194121 0.16199217
83 0.02247162 0.01311701 0.01149931 0.00545631 0.00558799 0.01038941 0.00729514 0.00532919 0.03283932 0.04799493 0.15240810 0.01656191 0.02740192 0.22130115 0.00477279 0.02158501 0.01780751 0.02566512 0.30434321 0.04617303
84 0.05225882 0.14901806 0.04312132 0.05846192 0.00370989 0.11083804 0.12127005 0.02961731 0.02189591 0.02808091 0.02273991 0.19325508 0.01172280 0.01304221 0.01090680 0.06042632 0.03259271 0.00346152 0.01221440 0.02136601
85 0.07167363 0.04027082 0.03141541 0.13089305 0.00530528 0.08448923 0.29707511 0.03322031 0.01492251 0.02183311 0.03046871 0.07481293 0.00809044 0.01073550 0.02030591 0.05481722 0.02941071 0.00402390 0.01046610 0.02577011
86 0.04626571 0.03441301 0.01856950 0.01169790 0.01307510 0.12897703 0.06683552 0.01477400 0.02508581 0.09533242 0.22960006 0.02024570 0.05187861 0.03352811 0.01353870 0.04009081 0.07505152 0.00683706 0.01394470 0.06025871
87 0.03142640 0.00306651 0.00410075 0.00174027 0.01117360 0.00394456 0.00226429 0.00325414 0.00166108 0.33536704 0.15939702 0.00374421 0.04934511 0.01733420 0.00463733 0.01883860 0.02197820 0.00475581 0.00664682 0.31532404
88 0.04697890 0.27194097 0.03313460 0.02342290 0.01023700 0.05795139 0.04143740 0.02616200 0.03737400 0.01855470 0.03864380 0.16705298 0.01645740 0.02065140 0.02232530 0.06854539 0.03884780 0.01233060 0.01866030 0.02929120
89 0.09622851 0.03231530 0.02381400 0.01557500 0.01859300 0.02324550 0.02283040 0.02969800 0.02072160 0.09329821 0.19335802 0.02232870 0.04459760 0.04068150 0.02117540 0.12218201 0.05702440 0.00770012 0.01860680 0.09602591
90 0.05546593 0.01698511 0.25926114 0.27839715 0.00435140 0.04111842 0.07726984 0.02784892 0.03370242 0.00698307 0.02275761 0.04703723 0.00858979 0.00788434 0.00551663 0.05510913 0.02368891 0.00354062 0.00794160 0.01655071
91 0.06541611 0.01429130 0.01135990 0.01178280 0.01351920 0.01117370 0.01529280 0.01052420 0.00713663 0.22464602 0.15362002 0.01678080 0.04579991 0.02779280 0.01372620 0.03880490 0.04535480 0.00665626 0.01440660 0.25191503
92 0.03115158 0.00591373 0.00449757 0.00138359 0.00769113 0.01094409 0.00793559 0.00918490 0.00266512 0.21845086 0.32119280 0.00339535 0.07714435 0.05370447 0.00258101 0.02099129 0.01942489 0.00456402 0.01130479 0.18587888
93 0.05086951 0.16708102 0.04729371 0.05131251 0.00590110 0.05979301 0.08503461 0.02892240 0.02795210 0.02429550 0.02839230 0.20822703 0.01765260 0.02200410 0.01758310 0.05938121 0.03701191 0.00646336 0.02243200 0.03239690
94 0.02160941 0.00286012 0.00337956 0.00119287 0.00967945 0.00342162 0.00183269 0.00351748 0.00061294 0.33684111 0.19144606 0.00208034 0.05519132 0.02291211 0.00130071 0.01596991 0.01411110 0.00495716 0.00610694 0.30097710
95 0.06474477 0.03893228 0.21816689 0.11624594 0.01209639 0.04184838 0.04506658 0.05853237 0.03788838 0.02144509 0.03175148 0.05736977 0.02248939 0.02301179 0.01663319 0.08326366 0.05760767 0.00648319 0.02108289 0.02533989
96 0.05998637 0.13884292 0.04768177 0.05557877 0.00746733 0.06001847 0.08919835 0.03489378 0.02316609 0.02510339 0.02261769 0.19155289 0.01571609 0.01664399 0.01786049 0.09998305 0.04321928 0.00544652 0.01371669 0.03130608
97 0.02162770 0.00287396 0.00333397 0.00115932 0.00962414 0.00353108 0.00187593 0.00369594 0.00059909 0.33665608 0.19197904 0.00209782 0.05522371 0.02313611 0.00132544 0.01601510 0.01400520 0.00493298 0.00615330 0.30015407
98 0.04172481 0.01507891 0.00951069 0.00528920 0.00738646 0.01658161 0.01616801 0.01489341 0.00784245 0.14247705 0.34623712 0.01051070 0.07841593 0.07126112 0.00967360 0.02721581 0.02413561 0.00621836 0.02275311 0.12662604
99 0.06996924 0.02962808 0.24964579 0.09589732 0.01558709 0.03893327 0.03112747 0.03673647 0.03200107 0.01492929 0.02121098 0.04004647 0.02106348 0.01253719 0.01963608 0.14422188 0.08780993 0.00695282 0.01302509 0.01904098
100 0.04400437 0.05299957 0.03383928 0.08665615 0.00211844 0.08356155 0.27644483 0.03517118 0.00659856 0.03167328 0.01287659 0.18367189 0.00583881 0.00858465 0.01099239 0.06151566 0.02354499 0.00159803 0.01740319 0.02090659
101 0.07102529 0.04051189 0.03121539 0.12968898 0.00549958 0.08458379 0.29903895 0.03314579 0.01483620 0.02152870 0.02950629 0.07521829 0.00815116 0.01095860 0.02080640 0.05455909 0.02946009 0.00439473 0.01025280 0.02561800
102 0.05055360 0.16397601 0.04241440 0.04437520 0.00597599 0.06118310 0.08345951 0.02823520 0.02268460 0.02425030 0.02235800 0.22818702 0.01655650 0.01485720 0.01354950 0.09184501 0.03736670 0.00539843 0.01363030 0.02914340
103 0.04121551 0.01494390 0.00993652 0.00553964 0.00758872 0.01649230 0.01570950 0.01457660 0.00791901 0.14221902 0.34747906 0.01004750 0.07822701 0.07131481 0.00966211 0.02733890 0.02442660 0.00622483 0.02322540 0.12591302
104 0.10711706 0.02630382 0.03512762 0.01863561 0.08671615 0.01829541 0.01532891 0.19830112 0.01868111 0.05798573 0.07024404 0.01678391 0.08436405 0.02170971 0.01620551 0.07243084 0.06268544 0.00912921 0.01546181 0.04849293
105 0.30790415 0.01859321 0.01648651 0.04255132 0.01825851 0.03929822 0.09061464 0.16962908 0.01618921 0.01570441 0.01905671 0.02977821 0.00448214 0.00939952 0.02483561 0.10058105 0.04624132 0.00781539 0.00384246 0.01873831
106 0.07139717 0.04016488 0.03163949 0.13037495 0.00549124 0.08479887 0.29410389 0.03297839 0.01487539 0.02286979 0.03136289 0.07530407 0.00904164 0.01083040 0.02032859 0.05425258 0.02925649 0.00426140 0.01059520 0.02607269
107 0.04621107 0.01040549 0.00935043 0.00570538 0.01154409 0.01846699 0.01405199 0.01139639 0.00779382 0.26608680 0.17457287 0.01252799 0.05472806 0.03212578 0.01099839 0.03144588 0.02883988 0.00583559 0.01501429 0.23289883
108 0.05462032 0.06092382 0.02106511 0.01428580 0.00989772 0.01737320 0.02519081 0.02766611 0.02816971 0.04023091 0.06253122 0.02549311 0.05428912 0.08071672 0.01171500 0.05835332 0.05594482 0.21624906 0.07485732 0.06042682
109 0.03515832 0.00380999 0.00463018 0.00218078 0.01135101 0.00511111 0.00342813 0.00412042 0.00251810 0.32144919 0.16375710 0.00459751 0.05005793 0.01953271 0.00615844 0.02125941 0.02457251 0.00490572 0.00770823 0.30369318
110 0.04257688 0.02370819 0.02696549 0.00899153 0.01356999 0.01795529 0.01631029 0.01734949 0.01390989 0.14179992 0.22209388 0.02560359 0.12783393 0.05241457 0.01326659 0.03802028 0.04296448 0.01743559 0.01846019 0.11876994
111 0.06149922 0.07038893 0.03202531 0.02563101 0.01129300 0.11591405 0.06625073 0.02248381 0.03058491 0.06740063 0.15465106 0.04339242 0.03310961 0.02658221 0.01855921 0.10571404 0.04655232 0.00601050 0.01478521 0.04717182
112 0.04906160 0.07648380 0.03685180 0.02553770 0.00885164 0.17755599 0.10487500 0.01706510 0.08522190 0.05448600 0.13357800 0.03474730 0.02315180 0.02411780 0.01477690 0.04724010 0.03738890 0.00554379 0.02231210 0.02115280
113 0.12493301 0.02271580 0.04511730 0.01714110 0.02693830 0.03150180 0.01505370 0.03755700 0.01568510 0.01950820 0.01597070 0.01454800 0.00984011 0.00994870 0.02327020 0.29142003 0.23151702 0.00589895 0.00932174 0.03211320
114 0.07196615 0.07405585 0.04376057 0.05984366 0.00900412 0.14997190 0.12567691 0.03377418 0.02746178 0.05140657 0.05443936 0.07400125 0.01690339 0.01840819 0.02082609 0.07009765 0.04913007 0.00505305 0.01494109 0.02927818
115 0.06683547 0.01401121 0.01101281 0.01193291 0.01345431 0.01113341 0.01514192 0.01041981 0.00745189 0.22240224 0.15272416 0.01721042 0.04578165 0.02755103 0.01317381 0.03933954 0.04687815 0.00725827 0.01482972 0.25145727
116 0.09746088 0.07366078 0.04372609 0.03627509 0.11001198 0.03110399 0.03579339 0.03234509 0.02568319 0.04292659 0.04114719 0.09956878 0.03133579 0.03255099 0.02027360 0.07922678 0.08141088 0.00775982 0.02357029 0.05416879
117 0.07159379 0.07516249 0.04400799 0.05945269 0.00854742 0.15084198 0.12515998 0.03579469 0.02730760 0.04996479 0.05443139 0.07458719 0.01647850 0.01891790 0.02060370 0.07000779 0.04863899 0.00514423 0.01484540 0.02851150
118 0.05890304 0.04712413 0.02282921 0.01120801 0.01127571 0.01819551 0.02214371 0.09114105 0.01770641 0.05867734 0.08372305 0.01886861 0.14466209 0.02849762 0.01394211 0.05658603 0.06730444 0.16446410 0.01457611 0.04817173
119 0.04132179 0.01497060 0.00951791 0.00495802 0.00763860 0.01638920 0.01607500 0.01396990 0.00797321 0.14336498 0.34584394 0.01023340 0.07806589 0.07192839 0.00927615 0.02715440 0.02445800 0.00644258 0.02401610 0.12640198
120 0.28632787 0.02211829 0.02380969 0.03086699 0.03184839 0.02490529 0.03742348 0.08141236 0.02230279 0.04150528 0.04151798 0.02277519 0.01329619 0.01954359 0.02698189 0.13657194 0.06175537 0.00618477 0.01131139 0.05754127
121 0.29109111 0.02198541 0.02363511 0.03081141 0.03188681 0.02434381 0.03668961 0.08336733 0.02181421 0.04004472 0.04029692 0.02296321 0.01265750 0.01977301 0.02687871 0.13687705 0.06127852 0.00604591 0.01132630 0.05623332
122 0.07518582 0.01612311 0.04309951 0.04278341 0.01408660 0.01491230 0.01887511 0.59070319 0.00905917 0.01208480 0.01711781 0.01657451 0.00625715 0.00822168 0.00946465 0.06681722 0.02114961 0.00328144 0.00390359 0.01029930
123 0.08236034 0.00714653 0.00927703 0.00472371 0.01489901 0.01148771 0.01043081 0.00871880 0.00947426 0.23260612 0.14002207 0.01104361 0.04259362 0.02107471 0.02084791 0.05493623 0.05471153 0.00381025 0.01234561 0.24749013
124 0.03848840 0.02939970 0.01875600 0.00695678 0.01168410 0.09484431 0.03808930 0.01273320 0.01419360 0.17249401 0.19898401 0.02102890 0.11667001 0.03243170 0.01273410 0.03154860 0.04048880 0.00908635 0.01278970 0.08659841
125 0.03499582 0.00387819 0.00477712 0.00209536 0.01134191 0.00456718 0.00369440 0.00582056 0.00151911 0.27574315 0.21445812 0.00568978 0.05790483 0.03065492 0.00334655 0.02198491 0.03055492 0.00468406 0.00867093 0.27361815
126 0.05092660 0.02290920 0.16617300 0.03930340 0.01712020 0.02762970 0.02415020 0.01869820 0.03252520 0.04857520 0.06511100 0.06105140 0.16597500 0.02392240 0.02841070 0.06816380 0.06677750 0.01516590 0.01429330 0.04311810
127 0.07123880 0.11188000 0.04983890 0.06013360 0.00994324 0.05666310 0.08628230 0.03971720 0.02430110 0.02622390 0.02340300 0.15977601 0.01626080 0.01757410 0.02107200 0.12194600 0.05066060 0.00610712 0.01431180 0.03266640
128 0.07737851 0.03800620 0.16872102 0.04172521 0.01794990 0.03961591 0.03067530 0.02840460 0.03134770 0.02679920 0.02667670 0.04351971 0.03656650 0.01838640 0.12616302 0.10654201 0.08699111 0.00543487 0.01795590 0.03114020
129 0.03159492 0.00584014 0.00434631 0.00130863 0.00776538 0.01081021 0.00795808 0.00905779 0.00239393 0.21744815 0.32330022 0.00340946 0.07727485 0.05371264 0.00253379 0.02085991 0.01960931 0.00449994 0.01135221 0.18492413
130 0.03163750 0.00338494 0.00417227 0.00189932 0.01128270 0.00410101 0.00262013 0.00342013 0.00178962 0.33208598 0.15951299 0.00435970 0.04910370 0.01751430 0.00452300 0.01922830 0.02276930 0.00471554 0.00700259 0.31487698
131 0.04512506 0.27454975 0.03328947 0.02350548 0.01030739 0.05879415 0.04096446 0.02586268 0.03701247 0.01866618 0.03903476 0.16885585 0.01670908 0.02011178 0.02207458 0.06783574 0.03826027 0.01246719 0.01717638 0.02939727
132 0.04159531 0.01559700 0.01008450 0.00563618 0.00775612 0.01611611 0.01536240 0.01410300 0.00762650 0.14327905 0.34570711 0.01091660 0.07789852 0.07043332 0.01003710 0.02748591 0.02421361 0.00612218 0.02249141 0.12753804
133 0.08091374 0.01941261 0.04310582 0.28780713 0.00650038 0.05309572 0.28261512 0.02153991 0.01276971 0.00673932 0.00878860 0.05911193 0.00170108 0.00535917 0.00946586 0.04914652 0.01641701 0.00115300 0.00549035 0.02886701
134 0.26468016 0.01427771 0.01574851 0.01358901 0.02164161 0.01762521 0.02303641 0.03921782 0.02045331 0.08098165 0.04267373 0.01506041 0.01617451 0.01451941 0.04317633 0.09774396 0.07555844 0.00437381 0.01347191 0.16599610
135 0.09778466 0.01415589 0.01139710 0.00733713 0.01189010 0.01734219 0.01760619 0.02715629 0.01044680 0.11177496 0.31212588 0.01106620 0.06782317 0.05810538 0.01167190 0.04418688 0.03491159 0.00506215 0.01585659 0.11229896
136 0.05023872 0.02550051 0.03093721 0.01114730 0.01576561 0.01851611 0.01489471 0.01277291 0.04833762 0.04116422 0.06060742 0.02656571 0.01921891 0.15110606 0.01491431 0.06895303 0.08646183 0.02371511 0.22115109 0.05803162
137 0.04217657 0.01501279 0.00972546 0.00543690 0.00798797 0.01585069 0.01566579 0.01455469 0.00728678 0.14201890 0.34605975 0.01055589 0.07856584 0.07130325 0.01027769 0.02757488 0.02503068 0.00621579 0.02281178 0.12588791
138 0.03568882 0.01660821 0.01909431 0.00975386 0.00844531 0.01265171 0.01066991 0.01255041 0.02826302 0.05607493 0.13219107 0.01927371 0.03121202 0.30844717 0.01082211 0.02961242 0.02556591 0.01739041 0.16764909 0.04803563
139 0.13087386 0.02044948 0.03901916 0.04120216 0.02114408 0.01470998 0.01984068 0.44681051 0.01283869 0.01085449 0.01318939 0.01637378 0.00513351 0.00947380 0.01475688 0.12321287 0.04150795 0.00469405 0.00354720 0.01036749
140 0.03155161 0.00471048 0.00452975 0.00106120 0.00572123 0.00806018 0.00693136 0.01037900 0.00326621 0.15974807 0.35813115 0.00266588 0.08083003 0.11101005 0.00224103 0.02045871 0.01816061 0.00463487 0.03259951 0.13330905
141 0.16175996 0.02159949 0.03065809 0.01334520 0.10396998 0.01899750 0.01199530 0.03525579 0.02253359 0.07806848 0.08082898 0.02035260 0.08855048 0.02795409 0.01884030 0.07090218 0.07952798 0.00579214 0.01548000 0.09358788
142 0.03561181 0.00381509 0.00474781 0.00224120 0.01144030 0.00513402 0.00369140 0.00422045 0.00238486 0.31928508 0.16455404 0.00490879 0.05019441 0.01982810 0.00575206 0.02129881 0.02496931 0.00481334 0.00785004 0.30325907
143 0.07424004 0.01601741 0.04302292 0.04305322 0.01471681 0.01422751 0.01828941 0.59196534 0.00930148 0.01207301 0.01724101 0.01582251 0.00657208 0.00804442 0.00931560 0.06702374 0.02149511 0.00336182 0.00406064 0.01015591
144 0.23128708 0.02427981 0.04173651 0.12848004 0.02337701 0.03460431 0.07915363 0.07288342 0.02073501 0.01386030 0.01363870 0.03939761 0.00444368 0.01563011 0.02620331 0.15020405 0.04358941 0.00388311 0.00562128 0.02699161
145 0.19318492 0.01328699 0.03466669 0.02674919 0.04148728 0.00772884 0.00998705 0.42003384 0.01081490 0.00896465 0.01126600 0.00771206 0.00477083 0.00845519 0.00776422 0.13577295 0.04185348 0.00318444 0.00322566 0.00909085
146 0.02542241 0.00285416 0.00373666 0.00144888 0.01054880 0.00394825 0.00198676 0.00296728 0.00146684 0.34693309 0.16425904 0.00274234 0.05070071 0.01761110 0.00355015 0.01711910 0.01653330 0.00497012 0.00632789 0.31487309
147 0.31156397 0.01748470 0.02286120 0.01889090 0.04007820 0.01661880 0.02079220 0.07581149 0.02051100 0.02252560 0.01838450 0.01398450 0.00533456 0.01395670 0.02050280 0.22869598 0.08894739 0.00452952 0.00609831 0.03242770
148 0.10109506 0.03385522 0.03071672 0.04297573 0.00832582 0.06935404 0.16230710 0.10351007 0.01770691 0.07150745 0.05206903 0.08330145 0.01909861 0.01599781 0.01921491 0.06910374 0.04188293 0.00572546 0.01747041 0.03478152
149 0.03142902 0.00576102 0.00440919 0.00140717 0.00762866 0.01061871 0.00787676 0.00909394 0.00236474 0.21876011 0.32086416 0.00338170 0.07706764 0.05392103 0.00254447 0.02104651 0.01951061 0.00449224 0.01178121 0.18604109
150 0.02949121 0.00686994 0.00440027 0.00106642 0.00762923 0.00898623 0.00684814 0.00977722 0.00207375 0.21211405 0.32780708 0.00286423 0.09504992 0.05433921 0.00219106 0.01987490 0.01995580 0.00604886 0.01012440 0.17248804
151 0.06970850 0.04426240 0.01888590 0.01690770 0.00759650 0.02066110 0.03506140 0.02305500 0.01591690 0.02665300 0.04640820 0.03506570 0.01147070 0.02285850 0.42832400 0.06881730 0.05805790 0.00349821 0.01028050 0.03651060
152 0.04574419 0.27687391 0.03322849 0.02409859 0.00988692 0.05971558 0.04183099 0.02466959 0.03648759 0.01823249 0.03823199 0.17049895 0.01663489 0.01908619 0.02080209 0.06745148 0.03805199 0.01255350 0.01688299 0.02903759
153 0.07064143 0.04393822 0.01886161 0.01637191 0.00762974 0.02122891 0.03550511 0.02491171 0.01597461 0.02705261 0.04694122 0.03517531 0.01190160 0.02251401 0.42521217 0.06887993 0.05687942 0.00355437 0.01049730 0.03632881
154 0.02860141 0.00722363 0.01101000 0.00361903 0.00784808 0.00987600 0.00648216 0.00820151 0.01360490 0.13338503 0.20809404 0.00765404 0.05129711 0.23688205 0.00408178 0.02273370 0.02271560 0.00871486 0.10258602 0.10538902
155 0.34743782 0.01498119 0.01858629 0.01583309 0.04292768 0.01351849 0.01984429 0.08598075 0.02113229 0.02307059 0.01837149 0.01142439 0.00474313 0.01386579 0.01939649 0.21033389 0.07594756 0.00432317 0.00527993 0.03300168
156 0.06289730 0.03997180 0.21924299 0.11680800 0.01144930 0.04159780 0.04438650 0.06020150 0.03869320 0.02163730 0.03157240 0.05859180 0.02171410 0.02362830 0.01627810 0.08140170 0.05609800 0.00603084 0.02243340 0.02536570
157 0.04564518 0.00624778 0.00546043 0.00160325 0.00809318 0.00799718 0.00750123 0.02418009 0.00222752 0.15124593 0.35716784 0.00468651 0.09750816 0.06585357 0.00351825 0.02518789 0.02738109 0.00670463 0.01136039 0.14042994
158 0.01368660 0.00569134 0.01082390 0.00324175 0.00313017 0.00823822 0.00248942 0.00295955 0.02675900 0.03786410 0.12447000 0.00988861 0.02176650 0.36261599 0.00185736 0.01512240 0.01520520 0.02256110 0.28039599 0.03123280
159 0.02514200 0.00281700 0.00365530 0.00152377 0.01048900 0.00341467 0.00176674 0.00274149 0.00128750 0.34986293 0.16074997 0.00279681 0.04986569 0.01676100 0.00317923 0.01653480 0.01628250 0.00494149 0.00607119 0.32011694
160 0.04562230 0.19004400 0.09880010 0.04655860 0.00754721 0.10375300 0.05752010 0.02715790 0.04210670 0.02006580 0.02636070 0.13397900 0.01204160 0.01938560 0.01135120 0.07658010 0.04463240 0.00479779 0.01494660 0.01674930
161 0.02955979 0.02391770 0.02203370 0.00975872 0.00813467 0.01353740 0.01335000 0.00852749 0.05479509 0.03404359 0.07094229 0.02675750 0.01522250 0.19953297 0.00955639 0.03298049 0.02306690 0.02499570 0.34578194 0.03350519
162 0.02967659 0.02497149 0.02250809 0.00994891 0.00894121 0.01326480 0.01436400 0.00908903 0.05642798 0.03344239 0.07024578 0.02754189 0.01513150 0.19607994 0.00982576 0.03273399 0.02262339 0.02528859 0.34392489 0.03396979
163 0.37194017 0.01295401 0.01272711 0.01785951 0.03342292 0.01874061 0.02503231 0.17847008 0.01780821 0.01695831 0.02085181 0.01178661 0.00559326 0.01073631 0.02445931 0.14228307 0.05018512 0.00563448 0.00309569 0.01946111
164 0.03506608 0.00371449 0.00477983 0.00235113 0.01143719 0.00523830 0.00362119 0.00404742 0.00240610 0.31978180 0.16504490 0.00478465 0.05011837 0.01964289 0.00586454 0.02115169 0.02520018 0.00482629 0.00802118 0.30290181
165 0.10199488 0.02958117 0.07135182 0.22356474 0.00559308 0.06463082 0.17190480 0.03714146 0.01593448 0.00995983 0.01081399 0.10267088 0.00495222 0.01338098 0.01154509 0.06722062 0.02535347 0.00189069 0.00679801 0.02371697
166 0.02858992 0.00818265 0.00738921 0.00238565 0.01092561 0.00905255 0.00651623 0.00858874 0.00388623 0.27260823 0.21528218 0.00655599 0.09399298 0.03315613 0.00413024 0.02176842 0.02640542 0.00867298 0.00874447 0.22316619
167 0.12389300 0.04011160 0.04094460 0.08078430 0.01174080 0.05209900 0.14927400 0.12286600 0.01886710 0.01519890 0.01350620 0.07211490 0.00489493 0.01524280 0.01964480 0.13067000 0.05486660 0.01039370 0.00788715 0.01499960
168 0.07365270 0.08981060 0.02513600 0.03175190 0.01172090 0.03223660 0.05063500 0.01152020 0.01384090 0.07150880 0.06212160 0.12513499 0.02750040 0.01502610 0.01548700 0.05716390 0.06741360 0.00758164 0.01491620 0.19584099
169 0.07203501 0.07337261 0.04404780 0.06047960 0.00906237 0.15220901 0.12387701 0.03654660 0.02748080 0.05116860 0.05446620 0.07401511 0.01677990 0.01743810 0.02140770 0.06901600 0.04762650 0.00552046 0.01462220 0.02882840
170 0.04144912 0.01519841 0.00990707 0.00585713 0.00766350 0.01690861 0.01610231 0.01432121 0.00798458 0.14240507 0.34583518 0.01022121 0.07781814 0.07174404 0.00965388 0.02730551 0.02452981 0.00626124 0.02319491 0.12563907
171 0.04534426 0.27474178 0.03256617 0.02342198 0.01042989 0.05898075 0.04038777 0.02514898 0.03666917 0.01893398 0.03910207 0.16953286 0.01675599 0.02017928 0.02145978 0.06707785 0.03834147 0.01306009 0.01817459 0.02969128
172 0.03206039 0.00401991 0.00428289 0.00145216 0.00904820 0.00545921 0.00444550 0.00734015 0.00117555 0.24391090 0.27817689 0.00422463 0.06798837 0.04363108 0.00242818 0.02083969 0.02374309 0.00461544 0.00963189 0.23152591
173 0.07711714 0.02592178 0.09306803 0.25257880 0.00779258 0.04953386 0.16407687 0.05368666 0.02519528 0.01131749 0.01609879 0.05746765 0.00612443 0.01162429 0.01215929 0.06652145 0.02919558 0.00346195 0.00938782 0.02767028
174 0.07070845 0.04001423 0.03132712 0.13097910 0.00534689 0.08512546 0.29687722 0.03342443 0.01505751 0.02231872 0.03164082 0.07461636 0.00843873 0.01120531 0.01973391 0.05393794 0.02919082 0.00391144 0.01049481 0.02565072
175 0.08144720 0.01922990 0.04330020 0.28916600 0.00666658 0.05220700 0.28279400 0.02118670 0.01267730 0.00681897 0.00884941 0.05833990 0.00167642 0.00526454 0.00963886 0.04883550 0.01606080 0.00118538 0.00572165 0.02893370
176 0.07827957 0.02621899 0.09389926 0.25303290 0.00783896 0.04985338 0.16046094 0.05424348 0.02512399 0.01156540 0.01607039 0.05807828 0.00637499 0.01150030 0.01236240 0.06625397 0.02932389 0.00333339 0.00876375 0.02742179
177 0.06621684 0.01375711 0.01086221 0.01175561 0.01362281 0.01089121 0.01505451 0.00982118 0.00714421 0.22498712 0.15237208 0.01674881 0.04595732 0.02782302 0.01353921 0.03828672 0.04621442 0.00699068 0.01485281 0.25310214
178 0.36660292 0.01281080 0.01658980 0.00881017 0.08337998 0.00876024 0.00945777 0.07867558 0.01599100 0.01478970 0.01667210 0.00789133 0.00577447 0.01963620 0.01016480 0.21928395 0.07408658 0.00270412 0.00465161 0.02326690
179 0.03794700 0.04783821 0.02582670 0.03185600 0.00440765 0.17988602 0.26412503 0.01772800 0.02533800 0.05001711 0.07937311 0.05858651 0.05078471 0.01521460 0.01430140 0.03320870 0.02964000 0.00366364 0.01116560 0.01909200
