1 0.04030557 0.00554690 0.00602864 0.00245294 0.01093919 0.00532486 0.00622742 0.00426449 0.00217514 0.20902584 0.29311278 0.00666399 0.07987404 0.04011887 0.00693416 0.02186958 0.04038447 0.00327240 0.01166889 0.20380985
2 0.09289910 0.07031560 0.03721300 0.03924200 0.01324170 0.04256420 0.04055560 0.03120680 0.10457600 0.03025870 0.03514220 0.03191900 0.01572120 0.01829890 0.22111501 0.06433040 0.04637260 0.00412896 0.03028220 0.03061680
3 0.03422648 0.01812119 0.06624946 0.12315192 0.01647039 0.01654209 0.04857517 0.26822984 0.01144179 0.02268959 0.01289189 0.01979799 0.00422110 0.00672751 0.01456939 0.19753288 0.08272535 0.00598297 0.00383413 0.02601888
4 0.07087708 0.01441250 0.01061000 0.01287720 0.00978920 0.01359470 0.01625350 0.01164080 0.00739829 0.21737194 0.13241196 0.02056139 0.03899789 0.02588429 0.01300030 0.03633829 0.04250799 0.00502688 0.01466390 0.28578192
5 0.12123298 0.03559279 0.02721870 0.01500310 0.00743469 0.04341709 0.02835410 0.01870460 0.02288050 0.12328198 0.03571099 0.14398998 0.01750140 0.01015540 0.14799597 0.06015639 0.04027519 0.00472458 0.01491770 0.08145189
6 0.04224329 0.02596089 0.01318790 0.01043070 0.00692923 0.06549148 0.10688497 0.01026630 0.01155750 0.14892996 0.23682093 0.06655558 0.05154629 0.02525789 0.00922772 0.03385739 0.03199789 0.00336613 0.01097710 0.08851088
7 0.16931899 0.01626820 0.04164440 0.03486370 0.03408120 0.01521360 0.02387480 0.20031399 0.01403680 0.02082030 0.02026610 0.01675290 0.00575778 0.00907523 0.01502940 0.24538399 0.08369300 0.00603382 0.00504930 0.02252250
8 0.04311992 0.01241910 0.00906058 0.00498208 0.00925377 0.01711571 0.01150160 0.01512611 0.00614081 0.28695710 0.16500106 0.01390330 0.04706962 0.03328201 0.00899949 0.02777561 0.03356881 0.00395222 0.01363800 0.23713308
9 0.12354200 0.05808830 0.05314460 0.03747490 0.01485970 0.04567530 0.05199650 0.19242299 0.01693590 0.02116190 0.02581710 0.13918299 0.01397790 0.01808580 0.02276250 0.07083550 0.04246940 0.00859534 0.01552170 0.02744970
10 0.02692171 0.01660951 0.01569271 0.00949425 0.00727652 0.00970459 0.01144871 0.01157011 0.06931293 0.02729551 0.06101443 0.02122971 0.01871901 0.16050508 0.00764805 0.02381371 0.02430531 0.03240322 0.40847220 0.03656272
11 0.03872718 0.05646158 0.05846227 0.01580129 0.00869294 0.03174109 0.02505079 0.01825939 0.07553867 0.02701749 0.04281298 0.14644194 0.01560119 0.08165196 0.01374309 0.04164438 0.03084919 0.01810819 0.22247790 0.03091649
12 0.03097170 0.01541840 0.00852848 0.00572494 0.01013280 0.00811407 0.00908580 0.01546090 0.02166530 0.06184510 0.12361900 0.02038780 0.03030910 0.40024798 0.00656115 0.02228700 0.02443270 0.01202200 0.13248299 0.04070280
13 0.07357989 0.02190560 0.07448319 0.32124097 0.00981086 0.05771709 0.21315298 0.02435950 0.02554960 0.00592352 0.00809487 0.04272170 0.00252149 0.00199416 0.01892150 0.05172500 0.01721410 0.00349443 0.00515666 0.02043290
14 0.08603820 0.01289250 0.03120810 0.34962400 0.00697843 0.05043520 0.25750200 0.01683490 0.02480920 0.00530971 0.00709863 0.03853740 0.00144218 0.00140090 0.02021420 0.04237560 0.01730960 0.00147236 0.00642148 0.02209540
15 0.04687442 0.33619217 0.03763892 0.01894601 0.00847191 0.05021393 0.04840622 0.02128191 0.03268912 0.02186661 0.03107802 0.14456307 0.01802081 0.02005811 0.02026361 0.05752823 0.03433382 0.00754378 0.01381991 0.03020942
16 0.08251816 0.01353511 0.03118192 0.04368693 0.01193221 0.01526021 0.01604591 0.60573744 0.00750569 0.02018551 0.01591031 0.01379241 0.00555298 0.00862081 0.00868689 0.05398324 0.02670282 0.00285787 0.00506407 0.01123951
17 0.07052434 0.01491009 0.01002839 0.01321229 0.00955317 0.01350119 0.01740258 0.01075659 0.00739616 0.21718181 0.12985889 0.02098208 0.03916797 0.02521648 0.01301879 0.03696117 0.04248496 0.00515312 0.01593719 0.28675275
18 0.03652044 0.35089736 0.03903764 0.01183531 0.00491293 0.14945515 0.06068156 0.01276921 0.04450445 0.02791113 0.01888002 0.10082410 0.01600962 0.01451411 0.01711272 0.03303493 0.02910263 0.00202723 0.00695563 0.02301382
19 0.06840770 0.04677660 0.03154660 0.11579699 0.00503538 0.07320349 0.36305697 0.02515370 0.02030590 0.01570160 0.03293880 0.04714400 0.00809226 0.00777551 0.01881890 0.04660840 0.03317490 0.00505302 0.00851100 0.02689830
20 0.03894781 0.00565572 0.00596367 0.00255152 0.01072680 0.00541836 0.00652408 0.00414112 0.00225523 0.21382706 0.28790908 0.00639963 0.07885112 0.03872421 0.00631923 0.02197881 0.04002971 0.00321215 0.01117360 0.20939106
21 0.14495303 0.03237251 0.03954551 0.03495741 0.03217121 0.02193591 0.03202431 0.05827371 0.01997410 0.02825241 0.03182921 0.02513511 0.01312010 0.01569620 0.02304081 0.27789607 0.11000803 0.00764566 0.01275040 0.03841831
22 0.03754543 0.01431571 0.00900307 0.00421466 0.00875322 0.01072121 0.01547251 0.01098161 0.00684020 0.12831012 0.38837635 0.01222911 0.09169768 0.06135356 0.01176001 0.02616312 0.03371763 0.00488818 0.02030552 0.10335109
23 0.06012766 0.15914390 0.04611727 0.03826908 0.00802419 0.06702806 0.06174956 0.02196539 0.01907889 0.02741528 0.03130888 0.26186884 0.01561279 0.02316989 0.01974079 0.04630367 0.03344128 0.00549342 0.01796589 0.03617528
24 0.08015830 0.01283130 0.03039150 0.04357830 0.01171140 0.01490590 0.01521060 0.61365299 0.00694885 0.02060400 0.01615770 0.01345410 0.00569777 0.00775806 0.00821933 0.05231180 0.02655120 0.00278577 0.00516803 0.01190310
25 0.04267522 0.01133031 0.00836728 0.00460256 0.00945038 0.01625521 0.01058861 0.01441211 0.00581524 0.28797014 0.16604308 0.01420941 0.04728962 0.03393132 0.00954318 0.02869971 0.03360592 0.00407268 0.01406591 0.23707211
26 0.32169890 0.02116599 0.02055909 0.02571929 0.02528849 0.02600069 0.03369489 0.08617657 0.01881099 0.03712709 0.04167049 0.02755309 0.01581990 0.01534940 0.02787359 0.12211396 0.05467108 0.00467650 0.00978420 0.06424578
27 0.03167529 0.00649915 0.00649995 0.00034463 0.01125690 0.00373026 0.00317906 0.00216806 0.00148855 0.18789693 0.36670787 0.00276144 0.11634496 0.04168149 0.00408907 0.01914009 0.04041549 0.00252566 0.00851622 0.14307895
28 0.08434629 0.01721620 0.02914310 0.32238397 0.00624806 0.04860610 0.28774997 0.01665890 0.02266760 0.00543194 0.00962524 0.03653620 0.00161253 0.00169817 0.01942180 0.04094640 0.01888300 0.00183319 0.00660697 0.02238440
29 0.03105711 0.00296217 0.00289268 0.00087021 0.00594990 0.00889362 0.00259982 0.00221501 0.00114424 0.36745814 0.13618905 0.00478535 0.03051371 0.01354531 0.00434278 0.01690371 0.02235391 0.00437233 0.00594182 0.33500912
30 0.05092742 0.16260007 0.03095681 0.02345341 0.00632652 0.10197505 0.17748208 0.02450651 0.01978221 0.09211234 0.03459782 0.10052605 0.01741031 0.00926324 0.01435601 0.05203802 0.03444312 0.00475728 0.01866051 0.02382521
31 0.08085202 0.01220500 0.03091621 0.04386921 0.01213480 0.01494750 0.01474080 0.61198218 0.00722512 0.02040111 0.01625030 0.01314180 0.00567179 0.00707986 0.00865954 0.05401322 0.02664601 0.00322953 0.00466766 0.01136630
32 0.04256431 0.00523092 0.00575078 0.00385187 0.01021210 0.00628388 0.00661483 0.00438628 0.00214785 0.24064606 0.23168205 0.00817917 0.06455861 0.03255041 0.00661159 0.02293281 0.03986451 0.00364920 0.01045670 0.25182606
33 0.02846239 0.00509471 0.00556489 0.00055459 0.00950817 0.00404991 0.00408383 0.00261350 0.00129138 0.19952293 0.37490386 0.00287604 0.09778046 0.04466558 0.00441568 0.01786499 0.03458749 0.00254371 0.00942796 0.15018794
34 0.05865569 0.23302696 0.03549969 0.01392760 0.00879000 0.05037579 0.03908919 0.02189500 0.04469809 0.02321970 0.02636200 0.06086369 0.01200920 0.01318800 0.20031997 0.06044599 0.05068049 0.00719217 0.01327390 0.02648690
35 0.01606119 0.00360543 0.00394415 0.00273554 0.00829071 0.00358443 0.00191513 0.01086319 0.01807569 0.05030417 0.09233535 0.01044079 0.01749899 0.50317074 0.00219746 0.01193319 0.01228499 0.00694497 0.20362089 0.02019299
36 0.04569726 0.04837066 0.23979482 0.06203405 0.01110049 0.02838538 0.04214687 0.01579489 0.17640886 0.01152189 0.02018588 0.05027636 0.00813255 0.03329457 0.01584799 0.06644325 0.03437447 0.00251931 0.06615185 0.02151858
37 0.14437994 0.03330339 0.04064698 0.03474189 0.03179649 0.02155649 0.03252139 0.05745168 0.02145719 0.02916019 0.03394659 0.02654049 0.01287959 0.01513229 0.02469479 0.27357489 0.10906596 0.00736459 0.01111840 0.03866678
38 0.02757270 0.01695950 0.01616290 0.00960192 0.00704041 0.00966092 0.01110110 0.01117110 0.07124800 0.02650710 0.06212600 0.02066330 0.01910390 0.15714900 0.00802172 0.02489600 0.02447740 0.03217660 0.40777601 0.03658440
39 0.05821550 0.25376401 0.03110770 0.01371400 0.01236780 0.03835220 0.03287550 0.01722590 0.09938360 0.01945310 0.02337870 0.03497860 0.02234540 0.02325410 0.02144720 0.12341500 0.04830090 0.00545516 0.02559860 0.09536700
40 0.03239688 0.01451059 0.00847029 0.00560431 0.01033129 0.00750890 0.00801824 0.01548559 0.02181409 0.06137857 0.12223093 0.01941099 0.02896718 0.40275077 0.00637502 0.02285419 0.02534009 0.01251939 0.13233993 0.04169278
41 0.08070847 0.06893347 0.04607018 0.05406038 0.01146770 0.17053793 0.11753795 0.03611289 0.02459999 0.04777698 0.03533039 0.09296146 0.01726129 0.01241920 0.03288939 0.05620178 0.04291458 0.00329790 0.01244730 0.03647079
42 0.08079730 0.02825800 0.02041090 0.02145270 0.01938190 0.01546950 0.02592840 0.04202330 0.02547880 0.03061630 0.05157590 0.03118230 0.02480650 0.15520700 0.01570550 0.23473600 0.07766620 0.01715230 0.04529670 0.03685450
43 0.03363762 0.01362671 0.01075621 0.00850267 0.00998271 0.00950824 0.00826111 0.01232561 0.05403744 0.04697263 0.08645186 0.01772351 0.06786824 0.14868810 0.00797827 0.02708672 0.03197642 0.02539892 0.32306221 0.05615484
44 0.03698162 0.01449011 0.00937775 0.00460399 0.00866835 0.01012730 0.01653861 0.01040301 0.00689700 0.12909006 0.38964419 0.01192671 0.09189805 0.06196313 0.01150351 0.02394631 0.03198222 0.00562512 0.02036391 0.10396905
45 0.03188473 0.01557371 0.00910801 0.00555858 0.00997218 0.00778908 0.00841078 0.01587411 0.02141342 0.06193105 0.12484910 0.02027662 0.03010572 0.39651833 0.00615690 0.02287152 0.02539672 0.01429051 0.13048011 0.04153883
46 0.03657362 0.01573241 0.00910908 0.00441587 0.00841281 0.01030561 0.01622641 0.01105901 0.00662584 0.12748908 0.39154225 0.01193941 0.09129396 0.06197874 0.01102771 0.02489642 0.03278592 0.00528069 0.02000911 0.10329607
47 0.07884614 0.07101395 0.04508957 0.05361346 0.01047199 0.17182187 0.11988991 0.03294787 0.02461018 0.04687546 0.03562387 0.09584683 0.01766439 0.01196729 0.03228038 0.05655436 0.04237397 0.00359366 0.01321239 0.03570247
48 0.02777940 0.00229462 0.00222366 0.00086096 0.00515939 0.00848035 0.00229758 0.00171791 0.00082939 0.38265302 0.12633801 0.00419696 0.02450080 0.01102770 0.00365849 0.01614140 0.01973880 0.00441485 0.00523170 0.35045501
49 0.12298694 0.01739069 0.04924317 0.03913068 0.03059648 0.01234529 0.01799199 0.14246593 0.01227359 0.02455819 0.01813009 0.01174079 0.00482032 0.00794325 0.01510679 0.27328586 0.16253692 0.00472311 0.00535824 0.02737169
50 0.08832662 0.01142030 0.02786381 0.35415008 0.00645023 0.04831231 0.27546706 0.01481640 0.02373701 0.00451184 0.00590227 0.03552431 0.00097577 0.00095881 0.02001700 0.03786831 0.01636260 0.00107671 0.00620084 0.02005770
51 0.08675326 0.04951188 0.01615199 0.02522099 0.01014810 0.02427409 0.03329499 0.01593319 0.01231089 0.05100968 0.05145538 0.13734494 0.01868719 0.01504959 0.03000319 0.05380408 0.04225728 0.00578123 0.01332719 0.30768087
52 0.07706540 0.06283520 0.06345680 0.04630870 0.01669880 0.03668140 0.05879870 0.02820120 0.14706400 0.02516840 0.03776040 0.04194150 0.02267030 0.05558420 0.02371760 0.07030330 0.04209700 0.00955370 0.10399000 0.03010340
53 0.04283071 0.01189970 0.00869998 0.00489292 0.00914178 0.01778490 0.01063360 0.01494400 0.00590196 0.28919207 0.16308104 0.01508040 0.04543921 0.03244841 0.01004260 0.02846421 0.03450961 0.00431482 0.01362000 0.23707806
54 0.16667508 0.04781382 0.17944408 0.06982183 0.01715271 0.04594592 0.04374932 0.04634272 0.03233342 0.01800501 0.02514511 0.07147473 0.01577411 0.00903234 0.02481831 0.09883845 0.04796302 0.00255149 0.01262861 0.02448991
55 0.31594373 0.02185618 0.02046488 0.02840568 0.02523738 0.02577318 0.03585297 0.08543533 0.01876768 0.03680557 0.04070606 0.02885137 0.01566069 0.01607259 0.02780758 0.12185489 0.05503035 0.00437667 0.01077349 0.06432374
56 0.02811869 0.00262664 0.00261682 0.00083800 0.00572758 0.00860205 0.00244824 0.00185820 0.00118828 0.37661787 0.13690695 0.00374929 0.02905369 0.01341170 0.00393145 0.01642949 0.02160089 0.00434669 0.00597361 0.33395388
57 0.06995864 0.04126867 0.04291917 0.09435513 0.01087509 0.05088626 0.20254584 0.04501876 0.02563448 0.01781519 0.02705738 0.04499786 0.00942300 0.01123989 0.01838079 0.17388486 0.05368666 0.01500429 0.00890527 0.03614277
58 0.08486830 0.01829798 0.02019408 0.01622838 0.01226079 0.01955558 0.01755698 0.02326337 0.01007319 0.10596788 0.11217387 0.02018928 0.04015555 0.02463777 0.01544018 0.07764791 0.15412082 0.00411356 0.01445778 0.20879676
59 0.04284518 0.01531659 0.00869124 0.00147122 0.01339060 0.00862036 0.00577116 0.00543001 0.01013140 0.19135193 0.26894890 0.00798340 0.15832394 0.03423149 0.00658905 0.02251379 0.04278158 0.00327753 0.01041170 0.14191895
60 0.02518340 0.33285806 0.03158121 0.02303900 0.00332056 0.04245031 0.02822051 0.00685289 0.00716396 0.00923074 0.01560580 0.36819907 0.00863321 0.01769690 0.00770521 0.02536180 0.02233540 0.00378914 0.00532511 0.01544770
61 0.02578009 0.00428493 0.00510607 0.00075112 0.00985889 0.00370676 0.00280684 0.00689365 0.00423561 0.14734793 0.28594586 0.00331585 0.07010587 0.21908389 0.00373365 0.01429539 0.02979179 0.00221101 0.05430987 0.10643495
62 0.06088258 0.07740628 0.04276129 0.01383310 0.01062750 0.15403196 0.06038308 0.01840910 0.03233109 0.05675088 0.07804868 0.10156997 0.12157797 0.01724910 0.01709700 0.04474259 0.03536289 0.00378807 0.01214840 0.04099849
63 0.04338250 0.01173850 0.00886270 0.00506649 0.00908155 0.01798140 0.01101720 0.01528360 0.00582325 0.28957302 0.16219101 0.01448890 0.04659250 0.03235130 0.00935436 0.02859860 0.03370560 0.00420817 0.01323030 0.23746902
64 0.05091981 0.04632741 0.29530508 0.10017803 0.01938181 0.03986411 0.04029491 0.04770151 0.04013731 0.01891161 0.02515111 0.05522502 0.01290550 0.01178490 0.01789551 0.08791572 0.04486341 0.00308712 0.01688010 0.02527001
65 0.05446968 0.02314419 0.02546579 0.09928977 0.00884331 0.02073759 0.05763898 0.03875199 0.01857219 0.02823309 0.18941795 0.03314099 0.01637010 0.02717949 0.03623869 0.09258197 0.13621996 0.00590387 0.01567520 0.07212518
66 0.06769133 0.04681282 0.03046151 0.11745905 0.00516781 0.07201533 0.36513015 0.02612981 0.02100481 0.01525931 0.03206371 0.04697212 0.00814088 0.00766128 0.01799001 0.04577052 0.03346521 0.00506355 0.00872107 0.02701971
67 0.07322181 0.01975220 0.07525101 0.30186106 0.01047060 0.04742971 0.16826603 0.05472951 0.02693181 0.00968784 0.01077430 0.04188511 0.00415627 0.00530893 0.02013630 0.06468411 0.02705401 0.00238139 0.00859978 0.02741821
68 0.31307592 0.01727730 0.01866050 0.01369330 0.01973900 0.01630870 0.02302369 0.06771598 0.01759980 0.02932639 0.02883559 0.01754850 0.01152380 0.01558670 0.02103579 0.17399396 0.12552097 0.00480437 0.00725207 0.05747769
69 0.09737979 0.03290830 0.03533700 0.02461070 0.01776360 0.02762230 0.03308970 0.04371280 0.01816560 0.05278339 0.06476489 0.02892850 0.02414920 0.02497850 0.03227800 0.16047298 0.18211998 0.01005890 0.01924690 0.06962899
70 0.02720331 0.02160851 0.00759437 0.00099782 0.00880565 0.00674662 0.00603714 0.00361425 0.00519759 0.12691404 0.43062012 0.00514603 0.14262604 0.04565751 0.00591629 0.01828711 0.02990071 0.00435772 0.00849904 0.09427013
71 0.03509152 0.40261228 0.03535322 0.01219691 0.00500772 0.11419308 0.05275774 0.01246531 0.04626683 0.02181822 0.01692201 0.10352707 0.01312921 0.01484801 0.01712581 0.03574092 0.02734042 0.00241382 0.00668337 0.02450652
72 0.06604700 0.02377810 0.04213930 0.18096401 0.00854810 0.02791110 0.08731641 0.04046070 0.02672030 0.01475770 0.02720390 0.03257060 0.00605305 0.01542370 0.09638501 0.12921801 0.13292701 0.00258445 0.00821864 0.03077290
73 0.05631822 0.05555402 0.09183793 0.11733104 0.00661415 0.06470292 0.29319809 0.03231091 0.02856651 0.01118560 0.02827871 0.05512002 0.00790665 0.00678519 0.01844881 0.06032282 0.03101191 0.00664572 0.00783057 0.02003021
74 0.06426811 0.04982611 0.02548201 0.07483042 0.00322731 0.14033403 0.37668908 0.01644460 0.01572090 0.02040860 0.02986231 0.06421301 0.00722249 0.00359277 0.01673130 0.03538061 0.02882341 0.00141198 0.00483374 0.02069720
75 0.03197939 0.01447770 0.00865325 0.00595039 0.01000810 0.00762761 0.00885079 0.01508250 0.02174969 0.06203689 0.12342097 0.01970870 0.03026459 0.39788990 0.00662360 0.02404319 0.02571799 0.01274080 0.13133097 0.04184299
76 0.32068999 0.02137860 0.02023820 0.02697210 0.02538310 0.02499660 0.03444520 0.08775270 0.01877200 0.03665160 0.04043700 0.02838340 0.01579270 0.01581360 0.02795900 0.12194100 0.05422900 0.00448513 0.01104240 0.06263670
77 0.03255630 0.12085602 0.02614840 0.00729859 0.00719912 0.02743450 0.02863020 0.01090550 0.01748060 0.04655611 0.33770805 0.04980661 0.11185302 0.03924521 0.01607680 0.03417351 0.02528890 0.00816504 0.01341880 0.03919871
78 0.06027660 0.04942460 0.02274710 0.06665500 0.00265118 0.13660599 0.42603398 0.01508450 0.01340740 0.01656680 0.02963190 0.05166480 0.00551218 0.00272171 0.01601520 0.03177970 0.02896420 0.00123467 0.00417971 0.01884280
79 0.29522487 0.01547179 0.01200319 0.01341689 0.01820149 0.01343819 0.01813459 0.05428408 0.01058290 0.04847758 0.04085238 0.02061969 0.01813629 0.01331659 0.02577159 0.14510093 0.07055887 0.00258264 0.00815951 0.15566593
80 0.16757594 0.02345509 0.01254130 0.00722902 0.07529637 0.01175870 0.00914966 0.03302039 0.02260829 0.05470788 0.07631647 0.02675929 0.03852969 0.18161793 0.01391359 0.08107657 0.04720408 0.01138600 0.03947019 0.06638357
81 0.06257895 0.09661283 0.11405092 0.07944884 0.00384043 0.08233484 0.14958189 0.02595518 0.02367998 0.01609949 0.03104418 0.17043787 0.01602769 0.00821033 0.01800659 0.04634077 0.02835728 0.00397232 0.00897444 0.01444519
82 0.03472259 0.00618504 0.00762842 0.00172334 0.01151360 0.00521817 0.00622582 0.00513759 0.00279055 0.20151393 0.32996288 0.00598714 0.09285927 0.03677959 0.00626764 0.03486899 0.04292238 0.00291042 0.00965872 0.15512395
83 0.03270181 0.01386820 0.01089750 0.00897618 0.00986236 0.00899345 0.00790413 0.01192700 0.05434291 0.04682881 0.08507042 0.01731270 0.06753532 0.14675403 0.00777225 0.02850081 0.03225081 0.02625911 0.32640108 0.05584111
84 0.06362601 0.07688191 0.17972502 0.07557181 0.01576110 0.13123702 0.07455291 0.03073970 0.02536440 0.02041080 0.02161580 0.09733961 0.01647880 0.00795267 0.02381100 0.06186891 0.04615731 0.00205791 0.01017780 0.01866950
85 0.06745301 0.04681441 0.03061230 0.11695502 0.00503086 0.07350141 0.36484905 0.02531040 0.02090940 0.01554020 0.03156470 0.04671661 0.00829599 0.00764991 0.01769450 0.04747801 0.03364470 0.00480110 0.00864960 0.02652880
86 0.03273600 0.00798273 0.00762638 0.00100221 0.01206550 0.00397005 0.00433158 0.00361032 0.00233738 0.16859103 0.36363405 0.00343430 0.11702702 0.04202771 0.00602111 0.02144020 0.05058171 0.00483483 0.00977286 0.13697302
87 0.02634321 0.00199593 0.00191734 0.00066161 0.00494998 0.00849790 0.00203895 0.00131061 0.00069501 0.38924815 0.12526805 0.00361858 0.02361861 0.01029840 0.00322055 0.01543981 0.01865361 0.00446292 0.00483162 0.35292914
88 0.04547598 0.33630985 0.03621668 0.02024249 0.00885659 0.05027048 0.04965638 0.01979589 0.03296899 0.02149269 0.03012729 0.14691294 0.01775079 0.01964159 0.02103999 0.05562618 0.03569258 0.00833815 0.01343889 0.03014559
89 0.14221298 0.03318270 0.04139690 0.03557470 0.03128860 0.02355270 0.03384300 0.05937579 0.02032750 0.02881860 0.03182180 0.02568590 0.01289610 0.01474100 0.02340870 0.27532397 0.10869299 0.00729752 0.01202250 0.03853610
90 0.04510189 0.01547760 0.30723793 0.25653294 0.01886300 0.04064689 0.07571748 0.03007589 0.03116979 0.00608942 0.00609499 0.02775339 0.00358013 0.00251502 0.01249780 0.07416358 0.01987950 0.00169222 0.00443465 0.02047590
91 0.07037046 0.01527769 0.01064699 0.01331209 0.00949223 0.01315269 0.01777389 0.01176299 0.00756357 0.21653387 0.13148492 0.02109519 0.03864558 0.02500578 0.01289109 0.03785718 0.04120808 0.00489539 0.01473249 0.28629783
92 0.03842530 0.01543730 0.00944026 0.00405052 0.00893162 0.00944935 0.01504770 0.01258330 0.00696152 0.12850000 0.38692501 0.01143420 0.09204450 0.05875460 0.01228730 0.02584440 0.03347520 0.00523601 0.02042090 0.10475100
93 0.06015448 0.15883296 0.04726299 0.03857769 0.00864090 0.06512078 0.06062228 0.02361419 0.01891799 0.02749409 0.03159139 0.26132293 0.01622300 0.02273919 0.02035029 0.04643419 0.03277199 0.00542958 0.01727540 0.03662369
94 0.02545510 0.00160511 0.00309867 0.00026036 0.00757755 0.00660106 0.00165425 0.00119141 0.00044644 0.34851497 0.18054598 0.00222208 0.04510070 0.01818940 0.00241925 0.01599350 0.02629860 0.00408418 0.00591544 0.30282597
95 0.05165712 0.04557762 0.29291311 0.09915064 0.01948181 0.03911121 0.04038212 0.05102062 0.03814991 0.01948711 0.02539041 0.05495642 0.01346611 0.01220820 0.01774281 0.08815283 0.04451002 0.00329762 0.01742181 0.02592251
96 0.02519100 0.33571797 0.03069210 0.02287080 0.00347150 0.04076180 0.02697790 0.00705335 0.00706009 0.00880968 0.01573940 0.37057897 0.00880182 0.01775430 0.00749637 0.02481420 0.02193710 0.00409572 0.00504936 0.01512660
97 0.02529319 0.00164250 0.00313691 0.00025693 0.00765048 0.00652009 0.00157341 0.00120396 0.00049619 0.34802384 0.18042392 0.00214207 0.04518088 0.01863299 0.00244722 0.01592729 0.02659659 0.00404359 0.00592012 0.30288786
98 0.03796301 0.01546661 0.00932301 0.00420042 0.00896568 0.01002300 0.01578411 0.01029250 0.00678682 0.12803004 0.38781614 0.01210510 0.09192893 0.06062902 0.01155530 0.02530521 0.03345941 0.00553242 0.02087921 0.10395404
99 0.03960143 0.02181252 0.39168231 0.11737509 0.02406622 0.02624632 0.01977052 0.03284153 0.03262623 0.01221331 0.01059451 0.02272392 0.00620045 0.00530562 0.01413271 0.14742012 0.04549024 0.00310807 0.00651477 0.02027412
100 0.03506690 0.09035029 0.03083140 0.01985590 0.00679561 0.05434840 0.12624999 0.02039530 0.06828099 0.02344860 0.03174180 0.24193998 0.01441160 0.10322799 0.01070850 0.04973790 0.02924930 0.00568217 0.01786660 0.01981080
101 0.06814775 0.04721497 0.03055088 0.11875092 0.00507269 0.07350675 0.36451674 0.02387688 0.02073799 0.01550329 0.03188508 0.04694797 0.00791074 0.00800611 0.01852239 0.04632117 0.03282768 0.00511811 0.00809362 0.02648828
102 0.06032165 0.12016311 0.03918324 0.03404783 0.01338851 0.05512535 0.05414305 0.02643172 0.01852482 0.02830193 0.02731892 0.25571823 0.01486401 0.02016082 0.02204082 0.11657510 0.03815283 0.00598641 0.01389191 0.03565973
103 0.03792370 0.01436180 0.00950982 0.00425336 0.00876006 0.00978595 0.01574910 0.01094080 0.00660475 0.12925798 0.38860495 0.01215750 0.09178559 0.06097969 0.01020090 0.02587730 0.03276620 0.00613118 0.02001640 0.10433299
104 0.18525877 0.01720858 0.04538874 0.02273407 0.06965602 0.01829978 0.01412058 0.31159962 0.01289158 0.02705547 0.02101897 0.01572178 0.00668623 0.00705866 0.01091659 0.13419784 0.05644653 0.00353255 0.00562195 0.01458568
105 0.14257993 0.03394788 0.02091919 0.13998793 0.00491965 0.06508907 0.33972183 0.03174158 0.01642609 0.01239039 0.01732039 0.03424018 0.00539929 0.00395554 0.02088569 0.04247128 0.03319368 0.00195530 0.00655783 0.02629729
106 0.06762597 0.04728648 0.03065308 0.11302194 0.00499154 0.07426986 0.36374682 0.02502049 0.02139049 0.01635989 0.03221518 0.04864328 0.00801013 0.00767300 0.01779109 0.04761378 0.03368248 0.00467845 0.00877867 0.02654739
107 0.04395337 0.01230859 0.00885880 0.00513721 0.00923668 0.01737179 0.01035729 0.01483239 0.00619677 0.28769983 0.16229590 0.01501649 0.04668647 0.03396398 0.00985720 0.02937708 0.03374228 0.00434301 0.01416199 0.23460286
108 0.04526671 0.03469521 0.01029350 0.00946321 0.01051220 0.00831163 0.02491521 0.02326681 0.01581420 0.02347521 0.06233862 0.01875510 0.04215221 0.07523462 0.01115950 0.05211971 0.05901822 0.35954509 0.07930152 0.03436151
109 0.03068650 0.00286558 0.00286519 0.00096361 0.00602527 0.00832593 0.00259655 0.00222208 0.00122902 0.36822496 0.13732698 0.00452582 0.03067890 0.01407590 0.00452798 0.01691610 0.02244620 0.00434705 0.00630344 0.33284696
110 0.04936566 0.02942414 0.01611652 0.00545227 0.01336942 0.01759182 0.01458072 0.01443622 0.01702932 0.12167015 0.25986232 0.02212343 0.14603618 0.04763556 0.01124551 0.03312174 0.03975655 0.01300332 0.02104303 0.10713613
111 0.04652712 0.16501207 0.05122732 0.01242110 0.00597375 0.12714805 0.08687123 0.01229020 0.02678511 0.03609061 0.11090504 0.12619105 0.05676182 0.01506881 0.01908591 0.03437951 0.03117941 0.00321115 0.01024300 0.02262771
112 0.06325928 0.07040588 0.04432039 0.01609010 0.00796338 0.06099598 0.06282818 0.01866009 0.02069139 0.05076099 0.16483295 0.16349595 0.03383959 0.02847669 0.02052429 0.04211879 0.03723399 0.00628321 0.02592709 0.06129178
113 0.11159399 0.02397190 0.02998180 0.02283280 0.02002290 0.01305340 0.01422350 0.04098500 0.01318410 0.01856950 0.01797280 0.01118410 0.00686116 0.00872868 0.01835670 0.36060696 0.22945198 0.00448874 0.00730472 0.02662530
114 0.08168088 0.06916528 0.04589099 0.05373869 0.01130340 0.17125596 0.11963797 0.03503019 0.02523279 0.04703709 0.03558209 0.09331168 0.01797160 0.01210620 0.03228439 0.05650979 0.04055199 0.00319682 0.01256570 0.03594649
115 0.07112704 0.01493711 0.01026331 0.01317931 0.00948996 0.01296681 0.01690441 0.01134761 0.00746408 0.21491814 0.12919308 0.02173601 0.03838552 0.02521832 0.01379661 0.03735722 0.04297133 0.00554114 0.01551381 0.28768918
116 0.07790392 0.03550061 0.04043501 0.12823404 0.08745403 0.04934151 0.16284405 0.04680971 0.02959871 0.02327081 0.03180001 0.03778081 0.01463730 0.01408360 0.01893541 0.08960733 0.04364211 0.00916000 0.01314780 0.04581321
117 0.08252568 0.06997398 0.04509379 0.05401818 0.01083540 0.17085295 0.11666397 0.03490489 0.02370909 0.04694049 0.03535309 0.09454707 0.01762430 0.01256460 0.03278449 0.05667678 0.04288309 0.00341018 0.01186870 0.03676929
118 0.05519573 0.02895401 0.01478511 0.01078431 0.01165851 0.01196571 0.02827501 0.09789685 0.01250891 0.01987441 0.05309333 0.02257761 0.08721914 0.05819763 0.01590061 0.06845693 0.05907973 0.28722014 0.03088312 0.02547321
119 0.03815743 0.01491271 0.00925476 0.00421560 0.00858351 0.00988151 0.01571761 0.01051111 0.00655586 0.12858712 0.39175735 0.01146371 0.09197368 0.05993735 0.01237321 0.02495302 0.03204403 0.00551590 0.01936242 0.10424209
120 0.32110626 0.02061882 0.02044862 0.02701742 0.02552992 0.02576752 0.03405993 0.08726927 0.01826161 0.03610073 0.03940903 0.02973592 0.01543981 0.01561011 0.02766742 0.12233810 0.05468934 0.00520624 0.00974427 0.06397965
121 0.31919815 0.02223451 0.02111381 0.02680441 0.02514331 0.02576491 0.03566922 0.08654654 0.01872391 0.03688602 0.03952712 0.02806151 0.01530691 0.01614831 0.02690401 0.12353606 0.05434013 0.00489752 0.01096191 0.06223173
122 0.07958721 0.01270940 0.03086420 0.04379010 0.01167410 0.01514570 0.01571270 0.61128705 0.00746479 0.02008210 0.01581760 0.01285210 0.00590862 0.00874519 0.00888045 0.05331090 0.02658770 0.00329725 0.00517512 0.01110770
123 0.04078263 0.03240622 0.10872708 0.02325942 0.03510642 0.02931722 0.01802121 0.07587995 0.01442711 0.12199608 0.06869915 0.03153272 0.03049262 0.01469261 0.01326501 0.10401007 0.15464411 0.00250821 0.01328591 0.06694625
124 0.03237519 0.00608414 0.00662374 0.00031854 0.01175390 0.00370531 0.00303735 0.00222130 0.00159922 0.19268994 0.35609389 0.00276508 0.11521796 0.04156249 0.00383342 0.01933819 0.04138719 0.00250639 0.00857682 0.14830995
125 0.04211959 0.00419335 0.00478275 0.00331906 0.00993165 0.00607110 0.00565763 0.00334629 0.00130011 0.26112497 0.20798297 0.00858703 0.05682059 0.02711050 0.00606869 0.02181340 0.03867279 0.00360246 0.00856811 0.27892696
126 0.05001936 0.03109888 0.01599479 0.00537728 0.01338629 0.01840189 0.01629319 0.01442779 0.01626509 0.12101391 0.25619580 0.02237758 0.14631689 0.04761546 0.01153699 0.03277317 0.04043477 0.01222769 0.02153428 0.10670892
127 0.10034899 0.04505369 0.04952829 0.04222429 0.02413840 0.12695998 0.07341299 0.04057539 0.02251680 0.02678350 0.02505000 0.05412249 0.01300220 0.00997052 0.03325990 0.19637697 0.06994989 0.00497291 0.01120950 0.03054330
128 0.05278766 0.04705266 0.29567075 0.10004092 0.01916578 0.03935217 0.04110007 0.04532716 0.03903947 0.01938708 0.02527868 0.05571685 0.01291079 0.01196249 0.01783029 0.08824113 0.04444896 0.00344704 0.01638449 0.02485558
129 0.02966590 0.00523825 0.00584717 0.00069033 0.00983748 0.00542977 0.00460466 0.00335042 0.00163648 0.21474498 0.33897997 0.00401650 0.09054959 0.04551730 0.00467357 0.01904130 0.03513510 0.00296726 0.01062000 0.16745398
130 0.02833419 0.00249932 0.00224339 0.00075003 0.00525617 0.00885113 0.00256076 0.00156634 0.00090306 0.38140385 0.12649295 0.00420366 0.02476849 0.01097140 0.00392116 0.01605799 0.01986489 0.00441217 0.00510119 0.34983787
131 0.04547866 0.33483871 0.03680507 0.01930918 0.00881192 0.05094326 0.05060926 0.02044458 0.03185997 0.02227168 0.03067487 0.14493988 0.01857188 0.01930768 0.02095678 0.05750825 0.03608377 0.00759242 0.01280469 0.03018747
132 0.03915658 0.01508259 0.00953602 0.00453521 0.00893385 0.00995269 0.01484719 0.01082009 0.00694096 0.12562993 0.39057477 0.01204499 0.09090825 0.06050966 0.01210819 0.02584118 0.03334738 0.00607223 0.01984529 0.10331294
133 0.08666536 0.01298559 0.03133199 0.35144883 0.00673501 0.05021698 0.25674188 0.01692419 0.02465529 0.00530438 0.00720352 0.03815308 0.00155575 0.00139416 0.01989599 0.04221158 0.01677299 0.00142508 0.00641257 0.02196579
134 0.15872410 0.02241391 0.01660471 0.09413146 0.00804859 0.05281303 0.17093311 0.02737192 0.01649441 0.02784332 0.03604042 0.03821202 0.01163591 0.00881225 0.02152121 0.06041814 0.04404463 0.00378463 0.00851211 0.17164011
135 0.03700491 0.01600870 0.00975607 0.00429289 0.00817737 0.01031590 0.01467740 0.01084550 0.00691387 0.12582402 0.39424906 0.01246830 0.09244161 0.06234101 0.01153290 0.02439300 0.03236320 0.00516896 0.02048730 0.10073801
136 0.02101130 0.00865865 0.00478728 0.00374268 0.00465385 0.00576450 0.00612606 0.00715019 0.07774372 0.00442457 0.05517221 0.01557450 0.01460550 0.11203902 0.00442541 0.01411430 0.02006330 0.09940322 0.49322810 0.02731161
137 0.03713435 0.01519208 0.00965241 0.00438796 0.00847172 0.01012349 0.01510958 0.01116978 0.00683504 0.12830681 0.39050643 0.01203948 0.09141047 0.06004461 0.01191958 0.02490556 0.03297185 0.00553987 0.02058007 0.10369885
138 0.03120410 0.01503840 0.00852678 0.00553730 0.01030230 0.00706791 0.00760422 0.01508230 0.02183190 0.06108350 0.12363500 0.01986880 0.02952420 0.40201199 0.00647002 0.02294470 0.02456240 0.01257590 0.13419800 0.04093030
139 0.16411304 0.01432060 0.03960531 0.03565991 0.03052511 0.01541640 0.02127940 0.29872207 0.01247240 0.02187940 0.02137880 0.01626840 0.00543648 0.00822945 0.01246340 0.18737104 0.06576791 0.00480741 0.00454974 0.01973370
140 0.02457149 0.00563194 0.00517573 0.00218055 0.00920238 0.00502461 0.00355466 0.01149910 0.00873899 0.11107796 0.16823394 0.00755553 0.03617809 0.39125587 0.00392606 0.01371930 0.02177209 0.00195338 0.10088397 0.06786438
141 0.15938900 0.01778140 0.01398020 0.00510511 0.09649920 0.01369110 0.00885695 0.02827300 0.02402750 0.09484860 0.11221100 0.01767070 0.10527700 0.03374780 0.01404610 0.09364310 0.04325170 0.00595721 0.01408370 0.09765960
142 0.03181642 0.00265122 0.00281994 0.00086281 0.00613617 0.00882635 0.00294735 0.00212385 0.00121250 0.36581119 0.13668207 0.00469988 0.03098412 0.01398541 0.00436511 0.01712651 0.02289371 0.00435057 0.00607862 0.33362618
143 0.08271885 0.01347271 0.03136402 0.04340463 0.01164941 0.01555841 0.01611611 0.60682140 0.00736086 0.02014111 0.01620651 0.01315831 0.00585307 0.00802328 0.00949424 0.05300353 0.02635122 0.00310954 0.00493757 0.01125521
144 0.38346230 0.01066141 0.01502671 0.00850899 0.04183243 0.01193481 0.01049101 0.09239797 0.02131832 0.01558711 0.01818821 0.01199201 0.00593959 0.00605106 0.01865871 0.22269617 0.06818025 0.00218413 0.00392707 0.03096172
145 0.20400609 0.01317911 0.04896912 0.01999091 0.07160283 0.01506571 0.01315221 0.24178211 0.01207031 0.02632061 0.01913601 0.01284991 0.00421056 0.00397962 0.00969870 0.19866209 0.06573723 0.00277240 0.00375906 0.01305541
146 0.02223920 0.00195382 0.00185763 0.00046828 0.00476416 0.00873029 0.00190612 0.00114139 0.00061855 0.39930907 0.12725402 0.00278747 0.02312940 0.00980589 0.00252900 0.01470850 0.01724890 0.00449957 0.00474764 0.35030107
147 0.29793288 0.01582519 0.01904589 0.01459469 0.04491778 0.01464569 0.01422349 0.06706897 0.02103639 0.01603819 0.01810949 0.01368149 0.00690960 0.00723759 0.01806499 0.28275288 0.09132516 0.00273559 0.00571173 0.02814229
148 0.03604929 0.01335100 0.04222209 0.04313869 0.01455230 0.01183040 0.00991713 0.64886384 0.00517087 0.04502279 0.01201200 0.00905470 0.00585522 0.00497094 0.00550881 0.04792559 0.02970639 0.00130541 0.00570081 0.00784176
149 0.02943501 0.00536319 0.00571082 0.00067372 0.00958928 0.00578170 0.00488792 0.00305082 0.00169503 0.21351406 0.34278709 0.00441013 0.09109893 0.04545731 0.00472010 0.01848531 0.03453831 0.00275661 0.01062060 0.16542405
150 0.03205440 0.00664770 0.00660895 0.00032839 0.01146460 0.00369512 0.00319139 0.00227805 0.00169676 0.18855498 0.36273996 0.00267672 0.11668499 0.04160260 0.00412805 0.01917030 0.04059210 0.00258289 0.00863309 0.14466898
151 0.06672441 0.03021861 0.01794470 0.01967200 0.00748680 0.03532181 0.02427310 0.01884010 0.01507680 0.02322890 0.03909291 0.02466040 0.00939566 0.00974008 0.49959710 0.05998541 0.05654281 0.00344999 0.00880857 0.02993981
152 0.04559431 0.33257604 0.03811660 0.01932900 0.00866721 0.05057341 0.05008991 0.02070530 0.03240060 0.02215390 0.03025590 0.14594802 0.01745890 0.01987870 0.02093670 0.05637211 0.03593810 0.00817966 0.01372190 0.03110370
153 0.06845257 0.03037019 0.01808959 0.02049609 0.00756074 0.03567099 0.02588309 0.01974589 0.01435559 0.02238279 0.03996348 0.02437239 0.00960493 0.00947798 0.49644381 0.06037818 0.05616238 0.00317870 0.00807804 0.02933259
154 0.03077643 0.01601141 0.00823033 0.00599989 0.01018341 0.00777879 0.00881104 0.01531841 0.02172102 0.06198705 0.12244410 0.02056122 0.02983693 0.39747333 0.00591455 0.02325792 0.02513662 0.01425701 0.13340211 0.04089843
155 0.34904878 0.01382259 0.01765729 0.01187259 0.04204107 0.01509489 0.01372749 0.08442005 0.02078629 0.01673259 0.01878749 0.01455679 0.00663075 0.00690185 0.01995029 0.23455885 0.07561655 0.00268555 0.00442367 0.03068458
156 0.05207632 0.04590192 0.29266711 0.09997594 0.01945161 0.04068892 0.04175372 0.04825572 0.03758121 0.01892831 0.02511241 0.05533152 0.01324071 0.01142740 0.01855201 0.08885163 0.04506482 0.00329881 0.01680761 0.02503231
157 0.03905619 0.00265912 0.00659221 0.00022743 0.01435390 0.00308442 0.00195635 0.00196265 0.00084853 0.21720497 0.29150296 0.00265724 0.10338999 0.03830849 0.00386821 0.02055330 0.04908759 0.00262832 0.00954916 0.19050897
158 0.01467561 0.00376651 0.00413426 0.00180638 0.00620890 0.00372612 0.00202184 0.01295171 0.02129521 0.06027322 0.13827506 0.00677644 0.01644211 0.44068618 0.00318865 0.00919560 0.01290361 0.01067000 0.20268808 0.02831451
159 0.02039302 0.00180196 0.00154973 0.00039247 0.00408568 0.00884099 0.00166826 0.00101432 0.00062028 0.41064232 0.11780809 0.00265309 0.01815041 0.00796759 0.00236471 0.01393961 0.01499851 0.00469104 0.00402962 0.36238828
160 0.05429722 0.18311305 0.15347404 0.03083051 0.00794001 0.11237803 0.06173032 0.02143511 0.02642251 0.01692290 0.02531801 0.14758904 0.02136771 0.01130410 0.01912971 0.03831711 0.04230051 0.00173670 0.01135510 0.01303830
161 0.02682930 0.01680860 0.01610700 0.00968780 0.00729987 0.01002690 0.01175100 0.01165270 0.07062360 0.02691360 0.06007280 0.02193820 0.01900960 0.15864300 0.00795772 0.02347200 0.02472500 0.03147020 0.40863500 0.03637610
162 0.02698140 0.01662020 0.01626290 0.01000440 0.00752556 0.00947500 0.01130220 0.01143490 0.07085089 0.02709510 0.05987779 0.02158190 0.01848530 0.15733298 0.00787787 0.02390070 0.02462490 0.03296180 0.40904395 0.03676030
163 0.13067001 0.01618520 0.04213030 0.29557901 0.00827636 0.04487600 0.18382201 0.02455590 0.02604570 0.01074170 0.01089460 0.04446170 0.00416047 0.00469941 0.02336940 0.06375060 0.02828430 0.00150977 0.00699674 0.02899080
164 0.03129910 0.00258746 0.00259602 0.00092430 0.00586638 0.00864420 0.00266269 0.00186380 0.00118247 0.36756302 0.13653401 0.00455890 0.03037550 0.01387070 0.00419537 0.01709070 0.02258990 0.00437111 0.00595334 0.33527102
165 0.09949873 0.01117060 0.02834691 0.35113910 0.00563484 0.04865841 0.25923707 0.01495540 0.02421281 0.00511628 0.00580702 0.03940121 0.00126145 0.00093704 0.02112331 0.04000201 0.01682030 0.00083996 0.00573464 0.02010291
166 0.03000697 0.00448351 0.00516806 0.00092686 0.00964927 0.00663506 0.00404689 0.00306955 0.00165982 0.26119772 0.27241670 0.00448444 0.07506382 0.03804756 0.00424522 0.01888558 0.03400326 0.00340747 0.01022449 0.21237777
167 0.14162008 0.01203311 0.04146252 0.03593112 0.02749602 0.01402681 0.01910171 0.38244321 0.00937191 0.02332881 0.01847421 0.01361821 0.00474989 0.00649314 0.01053761 0.16177109 0.05454483 0.00399116 0.00365696 0.01534761
168 0.06796243 0.21541779 0.02107138 0.01442299 0.01186999 0.03318227 0.03126397 0.01629978 0.03010027 0.04548116 0.04833735 0.07449623 0.02468228 0.02471278 0.01895648 0.05759134 0.04676695 0.00981436 0.01736238 0.19020782
169 0.07831487 0.07146057 0.04538338 0.05349978 0.01162570 0.17154793 0.11922395 0.03416519 0.02433789 0.04821948 0.03590579 0.09358526 0.01769799 0.01208990 0.03208499 0.05594908 0.04256838 0.00329328 0.01210700 0.03693959
170 0.03704103 0.01548101 0.00950949 0.00414156 0.00857487 0.00985618 0.01419671 0.01126411 0.00633479 0.12988310 0.39098729 0.01154581 0.09231277 0.06004845 0.01145571 0.02563102 0.03166472 0.00583189 0.01951741 0.10472208
171 0.04517132 0.33616912 0.03757611 0.01937211 0.00913918 0.05032902 0.04751062 0.01956891 0.03289611 0.02210151 0.03153651 0.14489105 0.01831571 0.01931941 0.02158661 0.05616672 0.03552411 0.00815217 0.01406020 0.03061351
172 0.03980409 0.00381926 0.00563585 0.00249680 0.01104060 0.00481333 0.00499971 0.00303788 0.00134722 0.23167392 0.26298291 0.00605980 0.07313438 0.03381329 0.00585006 0.02112509 0.04110379 0.00296484 0.00936128 0.23493592
173 0.07381617 0.02028039 0.07582277 0.29962989 0.01035280 0.04670738 0.16750094 0.04999768 0.02679599 0.01013690 0.01174640 0.04227698 0.00403413 0.00572165 0.01994069 0.06524088 0.02891379 0.00231923 0.00934017 0.02942519
174 0.06804069 0.04585510 0.02984690 0.11437299 0.00491116 0.07451549 0.36673397 0.02454460 0.02067000 0.01603230 0.03245290 0.04823170 0.00820943 0.00747896 0.01834160 0.04707330 0.03304150 0.00472095 0.00864679 0.02627970
175 0.07355955 0.02039949 0.07300515 0.30240780 0.01023329 0.04726497 0.16825089 0.05273806 0.02638728 0.00987689 0.01107649 0.04247417 0.00396404 0.00614997 0.02041019 0.06344116 0.02895268 0.00235951 0.00951684 0.02753158
176 0.07362956 0.01956339 0.07664656 0.29825883 0.01052739 0.04648247 0.16703990 0.05281897 0.02643448 0.00993865 0.01160529 0.04314937 0.00426754 0.00652303 0.01961009 0.06459796 0.02851078 0.00273302 0.00937032 0.02829238
177 0.07045731 0.01527338 0.01036889 0.01298888 0.00935259 0.01427888 0.01738688 0.01203878 0.00710668 0.21695172 0.13067083 0.02133257 0.03874385 0.02527297 0.01290268 0.03728555 0.04291885 0.00499847 0.01551858 0.28415164
178 0.31199321 0.01358161 0.01461801 0.00451360 0.13689809 0.01078551 0.00493927 0.06427064 0.02100391 0.00767437 0.01519871 0.01047911 0.00781701 0.00432808 0.01384801 0.29685120 0.04163463 0.00174862 0.00512609 0.01269031
179 0.06170371 0.04902181 0.02138400 0.04759611 0.00252476 0.16748404 0.38477909 0.01431880 0.01422570 0.02393871 0.03201801 0.06686662 0.00674651 0.00298711 0.01561920 0.03376531 0.02856851 0.00121364 0.00415775 0.02108060
