1 0.03100719 0.00899636 0.00540800 0.00150917 0.00880766 0.00214670 0.00320014 0.00349062 0.00174136 0.10796198 0.49131791 0.00278651 0.04061909 0.05124129 0.00272951 0.01656510 0.01764860 0.00084624 0.01206260 0.18991397
2 0.06117278 0.02224609 0.01066710 0.00814530 0.01497789 0.01740769 0.02317269 0.02120379 0.01129230 0.21871892 0.05075288 0.02510909 0.06135388 0.00717142 0.25660091 0.06237678 0.05122008 0.01080780 0.00855813 0.05704448
3 0.04253028 0.00655900 0.03037879 0.15389293 0.01097230 0.01083530 0.01323039 0.30269687 0.04115088 0.00662628 0.01014840 0.01175709 0.00508370 0.00984128 0.00923926 0.30405687 0.01766879 0.00165796 0.00468022 0.00699344
4 0.05518510 0.01028260 0.00876374 0.00859168 0.01170030 0.00898260 0.01495790 0.00909879 0.00395142 0.20809900 0.10470100 0.01706940 0.03738260 0.02564490 0.00815219 0.02931500 0.04617700 0.00251538 0.01043340 0.37899600
5 0.04456462 0.10755204 0.04311422 0.03471851 0.00684247 0.05721612 0.05480602 0.02498431 0.01224920 0.02621501 0.02758461 0.37488814 0.01873401 0.01916131 0.01716181 0.04180472 0.04078092 0.00462085 0.01449881 0.02850231
6 0.08446824 0.01954741 0.01426471 0.01113480 0.01854621 0.03210451 0.02725281 0.01582981 0.17818807 0.23663910 0.06774643 0.03302901 0.04792652 0.04964202 0.01373201 0.02929221 0.03375521 0.00722328 0.04202752 0.03765012
7 0.06274455 0.03411188 0.03929537 0.02101228 0.01021789 0.16283588 0.02713788 0.03799557 0.02221258 0.01521929 0.01746619 0.04473587 0.00980428 0.00953267 0.02772938 0.34168675 0.08456534 0.00401326 0.01186379 0.01581929
8 0.03574612 0.01056701 0.00687591 0.00467119 0.01075811 0.01436281 0.01038051 0.00789655 0.00817238 0.34708719 0.13356807 0.01511011 0.04979253 0.02781392 0.00993673 0.02104971 0.03254932 0.00423229 0.01482541 0.23460413
9 0.04544401 0.10735403 0.04288831 0.03344191 0.00662315 0.05575522 0.05407472 0.02559191 0.01299270 0.02666741 0.02825211 0.37310510 0.01861471 0.02017411 0.01832241 0.04218541 0.04137281 0.00541797 0.01556380 0.02615821
10 0.02345129 0.02014689 0.02807499 0.00394420 0.00564143 0.00701009 0.01236020 0.00568414 0.05110108 0.03222209 0.03618229 0.01784189 0.01383220 0.11874096 0.00634280 0.02259219 0.02401529 0.01537889 0.53631281 0.01912429
11 0.05866739 0.04016019 0.01997320 0.03529919 0.00561042 0.09527178 0.04455839 0.04025719 0.01265380 0.02459409 0.02593509 0.26308594 0.01569160 0.02428699 0.01673210 0.04393739 0.03259719 0.13398297 0.03657289 0.03013219
12 0.02545189 0.01242610 0.00962296 0.00399466 0.00538148 0.00612934 0.01120670 0.00860538 0.01786419 0.04654358 0.09973847 0.01820629 0.01926159 0.51241082 0.00463523 0.02213209 0.01586009 0.01527759 0.10200996 0.04324158
13 0.06799035 0.01960989 0.02098029 0.31334579 0.00940143 0.05073767 0.22889785 0.01427189 0.00501239 0.01947019 0.00698745 0.17616988 0.00440949 0.00150765 0.00784127 0.02283278 0.01319869 0.00448831 0.00189646 0.01095029
14 0.04681221 0.02587061 0.04111771 0.48553815 0.01451330 0.03279721 0.23732207 0.01633711 0.01055880 0.00435635 0.00644361 0.02250551 0.00205986 0.00096891 0.00297105 0.02060931 0.01794511 0.00148608 0.00107534 0.00871169
15 0.04321501 0.44825706 0.03172720 0.01653510 0.01045190 0.03888331 0.04023451 0.01344920 0.04043681 0.01438850 0.03798470 0.10121001 0.01778790 0.01399230 0.01405940 0.04635561 0.02969290 0.00793487 0.01632160 0.01708210
16 0.08187888 0.00840576 0.02209450 0.03446159 0.00569672 0.01413220 0.00892121 0.67352087 0.00654992 0.00943858 0.00911191 0.01586480 0.00557479 0.00488815 0.00980007 0.05032229 0.02561640 0.00238929 0.00260182 0.00873027
17 0.05661504 0.01118731 0.00915050 0.00838214 0.01253301 0.01017271 0.01491121 0.00931349 0.00448707 0.20906216 0.10147008 0.01890021 0.03688113 0.02512612 0.00895377 0.03056212 0.04597083 0.00280452 0.01074231 0.37277428
18 0.02977488 0.50359561 0.03108568 0.00523615 0.01194319 0.12324990 0.02095908 0.00476406 0.06075165 0.00779634 0.01916319 0.07537504 0.00398641 0.00545536 0.00886918 0.02853288 0.03319547 0.00190961 0.01603999 0.00831634
19 0.04354531 0.03995301 0.03492400 0.09481801 0.00831707 0.03800120 0.53064007 0.01235930 0.01533570 0.01276030 0.02310870 0.03507430 0.00639536 0.00714579 0.00725110 0.03909291 0.02224950 0.00197718 0.00968287 0.01736830
20 0.03073893 0.00934660 0.00578470 0.00143371 0.00861282 0.00227711 0.00312752 0.00335847 0.00163821 0.11135611 0.48521047 0.00245950 0.04237874 0.05018205 0.00259617 0.01614502 0.01834052 0.00103365 0.01204751 0.19193219
21 0.12335599 0.02506820 0.02759230 0.02162530 0.02375290 0.01654350 0.02545510 0.05693440 0.01701460 0.01980360 0.02788460 0.02368670 0.01217420 0.01500020 0.03119430 0.39821898 0.08901259 0.00370496 0.01189920 0.03007840
22 0.03497261 0.01590260 0.00912162 0.00404412 0.00852863 0.00629538 0.01263910 0.00711616 0.00590377 0.09308573 0.51999615 0.01019410 0.06590902 0.04813781 0.00728893 0.02232611 0.02360471 0.00588921 0.01492080 0.08412342
23 0.04646797 0.10740393 0.04257997 0.03420038 0.00614958 0.05637746 0.05418467 0.02634558 0.01199489 0.02694768 0.02820838 0.37460776 0.01850779 0.01919319 0.01780459 0.04237907 0.04097177 0.00503136 0.01454529 0.02609868
24 0.08169892 0.00866357 0.02268730 0.03554911 0.00596170 0.01397590 0.00897787 0.66986214 0.00681183 0.00925641 0.00859763 0.01706260 0.00570320 0.00530149 0.01055130 0.04998301 0.02454431 0.00310333 0.00250906 0.00919930
25 0.03597590 0.01049220 0.00714654 0.00525211 0.01121430 0.01425320 0.00992210 0.00893492 0.00806709 0.34455600 0.13133200 0.01527590 0.04893050 0.02784330 0.00973327 0.02233980 0.03499980 0.00429397 0.01632710 0.23311000
26 0.43754584 0.01971399 0.01677069 0.01522389 0.01928529 0.02234149 0.02793869 0.07936617 0.01649849 0.02694439 0.03563789 0.02112169 0.01595449 0.01262540 0.02617049 0.09776696 0.04404048 0.00464205 0.00999852 0.05041308
27 0.04326950 0.01024980 0.00629941 0.00131708 0.01545460 0.00632069 0.00852416 0.00499932 0.00936258 0.22584399 0.22639999 0.00928164 0.23695899 0.01098300 0.01276370 0.01195410 0.03637820 0.00138619 0.00795709 0.11429599
28 0.05138656 0.02688708 0.03619527 0.44163668 0.01487479 0.03078658 0.26993281 0.01473769 0.00968662 0.00486249 0.00893464 0.02722988 0.00238034 0.00138327 0.00406373 0.02585258 0.01620309 0.00164563 0.00175274 0.00956753
29 0.02571279 0.00522305 0.00160989 0.00069474 0.00905010 0.00751193 0.00137925 0.00142563 0.00097585 0.40136391 0.08294478 0.00220164 0.02612379 0.01097330 0.00261915 0.01178490 0.02197140 0.00251374 0.00446025 0.37945992
30 0.02669510 0.01319910 0.00588585 0.00588722 0.00971566 0.02330330 0.09500788 0.00493098 0.01124570 0.19864196 0.37100993 0.01773360 0.08981428 0.00725493 0.01237310 0.01817750 0.06232439 0.00167204 0.00551110 0.01961640
31 0.08242991 0.00885527 0.02172500 0.03403870 0.00591913 0.01387750 0.00830080 0.66920706 0.00704337 0.00925305 0.00899400 0.01576390 0.00571298 0.00643802 0.00942548 0.05077620 0.02659970 0.00278546 0.00299342 0.00986103
32 0.05693689 0.01028520 0.00891501 0.00817602 0.01238480 0.01096240 0.01389040 0.00952828 0.00369196 0.21432698 0.10070599 0.01723440 0.03605220 0.02514300 0.00837429 0.03070330 0.04598590 0.00284594 0.01044910 0.37340796
33 0.02025980 0.00436275 0.00285418 0.00054853 0.01178560 0.00286329 0.01054990 0.00158500 0.00311274 0.20773895 0.46777889 0.00486887 0.11611797 0.02439509 0.00311785 0.00911269 0.03018779 0.00092824 0.00752599 0.07030588
34 0.02712809 0.12245697 0.01862070 0.00443972 0.01014470 0.03055539 0.00795053 0.01212700 0.00546732 0.01503290 0.01988920 0.02501139 0.00837730 0.00439003 0.56099188 0.07919778 0.02818809 0.00686319 0.00377565 0.00939218
35 0.01395460 0.00274468 0.00321167 0.00078784 0.00398806 0.00126978 0.00591936 0.00298323 0.01287890 0.03841870 0.05163590 0.00620939 0.01024000 0.60651300 0.00120066 0.00549861 0.01068560 0.00801942 0.18986200 0.02397860
36 0.07879810 0.07681960 0.03905360 0.04002120 0.01359480 0.03830340 0.04784980 0.02661710 0.24384099 0.03237850 0.03057870 0.02813560 0.03237700 0.04793110 0.01402860 0.06452970 0.03773510 0.00894185 0.08168730 0.01677800
37 0.12444595 0.02468489 0.02601419 0.02213139 0.02444509 0.01538689 0.02653159 0.05553298 0.01661939 0.02056219 0.02953639 0.02403419 0.01213639 0.01326579 0.03004119 0.40161482 0.08894796 0.00384154 0.01155369 0.02867349
38 0.02355271 0.01977951 0.02944881 0.00367416 0.00602245 0.00765372 0.01327330 0.00595637 0.05149372 0.03272681 0.03743411 0.01771771 0.01433520 0.11709904 0.00600237 0.02184521 0.02408401 0.01557401 0.53233818 0.01998861
39 0.02321271 0.45816613 0.04465111 0.00570206 0.00610425 0.06182822 0.02101701 0.00815669 0.13034204 0.00681380 0.01585480 0.04459451 0.00400162 0.00554878 0.00418900 0.02393631 0.07580992 0.00240631 0.04356121 0.01410350
40 0.02517109 0.01345590 0.01003100 0.00436062 0.00548033 0.00582127 0.01106660 0.00958131 0.01840270 0.04610099 0.10080298 0.01768880 0.01895440 0.51338488 0.00461391 0.02253419 0.01603710 0.01349770 0.10092598 0.04208829
41 0.07644337 0.04989588 0.05325618 0.04077108 0.00601714 0.35633484 0.07632167 0.03486498 0.02311759 0.03507528 0.02432149 0.07490227 0.01371549 0.00875241 0.01981389 0.03540368 0.02989199 0.00540640 0.01017850 0.02551589
42 0.05234080 0.01226950 0.01321960 0.01835390 0.00937872 0.00939817 0.01617340 0.06430270 0.01542720 0.01804160 0.05976480 0.01855180 0.01953500 0.15798300 0.00974780 0.42542800 0.03363010 0.00365171 0.01658380 0.02621840
43 0.02359250 0.01906270 0.02956390 0.00378372 0.00586927 0.00768284 0.01299350 0.00615117 0.05142871 0.03281470 0.03737031 0.01912210 0.01450780 0.11473702 0.00630575 0.02269860 0.02492470 0.01453800 0.53311508 0.01973760
44 0.03542959 0.01588950 0.00926121 0.00363794 0.00867753 0.00553462 0.01256860 0.00575198 0.00558879 0.09385547 0.52237584 0.00993457 0.06528468 0.04729999 0.00772811 0.02198449 0.02336199 0.00548736 0.01469280 0.08565497
45 0.02508653 0.01211121 0.00973691 0.00420721 0.00533755 0.00571684 0.01045741 0.00946383 0.01868352 0.04592515 0.10183411 0.01723582 0.01982982 0.51284755 0.00447103 0.02191832 0.01556062 0.01464402 0.10187611 0.04305645
46 0.03603541 0.01692470 0.00960580 0.00426779 0.00862065 0.00623080 0.01291250 0.00699427 0.00572430 0.09300243 0.51690815 0.01000020 0.06451742 0.04817381 0.00799945 0.02337641 0.02382611 0.00566465 0.01475020 0.08446492
47 0.07691187 0.04988218 0.05579677 0.04355388 0.00615367 0.35286584 0.07654397 0.03430788 0.02475689 0.03426488 0.02270869 0.07321627 0.01248599 0.00869011 0.01945539 0.03730048 0.03093259 0.00541931 0.00989816 0.02485519
48 0.02518912 0.00513942 0.00162229 0.00066582 0.00887202 0.00668672 0.00137316 0.00112026 0.00079553 0.40404426 0.07961505 0.00224097 0.02343692 0.00833586 0.00191111 0.01080391 0.02002051 0.00230160 0.00322722 0.39259825
49 0.03702801 0.04073152 0.04181002 0.01026870 0.00716503 0.03138541 0.01594411 0.04488052 0.00767827 0.01644671 0.02164001 0.15964006 0.01047550 0.00762568 0.02235731 0.24748209 0.24137509 0.00318565 0.01217570 0.02070461
50 0.04358228 0.02529499 0.04231488 0.50705775 0.01406299 0.03363258 0.23078988 0.01674459 0.01096019 0.00347457 0.00456111 0.01749709 0.00186775 0.00079072 0.00209624 0.01658119 0.01833519 0.00145985 0.00115672 0.00773944
51 0.03047452 0.00744586 0.00556003 0.00198657 0.01223271 0.00342249 0.00354199 0.00377306 0.00166525 0.19974312 0.30428819 0.00353055 0.04361043 0.04336223 0.00334918 0.01639541 0.02491102 0.00148691 0.01137731 0.27784317
52 0.07783762 0.07881192 0.04141311 0.04039541 0.01297310 0.03997011 0.04794591 0.02759811 0.24020407 0.03034191 0.03091491 0.02849421 0.03412621 0.04928001 0.01284480 0.06364772 0.03587701 0.00940940 0.08131392 0.01660050
53 0.03384930 0.00992692 0.00691885 0.00507568 0.01084870 0.01486790 0.01050860 0.00784587 0.00716059 0.35205105 0.13092602 0.01424610 0.04836331 0.02765390 0.00860027 0.02160990 0.03223210 0.00425049 0.01551340 0.23755103
54 0.02479181 0.04328842 0.42678317 0.03469321 0.00516580 0.02442441 0.01174220 0.01511391 0.01794891 0.01087630 0.04207932 0.04503612 0.01382411 0.14126806 0.01294431 0.03397501 0.03094001 0.00368310 0.04466152 0.01676031
55 0.43701423 0.02011211 0.01618781 0.01616751 0.02033211 0.02114361 0.02651131 0.08137974 0.01738641 0.02681861 0.03103912 0.02029811 0.01701021 0.01181421 0.02583451 0.10115805 0.04483832 0.00443631 0.00925477 0.05126293
56 0.05485653 0.01043371 0.01543811 0.00551306 0.01415811 0.00934412 0.01287751 0.01049741 0.00748534 0.26374913 0.11275305 0.02493011 0.05458193 0.01187411 0.01470761 0.03978952 0.16548908 0.00280660 0.02293291 0.14578207
57 0.12332200 0.02394370 0.02642770 0.02201770 0.02609300 0.01500520 0.02624390 0.05455510 0.01613500 0.01993920 0.02699020 0.02296790 0.01140360 0.01471100 0.02836660 0.40815900 0.09000480 0.00387059 0.01111520 0.02872860
58 0.05556579 0.00886168 0.00974006 0.00558978 0.01438840 0.00521427 0.01255700 0.01740890 0.00785286 0.08559838 0.04389839 0.01070710 0.02371299 0.01014320 0.00877150 0.07139018 0.31069093 0.00129149 0.01730220 0.27931493
59 0.04112332 0.01244041 0.00675787 0.00135550 0.01422081 0.00613551 0.00776642 0.00470413 0.01082300 0.22741010 0.20972809 0.00964152 0.27615412 0.00836684 0.01422951 0.01015500 0.03280611 0.00102202 0.00590927 0.09925044
60 0.05148609 0.05093229 0.03163409 0.04670289 0.00329198 0.19178897 0.04854989 0.02772820 0.01175370 0.03238099 0.01462820 0.36312493 0.00826752 0.01420850 0.01151770 0.02526840 0.03607569 0.00762526 0.00837342 0.01466130
61 0.01604250 0.00382588 0.00324615 0.00155340 0.00527035 0.00233127 0.00453750 0.00352999 0.01683520 0.13822303 0.13341203 0.00534492 0.01643880 0.45724010 0.00178268 0.01060420 0.01169010 0.00202044 0.09029312 0.07577832
62 0.07617848 0.05236999 0.05432809 0.04036809 0.00605368 0.35876991 0.07387288 0.03433439 0.02314989 0.03331839 0.02410939 0.07466498 0.01262900 0.00817195 0.01995160 0.03704449 0.03031739 0.00619696 0.00929985 0.02487059
63 0.03412932 0.01018751 0.00771721 0.00495185 0.01128141 0.01501981 0.01022531 0.00874004 0.00776628 0.34704720 0.13348808 0.01524281 0.04779583 0.02641582 0.00881907 0.02156521 0.03330542 0.00384019 0.01573351 0.23672813
64 0.04253788 0.04014708 0.40662580 0.07314656 0.00824301 0.05044808 0.04044558 0.03689698 0.02146539 0.01398329 0.02993789 0.05144438 0.01417399 0.01737729 0.01206829 0.05430707 0.03738168 0.00254777 0.02659999 0.02022199
65 0.02735291 0.01356211 0.00959504 0.00861004 0.00726262 0.01451421 0.11483706 0.00639826 0.01155241 0.11788006 0.39070320 0.01709851 0.07611244 0.00588403 0.01690201 0.02801801 0.10980006 0.00110777 0.00410983 0.01869941
66 0.04371521 0.03910371 0.03452861 0.09334873 0.00814378 0.03698291 0.52964915 0.01291680 0.01590630 0.01279910 0.02248891 0.03487871 0.00716834 0.00792514 0.00758835 0.03850041 0.02378921 0.00211810 0.01034840 0.01810011
67 0.04209591 0.02258580 0.06798301 0.43895106 0.01434840 0.03759441 0.15484702 0.04709991 0.02055420 0.00851833 0.01003320 0.03187550 0.00517469 0.00498689 0.00704407 0.03924651 0.02478360 0.00281414 0.00369074 0.01577260
68 0.38283498 0.00851168 0.01414490 0.00792804 0.02653720 0.00689306 0.01379090 0.06686630 0.02606940 0.01174250 0.01132900 0.00710599 0.00761302 0.00564845 0.01546320 0.29770799 0.06549860 0.00195738 0.00412852 0.01822890
69 0.07993206 0.02917089 0.02719869 0.01954959 0.01196189 0.01984069 0.02592029 0.04566108 0.01559439 0.05027638 0.04797388 0.03611678 0.02260199 0.01501889 0.01818839 0.13437794 0.29973286 0.00658156 0.01909479 0.07520697
70 0.04951211 0.02772001 0.01655740 0.00608209 0.01697620 0.01384420 0.01401270 0.01427750 0.02482191 0.11978703 0.19583304 0.02781611 0.24157205 0.03030341 0.01605940 0.02878431 0.03630931 0.00924150 0.01702130 0.09346842
71 0.03969973 0.19725414 0.14779711 0.00965567 0.02090272 0.18261513 0.01321931 0.00842356 0.01908451 0.01017561 0.03974193 0.05077294 0.00759732 0.01183241 0.14866111 0.04431713 0.02746542 0.00270861 0.00920995 0.00886571
72 0.02977359 0.01902319 0.06959547 0.38443284 0.00931780 0.04398248 0.07171327 0.04096538 0.10395196 0.01058440 0.00790702 0.01568749 0.01103530 0.00779123 0.00490599 0.03600948 0.11031195 0.00247311 0.00626597 0.01427209
73 0.04486331 0.03962751 0.03391931 0.09407433 0.00809982 0.03954101 0.52489516 0.01215960 0.01673521 0.01313640 0.02272971 0.03599801 0.00669320 0.00717855 0.00749749 0.03904471 0.02359821 0.00195333 0.00947820 0.01877691
74 0.02351371 0.03502641 0.09469344 0.08655253 0.00685518 0.01814121 0.58976623 0.00900128 0.01392881 0.00472719 0.01013100 0.01592251 0.00383116 0.00299426 0.00455022 0.04064002 0.01817711 0.00091919 0.00658574 0.01404281
75 0.02538920 0.01216710 0.01075540 0.00433637 0.00559564 0.00604640 0.01080680 0.00914078 0.01720700 0.04762400 0.09895690 0.01671590 0.01954230 0.51233399 0.00432362 0.02205050 0.01631270 0.01563590 0.10262200 0.04243750
76 0.43759198 0.01812480 0.01628750 0.01556960 0.01925880 0.02362400 0.02764090 0.07845760 0.01763520 0.02699490 0.03467800 0.02017310 0.01598590 0.01210020 0.02505800 0.10203199 0.04391070 0.00502282 0.00965093 0.05020310
77 0.02349469 0.00859767 0.00706558 0.00086316 0.01047259 0.00174049 0.00953907 0.00338351 0.00349233 0.13911592 0.49809970 0.00476190 0.16536990 0.01905359 0.00522803 0.01196429 0.02943798 0.00055877 0.00690217 0.05085867
78 0.10316005 0.01107741 0.01600951 0.02730551 0.00213122 0.24032412 0.03687542 0.18677910 0.00806277 0.01314651 0.00844163 0.19673310 0.00565250 0.02317101 0.01404351 0.02378001 0.01619771 0.01995601 0.00448617 0.04266672
79 0.29620284 0.00769579 0.01270819 0.00986769 0.01515619 0.00618695 0.01863909 0.03455898 0.00896314 0.04375928 0.02598789 0.01037319 0.02039849 0.00921289 0.02802538 0.19585589 0.07862276 0.00296560 0.00668587 0.16813391
80 0.40836927 0.01350551 0.00684059 0.00534547 0.00968065 0.01262581 0.01557711 0.22285515 0.01542881 0.07636325 0.01692451 0.01148771 0.01315811 0.00646070 0.01989851 0.07052345 0.03915013 0.00602765 0.00398108 0.02579652
81 0.03195488 0.05513387 0.03127699 0.00944453 0.00498988 0.04449178 0.01785339 0.03525048 0.01217729 0.01475699 0.03523518 0.27757987 0.04398128 0.25157288 0.01979949 0.03481628 0.02229239 0.00683436 0.03460208 0.01595609
82 0.02260020 0.00345684 0.00318728 0.00032365 0.01485830 0.00176853 0.01029550 0.00169682 0.00294702 0.21742899 0.42029097 0.00404703 0.17761499 0.00869118 0.00399954 0.00713933 0.03725540 0.00039153 0.00503982 0.05696710
83 0.02278281 0.01948641 0.02878052 0.00346627 0.00553346 0.00768059 0.01246441 0.00485930 0.05238373 0.03403422 0.03691712 0.01875401 0.01457101 0.11493307 0.00625805 0.02131721 0.02438052 0.01559271 0.53587334 0.01993121
84 0.07583841 0.05112931 0.05522891 0.04188391 0.00578322 0.35831106 0.07811411 0.03317531 0.02334030 0.03355501 0.02350050 0.07457701 0.01263790 0.00903275 0.01822580 0.03637011 0.02950110 0.00560600 0.00991087 0.02427840
85 0.04536328 0.04040228 0.03397669 0.09560976 0.00882515 0.03705288 0.52403678 0.01214589 0.01478129 0.01221739 0.02316079 0.03541819 0.00689466 0.00745967 0.00826169 0.04022228 0.02228979 0.00285190 0.00937345 0.01965619
86 0.02784731 0.01104720 0.01090230 0.00254452 0.00965482 0.00413768 0.02209551 0.00551463 0.00520270 0.12095705 0.45611320 0.01193141 0.09970664 0.02142621 0.01105490 0.02487401 0.08829614 0.00171118 0.00771794 0.05726462
87 0.02173148 0.00509230 0.00130196 0.00042765 0.00816953 0.00668980 0.00105053 0.00087606 0.00068736 0.42152567 0.08054504 0.00187102 0.01974348 0.00722762 0.00168490 0.00992978 0.01659859 0.00247261 0.00297093 0.38940370
88 0.04471390 0.44606598 0.03147650 0.01739350 0.01064760 0.03820110 0.03814760 0.01405540 0.04064130 0.01633810 0.03876270 0.10055199 0.01646040 0.01467590 0.01519890 0.04447920 0.02993960 0.00860375 0.01536430 0.01828230
89 0.12272596 0.02550869 0.02592689 0.02148509 0.02501869 0.01610719 0.02520449 0.05548128 0.01738199 0.01950699 0.02852699 0.02346379 0.01211120 0.01530779 0.02975959 0.40384386 0.08874587 0.00340444 0.01089490 0.02959429
90 0.04652770 0.02560220 0.04187860 0.48901097 0.01430200 0.03319800 0.23567199 0.01636270 0.01081640 0.00394180 0.00655868 0.02184480 0.00205197 0.00094338 0.00294767 0.01922440 0.01814380 0.00153933 0.00110386 0.00832977
91 0.05701749 0.00996930 0.00883099 0.00857862 0.01230590 0.01016720 0.01499140 0.00978598 0.00386118 0.20879296 0.10317798 0.01755600 0.03795059 0.02560460 0.00807300 0.03063329 0.04591759 0.00271141 0.00966759 0.37440694
92 0.03493892 0.01472211 0.00976979 0.00378816 0.00891067 0.00566222 0.01244431 0.00570322 0.00550488 0.09528224 0.52329024 0.00961825 0.06657633 0.04711052 0.00710511 0.02147541 0.02372751 0.00602695 0.01498851 0.08335464
93 0.04385053 0.10607506 0.04404223 0.03464182 0.00616496 0.05749403 0.05348993 0.02575292 0.01273321 0.02675412 0.02823852 0.37451422 0.01991971 0.01907281 0.01837491 0.04182903 0.04012322 0.00478904 0.01552171 0.02661802
94 0.01409481 0.00495155 0.00123542 0.00023531 0.00872017 0.00556056 0.00091509 0.00055923 0.00071509 0.42801130 0.11426408 0.00146285 0.02030851 0.01274781 0.00103237 0.00734672 0.01083981 0.00249758 0.00430347 0.36019825
95 0.04235480 0.04003480 0.40020402 0.07381250 0.00958247 0.04897020 0.04302660 0.03862060 0.02190490 0.01457470 0.02870690 0.05247370 0.01390570 0.01721300 0.01284890 0.05472680 0.03764950 0.00237417 0.02733570 0.01968000
96 0.03008611 0.07823784 0.20401609 0.03505332 0.00497369 0.04545012 0.02229961 0.03348952 0.01050060 0.03154771 0.02545121 0.31057914 0.01337801 0.01383981 0.00951932 0.04093612 0.05413482 0.00219483 0.01985701 0.01445511
97 0.01489459 0.00499672 0.00127892 0.00024073 0.00905563 0.00546563 0.00092436 0.00059250 0.00074947 0.42514068 0.11482191 0.00151545 0.02116348 0.01297929 0.00120772 0.00736516 0.01123029 0.00251630 0.00425643 0.35960473
98 0.03613558 0.01608929 0.00970065 0.00360852 0.00803109 0.00600697 0.01200709 0.00590572 0.00550001 0.09528896 0.51934877 0.01008190 0.06575797 0.04715218 0.00787415 0.02213629 0.02237989 0.00616804 0.01533259 0.08549436
99 0.04368582 0.01954761 0.44227621 0.04739072 0.01448961 0.03551482 0.02493881 0.02806121 0.01464121 0.00805199 0.01752911 0.03611292 0.00780530 0.01095101 0.01388571 0.16411608 0.03705252 0.00175879 0.00945115 0.02273941
100 0.04052423 0.05683674 0.02029601 0.02695892 0.00455051 0.06370114 0.18088512 0.01406151 0.11313707 0.02953872 0.02022671 0.29851719 0.01881181 0.00819103 0.00898935 0.02326741 0.04288133 0.00443899 0.01038861 0.01379761
101 0.04517319 0.04003219 0.03451749 0.09541078 0.00837440 0.03793499 0.52609287 0.01256710 0.01648800 0.01269690 0.02359779 0.03368009 0.00696049 0.00713144 0.00736519 0.03939219 0.02268559 0.00213346 0.00948687 0.01827900
102 0.02960620 0.09185189 0.03914900 0.02456560 0.00779937 0.03577010 0.03161620 0.02556610 0.00756081 0.01601490 0.02170970 0.38392297 0.01588190 0.01471440 0.02888100 0.13765799 0.04895150 0.00455311 0.01339030 0.02083700
103 0.03579202 0.01589461 0.00933390 0.00346486 0.00888147 0.00608678 0.01269291 0.00659847 0.00572505 0.09282265 0.52060427 0.01006831 0.06547683 0.04922743 0.00733969 0.02104921 0.02332941 0.00612417 0.01579361 0.08369434
104 0.08200979 0.00826466 0.02173670 0.03464240 0.00604866 0.01477690 0.00904545 0.66973693 0.00709599 0.00937660 0.00942313 0.01612290 0.00555664 0.00565917 0.00970335 0.05009239 0.02514580 0.00285231 0.00310664 0.00960361
105 0.43271525 0.01677581 0.01378111 0.04697363 0.01375001 0.03413822 0.14998209 0.05166553 0.01427751 0.01260021 0.01740571 0.02796132 0.00986276 0.00463357 0.02378931 0.05541923 0.02814102 0.00272767 0.00521284 0.03818722
106 0.04417742 0.03930102 0.03489502 0.09797254 0.00844727 0.03665862 0.52667024 0.01275591 0.01559831 0.01194011 0.02102051 0.03550392 0.00702057 0.00742876 0.00740977 0.03913092 0.02329961 0.00239318 0.01076120 0.01761511
107 0.03402432 0.01048141 0.00753667 0.00557055 0.01115611 0.01578991 0.01039231 0.00832502 0.00782523 0.34572919 0.13248507 0.01480001 0.04796113 0.02633141 0.00978251 0.02206321 0.03343092 0.00435338 0.01693651 0.23502513
108 0.04483362 0.04315362 0.00720947 0.00975840 0.00399618 0.01376420 0.01094350 0.01546731 0.01771461 0.02176041 0.06458042 0.01777821 0.03292921 0.08512953 0.01310090 0.02500141 0.03615661 0.46061016 0.05969532 0.01641691
109 0.02545231 0.00505242 0.00164047 0.00071266 0.00971930 0.00714202 0.00142169 0.00117964 0.00096798 0.40142812 0.08584693 0.00238719 0.02621811 0.01054420 0.00237036 0.01134630 0.02152001 0.00241220 0.00436498 0.37827311
110 0.05037127 0.02832068 0.01589259 0.00603991 0.01609049 0.01332719 0.01365789 0.01498599 0.02249998 0.12082792 0.19904686 0.02733758 0.23920484 0.03038098 0.01640869 0.02939908 0.03537288 0.00915016 0.01756259 0.09412244
111 0.04097730 0.05251250 0.03370880 0.01162330 0.01433450 0.16564999 0.03847960 0.01121880 0.02518970 0.03258340 0.16416599 0.03613930 0.01994260 0.01503160 0.22093799 0.05471170 0.03199500 0.00426258 0.00821136 0.01832400
112 0.03634920 0.01595290 0.00925391 0.00426063 0.00855002 0.00613829 0.01273660 0.00679556 0.00564576 0.09372329 0.51668394 0.01039740 0.06482179 0.04982759 0.00761497 0.02108530 0.02375140 0.00676028 0.01603340 0.08361779
113 0.10626201 0.01014470 0.01140020 0.00539577 0.00965459 0.01403380 0.01059700 0.05082371 0.00611924 0.01376680 0.01261930 0.01529920 0.00645814 0.00501400 0.01058790 0.43657206 0.24314603 0.00106082 0.00452770 0.02651700
114 0.07541800 0.05158860 0.05612540 0.04281130 0.00616466 0.35537000 0.07853430 0.03231750 0.02424740 0.03133530 0.02334860 0.07705780 0.01202140 0.00885830 0.01886000 0.03556380 0.03118320 0.00544883 0.00997081 0.02377480
115 0.05479921 0.01059610 0.00879787 0.00827383 0.01189710 0.00957020 0.01543940 0.00911233 0.00431693 0.20762402 0.10489601 0.01785790 0.03691740 0.02560410 0.00769770 0.02986470 0.04676020 0.00270034 0.01013160 0.37714304
116 0.11958695 0.03118539 0.02360529 0.03371949 0.25993789 0.01236029 0.03043539 0.02779059 0.01797269 0.05168578 0.05787058 0.01913469 0.03532969 0.01656679 0.03532609 0.11304595 0.03951958 0.00296601 0.01426039 0.05770048
117 0.07595207 0.04943508 0.05729588 0.04226848 0.00600046 0.35555986 0.07775587 0.03295579 0.02389989 0.03321179 0.02446729 0.07367947 0.01334679 0.00888599 0.01869609 0.03577459 0.03154809 0.00558177 0.00987888 0.02380589
118 0.06456296 0.07417596 0.01441219 0.01097319 0.00740015 0.02740738 0.01363259 0.23000187 0.01772889 0.03515698 0.01976269 0.02426879 0.11309194 0.01832869 0.03102848 0.06756606 0.02972958 0.17182890 0.00649371 0.02244899
119 0.03612859 0.01683509 0.00964757 0.00387355 0.00862906 0.00616734 0.01209050 0.00585268 0.00547346 0.09238146 0.52221179 0.01098530 0.06422107 0.04744868 0.00698185 0.02197589 0.02279519 0.00525440 0.01480849 0.08623806
120 0.43677924 0.02027781 0.01615031 0.01597681 0.01915261 0.02205311 0.02650041 0.08196495 0.01740521 0.02719061 0.03331612 0.01991081 0.01616781 0.01213431 0.02473651 0.10212306 0.04434322 0.00469014 0.00926262 0.04986433
121 0.43416877 0.01911299 0.01808769 0.01599309 0.02071239 0.02298249 0.02701439 0.07777826 0.01835689 0.02800509 0.03385108 0.01891289 0.01687289 0.01210109 0.02613059 0.10073995 0.04321658 0.00548931 0.00850011 0.05197347
122 0.08246402 0.00867051 0.02250040 0.03540901 0.00574432 0.01441070 0.00913962 0.67122613 0.00709820 0.00868267 0.00814695 0.01601680 0.00578533 0.00548707 0.01016920 0.04915681 0.02498740 0.00289889 0.00307843 0.00892751
123 0.05396311 0.01013840 0.01490540 0.00503332 0.01423860 0.00850888 0.01278960 0.01164130 0.00788038 0.25929207 0.11071503 0.02534151 0.05560871 0.01186760 0.01481840 0.03921731 0.16795104 0.00267366 0.02320061 0.15021504
124 0.03428909 0.01064480 0.00731149 0.00527231 0.01130700 0.01447300 0.01006230 0.00739664 0.00750769 0.34962794 0.13359498 0.01548240 0.04895269 0.02751660 0.00917627 0.02037110 0.03263919 0.00404156 0.01554700 0.23478596
125 0.02791180 0.00698413 0.00492109 0.00167505 0.01205870 0.00324657 0.00265436 0.00355116 0.00136067 0.20347898 0.29363596 0.00294481 0.04139400 0.04152310 0.00265847 0.01598840 0.02550520 0.00116731 0.01085730 0.29648296
126 0.04959401 0.02870391 0.01643690 0.00643988 0.01616180 0.01254060 0.01404000 0.01520230 0.02371291 0.12044303 0.20373505 0.02870321 0.23898005 0.02801831 0.01638120 0.02868681 0.03517211 0.00905059 0.01676050 0.09123682
127 0.12648404 0.02460031 0.02527711 0.02147371 0.02529781 0.01523180 0.02527221 0.05564262 0.01651491 0.01951241 0.02988331 0.02251501 0.01137500 0.01435240 0.03005131 0.40403313 0.08858963 0.00402389 0.01060890 0.02926051
128 0.04250158 0.03879188 0.40739081 0.07127847 0.00841735 0.05204238 0.04035758 0.03618738 0.02116389 0.01458279 0.03052929 0.05012568 0.01403699 0.01692419 0.01219369 0.05502317 0.03770578 0.00245382 0.02779079 0.02050249
129 0.03607632 0.01542601 0.00866994 0.00363993 0.00816428 0.00570989 0.01212821 0.00600170 0.00511172 0.09487865 0.52318429 0.00935752 0.06411314 0.04852903 0.00757676 0.02097491 0.02253781 0.00656652 0.01519281 0.08616055
130 0.02524550 0.00525087 0.00156493 0.00072577 0.00878105 0.00715286 0.00134164 0.00111633 0.00089784 0.40537298 0.07930020 0.00244028 0.02303880 0.00812761 0.00205880 0.01086730 0.01969530 0.00244757 0.00340740 0.39116698
131 0.04332001 0.44778711 0.03100961 0.01671670 0.01035290 0.03834781 0.03969371 0.01379850 0.04166391 0.01555400 0.03777741 0.09833752 0.01676350 0.01450950 0.01443510 0.04532821 0.03110241 0.00849966 0.01623310 0.01876930
132 0.03682651 0.01463920 0.00942971 0.00339287 0.00935786 0.00548478 0.01225430 0.00709868 0.00607528 0.09592393 0.51674518 0.00955267 0.06443892 0.04726762 0.00822355 0.02164561 0.02374391 0.00550276 0.01578821 0.08660843
133 0.04179501 0.02284410 0.06922651 0.43809907 0.01359040 0.03806381 0.15212902 0.04705191 0.02114760 0.00956541 0.00997316 0.03392961 0.00479692 0.00527232 0.00599714 0.03862951 0.02534530 0.00302743 0.00329906 0.01621670
134 0.04495842 0.00992554 0.01170160 0.00867890 0.00595973 0.02395591 0.01360331 0.09858154 0.00832356 0.03323901 0.12752505 0.03147121 0.03218301 0.19882608 0.00945188 0.07436343 0.03423721 0.00420578 0.02296671 0.20584208
135 0.03632059 0.01600060 0.01003110 0.00429355 0.00829783 0.00586196 0.01232480 0.00662976 0.00543844 0.09229218 0.51974786 0.01067190 0.06569938 0.04983929 0.00792358 0.02235949 0.02298079 0.00629564 0.01513950 0.08185178
136 0.02255251 0.01961001 0.03038781 0.00310417 0.00582823 0.00776874 0.01354651 0.00551265 0.05220192 0.03290581 0.03711111 0.01676381 0.01545341 0.11290704 0.00613503 0.02247011 0.02482271 0.01580221 0.53566720 0.01944901
137 0.03575492 0.01656291 0.00971184 0.00342015 0.00862422 0.00657795 0.01301631 0.00652479 0.00545014 0.09542415 0.51855326 0.01050191 0.06438443 0.04656262 0.00777808 0.02137921 0.02364871 0.00554262 0.01434231 0.08623944
138 0.02490598 0.01341629 0.01022149 0.00413826 0.00551422 0.00568695 0.01098509 0.00869355 0.01921158 0.04672016 0.10071690 0.01835388 0.02010078 0.51008651 0.00412875 0.02100048 0.01603238 0.01480469 0.10145190 0.04383016
139 0.07312221 0.06788701 0.02146540 0.01727830 0.00904236 0.01764070 0.01433560 0.32545303 0.02133860 0.03444890 0.04470980 0.02275190 0.13946701 0.01770540 0.01668340 0.07110321 0.03534180 0.01334410 0.00720975 0.02967150
140 0.02481591 0.01235821 0.01006740 0.00377855 0.00492361 0.00564003 0.01082860 0.00831319 0.01764901 0.04685902 0.10461004 0.01768901 0.01944931 0.51133321 0.00434821 0.01988721 0.01648591 0.01594811 0.10165404 0.04336142
141 0.08629299 0.01293180 0.01091780 0.01523150 0.34245597 0.00802308 0.01158280 0.00943867 0.02126750 0.05650099 0.07105619 0.01113540 0.16465298 0.00978171 0.02817580 0.03616430 0.02606490 0.00189443 0.00836371 0.06806749
142 0.02680080 0.00538277 0.00192689 0.00071832 0.00973696 0.00700916 0.00144293 0.00131267 0.00109181 0.40020800 0.08366070 0.00236772 0.02731840 0.01098770 0.00236621 0.01173680 0.02122540 0.00237277 0.00443798 0.37789600
143 0.07861831 0.00834662 0.02237050 0.03580831 0.00565214 0.01394420 0.00919608 0.67264212 0.00680509 0.00919100 0.00869368 0.01517740 0.00577929 0.00551934 0.01005030 0.05152761 0.02632870 0.00262446 0.00317310 0.00855172
144 0.44047561 0.00719400 0.01192579 0.00578809 0.02264908 0.00552688 0.01245849 0.07496043 0.02729508 0.01018609 0.00896942 0.00558226 0.00724936 0.00498689 0.01506169 0.25897277 0.05881265 0.00181637 0.00360597 0.01648309
145 0.07499897 0.01254109 0.12614195 0.04128058 0.09401576 0.00628344 0.01301049 0.22683491 0.00782428 0.00808902 0.00923810 0.02876629 0.00583923 0.00487211 0.01200070 0.27986689 0.03231719 0.00237784 0.00321628 0.01048490
146 0.01735851 0.00539794 0.00127661 0.00042456 0.00728697 0.00781389 0.00097528 0.00074091 0.00074871 0.44285113 0.08211052 0.00169429 0.01550710 0.00707113 0.00174401 0.00917039 0.01285870 0.00297950 0.00260272 0.37938711
147 0.29589107 0.00936366 0.01564280 0.00991382 0.03012961 0.00705544 0.01373610 0.04703481 0.02321761 0.01000080 0.01002140 0.00688704 0.00745110 0.00561247 0.01435950 0.39063209 0.08103712 0.00179536 0.00434208 0.01587610
148 0.10366193 0.02576948 0.01644389 0.01739799 0.00902039 0.01934989 0.02104869 0.28509982 0.01664189 0.17598589 0.03527088 0.02299629 0.03055398 0.01499239 0.02581368 0.06809116 0.05149807 0.00991088 0.00905613 0.04139667
149 0.03455969 0.01550120 0.00992250 0.00377784 0.00842206 0.00617741 0.01249430 0.00588961 0.00568380 0.09197358 0.52326287 0.01041090 0.06432528 0.04742319 0.00823295 0.02220529 0.02303719 0.00606938 0.01540150 0.08522948
150 0.02107028 0.00764021 0.00671463 0.00066848 0.00947331 0.00125827 0.00914479 0.00289658 0.00264386 0.13968090 0.51442061 0.00357861 0.16860787 0.01755689 0.00490379 0.01119459 0.02920978 0.00038956 0.00639932 0.04254767
151 0.05815909 0.02462930 0.01351800 0.00888856 0.01134120 0.02119350 0.01232320 0.02032070 0.00747555 0.02003210 0.02585900 0.02768020 0.01421460 0.00671792 0.57622394 0.08872419 0.03010280 0.00447112 0.00780035 0.02032470
152 0.04468339 0.44659385 0.03067949 0.01534459 0.01013560 0.03909189 0.03981669 0.01313080 0.04082569 0.01562449 0.03808449 0.10065797 0.01743909 0.01373030 0.01506400 0.04595628 0.03043019 0.00810693 0.01617739 0.01842689
153 0.06074742 0.02371221 0.01425090 0.00858304 0.01331690 0.02196301 0.01248370 0.01909721 0.00735955 0.01894361 0.02645931 0.02702461 0.01335430 0.00666187 0.57664020 0.08824913 0.02987611 0.00428793 0.00755316 0.01943581
154 0.02558060 0.01134080 0.01010240 0.00398954 0.00558437 0.00582883 0.01101140 0.00913830 0.01808880 0.04643810 0.09997659 0.01752430 0.01932780 0.51266595 0.00416675 0.02219250 0.01586970 0.01481590 0.10273699 0.04362040
155 0.31020193 0.27513693 0.02257799 0.01414680 0.01091550 0.03117979 0.02884889 0.02838429 0.02283699 0.01487720 0.02317359 0.05406559 0.01110220 0.02319289 0.01658690 0.04900519 0.02844399 0.00697424 0.00760610 0.02074300
156 0.04252988 0.03896938 0.40523780 0.07305206 0.00891688 0.05047398 0.04214588 0.03669678 0.02122869 0.01404489 0.02789739 0.05216497 0.01339389 0.01769419 0.01136619 0.05544167 0.03812488 0.00226791 0.02842539 0.01992729
157 0.05293834 0.00301650 0.00587864 0.00041936 0.02593632 0.00192415 0.00243160 0.00180048 0.00162698 0.20535314 0.23050616 0.00202472 0.14574310 0.02957202 0.00497979 0.00826670 0.03330632 0.00037300 0.01298851 0.23091416
158 0.01347370 0.00380020 0.00546501 0.00105552 0.00404883 0.00162005 0.00535380 0.00281765 0.01749880 0.03981140 0.05606850 0.00675851 0.01108430 0.53785798 0.00180389 0.00600798 0.01159180 0.01358000 0.23567299 0.02462910
159 0.01747751 0.00500283 0.00107302 0.00032744 0.00742257 0.00724837 0.00087390 0.00071432 0.00076512 0.44032315 0.08054803 0.00142756 0.01499840 0.00630279 0.00146850 0.00883795 0.01267370 0.00262504 0.00239967 0.38749013
160 0.02102540 0.28134397 0.16761098 0.00935775 0.00793337 0.03452760 0.01814240 0.00894453 0.01938240 0.00824744 0.03452480 0.26354498 0.00966755 0.01471420 0.00828205 0.03156650 0.03249980 0.00137002 0.01776220 0.00955208
161 0.02293291 0.01927731 0.02935561 0.00322335 0.00578527 0.00759210 0.01188991 0.00526356 0.05097062 0.03222471 0.03625612 0.01784791 0.01510371 0.11679605 0.00593719 0.02265541 0.02370861 0.01486561 0.53852923 0.01978481
162 0.02382561 0.01915041 0.03039581 0.00401866 0.00558680 0.00808077 0.01342541 0.00586338 0.05032182 0.03178082 0.03737942 0.01864261 0.01426071 0.11419406 0.00606350 0.02292091 0.02385241 0.01453931 0.53623626 0.01946131
163 0.43414314 0.02016401 0.01786831 0.01606501 0.01850331 0.02252001 0.02709561 0.08017133 0.01721511 0.02617511 0.03581551 0.02007091 0.01523951 0.01196230 0.02399541 0.10259003 0.04518311 0.00497518 0.00946419 0.05078292
164 0.03015792 0.00770243 0.00564159 0.00176759 0.01232561 0.00318216 0.00344096 0.00385697 0.00184660 0.19310711 0.31243518 0.00338567 0.04398123 0.04640633 0.00311411 0.01695361 0.02498141 0.00141884 0.01193651 0.27235816
165 0.04119538 0.02305439 0.06703197 0.43835377 0.01358609 0.03764238 0.15440792 0.04743988 0.02056429 0.00925003 0.00968499 0.03353938 0.00467715 0.00487839 0.00594252 0.03881308 0.02551499 0.00328324 0.00357599 0.01756419
166 0.03287540 0.01036600 0.00719454 0.00460666 0.01066190 0.01503990 0.00981909 0.00803068 0.00722761 0.34919203 0.13538201 0.01432800 0.04825580 0.02694200 0.00910276 0.02158330 0.03397450 0.00402398 0.01485780 0.23653602
167 0.11199895 0.00750900 0.02210879 0.04251208 0.01239849 0.00980765 0.00821426 0.35845584 0.01291629 0.01085710 0.01274509 0.01477319 0.00785479 0.01136939 0.00801810 0.27945087 0.05381418 0.00322338 0.00300085 0.00897172
168 0.05527539 0.01141310 0.00930777 0.00855400 0.01179870 0.01046820 0.01525510 0.01001200 0.00427141 0.21263695 0.10342898 0.01784190 0.03727739 0.02487639 0.00859859 0.02979339 0.04438099 0.00279456 0.01038830 0.37162691
169 0.07608560 0.05092650 0.05415180 0.04147840 0.00615394 0.35953298 0.07855200 0.03299600 0.02378630 0.03278060 0.02389810 0.07421410 0.01234040 0.00928352 0.01873170 0.03484570 0.03080380 0.00572580 0.00992719 0.02378560
170 0.03398781 0.01603461 0.00944722 0.00397122 0.00861075 0.00631101 0.01361830 0.00626576 0.00533556 0.09567613 0.51889318 0.01033260 0.06484222 0.04888092 0.00841866 0.02180951 0.02281441 0.00507897 0.01434601 0.08532513
171 0.04243199 0.44690185 0.03217729 0.01734489 0.01019720 0.03929759 0.04114289 0.01327050 0.04076329 0.01618169 0.03846699 0.10051397 0.01702429 0.01447110 0.01368850 0.04486569 0.02928699 0.00882313 0.01482190 0.01832829
172 0.01890501 0.00490001 0.00159665 0.00032288 0.01069661 0.00490458 0.00090271 0.00078408 0.00081109 0.39701221 0.12103607 0.00135008 0.02699351 0.01575021 0.00134528 0.00798071 0.01462651 0.00218568 0.00536190 0.36253420
173 0.04129378 0.02360149 0.06507447 0.44087579 0.01384269 0.03772128 0.15788692 0.04564608 0.02087219 0.00870548 0.00963487 0.03238078 0.00489042 0.00469467 0.00696396 0.03807688 0.02492969 0.00250405 0.00338513 0.01701939
174 0.04334608 0.03936038 0.03449888 0.09250126 0.00828137 0.03708868 0.53556475 0.01242899 0.01621829 0.01158749 0.02213929 0.03452938 0.00666438 0.00750428 0.00790585 0.03803628 0.02196769 0.00247900 0.00963549 0.01826219
175 0.04284520 0.02208050 0.06693171 0.43990004 0.01373000 0.03795270 0.15487801 0.04810820 0.01982160 0.00902112 0.00870463 0.03368960 0.00522330 0.00476433 0.00655756 0.03753740 0.02550230 0.00287950 0.00315127 0.01672100
176 0.04104003 0.02283111 0.06804194 0.43964129 0.01232361 0.03822282 0.15340910 0.04954833 0.02087961 0.00963985 0.00938286 0.03317782 0.00498652 0.00446538 0.00683278 0.03717722 0.02566962 0.00282058 0.00400730 0.01590221
177 0.05711129 0.01111350 0.00949811 0.00880739 0.01194330 0.01046270 0.01430380 0.01032640 0.00433000 0.20970797 0.10219999 0.01801000 0.03707330 0.02502420 0.00856996 0.02901360 0.04519359 0.00298677 0.01039720 0.37392695
178 0.26645901 0.01075230 0.02526100 0.00843857 0.18166301 0.00306511 0.01225660 0.02497540 0.00690607 0.00816102 0.00882037 0.00434148 0.00812787 0.00283673 0.02376380 0.35759901 0.03214920 0.00113060 0.00365238 0.00964047
179 0.07888048 0.02417309 0.01188970 0.02890509 0.00194800 0.39986388 0.28605591 0.01047510 0.02350429 0.01348490 0.03416599 0.02909169 0.00811834 0.00194482 0.00458207 0.01371780 0.01507380 0.00275307 0.00596302 0.00540898
