1 0.03553750 0.00529825 0.00357027 0.00117715 0.01235000 0.00811206 0.00279535 0.00623208 0.00189425 0.28382396 0.23288897 0.00394633 0.05364839 0.02775610 0.00566169 0.00945953 0.03378420 0.00455648 0.01066450 0.25684296
2 0.10108196 0.03807419 0.03069039 0.02377209 0.01031350 0.04347598 0.04390868 0.02326709 0.06758238 0.03261469 0.03705499 0.04659248 0.01412889 0.01634089 0.25521691 0.10262396 0.04831128 0.00473436 0.02233409 0.03788119
3 0.06814647 0.04181364 0.08944699 0.11440312 0.02390512 0.02945253 0.04381875 0.15520416 0.02780153 0.01254851 0.02083272 0.04156174 0.00828990 0.00767381 0.02178452 0.13080313 0.11866912 0.00399768 0.00534321 0.03450334
4 0.06766045 0.01495979 0.01162679 0.01003549 0.01651699 0.01393059 0.01572949 0.01358439 0.00821972 0.22598384 0.15170789 0.01600619 0.04257917 0.02983608 0.01528659 0.03137428 0.05284526 0.00647317 0.01735399 0.23828983
5 0.15156207 0.07204343 0.05053632 0.03747392 0.01950621 0.04960202 0.04839992 0.04420492 0.03156561 0.03819862 0.03446612 0.10535405 0.02118501 0.01989171 0.02582821 0.09102354 0.08610474 0.00343735 0.01165241 0.05796383
6 0.07596902 0.03771741 0.04834481 0.08163672 0.01258880 0.04146801 0.06046271 0.02835161 0.03093321 0.08833422 0.05043231 0.04153311 0.02438081 0.02062750 0.12020403 0.08732542 0.06623031 0.00644578 0.02192260 0.05509161
7 0.08596873 0.03651067 0.13028089 0.08595733 0.00680230 0.06345764 0.15728986 0.03227987 0.02329098 0.02105178 0.02541168 0.04153916 0.01108639 0.02029378 0.02431858 0.12204989 0.06208035 0.00354526 0.01992248 0.02686238
8 0.04660520 0.01011370 0.00989546 0.00472128 0.01359060 0.01518930 0.01093070 0.01295030 0.00583933 0.27457801 0.17643600 0.01116060 0.04683150 0.02791290 0.01132840 0.02134250 0.03982970 0.00572901 0.01461250 0.24040300
9 0.05993361 0.09684321 0.04307160 0.08533271 0.00251958 0.10285001 0.22830003 0.01537270 0.02521350 0.02864910 0.02282210 0.13177901 0.01828940 0.01800800 0.02372740 0.04375310 0.02118210 0.00121392 0.00853699 0.02260190
10 0.00966025 0.01745429 0.00976167 0.00240041 0.01012940 0.01031530 0.00471502 0.00734877 0.03187139 0.02413539 0.09634697 0.01051970 0.02227859 0.34823289 0.00391251 0.01419890 0.01523629 0.02440049 0.30829690 0.02878489
11 0.03415490 0.09125580 0.02299540 0.00969551 0.00646019 0.02292210 0.02772730 0.01181720 0.05621540 0.02676840 0.10976600 0.10255500 0.02299550 0.10479000 0.01365360 0.02685790 0.03153700 0.03803240 0.20290700 0.03689340
12 0.03067420 0.02131500 0.01585210 0.00625590 0.01205460 0.01753070 0.01464810 0.01897670 0.01975750 0.05052669 0.12983899 0.01537110 0.03287390 0.29719897 0.00890420 0.02542880 0.02187280 0.01735420 0.19052398 0.05304159
13 0.07068165 0.02032321 0.10700007 0.23494516 0.00440732 0.06622435 0.21968715 0.02516492 0.02085771 0.00774153 0.01420171 0.05561804 0.00718545 0.00917676 0.01214001 0.06065344 0.03417092 0.00132665 0.00892813 0.01956581
14 0.06914232 0.01508500 0.03739731 0.28627707 0.00487716 0.05806481 0.30061907 0.01765710 0.01810130 0.00305005 0.00790232 0.06189852 0.00646750 0.00239993 0.01316770 0.05148161 0.01921520 0.00064702 0.00360117 0.02294781
15 0.04185857 0.24479282 0.04213497 0.01820079 0.00662172 0.04901136 0.05597626 0.02683988 0.03578797 0.02031779 0.04300127 0.18723387 0.02097218 0.02224368 0.01871739 0.05094236 0.04843757 0.01407409 0.02233608 0.03049938
16 0.08301495 0.01466731 0.05227073 0.04099152 0.01396101 0.01700241 0.02400821 0.55774931 0.00845780 0.01787071 0.02249821 0.01867941 0.00573473 0.01042651 0.00783079 0.06125833 0.02175211 0.00322894 0.00419568 0.01440131
17 0.06761263 0.01509391 0.01144940 0.01029480 0.01647221 0.01350621 0.01628421 0.01331451 0.00782838 0.22577309 0.15432006 0.01612621 0.04240362 0.03031121 0.01537581 0.03130161 0.05202422 0.00597354 0.01715431 0.23738009
18 0.06755617 0.10943495 0.05351788 0.04300548 0.00489395 0.11171095 0.18015692 0.02079979 0.03025549 0.02946609 0.02393879 0.10037196 0.01672339 0.02007749 0.03309189 0.08267526 0.03513448 0.00324079 0.01028870 0.02365959
19 0.07475219 0.05074339 0.04699599 0.14534597 0.00544457 0.06717239 0.24599495 0.02720189 0.02184160 0.01897220 0.02706139 0.07439119 0.01539350 0.01578070 0.02683269 0.06081029 0.03041289 0.00547283 0.01043630 0.02894309
20 0.03733250 0.01012670 0.00393096 0.00180270 0.01136800 0.00955838 0.00492652 0.01034030 0.00363841 0.19798500 0.33983100 0.00542512 0.07237060 0.04594540 0.00695470 0.01241570 0.02730480 0.00370840 0.01166280 0.18337200
21 0.11443402 0.03920041 0.03767721 0.02264090 0.02015560 0.03979561 0.03769591 0.04093171 0.02752390 0.02775420 0.02946021 0.03032281 0.02068140 0.01116220 0.18808403 0.17830203 0.07961711 0.00378542 0.00973581 0.04103951
22 0.04289519 0.01895720 0.00851771 0.00516680 0.01091970 0.01456900 0.01264170 0.01736230 0.00774370 0.14349898 0.35866596 0.01197540 0.07383039 0.06269769 0.01137550 0.02164630 0.02372410 0.00540901 0.02196640 0.12643698
23 0.02333401 0.30356008 0.03117231 0.00712580 0.00263664 0.04156201 0.04929231 0.01467280 0.03691091 0.01405530 0.05444531 0.25763606 0.01978210 0.01683690 0.01121330 0.02724781 0.03564591 0.00486911 0.02161171 0.02638961
24 0.08132124 0.01340051 0.05234913 0.04196172 0.01338231 0.01700981 0.02458931 0.56212628 0.00854646 0.01774101 0.02144011 0.01866861 0.00568233 0.01007050 0.00813415 0.06069833 0.02147831 0.00286490 0.00391607 0.01461891
25 0.06451337 0.01023910 0.01371629 0.00606567 0.02276239 0.01235889 0.00942825 0.00993517 0.00727018 0.23802290 0.13156594 0.01312949 0.05044418 0.02714189 0.01547429 0.03446478 0.08064396 0.00384937 0.01828099 0.23069290
26 0.31491699 0.01481490 0.01992480 0.01461420 0.04410530 0.02238800 0.02455020 0.10547600 0.01920690 0.02004130 0.02732730 0.01406010 0.00800064 0.01293110 0.02374610 0.19217500 0.07239450 0.00288034 0.00621914 0.04022720
27 0.03938910 0.01139650 0.00585995 0.00189468 0.01410850 0.01018900 0.00551290 0.01106690 0.00424095 0.15991400 0.30697600 0.00699802 0.08267330 0.09758570 0.00792357 0.01558660 0.03373020 0.00483604 0.03773810 0.14238000
28 0.07026854 0.01622499 0.03468797 0.27809178 0.00483334 0.05747915 0.31048875 0.01744069 0.01697069 0.00339856 0.00866845 0.06209005 0.00704808 0.00258321 0.01384119 0.05166436 0.01792549 0.00064383 0.00334970 0.02230118
29 0.04050313 0.00386207 0.00438640 0.00136491 0.01357011 0.00838242 0.00332500 0.00502418 0.00229129 0.32058420 0.15929810 0.00520532 0.04090113 0.01934051 0.00720737 0.01048571 0.04002792 0.00539873 0.01191531 0.29692618
30 0.09408230 0.04690385 0.05344495 0.04892215 0.01077631 0.04611445 0.15166615 0.03239223 0.02446292 0.02761443 0.09897090 0.04564675 0.02370752 0.02402742 0.03834434 0.11354811 0.05579286 0.00727600 0.01458101 0.04172534
31 0.10664908 0.01146071 0.03802913 0.02782432 0.01504881 0.01858681 0.02051841 0.42389431 0.00970000 0.06371675 0.06459955 0.01642601 0.01628431 0.01694581 0.01259741 0.05965924 0.02434662 0.00387052 0.00608247 0.04375973
32 0.03394982 0.00997859 0.00321816 0.00161268 0.01009550 0.00958597 0.00436041 0.01012710 0.00308787 0.19160009 0.36861317 0.00430902 0.07622753 0.04755562 0.00616152 0.01102650 0.02270321 0.00327910 0.00940303 0.17310508
33 0.02892260 0.01030330 0.00265955 0.00135682 0.00901783 0.00988011 0.00368123 0.01022740 0.00255226 0.19379902 0.38815403 0.00338982 0.08014471 0.04761950 0.00547793 0.01034910 0.01884640 0.00318371 0.00764065 0.16279401
34 0.08476209 0.09134029 0.04505890 0.02602270 0.02001520 0.05891050 0.05205020 0.03990840 0.03060960 0.02379470 0.02564910 0.04500740 0.01699530 0.01006800 0.13118299 0.16413799 0.08575769 0.00487606 0.01079710 0.03305580
35 0.00555513 0.01205551 0.00645705 0.00121383 0.01163191 0.00897387 0.00294893 0.00858749 0.01397241 0.02652292 0.10187408 0.00533389 0.02528442 0.41498934 0.00311001 0.01068681 0.01131881 0.01288071 0.28677624 0.02982662
36 0.04694370 0.19417201 0.04342230 0.01830760 0.00683174 0.05691360 0.04607960 0.02539070 0.09582041 0.01581690 0.03429690 0.14845701 0.01512550 0.03472750 0.01918290 0.05623240 0.04007920 0.01441550 0.06199760 0.02578690
37 0.12146010 0.03049133 0.05096514 0.02613332 0.03210973 0.02616132 0.02420012 0.04460254 0.01917802 0.01863022 0.01957652 0.01396511 0.01599001 0.00810531 0.02672442 0.25196022 0.21111418 0.00375792 0.00912913 0.04574534
38 0.02829740 0.03122750 0.02307020 0.01005410 0.01006810 0.01752600 0.01553540 0.01087620 0.05162299 0.03567430 0.08709479 0.02523200 0.02181160 0.22820098 0.01006060 0.02883380 0.02635480 0.03307150 0.26532497 0.04006280
39 0.04816534 0.09492289 0.04686454 0.01462401 0.00573337 0.04468394 0.03137193 0.02223032 0.14868814 0.01289411 0.03412063 0.06190936 0.00923323 0.07353407 0.01932802 0.07665737 0.03235303 0.02865343 0.17553316 0.01849912
40 0.03042738 0.02117608 0.01580859 0.00610201 0.01190989 0.01834849 0.01514829 0.01812449 0.01964868 0.05161996 0.12904690 0.01609139 0.03303957 0.29797077 0.00888316 0.02514928 0.02235518 0.01628939 0.18924785 0.05361266
41 0.06700930 0.12508300 0.05804800 0.05828740 0.00610785 0.11228200 0.11643400 0.02628720 0.03701810 0.03065720 0.02488700 0.15375900 0.01720120 0.01932850 0.02334550 0.05315190 0.03163490 0.00200985 0.01212040 0.02534770
42 0.19985404 0.01636070 0.02653961 0.01942780 0.02623361 0.01744260 0.02152270 0.27702706 0.01067440 0.01768110 0.03179931 0.01523820 0.00925884 0.05777921 0.01287400 0.16966403 0.03855961 0.00733582 0.00629614 0.01843120
43 0.02794750 0.04684130 0.02955680 0.00872540 0.00435692 0.02668740 0.01621680 0.01174980 0.13322301 0.01093860 0.05517970 0.03463030 0.01087250 0.14725601 0.00961559 0.03611180 0.02660340 0.05155250 0.29349803 0.01843660
44 0.03743669 0.01013030 0.00417623 0.00193625 0.01137940 0.00967609 0.00511634 0.01006880 0.00360034 0.20030097 0.33801394 0.00539326 0.07146819 0.04512679 0.00700387 0.01267770 0.02720110 0.00352899 0.01093280 0.18483197
45 0.02166172 0.01469981 0.00643543 0.00218450 0.01022511 0.01099361 0.00693427 0.01278851 0.01039751 0.07033267 0.22904021 0.00737674 0.04904495 0.27226125 0.00674267 0.01445901 0.01623542 0.01033371 0.16159315 0.06625976
46 0.04336170 0.01991860 0.00848964 0.00535100 0.01080850 0.01441520 0.01327500 0.01796200 0.00822336 0.14125500 0.35861799 0.01336730 0.07377670 0.06201170 0.01105040 0.02152850 0.02349790 0.00563562 0.02258890 0.12486500
47 0.06571954 0.05939823 0.04134932 0.02658931 0.01672941 0.11703306 0.07934164 0.02220501 0.02724401 0.06814234 0.10239806 0.06613754 0.07745434 0.02914322 0.03005312 0.05876883 0.03955542 0.00705346 0.01324161 0.05244253
48 0.03381180 0.00365085 0.00356767 0.00103230 0.01259290 0.00772475 0.00233078 0.00472435 0.00146967 0.31886496 0.18630298 0.00364403 0.04494579 0.02024000 0.00528651 0.00836563 0.03625490 0.00503779 0.01072840 0.28942396
49 0.18754726 0.03171314 0.04071046 0.03460255 0.04383706 0.01867973 0.02165073 0.11683916 0.01725712 0.01432182 0.02104283 0.01863643 0.01033451 0.01122482 0.02234103 0.21189829 0.13163318 0.00421689 0.00459125 0.03692175
50 0.06756550 0.01416350 0.03479970 0.29598999 0.00455473 0.05907060 0.30512499 0.01485270 0.01686200 0.00259991 0.00657780 0.06854270 0.00627848 0.00186342 0.01229680 0.04759890 0.01568470 0.00042622 0.00311207 0.02203530
51 0.03935651 0.00376464 0.00434088 0.00138097 0.01353960 0.00820265 0.00314468 0.00486267 0.00209401 0.32231509 0.16048304 0.00493647 0.04123821 0.01876571 0.00696626 0.01003040 0.04013061 0.00540880 0.01163570 0.29740308
52 0.10498306 0.04677333 0.03584312 0.02767252 0.01263171 0.05001903 0.04688153 0.02609641 0.09165325 0.03554012 0.04016032 0.04909503 0.01565081 0.02013531 0.15684309 0.10850906 0.05367753 0.00649045 0.03269822 0.03864612
53 0.04676908 0.01079629 0.00978618 0.00487335 0.01365489 0.01576249 0.01106509 0.01245119 0.00622581 0.27195786 0.17573491 0.01197969 0.04677718 0.02866289 0.01183899 0.02118379 0.03983868 0.00587837 0.01600339 0.23875988
54 0.12911989 0.03802587 0.16898385 0.08740472 0.01042769 0.06167305 0.06689294 0.05196926 0.02738378 0.02128608 0.02649858 0.04840826 0.01322799 0.01884088 0.01890728 0.09838422 0.06173205 0.00366056 0.01843168 0.02874138
55 0.33406226 0.01013601 0.01586691 0.01130671 0.04400323 0.01822201 0.01614281 0.19161815 0.01176701 0.02127882 0.03408303 0.01254541 0.00754413 0.01307851 0.01753901 0.15546212 0.04866314 0.00313660 0.00361131 0.02993282
56 0.03574877 0.00371777 0.00419175 0.00134222 0.01286979 0.00856147 0.00300155 0.00470232 0.00200641 0.33086275 0.15980488 0.00460457 0.04090957 0.01775959 0.00628125 0.00960176 0.03833397 0.00562856 0.01117929 0.29889178
57 0.28636604 0.01764360 0.02471640 0.01791760 0.04154541 0.02466840 0.02750720 0.09418891 0.02130110 0.01890150 0.02582880 0.01495170 0.00903210 0.01315100 0.02515550 0.20421003 0.08273081 0.00292683 0.00741392 0.03984311
58 0.05028753 0.02305551 0.01658301 0.00754012 0.01768371 0.01088601 0.01239291 0.00869920 0.03060532 0.09977286 0.12776508 0.02304801 0.03663862 0.12431307 0.01357341 0.03278322 0.06682144 0.02755382 0.15671409 0.11328307
59 0.03108249 0.01041560 0.00338433 0.00128915 0.01066930 0.00939956 0.00356658 0.00973716 0.00243626 0.19822691 0.35894385 0.00374155 0.08552426 0.04636648 0.00617056 0.01240159 0.02626469 0.00291339 0.00921239 0.16825393
60 0.07665242 0.12314903 0.05795231 0.04767791 0.01081720 0.05961351 0.07376562 0.04499711 0.03550221 0.02505901 0.02954481 0.15013103 0.02005840 0.01674980 0.03564851 0.09648622 0.04920821 0.00396288 0.01371420 0.02930961
61 0.05767055 0.02084398 0.01603789 0.00644452 0.01997198 0.01433769 0.01463749 0.01716058 0.01253209 0.11224090 0.14298887 0.01874878 0.08344152 0.12742688 0.01313439 0.03880926 0.08186742 0.01614638 0.06561394 0.11994489
62 0.05354318 0.18654694 0.04906168 0.03556159 0.00422159 0.09100427 0.09834367 0.02392029 0.03647669 0.02566639 0.02645039 0.20604793 0.01720979 0.01700159 0.01771019 0.04166569 0.03194019 0.00192054 0.01135570 0.02435169
63 0.04799150 0.01036170 0.00990440 0.00472415 0.01390410 0.01546890 0.01088710 0.01326600 0.00582108 0.27225298 0.17449499 0.01186070 0.04666270 0.02785390 0.01239420 0.02165690 0.04049440 0.00554504 0.01521830 0.23923698
64 0.06853673 0.04184402 0.14223107 0.05936673 0.02041281 0.05252263 0.05376253 0.03125062 0.02390711 0.04723172 0.05397483 0.05524093 0.07438054 0.02314151 0.02606291 0.08131764 0.06885333 0.00741301 0.02056421 0.04798512
65 0.07557415 0.03704268 0.07548615 0.10521193 0.02114239 0.02653558 0.04471017 0.12220992 0.02582408 0.02070709 0.05638767 0.03920818 0.01354559 0.01238899 0.02366599 0.12053793 0.12138292 0.00506644 0.00775268 0.04561947
66 0.06994358 0.01631440 0.03383879 0.27886894 0.00478772 0.05752069 0.31205393 0.01631270 0.01692770 0.00318545 0.00865840 0.06218549 0.00709226 0.00248844 0.01418960 0.05155789 0.01791460 0.00054803 0.00338282 0.02222860
67 0.06674651 0.02074080 0.04861691 0.26191406 0.00512707 0.06780151 0.25499905 0.01894430 0.03572801 0.00567086 0.01172740 0.05696011 0.00640609 0.00449320 0.01551080 0.05832041 0.02828901 0.00122186 0.00640151 0.02438051
68 0.31202308 0.01553690 0.02085251 0.01620050 0.04996661 0.01624600 0.01806500 0.13503603 0.01412240 0.01899570 0.02686161 0.01482620 0.00883767 0.01183310 0.01421400 0.17808404 0.08329422 0.00292785 0.00416433 0.03791221
69 0.10080390 0.04109136 0.04917785 0.03203667 0.02647217 0.02736227 0.03205647 0.03855786 0.02119888 0.06110554 0.05285895 0.03101107 0.02908437 0.01994968 0.02601447 0.14501885 0.15728084 0.00840013 0.01674888 0.08376981
70 0.04065942 0.01244090 0.00830669 0.00277175 0.01490921 0.01287021 0.00980941 0.01037100 0.00495787 0.20896108 0.24735810 0.01139440 0.09751554 0.03765851 0.01277130 0.02598971 0.04624872 0.00465739 0.01319971 0.17714907
71 0.03659030 0.27429599 0.04083350 0.01300430 0.00450629 0.07398270 0.06467490 0.02083160 0.03757760 0.01721240 0.02937050 0.21434300 0.01616180 0.01761800 0.01583940 0.04255370 0.03786150 0.00510543 0.01318440 0.02445270
72 0.07597841 0.02970790 0.11633201 0.13759102 0.00903388 0.04169911 0.07088671 0.02849740 0.04024800 0.02289300 0.02847320 0.03682490 0.01080120 0.02996450 0.02373070 0.11615101 0.05784601 0.02368000 0.07847251 0.02118850
73 0.05346332 0.13389405 0.03976681 0.05118632 0.00304706 0.08184743 0.21134707 0.01743561 0.02494021 0.02728481 0.03176281 0.12584104 0.02232431 0.01974711 0.03114571 0.04759962 0.03094531 0.01023560 0.01112240 0.02506341
74 0.07531301 0.01796260 0.04473380 0.25321103 0.00608161 0.05622341 0.27814803 0.02260640 0.01898710 0.00465638 0.01148380 0.05553221 0.00695630 0.00417888 0.01555090 0.07062221 0.02753200 0.00113465 0.00501387 0.02407180
75 0.02098391 0.01449250 0.00658643 0.00211099 0.01009880 0.01079740 0.00709143 0.01243620 0.01004580 0.07237692 0.23243306 0.00745402 0.04952161 0.26894006 0.00617009 0.01449140 0.01625390 0.01024720 0.15949604 0.06797222
76 0.26384505 0.02098510 0.02611060 0.02405640 0.03466901 0.02740921 0.03741101 0.09307002 0.02005300 0.04114941 0.04881801 0.02459990 0.01574240 0.01775000 0.02905911 0.13520303 0.06242321 0.00458491 0.01111410 0.06194651
77 0.03752666 0.01055769 0.00398667 0.00205693 0.01135949 0.00947031 0.00519027 0.00983740 0.00357698 0.20029880 0.33600466 0.00557316 0.07086673 0.04604605 0.00672515 0.01245369 0.02761427 0.00375668 0.01185759 0.18524081
78 0.05756605 0.01629011 0.09692349 0.30017328 0.00420957 0.08687328 0.18475417 0.01920462 0.02752093 0.00720818 0.00968354 0.06487186 0.00603239 0.00581319 0.00950811 0.04664014 0.02895573 0.00116269 0.00649247 0.02011622
79 0.26542117 0.01681141 0.02128401 0.01520521 0.03341132 0.01888441 0.03025572 0.06625514 0.01959171 0.03850372 0.03710392 0.01488511 0.01546941 0.01200361 0.03442372 0.16956011 0.08743666 0.00295223 0.00759304 0.09294836
80 0.30812700 0.01002840 0.01282390 0.00826259 0.08974300 0.01848910 0.01244900 0.10369100 0.01374870 0.02915510 0.03796430 0.01309490 0.01889090 0.01265600 0.01305030 0.16620700 0.07633400 0.00199811 0.00682451 0.04646220
81 0.06013336 0.03479654 0.10345411 0.24773126 0.00404385 0.08758029 0.16624017 0.02654253 0.02610683 0.00993693 0.01210831 0.08963239 0.00746255 0.00826735 0.01090591 0.04729585 0.02969393 0.00095735 0.00693666 0.02017382
82 0.05173980 0.00770526 0.00669351 0.00263991 0.02083460 0.00682669 0.00500730 0.00815486 0.00425821 0.22592201 0.22208501 0.00717144 0.06480590 0.03646650 0.01071020 0.01845660 0.06254010 0.00289168 0.01645040 0.21864001
83 0.00942431 0.01745430 0.00956347 0.00225388 0.01002500 0.01005210 0.00450170 0.00716456 0.03203299 0.02369750 0.09573348 0.01037220 0.02221670 0.34877494 0.00382214 0.01372470 0.01499620 0.02503450 0.31053295 0.02862240
84 0.07777372 0.07333222 0.05505912 0.05456082 0.01092170 0.13173204 0.07764572 0.02856351 0.09192393 0.02958381 0.02827331 0.08035652 0.01468430 0.03228681 0.02771811 0.07641552 0.03875071 0.00679489 0.03598501 0.02763821
85 0.07517174 0.04953422 0.04620392 0.14604107 0.00569957 0.06695723 0.24733812 0.02546201 0.02161581 0.01969871 0.02798571 0.07318614 0.01621321 0.01514871 0.02566701 0.06115753 0.03110972 0.00534134 0.01064321 0.02982501
86 0.06543350 0.02053280 0.01730080 0.01061330 0.02282360 0.01106800 0.02018590 0.01645100 0.01119000 0.13994301 0.18763301 0.01607010 0.06619480 0.03634670 0.01827480 0.05042780 0.10914300 0.00522946 0.02015340 0.15498501
87 0.03681382 0.00315643 0.00399541 0.00136508 0.01323811 0.00793836 0.00260827 0.00417208 0.00168161 0.33376317 0.15339008 0.00439378 0.03898382 0.01678981 0.00625923 0.00881898 0.03916702 0.00543545 0.01134731 0.30668216
88 0.04063991 0.24808406 0.04199001 0.01832630 0.00616824 0.04837241 0.05442451 0.02747431 0.03594791 0.01974681 0.04300751 0.18954905 0.02093161 0.02199151 0.01884090 0.05074751 0.04779101 0.01431300 0.02179391 0.02985951
89 0.12128103 0.02539011 0.03777461 0.01625810 0.02237891 0.03320011 0.02988761 0.04742231 0.02365031 0.10596603 0.07332892 0.02805351 0.03886171 0.02344111 0.03930981 0.14638204 0.08324032 0.00570786 0.01660250 0.08186312
90 0.05919037 0.02069679 0.09766706 0.27931387 0.00465513 0.08824696 0.17959992 0.02225809 0.02866799 0.00873795 0.01104199 0.06477407 0.00639016 0.00697659 0.01096719 0.05077198 0.03186019 0.00114657 0.00664336 0.02039379
91 0.03891478 0.00373617 0.00437790 0.00144397 0.01356459 0.00839779 0.00316481 0.00479836 0.00215946 0.32334686 0.15945893 0.00497231 0.04118688 0.01888869 0.00687019 0.01010150 0.03995358 0.00551298 0.01176439 0.29738587
92 0.03151818 0.00966651 0.00329212 0.00153789 0.01008939 0.00988186 0.00411978 0.01005679 0.00281853 0.20573788 0.35796479 0.00402250 0.07525206 0.04549897 0.00633041 0.01113749 0.02282109 0.00345353 0.00917233 0.17562790
93 0.05470412 0.18720606 0.04967032 0.04482651 0.00600880 0.05603262 0.07947482 0.03103131 0.03487661 0.02369061 0.03494511 0.19524406 0.01918371 0.01931481 0.02440311 0.04577811 0.03878111 0.00434179 0.01861441 0.03187201
94 0.02956460 0.00362010 0.00318160 0.00097256 0.01095330 0.00822211 0.00215959 0.00466665 0.00125102 0.32804796 0.19096698 0.00310135 0.04512139 0.01927120 0.00470280 0.00749609 0.03197330 0.00540880 0.00961665 0.28970197
95 0.07809105 0.05885454 0.09993246 0.04447283 0.01163721 0.10156006 0.09004636 0.02863352 0.02997632 0.02668892 0.02885902 0.05472504 0.01864361 0.01699351 0.10227607 0.11003907 0.05491124 0.00344586 0.01541571 0.02479762
96 0.05368440 0.19568698 0.05176220 0.03266640 0.00873210 0.04583060 0.04537030 0.03223800 0.03223720 0.02558060 0.03530370 0.20034698 0.02101330 0.01596520 0.02043040 0.05651539 0.07153049 0.00403089 0.01450150 0.03657340
97 0.03071538 0.00734771 0.00272599 0.00107363 0.01019359 0.00863071 0.00262777 0.00783434 0.00170724 0.24141681 0.31458275 0.00306003 0.06708135 0.03706247 0.00499145 0.00884724 0.02527098 0.00371448 0.00850825 0.21260783
98 0.05898376 0.04904597 0.02685088 0.01434579 0.01739099 0.03195058 0.03669408 0.02121929 0.07162926 0.05426397 0.20735688 0.04458277 0.03677148 0.06349466 0.02654498 0.04809057 0.03640368 0.01661829 0.07300126 0.06476086
99 0.06811990 0.02795410 0.17585301 0.05427530 0.01117990 0.05372960 0.06187730 0.03504640 0.02440810 0.06863160 0.02948070 0.03412260 0.02069140 0.02431870 0.02463060 0.14402701 0.08266231 0.00467523 0.02544990 0.02886630
100 0.05439208 0.09590176 0.03344759 0.10317996 0.00238785 0.08209167 0.25734390 0.01299590 0.02042379 0.02484399 0.02322989 0.13864495 0.02025129 0.01446289 0.02539569 0.04016549 0.01974429 0.00120170 0.00786952 0.02202579
101 0.07357898 0.05024298 0.04684069 0.14565396 0.00540030 0.06654348 0.24872093 0.02644869 0.02208859 0.01865359 0.02804489 0.07360738 0.01596070 0.01518780 0.02705669 0.06150548 0.03093099 0.00513971 0.00982259 0.02857159
102 0.07951581 0.10876815 0.07853531 0.04881757 0.01172392 0.05128687 0.03809015 0.12476318 0.03281195 0.01614362 0.02410863 0.15066521 0.01143152 0.01319482 0.02206853 0.10457015 0.05041257 0.00304311 0.00950718 0.02054173
103 0.04322440 0.01900600 0.00841979 0.00525511 0.01104620 0.01407570 0.01292920 0.01740490 0.00806498 0.14310400 0.36074500 0.01221670 0.07386070 0.06138650 0.01003440 0.02106280 0.02334730 0.00548822 0.02251710 0.12681100
104 0.33063522 0.01074361 0.01530151 0.01148891 0.04752903 0.01577181 0.01537341 0.17027111 0.01203661 0.01752391 0.02858622 0.01071641 0.00620903 0.01499551 0.01506471 0.18662213 0.05704524 0.00283343 0.00322477 0.02802742
105 0.09808324 0.03545631 0.10022904 0.12503105 0.00381466 0.07225093 0.23034609 0.02173831 0.01939591 0.01721861 0.02387771 0.05564372 0.01101040 0.01803181 0.01890041 0.07274153 0.03526251 0.00239653 0.01339761 0.02517361
106 0.06979291 0.05974081 0.04475531 0.05032921 0.00699400 0.05473331 0.18805003 0.02217270 0.02428820 0.03702341 0.12509902 0.06313111 0.02771140 0.02973710 0.03418871 0.05686601 0.03804691 0.00673334 0.01591620 0.04469031
107 0.03266491 0.00708260 0.00407285 0.00163187 0.01133320 0.00935284 0.00391646 0.00790625 0.00223965 0.26416410 0.26486210 0.00450203 0.05966152 0.03359081 0.00652795 0.01125120 0.03003091 0.00456814 0.01100550 0.22963508
108 0.04428610 0.08324820 0.01917180 0.01492350 0.00556117 0.02054400 0.03478490 0.03081020 0.03448650 0.04271910 0.06202630 0.02151500 0.03700350 0.08233890 0.01172470 0.04862560 0.05222290 0.20613101 0.09680700 0.05106960
109 0.03965137 0.00373357 0.00435571 0.00151434 0.01344889 0.00832876 0.00316357 0.00490005 0.00204787 0.32251873 0.15948387 0.00515751 0.04098777 0.01935558 0.00699890 0.00979256 0.03983597 0.00543467 0.01197259 0.29731775
110 0.05241189 0.03194530 0.01902480 0.01089040 0.01749030 0.02336170 0.02866920 0.01864250 0.01177880 0.12833398 0.20931697 0.02924730 0.10384499 0.04808099 0.02015860 0.04473209 0.05268109 0.00953092 0.02318620 0.11667199
111 0.06357090 0.12812800 0.03901690 0.02094250 0.01358120 0.03840840 0.05248010 0.03375350 0.02981970 0.03718480 0.11862900 0.07986190 0.03588010 0.02948140 0.03333540 0.10598400 0.06296270 0.01042680 0.02151530 0.04503740
112 0.04920952 0.15001306 0.03688391 0.02285971 0.00387146 0.06271962 0.16051406 0.01661671 0.02845151 0.02962261 0.08952553 0.12015905 0.02838021 0.02638261 0.03169521 0.04629982 0.03664241 0.00865815 0.01788651 0.03360831
113 0.12384294 0.03060108 0.05058357 0.02561979 0.03235808 0.02626999 0.02423729 0.04546628 0.01936639 0.01955569 0.02010259 0.01423049 0.01607359 0.00822586 0.02594819 0.25094187 0.20828789 0.00352071 0.00944484 0.04532288
114 0.08130913 0.06627302 0.06441752 0.06989123 0.01102590 0.11655404 0.10331104 0.03646791 0.03485501 0.04246852 0.04347392 0.07557823 0.02045941 0.02734621 0.02926891 0.07577453 0.04228352 0.00613574 0.01702551 0.03608071
115 0.06614418 0.01414130 0.01116300 0.01008410 0.01651390 0.01343770 0.01571670 0.01293460 0.00792805 0.22956693 0.15433196 0.01583940 0.04235179 0.02957179 0.01446490 0.03081159 0.05252208 0.00606364 0.01692150 0.23949093
116 0.23680519 0.02942772 0.02718722 0.02013972 0.06971356 0.07168016 0.02604842 0.07785756 0.02784052 0.02445452 0.03484213 0.03376163 0.02106152 0.01290341 0.02741182 0.15122712 0.06650975 0.00238006 0.00728625 0.03146173
117 0.08154541 0.06655001 0.06477021 0.06956141 0.01095470 0.11427301 0.10301601 0.03534320 0.03506750 0.04235110 0.04425700 0.07649671 0.02107690 0.02756260 0.02902170 0.07578161 0.04249700 0.00559820 0.01795310 0.03632260
118 0.05339187 0.11073693 0.01714399 0.01182299 0.00806203 0.01864019 0.04279097 0.08771604 0.01765169 0.03062538 0.05279487 0.01902699 0.07550455 0.03563688 0.01115749 0.06296936 0.07231885 0.21222786 0.02396028 0.03582078
119 0.04308686 0.01827749 0.00845783 0.00512759 0.01112319 0.01418269 0.01243129 0.01737529 0.00770944 0.14590388 0.35735771 0.01201309 0.07339184 0.06096935 0.01070559 0.02129198 0.02388708 0.00553804 0.02173988 0.12942989
120 0.26051704 0.02115810 0.02693280 0.02501340 0.03369191 0.02850500 0.03898111 0.09085571 0.02025910 0.04229791 0.04975571 0.02552850 0.01603530 0.01795730 0.02803430 0.13426002 0.06220831 0.00440364 0.01092200 0.06268281
121 0.26306287 0.02066759 0.02652449 0.02473299 0.03374918 0.02795079 0.03833348 0.09131665 0.02025319 0.04240088 0.04963967 0.02426119 0.01574989 0.01797169 0.02918329 0.13438293 0.06152097 0.00478531 0.01067289 0.06284007
122 0.08278580 0.01365080 0.05167910 0.04134770 0.01386280 0.01682070 0.02437240 0.56061697 0.00840123 0.01774240 0.02222940 0.01848230 0.00574987 0.01080110 0.00749989 0.06066460 0.02140180 0.00327369 0.00404227 0.01457520
123 0.06431382 0.00457178 0.00755337 0.00261969 0.02370611 0.00565658 0.00424423 0.00596645 0.00394582 0.26054609 0.14097205 0.00809242 0.04578382 0.02668701 0.01134960 0.01932971 0.07134762 0.00296812 0.01824961 0.27209609
124 0.07401654 0.03117142 0.12592407 0.04161182 0.01401311 0.04915753 0.05540013 0.03804492 0.02510071 0.07975614 0.03800972 0.03486792 0.02768601 0.02285281 0.03137632 0.14918808 0.09012965 0.00544858 0.02307561 0.04316892
125 0.04289688 0.00602047 0.00468133 0.00186812 0.01423689 0.00802553 0.00422548 0.00675198 0.00303531 0.26444188 0.22537990 0.00576292 0.05305958 0.02999159 0.00698930 0.01174399 0.03949468 0.00433812 0.01227519 0.25478088
126 0.06033515 0.03334733 0.02401512 0.01064831 0.02369732 0.01774871 0.02500322 0.01819351 0.01244441 0.10810709 0.10719709 0.02751972 0.13751511 0.02620362 0.02717732 0.08192727 0.12425210 0.01283321 0.01599731 0.10583708
127 0.15507798 0.04843280 0.06100909 0.03899510 0.02413700 0.06750389 0.04006630 0.15863598 0.02605320 0.01822290 0.02516120 0.04390830 0.00991018 0.01518730 0.02768240 0.15020998 0.05714519 0.00417672 0.00783600 0.02064850
128 0.05787952 0.15603304 0.12319203 0.05587512 0.00806478 0.05959162 0.05597042 0.05224761 0.03454651 0.01524930 0.02491951 0.13133904 0.01206640 0.01781520 0.01885971 0.07624772 0.05691172 0.00495745 0.01776180 0.02047151
129 0.03147371 0.00982137 0.00319450 0.00133784 0.00998614 0.00965746 0.00384367 0.01026830 0.00260237 0.20412809 0.36092516 0.00389563 0.07564643 0.04592682 0.00627983 0.01132830 0.02225431 0.00336798 0.00914298 0.17491908
130 0.02950439 0.00252283 0.00336992 0.00103098 0.01094970 0.00846279 0.00220546 0.00364044 0.00114316 0.35610587 0.14989995 0.00329410 0.03689219 0.01328260 0.00471810 0.00688390 0.03361669 0.00606779 0.00979329 0.31661589
131 0.04161729 0.24664197 0.04140279 0.01865290 0.00663094 0.04834039 0.05535519 0.02751580 0.03563500 0.01995000 0.04400599 0.18768397 0.02106890 0.02165030 0.01895360 0.05171819 0.04775619 0.01536710 0.02021430 0.02983920
132 0.04269773 0.01860651 0.00825647 0.00509482 0.01089131 0.01416521 0.01266561 0.01694731 0.00761640 0.14506809 0.36057623 0.01211901 0.07393925 0.06184964 0.01059081 0.02068791 0.02335722 0.00563067 0.02190971 0.12733008
133 0.06931330 0.01495500 0.03678740 0.28630700 0.00497664 0.05843230 0.30121201 0.01771440 0.01780620 0.00319773 0.00826657 0.06165580 0.00648876 0.00256690 0.01332820 0.05140180 0.01862180 0.00066833 0.00353015 0.02276970
134 0.26007709 0.01338480 0.01501421 0.01072670 0.02824001 0.01571301 0.02439171 0.05587472 0.01604311 0.07408473 0.06047072 0.01729071 0.02255381 0.01829471 0.03812551 0.10415004 0.07123293 0.00381758 0.00983986 0.14067405
135 0.11904390 0.01562339 0.01277129 0.00759303 0.01894438 0.01781189 0.01866118 0.03776597 0.01025869 0.11166691 0.28042877 0.01430179 0.05642035 0.04231157 0.01611269 0.04527626 0.03577787 0.00819106 0.01365609 0.11738290
136 0.04676573 0.01131411 0.00747894 0.00240855 0.01875611 0.00697215 0.00564193 0.00673633 0.01176601 0.15899909 0.16760909 0.01050041 0.04259942 0.13415707 0.00950513 0.01510121 0.04556813 0.00990544 0.11304206 0.17517310
137 0.04150590 0.01865140 0.00873687 0.00535879 0.01083080 0.01448610 0.01274200 0.01770920 0.00781279 0.14323701 0.36006402 0.01220220 0.07422550 0.06233900 0.01135060 0.02145390 0.02318240 0.00531870 0.02274580 0.12604701
138 0.02940690 0.02091590 0.01543010 0.00584618 0.01202410 0.01793780 0.01521570 0.01833500 0.01964320 0.05127280 0.13061101 0.01574030 0.03327970 0.29948402 0.00846795 0.02437410 0.02174160 0.01650180 0.19053501 0.05323680
139 0.17869195 0.02004359 0.04087579 0.03215729 0.02936589 0.01847050 0.02215669 0.33388991 0.01214750 0.01657890 0.02347579 0.01878520 0.00677673 0.01371380 0.01510110 0.14051796 0.04856109 0.00385031 0.00409312 0.02074689
140 0.02643331 0.01377731 0.00369985 0.00169018 0.00800068 0.01058920 0.00553137 0.01267631 0.00537127 0.11414805 0.39348717 0.00497662 0.07804573 0.13135506 0.00652772 0.01196671 0.01313521 0.00578068 0.05614652 0.09666104
141 0.17570607 0.01261780 0.02000371 0.00703283 0.08413863 0.02271731 0.01221810 0.05113712 0.01411111 0.08929533 0.09521814 0.01705891 0.07249523 0.02231621 0.01664881 0.08617753 0.07474523 0.00291389 0.01451601 0.10893204
142 0.03993258 0.00387991 0.00455663 0.00159764 0.01351719 0.00831880 0.00316892 0.00495748 0.00216370 0.32170684 0.15836992 0.00531460 0.04070338 0.01920659 0.00731151 0.01025199 0.04023858 0.00526721 0.01200669 0.29752985
143 0.08089569 0.01386380 0.05209979 0.04191329 0.01329780 0.01676570 0.02474850 0.56030591 0.00846679 0.01798510 0.02249780 0.01895770 0.00588037 0.01080710 0.00816334 0.05970159 0.02178420 0.00314994 0.00397192 0.01474370
144 0.09375278 0.01771222 0.04704184 0.23705221 0.00668169 0.05367735 0.26333223 0.02427762 0.01867722 0.00465487 0.01297241 0.05129385 0.00657742 0.00443668 0.01534301 0.07862677 0.03094423 0.00116545 0.00559923 0.02618092
145 0.27561689 0.01199540 0.02175229 0.01855849 0.05725948 0.01294149 0.01319069 0.23130291 0.00918586 0.01576639 0.02596709 0.01007070 0.00661530 0.01179220 0.01323499 0.17445993 0.06102168 0.00196197 0.00242116 0.02488509
146 0.03240949 0.00310494 0.00374422 0.00112132 0.01165930 0.00847425 0.00249932 0.00429483 0.00145694 0.34427992 0.15631296 0.00376721 0.03913389 0.01542440 0.00574495 0.00832638 0.03491909 0.00581537 0.01044330 0.30706793
147 0.28490396 0.01842420 0.02521400 0.01793620 0.04171559 0.02478800 0.02778270 0.09511789 0.02053760 0.01876430 0.02624840 0.01532650 0.00896493 0.01308540 0.02455480 0.20402397 0.08265559 0.00313253 0.00694448 0.03987899
148 0.09239228 0.03857749 0.05215639 0.03221859 0.01071110 0.04734379 0.09773677 0.24042994 0.01760030 0.06056718 0.04417839 0.04475819 0.01771170 0.02293579 0.02175309 0.06997068 0.03709709 0.00870327 0.01033450 0.03282349
149 0.03142729 0.00981065 0.00346096 0.00154979 0.00978579 0.01007900 0.00411126 0.01057770 0.00278984 0.20236990 0.36366683 0.00417780 0.07625866 0.04615808 0.00630476 0.01140919 0.02179349 0.00348771 0.00900441 0.17177692
150 0.05183932 0.04368021 0.02253151 0.00880769 0.02458991 0.03078661 0.02718201 0.01713031 0.04838351 0.07793572 0.22508907 0.03783861 0.09120303 0.05163002 0.02009341 0.04154921 0.04475311 0.01131050 0.04280711 0.08085913
151 0.05734688 0.04119038 0.02374179 0.01649959 0.00537132 0.03398539 0.05867478 0.01780529 0.02124629 0.02458669 0.02892089 0.08181927 0.01707309 0.01272720 0.42251984 0.06804607 0.03041559 0.00223232 0.00961183 0.02618549
152 0.04167742 0.24668511 0.04171502 0.01746311 0.00632826 0.04923482 0.05553412 0.02708161 0.03583002 0.01961681 0.04402722 0.18969908 0.02086611 0.02248991 0.01745301 0.05061182 0.04760812 0.01414141 0.02105711 0.03087991
153 0.07966046 0.02757809 0.02439819 0.01725039 0.00854705 0.02849799 0.04429338 0.02244379 0.01861989 0.02971839 0.03581738 0.04303808 0.01450969 0.01390309 0.41785582 0.08361826 0.03744538 0.00322919 0.01052220 0.03905328
154 0.03652684 0.01259481 0.01060431 0.00383214 0.01478612 0.01444362 0.01019681 0.01265981 0.00848047 0.12279714 0.19077422 0.01038221 0.04813446 0.21069024 0.00949456 0.01874292 0.02964723 0.01094181 0.11392313 0.11034713
155 0.31461566 0.01461848 0.01992828 0.01424778 0.04418875 0.02245178 0.02410787 0.10595789 0.01925768 0.01927888 0.02687577 0.01380459 0.00820760 0.01286129 0.02340707 0.19345079 0.07344942 0.00283915 0.00598681 0.04046446
156 0.07341101 0.05063570 0.16562001 0.10027201 0.01004640 0.06078431 0.06592301 0.06799751 0.02943450 0.02421710 0.02803310 0.06017431 0.01459490 0.02185400 0.02013360 0.08813121 0.06600091 0.00469261 0.02116750 0.02687630
157 0.04363200 0.01263130 0.00513107 0.00259346 0.01063110 0.01221890 0.00572054 0.02277550 0.00389141 0.15003701 0.38323003 0.00649329 0.09094491 0.05212010 0.00697881 0.01717170 0.02522840 0.00333342 0.00794003 0.13729701
158 0.00896552 0.01475499 0.00704087 0.00156989 0.01055429 0.00856887 0.00391591 0.00766396 0.01898779 0.02932888 0.11440593 0.00831289 0.02568528 0.37152377 0.00385527 0.01144509 0.01387469 0.01792769 0.28742482 0.03419358
159 0.03009539 0.00253175 0.00349468 0.00099813 0.01105300 0.00842870 0.00225478 0.00372962 0.00115714 0.35465888 0.14982595 0.00329510 0.03704509 0.01347260 0.00476597 0.00713621 0.03392359 0.00598765 0.00988092 0.31626489
160 0.06233369 0.14391098 0.11281098 0.05237169 0.00660203 0.09300938 0.08121779 0.04261189 0.03409279 0.01864590 0.02215200 0.12721898 0.01186150 0.01858220 0.02004320 0.07162179 0.04594929 0.00249584 0.01447700 0.01799110
161 0.02919801 0.03892872 0.01806631 0.01390681 0.00390490 0.01330551 0.01190981 0.01107791 0.07208224 0.01558551 0.06771563 0.02522271 0.02196571 0.14212107 0.00709020 0.03761052 0.04991292 0.13309907 0.26587213 0.02142431
162 0.02001921 0.02207871 0.01154931 0.00447416 0.01049761 0.01015401 0.00772770 0.00727260 0.03274872 0.04118962 0.12144706 0.01827411 0.02611361 0.26619713 0.00669964 0.01729051 0.02270501 0.02915311 0.27692814 0.04748002
163 0.33233378 0.01017559 0.01635279 0.01179449 0.04311947 0.01837909 0.01667569 0.19469487 0.01179539 0.02170659 0.03427678 0.01237169 0.00735956 0.01303969 0.01781539 0.15393290 0.04756797 0.00318271 0.00350118 0.02992438
164 0.03892562 0.00377289 0.00432628 0.00147114 0.01352931 0.00841362 0.00323389 0.00473034 0.00208111 0.32323616 0.15947408 0.00504110 0.04129612 0.01885811 0.00686298 0.01011480 0.03989792 0.00536496 0.01172041 0.29764915
165 0.12448695 0.03185999 0.04487648 0.14403794 0.01120810 0.04519918 0.14453594 0.03486109 0.02646409 0.01918649 0.02380529 0.04250228 0.00984962 0.00940552 0.08994496 0.09508346 0.04897248 0.00380316 0.01094030 0.03897668
166 0.06446966 0.00996540 0.01289609 0.00609710 0.02290749 0.01174769 0.00873178 0.01001879 0.00708978 0.24107886 0.13237093 0.01248959 0.04978317 0.02689688 0.01549409 0.03252308 0.07947816 0.00370079 0.01781779 0.23444287
167 0.08777991 0.03241960 0.08083981 0.11459601 0.01650880 0.03782620 0.08346871 0.05314280 0.02636790 0.02406440 0.07105810 0.03405710 0.01599540 0.01643100 0.02977830 0.13623701 0.07932101 0.00685683 0.01508800 0.03816310
168 0.03231351 0.28760611 0.03218931 0.01044160 0.00343048 0.04799962 0.05205762 0.01546891 0.03542251 0.01792561 0.03734941 0.24731409 0.01838381 0.01540211 0.01140420 0.03191111 0.03778081 0.00422335 0.01327800 0.04809782
169 0.08053154 0.06898424 0.06454153 0.06773414 0.01072771 0.11505306 0.10089305 0.03465222 0.03578322 0.04259792 0.04450232 0.07655734 0.02047331 0.02725341 0.03054592 0.07557034 0.04300392 0.00542336 0.01781551 0.03735592
170 0.05226809 0.03114539 0.01990300 0.01200910 0.01099380 0.05012589 0.03454619 0.02514800 0.01662200 0.10393498 0.31962694 0.02804179 0.06624509 0.05067479 0.01487910 0.02961859 0.02155110 0.00663078 0.01653060 0.08950478
171 0.04155729 0.24713192 0.04125499 0.01763899 0.00643724 0.04796878 0.05528168 0.02677309 0.03548259 0.01982249 0.04378609 0.18836694 0.02108719 0.02159099 0.01919789 0.05147788 0.04842038 0.01509009 0.02166829 0.02996519
172 0.04120312 0.00748941 0.00444236 0.00141370 0.01379151 0.00815156 0.00359669 0.00796374 0.00275839 0.22632610 0.28308212 0.00520428 0.07018713 0.03747992 0.00639174 0.01250371 0.03699752 0.00326381 0.01096910 0.21678409
173 0.06926178 0.01479600 0.03761769 0.28783793 0.00491474 0.05893199 0.29941193 0.01748060 0.01810290 0.00307160 0.00802426 0.06203479 0.00664466 0.00238955 0.01320970 0.05129039 0.01841810 0.00074229 0.00359993 0.02221919
174 0.07505450 0.04944560 0.04716310 0.14547499 0.00548747 0.06703630 0.24691699 0.02766830 0.02143300 0.01932690 0.02760790 0.07393060 0.01584110 0.01501650 0.02650510 0.06176550 0.03078090 0.00463089 0.01008070 0.02883370
175 0.07084141 0.02002080 0.10705901 0.23550003 0.00450805 0.06590871 0.22133002 0.02448450 0.02063740 0.00779077 0.01385020 0.05588921 0.00743805 0.00912931 0.01231780 0.06010601 0.03337640 0.00122538 0.00884853 0.01973840
176 0.06795910 0.03180270 0.05004060 0.19201900 0.01141950 0.04792740 0.17241100 0.03109850 0.02772610 0.01521220 0.02147800 0.04992120 0.01102200 0.00814428 0.08351900 0.08230870 0.05111130 0.00370964 0.01145580 0.02971400
177 0.06772353 0.01370301 0.01103870 0.01015930 0.01663961 0.01299791 0.01521861 0.01382891 0.00803066 0.22756310 0.15399206 0.01542541 0.04282482 0.02883471 0.01465701 0.03180921 0.05311522 0.00614752 0.01682861 0.23946210
178 0.32957393 0.01001740 0.01114520 0.00857083 0.07682118 0.01710310 0.01189520 0.11171498 0.01334070 0.01578440 0.02643409 0.00989411 0.01023480 0.01041940 0.01248130 0.20287496 0.08211738 0.00146076 0.00430670 0.03380959
179 0.05470521 0.07918922 0.03971021 0.07024952 0.00321204 0.10144603 0.25972007 0.01205500 0.02086791 0.03232231 0.03019901 0.10413303 0.04159951 0.01680290 0.03098221 0.04451511 0.02412741 0.00276806 0.00748824 0.02390701
