1 0.02389049 0.00434534 0.00464330 0.00359498 0.00894150 0.00310858 0.00799125 0.00339645 0.00517577 0.17981489 0.39725575 0.00425924 0.05787766 0.04873237 0.00353381 0.00903689 0.02314329 0.00438589 0.01118669 0.19568588
2 0.05524618 0.03339699 0.01506939 0.01397429 0.01130580 0.01825939 0.02090709 0.01773099 0.00633805 0.01525399 0.02376839 0.02356809 0.01289399 0.00587504 0.59259675 0.06410707 0.03173459 0.00428656 0.00414977 0.02953759
3 0.02638331 0.01498791 0.11674205 0.23917811 0.00889711 0.02395061 0.07699964 0.29163214 0.04259592 0.01401311 0.00688048 0.02807781 0.00773314 0.00693636 0.01000730 0.05045072 0.01818591 0.00284579 0.00447438 0.00902817
4 0.05845600 0.01152750 0.01140640 0.01343570 0.00927195 0.01240160 0.01559850 0.00865001 0.00849718 0.21121401 0.13137300 0.01991010 0.03985550 0.02909460 0.01263050 0.03165260 0.05288850 0.00423563 0.01157470 0.30632601
5 0.04857603 0.12890009 0.04787643 0.05546544 0.00681218 0.05820274 0.06939345 0.02588762 0.01922821 0.02558092 0.02222612 0.28651020 0.01618471 0.02049561 0.01630421 0.04804683 0.05017334 0.00633521 0.01383741 0.03396322
6 0.06395919 0.20322998 0.03260950 0.02556510 0.02600410 0.01970970 0.02504820 0.04889679 0.13772198 0.13589198 0.04141990 0.04253619 0.02651850 0.01866540 0.00692562 0.03806210 0.02331300 0.01610280 0.04208489 0.02573510
7 0.15365312 0.02244302 0.03093383 0.02125842 0.01901092 0.01988432 0.02027132 0.06420625 0.01571881 0.02510132 0.03526633 0.02911682 0.01477061 0.01547031 0.02523762 0.35177328 0.07862636 0.00561109 0.01362811 0.03801813
8 0.04506860 0.01357700 0.01090920 0.00679743 0.00836149 0.00780981 0.01235610 0.01209710 0.00828816 0.28999203 0.15827601 0.01507000 0.05047640 0.02966050 0.00673503 0.02593420 0.04118500 0.00498569 0.01891520 0.23350502
9 0.04924376 0.12940290 0.04807606 0.05472696 0.00639036 0.05929395 0.06812795 0.02565058 0.01937248 0.02499138 0.02154018 0.29022477 0.01642549 0.02034228 0.01460189 0.04813476 0.05085996 0.00529653 0.01500759 0.03229017
10 0.03210200 0.02155330 0.02204310 0.00872293 0.00580671 0.00885466 0.01991240 0.00600577 0.03464940 0.04056280 0.04210330 0.01824190 0.01409720 0.14485099 0.00348749 0.02931450 0.02286410 0.01835700 0.48355297 0.02291750
11 0.02343499 0.03038489 0.02685559 0.00715965 0.00285714 0.01398670 0.00699944 0.01255830 0.00857583 0.01163190 0.13869396 0.07969458 0.00597230 0.17400695 0.01125110 0.01744620 0.01768550 0.21268594 0.16142396 0.03669509
12 0.02684447 0.01891838 0.02695197 0.00799822 0.00682117 0.01831558 0.01528258 0.01357399 0.01656478 0.04481365 0.10680589 0.01821198 0.03065837 0.39267159 0.00395963 0.02731647 0.03013777 0.01375959 0.12807087 0.05232305
13 0.05936085 0.02777832 0.02755902 0.33120428 0.00374854 0.02713392 0.27106423 0.01974022 0.02837642 0.01024471 0.00400701 0.13368511 0.00230569 0.00133734 0.00359358 0.02113212 0.01428621 0.00054273 0.00143835 0.01146131
14 0.05320851 0.01758610 0.03579530 0.31711604 0.00579455 0.03288680 0.34040905 0.02761310 0.03002150 0.00621154 0.00385386 0.06711571 0.00140955 0.00145841 0.00494772 0.02292160 0.01684490 0.00071163 0.00156250 0.01253160
15 0.06204570 0.37041900 0.03018060 0.01726020 0.02130110 0.03809820 0.04997970 0.01681740 0.03676720 0.02222330 0.02882160 0.12450200 0.02223780 0.01919530 0.01945210 0.03506030 0.03813800 0.01071550 0.01759600 0.01918900
16 0.11047993 0.01111649 0.02782218 0.03476038 0.00621735 0.01582509 0.01384189 0.59540262 0.01356459 0.01253039 0.01359769 0.01490639 0.00518442 0.00847124 0.00820605 0.06849946 0.02415518 0.00187619 0.00371903 0.00982343
17 0.05265918 0.15301794 0.02603239 0.01473189 0.01627529 0.02259659 0.02893529 0.01295889 0.02759589 0.10398496 0.05871778 0.05720058 0.04915828 0.02856179 0.01858089 0.04052198 0.05329618 0.00863721 0.01617809 0.21035891
18 0.05952964 0.40648560 0.02075798 0.00814886 0.00889842 0.11858088 0.05516505 0.00919232 0.03858256 0.00753586 0.01713268 0.14876985 0.00899874 0.00892147 0.00790504 0.02248618 0.03344257 0.00347619 0.00592380 0.01006629
19 0.04203021 0.04139331 0.03806981 0.11154804 0.00745064 0.04421292 0.45607416 0.02101811 0.02188591 0.01577871 0.01974181 0.05396862 0.00716317 0.01111140 0.01250820 0.02808511 0.03292801 0.00321285 0.01060840 0.02121061
20 0.04607332 0.01942241 0.01291131 0.01879171 0.01944681 0.01225620 0.02245221 0.02333071 0.01260561 0.04491922 0.29379512 0.01919901 0.03119971 0.01885011 0.16015006 0.11415005 0.04664632 0.01474541 0.01363301 0.05542172
21 0.15245000 0.02175130 0.03022220 0.02103780 0.01856250 0.02077480 0.02006840 0.06325770 0.01580050 0.02553610 0.03549350 0.02884980 0.01481830 0.01559620 0.02748340 0.35326100 0.07713720 0.00594011 0.01362970 0.03832950
22 0.03375750 0.01271090 0.00903649 0.00648429 0.01226660 0.00811017 0.01172650 0.00932990 0.00960508 0.11534400 0.44757298 0.00901481 0.07180610 0.05351140 0.00766056 0.02502000 0.02529840 0.00758814 0.01625920 0.10789700
23 0.03294329 0.09159737 0.03721009 0.02730909 0.00805408 0.02595349 0.03211369 0.02628139 0.01420670 0.04941079 0.15246496 0.24392193 0.02852109 0.03080089 0.01761650 0.04911759 0.04188789 0.01547270 0.02440839 0.05070809
24 0.11353506 0.01116601 0.02749151 0.03562012 0.00652967 0.01581891 0.01355561 0.59166429 0.01407641 0.01321621 0.01523591 0.01468641 0.00497748 0.00896417 0.00821132 0.06744493 0.02399911 0.00170176 0.00287377 0.00923134
25 0.04593952 0.01444091 0.01122011 0.00638873 0.00841720 0.00783832 0.01226311 0.01245201 0.00834610 0.28757215 0.16040608 0.01567911 0.04916863 0.03045822 0.00703170 0.02606581 0.04179452 0.00541223 0.01712841 0.23197712
26 0.33156199 0.02870230 0.01929140 0.02240640 0.02741390 0.02884440 0.02495000 0.09699580 0.02081370 0.03798570 0.03529780 0.02387900 0.01988920 0.01307240 0.02192050 0.12825900 0.04938260 0.00378242 0.01239500 0.05315650
27 0.03068997 0.02199528 0.01388659 0.00210349 0.00649701 0.00661715 0.00820349 0.00538653 0.00502208 0.25896178 0.18168184 0.00552179 0.17598185 0.04043897 0.00462634 0.01753518 0.04316296 0.00278835 0.01024549 0.15865386
28 0.04236242 0.04384102 0.03811232 0.11085205 0.00721840 0.04354502 0.45311621 0.02050941 0.02123931 0.01621431 0.01913471 0.05577863 0.00687556 0.01121291 0.01286741 0.02799841 0.03256021 0.00304318 0.01226411 0.02125441
29 0.02267060 0.00420823 0.00342750 0.00092270 0.00732984 0.00231124 0.00493451 0.00166119 0.00128823 0.35211806 0.11928402 0.01230280 0.02537630 0.01103870 0.00349671 0.00729565 0.02825140 0.00127958 0.00254765 0.38825507
30 0.03466278 0.02244459 0.01021189 0.01089089 0.01044179 0.00924695 0.10578295 0.00893892 0.00910850 0.20323990 0.29036986 0.01757699 0.04816698 0.03161638 0.01055429 0.02016299 0.02747399 0.00342062 0.01220979 0.11347894
31 0.11067999 0.01087400 0.02778250 0.03580590 0.00629603 0.01582750 0.01440990 0.59458893 0.01378460 0.01328050 0.01432630 0.01495250 0.00506157 0.00882761 0.00838212 0.06733339 0.02392710 0.00167372 0.00323069 0.00895517
32 0.06033377 0.01059160 0.01089880 0.01229889 0.00907771 0.01134529 0.01527429 0.00928457 0.00834694 0.21259490 0.13024194 0.01975859 0.04003108 0.02871699 0.01330369 0.03163289 0.05090908 0.00424843 0.01160869 0.30950186
33 0.02721761 0.00587752 0.00439243 0.00087824 0.00721620 0.00481659 0.00726151 0.00751871 0.00392078 0.23401611 0.36342517 0.00341353 0.05918513 0.04541402 0.00204926 0.01057610 0.02589451 0.00166588 0.00948459 0.17577608
34 0.02490061 0.19325205 0.02839971 0.00483143 0.01188800 0.01315640 0.02148831 0.00667167 0.00674488 0.00809672 0.01375860 0.03431941 0.00459508 0.00404791 0.53647114 0.04294071 0.02536801 0.00251535 0.00237739 0.01417660
35 0.01375051 0.01110390 0.01104450 0.00199002 0.00323137 0.00404620 0.00614156 0.00365323 0.01638671 0.01653651 0.03279231 0.00983617 0.01427831 0.45301218 0.00111955 0.01404631 0.03291521 0.01229950 0.30774512 0.03407081
36 0.08866799 0.07729959 0.05604489 0.05427639 0.01200480 0.02644140 0.05077609 0.04875200 0.18287298 0.03119060 0.04393190 0.04124860 0.02597550 0.03913690 0.01054040 0.06007279 0.03813640 0.01058820 0.06868119 0.03336140
37 0.15445305 0.02219501 0.03053751 0.02134451 0.01949321 0.02040721 0.02065181 0.06718042 0.01581031 0.02521431 0.03576091 0.02858761 0.01442881 0.01704991 0.02581841 0.34931312 0.07605543 0.00567405 0.01428260 0.03574181
38 0.03129552 0.02142011 0.02272701 0.00880543 0.00564119 0.00854994 0.02060781 0.00652151 0.03350562 0.04207723 0.04142833 0.01852341 0.01358471 0.14446409 0.00333413 0.02912982 0.02383681 0.01724511 0.48415830 0.02314391
39 0.07120521 0.43414607 0.02984741 0.01119630 0.01644530 0.04010571 0.02997341 0.01417930 0.12692002 0.01395210 0.01401640 0.05513711 0.01462140 0.01380930 0.00556880 0.02314740 0.01903780 0.00995483 0.04248451 0.01425160
40 0.01374140 0.01142560 0.01112760 0.00201085 0.00323504 0.00410375 0.00649838 0.00358960 0.01667390 0.01705430 0.03362050 0.00991217 0.01431790 0.45161795 0.00106712 0.01391790 0.03262060 0.01210770 0.30696697 0.03439080
41 0.08501170 0.05211740 0.06257970 0.07051790 0.00544730 0.28141401 0.06958380 0.03299990 0.01753780 0.01751710 0.02763510 0.08092040 0.01558820 0.02453550 0.01721510 0.04474230 0.04581930 0.00736548 0.01071110 0.03074090
42 0.29988410 0.00738984 0.01944181 0.01079050 0.02923301 0.01127520 0.01126600 0.06351582 0.01270980 0.01913851 0.01787471 0.01581261 0.01035500 0.00695569 0.01605021 0.35693112 0.05671572 0.00156070 0.00674773 0.02635191
43 0.03088740 0.02050990 0.02197490 0.00876475 0.00605636 0.00905374 0.02002360 0.00614097 0.03445360 0.04052000 0.04296890 0.01834110 0.01355320 0.14860998 0.00364999 0.02866140 0.02330660 0.01784460 0.48207695 0.02260210
44 0.03289491 0.01170770 0.00909194 0.00713290 0.01232240 0.00840773 0.01182040 0.00963658 0.00920316 0.11460203 0.44846611 0.00915430 0.07316032 0.05320761 0.00754702 0.02464041 0.02490251 0.00811412 0.01557880 0.10840903
45 0.02724502 0.01901181 0.02751302 0.00747489 0.00725061 0.01762431 0.01515591 0.01373751 0.01693651 0.04325672 0.10452106 0.01887191 0.03042202 0.39315522 0.00416543 0.02688012 0.02981982 0.01493501 0.13154307 0.05048003
46 0.03490899 0.01214660 0.00923900 0.00754904 0.01230840 0.00825225 0.01175280 0.01037710 0.00928123 0.11378997 0.44298187 0.00967456 0.07207118 0.05408498 0.00814706 0.02633429 0.02536349 0.00750975 0.01633250 0.10789497
47 0.08829638 0.04993009 0.06111039 0.07161428 0.00569589 0.28272494 0.06805689 0.03448399 0.01756020 0.01828750 0.02589879 0.07799838 0.01656830 0.02436579 0.01808040 0.04577099 0.04632579 0.00646789 0.00982943 0.03093369
48 0.02605299 0.01225040 0.01276980 0.00422254 0.00702179 0.00792532 0.01260390 0.01011930 0.01076600 0.11223396 0.19555794 0.01301610 0.05428978 0.22705693 0.00384400 0.01937889 0.02831689 0.00943108 0.06620448 0.16693794
49 0.09789682 0.03005711 0.06753631 0.01296130 0.00343501 0.03463411 0.01630520 0.02473171 0.01356600 0.01655280 0.01689130 0.11882603 0.00772928 0.00600400 0.02008550 0.29127306 0.18549704 0.00585540 0.00987239 0.02028960
50 0.05337211 0.01691890 0.04501721 0.34983305 0.00666846 0.03301070 0.27798804 0.03858561 0.03026090 0.00623384 0.00479704 0.06835471 0.00161928 0.00182592 0.00557960 0.02650510 0.01763500 0.00106959 0.00148224 0.01324270
51 0.02475991 0.00466586 0.00497612 0.00449339 0.00915739 0.00337602 0.00737754 0.00377498 0.00452143 0.22338506 0.30848708 0.00610176 0.04888971 0.03754971 0.00391492 0.00997589 0.02775811 0.00445794 0.01066010 0.25171707
52 0.08936714 0.07800963 0.05464592 0.05517572 0.01316541 0.02711471 0.05203152 0.04934142 0.18266307 0.03139581 0.04458082 0.04234202 0.02550471 0.03760072 0.01034800 0.05853282 0.03825532 0.01016450 0.06722253 0.03253821
53 0.04498729 0.01385130 0.01110350 0.00672507 0.00840370 0.00805417 0.01256110 0.01161100 0.00778581 0.28962296 0.15989298 0.01524290 0.04939909 0.03090650 0.00679831 0.02475090 0.04218729 0.00511667 0.01761750 0.23338197
54 0.02322671 0.03369472 0.31767118 0.05701233 0.00488769 0.04210012 0.01421421 0.02744822 0.02821562 0.02308211 0.04628883 0.03515352 0.01386031 0.19455511 0.00740113 0.02816152 0.02895072 0.01025911 0.04287082 0.02094601
55 0.32978800 0.02848610 0.01923600 0.02099750 0.02644490 0.02878900 0.02451620 0.09578150 0.02079110 0.03734750 0.03471600 0.02483200 0.02125250 0.01385210 0.02321620 0.13198700 0.04861720 0.00394829 0.01204930 0.05335160
56 0.05948164 0.01332509 0.01389239 0.00568767 0.00655833 0.00823138 0.01139879 0.01334299 0.00673394 0.27496973 0.11165489 0.01627518 0.05505075 0.02871167 0.00664869 0.04633876 0.12892387 0.00474668 0.00943972 0.17858783
57 0.15581394 0.02189329 0.03022299 0.02077849 0.01933889 0.01963629 0.02074189 0.06373907 0.01609059 0.02508309 0.03501959 0.02849549 0.01451629 0.01703549 0.02653129 0.35133486 0.07730537 0.00573681 0.01401239 0.03667388
58 0.06766490 0.01304240 0.01767000 0.02423890 0.00778753 0.01276980 0.01753430 0.00893488 0.00758837 0.10832800 0.06122350 0.01824880 0.02574200 0.01441320 0.00787952 0.06858980 0.24622800 0.00289919 0.01001690 0.25920000
59 0.02116151 0.02444591 0.01536090 0.00154987 0.00578974 0.00595481 0.00750244 0.00381472 0.00379036 0.28721507 0.14764904 0.00448542 0.20020805 0.03808351 0.00269214 0.01523590 0.04585601 0.00222796 0.00823659 0.15874004
60 0.04792178 0.12966395 0.04806458 0.05578078 0.00633965 0.05826718 0.06936567 0.02649449 0.01978629 0.02396339 0.02167179 0.28996188 0.01691219 0.01998159 0.01584059 0.04697818 0.04905628 0.00570567 0.01521409 0.03302999
61 0.02114662 0.01002131 0.01474682 0.00325217 0.00616054 0.00587281 0.00984777 0.00801473 0.00504845 0.27815530 0.18110919 0.00680231 0.07037868 0.16612718 0.00374694 0.01386411 0.04588815 0.00311287 0.03092293 0.11578112
62 0.08845173 0.05108792 0.06059712 0.07092702 0.00538486 0.28202709 0.06880262 0.03498131 0.01710411 0.01849591 0.02745631 0.07808933 0.01543641 0.02370511 0.01740471 0.04574332 0.04605882 0.00766845 0.00969746 0.03088041
63 0.04543099 0.01395520 0.01126090 0.00624260 0.00847149 0.00840372 0.01271350 0.01301960 0.00811060 0.28793694 0.16076797 0.01517810 0.04932759 0.03053319 0.00683188 0.02628909 0.04146829 0.00514962 0.01727080 0.23163795
64 0.04517168 0.03896738 0.29079188 0.08507677 0.00839490 0.05520808 0.04923198 0.05876728 0.02969509 0.02262699 0.02744819 0.05958728 0.01360909 0.03694008 0.01302659 0.06275367 0.04931458 0.00620661 0.02320789 0.02397399
65 0.03494993 0.01521501 0.01315691 0.02410802 0.01375071 0.00914335 0.01084871 0.01994172 0.00842768 0.11622510 0.34836729 0.01193081 0.06080145 0.02864212 0.01321811 0.04367104 0.11158009 0.00510835 0.01431801 0.09659558
66 0.04159624 0.04189144 0.03792033 0.10857709 0.00763008 0.04385564 0.45819839 0.02132522 0.02055292 0.01593631 0.01757831 0.05436555 0.00665847 0.01169511 0.01408601 0.02904832 0.03280983 0.00295862 0.01224201 0.02107412
67 0.04997993 0.01881071 0.07026634 0.33278018 0.00783818 0.05761383 0.14696308 0.06147243 0.02788692 0.01166651 0.01821841 0.06026193 0.00689877 0.00819496 0.01268341 0.03907632 0.03333132 0.00417205 0.00727819 0.02460651
68 0.35118993 0.00733685 0.01706090 0.00957959 0.03578109 0.01045850 0.01142130 0.07678248 0.01445200 0.01931060 0.01628080 0.01470920 0.01096690 0.00653197 0.01781970 0.29419294 0.05175069 0.00150325 0.00622504 0.02664629
69 0.08909539 0.03691390 0.03762350 0.02902510 0.00970363 0.02974770 0.03273530 0.03583650 0.01619580 0.06157989 0.05344749 0.04351930 0.02372180 0.02583360 0.01907380 0.11666499 0.22986198 0.00571287 0.01846860 0.08523889
70 0.03861439 0.03126159 0.02183049 0.00991649 0.01064320 0.01567439 0.01343970 0.01808329 0.01195260 0.13688295 0.13062796 0.01956269 0.17642994 0.03202749 0.01008970 0.05145068 0.14596195 0.00524645 0.01447610 0.10582796
71 0.07135349 0.02299760 0.18563496 0.03675439 0.00250654 0.13464697 0.02948799 0.02160180 0.01429370 0.00632934 0.00823234 0.15571197 0.00418647 0.00720789 0.00700559 0.15279997 0.11535698 0.00200831 0.00954512 0.01233860
72 0.06208381 0.01950800 0.05754051 0.27430305 0.00685895 0.02614471 0.13397603 0.07926152 0.08533202 0.01335330 0.01203600 0.04324681 0.00869282 0.00750493 0.00930941 0.09858792 0.02808821 0.00480924 0.00783865 0.02152410
73 0.04219228 0.04269718 0.03738538 0.10977895 0.00737632 0.04378868 0.45612080 0.02035769 0.02147769 0.01680229 0.01921569 0.05518008 0.00699024 0.01081500 0.01259339 0.02838059 0.03259689 0.00289188 0.01207969 0.02127929
74 0.02601196 0.00869192 0.16751374 0.24022462 0.01703637 0.02584076 0.19119370 0.16298274 0.01500508 0.00568515 0.00466264 0.04095584 0.00200934 0.00795240 0.00820063 0.04488233 0.02068687 0.00141811 0.00223496 0.00681086
75 0.02691888 0.01883409 0.02633419 0.00730780 0.00716593 0.01841839 0.01550169 0.01327259 0.01604169 0.04384528 0.10591794 0.01798219 0.03046408 0.39573878 0.00384153 0.02665239 0.03021988 0.01466529 0.12972793 0.05114947
76 0.32781306 0.02828621 0.01911240 0.02182860 0.02646851 0.03060211 0.02422580 0.09482322 0.02078770 0.03810771 0.03511531 0.02521730 0.02129280 0.01332700 0.02283660 0.12992002 0.04885491 0.00441571 0.01204210 0.05492291
77 0.02831280 0.00772880 0.00425015 0.00132888 0.01146450 0.00441151 0.00865020 0.00282408 0.01058990 0.08725169 0.53625395 0.00342862 0.13555999 0.03732950 0.00249243 0.01288220 0.01806260 0.00096579 0.00591973 0.08029269
78 0.11262108 0.13251810 0.03993893 0.03498833 0.00622189 0.19701814 0.03301032 0.18086413 0.03082722 0.01864671 0.02519322 0.04735633 0.01157961 0.01156641 0.01050211 0.04231773 0.04059183 0.00315974 0.00641564 0.01466251
79 0.29835099 0.00598852 0.02738930 0.00651423 0.01635680 0.01413580 0.00922557 0.04681150 0.01438650 0.02655230 0.01165060 0.02551590 0.00542099 0.00524406 0.01370840 0.29211199 0.13676199 0.00132812 0.00792185 0.03462460
80 0.36461537 0.00574833 0.01134091 0.00481212 0.02218312 0.00606349 0.00398962 0.27958028 0.00508637 0.00628783 0.00803576 0.00477283 0.00326991 0.00962594 0.01230911 0.21093021 0.03104753 0.00051455 0.00107836 0.00870835
81 0.03508410 0.05255060 0.05337240 0.01634790 0.00552716 0.02096000 0.01794110 0.06506741 0.01514960 0.01806270 0.03272150 0.27646402 0.01895340 0.19955402 0.00666935 0.02855370 0.02663170 0.01544340 0.06168051 0.03326540
82 0.06088563 0.02513911 0.01788741 0.00924789 0.00999614 0.07247664 0.01454851 0.01850091 0.01471331 0.20951011 0.12410007 0.01660701 0.16372209 0.03320192 0.01116011 0.03021952 0.03930392 0.00652545 0.01478021 0.10747406
83 0.01577880 0.01172820 0.01172800 0.00265207 0.00281114 0.00376373 0.00773593 0.00317061 0.01727040 0.02314411 0.03305921 0.01104320 0.01202620 0.36730809 0.00136327 0.01476770 0.02868241 0.01446240 0.38976410 0.02774041
84 0.08691711 0.04907300 0.06311901 0.07034311 0.00568486 0.28258803 0.07039931 0.03405140 0.01739040 0.01870800 0.02701970 0.07871681 0.01570370 0.02366130 0.01801070 0.04493950 0.04613090 0.00737124 0.01042140 0.02975050
85 0.05168889 0.01835360 0.04243559 0.30384495 0.00637377 0.03548909 0.33316695 0.03353909 0.02864200 0.00670017 0.00479447 0.06570329 0.00168583 0.00195432 0.00610817 0.02551140 0.01836640 0.00091200 0.00184053 0.01288950
86 0.02394498 0.00449914 0.00447898 0.00383653 0.00907791 0.00325067 0.00800858 0.00352288 0.00520785 0.17717587 0.40135671 0.00422931 0.05828906 0.04887266 0.00353607 0.00934536 0.02231648 0.00441522 0.01150689 0.19312886
87 0.02293472 0.00443140 0.00340569 0.00100946 0.00746354 0.00258257 0.00461503 0.00170124 0.00118178 0.35089625 0.11947608 0.01248561 0.02530292 0.01057971 0.00342038 0.00682218 0.02865962 0.00139609 0.00235945 0.38927627
88 0.06215101 0.36989904 0.02928790 0.01642920 0.02098890 0.03741650 0.05087801 0.01715880 0.03619970 0.02173350 0.02930460 0.12561001 0.02269380 0.01816910 0.01987560 0.03590270 0.03944400 0.01097560 0.01691070 0.01897130
89 0.15130703 0.02240300 0.03128071 0.02203630 0.01893180 0.02090750 0.02020720 0.06235661 0.01598090 0.02589690 0.03602921 0.02951831 0.01422950 0.01626480 0.02611090 0.35276106 0.07745131 0.00598103 0.01420910 0.03613681
90 0.05374390 0.01749280 0.04620760 0.33853799 0.00681713 0.03398780 0.28324499 0.03853230 0.02985730 0.00671472 0.00517742 0.06894100 0.00183030 0.00215916 0.00541307 0.02693730 0.01817910 0.00107792 0.00171292 0.01343530
91 0.05985689 0.01143680 0.01143400 0.01312290 0.00910145 0.01182670 0.01542400 0.00897523 0.00815964 0.21008995 0.13260697 0.02046540 0.03957739 0.02970809 0.01287970 0.03105439 0.05089359 0.00500911 0.01125790 0.30711993
92 0.03394609 0.01249770 0.00908710 0.00669947 0.01253800 0.00815430 0.01192690 0.00972888 0.00965807 0.11380396 0.44626084 0.00880682 0.07094148 0.05496318 0.00800272 0.02536899 0.02472669 0.00842399 0.01725489 0.10720996
93 0.04877882 0.13085405 0.04920742 0.05435662 0.00681129 0.05834702 0.06861752 0.02680471 0.01906061 0.02448641 0.02166241 0.28815610 0.01733741 0.02007541 0.01603921 0.04660442 0.05016842 0.00605565 0.01414071 0.03243581
94 0.01765661 0.00393852 0.00380297 0.00037908 0.00722082 0.00194077 0.00483199 0.00158674 0.00118347 0.31979416 0.21691211 0.00586515 0.04355402 0.02509631 0.00142537 0.00424167 0.02601791 0.00117780 0.00515836 0.30821615
95 0.04548708 0.03871848 0.29404085 0.08413356 0.00768525 0.05562107 0.05061537 0.05793477 0.02946569 0.02120949 0.02745019 0.06039807 0.01384209 0.03648348 0.01302909 0.06189407 0.04921798 0.00607105 0.02271529 0.02398709
96 0.04879938 0.12720094 0.04851698 0.05464487 0.00615241 0.05837177 0.06917147 0.02636549 0.01895599 0.02526589 0.02238039 0.28824086 0.01600899 0.02061049 0.01638109 0.04790008 0.05036328 0.00614308 0.01471239 0.03381418
97 0.01782900 0.00392239 0.00376982 0.00038772 0.00737237 0.00195501 0.00482546 0.00166179 0.00110908 0.31911202 0.21830701 0.00581726 0.04314630 0.02492040 0.00140241 0.00405702 0.02656870 0.00119083 0.00515138 0.30749402
98 0.03396870 0.01205870 0.00890471 0.00685937 0.01277290 0.00798240 0.01190640 0.00968358 0.00958070 0.11505801 0.44709805 0.00858711 0.07216021 0.05261581 0.00789316 0.02485740 0.02523030 0.00824775 0.01602970 0.10850501
99 0.07956696 0.02303779 0.23352289 0.04733328 0.00692544 0.04162788 0.03006579 0.05315457 0.02428749 0.01743509 0.01865319 0.06364347 0.00811041 0.01845179 0.01281579 0.20601490 0.07971616 0.00382874 0.01446559 0.01734279
100 0.04538832 0.11248206 0.02580691 0.13482307 0.00321276 0.04838252 0.22577711 0.00913845 0.06686563 0.01101481 0.00800552 0.20682310 0.00603011 0.00425599 0.00708789 0.03122692 0.03071852 0.00156987 0.00458661 0.01680381
101 0.04149870 0.04198270 0.03954900 0.10954199 0.00757892 0.04456750 0.45311095 0.02107170 0.02133850 0.01705500 0.01955840 0.05401589 0.00720857 0.01142630 0.01320810 0.02707080 0.03286920 0.00319212 0.01216920 0.02198650
102 0.05246671 0.11372202 0.05374521 0.02699160 0.00418912 0.06144341 0.04630141 0.01787540 0.01394420 0.02016020 0.01693520 0.27660104 0.01065360 0.01008650 0.01453210 0.07751861 0.14058602 0.00425083 0.00814361 0.02985320
103 0.03413231 0.01213650 0.00915423 0.00694510 0.01274510 0.00843910 0.01181940 0.01005290 0.00986184 0.11350603 0.44824013 0.00866760 0.07210482 0.05285662 0.00798317 0.02496981 0.02478301 0.00816446 0.01633580 0.10710203
104 0.15705408 0.01123641 0.02272571 0.02567881 0.00809586 0.00926244 0.01061631 0.41229020 0.00849495 0.01015360 0.01459001 0.01251061 0.00376820 0.01051001 0.01353921 0.21609611 0.03824952 0.00238123 0.00215453 0.01059221
105 0.22555801 0.04109720 0.02576590 0.11010600 0.02272750 0.04009090 0.21462101 0.02605630 0.02626120 0.01991720 0.02018430 0.04788120 0.00739800 0.00856509 0.01399560 0.07562320 0.03748620 0.00289205 0.00695893 0.02681420
106 0.05181183 0.01811681 0.04299923 0.30427119 0.00666324 0.03533702 0.33155021 0.03431462 0.02833402 0.00680005 0.00476920 0.06575124 0.00172862 0.00197188 0.00576836 0.02573632 0.01839231 0.00090338 0.00210313 0.01267731
107 0.04489431 0.01435760 0.01116630 0.00670878 0.00856437 0.00845250 0.01267090 0.01277270 0.00864477 0.28967707 0.15810304 0.01626270 0.04839541 0.02939441 0.00723058 0.02483081 0.04105191 0.00509847 0.01830430 0.23341905
108 0.03799059 0.05432299 0.02444679 0.01630200 0.00616902 0.02120000 0.01723380 0.01371430 0.02187890 0.04137219 0.08931938 0.02699499 0.01427890 0.08048618 0.01477190 0.04534619 0.03027689 0.33433793 0.07309338 0.03646369
109 0.02360689 0.00441849 0.00343303 0.00089401 0.00735226 0.00250050 0.00470355 0.00176480 0.00126371 0.35118584 0.12009495 0.01210519 0.02586039 0.01073720 0.00353697 0.00703804 0.02840699 0.00137263 0.00238176 0.38734282
110 0.06021444 0.03845893 0.01728431 0.00987298 0.01272621 0.01690361 0.01445091 0.01204711 0.01837031 0.11687208 0.20765315 0.02248192 0.18465513 0.04882673 0.01484231 0.03710293 0.03685273 0.00505233 0.01779181 0.10754008
111 0.06339327 0.03336038 0.02677189 0.02635249 0.01186049 0.13264393 0.02025379 0.02427749 0.01685169 0.06979426 0.28201786 0.02277229 0.04139198 0.07920346 0.01177459 0.04387138 0.03147598 0.00727551 0.01166129 0.04299598
112 0.03404490 0.01213840 0.00892120 0.00718036 0.01223410 0.00812392 0.01229920 0.00982495 0.00960363 0.11241200 0.44856698 0.00861257 0.07306270 0.05293530 0.00795661 0.02541660 0.02509040 0.00819150 0.01622170 0.10716300
113 0.15339402 0.02200360 0.03022850 0.02170940 0.01898100 0.02060530 0.02026920 0.06659461 0.01530590 0.02476760 0.03514380 0.02813010 0.01472040 0.01675620 0.02730090 0.35199404 0.07607771 0.00590899 0.01315560 0.03695310
114 0.08745826 0.05111278 0.06188847 0.07199707 0.00565650 0.28429787 0.07017527 0.03298878 0.01705129 0.01795519 0.02725309 0.07928996 0.01616339 0.02281509 0.01752499 0.04419258 0.04518278 0.00739787 0.00996749 0.02963129
115 0.05818481 0.01049170 0.01064550 0.01233260 0.00886973 0.01244900 0.01472260 0.00905271 0.00826418 0.21219805 0.13214903 0.01937840 0.04137881 0.02806861 0.01282720 0.03276781 0.05095141 0.00532406 0.01157170 0.30837207
116 0.06258957 0.02072149 0.00738990 0.00734851 0.16926092 0.00852515 0.01994279 0.00830289 0.01350749 0.06595197 0.32761585 0.00827569 0.05867127 0.02097609 0.01748839 0.06727227 0.03077809 0.00304821 0.00700862 0.07532486
117 0.08829443 0.05081632 0.06203882 0.07025472 0.00551557 0.28252509 0.06982662 0.03459921 0.01726301 0.01795081 0.02733611 0.08012693 0.01500870 0.02313131 0.01761541 0.04579391 0.04608741 0.00682006 0.00988745 0.02910811
118 0.06590639 0.02748349 0.02094170 0.02552249 0.00677277 0.02197760 0.01151690 0.22019995 0.02805779 0.04761289 0.05402209 0.01995940 0.09785358 0.01321150 0.01394100 0.07277648 0.20989996 0.00509442 0.00700342 0.03024619
119 0.03327850 0.01151490 0.00906878 0.00677016 0.01284430 0.00832307 0.01156200 0.00941749 0.00899877 0.11306599 0.44899798 0.00847576 0.07289080 0.05573900 0.00737570 0.02514080 0.02453250 0.00796392 0.01682060 0.10721899
120 0.33285494 0.02933390 0.01949560 0.02101550 0.02730850 0.02926360 0.02344650 0.09541648 0.02069540 0.03690769 0.03460759 0.02449170 0.02040270 0.01402630 0.02268530 0.12789998 0.04991059 0.00397947 0.01230740 0.05395089
121 0.32625499 0.02917270 0.01980010 0.02205790 0.02731590 0.03049430 0.02345770 0.09484770 0.02047210 0.03775670 0.03555290 0.02528810 0.02134780 0.01409610 0.02259900 0.13017400 0.04942750 0.00424923 0.01219720 0.05343810
122 0.11503494 0.01155569 0.02673029 0.03363988 0.00629351 0.01644969 0.01358629 0.59044570 0.01372259 0.01326969 0.01421849 0.01444679 0.00457602 0.00889822 0.00851121 0.06896016 0.02468119 0.00190369 0.00360031 0.00947565
123 0.05679281 0.01277140 0.01346360 0.00561896 0.00623614 0.00780775 0.01053150 0.01254470 0.00604804 0.28448903 0.11305601 0.01526510 0.05350521 0.02857290 0.00618442 0.04417610 0.12646901 0.00414852 0.00923677 0.18308202
124 0.04225438 0.03465819 0.12354195 0.03197819 0.00735389 0.01608389 0.02304969 0.02704419 0.01765349 0.23070591 0.07941787 0.02666759 0.06164908 0.04217348 0.00842997 0.05148748 0.05573798 0.00605731 0.01502639 0.09902906
125 0.02272659 0.00455518 0.00468301 0.00455108 0.00889968 0.00323778 0.00713203 0.00380686 0.00467673 0.23619286 0.28600883 0.00641111 0.04517407 0.03458588 0.00360877 0.00911512 0.02778708 0.00451108 0.00951445 0.27282183
126 0.05856200 0.03735290 0.01703080 0.00985889 0.01244940 0.01612890 0.01386250 0.01167600 0.01824160 0.11851600 0.21218801 0.02276000 0.18593201 0.04832660 0.01437290 0.03636680 0.03700290 0.00486568 0.01635010 0.10815600
127 0.15172998 0.02338670 0.02974390 0.02188150 0.01916150 0.02057140 0.02136310 0.06260209 0.01576070 0.02551730 0.03652580 0.02897700 0.01495300 0.01675460 0.02686220 0.34858396 0.07801469 0.00646682 0.01398020 0.03716360
128 0.04682070 0.03863590 0.28878899 0.08369720 0.00830776 0.05448730 0.05285160 0.05755700 0.03006580 0.02180010 0.02893650 0.06028550 0.01278000 0.03661570 0.01256990 0.06204330 0.05056790 0.00586936 0.02321690 0.02410260
129 0.03350592 0.01292821 0.00922791 0.00716669 0.01223071 0.00812383 0.01186831 0.01026621 0.00926403 0.11382308 0.44603130 0.00843335 0.07107005 0.05467914 0.00805817 0.02494042 0.02584272 0.00766660 0.01634131 0.10853207
130 0.02481151 0.00491675 0.00386751 0.00097471 0.00745502 0.00279096 0.00491060 0.00184039 0.00136605 0.34683210 0.12336403 0.01194360 0.02879931 0.01206550 0.00354271 0.00794787 0.02963251 0.00133613 0.00287362 0.37872910
131 0.06079294 0.36879563 0.02957777 0.01638688 0.02073398 0.03791676 0.04996525 0.01587888 0.03664636 0.02221148 0.02908097 0.12657787 0.02207738 0.01962858 0.02018608 0.03604166 0.03875166 0.01144809 0.01744268 0.01985908
132 0.02394051 0.00446618 0.00433313 0.00373606 0.00902725 0.00301926 0.00776965 0.00346697 0.00504908 0.17821907 0.40039915 0.00407298 0.05844752 0.04949972 0.00339690 0.00902019 0.02294251 0.00446987 0.01148890 0.19323507
133 0.04935900 0.01927710 0.07172600 0.33079799 0.00750301 0.05536910 0.14756299 0.06208820 0.02878320 0.01164980 0.01898550 0.06037570 0.00695715 0.00894298 0.01234990 0.03809210 0.03468650 0.00379736 0.00721834 0.02447810
134 0.04036141 0.01433091 0.02364631 0.01574561 0.00625927 0.01205970 0.00951216 0.07120353 0.01567451 0.04985052 0.22171608 0.01926671 0.01184320 0.04890142 0.02481191 0.03609861 0.03361971 0.11895004 0.04544732 0.18070107
135 0.03290560 0.01326600 0.00878708 0.00694591 0.01258510 0.00784484 0.01161140 0.00953885 0.00924173 0.11391400 0.44785700 0.00904313 0.07202340 0.05363150 0.00792355 0.02524920 0.02432360 0.00847481 0.01618430 0.10864900
136 0.03210410 0.02109130 0.02206500 0.00862421 0.00578234 0.00888969 0.01947130 0.00613297 0.03391220 0.04238081 0.04251631 0.01774720 0.01405300 0.14617402 0.00389007 0.02931000 0.02348040 0.01815760 0.48039806 0.02381940
137 0.03520281 0.01253020 0.00911279 0.00716659 0.01214190 0.00810497 0.01178690 0.00994657 0.00934618 0.11428902 0.44854707 0.00905573 0.07207941 0.05264461 0.00751802 0.02519750 0.02512770 0.00795899 0.01542100 0.10682202
138 0.02718780 0.01922080 0.02787300 0.00770996 0.00707348 0.01806380 0.01488150 0.01343700 0.01632810 0.04428441 0.11033301 0.01773680 0.03036160 0.39053805 0.00391403 0.02716600 0.02987210 0.01400180 0.12871102 0.05130571
139 0.11385396 0.01133550 0.02765269 0.03569889 0.00665655 0.01605399 0.01507420 0.59104081 0.01360310 0.01262720 0.01367110 0.01493340 0.00501506 0.00833467 0.00866200 0.06691958 0.02502469 0.00169058 0.00331606 0.00883600
140 0.02686328 0.01973178 0.02613498 0.00689311 0.00708894 0.01793269 0.01471309 0.01312759 0.01590359 0.04394417 0.10587992 0.01824849 0.03091278 0.39363569 0.00434171 0.02708988 0.03008318 0.01476789 0.13118990 0.05151736
141 0.05004516 0.03258487 0.02289118 0.00747515 0.11288391 0.01588619 0.01656209 0.00834282 0.02608668 0.06184845 0.20191284 0.01545219 0.19338985 0.02929168 0.01164499 0.05391206 0.03278967 0.00348269 0.02888738 0.07463014
142 0.05926862 0.01078730 0.01101400 0.01277810 0.00950651 0.01159150 0.01478451 0.00836838 0.00830849 0.21265707 0.13210004 0.01931281 0.04128211 0.02715011 0.01297060 0.03107121 0.05170622 0.00455718 0.01071810 0.31006711
143 0.11052496 0.01077570 0.02723169 0.03522899 0.00628679 0.01647889 0.01458690 0.59870580 0.01350920 0.01234710 0.01284560 0.01444320 0.00480177 0.00889399 0.00800758 0.06695418 0.02418849 0.00175233 0.00351244 0.00892444
144 0.24951702 0.01093710 0.02875420 0.13829901 0.01793140 0.02323710 0.06851401 0.04257390 0.01995810 0.01518570 0.01323080 0.02745200 0.00840591 0.00635074 0.01527890 0.24524002 0.03752200 0.00257252 0.00659324 0.02244630
145 0.32003012 0.00637711 0.01408951 0.00743625 0.01875461 0.00643161 0.00485874 0.26340210 0.00527549 0.00735202 0.01019590 0.00639973 0.00326655 0.01023600 0.01302390 0.25720110 0.03371791 0.00068369 0.00139562 0.00987201
146 0.01965159 0.00352546 0.00347136 0.00046329 0.00689952 0.00207102 0.00577495 0.00201861 0.00166996 0.25657885 0.32377581 0.00348800 0.05242247 0.04202368 0.00140060 0.00442854 0.02310299 0.00127333 0.00804415 0.23791586
147 0.29460308 0.00717321 0.01876290 0.01040950 0.02897111 0.01070620 0.01034830 0.06237672 0.01234570 0.01819820 0.01673110 0.01567020 0.01011980 0.00675250 0.01546240 0.37118010 0.05679531 0.00146025 0.00657048 0.02536291
148 0.07020007 0.01857079 0.02641589 0.04341928 0.00502000 0.01956989 0.00956653 0.38715784 0.05681468 0.13355895 0.06557527 0.01499869 0.01428309 0.01248679 0.01073620 0.04933158 0.03677668 0.00357912 0.00612096 0.01581769
149 0.02902479 0.00634584 0.00440584 0.00137608 0.00750964 0.00475622 0.00767607 0.00814662 0.00458344 0.21979689 0.37278382 0.00386911 0.06025737 0.04708308 0.00285273 0.01255699 0.02551499 0.00195575 0.00997685 0.16952792
150 0.02953410 0.01085110 0.00607785 0.00198141 0.01174860 0.00527661 0.00854922 0.00319138 0.01100120 0.10381200 0.47780100 0.00484653 0.14966400 0.03738110 0.00330830 0.01620060 0.02255000 0.00110531 0.00667190 0.08844780
151 0.05245988 0.03387969 0.01496419 0.01430300 0.01190870 0.01851839 0.01996239 0.01844719 0.00618431 0.01509449 0.02424519 0.02296449 0.01263730 0.00575754 0.59579780 0.06368938 0.03229089 0.00425824 0.00433605 0.02830089
152 0.06243309 0.36992196 0.02979200 0.01645570 0.02127480 0.03913800 0.05035879 0.01598070 0.03655820 0.02208060 0.02846380 0.12550899 0.02229430 0.01888460 0.01931660 0.03623250 0.03838240 0.01035530 0.01693900 0.01962870
153 0.05271392 0.03408811 0.01415690 0.01333800 0.01151570 0.01820021 0.02104481 0.01680451 0.00602040 0.01510990 0.02339211 0.02369741 0.01248840 0.00560315 0.59920419 0.06307622 0.03184411 0.00393690 0.00362554 0.03013951
154 0.02755589 0.01970729 0.02648819 0.00706335 0.00723732 0.01811689 0.01512359 0.01413249 0.01637489 0.04347868 0.10581096 0.01856819 0.03108679 0.39032184 0.00392033 0.02708199 0.02980229 0.01444409 0.13219295 0.05149198
155 0.29161093 0.06877668 0.01770900 0.01570050 0.01109930 0.03108239 0.00830548 0.35491892 0.02697879 0.01459350 0.01433740 0.01155880 0.00529243 0.00826219 0.00849147 0.06444989 0.03207499 0.00176086 0.00364297 0.00935353
156 0.04439819 0.03737339 0.29304592 0.08533088 0.00816046 0.05557059 0.05100129 0.05736119 0.02960179 0.02154569 0.02885159 0.06057038 0.01387140 0.03721149 0.01208300 0.06188068 0.04939549 0.00589050 0.02277499 0.02408109
157 0.02471031 0.00496580 0.00514899 0.00078442 0.01027330 0.00282965 0.00798502 0.00161664 0.00608118 0.15469107 0.44515420 0.00151359 0.10431205 0.04945172 0.00185418 0.00747119 0.02245251 0.00093348 0.00881162 0.13895906
158 0.01379570 0.01113650 0.01139510 0.00197586 0.00317031 0.00404141 0.00625692 0.00354048 0.01598090 0.01732580 0.03490790 0.01037710 0.01433460 0.44813097 0.00118468 0.01393880 0.03232390 0.01343520 0.30867798 0.03406990
159 0.01702729 0.00373559 0.00299211 0.00057675 0.00738573 0.00180146 0.00386583 0.00114759 0.00089129 0.36965089 0.11044397 0.01193340 0.02177579 0.00799764 0.00242768 0.00487083 0.02562989 0.00107404 0.00163735 0.40313488
160 0.03301601 0.05089261 0.25665104 0.04675671 0.00514922 0.05736041 0.03071491 0.05845111 0.01750570 0.00925541 0.01719620 0.24686704 0.00734300 0.02258970 0.00677149 0.05465251 0.05095641 0.00209409 0.00918322 0.01659320
161 0.03244380 0.02180080 0.02156700 0.00871641 0.00562225 0.00919200 0.01993500 0.00648838 0.03322470 0.04071519 0.04202879 0.01833080 0.01341480 0.14825798 0.00376201 0.03033550 0.02362880 0.01853280 0.47886593 0.02313710
162 0.03224430 0.02215190 0.02251510 0.00905810 0.00569352 0.00914511 0.01973070 0.00635843 0.03491560 0.04113960 0.04137890 0.01805780 0.01360860 0.14422500 0.00365102 0.02951300 0.02342890 0.01784190 0.48195201 0.02339050
163 0.33055025 0.02796582 0.01899741 0.02277902 0.02739932 0.02927732 0.02522362 0.09511017 0.02097092 0.03777213 0.03525283 0.02382822 0.02153302 0.01391291 0.02270152 0.12783910 0.04822314 0.00392923 0.01191391 0.05482014
164 0.02214902 0.00361317 0.00380897 0.00287766 0.00886272 0.00259799 0.00776826 0.00302982 0.00510438 0.17076712 0.42353729 0.00338766 0.05755924 0.05078243 0.00300576 0.00741445 0.02037741 0.00374301 0.01070351 0.18891013
165 0.05007814 0.02007611 0.07204275 0.32887523 0.00780753 0.05606264 0.14724010 0.06297054 0.02732412 0.01162651 0.01840981 0.05946944 0.00691144 0.00876975 0.01253411 0.03970353 0.03452152 0.00423770 0.00730711 0.02403192
166 0.04646881 0.01405330 0.01072710 0.00662203 0.00865488 0.00770768 0.01242400 0.01280150 0.00843931 0.28938904 0.15979102 0.01544490 0.04862251 0.02922960 0.00693412 0.02584230 0.04116441 0.00497284 0.01815160 0.23255903
167 0.15438385 0.01083969 0.02062038 0.02028638 0.00720831 0.00727836 0.00801088 0.37963663 0.00660593 0.00750670 0.01191009 0.01136529 0.00322466 0.01097859 0.01323149 0.27273773 0.03989226 0.00205549 0.00178200 0.01044529
168 0.05814535 0.01069969 0.01061539 0.01250939 0.00950337 0.01191459 0.01471299 0.00894888 0.00799290 0.21605980 0.13034488 0.02000008 0.03902826 0.02813097 0.01339429 0.03104227 0.05065685 0.00477095 0.01160439 0.30992471
169 0.08625222 0.04995531 0.06291461 0.07093051 0.00588911 0.28380205 0.07055981 0.03439751 0.01694670 0.01827280 0.02631610 0.07853111 0.01622040 0.02277470 0.01794680 0.04442011 0.04585721 0.00754291 0.01020700 0.03026301
170 0.02369519 0.00416182 0.00430795 0.00371109 0.00867016 0.00311276 0.00786953 0.00347951 0.00511093 0.17866995 0.40229789 0.00393115 0.05829338 0.04942259 0.00345082 0.00859366 0.02298849 0.00403779 0.01129540 0.19289995
171 0.06257465 0.37188130 0.03015652 0.01609011 0.01988842 0.03808963 0.04947964 0.01595761 0.03727973 0.02228562 0.02877902 0.12671010 0.02185512 0.01836611 0.01919302 0.03670693 0.03871563 0.01047041 0.01662601 0.01889442
172 0.01784119 0.00380777 0.00376804 0.00035314 0.00725101 0.00195925 0.00473084 0.00169201 0.00118707 0.31862990 0.21857893 0.00581282 0.04406439 0.02518229 0.00133829 0.00418175 0.02650009 0.00127158 0.00529975 0.30654990
173 0.04864436 0.01927349 0.07316575 0.33130276 0.00805653 0.05497196 0.14741589 0.06338785 0.02741908 0.01141649 0.01860189 0.05985576 0.00716217 0.00881277 0.01161869 0.03927697 0.03358388 0.00393557 0.00813384 0.02396428
174 0.04118440 0.04308150 0.03876710 0.11077800 0.00678823 0.04315180 0.45727500 0.02064530 0.02089680 0.01580710 0.01907460 0.05373860 0.00702980 0.01078300 0.01384550 0.02861680 0.03265580 0.00281707 0.01144000 0.02162360
175 0.05043448 0.01851839 0.06893147 0.33034984 0.00786906 0.05491677 0.15130793 0.06307747 0.02863289 0.01153059 0.01836299 0.05874027 0.00681066 0.00810830 0.01195929 0.03952888 0.03341968 0.00411987 0.00740818 0.02597299
176 0.04966074 0.01899772 0.07212746 0.32990327 0.00768857 0.05539014 0.14816512 0.06305285 0.02861982 0.01172101 0.01854492 0.05972205 0.00680742 0.00871198 0.01176741 0.03930073 0.03384093 0.00367396 0.00754410 0.02475982
177 0.05891560 0.01083760 0.01104700 0.01263740 0.00937721 0.01089360 0.01489310 0.00922894 0.00855778 0.21279798 0.13218999 0.01888760 0.04029510 0.02845690 0.01274510 0.03227120 0.05122770 0.00431775 0.01154350 0.30887898
178 0.25124795 0.03130839 0.01006860 0.00787719 0.18901396 0.01024970 0.01627680 0.02145660 0.01255190 0.05137889 0.06050919 0.00973200 0.02220850 0.01281930 0.02201720 0.08790358 0.04058969 0.00234125 0.00542436 0.13502497
179 0.03286808 0.03151338 0.02999308 0.07564035 0.00278347 0.17746189 0.49110969 0.01222829 0.01840619 0.00507230 0.00531350 0.04058637 0.00573555 0.00551118 0.01003289 0.01437259 0.02634628 0.00118931 0.00404083 0.00979478
