1 0.38181415 0.01114040 0.01299450 0.01929461 0.08928923 0.00905452 0.01321881 0.07629893 0.00555115 0.01020190 0.01002220 0.00656461 0.00584976 0.00575487 0.01564631 0.21468108 0.08437733 0.00142637 0.00777484 0.01904441
2 0.23408387 0.02823978 0.02829458 0.03120298 0.03091858 0.02348989 0.04199408 0.07930746 0.01336299 0.04656027 0.05731787 0.02693089 0.01890029 0.02089019 0.03244458 0.13496693 0.07114426 0.00428844 0.01515459 0.06050747
3 0.29172489 0.01922559 0.02614529 0.02413099 0.03794559 0.01691089 0.02821479 0.07505687 0.00748459 0.01755329 0.01938519 0.01641279 0.01126740 0.01141240 0.02796259 0.22280192 0.10336796 0.00231350 0.00909777 0.03158569
4 0.06466791 0.01601160 0.01285650 0.00941886 0.01262080 0.01194460 0.01252730 0.01726760 0.00908277 0.21898202 0.16572802 0.01588300 0.03634640 0.04257710 0.01547440 0.03648240 0.03919760 0.00305207 0.01372200 0.24615702
5 0.08650184 0.01565121 0.01133650 0.00965144 0.01387671 0.01286661 0.01426831 0.01468381 0.00831099 0.22633910 0.17033707 0.01632811 0.03818722 0.03880282 0.01315321 0.03944042 0.03789072 0.00314545 0.01035140 0.21887709
6 0.11496006 0.04757663 0.04040302 0.03276762 0.01941171 0.03641002 0.03983332 0.03764132 0.01561571 0.04897103 0.05254773 0.04809593 0.02722281 0.02128251 0.02746671 0.14916308 0.15749509 0.00383136 0.01574441 0.06355993
7 0.15222910 0.03491122 0.04897793 0.03980123 0.02285571 0.03217902 0.03769982 0.07606925 0.01464641 0.03015712 0.03529812 0.03624682 0.01825681 0.01896871 0.03385262 0.19876813 0.10437507 0.00480567 0.01678311 0.04311813
8 0.04780671 0.18178905 0.04659321 0.04333271 0.01239560 0.06272402 0.07204822 0.04299511 0.02469421 0.02525931 0.03670751 0.20636406 0.01706851 0.01084330 0.01820631 0.05281462 0.05111482 0.00537510 0.01538140 0.02648621
9 0.07563869 0.05072289 0.06185209 0.13442798 0.00601205 0.05901629 0.20331397 0.05937409 0.03025719 0.02451280 0.02769340 0.07559919 0.01388360 0.01189140 0.02230640 0.05856229 0.04312589 0.00569382 0.01199760 0.02411840
10 0.14579800 0.02782400 0.03818480 0.02735460 0.01899840 0.02726210 0.02077530 0.03520380 0.00809984 0.02173250 0.02000740 0.02431370 0.01911430 0.01165390 0.02105800 0.26806100 0.21306000 0.00213045 0.01204100 0.03732690
11 0.08579765 0.11519794 0.05845047 0.03582778 0.01451199 0.04742717 0.03885668 0.04252298 0.01799969 0.02471489 0.02727638 0.07999946 0.01701389 0.01514269 0.03169298 0.19000989 0.09444515 0.00558996 0.01693029 0.04059208
12 0.05442223 0.01434971 0.01089041 0.01055751 0.01166211 0.01208711 0.01411801 0.01041221 0.00910486 0.23603515 0.19824713 0.01547951 0.04467893 0.04668173 0.00966214 0.02695982 0.03270772 0.00388708 0.01354351 0.22451314
13 0.07021074 0.05350463 0.12704507 0.06365334 0.01601421 0.04767743 0.04594883 0.04492653 0.02711262 0.02297361 0.02915542 0.06424974 0.02475161 0.01462941 0.02222681 0.13745908 0.13616208 0.00296771 0.01570611 0.03362502
14 0.04526633 0.00785357 0.00448143 0.00180876 0.00832081 0.00591650 0.00524354 0.00504862 0.00692011 0.21254915 0.31453722 0.00649980 0.07544605 0.05913094 0.00681911 0.01405811 0.02247332 0.00482458 0.01158891 0.18121313
15 0.04310428 0.02162679 0.01444829 0.01199520 0.01671269 0.01785279 0.01325399 0.01128010 0.02325619 0.07325707 0.17451493 0.01693579 0.06515587 0.16480993 0.01189330 0.03317519 0.02904019 0.03757208 0.15693294 0.06318237
16 0.03676761 0.01281560 0.00966438 0.00986815 0.01533850 0.01642811 0.00729121 0.00806272 0.02974441 0.07783892 0.21121507 0.01176960 0.04525231 0.18186906 0.00776123 0.02212941 0.01499350 0.03379211 0.18554906 0.06184902
17 0.09969647 0.04020349 0.02964479 0.02701489 0.01582910 0.02602199 0.03757769 0.02964449 0.01619570 0.02687309 0.04817959 0.03048289 0.01870609 0.01482530 0.33669691 0.09165008 0.05029059 0.00428077 0.01274900 0.04343709
18 0.05775350 0.02913950 0.02278880 0.01749300 0.01006340 0.02396370 0.02247630 0.01738010 0.01264490 0.12439400 0.23429901 0.02922040 0.09021150 0.06164810 0.01782220 0.04388280 0.04730730 0.00909107 0.02239840 0.10602200
19 0.13332511 0.03003392 0.04118883 0.11353809 0.01510301 0.03817843 0.08217127 0.02968242 0.01801531 0.02598222 0.05752875 0.02360482 0.01818311 0.10992309 0.02050252 0.08934407 0.04406264 0.01453151 0.06095955 0.03414133
20 0.07502639 0.05263359 0.06112349 0.13215098 0.00607185 0.05995139 0.20243897 0.06034339 0.03047540 0.02435370 0.02743550 0.07680749 0.01397870 0.01204820 0.02194510 0.05691699 0.04376229 0.00625308 0.01292990 0.02335360
21 0.08480984 0.02996582 0.09214865 0.17689709 0.01314471 0.04360282 0.09123665 0.06717593 0.01936521 0.01691751 0.02192171 0.04088152 0.01670841 0.01397281 0.02101041 0.15097708 0.06572173 0.00326685 0.00925544 0.02101981
22 0.06668760 0.03518600 0.08397190 0.20996500 0.00941491 0.04304660 0.15832500 0.05416440 0.03338010 0.02228550 0.02366970 0.05340630 0.01350510 0.01523620 0.02089210 0.07409240 0.04139060 0.00408948 0.01538520 0.02190590
23 0.04980871 0.24506805 0.03761271 0.02974521 0.01588970 0.05235641 0.05045861 0.02986831 0.02535910 0.02323490 0.03882741 0.19299204 0.01714190 0.01305170 0.02417680 0.05125511 0.05138931 0.00542961 0.01971270 0.02662171
24 0.03729529 0.04078839 0.11145698 0.03034359 0.01594180 0.05161799 0.03321609 0.01839640 0.11671298 0.01731500 0.04024129 0.03293049 0.00938540 0.07311339 0.01194240 0.05475569 0.03177989 0.00832908 0.23730696 0.02713090
25 0.23100487 0.02814938 0.02814428 0.03029848 0.03085388 0.02343809 0.04202108 0.08228115 0.01368489 0.04788257 0.05912747 0.02620919 0.01954479 0.02125429 0.03134858 0.13350993 0.07003196 0.00417716 0.01568759 0.06135037
26 0.06760959 0.05041829 0.05383299 0.04028380 0.01272780 0.04434580 0.04419870 0.04606250 0.02475850 0.03969190 0.04639230 0.10399999 0.02173900 0.07923869 0.02226900 0.13388799 0.05885079 0.01132130 0.04696310 0.05140799
27 0.04766441 0.18073906 0.04697241 0.04283561 0.01266170 0.06269642 0.07142582 0.04240711 0.02427251 0.02605141 0.03712501 0.20544606 0.01731641 0.01110680 0.01876421 0.05334982 0.05137672 0.00503789 0.01506630 0.02768431
28 0.23381608 0.02782651 0.02850411 0.03014121 0.03049761 0.02401161 0.04134061 0.08051853 0.01347430 0.04778452 0.05738002 0.02733391 0.01879761 0.02070251 0.03153851 0.13437805 0.06993602 0.00420326 0.01565841 0.06215662
29 0.05127691 0.01786730 0.01173200 0.00887005 0.01006790 0.01654840 0.01300600 0.01190090 0.01328890 0.15933603 0.28740205 0.01734320 0.07066551 0.06848411 0.01401960 0.02568250 0.02727560 0.00907258 0.03022441 0.13593602
30 0.04530801 0.01570330 0.01363620 0.01484890 0.01544910 0.01289210 0.01401200 0.01657610 0.02365221 0.08889413 0.16558605 0.01311180 0.04334711 0.18022005 0.01088460 0.03540371 0.02486431 0.03174931 0.15288305 0.08097792
31 0.07549160 0.04524420 0.05286760 0.13604300 0.01252350 0.03137820 0.09213530 0.04771580 0.02465330 0.01689010 0.02709110 0.03999460 0.01319440 0.01329470 0.20662101 0.08305860 0.04008630 0.00524567 0.01153580 0.02493520
32 0.14566414 0.01875102 0.05467905 0.03156333 0.01778182 0.01480171 0.04016084 0.36703935 0.01276591 0.00915256 0.01391881 0.03010753 0.00703989 0.00788561 0.01238651 0.14274914 0.04296054 0.00451727 0.00488465 0.02119032
33 0.15932196 0.02576559 0.02124839 0.01239670 0.01321750 0.01730190 0.03217809 0.02886799 0.01119130 0.06508128 0.06475778 0.03469409 0.02417389 0.02249779 0.15857996 0.08378878 0.06149918 0.00241935 0.01145550 0.14956296
34 0.05074891 0.00710751 0.00391910 0.00239303 0.01218990 0.00499105 0.00307472 0.00561455 0.00519375 0.30121705 0.16573103 0.00630023 0.02790310 0.03674231 0.00616012 0.01345040 0.02734630 0.00119235 0.00452653 0.31419805
35 0.15237705 0.03498761 0.04955132 0.04160971 0.02281811 0.03173831 0.03811231 0.07524323 0.01470471 0.02983261 0.03670331 0.03661891 0.01779371 0.01955361 0.03435691 0.19686907 0.10160204 0.00469724 0.01728351 0.04354672
36 0.08558765 0.11995306 0.05910283 0.03660492 0.01477261 0.04883383 0.04215092 0.04403072 0.01915351 0.02550041 0.02815131 0.08610955 0.01712211 0.01542611 0.03260582 0.17248309 0.08763525 0.00599807 0.01769431 0.04108392
37 0.32388102 0.01649900 0.02249520 0.02091370 0.04166580 0.01397630 0.02558030 0.07318370 0.00647602 0.01561650 0.01672120 0.01346850 0.01004700 0.00995639 0.02356810 0.22714701 0.09960611 0.00206035 0.00836418 0.02877360
38 0.06622746 0.03603628 0.08374255 0.20843789 0.00871390 0.04327608 0.15903991 0.05381757 0.03288658 0.02285789 0.02391559 0.05446467 0.01353019 0.01504269 0.02056179 0.07442356 0.04137238 0.00430714 0.01524129 0.02210459
39 0.23472500 0.02775970 0.02773060 0.03027530 0.03079440 0.02396720 0.04073570 0.08050060 0.01280710 0.04637870 0.05827760 0.02683280 0.01944070 0.02087860 0.03215650 0.13611500 0.07126300 0.00422891 0.01522390 0.05990870
40 0.14903797 0.03546859 0.04877619 0.04097229 0.02242930 0.03178229 0.03771939 0.07519788 0.01457700 0.03005829 0.03542829 0.03593309 0.01803410 0.01966060 0.03323669 0.19998596 0.10585898 0.00488882 0.01726950 0.04368479
41 0.34069505 0.01533300 0.02050920 0.02094270 0.04452351 0.01298710 0.02475170 0.07545511 0.00637214 0.01462020 0.01648270 0.01270000 0.00941071 0.00934070 0.02351810 0.21971104 0.09477812 0.00186384 0.00800145 0.02800360
42 0.23222107 0.02796631 0.02827211 0.03029571 0.03059621 0.02355031 0.04089531 0.08030652 0.01326650 0.04778501 0.05852092 0.02729811 0.01953661 0.02089671 0.03190891 0.13437904 0.07023722 0.00418579 0.01581340 0.06206822
43 0.24209007 0.01589220 0.03627901 0.02066151 0.03086371 0.01108500 0.03954111 0.30253108 0.01134690 0.01071330 0.01462020 0.02345341 0.00646487 0.00722808 0.01576250 0.13340404 0.04387871 0.00307236 0.00631852 0.02479341
44 0.11343102 0.04573731 0.04052761 0.03325681 0.01934550 0.03658521 0.03961671 0.03658611 0.01522690 0.05044931 0.05303711 0.04864301 0.02763861 0.02108000 0.02738041 0.14985803 0.15791603 0.00398100 0.01599660 0.06370671
45 0.05132512 0.00729768 0.00417791 0.00248315 0.01222940 0.00535473 0.00319243 0.00580435 0.00524506 0.29552909 0.16944005 0.00675766 0.02954541 0.03745161 0.00641032 0.01410470 0.02789161 0.00134328 0.00502932 0.30938710
46 0.06648996 0.03617948 0.08334815 0.20863888 0.00881099 0.04321868 0.16009091 0.05353887 0.03311938 0.02281969 0.02294329 0.05486817 0.01291689 0.01529899 0.02107519 0.07330646 0.04174468 0.00414117 0.01538959 0.02206059
47 0.02745961 0.34897911 0.02803921 0.01815981 0.01849211 0.04540781 0.03603201 0.01737851 0.02146451 0.00821115 0.02219171 0.29540209 0.00885775 0.00233096 0.01345490 0.02329471 0.04159811 0.00207002 0.01185120 0.00932471
48 0.15136395 0.03520109 0.04950468 0.04122019 0.02204819 0.03241229 0.03849289 0.07458787 0.01422729 0.02865779 0.03522399 0.03667779 0.01809579 0.02012259 0.03464339 0.19950093 0.10353796 0.00487656 0.01728339 0.04232138
49 0.06415379 0.07928848 0.04423549 0.02914089 0.01276270 0.05673899 0.04057219 0.14646997 0.02705989 0.03507779 0.10782898 0.12701797 0.02566839 0.01469500 0.01916750 0.06495679 0.03835219 0.01153150 0.01304870 0.04223279
50 0.05052853 0.15145309 0.05102423 0.03769532 0.01156181 0.06371714 0.06920824 0.02679662 0.02109901 0.02407621 0.03014562 0.19181912 0.01943741 0.00831488 0.01775201 0.07555335 0.10732607 0.00414202 0.01195441 0.02639492
51 0.15432993 0.03499478 0.04902858 0.04031618 0.02294529 0.03162308 0.03773008 0.07673726 0.01397039 0.02940849 0.03463458 0.03634008 0.01778519 0.01893529 0.03303518 0.19882490 0.10432695 0.00459498 0.01739329 0.04304548
52 0.02721249 0.34961991 0.02791129 0.01798700 0.01841130 0.04476419 0.03592129 0.01687430 0.02148909 0.00843464 0.02227139 0.29525593 0.00906519 0.00247016 0.01340670 0.02354839 0.04199679 0.00214325 0.01183000 0.00938671
53 0.05450525 0.01437529 0.01046859 0.00978722 0.01211729 0.01231009 0.01365889 0.01045249 0.00920080 0.23618278 0.19774681 0.01546209 0.04448536 0.04694776 0.01023929 0.02707867 0.03246147 0.00403700 0.01375909 0.22472379
54 0.15087203 0.03510101 0.04892121 0.04162311 0.02291720 0.03197791 0.03793411 0.07408352 0.01463360 0.03012281 0.03504371 0.03676431 0.01820420 0.01925270 0.03456261 0.19773304 0.10498902 0.00460589 0.01740790 0.04325011
55 0.04277900 0.11748200 0.05331930 0.04643560 0.00929218 0.11123300 0.07183950 0.08890670 0.02803070 0.02350820 0.03604900 0.17850200 0.01762650 0.00733942 0.01625070 0.06715760 0.04697280 0.00774955 0.00927155 0.02025470
56 0.11883697 0.02061919 0.06234558 0.06576168 0.00933101 0.02191389 0.10002597 0.31913691 0.01841649 0.00994175 0.01466930 0.03432339 0.00710958 0.00872004 0.01575280 0.11350497 0.02965869 0.00491259 0.00517271 0.01984649
57 0.06947217 0.02220969 0.02107859 0.01273199 0.01472149 0.01962739 0.01892399 0.01451159 0.00962379 0.18515692 0.13153594 0.02558289 0.04223758 0.03704178 0.01502629 0.07185497 0.10015996 0.00299493 0.01199309 0.17351493
58 0.27289112 0.01574461 0.02666281 0.05922963 0.10633405 0.01712211 0.02372461 0.14548607 0.01002140 0.01214021 0.01569941 0.01394961 0.00652159 0.00749156 0.01941811 0.15381807 0.06312613 0.00299654 0.00858996 0.01903241
59 0.05343342 0.02687521 0.02564691 0.01529610 0.02031891 0.02662811 0.01791851 0.01413550 0.03611991 0.08215422 0.09105103 0.02544811 0.02698211 0.10648403 0.01699621 0.07339922 0.09027053 0.01860151 0.16985005 0.06239042
60 0.04707722 0.01152520 0.00722988 0.00345816 0.00844465 0.00840052 0.00840975 0.00655417 0.00711353 0.19564308 0.30386512 0.00936741 0.08735673 0.06185222 0.00832244 0.01891821 0.02971191 0.00566470 0.01232000 0.15876506
61 0.05103684 0.01726891 0.01107611 0.00830836 0.00975119 0.01543771 0.01262281 0.01166231 0.01334931 0.16118213 0.29077324 0.01680631 0.07146786 0.06877406 0.01308411 0.02457192 0.02672132 0.00912926 0.02999812 0.13697811
62 0.04174426 0.00781127 0.00453309 0.00132021 0.00673268 0.00532221 0.00548240 0.00433005 0.00666659 0.18557783 0.35950767 0.00597058 0.09646871 0.06745394 0.00656088 0.01338379 0.02180078 0.00618060 0.01166859 0.14148387
63 0.05076690 0.00754485 0.00418982 0.00264257 0.01212370 0.00532972 0.00361400 0.00599190 0.00524817 0.29448001 0.17198801 0.00666298 0.03057020 0.03816660 0.00630077 0.01439320 0.02768460 0.00138079 0.00511918 0.30580202
64 0.09323868 0.02750309 0.07564718 0.22085595 0.00300874 0.04363499 0.24256594 0.04149459 0.03284799 0.01700040 0.01894830 0.04195059 0.00754106 0.01109810 0.01707350 0.04907179 0.02853689 0.00278361 0.00875632 0.01644230
65 0.18121499 0.03472580 0.03314070 0.02514710 0.09922470 0.02525930 0.01783050 0.04931870 0.01834060 0.03656760 0.03449470 0.02767050 0.01712830 0.01658160 0.02502610 0.14575499 0.14322699 0.00389944 0.01803980 0.04740760
66 0.13174396 0.05837398 0.03001419 0.04920989 0.01203450 0.05877498 0.16217295 0.05842338 0.02073699 0.02147669 0.04410489 0.05886788 0.01812589 0.02686099 0.02396009 0.06755768 0.04549139 0.06018748 0.02863389 0.02324829
67 0.29530505 0.01853790 0.02613570 0.02413140 0.03835921 0.01633230 0.02798870 0.07368671 0.00744724 0.01727400 0.01939720 0.01575570 0.01123370 0.01118490 0.02715440 0.22401804 0.10288802 0.00238501 0.00907149 0.03171331
68 0.05417194 0.02367762 0.08768366 0.25938017 0.00203016 0.03760613 0.25261117 0.04177003 0.04093453 0.02095861 0.01215961 0.04984703 0.00687157 0.00644892 0.01349611 0.03872903 0.02398472 0.00229266 0.00911483 0.01623151
69 0.05414494 0.01431351 0.01038521 0.00980884 0.01201081 0.01161071 0.01347761 0.01014831 0.00896526 0.23743219 0.19916216 0.01533381 0.04495384 0.04722354 0.00977295 0.02566292 0.03207463 0.00392159 0.01345301 0.22614418
70 0.06992199 0.01969060 0.09220708 0.20794096 0.00540879 0.03261299 0.17010197 0.12599398 0.02840509 0.01408880 0.01406600 0.03464179 0.00944296 0.00790093 0.01750600 0.09535998 0.02865169 0.00271563 0.00689727 0.01644550
71 0.05690306 0.02905313 0.02295642 0.01832632 0.01014561 0.02473743 0.02285982 0.01774292 0.01278351 0.12345013 0.23257024 0.03017663 0.09020009 0.06131596 0.01807792 0.04456035 0.04732175 0.00904928 0.02249532 0.10527411
72 0.05090651 0.00715779 0.00386440 0.00241785 0.01220480 0.00511932 0.00308899 0.00571913 0.00521879 0.30035108 0.16689604 0.00648993 0.02844421 0.03682001 0.00615404 0.01352620 0.02734141 0.00125455 0.00458385 0.31244108
73 0.19731300 0.03567500 0.04546060 0.07986760 0.01358740 0.03868850 0.14643300 0.08068730 0.02019090 0.01882220 0.02950880 0.03828680 0.01225930 0.01480480 0.03203020 0.10152100 0.05036670 0.00481268 0.01040130 0.02928290
74 0.11367311 0.04710434 0.04097894 0.03246903 0.01894172 0.03610013 0.03913314 0.03654163 0.01545951 0.05052475 0.05335065 0.04943865 0.02789963 0.02100822 0.02760403 0.14949614 0.15688515 0.00379135 0.01537051 0.06422936
75 0.07404649 0.05239909 0.06154849 0.13150499 0.00602947 0.05978469 0.20315698 0.06027059 0.03052110 0.02451960 0.02731070 0.07760019 0.01374700 0.01187830 0.02270350 0.05754799 0.04358550 0.00594583 0.01234840 0.02355110
76 0.04271768 0.05416178 0.06652637 0.19219892 0.00187849 0.06871987 0.24476689 0.02968319 0.03073299 0.02097919 0.01281819 0.11195095 0.01157299 0.00543837 0.00952668 0.03434758 0.03893788 0.00453868 0.00695402 0.01154929
77 0.23441283 0.02795878 0.02741068 0.02999608 0.03092618 0.02352478 0.04106407 0.08114834 0.01303959 0.04818416 0.05830616 0.02676288 0.01912269 0.02104748 0.03150018 0.13514890 0.06966275 0.00410994 0.01539309 0.06128045
78 0.05423100 0.01485500 0.01075050 0.01068140 0.01181990 0.01211970 0.01391390 0.01056090 0.00910921 0.23561701 0.19773701 0.01571090 0.04466510 0.04680660 0.01015100 0.02674100 0.03296580 0.00401003 0.01345400 0.22410001
79 0.05120012 0.01745841 0.01151891 0.00899470 0.00971742 0.01599961 0.01308311 0.01160191 0.01312591 0.16028008 0.29004714 0.01683611 0.07130203 0.06872043 0.01350181 0.02461981 0.02685711 0.00888680 0.02963551 0.13661307
80 0.15863011 0.02094721 0.05449144 0.03736183 0.02211571 0.01874671 0.03930973 0.29679320 0.01302151 0.01120771 0.01602871 0.03019932 0.00855134 0.00868943 0.01541921 0.15954611 0.05453644 0.00516333 0.00632105 0.02291992
81 0.15611896 0.04518079 0.02880679 0.02430909 0.08854968 0.02993739 0.01948949 0.05812228 0.02318659 0.05785218 0.06455248 0.03756809 0.01849579 0.03921369 0.02844139 0.10423597 0.06176218 0.00990968 0.03924079 0.06502668
82 0.04642561 0.00804321 0.00460069 0.00209652 0.00896459 0.00598012 0.00498587 0.00552093 0.00673395 0.22642207 0.28982908 0.00669035 0.06728632 0.05586692 0.00696998 0.01422990 0.02315851 0.00439270 0.01150460 0.20029806
83 0.13223199 0.02772390 0.03692670 0.02589380 0.01663210 0.02696420 0.02018720 0.03159180 0.00808245 0.02215370 0.01892900 0.02488640 0.02068030 0.01127860 0.01945940 0.26694698 0.23699499 0.00194711 0.01286360 0.03762580
84 0.23530712 0.02818061 0.02824351 0.03027962 0.03047902 0.02469821 0.04131912 0.08240704 0.01353461 0.04545572 0.05677213 0.02732261 0.01859561 0.02079231 0.03310152 0.13507507 0.06976503 0.00432070 0.01547811 0.05887233
85 0.04752353 0.00644163 0.00338408 0.00124669 0.00936617 0.00446350 0.00349291 0.00497537 0.00559963 0.24475613 0.27335015 0.00475289 0.05973583 0.04988113 0.00629263 0.01244641 0.02309711 0.00296879 0.00760728 0.22861812
86 0.08713724 0.01571661 0.01118851 0.00953645 0.01372331 0.01259701 0.01449201 0.01472261 0.00856345 0.22569311 0.16992508 0.01603791 0.03844502 0.03942762 0.01343151 0.03982122 0.03800732 0.00302392 0.01067001 0.21784010
87 0.08753877 0.05773478 0.05470628 0.03302449 0.00947460 0.02995759 0.05341638 0.34456988 0.01880659 0.01370740 0.02168559 0.09884307 0.00929612 0.00828617 0.01418800 0.08128517 0.02916039 0.00515276 0.00628060 0.02288539
88 0.11150801 0.02242460 0.01597930 0.01626300 0.01340470 0.02702630 0.02242310 0.02183280 0.01449280 0.13026601 0.22630101 0.01961780 0.05267450 0.04700190 0.01928160 0.04805140 0.03902490 0.00652484 0.02053540 0.12536601
89 0.11454505 0.04725802 0.04104112 0.03319881 0.01900441 0.03640662 0.03980072 0.03654832 0.01558451 0.04931182 0.05336212 0.04946482 0.02774091 0.02089801 0.02786761 0.14967006 0.15657107 0.00390438 0.01549091 0.06233073
90 0.05111554 0.01724311 0.01144461 0.00870698 0.00974128 0.01606321 0.01231881 0.01208091 0.01289131 0.16115012 0.29088322 0.01635301 0.07167015 0.06785315 0.01341091 0.02516812 0.02742422 0.00869152 0.02881472 0.13697510
91 0.07491336 0.05175844 0.06225805 0.13211611 0.00603942 0.05914065 0.20267216 0.06167725 0.03086463 0.02467672 0.02826682 0.07602156 0.01399311 0.01160221 0.02267762 0.05680645 0.04244153 0.00586347 0.01220671 0.02400372
92 0.23310193 0.02793219 0.02790909 0.03013189 0.03067529 0.02396519 0.04091739 0.08255227 0.01320480 0.04885088 0.05840468 0.02667389 0.01916949 0.02030789 0.03164779 0.13279296 0.06929358 0.00425321 0.01553480 0.06268078
93 0.06531084 0.01567111 0.01309691 0.00983484 0.01252941 0.01192401 0.01335201 0.01783831 0.00971128 0.21959913 0.16435009 0.01564861 0.03600622 0.04141162 0.01536801 0.03628292 0.03911992 0.00293463 0.01299601 0.24701414
94 0.04278671 0.10420402 0.04434071 0.08901122 0.00427119 0.09530892 0.20784004 0.02986041 0.02179060 0.02156680 0.01998160 0.16893703 0.01476260 0.00582334 0.01049240 0.03938511 0.05246851 0.00690735 0.00698984 0.01327160
95 0.04678059 0.01526350 0.01003330 0.00639649 0.00957007 0.01874559 0.01157410 0.00932908 0.02557259 0.18306595 0.28839492 0.01471990 0.06554918 0.06191468 0.00810871 0.01792819 0.02242309 0.00715853 0.02893959 0.14853196
96 0.11672792 0.04735637 0.04077657 0.03248298 0.01888849 0.03657978 0.03937937 0.03649408 0.01520399 0.04949637 0.05271037 0.04860527 0.02719908 0.02050089 0.02778398 0.15112490 0.15662790 0.00385855 0.01523949 0.06296366
97 0.15147298 0.03485200 0.04936349 0.04063180 0.02269860 0.03141270 0.03737580 0.07700719 0.01417320 0.03027920 0.03461830 0.03696430 0.01786960 0.01979920 0.03528860 0.19768298 0.10273599 0.00454031 0.01726390 0.04396990
98 0.05440989 0.02448669 0.08791238 0.25762594 0.00218627 0.03861089 0.24690594 0.04309689 0.04063759 0.02090139 0.01237990 0.05050999 0.00740692 0.00651081 0.01377440 0.04029069 0.02433019 0.00241266 0.00900658 0.01660400
99 0.06746921 0.03588221 0.08373612 0.20890304 0.00855796 0.04387051 0.16033803 0.05280251 0.03260831 0.02238730 0.02336060 0.05430001 0.01331140 0.01462260 0.02056790 0.07466351 0.04181971 0.00392236 0.01473110 0.02214560
100 0.05144261 0.01724940 0.01141510 0.00887236 0.01013430 0.01582130 0.01274570 0.01209930 0.01301330 0.16099202 0.28951504 0.01668450 0.07108801 0.06823711 0.01307390 0.02470000 0.02706700 0.00877639 0.02953760 0.13753502
101 0.15074790 0.03518878 0.04848067 0.04095127 0.02269609 0.03229398 0.03738878 0.07676965 0.01435779 0.03033188 0.03554808 0.03672118 0.01807549 0.01981049 0.03410518 0.19686887 0.10367193 0.00515655 0.01786699 0.04296847
102 0.06597879 0.00958041 0.00552706 0.00310612 0.01226100 0.00655778 0.00506854 0.00827377 0.00568273 0.27471897 0.16759998 0.00909771 0.03141000 0.03647450 0.00859167 0.02111470 0.03070700 0.00139032 0.00594301 0.29091597
103 0.11900305 0.02462301 0.05341202 0.03270061 0.01437791 0.01635411 0.05125202 0.40530516 0.01765521 0.01272120 0.02024611 0.03677261 0.00811421 0.01052020 0.01356691 0.09652974 0.02995241 0.00451722 0.00721048 0.02516581
104 0.04519381 0.01565450 0.01462000 0.01476460 0.01521250 0.01340310 0.01353410 0.01499680 0.02348981 0.08905733 0.16461605 0.01369310 0.04348981 0.17956205 0.01076140 0.03663241 0.02636031 0.03167071 0.15144605 0.08184152
105 0.07881606 0.01516559 0.01353879 0.00856130 0.04179628 0.01307069 0.00894247 0.02078569 0.01053129 0.21042389 0.12872094 0.01398499 0.02769639 0.03895208 0.01461489 0.04355898 0.04456908 0.00332113 0.01516059 0.24778888
106 0.05108227 0.00727453 0.00414133 0.00250132 0.01202319 0.00522074 0.00340467 0.00575998 0.00530939 0.29495682 0.17164190 0.00652987 0.03036728 0.03775968 0.00644385 0.01431789 0.02788268 0.00133971 0.00511711 0.30692582
107 0.12712105 0.08156014 0.03565762 0.02325671 0.01864031 0.03978982 0.04108462 0.02683561 0.02331531 0.02934771 0.03638982 0.10823005 0.01742601 0.01946841 0.02343091 0.09780994 0.12582105 0.00677347 0.06675773 0.05128372
108 0.04820949 0.00690369 0.00413355 0.00207539 0.01120810 0.00468144 0.00347292 0.00486235 0.00517407 0.26795893 0.20600194 0.00526044 0.04426029 0.05396269 0.00678835 0.01532920 0.02873529 0.00275274 0.00962223 0.26860693
109 0.05821230 0.02879130 0.02270150 0.01787150 0.01036340 0.02453130 0.02261610 0.01769340 0.01243420 0.12410200 0.23071400 0.02909500 0.08982510 0.06225490 0.01876280 0.04523400 0.04762480 0.00894701 0.02308040 0.10514500
110 0.02743451 0.35459919 0.02731611 0.01744581 0.01876541 0.04417782 0.03444992 0.01661501 0.02184201 0.00825623 0.02218931 0.29418116 0.00909834 0.00246588 0.01346261 0.02272001 0.04145852 0.00201831 0.01192561 0.00957821
111 0.07577726 0.05203014 0.06192345 0.13328410 0.00609389 0.05899764 0.20347315 0.05892344 0.03067062 0.02476872 0.02781472 0.07534166 0.01378011 0.01217671 0.02288452 0.05742044 0.04292153 0.00615897 0.01195431 0.02360462
112 0.13197404 0.01706631 0.05462022 0.02389721 0.01408450 0.01110740 0.04221641 0.43580014 0.01341150 0.00666937 0.01291750 0.02952771 0.00564777 0.00751479 0.01071030 0.12197704 0.03239311 0.00409846 0.00412569 0.02024051
113 0.02415040 0.01092320 0.00892909 0.01124640 0.01903610 0.00965779 0.00395191 0.00780294 0.03842860 0.03178250 0.10970599 0.00989886 0.02000390 0.27810297 0.00592533 0.02245560 0.00760537 0.05361620 0.30115097 0.02562590
114 0.19100809 0.01542091 0.04343122 0.01800981 0.02177171 0.00963220 0.04378052 0.39383718 0.01274161 0.00886527 0.01331451 0.02599581 0.00566056 0.00705168 0.01297771 0.11321605 0.03274701 0.00282292 0.00505042 0.02266481
115 0.14873115 0.03530684 0.04856175 0.03952674 0.02245122 0.03222803 0.03695804 0.07329097 0.01416851 0.02996693 0.03582884 0.03704314 0.01812492 0.02011462 0.03481444 0.19932720 0.10670611 0.00491439 0.01741812 0.04451805
116 0.03991320 0.02746430 0.02806560 0.01781910 0.01877870 0.02470260 0.01623590 0.01494350 0.05346291 0.03474190 0.09605571 0.02236380 0.01933500 0.18744502 0.01076230 0.03903760 0.02305890 0.03579090 0.25409803 0.03592500
117 0.05039741 0.24389803 0.03874740 0.02932300 0.01632480 0.05279001 0.05118431 0.02907680 0.02560500 0.02338470 0.03867010 0.19171302 0.01732850 0.01272690 0.02398450 0.05207651 0.05121721 0.00502728 0.01916800 0.02735650
118 0.02513911 0.01028790 0.00368068 0.01065771 0.02226001 0.00703695 0.00405275 0.00781011 0.02847651 0.02931101 0.11159405 0.00885723 0.02328921 0.29346214 0.00538861 0.01901661 0.00561789 0.07667954 0.28679714 0.02058481
119 0.05238871 0.01753280 0.01150510 0.00897324 0.00975067 0.01586460 0.01295590 0.01175130 0.01287780 0.16076103 0.28796706 0.01690050 0.07076181 0.06843681 0.01304310 0.02535101 0.02788441 0.00893798 0.02966311 0.13669303
120 0.08961005 0.01933371 0.01293801 0.00905038 0.01273351 0.01866501 0.01511501 0.04557623 0.01253331 0.18709311 0.20777612 0.02153641 0.04613393 0.03731992 0.01163301 0.03719382 0.03048732 0.00539973 0.01179731 0.16807410
121 0.04961247 0.00805597 0.00492236 0.00210595 0.00928697 0.00599235 0.00498373 0.00663884 0.00654351 0.22407488 0.27862985 0.00696944 0.06287897 0.05278067 0.00796715 0.01623809 0.02489059 0.00375817 0.01071319 0.21295688
122 0.04043190 0.14773099 0.06160970 0.05150100 0.01370370 0.07011729 0.06718939 0.03722480 0.07245129 0.02185570 0.04241890 0.17106099 0.01784140 0.01497190 0.01878380 0.04433050 0.04507810 0.00528508 0.03455620 0.02185740
123 0.05811685 0.02884173 0.02269372 0.01798412 0.00998531 0.02402882 0.02284462 0.01655022 0.01272451 0.12366612 0.23266722 0.02936203 0.09008288 0.06157126 0.01773922 0.04561424 0.04842745 0.00927457 0.02271902 0.10510610
124 0.10527097 0.03595529 0.05086329 0.06315488 0.01295250 0.04245019 0.11627197 0.17247495 0.02262669 0.01698390 0.02219329 0.05284139 0.01354570 0.00949901 0.02080199 0.10285397 0.09942187 0.00649030 0.00888517 0.02446269
125 0.09061247 0.02387579 0.09546657 0.06414868 0.00954584 0.02318029 0.06298378 0.34627589 0.02177899 0.00966241 0.01660199 0.04023899 0.00905099 0.00819262 0.01304560 0.10330997 0.03270379 0.00299988 0.00606689 0.02025859
126 0.08168748 0.03054939 0.02832219 0.01621430 0.01428920 0.02208450 0.02462250 0.01901110 0.01492270 0.05653519 0.12703897 0.02662299 0.03586249 0.02497290 0.20662196 0.07753028 0.09567618 0.00418290 0.01260860 0.08064418
127 0.05451898 0.01423839 0.01062030 0.01036740 0.01193350 0.01184840 0.01335249 0.01009600 0.00895054 0.23633790 0.19988692 0.01502969 0.04504898 0.04732698 0.01034730 0.02621099 0.03216739 0.00417287 0.01376709 0.22377791
128 0.06633210 0.01614960 0.01328030 0.00951306 0.01270370 0.01209630 0.01289110 0.01751130 0.00923158 0.21724299 0.16572199 0.01650440 0.03658730 0.04215870 0.01501620 0.03703710 0.03892590 0.00303452 0.01372390 0.24433799
129 0.06573499 0.07891449 0.05331769 0.05394999 0.01496070 0.12856098 0.08785829 0.03386309 0.03748719 0.03200729 0.05619599 0.09691528 0.02237500 0.01745000 0.02222870 0.07361929 0.05772569 0.00676467 0.02712580 0.03294489
130 0.06647228 0.07905398 0.05340029 0.05404009 0.01488520 0.12903397 0.08774208 0.03462899 0.03661429 0.03202009 0.05516199 0.09695258 0.02273459 0.01668570 0.02250709 0.07305468 0.05857199 0.00719885 0.02608929 0.03315199
131 0.06568726 0.03496428 0.08476475 0.21097888 0.00840387 0.04270098 0.16115791 0.05338997 0.03284098 0.02254819 0.02333739 0.05453077 0.01306639 0.01474289 0.02031739 0.07416626 0.04146558 0.00424650 0.01489779 0.02179199
132 0.06550396 0.01642689 0.01331679 0.00960488 0.01245749 0.01214019 0.01340199 0.01693089 0.00986442 0.21719788 0.16375691 0.01648889 0.03615838 0.04179868 0.01589359 0.03710768 0.03972308 0.00310445 0.01368109 0.24544186
133 0.05117050 0.24293599 0.03926100 0.02967670 0.01605850 0.05218240 0.05071760 0.02941800 0.02516360 0.02377680 0.03882640 0.19111799 0.01685730 0.01262730 0.02402850 0.05217450 0.05163790 0.00517726 0.01953760 0.02765420
134 0.05105163 0.01739171 0.01181741 0.00864301 0.00969236 0.01618831 0.01294881 0.01207591 0.01320391 0.16056009 0.28803716 0.01676991 0.07073924 0.06879554 0.01297811 0.02574871 0.02731261 0.00894460 0.03002292 0.13707807
135 0.12040689 0.02433158 0.05302745 0.03237207 0.01446839 0.01608009 0.05117415 0.40628562 0.01719818 0.01224229 0.02017548 0.03681097 0.00780137 0.01068089 0.01463269 0.09589181 0.02989357 0.00461192 0.00717972 0.02473488
136 0.14079203 0.02837401 0.03800681 0.02758271 0.01844200 0.02768811 0.02233730 0.03481221 0.00812929 0.02240380 0.01972110 0.02531211 0.02076670 0.01234110 0.02057370 0.25975906 0.22001005 0.00217619 0.01242440 0.03834731
137 0.06567408 0.03525179 0.08425488 0.21077094 0.00865181 0.04371779 0.15918996 0.05398149 0.03318829 0.02247969 0.02397169 0.05393489 0.01316490 0.01491700 0.02040219 0.07414828 0.04158919 0.00398286 0.01489860 0.02182969
138 0.04266783 0.14714812 0.04290113 0.02011092 0.01747851 0.03888303 0.02807502 0.01719341 0.05706465 0.02163722 0.05319024 0.09171907 0.01501361 0.08283057 0.01968552 0.04813864 0.03674823 0.01925292 0.16953214 0.03072922
139 0.15149488 0.03503837 0.04866046 0.04054817 0.02285178 0.03234338 0.03830447 0.07513744 0.01504819 0.02883728 0.03479017 0.03697577 0.01809549 0.01988028 0.03329947 0.19853385 0.10478792 0.00464337 0.01790499 0.04282427
140 0.03226931 0.31502513 0.02953471 0.01585891 0.01613861 0.05785242 0.03457951 0.01858831 0.02471061 0.01427101 0.04975502 0.26454311 0.01663741 0.00327574 0.01307131 0.02393291 0.04199022 0.00264995 0.01124250 0.01407331
141 0.05645901 0.03182280 0.05008661 0.10103701 0.00799810 0.03870600 0.13251401 0.03023550 0.06572671 0.10962701 0.07936201 0.03803730 0.02191960 0.02081580 0.01663900 0.04092380 0.03081490 0.00371280 0.01891800 0.10464401
142 0.05667662 0.01687771 0.00975895 0.00592634 0.01237900 0.02773151 0.01045650 0.01060690 0.01012170 0.25564408 0.14115204 0.01815091 0.02985761 0.03381431 0.01000770 0.02808211 0.03504201 0.00173864 0.00844827 0.27752708
143 0.04098293 0.09361887 0.06934095 0.15095211 0.00600814 0.06491415 0.14530011 0.03749663 0.02804102 0.02054572 0.02122712 0.14962411 0.01680321 0.00817418 0.01579881 0.05427074 0.04742904 0.00493833 0.00926763 0.01526621
144 0.15078606 0.03431581 0.04949442 0.04136242 0.02275831 0.03141271 0.03762082 0.07582613 0.01473581 0.02913681 0.03475331 0.03590521 0.01828341 0.02000771 0.03403481 0.19899508 0.10473604 0.00478659 0.01786291 0.04318562
145 0.07418393 0.05232472 0.06132532 0.13258605 0.00613892 0.05971992 0.20195908 0.06017792 0.03038401 0.02496761 0.02771721 0.07744213 0.01425161 0.01206150 0.02158981 0.05728992 0.04323832 0.00603808 0.01243150 0.02417241
146 0.06514681 0.05239691 0.06754681 0.15623803 0.00853918 0.10910202 0.13923803 0.04048551 0.02605671 0.01807450 0.03136181 0.07998092 0.01951590 0.01220050 0.01504580 0.07590102 0.05102551 0.00503461 0.01159180 0.01551760
147 0.06662218 0.07829918 0.05363279 0.05439119 0.01486670 0.12955897 0.08884578 0.03365129 0.03690959 0.03181449 0.05443299 0.09668007 0.02224579 0.01708240 0.02209379 0.07400958 0.05901478 0.00729166 0.02682169 0.03173509
148 0.09693618 0.03178459 0.02945930 0.01587060 0.01396210 0.02562530 0.02783590 0.01879130 0.01095130 0.03151939 0.05149539 0.02333970 0.06062959 0.01829190 0.26366396 0.09838718 0.11309398 0.00311889 0.00974007 0.05550339
149 0.06684791 0.07971311 0.05419901 0.05455471 0.01539900 0.12884002 0.08743561 0.03363970 0.03701811 0.03167630 0.05544681 0.09723501 0.02269980 0.01704270 0.02156070 0.07276201 0.05821861 0.00690866 0.02627660 0.03252560
150 0.04500581 0.01564170 0.01428570 0.01533720 0.01535980 0.01347720 0.01354790 0.01522280 0.02316531 0.08922983 0.16513305 0.01337840 0.04330001 0.17936405 0.01109610 0.03559091 0.02568711 0.03212201 0.15230005 0.08175502
151 0.23388196 0.02713380 0.02860120 0.03101330 0.03055760 0.02363190 0.04135599 0.08100769 0.01329590 0.04705569 0.05759779 0.02669200 0.01882980 0.02071880 0.03241660 0.13632698 0.07005059 0.00414075 0.01518190 0.06050979
152 0.03591571 0.01353300 0.01022730 0.01032530 0.01596970 0.01658560 0.00708979 0.00852039 0.03161241 0.07083821 0.19339403 0.01242140 0.04089531 0.19149303 0.00780076 0.02345900 0.01494670 0.03634201 0.20092103 0.05770931
153 0.07059379 0.02717220 0.08549769 0.21956597 0.00394173 0.04135919 0.20659597 0.05123859 0.02986730 0.01784670 0.01687550 0.04520759 0.01034050 0.01145240 0.01822030 0.08144479 0.03315890 0.00279152 0.00854548 0.01828390
154 0.14730393 0.02858989 0.06470607 0.17120091 0.01735819 0.04199488 0.13656193 0.05473277 0.02403289 0.01820529 0.02840379 0.03495048 0.01157909 0.01616309 0.02165119 0.09588375 0.05036357 0.00341370 0.01098479 0.02191979
155 0.12126901 0.02429420 0.05300160 0.03327150 0.01406110 0.01650560 0.05138950 0.40040902 0.01751590 0.01326030 0.02067140 0.03696630 0.00802345 0.01110410 0.01427760 0.09632221 0.03010770 0.00434605 0.00769234 0.02551110
156 0.02329288 0.01058039 0.00917328 0.01099389 0.01870229 0.00957861 0.00360822 0.00771601 0.03995587 0.03059958 0.10790692 0.00981017 0.01882949 0.27923580 0.00561420 0.02174758 0.00705357 0.05290426 0.30817278 0.02452418
157 0.05533008 0.11951795 0.04030028 0.08345117 0.00454178 0.09206456 0.22517191 0.02223779 0.02269869 0.02056109 0.02224479 0.13637394 0.01613909 0.00808660 0.01252089 0.03855618 0.05002518 0.00811908 0.00879085 0.01326809
158 0.05161351 0.01727900 0.01177160 0.00840970 0.01021350 0.01589500 0.01250650 0.01251250 0.01319000 0.15979802 0.28871203 0.01650450 0.07109771 0.06960961 0.01278550 0.02545290 0.02697440 0.00921289 0.03049510 0.13596601
159 0.04315538 0.00952431 0.00645706 0.00540032 0.01140280 0.00683565 0.00647815 0.00617903 0.01085850 0.18805392 0.23503490 0.00773420 0.05932498 0.10805896 0.00805209 0.02117589 0.02542949 0.01414649 0.05916098 0.16753693
160 0.04921918 0.00854151 0.00549731 0.00239173 0.00909501 0.00631084 0.00539976 0.00665506 0.00715506 0.21512989 0.28808486 0.00729832 0.06679787 0.05473267 0.00834945 0.01717889 0.02515879 0.00413364 0.01165829 0.20121190
161 0.05087482 0.24211109 0.03904032 0.02923781 0.01586911 0.05322102 0.05083512 0.03065511 0.02503701 0.02393441 0.03885712 0.19092707 0.01715811 0.01278540 0.02343811 0.05215422 0.05136992 0.00530621 0.01905651 0.02813151
162 0.05138102 0.01767891 0.01173330 0.00889778 0.01009820 0.01618041 0.01260650 0.01242030 0.01344430 0.16106906 0.28722711 0.01690731 0.07053473 0.06786493 0.01261450 0.02500381 0.02733861 0.00891465 0.03018251 0.13790205
163 0.05132349 0.01731050 0.01178670 0.00864597 0.00991830 0.01681640 0.01257650 0.01208420 0.01331430 0.15887198 0.28978796 0.01742240 0.07167199 0.06881359 0.01297140 0.02548050 0.02710570 0.00910176 0.02987640 0.13511998
164 0.04517839 0.00818888 0.00447853 0.00253531 0.00904094 0.00660334 0.00507213 0.00528946 0.00906409 0.18718197 0.29897695 0.00637171 0.07293769 0.08032449 0.00747012 0.01700200 0.02218520 0.00885697 0.03944889 0.16379297
165 0.05110280 0.00823027 0.00517579 0.00243718 0.01011150 0.00592368 0.00482513 0.00673742 0.00635519 0.23884899 0.24931099 0.00686115 0.05375100 0.04841910 0.00834608 0.01689950 0.02605570 0.00304617 0.00953537 0.23802699
166 0.02363400 0.01120440 0.01073510 0.01099320 0.01848440 0.01039260 0.00392540 0.00782920 0.04277250 0.02999720 0.10615099 0.01035310 0.01822300 0.27295098 0.00561301 0.02242360 0.00752105 0.05082210 0.31133598 0.02463820
167 0.05427636 0.01427269 0.01075579 0.01048449 0.01170129 0.01216429 0.01385809 0.01052239 0.00924482 0.23616684 0.19868886 0.01491879 0.04473497 0.04712387 0.01046809 0.02620758 0.03213558 0.00394816 0.01405519 0.22427185
168 0.04996648 0.24480488 0.03853818 0.02940589 0.01589719 0.05283888 0.05127128 0.03043169 0.02487999 0.02288789 0.03794788 0.19251891 0.01733679 0.01274089 0.02385619 0.05174918 0.05159398 0.00514377 0.01888679 0.02730329
169 0.02616699 0.00977114 0.00621911 0.01053110 0.01785519 0.00814107 0.00402770 0.00727489 0.03092869 0.05400448 0.13936896 0.00917869 0.02877929 0.26051292 0.00657313 0.02185019 0.00967318 0.04837059 0.26078992 0.03998279
170 0.09967067 0.04153409 0.02952129 0.02762199 0.01578310 0.02563439 0.03686669 0.02942669 0.01609400 0.02715349 0.04833719 0.03097569 0.01834159 0.01383300 0.33728090 0.09263427 0.05003369 0.00419509 0.01155800 0.04350419
171 0.04525296 0.01581989 0.01469759 0.01509699 0.01556789 0.01331779 0.01334029 0.01583009 0.02329438 0.08896003 0.16470987 0.01377439 0.04310447 0.18035886 0.01075949 0.03536357 0.02549148 0.03202247 0.15201088 0.08122664
172 0.05056290 0.24473002 0.03825010 0.02968830 0.01605450 0.05244070 0.05019220 0.03009020 0.02527960 0.02355580 0.03883430 0.19254901 0.01726170 0.01276200 0.02375630 0.05127140 0.05138150 0.00515643 0.01909100 0.02709200
173 0.08504395 0.08693085 0.03356558 0.02896058 0.01547729 0.02709969 0.03099248 0.02550129 0.01910799 0.01884019 0.02930568 0.04127668 0.01481289 0.01090889 0.30095584 0.12746593 0.05254657 0.00482634 0.01249249 0.03388878
174 0.06888907 0.02193569 0.01998319 0.01323959 0.01465769 0.01999139 0.01943979 0.01430319 0.00933060 0.18609691 0.13195794 0.02547979 0.04130398 0.03737378 0.01486729 0.07284997 0.09822715 0.00303668 0.01194539 0.17509092
175 0.05062438 0.00706170 0.00392780 0.00247341 0.01243750 0.00509075 0.00291046 0.00553016 0.00508095 0.30304389 0.16124094 0.00630419 0.02663099 0.03619409 0.00603963 0.01353240 0.02753679 0.00116094 0.00446216 0.31871689
176 0.03833832 0.13786906 0.04877412 0.04427712 0.00826841 0.12889205 0.10885605 0.02613881 0.02742271 0.02483411 0.03782072 0.19150708 0.01955011 0.00658792 0.01185790 0.05138132 0.05414572 0.00584505 0.01073650 0.01689691
177 0.09862581 0.04018320 0.02981510 0.02766970 0.01558780 0.02584600 0.03687580 0.02932690 0.01655140 0.02772490 0.04840231 0.02961820 0.01884820 0.01513360 0.33591904 0.09316201 0.05046811 0.00421279 0.01263240 0.04339670
178 0.05915250 0.02333210 0.01459960 0.00819224 0.01123050 0.01774000 0.01309550 0.01261340 0.00925328 0.24844400 0.13091500 0.04246360 0.02719190 0.03043840 0.01294150 0.03341370 0.03388930 0.00209124 0.00757523 0.26142700
179 0.16949610 0.01912131 0.01685891 0.01155771 0.01858211 0.01438041 0.02065011 0.03714092 0.00910230 0.13316708 0.10477106 0.02132051 0.02777732 0.02918032 0.02674702 0.08111575 0.05784883 0.00240491 0.01207121 0.18670611
