1 0.34010305 0.00701286 0.01435040 0.01992530 0.05983631 0.00985950 0.01331410 0.07098601 0.00640306 0.02701720 0.03592981 0.00808564 0.00889771 0.01037010 0.01901750 0.19624203 0.08415271 0.00103387 0.00562610 0.06183671
2 0.20020793 0.03949579 0.02865709 0.04063179 0.01616989 0.05777258 0.05277498 0.20570093 0.01930169 0.01566699 0.03017309 0.04003799 0.01267410 0.00811122 0.03154379 0.12666396 0.03502479 0.00273083 0.01322270 0.02343789
3 0.27383018 0.01459611 0.02554662 0.02186561 0.03067182 0.01809471 0.02084221 0.09783547 0.00901651 0.02255522 0.02977432 0.01786001 0.01072861 0.01227881 0.02700882 0.22464315 0.08932426 0.00191904 0.00909350 0.04251503
4 0.06814503 0.01294221 0.01263541 0.01007080 0.01434051 0.01051400 0.01358831 0.01543341 0.00725725 0.23279511 0.15245507 0.01523081 0.03281392 0.03171221 0.01088641 0.03386442 0.04463362 0.00300428 0.01360211 0.26407512
5 0.06430641 0.00916493 0.00760749 0.00382053 0.01158180 0.00804396 0.00764994 0.00883770 0.00616960 0.22768905 0.24968105 0.00706430 0.05201181 0.04381431 0.00591479 0.02289870 0.03360801 0.00306175 0.01024580 0.21682805
6 0.16296404 0.02307431 0.01966210 0.01622140 0.02181521 0.02243091 0.03464941 0.03064821 0.01112880 0.05628761 0.04229681 0.02560691 0.01920630 0.01163690 0.16571204 0.08492982 0.12500603 0.00604195 0.01002420 0.11065703
7 0.15001604 0.03266681 0.04684841 0.03976391 0.02552851 0.03160731 0.03695491 0.07417312 0.01739980 0.03038851 0.03966921 0.03686421 0.01735960 0.01746160 0.03440121 0.20692906 0.09658653 0.00504442 0.01797271 0.04236411
8 0.04588821 0.18412104 0.05347821 0.03811791 0.01065670 0.05886251 0.06593892 0.03720871 0.02565361 0.01979610 0.03373631 0.22300305 0.02132071 0.01092510 0.01662390 0.05862661 0.04701921 0.00347626 0.01464790 0.03089901
9 0.05308341 0.07913202 0.04880781 0.11235703 0.00558971 0.07059702 0.19455105 0.03957381 0.02517161 0.02176061 0.02877491 0.13813004 0.01615450 0.00676525 0.01240280 0.05365811 0.05422561 0.00228848 0.01071030 0.02626591
10 0.13616290 0.01708809 0.04932616 0.02316728 0.02535638 0.02326228 0.02197638 0.03160868 0.01522069 0.02620118 0.02938978 0.02134118 0.01363289 0.01166369 0.02109868 0.27151180 0.21195585 0.00200025 0.00838237 0.03965347
11 0.08231168 0.13173697 0.05039539 0.03751699 0.01691570 0.04560629 0.03850709 0.05794279 0.02253650 0.02199460 0.02765979 0.08713878 0.01474750 0.01177310 0.03825809 0.19271696 0.07152409 0.00458799 0.01759980 0.02852989
12 0.04047758 0.01000320 0.00733668 0.00349013 0.00994177 0.00966365 0.00845376 0.00682288 0.00720492 0.21359490 0.27066188 0.01062430 0.08364276 0.05212738 0.00531384 0.02076639 0.04088388 0.00364742 0.01618379 0.17915892
13 0.06170609 0.03266460 0.12480999 0.06679939 0.01934840 0.03480220 0.05637349 0.17465098 0.03944690 0.02037490 0.02793430 0.04921639 0.01261230 0.01014850 0.02098420 0.11018999 0.09459769 0.00326082 0.01192860 0.02815030
14 0.03901238 0.00948498 0.00638474 0.00151701 0.00775741 0.00705763 0.00489697 0.00536031 0.00749599 0.19866388 0.33936679 0.00718370 0.07618235 0.06355686 0.00454875 0.01379599 0.02687168 0.00404922 0.01141049 0.16540290
15 0.03691023 0.01933962 0.01495091 0.01316241 0.02055652 0.02295992 0.02268142 0.01645221 0.02629112 0.09774959 0.16567514 0.02212962 0.10596909 0.11430410 0.00934624 0.04100054 0.05117184 0.01003541 0.11992910 0.06938496
16 0.03562930 0.01150880 0.00823205 0.00376873 0.01178630 0.01202730 0.00655106 0.00792843 0.01871260 0.11735602 0.32882705 0.00977454 0.08054101 0.12679402 0.00579025 0.01850100 0.02491400 0.01204730 0.07969291 0.07961731
17 0.07667292 0.05274031 0.03418921 0.03957101 0.01162710 0.04278761 0.03815441 0.04160301 0.01701730 0.02204620 0.04063451 0.07847832 0.01329940 0.01156540 0.28611606 0.09278732 0.05608381 0.00846429 0.01100500 0.02515681
18 0.05124044 0.02676602 0.01827771 0.01607571 0.01315511 0.02428442 0.02556122 0.02629682 0.01383251 0.12079409 0.23746918 0.03513953 0.09991907 0.05777084 0.01511851 0.04520393 0.04728013 0.00486966 0.02402102 0.09692407
19 0.23794410 0.01849631 0.02728031 0.09381764 0.03585022 0.02164221 0.02876391 0.05162802 0.01663531 0.02548131 0.04349192 0.02285791 0.01608091 0.06830173 0.02525751 0.12999906 0.06057713 0.00527607 0.01726561 0.05335282
20 0.06410641 0.04841230 0.05607101 0.15655501 0.00817364 0.06408521 0.21527802 0.04813930 0.02400460 0.02531300 0.02969110 0.06834711 0.01495720 0.00764725 0.01936350 0.05895111 0.04844200 0.00281702 0.01324140 0.02640380
21 0.07127124 0.02885532 0.08385215 0.19875112 0.01359791 0.04126802 0.14315709 0.04429853 0.02026401 0.02673792 0.02353531 0.04181633 0.01444081 0.00812169 0.02086981 0.08732935 0.08616915 0.00241231 0.01114381 0.03210812
22 0.05995828 0.03472559 0.07949107 0.22976191 0.01073910 0.04468668 0.18413393 0.05437168 0.01990529 0.01975219 0.02050409 0.04815328 0.01111010 0.00822971 0.02295799 0.07136007 0.04110508 0.00269466 0.01271420 0.02364509
23 0.02921272 0.32207924 0.05220384 0.01931481 0.00904576 0.05934454 0.03240182 0.02298502 0.03101632 0.00821610 0.01584011 0.27120220 0.01368031 0.00501893 0.00552752 0.04487113 0.02325082 0.00094977 0.01517471 0.01866431
24 0.08234269 0.03395970 0.03514560 0.03284820 0.01969860 0.03172850 0.02885170 0.14674399 0.04653360 0.02317710 0.04267000 0.02773710 0.01529520 0.09748749 0.01931950 0.09110939 0.02902340 0.02490390 0.14309799 0.02832640
25 0.31145321 0.01286871 0.01899101 0.01959181 0.03319342 0.01561191 0.01885171 0.10390507 0.00778686 0.02195972 0.02968992 0.01531621 0.01034841 0.01083701 0.02988522 0.20774314 0.07675245 0.00183791 0.00840556 0.04497073
26 0.03905429 0.16777896 0.04888799 0.01855900 0.01307180 0.05139789 0.05312739 0.02785929 0.02365619 0.02375739 0.03714639 0.21162195 0.02761099 0.04186939 0.01599220 0.05153889 0.08150068 0.00496342 0.01362580 0.04698009
27 0.04680796 0.10903990 0.06696864 0.14883286 0.00849833 0.05700165 0.14040787 0.04596616 0.02252918 0.01623969 0.02110848 0.14416687 0.01343259 0.00659264 0.01742248 0.06374464 0.03721757 0.00293593 0.01191509 0.01917148
28 0.25181085 0.02359899 0.02144119 0.02746178 0.02830558 0.02253889 0.03329368 0.09070155 0.01198819 0.04664387 0.05689367 0.02470689 0.01643579 0.01683679 0.03634598 0.14011292 0.06727626 0.00317159 0.01279929 0.06763626
29 0.04619581 0.01630130 0.01130270 0.00667142 0.00993343 0.01510270 0.01191360 0.01193890 0.01202120 0.14983804 0.33423610 0.01526380 0.07761812 0.07169102 0.01041410 0.02486771 0.03098811 0.00663405 0.02049481 0.11657303
30 0.03359048 0.01016779 0.00635978 0.00181425 0.00800843 0.00823423 0.00658933 0.00532235 0.01003819 0.16144489 0.35967276 0.00890422 0.09747143 0.08891494 0.00407214 0.01509169 0.02949398 0.00542882 0.02444238 0.11493792
31 0.05978633 0.03300401 0.03648212 0.09726614 0.01000510 0.03836302 0.05328992 0.03287171 0.01480601 0.01625931 0.03339941 0.03435181 0.01132160 0.01438951 0.34424915 0.09624644 0.03929322 0.00562797 0.01036130 0.01862591
32 0.20459712 0.01840431 0.03181132 0.02744962 0.02012551 0.02068961 0.02143861 0.22059113 0.01047241 0.01296731 0.01893311 0.02154711 0.01219331 0.01259391 0.02213051 0.23668514 0.04454393 0.00380320 0.01471431 0.02430851
33 0.13561111 0.06499605 0.03173723 0.02591122 0.01708951 0.03665253 0.05869235 0.03566833 0.01741041 0.04088933 0.05644205 0.13212011 0.02359342 0.01813301 0.03157693 0.08241067 0.07243516 0.00625259 0.01322091 0.09915708
34 0.05768142 0.00669043 0.00839674 0.00551552 0.01329660 0.00594676 0.00671721 0.01564710 0.00405096 0.28681809 0.14763105 0.00461257 0.02915861 0.02391481 0.00615527 0.02231401 0.03921321 0.00188982 0.00845571 0.30589409
35 0.14945885 0.03380257 0.04717625 0.03834986 0.02517708 0.03111327 0.03566266 0.07634202 0.01745858 0.02950107 0.03890156 0.03725986 0.01758448 0.01709098 0.03424007 0.20905679 0.09853840 0.00479289 0.01692378 0.04156896
36 0.04718069 0.18077998 0.09121579 0.04815869 0.01586580 0.05041949 0.04463699 0.04415659 0.02898300 0.01820270 0.02247590 0.14446998 0.01362310 0.00922874 0.02772090 0.11799898 0.05035639 0.00351089 0.01685400 0.02416140
37 0.26696513 0.01126911 0.02741261 0.01844581 0.02937801 0.01662891 0.01592581 0.09426175 0.00831169 0.01924291 0.02567241 0.01447911 0.00995322 0.01184011 0.02145651 0.25960313 0.10184105 0.00173547 0.00887493 0.03670232
38 0.06075112 0.03508401 0.07976072 0.22893607 0.01039590 0.04501071 0.18500206 0.05439632 0.01996711 0.01929181 0.02089911 0.04857991 0.01101060 0.00818488 0.02271211 0.07098152 0.04086781 0.00269232 0.01263510 0.02284081
39 0.17136787 0.03323578 0.08699303 0.06728155 0.02308558 0.03714397 0.05566036 0.06752185 0.02482568 0.02800328 0.04393867 0.03952047 0.01296499 0.01230789 0.02689248 0.13486990 0.07698594 0.00327505 0.01350189 0.04062377
40 0.15114300 0.03267590 0.04729460 0.03906650 0.02561360 0.03172860 0.03681530 0.07601780 0.01749690 0.03051570 0.03902260 0.03729260 0.01739540 0.01715780 0.03371140 0.20721000 0.09626770 0.00473308 0.01720580 0.04163570
41 0.34463321 0.01001441 0.01432291 0.01657571 0.03493452 0.01310811 0.01572741 0.10636206 0.00615609 0.02070951 0.02831962 0.01245961 0.00900434 0.00997133 0.02824892 0.20615712 0.06850884 0.00139297 0.00735429 0.04603903
42 0.30990530 0.01323501 0.01908122 0.02010902 0.03312503 0.01627682 0.01945652 0.10357910 0.00778464 0.02230392 0.03007003 0.01556542 0.01011761 0.01067321 0.02923433 0.20694520 0.07657878 0.00167399 0.00840541 0.04587944
43 0.19973696 0.01589440 0.01860520 0.02635669 0.06618359 0.02028560 0.02345680 0.04588439 0.01231160 0.06127899 0.09480858 0.01940060 0.05972479 0.02676569 0.02498110 0.11626098 0.06968189 0.00387029 0.02032620 0.07418569
44 0.10427600 0.01772330 0.02265850 0.01762060 0.02128850 0.01483650 0.02511040 0.01960620 0.01065920 0.14150600 0.09336280 0.02592880 0.03133550 0.02292390 0.02032270 0.08857250 0.12071300 0.00326023 0.01407140 0.18422399
45 0.05092095 0.00431463 0.00595639 0.00255464 0.01089089 0.00422772 0.00391887 0.00630547 0.00267646 0.30183372 0.16089985 0.00274084 0.02925337 0.02551938 0.00390583 0.01443099 0.03459197 0.00121513 0.00719222 0.32665070
46 0.06065159 0.03388089 0.07969658 0.23095596 0.01023640 0.04516439 0.18560596 0.05406609 0.01971340 0.01975690 0.02065490 0.04820929 0.01092570 0.00814846 0.02231850 0.07072439 0.04076499 0.00290563 0.01258850 0.02303150
47 0.03099308 0.30294885 0.05415037 0.02127549 0.00899836 0.05578137 0.03370978 0.02303649 0.02774779 0.00819081 0.01459639 0.27501486 0.01417679 0.00547293 0.00732357 0.05606427 0.02454009 0.00141264 0.01489649 0.01966959
48 0.09841565 0.02870371 0.03809732 0.03533712 0.02374811 0.03346252 0.03660092 0.05819613 0.01523781 0.05091802 0.07812104 0.03805662 0.07666064 0.02499251 0.02718601 0.17652908 0.08375424 0.00406472 0.01946231 0.05245553
49 0.05899693 0.04320552 0.02589111 0.01818751 0.05426863 0.04021992 0.02344731 0.02991281 0.01665671 0.06772233 0.23792412 0.07969124 0.05933523 0.04747422 0.01976941 0.05172873 0.04340512 0.00658151 0.02240901 0.05317263
50 0.05719701 0.08875582 0.04938441 0.02820251 0.01289060 0.06724751 0.08149982 0.03286871 0.05905641 0.02742431 0.04031361 0.14641403 0.02059770 0.01137860 0.01966790 0.07242321 0.13179603 0.00435360 0.01449640 0.03403181
51 0.15137193 0.03302938 0.04648478 0.03860558 0.02541269 0.03137239 0.03596168 0.07539847 0.01708819 0.03027349 0.03995278 0.03653678 0.01717009 0.01729289 0.03465748 0.20810890 0.09668106 0.00477406 0.01742799 0.04239938
52 0.02641849 0.33449490 0.05399128 0.01764619 0.00898313 0.05697698 0.02750219 0.01974439 0.03014999 0.00661976 0.01304600 0.28516692 0.01364050 0.00429710 0.00344372 0.04350769 0.02040239 0.00069758 0.01542810 0.01784269
53 0.04393626 0.00794413 0.00628013 0.00207503 0.00877098 0.00654285 0.00515524 0.00597255 0.00601249 0.23435180 0.27593476 0.00629855 0.06007175 0.04994606 0.00460292 0.01461589 0.02990917 0.00318413 0.01060449 0.21779081
54 0.06785264 0.01469211 0.01469071 0.00918053 0.01593491 0.01543751 0.01341371 0.01416701 0.01003381 0.18156911 0.24014115 0.01366891 0.05695463 0.04538933 0.01203111 0.05435823 0.04556033 0.00495777 0.01501741 0.15494909
55 0.04285661 0.21224306 0.04262931 0.04198521 0.00628620 0.07952912 0.10257303 0.02845681 0.03104711 0.01877580 0.03035951 0.21223206 0.01476660 0.00633258 0.00815251 0.04718721 0.04025361 0.00117755 0.01150810 0.02164801
56 0.05687318 0.03595199 0.09851197 0.18593694 0.01092650 0.04603379 0.18328195 0.05677078 0.02025509 0.01730059 0.02024879 0.05597738 0.01256460 0.00554497 0.01554100 0.09845087 0.04689819 0.00219033 0.01087850 0.01986259
57 0.04379367 0.01398069 0.01173019 0.00849640 0.01406739 0.01623859 0.01802749 0.00968014 0.00891258 0.19228388 0.18986388 0.01982039 0.10168293 0.04137047 0.00878121 0.04165697 0.08372635 0.00387737 0.02497348 0.14703591
58 0.16506700 0.03852240 0.05862210 0.12597200 0.02118960 0.04395790 0.09948800 0.05948130 0.05152710 0.02181220 0.03544920 0.03736580 0.01174350 0.01497510 0.02124350 0.08724530 0.05665660 0.00304711 0.01344200 0.03319230
59 0.03388149 0.01120080 0.01576820 0.01074670 0.02681509 0.01827099 0.01832729 0.01194160 0.03940799 0.09997707 0.06638198 0.01342470 0.04717279 0.16503895 0.01083290 0.04449619 0.07065758 0.02013299 0.21239294 0.06313178
60 0.06858204 0.00491789 0.00660400 0.00410782 0.01361179 0.00484982 0.00525347 0.00890724 0.00311727 0.28314076 0.15612887 0.00331868 0.02850538 0.02505968 0.00603821 0.02290318 0.03870937 0.00138656 0.00750825 0.30734974
61 0.03947551 0.00954474 0.00669699 0.00177504 0.00795368 0.00707944 0.00521698 0.00539748 0.00748305 0.19805204 0.33794307 0.00741063 0.07597762 0.06340761 0.00469116 0.01402630 0.02737811 0.00421270 0.01169580 0.16458203
62 0.03583381 0.04144192 0.02373171 0.01253730 0.01107650 0.04029832 0.03796091 0.01511631 0.01478721 0.12210005 0.19562008 0.09957994 0.10483104 0.04155842 0.00998325 0.03694891 0.06102192 0.00414306 0.01814981 0.07327953
63 0.05030395 0.00448859 0.00589720 0.00257328 0.01068441 0.00443720 0.00398196 0.00636204 0.00286671 0.30005128 0.16523815 0.00271956 0.03046883 0.02646092 0.00407436 0.01428271 0.03464963 0.00135884 0.00745207 0.32164830
64 0.06044497 0.02849989 0.07412846 0.24786687 0.00461291 0.05626387 0.26217086 0.04339108 0.01939779 0.01475219 0.01508869 0.04530328 0.00736976 0.00221027 0.01088499 0.04934237 0.03237028 0.00078770 0.00909598 0.01601779
65 0.10226709 0.02095302 0.07718287 0.02623212 0.07078136 0.03161903 0.01916332 0.03512283 0.05646085 0.03746863 0.03155123 0.02150032 0.01649112 0.01344741 0.01825612 0.20355919 0.14983514 0.00442269 0.02216432 0.04152134
66 0.21051596 0.02189300 0.02513550 0.02732030 0.02483910 0.02671620 0.02615030 0.10584298 0.01879300 0.02554780 0.03651989 0.02468080 0.01514030 0.03879179 0.02294090 0.18358697 0.05047169 0.00839888 0.06905169 0.03766299
67 0.23216304 0.01615940 0.02318740 0.02256210 0.03745321 0.01720120 0.02193530 0.05227921 0.00978826 0.07769981 0.05741591 0.01585120 0.01773920 0.01505520 0.02724680 0.17074403 0.09171342 0.00306517 0.01047760 0.08026251
68 0.04467939 0.02920219 0.08081188 0.27181894 0.00387734 0.04973579 0.25211794 0.04819639 0.01701250 0.01254110 0.01196870 0.05637279 0.00701572 0.00174961 0.01046470 0.05158589 0.02931619 0.00063359 0.00825376 0.01264560
69 0.06354756 0.01415289 0.01638709 0.01222129 0.01623529 0.01402379 0.01714119 0.01267239 0.00852631 0.22679385 0.14002590 0.01512569 0.04326707 0.02711658 0.01472239 0.04756567 0.07621865 0.00315126 0.01522129 0.21588385
70 0.06765627 0.04346548 0.05607807 0.15694093 0.00864569 0.06971887 0.19688791 0.03819238 0.02349229 0.02407609 0.04749368 0.05959687 0.01757509 0.00609331 0.01545529 0.06437257 0.06825917 0.00178997 0.01173779 0.02247229
71 0.03901392 0.01157261 0.00827570 0.00425671 0.01005950 0.01193431 0.01059410 0.00752347 0.00850117 0.18945609 0.28784214 0.01363351 0.09749735 0.05786483 0.00578660 0.02311841 0.04288862 0.00398338 0.01837251 0.14782507
72 0.04981301 0.00312786 0.00522566 0.00188561 0.01044370 0.00354114 0.00290465 0.00580664 0.00193415 0.31456604 0.15220002 0.00158434 0.02519500 0.02294660 0.00336200 0.01203310 0.03311000 0.00088518 0.00601623 0.34341905
73 0.22342121 0.03269393 0.02981833 0.06691326 0.02182742 0.04217514 0.11773811 0.06603116 0.01760982 0.02398692 0.03657033 0.03965944 0.01287491 0.00769402 0.03685874 0.10766810 0.06285306 0.00265075 0.00925040 0.04170494
74 0.10849404 0.03224741 0.04148132 0.03279841 0.02132141 0.03216701 0.04456302 0.03409391 0.02020161 0.06095212 0.06296183 0.04265132 0.02596121 0.02113781 0.03341251 0.13927006 0.15291806 0.00438489 0.01695541 0.07202663
75 0.07050860 0.04519860 0.04338290 0.10506999 0.00915495 0.06580290 0.19866299 0.03493510 0.02546360 0.02986360 0.03123190 0.07630990 0.01936120 0.00848849 0.02473920 0.06685040 0.09254260 0.00332391 0.01484340 0.03426580
76 0.13424599 0.05092490 0.03002150 0.05540680 0.01522730 0.06839110 0.13395099 0.03861090 0.02467150 0.04470390 0.10290599 0.05833680 0.02352320 0.01407200 0.02068600 0.07062700 0.05714930 0.00318975 0.01173780 0.04161730
77 0.25340309 0.02328871 0.02150301 0.02694471 0.02843361 0.02261791 0.03257391 0.09188073 0.01188810 0.04573852 0.05518802 0.02500871 0.01608121 0.01689161 0.03789651 0.14021705 0.06749682 0.00315293 0.01281620 0.06697862
78 0.05025450 0.00454693 0.00605243 0.00256314 0.01084100 0.00435329 0.00404800 0.00621873 0.00296048 0.30004900 0.16437800 0.00283629 0.03046000 0.02650510 0.00413893 0.01446130 0.03456880 0.00134722 0.00764385 0.32177300
79 0.04684521 0.01613580 0.01166110 0.00667508 0.01020570 0.01463530 0.01200560 0.01220690 0.01198950 0.15047103 0.33366506 0.01510550 0.07716931 0.07106531 0.00959868 0.02519410 0.03085611 0.00628005 0.02051160 0.11772302
80 0.19606601 0.02167180 0.03264820 0.03189560 0.01933180 0.02113940 0.02700380 0.24492101 0.01158180 0.01316640 0.02041880 0.02429330 0.01249860 0.01197870 0.02327060 0.20432801 0.04155290 0.00368596 0.01399670 0.02455060
81 0.17597596 0.01957680 0.04571289 0.03139219 0.08633368 0.02346169 0.02129889 0.05588059 0.01713580 0.03854459 0.04044249 0.02325579 0.01631280 0.01690790 0.02266759 0.19809195 0.08896568 0.00448044 0.01934270 0.05421959
82 0.04913977 0.01009751 0.00873351 0.00396944 0.01051911 0.01020181 0.00872932 0.00748330 0.00694091 0.22554631 0.24818334 0.00971386 0.05960708 0.04496066 0.00640125 0.02219253 0.04327446 0.00310632 0.01191322 0.20928628
83 0.11994900 0.01197290 0.04817860 0.01498480 0.02081560 0.01889750 0.01352760 0.01900420 0.01323580 0.02082320 0.02417050 0.01432790 0.01112540 0.00992948 0.01281970 0.31350800 0.27315100 0.00110200 0.00559761 0.03287920
84 0.25380601 0.02305570 0.02212580 0.02813230 0.02851500 0.02237120 0.03341680 0.09067290 0.01198690 0.04477210 0.05576560 0.02433490 0.01607350 0.01688940 0.03747400 0.14135800 0.06774640 0.00293878 0.01284230 0.06572240
85 0.04313482 0.00632696 0.00545427 0.00121550 0.00815581 0.00447229 0.00339097 0.00491999 0.00495744 0.24535510 0.27393812 0.00424912 0.05704742 0.04792412 0.00360263 0.01206691 0.02811281 0.00269614 0.00854246 0.23443710
86 0.17277002 0.02364900 0.01580550 0.01558410 0.01791850 0.02043330 0.03063330 0.03297940 0.00964219 0.08979891 0.05724861 0.02064560 0.01865610 0.01239170 0.19152702 0.08830291 0.08979901 0.00499281 0.00946931 0.07775271
87 0.15412198 0.03935019 0.03129990 0.03052720 0.01712920 0.03029540 0.02397010 0.13154798 0.01493910 0.01745190 0.02478940 0.03386120 0.01137550 0.01166110 0.16565698 0.16728498 0.04812819 0.00607973 0.01393870 0.02659130
88 0.26128892 0.02544889 0.01460650 0.01750039 0.01869499 0.02418819 0.02681339 0.05184428 0.00940811 0.02315599 0.02665689 0.02107879 0.01565360 0.00814754 0.20504194 0.11253597 0.07824208 0.00345895 0.00674870 0.04948589
89 0.13091514 0.01787502 0.04654685 0.02262952 0.02392193 0.02299412 0.02417713 0.02792973 0.01526092 0.02854393 0.02984673 0.02297482 0.01497022 0.01131831 0.02299492 0.25773828 0.22690425 0.00211326 0.00851727 0.04182765
90 0.03958768 0.00970008 0.00668373 0.00181727 0.00771191 0.00717953 0.00541909 0.00548310 0.00755183 0.19672793 0.33956787 0.00752012 0.07655557 0.06357388 0.00487413 0.01408999 0.02730249 0.00417909 0.01172480 0.16274994
91 0.10551801 0.03714930 0.04954211 0.08752811 0.01802150 0.04308851 0.12389101 0.06158891 0.01797320 0.02181600 0.02790000 0.05014121 0.01952490 0.00965422 0.02702020 0.17587102 0.07403661 0.00357256 0.01533320 0.03082940
92 0.28408707 0.01555940 0.01531180 0.01869530 0.02071680 0.01489410 0.02019470 0.28057406 0.00715485 0.01337460 0.01973330 0.01573760 0.00909242 0.00738128 0.02157090 0.16220404 0.03412281 0.00185401 0.00919161 0.02854931
93 0.06701434 0.01349171 0.01303661 0.01008581 0.01466851 0.01075591 0.01317821 0.01495521 0.00733407 0.23433716 0.15210610 0.01503471 0.03240782 0.03192742 0.01055961 0.03300052 0.04366643 0.00283956 0.01400611 0.26559418
94 0.04555880 0.12420200 0.04577810 0.05621270 0.00659012 0.06416680 0.13571500 0.03064080 0.02436410 0.01945760 0.02825310 0.22240100 0.02049370 0.00918913 0.00957165 0.05111520 0.05827480 0.00261458 0.01062300 0.03477780
95 0.02937802 0.00744547 0.00677187 0.00359797 0.01037041 0.00885679 0.00398209 0.00626971 0.02746641 0.08580045 0.26134714 0.00662501 0.06071243 0.20824211 0.00414426 0.01633821 0.02069481 0.02221771 0.14810708 0.06163203
96 0.13069201 0.03218690 0.04563661 0.03954010 0.02413300 0.02770520 0.04547511 0.15547402 0.02182260 0.02924390 0.03528560 0.04111920 0.01624020 0.01288220 0.03456420 0.13035901 0.11914101 0.00370329 0.01172600 0.04306980
97 0.27414896 0.01434870 0.02543770 0.02238470 0.03054590 0.01800940 0.02076020 0.09876809 0.00907836 0.02258530 0.02941810 0.01715750 0.01075010 0.01198130 0.02592070 0.22635497 0.08915579 0.00188855 0.00943164 0.04187409
98 0.06001167 0.03286748 0.04928168 0.15256693 0.01047789 0.04238538 0.10121695 0.04011278 0.01641049 0.01636989 0.02735899 0.03946188 0.01112299 0.01240979 0.22326889 0.08859526 0.03943218 0.00520929 0.01128639 0.02015319
99 0.06035588 0.10037996 0.05762238 0.12961295 0.01490139 0.05926648 0.11918295 0.04368448 0.02527369 0.06074468 0.03333579 0.07052087 0.01383099 0.00933066 0.02121719 0.07082307 0.05631268 0.00392593 0.01376739 0.03591059
100 0.04636700 0.01605630 0.01094430 0.00665790 0.01016700 0.01468670 0.01197720 0.01229290 0.01183010 0.15133400 0.33311499 0.01540090 0.07750050 0.07221780 0.00931316 0.02427820 0.03061140 0.00650026 0.02064540 0.11810400
101 0.15057191 0.03279678 0.04693417 0.03886918 0.02573979 0.03178838 0.03652568 0.07638756 0.01730839 0.03054328 0.03866238 0.03682618 0.01726149 0.01653179 0.03432638 0.20750988 0.09704274 0.00477058 0.01715079 0.04245268
102 0.12382504 0.01952771 0.01776691 0.01774351 0.02024851 0.01734471 0.03615221 0.03202761 0.01775351 0.08166852 0.10603003 0.03296401 0.02960681 0.06175972 0.03950471 0.06679322 0.05622022 0.05415162 0.04489541 0.12401604
103 0.21587617 0.01729221 0.02026072 0.01704141 0.01392551 0.01345101 0.01984182 0.42578334 0.00710094 0.00931312 0.01692801 0.01569551 0.00922847 0.00646962 0.01377111 0.12343610 0.02300152 0.00195331 0.00870689 0.02092322
104 0.03802948 0.01144219 0.01239189 0.00898643 0.01291879 0.01265719 0.00857499 0.01448919 0.03574398 0.07111167 0.15542093 0.01272989 0.03703278 0.22099789 0.00918246 0.03020719 0.02610879 0.03212088 0.18450191 0.06535147
105 0.20677797 0.01214640 0.01660570 0.01704820 0.03294459 0.01099850 0.02045620 0.02908290 0.00767576 0.09956918 0.06927289 0.01526350 0.01878850 0.01577460 0.03133219 0.11636798 0.11484898 0.00230916 0.00833484 0.15440198
106 0.04093836 0.01195132 0.01198452 0.00886755 0.02050703 0.01444532 0.01415552 0.01113792 0.02362864 0.16627025 0.14836323 0.01175032 0.05072308 0.11277017 0.00947374 0.03244335 0.04348777 0.01554852 0.11629518 0.13525821
107 0.10678402 0.06677551 0.03526891 0.03081030 0.01591690 0.05084881 0.07085811 0.03321170 0.02398500 0.03046560 0.04115051 0.13040702 0.02199640 0.01877450 0.02558150 0.08522281 0.11165002 0.00580445 0.05075741 0.04373051
108 0.03820254 0.00848470 0.00570580 0.00144698 0.00767213 0.00604585 0.00528484 0.00494198 0.00706727 0.20627819 0.31103129 0.00668435 0.07928467 0.06613286 0.00365071 0.01396711 0.03075593 0.00377092 0.01470871 0.17888317
109 0.05414640 0.03532860 0.10272201 0.17318601 0.01356960 0.04999960 0.12678501 0.05064840 0.02075030 0.02135870 0.03051630 0.05761990 0.04915420 0.00898166 0.01643370 0.09449561 0.05373860 0.00278556 0.01266660 0.02511320
110 0.02635831 0.33626210 0.05424562 0.01745601 0.00906655 0.05665152 0.02705551 0.01969471 0.03005861 0.00644727 0.01273890 0.28516509 0.01353710 0.00426549 0.00336060 0.04337841 0.02027051 0.00064688 0.01535620 0.01798461
111 0.06337299 0.04795509 0.05590009 0.15686397 0.00789639 0.06489639 0.21671796 0.04816189 0.02429040 0.02488040 0.02972709 0.06862019 0.01472490 0.00732316 0.01920300 0.05913259 0.04873529 0.00280822 0.01278510 0.02600490
112 0.13541098 0.02983840 0.03928109 0.03738000 0.01567560 0.04955999 0.03401630 0.29859696 0.01805750 0.01010060 0.02235140 0.03185090 0.01414260 0.00995943 0.02461290 0.16342998 0.02782160 0.00379520 0.01522820 0.01889040
113 0.02292730 0.00315096 0.01627750 0.00488087 0.01310180 0.01360840 0.00188202 0.00742495 0.07027920 0.02464100 0.06440980 0.00363799 0.01132190 0.31127802 0.00350634 0.02036780 0.01576880 0.02749060 0.33447402 0.02957070
114 0.29146029 0.01428631 0.01568422 0.02550702 0.05374285 0.01350441 0.01929262 0.17662917 0.00975279 0.02190802 0.02993043 0.01303991 0.01012971 0.00956299 0.01929892 0.16221616 0.05608655 0.00200950 0.00866997 0.04728815
115 0.15013098 0.03388720 0.04777449 0.03893200 0.02586440 0.03115070 0.03646650 0.07444649 0.01716590 0.03022630 0.03916860 0.03726280 0.01735250 0.01733200 0.03329460 0.20752898 0.09778669 0.00493451 0.01720840 0.04208600
116 0.03552910 0.01901060 0.02566040 0.01501260 0.01805040 0.02466040 0.01534150 0.01942280 0.06013330 0.03730090 0.07204380 0.01791790 0.01905200 0.22267800 0.01017610 0.03794640 0.02628580 0.02852800 0.25592500 0.03932500
117 0.04036782 0.26025711 0.04300642 0.02683551 0.00867710 0.09270334 0.05992603 0.02706921 0.03803382 0.01754821 0.03246211 0.19951109 0.01358861 0.00552130 0.01261001 0.04935882 0.03695362 0.00122667 0.01550091 0.01884231
118 0.02615883 0.00368675 0.00678620 0.00431056 0.01203621 0.00981079 0.00216754 0.00664516 0.04674665 0.04105845 0.11554113 0.00407575 0.02315523 0.30477835 0.00326643 0.01758652 0.01675102 0.02915963 0.28670733 0.03957145
119 0.05863008 0.01928659 0.01707419 0.00945192 0.01225340 0.02105449 0.01744859 0.01383790 0.01339680 0.13638896 0.28274591 0.02143599 0.07060358 0.05748688 0.01233320 0.04316439 0.06023608 0.00482139 0.01645369 0.11189597
120 0.14298117 0.01691802 0.01363742 0.01377992 0.02276973 0.01541812 0.01825492 0.05364437 0.00965039 0.15625719 0.16829921 0.01537072 0.03487704 0.02798143 0.01372892 0.06630398 0.04626476 0.00391760 0.01139491 0.14855018
121 0.04569444 0.00657500 0.00594109 0.00171687 0.00885140 0.00496528 0.00388319 0.00554067 0.00517467 0.24544523 0.26141525 0.00481437 0.05395065 0.04597634 0.00432085 0.01329011 0.02943803 0.00267843 0.00903688 0.24129123
122 0.03521189 0.31652192 0.04337419 0.02000419 0.00949627 0.06719718 0.03694039 0.03362899 0.05619879 0.01187010 0.02171249 0.21254194 0.01182790 0.00516258 0.00882469 0.04501599 0.02781849 0.00142902 0.01820730 0.01701570
123 0.03988002 0.01414681 0.01013971 0.00615829 0.01041801 0.01886971 0.01360571 0.00972853 0.01034201 0.13857708 0.32448318 0.01859211 0.11109606 0.06723764 0.00802114 0.02800972 0.05065883 0.00430729 0.01774811 0.09798005
124 0.07445335 0.03869353 0.04431643 0.10406007 0.00982194 0.05806454 0.18890412 0.03590182 0.02175621 0.02564312 0.02672472 0.06888354 0.01960741 0.00743060 0.02191471 0.10309807 0.10091507 0.00295282 0.01465661 0.03220132
125 0.05946562 0.02124891 0.07426843 0.02436581 0.00803329 0.01320301 0.03538551 0.57133023 0.01590231 0.00512055 0.01708431 0.03084531 0.01172930 0.00673210 0.00627538 0.05743492 0.02013641 0.00165636 0.00504451 0.01473771
126 0.14216018 0.03536584 0.03039814 0.02523393 0.01902492 0.02749453 0.03354774 0.08398541 0.01706972 0.02853994 0.02903654 0.03598235 0.01326702 0.00922623 0.19508525 0.10976114 0.11166514 0.00551744 0.00957669 0.03806185
127 0.04125002 0.00970980 0.00719731 0.00348783 0.00991597 0.00954797 0.00864680 0.00688376 0.00726136 0.21393212 0.26966715 0.01035911 0.08318975 0.05200303 0.00537301 0.02047141 0.04083712 0.00365146 0.01663391 0.17998110
128 0.06768752 0.01335620 0.01259250 0.01018740 0.01458651 0.01048990 0.01376300 0.01513221 0.00738705 0.23314508 0.15255505 0.01493061 0.03248671 0.03213791 0.01102430 0.03392851 0.04418322 0.00279419 0.01394001 0.26369209
129 0.06550870 0.08850960 0.05217440 0.05741510 0.01314470 0.11061400 0.09619140 0.04067260 0.04279470 0.03240030 0.05639950 0.08863910 0.02174690 0.01582450 0.02852210 0.07411120 0.05391270 0.00397721 0.02660020 0.03084110
130 0.05600558 0.14134894 0.05275858 0.04505458 0.01108170 0.09562636 0.07645387 0.03529279 0.02760509 0.02056429 0.03690069 0.16615894 0.01745469 0.00777009 0.02499399 0.09659876 0.04964178 0.00306110 0.01428309 0.02134509
131 0.05982424 0.03444702 0.07920885 0.22946914 0.01065511 0.04537863 0.18550512 0.05376013 0.01994201 0.01966381 0.02064201 0.04844933 0.01129691 0.00813515 0.02236561 0.07114434 0.04109903 0.00287374 0.01269101 0.02344881
132 0.06460435 0.03648407 0.07732874 0.04294027 0.01934958 0.02622098 0.03663337 0.03210257 0.02293648 0.12134490 0.08659603 0.04558066 0.02382288 0.02214358 0.01670169 0.06902824 0.06305585 0.00415650 0.01639039 0.17257886
133 0.02899102 0.32256720 0.05229773 0.01952621 0.00896531 0.05975334 0.03273122 0.02256261 0.03110862 0.00833192 0.01608611 0.27095517 0.01356871 0.00481409 0.00561248 0.04457473 0.02312701 0.00087590 0.01520281 0.01834781
134 0.04668943 0.01581901 0.01179541 0.00700070 0.01037881 0.01487711 0.01260671 0.01233921 0.01176501 0.14950508 0.33611218 0.01514241 0.07805224 0.07119394 0.00992476 0.02489431 0.03045442 0.00639321 0.01952301 0.11553306
135 0.06910171 0.07178811 0.05506001 0.04045780 0.01073960 0.03067890 0.05500801 0.33968603 0.02108020 0.01073180 0.02510340 0.09747071 0.01458390 0.00874703 0.01791650 0.07113191 0.03101940 0.00339579 0.00914858 0.01715060
136 0.06243257 0.08413746 0.04514198 0.03137798 0.01291419 0.05558287 0.07946386 0.03101838 0.02253029 0.03032818 0.04049328 0.17343791 0.02563079 0.01331139 0.02402049 0.07920796 0.12851293 0.00405791 0.01342909 0.04297048
137 0.04677647 0.02500048 0.08265385 0.27846083 0.00468531 0.04783387 0.25534685 0.04689407 0.01693999 0.01327989 0.01194139 0.04443237 0.00720800 0.00204844 0.01099319 0.05157817 0.02973178 0.00072922 0.00875262 0.01471319
138 0.03652731 0.01059860 0.01299980 0.00856968 0.02098250 0.01560940 0.01252220 0.01130090 0.03654621 0.11059702 0.11790002 0.01057050 0.03891481 0.17847703 0.00895334 0.03219971 0.03629341 0.02171690 0.19133303 0.08738762
139 0.13566700 0.01742070 0.04928410 0.02356540 0.02511610 0.02323390 0.02211980 0.03242600 0.01527250 0.02614630 0.02968900 0.02232100 0.01385980 0.01160740 0.02132740 0.27010801 0.21041401 0.00212644 0.00860193 0.03969320
140 0.03850522 0.23260511 0.03944962 0.01892311 0.00891389 0.08600894 0.05678133 0.02566241 0.03084502 0.02121331 0.05652833 0.22801811 0.01864911 0.00768919 0.00974597 0.04077482 0.04299842 0.00133676 0.01186971 0.02348161
141 0.05331911 0.04252711 0.03206961 0.08279882 0.01340840 0.07096881 0.20890404 0.02610981 0.02614741 0.07357202 0.03815741 0.04900431 0.03042141 0.01597640 0.01944400 0.05581661 0.06330971 0.00596909 0.04980201 0.04227391
142 0.05011568 0.01165690 0.00978730 0.00616269 0.01550149 0.02212569 0.01181720 0.00888972 0.00624145 0.26640489 0.13912594 0.00923621 0.03256569 0.02414949 0.00741270 0.02319559 0.04026178 0.00179735 0.01260439 0.30094787
143 0.05126557 0.06138937 0.06916826 0.17572691 0.00998618 0.04507248 0.15059492 0.11623294 0.02260049 0.01417579 0.02044699 0.09208295 0.01106399 0.00621336 0.01819429 0.07365886 0.03291448 0.00330868 0.01081669 0.01508679
144 0.15000311 0.03313503 0.04824644 0.03984433 0.02547422 0.03121922 0.03566003 0.07646256 0.01753881 0.02973002 0.03772823 0.03645213 0.01642801 0.01742921 0.03408873 0.20973616 0.09692387 0.00490634 0.01798071 0.04101283
145 0.04845740 0.02914620 0.07992161 0.25891003 0.00620302 0.04414810 0.23477202 0.07678491 0.01924010 0.01226440 0.01304930 0.04727640 0.00805301 0.00224476 0.00999745 0.05778221 0.02894570 0.00088823 0.00841753 0.01349760
146 0.13840706 0.06497993 0.04010542 0.04929352 0.01439671 0.10450204 0.09363084 0.05139112 0.03100841 0.02917091 0.05165842 0.06647833 0.01759411 0.01107010 0.03608012 0.09115964 0.05704352 0.00283737 0.01792011 0.03127231
147 0.04766842 0.16761608 0.04461902 0.03934922 0.00875408 0.10849905 0.08730514 0.02786851 0.03231122 0.02368411 0.04429332 0.18842409 0.01824531 0.00709779 0.01584791 0.05286763 0.04787062 0.00187143 0.01415321 0.02165381
148 0.13593194 0.02444999 0.01835859 0.02030759 0.01275109 0.03142739 0.02991529 0.02668269 0.01251729 0.03208229 0.03747248 0.02492389 0.03961348 0.01039190 0.30452487 0.08157207 0.10667096 0.00507329 0.00815683 0.03717608
149 0.05828779 0.06353069 0.02961810 0.03231930 0.01314380 0.10676799 0.09099069 0.02230660 0.03253280 0.10246899 0.10134099 0.06753519 0.03507360 0.02054340 0.01896260 0.05431840 0.05781009 0.00347359 0.01923440 0.06974099
150 0.03822490 0.01110300 0.01205520 0.00879607 0.01278730 0.01225950 0.00838273 0.01452050 0.03547080 0.07068730 0.15455200 0.01236480 0.03724920 0.22362000 0.00906530 0.02978100 0.02629370 0.03091110 0.18694300 0.06493260
151 0.25246501 0.02306160 0.02196600 0.02803800 0.02860730 0.02243370 0.03312890 0.08975090 0.01225580 0.04595220 0.05563550 0.02394050 0.01619300 0.01716570 0.03741560 0.14045600 0.06786810 0.00335057 0.01278050 0.06753510
152 0.02762481 0.00496624 0.00983041 0.00599285 0.01504221 0.01347670 0.00364291 0.00872852 0.05145042 0.03309291 0.08957703 0.00540876 0.01782161 0.30075311 0.00432606 0.02150881 0.01809091 0.02845361 0.30504911 0.03516301
153 0.05158368 0.03024109 0.07730716 0.24822088 0.00650164 0.04910008 0.22899489 0.05205798 0.01695709 0.01424609 0.01505999 0.04781998 0.01057650 0.00298031 0.01331699 0.07297777 0.03491258 0.00113672 0.01038520 0.01562339
154 0.11826203 0.02859311 0.06889892 0.19498904 0.01705530 0.03996511 0.15213303 0.05749481 0.01888960 0.02106870 0.02501071 0.03872091 0.01138360 0.00988783 0.02047490 0.08624282 0.04831091 0.00214085 0.01022050 0.03025731
155 0.10922202 0.02945120 0.03018300 0.03446971 0.02072060 0.02237880 0.03597501 0.16224303 0.01675670 0.11158002 0.08086631 0.02887400 0.02442280 0.02191160 0.02061320 0.08296971 0.04766171 0.00662714 0.01589130 0.09718212
156 0.02389041 0.00229970 0.00810353 0.00420775 0.01142620 0.01022560 0.00132319 0.00665813 0.05580192 0.02637601 0.07088302 0.00317474 0.01139750 0.33324212 0.00278001 0.01786841 0.01509791 0.02882731 0.33449212 0.03192441
157 0.21568589 0.09650195 0.02561739 0.02868979 0.01823619 0.04327218 0.05032517 0.07582156 0.02219049 0.02556529 0.04224438 0.05971477 0.01340539 0.01034909 0.05452617 0.10427295 0.05877137 0.00300850 0.01163759 0.04016388
158 0.04870512 0.06328302 0.02505381 0.01785641 0.01104910 0.05265382 0.04302102 0.02566291 0.01958581 0.08003043 0.23569409 0.09491574 0.06005212 0.04247182 0.01955341 0.03919662 0.04547802 0.00475171 0.01437781 0.05660722
159 0.03169731 0.01045740 0.00653030 0.00147069 0.00780884 0.00782592 0.00455521 0.00483266 0.01128090 0.13695102 0.40518907 0.00809315 0.09517832 0.10279902 0.00444815 0.01331640 0.02299550 0.00783811 0.02898540 0.08774661
160 0.04529926 0.00839494 0.00687896 0.00229256 0.00901901 0.00658900 0.00494098 0.00602921 0.00674140 0.21651328 0.29555839 0.00671981 0.06409788 0.05459397 0.00535667 0.01550462 0.02929074 0.00345574 0.01114031 0.20158326
161 0.05502198 0.23226191 0.04876728 0.03384129 0.01230200 0.05596168 0.04448518 0.04426758 0.02956849 0.01799979 0.02498909 0.16812793 0.01409529 0.00852130 0.02913469 0.09532596 0.04129908 0.00301650 0.01710529 0.02390769
162 0.04618309 0.00525179 0.00545836 0.00158397 0.00906360 0.00432043 0.00345201 0.00538197 0.00395683 0.26994294 0.22806295 0.00347527 0.04556319 0.03878959 0.00367063 0.01253230 0.03023129 0.00203547 0.00804138 0.27300294
163 0.03969007 0.00964964 0.00655235 0.00174543 0.00791402 0.00709559 0.00521554 0.00550539 0.00759109 0.19789385 0.33808174 0.00745199 0.07619464 0.06316535 0.00492798 0.01402919 0.02707518 0.00398519 0.01158989 0.16464587
164 0.04216227 0.00682417 0.00573829 0.00217578 0.01026369 0.00635159 0.00464572 0.00582553 0.00821599 0.22595583 0.25039081 0.00519615 0.06220625 0.06292215 0.00408217 0.01587769 0.03324368 0.00459073 0.03268668 0.21064484
165 0.05085293 0.00443588 0.00570402 0.00218395 0.01029091 0.00424682 0.00355819 0.00616216 0.00316439 0.28950717 0.18418611 0.00289313 0.03319762 0.03020782 0.00397555 0.01339671 0.03212442 0.00145760 0.00741142 0.31104318
166 0.02429839 0.00248682 0.00748127 0.00434129 0.01146619 0.01018700 0.00171208 0.00645066 0.05381468 0.02906039 0.07504277 0.00348293 0.01295259 0.33122485 0.00278140 0.01803559 0.01600419 0.02561109 0.32758985 0.03597598
167 0.06405050 0.01087270 0.00844168 0.00577326 0.01245410 0.01078950 0.01085240 0.01044830 0.00728287 0.20688899 0.24084699 0.01059980 0.07311020 0.04536870 0.00924589 0.02953850 0.04365240 0.00352786 0.01471340 0.18154199
168 0.03375258 0.27514982 0.07209015 0.03252608 0.01123539 0.05493336 0.03902768 0.03120438 0.03127628 0.01266679 0.01853249 0.22526486 0.01415529 0.00695137 0.01268129 0.05592756 0.03097608 0.00177397 0.01746269 0.02241189
169 0.02584729 0.00366430 0.00682632 0.00440407 0.01194329 0.00983573 0.00229141 0.00688903 0.04643587 0.04104558 0.11629193 0.00411908 0.02382079 0.30477583 0.00322781 0.01769829 0.01689569 0.03013988 0.28455584 0.03929198
170 0.12668000 0.02776630 0.02267490 0.02332740 0.01340560 0.02558900 0.03387140 0.02997580 0.01195210 0.03512230 0.02995570 0.02810320 0.01462520 0.00865624 0.31319201 0.09043680 0.11641600 0.00541280 0.00824583 0.03459140
171 0.03840388 0.01097269 0.01244189 0.00882169 0.01278869 0.01292629 0.00844572 0.01398389 0.03627158 0.06980496 0.15368090 0.01287729 0.03698218 0.22350286 0.00882458 0.02985138 0.02611088 0.03200508 0.18683088 0.06447266
172 0.02955591 0.32175115 0.05238592 0.01946151 0.00900350 0.05901903 0.03249091 0.02265571 0.03108951 0.00821338 0.01587191 0.27164212 0.01367581 0.00481520 0.00556730 0.04496722 0.02321171 0.00089906 0.01518521 0.01853791
173 0.09917251 0.03542960 0.03103100 0.03740610 0.01182000 0.03323150 0.02251000 0.04103810 0.01235110 0.02048130 0.03037300 0.03050100 0.01187310 0.01215570 0.34115503 0.13592101 0.05621700 0.00581660 0.00907162 0.02244470
174 0.04001910 0.01217660 0.00977393 0.00486797 0.01087750 0.01167560 0.00864154 0.00845610 0.01495060 0.12638000 0.31152399 0.01257370 0.08084650 0.11584100 0.00659649 0.02612700 0.04160080 0.01046550 0.05102410 0.09558200
175 0.04979529 0.00332297 0.00532242 0.00199680 0.01053740 0.00379173 0.00308600 0.00584195 0.00209812 0.31272691 0.15365096 0.00174514 0.02609409 0.02334979 0.00345622 0.01237520 0.03337609 0.00089007 0.00624596 0.34029690
176 0.06193415 0.07074514 0.03908347 0.10609192 0.00528346 0.11973891 0.21289083 0.03105638 0.03088398 0.03070848 0.03921787 0.08102474 0.01386259 0.00564123 0.01521809 0.05172426 0.05124206 0.00143440 0.01315389 0.01906418
177 0.10296502 0.03502431 0.02794751 0.03749761 0.01215210 0.03307021 0.03205411 0.03589121 0.01488660 0.02781971 0.04121061 0.03204581 0.01494140 0.01391830 0.33169207 0.09469952 0.06280421 0.00621440 0.01139950 0.03176581
178 0.04433438 0.02211839 0.01624619 0.00895340 0.01196310 0.01859679 0.02152509 0.01129670 0.00956540 0.21005592 0.18206293 0.04601568 0.05593018 0.03610839 0.00910273 0.03018879 0.05113728 0.00453184 0.01457189 0.19569493
179 0.05435146 0.00364568 0.00548550 0.00233427 0.01117209 0.00377679 0.00338577 0.00630149 0.00231802 0.30649376 0.15624388 0.00192994 0.02693748 0.02380818 0.00379783 0.01441759 0.03437237 0.00105194 0.00652723 0.33164874
