1 0.36387217 0.00580862 0.01312751 0.01541221 0.06556593 0.01282591 0.01545721 0.08295654 0.00484319 0.02537351 0.01971041 0.01230471 0.01189471 0.00953344 0.02996911 0.20799110 0.05781373 0.00143894 0.00359963 0.04050142
2 0.25058389 0.02176769 0.02482599 0.02697249 0.02977659 0.02370929 0.03749188 0.08302936 0.01074630 0.04597688 0.05469058 0.02906499 0.01992829 0.01984069 0.03828288 0.14335794 0.06375917 0.00376163 0.01299609 0.05943737
3 0.30122883 0.01188929 0.02598479 0.01696749 0.03332198 0.01959119 0.02707188 0.07719996 0.00699990 0.02299229 0.02044659 0.02146649 0.01256499 0.01074749 0.03532488 0.22296188 0.09034635 0.00238846 0.00551820 0.03498708
4 0.06131891 0.01680070 0.01339270 0.01082930 0.01388740 0.01264490 0.01710760 0.01756100 0.00850414 0.22595303 0.15311302 0.01814220 0.03652421 0.03506861 0.01283860 0.03580171 0.04127621 0.00286501 0.01359170 0.25277904
5 0.05766872 0.01051570 0.00535922 0.00349441 0.01438440 0.00801214 0.00970305 0.01071370 0.00687702 0.20072906 0.29847009 0.00897949 0.07172262 0.04689831 0.00717930 0.02073501 0.02775871 0.00401216 0.00999280 0.17679405
6 0.06086832 0.19259705 0.04424131 0.02797391 0.01104760 0.06137402 0.04674671 0.02524441 0.02464831 0.01877890 0.03897231 0.13367403 0.02122551 0.01330960 0.02269441 0.08399562 0.11657203 0.00319645 0.01546440 0.03737511
7 0.16301893 0.02825339 0.04751638 0.03679338 0.02644739 0.03324499 0.04218758 0.07304697 0.01413159 0.03458529 0.03598629 0.04025238 0.01724069 0.01747899 0.03424379 0.19586692 0.10064396 0.00461301 0.01356259 0.04088548
8 0.05322484 0.17789513 0.05085824 0.04590383 0.01074151 0.06228914 0.06974705 0.03562503 0.02965212 0.02201552 0.04488173 0.17798713 0.02025921 0.01275941 0.02564712 0.05932824 0.04571463 0.00413938 0.01752391 0.03380682
9 0.06954346 0.05203885 0.06500986 0.13899012 0.00815785 0.06151995 0.20386518 0.04771014 0.02494982 0.02496272 0.02972823 0.07349507 0.01115031 0.01121901 0.02402652 0.06374086 0.04395324 0.00283507 0.01364951 0.02945423
10 0.14155599 0.01937300 0.05105350 0.02113760 0.02009080 0.02713780 0.03601880 0.03342820 0.00907329 0.02569220 0.02126320 0.02732910 0.01221070 0.01349750 0.02047480 0.26456899 0.21230199 0.00254029 0.00801957 0.03323270
11 0.07544786 0.14992693 0.04580448 0.03594498 0.01537909 0.05358697 0.04587918 0.04537198 0.02066559 0.02193729 0.03040099 0.10656095 0.01932729 0.01118149 0.03259558 0.14879593 0.08777546 0.00505188 0.01375349 0.03461258
12 0.04312079 0.00966548 0.00438240 0.00198144 0.01112020 0.00559497 0.00774393 0.00807351 0.00681679 0.21495494 0.30530192 0.00745679 0.07325348 0.04920959 0.00540301 0.01421360 0.02525669 0.00390344 0.01077810 0.19176895
13 0.07674050 0.03651230 0.12461100 0.06066490 0.01583340 0.04594790 0.05120100 0.04082650 0.03326420 0.02354690 0.03466600 0.05912650 0.01200520 0.01014330 0.02782310 0.15173601 0.14932401 0.00207876 0.01180990 0.03213860
14 0.04314722 0.01029450 0.00355443 0.00171836 0.01073040 0.00547766 0.00785956 0.00769295 0.00667779 0.19764508 0.33832414 0.00724167 0.08222773 0.05320382 0.00541244 0.01277601 0.02364331 0.00435724 0.01043860 0.16757707
15 0.03976423 0.01871882 0.01041101 0.00957608 0.02017072 0.02034572 0.01148641 0.01660821 0.03669853 0.05604285 0.14038812 0.02180802 0.05743935 0.18329315 0.01061701 0.02719572 0.03265413 0.02738792 0.20656417 0.05282984
16 0.03652579 0.01252430 0.00823696 0.00554588 0.01570360 0.01203660 0.00904286 0.01265030 0.02945109 0.08025739 0.21751696 0.01440580 0.05127999 0.18107497 0.00781138 0.01903560 0.02759400 0.02303880 0.16880697 0.06746079
17 0.11071601 0.02900300 0.03464570 0.03035450 0.01391800 0.03412140 0.04081020 0.03105150 0.01381370 0.03494980 0.04925520 0.04401710 0.02146850 0.01553570 0.28913802 0.08683181 0.05947700 0.00660953 0.01314320 0.04114010
18 0.06162670 0.03525740 0.01343620 0.01566050 0.01587810 0.02250150 0.01889390 0.01801490 0.01194090 0.12363600 0.24276499 0.03177780 0.08524210 0.06001440 0.01939020 0.04132660 0.03876350 0.00670103 0.02854230 0.10863100
19 0.11691101 0.02362820 0.04840870 0.16838401 0.02618160 0.03710000 0.08887411 0.04492310 0.01365000 0.03111330 0.04859920 0.04056800 0.02770110 0.06809850 0.02832580 0.07657371 0.04432400 0.00881433 0.02205970 0.03576160
20 0.06875022 0.04924251 0.06600101 0.14109603 0.00793604 0.06106491 0.20375004 0.04829201 0.02537181 0.02531401 0.03062551 0.07141192 0.01097640 0.01189850 0.02440041 0.06305661 0.04331921 0.00302324 0.01411510 0.03035451
21 0.07155973 0.02897691 0.08885034 0.18731808 0.02011051 0.03878532 0.12160805 0.05752322 0.02003261 0.02348741 0.02198481 0.04936072 0.01518581 0.01177291 0.02835921 0.11739605 0.05483582 0.00501817 0.01135000 0.02648431
22 0.06156533 0.03671702 0.09127844 0.21027009 0.01179500 0.04285912 0.16745507 0.05718022 0.02259411 0.02040511 0.02163441 0.05792512 0.01115310 0.01223701 0.02349481 0.06904493 0.03971202 0.00453179 0.01331761 0.02482971
23 0.04455371 0.26416206 0.03743641 0.03151051 0.00830629 0.06420121 0.05544741 0.03255651 0.02766531 0.01664360 0.04015281 0.18979104 0.02302351 0.00986153 0.01850850 0.04464801 0.04127171 0.00336446 0.01489850 0.03199691
24 0.03912343 0.01102571 0.01005511 0.00883457 0.01852951 0.01539761 0.01275571 0.01709261 0.03488293 0.09650937 0.13474210 0.01607281 0.03616843 0.17029513 0.01075571 0.02780212 0.03056782 0.02864132 0.19805615 0.08269186
25 0.31922804 0.01022350 0.01503220 0.02006320 0.07125041 0.01767690 0.01897610 0.07490001 0.00738906 0.03666210 0.03656370 0.01632490 0.01580910 0.01513630 0.02974900 0.17168302 0.05834211 0.00288393 0.00921490 0.05289151
26 0.07703015 0.03733378 0.03999348 0.03909308 0.01895299 0.04109028 0.04128968 0.03867948 0.01630009 0.03387758 0.06691066 0.11333193 0.02590988 0.08693475 0.03542728 0.13176692 0.06803646 0.01095759 0.03955588 0.03752808
27 0.05348088 0.17795394 0.05097588 0.04573508 0.01006030 0.06307458 0.07115577 0.03557219 0.02998779 0.02111039 0.04465098 0.17871094 0.01975769 0.01240440 0.02615279 0.05927958 0.04573238 0.00394306 0.01712479 0.03313659
28 0.25103902 0.02140430 0.02516250 0.02598710 0.02953140 0.02410660 0.03721340 0.08116071 0.01100770 0.04508260 0.05503150 0.02881190 0.02060840 0.02000940 0.03845200 0.14518101 0.06447171 0.00381241 0.01355720 0.05836911
29 0.04836368 0.01780669 0.01161270 0.00745367 0.01311860 0.01303680 0.01370450 0.01457940 0.01216810 0.15145195 0.30956690 0.01916009 0.07402148 0.06582558 0.01277670 0.02367339 0.02999839 0.00680675 0.02681869 0.12805596
30 0.04351750 0.01302040 0.00942447 0.01157700 0.01536500 0.01346870 0.01337750 0.01784850 0.02256700 0.07368870 0.16248900 0.01602660 0.04289540 0.21548601 0.01095780 0.03064960 0.03791290 0.02022400 0.15901000 0.07049390
31 0.07634262 0.02967941 0.06132692 0.14144504 0.01206070 0.03684931 0.09090913 0.03181071 0.01554000 0.02524421 0.02871971 0.04918422 0.01679461 0.01444430 0.18699506 0.08744813 0.04447521 0.00773793 0.00992666 0.03306611
32 0.19906700 0.01743720 0.04054750 0.02816220 0.02143070 0.01806950 0.02559010 0.27142800 0.00991075 0.01447540 0.01872270 0.02483480 0.00975920 0.00925261 0.02177370 0.17492000 0.05666340 0.00384225 0.00893909 0.02517390
33 0.09613613 0.01419710 0.00835231 0.00824889 0.01819481 0.01450850 0.01358300 0.01959771 0.00740415 0.15691305 0.23250707 0.01324770 0.07632842 0.04174581 0.01429160 0.04118451 0.03968901 0.00346954 0.01185460 0.16854605
34 0.03881530 0.00461444 0.00623793 0.00138508 0.00885120 0.00489415 0.00559605 0.00772714 0.00582025 0.31953803 0.13570701 0.00631609 0.02722400 0.02585540 0.00300972 0.01667990 0.03120560 0.00118119 0.00552347 0.34381803
35 0.16115407 0.02821851 0.04789852 0.03663782 0.02605461 0.03359302 0.04247552 0.07035043 0.01419651 0.03418902 0.03559942 0.03976142 0.01662061 0.01774881 0.03482652 0.19889609 0.10169805 0.00475475 0.01400361 0.04132272
36 0.09131801 0.02651990 0.11584402 0.06298241 0.01865130 0.04245291 0.05155041 0.06339771 0.02573080 0.02242590 0.02832850 0.05026191 0.01145550 0.00933062 0.02525440 0.20158103 0.11419202 0.00218922 0.01061910 0.02591430
37 0.29769797 0.01021810 0.02689230 0.01525220 0.03288350 0.01869970 0.02596910 0.07330359 0.00658620 0.02232110 0.01843360 0.02064630 0.01165300 0.01020380 0.03379420 0.23753897 0.09718849 0.00224599 0.00520322 0.03326870
38 0.06153261 0.03627061 0.09142072 0.21238105 0.01202490 0.04215411 0.16918304 0.05645771 0.02209171 0.02042420 0.02138351 0.05751921 0.01116010 0.01203530 0.02377581 0.06847382 0.03904171 0.00409706 0.01337230 0.02520051
39 0.31917627 0.00947511 0.01540421 0.01965082 0.07125086 0.01678191 0.01863962 0.07464946 0.00717116 0.03702573 0.03730233 0.01606991 0.01600031 0.01485641 0.03024233 0.17252315 0.05859065 0.00259271 0.00887730 0.05371975
40 0.16252108 0.02849791 0.04635902 0.03603172 0.02568711 0.03320122 0.04290612 0.07036693 0.01402011 0.03484462 0.03513952 0.03990422 0.01643731 0.01726651 0.03550452 0.19827510 0.10260205 0.00494712 0.01365131 0.04183652
41 0.36097206 0.00752072 0.01753910 0.01317830 0.03662361 0.01435260 0.02105150 0.08814451 0.00572371 0.01928010 0.01556480 0.01577090 0.01104830 0.00866676 0.03645021 0.21693503 0.07121921 0.00183166 0.00399919 0.03412771
42 0.33086106 0.00981031 0.02184110 0.01565160 0.03512151 0.01696250 0.02445660 0.08551842 0.00649062 0.02138920 0.01866400 0.01893540 0.01213580 0.00997324 0.03616371 0.21483504 0.07855431 0.00209908 0.00517737 0.03535911
43 0.16160904 0.01350110 0.01685320 0.01944530 0.07058852 0.02098680 0.01876920 0.03206221 0.01063390 0.08909582 0.16668304 0.01898430 0.04003181 0.03887071 0.01703350 0.09064762 0.05260741 0.00527808 0.02074000 0.09557842
44 0.10998310 0.03622033 0.04562204 0.03066343 0.01893552 0.03380713 0.04259944 0.03778853 0.01547851 0.05364275 0.06120856 0.04283344 0.02225212 0.02938743 0.03149993 0.14528613 0.15346214 0.00420790 0.01956212 0.06555946
45 0.04079663 0.00512155 0.00646738 0.00175801 0.00934284 0.00524219 0.00617357 0.00827146 0.00584817 0.31091220 0.14155509 0.00665419 0.02907382 0.02712252 0.00379477 0.01791231 0.03164542 0.00134452 0.00596214 0.33500121
46 0.06153993 0.03583722 0.09122224 0.21252510 0.01217431 0.04253132 0.16847908 0.05570583 0.02234401 0.02074421 0.02141161 0.05730313 0.01147741 0.01226091 0.02345281 0.06916133 0.03911402 0.00434233 0.01338821 0.02498501
47 0.03299949 0.33384090 0.03294819 0.01836389 0.00585626 0.06970128 0.05196878 0.01506910 0.02906799 0.00335710 0.02311869 0.24851692 0.02224429 0.00208565 0.00986305 0.03150899 0.03293749 0.00103255 0.01178270 0.02373669
48 0.07003730 0.16771001 0.04634100 0.03722200 0.01456050 0.05620930 0.04774270 0.04594020 0.02232530 0.02008790 0.03194900 0.12027100 0.01995610 0.01058670 0.03145410 0.12665001 0.07811300 0.00502786 0.01391470 0.03390130
49 0.05671756 0.10152294 0.04166527 0.04167847 0.01055819 0.07013216 0.11316993 0.02953988 0.02533708 0.03489718 0.11766692 0.14417491 0.02150209 0.01945779 0.02494928 0.05124277 0.04051277 0.00406244 0.01443539 0.03677698
50 0.06688901 0.12763202 0.05968411 0.03129381 0.01226290 0.05453011 0.05082801 0.02856371 0.02760230 0.02064160 0.04204951 0.15474803 0.01952390 0.01324440 0.02493330 0.09566102 0.11820402 0.00311012 0.01445820 0.03413991
51 0.16348513 0.02753632 0.04664044 0.03563153 0.02639002 0.03282063 0.04210263 0.07138346 0.01445061 0.03514673 0.03568093 0.03893893 0.01684711 0.01669031 0.03500443 0.19803816 0.10273008 0.00490410 0.01337721 0.04220123
52 0.03288709 0.33366095 0.03325899 0.01856590 0.00597677 0.06947499 0.05172989 0.01528940 0.02912370 0.00332805 0.02324540 0.24881796 0.02212700 0.00197379 0.00970860 0.03141659 0.03277839 0.00113065 0.01177500 0.02373090
53 0.05136514 0.01073421 0.01075551 0.00942584 0.01370881 0.01050151 0.01473021 0.01325101 0.00838494 0.24144918 0.18847314 0.01272301 0.04451213 0.03943533 0.01124651 0.03040642 0.03507133 0.00442049 0.01403211 0.23537318
54 0.16112101 0.02789820 0.04772540 0.03715490 0.02628440 0.03266040 0.04202280 0.07009481 0.01428570 0.03579160 0.03662460 0.03990610 0.01689930 0.01796300 0.03447840 0.19706702 0.10094801 0.00477852 0.01386290 0.04243290
55 0.03546800 0.30121400 0.03621460 0.03278510 0.00551566 0.07181720 0.07762000 0.01775420 0.02787210 0.00449510 0.02279620 0.23378500 0.02070540 0.00229664 0.00988271 0.03250720 0.03201630 0.00103019 0.01149860 0.02272580
56 0.10060505 0.04806542 0.03561822 0.05092782 0.02224581 0.04759712 0.09403394 0.03658382 0.01323231 0.03371802 0.04530452 0.05816803 0.06203703 0.01940771 0.04164652 0.14932007 0.07909124 0.00583763 0.01416191 0.04239782
57 0.11036387 0.01506448 0.03870705 0.02226517 0.03262836 0.02220157 0.03392706 0.02400917 0.00783078 0.09932078 0.04471955 0.02454437 0.01847598 0.01813248 0.02207677 0.20691375 0.16565580 0.00577589 0.01116389 0.07622321
58 0.19851800 0.02090190 0.04110200 0.08310270 0.02259270 0.02168460 0.06003740 0.25021099 0.01155030 0.01902230 0.02058720 0.02773340 0.01047670 0.01050610 0.01936910 0.10881500 0.03526590 0.00374702 0.00775620 0.02702050
59 0.03692254 0.01314912 0.01103931 0.00920710 0.01622212 0.01569912 0.01362312 0.01769642 0.02825473 0.06120257 0.09794932 0.01833132 0.02966024 0.22108227 0.01046331 0.03921465 0.05832317 0.02582973 0.22272627 0.05340356
60 0.04028025 0.00519722 0.00633573 0.00177013 0.00944012 0.00512675 0.00615240 0.00799122 0.00587831 0.30922862 0.14723382 0.00658267 0.03066166 0.02741547 0.00358894 0.01753358 0.03139546 0.00145010 0.00604396 0.33069359
61 0.04958333 0.01853001 0.01105771 0.00711756 0.01321691 0.01280681 0.01361801 0.01436301 0.01162041 0.15217209 0.30916019 0.01926641 0.07452055 0.06554954 0.01253431 0.02342121 0.02950292 0.00671833 0.02601562 0.12922508
62 0.04200301 0.01069530 0.00180483 0.00106575 0.01048350 0.00447793 0.00718130 0.00674690 0.00608257 0.18084202 0.37827205 0.00526624 0.09559251 0.05689701 0.00421565 0.00995222 0.02139260 0.00449111 0.00959648 0.14294102
63 0.04069712 0.00525786 0.00628978 0.00166652 0.00943645 0.00534266 0.00615980 0.00827357 0.00586374 0.30851114 0.14774107 0.00657101 0.03074901 0.02783701 0.00344528 0.01757321 0.03131161 0.00136526 0.00605772 0.32985015
64 0.06356441 0.02724060 0.08985521 0.23268303 0.00402296 0.04880761 0.25509403 0.04083380 0.02134570 0.01504580 0.01198370 0.05631531 0.00394374 0.00636663 0.01684840 0.04711491 0.02786770 0.00126145 0.01068710 0.01911790
65 0.12044991 0.02515148 0.03909617 0.04332887 0.06686205 0.03270547 0.08162874 0.02987108 0.01160549 0.04109327 0.03821257 0.03360237 0.01860639 0.01559129 0.02552238 0.14822689 0.16418187 0.00399987 0.01123889 0.04902496
66 0.09751537 0.03585919 0.08188708 0.06180218 0.01789059 0.04775879 0.06795668 0.06765618 0.04146489 0.02379319 0.04414539 0.05007668 0.01529630 0.04627169 0.02292089 0.07941238 0.05337528 0.01079000 0.09576807 0.03835919
67 0.17143797 0.01728850 0.08374029 0.03765099 0.02166110 0.03186469 0.04331569 0.06592809 0.01290210 0.02139820 0.02349930 0.03790749 0.01144780 0.00941282 0.02843430 0.22201296 0.12307298 0.00187126 0.00729819 0.02785530
68 0.04829543 0.02463922 0.09217886 0.23112114 0.00279992 0.05382433 0.25047515 0.06701564 0.02660992 0.01299051 0.01001281 0.05846554 0.00339239 0.00547713 0.01159821 0.04769453 0.02572292 0.00103915 0.01057331 0.01607391
69 0.05246253 0.01048801 0.01104351 0.00968721 0.01409151 0.01066691 0.01463201 0.01382461 0.00846741 0.24017012 0.18688309 0.01274831 0.04419312 0.03926862 0.01191331 0.03156942 0.03543272 0.00467218 0.01416531 0.23362012
70 0.06577540 0.02513000 0.07516410 0.18113799 0.02000110 0.04051640 0.18073599 0.03747290 0.01826830 0.04754310 0.02032020 0.04530270 0.01125470 0.00990594 0.02343740 0.07837170 0.07441340 0.00532060 0.01113700 0.02879110
71 0.06141074 0.03540426 0.01292689 0.01594568 0.01568638 0.02273838 0.01905628 0.01859978 0.01182989 0.12216987 0.24174975 0.03162117 0.08655511 0.06035304 0.01972008 0.04195636 0.03876036 0.00704413 0.02888597 0.10758589
72 0.03704170 0.00371180 0.00627262 0.00084011 0.00810111 0.00451544 0.00482887 0.00722628 0.00562432 0.33573804 0.11409201 0.00586049 0.02087570 0.02272920 0.00220624 0.01596320 0.03149270 0.00062369 0.00463041 0.36762605
73 0.19812003 0.02715660 0.04004961 0.07120201 0.01878960 0.04204261 0.13346402 0.05154601 0.01426040 0.02768680 0.03017710 0.04224641 0.01321300 0.01156890 0.04236281 0.11577802 0.06812011 0.00311427 0.00990947 0.03919221
74 0.10916995 0.03738728 0.04634328 0.03005739 0.01887389 0.03454709 0.04386158 0.03789018 0.01579059 0.05256878 0.06030637 0.04338638 0.02235179 0.02878359 0.03209319 0.14564694 0.15363694 0.00391142 0.01883729 0.06455607
75 0.06975020 0.04046730 0.03145130 0.05018070 0.01321240 0.05111650 0.12005700 0.03447510 0.01984340 0.07121770 0.16080001 0.05714950 0.03643470 0.03588980 0.02537570 0.04907540 0.04326330 0.00551516 0.01810870 0.06661610
76 0.08543836 0.08257306 0.05488924 0.10800507 0.00754678 0.06804145 0.18532713 0.03877613 0.02294162 0.01958631 0.02636472 0.11261608 0.01101521 0.00828249 0.02481522 0.06260664 0.04291883 0.00250746 0.01117261 0.02457562
77 0.25007207 0.02261321 0.02512401 0.02667621 0.02996721 0.02435021 0.03696491 0.08133292 0.01074780 0.04565391 0.05448201 0.02930101 0.01993691 0.01952961 0.03848341 0.14436004 0.06500282 0.00397554 0.01272020 0.05870602
78 0.05221957 0.01049881 0.01099301 0.00973033 0.01415652 0.01116481 0.01482122 0.01324492 0.00846374 0.24060331 0.18799224 0.01337192 0.04470166 0.03877685 0.01145321 0.03083564 0.03491214 0.00422299 0.01337182 0.23446530
79 0.05029292 0.01821721 0.01156901 0.00768283 0.01346371 0.01366511 0.01412461 0.01549871 0.01198621 0.15012707 0.30764115 0.01933101 0.07392744 0.06529723 0.01274701 0.02444311 0.03001221 0.00651099 0.02629841 0.12716406
80 0.18636099 0.01798240 0.04250230 0.03053180 0.01985200 0.01755090 0.02572530 0.30109899 0.01035300 0.01411290 0.01948530 0.02528690 0.00927421 0.00940534 0.02142410 0.15938299 0.05064700 0.00406299 0.00979790 0.02516270
81 0.06924118 0.01020800 0.01357830 0.01855839 0.05397728 0.01987759 0.01298140 0.02253469 0.03504499 0.06435618 0.12797896 0.01740229 0.03904309 0.14423396 0.01437610 0.05196128 0.03687379 0.02693729 0.16067795 0.06015728
82 0.04208350 0.01056080 0.00183350 0.00113278 0.01053850 0.00449829 0.00710929 0.00678053 0.00610235 0.18399698 0.37363396 0.00530525 0.09437249 0.05602109 0.00374072 0.01008720 0.02161050 0.00436420 0.00941510 0.14681298
83 0.13016995 0.01938229 0.05095078 0.01850329 0.01783209 0.02609409 0.03663679 0.02784119 0.00800287 0.02450069 0.01956049 0.02626769 0.01060190 0.01298639 0.01759809 0.26749689 0.24423390 0.00215590 0.00711193 0.03207279
84 0.24837801 0.02193750 0.02508910 0.02721300 0.02929690 0.02418860 0.03811260 0.08185130 0.01095460 0.04521310 0.05494720 0.02920330 0.02008800 0.02049260 0.03853150 0.14338101 0.06444540 0.00389194 0.01394240 0.05884190
85 0.04196860 0.00863767 0.00307063 0.00093237 0.01002780 0.00422448 0.00652603 0.00708851 0.00595502 0.22376202 0.30734203 0.00536124 0.07388761 0.04606430 0.00332870 0.01167450 0.02420690 0.00317089 0.00749168 0.20527902
86 0.16953795 0.02145799 0.02412499 0.02088809 0.01948709 0.02927019 0.04325709 0.03004199 0.00897482 0.08670628 0.05593888 0.03152649 0.02218629 0.01666560 0.19523495 0.09969537 0.05472528 0.00765406 0.00831080 0.05431578
87 0.06847858 0.10565297 0.05042688 0.03898899 0.00694958 0.02575059 0.03366599 0.40596987 0.01479120 0.00962296 0.02217999 0.06537378 0.00859584 0.00622070 0.01023150 0.06724118 0.02596939 0.00554965 0.01045960 0.01788079
88 0.26355521 0.01531471 0.02132292 0.01830441 0.02369762 0.02416902 0.03759583 0.05532674 0.00756998 0.02708262 0.02669652 0.02506682 0.01613981 0.01043731 0.17977714 0.14034311 0.05828865 0.00409391 0.00630103 0.03891663
89 0.11142506 0.03709232 0.04649823 0.02968962 0.01950011 0.03355502 0.04263502 0.03729492 0.01585341 0.05273523 0.06092913 0.04313682 0.02203111 0.02834922 0.03190432 0.14554608 0.15407009 0.00391584 0.01847521 0.06536324
90 0.04891727 0.01783799 0.01134689 0.00727708 0.01316619 0.01294429 0.01370769 0.01464719 0.01196459 0.15161590 0.31026580 0.01917229 0.07437655 0.06603356 0.01238579 0.02293309 0.02946598 0.00650537 0.02691558 0.12852092
91 0.07760267 0.02323109 0.04485358 0.09344246 0.01240039 0.05911267 0.18016692 0.09832566 0.02940559 0.06867367 0.04479998 0.04892188 0.01243769 0.01833059 0.02161989 0.06177057 0.04051828 0.00685654 0.01327729 0.04425258
92 0.25130382 0.02199538 0.02463258 0.02662548 0.02977308 0.02388088 0.03733027 0.08110834 0.01075209 0.04505507 0.05455656 0.02909488 0.02019249 0.01982869 0.03847017 0.14526190 0.06492225 0.00383951 0.01323319 0.05814336
93 0.05982569 0.01638450 0.01294650 0.01012880 0.01351900 0.01272450 0.01595100 0.01745620 0.00881899 0.22863995 0.15521096 0.01825030 0.03721679 0.03471779 0.01211460 0.03498189 0.03972599 0.00298075 0.01359990 0.25480594
94 0.04661157 0.16498888 0.05185706 0.08565634 0.00589748 0.07306895 0.15098189 0.03206178 0.02751828 0.01248929 0.02533458 0.17185987 0.01418959 0.00576308 0.01617589 0.04518567 0.03469237 0.00180917 0.01185109 0.02200718
95 0.03225058 0.01300829 0.00447820 0.00539404 0.01087689 0.00790404 0.00860214 0.00887374 0.01431989 0.06968665 0.21055085 0.01106969 0.05050576 0.26335881 0.00462732 0.01904519 0.03483698 0.01495609 0.15259789 0.06305696
96 0.13554303 0.02532361 0.04758311 0.03594711 0.01941440 0.02899871 0.04049721 0.19848704 0.01630850 0.02549741 0.03429861 0.03544001 0.01472800 0.01491400 0.02566241 0.13007803 0.11377302 0.00471610 0.01339410 0.03939561
97 0.18555107 0.01808471 0.04243442 0.03070201 0.02008381 0.01782671 0.02627721 0.29990611 0.01021390 0.01446721 0.01944991 0.02560971 0.00948130 0.00964355 0.02094101 0.15961806 0.05124042 0.00412393 0.00966954 0.02467541
98 0.04963041 0.02714750 0.10053502 0.25155604 0.00321527 0.04586361 0.24766304 0.04122861 0.02229540 0.01344150 0.00959667 0.05755681 0.00351337 0.00573387 0.01512370 0.04783021 0.02728460 0.00118646 0.01119660 0.01840130
99 0.06898547 0.02957399 0.07596797 0.15942993 0.00874262 0.03580118 0.13143794 0.22640890 0.01947899 0.01459009 0.01765319 0.04560948 0.00848483 0.00872606 0.01426879 0.07039797 0.03080659 0.00415051 0.01046300 0.01902249
100 0.04938970 0.01804200 0.01156960 0.00739380 0.01353270 0.01320450 0.01385800 0.01473100 0.01215100 0.15252900 0.30728500 0.01990900 0.07371550 0.06527710 0.01227730 0.02326270 0.02942230 0.00666710 0.02683070 0.12895200
101 0.16054704 0.02877931 0.04756671 0.03621791 0.02579061 0.03318941 0.04193901 0.07349722 0.01440770 0.03473731 0.03509551 0.04034251 0.01659790 0.01677250 0.03594931 0.19718506 0.10088703 0.00477722 0.01361350 0.04210721
102 0.27851009 0.01168230 0.01882251 0.01581871 0.03908661 0.01745541 0.02595941 0.06240242 0.00629690 0.04709542 0.03732641 0.01867571 0.01690421 0.01374560 0.03256871 0.17694906 0.07950523 0.00224913 0.00771104 0.09123513
103 0.10777192 0.02693638 0.05176346 0.03715357 0.01090519 0.01729779 0.03284858 0.43996067 0.01266159 0.01502409 0.02678128 0.02943168 0.00773787 0.01138949 0.01316949 0.08915653 0.02911848 0.00422766 0.01368949 0.02297478
104 0.04406165 0.01299309 0.00959403 0.01186329 0.01514458 0.01364158 0.01381128 0.01869658 0.02269537 0.07303392 0.16141782 0.01608268 0.04279605 0.21478276 0.01147419 0.03052677 0.03791646 0.02001918 0.15907482 0.07037392
105 0.10577397 0.01347510 0.01587350 0.01576820 0.05654309 0.01610330 0.01601320 0.02250189 0.00838055 0.16495796 0.13002597 0.01636010 0.03322959 0.03061719 0.01394150 0.06785448 0.05282879 0.00329261 0.01377310 0.20268595
106 0.04027810 0.00504717 0.00632005 0.00175155 0.00942812 0.00522454 0.00595527 0.00814064 0.00579268 0.30966698 0.14722599 0.00654345 0.03065920 0.02764970 0.00333757 0.01735250 0.03126180 0.00123412 0.00585659 0.33127398
107 0.10221301 0.08061101 0.04096440 0.02781220 0.01538680 0.04803140 0.04637040 0.03377090 0.02447100 0.02503850 0.04801290 0.10887901 0.02143040 0.04248740 0.02222470 0.08315611 0.10229201 0.00733363 0.06996870 0.04954550
108 0.04120310 0.00927826 0.00252024 0.00097959 0.01012110 0.00409093 0.00664274 0.00697391 0.00591614 0.21050902 0.31553503 0.00517577 0.07689891 0.06003011 0.00322601 0.01121570 0.02442630 0.00369881 0.01294030 0.18861802
109 0.06102828 0.03486329 0.01264740 0.01556319 0.01561929 0.02249169 0.01918709 0.01844949 0.01179830 0.12279095 0.24175691 0.03193949 0.08535377 0.06068318 0.02003009 0.04195898 0.03913379 0.00690517 0.02923369 0.10856596
110 0.03541049 0.29904791 0.03738199 0.01871219 0.00687833 0.07120608 0.04918919 0.01507200 0.03091509 0.00757052 0.04340369 0.23442893 0.02111569 0.00454897 0.01478020 0.03418669 0.03626449 0.00179867 0.01282390 0.02526499
111 0.06827482 0.04976354 0.06581533 0.14053984 0.00799605 0.06013473 0.20291077 0.04797545 0.02462557 0.02631087 0.03207496 0.07160272 0.01118739 0.01161339 0.02474037 0.06281583 0.04379065 0.00290636 0.01400228 0.03091907
112 0.11675895 0.02142559 0.05242658 0.02792279 0.01018600 0.00888997 0.01612069 0.51170280 0.00678934 0.00668927 0.01654149 0.02287539 0.00482281 0.00624706 0.01058960 0.10618296 0.02698649 0.00299202 0.00854923 0.01530099
113 0.02798529 0.00852649 0.00661913 0.00466858 0.01666360 0.01129430 0.00592325 0.01283860 0.04036839 0.03043299 0.10724097 0.01250880 0.02744509 0.28759491 0.00685945 0.01745099 0.02834129 0.03307989 0.28280792 0.03135009
114 0.21281909 0.01703391 0.03668132 0.02524411 0.01937621 0.01105110 0.01991251 0.37065116 0.00796492 0.01273581 0.01924181 0.02069161 0.00730998 0.00783289 0.01882121 0.12347805 0.03367731 0.00259508 0.00788991 0.02499201
115 0.16201782 0.02720227 0.04731625 0.03735446 0.02611237 0.03195216 0.04274815 0.07198582 0.01409688 0.03471996 0.03575946 0.03907146 0.01710868 0.01726358 0.03430786 0.19745877 0.10256188 0.00494333 0.01380598 0.04221285
116 0.03816401 0.01780660 0.01716060 0.01442480 0.02114160 0.02356080 0.01800490 0.02632731 0.05251151 0.03438231 0.09143372 0.02433730 0.02599861 0.19113604 0.01238280 0.02884481 0.02850391 0.03661921 0.26213905 0.03512011
117 0.04466520 0.26395902 0.03674470 0.03095300 0.00869130 0.06468470 0.05514050 0.03263010 0.02711910 0.01705940 0.04009910 0.18861601 0.02335560 0.01029190 0.01832580 0.04536410 0.04139260 0.00331433 0.01495840 0.03263510
118 0.02813481 0.00920725 0.00601851 0.00476456 0.01581961 0.01008090 0.00618240 0.01180650 0.03618842 0.03490791 0.12791805 0.01190110 0.03037271 0.28537212 0.00631656 0.01744891 0.02876591 0.03075651 0.26391911 0.03411811
119 0.05020262 0.01732421 0.01116990 0.00726177 0.01320130 0.01315840 0.01367430 0.01543751 0.01184030 0.15230005 0.30964511 0.01881611 0.07429643 0.06501792 0.01218950 0.02394481 0.02993701 0.00643429 0.02548841 0.12866004
120 0.10765896 0.01330069 0.01109580 0.01308919 0.02078829 0.01641309 0.01967119 0.05589148 0.01065190 0.15995593 0.21584391 0.01659289 0.05021388 0.03817998 0.01269299 0.04482608 0.03688498 0.00611091 0.01185390 0.13828394
121 0.04463840 0.00995862 0.00434653 0.00188018 0.01110420 0.00558453 0.00770712 0.00805699 0.00656229 0.20926602 0.30765903 0.00754404 0.07406421 0.04894620 0.00470871 0.01400500 0.02579540 0.00347057 0.00988492 0.19481702
122 0.03321412 0.30436717 0.04309312 0.01976771 0.00669699 0.07512024 0.05109913 0.01631001 0.04411243 0.00408725 0.02791232 0.23635713 0.01860411 0.00216824 0.01255761 0.03283642 0.03558102 0.00134575 0.01326361 0.02150561
123 0.06078350 0.03485710 0.01293570 0.01593310 0.01575440 0.02293160 0.01896860 0.01801400 0.01186510 0.12333301 0.24321202 0.03122910 0.08617551 0.05987750 0.01996710 0.04153150 0.03856540 0.00694213 0.02805560 0.10906801
124 0.11094796 0.02296309 0.05256598 0.06607617 0.01497869 0.03760459 0.12820095 0.03093089 0.01293109 0.02445799 0.02052149 0.03948088 0.01161480 0.01013960 0.02352229 0.18382893 0.16289894 0.00305591 0.00997308 0.03330669
125 0.07402406 0.02345579 0.06662116 0.03147888 0.00488509 0.00763148 0.01681779 0.59340067 0.00724243 0.00361088 0.01571009 0.02412919 0.00251709 0.00464821 0.00561267 0.07825676 0.01918639 0.00211847 0.00803604 0.01061689
126 0.15600297 0.02042770 0.03926889 0.02913269 0.02040160 0.03145949 0.03482019 0.10457498 0.01430010 0.02551989 0.03342589 0.03231499 0.01753480 0.01153660 0.15187997 0.11355198 0.10752798 0.00468161 0.01018150 0.04145619
127 0.05254219 0.01041670 0.01096280 0.00930267 0.01421500 0.01064290 0.01475470 0.01323280 0.00848388 0.23998897 0.18751298 0.01315600 0.04430780 0.03935590 0.01270070 0.03144550 0.03516350 0.00421096 0.01378510 0.23381897
128 0.06168382 0.01656281 0.01292450 0.00989785 0.01383391 0.01283010 0.01623751 0.01759411 0.00845069 0.22639309 0.15479906 0.01786211 0.03711281 0.03479671 0.01294780 0.03560841 0.04019092 0.00300148 0.01378121 0.25349110
129 0.06745922 0.08783772 0.05420161 0.05048531 0.01495850 0.12290203 0.08746072 0.03970571 0.04348891 0.02756051 0.04636941 0.09296202 0.02129821 0.01677840 0.03284131 0.07615682 0.05313821 0.00375786 0.02539131 0.03524621
130 0.06831707 0.08851097 0.05522728 0.05072038 0.01532149 0.12069195 0.08654347 0.03959358 0.04327368 0.02709739 0.04722628 0.09306176 0.02106659 0.01770759 0.03355159 0.07538257 0.05226368 0.00400159 0.02568339 0.03475769
131 0.06111515 0.03719867 0.09101393 0.21153684 0.01191439 0.04302247 0.16811887 0.05623546 0.02213918 0.02082588 0.02158018 0.05788516 0.01132439 0.01196219 0.02341318 0.06876675 0.03907447 0.00451185 0.01321129 0.02514968
132 0.12356210 0.02071372 0.02584752 0.02130922 0.02751532 0.02238422 0.02895772 0.03697273 0.00964131 0.12170310 0.07367186 0.02638932 0.02363232 0.02279722 0.02420172 0.12683911 0.07423106 0.00399127 0.01455401 0.17108514
133 0.04403601 0.26653307 0.03728511 0.02998271 0.00852083 0.06475322 0.05461861 0.03178161 0.02767241 0.01648820 0.04037701 0.19078705 0.02306441 0.00989535 0.01803440 0.04453931 0.04139081 0.00302486 0.01488030 0.03233471
134 0.04954529 0.01770740 0.01152690 0.00753656 0.01342900 0.01321310 0.01415420 0.01512190 0.01206550 0.15182196 0.30763692 0.01906250 0.07395348 0.06507238 0.01260110 0.02390649 0.02946329 0.00678320 0.02644889 0.12894997
135 0.10742407 0.02646202 0.05197653 0.03730632 0.01069291 0.01715301 0.03327992 0.43921429 0.01285411 0.01532631 0.02629322 0.02948952 0.00787226 0.01095611 0.01313281 0.08926766 0.02997782 0.00432289 0.01323101 0.02376722
136 0.13599596 0.02006199 0.05135748 0.02157619 0.01926399 0.02721199 0.03750019 0.03217649 0.00939157 0.02688729 0.02236439 0.02789229 0.01212310 0.01394000 0.01964689 0.25535892 0.22122593 0.00252743 0.00846453 0.03503339
137 0.06097756 0.03596948 0.09114044 0.21263186 0.01162119 0.04267407 0.17082689 0.05624866 0.02211949 0.02032479 0.02116379 0.05762546 0.01095989 0.01178199 0.02423338 0.06879925 0.03894187 0.00432596 0.01293899 0.02469498
138 0.03403811 0.01112420 0.00910114 0.00632594 0.01914960 0.01512380 0.00858497 0.01531730 0.04308431 0.04842601 0.14422003 0.01639920 0.03539061 0.21566704 0.00940867 0.02010310 0.02604510 0.03369641 0.24558204 0.04321241
139 0.16245994 0.02681379 0.04778298 0.03681189 0.02662199 0.03268199 0.04217488 0.07111037 0.01448759 0.03438399 0.03500019 0.03899899 0.01676809 0.01713159 0.03577439 0.19836193 0.10294196 0.00457127 0.01312300 0.04199918
140 0.03587749 0.28415890 0.04015339 0.01900509 0.00709028 0.07120018 0.04857808 0.01473639 0.03168349 0.00905471 0.04921298 0.23466192 0.02066139 0.00470844 0.01607279 0.03615719 0.03707539 0.00167452 0.01263950 0.02559789
141 0.07513068 0.02750979 0.02116470 0.04738439 0.01727930 0.03075929 0.11878898 0.03697329 0.01496560 0.10777598 0.07261539 0.03893789 0.02291850 0.03615539 0.05574609 0.08481628 0.04956419 0.06653699 0.02684449 0.04813279
142 0.04933030 0.00785762 0.00939077 0.00442072 0.01268400 0.02048000 0.01111000 0.01104180 0.00711770 0.28774302 0.11882601 0.01306500 0.02690460 0.02388780 0.00706994 0.02601170 0.03451930 0.00143876 0.00803691 0.31906403
143 0.05601969 0.04639329 0.07520989 0.15969198 0.00686076 0.04647169 0.15283398 0.16045498 0.02419570 0.01491400 0.01945220 0.08099089 0.00795121 0.00845642 0.01434320 0.06149179 0.03074640 0.00435994 0.01046240 0.01869960
144 0.16269814 0.02774662 0.04679594 0.03573643 0.02591712 0.03302983 0.04235964 0.07173876 0.01399841 0.03463423 0.03539493 0.03933313 0.01678041 0.01792372 0.03610993 0.19751817 0.10212009 0.00481895 0.01353011 0.04181544
145 0.06928089 0.04977409 0.06579909 0.13907398 0.00815265 0.06036589 0.20179098 0.04811869 0.02510160 0.02597360 0.03139040 0.07139129 0.01116670 0.01101720 0.02609090 0.06424489 0.04381910 0.00296866 0.01369310 0.03078630
146 0.14389603 0.05358041 0.03886531 0.04041941 0.02027610 0.11264403 0.07456672 0.04242251 0.02683991 0.03197011 0.04648361 0.06526162 0.02261171 0.01744800 0.04011451 0.09950692 0.06172731 0.00351467 0.01853510 0.03931601
147 0.08012966 0.05901487 0.04532818 0.03400458 0.01494469 0.12311694 0.04837877 0.02909858 0.03271758 0.02899588 0.04393798 0.06552427 0.01813169 0.01341439 0.16628591 0.09382585 0.04917337 0.00487392 0.01690239 0.03220048
148 0.09318372 0.01984840 0.02725771 0.01917470 0.01023490 0.02592571 0.03158801 0.02023240 0.00700850 0.03352151 0.04836141 0.03492041 0.04945841 0.01245320 0.34996007 0.06734661 0.09521712 0.00418033 0.00740176 0.04272511
149 0.06742680 0.08881140 0.05412180 0.05218270 0.01501060 0.12073000 0.08855800 0.03833140 0.04286030 0.02855520 0.04688920 0.09326080 0.02062750 0.01798860 0.03300960 0.07490600 0.05203160 0.00386887 0.02562930 0.03520030
150 0.04368912 0.01290570 0.00967083 0.01160070 0.01519041 0.01362391 0.01370571 0.01826701 0.02295951 0.07358253 0.16216106 0.01592991 0.04248682 0.21555208 0.01053440 0.02998331 0.03801581 0.01999081 0.15923606 0.07091433
151 0.24881400 0.02118690 0.02526220 0.02634010 0.02963910 0.02382400 0.03642480 0.08199340 0.01131820 0.04654790 0.05560210 0.02833890 0.02038520 0.01969160 0.03865610 0.14399900 0.06469890 0.00365522 0.01353730 0.06008510
152 0.04852021 0.01992560 0.02183840 0.01494680 0.01850410 0.02452190 0.01841280 0.02516841 0.02900611 0.04790611 0.14241703 0.02865001 0.03212651 0.16595303 0.01467930 0.06808881 0.04215581 0.02248980 0.16439303 0.05029621
153 0.05424338 0.02580619 0.09624316 0.23037491 0.00716048 0.04541398 0.22470291 0.04279808 0.02196939 0.01550919 0.01164690 0.05460258 0.00597935 0.00651075 0.01862109 0.06984617 0.03563719 0.00177812 0.01118270 0.01997349
154 0.11191099 0.03192820 0.07202149 0.18288698 0.01939310 0.03768700 0.14491898 0.06348049 0.01753290 0.02474490 0.02350260 0.04799369 0.01319930 0.01359300 0.02677100 0.08045109 0.04254659 0.00449802 0.01134180 0.02959790
155 0.10739103 0.02749161 0.05213402 0.03718421 0.01072560 0.01753621 0.03222631 0.44048313 0.01309810 0.01467280 0.02609351 0.03009711 0.00776286 0.01059690 0.01305040 0.08952303 0.02989461 0.00416525 0.01317100 0.02270231
156 0.02739979 0.00750305 0.00656736 0.00434858 0.01786539 0.01153350 0.00527854 0.01313909 0.04475368 0.02864399 0.10147396 0.01231939 0.02612109 0.28068188 0.00711558 0.01624529 0.02570309 0.03580579 0.29877888 0.02872209
157 0.05340111 0.08025812 0.08462712 0.22970904 0.00830027 0.04105141 0.17120803 0.04232531 0.02020410 0.02094920 0.01591290 0.07146011 0.00948126 0.00772916 0.01789740 0.05421791 0.03186681 0.00699512 0.01138230 0.02102330
158 0.04911329 0.01837410 0.01155360 0.00743620 0.01341690 0.01319520 0.01430810 0.01499600 0.01211960 0.15065696 0.30578492 0.02023629 0.07337208 0.06693448 0.01239340 0.02364659 0.03004509 0.00687307 0.02753019 0.12801397
159 0.04016444 0.01088821 0.00252205 0.00187646 0.01076221 0.00499292 0.00748091 0.00759366 0.00741306 0.17116616 0.33057131 0.00634863 0.08167938 0.09470989 0.00405812 0.01221181 0.02479492 0.00612571 0.03420003 0.14044013
160 0.04496907 0.01063679 0.00479884 0.00236949 0.01140509 0.00591632 0.00822682 0.00861116 0.00689350 0.19884887 0.31847679 0.00824096 0.07695155 0.05181437 0.00596022 0.01461059 0.02584038 0.00381771 0.01096659 0.18064488
161 0.04410729 0.26609395 0.03702859 0.03038049 0.00858589 0.06522449 0.05435699 0.03179279 0.02783200 0.01623830 0.04042329 0.19079497 0.02323790 0.01000490 0.01837420 0.04429849 0.04100089 0.00298458 0.01498630 0.03225369
162 0.04545052 0.01064490 0.00477488 0.00234897 0.01143500 0.00588003 0.00836817 0.00836617 0.00685185 0.19917107 0.31823512 0.00835992 0.07671553 0.05131842 0.00580903 0.01434591 0.02570341 0.00375051 0.01089850 0.18157207
163 0.04936221 0.01782340 0.01108640 0.00722418 0.01360960 0.01319770 0.01423770 0.01524120 0.01196890 0.15161702 0.30655904 0.01902000 0.07354881 0.06571291 0.01331150 0.02374970 0.03014010 0.00665968 0.02659490 0.12933502
164 0.04186698 0.00953976 0.00383978 0.00182075 0.01086179 0.00543595 0.00727838 0.00823021 0.00746563 0.20254390 0.27758686 0.00693877 0.06789767 0.07519176 0.00378701 0.01494639 0.02781739 0.00524465 0.03357548 0.18813091
165 0.04516381 0.00860325 0.00560048 0.00230081 0.01088590 0.00560049 0.00752691 0.00864685 0.00633599 0.24119303 0.24523103 0.00799967 0.05694631 0.04164571 0.00480886 0.01635110 0.02886090 0.00263585 0.00903001 0.24463303
166 0.02810522 0.00621596 0.00721993 0.00434437 0.02069192 0.01288561 0.00478299 0.01456781 0.05352754 0.02685062 0.09453617 0.01253931 0.02503902 0.25852520 0.00824599 0.01543891 0.02194992 0.04175203 0.31773025 0.02505122
167 0.07792121 0.03261590 0.05598711 0.15561702 0.03374200 0.03185370 0.09743801 0.04025710 0.01762080 0.09242121 0.04410260 0.04525290 0.01831710 0.01916930 0.02890710 0.08172061 0.04838930 0.01334670 0.01462460 0.05069571
168 0.04364427 0.26631382 0.03730367 0.03080638 0.00834714 0.06480866 0.05507746 0.03164868 0.02759618 0.01654579 0.03994457 0.19096387 0.02314808 0.00983918 0.01773909 0.04432787 0.04158917 0.00310314 0.01514839 0.03210458
169 0.02803200 0.00996680 0.00567498 0.00481438 0.01456640 0.00959895 0.00633094 0.01124780 0.03230910 0.03624090 0.13284400 0.01170590 0.03138800 0.29417399 0.00572267 0.01786120 0.03063900 0.02814650 0.25263999 0.03609650
170 0.06806772 0.12931305 0.03431411 0.03044651 0.01031740 0.06244672 0.04140331 0.02230461 0.02134251 0.02994261 0.04579172 0.09625213 0.01808771 0.01128750 0.20504907 0.07402513 0.04843072 0.00635435 0.01266950 0.03215361
171 0.04413738 0.01340749 0.00941809 0.01151150 0.01560259 0.01382319 0.01299839 0.01790609 0.02278349 0.07347437 0.16264694 0.01634659 0.04336928 0.21352392 0.01137100 0.03126939 0.03800559 0.02006999 0.15810294 0.07023177
172 0.04474740 0.26367200 0.03716930 0.03045710 0.00881471 0.06471310 0.05461790 0.03146640 0.02757510 0.01704010 0.04107050 0.18903900 0.02342300 0.01083580 0.01848860 0.04491150 0.04137050 0.00322898 0.01529430 0.03206470
173 0.15344586 0.02431958 0.03207687 0.02984977 0.01753388 0.03778347 0.03780507 0.03632177 0.01173079 0.02856707 0.02837327 0.03978806 0.01860278 0.01154329 0.22448380 0.16295485 0.05661045 0.00739271 0.00777136 0.03304527
174 0.13328396 0.02588649 0.04847569 0.03596379 0.01898039 0.02954839 0.04048879 0.19945194 0.01719110 0.02534049 0.03457849 0.03614539 0.01524020 0.01454730 0.02501389 0.12939796 0.11319697 0.00491268 0.01314020 0.03921589
175 0.03853361 0.00431929 0.00633660 0.00125510 0.00869888 0.00479232 0.00544725 0.00764544 0.00572955 0.32436010 0.12762004 0.00617080 0.02493011 0.02483851 0.00277936 0.01679511 0.03148891 0.00096819 0.00533772 0.35195311
176 0.05814130 0.06044280 0.05248010 0.10381299 0.00708773 0.11969499 0.21671299 0.05011430 0.03520570 0.01983690 0.02704600 0.08817109 0.00958827 0.00753058 0.01841350 0.05336190 0.03593760 0.00173068 0.01433950 0.02035110
177 0.11142198 0.02959239 0.03413279 0.03050419 0.01370260 0.03517419 0.04183739 0.02980509 0.01423320 0.03589689 0.05040309 0.04357389 0.02163090 0.01591200 0.28394494 0.08679108 0.05906219 0.00670431 0.01348210 0.04219479
178 0.04798179 0.00973814 0.01336580 0.00664519 0.01175500 0.01264740 0.01169380 0.01225510 0.00738746 0.27991193 0.12981097 0.02897379 0.02682869 0.02515459 0.00938745 0.02684079 0.03438309 0.00252209 0.00816302 0.29455393
179 0.06748382 0.01268760 0.00697633 0.00938995 0.01547421 0.01228480 0.01272770 0.01482601 0.01065000 0.09380013 0.17868506 0.01367810 0.04745482 0.19324207 0.00872477 0.03288941 0.04708582 0.00946530 0.10061204 0.11186204
