1 0.06049359 0.00460321 0.00787794 0.00283964 0.01463840 0.00982424 0.00439997 0.00888872 0.00466746 0.24202494 0.18582096 0.00727545 0.05475359 0.02754309 0.00775825 0.02748609 0.06038369 0.00402680 0.00832406 0.25636994
2 0.07534168 0.05788628 0.02679089 0.01335560 0.00758941 0.03475639 0.02673809 0.03328079 0.01563900 0.02477199 0.03578389 0.01831749 0.00882474 0.01917439 0.40699387 0.09048387 0.06872298 0.00356727 0.00451649 0.02746489
3 0.04212100 0.01561350 0.07577381 0.13340701 0.00424810 0.02994710 0.04937550 0.49427904 0.01971820 0.00511774 0.00731110 0.03877820 0.00203078 0.01189700 0.00495687 0.04177130 0.00868714 0.00091696 0.00302862 0.01102100
4 0.06199339 0.01345110 0.01367170 0.01023300 0.01308330 0.01431080 0.01426230 0.01299460 0.00963496 0.22241295 0.14964897 0.01813740 0.04296389 0.03777629 0.01060510 0.03558699 0.04662859 0.00660405 0.01602470 0.24997595
5 0.12195400 0.08499840 0.03758760 0.03958170 0.00826824 0.05076390 0.04723610 0.02556690 0.02676950 0.03534770 0.05053100 0.14526999 0.02099790 0.09223680 0.01223120 0.05106540 0.04814750 0.01863580 0.03577740 0.04703300
6 0.06893818 0.03029039 0.06672709 0.15138297 0.00756079 0.05334809 0.09562108 0.02168670 0.03528499 0.08437518 0.05617389 0.04434279 0.01502840 0.02364599 0.01733570 0.07198958 0.09788118 0.00383913 0.00723970 0.04730819
7 0.16283600 0.03321090 0.04097760 0.02458770 0.03093460 0.02363040 0.02957230 0.06406460 0.01750760 0.02958370 0.03655800 0.03011800 0.01833100 0.01981130 0.03334030 0.24992300 0.08959160 0.00635191 0.01782800 0.04124150
8 0.03909890 0.00770174 0.00624896 0.00158524 0.00770394 0.00689693 0.00440148 0.00921531 0.00363250 0.24113100 0.25555499 0.00692465 0.09326100 0.03288000 0.00602002 0.02285310 0.03716620 0.00168150 0.00787455 0.20816800
9 0.04912840 0.04513430 0.02772790 0.07077690 0.00211348 0.10358699 0.38212098 0.01527770 0.01646260 0.01325540 0.01380780 0.14428499 0.00317673 0.00877787 0.00758738 0.03456530 0.02026020 0.00430909 0.01029200 0.02735400
10 0.01958130 0.00810021 0.02502471 0.00310753 0.00667438 0.00149915 0.00580293 0.01067930 0.04910471 0.02974321 0.02773111 0.01172280 0.00555188 0.28817506 0.00099213 0.03281341 0.02130320 0.00721348 0.41690209 0.02827741
11 0.02415341 0.03687932 0.02465381 0.01175921 0.00660047 0.00745282 0.01747941 0.01007120 0.05031052 0.02967591 0.07601624 0.04891932 0.01918171 0.21522610 0.00246383 0.02663221 0.02155061 0.04113412 0.29217914 0.03766062
12 0.03892190 0.01790660 0.02328490 0.01378020 0.00966556 0.01036680 0.01649120 0.01888040 0.03001400 0.07704850 0.15412301 0.02358010 0.02974560 0.21750901 0.00951809 0.03322460 0.02715890 0.01633180 0.16131901 0.07112980
13 0.02735959 0.03549049 0.15668995 0.26032392 0.00826243 0.07176978 0.09436157 0.06855858 0.02767829 0.00689767 0.01169680 0.11812396 0.00214354 0.02233069 0.00507178 0.03275529 0.01760639 0.00115854 0.00585755 0.02586319
14 0.03791824 0.04256295 0.08670239 0.23042125 0.00488560 0.08135279 0.20023021 0.04168944 0.02460823 0.01007521 0.01173101 0.11904313 0.00169387 0.01485642 0.00447938 0.04040334 0.01955372 0.00142215 0.00479235 0.02157832
15 0.06399543 0.24144410 0.03555781 0.02926241 0.01612521 0.06321383 0.04733922 0.02558001 0.03132361 0.02054011 0.03590101 0.15779406 0.02010751 0.01984671 0.02892521 0.05809892 0.04269322 0.01028630 0.02104561 0.03091971
16 0.07748724 0.02864331 0.03705042 0.02153571 0.01511661 0.01379191 0.04749832 0.22712710 0.01581151 0.06566953 0.18925309 0.02002561 0.04089142 0.01885491 0.02004791 0.06038213 0.03797582 0.00470954 0.01018470 0.04794322
17 0.04864720 0.00246095 0.00465335 0.00138394 0.00991635 0.00851197 0.00259641 0.00680432 0.00329030 0.29531502 0.16131501 0.00592550 0.04386450 0.02721880 0.00580537 0.01534610 0.04279030 0.00168762 0.00787195 0.30459502
18 0.09387776 0.14605794 0.02856569 0.04539418 0.00313400 0.16799393 0.07325227 0.01309079 0.01988459 0.07295257 0.04730248 0.11480895 0.01509239 0.01151270 0.02211289 0.04140628 0.03236839 0.00210550 0.01490959 0.03417709
19 0.05279059 0.03052599 0.10373998 0.20071595 0.00805359 0.06318168 0.23372294 0.05328689 0.02113499 0.01704110 0.02291729 0.06668908 0.00410867 0.01150080 0.01020400 0.04549249 0.02599629 0.00193362 0.00686626 0.02009780
20 0.03416628 0.01765459 0.01300629 0.00331842 0.00588753 0.00804598 0.01434279 0.01992909 0.00593790 0.13837694 0.34420985 0.01812459 0.15609993 0.01741489 0.03144889 0.04182198 0.03494788 0.00295460 0.00565631 0.08665526
21 0.16113693 0.03256749 0.04078408 0.02522679 0.03003679 0.02346979 0.03048139 0.06564867 0.01705439 0.03057029 0.03588748 0.02895749 0.01843809 0.01913339 0.03293059 0.25145089 0.09095126 0.00617844 0.01754469 0.04155108
22 0.03957759 0.01594050 0.01224460 0.00772885 0.00919553 0.01116990 0.01716440 0.01471720 0.00974904 0.15548598 0.31408095 0.01539780 0.07846909 0.07736559 0.00941971 0.02872420 0.02950530 0.00750112 0.02534170 0.12122098
23 0.06812168 0.29653391 0.02844349 0.00923121 0.00425117 0.08602258 0.02717989 0.00551801 0.01214670 0.01182460 0.02256929 0.25961392 0.03956179 0.01306830 0.00295383 0.03278959 0.04521019 0.00603958 0.00893599 0.01998429
24 0.11690801 0.01747580 0.04312690 0.04780870 0.00856304 0.01814250 0.02319110 0.50694103 0.01693770 0.01271430 0.01851940 0.02244110 0.00541449 0.01298190 0.01108040 0.06999950 0.02686220 0.00282296 0.00440256 0.01366640
25 0.05358504 0.01016259 0.01140539 0.00727508 0.00951865 0.01406128 0.01282249 0.01211129 0.00753616 0.24564873 0.18589280 0.01270269 0.05084145 0.04162876 0.00922127 0.02711697 0.04023956 0.00234118 0.01586488 0.23002375
26 0.34070880 0.01043749 0.02022049 0.01149519 0.02290559 0.00909672 0.01966459 0.30422182 0.00909381 0.01294249 0.01181009 0.00995627 0.00312202 0.01065189 0.01164509 0.11639393 0.05741417 0.00482240 0.00191455 0.01148259
27 0.03696296 0.01062579 0.00773832 0.00196470 0.00691154 0.00695175 0.00578551 0.01014229 0.00417891 0.21878975 0.28254668 0.00854136 0.11293687 0.03313556 0.00654088 0.02635237 0.03552856 0.00192037 0.00792804 0.17451780
28 0.06500354 0.03765427 0.03999027 0.12481989 0.00529341 0.08060473 0.31396373 0.03230297 0.02030568 0.02236318 0.03053197 0.07518944 0.00666066 0.01362619 0.01499309 0.04544226 0.02756978 0.00400517 0.01404029 0.02563948
29 0.04930033 0.00166559 0.00477017 0.00105964 0.01025621 0.00818264 0.00142733 0.00702933 0.00290372 0.30154516 0.15062408 0.00540590 0.04309752 0.02135861 0.00541516 0.01566341 0.04766882 0.00188779 0.00634341 0.31439516
30 0.05501809 0.09992229 0.02611930 0.05294689 0.00456447 0.07109129 0.21479897 0.02024830 0.02505060 0.07486289 0.06796049 0.08175879 0.00727428 0.01103750 0.02355820 0.04977769 0.02138230 0.00308090 0.04870469 0.04084209
31 0.11586394 0.01726729 0.04304318 0.04829708 0.00813984 0.01773369 0.02320189 0.50825876 0.01693409 0.01321399 0.01824889 0.02185849 0.00545098 0.01286359 0.01144559 0.07073657 0.02682539 0.00265056 0.00436300 0.01360319
32 0.04565472 0.00462820 0.00520498 0.00186619 0.01038680 0.00802835 0.00445842 0.00706225 0.00424198 0.25190309 0.21298007 0.00714978 0.05253392 0.05025762 0.00519983 0.01799511 0.03868161 0.00352337 0.01381160 0.25443209
33 0.03312510 0.00671813 0.00403944 0.00125069 0.00750392 0.00565758 0.00576473 0.00779387 0.00262321 0.22443797 0.30528896 0.00653861 0.08321929 0.05823339 0.00414142 0.01760220 0.02888770 0.00142163 0.01390520 0.18184698
34 0.07134775 0.15088911 0.02148042 0.00994691 0.00825993 0.04101573 0.03096332 0.03105152 0.01706651 0.01792731 0.02853812 0.02801072 0.00757630 0.01983511 0.34041524 0.09881147 0.04936274 0.00417071 0.00840148 0.01492961
35 0.01943119 0.00813191 0.02504279 0.00329168 0.00687635 0.00162123 0.00591256 0.01075309 0.04852997 0.03389348 0.04032878 0.01196379 0.00744822 0.29152684 0.00091994 0.03101578 0.02150569 0.00799547 0.39255778 0.03125348
36 0.07358401 0.06356221 0.07548042 0.05298921 0.01707340 0.03505181 0.04789211 0.04649001 0.11146102 0.03308521 0.04962691 0.04886441 0.01806000 0.06394091 0.02108770 0.06680681 0.04082321 0.01739140 0.07321371 0.04351551
37 0.16228705 0.03328361 0.04060551 0.02454351 0.03093261 0.02339711 0.02972261 0.06410032 0.01698341 0.02960101 0.03736851 0.02989621 0.01888561 0.01895411 0.03408841 0.25076708 0.09037573 0.00638150 0.01706591 0.04076021
38 0.03172732 0.02617691 0.02470361 0.00776512 0.00803884 0.00755684 0.02100591 0.01194041 0.04581502 0.03818252 0.05973543 0.02515481 0.01127661 0.20807410 0.00388491 0.04169872 0.02402841 0.01498651 0.35074917 0.03749882
39 0.08442864 0.12734992 0.05349526 0.03253858 0.01637059 0.03484428 0.05106997 0.02446008 0.09285924 0.07896625 0.04503807 0.05402946 0.01391779 0.02248739 0.02671808 0.12238992 0.03780278 0.00700136 0.01893039 0.05530196
40 0.01966210 0.00793361 0.02536230 0.00320168 0.00685587 0.00153809 0.00574227 0.01071060 0.04846789 0.03409829 0.03988649 0.01167060 0.00718535 0.29145695 0.00097094 0.03087779 0.02129800 0.00770857 0.39374893 0.03162369
41 0.08479360 0.08083210 0.04432760 0.08676520 0.00759081 0.14195301 0.11568201 0.03239840 0.02307580 0.03538080 0.03825550 0.10447301 0.01223520 0.01574480 0.02594190 0.05496460 0.04305600 0.00488090 0.00896874 0.03868000
42 0.31752728 0.01230301 0.02450232 0.00931212 0.03616183 0.00787342 0.01426401 0.23166020 0.00799665 0.01147251 0.01095981 0.00972047 0.00361051 0.01037881 0.01811032 0.20084917 0.05562455 0.00344562 0.00219468 0.01203271
43 0.03206072 0.01972231 0.02015361 0.00616057 0.00935270 0.00659186 0.01262121 0.00874302 0.04025332 0.08277444 0.10968306 0.02055191 0.02129431 0.17948010 0.00345792 0.03166242 0.02575621 0.02022441 0.25243414 0.09702175
44 0.03976122 0.00579228 0.00522269 0.00208305 0.00966688 0.00749043 0.00583893 0.00713296 0.00426664 0.21969511 0.26557913 0.00796467 0.06214853 0.07030583 0.00496587 0.01862421 0.03272012 0.00371502 0.01807931 0.20894710
45 0.02452049 0.00771629 0.00421519 0.00329227 0.00809567 0.00484422 0.00889327 0.00462173 0.00802813 0.12269593 0.35003379 0.01236679 0.04615957 0.21093887 0.00231666 0.01329329 0.01201789 0.00975485 0.04518117 0.10101394
46 0.03903222 0.01638501 0.01209540 0.00751851 0.00902126 0.01123690 0.01688401 0.01609971 0.00988488 0.15481506 0.31555813 0.01524401 0.07824523 0.07824303 0.00971969 0.02848591 0.02917271 0.00711156 0.02545771 0.11978905
47 0.08588923 0.08135343 0.04365236 0.08466403 0.00791541 0.13895689 0.11423391 0.03401347 0.02325008 0.03542427 0.03832447 0.10370191 0.01215389 0.01588789 0.02656438 0.05699545 0.04360596 0.00473755 0.00927844 0.03939697
48 0.12905793 0.01143829 0.01285469 0.00977228 0.02147609 0.01973529 0.01295709 0.01586199 0.01057069 0.18368890 0.11047194 0.01588039 0.03565948 0.02342449 0.01915249 0.05972207 0.06030497 0.00588245 0.00852360 0.23356487
49 0.07778185 0.07999106 0.04869683 0.01358661 0.00892507 0.01718191 0.02172132 0.13425909 0.01130911 0.02222772 0.02236442 0.02546772 0.00905337 0.01198971 0.03805743 0.25699318 0.16936712 0.00527292 0.00416996 0.02158362
50 0.05741310 0.01493830 0.07256720 0.32111501 0.00638609 0.05022610 0.26362401 0.03840140 0.01875920 0.01126310 0.01246100 0.03993950 0.00146393 0.00599017 0.00372378 0.03868280 0.02666660 0.00082840 0.00350739 0.01204290
51 0.04890057 0.00232316 0.00458752 0.00137514 0.00988398 0.00853400 0.00267396 0.00691819 0.00328594 0.29458581 0.16276390 0.00573517 0.04443437 0.02741298 0.00577684 0.01537729 0.04270937 0.00165960 0.00769942 0.30336281
52 0.20004403 0.03705281 0.06312771 0.03319701 0.01780650 0.03742871 0.03485411 0.05040421 0.11446202 0.04447771 0.05067511 0.03077440 0.01635110 0.03023730 0.02905590 0.09241721 0.04219471 0.00917354 0.02387320 0.04239271
53 0.05409697 0.01015810 0.01143239 0.00647043 0.00930713 0.01371699 0.01254559 0.01244889 0.00759635 0.24600988 0.18601591 0.01248459 0.05104128 0.04038348 0.00948294 0.02760939 0.04069068 0.00237163 0.01594449 0.23019289
54 0.16529794 0.03678239 0.17048094 0.05545418 0.01758749 0.02876779 0.04083019 0.06874998 0.03865239 0.02624999 0.03685949 0.04776148 0.01397570 0.01639649 0.02336269 0.11068096 0.05258598 0.00464975 0.01407400 0.03080019
55 0.25781302 0.02691970 0.02740550 0.02365250 0.03150740 0.02845010 0.03470890 0.10181001 0.01651560 0.04542070 0.04375620 0.02894290 0.01547400 0.01951100 0.02398980 0.13580201 0.06631631 0.00621061 0.01068150 0.05511220
56 0.04368758 0.00209936 0.00349695 0.00074382 0.00946702 0.00726487 0.00233027 0.00630189 0.00251684 0.27967990 0.20087893 0.00489987 0.05128168 0.03971519 0.00466416 0.01385669 0.03877539 0.00155152 0.01010320 0.27668490
57 0.15834195 0.03358779 0.04082789 0.02418869 0.03015649 0.02334899 0.02945739 0.06468298 0.01702839 0.03050109 0.03775119 0.03029979 0.01899939 0.01943439 0.03347999 0.25129892 0.08969197 0.00621823 0.01873299 0.04197149
58 0.09192836 0.03606252 0.02651742 0.01438311 0.02066061 0.02204641 0.02069831 0.02474371 0.02392141 0.01807461 0.04463393 0.02995672 0.03127762 0.06039644 0.01177351 0.08054005 0.14336709 0.20217912 0.02304181 0.07379724
59 0.03377658 0.00969849 0.00631355 0.00127791 0.00627833 0.00564285 0.00461906 0.01017340 0.00297387 0.22696290 0.29187487 0.00702157 0.11949295 0.02552979 0.00569177 0.02395799 0.03517178 0.00136381 0.00591164 0.17626692
60 0.06243611 0.14805402 0.05189331 0.06133181 0.00564951 0.07592441 0.08000271 0.03156680 0.02168930 0.02295120 0.03262340 0.19770902 0.01707500 0.02337250 0.01147030 0.05208641 0.04160380 0.00692147 0.01844480 0.03719410
61 0.11150004 0.02708981 0.03707821 0.01282251 0.02490621 0.01930471 0.01505991 0.03468691 0.02168521 0.03108491 0.03688841 0.02297441 0.02028771 0.09739574 0.02415631 0.18841508 0.14618406 0.02179111 0.06394573 0.04274302
62 0.05704712 0.18930006 0.04847782 0.05792282 0.00172899 0.12966704 0.07948553 0.01144340 0.01701731 0.01238830 0.01641901 0.24202808 0.01360370 0.01258070 0.00386882 0.03953381 0.04132421 0.00169122 0.00456565 0.01990641
63 0.05431224 0.01051861 0.01126151 0.00695594 0.00943910 0.01408491 0.01286061 0.01258381 0.00751293 0.24492219 0.18510714 0.01294441 0.05026014 0.04201113 0.00943032 0.02704282 0.04031043 0.00217889 0.01667471 0.22958817
64 0.06540775 0.04015433 0.19272513 0.10358907 0.01218331 0.03593862 0.05564224 0.07077645 0.04182653 0.02615372 0.03467432 0.06186044 0.01493861 0.02672442 0.02014471 0.08449726 0.05195584 0.00523441 0.02201332 0.03355952
65 0.05747549 0.03097600 0.21784798 0.05058920 0.00805282 0.02764970 0.01853270 0.02034960 0.13072499 0.02357700 0.10452199 0.03034020 0.01531780 0.02175600 0.01509030 0.06775619 0.11295899 0.00766557 0.01260310 0.02621440
66 0.06519000 0.03807580 0.03972890 0.12352500 0.00577771 0.08115190 0.31142401 0.03338430 0.01997100 0.02224930 0.03224460 0.07411800 0.00680692 0.01303480 0.01565820 0.04540290 0.02773020 0.00423415 0.01409960 0.02619270
67 0.04488760 0.04082020 0.09505810 0.23700700 0.00887636 0.07286720 0.12442500 0.05292310 0.05932830 0.01744140 0.02548960 0.07514260 0.00517462 0.02138130 0.00712233 0.04221220 0.03217440 0.00557535 0.00817083 0.02392250
68 0.35502575 0.00887191 0.01898349 0.00595597 0.03707517 0.00625049 0.01308709 0.24049583 0.00690864 0.01028289 0.00914379 0.00688346 0.00252458 0.00992820 0.01275809 0.18437287 0.05579466 0.00357697 0.00180036 0.01027979
69 0.11811800 0.03852010 0.04017510 0.02423720 0.02218570 0.02933500 0.02963690 0.04271410 0.01696740 0.06187280 0.06131210 0.03734370 0.02689030 0.02565820 0.03091930 0.13571900 0.15525100 0.01055610 0.01578870 0.07679930
70 0.04487602 0.00291658 0.00493860 0.00084603 0.00904242 0.00727967 0.00189142 0.00722879 0.00265282 0.27713410 0.19565507 0.00509043 0.06345942 0.02829431 0.00538883 0.01794381 0.04135661 0.00177591 0.00730304 0.27492610
71 0.05916192 0.23049606 0.04636931 0.03762341 0.00224888 0.11933603 0.05374901 0.00837523 0.01408480 0.01144550 0.01281720 0.24623406 0.01577810 0.01015210 0.00560714 0.05658911 0.04662051 0.00127934 0.00336315 0.01866910
72 0.04778962 0.09898973 0.06555612 0.17414206 0.01517761 0.06768552 0.11415404 0.03848041 0.03625021 0.01738841 0.01938321 0.09980203 0.00566331 0.01695591 0.01338400 0.09697473 0.03447591 0.00456554 0.00516882 0.02801281
73 0.06479550 0.03743950 0.03998030 0.12541599 0.00537671 0.08081270 0.31340998 0.03296430 0.02025020 0.02297460 0.03083230 0.07414050 0.00677981 0.01273950 0.01487130 0.04531160 0.02745050 0.00382674 0.01405530 0.02657270
74 0.06143771 0.13150102 0.03820481 0.06056121 0.00726876 0.06122241 0.15653903 0.03286591 0.02471520 0.02448740 0.02609830 0.10761502 0.00890760 0.01318790 0.03940161 0.11745902 0.03721651 0.00571155 0.01396360 0.03163541
75 0.02407263 0.00759236 0.00399876 0.00313639 0.00800227 0.00470772 0.00815636 0.00429832 0.00742639 0.12277515 0.35319745 0.01202302 0.04637806 0.21220427 0.00226318 0.01299852 0.01161281 0.00946417 0.04501606 0.10067613
76 0.25852007 0.02690061 0.02689511 0.02371731 0.03156031 0.02966751 0.03500871 0.09930783 0.01653900 0.04356221 0.04281221 0.02959751 0.01511900 0.01925361 0.02440291 0.13752204 0.06670302 0.00626142 0.01169590 0.05495372
77 0.06251071 0.01481150 0.02006760 0.01035730 0.01444260 0.01438010 0.01455760 0.01864880 0.01190230 0.15491903 0.23870404 0.01444740 0.07432511 0.03207751 0.01710110 0.05005121 0.07864651 0.00661503 0.01095850 0.14047602
78 0.06505765 0.04762184 0.06263935 0.18771714 0.00485637 0.14108710 0.12016209 0.02053462 0.03666573 0.02162742 0.03252402 0.09037597 0.00478895 0.01561621 0.00838664 0.05044234 0.06336245 0.00270533 0.00274718 0.02108162
79 0.29899798 0.00826072 0.01552190 0.00614202 0.05324020 0.01547070 0.00848212 0.06929279 0.00680679 0.01120440 0.02111640 0.00864485 0.01140750 0.01080650 0.00879813 0.27123298 0.12834199 0.00288925 0.01029140 0.03305140
80 0.33025679 0.00550040 0.01719579 0.00572476 0.09601484 0.01222809 0.00438065 0.06418676 0.00794918 0.00838262 0.01605429 0.00470596 0.00832041 0.01012909 0.00836607 0.29230481 0.07706485 0.00147679 0.00475856 0.02499928
81 0.03847141 0.06491772 0.09564843 0.20097306 0.00561964 0.08963273 0.10770703 0.04944121 0.02944441 0.01170980 0.01685830 0.15072004 0.00397246 0.02246981 0.00666984 0.04432101 0.02504251 0.00353231 0.00600606 0.02684221
82 0.06191414 0.00940343 0.01400471 0.00562556 0.01055661 0.01278441 0.00894169 0.01195571 0.00808254 0.24044216 0.14681810 0.01304851 0.04806483 0.02668062 0.01214611 0.05903124 0.04811673 0.00269799 0.00900376 0.25068117
83 0.02175329 0.01920659 0.00558857 0.00387514 0.00792319 0.00455489 0.00961445 0.00410536 0.01907989 0.09317287 0.29747589 0.02036869 0.03753709 0.20494393 0.00107936 0.01344800 0.01017890 0.02652019 0.11605596 0.08351777
84 0.06012933 0.14653807 0.04955743 0.07662344 0.00235802 0.14533707 0.10258205 0.01623921 0.02010541 0.01697191 0.02227751 0.20042710 0.01102121 0.01365551 0.00643186 0.04088402 0.03807662 0.00254516 0.00601035 0.02222871
85 0.05894745 0.01858708 0.05994605 0.27984876 0.00510738 0.06015035 0.29488475 0.03367147 0.01924768 0.01303829 0.01365729 0.04493766 0.00169011 0.00577533 0.00478711 0.04109327 0.02679258 0.00103114 0.00353957 0.01326669
86 0.04013430 0.00580906 0.00504874 0.00203260 0.00962405 0.00729700 0.00590535 0.00712338 0.00430003 0.21973902 0.26511803 0.00795937 0.06217151 0.07055501 0.00503549 0.01827650 0.03260400 0.00369713 0.01807740 0.20949202
87 0.04870599 0.00170146 0.00426411 0.00111974 0.00998447 0.00825591 0.00194226 0.00683780 0.00306874 0.30040192 0.15737096 0.00521200 0.04301899 0.02510839 0.00552713 0.01458970 0.04319759 0.00155081 0.00704514 0.31109692
88 0.07215026 0.19937918 0.04146424 0.02441802 0.02095392 0.04676774 0.04033744 0.03893723 0.03114793 0.01938742 0.02507872 0.10390909 0.01561761 0.01651751 0.04789014 0.14788613 0.05864305 0.00803502 0.01144861 0.03003073
89 0.16226903 0.03435051 0.04143251 0.02456680 0.03055451 0.02368320 0.03054841 0.06475061 0.01765000 0.02898851 0.03581831 0.03057701 0.01835700 0.01938340 0.03266021 0.25028505 0.08876882 0.00637752 0.01825190 0.04072671
90 0.04355216 0.01739399 0.12207790 0.30897873 0.00904667 0.05260925 0.20073483 0.05884305 0.01961638 0.00883413 0.01136579 0.05943625 0.00141240 0.01049649 0.00336308 0.03122847 0.01893978 0.00062998 0.00477778 0.01666289
91 0.06261105 0.01455371 0.01419851 0.01030661 0.01304721 0.01472881 0.01400861 0.01275281 0.00972276 0.22221017 0.14809811 0.01915001 0.04233543 0.03683513 0.01036551 0.03521993 0.04705024 0.00694761 0.01574161 0.25011619
92 0.03387909 0.00775140 0.00486638 0.00192824 0.00753934 0.00660631 0.00757935 0.00850580 0.00352842 0.21111896 0.31296694 0.00758159 0.08331208 0.06526839 0.00464705 0.01891930 0.02771639 0.00161942 0.01577460 0.16889097
93 0.06300642 0.14667104 0.05196091 0.06084902 0.00588277 0.07555452 0.08053622 0.03090991 0.02241331 0.02335861 0.03351131 0.19493105 0.01707080 0.02332621 0.01241510 0.05207811 0.04134151 0.00772548 0.01884710 0.03761061
94 0.04478023 0.00153302 0.00336575 0.00063564 0.00955909 0.00726634 0.00167713 0.00630365 0.00236603 0.29098519 0.18616612 0.00446532 0.04872093 0.03285562 0.00459172 0.01333491 0.04059673 0.00141313 0.00849423 0.29088919
95 0.06515944 0.04078003 0.19513112 0.10162207 0.01244881 0.03599932 0.05336523 0.06920234 0.04276223 0.02548602 0.03449762 0.06133734 0.01546801 0.02680702 0.02057881 0.08556925 0.05260273 0.00497366 0.02251671 0.03369222
96 0.06253099 0.14882899 0.05224579 0.06147199 0.00588416 0.07567409 0.08084459 0.03083230 0.02212400 0.02234670 0.03162640 0.19835398 0.01645230 0.02308490 0.01199340 0.05218679 0.04063810 0.00775264 0.01805300 0.03707490
97 0.04476333 0.00155916 0.00331078 0.00063908 0.00956810 0.00722225 0.00174479 0.00624665 0.00235348 0.29088022 0.18680614 0.00444070 0.04879804 0.03305583 0.00456610 0.01324171 0.04033243 0.00139599 0.00864599 0.29042922
98 0.03941298 0.01660809 0.01159999 0.00720168 0.00891224 0.01146509 0.01739769 0.01487869 0.00941002 0.15507291 0.31682982 0.01537039 0.07955826 0.07622086 0.00993676 0.02901998 0.02941828 0.00716244 0.02514889 0.11937493
99 0.07471122 0.03296531 0.24722907 0.04387851 0.01402090 0.01999611 0.02647241 0.05144111 0.04373981 0.02433931 0.03084131 0.04306001 0.01725840 0.01440940 0.02675321 0.16907605 0.07289562 0.00521582 0.01093180 0.03076461
100 0.04745383 0.06356214 0.02827692 0.06209134 0.00188705 0.10081607 0.34411222 0.01359211 0.01637331 0.01233751 0.01297991 0.17315711 0.00399083 0.00983010 0.00677563 0.03589742 0.02229281 0.00456545 0.01115651 0.02885172
101 0.06504869 0.03788220 0.03971840 0.12459999 0.00540570 0.08094439 0.31246696 0.03274520 0.01987490 0.02246700 0.03188750 0.07455249 0.00713702 0.01281810 0.01525650 0.04513909 0.02778050 0.00412420 0.01382190 0.02632930
102 0.07511506 0.15680093 0.04645628 0.03497098 0.00656761 0.07322357 0.05192908 0.01900239 0.02181579 0.02147409 0.02379059 0.21082090 0.01968799 0.01968949 0.01003600 0.06059137 0.09392206 0.00737973 0.00793583 0.03879028
103 0.03996103 0.01614491 0.01195031 0.00732046 0.00901693 0.01102731 0.01679421 0.01428571 0.00937189 0.15687411 0.31436922 0.01524541 0.07804235 0.07687435 0.00949751 0.02870032 0.02979552 0.00686795 0.02513642 0.12272409
104 0.30537319 0.01195471 0.02731122 0.01040261 0.08429805 0.00751887 0.01220821 0.15839310 0.00963131 0.00993959 0.01537211 0.00819801 0.00607685 0.01091801 0.01194191 0.23665614 0.05264413 0.00292122 0.00326977 0.01497101
105 0.23226613 0.02987722 0.02864262 0.07308354 0.01007541 0.05167943 0.18610410 0.07570634 0.01480181 0.02301451 0.02424101 0.05264233 0.00709435 0.01240511 0.02036841 0.06562494 0.05031163 0.00904095 0.00719816 0.02582201
106 0.05905735 0.01867599 0.06001365 0.27969378 0.00521140 0.05987345 0.29308277 0.03374017 0.01940788 0.01337849 0.01401909 0.04471206 0.00176264 0.00602796 0.00498016 0.04156757 0.02670808 0.00110461 0.00338443 0.01359849
107 0.05317325 0.01036519 0.01135529 0.00652012 0.00927720 0.01366369 0.01243679 0.01204189 0.00746112 0.24659377 0.18681983 0.01262169 0.05129045 0.04140326 0.00983517 0.02699677 0.04019456 0.00208858 0.01630758 0.22955379
108 0.06070128 0.05420628 0.01968109 0.01883199 0.01307460 0.01671699 0.02232499 0.02124629 0.03519699 0.01795819 0.07660018 0.03856549 0.03218989 0.08352987 0.01048280 0.05532648 0.05388728 0.24449393 0.06163688 0.06334848
109 0.04577806 0.00116304 0.00333097 0.00063771 0.00977031 0.00735861 0.00146701 0.00621585 0.00235913 0.29440837 0.17765822 0.00441718 0.04645926 0.03119854 0.00468880 0.01324832 0.04145405 0.00146494 0.00819826 0.29872337
110 0.05069590 0.02866070 0.02094230 0.00699433 0.01103940 0.01348790 0.01350970 0.01575480 0.01326710 0.13816701 0.23956202 0.02630390 0.12691101 0.04589000 0.01071320 0.05073960 0.04573600 0.01048130 0.01544280 0.11570101
111 0.08516128 0.03187929 0.15981796 0.02988469 0.01233680 0.02033229 0.02823829 0.04121589 0.04883139 0.04295499 0.12068397 0.03100459 0.03568209 0.01570730 0.02154139 0.14763296 0.06847128 0.00639828 0.01000360 0.04222169
112 0.08836642 0.04569661 0.04832661 0.06984422 0.00638744 0.11391803 0.06276032 0.01717410 0.08158532 0.05159281 0.12077503 0.06003302 0.01361690 0.02802081 0.02050421 0.04707431 0.04663591 0.01189550 0.02793881 0.03785361
113 0.10589988 0.05198694 0.04216755 0.01670188 0.01145089 0.02768897 0.03467366 0.05862453 0.01298859 0.02367577 0.02337217 0.02844997 0.01130259 0.01343459 0.22840575 0.21161477 0.05812164 0.00441224 0.00464206 0.03038557
114 0.08517688 0.08054018 0.04372559 0.08634868 0.00783819 0.14059796 0.11444697 0.03352289 0.02329939 0.03579339 0.03905789 0.10347797 0.01216400 0.01620210 0.02563199 0.05524268 0.04389619 0.00481074 0.00843515 0.03979119
115 0.06329564 0.01438851 0.01347151 0.01000341 0.01333831 0.01474721 0.01490331 0.01235471 0.00964880 0.22102413 0.14930209 0.01931781 0.04302743 0.03683182 0.01066341 0.03608052 0.04724723 0.00625750 0.01538351 0.24871315
116 0.12150995 0.09477676 0.04475458 0.03433989 0.09933376 0.02188779 0.02538909 0.03422499 0.03538658 0.01657219 0.02485569 0.07982667 0.02109369 0.01892049 0.01940079 0.18484692 0.06052947 0.00765953 0.01179949 0.04289168
117 0.08539589 0.08144660 0.04475310 0.08703489 0.00757257 0.13972599 0.11501399 0.03331270 0.02294820 0.03428720 0.03798410 0.10461899 0.01198810 0.01598520 0.02597960 0.05660280 0.04344100 0.00489530 0.00858619 0.03842760
118 0.09584108 0.02540030 0.03775869 0.01215000 0.01217570 0.01483840 0.01971330 0.16493897 0.01530810 0.05326589 0.09092318 0.02885159 0.09329888 0.02094470 0.01816910 0.10181098 0.12694798 0.00870607 0.00574541 0.05321169
119 0.04052544 0.01604372 0.01216161 0.00782112 0.00938135 0.01159721 0.01694472 0.01504112 0.00940178 0.15574716 0.31505632 0.01519622 0.07825528 0.07629258 0.00930712 0.02899353 0.02947203 0.00680166 0.02498393 0.12097612
120 0.25662510 0.02713731 0.02712461 0.02352281 0.03181261 0.02908651 0.03543531 0.09956424 0.01712281 0.04437622 0.04376312 0.02870361 0.01526961 0.01974611 0.02494321 0.13548005 0.06667913 0.00677671 0.01189940 0.05493152
121 0.25951509 0.02805201 0.02707311 0.02274641 0.03192831 0.02895991 0.03454321 0.10012804 0.01685941 0.04408622 0.04303732 0.02958711 0.01550631 0.01922531 0.02366731 0.13498505 0.06662902 0.00687194 0.01175510 0.05484382
122 0.07921371 0.07365631 0.05074611 0.04328681 0.00776696 0.02574600 0.03202540 0.39752506 0.01978510 0.01499650 0.02836250 0.03578861 0.00699691 0.01232000 0.02675230 0.08849791 0.03039160 0.00459594 0.00604014 0.01550610
123 0.11326202 0.02733741 0.04753291 0.01057570 0.01094770 0.01076320 0.01755660 0.12954803 0.00851871 0.06916412 0.03638081 0.01783370 0.01656550 0.01280560 0.02501421 0.23378405 0.16265004 0.00329022 0.00607205 0.04039741
124 0.04499230 0.00249081 0.00458538 0.00078400 0.00923682 0.00718469 0.00172802 0.00705068 0.00245723 0.28271398 0.19019398 0.00486273 0.05982029 0.02757930 0.00533168 0.01682300 0.04166760 0.00160903 0.00712752 0.28176098
125 0.04636200 0.00314271 0.00479842 0.00162746 0.01041150 0.00814271 0.00373791 0.00692625 0.00362911 0.26677599 0.19597299 0.00640065 0.04912610 0.04254380 0.00531795 0.01650960 0.04027750 0.00273446 0.01156490 0.27399799
126 0.13346711 0.03970893 0.12846110 0.01915492 0.01636991 0.02487062 0.01845181 0.02628852 0.02773182 0.04236273 0.06706075 0.04506414 0.11426709 0.01900142 0.01814691 0.10111508 0.07442456 0.01098241 0.01040891 0.06266125
127 0.08275013 0.08741353 0.05951742 0.04762872 0.01045550 0.05116522 0.05883852 0.04525472 0.01991451 0.02291471 0.02457141 0.14304005 0.01491681 0.01727131 0.03270151 0.16921306 0.05582722 0.00632203 0.01263820 0.03764541
128 0.07638718 0.03762229 0.15087896 0.03700229 0.00863450 0.02040530 0.03003549 0.06496268 0.02582699 0.03219949 0.02860349 0.04485749 0.01116660 0.01393030 0.18868095 0.12831997 0.05512869 0.00392036 0.00691348 0.03452349
129 0.03387566 0.00794097 0.00503571 0.00212138 0.00773482 0.00670373 0.00794834 0.00870149 0.00363058 0.21042875 0.31214763 0.00774495 0.08276920 0.06605652 0.00449981 0.01934968 0.02766737 0.00166802 0.01610058 0.16787480
130 0.10075902 0.01196690 0.01313180 0.00942165 0.04914921 0.01432550 0.00736027 0.01209940 0.00940776 0.17639804 0.12020403 0.01105460 0.03868671 0.02885721 0.01281050 0.05889611 0.06996611 0.00953321 0.01119890 0.23477305
131 0.06491171 0.24085005 0.03604161 0.02872161 0.01630250 0.06303081 0.04647621 0.02580631 0.03127881 0.02090510 0.03563931 0.15771503 0.01989730 0.01949960 0.02927871 0.05952701 0.04297671 0.01010440 0.02007480 0.03096241
132 0.04070950 0.00574308 0.00530529 0.00212234 0.00986635 0.00744105 0.00609328 0.00721139 0.00445329 0.22120602 0.26254902 0.00787272 0.06167080 0.06851210 0.00511282 0.01848900 0.03310520 0.00382642 0.01747630 0.21123401
133 0.05448661 0.02899161 0.09453902 0.26029705 0.00877607 0.06341781 0.15945803 0.06930521 0.02590001 0.01437430 0.01946130 0.06551651 0.00441931 0.01529620 0.00902531 0.04570881 0.02790071 0.00383117 0.00652974 0.02276520
134 0.05893288 0.01170300 0.00598079 0.00316591 0.01225800 0.00963830 0.00918958 0.00585319 0.01024640 0.17403194 0.23976492 0.01447260 0.03953959 0.09639147 0.00406227 0.02514379 0.03215579 0.01380960 0.05321608 0.18044394
135 0.11248702 0.01627400 0.01883750 0.01008450 0.01691130 0.02124110 0.01934110 0.02229480 0.01648560 0.13940202 0.22775604 0.01650820 0.05131571 0.04985341 0.01185340 0.05294921 0.04683551 0.00551833 0.01693920 0.12711202
136 0.03124238 0.02557249 0.02535369 0.00741998 0.00839123 0.00774925 0.02093419 0.01182409 0.04560577 0.03828968 0.05921037 0.02523499 0.01089049 0.20954088 0.00403289 0.04074688 0.02342119 0.01478449 0.35259181 0.03716328
137 0.04040408 0.01635109 0.01224329 0.00808824 0.00917652 0.01137090 0.01679179 0.01524269 0.00972355 0.15604493 0.31387187 0.01540709 0.07829157 0.07577547 0.00925526 0.02886249 0.02953399 0.00706855 0.02474669 0.12174995
138 0.03852270 0.01738710 0.02366360 0.01406660 0.00947992 0.01070470 0.01605900 0.01856760 0.03038990 0.07632120 0.15386400 0.02328550 0.02885610 0.22074300 0.00965369 0.03314630 0.02711780 0.01501850 0.16314300 0.07000980
139 0.11642897 0.01784890 0.04372079 0.04905969 0.00780379 0.01812330 0.02370809 0.50552688 0.01717980 0.01358630 0.01862080 0.02233479 0.00559268 0.01216360 0.01156130 0.06984878 0.02654089 0.00264803 0.00379304 0.01390960
140 0.02594901 0.00320201 0.00243967 0.00138076 0.00852053 0.00414810 0.00575605 0.00337088 0.00338192 0.16128807 0.35107414 0.00827790 0.04917202 0.17518707 0.00148905 0.01142940 0.01364851 0.00247452 0.03433431 0.13347605
141 0.18562296 0.02144770 0.02902169 0.00924318 0.03820269 0.02167410 0.01137200 0.02306339 0.01601230 0.04038459 0.06469469 0.02021970 0.08629128 0.01485000 0.02164570 0.20909895 0.09066128 0.00646944 0.01100260 0.07902178
142 0.06252720 0.01382380 0.01370160 0.01023870 0.01358620 0.01495050 0.01343140 0.01207240 0.00946104 0.22312299 0.14930200 0.01833420 0.04308040 0.03651050 0.01039060 0.03550770 0.04710870 0.00670379 0.01481630 0.25132999
143 0.11662891 0.01700049 0.04384696 0.04862376 0.00802393 0.01790419 0.02314418 0.50773959 0.01704149 0.01344909 0.01747159 0.02211688 0.00533601 0.01245799 0.01142989 0.07055974 0.02676188 0.00239020 0.00420386 0.01386939
144 0.23139912 0.05249883 0.04030222 0.02347451 0.02009731 0.03653702 0.03816112 0.05242353 0.01496081 0.02212191 0.02258521 0.09983745 0.01261361 0.01394241 0.03115932 0.17843409 0.05805973 0.00669402 0.00909848 0.03559932
145 0.31677409 0.01250100 0.02565661 0.00941593 0.03595041 0.00795051 0.01454280 0.23179707 0.00834304 0.01192800 0.01137490 0.00987401 0.00352363 0.01046900 0.01722020 0.19972406 0.05460032 0.00345545 0.00242864 0.01247030
146 0.03864669 0.00316638 0.00331642 0.00083689 0.00890365 0.00631841 0.00307838 0.00621667 0.00228924 0.25459092 0.24502893 0.00543428 0.06052738 0.05451968 0.00412500 0.01475710 0.03398549 0.00145548 0.01287010 0.23993293
147 0.27681097 0.01342630 0.02179460 0.00964719 0.05170759 0.01461240 0.01137230 0.05950279 0.01005900 0.01459050 0.01924900 0.01118990 0.00999902 0.01099660 0.01784040 0.32129497 0.08404719 0.00248019 0.01074080 0.02863830
148 0.09177531 0.03663360 0.05043791 0.06340331 0.01131040 0.03467630 0.16046302 0.12543702 0.01697700 0.07738711 0.08633781 0.03548910 0.01348850 0.01340420 0.02667830 0.07301391 0.03324260 0.00379307 0.01737320 0.02867830
149 0.03868102 0.00496723 0.00412328 0.00127918 0.00833453 0.00698195 0.00466196 0.00740909 0.00288956 0.25242112 0.25462512 0.00600249 0.06939513 0.04640992 0.00448506 0.01658321 0.03384862 0.00143681 0.01148961 0.22397510
150 0.02618987 0.01121809 0.00492026 0.00093878 0.00530015 0.00385293 0.00549522 0.01049059 0.00189819 0.19689980 0.36020564 0.00703969 0.13278887 0.03702966 0.00493020 0.02344808 0.02809847 0.00123129 0.00791736 0.13010687
151 0.10711003 0.04845171 0.04849911 0.01745921 0.00869038 0.02380971 0.03002241 0.11614103 0.01223280 0.02033081 0.02934791 0.02745011 0.00752893 0.01319560 0.28309308 0.13237804 0.04601801 0.00358664 0.00304795 0.02160651
152 0.06347776 0.24247883 0.03615787 0.02948258 0.01659179 0.06265876 0.04637787 0.02487198 0.03225218 0.02077579 0.03533368 0.15826389 0.01943279 0.01948109 0.02882728 0.05884776 0.04266047 0.01009719 0.02093199 0.03099848
153 0.07668768 0.05731059 0.02684689 0.01356550 0.00811346 0.03423889 0.02652759 0.03419409 0.01546140 0.02486979 0.03587599 0.01822290 0.00880693 0.01896480 0.40566691 0.08989508 0.06795609 0.00377434 0.00464448 0.02837659
154 0.03248700 0.00575020 0.01359180 0.00418998 0.00899528 0.00604360 0.00764874 0.00686575 0.01429060 0.15587002 0.25190803 0.01170730 0.03899910 0.18545502 0.00344708 0.01797150 0.02188320 0.00307996 0.07795281 0.13186301
155 0.19153803 0.02866460 0.05267681 0.03135230 0.01462470 0.01811270 0.03277800 0.19282103 0.01186010 0.01677660 0.01659820 0.06895271 0.00735067 0.01127880 0.04675461 0.18114503 0.04233991 0.00517045 0.00440023 0.02480450
156 0.06605560 0.04061520 0.19398201 0.10253100 0.01232230 0.03586170 0.05414190 0.07015710 0.04335980 0.02583860 0.03487740 0.06036440 0.01527320 0.02706150 0.02068200 0.08387330 0.05160390 0.00504767 0.02289770 0.03345370
157 0.03022261 0.00792006 0.00522922 0.00096949 0.00676529 0.00445637 0.00466973 0.00859198 0.00246839 0.19849205 0.33059608 0.00704873 0.10546003 0.05665121 0.00462887 0.02156491 0.02916121 0.00256892 0.01289080 0.15964404
158 0.02801791 0.03341491 0.04425712 0.05839702 0.00822806 0.01167220 0.02294511 0.02027211 0.04893362 0.02502051 0.05852372 0.04222622 0.01771271 0.19663108 0.00345925 0.03133141 0.02235151 0.05207312 0.23802609 0.03650631
159 0.04799142 0.00112717 0.00361939 0.00066216 0.00994064 0.00782491 0.00125983 0.00653545 0.00252278 0.30700014 0.15514707 0.00444670 0.04279262 0.02243091 0.00508840 0.01302631 0.04354442 0.00148544 0.00638308 0.31717114
160 0.04667421 0.14850904 0.08904022 0.09939652 0.00210556 0.12568203 0.06805022 0.02176501 0.02264051 0.00987469 0.01429940 0.21956505 0.00940269 0.01588800 0.00377654 0.04293751 0.03876971 0.00112984 0.00271003 0.01778320
161 0.02981568 0.02607468 0.02543478 0.00761695 0.00788443 0.00781088 0.02134518 0.01174409 0.04572957 0.03821277 0.05914326 0.02559708 0.01074099 0.20971885 0.00403702 0.04030077 0.02330938 0.01526609 0.35315275 0.03706477
162 0.03065059 0.02656419 0.02530779 0.00749812 0.00838819 0.00757153 0.02153849 0.01176460 0.04585478 0.03857158 0.05949988 0.02552419 0.01090150 0.20868291 0.00391707 0.04085638 0.02335479 0.01499549 0.35128686 0.03727108
163 0.30764123 0.00898512 0.01982421 0.01365651 0.01374011 0.00797589 0.01521281 0.40841030 0.00899495 0.00939314 0.00798438 0.00808661 0.00194207 0.00991735 0.00603544 0.09054917 0.05046074 0.00392702 0.00097274 0.00629022
164 0.04777383 0.00130378 0.00395732 0.00083707 0.00984770 0.00800699 0.00153995 0.00654896 0.00273365 0.30416818 0.15915210 0.00461856 0.04372513 0.02409191 0.00502905 0.01353271 0.04324053 0.00150341 0.00679496 0.31159419
165 0.03632600 0.04959440 0.10540100 0.23241401 0.00635953 0.08558210 0.11336600 0.05562390 0.02940560 0.01102180 0.01609340 0.13065201 0.00312002 0.02202260 0.00615525 0.04099040 0.02204540 0.00262722 0.00587704 0.02532230
166 0.02774190 0.01022520 0.00476525 0.00090992 0.00561148 0.00407791 0.00517092 0.00992951 0.00195545 0.20369997 0.34757194 0.00669222 0.12396698 0.03920019 0.00485011 0.02265370 0.02904270 0.00115964 0.00841005 0.14236498
167 0.17771109 0.02304961 0.03945102 0.02144221 0.01745301 0.01012551 0.01629801 0.33516017 0.01055011 0.01294191 0.01307321 0.01760051 0.00428856 0.00994731 0.02298801 0.19556810 0.05368743 0.00308923 0.00216459 0.01341041
168 0.06016339 0.09775908 0.03352489 0.03838859 0.00881590 0.03992769 0.05740569 0.01898330 0.02140570 0.07906238 0.06387019 0.14334397 0.02249290 0.03278849 0.01213350 0.05137629 0.04379389 0.01049550 0.01555370 0.14871497
169 0.08586265 0.08299965 0.04391597 0.08530285 0.00754100 0.13996591 0.11327693 0.03322198 0.02316929 0.03570818 0.03804808 0.10545393 0.01202329 0.01626409 0.02524148 0.05548686 0.04371197 0.00512780 0.00833283 0.03934527
170 0.02580989 0.03412678 0.00671661 0.00485873 0.00868266 0.01110159 0.02781989 0.00663447 0.01893739 0.10117095 0.29431085 0.03142748 0.03754968 0.13667893 0.00413754 0.01679729 0.01235949 0.02387159 0.11263094 0.08437726
171 0.06296772 0.24150607 0.03651351 0.02897311 0.01656620 0.06278442 0.04705861 0.02509141 0.03148861 0.02083241 0.03571021 0.15756205 0.01957711 0.01965581 0.02989371 0.05938622 0.04285941 0.01061100 0.01925991 0.03170251
172 0.03866153 0.00689283 0.00622814 0.00234010 0.00799204 0.00687820 0.00528701 0.00967863 0.00333955 0.23854419 0.26663421 0.00655890 0.08514357 0.03104332 0.00576483 0.02216052 0.04295273 0.00144810 0.00803445 0.20441716
173 0.05448389 0.02927690 0.09570749 0.26060897 0.00953517 0.06296629 0.15858998 0.06888129 0.02585730 0.01435060 0.01939890 0.06522909 0.00409252 0.01572730 0.00884224 0.04511240 0.02768760 0.00353740 0.00711178 0.02300290
174 0.06502818 0.03742269 0.03949888 0.12490995 0.00548946 0.08087947 0.31501288 0.03170959 0.01953389 0.02192409 0.03046209 0.07480947 0.00671537 0.01313370 0.01537539 0.04662758 0.02762409 0.00411585 0.01367179 0.02605559
175 0.05760888 0.01783779 0.07047858 0.30252791 0.00611681 0.05479308 0.26517292 0.03825019 0.01969159 0.01241040 0.01347120 0.04469459 0.00167946 0.00667903 0.00431640 0.03993989 0.02667579 0.00088048 0.00365283 0.01312220
176 0.10149595 0.03057789 0.06833697 0.14619293 0.01143199 0.04009718 0.08512906 0.04761368 0.02226359 0.02483349 0.02719169 0.04678848 0.00767212 0.01318039 0.12866394 0.09558256 0.04219368 0.00412534 0.00564219 0.05098688
177 0.11066198 0.02306960 0.02962020 0.01752010 0.02349970 0.01900920 0.01884780 0.02399400 0.01797230 0.10473598 0.07973899 0.02657070 0.04052879 0.02281530 0.02218170 0.15174498 0.06924779 0.00932175 0.01147620 0.17744297
178 0.23796307 0.00878436 0.01181100 0.00834563 0.10752503 0.02387721 0.00733852 0.01911621 0.00952578 0.04331341 0.05791022 0.00889035 0.02398361 0.01493770 0.02046161 0.12748704 0.12070904 0.00916163 0.00640954 0.13244904
179 0.05350360 0.02334840 0.02397130 0.08292700 0.00148574 0.13874700 0.44412099 0.01237770 0.01722010 0.01607170 0.01384040 0.08301290 0.00162697 0.00379452 0.00784262 0.02773650 0.01654470 0.00200317 0.00445680 0.02536790
