1 0.36136521 0.00856004 0.01202481 0.01443351 0.05657483 0.00875747 0.01362741 0.07875674 0.00922291 0.02838852 0.03168442 0.01012001 0.00809985 0.00540698 0.02207121 0.19291011 0.07424874 0.00107436 0.00488723 0.05778563
2 0.15324793 0.03235489 0.02468319 0.02833119 0.01792199 0.03690918 0.03385099 0.04305008 0.01350959 0.02874919 0.05982987 0.02982879 0.02596149 0.05168148 0.19595791 0.09309246 0.05812687 0.00736844 0.02184009 0.04370438
3 0.28310399 0.01403450 0.02859800 0.02069010 0.03103760 0.01706170 0.02071610 0.08838420 0.01052770 0.02441040 0.02696410 0.01853260 0.01043820 0.00909049 0.02946020 0.22194099 0.09175290 0.00211990 0.00817164 0.04296470
4 0.06708091 0.01266120 0.01136980 0.00845673 0.01511610 0.01047720 0.01484440 0.01517380 0.00690787 0.23103903 0.15432702 0.01722180 0.03205740 0.03268670 0.00907229 0.03193050 0.04610791 0.00262270 0.01350160 0.26734503
5 0.06035030 0.00846203 0.00571875 0.00272402 0.01138830 0.00723133 0.00673799 0.00979296 0.00580386 0.22144802 0.25894302 0.00779063 0.05632280 0.04806200 0.00571152 0.02181200 0.03522030 0.00349453 0.01025760 0.21272802
6 0.14472704 0.02308171 0.02432031 0.01979651 0.02107221 0.02976841 0.04236581 0.03140051 0.01294930 0.04888261 0.04653971 0.02912771 0.02618551 0.01195670 0.16075604 0.08500722 0.12446003 0.00693034 0.01205250 0.09861983
7 0.15258204 0.02890621 0.05149821 0.04051021 0.02390581 0.03224811 0.03701011 0.07146312 0.01846820 0.03057241 0.03703951 0.03731611 0.01779480 0.01649460 0.03470341 0.20844405 0.09859692 0.00467196 0.01678540 0.04098881
8 0.04718381 0.17924003 0.05520781 0.03933061 0.01263870 0.06090431 0.06233571 0.03883491 0.02597720 0.02553840 0.03367301 0.20948904 0.02069250 0.01186770 0.02015550 0.05702951 0.04777641 0.00370643 0.01399030 0.03442811
9 0.05537550 0.08018500 0.04474890 0.11069200 0.00576755 0.07128190 0.20580500 0.03840720 0.02581220 0.02363490 0.02381330 0.12977200 0.01552340 0.00895635 0.01516480 0.05055450 0.05485640 0.00216651 0.00981031 0.02767230
10 0.13942101 0.01564740 0.05508470 0.02616800 0.02123020 0.02259380 0.02359650 0.03142280 0.01161770 0.02577620 0.02435320 0.02450130 0.01579650 0.01289410 0.02193040 0.27392002 0.20306802 0.00217738 0.00893353 0.03986720
11 0.08908936 0.12438094 0.04985498 0.03727138 0.01939499 0.04610168 0.04180258 0.06123797 0.02288249 0.02332309 0.02864419 0.08351206 0.01475439 0.01303289 0.04195098 0.18341591 0.07143217 0.00482787 0.01589829 0.02719179
12 0.04008726 0.01070819 0.00644824 0.00323194 0.00947639 0.00986651 0.00854701 0.00796269 0.00758212 0.20805282 0.27645076 0.01153559 0.08502953 0.05243425 0.00666349 0.02239008 0.04251476 0.00511402 0.01946648 0.16643785
13 0.06671257 0.03401024 0.11279412 0.07416348 0.01766392 0.03411014 0.05804266 0.17029318 0.03008693 0.01880072 0.02556433 0.06233756 0.01244281 0.01141611 0.02568783 0.11011911 0.09366860 0.00368697 0.01100671 0.02739203
14 0.03986668 0.00903854 0.00522939 0.00124853 0.00705910 0.00700739 0.00487979 0.00695510 0.00648901 0.19381892 0.33930686 0.00705764 0.07915047 0.06674177 0.00486049 0.01503749 0.02898559 0.00484894 0.01155940 0.16085893
15 0.03896840 0.01965970 0.01428000 0.01543510 0.02518910 0.02927270 0.02345840 0.01820540 0.02241960 0.11712801 0.16433902 0.02340280 0.11049501 0.07596721 0.01211570 0.04698630 0.05813911 0.01215830 0.10064001 0.07174011
16 0.03604379 0.01139240 0.00759112 0.00512816 0.01117140 0.01302000 0.00678083 0.00959425 0.01997189 0.11353397 0.29447291 0.00896325 0.07237988 0.13827496 0.00657208 0.02048779 0.02642389 0.01726269 0.10190297 0.07903178
17 0.07534652 0.06356552 0.02709381 0.03690051 0.01136300 0.04384531 0.04051761 0.04326661 0.01744261 0.02046981 0.04099281 0.08344013 0.01607010 0.01061910 0.29522609 0.08251243 0.05350112 0.00641894 0.00909795 0.02231001
18 0.05069670 0.02467460 0.01817500 0.01590850 0.01326260 0.02376600 0.02590290 0.02414070 0.01187950 0.12502301 0.24125502 0.03388640 0.09714261 0.05594710 0.01829510 0.04602000 0.04917650 0.00642632 0.02163300 0.09678841
19 0.18577796 0.02563919 0.04113539 0.10998098 0.02809199 0.03459399 0.07532448 0.05527919 0.01938710 0.01846170 0.03999639 0.03415779 0.01692770 0.05529319 0.03303099 0.10260898 0.05516219 0.00591221 0.02228530 0.04095329
20 0.06545342 0.04914251 0.05117371 0.15218004 0.00776670 0.06251532 0.22129206 0.04670721 0.02578291 0.02517411 0.02864361 0.06610432 0.01463820 0.01044070 0.02173731 0.05766432 0.05031131 0.00270202 0.01182180 0.02874841
21 0.06707246 0.02939548 0.07592665 0.19800588 0.01343849 0.04093727 0.14250791 0.04618047 0.01860659 0.02372079 0.02336139 0.04643677 0.01549909 0.00869974 0.02174189 0.09501764 0.09179864 0.00270698 0.01154949 0.02739638
22 0.05718890 0.03301650 0.08351621 0.24167601 0.01013830 0.04140190 0.17801801 0.05495790 0.01871250 0.01888390 0.01993460 0.04996260 0.01052970 0.01053910 0.02015370 0.07466890 0.04160380 0.00320504 0.01226460 0.01962780
23 0.02840609 0.32809287 0.04162458 0.01858639 0.00917913 0.06518007 0.03245019 0.02364499 0.03230639 0.01332219 0.02256569 0.25909690 0.01186240 0.00689767 0.00817960 0.03618379 0.02768039 0.00095889 0.01423819 0.01954359
24 0.07894738 0.03318209 0.03262709 0.03210679 0.01845599 0.03435869 0.02519019 0.16867395 0.04612699 0.02322449 0.04597229 0.02834619 0.01546070 0.08817347 0.01712169 0.09359367 0.02903929 0.02512429 0.13767796 0.02659679
25 0.24976281 0.02365838 0.01946589 0.01936279 0.02112738 0.02521158 0.03129908 0.06265765 0.01004339 0.02172518 0.02861288 0.02387628 0.01791749 0.00849836 0.19166185 0.12182891 0.07087175 0.00384209 0.00606731 0.04250897
26 0.03976601 0.20734307 0.04682722 0.02077851 0.01273890 0.05699402 0.05037542 0.03085421 0.02457841 0.02583841 0.03046731 0.21150707 0.02203621 0.03062041 0.01777781 0.04673422 0.06591222 0.00287915 0.01388810 0.04208331
27 0.04605715 0.09749570 0.07440497 0.15123215 0.01142001 0.05680856 0.13514814 0.04594565 0.02296272 0.01720432 0.02146572 0.13822314 0.01290261 0.00875993 0.01892412 0.06722747 0.04065724 0.00354698 0.01109851 0.01851492
28 0.25670386 0.02255919 0.02105279 0.02559909 0.02872698 0.02145399 0.03353848 0.09324905 0.01308189 0.04632037 0.05588217 0.02527089 0.01606469 0.01574309 0.03582268 0.14042592 0.06699176 0.00322555 0.01288519 0.06540236
29 0.04798318 0.01568049 0.01011290 0.00643641 0.00913869 0.01382870 0.01134120 0.01395380 0.01075070 0.15145495 0.32876089 0.01436410 0.07746717 0.07447168 0.00987496 0.02555169 0.03167529 0.00683097 0.02050429 0.11981796
30 0.03497601 0.01008280 0.00567572 0.00134080 0.00666793 0.00795763 0.00562173 0.00742947 0.00682162 0.16101802 0.37739706 0.00779674 0.09721611 0.08749351 0.00469144 0.01587270 0.02624040 0.00645087 0.01493540 0.11431402
31 0.07354479 0.04039180 0.03015730 0.09080429 0.00974792 0.03758280 0.06540429 0.04409720 0.01455910 0.01579050 0.03372280 0.04236910 0.01622000 0.01118410 0.30965598 0.08612539 0.04526030 0.00435230 0.00821016 0.02081990
32 0.19638893 0.02052669 0.03338449 0.03244319 0.02119729 0.01812529 0.02205689 0.21896492 0.01417979 0.01558589 0.02071429 0.02314139 0.00909615 0.01179340 0.02764419 0.21740692 0.04969398 0.00447282 0.01643949 0.02674399
33 0.13147500 0.05531960 0.02874560 0.02327190 0.01956450 0.03538030 0.05158260 0.03111030 0.01437800 0.07274990 0.06571800 0.10886300 0.02455050 0.01778100 0.02602490 0.07292290 0.07268860 0.00446019 0.01205920 0.13135400
34 0.05805510 0.00687856 0.00603017 0.00389869 0.01373210 0.00511579 0.00751275 0.01576960 0.00390265 0.27755602 0.15752301 0.00802267 0.02994250 0.02689120 0.00416277 0.02082730 0.04031320 0.00200663 0.00839025 0.30346902
35 0.15189311 0.02936042 0.05071024 0.04068573 0.02370592 0.03169052 0.03711893 0.07252125 0.01805721 0.03092862 0.03771443 0.03707313 0.01781481 0.01723651 0.03310672 0.20774015 0.09980217 0.00467737 0.01691101 0.04125173
36 0.05185613 0.15598409 0.09800445 0.04884423 0.01877961 0.05519033 0.04675823 0.04472453 0.03190692 0.01790061 0.02416411 0.12962807 0.01345071 0.01220791 0.02439331 0.12493007 0.05553563 0.00423784 0.01722891 0.02427431
37 0.26961896 0.01154850 0.03369349 0.01834050 0.02915300 0.01538250 0.01660160 0.07978629 0.00989533 0.02221180 0.02336250 0.01597440 0.00948472 0.00953178 0.02467360 0.25432796 0.10687298 0.00179557 0.00810616 0.03963839
38 0.05781592 0.03267851 0.08316743 0.24121709 0.00975273 0.04172182 0.18081707 0.05413072 0.01912701 0.01944511 0.01983021 0.04979692 0.01063540 0.01025340 0.02101341 0.07261833 0.04040702 0.00291759 0.01280230 0.01985201
39 0.16275102 0.01935110 0.01875610 0.01924940 0.02205320 0.02391720 0.03089190 0.04776851 0.01120410 0.08104341 0.14022102 0.02629000 0.06657451 0.03220250 0.04327281 0.08939601 0.06350811 0.00499056 0.01446910 0.08208941
40 0.14971593 0.02920479 0.05167108 0.04017918 0.02401299 0.03215349 0.03634128 0.07327697 0.01846229 0.03064029 0.03776378 0.03707608 0.01814709 0.01715059 0.03406709 0.20851891 0.09861826 0.00507344 0.01723269 0.04069378
41 0.36645231 0.00962517 0.01358201 0.01272071 0.03634413 0.01035851 0.01453521 0.10307709 0.00772928 0.02441802 0.02604232 0.01215381 0.00736522 0.00545663 0.02784412 0.20112017 0.06771786 0.00138001 0.00569617 0.04638124
42 0.32456274 0.01226219 0.01996038 0.01697719 0.03389177 0.01347789 0.01844639 0.09979622 0.00932558 0.02476718 0.02755588 0.01580709 0.00911991 0.00740875 0.03055528 0.20396784 0.07746844 0.00185674 0.00737708 0.04541546
43 0.19164200 0.01612770 0.01931000 0.02515020 0.06797570 0.02374460 0.02751280 0.04207860 0.01462710 0.05897730 0.08403400 0.02547180 0.06048930 0.02682290 0.02979860 0.11414700 0.07237970 0.00406099 0.02268420 0.07296550
44 0.09958533 0.01823311 0.02257411 0.01554700 0.01993141 0.01710581 0.02590711 0.01948921 0.00981787 0.14373305 0.09853003 0.02789851 0.02980791 0.02106291 0.01871241 0.08705173 0.11992504 0.00312901 0.01489040 0.18706806
45 0.05100398 0.00503423 0.00425800 0.00138643 0.01272950 0.00370307 0.00484015 0.00679381 0.00253759 0.29535589 0.15990194 0.00672985 0.02765399 0.02695049 0.00249893 0.01280280 0.03765279 0.00097761 0.00686011 0.33032888
46 0.05707590 0.03249750 0.08387110 0.24193100 0.00992911 0.04104050 0.18097700 0.05476800 0.01919170 0.01933650 0.01926320 0.04960640 0.01055710 0.01068140 0.01978150 0.07359010 0.04038760 0.00298729 0.01253860 0.01998850
47 0.03136229 0.29840989 0.04685688 0.02147389 0.01023770 0.06354368 0.03519759 0.02502089 0.03011559 0.01351690 0.02205799 0.25639491 0.01280670 0.00716950 0.01084880 0.05010808 0.03036489 0.00168906 0.01320500 0.01961979
48 0.09303890 0.02417810 0.04039930 0.03600670 0.02320780 0.03641350 0.04248350 0.03755580 0.01436280 0.05455360 0.08054350 0.03856180 0.07658770 0.02519850 0.02933930 0.17604700 0.09572210 0.00530321 0.01950850 0.05098840
49 0.07290295 0.05298667 0.02727588 0.02375998 0.06384516 0.04027357 0.02253999 0.03037788 0.01714699 0.06527686 0.18820088 0.09071574 0.04528907 0.04227137 0.01954039 0.05796106 0.04544867 0.00526944 0.02570148 0.06321596
50 0.05968311 0.09420321 0.05179831 0.03285250 0.01443620 0.06143761 0.07441001 0.03789750 0.05593051 0.02767320 0.03458150 0.15112302 0.01729270 0.01005770 0.02291030 0.07265851 0.12648401 0.00479910 0.01599520 0.03377580
51 0.15237604 0.03001741 0.05113031 0.04027771 0.02394001 0.03189981 0.03665141 0.07223912 0.01796011 0.03107581 0.03792691 0.03832601 0.01788581 0.01724980 0.03398941 0.20561906 0.09830843 0.00486252 0.01681280 0.04145151
52 0.02600150 0.34082001 0.04222410 0.01661540 0.00907356 0.06422980 0.02750360 0.02153420 0.03241320 0.01189660 0.02124000 0.26933001 0.01140380 0.00643174 0.00659684 0.03453040 0.02487930 0.00072994 0.01418320 0.01836280
53 0.04302830 0.00814862 0.00508351 0.00166082 0.00891049 0.00653382 0.00546433 0.00713906 0.00562829 0.22732101 0.27857101 0.00742133 0.06300220 0.05295830 0.00446255 0.01513110 0.03282950 0.00368284 0.01133490 0.21168801
54 0.06307480 0.01351550 0.01020530 0.00753111 0.01416890 0.01441010 0.01212390 0.01495100 0.00992145 0.17857499 0.25484499 0.01320320 0.06501530 0.04981580 0.01416630 0.05353450 0.04647690 0.00635977 0.01770620 0.14040000
55 0.04111750 0.22200500 0.03828900 0.04340730 0.00650827 0.07549930 0.10664800 0.02864590 0.02985380 0.02186470 0.02533980 0.20912000 0.01470520 0.00841411 0.01070840 0.04112730 0.03939380 0.00126311 0.01063400 0.02545550
56 0.05782972 0.03087771 0.11355003 0.18439006 0.01147830 0.04290301 0.16009905 0.05092862 0.01886591 0.01688411 0.01863611 0.05643662 0.01343600 0.00970894 0.01657370 0.11492303 0.05007022 0.00257748 0.00864498 0.02118641
57 0.04364148 0.01421889 0.00996734 0.00759772 0.01373789 0.01690379 0.01556529 0.00938260 0.01095180 0.19695692 0.19925492 0.01896179 0.09416456 0.03612709 0.01196640 0.04393348 0.08125017 0.00623485 0.03134509 0.13783794
58 0.16509992 0.03885468 0.04988668 0.10946195 0.02382179 0.05290837 0.11440095 0.05973317 0.05340737 0.01895929 0.03729738 0.03940078 0.01045119 0.01264979 0.02220239 0.08943816 0.05222657 0.00315848 0.01485849 0.03178258
59 0.03357519 0.01448780 0.01261610 0.01227060 0.02562459 0.01973840 0.01694830 0.01154670 0.03795639 0.14836897 0.07444839 0.01390940 0.05824099 0.09581558 0.01654620 0.05238109 0.08687898 0.02398100 0.17767896 0.06698639
60 0.06910255 0.00552367 0.00478982 0.00238059 0.01502529 0.00454541 0.00586386 0.01010329 0.00312167 0.27677579 0.15600388 0.00709889 0.02743968 0.02621328 0.00418892 0.02200748 0.04058507 0.00119746 0.00715965 0.31087376
61 0.04727588 0.01620169 0.01016390 0.00633530 0.00915564 0.01395849 0.01120670 0.01343890 0.01087830 0.14945495 0.33092988 0.01482659 0.07815697 0.07524737 0.01054120 0.02526059 0.03134809 0.00707402 0.02102059 0.11752496
62 0.03795988 0.05597497 0.02535089 0.01254119 0.01120599 0.03767158 0.03847398 0.01389509 0.01163789 0.13082994 0.15845093 0.11507495 0.08916256 0.03415818 0.01074030 0.03789828 0.05617107 0.00488786 0.01794989 0.09996455
63 0.04999824 0.00528251 0.00426810 0.00144824 0.01251761 0.00398046 0.00494655 0.00689327 0.00285512 0.29175423 0.16577613 0.00674520 0.03021972 0.02832422 0.00248145 0.01329551 0.03783393 0.00121943 0.00757381 0.32258625
64 0.06486239 0.03324679 0.06669139 0.23383195 0.00396804 0.05638579 0.26662794 0.04169319 0.02361169 0.01530910 0.01562840 0.04614669 0.00628478 0.00775155 0.01249370 0.04550939 0.03379829 0.00084365 0.00793310 0.01738220
65 0.13417911 0.02208902 0.05610574 0.02864952 0.06872245 0.03450113 0.02330962 0.04225053 0.06034955 0.03499853 0.03473383 0.02718712 0.01937172 0.01264931 0.02024412 0.17989514 0.12566210 0.00370611 0.02550702 0.04588834
66 0.19312506 0.02153671 0.02722371 0.02694231 0.02584981 0.02994291 0.02584991 0.09607123 0.02244111 0.02963201 0.03959211 0.02737331 0.01586610 0.03812911 0.02333691 0.17650505 0.05923282 0.01049150 0.07270332 0.03815501
67 0.26248021 0.01421181 0.01827881 0.01658881 0.03556993 0.01635661 0.01998302 0.06107305 0.00976170 0.07276756 0.05272614 0.01630981 0.01671671 0.01154081 0.02741612 0.17744914 0.08454607 0.00328002 0.00977450 0.07316916
68 0.04380377 0.02847948 0.08104054 0.27944279 0.00351575 0.04256537 0.24764181 0.04667876 0.01650069 0.01555959 0.01166619 0.05716146 0.00603946 0.00608315 0.01108419 0.05117826 0.03028968 0.00082427 0.00684901 0.01359579
69 0.09914784 0.02113351 0.02038251 0.02040531 0.02213911 0.02113861 0.02468541 0.03050351 0.01266071 0.16118007 0.11344505 0.02404501 0.03929022 0.02494311 0.02601481 0.10879405 0.07525513 0.00812875 0.02299621 0.12371106
70 0.06638324 0.04153376 0.04537606 0.14424287 0.00904353 0.06985354 0.20144482 0.03793157 0.02623688 0.02238798 0.05008956 0.05468175 0.02129218 0.00794205 0.01819468 0.06440564 0.07944393 0.00199807 0.01247029 0.02504758
71 0.03900126 0.01234369 0.00722613 0.00375335 0.00908126 0.01175189 0.00955424 0.00848180 0.00830487 0.18921481 0.29374170 0.01340099 0.09535470 0.05763474 0.00704652 0.02430547 0.04287266 0.00543199 0.02056908 0.14092885
72 0.04995459 0.00357656 0.00353889 0.00089839 0.01268730 0.00279999 0.00377251 0.00622342 0.00183878 0.30804896 0.15031498 0.00537587 0.02310650 0.02438940 0.00158325 0.01048500 0.03642109 0.00049087 0.00533571 0.34915795
73 0.21332123 0.03222583 0.02968473 0.06802877 0.02182232 0.04275335 0.12679314 0.06049306 0.01927062 0.02377303 0.03209063 0.04008124 0.01431452 0.00966533 0.03948364 0.10554911 0.06514177 0.00321005 0.00891267 0.04338495
74 0.10614406 0.03348432 0.04086122 0.03341372 0.01961331 0.03360492 0.04626173 0.03454832 0.01743971 0.06387354 0.06452884 0.04551993 0.02673802 0.01960901 0.03314862 0.13563408 0.14960509 0.00467590 0.01748911 0.07380654
75 0.07334845 0.04307807 0.03894598 0.10029794 0.00887041 0.06591376 0.20618887 0.03439098 0.02565938 0.02729748 0.02896518 0.07235185 0.01943589 0.00894413 0.02676198 0.06758706 0.09813534 0.00335718 0.01399969 0.03647038
76 0.12854101 0.04223220 0.02891610 0.06133071 0.01554220 0.05942831 0.13941601 0.03947980 0.02506600 0.04392920 0.10109001 0.04957330 0.02615010 0.01747360 0.02697450 0.06979581 0.05983581 0.00381370 0.01214860 0.04926300
77 0.25780319 0.02258332 0.02145542 0.02548932 0.02911072 0.02145972 0.03305462 0.09242377 0.01289121 0.04647983 0.05481454 0.02564462 0.01611801 0.01551101 0.03627613 0.13993610 0.06662255 0.00336027 0.01294921 0.06601645
78 0.04916229 0.10828899 0.02481110 0.01994430 0.01193790 0.04130180 0.04411769 0.02238340 0.02002450 0.13447398 0.12970298 0.08381769 0.04089270 0.02771340 0.01928100 0.04529499 0.05085689 0.00600022 0.01751620 0.10247799
79 0.04722725 0.01515348 0.00995892 0.00642355 0.00908503 0.01359118 0.01098459 0.01352028 0.01050889 0.15194282 0.33054762 0.01392068 0.07806131 0.07512811 0.01004709 0.02469297 0.03164706 0.00699792 0.02075238 0.11980886
80 0.19161722 0.02281643 0.03260564 0.03475384 0.02054282 0.01837332 0.02554973 0.24699729 0.01461132 0.01585792 0.02187743 0.02436003 0.00977993 0.01141251 0.02801373 0.18969222 0.04569285 0.00465862 0.01469102 0.02609613
81 0.06766563 0.18721407 0.04874632 0.02804471 0.06065602 0.04849072 0.02997701 0.05304462 0.03121571 0.02711371 0.04016862 0.13239805 0.01715531 0.01693531 0.02857551 0.07266403 0.04709352 0.00417702 0.02550981 0.03315431
82 0.04671130 0.01002050 0.00650635 0.00325612 0.01027650 0.00919242 0.00807088 0.00830046 0.00703388 0.22568701 0.24713801 0.01010750 0.06186880 0.04438800 0.00740428 0.02223230 0.04697080 0.00390706 0.01486680 0.20606101
83 0.12078404 0.01422410 0.05372532 0.02234991 0.01780191 0.01981571 0.02007151 0.02127271 0.01023570 0.02520121 0.02243241 0.02165051 0.01582231 0.01314410 0.01775801 0.27810309 0.25675408 0.00184997 0.00752461 0.03947881
84 0.25860510 0.02261771 0.02104021 0.02542481 0.02889411 0.02168831 0.03297591 0.09199904 0.01297071 0.04622822 0.05621142 0.02573241 0.01610631 0.01560781 0.03606141 0.13979006 0.06674003 0.00322160 0.01257101 0.06551383
85 0.04286158 0.00676333 0.00438817 0.00074225 0.00855081 0.00470332 0.00386397 0.00628153 0.00450053 0.23615690 0.27680988 0.00592643 0.05999617 0.05116828 0.00308255 0.01230849 0.03111969 0.00297720 0.00856403 0.22923490
86 0.18580908 0.02537351 0.01724621 0.01658341 0.02082521 0.02505641 0.03297651 0.04622532 0.01200730 0.07991243 0.06165433 0.02434251 0.02257201 0.01292171 0.15064706 0.11091705 0.07747733 0.00775139 0.01170970 0.05799152
87 0.16057291 0.03874618 0.02625919 0.03025738 0.01850849 0.02222179 0.02487159 0.15017991 0.01267129 0.01933099 0.02306189 0.03063958 0.00947297 0.01042429 0.17119690 0.16293191 0.05011477 0.00516499 0.01072339 0.02264959
88 0.24898300 0.02351920 0.01971170 0.01920710 0.02160400 0.02610250 0.03132550 0.06179080 0.01018420 0.02155500 0.02877480 0.02379410 0.01810910 0.00833756 0.19070100 0.12180800 0.07185490 0.00385103 0.00586590 0.04292060
89 0.13297100 0.01739470 0.05288920 0.02564980 0.02046250 0.02317410 0.02462020 0.02905520 0.01183660 0.02787350 0.02593270 0.02544770 0.01700000 0.01288170 0.02268750 0.25922299 0.21654399 0.00254822 0.00940301 0.04240540
90 0.04703961 0.01537360 0.01033080 0.00633524 0.00895854 0.01370820 0.01128490 0.01404900 0.01070570 0.15156404 0.32943309 0.01423060 0.07784852 0.07484392 0.01026580 0.02475141 0.03162061 0.00720645 0.02099391 0.11945603
91 0.10361395 0.03219598 0.05559667 0.08732426 0.01903699 0.04474288 0.11815094 0.05243437 0.01743219 0.02247419 0.02691689 0.04717328 0.02384979 0.01182459 0.02860599 0.18275191 0.07808986 0.00392969 0.01319129 0.03066428
92 0.29676108 0.01647900 0.01337360 0.01685710 0.02381351 0.01040080 0.01779450 0.27472407 0.00868790 0.01711440 0.02172071 0.01486970 0.00739582 0.00589353 0.02384011 0.14960604 0.03940451 0.00206043 0.00769296 0.03151021
93 0.06699683 0.01322579 0.01116899 0.00848186 0.01503878 0.01033609 0.01468208 0.01553678 0.00696068 0.22940075 0.15524283 0.01792218 0.03278256 0.03327696 0.00862579 0.03146527 0.04641765 0.00293304 0.01397138 0.26553371
94 0.04602827 0.12731692 0.04723027 0.06255256 0.00710422 0.06704896 0.14215791 0.03063328 0.02373908 0.02434368 0.02438598 0.20394487 0.02072729 0.00969209 0.01205189 0.04857837 0.05673516 0.00248255 0.00975248 0.03349418
95 0.02987240 0.00766402 0.00572910 0.00359339 0.00966418 0.00801118 0.00401445 0.00755755 0.02266100 0.08617729 0.26849596 0.00546268 0.05921009 0.20745097 0.00405850 0.01710330 0.01834020 0.02650600 0.14538898 0.06303879
96 0.14257088 0.03384357 0.03982427 0.04072957 0.02246988 0.02668888 0.04596626 0.15930987 0.01997718 0.02966388 0.03381367 0.04350266 0.01525899 0.01232149 0.03855867 0.12536990 0.11300991 0.00395553 0.01175229 0.04141267
97 0.28194905 0.01365670 0.02833711 0.02056670 0.03105201 0.01687240 0.02084330 0.08886852 0.01052160 0.02455140 0.02708240 0.01849500 0.01034400 0.00925893 0.02969931 0.22179404 0.09218802 0.00233539 0.00867940 0.04290471
98 0.04638588 0.02072919 0.12525194 0.29057587 0.00661930 0.03207129 0.18298092 0.05042918 0.01615799 0.01704389 0.01172919 0.04558188 0.00619130 0.00695921 0.00989000 0.07163697 0.03510028 0.00171344 0.00761161 0.01534069
99 0.06064328 0.10571697 0.05084698 0.14403995 0.01175330 0.04698308 0.13068896 0.12334296 0.02633919 0.01690459 0.02179409 0.07738977 0.00794184 0.00999242 0.02709359 0.07387758 0.03490049 0.00328107 0.01225370 0.01421620
100 0.04726087 0.01524309 0.01023339 0.00670045 0.00919378 0.01396599 0.01131919 0.01409289 0.01073499 0.15071889 0.32866077 0.01444149 0.07753024 0.07472815 0.00993405 0.02568118 0.03226918 0.00723230 0.02116718 0.11889192
101 0.15031600 0.02988390 0.05118410 0.04127820 0.02392310 0.03126650 0.03699110 0.07144480 0.01824420 0.03090410 0.03854530 0.03807490 0.01787050 0.01697380 0.03440090 0.20669000 0.09850410 0.00506768 0.01687130 0.04156550
102 0.12613395 0.01870699 0.01826379 0.01642709 0.01800489 0.01842819 0.03703929 0.03189309 0.01800069 0.07261647 0.11883895 0.02879699 0.03633109 0.06868267 0.04236358 0.06657567 0.05896068 0.04570598 0.05543298 0.10279696
103 0.21890703 0.01939490 0.01802260 0.01609380 0.01453450 0.00954828 0.01707860 0.43187206 0.00840891 0.01074280 0.01814720 0.01608870 0.00810430 0.00689177 0.01668410 0.11199102 0.02603980 0.00224087 0.00826942 0.02093930
104 0.03690662 0.01351951 0.01210181 0.01041330 0.01246921 0.01325031 0.01125121 0.01690991 0.03029141 0.06948713 0.16367208 0.01314351 0.03527002 0.21619710 0.00872353 0.02994211 0.02467801 0.03427812 0.18166509 0.06583003
105 0.19044698 0.01263750 0.01745390 0.01496200 0.03011360 0.01333740 0.02302230 0.03214790 0.00823713 0.10700499 0.07455269 0.01858610 0.01934190 0.01435440 0.02539760 0.11186099 0.11075499 0.00232691 0.00914074 0.16431999
106 0.03842520 0.01411660 0.00937200 0.00910513 0.01899900 0.01500550 0.01315470 0.01113630 0.02368090 0.18336198 0.14453798 0.01300000 0.05823829 0.08547679 0.01337080 0.03870789 0.05552269 0.02053730 0.11234199 0.12190898
107 0.11193301 0.06448690 0.03255660 0.03100040 0.01936420 0.05444750 0.06430280 0.03172350 0.02293880 0.03298380 0.04117570 0.12288701 0.02152330 0.01743420 0.02407980 0.08756641 0.11257301 0.00601974 0.05416850 0.04683480
108 0.03826819 0.00882328 0.00493214 0.00082282 0.00685425 0.00616805 0.00505561 0.00658906 0.00546032 0.19676193 0.33084988 0.00745988 0.08109367 0.06984627 0.00378723 0.01381819 0.02853159 0.00454464 0.01076710 0.16956594
109 0.05246689 0.04452819 0.08840138 0.09141008 0.01426480 0.05141979 0.13174497 0.04327159 0.01856910 0.02656859 0.04115609 0.09030358 0.06783818 0.01656220 0.01940270 0.08524338 0.06200269 0.00428763 0.01306610 0.03749209
110 0.02625150 0.33944201 0.04236340 0.01671560 0.00898984 0.06443840 0.02744430 0.02160460 0.03254780 0.01196230 0.02138890 0.26907101 0.01139730 0.00633296 0.00687973 0.03476350 0.02516850 0.00076214 0.01421560 0.01826060
111 0.06561012 0.04954551 0.05045301 0.15034304 0.00746028 0.06335032 0.22259506 0.04672721 0.02620111 0.02530941 0.02816371 0.06663482 0.01453250 0.01072750 0.02169581 0.05718071 0.04999491 0.00273477 0.01206130 0.02867891
112 0.10090591 0.02991647 0.04459006 0.04342926 0.01607129 0.05547755 0.03882116 0.30210572 0.02413008 0.01231989 0.02759977 0.03674097 0.01138289 0.01307849 0.02523558 0.14469387 0.03143447 0.00475482 0.01867888 0.01863288
113 0.02262639 0.00728767 0.01407570 0.00679956 0.01157790 0.01176530 0.00249797 0.00680243 0.06335178 0.01975350 0.07279338 0.00360485 0.00494014 0.31107093 0.00279852 0.01941560 0.01369420 0.03970229 0.33607692 0.02936499
114 0.21698795 0.01936720 0.01808010 0.01560950 0.01450790 0.00950029 0.01691190 0.43854789 0.00837988 0.01022540 0.01747680 0.01626040 0.00803029 0.00680876 0.01585620 0.11136697 0.02511849 0.00219659 0.00819474 0.02057279
115 0.15102113 0.02996643 0.05112244 0.04025223 0.02381012 0.03171683 0.03659373 0.07227116 0.01794902 0.03078923 0.03756623 0.03806543 0.01777792 0.01728671 0.03349753 0.20803318 0.09806618 0.00525175 0.01770722 0.04125554
116 0.03499658 0.02207469 0.02185319 0.01604579 0.01691939 0.02538969 0.01505689 0.01998769 0.05740647 0.03735448 0.07730066 0.01766559 0.01640959 0.21935788 0.00865153 0.03666258 0.02663289 0.03390338 0.25708486 0.03924618
117 0.04314923 0.26548219 0.03974533 0.02887692 0.01142741 0.06147634 0.04652443 0.03889693 0.03295202 0.02308662 0.03650913 0.19310614 0.01480671 0.01185741 0.02058981 0.04858223 0.03613723 0.00263568 0.01776271 0.02639552
118 0.02552071 0.00533731 0.00529974 0.00548648 0.01186120 0.00864197 0.00245556 0.00640186 0.04154272 0.03290741 0.11218805 0.00362852 0.01500721 0.31052713 0.00271985 0.01696321 0.01382751 0.04368192 0.29869112 0.03731052
119 0.05793968 0.01761649 0.01409589 0.00959972 0.01137940 0.01858279 0.01736549 0.01463279 0.01195290 0.14614894 0.27886589 0.01890109 0.07038217 0.05518198 0.01347309 0.03933638 0.05971118 0.00550839 0.01707079 0.12225495
120 0.14273111 0.01300991 0.00953191 0.01031041 0.02062352 0.01203551 0.01472471 0.05300974 0.00884617 0.15392412 0.18749614 0.01315741 0.04144803 0.03441903 0.01361641 0.06673425 0.04363633 0.00442159 0.01083161 0.14549211
121 0.04595658 0.00691199 0.00474550 0.00126207 0.00934905 0.00524002 0.00452181 0.00689773 0.00454671 0.23640591 0.26381890 0.00653800 0.05588378 0.04935108 0.00351885 0.01357069 0.03227459 0.00286397 0.00873387 0.23760891
122 0.03141360 0.33048604 0.03977390 0.02059670 0.00965630 0.06684641 0.03281490 0.02733090 0.05057931 0.01311960 0.02304960 0.22502502 0.00838336 0.00737407 0.01001700 0.03837090 0.02687280 0.00122076 0.02159690 0.01547190
123 0.04115090 0.01310140 0.00980929 0.00662651 0.00907416 0.01643680 0.01344010 0.01041310 0.00964993 0.14913601 0.31948702 0.01486750 0.10350901 0.06235850 0.01001070 0.02975790 0.05343310 0.00546224 0.01859580 0.10368001
124 0.07876029 0.03667830 0.04239650 0.09506399 0.01103190 0.06002419 0.18407498 0.03416160 0.02093750 0.02467110 0.02597260 0.06351359 0.02345900 0.00885195 0.02467170 0.11046199 0.10696299 0.00321885 0.01305590 0.03203110
125 0.06309340 0.02040300 0.07338160 0.02545990 0.00974285 0.01450060 0.03004630 0.55989598 0.01374380 0.00550547 0.01801380 0.03465250 0.01090110 0.01078660 0.00780754 0.06123300 0.01939090 0.00198387 0.00565660 0.01380120
126 0.13832311 0.04064343 0.02771162 0.02681102 0.01948202 0.02671102 0.03452313 0.10144608 0.01517421 0.02523172 0.02810382 0.03580923 0.01361771 0.00927901 0.19825716 0.11261009 0.10330109 0.00522674 0.00833184 0.02940592
127 0.04327368 0.00812705 0.00510083 0.00159514 0.00899636 0.00628019 0.00513193 0.00705101 0.00561278 0.22696891 0.27917589 0.00716822 0.06313768 0.05311968 0.00460393 0.01557439 0.03276459 0.00396825 0.01123360 0.21111592
128 0.06728059 0.01326460 0.01106350 0.00814360 0.01506060 0.01066750 0.01475440 0.01525160 0.00686709 0.22986197 0.15479198 0.01805820 0.03250380 0.03311600 0.00897557 0.03152790 0.04627349 0.00281165 0.01379600 0.26592997
129 0.06294963 0.08583995 0.05655913 0.05525013 0.01522431 0.11328606 0.08938755 0.03757962 0.05020133 0.02968272 0.05104063 0.09058215 0.02141001 0.01753191 0.03109612 0.07491884 0.05399233 0.00405756 0.02799012 0.03141992
130 0.05682091 0.11983103 0.06659212 0.04583111 0.01428840 0.09937013 0.06957182 0.03138181 0.02804351 0.02053191 0.03072141 0.16098304 0.01792710 0.00942766 0.02629101 0.10707303 0.05383401 0.00421438 0.01460340 0.02266221
131 0.05801430 0.03174770 0.08316249 0.24200898 0.00971967 0.04103840 0.18025399 0.05546990 0.01883810 0.01911820 0.01938600 0.04919370 0.01039860 0.01078000 0.01982570 0.07390369 0.04128000 0.00274271 0.01298650 0.02013140
132 0.06760060 0.03987480 0.07808390 0.04098050 0.01868050 0.03190030 0.04413860 0.03347370 0.02264400 0.09607540 0.08038520 0.06060840 0.02709960 0.02224430 0.01767270 0.07942930 0.06989840 0.00407674 0.01609010 0.14904299
133 0.02834158 0.33035973 0.04188947 0.01867528 0.00913253 0.06500255 0.03159697 0.02369388 0.03251867 0.01297469 0.02238568 0.25876779 0.01151959 0.00677575 0.00871829 0.03643057 0.02711448 0.00095400 0.01418889 0.01895958
134 0.04721450 0.01566530 0.01041370 0.00632073 0.00952007 0.01374710 0.01111750 0.01381960 0.01042760 0.15165700 0.32889199 0.01442860 0.07707620 0.07504020 0.01039430 0.02500030 0.03132410 0.00706372 0.02069150 0.12018600
135 0.11899295 0.02816689 0.02674099 0.03588838 0.01822109 0.01978019 0.03846498 0.15733093 0.01529479 0.10794095 0.08788036 0.02951759 0.02519439 0.02195899 0.02278299 0.08392806 0.04678148 0.00716382 0.01490149 0.09306866
136 0.07262678 0.02145319 0.02058509 0.01477589 0.01456380 0.02379579 0.02377729 0.01888929 0.01407320 0.12864196 0.20676093 0.02656549 0.05588348 0.04168079 0.01942679 0.06195098 0.09220287 0.00514314 0.01873929 0.11846396
137 0.04611706 0.02450378 0.08464313 0.28900277 0.00389061 0.04047397 0.24768481 0.04627996 0.01647119 0.01562649 0.01174479 0.04418977 0.00627890 0.00647990 0.01124439 0.05236036 0.03026458 0.00079269 0.00716857 0.01478229
138 0.03560972 0.01386981 0.01018241 0.00961456 0.01892461 0.01607891 0.01240371 0.01167431 0.03286862 0.13197109 0.12188508 0.01242031 0.04433943 0.14448709 0.01177361 0.03671492 0.04531143 0.02817992 0.17553111 0.08615936
139 0.13921794 0.01552629 0.05478528 0.02588069 0.02113859 0.02223059 0.02275739 0.03171509 0.01181669 0.02616349 0.02442979 0.02414819 0.01634279 0.01303459 0.02200709 0.27357588 0.20327691 0.00231388 0.00909575 0.04054308
140 0.03150928 0.29719483 0.03901108 0.01797359 0.00950096 0.06856616 0.03614388 0.02309599 0.02960978 0.01765659 0.03877588 0.25315186 0.01487019 0.00738297 0.01018829 0.03595388 0.03279778 0.00127823 0.01313689 0.02220189
141 0.05301218 0.04095198 0.02812629 0.08036656 0.01216419 0.06472637 0.19486391 0.02924239 0.02869549 0.07684266 0.04115868 0.05192078 0.02979439 0.01712229 0.02305459 0.05563957 0.06587117 0.00733126 0.05288378 0.04623148
142 0.05044744 0.01569141 0.00915545 0.00492881 0.01509601 0.02311992 0.01605361 0.00886777 0.00679753 0.24523718 0.14708411 0.02146542 0.03746793 0.02713152 0.00636179 0.02377122 0.04668483 0.00223874 0.01394111 0.27845820
143 0.05036824 0.06081935 0.07454466 0.17799014 0.01140231 0.04387404 0.13930711 0.10716309 0.02137932 0.01649371 0.01981222 0.09706758 0.00943546 0.00900429 0.02052232 0.07560936 0.03683323 0.00388599 0.00973279 0.01475481
144 0.15087300 0.03001360 0.05028850 0.04001170 0.02376230 0.03144200 0.03638910 0.07199930 0.01793060 0.03138520 0.03916580 0.03812060 0.01817260 0.01749260 0.03503130 0.20637799 0.09766120 0.00507333 0.01740740 0.04140190
145 0.04764970 0.03025950 0.07997411 0.26424302 0.00453534 0.04138390 0.23269801 0.07113870 0.01989940 0.01632570 0.01321800 0.04628380 0.00606648 0.00652524 0.01099410 0.05740330 0.03008620 0.00096083 0.00683225 0.01352240
146 0.12891296 0.05774098 0.04304689 0.05101148 0.01656799 0.10864697 0.09321577 0.04162439 0.03348399 0.02740629 0.04775478 0.06665178 0.01866559 0.01378980 0.04183129 0.09111407 0.06337798 0.00318082 0.01903369 0.03294249
147 0.04648903 0.17353012 0.05028643 0.03963643 0.01088961 0.10220607 0.07819355 0.02754632 0.03076512 0.02271122 0.03225992 0.19468613 0.01788261 0.00920829 0.01751011 0.05582304 0.04775363 0.00249634 0.01501631 0.02510972
148 0.12236603 0.02420091 0.02289871 0.02226821 0.01183390 0.03680401 0.03248201 0.02605351 0.01301550 0.02674291 0.03885691 0.02614431 0.04624271 0.00936999 0.31908408 0.07508122 0.09584152 0.00591361 0.00753575 0.03726421
149 0.04814778 0.06033688 0.13568895 0.06035448 0.01664299 0.12842995 0.05747578 0.03556249 0.09389786 0.01449979 0.03430669 0.07888997 0.01433389 0.00994447 0.01820119 0.09017596 0.04681818 0.00507793 0.02979149 0.02142329
150 0.03714057 0.01345479 0.01198909 0.01067749 0.01270729 0.01324319 0.01149369 0.01668129 0.03015288 0.06952485 0.16417289 0.01353659 0.03525458 0.21585085 0.00853447 0.02996268 0.02480248 0.03372678 0.18133488 0.06575866
151 0.25866192 0.02291859 0.02080769 0.02562549 0.02912539 0.02109479 0.03333449 0.09424227 0.01257680 0.04612019 0.05501408 0.02572019 0.01620160 0.01554830 0.03655899 0.14047596 0.06543048 0.00325519 0.01236530 0.06492228
152 0.02689231 0.00695080 0.00766416 0.00727083 0.01392961 0.01206061 0.00391173 0.00772281 0.04637342 0.02933901 0.09223534 0.00512061 0.01173491 0.30065013 0.00367332 0.02031321 0.01663041 0.04287082 0.30969614 0.03495982
153 0.05054639 0.02774249 0.08296028 0.25779494 0.00646260 0.04320989 0.21404395 0.05125149 0.01593180 0.01653590 0.01511150 0.04596069 0.01118710 0.00686987 0.01298890 0.08001418 0.03647669 0.00125405 0.00809262 0.01556470
154 0.11030104 0.02890251 0.07222183 0.19940108 0.01503291 0.04014622 0.15291306 0.05751742 0.01925851 0.01904351 0.02417221 0.04109562 0.01083760 0.01114130 0.02322131 0.08599513 0.04895672 0.00241970 0.01006910 0.02735321
155 0.12270308 0.02771632 0.03598122 0.02701602 0.01171771 0.01592501 0.02954962 0.47340532 0.01224371 0.01231391 0.02399602 0.02913722 0.01149351 0.01109241 0.01661651 0.08120685 0.02482822 0.00328782 0.00968682 0.02008271
156 0.02342000 0.00483138 0.00605961 0.00555874 0.01072090 0.00821284 0.00185561 0.00582493 0.04800789 0.02085660 0.07928168 0.00294244 0.00505478 0.33317894 0.00237216 0.01705130 0.01242050 0.04468279 0.33645494 0.03121199
157 0.21587092 0.09190907 0.02378219 0.03027989 0.02273409 0.03950749 0.05070628 0.09225587 0.02059919 0.02428569 0.03924839 0.05880758 0.01238830 0.01049140 0.04520718 0.10880896 0.06042968 0.00338186 0.01101690 0.03828909
158 0.04745239 0.01626300 0.01033360 0.00666326 0.00931260 0.01391250 0.01143450 0.01412260 0.01051120 0.15079398 0.32664396 0.01471200 0.07704859 0.07479229 0.01036920 0.02573820 0.03189190 0.00726815 0.02133310 0.11940299
159 0.03338072 0.00945314 0.00563048 0.00127154 0.00639038 0.00748376 0.00429704 0.00715992 0.00867932 0.13859107 0.39699020 0.00632339 0.09377735 0.10833406 0.00479498 0.01524571 0.02231721 0.00957694 0.02901081 0.09129195
160 0.04559627 0.00868746 0.00571081 0.00196988 0.00894233 0.00692404 0.00547842 0.00767571 0.00589642 0.20836685 0.29643378 0.00808375 0.06656965 0.05839206 0.00495073 0.01610219 0.03179448 0.00388053 0.01178479 0.19675986
161 0.05901762 0.22635809 0.04260242 0.03296531 0.01431661 0.05791592 0.04655592 0.04821132 0.02921221 0.02058311 0.02920311 0.15779506 0.01301601 0.01094580 0.03234091 0.09084924 0.04520652 0.00336879 0.01629851 0.02323751
162 0.04558914 0.00590809 0.00413916 0.00091342 0.00996624 0.00423837 0.00397079 0.00633517 0.00375388 0.25982221 0.23307119 0.00595297 0.04798944 0.04203033 0.00269771 0.01220671 0.03334203 0.00223291 0.00814500 0.26769522
163 0.03990470 0.00915390 0.00531813 0.00146690 0.00700431 0.00690851 0.00501149 0.00712632 0.00640085 0.19374300 0.33901300 0.00725040 0.07896360 0.06645000 0.00513286 0.01532930 0.02913740 0.00493392 0.01123440 0.16051700
164 0.04068967 0.00799512 0.00468016 0.00211245 0.01061559 0.00750692 0.00550701 0.00662143 0.00939956 0.22195581 0.24540579 0.00683477 0.06926324 0.05652015 0.00504480 0.01851468 0.04176456 0.00589517 0.03850127 0.19517184
165 0.05029079 0.00505764 0.00430981 0.00144428 0.01198920 0.00415415 0.00451104 0.00695497 0.00300286 0.28083094 0.18386796 0.00669115 0.03314869 0.03203729 0.00277244 0.01262590 0.03582429 0.00131643 0.00725026 0.31191993
166 0.02433091 0.00449988 0.00476375 0.00584102 0.01002560 0.00737494 0.00168879 0.00710698 0.04303812 0.02190271 0.07994753 0.00279560 0.00460219 0.32845312 0.00224327 0.01756701 0.01232200 0.07091963 0.32121012 0.02936681
167 0.06195242 0.01103729 0.00731443 0.00501835 0.01185399 0.01097369 0.01062859 0.01146699 0.00745382 0.19767076 0.25408569 0.01213759 0.07642591 0.04835744 0.00939606 0.03090646 0.04428485 0.00456941 0.01603648 0.16842979
168 0.03747931 0.27696606 0.03965481 0.02750611 0.00912483 0.08650442 0.05490011 0.02512641 0.03694301 0.01754600 0.02819141 0.21016605 0.01226010 0.00718056 0.01448920 0.04321051 0.03569651 0.00122379 0.01615380 0.01967700
169 0.02550731 0.00538011 0.00519999 0.00542268 0.01155860 0.00840278 0.00236247 0.00656102 0.04110291 0.03356121 0.11470203 0.00356754 0.01556080 0.31000509 0.00277522 0.01710470 0.01375210 0.04357741 0.29635409 0.03754191
170 0.11740297 0.03395599 0.02533649 0.02446389 0.01398650 0.03566699 0.03780809 0.03765069 0.01335070 0.02995809 0.03338539 0.03240399 0.02063309 0.00929873 0.28893992 0.09139548 0.10754797 0.00602340 0.00811353 0.03267809
171 0.03630391 0.01340350 0.01196970 0.01047630 0.01232490 0.01257520 0.01113280 0.01611000 0.03043811 0.06894812 0.16640404 0.01299180 0.03536171 0.21703505 0.00911565 0.02970491 0.02402271 0.03365731 0.18301905 0.06500522
172 0.02850330 0.32686702 0.04182850 0.01876120 0.00921227 0.06502520 0.03243830 0.02367400 0.03245170 0.01356840 0.02271110 0.25887702 0.01193020 0.00665910 0.00907413 0.03631390 0.02753650 0.00099064 0.01398540 0.01959210
173 0.10967400 0.03804950 0.02836150 0.02961710 0.01294130 0.03508440 0.02727960 0.05100030 0.01206470 0.02190610 0.02892040 0.03282180 0.01533150 0.01047310 0.31417601 0.13923000 0.05894080 0.00545197 0.00761251 0.02106340
174 0.04059060 0.01126790 0.00843663 0.00432608 0.00939912 0.01038480 0.00822998 0.00981602 0.01152720 0.13518100 0.32220700 0.00994543 0.07837830 0.10887100 0.00702334 0.02578020 0.03810110 0.01158830 0.04454400 0.10440200
175 0.04998732 0.00384700 0.00363872 0.00096926 0.01265361 0.00298648 0.00399625 0.00635424 0.00201387 0.30567115 0.15202907 0.00558648 0.02424241 0.02481631 0.00186303 0.01111611 0.03682332 0.00064410 0.00590108 0.34486017
176 0.06378099 0.06572149 0.03549449 0.10194798 0.00559153 0.11825998 0.22155396 0.03396029 0.03316109 0.02611300 0.03137269 0.07796539 0.01389270 0.00871647 0.01807940 0.05427049 0.05365659 0.00163097 0.01311330 0.02171720
177 0.10404703 0.04015611 0.02486631 0.03229241 0.01261220 0.03518751 0.03506461 0.04382471 0.01496660 0.02532561 0.04318531 0.03767621 0.02033801 0.01253790 0.32041211 0.09198393 0.06030052 0.00581904 0.00970583 0.02969801
178 0.04672671 0.01984100 0.01021340 0.00367775 0.01169540 0.01236580 0.01549120 0.00819621 0.00510842 0.25631904 0.14907502 0.03913861 0.03703441 0.02736640 0.00487542 0.01906510 0.04408811 0.00226394 0.00935900 0.27809904
179 0.05331478 0.00408918 0.00366706 0.00114073 0.01297240 0.00319678 0.00410395 0.00674244 0.00216309 0.30122891 0.15462895 0.00552987 0.02512889 0.02500349 0.00210285 0.01246130 0.03717309 0.00078026 0.00608009 0.33849190
