1 0.05907812 0.00445478 0.00777440 0.00266326 0.01423640 0.01004790 0.00447805 0.00899908 0.00454895 0.24536307 0.18389905 0.00736774 0.05477722 0.02799361 0.00769402 0.02713061 0.05872602 0.00401925 0.00841239 0.25833607
2 0.07681317 0.05858808 0.02704069 0.01313830 0.00781341 0.03487179 0.02700959 0.03479189 0.01530249 0.02560329 0.03649329 0.01817719 0.00936739 0.01932769 0.40014685 0.09300066 0.06636017 0.00348807 0.00500031 0.02766569
3 0.04496792 0.01594381 0.07618833 0.13154206 0.00434281 0.02982531 0.04948052 0.49385221 0.01954451 0.00506114 0.00758026 0.03807052 0.00198477 0.01160410 0.00474885 0.04128262 0.00936786 0.00081595 0.00291663 0.01087980
4 0.06323655 0.01388159 0.01430429 0.01056679 0.01327039 0.01500529 0.01357149 0.01260829 0.00994101 0.22077481 0.14954887 0.01857778 0.04320456 0.03768527 0.01042019 0.03626707 0.04749736 0.00678602 0.01575759 0.24709479
5 0.11648000 0.08556930 0.03814810 0.04119820 0.00809827 0.05289230 0.04859090 0.02635690 0.02783780 0.03534630 0.04931090 0.14366000 0.02078110 0.09009560 0.01258840 0.05132860 0.04781080 0.02008790 0.03663860 0.04718000
6 0.07040801 0.03181010 0.06678161 0.14727902 0.00769998 0.05658101 0.09818671 0.02217470 0.03510171 0.08120021 0.05523651 0.04651601 0.01554640 0.02389100 0.01767480 0.07173731 0.09388741 0.00414849 0.00650898 0.04763001
7 0.16197707 0.03238631 0.04189712 0.02533671 0.03019761 0.02369791 0.03051011 0.06480063 0.01724081 0.02982011 0.03704782 0.02977341 0.01857631 0.01963441 0.03405391 0.24532510 0.09123424 0.00666528 0.01789751 0.04192762
8 0.04039724 0.00785957 0.00668404 0.00160738 0.00785037 0.00725527 0.00474408 0.00932481 0.00356047 0.23994822 0.25080023 0.00746881 0.09096588 0.03383383 0.00623308 0.02315982 0.03801794 0.00173456 0.00823921 0.21031520
9 0.05080160 0.04504720 0.02771970 0.07940719 0.00207597 0.10531599 0.37717097 0.01572430 0.01646320 0.01384170 0.01417980 0.13670199 0.00304728 0.00797294 0.00737793 0.03465530 0.02054700 0.00424296 0.01095650 0.02675050
10 0.02016811 0.00784201 0.02613951 0.00288146 0.00710148 0.00145909 0.00576671 0.01103670 0.04954412 0.03064201 0.02780521 0.01156971 0.00578360 0.28958213 0.00087105 0.03271591 0.02170341 0.00739036 0.41099218 0.02900521
11 0.02416821 0.03783091 0.02288380 0.01143450 0.00639716 0.00761861 0.01839440 0.01029770 0.05053271 0.02897521 0.07563352 0.04734401 0.02010700 0.21494005 0.00265852 0.02714141 0.02122600 0.04223541 0.29256306 0.03761781
12 0.03981098 0.01858119 0.02334879 0.01382879 0.00998764 0.01069459 0.01645939 0.01831909 0.03036888 0.07719365 0.15346090 0.02353449 0.02958068 0.21154087 0.00970866 0.03467908 0.02780708 0.01569629 0.16407490 0.07132406
13 0.02880649 0.03419499 0.15756096 0.26229793 0.00866149 0.07004188 0.09475778 0.07007768 0.02739619 0.00708759 0.01186190 0.11387497 0.00226427 0.02235599 0.00536322 0.03240009 0.01783690 0.00111906 0.00607102 0.02596959
14 0.04175518 0.03897678 0.08669546 0.22750989 0.00511327 0.08220126 0.20984990 0.04262318 0.02370229 0.01093089 0.01242569 0.11053895 0.00175613 0.01396089 0.00483534 0.03938998 0.02013329 0.00158226 0.00460688 0.02141249
15 0.06304428 0.23328993 0.03620889 0.02987889 0.01614160 0.06341778 0.04839139 0.02471779 0.03177299 0.02078569 0.03669989 0.15924395 0.01983759 0.02019679 0.03021319 0.05948478 0.04409779 0.01001420 0.02101169 0.03155089
16 0.08024832 0.02797791 0.03645351 0.02157250 0.01464790 0.01455760 0.04401401 0.22443604 0.01582270 0.06644571 0.18790904 0.02003110 0.04307391 0.01974080 0.02028830 0.06078041 0.03771971 0.00454510 0.00982800 0.04990741
17 0.04933261 0.00252609 0.00477789 0.00130900 0.00988064 0.00887385 0.00271171 0.00714233 0.00331802 0.29216805 0.16357303 0.00625156 0.04490461 0.02729340 0.00580641 0.01595850 0.04377531 0.00171815 0.00802777 0.30065105
18 0.09211341 0.13947602 0.03036500 0.04697171 0.00322152 0.15355802 0.07775881 0.01309720 0.02226770 0.07113411 0.04915871 0.11771901 0.01477810 0.01260410 0.02310690 0.04386170 0.03433500 0.00229837 0.01582470 0.03634990
19 0.05505495 0.03111693 0.10184609 0.19987317 0.00797576 0.06476055 0.22852119 0.05201614 0.02098132 0.01710271 0.02281842 0.06765556 0.00425598 0.01152381 0.01081451 0.04668444 0.02721362 0.00209959 0.00755125 0.02013402
20 0.03315849 0.01836499 0.01267480 0.00328385 0.00614000 0.00791100 0.01462769 0.02019949 0.00557136 0.13927895 0.34871087 0.01649589 0.15679794 0.01802229 0.02893899 0.04099048 0.03580359 0.00267298 0.00554599 0.08481037
21 0.16194509 0.03321492 0.04127682 0.02479481 0.03092632 0.02342391 0.03024032 0.06478824 0.01759171 0.03046762 0.03723052 0.02977802 0.01879191 0.01924911 0.03313372 0.24608514 0.09020685 0.00653885 0.01759391 0.04272222
22 0.04085472 0.01661741 0.01215791 0.00749463 0.00926749 0.01132620 0.01730901 0.01526101 0.00937304 0.15609607 0.31006513 0.01540991 0.07858013 0.07709303 0.00986626 0.02900011 0.03023921 0.00643865 0.02438901 0.12316105
23 0.06582960 0.28634802 0.03013740 0.01063470 0.00409688 0.08856401 0.02922730 0.00602205 0.01208940 0.01197990 0.02302790 0.26129702 0.03805470 0.01356670 0.00333803 0.03479380 0.04594810 0.00640688 0.00890140 0.01973620
24 0.11631791 0.01809919 0.04488617 0.04848376 0.00866602 0.01822319 0.02273558 0.50387262 0.01711579 0.01354479 0.01917609 0.02199748 0.00553987 0.01260029 0.01090849 0.07106975 0.02588718 0.00267369 0.00446436 0.01373779
25 0.05390346 0.01043419 0.01111839 0.00714731 0.00941263 0.01376419 0.01339819 0.01236549 0.00760287 0.24285081 0.18600285 0.01300619 0.05114636 0.04153717 0.00963197 0.02766808 0.04148717 0.00222456 0.01642629 0.22887182
26 0.34436115 0.01037780 0.02075131 0.01244371 0.02512481 0.00902216 0.02101421 0.29397813 0.00889692 0.01260041 0.01167951 0.00996227 0.00306022 0.01063230 0.01185821 0.11891105 0.05693413 0.00468815 0.00214764 0.01155591
27 0.03762948 0.01027139 0.00777510 0.00179104 0.00720146 0.00695617 0.00560687 0.01044899 0.00389009 0.21861487 0.27820783 0.00863591 0.11012993 0.03444328 0.00659156 0.02621298 0.03691328 0.00203357 0.00837731 0.17826889
28 0.06660388 0.03843289 0.03970849 0.12923996 0.00559073 0.08186768 0.30436191 0.03303699 0.02003379 0.02218419 0.03086189 0.07543128 0.00683954 0.01272150 0.01490380 0.04633249 0.02834209 0.00431112 0.01389330 0.02530249
29 0.05031344 0.00170128 0.00451659 0.00096247 0.01024761 0.00855801 0.00153641 0.00731307 0.00277071 0.30009727 0.15244914 0.00558671 0.04391394 0.02057712 0.00547652 0.01591631 0.04800324 0.00174563 0.00608324 0.31223128
30 0.05661470 0.10106701 0.02685170 0.05576400 0.00482229 0.07379241 0.20285101 0.01990780 0.02584830 0.07024790 0.06755280 0.08606611 0.00781576 0.01153770 0.02352430 0.04956220 0.02271320 0.00310248 0.05066290 0.03969540
31 0.11712197 0.01822750 0.04449439 0.04836439 0.00845874 0.01806050 0.02271159 0.50442788 0.01704990 0.01309940 0.01786460 0.02207179 0.00530566 0.01303170 0.01198420 0.07159808 0.02561639 0.00247477 0.00476706 0.01326950
32 0.04584262 0.00459071 0.00550916 0.00217485 0.01027310 0.00881535 0.00479804 0.00725430 0.00431612 0.24924909 0.21479508 0.00757495 0.05319202 0.05044992 0.00561152 0.01820321 0.03892751 0.00369822 0.01393111 0.25079310
33 0.03539717 0.00672860 0.00449690 0.00154739 0.00798566 0.00656014 0.00683619 0.00815579 0.00300180 0.22303582 0.29396576 0.00710413 0.07931564 0.06010385 0.00451599 0.01827609 0.03009748 0.00164786 0.01465789 0.18656985
34 0.07033239 0.14598898 0.02227180 0.01039110 0.00936565 0.04065929 0.03173130 0.03121620 0.01899710 0.01844980 0.02955200 0.03178640 0.00796233 0.02031570 0.33339595 0.09737069 0.05055679 0.00399967 0.00972580 0.01593110
35 0.02034960 0.00784176 0.02575290 0.00316941 0.00726083 0.00163232 0.00621493 0.01085020 0.04805480 0.03464250 0.04084590 0.01180010 0.00752818 0.29005201 0.00094469 0.03118820 0.02163070 0.00811816 0.39007601 0.03204680
36 0.07510479 0.06410789 0.07837559 0.05391069 0.01728190 0.03526220 0.04805470 0.04420220 0.10819899 0.03272330 0.05187579 0.05067409 0.01725450 0.06194959 0.02045800 0.06787209 0.04129070 0.01644220 0.07113969 0.04382110
37 0.16130190 0.03376378 0.04148798 0.02515519 0.03037238 0.02437579 0.03094418 0.06498936 0.01742649 0.02924348 0.03682468 0.02994128 0.01861359 0.01946769 0.03444368 0.24546986 0.09029225 0.00678909 0.01806139 0.04103598
38 0.03026100 0.02596010 0.02625960 0.00792884 0.00849498 0.00754928 0.02131740 0.01180740 0.04608280 0.03904240 0.05839510 0.02573670 0.01128460 0.21606301 0.00360496 0.04058740 0.02398960 0.01512790 0.34333301 0.03717390
39 0.08597309 0.12476199 0.05337480 0.03274610 0.01706350 0.03622680 0.04958940 0.02533950 0.09166069 0.07577309 0.04586530 0.05485450 0.01431430 0.02315300 0.02784270 0.11965899 0.03938240 0.00708269 0.02011130 0.05522590
40 0.02039709 0.00804627 0.02597828 0.00304952 0.00723362 0.00159823 0.00627562 0.01098419 0.04817407 0.03430008 0.04010907 0.01201009 0.00763487 0.28987380 0.00095065 0.03117698 0.02156718 0.00807438 0.39091473 0.03165128
41 0.08450912 0.08253871 0.04529951 0.08422762 0.00799356 0.12553202 0.11864002 0.03413681 0.02365180 0.03572361 0.03918781 0.10611402 0.01243830 0.01643190 0.02785991 0.05780361 0.04487241 0.00473254 0.00901822 0.03928851
42 0.32137765 0.01274649 0.02456007 0.00925963 0.03420626 0.00805583 0.01598068 0.22766075 0.00781493 0.01163429 0.01145739 0.01009009 0.00351635 0.01051159 0.01842938 0.19439779 0.05933563 0.00359728 0.00266145 0.01270649
43 0.03202601 0.02031351 0.02024611 0.00582385 0.00943047 0.00662770 0.01308910 0.00924222 0.03909121 0.08253392 0.10944503 0.02078411 0.02163991 0.18416005 0.00341970 0.03206591 0.02558681 0.02043671 0.25012007 0.09391762
44 0.04054022 0.00590990 0.00521613 0.00210244 0.00978854 0.00766719 0.00616417 0.00726025 0.00432475 0.22117513 0.26176516 0.00817067 0.06140054 0.06956994 0.00505000 0.01825721 0.03318312 0.00380397 0.01795251 0.21069813
45 0.02545641 0.00831602 0.00422287 0.00332263 0.00862194 0.00499060 0.00974017 0.00477033 0.00813160 0.12704007 0.34863618 0.01247491 0.04865843 0.19705510 0.00244273 0.01373591 0.01260831 0.01029481 0.04602792 0.10345305
46 0.04028160 0.01624610 0.01224700 0.00725297 0.00934423 0.01123840 0.01719950 0.01472330 0.00939266 0.15660102 0.31093204 0.01523010 0.07833991 0.07742911 0.01017610 0.02880230 0.03024470 0.00637352 0.02478240 0.12316301
47 0.08547129 0.08426019 0.04465689 0.08204729 0.00836111 0.12577198 0.11665098 0.03399369 0.02313620 0.03630469 0.03918099 0.10695498 0.01256010 0.01643390 0.02692040 0.05825009 0.04543509 0.00468223 0.00883991 0.04008799
48 0.12497891 0.01179219 0.01337059 0.00924580 0.02215318 0.01977139 0.01234229 0.01624749 0.01096939 0.18451087 0.11203692 0.01642689 0.03615818 0.02383608 0.01890769 0.06037096 0.06048376 0.00600870 0.00912687 0.23126184
49 0.08261695 0.07753325 0.05380416 0.01399399 0.00981458 0.01740029 0.02345648 0.12584692 0.01162639 0.02328428 0.02305708 0.02737768 0.00959902 0.01206349 0.04318227 0.25366883 0.15909189 0.00569595 0.00462069 0.02226579
50 0.05711123 0.01546681 0.07465314 0.30987017 0.00650967 0.05569773 0.26211114 0.03905672 0.01936181 0.01165261 0.01306911 0.04207202 0.00138490 0.00627314 0.00383140 0.03804472 0.02672531 0.00082147 0.00360778 0.01267911
51 0.04975389 0.00255978 0.00481749 0.00150000 0.00999966 0.00891561 0.00276354 0.00717426 0.00340184 0.29188896 0.16311798 0.00623254 0.04482809 0.02756080 0.00581041 0.01612120 0.04362179 0.00173313 0.00795907 0.30023996
52 0.19480806 0.03811841 0.06366662 0.03396631 0.01842901 0.03775451 0.03852531 0.05079521 0.10909403 0.04455781 0.05010831 0.03211601 0.01607300 0.03059881 0.02970011 0.09268163 0.04308941 0.00921131 0.02380971 0.04289641
53 0.05518839 0.00993704 0.01131750 0.00683724 0.00949598 0.01384260 0.01301730 0.01245500 0.00767987 0.24312896 0.18690097 0.01265270 0.05128639 0.04201609 0.00897111 0.02703470 0.04093759 0.00237393 0.01682470 0.22810196
54 0.15882706 0.03821041 0.16150506 0.05670292 0.01721661 0.03121331 0.04248542 0.07125903 0.04009771 0.02715961 0.03604151 0.04941052 0.01442111 0.01699731 0.02445881 0.11020804 0.05312492 0.00478394 0.01381340 0.03206331
55 0.25550000 0.02778570 0.02719160 0.02327900 0.03170600 0.02921770 0.03577570 0.10119100 0.01665970 0.04367010 0.04234360 0.02963550 0.01549670 0.01962280 0.02535610 0.13672000 0.06673280 0.00669030 0.01113670 0.05428900
56 0.04463698 0.00207326 0.00373461 0.00087877 0.00959585 0.00775119 0.00268102 0.00656892 0.00259350 0.27784787 0.19881791 0.00527087 0.05069648 0.04007998 0.00475584 0.01456319 0.03953788 0.00164403 0.01023400 0.27603787
57 0.16187894 0.03260649 0.04290478 0.02530349 0.03033649 0.02370539 0.03016439 0.06634468 0.01716189 0.02954459 0.03587789 0.02942539 0.01822329 0.01980689 0.03367869 0.24705691 0.09017787 0.00631046 0.01826399 0.04122749
58 0.09063385 0.03721822 0.02696132 0.01421951 0.02046841 0.02172451 0.02125211 0.02461281 0.02413181 0.01931411 0.04595703 0.03014452 0.03240732 0.06164304 0.01186211 0.08017745 0.13749708 0.20127612 0.02409871 0.07439994
59 0.03710538 0.00954629 0.00713112 0.00157413 0.00698679 0.00659342 0.00499856 0.01026339 0.00362449 0.22709088 0.27488986 0.00768976 0.10914994 0.03012158 0.00617382 0.02448529 0.03664718 0.00162754 0.00737069 0.18692990
60 0.06324457 0.15016394 0.05178708 0.05975808 0.00582458 0.07632967 0.07955467 0.03069689 0.02208819 0.02336689 0.03259119 0.19469392 0.01705969 0.02382279 0.01204410 0.05167398 0.04181348 0.00767793 0.01867359 0.03713478
61 0.11639108 0.02710432 0.03901223 0.01368101 0.02554602 0.01985571 0.01534001 0.03474242 0.02222032 0.03053952 0.03620443 0.02350812 0.01997371 0.09428027 0.02500852 0.18683313 0.14091010 0.02213422 0.06429785 0.04241703
62 0.05955382 0.19775408 0.04680232 0.05207772 0.00178632 0.12738505 0.07630653 0.01070630 0.01602951 0.01214910 0.01610741 0.24589409 0.01461021 0.01242170 0.00389369 0.03898541 0.04198902 0.00177745 0.00439476 0.01937551
63 0.05453291 0.01046950 0.01157520 0.00695568 0.00947354 0.01418610 0.01284090 0.01260520 0.00765219 0.24251307 0.18586905 0.01300940 0.05152631 0.04120541 0.00956647 0.02758051 0.04090051 0.00225145 0.01653150 0.22875506
64 0.06718141 0.04014530 0.18902402 0.10356201 0.01241560 0.03579590 0.05334611 0.06905671 0.04319531 0.02581950 0.03441330 0.06177831 0.01507330 0.02654040 0.02107460 0.08659411 0.05265451 0.00531998 0.02272230 0.03428730
65 0.05944823 0.03176482 0.21280712 0.04877983 0.00851365 0.02920902 0.01940291 0.01984081 0.13076107 0.02509231 0.10077006 0.03155022 0.01603221 0.02264471 0.01568561 0.06928794 0.10892706 0.00856988 0.01345141 0.02746112
66 0.06647482 0.03827121 0.04062751 0.13122303 0.00537466 0.08191622 0.30491908 0.03278791 0.01997430 0.02206791 0.03075551 0.07449522 0.00665821 0.01256820 0.01504410 0.04603131 0.02801431 0.00423988 0.01331940 0.02523721
67 0.04710280 0.04126520 0.09671450 0.23082500 0.00961505 0.07095050 0.12730300 0.05220690 0.05826350 0.01799170 0.02609910 0.07322640 0.00545857 0.02240220 0.00755379 0.04160490 0.03214700 0.00570475 0.00887525 0.02468990
68 0.36099197 0.00901012 0.01865230 0.00598047 0.03631670 0.00626332 0.01446170 0.23532798 0.00665216 0.01066710 0.00978077 0.00731620 0.00255764 0.01015260 0.01269060 0.17698199 0.05981400 0.00379866 0.00203044 0.01055330
69 0.11956400 0.03822840 0.04089160 0.02353260 0.02300050 0.02900980 0.02913460 0.04131330 0.01736010 0.06331180 0.06181760 0.03743460 0.02721770 0.02587150 0.02992970 0.13870800 0.14738100 0.01059260 0.01725530 0.07844530
70 0.04575897 0.00285679 0.00484509 0.00082327 0.00930768 0.00763628 0.00202687 0.00744165 0.00261828 0.27579184 0.19457689 0.00534665 0.06205826 0.02907908 0.00554688 0.01797869 0.04211208 0.00184133 0.00761560 0.27473784
71 0.06214840 0.23089000 0.04474050 0.03642720 0.00213004 0.12045900 0.05294990 0.00850100 0.01364200 0.01161880 0.01379790 0.24641700 0.01635000 0.01024150 0.00604533 0.05428140 0.04639700 0.00126460 0.00379053 0.01790790
72 0.05390719 0.09824488 0.06503809 0.16411596 0.01433630 0.06780139 0.11345198 0.04041279 0.03490939 0.01796620 0.02068020 0.09679488 0.00622681 0.01648920 0.01640730 0.09778188 0.03681459 0.00524827 0.00545474 0.02791799
73 0.06656280 0.03852740 0.04029720 0.12911201 0.00541327 0.08156120 0.30439202 0.03256680 0.02025620 0.02194150 0.03157240 0.07513080 0.00667943 0.01309400 0.01498210 0.04650540 0.02838870 0.00417165 0.01348710 0.02535800
74 0.06372322 0.12791604 0.03868541 0.05971332 0.00769680 0.06284882 0.15113505 0.03359051 0.02403321 0.02549591 0.02744031 0.10719704 0.00902937 0.01340210 0.04061641 0.11616004 0.03927561 0.00571240 0.01460530 0.03172311
75 0.02542909 0.00813303 0.00430855 0.00319063 0.00847796 0.00490914 0.00948563 0.00447529 0.00810800 0.12671596 0.34945589 0.01257040 0.04836089 0.19900494 0.00270767 0.01366270 0.01246920 0.00998201 0.04575409 0.10279897
76 0.25229185 0.02801778 0.02737258 0.02291939 0.03111028 0.02911218 0.03478458 0.10020394 0.01649239 0.04599387 0.04397117 0.02996408 0.01580159 0.01898569 0.02501229 0.13517392 0.06784966 0.00693478 0.01081509 0.05719287
77 0.06350654 0.01547521 0.02073021 0.00989364 0.01443391 0.01522311 0.01494521 0.01883711 0.01207061 0.15356209 0.23393813 0.01539831 0.07410864 0.03268832 0.01805911 0.05137303 0.07813374 0.00630200 0.01103901 0.14028208
78 0.06755858 0.04963629 0.06189408 0.18266895 0.00489564 0.12767997 0.13504496 0.02150339 0.03599619 0.02186279 0.03178629 0.09126148 0.00467440 0.01555810 0.00874237 0.05076889 0.06161698 0.00268609 0.00259816 0.02156639
79 0.29044272 0.00922135 0.01674318 0.00645219 0.05294015 0.01682058 0.00856940 0.06888603 0.00709983 0.01225299 0.02180418 0.00931316 0.01217939 0.01104609 0.00985451 0.27176074 0.12673788 0.00310397 0.01074919 0.03402247
80 0.32107372 0.00635927 0.01638219 0.00626806 0.08685423 0.01381809 0.00531233 0.06869354 0.00808984 0.00899376 0.01764168 0.00520447 0.00972078 0.01061059 0.00951786 0.28219076 0.08663283 0.00183671 0.00624821 0.02855108
81 0.04037631 0.06462382 0.09693813 0.20041406 0.00605703 0.08725642 0.11155203 0.04982861 0.02952741 0.01200980 0.01745010 0.14526404 0.00407882 0.02245981 0.00704282 0.04353001 0.02553821 0.00318475 0.00607710 0.02679071
82 0.06166285 0.00897781 0.01336199 0.00536326 0.01083179 0.01258859 0.00852079 0.01190319 0.00760545 0.24371778 0.14978187 0.01268759 0.04824766 0.02612818 0.01193789 0.05359685 0.04847536 0.00245840 0.00857094 0.25358177
83 0.02217182 0.01857161 0.00616784 0.00389028 0.00810634 0.00462332 0.01031371 0.00422003 0.01986672 0.09632328 0.29425923 0.02013842 0.03899553 0.20102316 0.00112372 0.01372701 0.01059911 0.02551472 0.11558109 0.08478307
84 0.06166884 0.15398409 0.04979353 0.07196914 0.00238069 0.13750108 0.09968596 0.01648661 0.02000231 0.01694121 0.02182321 0.20375412 0.01176701 0.01391471 0.00653875 0.04097422 0.03990552 0.00261286 0.00620449 0.02209161
85 0.05968462 0.01902121 0.05892592 0.26696807 0.00485875 0.06792892 0.29575508 0.03296611 0.01994011 0.01378070 0.01420080 0.04769941 0.00158619 0.00561966 0.00478018 0.04119941 0.02674791 0.00117422 0.00333862 0.01382410
86 0.04098312 0.00553919 0.00539699 0.00206009 0.00974551 0.00757424 0.00611664 0.00737403 0.00423959 0.22100910 0.26138312 0.00795783 0.06138213 0.06990003 0.00499001 0.01830841 0.03332051 0.00388124 0.01768111 0.21115709
87 0.04936151 0.00180912 0.00438847 0.00105252 0.00997035 0.00854187 0.00202370 0.00705999 0.00292740 0.29844805 0.15807503 0.00555595 0.04407121 0.02403070 0.00558245 0.01494760 0.04440161 0.00163890 0.00696451 0.30914905
88 0.07553306 0.18906690 0.04303708 0.02522869 0.02148889 0.04771667 0.04065528 0.03930528 0.03164208 0.01994659 0.02606139 0.10541694 0.01619259 0.01600929 0.04779387 0.14529992 0.05935497 0.00803815 0.01078799 0.03142438
89 0.16233694 0.03279279 0.04139908 0.02429789 0.03060699 0.02387469 0.03030189 0.06516878 0.01732769 0.03051739 0.03759529 0.02995809 0.01830729 0.01954909 0.03382489 0.24675291 0.08986997 0.00617788 0.01735949 0.04198098
90 0.04357931 0.01719350 0.12263603 0.30452107 0.00910147 0.05527011 0.19819005 0.05850281 0.02004100 0.00919553 0.01172390 0.06002081 0.00147556 0.01099640 0.00364291 0.03163351 0.01944600 0.00066575 0.00487334 0.01729090
91 0.06201375 0.01409619 0.01434559 0.01067559 0.01325309 0.01480099 0.01342919 0.01261449 0.00961053 0.22189284 0.15119589 0.01880329 0.04290077 0.03759327 0.00999037 0.03569187 0.04712017 0.00687441 0.01547689 0.24762082
92 0.03445079 0.00782798 0.00520957 0.00204932 0.00782127 0.00673831 0.00772877 0.00858262 0.00350876 0.20911893 0.30941690 0.00788207 0.08236457 0.06769798 0.00454038 0.01908399 0.02800559 0.00177998 0.01646929 0.16972294
93 0.06309959 0.14782298 0.05243009 0.06001209 0.00619293 0.07653009 0.08064409 0.03006830 0.02249840 0.02325350 0.03269040 0.19422598 0.01645390 0.02396340 0.01207800 0.05234619 0.04104840 0.00743558 0.01932180 0.03788430
94 0.04553850 0.00156184 0.00361678 0.00065999 0.00965820 0.00756081 0.00192321 0.00653566 0.00244916 0.28675402 0.18773702 0.00479701 0.04947910 0.03399850 0.00478671 0.01411610 0.04112510 0.00151671 0.00894554 0.28724002
95 0.06610623 0.04047522 0.18813607 0.10373804 0.01241270 0.03652641 0.05472762 0.06936133 0.04307572 0.02687661 0.03491651 0.06221192 0.01526121 0.02614231 0.02067951 0.08551213 0.05237372 0.00525702 0.02166121 0.03454851
96 0.06295561 0.14893302 0.05162651 0.06001461 0.00632162 0.07651431 0.08012111 0.02996590 0.02200620 0.02352420 0.03330240 0.19316503 0.01731090 0.02406390 0.01198630 0.05218051 0.04174791 0.00725794 0.01883460 0.03816741
97 0.04567098 0.00166572 0.00356034 0.00065904 0.00969256 0.00758566 0.00206572 0.00652860 0.00247574 0.28628887 0.18793191 0.00483989 0.04897578 0.03483498 0.00476810 0.01411719 0.04095788 0.00153301 0.00922019 0.28662787
98 0.04030480 0.01606410 0.01156880 0.00720300 0.00900286 0.01130030 0.01660740 0.01476360 0.00953218 0.15792698 0.31191997 0.01495850 0.07965079 0.07690869 0.00920316 0.02866010 0.02972020 0.00630410 0.02439750 0.12400299
99 0.07243319 0.03298639 0.25122296 0.04478629 0.01347950 0.01931500 0.02567870 0.05063829 0.04540279 0.02462040 0.03025620 0.04300939 0.01660380 0.01443450 0.02720720 0.16608197 0.07435269 0.00546916 0.01148830 0.03053330
100 0.05085680 0.06427590 0.02832520 0.06762030 0.00207133 0.10156701 0.33732202 0.01492700 0.01625920 0.01307640 0.01404280 0.16560701 0.00410776 0.00962958 0.00698436 0.03576170 0.02306200 0.00450441 0.01181960 0.02817960
101 0.06623075 0.03905613 0.03973323 0.12837410 0.00549741 0.08156936 0.30153423 0.03267593 0.02044162 0.02211982 0.03223442 0.07549006 0.00679310 0.01340851 0.01528591 0.04688924 0.02815532 0.00430363 0.01412031 0.02608692
102 0.07372934 0.16051308 0.04817612 0.03555592 0.00650220 0.07600754 0.05280373 0.01947601 0.02113931 0.02144021 0.02447711 0.20709310 0.01954301 0.01947331 0.01085751 0.06159413 0.08862614 0.00673346 0.00785874 0.03840002
103 0.04034172 0.01683191 0.01210710 0.00729608 0.00909151 0.01135700 0.01733871 0.01481591 0.00974232 0.15627006 0.31149512 0.01567551 0.07883693 0.07686603 0.00999926 0.02857501 0.02949881 0.00641373 0.02486021 0.12258705
104 0.31368399 0.01221590 0.02593650 0.01045770 0.07196040 0.00760738 0.01365170 0.17046699 0.00953833 0.01023280 0.01552750 0.00825321 0.00595796 0.01131930 0.01217480 0.21904199 0.05970730 0.00329905 0.00372260 0.01524460
105 0.23713109 0.02999451 0.02782271 0.07286333 0.01177950 0.05155922 0.17371506 0.08357503 0.01540321 0.02280041 0.02302121 0.05020972 0.00636209 0.01177840 0.02181161 0.07100923 0.04935322 0.00878832 0.00661102 0.02441111
106 0.05973485 0.01886828 0.05866495 0.26712278 0.00483286 0.06721264 0.29722675 0.03271337 0.01987208 0.01375139 0.01435129 0.04693996 0.00171419 0.00566488 0.00489349 0.04120337 0.02692508 0.00110486 0.00339145 0.01381149
107 0.05457053 0.01034590 0.01116861 0.00675776 0.00959374 0.01398071 0.01317481 0.01254501 0.00751802 0.24242211 0.18663109 0.01256191 0.05141492 0.04211172 0.00935625 0.02788941 0.04075792 0.00233327 0.01697121 0.22789510
108 0.06156285 0.05482774 0.02038132 0.01931502 0.01328481 0.01704911 0.02317182 0.02079282 0.03512353 0.01888462 0.07471556 0.03815263 0.03258133 0.08554197 0.01056121 0.05549034 0.05529834 0.23799119 0.06065305 0.06462075
109 0.04666487 0.00124052 0.00362797 0.00066385 0.00986299 0.00781568 0.00171049 0.00653518 0.00243522 0.29216582 0.17668689 0.00468348 0.04656267 0.03118818 0.00483737 0.01399569 0.04226627 0.00153675 0.00843030 0.29708982
110 0.05014224 0.02805202 0.02023162 0.00664284 0.01084481 0.01378681 0.01335581 0.01661901 0.01209601 0.14092911 0.24300219 0.02632422 0.12285309 0.04569194 0.01017331 0.04947134 0.04512833 0.01082381 0.01581441 0.11801709
111 0.08601404 0.03252228 0.15616589 0.02897958 0.01247769 0.02041359 0.02834728 0.04215957 0.04971146 0.04352497 0.11866992 0.03032448 0.03660837 0.01582729 0.02276268 0.14625890 0.06954235 0.00666061 0.01048649 0.04254257
112 0.08978380 0.04795440 0.04915820 0.06917900 0.00648190 0.10971500 0.06448670 0.01768080 0.07969310 0.05281800 0.11480500 0.06151460 0.01405230 0.02874540 0.02082740 0.04730280 0.04760640 0.01179750 0.02760130 0.03879640
113 0.10631696 0.05110678 0.04428168 0.01681129 0.01185630 0.02737259 0.03474049 0.05944898 0.01315190 0.02409079 0.02350269 0.02866819 0.01045760 0.01321250 0.22446792 0.21137292 0.06057748 0.00424245 0.00442642 0.02989409
114 0.08546128 0.08403498 0.04455289 0.08339568 0.00827066 0.12625797 0.11606998 0.03446939 0.02298190 0.03596599 0.03867699 0.10737098 0.01224890 0.01659190 0.02675019 0.05821319 0.04523399 0.00532428 0.00893247 0.03919639
115 0.06326158 0.01419710 0.01420900 0.01067760 0.01347790 0.01491799 0.01429580 0.01287870 0.00960073 0.22075492 0.14966695 0.01914729 0.04283379 0.03682099 0.01050040 0.03620819 0.04739238 0.00640331 0.01510949 0.24764592
116 0.12419699 0.09123879 0.04515299 0.03522360 0.09059749 0.02282400 0.02589820 0.03450120 0.03524220 0.01680610 0.02626740 0.07717679 0.02131640 0.01964660 0.01963080 0.18400298 0.06551149 0.00769402 0.01307260 0.04399939
117 0.08538316 0.08354566 0.04503908 0.08323866 0.00841989 0.12668694 0.11627795 0.03468038 0.02306579 0.03618598 0.03874818 0.10743695 0.01245869 0.01626259 0.02645189 0.05845367 0.04493618 0.00451992 0.00854224 0.03966618
118 0.09312623 0.02655681 0.03958311 0.01250120 0.01326430 0.01519930 0.02074251 0.14229704 0.01514810 0.05803362 0.09969243 0.02890481 0.09167733 0.02224621 0.01972291 0.10742303 0.12096704 0.00942379 0.00617361 0.05731662
119 0.04035999 0.01646930 0.01197310 0.00758828 0.00937160 0.01139510 0.01750640 0.01482230 0.00954116 0.15530097 0.31213795 0.01563130 0.07858459 0.07760829 0.00934793 0.02910640 0.02949969 0.00662100 0.02514170 0.12199298
120 0.25160981 0.02756178 0.02779558 0.02306478 0.03088728 0.02899108 0.03519427 0.10138292 0.01702159 0.04666566 0.04468907 0.02938058 0.01568949 0.01980188 0.02516058 0.13401690 0.06682845 0.00670665 0.01129959 0.05625206
121 0.25365086 0.02774408 0.02691618 0.02323569 0.03088248 0.02857838 0.03575718 0.10038394 0.01694549 0.04471077 0.04368338 0.02919418 0.01577879 0.01951199 0.02521809 0.13577892 0.06743836 0.00685267 0.01132079 0.05641777
122 0.07800524 0.06968883 0.05007223 0.04474182 0.00710147 0.02604151 0.03203912 0.40425120 0.02030301 0.01501641 0.02751571 0.03745132 0.00714983 0.01261281 0.02760581 0.08615914 0.02898611 0.00424693 0.00609187 0.01491961
123 0.12049607 0.02858182 0.05305963 0.01148751 0.01263661 0.01109581 0.01895911 0.12267207 0.00856317 0.06688874 0.03685642 0.01889391 0.01687991 0.01313601 0.02854112 0.23177614 0.14981709 0.00337164 0.00570909 0.04057812
124 0.04595092 0.00259535 0.00473063 0.00077971 0.00934626 0.00767851 0.00196599 0.00734106 0.00265407 0.28114812 0.18839608 0.00512739 0.05905023 0.02756421 0.00552863 0.01719751 0.04259522 0.00173822 0.00746076 0.28115112
125 0.04731345 0.00297711 0.00481288 0.00138602 0.01038771 0.00831817 0.00340818 0.00713772 0.00350797 0.26955729 0.19176420 0.00624752 0.04900195 0.04029604 0.00534766 0.01654232 0.04158014 0.00276586 0.01099851 0.27664929
126 0.13058610 0.04187103 0.12243710 0.01946532 0.01714201 0.02643832 0.01938872 0.02679872 0.02855922 0.04478194 0.06890896 0.04674054 0.10356008 0.01936742 0.01906672 0.10487908 0.07546366 0.01116791 0.01007251 0.06330465
127 0.08412867 0.08965936 0.05908998 0.04750898 0.01068380 0.05150028 0.06099758 0.04587368 0.01970129 0.02302089 0.02540019 0.13955694 0.01509589 0.01698189 0.03323549 0.16514293 0.05565718 0.00642320 0.01259149 0.03775028
128 0.07685990 0.03922500 0.14629500 0.03663380 0.00873664 0.02122590 0.03199780 0.06482430 0.02678170 0.03173020 0.02954860 0.04547960 0.01166150 0.01410040 0.17924499 0.13364900 0.05787360 0.00393795 0.00676564 0.03342850
129 0.03430633 0.00803065 0.00522440 0.00187537 0.00776821 0.00672700 0.00813078 0.00858867 0.00358919 0.20973519 0.30816927 0.00800458 0.08258227 0.06601556 0.00486516 0.01922662 0.02849223 0.00177396 0.01643841 0.17045615
130 0.10150399 0.01269590 0.01365070 0.00908484 0.04671189 0.01468880 0.00750736 0.01228290 0.00992054 0.17488298 0.12073598 0.01132180 0.03829699 0.02948300 0.01299520 0.06327889 0.07047339 0.00913560 0.01181330 0.22953597
131 0.06321381 0.23077005 0.03689661 0.03040251 0.01607460 0.06396331 0.04934391 0.02573331 0.03131361 0.02106130 0.03727581 0.15851903 0.02012000 0.02022650 0.02997131 0.05927861 0.04366301 0.01049630 0.02059760 0.03107881
132 0.04031279 0.00539969 0.00525148 0.00211120 0.00974584 0.00752033 0.00601210 0.00733341 0.00415774 0.22164592 0.26170891 0.00792654 0.06140838 0.07031147 0.00495130 0.01853749 0.03310319 0.00360433 0.01784199 0.21111592
133 0.05426813 0.02916462 0.09835586 0.25235415 0.00930068 0.06228294 0.15742109 0.07110934 0.02636712 0.01482991 0.01972391 0.06667214 0.00429643 0.01587101 0.00942990 0.04605753 0.02805562 0.00358529 0.00710002 0.02375431
134 0.05699660 0.01193190 0.00643278 0.00328533 0.01208090 0.00954171 0.00951703 0.00605887 0.01071060 0.17530200 0.24041900 0.01413190 0.04137680 0.09715570 0.00447319 0.02565800 0.03199680 0.01340790 0.05072000 0.17880300
135 0.10848104 0.01687061 0.01929181 0.01034810 0.01647471 0.02044801 0.02014521 0.02263041 0.01576651 0.14100306 0.22292709 0.01678641 0.05169892 0.05106462 0.01278711 0.05533902 0.04660892 0.00536750 0.01696191 0.12899905
136 0.03070891 0.02640891 0.02600111 0.00751723 0.00869995 0.00741619 0.02151941 0.01228991 0.04578352 0.03953282 0.05947723 0.02545231 0.01127971 0.21392310 0.00390935 0.04097382 0.02425591 0.01460871 0.34214616 0.03809572
137 0.04044062 0.01668691 0.01237991 0.00732330 0.00938415 0.01128551 0.01730161 0.01485181 0.00960749 0.15608608 0.31003315 0.01569231 0.07842144 0.07702094 0.00979527 0.02890661 0.02989851 0.00649530 0.02470101 0.12368806
138 0.03970105 0.01839478 0.02237077 0.01362448 0.00986987 0.01082009 0.01639968 0.01919758 0.03005456 0.07809381 0.15507682 0.02334347 0.02986296 0.21132975 0.01001459 0.03394996 0.02798967 0.01652348 0.16111081 0.07227181
139 0.11767601 0.01813870 0.04453880 0.04866270 0.00875727 0.01835420 0.02370680 0.50094703 0.01710720 0.01287910 0.01843350 0.02198140 0.00526174 0.01274190 0.01199870 0.07256250 0.02603280 0.00260358 0.00442815 0.01318790
140 0.02695740 0.00336458 0.00267817 0.00144221 0.00874129 0.00422419 0.00669375 0.00360758 0.00367809 0.16236001 0.34987202 0.00828060 0.05032170 0.16923001 0.00164477 0.01186800 0.01407220 0.00278371 0.03452370 0.13365601
141 0.18700793 0.02253439 0.02874239 0.00972099 0.04065058 0.02240359 0.01107320 0.02316109 0.01591039 0.04000659 0.06428828 0.02003029 0.07867167 0.01505729 0.02118479 0.21250692 0.09436417 0.00683918 0.01072330 0.07512297
142 0.06300686 0.01388069 0.01408169 0.01009669 0.01339289 0.01486369 0.01366539 0.01233759 0.00970591 0.22247287 0.15114891 0.01851929 0.04291307 0.03739768 0.01081609 0.03524278 0.04737907 0.00637707 0.01505689 0.24764485
143 0.11814894 0.01808909 0.04419558 0.04819438 0.00891382 0.01835949 0.02367079 0.50310676 0.01723499 0.01271639 0.01832699 0.02232489 0.00527949 0.01284949 0.01164509 0.07100067 0.02531279 0.00260964 0.00467843 0.01334229
144 0.21743587 0.05721386 0.04135747 0.02487908 0.02051659 0.03941058 0.04107567 0.05568387 0.01524659 0.02208279 0.02271969 0.09888614 0.01246329 0.01384809 0.03225878 0.17679989 0.05880806 0.00615887 0.00859184 0.03456298
145 0.31983313 0.01287881 0.02469521 0.00965619 0.03435301 0.00795000 0.01571261 0.22856209 0.00784516 0.01195600 0.01143150 0.01021350 0.00355606 0.01048620 0.01816521 0.19376108 0.05967812 0.00381287 0.00256451 0.01288871
146 0.03950621 0.00310016 0.00359840 0.00080803 0.00904087 0.00660515 0.00340959 0.00647323 0.00239210 0.25220707 0.24328507 0.00568259 0.05980012 0.05607282 0.00418783 0.01506860 0.03443021 0.00166687 0.01343300 0.23923207
147 0.26657809 0.01403760 0.02225971 0.00963542 0.05019892 0.01568671 0.01092160 0.05882182 0.00985606 0.01451781 0.01922351 0.01137900 0.01111670 0.01084970 0.01818111 0.32185811 0.09171763 0.00239127 0.01180200 0.02896721
148 0.09523407 0.03762009 0.05032809 0.06597048 0.01091440 0.03596099 0.15242696 0.12138697 0.01746010 0.07333418 0.08234538 0.03742269 0.01387470 0.01373940 0.02813199 0.07783478 0.03618099 0.00390877 0.01625030 0.02967469
149 0.04003481 0.00498294 0.00430324 0.00117430 0.00857778 0.00728528 0.00479635 0.00760814 0.00302458 0.25112808 0.24856608 0.00620831 0.06778512 0.04742902 0.00473170 0.01688661 0.03482991 0.00159275 0.01185790 0.22719707
150 0.02744580 0.01126860 0.00547587 0.00096727 0.00557856 0.00422501 0.00601704 0.01087790 0.00210913 0.19380197 0.35383794 0.00732461 0.13040198 0.04028359 0.00515180 0.02372270 0.02881270 0.00131513 0.00880444 0.13257798
151 0.10518910 0.04998205 0.04624584 0.01741642 0.00839700 0.02466952 0.03100863 0.11134910 0.01211691 0.02003882 0.02981233 0.02706533 0.00745561 0.01337871 0.28510727 0.13383512 0.04896045 0.00374019 0.00308709 0.02114452
152 0.06376819 0.23447495 0.03686839 0.02866759 0.01560620 0.06417529 0.04679149 0.02527999 0.03159179 0.02073690 0.03596999 0.16097697 0.01999950 0.02003690 0.02890349 0.05920669 0.04393419 0.01050540 0.02083650 0.03166959
153 0.07806151 0.05818620 0.02673030 0.01320590 0.00777186 0.03498440 0.02782660 0.03471330 0.01502560 0.02628890 0.03699400 0.01862280 0.00949514 0.01918200 0.39695903 0.09282271 0.06684300 0.00341234 0.00452179 0.02835260
154 0.03371013 0.00600142 0.01145971 0.00403342 0.00909050 0.00641081 0.00828794 0.00687105 0.01412231 0.15519414 0.25357322 0.01187241 0.04032204 0.17967516 0.00330252 0.01820382 0.02192652 0.00357381 0.08115297 0.13121612
155 0.19203098 0.03074380 0.05303820 0.03105900 0.01457340 0.01899110 0.03446450 0.18874698 0.01180620 0.01712840 0.01639500 0.06614069 0.00709130 0.01154950 0.04628540 0.18126599 0.04512630 0.00516030 0.00431168 0.02409130
156 0.06676059 0.04035400 0.18844598 0.10344299 0.01256570 0.03713230 0.05492489 0.07040129 0.04274320 0.02546960 0.03422450 0.06179049 0.01467130 0.02691220 0.02104730 0.08504309 0.05255259 0.00491441 0.02283670 0.03376690
157 0.03075071 0.00823225 0.00530582 0.00099150 0.00713202 0.00470103 0.00510942 0.00854161 0.00254455 0.19617005 0.32885209 0.00737346 0.10424703 0.05915642 0.00457583 0.02160711 0.02909981 0.00273963 0.01375260 0.15911704
158 0.02837921 0.03545811 0.04345211 0.06075982 0.00810110 0.01257310 0.02368611 0.02100511 0.04907041 0.02384881 0.06026652 0.04375601 0.01918451 0.19182805 0.00354643 0.03070581 0.02254991 0.05486121 0.22994906 0.03701861
159 0.04900792 0.00106089 0.00388267 0.00071572 0.00991405 0.00824972 0.00136449 0.00678186 0.00260974 0.30382015 0.15665708 0.00476109 0.04361432 0.02240611 0.00527475 0.01375441 0.04448032 0.00153191 0.00650661 0.31360616
160 0.05040902 0.15678408 0.08518844 0.09434295 0.00226081 0.12489906 0.06471893 0.02165361 0.02157221 0.01016710 0.01496671 0.22059811 0.01041560 0.01602361 0.00390130 0.04152632 0.03942382 0.00120389 0.00268682 0.01725761
161 0.03069002 0.02593811 0.02616401 0.00756755 0.00862915 0.00753352 0.02140181 0.01202621 0.04564182 0.03948022 0.05796543 0.02556841 0.01118471 0.21489811 0.00378637 0.04094252 0.02425311 0.01493711 0.34323218 0.03815962
162 0.03058870 0.02581070 0.02610940 0.00763891 0.00861555 0.00746462 0.02124250 0.01207890 0.04542440 0.03949880 0.05943350 0.02544670 0.01133530 0.21456101 0.00409989 0.04121610 0.02425170 0.01506790 0.34233501 0.03778040
163 0.29963880 0.00939782 0.02198499 0.01570949 0.01727929 0.00845834 0.01633789 0.40492173 0.00964956 0.00905932 0.00831080 0.00874597 0.00187724 0.00991229 0.00600335 0.09463834 0.04689517 0.00371441 0.00101395 0.00645124
164 0.04882269 0.00134046 0.00404746 0.00079079 0.00985474 0.00825541 0.00151759 0.00681156 0.00269963 0.30128694 0.16058097 0.00492491 0.04448249 0.02408799 0.00524557 0.01418790 0.04408399 0.00155306 0.00689393 0.30853193
165 0.03798712 0.04982452 0.10888505 0.22968911 0.00660919 0.08260794 0.11773206 0.05669103 0.02897551 0.01087621 0.01607331 0.12619106 0.00338035 0.02158461 0.00611197 0.03955202 0.02311571 0.00268705 0.00584656 0.02557961
166 0.02860649 0.01046920 0.00513620 0.00093077 0.00591017 0.00443385 0.00565069 0.01040160 0.00204341 0.20161792 0.34035386 0.00718722 0.12272695 0.04087658 0.00512246 0.02268019 0.02952299 0.00141676 0.00919579 0.14571694
167 0.18260507 0.02311001 0.04067041 0.02341591 0.01835841 0.01135430 0.01899111 0.31870011 0.01093260 0.01425941 0.01451861 0.01877591 0.00469315 0.01067350 0.02553741 0.18827007 0.05457242 0.00305312 0.00309837 0.01441011
168 0.05898011 0.09986382 0.03313421 0.03767501 0.00878975 0.03927181 0.05673531 0.01923690 0.02244131 0.08085952 0.06257022 0.14106904 0.02192821 0.03211281 0.01151040 0.05035891 0.04438841 0.01064560 0.01612060 0.15230804
169 0.08498440 0.08440660 0.04501030 0.08233320 0.00804787 0.12563700 0.11673500 0.03401190 0.02337940 0.03625150 0.03898500 0.10782800 0.01240370 0.01658730 0.02704800 0.05732650 0.04477090 0.00479159 0.00940805 0.04005380
170 0.02622652 0.03372352 0.00715569 0.00463072 0.00895463 0.01096711 0.02813022 0.00703707 0.01901111 0.10393508 0.29120321 0.03133832 0.03977043 0.13616710 0.00425459 0.01743871 0.01310591 0.02293632 0.10756208 0.08645166
171 0.06337800 0.23381400 0.03717110 0.02912840 0.01687880 0.06261970 0.04778970 0.02624820 0.03242800 0.02109750 0.03585130 0.15838500 0.01945310 0.02010130 0.02880810 0.06000260 0.04331340 0.01032520 0.02149960 0.03170700
172 0.03897630 0.00702048 0.00676577 0.00233437 0.00793197 0.00725126 0.00569916 0.01008630 0.00341018 0.23590702 0.26427302 0.00677338 0.08605481 0.03223730 0.00600754 0.02256190 0.04261790 0.00157134 0.00816497 0.20435502
173 0.05473192 0.02929821 0.09629803 0.25443508 0.00906724 0.06185982 0.16114905 0.06838072 0.02622581 0.01471370 0.02001051 0.06610032 0.00420361 0.01554960 0.00921977 0.04614301 0.02860331 0.00359878 0.00712319 0.02328831
174 0.06594308 0.03818574 0.04068505 0.13046115 0.00561161 0.08081029 0.30246135 0.03329504 0.02036882 0.02183553 0.03139464 0.07421119 0.00658824 0.01275591 0.01553742 0.04740395 0.02881733 0.00455802 0.01391832 0.02515733
175 0.05753641 0.01863510 0.07150931 0.29024404 0.00598429 0.06084451 0.26497603 0.03839370 0.02016100 0.01283860 0.01408830 0.04715931 0.00165958 0.00698414 0.00445517 0.03947050 0.02644520 0.00099747 0.00378193 0.01383540
176 0.10167699 0.03248460 0.07017469 0.14021598 0.01132820 0.04312570 0.08809369 0.04792929 0.02370310 0.02597960 0.02784640 0.04800799 0.00798209 0.01343130 0.11752599 0.09749709 0.04241500 0.00441721 0.00556731 0.05059779
177 0.11118605 0.02300601 0.02972661 0.01659361 0.02457961 0.01879101 0.01796251 0.02406661 0.01813921 0.10951905 0.08136564 0.02593661 0.03889822 0.02295311 0.02300851 0.14896107 0.07045923 0.00876972 0.01219851 0.17387908
178 0.23555623 0.00925653 0.01294191 0.00921209 0.10284610 0.02478542 0.00709859 0.02002452 0.01008571 0.04073674 0.05428045 0.00893812 0.02464932 0.01462521 0.02133512 0.14429014 0.11816011 0.00879975 0.00661582 0.12576212
179 0.05556700 0.02471000 0.02494310 0.09989830 0.00157642 0.13153201 0.42500202 0.01378690 0.01738270 0.01612040 0.01458260 0.08282350 0.00156087 0.00358870 0.00796900 0.03037760 0.01854790 0.00215308 0.00470238 0.02317550
