1 0.33999596 0.00601134 0.14700998 0.00891803 0.27423797 0.00785006 0.01135840 0.01229020 0.00631348 0.00704996 0.00946913 0.01127120 0.00535829 0.00719508 0.00490853 0.08358519 0.04238069 0.00178837 0.00401218 0.00899597
2 0.51985525 0.01735171 0.01457211 0.01680391 0.01919481 0.01700621 0.02405781 0.05541613 0.00732051 0.03180252 0.04318482 0.01734531 0.01165371 0.01172071 0.02128951 0.08199464 0.04171012 0.00321507 0.00949994 0.03500522
3 0.02162189 0.00832880 0.03806409 0.24555493 0.00497229 0.00807297 0.02544849 0.02227029 0.00280751 0.01254910 0.01270240 0.02279659 0.00878147 0.00789275 0.00559246 0.49950286 0.03437939 0.00175311 0.00430362 0.01260500
4 0.04328709 0.00839089 0.00818681 0.00687113 0.00974559 0.00741144 0.01056180 0.01153500 0.00661620 0.16734895 0.09294917 0.01136660 0.02452389 0.02954329 0.00766516 0.02496759 0.03197319 0.00321808 0.00872431 0.48511385
5 0.23498496 0.01267930 0.00531674 0.00506423 0.00458186 0.00647259 0.00762337 0.01002730 0.00486476 0.41151794 0.06845479 0.01187680 0.02098770 0.01728260 0.00867199 0.03682599 0.02325910 0.00186891 0.00422510 0.10341398
6 0.06714882 0.03410591 0.02666011 0.02065611 0.01510590 0.02074491 0.02707631 0.02594961 0.01225930 0.04079601 0.02679721 0.02628901 0.01737170 0.01661190 0.01677780 0.07976962 0.46056212 0.00382263 0.01103490 0.05046011
7 0.09766115 0.02355971 0.02399561 0.02665831 0.01578041 0.02223711 0.02145401 0.04376202 0.00526335 0.02171951 0.02493741 0.03541792 0.01256791 0.01528611 0.02132591 0.48928223 0.05830303 0.00210485 0.00773522 0.03094821
8 0.02789102 0.10402509 0.03619603 0.03538663 0.00787419 0.02797822 0.05030674 0.02626312 0.02024192 0.02079172 0.02239072 0.46870240 0.01439091 0.00761548 0.01712011 0.05065294 0.02850372 0.00319622 0.00882188 0.02165092
9 0.04510599 0.02393939 0.02626229 0.06905878 0.00412506 0.03221679 0.53032385 0.03917179 0.02169419 0.02424259 0.01707340 0.05310049 0.00976710 0.00667077 0.00936021 0.03418089 0.02513769 0.00248681 0.00820183 0.01788009
10 0.09839647 0.02216629 0.02580279 0.03022689 0.01543430 0.01999889 0.02154009 0.04345519 0.00646772 0.02346479 0.02435809 0.03376249 0.01122590 0.01270820 0.02285459 0.49217686 0.05730028 0.00180896 0.00868121 0.02816999
11 0.03041051 0.49460514 0.03404401 0.01258820 0.00410242 0.02344341 0.01154890 0.01134490 0.00515093 0.01080460 0.01412770 0.06367782 0.01179490 0.00546143 0.00734373 0.20822706 0.02653431 0.00217064 0.00699776 0.01562160
12 0.03839159 0.01016220 0.00449640 0.01259760 0.00754843 0.00732439 0.01671550 0.00786754 0.00756006 0.47620090 0.11053398 0.01362280 0.01931360 0.02664619 0.00937374 0.02271990 0.03019909 0.00209946 0.01031370 0.16631296
13 0.01959390 0.04118901 0.43094409 0.01576960 0.00532264 0.23815205 0.01994270 0.03785121 0.01097500 0.00628352 0.01313470 0.05796721 0.01857670 0.00529722 0.00510039 0.01799760 0.02047650 0.00200913 0.01608800 0.01732880
14 0.02378931 0.00518652 0.00104699 0.00214412 0.00194447 0.00088113 0.00170488 0.00157436 0.00166694 0.21548508 0.53542321 0.00317386 0.05335292 0.02235131 0.00298721 0.00496640 0.00677648 0.00228391 0.00472084 0.10854004
15 0.02243990 0.01188900 0.00941397 0.00770893 0.00839795 0.01352950 0.01224880 0.01366540 0.00770118 0.02113770 0.05887560 0.01349100 0.43804199 0.02242370 0.01004820 0.02157800 0.01812470 0.00461680 0.23756699 0.04710070
16 0.01172330 0.01520890 0.00752152 0.01631220 0.01594910 0.00415691 0.00437212 0.00860376 0.01349180 0.02262539 0.48970289 0.00771442 0.00978486 0.06907818 0.01091980 0.00881479 0.00640353 0.00340252 0.24973994 0.02447409
17 0.05894441 0.01833790 0.01210410 0.02954091 0.00691713 0.01465140 0.01715550 0.01618870 0.01455900 0.02569361 0.03259701 0.02507831 0.01459930 0.01568800 0.57739113 0.05313151 0.02782281 0.00319414 0.01286770 0.02353741
18 0.03707888 0.01892759 0.01015769 0.01114269 0.00977463 0.01429759 0.01629909 0.01684139 0.00693634 0.06516506 0.13431093 0.02629209 0.45157976 0.03121078 0.01350109 0.02897268 0.02785868 0.00306084 0.00958141 0.06701076
19 0.02708240 0.00769154 0.00977729 0.24201403 0.00659944 0.01016240 0.00993124 0.01025270 0.00637186 0.01455830 0.02549190 0.01080250 0.01138400 0.46860406 0.00926656 0.03505270 0.03988481 0.00933424 0.02981650 0.01592150
20 0.04893359 0.02461250 0.02608710 0.06811599 0.00372256 0.03118149 0.53509990 0.03729169 0.02269440 0.02070460 0.01737900 0.04783779 0.01008800 0.00706577 0.01054390 0.03478329 0.02563830 0.00294155 0.00798781 0.01729080
21 0.01136110 0.01788551 0.02753661 0.46655915 0.00296088 0.01569971 0.10208603 0.01818861 0.00942938 0.01599911 0.01165270 0.18375806 0.00469528 0.00369502 0.04057361 0.02895251 0.01668551 0.00151005 0.00545436 0.01531681
22 0.03578858 0.02234109 0.05640918 0.48562180 0.00641820 0.02800979 0.08156937 0.03237859 0.01196289 0.02590339 0.01976059 0.04296708 0.00925988 0.01260929 0.02320719 0.05032558 0.02735709 0.00345059 0.00801555 0.01664429
23 0.02968861 0.52627318 0.02799441 0.01929281 0.00639049 0.04200711 0.02310221 0.02476811 0.01404540 0.01361830 0.02468851 0.11349504 0.01054360 0.00757877 0.01197870 0.03902441 0.03388091 0.00434139 0.01393560 0.01335240
24 0.02373791 0.02045381 0.01869471 0.00893881 0.01224460 0.01618440 0.01068440 0.01513490 0.03854851 0.01779171 0.05020691 0.01079250 0.00874325 0.14920404 0.01070930 0.01923311 0.01588130 0.00665355 0.52618715 0.01997511
25 0.51627286 0.01492470 0.01816099 0.01732250 0.01826429 0.01903029 0.02617279 0.05021979 0.00881446 0.03326779 0.03804559 0.01729600 0.01193530 0.01401340 0.02101939 0.08159288 0.04149759 0.00301832 0.01009240 0.03903869
26 0.02061910 0.01984460 0.01414920 0.01793560 0.01087490 0.01403290 0.01312260 0.01593620 0.01002250 0.02398410 0.02275650 0.30721206 0.01381690 0.15638403 0.01946370 0.26532605 0.01744880 0.00430112 0.00854710 0.02422200
27 0.02932651 0.11149203 0.03892781 0.03582171 0.00753150 0.02844211 0.05255711 0.02787911 0.02038621 0.01871660 0.02376431 0.46200612 0.01352980 0.00700092 0.01488610 0.04601241 0.02675791 0.00240371 0.00764081 0.02491721
28 0.51149925 0.01772301 0.01671511 0.01933041 0.02013531 0.02074271 0.02484121 0.04993922 0.00753311 0.03268292 0.03917572 0.01630371 0.01221201 0.01348701 0.02084281 0.08681544 0.04232652 0.00203699 0.00979302 0.03586452
29 0.03909129 0.01213380 0.00745392 0.00922106 0.00511448 0.00973962 0.00894525 0.01006910 0.00791662 0.09300758 0.55051187 0.01124940 0.04693169 0.04396119 0.00968774 0.01936050 0.01381870 0.00476525 0.01661950 0.08040148
30 0.02645170 0.00922779 0.01133510 0.01341230 0.00981351 0.01244600 0.00770984 0.01201000 0.01186110 0.04523460 0.10606299 0.00836445 0.02155640 0.45693896 0.01068650 0.02634950 0.02059020 0.01318760 0.12273899 0.05402250
31 0.02619530 0.00773886 0.00583907 0.01042650 0.00493227 0.00926357 0.01007030 0.00703249 0.00849879 0.01515470 0.02298240 0.02005060 0.00856550 0.19777303 0.53622007 0.04014791 0.01604820 0.00233812 0.03109750 0.01962480
32 0.05440389 0.00667864 0.01786320 0.00911968 0.00476559 0.00352662 0.01224030 0.56844485 0.01391820 0.00281751 0.01085790 0.01988309 0.00539967 0.00332481 0.00304372 0.24068894 0.01031060 0.00099532 0.00314341 0.00857410
33 0.01647520 0.00713604 0.00511327 0.00469981 0.23254202 0.01120500 0.00417471 0.00966080 0.00495901 0.06818731 0.02396080 0.00776648 0.06100291 0.00889897 0.00412337 0.02196420 0.02143310 0.00370486 0.00450509 0.47848704
34 0.02051030 0.00197282 0.00106272 0.00074431 0.00442097 0.00226378 0.00200610 0.00301810 0.00272205 0.44619206 0.06904791 0.00450812 0.00791372 0.01008030 0.00203877 0.00697711 0.01895740 0.00046741 0.00089398 0.39420206
35 0.10105595 0.02120399 0.02289629 0.03015958 0.01252769 0.02083009 0.02267609 0.04130588 0.00587966 0.02129579 0.02749339 0.03355168 0.01219649 0.01423139 0.02139589 0.49576574 0.05536637 0.00243205 0.00881882 0.02891718
36 0.10311596 0.01944829 0.02506989 0.02790149 0.01369210 0.02155539 0.02218519 0.04645148 0.00743340 0.02075149 0.02402649 0.03448309 0.01154090 0.01270450 0.01964249 0.49396782 0.05645358 0.00256637 0.00753759 0.02947249
37 0.44247008 0.00794800 0.00750883 0.00562950 0.01279440 0.00659377 0.01737840 0.03622781 0.00253696 0.01941720 0.01081930 0.00667027 0.00694493 0.00371586 0.00713330 0.36237807 0.02514770 0.00069913 0.00301946 0.01496700
38 0.03527851 0.01862931 0.05478022 0.49060220 0.00638806 0.02870801 0.08724593 0.03154021 0.01275551 0.02667271 0.02297971 0.04034832 0.00813739 0.01169250 0.02170741 0.04787482 0.02643351 0.00382851 0.00812384 0.01627331
39 0.52363179 0.01605709 0.01662959 0.01683039 0.01840469 0.01902209 0.02444759 0.05201418 0.00779866 0.03133959 0.03586009 0.01820499 0.01207980 0.01207980 0.01904379 0.08701096 0.04084428 0.00273738 0.00905687 0.03690638
40 0.10316104 0.02018851 0.02272771 0.03002841 0.01411411 0.02150651 0.02141101 0.04391232 0.00522178 0.02135781 0.02307501 0.03424751 0.01004120 0.01445341 0.02019071 0.49668818 0.05772222 0.00304884 0.00966762 0.02723611
41 0.37326996 0.00713943 0.00580035 0.00399386 0.00899746 0.00453176 0.01291930 0.02326410 0.00138740 0.01383320 0.00644891 0.00562208 0.00359745 0.00205519 0.00394653 0.48641694 0.02002750 0.00075694 0.00235605 0.01363560
42 0.51294402 0.01756170 0.01725460 0.02034020 0.01650440 0.01619860 0.02688140 0.05390200 0.00738919 0.03059400 0.03919010 0.01766140 0.01382620 0.01388810 0.02134230 0.08411490 0.04287980 0.00260493 0.00944954 0.03547260
43 0.51696382 0.01564879 0.01648519 0.01802339 0.01837169 0.01889579 0.02454559 0.05533148 0.00845622 0.03415199 0.03881919 0.01673809 0.01345450 0.01251420 0.02047539 0.08049297 0.04300759 0.00238492 0.01115770 0.03408149
44 0.06910715 0.03314158 0.02936518 0.01966719 0.01496629 0.02282888 0.02647788 0.03014658 0.01152129 0.03795137 0.02931268 0.02686478 0.01532109 0.01431949 0.01429509 0.07962344 0.45971167 0.00309104 0.00972636 0.05256096
45 0.03686798 0.00959653 0.00786052 0.00744380 0.01175499 0.00932111 0.00919695 0.01315619 0.00622206 0.16897190 0.09471194 0.01393349 0.02736138 0.03045328 0.00821593 0.02522208 0.02978088 0.00296937 0.01043889 0.47652071
46 0.03431769 0.02148720 0.05410839 0.48963389 0.00700112 0.02894039 0.08809518 0.03151129 0.01205980 0.02618039 0.02311209 0.04099789 0.00909792 0.01190980 0.02051800 0.04840599 0.02492329 0.00343245 0.00732754 0.01693970
47 0.01233830 0.36065603 0.00855161 0.01230320 0.00556668 0.01833170 0.02165390 0.01131740 0.02001970 0.00547083 0.00809077 0.45152104 0.00509286 0.00155722 0.00368665 0.01738910 0.02027670 0.00094755 0.00789554 0.00733321
48 0.10014595 0.02115479 0.02251579 0.02737569 0.01511889 0.02066409 0.02221809 0.04314478 0.00506931 0.02448999 0.02403799 0.03641418 0.00960945 0.01347859 0.01812939 0.49641776 0.05781317 0.00294033 0.01027469 0.02898709
49 0.02088960 0.03469619 0.01580260 0.01936140 0.00519664 0.01964590 0.02122560 0.01162770 0.00856043 0.01718110 0.32815492 0.36992191 0.03366659 0.00740256 0.00816501 0.02885569 0.02077550 0.00292389 0.01011360 0.01583320
50 0.02999148 0.04491258 0.02264009 0.02332489 0.00895124 0.02085189 0.02880049 0.01178189 0.01634379 0.01788499 0.01573489 0.26260087 0.01627819 0.00634043 0.00772939 0.03409848 0.40985079 0.00241659 0.00591676 0.01355029
51 0.09735879 0.02238480 0.02424770 0.02926850 0.01412950 0.01808020 0.02195840 0.04127680 0.00448392 0.02257340 0.02518710 0.03524580 0.01169930 0.01595330 0.01990350 0.50149994 0.05365029 0.00208836 0.00974514 0.02926530
52 0.01094351 0.46202547 0.00701354 0.01185081 0.00532981 0.01889372 0.01310931 0.01025191 0.01893932 0.00420626 0.00622713 0.37302138 0.00329705 0.00132692 0.00317349 0.01681932 0.02079502 0.00082788 0.00730805 0.00464009
53 0.03577800 0.00937754 0.00428724 0.00862511 0.00672370 0.00633310 0.01759450 0.00814936 0.00657656 0.47517394 0.11782998 0.01436590 0.02408210 0.02439960 0.00810386 0.02112930 0.02871310 0.00181668 0.00807148 0.17286898
54 0.10564196 0.02116529 0.02472919 0.02759899 0.01530899 0.02002759 0.02091329 0.04182868 0.00545265 0.02270849 0.02295639 0.03031289 0.01071200 0.01483989 0.02095399 0.50071179 0.05502798 0.00254197 0.00853030 0.02803769
55 0.03042890 0.10754900 0.03714060 0.03108150 0.00717893 0.02797200 0.05228130 0.02836910 0.01982800 0.02020680 0.02380660 0.46826000 0.01726010 0.00619173 0.01391330 0.04834450 0.02772550 0.00268047 0.00701646 0.02276520
56 0.02922971 0.00787690 0.00819864 0.01294990 0.00848644 0.02057501 0.46377117 0.33037012 0.02868771 0.00403276 0.01221740 0.01493301 0.00357089 0.00347398 0.00520032 0.02381391 0.01044150 0.00114548 0.00407337 0.00695175
57 0.07007842 0.03266081 0.03022991 0.01932131 0.01613531 0.02167691 0.02228711 0.02515101 0.01077420 0.03769701 0.02730401 0.02762681 0.01397390 0.01477961 0.01768361 0.08330743 0.46774516 0.00287315 0.01094060 0.04775372
58 0.26269200 0.01894530 0.01206620 0.14046000 0.00773695 0.00893731 0.01347170 0.41591400 0.00725987 0.00445348 0.00717658 0.01119900 0.00546324 0.00396322 0.00594613 0.04894080 0.01268380 0.00235482 0.00413162 0.00620398
59 0.01875772 0.00203639 0.00186015 0.00161868 0.00452821 0.00243845 0.00228548 0.00660850 0.00235539 0.39331443 0.05664896 0.00499116 0.00583459 0.00794817 0.00317001 0.00843678 0.07479678 0.00068030 0.00164740 0.40004243
60 0.03925568 0.00910256 0.00326147 0.01142179 0.00617472 0.00653952 0.01850609 0.00732169 0.00700529 0.47754575 0.11728994 0.01282869 0.02413699 0.02229409 0.00917865 0.02231239 0.02887728 0.00223287 0.00749865 0.16721591
61 0.03270839 0.01281610 0.00698639 0.00875260 0.00563023 0.00983144 0.00833943 0.01044530 0.00699175 0.09258887 0.55733780 0.01074210 0.04768158 0.04418928 0.01037600 0.01695359 0.01424630 0.00517141 0.01634529 0.08186617
62 0.02872132 0.00456394 0.00276547 0.00677512 0.00253466 0.00720233 0.00408158 0.00423337 0.00225703 0.22937715 0.09055436 0.00581196 0.50317032 0.01466661 0.00415316 0.01689981 0.02587962 0.00098410 0.00299114 0.04237693
63 0.03465280 0.00882011 0.00453472 0.00950737 0.00860996 0.00609660 0.01563360 0.00758311 0.00749610 0.47751700 0.11834400 0.01384690 0.02229370 0.02544290 0.00830342 0.02037500 0.03109400 0.00255856 0.00742316 0.16986700
64 0.00776179 0.00348468 0.02050269 0.37473681 0.00077682 0.00787145 0.45925276 0.00826380 0.00250345 0.00907553 0.00682868 0.04816348 0.00734433 0.00127465 0.00136147 0.01791229 0.01063639 0.00060829 0.00428446 0.00735622
65 0.04627873 0.00880479 0.03826753 0.00934331 0.27097318 0.00718162 0.00633954 0.01863681 0.00441314 0.00787399 0.01070371 0.01335461 0.00550627 0.00644254 0.00497841 0.06706924 0.44788330 0.00278708 0.00481277 0.01834941
66 0.40560815 0.00875686 0.00678222 0.00764361 0.00863789 0.01203900 0.01230770 0.01228840 0.00462581 0.06192862 0.03798871 0.01974791 0.00988988 0.01626921 0.01943291 0.03657501 0.03811531 0.00193017 0.00750550 0.27192710
67 0.02270999 0.00884014 0.03676369 0.25032590 0.00438358 0.00849878 0.02861809 0.02092439 0.00375419 0.01204180 0.01235810 0.02394249 0.00881768 0.00796607 0.00553082 0.49464281 0.03165739 0.00194288 0.00506975 0.01121150
68 0.00876080 0.00377413 0.02518061 0.46602218 0.00107757 0.00707655 0.34575713 0.00996796 0.00363063 0.01219940 0.00881909 0.04928872 0.00796315 0.00206597 0.00304574 0.01980231 0.01108490 0.00085319 0.00457899 0.00905095
69 0.03467809 0.00804653 0.00442499 0.01028530 0.00780289 0.00639150 0.01787519 0.00774338 0.00602772 0.47357182 0.11700195 0.01386909 0.02425849 0.02206969 0.01016870 0.01886999 0.02907639 0.00262184 0.00904654 0.17616993
70 0.01033570 0.00517391 0.20671805 0.24818105 0.00103392 0.00950693 0.37256508 0.00676062 0.00427790 0.00473096 0.00662407 0.03744831 0.00507687 0.00130977 0.00137073 0.02334031 0.04222731 0.00080950 0.00344998 0.00905902
71 0.03580178 0.01541279 0.01458109 0.01199769 0.01027999 0.01490659 0.01538679 0.01695739 0.00877700 0.06823785 0.14615090 0.02487448 0.43249371 0.02970568 0.01343599 0.02819608 0.02817798 0.00276956 0.01204519 0.06981145
72 0.01932060 0.00210628 0.00082526 0.00110203 0.00471852 0.00234170 0.00157512 0.00286880 0.00278602 0.44537399 0.07019770 0.00411420 0.00888235 0.01033040 0.00191086 0.00574513 0.01812140 0.00050596 0.00112369 0.39604999
73 0.41818203 0.01892950 0.02333710 0.01607350 0.00699732 0.00918009 0.28408302 0.03234880 0.01482710 0.00940161 0.01138830 0.02277480 0.00804912 0.00480980 0.01736540 0.05114260 0.02990480 0.00186415 0.00499994 0.01434100
74 0.06787286 0.03243978 0.03001578 0.02225509 0.01716579 0.02091299 0.02497259 0.02910758 0.01255859 0.04069998 0.02686119 0.02558279 0.01533409 0.01463649 0.01293829 0.07956006 0.46593674 0.00364095 0.01236969 0.04513868
75 0.04171322 0.02467251 0.02454181 0.07166663 0.00393021 0.03200011 0.53608225 0.03537262 0.02416281 0.02496481 0.01634551 0.05149912 0.00892017 0.00608743 0.01126741 0.03380402 0.02766871 0.00291507 0.00784606 0.01453951
76 0.04519789 0.02268399 0.02680929 0.06780818 0.00363482 0.03426449 0.53049186 0.03569689 0.02421859 0.02301579 0.01837460 0.05250209 0.00942346 0.00626145 0.00916582 0.03327279 0.02891439 0.00280815 0.00948846 0.01596700
77 0.52099108 0.01477640 0.01415750 0.01613870 0.01712790 0.01958100 0.02545380 0.05414501 0.00818127 0.03423841 0.03522661 0.01647610 0.01459150 0.01170730 0.02081800 0.08500211 0.04222411 0.00236973 0.00912545 0.03766801
78 0.03607520 0.00894310 0.00567086 0.01462430 0.00698477 0.00537832 0.01459180 0.00711863 0.00704207 0.46387901 0.11851200 0.01532110 0.02500310 0.02412040 0.01186480 0.02268750 0.02889860 0.00286219 0.00807823 0.17234401
79 0.03522668 0.01422809 0.00682756 0.00973350 0.00536235 0.00984408 0.00876483 0.00970522 0.00637970 0.09121155 0.55430670 0.01234619 0.04826607 0.04341778 0.00808189 0.01797319 0.01569509 0.00397978 0.01715999 0.08148976
80 0.09919078 0.02301370 0.02349820 0.02670499 0.01352790 0.02031890 0.02200630 0.04254829 0.00480210 0.02333270 0.02361940 0.03157749 0.01035040 0.01447100 0.01962730 0.50239689 0.05938469 0.00182380 0.00841641 0.02938879
81 0.09592207 0.01489530 0.02126959 0.01459960 0.44801285 0.02137619 0.01086080 0.04123069 0.01027470 0.03011839 0.03585949 0.01612339 0.01788049 0.02427619 0.00994370 0.06399998 0.04376399 0.00817523 0.02010769 0.05130968
82 0.02431269 0.00562138 0.00106884 0.00268605 0.00310499 0.00104574 0.00580722 0.00335052 0.00301964 0.36281980 0.38013479 0.00493477 0.03336188 0.02114569 0.00325503 0.00643638 0.01504939 0.00220224 0.00474604 0.11589694
83 0.03087740 0.01148340 0.02404360 0.01235710 0.01246200 0.00481980 0.01101060 0.00862740 0.00207178 0.00924921 0.01033950 0.00784971 0.00357815 0.00322275 0.00518383 0.26563696 0.56324192 0.00162251 0.00271357 0.00960883
84 0.52445114 0.01693980 0.01735220 0.01716590 0.01841970 0.01920551 0.02614731 0.05105311 0.00832524 0.03240481 0.03727541 0.01724040 0.01170980 0.01208440 0.02117511 0.08095822 0.04303921 0.00174430 0.00962789 0.03368051
85 0.01942741 0.00154237 0.00030517 0.00074383 0.00044721 0.00079148 0.00057760 0.00084803 0.00071529 0.15985509 0.55463432 0.00211778 0.09602646 0.02306411 0.00154895 0.00205664 0.00365947 0.00171893 0.00219177 0.12772807
86 0.03658580 0.00797327 0.00428116 0.01036520 0.00618659 0.00689503 0.01573090 0.00760046 0.00667980 0.47542806 0.11990101 0.01348280 0.02433540 0.02255240 0.00931364 0.01890260 0.02802280 0.00319518 0.00608585 0.17648202
87 0.07557221 0.01884650 0.03753451 0.02077610 0.01265170 0.01033350 0.02427550 0.60228811 0.01581510 0.00864037 0.01825810 0.02240560 0.00845696 0.00776070 0.00673839 0.05439071 0.02317150 0.00479109 0.00859051 0.01870280
88 0.51634396 0.01706400 0.01648160 0.01638240 0.01895140 0.01717050 0.02572200 0.05339880 0.00781521 0.03373320 0.04096570 0.01986600 0.01039560 0.01310390 0.02011460 0.07902689 0.04379360 0.00257376 0.01119620 0.03590070
89 0.06538142 0.03153461 0.02883871 0.02237351 0.01644851 0.02145921 0.02422131 0.02694361 0.01107110 0.03969251 0.02649951 0.02636211 0.01628051 0.01411160 0.01731671 0.08003213 0.47004416 0.00286757 0.01094600 0.04757522
90 0.03504120 0.01323180 0.00619362 0.01020020 0.00545603 0.00960617 0.00836052 0.01000040 0.00726794 0.09181230 0.55760399 0.01163260 0.04777800 0.04623530 0.00961499 0.01564750 0.01518920 0.00518795 0.01692170 0.07701860
91 0.04781439 0.02327739 0.02619399 0.06952628 0.00461713 0.03182039 0.53498386 0.03553539 0.02208189 0.02310369 0.01929539 0.05072469 0.00798215 0.00706933 0.00855756 0.03425999 0.02692129 0.00203712 0.00834758 0.01585050
92 0.52375801 0.01600720 0.01581900 0.01712730 0.01858150 0.02130870 0.02497820 0.05493070 0.00882993 0.03119480 0.03753940 0.01724760 0.01182700 0.01294830 0.01819670 0.07749800 0.04449870 0.00225326 0.01055760 0.03489810
93 0.03821333 0.00960166 0.00751387 0.00881330 0.01091491 0.00931782 0.00904160 0.01102181 0.00535597 0.16772415 0.09516159 0.01181921 0.02627522 0.02968443 0.00857836 0.02453602 0.03289373 0.00347394 0.00802264 0.48203644
94 0.01726981 0.02962241 0.01543540 0.06096262 0.00268867 0.01025490 0.40944213 0.00937473 0.00464934 0.01240800 0.00924456 0.36037012 0.00908200 0.00267624 0.00282624 0.01507160 0.01821271 0.00107414 0.00326381 0.00607055
95 0.03409420 0.01267470 0.00700123 0.00968866 0.00608935 0.00883710 0.00929898 0.01113580 0.00805986 0.08720830 0.55904602 0.01098590 0.04708550 0.05065280 0.00828180 0.01607240 0.01333520 0.00436179 0.01938590 0.07670450
96 0.06402690 0.03093130 0.02795010 0.02029000 0.01537460 0.02212810 0.02635580 0.03025780 0.00966739 0.03916830 0.02952040 0.02388380 0.01706580 0.01492320 0.01600050 0.07848651 0.47004603 0.00321822 0.00933082 0.05137440
97 0.09841172 0.02322140 0.02378810 0.03102841 0.01567860 0.02100490 0.02409650 0.04217331 0.00602255 0.02199860 0.02262150 0.03068441 0.01104510 0.01090680 0.02238530 0.49137109 0.06054721 0.00261217 0.01004070 0.03036161
98 0.03541951 0.02200940 0.05384821 0.48795609 0.00597398 0.02841341 0.08247131 0.03166021 0.01467330 0.02627860 0.02364090 0.04071001 0.00756855 0.01233600 0.02413730 0.04739751 0.02674970 0.00407773 0.00888266 0.01579560
99 0.03822418 0.02271049 0.05472287 0.48598573 0.00510459 0.02714728 0.08619095 0.02996628 0.01090939 0.02633969 0.02333389 0.04231318 0.00833268 0.01093609 0.02277169 0.05073977 0.02743298 0.00437161 0.00669578 0.01577089
100 0.03548142 0.01373261 0.00761651 0.00830343 0.00689553 0.00816316 0.00869850 0.01221521 0.00703123 0.08845245 0.55472333 0.01134111 0.04574753 0.04660643 0.00935142 0.01772151 0.01511211 0.00600884 0.01709951 0.07969815
101 0.10089296 0.02118629 0.02347489 0.02551959 0.01376910 0.02175809 0.02168069 0.04350618 0.00655975 0.02249289 0.02335599 0.03460249 0.01092070 0.01555269 0.02321769 0.49675883 0.05286178 0.00238963 0.00945647 0.03004329
102 0.39542583 0.00913747 0.00632375 0.00589231 0.00650306 0.01076270 0.00931274 0.01329479 0.00533277 0.06663567 0.03740718 0.01759419 0.01148750 0.01542179 0.02019639 0.03864628 0.03851588 0.00251862 0.00849320 0.28109788
103 0.07525769 0.02111470 0.03800490 0.02023810 0.01206850 0.01134180 0.02691670 0.59482895 0.01644000 0.00821411 0.02125850 0.02158240 0.00822639 0.00764462 0.00617542 0.05238390 0.02725440 0.00439210 0.00932874 0.01732810
104 0.02631650 0.00945119 0.01155840 0.01155960 0.00909165 0.01125070 0.00814962 0.01306140 0.01320200 0.04611561 0.11346002 0.00890287 0.01969870 0.45071508 0.01125450 0.02521910 0.01878820 0.01529420 0.12551802 0.05139261
105 0.02010779 0.00205785 0.00114442 0.00128400 0.00389604 0.00239535 0.00169968 0.00334416 0.00206973 0.36994589 0.05659098 0.00298684 0.00721908 0.00993609 0.00156710 0.00590764 0.01530260 0.00058916 0.00121177 0.49074385
106 0.02039140 0.00248866 0.00120654 0.00076529 0.00426383 0.00188279 0.00194320 0.00276451 0.00295812 0.47647109 0.05912081 0.00442940 0.00583525 0.00854446 0.00163002 0.00624006 0.01912100 0.00062492 0.00099956 0.37831907
107 0.12785492 0.31024181 0.00736942 0.01078249 0.00433315 0.01847419 0.01141669 0.01360909 0.01018529 0.01751459 0.03076458 0.24820485 0.00390239 0.00536143 0.00719556 0.01546939 0.01716179 0.00240147 0.12066793 0.01708899
108 0.09558316 0.00242305 0.00191118 0.00124299 0.00233520 0.00235342 0.00252163 0.00434212 0.00184578 0.24355690 0.17779393 0.00303005 0.02736819 0.13656995 0.00371284 0.00952671 0.00828163 0.00139594 0.00263846 0.27156689
109 0.03431870 0.01589870 0.01037300 0.01436280 0.01081370 0.01423750 0.01524770 0.01529650 0.00781295 0.06595630 0.14036101 0.02497290 0.44711603 0.03085790 0.01377170 0.02695750 0.02795440 0.00335743 0.00975165 0.07058160
110 0.01151779 0.50943175 0.00971434 0.01247089 0.00426056 0.02322879 0.01218539 0.01218479 0.01712439 0.00464037 0.00704481 0.31655884 0.00354817 0.00133589 0.00342262 0.01761639 0.01883559 0.00129065 0.00828414 0.00530385
111 0.04873368 0.02463839 0.02606529 0.06755727 0.00339230 0.03357949 0.53070077 0.03791898 0.02301919 0.02199909 0.01601319 0.05069368 0.00955665 0.00807753 0.00994855 0.03319909 0.02825859 0.00209114 0.00854146 0.01601569
112 0.05624512 0.00576713 0.01774650 0.00909710 0.00436063 0.00430370 0.01224410 0.56048815 0.01346790 0.00366852 0.01035160 0.02007141 0.00439206 0.00256116 0.00293707 0.24792007 0.01154040 0.00107480 0.00249683 0.00926573
113 0.02631282 0.00864905 0.01176351 0.01070961 0.00844151 0.01228861 0.00840673 0.01054711 0.01270051 0.04495393 0.11431708 0.00903376 0.02576952 0.44679331 0.01117291 0.02508962 0.01846921 0.01552441 0.12445209 0.05460474
114 0.29475302 0.01702500 0.01423350 0.01314340 0.00523206 0.00364553 0.01019250 0.52979504 0.00560699 0.00463903 0.00653333 0.00988536 0.00571210 0.00258400 0.00259783 0.04281790 0.01699950 0.00245036 0.00488922 0.00726432
115 0.09517638 0.02199850 0.02646289 0.02857769 0.01321710 0.02025710 0.02249130 0.04157789 0.00564939 0.02384060 0.02387090 0.03428859 0.01065980 0.01432550 0.01998070 0.49601490 0.06023479 0.00234011 0.01036090 0.02867499
116 0.02533790 0.01924840 0.02005860 0.01096960 0.01154000 0.01379750 0.01088230 0.01383740 0.03782170 0.01931810 0.05076040 0.01028990 0.00971774 0.15762901 0.00824108 0.01890990 0.01485680 0.00556289 0.52133905 0.01988170
117 0.02936990 0.53489602 0.02904160 0.01878350 0.00569409 0.04328630 0.02213930 0.02301160 0.01459050 0.01383060 0.02490170 0.10913300 0.00885250 0.00751160 0.00994418 0.03782050 0.03517910 0.00421299 0.01412730 0.01367370
118 0.00524526 0.00769689 0.01215170 0.00201942 0.00809085 0.00524042 0.00128184 0.00310914 0.02466020 0.01758170 0.02016600 0.00135038 0.00138428 0.34049204 0.00161353 0.00468471 0.00239476 0.00308266 0.53530406 0.00245014
119 0.03499448 0.01281709 0.00723009 0.00797719 0.00474717 0.00860641 0.00824443 0.00970659 0.00761530 0.09441955 0.56240471 0.01072679 0.04849728 0.04291718 0.00932860 0.01585429 0.01224579 0.00543933 0.01713269 0.07909506
120 0.03088112 0.00756041 0.00507265 0.00710446 0.01265711 0.00798964 0.00813665 0.09913746 0.00969073 0.39564022 0.04619033 0.01228441 0.01193261 0.21105512 0.00677578 0.02351301 0.02331621 0.00570303 0.01759011 0.05776893
121 0.01670551 0.00300141 0.00103835 0.00130997 0.00170781 0.00174419 0.00149292 0.00242066 0.00136235 0.12413510 0.51480340 0.00280074 0.06430395 0.02609612 0.00547590 0.00396382 0.00932914 0.00273540 0.00586407 0.20970916
122 0.03494200 0.03765819 0.03903769 0.02916050 0.01002010 0.04116359 0.05217629 0.04536259 0.39833394 0.02529290 0.03462130 0.04656929 0.01125200 0.02931410 0.01780600 0.02121020 0.03113330 0.00769744 0.06018589 0.02706270
123 0.03786311 0.01448781 0.01152570 0.01231440 0.01002040 0.01398951 0.01479061 0.01581571 0.00533412 0.06755393 0.14584706 0.02297471 0.44514017 0.02946701 0.01428361 0.02885041 0.02628851 0.00270775 0.00956144 0.07118403
124 0.06687036 0.03220103 0.02622072 0.01837292 0.00565860 0.00894893 0.14556514 0.01320981 0.00367642 0.01197711 0.00938099 0.01849872 0.00634400 0.00320934 0.00933080 0.21985621 0.38445637 0.00147257 0.00485927 0.00989069
125 0.04034501 0.03756741 0.46599914 0.05876312 0.01264780 0.02793961 0.03418561 0.05311622 0.02167481 0.01074010 0.02416391 0.04599851 0.00927531 0.01277680 0.01215120 0.04999081 0.04363901 0.00437380 0.01644610 0.01820571
126 0.03746302 0.01254241 0.02521101 0.01535481 0.01394741 0.00487259 0.00992997 0.01085871 0.00302855 0.01142651 0.01193601 0.01051821 0.00327838 0.00388137 0.00710194 0.28351614 0.51850626 0.00108363 0.00330847 0.01223461
127 0.03932838 0.00817240 0.00386419 0.00981856 0.00695949 0.00541540 0.01676439 0.00654709 0.00704373 0.48168770 0.11400693 0.01288279 0.02536278 0.02303349 0.00950296 0.01913829 0.03125728 0.00222824 0.00725804 0.16972789
128 0.04000443 0.00897674 0.00733404 0.00751792 0.01181141 0.00961518 0.01136641 0.01236591 0.00690265 0.16282313 0.09226297 0.01299581 0.02454872 0.03030502 0.00855305 0.02313152 0.03228973 0.00329089 0.00876712 0.48513738
129 0.04506238 0.05800508 0.02842169 0.04036449 0.01369000 0.47008083 0.04374738 0.02230169 0.02478589 0.01382230 0.03217539 0.04535628 0.01232820 0.01173620 0.01242040 0.05019028 0.03178489 0.00313676 0.01700229 0.02358759
130 0.04853373 0.05911713 0.02814801 0.03623942 0.01439451 0.47273925 0.04381992 0.02187721 0.02497641 0.01522271 0.03214972 0.04300262 0.01249561 0.01415471 0.01316481 0.04595762 0.03116762 0.00349528 0.01539881 0.02394491
131 0.03605779 0.02176099 0.05334408 0.48465680 0.00587035 0.02980299 0.08990216 0.03101159 0.01401049 0.02483309 0.02608049 0.04134548 0.00908378 0.01167070 0.02071869 0.04602388 0.02566269 0.00330345 0.00778863 0.01707189
132 0.03975742 0.00856139 0.00878124 0.00711034 0.01118381 0.00794623 0.00992683 0.01284781 0.00645486 0.16197410 0.08996826 0.01405531 0.02668022 0.02919332 0.00998264 0.02332511 0.03274072 0.00355915 0.00782594 0.48812530
133 0.02936180 0.53085601 0.02775040 0.02105630 0.00551850 0.03933060 0.02029880 0.02431560 0.01434670 0.01105600 0.02553690 0.11749300 0.00875325 0.00781940 0.01185230 0.03428580 0.03688400 0.00461823 0.01510830 0.01375810
134 0.03494251 0.01321340 0.00783752 0.00861323 0.00674275 0.00739268 0.00810282 0.01270400 0.00756688 0.09484861 0.55784108 0.01271680 0.04650291 0.04583941 0.00905546 0.01691970 0.01303090 0.00486951 0.01561670 0.07564311
135 0.07881431 0.02164710 0.03490881 0.02105640 0.01482110 0.01169700 0.02544840 0.58633109 0.01516130 0.00962043 0.01852670 0.02282440 0.00843786 0.00828116 0.00857303 0.05446051 0.02918090 0.00467657 0.00795359 0.01757930
136 0.06322138 0.03438879 0.03208149 0.02056229 0.01642679 0.02172489 0.02480049 0.02735879 0.01085970 0.04140328 0.02605429 0.02554509 0.01619329 0.01606139 0.01609019 0.08074327 0.46161183 0.00438357 0.01213490 0.04835428
137 0.03554270 0.02157760 0.05654969 0.48790794 0.00559040 0.02336060 0.08760239 0.02983540 0.01094710 0.02717890 0.02254320 0.04263469 0.00908135 0.01154510 0.02379380 0.05119999 0.02690680 0.00420796 0.00645442 0.01554000
138 0.02356068 0.02119578 0.01685198 0.01097319 0.01183139 0.01574248 0.01119879 0.01361179 0.03767666 0.01750398 0.04910145 0.01136069 0.01021929 0.15757083 0.00903493 0.01898188 0.01675018 0.00773440 0.51731846 0.02178118
139 0.09863158 0.02475950 0.02353670 0.02610430 0.01337480 0.01952950 0.02443810 0.04365789 0.00508992 0.02335220 0.02605920 0.03473849 0.01167000 0.01583940 0.01905940 0.49822692 0.05158299 0.00241270 0.00960814 0.02832830
140 0.03152451 0.38421512 0.00826353 0.01351830 0.00367123 0.03084211 0.01509490 0.01045480 0.01368720 0.01155210 0.12854104 0.25243508 0.00958962 0.00412997 0.00560150 0.01797241 0.01801661 0.00159093 0.02846841 0.01083060
141 0.01769760 0.00681969 0.00725178 0.00909137 0.00294579 0.01268130 0.19235897 0.00551480 0.00597546 0.49036093 0.02404520 0.01908640 0.01097720 0.00658057 0.00438588 0.01687580 0.14227898 0.00132507 0.00578503 0.01796220
142 0.02636161 0.01887311 0.01235500 0.02056751 0.00651106 0.36078512 0.03715461 0.01052170 0.03013491 0.13951905 0.02088021 0.02014821 0.01586501 0.01190340 0.00773257 0.02002261 0.20730107 0.00207592 0.00951651 0.02177081
143 0.03309749 0.05596158 0.02595719 0.02182979 0.00604739 0.01360199 0.02505439 0.30726887 0.01839769 0.01140770 0.01156610 0.35511585 0.00739861 0.00587786 0.00850242 0.05242998 0.01529689 0.00362399 0.00560836 0.01595589
144 0.09923869 0.02224590 0.02481230 0.02878430 0.01424060 0.01734780 0.02300290 0.04514090 0.00543864 0.02154980 0.02418540 0.03306990 0.01147650 0.01345420 0.02238850 0.49812295 0.05428929 0.00240539 0.00803708 0.03076900
145 0.04397468 0.02344499 0.02586479 0.06682597 0.00376201 0.03265778 0.54090675 0.03427648 0.02212879 0.02278159 0.02049199 0.05268638 0.00912670 0.00728090 0.00837543 0.03163449 0.02812279 0.00246576 0.00801797 0.01517379
146 0.03956827 0.01991859 0.01149699 0.21637884 0.00623467 0.48415264 0.02302608 0.02009508 0.03084578 0.00663578 0.02590668 0.03305298 0.00472023 0.00528337 0.00846366 0.01789999 0.02811648 0.00293334 0.00610414 0.00916644
147 0.04757031 0.05795981 0.03058180 0.03646531 0.01398840 0.46856607 0.04363901 0.02277910 0.02277250 0.01442120 0.02945390 0.04573941 0.01359680 0.01106050 0.01560620 0.04810111 0.03234671 0.00370724 0.01658490 0.02505970
148 0.02409760 0.01010400 0.00690706 0.00883795 0.00498676 0.00926907 0.00945484 0.01007780 0.00680696 0.01701030 0.04703120 0.01270940 0.33686498 0.01113980 0.42002897 0.02097410 0.01736180 0.00175496 0.00736636 0.01721610
149 0.04800490 0.05972400 0.02973260 0.03619540 0.01312840 0.46168399 0.04232280 0.02038310 0.02434770 0.01535500 0.03043690 0.04608770 0.01569260 0.01532660 0.01227480 0.04989700 0.03379410 0.00388203 0.01779660 0.02393380
150 0.02604049 0.01067610 0.01151060 0.01108380 0.00879107 0.01246810 0.00755880 0.01246840 0.01268580 0.04256588 0.10385996 0.01175190 0.01992039 0.46057583 0.01109500 0.02615429 0.01987989 0.01525439 0.12331495 0.05234438
151 0.52877738 0.01467001 0.01585841 0.01738731 0.01923401 0.01601371 0.02507452 0.05613264 0.00708659 0.03327782 0.03725543 0.01611021 0.01151001 0.01198531 0.01880111 0.07684775 0.04470753 0.00289473 0.00970089 0.03667463
152 0.03510702 0.01308171 0.00683095 0.00857877 0.00659701 0.00817550 0.00804157 0.00860376 0.00682493 0.09424705 0.55416729 0.01286271 0.04862673 0.04718753 0.00863464 0.01712551 0.01322281 0.00559334 0.01563011 0.08086104
153 0.04618350 0.02267220 0.02674010 0.06858700 0.00309842 0.03234010 0.54041699 0.03557890 0.02027290 0.02434290 0.01728990 0.04970540 0.00773412 0.00570530 0.01105210 0.03325090 0.02779940 0.00195283 0.00865374 0.01662330
154 0.03442639 0.02319549 0.05561868 0.48744179 0.00516703 0.02713659 0.08263566 0.03138829 0.01303409 0.02580949 0.02470829 0.03982018 0.00913821 0.01179529 0.02421379 0.04963798 0.02624429 0.00435523 0.00721966 0.01701359
155 0.07679203 0.02188481 0.03359391 0.02034441 0.01383771 0.01098240 0.02527171 0.59916423 0.01510331 0.00872361 0.02019451 0.02188011 0.00873640 0.00756471 0.00670504 0.05166932 0.02594741 0.00432787 0.00821769 0.01905881
156 0.00464003 0.00855350 0.01227940 0.00237389 0.00749105 0.00551878 0.00136691 0.00367717 0.02493680 0.01817160 0.01795340 0.00099079 0.00142460 0.34303602 0.00181512 0.00535657 0.00226218 0.00308680 0.53268204 0.00238334
157 0.01036490 0.42753088 0.00665613 0.01060190 0.00573728 0.01783429 0.01406000 0.00976235 0.02107639 0.00369479 0.00577452 0.41243688 0.00354435 0.00116450 0.00264034 0.01445350 0.01875059 0.00093643 0.00845378 0.00452622
158 0.03535021 0.01350411 0.00640571 0.00879254 0.00657309 0.00851226 0.00865091 0.01029070 0.00616043 0.09315064 0.55458921 0.01177540 0.04907252 0.04720282 0.00998786 0.01569491 0.01499761 0.00593572 0.01545371 0.07789963
159 0.02672979 0.00880362 0.01105090 0.01245529 0.01027980 0.01165570 0.00679499 0.01032200 0.01142380 0.04435078 0.11061095 0.01035200 0.02103719 0.45391381 0.01106900 0.02498899 0.01915949 0.01717569 0.12362595 0.05420028
160 0.03395219 0.01434210 0.00680930 0.00750239 0.00551186 0.00753532 0.00904535 0.01014640 0.00703866 0.09508448 0.54968388 0.01404610 0.04913009 0.04739189 0.00957176 0.01806700 0.01493300 0.00400908 0.01791670 0.07828248
161 0.02819662 0.53294729 0.02823302 0.01941331 0.00487821 0.04212272 0.02178901 0.02601991 0.01570551 0.01428001 0.02700101 0.11140406 0.00983788 0.00916250 0.01092211 0.03417612 0.03210152 0.00432948 0.01495321 0.01252651
162 0.03570692 0.01366121 0.00842414 0.01074301 0.00556678 0.00954897 0.00913375 0.00989460 0.00730246 0.09352545 0.55179828 0.01172151 0.04557312 0.04709352 0.00922630 0.01627521 0.01410951 0.00466560 0.01879411 0.07723554
163 0.03474508 0.01346889 0.00747879 0.00964645 0.00564568 0.00877100 0.00952706 0.00981751 0.00762915 0.09010186 0.55276573 0.01096539 0.04818208 0.04740238 0.00988765 0.01760779 0.01389219 0.00462190 0.01683059 0.08101286
164 0.01349360 0.00684514 0.00358064 0.00605411 0.00708785 0.00348975 0.00356350 0.00719593 0.00426604 0.04215121 0.44799908 0.00481985 0.05381791 0.02941451 0.01386930 0.00705635 0.01160050 0.00636067 0.12080102 0.20653304
165 0.01949960 0.00476911 0.00229559 0.00175743 0.00338518 0.00203049 0.00236264 0.00535604 0.00225097 0.13338799 0.34683199 0.00424782 0.04475290 0.02915890 0.00945449 0.00620729 0.02080710 0.00282346 0.00733603 0.35128499
166 0.00475817 0.00680432 0.00922372 0.00158192 0.01043499 0.00575974 0.00102242 0.00364841 0.01523539 0.05619105 0.01816858 0.00170983 0.00144551 0.38433068 0.00148171 0.00608306 0.00327099 0.00205950 0.46413661 0.00265341
167 0.03700930 0.00722449 0.00412124 0.01125520 0.00733295 0.00475940 0.01543120 0.00687853 0.00643722 0.47247900 0.11849300 0.01190080 0.02578930 0.02334530 0.00906329 0.01906580 0.02734870 0.00183805 0.00644223 0.18378500
168 0.02906090 0.53026896 0.02979240 0.02021530 0.00467540 0.03867140 0.02066160 0.02419520 0.01498850 0.01422710 0.02611860 0.11658499 0.00840511 0.00899475 0.01054770 0.03485430 0.03537740 0.00393221 0.01476880 0.01365940
169 0.03077490 0.00380708 0.00595996 0.00471004 0.00440075 0.00505897 0.00820538 0.00535511 0.00403697 0.05677220 0.08991840 0.00419532 0.01256180 0.36022799 0.00668613 0.02599070 0.01189210 0.00310741 0.01029780 0.34604099
170 0.05975232 0.01994991 0.01275830 0.02855501 0.00578626 0.01545130 0.01422010 0.01316780 0.01336130 0.02614011 0.03117961 0.02684481 0.01378750 0.01329470 0.58046515 0.05715371 0.02890641 0.00287438 0.01270850 0.02364281
171 0.02700249 0.00903512 0.01106630 0.01248280 0.00900213 0.01241900 0.00871805 0.01066250 0.01277460 0.04408939 0.10929398 0.01033140 0.02252810 0.45796491 0.01022610 0.02507889 0.02031860 0.01636890 0.12018098 0.05045579
172 0.02745708 0.54145061 0.02782388 0.01908739 0.00444536 0.03965217 0.02163538 0.02658998 0.01346729 0.01210579 0.02703548 0.10577892 0.01053299 0.00796140 0.01154849 0.03617197 0.03510617 0.00337675 0.01448879 0.01428409
173 0.02947149 0.00655925 0.00472321 0.00533293 0.00363075 0.01211670 0.00654954 0.00493397 0.00500093 0.01161020 0.00737895 0.00797145 0.00469220 0.00884406 0.63425177 0.21294992 0.01245630 0.00089419 0.01363670 0.00699553
174 0.07296542 0.03385281 0.02886091 0.01988141 0.01510500 0.02110311 0.02573271 0.02671931 0.01016240 0.03846401 0.02685351 0.02480941 0.01703450 0.01464350 0.01557150 0.08197002 0.46300513 0.00361743 0.01235160 0.04729631
175 0.01826751 0.00173270 0.00078789 0.00048273 0.00459783 0.00191403 0.00103199 0.00292822 0.00201354 0.40336616 0.04188392 0.00300753 0.00375927 0.00907050 0.00143591 0.00498063 0.01478851 0.00029282 0.00090312 0.48275519
176 0.04981148 0.05462908 0.02683919 0.03755879 0.01275440 0.47166083 0.04356268 0.02097769 0.02462859 0.01657289 0.03134419 0.04527168 0.01266260 0.01280740 0.01209080 0.04813718 0.03474769 0.00343865 0.01686459 0.02363959
177 0.05676461 0.01523650 0.01098440 0.02943990 0.00571375 0.01285670 0.01670620 0.01685980 0.01259960 0.02326410 0.03611620 0.02483350 0.01296440 0.01580620 0.58750605 0.05590471 0.02694070 0.00226486 0.01321380 0.02402400
178 0.03627620 0.01283720 0.01218220 0.00777419 0.00546917 0.00760400 0.02234800 0.00996442 0.00646212 0.43664601 0.02745180 0.13302000 0.01646290 0.00851104 0.01152140 0.02490550 0.16296100 0.00189850 0.00722084 0.04848350
179 0.41388292 0.00890310 0.00662104 0.00682889 0.00642608 0.01117820 0.01040080 0.01436410 0.00481020 0.06040419 0.03599169 0.01781100 0.00958171 0.01901530 0.01871270 0.03520199 0.03752719 0.00181662 0.00733036 0.27319195
