1 0.03729298 0.00489097 0.00708916 0.00189447 0.00762396 0.01012489 0.00612777 0.00695976 0.00522675 0.17864491 0.34279883 0.00503537 0.06464807 0.05891297 0.00697351 0.02024939 0.02366289 0.00579469 0.01084879 0.19519990
2 0.05189040 0.05332310 0.01725430 0.02209090 0.01369580 0.02579450 0.02380140 0.01594670 0.01179650 0.02375810 0.03135350 0.02517480 0.01081470 0.00892699 0.51109105 0.07046621 0.04032210 0.00517186 0.00798166 0.02934540
3 0.02225480 0.02469070 0.15000901 0.23749201 0.00765630 0.03635430 0.08412310 0.25381501 0.01333630 0.01191540 0.01460290 0.05533430 0.00239158 0.00490823 0.00498153 0.04278570 0.01443690 0.00148097 0.00403815 0.01339280
4 0.06157208 0.01247790 0.01520999 0.01203210 0.01241550 0.01076390 0.01443239 0.01349969 0.01011160 0.21664092 0.14519594 0.01814949 0.03984208 0.02754959 0.01257250 0.03834949 0.04380598 0.00446169 0.01284829 0.27806889
5 0.05742901 0.13876503 0.04742101 0.04865631 0.01025360 0.06672102 0.06811692 0.03369971 0.02396151 0.02837891 0.03609051 0.24490706 0.02239441 0.01526580 0.01720150 0.04258991 0.04708091 0.00548616 0.01129830 0.03428241
6 0.09674162 0.03437191 0.04926541 0.02985421 0.01323890 0.01230730 0.03750841 0.02397480 0.10545502 0.14576603 0.05632321 0.03677771 0.02099500 0.03163121 0.03369281 0.13229703 0.05295851 0.00596930 0.01383150 0.06704011
7 0.16462608 0.02257131 0.03540182 0.02527571 0.02362151 0.02353861 0.02843731 0.07228814 0.01227381 0.02575231 0.03816872 0.02382271 0.01481611 0.01354101 0.02769431 0.29377415 0.09031415 0.00467779 0.01460421 0.04480022
8 0.04319190 0.01526770 0.01358530 0.00826763 0.01171400 0.00839191 0.01137190 0.01305920 0.01099080 0.26661398 0.16739198 0.01606160 0.04843660 0.03328180 0.00993595 0.02782920 0.03618290 0.00301680 0.01664390 0.23876498
9 0.05859339 0.13884397 0.04719949 0.04767789 0.01093160 0.06695299 0.06613409 0.03398459 0.02304670 0.02758559 0.03523419 0.24584195 0.02242310 0.01572530 0.01849640 0.04328039 0.04676129 0.00586799 0.01162110 0.03379799
10 0.03543980 0.02511620 0.01854780 0.00367015 0.01203630 0.00764439 0.01750100 0.00881052 0.04285610 0.03915400 0.06676830 0.01347480 0.01474170 0.17809800 0.00687935 0.03347610 0.02593690 0.01652060 0.40086700 0.03246100
11 0.03116859 0.02662769 0.02073189 0.00544390 0.00858952 0.00860845 0.01280090 0.01999959 0.03310929 0.02658869 0.07802978 0.05499238 0.01252210 0.25084293 0.00747431 0.02340879 0.03059719 0.02990299 0.28803492 0.03052609
12 0.03570238 0.01871739 0.01872629 0.00525572 0.00770957 0.01192869 0.01868359 0.01566189 0.02142179 0.05311127 0.12151794 0.01493409 0.02840459 0.34237183 0.00602030 0.02483369 0.03255588 0.01841149 0.15522492 0.04880668
13 0.04129110 0.01650460 0.13321600 0.29655300 0.00910507 0.03652360 0.18824000 0.07264330 0.02415380 0.01128240 0.01671650 0.05720150 0.00138792 0.00118215 0.01022430 0.04409820 0.02354020 0.00106623 0.00181592 0.01325420
14 0.07170659 0.00836177 0.06085269 0.29874795 0.00696706 0.03006380 0.29292595 0.02124820 0.03122140 0.00941979 0.01641610 0.04145949 0.00156504 0.00125833 0.01190990 0.04823489 0.02598350 0.00122168 0.00126819 0.01916770
15 0.06325961 0.29191506 0.04095371 0.01777390 0.01675320 0.05461041 0.04608121 0.02364130 0.03157361 0.02658851 0.03306591 0.13784403 0.02759281 0.01913850 0.03212101 0.04172151 0.03961351 0.01228590 0.01946650 0.02399980
16 0.11676997 0.01371410 0.02952539 0.03206589 0.00679414 0.01698110 0.01806730 0.55149788 0.01012010 0.01684140 0.02111280 0.01902370 0.00480434 0.00902623 0.00616453 0.08215278 0.02467439 0.00207788 0.00349480 0.01509130
17 0.04003080 0.00485292 0.00812922 0.00231784 0.00910503 0.00779948 0.00561297 0.00682979 0.00529605 0.21685300 0.27185700 0.00552265 0.05608440 0.04407750 0.00695738 0.02025390 0.02866180 0.00497057 0.00960970 0.24517800
18 0.05345412 0.31437012 0.05670252 0.01200850 0.00912729 0.13251005 0.05298502 0.01004420 0.05177342 0.00968236 0.01860071 0.15195806 0.01643551 0.00540588 0.01650491 0.02022791 0.03008961 0.00771920 0.01993111 0.01046950
19 0.05385159 0.03619019 0.05388159 0.11689398 0.00626559 0.06490839 0.37446793 0.02388110 0.02220520 0.01922160 0.02835169 0.05231309 0.00968795 0.01321110 0.01320710 0.04122619 0.03205969 0.00469134 0.01218250 0.02130220
20 0.08868293 0.00774232 0.00922849 0.00422994 0.00645272 0.00838911 0.01866551 0.01594731 0.00551914 0.06966862 0.32960211 0.00717020 0.12409604 0.02999521 0.04645301 0.05553712 0.05401382 0.00446948 0.00889488 0.10524203
21 0.16289102 0.02401090 0.03554400 0.02418900 0.02416940 0.02354840 0.02847770 0.07190471 0.01263090 0.02701030 0.03955171 0.02414740 0.01473890 0.01398600 0.02793050 0.29158604 0.08922161 0.00452536 0.01457400 0.04536211
22 0.04090247 0.01266389 0.01164689 0.00754166 0.00778824 0.01490439 0.01601799 0.01303439 0.00719433 0.12667389 0.37016669 0.01379949 0.07423034 0.06391095 0.00983183 0.02957528 0.02937298 0.00699652 0.02261288 0.12113490
23 0.05326998 0.08867556 0.03343419 0.03042699 0.01162780 0.06390007 0.04668148 0.02435269 0.01707659 0.04056938 0.14387394 0.23230890 0.01874379 0.02230829 0.01413639 0.03678508 0.05651388 0.00743151 0.01607389 0.04180958
24 0.11931402 0.01395270 0.02912690 0.03158410 0.00671735 0.01657550 0.01793310 0.55036108 0.01007080 0.01679500 0.01963930 0.01895020 0.00450399 0.00938055 0.00595879 0.08250971 0.02474120 0.00189111 0.00402856 0.01596600
25 0.04371453 0.01416941 0.01340691 0.00781905 0.01204091 0.00842919 0.01254011 0.01248231 0.01116951 0.26703417 0.16763210 0.01509611 0.04865723 0.03297112 0.00971386 0.02712042 0.03491592 0.00326260 0.01753641 0.24028815
26 0.27458579 0.02873908 0.02468948 0.02404338 0.02608358 0.02939798 0.03047438 0.09823242 0.02310308 0.03560817 0.04869676 0.02744158 0.01809729 0.01759809 0.01976148 0.14332689 0.05371546 0.00509997 0.01306159 0.05824356
27 0.03581917 0.01778379 0.01055689 0.00202282 0.00705583 0.00772316 0.00684633 0.00545027 0.00639141 0.23934083 0.22485984 0.00694898 0.15828088 0.04162047 0.00522061 0.02253748 0.02823008 0.00214129 0.01267299 0.15849688
28 0.05379240 0.03473760 0.05305830 0.11766801 0.00608309 0.06394801 0.37377903 0.02471160 0.02164040 0.02004940 0.02963420 0.05117410 0.01018780 0.01365490 0.01356200 0.04163960 0.03325150 0.00365952 0.01173080 0.02203770
29 0.02796209 0.00366879 0.00626144 0.00160027 0.01055040 0.00273373 0.00195218 0.00248430 0.00480356 0.34543189 0.13052296 0.00700582 0.03152979 0.01118020 0.00301230 0.00873929 0.03056559 0.00074285 0.00363768 0.36561489
30 0.03455118 0.02475129 0.03840108 0.03305419 0.00400456 0.14102594 0.56882675 0.00722274 0.01018760 0.03994138 0.01304029 0.02540809 0.00425975 0.00448747 0.00428646 0.01250399 0.01651149 0.00199178 0.00388328 0.01166069
31 0.11916292 0.01394809 0.02920108 0.03127448 0.00700111 0.01703259 0.01796759 0.54967662 0.01019159 0.01721669 0.02031539 0.01862119 0.00494039 0.00836568 0.00638436 0.08256194 0.02465318 0.00203122 0.00407663 0.01537729
32 0.06002549 0.01215600 0.01560280 0.01161890 0.01322790 0.01043010 0.01378610 0.01381220 0.01018780 0.21658896 0.14910197 0.01721140 0.03944859 0.02874199 0.01156000 0.03768109 0.04234949 0.00433208 0.01295820 0.27917895
33 0.02273268 0.00511537 0.00365568 0.00081376 0.00433810 0.01067459 0.00340301 0.00251707 0.00475185 0.22149284 0.36065175 0.00318343 0.07165375 0.06086656 0.00329783 0.01401299 0.01514289 0.00219049 0.00651851 0.18298687
34 0.06166955 0.19102115 0.01010941 0.00731111 0.00817700 0.02847722 0.01010951 0.01085431 0.01411411 0.00936154 0.00901043 0.02391652 0.00392616 0.00402182 0.53619041 0.03523223 0.01870801 0.00350639 0.00420662 0.01007651
35 0.01646799 0.01109269 0.01882559 0.00137201 0.00588796 0.00254541 0.01871579 0.00989241 0.02363839 0.02603219 0.05132467 0.00646310 0.01125559 0.40839378 0.00366183 0.01813019 0.02996168 0.01154639 0.30499184 0.01980049
36 0.10524895 0.07233686 0.05445247 0.04573948 0.01126589 0.03382738 0.05888717 0.03371198 0.14907393 0.04331668 0.03788788 0.05194557 0.01495839 0.04830718 0.01901339 0.05044757 0.03778548 0.01606849 0.07321256 0.04251268
37 0.16433601 0.02291740 0.03562670 0.02600190 0.02514160 0.02234640 0.02931190 0.07203891 0.01317310 0.02684030 0.03867080 0.02484000 0.01495440 0.01446680 0.02673550 0.29127802 0.08803391 0.00489793 0.01409830 0.04429010
38 0.03487069 0.02416909 0.01844260 0.00349742 0.01240610 0.00740774 0.01800640 0.00887477 0.04234349 0.03849029 0.06465928 0.01289530 0.01403380 0.18203596 0.00666561 0.03286389 0.02598239 0.01601990 0.40469790 0.03163739
39 0.06512746 0.34985835 0.05595016 0.00405458 0.00618908 0.13151713 0.02669433 0.00779201 0.11212511 0.00726742 0.01321981 0.09535159 0.00548350 0.00563572 0.01601972 0.01321191 0.01707172 0.00928216 0.04906995 0.00907831
40 0.01658560 0.01120100 0.01847110 0.00126732 0.00589533 0.00245974 0.01892390 0.00999600 0.02276590 0.02617590 0.05236700 0.00631368 0.01120470 0.40903898 0.00384847 0.01832970 0.02973530 0.01154060 0.30413599 0.01974380
41 0.08275602 0.07094982 0.07812212 0.06271122 0.02255501 0.20633306 0.09445763 0.03341041 0.02069051 0.02060261 0.04430251 0.08734372 0.01289830 0.01620790 0.02151091 0.05277931 0.02974381 0.00517444 0.00834198 0.02910871
42 0.29375802 0.00733165 0.02639850 0.00796113 0.02888130 0.01792730 0.01470240 0.08728551 0.00982467 0.01072270 0.01956960 0.00887312 0.00806049 0.00508634 0.01187350 0.33309902 0.06677140 0.00138207 0.00569486 0.03479640
43 0.03457070 0.02409610 0.01884870 0.00345639 0.01295720 0.00723992 0.01909110 0.00859680 0.04271100 0.03884400 0.06502490 0.01300520 0.01413190 0.18173199 0.00760005 0.03264730 0.02623200 0.01616780 0.40066898 0.03237800
44 0.04043777 0.01266629 0.01104499 0.00783162 0.00744067 0.01467419 0.01596459 0.01340239 0.00736920 0.12687490 0.37464169 0.01381779 0.07358444 0.06280455 0.00974256 0.02934798 0.02892488 0.00671522 0.02020838 0.12250590
45 0.03537801 0.01931410 0.01939330 0.00541199 0.00784550 0.01147300 0.01898370 0.01680210 0.02195061 0.05258831 0.11960003 0.01471510 0.02785961 0.34412508 0.00606978 0.02429401 0.03288781 0.01746810 0.15601604 0.04782381
46 0.04077342 0.01266291 0.01114061 0.00707972 0.00758233 0.01452321 0.01568471 0.01266061 0.00727284 0.12594707 0.37312022 0.01335621 0.07367994 0.06419474 0.00972029 0.02939102 0.02953582 0.00686164 0.02251661 0.12229607
47 0.08326211 0.06968471 0.07797341 0.06267301 0.02313410 0.20805502 0.09229101 0.03319330 0.02031140 0.01979220 0.04352180 0.08838621 0.01319870 0.01690200 0.02099390 0.05218720 0.03075480 0.00568548 0.00876283 0.02923680
48 0.03919237 0.01466159 0.01303629 0.00458896 0.00977704 0.01320439 0.01030089 0.01286259 0.01140329 0.11822790 0.24875779 0.01533309 0.04547836 0.14991487 0.00828893 0.02636908 0.02746248 0.01245709 0.05585315 0.16282986
49 0.06518636 0.02238829 0.02001119 0.01048549 0.00849615 0.00805736 0.01257239 0.01980449 0.00976936 0.10838393 0.07077996 0.01597299 0.02240759 0.01156099 0.03293138 0.23641285 0.24031185 0.00337737 0.00907785 0.07201215
50 0.06800517 0.01018860 0.07496127 0.31992086 0.00805998 0.03036829 0.24429089 0.03243219 0.02851749 0.00919048 0.01701079 0.04554138 0.00179682 0.00136675 0.01264209 0.04868658 0.02628939 0.00118980 0.00135622 0.01818499
51 0.03952891 0.00464509 0.00786407 0.00213273 0.00910622 0.00808262 0.00564407 0.00649704 0.00553082 0.21836407 0.27259609 0.00539341 0.05578752 0.04387111 0.00705195 0.01964861 0.02852231 0.00476686 0.00962940 0.24533708
52 0.10332198 0.07154859 0.05359449 0.04385779 0.01128670 0.03435079 0.06009769 0.03539239 0.14929197 0.04231069 0.03735569 0.05135319 0.01544220 0.04799309 0.02010080 0.05178149 0.03743529 0.01573230 0.07604578 0.04170709
53 0.04348931 0.01551230 0.01301500 0.00855408 0.01155510 0.00872134 0.01249120 0.01389060 0.01055850 0.26591404 0.16572202 0.01678880 0.04781781 0.03326770 0.00993975 0.02793160 0.03565711 0.00272248 0.01802820 0.23842304
54 0.19458712 0.03267372 0.13726209 0.06097364 0.01698661 0.06706674 0.05212383 0.04044313 0.04301223 0.02490242 0.02640552 0.04019403 0.01365201 0.01562261 0.01291241 0.12789808 0.04435713 0.00519343 0.00787574 0.03585752
55 0.27444202 0.02901090 0.02439270 0.02450220 0.02439140 0.02900940 0.03223570 0.09777501 0.02371470 0.03648600 0.04752530 0.02770100 0.01799280 0.01755000 0.02025560 0.14268901 0.05414470 0.00505842 0.01321540 0.05790770
56 0.06352932 0.01589370 0.01470280 0.00662148 0.01097980 0.00581997 0.01253630 0.01226060 0.01194580 0.24143707 0.10807503 0.01724471 0.03889101 0.02011911 0.01443180 0.05911042 0.11298103 0.00307746 0.01384150 0.21650106
57 0.16402995 0.02329099 0.03435519 0.02535959 0.02492349 0.02317079 0.02918899 0.07285288 0.01279580 0.02680439 0.03946519 0.02378319 0.01524949 0.01465010 0.02855139 0.29101090 0.08540567 0.00505353 0.01417440 0.04588408
58 0.09074286 0.01769989 0.01823819 0.00889770 0.00970264 0.00872644 0.01508149 0.01749449 0.01037300 0.12792795 0.09179066 0.01702339 0.03117089 0.01749809 0.01648179 0.09409536 0.17785593 0.00507484 0.01132250 0.21280191
59 0.02918550 0.01914080 0.01103310 0.00193054 0.00720000 0.00646552 0.00587449 0.00397818 0.00616714 0.26992501 0.18917301 0.00496304 0.19097501 0.03450070 0.00368940 0.01989270 0.02563210 0.00177304 0.01276970 0.15573101
60 0.05875271 0.14034402 0.04715191 0.04686541 0.01083630 0.06622261 0.06819001 0.03267241 0.02336110 0.02840610 0.03568111 0.24756404 0.02199680 0.01515700 0.01686500 0.04297821 0.04737291 0.00594148 0.00963225 0.03400861
61 0.01881349 0.00515250 0.00406837 0.00075313 0.00286492 0.01386529 0.00392389 0.00227299 0.00597100 0.15998993 0.40770083 0.00300134 0.07251727 0.11597095 0.00330692 0.01406669 0.00960978 0.00586028 0.03173849 0.11855195
62 0.07733997 0.11787311 0.05693785 0.04716714 0.01406631 0.19255917 0.06055455 0.01866582 0.02146422 0.01221801 0.03286713 0.22193720 0.01451311 0.00889531 0.01192011 0.02272082 0.03843753 0.00368339 0.00455681 0.02162242
63 0.04311279 0.01481670 0.01405170 0.00784074 0.01152630 0.00838157 0.01304410 0.01366500 0.01105850 0.26684692 0.16742095 0.01516900 0.04915619 0.03375489 0.00921082 0.02684849 0.03528249 0.00332357 0.01720939 0.23827993
64 0.05765513 0.04843113 0.18967611 0.11443507 0.01548721 0.06512294 0.07655045 0.06122574 0.02856832 0.02647322 0.03301482 0.05724113 0.01800211 0.02257381 0.01396681 0.07043774 0.04235932 0.00574711 0.01828311 0.03474872
65 0.07133483 0.01883331 0.01489791 0.00972740 0.00763919 0.01233671 0.02674011 0.01889861 0.00834394 0.08401194 0.25714311 0.02278461 0.05887273 0.03001881 0.02165841 0.07314873 0.13416206 0.00712373 0.02147881 0.10084504
66 0.05454310 0.03495370 0.05344270 0.11904700 0.00662101 0.06449480 0.37121000 0.02434460 0.02161840 0.01988360 0.02843470 0.05199790 0.01080700 0.01292010 0.01364480 0.04218650 0.03203370 0.00416668 0.01219340 0.02145630
67 0.05602580 0.02001860 0.10238299 0.29862098 0.00938168 0.04895010 0.16150099 0.05810170 0.02273780 0.01454520 0.01956160 0.05337770 0.00476093 0.00560964 0.01633070 0.04907990 0.02845390 0.00382309 0.00319044 0.02354630
68 0.32369790 0.00743843 0.02257529 0.00739972 0.02865179 0.01483690 0.01421980 0.10532797 0.01115240 0.01068720 0.02008519 0.00898554 0.00760514 0.00491943 0.01145060 0.29885491 0.06334998 0.00127064 0.00509981 0.03239139
69 0.09588338 0.03538569 0.03169939 0.02409139 0.01285100 0.01924740 0.03594849 0.03732099 0.01465340 0.05319159 0.06775039 0.03819229 0.02423239 0.02931409 0.02491189 0.14392797 0.21042295 0.00764402 0.02001120 0.07332008
70 0.08363851 0.01155369 0.01253229 0.00721422 0.00729207 0.00661502 0.02047198 0.01560528 0.00547173 0.08869711 0.25396873 0.00845746 0.13426186 0.02072178 0.02038158 0.06615763 0.10633489 0.00676151 0.01440778 0.10945488
71 0.03373293 0.24212325 0.04860795 0.01803812 0.00877454 0.10195011 0.06102886 0.01547462 0.02230442 0.01381681 0.02125952 0.24694225 0.02523703 0.00403849 0.01239201 0.05558176 0.04595685 0.00305261 0.00548605 0.01420181
72 0.03801128 0.01883449 0.15214590 0.27942382 0.00951184 0.03464338 0.13726791 0.07250125 0.02167709 0.01502649 0.01558499 0.05686806 0.00280692 0.00215035 0.01495299 0.07486035 0.03340018 0.00146810 0.00219142 0.01667319
73 0.05460868 0.03440469 0.05416388 0.11995997 0.00665804 0.06476608 0.37364889 0.02401889 0.02257369 0.01966969 0.02759659 0.05177178 0.01015610 0.01317750 0.01343650 0.04050609 0.03158019 0.00442645 0.01144160 0.02143469
74 0.04195970 0.03114340 0.11968499 0.13331199 0.01123140 0.03589690 0.22509899 0.03671490 0.02105660 0.02001740 0.09849069 0.06259210 0.01567030 0.00986707 0.01452900 0.04353000 0.04525260 0.00379808 0.00564771 0.02450620
75 0.03443529 0.01920720 0.01943470 0.00522216 0.00780640 0.01170460 0.01933810 0.01532240 0.02079520 0.05245089 0.12000697 0.01446250 0.02853339 0.34526192 0.00629338 0.02449379 0.03228689 0.01832170 0.15641096 0.04821159
76 0.27754521 0.02988282 0.02511672 0.02335702 0.02472892 0.02958952 0.03045422 0.09674937 0.02483912 0.03592783 0.04774654 0.02810782 0.01749621 0.01814791 0.01966151 0.14135111 0.05375414 0.00571735 0.01294701 0.05687964
77 0.03349511 0.00859884 0.01022220 0.00220140 0.00804736 0.00988098 0.00903571 0.00498938 0.00458413 0.11773605 0.43532218 0.00347387 0.13518706 0.05399952 0.00715686 0.02276591 0.02002501 0.00351977 0.00811958 0.10163904
78 0.03403502 0.19981209 0.06074853 0.02550641 0.00638394 0.15328507 0.20014209 0.00926221 0.02085791 0.01109241 0.01617161 0.16244007 0.01832781 0.00310127 0.00586031 0.01769331 0.03444242 0.00626712 0.00562297 0.00894742
79 0.31040783 0.00542505 0.02172409 0.00434374 0.02387279 0.01286279 0.01058669 0.08702225 0.00886646 0.01316719 0.02494009 0.00687230 0.00883742 0.00385563 0.00884750 0.30587983 0.09811405 0.00107701 0.00408375 0.03921358
80 0.33404723 0.00509021 0.00977905 0.00215054 0.01416701 0.00746405 0.00829478 0.28733720 0.00665900 0.00413651 0.01472591 0.00767494 0.00283920 0.00291714 0.00404548 0.22177515 0.05300234 0.00061577 0.00086379 0.01241471
81 0.03648881 0.13701003 0.05805261 0.08634892 0.00663423 0.06143031 0.16889603 0.02373590 0.01923440 0.01468450 0.02416480 0.22371504 0.02386340 0.00473157 0.01122590 0.03688891 0.04059211 0.00354844 0.00362707 0.01512700
82 0.08908853 0.02629081 0.02562691 0.02864661 0.01539831 0.00975686 0.01851101 0.01947581 0.01523021 0.11717504 0.05085592 0.03356531 0.01664451 0.00931090 0.19566706 0.19305706 0.06930612 0.00585842 0.00570749 0.05482712
83 0.01834929 0.01154739 0.01722899 0.00117204 0.00708139 0.00239164 0.01677039 0.00843112 0.02651719 0.02960078 0.05869237 0.00695470 0.01163649 0.34166481 0.00437117 0.02022539 0.02758388 0.01423049 0.35265280 0.02289769
84 0.08410111 0.07115761 0.07761721 0.06298501 0.02330260 0.20736604 0.09280102 0.03362831 0.02050710 0.01984980 0.04370251 0.08870622 0.01335150 0.01581980 0.02123420 0.05143391 0.02935060 0.00574900 0.00856813 0.02876830
85 0.06594314 0.01076899 0.07114813 0.29125773 0.00730809 0.03360407 0.27608675 0.02991417 0.02921997 0.01023769 0.01723978 0.04487336 0.00212645 0.00149313 0.01229119 0.04767066 0.02614908 0.00160784 0.00161380 0.01944598
86 0.03732600 0.00433803 0.00716368 0.00192277 0.00790044 0.00990982 0.00599581 0.00646256 0.00506721 0.18053799 0.34239998 0.00446359 0.06408350 0.05859180 0.00686385 0.01988570 0.02339910 0.00577150 0.01105870 0.19685799
87 0.02768770 0.00345028 0.00638802 0.00179815 0.01017210 0.00270327 0.00186056 0.00263373 0.00482689 0.34442104 0.13184302 0.00716171 0.03152060 0.01130080 0.00300785 0.00860004 0.03025530 0.00086043 0.00370845 0.36580004
88 0.06354929 0.29507294 0.04106859 0.01751640 0.01615020 0.05497299 0.04578329 0.02265830 0.03399829 0.02641429 0.03154379 0.13557197 0.02597769 0.01955990 0.03338799 0.04080839 0.03902359 0.01331120 0.02013220 0.02349870
89 0.16268691 0.02242679 0.03605108 0.02615589 0.02560679 0.02305329 0.02900258 0.07154036 0.01271779 0.02701009 0.03957038 0.02385779 0.01570929 0.01458729 0.02879098 0.28867685 0.08859215 0.00463983 0.01414309 0.04518078
90 0.04541920 0.03704880 0.08675191 0.22908503 0.00856950 0.02701750 0.10888501 0.04571011 0.03016430 0.08136741 0.02663350 0.06595341 0.01037840 0.00969259 0.03091530 0.06178671 0.03290350 0.00430781 0.00512749 0.05228251
91 0.06068352 0.01253130 0.01585131 0.01188980 0.01277220 0.01128720 0.01280970 0.01360791 0.01013470 0.21617508 0.14856406 0.01823811 0.03965292 0.02770581 0.01172910 0.03893631 0.04263892 0.00420812 0.01260280 0.27798111
92 0.04220796 0.01269769 0.01124279 0.00770957 0.00775470 0.01423439 0.01584109 0.01348459 0.00748481 0.12547090 0.37276669 0.01314619 0.07403144 0.06290065 0.00954975 0.03000198 0.02914708 0.00691085 0.02103298 0.12238390
93 0.05733751 0.13765702 0.04744451 0.04874971 0.01127910 0.06764101 0.06775161 0.03264270 0.02366230 0.02832970 0.03614150 0.24580103 0.02254800 0.01549870 0.01698850 0.04337530 0.04732781 0.00591159 0.01097990 0.03293250
94 0.02372841 0.00240622 0.00456688 0.00046433 0.00818331 0.00461802 0.00139805 0.00173501 0.00406758 0.31730409 0.20330805 0.00306187 0.04419021 0.02549871 0.00241331 0.00853115 0.02431221 0.00115086 0.00408564 0.31497608
95 0.05819085 0.04972584 0.19130715 0.11374409 0.01522921 0.06636655 0.07686686 0.05749935 0.02864232 0.02696762 0.03322703 0.05756675 0.01781521 0.02168272 0.01479191 0.06937266 0.04281913 0.00597160 0.01740151 0.03481163
96 0.05758000 0.14111699 0.04699960 0.04732880 0.01090150 0.06727750 0.06807380 0.03315920 0.02289540 0.02846750 0.03516840 0.24490099 0.02255730 0.01539570 0.01845320 0.04386430 0.04671800 0.00571435 0.01088300 0.03254450
97 0.02426108 0.00263854 0.00456165 0.00050252 0.00807873 0.00442233 0.00134343 0.00204081 0.00406903 0.31657672 0.20343582 0.00329037 0.04390646 0.02534968 0.00249542 0.00893252 0.02453518 0.00112645 0.00394157 0.31449172
98 0.04018039 0.01369120 0.01136940 0.00708958 0.00760468 0.01462180 0.01569730 0.01298540 0.00701778 0.12675896 0.37012589 0.01345860 0.07371188 0.06449928 0.00974465 0.03021019 0.03044819 0.00691442 0.02159449 0.12227596
99 0.09464446 0.02924949 0.18749692 0.06838417 0.01383169 0.04194018 0.04751938 0.05251408 0.02114389 0.02025159 0.02043559 0.04106228 0.00952460 0.01053520 0.01800109 0.21700191 0.06558137 0.00351905 0.00653257 0.03083049
100 0.02969368 0.06963705 0.10611092 0.14417789 0.00779406 0.03390677 0.12724890 0.12872890 0.01631559 0.01336119 0.02113338 0.16578587 0.01512929 0.00892770 0.01073389 0.05140296 0.03065658 0.00288601 0.00393818 0.01243119
101 0.05440989 0.03520710 0.05345829 0.11798899 0.00656706 0.06560969 0.37245996 0.02384030 0.02138730 0.01929110 0.02865490 0.05129469 0.01041820 0.01411270 0.01314700 0.04193519 0.03286920 0.00429576 0.01165170 0.02140100
102 0.04832270 0.12826099 0.03872960 0.02602580 0.01177040 0.05965890 0.05762260 0.02488970 0.01733010 0.02477110 0.04180930 0.27072098 0.01848680 0.01324380 0.01552240 0.04909530 0.11281599 0.00555505 0.00684353 0.02852500
103 0.04023947 0.01332509 0.01165389 0.00728450 0.00828204 0.01473079 0.01587729 0.01280879 0.00745334 0.12575390 0.37185770 0.01456089 0.07369774 0.06326615 0.00992777 0.02911528 0.03001198 0.00678201 0.02191348 0.12145790
104 0.22577089 0.01659889 0.02384759 0.01481759 0.09134526 0.01417649 0.01360299 0.20080290 0.00739655 0.01254779 0.01459969 0.01617769 0.00448545 0.00725563 0.01199839 0.25436388 0.04659828 0.00195401 0.00268245 0.01897759
105 0.20550892 0.02363849 0.03444839 0.11960295 0.00993186 0.04213118 0.21791491 0.03791258 0.03136939 0.01829279 0.02828879 0.03530359 0.01226109 0.00907514 0.01437919 0.08104937 0.03739428 0.00348897 0.00740104 0.03060709
106 0.06663712 0.01061260 0.06986382 0.28953709 0.00746315 0.03388461 0.27725809 0.02922191 0.02924641 0.01045300 0.01725011 0.04496121 0.00208050 0.00163738 0.01257700 0.04875642 0.02664781 0.00130639 0.00163886 0.01896651
107 0.04378747 0.01479482 0.01398632 0.00837570 0.01138222 0.00878880 0.01219202 0.01394222 0.01118552 0.26656740 0.16456725 0.01609752 0.04786477 0.03276465 0.01026452 0.02726244 0.03550985 0.00324572 0.01801143 0.23940936
108 0.04849289 0.06426109 0.02032910 0.01610320 0.01034700 0.01864930 0.02446730 0.01523490 0.03344229 0.02302320 0.06737329 0.02322890 0.01954990 0.09564698 0.01627480 0.03817229 0.03636339 0.33675793 0.05727429 0.03500799
109 0.02791922 0.00347325 0.00638799 0.00166140 0.01013531 0.00278275 0.00189310 0.00262274 0.00493696 0.34382120 0.13174108 0.00715505 0.03217212 0.01160121 0.00330353 0.00871621 0.03030032 0.00081725 0.00368609 0.36487321
110 0.05523981 0.03754741 0.02375210 0.00763700 0.01348900 0.01460100 0.01970780 0.01242890 0.01011250 0.11958702 0.22895004 0.02975821 0.15576503 0.04418881 0.01218580 0.04110951 0.04004731 0.00669472 0.01699900 0.11019902
111 0.03941421 0.15261703 0.02787331 0.01073130 0.01567650 0.03152451 0.03008461 0.01791050 0.01685270 0.06700771 0.24167905 0.07864332 0.05359761 0.03752651 0.01371130 0.04361511 0.04452691 0.01089750 0.01910070 0.04700961
112 0.04021323 0.01301531 0.01151661 0.00754877 0.00751884 0.01489161 0.01572471 0.01338881 0.00682636 0.12509808 0.37466225 0.01432001 0.07351915 0.06444934 0.00981281 0.02881382 0.02899282 0.00676738 0.02139201 0.12152808
113 0.16710999 0.02198530 0.03564010 0.02414620 0.02540770 0.02341500 0.02822030 0.07261489 0.01274190 0.02557730 0.03932730 0.02377340 0.01556380 0.01491880 0.02835290 0.29041398 0.08672529 0.00461067 0.01517120 0.04428400
114 0.08472038 0.07065439 0.07720129 0.06201179 0.02246620 0.21124396 0.09147048 0.03169629 0.02035200 0.02023260 0.04497359 0.08912318 0.01268510 0.01635790 0.02071140 0.05091719 0.02963989 0.00590234 0.00870625 0.02893379
115 0.06308711 0.01261300 0.01600170 0.01171460 0.01293510 0.01097860 0.01355260 0.01374430 0.01020690 0.21428403 0.14621902 0.01735870 0.03993601 0.02693810 0.01253440 0.04006381 0.04404731 0.00426514 0.01279850 0.27672104
116 0.10385000 0.03455570 0.05787180 0.03849440 0.19134500 0.23691200 0.03195270 0.01709740 0.01623620 0.01854340 0.02504280 0.04704590 0.00961475 0.01120740 0.02470140 0.07024100 0.02675540 0.00343249 0.00604095 0.02905930
117 0.08420837 0.07083578 0.07654078 0.06147428 0.02261659 0.20616694 0.09222337 0.03273699 0.02079349 0.01979029 0.04569549 0.08891847 0.01372350 0.01710839 0.02187039 0.05143418 0.02998739 0.00582334 0.00859686 0.02945509
118 0.11185304 0.02349521 0.01785621 0.01429371 0.00718655 0.01139130 0.02716931 0.13601105 0.01052840 0.04409142 0.08674213 0.03362001 0.09388503 0.01652251 0.02397181 0.09869394 0.14167605 0.01920221 0.00849019 0.07331993
119 0.04141309 0.01340310 0.01174840 0.00723319 0.00757008 0.01517280 0.01613680 0.01401090 0.00736947 0.12439097 0.37072092 0.01427880 0.07374698 0.06319249 0.01038950 0.02979969 0.03083019 0.00707768 0.02025300 0.12126197
120 0.27768000 0.02909410 0.02514610 0.02374280 0.02461620 0.03017120 0.03242190 0.09537660 0.02398920 0.03587160 0.04688370 0.02914180 0.01703070 0.01715930 0.01998930 0.14270900 0.05410810 0.00498620 0.01332980 0.05655240
121 0.27444903 0.02969630 0.02505160 0.02323670 0.02478590 0.02964670 0.03198830 0.09614281 0.02308900 0.03637940 0.04829401 0.02821440 0.01772480 0.01773010 0.01984920 0.14239002 0.05423921 0.00532338 0.01319020 0.05857891
122 0.11100201 0.01577640 0.02709320 0.02308560 0.00764490 0.01456820 0.02257040 0.34132804 0.00974966 0.03043710 0.14292602 0.02323310 0.02019320 0.01950670 0.01440640 0.07519401 0.03937041 0.00570287 0.00797714 0.04823461
123 0.05932522 0.01470720 0.01429910 0.00623326 0.01064200 0.00517103 0.01089180 0.01100950 0.01169010 0.25845407 0.10699603 0.01532730 0.03774241 0.01845431 0.01255430 0.05415052 0.10741803 0.00264053 0.01296920 0.22932406
124 0.07267490 0.03461100 0.02405930 0.01744730 0.01606130 0.01089020 0.01822510 0.02599970 0.01551240 0.17038299 0.10972100 0.02379500 0.03828270 0.02594730 0.03617970 0.15602400 0.08283960 0.00426863 0.01881550 0.09826240
125 0.03989183 0.00467218 0.00782193 0.00201297 0.00953166 0.00684239 0.00527528 0.00652363 0.00566910 0.23118315 0.25312516 0.00518929 0.05237983 0.03878063 0.00646082 0.01827971 0.02972652 0.00445339 0.00873534 0.26344517
126 0.03872751 0.01038730 0.01406131 0.00309545 0.01055580 0.00990002 0.01019030 0.00587800 0.00505822 0.11848004 0.39504915 0.00440862 0.14711405 0.04970412 0.00827403 0.02615571 0.02449421 0.00375120 0.00946289 0.10525204
127 0.16434408 0.02315061 0.03468962 0.02603571 0.02374791 0.02380071 0.02969212 0.07154964 0.01311221 0.02563581 0.03973522 0.02382851 0.01542161 0.01454151 0.02680411 0.29096815 0.08878355 0.00471549 0.01509231 0.04435112
128 0.05683759 0.04766649 0.19257695 0.11498097 0.01572210 0.06698378 0.07692078 0.05954528 0.02801949 0.02730599 0.03306359 0.05633189 0.01725240 0.02143249 0.01434430 0.07122918 0.04178009 0.00539036 0.01754570 0.03507059
129 0.04172667 0.01314359 0.01155139 0.00710046 0.00780520 0.01533979 0.01560309 0.01298339 0.00726497 0.12416991 0.37134573 0.01453219 0.07320025 0.06422845 0.00976234 0.03022248 0.02959538 0.00681101 0.02295078 0.12066291
130 0.13259494 0.02023399 0.02821159 0.02764399 0.01127980 0.01732609 0.02063609 0.16485993 0.01202679 0.05227718 0.07871667 0.02564659 0.02553859 0.02412029 0.02268709 0.08251496 0.05323868 0.00637554 0.00751330 0.18655792
131 0.06516603 0.29266115 0.04138492 0.01848471 0.01665951 0.05597983 0.04653592 0.02274171 0.03403792 0.02638501 0.03147382 0.13473007 0.02649951 0.01953261 0.03107542 0.04087952 0.03890102 0.01273271 0.02057391 0.02356471
132 0.03634663 0.00452470 0.00747498 0.00181863 0.00746657 0.01001931 0.00623485 0.00700709 0.00511040 0.17817615 0.34410628 0.00468245 0.06498065 0.05955715 0.00689183 0.02027752 0.02340412 0.00578453 0.01058001 0.19555616
133 0.05640980 0.02010920 0.10154600 0.29669599 0.00947627 0.04828920 0.15980900 0.05812680 0.02294990 0.01496490 0.02005350 0.05368390 0.00499587 0.00573645 0.01715120 0.04944650 0.02881380 0.00332432 0.00363271 0.02478470
134 0.01795390 0.00813007 0.00591236 0.00128812 0.00790746 0.00748378 0.00591016 0.00955175 0.00524461 0.06075269 0.31429094 0.00983883 0.03107219 0.16268397 0.00741045 0.01825090 0.02098660 0.05978029 0.12718798 0.11836298
135 0.04251537 0.01336819 0.01172029 0.00743929 0.00768659 0.01506999 0.01571439 0.01381199 0.00764359 0.12579990 0.36761971 0.01457019 0.07300684 0.06276245 0.01012669 0.03016378 0.02961118 0.00728309 0.02188458 0.12220190
136 0.03593949 0.02418339 0.01852870 0.00399096 0.01238400 0.00772358 0.01930840 0.00871914 0.04109709 0.03889869 0.06509878 0.01339780 0.01430400 0.17879296 0.00741826 0.03388119 0.02594069 0.01637470 0.40141290 0.03260529
137 0.04066969 0.01335070 0.01176050 0.00715778 0.00758722 0.01502740 0.01606580 0.01328790 0.00749190 0.12566496 0.36818489 0.01447650 0.07171388 0.06447378 0.00973882 0.02970589 0.03089349 0.00713947 0.02291349 0.12269596
138 0.03500462 0.01974211 0.01915931 0.00588076 0.00780670 0.01199741 0.01942861 0.01579631 0.02146021 0.05156142 0.12047306 0.01464041 0.02739391 0.34324016 0.00589746 0.02536371 0.03289102 0.01792421 0.15626408 0.04807452
139 0.11887400 0.01386630 0.02847020 0.03048100 0.00698938 0.01687730 0.01761080 0.55174498 0.01013540 0.01669290 0.02032740 0.01861820 0.00477025 0.00894873 0.00640171 0.08303940 0.02478630 0.00211959 0.00366607 0.01558010
140 0.03529149 0.01877720 0.01929100 0.00565088 0.00817600 0.01141540 0.01889480 0.01589080 0.02112930 0.05315079 0.12329098 0.01500330 0.02873669 0.33846394 0.00620810 0.02503860 0.03237759 0.01817860 0.15616397 0.04887059
141 0.05713598 0.02944039 0.07056047 0.00689629 0.10376296 0.01618409 0.01295470 0.01001370 0.00898752 0.06374828 0.16661694 0.01582069 0.20134492 0.01992629 0.01040570 0.03774479 0.02472319 0.00834017 0.01699899 0.11839396
142 0.06285433 0.01235789 0.01474438 0.01166249 0.01300249 0.01067169 0.01370279 0.01388308 0.01022749 0.21520277 0.14801584 0.01737968 0.03990376 0.02747207 0.01232049 0.03852386 0.04373295 0.00416209 0.01281219 0.27736770
143 0.11973498 0.01399320 0.02935930 0.03154760 0.00663722 0.01689410 0.01814140 0.54635192 0.01007400 0.01706560 0.02035620 0.01916330 0.00503262 0.00957323 0.00640174 0.08300069 0.02488490 0.00187844 0.00415450 0.01575510
144 0.31191805 0.01703400 0.04284091 0.01661810 0.01484520 0.01644390 0.02938230 0.06505911 0.11220102 0.02365920 0.01828630 0.01776540 0.00705020 0.01185130 0.01891700 0.18779603 0.04865481 0.00351426 0.00538448 0.03077840
145 0.31618397 0.00551902 0.01242570 0.00276448 0.01500980 0.00835700 0.00869673 0.27579997 0.00717323 0.00467320 0.01522490 0.00821232 0.00332082 0.00309484 0.00474568 0.23909098 0.05374520 0.00078011 0.00093556 0.01424650
146 0.02497811 0.00274583 0.00363245 0.00051268 0.00539066 0.00856050 0.00229962 0.00230548 0.00421249 0.24730714 0.31173817 0.00258785 0.05927583 0.05032283 0.00332016 0.01171121 0.01845691 0.00203762 0.00495730 0.23364713
147 0.29183396 0.00684253 0.02761130 0.00738064 0.02824330 0.01884310 0.01315240 0.07931439 0.00895031 0.00962633 0.01740430 0.00870840 0.00681629 0.00446268 0.01151600 0.35093395 0.06732109 0.00130511 0.00527686 0.03445709
148 0.05402568 0.01622789 0.01830249 0.01785409 0.00663775 0.01285210 0.00957559 0.66399879 0.01007520 0.05841578 0.01983319 0.01321670 0.00539513 0.00737994 0.00499831 0.04546609 0.01502380 0.00176312 0.00235017 0.01660819
149 0.02714360 0.00647871 0.00449800 0.00121475 0.00483940 0.01100860 0.00423941 0.00349290 0.00546724 0.20556703 0.36108405 0.00428111 0.07267221 0.06330391 0.00451300 0.01711160 0.01833980 0.00273094 0.01054370 0.17147002
150 0.03809207 0.01025159 0.01361589 0.00272446 0.00998374 0.00963731 0.00936022 0.00551661 0.00481086 0.11916090 0.40055466 0.00428343 0.14704487 0.04975306 0.00789135 0.02558618 0.02357508 0.00364824 0.00885259 0.10565691
151 0.05452048 0.05322038 0.01754809 0.02174179 0.01536600 0.02640839 0.02308469 0.01643160 0.01199880 0.02317119 0.03160289 0.02598699 0.01060230 0.00817618 0.50460485 0.07358668 0.04132559 0.00509388 0.00678634 0.02874289
152 0.06448137 0.29081988 0.04077888 0.01759589 0.01657729 0.05446708 0.04582548 0.02349039 0.03395239 0.02586219 0.03174909 0.13623495 0.02608189 0.01997519 0.03383329 0.04138278 0.04042098 0.01198620 0.02109969 0.02338509
153 0.05188862 0.05375952 0.01682531 0.02179441 0.01342830 0.02641261 0.02346011 0.01577861 0.01221620 0.02355081 0.03219071 0.02582701 0.01055290 0.00890304 0.51034717 0.07078392 0.04042951 0.00525024 0.00817428 0.02842671
154 0.03642259 0.01845039 0.01913619 0.00532052 0.00780676 0.01152940 0.01940109 0.01612499 0.02115169 0.05432168 0.12199895 0.01453039 0.02796449 0.34023187 0.00606881 0.02519499 0.03281039 0.01733999 0.15509294 0.04910188
155 0.31239120 0.00548559 0.00874572 0.00268751 0.01052661 0.00754591 0.00804034 0.34806022 0.00665502 0.00395918 0.01376441 0.00793801 0.00236301 0.00283714 0.00326360 0.19749013 0.04758133 0.00067165 0.00077651 0.00921690
156 0.05769337 0.04764197 0.19194289 0.11433394 0.01545939 0.06699566 0.07573016 0.05970527 0.02710108 0.02714238 0.03326108 0.05794087 0.01729069 0.02229389 0.01399309 0.07056926 0.04256998 0.00559046 0.01721199 0.03553258
157 0.03646997 0.00398407 0.01165509 0.00123019 0.00958440 0.01050449 0.00556730 0.00427725 0.00396732 0.15222886 0.38726565 0.00183634 0.10814090 0.05956255 0.00685633 0.01880108 0.01790878 0.00356261 0.00662195 0.14997487
158 0.01511510 0.01094360 0.01732710 0.00196137 0.00399121 0.00271860 0.05790771 0.00968094 0.02455660 0.02817720 0.02991400 0.00518998 0.00864090 0.43446706 0.00334027 0.01979090 0.02820360 0.00523839 0.27872904 0.01410640
159 0.02311260 0.00241381 0.00559295 0.00099733 0.01018230 0.00175505 0.00108480 0.00164335 0.00411171 0.36454206 0.11987502 0.00576577 0.02859850 0.00725612 0.00202830 0.00618632 0.02908360 0.00047045 0.00259289 0.38270706
160 0.04309649 0.08279738 0.10893898 0.06615529 0.01247680 0.06905999 0.07501118 0.03249969 0.02017270 0.02302760 0.08802468 0.21034096 0.01199090 0.01046480 0.01391350 0.04244629 0.05466969 0.00453082 0.00799689 0.02238540
161 0.03440200 0.02331010 0.01907000 0.00351356 0.01238670 0.00722964 0.01882250 0.00886158 0.04225210 0.03844460 0.06522070 0.01297690 0.01400050 0.18265401 0.00737928 0.03295450 0.02617970 0.01626480 0.40133202 0.03274480
162 0.03426539 0.02400739 0.01910900 0.00353886 0.01219760 0.00739111 0.01782160 0.00863602 0.04321029 0.03787229 0.06492169 0.01329990 0.01419400 0.18239296 0.00728114 0.03260769 0.02566109 0.01696680 0.40321791 0.03140729
163 0.27560504 0.02882020 0.02436400 0.02283650 0.02484420 0.02818100 0.03041570 0.09786591 0.02401110 0.03686461 0.04920241 0.02683210 0.01864930 0.01919750 0.01999910 0.14057502 0.05403541 0.00556196 0.01421890 0.05792001
164 0.03048411 0.00365478 0.00609086 0.00107041 0.00667001 0.01088190 0.00522554 0.00561590 0.00450159 0.17004205 0.38445410 0.00306355 0.06716152 0.06642102 0.00557673 0.01663110 0.01752130 0.00572246 0.00808600 0.18112505
165 0.05549560 0.01990090 0.10340801 0.29778303 0.00936513 0.04903710 0.15736801 0.05943831 0.02264430 0.01507450 0.01978320 0.05406480 0.00455931 0.00556134 0.01678930 0.04974840 0.02782020 0.00385924 0.00315029 0.02514900
166 0.04415840 0.01587600 0.01360600 0.00810963 0.01113990 0.00918978 0.01197550 0.01278050 0.01132370 0.26743202 0.16611201 0.01636200 0.04803190 0.03371310 0.00910085 0.02697020 0.03563670 0.00309025 0.01798450 0.23740702
167 0.20557814 0.01105651 0.01744981 0.00962303 0.01017931 0.00986450 0.01117011 0.38975527 0.00764066 0.00821451 0.01470581 0.01305861 0.00331260 0.00380808 0.00555553 0.22147815 0.04245543 0.00165187 0.00138617 0.01205591
168 0.12259407 0.01936271 0.02510871 0.01791281 0.01420201 0.01971051 0.01964781 0.02858572 0.01284611 0.06392714 0.08129614 0.01655431 0.02721891 0.01902431 0.02647521 0.22043812 0.08516105 0.00398335 0.01244991 0.16350109
169 0.08501970 0.07108640 0.07616080 0.06184050 0.02300530 0.20819999 0.09217600 0.03279330 0.02041520 0.02071090 0.04543730 0.08892870 0.01344990 0.01619650 0.02189190 0.04990950 0.02890310 0.00562475 0.00864290 0.02960740
170 0.03720292 0.00474015 0.00780506 0.00211125 0.00803285 0.01019411 0.00631660 0.00642555 0.00503005 0.17861410 0.34161420 0.00481405 0.06510884 0.05849353 0.00694414 0.01972961 0.02385611 0.00573752 0.01081321 0.19641611
171 0.06336964 0.29302971 0.04233176 0.01796658 0.01631958 0.05515794 0.04582905 0.02255098 0.03350897 0.02549557 0.03069507 0.13579986 0.02623787 0.02021328 0.03223787 0.04204296 0.03982946 0.01349989 0.02066868 0.02321528
172 0.02388451 0.00242459 0.00447854 0.00047143 0.00819796 0.00448068 0.00139083 0.00186054 0.00423199 0.31838511 0.20105107 0.00318892 0.04359072 0.02486961 0.00236284 0.00833346 0.02462991 0.00105287 0.00392830 0.31718611
173 0.05620553 0.01964451 0.10138205 0.29565414 0.00923276 0.04768932 0.16280207 0.05789053 0.02295361 0.01492791 0.01991761 0.05411642 0.00455470 0.00561373 0.01697131 0.05044152 0.02849561 0.00308529 0.00336066 0.02506071
174 0.05425759 0.03449529 0.05324529 0.11984997 0.00701299 0.06506628 0.37411490 0.02430579 0.02176219 0.01913140 0.02844839 0.05080779 0.00955357 0.01369500 0.01348250 0.04061129 0.03228469 0.00437150 0.01235260 0.02115099
175 0.05592063 0.02053611 0.10234905 0.29593613 0.00933250 0.04814152 0.16151007 0.05864613 0.02298361 0.01519851 0.01965591 0.05379392 0.00478276 0.00545497 0.01704951 0.04971852 0.02788941 0.00353304 0.00312818 0.02443951
176 0.05627703 0.02004781 0.10195506 0.29593516 0.00934549 0.04753493 0.15985309 0.05849013 0.02321671 0.01539471 0.02012001 0.05328983 0.00442030 0.00539237 0.01748341 0.05097263 0.02888342 0.00324693 0.00296707 0.02517391
177 0.06262767 0.01202979 0.01547709 0.01210069 0.01272559 0.01144839 0.01355609 0.01393939 0.00988003 0.21324189 0.14781093 0.01788019 0.03995798 0.02683609 0.01196309 0.03979478 0.04446868 0.00416557 0.01305119 0.27704486
178 0.21379281 0.01433779 0.01965268 0.00597627 0.15613386 0.02938707 0.00903685 0.02029378 0.02202068 0.07793163 0.05043316 0.01771618 0.02358988 0.02135458 0.01945228 0.09525082 0.03829867 0.00302285 0.02165128 0.14066687
179 0.03618761 0.02432401 0.04016251 0.04225721 0.00390340 0.15297705 0.58679218 0.00620214 0.00655777 0.01922871 0.00806417 0.02592921 0.00262907 0.00217435 0.00349133 0.01112360 0.01461760 0.00173459 0.00338980 0.00825367
