1 0.34289622 0.00513096 0.01166981 0.01767991 0.06788424 0.00822902 0.01547461 0.07681595 0.00347511 0.02867872 0.03577252 0.00656350 0.02232431 0.00429458 0.01099471 0.22881914 0.07563665 0.00145589 0.00426212 0.03194202
2 0.23085414 0.02320621 0.02412761 0.03131722 0.03494832 0.02547292 0.03566272 0.08378705 0.01229691 0.04980123 0.06709414 0.02654572 0.02487322 0.01760891 0.03621512 0.13955909 0.05974674 0.00443318 0.01363331 0.05881624
3 0.29652707 0.01304110 0.02040000 0.02432101 0.04831131 0.01787630 0.02509531 0.07652662 0.00593449 0.02751671 0.03422301 0.01729900 0.02023320 0.00847097 0.02510531 0.21878205 0.07586432 0.00242302 0.00642718 0.03562201
4 0.06081208 0.01659059 0.01224590 0.00964276 0.01393140 0.01262520 0.01461520 0.01896239 0.00939802 0.21312693 0.15672995 0.01773129 0.04550279 0.03819229 0.01614209 0.03608049 0.04717329 0.00586963 0.01388280 0.24074493
5 0.11852303 0.01232720 0.00790132 0.00937065 0.02036661 0.00940407 0.01472520 0.02446841 0.00662162 0.18495405 0.17016905 0.01402880 0.04701211 0.03680761 0.01836110 0.06451102 0.04487981 0.00501633 0.00927994 0.18127205
6 0.09628445 0.04945253 0.03453402 0.03680792 0.02015391 0.03903052 0.03891822 0.04100692 0.01593311 0.05930373 0.06008863 0.04210972 0.02621421 0.02055651 0.02526021 0.13630507 0.15680708 0.00598036 0.01729621 0.07795664
7 0.16024706 0.03902352 0.04616142 0.04049872 0.02889351 0.03508951 0.04057492 0.07342123 0.01343451 0.03055671 0.03774651 0.04301242 0.01978501 0.01714121 0.03076321 0.19108307 0.09223884 0.00473121 0.01317821 0.04241922
8 0.04801953 0.16686810 0.05557993 0.04670463 0.01068851 0.06433314 0.07634795 0.04553693 0.02654552 0.02613622 0.03969172 0.18225111 0.01848011 0.01213451 0.02508601 0.06240834 0.04433993 0.00401091 0.01418551 0.03065142
9 0.06393202 0.05001572 0.05237892 0.13627805 0.00793845 0.06048202 0.20697407 0.05233542 0.02830151 0.03033311 0.03582281 0.07776243 0.01748741 0.01122840 0.01977341 0.05910532 0.04119511 0.00530060 0.01715971 0.02619551
10 0.15971603 0.03922921 0.04637171 0.03982001 0.02874451 0.03501651 0.04001581 0.07252992 0.01337480 0.03099551 0.03856941 0.04305171 0.01989300 0.01726670 0.03033591 0.19166504 0.09291642 0.00460409 0.01283180 0.04305191
11 0.05454741 0.19491905 0.04860311 0.03426361 0.01157680 0.05351471 0.04520101 0.03487721 0.02116421 0.01710880 0.02908431 0.13136103 0.01571250 0.01067950 0.03322311 0.13199103 0.08036342 0.00478115 0.01925920 0.02776881
12 0.05448423 0.01376911 0.00810879 0.00953426 0.01157511 0.00932226 0.01682181 0.01109931 0.00784755 0.22691412 0.19430110 0.01604961 0.05187973 0.04450252 0.01324291 0.02713121 0.03926582 0.00580493 0.01226451 0.22608112
13 0.07159398 0.04326359 0.14205696 0.07697328 0.01518530 0.04348509 0.05267589 0.09418328 0.02182519 0.01814980 0.02315699 0.06636308 0.01177930 0.02285159 0.01707370 0.16297896 0.06696908 0.00320856 0.01434650 0.03187989
14 0.04718331 0.00936792 0.00180003 0.00157659 0.00673666 0.00387827 0.00637521 0.00272406 0.00515496 0.19931104 0.32304006 0.00801632 0.07422521 0.06958371 0.00913967 0.01294210 0.02534170 0.00830643 0.01433770 0.17095903
15 0.04526018 0.02604439 0.01901509 0.01502359 0.01536919 0.02605619 0.02401849 0.01368439 0.02839649 0.08085506 0.18643191 0.02237259 0.07150446 0.11754194 0.01589979 0.03327858 0.03005258 0.02034569 0.13041793 0.07843146
16 0.04347559 0.01222330 0.00532627 0.00420050 0.00805642 0.00942184 0.01015890 0.00428892 0.01279520 0.14349296 0.31991792 0.01016610 0.07810658 0.09972028 0.01184130 0.01497540 0.02169889 0.01430790 0.05827379 0.11755197
17 0.11510098 0.04212429 0.02648260 0.03822629 0.01559110 0.04065239 0.03337189 0.02255190 0.01466740 0.03834899 0.05011819 0.04609849 0.01704210 0.01344100 0.28171895 0.08356419 0.04739199 0.00495776 0.01673930 0.05181019
18 0.07139180 0.02862550 0.01558190 0.01827750 0.01424930 0.02359830 0.02684640 0.02067010 0.01300130 0.13456601 0.21488002 0.02921430 0.07359701 0.05266340 0.01634530 0.04641210 0.04340100 0.00871913 0.02207960 0.12588001
19 0.13573507 0.02570651 0.05871943 0.09177265 0.01789991 0.03712562 0.04268892 0.05391213 0.02334381 0.02095941 0.05040553 0.03913372 0.01694131 0.10902905 0.02125101 0.10484705 0.03942102 0.01208841 0.06717803 0.03184142
20 0.06540011 0.04922181 0.05171671 0.13338202 0.00810518 0.06043161 0.20663503 0.05273691 0.02839410 0.03022370 0.03647181 0.07774711 0.01745570 0.01118070 0.02082280 0.06030981 0.04079971 0.00558627 0.01702930 0.02634960
21 0.07283508 0.03220169 0.10039397 0.22156392 0.00795767 0.03461389 0.13029296 0.03483169 0.01743069 0.01405300 0.03566649 0.03490849 0.01110370 0.00622143 0.10363396 0.06449868 0.03352159 0.00426054 0.01575389 0.02425669
22 0.06756012 0.03706031 0.08686622 0.19751106 0.00940515 0.04677111 0.15913504 0.05111881 0.02353131 0.02023501 0.02984971 0.05701682 0.01374370 0.01112550 0.02709751 0.07271842 0.04498711 0.00397237 0.01747990 0.02281481
23 0.04465520 0.24373999 0.04256160 0.03015040 0.01073340 0.06039310 0.05124150 0.02883500 0.02394190 0.02209640 0.04300040 0.17895199 0.01858280 0.01159920 0.02270410 0.06058520 0.05360810 0.00488583 0.01883100 0.02890290
24 0.03473639 0.02566059 0.02488940 0.02053490 0.01758590 0.02285440 0.02524039 0.01806670 0.04938269 0.02885749 0.08397078 0.01937730 0.01978190 0.21182396 0.01356430 0.02739679 0.02523669 0.03497689 0.25911095 0.03695159
25 0.23048991 0.02378719 0.02442819 0.03118409 0.03480179 0.02585609 0.03590849 0.08141707 0.01204190 0.05074318 0.06755307 0.02680019 0.02517469 0.01762359 0.03530139 0.14113594 0.05934028 0.00426441 0.01262839 0.05952018
26 0.06893589 0.04687059 0.09707888 0.03154669 0.01203680 0.05715539 0.02587870 0.06204869 0.01615610 0.02958519 0.03131129 0.11668098 0.01364840 0.08393758 0.01463160 0.19328596 0.03482429 0.00503869 0.01830590 0.04104239
27 0.04756040 0.16684701 0.05677430 0.04567130 0.01072310 0.06558151 0.07442131 0.04525940 0.02750590 0.02589770 0.04093500 0.18303301 0.01865880 0.01222340 0.02421290 0.06252261 0.04404810 0.00405962 0.01410960 0.02995500
28 0.22992696 0.02337170 0.02433940 0.03059619 0.03466059 0.02549620 0.03521539 0.08394519 0.01240790 0.04999939 0.06760739 0.02720780 0.02469360 0.01771280 0.03689619 0.14001698 0.05902849 0.00444767 0.01329990 0.05913029
29 0.05775816 0.01917409 0.01069629 0.01088309 0.01013059 0.01358929 0.01592469 0.01336589 0.01139069 0.15473690 0.28842682 0.01859809 0.06595966 0.06984686 0.01401589 0.02607258 0.02946208 0.00987151 0.02632288 0.13377392
30 0.03866789 0.01403869 0.01588939 0.01102990 0.01359299 0.01498809 0.01390819 0.01403509 0.02885839 0.08237407 0.16663594 0.01458709 0.03757619 0.19073193 0.00973788 0.03050889 0.02546149 0.02764309 0.17219493 0.07753987
31 0.07667147 0.03327169 0.09300226 0.20099891 0.00905520 0.03519358 0.11719495 0.03373458 0.01775209 0.01485539 0.03754058 0.03656278 0.01172969 0.00723101 0.12672394 0.06688117 0.03493138 0.00473394 0.01667909 0.02525629
32 0.16601812 0.01938091 0.05774124 0.03107442 0.02659802 0.01978611 0.03829913 0.26661219 0.01599011 0.01706801 0.02445812 0.03631343 0.01287991 0.01011961 0.00879107 0.15707011 0.05411454 0.00439321 0.00692172 0.02637002
33 0.13500200 0.01498250 0.01280350 0.01143440 0.02179320 0.01450020 0.01563780 0.03423950 0.00828526 0.15824800 0.12915300 0.01756120 0.03934730 0.02869200 0.02723220 0.07206790 0.05241320 0.00482549 0.00989035 0.19189100
34 0.04190938 0.00966745 0.00202258 0.00131667 0.01191479 0.00507158 0.00719116 0.00538800 0.00503372 0.28935886 0.14798393 0.00896498 0.04458648 0.02934409 0.00538490 0.01457189 0.04477838 0.00329957 0.00486077 0.31735085
35 0.16248994 0.03885609 0.04571748 0.04029879 0.02942879 0.03418569 0.03976149 0.07047208 0.01344730 0.03127179 0.03828989 0.04213059 0.01979739 0.01719079 0.02953839 0.19250293 0.09391437 0.00442874 0.01287310 0.04340439
36 0.16138302 0.03841100 0.04622910 0.03993210 0.02918470 0.03414540 0.03894550 0.07234181 0.01373090 0.03068990 0.03856210 0.04154120 0.01980660 0.01788510 0.03027430 0.19322702 0.09301411 0.00453230 0.01316660 0.04299720
37 0.17967499 0.02019170 0.05111750 0.02960920 0.02427990 0.03609510 0.02274770 0.05446680 0.01151500 0.03969590 0.05974420 0.04238100 0.02190540 0.07506160 0.02078140 0.18770999 0.04838240 0.00564356 0.02010690 0.04888980
38 0.06776036 0.03700508 0.08751444 0.19653487 0.00931128 0.04632407 0.15854690 0.05121527 0.02484348 0.01967159 0.03070068 0.05670356 0.01365479 0.01136389 0.02817048 0.07183305 0.04434407 0.00411967 0.01771229 0.02267019
39 0.22950087 0.02310239 0.02486719 0.03040048 0.03470908 0.02550879 0.03516838 0.08479485 0.01211359 0.04994547 0.06794096 0.02734618 0.02508039 0.01786789 0.03594308 0.14032992 0.05925837 0.00429145 0.01315599 0.05867467
40 0.16381897 0.03788479 0.04481259 0.04003319 0.02931509 0.03476159 0.03890079 0.07151159 0.01304660 0.02985299 0.03784099 0.04120299 0.01966300 0.01699940 0.03041529 0.19425797 0.09587688 0.00423518 0.01312960 0.04244049
41 0.30696304 0.01182080 0.01862100 0.02350720 0.04995191 0.01606370 0.02412850 0.07654381 0.00571743 0.02772110 0.03376200 0.01527960 0.02020570 0.00790498 0.02329560 0.22020403 0.07493981 0.00215490 0.00614416 0.03507070
42 0.23167601 0.02300750 0.02449870 0.03041100 0.03517680 0.02603370 0.03618320 0.08286000 0.01252250 0.04969130 0.06673380 0.02681740 0.02458300 0.01745850 0.03637220 0.14067600 0.05911920 0.00431347 0.01301730 0.05884840
43 0.31548801 0.00996507 0.01523150 0.01919930 0.06830640 0.01548550 0.01798160 0.07453010 0.00756842 0.03320300 0.04269470 0.01178650 0.02252310 0.00766207 0.01925750 0.19762801 0.07063490 0.00232462 0.00834399 0.04018570
44 0.09609622 0.05015761 0.03474841 0.03696121 0.01988490 0.03894781 0.03879271 0.04217801 0.01585530 0.05904511 0.05926661 0.04236361 0.02608260 0.02015980 0.02560630 0.13641002 0.15759103 0.00568692 0.01679770 0.07736811
45 0.04845643 0.01061191 0.00292192 0.00243226 0.00844126 0.00513503 0.00717165 0.00480877 0.00594615 0.20947515 0.28312620 0.00921453 0.06767835 0.06088224 0.00911328 0.01533831 0.03003162 0.00737240 0.01397141 0.19787114
46 0.06727483 0.03623781 0.08698653 0.19818008 0.00941706 0.04585922 0.15942506 0.05018162 0.02439191 0.02033161 0.03062221 0.05600872 0.01356271 0.01112110 0.02760631 0.07302843 0.04547482 0.00404805 0.01737911 0.02286281
47 0.03028130 0.32867596 0.03598800 0.01423040 0.00874275 0.06405419 0.04558579 0.01125010 0.01834250 0.00709551 0.02678220 0.26404297 0.01426460 0.00386498 0.00908853 0.04504770 0.04791409 0.00220964 0.01107780 0.01146100
48 0.16110602 0.03879360 0.04586451 0.04065650 0.02902290 0.03419880 0.03938700 0.07063901 0.01307800 0.03066720 0.03772770 0.04208040 0.01960350 0.01708750 0.03145550 0.19393302 0.09508791 0.00438959 0.01249710 0.04272420
49 0.04653864 0.11117709 0.03864093 0.03148563 0.01127811 0.05547714 0.04948654 0.02404832 0.02708172 0.06424915 0.15211812 0.13225811 0.04119583 0.02776692 0.02016922 0.04177853 0.03949813 0.00660081 0.01812121 0.06102985
50 0.04785599 0.17969596 0.04466379 0.03166809 0.01085030 0.06739899 0.05890489 0.02846469 0.02414529 0.02127100 0.03624509 0.17922896 0.02150800 0.00953541 0.02368619 0.07221658 0.09605378 0.00404461 0.01157240 0.03098999
51 0.16382605 0.03822591 0.04471841 0.03880481 0.02965361 0.03389631 0.03906051 0.07162332 0.01324570 0.03110311 0.03875851 0.04167291 0.01992451 0.01693851 0.03002941 0.19345506 0.09472473 0.00452749 0.01272120 0.04308991
52 0.02980561 0.33411115 0.03536792 0.01322671 0.00872950 0.06427703 0.04430052 0.01063290 0.01833761 0.00699583 0.02664741 0.26459012 0.01388321 0.00366028 0.00852280 0.04471312 0.04810142 0.00212115 0.01095880 0.01101690
53 0.05562425 0.01354569 0.00814676 0.00992242 0.01202369 0.00984853 0.01784478 0.01170529 0.00784013 0.22551378 0.19367881 0.01639218 0.05189495 0.04350226 0.01248679 0.02784467 0.03929536 0.00586018 0.01185469 0.22517478
54 0.16127906 0.03836801 0.04544492 0.03996552 0.02904681 0.03367271 0.03962502 0.07188133 0.01316931 0.03077461 0.03830351 0.04132132 0.02020741 0.01722301 0.03149671 0.19287808 0.09436574 0.00444711 0.01330921 0.04322062
55 0.04790051 0.17011304 0.05599351 0.04414821 0.01068140 0.06397711 0.07342252 0.04547571 0.02722171 0.02618661 0.04038331 0.18475004 0.01857490 0.01217020 0.02336351 0.06255111 0.04432601 0.00417308 0.01434040 0.03024711
56 0.06163291 0.04219970 0.05301691 0.09941851 0.00776444 0.09558091 0.19656802 0.11428901 0.03834840 0.01930020 0.02907310 0.07286631 0.01589670 0.00625300 0.01415800 0.05947381 0.03699600 0.00604095 0.01351980 0.01760330
57 0.07713561 0.02729497 0.01693528 0.01778548 0.01648778 0.02586977 0.02189987 0.02251407 0.01355438 0.12762785 0.20352475 0.02551567 0.05315054 0.04714704 0.01589528 0.05895193 0.07728291 0.00782690 0.01937208 0.12422785
58 0.16949291 0.02174469 0.05663897 0.08086175 0.01934019 0.02080929 0.05754987 0.28918984 0.01655599 0.01178569 0.02609959 0.03023408 0.01101229 0.00807427 0.01393769 0.09722115 0.03466828 0.00362497 0.00957831 0.02158019
59 0.03941761 0.00954712 0.00185543 0.00121482 0.01354990 0.00559316 0.00753754 0.00619678 0.00529677 0.31326211 0.09457813 0.00885073 0.03541811 0.01705621 0.00373359 0.01577041 0.05422672 0.00212085 0.00226085 0.36251313
60 0.05571293 0.01379411 0.00791667 0.00949932 0.01217611 0.00933861 0.01767401 0.01204461 0.00779847 0.22711412 0.19126710 0.01632081 0.05126083 0.04310052 0.01232041 0.02822932 0.04002072 0.00577001 0.01152921 0.22711212
61 0.05809366 0.01949289 0.01096769 0.01159849 0.01030559 0.01436369 0.01626879 0.01355929 0.01152799 0.15356090 0.28688881 0.01861999 0.06572516 0.06953525 0.01460679 0.02681128 0.02921958 0.00984546 0.02655578 0.13245291
62 0.04989497 0.01080939 0.00285249 0.00304387 0.00860713 0.00551819 0.00885628 0.00504126 0.00569212 0.21094488 0.27631884 0.00984693 0.07193246 0.05970507 0.00958760 0.01789899 0.03140808 0.00724358 0.01250499 0.19229289
63 0.06189185 0.01490101 0.00720576 0.00760329 0.01529911 0.01079301 0.01508431 0.01380121 0.00777238 0.24263819 0.12883310 0.01522931 0.04152253 0.02744522 0.01223831 0.04154713 0.06371715 0.00435447 0.00706345 0.26105921
64 0.09446282 0.03284161 0.06740122 0.21542506 0.00555521 0.04885811 0.22766606 0.03952021 0.01938461 0.01886910 0.02271141 0.04937061 0.01139390 0.00392671 0.02779471 0.05789742 0.02802041 0.00248097 0.00951025 0.01690960
65 0.19176112 0.02596962 0.02438971 0.02303101 0.06694274 0.02739902 0.02186291 0.05641573 0.01542091 0.04501203 0.04693273 0.02394461 0.02622412 0.01376671 0.02010431 0.16458610 0.12566308 0.00459910 0.01420081 0.06177364
66 0.16490801 0.01525440 0.01384130 0.01277020 0.02496090 0.01544860 0.01698860 0.04179460 0.00824734 0.13197601 0.11798300 0.01829770 0.03654380 0.02669850 0.03167380 0.09004230 0.05488950 0.00490982 0.01001760 0.16275401
67 0.10236311 0.03456764 0.08354749 0.14253315 0.01608112 0.03490104 0.08824239 0.05859096 0.01326941 0.01471522 0.02542743 0.03681224 0.01426382 0.01181541 0.02403653 0.16501818 0.09482800 0.00311143 0.01021461 0.02566083
68 0.04925178 0.02985389 0.07510046 0.24247788 0.00356005 0.04982788 0.25081488 0.03222278 0.02112829 0.02467649 0.02191189 0.06409167 0.01118959 0.00279527 0.02294179 0.04429878 0.02579619 0.00225000 0.00836216 0.01744829
69 0.05419333 0.01352091 0.00741855 0.00900802 0.01167141 0.00937295 0.01694111 0.01105881 0.00776256 0.22718812 0.19584211 0.01553261 0.05230053 0.04448962 0.01266491 0.02676151 0.03934492 0.00584749 0.01229241 0.22678812
70 0.06570230 0.03381710 0.09131060 0.21796701 0.00572449 0.03817290 0.19878001 0.04380890 0.01597300 0.01609310 0.02060360 0.04351780 0.01150360 0.00444376 0.02727350 0.09056680 0.04309860 0.00236238 0.00914242 0.02013810
71 0.07116544 0.02847472 0.01576411 0.01824581 0.01413441 0.02369101 0.02769482 0.02103261 0.01360841 0.13365108 0.21385813 0.02962202 0.07333484 0.05246073 0.01671471 0.04703943 0.04350033 0.00852121 0.02207311 0.12541308
72 0.04172557 0.00971922 0.00215582 0.00152761 0.01198409 0.00505476 0.00732082 0.00567712 0.00504069 0.28966280 0.14569690 0.00920891 0.04412157 0.02882588 0.00551054 0.01474679 0.04506907 0.00331044 0.00485263 0.31878878
73 0.18665004 0.03402311 0.03737651 0.08922132 0.01897440 0.04546321 0.14596903 0.07636522 0.02023520 0.02217630 0.03368841 0.04173101 0.01593030 0.00783145 0.02805141 0.10465002 0.04580911 0.00459575 0.01414970 0.02710851
74 0.09809984 0.04847152 0.03415551 0.03689592 0.02058681 0.03818872 0.03890072 0.04268172 0.01570581 0.05878123 0.05919693 0.04112372 0.02638781 0.01993831 0.02519151 0.13797206 0.15753607 0.00588417 0.01633781 0.07796383
75 0.06578284 0.05150503 0.05269073 0.13285508 0.00808389 0.06027113 0.20597512 0.05292603 0.02890852 0.02905592 0.03466542 0.07858085 0.01754851 0.01120131 0.01947071 0.06039944 0.04155452 0.00555523 0.01736511 0.02560461
76 0.04905749 0.02995900 0.06714649 0.23106096 0.00365600 0.05370829 0.26129096 0.03186829 0.02295040 0.02640180 0.02234180 0.06941589 0.01168860 0.00263609 0.02084580 0.04225209 0.02638970 0.00230802 0.00836785 0.01665450
77 0.23063903 0.02231170 0.02493770 0.03141690 0.03490401 0.02455010 0.03598001 0.08633571 0.01209130 0.05006381 0.06667561 0.02665900 0.02457070 0.01782780 0.03469811 0.14055902 0.05883581 0.00436135 0.01331690 0.05926541
78 0.05429120 0.01397390 0.00798059 0.00955038 0.01172020 0.00975327 0.01812000 0.01163780 0.00804792 0.22745301 0.19206301 0.01633520 0.05128360 0.04335350 0.01284180 0.02712940 0.03931720 0.00578538 0.01178460 0.22757801
79 0.05809675 0.01993068 0.01050559 0.01103369 0.01025039 0.01394419 0.01578669 0.01367679 0.01164019 0.15374787 0.28729576 0.01895338 0.06599275 0.06951054 0.01423619 0.02625758 0.02961928 0.00978231 0.02671348 0.13302589
80 0.16046300 0.03865830 0.04580030 0.03953630 0.02909890 0.03482150 0.03898590 0.07324530 0.01348120 0.03029870 0.03777080 0.04286060 0.01987100 0.01718690 0.03121360 0.19315600 0.09372910 0.00452571 0.01289470 0.04240220
81 0.17363791 0.03134368 0.02961308 0.02329279 0.06453657 0.02948448 0.02415539 0.05793897 0.02036739 0.05797377 0.06646826 0.03248208 0.02642669 0.03322238 0.02600299 0.12682193 0.06239157 0.00730113 0.03437298 0.07216596
82 0.04717298 0.00963979 0.00205044 0.00160102 0.00714086 0.00394648 0.00668983 0.00303347 0.00522625 0.20697293 0.30825889 0.00829471 0.07186887 0.06610018 0.00886252 0.01327410 0.02672519 0.00779878 0.01348280 0.18185994
83 0.11104299 0.03444600 0.03550840 0.04092700 0.02235470 0.03259050 0.02954760 0.03908670 0.00720879 0.01955380 0.02293270 0.02119650 0.01643280 0.00736380 0.01830090 0.24168497 0.24852697 0.00381322 0.00649461 0.04098710
84 0.22949410 0.02293211 0.02488011 0.03142701 0.03479232 0.02541551 0.03643012 0.08431534 0.01246441 0.04902002 0.06762193 0.02692281 0.02518281 0.01780271 0.03565432 0.14029406 0.05953703 0.00424416 0.01357431 0.05799483
85 0.04539379 0.00917564 0.00113889 0.00067097 0.00734123 0.00330209 0.00537269 0.00251451 0.00450749 0.22173696 0.29110394 0.00726426 0.06949979 0.06076409 0.00763122 0.01174770 0.02883039 0.00685831 0.01118710 0.20395896
86 0.12199904 0.02035371 0.04345021 0.02889181 0.02561941 0.02182391 0.04222171 0.13878904 0.01853491 0.11709804 0.05534842 0.03657731 0.02204701 0.01610210 0.01209350 0.09732293 0.04930961 0.00556620 0.01025910 0.11659203
87 0.12338207 0.02363171 0.05937333 0.03409702 0.01540001 0.02120871 0.04435722 0.37522021 0.02260131 0.01564791 0.02563771 0.03971652 0.01063201 0.01022941 0.01018651 0.08852665 0.03535022 0.00529814 0.01025421 0.02924912
88 0.22996194 0.02371769 0.02419039 0.03120949 0.03521279 0.02516949 0.03635989 0.08386198 0.01230600 0.05017149 0.06758078 0.02739659 0.02485859 0.01740020 0.03495389 0.14001996 0.05919218 0.00452647 0.01309110 0.05881908
89 0.09552150 0.04869920 0.03396490 0.03717950 0.01950040 0.03911790 0.03986410 0.04200560 0.01590970 0.05980870 0.05895350 0.04194850 0.02646090 0.01946250 0.02575520 0.13704100 0.15880900 0.00586879 0.01602000 0.07810910
90 0.05817619 0.01895510 0.01036710 0.01101590 0.01013620 0.01414580 0.01597250 0.01317360 0.01173490 0.15435998 0.28794696 0.01851940 0.06595909 0.06971059 0.01413030 0.02619270 0.02968690 0.00985365 0.02688320 0.13307998
91 0.06502170 0.05016900 0.05120390 0.13370699 0.00772200 0.06083300 0.20656199 0.05353790 0.02871770 0.03012930 0.03567700 0.07807970 0.01780380 0.01123330 0.02046580 0.05934800 0.04094290 0.00537325 0.01716740 0.02630540
92 0.22898202 0.02374520 0.02490500 0.03140270 0.03432300 0.02530180 0.03626560 0.08386681 0.01246030 0.04980020 0.06787500 0.02657690 0.02526390 0.01786010 0.03625000 0.13901601 0.05872360 0.00439333 0.01418300 0.05880550
93 0.06006689 0.01641740 0.01230160 0.00998181 0.01384840 0.01247300 0.01477590 0.01828840 0.00924238 0.21360797 0.15880898 0.01758990 0.04581259 0.03838279 0.01592390 0.03497600 0.04729209 0.00573815 0.01389290 0.24057897
94 0.03812039 0.09707998 0.04099179 0.11611398 0.00504329 0.07560369 0.21782297 0.03631839 0.03071870 0.02652010 0.02727410 0.15547998 0.01701140 0.00404828 0.01031580 0.03961209 0.03457349 0.00382985 0.00902824 0.01449350
95 0.05741042 0.01924131 0.01010770 0.01085270 0.00997903 0.01358360 0.01538161 0.01297890 0.01117950 0.15440005 0.29011210 0.01809581 0.06667152 0.07065302 0.01395110 0.02609631 0.02931311 0.00992472 0.02680641 0.13326105
96 0.09656090 0.05049000 0.03465400 0.03722360 0.02005780 0.03924800 0.03981690 0.04165340 0.01592010 0.05991660 0.05944050 0.04311280 0.02584000 0.01959150 0.02600130 0.13509899 0.15523799 0.00568064 0.01610530 0.07834970
97 0.16289396 0.03854579 0.04472359 0.03929569 0.02947529 0.03460169 0.03892109 0.07227938 0.01327470 0.03069839 0.03866029 0.04196329 0.01996090 0.01691910 0.03025829 0.19363696 0.09380078 0.00427413 0.01303840 0.04277829
98 0.04890895 0.02972017 0.07326162 0.23888674 0.00363553 0.05085794 0.25198072 0.03238436 0.02179258 0.02532787 0.02228608 0.06580923 0.01134239 0.00283986 0.02221828 0.04412515 0.02622017 0.00233822 0.00847218 0.01759198
99 0.06779417 0.03684449 0.08715887 0.19925593 0.00944041 0.04684888 0.15961894 0.04994938 0.02404569 0.01986409 0.03058309 0.05628288 0.01336060 0.01091280 0.02846339 0.07225947 0.04370088 0.00396106 0.01673159 0.02292339
100 0.05728119 0.01890260 0.01083690 0.01136910 0.01016850 0.01405250 0.01655250 0.01465290 0.01196440 0.15357298 0.28829396 0.01833100 0.06587139 0.07052999 0.01363690 0.02586770 0.02882250 0.00986864 0.02715440 0.13226998
101 0.16209596 0.03847669 0.04562219 0.03947739 0.02935039 0.03384659 0.03912489 0.07189868 0.01321750 0.03095869 0.03845759 0.04212099 0.01968959 0.01772200 0.03155499 0.19188195 0.09393858 0.00446666 0.01328780 0.04281089
102 0.16246789 0.01497099 0.01443609 0.01287549 0.02492378 0.01520109 0.01700319 0.04087437 0.00824429 0.13305091 0.11928992 0.01853079 0.03696887 0.02709648 0.03169788 0.08904944 0.05452796 0.00473678 0.01010289 0.16395089
103 0.12402296 0.02356099 0.05860528 0.03410489 0.01548450 0.02109429 0.04391639 0.37423589 0.02304149 0.01570310 0.02622009 0.03928359 0.01061270 0.01049680 0.01080500 0.08778377 0.03602159 0.00528300 0.01084980 0.02887389
104 0.03832850 0.01408490 0.01590580 0.01116500 0.01385290 0.01469600 0.01392620 0.01422480 0.02913220 0.08279860 0.16681399 0.01480270 0.03767250 0.19035099 0.00924035 0.02917400 0.02495790 0.02740130 0.17322899 0.07824240
105 0.04590469 0.01120600 0.00693584 0.00380610 0.00940695 0.00754709 0.00807586 0.00669309 0.01093630 0.17408995 0.25944093 0.01067960 0.06215968 0.09828647 0.00928283 0.02013329 0.02786419 0.01261010 0.05164509 0.16329596
106 0.04247658 0.00990270 0.00201875 0.00129993 0.01178839 0.00498525 0.00714770 0.00553105 0.00502408 0.28632585 0.15213292 0.00890202 0.04555208 0.03027698 0.00569347 0.01501869 0.04437618 0.00345191 0.00504965 0.31304584
107 0.12418090 0.08163713 0.05191066 0.02889318 0.01635809 0.05377256 0.04463956 0.04647176 0.02935898 0.01991098 0.03295627 0.11008591 0.01697929 0.02192078 0.03748397 0.14028989 0.04095377 0.00654300 0.06191975 0.03373357
108 0.04549458 0.00933946 0.00181360 0.00087473 0.00756079 0.00357536 0.00554167 0.00263801 0.00498748 0.21858392 0.28439389 0.00780050 0.06880857 0.06705897 0.00771007 0.01279110 0.02890279 0.00740872 0.01486889 0.19984692
109 0.07106255 0.02940852 0.01542071 0.01787701 0.01418431 0.02426602 0.02789052 0.02052962 0.01294941 0.13352010 0.21379116 0.03058912 0.07385675 0.05165054 0.01665231 0.04721903 0.04367523 0.00860757 0.02112442 0.12572509
110 0.02969629 0.33738787 0.03535409 0.01255710 0.00874524 0.06301018 0.04358568 0.01031350 0.01783839 0.00692464 0.02604299 0.26466890 0.01359239 0.00376643 0.00868198 0.04502248 0.04832058 0.00215209 0.01129730 0.01104190
111 0.06609741 0.05058661 0.05106581 0.13238203 0.00797370 0.06051731 0.20651604 0.05312281 0.02851061 0.03012611 0.03598291 0.07807402 0.01764850 0.01116580 0.02012720 0.06028281 0.04101111 0.00538199 0.01712330 0.02630391
112 0.15298097 0.01943750 0.05941169 0.02886179 0.02288419 0.01876740 0.03803049 0.31168093 0.01763160 0.01570660 0.02307729 0.03738079 0.01136160 0.00961659 0.00844071 0.14044197 0.04693599 0.00433953 0.00709439 0.02591799
113 0.04405626 0.07780531 0.03132804 0.01983293 0.01495942 0.02951224 0.02286223 0.02753624 0.02798384 0.05936178 0.11612416 0.05074607 0.03080684 0.14280320 0.01612262 0.05226837 0.03524915 0.02046933 0.11766616 0.06250579
114 0.20505182 0.01334739 0.03563947 0.02245138 0.02406188 0.01214639 0.03128827 0.36219068 0.01640759 0.01388209 0.02519258 0.02299338 0.01129069 0.00678377 0.00994506 0.10966290 0.03928407 0.00380542 0.00805359 0.02652158
115 0.16265894 0.03858679 0.04596328 0.03960059 0.02921499 0.03416339 0.03894329 0.07321978 0.01333200 0.03052559 0.03773069 0.04192819 0.01949339 0.01694959 0.03008279 0.19298493 0.09432077 0.00441224 0.01294690 0.04294189
116 0.03511499 0.02657769 0.02531909 0.02053329 0.01732879 0.02379199 0.02484989 0.01778419 0.04960958 0.02760049 0.08290417 0.02057159 0.01926959 0.21146092 0.01375679 0.02785209 0.02494469 0.03487059 0.25936190 0.03649769
117 0.04419600 0.24225501 0.04262520 0.03067440 0.01052610 0.05942120 0.05153520 0.02756920 0.02370530 0.02319010 0.04353690 0.17757801 0.01916210 0.01227420 0.02312410 0.06102420 0.05409910 0.00451825 0.01947850 0.02950690
118 0.01600000 0.00947037 0.00951841 0.01034160 0.01825750 0.01234930 0.01333300 0.00597425 0.04915729 0.01866050 0.07155919 0.00490502 0.01222400 0.30268695 0.00406132 0.01000920 0.01853600 0.04657719 0.33809394 0.02828500
119 0.05812467 0.01971189 0.01099720 0.01079500 0.01043810 0.01393089 0.01570779 0.01401029 0.01152639 0.15409893 0.28622687 0.01890079 0.06566277 0.06958547 0.01420799 0.02682269 0.02959389 0.00978175 0.02657169 0.13330494
120 0.21197409 0.01256431 0.02546021 0.01820421 0.06372303 0.01485691 0.02191851 0.10421704 0.01259931 0.09074954 0.04643202 0.01862581 0.02283471 0.01026830 0.00973417 0.15015606 0.06383793 0.00402404 0.00819986 0.08961994
121 0.04815541 0.01039940 0.00252115 0.00203146 0.00777772 0.00482515 0.00661177 0.00441562 0.00561167 0.20447004 0.29774506 0.00873994 0.07000131 0.06395711 0.00953275 0.01468750 0.02853711 0.00774328 0.01393550 0.18830104
122 0.05444439 0.05534169 0.06520909 0.04915319 0.01673650 0.05834549 0.06803989 0.06613459 0.08601048 0.03182019 0.06232779 0.06613519 0.02057920 0.05614889 0.02035860 0.04919339 0.04056199 0.01440890 0.07875568 0.04029489
123 0.06977454 0.02914562 0.01549831 0.01740021 0.01407341 0.02365331 0.02674612 0.02083111 0.01353021 0.13490408 0.21543112 0.02998722 0.07360834 0.05281373 0.01636811 0.04580203 0.04307682 0.00847393 0.02232371 0.12655807
124 0.09194920 0.04328200 0.04511900 0.08237430 0.01092330 0.05078820 0.11485600 0.03000120 0.01753980 0.02015770 0.03061670 0.03903640 0.01672250 0.00799936 0.12633900 0.09758230 0.11817100 0.00538195 0.01324890 0.03791120
125 0.05977853 0.05474883 0.14362507 0.09592435 0.01364821 0.04640322 0.06968563 0.09554575 0.03667742 0.01862081 0.03304242 0.07639154 0.01347801 0.01905801 0.02137401 0.09450795 0.04755002 0.00406170 0.02487921 0.03099932
126 0.11726409 0.04204053 0.02458632 0.02981982 0.01543631 0.04079853 0.03010632 0.01992802 0.01276981 0.03082672 0.03563143 0.04134703 0.01733901 0.01036131 0.23723519 0.10544108 0.11371509 0.00487141 0.01196681 0.05851515
127 0.05465222 0.01391460 0.00761832 0.00937742 0.01174320 0.00970417 0.01720751 0.01149370 0.00771829 0.22670508 0.19357307 0.01597801 0.05175622 0.04404691 0.01341840 0.02751651 0.03955621 0.00573536 0.01181370 0.22647108
128 0.06038862 0.01627728 0.01193988 0.00931707 0.01395828 0.01224018 0.01424798 0.01856448 0.00919407 0.21367772 0.15978879 0.01730988 0.04594004 0.03832955 0.01565848 0.03530035 0.04774384 0.00565895 0.01383388 0.24063068
129 0.06795213 0.08432584 0.04948172 0.05660803 0.01517821 0.12223406 0.08710824 0.03983442 0.03600342 0.02396901 0.04745092 0.09575035 0.02262161 0.01824771 0.03336212 0.07686934 0.05909903 0.00697940 0.02378251 0.03314192
130 0.06774210 0.08434470 0.05097720 0.05772490 0.01484630 0.12323200 0.08788500 0.03915880 0.03604760 0.02303290 0.04666110 0.09580880 0.02251630 0.01737190 0.03434970 0.07664170 0.05954550 0.00679258 0.02298690 0.03233400
131 0.06738392 0.03733801 0.08642463 0.19763606 0.00925343 0.04669851 0.15850805 0.05065262 0.02466551 0.02011381 0.03049711 0.05726442 0.01351000 0.01086150 0.02777841 0.07248672 0.04495991 0.00407716 0.01703341 0.02285681
132 0.06044959 0.01673590 0.01188920 0.00989077 0.01401480 0.01228860 0.01472660 0.01894370 0.00908207 0.21396096 0.15634197 0.01780170 0.04547609 0.03767759 0.01620500 0.03568699 0.04805349 0.00572886 0.01344920 0.24159695
133 0.04403708 0.24365090 0.04278518 0.03032649 0.01064860 0.06060508 0.05112628 0.02810249 0.02339249 0.02225989 0.04326158 0.17916593 0.01914419 0.01176810 0.02388859 0.05998848 0.05399588 0.00452731 0.01837109 0.02895439
134 0.05724463 0.01880141 0.01042370 0.01084970 0.01005290 0.01385171 0.01551181 0.01361131 0.01147031 0.15540707 0.28834713 0.01798701 0.06624013 0.07049183 0.01413921 0.02579431 0.02925771 0.00980614 0.02666891 0.13404306
135 0.12470795 0.02318909 0.05936028 0.03303399 0.01568589 0.02076769 0.04291318 0.37641584 0.02317799 0.01527369 0.02590729 0.03903118 0.01058140 0.01027860 0.01048080 0.08857516 0.03562239 0.00529832 0.01080480 0.02889449
136 0.09804677 0.04986308 0.03382669 0.03693849 0.02049849 0.03812429 0.03975619 0.04147019 0.01549400 0.05933128 0.05953178 0.04215759 0.02630929 0.02021099 0.02491639 0.13713596 0.15672795 0.00595551 0.01640709 0.07729798
137 0.06779489 0.03714889 0.08639359 0.19904097 0.00923864 0.04677299 0.16062298 0.05084959 0.02375230 0.02010540 0.03036300 0.05658369 0.01367160 0.01054310 0.02897960 0.07168579 0.04369279 0.00395200 0.01637850 0.02242970
138 0.03583609 0.02572829 0.02530159 0.02064049 0.01747419 0.02310369 0.02503239 0.01825849 0.04946588 0.02844049 0.08482697 0.01974509 0.01968489 0.21007892 0.01368139 0.02830759 0.02531739 0.03468709 0.25751090 0.03687819
139 0.16091106 0.03897411 0.04557272 0.03946591 0.02919491 0.03426051 0.03924821 0.07210313 0.01327480 0.03115711 0.03872601 0.04275582 0.01980571 0.01669441 0.03089211 0.19150407 0.09470854 0.00478483 0.01282490 0.04314112
140 0.03116000 0.30776204 0.03506460 0.01382760 0.00997494 0.06996041 0.04064481 0.00942907 0.02265200 0.00958624 0.05173901 0.24266503 0.02021060 0.00448879 0.01159960 0.04312851 0.04615581 0.00270042 0.01334940 0.01390110
141 0.04397392 0.01282401 0.00946886 0.01853941 0.01178950 0.01173770 0.04025742 0.01110130 0.00946690 0.25213310 0.12856305 0.02020801 0.03962082 0.02731691 0.00848719 0.02339411 0.04519772 0.00476354 0.00728840 0.27386811
142 0.05045233 0.01656201 0.01247701 0.00831446 0.01499841 0.03473572 0.01748951 0.01429261 0.01190201 0.23014212 0.08263834 0.02033061 0.03338522 0.01786701 0.01846731 0.04384182 0.08396294 0.00493360 0.00569183 0.27751514
143 0.03839871 0.10970102 0.04176181 0.10783302 0.00551897 0.07405811 0.20055604 0.03699441 0.02986491 0.02506040 0.02829051 0.16172703 0.01725790 0.00451850 0.01149340 0.04204811 0.03649501 0.00391678 0.00930227 0.01520310
144 0.16107994 0.03855559 0.04588528 0.04063848 0.02898909 0.03426239 0.04020158 0.07221827 0.01342309 0.03040259 0.03821909 0.04228338 0.01980949 0.01714279 0.03037329 0.19231993 0.09330926 0.00463168 0.01341759 0.04283718
145 0.06532928 0.04949069 0.05180928 0.13348896 0.00799607 0.06036638 0.20777694 0.05374588 0.02892509 0.02965659 0.03562789 0.07860028 0.01740389 0.01101300 0.02055329 0.05948918 0.04069889 0.00519242 0.01686850 0.02596749
146 0.05815033 0.04347992 0.05961353 0.16000709 0.00858955 0.10976006 0.17089009 0.03859902 0.03473122 0.02155631 0.03444322 0.07955074 0.01672931 0.00773914 0.02055251 0.05403323 0.04438772 0.00508906 0.01478581 0.01731211
147 0.06853482 0.08523573 0.05083482 0.05735022 0.01494410 0.12184604 0.08696263 0.04039971 0.03610551 0.02351921 0.04649541 0.09683193 0.02191391 0.01834051 0.03268991 0.07592942 0.05947292 0.00684998 0.02330221 0.03244101
148 0.11510009 0.04156233 0.02235272 0.02622522 0.01752471 0.03725733 0.02719522 0.02037232 0.01211091 0.03568713 0.04707874 0.04176443 0.04598223 0.01315511 0.24190218 0.12284809 0.05767824 0.00537514 0.01610631 0.05272154
149 0.06876992 0.08432822 0.05068131 0.05773022 0.01555190 0.12218503 0.08629192 0.03940921 0.03597331 0.02365301 0.04725821 0.09587283 0.02230421 0.01829990 0.03293481 0.07587602 0.05845132 0.00710473 0.02372931 0.03359461
150 0.03878413 0.01404031 0.01539001 0.01166901 0.01382561 0.01493161 0.01417271 0.01414381 0.02923822 0.08222006 0.16621312 0.01465951 0.03740773 0.19150314 0.00898436 0.02932652 0.02464952 0.02775802 0.17372913 0.07735346
151 0.22871590 0.02409609 0.02481909 0.03118409 0.03452909 0.02567339 0.03646258 0.08349726 0.01232359 0.05007798 0.06796317 0.02745439 0.02515229 0.01804039 0.03526119 0.13949494 0.05886668 0.00440252 0.01334829 0.05863708
152 0.04899250 0.13214099 0.02698040 0.01959470 0.01240750 0.04564290 0.03159920 0.01832800 0.02250000 0.08131850 0.18035699 0.09453510 0.04514910 0.03612400 0.02143920 0.03813720 0.03881540 0.00752014 0.02193740 0.07648080
153 0.05119172 0.04366992 0.12043405 0.17882408 0.00647556 0.04288852 0.17847408 0.06168693 0.02761061 0.01709571 0.02468201 0.06131413 0.01182401 0.00616571 0.02361691 0.06812413 0.03491092 0.00283030 0.01490061 0.02328011
154 0.15440693 0.02966439 0.06652947 0.16494092 0.01836049 0.03913368 0.12141294 0.06392547 0.01670579 0.01705079 0.03172678 0.03603108 0.01447729 0.00964531 0.03116799 0.10019795 0.04539528 0.00340057 0.01255529 0.02327159
155 0.12364395 0.02369009 0.05916678 0.03382079 0.01541509 0.02123809 0.04404618 0.37597786 0.02268889 0.01532949 0.02562379 0.03925869 0.01058640 0.01007650 0.01076290 0.08751107 0.03649669 0.00550687 0.01031480 0.02884509
156 0.01578980 0.00939033 0.00956606 0.01026500 0.01826720 0.01224200 0.01317950 0.00590384 0.04945880 0.01778940 0.06991010 0.00461383 0.01187660 0.30446801 0.00394787 0.00976253 0.01843870 0.04688730 0.34058201 0.02766110
157 0.06252021 0.09433622 0.06629401 0.08475391 0.00796246 0.05050251 0.14680902 0.15455203 0.03070221 0.01497480 0.02587420 0.07912811 0.01384890 0.00722535 0.01418460 0.06924351 0.03715771 0.00712762 0.01328340 0.01951920
158 0.05748830 0.01948350 0.01041330 0.01123770 0.01007610 0.01419300 0.01624970 0.01320500 0.01155590 0.15430201 0.28915502 0.01828680 0.06634170 0.06979340 0.01410230 0.02586350 0.02942360 0.00981983 0.02614130 0.13286801
159 0.03801064 0.01416211 0.01581662 0.01140201 0.01382951 0.01406521 0.01388511 0.01500502 0.02892483 0.08305488 0.16699617 0.01425961 0.03745234 0.19121420 0.00925019 0.02882053 0.02475553 0.02748053 0.17338718 0.07822778
160 0.04847701 0.01029310 0.00245523 0.00192584 0.00764912 0.00485743 0.00668423 0.00405349 0.00564190 0.19952205 0.30756008 0.00855873 0.07152442 0.06668052 0.00968011 0.01439460 0.02724751 0.00799755 0.01504900 0.17974805
161 0.04431201 0.24296505 0.04330781 0.03028321 0.01056630 0.05981651 0.05110461 0.02766231 0.02356900 0.02289650 0.04343381 0.17851504 0.01881920 0.01138390 0.02481301 0.06043421 0.05390241 0.00460699 0.01774920 0.02985891
162 0.05759618 0.01934669 0.01047240 0.01069770 0.01003700 0.01395110 0.01577040 0.01359350 0.01155250 0.15453196 0.28827592 0.01853399 0.06579008 0.06980888 0.01474040 0.02607949 0.02944559 0.00983879 0.02638749 0.13354996
163 0.05715363 0.01948391 0.01094941 0.01133451 0.01001920 0.01443591 0.01614641 0.01397121 0.01176171 0.15395807 0.28700214 0.01889231 0.06560893 0.06971703 0.01424131 0.02604141 0.02958641 0.00985992 0.02684051 0.13299606
164 0.04360710 0.01039020 0.00481320 0.00376203 0.00849840 0.00663461 0.00880894 0.00403677 0.01279440 0.14777199 0.31214598 0.00837872 0.06984580 0.10723299 0.01081790 0.01336520 0.02093690 0.01516440 0.06557050 0.12542399
165 0.04819631 0.01058190 0.00271419 0.00214356 0.00857075 0.00531564 0.00678816 0.00470796 0.00568182 0.21181206 0.28048908 0.00899196 0.06696722 0.06003392 0.00919058 0.01518560 0.03057751 0.00720620 0.01336450 0.20148106
166 0.02100970 0.00955625 0.00885927 0.00893912 0.01696010 0.01147310 0.01276800 0.00583149 0.04245750 0.03935380 0.10840400 0.00539635 0.02213780 0.27096601 0.00529240 0.01115250 0.01914260 0.04150230 0.29207101 0.04672670
167 0.05513789 0.01378850 0.00720503 0.00948964 0.01184710 0.00930185 0.01716810 0.01123670 0.00766573 0.22723996 0.19443196 0.01562210 0.05195609 0.04406129 0.01283690 0.02766439 0.03915329 0.00580664 0.01194090 0.22644596
168 0.04377649 0.24232392 0.04267039 0.03070359 0.01075040 0.06015308 0.05182688 0.02835749 0.02394059 0.02318379 0.04441039 0.17729095 0.01889699 0.01161720 0.02335029 0.05986668 0.05378178 0.00480531 0.01859569 0.02969809
169 0.01625452 0.00958031 0.00960429 0.01025471 0.01820892 0.01240561 0.01325941 0.00595135 0.04889185 0.01902502 0.07234127 0.00485820 0.01242371 0.30248031 0.00420527 0.01013671 0.01865112 0.04647145 0.33639734 0.02859863
170 0.11441700 0.04140850 0.02640570 0.03775260 0.01578830 0.04047410 0.03408080 0.02206840 0.01436480 0.03872040 0.05069920 0.04655320 0.01759150 0.01321670 0.28100300 0.08447500 0.04836970 0.00495000 0.01559560 0.05206550
171 0.03822241 0.01395370 0.01634030 0.01158420 0.01388360 0.01498650 0.01392680 0.01439040 0.02903180 0.08186411 0.16670903 0.01471650 0.03782921 0.19096703 0.00917443 0.02979881 0.02540830 0.02741290 0.17238903 0.07741091
172 0.04372740 0.24400597 0.04232160 0.03009520 0.01083190 0.05968179 0.05133169 0.02732280 0.02397830 0.02212520 0.04304300 0.17931398 0.01888060 0.01210560 0.02370700 0.06059719 0.05396349 0.00474571 0.01930690 0.02891470
173 0.09206863 0.10265093 0.02151468 0.02312208 0.01245319 0.03533427 0.02649728 0.01497399 0.01679439 0.03227098 0.02835498 0.06272335 0.01336449 0.00703953 0.27051780 0.11831591 0.05318816 0.00458189 0.01959019 0.04464327
174 0.09448213 0.03902011 0.02197581 0.02239171 0.02031931 0.03450981 0.03088281 0.02828401 0.01462720 0.09145212 0.11889403 0.03677471 0.06767632 0.02934981 0.01761000 0.09357783 0.11541503 0.00654323 0.01426200 0.10195203
175 0.04106561 0.00955637 0.00195652 0.00129215 0.01206790 0.00492873 0.00724152 0.00540040 0.00504848 0.29312807 0.14089404 0.00875479 0.04319561 0.02757391 0.00504338 0.01427840 0.04569121 0.00312592 0.00447989 0.32527708
176 0.06867550 0.08403429 0.04966840 0.05680170 0.01559890 0.12401699 0.08670689 0.03895220 0.03637320 0.02363510 0.04758340 0.09513229 0.02259160 0.01786210 0.03384230 0.07531250 0.05916070 0.00703186 0.02393260 0.03308750
177 0.11527198 0.04203549 0.02560490 0.03759119 0.01563450 0.04066819 0.03334939 0.02184940 0.01416790 0.03899409 0.05117389 0.04661579 0.01772210 0.01318280 0.28196495 0.08403798 0.04775329 0.00500779 0.01581300 0.05156139
178 0.04579401 0.01581290 0.01198870 0.00679114 0.01215110 0.01007580 0.01432670 0.00954230 0.00785819 0.25939204 0.13430702 0.03083750 0.04133561 0.02872460 0.01369160 0.02364170 0.04343641 0.00376400 0.00581562 0.28071304
179 0.17525891 0.01454609 0.01400219 0.01326989 0.02640959 0.01503149 0.01746259 0.04388698 0.00812043 0.12585694 0.11358994 0.01811189 0.03552298 0.02552739 0.03064838 0.09489695 0.05591137 0.00464139 0.00965768 0.15764692
