1 0.04415315 0.01086029 0.00654434 0.00281664 0.00891795 0.00511152 0.00628707 0.00574319 0.00650742 0.22352576 0.27853070 0.00553665 0.07975521 0.03455506 0.01032309 0.01673418 0.02627527 0.00120752 0.01272719 0.21388777
2 0.05692211 0.04312851 0.02202001 0.01305300 0.00639408 0.01769110 0.02797901 0.01763240 0.01318950 0.01246780 0.04906661 0.00895179 0.00987219 0.00525525 0.54034513 0.07658382 0.03802391 0.00340636 0.00405099 0.03396641
3 0.04310751 0.01519210 0.08402022 0.25652707 0.00689474 0.02396751 0.05259331 0.35068110 0.03593871 0.00635622 0.01625780 0.03971991 0.00141901 0.00323978 0.00471661 0.02424101 0.01199860 0.00492498 0.00795728 0.01024650
4 0.05931496 0.01188649 0.01242729 0.01632949 0.01189769 0.01578429 0.01486209 0.01077059 0.01019409 0.20996285 0.13960290 0.02126239 0.04301387 0.02891738 0.01320969 0.03827637 0.05364226 0.00392870 0.01541579 0.26930081
5 0.05523109 0.13331198 0.04242329 0.05082239 0.00579258 0.06885659 0.04675939 0.03114299 0.02057240 0.04332149 0.02991669 0.25892296 0.01691700 0.02209630 0.00615737 0.06308259 0.04855749 0.00761352 0.01080210 0.03769979
6 0.04970831 0.03795321 0.12993102 0.03128161 0.00829069 0.03389831 0.03118351 0.02552460 0.02399470 0.15394903 0.09611492 0.08014312 0.03648851 0.01978370 0.01127870 0.08274242 0.04552071 0.00643292 0.01586660 0.07991342
7 0.17538801 0.02374950 0.03486580 0.01939330 0.02511090 0.02517830 0.02457560 0.07285360 0.01284190 0.02900540 0.03181310 0.03505720 0.01582540 0.01780270 0.02686720 0.27688601 0.09230300 0.00630136 0.01542920 0.03875250
8 0.04109223 0.01683261 0.01054081 0.00736799 0.01212511 0.01293621 0.01248661 0.00720885 0.01111791 0.26819517 0.17676511 0.02385512 0.05067573 0.02854642 0.00547956 0.03023832 0.03517552 0.00336465 0.01390491 0.23209115
9 0.05306461 0.13588502 0.04282441 0.05130071 0.00545406 0.06766071 0.04805891 0.03239490 0.02141560 0.04294881 0.03057710 0.25957704 0.01639200 0.02110050 0.00624616 0.06268121 0.04784331 0.00697233 0.01045460 0.03714801
10 0.02951060 0.02583900 0.02057420 0.00689575 0.00507483 0.01020790 0.01255060 0.01087640 0.03298780 0.03082220 0.08376231 0.01242220 0.01837330 0.18263702 0.00323110 0.03063300 0.02429460 0.02054020 0.40435505 0.03441190
11 0.04729449 0.03278200 0.04795489 0.06555409 0.00591781 0.05110219 0.02619650 0.16894398 0.02084570 0.01834970 0.01993030 0.18080898 0.01057500 0.02219890 0.00715381 0.04980339 0.04765119 0.11662399 0.03807860 0.02223450
12 0.02161332 0.01303251 0.01430681 0.00464508 0.01110641 0.00740532 0.01575722 0.01117931 0.02651323 0.04506964 0.13771813 0.02262092 0.02909643 0.35279134 0.00328155 0.03536503 0.02400452 0.02119552 0.15326115 0.05003655
13 0.03793312 0.01466981 0.03790862 0.32536516 0.00682771 0.05204393 0.35516918 0.02624881 0.01535171 0.00497455 0.00637455 0.02457281 0.00054117 0.00144847 0.01121851 0.03168102 0.02902531 0.00171990 0.00191385 0.01501181
14 0.03947940 0.01695910 0.04438550 0.33216997 0.00754892 0.05073190 0.31275797 0.03345120 0.01801590 0.00669136 0.00847300 0.03281090 0.00071048 0.00177505 0.01114280 0.03282560 0.02950490 0.00209016 0.00209752 0.01637840
15 0.06622040 0.29609600 0.02959590 0.02199470 0.01223750 0.04403670 0.07345380 0.01870880 0.03600790 0.02944240 0.04845710 0.13118900 0.01942920 0.01345200 0.02325860 0.04389660 0.03486620 0.01213630 0.02394830 0.02157260
16 0.15580897 0.01222260 0.03240479 0.05043709 0.00707478 0.02528529 0.01966370 0.48005090 0.01558150 0.00774090 0.01859250 0.01916480 0.00392376 0.00764226 0.00795414 0.08802978 0.02649659 0.00396947 0.00624860 0.01170760
17 0.04118492 0.00882645 0.01020231 0.02309771 0.00733524 0.02357031 0.01367331 0.00675492 0.00824246 0.13784508 0.07802284 0.03722692 0.03073812 0.01748501 0.00462819 0.06731404 0.17667110 0.00838479 0.01241911 0.28637716
18 0.03615592 0.30268617 0.03180052 0.02180771 0.01926781 0.12655707 0.03926622 0.01395871 0.04009542 0.03394202 0.02690112 0.15787509 0.00925537 0.00536162 0.01105711 0.04603813 0.03870252 0.00965677 0.01455601 0.01505871
19 0.04682581 0.05568211 0.04358581 0.12463203 0.01151820 0.06348181 0.40556209 0.02661201 0.01703270 0.01577540 0.02353280 0.03650041 0.00406354 0.01118060 0.01683180 0.03647771 0.02499771 0.00389929 0.00924106 0.02256710
20 0.07948687 0.03515499 0.02891429 0.00753471 0.00956799 0.01625699 0.02840229 0.01880749 0.01172940 0.03343819 0.21832993 0.00946677 0.02252269 0.01081470 0.26627991 0.08464227 0.02033969 0.00413460 0.00766356 0.08651267
21 0.17762005 0.02402621 0.03449511 0.01976281 0.02568291 0.02486391 0.02440121 0.07207762 0.01262920 0.02781511 0.03263691 0.03483651 0.01544220 0.01917281 0.02533301 0.27823608 0.09146603 0.00610700 0.01500310 0.03839221
22 0.04907392 0.02184611 0.01248941 0.00998117 0.00857120 0.00823904 0.01355701 0.01274661 0.01078510 0.13272805 0.34177014 0.01308181 0.08769624 0.06162943 0.01470891 0.02492271 0.02801711 0.00457188 0.02980211 0.11378205
23 0.05386480 0.13304500 0.04346380 0.05079060 0.00571520 0.07032340 0.04792280 0.03062190 0.02149370 0.04361300 0.03105010 0.25855600 0.01600460 0.02214080 0.00650524 0.06210740 0.04725010 0.00764925 0.01095650 0.03692580
24 0.15721602 0.01259650 0.03171420 0.04954651 0.00703900 0.02476950 0.01930740 0.47924707 0.01524620 0.00774066 0.01987300 0.01952300 0.00440088 0.00721944 0.00812268 0.08740341 0.02649340 0.00390134 0.00652985 0.01210990
25 0.04144542 0.01735601 0.01039331 0.00717412 0.01218831 0.01318881 0.01204741 0.00712275 0.01101731 0.26565215 0.17803010 0.02432861 0.05156213 0.02863012 0.00538269 0.03049892 0.03525102 0.00368667 0.01456501 0.23047913
26 0.26837770 0.03085727 0.02045158 0.02176528 0.02663037 0.02915167 0.02711387 0.10942588 0.02243707 0.03457716 0.05568174 0.02688207 0.02163448 0.01114739 0.02255587 0.14800483 0.04810715 0.00516961 0.01256249 0.05746654
27 0.05006898 0.01529590 0.00791061 0.00141197 0.00636070 0.00863775 0.00426307 0.00540881 0.00830566 0.21152693 0.29601191 0.00867524 0.11957496 0.02661359 0.00250114 0.01887219 0.02569849 0.00287044 0.00935873 0.17063295
28 0.04645618 0.05607948 0.04441838 0.12464596 0.01118740 0.06255568 0.40467385 0.02626649 0.01704099 0.01565039 0.02326299 0.03730359 0.00396151 0.01214810 0.01638749 0.03744619 0.02551759 0.00381400 0.00920175 0.02198199
29 0.02336721 0.00289197 0.00310818 0.00157445 0.01513811 0.00525028 0.00488470 0.00228520 0.00328143 0.33241114 0.15846607 0.00611873 0.03732192 0.02005861 0.00304735 0.01852761 0.03295431 0.00089555 0.00445905 0.32395813
30 0.04711499 0.11653198 0.03504050 0.08500209 0.00499856 0.04171529 0.14118098 0.02985790 0.01892590 0.09563619 0.03384090 0.24340397 0.00499685 0.00868412 0.00604540 0.04164719 0.01786610 0.00305250 0.00446581 0.01999280
31 0.15603901 0.01223330 0.03279650 0.05137980 0.00730123 0.02545110 0.02094240 0.47763804 0.01584940 0.00746002 0.01818110 0.01912500 0.00406066 0.00726051 0.00827108 0.08819171 0.02630630 0.00335672 0.00602000 0.01213610
32 0.05808385 0.01184269 0.01253929 0.01650858 0.01175089 0.01600368 0.01513229 0.01082719 0.00994733 0.21116180 0.13994187 0.02068828 0.04320576 0.02944347 0.01356119 0.03704527 0.05276175 0.00405960 0.01588249 0.26961275
33 0.03787869 0.01174830 0.00565492 0.00179147 0.00847304 0.00436917 0.00566769 0.00439296 0.00603725 0.24250192 0.29088291 0.00529565 0.08779907 0.03202509 0.00309983 0.01405600 0.02329179 0.00092913 0.01086120 0.20324394
34 0.02888659 0.10494296 0.02155259 0.00658577 0.00571868 0.01901839 0.02579189 0.01119160 0.01204290 0.00805415 0.04481658 0.01329639 0.01208440 0.00339452 0.54293079 0.07462327 0.03541329 0.00390140 0.00395046 0.02180339
35 0.01030969 0.00725162 0.01062669 0.00136845 0.00269205 0.00253449 0.00621661 0.00299649 0.02858218 0.02426139 0.10002794 0.00572726 0.01885609 0.33941879 0.00095654 0.01932569 0.02057319 0.02239289 0.34188979 0.03399218
36 0.09197814 0.07269613 0.05190812 0.06141862 0.02168301 0.04145452 0.04382292 0.04821152 0.12741105 0.03995152 0.05068622 0.04472592 0.02416281 0.05687272 0.01835131 0.04860032 0.03780942 0.01796141 0.06109842 0.03919592
37 0.17551806 0.02423791 0.03514901 0.01945861 0.02551821 0.02488731 0.02521321 0.07121063 0.01314410 0.02869301 0.03129471 0.03575871 0.01549021 0.01845601 0.02725411 0.27785310 0.09139583 0.00615984 0.01477591 0.03853151
38 0.02877160 0.02664070 0.02008960 0.00687855 0.00476056 0.00993541 0.01279870 0.01038890 0.03390170 0.03036240 0.08412620 0.01233860 0.01744870 0.18113300 0.00291048 0.02972820 0.02405680 0.02110190 0.40901900 0.03360900
39 0.06087090 0.32639598 0.02202580 0.01600900 0.01951790 0.04809200 0.05844590 0.01165990 0.12251399 0.02342550 0.02535550 0.06901770 0.01040130 0.01468850 0.00834465 0.02884050 0.02494280 0.02408500 0.07042610 0.01494110
40 0.01031339 0.00747659 0.01057589 0.00142943 0.00282836 0.00247560 0.00612685 0.00295634 0.02913178 0.02393289 0.09888724 0.00618298 0.01892409 0.33806279 0.00094177 0.01903969 0.02071199 0.02219439 0.34412079 0.03368718
41 0.08410577 0.05849828 0.04976988 0.07323067 0.01083120 0.19857092 0.09530286 0.04867948 0.02728169 0.02993049 0.02449489 0.09421246 0.01420139 0.01032930 0.01650879 0.05945718 0.04019828 0.01364759 0.01126080 0.03948808
42 0.28410520 0.00694664 0.02491122 0.00655747 0.03705723 0.01330241 0.00847731 0.08122556 0.00931684 0.01193471 0.01422941 0.01188771 0.01214041 0.00406079 0.00921429 0.34636024 0.08751556 0.00254306 0.00832765 0.01988631
43 0.02919510 0.02641680 0.02029030 0.00683769 0.00496093 0.01027710 0.01245500 0.01043960 0.03341590 0.03090730 0.08428531 0.01210590 0.01828780 0.18138501 0.00310541 0.03000610 0.02358420 0.02182450 0.40590403 0.03431600
44 0.05123432 0.02187211 0.01188870 0.00996063 0.00862913 0.00775775 0.01334280 0.01293690 0.01097770 0.13374704 0.34049710 0.01367070 0.08725493 0.06036842 0.01438270 0.02432451 0.02841201 0.00401439 0.02997211 0.11475603
45 0.02185910 0.01335490 0.01459470 0.00510080 0.01145780 0.00802405 0.01625240 0.01203230 0.02653660 0.04630020 0.13844499 0.02280270 0.02950580 0.34831198 0.00350981 0.03463790 0.02409850 0.02011700 0.15138299 0.05167550
46 0.05002052 0.02286751 0.01210770 0.00933541 0.00845103 0.00771733 0.01308830 0.01261740 0.01101520 0.13175504 0.34386811 0.01346300 0.08832473 0.06118222 0.01392170 0.02469161 0.02846601 0.00474401 0.02991111 0.11245204
47 0.08502117 0.05803938 0.04886999 0.07419218 0.01134900 0.19557794 0.09287587 0.05064448 0.02710249 0.02951719 0.02392959 0.09572277 0.01465000 0.01051840 0.01529950 0.06075258 0.04013709 0.01425280 0.01225520 0.03929239
48 0.02399979 0.01104320 0.01143480 0.00388310 0.00863679 0.00631949 0.01158990 0.00682710 0.01880289 0.16033993 0.15817993 0.01328359 0.05070248 0.16994793 0.00417789 0.02676719 0.03342289 0.00555865 0.08300757 0.19207492
49 0.15947810 0.01757821 0.11880608 0.01231641 0.01610521 0.02127231 0.02023641 0.02325941 0.00718848 0.02150401 0.00985297 0.03073392 0.00714138 0.00484926 0.00732246 0.31279120 0.18510612 0.00345013 0.00595669 0.01505121
50 0.03931518 0.01556919 0.04437298 0.33970383 0.00725377 0.04982177 0.30848185 0.03309428 0.01810849 0.00649855 0.00849936 0.03240058 0.00071776 0.00190013 0.01070619 0.03271418 0.03007338 0.00197549 0.00222564 0.01656739
51 0.06446705 0.02284638 0.02246828 0.04311417 0.00718067 0.11891490 0.04467906 0.01342409 0.01777249 0.07752264 0.04764276 0.06814864 0.03404907 0.01152109 0.01296149 0.06890914 0.08194883 0.01148619 0.00889922 0.22204382
52 0.09404811 0.07171731 0.05245481 0.06166261 0.02102820 0.04174420 0.04289880 0.04808360 0.12906601 0.04077150 0.05226741 0.04376290 0.02511350 0.05524361 0.01932940 0.04750130 0.03757150 0.01624570 0.05854351 0.04094600
53 0.04137641 0.01702150 0.01005110 0.00732237 0.01186940 0.01288900 0.01184180 0.00740589 0.01125310 0.26539603 0.17799702 0.02390600 0.05187701 0.02938000 0.00546113 0.03108460 0.03573050 0.00359768 0.01438740 0.23015203
54 0.04948402 0.03816352 0.16868808 0.03558082 0.00791979 0.03544212 0.03355112 0.02805271 0.02484021 0.13138606 0.08498184 0.07988174 0.03321222 0.01865401 0.01049240 0.08383514 0.04633122 0.00623255 0.01744861 0.06582183
55 0.26816093 0.02992599 0.02180209 0.02144109 0.02701689 0.02997699 0.02677629 0.10966197 0.02325689 0.03465729 0.05469829 0.02639419 0.02207879 0.01078370 0.02302939 0.14631396 0.04824279 0.00538317 0.01275790 0.05764138
56 0.05732868 0.06520458 0.02658899 0.02706779 0.00898516 0.11639596 0.02939929 0.01515759 0.03010879 0.17000694 0.06735308 0.09962787 0.03323539 0.01186560 0.01041530 0.05806388 0.04289829 0.01547839 0.00993447 0.10488397
57 0.17606107 0.02456391 0.03459951 0.01926571 0.02567051 0.02563501 0.02422811 0.07347533 0.01318400 0.02900521 0.03249611 0.03489361 0.01574921 0.01786791 0.02780411 0.27421310 0.09100853 0.00612503 0.01506291 0.03909111
58 0.04435318 0.01021600 0.01157000 0.02559619 0.00651960 0.02435529 0.01435319 0.00721178 0.00889366 0.11323296 0.06925737 0.04024909 0.02961749 0.01640719 0.00508892 0.07806877 0.21102392 0.00952651 0.01204600 0.26241290
59 0.04813403 0.01423151 0.00728357 0.00137156 0.00673558 0.00821423 0.00412502 0.00489773 0.00789723 0.22028311 0.28941115 0.00830273 0.11592106 0.02598021 0.00221493 0.01823751 0.02603221 0.00288045 0.00925605 0.17859009
60 0.05308570 0.13526201 0.04351950 0.05025530 0.00553603 0.06920010 0.04789860 0.03190130 0.02099710 0.04331020 0.03075180 0.25951702 0.01673640 0.02077880 0.00644286 0.06248630 0.04780050 0.00707663 0.00991371 0.03753010
61 0.01987870 0.00879946 0.00744662 0.00237582 0.00872329 0.00490709 0.01011690 0.00717762 0.01119240 0.16868296 0.19862695 0.01178560 0.04263279 0.21084995 0.00234382 0.03097619 0.02292609 0.00819961 0.08403718 0.13832097
62 0.08448983 0.05891122 0.04875062 0.07221393 0.01099840 0.19559108 0.09207924 0.04981232 0.02727561 0.03082201 0.02443131 0.09593544 0.01487131 0.01045470 0.01595571 0.05997902 0.04081502 0.01406471 0.01229980 0.04024872
63 0.04149969 0.01710810 0.01060410 0.00692570 0.01189860 0.01271230 0.01172920 0.00742112 0.01129210 0.26621095 0.17753896 0.02397880 0.05114889 0.02913769 0.00580293 0.03048689 0.03518079 0.00366285 0.01535640 0.23030395
64 0.05085448 0.03608369 0.28129690 0.07955817 0.01090370 0.04257638 0.06696698 0.06283648 0.03150339 0.02145159 0.03280259 0.05290658 0.01616169 0.01804189 0.01622989 0.07139817 0.04932608 0.00602727 0.02382529 0.02924879
65 0.03742089 0.01489920 0.01562600 0.04263189 0.00877674 0.00928793 0.01293550 0.01003220 0.02273900 0.10578898 0.29597695 0.01581210 0.04236289 0.03333869 0.01001670 0.03310659 0.16304697 0.00379421 0.01861360 0.10379298
66 0.04576710 0.05499799 0.04450710 0.12505699 0.01131610 0.06364969 0.40417296 0.02620480 0.01699740 0.01554900 0.02260940 0.03711830 0.00399833 0.01228690 0.01704540 0.03717550 0.02587960 0.00417576 0.00873671 0.02275500
67 0.04708989 0.02183490 0.07055159 0.29953994 0.00835775 0.05537669 0.16055697 0.08077768 0.03251949 0.01302070 0.02332250 0.05264169 0.00303051 0.00520951 0.01030170 0.03585219 0.03713859 0.00528418 0.00629505 0.03129849
68 0.29889504 0.00730362 0.02372040 0.00651900 0.03758961 0.01371460 0.00818527 0.08602891 0.01043170 0.01191960 0.01531900 0.01213080 0.01205410 0.00399338 0.01069830 0.32647805 0.08142971 0.00245530 0.00826828 0.02286530
69 0.08981429 0.03221293 0.03859004 0.03470623 0.01442181 0.02806423 0.02832933 0.03530474 0.01717962 0.05217315 0.06060606 0.04623935 0.02040292 0.02185122 0.02015552 0.14304014 0.19893720 0.01004721 0.01876272 0.08916129
70 0.06503894 0.02957232 0.01903851 0.00439350 0.00754352 0.01604321 0.00764116 0.00977875 0.01715571 0.12455808 0.26354316 0.02362441 0.13924408 0.04510713 0.00996330 0.03944882 0.03194582 0.00663988 0.02328461 0.11643507
71 0.02496799 0.19564590 0.09399885 0.02856129 0.00349380 0.11809394 0.02874019 0.03338168 0.02136169 0.03980368 0.01394779 0.25757287 0.01056499 0.00335044 0.00311196 0.06243407 0.04187878 0.00269755 0.00390374 0.01248879
72 0.04251961 0.01875221 0.04313511 0.30529109 0.00954484 0.05141762 0.29563909 0.03100661 0.02206511 0.00792664 0.00932460 0.03525181 0.00098809 0.00219669 0.01496940 0.06043182 0.02873361 0.00202831 0.00239572 0.01638201
73 0.04599300 0.05582719 0.04417750 0.12478999 0.01120370 0.06321409 0.40696596 0.02641040 0.01690040 0.01557600 0.02211270 0.03767860 0.00393943 0.01155430 0.01702910 0.03644730 0.02529040 0.00421575 0.00913151 0.02154270
74 0.04593888 0.05562857 0.04416068 0.12638794 0.01113909 0.06313907 0.40437782 0.02684299 0.01686529 0.01562169 0.02280369 0.03770898 0.00399630 0.01166539 0.01605109 0.03673388 0.02565329 0.00409398 0.00898027 0.02221109
75 0.02160598 0.01339719 0.01417068 0.00522349 0.01130549 0.00769250 0.01552298 0.01108779 0.02721117 0.04615865 0.13726085 0.02354617 0.02949477 0.34784563 0.00351766 0.03450046 0.02360607 0.02172238 0.15399684 0.05113325
76 0.26839293 0.03023139 0.02092069 0.02141969 0.02784319 0.02927629 0.02629389 0.10756897 0.02186539 0.03425419 0.05632488 0.02671819 0.02194509 0.01096310 0.02303009 0.14898396 0.04846149 0.00526157 0.01258350 0.05766148
77 0.04724102 0.02248381 0.00769434 0.00106951 0.00293512 0.00414507 0.00530468 0.00576449 0.00648564 0.13170905 0.44536915 0.00452696 0.15474505 0.03249631 0.00290634 0.00922491 0.01175050 0.00081926 0.00951373 0.09381503
78 0.06785484 0.09193746 0.04963703 0.06728624 0.00351361 0.21085214 0.03237192 0.03479232 0.01948641 0.03230232 0.01428931 0.22908215 0.00989775 0.00602273 0.00467243 0.04673153 0.03788262 0.00748967 0.00448077 0.02941672
79 0.26513696 0.00489081 0.03542739 0.00386423 0.03427829 0.01127260 0.00531108 0.05313249 0.00482916 0.01472510 0.00848966 0.01505350 0.01099820 0.00257637 0.00414858 0.36319895 0.13417798 0.00364305 0.00552911 0.01931650
80 0.25106715 0.00803715 0.08209955 0.01055781 0.02569182 0.01813351 0.01185171 0.03441852 0.01081391 0.01613941 0.00961114 0.02203841 0.00946279 0.00439806 0.00664738 0.33397120 0.12413607 0.00239459 0.00639981 0.01213001
81 0.04671829 0.05703648 0.08325938 0.10518497 0.00544951 0.07624148 0.05669328 0.14624096 0.01906639 0.02501179 0.01671289 0.22047693 0.00784183 0.01291500 0.00645223 0.05175668 0.02379899 0.01355510 0.00970433 0.01588350
82 0.04608300 0.01552730 0.00617445 0.00057864 0.00471091 0.00369964 0.00363380 0.00478867 0.00620757 0.19894600 0.35866300 0.00309859 0.12928500 0.02725840 0.00152976 0.00972098 0.01790000 0.00050547 0.00817282 0.15351600
83 0.07826890 0.02753950 0.04801470 0.05294210 0.00968319 0.02101010 0.02288320 0.21564800 0.02728710 0.01880030 0.04471390 0.03235280 0.01045740 0.05022490 0.00724130 0.07326630 0.02841160 0.02349200 0.18519300 0.02256970
84 0.08419239 0.05748339 0.04875380 0.07446659 0.01113560 0.19951098 0.09259299 0.04791720 0.02683370 0.03049240 0.02466630 0.09572349 0.01475250 0.01024930 0.01590500 0.05905909 0.04006220 0.01438660 0.01178990 0.04002660
85 0.04595313 0.05542934 0.04460743 0.12671909 0.01117031 0.06316464 0.40317629 0.02672372 0.01684261 0.01571421 0.02338022 0.03688993 0.00432307 0.01109831 0.01738891 0.03739283 0.02550372 0.00390600 0.00868753 0.02192872
86 0.04387348 0.01122559 0.00658666 0.00295727 0.00904696 0.00500561 0.00641682 0.00568490 0.00640405 0.22452888 0.27712785 0.00539979 0.07942516 0.03346598 0.01044519 0.01669259 0.02626279 0.00130808 0.01203849 0.21610388
87 0.02296440 0.00289161 0.00308672 0.00118939 0.01538510 0.00505970 0.00498255 0.00211424 0.00315429 0.33623602 0.15912401 0.00565713 0.03703850 0.01967360 0.00255549 0.01765270 0.03211700 0.00078828 0.00421125 0.32411802
88 0.06497022 0.29924009 0.02919051 0.02138421 0.01184760 0.04472891 0.07373202 0.01793271 0.03525171 0.02980001 0.04845881 0.13247104 0.01913241 0.01301350 0.02457441 0.04407101 0.03413231 0.01131510 0.02355241 0.02120101
89 0.17665199 0.02360150 0.03419250 0.01962150 0.02570640 0.02460510 0.02536520 0.07385290 0.01307120 0.02866610 0.03199380 0.03545780 0.01545560 0.01880670 0.02743540 0.27646299 0.09021310 0.00589964 0.01404790 0.03889270
90 0.03946881 0.01700640 0.04511001 0.33064807 0.00736213 0.05107451 0.31153506 0.03346621 0.01813210 0.00689640 0.00857551 0.03361141 0.00071829 0.00180139 0.01119430 0.03262841 0.02991171 0.00216282 0.00214706 0.01654940
91 0.05793680 0.01135810 0.01299030 0.01682340 0.01164750 0.01578270 0.01487630 0.01047530 0.01042900 0.21061800 0.14036100 0.02070060 0.04378630 0.02913130 0.01335140 0.03729590 0.05308520 0.00412278 0.01588010 0.26934801
92 0.05068102 0.02267581 0.01122570 0.00922594 0.00786954 0.00791976 0.01331371 0.01262231 0.01071030 0.13270906 0.34288715 0.01406911 0.08800034 0.06240703 0.01446121 0.02478141 0.02769581 0.00470262 0.02888711 0.11315505
93 0.05383932 0.13266904 0.04420471 0.05209432 0.00566883 0.07015942 0.04703011 0.03215831 0.02089831 0.04315321 0.03012621 0.25726108 0.01558180 0.02088271 0.00646289 0.06354862 0.04883841 0.00781597 0.00993921 0.03766751
94 0.02546178 0.00421105 0.00318849 0.00057587 0.01318249 0.00374197 0.00431685 0.00233011 0.00341517 0.31702671 0.20030182 0.00297430 0.05290945 0.02245568 0.00245847 0.01427169 0.02834697 0.00040003 0.00513942 0.29329173
95 0.05172658 0.03592219 0.28209191 0.07819718 0.01067340 0.04350199 0.06560898 0.06330268 0.03058079 0.02189299 0.03309629 0.05354908 0.01584410 0.01733309 0.01585580 0.07340578 0.04941628 0.00590891 0.02328149 0.02881049
96 0.05372981 0.13208203 0.04410001 0.05141521 0.00581533 0.06931062 0.04809041 0.03199391 0.02086261 0.04338611 0.03085491 0.25885207 0.01686080 0.02170001 0.00657157 0.06146812 0.04684061 0.00741014 0.01029250 0.03836321
97 0.02539439 0.00409778 0.00311871 0.00061094 0.01322009 0.00358494 0.00436921 0.00230322 0.00337555 0.31823485 0.19854690 0.00294420 0.05204587 0.02261499 0.00245779 0.01409559 0.02850959 0.00034814 0.00537740 0.29474986
98 0.05023588 0.02215069 0.01243890 0.00979750 0.00845812 0.00759959 0.01331610 0.01316330 0.01092400 0.13186195 0.34154088 0.01320610 0.08820827 0.06086118 0.01434989 0.02449869 0.02823969 0.00458994 0.03129939 0.11325996
99 0.10554598 0.02825539 0.19764396 0.03122869 0.01470010 0.03425639 0.04231109 0.04339059 0.01572310 0.02467560 0.01893550 0.05405069 0.01096330 0.00903650 0.01716170 0.21924296 0.09969198 0.00426179 0.01050800 0.01841670
100 0.06069658 0.12742816 0.04441196 0.10331113 0.00526784 0.04685126 0.16526421 0.03705685 0.01687652 0.03897125 0.02764423 0.22623228 0.00484142 0.01052961 0.00651731 0.03633865 0.01895452 0.00326584 0.00469918 0.01484122
101 0.04639410 0.05545580 0.04432810 0.12338100 0.01114680 0.06404830 0.40597001 0.02697040 0.01663210 0.01585950 0.02230900 0.03793970 0.00378408 0.01154570 0.01614000 0.03712730 0.02499750 0.00408471 0.00933228 0.02255360
102 0.05923461 0.09439252 0.05077461 0.03018681 0.00578062 0.05587711 0.02821711 0.02592511 0.01839570 0.04930511 0.02202491 0.21854005 0.01787460 0.01738310 0.00688001 0.14947204 0.08315682 0.00943553 0.00787370 0.04926991
103 0.05133894 0.02262962 0.01177441 0.01005341 0.00845584 0.00764194 0.01358231 0.01288021 0.01075131 0.13123011 0.34628228 0.01366611 0.08967317 0.05953965 0.01427801 0.02370722 0.02781802 0.00451883 0.02823052 0.11194809
104 0.20414800 0.00730228 0.01547610 0.01314730 0.01124860 0.01963090 0.00858897 0.44396100 0.00997216 0.00436504 0.01258740 0.00967487 0.00291453 0.00560054 0.00593435 0.17344900 0.03801690 0.00176076 0.00489939 0.00732190
105 0.16817900 0.12503400 0.02406660 0.09321820 0.02027340 0.04089660 0.23265100 0.02456970 0.02608660 0.01796230 0.03042870 0.05394250 0.00608736 0.00919167 0.01274710 0.05407320 0.02453180 0.00449600 0.00761417 0.02395010
106 0.04614651 0.05428291 0.04396751 0.12496103 0.01162600 0.06292902 0.40150211 0.02649691 0.01662030 0.01647490 0.02383471 0.03821621 0.00439061 0.01249300 0.01719690 0.03705821 0.02580261 0.00419835 0.00949837 0.02230381
107 0.04099139 0.01732020 0.01014410 0.00698556 0.01218030 0.01277310 0.01196790 0.00697811 0.01039790 0.26817796 0.17712897 0.02410880 0.05106089 0.02841960 0.00519726 0.03052200 0.03553229 0.00347452 0.01421920 0.23241997
108 0.05061680 0.05911540 0.02264530 0.02457680 0.00776335 0.04574480 0.02170680 0.02697670 0.04114310 0.02976070 0.05049060 0.03402120 0.02033900 0.10029301 0.01231910 0.04765880 0.04808310 0.23864701 0.08473740 0.03336100
109 0.02406981 0.00290052 0.00320558 0.00147624 0.01515221 0.00522616 0.00487842 0.00234914 0.00335708 0.33142712 0.15937806 0.00597492 0.03781061 0.02006671 0.00298743 0.01884611 0.03294621 0.00094786 0.00453267 0.32246712
110 0.06504699 0.02987189 0.01895030 0.00442574 0.00756390 0.01601150 0.00751079 0.00991915 0.01720590 0.12358397 0.26693594 0.02348069 0.14013397 0.04485689 0.01004320 0.03896719 0.03217659 0.00654515 0.02324529 0.11352497
111 0.08187618 0.03611639 0.02854399 0.00764635 0.01002820 0.01653270 0.02799399 0.01913100 0.01178040 0.03220249 0.20953996 0.00903879 0.02163080 0.00964538 0.27268294 0.08669768 0.02110260 0.00438967 0.00739522 0.08602528
112 0.05045670 0.02241400 0.01174250 0.00937425 0.00870347 0.00765539 0.01309530 0.01259860 0.01095820 0.13284700 0.34190200 0.01320620 0.08834380 0.06173420 0.01439550 0.02463490 0.02801140 0.00437848 0.03006410 0.11348400
113 0.17660705 0.02410471 0.03389621 0.01938401 0.02532801 0.02595941 0.02364101 0.07330352 0.01307850 0.02893911 0.03213451 0.03511351 0.01566710 0.01831590 0.02668841 0.27711507 0.09074862 0.00622273 0.01490280 0.03884981
114 0.08473289 0.05858009 0.04954120 0.07315929 0.01122000 0.19678698 0.09073969 0.05011159 0.02688560 0.03000750 0.02433360 0.09570629 0.01477750 0.01037550 0.01627040 0.06001209 0.04113830 0.01384720 0.01174980 0.04002450
115 0.05799817 0.01152329 0.01276559 0.01623949 0.01196579 0.01585849 0.01498169 0.01083439 0.00995886 0.21396289 0.14129093 0.02090389 0.04303898 0.02933619 0.01314719 0.03723818 0.05186657 0.00385754 0.01508399 0.26814787
116 0.07965064 0.04469922 0.06119233 0.07863614 0.17875808 0.03352502 0.22923111 0.03871202 0.02884691 0.01524951 0.03683032 0.01980431 0.00568948 0.01767731 0.01405781 0.05820813 0.02703161 0.00492374 0.00791132 0.01936501
117 0.08431525 0.05712803 0.04919583 0.07452384 0.01098361 0.19925112 0.09253316 0.05009823 0.02708992 0.02977182 0.02394771 0.09472896 0.01436071 0.01134611 0.01611411 0.05921424 0.03950682 0.01412171 0.01196791 0.03980092
118 0.23865493 0.00427573 0.01030220 0.00709388 0.01228920 0.02095689 0.00405778 0.43653586 0.00883782 0.00396707 0.01128630 0.00557910 0.00321031 0.00311519 0.00436562 0.15925095 0.05342388 0.00206503 0.00340378 0.00732850
119 0.04992401 0.02236530 0.01194220 0.00951697 0.00835104 0.00762563 0.01320870 0.01264360 0.01103140 0.13181402 0.34433306 0.01345980 0.08845152 0.06128291 0.01504330 0.02399070 0.02820351 0.00446688 0.02913441 0.11321102
120 0.26571408 0.02989661 0.02084871 0.02236191 0.02814961 0.02941091 0.02786981 0.11131703 0.02201041 0.03415661 0.05478532 0.02690311 0.02224611 0.01124240 0.02199891 0.14792805 0.04963742 0.00536129 0.01274230 0.05541942
121 0.26780206 0.03058651 0.02154490 0.02190421 0.02749141 0.02877511 0.02797571 0.10896103 0.02262661 0.03454851 0.05552871 0.02709671 0.02165280 0.01061850 0.02251061 0.14772403 0.04881371 0.00523977 0.01217530 0.05642381
122 0.15718599 0.01232490 0.03271990 0.04989840 0.00723588 0.02488960 0.01924760 0.48040197 0.01563650 0.00725967 0.01899010 0.01958010 0.00386236 0.00708328 0.00755297 0.08793069 0.02662080 0.00378047 0.00601503 0.01178380
123 0.04326301 0.01205530 0.01221910 0.00623621 0.01142070 0.01463490 0.00941262 0.00527271 0.00917685 0.25791103 0.12881302 0.02651740 0.03964000 0.02022400 0.00383338 0.06054551 0.09056181 0.00714557 0.00828284 0.23283403
124 0.03563449 0.01044150 0.00543151 0.00168844 0.00953200 0.00483422 0.00579821 0.00423239 0.00562090 0.25850695 0.26626495 0.00560332 0.07890199 0.03190399 0.00301463 0.01556060 0.02483290 0.00094826 0.01095380 0.22029496
125 0.04137523 0.00942212 0.00660253 0.00283624 0.00990449 0.00504680 0.00619591 0.00541369 0.00609469 0.24037719 0.25634421 0.00547369 0.07269266 0.03179513 0.00967588 0.01684841 0.02755742 0.00110320 0.01101531 0.23422519
126 0.06380634 0.02964742 0.01920271 0.00444307 0.00770669 0.01569821 0.00809768 0.01014731 0.01689111 0.12339109 0.26713918 0.02333092 0.14062510 0.04489183 0.00975968 0.03914743 0.03133182 0.00648982 0.02307152 0.11518108
127 0.17668616 0.02484422 0.03445353 0.01943722 0.02574062 0.02521242 0.02489522 0.07170447 0.01287751 0.02802213 0.03176693 0.03471993 0.01547321 0.01827782 0.02674982 0.27754626 0.09205129 0.00627608 0.01454081 0.03872434
128 0.05046039 0.03574340 0.28208997 0.08062969 0.01127250 0.04313030 0.06766819 0.06292629 0.03136020 0.02141010 0.03138430 0.05272079 0.01534280 0.01738700 0.01786720 0.07108179 0.04924709 0.00616151 0.02305320 0.02906330
129 0.05080840 0.02178700 0.01211350 0.00938023 0.00851618 0.00792232 0.01319210 0.01215280 0.01092100 0.13269599 0.34252497 0.01297160 0.08835109 0.06169010 0.01510020 0.02487800 0.02728510 0.00404885 0.02988060 0.11377999
130 0.02503519 0.00332285 0.00329555 0.00143059 0.01481179 0.00565143 0.00518711 0.00258145 0.00363008 0.32828683 0.16025392 0.00647871 0.03888098 0.02037469 0.00305037 0.01924319 0.03335868 0.00111400 0.00492878 0.31908383
131 0.06532856 0.29383082 0.03020458 0.02104249 0.01193029 0.04465777 0.07267846 0.01934339 0.03521078 0.02970688 0.04801077 0.13414592 0.01956829 0.01355499 0.02301079 0.04444667 0.03510358 0.01231889 0.02402519 0.02188089
132 0.03828941 0.01435321 0.01615681 0.04395882 0.00881584 0.00948406 0.01327450 0.01070260 0.02231911 0.10800604 0.27914810 0.01631681 0.04052561 0.03437591 0.01043440 0.03547001 0.16561006 0.00452704 0.02005561 0.10817604
133 0.04687048 0.02197529 0.07062397 0.30058786 0.00851840 0.05504807 0.16331092 0.07974946 0.03184729 0.01284399 0.02284489 0.05202358 0.00302381 0.00508232 0.00984650 0.03606348 0.03710198 0.00552256 0.00651948 0.03059569
134 0.02512711 0.00396582 0.00311933 0.00061263 0.01336001 0.00372849 0.00430201 0.00231991 0.00345459 0.31825517 0.19753310 0.00298785 0.05142313 0.02260461 0.00244787 0.01419251 0.02841861 0.00041242 0.00516165 0.29657316
135 0.05092038 0.02291339 0.01177510 0.00927627 0.00837039 0.00757298 0.01367900 0.01256760 0.01107100 0.13148196 0.34446189 0.01347660 0.08852407 0.05975948 0.01507360 0.02442579 0.02851599 0.00448767 0.02914489 0.11250197
136 0.02882631 0.02669691 0.02034410 0.00663922 0.00495238 0.01009460 0.01237590 0.01011190 0.03357271 0.03051121 0.08511552 0.01220270 0.01863840 0.18438704 0.00305176 0.02958221 0.02372381 0.02174761 0.40311610 0.03430961
137 0.04982593 0.02270831 0.01205271 0.00912891 0.00825813 0.00778570 0.01357581 0.01235341 0.01051481 0.13331908 0.34246422 0.01355611 0.08818246 0.06155864 0.01394691 0.02449402 0.02817372 0.00439645 0.02985862 0.11384607
138 0.02247631 0.01337101 0.01432741 0.00496744 0.01140980 0.00759392 0.01566241 0.01127630 0.02706041 0.04591792 0.13758505 0.02336611 0.02999701 0.34909113 0.00351896 0.03470631 0.02380271 0.02050531 0.15161006 0.05175442
139 0.15663101 0.01205160 0.03212250 0.05004810 0.00737950 0.02532800 0.01902900 0.47949504 0.01579860 0.00786426 0.01887390 0.01900280 0.00397369 0.00731356 0.00827242 0.08811801 0.02656630 0.00359406 0.00593972 0.01259790
140 0.02185099 0.01357919 0.01446219 0.00484033 0.01136689 0.00752399 0.01548779 0.01111289 0.02761769 0.04625078 0.13785593 0.02302269 0.02991809 0.34887683 0.00327308 0.03420288 0.02368079 0.02112339 0.15255292 0.05140067
141 0.11079403 0.02666561 0.01951360 0.00793442 0.09651632 0.01806600 0.01391870 0.01515280 0.02494041 0.11279003 0.11619003 0.01810980 0.11338503 0.03557711 0.01100590 0.07890972 0.05060021 0.00598754 0.01399670 0.10994603
142 0.05906994 0.01142151 0.01247231 0.01640221 0.01170751 0.01526541 0.01459191 0.01056121 0.01010111 0.21155916 0.14151711 0.02095812 0.04279263 0.02918712 0.01305261 0.03651593 0.05273814 0.00390504 0.01610081 0.27008021
143 0.15616114 0.01220981 0.03112113 0.05039154 0.00707210 0.02529122 0.01885422 0.48158142 0.01564611 0.00787302 0.01868182 0.01968452 0.00428295 0.00744730 0.00789687 0.08733088 0.02663022 0.00396818 0.00625105 0.01162451
144 0.29953681 0.00725119 0.02291599 0.00678649 0.03783698 0.01364259 0.00819051 0.08790554 0.01077559 0.01172959 0.01523699 0.01152859 0.01226229 0.00411196 0.01086279 0.32516979 0.08095925 0.00230565 0.00877643 0.02221499
145 0.26459310 0.00362549 0.01012390 0.00481448 0.02149921 0.01432641 0.00394851 0.33008012 0.00874569 0.00310706 0.01058890 0.00338503 0.00331071 0.00321163 0.00630540 0.24389409 0.05107232 0.00082229 0.00457198 0.00797366
146 0.13342795 0.02336539 0.02418759 0.00518571 0.00963881 0.01131860 0.02350619 0.02422249 0.00970279 0.06344878 0.21457092 0.00706057 0.02196769 0.00997360 0.17474294 0.05395598 0.01332630 0.00285680 0.00621798 0.16732294
147 0.28457219 0.00689121 0.02495692 0.00669733 0.03751342 0.01248161 0.00827812 0.07684235 0.00870868 0.01100831 0.01367931 0.01183441 0.01172681 0.00417998 0.00888262 0.35434323 0.08817016 0.00235712 0.00807842 0.01879781
148 0.10422104 0.02884571 0.04071172 0.05141812 0.00933651 0.02653451 0.02968571 0.27082511 0.02675541 0.10655004 0.05605382 0.04685952 0.01747691 0.01723921 0.01637021 0.05620012 0.02585331 0.00913688 0.01144570 0.04848042
149 0.05175618 0.02335499 0.01234119 0.00987443 0.00851590 0.00777335 0.01352259 0.01356269 0.01120429 0.13078394 0.34279485 0.01337359 0.08824286 0.05993357 0.01402889 0.02457149 0.02806759 0.00487697 0.02921069 0.11220995
150 0.04961029 0.02260299 0.00857746 0.00112669 0.00326248 0.00456653 0.00535190 0.00609656 0.00709631 0.13570197 0.42464190 0.00558399 0.15444296 0.03295729 0.00358568 0.01070310 0.01306600 0.00106174 0.01068810 0.09927608
151 0.05570262 0.04297701 0.02117121 0.01330220 0.00703836 0.01792331 0.02825141 0.01777741 0.01330970 0.01293360 0.04860041 0.00929427 0.01026340 0.00490192 0.53940816 0.07726832 0.03828331 0.00380590 0.00371065 0.03407681
152 0.06560744 0.29617718 0.03025442 0.02082981 0.01260271 0.04476203 0.07282544 0.01859101 0.03580762 0.03026432 0.04818203 0.13238908 0.01967591 0.01381311 0.02297581 0.04443963 0.03514362 0.01124111 0.02289501 0.02152271
153 0.05775897 0.04286198 0.02152219 0.01288669 0.00652965 0.01754729 0.02786609 0.01825199 0.01338129 0.01266659 0.04829038 0.00907290 0.01020619 0.00485809 0.53977372 0.07737256 0.03781748 0.00380523 0.00376374 0.03376698
154 0.02188939 0.01329760 0.01400060 0.00471382 0.01155280 0.00771353 0.01524090 0.01118670 0.02639739 0.04620669 0.13952897 0.02277189 0.03080769 0.35025691 0.00331210 0.03446639 0.02343489 0.02040239 0.15158696 0.05123239
155 0.37369133 0.01331561 0.00662042 0.00749981 0.01307911 0.00864510 0.00638245 0.15548014 0.02427962 0.02062012 0.05482495 0.00590912 0.00461366 0.00821597 0.10149609 0.06180356 0.01077281 0.00195966 0.00371638 0.11707410
156 0.05008559 0.03639709 0.28480392 0.08035768 0.01103780 0.04396979 0.06645928 0.06266098 0.03138829 0.02149739 0.03129179 0.05375238 0.01478070 0.01652310 0.01638030 0.07094668 0.04877069 0.00592778 0.02366249 0.02930629
157 0.04643393 0.01715011 0.00776268 0.00075009 0.00375319 0.00369540 0.00394301 0.00517493 0.00692295 0.17435111 0.38094223 0.00352871 0.13635608 0.03109822 0.00263328 0.00950821 0.01605831 0.00048201 0.00955546 0.13990008
158 0.02169210 0.01172540 0.01330220 0.00341831 0.00815737 0.00575132 0.01204160 0.00704596 0.02209470 0.12282200 0.15389600 0.01419150 0.05095670 0.22249901 0.00370702 0.02783010 0.03104040 0.00741229 0.10766200 0.15275400
159 0.01821039 0.00168801 0.00232447 0.00087245 0.01630099 0.00420171 0.00472102 0.00157731 0.00243787 0.34995276 0.15246589 0.00394259 0.03239888 0.01867769 0.00206182 0.01582099 0.03102348 0.00047942 0.00337152 0.33747077
160 0.03193350 0.05808341 0.19883402 0.09768601 0.00906310 0.04923151 0.15899102 0.07886421 0.01725510 0.02319740 0.01372940 0.14720602 0.00484660 0.00569778 0.00663657 0.05197931 0.02635820 0.00365720 0.00588194 0.01086770
161 0.02981413 0.02754193 0.02015992 0.00678516 0.00500744 0.01007621 0.01301671 0.01017161 0.03403743 0.03113783 0.08433038 0.01257281 0.01843922 0.18020016 0.00275300 0.02998453 0.02433672 0.02085272 0.40423737 0.03454473
162 0.02982792 0.02684301 0.02036391 0.00663706 0.00523215 0.01023321 0.01219371 0.01013601 0.03373002 0.03053752 0.08383714 0.01297811 0.01809331 0.18148709 0.00307918 0.03003982 0.02385871 0.02170051 0.40520821 0.03398342
163 0.26683015 0.02967612 0.02101191 0.02240101 0.02690081 0.02928222 0.02899252 0.10597106 0.02223211 0.03412882 0.05602583 0.02755532 0.02247401 0.01142721 0.02285271 0.14864608 0.04868953 0.00522665 0.01297541 0.05670053
164 0.03928397 0.00868390 0.00978846 0.02953078 0.00471168 0.02546748 0.01357519 0.00662622 0.00730578 0.07563695 0.04666327 0.04249397 0.02193769 0.01046719 0.00380624 0.08139555 0.26954482 0.00988143 0.00921662 0.28398281
165 0.04720292 0.02188781 0.07034642 0.29878710 0.00848879 0.05452672 0.16140305 0.07993743 0.03156921 0.01290250 0.02346421 0.05323892 0.00294972 0.00509160 0.01047970 0.03625671 0.03744321 0.00549930 0.00640826 0.03211641
166 0.04061260 0.01690620 0.01002610 0.00726530 0.01214450 0.01271850 0.01147210 0.00691506 0.01098070 0.26744100 0.17970700 0.02341930 0.05174130 0.02926940 0.00524907 0.02976510 0.03455380 0.00364827 0.01430070 0.23186400
167 0.20767505 0.00745799 0.01690130 0.01211230 0.01376010 0.01876230 0.00932895 0.40876109 0.01012460 0.00455177 0.01227120 0.01043590 0.00330521 0.00568154 0.00566069 0.19573104 0.04267651 0.00192190 0.00533511 0.00754542
168 0.05972478 0.01185560 0.01228380 0.01529040 0.01171620 0.01570329 0.01440030 0.01047750 0.01048050 0.21086193 0.14084395 0.02134139 0.04367989 0.02905049 0.01340990 0.03768389 0.05253438 0.00409452 0.01562939 0.26893791
169 0.08382906 0.05837867 0.04924648 0.07349416 0.01058239 0.19804290 0.09412495 0.04780738 0.02705919 0.03080848 0.02418319 0.09577295 0.01486339 0.01070309 0.01666229 0.05869467 0.04007228 0.01384109 0.01250279 0.03933058
170 0.05356720 0.12577500 0.01751990 0.00888349 0.00705983 0.01836930 0.02565290 0.01058570 0.01558540 0.07779940 0.32691500 0.04189220 0.09185950 0.02912870 0.02230700 0.02715790 0.01919650 0.00862857 0.01731920 0.05479730
171 0.06493765 0.29583076 0.03028298 0.02108988 0.01171199 0.04450776 0.07304334 0.01847289 0.03569387 0.02979258 0.04819346 0.13299589 0.02000368 0.01442589 0.02242228 0.04403106 0.03492087 0.01260099 0.02368248 0.02135968
172 0.02551661 0.00401446 0.00313585 0.00065960 0.01338710 0.00370346 0.00433215 0.00228393 0.00348853 0.31743108 0.19902405 0.00297900 0.05196251 0.02254001 0.00240585 0.01433030 0.02840891 0.00040751 0.00537702 0.29461207
173 0.04715571 0.02202950 0.07028311 0.30133905 0.00865594 0.05411661 0.16104803 0.08014051 0.03127701 0.01246700 0.02314390 0.05270571 0.00299594 0.00500226 0.01016330 0.03648711 0.03804501 0.00515152 0.00588927 0.03190351
174 0.04646191 0.05614191 0.04429311 0.12526603 0.01158540 0.06269771 0.40056009 0.02646771 0.01727970 0.01577110 0.02304511 0.03706911 0.00384163 0.01259310 0.01679290 0.03775781 0.02607171 0.00408561 0.00970503 0.02251331
175 0.04687442 0.02162621 0.07015233 0.29880211 0.00871947 0.05519552 0.16495506 0.07984883 0.03137581 0.01287660 0.02265091 0.05114312 0.00292272 0.00527440 0.01019650 0.03616261 0.03799621 0.00527858 0.00619346 0.03175511
176 0.04743725 0.02154372 0.06997937 0.29850228 0.00896508 0.05492715 0.16242015 0.08068398 0.03126273 0.01275871 0.02241732 0.05348195 0.00305119 0.00527419 0.01010451 0.03697914 0.03703344 0.00497138 0.00642364 0.03178283
177 0.05885291 0.01153790 0.01262280 0.01630160 0.01190840 0.01555660 0.01509650 0.01063630 0.01007190 0.21147505 0.13996403 0.02067871 0.04267821 0.02864971 0.01348010 0.03770301 0.05264091 0.00391895 0.01524830 0.27097807
178 0.25618597 0.01498550 0.00955633 0.00870142 0.14278098 0.01359090 0.01684240 0.02855060 0.02228060 0.07665359 0.07236259 0.00960990 0.01882000 0.01117470 0.03460270 0.07585119 0.03213200 0.00285597 0.00709269 0.14536998
179 0.02651641 0.01746391 0.02256511 0.09090474 0.00537644 0.13222306 0.56282526 0.01399411 0.00906405 0.00586316 0.00521559 0.01360921 0.00113142 0.00359879 0.01944491 0.02592271 0.01864441 0.00359836 0.00515912 0.01687921
