1 0.36561214 0.00380624 0.00731997 0.01539691 0.06347613 0.00983205 0.00704105 0.07230613 0.00466388 0.02348991 0.02232861 0.00699900 0.01365001 0.00607985 0.02433601 0.22423209 0.07411723 0.00080033 0.00545784 0.04905462
2 0.28154484 0.01532779 0.01490359 0.01852459 0.02643678 0.01254139 0.01974689 0.29519983 0.00761931 0.01063739 0.01543139 0.01370679 0.00660998 0.00615409 0.02479309 0.14606692 0.03734758 0.00201805 0.00951293 0.03587678
3 0.30516916 0.01180581 0.01949141 0.02125551 0.03842992 0.01774431 0.01841391 0.07780764 0.00763923 0.02296031 0.02464161 0.01480081 0.01354701 0.01096931 0.02990682 0.22995712 0.08175134 0.00183763 0.00766760 0.04420352
4 0.06581181 0.01536770 0.01306910 0.01018850 0.01401960 0.01110430 0.01460360 0.01906790 0.00816823 0.22714705 0.16003904 0.01609630 0.03184041 0.03962441 0.01022210 0.03428321 0.03912391 0.00345405 0.01534970 0.25141906
5 0.06322607 0.00932242 0.00474176 0.00311902 0.01199289 0.00780377 0.00604929 0.00884769 0.00560131 0.22005688 0.26574086 0.00611582 0.06796576 0.04295358 0.00445327 0.02389289 0.03331348 0.00351179 0.00931558 0.20197589
6 0.07729628 0.05254939 0.04484759 0.02361829 0.01662710 0.07713668 0.03838219 0.02321179 0.02048130 0.04959159 0.05462879 0.05571049 0.02794779 0.01938920 0.01840730 0.12655997 0.16332496 0.00376933 0.02062880 0.08589118
7 0.16546390 0.03191378 0.04314737 0.04029497 0.02622548 0.03572138 0.03804208 0.06754436 0.01663829 0.03141898 0.03797578 0.03516608 0.01882959 0.01805699 0.03403038 0.19564888 0.09986724 0.00470873 0.01603389 0.04327187
8 0.04767453 0.17466712 0.05161554 0.04281513 0.01281771 0.06316574 0.07289845 0.03973253 0.02901262 0.02383992 0.03943123 0.19948714 0.01794561 0.01132141 0.02322542 0.05357284 0.04651643 0.00487691 0.01397371 0.03141002
9 0.06634377 0.04056848 0.05211768 0.11580995 0.00656068 0.04554398 0.19292791 0.20719690 0.03270268 0.01617789 0.01715669 0.05287388 0.01530729 0.00718192 0.01705019 0.05340807 0.02874089 0.00276244 0.00864793 0.02092079
10 0.13224408 0.02671972 0.04686793 0.02643782 0.01952151 0.03896592 0.02286751 0.02984692 0.01083091 0.02796772 0.02717172 0.02078391 0.01822181 0.01577961 0.01543471 0.24985514 0.21697312 0.00210933 0.01089511 0.04050552
11 0.06729897 0.13534094 0.05252588 0.03779638 0.01245819 0.06098717 0.05178358 0.04231808 0.02352919 0.01876129 0.02968039 0.09079056 0.01417569 0.01441089 0.02427979 0.16767693 0.10825496 0.00647381 0.01378519 0.02767209
12 0.04508855 0.00906871 0.00432493 0.00172803 0.00924969 0.00634505 0.00464837 0.00759857 0.00548811 0.23157926 0.28331232 0.00554841 0.07030028 0.04677045 0.00380941 0.01413252 0.02545943 0.00389214 0.00879552 0.21286024
13 0.05140018 0.02951309 0.14291494 0.09128276 0.01827969 0.02815019 0.04792128 0.17167593 0.02533759 0.01510549 0.03371369 0.04577408 0.01103050 0.01227990 0.02848749 0.09870466 0.10737096 0.00343979 0.01071800 0.02689979
14 0.04358462 0.01045481 0.00366958 0.00178273 0.00829497 0.00699734 0.00430695 0.00811778 0.00584456 0.20589511 0.32459618 0.00567191 0.08694565 0.05130033 0.00373130 0.01409601 0.02410741 0.00472974 0.00956390 0.17630910
15 0.04487873 0.01539201 0.01284721 0.00999071 0.01927851 0.01966661 0.01394951 0.01458191 0.02413101 0.07955855 0.15203709 0.01563901 0.08546885 0.15659409 0.01084841 0.04572243 0.04527113 0.01441551 0.15475809 0.06497064
16 0.03548171 0.01547160 0.01251390 0.00640334 0.01501920 0.01267070 0.00768397 0.01058990 0.02744650 0.07574851 0.23318604 0.00960133 0.05664061 0.18589803 0.00658228 0.02186990 0.02425940 0.02061340 0.15636503 0.06595461
17 0.10770504 0.02359691 0.03817221 0.03856971 0.01311800 0.03840891 0.03903281 0.03591971 0.01620501 0.03101601 0.04017312 0.03857491 0.01355741 0.00931875 0.32867212 0.08726723 0.05147882 0.00655577 0.01170480 0.03095271
18 0.05925080 0.02756840 0.01435280 0.01543210 0.01406470 0.02426540 0.02287950 0.02264200 0.01271130 0.12275100 0.25195899 0.02789610 0.10032300 0.05544130 0.01318140 0.04549860 0.04313420 0.00627402 0.02432660 0.09604780
19 0.21173808 0.02740081 0.03825781 0.11074704 0.02017891 0.02426291 0.05307902 0.04869682 0.01398461 0.02903631 0.04003431 0.03342091 0.01533611 0.06775253 0.02421341 0.11539104 0.06199132 0.00494423 0.01681141 0.04272242
20 0.06370347 0.05992697 0.05440507 0.14444793 0.00728459 0.06134747 0.21328390 0.05114477 0.02136849 0.02572449 0.02837079 0.07571986 0.01488639 0.00973535 0.02649489 0.05869597 0.04052728 0.00314765 0.01260159 0.02718309
21 0.06932927 0.02907979 0.09890435 0.18323091 0.01172959 0.03303208 0.11994594 0.04752558 0.01948139 0.01976649 0.02717859 0.04868468 0.01413179 0.00974277 0.02515579 0.09326255 0.10802295 0.00323992 0.01100849 0.02754709
22 0.06470658 0.03363069 0.08523208 0.21187394 0.01005470 0.04305459 0.16720695 0.05473468 0.02248389 0.01984859 0.02237469 0.05638178 0.01170230 0.00950789 0.02853089 0.07212938 0.04698759 0.00303420 0.01321170 0.02331289
23 0.03856313 0.22816618 0.08432697 0.03851323 0.01318571 0.06280015 0.05104604 0.03297113 0.03918763 0.01858851 0.03209353 0.18078714 0.01253631 0.00857850 0.01237081 0.05317614 0.04860784 0.00291961 0.01513801 0.02644342
24 0.02690030 0.02260100 0.03569500 0.01211160 0.01665930 0.03186030 0.00803431 0.01103580 0.09763799 0.01979500 0.06507669 0.01536280 0.01202910 0.20263998 0.00795548 0.02786350 0.01727710 0.02394950 0.31231597 0.03319930
25 0.28230102 0.01549400 0.01505810 0.01890250 0.02639820 0.01239930 0.01992150 0.29533602 0.00749267 0.01033690 0.01511890 0.01350360 0.00648180 0.00607366 0.02385610 0.14651101 0.03723080 0.00218232 0.00964359 0.03575800
26 0.06836514 0.07591345 0.05110303 0.03775462 0.01363781 0.04288833 0.04751223 0.05435403 0.02182221 0.02496761 0.04178733 0.14974309 0.01704031 0.06764824 0.02553832 0.12327407 0.05825103 0.01242231 0.02945302 0.03652382
27 0.04946832 0.15065505 0.04353671 0.08873123 0.00745141 0.06732342 0.15719305 0.03263891 0.02178791 0.01688531 0.02522111 0.16975706 0.01578751 0.00641921 0.02096791 0.05465632 0.03742281 0.00267580 0.00868965 0.02273131
28 0.24269993 0.02201129 0.02162329 0.02863049 0.03172919 0.02338229 0.03183519 0.08558298 0.01158840 0.04893079 0.05664988 0.02543019 0.01986699 0.01935119 0.03578519 0.14660296 0.06551388 0.00304339 0.01458250 0.06515998
29 0.04940014 0.01934642 0.01128501 0.00758231 0.01084501 0.01601961 0.01214561 0.01519401 0.01211461 0.15172214 0.30348327 0.01680771 0.08039177 0.06765356 0.01091731 0.02471682 0.02991963 0.00731392 0.02427902 0.12886211
30 0.04194483 0.01049611 0.00765320 0.00403286 0.01171611 0.00720624 0.00710241 0.00820935 0.01276671 0.18224715 0.22461218 0.00756516 0.05299854 0.12298810 0.00411803 0.01717111 0.02662042 0.01127311 0.06731825 0.17196014
31 0.08245362 0.02391721 0.05029801 0.12641303 0.00880649 0.03861621 0.09549812 0.03299191 0.01401510 0.02284780 0.02324630 0.04971361 0.00908625 0.00775613 0.25670405 0.07512952 0.04581941 0.00528801 0.00998801 0.02141120
32 0.21049313 0.01889741 0.03768962 0.03171502 0.02599572 0.01815691 0.02256411 0.24027415 0.01144091 0.01195851 0.01762781 0.02325641 0.00887161 0.01014281 0.02413512 0.18822412 0.05007443 0.00415006 0.01113221 0.03319992
33 0.07539082 0.00883671 0.00628964 0.00439455 0.01365650 0.00769469 0.00743618 0.01129330 0.00587206 0.21795804 0.23322605 0.00692576 0.05469831 0.04090531 0.00557729 0.02864921 0.03633731 0.00296319 0.00972203 0.22217304
34 0.04668403 0.01188171 0.01200231 0.00497364 0.01179321 0.00971694 0.00985353 0.01069181 0.01756561 0.26001817 0.18411412 0.01288871 0.03911773 0.03859463 0.00723332 0.01965071 0.03075982 0.00348573 0.01388411 0.25509017
35 0.16445904 0.03297031 0.04298691 0.03912141 0.02612261 0.03572341 0.03698101 0.06695772 0.01675410 0.03154051 0.03701201 0.03537551 0.01891130 0.01772270 0.03531681 0.19638205 0.10095303 0.00474034 0.01649550 0.04347371
36 0.05038455 0.12900187 0.10802489 0.06098844 0.01320689 0.05758254 0.04940575 0.04525966 0.03600776 0.01484859 0.02811057 0.09443811 0.01132279 0.01248569 0.01663228 0.13724887 0.09275121 0.00410758 0.01467419 0.02351778
37 0.31023797 0.00998419 0.01941290 0.01951440 0.03854610 0.01674800 0.01554320 0.07360639 0.00722434 0.02101790 0.02279870 0.01312380 0.01301470 0.01117960 0.02819040 0.24479598 0.08355959 0.00170423 0.00725724 0.04254040
38 0.06427364 0.03384572 0.08532195 0.21226012 0.01018321 0.04280792 0.16664810 0.05449933 0.02258601 0.02040191 0.02285731 0.05604693 0.01183711 0.00959553 0.02821592 0.07140054 0.04660103 0.00337290 0.01334531 0.02389951
39 0.28217075 0.01528479 0.01498119 0.01894418 0.02645908 0.01241399 0.01953028 0.29525274 0.00747330 0.01069479 0.01531709 0.01365069 0.00644286 0.00615669 0.02437998 0.14620287 0.03725157 0.00196974 0.00958845 0.03583497
40 0.16416000 0.03200140 0.04338430 0.03993320 0.02613780 0.03560040 0.03798060 0.06788950 0.01689840 0.03196940 0.03792120 0.03526950 0.01929320 0.01824310 0.03427480 0.19445000 0.09947060 0.00466468 0.01638800 0.04406990
41 0.35005929 0.00772630 0.01307751 0.01718701 0.04350434 0.01294191 0.01244181 0.08535967 0.00596846 0.01966852 0.02137912 0.01036531 0.01133041 0.00881933 0.02860052 0.22880619 0.07089036 0.00126097 0.00633635 0.04427664
42 0.32559899 0.01006840 0.01599840 0.02012710 0.04123530 0.01554330 0.01617870 0.08439100 0.00696100 0.02219270 0.02350960 0.01267640 0.01288730 0.01005540 0.03046470 0.22273100 0.07536860 0.00169017 0.00744585 0.04487610
43 0.23044903 0.01033780 0.01063060 0.01723050 0.06863551 0.01933940 0.01406090 0.03154720 0.00899923 0.07524201 0.08067971 0.01380610 0.05691741 0.01981020 0.01398670 0.15022802 0.08575681 0.00259374 0.01822810 0.07152101
44 0.10043803 0.02044011 0.02586011 0.01843211 0.02019961 0.02000591 0.02281051 0.02647231 0.00936192 0.13135104 0.09698783 0.02435331 0.02964241 0.02799911 0.01243070 0.09678543 0.12942104 0.00346254 0.01974091 0.16380506
45 0.04711956 0.00438582 0.00658051 0.00206717 0.01093049 0.00339371 0.00499239 0.00556507 0.00379575 0.30860474 0.16116886 0.00429695 0.02065228 0.03454077 0.00396952 0.01214689 0.02763888 0.00136047 0.00441448 0.33237572
46 0.06434282 0.03331771 0.08489003 0.21232807 0.01009210 0.04276891 0.16628706 0.05407442 0.02294971 0.02037611 0.02296241 0.05573492 0.01203140 0.00972103 0.02839181 0.07160892 0.04761992 0.00311363 0.01370440 0.02368461
47 0.02771630 0.33547103 0.03969980 0.00653543 0.01042880 0.06332751 0.05566881 0.01147790 0.02205140 0.01265770 0.02712430 0.27102503 0.01756510 0.00388218 0.00424058 0.03170600 0.02797710 0.00106995 0.00676436 0.02361070
48 0.07540292 0.03731771 0.12767503 0.07340562 0.01713290 0.04386931 0.04563671 0.06034262 0.02867091 0.01490340 0.02654931 0.04393141 0.01251490 0.01589080 0.02229971 0.19687405 0.11438203 0.00362955 0.01291940 0.02665171
49 0.05770109 0.07583608 0.03581229 0.01939620 0.05168029 0.04819769 0.03099879 0.02960349 0.02621869 0.05527499 0.16772897 0.11725798 0.03771229 0.03353329 0.02569489 0.04722029 0.04807069 0.01082850 0.02581699 0.05541649
50 0.05464767 0.11141693 0.05659357 0.02877728 0.01463739 0.05261997 0.04858337 0.02590678 0.02838058 0.02183769 0.03911088 0.20559587 0.01421529 0.00987531 0.01952389 0.06578626 0.14567491 0.00532759 0.01649529 0.03499348
51 0.16282593 0.03198979 0.04329838 0.03985608 0.02592669 0.03601748 0.03791438 0.06745897 0.01679279 0.03230159 0.03715538 0.03487078 0.01903499 0.01791539 0.03420418 0.19557091 0.10115095 0.00499006 0.01686449 0.04386078
52 0.02772809 0.33525589 0.04003069 0.00664051 0.01041060 0.06324848 0.05514088 0.01190560 0.02202619 0.01261490 0.02714019 0.27100991 0.01737739 0.00391495 0.00426697 0.03148589 0.02815359 0.00113479 0.00679140 0.02372309
53 0.05538051 0.01330950 0.01068070 0.00892399 0.01328430 0.01136030 0.01390710 0.01138610 0.00751370 0.24238106 0.19021005 0.01323980 0.04373121 0.03999281 0.00994016 0.02723481 0.03641731 0.00392330 0.01340820 0.23377506
54 0.11638505 0.02727001 0.03190881 0.02466801 0.02278021 0.03306651 0.02671731 0.03424881 0.01882571 0.07096533 0.14557606 0.03191451 0.04321022 0.03839962 0.02211911 0.13493106 0.07778583 0.00633797 0.02236511 0.07052473
55 0.03654200 0.28128897 0.03291120 0.02676720 0.00821932 0.07074789 0.10171099 0.01741140 0.02047930 0.01338340 0.02636330 0.23246298 0.01765460 0.00436940 0.00968109 0.04290970 0.02862930 0.00121723 0.00611895 0.02113180
56 0.06442431 0.03868590 0.11043801 0.15064301 0.00680924 0.04453720 0.17024902 0.04873360 0.02165610 0.01479360 0.02394290 0.06048771 0.01323590 0.00771370 0.01727490 0.10499201 0.06819041 0.00192780 0.00797547 0.02328920
57 0.09607837 0.02254009 0.03588159 0.02720849 0.01547519 0.02541829 0.02965509 0.02950399 0.01253710 0.09920016 0.04562198 0.03495829 0.02140149 0.01282740 0.23403492 0.07228647 0.10121996 0.00742496 0.01498899 0.06173718
58 0.22158787 0.03055138 0.03655068 0.09685944 0.02463449 0.02321699 0.06594146 0.17248290 0.01467379 0.01580669 0.01852249 0.02677608 0.00906963 0.01107449 0.02436079 0.12037593 0.04407097 0.00274366 0.01005229 0.03064798
59 0.05543070 0.01285510 0.01319130 0.00937448 0.02391320 0.01584430 0.01536640 0.01671910 0.02528350 0.11352600 0.06844400 0.01595900 0.04431820 0.12215100 0.00886472 0.07142740 0.10349800 0.01348970 0.18183600 0.06850790
60 0.06444444 0.00582494 0.00763430 0.00385453 0.02337081 0.00616244 0.00709470 0.00868521 0.00463082 0.27891217 0.14825809 0.00588979 0.02420681 0.03376322 0.00509251 0.02771622 0.03856262 0.00177247 0.00884571 0.29527818
61 0.04902268 0.01927649 0.01152099 0.00764006 0.01082819 0.01578299 0.01196309 0.01536129 0.01188039 0.15247293 0.30267686 0.01648259 0.08022706 0.06761467 0.01073059 0.02532199 0.02983369 0.00746211 0.02466939 0.12923194
62 0.04175555 0.01177411 0.00201271 0.00117490 0.00720417 0.00790177 0.00325436 0.00900867 0.00588386 0.17414619 0.37812641 0.00567729 0.11463412 0.05280076 0.00335907 0.01526522 0.02343903 0.00560294 0.00971074 0.12726814
63 0.04730502 0.00468036 0.00671249 0.00231801 0.01091081 0.00368287 0.00516918 0.00580148 0.00389283 0.30482116 0.16591908 0.00445303 0.02310541 0.03481722 0.00408390 0.01298751 0.02825221 0.00149155 0.00484869 0.32474717
64 0.06786113 0.02905451 0.06988503 0.23648909 0.00252825 0.04597792 0.26353010 0.03825611 0.01404021 0.01761931 0.01339610 0.05564872 0.00881092 0.00518758 0.02313351 0.04896582 0.03140481 0.00092503 0.00915055 0.01813531
65 0.17102002 0.01521410 0.03704011 0.03183130 0.07417821 0.01893060 0.01605610 0.12635502 0.01472240 0.03116570 0.03911401 0.02823660 0.01577250 0.01044990 0.02303650 0.12760402 0.13938102 0.00392676 0.02070080 0.05526431
66 0.12038295 0.04440528 0.03404539 0.03094479 0.02215679 0.10630296 0.05267858 0.03759129 0.05437698 0.02953299 0.05289818 0.04563698 0.02013499 0.05066458 0.02648609 0.06425047 0.04468868 0.00780479 0.11191896 0.04309828
67 0.15661312 0.06037385 0.04222473 0.04688544 0.02148672 0.04913724 0.06422915 0.05051384 0.01921581 0.02067642 0.03321953 0.10240708 0.01417061 0.01334591 0.03548913 0.15088711 0.06862685 0.00461634 0.01114201 0.03473913
68 0.05718407 0.02405929 0.07999496 0.26118687 0.00326996 0.04023198 0.25491787 0.03357488 0.01261029 0.03247578 0.01292529 0.04915447 0.00771183 0.00658952 0.02072829 0.04031838 0.03089208 0.00163236 0.00986503 0.02067679
69 0.05545997 0.01366819 0.01084379 0.00882376 0.01324479 0.01125839 0.01412759 0.01145909 0.00745173 0.24200286 0.18959889 0.01352019 0.04375937 0.03992818 0.01013589 0.02766668 0.03664308 0.00399298 0.01378069 0.23263387
70 0.06521230 0.02948400 0.09486380 0.17165099 0.00710659 0.03558070 0.17683399 0.03471500 0.01715220 0.01817950 0.05181650 0.05230350 0.01552610 0.00839790 0.01751690 0.06928880 0.09411120 0.00261414 0.00998291 0.02766300
71 0.04248555 0.01359002 0.00407634 0.00262324 0.00822208 0.01209562 0.00560317 0.01055121 0.00773199 0.15493620 0.36648347 0.00929260 0.11537115 0.06298748 0.00668329 0.01812082 0.02492063 0.00632189 0.01419312 0.11371014
72 0.04481946 0.00272995 0.00645558 0.00142005 0.01043129 0.00229165 0.00419962 0.00436953 0.00321126 0.32735767 0.14575485 0.00302658 0.01221369 0.03279107 0.00332373 0.00893362 0.02565387 0.00073758 0.00272333 0.35755564
73 0.15406596 0.04123849 0.04396909 0.09773557 0.01475040 0.04802529 0.15804895 0.05852548 0.01788419 0.02536069 0.03162309 0.05338578 0.01332010 0.01164020 0.03733319 0.08933647 0.05373718 0.00316079 0.01098860 0.03587049
74 0.10405509 0.03881283 0.04810684 0.03659653 0.01898532 0.03657603 0.03800223 0.03619943 0.01599751 0.05478225 0.06024275 0.04270194 0.02490922 0.02424542 0.02553572 0.14092512 0.16592614 0.00405856 0.01976442 0.06357665
75 0.05743337 0.05949327 0.04411228 0.09769305 0.01039849 0.06168497 0.17660691 0.05375787 0.02452089 0.03331398 0.05476807 0.07586366 0.05281037 0.01663449 0.01960409 0.06111267 0.04759438 0.00348429 0.01383929 0.03527358
76 0.08004868 0.08874708 0.04613139 0.11214998 0.00723796 0.06579249 0.18310197 0.03638519 0.02076060 0.01874030 0.02511070 0.12241698 0.01310560 0.00781858 0.02842709 0.06499019 0.04266349 0.00268907 0.00935998 0.02432270
77 0.24382983 0.02227498 0.02161218 0.02971498 0.03188648 0.02331228 0.03240928 0.08572344 0.01131519 0.04794977 0.05678496 0.02569258 0.02004429 0.01959039 0.03484018 0.14613090 0.06471275 0.00328921 0.01456839 0.06431795
78 0.05592950 0.01311020 0.01100770 0.00868658 0.01326160 0.01139750 0.01384990 0.01133660 0.00734071 0.24195400 0.19117300 0.01312740 0.04410120 0.03970870 0.01015800 0.02791460 0.03690510 0.00396200 0.01306970 0.23200600
79 0.04875838 0.01893889 0.01161990 0.00755553 0.01080900 0.01564949 0.01198630 0.01520479 0.01209510 0.15198694 0.30367889 0.01653649 0.08034467 0.06807427 0.01077260 0.02512679 0.02995889 0.00752814 0.02430099 0.12907395
80 0.20052285 0.02006668 0.03906987 0.03378547 0.02450458 0.01811689 0.02463278 0.26323580 0.01206879 0.01189029 0.01813249 0.02501498 0.00886174 0.01002529 0.02331868 0.17232787 0.04691266 0.00434631 0.01098409 0.03218188
81 0.08325576 0.02098901 0.01945321 0.01300871 0.05127774 0.02326322 0.01735621 0.02393462 0.01636241 0.11353908 0.20262114 0.02354262 0.05061164 0.06894995 0.01288061 0.05439254 0.04689523 0.01032881 0.03938943 0.10794808
82 0.07353871 0.01222450 0.00765642 0.00637725 0.01706580 0.01330190 0.00997471 0.01239610 0.00796761 0.18499101 0.24306802 0.01040260 0.07479681 0.04155410 0.00805237 0.05485550 0.04982740 0.00497766 0.01639250 0.15057901
83 0.10337201 0.02974930 0.04857761 0.02315790 0.01413380 0.04439931 0.02140800 0.02205730 0.00992127 0.02567940 0.02440300 0.01862050 0.01728880 0.01652280 0.01097640 0.25417403 0.26550203 0.00183941 0.01031120 0.03790590
84 0.24234808 0.02220871 0.02175931 0.02908331 0.03157061 0.02352871 0.03238261 0.08466783 0.01143530 0.04893692 0.05661822 0.02542601 0.02001481 0.01958261 0.03604671 0.14620905 0.06488262 0.00311969 0.01499040 0.06518852
85 0.04355448 0.00789079 0.00353566 0.00106595 0.00828712 0.00472090 0.00338997 0.00666034 0.00464825 0.23958387 0.28651684 0.00398246 0.06932196 0.04410298 0.00274019 0.01120129 0.02348949 0.00337926 0.00608136 0.22584688
86 0.14778589 0.02014188 0.02640078 0.02697498 0.01835699 0.02903138 0.03306467 0.02783958 0.00948935 0.09156603 0.04543717 0.02719658 0.01635149 0.01177039 0.24271881 0.09117703 0.05296596 0.00588173 0.00923097 0.06661835
87 0.04242489 0.21272197 0.04602699 0.03761840 0.00949870 0.04089549 0.06642169 0.16474598 0.01964350 0.01536000 0.02508560 0.16605598 0.01533520 0.01225400 0.01209880 0.04911089 0.02696000 0.00557333 0.01031380 0.02185480
88 0.23184695 0.01590790 0.02535449 0.02678079 0.02417849 0.02649389 0.03066569 0.06052229 0.00809897 0.02356340 0.02125480 0.02182860 0.00864820 0.00689191 0.23757295 0.13087097 0.05236549 0.00415154 0.00758789 0.03541479
89 0.10434507 0.03782573 0.04724333 0.03620722 0.01884651 0.03593272 0.03803473 0.03637613 0.01577071 0.05636154 0.06096084 0.04310353 0.02544332 0.02398562 0.02588372 0.14000410 0.16576511 0.00395891 0.01934351 0.06460764
90 0.04936663 0.01897341 0.01124541 0.00736925 0.01088661 0.01559081 0.01171961 0.01583351 0.01198811 0.15254409 0.30423819 0.01647831 0.08061065 0.06733314 0.01051371 0.02497762 0.02981242 0.00748193 0.02395251 0.12908408
91 0.03742003 0.29165722 0.03183292 0.02419652 0.00848738 0.06915025 0.10403308 0.02300792 0.01996151 0.01450931 0.02709172 0.21627616 0.01759611 0.00515585 0.00931362 0.04279753 0.02742472 0.00158201 0.00692653 0.02157962
92 0.24460512 0.02240831 0.02136101 0.02917011 0.03191822 0.02334361 0.03230702 0.08542944 0.01152841 0.04813652 0.05574413 0.02530081 0.01971361 0.01889301 0.03659332 0.14655407 0.06487083 0.00306039 0.01423361 0.06482843
93 0.06612642 0.01571080 0.01343900 0.00996206 0.01406640 0.01122460 0.01499080 0.01930481 0.00817898 0.22619306 0.15888804 0.01680190 0.03175071 0.03953821 0.01041130 0.03429731 0.03960391 0.00334759 0.01552100 0.25064307
94 0.04697787 0.16958889 0.04198927 0.07620795 0.00774751 0.06729745 0.14554890 0.02980028 0.02206889 0.01647249 0.02588878 0.18644588 0.01627479 0.00618002 0.01866769 0.05227806 0.03693938 0.00242306 0.00849326 0.02270958
95 0.02989200 0.01067800 0.00974093 0.00377071 0.01461970 0.00688530 0.00631867 0.00784097 0.01961050 0.06245600 0.25423299 0.00553375 0.05693140 0.25330599 0.00286870 0.01720310 0.02129940 0.02268890 0.13802700 0.05609600
96 0.12456298 0.02529620 0.05288629 0.04668279 0.02587500 0.02299380 0.03643539 0.17326697 0.01698710 0.02747090 0.03954449 0.03703579 0.01521830 0.01455980 0.03224220 0.11424398 0.12672898 0.00495975 0.01600900 0.04700029
97 0.30529976 0.01184829 0.01917728 0.02085638 0.03851267 0.01783439 0.01780569 0.07702274 0.00767259 0.02318148 0.02504928 0.01468239 0.01373729 0.01115339 0.03025738 0.23037982 0.08164583 0.00182928 0.00784631 0.04420776
98 0.06366267 0.03857088 0.08781726 0.19218791 0.01263579 0.03939268 0.12490094 0.13949194 0.03046239 0.01463629 0.01919259 0.04785068 0.01098770 0.00819615 0.01846309 0.07608097 0.04058058 0.00366430 0.01213399 0.01909119
99 0.04921768 0.02813159 0.14108894 0.23633791 0.01021290 0.03450609 0.14923994 0.05469568 0.02506049 0.01643179 0.01961859 0.04827468 0.00864397 0.00654747 0.01825539 0.07104597 0.05211278 0.00162639 0.00998557 0.01896619
100 0.04964827 0.01890749 0.01160599 0.00766318 0.01095639 0.01593649 0.01212579 0.01510039 0.01209669 0.15217292 0.30353684 0.01647529 0.08059616 0.06744826 0.01094449 0.02480719 0.02950078 0.00739424 0.02429619 0.12878693
101 0.16544505 0.03285961 0.04257551 0.03904271 0.02616701 0.03603851 0.03776641 0.06742502 0.01671960 0.03169041 0.03826711 0.03558491 0.01952771 0.01827661 0.03400461 0.19463305 0.09954673 0.00445182 0.01620170 0.04377591
102 0.21583802 0.01177170 0.01552820 0.01649860 0.03532980 0.01396360 0.01835420 0.03712090 0.00669052 0.09069081 0.06708621 0.01573300 0.02604320 0.01911650 0.01586700 0.13520301 0.11610301 0.00190820 0.01509150 0.12606201
103 0.06651949 0.03591199 0.04376689 0.02480590 0.01207350 0.01380740 0.02655149 0.31254594 0.01709390 0.02800519 0.06833169 0.03951229 0.01977650 0.08138678 0.01095150 0.07036909 0.03432029 0.01560730 0.04165689 0.03700599
104 0.04061018 0.01567669 0.01565379 0.00915771 0.01415289 0.01263420 0.01121970 0.01606229 0.02774499 0.07174167 0.16592994 0.01293400 0.04104788 0.21481992 0.00699117 0.03060249 0.02881559 0.02416369 0.16484194 0.07519927
105 0.19772770 0.01207108 0.01563968 0.01549948 0.03256115 0.01368668 0.01815787 0.03399485 0.00692582 0.10478984 0.07464349 0.01581148 0.02642846 0.02081357 0.01523308 0.12484081 0.11341483 0.00199877 0.01546958 0.14029179
106 0.04759077 0.00470263 0.00662367 0.00233640 0.01089059 0.00386503 0.00533604 0.00582006 0.00393901 0.30466784 0.16593091 0.00455165 0.02317149 0.03450298 0.00406966 0.01289739 0.02826069 0.00148202 0.00482336 0.32453783
107 0.10737097 0.05900308 0.03526359 0.02969609 0.02425239 0.04226979 0.04310179 0.03357989 0.02521469 0.03337299 0.04218389 0.12619797 0.01710090 0.02285269 0.02189619 0.07418358 0.13130997 0.00726996 0.06744478 0.05643479
108 0.04328408 0.00725427 0.00407616 0.00111476 0.00933991 0.00407884 0.00376155 0.00593775 0.00477123 0.24440589 0.26507488 0.00373213 0.05865967 0.05617137 0.00242984 0.01067820 0.02373849 0.00357497 0.00964115 0.23827489
109 0.05054020 0.03691220 0.03266830 0.02923260 0.01583260 0.05375980 0.04363230 0.03868960 0.06005770 0.06799770 0.15562901 0.04627590 0.08346780 0.05010170 0.02789210 0.05480060 0.04047010 0.00722205 0.04545490 0.05936280
110 0.02767420 0.33579394 0.03961759 0.00652377 0.01042830 0.06325799 0.05542979 0.01163930 0.02203810 0.01253920 0.02716900 0.27159695 0.01756900 0.00380618 0.00414396 0.03140669 0.02799130 0.00105441 0.00674955 0.02357080
111 0.06317967 0.05841617 0.05517328 0.14429794 0.00766364 0.06090077 0.21239891 0.05180098 0.02155139 0.02591929 0.02870699 0.07463427 0.01466739 0.00989446 0.02638909 0.05891107 0.04163888 0.00316554 0.01267529 0.02801499
112 0.14103109 0.01875041 0.03752542 0.01876461 0.01285451 0.01030531 0.01996461 0.48681831 0.00867281 0.00553888 0.01608401 0.02837162 0.00621574 0.00857379 0.01155831 0.10958107 0.02386752 0.00310252 0.00856576 0.02385372
113 0.02386540 0.00941354 0.01401600 0.00357847 0.01495300 0.01095770 0.00449223 0.00605695 0.04685970 0.02531640 0.09748669 0.00624659 0.02100720 0.29417897 0.00329872 0.01908930 0.01681840 0.03063390 0.31304697 0.03868390
114 0.22419809 0.01893991 0.01859011 0.01681641 0.01730441 0.01081740 0.02169991 0.41831517 0.00819425 0.00770065 0.01417551 0.01656441 0.00550764 0.00604258 0.01741881 0.11016305 0.02599591 0.00235279 0.00965648 0.02954651
115 0.16391305 0.03191051 0.04366791 0.03980581 0.02616341 0.03565801 0.03741131 0.06661642 0.01678830 0.03178071 0.03766531 0.03548811 0.01919531 0.01843981 0.03379631 0.19578906 0.10108603 0.00449511 0.01668430 0.04364521
116 0.03850957 0.02081918 0.02302808 0.01477979 0.01777629 0.02250448 0.01619359 0.01864679 0.05261266 0.03383007 0.08442683 0.01870229 0.02168408 0.20678283 0.01014539 0.03544747 0.02853548 0.02576918 0.26563079 0.04417516
117 0.04384641 0.24667607 0.04440331 0.02686541 0.01166540 0.06277262 0.06208032 0.03553631 0.02850071 0.02398911 0.04340771 0.18474705 0.01873831 0.01271420 0.01462340 0.05010111 0.04007981 0.00404123 0.01491960 0.03029191
118 0.02492959 0.01000519 0.01322259 0.00380962 0.01564219 0.00920473 0.00460504 0.00606303 0.04040308 0.03051418 0.13415092 0.00552425 0.02682778 0.29041983 0.00294372 0.01820739 0.01714209 0.03008808 0.27703983 0.03925688
119 0.04955380 0.01924070 0.01172060 0.00766140 0.01100450 0.01610940 0.01212390 0.01620480 0.01214120 0.15103798 0.30281597 0.01679690 0.07988459 0.06777329 0.01071740 0.02541320 0.03016870 0.00753600 0.02409170 0.12800399
120 0.09444018 0.01428971 0.00887331 0.01016011 0.01778071 0.01205971 0.01141391 0.03618823 0.00825935 0.16466714 0.24834121 0.01166371 0.07127986 0.03721113 0.00920193 0.04369834 0.04596014 0.00521401 0.01215421 0.13714311
121 0.04426759 0.00823310 0.00410333 0.00144152 0.00857760 0.00529873 0.00385516 0.00711585 0.00504970 0.23413496 0.28551795 0.00461788 0.06853239 0.04532629 0.00341845 0.01185820 0.02397350 0.00339578 0.00683209 0.22444996
122 0.04581232 0.15527206 0.05576832 0.02350941 0.01335431 0.08288153 0.03672252 0.01977091 0.08758994 0.02853201 0.10336604 0.12093205 0.01973931 0.02477671 0.02235701 0.04343982 0.03832072 0.00537379 0.03947982 0.03300141
123 0.05793276 0.05200765 0.03039013 0.03140003 0.01532862 0.10838811 0.05535876 0.02795353 0.02786123 0.06204556 0.12693613 0.06530327 0.09518740 0.02441172 0.02923603 0.06388486 0.05073095 0.00449489 0.01986072 0.05128765
124 0.08011755 0.03945793 0.06591434 0.09805607 0.00812729 0.04552913 0.16228411 0.03068792 0.01840671 0.02071751 0.02797942 0.05914654 0.01677571 0.00916347 0.01867171 0.12701809 0.12652309 0.00281868 0.01032531 0.03227942
125 0.05135651 0.02314280 0.08473671 0.03382600 0.01108520 0.01281130 0.03357880 0.51326007 0.01637850 0.00543517 0.02338300 0.04474091 0.00908242 0.01112580 0.00793455 0.06723901 0.02521810 0.00259321 0.00602422 0.01704770
126 0.13379796 0.02041819 0.05027768 0.03620289 0.02085909 0.02220749 0.02719429 0.10301197 0.01453410 0.02260759 0.02867279 0.03369199 0.01032670 0.00896538 0.22209093 0.08729427 0.10778797 0.00591283 0.01183530 0.03231059
127 0.05629590 0.01343890 0.01088970 0.00905102 0.01337750 0.01142960 0.01433090 0.01126370 0.00744358 0.24162400 0.18952500 0.01329990 0.04363650 0.03971700 0.00997824 0.02768520 0.03665350 0.00391844 0.01325240 0.23318900
128 0.06613312 0.01443631 0.01327340 0.01058440 0.01395831 0.01137330 0.01511921 0.01836061 0.00821183 0.22763408 0.15913806 0.01583841 0.03161371 0.03930831 0.01080070 0.03421871 0.03908071 0.00344170 0.01496601 0.25250909
129 0.06440997 0.08743005 0.05011537 0.05138077 0.01530099 0.11845894 0.08733935 0.03352798 0.04666098 0.03083658 0.05576157 0.09095615 0.02260919 0.01583319 0.03547868 0.07884356 0.05462767 0.00426873 0.02376419 0.03239608
130 0.05406561 0.05197151 0.11965103 0.06759422 0.01701450 0.09698753 0.05229261 0.04039031 0.04917771 0.01332130 0.03070961 0.05198021 0.01497430 0.01073490 0.02241421 0.16322804 0.10293403 0.00268303 0.01421900 0.02365631
131 0.06483990 0.03371650 0.08456349 0.21184099 0.01023050 0.04264430 0.16505999 0.05436460 0.02293340 0.02059190 0.02303420 0.05603440 0.01198860 0.00998274 0.02811940 0.07208159 0.04712860 0.00309183 0.01378660 0.02396650
132 0.07030530 0.06005680 0.03561510 0.02664870 0.01842120 0.08256861 0.05060630 0.02619900 0.02813380 0.08051941 0.09257361 0.06534480 0.03413180 0.02647150 0.02973410 0.06876670 0.05616520 0.00508603 0.02586200 0.11679001
133 0.04338503 0.24780116 0.04419973 0.02676062 0.01167111 0.06277794 0.06248944 0.03389852 0.02768652 0.02388182 0.04392673 0.18626012 0.01878371 0.01258131 0.01401571 0.05014793 0.04051493 0.00386406 0.01473491 0.03061872
134 0.04914679 0.01941520 0.01151460 0.00764880 0.01088910 0.01596250 0.01203820 0.01547130 0.01221810 0.15207797 0.30215894 0.01684910 0.08006998 0.06709729 0.01120930 0.02499360 0.02983719 0.00770719 0.02415490 0.12953998
135 0.11658697 0.02714639 0.04160199 0.03036709 0.01267870 0.01580480 0.03704849 0.44660689 0.01474930 0.01218980 0.02625759 0.03437449 0.01001170 0.01111740 0.01516140 0.07884038 0.02774709 0.00420384 0.01031460 0.02719109
136 0.11741900 0.02922080 0.04838120 0.02675180 0.01734140 0.04141520 0.02390040 0.02726460 0.01114340 0.02863280 0.02717050 0.02153850 0.01849930 0.01605520 0.01442310 0.24194400 0.23468700 0.00213608 0.01147420 0.04060150
137 0.06460915 0.03401183 0.08505396 0.21250416 0.01003321 0.04295603 0.16675613 0.05434284 0.02258572 0.02020112 0.02218732 0.05632964 0.01190001 0.00971596 0.02858172 0.07126905 0.04667384 0.00320989 0.01369471 0.02338372
138 0.04377850 0.08222600 0.04120470 0.03531260 0.02145980 0.04699440 0.04247810 0.03001870 0.04532230 0.02574490 0.05024560 0.12387400 0.01696230 0.07793470 0.02310560 0.05003330 0.04738060 0.01866630 0.13977500 0.03748260
139 0.16471422 0.03244064 0.04291886 0.03913915 0.02594883 0.03577855 0.03751955 0.06519999 0.01668092 0.03218194 0.03738215 0.03528565 0.01905102 0.01817482 0.03539675 0.19523226 0.10043813 0.00472260 0.01662702 0.04516696
140 0.03327612 0.28727421 0.04328863 0.00975638 0.01157081 0.07062275 0.05229404 0.01181561 0.02851382 0.01514411 0.04246673 0.25634618 0.01623421 0.00484835 0.00827503 0.03534833 0.03787723 0.00176943 0.00878392 0.02449412
141 0.05426171 0.03184511 0.03323211 0.09226532 0.01466960 0.08119192 0.21439904 0.02760111 0.02003570 0.08082332 0.03934091 0.04222851 0.01828250 0.02488970 0.02472700 0.04620691 0.04652191 0.00673251 0.05861271 0.04213241
142 0.05441251 0.01450930 0.01166390 0.00626931 0.01500260 0.02741810 0.01649800 0.01175160 0.00818197 0.23531303 0.16884802 0.01699130 0.04313961 0.03238530 0.01058970 0.02899000 0.03698060 0.00353819 0.01159690 0.24592003
143 0.05106420 0.04424350 0.07761490 0.17784299 0.00945251 0.04430600 0.13667400 0.12003500 0.02664600 0.01498540 0.02018800 0.08807150 0.01282620 0.00863376 0.02175770 0.07083830 0.03806630 0.00503676 0.01193510 0.01978190
144 0.16359487 0.03222647 0.04301566 0.03952187 0.02591608 0.03607057 0.03799107 0.06668365 0.01696029 0.03165107 0.03788897 0.03517047 0.01912198 0.01825929 0.03509807 0.19539884 0.09991382 0.00459652 0.01693859 0.04398186
145 0.06346034 0.05732663 0.05485153 0.14417008 0.00733227 0.06131663 0.21320612 0.05214043 0.02169941 0.02602371 0.02850432 0.07338854 0.01481021 0.00991521 0.02670142 0.05929193 0.04193722 0.00320676 0.01313981 0.02757742
146 0.13754191 0.06029816 0.03736807 0.04267367 0.01932319 0.11505592 0.07643885 0.04124127 0.03530038 0.02856718 0.05449646 0.06809995 0.02107269 0.01396989 0.04173567 0.09540773 0.05579426 0.00360899 0.01828379 0.03372198
147 0.06294840 0.05672490 0.03697680 0.02073370 0.01497840 0.12357000 0.05238090 0.01975210 0.04536560 0.05509930 0.16903700 0.06574450 0.04732350 0.02559360 0.03645890 0.05187110 0.03989440 0.00472900 0.02265890 0.04815900
148 0.08490930 0.01920010 0.03620810 0.02743630 0.01283790 0.03540240 0.02714170 0.03207120 0.01814420 0.03859960 0.05936530 0.04005720 0.05222290 0.01084450 0.28910900 0.06557480 0.09196410 0.00606981 0.01491490 0.03792670
149 0.06471193 0.08791244 0.05045742 0.05143082 0.01551771 0.11756605 0.08717254 0.03373091 0.04626522 0.03052661 0.05503872 0.09185374 0.02227781 0.01580171 0.03616282 0.07847563 0.05490812 0.00435406 0.02374401 0.03209171
150 0.04084509 0.01540690 0.01583480 0.00908807 0.01439840 0.01255240 0.01129650 0.01651810 0.02766839 0.07237158 0.16290095 0.01260230 0.04020899 0.21541294 0.00671521 0.03024089 0.02937339 0.02479819 0.16599995 0.07576698
151 0.24350395 0.02223320 0.02161920 0.02929529 0.03207319 0.02339420 0.03202149 0.08594858 0.01164550 0.04823769 0.05649159 0.02515919 0.02011220 0.01883260 0.03536709 0.14661797 0.06513589 0.00324150 0.01429860 0.06477109
152 0.02360319 0.01122600 0.01714800 0.00523958 0.01981309 0.01026590 0.00714383 0.01128640 0.03875949 0.03148129 0.12732796 0.01100610 0.02226239 0.24872293 0.00570328 0.02095789 0.01445540 0.09687147 0.24570393 0.03102189
153 0.05845089 0.03238300 0.07213719 0.21534798 0.00377011 0.05162610 0.22781398 0.04471550 0.01885920 0.01429440 0.01494050 0.06414659 0.01196020 0.00473148 0.02355560 0.07451689 0.03898120 0.00130158 0.00900362 0.01746400
154 0.12523706 0.02983111 0.06729213 0.18233708 0.01439951 0.03580512 0.14714307 0.05413252 0.01567211 0.02210191 0.02290931 0.04710602 0.01183931 0.01238331 0.03181211 0.08771474 0.05059882 0.00250565 0.01085650 0.02832261
155 0.11712806 0.02744621 0.04145862 0.03013582 0.01294161 0.01536871 0.03735392 0.44544824 0.01487461 0.01266501 0.02635311 0.03417792 0.01040351 0.01131841 0.01510951 0.07899094 0.02766341 0.00384377 0.01024431 0.02707431
156 0.02263519 0.00852519 0.01400260 0.00297241 0.01441670 0.01105020 0.00360789 0.00512152 0.05091009 0.02310929 0.08609208 0.00565862 0.01758470 0.29465093 0.00281141 0.01808350 0.01511450 0.02893239 0.33679092 0.03792989
157 0.05674842 0.11875304 0.08338903 0.11642604 0.05239502 0.05148022 0.04615522 0.06401162 0.04422181 0.02691221 0.03341871 0.07717703 0.01146430 0.01168680 0.02175951 0.07816273 0.04462181 0.00567727 0.02773331 0.02780591
158 0.04882656 0.01806829 0.01133669 0.00764739 0.01098379 0.01589159 0.01172539 0.01528509 0.01193179 0.15239688 0.30389976 0.01605059 0.08079474 0.06837865 0.01093969 0.02495068 0.02956728 0.00751638 0.02461488 0.12919390
159 0.03519622 0.01160061 0.00624803 0.00271480 0.01146341 0.00634593 0.00549239 0.00836423 0.00946676 0.11648606 0.34889218 0.00533646 0.08566634 0.15523508 0.00278098 0.01500951 0.02146721 0.01231381 0.04946873 0.09045125
160 0.04627406 0.01018699 0.00507825 0.00243551 0.00920427 0.00717975 0.00520666 0.00876242 0.00632857 0.21205280 0.29703672 0.00653072 0.07548653 0.04975125 0.00467564 0.01533349 0.02595558 0.00415809 0.01065789 0.19770482
161 0.04356579 0.24555192 0.04439419 0.02721539 0.01151540 0.06267758 0.06277588 0.03494729 0.02824749 0.02360399 0.04392959 0.18504094 0.01882339 0.01319000 0.01437850 0.05015748 0.04084139 0.00407923 0.01499190 0.03007269
162 0.04602449 0.01029970 0.00479492 0.00237091 0.00903880 0.00689798 0.00505208 0.00877217 0.00607025 0.21264895 0.29832193 0.00640931 0.07590298 0.04984179 0.00458649 0.01493690 0.02574669 0.00416541 0.01048330 0.19763496
163 0.04880631 0.01914860 0.01128290 0.00765908 0.01077570 0.01567810 0.01208540 0.01527800 0.01210960 0.15208904 0.30436008 0.01650150 0.08087992 0.06817032 0.01037310 0.02477151 0.02956781 0.00753107 0.02426691 0.12866503
164 0.04897120 0.01000590 0.00460298 0.00259029 0.01173310 0.00776880 0.00522628 0.00927596 0.01002240 0.18250901 0.26909501 0.00571801 0.07850990 0.07613380 0.00370658 0.02398350 0.03524260 0.00671997 0.04964070 0.15854400
165 0.04697893 0.00674139 0.00595187 0.00214099 0.01026301 0.00486094 0.00505729 0.00685941 0.00476802 0.26727016 0.21820313 0.00515892 0.04245243 0.04126463 0.00412733 0.01287161 0.02651102 0.00236397 0.00695776 0.27919717
166 0.02285140 0.00889225 0.01472040 0.00329125 0.01461970 0.01170850 0.00372440 0.00546096 0.05320081 0.02310890 0.08350812 0.00626124 0.01670490 0.28624106 0.00325210 0.01897690 0.01491750 0.02942261 0.34141007 0.03772691
167 0.09996241 0.01091710 0.00995089 0.01063750 0.01978420 0.01122670 0.01436210 0.01486910 0.00657579 0.22022703 0.15673002 0.01105540 0.03913171 0.03208280 0.01397590 0.05160381 0.05085481 0.00299108 0.01157960 0.21148203
168 0.04350215 0.24693128 0.04426215 0.02763513 0.01149191 0.06235197 0.06293927 0.03552164 0.02814583 0.02367773 0.04349425 0.18526821 0.01859312 0.01304861 0.01474392 0.04922806 0.03969914 0.00399068 0.01540042 0.03007453
169 0.02514289 0.00990896 0.01286090 0.00375961 0.01580109 0.00894616 0.00477546 0.00619864 0.03856009 0.03092959 0.13975895 0.00551331 0.02839619 0.29275890 0.00294171 0.01799189 0.01735909 0.03026289 0.26883791 0.03929579
170 0.13254602 0.01980910 0.02928780 0.03238790 0.01864010 0.04067720 0.03189270 0.03700980 0.01141160 0.02635500 0.02301280 0.03071800 0.00948558 0.00695911 0.31057604 0.14912602 0.04305341 0.00781991 0.00876368 0.03046820
171 0.04129057 0.01555529 0.01607179 0.00917676 0.01442659 0.01291209 0.01141769 0.01603259 0.02758438 0.07198105 0.16256988 0.01294219 0.04025057 0.21438084 0.00696017 0.03124288 0.02957018 0.02437538 0.16562788 0.07563124
172 0.04374978 0.24647987 0.04452898 0.02698959 0.01159529 0.06260847 0.06247357 0.03539148 0.02852648 0.02358629 0.04377838 0.18410990 0.01890719 0.01292729 0.01415419 0.05062207 0.04051938 0.00387614 0.01518579 0.02998988
173 0.12454492 0.01652469 0.02588408 0.02676298 0.01803419 0.04136037 0.02497728 0.03045648 0.00868800 0.02577598 0.01934029 0.02582848 0.00817039 0.00594499 0.35189379 0.16235290 0.03817708 0.00841493 0.00751238 0.02935578
174 0.05772973 0.01417291 0.01248581 0.00860155 0.01319641 0.01552171 0.01227221 0.01333931 0.01106741 0.09493764 0.22625110 0.01202901 0.09334304 0.14388807 0.00584170 0.05125602 0.07080113 0.00834509 0.05521003 0.07971014
175 0.04465177 0.00268132 0.00638793 0.00136230 0.01048319 0.00231131 0.00418497 0.00435174 0.00317922 0.32783876 0.14545990 0.00308096 0.01207509 0.03274218 0.00330479 0.00883511 0.02559608 0.00073689 0.00267877 0.35805774
176 0.05616458 0.07160648 0.03755639 0.09946787 0.00945545 0.12674196 0.21065993 0.03567849 0.02970829 0.02965169 0.03315009 0.08287707 0.01580839 0.00636910 0.02743919 0.05802398 0.03315669 0.00212688 0.01430060 0.02005689
177 0.10863603 0.02371381 0.03882141 0.03824611 0.01359920 0.03857071 0.03912791 0.03661101 0.01618491 0.03083941 0.03994941 0.03831931 0.01353850 0.00911043 0.32668610 0.08773043 0.05127002 0.00651645 0.01164470 0.03088411
178 0.04831753 0.02829932 0.02050921 0.01130811 0.01308871 0.01792361 0.01764571 0.01616351 0.01090871 0.23485516 0.14551910 0.05191474 0.03381952 0.03080082 0.01268041 0.02495852 0.03760243 0.00614482 0.01004291 0.22749715
179 0.05606268 0.00379552 0.00614277 0.00208371 0.01226690 0.00329711 0.00502891 0.00556700 0.00347546 0.30510988 0.15614894 0.00359908 0.02051859 0.03325619 0.00373903 0.01612069 0.03173389 0.00115585 0.00471395 0.32618387
