1 0.05976564 0.00710260 0.00866942 0.00379501 0.01351179 0.00932912 0.00547629 0.01077209 0.00509186 0.22737279 0.20050481 0.01123809 0.05529045 0.03066197 0.00925482 0.03117927 0.06265704 0.00455519 0.00977997 0.23399178
2 0.08509470 0.06263120 0.02601370 0.01679540 0.00964975 0.03606420 0.03339770 0.03360950 0.01722470 0.02896750 0.04114540 0.01949560 0.01247630 0.01086530 0.37686002 0.07631670 0.07077290 0.00377159 0.00668271 0.03216510
3 0.05260572 0.01622760 0.07010022 0.13208604 0.00439219 0.03455321 0.05262872 0.43430813 0.02317071 0.00637992 0.01562240 0.04443021 0.00397771 0.01758871 0.00566859 0.05621372 0.01411180 0.00196352 0.00355557 0.01041530
4 0.06558108 0.01657879 0.01443330 0.01023600 0.01253610 0.01502089 0.01369530 0.01337970 0.01164680 0.21986793 0.14947895 0.02130489 0.04034159 0.03651459 0.01183530 0.03389889 0.04586188 0.00593444 0.01600369 0.24584992
5 0.23885005 0.07032031 0.03328481 0.02889391 0.01874310 0.05095691 0.05337321 0.04077531 0.01756390 0.02742651 0.02992871 0.12495802 0.01574340 0.01816970 0.01721930 0.08829832 0.06734161 0.00823014 0.00926606 0.04065671
6 0.06007469 0.03887109 0.08578849 0.13531598 0.00591156 0.03917919 0.08675619 0.02453790 0.03974039 0.07648289 0.06396509 0.05594409 0.01058810 0.01779340 0.02510430 0.07676419 0.09194949 0.00587197 0.01198210 0.04737889
7 0.16028190 0.03231668 0.03810918 0.02660158 0.02607858 0.02969688 0.03053568 0.06391446 0.01794689 0.02947998 0.03886917 0.03006828 0.01926869 0.01895479 0.02729988 0.25304684 0.09294424 0.00787624 0.01794569 0.03876437
8 0.03509479 0.01068540 0.00672638 0.00146299 0.00800898 0.00897329 0.00356295 0.00784439 0.00309879 0.23301691 0.27636889 0.00798649 0.09310726 0.03975668 0.00657852 0.02512319 0.03213429 0.00196806 0.00893185 0.18956993
9 0.04046939 0.07237319 0.03159279 0.08157639 0.00322679 0.04920669 0.35145394 0.01626600 0.01463050 0.01555390 0.01742590 0.18611497 0.00515673 0.01268600 0.00897203 0.02988059 0.02262650 0.00440442 0.01172430 0.02465900
10 0.02065120 0.01461390 0.03170251 0.00401651 0.00562924 0.00508664 0.01120850 0.01116240 0.05329711 0.03327861 0.02593780 0.01111570 0.00392704 0.30990605 0.00319370 0.01971410 0.02005730 0.01250590 0.37711906 0.02587670
11 0.03224312 0.05687674 0.02831572 0.01463671 0.01186151 0.02007811 0.03839253 0.00875175 0.04476163 0.03234632 0.10127107 0.07672265 0.01134521 0.16128111 0.00861139 0.01923931 0.01347961 0.03977873 0.24766617 0.03234062
12 0.04098212 0.02024251 0.03082132 0.01176151 0.01000161 0.01170751 0.01627601 0.02538571 0.03236082 0.07447284 0.13563107 0.02249371 0.02635891 0.23360412 0.00727078 0.03065252 0.02872941 0.01607691 0.16003608 0.06513453
13 0.03785590 0.04514039 0.14127898 0.24229297 0.00685296 0.05297719 0.11944099 0.07200209 0.02658280 0.01065500 0.01691150 0.11427899 0.00328878 0.01312950 0.00580575 0.04054460 0.02272160 0.00302816 0.00574977 0.01946210
14 0.04443007 0.04633427 0.08609594 0.24251684 0.00491832 0.05905186 0.20791286 0.03972857 0.02264568 0.01283859 0.01706419 0.10987793 0.00363478 0.01042299 0.00652398 0.03734847 0.02279248 0.00255310 0.00601069 0.01729839
15 0.06219520 0.22517200 0.03514110 0.03201990 0.01412970 0.06448100 0.05208730 0.02392280 0.02691270 0.02431700 0.03437780 0.16323300 0.02198570 0.02198530 0.03333470 0.05819700 0.04144270 0.00942388 0.02134840 0.03429280
16 0.07391940 0.01893430 0.02434340 0.02334720 0.00800092 0.03048370 0.03240740 0.39266398 0.01597920 0.04172400 0.13200099 0.01561690 0.02704160 0.02401440 0.01387590 0.05585570 0.02375960 0.00413410 0.00576212 0.03613520
17 0.04764490 0.00435585 0.00422377 0.00127314 0.00998522 0.00918655 0.00245005 0.00643329 0.00358336 0.30189698 0.16181499 0.00984021 0.03698400 0.02887210 0.00406456 0.01161120 0.03694360 0.00221187 0.01030740 0.30631698
18 0.06005756 0.20286086 0.04316717 0.04896067 0.00793085 0.12651591 0.05460026 0.01109779 0.04512997 0.02192919 0.02278168 0.17501788 0.01356939 0.01681659 0.01663069 0.04252137 0.04270587 0.00440282 0.01418599 0.02911748
19 0.04807629 0.03383349 0.12151396 0.21000494 0.00703071 0.05188598 0.21215894 0.04104449 0.03122499 0.01548100 0.01989059 0.06519978 0.00901744 0.01584740 0.01121480 0.04284809 0.02938359 0.00442704 0.00967210 0.02024439
20 0.03095842 0.01728621 0.01109911 0.00287657 0.00624483 0.01483061 0.01602541 0.01704071 0.00694685 0.14988107 0.34888217 0.00817913 0.13755807 0.02714711 0.03268772 0.03852962 0.03248902 0.00280042 0.00618230 0.09235465
21 0.15880004 0.03158751 0.03993321 0.02688221 0.02623731 0.02946241 0.03108241 0.06310172 0.01770220 0.02959221 0.03989011 0.02896771 0.01908610 0.01849620 0.02611011 0.25351206 0.09541662 0.00799446 0.01674920 0.03939621
22 0.03805951 0.01498880 0.01062190 0.00801146 0.00909771 0.01335360 0.01373620 0.01649390 0.00824006 0.15947003 0.31738705 0.01681370 0.07881401 0.07179411 0.01057600 0.03125051 0.02901570 0.00755821 0.02194150 0.12277602
23 0.04841378 0.21636193 0.07235988 0.05551248 0.00374180 0.09134417 0.05904708 0.01264880 0.02121899 0.01620839 0.01884069 0.23690092 0.01267770 0.01511900 0.00655579 0.03972759 0.04103709 0.00177848 0.00510865 0.02539679
24 0.11355994 0.01710689 0.03198808 0.03833458 0.01030359 0.02572609 0.02163679 0.50805772 0.01708719 0.01431749 0.02681738 0.01594879 0.00800687 0.01999019 0.01009239 0.07304856 0.02673669 0.00207271 0.00438998 0.01477809
25 0.05385749 0.01199540 0.01178130 0.00728441 0.01040180 0.01347490 0.01057100 0.01331900 0.00834714 0.24645195 0.18723296 0.01539510 0.04795579 0.04193559 0.00916608 0.02611439 0.03687279 0.00315599 0.01769300 0.22699395
26 0.31741329 0.01396421 0.02408902 0.01223121 0.03383113 0.01342011 0.01971292 0.28993326 0.00954690 0.02068312 0.01438611 0.00993357 0.00532093 0.01361531 0.01018011 0.12129111 0.04929874 0.00194701 0.00209990 0.01710202
27 0.03331991 0.01262830 0.00835360 0.00188478 0.00772875 0.00926348 0.00459163 0.00877492 0.00346314 0.21350606 0.29794109 0.00803359 0.10730803 0.04149381 0.00765718 0.02871451 0.03183131 0.00210275 0.00886708 0.16253605
28 0.06795429 0.04283199 0.04575759 0.13907298 0.00560851 0.07161759 0.28467996 0.03050860 0.02426400 0.01929420 0.02858800 0.07871499 0.01014250 0.01271150 0.01814090 0.04683609 0.03057880 0.00546702 0.01306010 0.02417040
29 0.05038399 0.00335686 0.00447534 0.00120718 0.01040960 0.00835337 0.00207957 0.00788227 0.00328555 0.30383897 0.14793498 0.00997408 0.03316230 0.02484270 0.00397089 0.01300640 0.04548419 0.00229716 0.00943364 0.31462097
30 0.04799379 0.11816198 0.03653599 0.05867639 0.00535602 0.05593909 0.21582396 0.01685900 0.02344820 0.05735749 0.03628059 0.12938997 0.01035830 0.01629560 0.02163800 0.05117939 0.02930639 0.00598488 0.02495450 0.03846049
31 0.11553301 0.01698850 0.03148930 0.03759360 0.01091330 0.02513900 0.01957740 0.51211604 0.01740960 0.01430690 0.02604080 0.01530600 0.00787857 0.01973480 0.01055490 0.07322511 0.02595210 0.00202434 0.00400772 0.01420900
32 0.04393658 0.00635702 0.00585502 0.00247038 0.01027510 0.00964638 0.00443799 0.00791394 0.00469868 0.25126688 0.22198889 0.01034250 0.05398017 0.04456318 0.00562306 0.01820839 0.03539038 0.00350361 0.01298399 0.24655788
33 0.03013610 0.00711891 0.00333591 0.00127775 0.00811981 0.00662761 0.00215071 0.00704389 0.00222385 0.22839800 0.31379701 0.00649260 0.08417470 0.05433500 0.00445431 0.02062720 0.02712590 0.00162153 0.01067820 0.18026100
34 0.07289410 0.16681201 0.02270420 0.01084760 0.01281950 0.04534520 0.03061280 0.02996880 0.01878320 0.02232930 0.02277260 0.03765660 0.01184530 0.01279410 0.31041502 0.09479851 0.04417130 0.00448278 0.00865736 0.01928970
35 0.01979850 0.01254990 0.03585340 0.00377897 0.00614108 0.00438110 0.01148870 0.01196180 0.05355461 0.03597260 0.02624800 0.01004630 0.00417723 0.32712804 0.00329891 0.01797160 0.02093790 0.01080780 0.35761604 0.02628750
36 0.07999630 0.05350000 0.07612090 0.05822930 0.01503880 0.03503610 0.05942140 0.04731220 0.10467600 0.03602970 0.04433140 0.04636260 0.01496880 0.06413410 0.02591400 0.06946370 0.03589740 0.01399850 0.07011460 0.04945420
37 0.15053295 0.01984059 0.03162699 0.01142420 0.02479099 0.02438929 0.01432269 0.04011329 0.00784905 0.01883429 0.02487639 0.01523839 0.01973229 0.01393899 0.01561779 0.31928389 0.19574693 0.00539940 0.00994261 0.03649899
38 0.03572601 0.02839331 0.02547241 0.01009280 0.00728319 0.01165610 0.01989531 0.01101710 0.04710081 0.03995261 0.06025342 0.02741431 0.00920168 0.20448606 0.00613432 0.03746441 0.02082311 0.02338521 0.33778910 0.03645871
39 0.07643545 0.12855992 0.06004376 0.03480058 0.01767019 0.03239428 0.04587057 0.02699708 0.09487114 0.06881586 0.03563458 0.05881096 0.01161759 0.02261279 0.03438978 0.12722992 0.03641828 0.00915614 0.02016389 0.05750726
40 0.01993391 0.01229810 0.03563481 0.00390702 0.00602941 0.00449293 0.01134230 0.01201100 0.05331441 0.03597741 0.02717741 0.00993077 0.00424629 0.32659509 0.00314011 0.01808930 0.02097201 0.01083000 0.35788110 0.02619661
41 0.06047237 0.07162546 0.14656792 0.12207994 0.00587346 0.10804094 0.08673295 0.04405838 0.03202228 0.01866939 0.02324589 0.09804895 0.01196939 0.01332379 0.01419479 0.06399517 0.04642408 0.00374185 0.00574221 0.02317079
42 0.30642822 0.01532371 0.02664342 0.01027901 0.04432033 0.01312151 0.01494051 0.22961616 0.00811415 0.01963061 0.01352501 0.01107211 0.00558392 0.01163301 0.00994282 0.18951313 0.05247624 0.00173428 0.00236274 0.01373911
43 0.07875150 0.02421330 0.02017440 0.01307630 0.00764159 0.01361770 0.01612950 0.01253660 0.03608320 0.02938650 0.03771800 0.02116640 0.00705022 0.12172999 0.00824024 0.15071799 0.03684000 0.01830520 0.32125398 0.02536740
44 0.03705411 0.00715765 0.00526697 0.00243126 0.00955778 0.00867420 0.00433703 0.00821766 0.00418692 0.22141508 0.27978810 0.00905091 0.06885332 0.05939032 0.00559800 0.02066931 0.03046921 0.00360358 0.01390250 0.20037607
45 0.02401149 0.00963790 0.00500993 0.00484402 0.00854926 0.00685224 0.00556753 0.00808532 0.00713512 0.12401096 0.35468488 0.01301630 0.06287248 0.18794394 0.00317562 0.01771939 0.01433380 0.01048620 0.03664239 0.09542127
46 0.03800231 0.01465010 0.01064350 0.00817336 0.00927931 0.01326510 0.01352880 0.01697180 0.00825472 0.16010103 0.31699906 0.01591690 0.07903761 0.07157501 0.01055640 0.03113891 0.02900851 0.00746273 0.02155580 0.12387902
47 0.09115589 0.08021089 0.04273909 0.07890289 0.00713399 0.12379198 0.10864999 0.04375809 0.02283850 0.03520450 0.04457529 0.08826919 0.01750700 0.01720770 0.03113610 0.06741389 0.03993479 0.00725034 0.01202860 0.04029129
48 0.13858796 0.01257170 0.01341110 0.01040000 0.01688940 0.01828859 0.01355290 0.02110049 0.01279390 0.17402195 0.10242297 0.01877289 0.03126119 0.02444899 0.02561559 0.05253369 0.06477928 0.00588018 0.01027730 0.23238993
49 0.10007803 0.07961372 0.03450811 0.01819050 0.01968221 0.01966141 0.02280251 0.13570904 0.01295810 0.01963641 0.01977161 0.02942161 0.01121050 0.01268270 0.04245841 0.23358606 0.15374404 0.00725363 0.00419240 0.02283901
50 0.05275238 0.01420579 0.08134247 0.30947488 0.00457273 0.06453838 0.26465790 0.02985049 0.02628339 0.00920743 0.00992151 0.04422318 0.00411957 0.00509897 0.00651088 0.03275689 0.02240379 0.00234937 0.00310352 0.01262650
51 0.04781382 0.00444611 0.00456954 0.00136346 0.00998368 0.00894433 0.00242434 0.00674547 0.00383120 0.30104911 0.16092006 0.00973574 0.03694731 0.02913441 0.00441961 0.01207430 0.03738691 0.00219287 0.01051060 0.30550711
52 0.20799804 0.03441551 0.05666971 0.03766001 0.01841550 0.03779751 0.04319911 0.04532141 0.11437302 0.04854451 0.03786871 0.03181661 0.01389030 0.03572131 0.03538931 0.08268062 0.03349521 0.00961111 0.02636811 0.04876441
53 0.05443279 0.01264990 0.01180740 0.00720897 0.01031250 0.01354680 0.01078760 0.01298980 0.00846784 0.24533096 0.18864897 0.01575390 0.04826049 0.04163349 0.00919179 0.02678910 0.03686089 0.00324418 0.01747270 0.22460996
54 0.18040796 0.03461599 0.15035797 0.05862559 0.02342800 0.03218799 0.04545209 0.06709629 0.03703939 0.02858149 0.02643819 0.04462039 0.01616700 0.02122220 0.02258560 0.11126998 0.05157149 0.00498441 0.01038280 0.03296519
55 0.25411411 0.02754051 0.02823381 0.02420961 0.03030871 0.03141261 0.03664802 0.09463504 0.01811331 0.04562972 0.04070602 0.02956421 0.01591171 0.02005111 0.02647051 0.13245206 0.06830823 0.00632616 0.01270311 0.05666142
56 0.04114721 0.00449581 0.00346849 0.00096096 0.00962541 0.00812916 0.00176785 0.00592133 0.00265488 0.28077304 0.21178103 0.00831815 0.05138781 0.03859291 0.00370464 0.01342530 0.03353710 0.00194068 0.01090420 0.26746404
57 0.15981707 0.03319061 0.03815502 0.02622211 0.02607811 0.02933431 0.03102441 0.06354603 0.01816281 0.02968791 0.03965712 0.02963231 0.01957411 0.01880231 0.02732511 0.25170011 0.09406874 0.00782427 0.01697701 0.03922052
58 0.11804705 0.02782611 0.02669671 0.01581021 0.01342661 0.02518021 0.02458201 0.02053881 0.01886291 0.02075311 0.05229572 0.02718531 0.02788681 0.06506303 0.01242260 0.08926474 0.15420606 0.17746007 0.02082491 0.06166702
59 0.02976786 0.01279068 0.00726336 0.00118172 0.00675678 0.00821732 0.00316905 0.00822887 0.00254287 0.21984270 0.30647959 0.00647011 0.11638284 0.03523545 0.00744122 0.02823346 0.03057306 0.00174036 0.00717892 0.16050378
60 0.06037941 0.15477603 0.04744611 0.06015581 0.00801159 0.06621461 0.08478232 0.02474791 0.02123920 0.02739211 0.03758171 0.19874004 0.01674590 0.02266950 0.01196230 0.05009971 0.04043621 0.00706380 0.01965370 0.03990201
61 0.07356274 0.02160221 0.03120892 0.01357161 0.01646591 0.01286701 0.01208421 0.02041051 0.02669001 0.09126295 0.13476707 0.02258601 0.03990182 0.11451806 0.01224041 0.09714925 0.06264753 0.01872151 0.04826022 0.12948206
62 0.05546483 0.21789412 0.04252532 0.05421753 0.00228109 0.11324706 0.06207743 0.00862556 0.01710391 0.01677741 0.01943311 0.24904913 0.01580751 0.01417881 0.00525416 0.03385512 0.03914612 0.00212155 0.00623450 0.02470571
63 0.05436700 0.01248950 0.01176910 0.00739245 0.01025400 0.01384980 0.01086120 0.01313580 0.00868819 0.24705798 0.18594798 0.01566490 0.04740180 0.04079050 0.00963779 0.02627330 0.03689620 0.00295486 0.01731170 0.22725598
64 0.04593327 0.02427289 0.23261887 0.02320699 0.00866501 0.02055049 0.02829438 0.01908709 0.02628399 0.03211898 0.06446096 0.02757408 0.17688690 0.02402789 0.01189589 0.07682346 0.06917036 0.01612599 0.00633636 0.06566616
65 0.04077125 0.02773547 0.22500573 0.07242911 0.00544292 0.02321437 0.03729275 0.01815288 0.10521887 0.03389546 0.08770109 0.03275986 0.01545498 0.01900408 0.02871586 0.07216481 0.10144188 0.00612327 0.00988520 0.03759015
66 0.06773973 0.04322082 0.04583402 0.13872307 0.00598158 0.07265664 0.28130114 0.03161832 0.02421981 0.01937011 0.02841711 0.07835544 0.01039781 0.01338021 0.01822821 0.04763622 0.03041592 0.00514131 0.01349881 0.02386371
67 0.04461331 0.06374532 0.09384113 0.22108907 0.00541055 0.06233672 0.13422004 0.05503982 0.02315171 0.01371660 0.02048241 0.13311704 0.00444638 0.01318720 0.00715421 0.04755042 0.02499161 0.00350405 0.00750619 0.02089621
68 0.34954304 0.01241960 0.02582240 0.00615260 0.04965261 0.01045070 0.01379220 0.21761402 0.00687144 0.02104860 0.01112520 0.00876426 0.00418549 0.01035050 0.00656365 0.18096102 0.04925661 0.00141905 0.00182800 0.01217900
69 0.12392606 0.03536062 0.04229272 0.02312801 0.02073661 0.02571881 0.03192392 0.04264432 0.01456271 0.05658963 0.05831153 0.03681092 0.02660971 0.02708601 0.03327892 0.13860507 0.16044908 0.01101881 0.01443991 0.07650664
70 0.03965820 0.00748339 0.00520298 0.00084064 0.00878488 0.00894737 0.00208175 0.00645393 0.00256274 0.26225802 0.22849302 0.00786342 0.07280081 0.03430830 0.00534110 0.01931690 0.03395190 0.00197494 0.00921469 0.24246102
71 0.05458632 0.23550007 0.04102801 0.04709831 0.00344194 0.10944203 0.05089562 0.00811235 0.01760911 0.01588010 0.01638321 0.23695707 0.01495330 0.01286720 0.01134440 0.05381482 0.03957101 0.00170592 0.00467988 0.02412931
72 0.05243627 0.09855445 0.07067377 0.16450792 0.00553419 0.05996277 0.10520895 0.04904348 0.02812969 0.02052089 0.02565229 0.11342095 0.00577669 0.01201799 0.01754729 0.09879855 0.03413628 0.00539858 0.00646002 0.02621899
73 0.06754368 0.04203329 0.04557549 0.13879396 0.00593822 0.07209998 0.28507193 0.03076109 0.02419689 0.01902520 0.02848679 0.07785978 0.00990226 0.01348200 0.01833490 0.04631059 0.03069179 0.00574248 0.01355910 0.02459059
74 0.05665344 0.14580286 0.04083876 0.05545335 0.01246619 0.05055465 0.14783486 0.02787307 0.02826237 0.02235498 0.02449238 0.11030589 0.01251269 0.01296089 0.04331946 0.12161688 0.03764396 0.00809197 0.01184069 0.02912067
75 0.02338889 0.00942858 0.00535732 0.00495193 0.00844889 0.00675569 0.00588355 0.00841625 0.00686552 0.12230194 0.35656084 0.01296259 0.06222487 0.19184391 0.00319692 0.01772399 0.01397949 0.00964470 0.03581588 0.09424826
76 0.25437500 0.02682280 0.02835930 0.02307670 0.03159870 0.03083620 0.03619710 0.09303260 0.01812680 0.04638470 0.04125870 0.02897110 0.01652990 0.02061150 0.02566880 0.13150400 0.06842950 0.00703459 0.01299640 0.05818560
77 0.06142110 0.01502190 0.01872500 0.01061280 0.01344360 0.01356190 0.01372290 0.01629740 0.00957928 0.15230499 0.24493798 0.01686330 0.07104909 0.03555750 0.02233670 0.05249020 0.07731259 0.00830740 0.01106740 0.13538699
78 0.06633238 0.06406418 0.06456868 0.18339294 0.00355106 0.10697496 0.16409294 0.02488009 0.02908489 0.01759679 0.02173599 0.08876747 0.00651276 0.01063960 0.01329910 0.05246028 0.05231418 0.00476026 0.00404707 0.02092439
79 0.27766510 0.00881403 0.01654671 0.00699495 0.03283371 0.01799131 0.01359010 0.05616452 0.00534860 0.01495191 0.02156791 0.01212270 0.01431301 0.01232190 0.00905697 0.27885910 0.14753205 0.00400881 0.00983929 0.03947731
80 0.33332288 0.01149300 0.02925229 0.00414581 0.10161896 0.01391669 0.00941531 0.10190696 0.00859507 0.02122639 0.01452199 0.00942913 0.01331290 0.00571286 0.00785604 0.22735392 0.06055098 0.00142927 0.00289847 0.02204109
81 0.04651062 0.09546634 0.08149944 0.17528808 0.00453974 0.07024553 0.11301905 0.04857272 0.02156841 0.01539491 0.02257881 0.16581807 0.00583411 0.01465301 0.00754381 0.04936102 0.02801731 0.00344285 0.00816994 0.02247621
82 0.06034616 0.01327019 0.01650259 0.00743104 0.01111689 0.01197969 0.00902199 0.01224789 0.01051529 0.22173685 0.17833088 0.01375469 0.05530926 0.02999508 0.01193899 0.05827076 0.04770747 0.00307403 0.01000339 0.21744685
83 0.02082919 0.01086189 0.03662168 0.00476091 0.00726334 0.00467448 0.01210519 0.01176529 0.04728227 0.06274606 0.06161356 0.01158029 0.01005309 0.30158181 0.00315563 0.01684919 0.02081559 0.00862915 0.30244981 0.04436157
84 0.06244762 0.18062406 0.04514361 0.06636432 0.00318704 0.12137704 0.07363992 0.01381990 0.01903421 0.01991661 0.02531341 0.21140007 0.01518761 0.01529171 0.00952679 0.03989581 0.03790171 0.00378234 0.00914150 0.02700471
85 0.05669278 0.01751760 0.06543688 0.27614193 0.00366274 0.07392328 0.29097392 0.02570659 0.02593199 0.01072610 0.01101310 0.04610459 0.00452559 0.00506783 0.00792435 0.03582209 0.02388369 0.00222683 0.00329033 0.01342780
86 0.03722329 0.00721057 0.00517988 0.00261918 0.00948920 0.00878938 0.00479275 0.00801602 0.00401261 0.22092993 0.27927691 0.00937759 0.06839058 0.06032458 0.00581474 0.02036599 0.03048309 0.00348309 0.01428870 0.19993194
87 0.04814681 0.00376789 0.00367487 0.00088348 0.01004610 0.00861349 0.00194443 0.00627158 0.00344128 0.30877905 0.15388103 0.00951535 0.03413071 0.02715040 0.00368591 0.01022140 0.03729641 0.00211714 0.01003160 0.31640106
88 0.07303484 0.20069412 0.03569122 0.02516662 0.02380591 0.04603163 0.04107902 0.03914872 0.03177772 0.02010941 0.02483271 0.10107506 0.01672201 0.01598181 0.05184813 0.14938709 0.05009283 0.01049831 0.01092261 0.03210022
89 0.16043409 0.03300512 0.03815892 0.02599731 0.02635891 0.02990762 0.03176952 0.06395034 0.01797861 0.02889832 0.03912032 0.02953172 0.01897621 0.01790701 0.02799272 0.25321014 0.09316165 0.00794124 0.01726481 0.03843542
90 0.06405738 0.02426559 0.05191368 0.20081794 0.00341559 0.07847828 0.23933193 0.02455489 0.02946209 0.02097149 0.02919749 0.04296359 0.00620869 0.00570112 0.05282518 0.06132858 0.03212409 0.00323950 0.00421220 0.02493069
91 0.06491724 0.01597471 0.01469211 0.01020581 0.01223401 0.01460741 0.01369681 0.01366901 0.01137291 0.22113413 0.14987509 0.02053171 0.04066352 0.03665392 0.01199871 0.03336282 0.04560323 0.00557192 0.01562481 0.24761014
92 0.03037518 0.00784721 0.00446714 0.00226416 0.00808207 0.00718902 0.00380047 0.00773734 0.00309496 0.21433686 0.32182679 0.00753802 0.08446194 0.06194866 0.00514512 0.02169679 0.02660928 0.00201812 0.01224699 0.16731389
93 0.06070712 0.15326905 0.04697431 0.06106992 0.00764475 0.06601852 0.08551103 0.02560971 0.02147771 0.02737701 0.03793581 0.19864306 0.01677401 0.02246991 0.01179600 0.04894022 0.04046451 0.00710164 0.02104831 0.03916741
94 0.04223907 0.00384014 0.00308293 0.00064602 0.00975745 0.00801791 0.00129394 0.00565312 0.00248113 0.29337481 0.19613787 0.00806991 0.04645087 0.03399758 0.00327431 0.01186529 0.03446338 0.00184165 0.01038979 0.28312282
95 0.06424478 0.03799409 0.20460293 0.09313037 0.01091060 0.03690389 0.06104508 0.05298338 0.04276588 0.02820489 0.03290449 0.05650648 0.02327329 0.03389249 0.01888899 0.08004087 0.05984988 0.00614366 0.02117719 0.03453679
96 0.06110388 0.15187195 0.04723379 0.06016628 0.00790498 0.06587508 0.08660057 0.02589219 0.02080899 0.02759369 0.03752349 0.19883394 0.01669589 0.02276109 0.01232140 0.05093128 0.04082609 0.00703082 0.01924349 0.03878109
97 0.04241679 0.00382416 0.00317248 0.00072606 0.00970976 0.00804056 0.00141064 0.00570749 0.00256249 0.29280394 0.19615996 0.00804553 0.04639439 0.03416759 0.00334668 0.01202220 0.03444849 0.00181934 0.01033050 0.28289095
98 0.03842566 0.01509959 0.01045789 0.00807146 0.00937648 0.01376219 0.01419649 0.01807518 0.00855651 0.15764685 0.31752469 0.01678158 0.07858412 0.07138553 0.01110119 0.03101447 0.02891987 0.00724328 0.02186908 0.12190788
99 0.07062884 0.02852432 0.27303915 0.04344382 0.01162041 0.03070162 0.03080922 0.03881212 0.04033522 0.02616331 0.02739742 0.03890122 0.02260161 0.01998791 0.01696131 0.14670708 0.09010265 0.00547059 0.00756755 0.03022462
100 0.03659788 0.09426926 0.02814219 0.05999807 0.00291610 0.04662338 0.33124684 0.01382869 0.01307429 0.01527829 0.01701259 0.21913890 0.00551651 0.01405239 0.00803079 0.02819219 0.02307599 0.00415007 0.01200359 0.02685199
101 0.06798080 0.04209120 0.04590290 0.14087201 0.00570246 0.07261330 0.28314502 0.03102080 0.02385880 0.01919590 0.02843770 0.07790470 0.00949543 0.01354420 0.01861930 0.04518740 0.03108150 0.00546635 0.01323910 0.02464110
102 0.07779518 0.15720897 0.04488209 0.04132169 0.00861669 0.06470549 0.06041439 0.02024210 0.01984470 0.02495529 0.02944019 0.19985396 0.01879070 0.01736510 0.01130630 0.05754289 0.09014408 0.00605440 0.00790012 0.04161569
103 0.03836811 0.01497840 0.01087850 0.00852903 0.00925569 0.01379390 0.01454100 0.01728200 0.00855998 0.15816204 0.31557708 0.01616710 0.07793202 0.07123902 0.01093390 0.03178651 0.02930711 0.00754065 0.02256191 0.12260603
104 0.29786620 0.01817061 0.03313222 0.00762577 0.10400307 0.01262521 0.01254851 0.16294511 0.00906851 0.02076691 0.01321521 0.01158341 0.01130371 0.00752457 0.00946418 0.20051213 0.04930553 0.00203088 0.00240796 0.01390031
105 0.09449184 0.01751741 0.04984772 0.24765812 0.00371688 0.08103744 0.27430513 0.02422461 0.02441721 0.01268931 0.01240431 0.04148342 0.00522707 0.00589216 0.01131401 0.04163832 0.03059111 0.00276058 0.00300054 0.01578281
106 0.05679448 0.01788340 0.06482728 0.27379693 0.00367024 0.07462518 0.29220592 0.02601089 0.02576229 0.01065850 0.01104560 0.04580509 0.00468424 0.00508373 0.00825328 0.03603369 0.02396469 0.00223020 0.00347098 0.01319340
107 0.05356747 0.01219759 0.01153449 0.00751726 0.01018589 0.01364129 0.01090389 0.01280649 0.00838120 0.24572387 0.18898190 0.01555949 0.04845027 0.04168538 0.00950011 0.02664779 0.03701878 0.00312525 0.01732369 0.22524788
108 0.06252338 0.04731979 0.02271969 0.02427579 0.01096560 0.02403259 0.02794209 0.01688419 0.02842109 0.02442579 0.08099658 0.03487279 0.02420489 0.07902878 0.01126650 0.06797668 0.05475258 0.22938193 0.07561878 0.05239048
109 0.04410249 0.00333550 0.00314736 0.00065872 0.00997128 0.00822313 0.00136101 0.00567664 0.00267099 0.29896496 0.18221297 0.00832404 0.04134569 0.03261830 0.00326417 0.01095360 0.03526929 0.00188161 0.01038530 0.29563296
110 0.05188866 0.03052338 0.02912518 0.00814558 0.01398429 0.01902339 0.01784179 0.01935479 0.01133339 0.13066890 0.23346283 0.02537318 0.12288491 0.04165437 0.01271999 0.05225876 0.04640137 0.00857744 0.01199989 0.11277792
111 0.07197559 0.02935690 0.15320898 0.04682039 0.01126350 0.02411690 0.03466960 0.03636929 0.04319789 0.04715929 0.10787898 0.03792579 0.03862109 0.01926010 0.02318710 0.14091698 0.07012009 0.00692829 0.00848535 0.04853789
112 0.07527526 0.01781039 0.02425289 0.02670179 0.00616483 0.10186995 0.11110595 0.23554289 0.01880689 0.03320678 0.14891893 0.02510699 0.02207609 0.01299309 0.02810389 0.04504668 0.01977149 0.00496114 0.00650880 0.03577528
113 0.09937727 0.02679859 0.03768389 0.00872011 0.03686129 0.01759829 0.01858759 0.02727599 0.01226790 0.05935288 0.11231197 0.01912129 0.10378997 0.02138599 0.02184959 0.18460395 0.10217797 0.00944262 0.00729816 0.07349468
114 0.09259772 0.08236582 0.04309461 0.07700982 0.00754241 0.12383403 0.10630002 0.04424281 0.02316961 0.03426501 0.04351781 0.09109962 0.01712960 0.01718910 0.03046271 0.06751251 0.03996251 0.00655377 0.01209360 0.04005691
115 0.06566875 0.01634651 0.01451331 0.01043711 0.01226551 0.01503291 0.01458391 0.01351491 0.01149811 0.21981617 0.14960012 0.02096902 0.04014743 0.03610763 0.01199691 0.03306733 0.04632594 0.00591771 0.01562851 0.24656219
116 0.13328707 0.08315944 0.03718342 0.02156021 0.10395805 0.01991821 0.02870241 0.04387422 0.03146032 0.01790501 0.02756371 0.08524514 0.02065431 0.02771761 0.02377491 0.17098609 0.06309783 0.00628568 0.01257491 0.04109142
117 0.09113495 0.08197115 0.04301568 0.07811976 0.00738359 0.12343293 0.10816794 0.04387367 0.02279889 0.03505818 0.04434717 0.08988345 0.01717039 0.01727169 0.03071618 0.06660356 0.03979828 0.00721638 0.01217929 0.03985688
118 0.11686809 0.01925871 0.02757412 0.01216031 0.03049732 0.01723001 0.02060352 0.23446618 0.01173591 0.03289773 0.05703814 0.01792891 0.06795525 0.01867301 0.01787701 0.10973508 0.12758610 0.00631358 0.00391035 0.04969064
119 0.03777961 0.01554900 0.01095230 0.00816906 0.00911623 0.01336690 0.01376370 0.01706840 0.00852687 0.15849903 0.31731607 0.01682270 0.07990932 0.07034532 0.01011480 0.03194661 0.02913861 0.00751212 0.02195330 0.12215003
120 0.25326212 0.02752161 0.02831591 0.02351971 0.03054061 0.03067682 0.03605412 0.09246165 0.01881091 0.04571722 0.04119792 0.02959771 0.01636751 0.02082301 0.02567871 0.13301007 0.06837433 0.00675331 0.01347841 0.05783833
121 0.25553287 0.02647159 0.02797419 0.02352429 0.03080018 0.03075178 0.03601198 0.09268885 0.01858339 0.04616808 0.04085478 0.02925359 0.01558909 0.02117349 0.02642029 0.13213993 0.06820207 0.00639701 0.01344349 0.05801907
122 0.15683294 0.02056629 0.02947889 0.02947729 0.01913419 0.02037029 0.01527619 0.41141984 0.01398579 0.01368539 0.01930279 0.01830979 0.00653398 0.01681729 0.01147080 0.13808794 0.04138228 0.00259236 0.00259226 0.01268339
123 0.15416710 0.02135461 0.03444702 0.01198981 0.02148861 0.01333711 0.01640681 0.13181408 0.00961015 0.05861114 0.03338782 0.01765701 0.01623731 0.01523981 0.01852911 0.20383113 0.17054311 0.00349159 0.00509385 0.04276283
124 0.04036159 0.00699775 0.00488955 0.00078864 0.00896283 0.00877659 0.00178936 0.00623642 0.00252842 0.26956596 0.22011497 0.00794930 0.06726599 0.03349909 0.00486772 0.01764460 0.03395639 0.00203276 0.00935111 0.25242096
125 0.04549714 0.00499905 0.00481644 0.00180348 0.01024491 0.00917400 0.00348753 0.00716852 0.00407043 0.27048924 0.19882718 0.00966508 0.04676184 0.03902443 0.00505944 0.01528841 0.03616723 0.00315387 0.01196351 0.27233824
126 0.14970304 0.07348562 0.02319151 0.02163591 0.01287940 0.12248903 0.06096272 0.02681101 0.01994311 0.04517701 0.06277122 0.07060302 0.08295012 0.01663410 0.02564251 0.05969172 0.04186081 0.00875591 0.00877983 0.06603242
127 0.08992285 0.08623135 0.05092983 0.05584363 0.01512011 0.04361092 0.05504443 0.05345083 0.02117281 0.02180151 0.03132192 0.13462108 0.01316231 0.01664551 0.02657092 0.17373510 0.05562543 0.00798753 0.01210891 0.03509302
128 0.05540390 0.06102820 0.18906099 0.11692299 0.00608204 0.09513309 0.07716509 0.04463850 0.03443920 0.01860070 0.02238560 0.08673349 0.01230320 0.01377560 0.01393990 0.06715860 0.05344620 0.00353224 0.00581799 0.02243250
129 0.03058550 0.00787586 0.00442797 0.00241659 0.00821460 0.00723991 0.00388765 0.00769685 0.00306295 0.21534597 0.32015196 0.00762663 0.08412049 0.06122119 0.00520020 0.02185430 0.02667820 0.00209541 0.01230280 0.16799498
130 0.13903395 0.01178020 0.01337790 0.01035700 0.01705909 0.01824329 0.01298170 0.02056089 0.01272460 0.17482194 0.10247597 0.01889009 0.03118889 0.02424659 0.02594569 0.05324678 0.06471968 0.00540643 0.01016640 0.23277292
131 0.06275584 0.22755613 0.03504542 0.03196592 0.01440621 0.06424564 0.05118053 0.02383151 0.02660432 0.02381891 0.03314292 0.16373009 0.02186861 0.02189841 0.03368422 0.05918233 0.04157572 0.00869273 0.01963531 0.03517922
132 0.03714988 0.00728809 0.00516389 0.00257595 0.00962918 0.00895846 0.00448761 0.00806029 0.00408048 0.21933587 0.28052783 0.00933898 0.06888266 0.06061586 0.00577052 0.02070359 0.03047878 0.00355051 0.01438169 0.19901988
133 0.05554513 0.03175221 0.09196184 0.24841612 0.00610964 0.06099423 0.17365108 0.05782473 0.02936401 0.01521071 0.02086861 0.06743403 0.00565241 0.01284521 0.01191941 0.04804702 0.02697801 0.00535857 0.00808201 0.02198501
134 0.06159538 0.01583879 0.00593957 0.00522489 0.01030520 0.01367270 0.00840181 0.00691964 0.01289400 0.19136093 0.19292393 0.02321709 0.03514359 0.06091418 0.00641274 0.02112159 0.03319489 0.01804129 0.07392187 0.20295593
135 0.10505500 0.01607560 0.01384020 0.01027400 0.01478400 0.02428400 0.02164270 0.02725380 0.01294550 0.13467300 0.22192700 0.02137290 0.05284590 0.04643090 0.01560450 0.05559240 0.04824810 0.00998938 0.02094510 0.12621600
136 0.03550869 0.02772139 0.02462229 0.00987963 0.00703306 0.01137860 0.01977119 0.01051880 0.04669379 0.04098199 0.05996128 0.02679629 0.00904945 0.20511194 0.00585014 0.03757879 0.02070319 0.02287789 0.34102390 0.03693769
137 0.03772651 0.01515530 0.01114750 0.00844465 0.00925837 0.01343880 0.01358350 0.01736400 0.00843924 0.15877804 0.31612107 0.01672710 0.07931292 0.07088352 0.01093640 0.03138071 0.02925781 0.00752391 0.02227361 0.12224703
138 0.04073659 0.02000060 0.03110659 0.01168750 0.00989935 0.01178360 0.01594490 0.02524899 0.03263939 0.07371299 0.13227397 0.02211800 0.02589079 0.23496695 0.00718165 0.03106589 0.02886689 0.01587310 0.16452897 0.06447329
139 0.11563506 0.01729681 0.03215442 0.03856442 0.01082911 0.02538801 0.02085111 0.50411027 0.01735301 0.01439511 0.02666531 0.01578481 0.00766246 0.02032661 0.01098121 0.07380204 0.02642711 0.00227358 0.00478193 0.01471761
140 0.02437050 0.00501744 0.00309996 0.00226105 0.00885747 0.00471686 0.00241829 0.00598675 0.00335303 0.17466702 0.35848603 0.00785702 0.07023121 0.13395101 0.00245052 0.01610710 0.01700870 0.00280562 0.02032740 0.13602701
141 0.17781604 0.02150100 0.02900621 0.00756970 0.05363651 0.02125340 0.01560190 0.03349031 0.01074250 0.03415901 0.06157881 0.01898670 0.08432282 0.01560670 0.01923360 0.19122004 0.11635202 0.00651736 0.00574114 0.07566422
142 0.06453427 0.01620272 0.01466012 0.00975861 0.01264311 0.01509002 0.01360301 0.01323241 0.01180291 0.22034924 0.14814416 0.02093142 0.04036914 0.03621374 0.01206731 0.03373994 0.04619065 0.00642931 0.01622662 0.24781127
143 0.11408900 0.01663740 0.03199840 0.03822460 0.01051040 0.02526430 0.02081620 0.51042199 0.01719580 0.01419860 0.02631140 0.01558650 0.00808929 0.02058450 0.00995843 0.07267500 0.02646730 0.00211284 0.00448125 0.01437680
144 0.09970410 0.05789450 0.06008390 0.14834399 0.00649820 0.05988350 0.08633360 0.05619440 0.01933190 0.01860530 0.02615130 0.13065199 0.00561554 0.01462110 0.01490750 0.12202499 0.03488450 0.00402593 0.00678338 0.02746040
145 0.30860513 0.01533431 0.02732621 0.01044660 0.04464202 0.01310341 0.01461601 0.22795410 0.00806910 0.01945231 0.01334121 0.01141680 0.00545372 0.01151750 0.00998229 0.18902608 0.05205052 0.00175038 0.00228179 0.01363051
146 0.03573197 0.00538172 0.00312627 0.00095815 0.00902764 0.00727535 0.00162531 0.00613631 0.00224447 0.25368078 0.26225078 0.00723475 0.06520864 0.04982936 0.00388948 0.01635489 0.02996467 0.00173036 0.01132429 0.22702481
147 0.26316291 0.01299760 0.02228709 0.00989202 0.03226079 0.02544189 0.01360040 0.05486318 0.00858064 0.01672259 0.01988569 0.01235670 0.00974802 0.00894205 0.01199970 0.34091588 0.09491547 0.00262453 0.01412519 0.02467769
148 0.11244399 0.02946670 0.04231250 0.05775810 0.01072590 0.05680040 0.14828499 0.12169899 0.02381710 0.06886710 0.06805140 0.04246090 0.01340180 0.01573650 0.02721620 0.06968910 0.03594140 0.00532486 0.01359490 0.03640720
149 0.03572749 0.00628757 0.00378306 0.00135389 0.00873191 0.00759499 0.00231437 0.00660844 0.00262747 0.25420790 0.26437790 0.00754737 0.06926657 0.04561238 0.00443265 0.01791419 0.03025769 0.00165767 0.01076160 0.21893491
150 0.02414729 0.01052380 0.00448559 0.00097572 0.00663728 0.00607152 0.00230573 0.00797348 0.00175986 0.19907094 0.36206089 0.00506889 0.11705396 0.05030248 0.00613824 0.02737219 0.02626099 0.00132714 0.00801606 0.13244796
151 0.09232833 0.06016402 0.02660761 0.01535041 0.00965010 0.03316171 0.02940421 0.09040663 0.01367960 0.02308331 0.03075881 0.02088601 0.00999362 0.00873117 0.35641012 0.09186603 0.05623702 0.00434825 0.00351822 0.02341481
152 0.06154011 0.22604503 0.03517910 0.03207830 0.01383350 0.06405791 0.05091191 0.02340310 0.02652730 0.02495520 0.03391770 0.16446102 0.02215830 0.02152100 0.03311910 0.05904971 0.04171941 0.00974767 0.02032860 0.03544600
153 0.08528402 0.06319572 0.02609531 0.01625930 0.00908192 0.03607511 0.03258221 0.03399301 0.01681260 0.02972511 0.03972101 0.01944371 0.01210300 0.01098910 0.37960410 0.07662332 0.06926302 0.00403793 0.00663449 0.03247601
154 0.03186550 0.00775935 0.01778070 0.00426203 0.00909596 0.00644915 0.00697420 0.00954337 0.01768870 0.15803701 0.22631701 0.01126910 0.04400310 0.17996201 0.00379271 0.01819270 0.02283830 0.00458677 0.08815431 0.13142801
155 0.22621786 0.02090089 0.02766178 0.01478829 0.02927898 0.02161679 0.02252189 0.20941087 0.01263179 0.02610758 0.06302536 0.01802319 0.01351779 0.01346509 0.01373689 0.17650889 0.05541037 0.00398798 0.00427315 0.02691458
156 0.06437538 0.03780929 0.20216695 0.09617757 0.01082390 0.03615579 0.06247218 0.05344359 0.04324219 0.02776789 0.03160839 0.05586288 0.02169549 0.03456119 0.01928499 0.08027238 0.06028238 0.00594437 0.02173559 0.03431759
157 0.02601377 0.00890220 0.00526901 0.00109231 0.00755534 0.00640423 0.00230502 0.00780365 0.00204579 0.19072981 0.35815464 0.00572569 0.10845189 0.06092084 0.00555116 0.02554257 0.02569267 0.00207383 0.00982070 0.13994486
158 0.03525812 0.02964862 0.03828382 0.04517253 0.00792148 0.01742671 0.03093102 0.01634521 0.04069872 0.03798582 0.07470824 0.04290992 0.00851363 0.20195312 0.00574031 0.02816742 0.01837661 0.04124282 0.24898514 0.02973072
159 0.04695207 0.00303488 0.00320553 0.00065598 0.01001269 0.00842531 0.00145723 0.00588545 0.00287177 0.31512578 0.15211290 0.00887395 0.03317348 0.02606288 0.00317410 0.00905273 0.03704917 0.00197898 0.00974433 0.32115078
160 0.04892684 0.17830616 0.08627118 0.08174647 0.00254822 0.11108010 0.06085506 0.01926312 0.02051872 0.01494701 0.01727072 0.22471420 0.01004271 0.01304131 0.00523361 0.04000054 0.03919084 0.00139342 0.00322714 0.02142262
161 0.03657224 0.04707205 0.00874511 0.01391771 0.00503337 0.02063072 0.01895762 0.00513693 0.04507764 0.02129832 0.11127011 0.04772615 0.01375931 0.11921212 0.00419853 0.02854383 0.01376451 0.10085410 0.30628630 0.03194333
162 0.03548101 0.02788001 0.02573201 0.01001400 0.00707803 0.01174050 0.01988581 0.01077290 0.04732382 0.04067421 0.05825152 0.02745081 0.00905782 0.20554707 0.00589010 0.03729241 0.02103001 0.02303791 0.33852312 0.03733691
163 0.25420300 0.01328790 0.02057550 0.01519490 0.01911540 0.01426950 0.01362150 0.44132899 0.01025670 0.01414920 0.01334950 0.00651343 0.00421670 0.01626070 0.00441915 0.09155150 0.03610610 0.00107368 0.00089215 0.00961450
164 0.04665219 0.00321480 0.00334136 0.00067139 0.00996840 0.00849453 0.00158108 0.00603830 0.00294599 0.31159496 0.15862998 0.00877156 0.03523830 0.02728590 0.00335306 0.00971884 0.03665660 0.00195113 0.00990867 0.31398296
165 0.04503811 0.06508431 0.09449531 0.21937703 0.00526097 0.06337641 0.13117102 0.05527461 0.02305670 0.01393250 0.02072770 0.13410602 0.00452281 0.01321880 0.00710188 0.04742681 0.02504440 0.00343725 0.00732676 0.02102060
166 0.05511142 0.01597701 0.00875902 0.00952046 0.00803420 0.04305122 0.02619521 0.01324670 0.00907679 0.22325208 0.20157907 0.02173571 0.05259252 0.03087351 0.01125520 0.02394471 0.03052811 0.00477848 0.01588951 0.19459907
167 0.16965696 0.02157310 0.02750129 0.02642119 0.02154410 0.01830390 0.01365840 0.36419792 0.01186560 0.01375350 0.01722530 0.02034270 0.00598409 0.01546830 0.01134440 0.17532196 0.04880809 0.00251117 0.00235765 0.01216040
168 0.06184207 0.08792975 0.02734709 0.02857888 0.01029419 0.03625998 0.04755917 0.01562749 0.02120879 0.11674194 0.07760386 0.11863394 0.02430899 0.02730349 0.01133249 0.04167658 0.04489488 0.00809254 0.01669799 0.17606590
169 0.09232423 0.08057612 0.04300431 0.07848452 0.00759321 0.12292704 0.10646603 0.04404501 0.02334561 0.03521701 0.04414701 0.08855703 0.01760191 0.01749001 0.03165221 0.06692282 0.03963481 0.00721848 0.01205080 0.04074181
170 0.03417167 0.03527837 0.00665206 0.01023019 0.00865908 0.01699078 0.01895798 0.00704055 0.02226318 0.09216241 0.24930476 0.04325616 0.03819556 0.10257690 0.00546382 0.02155598 0.01496009 0.03572557 0.15627485 0.08028002
171 0.06186839 0.22470498 0.03450830 0.03193800 0.01440200 0.06383239 0.05109959 0.02398550 0.02673930 0.02453260 0.03458810 0.16296198 0.02239070 0.02194380 0.03449530 0.05883679 0.04095340 0.00956631 0.02174570 0.03490690
172 0.02439947 0.01298929 0.00715259 0.00129426 0.00618291 0.00608412 0.00302723 0.00884358 0.00196425 0.18449379 0.37281957 0.00460456 0.13458885 0.03932456 0.00804724 0.03991195 0.03013697 0.00129496 0.00594197 0.10689788
173 0.05567659 0.03113010 0.09211739 0.24826596 0.00583963 0.06071289 0.17287797 0.05851029 0.02958870 0.01531700 0.02119470 0.06823069 0.00546076 0.01278160 0.01176700 0.04781089 0.02712540 0.00542669 0.00811127 0.02205450
174 0.06714228 0.04285119 0.04590339 0.13879496 0.00579634 0.07202898 0.28369993 0.03114599 0.02449209 0.01910330 0.02805009 0.07794878 0.00994027 0.01373620 0.01852130 0.04635169 0.03079189 0.00542215 0.01370790 0.02457129
175 0.05373770 0.01738670 0.07786440 0.29274001 0.00445493 0.06700470 0.26485101 0.03032860 0.02684910 0.01055010 0.01125050 0.04802090 0.00420601 0.00565739 0.00720726 0.03503470 0.02319480 0.00247812 0.00357825 0.01360480
176 0.08796010 0.03013480 0.06500690 0.16314200 0.00608298 0.05487780 0.11940600 0.03442090 0.03498870 0.02512680 0.03580980 0.04262000 0.00677946 0.01059940 0.11005700 0.07160740 0.04131170 0.00435365 0.00636154 0.04935310
177 0.11308812 0.02673553 0.03035093 0.01792412 0.02279053 0.01866542 0.01926322 0.02592393 0.02507173 0.08914490 0.08743060 0.02578163 0.04052884 0.02463033 0.02336773 0.14642116 0.08257039 0.00879471 0.01164001 0.15987618
178 0.20588587 0.01455809 0.01390279 0.00564320 0.10875793 0.01238089 0.00968030 0.03025248 0.01183089 0.05535206 0.05490406 0.01542639 0.04207397 0.01633019 0.02241439 0.12533992 0.11538692 0.00587127 0.00568347 0.12832492
179 0.07004815 0.02113448 0.02668878 0.14612689 0.00192242 0.13499690 0.36127974 0.02374938 0.02089148 0.01540489 0.02584808 0.04587017 0.00802121 0.00359175 0.01575969 0.03231068 0.02114828 0.00210416 0.00381908 0.01928379
