1 0.36946200 0.00853125 0.01147480 0.01557380 0.05679500 0.00857799 0.01024620 0.07840570 0.00926696 0.02510790 0.03048820 0.00767345 0.01188120 0.00530252 0.01775090 0.19436300 0.07371260 0.00105524 0.00482329 0.05950800
2 0.11363703 0.03531841 0.02711391 0.04100391 0.01992730 0.07340502 0.05388581 0.03935681 0.02479631 0.03982251 0.09067862 0.04366691 0.03205871 0.08766722 0.03189251 0.08148272 0.05079801 0.00999617 0.05744741 0.04604471
3 0.28314582 0.01581049 0.02592298 0.02226749 0.03267278 0.01896229 0.01835299 0.09738444 0.01048019 0.02276169 0.02726268 0.01763449 0.01230919 0.00879104 0.02578718 0.21746486 0.08793304 0.00211591 0.00822466 0.04471577
4 0.06773017 0.01348751 0.01358461 0.00883263 0.01562992 0.01075911 0.01495151 0.01674612 0.00721025 0.23165622 0.15490615 0.01553822 0.03031163 0.03309663 0.00945989 0.03439633 0.04400524 0.00315209 0.01445951 0.26008625
5 0.05933013 0.00898614 0.00800893 0.00283974 0.01099941 0.00710767 0.00612195 0.00950307 0.00546779 0.22925513 0.25934115 0.00554982 0.05338533 0.04796203 0.00522388 0.02074971 0.03249872 0.00366063 0.00987963 0.21412912
6 0.16371787 0.02427148 0.01774219 0.01919788 0.02151198 0.02424728 0.04162867 0.03060448 0.01278969 0.03684027 0.03656397 0.02782208 0.01991658 0.01312059 0.17371086 0.08032674 0.13296789 0.00715427 0.00974131 0.10612392
7 0.15000305 0.03287391 0.04866872 0.04089601 0.02469171 0.03220791 0.03473411 0.07572972 0.01579091 0.02998121 0.03751421 0.03835701 0.01781701 0.01698371 0.03198701 0.20871907 0.09896763 0.00484767 0.01685051 0.04237891
8 0.04515110 0.18035598 0.05172709 0.03833900 0.01168930 0.06112849 0.06727349 0.03706120 0.02566140 0.01929620 0.03391610 0.22033998 0.02152670 0.01068230 0.01851950 0.05949329 0.04800710 0.00390690 0.01353400 0.03239090
9 0.05338615 0.08084192 0.04462646 0.10605889 0.00555575 0.07442863 0.19948280 0.03707846 0.02530557 0.02187278 0.02667697 0.13855686 0.01447719 0.00853555 0.01392479 0.05234005 0.05552214 0.00272232 0.00995815 0.02864857
10 0.13058600 0.01757670 0.05408000 0.02642180 0.02174780 0.02503170 0.02069900 0.03006810 0.01146190 0.02552920 0.02552150 0.02596090 0.01580930 0.01195030 0.01949440 0.27603600 0.21067800 0.00249726 0.00867274 0.04017740
11 0.08940322 0.12074403 0.05022291 0.03704801 0.01938450 0.04503961 0.03745271 0.06273301 0.01963560 0.02274591 0.02905811 0.07860932 0.01520440 0.01273430 0.03823771 0.19812404 0.07350182 0.00475218 0.01623700 0.02913161
12 0.04045789 0.01147090 0.00809367 0.00391816 0.00974175 0.01104800 0.00843227 0.00789921 0.00762112 0.20632697 0.27380596 0.01106990 0.08879809 0.05444819 0.00475904 0.02317070 0.04641269 0.00476504 0.01842650 0.15933397
13 0.06159562 0.03569471 0.11827003 0.07138702 0.01857520 0.03654941 0.05729311 0.17074004 0.03846221 0.02014191 0.02943851 0.05407331 0.01185580 0.01101840 0.02055161 0.10736403 0.09072082 0.00347425 0.01564940 0.02714461
14 0.04015767 0.00935002 0.00673075 0.00152064 0.00739685 0.00702096 0.00466548 0.00629056 0.00621114 0.19977385 0.33502775 0.00570904 0.07570994 0.06626825 0.00436322 0.01419219 0.02859838 0.00465485 0.01157859 0.16477988
15 0.03841592 0.02009691 0.01473941 0.01351201 0.02167661 0.02461281 0.01990121 0.01734451 0.02306171 0.10858206 0.17132810 0.02296441 0.11048406 0.09564085 0.00812373 0.04342042 0.05787913 0.01175881 0.10459506 0.07186224
16 0.03641989 0.01218470 0.00920527 0.00433777 0.01067340 0.01236500 0.00621245 0.00937869 0.01930650 0.11605198 0.31735094 0.00862467 0.07658269 0.12920198 0.00575154 0.01998050 0.02600550 0.01336570 0.08738608 0.07961478
17 0.06966886 0.05542077 0.02916438 0.03953788 0.01114739 0.04940997 0.03935178 0.03782568 0.01867109 0.02084929 0.04748917 0.07854656 0.01287889 0.00946369 0.29878484 0.08840975 0.05198657 0.00866609 0.00901155 0.02371579
18 0.05336681 0.02713191 0.01743390 0.01541950 0.01370630 0.02497330 0.02443930 0.02443010 0.01256680 0.12223402 0.23945205 0.03479221 0.10080002 0.05698621 0.01416150 0.04660091 0.05172621 0.00595041 0.02122530 0.09260322
19 0.19799904 0.02533620 0.03044881 0.10254902 0.03146001 0.03183931 0.04861051 0.05922401 0.01993560 0.02142460 0.03951211 0.03209031 0.01854640 0.06563421 0.02535820 0.11017202 0.06339681 0.00653862 0.02184180 0.04808241
20 0.06243683 0.04938672 0.05313752 0.15304807 0.00752087 0.06495853 0.21882110 0.04741612 0.02504061 0.02497791 0.02815171 0.07080393 0.01392631 0.00956015 0.02148161 0.05670043 0.05006672 0.00295133 0.01176211 0.02785141
21 0.06850058 0.03027969 0.07756788 0.19261595 0.01519970 0.04142799 0.13576596 0.04275699 0.02085249 0.02689219 0.02462039 0.04371939 0.01486550 0.01154980 0.02046289 0.09298768 0.09387888 0.00321216 0.01265380 0.03019009
22 0.05974739 0.03327370 0.08244679 0.23484897 0.01187140 0.04376159 0.17939398 0.05409209 0.01952800 0.01929910 0.02143500 0.04888229 0.00971906 0.00918427 0.02189730 0.07337059 0.04143709 0.00268200 0.01234960 0.02077980
23 0.02757610 0.32550800 0.04630850 0.01911030 0.00940715 0.06369230 0.03379650 0.02131920 0.03219090 0.00982695 0.02090190 0.26871300 0.01374450 0.00417659 0.00655024 0.03945290 0.02409940 0.00085868 0.01377300 0.01899390
24 0.07652250 0.03445210 0.03909680 0.03147590 0.01968770 0.03741690 0.02336020 0.15294200 0.05687310 0.02328550 0.04570670 0.02606180 0.01303340 0.09200470 0.01351810 0.08600630 0.03140140 0.01981210 0.14861300 0.02872980
25 0.16011106 0.12703505 0.02914411 0.03287531 0.01770711 0.04921482 0.05455842 0.07197263 0.02419551 0.02612041 0.04131731 0.08739033 0.01488211 0.01143440 0.04828572 0.09505033 0.05698372 0.00329084 0.01300210 0.03542871
26 0.04911530 0.16057200 0.04256500 0.02856990 0.01560510 0.05415290 0.06335630 0.03543890 0.02320840 0.02409830 0.03759940 0.18059600 0.02161700 0.03895730 0.01906430 0.06057570 0.08505510 0.00513229 0.01473850 0.03998230
27 0.04701698 0.10426395 0.06933906 0.14725992 0.01204019 0.05836097 0.13506793 0.04508378 0.02207749 0.01653899 0.02344279 0.14108693 0.01211299 0.00890561 0.01845989 0.06656827 0.03912508 0.00319821 0.01160249 0.01844849
28 0.26035285 0.02298649 0.02038229 0.02668598 0.02957078 0.02133369 0.02985488 0.09185915 0.01330629 0.04575397 0.05508797 0.02312619 0.01741849 0.01671389 0.03584138 0.13945992 0.06728256 0.00386927 0.01279659 0.06631736
29 0.04651178 0.01649399 0.01167950 0.00662667 0.00934061 0.01460949 0.01051310 0.01268109 0.01116880 0.15213494 0.32938686 0.01413999 0.07657177 0.07400927 0.01052060 0.02493409 0.03231869 0.00725174 0.02107709 0.11802995
30 0.03490840 0.01041090 0.00628770 0.00169389 0.00680036 0.00832178 0.00565521 0.00562743 0.00838088 0.16042898 0.37064096 0.00709854 0.09782949 0.08915609 0.00431823 0.01553900 0.03024350 0.00676339 0.02022030 0.10967499
31 0.06656353 0.03805031 0.03383511 0.09249434 0.00954589 0.04587362 0.05870752 0.03511041 0.01449941 0.01838491 0.03693321 0.04085592 0.01037140 0.00958888 0.31932612 0.09224344 0.04394192 0.00569472 0.00786812 0.02011121
32 0.20077198 0.02164960 0.03131720 0.02937780 0.02145600 0.02003850 0.01923040 0.23446298 0.01123410 0.01429300 0.01888120 0.02417480 0.01026860 0.01104870 0.02096830 0.22035698 0.04566670 0.00399550 0.01527660 0.02553110
33 0.12336501 0.06067001 0.02996260 0.02501130 0.01804380 0.03742010 0.06690191 0.03071800 0.01585600 0.03585200 0.04883840 0.14418601 0.02472990 0.01679470 0.02719880 0.08312841 0.08258041 0.00754111 0.01302950 0.10817201
34 0.05512580 0.00641715 0.00954244 0.00424931 0.01391110 0.00520504 0.00621601 0.01549950 0.00326711 0.29645801 0.14984000 0.00377904 0.02394530 0.02320250 0.00317037 0.02017770 0.03617340 0.00167037 0.00771983 0.31443001
35 0.14939298 0.03365970 0.04860599 0.04021469 0.02518340 0.03264520 0.03450660 0.07512749 0.01641440 0.03009590 0.03805259 0.03938969 0.01792960 0.01690370 0.03209860 0.20662297 0.09794909 0.00501554 0.01709380 0.04309809
36 0.05067332 0.16378107 0.09355634 0.05114532 0.01766061 0.05159182 0.04632492 0.04520182 0.02693241 0.01771361 0.02434401 0.13509006 0.01402451 0.00966245 0.02291911 0.12977405 0.05554592 0.00348303 0.01561981 0.02495581
37 0.26994275 0.01344059 0.02962117 0.02003328 0.03110787 0.01795228 0.01445959 0.09018962 0.00954971 0.02003118 0.02395848 0.01624109 0.01196759 0.00900051 0.02032708 0.24982377 0.10209791 0.00186461 0.00792886 0.04046206
38 0.05987255 0.03420583 0.08179137 0.23342821 0.01158751 0.04501324 0.18009716 0.05302405 0.01949362 0.01865622 0.02095372 0.05006255 0.01026681 0.00950246 0.02187102 0.07299877 0.04173024 0.00281155 0.01194461 0.02068852
39 0.19748216 0.02001512 0.01611411 0.01996822 0.02666422 0.02204062 0.02521242 0.04892694 0.01141681 0.07176886 0.12494410 0.02346992 0.06314295 0.02914752 0.03488483 0.10397408 0.06596865 0.00417449 0.01298741 0.07769656
40 0.15103508 0.03192622 0.04799102 0.03955402 0.02509521 0.03198092 0.03446392 0.07353334 0.01575961 0.03060932 0.03782632 0.03925762 0.01862181 0.01726331 0.03200992 0.20775111 0.09986655 0.00492328 0.01696411 0.04356732
41 0.36229133 0.01071141 0.01261461 0.01489431 0.03949694 0.01146541 0.01198601 0.10616310 0.00876402 0.02180212 0.02693712 0.01030701 0.01082191 0.00567580 0.02268982 0.19854118 0.06841706 0.00135771 0.00564778 0.04941535
42 0.32353586 0.01426599 0.01838049 0.01917369 0.03642148 0.01517199 0.01636479 0.10426496 0.00981169 0.02294109 0.02801719 0.01442759 0.01200139 0.00739469 0.02603379 0.19979091 0.07515967 0.00181528 0.00717587 0.04785158
43 0.23274004 0.01541570 0.01750190 0.02537420 0.06475801 0.01888860 0.02096990 0.04622261 0.01271540 0.05088991 0.07565051 0.01961090 0.05660401 0.02159080 0.02202020 0.13468002 0.07398901 0.00333423 0.01642810 0.07061591
44 0.10054805 0.01771021 0.02257651 0.01747021 0.02070391 0.01691301 0.02780881 0.02004581 0.01054970 0.13377606 0.09273504 0.03156771 0.03207151 0.02258241 0.02096841 0.08950634 0.12719806 0.00416365 0.01496151 0.17614308
45 0.04994010 0.00509635 0.00813924 0.00207410 0.01271570 0.00427285 0.00454605 0.00787693 0.00229290 0.30435200 0.16256000 0.00250020 0.02469320 0.02555350 0.00195269 0.01440800 0.03277150 0.00115106 0.00657663 0.32652700
46 0.05897511 0.03421340 0.08185041 0.23650803 0.01202340 0.04447691 0.18093802 0.05312381 0.01948520 0.01928310 0.02151580 0.04906961 0.01015520 0.00968968 0.02022810 0.07169771 0.04089920 0.00274230 0.01245260 0.02067240
47 0.03058859 0.29446086 0.05051818 0.02124169 0.01004270 0.06058757 0.03679058 0.02321119 0.02796009 0.01006840 0.02003289 0.26871488 0.01498769 0.00521606 0.00795082 0.05475117 0.02702239 0.00165578 0.01311149 0.02108699
48 0.11010700 0.02697360 0.03730250 0.03387510 0.02706040 0.03361200 0.03341790 0.04384660 0.01446590 0.05339610 0.07792160 0.03833330 0.07651140 0.02531720 0.02401390 0.17656501 0.08954560 0.00501566 0.01853410 0.05418510
49 0.06187800 0.05270120 0.02899040 0.02744740 0.06238880 0.04200560 0.02360540 0.03237890 0.01846940 0.05348460 0.20010599 0.09445769 0.05256110 0.04311710 0.02170660 0.05934390 0.04470820 0.00633727 0.02562940 0.04868310
50 0.05921021 0.08720721 0.04638881 0.03243760 0.01414150 0.06380361 0.08261511 0.03055790 0.05499811 0.02800630 0.03933850 0.14550902 0.01956650 0.01147090 0.02255120 0.07108261 0.13392301 0.00511189 0.01522410 0.03685590
51 0.14960505 0.03257591 0.04840512 0.04092841 0.02480681 0.03226131 0.03541471 0.07452953 0.01577471 0.03008021 0.03834671 0.03917261 0.01812431 0.01750861 0.03176381 0.20659307 0.09878573 0.00487716 0.01772231 0.04272391
52 0.02489930 0.33703395 0.04815469 0.01693790 0.00917649 0.06241179 0.02834270 0.01835580 0.03137160 0.00818508 0.01875230 0.28317096 0.01415610 0.00362465 0.00376946 0.03730949 0.02140760 0.00071507 0.01345980 0.01876530
53 0.04393302 0.00821916 0.00738159 0.00191000 0.00918366 0.00661591 0.00508985 0.00694624 0.00525598 0.23513413 0.27475415 0.00509956 0.05863833 0.05203183 0.00376321 0.01486581 0.03070462 0.00366490 0.01083691 0.21597112
54 0.06413045 0.01443461 0.01289981 0.00874347 0.01342741 0.01447011 0.01144961 0.01480301 0.00917020 0.18650613 0.24398518 0.01188271 0.05960274 0.04804093 0.01290531 0.05083774 0.04563643 0.00567743 0.01589961 0.15549711
55 0.04060369 0.21798597 0.03994299 0.04241349 0.00645779 0.08025429 0.10836099 0.02609350 0.03077880 0.01793720 0.02819140 0.21510997 0.01419550 0.00605593 0.00861033 0.04469589 0.03763100 0.00135368 0.01105810 0.02226950
56 0.05569025 0.03457013 0.10454710 0.19246318 0.01123821 0.04296334 0.17399217 0.05703025 0.01865422 0.01627452 0.01986912 0.05905756 0.01197301 0.00714560 0.01504411 0.10422610 0.04511604 0.00218771 0.00841886 0.01953852
57 0.04226631 0.01416940 0.01129380 0.00958897 0.01386740 0.01737960 0.01581290 0.00965409 0.01067020 0.19199902 0.19067002 0.01872190 0.10753001 0.03893710 0.00779316 0.04506121 0.09482381 0.00557146 0.02881760 0.12537202
58 0.18040208 0.03674352 0.05151862 0.11279605 0.02397081 0.04448492 0.09330134 0.06732063 0.05112632 0.02018201 0.03496762 0.03493432 0.01196361 0.01348161 0.02031101 0.09704254 0.05691823 0.00270416 0.01503921 0.03079141
59 0.03332417 0.01419249 0.01647898 0.01396349 0.02306978 0.01838728 0.01697138 0.01455889 0.03735636 0.12733988 0.06738414 0.01352359 0.05727085 0.12233388 0.00914765 0.05038345 0.09051311 0.02174108 0.18259082 0.06946873
60 0.06845241 0.00570496 0.00835222 0.00311559 0.01484170 0.00472436 0.00562157 0.01068040 0.00280952 0.28537606 0.15894503 0.00314049 0.02504621 0.02521161 0.00363184 0.02306890 0.03607801 0.00141185 0.00684420 0.30694306
61 0.04051619 0.00943172 0.00660278 0.00149449 0.00748738 0.00730207 0.00464630 0.00617541 0.00625664 0.20028795 0.33348292 0.00578003 0.07555368 0.06575408 0.00416612 0.01424130 0.02885089 0.00469850 0.01160160 0.16566996
62 0.03630121 0.04528861 0.02354870 0.01315780 0.01120050 0.04501301 0.03753491 0.01426310 0.01328510 0.12276402 0.16905403 0.11284902 0.11253302 0.03400311 0.00961595 0.03973601 0.06502251 0.00489527 0.01871360 0.07122051
63 0.04946258 0.00516597 0.00802401 0.00201331 0.01233770 0.00430423 0.00469302 0.00795107 0.00249231 0.30255990 0.16656995 0.00250618 0.02639509 0.02638069 0.00200727 0.01449960 0.03334139 0.00135408 0.00700078 0.32094089
64 0.05923600 0.03187800 0.07139520 0.24290099 0.00482780 0.05749540 0.25785699 0.04434530 0.02088120 0.01607370 0.01587390 0.04737320 0.00656829 0.00560986 0.01162290 0.04862570 0.03369040 0.00082479 0.00818818 0.01473220
65 0.13078809 0.02387962 0.06480164 0.03318152 0.06772995 0.03265152 0.02093761 0.04119433 0.05570934 0.03421302 0.03191532 0.02576462 0.02229902 0.01231411 0.01827421 0.18304412 0.13082009 0.00383802 0.02178691 0.04485693
66 0.18997413 0.02402762 0.02631302 0.02913542 0.02472022 0.02956392 0.02255282 0.10469407 0.02031381 0.02682992 0.03956843 0.02715452 0.01610771 0.04536643 0.01948031 0.17399712 0.05419424 0.01009131 0.07663815 0.03927683
67 0.25127016 0.01670331 0.01986761 0.01911971 0.03527232 0.01676001 0.01955111 0.05849374 0.01049781 0.07668065 0.05393834 0.01536081 0.01907501 0.01226481 0.02786482 0.16902311 0.08444855 0.00344730 0.00993366 0.08042715
68 0.04491200 0.02922220 0.08439349 0.27745197 0.00443993 0.04807540 0.24614998 0.04788370 0.01658550 0.01447220 0.01288390 0.05544739 0.00542042 0.00427599 0.01042870 0.05064910 0.02814100 0.00062890 0.00703945 0.01149880
69 0.09230647 0.02124762 0.02307132 0.02087962 0.02134232 0.01973282 0.02248852 0.02774762 0.01201271 0.17312014 0.11371609 0.02037812 0.03819763 0.02593272 0.02234782 0.10004508 0.07510606 0.00662221 0.01976102 0.14394412
70 0.06273647 0.04343828 0.05297867 0.15421592 0.00835949 0.07105126 0.20146390 0.03759288 0.02607639 0.02362579 0.04675858 0.05876817 0.01751439 0.00955810 0.01650999 0.06145837 0.07076356 0.00210113 0.01219479 0.02283389
71 0.03911871 0.01225250 0.00841219 0.00437037 0.00942779 0.01261300 0.00976586 0.00823962 0.00831512 0.18700404 0.29000606 0.01338320 0.10158902 0.05910141 0.00537448 0.02464441 0.04734941 0.00518506 0.01942070 0.13442703
72 0.04918580 0.00390161 0.00773472 0.00136807 0.01267310 0.00345089 0.00356413 0.00749927 0.00156066 0.31824397 0.15219899 0.00134820 0.01976450 0.02208400 0.00117324 0.01223780 0.03110400 0.00066206 0.00510403 0.34514097
73 0.19757597 0.03609889 0.03051270 0.07348959 0.01996430 0.04627929 0.13212698 0.05871169 0.02007580 0.02362850 0.03136250 0.04458699 0.01464930 0.00893020 0.04209249 0.09885039 0.06660879 0.00332261 0.00914794 0.04198509
74 0.10669900 0.03316180 0.04080740 0.03415480 0.01977260 0.03341540 0.04534010 0.03307520 0.01944920 0.06050650 0.06143080 0.04615320 0.02749400 0.02038910 0.03499390 0.13743100 0.15323600 0.00525800 0.01690870 0.07032330
75 0.07024222 0.04529031 0.03766491 0.09843143 0.00853734 0.06824802 0.20512106 0.03243641 0.02589501 0.02828551 0.02928871 0.07934452 0.01864621 0.01144790 0.02753071 0.06288212 0.09546483 0.00398745 0.01354940 0.03770591
76 0.11706603 0.04885261 0.02958921 0.06343052 0.01333580 0.06543742 0.14250804 0.03732781 0.02544631 0.04474481 0.09579612 0.05870932 0.02567361 0.01653680 0.02678321 0.06788672 0.05840262 0.00414284 0.01217070 0.04615951
77 0.26175907 0.02312741 0.01985900 0.02623781 0.03036271 0.02147101 0.02999011 0.09306702 0.01325800 0.04574281 0.05459561 0.02333021 0.01719700 0.01550630 0.03466311 0.14040604 0.06675812 0.00329215 0.01201160 0.06736492
78 0.05896030 0.01450840 0.01556160 0.01175660 0.01540680 0.01369400 0.01642780 0.01322110 0.00915036 0.23156201 0.14505601 0.01418070 0.04678850 0.02713710 0.01372470 0.04656010 0.07967560 0.00445540 0.01753690 0.20463601
79 0.04742351 0.01653890 0.01132050 0.00718033 0.00927214 0.01515580 0.01148990 0.01290620 0.01119920 0.15261302 0.32574405 0.01412280 0.07597631 0.07327401 0.01119950 0.02502490 0.03221710 0.00707679 0.02095700 0.11930802
80 0.20037608 0.02414281 0.03112441 0.03116991 0.02092411 0.02015031 0.02319121 0.26047010 0.01210540 0.01447921 0.01978291 0.02567761 0.01015810 0.01049980 0.02089431 0.19096308 0.04104752 0.00385590 0.01361071 0.02537651
81 0.19494799 0.02265320 0.04120380 0.03507950 0.07563970 0.02537180 0.02020580 0.06160650 0.01700290 0.03162240 0.03755680 0.02865470 0.01998240 0.01642990 0.02242710 0.19206799 0.08183680 0.00372956 0.01772050 0.05426070
82 0.04616570 0.01034870 0.00918392 0.00371181 0.00986996 0.00933569 0.00749452 0.00820682 0.00666139 0.22285100 0.26077200 0.00847533 0.06390910 0.04851020 0.00567372 0.02165800 0.04449970 0.00415664 0.01286880 0.19564700
83 0.11167597 0.01202470 0.05665278 0.01950869 0.01733179 0.02155829 0.01287680 0.01679630 0.00893392 0.02023649 0.01940799 0.01835779 0.01234250 0.01093320 0.01022120 0.32044291 0.26930992 0.00132249 0.00577548 0.03429079
84 0.26176280 0.02337588 0.01988378 0.02592608 0.03010188 0.02165328 0.02994388 0.09291603 0.01345489 0.04498806 0.05408046 0.02428708 0.01756249 0.01569909 0.03474597 0.13993089 0.06719335 0.00353468 0.01256249 0.06639695
85 0.04344411 0.00692830 0.00664781 0.00099576 0.00891654 0.00491624 0.00350312 0.00625673 0.00415119 0.24541407 0.27310107 0.00326346 0.05542862 0.04993761 0.00248417 0.01243500 0.02861191 0.00299078 0.00840943 0.23216406
86 0.17939098 0.03126300 0.01496580 0.01812120 0.01773830 0.02667170 0.03425470 0.03778160 0.01169720 0.06855119 0.05418299 0.02183970 0.01956940 0.01201590 0.20158798 0.09964169 0.08480859 0.00554995 0.00901126 0.05135689
87 0.14506290 0.04477787 0.02839538 0.03319398 0.01930169 0.03225628 0.02400028 0.12947291 0.01262119 0.02039079 0.02653568 0.03539948 0.01012629 0.01083599 0.17238988 0.15873389 0.05358936 0.00577147 0.01181649 0.02532818
88 0.24280007 0.02882611 0.01314770 0.01851761 0.01949391 0.02752841 0.03064911 0.04843821 0.01104240 0.02323571 0.02807501 0.02053841 0.01660670 0.00750330 0.21578206 0.10736203 0.08518862 0.00386885 0.00554406 0.04585171
89 0.12522904 0.01894271 0.05145061 0.02555681 0.02082631 0.02535351 0.02219051 0.02709791 0.01186350 0.02720851 0.02611361 0.02762761 0.01685820 0.01208940 0.02073281 0.26320907 0.22429006 0.00248394 0.00876648 0.04210941
90 0.04625915 0.01601878 0.01140599 0.00677045 0.00923850 0.01426408 0.01060569 0.01318499 0.01100239 0.15242784 0.32992565 0.01352549 0.07696192 0.07425982 0.01026429 0.02478097 0.03174757 0.00722419 0.02148038 0.11865187
91 0.09786056 0.03732379 0.05563258 0.09058777 0.01834299 0.04533148 0.12178995 0.05293298 0.01742239 0.02117769 0.02700539 0.05457428 0.02002939 0.01094480 0.02795139 0.17589293 0.07690127 0.00378128 0.01236010 0.03215699
92 0.29646062 0.01657078 0.01263298 0.01774738 0.02440107 0.01233808 0.01585288 0.27540764 0.01026759 0.01565378 0.01987987 0.01312838 0.00839004 0.00642695 0.01831018 0.15766680 0.03693975 0.00189364 0.00840673 0.03162486
93 0.06792623 0.01400599 0.01378189 0.00923821 0.01582138 0.01082829 0.01449829 0.01672838 0.00701510 0.23176477 0.15450885 0.01572908 0.03039537 0.03243447 0.00956899 0.03414377 0.04411376 0.00309245 0.01401199 0.26039274
94 0.04541623 0.12549709 0.04284583 0.05449574 0.00673270 0.06558175 0.14057910 0.02816662 0.02333482 0.01921881 0.02598592 0.22029115 0.01946521 0.00886958 0.01059141 0.05124554 0.05955814 0.00349249 0.00968975 0.03894213
95 0.03024253 0.00763757 0.00789896 0.00295110 0.01019911 0.00842791 0.00376046 0.00651686 0.02571762 0.08928098 0.26457823 0.00539483 0.05923895 0.20044017 0.00390848 0.01792222 0.01988932 0.02478332 0.14718813 0.06402326
96 0.13923398 0.03473579 0.04001249 0.04045939 0.02409110 0.02751230 0.04282029 0.15731998 0.02087320 0.03074740 0.03448889 0.04036959 0.01660230 0.01363560 0.03677729 0.12314298 0.11381998 0.00476245 0.01409880 0.04449619
97 0.28043815 0.01607011 0.02584301 0.02261411 0.03286072 0.01863241 0.01885641 0.09744265 0.01057211 0.02273171 0.02762732 0.01802611 0.01263201 0.00933083 0.02542701 0.21718212 0.08814525 0.00230380 0.00842843 0.04483572
98 0.06322401 0.03524950 0.04967910 0.15024001 0.01098780 0.04558870 0.10323501 0.04131830 0.01566350 0.01866610 0.03065410 0.04376130 0.01004370 0.00970552 0.20803902 0.08601121 0.04293910 0.00480745 0.00941785 0.02076870
99 0.05132800 0.15929701 0.05594900 0.10301701 0.01084370 0.07165240 0.11473401 0.04423610 0.06240740 0.01895040 0.02764810 0.11037501 0.00885936 0.00827550 0.01554640 0.05348190 0.03989850 0.00215429 0.02431800 0.01702790
100 0.04737209 0.01690090 0.01153640 0.00742234 0.00933444 0.01494910 0.01176090 0.01259010 0.01134150 0.15245398 0.32452096 0.01457720 0.07544809 0.07383149 0.01022370 0.02528730 0.03206740 0.00732954 0.02186360 0.11918899
101 0.14960196 0.03262249 0.04860669 0.04106719 0.02492369 0.03267089 0.03525189 0.07560538 0.01615820 0.03049899 0.03867109 0.03940389 0.01775920 0.01721910 0.03412859 0.20394595 0.09711758 0.00459055 0.01677480 0.04338189
102 0.12278399 0.01865140 0.01718120 0.01738140 0.01729530 0.01666830 0.03787720 0.03035430 0.01685350 0.07409289 0.11395599 0.03839950 0.03377760 0.06247649 0.03825510 0.06679189 0.06279169 0.05322179 0.04432450 0.11686599
103 0.22794313 0.01858251 0.01763361 0.01683721 0.01557511 0.01226631 0.01752421 0.41083023 0.00998390 0.01054031 0.01644521 0.01511471 0.00826049 0.00647655 0.01195901 0.12646607 0.02471201 0.00213661 0.00863951 0.02207331
104 0.03734201 0.01161220 0.01341090 0.00963946 0.01308130 0.01263020 0.01090160 0.01512000 0.03278981 0.07151521 0.16231503 0.01195010 0.03640631 0.21549704 0.00759066 0.03092221 0.02551680 0.03283991 0.18349803 0.06542121
105 0.20754796 0.01339900 0.01587000 0.01603630 0.03089819 0.01206290 0.02258440 0.03135929 0.00851558 0.09474348 0.06783559 0.01902470 0.02065330 0.01507420 0.03177849 0.11579598 0.11356098 0.00297727 0.00840146 0.15188097
106 0.03865663 0.01349801 0.01299891 0.01007061 0.01679241 0.01435361 0.01300501 0.01271751 0.02513722 0.16789514 0.14718512 0.01131541 0.05434385 0.10653609 0.00787298 0.03577133 0.05193494 0.01744001 0.11717210 0.12530310
107 0.10522805 0.06200353 0.03255992 0.03471472 0.01805231 0.05432693 0.07068633 0.03422062 0.02261501 0.02979801 0.03893342 0.12574906 0.02179421 0.01811321 0.02232531 0.08818244 0.11637305 0.00680893 0.04956892 0.04794602
108 0.03809700 0.00930500 0.00615985 0.00120928 0.00691733 0.00668544 0.00473742 0.00558722 0.00641726 0.19387701 0.33653202 0.00533795 0.08368031 0.07232121 0.00352541 0.01424200 0.03042780 0.00480437 0.01348210 0.15665401
109 0.05146540 0.04662750 0.08473221 0.10472101 0.01371100 0.04767290 0.14362701 0.05879930 0.01982930 0.02582110 0.03961490 0.08811231 0.06174910 0.01480560 0.01419240 0.07920441 0.05509460 0.00398302 0.01224390 0.03399300
110 0.02499120 0.33653205 0.04818601 0.01708890 0.00917689 0.06246921 0.02894300 0.01850730 0.03137370 0.00816044 0.01875350 0.28316004 0.01410730 0.00360420 0.00370505 0.03738641 0.02107820 0.00069898 0.01349280 0.01858480
111 0.06241412 0.04996312 0.05274982 0.15048005 0.00751272 0.06528702 0.21736307 0.04840522 0.02486091 0.02539671 0.02890511 0.07059652 0.01422460 0.01042660 0.02139131 0.05660552 0.05001832 0.00315305 0.01225890 0.02798731
112 0.12531795 0.03065089 0.03882448 0.03754418 0.01495409 0.04871178 0.03371489 0.32568986 0.01723789 0.01037120 0.02364649 0.03463069 0.01151870 0.01041140 0.02143489 0.14993894 0.02782409 0.00385812 0.01679949 0.01691999
113 0.02297901 0.00372536 0.01400181 0.00411275 0.01308081 0.00999618 0.00235663 0.00742341 0.05862833 0.02454001 0.07351024 0.00274196 0.00799098 0.31913019 0.00234086 0.02190551 0.01172011 0.03119582 0.33701220 0.03160782
114 0.22770292 0.01901599 0.01744929 0.01642909 0.01506039 0.01199330 0.01759849 0.41459885 0.00964504 0.01014410 0.01580499 0.01530979 0.00796198 0.00634904 0.01169260 0.12684396 0.02421099 0.00211225 0.00882404 0.02125289
115 0.14831297 0.03312049 0.04884119 0.03973099 0.02528599 0.03219359 0.03397429 0.07576468 0.01609210 0.02966619 0.03863759 0.03895709 0.01813160 0.01719180 0.03314239 0.20747895 0.09862518 0.00483763 0.01702760 0.04298769
116 0.03465177 0.02061028 0.02571097 0.01473099 0.01678248 0.02414968 0.01433579 0.02059938 0.05839854 0.03711186 0.07749572 0.01723468 0.01667858 0.22431378 0.00745909 0.03764066 0.02539587 0.02845967 0.25801774 0.04022246
117 0.04402740 0.25766398 0.04248450 0.03007500 0.01151500 0.06191290 0.04768350 0.03943720 0.03332040 0.02148270 0.03723140 0.19147698 0.01597200 0.00981973 0.02222690 0.05272000 0.03495990 0.00238175 0.01736390 0.02624490
118 0.02539441 0.00413993 0.00995316 0.00365238 0.01300820 0.00837704 0.00263184 0.00725275 0.04609801 0.03787241 0.11324202 0.00336496 0.01854960 0.30048506 0.00273134 0.02089860 0.01335480 0.03443691 0.29598306 0.03857351
119 0.05709747 0.01880289 0.01588589 0.00999255 0.01108169 0.01859389 0.01606219 0.01355299 0.01236839 0.14068993 0.29072085 0.01930039 0.07212876 0.05875257 0.01310069 0.03936288 0.05861277 0.00590927 0.01560499 0.11237894
120 0.13890909 0.01407911 0.01230681 0.01131551 0.02095181 0.01244001 0.01278051 0.05032683 0.00924863 0.17037211 0.17365211 0.01120471 0.03515442 0.02990352 0.01315011 0.06301094 0.04319893 0.00423045 0.01136131 0.16240310
121 0.04519955 0.00724569 0.00739081 0.00156319 0.00950086 0.00549418 0.00414697 0.00703614 0.00449247 0.24413726 0.26293628 0.00417042 0.05254766 0.04846485 0.00334411 0.01374281 0.02954943 0.00297614 0.00895090 0.23711026
122 0.03139942 0.32830924 0.04026783 0.02058492 0.00978244 0.06867855 0.03471183 0.02676312 0.05469234 0.01225671 0.02489742 0.21901416 0.01030541 0.00492839 0.00836995 0.03933003 0.02737772 0.00113380 0.02070442 0.01649231
123 0.04112021 0.01377980 0.00950236 0.00640039 0.00932273 0.01760731 0.01241830 0.00969898 0.00978478 0.14357205 0.32465512 0.01628881 0.10986904 0.06586522 0.00805670 0.02857041 0.05351492 0.00540230 0.01771261 0.09685793
124 0.07595858 0.04026879 0.04116269 0.09723868 0.00995140 0.06040379 0.18784996 0.03248299 0.02138780 0.02503049 0.02537919 0.07442028 0.01943010 0.01017990 0.02455549 0.10092198 0.10223098 0.00365841 0.01213960 0.03534889
125 0.05410262 0.02361821 0.07181343 0.02179661 0.00745474 0.01480451 0.04080502 0.57002721 0.01403141 0.00471059 0.01739531 0.03780151 0.01221630 0.00742187 0.00547284 0.05712122 0.01787861 0.00160214 0.00571465 0.01421121
126 0.14419001 0.04410400 0.02390220 0.02560360 0.01971610 0.02957350 0.03259800 0.08316630 0.01535840 0.02656610 0.02803890 0.03288750 0.01288040 0.00942680 0.21227901 0.10075701 0.10883501 0.00511923 0.00895342 0.03604450
127 0.04378600 0.00834916 0.00728316 0.00174654 0.00917217 0.00661385 0.00480896 0.00689231 0.00521607 0.23515799 0.27536999 0.00511155 0.05915820 0.05195440 0.00374597 0.01487070 0.03079560 0.00360220 0.01055920 0.21580599
128 0.06741871 0.01346860 0.01369450 0.00908538 0.01564130 0.01034680 0.01418720 0.01637620 0.00702890 0.23284703 0.15418302 0.01566330 0.03038200 0.03280360 0.00952105 0.03371870 0.04416490 0.00302336 0.01439040 0.26205503
129 0.06314671 0.08599892 0.05296861 0.05748091 0.01395430 0.10792402 0.09289002 0.03987741 0.04591091 0.03015861 0.05466691 0.08998342 0.02187180 0.01589540 0.03509991 0.07473781 0.05447011 0.00398192 0.02771370 0.03126861
130 0.05704651 0.12529802 0.05654671 0.04466141 0.01339090 0.09476871 0.07276701 0.03287900 0.02495390 0.01916420 0.03482550 0.16475702 0.01766970 0.00902350 0.03025160 0.10853402 0.05248091 0.00385906 0.01425200 0.02287030
131 0.05935646 0.03408387 0.08134814 0.23527882 0.01184109 0.04448747 0.18017186 0.05289506 0.01947819 0.01972949 0.02131798 0.04918826 0.01027019 0.00948800 0.02063128 0.07292755 0.04158657 0.00282644 0.01225249 0.02084078
132 0.06018553 0.03196871 0.06527663 0.03395222 0.01855391 0.02466491 0.03107561 0.02773701 0.02022151 0.14997607 0.09702034 0.04113512 0.02283351 0.02268651 0.01297871 0.06439083 0.05848213 0.00367264 0.01654601 0.19664209
133 0.02723379 0.32703988 0.04615488 0.01925269 0.00933433 0.06410048 0.03389789 0.02149909 0.03224009 0.00968297 0.02084309 0.26852790 0.01372279 0.00407257 0.00623377 0.03909979 0.02364359 0.00090953 0.01377419 0.01873669
134 0.04714061 0.01661970 0.01171700 0.00700344 0.00942024 0.01470410 0.01098090 0.01314130 0.01123980 0.15151703 0.32707406 0.01402990 0.07615261 0.07418581 0.01083950 0.02500920 0.03223891 0.00716034 0.02159350 0.11823202
135 0.06235528 0.06450178 0.05532748 0.03631029 0.01098410 0.02800489 0.05326788 0.38271388 0.01634869 0.00943280 0.02314419 0.08999817 0.01325710 0.00969585 0.01572169 0.07034318 0.02920569 0.00334782 0.00894895 0.01709029
136 0.06444008 0.07993427 0.04428219 0.03108359 0.01367430 0.05372328 0.07739658 0.02941059 0.02093599 0.02757819 0.03674439 0.17011295 0.02404399 0.01238990 0.02405839 0.08767367 0.13665596 0.00531352 0.01259860 0.04794958
137 0.04597539 0.02565460 0.08614259 0.28652096 0.00482480 0.04539829 0.24753997 0.04760069 0.01652540 0.01455710 0.01277500 0.04458399 0.00589277 0.00449354 0.01115450 0.05072619 0.02889830 0.00062431 0.00718541 0.01292620
138 0.03448671 0.01215100 0.01422140 0.00940977 0.01685520 0.01504310 0.01143510 0.01238660 0.03638611 0.11218703 0.11961103 0.01058980 0.04042831 0.17400204 0.00725870 0.03406551 0.04031601 0.02384141 0.19196304 0.08336212
139 0.13198404 0.01832111 0.05360932 0.02605971 0.02219441 0.02528171 0.02094831 0.03054411 0.01158890 0.02508961 0.02571271 0.02583111 0.01565541 0.01180520 0.02004581 0.27536109 0.20895207 0.00239773 0.00843245 0.04018521
140 0.03244027 0.27907177 0.03969327 0.01903168 0.00936379 0.07488804 0.04538166 0.02162738 0.03217487 0.01574989 0.04282596 0.24957579 0.01674689 0.00539733 0.00883754 0.03938317 0.03260057 0.00132336 0.01278779 0.02109898
141 0.05290962 0.04654911 0.02823541 0.08556493 0.00984285 0.07279442 0.21737707 0.02733991 0.02917431 0.06622292 0.03664551 0.05450022 0.02640441 0.01940211 0.01837991 0.04811982 0.06641082 0.00619493 0.04589891 0.04203281
142 0.04903749 0.01086380 0.01083260 0.00515812 0.01575540 0.01901090 0.01128440 0.00946725 0.00513123 0.26941996 0.14791198 0.00994113 0.03254960 0.02516870 0.00466487 0.02293320 0.04039679 0.00188463 0.01161300 0.29697496
143 0.05227646 0.05940937 0.07296659 0.17747222 0.01330732 0.04654856 0.14538018 0.10658113 0.01957362 0.01471582 0.02198823 0.09397821 0.00870039 0.00924469 0.01802422 0.07744639 0.03339414 0.00351992 0.01104711 0.01442542
144 0.15048406 0.03234711 0.04839572 0.04035522 0.02462991 0.03240231 0.03478501 0.07634063 0.01587831 0.03023211 0.03783902 0.03951812 0.01783041 0.01741721 0.03294791 0.20603809 0.09789724 0.00466988 0.01726661 0.04272512
145 0.04797260 0.02912140 0.08362491 0.26674902 0.00560771 0.04577700 0.23662402 0.06715140 0.01857620 0.01423030 0.01387970 0.04656070 0.00592936 0.00465152 0.01010760 0.05549750 0.02787960 0.00086002 0.00711232 0.01208710
146 0.12893504 0.06172552 0.04045821 0.05244941 0.01521210 0.10428203 0.09419763 0.04865691 0.03085471 0.02746491 0.04647631 0.06822892 0.01808341 0.01240590 0.04148381 0.09590553 0.06108472 0.00325462 0.01833651 0.03050381
147 0.04648783 0.16976412 0.04443943 0.03987803 0.01001411 0.10365207 0.08635676 0.02660192 0.03065962 0.02126822 0.03784983 0.19509314 0.01968071 0.00787132 0.01862491 0.05528144 0.04641063 0.00236548 0.01445521 0.02324522
148 0.14344305 0.03002371 0.01476460 0.01903321 0.01186750 0.03521871 0.03517161 0.02715171 0.01513550 0.02781681 0.03756681 0.02455321 0.03661241 0.00880066 0.30254210 0.07489472 0.10543403 0.00591913 0.00669658 0.03735391
149 0.05614752 0.05806082 0.03534511 0.03218051 0.01271940 0.10346904 0.05828922 0.02865361 0.03725351 0.05745302 0.16679606 0.06379422 0.04714232 0.03195661 0.03135991 0.05700082 0.04721972 0.00507356 0.02450801 0.04557702
150 0.03679750 0.01143760 0.01339070 0.00993772 0.01297210 0.01250230 0.01080440 0.01458320 0.03288260 0.07202359 0.16105398 0.01161520 0.03618400 0.21676097 0.00750360 0.03077650 0.02542610 0.03250330 0.18445198 0.06639269
151 0.26193483 0.02313008 0.02016239 0.02667158 0.03067038 0.02158159 0.03003438 0.09317814 0.01355209 0.04495547 0.05441426 0.02346238 0.01731559 0.01540319 0.03465018 0.14027691 0.06692746 0.00357996 0.01212769 0.06597146
152 0.02664848 0.00622046 0.01300619 0.00565814 0.01495019 0.01209229 0.00366880 0.00948531 0.05157686 0.03047618 0.08987623 0.00464608 0.01342639 0.29620477 0.00322876 0.02421358 0.01461599 0.03225388 0.31290876 0.03484267
153 0.05182421 0.02958281 0.08298152 0.25635506 0.00699449 0.04684111 0.22230505 0.05050341 0.01650980 0.01519020 0.01595150 0.04726951 0.00900086 0.00518954 0.01375970 0.07268282 0.03332881 0.00110958 0.00769770 0.01492230
154 0.11273898 0.02904209 0.06979648 0.19888796 0.01673020 0.04076739 0.15047397 0.05873759 0.01911380 0.01905880 0.02400559 0.04048409 0.01095690 0.01101800 0.02160270 0.08823868 0.04861989 0.00223222 0.01071060 0.02678409
155 0.11809106 0.02758041 0.03900462 0.02618951 0.01133971 0.01736111 0.03414922 0.47364325 0.01279411 0.01222001 0.02220221 0.02982172 0.01174471 0.00941843 0.01223701 0.08487004 0.02294761 0.00281995 0.01020181 0.02136351
156 0.02314381 0.00296045 0.01080280 0.00336683 0.01263560 0.00801842 0.00197350 0.00677011 0.05264092 0.02490951 0.07564943 0.00248830 0.00798507 0.32785212 0.00221636 0.02144151 0.01107520 0.03372661 0.33813712 0.03220631
157 0.22305792 0.08893887 0.02263009 0.02812559 0.02132349 0.03924459 0.04510778 0.08782007 0.02037039 0.02443919 0.03827429 0.05224458 0.01376050 0.01079490 0.05454078 0.11445496 0.06258588 0.00313336 0.01123270 0.03792009
158 0.04981911 0.08019141 0.02818850 0.02212720 0.01253000 0.05297291 0.04417691 0.02679900 0.02090730 0.06743351 0.20159703 0.11191202 0.05501851 0.03658691 0.02389720 0.04565641 0.04677201 0.00581875 0.01507290 0.05252241
159 0.03395538 0.01033569 0.00613637 0.00126688 0.00667799 0.00801474 0.00387380 0.00532474 0.00984727 0.14037192 0.39836278 0.00619422 0.09380635 0.10379594 0.00460754 0.01405499 0.02467429 0.00860768 0.02910348 0.09098795
160 0.04496398 0.00892955 0.00761340 0.00205559 0.00897035 0.00678397 0.00490891 0.00723371 0.00587990 0.21507390 0.29680187 0.00588376 0.06379197 0.05833917 0.00428921 0.01567129 0.02985809 0.00401630 0.01146319 0.19747191
161 0.06044478 0.21981391 0.04430078 0.03394079 0.01438319 0.05586838 0.04536478 0.04975848 0.02758189 0.01963389 0.02912279 0.15368094 0.01429369 0.00945018 0.03234079 0.10006096 0.04612588 0.00305863 0.01631569 0.02445959
162 0.04574052 0.00603902 0.00711003 0.00121894 0.01014640 0.00452122 0.00374956 0.00675960 0.00344253 0.26886710 0.23203808 0.00284865 0.04377022 0.04069171 0.00213438 0.01283410 0.02973811 0.00225737 0.00776634 0.26832610
163 0.04005638 0.00931414 0.00678292 0.00155745 0.00753306 0.00717825 0.00456649 0.00623437 0.00624428 0.20012091 0.33428484 0.00560633 0.07529486 0.06602047 0.00430415 0.01432009 0.02872229 0.00477493 0.01169089 0.16539292
164 0.04050696 0.00789996 0.00680548 0.00194356 0.00965545 0.00689182 0.00478982 0.00693264 0.00848871 0.21886479 0.25977275 0.00468667 0.06614324 0.06601144 0.00316093 0.01708948 0.03600517 0.00568354 0.03539977 0.19326782
165 0.04972391 0.00530124 0.00808449 0.00176351 0.01198570 0.00442803 0.00419617 0.00769254 0.00275813 0.29104007 0.18483804 0.00282067 0.02934311 0.03037471 0.00210945 0.01375770 0.03103921 0.00147103 0.00671621 0.31055607
166 0.02348811 0.00328377 0.01086571 0.00364091 0.01279361 0.00847129 0.00242279 0.00682920 0.05214553 0.02679182 0.07717974 0.00283519 0.00882862 0.32351418 0.00231657 0.02183531 0.01199721 0.03114772 0.33415619 0.03545652
167 0.06856820 0.01161120 0.00887858 0.00587324 0.01287880 0.01154350 0.01041720 0.01194970 0.00746160 0.19139399 0.25318799 0.01044670 0.07832820 0.05001400 0.00889788 0.03451620 0.04641560 0.00461774 0.01547470 0.15752499
168 0.03816327 0.26913682 0.03997377 0.02714478 0.00898551 0.08914064 0.05834636 0.02488788 0.03848507 0.01636049 0.03049118 0.20712986 0.01362189 0.00553376 0.01554559 0.04609917 0.03424058 0.00126750 0.01629149 0.01915439
169 0.02534119 0.00407777 0.00988735 0.00361454 0.01290410 0.00845348 0.00250257 0.00702897 0.04586479 0.03858859 0.11496397 0.00331482 0.01883559 0.29964491 0.00261399 0.02109479 0.01331880 0.03455349 0.29439091 0.03900539
170 0.13187291 0.03633258 0.01877439 0.02351788 0.01304939 0.03344298 0.03839708 0.03284498 0.01465989 0.02904628 0.03193238 0.02922118 0.01569059 0.00831970 0.30128580 0.08302255 0.10987493 0.00578870 0.00715294 0.03577288
171 0.03751560 0.01166830 0.01363980 0.00992628 0.01300460 0.01257800 0.01170480 0.01520210 0.03316840 0.07067731 0.15949202 0.01241050 0.03573160 0.21630202 0.00820741 0.03098660 0.02517460 0.03244500 0.18510102 0.06506401
172 0.02787263 0.32534829 0.04626774 0.01914032 0.00930078 0.06396426 0.03382073 0.02152672 0.03213243 0.00972792 0.02110792 0.26887224 0.01382961 0.00413427 0.00595326 0.03928144 0.02409192 0.00102090 0.01367931 0.01892732
173 0.10050201 0.04027070 0.02746130 0.03478050 0.01200250 0.04413510 0.02530500 0.04044310 0.01262800 0.02378370 0.03684380 0.03452660 0.01197450 0.00929129 0.32132804 0.13321901 0.05571721 0.00645931 0.00750829 0.02182000
174 0.03975446 0.01220109 0.00966154 0.00507716 0.00870972 0.01090549 0.00826635 0.00865359 0.01264539 0.13481687 0.32877968 0.01061319 0.08080342 0.10589090 0.00635945 0.02417448 0.04120656 0.01228679 0.04059826 0.09859561
175 0.04928686 0.00418854 0.00773868 0.00142735 0.01267319 0.00361894 0.00376810 0.00759990 0.00165959 0.31527975 0.15473488 0.00151985 0.02094778 0.02289218 0.00121497 0.01272799 0.03131198 0.00078114 0.00543562 0.34119273
176 0.06106661 0.07016251 0.03472981 0.10472202 0.00493391 0.11684502 0.22451604 0.03389191 0.03132341 0.02712110 0.03263831 0.08341662 0.01289950 0.00840929 0.01744570 0.05060051 0.05229751 0.00152712 0.01305090 0.01840220
177 0.10325709 0.04136194 0.02321812 0.03461573 0.01176581 0.04065374 0.03553193 0.03659873 0.01595011 0.02594222 0.04422584 0.03559483 0.01485401 0.01078051 0.32561829 0.09102298 0.06435866 0.00660818 0.00889004 0.02915123
178 0.04483849 0.02381439 0.01681750 0.00964346 0.01233110 0.02069330 0.02432249 0.01173790 0.00939178 0.20932695 0.16446396 0.05221839 0.05740959 0.03181519 0.00834256 0.03329259 0.05661809 0.00527934 0.01562100 0.19202195
179 0.05328560 0.00443064 0.00775622 0.00169455 0.01300340 0.00377244 0.00401163 0.00795585 0.00195137 0.30965198 0.15748199 0.00174452 0.02214640 0.02342730 0.00164667 0.01441110 0.03214010 0.00089988 0.00569540 0.33289298
