1 0.37347969 0.00371133 0.01075029 0.01068979 0.13631489 0.00650518 0.00744761 0.04010607 0.00321909 0.02782378 0.02465308 0.00538791 0.01968978 0.00292329 0.00747078 0.25898279 0.04073777 0.00090349 0.00313681 0.01606659
2 0.33088177 0.01991069 0.02059469 0.02723658 0.02816958 0.02364028 0.03412478 0.07462105 0.01066619 0.04130007 0.05919546 0.02369198 0.01754019 0.01556269 0.03180708 0.12445191 0.04622787 0.00399010 0.01301959 0.05336746
3 0.34627585 0.00931052 0.01331769 0.01726509 0.03496289 0.01321989 0.01961359 0.04467538 0.00418074 0.02444239 0.02149299 0.01470139 0.01376689 0.00780900 0.01847819 0.31934087 0.04665348 0.00175084 0.00456832 0.02417399
4 0.05635469 0.01472500 0.01187700 0.00980623 0.01374680 0.01118760 0.01369430 0.01709590 0.00825505 0.21242197 0.13514598 0.01571010 0.04043440 0.03300450 0.01336780 0.03214720 0.04434559 0.00516784 0.01344910 0.29806296
5 0.16084512 0.01291141 0.00805213 0.00752164 0.01595041 0.00825311 0.01070251 0.01729261 0.00536770 0.25305418 0.14053910 0.01452951 0.03246002 0.03641423 0.01285541 0.05913934 0.03422012 0.00389130 0.00716904 0.15883111
6 0.07869380 0.04329500 0.03052970 0.03168300 0.01773260 0.03466100 0.03157160 0.03528080 0.01469770 0.04731710 0.04689020 0.03376210 0.02662790 0.01901820 0.02042140 0.12354699 0.27490599 0.00512905 0.01373090 0.07050500
7 0.14428804 0.03345651 0.03911571 0.03291511 0.02416961 0.03233411 0.03404861 0.05831592 0.01090580 0.02746631 0.03105431 0.03792831 0.01905591 0.01758031 0.02615511 0.29546709 0.08288073 0.00460509 0.01113820 0.03711921
8 0.03984036 0.14466485 0.05207935 0.03810076 0.00907534 0.05269265 0.07010993 0.03811996 0.02285078 0.02493677 0.03562596 0.28902071 0.01668918 0.01088469 0.02195258 0.05486864 0.03467326 0.00403307 0.01208219 0.02769897
9 0.06133086 0.03950788 0.04186748 0.11409793 0.00626331 0.05085447 0.31651182 0.04689227 0.02580279 0.02621198 0.03059768 0.06838626 0.01536599 0.00927682 0.01626699 0.05306867 0.03503458 0.00505924 0.01448209 0.02312089
10 0.14625809 0.03283022 0.03939112 0.03152762 0.02327181 0.03126302 0.03388612 0.05836873 0.01091011 0.02827682 0.03078562 0.03857802 0.01763761 0.01801551 0.02580412 0.29466917 0.08412115 0.00429901 0.01176761 0.03833852
11 0.03382872 0.29905316 0.03183582 0.02277771 0.00664738 0.03607792 0.02797982 0.01836271 0.02063091 0.01703361 0.02045371 0.07874774 0.01024411 0.00809783 0.02999072 0.22166012 0.06217313 0.00422624 0.02546151 0.02471711
12 0.04653931 0.01280720 0.00682877 0.00998732 0.00943241 0.00806935 0.01590430 0.01043580 0.00684792 0.29127807 0.17473504 0.01571930 0.04333931 0.03966961 0.01165780 0.02548781 0.03330661 0.00537365 0.00967133 0.22290906
13 0.04569629 0.03169909 0.24185993 0.06282408 0.01360990 0.03649779 0.04813269 0.08188218 0.01417690 0.01545880 0.01855209 0.04676169 0.00928740 0.02079769 0.01214180 0.20993194 0.04910859 0.00222997 0.01172530 0.02762589
14 0.03682269 0.00667305 0.00172054 0.00120042 0.00278566 0.00248003 0.00367137 0.00195194 0.00430859 0.22474593 0.39815088 0.00505238 0.06321858 0.05170758 0.00292587 0.00789832 0.01600770 0.00526049 0.00908804 0.15432995
15 0.03277480 0.01862540 0.01552840 0.01087280 0.01935060 0.02908550 0.02250210 0.01275730 0.01610480 0.04633850 0.14901300 0.01643690 0.17423400 0.09417880 0.01543990 0.03372220 0.02136280 0.01593260 0.17533500 0.08040460
16 0.02311471 0.00751148 0.00375700 0.00335970 0.00610471 0.00682952 0.01113150 0.00340236 0.00834750 0.09478053 0.37619311 0.00869939 0.11088203 0.10981803 0.00992485 0.01002950 0.01233640 0.01637550 0.08256772 0.09483443
17 0.09815403 0.03607221 0.02151831 0.03414041 0.01221240 0.03505001 0.02676741 0.01858271 0.01157460 0.03400771 0.04187161 0.03594751 0.01511810 0.01209510 0.40001011 0.07152022 0.03784681 0.00352723 0.01389810 0.04008541
18 0.05284628 0.02521719 0.01389299 0.01564889 0.01303780 0.02360569 0.02407949 0.02048699 0.01061200 0.11024996 0.19445193 0.02924929 0.18206093 0.04050638 0.01414379 0.04305688 0.04574578 0.00710578 0.02138799 0.11261396
19 0.20049486 0.01635229 0.03790587 0.15873489 0.00950584 0.02257868 0.02097079 0.02992188 0.01359469 0.01999069 0.05561256 0.02390058 0.01507869 0.20932185 0.01486439 0.07007025 0.02511868 0.00569835 0.02599618 0.02428798
20 0.05920171 0.04059601 0.04200621 0.11419803 0.00682704 0.05038641 0.31752507 0.04577371 0.02544431 0.02648191 0.03042001 0.06974332 0.01486230 0.00897253 0.01617130 0.05278431 0.03602861 0.00474021 0.01441740 0.02341961
21 0.05609873 0.01962761 0.10307706 0.30717118 0.00591541 0.02080091 0.09366846 0.02488841 0.01023791 0.01190901 0.03737832 0.02527252 0.00986451 0.00625864 0.16641010 0.04472913 0.02376691 0.00457965 0.01021261 0.01813291
22 0.05810904 0.03157712 0.07773366 0.30275523 0.00782598 0.04047303 0.13923011 0.04199873 0.01883191 0.02012392 0.02995782 0.04808844 0.01148331 0.01040121 0.02632772 0.05778994 0.03830363 0.00379527 0.01354721 0.02164672
23 0.03740010 0.34948901 0.03356830 0.02715840 0.00915180 0.04960850 0.04150890 0.02587600 0.01958890 0.01918050 0.03560110 0.15420000 0.01567360 0.01064660 0.02071170 0.05341620 0.04786730 0.00494708 0.01807170 0.02633430
24 0.03346549 0.02609749 0.02585369 0.01693239 0.01482160 0.01992529 0.02104839 0.01602270 0.04986709 0.02224449 0.06713468 0.01714389 0.01918719 0.19200994 0.01339350 0.02623849 0.02266399 0.02510689 0.33756390 0.03327889
25 0.33490992 0.02021770 0.02006770 0.02744309 0.02708989 0.02419799 0.03256929 0.07464518 0.01097500 0.04083419 0.05713459 0.02201899 0.01833860 0.01574040 0.03237079 0.12417997 0.04676929 0.00403814 0.01332110 0.05313819
26 0.04366039 0.03067370 0.04980159 0.02170060 0.00677036 0.05209539 0.01714940 0.03412450 0.00984437 0.02300340 0.02395870 0.19761497 0.01022700 0.13245198 0.00937014 0.27051496 0.02209030 0.00360117 0.01356800 0.02777910
27 0.04054843 0.14277012 0.04948454 0.03928313 0.00942292 0.05203114 0.06776106 0.03887063 0.02258352 0.02559302 0.03646353 0.29190725 0.01724971 0.01048621 0.01948412 0.05662835 0.03593433 0.00435083 0.01208411 0.02706302
28 0.32993587 0.01943669 0.02005709 0.02822579 0.02621309 0.02472219 0.03474629 0.07412057 0.01149860 0.04135878 0.06052468 0.02162369 0.01854019 0.01588829 0.03185339 0.12158495 0.04693108 0.00376000 0.01318879 0.05578998
29 0.05145044 0.01587308 0.00963019 0.01035539 0.00934500 0.01291398 0.01360038 0.01273668 0.01076449 0.13796083 0.38274652 0.01612478 0.05969273 0.05910783 0.01188479 0.02072417 0.02237217 0.00893283 0.02137987 0.11240386
30 0.03354864 0.01135081 0.01364201 0.01054221 0.01144551 0.01060321 0.01209291 0.01293541 0.02186012 0.07531028 0.14815016 0.01194561 0.02930053 0.28485930 0.00929974 0.03008183 0.02232832 0.02479353 0.16077917 0.06513067
31 0.05968923 0.02132021 0.08770654 0.25712313 0.00700230 0.02285001 0.07898104 0.02577511 0.01042241 0.01378211 0.03999282 0.02802981 0.01021931 0.00716785 0.22356511 0.04568932 0.02433791 0.00561214 0.01163931 0.01909431
32 0.09885615 0.01185561 0.05196053 0.02115801 0.01471281 0.01370391 0.03658742 0.39155822 0.01342091 0.01136651 0.01750671 0.03275702 0.00811951 0.00645195 0.00464502 0.20665711 0.03495162 0.00404395 0.00456752 0.01511951
33 0.20214215 0.01443091 0.01108991 0.00823508 0.01642101 0.01071211 0.01223701 0.02498332 0.00699198 0.12228009 0.10447708 0.01811711 0.02606522 0.02452672 0.02245232 0.05137184 0.05062254 0.00390333 0.00932508 0.25961520
34 0.02996659 0.00623387 0.00150403 0.00114717 0.00848649 0.00349274 0.00530901 0.00380819 0.00371327 0.35155489 0.11493697 0.00575331 0.03668199 0.02381619 0.00267299 0.00832273 0.03460799 0.00195708 0.00268562 0.35334889
35 0.14648595 0.03415639 0.03861689 0.03371619 0.02449449 0.03078389 0.03450579 0.05705748 0.01083220 0.02718329 0.02984299 0.03934749 0.01789799 0.01647619 0.02634619 0.29498390 0.08439087 0.00428903 0.01124280 0.03734999
36 0.14178398 0.03356409 0.03960569 0.03250859 0.02398000 0.03179389 0.03500219 0.06111269 0.01125040 0.02781780 0.03074039 0.03854339 0.01826370 0.01783150 0.02539860 0.29158395 0.08261609 0.00453967 0.01145050 0.04061289
37 0.24424584 0.01218529 0.03650678 0.02945008 0.01582619 0.02254179 0.01449339 0.02911498 0.00752202 0.04373787 0.04874707 0.02731638 0.01561719 0.13939891 0.01672859 0.20963086 0.03313918 0.00349324 0.01043259 0.03987177
38 0.05727063 0.03169111 0.07945374 0.30580014 0.00804564 0.03901432 0.13904207 0.04316812 0.01887501 0.02087541 0.02894901 0.04790552 0.01181901 0.01000410 0.02469461 0.05769113 0.03772212 0.00385479 0.01377461 0.02034891
39 0.33056178 0.02016009 0.01974869 0.02773228 0.02786538 0.02329278 0.03343048 0.07332485 0.01077459 0.04147967 0.05983596 0.02279438 0.01800449 0.01579669 0.03162028 0.12408292 0.04784417 0.00354188 0.01363249 0.05447616
40 0.14395004 0.03364301 0.03860101 0.03269631 0.02424151 0.03257801 0.03414501 0.05688852 0.01109980 0.02832311 0.03150891 0.03864381 0.01800270 0.01683960 0.02499521 0.29429308 0.08497552 0.00389853 0.01141790 0.03925841
41 0.39337418 0.00542163 0.00848059 0.01261011 0.03551982 0.00952960 0.01442501 0.03855712 0.00318693 0.02263881 0.01728011 0.00978246 0.01140131 0.00490373 0.01249001 0.33997216 0.03730482 0.00123200 0.00339359 0.01849601
42 0.32924499 0.01996830 0.01967580 0.02756860 0.02621860 0.02444890 0.03446260 0.07406840 0.01040580 0.04214740 0.06043330 0.02287600 0.01818730 0.01557100 0.03044960 0.12477400 0.04802760 0.00399183 0.01331960 0.05416040
43 0.35513940 0.00905092 0.01530822 0.01427672 0.15467617 0.01643132 0.01031661 0.04428815 0.00873519 0.02876633 0.03902564 0.01160491 0.01891342 0.00627372 0.01539072 0.16700919 0.04281195 0.00193066 0.00924363 0.03080713
44 0.07828942 0.04430231 0.03111641 0.03052771 0.01734450 0.03347081 0.03330851 0.03601261 0.01393430 0.04626351 0.04730351 0.03364351 0.02628851 0.01752540 0.02162460 0.12474402 0.27566006 0.00517930 0.01249460 0.07096641
45 0.04404633 0.00887208 0.00271446 0.00192053 0.00693915 0.00433651 0.00484250 0.00523876 0.00432682 0.19977513 0.33260522 0.00751147 0.05810764 0.04738983 0.00775920 0.01165231 0.02342812 0.00475308 0.01137671 0.21240414
46 0.05869162 0.03039661 0.07887663 0.30242511 0.00846293 0.04041541 0.13953805 0.04216831 0.01882111 0.02046211 0.02905311 0.04631162 0.01275210 0.01002920 0.02436271 0.05947212 0.03833011 0.00381462 0.01411770 0.02149881
47 0.02505991 0.37030609 0.02425921 0.01109420 0.00776735 0.04017911 0.03938001 0.00834800 0.01108980 0.00656337 0.01823320 0.33441608 0.00763363 0.00320543 0.00657810 0.02957801 0.03636661 0.00154298 0.00857136 0.00982754
48 0.14375501 0.03463740 0.03930190 0.03252310 0.02416260 0.03176910 0.03523660 0.05682220 0.01134510 0.02971500 0.02999670 0.03897930 0.01854510 0.01709880 0.02462860 0.29400102 0.08265630 0.00439984 0.01122710 0.03919920
49 0.03147090 0.06624189 0.02820810 0.02110670 0.00885897 0.03503239 0.03431609 0.01434410 0.02023690 0.03449789 0.27792296 0.23426396 0.05147089 0.01194060 0.01521440 0.03079480 0.02782820 0.00516218 0.01150630 0.03958179
50 0.03877591 0.14239505 0.03257221 0.02155881 0.00842521 0.04295871 0.03881091 0.01805481 0.01836011 0.01559420 0.02761881 0.24456608 0.02181731 0.00836193 0.01229370 0.05257822 0.22203507 0.00358225 0.00726019 0.02238051
51 0.14498495 0.03340089 0.03816909 0.03378069 0.02374029 0.03189219 0.03492459 0.05697398 0.01118950 0.02965629 0.03312809 0.03839989 0.01824139 0.01772049 0.02577579 0.28898790 0.08308117 0.00490814 0.01171250 0.03933219
52 0.02241261 0.41444211 0.01822170 0.00741161 0.00755097 0.03557901 0.03444921 0.00480477 0.00902112 0.00455547 0.01502060 0.33398709 0.00614264 0.00255717 0.00517159 0.02484541 0.03790491 0.00128487 0.00697905 0.00765808
53 0.04713937 0.01259599 0.00752260 0.00958059 0.00937611 0.00749897 0.01579619 0.01070849 0.00758890 0.29223980 0.17315488 0.01604899 0.04219767 0.04050997 0.01159699 0.02573058 0.03337768 0.00496145 0.00913592 0.22323884
54 0.14531898 0.03267590 0.04020990 0.03307120 0.02473430 0.03131680 0.03488300 0.05896219 0.01161390 0.02753370 0.03060040 0.03792590 0.01876820 0.01702610 0.02682630 0.29134197 0.08179269 0.00459112 0.01274290 0.03806460
55 0.04056090 0.14402600 0.05314940 0.03782130 0.00932912 0.05044090 0.06667120 0.03752680 0.02191590 0.02444460 0.03740210 0.29276199 0.01771320 0.01051070 0.02056230 0.05646730 0.03485240 0.00419091 0.01117510 0.02847790
56 0.04308718 0.03451708 0.03625278 0.05108717 0.00665545 0.13744292 0.27581584 0.15205891 0.03465468 0.01333619 0.02251569 0.05257857 0.01417399 0.00466304 0.01153319 0.04792377 0.03190468 0.00434509 0.01160609 0.01384769
57 0.06857731 0.02142780 0.01505790 0.01889980 0.01680240 0.02792220 0.01885660 0.02317880 0.01134860 0.08957081 0.22383102 0.02404080 0.05424670 0.03184000 0.01464770 0.05290610 0.17808501 0.00568872 0.01110570 0.09196601
58 0.22058688 0.01906719 0.03517948 0.12394293 0.01298279 0.01647469 0.03118918 0.33707682 0.00965893 0.00752127 0.02044329 0.02252739 0.00917736 0.00734034 0.01171269 0.06631486 0.02257589 0.00295208 0.00876684 0.01450909
59 0.02684759 0.00543799 0.00136204 0.00088669 0.00849688 0.00538766 0.00536529 0.00481027 0.00470458 0.34818392 0.06494719 0.00448529 0.03410519 0.01508330 0.00252251 0.01034690 0.06094759 0.00183586 0.00120536 0.39303791
60 0.04794543 0.01227611 0.00696942 0.01010041 0.01006421 0.00752795 0.01615781 0.01083011 0.00683698 0.28927115 0.17478909 0.01587501 0.04289422 0.03993992 0.01041241 0.02625691 0.03372232 0.00526165 0.00929277 0.22357612
61 0.05185252 0.01631451 0.00990986 0.01029910 0.00901887 0.01413470 0.01340290 0.01263190 0.01010340 0.13830604 0.37886212 0.01728391 0.05916712 0.05862342 0.01132890 0.02054451 0.02289711 0.00881116 0.02235991 0.11414804
62 0.03566167 0.01046609 0.00313840 0.00283392 0.00588254 0.00558512 0.00613574 0.00434846 0.00454674 0.25039780 0.24521781 0.00956273 0.11802191 0.03727847 0.00465426 0.01758349 0.03267477 0.00460749 0.00938476 0.19201785
63 0.04672669 0.01206640 0.00660258 0.00696054 0.01010340 0.01010260 0.01616380 0.01117990 0.00841205 0.29916695 0.09451688 0.01383160 0.04089339 0.02659090 0.00800699 0.03849039 0.09998448 0.00498213 0.00490937 0.24030896
64 0.15939602 0.03706181 0.04886981 0.23758003 0.00370907 0.02558800 0.28693104 0.02029270 0.01018890 0.01230260 0.01490260 0.02025850 0.00718367 0.00309729 0.02385750 0.04896621 0.01707540 0.00151698 0.00698235 0.01423950
65 0.08616319 0.01664918 0.01687908 0.01818148 0.20779073 0.01927918 0.01280778 0.05168293 0.01426688 0.01918868 0.04131885 0.01490478 0.02044057 0.00777028 0.00968931 0.11740285 0.28321463 0.00344864 0.00738243 0.03153856
66 0.26317508 0.01340950 0.01289250 0.00973600 0.01597370 0.01151450 0.01386970 0.03035231 0.00702068 0.09480583 0.09648733 0.01940431 0.02359871 0.02153411 0.02551421 0.05929912 0.04855351 0.00397803 0.01015180 0.21872906
67 0.08096459 0.03154009 0.06858559 0.19444797 0.01344240 0.02249310 0.07228829 0.04859609 0.00895084 0.01105540 0.02281930 0.02635540 0.01161740 0.01176390 0.01735470 0.23043696 0.09545868 0.00251803 0.00783450 0.02147680
68 0.03499191 0.01821001 0.06534942 0.34340610 0.00276590 0.03438631 0.28583809 0.01472230 0.01010020 0.02716821 0.01422940 0.04646411 0.00674197 0.00224765 0.01647810 0.03477841 0.01572310 0.00132368 0.00657480 0.01850031
69 0.04697040 0.01280690 0.00642394 0.00942890 0.00930362 0.00801030 0.01603110 0.00982833 0.00696863 0.29459600 0.17287000 0.01484010 0.04312330 0.04058770 0.01130430 0.02510130 0.03346720 0.00521247 0.00965851 0.22346700
70 0.05407947 0.02450528 0.09605044 0.26629583 0.00455764 0.01727329 0.26891983 0.02149349 0.00782632 0.01187819 0.01240709 0.02049049 0.00838545 0.00282396 0.02135889 0.10338593 0.02654328 0.00131996 0.00646129 0.02394388
71 0.05375582 0.02551521 0.01427601 0.01632761 0.01372791 0.02404911 0.02377681 0.02034221 0.01106160 0.10660704 0.18949208 0.02978251 0.18363007 0.04031042 0.01423301 0.04565482 0.04709422 0.00707490 0.02211161 0.11117704
72 0.03061098 0.00633802 0.00175594 0.00092419 0.00854081 0.00333076 0.00548745 0.00388779 0.00362990 0.35029573 0.11715591 0.00575574 0.03702017 0.02373528 0.00234979 0.00820851 0.03489717 0.00181619 0.00264695 0.35161273
73 0.30395116 0.03208242 0.02175461 0.06539373 0.00866699 0.03096182 0.22846012 0.04958283 0.01595071 0.01425761 0.02482171 0.02200541 0.00961222 0.00649898 0.02132881 0.07596824 0.03049482 0.00344920 0.01293401 0.02182461
74 0.07760155 0.04315987 0.02984078 0.03091108 0.01753759 0.03520978 0.03325118 0.03596608 0.01494339 0.04621107 0.04597377 0.03365438 0.02569718 0.01822699 0.02044659 0.12545392 0.27687682 0.00503604 0.01295779 0.07104415
75 0.06005664 0.04033073 0.04320713 0.11438007 0.00646415 0.05035503 0.31727020 0.04687263 0.02744472 0.02565462 0.02810692 0.06526834 0.01528241 0.01014871 0.01698111 0.05360523 0.03486962 0.00526033 0.01467541 0.02376601
76 0.03726889 0.01969009 0.06002128 0.30997589 0.00310128 0.03647679 0.31071889 0.01568259 0.01146770 0.02685489 0.01484559 0.05236328 0.00663493 0.00228283 0.01509179 0.03465549 0.01623099 0.00150177 0.00703843 0.01809659
77 0.32883211 0.01997211 0.01975601 0.02743421 0.02693591 0.02386711 0.03204461 0.07253032 0.01020480 0.04353021 0.05963992 0.02309271 0.01781321 0.01582981 0.03303901 0.12582504 0.04644291 0.00362378 0.01406520 0.05552102
78 0.04821847 0.01236329 0.00679819 0.00947820 0.00974550 0.00755144 0.01572019 0.01020849 0.00689615 0.29261384 0.17455890 0.01597799 0.04238718 0.04052858 0.01184679 0.02517719 0.03284378 0.00524898 0.00895797 0.22287888
79 0.05083306 0.01699409 0.00966715 0.01023289 0.00864773 0.01322299 0.01383749 0.01153269 0.01044389 0.13684790 0.38043073 0.01726249 0.06009596 0.05894646 0.01246089 0.02127239 0.02444938 0.00881189 0.02161098 0.11239892
80 0.14508493 0.03515518 0.03907658 0.03224118 0.02377559 0.03117749 0.03506358 0.05719287 0.01157659 0.02758189 0.02932419 0.03861058 0.01839789 0.01659289 0.02704749 0.29553686 0.08355916 0.00432728 0.01107909 0.03759868
81 0.13693305 0.02649521 0.02821981 0.02098021 0.20595908 0.02906181 0.01868341 0.05195392 0.01854711 0.04566232 0.05862802 0.02734941 0.02375591 0.02545151 0.02122961 0.10609704 0.05400692 0.00635233 0.02646271 0.06817063
82 0.03738620 0.00715965 0.00178998 0.00157023 0.00363230 0.00251183 0.00438179 0.00244329 0.00427654 0.24371899 0.36115099 0.00555843 0.05920510 0.05129540 0.00292100 0.00935427 0.01902400 0.00513046 0.00852057 0.16896899
83 0.06742318 0.02556039 0.02408819 0.03676729 0.01659179 0.01933569 0.01951469 0.02663129 0.00489293 0.01599410 0.01721559 0.01384800 0.01203720 0.00555014 0.01138690 0.28065391 0.36547689 0.00313324 0.00435940 0.02953919
84 0.33407900 0.01969280 0.01959750 0.02775150 0.02693080 0.02275410 0.03362320 0.07339590 0.01065740 0.04229910 0.05814230 0.02242290 0.01792610 0.01602440 0.03120310 0.12415400 0.04760130 0.00367799 0.01276110 0.05530550
85 0.03645922 0.00545122 0.00074250 0.00043688 0.00256867 0.00161812 0.00241504 0.00120512 0.00304373 0.24182912 0.36946618 0.00341847 0.05954243 0.04830182 0.00243030 0.00635154 0.01713691 0.00393680 0.00703082 0.18661509
86 0.08285275 0.01830021 0.03780162 0.01832191 0.03267032 0.01671031 0.03561312 0.19713411 0.01974221 0.20417611 0.04082302 0.02950872 0.01837461 0.01692271 0.01267781 0.06751944 0.03832692 0.00776734 0.01201671 0.09274005
87 0.10932602 0.02123850 0.05014151 0.02803540 0.01311410 0.01781770 0.03646951 0.46653807 0.01869720 0.01285920 0.02364700 0.03353031 0.01015010 0.00901652 0.00860331 0.07217391 0.03027530 0.00441903 0.00913678 0.02481050
88 0.33102622 0.02028131 0.02060001 0.02784322 0.02673152 0.02287792 0.03405712 0.07544675 0.01144941 0.04089803 0.05982994 0.02334612 0.01811491 0.01578121 0.03114872 0.12168508 0.04710183 0.00413054 0.01331841 0.05433174
89 0.07823085 0.04260727 0.02949148 0.03121708 0.01787939 0.03445188 0.03407278 0.03485948 0.01399049 0.04650677 0.04566307 0.03302128 0.02610498 0.01873629 0.02132269 0.12466093 0.27799183 0.00506440 0.01372159 0.07040546
90 0.05213343 0.01662671 0.01042121 0.01051071 0.00903743 0.01400531 0.01352731 0.01394021 0.01040521 0.13447209 0.37839225 0.01744881 0.05907704 0.06055424 0.01202161 0.02136931 0.02267611 0.00879193 0.02309902 0.11149007
91 0.06017569 0.04066109 0.04185159 0.11334898 0.00638804 0.05112989 0.31874593 0.04421979 0.02615479 0.02605879 0.03047559 0.07024729 0.01485540 0.00959941 0.01601310 0.05347989 0.03527189 0.00528816 0.01419560 0.02183910
92 0.33058307 0.02062380 0.01988200 0.02656121 0.02761581 0.02376400 0.03415381 0.07457511 0.01104850 0.04028631 0.05718201 0.02272270 0.01839630 0.01573500 0.02982431 0.12622903 0.04971161 0.00393600 0.01294340 0.05422601
93 0.05675959 0.01421020 0.01084890 0.00889585 0.01503180 0.01119600 0.01305510 0.01654420 0.00845023 0.21212796 0.13335397 0.01621400 0.04048359 0.03222349 0.01449590 0.03277779 0.04664209 0.00456791 0.01356450 0.29855694
94 0.01715830 0.06659691 0.01346050 0.07245551 0.00288076 0.05028930 0.31479003 0.03080870 0.01431130 0.01792250 0.01871740 0.30255103 0.00993287 0.00273554 0.00551498 0.02380230 0.01958760 0.00412114 0.00430361 0.00805971
95 0.05109619 0.01635530 0.01031070 0.01020950 0.00842302 0.01325770 0.01379820 0.01211370 0.01048190 0.13780497 0.37970492 0.01653380 0.05939309 0.06124009 0.01242620 0.02086330 0.02302460 0.00854359 0.02158630 0.11283298
96 0.07839185 0.04358477 0.02889508 0.03096008 0.01781139 0.03549538 0.03243098 0.03616857 0.01504509 0.04818187 0.04926627 0.03467238 0.02627378 0.01755889 0.02129179 0.12208791 0.27117081 0.00508940 0.01289389 0.07272985
97 0.14404411 0.03407873 0.03991173 0.03293972 0.02332502 0.03015422 0.03701723 0.05587874 0.01089671 0.02815992 0.03180432 0.03813243 0.01810611 0.01756481 0.02603282 0.29398222 0.08293756 0.00448366 0.01166101 0.03888893
98 0.03676338 0.01896629 0.06447197 0.33818883 0.00303504 0.03434788 0.28753286 0.01473189 0.01014639 0.02689199 0.01407739 0.04731138 0.00696197 0.00225426 0.01638459 0.03521298 0.01629439 0.00142983 0.00682990 0.01816679
99 0.05876528 0.03208019 0.07831127 0.30211190 0.00844466 0.03999869 0.13867995 0.04363029 0.01874619 0.02013829 0.02799789 0.04794628 0.01152350 0.01022030 0.02581049 0.05941658 0.03815149 0.00370268 0.01333260 0.02099149
100 0.05142619 0.01723690 0.01018440 0.00989357 0.00882140 0.01318040 0.01257040 0.01231680 0.01028700 0.13725697 0.38086092 0.01711740 0.06058489 0.05851009 0.01212940 0.02124250 0.02341130 0.00876674 0.02174480 0.11245798
101 0.14630303 0.03279321 0.03957541 0.03275941 0.02415380 0.03173481 0.03495431 0.05787021 0.01127510 0.02721391 0.03143701 0.03899871 0.01838580 0.01666400 0.02633881 0.29339306 0.08255092 0.00460171 0.01159110 0.03740571
102 0.26642486 0.01372559 0.01275889 0.00962273 0.01652889 0.01178269 0.01390889 0.03200538 0.00709322 0.09371205 0.09310245 0.01942109 0.02291049 0.02053509 0.02612419 0.06074177 0.05003587 0.00388818 0.00969578 0.21598189
103 0.10847603 0.02160681 0.05112652 0.02849231 0.01426440 0.01842141 0.03532321 0.46191814 0.01811021 0.01301490 0.02348731 0.03430211 0.01013790 0.00929191 0.00918866 0.07365442 0.03010031 0.00494276 0.00908337 0.02505731
104 0.03384000 0.01172270 0.01358880 0.01080200 0.01175180 0.01157340 0.01122040 0.01177700 0.02188620 0.07612020 0.15059500 0.01251900 0.02901290 0.28586699 0.00895413 0.02867910 0.02194440 0.02465970 0.15825300 0.06523330
105 0.04239289 0.00928141 0.00683630 0.00389861 0.00921556 0.00753776 0.00869680 0.00577194 0.00716397 0.16771598 0.20210097 0.00911911 0.04416899 0.15719798 0.00819448 0.01953850 0.02296850 0.01416270 0.05237759 0.20165997
106 0.03096051 0.00661575 0.00194372 0.00105599 0.00828661 0.00351374 0.00529731 0.00411686 0.00365219 0.34773316 0.12186206 0.00616501 0.03844082 0.02391121 0.00268517 0.00819507 0.03464012 0.00204149 0.00256202 0.34632116
107 0.16141413 0.05778495 0.02525932 0.01718121 0.01257881 0.03930833 0.02722262 0.02966172 0.02107922 0.01643221 0.02507912 0.15089412 0.01389881 0.01615071 0.01925232 0.19682516 0.02812372 0.00513318 0.10977809 0.02694222
108 0.04253178 0.00598858 0.00126422 0.00079179 0.00490524 0.00240886 0.00375143 0.00208574 0.00356107 0.28320388 0.23543790 0.00466499 0.04422968 0.08682226 0.00322088 0.00971485 0.02408549 0.00500760 0.00994088 0.22638290
109 0.05081782 0.02521051 0.01486951 0.01653141 0.01372171 0.02309091 0.02327871 0.02030331 0.01125480 0.10780504 0.19285308 0.03155301 0.18492707 0.04014212 0.01384421 0.04427512 0.04488782 0.00704500 0.02296181 0.11062704
110 0.02319759 0.41599874 0.02121379 0.00929668 0.00719194 0.03899208 0.03502098 0.00629412 0.01050449 0.00574660 0.01717829 0.30459181 0.00732332 0.00307159 0.00653958 0.02828428 0.04038897 0.00154380 0.00829297 0.00932839
111 0.05953810 0.04100990 0.04209780 0.11407400 0.00643256 0.05156310 0.31936799 0.04497740 0.02609420 0.02553560 0.03068000 0.06771320 0.01490050 0.00964331 0.01672770 0.05202010 0.03550410 0.00490687 0.01421820 0.02299540
112 0.10396908 0.01306381 0.05191504 0.02270952 0.01618961 0.01447661 0.03751863 0.40381130 0.01520151 0.01175231 0.01936691 0.03390233 0.00806467 0.00628160 0.00532795 0.17494713 0.03546243 0.00411475 0.00520480 0.01672001
113 0.03839212 0.14738509 0.02305971 0.01779931 0.01739541 0.02291211 0.01940481 0.03005332 0.02135181 0.04456493 0.07114884 0.04382183 0.02377271 0.22243913 0.01442541 0.04505523 0.03659412 0.01655391 0.09301486 0.05085533
114 0.27678616 0.00944912 0.02251901 0.01628991 0.01163951 0.00725844 0.01921731 0.44337826 0.01070071 0.00946283 0.01562521 0.01387941 0.00670760 0.00546622 0.00736236 0.06796024 0.02500791 0.00290648 0.00839739 0.01998591
115 0.14180309 0.03491992 0.03976052 0.03337462 0.02411251 0.03126832 0.03541952 0.06066754 0.01066561 0.02645432 0.03059132 0.03800622 0.01822871 0.01660091 0.02705902 0.29531118 0.08279135 0.00423718 0.01088771 0.03784042
116 0.03381150 0.02435860 0.02587870 0.01728900 0.01433530 0.01944520 0.02083850 0.01610590 0.04985570 0.02280370 0.06839140 0.01625040 0.01917410 0.19601600 0.01238800 0.02512270 0.02178420 0.02569680 0.33767000 0.03278430
117 0.03829308 0.34986383 0.03222528 0.02605219 0.00899536 0.04912078 0.04183838 0.02580519 0.01905619 0.02013209 0.03665098 0.15438292 0.01607439 0.01018619 0.02116949 0.05301187 0.04838338 0.00486804 0.01775219 0.02613819
118 0.00932050 0.00655751 0.00504821 0.00545223 0.01330110 0.00763423 0.00734929 0.00401527 0.04193499 0.01926079 0.05611388 0.00413977 0.00971512 0.35064890 0.00308047 0.00526688 0.01806949 0.03053979 0.37858289 0.02396869
119 0.05087728 0.01613639 0.00998902 0.01036280 0.00871157 0.01359260 0.01400380 0.01247190 0.00999069 0.13606696 0.38208788 0.01680389 0.06075868 0.06044958 0.01134940 0.02072109 0.02353739 0.00863353 0.02241059 0.11104497
120 0.09570970 0.01169140 0.01837020 0.01384780 0.16124801 0.01166690 0.01813450 0.15839701 0.01345920 0.20223301 0.03582050 0.01524820 0.01518450 0.01357070 0.00831510 0.08014980 0.03974960 0.00419113 0.00977433 0.07323840
121 0.04243488 0.00723390 0.00176297 0.00137509 0.00471600 0.00350755 0.00387727 0.00358117 0.00396813 0.19003991 0.38429781 0.00586704 0.06094117 0.04606338 0.00652595 0.00925986 0.01753979 0.00448616 0.01056609 0.19195591
122 0.04785663 0.04628063 0.06572564 0.03856452 0.01593381 0.05275233 0.06266374 0.05494223 0.19726112 0.02711182 0.05431703 0.05515473 0.01709551 0.04178123 0.01746821 0.04126102 0.03729022 0.01354851 0.07704475 0.03594632
123 0.05049542 0.02620161 0.01494441 0.01630801 0.01398101 0.02362571 0.02511791 0.01860201 0.01128510 0.10848904 0.19492707 0.02905751 0.18197407 0.04037792 0.01472201 0.04274542 0.04613192 0.00740422 0.02185561 0.11175404
124 0.06763321 0.03281330 0.02804040 0.04399971 0.00751282 0.04798791 0.16113602 0.02316330 0.01224370 0.01744870 0.02511940 0.02544040 0.01298450 0.00880507 0.15439502 0.07031311 0.21278003 0.00376573 0.00896346 0.03545420
125 0.04983111 0.04209791 0.25286207 0.08844223 0.01263560 0.03693741 0.05556562 0.08375462 0.03676571 0.01617600 0.03032271 0.07109762 0.01222570 0.01566460 0.01828781 0.08225422 0.03981701 0.00302021 0.02305631 0.02918551
126 0.09893470 0.03101710 0.02302810 0.02240840 0.00969006 0.02595300 0.02585010 0.01683690 0.01036470 0.02020040 0.03367830 0.02524410 0.01670470 0.01173780 0.23844601 0.07533720 0.23049201 0.00361455 0.00907644 0.07138540
127 0.04546412 0.01247760 0.00745812 0.01024410 0.00973290 0.00778460 0.01659661 0.00992803 0.00723472 0.29209910 0.17323906 0.01602351 0.04319561 0.04063961 0.01174130 0.02495091 0.03383361 0.00545309 0.00935230 0.22255108
128 0.05566753 0.01509101 0.01115081 0.00974182 0.01442141 0.01119091 0.01349331 0.01709241 0.00856226 0.21377410 0.13446606 0.01628291 0.04068182 0.03203951 0.01318961 0.03239791 0.04534312 0.00486256 0.01305681 0.29749414
129 0.06449099 0.06818149 0.03957989 0.04829639 0.01456480 0.23977296 0.07358079 0.03527399 0.03177279 0.01963280 0.04582839 0.07595759 0.02131400 0.01401550 0.02995870 0.06942179 0.05450469 0.00583526 0.01885510 0.02916210
130 0.06343983 0.06942794 0.03938882 0.04818663 0.01384951 0.24585814 0.07250544 0.03199612 0.03155572 0.01845701 0.04728163 0.07675694 0.02217421 0.01267501 0.02886402 0.06918124 0.05392373 0.00555055 0.01985611 0.02907142
131 0.05788556 0.03147418 0.07963105 0.30253881 0.00806994 0.03941198 0.13894191 0.04255597 0.01832179 0.02064569 0.02778378 0.04738767 0.01260859 0.00971251 0.02553058 0.05999746 0.03814588 0.00396635 0.01400119 0.02138909
132 0.05523768 0.01417429 0.01169050 0.00937602 0.01363499 0.01119030 0.01314539 0.01678339 0.00827890 0.21305391 0.13660494 0.01600039 0.04197028 0.03226639 0.01351069 0.03295469 0.04487848 0.00481310 0.01245379 0.29798187
133 0.03824528 0.34773382 0.03446888 0.02668599 0.00912782 0.05142457 0.04025968 0.02612169 0.02046519 0.01968189 0.03640198 0.15286292 0.01604679 0.01038929 0.01987959 0.05296567 0.04868877 0.00459491 0.01816679 0.02578849
134 0.05286918 0.01602989 0.00993335 0.01009770 0.00886508 0.01352839 0.01266669 0.01208379 0.01010630 0.13767294 0.38123683 0.01652859 0.06001747 0.05906627 0.01213209 0.02138319 0.02314169 0.00849691 0.02161669 0.11252695
135 0.10706101 0.02194120 0.05093171 0.02847710 0.01305060 0.01715890 0.03728710 0.46726806 0.01822270 0.01315320 0.02294250 0.03457500 0.00971905 0.00852242 0.00902350 0.07250241 0.03013620 0.00439210 0.00864510 0.02499010
136 0.08092912 0.04253891 0.02952491 0.03114051 0.01804400 0.03469631 0.03235131 0.03466171 0.01407360 0.04881851 0.04806771 0.03255421 0.02634351 0.01778530 0.01996111 0.12383503 0.27490407 0.00524544 0.01313410 0.07139062
137 0.05950920 0.03184520 0.07885420 0.29881500 0.00860757 0.03973100 0.13973500 0.04377370 0.01993120 0.02020530 0.02886090 0.04740090 0.01227910 0.01017410 0.02624300 0.05920170 0.03655370 0.00367832 0.01425210 0.02034880
138 0.03263190 0.02342190 0.02447650 0.01766770 0.01434890 0.01983870 0.02149950 0.01528490 0.05115030 0.02229030 0.06807720 0.01591620 0.01876640 0.19691000 0.01185430 0.02422120 0.02115970 0.02584620 0.34180700 0.03283120
139 0.14628899 0.03396880 0.03874420 0.03230710 0.02447320 0.03154810 0.03451130 0.05834850 0.01050280 0.02760630 0.03035610 0.03928080 0.01838000 0.01620650 0.02697500 0.29651699 0.08035230 0.00435255 0.01175370 0.03752680
140 0.02705000 0.33808502 0.02181250 0.01133340 0.00997003 0.05193410 0.02367900 0.00817472 0.01871700 0.01153960 0.09491801 0.24524201 0.02063210 0.00471249 0.01488850 0.03447340 0.02715530 0.00264400 0.01572680 0.01731200
141 0.03088101 0.01121910 0.00862478 0.01584330 0.00881029 0.00931438 0.06831701 0.00939952 0.01081210 0.32740907 0.07289842 0.02481341 0.02603991 0.01963240 0.00617124 0.01889880 0.03837631 0.00449968 0.00531820 0.28272106
142 0.03334462 0.01076640 0.01078430 0.00569293 0.00979517 0.06657983 0.01489721 0.01315081 0.01445691 0.23258411 0.04863302 0.01539091 0.03173971 0.01396041 0.00888441 0.03149331 0.13585006 0.00454735 0.00389638 0.29355214
143 0.02044591 0.09038484 0.01853061 0.07175323 0.00378563 0.04960432 0.25966812 0.03515802 0.01489181 0.01987611 0.02056381 0.29830314 0.01113411 0.00350121 0.00671720 0.03128971 0.02443041 0.00401698 0.00542972 0.01051510
144 0.14603089 0.03459128 0.03963757 0.03272018 0.02390238 0.03089828 0.03550597 0.05896216 0.01083409 0.02813708 0.03100148 0.03872607 0.01823919 0.01658399 0.02440668 0.29519179 0.08152454 0.00441652 0.01153929 0.03715057
145 0.06005905 0.03858823 0.04295804 0.11369510 0.00610337 0.04976544 0.31891428 0.04632614 0.02724662 0.02532162 0.03049423 0.06862706 0.01540971 0.00943938 0.01639511 0.05323365 0.03465333 0.00540668 0.01410731 0.02325562
146 0.05376536 0.03501024 0.03798724 0.23277325 0.00707601 0.20532622 0.11300612 0.03413674 0.02835393 0.01788762 0.02928243 0.06970068 0.01254101 0.00667449 0.01398812 0.03467834 0.03815524 0.00598195 0.01120391 0.01247111
147 0.06250661 0.06894382 0.03839241 0.04909941 0.01462230 0.24113305 0.07264342 0.03377371 0.03183711 0.01867500 0.04571851 0.07730112 0.02286721 0.01424840 0.02853931 0.06929562 0.05407311 0.00612378 0.02054600 0.02966011
148 0.07314461 0.03103210 0.01474890 0.01732740 0.01069490 0.02398290 0.02058050 0.01404890 0.00860443 0.02416530 0.02980780 0.02546570 0.10647102 0.01111500 0.34271205 0.15295802 0.03628331 0.00347331 0.01370090 0.03968291
149 0.06306293 0.06911444 0.04027422 0.04824533 0.01481701 0.24370713 0.07253464 0.03275252 0.03281392 0.01889531 0.04530132 0.07499724 0.02161791 0.01425361 0.02724791 0.07030054 0.05454223 0.00613156 0.02066991 0.02872032
150 0.03472661 0.01233360 0.01358790 0.01044920 0.01153750 0.01176630 0.01197110 0.01382880 0.02162931 0.07590342 0.14983204 0.01221460 0.02970401 0.28352709 0.00940210 0.03014801 0.02296161 0.02454991 0.15591005 0.06401682
151 0.33388593 0.02044640 0.01982890 0.02753999 0.02717099 0.02393720 0.03380029 0.07453909 0.01177760 0.03921089 0.05941819 0.02261270 0.01818860 0.01597800 0.03178169 0.12489198 0.04698479 0.00435060 0.01287230 0.05078389
152 0.05294453 0.16800710 0.01891031 0.01490291 0.01558321 0.03338762 0.02131181 0.01796571 0.01785381 0.06127424 0.28286517 0.06579894 0.04319183 0.02200271 0.02146221 0.03247872 0.02679972 0.00652000 0.01751801 0.05922144
153 0.03466770 0.02828270 0.17958200 0.17152600 0.00512684 0.02853660 0.27463100 0.03662100 0.02239180 0.01129010 0.01618430 0.02996300 0.00933756 0.00448945 0.01534820 0.06257710 0.02612020 0.00213455 0.01321900 0.02797090
154 0.23250785 0.02640798 0.04723397 0.23733585 0.01361709 0.03334738 0.09199634 0.04862817 0.01288159 0.01237039 0.02904028 0.02470978 0.01247649 0.01374739 0.02483348 0.07524735 0.03315258 0.00290750 0.00962964 0.01792889
155 0.10812503 0.02128191 0.05001172 0.02931701 0.01413770 0.01772951 0.03575821 0.46560515 0.01940271 0.01287990 0.02360971 0.03354531 0.01024670 0.00925920 0.00855589 0.07191332 0.03018751 0.00473629 0.00899650 0.02470071
156 0.00803448 0.00607265 0.00427230 0.00512827 0.01293671 0.00726577 0.00642152 0.00370264 0.04350002 0.01758691 0.04572852 0.00361865 0.00684554 0.36509315 0.00215188 0.00413079 0.01869251 0.02881041 0.38937216 0.02063511
157 0.04946390 0.14804101 0.04049160 0.04368710 0.00653378 0.03467220 0.22837901 0.18962401 0.02756330 0.01178420 0.01976380 0.06349330 0.01029960 0.00673176 0.00999307 0.05006690 0.02838990 0.00720736 0.00986689 0.01394730
158 0.05060879 0.01628980 0.00972234 0.01039300 0.00871011 0.01421820 0.01310340 0.01204880 0.01027670 0.13725798 0.38226795 0.01595460 0.06000839 0.05971559 0.01119980 0.02126400 0.02367140 0.00863569 0.02220050 0.11245298
159 0.03393488 0.01207609 0.01386169 0.01009299 0.01169249 0.01157829 0.01286609 0.01305869 0.02135369 0.07543986 0.14604592 0.01302129 0.02908498 0.28546885 0.00871934 0.02946298 0.02321199 0.02525839 0.15784991 0.06592156
160 0.04377727 0.00775131 0.00237680 0.00192519 0.00482826 0.00432069 0.00496917 0.00437096 0.00428827 0.18835886 0.38037671 0.00653218 0.06200635 0.05003066 0.00643354 0.01001089 0.01866429 0.00535328 0.01252649 0.18109886
161 0.03721451 0.35154505 0.03426090 0.02568820 0.00946887 0.04930401 0.04055181 0.02558810 0.01961380 0.02011150 0.03570240 0.15706402 0.01558020 0.00994144 0.02146550 0.05175351 0.04762611 0.00495285 0.01709200 0.02547520
162 0.05104831 0.01642810 0.00978763 0.01011940 0.00906373 0.01401540 0.01380820 0.01297830 0.01049040 0.13549303 0.37902808 0.01737890 0.05941021 0.06085761 0.01227130 0.02093110 0.02374810 0.00877314 0.02185800 0.11251102
163 0.05125858 0.01655069 0.00988416 0.01067680 0.00874714 0.01432309 0.01350849 0.01290309 0.01037570 0.13643694 0.37996484 0.01685029 0.06034367 0.05824667 0.01184979 0.02177259 0.02367559 0.00872993 0.02136899 0.11253295
164 0.02976433 0.00710486 0.00414654 0.00310882 0.00827366 0.00517528 0.01162881 0.00399445 0.00723974 0.10478411 0.36430239 0.00612504 0.06941457 0.11460212 0.01007421 0.00901520 0.01052661 0.01623692 0.08682619 0.12765614
165 0.04461265 0.00844678 0.00265389 0.00221987 0.00645996 0.00474568 0.00530110 0.00567804 0.00433856 0.20125122 0.32795035 0.00746043 0.05676816 0.04580085 0.00754309 0.01213351 0.02323393 0.00486460 0.01079811 0.21773924
166 0.01393871 0.00679182 0.00516817 0.00378159 0.01738881 0.00701266 0.01270021 0.00400132 0.02179482 0.02967662 0.10141508 0.00413255 0.02690672 0.32052125 0.00495602 0.00641821 0.01146011 0.03667423 0.29316323 0.07209786
167 0.04806964 0.01228231 0.00751574 0.00874376 0.00961356 0.00789268 0.01478221 0.01059911 0.00702890 0.29346723 0.17381414 0.01588371 0.04254073 0.03953153 0.01175481 0.02573812 0.03298333 0.00508685 0.00884848 0.22382318
168 0.03771540 0.35116103 0.03276660 0.02519310 0.00951022 0.04939430 0.04206990 0.02602660 0.01962640 0.02008910 0.03538720 0.15544301 0.01574600 0.00976870 0.01925530 0.05289460 0.04959660 0.00497630 0.01765000 0.02572960
169 0.00964785 0.00631427 0.00433558 0.00506722 0.01362380 0.00734821 0.00778949 0.00421735 0.03906271 0.02209681 0.06212572 0.00404188 0.01049980 0.36295812 0.00287837 0.00533736 0.01747141 0.03198831 0.35805611 0.02513961
170 0.10043605 0.03545172 0.02170291 0.03363832 0.01288251 0.03524112 0.02661211 0.01943061 0.01192681 0.03180512 0.04211162 0.03668102 0.01594281 0.01268201 0.39750421 0.07114874 0.03731522 0.00395538 0.01380741 0.03972432
171 0.03402799 0.01181190 0.01347059 0.00990418 0.01206779 0.01117630 0.01248759 0.01321759 0.02223759 0.07423287 0.14753894 0.01201859 0.02916079 0.28590088 0.00903644 0.02943839 0.02344299 0.02458839 0.15941293 0.06482727
172 0.03869330 0.34807197 0.03353320 0.02521160 0.00911942 0.04820130 0.04159890 0.02516410 0.01884700 0.02030800 0.03695110 0.15667798 0.01533820 0.00980305 0.02103460 0.05318139 0.04948580 0.00447343 0.01713920 0.02716650
173 0.04528676 0.17162687 0.01272009 0.01279399 0.00558959 0.01706419 0.02129328 0.00870109 0.01838639 0.03595257 0.02424188 0.03638307 0.01049039 0.00498170 0.33452574 0.15379988 0.03022648 0.00278499 0.02278718 0.03036388
174 0.08366485 0.02944278 0.01916599 0.01411919 0.01531349 0.02050259 0.01906639 0.02154789 0.01039739 0.07050356 0.09552514 0.02937528 0.15547090 0.03108618 0.01351979 0.06268126 0.21376087 0.00438972 0.00917799 0.08128875
175 0.02636090 0.00583793 0.00109106 0.00073077 0.00908444 0.00316881 0.00496789 0.00366419 0.00353571 0.36631295 0.08329979 0.00471461 0.03313440 0.01819490 0.00157081 0.00644858 0.03642019 0.00122830 0.00161785 0.38861594
176 0.06411243 0.06973543 0.03959232 0.04633052 0.01572231 0.24111711 0.07243533 0.03524282 0.03325272 0.01884271 0.04484092 0.07754914 0.02213751 0.01341611 0.02783511 0.06940813 0.05437213 0.00595554 0.02000301 0.02809871
177 0.09806673 0.03460741 0.02083821 0.03261101 0.01333010 0.03396151 0.02760431 0.01845410 0.01205970 0.03326651 0.04188361 0.03747051 0.01568210 0.01289040 0.39968510 0.07160662 0.03775461 0.00401334 0.01445600 0.03975811
178 0.04502128 0.01890239 0.02156319 0.00796691 0.00950945 0.01187650 0.01983739 0.00895965 0.00810190 0.30411089 0.07611237 0.08673337 0.02967089 0.02129609 0.02009299 0.01995729 0.02947009 0.00316057 0.00419988 0.25345691
179 0.28249494 0.01317260 0.01271790 0.01023930 0.01602790 0.01195810 0.01469440 0.03100849 0.00690095 0.08741238 0.09078088 0.01891350 0.02245910 0.01942750 0.02650839 0.06302029 0.04937309 0.00386544 0.00952992 0.20949496
