1 0.35792692 0.00749313 0.01650690 0.01421940 0.08056538 0.01478780 0.01334730 0.09889548 0.01126760 0.01087040 0.01256110 0.00822689 0.00934039 0.00630898 0.02003980 0.21247196 0.06121529 0.00181794 0.00761268 0.03452469
2 0.23433409 0.02696681 0.02749471 0.02737841 0.02885631 0.02489501 0.03829041 0.08423123 0.01628511 0.04766932 0.06156232 0.02570471 0.02070061 0.01923631 0.03628641 0.13349805 0.06495962 0.00389962 0.01464711 0.06310382
3 0.28096884 0.01564679 0.02619678 0.01954849 0.03511778 0.01799549 0.02364819 0.07938325 0.01345189 0.01893099 0.01959879 0.01576489 0.01057679 0.01216089 0.03710228 0.22541187 0.09960834 0.00227856 0.00886011 0.03774898
4 0.06526875 0.01618351 0.01078871 0.01113041 0.01159211 0.01422241 0.01360771 0.01937721 0.00869378 0.22589317 0.14953311 0.01903071 0.03895313 0.03408343 0.01475061 0.03701323 0.04012943 0.00286187 0.01315651 0.25373019
5 0.05730361 0.01069580 0.00379626 0.00318111 0.00991670 0.00689336 0.00571896 0.00715467 0.00830802 0.20140203 0.32291805 0.00301741 0.07794511 0.05600231 0.00985543 0.01506500 0.02362400 0.00365862 0.01266850 0.16087503
6 0.11011295 0.04572498 0.03867608 0.03264469 0.01831359 0.03177709 0.03694708 0.04064448 0.01678589 0.05349108 0.05247268 0.04829648 0.02423589 0.02511139 0.02866049 0.14699294 0.16315093 0.00460574 0.01760109 0.06375447
7 0.15262890 0.03407038 0.04862867 0.03714588 0.02457958 0.03093208 0.03850348 0.07131925 0.01744349 0.03154228 0.03243708 0.03851458 0.01507459 0.02107099 0.04018207 0.19543587 0.10500193 0.00504714 0.01593509 0.04450667
8 0.04944978 0.17325295 0.05864498 0.04620449 0.01387140 0.05701308 0.06658318 0.04084879 0.02430599 0.02460639 0.03091369 0.19764294 0.01850309 0.01202310 0.02464779 0.05837468 0.05019478 0.00687341 0.01439740 0.03164809
9 0.07164047 0.05055118 0.05950697 0.14252293 0.00804495 0.06524327 0.20616890 0.05823177 0.02482709 0.02355849 0.03242068 0.07135567 0.00980972 0.01041300 0.02440739 0.05911617 0.03883748 0.00310910 0.01446369 0.02577109
10 0.14243882 0.02420797 0.03268426 0.02406097 0.01963488 0.02051377 0.02114147 0.03097376 0.01096789 0.02375557 0.01933358 0.02319917 0.01092989 0.02189777 0.02181927 0.27647565 0.22865471 0.00207105 0.01015349 0.03508606
11 0.07995592 0.14532386 0.05498955 0.03183167 0.01463179 0.05164255 0.04546265 0.04522246 0.02400018 0.01751488 0.03078777 0.10518190 0.02235508 0.01409949 0.03062937 0.14895885 0.08701841 0.00373179 0.01473399 0.03192787
12 0.05396490 0.01218900 0.00853110 0.01076570 0.01052630 0.01158440 0.01302820 0.01275330 0.00856229 0.23315602 0.19709502 0.01478300 0.04936070 0.04387360 0.01141290 0.02722290 0.03516760 0.00397143 0.01599260 0.22605902
13 0.06893458 0.05665269 0.14931596 0.06965728 0.01476750 0.03756059 0.05000339 0.05678839 0.03625639 0.01873590 0.02336089 0.07477068 0.01753440 0.01286980 0.02310529 0.12647197 0.11622597 0.00330785 0.01592380 0.02775669
14 0.04984302 0.01005080 0.00338592 0.00238151 0.01014560 0.00568662 0.00488022 0.00570443 0.00777808 0.20146109 0.33407015 0.00236485 0.08183654 0.06022153 0.01003060 0.01118051 0.02298581 0.00388812 0.01421251 0.15789207
15 0.04088080 0.02376080 0.01891460 0.00882632 0.01697340 0.01788930 0.01040540 0.01439110 0.03878620 0.07957169 0.15654898 0.01573640 0.05934709 0.14662098 0.01392230 0.03025080 0.02876900 0.01239810 0.19841898 0.06758779
16 0.03703858 0.01180289 0.01158369 0.00723454 0.01658709 0.01025029 0.00777893 0.00936524 0.03146918 0.09997374 0.21488286 0.00706672 0.04481127 0.16935089 0.00929588 0.02081739 0.01852399 0.02593158 0.16946089 0.07677435
17 0.11774105 0.03246251 0.02980991 0.03079241 0.01524201 0.03300201 0.04299122 0.03878882 0.01155951 0.03031361 0.03864652 0.04200752 0.01925941 0.01460871 0.27402212 0.10954905 0.05087732 0.00632875 0.01467691 0.04732062
18 0.06279806 0.03934168 0.01801569 0.01140049 0.01332789 0.02096319 0.01634139 0.02430249 0.01384319 0.13894792 0.23472886 0.02929528 0.08245935 0.05129207 0.01919339 0.03747568 0.04114468 0.00430778 0.02469899 0.11612193
19 0.10112099 0.03053260 0.06973989 0.17598098 0.01022830 0.04003389 0.19478897 0.04137849 0.01917050 0.02327420 0.03379120 0.03877729 0.00660956 0.03988879 0.01903810 0.06416749 0.03798470 0.00539007 0.01701780 0.03108620
20 0.07244900 0.04940160 0.05902770 0.14136500 0.00795534 0.06580460 0.20699301 0.05846500 0.02502030 0.02391870 0.03281140 0.07006560 0.01025940 0.01074400 0.02397830 0.05919190 0.03881560 0.00313323 0.01436950 0.02623080
21 0.07813199 0.03035750 0.09433919 0.16663998 0.01639140 0.03285910 0.11384999 0.07069269 0.01931860 0.02278940 0.02045660 0.04627789 0.00989114 0.01296610 0.02794560 0.12829598 0.06359569 0.00399959 0.01292130 0.02828030
22 0.06453013 0.03650802 0.08217094 0.20018910 0.00918777 0.04158702 0.17523109 0.05897863 0.02323521 0.02449881 0.02610241 0.06063933 0.00830131 0.01195371 0.02267391 0.06794543 0.04136432 0.00466101 0.01557781 0.02466401
23 0.05435460 0.23029499 0.04839190 0.02897310 0.01372460 0.05177840 0.04985160 0.03813410 0.02343800 0.02042640 0.04221460 0.18301099 0.02522910 0.01522730 0.01979280 0.05437740 0.05042870 0.00358905 0.01591670 0.03084570
24 0.03591650 0.01959080 0.01880800 0.00853191 0.01775760 0.01695920 0.00924550 0.01333690 0.04616639 0.06488349 0.13660498 0.01277210 0.04968559 0.17127598 0.01232130 0.02774740 0.02530070 0.01304790 0.24433397 0.05571379
25 0.23203601 0.02732760 0.02868220 0.02827220 0.02818580 0.02398060 0.03798290 0.08591301 0.01622390 0.04812810 0.06065670 0.02586130 0.02043310 0.01979740 0.03584070 0.13388101 0.06488290 0.00405054 0.01436730 0.06349670
26 0.06246326 0.10625593 0.05374066 0.03321428 0.01786239 0.03793227 0.03705777 0.03677777 0.01943439 0.02526618 0.03939597 0.15103589 0.01578609 0.06378616 0.02648628 0.12230691 0.06867715 0.01823029 0.02920448 0.03508588
27 0.05010011 0.17262704 0.05776811 0.04708961 0.01329570 0.05732041 0.06902902 0.03966101 0.02398451 0.02499251 0.03145621 0.19656004 0.01841460 0.01190660 0.02390941 0.05803151 0.05063851 0.00642598 0.01385400 0.03293511
28 0.23412099 0.02761220 0.02812700 0.02772830 0.02831100 0.02421500 0.03831960 0.08533399 0.01659760 0.04706970 0.05925980 0.02642930 0.02045600 0.01925580 0.03616700 0.13480399 0.06508610 0.00381286 0.01474310 0.06255070
29 0.05461109 0.01910160 0.00997148 0.00903208 0.01171880 0.01377940 0.01405560 0.01229120 0.01313260 0.16573998 0.29353796 0.01286020 0.07068939 0.06835779 0.01183680 0.02241560 0.02718760 0.00793659 0.02977430 0.13196998
30 0.04314137 0.01713139 0.01555899 0.01201149 0.01836929 0.01139309 0.01227699 0.01517909 0.02836848 0.08527235 0.16773390 0.01300499 0.03604948 0.18367689 0.01120869 0.03624138 0.02915618 0.03449358 0.16020990 0.06952246
31 0.07220461 0.04117731 0.05307191 0.13144003 0.01219150 0.04133851 0.09270802 0.04092991 0.01532090 0.01987640 0.01926280 0.06083431 0.01246940 0.01332250 0.17763304 0.09291632 0.05094151 0.01038430 0.01492350 0.02705321
32 0.17354800 0.02407700 0.03442250 0.02897440 0.01918170 0.02046290 0.04523640 0.13914400 0.00876728 0.01310510 0.01141990 0.02370500 0.01073910 0.00651748 0.18237000 0.15604800 0.05004380 0.00360700 0.00806256 0.04056790
33 0.15767691 0.03194338 0.08580455 0.04805497 0.01754369 0.03538358 0.05408297 0.06525556 0.02113879 0.04263348 0.04779927 0.03704598 0.01959109 0.02035959 0.03113898 0.10592694 0.05869327 0.00357286 0.01603219 0.10032194
34 0.04684921 0.00508543 0.00230094 0.00328519 0.00767005 0.00590964 0.00317056 0.00984739 0.00402570 0.31182607 0.11890802 0.01339670 0.02912801 0.02538931 0.00497154 0.01829110 0.03442411 0.00114406 0.00551389 0.34886307
35 0.15202007 0.03467142 0.04844672 0.03675882 0.02476191 0.03107431 0.03878322 0.07132773 0.01742421 0.03113621 0.03212791 0.03834612 0.01504121 0.02121151 0.03958652 0.19645809 0.10516905 0.00466355 0.01635861 0.04463282
36 0.07778159 0.15458797 0.05481089 0.03235059 0.01421890 0.05306089 0.04775979 0.04759359 0.02357650 0.01805310 0.03217759 0.11407898 0.02315640 0.01359210 0.03043519 0.13049598 0.08092828 0.00376139 0.01515020 0.03243009
37 0.32002005 0.01063120 0.02887230 0.01791420 0.04097851 0.01047710 0.02125220 0.19468503 0.01261800 0.00910926 0.01144540 0.01116750 0.00864474 0.00470602 0.02309210 0.18403403 0.05165491 0.00197754 0.00690668 0.02981320
38 0.06367233 0.03665712 0.08280164 0.20044509 0.00962144 0.04123282 0.17512908 0.05895743 0.02358781 0.02459861 0.02643751 0.06005053 0.00823169 0.01241811 0.02260321 0.06715563 0.04140162 0.00454531 0.01554441 0.02490861
39 0.23259198 0.02810320 0.02829200 0.02778000 0.02863680 0.02481060 0.03810440 0.08554479 0.01611510 0.04727230 0.05955619 0.02695090 0.02009400 0.01892650 0.03814070 0.13350199 0.06455159 0.00395830 0.01439860 0.06267009
40 0.15407393 0.03456958 0.04747458 0.03584178 0.02556679 0.03016379 0.03785478 0.07040197 0.01723939 0.03086309 0.03114739 0.03812508 0.01511419 0.02118579 0.03990388 0.19910891 0.10543495 0.00473756 0.01675209 0.04444048
41 0.33266202 0.01254170 0.02192330 0.01680470 0.04031630 0.01500840 0.02038090 0.09066741 0.01373260 0.01572310 0.01695370 0.01230940 0.00975175 0.00883625 0.03092670 0.21489701 0.08108100 0.00196271 0.00766033 0.03586070
42 0.11199197 0.02098399 0.01823729 0.01823789 0.01876869 0.01723609 0.02167709 0.02610989 0.01626890 0.08747627 0.15306395 0.01629000 0.03685359 0.10875397 0.01542670 0.07983208 0.06508328 0.02190899 0.06349008 0.08230928
43 0.10656598 0.01483530 0.01177260 0.01324940 0.01334370 0.01435820 0.01780170 0.02182470 0.00994436 0.19210696 0.17476596 0.01593270 0.04487409 0.03642219 0.01615200 0.05434599 0.04445719 0.00364725 0.01245680 0.18114296
44 0.11042407 0.04690873 0.03781852 0.03183592 0.01811591 0.03128012 0.03588912 0.03936372 0.01648521 0.05455853 0.05339503 0.04875093 0.02412062 0.02544192 0.02850882 0.14630709 0.16258810 0.00434427 0.01796551 0.06589784
45 0.04728089 0.00540856 0.00260632 0.00346096 0.00792718 0.00644857 0.00361645 0.00993874 0.00428884 0.30735391 0.12125196 0.01344570 0.02973059 0.02606589 0.00530435 0.01902759 0.03465079 0.00129559 0.00587924 0.34501790
46 0.06430501 0.03629801 0.08292642 0.20025404 0.00979305 0.04146851 0.17526104 0.05783391 0.02418451 0.02443491 0.02619741 0.05992051 0.00853299 0.01247860 0.02227720 0.06759941 0.04056131 0.00482325 0.01578630 0.02506361
47 0.03563710 0.31276598 0.04606970 0.01560340 0.01536110 0.04617500 0.03787950 0.02664190 0.01793910 0.00786544 0.02254620 0.27390099 0.01916360 0.01049330 0.00889844 0.03578850 0.03607340 0.00200057 0.01066160 0.01853520
48 0.15384099 0.03495390 0.04735260 0.03704460 0.02559030 0.03107140 0.03912270 0.06996409 0.01746900 0.03007790 0.03214550 0.03848750 0.01563590 0.02082360 0.04053380 0.19722998 0.10415799 0.00486349 0.01631610 0.04331870
49 0.05277310 0.09996430 0.04935310 0.09390970 0.00773520 0.08230490 0.16881899 0.03450560 0.02767840 0.01976100 0.06452030 0.13601399 0.01447050 0.00954340 0.01259950 0.04844340 0.04109270 0.00379684 0.01150030 0.02121480
50 0.05987724 0.13040808 0.05849394 0.03748262 0.01295221 0.05139673 0.05127053 0.03339712 0.02354531 0.02683622 0.03133872 0.16548210 0.02604732 0.01170291 0.03014322 0.07743515 0.12163908 0.00524867 0.01315061 0.03215222
51 0.15324708 0.03490182 0.04770303 0.03614162 0.02507121 0.03065672 0.03841002 0.06977914 0.01766621 0.03057202 0.03164812 0.03855502 0.01512111 0.02077861 0.04097722 0.19786611 0.10576106 0.00489656 0.01620701 0.04404032
52 0.03521401 0.31360211 0.04606392 0.01491481 0.01530031 0.04615882 0.03730511 0.02646791 0.01759761 0.00773677 0.02296121 0.27449910 0.01928991 0.01060280 0.00929695 0.03600341 0.03564241 0.00194222 0.01052620 0.01887441
53 0.05366444 0.01222091 0.00833629 0.01086561 0.01040621 0.01120281 0.01243921 0.01269891 0.00837034 0.23494617 0.19709215 0.01500661 0.04956644 0.04364863 0.01114231 0.02609022 0.03481473 0.00418065 0.01556521 0.22774217
54 0.15502501 0.03451180 0.04696840 0.03667560 0.02532460 0.03113550 0.03837410 0.07000160 0.01756070 0.03047100 0.03190930 0.03777790 0.01515480 0.02052050 0.03994950 0.19786801 0.10557600 0.00461106 0.01647660 0.04410800
55 0.03987230 0.26671597 0.04781499 0.02247360 0.01320610 0.05058519 0.04514169 0.06387709 0.01824130 0.00932984 0.02607090 0.23963497 0.02025030 0.00960391 0.01120830 0.04384329 0.04132060 0.00271507 0.00946640 0.01862820
56 0.08346271 0.03117380 0.05487311 0.10567302 0.01443370 0.05272961 0.14893302 0.04464891 0.01821020 0.06796211 0.03629301 0.04730331 0.01265880 0.01432030 0.02830630 0.12001602 0.05586401 0.00355975 0.01503950 0.04453881
57 0.06800487 0.01860729 0.01466649 0.01477899 0.01328709 0.01628409 0.01642779 0.01663529 0.00822506 0.19870290 0.12274794 0.02580219 0.03702858 0.03124588 0.01675759 0.07137416 0.10000095 0.00310405 0.01266489 0.19365390
58 0.20085899 0.01978180 0.05935930 0.09364969 0.02468650 0.01879530 0.07809629 0.20679399 0.01578650 0.01301410 0.01513820 0.02472830 0.00857417 0.00703537 0.01876850 0.11395399 0.04236230 0.00264923 0.00886090 0.02710660
59 0.04219674 0.01886562 0.02160902 0.01332631 0.01786532 0.02048952 0.01501192 0.01688312 0.03987034 0.07301647 0.09373349 0.01838782 0.02593613 0.15428515 0.01734452 0.04903835 0.06545057 0.01951912 0.22901723 0.04815325
60 0.04745600 0.00573043 0.00261756 0.00353088 0.00793839 0.00626155 0.00370025 0.00975242 0.00437323 0.30191500 0.13415600 0.01278480 0.03306670 0.02776280 0.00565322 0.01851820 0.03411250 0.00136220 0.00610086 0.33320700
61 0.05463878 0.01942389 0.00986685 0.00907574 0.01187630 0.01341240 0.01360950 0.01181870 0.01300060 0.16699195 0.29477591 0.01305080 0.07106848 0.06706538 0.01212220 0.02188579 0.02731749 0.00709590 0.02841839 0.13348496
62 0.04886082 0.00990852 0.00298893 0.00138402 0.01003460 0.00463699 0.00366903 0.00486289 0.00708994 0.20132807 0.34535911 0.00126805 0.08685573 0.05920832 0.01029630 0.00931097 0.02269271 0.00289103 0.01212390 0.15523005
63 0.04715969 0.00581382 0.00256013 0.00351395 0.00803989 0.00615806 0.00368148 0.00957916 0.00443593 0.30216795 0.13363598 0.01281610 0.03284919 0.02799499 0.00552017 0.01824750 0.03390509 0.00135876 0.00634923 0.33421294
64 0.07311979 0.03063360 0.07277059 0.23408097 0.00371634 0.04501289 0.26060397 0.03869460 0.02407230 0.02004300 0.02355000 0.05383869 0.00307819 0.00646002 0.01478350 0.04161430 0.02372470 0.00101017 0.01257180 0.01662060
65 0.14099601 0.02908140 0.03106630 0.03132800 0.09060200 0.03368420 0.02418230 0.04325950 0.01537080 0.03552270 0.03522860 0.03336780 0.01945830 0.02311210 0.02269000 0.15725601 0.16003601 0.00561646 0.01723630 0.05090520
66 0.09594218 0.02409720 0.03957379 0.02053340 0.02368750 0.05162179 0.02773849 0.03118879 0.08889038 0.02438340 0.06432499 0.02573179 0.01714990 0.11399398 0.01290690 0.05185929 0.03135919 0.01492870 0.21100196 0.02908639
67 0.18613291 0.03938328 0.04070658 0.02728689 0.02974908 0.09069885 0.04569948 0.04533428 0.02610359 0.02128639 0.03113438 0.03728868 0.01644059 0.01274709 0.03757278 0.17694391 0.07772476 0.00429411 0.01381199 0.03966038
68 0.05695031 0.02952080 0.07419581 0.24661904 0.00317900 0.04794321 0.26557304 0.03828611 0.02442250 0.02049120 0.02250140 0.06030721 0.00262943 0.00537285 0.01272690 0.03897971 0.02241940 0.00093218 0.01266380 0.01428610
69 0.05358394 0.01202791 0.00865465 0.01053181 0.01043471 0.01145781 0.01227891 0.01267691 0.00829299 0.23523917 0.19666814 0.01485331 0.04962614 0.04299663 0.01120801 0.02665602 0.03465402 0.00397476 0.01567301 0.22851116
70 0.06037665 0.02469038 0.08299103 0.21906181 0.00777109 0.04085766 0.20316082 0.04692396 0.01903968 0.04204086 0.02336138 0.04651316 0.00502652 0.00874312 0.01731378 0.08008173 0.03384157 0.00171704 0.01273999 0.02374778
71 0.06240283 0.03940346 0.01866968 0.01214749 0.01320739 0.02116968 0.01665828 0.02395587 0.01387328 0.13873085 0.23413474 0.02990727 0.08256111 0.05085584 0.01971898 0.03795616 0.04140545 0.00421261 0.02392817 0.11510087
72 0.04572052 0.00606962 0.00399048 0.00524295 0.00701308 0.00811658 0.00441965 0.01252200 0.00322753 0.34509013 0.02777741 0.02550211 0.00702780 0.01200270 0.00432923 0.02383271 0.04129942 0.00082500 0.00322089 0.41277016
73 0.17945307 0.03789802 0.04634332 0.08983594 0.01498571 0.04222502 0.14716206 0.06855823 0.02070741 0.02063321 0.02792321 0.04174552 0.01109050 0.01026470 0.04806772 0.09205584 0.05130212 0.00282750 0.01229370 0.03462721
74 0.11027903 0.04599001 0.03733831 0.03181151 0.01756400 0.03158011 0.03695131 0.03926221 0.01629890 0.05347141 0.05192171 0.04832041 0.02355781 0.02508041 0.02943681 0.15002704 0.16517105 0.00457202 0.01712340 0.06424252
75 0.07700308 0.03499449 0.06709788 0.10536997 0.00837531 0.05038399 0.16159196 0.21531895 0.02401489 0.01548020 0.02116909 0.04929159 0.00877785 0.00695622 0.01878810 0.06890348 0.03305789 0.00256019 0.00931658 0.02154829
76 0.08318897 0.07850957 0.05400478 0.12561996 0.00723439 0.06506698 0.19775194 0.04116939 0.02355419 0.01801579 0.02823479 0.11189296 0.01060620 0.00725587 0.02010909 0.05064568 0.04308769 0.00253036 0.01174390 0.01977749
77 0.23000088 0.02867379 0.02818029 0.02800339 0.02815049 0.02492639 0.03881198 0.08307686 0.01668199 0.04827408 0.06138227 0.02635899 0.02065719 0.01985429 0.03666028 0.13354493 0.06538437 0.00390660 0.01460449 0.06286647
78 0.05457082 0.01209561 0.00836268 0.01117420 0.01035590 0.01118980 0.01294651 0.01279021 0.00820220 0.23422510 0.19841009 0.01478771 0.04971742 0.04294182 0.01120230 0.02668801 0.03473402 0.00389908 0.01471741 0.22698910
79 0.05434972 0.01965491 0.01034820 0.00932823 0.01172720 0.01438820 0.01433280 0.01211480 0.01340860 0.16499805 0.29337709 0.01399480 0.07042732 0.06808932 0.01225430 0.02163221 0.02710901 0.00769137 0.02919881 0.13157504
80 0.17873508 0.02234811 0.05530292 0.03583662 0.02488891 0.01664661 0.03734972 0.28261313 0.01275381 0.01203591 0.01434861 0.02546881 0.01121851 0.00800161 0.02361301 0.15037107 0.04902202 0.00331701 0.00853953 0.02758901
81 0.14268604 0.03869701 0.03035861 0.02534261 0.07785782 0.03338481 0.02573601 0.05959342 0.01960601 0.05207722 0.07271022 0.04152941 0.02450161 0.04417451 0.02624721 0.11456303 0.05880782 0.01141630 0.04072241 0.05998792
82 0.04994455 0.01009081 0.00351750 0.00273334 0.00999960 0.00586852 0.00512076 0.00616020 0.00792354 0.20348521 0.32776933 0.00297516 0.08028258 0.05920936 0.01008101 0.01207391 0.02358472 0.00375241 0.01417831 0.16124916
83 0.13557498 0.02398480 0.02869540 0.02257420 0.01754270 0.01950890 0.01915480 0.02553670 0.00967694 0.02355460 0.01892050 0.02221670 0.01091680 0.02291630 0.02027930 0.27744196 0.25483796 0.00190750 0.01056800 0.03419100
84 0.23177210 0.02843581 0.02841561 0.02875821 0.02833651 0.02415801 0.03931092 0.08492413 0.01617431 0.04660632 0.06008302 0.02697621 0.02035571 0.01973091 0.03709412 0.13341605 0.06521603 0.00404639 0.01451921 0.06167043
85 0.04963562 0.00935358 0.00284552 0.00171898 0.00971007 0.00493792 0.00390144 0.00545925 0.00717252 0.20907810 0.33120915 0.00181605 0.08121324 0.05600693 0.00971873 0.01039600 0.02296021 0.00270348 0.01124711 0.16891608
86 0.05694390 0.01070250 0.00391660 0.00333238 0.00989928 0.00694464 0.00590820 0.00737280 0.00833289 0.20153600 0.32165200 0.00328982 0.07777000 0.05576600 0.01010870 0.01529590 0.02403410 0.00347940 0.01280590 0.16090900
87 0.14280694 0.03056269 0.03778318 0.03226659 0.01511249 0.02251929 0.04886758 0.21848891 0.01071390 0.01444679 0.01644699 0.03029769 0.01279009 0.00804289 0.15627093 0.10525195 0.04495088 0.00487002 0.00958972 0.03792048
88 0.17641405 0.03876971 0.09580453 0.06177672 0.01931111 0.03547081 0.06642422 0.10139903 0.02755731 0.01870271 0.02592731 0.04763231 0.01327660 0.01205260 0.02877151 0.12246104 0.05710432 0.00331180 0.01450620 0.03332611
89 0.11000104 0.04633772 0.03712151 0.03156101 0.01825981 0.03151311 0.03567291 0.03872451 0.01652311 0.05478162 0.05293272 0.04827652 0.02378511 0.02523531 0.02828551 0.14892305 0.16462606 0.00438674 0.01783621 0.06521642
90 0.05444712 0.01881701 0.00988540 0.00924588 0.01168341 0.01377861 0.01421881 0.01220651 0.01355041 0.16576007 0.29283413 0.01257101 0.07038883 0.06852403 0.01216251 0.02238181 0.02767301 0.00790648 0.02978991 0.13217506
91 0.07196565 0.04939356 0.06003896 0.14359490 0.00819851 0.06552455 0.20746885 0.05843496 0.02504658 0.02265328 0.03156018 0.07051155 0.00979760 0.01048689 0.02480268 0.05854626 0.03869557 0.00313130 0.01456389 0.02558428
92 0.23322898 0.02788520 0.02842450 0.02926840 0.02856480 0.02513100 0.03945930 0.08450839 0.01623870 0.04672780 0.05907839 0.02587250 0.02032420 0.01923770 0.03697160 0.13369099 0.06461889 0.00390319 0.01432070 0.06254479
93 0.06590218 0.01617359 0.01117030 0.01090860 0.01146270 0.01407570 0.01401130 0.01947339 0.00886273 0.22370093 0.15189995 0.01828739 0.03934559 0.03450599 0.01480310 0.03731109 0.04050159 0.00280908 0.01334190 0.25145292
94 0.04820826 0.09923693 0.05163106 0.12047091 0.00723569 0.08050444 0.20183585 0.03763417 0.02256848 0.01629939 0.02727458 0.14439389 0.00965334 0.00625427 0.01496079 0.04470387 0.03762437 0.00281703 0.01100909 0.01568359
95 0.03167500 0.01103500 0.01344830 0.00626085 0.01657700 0.01005980 0.00628489 0.00941542 0.04520141 0.08216811 0.18632703 0.00578746 0.03869091 0.19436503 0.00802824 0.01982360 0.01682320 0.02244400 0.21322303 0.06236171
96 0.07014161 0.17225903 0.04649591 0.02915651 0.01183040 0.05098501 0.04235701 0.03290581 0.02235460 0.02105780 0.03754621 0.12715102 0.02789751 0.01432870 0.02724040 0.08788992 0.12684102 0.00349592 0.01432750 0.03373811
97 0.15419316 0.03425354 0.04724605 0.03676164 0.02596643 0.02988823 0.03780584 0.07074468 0.01739222 0.02956793 0.03146643 0.03805454 0.01525932 0.02081962 0.04137374 0.19893521 0.10551311 0.00486914 0.01655512 0.04333405
98 0.05714062 0.02933491 0.07607773 0.24452709 0.00340423 0.04737622 0.25858809 0.04081601 0.02417761 0.02071781 0.02225931 0.05971802 0.00306343 0.00548510 0.01341780 0.04164871 0.02389291 0.00109449 0.01254820 0.01471171
99 0.06466811 0.03634450 0.08201371 0.19870402 0.00989517 0.04206020 0.17599802 0.05843681 0.02350040 0.02438800 0.02614540 0.05989661 0.00857991 0.01220180 0.02298080 0.06758601 0.04167820 0.00473702 0.01531670 0.02486860
100 0.05376798 0.01899059 0.00993639 0.00900894 0.01163280 0.01339130 0.01375190 0.01155220 0.01318360 0.16630595 0.29510191 0.01303350 0.07129518 0.06836668 0.01256230 0.02123159 0.02736409 0.00767707 0.02957109 0.13227496
101 0.15341709 0.03452052 0.04753673 0.03651312 0.02456851 0.03085792 0.03819862 0.07128194 0.01717501 0.03064342 0.03078732 0.03790252 0.01530111 0.02063621 0.03928942 0.19885811 0.10675406 0.00464154 0.01574121 0.04537563
102 0.07160386 0.01272481 0.00558238 0.00466081 0.01096911 0.01061981 0.00807174 0.01048541 0.00916333 0.18607117 0.30197627 0.00493720 0.07255196 0.05194605 0.01104351 0.02271302 0.02723412 0.00309417 0.01274011 0.16181114
103 0.11495202 0.02917380 0.05649171 0.03781041 0.01521960 0.01818780 0.04686531 0.39926006 0.01358440 0.01559640 0.01972850 0.03127021 0.01177210 0.00976916 0.01700560 0.08957401 0.03318701 0.00405577 0.00930371 0.02719240
104 0.04304593 0.01684871 0.01546241 0.01189931 0.01833701 0.01117081 0.01202991 0.01535111 0.02828042 0.08499716 0.16656812 0.01317511 0.03539222 0.18560813 0.01069951 0.03620023 0.02954912 0.03564612 0.16052011 0.06921855
105 0.09837397 0.01654300 0.01348130 0.01408270 0.04550049 0.01834019 0.01401910 0.02820989 0.01016800 0.16381995 0.13637696 0.01802379 0.03839929 0.03717689 0.01861579 0.06379848 0.04693409 0.00436779 0.01789839 0.19586994
106 0.04716954 0.00578621 0.00269534 0.00352746 0.00792301 0.00629858 0.00378573 0.00965269 0.00438640 0.30281928 0.13297913 0.01304891 0.03271193 0.02759823 0.00559809 0.01826862 0.03393713 0.00130084 0.00616257 0.33435031
107 0.11722193 0.07933465 0.04813877 0.02928568 0.01696179 0.04299927 0.04481427 0.03485378 0.02538538 0.02567628 0.02915848 0.11269893 0.02028429 0.01976299 0.03065498 0.08828885 0.12970692 0.00941500 0.05812046 0.03723728
108 0.04753199 0.00812569 0.00299992 0.00233900 0.00978124 0.00479517 0.00369502 0.00655241 0.00627889 0.23680996 0.26111496 0.00538435 0.06473949 0.05471399 0.00818775 0.01338940 0.02725170 0.00319712 0.01336200 0.21974996
109 0.06285239 0.03886390 0.01871360 0.01155350 0.01373220 0.02132840 0.01684570 0.02443410 0.01392010 0.13826499 0.23412698 0.02910900 0.08220599 0.05096140 0.01952800 0.03790180 0.04198490 0.00425849 0.02444260 0.11497199
110 0.03867810 0.26563199 0.05020830 0.01857680 0.01333940 0.07705060 0.05400990 0.02727960 0.02323790 0.00854623 0.03105840 0.23951400 0.02113050 0.00770157 0.00884810 0.04447460 0.04223140 0.00194222 0.00940720 0.01713320
111 0.07076278 0.05003839 0.05933028 0.14343696 0.00795998 0.06640968 0.20903695 0.05811118 0.02492169 0.02329649 0.03195139 0.07120318 0.00961110 0.01023970 0.02396629 0.05864668 0.03814459 0.00292318 0.01458380 0.02542569
112 0.13133610 0.01994621 0.05861814 0.03120712 0.01717251 0.01052801 0.03522543 0.44052733 0.00969637 0.00770040 0.01013111 0.02176332 0.00989558 0.00622907 0.01461991 0.11434808 0.03214672 0.00296193 0.00598714 0.01995951
113 0.02096110 0.00897138 0.01471300 0.00701668 0.01974830 0.00811489 0.00441952 0.01005350 0.05070970 0.03250920 0.10389199 0.00528543 0.01839230 0.27099998 0.00730067 0.02150900 0.01285350 0.03970460 0.31988798 0.02295730
114 0.22994696 0.01731000 0.03895179 0.02235310 0.02668400 0.01234980 0.03194629 0.33832394 0.01289890 0.01037410 0.01465680 0.01695160 0.00982725 0.00575078 0.01975860 0.11751798 0.03678929 0.00287408 0.00733336 0.02740140
115 0.15387400 0.03518060 0.04733850 0.03692400 0.02540430 0.03116770 0.03849840 0.07269030 0.01711800 0.02926860 0.03051920 0.03806290 0.01516610 0.02053610 0.04095700 0.19780001 0.10509100 0.00448147 0.01631120 0.04361060
116 0.03785790 0.02114360 0.02492230 0.01744600 0.01987710 0.02152420 0.01876060 0.01805950 0.05176631 0.03791880 0.09528091 0.01912560 0.02194640 0.19355402 0.01284930 0.03508560 0.02533470 0.02585830 0.26792603 0.03376280
117 0.05465370 0.22854099 0.04830600 0.02980640 0.01345680 0.05185790 0.05092880 0.03933960 0.02366430 0.02043530 0.04244680 0.18090099 0.02489750 0.01550520 0.01934640 0.05520130 0.05066090 0.00375924 0.01570700 0.03058490
118 0.02774102 0.04451713 0.01939381 0.01072541 0.01842371 0.01278921 0.00971429 0.01362791 0.04432763 0.03370472 0.09537216 0.02531152 0.01968741 0.23325914 0.01037231 0.02898362 0.02059151 0.03496822 0.26912817 0.02736112
119 0.05377754 0.01914078 0.01021749 0.00902195 0.01170149 0.01375658 0.01407648 0.01221379 0.01339399 0.16578382 0.29426367 0.01319549 0.07071352 0.06845162 0.01190949 0.02162298 0.02710267 0.00776014 0.03005167 0.13184485
120 0.09432863 0.01740179 0.01166979 0.01081819 0.01176769 0.01877689 0.01894319 0.04252047 0.01498209 0.16722388 0.24509382 0.01372379 0.05665496 0.04316607 0.01180079 0.03685917 0.02943348 0.00476762 0.01422679 0.13584090
121 0.05133216 0.01034809 0.00372041 0.00280022 0.00990348 0.00655295 0.00504764 0.00627795 0.00783624 0.20227585 0.32545677 0.00301321 0.07932514 0.05681366 0.01025249 0.01260289 0.02366788 0.00311750 0.01327059 0.16638488
122 0.05699131 0.05972831 0.04265781 0.01749970 0.01438390 0.04866201 0.02601650 0.02847240 0.06470371 0.07118141 0.13836602 0.04892901 0.06438981 0.06213961 0.01670920 0.04766221 0.04410721 0.00596038 0.07639891 0.06504061
123 0.06180519 0.03894359 0.01850540 0.01132710 0.01313320 0.02065060 0.01621530 0.02367370 0.01404480 0.13896898 0.23515797 0.02900300 0.08269479 0.05168819 0.01966310 0.03770010 0.04110449 0.00411683 0.02574970 0.11585398
124 0.10856898 0.03195349 0.06833829 0.06965329 0.01421390 0.03525939 0.10220798 0.16653397 0.01459840 0.01607450 0.01579570 0.04051539 0.01216780 0.00896623 0.03188059 0.13297297 0.08861848 0.00309434 0.00966822 0.02891809
125 0.07672916 0.02937099 0.11242195 0.07274117 0.01053309 0.01924519 0.06330297 0.33940384 0.01718129 0.01062269 0.01315669 0.04115598 0.01098879 0.00738194 0.01345359 0.09535405 0.03595488 0.00317429 0.00864415 0.01918329
126 0.06402993 0.07795052 0.04049806 0.03992096 0.01081279 0.03963996 0.04049036 0.02808287 0.01710998 0.02830097 0.02208858 0.12577987 0.03079807 0.00977975 0.15443684 0.07832662 0.13239086 0.00969607 0.01505068 0.03481626
127 0.05349675 0.01172459 0.00843326 0.01064089 0.01052259 0.01117659 0.01265879 0.01256579 0.00816886 0.23541879 0.19788483 0.01468809 0.04954626 0.04358156 0.01111079 0.02657328 0.03441547 0.00422494 0.01537509 0.22779280
128 0.06581099 0.01613540 0.01109340 0.01119570 0.01117220 0.01410140 0.01397260 0.01951280 0.00860018 0.22607397 0.14797798 0.01851090 0.03837639 0.03369919 0.01549490 0.03707319 0.04038919 0.00285137 0.01268530 0.25527296
129 0.06899712 0.07558032 0.05079901 0.05075531 0.01725220 0.14065103 0.09736542 0.03945661 0.04123061 0.02936611 0.04719531 0.08445372 0.01938230 0.01522910 0.02885911 0.07222212 0.05125801 0.00668587 0.02460961 0.03865111
130 0.06889966 0.07622376 0.04994687 0.05017187 0.01682609 0.14176592 0.09790865 0.03873228 0.04076068 0.03072568 0.04760437 0.08548575 0.01957239 0.01456749 0.02869678 0.07159406 0.05050047 0.00660904 0.02383709 0.03957108
131 0.06476688 0.03661069 0.08303977 0.20040493 0.00961609 0.04230799 0.17606894 0.05781078 0.02350279 0.02427449 0.02626229 0.05995298 0.00826294 0.01202500 0.02200889 0.06721098 0.04141149 0.00454572 0.01522459 0.02469179
132 0.06569019 0.01626370 0.01166860 0.01128320 0.01128170 0.01400210 0.01396680 0.01999140 0.00845458 0.22502297 0.14873698 0.01859590 0.03897469 0.03385810 0.01508000 0.03734219 0.04066799 0.00276256 0.01291140 0.25344496
133 0.05443421 0.23087606 0.04746981 0.02860251 0.01360710 0.05265671 0.05073131 0.03765601 0.02327541 0.02051391 0.04290971 0.18361705 0.02512451 0.01531190 0.01896400 0.05366841 0.05070821 0.00351364 0.01564290 0.03071661
134 0.05506037 0.01919129 0.00984305 0.00900786 0.01181659 0.01377979 0.01361599 0.01205499 0.01325949 0.16591591 0.29365084 0.01281769 0.07070756 0.06767566 0.01214099 0.02258589 0.02772379 0.00768421 0.02926008 0.13220793
135 0.11754707 0.02889312 0.05595643 0.03784842 0.01560831 0.01820401 0.04742943 0.39536724 0.01351781 0.01532531 0.01995121 0.03126382 0.01174421 0.00999303 0.01736621 0.09023816 0.03283682 0.00417123 0.00952705 0.02721112
136 0.13792104 0.02497891 0.03191091 0.02407281 0.01877631 0.02120621 0.02162781 0.02970071 0.01120230 0.02393551 0.01996661 0.02385711 0.01126300 0.02246211 0.02181161 0.26857908 0.23800707 0.00220970 0.01076870 0.03574251
137 0.06408932 0.03623431 0.08250363 0.20256907 0.00978227 0.04181872 0.17777806 0.05821982 0.02326361 0.02442581 0.02567731 0.05984622 0.00822952 0.01224350 0.02119791 0.06681532 0.04105601 0.00428285 0.01577141 0.02419531
138 0.04213360 0.03320800 0.07895409 0.03728820 0.01828630 0.03954600 0.03844770 0.02755460 0.06079179 0.02309110 0.05718979 0.04113100 0.01702550 0.12610199 0.01620460 0.05429009 0.03325250 0.01247940 0.21687798 0.02614580
139 0.15317505 0.03471961 0.04792222 0.03644781 0.02521991 0.03093381 0.03850481 0.07092152 0.01727531 0.03094941 0.03175011 0.03955501 0.01515390 0.02043921 0.04135061 0.19694206 0.10425503 0.00492698 0.01528960 0.04426801
140 0.04399651 0.21401804 0.05881471 0.02135200 0.01023470 0.09126362 0.05874791 0.02821101 0.03195361 0.01054730 0.05506701 0.20136404 0.02600641 0.00637299 0.00887670 0.05221231 0.05115251 0.00199276 0.00923225 0.01858360
141 0.07654228 0.02303259 0.04084689 0.06480328 0.01059850 0.04736119 0.11004097 0.08577447 0.02038179 0.11897296 0.06557378 0.03109539 0.01787039 0.01640250 0.01945139 0.06164788 0.03948129 0.00324900 0.01298150 0.13389196
142 0.05171844 0.00777130 0.00572522 0.00654329 0.00825273 0.02390432 0.00969926 0.01332151 0.00739090 0.29004722 0.09977728 0.01651081 0.02437602 0.02069252 0.00611750 0.02625332 0.03586053 0.00149143 0.00685916 0.33768726
143 0.04875973 0.05558953 0.08450624 0.15722308 0.00825817 0.04157632 0.13628607 0.13474507 0.01998341 0.01717891 0.01867701 0.10393906 0.01050331 0.00671283 0.01759181 0.06528903 0.04052392 0.00634152 0.00974636 0.01656861
144 0.15346900 0.03415290 0.04708830 0.03594910 0.02564730 0.03039820 0.03720860 0.07131030 0.01731660 0.02992070 0.03190050 0.03817200 0.01513730 0.02138470 0.04050530 0.19845700 0.10615800 0.00514971 0.01717750 0.04349700
145 0.07173361 0.04988581 0.05967171 0.14535503 0.00787733 0.06503991 0.20834004 0.05850661 0.02469220 0.02307780 0.03152161 0.07021451 0.00951697 0.01054950 0.02447310 0.05839691 0.03831871 0.00302712 0.01419630 0.02560520
146 0.14170788 0.05814935 0.04265516 0.03929737 0.02236618 0.12910689 0.07594874 0.04451946 0.03740947 0.02628898 0.04601966 0.05714015 0.01949718 0.01261539 0.03232947 0.09114702 0.05533015 0.00617963 0.01935188 0.04293996
147 0.06847761 0.07644621 0.04904931 0.04967721 0.01672550 0.14147502 0.09904852 0.03941701 0.03997611 0.03056430 0.04706601 0.08653091 0.01943650 0.01463560 0.02864630 0.07200171 0.05030101 0.00662424 0.02377660 0.04012431
148 0.08008903 0.04737492 0.02826081 0.02467221 0.01226551 0.03018211 0.02855491 0.02673171 0.01168630 0.04056672 0.04695542 0.06068713 0.07316173 0.01301441 0.20375109 0.07576433 0.12994405 0.00434668 0.01375411 0.04823682
149 0.06884067 0.07558057 0.04945438 0.05023988 0.01671519 0.14223294 0.09815116 0.03920008 0.04139728 0.02971329 0.04732078 0.08595556 0.01933189 0.01486749 0.02827699 0.07105727 0.05095648 0.00688132 0.02393379 0.03989298
150 0.04290650 0.01792950 0.01574780 0.01185620 0.01794040 0.01172050 0.01198920 0.01555200 0.02813240 0.08403079 0.16588498 0.01396830 0.03570700 0.18558698 0.01092250 0.03639160 0.03000750 0.03561080 0.15961998 0.06849509
151 0.23233820 0.02883603 0.02774152 0.02768632 0.02836372 0.02454872 0.03838833 0.08379607 0.01628621 0.04808704 0.06026775 0.02701122 0.02073202 0.01938742 0.03794913 0.13264012 0.06439936 0.00400363 0.01443221 0.06310495
152 0.03503798 0.01220109 0.01263709 0.00836868 0.01737409 0.01110429 0.00845108 0.00995256 0.03530638 0.08736715 0.19434689 0.00776775 0.03965318 0.18336190 0.00897578 0.02177019 0.01794709 0.02870248 0.19292689 0.06674746
153 0.06190103 0.02785751 0.08977745 0.21679611 0.00635904 0.04220822 0.21199411 0.05654723 0.02000381 0.02215201 0.01919971 0.05054453 0.00496892 0.00731148 0.01893971 0.07569424 0.03463102 0.00150163 0.01188951 0.01972271
154 0.11638388 0.03146787 0.07134613 0.17961182 0.01293759 0.03585096 0.16076584 0.05991244 0.02147238 0.02278448 0.02562027 0.04577705 0.00788297 0.01155549 0.02310368 0.08215682 0.04622215 0.00323934 0.01344609 0.02846277
155 0.11760693 0.02913288 0.05624377 0.03774458 0.01573369 0.01769339 0.04693097 0.39254776 0.01332269 0.01603269 0.02034899 0.03132138 0.01207399 0.01065899 0.01789759 0.09004024 0.03278868 0.00423522 0.01011899 0.02752658
156 0.01980351 0.00857200 0.01530811 0.00646435 0.01919341 0.00826928 0.00400871 0.00953849 0.05435613 0.02979632 0.09770106 0.00462757 0.01849741 0.27051016 0.00697712 0.01991101 0.01278961 0.03398602 0.33808920 0.02160051
157 0.05859903 0.06887303 0.06153833 0.19918510 0.00457915 0.05658823 0.23812812 0.03589112 0.02423891 0.01786091 0.02665001 0.08194934 0.00659562 0.00599526 0.01437181 0.04128272 0.02882421 0.00145847 0.01180811 0.01558251
158 0.05426347 0.01892689 0.00969837 0.00886157 0.01160639 0.01325919 0.01401519 0.01170569 0.01323609 0.16604592 0.29422186 0.01300459 0.07044377 0.06891357 0.01209069 0.02179939 0.02747229 0.00771915 0.03016799 0.13254794
159 0.04742470 0.00926977 0.00376628 0.00311945 0.01109220 0.00512192 0.00433199 0.00652505 0.00789732 0.21269402 0.28390302 0.00427378 0.06964811 0.07104611 0.00918274 0.01430010 0.02530410 0.00738702 0.02391030 0.17980201
160 0.05173813 0.01082071 0.00421518 0.00315314 0.01016551 0.00719261 0.00579906 0.00676819 0.00819225 0.19818312 0.32658820 0.00326343 0.07957065 0.05754273 0.01025801 0.01359761 0.02405661 0.00323994 0.01365781 0.16199710
161 0.05501641 0.22864903 0.04789951 0.02889750 0.01371270 0.05203111 0.05016191 0.03870731 0.02338520 0.02044860 0.04346381 0.18169502 0.02552450 0.01570940 0.01974530 0.05365741 0.05050161 0.00379027 0.01551820 0.03148520
162 0.04925260 0.01330780 0.00457431 0.00231378 0.01017980 0.00668631 0.00490044 0.00619707 0.00810449 0.19218302 0.33698403 0.00440746 0.08722601 0.06003901 0.01088190 0.01143530 0.02436130 0.00336515 0.01483420 0.14876601
163 0.05433851 0.01913120 0.00996404 0.00938944 0.01167050 0.01346920 0.01413900 0.01238760 0.01322050 0.16585704 0.29368007 0.01315770 0.07072982 0.06839012 0.01180460 0.02202901 0.02762251 0.00758979 0.02949231 0.13193703
164 0.04842667 0.00955413 0.00354832 0.00211035 0.01044939 0.00541000 0.00421375 0.00549908 0.00915396 0.19504089 0.32691682 0.00157552 0.07953516 0.06937176 0.00988108 0.01152109 0.02211059 0.00498413 0.02696139 0.15373592
165 0.05206418 0.01059330 0.00415190 0.00318566 0.00987490 0.00738867 0.00563326 0.00722643 0.00776606 0.20734291 0.30763287 0.00413132 0.07499577 0.05408628 0.00991477 0.01450049 0.02482129 0.00296545 0.01285159 0.17887292
166 0.01889061 0.00839327 0.01586231 0.00615662 0.01899201 0.00877184 0.00355795 0.00921636 0.05742254 0.02883792 0.09484356 0.00447671 0.01917401 0.26548617 0.00697034 0.01924601 0.01296571 0.02920592 0.34968622 0.02184391
167 0.07646901 0.01899750 0.02659020 0.03069180 0.01246140 0.02300460 0.03522081 0.08652341 0.01299800 0.18744103 0.09467602 0.02949900 0.02630320 0.02584880 0.01501910 0.05334271 0.04106251 0.00478874 0.01492510 0.18413703
168 0.05335293 0.23070914 0.04838673 0.02949012 0.01379771 0.05225823 0.05054563 0.03861262 0.02356831 0.02049771 0.04245193 0.18321111 0.02477062 0.01570121 0.01859101 0.05371473 0.05059283 0.00366638 0.01579681 0.03028422
169 0.02533628 0.00907971 0.01186889 0.00666266 0.01912379 0.00652855 0.00459008 0.00959013 0.03928538 0.06077886 0.14130091 0.00464919 0.02548608 0.25205985 0.00725627 0.02186069 0.01397189 0.04326237 0.25739184 0.03991658
170 0.08243427 0.11672796 0.03290439 0.03903729 0.01147280 0.03823289 0.03984839 0.03605599 0.01533159 0.01938259 0.02534729 0.08786137 0.02217169 0.01059460 0.21315292 0.08552907 0.06701318 0.00708797 0.01509879 0.03471499
171 0.04273276 0.01749498 0.01562828 0.01211549 0.01799718 0.01135739 0.01178079 0.01564088 0.02801397 0.08493312 0.16808583 0.01326139 0.03580926 0.18382382 0.01126789 0.03661466 0.02902087 0.03581296 0.16004684 0.06856163
172 0.05547020 0.23041201 0.04863870 0.02954420 0.01377120 0.05153430 0.05089030 0.03879220 0.02367430 0.01960910 0.04192760 0.18179101 0.02522180 0.01589540 0.01911280 0.05391890 0.04999250 0.00364846 0.01593380 0.03022120
173 0.14353604 0.02334121 0.02692381 0.02300001 0.01719531 0.02792801 0.03928001 0.03666791 0.00825277 0.01533410 0.01325030 0.02942781 0.01126430 0.00744658 0.31063810 0.16152505 0.05216082 0.00380709 0.00830915 0.04071161
174 0.06784016 0.01878219 0.01465229 0.01476129 0.01271359 0.01603889 0.01606969 0.01617059 0.00836114 0.19979088 0.12394693 0.02520969 0.03765788 0.03089408 0.01657849 0.07086996 0.09926334 0.00306205 0.01273599 0.19460089
175 0.04632011 0.00487529 0.00238614 0.00340818 0.00747415 0.00620121 0.00316193 0.01003530 0.00383977 0.31807606 0.10441802 0.01434850 0.02556901 0.02325060 0.00463719 0.01866170 0.03500421 0.00102838 0.00502616 0.36227807
176 0.05370282 0.05562692 0.04245761 0.09589383 0.00878572 0.14940605 0.21734107 0.04356471 0.03040311 0.02029491 0.03284851 0.08430353 0.01014670 0.00708531 0.01718241 0.05208572 0.03702661 0.00395644 0.01469200 0.02319601
177 0.11714296 0.03178669 0.03011589 0.03090899 0.01483389 0.03348299 0.04341928 0.03789699 0.01199950 0.03032889 0.04062109 0.04108369 0.01957049 0.01468639 0.27438890 0.10828196 0.05088148 0.00608106 0.01531919 0.04716968
178 0.04589059 0.00629944 0.00401347 0.00538678 0.00693332 0.00866951 0.00452014 0.01251110 0.00324156 0.34373991 0.02785449 0.02607679 0.00727236 0.01196110 0.00452215 0.02438859 0.04137179 0.00098547 0.00336358 0.41099789
179 0.20238090 0.01635359 0.01546249 0.01417509 0.02380939 0.01701549 0.02073579 0.05153778 0.01061589 0.11394295 0.09594555 0.01516919 0.02814039 0.02225939 0.03071769 0.09844135 0.05540307 0.00262028 0.01080379 0.15446993
