1 0.02231250 0.00763132 0.00369431 0.00335363 0.00669553 0.00430275 0.00835538 0.00767355 0.00235885 0.05531730 0.70929804 0.00415302 0.04291950 0.02878050 0.00735993 0.00863919 0.01172920 0.00375909 0.01226560 0.04940080
2 0.03385579 0.02571279 0.00278188 0.00389952 0.00577715 0.02092999 0.01453789 0.00764804 0.00473016 0.01814139 0.02320319 0.00768617 0.00731624 0.00275664 0.75472569 0.02526689 0.02490919 0.00113570 0.00259451 0.01239119
3 0.00499372 0.00415817 0.00874241 0.13727304 0.00093694 0.00459686 0.00260151 0.79583824 0.00135313 0.00087775 0.00182902 0.00387693 0.00045772 0.00058215 0.00110069 0.02467391 0.00126357 0.00104474 0.00308469 0.00071479
4 0.03608050 0.00255075 0.00448801 0.00849793 0.00563400 0.00627483 0.00542619 0.00690199 0.00234966 0.12227599 0.06149819 0.01194180 0.02431020 0.01643340 0.00519851 0.01824740 0.02644160 0.00246451 0.00539664 0.62758792
5 0.02516282 0.06797214 0.02471432 0.03268512 0.00254487 0.04168813 0.03523642 0.01068951 0.00720134 0.02506572 0.01072161 0.61597538 0.01269621 0.00938604 0.00461043 0.02384441 0.02370551 0.00379879 0.00458963 0.01771161
6 0.03048500 0.00924179 0.00559291 0.00296475 0.00470016 0.00842031 0.00877283 0.00398643 0.00577946 0.56649993 0.08519089 0.01169640 0.03067090 0.02248050 0.00718916 0.02089410 0.02393870 0.00357439 0.00934743 0.13857398
7 0.06849331 0.01377940 0.01144680 0.01385720 0.01457170 0.00944240 0.01712150 0.03484271 0.01089110 0.01411550 0.01308230 0.01093530 0.00693776 0.00876230 0.01180330 0.67485611 0.03547331 0.00182923 0.00972015 0.01803860
8 0.03117229 0.00783058 0.00573056 0.00291542 0.00471053 0.00826787 0.00818570 0.00399209 0.00628760 0.56568187 0.08562768 0.01236880 0.03088419 0.02154550 0.00645644 0.02091580 0.02501459 0.00370977 0.00959677 0.13910597
9 0.02677381 0.06634272 0.02487661 0.03218781 0.00290616 0.04273581 0.03469091 0.01337750 0.00588856 0.02558981 0.01157090 0.61287918 0.01478180 0.00887373 0.00555587 0.02301331 0.02294021 0.00431536 0.00396713 0.01673280
10 0.01631260 0.02066920 0.01641050 0.00238303 0.00307425 0.00485128 0.00702164 0.00288246 0.02624339 0.01786810 0.03104059 0.00585406 0.00880817 0.06549118 0.00213534 0.02208309 0.01509660 0.00806210 0.71189584 0.01181660
11 0.02663899 0.06611318 0.02406219 0.03250789 0.00259177 0.04124089 0.03554659 0.01238650 0.00701813 0.02484799 0.01171600 0.61338186 0.01429770 0.00943337 0.00529224 0.02414999 0.02269429 0.00431454 0.00450788 0.01725800
12 0.01386090 0.00981996 0.00658769 0.00234785 0.00461383 0.00441872 0.00968333 0.00983234 0.01020370 0.03536500 0.05842781 0.00658976 0.00932158 0.70389410 0.00157014 0.01177500 0.01226730 0.00757696 0.05699861 0.02484540
13 0.02393339 0.00631020 0.03615979 0.65085882 0.00482675 0.02798769 0.08043148 0.03986309 0.01533850 0.00532456 0.00724376 0.02709339 0.00342992 0.00268212 0.00302758 0.02412839 0.01876769 0.00411660 0.00197559 0.01650070
14 0.02332401 0.00686186 0.03494841 0.64912121 0.00507138 0.02795821 0.08201863 0.04185611 0.01457440 0.00487914 0.00721447 0.02774181 0.00362496 0.00232619 0.00258352 0.02373101 0.01996841 0.00342524 0.00236351 0.01640751
15 0.02483329 0.67584474 0.01058850 0.00685408 0.00572176 0.02794809 0.02596049 0.01043980 0.01586539 0.01315539 0.02027159 0.06368278 0.01218600 0.01070570 0.01349339 0.02183099 0.01506969 0.00530933 0.01511059 0.00512842
16 0.07050708 0.00817693 0.01522440 0.03426249 0.00392162 0.00822884 0.00857313 0.74749179 0.00728687 0.00438493 0.01185140 0.00836373 0.00208696 0.00526041 0.00402372 0.03737639 0.01134390 0.00245977 0.00214709 0.00702858
17 0.03619998 0.00285610 0.00524582 0.00943443 0.00597141 0.00575060 0.00739822 0.00673324 0.00245899 0.12048092 0.06314796 0.01130319 0.02400898 0.01651769 0.00518846 0.01695579 0.02571748 0.00225877 0.00500639 0.62736560
18 0.00778455 0.74482490 0.00681135 0.00256070 0.00081949 0.14419498 0.00609118 0.00224009 0.01492520 0.00390264 0.02152580 0.01619630 0.00137113 0.00291781 0.00464219 0.00820626 0.00416427 0.00141236 0.00288851 0.00252031
19 0.02880399 0.02771799 0.01659000 0.05799168 0.00432963 0.03256549 0.69215381 0.01364120 0.00680935 0.00981565 0.01310380 0.02465099 0.00320801 0.00860668 0.00766011 0.02453409 0.01295720 0.00160389 0.00525369 0.00800277
20 0.01021520 0.00310498 0.00185255 0.00302300 0.00436088 0.03297151 0.01525510 0.00453099 0.01466200 0.00708576 0.66242421 0.00865054 0.01134790 0.00812133 0.16852905 0.00471268 0.00443139 0.00166239 0.01315780 0.01990071
21 0.07064662 0.01207430 0.01247520 0.01427060 0.01440060 0.00991655 0.01681310 0.03299571 0.01130070 0.01727080 0.01130800 0.01122760 0.00623764 0.00943459 0.01160780 0.67197915 0.03637971 0.00179932 0.00994407 0.01791790
22 0.02479010 0.00694189 0.00284924 0.00311616 0.00602360 0.00485459 0.00975572 0.00705521 0.00232459 0.05374730 0.70938496 0.00465109 0.04358830 0.02746940 0.00750744 0.00959868 0.01136490 0.00370454 0.01182580 0.04944650
23 0.02586059 0.06945766 0.02312139 0.03246308 0.00254201 0.04192158 0.03477658 0.01110009 0.00612756 0.02483469 0.01162159 0.61287269 0.01448579 0.00971241 0.00558867 0.02464059 0.02221209 0.00396902 0.00463554 0.01805639
24 0.07251412 0.00781382 0.01393800 0.03436301 0.00398895 0.00839852 0.00811540 0.75116120 0.00558858 0.00370325 0.01160920 0.00784631 0.00224965 0.00536961 0.00387393 0.03712071 0.01134760 0.00216512 0.00215138 0.00668161
25 0.03076960 0.00820466 0.00594139 0.00276894 0.00484789 0.00974758 0.00901579 0.00436007 0.00618744 0.56199891 0.08623199 0.01181030 0.03217159 0.02157670 0.00818651 0.02083750 0.02433540 0.00379124 0.00876755 0.13844898
26 0.62191691 0.01086850 0.01528030 0.00957779 0.01199130 0.01489570 0.01766240 0.05671139 0.01322380 0.02622080 0.02418510 0.01458190 0.01080810 0.00574637 0.01484880 0.06266949 0.02446040 0.00373345 0.00695013 0.03366740
27 0.03451639 0.02277059 0.01838489 0.00537215 0.00461948 0.00435272 0.00596543 0.00511503 0.01104160 0.07186577 0.12932695 0.02162549 0.52025079 0.01353959 0.00858207 0.01611749 0.02191459 0.00816282 0.01187030 0.06460587
28 0.02941441 0.02672090 0.01600430 0.05508301 0.00408477 0.03308081 0.69527913 0.01295390 0.00648608 0.01059110 0.01503520 0.02391910 0.00333631 0.00893902 0.00812046 0.02334280 0.01292790 0.00132181 0.00515840 0.00820057
29 0.00905553 0.00071192 0.00175475 0.00098569 0.00132783 0.00073162 0.00091618 0.00095701 0.00033913 0.28988211 0.02933041 0.00110605 0.01430781 0.01384401 0.00083852 0.00156935 0.00742283 0.00032415 0.00246286 0.62213224
30 0.02159820 0.01141940 0.00409767 0.00294515 0.00271770 0.02863000 0.20579597 0.00557841 0.01068670 0.61654190 0.01619470 0.01503810 0.00597267 0.00557373 0.00500993 0.01316420 0.01058660 0.00366955 0.00264366 0.01213580
31 0.07253821 0.00807712 0.01524560 0.03380340 0.00379368 0.00874683 0.00815632 0.74679507 0.00663536 0.00412457 0.01150640 0.00818258 0.00228335 0.00490225 0.00437933 0.03746060 0.01129680 0.00216848 0.00223326 0.00767077
32 0.03576702 0.00244412 0.00447305 0.00908300 0.00484118 0.00506777 0.00649163 0.00697265 0.00201290 0.12379206 0.06244323 0.01164641 0.02448481 0.01492531 0.00516002 0.01636131 0.02625611 0.00227529 0.00551978 0.62998232
33 0.01052941 0.00409178 0.00196183 0.00062289 0.00579731 0.00280777 0.00201970 0.00242842 0.00063387 0.30557521 0.50725535 0.00137993 0.04937833 0.01065681 0.00127628 0.00622709 0.01609541 0.00159685 0.00736309 0.06230264
34 0.00549188 0.19070902 0.00146355 0.00379455 0.00107577 0.01718110 0.01413820 0.00221563 0.00222161 0.00570243 0.00391255 0.00390350 0.00205146 0.00116261 0.71640709 0.00491083 0.01879500 0.00078851 0.00108192 0.00299277
35 0.00918116 0.00040206 0.00141486 0.00035150 0.00033612 0.00068623 0.00130914 0.00459179 0.00193588 0.03455630 0.02798260 0.00053907 0.00341544 0.78909202 0.00017482 0.00170880 0.00980521 0.00036685 0.10552000 0.00663014
36 0.06408232 0.02788421 0.03291271 0.02869741 0.00942006 0.00987025 0.02261181 0.02254501 0.54596516 0.02484321 0.01277590 0.01670861 0.01361170 0.02852201 0.00887426 0.04150171 0.02616571 0.00774240 0.04607911 0.00918643
37 0.07071992 0.01172800 0.01173370 0.01437260 0.01546620 0.00983976 0.01764071 0.03366951 0.01122500 0.01583320 0.01251740 0.01175990 0.00704077 0.00900441 0.01071260 0.67179920 0.03549211 0.00157166 0.01027350 0.01759981
38 0.01733029 0.02167799 0.01714729 0.00307948 0.00296257 0.00477890 0.00694036 0.00396680 0.02620569 0.01841269 0.03034558 0.00583676 0.00919739 0.06739066 0.00209126 0.02114239 0.01554009 0.00794552 0.70614862 0.01185969
39 0.02026669 0.70898163 0.01900059 0.00944979 0.00100771 0.02483309 0.00434128 0.00280734 0.12794893 0.00356091 0.00491351 0.00770932 0.00126985 0.00259907 0.00242092 0.00595442 0.00498021 0.00205448 0.04400358 0.00189671
40 0.01357040 0.00941993 0.00647646 0.00183363 0.00461843 0.00452848 0.01044140 0.00934808 0.00942153 0.03658811 0.06125962 0.00797497 0.00957601 0.69991022 0.00163779 0.01166730 0.01271010 0.00670658 0.05703332 0.02527761
41 0.04934650 0.02862630 0.01690580 0.02952490 0.00277680 0.62217696 0.05850550 0.01450030 0.00501218 0.01852430 0.01377610 0.05397760 0.00361012 0.00591063 0.01509270 0.01928700 0.01658940 0.00290857 0.00568026 0.01726810
42 0.01146159 0.00669385 0.00328919 0.00381674 0.00348012 0.01364059 0.00515478 0.02029649 0.00507650 0.00910026 0.01024519 0.00342868 0.00290419 0.09053435 0.00345828 0.74070062 0.01438459 0.00081792 0.03160938 0.01990669
43 0.01618210 0.02106050 0.01769250 0.00295530 0.00296999 0.00480768 0.00667867 0.00307148 0.02631090 0.01859630 0.02968221 0.00584674 0.00928716 0.06484721 0.00201337 0.02084750 0.01606550 0.00753223 0.71058513 0.01296750
44 0.02185751 0.00726731 0.00267299 0.00320018 0.00646000 0.00449738 0.00957563 0.00806621 0.00276346 0.05511171 0.70957416 0.00384026 0.04428451 0.02764951 0.00722995 0.00899138 0.01119460 0.00299832 0.01199320 0.05077171
45 0.01401070 0.01014660 0.00622291 0.00215557 0.00470754 0.00446029 0.00937761 0.00959381 0.00943285 0.03669841 0.06018841 0.00684617 0.00882540 0.70147310 0.00126585 0.01204000 0.01273200 0.00732616 0.05668641 0.02581020
46 0.02347310 0.00674748 0.00278899 0.00300619 0.00597387 0.00430439 0.00915623 0.00765678 0.00251616 0.05383101 0.71339113 0.00433491 0.04455201 0.02671580 0.00786929 0.00843991 0.01170830 0.00321472 0.01264990 0.04766981
47 0.05049400 0.03126790 0.01691740 0.03119640 0.00260763 0.62000902 0.06004070 0.01386700 0.00506381 0.01884770 0.01467550 0.05288430 0.00357217 0.00609487 0.01523600 0.01678450 0.01602480 0.00284411 0.00465608 0.01691610
48 0.00783280 0.00055748 0.00140254 0.00113743 0.00090551 0.00044815 0.00095408 0.00105020 0.00025835 0.25179319 0.02241712 0.00122046 0.01167361 0.01303051 0.00075106 0.00142161 0.00667856 0.00028141 0.00223545 0.67395050
49 0.04390618 0.00653890 0.00652073 0.00673415 0.00611103 0.01594179 0.00650169 0.02088169 0.00677226 0.00843807 0.00661054 0.00398198 0.00235114 0.00389270 0.00665390 0.68564362 0.14907092 0.00155514 0.00376235 0.00813128
50 0.02319709 0.00160117 0.02347979 0.72478560 0.00383221 0.01497749 0.15692591 0.00741585 0.01058309 0.00105741 0.00151379 0.00373018 0.00026533 0.00032235 0.00087123 0.00876249 0.01196299 0.00055086 0.00033717 0.00382801
51 0.03440662 0.00278472 0.00518968 0.00820554 0.00478478 0.00484116 0.00628070 0.00675918 0.00246604 0.12200609 0.05919024 0.01146781 0.02607552 0.01538821 0.00541055 0.01748721 0.02532652 0.00222405 0.00594490 0.63376045
52 0.06318292 0.03163521 0.03387041 0.02795091 0.00817258 0.01039010 0.02197551 0.02276681 0.54101821 0.02592481 0.01357681 0.01781131 0.01497401 0.02843161 0.00852536 0.04089862 0.02538031 0.00737798 0.04587722 0.01025930
53 0.03154032 0.00841174 0.00480480 0.00322206 0.00513342 0.00986916 0.00983057 0.00390690 0.00637238 0.56203035 0.08353335 0.01169751 0.03034262 0.02328231 0.00678995 0.02009361 0.02430742 0.00393553 0.00889591 0.14200009
54 0.00380447 0.01421380 0.77550318 0.00387356 0.00684291 0.00702552 0.00174787 0.00556161 0.00216396 0.00598075 0.00579643 0.00963802 0.12364303 0.00247373 0.00149755 0.00893656 0.00566808 0.00119837 0.00383808 0.01059250
55 0.61807180 0.01115100 0.01436210 0.00991195 0.01238210 0.01674979 0.01950329 0.05862818 0.01270600 0.02608649 0.02185119 0.01431490 0.01094830 0.00570609 0.01565259 0.06282888 0.02475359 0.00423421 0.00623757 0.03391999
56 0.01399320 0.00399250 0.00422495 0.00099125 0.00366009 0.00183302 0.00196183 0.00110954 0.00243761 0.53811208 0.09367161 0.00123217 0.18593603 0.00640423 0.00132704 0.01004530 0.00831262 0.00153359 0.00278431 0.11643702
57 0.07197031 0.01257180 0.01183620 0.01317890 0.01419190 0.00931446 0.01786360 0.03427881 0.01177060 0.01525940 0.01222740 0.01183040 0.00591483 0.00917445 0.01160610 0.67029711 0.03741351 0.00206130 0.01046740 0.01677150
58 0.00687205 0.00704580 0.00417481 0.00504077 0.00151749 0.00270829 0.00391705 0.00771085 0.00418593 0.01416390 0.00827138 0.00715431 0.00626786 0.00274377 0.00306638 0.01113700 0.72377494 0.00156730 0.00321014 0.17546999
59 0.01896940 0.01080240 0.00419287 0.00268416 0.00122331 0.00221479 0.00233938 0.00129347 0.00647792 0.29872099 0.04132990 0.00300491 0.52023598 0.00317406 0.00189278 0.00849399 0.00702959 0.00071130 0.00380501 0.06140380
60 0.02743151 0.06797072 0.02318331 0.03175041 0.00289231 0.04197781 0.03542141 0.01170780 0.00641874 0.02528641 0.01119150 0.61140620 0.01364760 0.00925105 0.00522798 0.02421321 0.02270171 0.00406947 0.00531312 0.01893771
61 0.01385350 0.00901129 0.00597831 0.00160116 0.00426726 0.00407888 0.01018820 0.00949784 0.00943094 0.03765489 0.06187408 0.00794572 0.00893411 0.70023977 0.00169788 0.01155330 0.01256240 0.00626984 0.05779638 0.02556429
62 0.04820239 0.03312470 0.01820320 0.03064930 0.00258203 0.61741891 0.05816089 0.01415780 0.00488356 0.01964550 0.01352520 0.05173989 0.00387606 0.00554011 0.01565590 0.02190770 0.01617750 0.00242034 0.00561025 0.01651880
63 0.03139360 0.00864416 0.00579214 0.00346692 0.00454101 0.00924065 0.00852686 0.00377725 0.00573271 0.56266797 0.08339780 0.01282720 0.03069900 0.02188320 0.00773472 0.02119790 0.02558220 0.00373911 0.00930762 0.13984799
64 0.02705389 0.01223730 0.68996577 0.03370229 0.00463479 0.01769399 0.01916709 0.02556759 0.01395120 0.01185080 0.00966873 0.03190339 0.01806039 0.00707046 0.00278132 0.02611709 0.01992209 0.00327380 0.01614639 0.00923164
65 0.00888019 0.00299997 0.00201745 0.00308483 0.00445031 0.00372568 0.00993334 0.01387260 0.00259062 0.08260560 0.61294797 0.00351061 0.03949030 0.00544233 0.00454971 0.01366950 0.16201599 0.00234986 0.00610505 0.01575810
66 0.02878510 0.02818770 0.01544520 0.05652601 0.00390764 0.03431310 0.69532310 0.01296260 0.00588974 0.00931346 0.01412700 0.02516360 0.00357155 0.00798372 0.00834684 0.02331670 0.01312140 0.00185381 0.00504113 0.00682057
67 0.02404551 0.00664615 0.03520271 0.65353422 0.00463816 0.02710481 0.08181033 0.04205811 0.01534611 0.00457018 0.00750533 0.02555091 0.00320135 0.00207805 0.00312949 0.02360331 0.01996391 0.00287638 0.00218348 0.01495150
68 0.55957781 0.00201580 0.01275350 0.00354354 0.00751950 0.00235284 0.00486200 0.02498509 0.01147620 0.00375529 0.01001880 0.00407911 0.00301477 0.00112333 0.00643109 0.30994689 0.02347339 0.00074862 0.00297808 0.00534437
69 0.03897309 0.01351260 0.01358850 0.01467420 0.00602678 0.01090150 0.01393020 0.01696190 0.01091570 0.03586519 0.02396320 0.02104030 0.01327110 0.00957691 0.01318250 0.05133239 0.63173189 0.00477718 0.01078480 0.04499009
70 0.03581738 0.02152209 0.01642899 0.00513911 0.00412966 0.00427328 0.00552453 0.00499541 0.01106399 0.07108796 0.13201292 0.02204589 0.52206368 0.01285089 0.00830071 0.01544449 0.02033249 0.00963379 0.01112899 0.06620376
71 0.00561606 0.10403098 0.01096210 0.03460909 0.00091360 0.09053748 0.02881549 0.00200284 0.00067104 0.03446349 0.00615846 0.63177288 0.00154772 0.00253226 0.00069571 0.02036770 0.01156630 0.00029258 0.00049160 0.01195260
72 0.01719751 0.00310462 0.01029651 0.56533332 0.00321444 0.03253652 0.05615213 0.04757003 0.00841806 0.00394419 0.00482624 0.01301301 0.00163252 0.00191022 0.00290996 0.19958411 0.01222831 0.00203556 0.00181913 0.01227361
73 0.03087181 0.02830941 0.01618351 0.05666842 0.00447139 0.03211481 0.69455526 0.01262440 0.00685492 0.00838059 0.01463621 0.02389661 0.00328433 0.00893585 0.00802714 0.02242071 0.01371651 0.00122330 0.00519719 0.00762762
74 0.02916301 0.02928611 0.01687011 0.05142022 0.00427201 0.03664752 0.69369629 0.01329641 0.00735600 0.01031000 0.01533161 0.02280251 0.00312344 0.00855910 0.00828515 0.02194771 0.01271401 0.00156163 0.00587475 0.00748240
75 0.01411140 0.00970439 0.00618638 0.00246545 0.00468677 0.00441424 0.01012790 0.00915959 0.00982147 0.03673631 0.06351202 0.00700536 0.01029920 0.69803424 0.00157459 0.01052210 0.01150040 0.00743512 0.05731632 0.02538671
76 0.61986316 0.01198140 0.01463820 0.01100610 0.01365770 0.01626550 0.01725630 0.05617161 0.01362600 0.02496331 0.02386201 0.01351980 0.01153820 0.00651350 0.01584920 0.06074302 0.02345081 0.00388266 0.00774138 0.03347011
77 0.02405700 0.00780757 0.00301356 0.00282915 0.00611453 0.00491886 0.00978980 0.00814264 0.00219463 0.05627539 0.70648288 0.00427788 0.04389439 0.02728280 0.00693959 0.00857488 0.01132160 0.00387968 0.01263440 0.04956879
78 0.05045439 0.02980340 0.01796440 0.03000060 0.00257615 0.62054394 0.05817039 0.01439550 0.00455399 0.01946360 0.01337250 0.05045489 0.00375321 0.00572192 0.01727200 0.01915440 0.01680910 0.00316610 0.00537363 0.01699590
79 0.37444156 0.00198561 0.01654738 0.00281028 0.01298858 0.00425556 0.00828771 0.03484756 0.01117839 0.01020389 0.00587492 0.00439818 0.00231288 0.00191846 0.00684966 0.33281261 0.15610082 0.00119605 0.00317608 0.00781383
80 0.36376190 0.00166555 0.00798623 0.00293289 0.01244730 0.00213586 0.00409387 0.00748200 0.01118490 0.00284211 0.00710264 0.00243420 0.00265678 0.00146766 0.00956867 0.52766385 0.02424829 0.00048802 0.00315295 0.00468436
81 0.00765967 0.05084940 0.01568080 0.03734090 0.00054603 0.04444480 0.03352840 0.00322424 0.00220605 0.06411630 0.00501002 0.68994297 0.00167005 0.00313984 0.00123651 0.02416830 0.01026510 0.00047542 0.00096704 0.00352817
82 0.01101680 0.00481617 0.00270995 0.00058614 0.00736704 0.00244288 0.00165424 0.00225333 0.00061147 0.43236812 0.37236110 0.00102744 0.04155681 0.00652539 0.00089774 0.00623704 0.01469680 0.00205419 0.00431531 0.08450202
83 0.01641449 0.02184839 0.01770159 0.00215229 0.00325816 0.00464527 0.00563334 0.00262034 0.02605089 0.01811099 0.03000088 0.00590897 0.00881593 0.06455827 0.00202341 0.02218629 0.01585609 0.00839239 0.71204264 0.01177939
84 0.04797909 0.03421309 0.01856579 0.02856589 0.00306582 0.61645482 0.05943768 0.01235530 0.00604533 0.01828269 0.01374040 0.05449158 0.00341990 0.00573714 0.01620100 0.01906419 0.01720180 0.00280470 0.00590500 0.01646880
85 0.02957680 0.02711660 0.01703820 0.05123899 0.00492820 0.03495000 0.69277392 0.01367130 0.00680196 0.00963632 0.01565950 0.02468300 0.00364603 0.00797811 0.00793380 0.02352900 0.01340110 0.00153437 0.00552012 0.00838270
86 0.00919486 0.00259009 0.00224837 0.00256162 0.00444867 0.00365908 0.00929616 0.01324680 0.00251793 0.08240710 0.61473597 0.00348925 0.03897090 0.00594050 0.00416675 0.01366000 0.16182399 0.00250200 0.00606027 0.01647970
87 0.00842386 0.00075373 0.00236737 0.00088483 0.00214339 0.00070055 0.00080485 0.00075687 0.00029606 0.37809009 0.03913301 0.00078461 0.01605420 0.01621930 0.00111849 0.00133819 0.00730705 0.00064204 0.00283137 0.51935012
88 0.02571531 0.67185624 0.01042980 0.00744705 0.00587277 0.02947651 0.02763371 0.01060720 0.01617861 0.01271000 0.02061541 0.06367492 0.01204320 0.01099400 0.01268140 0.02108451 0.01416181 0.00582541 0.01576051 0.00523161
89 0.06903788 0.01323760 0.01248340 0.01444860 0.01454400 0.00972232 0.01763739 0.03353809 0.01063710 0.01457080 0.01245700 0.01293440 0.00592125 0.00907995 0.01199670 0.67336178 0.03611009 0.00151896 0.00943914 0.01732359
90 0.02370089 0.00671923 0.03496229 0.64935276 0.00485165 0.02874739 0.08222967 0.04167678 0.01467759 0.00520390 0.00793965 0.02839279 0.00262485 0.00210570 0.00274643 0.02407179 0.01862749 0.00358385 0.00168971 0.01609559
91 0.03403888 0.00263221 0.00467473 0.00745098 0.00539453 0.00641487 0.00595539 0.00708257 0.00224698 0.12041092 0.06089556 0.01130589 0.02457118 0.01555999 0.00537861 0.01631009 0.02504138 0.00210402 0.00587067 0.63666058
92 0.02302499 0.00750703 0.00350528 0.00337083 0.00641297 0.00497845 0.00933325 0.00805026 0.00243256 0.05402998 0.70913373 0.00455264 0.04236958 0.02593899 0.00714384 0.00952813 0.01175400 0.00381604 0.01345049 0.04966698
93 0.02466792 0.06707684 0.02387911 0.03234812 0.00244532 0.04369623 0.03426832 0.01180761 0.00661716 0.02472672 0.01197661 0.61235437 0.01346051 0.01014811 0.00448872 0.02511692 0.02367381 0.00442472 0.00550137 0.01732151
94 0.00962152 0.00093492 0.00418024 0.00027793 0.00681967 0.00058340 0.00033171 0.00055151 0.00011154 0.58776966 0.14400192 0.00021005 0.03457798 0.00690658 0.00057312 0.00150406 0.00297661 0.00091198 0.00140471 0.19575089
95 0.02553210 0.01347230 0.68562209 0.03457210 0.00481770 0.01755530 0.01797700 0.02601890 0.01496710 0.01210970 0.01021440 0.03060000 0.01889380 0.00722698 0.00261115 0.02752550 0.01981680 0.00329894 0.01624910 0.01091900
96 0.02631571 0.06570392 0.02457981 0.03169371 0.00273324 0.04438832 0.03557151 0.01250790 0.00566886 0.02539681 0.01158550 0.61448722 0.01295960 0.00908566 0.00510039 0.02395401 0.02212161 0.00385485 0.00458244 0.01770891
97 0.00962829 0.00089370 0.00419330 0.00028380 0.00663177 0.00049902 0.00028115 0.00049487 0.00015635 0.58903764 0.14316691 0.00019930 0.03505938 0.00683723 0.00056402 0.00146290 0.00296733 0.00092179 0.00140237 0.19531888
98 0.02304329 0.00723041 0.00372431 0.00379420 0.00698266 0.00477102 0.00945031 0.00755697 0.00280739 0.05717037 0.70659064 0.00462326 0.04452348 0.02603969 0.00727006 0.00790924 0.01142309 0.00334758 0.01161179 0.05013027
99 0.01315391 0.00417559 0.76713657 0.00473009 0.00267132 0.00808838 0.00652029 0.01820051 0.00421925 0.00582320 0.00616208 0.01508311 0.00764312 0.00129419 0.00191015 0.10305908 0.01933151 0.00124781 0.00416948 0.00538033
100 0.01949209 0.04271809 0.01516810 0.02792619 0.00051664 0.03403519 0.09264997 0.00606338 0.00147013 0.02816699 0.00555920 0.68312978 0.00151900 0.00509064 0.00118296 0.01650789 0.01374820 0.00118081 0.00097758 0.00289718
101 0.02907501 0.02787641 0.01587171 0.05261072 0.00457982 0.03514341 0.69363228 0.01317321 0.00602192 0.00994894 0.01603501 0.02281911 0.00353973 0.00955617 0.00855811 0.02396401 0.01255961 0.00171169 0.00553511 0.00778800
102 0.00939754 0.05141812 0.01388121 0.02839951 0.00091318 0.03206541 0.02660611 0.00788252 0.00190153 0.03201591 0.00479493 0.69228127 0.00400517 0.00382619 0.00186466 0.06880873 0.01251970 0.00139495 0.00154268 0.00448065
103 0.02351049 0.00655647 0.00304640 0.00364365 0.00696674 0.00466109 0.00931112 0.00840492 0.00254488 0.05485188 0.70735774 0.00439125 0.04377868 0.02567099 0.00833779 0.00896340 0.01166670 0.00412316 0.01221040 0.05000228
104 0.07065578 0.00805211 0.01484480 0.03437219 0.00448524 0.00835819 0.00731607 0.74868883 0.00706311 0.00424080 0.01189940 0.00767954 0.00264508 0.00639163 0.00414654 0.03564249 0.01150120 0.00233301 0.00272020 0.00696381
105 0.71025201 0.00425998 0.01451110 0.00563378 0.00296301 0.00981088 0.11228500 0.00753329 0.00762922 0.00889434 0.00862249 0.01685210 0.00380568 0.00181534 0.02025870 0.01617580 0.01878200 0.00131457 0.00252191 0.02607880
106 0.02821770 0.02665350 0.01642980 0.05425040 0.00482812 0.03453190 0.69439998 0.01386370 0.00637690 0.00947790 0.01508160 0.02460690 0.00369855 0.00854844 0.00868227 0.02312080 0.01371620 0.00125702 0.00552769 0.00673064
107 0.03128099 0.00877290 0.00562597 0.00313266 0.00437244 0.01037850 0.00860300 0.00386129 0.00666413 0.56271488 0.08182128 0.01279600 0.03168829 0.02248670 0.00695949 0.02069490 0.02569309 0.00349614 0.00987640 0.13908097
108 0.03672412 0.03205872 0.01341971 0.01327831 0.00218963 0.00847553 0.00749417 0.01212871 0.01315091 0.01795141 0.03987162 0.01859671 0.03223052 0.04622202 0.00320430 0.01325351 0.01867381 0.62107329 0.03245162 0.01755141
109 0.00921665 0.00070289 0.00171240 0.00094384 0.00139015 0.00092543 0.00093027 0.00105567 0.00035986 0.29010802 0.02902040 0.00124063 0.01371980 0.01440300 0.00094365 0.00153505 0.00689338 0.00030970 0.00255015 0.62203905
110 0.03523679 0.02213389 0.01893909 0.00558835 0.00480264 0.00445818 0.00579205 0.00521719 0.01158160 0.07065187 0.13085595 0.02126349 0.52186481 0.01264560 0.00818489 0.01566809 0.02099559 0.00790207 0.01207320 0.06414468
111 0.02236249 0.00661457 0.00349640 0.00313336 0.00648781 0.00505761 0.00977516 0.00746393 0.00252147 0.05355728 0.71008779 0.00430505 0.04401719 0.02777189 0.00792749 0.00905074 0.01050130 0.00387950 0.01309650 0.04889249
112 0.02191360 0.00804788 0.00312870 0.00302016 0.00638226 0.00498950 0.00999971 0.00746829 0.00254729 0.05720050 0.70910602 0.00442846 0.04443230 0.02626710 0.00753970 0.00861633 0.01110060 0.00341239 0.01169620 0.04870300
113 0.07141289 0.01239030 0.01125140 0.01338830 0.01521610 0.00949047 0.01536200 0.03399729 0.01067990 0.01528590 0.01174810 0.01220220 0.00619264 0.00909029 0.01069500 0.67784688 0.03657629 0.00163466 0.00896212 0.01657730
114 0.04786720 0.03243240 0.01672380 0.02892050 0.00270186 0.62465596 0.05805380 0.01269710 0.00452203 0.02076120 0.01384580 0.05178720 0.00383517 0.00568717 0.01518100 0.01797470 0.01694220 0.00308147 0.00552697 0.01680250
115 0.03574660 0.00256605 0.00467662 0.00795481 0.00561835 0.00615339 0.00555131 0.00684449 0.00246987 0.11918100 0.06043420 0.01211930 0.02219690 0.01678010 0.00528937 0.01626160 0.02604820 0.00215222 0.00573666 0.63621897
116 0.08088681 0.01912890 0.01334190 0.01013740 0.59827006 0.00678580 0.01673930 0.01710230 0.01001220 0.02008930 0.04028620 0.00789288 0.00948791 0.01380570 0.01447930 0.06150751 0.01794030 0.00183404 0.00605027 0.03422190
117 0.04838161 0.03019801 0.01809580 0.03079081 0.00243825 0.62450516 0.05905752 0.01386730 0.00476217 0.01821900 0.01407640 0.05225031 0.00369527 0.00611804 0.01547250 0.01681340 0.01623150 0.00308507 0.00545814 0.01648370
118 0.50487914 0.00112376 0.00182428 0.00150791 0.00892426 0.00614214 0.00179289 0.32294309 0.00222396 0.00302939 0.00798504 0.00166516 0.00177180 0.00405126 0.00228437 0.03722371 0.08640282 0.00038878 0.00058788 0.00324834
119 0.02315940 0.00744971 0.00273239 0.00319498 0.00645859 0.00505353 0.00951077 0.00740833 0.00259114 0.05446279 0.71330285 0.00398236 0.04223649 0.02660549 0.00777648 0.00793041 0.01084850 0.00389282 0.01357180 0.04783119
120 0.62094383 0.01273290 0.01577240 0.01006610 0.01234710 0.01582250 0.01768610 0.05784088 0.01344290 0.02358169 0.02335159 0.01450130 0.01097320 0.00634773 0.01450140 0.06225508 0.02450869 0.00402157 0.00705777 0.03224529
121 0.62058400 0.01144630 0.01502270 0.01081140 0.01374260 0.01611230 0.01824630 0.05866980 0.01310490 0.02517830 0.02461250 0.01397120 0.01150000 0.00578427 0.01425800 0.05889080 0.02251940 0.00365010 0.00754193 0.03435320
122 0.07100437 0.00853616 0.01437179 0.03456859 0.00358047 0.00849296 0.00808835 0.74945671 0.00680530 0.00467651 0.01226440 0.00820487 0.00266660 0.00614212 0.00392656 0.03427919 0.01177490 0.00224670 0.00231063 0.00660286
123 0.02772821 0.00327539 0.00246216 0.00150078 0.00217705 0.00356661 0.00396747 0.00318733 0.00223725 0.60964022 0.03196501 0.00380766 0.01034320 0.01376870 0.00288100 0.04434442 0.17124706 0.00239764 0.00603400 0.05346882
124 0.03083488 0.00848721 0.00611889 0.00286192 0.00453694 0.00980647 0.00877650 0.00335439 0.00536725 0.56697859 0.08175574 0.01186559 0.03167868 0.02226048 0.00748091 0.02057309 0.02435838 0.00386125 0.00865094 0.14039190
125 0.00971802 0.00106372 0.00263327 0.00123591 0.00539438 0.00247320 0.00222987 0.00223864 0.00116373 0.07843338 0.28352392 0.00333792 0.01740370 0.02839959 0.00239305 0.00985252 0.01574980 0.00117799 0.00497356 0.52660385
126 0.03445112 0.02193091 0.01647791 0.00529297 0.00414837 0.00512324 0.00622443 0.00526090 0.01102951 0.07306065 0.13016009 0.02149261 0.52143135 0.01302811 0.00858915 0.01666121 0.02087061 0.00809518 0.01120441 0.06546724
127 0.06872361 0.01313760 0.01203090 0.01367000 0.01320720 0.00995989 0.01762710 0.03398010 0.01082410 0.01502990 0.01182290 0.01248120 0.00690627 0.00887930 0.01005930 0.67462307 0.03788220 0.00247325 0.00935828 0.01732380
128 0.02758051 0.01312231 0.69112332 0.03159811 0.00460017 0.01696301 0.01757581 0.02498051 0.01533641 0.01118091 0.00998617 0.03117841 0.01854331 0.00711311 0.00271369 0.02664121 0.01995081 0.00355459 0.01615761 0.01010000
129 0.02298589 0.00792341 0.00301943 0.00332508 0.00621119 0.00520044 0.00906185 0.00834774 0.00259063 0.05668537 0.71038159 0.00457150 0.04348237 0.02592008 0.00693747 0.00839598 0.00999978 0.00382466 0.01304339 0.04809217
130 0.00814304 0.00056939 0.00135001 0.00099610 0.00094669 0.00050109 0.00088369 0.00110643 0.00024942 0.25041895 0.02291060 0.00124236 0.01152370 0.01290750 0.00075299 0.00148361 0.00711937 0.00030944 0.00207277 0.67451286
131 0.02579518 0.67238160 0.01036439 0.00723782 0.00586464 0.02885708 0.02813588 0.01193089 0.01479689 0.01346799 0.01930069 0.06444026 0.01162569 0.01075149 0.01357789 0.02198439 0.01395929 0.00593541 0.01485929 0.00473322
132 0.02305230 0.00651789 0.00387016 0.00284768 0.00652676 0.00498072 0.00888728 0.00803798 0.00221254 0.05653900 0.70541297 0.00422211 0.04337600 0.02832050 0.00801075 0.00931271 0.01196900 0.00424136 0.01230730 0.04935500
133 0.02425141 0.00657631 0.03627251 0.65428116 0.00473200 0.02766981 0.08158592 0.04129011 0.01509740 0.00476329 0.00703116 0.02568251 0.00228994 0.00217969 0.00293981 0.02369911 0.01945980 0.00292219 0.00247986 0.01479600
134 0.01357600 0.00296588 0.00549871 0.00266549 0.00705208 0.00459513 0.00460441 0.00372887 0.00533060 0.02292331 0.21751605 0.00642605 0.01245560 0.07544502 0.00399607 0.18282304 0.01878340 0.00261785 0.00732134 0.39967509
135 0.02188810 0.00664462 0.00297804 0.00317142 0.00633070 0.00497330 0.00905273 0.00825496 0.00266282 0.05675600 0.70925601 0.00411456 0.04467440 0.02752530 0.00772797 0.00899796 0.01117190 0.00321721 0.01241930 0.04818270
136 0.01682660 0.02074660 0.01554590 0.00281251 0.00322902 0.00468110 0.00594835 0.00296486 0.02736649 0.01857160 0.03177729 0.00574238 0.00927292 0.06515108 0.00213193 0.02231339 0.01683000 0.00846397 0.70763883 0.01198520
137 0.02310580 0.00712232 0.00265759 0.00294225 0.00581504 0.00485853 0.00973281 0.00786398 0.00252302 0.05437370 0.71015897 0.00445059 0.04311710 0.02731810 0.00835910 0.00882679 0.01004080 0.00393312 0.01289650 0.04990390
138 0.01413660 0.00958021 0.00638102 0.00239260 0.00502889 0.00430078 0.00943418 0.00930387 0.01067640 0.03675600 0.05978700 0.00701331 0.00931303 0.69789995 0.00125227 0.01237470 0.01212280 0.00826341 0.05849720 0.02548580
139 0.07108580 0.00825235 0.01512530 0.03407550 0.00359052 0.00797001 0.00967176 0.74745405 0.00675059 0.00391160 0.01153690 0.00821482 0.00232182 0.00595582 0.00395653 0.03645040 0.01265650 0.00234129 0.00235564 0.00632278
140 0.01407691 0.00944500 0.00570808 0.00214134 0.00465446 0.00410937 0.00915018 0.00961704 0.01032260 0.03686731 0.06243232 0.00698279 0.00886688 0.69957228 0.00152145 0.01216000 0.01240930 0.00788481 0.05626032 0.02581751
141 0.01775670 0.01115050 0.01416090 0.09292620 0.00304727 0.00632000 0.00753077 0.00447176 0.01068210 0.03000870 0.02411010 0.01520060 0.62745598 0.00510277 0.00638419 0.01419560 0.01483890 0.00323042 0.00659895 0.08482760
142 0.03692233 0.00349885 0.00468467 0.00785682 0.00594971 0.00537724 0.00620824 0.00708617 0.00231081 0.12345810 0.05829215 0.01203971 0.02535372 0.01458941 0.00483819 0.01648791 0.02534072 0.00213507 0.00513865 0.63243151
143 0.07308231 0.00813958 0.01377200 0.03271500 0.00354224 0.00848054 0.00786025 0.75128710 0.00661450 0.00442172 0.01167020 0.00773093 0.00219722 0.00496933 0.00431719 0.03754370 0.01118890 0.00242935 0.00224986 0.00578806
144 0.60368056 0.00158812 0.01272309 0.00278077 0.00540328 0.00228531 0.00441123 0.02630708 0.01002839 0.00382151 0.01002439 0.00393637 0.00326512 0.00099760 0.00542120 0.27290180 0.02224718 0.00066408 0.00245636 0.00505657
145 0.05522967 0.00649528 0.10726594 0.00523437 0.17074691 0.00370273 0.00837890 0.01815519 0.00454448 0.00469845 0.00892678 0.00558075 0.00578559 0.00413027 0.00344214 0.55812170 0.01778999 0.00115895 0.00268501 0.00792693
146 0.01062050 0.00161419 0.00804276 0.00135631 0.00485669 0.00102123 0.00101442 0.00180140 0.00266960 0.16393102 0.39503105 0.00222062 0.12026901 0.02737120 0.00149523 0.00456965 0.00763682 0.00093017 0.01006510 0.23348303
147 0.28286714 0.00209045 0.00658191 0.00327338 0.01577621 0.00259851 0.00412766 0.00854511 0.01011021 0.00283305 0.00657532 0.00228656 0.00267570 0.00188446 0.01208771 0.60178630 0.02498361 0.00054939 0.00326123 0.00510607
148 0.02996142 0.00920080 0.00614021 0.00318155 0.00472395 0.01003541 0.00907916 0.00396106 0.00555204 0.56376545 0.08422107 0.01201091 0.03212183 0.02300922 0.00773351 0.02039222 0.02464722 0.00346803 0.00892183 0.13787311
149 0.02310870 0.00739009 0.00313614 0.00264539 0.00663681 0.00505164 0.00906634 0.00724156 0.00240940 0.05554859 0.71020591 0.00445772 0.04382579 0.02773340 0.00732355 0.00929638 0.01085600 0.00357241 0.01249450 0.04799969
150 0.04090149 0.02219100 0.00294466 0.00158436 0.00218394 0.00193944 0.00222951 0.00098254 0.00984495 0.02193520 0.26272394 0.01463720 0.57505487 0.00374375 0.00850610 0.00403001 0.00543089 0.00131691 0.00277706 0.01504220
151 0.03550209 0.02601720 0.00286872 0.00391661 0.00559550 0.02062540 0.01624560 0.00737657 0.00533920 0.01885700 0.02196370 0.00727711 0.00797586 0.00236581 0.74989189 0.02592170 0.02530890 0.00115393 0.00324944 0.01254780
152 0.02622581 0.67138826 0.01051200 0.00687292 0.00599099 0.02839491 0.02771641 0.01003760 0.01633931 0.01343271 0.01997431 0.06245662 0.01118700 0.01074120 0.01484341 0.02242521 0.01482111 0.00707441 0.01411391 0.00545190
153 0.03370069 0.02721579 0.00331190 0.00381880 0.00558284 0.02055799 0.01645140 0.00729415 0.00470095 0.01840349 0.02141579 0.00792879 0.00694475 0.00258791 0.75405977 0.02404249 0.02488459 0.00124782 0.00308639 0.01276370
154 0.01473510 0.00874266 0.00599753 0.00207162 0.00436951 0.00414869 0.01019510 0.00994233 0.00933138 0.03830829 0.06025908 0.00578778 0.00960152 0.70047580 0.00155907 0.01206230 0.01329000 0.00750619 0.05739428 0.02422179
155 0.46304391 0.00345182 0.00380748 0.00496253 0.02100130 0.01032650 0.00766632 0.24045295 0.00585119 0.00981329 0.01021090 0.00434277 0.00285258 0.01064700 0.11503198 0.02213870 0.01480770 0.00190353 0.00179358 0.04589399
156 0.02597309 0.01366630 0.68596584 0.03486159 0.00562578 0.01851640 0.01796170 0.02602939 0.01544760 0.01195320 0.01092500 0.03125689 0.01868400 0.00675903 0.00262415 0.02534019 0.02036000 0.00386253 0.01418830 0.00999905
157 0.01127680 0.00085420 0.00337340 0.00055956 0.00455273 0.00080350 0.00081850 0.00094573 0.00143868 0.08242682 0.64937812 0.00111498 0.08751112 0.03468931 0.00146981 0.00299590 0.00316200 0.00076882 0.01184000 0.10002002
158 0.01005330 0.00517490 0.00797995 0.00189708 0.00369185 0.00351091 0.00709528 0.00579745 0.00564358 0.01563600 0.03911971 0.00353589 0.13308004 0.67532120 0.00126429 0.00527089 0.00823316 0.00454878 0.03517791 0.02796781
159 0.00988099 0.00103593 0.00419100 0.00025914 0.00669423 0.00053527 0.00031218 0.00048045 0.00012077 0.58743842 0.14361086 0.00022392 0.03473207 0.00678798 0.00061767 0.00147382 0.00286103 0.00092507 0.00142240 0.19639681
160 0.03354209 0.01886679 0.21177592 0.02227139 0.00134935 0.01947689 0.17812394 0.03361419 0.00552365 0.01932229 0.00463545 0.38213886 0.00210696 0.00367428 0.00174773 0.02627959 0.02733309 0.00223448 0.00190965 0.00407341
161 0.01645111 0.02159821 0.01757521 0.00260979 0.00303341 0.00497034 0.00658052 0.00288058 0.02746201 0.01906241 0.03204851 0.00562877 0.00846482 0.06625912 0.00224096 0.02184761 0.01614981 0.00803027 0.70590924 0.01119730
162 0.01725709 0.02156249 0.01714339 0.00236999 0.00311627 0.00492478 0.00642136 0.00313575 0.02758539 0.01839619 0.03153079 0.00531070 0.00810699 0.06427257 0.00234000 0.02230029 0.01465059 0.00908239 0.70900270 0.01149030
163 0.62449493 0.01038400 0.01408260 0.00982583 0.01222310 0.01564420 0.01722700 0.05773849 0.01207070 0.02638360 0.02416780 0.01423580 0.01093820 0.00559892 0.01496100 0.06249779 0.02368120 0.00293012 0.00774714 0.03316760
164 0.03454042 0.00302653 0.00501273 0.00736511 0.00565094 0.00588053 0.00605069 0.00712146 0.00292893 0.12352407 0.05920953 0.01161361 0.02425501 0.01547151 0.00470477 0.01746321 0.02500121 0.00215064 0.00546071 0.63356835
165 0.02410200 0.00734470 0.03579861 0.65189310 0.00480897 0.02754910 0.07930421 0.04309351 0.01504810 0.00553953 0.00681394 0.02652590 0.00285277 0.00203535 0.00277442 0.02270650 0.01957520 0.00368479 0.00257378 0.01597550
166 0.03099300 0.00864330 0.00564457 0.00255619 0.00469633 0.01005130 0.00858883 0.00383027 0.00623384 0.56429395 0.08277429 0.01350660 0.03247450 0.02214610 0.00732600 0.02072690 0.02331280 0.00381369 0.00867956 0.13970799
167 0.04452330 0.00558267 0.00554685 0.02802210 0.00462596 0.00484224 0.00403056 0.53544905 0.01298740 0.00428359 0.00740928 0.00700265 0.00160863 0.00347618 0.00231519 0.31172603 0.01198790 0.00092945 0.00147661 0.00217436
168 0.03672549 0.00328051 0.00400475 0.00780066 0.00558989 0.00632806 0.00615594 0.00609451 0.00237197 0.12141998 0.05882889 0.01151580 0.02535010 0.01645800 0.00495672 0.01630630 0.02548750 0.00226961 0.00584142 0.63321391
169 0.04861191 0.03263201 0.01922230 0.03110081 0.00260372 0.62011114 0.05702031 0.01411790 0.00539001 0.01949380 0.01252200 0.05226051 0.00394656 0.00525872 0.01613700 0.01859350 0.01600960 0.00300422 0.00537114 0.01659280
170 0.02191489 0.00753162 0.00329488 0.00346096 0.00647921 0.00438271 0.00995059 0.00763162 0.00248852 0.05486448 0.71065870 0.00438715 0.04378168 0.02637889 0.00681006 0.00903452 0.01097520 0.00439438 0.01342379 0.04815618
171 0.02600749 0.67407179 0.01086290 0.00670902 0.00612404 0.02830379 0.02785299 0.01060720 0.01597810 0.01267370 0.01940749 0.06190868 0.01343630 0.01079370 0.01433340 0.02083649 0.01443760 0.00647594 0.01461400 0.00456541
172 0.00972012 0.00094808 0.00416359 0.00026759 0.00666518 0.00072327 0.00028782 0.00048578 0.00014153 0.58825917 0.14322704 0.00021556 0.03478041 0.00657095 0.00053981 0.00143535 0.00284965 0.00090586 0.00140118 0.19641206
173 0.02426400 0.00636335 0.03523160 0.65198592 0.00489841 0.02890390 0.08006999 0.04096559 0.01535360 0.00474327 0.00706046 0.02648400 0.00360218 0.00221900 0.00327379 0.02500160 0.01925860 0.00343735 0.00226472 0.01461870
174 0.02941470 0.02866860 0.01682860 0.05720080 0.00527567 0.03285210 0.68986595 0.01335410 0.00689445 0.00938366 0.01535220 0.02345580 0.00267236 0.00817394 0.00818845 0.02370790 0.01402150 0.00144013 0.00510975 0.00813936
175 0.02420849 0.00700735 0.03514809 0.65246584 0.00475027 0.02767819 0.08065298 0.04001789 0.01470180 0.00534047 0.00747324 0.02771389 0.00292239 0.00198104 0.00285208 0.02396619 0.01921220 0.00336179 0.00207482 0.01647100
176 0.02335820 0.00658390 0.03523429 0.65387086 0.00473596 0.02755109 0.08126118 0.04199659 0.01536740 0.00559550 0.00782366 0.02651699 0.00283882 0.00199546 0.00284948 0.02283690 0.01944240 0.00275003 0.00209890 0.01529240
177 0.03577750 0.00255436 0.00428389 0.00851487 0.00607876 0.00642732 0.00573302 0.00638222 0.00217885 0.11994999 0.06131070 0.01213830 0.02552630 0.01585050 0.00454303 0.01758160 0.02565370 0.00228131 0.00532882 0.63190497
178 0.20242309 0.00239233 0.00688632 0.00138886 0.34315815 0.00213473 0.00297642 0.01814731 0.00252567 0.00230727 0.00580117 0.00178598 0.00186317 0.00136930 0.00581197 0.36874116 0.02352221 0.00050464 0.00123008 0.00503015
179 0.02780290 0.00248937 0.00245156 0.00264978 0.00032546 0.80157911 0.13172802 0.00063894 0.00072681 0.00456632 0.00201488 0.00670227 0.00052599 0.00073811 0.00159585 0.00222125 0.00313869 0.00075600 0.00098591 0.00636277
