1 0.35978007 0.00853206 0.01167660 0.01634770 0.05576431 0.00871535 0.01002960 0.08199862 0.00909414 0.02416600 0.02939411 0.00781947 0.01192230 0.00566647 0.01886250 0.19720604 0.07673442 0.00111183 0.00497328 0.06020511
2 0.10738000 0.03506370 0.02802240 0.04037900 0.02062950 0.06858080 0.05430790 0.03932760 0.02550180 0.04256330 0.09451670 0.04399540 0.03241340 0.08501310 0.03295850 0.08108930 0.05225050 0.01091840 0.05793120 0.04715750
3 0.27660608 0.01602930 0.02622951 0.02306721 0.03438371 0.01853121 0.01828531 0.09670473 0.01067560 0.02323741 0.02757031 0.01787681 0.01299080 0.00929316 0.02604891 0.21470506 0.09055603 0.00223312 0.00841302 0.04656271
4 0.06808208 0.01354550 0.01393170 0.00934256 0.01549740 0.01064480 0.01489820 0.01678959 0.00701002 0.23190993 0.15692895 0.01574020 0.03107689 0.03272849 0.00903838 0.03467659 0.04465199 0.00335345 0.01418440 0.25596892
5 0.05875565 0.00890633 0.00816766 0.00298132 0.01131509 0.00735035 0.00623095 0.00964443 0.00540627 0.23089082 0.25313180 0.00548334 0.05348916 0.04759796 0.00516391 0.02089798 0.03333787 0.00355760 0.01022269 0.21746883
6 0.16154591 0.02509509 0.01800419 0.02002459 0.02142909 0.02556149 0.04320748 0.03154968 0.01340069 0.03819328 0.03931338 0.02943438 0.02052139 0.01311089 0.17235790 0.08518015 0.12644193 0.00743507 0.01017449 0.09801894
7 0.15042698 0.03269170 0.04845970 0.04064090 0.02541390 0.03219040 0.03471820 0.07571829 0.01629570 0.03145280 0.03971100 0.03965830 0.01872320 0.01771380 0.03388900 0.19807398 0.09812699 0.00496220 0.01709710 0.04403590
8 0.04583689 0.18161495 0.05152129 0.03940479 0.01199370 0.06231828 0.06703198 0.03765019 0.02597299 0.01991489 0.03481439 0.21276094 0.02156969 0.01034830 0.01856489 0.06093628 0.04798529 0.00392977 0.01367620 0.03215429
9 0.05502321 0.08059831 0.04606061 0.10763702 0.00570601 0.07464281 0.19432203 0.03773191 0.02583810 0.02271330 0.02741990 0.13238502 0.01515780 0.00867547 0.01412890 0.05325231 0.05625791 0.00284067 0.01040270 0.02920600
10 0.13821799 0.01843020 0.05603450 0.02759770 0.02386330 0.02614760 0.02131220 0.03149440 0.01185930 0.02608830 0.02620480 0.02685360 0.01677120 0.01187950 0.02153050 0.26629399 0.19659499 0.00246818 0.00874487 0.04161290
11 0.08780826 0.12924209 0.05052574 0.03836803 0.01881111 0.04806053 0.04109003 0.06066014 0.02131442 0.02275812 0.02959042 0.09350337 0.01524211 0.01185511 0.04008303 0.17053912 0.07056445 0.00466019 0.01640581 0.02891792
12 0.04182161 0.01119370 0.00816837 0.00403358 0.00995337 0.01068770 0.00859896 0.00813468 0.00748047 0.20335506 0.27824509 0.01052210 0.08447283 0.05670512 0.00532909 0.02289811 0.04389951 0.00494517 0.01709641 0.16245905
13 0.06597113 0.03595542 0.11162506 0.07168614 0.01882381 0.03744442 0.05860653 0.16541608 0.03868492 0.01961871 0.02955071 0.05475683 0.01255011 0.01135861 0.02129881 0.11056206 0.08825884 0.00377130 0.01641361 0.02764691
14 0.04092150 0.00961296 0.00687627 0.00149227 0.00790921 0.00769097 0.00481722 0.00648746 0.00630438 0.19991900 0.32695300 0.00594873 0.07640550 0.06634650 0.00437104 0.01467920 0.02975070 0.00499659 0.01229950 0.16621800
15 0.03957631 0.02063260 0.01541610 0.01372760 0.02063760 0.02461580 0.02080980 0.01700680 0.02406340 0.10452902 0.18093203 0.02301320 0.10134102 0.09840591 0.00894375 0.04381881 0.05565861 0.01308230 0.10167502 0.07211431
16 0.03616813 0.01200271 0.00993945 0.00451407 0.01076721 0.01282681 0.00624131 0.00964616 0.02152352 0.11265310 0.29953127 0.00881887 0.07393167 0.13731512 0.00572878 0.02072042 0.02639672 0.01673602 0.09644309 0.07809557
17 0.07399590 0.05588390 0.02997870 0.03939940 0.01137520 0.05116540 0.04074530 0.03850740 0.01840750 0.02137620 0.04733740 0.07533630 0.01306090 0.00956715 0.28621900 0.09088160 0.05434820 0.00898982 0.00902613 0.02439860
18 0.05447083 0.02684991 0.01772251 0.01515401 0.01371091 0.02423611 0.02390781 0.02427781 0.01266671 0.12169306 0.24330512 0.03483762 0.09547405 0.05818753 0.01471591 0.04640172 0.05007793 0.00651949 0.02163431 0.09415665
19 0.18946098 0.02579410 0.03198450 0.09724059 0.03161130 0.03212940 0.05005399 0.06228139 0.01947130 0.02199330 0.03978260 0.03341900 0.01911330 0.06138559 0.02760960 0.11495299 0.06404609 0.00727420 0.02313450 0.04726130
20 0.06203286 0.05083115 0.05450725 0.15204415 0.00732605 0.06550106 0.21100720 0.04883555 0.02510082 0.02552432 0.02927473 0.07114727 0.01428101 0.01008901 0.02130522 0.05752196 0.05078015 0.00300960 0.01211091 0.02776973
21 0.07135808 0.03058209 0.07622358 0.18070995 0.01518830 0.04317399 0.13777096 0.04356299 0.02097839 0.02633209 0.02493199 0.04472409 0.01480190 0.01143870 0.02244459 0.09694337 0.09245317 0.00305849 0.01263460 0.03068869
22 0.06061085 0.03491133 0.08142916 0.22503517 0.01181131 0.04588403 0.18065914 0.05415864 0.02023142 0.01947991 0.02155012 0.04995594 0.01031681 0.00978728 0.02124122 0.07379806 0.04222183 0.00304507 0.01289391 0.02097882
23 0.02785811 0.31929417 0.04783332 0.01904881 0.00966864 0.06489503 0.03396772 0.02163821 0.03224472 0.00963190 0.02133561 0.26886814 0.01431261 0.00423412 0.00579951 0.04018922 0.02460171 0.00101343 0.01385601 0.01970901
24 0.07815072 0.03445971 0.04027921 0.03267261 0.01986140 0.03787221 0.02352930 0.15045403 0.05651481 0.02350780 0.04685241 0.02649891 0.01308380 0.09302302 0.01406670 0.08402652 0.03106041 0.02163740 0.14385503 0.02859401
25 0.15139395 0.12399296 0.02996099 0.03349209 0.01759809 0.04977648 0.05592538 0.07468258 0.02467219 0.02680679 0.04121049 0.08967147 0.01569669 0.01148450 0.04954598 0.09497907 0.05723098 0.00316953 0.01314820 0.03556159
26 0.04985581 0.15598602 0.04226061 0.02915350 0.01531290 0.05663061 0.06722171 0.03554230 0.02408840 0.02523000 0.03923331 0.17599902 0.02253160 0.03652291 0.02034460 0.06182031 0.08150041 0.00539856 0.01520570 0.04016171
27 0.04840967 0.10231193 0.06933736 0.14544091 0.01226199 0.05923646 0.13755991 0.04588387 0.02277549 0.01683299 0.02365308 0.13416191 0.01205899 0.00899899 0.01884319 0.06761076 0.03998657 0.00329484 0.01214379 0.01919729
28 0.24908906 0.02367881 0.02028421 0.02714921 0.03002871 0.02178671 0.03099471 0.09511772 0.01354150 0.04637621 0.05482541 0.02411451 0.01771820 0.01656700 0.03653471 0.14028604 0.06755552 0.00362494 0.01304560 0.06768122
29 0.04747800 0.01655100 0.01143880 0.00710247 0.00947749 0.01512270 0.01138350 0.01313410 0.01130870 0.15308199 0.31857997 0.01435180 0.07700669 0.07429099 0.01104850 0.02571870 0.03319970 0.00739963 0.02227430 0.12005099
30 0.03590407 0.01058769 0.00627250 0.00181948 0.00697148 0.00884765 0.00577507 0.00609774 0.00837780 0.15956389 0.36750374 0.00722601 0.09838803 0.08801354 0.00460483 0.01606679 0.03060308 0.00713061 0.02003909 0.11020692
31 0.07295174 0.03964347 0.03436997 0.08804213 0.01004119 0.04714606 0.06011835 0.03680457 0.01495499 0.01898119 0.03741157 0.04120677 0.01110339 0.00993831 0.30144377 0.09355213 0.04722526 0.00600300 0.00820834 0.02085378
32 0.20468398 0.02312990 0.03137410 0.03020450 0.02238760 0.02010250 0.02106790 0.24273397 0.01212290 0.01475540 0.02004960 0.02509780 0.01040680 0.01021880 0.02199930 0.19904598 0.04561389 0.00397672 0.01404380 0.02698460
33 0.12082602 0.06249591 0.03044281 0.02624870 0.01823140 0.03872671 0.06727511 0.03160051 0.01637590 0.03663951 0.04913711 0.13840502 0.02558330 0.01712370 0.02810240 0.08555031 0.08373731 0.00760853 0.01325770 0.10263202
34 0.05650568 0.00640998 0.00935970 0.00395475 0.01397199 0.00494793 0.00574704 0.01467019 0.00308837 0.29434888 0.15550294 0.00350083 0.02499079 0.02389529 0.00304586 0.01997999 0.03663858 0.00173137 0.00777898 0.30993087
35 0.15055003 0.03316801 0.04846371 0.04089461 0.02556530 0.03261041 0.03518411 0.07497631 0.01663150 0.03046631 0.03883421 0.04020111 0.01867600 0.01776490 0.03291111 0.19886803 0.09796462 0.00501853 0.01736710 0.04388411
36 0.05173813 0.15937810 0.09091035 0.05162283 0.01764001 0.05242163 0.04571243 0.04767843 0.02832222 0.01781811 0.02510562 0.13541408 0.01400611 0.00985305 0.02432461 0.12645508 0.05692413 0.00381476 0.01625701 0.02460331
37 0.26942000 0.01422220 0.02943520 0.02127970 0.03294340 0.01813530 0.01514340 0.09265660 0.00995878 0.02126730 0.02531160 0.01633010 0.01262010 0.00909948 0.02224320 0.23689600 0.09998760 0.00200493 0.00795580 0.04308930
38 0.06011291 0.03488371 0.08191142 0.22585005 0.01161750 0.04580921 0.18199104 0.05358861 0.02022500 0.01951860 0.02134210 0.05071721 0.01014580 0.00944232 0.02120630 0.07296922 0.04221441 0.00279186 0.01248030 0.02118240
39 0.18609319 0.02032742 0.01659712 0.01962662 0.02651873 0.02182322 0.02506723 0.05123905 0.01164961 0.07468138 0.12947513 0.02329022 0.05944136 0.03063593 0.03460783 0.10464111 0.06653567 0.00433819 0.01312541 0.08028558
40 0.15105602 0.03351580 0.04847910 0.04131580 0.02557250 0.03245030 0.03497550 0.07559411 0.01613410 0.03124470 0.03860000 0.03960510 0.01835640 0.01707140 0.03310760 0.19946602 0.09775101 0.00502450 0.01681360 0.04386640
41 0.34416925 0.01170781 0.01387691 0.01639121 0.03977893 0.01219611 0.01286611 0.10890908 0.00929865 0.02207362 0.02684032 0.01117631 0.01121891 0.00635716 0.02440072 0.19914514 0.07163095 0.00149866 0.00620242 0.05026174
42 0.31216503 0.01463690 0.01908230 0.02059000 0.03700630 0.01575160 0.01662620 0.10604501 0.01024900 0.02278680 0.02803200 0.01498760 0.01206920 0.00794469 0.02718660 0.19899402 0.07746071 0.00199297 0.00751735 0.04887570
43 0.22406820 0.01597411 0.01803952 0.02581972 0.06119365 0.01958482 0.02095452 0.04781234 0.01287921 0.05282905 0.07614677 0.01996912 0.05345995 0.02159172 0.02267232 0.13716612 0.07662867 0.00336361 0.01626641 0.07358017
44 0.10010498 0.01823510 0.02322710 0.01781090 0.02093240 0.01704330 0.02851829 0.02025290 0.01071810 0.13715397 0.09583588 0.03178479 0.03225599 0.02321510 0.02059020 0.09032408 0.11812598 0.00415649 0.01520950 0.17450497
45 0.05136687 0.00522289 0.00831133 0.00211356 0.01282959 0.00428945 0.00462682 0.00807927 0.00233025 0.30197884 0.16565791 0.00265383 0.02577109 0.02553079 0.00188901 0.01473119 0.03396028 0.00119339 0.00687082 0.32059283
46 0.06020960 0.03481840 0.08198030 0.22541701 0.01175650 0.04591910 0.18080401 0.05341210 0.02035580 0.01983200 0.02173190 0.04986250 0.01027780 0.00954802 0.02178810 0.07326710 0.04220660 0.00278102 0.01285680 0.02117530
47 0.03057312 0.29247218 0.05084103 0.02158221 0.01047351 0.06220554 0.03643482 0.02443591 0.02900492 0.01025921 0.02108551 0.26502116 0.01491311 0.00522710 0.00796145 0.05336743 0.02765972 0.00173845 0.01341161 0.02133201
48 0.11253902 0.02721600 0.03843941 0.03381561 0.02752440 0.03383431 0.03321030 0.04370011 0.01467770 0.05194211 0.07681341 0.03872751 0.07013321 0.02463640 0.02505930 0.17640503 0.09348921 0.00503895 0.01795410 0.05484391
49 0.06224169 0.05372869 0.03022060 0.02696170 0.05627679 0.04220899 0.02321510 0.03242040 0.01857920 0.05737789 0.19722797 0.09218339 0.05426229 0.04317659 0.02123130 0.06030089 0.04547499 0.00667954 0.02501740 0.05121459
50 0.06059767 0.08959345 0.04634848 0.03333938 0.01363179 0.06561887 0.08532476 0.03009258 0.05218777 0.02827539 0.03989248 0.14244093 0.02026639 0.01140729 0.02324409 0.07363886 0.12664494 0.00515691 0.01502789 0.03727008
51 0.15133001 0.03276180 0.04866720 0.04057680 0.02534910 0.03229980 0.03489660 0.07654561 0.01650130 0.03078640 0.03889100 0.03923100 0.01860540 0.01754790 0.03347230 0.19921302 0.09759041 0.00497822 0.01713610 0.04362000
52 0.02490230 0.33540296 0.04895059 0.01632550 0.00947553 0.06352789 0.02731930 0.01828310 0.03212680 0.00813221 0.01925460 0.28280896 0.01429780 0.00349784 0.00322381 0.03753910 0.02142580 0.00069144 0.01379560 0.01901890
53 0.04452680 0.00819065 0.00737636 0.00190157 0.00946863 0.00671496 0.00492392 0.00726598 0.00514553 0.23479602 0.27168302 0.00504485 0.05934021 0.05255380 0.00376899 0.01484580 0.03121280 0.00380717 0.01097890 0.21645402
54 0.06289261 0.01433840 0.01317560 0.00858859 0.01353640 0.01450140 0.01168270 0.01421640 0.00922583 0.18544102 0.24397203 0.01225720 0.06026321 0.04972141 0.01287610 0.04838681 0.04571561 0.00593435 0.01588030 0.15739402
55 0.04240509 0.21305995 0.03963359 0.04212089 0.00665188 0.08182748 0.10865097 0.02634839 0.03176659 0.01882030 0.02914449 0.20899595 0.01471040 0.00602774 0.00898748 0.04513589 0.04020159 0.00135254 0.01147540 0.02268339
56 0.05636119 0.03485149 0.10014598 0.19313496 0.01081040 0.04525629 0.17913196 0.05671599 0.01929400 0.01644040 0.01975620 0.05884639 0.01167300 0.00708322 0.01578510 0.09831538 0.04600939 0.00230223 0.00842617 0.01966030
57 0.04582091 0.01478700 0.01192960 0.00963468 0.01420680 0.01714690 0.01659930 0.01014120 0.01043610 0.18354702 0.20089902 0.01890210 0.09727181 0.04297681 0.00891486 0.04661281 0.08909181 0.00559094 0.02582230 0.12966802
58 0.16616381 0.03682226 0.05355414 0.11431187 0.02311797 0.04650635 0.10061789 0.06647833 0.04804245 0.02062678 0.03409016 0.03709456 0.01195129 0.01269209 0.02179668 0.09888609 0.05780784 0.00295592 0.01552768 0.03095587
59 0.03509501 0.01505480 0.01797800 0.01469740 0.02251500 0.01930530 0.01863910 0.01551030 0.03814181 0.11594502 0.07158171 0.01396120 0.05024261 0.12814202 0.00944712 0.05175951 0.08555592 0.02498210 0.18066603 0.07078001
60 0.06812768 0.00571810 0.00856689 0.00296811 0.01489369 0.00479009 0.00543696 0.01095250 0.00277829 0.28532190 0.16040495 0.00316909 0.02549929 0.02490199 0.00345709 0.02347269 0.03709439 0.00130881 0.00685061 0.30428690
61 0.04133791 0.00955659 0.00686956 0.00159525 0.00799067 0.00764449 0.00486385 0.00657221 0.00627154 0.20112203 0.32468705 0.00587323 0.07539721 0.06571341 0.00444405 0.01469040 0.02972010 0.00501591 0.01211050 0.16852403
62 0.03881426 0.04611405 0.02377467 0.01389299 0.01147759 0.04420195 0.04016276 0.01436908 0.01383059 0.11647588 0.17388882 0.10704089 0.10455389 0.03718556 0.01053949 0.04212196 0.06516943 0.00532355 0.01835678 0.07270582
63 0.05092770 0.00523283 0.00823116 0.00207673 0.01271490 0.00437080 0.00458908 0.00797475 0.00245399 0.29980297 0.16978698 0.00268315 0.02729440 0.02661280 0.00201492 0.01488360 0.03399410 0.00133139 0.00720479 0.31581897
64 0.05799572 0.03138701 0.07484803 0.24379810 0.00484000 0.05628602 0.25207711 0.04587692 0.02084871 0.01627831 0.01581591 0.04799822 0.00682381 0.00555339 0.01141180 0.05042592 0.03384511 0.00080612 0.00829556 0.01478821
65 0.13379198 0.02425820 0.06495409 0.03331819 0.06247969 0.03368149 0.02018970 0.04136099 0.05336769 0.03366919 0.03168479 0.02598050 0.02216740 0.01262730 0.01875420 0.18581097 0.13056198 0.00383898 0.02192590 0.04557679
66 0.18905200 0.02386120 0.02631110 0.02991220 0.02580510 0.02929410 0.02339290 0.10615500 0.02127700 0.02698460 0.03966810 0.02745280 0.01599160 0.04574880 0.02047310 0.16753700 0.05656540 0.01037150 0.07387300 0.04027350
67 0.24272789 0.01712129 0.02065699 0.02032869 0.03525828 0.01740289 0.01978379 0.05971437 0.01063130 0.07440577 0.05495808 0.01563849 0.01962409 0.01271399 0.02821449 0.16948493 0.08724976 0.00344903 0.00989041 0.08074546
68 0.04671808 0.02991489 0.08490037 0.26803091 0.00469873 0.04967838 0.24413092 0.04887558 0.01758989 0.01479920 0.01364410 0.05485238 0.00593469 0.00466379 0.00999806 0.05170788 0.02962279 0.00066325 0.00730181 0.01227430
69 0.09334615 0.02153191 0.02422361 0.02158531 0.02166671 0.01998431 0.02300171 0.02835962 0.01203961 0.16581509 0.11437206 0.02067411 0.03735102 0.02688081 0.02318011 0.10014205 0.07555064 0.00678216 0.01961891 0.14389408
70 0.06372701 0.04552241 0.05274121 0.15066203 0.00840862 0.07113441 0.19740303 0.03893531 0.02633820 0.02421890 0.04480701 0.06153991 0.01727600 0.00966840 0.01772260 0.06281261 0.06957711 0.00220681 0.01237870 0.02291970
71 0.04052074 0.01234741 0.00844353 0.00440411 0.01002031 0.01267991 0.00980041 0.00817969 0.00824175 0.18408616 0.29386526 0.01327631 0.09605058 0.06157415 0.00585962 0.02456402 0.04482694 0.00548106 0.01844492 0.13733312
72 0.05053219 0.00412505 0.00786891 0.00143632 0.01277450 0.00346525 0.00358177 0.00758894 0.00157204 0.31491894 0.15714197 0.00141603 0.02130790 0.02253100 0.00119573 0.01243540 0.03219899 0.00071124 0.00552790 0.33766994
73 0.17225098 0.03882279 0.03387510 0.08335219 0.01865650 0.04926959 0.13808898 0.05746769 0.02090150 0.02495040 0.03111200 0.04923839 0.01485500 0.00927620 0.04167809 0.09459169 0.06704489 0.00333893 0.00972680 0.04150229
74 0.10876003 0.03304971 0.04124701 0.03465451 0.02039921 0.03349051 0.04594711 0.03304171 0.01942761 0.06235062 0.06501252 0.04524061 0.02807251 0.02117981 0.03489011 0.13572404 0.14273104 0.00520913 0.01720520 0.07236702
75 0.07165222 0.04689381 0.03900381 0.10040703 0.00853998 0.06792442 0.19735406 0.03328911 0.02583311 0.02930121 0.02968951 0.07933302 0.01895991 0.01153140 0.02841671 0.06451662 0.09160223 0.00408813 0.01367140 0.03799231
76 0.11097802 0.05067801 0.03051811 0.06477761 0.01308740 0.06591741 0.13931103 0.03829601 0.02606640 0.04505981 0.09226162 0.06167291 0.02561320 0.01709670 0.02769671 0.06866621 0.05932861 0.00418491 0.01269610 0.04609321
77 0.24889196 0.02352730 0.02078780 0.02760250 0.03016720 0.02184510 0.03111760 0.09547869 0.01358790 0.04620969 0.05378359 0.02442060 0.01755810 0.01639850 0.03625639 0.14050898 0.06760869 0.00350835 0.01302750 0.06771359
78 0.06005691 0.01477520 0.01551690 0.01187160 0.01543770 0.01401410 0.01707850 0.01370020 0.00890873 0.22740803 0.14967702 0.01472200 0.04457541 0.02859570 0.01276880 0.04678621 0.07520251 0.00440503 0.01659440 0.20790503
79 0.04786250 0.01646410 0.01184080 0.00700471 0.00948633 0.01512670 0.01139560 0.01301210 0.01150950 0.15258701 0.31929003 0.01446470 0.07758161 0.07380311 0.01051040 0.02583600 0.03355650 0.00744377 0.02167750 0.11954701
80 0.20247001 0.02434020 0.03118480 0.03105370 0.02169720 0.01995850 0.02337860 0.25872401 0.01233250 0.01455430 0.02053710 0.02635750 0.01062710 0.01040400 0.02195390 0.18334701 0.04283600 0.00409685 0.01366550 0.02648120
81 0.19740693 0.02215989 0.04141569 0.03510149 0.07041357 0.02544509 0.02020069 0.06193438 0.01709909 0.03077539 0.03644469 0.02865599 0.02032329 0.01604489 0.02307919 0.19245093 0.08556207 0.00398196 0.01755249 0.05395228
82 0.04689487 0.01045109 0.00918540 0.00364348 0.01010679 0.00943424 0.00784513 0.00840844 0.00663426 0.22209184 0.25918882 0.00819678 0.06261546 0.04960856 0.00579800 0.02146288 0.04320367 0.00425173 0.01266669 0.19831186
83 0.11852593 0.01292519 0.06054556 0.02235409 0.01973409 0.02253639 0.01354419 0.01833349 0.00950323 0.02210969 0.02071689 0.02041099 0.01432649 0.01123459 0.01184629 0.30786381 0.24905385 0.00158559 0.00638159 0.03646808
84 0.25124999 0.02369950 0.02023460 0.02694730 0.03008420 0.02174540 0.03030640 0.09648210 0.01359600 0.04538580 0.05416200 0.02380030 0.01744310 0.01626060 0.03565750 0.14202100 0.06782380 0.00360102 0.01275940 0.06674000
85 0.04431433 0.00698985 0.00679859 0.00101844 0.00931935 0.00521823 0.00357101 0.00645737 0.00415292 0.24511717 0.26840219 0.00342133 0.05614764 0.05006384 0.00256882 0.01273321 0.02972382 0.00315597 0.00889174 0.23193416
86 0.17503301 0.03136940 0.01497020 0.01958520 0.01754890 0.02794080 0.03471240 0.03840110 0.01184910 0.06570970 0.05501050 0.02269670 0.01977890 0.01236160 0.20027101 0.10046200 0.08458630 0.00566370 0.00877127 0.05327820
87 0.14805097 0.04499509 0.02923399 0.03397339 0.02006040 0.03282479 0.02456159 0.12690097 0.01300140 0.02087540 0.02782509 0.03591409 0.01057200 0.01077990 0.16676596 0.15547197 0.05457069 0.00620192 0.01146820 0.02595219
88 0.23303415 0.02968402 0.01395271 0.02067491 0.02013571 0.02820832 0.03135692 0.05033073 0.01132151 0.02312092 0.02905362 0.02130421 0.01586231 0.00795481 0.21409914 0.11103007 0.08403266 0.00406614 0.00571580 0.04506133
89 0.12995195 0.01972029 0.05336468 0.02762159 0.02285939 0.02603769 0.02395089 0.02879019 0.01225380 0.02887049 0.02725149 0.02880019 0.01759749 0.01218020 0.02311559 0.25373291 0.20809093 0.00275115 0.00913600 0.04392308
90 0.04738609 0.01677090 0.01145310 0.00690785 0.00949449 0.01496620 0.01130780 0.01367030 0.01125420 0.15251096 0.31966192 0.01441500 0.07728148 0.07445698 0.01082060 0.02585559 0.03298379 0.00759530 0.02207449 0.11913297
91 0.09464565 0.03947828 0.05574887 0.09770654 0.01771709 0.04827557 0.12892693 0.05418157 0.01839139 0.02238809 0.02764028 0.05762617 0.01974909 0.01099769 0.02868668 0.15490291 0.07423136 0.00392487 0.01251169 0.03226928
92 0.29046585 0.01679039 0.01370359 0.01823079 0.02510419 0.01224859 0.01585729 0.27586986 0.01033969 0.01546769 0.01991559 0.01341699 0.00861439 0.00658771 0.01865129 0.15816092 0.03798588 0.00204911 0.00852051 0.03201968
93 0.06792241 0.01401500 0.01394790 0.00915409 0.01555910 0.01090560 0.01483760 0.01684000 0.00714507 0.23113003 0.15739302 0.01575380 0.03141670 0.03271670 0.00955809 0.03467280 0.04453871 0.00319412 0.01414020 0.25515903
94 0.04830340 0.12159100 0.04389650 0.06379970 0.00686359 0.06960210 0.14433701 0.03038520 0.02487020 0.02058470 0.02786550 0.19593601 0.01976260 0.00902725 0.01160680 0.05233230 0.05862960 0.00346372 0.01030090 0.03684190
95 0.03128541 0.00799790 0.00793802 0.00286021 0.00971252 0.00865788 0.00406162 0.00681578 0.02467291 0.09610133 0.27011908 0.00542866 0.06304042 0.18760406 0.00408331 0.01823171 0.02123161 0.02537091 0.13649204 0.06829462
96 0.14284902 0.03494020 0.04137400 0.04159130 0.02450820 0.02832490 0.04367271 0.15297602 0.02104530 0.03001190 0.03430390 0.04094050 0.01658210 0.01355490 0.03821500 0.12670202 0.10610901 0.00479038 0.01417720 0.04333141
97 0.27599608 0.01581890 0.02647951 0.02322951 0.03380551 0.01868081 0.01817601 0.09827243 0.01047950 0.02278501 0.02759721 0.01810141 0.01296130 0.00906703 0.02638331 0.21556506 0.09021353 0.00232303 0.00825406 0.04581081
98 0.06860504 0.03592712 0.04997253 0.14023308 0.01143351 0.04721823 0.10173005 0.04271932 0.01633301 0.01888401 0.03167922 0.04454452 0.01070631 0.01019291 0.20021711 0.08779245 0.04548002 0.00528836 0.00943101 0.02161221
99 0.05108937 0.15306492 0.05769437 0.10235395 0.01049949 0.07297126 0.11750694 0.04377108 0.05859237 0.01907009 0.02834929 0.11463994 0.00940965 0.00823024 0.01551169 0.05397737 0.04019338 0.00212701 0.02378219 0.01716539
100 0.04711729 0.01670880 0.01152040 0.00719782 0.00934113 0.01486920 0.01170250 0.01341320 0.01134780 0.15348496 0.31825491 0.01434420 0.07704918 0.07446248 0.01065500 0.02506949 0.03278609 0.00754462 0.02234799 0.12078297
101 0.14995804 0.03298531 0.04904091 0.04097201 0.02558901 0.03281001 0.03474661 0.07584382 0.01644560 0.03077411 0.03923821 0.04001901 0.01840271 0.01747811 0.03316241 0.19834506 0.09849093 0.00511460 0.01700331 0.04358021
102 0.11515792 0.01850769 0.01757799 0.01692489 0.01699309 0.01707729 0.03766747 0.03010948 0.01798419 0.07449215 0.11475292 0.03926697 0.03449238 0.06828395 0.03782877 0.06675875 0.06386486 0.04926087 0.05032046 0.11267792
103 0.22567417 0.01943601 0.01854181 0.01710401 0.01591921 0.01255881 0.01849581 0.40472730 0.01033361 0.01059231 0.01633311 0.01592051 0.00857594 0.00666890 0.01230021 0.12810009 0.02553912 0.00206609 0.00889225 0.02222072
104 0.03723380 0.01128670 0.01374990 0.00950398 0.01317500 0.01248100 0.01029380 0.01553050 0.03284480 0.07306740 0.16162100 0.01161240 0.03656110 0.21275400 0.00767422 0.03167230 0.02574580 0.03444300 0.18313300 0.06561630
105 0.20159903 0.01335560 0.01662310 0.01641670 0.03097790 0.01246610 0.02266710 0.03252480 0.00864327 0.09797011 0.06897201 0.01958620 0.02117230 0.01533680 0.03088770 0.11912102 0.10972702 0.00302629 0.00872990 0.15019702
106 0.03988189 0.01343040 0.01320230 0.00969524 0.01645439 0.01434529 0.01313120 0.01275150 0.02447019 0.16320094 0.15531095 0.01131410 0.05097268 0.10963896 0.00780231 0.03474949 0.04880498 0.01887429 0.11356396 0.12840496
107 0.10159695 0.06440847 0.03335888 0.03600438 0.01833259 0.05490157 0.07352636 0.03481618 0.02367709 0.03028308 0.03961368 0.12205194 0.02242339 0.01872279 0.02326479 0.08900805 0.11165094 0.00691772 0.04715058 0.04829057
108 0.03891921 0.00928007 0.00620893 0.00131103 0.00746457 0.00715307 0.00493122 0.00584799 0.00642275 0.19349403 0.33110106 0.00553139 0.08370102 0.07228801 0.00371304 0.01452700 0.03109001 0.00516766 0.01403190 0.15781603
109 0.05187739 0.04856059 0.08228828 0.11115597 0.01313730 0.04926569 0.14620197 0.05730029 0.02052390 0.02682729 0.03932259 0.08741998 0.05509309 0.01441020 0.01463400 0.07663878 0.05524489 0.00383063 0.01248290 0.03378429
110 0.02498321 0.33494315 0.04905792 0.01634811 0.00943358 0.06342213 0.02728471 0.01853321 0.03214681 0.00809759 0.01940301 0.28269612 0.01422211 0.00345636 0.00326736 0.03773472 0.02147281 0.00072627 0.01380951 0.01896131
111 0.06272100 0.05110910 0.05432470 0.15097399 0.00739485 0.06544720 0.20982499 0.04887930 0.02516210 0.02560210 0.02942210 0.07191080 0.01436570 0.00997278 0.02198430 0.05730890 0.05060460 0.00303041 0.01206300 0.02789810
112 0.12817695 0.03211339 0.04037738 0.03910668 0.01536559 0.04787058 0.03571339 0.31469888 0.01849129 0.01101710 0.02435649 0.03634619 0.01168790 0.01029880 0.02277129 0.14426994 0.02932599 0.00415169 0.01665389 0.01720659
113 0.02332201 0.00393596 0.01398441 0.00432904 0.01347431 0.00966646 0.00259206 0.00790610 0.05710113 0.02525771 0.07409374 0.00277564 0.00797575 0.31639618 0.00252014 0.02277171 0.01211931 0.03920362 0.32922618 0.03134852
114 0.22595695 0.01930810 0.01842970 0.01640050 0.01593360 0.01231450 0.01794970 0.40795690 0.01020000 0.01013430 0.01609040 0.01583360 0.00838566 0.00659332 0.01243950 0.12838697 0.02509269 0.00208629 0.00868197 0.02182539
115 0.15068588 0.03311297 0.04849156 0.04127917 0.02577398 0.03235187 0.03582547 0.07488224 0.01617649 0.03085888 0.03879517 0.04017227 0.01824599 0.01724709 0.03351827 0.19812684 0.09854562 0.00491189 0.01680869 0.04418967
116 0.03491287 0.02065818 0.02593598 0.01474449 0.01702899 0.02472078 0.01438639 0.02052398 0.05776415 0.03805007 0.07979304 0.01755269 0.01719479 0.22203582 0.00771968 0.03793767 0.02560958 0.03264407 0.24977980 0.04100697
117 0.04511697 0.25078486 0.04364838 0.02980108 0.01163099 0.06305186 0.04872637 0.03803758 0.03298218 0.02115659 0.03711618 0.19448589 0.01658389 0.00999715 0.02103879 0.05320827 0.03603518 0.00252240 0.01730519 0.02677019
118 0.02565930 0.00424712 0.01018750 0.00387188 0.01307480 0.00846345 0.00270646 0.00742157 0.04568340 0.03978470 0.11502300 0.00335904 0.01925180 0.29517299 0.00282162 0.02156140 0.01381560 0.03979580 0.28909399 0.03900460
119 0.05644246 0.01820769 0.01633609 0.00982877 0.01084339 0.01845199 0.01567129 0.01363199 0.01239269 0.14315890 0.28629679 0.01894859 0.07233145 0.05997106 0.01345279 0.03974387 0.05625926 0.00624524 0.01605879 0.11572692
120 0.13009195 0.01397139 0.01189250 0.01118040 0.02041479 0.01235310 0.01304040 0.04940358 0.00904802 0.17417894 0.17591794 0.01100800 0.03650349 0.03122859 0.01262190 0.06137658 0.04324888 0.00424364 0.01132300 0.16695294
121 0.04574631 0.00704168 0.00712763 0.00134466 0.00983305 0.00543951 0.00392157 0.00679040 0.00417943 0.24736803 0.25813804 0.00376757 0.05294791 0.04785831 0.00282955 0.01338610 0.03025250 0.00302405 0.00889666 0.24010703
122 0.03281751 0.30809706 0.04396291 0.02134520 0.01008480 0.07066871 0.03752781 0.02729361 0.05338851 0.01252860 0.02636521 0.22131904 0.01145680 0.00525448 0.00860449 0.04050881 0.02839321 0.00130173 0.02126430 0.01781720
123 0.04202749 0.01389370 0.00993793 0.00592407 0.00937759 0.01715929 0.01185680 0.00965942 0.00961587 0.14209396 0.32862590 0.01650860 0.10604397 0.06898988 0.00827137 0.02873109 0.05070998 0.00596605 0.01701609 0.09759097
124 0.07651616 0.04127218 0.04288418 0.09794435 0.01034689 0.06130717 0.18099091 0.03354328 0.02181829 0.02596579 0.02621799 0.07384106 0.01966559 0.01056149 0.02531389 0.09952395 0.09987685 0.00366871 0.01232039 0.03642088
125 0.06074401 0.02647321 0.06992672 0.02572511 0.00807073 0.01612360 0.04270641 0.54270113 0.01581870 0.00532319 0.01746150 0.03831501 0.01212250 0.00784580 0.00630048 0.06218361 0.01921870 0.00205084 0.00652452 0.01436420
126 0.14489805 0.04388471 0.02501801 0.02748541 0.02006991 0.03056171 0.03319901 0.08136223 0.01595301 0.02601661 0.02901781 0.03417821 0.01312850 0.00941742 0.20767407 0.10528003 0.10285503 0.00562617 0.00916329 0.03521081
127 0.04467429 0.00822852 0.00742255 0.00175780 0.00948992 0.00681519 0.00497420 0.00719778 0.00522252 0.23522096 0.27013395 0.00504421 0.05897769 0.05251079 0.00375412 0.01498500 0.03123839 0.00392096 0.01119020 0.21724096
128 0.06838453 0.01350751 0.01354461 0.00903281 0.01539091 0.01047580 0.01443171 0.01648561 0.00680457 0.23301711 0.15724407 0.01535491 0.03127611 0.03270882 0.00910609 0.03444062 0.04477582 0.00325667 0.01412461 0.25663712
129 0.06394417 0.08998226 0.05292377 0.05764147 0.01390259 0.10029995 0.09246835 0.04031278 0.04552668 0.03049348 0.05335797 0.09369905 0.02190399 0.01608469 0.03525558 0.07452866 0.05495617 0.00412330 0.02756409 0.03103098
130 0.05679139 0.12818697 0.05556659 0.04600249 0.01336980 0.09196108 0.07577188 0.03333209 0.02593149 0.01968680 0.03482979 0.16060497 0.01789220 0.00904488 0.03015379 0.10448898 0.05437259 0.00392802 0.01423810 0.02384610
131 0.06090999 0.03406240 0.08195929 0.22513097 0.01193470 0.04565859 0.18037598 0.05407939 0.02036520 0.01955830 0.02178740 0.04985079 0.01025090 0.00971167 0.02174170 0.07386869 0.04218279 0.00288155 0.01255960 0.02113010
132 0.06149398 0.03200009 0.06215398 0.03527489 0.01850089 0.02426649 0.03188619 0.02940609 0.02034179 0.15072295 0.09799247 0.04120579 0.02302759 0.02287489 0.01257530 0.06519288 0.05940828 0.00380303 0.01723349 0.19063894
133 0.02782951 0.31907208 0.04791721 0.01892820 0.00966718 0.06504012 0.03372611 0.02195301 0.03222801 0.00971976 0.02150611 0.26884506 0.01441810 0.00411264 0.00582181 0.04018141 0.02449541 0.00098757 0.01403070 0.01952000
134 0.04699641 0.01657120 0.01142290 0.00722858 0.00948563 0.01482990 0.01142320 0.01298970 0.01123820 0.15362402 0.31934505 0.01429400 0.07739281 0.07427711 0.01057650 0.02532270 0.03319121 0.00737393 0.02198290 0.12043402
135 0.06464840 0.06728810 0.05541410 0.03636130 0.01147720 0.02870550 0.05267440 0.37440697 0.01725010 0.00946315 0.02340240 0.08909079 0.01357960 0.00973909 0.01569310 0.07200599 0.02914730 0.00374219 0.00925644 0.01665390
136 0.06599500 0.08258160 0.04535790 0.03385210 0.01370300 0.05465380 0.07918510 0.02991670 0.02143100 0.02766930 0.03646500 0.16210800 0.02475620 0.01223550 0.02418150 0.09079740 0.12924700 0.00543633 0.01265700 0.04777060
137 0.04758930 0.02615610 0.08746740 0.27868899 0.00512311 0.04628490 0.24548199 0.04859360 0.01720060 0.01483810 0.01305840 0.04499140 0.00623438 0.00455667 0.01070570 0.05184990 0.02953650 0.00070441 0.00741517 0.01352340
138 0.03521750 0.01212300 0.01420680 0.00957957 0.01682310 0.01498380 0.01207520 0.01273080 0.03594240 0.10937000 0.12608400 0.01029770 0.03844640 0.17393699 0.00711386 0.03344780 0.03884920 0.02699910 0.18608299 0.08568980
139 0.13690386 0.01889088 0.05576114 0.02787507 0.02407318 0.02595307 0.02127978 0.03146377 0.01212129 0.02702977 0.02687647 0.02660037 0.01689138 0.01204649 0.02149188 0.26443073 0.19625680 0.00259066 0.00888646 0.04257696
140 0.03300890 0.27870603 0.04148110 0.01908670 0.00944772 0.07432041 0.04520971 0.02200440 0.03281680 0.01515900 0.04006490 0.24958803 0.01696310 0.00525496 0.00825564 0.04017910 0.03279060 0.00132606 0.01284950 0.02148730
141 0.05421019 0.04699199 0.02982880 0.08561089 0.01011120 0.07018489 0.19933498 0.02770210 0.02908500 0.06684089 0.03962070 0.05686919 0.02772360 0.02115730 0.01823980 0.05114699 0.06859299 0.00635592 0.04518389 0.04520869
142 0.05042743 0.01142011 0.01085421 0.00527353 0.01540041 0.01779781 0.01194051 0.00958717 0.00542499 0.26583118 0.15567411 0.01091851 0.03310212 0.02656892 0.00470666 0.02304062 0.04088033 0.00202808 0.01172111 0.28740220
143 0.05261341 0.06011172 0.07379002 0.17299804 0.01337860 0.04784521 0.14605104 0.10460003 0.02030641 0.01490130 0.02167091 0.09119302 0.00913259 0.00929004 0.01918240 0.07829692 0.03439571 0.00388312 0.01144700 0.01491250
144 0.15167302 0.03201790 0.04838231 0.04133400 0.02567980 0.03214860 0.03498620 0.07597631 0.01625730 0.03085150 0.03882820 0.03883130 0.01849120 0.01738310 0.03268400 0.19977102 0.09887431 0.00506139 0.01696400 0.04380450
145 0.04915451 0.02903990 0.08506401 0.26199304 0.00581664 0.04664311 0.23489204 0.06729361 0.01887330 0.01437780 0.01416890 0.04653621 0.00621382 0.00482405 0.01014380 0.05554931 0.02855890 0.00079580 0.00736504 0.01269620
146 0.12383499 0.06354060 0.03980560 0.05282370 0.01537190 0.09659689 0.09445009 0.04946510 0.03074170 0.02809630 0.04728970 0.06935540 0.01867270 0.01289000 0.04542150 0.09544869 0.06261960 0.00340327 0.01870020 0.03147210
147 0.04718240 0.17282302 0.04420510 0.04064900 0.01001040 0.09888361 0.08792441 0.02700660 0.03186850 0.02140370 0.03723030 0.19137602 0.01920750 0.00785643 0.01857250 0.05610311 0.04732790 0.00228288 0.01436310 0.02372350
148 0.13876500 0.03101610 0.01556220 0.02044530 0.01180550 0.03546150 0.03559900 0.02754120 0.01508020 0.02915310 0.04094340 0.02564210 0.03533780 0.00972126 0.29695700 0.07758070 0.10225500 0.00616217 0.00724497 0.03772650
149 0.05686536 0.05842826 0.03541608 0.03193008 0.01299199 0.09379554 0.05983026 0.02796798 0.03644608 0.06144126 0.16483189 0.06483526 0.04690327 0.03328648 0.03122668 0.05691246 0.04858727 0.00517104 0.02452658 0.04860617
150 0.03710717 0.01126679 0.01354969 0.00959617 0.01335889 0.01229289 0.01067789 0.01526549 0.03295707 0.07297844 0.16160087 0.01177759 0.03638297 0.21288683 0.00783702 0.03143947 0.02579598 0.03369377 0.18388985 0.06564515
151 0.25003300 0.02337820 0.02065070 0.02746370 0.03043860 0.02175770 0.03098200 0.09625130 0.01329170 0.04639500 0.05537410 0.02387230 0.01789250 0.01609610 0.03487310 0.14109000 0.06672530 0.00353811 0.01270550 0.06719110
152 0.02731799 0.00651534 0.01368960 0.00600296 0.01489420 0.01235410 0.00418635 0.01002140 0.05046159 0.03506179 0.09838307 0.00513877 0.01584310 0.28507593 0.00369094 0.02475669 0.01575930 0.03819329 0.29555092 0.03710269
153 0.05278682 0.02991711 0.08301183 0.24755109 0.00736761 0.04848112 0.22316308 0.05119842 0.01761961 0.01562251 0.01645141 0.04863662 0.00909741 0.00553407 0.01338010 0.07034153 0.03501891 0.00119842 0.00829573 0.01532661
154 0.11058911 0.02940023 0.06931097 0.19221520 0.01654742 0.04199714 0.15347616 0.06049866 0.01917242 0.01922352 0.02428642 0.04121844 0.01111691 0.01033471 0.02221452 0.08968999 0.04852195 0.00235658 0.01084701 0.02698263
155 0.12178599 0.02960230 0.03888830 0.02648210 0.01178460 0.01777230 0.03508450 0.45881694 0.01383990 0.01214220 0.02173980 0.03081100 0.01173050 0.00967680 0.01313390 0.08799239 0.02380570 0.00315012 0.01066780 0.02109290
156 0.02343219 0.00301010 0.01101630 0.00364071 0.01305960 0.00781066 0.00210662 0.00716368 0.05213348 0.02521619 0.07517158 0.00239764 0.00754333 0.32522390 0.00226337 0.02200139 0.01146410 0.04163809 0.33216890 0.03153819
157 0.20037114 0.09359227 0.02442112 0.02952852 0.02116211 0.04142653 0.04771883 0.08827116 0.02140601 0.02529262 0.03893633 0.06126594 0.01461991 0.01097271 0.05439174 0.11169508 0.06194144 0.00326760 0.01193591 0.03778303
158 0.04988262 0.08185363 0.02806061 0.02237691 0.01202410 0.05224632 0.04438541 0.02663921 0.02110081 0.06912252 0.19769206 0.10910403 0.05564312 0.03807031 0.02421251 0.04587871 0.04629801 0.00588908 0.01556580 0.05395422
159 0.03464791 0.01041940 0.00624082 0.00149399 0.00683957 0.00871820 0.00416935 0.00587043 0.01041400 0.14099605 0.38406414 0.00645088 0.09463783 0.10425204 0.00468598 0.01476941 0.02592921 0.00998832 0.03291911 0.09249333
160 0.04581650 0.00898099 0.00773643 0.00207009 0.00945364 0.00727012 0.00516003 0.00734537 0.00591062 0.21675699 0.28853099 0.00605999 0.06383800 0.05792860 0.00434169 0.01598530 0.03096630 0.00419777 0.01236160 0.19928899
161 0.06093508 0.21341391 0.04558888 0.03370869 0.01455669 0.05678208 0.04574218 0.04920488 0.02799869 0.01964359 0.02959019 0.15781294 0.01484369 0.00965808 0.03284459 0.09617236 0.04640738 0.00346663 0.01646739 0.02516209
162 0.04677459 0.00608854 0.00725947 0.00118345 0.01055290 0.00475969 0.00373611 0.00694986 0.00336723 0.26894892 0.22870793 0.00288108 0.04422419 0.04035189 0.00233360 0.01300460 0.03087889 0.00233594 0.00796624 0.26769492
163 0.04119211 0.00950037 0.00683928 0.00156462 0.00793296 0.00759109 0.00493350 0.00654004 0.00629613 0.20109606 0.32506909 0.00584377 0.07570522 0.06588362 0.00434972 0.01470980 0.02978541 0.00488204 0.01210810 0.16817705
164 0.04208361 0.00811939 0.00710210 0.00200796 0.01037600 0.00700288 0.00481189 0.00708030 0.00810932 0.21894107 0.25955908 0.00471309 0.06401522 0.06550922 0.00333185 0.01689121 0.03506911 0.00599761 0.03230301 0.19697606
165 0.05062841 0.00580574 0.00796894 0.00189228 0.01202950 0.00482016 0.00441896 0.00792164 0.00299419 0.28387306 0.19290304 0.00315636 0.03307731 0.03257031 0.00243038 0.01438360 0.03218671 0.00174675 0.00766659 0.29752606
166 0.02397858 0.00345448 0.01103539 0.00397431 0.01331379 0.00828502 0.00261085 0.00729831 0.05122406 0.02818148 0.07908174 0.00286045 0.00939092 0.31819578 0.00253523 0.02260638 0.01260049 0.03920717 0.32480077 0.03536478
167 0.06709949 0.01171990 0.00906791 0.00554249 0.01274290 0.01136430 0.01032330 0.01208110 0.00731824 0.19177998 0.25454798 0.01059920 0.07495319 0.05159920 0.00867693 0.03402180 0.04551250 0.00460671 0.01463890 0.16180399
168 0.03884931 0.26319304 0.04207851 0.02768180 0.00947391 0.08657021 0.05841021 0.02491250 0.03815941 0.01601480 0.03078830 0.20957403 0.01409970 0.00556169 0.01550410 0.04670331 0.03469041 0.00124294 0.01652620 0.01996560
169 0.02587269 0.00427628 0.01004470 0.00378966 0.01297579 0.00836424 0.00278131 0.00740093 0.04525798 0.04065958 0.11779494 0.00334708 0.01995799 0.29367786 0.00279197 0.02143339 0.01390029 0.04004568 0.28630087 0.03932678
170 0.13198401 0.03749340 0.01899240 0.02448720 0.01266870 0.03480250 0.03897300 0.03339820 0.01441110 0.02904580 0.03274870 0.02960930 0.01554030 0.00812615 0.29711402 0.08694761 0.10582401 0.00602419 0.00706560 0.03474380
171 0.03722237 0.01145709 0.01371069 0.00957242 0.01322669 0.01269919 0.01073349 0.01527769 0.03294977 0.07312903 0.16229986 0.01167829 0.03649377 0.21211581 0.00726665 0.03186477 0.02587328 0.03395787 0.18285484 0.06561644
172 0.02821979 0.31902294 0.04748409 0.01914290 0.00957785 0.06520029 0.03406849 0.02193600 0.03251969 0.00973942 0.02177550 0.26785395 0.01424980 0.00412463 0.00587415 0.04026929 0.02444010 0.00098334 0.01397410 0.01954370
173 0.09976430 0.04125060 0.02706920 0.03458900 0.01152800 0.04504500 0.02497680 0.03928290 0.01242670 0.02341430 0.03746210 0.03447840 0.01208750 0.00910978 0.32475900 0.13051800 0.05742700 0.00663790 0.00715412 0.02101940
174 0.04009618 0.01224699 0.00935430 0.00510359 0.00888020 0.01111689 0.00851913 0.00870782 0.01248319 0.13715793 0.32663384 0.01015150 0.08277206 0.10364195 0.00645395 0.02401039 0.03946718 0.01252709 0.04031888 0.10035695
175 0.05068311 0.00411946 0.00786293 0.00142082 0.01278920 0.00351644 0.00360020 0.00762602 0.00159886 0.31465908 0.15722804 0.00146179 0.02130531 0.02260921 0.00122257 0.01249970 0.03216341 0.00075948 0.00561526 0.33725909
176 0.06271549 0.07110929 0.03765759 0.10732498 0.00517309 0.10909698 0.21336696 0.03423759 0.03163169 0.02698190 0.03352419 0.08588778 0.01327020 0.00827687 0.01886720 0.05329059 0.05408229 0.00151182 0.01282810 0.01916540
177 0.10810602 0.04230941 0.02297020 0.03439321 0.01179490 0.04116431 0.03723181 0.03700301 0.01605940 0.02632630 0.04506121 0.03573231 0.01537190 0.01102940 0.31223705 0.09147761 0.06596651 0.00682262 0.00919213 0.02975070
178 0.04645912 0.02545091 0.01695831 0.01043300 0.01250940 0.02168881 0.02677271 0.01203700 0.00970714 0.20036207 0.16781706 0.05339812 0.05551552 0.03344061 0.00885643 0.03371301 0.05624222 0.00544509 0.01513541 0.18805806
179 0.05419092 0.00458176 0.00793398 0.00168696 0.01311620 0.00379020 0.00396898 0.00812380 0.00189976 0.30672011 0.16150106 0.00177571 0.02350701 0.02385911 0.00178452 0.01474001 0.03329521 0.00102947 0.00604810 0.32644712
