1 0.33640786 0.00982267 0.01103540 0.02503169 0.06954887 0.01051030 0.01297019 0.07089547 0.00493744 0.02171239 0.03812008 0.01059780 0.01375789 0.00480108 0.02284659 0.18921292 0.08167087 0.00121044 0.00656489 0.05834518
2 0.15359187 0.01680449 0.01528799 0.01535499 0.02816878 0.01799789 0.01664079 0.03699097 0.01079519 0.11481691 0.18961084 0.01559629 0.04738506 0.03918547 0.01808159 0.07757344 0.05138886 0.00371912 0.01553859 0.11547091
3 0.27359704 0.01585720 0.02069450 0.02483830 0.03430271 0.01871970 0.02213260 0.08844881 0.00942183 0.02342290 0.02877830 0.01794750 0.01253750 0.01066730 0.02758700 0.22003704 0.09937992 0.00264162 0.00873349 0.04025471
4 0.06912579 0.01309610 0.01127990 0.00868042 0.01546560 0.01303210 0.01440190 0.01852320 0.00817799 0.22504096 0.15910297 0.01647370 0.03526889 0.03643399 0.01009830 0.03135109 0.04302389 0.00294845 0.01584480 0.25262996
5 0.05803357 0.00955761 0.00643329 0.00195815 0.01015120 0.00882007 0.00562614 0.01035800 0.00715276 0.22245790 0.26239788 0.00646384 0.06264957 0.05005308 0.00611211 0.02201469 0.03344309 0.00281684 0.00994733 0.20355291
6 0.08188213 0.04091922 0.03338401 0.02494981 0.01520131 0.08536523 0.05918972 0.02140911 0.02020911 0.05537692 0.06086082 0.06192702 0.03141291 0.02257141 0.02646411 0.08557073 0.13114105 0.00363673 0.02261761 0.11591104
7 0.15474089 0.03063718 0.04617137 0.04139477 0.02380238 0.03467848 0.04069517 0.07438185 0.01773079 0.03174878 0.04224247 0.03808967 0.01829759 0.01799019 0.03268458 0.19262286 0.10204393 0.00571501 0.01527829 0.03905377
8 0.04748290 0.17955198 0.05277570 0.04029130 0.01294490 0.06027079 0.07317669 0.03618390 0.03157030 0.02069550 0.03476760 0.20074898 0.01780780 0.01092600 0.02479690 0.05789219 0.04563990 0.00521399 0.01601700 0.03124570
9 0.06050158 0.03776189 0.06037128 0.15361196 0.00768969 0.04561259 0.18761195 0.16130496 0.02686979 0.01561240 0.01883259 0.05584358 0.01172950 0.00815327 0.01762420 0.06453698 0.03324289 0.00302203 0.00974608 0.02032079
10 0.14473395 0.01965239 0.04608018 0.02292989 0.01944219 0.02997679 0.02297329 0.03657239 0.01313680 0.02761469 0.02488779 0.02304549 0.01703729 0.01634339 0.01683789 0.26730590 0.20940792 0.00214567 0.00835471 0.03152139
11 0.09213767 0.12381696 0.05001758 0.03747319 0.01741739 0.04974818 0.04922498 0.05726908 0.02366859 0.02228819 0.02885159 0.08793817 0.01740059 0.01256450 0.03077729 0.17008794 0.08271847 0.00669654 0.01449290 0.02541019
12 0.04588427 0.00922502 0.00562284 0.00098700 0.00780918 0.00805677 0.00489434 0.00881981 0.00685158 0.22608088 0.27991485 0.00588386 0.06743976 0.05412527 0.00499676 0.01616669 0.03044228 0.00313318 0.01026379 0.20340189
13 0.05679562 0.03337981 0.13933004 0.08176382 0.01869701 0.03117231 0.04337241 0.18163105 0.03140411 0.01729431 0.02997291 0.06045202 0.01125680 0.01026990 0.01822201 0.10597603 0.09407603 0.00468928 0.00815333 0.02209121
14 0.04330242 0.01114331 0.00536148 0.00104048 0.00622606 0.00906994 0.00494597 0.00818632 0.00747616 0.20193510 0.32006616 0.00538008 0.08100004 0.06348973 0.00547138 0.01683901 0.02868601 0.00359934 0.01106391 0.16571708
15 0.04345663 0.02708522 0.01376211 0.01275551 0.01574361 0.02083831 0.01972161 0.01535641 0.02179271 0.08526365 0.18185811 0.02295801 0.07813175 0.13946308 0.01340651 0.03515812 0.03934892 0.01429991 0.11891707 0.08068275
16 0.03697702 0.01551821 0.00903175 0.00502039 0.01230221 0.01305851 0.00680877 0.00994629 0.02213141 0.10898806 0.26222515 0.00931917 0.06460634 0.14806009 0.00646158 0.02147801 0.02254561 0.01637711 0.12327107 0.08587325
17 0.07650730 0.05364080 0.02618960 0.03408150 0.01055590 0.06978140 0.05960060 0.03694290 0.01843740 0.02280250 0.03916910 0.10059700 0.01678680 0.01663400 0.24141000 0.07991700 0.04962660 0.00753932 0.01103600 0.02874430
18 0.05986588 0.03132529 0.01586189 0.01455789 0.01175600 0.02184139 0.02466989 0.02629339 0.01224490 0.12391095 0.23688891 0.02924049 0.08911867 0.05952968 0.02186079 0.04494138 0.04879108 0.00552698 0.01935559 0.10241896
19 0.21546590 0.03341048 0.02885089 0.11045795 0.02248699 0.03057719 0.04425378 0.05402028 0.01353579 0.01928269 0.03271669 0.03153269 0.01999649 0.07149937 0.04171098 0.10469095 0.05394998 0.00626245 0.02107229 0.04422618
20 0.06323927 0.05257348 0.05385928 0.15103394 0.00745311 0.06685547 0.20834391 0.04265898 0.02898859 0.02208249 0.02514489 0.07420617 0.01425139 0.01001540 0.02495249 0.06619077 0.04375588 0.00286590 0.01409999 0.02742859
21 0.07281383 0.03168897 0.09617771 0.18013883 0.01547968 0.04268976 0.12334588 0.04612346 0.02500638 0.01829428 0.02485288 0.05317905 0.01650698 0.00790109 0.02195498 0.09138231 0.09112051 0.00336617 0.01079649 0.02718077
22 0.06471878 0.03128619 0.08408858 0.21801894 0.01017510 0.04911939 0.17453195 0.05539828 0.02700589 0.01679080 0.02014869 0.05323708 0.01081870 0.00847995 0.02177009 0.07392508 0.04328899 0.00303534 0.01340700 0.02075519
23 0.04176279 0.19307897 0.02713500 0.01443130 0.01547170 0.04001299 0.03759529 0.02166510 0.02321210 0.06012369 0.15272698 0.13963398 0.04357709 0.03188260 0.01402360 0.03654919 0.03126130 0.00480655 0.01992870 0.05112109
24 0.02730050 0.02106990 0.03603520 0.01175950 0.01930680 0.03318610 0.01065650 0.01051290 0.09808760 0.01851380 0.06034020 0.01723510 0.00783749 0.20224900 0.00670271 0.03022790 0.01492390 0.03391610 0.31094900 0.02918980
25 0.15245806 0.04864072 0.04556142 0.03988582 0.01916381 0.05927582 0.05920752 0.06236113 0.07134053 0.03398081 0.05101632 0.05051462 0.01649431 0.02524241 0.03011561 0.09859864 0.05724192 0.00601759 0.03460931 0.03827362
26 0.07625805 0.04554217 0.02687818 0.03701778 0.01066179 0.06925906 0.06217616 0.04758567 0.01410369 0.02083719 0.03049318 0.09190504 0.01329449 0.04667357 0.18826789 0.11645893 0.04530857 0.01029929 0.01457449 0.03240478
27 0.04807208 0.14378393 0.04340878 0.08051506 0.00786834 0.06221857 0.15553793 0.02794669 0.02796829 0.01368679 0.02301339 0.18165491 0.01674899 0.00734456 0.02191989 0.05885247 0.04204508 0.00287938 0.01081049 0.02372439
28 0.23691590 0.02407249 0.02069329 0.03050609 0.03221699 0.02391079 0.03293139 0.09080946 0.01275419 0.04740928 0.05930238 0.02633529 0.02002019 0.01743709 0.03478099 0.13777294 0.06827517 0.00341552 0.01428479 0.06615577
29 0.05097518 0.01998379 0.01201489 0.00648802 0.00960348 0.01592419 0.01175360 0.01570899 0.01215659 0.15806193 0.29651188 0.01497069 0.07616817 0.07014117 0.01171290 0.02796759 0.03247519 0.00568142 0.02446339 0.12723695
30 0.03562594 0.01228362 0.00662232 0.00309027 0.00900464 0.01042011 0.00530082 0.00785161 0.01778012 0.12107115 0.27379734 0.00621232 0.07021109 0.15769920 0.00571053 0.01812412 0.02236293 0.01495562 0.10514413 0.09673212
31 0.08722522 0.03158331 0.03225571 0.08500432 0.01220640 0.04134281 0.05889341 0.03829861 0.01345590 0.02416911 0.02892261 0.04205501 0.02209491 0.01592020 0.29419007 0.08254922 0.04723701 0.00465957 0.01134950 0.02658711
32 0.20537421 0.02175392 0.03457443 0.03324913 0.02044282 0.01563482 0.02007612 0.23463624 0.01034191 0.01550332 0.02189132 0.02381762 0.00805917 0.01051601 0.02194522 0.19957520 0.06053446 0.00498074 0.01143791 0.02565543
33 0.13005003 0.05118911 0.02578521 0.02403081 0.02319431 0.04136301 0.05062101 0.03274451 0.01669970 0.07373642 0.05990471 0.10035902 0.02241631 0.01763490 0.02909031 0.07368422 0.07071562 0.00430616 0.01594960 0.13652503
34 0.05583829 0.00396124 0.00722926 0.00217958 0.01325660 0.00520439 0.00516745 0.01726700 0.00454403 0.29611193 0.14901697 0.00716431 0.02498079 0.02306009 0.00315143 0.01576040 0.03591869 0.00164094 0.00661170 0.32193493
35 0.15648405 0.03096871 0.04458302 0.04063111 0.02413011 0.03403201 0.04106841 0.07426333 0.01726601 0.03258381 0.04212231 0.03799241 0.01826441 0.01793231 0.03223531 0.19324607 0.10082403 0.00593616 0.01586971 0.03956671
36 0.05093693 0.13507808 0.11469907 0.05995613 0.01812831 0.05334483 0.04618223 0.05540543 0.03509022 0.01830211 0.02524381 0.11127106 0.01234431 0.00928604 0.01775331 0.12578807 0.07178664 0.00631610 0.01445101 0.01863631
37 0.27210282 0.01407309 0.02131169 0.02121149 0.03209908 0.01681299 0.01762989 0.08415154 0.00868893 0.02240648 0.02605308 0.01579099 0.01131179 0.01106569 0.02404858 0.24413184 0.11038893 0.00239528 0.00802164 0.03630418
38 0.06395718 0.03203199 0.08419757 0.21966593 0.01014240 0.04893728 0.17611695 0.05359838 0.02673619 0.01681649 0.02001039 0.05386908 0.01055920 0.00851402 0.02161739 0.07345458 0.04272029 0.00288449 0.01345680 0.02071339
39 0.13261399 0.01321490 0.01276800 0.01176100 0.02237610 0.01548630 0.01622380 0.02788630 0.00925694 0.18291398 0.14069199 0.01377860 0.03392950 0.02778430 0.02081570 0.07099919 0.05318039 0.00305016 0.01076790 0.18050098
40 0.15239591 0.03335738 0.04537317 0.04119148 0.02398069 0.03510808 0.04101208 0.07322476 0.01795959 0.03254868 0.04279197 0.03958358 0.01802389 0.01871199 0.03103948 0.19053389 0.10054594 0.00615570 0.01664669 0.03981508
41 0.32788002 0.01206090 0.01297090 0.02223370 0.04034930 0.01310250 0.01537360 0.10280801 0.00684942 0.02036380 0.02852980 0.01279780 0.01070440 0.00737720 0.02738840 0.20584801 0.08083261 0.00201881 0.00754770 0.04296310
42 0.30390688 0.01417699 0.01682939 0.02421159 0.03813489 0.01597099 0.01930139 0.09899076 0.00812472 0.02184609 0.02978199 0.01592159 0.01196510 0.00849720 0.02869179 0.20516192 0.08553027 0.00236414 0.00809203 0.04250028
43 0.23785405 0.02027740 0.01726570 0.03011171 0.07468512 0.01794260 0.02321971 0.04504731 0.00891727 0.04190161 0.06979422 0.02032550 0.04876961 0.01522130 0.02825331 0.12800603 0.08009852 0.00279660 0.01256700 0.07694542
44 0.09796961 0.01781640 0.01997740 0.01592560 0.01994830 0.02153490 0.02601180 0.02320310 0.01023110 0.14614901 0.10922201 0.02837010 0.03430530 0.02615760 0.01420010 0.07528290 0.10639201 0.00282734 0.01511340 0.18936201
45 0.05315951 0.00336334 0.00647927 0.00099796 0.01260140 0.00494742 0.00429205 0.01039800 0.00417389 0.29806508 0.15972004 0.00664574 0.02700061 0.02567181 0.00269534 0.01224160 0.03494461 0.00131905 0.00648019 0.32480308
46 0.06307609 0.03219989 0.08463408 0.22117396 0.00957285 0.04937209 0.17569097 0.05416959 0.02673429 0.01660160 0.01941500 0.05377629 0.01044520 0.00862921 0.02177570 0.07329669 0.04302059 0.00305583 0.01275070 0.02060940
47 0.02532410 0.33192301 0.03925390 0.01111980 0.01044330 0.05866840 0.05031040 0.01102980 0.03355120 0.00769213 0.02901050 0.28002501 0.01604340 0.00246191 0.00530351 0.03200350 0.02427560 0.00224842 0.01244180 0.01687030
48 0.11176101 0.03087100 0.03251230 0.02967500 0.02369960 0.03433520 0.03842980 0.03792270 0.01347140 0.05637501 0.09251941 0.03642880 0.06700121 0.02656610 0.02866240 0.15872502 0.10479101 0.00560728 0.01373910 0.05690661
49 0.07204617 0.09703886 0.04026719 0.02180849 0.06750848 0.03474929 0.03137629 0.03550449 0.01867089 0.05090498 0.13476795 0.11651096 0.03333409 0.02346529 0.02052629 0.06101858 0.04603048 0.00814077 0.02892469 0.05740578
50 0.06816668 0.04498669 0.05026599 0.02654799 0.01618740 0.04549209 0.04606229 0.02319549 0.02027200 0.09540248 0.05253429 0.10469397 0.02856409 0.01451890 0.02776749 0.08910508 0.14423297 0.00564214 0.01874370 0.07761828
51 0.15369514 0.03193543 0.04472504 0.04124074 0.02412942 0.03415323 0.04009984 0.07346597 0.01748162 0.03260743 0.04237764 0.03876004 0.01790992 0.01854312 0.03172533 0.19212718 0.10290809 0.00560929 0.01620311 0.04030244
52 0.02546100 0.33157202 0.03936310 0.01091440 0.01045600 0.05878230 0.05055980 0.01082510 0.03368470 0.00765097 0.02906310 0.28003902 0.01591610 0.00245180 0.00537295 0.03177130 0.02433460 0.00223142 0.01251310 0.01703720
53 0.05612725 0.01171921 0.01112091 0.00686717 0.01191511 0.01191081 0.01173281 0.01344911 0.00855854 0.23734820 0.19814616 0.01229061 0.04505744 0.04036083 0.01042221 0.02632722 0.03820493 0.00363558 0.01341671 0.23138919
54 0.11810602 0.02415441 0.03552081 0.02585241 0.02563961 0.03295561 0.02567181 0.03963001 0.01683730 0.07364642 0.15877403 0.02797111 0.04098361 0.03437211 0.02372680 0.13483803 0.06739571 0.00648639 0.01865280 0.06878501
55 0.03223588 0.27696486 0.03329888 0.02648649 0.00924826 0.05841407 0.09426425 0.01621219 0.02960158 0.00896824 0.02735439 0.25227387 0.01786659 0.00444127 0.01185459 0.04164098 0.02788419 0.00218755 0.01008079 0.01872109
56 0.05730080 0.03572400 0.09632320 0.16776299 0.00930938 0.05488230 0.18023799 0.05130220 0.02849310 0.01725820 0.02226770 0.06281390 0.01065300 0.00744103 0.01723980 0.09686190 0.05059530 0.00265794 0.01066830 0.02020700
57 0.06603394 0.02956247 0.10306491 0.04120806 0.02197288 0.03384717 0.03128697 0.02499698 0.02127508 0.10417490 0.06021734 0.04246726 0.02442378 0.01562609 0.01807188 0.12436389 0.14318687 0.00434382 0.01270809 0.07716763
58 0.27109089 0.02104639 0.02171589 0.06705667 0.03021269 0.01443759 0.03644608 0.19666492 0.00956777 0.01284649 0.02423849 0.01771929 0.00895179 0.00800942 0.02058039 0.14414794 0.04896488 0.00237634 0.01008030 0.03384579
59 0.04341498 0.02194509 0.02043109 0.01285059 0.01755669 0.02624889 0.02714309 0.01524699 0.04008258 0.08833106 0.07322287 0.02348249 0.02531949 0.13597495 0.01110600 0.05194838 0.07763747 0.01922509 0.19934392 0.06948827
60 0.06530135 0.00405963 0.00681956 0.00202033 0.01435559 0.00580065 0.00521622 0.01197209 0.00437971 0.28503579 0.15626589 0.00716597 0.02742848 0.02522548 0.00393834 0.01912689 0.03779377 0.00135437 0.00654114 0.31019877
61 0.05135256 0.01964519 0.01151359 0.00643770 0.00918272 0.01578669 0.01150839 0.01580649 0.01168009 0.15970188 0.29799078 0.01447189 0.07632124 0.06893205 0.01096269 0.02859698 0.03267818 0.00533030 0.02306568 0.12903491
62 0.03992971 0.01283310 0.00461016 0.00067575 0.00428587 0.00960669 0.00497494 0.00714639 0.00794730 0.17855905 0.35995211 0.00483546 0.09747323 0.07268352 0.00589246 0.01726481 0.02731361 0.00406378 0.01163800 0.12831404
63 0.05294293 0.00365860 0.00627614 0.00092666 0.01222138 0.00505320 0.00427392 0.01051669 0.00431790 0.29529162 0.16478179 0.00657717 0.02880746 0.02712367 0.00282211 0.01256468 0.03485076 0.00140741 0.00694530 0.31864059
64 0.05937980 0.02535160 0.06637720 0.24833598 0.00284249 0.06053440 0.26047698 0.03998380 0.02537030 0.01437210 0.01130100 0.05228200 0.00799074 0.00388106 0.01261860 0.05345110 0.03022600 0.00070899 0.00973548 0.01478040
65 0.11305311 0.02984013 0.08205868 0.03825674 0.06427216 0.03200683 0.02644233 0.03850934 0.05640806 0.03457823 0.03496873 0.03845504 0.01900842 0.01233641 0.01910932 0.17189717 0.12970813 0.00499062 0.02108132 0.03301923
66 0.21387409 0.02188581 0.02246971 0.02949361 0.02949041 0.02791531 0.02986581 0.09093954 0.02089091 0.02685961 0.03880762 0.02423851 0.01366581 0.03474042 0.02362901 0.16888307 0.06528573 0.00869906 0.06608233 0.04228362
67 0.16352509 0.05234353 0.04128122 0.03649142 0.02345481 0.04667463 0.06126273 0.05538263 0.01909381 0.02110501 0.03048362 0.09743556 0.01522591 0.01130251 0.04273582 0.15783509 0.07273284 0.00542283 0.01123201 0.03497892
68 0.04456179 0.02673819 0.07552248 0.26806592 0.00184732 0.05679958 0.25679793 0.04245809 0.02632439 0.01357610 0.00965127 0.06012398 0.00632837 0.00265262 0.00884701 0.05080519 0.02744309 0.00062840 0.00883639 0.01199190
69 0.04582951 0.00945854 0.00562089 0.00096893 0.00767789 0.00818938 0.00483115 0.00886610 0.00690181 0.22554803 0.28097104 0.00586431 0.06793721 0.05436911 0.00506074 0.01598340 0.03015590 0.00311863 0.01054140 0.20210603
70 0.06732029 0.02945950 0.06818099 0.16196399 0.01153110 0.05216470 0.17237499 0.03559490 0.02377070 0.01628470 0.05305840 0.04974860 0.02642690 0.00730078 0.01689000 0.07383139 0.08895899 0.00250150 0.01205100 0.03058660
71 0.04175699 0.01616040 0.00624452 0.00267373 0.00574394 0.01227920 0.00789192 0.00931947 0.00888021 0.16115896 0.35202191 0.00844513 0.10138097 0.07427218 0.00784620 0.02095019 0.02987719 0.00454943 0.01436650 0.11418097
72 0.05319672 0.00174674 0.00604436 0.00041548 0.01318040 0.00370421 0.00317165 0.01022600 0.00327800 0.31555509 0.14235204 0.00602992 0.01997741 0.02057961 0.00152997 0.00981117 0.03435531 0.00085278 0.00486603 0.34912710
73 0.18251214 0.03438333 0.03242582 0.07701306 0.02405582 0.05375084 0.13636710 0.04737144 0.02024821 0.02337562 0.03184522 0.04831504 0.01660701 0.01056021 0.04320083 0.10287008 0.05930094 0.00316456 0.01135441 0.04127833
74 0.11045199 0.03560090 0.04563649 0.03422920 0.01956910 0.03624100 0.04064690 0.03919730 0.01809710 0.05812069 0.06355259 0.04382329 0.02759610 0.02154940 0.02708680 0.14158498 0.14973298 0.00363462 0.01518980 0.06845879
75 0.04963750 0.17304701 0.03945350 0.07717151 0.00840309 0.06621841 0.15342901 0.03060860 0.02980970 0.01578850 0.02502420 0.15480001 0.01573330 0.00842008 0.02352530 0.05581860 0.03694350 0.00274345 0.01138020 0.02204450
76 0.08768213 0.07428423 0.04102612 0.09286823 0.00856506 0.06977833 0.17966307 0.03125771 0.02535251 0.01690001 0.02140211 0.12471405 0.01437091 0.00941244 0.03632881 0.07385403 0.05048222 0.00318253 0.01082290 0.02805261
77 0.23602994 0.02364069 0.02067459 0.03037739 0.03199909 0.02431029 0.03170529 0.09100008 0.01280190 0.04853389 0.05936838 0.02582929 0.01960299 0.01780150 0.03517179 0.13749496 0.06869548 0.00355407 0.01423490 0.06717348
78 0.05670331 0.01155310 0.01139670 0.00714930 0.01244230 0.01185520 0.01226460 0.01388470 0.00882989 0.23592004 0.19626903 0.01218610 0.04498361 0.04004591 0.01061160 0.02780200 0.03923241 0.00353984 0.01332030 0.23001004
79 0.05015380 0.01995970 0.01149440 0.00637601 0.00905619 0.01676590 0.01189440 0.01505010 0.01193450 0.15891299 0.29911999 0.01500810 0.07649670 0.06963800 0.01173270 0.02833500 0.03208240 0.00579405 0.02305410 0.12714099
80 0.19496581 0.02350488 0.03711636 0.03572666 0.02012498 0.01623008 0.02416418 0.25957175 0.01132079 0.01497849 0.02324758 0.02659567 0.00915699 0.01029959 0.02196848 0.17600983 0.05339575 0.00520327 0.01086099 0.02555787
81 0.06811601 0.04812591 0.15631302 0.05508901 0.07872731 0.03308510 0.02708970 0.05579301 0.03496650 0.03210070 0.04092810 0.06949151 0.01551700 0.01465230 0.01743380 0.11134601 0.07335051 0.00959288 0.02549380 0.03278780
82 0.05874710 0.01369560 0.01160350 0.00521501 0.01144920 0.01480720 0.00938506 0.01409950 0.00986230 0.18266600 0.27583100 0.01049930 0.07087140 0.05408900 0.01154930 0.04555920 0.03812170 0.00494622 0.01326040 0.14374200
83 0.12095800 0.01942560 0.04668070 0.01787920 0.01502210 0.03117900 0.02037580 0.02584930 0.01226780 0.02738750 0.02125840 0.02047780 0.01882550 0.01713100 0.01236440 0.27672999 0.25786899 0.00184590 0.00756232 0.02891070
84 0.23486599 0.02397070 0.02049160 0.03038150 0.03203220 0.02394620 0.03159050 0.09086649 0.01286220 0.04844880 0.05901850 0.02685960 0.01994260 0.01770430 0.03547170 0.13855599 0.06836670 0.00349796 0.01371290 0.06741360
85 0.04514767 0.00821367 0.00491060 0.00035854 0.00726922 0.00695182 0.00393176 0.00814472 0.00615806 0.23209084 0.27944581 0.00477916 0.06673415 0.05296976 0.00388352 0.01398269 0.02987408 0.00271343 0.00913966 0.21330085
86 0.15918507 0.02483811 0.01702121 0.02292271 0.01985171 0.03289232 0.03252821 0.02871111 0.01536531 0.08613954 0.06233263 0.02667981 0.02859701 0.01656731 0.20673410 0.09564704 0.05915173 0.00474013 0.00918421 0.05091072
87 0.06410545 0.03172282 0.10939308 0.06570735 0.01491611 0.02403412 0.03793423 0.29950422 0.02079652 0.01266991 0.02434262 0.05237144 0.00909275 0.01244011 0.01608631 0.12964910 0.04483193 0.00481217 0.00835975 0.01723001
88 0.22309592 0.02382819 0.01640109 0.02711569 0.02509789 0.03728619 0.03849119 0.05096838 0.01134610 0.02701639 0.03110289 0.02996179 0.01928929 0.01136010 0.19643793 0.12020996 0.06013148 0.00406781 0.00768074 0.03911099
89 0.11040505 0.03524722 0.04575812 0.03353951 0.01914241 0.03630682 0.04002562 0.03909442 0.01795391 0.05750992 0.06274273 0.04502752 0.02775581 0.02210461 0.02645381 0.14272906 0.15089806 0.00369127 0.01527541 0.06833873
90 0.05075498 0.01990479 0.01173499 0.00684673 0.00914800 0.01592159 0.01177949 0.01655479 0.01178539 0.15889692 0.29726786 0.01461849 0.07617806 0.06958007 0.01110999 0.02894699 0.03202018 0.00562755 0.02365319 0.12766994
91 0.10077599 0.03723400 0.04444389 0.07653639 0.01605160 0.05484669 0.13944998 0.04344129 0.02030870 0.02172100 0.02592330 0.05939979 0.01773220 0.01136230 0.03822580 0.16797698 0.07601789 0.00429673 0.01347590 0.03077960
92 0.14336505 0.03896511 0.03732601 0.09341333 0.01761051 0.06098382 0.15851806 0.04593412 0.02315541 0.02362371 0.03055951 0.05564582 0.01650291 0.01095630 0.04383562 0.09106873 0.05592082 0.00312145 0.01215950 0.03733421
93 0.06949646 0.01306711 0.01187691 0.00946397 0.01520921 0.01311531 0.01498141 0.01991222 0.00830217 0.22352120 0.15608214 0.01709552 0.03411143 0.03587343 0.00999177 0.03225203 0.04394714 0.00298733 0.01625401 0.25245922
94 0.04424919 0.17197397 0.04039429 0.06175239 0.00794227 0.06086949 0.13911697 0.02431490 0.02810349 0.01249710 0.02376390 0.20953996 0.01707320 0.00683285 0.01905370 0.05487599 0.04059949 0.00286577 0.01072690 0.02345420
95 0.03148471 0.01169690 0.00677501 0.00373843 0.01079870 0.01016340 0.00457203 0.00693598 0.02288540 0.09209312 0.23445404 0.00581060 0.05940941 0.20380104 0.00500277 0.01721440 0.01891680 0.02082360 0.15511403 0.07830961
96 0.14987112 0.02859882 0.04588004 0.04060083 0.02344452 0.02300842 0.03349273 0.18761515 0.01810941 0.02543072 0.03566363 0.03812723 0.01550031 0.01192781 0.02564722 0.13379511 0.10918509 0.00399709 0.01028971 0.03981503
97 0.27422993 0.01567510 0.02077439 0.02492379 0.03426329 0.01854949 0.02172799 0.09080188 0.00961316 0.02369559 0.02981099 0.01804160 0.01249170 0.01065170 0.02861009 0.21753394 0.09724577 0.00259893 0.00854638 0.04021429
98 0.04803319 0.04861049 0.09064869 0.21290097 0.00827164 0.05136619 0.17590297 0.04685819 0.02726430 0.01467300 0.01701200 0.08779629 0.00939027 0.00612436 0.01790330 0.06583729 0.04105579 0.00333239 0.01029650 0.01672220
99 0.05119267 0.03042228 0.07867976 0.23393287 0.00460829 0.07173176 0.21132888 0.04179588 0.02977718 0.01491639 0.01672739 0.05503447 0.00902840 0.00554273 0.01694169 0.06229226 0.03651518 0.00180274 0.01203389 0.01569529
100 0.05037040 0.01910190 0.01142890 0.00652205 0.00972896 0.01569270 0.01115050 0.01540400 0.01187850 0.15992400 0.29803300 0.01376850 0.07652430 0.07012020 0.01132010 0.02809680 0.03204490 0.00564708 0.02391520 0.12932800
101 0.15274499 0.03254680 0.04531220 0.04079380 0.02413460 0.03505370 0.04090270 0.07305269 0.01792220 0.03180070 0.04189730 0.03957930 0.01839430 0.01865660 0.03136910 0.19334999 0.10104999 0.00593067 0.01655320 0.03895520
102 0.10417801 0.00633413 0.00900555 0.00720430 0.02191520 0.00962843 0.01030850 0.01934250 0.00524695 0.23446403 0.12609402 0.01159710 0.02375530 0.02191890 0.00929445 0.03835270 0.04749461 0.00139898 0.00829328 0.28417304
103 0.15537600 0.02943590 0.03676490 0.02594700 0.04587970 0.01191860 0.01933370 0.35255399 0.01455760 0.01603490 0.03182120 0.03205270 0.01379300 0.00903807 0.01789570 0.09787070 0.04194510 0.00408825 0.01021800 0.03347500
104 0.03909941 0.01513850 0.01269640 0.00938272 0.01323950 0.01601420 0.01137200 0.01569780 0.02830171 0.07342422 0.16009604 0.01282940 0.04087631 0.20464406 0.01148300 0.03128391 0.02650781 0.02695521 0.17551505 0.07544272
105 0.18847912 0.01238401 0.01433091 0.01823671 0.03497062 0.01665311 0.02146091 0.03513182 0.00768817 0.10959707 0.08000475 0.02075001 0.02583602 0.01666361 0.01856841 0.10584707 0.09829846 0.00171771 0.01028841 0.16309310
106 0.05274893 0.00370096 0.00623701 0.00086878 0.01236681 0.00486922 0.00410678 0.01036291 0.00419514 0.29595419 0.16568110 0.00645082 0.02908722 0.02713322 0.00261105 0.01227261 0.03452562 0.00136469 0.00656072 0.31890220
107 0.11024396 0.06264688 0.03500939 0.02871159 0.01877489 0.05328528 0.06015658 0.02867169 0.02645349 0.03038759 0.03441369 0.12084196 0.01936379 0.02011459 0.02466539 0.08326497 0.11791796 0.00601274 0.05799258 0.06107098
108 0.04115976 0.01162919 0.00437757 0.00059686 0.00506064 0.00866818 0.00497178 0.00707909 0.00759110 0.18915783 0.33344070 0.00437207 0.08928762 0.07490053 0.00514199 0.01599159 0.02827857 0.00376158 0.01431649 0.15021687
109 0.08167928 0.03625959 0.03158049 0.02433030 0.01689380 0.01961780 0.03346119 0.28055494 0.01539530 0.04770089 0.08929508 0.03805309 0.06516799 0.02401610 0.01945580 0.06460849 0.04093129 0.00639080 0.01198500 0.05262279
110 0.02558530 0.33044897 0.03957840 0.01114800 0.01020960 0.05900360 0.05048940 0.01087620 0.03390960 0.00782217 0.02884700 0.27985198 0.01588580 0.00254583 0.00529423 0.03198580 0.02448320 0.00241955 0.01260360 0.01701180
111 0.06289407 0.05235567 0.05270567 0.14839293 0.00762041 0.06640417 0.20715490 0.04325908 0.02898999 0.02273179 0.02731799 0.07422206 0.01506969 0.01075909 0.02642999 0.06475817 0.04410948 0.00302259 0.01410249 0.02769979
112 0.07050855 0.03513288 0.06423406 0.03117498 0.01293349 0.01460289 0.03076338 0.43660370 0.01280469 0.00846125 0.01939049 0.06541726 0.01134459 0.01300909 0.01811059 0.10024293 0.02811128 0.00537334 0.00660988 0.01517069
113 0.02295428 0.00838941 0.01673349 0.00632520 0.01766639 0.01408469 0.00302839 0.00637774 0.06161275 0.01808959 0.07509524 0.00831939 0.00861421 0.27652079 0.00323740 0.02075908 0.01032309 0.03984437 0.34723973 0.03478477
114 0.22988181 0.02288478 0.01884528 0.02182618 0.01883948 0.00907099 0.01602489 0.38500268 0.00934813 0.01006679 0.01885128 0.01779019 0.00910057 0.00559620 0.01394329 0.12272790 0.03488597 0.00263809 0.00858480 0.02409068
115 0.15420288 0.03238008 0.04476877 0.04019977 0.02447088 0.03425167 0.04071157 0.07332934 0.01770529 0.03249998 0.04249557 0.03899147 0.01836419 0.01810909 0.03133418 0.19366685 0.10183092 0.00524416 0.01536809 0.04007527
116 0.03665410 0.02277820 0.02167500 0.01550330 0.01841060 0.02429330 0.01668050 0.01664450 0.05266491 0.03146400 0.08172921 0.02088350 0.01579260 0.21344403 0.00955427 0.03421530 0.02242510 0.03188350 0.26778203 0.04552201
117 0.04538411 0.24706504 0.04326211 0.02666550 0.01332600 0.05714101 0.05660341 0.03745641 0.03323861 0.02001060 0.04217611 0.19102903 0.01949220 0.01209540 0.01787300 0.05110081 0.03728811 0.00507044 0.01812820 0.02559390
118 0.02507881 0.00877251 0.00986929 0.00566725 0.01632101 0.01034070 0.00264740 0.00659580 0.04094611 0.03321671 0.11411104 0.00716108 0.02074521 0.28523609 0.00326475 0.01757221 0.01234630 0.03564541 0.29723610 0.04722622
119 0.08940104 0.02270941 0.02671431 0.01878661 0.01973711 0.02822581 0.02046291 0.02998941 0.01552981 0.10245004 0.22714510 0.02276161 0.05757942 0.04811902 0.01931731 0.08945264 0.04998152 0.00628538 0.01982651 0.08552504
120 0.10524298 0.01184110 0.01055270 0.00892351 0.01896700 0.01165620 0.00970496 0.04343409 0.00837668 0.18917097 0.19421297 0.01062220 0.04446039 0.03432389 0.01178480 0.05073829 0.04138719 0.00349270 0.01042440 0.18068297
121 0.04783725 0.00855306 0.00573967 0.00119177 0.00828019 0.00771016 0.00495093 0.00929007 0.00660019 0.22956078 0.26664874 0.00593482 0.06316454 0.05145695 0.00447184 0.01566518 0.03146377 0.00278860 0.01042369 0.21826779
122 0.04199821 0.20903103 0.05998051 0.01920750 0.00789804 0.12081702 0.04980461 0.01611900 0.11043202 0.01489660 0.02429610 0.16409803 0.00884899 0.00604197 0.01419120 0.04601471 0.03786031 0.00391444 0.02686260 0.01768710
123 0.06097742 0.01919901 0.01238000 0.01021020 0.01288710 0.01976671 0.01635621 0.01528270 0.01089280 0.13180504 0.29200909 0.01555650 0.09485923 0.06040222 0.01298130 0.05389612 0.04307481 0.00579559 0.01459800 0.09706993
124 0.07839867 0.03596509 0.04285179 0.09082447 0.01014980 0.06069048 0.18369094 0.02968819 0.02326169 0.02130119 0.02423079 0.06740798 0.02231019 0.01001340 0.02522789 0.11803996 0.10525497 0.00281663 0.01412120 0.03375469
125 0.05127509 0.03090920 0.07711089 0.02785930 0.01217840 0.01150090 0.02696340 0.52838493 0.01461300 0.00617292 0.01901940 0.04780619 0.01189630 0.01095650 0.00921070 0.07110219 0.02244350 0.00315846 0.00449826 0.01294050
126 0.14358298 0.03127120 0.03381189 0.03582149 0.02185550 0.03052590 0.03352729 0.12017698 0.01659300 0.02329150 0.03492379 0.04491099 0.01605940 0.01239490 0.14897598 0.11281698 0.09095939 0.00580775 0.01000930 0.03268380
127 0.05592029 0.01197160 0.01077330 0.00735168 0.01188340 0.01169910 0.01283440 0.01348600 0.00892539 0.23725595 0.19735395 0.01223990 0.04509439 0.04012139 0.01013200 0.02661149 0.03864829 0.00336086 0.01314970 0.23118695
128 0.06906959 0.01264040 0.01174950 0.00862247 0.01544930 0.01273330 0.01411360 0.01915050 0.00838565 0.22584397 0.15728398 0.01650550 0.03410349 0.03659339 0.00944709 0.03076580 0.04380549 0.00284894 0.01641910 0.25446896
129 0.06721721 0.07920031 0.05126991 0.05669021 0.01096450 0.11176901 0.09308171 0.03090660 0.04336350 0.03112040 0.05247471 0.08785631 0.01963120 0.02044130 0.04270320 0.07748311 0.05613941 0.00551870 0.02551050 0.03665820
130 0.07785166 0.04531238 0.04351338 0.03819418 0.01577869 0.09342875 0.06067267 0.02420689 0.02003449 0.03858638 0.06360347 0.05671797 0.06755097 0.01845759 0.03497048 0.14159593 0.09930395 0.00551471 0.01396439 0.04074108
131 0.06374860 0.03186550 0.08447150 0.21941401 0.00968294 0.04859800 0.17538101 0.05532070 0.02730250 0.01663040 0.01985560 0.05423640 0.01020850 0.00874258 0.02231680 0.07285530 0.04231010 0.00295185 0.01351230 0.02059540
132 0.11289597 0.02795379 0.01876749 0.02613379 0.02210409 0.04010529 0.03454689 0.03210719 0.01274500 0.06418858 0.08049848 0.03820659 0.03171529 0.02933609 0.17001595 0.07200598 0.05216298 0.00540640 0.01479920 0.11430497
133 0.04441139 0.24938193 0.04267679 0.02530909 0.01344080 0.05706858 0.05559118 0.03641699 0.03353049 0.02074179 0.04403019 0.19216595 0.01973429 0.01225390 0.01750360 0.04939889 0.03713579 0.00480018 0.01829819 0.02610999
134 0.05122575 0.01870328 0.01122669 0.00661023 0.00949382 0.01514799 0.01079189 0.01535109 0.01158649 0.16116185 0.29728773 0.01383409 0.07606703 0.07010584 0.01083709 0.02842657 0.03189057 0.00558462 0.02440748 0.13025988
135 0.11459010 0.03168113 0.04171604 0.03085163 0.01502091 0.01413061 0.03087583 0.44202838 0.01413961 0.01430551 0.02553372 0.03508463 0.01349091 0.01009671 0.01459031 0.08531487 0.02949923 0.00433191 0.00850214 0.02421582
136 0.06567940 0.14917001 0.05352860 0.03164950 0.01555380 0.06046930 0.05101690 0.03273470 0.02966200 0.02579760 0.03805300 0.11730501 0.02237980 0.01310640 0.02477830 0.09150931 0.12372101 0.00428104 0.01504240 0.03456190
137 0.04650342 0.02389621 0.07478173 0.26960011 0.00206397 0.05741672 0.25714811 0.04355462 0.02662871 0.01444281 0.01048710 0.05164622 0.00648063 0.00307533 0.00956126 0.05155652 0.02799561 0.00065034 0.00950175 0.01300881
138 0.04094262 0.10859504 0.03878782 0.02679361 0.01761171 0.04970902 0.04390282 0.02136301 0.04646922 0.02325731 0.04924952 0.12397405 0.01547661 0.09011674 0.01727871 0.04710422 0.03934452 0.01840211 0.14428806 0.03733331
139 0.14321920 0.02015323 0.04580966 0.02250753 0.01914163 0.03015984 0.02335233 0.03603135 0.01304732 0.02740984 0.02473263 0.02426573 0.01736352 0.01640202 0.01748852 0.26612637 0.21077530 0.00243928 0.00834133 0.03123334
140 0.02621052 0.32073519 0.03514392 0.01175101 0.01330781 0.05399953 0.05152693 0.01267471 0.02849382 0.00954350 0.04265962 0.27173916 0.01963081 0.00322215 0.00726373 0.03182922 0.02501971 0.00263015 0.01313761 0.01948091
141 0.05705440 0.03361440 0.03431890 0.08802489 0.01031420 0.08382219 0.20386499 0.02564660 0.03546140 0.06637450 0.03465830 0.04490450 0.01665490 0.02050270 0.01795420 0.06066290 0.05548200 0.00425026 0.05861930 0.04781450
142 0.05474517 0.00966927 0.00870007 0.00281473 0.01281979 0.02200119 0.01338889 0.01149669 0.00799364 0.25012386 0.17031091 0.01356139 0.03739188 0.03203248 0.00605606 0.02109709 0.04032558 0.00219216 0.01141929 0.27185985
143 0.04969926 0.04095357 0.09240163 0.18166185 0.01032299 0.03993877 0.13667189 0.13029989 0.02592818 0.01347509 0.01867888 0.07929014 0.00858378 0.00862220 0.02059168 0.07518354 0.03831787 0.00424582 0.00933898 0.01579399
144 0.15505393 0.03213359 0.04417558 0.04035078 0.02404619 0.03476628 0.04044438 0.07297307 0.01765639 0.03213009 0.04295198 0.03920338 0.01841669 0.01829239 0.03233259 0.19302091 0.10096195 0.00536636 0.01591209 0.03981138
145 0.04763341 0.02513571 0.07153302 0.26237806 0.00211149 0.05897381 0.26110906 0.04238251 0.02645531 0.01421260 0.01070560 0.05292461 0.00697612 0.00306380 0.00992927 0.05190341 0.02854371 0.00069275 0.00997325 0.01336250
146 0.13350893 0.05369697 0.03932328 0.04514278 0.01545309 0.11193094 0.08867665 0.03377618 0.03732908 0.02960358 0.04512348 0.06374317 0.01777799 0.01625169 0.05404667 0.09251015 0.05964567 0.00441253 0.01857009 0.03947708
147 0.04950155 0.16528383 0.04937305 0.03643406 0.00896819 0.10487489 0.07895132 0.02044198 0.03989706 0.01667248 0.03178027 0.18958280 0.01507368 0.00887796 0.03293187 0.05875854 0.04750855 0.00422738 0.01496098 0.02589957
148 0.10065699 0.02022970 0.02026220 0.03061170 0.01152010 0.03216420 0.02664830 0.02009340 0.01225910 0.03577110 0.03851170 0.02661530 0.05025570 0.01208480 0.38439697 0.06072880 0.07608099 0.00348626 0.00831961 0.02930310
149 0.06895152 0.07789092 0.05133501 0.05679782 0.01103950 0.11194803 0.09301503 0.03129141 0.04434051 0.03179301 0.05309211 0.08598742 0.01951581 0.02038931 0.04152501 0.07812812 0.05542792 0.00541902 0.02566591 0.03644661
150 0.03905321 0.01483740 0.01242550 0.00940552 0.01324260 0.01597170 0.01139190 0.01545060 0.02830421 0.07442021 0.16123403 0.01306290 0.04100821 0.20335704 0.01137010 0.03090441 0.02634150 0.02699200 0.17430003 0.07692691
151 0.23594386 0.02443159 0.02083449 0.03101498 0.03233868 0.02438529 0.03206808 0.08908135 0.01277709 0.04827777 0.05854897 0.02710628 0.01973799 0.01781179 0.03390688 0.13859092 0.06787446 0.00373759 0.01420559 0.06732636
152 0.02567499 0.01016049 0.01250869 0.00719041 0.01873359 0.01250189 0.00375263 0.00782553 0.04777377 0.02365569 0.09379385 0.00915805 0.01364419 0.27763584 0.00381264 0.02011469 0.01222029 0.03793648 0.32184682 0.04005948
153 0.05358502 0.02752861 0.07099882 0.23965507 0.00424192 0.05624362 0.23651507 0.04451571 0.02491101 0.01436140 0.01363000 0.05358302 0.00951112 0.00406567 0.01487030 0.07019152 0.03436421 0.00117800 0.01014960 0.01590030
154 0.14117798 0.02746280 0.05759889 0.17184798 0.02010850 0.04083420 0.13679698 0.06304139 0.02034080 0.01729260 0.02412670 0.04120170 0.01296220 0.01017800 0.02789630 0.09470319 0.04881479 0.00239132 0.01113830 0.03008540
155 0.11309109 0.03128922 0.04254023 0.03159292 0.01482491 0.01385471 0.03133532 0.44300534 0.01416901 0.01445351 0.02602082 0.03500223 0.01384441 0.01062051 0.01389601 0.08398166 0.02942922 0.00455424 0.00855230 0.02394232
156 0.02328780 0.00798277 0.01158890 0.00604197 0.01688340 0.01129750 0.00230364 0.00643016 0.04748910 0.01975780 0.08267399 0.00757882 0.01171550 0.29960498 0.00298991 0.01813860 0.01088440 0.03864510 0.33449098 0.04021470
157 0.17384608 0.12166006 0.03319442 0.02685221 0.07035603 0.03160932 0.03325812 0.06393403 0.01835661 0.02669661 0.05022182 0.07565914 0.02111861 0.01039610 0.02571201 0.09814985 0.05719223 0.00444172 0.01688771 0.04045732
158 0.05018144 0.01949312 0.01179821 0.00643078 0.00907412 0.01614571 0.01129841 0.01509721 0.01210811 0.16034913 0.29837224 0.01452911 0.07617526 0.06942595 0.01146461 0.02792532 0.03189813 0.00547783 0.02341522 0.12934010
159 0.03740339 0.01319110 0.00470238 0.00114318 0.00518238 0.00990340 0.00507944 0.00679944 0.01042830 0.15504597 0.35319493 0.00427473 0.09282998 0.10204398 0.00561186 0.01691830 0.02419059 0.00700200 0.03611969 0.10893498
160 0.04781801 0.01055930 0.00618177 0.00172299 0.00805405 0.00891227 0.00573343 0.00959373 0.00744898 0.21036803 0.28769004 0.00671942 0.07087991 0.05823201 0.00533387 0.01761720 0.03097410 0.00324315 0.01258970 0.19032803
161 0.04495081 0.25113908 0.04284451 0.02575541 0.01301890 0.05772302 0.05637222 0.03548851 0.03359611 0.01986071 0.04173551 0.19337006 0.01931141 0.01168630 0.01768111 0.04967562 0.03720921 0.00529638 0.01783701 0.02544811
162 0.04763038 0.00673579 0.00525641 0.00048433 0.00883189 0.00624856 0.00384644 0.00879115 0.00555540 0.25152190 0.24588590 0.00518668 0.05529488 0.04521038 0.00330923 0.01320399 0.03122289 0.00226550 0.00815642 0.24536190
163 0.04307960 0.01125260 0.00559206 0.00096997 0.00615590 0.00910051 0.00497132 0.00821868 0.00762556 0.20142799 0.31979799 0.00546351 0.08081030 0.06367530 0.00571514 0.01712400 0.02876670 0.00364629 0.01158160 0.16502499
164 0.04366752 0.00962965 0.00542331 0.00116010 0.00803819 0.00833465 0.00519362 0.00865909 0.00916160 0.20658109 0.27251212 0.00583206 0.06839473 0.07213283 0.00437545 0.01644471 0.03102341 0.00510085 0.03252991 0.18580508
165 0.05227188 0.00554978 0.00637130 0.00133327 0.01129150 0.00619220 0.00469013 0.01024910 0.00508888 0.26914791 0.19885893 0.00684903 0.04037199 0.03604239 0.00337276 0.01377190 0.03404959 0.00179516 0.00846444 0.28423790
166 0.02325530 0.00785268 0.01263910 0.00620004 0.01713900 0.01182010 0.00237887 0.00643002 0.05093730 0.01901250 0.08040090 0.00776186 0.01014320 0.29176298 0.00301149 0.01899760 0.01049320 0.03985360 0.34189298 0.03801730
167 0.05820087 0.00926232 0.00642690 0.00200026 0.00996574 0.00865963 0.00563542 0.01064889 0.00697157 0.22313089 0.26141887 0.00642240 0.06207347 0.04982278 0.00624235 0.02150119 0.03312418 0.00283146 0.00981693 0.20584390
168 0.04033950 0.25766403 0.04469200 0.02043730 0.00951950 0.09145321 0.05848221 0.01541340 0.04534400 0.01434640 0.02812900 0.21019702 0.01355550 0.00638373 0.01913290 0.04611960 0.03900290 0.00339877 0.01527900 0.02111000
169 0.02515890 0.00887912 0.00962730 0.00569106 0.01635340 0.01024370 0.00269679 0.00666279 0.03965609 0.03407739 0.11663498 0.00710103 0.02203420 0.28577395 0.00339828 0.01743410 0.01254940 0.03533849 0.29263095 0.04805809
170 0.11154804 0.02826981 0.02421551 0.03147431 0.01322390 0.04208142 0.03952871 0.03123331 0.01519461 0.03241221 0.03462291 0.04092071 0.02588511 0.01307990 0.30278811 0.08315963 0.08619243 0.00478680 0.00898444 0.03039811
171 0.03939916 0.01489858 0.01252199 0.00894960 0.01282649 0.01573428 0.01095219 0.01609228 0.02831017 0.07369363 0.16128084 0.01266129 0.04133256 0.20436379 0.01100059 0.03116537 0.02641977 0.02714047 0.17571582 0.07554112
172 0.03657071 0.23960909 0.08223003 0.03612011 0.01468121 0.06122162 0.04795402 0.03557441 0.04221452 0.01396601 0.02694081 0.19239407 0.01284250 0.00663391 0.01154010 0.05482822 0.04361802 0.00480182 0.01734831 0.01891051
173 0.12357692 0.03025628 0.02238969 0.03311258 0.01517739 0.04815507 0.04295207 0.04100477 0.01232479 0.02679758 0.02889068 0.04058547 0.01709609 0.01418649 0.27057482 0.13954791 0.05120447 0.00679854 0.00935100 0.02601738
174 0.04445139 0.01366320 0.00838381 0.00362811 0.00736602 0.01236570 0.00881632 0.00966528 0.01209400 0.14781098 0.29881196 0.00799664 0.08063579 0.10283299 0.00769509 0.02725670 0.03974679 0.00713486 0.04227139 0.11737298
175 0.05303802 0.00215286 0.00606562 0.00057623 0.01297361 0.00401915 0.00342854 0.01018860 0.00357380 0.31106013 0.14742106 0.00619230 0.02197891 0.02213821 0.00178591 0.01027480 0.03447801 0.00096794 0.00534813 0.34233814
176 0.06464074 0.05349243 0.04319103 0.11505507 0.00524132 0.11958108 0.20894513 0.02712132 0.03485192 0.02238171 0.02444002 0.07245545 0.01197621 0.01190581 0.03332792 0.06359734 0.04365093 0.00239084 0.01726381 0.02448992
177 0.10247698 0.03232819 0.02297250 0.03447619 0.01308700 0.04890789 0.04321629 0.03560009 0.01554690 0.03285849 0.04417169 0.04385269 0.02480250 0.01697440 0.30422995 0.08315949 0.05248299 0.00533027 0.01138350 0.03214199
178 0.05347233 0.00920692 0.00981522 0.00301408 0.01318441 0.01043211 0.00948713 0.01206751 0.00654928 0.28121815 0.14339708 0.02297201 0.02719201 0.02279391 0.00490381 0.01790921 0.03980652 0.00205397 0.00881418 0.30171016
179 0.05559412 0.00250122 0.00613230 0.00069820 0.01314150 0.00417474 0.00348196 0.01040950 0.00369076 0.30689110 0.14986105 0.00622700 0.02318351 0.02269291 0.00213474 0.01179480 0.03509421 0.00106214 0.00538711 0.33584711
