1 0.04182983 0.00356737 0.00524896 0.00234002 0.01312681 0.00789601 0.00397401 0.00523965 0.00274233 0.27353220 0.21075015 0.00400627 0.04371213 0.03227422 0.00433706 0.01182301 0.04252563 0.00246997 0.00925714 0.27934720
2 0.06119277 0.03287549 0.01727229 0.01521309 0.00946722 0.03194519 0.03356959 0.03715218 0.01463629 0.01663399 0.02439319 0.02182229 0.01268659 0.01130330 0.48958280 0.08811606 0.05089188 0.00403447 0.00620232 0.02100899
3 0.06385227 0.02068469 0.07337046 0.10322095 0.00330946 0.03308608 0.04211818 0.48376076 0.01445429 0.00751670 0.01589759 0.03223618 0.00207910 0.01235019 0.00629434 0.05695027 0.01311279 0.00190675 0.00422297 0.00957598
4 0.06434100 0.01263580 0.01296840 0.01037120 0.01371950 0.01491490 0.01480430 0.01325400 0.00962515 0.21836500 0.15748700 0.01751930 0.04251540 0.03266660 0.00959630 0.03197760 0.05093420 0.00530876 0.01498360 0.25201200
5 0.24121800 0.08731950 0.02688000 0.02138090 0.01115400 0.05940240 0.04958090 0.04174860 0.03550760 0.03151430 0.03534620 0.12781300 0.01995150 0.01847360 0.02250810 0.06886300 0.04414110 0.00421882 0.00868336 0.04429510
6 0.06120803 0.02255711 0.06488154 0.16105209 0.01164601 0.04237862 0.10414506 0.02382971 0.02923312 0.09096155 0.04875763 0.03863392 0.02285661 0.01867431 0.01428451 0.06966354 0.08813435 0.00572810 0.00979165 0.07158254
7 0.11386499 0.05552160 0.04186020 0.03926240 0.01097930 0.09531970 0.04690580 0.04452470 0.02607510 0.01833610 0.01742060 0.05247330 0.00797637 0.01121950 0.04806080 0.26150599 0.05447880 0.00572568 0.02102020 0.02746890
8 0.03674187 0.00945296 0.00740900 0.00274339 0.01009749 0.00795975 0.00901428 0.00925522 0.00391886 0.22529582 0.24866480 0.00645851 0.08724073 0.03744427 0.01135919 0.02491218 0.05023386 0.00283978 0.01205219 0.19690584
9 0.04579439 0.08941138 0.02382979 0.09542038 0.00189980 0.08752598 0.29870593 0.01792430 0.01479750 0.01633060 0.03235709 0.16275896 0.00425461 0.00648664 0.00949095 0.03879979 0.02420539 0.00319341 0.00689314 0.01992000
10 0.01830880 0.00741254 0.00347561 0.00252970 0.00495701 0.00594179 0.00675894 0.00572369 0.04191319 0.01665820 0.05439669 0.01046530 0.01145530 0.33091394 0.00218689 0.02417460 0.01956190 0.01449520 0.39200893 0.02666180
11 0.02909759 0.04079709 0.01701560 0.00772062 0.01684760 0.01383770 0.02508459 0.01106900 0.04928769 0.04299269 0.06776649 0.05731919 0.01534190 0.22940595 0.00770860 0.02491499 0.01846400 0.02593569 0.26057894 0.03881409
12 0.03550107 0.01790409 0.01473829 0.00864600 0.01090669 0.01347369 0.01443139 0.01762109 0.02713548 0.06104705 0.13132089 0.01991778 0.02839368 0.26225779 0.00789298 0.02929988 0.02802848 0.01923238 0.19261185 0.05963945
13 0.03237927 0.04118606 0.15260186 0.22585379 0.00826139 0.05510065 0.10123991 0.07337653 0.02867347 0.01234139 0.02229928 0.09380851 0.00457770 0.01573199 0.01380929 0.05643765 0.02999727 0.00207928 0.00790893 0.02233578
14 0.04123001 0.05091792 0.05309082 0.21100806 0.00400836 0.06827142 0.25610908 0.02411861 0.02161141 0.01818801 0.02767001 0.11047603 0.00411643 0.00332200 0.01033350 0.04613471 0.02329071 0.00202083 0.00548928 0.01859281
15 0.06998428 0.22442593 0.04200999 0.02347509 0.01019020 0.07129948 0.05600758 0.02999349 0.03345269 0.01808839 0.03415979 0.17103895 0.01905299 0.01941159 0.02523229 0.05524638 0.03917479 0.01339310 0.01772899 0.02663399
16 0.07667107 0.02987679 0.05959017 0.06252597 0.00577402 0.04836328 0.02966189 0.47778179 0.01624859 0.01000060 0.01669549 0.03574088 0.00357043 0.01451929 0.01226829 0.06526797 0.01586389 0.00284573 0.00509976 0.01163409
17 0.04468375 0.00302320 0.00519049 0.00235819 0.01369961 0.00882162 0.00379052 0.00521859 0.00266524 0.29332032 0.17523519 0.00465803 0.03702824 0.02420303 0.00429996 0.01301581 0.04710625 0.00235677 0.00883385 0.30049133
18 0.05117578 0.15662095 0.01864099 0.05327088 0.00180315 0.10665197 0.21448694 0.01456430 0.01351850 0.01677259 0.02590149 0.20533994 0.00446542 0.00725231 0.01266630 0.04428909 0.02456459 0.00292188 0.00470534 0.02038759
19 0.05128197 0.07160155 0.03216918 0.11527192 0.00235016 0.09856283 0.29765080 0.01909689 0.01991709 0.01816769 0.02955928 0.11833192 0.00565907 0.00626375 0.01496069 0.04177287 0.02685658 0.00300188 0.00704912 0.02047479
20 0.03207932 0.01638651 0.01445981 0.00325807 0.00563377 0.00640841 0.01875811 0.01729881 0.00688002 0.13629809 0.32124921 0.00671600 0.14728909 0.03351792 0.03576352 0.04594303 0.05741224 0.00204579 0.01520421 0.07739805
21 0.16245113 0.03267853 0.03675253 0.03146003 0.02513992 0.03380263 0.03239653 0.07261316 0.01725401 0.02764332 0.03047882 0.03135423 0.01572511 0.01616091 0.03363993 0.24561320 0.08972937 0.00617039 0.01865202 0.04028423
22 0.03937881 0.01511900 0.01083670 0.00845070 0.00999504 0.00922167 0.01618300 0.01375640 0.00867553 0.14923203 0.34360307 0.01227490 0.07977462 0.07242051 0.00950093 0.02152700 0.02733581 0.00551274 0.02175350 0.12544802
23 0.06232670 0.29373002 0.04682530 0.01304640 0.01044610 0.08085411 0.03888600 0.01002530 0.02880260 0.00801461 0.01793150 0.25278702 0.01664940 0.01082510 0.01183160 0.02957060 0.03738730 0.00554955 0.00965927 0.01485150
24 0.10816991 0.02175678 0.03799327 0.03909527 0.00877439 0.02074778 0.02078978 0.54354457 0.01154889 0.01218629 0.01900498 0.01835849 0.00453856 0.01237809 0.00997222 0.07353514 0.01795279 0.00252771 0.00407979 0.01304529
25 0.05115738 0.00949200 0.01115450 0.00907395 0.01418019 0.01387600 0.01270470 0.01068370 0.00757482 0.24555391 0.18770893 0.01175430 0.04579868 0.03727149 0.00822374 0.02553929 0.04863018 0.00388675 0.01563259 0.23010292
26 0.29063826 0.01849632 0.01996162 0.01555521 0.03889323 0.01903072 0.01713492 0.10572909 0.01034831 0.01729222 0.01945772 0.01530471 0.00981018 0.00915450 0.02045482 0.24361522 0.07860347 0.00267289 0.00870087 0.03914573
27 0.05860965 0.01692429 0.01625859 0.00732618 0.01452679 0.01261749 0.02134508 0.01559569 0.01446879 0.11865690 0.14359188 0.01986318 0.09900322 0.08922692 0.01777198 0.05919635 0.10205991 0.00928025 0.05157796 0.11209890
28 0.05998414 0.05004233 0.05190023 0.14107209 0.00545891 0.05868144 0.26387917 0.03135062 0.02798782 0.02088921 0.03534382 0.08100935 0.01060011 0.01138881 0.02111861 0.04758803 0.03886462 0.00499416 0.01293141 0.02491512
29 0.04133370 0.00188638 0.00437149 0.00129136 0.01369490 0.00768505 0.00215848 0.00431844 0.00149919 0.29990104 0.18833802 0.00245315 0.03683180 0.02500150 0.00338569 0.00989457 0.04480531 0.00192841 0.00811747 0.30110404
30 0.06434898 0.07222558 0.02491079 0.09711177 0.00528232 0.07029908 0.17287195 0.01804989 0.02771769 0.05243798 0.03539689 0.13227296 0.01201200 0.01442550 0.01806789 0.09571077 0.03249709 0.00490895 0.00937712 0.04007479
31 0.10779501 0.02173210 0.03809320 0.03928970 0.00852774 0.02068650 0.02106900 0.54603803 0.01172800 0.01174850 0.01863710 0.01847200 0.00432765 0.01209220 0.00979723 0.07290060 0.01758170 0.00284081 0.00408291 0.01256000
32 0.04148260 0.00529283 0.00582408 0.00272576 0.01259180 0.00806646 0.00560788 0.00592800 0.00365704 0.25597902 0.22846201 0.00508104 0.04977570 0.03817680 0.00528682 0.01354620 0.04091910 0.00279503 0.01096580 0.25783602
33 0.03204149 0.00671331 0.00510277 0.00152644 0.01115930 0.00596939 0.00478704 0.00658296 0.00219608 0.23260495 0.29516594 0.00328561 0.06853329 0.05119789 0.00586915 0.01324430 0.03346109 0.00254905 0.01112200 0.20688796
34 0.06207198 0.17473396 0.02644459 0.01304780 0.00669392 0.08503348 0.05780339 0.03262539 0.04722709 0.00735863 0.01111250 0.08911468 0.00537750 0.00954260 0.15454196 0.16102896 0.01924280 0.01206570 0.01039820 0.01453490
35 0.01844692 0.00706681 0.00369319 0.00265757 0.00540647 0.00571142 0.00728105 0.00609979 0.03686243 0.02036802 0.05424985 0.00990093 0.01091951 0.36071032 0.00220113 0.02245592 0.02276002 0.01319141 0.36110532 0.02891193
36 0.08278535 0.06454734 0.06798524 0.05221173 0.00872424 0.04601833 0.07068084 0.03559102 0.10845906 0.03189362 0.04839923 0.06240253 0.01706221 0.05205493 0.02683002 0.06342744 0.03726292 0.01349891 0.06905844 0.04110662
37 0.15881499 0.02166520 0.04140790 0.01393170 0.03276630 0.01981080 0.02048510 0.04178090 0.00895608 0.02825990 0.02534660 0.01376480 0.01892370 0.00966752 0.01583010 0.28080198 0.19195899 0.00340506 0.01275780 0.03966460
38 0.03189869 0.01914330 0.01475810 0.00891127 0.00783838 0.01261110 0.01804440 0.01096130 0.04677049 0.02986179 0.06958529 0.02127570 0.01775310 0.23455696 0.00634064 0.03780939 0.02492960 0.02114810 0.32931494 0.03648749
39 0.05417257 0.15263092 0.04930637 0.01787569 0.00721529 0.06257277 0.06161807 0.02766198 0.12767193 0.01386869 0.02144859 0.08393285 0.00906466 0.02273519 0.06306357 0.12582493 0.02290889 0.01309879 0.03395388 0.02937438
40 0.01838780 0.00737155 0.00364027 0.00265186 0.00544046 0.00578438 0.00727525 0.00613581 0.03671190 0.01991410 0.05381230 0.00997453 0.01081980 0.36214000 0.00227168 0.02260350 0.02268570 0.01282970 0.36087900 0.02867040
41 0.07076542 0.16708181 0.04940244 0.05215394 0.00575752 0.11552387 0.10065588 0.02224867 0.02396417 0.01852438 0.02119538 0.19656277 0.01213799 0.01287019 0.01586728 0.04684015 0.03377186 0.00341006 0.00726066 0.02400557
42 0.30251582 0.01562769 0.02264329 0.01666939 0.03520118 0.01267899 0.01383099 0.21900987 0.00529519 0.00924767 0.01420139 0.01140599 0.00445383 0.00901642 0.01383069 0.21717787 0.04831857 0.00142486 0.00478890 0.02266139
43 0.02819441 0.01675821 0.00792086 0.00586756 0.00917148 0.00915163 0.01329571 0.00847071 0.03802772 0.05013103 0.14026107 0.01938421 0.02946662 0.20026210 0.00538885 0.02698901 0.02084851 0.02327171 0.29849115 0.04864742
44 0.03507739 0.00748927 0.00577142 0.00265058 0.01102290 0.00671037 0.00625283 0.00653710 0.00363667 0.21356994 0.30371792 0.00497065 0.06702708 0.05703068 0.00569927 0.01341180 0.03182059 0.00302751 0.01204410 0.20253195
45 0.03816728 0.03118559 0.01480549 0.01053690 0.01703199 0.01549789 0.05973438 0.01259809 0.02459509 0.09238886 0.23458491 0.03536009 0.04820898 0.15122694 0.01120050 0.02432409 0.02357359 0.01220770 0.07398417 0.06878747
46 0.03912917 0.01555939 0.01117239 0.00891446 0.00993293 0.00901347 0.01668469 0.01417399 0.00900333 0.14679588 0.34390371 0.01223829 0.07962813 0.07330234 0.00899320 0.02194088 0.02748228 0.00593240 0.02298418 0.12321490
47 0.08291705 0.09382285 0.05328887 0.07225486 0.00803496 0.11691594 0.08812595 0.04041038 0.03194978 0.03524758 0.03478698 0.10348394 0.01497359 0.02036369 0.02908998 0.07390436 0.03732068 0.00692699 0.01468289 0.04149868
48 0.14167200 0.01332240 0.01270900 0.01139010 0.01654720 0.01873040 0.01629490 0.02229050 0.01393990 0.16791599 0.10568400 0.02066570 0.03354070 0.02151750 0.01648730 0.06209720 0.06133240 0.00443724 0.00972559 0.22969999
49 0.14799012 0.06316535 0.04855324 0.02274012 0.01484681 0.02632212 0.02739152 0.11423510 0.01266361 0.02075452 0.01939552 0.03735343 0.00960277 0.01059601 0.02400602 0.22461219 0.13384111 0.00481025 0.00848076 0.02863942
50 0.03825792 0.00892963 0.09110295 0.32821918 0.00764006 0.03518252 0.26176514 0.02458871 0.03086562 0.01515491 0.02507781 0.03864762 0.00467883 0.00154471 0.00964461 0.03076452 0.03020572 0.00112285 0.00637018 0.01023651
51 0.04481945 0.00294570 0.00529190 0.00248689 0.01362392 0.00890399 0.00378073 0.00530438 0.00285440 0.29312533 0.17494220 0.00472255 0.03678164 0.02455333 0.00423072 0.01315391 0.04716755 0.00237824 0.00896581 0.29996734
52 0.21324010 0.04704812 0.03591992 0.02815181 0.00958448 0.05346043 0.04812692 0.03192762 0.11068805 0.04961012 0.05549143 0.05692023 0.01615371 0.03104802 0.02725701 0.06653733 0.03450312 0.00778143 0.02521381 0.05133633
53 0.05084210 0.00932171 0.01111210 0.00875929 0.01435560 0.01323100 0.01251960 0.01076840 0.00743747 0.24683301 0.18822801 0.01100230 0.04601050 0.03691300 0.00777344 0.02489520 0.04875370 0.00390206 0.01531150 0.23203001
54 0.15260899 0.04162840 0.13293099 0.06026540 0.01850140 0.04014560 0.05623600 0.08598509 0.03040530 0.02368920 0.03294640 0.05257590 0.01477570 0.01818700 0.01522920 0.10748799 0.06499950 0.00449186 0.01291800 0.03399210
55 0.26102007 0.03161331 0.02340691 0.02118791 0.02976401 0.02839091 0.03275321 0.09813803 0.01994991 0.04045251 0.04482001 0.03480451 0.01632940 0.01811570 0.02226751 0.13569904 0.06394212 0.00614833 0.01159210 0.05960452
56 0.03908871 0.00322046 0.00466824 0.00137011 0.01303660 0.00725458 0.00296006 0.00495380 0.00176327 0.28170005 0.21432904 0.00270502 0.04522541 0.03226721 0.00419619 0.01114340 0.04239841 0.00218137 0.00921801 0.27632005
57 0.16165902 0.03275390 0.03768951 0.03195440 0.02425950 0.03355990 0.03371100 0.07333071 0.01728110 0.02799790 0.03056270 0.03176830 0.01588960 0.01631580 0.03317950 0.24404403 0.08875621 0.00582966 0.01902800 0.04042921
58 0.11928100 0.01930640 0.03204210 0.01222590 0.01784740 0.02564830 0.02160150 0.02684590 0.01794470 0.03348160 0.04273000 0.01463640 0.03092880 0.04834250 0.01339030 0.24070599 0.15768700 0.00694213 0.08027750 0.03813460
59 0.03387059 0.01103600 0.00798727 0.00250568 0.00866245 0.00719000 0.01012230 0.01073760 0.00361516 0.20774695 0.26323694 0.00625491 0.10804998 0.03694109 0.01477360 0.03035339 0.05378219 0.00280975 0.01268920 0.16763496
60 0.07187222 0.15988504 0.05030041 0.04761501 0.00816673 0.07411612 0.08586692 0.03070751 0.02861021 0.02083951 0.03089431 0.19255005 0.01538460 0.01978151 0.01848091 0.05190291 0.03761031 0.00698489 0.01616690 0.03226391
61 0.06145500 0.01102300 0.01861920 0.00875828 0.01443360 0.01281850 0.01409750 0.01357460 0.01227930 0.16435799 0.11269299 0.01649570 0.03582870 0.11200099 0.00776312 0.03914180 0.08351419 0.00855366 0.05534490 0.19724699
62 0.06657575 0.20390086 0.04810157 0.03622278 0.00603832 0.10741993 0.09153974 0.01619409 0.02034409 0.01400349 0.01863409 0.23539884 0.01168719 0.01056489 0.01100459 0.03764487 0.03722527 0.00269621 0.00564496 0.01915849
63 0.04990108 0.00987091 0.01121550 0.00875108 0.01398449 0.01338500 0.01252450 0.01078440 0.00738441 0.24643591 0.18903893 0.01134730 0.04633598 0.03682799 0.00794719 0.02489349 0.04839448 0.00382747 0.01522399 0.23192592
64 0.05013039 0.01854059 0.17424695 0.05236259 0.01570250 0.03048289 0.03992289 0.03878039 0.02831099 0.11506797 0.06959868 0.02969779 0.02416049 0.03755269 0.01252780 0.07142678 0.09077117 0.00665748 0.01819199 0.07586698
65 0.08502278 0.02284779 0.12329597 0.05435469 0.01281680 0.02469979 0.04482719 0.11345097 0.02240929 0.04211069 0.10082497 0.03045929 0.03139909 0.01552830 0.01729820 0.10115797 0.10563297 0.00402736 0.01176140 0.03607449
66 0.04471988 0.01956419 0.07206207 0.26782488 0.00526516 0.04795468 0.30323586 0.02531239 0.02489159 0.01388619 0.02266819 0.05264778 0.00427931 0.00203428 0.01129649 0.03134099 0.03166819 0.00148479 0.00587901 0.01198409
67 0.04463250 0.01718130 0.07358121 0.24535302 0.00755825 0.04315340 0.21263102 0.02006600 0.03678980 0.02579540 0.03697940 0.04703470 0.03273710 0.00689455 0.01673720 0.04041880 0.04014110 0.00631771 0.00906761 0.03692990
68 0.34538404 0.01319100 0.01770040 0.01150640 0.04028890 0.00946661 0.01109180 0.21601102 0.00388310 0.00751994 0.01347220 0.00857394 0.00372213 0.00884999 0.01098550 0.20669302 0.04522670 0.00110096 0.00366842 0.02166390
69 0.11340201 0.03309810 0.05026540 0.02254910 0.02611520 0.02223640 0.03963700 0.03306150 0.01612470 0.07063150 0.05927530 0.03194860 0.03201040 0.02332320 0.02244680 0.13448901 0.16537301 0.00781884 0.01730540 0.07888850
70 0.03951408 0.00606710 0.00625845 0.00228676 0.01115559 0.00772919 0.00656750 0.00705140 0.00277945 0.25259386 0.21503288 0.00628379 0.06702406 0.03095398 0.00789382 0.01754469 0.04800497 0.00324009 0.00953349 0.25248486
71 0.05966941 0.20221805 0.04429961 0.03516781 0.00581698 0.10433403 0.08160952 0.02059531 0.02872281 0.01116430 0.01319750 0.19426905 0.00792942 0.00889065 0.03905251 0.08737982 0.02794161 0.00480984 0.00647736 0.01645440
72 0.06251006 0.03306388 0.05567246 0.20247486 0.00599494 0.04794247 0.17810788 0.03695418 0.02785498 0.02106599 0.02100389 0.07472345 0.00557227 0.00433106 0.01745489 0.13873191 0.03221508 0.00317383 0.00751856 0.02363338
73 0.06049501 0.04926701 0.05176541 0.14003303 0.00539255 0.05834901 0.26319806 0.03070201 0.02880231 0.02126970 0.03569581 0.08177702 0.01046220 0.01184040 0.02042170 0.04739011 0.03945481 0.00523984 0.01357420 0.02486981
74 0.10823005 0.04964552 0.03818522 0.05819393 0.01103990 0.04671102 0.11058705 0.04894422 0.02696051 0.01979401 0.02010751 0.05864063 0.00976367 0.00870101 0.04111802 0.22697010 0.06965823 0.00701468 0.01212061 0.02761411
75 0.02238628 0.00949517 0.00464881 0.00280507 0.00982603 0.00491713 0.00936480 0.00647546 0.01139359 0.10681991 0.33844572 0.00895615 0.06632144 0.18169685 0.00385183 0.01487359 0.01327179 0.00887253 0.09080512 0.08477273
76 0.25795917 0.03140942 0.02394102 0.02158621 0.03027922 0.02840992 0.03279342 0.09559596 0.02023371 0.04174563 0.04513683 0.03456752 0.01669791 0.01850411 0.02298081 0.13589309 0.06332674 0.00620016 0.01250241 0.06023674
77 0.03468631 0.00768004 0.00598526 0.00254391 0.01109870 0.00668060 0.00627207 0.00669228 0.00387748 0.21329709 0.30342113 0.00492464 0.06661413 0.05752482 0.00567870 0.01318551 0.03174361 0.00317669 0.01215791 0.20275909
78 0.05350795 0.04273044 0.09372969 0.18948419 0.00639139 0.10318210 0.14339414 0.03823314 0.02803223 0.02233622 0.02014662 0.07005687 0.00801381 0.01430011 0.01373291 0.05878196 0.05619716 0.00361213 0.00683351 0.02730343
79 0.27606371 0.01478668 0.01913578 0.01021829 0.04580095 0.01074629 0.01635968 0.06568913 0.00592043 0.01728678 0.01954748 0.00928728 0.01368929 0.00694982 0.00895014 0.26156373 0.14450485 0.00189161 0.00837931 0.04322876
80 0.27314101 0.00771920 0.01696600 0.00725137 0.18173401 0.01031800 0.00687154 0.07526440 0.00402728 0.01082910 0.01564640 0.00590926 0.01695400 0.00862529 0.00777303 0.21056801 0.10830800 0.00168940 0.00403649 0.02636820
81 0.04688203 0.07379754 0.07231714 0.16806809 0.00517421 0.07224894 0.14646008 0.04491083 0.02315431 0.01919731 0.02508441 0.14004908 0.00630637 0.01113761 0.01556631 0.06370394 0.02500521 0.00402959 0.00799177 0.02891522
82 0.04891277 0.00349904 0.00657063 0.00232877 0.01395939 0.00813150 0.00520053 0.00696042 0.00279453 0.28488983 0.16187090 0.00464962 0.03964318 0.02178469 0.00524184 0.02047509 0.06176636 0.00227279 0.00899233 0.29005582
83 0.01751159 0.00578685 0.00282334 0.00235071 0.00460686 0.00529734 0.00638942 0.00572127 0.03647339 0.01704069 0.04990868 0.00856616 0.00996299 0.37151888 0.00191618 0.02240539 0.02280199 0.01166560 0.37023588 0.02701679
84 0.09307130 0.08539390 0.05546670 0.06746380 0.00658324 0.12409900 0.06349310 0.02850960 0.08616310 0.03596790 0.03450460 0.08018120 0.01494440 0.02389870 0.03215310 0.06984940 0.02921990 0.00848412 0.02287890 0.03767400
85 0.13124596 0.04169079 0.04092369 0.11161397 0.00675094 0.05226999 0.23454693 0.03876169 0.02567299 0.02183619 0.03254309 0.07013068 0.01057750 0.00969152 0.01874109 0.05755528 0.05253199 0.00421820 0.00951222 0.02918529
86 0.03483439 0.00763735 0.00574886 0.00275666 0.01097050 0.00664234 0.00647139 0.00668934 0.00363220 0.21288794 0.30329691 0.00491194 0.06692978 0.05774538 0.00576183 0.01369090 0.03154919 0.00298938 0.01235780 0.20249594
87 0.04452260 0.00194974 0.00488916 0.00180230 0.01380110 0.00834463 0.00288165 0.00482955 0.00204420 0.30079899 0.17007299 0.00394718 0.03461030 0.02186350 0.00378725 0.01142040 0.04698000 0.00224368 0.00809679 0.31111399
88 0.07707140 0.21550200 0.04761260 0.01538240 0.01187510 0.06684590 0.03981330 0.02035090 0.02323620 0.02006860 0.02574660 0.17320200 0.02016080 0.01428230 0.01531890 0.06542120 0.10038400 0.00956240 0.01034780 0.02781560
89 0.10931509 0.02239732 0.02621592 0.02063572 0.01976792 0.02091782 0.02810612 0.04259893 0.01541201 0.07564446 0.14329311 0.02189062 0.05741555 0.02997852 0.02297372 0.16002313 0.08519797 0.00614250 0.02436942 0.06770415
90 0.04560231 0.03956671 0.05073662 0.22160407 0.00325826 0.08847643 0.27524809 0.02112071 0.02347601 0.02057611 0.02401841 0.08080013 0.00450077 0.00323162 0.01024010 0.03757951 0.02530131 0.00150782 0.00463052 0.01852451
91 0.04507018 0.00303012 0.00542673 0.00255140 0.01364519 0.00891520 0.00392394 0.00524041 0.00298141 0.29288389 0.17402093 0.00477552 0.03686829 0.02417009 0.00437167 0.01320519 0.04702518 0.00243021 0.00895858 0.30050588
92 0.03668759 0.00519080 0.00529882 0.00146104 0.01246950 0.00700181 0.00442224 0.00596091 0.00233371 0.26053890 0.24572690 0.00343656 0.05641038 0.03956698 0.00557184 0.01311329 0.03966788 0.00245907 0.01070290 0.24197890
93 0.07116039 0.15910098 0.04985300 0.04811910 0.00819916 0.07405109 0.08635349 0.03003060 0.02880160 0.02134650 0.03129330 0.19167498 0.01586600 0.01989750 0.01846730 0.05271989 0.03772720 0.00670074 0.01599670 0.03264050
94 0.04022649 0.00235137 0.00447607 0.00126584 0.01353740 0.00742100 0.00242305 0.00459374 0.00148124 0.29478396 0.19741397 0.00241396 0.03989709 0.02716810 0.00370738 0.01032600 0.04409949 0.00199783 0.00860106 0.29181496
95 0.05270760 0.08357700 0.15951500 0.08945300 0.00776666 0.15040700 0.04504000 0.04703200 0.03210880 0.01685430 0.01738160 0.09903510 0.00919076 0.02256230 0.01456510 0.06460310 0.05058510 0.00337535 0.00953362 0.02470660
96 0.07133593 0.16027507 0.05073892 0.04871482 0.00828102 0.07413313 0.08540244 0.03030211 0.02846291 0.02097191 0.03045161 0.19155209 0.01518461 0.01972811 0.01845671 0.05322482 0.03764822 0.00682302 0.01613781 0.03217471
97 0.03358751 0.00503734 0.00445345 0.00120232 0.01169420 0.00600720 0.00337046 0.00522994 0.00166217 0.24888705 0.27388406 0.00255975 0.05851481 0.04717541 0.00431441 0.01061220 0.03448081 0.00233002 0.00943182 0.23556505
98 0.02394491 0.01342120 0.00772944 0.00183401 0.00676980 0.00442868 0.00805114 0.00981667 0.00365537 0.13903204 0.41822112 0.00484929 0.11551403 0.07556582 0.00985502 0.01932061 0.02342181 0.00291920 0.01260350 0.09904633
99 0.07670721 0.02704870 0.19052802 0.04776480 0.01660600 0.03972520 0.03293570 0.06718681 0.02809750 0.02469600 0.01717990 0.03793050 0.00806814 0.01513590 0.01639450 0.19613302 0.11769401 0.00292968 0.01122720 0.02601120
100 0.04639250 0.08540040 0.02178180 0.08505990 0.00246244 0.08351620 0.28478400 0.01714340 0.01772050 0.02079030 0.05596440 0.16234900 0.00736273 0.00904104 0.00925835 0.03292650 0.02230000 0.00347453 0.00952871 0.02274330
101 0.06007321 0.05053901 0.05106351 0.13976202 0.00547057 0.05907431 0.26368103 0.03086530 0.02812660 0.02176380 0.03587080 0.08294971 0.01073320 0.01218020 0.01956200 0.04623801 0.03886491 0.00507610 0.01312610 0.02497960
102 0.08405567 0.05661448 0.06721468 0.06403168 0.00884004 0.04182889 0.04754148 0.11223496 0.02436259 0.02865499 0.03032609 0.12263496 0.01951689 0.02674779 0.02474419 0.07501188 0.03891339 0.00809058 0.01388180 0.10475297
103 0.03949972 0.01506001 0.01070270 0.00826574 0.01014510 0.00900980 0.01550101 0.01416571 0.00886582 0.14832506 0.34485914 0.01179860 0.07966913 0.07355573 0.00895661 0.02223361 0.02731621 0.00586621 0.02237201 0.12383205
104 0.30179403 0.01574980 0.02276780 0.01689530 0.03397220 0.01231800 0.01358660 0.24284203 0.00512373 0.00870809 0.01448920 0.01102560 0.00413109 0.00917360 0.01307860 0.20332302 0.04448760 0.00150041 0.00421477 0.02081850
105 0.18261309 0.03559432 0.03550002 0.09200694 0.00610423 0.04685582 0.23390511 0.03581472 0.02515641 0.02092351 0.03084861 0.06316813 0.00956301 0.00888149 0.01644931 0.05254202 0.06236333 0.00385030 0.00845330 0.02940631
106 0.04483270 0.01936570 0.07276190 0.26857600 0.00525014 0.04729540 0.30103200 0.02535570 0.02533690 0.01429320 0.02311520 0.05236220 0.00436498 0.00204982 0.01107060 0.03118620 0.03174450 0.00149784 0.00594582 0.01256320
107 0.03617221 0.00609511 0.00566157 0.00200494 0.01221480 0.00704486 0.00553606 0.00664836 0.00280492 0.24653808 0.26011509 0.00422615 0.06092542 0.04451301 0.00611693 0.01448280 0.03871481 0.00266407 0.01146570 0.22605507
108 0.07046699 0.06259209 0.01501450 0.01616180 0.00875230 0.02077390 0.02308100 0.01925450 0.02554930 0.02601630 0.05450259 0.02711530 0.01743420 0.08796489 0.01191350 0.04930730 0.04089210 0.32245197 0.06405879 0.03669670
109 0.04128859 0.00197367 0.00441834 0.00132792 0.01361040 0.00758505 0.00218846 0.00438066 0.00154852 0.29879496 0.18998697 0.00246775 0.03742259 0.02512010 0.00346655 0.01000680 0.04474329 0.00191619 0.00810724 0.29964596
110 0.05372502 0.02733061 0.01675731 0.00991635 0.01197911 0.01553781 0.02139431 0.01581171 0.01273951 0.12801906 0.23685410 0.02504331 0.11064305 0.04673572 0.01703311 0.04488212 0.05658872 0.00738431 0.02255871 0.11906605
111 0.08990722 0.02600291 0.10583703 0.05708221 0.01688610 0.02739881 0.04339191 0.05954931 0.02860031 0.04620291 0.11418503 0.03304091 0.04203171 0.01842300 0.01865770 0.13454803 0.07272912 0.00478855 0.01629530 0.04444191
112 0.04968130 0.12930499 0.01981880 0.04469560 0.00490491 0.06711620 0.19280799 0.01893120 0.02907110 0.02866700 0.08775129 0.14018599 0.01854950 0.02257150 0.01688310 0.03950810 0.02600940 0.00912666 0.02062660 0.03378880
113 0.22262635 0.01457052 0.02691494 0.01290922 0.13230821 0.01400892 0.01174962 0.06682800 0.00725889 0.01710363 0.02188473 0.01215852 0.01926873 0.01342802 0.01446702 0.23171636 0.11894018 0.00307599 0.00762699 0.03115515
114 0.08409316 0.09384385 0.05319367 0.07070427 0.00826740 0.11580894 0.08710296 0.04217778 0.03166978 0.03550648 0.03390648 0.10310995 0.01466659 0.02052069 0.03011899 0.07596186 0.03680438 0.00653078 0.01457029 0.04144168
115 0.06471300 0.01241220 0.01275720 0.01061380 0.01390830 0.01506030 0.01481440 0.01315280 0.00979460 0.21857899 0.15645699 0.01737830 0.04165270 0.03277740 0.00935639 0.03275600 0.05085170 0.00520166 0.01525230 0.25251099
116 0.11968092 0.05443466 0.05872436 0.02446768 0.10678793 0.06219526 0.02456398 0.03353088 0.01769389 0.03823187 0.03455298 0.05495756 0.01917369 0.02210578 0.01874569 0.12461591 0.12348191 0.00543839 0.01189209 0.04472457
117 0.08347091 0.09331831 0.05255540 0.07316471 0.00806523 0.11694001 0.08891801 0.04225220 0.03197840 0.03542640 0.03436310 0.10336701 0.01447910 0.02008410 0.02933490 0.07394901 0.03698720 0.00626810 0.01394440 0.04113350
118 0.05324145 0.01437999 0.01555688 0.00464542 0.01032399 0.00728551 0.01875428 0.03388217 0.00705714 0.16509584 0.17430383 0.01019209 0.12178788 0.02025478 0.02266458 0.06764513 0.11491889 0.00330520 0.01477509 0.11992988
119 0.03841670 0.01541500 0.01084380 0.00841420 0.01014700 0.00942003 0.01618660 0.01345910 0.00858847 0.14855399 0.34627998 0.01240230 0.07997100 0.07280760 0.00929742 0.02148670 0.02685740 0.00549853 0.02149920 0.12445499
120 0.25922990 0.03160429 0.02375409 0.02141049 0.02926219 0.02885599 0.03281059 0.09668776 0.02049499 0.04086398 0.04524198 0.03512719 0.01641689 0.01848819 0.02348799 0.13437795 0.06262738 0.00626697 0.01267160 0.06031958
121 0.31981377 0.01601439 0.02172518 0.01591819 0.03317688 0.01281839 0.01655939 0.27949980 0.00679774 0.00923525 0.01773689 0.01311229 0.00462105 0.01087339 0.01065809 0.14712490 0.03759877 0.00166942 0.00383774 0.02120848
122 0.17479892 0.02054479 0.03620018 0.03103969 0.01684229 0.01853339 0.01790779 0.40186681 0.00936222 0.01073469 0.01522889 0.01739609 0.00394579 0.01025310 0.01348599 0.14822793 0.03180208 0.00242157 0.00416780 0.01523999
123 0.07639003 0.02517231 0.04600912 0.03248571 0.01096990 0.02089461 0.09952994 0.02273231 0.02418881 0.10130204 0.06381383 0.02973801 0.04950802 0.01969781 0.01681381 0.08781914 0.18802008 0.00633336 0.01286901 0.06571213
124 0.05013725 0.00936274 0.04201824 0.01354991 0.01380971 0.01491312 0.01216911 0.01254641 0.00986097 0.23317924 0.14759315 0.01431182 0.04221974 0.03203923 0.00888790 0.03142253 0.05532726 0.00447157 0.01369981 0.23848025
125 0.04270379 0.00321930 0.00535075 0.00238781 0.01333320 0.00801305 0.00405337 0.00515765 0.00280896 0.28017897 0.19848698 0.00405445 0.04107900 0.02948410 0.00425670 0.01158250 0.04380129 0.00246895 0.00934223 0.28823697
126 0.15472705 0.02236271 0.01839841 0.00772686 0.03570801 0.01318160 0.02559511 0.02017911 0.01114350 0.06906582 0.08623763 0.02449591 0.09679723 0.01529241 0.01312030 0.11750004 0.16093005 0.00516051 0.01238380 0.08999393
127 0.11727891 0.04061797 0.06387395 0.05018256 0.01335269 0.06633375 0.03286577 0.20499384 0.02127568 0.01175009 0.01635789 0.04438106 0.00482186 0.01328979 0.03576207 0.18964785 0.03831237 0.00449113 0.01158149 0.01882929
128 0.05182209 0.17942698 0.13541398 0.04851439 0.01029490 0.07336379 0.03256980 0.04410829 0.03822050 0.01108500 0.02038870 0.15882698 0.01197400 0.01979400 0.01846320 0.05658139 0.04824629 0.00586592 0.01306460 0.02197520
129 0.03028089 0.00829464 0.00543939 0.00190556 0.01032780 0.00582635 0.00614965 0.00723072 0.00294532 0.20527193 0.33130688 0.00417059 0.07773927 0.06184138 0.00639286 0.01424930 0.02926239 0.00285307 0.01206510 0.17644694
130 0.14145300 0.01349960 0.01254150 0.01177580 0.01644740 0.01854480 0.01587800 0.02318690 0.01381580 0.16859400 0.10642800 0.02016440 0.03308380 0.02150420 0.01638650 0.06231600 0.06112400 0.00430059 0.00978671 0.22916900
131 0.07070245 0.22242615 0.04265883 0.02431822 0.00999602 0.07151745 0.05607734 0.02858412 0.03375552 0.01828601 0.03399662 0.17110612 0.01882101 0.01982291 0.02552412 0.05595524 0.03839423 0.01380341 0.01792481 0.02632942
132 0.03479134 0.00756900 0.00574790 0.00268152 0.01093611 0.00657153 0.00625393 0.00675668 0.00366003 0.21330622 0.30364532 0.00491791 0.06706047 0.05761486 0.00568524 0.01350151 0.03159043 0.00307388 0.01223191 0.20240421
133 0.04942099 0.02348039 0.09094528 0.26335194 0.00821688 0.05312749 0.17163296 0.05580889 0.03098209 0.02106010 0.02782749 0.05511239 0.00669181 0.00933539 0.01340620 0.05421439 0.02955469 0.00369946 0.00901309 0.02311809
134 0.07236168 0.01108330 0.00974071 0.00577959 0.01539739 0.01171110 0.01337060 0.00971936 0.01560409 0.17443094 0.19090894 0.01468930 0.04019229 0.07013588 0.00868636 0.02710109 0.04297869 0.00928592 0.07257588 0.18424694
135 0.12171889 0.01569629 0.01590909 0.01002689 0.01471429 0.01635368 0.02246908 0.02631238 0.01934558 0.12476488 0.25339176 0.01984448 0.05484255 0.04167226 0.01300819 0.04182926 0.04479166 0.00512623 0.01782368 0.12035889
136 0.04759517 0.01239709 0.01074389 0.00616859 0.01410729 0.01137119 0.01296949 0.00826297 0.01635869 0.19533189 0.14250392 0.01714629 0.03660918 0.07515786 0.00653141 0.02351989 0.04305718 0.00970118 0.07733696 0.23312987
137 0.03924471 0.01488790 0.01075490 0.00846165 0.00989874 0.00914662 0.01575960 0.01385910 0.00886835 0.14894803 0.34426508 0.01152820 0.08003872 0.07274602 0.00918214 0.02182520 0.02756881 0.00554618 0.02158700 0.12588303
138 0.03647953 0.01715081 0.01537211 0.00880918 0.01100391 0.01379461 0.01475461 0.01745061 0.02739122 0.06211735 0.13063210 0.01993991 0.02852392 0.26025419 0.00741350 0.02907582 0.02851712 0.01827481 0.19227414 0.06077054
139 0.10713896 0.02156019 0.03808629 0.03928569 0.00825763 0.02096959 0.02113009 0.54504382 0.01170420 0.01248620 0.01941269 0.01827469 0.00477853 0.01237860 0.01016020 0.07172268 0.01765309 0.00247496 0.00426491 0.01321700
140 0.01861750 0.00866720 0.00313624 0.00141799 0.00851829 0.00271048 0.00658532 0.00538548 0.00366226 0.12408500 0.44863601 0.00468829 0.08905690 0.13154400 0.00340315 0.01001110 0.00726051 0.00467266 0.02551460 0.09242700
141 0.18495496 0.02032880 0.02235319 0.01020410 0.04766739 0.01667910 0.01904490 0.03580649 0.01183900 0.04373989 0.07127008 0.02034560 0.08150938 0.01415470 0.01770720 0.18102096 0.12531097 0.00330643 0.01374730 0.05900959
142 0.06430840 0.01256820 0.01300940 0.01077310 0.01376770 0.01500000 0.01463000 0.01325480 0.00973274 0.21887601 0.15729601 0.01751720 0.04262340 0.03210130 0.00923962 0.03259500 0.05030600 0.00505908 0.01466700 0.25267502
143 0.10743997 0.02164689 0.03852669 0.03902409 0.00827560 0.02089449 0.02096329 0.54204484 0.01182950 0.01233870 0.01905149 0.01856879 0.00456008 0.01255390 0.00999790 0.07368998 0.01838919 0.00284576 0.00459215 0.01276670
144 0.11051100 0.05531500 0.04896280 0.12442500 0.00584748 0.05670810 0.09109630 0.05752850 0.02077300 0.02006810 0.01856940 0.11043400 0.00612684 0.01033230 0.02293950 0.16196601 0.02930570 0.00440409 0.00792725 0.03675960
145 0.30315614 0.01561251 0.02302681 0.01651961 0.03565272 0.01241671 0.01343351 0.21949210 0.00502350 0.00917963 0.01423521 0.01104621 0.00433562 0.00905421 0.01367971 0.21698510 0.04830822 0.00156310 0.00461798 0.02266141
146 0.03392351 0.00494715 0.00452079 0.00129170 0.01173190 0.00620501 0.00346069 0.00533647 0.00164855 0.25142507 0.26904707 0.00260867 0.05793882 0.04539711 0.00439509 0.01091800 0.03540071 0.00230215 0.00940347 0.23809806
147 0.24759307 0.01749410 0.01999291 0.01901341 0.02774001 0.02462251 0.01422190 0.07403062 0.00772422 0.01495270 0.01459970 0.01311280 0.00781031 0.00604415 0.01955811 0.32937509 0.08978722 0.00176495 0.01336110 0.03720111
148 0.07817834 0.03122702 0.04895413 0.07346854 0.00973613 0.03462862 0.12383707 0.13626707 0.02626421 0.07558694 0.06028163 0.04846693 0.02520691 0.02334471 0.01654191 0.06800534 0.05620333 0.00699615 0.01478451 0.04202052
149 0.03630051 0.00501845 0.00533170 0.00155966 0.01248980 0.00690182 0.00417072 0.00610923 0.00219937 0.26140610 0.24538610 0.00327881 0.05602592 0.03953652 0.00541482 0.01312641 0.03971312 0.00240892 0.01074090 0.24288110
150 0.06836471 0.03272000 0.03387250 0.01495800 0.00817692 0.02935090 0.04980220 0.01487060 0.06869831 0.06708841 0.21190902 0.03863580 0.09820941 0.04388030 0.01967020 0.03504900 0.04193480 0.00973368 0.04421970 0.06885551
151 0.05455758 0.03441409 0.02997239 0.01570879 0.01206020 0.02750089 0.02977729 0.03320109 0.02666719 0.03481299 0.05244668 0.03262729 0.02257839 0.07234587 0.32395387 0.07364577 0.04393628 0.01023000 0.03216649 0.03739689
152 0.07042475 0.22333684 0.04269137 0.02404568 0.00991291 0.07091955 0.05716896 0.03022158 0.03330578 0.01822479 0.03441948 0.17073788 0.01892409 0.01980189 0.02491018 0.05491766 0.03845547 0.01370869 0.01755389 0.02631858
153 0.06041380 0.03148170 0.01640770 0.01461560 0.00990078 0.03133100 0.03290360 0.03676040 0.01375030 0.01659400 0.02513130 0.02069010 0.01271470 0.01144660 0.49618598 0.08816660 0.05100910 0.00383125 0.00583011 0.02083540
154 0.03364832 0.00817372 0.01294241 0.00439058 0.01917861 0.00811664 0.01361841 0.00921690 0.00976043 0.16040210 0.23477215 0.01433861 0.04772343 0.16338410 0.00570426 0.01995581 0.02864022 0.00933870 0.07388255 0.12281208
155 0.26600896 0.01663040 0.02950500 0.01807700 0.02858890 0.01477900 0.01702890 0.20766097 0.00806838 0.01815980 0.05002859 0.01328580 0.01306110 0.01088130 0.01389700 0.18549697 0.05228759 0.00220949 0.00670869 0.02763620
156 0.05607908 0.04656718 0.18465992 0.09433826 0.01229259 0.04672498 0.06947857 0.06930107 0.04192958 0.02700369 0.03265779 0.06271887 0.01259889 0.02163959 0.01759569 0.07894537 0.07172277 0.00515311 0.01712579 0.03146719
157 0.02308591 0.01107100 0.00607211 0.00136881 0.00755124 0.00403959 0.00599668 0.00781951 0.00228630 0.16420107 0.39900617 0.00339783 0.10142504 0.07272343 0.00739322 0.01391021 0.02181991 0.00269738 0.01014050 0.13399406
158 0.03419840 0.02389750 0.02815530 0.04433890 0.01049690 0.02286640 0.01923820 0.01988510 0.04081550 0.03040280 0.05900710 0.03079420 0.01416350 0.24117299 0.00843484 0.03315740 0.02345420 0.04309360 0.23531399 0.03711320
159 0.04308702 0.00144801 0.00445301 0.00137104 0.01401171 0.00811901 0.00203902 0.00432212 0.00161911 0.30792414 0.17221808 0.00269545 0.03311801 0.02120411 0.00332518 0.01017340 0.04651812 0.00192520 0.00791811 0.31251014
160 0.05439497 0.20858487 0.10215793 0.04171827 0.00816079 0.10646293 0.03600198 0.02758458 0.02227899 0.00723561 0.01157949 0.23269585 0.01032519 0.01386309 0.01048509 0.03921817 0.04502307 0.00217617 0.00502766 0.01502529
161 0.05553451 0.02227630 0.01569430 0.00707318 0.01206500 0.01271420 0.02452091 0.01536430 0.01968570 0.08893472 0.12539403 0.02019120 0.11094002 0.07237202 0.01961940 0.07398892 0.10718002 0.01214110 0.11234502 0.07196512
162 0.03141730 0.01867760 0.01396600 0.00940321 0.00812708 0.01234900 0.01773800 0.01079160 0.04565830 0.03006160 0.07056530 0.02103680 0.01847190 0.23591499 0.00660935 0.03708210 0.02463560 0.02081490 0.33038099 0.03629840
163 0.24320502 0.01663920 0.02474130 0.02147500 0.01949640 0.01291490 0.01408070 0.44953504 0.00639956 0.00683339 0.01412640 0.00980725 0.00244282 0.01096600 0.00532166 0.10656201 0.02048840 0.00132446 0.00209978 0.01154070
164 0.04302713 0.00195896 0.00469892 0.00162949 0.01397081 0.00825943 0.00249213 0.00458141 0.00191897 0.30344724 0.17552314 0.00301322 0.03491133 0.02282352 0.00365483 0.01109181 0.04677804 0.00206787 0.00851549 0.30563624
165 0.04902968 0.02118779 0.06725577 0.23276591 0.00508782 0.04347898 0.25812990 0.02652869 0.02938709 0.01597479 0.02473939 0.05234108 0.00745855 0.00366323 0.04797828 0.04622628 0.03807759 0.00279553 0.00724356 0.02065009
166 0.04680503 0.01053229 0.00959643 0.00350511 0.01100388 0.00723441 0.01520648 0.01310258 0.00520762 0.20911770 0.18038274 0.00812468 0.10527285 0.02110647 0.01803467 0.04972813 0.09509856 0.00274773 0.01377588 0.17441675
167 0.18206497 0.02028540 0.03731309 0.02474320 0.02163070 0.01999290 0.02053260 0.17160597 0.01025360 0.02800550 0.06323059 0.01760800 0.02071240 0.01197410 0.02002730 0.21863296 0.06738739 0.00333257 0.01036560 0.03030119
168 0.08138887 0.06623458 0.03090309 0.03703329 0.00792491 0.04236839 0.05586468 0.02196489 0.02686389 0.06721818 0.05143408 0.11556996 0.04432899 0.02982939 0.01897579 0.04517049 0.04132799 0.01288360 0.01786699 0.18484794
169 0.08275112 0.09209163 0.05339412 0.07230242 0.00812073 0.11589003 0.08724143 0.04276681 0.03187251 0.03568101 0.03500581 0.10093903 0.01506760 0.02085921 0.03040711 0.07522922 0.03727191 0.00678797 0.01498710 0.04133321
170 0.02914698 0.01737009 0.00836613 0.00366501 0.00815353 0.00778454 0.01427139 0.01030869 0.01395549 0.11096393 0.29449581 0.01467879 0.10030794 0.09667784 0.01280649 0.03150168 0.03558508 0.01277319 0.09709134 0.08009605
171 0.07121961 0.22070204 0.04215981 0.02400460 0.01005720 0.07127851 0.05672311 0.02882591 0.03334071 0.01893860 0.03537641 0.16904403 0.01922430 0.01984260 0.02607701 0.05603641 0.03870861 0.01374060 0.01765720 0.02704271
172 0.03435121 0.01496881 0.02579921 0.00440171 0.00825798 0.00793534 0.01173070 0.01627101 0.00662786 0.17448207 0.29555912 0.00760168 0.11836205 0.03200541 0.01715021 0.03161951 0.04640362 0.00309653 0.01184290 0.13153305
173 0.04976179 0.02421070 0.09035439 0.26184196 0.00815187 0.05271999 0.17289698 0.05544349 0.03089860 0.02060530 0.02742490 0.05522159 0.00679468 0.00931297 0.01296770 0.05540779 0.03019850 0.00360811 0.00903741 0.02314130
174 0.06033547 0.05012668 0.05094588 0.13996894 0.00561454 0.05890997 0.26404388 0.03032999 0.02811939 0.02097249 0.03600748 0.08270176 0.01059240 0.01187109 0.01964359 0.04679328 0.03931648 0.00532282 0.01366369 0.02472019
175 0.04380910 0.01934720 0.08980281 0.26891002 0.00984919 0.04318040 0.15680301 0.03857650 0.03367130 0.02843090 0.06519630 0.04942950 0.01186270 0.01178650 0.01178330 0.04255170 0.02678090 0.00454154 0.01280940 0.03087770
176 0.05992753 0.03031081 0.03856692 0.08750064 0.00902896 0.03398282 0.06296983 0.04051452 0.02041861 0.01510261 0.02150141 0.04576052 0.01077221 0.01286251 0.33916517 0.08545394 0.04268992 0.00460906 0.00779199 0.03107002
177 0.04178128 0.00527176 0.00596335 0.00286075 0.01265879 0.00813047 0.00548027 0.00617757 0.00387129 0.25609988 0.22667789 0.00515647 0.04903848 0.03794838 0.00524273 0.01352459 0.04114878 0.00289011 0.01146929 0.25860788
178 0.23806402 0.00958559 0.01518910 0.00826158 0.13756601 0.01084030 0.00925056 0.05126601 0.00658041 0.05365051 0.04437490 0.00946250 0.02251450 0.01467400 0.01084300 0.14358601 0.10782201 0.00316640 0.00891316 0.09438941
179 0.04726231 0.06641651 0.03028340 0.12084102 0.00189504 0.09676311 0.32864505 0.01710090 0.01694770 0.01624740 0.02924150 0.11776602 0.00437221 0.00500600 0.01229900 0.03570330 0.02598940 0.00257794 0.00626587 0.01837630
