1 0.03056760 0.00655503 0.00562645 0.00219314 0.00553007 0.00375037 0.00508274 0.00374011 0.00660889 0.18899099 0.38931499 0.00469090 0.06248850 0.03141640 0.01319410 0.01180540 0.01873110 0.00081053 0.01005570 0.19884699
2 0.04745259 0.03681340 0.01615280 0.01092720 0.00517420 0.01599270 0.02295260 0.01394270 0.01038550 0.00973016 0.03586080 0.00792399 0.00651382 0.00345905 0.63598092 0.05676559 0.03105880 0.00281747 0.00322754 0.02686820
3 0.02806251 0.01239450 0.05591371 0.29885806 0.00535649 0.01176710 0.02592470 0.44516308 0.03278691 0.00443303 0.01301230 0.02578520 0.00119572 0.00235385 0.00308174 0.01284050 0.00666661 0.00232260 0.00746234 0.00461903
4 0.05228633 0.00874279 0.01039501 0.01561171 0.00941475 0.01519341 0.01284141 0.00916949 0.00805526 0.19241213 0.10900107 0.02046301 0.03357122 0.02276602 0.01068891 0.02939102 0.04986813 0.00264369 0.01171341 0.37577125
5 0.04297467 0.11387792 0.03451718 0.04402547 0.00413870 0.05668076 0.03955897 0.02632248 0.01703859 0.03651168 0.02188749 0.38993273 0.01435109 0.01823519 0.00565887 0.05035217 0.03854187 0.00541708 0.00806262 0.03191448
6 0.03123551 0.01991291 0.15992404 0.02010871 0.00611032 0.02132351 0.02056901 0.01530040 0.01708590 0.26990707 0.07948382 0.07301972 0.03217761 0.01608130 0.00723420 0.09443333 0.02951971 0.00385661 0.01066640 0.07204992
7 0.14566212 0.02022342 0.02635642 0.01718311 0.02073642 0.02020322 0.02045592 0.05908435 0.01109271 0.02447622 0.02754212 0.02825162 0.01368111 0.01519781 0.02429012 0.40123032 0.07453316 0.00458890 0.01303011 0.03218083
8 0.03632659 0.01429550 0.00987178 0.00597514 0.01044210 0.01159640 0.01073680 0.00650660 0.01078000 0.33891195 0.15519098 0.02195820 0.04614039 0.02459270 0.00480009 0.02824390 0.02729800 0.00299273 0.01179520 0.22154497
9 0.04524198 0.11645695 0.03319638 0.04361318 0.00417769 0.05346437 0.03826668 0.02639959 0.01597509 0.03615938 0.02352879 0.39104282 0.01406329 0.01849459 0.00462062 0.05011368 0.03876008 0.00543523 0.00891773 0.03207188
10 0.02515192 0.01998751 0.01552941 0.00535207 0.00363446 0.00801952 0.01154281 0.00754014 0.02851352 0.02446542 0.07203025 0.01008771 0.01382361 0.13776310 0.00267243 0.02539942 0.01665991 0.01331881 0.53120137 0.02730662
11 0.03267648 0.01749139 0.02623839 0.03337408 0.00357231 0.02508879 0.01509559 0.19210690 0.01162339 0.01171809 0.01284969 0.24991887 0.00593609 0.01268549 0.00462502 0.04502418 0.05471007 0.17743491 0.05050527 0.01732499
12 0.01805300 0.00942480 0.01024610 0.00366021 0.00970147 0.00573760 0.01464440 0.00904209 0.02103210 0.03785700 0.11126199 0.01820030 0.02425530 0.48343195 0.00247373 0.02770810 0.01845000 0.01603070 0.11923399 0.03955520
13 0.03105262 0.01196881 0.02599911 0.46418025 0.00469514 0.02261871 0.32549318 0.01713561 0.00922659 0.00350968 0.00444242 0.01770081 0.00060020 0.00090952 0.00630624 0.02010361 0.02598941 0.00104274 0.00123106 0.00579427
14 0.03078648 0.01198749 0.02731849 0.48805373 0.00424176 0.02577069 0.28665984 0.01788509 0.00971202 0.00451567 0.00538427 0.02256269 0.00051173 0.00099203 0.00651984 0.02117429 0.02700139 0.00103468 0.00118683 0.00670100
15 0.05728161 0.42609708 0.02632140 0.01488110 0.00988902 0.03685511 0.05953861 0.01658920 0.02718720 0.02262980 0.03798151 0.10416502 0.01852750 0.01012280 0.02079950 0.03647641 0.02905821 0.00920030 0.01914060 0.01725800
16 0.11336098 0.00939456 0.02393020 0.04013259 0.00490592 0.01857330 0.01479990 0.61037990 0.01155050 0.00568918 0.01485310 0.01469860 0.00336842 0.00532091 0.00585362 0.06566249 0.02067990 0.00330079 0.00491230 0.00863286
17 0.02281061 0.00597091 0.00563140 0.01704671 0.00324277 0.01874651 0.01235850 0.00556765 0.00590262 0.06339772 0.04045681 0.02579071 0.02030161 0.01306540 0.00271478 0.03795231 0.25023609 0.00488907 0.00985166 0.43406615
18 0.02064440 0.44483005 0.02369060 0.01148990 0.02077330 0.18085802 0.01768750 0.00849257 0.03346350 0.03080910 0.03134290 0.08159471 0.00476988 0.00284631 0.00782677 0.03239700 0.02504060 0.00510954 0.00567612 0.01065720
19 0.03665140 0.04484110 0.03464250 0.09400619 0.00871475 0.05022600 0.53473195 0.02056010 0.01364620 0.01300150 0.01724290 0.02787440 0.00304383 0.01057470 0.01158730 0.02953820 0.02015310 0.00308353 0.00832368 0.01755670
20 0.05186371 0.02220021 0.02211741 0.00505868 0.00639283 0.01089790 0.02112481 0.01213160 0.00891457 0.02588751 0.37066710 0.00631813 0.01225220 0.00773636 0.23059206 0.06875552 0.01213440 0.00313105 0.00733082 0.09449312
21 0.14872798 0.02045410 0.02665690 0.01564600 0.02071930 0.02019070 0.01826660 0.06062689 0.01127250 0.02435380 0.02562070 0.02822440 0.01398350 0.01523760 0.02226760 0.40427094 0.07490689 0.00446574 0.01211220 0.03199570
22 0.03909742 0.01773031 0.00917356 0.00782547 0.00677269 0.00606899 0.01215991 0.00985808 0.00926903 0.10648606 0.46733526 0.01065911 0.07371234 0.04976383 0.01207491 0.01942281 0.02395101 0.00396465 0.02415091 0.09052365
23 0.04408032 0.11586705 0.03290611 0.04353542 0.00364988 0.05500842 0.03794042 0.02627701 0.01670171 0.03668412 0.02442831 0.39194617 0.01382311 0.01871101 0.00507164 0.04974792 0.03748492 0.00543517 0.00902458 0.03167671
24 0.11718196 0.00949714 0.02357159 0.04096869 0.00472121 0.01828749 0.01340890 0.60548081 0.01175740 0.00641352 0.01464420 0.01517050 0.00336384 0.00542990 0.00606709 0.06682888 0.02009529 0.00274459 0.00496834 0.00939868
25 0.03598980 0.01455010 0.00860980 0.00611861 0.01024840 0.01284600 0.01146830 0.00593113 0.01151540 0.33930597 0.15355098 0.02228250 0.04488830 0.02494670 0.00438364 0.02743740 0.02630990 0.00352592 0.01297520 0.22311598
26 0.38116006 0.02676660 0.01803910 0.01765170 0.02410580 0.02462060 0.02397790 0.09143581 0.02085380 0.02896600 0.04463621 0.02271210 0.01990220 0.00922169 0.01932590 0.12223202 0.03921801 0.00393186 0.01068760 0.05055501
27 0.04089911 0.01237450 0.00715880 0.00124950 0.00524993 0.00841621 0.00277543 0.00547027 0.00659525 0.25893504 0.24146104 0.00567655 0.18199403 0.02298860 0.00160294 0.01535000 0.02848650 0.00389745 0.00947782 0.13994102
28 0.03567649 0.04507009 0.03416979 0.09357938 0.00898998 0.05177759 0.53376886 0.02042979 0.01396630 0.01328290 0.01803790 0.02753519 0.00268903 0.01028340 0.01142920 0.03002339 0.02045269 0.00335195 0.00799270 0.01749340
29 0.01334940 0.00246571 0.00233089 0.00104392 0.01643851 0.00323460 0.00305666 0.00187993 0.00170313 0.39008913 0.12143304 0.00433816 0.02360291 0.01253770 0.00205807 0.01026800 0.01451370 0.00066634 0.00305405 0.37193613
30 0.03033109 0.09211026 0.01590539 0.09311516 0.00360699 0.02185589 0.17210993 0.02809719 0.01015790 0.13613794 0.02581439 0.31507686 0.00248677 0.00410017 0.00361355 0.02019819 0.00970788 0.00151723 0.00270484 0.01135240
31 0.11702904 0.00902049 0.02421651 0.04068291 0.00550273 0.01902091 0.01382730 0.60221519 0.01174480 0.00599726 0.01447680 0.01440820 0.00308473 0.00587171 0.00658014 0.06860722 0.02095061 0.00264926 0.00502524 0.00908892
32 0.05265060 0.00989779 0.00956016 0.01427460 0.01026130 0.01407950 0.01362530 0.00913270 0.00804687 0.19800199 0.11152299 0.01848400 0.03414900 0.02366120 0.01073330 0.02778230 0.04771810 0.00253635 0.01300600 0.37087597
33 0.03247122 0.00844309 0.00446839 0.00131871 0.00461192 0.00342006 0.00424742 0.00361011 0.00398036 0.29513919 0.31002520 0.00350428 0.07963665 0.02736782 0.00219417 0.01142501 0.02008951 0.00044321 0.00796155 0.17564211
34 0.01308411 0.21144122 0.01107021 0.00328094 0.00270964 0.01400931 0.01789932 0.00925764 0.00631443 0.00539531 0.02131742 0.00544000 0.00697339 0.00183197 0.59631561 0.03787454 0.01553292 0.00147575 0.00182745 0.01694882
35 0.00804078 0.00404718 0.00766348 0.00099815 0.00200722 0.00187518 0.00277611 0.00214562 0.02082360 0.01768800 0.06701041 0.00349680 0.01692040 0.44542306 0.00064145 0.01347690 0.01701430 0.01025860 0.32977404 0.02791870
36 0.09026118 0.06090559 0.04536849 0.05106679 0.01879230 0.03368839 0.03724689 0.03858239 0.24049495 0.04077719 0.04324219 0.03747089 0.02173580 0.04681279 0.01521370 0.04297889 0.03202649 0.01641220 0.05452909 0.03239379
37 0.14841006 0.02043811 0.02711851 0.01735441 0.01860381 0.02013691 0.01861061 0.05830632 0.01161340 0.02498321 0.02741701 0.02908231 0.01348331 0.01540861 0.02325061 0.40124216 0.07516953 0.00441350 0.01330561 0.03165201
38 0.02517730 0.02144020 0.01442530 0.00461045 0.00340537 0.00813166 0.01116910 0.00803950 0.02852590 0.02454450 0.06979370 0.01037690 0.01351020 0.13974800 0.00246181 0.02767360 0.01665300 0.01396620 0.53005401 0.02629330
39 0.04784123 0.38372822 0.01417351 0.01074521 0.01680391 0.04761333 0.04873683 0.00794148 0.17293110 0.02082611 0.01770531 0.04143752 0.00770248 0.00822611 0.00584845 0.01968461 0.01678201 0.01488041 0.08451485 0.01187731
40 0.00832559 0.00408631 0.00779267 0.00118067 0.00212397 0.00224716 0.00285019 0.00203124 0.02111832 0.01777242 0.06630797 0.00356814 0.01636702 0.44413645 0.00055898 0.01378951 0.01673902 0.01002181 0.33167233 0.02731023
41 0.07480234 0.04838743 0.03835632 0.06385023 0.00817069 0.35204918 0.06902534 0.03528022 0.02372161 0.02687311 0.01770571 0.07874374 0.01164501 0.00845459 0.01311981 0.04587782 0.02972072 0.01098701 0.00832370 0.03490542
42 0.31901195 0.00411412 0.01957400 0.00536767 0.02483130 0.00886392 0.00549186 0.04987519 0.00675053 0.00800525 0.01070030 0.00827616 0.01129580 0.00275848 0.00654719 0.42366993 0.06155389 0.00151273 0.00644815 0.01535160
43 0.02587429 0.02053340 0.01654330 0.00485356 0.00355185 0.00811848 0.01069290 0.00867091 0.02759469 0.02419810 0.07041149 0.01068200 0.01360380 0.13705997 0.00225030 0.02692209 0.01734580 0.01396460 0.53038589 0.02674259
44 0.03783473 0.01705951 0.00979639 0.00871402 0.00730465 0.00573752 0.01239401 0.00956048 0.00916305 0.10416308 0.47396335 0.01063121 0.07510116 0.04730444 0.01238501 0.01921171 0.02430222 0.00309350 0.02339312 0.08888687
45 0.01701090 0.00923023 0.01117170 0.00385337 0.00976054 0.00611455 0.01463800 0.00853885 0.02117940 0.03689760 0.11247901 0.01974850 0.02356830 0.48530505 0.00257976 0.02606190 0.01900660 0.01442790 0.11774801 0.04067980
46 0.03827479 0.01574860 0.00959630 0.00756004 0.00722339 0.00572999 0.01197620 0.00951441 0.00966831 0.10177399 0.47708593 0.00971595 0.07541969 0.04785199 0.01287250 0.02048970 0.02573010 0.00303415 0.02284220 0.08789179
47 0.07484963 0.04977542 0.03711732 0.06309233 0.00912042 0.34497115 0.07244363 0.03422692 0.02226031 0.02689091 0.01927321 0.07968034 0.01207001 0.00845933 0.01437481 0.04687592 0.02906191 0.01173451 0.00983481 0.03388711
48 0.01828289 0.00845628 0.00977821 0.00397495 0.00399454 0.00568895 0.01463609 0.00702779 0.01581199 0.12245292 0.14219690 0.01351149 0.05337996 0.21797185 0.00405737 0.02558978 0.03228958 0.00279586 0.07163675 0.22646585
49 0.16022712 0.01132441 0.16072912 0.00998381 0.00947694 0.01866581 0.01934451 0.01278441 0.00455700 0.01228371 0.00736658 0.01665301 0.00394671 0.00369283 0.00538962 0.32264625 0.20736216 0.00192843 0.00309632 0.00854124
50 0.03038701 0.01036400 0.02594991 0.50199418 0.00390721 0.02565561 0.27990410 0.01675471 0.00968690 0.00421303 0.00537195 0.02129811 0.00052510 0.00115751 0.00635024 0.02068221 0.02717691 0.00114502 0.00106542 0.00641086
51 0.03711079 0.01581620 0.01390080 0.02909910 0.00501091 0.17301097 0.03390539 0.00994625 0.01353470 0.04191469 0.03007609 0.05343519 0.02887080 0.00825407 0.00938081 0.04213559 0.06526859 0.00564499 0.00691014 0.37677394
52 0.08840712 0.06050911 0.04691691 0.05277051 0.01744300 0.03509211 0.03588071 0.04018541 0.23828205 0.04085791 0.04139921 0.03736601 0.02127150 0.05093151 0.01443650 0.04239321 0.03104271 0.01571730 0.05527311 0.03382411
53 0.03637420 0.01378520 0.00890095 0.00575950 0.01047880 0.01146890 0.01049770 0.00637188 0.01126030 0.33932200 0.15701500 0.02107450 0.04709880 0.02491230 0.00364303 0.02628010 0.02682070 0.00354403 0.01241510 0.22297700
54 0.03079689 0.01985730 0.24983496 0.02601600 0.00531204 0.02301440 0.02099190 0.01752580 0.01837140 0.20802296 0.06732519 0.06987479 0.02684900 0.01453400 0.00893479 0.09067438 0.02929020 0.00446654 0.01184350 0.05646399
55 0.37922106 0.02673450 0.01706400 0.01772580 0.02450290 0.02680160 0.02082630 0.09184521 0.02033100 0.02967840 0.04663251 0.02255180 0.02137380 0.00902510 0.01848240 0.12261402 0.03830341 0.00390475 0.01128370 0.05109771
56 0.03289379 0.05924689 0.01601560 0.01640970 0.00586065 0.19291596 0.02066440 0.01068420 0.02965029 0.30355594 0.05185099 0.06697449 0.03017359 0.00831721 0.00878011 0.03609799 0.02465709 0.01321630 0.00808394 0.06395089
57 0.14794497 0.01964980 0.02742200 0.01541800 0.02117590 0.02095380 0.02070030 0.05819439 0.01095830 0.02366380 0.02687500 0.02776580 0.01295190 0.01525350 0.02251710 0.40600893 0.07533039 0.00456038 0.01214550 0.03051029
58 0.02639761 0.00733845 0.00686666 0.01661810 0.00272693 0.01655280 0.01162400 0.00598810 0.00610839 0.05713151 0.03868611 0.02604441 0.01916050 0.01256870 0.00363824 0.04878871 0.33172008 0.00601298 0.01113960 0.34488809
59 0.03806339 0.01182850 0.00697138 0.00097454 0.00504714 0.00853136 0.00243882 0.00553506 0.00627315 0.27541994 0.22888195 0.00394280 0.19196896 0.02038190 0.00132795 0.01258520 0.02860439 0.00295950 0.00822813 0.14003597
60 0.04415362 0.11402606 0.03248522 0.04312042 0.00410573 0.05502583 0.03808132 0.02609021 0.01685461 0.03669762 0.02428581 0.38782220 0.01391311 0.01918481 0.00542787 0.05171123 0.03920782 0.00562926 0.00870732 0.03346992
61 0.01288201 0.00651137 0.00604357 0.00169908 0.00407018 0.00365720 0.00648839 0.00665682 0.00693487 0.17851020 0.18420420 0.00902668 0.03649824 0.31068534 0.00149860 0.03475314 0.01981832 0.00540850 0.06576997 0.09888331
62 0.07312040 0.04826070 0.03827030 0.06331030 0.00818009 0.35231801 0.07119170 0.03458350 0.02225740 0.02570470 0.01914410 0.07703070 0.01224970 0.00865448 0.01432560 0.04564160 0.02935960 0.01141770 0.01030770 0.03467170
63 0.03541452 0.01531691 0.00993163 0.00702145 0.01028881 0.01284711 0.01122951 0.00715438 0.01103421 0.33957723 0.15280810 0.02253542 0.04636213 0.02468742 0.00432735 0.02602992 0.02671432 0.00287163 0.01285181 0.22099615
64 0.03850068 0.02754289 0.43873180 0.05910997 0.00794830 0.03461958 0.05259878 0.04818298 0.02622009 0.01718409 0.02619049 0.04218418 0.01334259 0.01256459 0.01426679 0.05326988 0.03969668 0.00398855 0.01981329 0.02404379
65 0.02349711 0.00978685 0.00986202 0.03079341 0.00473082 0.00507931 0.00917108 0.00753449 0.02817751 0.07522803 0.45918018 0.01055500 0.02705671 0.02067791 0.00575595 0.01973781 0.17800807 0.00230756 0.00947413 0.06338602
66 0.03766038 0.04408667 0.03332028 0.09657984 0.00910715 0.04887407 0.52935467 0.02042329 0.01461519 0.01436069 0.01861509 0.02942548 0.00277057 0.01021869 0.01184329 0.03064598 0.01973699 0.00283860 0.00860558 0.01691749
67 0.03928582 0.01567451 0.05223983 0.42512326 0.00664296 0.04729443 0.13814009 0.06547304 0.02403551 0.01014761 0.01937641 0.04329563 0.00246044 0.00388833 0.00879668 0.03122052 0.03112972 0.00429986 0.00475712 0.02671822
68 0.36556100 0.00425930 0.02013330 0.00597414 0.02367970 0.01000920 0.00646676 0.05905450 0.00855489 0.00914760 0.01187860 0.00844371 0.01248020 0.00320121 0.00705937 0.35925200 0.05971740 0.00144959 0.00744942 0.01622810
69 0.07058675 0.02524152 0.03067612 0.02839232 0.00949538 0.02124332 0.02397762 0.02846952 0.01353401 0.03975443 0.04802584 0.03535913 0.01560301 0.01677751 0.01583341 0.12071909 0.35835027 0.00781600 0.01424801 0.07589676
70 0.06092712 0.03037971 0.01780451 0.00403290 0.00745160 0.01362411 0.00576424 0.00936565 0.01562431 0.11150904 0.23332609 0.02098641 0.24230709 0.03839311 0.00646869 0.03470491 0.02770691 0.00528943 0.01885661 0.09547754
71 0.02102499 0.17931195 0.12319896 0.01870299 0.00266047 0.17555295 0.01836639 0.03717149 0.02345209 0.02665599 0.01104370 0.24236393 0.00833365 0.00246505 0.00243271 0.05785178 0.03533859 0.00169498 0.00242945 0.00994789
72 0.03667010 0.01446590 0.02540080 0.39039996 0.00712430 0.03144740 0.25998197 0.01705850 0.02686600 0.00510664 0.00729337 0.02477010 0.00100184 0.00154512 0.01899370 0.10056099 0.02049880 0.00152246 0.00149444 0.00779764
73 0.03711752 0.04615272 0.03490232 0.09533644 0.00905841 0.05033672 0.52707224 0.02158891 0.01429621 0.01315871 0.01821861 0.02854921 0.00285542 0.01128741 0.01107220 0.03183921 0.01984561 0.00339885 0.00766257 0.01625071
74 0.03630468 0.04708808 0.03443158 0.09491376 0.00853506 0.05027908 0.52623477 0.02094119 0.01451969 0.01396379 0.01731289 0.02880529 0.00257043 0.01002920 0.01260839 0.03123389 0.02059309 0.00318668 0.00816777 0.01828069
75 0.01830840 0.00963242 0.01048750 0.00388759 0.00954996 0.00652349 0.01418190 0.00909290 0.02060730 0.03855721 0.11456902 0.01787090 0.02383940 0.47970308 0.00235117 0.02694270 0.01842990 0.01574180 0.11781402 0.04190931
76 0.37953815 0.02665861 0.01696261 0.01747721 0.02378611 0.02641931 0.02265721 0.09157794 0.02126991 0.03021391 0.04578922 0.02206771 0.02010481 0.00803247 0.01853681 0.12426505 0.03974382 0.00421824 0.01068990 0.04999102
77 0.03511950 0.01352630 0.00436197 0.00098535 0.00195831 0.00389373 0.00441684 0.00346538 0.00369167 0.10004099 0.50678494 0.00259297 0.20808798 0.01953140 0.00186050 0.00664017 0.00868613 0.00065630 0.00613389 0.06756569
78 0.05610536 0.05826346 0.03819887 0.04449167 0.00224071 0.32862375 0.01937119 0.02711948 0.01719909 0.02411188 0.01092759 0.27136079 0.00557172 0.00448385 0.00301694 0.02779008 0.03062088 0.00324265 0.00264409 0.02461598
79 0.31537380 0.00299426 0.04125217 0.00256249 0.02197109 0.00669071 0.00422591 0.02831338 0.00314688 0.01454199 0.00614410 0.01305139 0.00745211 0.00173216 0.00274240 0.35834477 0.15116490 0.00348349 0.00210243 0.01270959
80 0.32184489 0.00352257 0.10193897 0.00494798 0.01403900 0.01167410 0.00704624 0.01379670 0.00842289 0.00826504 0.00581681 0.01263430 0.00664556 0.00277087 0.00407038 0.34051888 0.12072796 0.00124644 0.00277762 0.00729284
81 0.02886831 0.04301192 0.06671843 0.09005844 0.00273952 0.06827593 0.04566142 0.15517406 0.01167450 0.02187551 0.01153110 0.34189414 0.00630691 0.01034230 0.00424586 0.04167422 0.01746651 0.01360251 0.00752511 0.01135330
82 0.03749449 0.00915917 0.00503052 0.00044684 0.00138072 0.00295175 0.00177616 0.00467996 0.00421477 0.26113494 0.32214892 0.00138675 0.14012397 0.02530289 0.00080881 0.00815945 0.01870950 0.00034370 0.00882174 0.14592497
83 0.04475901 0.01934400 0.02793200 0.04546741 0.00626408 0.01504240 0.01697610 0.25171904 0.01966080 0.01851420 0.03760451 0.02720830 0.00815235 0.03508831 0.00493510 0.06163651 0.02111490 0.02143330 0.29756205 0.01958560
84 0.07461590 0.04881480 0.03885840 0.06042170 0.00816231 0.34962399 0.06995400 0.03686620 0.02406100 0.02629980 0.01899640 0.07767190 0.01151540 0.00896986 0.01358090 0.04627860 0.03030270 0.01194460 0.00787845 0.03518310
85 0.03710291 0.04377691 0.03335191 0.09599472 0.00837425 0.05032501 0.53453314 0.02012911 0.01417340 0.01414190 0.01769740 0.02632011 0.00246529 0.01047380 0.01259640 0.03085351 0.01994711 0.00244248 0.00757692 0.01772370
86 0.02976842 0.00658159 0.00566093 0.00219847 0.00541163 0.00379574 0.00514456 0.00397417 0.00647417 0.19002014 0.39044429 0.00419149 0.06433365 0.03034332 0.01313541 0.01057251 0.01881541 0.00078841 0.01020251 0.19814315
87 0.00901352 0.00159695 0.00168221 0.00060304 0.01836270 0.00249377 0.00267152 0.00129391 0.00110107 0.41224792 0.11007798 0.00287289 0.01687320 0.00930618 0.00134585 0.00771852 0.01142550 0.00035824 0.00195014 0.38700492
88 0.05582600 0.42950697 0.02568070 0.01579440 0.01075640 0.03785930 0.05933460 0.01553490 0.02770180 0.02228670 0.03868920 0.10602399 0.01742970 0.00942859 0.02175410 0.03483870 0.02762350 0.00938519 0.01761450 0.01693080
89 0.14968801 0.01928850 0.02753920 0.01626420 0.02011100 0.02040770 0.01843250 0.05936361 0.01077200 0.02457960 0.02707610 0.02732530 0.01431220 0.01397920 0.02215830 0.40551004 0.07627901 0.00389291 0.01182490 0.03119570
90 0.03094569 0.01172730 0.02759309 0.48725289 0.00424250 0.02643869 0.28469793 0.01803210 0.00993682 0.00455540 0.00565892 0.02347549 0.00063867 0.00104162 0.00631897 0.02101480 0.02772709 0.00124607 0.00099780 0.00645816
91 0.05474759 0.00855228 0.01049430 0.01462480 0.00951317 0.01430370 0.01317650 0.00977791 0.00827918 0.19258697 0.11159799 0.01877470 0.03438610 0.02315700 0.01080360 0.02969850 0.05013819 0.00291809 0.01257650 0.36989295
92 0.03776103 0.01711531 0.00907663 0.00799011 0.00645936 0.00622211 0.01195531 0.00934337 0.00981007 0.10411207 0.47253634 0.01129311 0.07467905 0.04839993 0.01170191 0.02027211 0.02493712 0.00426048 0.02322022 0.08885436
93 0.04469600 0.11513299 0.03329690 0.04372090 0.00405206 0.05461880 0.03969500 0.02698470 0.01697940 0.03545370 0.02370710 0.38895697 0.01418620 0.01958540 0.00523284 0.05109660 0.03741780 0.00586911 0.00819856 0.03111900
94 0.01792970 0.00306303 0.00263872 0.00044105 0.01059280 0.00181342 0.00215385 0.00193834 0.00204968 0.36885295 0.19588997 0.00150440 0.04706559 0.01920330 0.00153592 0.00816589 0.01576160 0.00020500 0.00457785 0.29461696
95 0.03789853 0.02848012 0.44408332 0.05855234 0.00781788 0.03448622 0.05201194 0.04915953 0.02536632 0.01699801 0.02461412 0.04033543 0.01304701 0.01366051 0.01268611 0.05279454 0.04052613 0.00393112 0.02030961 0.02324122
96 0.04619042 0.11559004 0.03191601 0.04443252 0.00417843 0.05538492 0.03890401 0.02693771 0.01700771 0.03692981 0.02468661 0.38990814 0.01374570 0.01680231 0.00492331 0.04876402 0.03838551 0.00546175 0.00833716 0.03151391
97 0.01780520 0.00309058 0.00258665 0.00032133 0.01060590 0.00178261 0.00217235 0.00212996 0.00203097 0.36906698 0.19613599 0.00153173 0.04788430 0.01918850 0.00142564 0.00821069 0.01602240 0.00020802 0.00491422 0.29288599
98 0.03896120 0.01721250 0.00853250 0.00815834 0.00739692 0.00633146 0.01245530 0.00992475 0.00864276 0.10445800 0.47114998 0.01195220 0.07486730 0.04939830 0.01164490 0.02028660 0.02535250 0.00408661 0.02182270 0.08736520
99 0.08458594 0.01970841 0.29973214 0.02062341 0.00969656 0.02897941 0.03675982 0.03366252 0.01109801 0.02647771 0.01481711 0.04975882 0.00964795 0.00686014 0.01318991 0.22485310 0.08552424 0.00311448 0.00733351 0.01357681
100 0.04272875 0.10160311 0.03071973 0.08920920 0.00263829 0.02894693 0.16031217 0.03173603 0.00888490 0.04164195 0.02082782 0.37539741 0.00391670 0.00639230 0.00369108 0.02383093 0.01224021 0.00176053 0.00313083 0.01039111
101 0.03610799 0.04538789 0.03490819 0.09250587 0.00877836 0.05077558 0.53291183 0.02128999 0.01400090 0.01408770 0.01737249 0.02886389 0.00289358 0.00984260 0.01194730 0.02965929 0.01998549 0.00316815 0.00902542 0.01648749
102 0.03844793 0.08005316 0.04336363 0.02371172 0.00379043 0.03269952 0.01929741 0.02190952 0.01915021 0.04993483 0.01546521 0.31722922 0.01162311 0.01531191 0.00582627 0.18486813 0.06777605 0.00730437 0.00598715 0.03625023
103 0.03828240 0.01653110 0.00880642 0.00809827 0.00726692 0.00616066 0.01139380 0.00992224 0.00928974 0.10425599 0.47573096 0.01099770 0.07481819 0.04776040 0.01274040 0.01992590 0.02307320 0.00449394 0.02184000 0.08861179
104 0.14687713 0.00695157 0.01238261 0.00808214 0.00880421 0.01087671 0.00805410 0.46393442 0.00867782 0.00294272 0.01138161 0.00873211 0.00250778 0.00618464 0.00472656 0.24955322 0.02685062 0.00166442 0.00399992 0.00681569
105 0.25386900 0.11211200 0.01671130 0.07177370 0.01783690 0.02758430 0.26182400 0.01932310 0.02113240 0.01427450 0.02498740 0.04161370 0.00574655 0.01026140 0.00798278 0.04480410 0.01934960 0.00384235 0.00584071 0.01913020
106 0.03570719 0.04478839 0.03325579 0.09316388 0.00940949 0.05175509 0.53410591 0.02087220 0.01343230 0.01338110 0.01758820 0.02858360 0.00244986 0.00988664 0.01277520 0.03021149 0.01968820 0.00278227 0.00935501 0.01680820
107 0.03653116 0.01453488 0.00920653 0.00602721 0.01077799 0.01236059 0.01047149 0.00661415 0.01061279 0.34183561 0.15295183 0.02110138 0.04416915 0.02463247 0.00456485 0.02684167 0.02746317 0.00367036 0.01297499 0.22265775
108 0.03696439 0.04846818 0.01500479 0.02024319 0.00493995 0.03630209 0.01613279 0.01937079 0.03358899 0.02569259 0.04371868 0.02336079 0.01668109 0.08289577 0.01090460 0.03282569 0.03639819 0.41528185 0.06019338 0.02103219
109 0.01382960 0.00236591 0.00245179 0.00122001 0.01644680 0.00286657 0.00320559 0.00187519 0.00175301 0.38889995 0.12073499 0.00481089 0.02422000 0.01178730 0.00197522 0.01069210 0.01536080 0.00063760 0.00307774 0.37178895
110 0.06123591 0.02925770 0.01811670 0.00393216 0.00668742 0.01380230 0.00591588 0.00950043 0.01572000 0.11060902 0.23173104 0.02155680 0.24567704 0.03846851 0.00690881 0.03390931 0.02738660 0.00568254 0.01798830 0.09591352
111 0.05400092 0.02144631 0.02337041 0.00505950 0.00606033 0.01140470 0.02214681 0.01205160 0.00812387 0.02521841 0.36150014 0.00695722 0.01356471 0.00700720 0.23563909 0.07001103 0.01206010 0.00246729 0.00682611 0.09508424
112 0.03948243 0.01608691 0.00846280 0.00833642 0.00767671 0.00629912 0.01239181 0.00990448 0.00958474 0.10531308 0.47200037 0.01103301 0.07325626 0.04502734 0.01192911 0.02127702 0.02473232 0.00406590 0.02279212 0.09034807
113 0.14694208 0.01928221 0.02697452 0.01721281 0.02071811 0.02002981 0.01973411 0.06110303 0.01105501 0.02405711 0.02794632 0.02828682 0.01372041 0.01521691 0.02134061 0.40277023 0.07509494 0.00427473 0.01224751 0.03199272
114 0.07637565 0.04839343 0.04046543 0.06442364 0.00827072 0.35170422 0.06869754 0.03386602 0.02261451 0.02542662 0.01839211 0.07837475 0.01102301 0.00818491 0.01330571 0.04657493 0.02958712 0.01183581 0.00915008 0.03333382
115 0.05354474 0.00890668 0.01032551 0.01451191 0.00997560 0.01481281 0.01347861 0.00899796 0.00823565 0.19563016 0.11297209 0.01882032 0.03488983 0.02246422 0.01056021 0.02982952 0.04713944 0.00239833 0.01294711 0.36955930
116 0.06354866 0.02454999 0.05731057 0.04880117 0.33529181 0.01646769 0.22823187 0.03742758 0.02248429 0.01086799 0.02913538 0.01047259 0.00468143 0.01045189 0.00983494 0.04985797 0.01702879 0.00354340 0.00577610 0.01423589
117 0.07503270 0.04908380 0.03644890 0.06481760 0.00889909 0.34872699 0.06815930 0.03721150 0.02229630 0.02638860 0.01842820 0.07880590 0.01240130 0.00821870 0.01351910 0.04720590 0.02957970 0.01128000 0.00904264 0.03445380
118 0.30993006 0.00306079 0.00643706 0.00365809 0.00470281 0.02655501 0.00275306 0.46937609 0.00577113 0.00271900 0.00969580 0.00346033 0.00158142 0.00202606 0.00319995 0.07181901 0.06630971 0.00157870 0.00129887 0.00406704
119 0.03998553 0.01705851 0.00896517 0.00734300 0.00750682 0.00571146 0.01189441 0.01004961 0.00971489 0.10548107 0.47229933 0.01049801 0.07346655 0.04949783 0.01284291 0.01923571 0.02333102 0.00324721 0.02176492 0.09010606
120 0.38050012 0.02595231 0.01709001 0.01861461 0.02406721 0.02532591 0.02296631 0.08764933 0.01901781 0.03011381 0.04505791 0.02304801 0.02045011 0.00816901 0.02083511 0.12177604 0.03922721 0.00458788 0.01183600 0.05371532
121 0.38291498 0.02499000 0.01754860 0.01736080 0.02460630 0.02481430 0.02161500 0.08640219 0.01921690 0.02988700 0.04488080 0.02206050 0.02047130 0.00842547 0.02018030 0.12825499 0.04001880 0.00403265 0.00982534 0.05249380
122 0.11752504 0.00920193 0.02452911 0.04047702 0.00544853 0.01946231 0.01482101 0.59956023 0.01188740 0.00715418 0.01434771 0.01441061 0.00343014 0.00604785 0.00603712 0.06826423 0.02002401 0.00291034 0.00485290 0.00960833
123 0.04635349 0.01026190 0.00926679 0.00493373 0.00661272 0.01045970 0.01075470 0.00641524 0.00872084 0.30232995 0.11549298 0.01681670 0.04616759 0.02010160 0.00356225 0.06450629 0.16041797 0.00847560 0.00738499 0.14096498
124 0.03249251 0.00825243 0.00492212 0.00165950 0.00641269 0.00409004 0.00434361 0.00368574 0.00433933 0.32011607 0.25999006 0.00439673 0.06902882 0.02821461 0.00251174 0.01295650 0.02013510 0.00050111 0.00893123 0.20302005
125 0.02755730 0.00518551 0.00507641 0.00196549 0.00644947 0.00335117 0.00431106 0.00330302 0.00620661 0.21734802 0.34377803 0.00413571 0.05529341 0.02610620 0.01215490 0.00982769 0.01851360 0.00065175 0.00854461 0.24024002
126 0.06093000 0.02958780 0.01748420 0.00352212 0.00679825 0.01389180 0.00532378 0.00897749 0.01582810 0.11213301 0.23286601 0.02091870 0.24280501 0.03968820 0.00805686 0.03502450 0.02726170 0.00495834 0.01856300 0.09538111
127 0.15044707 0.01857021 0.02502761 0.01670681 0.02051981 0.02047161 0.01985561 0.05995313 0.01112991 0.02469061 0.02657171 0.02798161 0.01300481 0.01540291 0.02312381 0.40495819 0.07260663 0.00424624 0.01264391 0.03208781
128 0.03964030 0.02831830 0.43765801 0.05823090 0.00796715 0.03536560 0.05282870 0.05179200 0.02581910 0.01725140 0.02352180 0.04139220 0.01328180 0.01274190 0.01225900 0.05328210 0.04079230 0.00405482 0.01975590 0.02404670
129 0.04018528 0.01649939 0.00905333 0.00764800 0.00666273 0.00617532 0.01175339 0.01030570 0.00914298 0.10794395 0.47204280 0.01107470 0.07320517 0.04563308 0.01130190 0.02031479 0.02384009 0.00340207 0.02339559 0.09041976
130 0.01438980 0.00231044 0.00233080 0.00093352 0.01625170 0.00310579 0.00320073 0.00175159 0.00186221 0.38918302 0.12365001 0.00470086 0.02526660 0.01188010 0.00213724 0.01116290 0.01508840 0.00057320 0.00292906 0.36729202
131 0.05603802 0.43016619 0.02625501 0.01528461 0.01134190 0.03742572 0.05803493 0.01544491 0.02816201 0.02320721 0.03870112 0.10326305 0.01856801 0.00983842 0.02041121 0.03560672 0.02883611 0.00895314 0.01835021 0.01611151
132 0.02487460 0.01017480 0.01047170 0.03310230 0.00503615 0.00545835 0.00895294 0.00771847 0.02670320 0.08126521 0.43251006 0.01116610 0.02956920 0.02316190 0.00548451 0.02249440 0.18257503 0.00218453 0.01182080 0.06527571
133 0.03914680 0.01526400 0.05494920 0.42521897 0.00682801 0.04547970 0.13661299 0.06703649 0.02535730 0.01091940 0.01812000 0.04255110 0.00252877 0.00383316 0.00851857 0.03104630 0.03111420 0.00438382 0.00482755 0.02626370
134 0.01728800 0.00289152 0.00265743 0.00037869 0.01126140 0.00174617 0.00222660 0.00199883 0.00204573 0.36555410 0.19226705 0.00149302 0.04526411 0.01911751 0.00217829 0.00800901 0.01544560 0.00021071 0.00499714 0.30296908
135 0.04052364 0.01758362 0.00934003 0.00742603 0.00736190 0.00571735 0.01164351 0.00973681 0.00892227 0.10678111 0.47076347 0.01043111 0.07280157 0.04970495 0.01168861 0.01944172 0.02363412 0.00403027 0.02228732 0.09018059
136 0.02537070 0.02138410 0.01578470 0.00533255 0.00357426 0.00874036 0.00988982 0.00816533 0.02844120 0.02371830 0.06980840 0.01014690 0.01282100 0.13698300 0.00243737 0.02805870 0.01791630 0.01523570 0.53018401 0.02600730
137 0.03832920 0.01720070 0.00939697 0.00763904 0.00725375 0.00606315 0.01154690 0.01042510 0.00899987 0.10475299 0.47172697 0.01120020 0.07447549 0.04784360 0.01254270 0.02106190 0.02421230 0.00412429 0.02346910 0.08773579
138 0.01770452 0.00946098 0.01121931 0.00400332 0.01057991 0.00634187 0.01491861 0.00917897 0.02123572 0.03727193 0.10958209 0.01861212 0.02413262 0.48428741 0.00211244 0.02800332 0.01898612 0.01445801 0.11825810 0.03965263
139 0.11526796 0.00906173 0.02370029 0.04025298 0.00470485 0.01954049 0.01334109 0.60569476 0.01238400 0.00603122 0.01514779 0.01406249 0.00364980 0.00590962 0.00686427 0.06519977 0.02055589 0.00326332 0.00557536 0.00979232
140 0.01678021 0.01018131 0.00997088 0.00347218 0.00975566 0.00602485 0.01457191 0.00869218 0.02116942 0.03712503 0.11377810 0.01867912 0.02387772 0.48125543 0.00242000 0.02770152 0.01843822 0.01643611 0.11938111 0.04028904
141 0.08143602 0.02426601 0.01506920 0.00762427 0.14384903 0.01564890 0.01096700 0.01208960 0.01868980 0.07456852 0.06896912 0.01569910 0.29617607 0.02058380 0.00713173 0.04574691 0.07467102 0.00480556 0.01019460 0.05181371
142 0.05205293 0.00909528 0.01094971 0.01643291 0.00966721 0.01417801 0.01319051 0.00866927 0.00850141 0.19406913 0.11274508 0.01956591 0.03405562 0.02528452 0.01065351 0.03023822 0.04871113 0.00260430 0.01349111 0.36584425
143 0.11571401 0.00981986 0.02561000 0.04174301 0.00548954 0.01899210 0.01362750 0.60078707 0.01181410 0.00556398 0.01555010 0.01442460 0.00338026 0.00627480 0.00683270 0.06665101 0.01963440 0.00271015 0.00575794 0.00962285
144 0.36876700 0.00464392 0.02078920 0.00540765 0.02367960 0.00929305 0.00677038 0.05588590 0.00936507 0.00867191 0.01147900 0.00790501 0.01192070 0.00334349 0.00683306 0.36174100 0.05815850 0.00140861 0.00746275 0.01647420
145 0.28399027 0.00269453 0.00498486 0.00303807 0.01257571 0.00806804 0.00405836 0.32965631 0.00737986 0.00219243 0.01055961 0.00289941 0.00194671 0.00310053 0.00494391 0.27930426 0.02982473 0.00067858 0.00263181 0.00547198
146 0.06320401 0.01330390 0.02231070 0.00267768 0.00436435 0.00607259 0.01869420 0.00822579 0.00606692 0.04354581 0.39658208 0.00460560 0.01102070 0.00650136 0.16932404 0.02820041 0.00742728 0.00125948 0.00450604 0.18210704
147 0.31842704 0.00381335 0.01924830 0.00493182 0.02544340 0.00904392 0.00594133 0.04915591 0.00681011 0.00774007 0.00946105 0.00759400 0.01093830 0.00268853 0.00617201 0.42909505 0.06184111 0.00130678 0.00580932 0.01453860
148 0.07489219 0.02772180 0.02396450 0.03107199 0.00647111 0.02189050 0.02251920 0.30818994 0.02205580 0.20744996 0.05053849 0.03270889 0.02063820 0.01671220 0.01078190 0.04026029 0.02509320 0.00681207 0.01023130 0.03999649
149 0.03925682 0.01779541 0.00917900 0.00793980 0.00741958 0.00580279 0.01195531 0.00986487 0.00960342 0.10352006 0.47331228 0.01100121 0.07332004 0.04781063 0.01241021 0.01978261 0.02352821 0.00378537 0.02428851 0.08842385
150 0.03947268 0.01557729 0.00575680 0.00107461 0.00218861 0.00476468 0.00368187 0.00384569 0.00464292 0.11094695 0.45752079 0.00338113 0.22103490 0.02164649 0.00223533 0.00814648 0.01094790 0.00065537 0.00780426 0.07467527
151 0.04732162 0.03580252 0.01696531 0.00970280 0.00495359 0.01678951 0.02291991 0.01464291 0.01070771 0.01130131 0.03837032 0.00767236 0.00692693 0.00386465 0.63087532 0.05733553 0.03074582 0.00283058 0.00254928 0.02772201
152 0.05603840 0.43141103 0.02530750 0.01475360 0.01092460 0.03726650 0.05845580 0.01503490 0.02853300 0.02231430 0.04091970 0.10072701 0.01848130 0.01046930 0.01917290 0.03500350 0.03049600 0.00928222 0.01873120 0.01667720
153 0.04811807 0.03540198 0.01636329 0.00992722 0.00532416 0.01555739 0.02291509 0.01361959 0.01026129 0.01059429 0.04044508 0.00747352 0.00787930 0.00370087 0.63105362 0.05744226 0.03022128 0.00315557 0.00303446 0.02751168
154 0.01773799 0.00998995 0.01105689 0.00351771 0.00983272 0.00625502 0.01442199 0.00892107 0.02183359 0.03684788 0.10973994 0.01881829 0.02469889 0.47827075 0.00268634 0.02762949 0.01934359 0.01697079 0.12051994 0.04090718
155 0.44567900 0.00790740 0.00385117 0.00381954 0.00566539 0.00524637 0.00319925 0.18809900 0.02474290 0.01320390 0.04435250 0.00371268 0.00192840 0.00617640 0.10678500 0.03387190 0.00778676 0.00121730 0.00171835 0.09103680
156 0.03817110 0.03003190 0.44499900 0.05647250 0.00738032 0.03315370 0.05113790 0.04809460 0.02569200 0.01735310 0.02481720 0.04006020 0.01314100 0.01325990 0.01344460 0.05408100 0.04014470 0.00418247 0.02083360 0.02354920
157 0.03407028 0.00821216 0.00672886 0.00047818 0.00135675 0.00278692 0.00211384 0.00387140 0.00565083 0.19649087 0.37786375 0.00177630 0.14410090 0.03237668 0.00203153 0.00742417 0.01564469 0.00042249 0.00981152 0.14678790
158 0.01532339 0.00811630 0.00997160 0.00305911 0.00406102 0.00488973 0.01578159 0.00650038 0.01817419 0.09350197 0.14063695 0.01211250 0.05034388 0.30659890 0.00295584 0.02514479 0.02690459 0.00361546 0.09037687 0.16193094
159 0.00927956 0.00158529 0.00157129 0.00057711 0.01801320 0.00221719 0.00276857 0.00120128 0.00127205 0.41170801 0.11156200 0.00294854 0.01794040 0.00932626 0.00135137 0.00785860 0.01219550 0.00034957 0.00203821 0.38423601
160 0.01885111 0.02989291 0.35009016 0.04082792 0.00695701 0.02968691 0.17495108 0.07049253 0.00987389 0.01134121 0.00939026 0.16144107 0.00439887 0.00311251 0.00505764 0.04046292 0.02026011 0.00216092 0.00466998 0.00608097
161 0.02592610 0.02093280 0.01641090 0.00531913 0.00362526 0.00898930 0.01121060 0.00750301 0.02765160 0.02544870 0.07163350 0.01031330 0.01328180 0.13581300 0.00236781 0.02558560 0.01721780 0.01480820 0.52931099 0.02665060
162 0.02647400 0.02121620 0.01621570 0.00552893 0.00366437 0.00811445 0.01158340 0.00790357 0.02826800 0.02370220 0.06843611 0.01050970 0.01261760 0.13875101 0.00234220 0.02670800 0.01772260 0.01468780 0.52942504 0.02612910
163 0.37901982 0.02511549 0.01725479 0.01745439 0.02546409 0.02642089 0.02247909 0.08730616 0.02057029 0.02920419 0.04441188 0.02211169 0.02011649 0.00842547 0.01911609 0.12949494 0.03949768 0.00421281 0.01115209 0.05117168
164 0.01888800 0.00510597 0.00444757 0.01695780 0.00196474 0.01540680 0.01140950 0.00475688 0.00357216 0.03241740 0.02082160 0.02147640 0.01035170 0.00655784 0.00259092 0.03854991 0.35975605 0.00482796 0.00604572 0.41409506
165 0.03875784 0.01577652 0.05280006 0.42429949 0.00698098 0.04811346 0.13486816 0.06763708 0.02507303 0.01017721 0.01984572 0.04330925 0.00273264 0.00376077 0.00845993 0.02981353 0.03229894 0.00376555 0.00505791 0.02647193
166 0.03584069 0.01422719 0.00891860 0.00653464 0.01074930 0.01163280 0.01062120 0.00613895 0.01046500 0.33872687 0.15645894 0.02196999 0.04630868 0.02327379 0.00462887 0.02695929 0.02710459 0.00274132 0.01283040 0.22386891
167 0.13296107 0.00578332 0.00789979 0.00509218 0.01057561 0.00845486 0.00462088 0.42323024 0.00708909 0.00243092 0.00871138 0.00561942 0.00166873 0.00548762 0.00353453 0.32739318 0.02925822 0.00114182 0.00382199 0.00522511
168 0.05185102 0.00947465 0.01148580 0.01563200 0.00966588 0.01501130 0.01317820 0.00959041 0.00875478 0.19172206 0.11181303 0.01949221 0.03535541 0.02331801 0.01035160 0.02990691 0.04842502 0.00226467 0.01149790 0.37120912
169 0.07541612 0.04588331 0.03826641 0.06004311 0.00845452 0.35050308 0.07204392 0.03699781 0.02240560 0.02624811 0.01932270 0.07789602 0.01250960 0.00862548 0.01408290 0.04661331 0.02948871 0.01201640 0.00995218 0.03323071
170 0.03918181 0.22439104 0.01636210 0.00674678 0.00580298 0.01951000 0.01564940 0.00896863 0.01080200 0.05773111 0.37127307 0.02924201 0.06587761 0.01755650 0.01523390 0.02296400 0.01598630 0.00928871 0.01364210 0.03378991
171 0.05847554 0.43133429 0.02708252 0.01569061 0.01142641 0.03623452 0.06177184 0.01592081 0.02834142 0.02272642 0.03880053 0.10128607 0.01743961 0.01029711 0.01935091 0.03423902 0.02746532 0.00814054 0.01706061 0.01691591
172 0.01794138 0.00312372 0.00252799 0.00034787 0.01061589 0.00185904 0.00211565 0.00204623 0.00199988 0.36774066 0.19761582 0.00127064 0.04913066 0.01909878 0.00142969 0.00825153 0.01618169 0.00023024 0.00462892 0.29184373
173 0.03977903 0.01567181 0.05341544 0.42206332 0.00623484 0.04800894 0.13500210 0.06898875 0.02589202 0.01034561 0.01944321 0.04197043 0.00228697 0.00499622 0.00869168 0.03000742 0.03033642 0.00412338 0.00482786 0.02791452
174 0.03650421 0.04557121 0.03367551 0.09438723 0.00894121 0.05140751 0.53486115 0.02080941 0.01393580 0.01291130 0.01596870 0.02764091 0.00281514 0.00928259 0.01161610 0.03066241 0.02011941 0.00309116 0.00845322 0.01734580
175 0.03793521 0.01651990 0.05319631 0.42519406 0.00655859 0.04766461 0.13697802 0.06437691 0.02516730 0.01046730 0.01897790 0.04310521 0.00223283 0.00425789 0.00860849 0.02918370 0.03122620 0.00456943 0.00497543 0.02880470
176 0.03954072 0.01557861 0.05162392 0.42420216 0.00621384 0.04609782 0.13621905 0.06943353 0.02519621 0.01030670 0.01920001 0.04309992 0.00254312 0.00416476 0.00794364 0.03031521 0.03167941 0.00474099 0.00529527 0.02660511
177 0.05355738 0.00939287 0.01027820 0.01599749 0.00958984 0.01449199 0.01340500 0.00938730 0.00838148 0.19433593 0.10977396 0.01939849 0.03441149 0.02216769 0.01063840 0.03165979 0.04945028 0.00251486 0.01156370 0.36960387
178 0.28981001 0.01031420 0.00724044 0.00707152 0.27475201 0.01041750 0.01471460 0.01620820 0.01606050 0.03718640 0.04385140 0.00782239 0.01474040 0.00628514 0.01992040 0.05607050 0.02638750 0.00234320 0.00486067 0.13394301
179 0.01830751 0.00825669 0.01144200 0.03553171 0.00194559 0.18520007 0.64028924 0.01075620 0.00539683 0.00363635 0.00322271 0.00803586 0.00089124 0.00171227 0.01487021 0.01542571 0.01551461 0.00316040 0.00360419 0.01280060
