1 0.36166901 0.00929396 0.00988395 0.01612230 0.05335980 0.01253640 0.01570760 0.07886610 0.00561823 0.02876670 0.03444580 0.00737785 0.00976319 0.00669842 0.02344690 0.18637300 0.07034190 0.00142392 0.00514476 0.06316020
2 0.15710498 0.02815220 0.10287099 0.04834339 0.06611359 0.04421249 0.03382880 0.05374459 0.03019220 0.02468160 0.04422889 0.04060909 0.01445130 0.01331280 0.02634470 0.14097598 0.06751619 0.00492844 0.01653050 0.04185729
3 0.28224809 0.01525670 0.02110141 0.02090321 0.02963171 0.01865601 0.02311711 0.08765153 0.00878029 0.02806511 0.02891471 0.01602451 0.01180040 0.01131810 0.03022771 0.21289207 0.09735883 0.00250450 0.00767649 0.04587151
4 0.06881062 0.01462621 0.01186720 0.00906380 0.01558621 0.01168600 0.01680781 0.01640511 0.00810134 0.22498408 0.15747906 0.01554941 0.03352451 0.03552671 0.01035370 0.03267361 0.04078041 0.00366380 0.01635831 0.25615209
5 0.06539933 0.01008309 0.00583620 0.00265672 0.01234119 0.00770162 0.00734505 0.01003249 0.00611001 0.22536577 0.24636575 0.00736808 0.05592234 0.04222526 0.00699689 0.02397018 0.03463686 0.00272420 0.01012919 0.21678978
6 0.08416481 0.04568621 0.03123650 0.02219840 0.02102040 0.08818701 0.06057651 0.02160060 0.02371800 0.06710051 0.06194541 0.06458871 0.03250770 0.01308880 0.02224120 0.07964731 0.12139602 0.00375785 0.02519700 0.11014102
7 0.14965307 0.03195562 0.04783162 0.03904692 0.02375811 0.03341792 0.04000402 0.07457244 0.01801711 0.03317052 0.03800102 0.03855902 0.01888811 0.01748811 0.03396922 0.19672909 0.10134905 0.00502652 0.01649131 0.04207122
8 0.04689432 0.17022106 0.04994752 0.03933911 0.01226990 0.06269462 0.06763402 0.03996581 0.02781581 0.02663311 0.03887481 0.20761507 0.02405661 0.01053880 0.02036641 0.05770462 0.04842622 0.00378196 0.01353360 0.03168661
9 0.06367800 0.03993220 0.03676540 0.08862860 0.01156440 0.06205830 0.16280601 0.02834710 0.02024880 0.09461080 0.05618570 0.05841350 0.02355780 0.01224190 0.02366840 0.05506820 0.06088770 0.00414455 0.02061120 0.07658140
10 0.14113597 0.01774420 0.04153289 0.02272560 0.01809550 0.02409349 0.02311750 0.03571229 0.01295150 0.02911249 0.02547119 0.02352710 0.01845970 0.01583730 0.02405839 0.26152695 0.22151795 0.00231608 0.00668783 0.03437609
11 0.08645128 0.12208011 0.05165475 0.03548283 0.01885702 0.05152535 0.04675464 0.05328235 0.02305392 0.02718472 0.02814643 0.07789387 0.01675281 0.01264691 0.03846233 0.18266616 0.07685917 0.00619152 0.01555031 0.02850353
12 0.04342659 0.00962599 0.00530011 0.00143391 0.00931871 0.00594007 0.00551658 0.00675590 0.00610357 0.23102692 0.27570191 0.00642950 0.06395708 0.04880438 0.00466442 0.01473419 0.03099819 0.00293048 0.01123660 0.21609493
13 0.05860839 0.03117349 0.12693297 0.07289858 0.01986270 0.03354289 0.04950559 0.16714696 0.02723789 0.01678900 0.03007059 0.05864039 0.01220070 0.01480940 0.02178489 0.12494897 0.09625308 0.00409087 0.00803846 0.02546419
14 0.03983769 0.01045040 0.00494642 0.00146014 0.00762158 0.00609891 0.00498376 0.00635743 0.00682759 0.19715397 0.33462895 0.00642945 0.08005669 0.06041819 0.00495505 0.01437030 0.03037610 0.00326481 0.01184760 0.16791498
15 0.03922192 0.01715311 0.01198411 0.01063120 0.01564961 0.02123941 0.01554961 0.01533581 0.02912981 0.09394324 0.17188708 0.01822201 0.08377194 0.13578006 0.00818175 0.03686972 0.04038982 0.01913211 0.14023406 0.07569363
16 0.03419872 0.01205971 0.00607847 0.00459489 0.01153941 0.00918858 0.00541894 0.00868663 0.02150121 0.10738707 0.29054520 0.00850887 0.07316735 0.14506010 0.00545806 0.01835261 0.02797952 0.01938451 0.11025308 0.08063706
17 0.06999277 0.06641037 0.02993879 0.04383118 0.01016510 0.04653988 0.06003717 0.03431708 0.02087939 0.02596839 0.04234948 0.09124886 0.01520689 0.00869600 0.26872087 0.07895426 0.04539308 0.00629469 0.00960189 0.02545389
18 0.05243659 0.02651620 0.01477670 0.01355140 0.01194370 0.02552710 0.02489010 0.02274050 0.01362630 0.12073799 0.24183297 0.03688870 0.09881929 0.05627119 0.01724800 0.04569259 0.05003719 0.00542681 0.02313330 0.09790339
19 0.20615594 0.02190109 0.03745949 0.10804497 0.02722129 0.02806749 0.05145159 0.07003978 0.01526740 0.02182249 0.03834109 0.02725229 0.01896959 0.05974098 0.02993339 0.11287797 0.05830168 0.00559488 0.02119859 0.04035799
20 0.06593140 0.05040820 0.05084140 0.14942801 0.00814702 0.06268660 0.20874201 0.04719330 0.02546750 0.02747280 0.02726680 0.07141370 0.01511940 0.00820553 0.02518540 0.06473020 0.04679630 0.00257929 0.01218730 0.03019780
21 0.06641479 0.02744960 0.08865108 0.20344597 0.01562700 0.03938549 0.14033298 0.04657709 0.01823420 0.02176440 0.02553420 0.04514339 0.01378690 0.00981571 0.02179330 0.09088248 0.08588949 0.00272587 0.00988919 0.02665690
22 0.06045700 0.03507570 0.08347319 0.23015798 0.01097170 0.04355960 0.18116999 0.05153730 0.02101360 0.01809230 0.02051580 0.05073460 0.00964564 0.01039620 0.02354460 0.07299029 0.04009300 0.00280254 0.01304050 0.02072850
23 0.02881279 0.33091289 0.04396629 0.01993349 0.00909942 0.06078098 0.03701309 0.02098579 0.03363609 0.01568859 0.02602619 0.25042192 0.01380410 0.00480889 0.00815043 0.03552509 0.02396269 0.00110548 0.01556590 0.01979989
24 0.08725603 0.03225221 0.03009291 0.03558381 0.01778831 0.02667731 0.02694171 0.16398105 0.03408541 0.02683251 0.04919831 0.02645421 0.01645380 0.09122323 0.01542120 0.09919383 0.02673651 0.02804851 0.13162904 0.03415011
25 0.16461111 0.02071721 0.01505191 0.02032661 0.02250462 0.02668622 0.02954922 0.04357883 0.01153331 0.08102115 0.13866409 0.02652342 0.06994795 0.03234202 0.03490352 0.09450646 0.06604814 0.00437653 0.01582981 0.08127785
26 0.04513022 0.16704909 0.05222003 0.02163971 0.01400861 0.05232183 0.04498602 0.03676482 0.02449371 0.02998312 0.03814952 0.19104210 0.02618081 0.04077272 0.01867511 0.05701563 0.07973914 0.00432368 0.01377651 0.04172762
27 0.04821381 0.09704903 0.06594152 0.14953204 0.01099990 0.05764861 0.15067304 0.04540101 0.02736381 0.01623670 0.02167871 0.13094003 0.01188790 0.00763866 0.02279251 0.06671722 0.03779751 0.00340398 0.01014130 0.01794270
28 0.25527585 0.02315809 0.01888399 0.02633478 0.02849818 0.02285659 0.03370418 0.09259115 0.01090929 0.04973797 0.05589047 0.02412029 0.01694169 0.01609879 0.03604628 0.13648292 0.06757286 0.00341047 0.01224939 0.06923676
29 0.04693125 0.01761092 0.01090441 0.00704519 0.00962081 0.01358291 0.01097021 0.01271561 0.01165301 0.14835616 0.32826735 0.01547842 0.07938738 0.07096868 0.01043471 0.02402583 0.03424104 0.00551007 0.02171392 0.12058213
30 0.02841030 0.00802769 0.00754346 0.00584410 0.01359200 0.00822309 0.00381683 0.00811307 0.03899430 0.05948570 0.18458400 0.00699969 0.03921150 0.24391500 0.00346688 0.01782980 0.02022480 0.03639200 0.20738900 0.05793680
31 0.07490710 0.04077100 0.03576960 0.09366511 0.00916441 0.03356320 0.07216830 0.03051540 0.01947690 0.01739380 0.03565120 0.04538350 0.01403050 0.01024080 0.31028602 0.08111460 0.04008650 0.00408129 0.00815324 0.02357750
32 0.18412508 0.01878151 0.04163112 0.03226591 0.02149401 0.01770291 0.02181111 0.23371110 0.00998153 0.01590111 0.01970751 0.02131671 0.01076350 0.01401421 0.02105871 0.20991009 0.05778383 0.00553673 0.01492131 0.02758201
33 0.12190404 0.06518522 0.03013521 0.02452151 0.01806451 0.04295331 0.05628162 0.03474621 0.01655540 0.05606962 0.06218252 0.12693704 0.02854081 0.01609480 0.02856851 0.07138462 0.07164312 0.00542751 0.01293040 0.10987403
34 0.05964751 0.00927652 0.00743638 0.00356342 0.01388330 0.00598990 0.01014320 0.01868710 0.00529138 0.27457703 0.15723802 0.00728274 0.03373730 0.02598550 0.00573373 0.02389680 0.03638060 0.00292275 0.00901678 0.28931003
35 0.15047211 0.03071032 0.04852673 0.04013633 0.02380952 0.03326362 0.04026513 0.07741976 0.01812171 0.03213872 0.03768353 0.03670043 0.01871711 0.01761311 0.03355862 0.19691014 0.10070607 0.00525958 0.01675261 0.04123483
36 0.04796249 0.15519096 0.10313598 0.04957129 0.01993550 0.05588109 0.04779709 0.04343959 0.03302179 0.01813560 0.02473129 0.11620397 0.01298290 0.01237170 0.02793219 0.13237797 0.05427819 0.00478773 0.01687490 0.02338779
37 0.27343785 0.01382159 0.02239759 0.01837579 0.02736298 0.01711619 0.01874429 0.08189655 0.00811635 0.02616709 0.02464879 0.01375559 0.01156959 0.01261859 0.02683508 0.24028687 0.11182694 0.00225637 0.00767554 0.04109038
38 0.06010146 0.03466738 0.08292255 0.22932286 0.01114919 0.04447477 0.18183489 0.05193217 0.02120099 0.01755899 0.02095459 0.04981557 0.00999319 0.01042079 0.02343649 0.07378925 0.03994008 0.00272241 0.01315899 0.02060339
39 0.17955613 0.01667821 0.01340561 0.01381691 0.02613032 0.01892381 0.01911481 0.03776303 0.01112861 0.10243408 0.18275614 0.01779041 0.04161793 0.03567113 0.02308672 0.07975066 0.05275014 0.00395985 0.01503141 0.10863408
40 0.15020895 0.03185009 0.04769318 0.03891629 0.02371079 0.03375099 0.03992499 0.07674948 0.01801629 0.03311729 0.03742879 0.03795349 0.01843219 0.01765449 0.03418549 0.19714494 0.10045097 0.00517012 0.01648059 0.04116059
41 0.35688103 0.01088700 0.01054520 0.01471980 0.03539830 0.01297840 0.01600520 0.10007101 0.00546853 0.02687060 0.02873000 0.00849247 0.00887554 0.00802232 0.02699580 0.19793902 0.07201911 0.00160527 0.00589179 0.05160360
42 0.31864418 0.01428261 0.01553401 0.01895801 0.03260052 0.01673321 0.02120071 0.09682055 0.00737899 0.02773482 0.02933202 0.01323371 0.01075391 0.00965935 0.03022852 0.19733911 0.08142475 0.00212515 0.00682246 0.04919343
43 0.20760198 0.01715060 0.01758720 0.02761530 0.06448109 0.02828360 0.02830250 0.04947769 0.01373140 0.05335259 0.08288359 0.02369970 0.05858259 0.02387120 0.02434660 0.12001099 0.06734009 0.00386532 0.01710260 0.07071339
44 0.10286705 0.01824041 0.01969131 0.01439821 0.01942081 0.01990581 0.03140902 0.02137211 0.01179301 0.13562207 0.10550505 0.02693931 0.03405652 0.02216331 0.01913851 0.08303954 0.12081906 0.00392858 0.01722921 0.17246109
45 0.05078979 0.00555706 0.00577768 0.00124497 0.01315570 0.00391472 0.00642815 0.00660437 0.00340590 0.29746892 0.16435096 0.00413957 0.02826519 0.02817139 0.00306354 0.01405020 0.03025219 0.00133987 0.00632193 0.32569792
46 0.06097301 0.03504771 0.08322882 0.22943106 0.01089110 0.04367331 0.18182804 0.05196111 0.02135911 0.01791490 0.02049780 0.05065631 0.00976619 0.01036060 0.02291781 0.07343542 0.03956851 0.00272987 0.01289270 0.02086661
47 0.03348581 0.28605311 0.04593102 0.02344671 0.00990125 0.06164122 0.04574832 0.02339831 0.03103111 0.01639691 0.02515071 0.24368110 0.01560491 0.00580688 0.01213040 0.05343482 0.03020351 0.00199397 0.01347621 0.02148371
48 0.10013391 0.02774097 0.03402887 0.02955377 0.02363248 0.03850456 0.03660997 0.04253636 0.01559919 0.05143065 0.07476013 0.04164646 0.07544973 0.02465158 0.02880727 0.17847683 0.10340490 0.00505644 0.01712528 0.05085065
49 0.06706636 0.06479396 0.03800673 0.02261682 0.05992005 0.04784464 0.02526102 0.02808352 0.02036752 0.05253845 0.18244116 0.11250310 0.04167344 0.03187633 0.01943262 0.05882225 0.04968134 0.00581462 0.02043252 0.05082355
50 0.06466229 0.05562849 0.03213429 0.01959850 0.01251750 0.06068019 0.05949469 0.02377740 0.02008730 0.08341359 0.05822799 0.14596798 0.03532049 0.01122660 0.02468750 0.07347309 0.14716297 0.00509077 0.01294810 0.05390029
51 0.14796212 0.03217963 0.04774264 0.04035113 0.02347442 0.03364853 0.04031463 0.07650916 0.01863142 0.03294173 0.03848323 0.03743713 0.01845811 0.01798801 0.03407613 0.19643416 0.09938808 0.00549089 0.01731171 0.04117713
52 0.02651040 0.34574502 0.04434260 0.01718400 0.00905030 0.05937760 0.03209100 0.01918690 0.03327930 0.01405220 0.02545510 0.26072102 0.01333760 0.00427826 0.00530450 0.03268300 0.02172530 0.00089498 0.01567980 0.01910110
53 0.05595851 0.01566110 0.00951585 0.00758072 0.01279970 0.01236080 0.01518360 0.01214190 0.00828373 0.23570004 0.18866403 0.01454770 0.04376311 0.03740801 0.01018500 0.02824010 0.04012051 0.00416255 0.01539800 0.23232503
54 0.06541130 0.01816950 0.01789030 0.01156640 0.01494030 0.02238260 0.01503060 0.01798540 0.01603730 0.11505601 0.30275702 0.01924830 0.07253920 0.05674850 0.01444350 0.06130060 0.04444870 0.00594764 0.01800860 0.09008821
55 0.04068738 0.22345591 0.03745088 0.05020788 0.00641431 0.07067357 0.10782295 0.02936309 0.03194249 0.01972169 0.02513289 0.21016891 0.01503069 0.00552458 0.01553489 0.04501388 0.03205979 0.00133343 0.01066350 0.02179729
56 0.05651650 0.03479260 0.10524499 0.18462799 0.01162540 0.04696790 0.17912399 0.05144930 0.02110540 0.01652140 0.01927700 0.05542120 0.01033830 0.00856381 0.01778040 0.10140999 0.04606890 0.00237575 0.00995362 0.02083560
57 0.04849401 0.01499660 0.00833820 0.00577820 0.00907835 0.01908900 0.01606850 0.01146580 0.01096320 0.18141603 0.22686604 0.01973710 0.09406822 0.03643181 0.01147820 0.04429181 0.07977911 0.00439327 0.02177850 0.13548802
58 0.13571093 0.04146478 0.05236647 0.13106594 0.01932859 0.05370367 0.12665694 0.05713317 0.05536937 0.01780459 0.03191238 0.04962268 0.01249189 0.01288149 0.02811739 0.08354966 0.04532178 0.00297398 0.01714229 0.02538199
59 0.03568178 0.01429269 0.01152689 0.00958721 0.01919889 0.02190839 0.03325588 0.01135429 0.04058918 0.11775193 0.07820505 0.01245569 0.03647858 0.12698993 0.00823367 0.04169028 0.07721675 0.02498749 0.18830989 0.09028555
60 0.07308301 0.00636001 0.00597598 0.00231544 0.01528620 0.00508900 0.00803065 0.01020390 0.00371032 0.27702804 0.15715202 0.00497700 0.02831850 0.02619720 0.00532395 0.02439280 0.03451760 0.00144864 0.00636168 0.30422804
61 0.04735042 0.01742271 0.01056250 0.00733932 0.00965546 0.01329501 0.01129411 0.01375081 0.01155921 0.14743707 0.32503915 0.01569021 0.07874904 0.07158563 0.01121231 0.02424081 0.03431812 0.00576745 0.02282861 0.12090206
62 0.04122951 0.05901991 0.01961800 0.01145990 0.00980578 0.05792931 0.03967511 0.02011100 0.01451870 0.11074202 0.15166303 0.13854602 0.09302932 0.02581020 0.01306140 0.03789071 0.05936111 0.00370424 0.01369630 0.07912841
63 0.05012775 0.00569382 0.00563657 0.00123538 0.01281441 0.00395013 0.00655758 0.00659527 0.00362562 0.29517329 0.16943916 0.00435587 0.03069043 0.02884533 0.00284661 0.01414071 0.03057263 0.00153989 0.00701024 0.31914931
64 0.06112374 0.03417062 0.06948145 0.24269617 0.00451905 0.05257194 0.25224217 0.04579833 0.02250742 0.01393281 0.01283701 0.05176034 0.00661441 0.00533179 0.01549331 0.05575754 0.02987122 0.00080410 0.00792198 0.01456461
65 0.09332575 0.02444851 0.07722744 0.03150762 0.06778884 0.04424063 0.02540221 0.03667442 0.06972164 0.03040792 0.03667762 0.03498542 0.01990411 0.01410761 0.02346501 0.17264810 0.13093508 0.00433082 0.02391251 0.03828872
66 0.18984096 0.02339010 0.02705429 0.02974179 0.02572409 0.03171999 0.02841929 0.09966828 0.02822219 0.03043539 0.03746779 0.02226020 0.01625910 0.03611629 0.02203810 0.16708397 0.05007809 0.01094090 0.08145558 0.04208359
67 0.26011198 0.01738520 0.01334950 0.01498370 0.03039870 0.01960420 0.02210150 0.05466740 0.00801537 0.07336460 0.05011410 0.01445740 0.01737590 0.01266290 0.03142910 0.18040699 0.09513139 0.00352417 0.00838992 0.07252600
68 0.04819616 0.03869227 0.06786795 0.24966882 0.00341925 0.05231046 0.25290381 0.04800386 0.02381488 0.01274569 0.01115699 0.06490775 0.00557069 0.00468590 0.01487559 0.05519156 0.02681408 0.00067809 0.00761299 0.01088319
69 0.10707906 0.02563521 0.01892521 0.01707381 0.01963651 0.02421251 0.02715252 0.02956692 0.01317341 0.15566109 0.10820506 0.02297061 0.03636492 0.02316071 0.02569191 0.11148606 0.07897185 0.00654682 0.01809271 0.13039308
70 0.06378697 0.02927143 0.06481837 0.16967520 0.01138621 0.05682037 0.18174421 0.03813434 0.02099082 0.02377023 0.05291866 0.05007696 0.02279813 0.00762243 0.01862052 0.06745988 0.07889009 0.00206533 0.01025261 0.02889723
71 0.04134561 0.01349300 0.00590529 0.00332331 0.00765457 0.01214380 0.01003280 0.00938201 0.00854257 0.18616505 0.29793208 0.01390400 0.09625533 0.05250371 0.00707161 0.02343861 0.04261831 0.00386197 0.01733930 0.14708704
72 0.04932251 0.00403333 0.00534535 0.00060815 0.01312410 0.00267190 0.00508235 0.00582839 0.00251230 0.31264008 0.15535904 0.00273409 0.02352311 0.02566981 0.00196980 0.01142090 0.02760361 0.00079234 0.00404075 0.34571809
73 0.21311595 0.03154419 0.02866439 0.06970228 0.02343149 0.04238189 0.12180397 0.06002579 0.01594270 0.02754329 0.03243639 0.04042299 0.01410300 0.00766348 0.03929119 0.10714998 0.06465839 0.00320582 0.00916283 0.04774999
74 0.10934499 0.03165890 0.03710600 0.03150220 0.01817880 0.03374850 0.04336280 0.03552890 0.01827960 0.06027440 0.06733060 0.04384540 0.02861060 0.02201130 0.03172380 0.14202299 0.16050499 0.00427316 0.01549080 0.06520130
75 0.07790289 0.03783690 0.04324400 0.10215899 0.01155810 0.06059689 0.18224698 0.03560740 0.02243900 0.03510400 0.03214170 0.07080859 0.02004970 0.00783662 0.02657050 0.07602209 0.09882329 0.00333429 0.01366490 0.04205320
76 0.08222509 0.07182289 0.03586569 0.09771799 0.00686201 0.06959849 0.18638197 0.04051209 0.02687340 0.02345510 0.02532880 0.12691698 0.01512640 0.00647618 0.02887170 0.06536919 0.05359939 0.00275517 0.00825188 0.02598960
77 0.25280997 0.02345510 0.01978220 0.02745900 0.02819440 0.02381650 0.03447210 0.09312089 0.01156610 0.04853679 0.05647679 0.02461540 0.01693210 0.01659190 0.03489680 0.13696198 0.06705599 0.00336292 0.01231870 0.06757439
78 0.04362939 0.00917083 0.00537028 0.00142889 0.00918790 0.00586737 0.00560272 0.00682128 0.00603109 0.23179596 0.27481095 0.00615511 0.06372299 0.04867919 0.00469999 0.01473610 0.03114889 0.00267453 0.01078960 0.21767696
79 0.04665521 0.01783570 0.01072890 0.00680059 0.00999740 0.01350160 0.01076670 0.01244310 0.01187080 0.14823102 0.32526305 0.01629000 0.07900221 0.07124361 0.01059550 0.02404710 0.03418831 0.00583375 0.02292140 0.12178402
80 0.18051105 0.02065621 0.04147541 0.03289761 0.02056491 0.01815770 0.02533261 0.26612407 0.01038990 0.01536710 0.02060861 0.02375681 0.01062560 0.01281320 0.02114011 0.18320605 0.05020621 0.00515704 0.01342100 0.02758881
81 0.07037198 0.18577294 0.04755259 0.02641969 0.05853258 0.05208268 0.03141259 0.04061699 0.03020799 0.03475459 0.04808489 0.12480396 0.01814439 0.01501370 0.02549579 0.07629998 0.04608439 0.00544391 0.02325369 0.03965069
82 0.04739189 0.01144600 0.00687774 0.00284855 0.00915369 0.01045220 0.00968503 0.00843648 0.00792542 0.21046095 0.26872193 0.01060510 0.07151318 0.04448079 0.00740311 0.02288109 0.04707859 0.00321883 0.01427850 0.18514095
83 0.12295986 0.01523298 0.03414706 0.01570278 0.01282329 0.01961788 0.01816768 0.02563237 0.01201279 0.02848707 0.02172217 0.02009798 0.01816928 0.01625238 0.02019408 0.27619868 0.28391667 0.00181324 0.00559551 0.03125626
84 0.25488787 0.02349849 0.01951739 0.02725599 0.02816609 0.02265269 0.03302728 0.09496735 0.01131159 0.04807398 0.05678067 0.02379369 0.01767939 0.01665869 0.03404628 0.13772193 0.06644807 0.00355640 0.01265549 0.06730067
85 0.04272620 0.00730998 0.00467906 0.00068873 0.00906688 0.00373425 0.00409415 0.00575606 0.00480668 0.24395602 0.27123702 0.00409842 0.06033950 0.04618700 0.00305780 0.01194250 0.02905170 0.00202722 0.00806180 0.23717902
86 0.18337385 0.03654217 0.01607109 0.01635429 0.01839789 0.02486208 0.03269677 0.03868927 0.01042539 0.07805054 0.05768595 0.02395188 0.02070798 0.00971854 0.17973986 0.10470492 0.07806864 0.00567548 0.00784906 0.05643435
87 0.16615077 0.03717745 0.03455705 0.03173156 0.01953627 0.02389537 0.03171856 0.16039978 0.01336138 0.02350247 0.02701646 0.03140686 0.01096518 0.01105298 0.11692784 0.15878278 0.05520252 0.00759818 0.01102468 0.02799186
88 0.24245404 0.02680540 0.01814150 0.02260120 0.02140060 0.02362290 0.03467581 0.05538151 0.00953047 0.02919010 0.03596511 0.02238450 0.01553430 0.00783854 0.18492903 0.12439902 0.07056271 0.00407360 0.00581353 0.04469611
89 0.13379208 0.01790761 0.03876952 0.02147071 0.01697791 0.02334951 0.02328241 0.03227782 0.01270671 0.03077052 0.02572232 0.02484381 0.01870821 0.01576641 0.02455411 0.25503015 0.23982514 0.00229548 0.00647263 0.03547692
90 0.04641689 0.01711690 0.01036140 0.00649095 0.00967624 0.01324500 0.01068230 0.01325990 0.01173820 0.14878096 0.32804290 0.01484890 0.07947398 0.07157768 0.01027910 0.02436409 0.03424719 0.00574360 0.02206689 0.12158696
91 0.10242890 0.03735486 0.04710035 0.08739322 0.01770698 0.05383325 0.13837487 0.05022365 0.01929078 0.02313998 0.02481048 0.05376235 0.01904848 0.00962720 0.03302047 0.16402884 0.07146193 0.00420406 0.01289279 0.03029657
92 0.29677010 0.01696981 0.01553611 0.01849671 0.02303681 0.01076510 0.01814191 0.28497109 0.00624570 0.01681871 0.02061851 0.01213480 0.00723907 0.00692706 0.01980241 0.14392405 0.03678211 0.00243337 0.00787847 0.03450811
93 0.06879148 0.01506329 0.01159290 0.00865911 0.01546259 0.01164780 0.01643959 0.01590989 0.00790927 0.22706492 0.15621794 0.01611249 0.03355599 0.03488919 0.00941826 0.03251519 0.04114269 0.00347002 0.01611049 0.25802691
94 0.04746550 0.12500499 0.03869900 0.06510270 0.00658027 0.06638310 0.14281299 0.03452610 0.02674010 0.02293960 0.02650790 0.20510399 0.02281150 0.00709363 0.01766420 0.05407800 0.05090860 0.00219139 0.00873717 0.02864930
95 0.02856801 0.00756705 0.00397431 0.00382779 0.01208290 0.00499074 0.00324981 0.00680797 0.02413381 0.07722313 0.25304610 0.00513810 0.05740862 0.22217709 0.00272363 0.01445881 0.01995651 0.03031711 0.15646706 0.06588143
96 0.13900409 0.02948362 0.04145683 0.03919073 0.02233641 0.02667252 0.04074723 0.14530610 0.01797701 0.03111082 0.03627832 0.04028993 0.01862001 0.01528051 0.02868482 0.14270810 0.13005709 0.00437529 0.00976215 0.04065843
97 0.28313285 0.01567479 0.02112169 0.02099269 0.02922638 0.01921149 0.02277619 0.08867865 0.00850084 0.02789658 0.02791368 0.01561869 0.01174759 0.01156659 0.03020598 0.21358688 0.09629855 0.00259502 0.00820038 0.04505448
98 0.04786762 0.02182851 0.13054404 0.27470209 0.01016310 0.03384691 0.18033406 0.04366221 0.01729871 0.01711531 0.01617101 0.04169891 0.00585928 0.00784383 0.01183530 0.06986682 0.04012831 0.00179918 0.00888459 0.01855021
99 0.05099221 0.04130120 0.05627071 0.21816902 0.00384874 0.07490791 0.25412903 0.04790131 0.02609260 0.01460050 0.01473240 0.05970621 0.00833975 0.00441521 0.01541520 0.05914141 0.02939450 0.00071081 0.00882048 0.01111080
100 0.04719779 0.01727140 0.01044740 0.00662855 0.00979460 0.01337920 0.01114550 0.01314210 0.01170380 0.14927196 0.32548891 0.01510890 0.07886388 0.07094538 0.01059780 0.02444919 0.03414059 0.00584973 0.02234439 0.12222897
101 0.14918994 0.03166489 0.04759198 0.04008108 0.02372399 0.03381729 0.04032448 0.07517077 0.01827959 0.03252729 0.03757758 0.03830158 0.01876259 0.01796469 0.03463259 0.19641492 0.10008196 0.00526771 0.01745419 0.04117088
102 0.12178091 0.02119709 0.01430219 0.01573229 0.01943679 0.01683409 0.03546448 0.03671417 0.01736379 0.07431775 0.09063654 0.02558838 0.02737338 0.08595604 0.03408778 0.06591755 0.05676156 0.05784356 0.07470275 0.10798892
103 0.22867198 0.01766210 0.02421310 0.01635350 0.01534940 0.00989740 0.01731290 0.42061997 0.00671945 0.01081390 0.01707670 0.01411150 0.00621497 0.00689165 0.01428820 0.11382699 0.02534170 0.00224090 0.00797620 0.02441750
104 0.03745508 0.01166779 0.01176469 0.01054039 0.01477979 0.00973582 0.00864094 0.01705239 0.02988219 0.07051066 0.16401892 0.01184019 0.03908718 0.21804989 0.00618054 0.02973479 0.02678109 0.03319348 0.17549791 0.07358626
105 0.20659598 0.01323480 0.01331280 0.01401690 0.02973180 0.01587450 0.02819820 0.03446260 0.00786557 0.09622929 0.07429709 0.01735730 0.02108550 0.01453610 0.02581620 0.11507099 0.11239799 0.00294577 0.00947268 0.14749798
106 0.03899245 0.01622362 0.00972564 0.00889570 0.01536722 0.01827262 0.02210953 0.01178272 0.02878604 0.14794320 0.14722320 0.01326722 0.05026377 0.11203915 0.00831674 0.03335495 0.04906937 0.02230353 0.13039918 0.11566416
107 0.10520798 0.06541959 0.03225659 0.02968149 0.01944270 0.05313139 0.06190879 0.03116839 0.02571380 0.03891669 0.04523819 0.12253198 0.02288730 0.01936590 0.02540030 0.07962508 0.11125198 0.00640629 0.05352829 0.05091729
108 0.03783270 0.00947311 0.00444367 0.00091028 0.00732543 0.00436459 0.00456414 0.00593942 0.00633722 0.19870102 0.32631104 0.00529828 0.08149821 0.06825531 0.00332102 0.01286570 0.02946630 0.00359633 0.01404020 0.17545602
109 0.05523481 0.04949631 0.08087651 0.09905852 0.01403030 0.05209811 0.14564402 0.04564351 0.02268700 0.02628440 0.04081211 0.08950632 0.05970761 0.01716030 0.01986490 0.07587161 0.05603961 0.00306963 0.01223530 0.03467911
110 0.02670502 0.34655220 0.04401683 0.01710051 0.00897708 0.05951253 0.03175762 0.01911491 0.03373192 0.01404331 0.02505891 0.26077715 0.01339391 0.00420943 0.00543124 0.03286692 0.02148301 0.00081798 0.01561271 0.01883681
111 0.06544092 0.04979382 0.05166022 0.15219406 0.00793126 0.06187412 0.20804708 0.04769652 0.02488881 0.02744621 0.02768841 0.07072203 0.01479171 0.00838891 0.02529391 0.06503502 0.04633822 0.00240976 0.01215880 0.03020021
112 0.06569701 0.01344990 0.08799721 0.02592110 0.01130830 0.01409980 0.01950450 0.50242607 0.01138660 0.00474975 0.01711140 0.03124480 0.00701986 0.01262330 0.01019160 0.11621702 0.02287310 0.00288992 0.00700684 0.01628190
113 0.02289699 0.00524609 0.01260170 0.00660386 0.01641010 0.01136870 0.00165721 0.00639471 0.06178578 0.02600229 0.07965778 0.00556840 0.01402940 0.29285592 0.00249062 0.02090669 0.01337470 0.04352669 0.31677491 0.03984749
114 0.22649778 0.01780338 0.02443208 0.01678838 0.01500949 0.01012349 0.01783598 0.42475758 0.00671078 0.01031299 0.01681538 0.01468999 0.00599301 0.00666506 0.01435689 0.11226189 0.02501468 0.00251743 0.00783137 0.02358238
115 0.14891099 0.03143450 0.04738360 0.04019020 0.02398340 0.03359750 0.04147910 0.07457539 0.01821870 0.03280870 0.03797590 0.03778580 0.01885930 0.01806170 0.03403570 0.19636598 0.10092099 0.00528008 0.01678860 0.04134390
116 0.03540569 0.02132950 0.02074810 0.01591490 0.01843780 0.02317539 0.01465100 0.01811630 0.05702329 0.03888129 0.08226698 0.01844540 0.02068470 0.21327795 0.00797833 0.03746719 0.02364309 0.03437139 0.25042294 0.04775879
117 0.04429811 0.26432004 0.04205051 0.02936400 0.01106970 0.05918931 0.04860341 0.03357561 0.03364811 0.02718680 0.04000281 0.18353403 0.01654810 0.01053170 0.02217640 0.05032371 0.03320871 0.00321304 0.01865030 0.02850560
118 0.02471382 0.00419864 0.00307732 0.00545996 0.01558281 0.00496148 0.00138714 0.00661322 0.03948643 0.03699133 0.11684710 0.00403939 0.02197962 0.30628527 0.00203048 0.01474561 0.01466351 0.04860964 0.28052025 0.04780694
119 0.05725887 0.01738819 0.01537609 0.00922570 0.01115119 0.01883959 0.01638749 0.01410129 0.01276199 0.13611193 0.29234784 0.02085669 0.07632436 0.05476287 0.01264649 0.03891758 0.06277917 0.00427944 0.01650029 0.11198294
120 0.15383406 0.01827011 0.00926076 0.01033760 0.02087831 0.01367451 0.01466811 0.05507042 0.00773593 0.15165706 0.16943607 0.01391161 0.04051492 0.02755661 0.02089131 0.06984743 0.04662452 0.00454449 0.01072510 0.14056106
121 0.04491203 0.00786582 0.00536546 0.00141941 0.00972691 0.00446341 0.00501456 0.00654091 0.00531375 0.23648017 0.26743719 0.00512113 0.05884444 0.04759583 0.00370005 0.01335891 0.02976922 0.00238614 0.00926848 0.23541616
122 0.03001132 0.33664026 0.04388983 0.02232762 0.00941461 0.06237515 0.03509403 0.02320982 0.05345544 0.01626251 0.02398072 0.21692217 0.00996395 0.00524126 0.00979340 0.03737263 0.02249562 0.00138393 0.02210272 0.01806301
123 0.04195930 0.01430430 0.00764713 0.00562575 0.00735214 0.01772030 0.01362180 0.01094330 0.00994738 0.14271900 0.32903499 0.01811130 0.10761300 0.05816940 0.00885518 0.02829810 0.05487930 0.00390344 0.01641590 0.10287900
124 0.08277345 0.03542728 0.04013387 0.09689734 0.01201099 0.06134656 0.18401088 0.03538098 0.02016259 0.02759468 0.02616628 0.06613916 0.02031499 0.00699739 0.02469358 0.10990093 0.10146494 0.00302635 0.01174399 0.03381378
125 0.06381347 0.01246069 0.07967556 0.01668969 0.00768815 0.01158909 0.01959069 0.59185972 0.01132669 0.00379956 0.01731629 0.03068249 0.00620216 0.00949451 0.00710587 0.07412836 0.01501799 0.00175788 0.00420735 0.01559379
126 0.14517595 0.03810079 0.03257459 0.02877769 0.01973729 0.02399619 0.03566929 0.10029397 0.01481230 0.03201539 0.03410379 0.03562249 0.01560180 0.01136680 0.14883495 0.12210496 0.11231896 0.00650315 0.00762487 0.03476479
127 0.04340460 0.00931047 0.00516359 0.00146273 0.00923196 0.00581644 0.00553790 0.00676108 0.00612360 0.23061200 0.27652400 0.00637480 0.06377940 0.04913150 0.00472750 0.01506410 0.03134920 0.00303632 0.01119780 0.21539100
128 0.06781315 0.01466301 0.01204041 0.00875529 0.01529441 0.01151491 0.01676631 0.01681721 0.00831159 0.22429415 0.15823111 0.01597951 0.03380022 0.03652762 0.00979373 0.03246182 0.04089693 0.00383365 0.01688981 0.25531517
129 0.06710342 0.08408923 0.04981581 0.05569382 0.01615730 0.11787304 0.09027303 0.03657741 0.04449331 0.03437131 0.05041902 0.09227973 0.02325731 0.01331730 0.02848241 0.07672172 0.05445382 0.00375050 0.02610081 0.03476971
130 0.08027335 0.04570887 0.05171917 0.03615628 0.02130329 0.11180993 0.05642437 0.03085828 0.03575718 0.03884638 0.10700694 0.06036456 0.03575108 0.01385369 0.03096158 0.12126293 0.06612466 0.00456439 0.01714289 0.03411018
131 0.05971499 0.03485859 0.08397398 0.22951694 0.01140870 0.04432209 0.18040696 0.05126589 0.02135189 0.01798850 0.02117499 0.05047569 0.00986452 0.01082310 0.02264029 0.07358618 0.03975429 0.00291042 0.01341590 0.02054610
132 0.06107762 0.03564731 0.07806223 0.04443222 0.01827361 0.02885281 0.04181622 0.03871582 0.02236761 0.12050105 0.08888564 0.04701752 0.02236641 0.02424891 0.01694981 0.06514793 0.05651782 0.00364370 0.01564571 0.16983007
133 0.04071789 0.19432195 0.03338939 0.01739760 0.01110150 0.05401179 0.03882589 0.02560599 0.02313199 0.04844859 0.09221038 0.16545996 0.05865099 0.02147399 0.01891250 0.04656999 0.04094719 0.00332244 0.01519690 0.05030309
134 0.04677859 0.01725250 0.01081310 0.00645270 0.00960641 0.01361140 0.01082480 0.01336810 0.01212850 0.14811598 0.32639495 0.01564710 0.07891169 0.07185649 0.01015740 0.02447910 0.03391529 0.00580694 0.02280300 0.12107598
135 0.07134859 0.04009659 0.06340769 0.04423609 0.01527500 0.04224969 0.05837289 0.30163194 0.07088879 0.01521000 0.02991829 0.04978719 0.01265160 0.01547600 0.01763420 0.07128199 0.03372179 0.00602569 0.01854400 0.02224200
136 0.06711760 0.03453080 0.12868200 0.06286730 0.02060190 0.03964830 0.04440970 0.03893270 0.02793820 0.02660940 0.03676280 0.05854830 0.01515110 0.01371830 0.02557970 0.15520100 0.15609000 0.00373195 0.00990563 0.03397330
137 0.04880687 0.02930658 0.08186375 0.27397182 0.00461635 0.04580507 0.24486584 0.04513207 0.01965359 0.01487809 0.01218569 0.04757787 0.00575148 0.00541783 0.01332809 0.05453296 0.02930388 0.00076938 0.00827659 0.01395619
138 0.03577830 0.01437890 0.00979452 0.00906074 0.01673500 0.01697830 0.01834550 0.01160090 0.03657760 0.10545100 0.12427900 0.01183380 0.03834970 0.16868500 0.00705374 0.03101630 0.03930560 0.03065940 0.18824000 0.08587670
139 0.13860107 0.01784661 0.04114452 0.02264081 0.01832241 0.02346601 0.02322751 0.03668892 0.01319831 0.02970662 0.02599031 0.02426681 0.01816411 0.01600511 0.02530221 0.26002914 0.22142812 0.00247406 0.00709682 0.03440052
140 0.03049360 0.29139597 0.03998520 0.01585860 0.01071080 0.06543769 0.03701140 0.02072190 0.02819390 0.02200460 0.04607119 0.25230397 0.01926360 0.00572595 0.01080640 0.03355070 0.03096480 0.00123186 0.01385810 0.02440980
141 0.05059818 0.03093229 0.02856769 0.06641808 0.01558219 0.06325818 0.17861294 0.02139549 0.02488899 0.10345596 0.03618509 0.03712119 0.02027069 0.01161720 0.01831739 0.05389148 0.07417427 0.00610204 0.07169958 0.08691107
142 0.05352924 0.01850691 0.00964352 0.00576236 0.01643011 0.03875343 0.02792832 0.00959329 0.01063081 0.22928615 0.13164709 0.02009951 0.03699562 0.02188731 0.00800587 0.02822222 0.04909933 0.00254393 0.02290882 0.25852617
143 0.05137349 0.06110509 0.06588479 0.16560096 0.01113730 0.05174479 0.16615796 0.09451318 0.02767629 0.01403350 0.01835600 0.09749028 0.01006910 0.00817065 0.02043660 0.07396228 0.03478819 0.00413909 0.00898548 0.01437500
144 0.14872307 0.03202212 0.04889622 0.04086392 0.02377221 0.03355722 0.04033422 0.07570014 0.01798471 0.03263692 0.03764382 0.03765522 0.01870661 0.01749271 0.03569632 0.19591110 0.09870135 0.00548020 0.01695801 0.04126392
145 0.05026243 0.03606402 0.06918065 0.24415917 0.00442589 0.05100893 0.24557717 0.06395214 0.02496582 0.01251121 0.01211981 0.05345794 0.00648885 0.00493196 0.01301801 0.05949614 0.02816102 0.00097800 0.00778583 0.01145501
146 0.13851403 0.05576261 0.03756921 0.04711381 0.02081320 0.11632103 0.08503072 0.04062451 0.03093641 0.03248871 0.04705731 0.06677322 0.02066710 0.01120940 0.03484771 0.09428212 0.06144891 0.00314757 0.01905760 0.03633481
147 0.04795658 0.15561693 0.04202078 0.03871038 0.01096790 0.11033095 0.07906377 0.02785129 0.03202799 0.02994149 0.03971598 0.19129792 0.02279849 0.00703766 0.01949109 0.05501068 0.04864248 0.00227568 0.01303299 0.02620899
148 0.10822203 0.02668901 0.02572211 0.02267001 0.00992682 0.02286341 0.02705361 0.02074911 0.01272490 0.03538681 0.04272521 0.02345931 0.04238151 0.00840815 0.35682311 0.07738212 0.09383303 0.00434389 0.00583472 0.03280111
149 0.06725047 0.08394846 0.04901238 0.05539607 0.01626059 0.11860295 0.09167396 0.03663348 0.04350498 0.03408318 0.05023748 0.09210136 0.02409089 0.01318419 0.02941889 0.07757516 0.05481227 0.00356966 0.02477729 0.03386628
150 0.03718659 0.01195340 0.01123610 0.01031880 0.01440090 0.00986985 0.00877733 0.01664160 0.02968810 0.06977799 0.16387997 0.01227530 0.03891069 0.21973796 0.00675188 0.02963680 0.02620100 0.03387229 0.17660497 0.07227849
151 0.25287687 0.02360579 0.01899979 0.02745939 0.02818189 0.02284699 0.03408138 0.09375665 0.01099679 0.04927647 0.05700287 0.02361319 0.01742379 0.01718829 0.03522508 0.13625393 0.06658146 0.00334423 0.01240699 0.06887816
152 0.02615940 0.00591961 0.00567204 0.00687090 0.01692220 0.00827152 0.00307704 0.00803269 0.04456091 0.03468561 0.10053702 0.00565469 0.01880440 0.29349204 0.00279696 0.01834910 0.01631590 0.04708791 0.29016904 0.04662101
153 0.05270193 0.03359892 0.07182174 0.23873012 0.00628395 0.05193503 0.23344011 0.04899132 0.02125221 0.01385251 0.01368731 0.05239503 0.00874044 0.00534787 0.01656741 0.07389394 0.03249042 0.00112701 0.00880534 0.01433741
154 0.11505800 0.02942450 0.06818900 0.19679799 0.01593540 0.04017640 0.15486700 0.05829070 0.01846530 0.01853910 0.02380640 0.04099290 0.01085480 0.01136230 0.02640260 0.08532430 0.04510990 0.00255023 0.01095730 0.02689590
155 0.12132195 0.02256839 0.04785198 0.02647799 0.01152750 0.01605799 0.02949819 0.46860081 0.01203380 0.01190210 0.02300019 0.02927529 0.00936954 0.01027500 0.01363259 0.08822886 0.02405159 0.00345405 0.00885691 0.02201529
156 0.02310180 0.00355544 0.00430800 0.00565959 0.01562730 0.00588583 0.00106432 0.00627299 0.04517050 0.02780120 0.08818669 0.00414120 0.01473650 0.31910497 0.00190861 0.01584220 0.01340700 0.05004800 0.31084998 0.04332790
157 0.22472002 0.09110201 0.02186730 0.02814110 0.02281890 0.03959030 0.04591370 0.09541561 0.01667560 0.03118710 0.03760620 0.05593760 0.01301860 0.01002750 0.04537810 0.11035801 0.05552740 0.00404563 0.01070740 0.03996190
158 0.04686080 0.01766060 0.01059850 0.00660273 0.00955790 0.01371860 0.01125940 0.01388610 0.01207310 0.14884099 0.32515398 0.01567550 0.07882260 0.07067230 0.01046340 0.02440310 0.03436990 0.00569722 0.02252530 0.12115799
159 0.03191749 0.01082040 0.00431637 0.00148910 0.00692574 0.00501194 0.00350800 0.00558020 0.01013630 0.13146195 0.39972784 0.00562028 0.09452876 0.11107596 0.00362216 0.01293319 0.02584469 0.00833560 0.03504429 0.09209976
160 0.04474224 0.00985767 0.00589012 0.00196926 0.00909770 0.00573106 0.00596667 0.00722604 0.00654586 0.21028121 0.29644129 0.00664044 0.06820107 0.05550725 0.00481125 0.01506721 0.03097423 0.00316392 0.01251731 0.19936820
161 0.06180984 0.21318014 0.04489123 0.03480822 0.01413501 0.05800894 0.05165433 0.04286623 0.02946602 0.02555392 0.02937972 0.14150109 0.01538291 0.00977097 0.03306002 0.10005007 0.04650523 0.00495997 0.01673311 0.02628302
162 0.04531327 0.00657087 0.00498055 0.00075425 0.01044439 0.00357461 0.00452491 0.00598536 0.00426719 0.26490481 0.23203684 0.00402365 0.04875287 0.03969397 0.00289007 0.01230979 0.02915268 0.00178861 0.00767052 0.27036081
163 0.03989201 0.01035010 0.00492827 0.00144768 0.00764786 0.00622653 0.00522674 0.00648593 0.00688106 0.19824007 0.33134412 0.00664375 0.07877893 0.06075362 0.00465588 0.01444071 0.03017921 0.00337903 0.01258840 0.16991006
164 0.03857361 0.00952357 0.00435559 0.00219611 0.00903792 0.00776381 0.00790946 0.00717873 0.01254630 0.19369206 0.26076709 0.00604704 0.07716803 0.07325192 0.00424045 0.01844591 0.04067691 0.00959909 0.05441132 0.16261505
165 0.04987355 0.00587650 0.00605455 0.00147072 0.01228089 0.00394663 0.00558051 0.00660405 0.00368983 0.28077973 0.19135782 0.00460814 0.03537737 0.03365937 0.00316798 0.01340809 0.02891827 0.00146785 0.00646845 0.30540971
166 0.02415081 0.00341845 0.00211744 0.00588291 0.01531341 0.00398861 0.00091736 0.00710561 0.04016592 0.02999021 0.09120244 0.00336985 0.01377691 0.32362414 0.00157163 0.01381951 0.01315571 0.06484623 0.29630113 0.04528172
167 0.06411734 0.00997494 0.00584520 0.00267506 0.01203481 0.00766406 0.00756145 0.00997900 0.00588572 0.22604114 0.24770016 0.00737072 0.05596084 0.04265893 0.00731928 0.02289321 0.03433362 0.00268188 0.00999549 0.21730714
168 0.03888310 0.26582700 0.04149020 0.02798140 0.00974255 0.09194750 0.05427160 0.02365540 0.03782020 0.02189170 0.02901650 0.19807700 0.01407660 0.00569050 0.01674520 0.04743890 0.03478910 0.00147655 0.01672170 0.02245730
169 0.02495231 0.00420545 0.00293711 0.00542545 0.01549581 0.00482728 0.00143307 0.00666458 0.03867532 0.03748842 0.11934806 0.00405102 0.02273021 0.30600016 0.00197321 0.01456441 0.01471561 0.04902253 0.27740515 0.04808483
170 0.11846508 0.03280312 0.02874312 0.02541662 0.01284621 0.02601602 0.03473792 0.02880362 0.01339701 0.03615352 0.03690733 0.03014922 0.02143491 0.00903628 0.29228220 0.09856257 0.10862307 0.00485577 0.00668598 0.03408042
171 0.03722278 0.01156270 0.01088990 0.01076030 0.01476999 0.00953745 0.00905354 0.01621889 0.02949519 0.07046297 0.16306693 0.01189030 0.03897128 0.21939591 0.00709572 0.02899319 0.02605399 0.03376869 0.17706493 0.07372537
172 0.02935420 0.33016601 0.04384990 0.02001050 0.00930826 0.06056340 0.03696320 0.02149110 0.03332180 0.01575470 0.02637930 0.24990701 0.01362080 0.00474300 0.00872381 0.03531880 0.02379340 0.00118739 0.01561470 0.01992870
173 0.11266206 0.03686502 0.03292892 0.03189812 0.01414651 0.03183492 0.03358162 0.03512422 0.01583961 0.02598411 0.02956842 0.03241612 0.01594021 0.00952921 0.29567417 0.14358408 0.06441294 0.00546523 0.00754361 0.02500091
174 0.04010171 0.01235720 0.00824363 0.00445958 0.00926714 0.00804222 0.00714585 0.00965830 0.01320760 0.12483404 0.32638412 0.00984138 0.08087103 0.11422504 0.00574364 0.02489511 0.04280362 0.01052260 0.04894212 0.09845404
175 0.04970750 0.00437747 0.00539285 0.00076359 0.01313920 0.00287825 0.00540914 0.00593699 0.00277042 0.30934300 0.15695900 0.00302691 0.02477200 0.02613050 0.00214358 0.01221270 0.02845550 0.00094408 0.00462633 0.34101100
176 0.06221180 0.06067470 0.03559300 0.10636700 0.00708980 0.12182300 0.20439300 0.03608400 0.02930820 0.02879840 0.03129140 0.08094690 0.01720440 0.00634168 0.02132860 0.06510210 0.04796400 0.00155520 0.01273980 0.02318300
177 0.10159804 0.04284532 0.02886211 0.03678541 0.01150010 0.03085201 0.04063201 0.03463111 0.01682551 0.03097651 0.04587732 0.03778661 0.01942241 0.01023280 0.32128712 0.08741933 0.05651702 0.00523002 0.00933412 0.03138511
178 0.04789902 0.02845861 0.01280101 0.00576904 0.01200641 0.02348641 0.02336311 0.01167421 0.01025100 0.22481410 0.14952306 0.05520902 0.04509232 0.02539261 0.00916510 0.02621921 0.04644432 0.00331323 0.01345211 0.22566610
179 0.05437852 0.00472203 0.00544032 0.00094775 0.01353541 0.00338246 0.00577157 0.00665481 0.00292282 0.30406614 0.15785707 0.00324172 0.02599241 0.02575491 0.00278363 0.01434911 0.02974111 0.00096446 0.00494458 0.33254915
