1 0.39434007 0.00448765 0.01545270 0.01547710 0.07197511 0.01741970 0.00679122 0.08792702 0.01088240 0.01602580 0.02290780 0.01166520 0.00715468 0.00826362 0.01793300 0.19570104 0.04932731 0.00112397 0.00660857 0.03853601
2 0.25133190 0.02434779 0.02438299 0.02819059 0.03182679 0.02539649 0.03445059 0.07939127 0.01339729 0.04265038 0.06155138 0.02932059 0.01869269 0.01965669 0.03530069 0.13851595 0.06489708 0.00381848 0.01383289 0.05904748
3 0.29445392 0.01154500 0.02472259 0.01822310 0.03491289 0.02175509 0.02437339 0.06826398 0.00965892 0.02105089 0.02302199 0.02096169 0.01126670 0.01542610 0.03280989 0.22264594 0.09800597 0.00224196 0.00808479 0.03657519
4 0.05993965 0.01492331 0.01221141 0.01081691 0.01447671 0.01492301 0.01640451 0.01689391 0.00968568 0.22976219 0.14648912 0.01582471 0.04273364 0.03236943 0.01200601 0.03262163 0.04158973 0.00380901 0.01464121 0.25787821
5 0.05634494 0.01119161 0.00406012 0.00223204 0.01131851 0.00477938 0.00664961 0.00896628 0.00806475 0.19457312 0.33614022 0.00742121 0.07656295 0.04765823 0.00610795 0.01529011 0.02705582 0.00493983 0.00972622 0.16091710
6 0.14076498 0.02089920 0.03669790 0.02019070 0.01706760 0.02659120 0.03169960 0.02582680 0.01121800 0.02638470 0.01686080 0.02522050 0.01724400 0.02208480 0.01897440 0.26140497 0.23154697 0.00303688 0.00952555 0.03676050
7 0.15995200 0.02872750 0.04631430 0.03620950 0.02553580 0.03437050 0.04197930 0.06993260 0.01689370 0.03088740 0.03396550 0.03732040 0.01736780 0.02114750 0.03542680 0.19724500 0.10541900 0.00520588 0.01510220 0.04099730
8 0.05509962 0.18885108 0.04960562 0.04989602 0.01203411 0.05552882 0.06556713 0.03036141 0.02729651 0.02080561 0.04042042 0.19093008 0.02086231 0.01466921 0.02805851 0.05610482 0.04480282 0.00427286 0.01506571 0.02976731
9 0.06734818 0.04590628 0.07040727 0.15216595 0.00643944 0.05784598 0.20381593 0.04872538 0.02706479 0.02346199 0.02895609 0.06788678 0.01329050 0.01161730 0.02373309 0.06217688 0.04132229 0.00347992 0.01487829 0.02947769
10 0.14428517 0.01972712 0.03681344 0.01937232 0.01767912 0.02640783 0.03077064 0.02571193 0.01111371 0.02606713 0.01685302 0.02523263 0.01697002 0.02166313 0.01960052 0.26955932 0.22396526 0.00270492 0.00939271 0.03611004
11 0.07367640 0.14657801 0.05465330 0.03708510 0.01366570 0.05694930 0.04244950 0.04518630 0.02361170 0.01969880 0.03890050 0.09895080 0.01905050 0.01567690 0.02768210 0.14546301 0.08521930 0.00581966 0.01540900 0.03427410
12 0.04998671 0.01039890 0.00964074 0.01005260 0.01478390 0.01153870 0.01291240 0.01076200 0.00961011 0.24226904 0.18886903 0.01271650 0.05139041 0.03673831 0.01035540 0.02646440 0.03663631 0.00489517 0.01474130 0.23523804
13 0.06783381 0.04980640 0.12427201 0.06292171 0.01514470 0.04339270 0.06429961 0.06439671 0.03243470 0.02296120 0.02906910 0.05785031 0.01769800 0.01137300 0.02541250 0.13138701 0.12740501 0.00309971 0.01405350 0.03518830
14 0.04789958 0.01122499 0.00331892 0.00140231 0.01030490 0.00387009 0.00567342 0.00739169 0.00827330 0.19274091 0.35398383 0.00705318 0.08014836 0.05183488 0.00605214 0.01105479 0.02541049 0.00534583 0.01100049 0.15601593
15 0.04408972 0.02362881 0.02126321 0.01310321 0.02905041 0.03198871 0.01808381 0.01701351 0.03327161 0.07027363 0.13936806 0.02556421 0.07468053 0.12468905 0.01410151 0.03899292 0.04128122 0.01817241 0.16113306 0.06025042
16 0.03384192 0.01286491 0.01204071 0.00640536 0.01736071 0.01310651 0.00781138 0.01195331 0.03669112 0.07406135 0.20829714 0.01214311 0.03799743 0.18968113 0.00690581 0.02007461 0.01853591 0.02272742 0.19448913 0.06301104
17 0.11189801 0.02415420 0.03350380 0.03152810 0.01312160 0.04115721 0.04278901 0.02791540 0.01793130 0.03035370 0.04640761 0.04882121 0.01988350 0.01311420 0.29184104 0.09414971 0.05448711 0.00663437 0.01190660 0.03840230
18 0.05800408 0.03536939 0.01664299 0.01608429 0.01787779 0.02434399 0.02059549 0.01850809 0.01444190 0.13532896 0.22675893 0.03155389 0.07943447 0.04796568 0.01843079 0.04260539 0.04770008 0.00644023 0.02279359 0.11911996
19 0.12332200 0.03378590 0.04615150 0.16418400 0.01386580 0.03691910 0.11098800 0.03201880 0.01435120 0.02746780 0.04271820 0.04723080 0.01524960 0.05911200 0.03951460 0.08180000 0.04214170 0.01104040 0.02527600 0.03286260
20 0.06794935 0.04428403 0.07108355 0.14911611 0.00667075 0.05753164 0.20192116 0.05049204 0.02720912 0.02381562 0.02882382 0.06711855 0.01330941 0.01151121 0.02480532 0.06359845 0.04264613 0.00369389 0.01470501 0.02971482
21 0.07568345 0.03147152 0.08471715 0.16185510 0.02493342 0.03683842 0.11394007 0.07146015 0.02281031 0.02601502 0.02297611 0.04784283 0.01452871 0.00999825 0.03080562 0.12631008 0.05642174 0.00489872 0.01127611 0.02521722
22 0.06497482 0.04161501 0.08215662 0.20331506 0.01148410 0.04328751 0.17885405 0.05493482 0.02197851 0.02159301 0.02269431 0.06246162 0.01142260 0.01065030 0.02187901 0.06663102 0.03803841 0.00423521 0.01371990 0.02407411
23 0.04756160 0.27092898 0.04039740 0.03420710 0.01234460 0.05052880 0.04488560 0.03206690 0.02575130 0.01691700 0.03988120 0.19512998 0.02353200 0.01425440 0.01454140 0.04478620 0.04336370 0.00476909 0.01503290 0.02911990
24 0.04526530 0.10121999 0.03927050 0.03510170 0.01863670 0.05532519 0.04724130 0.02006950 0.04060180 0.02801790 0.06159439 0.11873599 0.02198450 0.08097679 0.01956660 0.04804950 0.03780630 0.01429820 0.13579199 0.03044590
25 0.25211608 0.02408631 0.02454131 0.02778851 0.03220271 0.02518061 0.03371921 0.07980462 0.01339560 0.04258051 0.06024222 0.02956531 0.01844371 0.02011121 0.03476981 0.13962904 0.06503422 0.00362099 0.01433110 0.05883692
26 0.07916623 0.07446603 0.04034106 0.03045337 0.01328829 0.04878146 0.03937436 0.02044488 0.02066758 0.02821607 0.05812405 0.13023788 0.02513388 0.07625213 0.03105837 0.13631388 0.07040314 0.01224189 0.02872637 0.03630907
27 0.05515609 0.18700398 0.04965449 0.05027569 0.01208480 0.05577199 0.06585519 0.03194110 0.02681820 0.02090400 0.04115879 0.19003298 0.02079630 0.01470080 0.02855530 0.05650119 0.04397779 0.00435243 0.01563710 0.02882180
28 0.25430919 0.02369422 0.02437002 0.02897902 0.03229332 0.02502822 0.03446833 0.07971716 0.01335651 0.04254683 0.06073174 0.02901742 0.01851611 0.01933921 0.03547533 0.13933910 0.06317415 0.00378907 0.01343531 0.05841974
29 0.05401942 0.01829871 0.01132610 0.00769842 0.01212160 0.01301910 0.01221050 0.01331630 0.01384841 0.15266106 0.31440012 0.01756941 0.06955393 0.06489862 0.01145210 0.02275391 0.02921331 0.00760361 0.02848731 0.12554805
30 0.04140560 0.01628150 0.01203870 0.01033150 0.01528140 0.01472640 0.01311430 0.01510120 0.03058730 0.06846169 0.16598599 0.01650030 0.03465950 0.20762298 0.00969079 0.03708230 0.03205780 0.02811020 0.16599599 0.06496459
31 0.09011638 0.03233069 0.03619999 0.11350198 0.01412920 0.04198499 0.06750929 0.02926339 0.01440950 0.02762509 0.02554809 0.05150289 0.01852060 0.01720640 0.21979096 0.09949828 0.04727549 0.01095270 0.01274630 0.02988779
32 0.17502313 0.01845731 0.05557364 0.03804023 0.02387652 0.01928591 0.03295892 0.29988322 0.01744461 0.01216221 0.01854561 0.02262342 0.00788181 0.00784671 0.01699331 0.14786711 0.04804454 0.00447305 0.00859002 0.02442872
33 0.15892789 0.03271168 0.07199215 0.04372127 0.02213509 0.03282408 0.05890706 0.04404307 0.01531439 0.04704027 0.04835607 0.04241507 0.01831329 0.01557629 0.02791988 0.11351292 0.07918865 0.00333807 0.01718589 0.10657693
34 0.03844319 0.00418863 0.00290763 0.00156861 0.01188530 0.00764227 0.00432934 0.00578592 0.00497866 0.32513690 0.11209396 0.00535578 0.03875319 0.02343999 0.00357360 0.01271030 0.03328829 0.00169008 0.00690850 0.35531989
35 0.15850200 0.02934590 0.04611580 0.03667460 0.02616140 0.03384710 0.04133670 0.06660070 0.01668970 0.03219150 0.03336140 0.03765840 0.01766140 0.02106810 0.03541340 0.19854899 0.10677800 0.00537233 0.01553570 0.04113690
36 0.10550404 0.04873532 0.05516722 0.03754301 0.02016131 0.10444604 0.05795132 0.03810841 0.02706511 0.02217561 0.03773961 0.05781332 0.01953781 0.01659291 0.03546811 0.17390407 0.08666133 0.00435142 0.01659651 0.03447751
37 0.21268612 0.02443791 0.03476272 0.02161491 0.03050562 0.07245604 0.03792542 0.03388462 0.01535761 0.01970171 0.03196662 0.03448992 0.01505111 0.01666821 0.04098202 0.21232712 0.09467275 0.00270344 0.01174001 0.03606612
38 0.06527752 0.04098011 0.08226602 0.20267705 0.01193890 0.04376551 0.17980205 0.05595211 0.02152211 0.02204051 0.02314941 0.06194942 0.01172560 0.01026540 0.02080251 0.06587512 0.03788361 0.00409774 0.01351250 0.02451681
39 0.35918387 0.00962557 0.01562779 0.01630469 0.07320887 0.02104959 0.01003740 0.08628227 0.01320950 0.02579239 0.03623589 0.01522279 0.01145010 0.01115130 0.02093389 0.16498294 0.04784318 0.00187638 0.01162560 0.04835598
40 0.15808301 0.02900160 0.04625400 0.03680930 0.02577170 0.03415510 0.04171600 0.06999181 0.01734160 0.03119460 0.03460300 0.03661170 0.01729350 0.02177310 0.03622270 0.19595002 0.10536901 0.00529981 0.01607730 0.04048110
41 0.35778014 0.00848535 0.01749871 0.01492541 0.04231762 0.01777961 0.01684671 0.08024673 0.00905784 0.01728431 0.02189691 0.01645641 0.00818391 0.01228390 0.02846301 0.20948608 0.07652813 0.00180787 0.00681715 0.03585421
42 0.32834305 0.01041420 0.02041610 0.01735100 0.03914621 0.01956650 0.02054570 0.07703521 0.00952469 0.01852700 0.02321960 0.01906770 0.00954196 0.01406040 0.03033320 0.21142503 0.08492001 0.00223762 0.00758297 0.03674181
43 0.14026202 0.01868850 0.01288520 0.01219630 0.02122730 0.01934270 0.01620840 0.03239571 0.01345010 0.11525402 0.24139204 0.01869820 0.05222271 0.04220401 0.01543490 0.05901761 0.03964681 0.00543233 0.01758710 0.10645402
44 0.10987007 0.03811262 0.04057823 0.02923992 0.01810271 0.03362302 0.03936542 0.03682002 0.01721661 0.05462953 0.05684184 0.04086603 0.02733702 0.02655232 0.02990272 0.15017909 0.16397810 0.00501547 0.01616681 0.06560244
45 0.03969600 0.00459864 0.00322533 0.00180693 0.01197370 0.00785301 0.00473795 0.00601753 0.00524538 0.31684696 0.12075099 0.00561851 0.04012610 0.02470950 0.00396946 0.01370130 0.03322270 0.00195578 0.00729430 0.34664996
46 0.06549451 0.04226211 0.08200071 0.20368804 0.01173050 0.04326061 0.17829803 0.05364841 0.02122830 0.02188790 0.02326360 0.06263881 0.01151780 0.01057020 0.02240260 0.06584851 0.03755761 0.00429552 0.01411020 0.02429600
47 0.03642700 0.36378503 0.03094350 0.02084180 0.01322990 0.04502030 0.03382920 0.01547400 0.02474520 0.00392503 0.01601670 0.27720902 0.02257420 0.00730136 0.00586237 0.02541870 0.02898960 0.00180573 0.00982193 0.01677940
48 0.15947397 0.02854619 0.04675459 0.03633179 0.02535789 0.03509919 0.04192429 0.06573809 0.01674900 0.03092119 0.03441109 0.03760209 0.01791310 0.02124440 0.03692299 0.19820696 0.10562698 0.00506941 0.01553540 0.04057139
49 0.05527678 0.07848067 0.05886758 0.07952007 0.00707282 0.06900647 0.12686695 0.02412329 0.02637409 0.03160189 0.10136996 0.12817695 0.01892069 0.01881379 0.02884209 0.05395558 0.03750699 0.00395545 0.01457719 0.03669069
50 0.06937148 0.13024516 0.05360827 0.03438644 0.01268992 0.05156736 0.04888046 0.02516953 0.02600363 0.02047502 0.03632224 0.15418819 0.02436693 0.01508782 0.02904064 0.09075911 0.12467515 0.00421249 0.01388802 0.03506214
51 0.15849101 0.02928280 0.04545460 0.03554880 0.02520490 0.03430190 0.04153820 0.06734990 0.01713420 0.03108990 0.03356270 0.03763540 0.01754870 0.02203190 0.03593740 0.19792401 0.10739201 0.00528683 0.01585050 0.04143430
52 0.03654531 0.36338912 0.03063661 0.02158801 0.01326950 0.04459151 0.03419211 0.01539231 0.02447481 0.00404365 0.01564441 0.27717109 0.02263671 0.00743992 0.00612334 0.02545751 0.02869961 0.00194804 0.00989812 0.01685831
53 0.04960487 0.01033739 0.00940587 0.00983495 0.01483959 0.01148339 0.01295139 0.01072279 0.00964389 0.24335487 0.18711790 0.01207729 0.05144947 0.03627388 0.01033729 0.02718199 0.03650588 0.00487851 0.01538089 0.23661787
54 0.15729813 0.02866952 0.04679024 0.03701943 0.02476052 0.03448603 0.04245153 0.07034106 0.01715671 0.03087013 0.03330433 0.03773863 0.01746911 0.02114252 0.03477753 0.19701716 0.10698709 0.00530868 0.01538751 0.04102413
55 0.04053960 0.27364002 0.03982670 0.05545540 0.00893739 0.05906800 0.09054351 0.01658780 0.02499800 0.00658780 0.02010620 0.23421901 0.01999770 0.00734505 0.00849164 0.03293060 0.03140740 0.00199926 0.01061830 0.01670060
56 0.06787908 0.06183768 0.07238968 0.10598796 0.00640521 0.05964668 0.15750695 0.04644838 0.02675669 0.01713969 0.02517859 0.10439196 0.01281200 0.00983968 0.03344839 0.10013997 0.05310878 0.00357135 0.01165680 0.02385449
57 0.10914094 0.01573699 0.03303368 0.02762289 0.03331358 0.02022049 0.02677959 0.01763169 0.01264769 0.08988975 0.03188608 0.02317489 0.02455619 0.02090089 0.02114039 0.21929289 0.19055490 0.00540961 0.01372899 0.06333787
58 0.25879895 0.01678260 0.03884989 0.06898539 0.03154629 0.02102460 0.05100529 0.20403896 0.01762540 0.01086760 0.02180700 0.02278500 0.00691333 0.00744272 0.01873910 0.12392098 0.04068499 0.00298180 0.00745565 0.02774449
59 0.04303907 0.01532089 0.02952728 0.01394709 0.02866318 0.02847008 0.02053089 0.01704249 0.03661508 0.09282704 0.07691985 0.02135989 0.03472028 0.11172593 0.01517919 0.05522897 0.07965705 0.02868118 0.18906189 0.06148266
60 0.03964156 0.00471939 0.00309758 0.00171443 0.01193419 0.00746860 0.00457093 0.00611311 0.00538068 0.31435465 0.12779086 0.00573224 0.04141045 0.02521697 0.00406197 0.01387018 0.03313006 0.00203481 0.00743869 0.34031863
61 0.05398059 0.01806210 0.01103110 0.00755479 0.01207810 0.01254840 0.01184130 0.01387580 0.01383080 0.15206797 0.31437594 0.01705030 0.06947139 0.06619549 0.01160820 0.02231190 0.02944389 0.00756150 0.02916949 0.12594098
62 0.04754010 0.01089050 0.00204541 0.00076086 0.01009140 0.00240938 0.00486697 0.00697870 0.00742459 0.19162199 0.36845398 0.00526627 0.08504530 0.05159120 0.00445861 0.00925321 0.02518530 0.00507977 0.00861848 0.15241799
63 0.03961852 0.00477662 0.00333984 0.00163567 0.01194441 0.00756522 0.00471367 0.00617703 0.00544730 0.31372518 0.12847107 0.00566195 0.04139822 0.02553921 0.00404382 0.01362641 0.03299302 0.00203809 0.00751352 0.33977119
64 0.07102102 0.03444461 0.07990312 0.25243108 0.00178397 0.04179471 0.26727708 0.02594581 0.01427560 0.01749441 0.01756121 0.06251492 0.00595791 0.00551169 0.01068740 0.03658061 0.02026631 0.00132362 0.01178320 0.02144171
65 0.08736905 0.02773408 0.04390187 0.04448537 0.06925396 0.03904658 0.08141975 0.03537508 0.02098709 0.04678167 0.03100228 0.03773008 0.02915168 0.01599589 0.02698808 0.12684492 0.16215290 0.00585042 0.01830999 0.04961927
66 0.08476697 0.01724391 0.01666621 0.01108971 0.02342872 0.02466822 0.01518401 0.02094042 0.03243473 0.06815125 0.18181515 0.01750931 0.03557073 0.13255511 0.01069531 0.04027933 0.02771562 0.01814081 0.15381612 0.06732835
67 0.23072392 0.01208690 0.02258989 0.02362629 0.02016429 0.02784739 0.04689228 0.03645519 0.00781730 0.02226799 0.01663479 0.03098569 0.01132340 0.00992259 0.20929093 0.17653794 0.05363688 0.00476817 0.00698169 0.02944649
68 0.04026847 0.02407228 0.11432992 0.18765286 0.00305787 0.05127016 0.20013686 0.11738192 0.04054417 0.01004239 0.01421549 0.05451736 0.00602685 0.00387287 0.00688909 0.06543935 0.03787437 0.00115388 0.00792615 0.01332769
69 0.04922298 0.01063350 0.00938062 0.01004300 0.01518009 0.01153810 0.01259000 0.01084500 0.00967866 0.24381292 0.18728894 0.01256140 0.05088558 0.03653149 0.01030320 0.02630609 0.03637029 0.00503116 0.01502909 0.23676792
70 0.05830455 0.02884823 0.06679746 0.18871817 0.01943582 0.04095434 0.18725117 0.03290923 0.01764082 0.05306075 0.02184172 0.05049755 0.01421741 0.01008151 0.02187722 0.06935246 0.06914746 0.00641870 0.01295161 0.02969383
71 0.05822184 0.03531883 0.01676901 0.01653371 0.01765741 0.02519862 0.02101922 0.01858841 0.01474471 0.13303710 0.22284516 0.03199562 0.07953746 0.04911634 0.01949691 0.04342403 0.04789233 0.00660338 0.02387682 0.11812309
72 0.03917010 0.00412535 0.00353580 0.00199333 0.01276910 0.00800097 0.00482787 0.00614166 0.00516055 0.32366900 0.10263400 0.00557630 0.03737630 0.02269890 0.00398661 0.01597680 0.03878980 0.00181582 0.00700375 0.35474800
73 0.15800306 0.03115271 0.04970542 0.10214104 0.01136270 0.04295012 0.15607006 0.03749142 0.01664911 0.02381021 0.02660561 0.04921132 0.01409231 0.01193760 0.05220662 0.10147204 0.05992022 0.00343259 0.01351191 0.03827392
74 0.10875688 0.03839236 0.03969126 0.02938417 0.01876818 0.03297636 0.03937616 0.03472026 0.01726908 0.05685994 0.05853834 0.04066126 0.02764067 0.02649807 0.02916077 0.14970784 0.16149783 0.00529847 0.01626048 0.06854163
75 0.06761951 0.02625440 0.04947901 0.11480902 0.01255900 0.04601121 0.16616703 0.02538750 0.01932090 0.09198641 0.07069151 0.04693281 0.02203250 0.02100190 0.02609340 0.05804571 0.04064191 0.00671604 0.01782950 0.07042071
76 0.08938834 0.07086163 0.05908973 0.14396606 0.00518773 0.05339012 0.19577809 0.02627911 0.01903901 0.01800031 0.02289601 0.10512305 0.01183611 0.00874929 0.03268411 0.05889353 0.03838092 0.00298493 0.01217441 0.02529751
77 0.25274189 0.02424149 0.02486049 0.02915589 0.03175739 0.02509149 0.03507029 0.07950637 0.01320249 0.04288518 0.06064987 0.02904579 0.01895479 0.01977299 0.03430869 0.13805794 0.06457507 0.00372862 0.01323059 0.05916268
78 0.05041549 0.01039500 0.00956070 0.00999776 0.01500890 0.01112650 0.01300540 0.01043850 0.00962052 0.24201393 0.18703795 0.01245450 0.05099599 0.03701999 0.01090870 0.02720999 0.03641889 0.00520541 0.01576200 0.23540393
79 0.05331912 0.01792071 0.01110530 0.00782450 0.01215230 0.01334830 0.01224440 0.01379030 0.01406120 0.15210904 0.31342909 0.01742711 0.06933312 0.06585952 0.01179050 0.02237051 0.02919521 0.00770911 0.02922461 0.12578604
80 0.16760397 0.01945910 0.05620729 0.03851059 0.02277390 0.01955440 0.03346409 0.32066495 0.01758780 0.01101330 0.01865500 0.02289480 0.00776214 0.00747496 0.01662660 0.13899398 0.04389709 0.00443309 0.00840708 0.02401590
81 0.05573156 0.01512099 0.01455999 0.01157119 0.03963797 0.01746079 0.01036099 0.01881969 0.03735727 0.06237716 0.13786390 0.01544699 0.02975828 0.18328087 0.00948559 0.04420747 0.02964948 0.02355018 0.18453387 0.05922576
82 0.04602588 0.01006620 0.00408209 0.00314906 0.01322009 0.00597222 0.00642309 0.00807956 0.00739969 0.22405591 0.27926988 0.00708046 0.07439857 0.04291098 0.00601918 0.01550309 0.03166659 0.00457847 0.01063810 0.19946092
83 0.13653901 0.01909850 0.03355620 0.01673600 0.01461770 0.02489230 0.03000630 0.02042270 0.01000430 0.02449070 0.01497430 0.02323970 0.01641140 0.02274440 0.01820570 0.27152401 0.25582701 0.00232611 0.00919095 0.03519270
84 0.25225318 0.02349682 0.02447102 0.02851262 0.03261342 0.02533142 0.03504142 0.07973806 0.01338391 0.04346233 0.06117194 0.02909522 0.01890981 0.01888191 0.03582793 0.13792910 0.06377124 0.00362370 0.01342891 0.05905604
85 0.04691599 0.00994204 0.00208974 0.00065031 0.01002370 0.00258981 0.00477053 0.00684493 0.00706803 0.20870296 0.34014694 0.00522051 0.07866759 0.04693769 0.00421116 0.00927128 0.02586660 0.00444769 0.00766654 0.17796597
86 0.13287190 0.02464248 0.07837144 0.05189746 0.02330108 0.03239988 0.06235906 0.02719808 0.01736679 0.09553003 0.05940706 0.04331367 0.02097038 0.01801449 0.03590667 0.11517292 0.06461685 0.00532042 0.02086458 0.07047475
87 0.12766487 0.02291758 0.04466026 0.03187927 0.01511288 0.02405478 0.02809637 0.34211266 0.01486889 0.01382299 0.02304608 0.02572197 0.01089549 0.00773816 0.09113871 0.09679840 0.03631506 0.00544495 0.00948566 0.02822497
88 0.22178719 0.01432021 0.02179702 0.02432312 0.02053992 0.03089403 0.04644554 0.03962543 0.00980042 0.02372942 0.02595822 0.03434843 0.01380321 0.01002311 0.23240020 0.13355511 0.04782664 0.00486449 0.00788517 0.03607313
89 0.10957098 0.03926839 0.04010279 0.02966999 0.01830550 0.03313719 0.03964179 0.03626449 0.01761530 0.05400809 0.05709299 0.04090259 0.02730520 0.02640220 0.03043739 0.14924297 0.16317697 0.00539927 0.01610770 0.06634819
90 0.05406579 0.01837100 0.01069910 0.00717611 0.01195400 0.01296380 0.01191660 0.01365980 0.01373740 0.15265396 0.31536391 0.01700800 0.06938888 0.06538008 0.01156380 0.02170279 0.02939859 0.00756986 0.02896459 0.12646197
91 0.06801444 0.04434713 0.07140385 0.15085410 0.00634437 0.05821554 0.20454013 0.04992333 0.02712412 0.02339412 0.02862252 0.06687274 0.01298461 0.01176801 0.02291421 0.06353654 0.04162913 0.00335768 0.01471501 0.02943842
92 0.25372495 0.02408900 0.02459600 0.02891449 0.03200209 0.02505029 0.03492579 0.08079118 0.01337800 0.04272039 0.06027579 0.02896119 0.01865720 0.01919850 0.03540329 0.13865797 0.06359949 0.00356010 0.01314260 0.05835169
93 0.06044740 0.01471320 0.01164640 0.00994788 0.01463430 0.01534380 0.01593820 0.01709650 0.00964506 0.22973100 0.14699200 0.01540100 0.04297830 0.03216870 0.01200960 0.03340260 0.04181450 0.00384935 0.01511120 0.25712900
94 0.05216275 0.13359112 0.05713545 0.11260910 0.00636890 0.06214345 0.16191614 0.02984913 0.02557012 0.01408201 0.02384132 0.16231814 0.01438441 0.00837264 0.01957622 0.04679254 0.03412383 0.00288920 0.01196491 0.02030862
95 0.04552789 0.01340800 0.00979014 0.00926947 0.01456960 0.01234110 0.01156490 0.03348039 0.02434869 0.09041288 0.23469894 0.01153650 0.04781879 0.16300896 0.00674425 0.02779349 0.02614429 0.02628929 0.11332697 0.07792548
96 0.06893012 0.02905681 0.02017411 0.01262070 0.01409680 0.02185591 0.01862511 0.01973911 0.01530321 0.12160304 0.24345008 0.02725791 0.05687942 0.04820462 0.01997831 0.04958072 0.07678313 0.00657456 0.01768531 0.11160104
97 0.15702196 0.02901379 0.04615679 0.03619619 0.02517159 0.03417629 0.04219499 0.06914338 0.01686650 0.03150149 0.03447429 0.03763399 0.01790060 0.02154550 0.03617669 0.19739795 0.10543398 0.00509373 0.01612890 0.04077139
98 0.05890739 0.03373950 0.08726949 0.24968598 0.00219438 0.04400550 0.25623298 0.03668480 0.01835860 0.01687460 0.01687130 0.06330459 0.00607846 0.00523967 0.00896502 0.04002460 0.02283770 0.00159896 0.01134960 0.01977690
99 0.05859063 0.03391171 0.08753344 0.24944711 0.00239045 0.04408282 0.25560211 0.03706112 0.01819961 0.01691321 0.01664291 0.06314623 0.00622767 0.00504227 0.00935452 0.04013012 0.02318111 0.00161245 0.01145451 0.01947601
100 0.05379539 0.01836360 0.01107320 0.00801941 0.01221300 0.01376200 0.01232540 0.01413520 0.01409360 0.15202098 0.31236395 0.01692050 0.06915499 0.06537919 0.01198080 0.02236620 0.02931020 0.00759484 0.02915360 0.12597398
101 0.15951103 0.02792110 0.04540741 0.03630821 0.02524670 0.03334961 0.04092421 0.06875061 0.01667970 0.03176271 0.03417641 0.03631131 0.01722780 0.02158090 0.03611941 0.19941803 0.10686702 0.00565233 0.01542690 0.04135861
102 0.17640991 0.03111178 0.02868299 0.02501869 0.03021588 0.08740245 0.04631678 0.03094238 0.02245179 0.05528987 0.05452477 0.03800258 0.02008569 0.01731299 0.03800158 0.09928915 0.06128617 0.00394262 0.01765399 0.11605794
103 0.11182311 0.02633033 0.05468425 0.03432053 0.01313711 0.01808922 0.03531573 0.44103144 0.01727512 0.01193391 0.02275892 0.02425282 0.00742375 0.00852423 0.01405521 0.08963379 0.02959323 0.00472855 0.01061771 0.02447102
104 0.04184330 0.01723020 0.01198650 0.01023200 0.01530740 0.01472840 0.01313170 0.01520650 0.03015650 0.07068490 0.16918501 0.01681760 0.03533820 0.20544301 0.00931976 0.03538020 0.03122690 0.02777390 0.16277001 0.06623800
105 0.09494537 0.01272420 0.01314000 0.01378560 0.04605748 0.01746739 0.01168070 0.02167449 0.01163000 0.19543393 0.11239296 0.01479139 0.03771229 0.02725149 0.01464649 0.05497228 0.04604958 0.00358205 0.01769939 0.23236292
106 0.03955261 0.00461174 0.00314471 0.00154718 0.01200770 0.00772337 0.00455888 0.00603824 0.00535493 0.31570206 0.12521902 0.00572862 0.04102681 0.02526870 0.00408342 0.01354300 0.03303601 0.00193247 0.00739545 0.34252507
107 0.12599397 0.06763158 0.04152809 0.02669189 0.01656390 0.04711439 0.04786989 0.02276469 0.02037849 0.02605189 0.03823679 0.10105097 0.02590589 0.02256609 0.02641599 0.10062297 0.13111497 0.00780445 0.05623159 0.04746149
108 0.04641739 0.01007000 0.00190751 0.00061300 0.00984510 0.00241609 0.00477595 0.00682941 0.00769190 0.20073397 0.34696794 0.00497343 0.07957579 0.05392449 0.00404315 0.00917785 0.02543560 0.00535777 0.01148870 0.16775497
109 0.05774696 0.03570018 0.01704709 0.01616079 0.01686679 0.02536218 0.02197099 0.01794069 0.01453759 0.13439692 0.22766986 0.03150968 0.07874785 0.04824037 0.01888719 0.04203357 0.04749207 0.00628872 0.02262659 0.11877393
110 0.03882052 0.31236120 0.05499264 0.02483632 0.01100011 0.05350293 0.03775712 0.01664071 0.03013632 0.00616757 0.02590182 0.24248716 0.02008501 0.00707172 0.00760514 0.03829082 0.04084293 0.00163309 0.00986275 0.02000411
111 0.06807880 0.04499170 0.07136830 0.14925299 0.00661100 0.05797560 0.20206299 0.04986230 0.02715500 0.02353320 0.02924000 0.06683430 0.01316460 0.01193380 0.02295840 0.06431720 0.04250450 0.00346255 0.01475070 0.02994210
112 0.11728610 0.02146632 0.05291905 0.02552212 0.01244141 0.01004281 0.02232832 0.51377645 0.01135371 0.00565382 0.01301901 0.01758002 0.00433210 0.00381787 0.01253461 0.10116709 0.02512372 0.00409430 0.00634824 0.01919292
113 0.01947810 0.00924113 0.01012020 0.00480399 0.01870920 0.01078760 0.00473518 0.01227000 0.04990789 0.02676940 0.11736799 0.00793170 0.01478010 0.28834897 0.00319682 0.01798000 0.01090130 0.03667570 0.30696296 0.02903180
114 0.22238396 0.01822570 0.03074200 0.01915760 0.02422930 0.01058910 0.01607020 0.39994294 0.01107710 0.00930245 0.01890520 0.01572460 0.00538637 0.00533459 0.01504770 0.11228298 0.02926630 0.00341440 0.00723865 0.02567890
115 0.15863987 0.02955468 0.04623966 0.03612127 0.02488958 0.03392277 0.04115827 0.06916115 0.01648719 0.03094128 0.03502897 0.03715877 0.01792239 0.02241108 0.03443387 0.19752884 0.10671692 0.00536619 0.01577689 0.04054037
116 0.03590850 0.02001870 0.02200360 0.01594390 0.02196710 0.02397950 0.02019070 0.02058980 0.04958570 0.03816020 0.10238599 0.02072310 0.01988550 0.19904199 0.00990367 0.03375040 0.02341560 0.02815710 0.25449398 0.03989500
117 0.04737015 0.27186771 0.04033186 0.03481156 0.01220789 0.05051425 0.04488015 0.03176787 0.02596027 0.01694918 0.03992406 0.19603879 0.02401847 0.01400388 0.01425828 0.04443275 0.04231385 0.00446898 0.01504818 0.02883187
118 0.01985229 0.00880297 0.00970042 0.00460527 0.01859129 0.01002950 0.00407143 0.01140210 0.04854528 0.02996619 0.13210796 0.00763991 0.01724639 0.28571391 0.00275562 0.01650699 0.01035840 0.03321559 0.29819990 0.03068859
119 0.05434822 0.01873261 0.01101780 0.00787150 0.01199100 0.01326050 0.01278400 0.01408041 0.01391091 0.15211705 0.31298711 0.01703611 0.06930422 0.06464882 0.01146340 0.02288441 0.02979771 0.00770774 0.02813341 0.12592305
120 0.10256803 0.01243790 0.00843577 0.00792957 0.01849120 0.01041400 0.01184130 0.04411441 0.01083510 0.15949704 0.27177307 0.01052250 0.06143132 0.03975951 0.00900086 0.03815671 0.03355891 0.00582855 0.01207420 0.13133003
121 0.04918239 0.01195690 0.00408614 0.00184698 0.01043230 0.00520261 0.00612811 0.00774427 0.00822024 0.19696098 0.33311296 0.00762543 0.07615489 0.04831229 0.00571858 0.01239730 0.02700810 0.00481126 0.01044030 0.17265798
122 0.04756972 0.03358142 0.05028402 0.02632691 0.02401071 0.13870807 0.06163393 0.03117372 0.09461825 0.07892894 0.06461133 0.05871703 0.02304821 0.02891711 0.03041091 0.05360273 0.03681872 0.00735931 0.05621863 0.05346033
123 0.05741425 0.03409647 0.01646439 0.01554669 0.01713469 0.02477688 0.02031028 0.01803378 0.01415359 0.13639888 0.22872680 0.03068377 0.07961793 0.04908606 0.01813538 0.04174106 0.04774956 0.00684066 0.02262098 0.12046790
124 0.05681749 0.02026379 0.11409897 0.09534868 0.00905035 0.04304179 0.11832197 0.15630396 0.04004089 0.01161950 0.01670120 0.04012999 0.00984957 0.00718345 0.01401550 0.12776697 0.08760768 0.00275233 0.00861626 0.02046969
125 0.06378762 0.02161241 0.09047223 0.04542572 0.00671744 0.01535271 0.04367191 0.50076417 0.02042661 0.00370082 0.01103080 0.02321611 0.00345508 0.00235444 0.00973645 0.08741493 0.02816211 0.00290602 0.00528051 0.01451190
126 0.05934320 0.03864340 0.05491900 0.02728100 0.01508680 0.04600410 0.03046750 0.02633510 0.06817810 0.02658000 0.04797980 0.05549060 0.02563780 0.01384560 0.20483200 0.07847680 0.12136700 0.00539568 0.02117490 0.03296160
127 0.05029189 0.01061660 0.00991572 0.01019930 0.01487560 0.01141690 0.01352020 0.01083690 0.00959095 0.24193097 0.18695098 0.01242030 0.05105059 0.03644820 0.01051730 0.02784330 0.03741580 0.00490725 0.01528730 0.23396397
128 0.06190204 0.01532641 0.01174141 0.01047541 0.01449811 0.01516641 0.01603301 0.01637651 0.00951478 0.22743016 0.14703110 0.01625171 0.04291903 0.03290062 0.01309481 0.03376622 0.04145203 0.00391032 0.01525971 0.25495018
129 0.06885430 0.07284950 0.04920130 0.05212940 0.01522650 0.13525001 0.08326720 0.03995080 0.04052300 0.02852300 0.04923810 0.08223220 0.02444390 0.01944450 0.03722270 0.07673820 0.05295030 0.00527945 0.02564520 0.04103040
130 0.06906240 0.07414710 0.04902200 0.05206910 0.01510150 0.13413500 0.08399130 0.03855960 0.04018560 0.02890220 0.04902610 0.08300140 0.02497250 0.01984040 0.03537650 0.07693880 0.05311420 0.00524528 0.02677580 0.04053320
131 0.06464821 0.04218881 0.08284501 0.20132303 0.01178610 0.04352801 0.17768203 0.05536741 0.02203530 0.02170470 0.02339790 0.06262411 0.01157290 0.01066520 0.02076240 0.06663641 0.03865381 0.00446165 0.01392770 0.02418930
132 0.07470851 0.01865530 0.01830090 0.01063510 0.01564300 0.01886830 0.01954840 0.01506510 0.00963619 0.19302902 0.09723851 0.01972190 0.03497010 0.02588340 0.01514200 0.06543161 0.09161481 0.00399593 0.01220390 0.23970802
133 0.04735979 0.27301293 0.03977449 0.03455469 0.01214760 0.05050059 0.04501839 0.03121669 0.02576949 0.01700520 0.03962109 0.19573095 0.02361259 0.01433380 0.01464530 0.04405949 0.04276699 0.00450246 0.01522450 0.02914299
134 0.05385951 0.01913210 0.01100490 0.00765157 0.01216470 0.01307290 0.01236100 0.01443460 0.01385900 0.15175902 0.31134905 0.01795120 0.06881051 0.06577711 0.01205410 0.02259390 0.02942960 0.00773517 0.02956900 0.12543102
135 0.11096700 0.02685330 0.05498440 0.03503830 0.01307740 0.01837570 0.03518530 0.43932099 0.01754620 0.01221380 0.02306130 0.02428440 0.00777164 0.00904130 0.01380780 0.08907490 0.02878060 0.00511638 0.01104740 0.02445190
136 0.14066511 0.02073802 0.03690463 0.02001302 0.01678941 0.02636202 0.03193472 0.02542652 0.01103431 0.02563852 0.01732301 0.02568052 0.01741391 0.02206472 0.01994992 0.26065620 0.23274618 0.00288770 0.00971644 0.03605513
137 0.06485372 0.04277051 0.08241882 0.20099606 0.01157190 0.04327851 0.17760905 0.05623912 0.02151531 0.02161481 0.02325721 0.06269812 0.01162950 0.01012390 0.02221401 0.06683212 0.03802301 0.00431812 0.01393610 0.02410011
138 0.04000231 0.02134340 0.02132130 0.01193480 0.02855061 0.02993401 0.01600380 0.01581940 0.03823041 0.06199751 0.13175303 0.02312480 0.06475171 0.14356803 0.01319130 0.03564321 0.03716601 0.02020250 0.19200604 0.05345581
139 0.15877604 0.02895401 0.04654741 0.03612471 0.02481811 0.03394971 0.04110191 0.06701602 0.01687410 0.03122981 0.03454541 0.03718801 0.01790450 0.02187971 0.03511951 0.19933105 0.10679003 0.00532106 0.01539190 0.04113701
140 0.04419281 0.18705603 0.05209081 0.02079400 0.00783098 0.07008051 0.03433201 0.01261900 0.02804370 0.03037290 0.11630402 0.17872303 0.02479480 0.01731550 0.02189380 0.05232331 0.04440711 0.00335366 0.01374290 0.03972911
141 0.04102448 0.01663749 0.01680999 0.02773079 0.01189130 0.02507899 0.05248928 0.02124309 0.02015559 0.09532176 0.11622095 0.02593009 0.02786059 0.15798394 0.02067279 0.05233128 0.03968758 0.08454867 0.08777646 0.05860488
142 0.03836709 0.00420911 0.00515860 0.00282997 0.01310640 0.01843670 0.00747025 0.00646293 0.00648299 0.33334291 0.05819878 0.00842834 0.02813579 0.01849970 0.00591337 0.01743740 0.03566579 0.00156963 0.00798738 0.38229690
143 0.04295551 0.04753351 0.10787501 0.15207002 0.00635517 0.04862141 0.14520402 0.13731902 0.03832540 0.01045930 0.01665730 0.08006351 0.00846649 0.00530817 0.01122680 0.07297731 0.04214381 0.00320602 0.00824342 0.01498880
144 0.15798309 0.02854362 0.04626393 0.03693842 0.02537571 0.03450342 0.04228822 0.06842334 0.01700001 0.03160422 0.03397702 0.03700272 0.01754481 0.02169711 0.03512532 0.19673812 0.10731206 0.00503711 0.01530561 0.04133612
145 0.06747252 0.04499901 0.07147832 0.15120104 0.00649778 0.05851741 0.20366605 0.04899191 0.02727511 0.02358541 0.02876301 0.06739512 0.01305280 0.01147130 0.02314661 0.06316252 0.04150781 0.00340587 0.01504350 0.02936691
146 0.15606287 0.04947506 0.03748397 0.04025407 0.02416698 0.11773390 0.06852164 0.03779547 0.03111767 0.02443428 0.04684096 0.05692875 0.02062138 0.01522879 0.04204137 0.10589691 0.05898715 0.00405732 0.01941668 0.04293476
147 0.06898207 0.07287267 0.05019668 0.05306748 0.01530499 0.13349895 0.08454577 0.03952128 0.04048938 0.02891869 0.04857508 0.08191367 0.02421779 0.01922509 0.03546359 0.07725967 0.05368018 0.00523868 0.02598159 0.04104668
148 0.07378351 0.02456750 0.02979750 0.02610070 0.01672580 0.03842530 0.02991050 0.01590810 0.01687890 0.02580560 0.04134820 0.04067600 0.06638211 0.01491100 0.27061603 0.07060291 0.14127201 0.00472930 0.01431360 0.03724540
149 0.06898462 0.07300122 0.04986741 0.05267021 0.01529870 0.13437503 0.08482462 0.04043431 0.04083001 0.02890571 0.04874151 0.08058922 0.02473811 0.01926401 0.03487651 0.07769462 0.05331051 0.00526264 0.02591211 0.04041891
150 0.04232728 0.01671819 0.01225810 0.01008110 0.01509249 0.01488229 0.01306750 0.01558619 0.03024879 0.06995517 0.16790994 0.01666999 0.03519539 0.20574992 0.00937508 0.03676429 0.03204459 0.02736109 0.16257194 0.06614067
151 0.25287793 0.02358249 0.02421769 0.02903819 0.03249209 0.02553659 0.03547629 0.07942458 0.01352580 0.04260549 0.06020788 0.02908709 0.01843829 0.01956909 0.03471539 0.13876296 0.06386388 0.00388009 0.01378130 0.05891688
152 0.03649032 0.02394451 0.05970374 0.01794841 0.02241451 0.03392542 0.02121921 0.01780821 0.06089374 0.03759942 0.12514008 0.03355302 0.02003921 0.13853508 0.01923941 0.03701552 0.02523582 0.01762611 0.21739613 0.03427212
153 0.05585080 0.03006720 0.09776630 0.20475501 0.00531353 0.04418190 0.21017901 0.06286720 0.02503300 0.01648530 0.01728960 0.05642320 0.00755815 0.00585085 0.01697180 0.07511540 0.03598920 0.00224962 0.01072520 0.01932770
154 0.12465402 0.03535991 0.06548271 0.18872203 0.01555620 0.03680331 0.16684203 0.04871411 0.01496500 0.02079350 0.02443580 0.05236581 0.01028120 0.01053230 0.02626370 0.07775781 0.03670961 0.00343372 0.01182410 0.02850311
155 0.11066793 0.02651728 0.05448346 0.03473718 0.01285149 0.01872749 0.03610548 0.43837371 0.01701599 0.01251479 0.02392498 0.02436378 0.00810794 0.00861554 0.01392099 0.08984894 0.02906898 0.00488496 0.01027129 0.02499778
156 0.01878441 0.00853330 0.01032450 0.00447791 0.01933241 0.01060880 0.00430591 0.01192500 0.05204582 0.02574841 0.11427104 0.00744115 0.01350190 0.28774310 0.00273598 0.01657161 0.00934009 0.03555711 0.31857811 0.02817341
157 0.05699330 0.08202130 0.07355930 0.22758301 0.00701020 0.04142300 0.19655001 0.02879330 0.01561040 0.01890900 0.02113940 0.08264830 0.01079430 0.00757659 0.01569530 0.04716010 0.02831000 0.00519478 0.01259550 0.02043290
158 0.05368935 0.01831148 0.01076899 0.00811595 0.01194279 0.01297959 0.01232599 0.01442309 0.01418619 0.15248287 0.31274073 0.01729399 0.06924254 0.06593584 0.01170109 0.02194528 0.02875658 0.00737909 0.02964467 0.12613389
159 0.04443219 0.01055450 0.00296038 0.00143497 0.01026550 0.00323024 0.00550560 0.00742454 0.01109350 0.17234394 0.34469489 0.00603967 0.07702738 0.08374177 0.00436967 0.01115460 0.02425199 0.00909625 0.03418349 0.13619496
160 0.05007192 0.01227160 0.00432221 0.00187840 0.01066180 0.00516207 0.00623126 0.00835362 0.00833155 0.19144307 0.33887812 0.00822840 0.07696343 0.05008592 0.00608589 0.01300770 0.02704501 0.00517755 0.01143440 0.16436606
161 0.04884889 0.26708697 0.04081350 0.03604720 0.01234780 0.05121149 0.04645319 0.03184620 0.02584660 0.01705360 0.04067640 0.19168098 0.02367910 0.01454350 0.01392920 0.04556499 0.04323079 0.00436542 0.01557210 0.02920210
162 0.09553911 0.03144670 0.03055040 0.02169300 0.01967600 0.03430240 0.02460600 0.03252620 0.01848680 0.08092211 0.19255802 0.03762320 0.03963520 0.05204021 0.02206060 0.09973751 0.04955401 0.00934519 0.02832460 0.07937271
163 0.05349819 0.01860160 0.01112160 0.00747143 0.01227360 0.01323030 0.01221200 0.01382170 0.01401850 0.15233198 0.31378396 0.01758200 0.06934709 0.06546599 0.01174490 0.02249000 0.02928070 0.00737850 0.02851200 0.12583398
164 0.04443578 0.00940024 0.00451652 0.00157879 0.01225489 0.00545800 0.00557339 0.00774452 0.01205729 0.20207891 0.28347887 0.00641597 0.06615447 0.06462377 0.00468356 0.01238759 0.02602779 0.00729668 0.04166708 0.18216591
165 0.04914122 0.01066200 0.00467570 0.00207414 0.01123890 0.00608714 0.00630562 0.00848345 0.00790676 0.21552307 0.28864310 0.00805231 0.06821582 0.04416381 0.00614737 0.01423000 0.02897101 0.00447578 0.01091070 0.20409207
166 0.01883491 0.00845718 0.01085800 0.00449338 0.01998411 0.01107240 0.00416909 0.01180230 0.05408951 0.02603661 0.11228703 0.00740390 0.01306240 0.28202808 0.00284614 0.01600470 0.00888444 0.03431521 0.32525909 0.02811151
167 0.06666185 0.02347152 0.04253283 0.08924496 0.01504191 0.03995143 0.13183009 0.02358932 0.01708881 0.12031809 0.09078327 0.04085943 0.02743482 0.02374302 0.02663282 0.05833204 0.04400283 0.00696159 0.01735381 0.09416557
168 0.04860690 0.27109399 0.04058630 0.03501940 0.01245610 0.05089060 0.04543700 0.03198250 0.02603580 0.01694590 0.04020520 0.19391799 0.02358010 0.01412940 0.01374230 0.04460730 0.04245970 0.00460563 0.01493110 0.02876680
169 0.01967539 0.00904183 0.00923516 0.00459081 0.01806859 0.00964040 0.00411717 0.01149200 0.04675248 0.02973519 0.13513995 0.00752371 0.01806599 0.28965989 0.00279931 0.01689439 0.01074780 0.03447609 0.29189289 0.03045099
170 0.07007730 0.11324700 0.03708760 0.04086160 0.01054720 0.04993330 0.03656390 0.02441940 0.02398220 0.02202170 0.04453260 0.08395000 0.02076720 0.01784870 0.20643101 0.07898550 0.06145100 0.00863447 0.01623950 0.03241880
171 0.04206352 0.01704441 0.01229011 0.01051390 0.01539131 0.01529911 0.01322821 0.01557951 0.02994741 0.06916163 0.16769107 0.01692381 0.03520632 0.20650409 0.00884166 0.03695542 0.03179131 0.02774641 0.16257607 0.06524473
172 0.04893422 0.26989612 0.04043692 0.03445942 0.01228571 0.05094372 0.04528822 0.03290591 0.02606471 0.01713161 0.04002452 0.19356309 0.02380991 0.01401141 0.01384731 0.04491652 0.04324852 0.00449116 0.01507641 0.02866461
173 0.14664596 0.01947389 0.03071509 0.03187619 0.01424560 0.03481709 0.04862679 0.02455469 0.01236860 0.02473989 0.02177789 0.03990559 0.01455950 0.01112380 0.27075792 0.15650995 0.05336028 0.00663792 0.00950037 0.02780299
174 0.12235801 0.02575250 0.06736540 0.05330890 0.02054970 0.03195400 0.05064750 0.20555801 0.02591240 0.02076800 0.03209370 0.03165920 0.01622050 0.01214000 0.01922080 0.11619401 0.09819710 0.00517425 0.01132770 0.03359830
175 0.03817297 0.00375632 0.00279197 0.00117658 0.01186449 0.00770648 0.00406993 0.00564417 0.00490731 0.33090572 0.10159691 0.00512324 0.03669437 0.02244458 0.00343048 0.01267629 0.03332247 0.00152932 0.00688573 0.36530069
176 0.05440094 0.05117404 0.05304694 0.10523708 0.00707429 0.13551810 0.19837614 0.04776903 0.04226253 0.01784051 0.02787092 0.07199245 0.01824681 0.01088531 0.01861901 0.05615184 0.03838653 0.00322310 0.01643931 0.02548512
177 0.11025402 0.02469270 0.03309281 0.03072401 0.01328990 0.04150801 0.04217511 0.02695030 0.01795850 0.03094851 0.04808651 0.04964621 0.02009150 0.01325310 0.29200905 0.09341332 0.05487591 0.00637252 0.01224200 0.03841601
178 0.04557145 0.01164409 0.01282359 0.00754166 0.01297209 0.01579918 0.01178149 0.00809996 0.00891939 0.26759471 0.13444385 0.03075047 0.03896646 0.02648767 0.01170839 0.02498747 0.03613366 0.00392373 0.00962700 0.28022370
179 0.24230007 0.01272660 0.01523550 0.01412340 0.03310111 0.01774871 0.01947301 0.05115882 0.00946626 0.09261673 0.08802193 0.01741141 0.02509511 0.01969571 0.02214021 0.10992503 0.05875172 0.00264374 0.01135890 0.13700604
