1 0.33019798 0.00727567 0.01503900 0.02053550 0.05749340 0.00975294 0.01377280 0.07493639 0.00627760 0.02612460 0.03477540 0.00864718 0.00955626 0.01103950 0.01963950 0.20035499 0.08600559 0.00110620 0.00596662 0.06150290
2 0.19338988 0.03967167 0.03006578 0.04299737 0.01671649 0.05546206 0.05493406 0.20333387 0.01953009 0.01568619 0.03035338 0.04018827 0.01289579 0.00826265 0.03277798 0.12671692 0.03737748 0.00271368 0.01296029 0.02396608
3 0.27115221 0.01441181 0.02554392 0.02254902 0.03232023 0.01782191 0.02007252 0.09936108 0.00916795 0.02250292 0.02993182 0.01713261 0.01095831 0.01212841 0.02835312 0.22103117 0.09024097 0.00202159 0.00939409 0.04390433
4 0.06840944 0.01271781 0.01306811 0.01038701 0.01463621 0.01052501 0.01357211 0.01535591 0.00729306 0.23242914 0.15616210 0.01407271 0.03349062 0.03247052 0.01071301 0.03443672 0.04474323 0.00291813 0.01414601 0.25845316
5 0.06136682 0.00893268 0.00760124 0.00378209 0.01168000 0.00821512 0.00745440 0.00875278 0.00616577 0.23124006 0.24298606 0.00712793 0.05217121 0.04402681 0.00593046 0.02201621 0.03449631 0.00293248 0.01053450 0.22258706
6 0.16195693 0.02361439 0.02019289 0.01707529 0.02169669 0.02284919 0.03569158 0.03106359 0.01137209 0.05674607 0.04402888 0.02703289 0.01920289 0.01200179 0.16586792 0.08910826 0.11990494 0.00623986 0.01031390 0.10403995
7 0.15301302 0.03390790 0.04685811 0.03925850 0.02626100 0.03114810 0.03687530 0.07751841 0.01744270 0.03035830 0.03968740 0.03819940 0.01757300 0.01756750 0.03472970 0.19829602 0.09590311 0.00506789 0.01724540 0.04308920
8 0.04616767 0.18733587 0.05336706 0.03818547 0.01075979 0.05951476 0.06579785 0.03773077 0.02680248 0.02004299 0.03412158 0.21580985 0.02129679 0.01144629 0.01693379 0.05916396 0.04625867 0.00336669 0.01509959 0.03079808
9 0.05494662 0.08174383 0.04990592 0.11438805 0.00562980 0.07347903 0.18692808 0.03940222 0.02604721 0.02293741 0.03053271 0.12959105 0.01626051 0.00656246 0.01289271 0.05455622 0.05493762 0.00222382 0.01082370 0.02621101
10 0.14218109 0.01789411 0.05214053 0.02496272 0.02757572 0.02410412 0.02255641 0.03398362 0.01563101 0.02789862 0.03077422 0.02288861 0.01456991 0.01192171 0.02281321 0.25908917 0.19612613 0.00221850 0.00877487 0.04189573
11 0.07937898 0.14095496 0.05140729 0.03825359 0.01706220 0.04886929 0.04267039 0.05665379 0.02468829 0.02207329 0.02900379 0.10299997 0.01543130 0.01137030 0.04010869 0.16173196 0.06683778 0.00478786 0.01752590 0.02819039
12 0.04269743 0.01025651 0.00768070 0.00372089 0.01041041 0.00946416 0.00863299 0.00712100 0.00741101 0.21220815 0.27024120 0.01037791 0.07784226 0.05374984 0.00557063 0.02056722 0.03916973 0.00366134 0.01537751 0.18383913
13 0.06619350 0.03327580 0.11594500 0.06848480 0.01965730 0.03603930 0.05894840 0.16723499 0.03802610 0.02063210 0.02885810 0.04971720 0.01322060 0.01037560 0.02204360 0.11442900 0.09238290 0.00361643 0.01238390 0.02853540
14 0.04064301 0.00959554 0.00656685 0.00182428 0.00836042 0.00749512 0.00531905 0.00561710 0.00748198 0.19866304 0.32823706 0.00743166 0.07660881 0.06428651 0.00457430 0.01431200 0.02820811 0.00422252 0.01230460 0.16824803
15 0.03791097 0.02000748 0.01540989 0.01313499 0.01997948 0.02276718 0.02349338 0.01673178 0.02673158 0.09262222 0.17643384 0.02376828 0.09514651 0.11769389 0.00952450 0.04145086 0.04805616 0.01161849 0.11922689 0.06829164
16 0.03482417 0.01152799 0.00888107 0.00427605 0.01167969 0.01240359 0.00678125 0.00837791 0.02103128 0.11314992 0.31295077 0.01007179 0.07841554 0.13323690 0.00619863 0.01923719 0.02497788 0.01437899 0.08965893 0.07794044
17 0.07885419 0.05412139 0.03530150 0.04062779 0.01150020 0.04416279 0.03970809 0.04274799 0.01737120 0.02223780 0.04110169 0.07630839 0.01362400 0.01201590 0.27297996 0.09540589 0.05625689 0.00891184 0.01106330 0.02569920
18 0.05224645 0.02709517 0.01811908 0.01629458 0.01341589 0.02365888 0.02606748 0.02552308 0.01392629 0.12117089 0.24314477 0.03464397 0.09272561 0.05879084 0.01563759 0.04491686 0.04709416 0.00509454 0.02293298 0.09750091
19 0.23124786 0.01863859 0.02695058 0.08389785 0.03730068 0.02136409 0.03030578 0.05546847 0.01610919 0.02604688 0.04495937 0.02223379 0.01646319 0.06174636 0.02740258 0.13727391 0.06385736 0.00603742 0.01885569 0.05384037
20 0.06411751 0.04933161 0.05823001 0.15763802 0.00799585 0.06397251 0.20728202 0.04949291 0.02455590 0.02570390 0.03052960 0.06841451 0.01512750 0.00734501 0.01900170 0.06000741 0.04902051 0.00280352 0.01275610 0.02667390
21 0.07321821 0.03078920 0.07978301 0.18720702 0.01450690 0.04299350 0.14770801 0.04513510 0.02074540 0.02664290 0.02445400 0.04339300 0.01422200 0.00831555 0.02178030 0.09050371 0.08207671 0.00243965 0.01159340 0.03249240
22 0.06300548 0.03540619 0.07838708 0.21764494 0.01094090 0.04677969 0.18520095 0.05538538 0.02038499 0.01996279 0.02112169 0.04932329 0.01115440 0.00803756 0.02277029 0.07274928 0.04175809 0.00297082 0.01303520 0.02398099
23 0.02959491 0.31405312 0.05341772 0.01955101 0.00933718 0.06017882 0.03335891 0.02340961 0.03122411 0.00877964 0.01699611 0.26889510 0.01419821 0.00499593 0.00592702 0.04576212 0.02454031 0.00093845 0.01546111 0.01938061
24 0.08491603 0.03355111 0.03560061 0.03261111 0.01905161 0.03138891 0.02835731 0.14443406 0.04555102 0.02344131 0.04442912 0.02803851 0.01527991 0.10121304 0.01933541 0.09004084 0.02876611 0.02547861 0.13961006 0.02890531
25 0.30194708 0.01346660 0.01960271 0.02062101 0.03398891 0.01592730 0.01920641 0.10494803 0.00792478 0.02189671 0.02966181 0.01602810 0.01020820 0.01105100 0.03016721 0.20660306 0.08002802 0.00182740 0.00835014 0.04654551
26 0.03956021 0.16323203 0.04877401 0.01914510 0.01279240 0.05217591 0.05532561 0.02887310 0.02426750 0.02473480 0.03876101 0.20792803 0.02860700 0.03913311 0.01630680 0.05364331 0.07912251 0.00513074 0.01420200 0.04828481
27 0.04818395 0.10965611 0.06805047 0.14656614 0.00863112 0.05751576 0.14286314 0.04655024 0.02315342 0.01612502 0.02121262 0.13767213 0.01327371 0.00649798 0.01779922 0.06378426 0.03767904 0.00293676 0.01228461 0.01956432
28 0.24078895 0.02376079 0.02207930 0.02905519 0.02865999 0.02314249 0.03380469 0.09208798 0.01202470 0.04665819 0.05582979 0.02545699 0.01655390 0.01735830 0.03826789 0.14178197 0.06847328 0.00323552 0.01305610 0.06792399
29 0.04669450 0.01647180 0.01156240 0.00652636 0.01034210 0.01524760 0.01229980 0.01273820 0.01200810 0.15090202 0.32498203 0.01563560 0.07858531 0.07212081 0.01016640 0.02527590 0.03229440 0.00663194 0.02072670 0.11878801
30 0.03392287 0.01063299 0.00650917 0.00179834 0.00831587 0.00863814 0.00654511 0.00535326 0.01014469 0.15920285 0.36174165 0.00929714 0.09771381 0.08815651 0.00436913 0.01503139 0.02914557 0.00584154 0.02381908 0.11382089
31 0.06584109 0.03541690 0.03856390 0.09449279 0.01027910 0.03997290 0.05633770 0.03487330 0.01532550 0.01712890 0.03339710 0.03541350 0.01169560 0.01408140 0.32077497 0.09797409 0.04209860 0.00595588 0.01054990 0.01982690
32 0.20604582 0.01966438 0.03229057 0.02858718 0.02103358 0.02058488 0.02308688 0.22880181 0.01090809 0.01349889 0.02022998 0.02262378 0.01258189 0.01189929 0.02340198 0.21503782 0.04641576 0.00372565 0.01370979 0.02587198
33 0.13242993 0.06680636 0.03219578 0.02755539 0.01761989 0.03824878 0.05981687 0.03757688 0.01790969 0.04240488 0.05660597 0.12434893 0.02412709 0.01810369 0.03172108 0.08518015 0.07375896 0.00607433 0.01320729 0.09430805
34 0.05840897 0.00682430 0.00852346 0.00555474 0.01320079 0.00606117 0.00672890 0.01514709 0.00404284 0.28323687 0.15322293 0.00473888 0.02998749 0.02483879 0.00592579 0.02228999 0.03959088 0.00194943 0.00864885 0.30107786
35 0.15214497 0.03394379 0.04711339 0.03965999 0.02630769 0.03163519 0.03721459 0.07722808 0.01769410 0.03034529 0.03993279 0.03787039 0.01725730 0.01740480 0.03623519 0.19767595 0.09570268 0.00495013 0.01711530 0.04256839
36 0.04782859 0.18011096 0.08720418 0.04845319 0.01544720 0.05187669 0.04561349 0.04432639 0.02975469 0.01809390 0.02270720 0.14792897 0.01355450 0.00906489 0.02884399 0.11305098 0.05117129 0.00365623 0.01711140 0.02420129
37 0.26808996 0.01210740 0.02752830 0.02025720 0.03150770 0.01660000 0.01664100 0.09524049 0.00871353 0.02074060 0.02769290 0.01539320 0.01044700 0.01189540 0.02356310 0.24288096 0.09960959 0.00179103 0.00861199 0.04068869
38 0.06247958 0.03483729 0.07924228 0.21927194 0.01050780 0.04655819 0.18576295 0.05540689 0.02024549 0.01952909 0.02082659 0.04900079 0.01119170 0.00807012 0.02302259 0.07242718 0.04190579 0.00281195 0.01334780 0.02355399
39 0.16025197 0.03541039 0.08164159 0.06943309 0.02333500 0.03661669 0.06038149 0.07050569 0.02404350 0.02824320 0.04205409 0.04150009 0.01300850 0.01208720 0.02674200 0.13723498 0.07997299 0.00307316 0.01339550 0.04106889
40 0.15303499 0.03292180 0.04707130 0.04030620 0.02611490 0.03124370 0.03712760 0.07790570 0.01749340 0.03020540 0.03937260 0.03690410 0.01728940 0.01707280 0.03477730 0.19971999 0.09718950 0.00492475 0.01685600 0.04246860
41 0.32899806 0.01068320 0.01547370 0.01772840 0.03536621 0.01367410 0.01655330 0.10825402 0.00657994 0.02077680 0.02817181 0.01310360 0.00948006 0.01037180 0.02856071 0.20671604 0.07314781 0.00148461 0.00772260 0.04715321
42 0.30272801 0.01299450 0.01949630 0.02058060 0.03382900 0.01574150 0.01918790 0.10514300 0.00783460 0.02216160 0.02979110 0.01546910 0.01057980 0.01107620 0.03076360 0.20657801 0.07920490 0.00177645 0.00843272 0.04663110
43 0.19638406 0.01572861 0.01942661 0.02611911 0.06116232 0.01975861 0.02305211 0.04763212 0.01196880 0.06389122 0.09537373 0.01859281 0.05475202 0.02652081 0.02471751 0.12115604 0.07223292 0.00390538 0.01957961 0.07804562
44 0.10312302 0.01749410 0.02418151 0.01792260 0.02180480 0.01570090 0.02518751 0.02028440 0.01088040 0.14340103 0.09661852 0.02715941 0.03128691 0.02319011 0.02079160 0.08968502 0.11327702 0.00335278 0.01387630 0.18078204
45 0.05230430 0.00449328 0.00603821 0.00272256 0.01119450 0.00446218 0.00409532 0.00642454 0.00279099 0.29806697 0.16540699 0.00286962 0.03039070 0.02625250 0.00413141 0.01455590 0.03513670 0.00127488 0.00758550 0.31980297
46 0.06211528 0.03560019 0.07887837 0.21913092 0.01083770 0.04674468 0.18600293 0.05596638 0.02032889 0.01959049 0.02070739 0.04928618 0.01120960 0.00769848 0.02276919 0.07258877 0.04150759 0.00280327 0.01282200 0.02341169
47 0.03100980 0.30061999 0.05493880 0.02066450 0.00942370 0.05724240 0.03299760 0.02433660 0.02911030 0.00862397 0.01557610 0.27001799 0.01439570 0.00551638 0.00753234 0.05530030 0.02565850 0.00140033 0.01544300 0.02019170
48 0.10188697 0.02876889 0.03872269 0.03458159 0.02451229 0.03365929 0.03638359 0.05805308 0.01560679 0.05016618 0.07751587 0.03901299 0.07026908 0.02475189 0.02751119 0.17357494 0.08782877 0.00460133 0.01984069 0.05275188
49 0.05818111 0.04327801 0.02712961 0.01833340 0.04822891 0.03961231 0.02364291 0.02889391 0.01731360 0.07130512 0.23731606 0.07600412 0.06281022 0.04909871 0.01980780 0.05166681 0.04376901 0.00669316 0.02162931 0.05528591
50 0.05927260 0.09224779 0.04854300 0.02874520 0.01258550 0.07077360 0.08360489 0.03213090 0.05459440 0.02876500 0.04230610 0.14292899 0.02158880 0.01128170 0.01860950 0.07545629 0.12310099 0.00409657 0.01489620 0.03447200
51 0.15221711 0.03323062 0.04741843 0.03929143 0.02630472 0.03133922 0.03664853 0.07793015 0.01767061 0.03033932 0.03932433 0.03766743 0.01726561 0.01765281 0.03487092 0.19893314 0.09660067 0.00481891 0.01748931 0.04298673
52 0.02619940 0.33400999 0.05541350 0.01674400 0.00936118 0.05674580 0.02541940 0.02061910 0.03070670 0.00632860 0.01294410 0.28482799 0.01374050 0.00429561 0.00313932 0.04418330 0.02053850 0.00066013 0.01583970 0.01828320
53 0.04482481 0.00814590 0.00642034 0.00214893 0.00931425 0.00687339 0.00532358 0.00603580 0.00596818 0.23423803 0.26940604 0.00625904 0.06005221 0.05070271 0.00453882 0.01452750 0.03078910 0.00322804 0.01125030 0.21995303
54 0.06804539 0.01486132 0.01478972 0.00915605 0.01590822 0.01534712 0.01348952 0.01438512 0.01007191 0.17988424 0.23623632 0.01350442 0.05691568 0.04651126 0.01182902 0.05434097 0.04708806 0.00491902 0.01491142 0.15780521
55 0.04503779 0.20547195 0.04288029 0.04186739 0.00647687 0.08208448 0.10206498 0.02826209 0.03252499 0.01978500 0.03245319 0.20511895 0.01551670 0.00629118 0.00839501 0.04779299 0.04256399 0.00119738 0.01164430 0.02257049
56 0.05777598 0.03699479 0.09343146 0.18590193 0.01021010 0.04842328 0.18717593 0.05736678 0.02111829 0.01711149 0.02013559 0.05713118 0.01249370 0.00552008 0.01585259 0.09243106 0.04729418 0.00211960 0.01092680 0.02058519
57 0.04691865 0.01427718 0.01217869 0.00855289 0.01481258 0.01659738 0.01839108 0.00976925 0.00923279 0.18769180 0.19912879 0.02028218 0.08978800 0.04291815 0.01011929 0.04249765 0.07829342 0.00392101 0.02231438 0.15231484
58 0.14826298 0.03843769 0.06030009 0.12898098 0.02069500 0.04532089 0.10800298 0.06043889 0.04700229 0.02184410 0.03471619 0.03971989 0.01179530 0.01393500 0.02312800 0.09015419 0.05721679 0.00324106 0.01434320 0.03246449
59 0.03565783 0.01204521 0.01674602 0.01111301 0.02569732 0.01939482 0.01966422 0.01243441 0.04017044 0.09257628 0.07075196 0.01445191 0.04270584 0.16557615 0.01133531 0.04600684 0.06793046 0.02188172 0.20909019 0.06477006
60 0.06854985 0.00517182 0.00674750 0.00401253 0.01355059 0.00491713 0.00538833 0.00871621 0.00308376 0.28109380 0.15987589 0.00348922 0.02965418 0.02550388 0.00618518 0.02288588 0.03932097 0.00134775 0.00756476 0.30294078
61 0.04042043 0.00946168 0.00649120 0.00172501 0.00833161 0.00745778 0.00536512 0.00563526 0.00740635 0.19909916 0.32793927 0.00748133 0.07673336 0.06415945 0.00463941 0.01410861 0.02819582 0.00420240 0.01240261 0.16874414
62 0.03757228 0.04249508 0.02319089 0.01311619 0.01149649 0.04017148 0.04066928 0.01540239 0.01572429 0.11545895 0.20175291 0.09518306 0.09746865 0.04466198 0.01036180 0.03793828 0.06058257 0.00445167 0.01812049 0.07418127
63 0.05188930 0.00457290 0.00614506 0.00273628 0.01103740 0.00452515 0.00417094 0.00640028 0.00286990 0.29641300 0.16928800 0.00293242 0.03164750 0.02699330 0.00422381 0.01444380 0.03506100 0.00126676 0.00766019 0.31572300
64 0.05871838 0.02878769 0.07724717 0.24749190 0.00481351 0.05514108 0.25372889 0.04580718 0.01938979 0.01480349 0.01473269 0.04669618 0.00787844 0.00226504 0.01106170 0.05210298 0.03350469 0.00070275 0.00923458 0.01589189
65 0.10437498 0.02109790 0.07983269 0.02748230 0.06376269 0.03354019 0.01905980 0.03589289 0.05537189 0.03568269 0.03232729 0.02106070 0.01618520 0.01302760 0.01835810 0.20429097 0.15022398 0.00449926 0.02218330 0.04174559
66 0.20739015 0.02268232 0.02576002 0.02752782 0.02556472 0.02719992 0.02685742 0.10733008 0.01922541 0.02650372 0.03761993 0.02446332 0.01506611 0.03920583 0.02473312 0.17737213 0.05234464 0.00886439 0.06502265 0.03926633
67 0.22268210 0.01600961 0.02425761 0.02311021 0.03731832 0.01736201 0.02229051 0.05084662 0.00993546 0.07710264 0.05811113 0.01578701 0.01794501 0.01571901 0.02849711 0.17015408 0.09567324 0.00290788 0.01051000 0.08378044
68 0.04710140 0.02965960 0.08209641 0.26266902 0.00401283 0.05137890 0.24938302 0.04881360 0.01772280 0.01323640 0.01241810 0.05470210 0.00769111 0.00178784 0.01016200 0.05327750 0.03086310 0.00065447 0.00883786 0.01353190
69 0.06460455 0.01461459 0.01626399 0.01187789 0.01611789 0.01455169 0.01823479 0.01260299 0.00876781 0.22342982 0.14569488 0.01554599 0.04096537 0.02790508 0.01571919 0.04708266 0.07262464 0.00324048 0.01421989 0.21593583
70 0.06847140 0.04542290 0.05733210 0.15577000 0.00848241 0.06979670 0.19331800 0.03915930 0.02432290 0.02467880 0.04490460 0.06198030 0.01672680 0.00601885 0.01640270 0.06523640 0.06571150 0.00181915 0.01151990 0.02292530
71 0.04062772 0.01190741 0.00834946 0.00440897 0.01038021 0.01176601 0.01054971 0.00789734 0.00855416 0.18843911 0.29112918 0.01323561 0.09089176 0.05988434 0.00631024 0.02229401 0.04009332 0.00413854 0.01736081 0.15178209
72 0.05150787 0.00334339 0.00544344 0.00199475 0.01076229 0.00360473 0.00295589 0.00590510 0.00201872 0.31012282 0.15796091 0.00159249 0.02703988 0.02353949 0.00349835 0.01239699 0.03388058 0.00085433 0.00634318 0.33523481
73 0.19446101 0.03621580 0.03325000 0.07803880 0.02039140 0.04618980 0.12551301 0.06471150 0.01879600 0.02487940 0.03569670 0.04431160 0.01366840 0.00801254 0.03677370 0.10345200 0.06281640 0.00277872 0.00994060 0.04010260
74 0.11100792 0.03322718 0.04224037 0.03336688 0.02179929 0.03287858 0.04564017 0.03436038 0.02037429 0.06188356 0.06450496 0.04365887 0.02606478 0.02147209 0.03505348 0.13720591 0.14188890 0.00431198 0.01733459 0.07172585
75 0.07239594 0.04741853 0.04544043 0.10772106 0.00901639 0.06656454 0.18869811 0.03645422 0.02534052 0.03001822 0.03291232 0.07624905 0.01943001 0.00846987 0.02524612 0.06865194 0.08860985 0.00328246 0.01399171 0.03408872
76 0.12567612 0.05420665 0.03038653 0.05646805 0.01487401 0.06979737 0.12915512 0.03900564 0.02574712 0.04555774 0.09881889 0.06136706 0.02440662 0.01437661 0.02213312 0.07100027 0.05932286 0.00328825 0.01204011 0.04237184
77 0.24056109 0.02385001 0.02234921 0.02907951 0.02839321 0.02306331 0.03394201 0.09237873 0.01215870 0.04708612 0.05599052 0.02531141 0.01671011 0.01767701 0.03840291 0.14100405 0.06778223 0.00312943 0.01306620 0.06806423
78 0.05191109 0.00462581 0.00614238 0.00264024 0.01116570 0.00451179 0.00418294 0.00650856 0.00289523 0.29647896 0.16838798 0.00290277 0.03155670 0.02679630 0.00434070 0.01474260 0.03524920 0.00132715 0.00778396 0.31584996
79 0.04676721 0.01620880 0.01151880 0.00670890 0.01029310 0.01534870 0.01219090 0.01280340 0.01193600 0.15141102 0.32539604 0.01539840 0.07860471 0.07162261 0.01036490 0.02510830 0.03197390 0.00641517 0.02048410 0.11944502
80 0.20032204 0.02184140 0.03258761 0.03101391 0.02074010 0.02082770 0.02630491 0.24457805 0.01165230 0.01373570 0.02116300 0.02467620 0.01248150 0.01153780 0.02353020 0.19587904 0.04366601 0.00389680 0.01337670 0.02618901
81 0.18071101 0.02033570 0.04445970 0.03125540 0.07598511 0.02405440 0.02066350 0.05803310 0.01709300 0.03661140 0.03992790 0.02386620 0.01653060 0.01696300 0.02474500 0.19746201 0.09373501 0.00436473 0.01852400 0.05467920
82 0.04999236 0.01067799 0.00893332 0.00393806 0.01069399 0.01052139 0.00882265 0.00766968 0.00702663 0.22452482 0.24585881 0.00993321 0.05858135 0.04612866 0.00668741 0.02259138 0.04229837 0.00320816 0.01193689 0.20997484
83 0.12824700 0.01211510 0.05394180 0.01792790 0.02462000 0.01994310 0.01438040 0.02156250 0.01434560 0.02343160 0.02652840 0.01552670 0.01258120 0.01050650 0.01413470 0.29878300 0.24833100 0.00129535 0.00593826 0.03585990
84 0.24295591 0.02337299 0.02185689 0.02859469 0.02879679 0.02267379 0.03298919 0.09159127 0.01206310 0.04697888 0.05603748 0.02488919 0.01651689 0.01789349 0.03781849 0.14236495 0.06800108 0.00327266 0.01347480 0.06785748
85 0.04494802 0.00626200 0.00552603 0.00131388 0.00874962 0.00477404 0.00348590 0.00521557 0.00482844 0.24786611 0.26278512 0.00418728 0.05635563 0.04722022 0.00368089 0.01225871 0.02955411 0.00259709 0.00905720 0.23933411
86 0.16971789 0.02473418 0.01573069 0.01699899 0.01767849 0.02110949 0.03113248 0.03305668 0.00965373 0.08682054 0.05857776 0.02112799 0.01914679 0.01292579 0.18862688 0.09046314 0.08821344 0.00496452 0.00954898 0.07977155
87 0.15377693 0.03990938 0.03267299 0.03229939 0.01761109 0.03134699 0.02442429 0.12984494 0.01544459 0.01747329 0.02563649 0.03524678 0.01168599 0.01175169 0.16038793 0.16382893 0.04958098 0.00642165 0.01379389 0.02686179
88 0.24715314 0.02622561 0.01506371 0.01865511 0.01905361 0.02413661 0.02793082 0.05297543 0.00961129 0.02403191 0.02804032 0.02186041 0.01502221 0.00847734 0.20720011 0.11485906 0.08005954 0.00383679 0.00666094 0.04914603
89 0.13581402 0.01870830 0.05085741 0.02458280 0.02647150 0.02392120 0.02391080 0.03004300 0.01608570 0.02985480 0.03128590 0.02421840 0.01567060 0.01213240 0.02468480 0.24863503 0.20871103 0.00217631 0.00877247 0.04346351
90 0.04027491 0.00951587 0.00648506 0.00167206 0.00828152 0.00740714 0.00534237 0.00561592 0.00740486 0.19857303 0.32949705 0.00744202 0.07691881 0.06452461 0.00457411 0.01415330 0.02817800 0.00422393 0.01229440 0.16762102
91 0.10425708 0.03772623 0.05117304 0.09587697 0.01761571 0.04559294 0.12994110 0.06127905 0.01899251 0.02294762 0.02859372 0.05223074 0.01867811 0.00957864 0.02773172 0.15519612 0.07247646 0.00370540 0.01518671 0.03122012
92 0.27826404 0.01568840 0.01542260 0.01900290 0.02186290 0.01474830 0.02052960 0.27740304 0.00729605 0.01399570 0.02067970 0.01597030 0.00941065 0.00801719 0.02147750 0.16276502 0.03563310 0.00203172 0.00940555 0.03039570
93 0.06888555 0.01271451 0.01269131 0.01025421 0.01461721 0.01013431 0.01358121 0.01500791 0.00725463 0.23233118 0.15657912 0.01419801 0.03366733 0.03296313 0.01059171 0.03409063 0.04432583 0.00300232 0.01457371 0.25853620
94 0.04801654 0.12274911 0.04716914 0.06574996 0.00681111 0.06829976 0.13826113 0.03316473 0.02619592 0.02134852 0.03055643 0.19422418 0.02065722 0.00891749 0.01068281 0.05239715 0.05778855 0.00257130 0.01111361 0.03332533
95 0.03005261 0.00817049 0.00725168 0.00332038 0.01031660 0.00920172 0.00425387 0.00664828 0.02632811 0.09419552 0.27529607 0.00708106 0.06635832 0.18675904 0.00458338 0.01691250 0.02176101 0.02220011 0.13335403 0.06595522
96 0.13658498 0.03225420 0.04569869 0.04116039 0.02475380 0.02852780 0.04690269 0.15126598 0.02152100 0.02902720 0.03543800 0.04113469 0.01661910 0.01318560 0.03485390 0.13187998 0.11023698 0.00401724 0.01193580 0.04300199
97 0.27104085 0.01436029 0.02584159 0.02302699 0.03228838 0.01786059 0.02054659 0.09910304 0.00923993 0.02222699 0.02970048 0.01731559 0.01101559 0.01198189 0.02749728 0.22088087 0.09109435 0.00200509 0.00915203 0.04382158
98 0.06400199 0.03515519 0.04996129 0.14107098 0.01105470 0.04383359 0.09904078 0.04159259 0.01719520 0.01758050 0.02884910 0.04030189 0.01172920 0.01272000 0.21566996 0.09100318 0.04141249 0.00534247 0.01169290 0.02079200
99 0.06098512 0.09567723 0.05789212 0.12762404 0.01450280 0.06045562 0.12242904 0.04361951 0.02568351 0.05665982 0.03435401 0.07261962 0.01454070 0.00957056 0.02271371 0.07188942 0.05622622 0.00405991 0.01377410 0.03472291
100 0.04720463 0.01630471 0.01157861 0.00679503 0.01038951 0.01535941 0.01240221 0.01255041 0.01195881 0.15125408 0.32495118 0.01553881 0.07870894 0.07169134 0.01017521 0.02507561 0.03169152 0.00631152 0.02070141 0.11935707
101 0.15335992 0.03326768 0.04700598 0.03957078 0.02632449 0.03152868 0.03680438 0.07694036 0.01776389 0.03053868 0.03954498 0.03748478 0.01729159 0.01739259 0.03508098 0.19876190 0.09578925 0.00502470 0.01741259 0.04311178
102 0.12031487 0.01929128 0.01866808 0.01799398 0.02089438 0.01726368 0.03439446 0.03276246 0.01851918 0.08151961 0.10760688 0.03258206 0.02949137 0.06396253 0.04065036 0.06787153 0.05656004 0.05308444 0.04702395 0.11954487
103 0.21420984 0.01761139 0.02110348 0.01799719 0.01431389 0.01357299 0.02057148 0.41776970 0.00752327 0.00922215 0.01731899 0.01624879 0.00952000 0.00657433 0.01422089 0.12632291 0.02402808 0.00192137 0.00865247 0.02129678
104 0.03877041 0.01124080 0.01299530 0.00880357 0.01347590 0.01283920 0.00841163 0.01474711 0.03645711 0.07099963 0.15466606 0.01280080 0.03755851 0.21610908 0.00934024 0.03131831 0.02652621 0.03217761 0.18616407 0.06459842
105 0.19866602 0.01262550 0.01766070 0.01734280 0.03250320 0.01174800 0.02037220 0.03016960 0.00802220 0.10292801 0.07211301 0.01566180 0.01934450 0.01614120 0.03171270 0.11970701 0.11045101 0.00229897 0.00821452 0.15231702
106 0.04218063 0.01185731 0.01243991 0.00876116 0.01939631 0.01455281 0.01387331 0.01147361 0.02410692 0.16325111 0.15350311 0.01160591 0.04741183 0.11263008 0.00941047 0.03219382 0.04141603 0.01660751 0.11399708 0.13933110
107 0.10241902 0.07068051 0.03599861 0.03203501 0.01643170 0.05311081 0.07324781 0.03334071 0.02466670 0.03166291 0.04187851 0.12560902 0.02326940 0.01875970 0.02592020 0.08595401 0.10648002 0.00603153 0.04763561 0.04486821
108 0.03932328 0.00849521 0.00583306 0.00146371 0.00815432 0.00632174 0.00517453 0.00509006 0.00697776 0.20647790 0.30933685 0.00685301 0.07825746 0.06521387 0.00391697 0.01383749 0.03079629 0.00383631 0.01396829 0.18067191
109 0.05496078 0.03686189 0.09862987 0.17364494 0.01344560 0.05010828 0.13661396 0.05225518 0.02115669 0.02142829 0.02915139 0.05849178 0.04152289 0.00888392 0.01767709 0.09149637 0.05340438 0.00271400 0.01275740 0.02479529
110 0.02623041 0.33284412 0.05538992 0.01676541 0.00940435 0.05702292 0.02586201 0.02051451 0.03059391 0.00649979 0.01299960 0.28485810 0.01377390 0.00438032 0.00319833 0.04404522 0.02073921 0.00068486 0.01574921 0.01844391
111 0.06502514 0.05013053 0.05753803 0.15462008 0.00804928 0.06404363 0.20481411 0.05004523 0.02452291 0.02548301 0.03097582 0.06941054 0.01507221 0.00748702 0.02040851 0.06069783 0.04958403 0.00284956 0.01263841 0.02660411
112 0.13943195 0.03096789 0.04039999 0.03859489 0.01595519 0.04691268 0.03580799 0.29367790 0.01807779 0.01078050 0.02332189 0.03363609 0.01425590 0.00970177 0.02572069 0.15544795 0.02940919 0.00383018 0.01475529 0.01931429
113 0.02346798 0.00308347 0.01484109 0.00489298 0.01368269 0.01315489 0.00190774 0.00747665 0.06672386 0.02547678 0.06592556 0.00354978 0.01131669 0.31240580 0.00349542 0.02052699 0.01561729 0.03053628 0.33211079 0.02980728
114 0.28724099 0.01413680 0.01668220 0.02519770 0.05119000 0.01387810 0.01890380 0.17584599 0.00948659 0.02118440 0.02990900 0.01359770 0.01025360 0.01000660 0.02101510 0.16657899 0.05682640 0.00208786 0.00881239 0.04716580
115 0.15216000 0.03259670 0.04719110 0.03947640 0.02625750 0.03120420 0.03681460 0.07686480 0.01774740 0.03110000 0.04012430 0.03701760 0.01748250 0.01762750 0.03417890 0.19927700 0.09716790 0.00512099 0.01712560 0.04346500
116 0.03608969 0.01857790 0.02458350 0.01500700 0.01753730 0.02397970 0.01521200 0.01921350 0.05819249 0.03807629 0.07398599 0.01805020 0.01881100 0.22570697 0.00972014 0.03768529 0.02635590 0.02935210 0.25393196 0.03993109
117 0.04238632 0.25103510 0.04419762 0.02686991 0.00866576 0.08973963 0.06138372 0.02738321 0.03740631 0.01802571 0.03315741 0.20172708 0.01385391 0.00558385 0.01366261 0.05082992 0.03755481 0.00128060 0.01565861 0.01959791
118 0.02600152 0.00385906 0.00795316 0.00450138 0.01276611 0.01012261 0.00232498 0.00718934 0.04851003 0.04124273 0.11380607 0.00416966 0.02335641 0.29563419 0.00360390 0.01880861 0.01674771 0.03345132 0.28733218 0.03861902
119 0.05971916 0.01937919 0.01763309 0.01000319 0.01276409 0.02084468 0.01801879 0.01401199 0.01343019 0.13816790 0.27587980 0.02130858 0.06959295 0.05699886 0.01243749 0.04504867 0.05841086 0.00473774 0.01612289 0.11548991
120 0.13415414 0.01685822 0.01358041 0.01418701 0.02241842 0.01616852 0.01836022 0.05112625 0.00966192 0.15942817 0.16662117 0.01534452 0.03560224 0.02934393 0.01428912 0.06629777 0.04723845 0.00393574 0.01161561 0.15376816
121 0.04652135 0.00629624 0.00593482 0.00167410 0.00917650 0.00503633 0.00379093 0.00556740 0.00480362 0.24954725 0.25344925 0.00434673 0.05339785 0.04509294 0.00405837 0.01296551 0.03018203 0.00249403 0.00900049 0.24666424
122 0.03643020 0.29718899 0.04691420 0.02076880 0.00991255 0.06844720 0.03977150 0.03269840 0.05193920 0.01278200 0.02329210 0.21752499 0.01286660 0.00563465 0.00928032 0.04685810 0.02920770 0.00161542 0.01852230 0.01834480
123 0.04066082 0.01516701 0.01049850 0.00596786 0.01064150 0.01817571 0.01354761 0.00975333 0.01063910 0.13837606 0.32883413 0.01870311 0.10494204 0.06923003 0.00785812 0.02817791 0.04781882 0.00463698 0.01719821 0.09917314
124 0.07759948 0.04051209 0.04603509 0.10676097 0.01064060 0.05845508 0.18105494 0.03701309 0.02184659 0.02652159 0.02780169 0.06776408 0.01939069 0.00731134 0.02329349 0.10057497 0.09701487 0.00298998 0.01454140 0.03287799
125 0.06282390 0.02313980 0.07234890 0.02779910 0.00850728 0.01467120 0.03724170 0.55078802 0.01764330 0.00551622 0.01735890 0.03170300 0.01203950 0.00698060 0.00709393 0.06103870 0.02111800 0.00184324 0.00574020 0.01460450
126 0.14602696 0.03610959 0.03070819 0.02650539 0.01962869 0.02838929 0.03366599 0.08293728 0.01665180 0.02730789 0.02911409 0.03568859 0.01349250 0.00963585 0.19032195 0.11372397 0.10639497 0.00557911 0.01003020 0.03808769
127 0.04227047 0.01003759 0.00759594 0.00351878 0.01036529 0.00954555 0.00856968 0.00684299 0.00717031 0.21385784 0.26893380 0.01049399 0.07769724 0.05328446 0.00559683 0.02014228 0.03920207 0.00372112 0.01543489 0.18571886
128 0.06841696 0.01335421 0.01271711 0.01013051 0.01463311 0.01062201 0.01360021 0.01507601 0.00728886 0.23228920 0.15565314 0.01514641 0.03340073 0.03273413 0.01078911 0.03417153 0.04438684 0.00297938 0.01424531 0.25836522
129 0.06552121 0.08951271 0.05343131 0.05848401 0.01337050 0.10206801 0.09497181 0.04077550 0.04336100 0.03300470 0.05659251 0.09053211 0.02125860 0.01591420 0.03027130 0.07399381 0.05449631 0.00417109 0.02662620 0.03164310
130 0.05646729 0.14302898 0.05228009 0.04486759 0.01140200 0.09244169 0.07883469 0.03600719 0.02906720 0.02116900 0.03768229 0.16286297 0.01713110 0.00761669 0.02559760 0.09193419 0.05133089 0.00311187 0.01463330 0.02253340
131 0.06318270 0.03498630 0.07892680 0.21824900 0.01085890 0.04643110 0.18461200 0.05581500 0.02029950 0.01957950 0.02088250 0.04898970 0.01129030 0.00769407 0.02345640 0.07259790 0.04255860 0.00294364 0.01302410 0.02362200
132 0.06528464 0.03605962 0.07314854 0.04390253 0.01946711 0.02680292 0.03775162 0.03164322 0.02314551 0.12297107 0.08882265 0.04566763 0.02476971 0.02273061 0.01597301 0.07077754 0.06388594 0.00414221 0.01703081 0.16602310
133 0.02966080 0.31534101 0.05337090 0.01943840 0.00937922 0.06017000 0.03302480 0.02327210 0.03131200 0.00875859 0.01690390 0.26914901 0.01396070 0.00493296 0.00566722 0.04576070 0.02428660 0.00092747 0.01555280 0.01913080
134 0.04684460 0.01596870 0.01148670 0.00685020 0.01043740 0.01490240 0.01209490 0.01282790 0.01181590 0.15166900 0.32522300 0.01529600 0.07894210 0.07206950 0.00975910 0.02538040 0.03200560 0.00646539 0.02054020 0.11942100
135 0.07021038 0.07439498 0.05482539 0.04047349 0.01092220 0.03198249 0.05509489 0.32992492 0.02168409 0.01093540 0.02576789 0.09720448 0.01495200 0.00904291 0.01778930 0.07245068 0.03133269 0.00364927 0.00969157 0.01767100
136 0.06351939 0.08898869 0.04582809 0.03238020 0.01298490 0.05696849 0.07964329 0.03166040 0.02371290 0.03054420 0.04097669 0.16474298 0.02594960 0.01333820 0.02547620 0.08112379 0.12040298 0.00427273 0.01385500 0.04363129
137 0.04898164 0.02626522 0.08377996 0.26799020 0.00468657 0.04934674 0.25030918 0.04824364 0.01772481 0.01392581 0.01241151 0.04598543 0.00789112 0.00201115 0.01096521 0.05301854 0.03138092 0.00067843 0.00923792 0.01516601
138 0.03657920 0.01070010 0.01324000 0.00886949 0.02014440 0.01555050 0.01221120 0.01125980 0.03730270 0.10560500 0.11952700 0.01060210 0.03629980 0.18172200 0.00898140 0.03177540 0.03462500 0.02393630 0.19355500 0.08751360
139 0.14226081 0.01811078 0.05233353 0.02481427 0.02733966 0.02423287 0.02271357 0.03338596 0.01562968 0.02786556 0.03090186 0.02288677 0.01460938 0.01185918 0.02335457 0.25862766 0.19634374 0.00215842 0.00878569 0.04178604
140 0.04020250 0.23285499 0.04072070 0.01894750 0.00874553 0.08470040 0.05924330 0.02585870 0.03225620 0.02107640 0.05238320 0.22460999 0.01838190 0.00749213 0.00941685 0.04305360 0.04272210 0.00133074 0.01230470 0.02369860
141 0.05426013 0.04258742 0.03411222 0.08486104 0.01379831 0.06728343 0.19033910 0.02770741 0.02684591 0.07110634 0.04153602 0.05309913 0.03164742 0.01751411 0.01934731 0.05822243 0.06618283 0.00630559 0.04795362 0.04529022
142 0.05225649 0.01121740 0.00978200 0.00620007 0.01515430 0.02014700 0.01196950 0.00869469 0.00608149 0.26394896 0.14798198 0.00957196 0.03363529 0.02545060 0.00735531 0.02336840 0.04085439 0.00188673 0.01227950 0.29216396
143 0.05317734 0.06251485 0.07051215 0.17037713 0.00992768 0.04688314 0.15235612 0.11284409 0.02278132 0.01432921 0.02036442 0.08940747 0.01116351 0.00637225 0.01910341 0.07396056 0.03360183 0.00334840 0.01106251 0.01591261
144 0.15409199 0.03317950 0.04679570 0.03905530 0.02626330 0.03130370 0.03663010 0.07878679 0.01746500 0.03067430 0.03956260 0.03687050 0.01716960 0.01739500 0.03487500 0.19842998 0.09592519 0.00482748 0.01733100 0.04336800
145 0.05015897 0.02948318 0.08144105 0.25079084 0.00590336 0.04653187 0.23393685 0.07413115 0.01951599 0.01298579 0.01328139 0.04812067 0.00847036 0.00235351 0.01018419 0.05791116 0.03069268 0.00088511 0.00896069 0.01426119
146 0.12989603 0.06708441 0.03974671 0.05038061 0.01457280 0.09834962 0.09253252 0.05185961 0.03149691 0.03055191 0.05320631 0.06933041 0.01814680 0.01109530 0.03823461 0.09161522 0.05914741 0.00304130 0.01738850 0.03232301
147 0.04964836 0.16916087 0.04423757 0.03981757 0.00876526 0.10262192 0.08888973 0.02917398 0.03283217 0.02410928 0.04430377 0.18279086 0.01833169 0.00727429 0.01632879 0.05456256 0.04895456 0.00188871 0.01396079 0.02234728
148 0.13524200 0.02605680 0.01901380 0.02123560 0.01272020 0.03165520 0.03086810 0.02762660 0.01236030 0.03292000 0.03899350 0.02605940 0.03722140 0.01097590 0.29558899 0.08445030 0.10448200 0.00522308 0.00871275 0.03859410
149 0.06024019 0.06309859 0.02958149 0.03253939 0.01291440 0.09813148 0.08882458 0.02278710 0.03174159 0.09984408 0.10550998 0.06807159 0.03495319 0.02223620 0.01942180 0.05539199 0.05912389 0.00360537 0.01996020 0.07202289
150 0.03878477 0.01109529 0.01290259 0.00874341 0.01345499 0.01284769 0.00855795 0.01463059 0.03657887 0.07176364 0.15475888 0.01246369 0.03759187 0.21582883 0.00896690 0.03093188 0.02673888 0.03216167 0.18626685 0.06493075
151 0.24048612 0.02341911 0.02198391 0.02831091 0.02842941 0.02275181 0.03348972 0.09374325 0.01194901 0.04730062 0.05715113 0.02529571 0.01679061 0.01796891 0.03814152 0.14069507 0.06733163 0.00345269 0.01330331 0.06800553
152 0.02811770 0.00544063 0.01081330 0.00608518 0.01513910 0.01363880 0.00421597 0.00914439 0.05180791 0.03756541 0.09694412 0.00584129 0.01988460 0.28605905 0.00495358 0.02250370 0.01858750 0.03168341 0.29409605 0.03747831
153 0.05314660 0.03001250 0.07874090 0.24295101 0.00655990 0.05037660 0.23023401 0.05204530 0.01776000 0.01481810 0.01521000 0.04836500 0.01021190 0.00285208 0.01376960 0.06957860 0.03561570 0.00110219 0.01042570 0.01622430
154 0.11375701 0.02873660 0.06873511 0.18785302 0.01708950 0.04169670 0.15522901 0.05829920 0.01876720 0.02092260 0.02543160 0.03967010 0.01132700 0.00977981 0.02196150 0.08834151 0.04907190 0.00229971 0.01086710 0.03016380
155 0.10926402 0.02918060 0.03035230 0.03429761 0.02057900 0.02294550 0.03694491 0.15573702 0.01643860 0.10956702 0.08208051 0.02873850 0.02495180 0.02176850 0.02267710 0.08403941 0.04874521 0.00687134 0.01601420 0.09880682
156 0.02392420 0.00227163 0.00860903 0.00438325 0.01242510 0.01016290 0.00133928 0.00688938 0.05672560 0.02606500 0.06890990 0.00308180 0.01104010 0.32812899 0.00299857 0.01887750 0.01495120 0.03283360 0.33567399 0.03070900
157 0.18873282 0.10213991 0.02740157 0.03043367 0.01753398 0.04845915 0.05443375 0.07607063 0.02359718 0.02658968 0.04216746 0.07058473 0.01410909 0.01018919 0.05356035 0.10180091 0.05917774 0.00300133 0.01185619 0.03816066
158 0.04957281 0.06641732 0.02483061 0.01720410 0.01098730 0.05311571 0.04505781 0.02472571 0.02065021 0.07950102 0.22934006 0.09312563 0.06154972 0.04389931 0.01816150 0.04007851 0.04579321 0.00503403 0.01483970 0.05611572
159 0.03218073 0.01079871 0.00659005 0.00157114 0.00817600 0.00844938 0.00485397 0.00518524 0.01176571 0.13704312 0.39362936 0.00860903 0.09695179 0.10246909 0.00456751 0.01385011 0.02418352 0.00872702 0.03156153 0.08883698
160 0.04640841 0.00855702 0.00695450 0.00238830 0.00945449 0.00674927 0.00507448 0.00642840 0.00654082 0.21752604 0.28684305 0.00690138 0.06430281 0.05506391 0.00519033 0.01598540 0.03043901 0.00354394 0.01172540 0.20392303
161 0.05562093 0.22476212 0.05059623 0.03267112 0.01264981 0.05708073 0.04426482 0.04459912 0.02959132 0.01807911 0.02608081 0.17229909 0.01464701 0.00868646 0.02929252 0.09177785 0.04247462 0.00316339 0.01729771 0.02436521
162 0.04778903 0.00538305 0.00556495 0.00159469 0.00947996 0.00446056 0.00341991 0.00556668 0.00393918 0.26888020 0.22591116 0.00345443 0.04604223 0.03892573 0.00376589 0.01267301 0.03115262 0.00200863 0.00823486 0.27175320
163 0.04053380 0.00957258 0.00651579 0.00179207 0.00835781 0.00754390 0.00534640 0.00560479 0.00745496 0.19940602 0.32705003 0.00750044 0.07635471 0.06406141 0.00468392 0.01417770 0.02828070 0.00426285 0.01258810 0.16891202
164 0.04371200 0.00696619 0.00593138 0.00214306 0.01071240 0.00648660 0.00483088 0.00584013 0.00797256 0.22719299 0.25073598 0.00523410 0.06045480 0.06104820 0.00417163 0.01549250 0.03265200 0.00466313 0.02927750 0.21448199
165 0.05175487 0.00503907 0.00609644 0.00224992 0.01048359 0.00469888 0.00388859 0.00639924 0.00353642 0.28101085 0.19365489 0.00344875 0.03690778 0.03259768 0.00435796 0.01415909 0.03298688 0.00163074 0.00827354 0.29682484
166 0.02448679 0.00270346 0.00848517 0.00460986 0.01258209 0.01048589 0.00176003 0.00694528 0.05529987 0.02931888 0.07329746 0.00351650 0.01280149 0.32228682 0.00317756 0.01930069 0.01604759 0.03022838 0.32753382 0.03513238
167 0.06368364 0.01071279 0.00860246 0.00575117 0.01280729 0.01072399 0.01082639 0.01062509 0.00723881 0.20660982 0.23967179 0.01055149 0.06869034 0.04666376 0.00970427 0.02999437 0.04288046 0.00344803 0.01392319 0.18689084
168 0.03342760 0.27147298 0.07089430 0.03337580 0.01136340 0.05590250 0.03942520 0.03300370 0.03254130 0.01206730 0.01857010 0.22632698 0.01424930 0.00688764 0.01233380 0.05592160 0.03070430 0.00189573 0.01764200 0.02199450
169 0.02600779 0.00391770 0.00784227 0.00438252 0.01244680 0.01014180 0.00229559 0.00714761 0.04807688 0.04234579 0.11739196 0.00420897 0.02419399 0.29400991 0.00356166 0.01869049 0.01676829 0.03349399 0.28406791 0.03900809
170 0.13002110 0.02966342 0.02333992 0.02388902 0.01351131 0.02700612 0.03454103 0.03119882 0.01218291 0.03432083 0.03024262 0.02890052 0.01469471 0.00891300 0.30261022 0.09335397 0.11258708 0.00534018 0.00832010 0.03536313
171 0.03869171 0.01134580 0.01298610 0.00868292 0.01332390 0.01280340 0.00841818 0.01455501 0.03651851 0.07176653 0.15499105 0.01251460 0.03753961 0.21491108 0.00925195 0.03112701 0.02662751 0.03366321 0.18550306 0.06477882
172 0.02972309 0.31446290 0.05335908 0.01955529 0.00931887 0.06028318 0.03318799 0.02364079 0.03148619 0.00876236 0.01676239 0.26847292 0.01393320 0.00495789 0.00591551 0.04606289 0.02454479 0.00097438 0.01546360 0.01913269
173 0.09986942 0.03637781 0.03061081 0.03732541 0.01155930 0.03401351 0.02240450 0.03999841 0.01243000 0.02042760 0.03067831 0.03066301 0.01193200 0.01185080 0.34172206 0.13309402 0.05789861 0.00610108 0.00876034 0.02228300
174 0.04146121 0.01222220 0.00980742 0.00471537 0.01081770 0.01169740 0.00827326 0.00849000 0.01471840 0.13040003 0.31413408 0.01257680 0.08169462 0.10817703 0.00696539 0.02629781 0.04014071 0.01076690 0.04791271 0.09873093
175 0.05149780 0.00331857 0.00541253 0.00200150 0.01085520 0.00364013 0.00298560 0.00590820 0.00204201 0.31033499 0.15744099 0.00166260 0.02675060 0.02340370 0.00353132 0.01242910 0.03388290 0.00085320 0.00632308 0.33572599
176 0.06363866 0.07294076 0.04186138 0.10891094 0.00517812 0.11148894 0.20075589 0.03344508 0.03141538 0.03007708 0.04003578 0.08393205 0.01417959 0.00549512 0.01565139 0.05404777 0.05308247 0.00139933 0.01284609 0.01961819
177 0.10715008 0.03648643 0.02813222 0.03681763 0.01219721 0.03389742 0.03269322 0.03707703 0.01500701 0.02815162 0.04193643 0.03261672 0.01555481 0.01393921 0.31680023 0.09672627 0.06441945 0.00664897 0.01105551 0.03269252
178 0.04665301 0.02421941 0.01688971 0.00954158 0.01254200 0.02005761 0.02445211 0.01166310 0.00985568 0.20085506 0.17927206 0.04925252 0.05428992 0.03654601 0.00963585 0.03098491 0.05246442 0.00462597 0.01414900 0.19205006
179 0.05544872 0.00383009 0.00565140 0.00240469 0.01126320 0.00384828 0.00342673 0.00642013 0.00234641 0.30240012 0.16189707 0.00197172 0.02850021 0.02460461 0.00409492 0.01464781 0.03491031 0.00103374 0.00672068 0.32457913
