1 0.04378260 0.00422408 0.00707358 0.00210490 0.01240340 0.00536088 0.00260628 0.00811185 0.00208661 0.27324901 0.20124501 0.00450971 0.05351040 0.03440920 0.00601836 0.01198160 0.04292990 0.00164094 0.00967766 0.27307401
2 0.07152022 0.04759851 0.02106341 0.01484280 0.00591262 0.04256471 0.03493031 0.04504221 0.01062290 0.02193571 0.03501401 0.02444611 0.01635530 0.01509230 0.41885413 0.08034892 0.05413212 0.00424985 0.00727133 0.02820251
3 0.06463079 0.01961690 0.08740478 0.12885097 0.00576182 0.03427599 0.04884629 0.41744591 0.01570580 0.00564929 0.01963490 0.03556409 0.00420331 0.01298740 0.01058690 0.05933179 0.01177990 0.00180942 0.00541987 0.01049390
4 0.06593883 0.01574081 0.01344061 0.00948624 0.01426371 0.01163281 0.01462571 0.01507731 0.00891255 0.22137810 0.15389507 0.01774821 0.04684632 0.03573172 0.01192541 0.03213322 0.05156802 0.00385834 0.01390991 0.24188711
5 0.23359596 0.07989349 0.02500220 0.02421550 0.00874735 0.05891709 0.05826649 0.04194189 0.03062820 0.03580849 0.02219560 0.12774598 0.02005240 0.01484140 0.03198890 0.07582999 0.04956099 0.00644019 0.00810891 0.04621899
6 0.06129208 0.02516199 0.05704218 0.15763894 0.01145350 0.04559788 0.12006795 0.02371839 0.02588689 0.09607576 0.05702978 0.04158788 0.02012519 0.02161949 0.01213430 0.05407778 0.06660927 0.00748130 0.01835719 0.07704227
7 0.16296492 0.04037938 0.03889108 0.02733469 0.02619059 0.02806619 0.03729268 0.07666076 0.01730779 0.02599229 0.03368108 0.03216268 0.01731419 0.01303989 0.03176558 0.23918388 0.08797086 0.00825441 0.01563469 0.03991238
8 0.04147805 0.01153469 0.00703320 0.00262279 0.01067749 0.00655034 0.00416642 0.00822822 0.00369536 0.24644668 0.23599369 0.00819464 0.06893311 0.04062235 0.00889492 0.01568488 0.03847475 0.00233845 0.01020829 0.22822170
9 0.05328420 0.06832111 0.03888240 0.11650101 0.00373321 0.07297261 0.24839502 0.01885540 0.02945180 0.02454100 0.03139630 0.14210901 0.00421327 0.01665620 0.01596600 0.03690560 0.02743190 0.00238414 0.01575150 0.03224830
10 0.01861130 0.01385480 0.01577670 0.00574484 0.00685215 0.00448299 0.00694948 0.00547934 0.05229510 0.02074870 0.06613379 0.00789302 0.00591995 0.29412498 0.00370381 0.01958460 0.02096320 0.02095090 0.38460697 0.02532340
11 0.02828792 0.05998754 0.03273192 0.01838841 0.01797071 0.02542802 0.04471423 0.01174061 0.05422903 0.04160083 0.06980364 0.06758654 0.00940433 0.18734012 0.00989626 0.01884781 0.02384422 0.02163831 0.22841114 0.02814842
12 0.03302170 0.02386700 0.02110160 0.00975631 0.01083910 0.01362920 0.01925530 0.01814590 0.03386290 0.06554750 0.13644500 0.01805170 0.02763450 0.25747000 0.00890838 0.02170360 0.03360970 0.01803720 0.16384100 0.06527240
13 0.03568608 0.04534848 0.13857194 0.23925590 0.00753624 0.06133137 0.12538395 0.07112957 0.02178799 0.01001920 0.01559149 0.10392396 0.00250233 0.01123010 0.01301429 0.04503438 0.02341679 0.00179367 0.00891999 0.01852229
14 0.04495410 0.03230960 0.08007821 0.26487803 0.00450397 0.06264331 0.22692602 0.03060840 0.02510730 0.01621560 0.02076020 0.08457321 0.00139034 0.00425135 0.00763914 0.04135670 0.02613390 0.00147171 0.00440959 0.01978930
15 0.06601096 0.21799887 0.03846658 0.02675118 0.01764259 0.05968426 0.05173127 0.02919898 0.03102258 0.02639908 0.03518478 0.15304691 0.02205449 0.02495559 0.02983398 0.06614126 0.03726088 0.01254949 0.02000059 0.03406568
16 0.06624403 0.01628391 0.08698024 0.06934773 0.00634458 0.02598411 0.02771281 0.52070621 0.01598591 0.00526207 0.01911661 0.02277081 0.00674273 0.01250671 0.00999793 0.05897082 0.01381461 0.00119984 0.00431562 0.00971272
17 0.04678805 0.00399726 0.00746749 0.00237334 0.01285771 0.00607340 0.00230338 0.00860827 0.00230658 0.29066829 0.16909317 0.00516875 0.04875265 0.02779643 0.00639446 0.01148201 0.04430934 0.00177378 0.00894935 0.29283629
18 0.08066027 0.10243896 0.04082628 0.04562718 0.00985555 0.07685957 0.05522238 0.15941194 0.02978159 0.02369919 0.08049007 0.06581438 0.01524589 0.02121729 0.03428349 0.07969377 0.03145019 0.00739882 0.01827069 0.02175249
19 0.06000257 0.04418708 0.04889218 0.14105893 0.00388284 0.10030895 0.26285988 0.01867669 0.03612848 0.02752719 0.02927399 0.07744386 0.00532348 0.02160289 0.01754449 0.03693318 0.03083769 0.00234075 0.01354619 0.02162869
20 0.03405239 0.01381140 0.02588989 0.00419974 0.00773142 0.01116940 0.03577279 0.01914920 0.02078639 0.10055797 0.33349991 0.00723865 0.12339897 0.03656379 0.05119449 0.04658789 0.04591779 0.00239388 0.00704967 0.07303438
21 0.16461813 0.04017343 0.03881643 0.02662792 0.02659482 0.02779842 0.03678413 0.07573036 0.01699651 0.02608332 0.03290713 0.03147193 0.01734561 0.01250891 0.03086862 0.24032719 0.09028477 0.00823771 0.01548811 0.04033653
22 0.03613208 0.01685779 0.00965993 0.00727116 0.00861127 0.00861335 0.01505469 0.01277849 0.00960232 0.15296793 0.34539184 0.01065059 0.07734756 0.07283037 0.01072999 0.02458569 0.03082109 0.00469784 0.02547509 0.11992094
23 0.05580951 0.22528605 0.06791591 0.02417441 0.00238685 0.11886702 0.04768701 0.00993613 0.01868410 0.00980067 0.00887771 0.27928206 0.00927530 0.01126890 0.00783113 0.03972251 0.04124631 0.00201518 0.00556562 0.01436760
24 0.11271508 0.01812811 0.04539813 0.03791903 0.00860424 0.02043681 0.02625462 0.52397236 0.01501711 0.00998575 0.02126741 0.01432961 0.00754639 0.01233841 0.01211021 0.07544695 0.01765571 0.00213975 0.00366942 0.01506491
25 0.05447380 0.01307700 0.01125890 0.00831990 0.01293890 0.01185250 0.01261460 0.01157070 0.00933319 0.24332201 0.18674701 0.01264340 0.05121560 0.03855150 0.00967153 0.02254100 0.04342480 0.00317555 0.01516810 0.22810001
26 0.28486113 0.02254741 0.02354861 0.01262561 0.03805822 0.01802251 0.02128811 0.10643705 0.01259601 0.01967601 0.01826651 0.01458911 0.01101681 0.00589711 0.01906911 0.24497311 0.07664454 0.00380438 0.00770275 0.03837592
27 0.07457760 0.03174820 0.04092680 0.01020400 0.01628060 0.02846600 0.05229230 0.03488160 0.07627430 0.03417700 0.09713120 0.03109250 0.13072900 0.02367540 0.02350420 0.08466000 0.12733500 0.02075050 0.01235560 0.04893820
28 0.06760517 0.04342658 0.05252808 0.14601494 0.00625939 0.06814637 0.23298690 0.03429469 0.03176739 0.02412049 0.03366939 0.07206007 0.00978659 0.01822279 0.02169159 0.05373658 0.03859908 0.00422044 0.01291849 0.02794499
29 0.04431459 0.00345522 0.00714989 0.00188894 0.01232890 0.00546227 0.00131139 0.00820587 0.00122928 0.29212891 0.17443795 0.00422617 0.05258228 0.02740049 0.00632564 0.01030550 0.04381209 0.00177542 0.00800931 0.29364991
30 0.06953550 0.05164710 0.03150230 0.06602670 0.00819723 0.06021530 0.15949201 0.02424470 0.08501621 0.07727511 0.04685510 0.05833280 0.02026900 0.02333430 0.02161490 0.09967971 0.03182080 0.00650320 0.01421260 0.04422540
31 0.11191099 0.01830180 0.04589789 0.03752670 0.00850727 0.02048770 0.02566640 0.52458393 0.01491330 0.01012340 0.02105020 0.01451510 0.00764736 0.01220250 0.01190770 0.07632319 0.01790080 0.00211115 0.00336205 0.01506060
32 0.04296580 0.00611237 0.00722267 0.00258931 0.01186220 0.00562766 0.00420398 0.00835553 0.00293910 0.25392100 0.22443200 0.00542401 0.05739780 0.04165690 0.00648560 0.01410230 0.04148970 0.00193728 0.01195480 0.24932000
33 0.03209861 0.00850359 0.00503275 0.00172490 0.00906076 0.00410891 0.00343339 0.00620425 0.00256157 0.22435805 0.31643708 0.00395585 0.07261512 0.05670161 0.00514176 0.01253640 0.03050081 0.00142763 0.01205590 0.19154105
34 0.08593247 0.20904616 0.01474461 0.01588641 0.01126851 0.04706124 0.03203052 0.03033822 0.01825161 0.04017043 0.01904971 0.08838317 0.03306283 0.01196611 0.18362714 0.08252976 0.02359842 0.00823517 0.00965038 0.03516713
35 0.01740001 0.01363870 0.01519640 0.00529799 0.00781810 0.00409919 0.00815904 0.00653768 0.04404151 0.02565121 0.06571502 0.00764316 0.00758231 0.35125610 0.00353664 0.01458900 0.02724071 0.01493430 0.32578909 0.03387381
36 0.08960643 0.05624952 0.06216322 0.04457441 0.01511030 0.04693691 0.06695252 0.04340411 0.10718903 0.03929951 0.04829981 0.05136772 0.01885651 0.06647552 0.01732771 0.05918602 0.03720141 0.01598130 0.07651892 0.03729911
37 0.15445302 0.02707200 0.04638691 0.01042300 0.03011290 0.02271630 0.02271800 0.04098271 0.01090960 0.02530980 0.02782770 0.01593670 0.01784850 0.00780125 0.01609070 0.28020004 0.18155803 0.00648170 0.01241030 0.04276081
38 0.03061102 0.02366332 0.02107571 0.01213851 0.00975098 0.01100901 0.01507631 0.00852663 0.05432934 0.03080202 0.07661755 0.01838461 0.00947195 0.19592214 0.00635067 0.03428632 0.02340672 0.02652932 0.36211625 0.02993162
39 0.07572712 0.13924003 0.02295420 0.02571021 0.02110620 0.03969471 0.06617861 0.02681351 0.09197592 0.07792552 0.03451001 0.06951181 0.01996730 0.02439360 0.02456350 0.11832102 0.03309881 0.01130490 0.01971100 0.05729201
40 0.01725731 0.01355210 0.01534090 0.00521841 0.00783545 0.00410133 0.00815045 0.00646318 0.04466791 0.02535601 0.06671292 0.00772831 0.00777547 0.34881110 0.00357411 0.01469480 0.02682351 0.01540960 0.32719509 0.03333201
41 0.06437049 0.16498599 0.06475919 0.04842550 0.00341525 0.11909899 0.08100899 0.01722070 0.02449850 0.01730290 0.01747940 0.22715698 0.00864039 0.01506230 0.01252530 0.04392000 0.03914350 0.00273916 0.00894188 0.01930460
42 0.29586792 0.02283669 0.02235899 0.01505740 0.03203439 0.01424770 0.02126909 0.21918794 0.00906905 0.00839607 0.01307350 0.01043910 0.00623020 0.00667661 0.01430010 0.21942194 0.04461329 0.00268606 0.00254447 0.01968949
43 0.02615920 0.02160810 0.00982981 0.00751076 0.00788650 0.00746194 0.00928325 0.00566747 0.03816029 0.04715619 0.15689698 0.01571840 0.01997130 0.17622398 0.00380581 0.02316120 0.02118270 0.02681320 0.33522795 0.04027499
44 0.03636079 0.00892465 0.00617998 0.00237071 0.01018430 0.00479524 0.00496844 0.00740087 0.00366691 0.21852096 0.29459694 0.00526392 0.06865999 0.05601879 0.00621454 0.01544930 0.03512369 0.00184264 0.01378940 0.19966796
45 0.04018790 0.04255710 0.01205990 0.01208900 0.00979205 0.04721180 0.10900999 0.01262710 0.03402910 0.07112319 0.19233398 0.04932400 0.03708390 0.13787199 0.01842140 0.02354050 0.03105810 0.00865835 0.06274939 0.04827130
46 0.03586118 0.01706939 0.00984509 0.00739473 0.00861195 0.00857420 0.01461459 0.01353749 0.00955181 0.15427093 0.34466484 0.01073159 0.07700386 0.07226647 0.01008760 0.02487419 0.03043399 0.00441229 0.02514389 0.12104994
47 0.08465419 0.08396069 0.05829669 0.07374999 0.00907561 0.10717699 0.10189399 0.04210739 0.03330340 0.03298190 0.03249250 0.10639899 0.01303130 0.02164210 0.03507770 0.06625109 0.04496839 0.00644602 0.01408510 0.03240600
48 0.14982896 0.01475390 0.01308520 0.00901695 0.01932259 0.01548280 0.01782560 0.02432259 0.01161570 0.16848196 0.10348597 0.01860510 0.03786159 0.02113499 0.02073949 0.06199448 0.06602798 0.00360507 0.00953814 0.21327094
49 0.14422301 0.07419261 0.02900450 0.01941620 0.01806900 0.02886500 0.03197380 0.11576601 0.01359260 0.01474470 0.01977580 0.03527090 0.00994189 0.00846344 0.03263030 0.25235802 0.11502701 0.00822645 0.00634394 0.02211480
50 0.04744820 0.01516160 0.08681189 0.30603998 0.00455700 0.06338310 0.25401098 0.02719510 0.02651470 0.01498470 0.01818360 0.04993740 0.00078162 0.00195033 0.00404810 0.03395280 0.02860310 0.00074653 0.00232989 0.01335940
51 0.04676318 0.00397227 0.00745214 0.00254476 0.01283079 0.00610364 0.00223717 0.00851221 0.00211439 0.29008787 0.17022293 0.00516136 0.04901508 0.02807379 0.00634797 0.01173159 0.04444118 0.00174674 0.00886609 0.29177487
52 0.23817295 0.03216319 0.03796089 0.02485109 0.01476510 0.05084739 0.04434769 0.04809629 0.12041097 0.05823419 0.04105629 0.03800919 0.01547850 0.03374759 0.01988780 0.06975328 0.03514569 0.00985023 0.02763789 0.03958379
53 0.05467114 0.01333561 0.01114781 0.00863130 0.01289821 0.01225941 0.01287481 0.01145741 0.00965386 0.24188616 0.18762013 0.01290161 0.05115883 0.03899433 0.00981038 0.02315432 0.04333553 0.00327311 0.01498191 0.22595415
54 0.14638679 0.03947704 0.12008183 0.06767140 0.01828937 0.04439204 0.05623892 0.07892639 0.03424715 0.02376547 0.02871026 0.05205743 0.01554758 0.01809537 0.01487138 0.12197483 0.06811330 0.00412741 0.01180208 0.03522395
55 0.25467899 0.03094550 0.02430630 0.02233230 0.02574200 0.02969660 0.03732730 0.09824720 0.02374850 0.04497440 0.04079600 0.03103280 0.01760760 0.01658570 0.02617920 0.13430399 0.06199110 0.00668844 0.01176880 0.06104730
56 0.04099282 0.00385497 0.00648091 0.00168570 0.01182670 0.00492097 0.00177234 0.00748365 0.00148064 0.27702810 0.21191608 0.00357937 0.05527842 0.03571271 0.00533265 0.01041250 0.04049171 0.00148813 0.00959850 0.26866310
57 0.16291701 0.04003010 0.03833680 0.02759530 0.02642890 0.02825120 0.03783940 0.07413221 0.01715060 0.02626920 0.03414760 0.03157370 0.01714740 0.01307350 0.03302470 0.23836102 0.08956641 0.00807543 0.01568480 0.04039470
58 0.07983250 0.02664470 0.02231780 0.00958982 0.02206450 0.01460030 0.02073630 0.01383100 0.02352430 0.05232460 0.07346260 0.02172800 0.02131070 0.14639400 0.00849026 0.09705980 0.11975800 0.01260060 0.15196900 0.06176120
59 0.03960403 0.01261321 0.00710773 0.00261889 0.01014891 0.00654423 0.00460578 0.00808523 0.00382317 0.23804019 0.24886020 0.00829372 0.07586666 0.04249403 0.00927130 0.01620221 0.03743473 0.00246361 0.01013801 0.21578417
60 0.06518714 0.15108108 0.05744383 0.05358333 0.00677811 0.07606734 0.07907054 0.02640471 0.02525891 0.02373231 0.02532781 0.20763112 0.01443761 0.01873291 0.01813601 0.05343233 0.04002442 0.00649793 0.01499291 0.03617962
61 0.05247850 0.01171940 0.01607520 0.00540592 0.01679310 0.00928130 0.01296370 0.01167320 0.01244810 0.15582700 0.13731000 0.01225570 0.03960170 0.14578700 0.00760890 0.02585010 0.07654810 0.00552378 0.06181730 0.18303200
62 0.05779530 0.20003498 0.06797419 0.03119890 0.00237357 0.11930899 0.05981040 0.01213550 0.01955770 0.01141200 0.01183070 0.27322498 0.00811341 0.01183060 0.00792505 0.04019310 0.04065850 0.00198294 0.00629791 0.01634130
63 0.05339273 0.01304111 0.01108391 0.00822247 0.01295131 0.01159931 0.01239451 0.01151671 0.00939003 0.24353315 0.18864312 0.01256481 0.05154173 0.03901872 0.00941539 0.02267031 0.04282483 0.00304311 0.01532961 0.22782314
64 0.05683050 0.01955790 0.11399700 0.05259320 0.01396070 0.02958350 0.04219510 0.02489920 0.03517010 0.13410500 0.08198970 0.02844190 0.02791760 0.04158010 0.01346370 0.06191560 0.07270870 0.00597347 0.02770200 0.11541500
65 0.07992907 0.01850912 0.09857468 0.04659354 0.01457251 0.02599152 0.04864874 0.10987409 0.03052983 0.03505133 0.11459610 0.02231412 0.04493954 0.01558901 0.03946243 0.10762409 0.09464758 0.00333589 0.00734056 0.04187624
66 0.04927481 0.01795330 0.08192762 0.28798207 0.00439500 0.06523562 0.25833806 0.02663211 0.02677811 0.01586210 0.01835060 0.05296891 0.00121310 0.00293485 0.00554453 0.03601751 0.02941481 0.00113746 0.00284863 0.01519080
67 0.04485469 0.01999820 0.08184738 0.27474794 0.00602953 0.05970359 0.23028395 0.03399219 0.02774319 0.01891550 0.03488989 0.06040089 0.00327745 0.00535294 0.00929399 0.03800229 0.02666399 0.00140402 0.00563910 0.01695930
68 0.33316312 0.01949131 0.01898371 0.01078270 0.03576191 0.01183720 0.01822701 0.21769208 0.00867187 0.00778215 0.01109650 0.00786174 0.00555735 0.00632170 0.00917595 0.21040508 0.04301242 0.00203606 0.00200982 0.02013031
69 0.11168996 0.03310819 0.05046368 0.02166449 0.02189999 0.02899809 0.03924958 0.03168549 0.01659219 0.06439307 0.06451517 0.03433599 0.03066599 0.02745589 0.02503269 0.13105595 0.15725294 0.00926070 0.01759079 0.08308917
70 0.04294369 0.00614756 0.00694244 0.00217360 0.01168330 0.00559386 0.00193324 0.00805484 0.00178048 0.27464694 0.19912496 0.00532835 0.05881009 0.03269499 0.00729580 0.01215640 0.04177539 0.00194744 0.00859070 0.27037594
71 0.05923307 0.21072524 0.06653738 0.02822863 0.00305725 0.11429413 0.04537715 0.01499982 0.01759202 0.00948851 0.00737364 0.25767429 0.00777857 0.00994474 0.01729842 0.06819738 0.04018695 0.00276811 0.00434688 0.01489782
72 0.06288980 0.07815161 0.07665311 0.17775101 0.00709792 0.05027070 0.10519001 0.06038770 0.02125280 0.01685090 0.01738230 0.09726431 0.00552590 0.00914079 0.02244620 0.12266401 0.02600500 0.00660786 0.00771776 0.02875030
73 0.06748426 0.04425328 0.05239837 0.14585392 0.00617823 0.06818626 0.23265287 0.03320858 0.03151278 0.02409809 0.03408598 0.07317866 0.00993097 0.01817059 0.02146579 0.05310907 0.03921248 0.00425864 0.01257989 0.02818128
74 0.11609602 0.04671791 0.03098890 0.04579341 0.01177430 0.03490741 0.10922502 0.06301551 0.01807830 0.01713320 0.02131210 0.04543081 0.01239240 0.00805604 0.05499421 0.25389704 0.06315161 0.00992066 0.00879984 0.02831530
75 0.02192462 0.01548301 0.00537419 0.00308558 0.00743455 0.00495562 0.00851210 0.00686047 0.01261061 0.10864409 0.32063726 0.00792416 0.06280545 0.18928615 0.00456898 0.01389241 0.02382472 0.00915029 0.09012097 0.08290477
76 0.25549291 0.03085499 0.02427109 0.02179659 0.02611279 0.03001709 0.03761519 0.09567697 0.02332909 0.04611638 0.04091059 0.03110979 0.01771789 0.01606839 0.02508359 0.13491695 0.06247938 0.00704116 0.01121570 0.06217348
77 0.03667990 0.00908200 0.00610506 0.00224625 0.01000050 0.00484769 0.00495730 0.00720211 0.00357649 0.21792098 0.29637797 0.00546437 0.06898459 0.05623659 0.00614666 0.01531210 0.03480810 0.00174188 0.01350450 0.19880498
78 0.05873815 0.03750517 0.08746423 0.22779782 0.00543632 0.08895963 0.18632385 0.03083218 0.02686618 0.01647059 0.01674749 0.06907694 0.00438130 0.00886505 0.00979078 0.04713146 0.05096846 0.00350117 0.00403597 0.01910728
79 0.26870316 0.01560891 0.02457101 0.00646575 0.04320563 0.01302921 0.01685811 0.06243634 0.00854986 0.02240301 0.02138671 0.00861388 0.01489831 0.00470933 0.00681141 0.26582316 0.13199108 0.00335650 0.01053961 0.05003903
80 0.31899407 0.01173580 0.02051990 0.00579292 0.07163842 0.01026660 0.00962408 0.10031302 0.00886037 0.01876370 0.01463200 0.00406355 0.01099580 0.00388353 0.00350017 0.25757206 0.08204802 0.00140175 0.00606821 0.03932601
81 0.04707407 0.07568106 0.08937535 0.18873989 0.00572148 0.06471626 0.12787692 0.04694307 0.02126929 0.01560299 0.01753999 0.14505091 0.00473390 0.01060389 0.01478429 0.05650327 0.02638608 0.00432540 0.00944790 0.02762398
82 0.05195531 0.00330505 0.00846333 0.00210198 0.01481050 0.00584083 0.00241128 0.00915365 0.00188402 0.28280606 0.16031404 0.00449759 0.04779901 0.02664151 0.00585900 0.01801800 0.05507591 0.00178832 0.00932853 0.28794606
83 0.01608391 0.01222981 0.01347951 0.00457994 0.00746603 0.00328509 0.00723367 0.00647396 0.04213894 0.02381682 0.06259946 0.00630325 0.00710820 0.36764634 0.00322429 0.01336831 0.02817333 0.01362501 0.32796030 0.03320383
84 0.09512858 0.06360139 0.05424769 0.05942109 0.01069170 0.12511298 0.11224998 0.02965299 0.09079578 0.04052929 0.04031019 0.07686309 0.01347930 0.03381389 0.01703160 0.04700699 0.03510879 0.00678389 0.02214920 0.02602160
85 0.04925273 0.01801021 0.08197386 0.28849920 0.00440828 0.06515994 0.25805218 0.02667702 0.02681382 0.01589671 0.01829491 0.05261304 0.00127805 0.00293817 0.00544609 0.03624373 0.02931812 0.00105576 0.00277626 0.01529191
86 0.03641272 0.00898632 0.00630059 0.00237381 0.00997394 0.00481917 0.00492049 0.00743860 0.00356435 0.21809412 0.29598217 0.00538700 0.06873114 0.05664373 0.00618223 0.01519841 0.03469752 0.00192555 0.01365001 0.19871811
87 0.04580461 0.00270241 0.00732353 0.00204355 0.01278740 0.00570400 0.00157327 0.00843257 0.00155503 0.29750805 0.16467103 0.00423196 0.04817271 0.02606410 0.00599025 0.01005690 0.04443671 0.00161863 0.00823322 0.30109005
88 0.08593714 0.18777809 0.03304012 0.02506391 0.02339831 0.04796712 0.04400612 0.04465392 0.02853091 0.01780991 0.02007711 0.10421005 0.01496501 0.01476271 0.04181552 0.16306208 0.05108863 0.01141621 0.01183721 0.02857991
89 0.11443807 0.03174282 0.13702209 0.04553703 0.01993831 0.03623512 0.03625702 0.06515654 0.02403732 0.01858441 0.02277241 0.04062033 0.01363341 0.01212541 0.01864601 0.20735713 0.11441607 0.00374242 0.00880796 0.02893012
90 0.05014583 0.01897961 0.08180485 0.28516019 0.00383490 0.07568415 0.25536817 0.02377222 0.02802592 0.01720731 0.01751281 0.05238783 0.00097480 0.00317441 0.00465159 0.03354132 0.02930852 0.00080610 0.00247714 0.01518231
91 0.04692428 0.00401663 0.00757986 0.00260606 0.01291859 0.00615224 0.00244215 0.00858601 0.00219913 0.28996085 0.16929491 0.00524786 0.04864378 0.02811849 0.00636989 0.01191599 0.04448038 0.00171851 0.00894957 0.29187485
92 0.03741508 0.00642388 0.00582167 0.00184848 0.01059809 0.00494287 0.00283289 0.00708858 0.00243659 0.25323885 0.25936885 0.00405536 0.06299586 0.04516067 0.00543913 0.01151239 0.03560788 0.00148483 0.01096519 0.23076287
93 0.06490343 0.15122206 0.05674912 0.05378922 0.00672570 0.07582563 0.07839843 0.02687951 0.02519801 0.02361301 0.02597921 0.20826809 0.01426241 0.01896911 0.01832671 0.05384392 0.03996472 0.00682539 0.01484471 0.03541161
94 0.04195781 0.00297445 0.00669306 0.00163180 0.01211620 0.00499214 0.00129071 0.00768957 0.00114786 0.28766009 0.19536606 0.00326902 0.05258542 0.03183421 0.00534303 0.00949385 0.04169471 0.00144057 0.00888233 0.28193709
95 0.05091052 0.07184233 0.16958807 0.11243105 0.00707696 0.09480004 0.07843433 0.04884502 0.03315161 0.01325811 0.01542651 0.10830005 0.00663474 0.01817021 0.01350961 0.06512683 0.06304303 0.00235813 0.00730303 0.01978981
96 0.06462491 0.15171803 0.05759261 0.05467171 0.00663498 0.07624322 0.07847242 0.02619791 0.02512931 0.02392051 0.02501491 0.20864105 0.01410970 0.01899180 0.01792300 0.05324031 0.03936771 0.00648699 0.01483660 0.03618231
97 0.04188249 0.00306542 0.00660014 0.00163431 0.01212860 0.00505236 0.00136363 0.00766157 0.00113474 0.28700693 0.19640395 0.00338374 0.05270589 0.03195219 0.00529633 0.00953629 0.04169539 0.00148662 0.00894850 0.28106093
98 0.02406520 0.01405220 0.00717263 0.00167555 0.00599148 0.00412831 0.00869316 0.00704842 0.00647029 0.14840497 0.41888793 0.00489589 0.10285298 0.07562479 0.00864221 0.02036330 0.02414810 0.00156743 0.01348920 0.10182598
99 0.06546328 0.02679579 0.24394192 0.04792918 0.01315410 0.04244719 0.03025459 0.04900148 0.03633549 0.01678989 0.01772369 0.04712698 0.01102800 0.01773229 0.01626339 0.15223495 0.12836596 0.00297166 0.00816136 0.02627879
100 0.05162834 0.06117605 0.02734822 0.08446117 0.00489104 0.08062836 0.23550718 0.01642641 0.03724813 0.03785063 0.06840305 0.13477610 0.00780482 0.02382302 0.02013452 0.02920632 0.02209312 0.00238858 0.02354922 0.03065572
101 0.06756997 0.04448098 0.05242387 0.14468393 0.00621794 0.06769927 0.23077089 0.03339798 0.03189898 0.02463089 0.03451678 0.07331316 0.00983461 0.01852949 0.02198349 0.05360627 0.03936378 0.00412743 0.01275759 0.02819269
102 0.06727977 0.12471794 0.03033508 0.04045498 0.00676052 0.04242198 0.07980306 0.02158269 0.02569619 0.04980467 0.03843758 0.18387591 0.02191269 0.02126729 0.02161779 0.04911397 0.03627668 0.00870139 0.01196989 0.11796994
103 0.03599620 0.01732550 0.00985214 0.00744651 0.00890780 0.00887942 0.01531830 0.01371690 0.00941772 0.15317900 0.34198001 0.01109440 0.07655250 0.07238050 0.01098710 0.02461870 0.03084920 0.00508399 0.02583910 0.12057500
104 0.29425890 0.02256299 0.02276659 0.01545369 0.02985609 0.01428010 0.02070779 0.24275392 0.00933033 0.00767635 0.01310820 0.01017170 0.00600358 0.00731226 0.01355220 0.20522193 0.04139859 0.00255855 0.00228648 0.01873979
105 0.19502789 0.02633739 0.03093228 0.08296615 0.00620465 0.05994247 0.21383488 0.03852618 0.02489759 0.01985019 0.02474589 0.05625617 0.00858694 0.01428299 0.02029479 0.05854677 0.06692016 0.00343827 0.00922189 0.03918648
106 0.04947839 0.01777410 0.08174269 0.28808497 0.00436141 0.06572449 0.25894997 0.02615750 0.02695860 0.01615400 0.01825900 0.05260899 0.00118074 0.00306766 0.00548806 0.03549190 0.02933890 0.00101077 0.00290117 0.01526670
107 0.05450669 0.01324160 0.01117880 0.00857642 0.01291360 0.01218360 0.01295930 0.01115590 0.00933777 0.24275395 0.18702096 0.01288110 0.05111329 0.03851869 0.00953934 0.02282979 0.04322439 0.00319719 0.01526270 0.22760495
108 0.07163877 0.05873227 0.01567059 0.01627259 0.00884813 0.01945579 0.01988799 0.01645419 0.03445079 0.02405059 0.06360757 0.02769819 0.01914169 0.09085666 0.01290219 0.05720188 0.04624528 0.29958187 0.06735377 0.02994919
109 0.04322812 0.00241320 0.00680480 0.00162738 0.01243331 0.00513472 0.00113516 0.00790399 0.00104175 0.29327413 0.18280808 0.00328202 0.05063652 0.02918351 0.00534427 0.00927348 0.04298422 0.00150190 0.00856027 0.29142913
110 0.05785016 0.03197153 0.01786422 0.00729469 0.01333011 0.01460451 0.01916692 0.02014792 0.01520071 0.13739713 0.23080523 0.02269942 0.09900530 0.04608595 0.01991392 0.04570494 0.05154005 0.00760795 0.01378021 0.12802913
111 0.08815504 0.02137461 0.09781985 0.04178622 0.01630971 0.02556531 0.04361542 0.06484043 0.03116032 0.03633202 0.12634506 0.02159241 0.05416953 0.01572531 0.03163762 0.14634007 0.07773664 0.00422259 0.01173861 0.04353322
112 0.02607009 0.05906227 0.00707333 0.00475727 0.01010209 0.01255679 0.01977929 0.00858652 0.01699839 0.09710495 0.33582583 0.02944558 0.06506537 0.12150694 0.00636930 0.01853799 0.02026099 0.02082529 0.05778017 0.06229157
113 0.20537716 0.03011452 0.03311343 0.02729462 0.02295772 0.02051992 0.02827492 0.22457318 0.01167801 0.01060401 0.01923562 0.01918791 0.00847114 0.00789633 0.02655342 0.22521218 0.04963824 0.00468201 0.00404486 0.02057082
114 0.08594106 0.08356266 0.05810887 0.07464657 0.00880360 0.10798595 0.10145196 0.04188768 0.03368139 0.03307149 0.03338419 0.10633695 0.01312179 0.02179929 0.03526588 0.06463537 0.04448198 0.00624934 0.01382229 0.03176169
115 0.06581492 0.01635491 0.01418530 0.00984126 0.01407250 0.01159060 0.01509840 0.01498070 0.00913449 0.21966707 0.15294805 0.01865611 0.04677001 0.03596591 0.01151250 0.03226591 0.05142792 0.00394773 0.01448460 0.24128108
116 0.17270692 0.02677109 0.09539766 0.03021379 0.07459096 0.02069269 0.01990069 0.06234567 0.02217099 0.02023259 0.02283809 0.01925599 0.01800609 0.01261689 0.01190889 0.22273990 0.09781275 0.00378077 0.01124289 0.03477468
117 0.08590929 0.08352199 0.05891169 0.07341089 0.00885966 0.10654999 0.10087699 0.04347180 0.03406490 0.03233990 0.03277060 0.10596799 0.01310380 0.02180450 0.03436690 0.06699029 0.04517290 0.00636295 0.01414050 0.03140250
118 0.08407712 0.02405900 0.04343621 0.01184160 0.01648280 0.02837061 0.04539121 0.10033002 0.08569042 0.03065301 0.07798112 0.02902871 0.10347902 0.02067830 0.02160400 0.08830322 0.12242702 0.01658480 0.00768700 0.04189481
119 0.03643142 0.01694511 0.00953583 0.00703404 0.00886807 0.00879723 0.01488331 0.01319861 0.00933631 0.15300008 0.34454617 0.01084781 0.07692904 0.07246434 0.01029971 0.02544781 0.03099472 0.00491752 0.02518081 0.12034206
120 0.25666802 0.03092250 0.02403280 0.02198980 0.02588190 0.03001020 0.03691590 0.09681551 0.02354310 0.04545760 0.04016730 0.03140910 0.01745970 0.01606070 0.02534290 0.13616901 0.06233080 0.00641682 0.01123090 0.06117540
121 0.25588498 0.03089690 0.02444880 0.02250540 0.02616180 0.02981320 0.03734290 0.09764619 0.02332560 0.04537360 0.04025670 0.03127990 0.01728760 0.01615020 0.02494370 0.13578099 0.06160280 0.00651098 0.01193030 0.06085750
122 0.18111486 0.02356168 0.03654347 0.02928078 0.01655759 0.01936509 0.02500988 0.37203671 0.01194459 0.00756862 0.01838509 0.01405779 0.00705061 0.00936581 0.01710529 0.15862488 0.03149958 0.00326953 0.00283617 0.01482199
123 0.09544236 0.02108521 0.02998422 0.01018681 0.02114801 0.01831051 0.02033911 0.06540774 0.02260111 0.13339509 0.07973845 0.01827941 0.03296962 0.02253881 0.01322221 0.11147907 0.14753810 0.00558774 0.01015931 0.12058708
124 0.04304780 0.00536790 0.00693451 0.00198575 0.01186680 0.00555948 0.00186285 0.00815358 0.00161526 0.27919098 0.19344898 0.00503248 0.05709780 0.03159830 0.00689684 0.01153980 0.04211530 0.00195304 0.00861959 0.27611298
125 0.04439962 0.00425268 0.00728589 0.00224977 0.01252291 0.00552206 0.00294386 0.00840436 0.00225787 0.27476314 0.19560110 0.00468232 0.05277083 0.03362242 0.00599676 0.01192561 0.04329742 0.00174997 0.00982826 0.27592314
126 0.15750212 0.02041802 0.02244182 0.00659453 0.02821002 0.01580391 0.02662212 0.02368952 0.01523861 0.06450715 0.07820476 0.02224472 0.08665737 0.01621141 0.01323971 0.11748009 0.15816912 0.00910700 0.01007691 0.10758108
127 0.15645486 0.08044153 0.03018667 0.03165397 0.01425819 0.03002347 0.03529707 0.17498384 0.01314359 0.01065519 0.01824188 0.04151766 0.00736675 0.00857245 0.04849256 0.22232080 0.04433706 0.00752092 0.00537654 0.01915498
128 0.05159270 0.16044901 0.12773901 0.06380110 0.00949218 0.08318970 0.04445660 0.03875310 0.03000080 0.01059570 0.01478940 0.17939101 0.00903764 0.02042280 0.01360320 0.05880580 0.04498990 0.00474852 0.01400030 0.02014150
129 0.03083716 0.01022579 0.00507128 0.00224894 0.00849599 0.00448118 0.00532689 0.00626404 0.00366728 0.20425276 0.34183959 0.00495158 0.07732861 0.06311452 0.00564070 0.01458688 0.02880387 0.00143374 0.01366438 0.16776480
130 0.14805605 0.01404370 0.01293330 0.00901613 0.01950581 0.01495740 0.01772081 0.02447021 0.01164870 0.16994405 0.10395403 0.01781431 0.03744901 0.02179071 0.01968111 0.06329532 0.06629952 0.00361178 0.00956697 0.21424107
131 0.06546683 0.21848809 0.03863312 0.02610261 0.01772021 0.06050332 0.05128682 0.02868141 0.03086851 0.02684791 0.03630131 0.15357406 0.02220391 0.02566851 0.02914801 0.06590763 0.03746781 0.01188480 0.02002681 0.03321831
132 0.03625052 0.00880798 0.00632906 0.00256878 0.01010721 0.00483393 0.00496469 0.00728670 0.00360268 0.21825913 0.29593718 0.00525152 0.06900874 0.05619293 0.00613642 0.01518291 0.03478582 0.00184564 0.01362301 0.19902512
133 0.05308846 0.02787978 0.09284742 0.25008579 0.00746219 0.05888895 0.17664686 0.06018545 0.02653118 0.01848108 0.02221968 0.06350345 0.00435822 0.01066499 0.01218559 0.05069416 0.02789978 0.00397070 0.01042559 0.02198068
134 0.07059177 0.01105171 0.00823216 0.00381785 0.01689422 0.00840147 0.00866867 0.00857315 0.00979598 0.18933118 0.20217920 0.00987146 0.04410934 0.06301216 0.00662823 0.02886203 0.05647535 0.00557774 0.05283015 0.19509619
135 0.09744414 0.01687651 0.01430511 0.00863749 0.01471121 0.01653301 0.02118411 0.02472251 0.01690431 0.14016006 0.24551211 0.01502661 0.05687543 0.04611372 0.01432921 0.04701462 0.04934372 0.00666136 0.01996371 0.12768106
136 0.03997709 0.01927900 0.01878150 0.00883505 0.01268010 0.00881355 0.01266960 0.00911947 0.03536719 0.10023298 0.11548597 0.01604440 0.02438659 0.18959695 0.00674637 0.02567229 0.03901889 0.01309710 0.18961295 0.11458297
137 0.03554524 0.01700772 0.00976184 0.00749427 0.00864503 0.00868832 0.01510792 0.01336631 0.00935997 0.15318717 0.34542338 0.01100611 0.07719268 0.07237228 0.01078231 0.02431283 0.03074183 0.00476913 0.02518153 0.12005413
138 0.03254799 0.02430199 0.02167979 0.00966487 0.01097430 0.01317020 0.01832179 0.01780909 0.03377529 0.06661468 0.13615695 0.01845419 0.02771489 0.25734991 0.00922148 0.02101699 0.03378809 0.01722219 0.16404694 0.06616838
139 0.11186998 0.01788520 0.04513659 0.03716259 0.00868984 0.02041410 0.02571279 0.52507489 0.01521410 0.01048840 0.02170270 0.01415260 0.00754735 0.01284430 0.01199510 0.07525188 0.01765550 0.00210845 0.00360027 0.01549340
140 0.01900841 0.01482551 0.00273274 0.00163836 0.00565151 0.00241413 0.00485044 0.00460088 0.00490757 0.13431508 0.43646825 0.00497228 0.08798255 0.11724507 0.00386458 0.01392511 0.01763841 0.00365813 0.03255712 0.08674385
141 0.18973998 0.02569060 0.02857860 0.00974202 0.03604480 0.01751400 0.02207420 0.04766299 0.01696490 0.03692080 0.05985439 0.01904700 0.07168329 0.01051580 0.02125440 0.18873498 0.11171999 0.00719419 0.00880922 0.07025389
142 0.06710924 0.01624689 0.01394289 0.01014699 0.01436719 0.01160959 0.01559939 0.01558159 0.00880835 0.21931280 0.15345286 0.01856018 0.04689706 0.03525937 0.01169329 0.03280937 0.05095245 0.00378095 0.01409179 0.23977778
143 0.11146103 0.01833331 0.04577351 0.03830421 0.00866417 0.02081881 0.02615621 0.52349816 0.01475210 0.01032650 0.02200461 0.01433470 0.00802094 0.01191470 0.01275530 0.07430892 0.01793211 0.00212615 0.00340513 0.01510940
144 0.10219101 0.06251900 0.05578980 0.14157701 0.00553449 0.04846190 0.09520371 0.05754690 0.01742160 0.01568590 0.01395370 0.11582301 0.00611258 0.00823112 0.02771350 0.14800901 0.02940360 0.00944352 0.00603862 0.03334000
145 0.29570884 0.02317689 0.02260699 0.01494959 0.03197178 0.01418179 0.02098999 0.21848088 0.00905287 0.00831701 0.01309599 0.01062109 0.00636460 0.00643330 0.01442809 0.21925988 0.04485918 0.00284955 0.00258322 0.02006849
146 0.03570676 0.00614176 0.00551089 0.00152101 0.01030519 0.00406154 0.00207726 0.00669943 0.00171592 0.24795775 0.27085373 0.00336764 0.06476574 0.04792955 0.00504954 0.01116319 0.03496847 0.00134427 0.01086759 0.22799277
147 0.25263298 0.02432500 0.02509350 0.01234490 0.03747260 0.01707030 0.01993920 0.08187479 0.00887925 0.01783450 0.01623070 0.01336580 0.00939650 0.00396645 0.01805270 0.30401497 0.08904419 0.00372309 0.01019970 0.03453890
148 0.07688522 0.03481921 0.04372461 0.09941162 0.00901580 0.04730991 0.14779203 0.10689802 0.03986491 0.06346171 0.04989971 0.05149491 0.01859500 0.02084000 0.02199720 0.07245131 0.04104831 0.00521890 0.01201400 0.03725761
149 0.03748492 0.00633305 0.00585428 0.00178048 0.01062570 0.00477331 0.00279758 0.00703402 0.00252445 0.25275111 0.26005412 0.00397550 0.06310593 0.04532322 0.00544795 0.01148801 0.03579622 0.00148423 0.01107580 0.23029010
150 0.02773073 0.01080961 0.00532042 0.00157189 0.00747465 0.00360501 0.00453490 0.00614134 0.00327894 0.19738619 0.35670634 0.00407599 0.08702728 0.06326326 0.00669382 0.01548011 0.02773943 0.00131293 0.01190001 0.15794715
151 0.07587023 0.04380992 0.02567391 0.01811811 0.00475285 0.03976611 0.02898171 0.08681913 0.00693381 0.00912339 0.02479441 0.01903761 0.01055900 0.01058350 0.42524716 0.09742474 0.04976622 0.00359940 0.00376978 0.01536901
152 0.06656759 0.21732998 0.03837570 0.02652270 0.01725160 0.06051969 0.05107119 0.02857470 0.03089520 0.02667180 0.03622590 0.15332298 0.02241060 0.02467250 0.02989170 0.06664609 0.03691850 0.01237750 0.02055760 0.03319650
153 0.07135207 0.04725448 0.02139389 0.01491709 0.00564798 0.04311578 0.03563309 0.04480218 0.01035800 0.02120299 0.03396529 0.02442999 0.01569239 0.01473629 0.42245684 0.08039237 0.05425568 0.00440238 0.00667912 0.02731209
154 0.03109539 0.01385079 0.01290810 0.00536766 0.01180180 0.00894938 0.01364659 0.00854298 0.01606829 0.16088694 0.22934692 0.01064270 0.05015728 0.16039094 0.00614296 0.01333360 0.03334199 0.00495569 0.07485507 0.13371495
155 0.21714581 0.02411958 0.03244917 0.02127488 0.02232098 0.02000538 0.02349448 0.21586381 0.01413179 0.01795058 0.05430365 0.01125379 0.01632759 0.00922919 0.01826488 0.19347683 0.05234065 0.00327550 0.00411648 0.02865497
156 0.05951978 0.04415408 0.16752693 0.09819166 0.01237050 0.05044668 0.06531417 0.07281307 0.03914248 0.02447199 0.02932819 0.06847607 0.01301089 0.02841679 0.01874239 0.08128977 0.06873237 0.00468790 0.02039739 0.03296689
157 0.02641069 0.01108760 0.00505712 0.00143943 0.00706120 0.00299001 0.00419324 0.00574414 0.00308515 0.18555695 0.37757790 0.00367913 0.08795868 0.06917988 0.00579145 0.01533880 0.02595659 0.00117380 0.01248630 0.14823196
158 0.02362019 0.02096429 0.06068787 0.05058787 0.01436419 0.01420149 0.01587499 0.01795089 0.06265966 0.04157718 0.05178107 0.02935148 0.00610876 0.21252788 0.01200039 0.02169059 0.01942949 0.02935578 0.26691585 0.02835008
159 0.04484830 0.00190135 0.00716203 0.00175322 0.01273950 0.00548698 0.00104861 0.00824205 0.00108869 0.30232800 0.16433600 0.00352528 0.04783920 0.02544770 0.00556778 0.00889397 0.04413420 0.00152449 0.00797864 0.30415400
160 0.05000105 0.20164180 0.10109290 0.04393236 0.00193236 0.12101588 0.04070266 0.01651378 0.01781198 0.00431802 0.00537188 0.27421473 0.00519305 0.00995276 0.00472506 0.04274456 0.04342126 0.00128077 0.00255384 0.01157929
161 0.03626920 0.02858920 0.01843630 0.01643510 0.00784145 0.01088420 0.01024640 0.00940767 0.06070089 0.01404090 0.05851469 0.01823420 0.01010130 0.12561499 0.00894599 0.07232059 0.02347210 0.08343419 0.37174796 0.01476270
162 0.03085630 0.02359500 0.02043020 0.01163590 0.00937930 0.01035280 0.01439250 0.00850594 0.05435231 0.03075360 0.07850401 0.01756620 0.00953907 0.19711203 0.00645364 0.03395511 0.02294300 0.02637450 0.36343305 0.02986550
163 0.24948596 0.01790230 0.02550650 0.01978390 0.01619700 0.01512160 0.01874590 0.43628293 0.01124260 0.00444783 0.01379370 0.00686525 0.00440738 0.01160530 0.00523030 0.10972998 0.02025450 0.00138636 0.00106074 0.01095000
164 0.04514971 0.00262033 0.00720937 0.00185343 0.01269770 0.00560358 0.00140532 0.00824686 0.00134207 0.29845007 0.16869004 0.00386857 0.04862021 0.02666381 0.00581661 0.00951645 0.04376761 0.00160335 0.00842583 0.29844907
165 0.04016092 0.02407411 0.12895707 0.27050116 0.00773738 0.05895733 0.16454110 0.06790754 0.02559371 0.01268921 0.01829601 0.06371544 0.00272368 0.01012791 0.01088561 0.04144732 0.02510631 0.00164835 0.00849851 0.01643131
166 0.04692820 0.00567590 0.00795442 0.00235370 0.01441410 0.00597841 0.00450873 0.00882321 0.00329072 0.25387600 0.21212700 0.00482228 0.05585610 0.03680710 0.00708754 0.01967110 0.05297740 0.00194608 0.01242500 0.24247700
167 0.17053498 0.03050530 0.02897880 0.01892770 0.02839870 0.02052160 0.02603730 0.11220198 0.02195330 0.05008319 0.03548730 0.01925040 0.01641380 0.01014680 0.02417020 0.24719697 0.08195609 0.00577626 0.00657798 0.04488139
168 0.07105197 0.10205510 0.02762033 0.03759174 0.00782044 0.03554844 0.07105037 0.02127392 0.02507363 0.07052847 0.04994465 0.14943115 0.02601473 0.02336202 0.02178722 0.04992835 0.03884934 0.00866988 0.01208611 0.15031215
169 0.08570601 0.08459891 0.05903607 0.07387859 0.00864437 0.10687613 0.10162213 0.04264465 0.03340304 0.03207694 0.03253104 0.10798414 0.01285822 0.02189853 0.03481004 0.06517008 0.04494086 0.00612329 0.01366362 0.03153334
170 0.02425540 0.01978500 0.00481197 0.00265453 0.00707039 0.00402074 0.00627620 0.00566166 0.00702907 0.13698197 0.38689492 0.01012390 0.08553758 0.10264298 0.00480632 0.01664850 0.02489200 0.00537032 0.04654329 0.09799328
171 0.06688895 0.21685617 0.03882043 0.02520292 0.01720971 0.06058265 0.05044604 0.03017512 0.03077722 0.02640192 0.03650833 0.15254512 0.02189252 0.02577682 0.03027452 0.06673165 0.03716813 0.01231131 0.02042002 0.03301043
172 0.04171223 0.00772178 0.02447732 0.00365496 0.01033221 0.00779015 0.01215491 0.01392681 0.01100901 0.21309317 0.23845619 0.00540703 0.08601887 0.03223033 0.01529611 0.02765372 0.04262093 0.00216488 0.00849024 0.19578915
173 0.05267629 0.02736379 0.09290258 0.25309094 0.00747805 0.05904619 0.18014296 0.05937809 0.02604659 0.01811700 0.02188029 0.06286999 0.00427148 0.01033460 0.01148450 0.04980299 0.02794209 0.00384990 0.01008150 0.02124020
174 0.06862480 0.04333340 0.05220160 0.14448600 0.00621826 0.06809260 0.23265801 0.03395520 0.03153500 0.02439560 0.03397210 0.07254300 0.00959802 0.01812650 0.02188660 0.05419360 0.03937490 0.00413269 0.01271160 0.02796050
175 0.04458860 0.04796820 0.09644600 0.23687500 0.00596136 0.06094840 0.15579800 0.05021520 0.02282350 0.01559930 0.01904860 0.10730000 0.00355467 0.00885162 0.01251800 0.05090930 0.02472060 0.00353227 0.00875889 0.02358250
176 0.05865848 0.03412389 0.06541478 0.12036896 0.01899789 0.03538149 0.08139848 0.05530718 0.02344079 0.03405369 0.09478497 0.05090368 0.02515339 0.02074779 0.10988897 0.06853748 0.03812499 0.00605540 0.01508700 0.04357069
177 0.05123141 0.01020010 0.00954933 0.00378514 0.01305660 0.00711608 0.00560038 0.01011610 0.00424308 0.24048903 0.18638302 0.00904289 0.06712641 0.03302780 0.00998061 0.02222320 0.04980811 0.00399084 0.00921684 0.25381303
178 0.22702493 0.01242380 0.01644639 0.00832172 0.08314267 0.01269710 0.00972137 0.04084849 0.01096680 0.06872068 0.05400598 0.00830880 0.02669099 0.01393810 0.01162460 0.15992695 0.10354697 0.00331482 0.01064190 0.11768696
179 0.05687043 0.03613582 0.04754062 0.14780507 0.00343834 0.10102305 0.29092215 0.01543471 0.03665362 0.02741031 0.02839321 0.06910393 0.00400961 0.02244751 0.01480741 0.03169372 0.02937301 0.00183955 0.01371691 0.02138101
