1 0.03775550 0.00837855 0.00574888 0.00370622 0.00867732 0.00553416 0.00564287 0.00871836 0.00517347 0.20745399 0.29061098 0.00841041 0.06415750 0.05572450 0.00672432 0.02068560 0.03009400 0.00483891 0.01528350 0.20668099
2 0.06600168 0.05341609 0.01844440 0.02604569 0.00826436 0.03427179 0.02320509 0.03239139 0.01096760 0.02087030 0.03481619 0.03031149 0.01597910 0.01132750 0.46149389 0.06421759 0.04874199 0.00416317 0.00695410 0.02811659
3 0.04019030 0.01875710 0.10834499 0.20351298 0.01420290 0.04011390 0.10059199 0.28221398 0.02347170 0.00869472 0.00981539 0.05029900 0.00327556 0.00690708 0.01607890 0.04462380 0.01394910 0.00228206 0.00459943 0.00807514
4 0.06048048 0.01282330 0.01198220 0.01107910 0.01094160 0.01380140 0.01520890 0.01293070 0.01053950 0.22038494 0.14570296 0.02150669 0.04115759 0.03378489 0.01145900 0.03904999 0.04150599 0.00375309 0.01524780 0.26665992
5 0.05534949 0.10174898 0.03308710 0.02595200 0.00458225 0.05808739 0.06065939 0.01745760 0.02264020 0.09721449 0.07780629 0.18318197 0.02627900 0.03372579 0.01674220 0.04055599 0.05197919 0.00467190 0.01009680 0.07818199
6 0.09012197 0.03666709 0.02826329 0.06526168 0.00816146 0.03584879 0.13885895 0.02468719 0.03078939 0.09667607 0.05113958 0.04408878 0.02304899 0.01943549 0.02145429 0.13622495 0.05563598 0.00413660 0.03769489 0.05180458
7 0.17121201 0.02879360 0.03863340 0.02780090 0.03026750 0.02377900 0.02867150 0.06719970 0.01540980 0.03458480 0.03614180 0.02693710 0.01463990 0.01235780 0.02765810 0.25194901 0.09962540 0.00543405 0.01522890 0.04367570
8 0.03880602 0.00836024 0.00447128 0.00257082 0.00637648 0.00385607 0.00404874 0.00720407 0.00295033 0.23876310 0.27565711 0.00666114 0.07070633 0.04664172 0.00600401 0.01960591 0.03040201 0.00148091 0.01151360 0.21392009
9 0.07997576 0.03870618 0.07942526 0.09990426 0.01394149 0.03824198 0.05863027 0.18375592 0.06640647 0.01446449 0.03063689 0.11059095 0.00958755 0.02291489 0.03066209 0.04895308 0.02536479 0.00729230 0.01733489 0.02321049
10 0.03427891 0.02269120 0.02030230 0.00934455 0.00691415 0.01306260 0.01667360 0.01122480 0.04414501 0.04193601 0.05864691 0.01701950 0.01580710 0.17421103 0.00599285 0.03973251 0.02038230 0.01933990 0.39584606 0.03244870
11 0.02170240 0.02879670 0.02726750 0.01059140 0.00735535 0.01036450 0.00863286 0.01175160 0.06433351 0.01576550 0.04409871 0.04364721 0.01769110 0.33188004 0.00461957 0.01139800 0.02427530 0.02335220 0.26629103 0.02618550
12 0.03158308 0.01580879 0.01417629 0.01219069 0.00987003 0.01246019 0.01339429 0.02166969 0.03592198 0.05537497 0.12469394 0.02886758 0.02986698 0.29969584 0.00791418 0.01949219 0.03622368 0.02221419 0.14975192 0.05882947
13 0.02617070 0.01628640 0.18102500 0.25083899 0.01024920 0.05685440 0.07435460 0.04531950 0.02395390 0.05180510 0.01619130 0.04801820 0.00840476 0.00709894 0.02410770 0.07351180 0.03818660 0.00425379 0.00371713 0.03965200
14 0.03481481 0.02011711 0.12150304 0.27928510 0.01346780 0.05628562 0.20306807 0.11366804 0.02166881 0.00678978 0.00464046 0.05845632 0.00199078 0.00186421 0.01061990 0.02647771 0.01407541 0.00131380 0.00394668 0.00594653
15 0.05660077 0.28179786 0.03211188 0.02410319 0.01643059 0.06219017 0.05528877 0.02661809 0.02285419 0.02333329 0.03398078 0.15357192 0.02064409 0.01694109 0.03463588 0.04818088 0.03667758 0.01008179 0.01808469 0.02587249
16 0.11252308 0.01528921 0.03125552 0.03376952 0.01229871 0.01799551 0.02367732 0.52439337 0.01664611 0.01485721 0.02294952 0.02083401 0.00648578 0.01436231 0.01369861 0.07055145 0.02766432 0.00295786 0.00462505 0.01316551
17 0.04565924 0.00318473 0.00280415 0.00334055 0.00803156 0.00372946 0.00266818 0.00568802 0.00270549 0.31104025 0.14987012 0.00562853 0.03977393 0.02296552 0.00391034 0.01970852 0.03184933 0.00058252 0.00852030 0.32833926
18 0.06221910 0.33896797 0.02225560 0.01908520 0.01087150 0.12041999 0.04458460 0.01987890 0.01457580 0.01517760 0.01085840 0.21639798 0.01101580 0.00379657 0.02159450 0.02756870 0.02210950 0.00106468 0.00249683 0.01506080
19 0.05018430 0.08012959 0.04875290 0.10254399 0.00354833 0.08928689 0.23130898 0.02499660 0.02209210 0.01890440 0.03127130 0.16054599 0.00876314 0.01402860 0.01410450 0.03035490 0.03083040 0.00279458 0.00397532 0.03158320
20 0.03314589 0.02234260 0.00999695 0.00346413 0.00380887 0.00634180 0.01160010 0.00856496 0.00495067 0.12036098 0.38825393 0.01688910 0.14557097 0.03715079 0.03249689 0.02553970 0.03938859 0.00272091 0.01119990 0.07621229
21 0.16996398 0.02859070 0.03866450 0.02832020 0.03028100 0.02323690 0.02960240 0.06820109 0.01535970 0.03458330 0.03608920 0.02753030 0.01489490 0.01282930 0.02624540 0.25023398 0.09955369 0.00542699 0.01687080 0.04352170
22 0.03821012 0.01635691 0.01082401 0.00603053 0.00749526 0.00946516 0.01407611 0.01640551 0.00903786 0.14183109 0.34930123 0.01825191 0.07828265 0.06560404 0.01136791 0.02657312 0.03379272 0.00671866 0.02201111 0.11836408
23 0.04402798 0.31304086 0.03108439 0.01784209 0.00231173 0.08612376 0.05383688 0.01264029 0.01224989 0.01756399 0.01812919 0.27427887 0.00978444 0.00574830 0.01644449 0.03075169 0.03174419 0.00155538 0.00465141 0.01619019
24 0.11403204 0.01519931 0.03119201 0.03411721 0.01202960 0.01782001 0.02314171 0.52049217 0.01658381 0.01578411 0.02377161 0.02073561 0.00671524 0.01466980 0.01352910 0.07073972 0.02728351 0.00297745 0.00513198 0.01405400
25 0.05305832 0.01252280 0.00926006 0.00851204 0.00788051 0.00949294 0.01157750 0.01284170 0.00677068 0.25069609 0.18037306 0.01465921 0.05050372 0.03568091 0.00867666 0.03311571 0.03835181 0.00166636 0.01844781 0.23591208
26 0.28143718 0.02411272 0.02049121 0.02426942 0.02730162 0.02665992 0.03447622 0.09514926 0.01847331 0.04319623 0.04242943 0.03000292 0.01824211 0.01531561 0.02439322 0.14582009 0.05878044 0.00413687 0.01084861 0.05446363
27 0.04331454 0.01653462 0.00845143 0.00348424 0.00539237 0.00523856 0.00673416 0.00610418 0.00439023 0.21364121 0.27528027 0.00994605 0.10856111 0.03621244 0.00932994 0.02424622 0.03594744 0.00141993 0.01045891 0.17531217
28 0.06405964 0.04552093 0.04244393 0.13496708 0.00563589 0.07300175 0.31981720 0.03536532 0.02187271 0.01841251 0.02586722 0.06530454 0.00900697 0.01168931 0.01585591 0.04212033 0.02735942 0.00415683 0.01011891 0.02742362
29 0.04505121 0.00244910 0.00221273 0.00284614 0.00822911 0.00346177 0.00215288 0.00524356 0.00237530 0.31880707 0.14202703 0.00514424 0.03707071 0.02082500 0.00341762 0.01853990 0.03104781 0.00044404 0.00807170 0.34058307
30 0.04476381 0.15882804 0.03270381 0.06336752 0.00338833 0.05588852 0.21880806 0.02049301 0.02118191 0.05458062 0.03923921 0.11807803 0.01567080 0.01199610 0.01560150 0.04655741 0.03706191 0.00281495 0.00726384 0.03171261
31 0.11135602 0.01540990 0.03246160 0.03413811 0.01207290 0.01792660 0.02319720 0.52027408 0.01715070 0.01544990 0.02435550 0.02106750 0.00650096 0.01522080 0.01358100 0.06939041 0.02792560 0.00298071 0.00537498 0.01416550
32 0.06070950 0.01242660 0.01277560 0.01198040 0.01086580 0.01355020 0.01621260 0.01315770 0.01076070 0.22210401 0.14386900 0.02148340 0.04111690 0.03270260 0.01105960 0.03836060 0.04071500 0.00379927 0.01438850 0.26796201
33 0.03523138 0.00882941 0.00398226 0.00213708 0.00577857 0.00353240 0.00360181 0.00722769 0.00268383 0.22309989 0.31244784 0.00648815 0.07825016 0.05274027 0.00589154 0.01748879 0.02865599 0.00148177 0.01108129 0.18936990
34 0.07512643 0.30449714 0.01428561 0.01560811 0.00812785 0.05033792 0.02995741 0.02765651 0.01255911 0.01360661 0.01449511 0.10653505 0.01120391 0.00672341 0.22415310 0.03928962 0.02295181 0.00254042 0.00454687 0.01579801
35 0.01804680 0.01310610 0.01077430 0.01090750 0.00795887 0.00686846 0.00582066 0.01031690 0.04669489 0.02019870 0.04655149 0.01791950 0.01855760 0.39251192 0.00271742 0.01075280 0.02495119 0.02340500 0.28891994 0.02302000
36 0.08087905 0.04989323 0.05919884 0.04979113 0.01511951 0.03555232 0.06071964 0.05164344 0.10792107 0.02858412 0.05128593 0.05399674 0.02221172 0.07940715 0.01931111 0.05843244 0.03538112 0.00988243 0.08058905 0.05019993
37 0.16815010 0.02931312 0.03829592 0.02790752 0.03052542 0.02358871 0.02826782 0.06681514 0.01557311 0.03476572 0.03616212 0.02650552 0.01473521 0.01249861 0.02688662 0.25260514 0.10117006 0.00533623 0.01749561 0.04340232
38 0.03500761 0.02294841 0.02068131 0.00895299 0.00717375 0.01350201 0.01586731 0.01076760 0.04385082 0.04159712 0.06150102 0.01733281 0.01608271 0.17154507 0.00650757 0.03979692 0.02040641 0.01972501 0.39375815 0.03299541
39 0.06202732 0.11263604 0.04827652 0.01972211 0.01551951 0.02862841 0.04442511 0.02669391 0.08403883 0.03598161 0.10709404 0.05947532 0.03067051 0.02974691 0.02197661 0.12361604 0.05136112 0.00890677 0.03203721 0.05716612
40 0.01795441 0.01308231 0.01069871 0.01090381 0.00778124 0.00689076 0.00571239 0.01033101 0.04671042 0.01988231 0.04689212 0.01805361 0.01846921 0.39299120 0.00278949 0.01079911 0.02502361 0.02291471 0.28918615 0.02293341
41 0.07937719 0.07468289 0.04960729 0.06772039 0.01619180 0.16234098 0.11127798 0.03853429 0.02116630 0.02353330 0.02956820 0.10838798 0.02165530 0.01762850 0.03228210 0.05352949 0.03827529 0.00413914 0.01298210 0.03711949
42 0.32531605 0.00976394 0.01921180 0.01190370 0.04438131 0.01346470 0.01888020 0.08797421 0.01269450 0.01907060 0.01967400 0.01311900 0.00830724 0.00479186 0.02141760 0.26680304 0.06491171 0.00196125 0.00636486 0.02998840
43 0.03393901 0.02286541 0.02041471 0.00890982 0.00685230 0.01328480 0.01604830 0.01083220 0.04468271 0.04143161 0.05915592 0.01727451 0.01585550 0.17616905 0.00593737 0.04047181 0.02016401 0.01894981 0.39404112 0.03272001
44 0.02679822 0.01890541 0.00698460 0.00181921 0.00360638 0.00394510 0.00605822 0.00711722 0.00341177 0.14255011 0.41960833 0.01153871 0.13715611 0.05115824 0.00960394 0.01573621 0.03023462 0.00274581 0.01114521 0.08987657
45 0.03274641 0.01591790 0.01378540 0.01171100 0.00966428 0.01208280 0.01303380 0.02220010 0.03537511 0.05607801 0.12523803 0.02810481 0.03010901 0.29767707 0.00804970 0.01977840 0.03682881 0.02247230 0.15035903 0.05878801
46 0.03820811 0.01518480 0.00988111 0.00585132 0.00792417 0.00922098 0.01362250 0.01807790 0.00883149 0.14203803 0.34991207 0.01798610 0.07774842 0.06774931 0.01117100 0.02570591 0.03319001 0.00673493 0.02256180 0.11840002
47 0.07820030 0.07579790 0.05000950 0.06609920 0.01653560 0.16079700 0.11067300 0.03884220 0.02152440 0.02379710 0.03015470 0.10729000 0.02176330 0.01793780 0.03269320 0.05342310 0.03829440 0.00390459 0.01431700 0.03794570
48 0.13817887 0.00938791 0.01095059 0.01072919 0.01352489 0.01640438 0.01563419 0.02440158 0.01208259 0.18006983 0.10461490 0.02085198 0.03686017 0.02080208 0.01744878 0.06455074 0.05049245 0.00246112 0.00916799 0.24138577
49 0.21049506 0.02024351 0.01834121 0.00726862 0.02697501 0.01219880 0.01079450 0.11250503 0.00802826 0.02143201 0.02006011 0.01124170 0.00682970 0.00869744 0.01364900 0.29387609 0.16467205 0.00274003 0.00466335 0.02528851
50 0.07216845 0.01939901 0.05985594 0.30735519 0.00604321 0.05106793 0.26862117 0.04427763 0.01911471 0.01032001 0.00813181 0.04729183 0.00182806 0.00230002 0.00842574 0.03797562 0.02052731 0.00173617 0.00220528 0.01135491
51 0.06220631 0.04870081 0.02871021 0.02316891 0.00681702 0.05590471 0.05692731 0.01706540 0.02614281 0.06153261 0.05567911 0.16755904 0.01975340 0.03795901 0.01673990 0.04135791 0.05010841 0.00687125 0.01052480 0.20627105
52 0.05893001 0.02691076 0.04146524 0.11652683 0.00926280 0.04708733 0.22230467 0.03044136 0.10657984 0.03461545 0.05246172 0.06515110 0.01068068 0.03551335 0.01315678 0.04498543 0.02690736 0.00407845 0.01232358 0.04061724
53 0.05300910 0.01134420 0.00939362 0.00837701 0.00781629 0.00913002 0.01145870 0.01244320 0.00650230 0.25211502 0.18111501 0.01404730 0.05067640 0.03571650 0.00852448 0.03268260 0.03869120 0.00176882 0.01805820 0.23713001
54 0.18049404 0.02733291 0.15366304 0.05101561 0.02043950 0.03649401 0.04386291 0.09428182 0.02563391 0.02074270 0.03012521 0.04042381 0.01891080 0.01144230 0.01893180 0.12376503 0.05835181 0.00365572 0.00756585 0.03286721
55 0.28313695 0.02370510 0.01946550 0.02341250 0.02697260 0.02675140 0.03555099 0.09514048 0.01817480 0.04335009 0.04183219 0.02922610 0.01792450 0.01543740 0.02442610 0.14625098 0.05893069 0.00420297 0.01211790 0.05399079
56 0.04300302 0.00409832 0.00277240 0.00226640 0.00737426 0.00286540 0.00186324 0.00541754 0.00217154 0.28781710 0.20087607 0.00396104 0.05182572 0.03263041 0.00405868 0.01865281 0.03039561 0.00076845 0.00937588 0.28780610
57 0.17162491 0.02807909 0.03784698 0.02900768 0.03033188 0.02266109 0.02956628 0.06808396 0.01517009 0.03377268 0.03664848 0.02645389 0.01461469 0.01275339 0.02658619 0.25330387 0.10020195 0.00539303 0.01490619 0.04299368
58 0.08050101 0.01760960 0.02398360 0.00921683 0.01445000 0.01587200 0.01762380 0.02100250 0.01012690 0.14619002 0.10425601 0.02819440 0.04231551 0.02811750 0.01372920 0.08263371 0.12222902 0.00508934 0.01015100 0.20670803
59 0.04357348 0.01505139 0.00735400 0.00298645 0.00526920 0.00420453 0.00554962 0.00570810 0.00394429 0.22388188 0.26857986 0.00835136 0.10579594 0.03486618 0.00862013 0.02406179 0.03462658 0.00114805 0.01016929 0.18625790
60 0.06054239 0.13956498 0.04786229 0.04739529 0.00589706 0.07774079 0.07672069 0.03261580 0.02263960 0.02690000 0.03877769 0.20757797 0.01659830 0.02726970 0.02171470 0.04635909 0.04371709 0.00639007 0.01307010 0.04064639
61 0.03439339 0.01467980 0.01305790 0.00932925 0.01200380 0.04042989 0.01977440 0.02074410 0.02498000 0.07413949 0.27171696 0.02940050 0.03268410 0.16765097 0.01179370 0.02123430 0.03277160 0.01722940 0.07395499 0.07803149
62 0.06580138 0.07315748 0.03709339 0.02835069 0.00664774 0.25189294 0.06844928 0.01216190 0.01632310 0.01764690 0.02112759 0.19142195 0.07119088 0.01075970 0.02693619 0.02868519 0.03461599 0.00192886 0.00540534 0.03040349
63 0.05385666 0.01258819 0.00940961 0.00892599 0.00807741 0.00984954 0.01204559 0.01356859 0.00647580 0.25128882 0.17728587 0.01473969 0.04984396 0.03526047 0.00871467 0.03336568 0.03818677 0.00178916 0.01843869 0.23628883
64 0.05002713 0.03745892 0.23968012 0.10082105 0.01557021 0.04447482 0.05954943 0.06303803 0.03201112 0.02014291 0.03057822 0.06021703 0.01983511 0.01786581 0.01594851 0.08662315 0.04978473 0.00552878 0.01999971 0.03084522
65 0.04617748 0.04215198 0.11465695 0.01063570 0.01006240 0.01794329 0.02789539 0.02087629 0.01327049 0.06664297 0.18993492 0.04643798 0.06074837 0.03125819 0.01991779 0.07202847 0.12714595 0.00532383 0.00865780 0.06823377
66 0.06359791 0.04585101 0.04214101 0.13333602 0.00547129 0.07338571 0.32186904 0.03527310 0.02172490 0.01845630 0.02613750 0.06567771 0.00849358 0.01222960 0.01528050 0.04139271 0.02757240 0.00408656 0.00982304 0.02820010
67 0.07130084 0.02162421 0.05867573 0.29451217 0.00592721 0.05250223 0.27438716 0.04451753 0.01934321 0.01073041 0.00891100 0.04896343 0.00206339 0.00280950 0.00892474 0.03813462 0.02049781 0.00172279 0.00215100 0.01230101
68 0.36628505 0.00668443 0.01554540 0.00805838 0.04419461 0.00996428 0.01628800 0.09722291 0.01199200 0.01689250 0.01716120 0.01078850 0.00765974 0.00363053 0.01852650 0.25213004 0.06451461 0.00156293 0.00387176 0.02702660
69 0.10127794 0.03726138 0.03620748 0.02065969 0.01615709 0.02543748 0.03138308 0.04408467 0.01383049 0.05958196 0.06641586 0.04091378 0.02933888 0.03381148 0.02708898 0.15182591 0.16950190 0.01109569 0.01529639 0.06882986
70 0.03892331 0.01318660 0.00726840 0.00241489 0.00583536 0.00342195 0.00403749 0.00558218 0.00327205 0.20157203 0.30641305 0.00707471 0.10224102 0.04362751 0.00806807 0.02100500 0.03376351 0.00217994 0.01097890 0.17913403
71 0.04593361 0.28440609 0.03448831 0.02001681 0.00348570 0.09944413 0.05554302 0.01429390 0.01077860 0.01677871 0.01628531 0.26149408 0.00953966 0.00375157 0.01717461 0.04988162 0.03789521 0.00106041 0.00191044 0.01583821
72 0.08486998 0.01801150 0.05559619 0.19671895 0.00983668 0.04229029 0.04788319 0.04161879 0.01907300 0.02128359 0.02568949 0.03344489 0.00828393 0.00870139 0.12419097 0.15725396 0.02921679 0.00531713 0.00462033 0.06609898
73 0.06298461 0.04661621 0.04272841 0.13316103 0.00583973 0.07266431 0.31848306 0.03580061 0.02218350 0.01877910 0.02627061 0.06575511 0.00891347 0.01142750 0.01637500 0.04227411 0.02798721 0.00425067 0.00932683 0.02817891
74 0.03547011 0.03526731 0.10235903 0.14561204 0.00734599 0.13037404 0.26265608 0.04869701 0.01542930 0.01040330 0.01017780 0.09513603 0.00721948 0.00495974 0.01649530 0.02664491 0.02295871 0.00126800 0.00360510 0.01792071
75 0.03251720 0.01608500 0.01387680 0.01203160 0.01009650 0.01228650 0.01378010 0.02130940 0.03649220 0.05442030 0.12200801 0.02823700 0.03002130 0.29976102 0.00811944 0.01976520 0.03644300 0.02279750 0.15272801 0.05722390
76 0.28292488 0.02385599 0.02029049 0.02426549 0.02747319 0.02738429 0.03478069 0.09597656 0.01841879 0.04305538 0.04116528 0.02932539 0.01825569 0.01463509 0.02482519 0.14658194 0.05841158 0.00401962 0.01152040 0.05283408
77 0.03363749 0.08686976 0.02926659 0.00744907 0.00638757 0.01755389 0.02478799 0.01314199 0.01756339 0.09199356 0.28569287 0.05710017 0.10040596 0.03870388 0.01640079 0.03390139 0.04241048 0.01127640 0.02370269 0.06175407
78 0.07674492 0.04461251 0.04111881 0.11025203 0.00867165 0.12412903 0.22820806 0.02634121 0.02161421 0.01858451 0.02384321 0.07144672 0.01052410 0.00747859 0.02247931 0.09104133 0.03652551 0.00241585 0.00560823 0.02836021
79 0.35613313 0.00635505 0.01545271 0.00404152 0.03760861 0.00853500 0.01396651 0.09730114 0.01142340 0.01889321 0.01751631 0.00871731 0.00867434 0.00476915 0.01313780 0.24261409 0.09889134 0.00169432 0.00357834 0.03069671
80 0.36496510 0.00450622 0.01396970 0.00343215 0.07391382 0.00866390 0.00846386 0.09753973 0.00941031 0.01101690 0.01371070 0.00660576 0.00509194 0.00209793 0.01606460 0.28084107 0.05637511 0.00095094 0.00160693 0.02077331
81 0.04718653 0.10350806 0.05084463 0.08216355 0.00358410 0.09025495 0.18311511 0.02359471 0.02085591 0.01965571 0.03257422 0.19743011 0.01020871 0.01564881 0.01418951 0.03131842 0.03473292 0.00271955 0.00358747 0.03282702
82 0.08742148 0.02513049 0.02510429 0.01055920 0.01252920 0.01524110 0.01508450 0.03217419 0.00928169 0.13059696 0.06830088 0.01921709 0.02761929 0.01754940 0.01712300 0.21061894 0.16851995 0.00287788 0.01105470 0.09399577
83 0.01582150 0.02098441 0.01673300 0.00969847 0.00789392 0.00800894 0.00488601 0.01012980 0.05881481 0.02567181 0.07764012 0.01736400 0.03438891 0.33316108 0.00348746 0.00817405 0.02410121 0.02896051 0.25889706 0.03518291
84 0.04511938 0.04370918 0.16227994 0.11645295 0.01260769 0.14613194 0.10268896 0.04593308 0.02118789 0.01551759 0.01582889 0.10195896 0.01608679 0.00903996 0.01864009 0.05729128 0.03701029 0.00208644 0.00742420 0.02300449
85 0.07140384 0.02399241 0.05053683 0.27470416 0.00491306 0.05375393 0.30399818 0.04023572 0.01967231 0.01100591 0.01001091 0.04678893 0.00208640 0.00319880 0.00840373 0.03773362 0.01999441 0.00171452 0.00222620 0.01362611
86 0.03794477 0.00807359 0.00576921 0.00376272 0.00898894 0.00548848 0.00572124 0.00874671 0.00476522 0.20677681 0.29154873 0.00824596 0.06386584 0.05607795 0.00668900 0.02100638 0.03017717 0.00462057 0.01482989 0.20690081
87 0.04477102 0.00242401 0.00218617 0.00264384 0.00830052 0.00347906 0.00233102 0.00545992 0.00249353 0.31866918 0.14214808 0.00516385 0.03702422 0.02110991 0.00343236 0.01843801 0.03116242 0.00052895 0.00833572 0.33989819
88 0.05680292 0.27953510 0.03210881 0.02378411 0.01665701 0.06224592 0.05574982 0.02642941 0.02314101 0.02323071 0.03457301 0.15135905 0.02124271 0.01740871 0.03370471 0.04936692 0.03829201 0.00990236 0.01795081 0.02651491
89 0.17089899 0.02932280 0.03870720 0.02856080 0.03041450 0.02299240 0.02999850 0.06823830 0.01477690 0.03402080 0.03643030 0.02672370 0.01472380 0.01267310 0.02650940 0.25090199 0.10023799 0.00531725 0.01542750 0.04312380
90 0.02552829 0.01361709 0.18972891 0.28051986 0.01546849 0.05594387 0.11507194 0.08775676 0.02569829 0.01358399 0.00612838 0.05933087 0.00426990 0.00337154 0.01497669 0.04691858 0.02268089 0.00200436 0.00394571 0.01345559
91 0.06043278 0.01284670 0.01269980 0.01145640 0.01093610 0.01372810 0.01600079 0.01274900 0.01112390 0.21949693 0.14408795 0.02221219 0.04125069 0.03326979 0.01115220 0.03939269 0.04149419 0.00371122 0.01500170 0.26695691
92 0.03742118 0.01550259 0.01045360 0.00578768 0.00771248 0.00929955 0.01299249 0.01726759 0.00881521 0.14133394 0.35248384 0.01746929 0.07848986 0.06804897 0.01103060 0.02545599 0.03312169 0.00690133 0.02299619 0.11741595
93 0.05955594 0.13799410 0.04764723 0.04798594 0.00582136 0.07818666 0.07901126 0.03283672 0.02236082 0.02640732 0.03962883 0.20895815 0.01608561 0.02727552 0.02134522 0.04515333 0.04370453 0.00602731 0.01312281 0.04089133
94 0.04350319 0.00350477 0.00230153 0.00212939 0.00732596 0.00265701 0.00152190 0.00514075 0.00190650 0.29615593 0.19107596 0.00354953 0.05006419 0.03030779 0.00372571 0.01830440 0.03021209 0.00056465 0.00923682 0.29681193
95 0.04912139 0.03899809 0.24379394 0.09912628 0.01563790 0.04335709 0.05949139 0.06161688 0.03119259 0.02027079 0.03107619 0.05928519 0.01948120 0.01744930 0.01619850 0.08811958 0.05055299 0.00539395 0.01946520 0.03037159
96 0.05950150 0.13957401 0.04831650 0.04816940 0.00586805 0.07916710 0.07824950 0.03150000 0.02180880 0.02666370 0.03949360 0.20910801 0.01627360 0.02697370 0.02164210 0.04360340 0.04418000 0.00617080 0.01261300 0.04112320
97 0.04344962 0.00353581 0.00228629 0.00209408 0.00746110 0.00276726 0.00147448 0.00515057 0.00197269 0.29596415 0.19085110 0.00350261 0.04955313 0.03064142 0.00375096 0.01821011 0.03017792 0.00061616 0.00933837 0.29720216
98 0.03777552 0.01609321 0.01082920 0.00605456 0.00782891 0.00921963 0.01317801 0.01623441 0.00900062 0.14206406 0.34858114 0.01824901 0.07782233 0.06626743 0.01177700 0.02660211 0.03401811 0.00685448 0.02229321 0.11925705
99 0.04846601 0.01985961 0.37513311 0.05890112 0.01512390 0.02974951 0.01994661 0.03884991 0.02509991 0.01453750 0.02173011 0.03528001 0.01945111 0.00745760 0.01197480 0.16556605 0.06003942 0.00256595 0.00416206 0.02610571
100 0.04633444 0.03680984 0.03534353 0.02367042 0.00321170 0.05533455 0.13667513 0.01198451 0.04642745 0.03464243 0.04177584 0.22313022 0.01098161 0.11351411 0.01219451 0.02335072 0.04740385 0.00620334 0.01127361 0.07973818
101 0.06402566 0.04554737 0.04230167 0.13275491 0.00570152 0.07333495 0.31985978 0.03552838 0.02204018 0.01871249 0.02630688 0.06496155 0.00874898 0.01203269 0.01568799 0.04248907 0.02741348 0.00402789 0.01023319 0.02829138
102 0.05316704 0.10757007 0.04659493 0.02728622 0.00530004 0.06493614 0.06216034 0.02285002 0.01718571 0.03071352 0.04243073 0.21533014 0.01849551 0.02870372 0.02051691 0.06461184 0.11101207 0.00795932 0.00727308 0.04590263
103 0.03804899 0.01579450 0.01073710 0.00601011 0.00780621 0.00971653 0.01360900 0.01705030 0.00916728 0.14141096 0.34778690 0.01801409 0.07811478 0.06729868 0.01131410 0.02614989 0.03280089 0.00691375 0.02353999 0.11871597
104 0.30830006 0.00953114 0.02484680 0.01136950 0.06938271 0.00995759 0.01087510 0.15647903 0.01151300 0.01167320 0.01682770 0.00990896 0.00589985 0.00378653 0.01586070 0.24605305 0.05484621 0.00169939 0.00239265 0.01879680
105 0.22825400 0.02504420 0.02184030 0.10842200 0.01114400 0.04835500 0.18430600 0.04538340 0.02084160 0.02119180 0.02138480 0.04284580 0.01160240 0.00873843 0.01822720 0.09958420 0.04274450 0.00302113 0.00584372 0.03122550
106 0.07182946 0.02401969 0.04989938 0.27421686 0.00489461 0.05309047 0.30395785 0.03985008 0.01977569 0.01147719 0.01023449 0.04657538 0.00208642 0.00305489 0.00845468 0.03841308 0.02010239 0.00178583 0.00213927 0.01414229
107 0.05385324 0.01281011 0.00868191 0.00845984 0.00789812 0.00898854 0.01201851 0.01302181 0.00678427 0.25199417 0.17771812 0.01456811 0.05031903 0.03443502 0.00884665 0.03400132 0.03838763 0.00166106 0.01811741 0.23743516
108 0.03672629 0.05112569 0.01822190 0.02129610 0.02654089 0.01206570 0.02258700 0.02059260 0.01744690 0.01279560 0.06492139 0.02612789 0.02342580 0.09986498 0.01239280 0.04104969 0.05849629 0.33845393 0.06599579 0.02987279
109 0.04455509 0.00236608 0.00226527 0.00268339 0.00825923 0.00324256 0.00199720 0.00550063 0.00236967 0.32014091 0.14111896 0.00489433 0.03670109 0.02090569 0.00341760 0.01805670 0.03099009 0.00054165 0.00814797 0.34184591
110 0.05711559 0.03122370 0.02343040 0.00906542 0.01294570 0.02208420 0.01674350 0.01719080 0.01485790 0.12817298 0.23373496 0.02525480 0.11677198 0.04701759 0.01758800 0.03927189 0.04834399 0.00751683 0.01926380 0.11240598
111 0.03348832 0.08757334 0.02932371 0.00769023 0.00663106 0.01812221 0.02573971 0.01317861 0.01782391 0.09125875 0.28354414 0.05793823 0.09977275 0.03868092 0.01583131 0.03395562 0.04236302 0.01181481 0.02372941 0.06153993
112 0.04452740 0.05120091 0.02698590 0.01376290 0.00515514 0.02864080 0.05911531 0.02032680 0.02348700 0.06340691 0.26955203 0.11738701 0.05519071 0.04034590 0.01872520 0.03480120 0.04485320 0.00718285 0.01997720 0.05537561
113 0.17048393 0.02942639 0.03913858 0.02853529 0.03021259 0.02367799 0.02924929 0.06882927 0.01509709 0.03447319 0.03637609 0.02763909 0.01438679 0.01255639 0.02661929 0.24943590 0.09855036 0.00496811 0.01672029 0.04362408
114 0.07910557 0.07521357 0.04979458 0.06697167 0.01672639 0.16213094 0.11165796 0.03823978 0.02079489 0.02380939 0.02941079 0.10766596 0.02172359 0.01737939 0.03245639 0.05388448 0.03829158 0.00385560 0.01354749 0.03733999
115 0.06005060 0.01240120 0.01238580 0.01198750 0.01111400 0.01407850 0.01591550 0.01311860 0.01096080 0.22073599 0.14577799 0.02148550 0.04127560 0.03298130 0.01103340 0.03804990 0.04041150 0.00349886 0.01442050 0.26831698
116 0.06093410 0.03346500 0.07385850 0.13485101 0.09453760 0.12351801 0.14518901 0.05573650 0.02769330 0.01390980 0.01899670 0.04893600 0.01605150 0.00914765 0.02082120 0.05404540 0.02881540 0.00352136 0.00696374 0.02900820
117 0.07917184 0.07449515 0.05057696 0.06736035 0.01615529 0.16108689 0.11024092 0.03802177 0.02131758 0.02375278 0.03031678 0.10841192 0.02182978 0.01732939 0.03232048 0.05389326 0.03865227 0.00373291 0.01361759 0.03771607
118 0.17351096 0.01843470 0.03254629 0.00966518 0.01490800 0.02189419 0.01890890 0.18406596 0.01747250 0.02843779 0.05099819 0.02066520 0.08105338 0.03383959 0.01864330 0.07915398 0.13473497 0.01031890 0.00821336 0.04253469
119 0.03794830 0.01593540 0.01039300 0.00586365 0.00762064 0.00935621 0.01352470 0.01708780 0.00892152 0.14233198 0.34858796 0.01827960 0.07857519 0.06698409 0.01134810 0.02597130 0.03314650 0.00689660 0.02258250 0.11864499
120 0.27942709 0.02349131 0.02024921 0.02451511 0.02641431 0.02716561 0.03503291 0.09741113 0.01810991 0.04413121 0.04337401 0.02953991 0.01845581 0.01593861 0.02473241 0.14408805 0.05827352 0.00413488 0.01155220 0.05396282
121 0.28449284 0.02363829 0.02035309 0.02379589 0.02726978 0.02600979 0.03385698 0.09638655 0.01781169 0.04303978 0.04169278 0.02922728 0.01776999 0.01535159 0.02487789 0.14691892 0.05901097 0.00415867 0.01093749 0.05339977
122 0.12737995 0.03757519 0.03154259 0.04178558 0.01340229 0.03014689 0.02623659 0.25142790 0.01811819 0.01529449 0.03288429 0.04903388 0.00901638 0.01544289 0.14263694 0.08523237 0.04042488 0.00774743 0.00523878 0.01943249
123 0.05135315 0.03448433 0.11499412 0.03054873 0.00950261 0.02250392 0.02606323 0.01980442 0.01227501 0.13731614 0.08541619 0.04225134 0.04328154 0.02558483 0.02592763 0.08469199 0.14163614 0.00495037 0.00702993 0.08038438
124 0.04293213 0.01162511 0.00925264 0.00298249 0.00648534 0.00493083 0.00621212 0.00807106 0.00396413 0.23064015 0.24800416 0.01039061 0.07102715 0.04101983 0.00897898 0.02827042 0.04920073 0.00150371 0.00991828 0.20459014
125 0.04328419 0.00535284 0.00437716 0.00374172 0.00941475 0.00456611 0.00427700 0.00719676 0.00432396 0.25831294 0.20930095 0.00674278 0.04997239 0.03724129 0.00544839 0.02142960 0.03137369 0.00320446 0.01220110 0.27823794
126 0.03281623 0.01780071 0.01257231 0.00630949 0.00815650 0.00969237 0.00808055 0.01445161 0.02588322 0.10314809 0.24267620 0.01702431 0.08703137 0.17509815 0.00805020 0.01805122 0.03902663 0.01645591 0.07378716 0.08388777
127 0.09926121 0.04387940 0.05106120 0.04896200 0.02855410 0.09895301 0.05296340 0.03960660 0.02040460 0.02328630 0.02981510 0.05388360 0.01436950 0.01122520 0.03246820 0.21594802 0.08492851 0.00370653 0.01123530 0.03548820
128 0.04973672 0.03776842 0.24145910 0.10027404 0.01536561 0.04388672 0.06009943 0.06327113 0.03169811 0.02047001 0.03084311 0.05951362 0.01970701 0.01738941 0.01579531 0.08759304 0.04942852 0.00485658 0.01955791 0.03128621
129 0.03331269 0.01017790 0.00454815 0.00212054 0.00570677 0.00403960 0.00427510 0.00813816 0.00313244 0.20346692 0.33909787 0.00762968 0.08315627 0.05869518 0.00653177 0.01745249 0.02887569 0.00171538 0.01165650 0.16627094
130 0.06059730 0.01810000 0.04523120 0.15260500 0.00875076 0.04449460 0.08104780 0.02058670 0.02862930 0.06879060 0.05495470 0.04400640 0.01947880 0.02085140 0.04349660 0.07686580 0.03267800 0.00600623 0.00837984 0.16444900
131 0.05649709 0.27945595 0.03209039 0.02443020 0.01610500 0.06232999 0.05735279 0.02594190 0.02183260 0.02384440 0.03490909 0.15310497 0.02094020 0.01627830 0.03443029 0.04950789 0.03790379 0.00969278 0.01687880 0.02647360
132 0.03753082 0.00811663 0.00603552 0.00384018 0.00887328 0.00561563 0.00541296 0.00887441 0.00507275 0.20598711 0.29152115 0.00820887 0.06346513 0.05665203 0.00660419 0.02077211 0.03021292 0.00493506 0.01562711 0.20664211
133 0.05898634 0.02412482 0.08868367 0.26651920 0.01080501 0.05460294 0.17100213 0.06229295 0.02354062 0.01700741 0.01516071 0.05545434 0.00597534 0.01050941 0.02069572 0.05295564 0.02537212 0.00546435 0.00716547 0.02368182
134 0.03460840 0.02201810 0.01577760 0.02070850 0.02100900 0.01888940 0.08167920 0.01808190 0.02586320 0.02803480 0.21137700 0.03803040 0.02385740 0.05116920 0.01610560 0.04074400 0.03987750 0.10911200 0.04193680 0.14112000
135 0.03755090 0.01573160 0.01038730 0.00556429 0.00765371 0.00925812 0.01324400 0.01672110 0.00894301 0.14196800 0.35019701 0.01824650 0.07758100 0.06766690 0.01106420 0.02580050 0.03371000 0.00693474 0.02256110 0.11921600
136 0.03408910 0.02321360 0.02000780 0.00902799 0.00689658 0.01362260 0.01608180 0.01063710 0.04369260 0.04179380 0.05984860 0.01746460 0.01593120 0.17558599 0.00629770 0.03987970 0.02020230 0.01932440 0.39428597 0.03211660
137 0.03813187 0.01540469 0.01028449 0.00560613 0.00797632 0.00937655 0.01315569 0.01752229 0.00890643 0.14141390 0.35046875 0.01771899 0.07825434 0.06742235 0.01079779 0.02616128 0.03310178 0.00719244 0.02288798 0.11821592
138 0.03242638 0.01632049 0.01394679 0.01193169 0.00992157 0.01217589 0.01339539 0.02055329 0.03596898 0.05651657 0.12574994 0.02801489 0.03038938 0.29566385 0.00761143 0.01994599 0.03657178 0.02290889 0.15090792 0.05907887
139 0.11263496 0.01540699 0.03240719 0.03382559 0.01205960 0.01806409 0.02322209 0.52069783 0.01694029 0.01555019 0.02347109 0.02117889 0.00633913 0.01464590 0.01389650 0.07073018 0.02745039 0.00269064 0.00487316 0.01391530
140 0.03306992 0.00822570 0.00670907 0.00552299 0.00750460 0.00897228 0.01089741 0.01241091 0.01199071 0.17044912 0.24196117 0.01666941 0.04800343 0.15484711 0.00616160 0.02000001 0.03253382 0.00544767 0.06200794 0.13661510
141 0.16263304 0.02237701 0.02112331 0.00892171 0.01369960 0.03216171 0.02048920 0.03850571 0.02253361 0.10369702 0.13168603 0.02360191 0.10375402 0.02716951 0.02156841 0.06482162 0.05944601 0.00433905 0.01003450 0.10743703
142 0.06130006 0.01313299 0.01261399 0.01245459 0.01107319 0.01363879 0.01598909 0.01311409 0.01088819 0.21935685 0.14355490 0.02127359 0.04095047 0.03262898 0.01129289 0.03959287 0.04157207 0.00384059 0.01518399 0.26654782
143 0.11277500 0.01581980 0.03103270 0.03343280 0.01208950 0.01811050 0.02272190 0.52184000 0.01696130 0.01550860 0.02389710 0.02091500 0.00642667 0.01523200 0.01366860 0.06973580 0.02731820 0.00308189 0.00550164 0.01393100
144 0.26558607 0.03550551 0.02346391 0.02486591 0.02360361 0.03592391 0.03433451 0.06542992 0.02583251 0.01963410 0.02652261 0.08410312 0.01149710 0.01042430 0.03733591 0.18106705 0.04743631 0.00720727 0.00549598 0.03473041
145 0.35332029 0.00653071 0.01729301 0.00634529 0.04390404 0.00743339 0.01075651 0.15913413 0.00870527 0.01227601 0.01703141 0.00947458 0.00540047 0.00372294 0.01485001 0.23638219 0.06314045 0.00200156 0.00200363 0.02029412
146 0.03844445 0.00579856 0.00303641 0.00190401 0.00680868 0.00312260 0.00184357 0.00635337 0.00206189 0.25138968 0.26462966 0.00443156 0.06445672 0.04664624 0.00464898 0.01741858 0.02861156 0.00118331 0.01046249 0.23674769
147 0.32593588 0.00884990 0.01803309 0.00953633 0.04696558 0.01190590 0.01639389 0.08416757 0.01213510 0.01748369 0.01808769 0.01200870 0.00742294 0.00402052 0.01959039 0.28706789 0.06583198 0.00164333 0.00512715 0.02779249
148 0.10821593 0.01658039 0.02527568 0.01858789 0.01013789 0.01756089 0.01286909 0.52290764 0.01485949 0.05076927 0.03080988 0.01583859 0.00734979 0.01462089 0.01191679 0.06584366 0.03034228 0.00228707 0.00405772 0.01916919
149 0.03887080 0.00701505 0.00342043 0.00198134 0.00628622 0.00324541 0.00250830 0.00633296 0.00234368 0.25310997 0.26499297 0.00530759 0.06842919 0.04360280 0.00526296 0.01815470 0.02962020 0.00099086 0.01023360 0.22829098
150 0.03227640 0.01639570 0.00576803 0.00159466 0.00366725 0.00259006 0.00389525 0.00518843 0.00230182 0.18848499 0.36041598 0.00775570 0.12241399 0.04505720 0.00807373 0.01775770 0.03012880 0.00116169 0.00903063 0.13604199
151 0.06982345 0.03970343 0.01912791 0.01573031 0.00952082 0.03767253 0.03053082 0.01940901 0.01353621 0.05623364 0.11346408 0.02977542 0.09286976 0.01931911 0.25707918 0.05279974 0.05051083 0.00460944 0.00879557 0.05948874
152 0.05591549 0.28009897 0.03232500 0.02333090 0.01597570 0.06222369 0.05579229 0.02579390 0.02264520 0.02363380 0.03559790 0.15252598 0.02154840 0.01715110 0.03437760 0.04908790 0.03773260 0.00980080 0.01804150 0.02640130
153 0.06536431 0.05297271 0.01766800 0.02576121 0.00829082 0.03394861 0.02419600 0.03178341 0.01123700 0.01987180 0.03358711 0.02969221 0.01616980 0.01122670 0.46652709 0.06399031 0.04867971 0.00439949 0.00685049 0.02778321
154 0.03221816 0.01593838 0.01373458 0.01213429 0.00975424 0.01219699 0.01316158 0.02114038 0.03567946 0.05543994 0.12496986 0.02758817 0.03051947 0.30068366 0.00755378 0.01982078 0.03617176 0.02280767 0.15112783 0.05735903
155 0.32878473 0.00701438 0.01894118 0.00663514 0.03577057 0.00837785 0.01017789 0.23345781 0.00885304 0.01174519 0.01789479 0.01033719 0.00551645 0.00522325 0.01327939 0.19847184 0.05820625 0.00221161 0.00206357 0.01703789
156 0.04886532 0.03807541 0.24117108 0.10068003 0.01561740 0.04370741 0.05944012 0.06243522 0.03157411 0.02030961 0.03056381 0.05959472 0.01974921 0.01827781 0.01673741 0.08780063 0.05007702 0.00520888 0.02020871 0.02990611
157 0.03301662 0.01337191 0.00590298 0.00191468 0.00496501 0.00305935 0.00339686 0.00605326 0.00251133 0.18386408 0.35849716 0.00678866 0.10854405 0.05177492 0.00767185 0.01753711 0.02994011 0.00220196 0.01068500 0.14830307
158 0.01946301 0.01078560 0.00857852 0.02200621 0.00796457 0.00797895 0.00629846 0.01194110 0.04701531 0.01429200 0.04367301 0.01976531 0.01870451 0.40401411 0.00341892 0.01078170 0.02709811 0.02974221 0.26439207 0.02208631
159 0.04411402 0.00166294 0.00148179 0.00216525 0.00821383 0.00284396 0.00134178 0.00502894 0.00191473 0.32837513 0.13799705 0.00368114 0.03522101 0.01960091 0.00282684 0.01697641 0.03028361 0.00033711 0.00786240 0.34807114
160 0.03310849 0.12166695 0.09907826 0.05640837 0.00400673 0.14519893 0.09565286 0.02031379 0.01253159 0.01609119 0.01804919 0.23707989 0.01453779 0.00963827 0.01358569 0.03341358 0.04019538 0.00116491 0.00377504 0.02450309
161 0.03456432 0.02307201 0.02056971 0.00935153 0.00715189 0.01312891 0.01622431 0.01116771 0.04436302 0.04143322 0.05984303 0.01706751 0.01574621 0.17370309 0.00620128 0.04026362 0.01996781 0.01942181 0.39421720 0.03254182
162 0.03446981 0.02255130 0.01989930 0.00881888 0.00720701 0.01321040 0.01618230 0.01067330 0.04325061 0.04217271 0.06019061 0.01731930 0.01621870 0.17605903 0.00599992 0.03989541 0.02019050 0.01884110 0.39434107 0.03250871
163 0.10937900 0.02059420 0.02752310 0.29660200 0.00313982 0.04490430 0.29797800 0.02380360 0.01457740 0.00992433 0.00930011 0.04174870 0.00224232 0.00230039 0.00852263 0.04903360 0.02269120 0.00168136 0.00163874 0.01241520
164 0.04433778 0.00207848 0.00184798 0.00226579 0.00803325 0.00284321 0.00154342 0.00502260 0.00193123 0.32433189 0.14402195 0.00382352 0.03781119 0.02079659 0.00312026 0.01742299 0.03072239 0.00041649 0.00823912 0.33938988
165 0.07055204 0.02083401 0.05948354 0.29430418 0.00602326 0.05229513 0.27305917 0.04499163 0.01978751 0.01099261 0.00938533 0.04868113 0.00215032 0.00296108 0.00909326 0.03809182 0.02043771 0.00178104 0.00236901 0.01272621
166 0.03794041 0.00872840 0.00473024 0.00262668 0.00624677 0.00389806 0.00412358 0.00738547 0.00307635 0.23705104 0.27880705 0.00684568 0.07204011 0.04700971 0.00623956 0.01949860 0.03062181 0.00134034 0.01129410 0.21049604
167 0.20658120 0.01270051 0.02513122 0.02006352 0.02778473 0.01220581 0.01326331 0.29742829 0.01213741 0.01553861 0.02015032 0.01418161 0.00569671 0.00790286 0.01632252 0.20984120 0.05902476 0.00248450 0.00375909 0.01780182
168 0.05165423 0.15524408 0.03413312 0.01702661 0.01643611 0.03717192 0.04206972 0.01650931 0.03415732 0.06319373 0.08586165 0.08232804 0.04361002 0.02894762 0.02178001 0.05730633 0.04976453 0.00759567 0.02494591 0.13026407
169 0.07898848 0.07510288 0.04973859 0.06767448 0.01609100 0.16222995 0.10882297 0.03912149 0.02122619 0.02445909 0.02937269 0.10904197 0.02173139 0.01705420 0.03211619 0.05398218 0.03814549 0.00409278 0.01335300 0.03765499
170 0.02816831 0.01659250 0.01257370 0.00509737 0.01072630 0.01331830 0.00889563 0.01149260 0.02735541 0.07711542 0.28092807 0.01634110 0.04289301 0.12412303 0.00899186 0.02223291 0.02179301 0.02270151 0.16845304 0.08020692
171 0.05637192 0.28228510 0.03245841 0.02385241 0.01606981 0.06216682 0.05544472 0.02732551 0.02250231 0.02358061 0.03456541 0.15361106 0.02092921 0.01645341 0.03432791 0.04799132 0.03707041 0.00938874 0.01768661 0.02591831
172 0.03821117 0.00553307 0.00296917 0.00189704 0.00684552 0.00311674 0.00191763 0.00641937 0.00203538 0.25056582 0.26689081 0.00429319 0.06376755 0.04716987 0.00464937 0.01708769 0.02839348 0.00127224 0.01059909 0.23636583
173 0.05804957 0.02356259 0.08933025 0.26790784 0.01040439 0.05387227 0.17047790 0.06235056 0.02367129 0.01765039 0.01517179 0.05492277 0.00611044 0.01137099 0.02066559 0.05307407 0.02505739 0.00493589 0.00778216 0.02363189
174 0.06312979 0.04526609 0.04339909 0.13189698 0.00593637 0.07375849 0.31854195 0.03643969 0.02216200 0.01848270 0.02538030 0.06503229 0.00868135 0.01211140 0.01652920 0.04267969 0.02837900 0.00407794 0.01025720 0.02785850
175 0.05918695 0.02409758 0.08889722 0.26659077 0.01049539 0.05421575 0.17005685 0.06235305 0.02319238 0.01688889 0.01525849 0.05472715 0.00598542 0.01129199 0.02107698 0.05320265 0.02542518 0.00562220 0.00809583 0.02333928
176 0.04738557 0.03890327 0.09830183 0.25312583 0.00989429 0.06286216 0.15504990 0.06585956 0.02259288 0.01334949 0.01162419 0.09809793 0.00582761 0.00768993 0.01576389 0.04086207 0.02392118 0.00557248 0.00472394 0.01859199
177 0.06035059 0.01241720 0.01218390 0.01144820 0.01075200 0.01328790 0.01572670 0.01258000 0.01043380 0.22275895 0.14595797 0.02134360 0.04140209 0.03284889 0.01093450 0.03789859 0.04117069 0.00372501 0.01445050 0.26832894
178 0.22437488 0.01408009 0.01752869 0.00871988 0.10589394 0.02553669 0.01263699 0.05055617 0.01248579 0.05738987 0.05125337 0.01128379 0.02628129 0.01212999 0.01889229 0.15154092 0.06419487 0.00346527 0.00684129 0.12491393
179 0.04863957 0.03053778 0.03700197 0.09133674 0.00270457 0.14746790 0.41838971 0.02452828 0.01286209 0.01127619 0.01388689 0.06279826 0.00655022 0.00446003 0.01846699 0.02375598 0.01674259 0.00146583 0.00319924 0.02392918
