1 0.03934359 0.00580516 0.00771735 0.00202528 0.00786996 0.01030310 0.00696791 0.00712570 0.00569761 0.18637296 0.31810793 0.00531798 0.07394298 0.05610869 0.00770565 0.02262399 0.02806469 0.00498053 0.01063500 0.19328396
2 0.05826169 0.05607349 0.01915340 0.02306460 0.01637740 0.02782329 0.02470859 0.01817410 0.01383510 0.02539279 0.03355299 0.02838259 0.01237490 0.00943352 0.46901890 0.07740538 0.04163019 0.00563809 0.00843430 0.03126469
3 0.03148590 0.02587120 0.15558499 0.22862798 0.00905488 0.04450560 0.09412419 0.20371899 0.01604630 0.01387940 0.01664510 0.05830560 0.00267903 0.00539249 0.00711828 0.04698600 0.01871460 0.00187352 0.00400947 0.01537650
4 0.06165184 0.01286779 0.01552638 0.01150139 0.01360839 0.01137699 0.01379189 0.01399209 0.01036739 0.21575578 0.15629484 0.01761148 0.04459365 0.02939257 0.01202919 0.03999706 0.04534555 0.00445911 0.01474189 0.25509474
5 0.05986108 0.14873695 0.05160618 0.05090368 0.01208920 0.06846548 0.07385008 0.03314249 0.02414439 0.02917999 0.03566279 0.20667293 0.02431969 0.01643819 0.01930369 0.04571329 0.04898898 0.00647732 0.01120800 0.03323559
6 0.10899188 0.03878056 0.05047304 0.03183156 0.01604198 0.01610748 0.03959396 0.02657117 0.08610330 0.11460887 0.06006123 0.03881126 0.02128478 0.03621776 0.03251596 0.11713087 0.05969373 0.00740752 0.02657737 0.07119572
7 0.17172509 0.02431301 0.03712792 0.02700521 0.02656711 0.02502451 0.03065972 0.07994544 0.01440631 0.02745891 0.04207562 0.02579781 0.01616241 0.01597761 0.02926481 0.24981513 0.09030215 0.00557399 0.01415311 0.04664412
8 0.04809671 0.01571040 0.01443630 0.00892359 0.01250830 0.00930936 0.01253920 0.01344580 0.01136980 0.24210706 0.17471404 0.01611160 0.04827941 0.03559301 0.01028140 0.02816131 0.03823641 0.00374521 0.01964300 0.23678806
9 0.06085751 0.14828201 0.05173861 0.05042181 0.01209010 0.06753871 0.07245791 0.03415760 0.02474950 0.02932560 0.03560310 0.20558302 0.02376770 0.01693780 0.01859030 0.04662550 0.04892900 0.00662170 0.01145790 0.03426460
10 0.03594420 0.02658010 0.02043350 0.00381323 0.01301680 0.00814903 0.01967560 0.01019640 0.03967190 0.04157310 0.07054720 0.01388820 0.01736760 0.21959900 0.00785855 0.03338320 0.03110410 0.01865190 0.33344200 0.03510440
11 0.03419299 0.02364519 0.01957799 0.00439989 0.00911962 0.00853051 0.01635019 0.01728729 0.03361409 0.03152199 0.07330168 0.03701289 0.01501249 0.26175191 0.00692292 0.02698799 0.03323679 0.02866849 0.28762290 0.03124219
12 0.03909078 0.02063199 0.01923089 0.00555314 0.00866153 0.01236069 0.01876679 0.01610499 0.02605379 0.05867157 0.13736394 0.01590359 0.03310379 0.26433088 0.00665957 0.02814219 0.03322699 0.02163029 0.18028492 0.05422768
13 0.04501716 0.01847978 0.13503488 0.26802877 0.00916561 0.04494546 0.18744184 0.07148934 0.02557598 0.01254779 0.01805328 0.05748195 0.00174430 0.00148113 0.01101039 0.04685906 0.02554288 0.00143132 0.00225610 0.01641299
14 0.07616171 0.00948796 0.06359851 0.26592003 0.00658349 0.03684540 0.29578404 0.02251440 0.03208350 0.01061040 0.01798060 0.04244081 0.00192530 0.00151352 0.01347250 0.05011571 0.02851440 0.00139269 0.00142062 0.02163440
15 0.06269093 0.23834612 0.04455412 0.02101701 0.01569811 0.06033413 0.05060603 0.02523571 0.03721212 0.02828901 0.03407552 0.14843107 0.02689481 0.02091311 0.03346832 0.04434112 0.04508862 0.01381671 0.02276761 0.02621981
16 0.13274311 0.01589761 0.03193713 0.03363923 0.00792284 0.01950112 0.01964132 0.50734543 0.00978110 0.01747151 0.02265122 0.02032672 0.00545485 0.01005411 0.00702392 0.08903908 0.02560642 0.00227536 0.00493411 0.01675381
17 0.04231380 0.00580224 0.00836202 0.00218812 0.00959415 0.00844484 0.00627876 0.00676796 0.00579334 0.21739300 0.26182800 0.00634671 0.06457410 0.04279250 0.00754594 0.02222770 0.03276280 0.00460882 0.01015820 0.23421700
18 0.06233939 0.27356494 0.05131049 0.01469520 0.01099390 0.11331498 0.05629329 0.01233830 0.05108649 0.01267640 0.02203340 0.17124996 0.02083060 0.00676925 0.01946060 0.02323369 0.03472689 0.00899117 0.02172900 0.01236210
19 0.06250271 0.03861691 0.05902491 0.13246302 0.00749792 0.06894041 0.31369904 0.02704100 0.02346990 0.01967960 0.03032930 0.05658681 0.01082550 0.01359920 0.01452050 0.04623191 0.03521650 0.00471764 0.01143500 0.02360220
20 0.08553625 0.00824466 0.00988764 0.00483964 0.00616941 0.00964326 0.01900479 0.01916229 0.00609515 0.08816405 0.29773783 0.00727544 0.09917634 0.03853518 0.03774948 0.06727266 0.06611886 0.00577524 0.01057189 0.11303994
21 0.17088101 0.02473770 0.03653470 0.02814640 0.02560730 0.02460070 0.03204480 0.07838900 0.01462830 0.02751640 0.04270330 0.02640490 0.01613450 0.01602470 0.02930170 0.24858501 0.09031970 0.00535167 0.01475860 0.04732960
22 0.04433522 0.01363631 0.01239701 0.00765066 0.00801718 0.01572471 0.01556061 0.01443221 0.00825409 0.13481506 0.32955014 0.01378451 0.07591433 0.06819193 0.01133830 0.03280731 0.03214281 0.00683944 0.02371111 0.13089706
23 0.05673787 0.11248995 0.03809618 0.03137288 0.01315279 0.06185547 0.05409907 0.02693199 0.01798299 0.04549088 0.10866595 0.19618991 0.02631439 0.02507799 0.01506019 0.04173878 0.05600057 0.00844808 0.01614539 0.04814868
24 0.13315702 0.01540510 0.03160700 0.03347160 0.00812656 0.01964340 0.01969080 0.50897806 0.00993327 0.01713210 0.02195220 0.01981060 0.00511345 0.00979218 0.00732815 0.08992221 0.02544490 0.00235266 0.00453001 0.01660870
25 0.04791942 0.01547771 0.01445390 0.00825000 0.01268900 0.00945687 0.01289150 0.01295830 0.01099620 0.24302908 0.17646506 0.01635601 0.04880632 0.03518351 0.01027620 0.02751901 0.03802261 0.00369149 0.01763271 0.23792508
26 0.23238589 0.02985609 0.02772649 0.02643869 0.02514209 0.03093759 0.03642488 0.10279995 0.02401329 0.03892428 0.05005548 0.03040469 0.01768529 0.01986169 0.02113969 0.14929493 0.05888807 0.00589806 0.01402049 0.05810237
27 0.04066904 0.01423541 0.01069641 0.00239080 0.00922661 0.00922522 0.00772801 0.00618215 0.00656596 0.21040419 0.26454724 0.00867630 0.09386109 0.04640224 0.00745127 0.02459792 0.03099233 0.00341614 0.01158351 0.19114817
28 0.06202472 0.03834902 0.05942022 0.13262305 0.00758845 0.06871803 0.31258513 0.02721161 0.02366261 0.01959081 0.03004541 0.05680912 0.01066940 0.01375781 0.01459221 0.04615212 0.03549501 0.00500855 0.01223790 0.02345881
29 0.03558681 0.00406457 0.00746893 0.00181307 0.01172810 0.00285844 0.00206828 0.00310952 0.00520377 0.32511108 0.14048804 0.00824997 0.03960391 0.01289530 0.00327464 0.00995935 0.03458341 0.00116359 0.00469212 0.34607709
30 0.04456398 0.03552449 0.04868488 0.05717758 0.00716629 0.13963195 0.45524384 0.01268680 0.01375470 0.03363659 0.02206039 0.04496568 0.00703384 0.00664167 0.00680560 0.02001339 0.02112639 0.00301724 0.00377272 0.01649199
31 0.13185898 0.01548380 0.03192970 0.03371770 0.00804254 0.01974710 0.02004110 0.50795094 0.00955571 0.01750580 0.02316460 0.01976320 0.00553409 0.00945427 0.00691087 0.08953039 0.02573030 0.00233498 0.00462806 0.01711590
32 0.06147363 0.01311451 0.01613471 0.01213851 0.01370251 0.01133971 0.01471651 0.01363751 0.01038680 0.21553510 0.15523107 0.01771631 0.04456052 0.02864601 0.01208961 0.04022992 0.04520622 0.00476915 0.01426261 0.25510911
33 0.03065380 0.00629399 0.00549294 0.00133680 0.00615824 0.01062240 0.00533335 0.00396887 0.00559749 0.20770901 0.33010602 0.00487215 0.07529481 0.05894010 0.00492444 0.01637000 0.02187530 0.00329123 0.00953903 0.19162001
34 0.05697937 0.14391193 0.01831939 0.01338879 0.01406849 0.03568168 0.01688539 0.01419329 0.02312469 0.01673879 0.01403699 0.04117428 0.00664422 0.00616735 0.46464978 0.05496027 0.02659869 0.00635556 0.00965654 0.01646449
35 0.02098501 0.01237390 0.01848131 0.00128009 0.00642926 0.00225995 0.02054801 0.00917755 0.03300861 0.03148981 0.06024282 0.00754405 0.01543310 0.33237410 0.00453490 0.02424901 0.03183831 0.01661270 0.32673710 0.02440041
36 0.10355805 0.07974614 0.05486603 0.05109223 0.01353621 0.03830962 0.06245553 0.03524702 0.10183405 0.04302672 0.04314622 0.05382583 0.01514501 0.05679853 0.02162191 0.05604083 0.03808462 0.01574871 0.07178444 0.04413232
37 0.17220408 0.02439521 0.03700392 0.02798111 0.02654491 0.02503971 0.03126131 0.08038474 0.01417161 0.02737371 0.04326542 0.02555521 0.01607631 0.01551041 0.02812641 0.24786612 0.09046284 0.00510863 0.01439661 0.04727172
38 0.03583327 0.02645378 0.02097488 0.00405633 0.01284699 0.00798808 0.01950449 0.01008239 0.03952397 0.04176167 0.06998195 0.01400879 0.01681999 0.21913183 0.00795863 0.03310657 0.03139428 0.01853329 0.33474775 0.03529107
39 0.08331669 0.29854731 0.05378546 0.00614962 0.00769911 0.10995311 0.02665873 0.01021651 0.11878312 0.00946234 0.01441111 0.10649311 0.00682141 0.00686583 0.02351372 0.01605012 0.01722692 0.01365641 0.05890336 0.01148601
40 0.02085231 0.01260871 0.01866171 0.00127114 0.00631415 0.00227811 0.02044181 0.00920574 0.03315461 0.03159781 0.06063002 0.00754945 0.01556341 0.33190913 0.00447361 0.02417491 0.03176761 0.01682041 0.32634613 0.02437921
41 0.08611420 0.07587370 0.07808270 0.06285970 0.02284740 0.15780401 0.10157300 0.03892690 0.02326550 0.02309420 0.04812200 0.09077040 0.01468350 0.01746330 0.02288290 0.05508420 0.03276990 0.00691368 0.00944558 0.03142320
42 0.27638724 0.01083751 0.02582362 0.00938593 0.03050353 0.01921882 0.01564501 0.10353509 0.01203051 0.01313641 0.02325692 0.01161661 0.00860279 0.00562836 0.01436651 0.29659226 0.07903997 0.00172448 0.00525540 0.03741303
43 0.03581791 0.02609091 0.02069531 0.00381250 0.01297620 0.00803897 0.01924551 0.01005080 0.04009741 0.04169402 0.06992493 0.01365081 0.01724241 0.21840408 0.00784126 0.03342191 0.03100221 0.01921331 0.33528912 0.03549041
44 0.04388516 0.01329839 0.01237019 0.00766200 0.00796191 0.01584658 0.01585168 0.01387829 0.00832316 0.13487287 0.33214268 0.01337609 0.07581193 0.07082693 0.01072899 0.03169247 0.03086307 0.00695925 0.02394448 0.12970388
45 0.03898853 0.02092062 0.01927221 0.00559141 0.00848010 0.01199241 0.01887151 0.01576351 0.02630352 0.05906194 0.13641010 0.01606691 0.03312932 0.26388119 0.00698179 0.02801662 0.03378842 0.02184832 0.18089813 0.05373344
46 0.04437750 0.01378160 0.01280480 0.00802049 0.00820834 0.01605920 0.01600820 0.01481090 0.00810779 0.13397901 0.32918902 0.01385390 0.07626230 0.06874450 0.01057310 0.03288510 0.03158690 0.00703542 0.02373590 0.12997601
47 0.08553395 0.07782674 0.07714944 0.06300104 0.02319341 0.15843109 0.10324406 0.03755142 0.02317951 0.02256431 0.04645093 0.09299975 0.01481181 0.01725821 0.02305321 0.05416603 0.03277332 0.00655860 0.00954925 0.03070392
48 0.04153380 0.01581850 0.01408270 0.00429854 0.01034070 0.01394600 0.01055340 0.01194560 0.01403860 0.12517199 0.24248997 0.01599760 0.05423589 0.13710598 0.00742257 0.02654100 0.02870150 0.01227440 0.06892829 0.14457298
49 0.08850773 0.02433048 0.02328698 0.01283899 0.01019629 0.00887736 0.01815089 0.02601348 0.01106199 0.09103743 0.08733513 0.01888249 0.03105858 0.01227089 0.03706787 0.20277185 0.19225185 0.00392799 0.01208819 0.08804353
50 0.06975837 0.01215939 0.08263026 0.27782188 0.00765972 0.03595248 0.24880089 0.03676428 0.03066629 0.01087440 0.01831389 0.04688068 0.00206521 0.00169662 0.01388459 0.05131288 0.02828739 0.00156632 0.00173397 0.02117049
51 0.04287700 0.00566016 0.00831395 0.00242973 0.00955857 0.00825623 0.00635502 0.00709704 0.00587525 0.21640299 0.26217999 0.00642520 0.06430850 0.04293030 0.00769950 0.02241460 0.03274820 0.00457210 0.01060670 0.23328899
52 0.10497301 0.07996281 0.05526441 0.05098771 0.01345530 0.03824300 0.06200631 0.03422910 0.10335401 0.04415220 0.04318950 0.05378201 0.01470380 0.05405001 0.02176840 0.05694471 0.03913900 0.01536760 0.06929101 0.04513610
53 0.04800979 0.01557980 0.01440890 0.00833412 0.01267660 0.00956542 0.01231630 0.01355360 0.01108110 0.24323994 0.17340295 0.01693360 0.04820279 0.03503859 0.01089260 0.02799699 0.03805849 0.00370772 0.01865580 0.23834494
54 0.16756087 0.04126957 0.11193891 0.06579385 0.02043188 0.06874225 0.06053005 0.05154166 0.03933237 0.02664808 0.02884818 0.04618566 0.01349289 0.01620739 0.01454879 0.12475491 0.04847246 0.00544266 0.01034569 0.03791187
55 0.23482292 0.02997409 0.02733259 0.02606809 0.02519039 0.03048319 0.03540399 0.10087497 0.02408109 0.03947179 0.05088038 0.03018059 0.01798069 0.01980969 0.02120109 0.14935295 0.05917118 0.00591233 0.01353930 0.05826868
56 0.06397774 0.01714498 0.01595389 0.00764422 0.01138079 0.00657091 0.01355359 0.01354009 0.01161079 0.22756480 0.11935589 0.01850318 0.03918357 0.02059788 0.01571949 0.05876845 0.09157192 0.00336913 0.01492289 0.22906580
57 0.17303089 0.02448929 0.03617028 0.02673628 0.02586668 0.02437879 0.03098358 0.08094145 0.01466219 0.02726638 0.04279517 0.02576678 0.01628849 0.01560329 0.02916218 0.24888385 0.09031104 0.00513191 0.01395869 0.04757277
58 0.09026985 0.01790909 0.01864099 0.01005089 0.01091529 0.00975049 0.01645029 0.02055479 0.01043099 0.14449792 0.10757194 0.01759289 0.03735148 0.01858509 0.02035039 0.10052194 0.13115593 0.00531096 0.01281189 0.19927689
59 0.03810170 0.01282580 0.01045640 0.00212560 0.00940718 0.00832019 0.00669584 0.00527571 0.00635760 0.22595702 0.25533703 0.00754620 0.09046271 0.04359860 0.00635209 0.02208750 0.02995360 0.00303259 0.01045060 0.20565602
60 0.06073248 0.14750095 0.05213448 0.05116228 0.01235990 0.06781458 0.07225517 0.03390079 0.02427889 0.03017529 0.03543409 0.20617893 0.02390389 0.01673269 0.01917749 0.04638298 0.04891558 0.00637306 0.01080610 0.03378039
61 0.02200530 0.00642571 0.00480241 0.00081765 0.00350692 0.01397520 0.00641139 0.00295669 0.00728039 0.14343401 0.40312603 0.00367786 0.08416921 0.11042001 0.00405703 0.01440930 0.01104960 0.00638899 0.03440330 0.11668301
62 0.07571472 0.13175204 0.06647722 0.04987251 0.01528240 0.15958305 0.07346852 0.02308211 0.02333201 0.01502080 0.03175281 0.19502806 0.01643220 0.01115260 0.01257090 0.02795641 0.03845811 0.00457392 0.00608909 0.02240051
63 0.04862612 0.01555141 0.01423911 0.00862941 0.01246381 0.00957798 0.01251791 0.01401091 0.01118770 0.24215510 0.17571607 0.01672041 0.04846362 0.03515021 0.01015810 0.02791251 0.03838242 0.00371739 0.01825871 0.23656110
64 0.06335075 0.05157664 0.14768712 0.12009510 0.01700991 0.06600015 0.08337187 0.06354995 0.02898442 0.02886202 0.03559203 0.06274425 0.01730251 0.02061392 0.01599631 0.07470536 0.04216123 0.00595598 0.01858252 0.03585793
65 0.08259395 0.01889151 0.01545751 0.00984710 0.00842188 0.01141321 0.02543851 0.02263141 0.00894258 0.09766665 0.20905812 0.02149841 0.05929833 0.03340842 0.02558581 0.08308745 0.11421606 0.00787990 0.02318311 0.12148007
66 0.06163540 0.03820930 0.05929070 0.13346000 0.00760120 0.06908840 0.31499099 0.02679710 0.02350750 0.01953930 0.02960260 0.05638230 0.01066320 0.01333500 0.01475870 0.04634190 0.03517250 0.00465822 0.01170280 0.02326290
67 0.05845454 0.02237092 0.10854608 0.25234118 0.00991869 0.04841673 0.17347412 0.06192424 0.02556052 0.01612391 0.02162552 0.05676684 0.00488101 0.00558729 0.01748231 0.05331744 0.03003662 0.00388896 0.00377924 0.02550382
68 0.29924075 0.01033199 0.02231528 0.00789249 0.02974168 0.01655699 0.01520539 0.11670390 0.01301319 0.01266319 0.02289318 0.01105809 0.00803407 0.00563655 0.01321709 0.27961477 0.07490064 0.00164199 0.00484672 0.03449207
69 0.10634796 0.03918278 0.03391389 0.02638829 0.01533039 0.02256259 0.04034698 0.03976608 0.01582449 0.05747568 0.07148027 0.04242818 0.02662979 0.03007389 0.02743579 0.14543294 0.15028594 0.00805579 0.02262289 0.07841537
70 0.09008824 0.01459901 0.01386481 0.00673637 0.00767278 0.00749664 0.02177641 0.02081331 0.00642289 0.09764874 0.21980110 0.01196991 0.09711134 0.02446821 0.02667181 0.07975174 0.10342305 0.00749856 0.01555401 0.12663106
71 0.04382372 0.23245909 0.04772942 0.01976311 0.01113890 0.09338613 0.06118242 0.01663631 0.02309851 0.01652431 0.02522221 0.23257409 0.02867771 0.00481076 0.01604801 0.05241982 0.04828052 0.00384639 0.00661238 0.01576621
72 0.03940832 0.02267021 0.15095007 0.24834611 0.00980338 0.04197922 0.14021206 0.07888603 0.02301001 0.01594961 0.01740111 0.05912443 0.00336712 0.00271904 0.01604511 0.07236833 0.03408841 0.00181811 0.00278101 0.01907231
73 0.06268922 0.03826371 0.05841032 0.13223304 0.00765184 0.06833242 0.31320510 0.02686161 0.02407581 0.01964301 0.02989021 0.05692922 0.01061450 0.01411310 0.01483430 0.04681921 0.03508501 0.00484914 0.01187090 0.02362831
74 0.04921917 0.03464158 0.10971794 0.14815092 0.01225139 0.05103637 0.19877489 0.04015268 0.02262739 0.02040969 0.07238726 0.06445027 0.01742409 0.01149829 0.01546959 0.04873777 0.04397548 0.00480167 0.00797716 0.02629639
75 0.03951348 0.02096449 0.01947019 0.00595030 0.00854868 0.01257159 0.01863349 0.01596319 0.02585709 0.05892447 0.13639594 0.01634239 0.03309228 0.26308488 0.00722729 0.02865029 0.03391618 0.02131949 0.17940492 0.05416937
76 0.23425087 0.03013808 0.02755699 0.02579999 0.02646379 0.03027608 0.03548778 0.10252894 0.02406149 0.03967388 0.05041187 0.03031208 0.01756909 0.01912059 0.02081439 0.15076192 0.05798217 0.00526864 0.01357449 0.05794687
77 0.03487767 0.00886205 0.00986966 0.00188499 0.00724232 0.01325649 0.00940129 0.00585129 0.00533745 0.13298890 0.40000369 0.00472659 0.10774492 0.07001615 0.00794987 0.02350808 0.02103228 0.00498142 0.00973698 0.12072791
78 0.04231882 0.18368307 0.06155752 0.03552611 0.00847029 0.13961906 0.18312607 0.01311801 0.01907221 0.01283251 0.02087851 0.16894207 0.02117731 0.00365030 0.00754534 0.02036151 0.03665481 0.00544821 0.00586676 0.01015150
79 0.27873809 0.00790671 0.02269341 0.00497062 0.02560401 0.01511561 0.01167960 0.09551873 0.01023540 0.01499321 0.03023661 0.00877363 0.01109570 0.00423744 0.01260190 0.29390910 0.10327304 0.00143940 0.00470656 0.04227121
80 0.31987181 0.00687592 0.01425319 0.00295550 0.02012039 0.00932045 0.00951014 0.23246586 0.00956067 0.00576864 0.01484189 0.00804248 0.00358716 0.00348682 0.00551324 0.25036785 0.06238056 0.00076455 0.00160990 0.01870299
81 0.04339292 0.14008707 0.06068293 0.09180325 0.00736659 0.06898484 0.15985408 0.02531131 0.01971011 0.01607781 0.02638561 0.19188410 0.02351041 0.00515787 0.01243151 0.03910172 0.04442752 0.00378443 0.00350390 0.01654201
82 0.10014303 0.03315701 0.02496321 0.02570121 0.02072871 0.01209600 0.02276431 0.02554901 0.01580900 0.09193072 0.07221012 0.03281711 0.02734991 0.00975124 0.14531704 0.16619404 0.08659542 0.00559270 0.00810131 0.07322892
83 0.02130199 0.01270029 0.01815319 0.00123281 0.00692815 0.00220642 0.02016649 0.00873111 0.03407218 0.03251528 0.06059686 0.00763523 0.01512559 0.31459581 0.00468928 0.02437059 0.03059178 0.01705999 0.34241879 0.02490818
84 0.08571384 0.07640803 0.07698093 0.06354813 0.02296021 0.15670607 0.10214404 0.03863632 0.02341911 0.02315391 0.04856222 0.09100124 0.01483111 0.01755611 0.02386401 0.05484552 0.03263591 0.00640833 0.00948425 0.03114071
85 0.07080599 0.01225030 0.07594729 0.26243097 0.00723482 0.04009079 0.27048696 0.03181420 0.03050180 0.01133510 0.01874970 0.04625039 0.00228345 0.00181519 0.01370070 0.05045469 0.02888210 0.00186416 0.00167211 0.02142930
86 0.03924244 0.00572762 0.00737344 0.00198253 0.00771094 0.01063851 0.00683337 0.00697801 0.00576732 0.18558117 0.32049329 0.00563032 0.07415617 0.05660565 0.00759432 0.02227282 0.02749153 0.00486010 0.01057531 0.19248518
87 0.03529740 0.00419454 0.00744751 0.00169047 0.01170850 0.00289887 0.00216128 0.00316640 0.00529840 0.32546600 0.13922500 0.00821226 0.03951880 0.01272860 0.00326800 0.00987281 0.03511830 0.00114039 0.00474147 0.34684500
88 0.06238939 0.23826398 0.04425790 0.02053490 0.01648520 0.06015129 0.05044109 0.02511080 0.03694260 0.02791620 0.03477550 0.14771099 0.02697280 0.02113380 0.03391550 0.04436590 0.04446940 0.01485860 0.02320640 0.02609780
89 0.17241295 0.02388899 0.03644149 0.02639469 0.02580969 0.02432329 0.03092629 0.08052508 0.01444040 0.02747469 0.04375099 0.02560969 0.01652899 0.01606320 0.02948909 0.24829292 0.09018297 0.00514711 0.01495980 0.04733769
90 0.05246247 0.03698228 0.09317235 0.20070488 0.00997834 0.03279968 0.12328793 0.05188717 0.02958068 0.06385346 0.03152828 0.06308186 0.01078789 0.01058679 0.02743538 0.06321076 0.03650798 0.00505892 0.00535352 0.05173937
91 0.06290525 0.01308191 0.01596471 0.01186641 0.01389431 0.01161421 0.01402061 0.01415091 0.01022211 0.21654616 0.15353611 0.01769491 0.04472133 0.02814272 0.01218351 0.04047363 0.04548143 0.00413766 0.01399391 0.25536819
92 0.04436914 0.01426678 0.01241968 0.00792687 0.00798451 0.01629588 0.01591638 0.01441928 0.00832428 0.13355283 0.33092959 0.01410468 0.07622840 0.06911221 0.01066989 0.03218506 0.03143546 0.00732705 0.02329917 0.12923284
93 0.06063031 0.14799603 0.05243391 0.05150541 0.01235150 0.06808981 0.07266971 0.03422671 0.02441820 0.02892541 0.03557411 0.20585304 0.02398170 0.01669780 0.01914020 0.04645431 0.04869491 0.00608432 0.01086320 0.03340941
94 0.03180167 0.00310294 0.00573278 0.00069717 0.00934016 0.00488699 0.00232729 0.00246872 0.00462224 0.29182973 0.21028881 0.00481557 0.05277255 0.02799067 0.00306394 0.01002239 0.02896937 0.00165680 0.00506350 0.29854673
95 0.06369504 0.05140073 0.14789009 0.12165508 0.01682101 0.06585734 0.08374665 0.06362764 0.02910322 0.02869772 0.03572132 0.06167814 0.01681891 0.02196801 0.01498961 0.07311355 0.04245873 0.00658756 0.01877251 0.03539712
96 0.06070401 0.14804601 0.05153680 0.05049980 0.01200900 0.06865781 0.07241151 0.03365680 0.02437360 0.03007360 0.03632470 0.20563602 0.02377980 0.01691200 0.01875620 0.04594480 0.04915840 0.00622761 0.01144560 0.03384590
97 0.03197792 0.00316178 0.00584807 0.00071281 0.00954595 0.00486849 0.00237248 0.00246104 0.00449597 0.29199319 0.20894014 0.00484214 0.05297124 0.02737392 0.00313001 0.01024791 0.02941342 0.00165934 0.00508097 0.29890320
98 0.04466243 0.01411131 0.01277071 0.00758322 0.00845046 0.01574171 0.01599581 0.01367121 0.00865541 0.13494809 0.32855021 0.01451661 0.07577005 0.06861114 0.01075221 0.03182682 0.03147142 0.00718380 0.02347331 0.13125408
99 0.09933468 0.03253199 0.14213297 0.08045228 0.01752310 0.04612899 0.05521289 0.06073609 0.02260460 0.02097240 0.02250380 0.04524439 0.01087260 0.01171310 0.01922580 0.19819996 0.06949868 0.00412726 0.00773866 0.03324579
100 0.03587450 0.07708009 0.10968099 0.14890298 0.00864897 0.04547919 0.12078699 0.10183299 0.01825880 0.01617870 0.02441110 0.14533598 0.01518180 0.00882597 0.01214700 0.05142199 0.03587940 0.00354632 0.00421485 0.01631140
101 0.06164033 0.03826572 0.05885583 0.13394406 0.00769912 0.06882833 0.31395914 0.02656491 0.02398481 0.01979951 0.03038441 0.05722023 0.01069350 0.01383531 0.01417371 0.04549092 0.03469772 0.00482484 0.01180611 0.02333151
102 0.05224033 0.15137109 0.04119282 0.03000602 0.01184521 0.05864253 0.06450144 0.02718282 0.01749851 0.02668912 0.04076272 0.22514013 0.02491661 0.01470421 0.01779761 0.05768373 0.09507995 0.00587219 0.00669784 0.03017512
103 0.04459301 0.01358500 0.01284030 0.00812283 0.00838572 0.01572310 0.01555510 0.01387410 0.00844856 0.13422302 0.32974806 0.01388590 0.07590071 0.06877701 0.01078240 0.03261991 0.03207681 0.00707012 0.02355830 0.13023002
104 0.26360823 0.01505121 0.02485552 0.01331611 0.05949715 0.01612331 0.01337441 0.17415515 0.00950815 0.01061981 0.01385451 0.01518381 0.00426451 0.00647634 0.01132911 0.26091922 0.06185405 0.00180896 0.00297850 0.02122192
105 0.16766600 0.02529110 0.04121830 0.12933400 0.01151810 0.04668060 0.21122600 0.04064280 0.03225260 0.01936320 0.03070260 0.04045590 0.01144650 0.00919525 0.01626920 0.08267320 0.04132110 0.00423666 0.00644001 0.03206690
106 0.07088826 0.01216401 0.07563516 0.26233021 0.00729056 0.03978173 0.27109422 0.03173203 0.03056652 0.01130001 0.01864071 0.04647964 0.00229895 0.00181462 0.01361761 0.05042734 0.02883672 0.00201112 0.00167196 0.02141862
107 0.04806885 0.01553079 0.01425709 0.00861643 0.01242729 0.00965102 0.01286099 0.01398939 0.01138349 0.24198577 0.17529983 0.01637218 0.04843135 0.03616777 0.00998344 0.02818857 0.03807226 0.00370934 0.01838938 0.23661477
108 0.05469577 0.06992227 0.02484129 0.01795389 0.01235149 0.02225119 0.02835679 0.01829889 0.03386758 0.02823219 0.07173486 0.02795629 0.02271269 0.10477995 0.01789739 0.04275648 0.04122278 0.25524987 0.06614697 0.03877138
109 0.03547438 0.00407198 0.00745372 0.00165262 0.01175649 0.00278668 0.00208906 0.00295652 0.00522545 0.32520886 0.14032294 0.00830310 0.03975498 0.01278149 0.00326936 0.00972992 0.03489128 0.00122134 0.00469898 0.34635085
110 0.05481497 0.03797658 0.02260609 0.00719758 0.01382349 0.01650009 0.02133959 0.01367049 0.00996943 0.12007894 0.24098189 0.03229948 0.10592395 0.05128078 0.01365519 0.04338638 0.04325898 0.00745736 0.02045379 0.12332494
111 0.04644690 0.13927401 0.03362310 0.01314300 0.01732570 0.03696760 0.03474120 0.01921750 0.01856890 0.06887381 0.18457502 0.09327061 0.05308841 0.04299770 0.01548840 0.04464170 0.04795420 0.01274860 0.02055810 0.05649551
112 0.04456280 0.01381830 0.01276850 0.00781369 0.00826422 0.01613070 0.01580680 0.01413930 0.00855708 0.13494900 0.32852301 0.01413940 0.07608310 0.06815540 0.01074260 0.03256140 0.03156130 0.00727319 0.02301820 0.13113200
113 0.17385104 0.02466561 0.03614401 0.02600901 0.02605991 0.02419381 0.02976461 0.08099502 0.01430700 0.02753291 0.04290531 0.02568871 0.01593830 0.01669930 0.02904311 0.24839006 0.08991072 0.00526956 0.01473840 0.04789361
114 0.08628392 0.07737113 0.07726373 0.06214014 0.02327718 0.15851685 0.10207591 0.03693207 0.02367308 0.02246998 0.04760266 0.09172731 0.01471349 0.01737178 0.02270338 0.05553345 0.03286217 0.00676421 0.00998840 0.03072917
115 0.06291056 0.01296169 0.01593499 0.01185049 0.01376159 0.01169719 0.01416689 0.01429189 0.01043789 0.21518586 0.15403990 0.01782769 0.04401717 0.02923738 0.01168619 0.04066657 0.04534447 0.00456223 0.01534449 0.25407484
116 0.11724796 0.04397178 0.06269338 0.04016339 0.15907994 0.17484194 0.03957259 0.02137649 0.01748869 0.02152809 0.02731459 0.05625428 0.01052080 0.01338790 0.02837549 0.08943097 0.03316259 0.00466832 0.00726643 0.03165439
117 0.08630397 0.07582257 0.07771687 0.06378338 0.02320929 0.15635794 0.10314296 0.03867399 0.02330719 0.02259559 0.04827058 0.09030727 0.01473509 0.01780329 0.02231239 0.05542878 0.03287319 0.00682914 0.00940964 0.03111689
118 0.11951485 0.02868496 0.01875068 0.01445288 0.00742754 0.01121549 0.02977016 0.08749489 0.01008989 0.04955234 0.11229086 0.03407036 0.07627210 0.01560118 0.03243516 0.11579886 0.12747584 0.01366788 0.01062049 0.08481359
119 0.04485762 0.01323341 0.01247171 0.00806127 0.00811862 0.01590631 0.01593441 0.01417191 0.00829593 0.13414907 0.32922817 0.01380551 0.07611504 0.06931204 0.01098911 0.03252782 0.03225132 0.00718036 0.02328031 0.13011007
120 0.23262387 0.02944048 0.02758158 0.02617139 0.02547209 0.03116058 0.03575188 0.10234694 0.02427389 0.03909288 0.05087677 0.03030888 0.01777059 0.01977949 0.02084389 0.14970892 0.05914237 0.00569575 0.01361269 0.05834507
121 0.23516812 0.02953841 0.02671231 0.02493581 0.02547641 0.03023072 0.03570622 0.10232305 0.02454421 0.03979222 0.05106603 0.03017522 0.01805741 0.01920031 0.02148781 0.14868307 0.05891893 0.00571660 0.01411391 0.05815323
122 0.11772502 0.01762040 0.02718700 0.02526450 0.00789723 0.01700460 0.02276290 0.33402006 0.00986600 0.03541331 0.11114302 0.02428810 0.02446390 0.02032030 0.01546330 0.07873941 0.04442241 0.00564020 0.01015550 0.05060281
123 0.05903691 0.01483800 0.01441360 0.00633174 0.01181780 0.00566981 0.01109660 0.01145490 0.01078200 0.24843805 0.11946502 0.01619910 0.03892981 0.01852050 0.01361200 0.05046281 0.08331902 0.00310505 0.01289320 0.24961405
124 0.08658724 0.03435402 0.02637081 0.01931771 0.01864361 0.01264331 0.02153301 0.03165712 0.01701761 0.13211806 0.11502906 0.02651501 0.03926652 0.02781441 0.03596502 0.13426506 0.08518624 0.00526422 0.02155391 0.10889805
125 0.04113479 0.00502754 0.00815792 0.00211202 0.00979002 0.00728735 0.00552948 0.00620892 0.00549839 0.23498092 0.24304492 0.00642787 0.06020488 0.03768669 0.00678841 0.01936929 0.03257399 0.00393452 0.00927418 0.25496792
126 0.03922161 0.01097460 0.01367470 0.00245092 0.00957956 0.01263340 0.01001750 0.00692894 0.00570223 0.13090902 0.37518907 0.00584888 0.11314802 0.06411611 0.00895575 0.02700791 0.02466930 0.00526913 0.01017430 0.12352902
127 0.17157391 0.02466369 0.03677738 0.02756929 0.02634599 0.02457049 0.03156158 0.08002746 0.01446379 0.02748339 0.04323458 0.02594689 0.01629859 0.01556149 0.02987448 0.24826787 0.08978875 0.00515564 0.01390719 0.04692757
128 0.06274472 0.05023711 0.14865204 0.12105203 0.01722950 0.06467722 0.08287032 0.06403282 0.02885441 0.02896201 0.03536811 0.06142912 0.01672290 0.02328951 0.01527200 0.07449522 0.04252391 0.00630545 0.01996850 0.03531311
129 0.04419009 0.01446310 0.01273590 0.00759936 0.00817342 0.01578020 0.01590780 0.01421190 0.00840392 0.13549498 0.32954094 0.01427760 0.07628209 0.06759709 0.01080730 0.03234209 0.03126239 0.00738797 0.02211090 0.13143098
130 0.13943783 0.02258107 0.03040636 0.02949846 0.01298978 0.01993778 0.02333627 0.14540582 0.01349878 0.05801493 0.08195860 0.03113606 0.02759137 0.02540297 0.02321567 0.10139288 0.06250652 0.00712070 0.00978229 0.13478584
131 0.06309003 0.23917510 0.04449502 0.02044261 0.01661081 0.06075452 0.05083042 0.02521411 0.03784752 0.02748211 0.03358371 0.14910806 0.02694501 0.02015471 0.03304011 0.04467812 0.04456342 0.01377011 0.02275681 0.02545771
132 0.03907559 0.00575043 0.00743164 0.00213997 0.00764643 0.01049410 0.00680185 0.00671725 0.00571072 0.18700298 0.31905896 0.00558149 0.07370039 0.05623809 0.00747902 0.02221690 0.02756190 0.00490643 0.01079490 0.19369097
133 0.05886638 0.02248269 0.10852795 0.25218589 0.00976682 0.04819348 0.17315693 0.06114757 0.02552359 0.01632569 0.02182969 0.05615828 0.00498133 0.00566866 0.01749239 0.05437338 0.03075039 0.00340408 0.00362863 0.02553619
134 0.02753041 0.01325281 0.00928561 0.00206319 0.00890878 0.01014430 0.00969933 0.00959929 0.01039110 0.07874653 0.27678512 0.01052420 0.04991702 0.15718707 0.00723756 0.02233671 0.02480181 0.05386002 0.11484705 0.10288205
135 0.04425242 0.01424931 0.01249781 0.00762157 0.00817263 0.01625731 0.01596291 0.01390421 0.00810407 0.13468307 0.33009816 0.01427811 0.07584744 0.06954703 0.01056081 0.03196962 0.03128292 0.00699804 0.02344551 0.13026706
136 0.03579838 0.02657919 0.02084369 0.00386544 0.01308769 0.00826564 0.01984689 0.01029540 0.03994498 0.04164848 0.06964597 0.01377879 0.01699409 0.21900589 0.00773170 0.03346598 0.03107429 0.01844929 0.33418884 0.03548938
137 0.04481299 0.01379170 0.01254170 0.00820945 0.00817636 0.01595230 0.01645480 0.01504820 0.00816447 0.13475096 0.32834590 0.01398790 0.07584638 0.06816028 0.01072250 0.03273169 0.03194779 0.00681912 0.02268259 0.13085296
138 0.03932424 0.02073962 0.01918112 0.00542514 0.00843129 0.01249981 0.01872112 0.01634712 0.02589133 0.05889416 0.13805914 0.01594432 0.03335034 0.26332328 0.00696765 0.02826153 0.03348504 0.02111822 0.17965019 0.05438536
139 0.13305597 0.01574280 0.03173159 0.03348659 0.00775068 0.01930970 0.01954430 0.50687188 0.00972407 0.01738240 0.02256589 0.01984550 0.00535484 0.00984459 0.00708007 0.09100868 0.02606259 0.00239126 0.00461392 0.01663270
140 0.03974589 0.02082879 0.01934209 0.00578227 0.00877256 0.01230410 0.01850940 0.01608580 0.02586709 0.05844078 0.13549596 0.01622930 0.03286049 0.26264993 0.00680763 0.02879369 0.03416089 0.02203499 0.18128395 0.05400439
141 0.06493230 0.03927470 0.06745250 0.00793463 0.09040020 0.01834550 0.01563660 0.01200330 0.01015240 0.08381710 0.15612699 0.02044020 0.15442099 0.02362370 0.01220890 0.04366360 0.03018090 0.00947902 0.01972950 0.12017699
142 0.06169663 0.01295651 0.01583421 0.01131401 0.01354031 0.01127471 0.01381161 0.01438111 0.01043040 0.21617910 0.15523907 0.01754511 0.04462302 0.02899391 0.01186881 0.04082332 0.04591052 0.00428605 0.01476151 0.25453011
143 0.13284397 0.01553070 0.03266479 0.03379909 0.00788984 0.02003390 0.01980500 0.50564990 0.00968908 0.01707450 0.02215040 0.02027700 0.00513507 0.01001770 0.00705796 0.09032968 0.02591980 0.00239574 0.00490660 0.01682930
144 0.28279314 0.02229671 0.03705902 0.01979021 0.02124421 0.01997551 0.03125722 0.08242214 0.06984693 0.02462671 0.02049661 0.02100261 0.00742877 0.01255041 0.01995811 0.19995110 0.05898433 0.00422058 0.00782845 0.03626722
145 0.30974629 0.00683892 0.01555951 0.00349808 0.02022712 0.01020431 0.00947904 0.22813422 0.00951631 0.00596567 0.01512301 0.00832668 0.00372691 0.00327201 0.00599867 0.25826525 0.06409506 0.00079239 0.00157173 0.01965882
146 0.02956078 0.00367040 0.00485927 0.00066590 0.00673092 0.00869800 0.00367537 0.00284269 0.00478504 0.23419986 0.30133782 0.00360878 0.06871166 0.04985257 0.00395504 0.01240239 0.02219089 0.00271073 0.00605506 0.22948686
147 0.27726816 0.00947811 0.02657032 0.00721753 0.02993782 0.02001371 0.01312791 0.09943196 0.01104331 0.01150731 0.02073371 0.01041491 0.00754654 0.00522602 0.01261351 0.31384818 0.08165295 0.00158516 0.00449497 0.03628792
148 0.09354532 0.01678840 0.02036621 0.01885060 0.00635451 0.01547270 0.01075060 0.61597815 0.00913441 0.04083151 0.02273751 0.01517870 0.00549956 0.00768677 0.00576900 0.05691291 0.01602930 0.00195471 0.00239169 0.01776740
149 0.03093989 0.00655164 0.00550138 0.00137290 0.00596474 0.01136030 0.00575347 0.00424241 0.00561444 0.19473492 0.34676085 0.00473571 0.07814807 0.06311487 0.00530924 0.01754419 0.02091419 0.00359849 0.01026640 0.17757193
150 0.03909413 0.01116751 0.01333751 0.00244405 0.00972548 0.01263171 0.01010891 0.00671054 0.00558559 0.13172710 0.37461628 0.00608973 0.11246609 0.06426985 0.00894632 0.02691282 0.02483622 0.00506896 0.01058511 0.12367609
151 0.05842018 0.05484698 0.01908879 0.02308179 0.01630379 0.02728239 0.02493329 0.01844399 0.01335960 0.02552709 0.03496849 0.02782699 0.01237730 0.00961818 0.46891585 0.07719728 0.04251039 0.00540171 0.00841562 0.03148029
152 0.06192786 0.23815083 0.04388307 0.02060669 0.01611359 0.06003936 0.05112796 0.02527158 0.03697377 0.02798398 0.03436358 0.14921890 0.02716338 0.02075569 0.03347368 0.04504157 0.04485567 0.01353979 0.02352798 0.02598108
153 0.05731337 0.05572297 0.01861149 0.02304409 0.01575029 0.02775269 0.02459009 0.01804129 0.01341189 0.02494189 0.03329858 0.02739679 0.01217469 0.00940494 0.47309677 0.07721656 0.04242498 0.00558831 0.00872114 0.03149718
154 0.03958778 0.02117149 0.01963639 0.00578966 0.00851424 0.01278229 0.01870869 0.01635759 0.02592579 0.05861697 0.13626894 0.01678539 0.03305138 0.26323688 0.00701896 0.02848169 0.03398488 0.02172399 0.17852792 0.05382908
155 0.28392178 0.00717194 0.01241929 0.00321984 0.01502329 0.00953277 0.00837005 0.34103374 0.00874616 0.00663400 0.01407119 0.00764611 0.00261797 0.00319648 0.00417917 0.20709484 0.04962636 0.00077306 0.00112186 0.01360009
156 0.06290618 0.05083508 0.14649194 0.12073995 0.01715629 0.06602867 0.08398047 0.06382018 0.02864089 0.02918609 0.03659649 0.06146298 0.01713109 0.02247639 0.01540529 0.07284317 0.04182888 0.00639608 0.01948399 0.03658989
157 0.03279309 0.00520044 0.00859548 0.00118774 0.00700579 0.01240940 0.00665640 0.00461506 0.00483948 0.15283496 0.39338489 0.00229749 0.09846297 0.06897848 0.00647324 0.01909669 0.01832519 0.00437477 0.00681049 0.14565796
158 0.01898929 0.01273769 0.01932659 0.00144360 0.00506844 0.00227959 0.03060418 0.00937614 0.03566348 0.03113318 0.04925627 0.00665545 0.01426089 0.34344681 0.00413251 0.02370409 0.03149548 0.01289589 0.32710182 0.02042859
159 0.03243617 0.00280856 0.00678465 0.00097333 0.01174129 0.00178547 0.00120589 0.00195571 0.00444824 0.34288870 0.13021189 0.00658621 0.03743957 0.00887972 0.00210264 0.00680843 0.03389477 0.00077995 0.00336312 0.36290569
160 0.04798498 0.10150395 0.09940755 0.06886227 0.01371509 0.07821096 0.07631426 0.03491648 0.02102759 0.02435089 0.07136177 0.18246592 0.01764329 0.01169359 0.01472379 0.04354378 0.05323468 0.00529883 0.00818913 0.02555119
161 0.03567579 0.02617649 0.02018169 0.00401184 0.01321010 0.00839843 0.01946389 0.00988032 0.03966879 0.04231448 0.07058027 0.01399519 0.01726459 0.21782192 0.00750578 0.03271759 0.03093589 0.01875889 0.33563188 0.03580619
162 0.03610888 0.02631788 0.02022849 0.00375380 0.01288859 0.00820966 0.01953009 0.00979331 0.03956728 0.04142998 0.07021046 0.01377019 0.01701509 0.21970287 0.00780649 0.03318768 0.03106778 0.01930779 0.33480381 0.03529988
163 0.23403394 0.02975009 0.02735499 0.02566829 0.02487049 0.03022939 0.03464499 0.10282998 0.02413499 0.03935749 0.05037529 0.03003359 0.01737110 0.01996500 0.02154869 0.15032596 0.05884419 0.00587474 0.01409970 0.05868709
164 0.03310521 0.00484580 0.00623806 0.00121420 0.00619289 0.01148510 0.00610563 0.00528580 0.00520066 0.17488807 0.36268715 0.00358946 0.08087843 0.06454593 0.00631085 0.01845751 0.02099961 0.00481142 0.00832812 0.17483007
165 0.05871903 0.02315371 0.10866706 0.25184814 0.00978818 0.04843573 0.17125410 0.06193353 0.02529351 0.01645531 0.02156211 0.05664873 0.00494060 0.00603335 0.01783321 0.05399253 0.03015232 0.00370545 0.00342867 0.02615471
166 0.04786494 0.01520851 0.01444701 0.00870277 0.01262471 0.00975502 0.01329711 0.01319501 0.01111941 0.24173822 0.17727616 0.01622781 0.04854534 0.03616373 0.01036911 0.02769542 0.03738283 0.00367244 0.01907322 0.23564121
167 0.22198198 0.01193010 0.02204460 0.01376110 0.01487660 0.01300950 0.01319860 0.33716697 0.00932453 0.01090540 0.01800250 0.01358800 0.00476016 0.00473232 0.00810676 0.20796198 0.05219730 0.00193192 0.00222989 0.01828980
168 0.13164594 0.01997359 0.02656109 0.01877719 0.01673479 0.01920839 0.02139669 0.03600148 0.01312419 0.06767167 0.08992876 0.01897719 0.03179028 0.01789199 0.02882679 0.19273691 0.09663875 0.00468708 0.01336629 0.13406094
169 0.08599934 0.07592993 0.07719744 0.06411253 0.02404221 0.15877507 0.10267205 0.03774122 0.02317041 0.02284431 0.04700332 0.09112394 0.01437891 0.01804491 0.02245191 0.05477293 0.03263702 0.00651475 0.00974319 0.03084461
170 0.03933673 0.00591073 0.00771068 0.00216087 0.00781652 0.01048541 0.00686248 0.00665149 0.00574774 0.18685216 0.32009827 0.00549157 0.07395766 0.05596925 0.00762346 0.02201722 0.02712712 0.00472667 0.01002481 0.19342916
171 0.06225022 0.23851807 0.04406221 0.02090001 0.01587390 0.06028122 0.05125272 0.02479581 0.03711171 0.02726751 0.03414841 0.15008405 0.02737801 0.02067421 0.03289831 0.04392841 0.04489481 0.01468260 0.02337351 0.02562431
172 0.03211477 0.00318359 0.00577074 0.00070897 0.00929577 0.00492708 0.00240349 0.00256120 0.00461308 0.28989774 0.21185081 0.00485923 0.05294025 0.02827937 0.00329843 0.01040629 0.02938617 0.00170489 0.00517042 0.29662773
173 0.05846048 0.02257149 0.10918196 0.25162690 0.00971457 0.04880178 0.17260293 0.06197208 0.02542939 0.01622219 0.02123319 0.05710078 0.00464112 0.00560940 0.01758019 0.05387288 0.03035479 0.00398725 0.00362824 0.02540839
174 0.06186417 0.03895028 0.05871847 0.13303594 0.00746650 0.06803887 0.31344285 0.02651479 0.02412579 0.01950289 0.03003869 0.05790427 0.01098399 0.01333519 0.01491219 0.04591228 0.03538728 0.00489098 0.01162149 0.02335309
175 0.05804389 0.02248800 0.10972199 0.25213097 0.00984021 0.04868659 0.17173398 0.06218709 0.02560940 0.01616240 0.02139070 0.05682409 0.00489540 0.00589391 0.01742190 0.05383479 0.03036200 0.00379817 0.00354813 0.02542640
176 0.05884380 0.02245690 0.10823299 0.25210799 0.00983596 0.04846550 0.17296699 0.06082680 0.02588980 0.01619580 0.02196290 0.05620430 0.00490860 0.00586903 0.01752250 0.05423730 0.03029970 0.00372529 0.00363087 0.02581700
177 0.06199052 0.01299818 0.01565568 0.01190499 0.01338408 0.01138689 0.01401918 0.01434008 0.01048999 0.21690673 0.15503781 0.01731838 0.04451554 0.02942806 0.01157489 0.03988445 0.04535374 0.00442054 0.01479058 0.25459968
178 0.19137502 0.02073670 0.02338750 0.00675441 0.13231801 0.03311060 0.01055550 0.02489040 0.02246780 0.08000321 0.05435040 0.02067770 0.02472340 0.02070930 0.02441080 0.10897701 0.04112270 0.00421630 0.02242720 0.13278601
179 0.04446491 0.02706961 0.04668941 0.06031751 0.00521012 0.15459003 0.52025510 0.00829016 0.00910145 0.01713400 0.01184860 0.03604261 0.00315334 0.00281581 0.00464639 0.01586760 0.01738090 0.00205570 0.00283973 0.01022700
