1 0.03255211 0.00723974 0.00806800 0.00158426 0.00799711 0.00766653 0.00628483 0.00579466 0.00303764 0.19898209 0.31599415 0.00661648 0.08883184 0.05971503 0.00759330 0.01732361 0.02706661 0.00119709 0.01492081 0.18153408
2 0.06895621 0.04964550 0.02676460 0.01338460 0.01065300 0.04638810 0.02010920 0.02697720 0.00963451 0.02254280 0.03346640 0.04289230 0.01545060 0.01121370 0.41894903 0.08659721 0.05837290 0.00369353 0.00611198 0.02819660
3 0.03753744 0.02041537 0.10984584 0.21806068 0.00628150 0.05800751 0.06791690 0.28994357 0.01635138 0.00848082 0.00894036 0.05955411 0.00276913 0.01637998 0.00788994 0.04143694 0.01261448 0.00263847 0.00677439 0.00816122
4 0.05896391 0.01475170 0.01567920 0.00809636 0.01304850 0.01510280 0.01682840 0.00952371 0.00919744 0.22630004 0.14693303 0.01923670 0.04293291 0.03895521 0.01031990 0.03212031 0.03988561 0.00408751 0.01368670 0.26435005
5 0.04162727 0.04692557 0.06889185 0.21902385 0.00626619 0.06528915 0.12755591 0.02868278 0.03024038 0.05250806 0.02659178 0.10650293 0.00601495 0.01439839 0.01253999 0.05917666 0.03607997 0.00488973 0.00673093 0.04006367
6 0.04628061 0.02553121 0.06476351 0.17996004 0.00755885 0.04347981 0.09233942 0.03247201 0.02410371 0.07020392 0.04193631 0.05296241 0.01195370 0.01563590 0.03408501 0.13561103 0.05348591 0.00444855 0.00944387 0.05374421
7 0.17001799 0.02820780 0.03834760 0.02412530 0.03059060 0.02719050 0.02646530 0.07454450 0.01380590 0.02916050 0.03408340 0.02926810 0.01515490 0.01509350 0.03145260 0.25938999 0.09440430 0.00591824 0.01521410 0.03756490
8 0.03643590 0.00728979 0.00599474 0.00206188 0.00866757 0.00945752 0.00614215 0.00661817 0.00320648 0.23037599 0.28237798 0.00672180 0.07664570 0.05115620 0.00627415 0.01680920 0.02638350 0.00053031 0.01203200 0.20481899
9 0.04099738 0.07343116 0.03202458 0.06847546 0.00598392 0.08465105 0.29993882 0.01524599 0.01556929 0.01192259 0.01656059 0.19570388 0.00338486 0.02344319 0.01255479 0.03362608 0.02522199 0.00481521 0.01114259 0.02530659
10 0.02567171 0.03528972 0.00754195 0.00298899 0.00440956 0.00775599 0.02215501 0.00475017 0.03154481 0.06094373 0.23347310 0.04665202 0.05428572 0.11442405 0.00494771 0.02056451 0.01830171 0.04207052 0.19843209 0.06379693
11 0.01919330 0.04235089 0.01439700 0.00715516 0.00518449 0.00989356 0.03746449 0.00969043 0.04431679 0.01911760 0.11197698 0.07911239 0.03259380 0.19171597 0.00484401 0.01715750 0.01656680 0.04404939 0.26208296 0.03113650
12 0.04107899 0.01621530 0.01882379 0.01010160 0.00981359 0.01286630 0.01430270 0.02069079 0.02867809 0.07357028 0.12917697 0.02738399 0.03033559 0.25208793 0.00734258 0.02693889 0.02452899 0.01740150 0.16685595 0.07180618
13 0.03257402 0.02819782 0.13869808 0.27553117 0.00777125 0.07191274 0.11168907 0.09914376 0.02552432 0.01420781 0.01274461 0.08118365 0.00279157 0.00901494 0.00664694 0.04025262 0.02075371 0.00340474 0.00459217 0.01336501
14 0.04760990 0.03406650 0.07399540 0.26969099 0.00582263 0.07501320 0.21763399 0.03621920 0.02997610 0.01753640 0.01583920 0.08063930 0.00169346 0.00447683 0.00423719 0.03871810 0.02703760 0.00319830 0.00269502 0.01390070
15 0.06174289 0.29792196 0.03002650 0.02515910 0.01013830 0.05312669 0.05584899 0.01886980 0.03037400 0.02278890 0.02643170 0.14669098 0.02560020 0.01858690 0.03013370 0.05253809 0.03657169 0.00812545 0.01730720 0.03201700
16 0.04899639 0.04445759 0.08024139 0.12086398 0.00827536 0.05824689 0.04733329 0.30360395 0.01910680 0.01416800 0.01373110 0.10390998 0.00749487 0.01830320 0.01330720 0.04902559 0.02351300 0.00306924 0.00860040 0.01375180
17 0.04502386 0.00517091 0.00551775 0.00145411 0.01180909 0.01002279 0.00192002 0.00486152 0.00308815 0.30246176 0.14515789 0.00864377 0.04463336 0.02707748 0.00421614 0.01219929 0.03254227 0.00065974 0.00702336 0.32651674
18 0.04521718 0.26438491 0.03074889 0.01906059 0.00632703 0.11269996 0.06366288 0.01404540 0.01746679 0.00802344 0.01115840 0.27965290 0.01820539 0.01225790 0.00868149 0.03526609 0.03657449 0.00106216 0.00475543 0.01074870
19 0.05650777 0.02696469 0.08840475 0.18067090 0.00545291 0.06708316 0.30550883 0.04033048 0.02507309 0.01415709 0.01705339 0.05714927 0.00427561 0.00491217 0.00799434 0.03747108 0.02883768 0.00316530 0.00451232 0.02447519
20 0.02385848 0.01677819 0.01659289 0.00338857 0.00410214 0.00536590 0.01556059 0.01512359 0.00444248 0.14513989 0.39504370 0.00590736 0.14855089 0.01811549 0.03048378 0.03504207 0.02922188 0.00194410 0.01255889 0.07277915
21 0.17019094 0.02738199 0.03884099 0.02395689 0.02984349 0.02657699 0.02664059 0.07350268 0.01414650 0.02961319 0.03380309 0.02923299 0.01500370 0.01506910 0.03079919 0.25978591 0.09493297 0.00700153 0.01515609 0.03852119
22 0.03661117 0.01359739 0.01134259 0.00697065 0.00695940 0.01276969 0.01501449 0.01127729 0.00809218 0.15476087 0.33300972 0.01553959 0.08316003 0.06941384 0.01075859 0.02747738 0.02742438 0.00486069 0.02563318 0.12532689
23 0.03728413 0.17006412 0.02462502 0.01821601 0.00491118 0.07509355 0.05890054 0.01377411 0.02920222 0.01846671 0.08988286 0.19910114 0.02821462 0.04185733 0.01253131 0.03080752 0.02908982 0.02302382 0.06970895 0.02524502
24 0.11078598 0.01106430 0.03596809 0.03796709 0.01440480 0.01891910 0.02296139 0.51155289 0.02374589 0.02304919 0.01528280 0.01857060 0.00828081 0.01312270 0.00997477 0.07559658 0.03113039 0.00150755 0.00518659 0.01092850
25 0.05267632 0.01246270 0.01237520 0.00869057 0.01130710 0.01454770 0.01017760 0.01582420 0.00695767 0.24367508 0.18036206 0.01552990 0.05388872 0.04082741 0.00834666 0.02682291 0.03415531 0.00191799 0.01355980 0.23589507
26 0.27230803 0.02378030 0.02702730 0.01868360 0.03041560 0.03118510 0.03446160 0.10101801 0.01719620 0.04484800 0.03828160 0.02522530 0.01692990 0.02093210 0.02312810 0.14364002 0.06096071 0.00675669 0.01120360 0.05201821
27 0.03603888 0.01282619 0.01076549 0.00195646 0.00875306 0.00914311 0.00691054 0.00969529 0.00376545 0.22006087 0.28045284 0.00730152 0.10828394 0.03438048 0.00932056 0.02199869 0.02917718 0.00130885 0.01225269 0.17560790
28 0.06251273 0.04471032 0.04843042 0.12515206 0.00606786 0.07074673 0.31385914 0.03275981 0.02222851 0.01611731 0.02615101 0.07936184 0.00688754 0.01250521 0.01108460 0.03983922 0.03144231 0.00564145 0.01117661 0.03332531
29 0.04425062 0.00479358 0.00511607 0.00103098 0.01193671 0.00974222 0.00150868 0.00475164 0.00271080 0.31002315 0.13756907 0.00818782 0.04369862 0.02422231 0.00364026 0.01102911 0.03204112 0.00056127 0.00647180 0.33671416
30 0.04281772 0.11582305 0.03689452 0.09114374 0.00827930 0.06099433 0.21686210 0.01695591 0.02345101 0.05001192 0.03655232 0.11948705 0.01228301 0.01438081 0.01551381 0.04684412 0.03398621 0.00383167 0.00968349 0.04420392
31 0.11181598 0.01094110 0.03564170 0.03641319 0.01448900 0.01846200 0.02257880 0.51496293 0.02392940 0.02262940 0.01426260 0.01900270 0.00800142 0.01234620 0.00902191 0.07641669 0.03135260 0.00156184 0.00529827 0.01087230
32 0.07352493 0.01634201 0.02064991 0.00900086 0.01436081 0.01572601 0.01717481 0.01120020 0.00936234 0.19450107 0.11779804 0.02308541 0.04031701 0.02519851 0.01381180 0.05055812 0.08320903 0.00448227 0.00996177 0.24973509
33 0.03053381 0.00844814 0.00532761 0.00125283 0.00735972 0.00762823 0.00674453 0.00660270 0.00247969 0.21187804 0.33339007 0.00553249 0.09038312 0.05376281 0.00636351 0.01678650 0.02288400 0.00041894 0.01279020 0.16943304
34 0.07094662 0.32837811 0.02106971 0.00971467 0.01008630 0.03315471 0.03442631 0.01556661 0.02551191 0.01196890 0.01148960 0.06463892 0.01536141 0.01257280 0.21433907 0.05946782 0.03036301 0.00330431 0.00809109 0.01954811
35 0.01972040 0.00718160 0.01961840 0.00729665 0.00960336 0.00365187 0.00587927 0.01281570 0.04300641 0.03128710 0.03173670 0.01355010 0.01485890 0.34090105 0.00246653 0.01937010 0.02039080 0.00881738 0.36107205 0.02677560
36 0.08142496 0.06166137 0.07525106 0.05740167 0.01188439 0.03038108 0.05651227 0.06273937 0.11143994 0.03142038 0.04420268 0.05237337 0.01864529 0.06020297 0.01519699 0.05774267 0.03672768 0.01366629 0.07730226 0.04382328
37 0.17169807 0.02750641 0.03872612 0.02494491 0.03004101 0.02710971 0.02695021 0.07397353 0.01365831 0.02925991 0.03411711 0.02910331 0.01509341 0.01519021 0.03122631 0.25881111 0.09423844 0.00658057 0.01468141 0.03708992
38 0.03165381 0.02192651 0.02048931 0.00796507 0.00884590 0.00781441 0.01471611 0.01120421 0.04532372 0.03091251 0.06200483 0.02620341 0.02151721 0.20863209 0.00472767 0.03430802 0.02392951 0.01968711 0.36516416 0.03297441
39 0.03420222 0.27487012 0.03050811 0.01872151 0.01338151 0.05227352 0.06678113 0.00985370 0.05942993 0.01675921 0.01143631 0.20538809 0.01101550 0.01927711 0.01569371 0.07135603 0.03504702 0.00339065 0.01579841 0.03481622
40 0.01980459 0.00721369 0.01965619 0.00721716 0.00980976 0.00363487 0.00576480 0.01273749 0.04298638 0.03164298 0.03319458 0.01336569 0.01521619 0.34066381 0.00256883 0.01917529 0.02022619 0.00918512 0.35864980 0.02728658
41 0.08826038 0.06686848 0.04441609 0.08244268 0.01614970 0.13486597 0.10231797 0.04151359 0.01840300 0.03471509 0.03924959 0.10497597 0.01666130 0.01866840 0.03309119 0.06262788 0.04201559 0.00435338 0.00998307 0.03842069
42 0.18758597 0.05309939 0.04479079 0.02810680 0.02424810 0.05468079 0.04273179 0.04335009 0.01833730 0.02674110 0.02048170 0.10627498 0.01346860 0.01432940 0.02400530 0.18729797 0.05427879 0.00715286 0.00939831 0.03963999
43 0.03043999 0.05235849 0.00974735 0.00361349 0.00399195 0.00668465 0.02860789 0.00411446 0.04095319 0.00629692 0.12386698 0.06071529 0.04371469 0.11131998 0.00468487 0.02443460 0.02336300 0.12504498 0.27105495 0.02499230
44 0.03963037 0.00509412 0.00663481 0.00254716 0.00893597 0.00996615 0.00670341 0.00494152 0.00440287 0.20544786 0.28617181 0.00845430 0.06317556 0.07098825 0.00679453 0.01801629 0.02900968 0.00128999 0.01558549 0.20620986
45 0.03825998 0.00547585 0.00972918 0.00591480 0.00945722 0.01072909 0.00611991 0.00969918 0.01229179 0.15274192 0.21677089 0.01374069 0.04173348 0.20188589 0.00367698 0.01856049 0.02281709 0.00259248 0.07723716 0.14056593
46 0.03688060 0.01364470 0.01156030 0.00715707 0.00679688 0.01262500 0.01527560 0.01165610 0.00828009 0.15412999 0.33270198 0.01548390 0.08340910 0.06971840 0.01086040 0.02734960 0.02701610 0.00514261 0.02602060 0.12429099
47 0.08861292 0.06645052 0.04418231 0.08185102 0.01627960 0.13446003 0.10154603 0.04272201 0.01841950 0.03449921 0.03920511 0.10439003 0.01659330 0.01866340 0.03423431 0.06342272 0.04253831 0.00455586 0.00933368 0.03804011
48 0.13101283 0.01133649 0.01424878 0.00578869 0.01737358 0.01959978 0.02022197 0.01693768 0.01210048 0.18539677 0.10876486 0.01885378 0.03465676 0.02695707 0.01655278 0.05407043 0.05098074 0.00466041 0.00914543 0.24134070
49 0.06905430 0.06864510 0.02180000 0.01289820 0.00929643 0.02579130 0.01815070 0.10631599 0.00834588 0.01472360 0.01792450 0.02950460 0.01423440 0.00917797 0.02077700 0.26692299 0.25893699 0.00311031 0.00622616 0.01816360
50 0.05440779 0.01995040 0.07630139 0.31120297 0.00533309 0.06517359 0.23789798 0.03388380 0.03261500 0.01632220 0.01426200 0.04567950 0.00137907 0.00162933 0.00273496 0.03577470 0.02871230 0.00292253 0.00159852 0.01221890
51 0.04506520 0.00560542 0.00557722 0.00131681 0.01186000 0.01012460 0.00194252 0.00486493 0.00302791 0.30144599 0.14603100 0.00875063 0.04461860 0.02786840 0.00408919 0.01233410 0.03232590 0.00063121 0.00721339 0.32530699
52 0.05431777 0.05443267 0.05868997 0.16955691 0.00844889 0.05858187 0.23564488 0.02673459 0.06462987 0.01715369 0.02471119 0.06551287 0.00610720 0.01311269 0.00956071 0.04490228 0.03002448 0.00780242 0.02036379 0.02971128
53 0.05329240 0.01194250 0.01149130 0.00821822 0.01149130 0.01444440 0.00956099 0.01471190 0.00698672 0.24581500 0.17861800 0.01515950 0.05327970 0.04139590 0.00834556 0.02685990 0.03401880 0.00200660 0.01409130 0.23827000
54 0.18510908 0.02660491 0.16007407 0.05403002 0.01215311 0.03060631 0.05232592 0.09316244 0.03734882 0.02400291 0.02765491 0.03876052 0.01428951 0.01478201 0.02006771 0.10631305 0.05210862 0.00601357 0.01127810 0.03331441
55 0.27370901 0.02383950 0.02632350 0.01878980 0.03167290 0.03081590 0.03433270 0.10071100 0.01687540 0.04354970 0.03699570 0.02474770 0.01614270 0.02029380 0.02317510 0.14857300 0.06086110 0.00628467 0.01094990 0.05135690
56 0.04151433 0.00317652 0.00412366 0.00095727 0.01089371 0.00991494 0.00240360 0.00441317 0.00247091 0.27216817 0.20770513 0.00577333 0.05352613 0.04467783 0.00383839 0.01178231 0.02998942 0.00036204 0.00987497 0.28043417
57 0.17308695 0.02743239 0.03776849 0.02453579 0.03040069 0.02672059 0.02659149 0.07428338 0.01368180 0.02892619 0.03384029 0.02890359 0.01473070 0.01481350 0.03043699 0.26111492 0.09356917 0.00667439 0.01491720 0.03757149
58 0.08220801 0.01990813 0.02521143 0.01094291 0.01604542 0.01769962 0.02136883 0.01421932 0.01129612 0.15609221 0.10815414 0.02740824 0.03977085 0.02424483 0.01718732 0.06843639 0.11243215 0.00548008 0.01076771 0.21112628
59 0.03129213 0.01324151 0.01001561 0.00124365 0.00777981 0.00737849 0.00664781 0.00948521 0.00276091 0.23265222 0.28608227 0.00545596 0.11695211 0.02485782 0.00848142 0.01968322 0.02727113 0.00092915 0.01043841 0.17735117
60 0.05115946 0.13585290 0.04826957 0.04751077 0.00853476 0.07642255 0.09060884 0.02926268 0.02217778 0.02678648 0.03068118 0.21017285 0.01639379 0.02757138 0.02218598 0.05052376 0.04123937 0.00779662 0.02001209 0.03683717
61 0.04692648 0.01692319 0.01938869 0.00468169 0.01813199 0.01480979 0.00971437 0.01294809 0.02023119 0.08904146 0.15428793 0.02323149 0.10201296 0.14600194 0.00903778 0.03833008 0.07935107 0.04024178 0.06337877 0.09132926
62 0.04221561 0.17102903 0.03786181 0.02956490 0.00630629 0.13692702 0.09745541 0.01923610 0.01387040 0.01136450 0.01829230 0.27900704 0.01136090 0.01578200 0.01218090 0.04075071 0.03544211 0.00214260 0.00591226 0.01329810
63 0.05298022 0.01235870 0.01142760 0.00845850 0.01138650 0.01437131 0.00968051 0.01566591 0.00718562 0.24444609 0.17861307 0.01549471 0.05333472 0.04178842 0.00830727 0.02694331 0.03392741 0.00169813 0.01429491 0.23763709
64 0.06278811 0.03316630 0.23711804 0.09270231 0.00985806 0.03689061 0.05794051 0.06242881 0.03675411 0.02500600 0.03057100 0.06143671 0.01887490 0.02042490 0.02091100 0.08555351 0.04468061 0.00616559 0.01779070 0.03893821
65 0.09435360 0.01900580 0.17258500 0.03459940 0.00745495 0.01639410 0.02631360 0.02192340 0.11437300 0.03268220 0.11727900 0.02364230 0.02960790 0.01425420 0.01967800 0.06289880 0.11080000 0.00572955 0.01705740 0.05936780
66 0.06341992 0.04476382 0.04857902 0.12492004 0.00583064 0.06922422 0.31678411 0.03272181 0.02216151 0.01598481 0.02542711 0.07810823 0.00684564 0.01240950 0.01191340 0.03981001 0.03144831 0.00547517 0.01095870 0.03321401
67 0.05523584 0.02090651 0.07393315 0.30024921 0.00504226 0.06555295 0.24574117 0.03464692 0.03176962 0.01592321 0.01440441 0.04679773 0.00158023 0.00179809 0.00311069 0.03653723 0.02876872 0.00285090 0.00185404 0.01329711
68 0.35444406 0.00221810 0.00893821 0.00143210 0.10067502 0.01687450 0.00427794 0.05808591 0.00483064 0.01766900 0.00810927 0.00537224 0.00372723 0.00369550 0.01638610 0.30484706 0.06144741 0.00088109 0.00496290 0.02112570
69 0.10677102 0.03476691 0.03513691 0.02451950 0.02063720 0.02998911 0.03406391 0.04942261 0.01474770 0.05263391 0.05492571 0.03846831 0.03089261 0.02278830 0.02903351 0.15255103 0.17563304 0.00886180 0.01731260 0.06684431
70 0.04166179 0.00470394 0.00631627 0.00094916 0.01105640 0.00933646 0.00242468 0.00517598 0.00236766 0.27984893 0.18958995 0.00564421 0.06202888 0.03214939 0.00540463 0.01259080 0.03132469 0.00062497 0.00862030 0.28818092
71 0.03531507 0.21770284 0.03805797 0.02377678 0.00884217 0.11673991 0.08185534 0.01433489 0.01736219 0.00955224 0.01144759 0.26826680 0.01033179 0.01356069 0.01453129 0.05835176 0.03987597 0.00113678 0.00559353 0.01336439
72 0.05165208 0.02126929 0.08139747 0.28267590 0.00669817 0.09872046 0.15778594 0.04981828 0.02838499 0.01790059 0.01769799 0.05950798 0.00236153 0.00522105 0.00721549 0.06415068 0.02697719 0.00292568 0.00315415 0.01448509
73 0.06363633 0.04472512 0.04825582 0.12573305 0.00588826 0.07002813 0.31373913 0.03346271 0.02250491 0.01617031 0.02653401 0.07651243 0.00703625 0.01242661 0.01162050 0.03994292 0.03106441 0.00564678 0.01180670 0.03326561
74 0.05991226 0.05354645 0.04667795 0.13034013 0.00813300 0.10791411 0.23294223 0.02713693 0.02244912 0.01544232 0.02026772 0.10294510 0.00426413 0.00910252 0.01565022 0.07394807 0.03412473 0.00332258 0.00633532 0.02554513
75 0.03835098 0.00551035 0.00973905 0.00586651 0.00945731 0.01041919 0.00596212 0.00969412 0.01243609 0.15247592 0.21801189 0.01376919 0.04173938 0.20108190 0.00379462 0.01864439 0.02310089 0.00277222 0.07694796 0.14022593
76 0.27080786 0.02453579 0.02797259 0.01896779 0.03048968 0.03131348 0.03511158 0.10018595 0.01768719 0.04482648 0.03785608 0.02494389 0.01676049 0.02077659 0.02256919 0.14407492 0.06095127 0.00651263 0.01090219 0.05275437
77 0.05385432 0.01203190 0.02260001 0.01080470 0.01006070 0.01453770 0.01486770 0.01403120 0.01197170 0.13800004 0.26091608 0.01535580 0.06892812 0.04919042 0.01904271 0.05076822 0.07700142 0.00392429 0.01718691 0.13492604
78 0.05839622 0.02823841 0.07435753 0.23973909 0.00789193 0.11226504 0.14069505 0.04989432 0.02501091 0.01834001 0.01981761 0.06835793 0.00403280 0.00700789 0.01103490 0.07961733 0.03090971 0.00297131 0.00403548 0.01738651
79 0.32981713 0.00459444 0.01598621 0.00338657 0.04808842 0.01411521 0.01306451 0.09786714 0.00780965 0.01616411 0.01332591 0.00760816 0.00675871 0.00535661 0.00857455 0.26826811 0.10388804 0.00209765 0.00770886 0.02552001
80 0.35438985 0.00226315 0.00897204 0.00141638 0.10082096 0.01683719 0.00409723 0.05767248 0.00491516 0.01794879 0.00822380 0.00537936 0.00369656 0.00390983 0.01683179 0.30448588 0.06117667 0.00109520 0.00492810 0.02093959
81 0.04023991 0.10644303 0.03268471 0.06127992 0.00749357 0.08739403 0.21735607 0.01734971 0.01737061 0.01356110 0.01914861 0.22534407 0.00545678 0.02456481 0.01307290 0.03849211 0.03057011 0.00568105 0.01245830 0.02403861
82 0.06181022 0.02344001 0.01699650 0.00920054 0.01194560 0.01339910 0.00861847 0.01080670 0.00994791 0.21328206 0.13671004 0.02914731 0.03977931 0.03446931 0.01673250 0.07485242 0.04477961 0.00212630 0.01091700 0.23103906
83 0.02165549 0.02730758 0.00550900 0.00295775 0.00442615 0.00652381 0.01968289 0.00324967 0.02723188 0.05873076 0.23567984 0.04402627 0.04629077 0.17076588 0.00275050 0.01398379 0.01633859 0.03628418 0.18936087 0.06724435
84 0.05347600 0.13602800 0.04285320 0.05246380 0.00761239 0.14727700 0.10106000 0.02690570 0.01500740 0.01522900 0.02368650 0.22623700 0.01145390 0.01546380 0.01940540 0.04554140 0.03456750 0.00283294 0.00661946 0.01627960
85 0.05717332 0.02265041 0.06869303 0.27757211 0.00447645 0.06541423 0.27496411 0.03329281 0.02984601 0.01482471 0.01399381 0.04648992 0.00157063 0.00194594 0.00332854 0.03557791 0.02857031 0.00280380 0.00190123 0.01491071
86 0.03916366 0.00524482 0.00673071 0.00247081 0.00889752 0.00987248 0.00651262 0.00489824 0.00440162 0.20538182 0.28734274 0.00852380 0.06347524 0.07136784 0.00654297 0.01778788 0.02855057 0.00135825 0.01587659 0.20559981
87 0.04443656 0.00451642 0.00498762 0.00103986 0.01200149 0.00986869 0.00153642 0.00475557 0.00265038 0.30962570 0.13819887 0.00810941 0.04367676 0.02450308 0.00360077 0.01104049 0.03207077 0.00054113 0.00656636 0.33627368
88 0.05083820 0.27018902 0.03075600 0.01854260 0.01398120 0.04223980 0.04897720 0.02125330 0.03011040 0.02294070 0.01736820 0.11383701 0.01586050 0.01604650 0.03728850 0.12576901 0.06754011 0.00862961 0.01142500 0.03640710
89 0.17140012 0.02740032 0.03741993 0.02341102 0.02980732 0.02733492 0.02663812 0.07312455 0.01355731 0.03007482 0.03414442 0.02957462 0.01518251 0.01515111 0.03208432 0.25874318 0.09519706 0.00638032 0.01519631 0.03817773
90 0.03618179 0.01872950 0.13684197 0.30264292 0.00847709 0.06469648 0.13074397 0.08177528 0.02915659 0.01621770 0.01463730 0.05500409 0.00319939 0.00713864 0.00790467 0.03987099 0.02453869 0.00380560 0.00405686 0.01438050
91 0.05987680 0.01489540 0.01582410 0.00775836 0.01254780 0.01507130 0.01644400 0.00974341 0.00939835 0.22634700 0.14572200 0.01994070 0.04275040 0.03886990 0.01010310 0.03228110 0.04017300 0.00372257 0.01417370 0.26435700
92 0.03751431 0.01341590 0.01221720 0.00749095 0.00702634 0.01272220 0.01528240 0.01138620 0.00854552 0.15457603 0.33182807 0.01520090 0.08243842 0.06925241 0.01075690 0.02746751 0.02710231 0.00496409 0.02570031 0.12511203
93 0.05133793 0.13721809 0.04687323 0.04648003 0.00879372 0.07578605 0.08993676 0.02808852 0.02217141 0.02795142 0.03230662 0.20867713 0.01634451 0.02781372 0.02326661 0.05043823 0.04139173 0.00756527 0.01935631 0.03820272
94 0.04167311 0.00284036 0.00399669 0.00075163 0.01130940 0.00975612 0.00184584 0.00438578 0.00214713 0.28686104 0.18896603 0.00535600 0.05121781 0.03737561 0.00346944 0.01067650 0.03046600 0.00032083 0.00852964 0.29805504
95 0.06445340 0.03295520 0.23569900 0.09173350 0.00999041 0.03699060 0.05935720 0.06327250 0.03741050 0.02423940 0.03069810 0.06083650 0.01899430 0.02062590 0.01979480 0.08553950 0.04516880 0.00602681 0.01794030 0.03827330
96 0.05166540 0.13695200 0.04713180 0.04701230 0.00843381 0.07625580 0.09130260 0.02756760 0.02191490 0.02678870 0.03119000 0.20922399 0.01637960 0.02725660 0.02280990 0.05062520 0.04122110 0.00797542 0.02051470 0.03777860
97 0.04149343 0.00285230 0.00403576 0.00076476 0.01130571 0.00961776 0.00180585 0.00442199 0.00231764 0.28585921 0.19043814 0.00528145 0.05170684 0.03753053 0.00349099 0.01073601 0.03051092 0.00033086 0.00862663 0.29687322
98 0.03805089 0.01277380 0.01144350 0.00705556 0.00702925 0.01260270 0.01458820 0.01116250 0.00823503 0.15525396 0.33272692 0.01499800 0.08260178 0.06948158 0.01058430 0.02742109 0.02766829 0.00465471 0.02518399 0.12648397
99 0.05742352 0.01759301 0.37249816 0.04112192 0.00930196 0.02170261 0.02160301 0.03739212 0.02682851 0.01346051 0.02165161 0.05822483 0.01665781 0.01023150 0.01904691 0.15345907 0.05131232 0.00392507 0.00719044 0.03937512
100 0.03569470 0.09145680 0.02721150 0.04496510 0.00666206 0.08721460 0.26888301 0.01324510 0.01394320 0.01185920 0.01653750 0.23718701 0.00377692 0.02786590 0.01366480 0.03432830 0.02593280 0.00457279 0.01174920 0.02324950
101 0.06323989 0.04529990 0.04821790 0.12477599 0.00589773 0.07033719 0.31558797 0.03246820 0.02201140 0.01558530 0.02563940 0.07830589 0.00702611 0.01210240 0.01176110 0.04007360 0.03159030 0.00549474 0.01083390 0.03375110
102 0.05731661 0.13624903 0.04120601 0.02945481 0.01078060 0.06843762 0.06828662 0.01846550 0.01894130 0.02972831 0.02165141 0.22258106 0.01803930 0.01840980 0.02661291 0.06019142 0.09348272 0.00639287 0.00979448 0.04397761
103 0.03690209 0.01347240 0.01112330 0.00706624 0.00694189 0.01240750 0.01482200 0.01131400 0.00823201 0.15519495 0.33254690 0.01521300 0.08316737 0.06912308 0.01087000 0.02728059 0.02726069 0.00502047 0.02633059 0.12571096
104 0.26479397 0.00535662 0.01853120 0.00782842 0.06306749 0.01192600 0.00953794 0.21705798 0.01104160 0.01659140 0.01140630 0.00764254 0.00657484 0.00557264 0.01172250 0.25109697 0.05922819 0.00128870 0.00423150 0.01550320
105 0.24436906 0.01959590 0.03624541 0.07127392 0.00911939 0.04651021 0.17416904 0.09710212 0.01581290 0.01395790 0.01610110 0.04322451 0.00760925 0.01087030 0.00964988 0.06880842 0.06436872 0.00957855 0.00511998 0.03651341
106 0.05771601 0.02230380 0.06874741 0.27825706 0.00444783 0.06509971 0.27456406 0.03367511 0.02995881 0.01477210 0.01384730 0.04548301 0.00164263 0.00198732 0.00338718 0.03558381 0.02872071 0.00284448 0.00200375 0.01495790
107 0.05265208 0.01194980 0.01193320 0.00921107 0.01146320 0.01428850 0.00999306 0.01571120 0.00700599 0.24378592 0.17944694 0.01541630 0.05358338 0.04123029 0.00857150 0.02729739 0.03385819 0.00164079 0.01410330 0.23685793
108 0.06756072 0.04393241 0.02404131 0.01687821 0.00974840 0.01503430 0.02954321 0.01330490 0.02705931 0.01458260 0.04753031 0.03740661 0.03664801 0.09219883 0.01152720 0.06084632 0.04715861 0.29910809 0.07113722 0.03475341
109 0.04320351 0.00284667 0.00477800 0.00060735 0.01179470 0.00953477 0.00126587 0.00465888 0.00210506 0.30312404 0.15673302 0.00516527 0.05100841 0.02671360 0.00394123 0.00981483 0.03183370 0.00043596 0.00693008 0.32350504
110 0.04980038 0.03180949 0.02397349 0.00558720 0.01551169 0.01725109 0.01309599 0.01843539 0.01133230 0.13767094 0.23349891 0.02411199 0.12154995 0.04461158 0.01553139 0.03812538 0.04864228 0.01172100 0.02601159 0.11172796
111 0.06793682 0.01849571 0.16077205 0.03958171 0.00871262 0.02157701 0.02821681 0.04083121 0.02943341 0.04655192 0.12737204 0.02887311 0.04362611 0.01192440 0.03594481 0.14655505 0.07166032 0.00419035 0.00963700 0.05810752
112 0.09165775 0.03270858 0.04684707 0.01638689 0.00803886 0.03300238 0.03459128 0.02882828 0.07926806 0.05181527 0.16200091 0.03439898 0.03350858 0.02213659 0.09716505 0.06565436 0.05664397 0.00863399 0.02945178 0.06726136
113 0.17223403 0.02685810 0.03811921 0.02415910 0.02978671 0.02590330 0.02645800 0.07481071 0.01354890 0.02907461 0.03423731 0.02874271 0.01466160 0.01531570 0.03081421 0.26003805 0.09506602 0.00717162 0.01473620 0.03826391
114 0.08981426 0.06669244 0.04389963 0.07997435 0.01643841 0.13489709 0.10159507 0.04208813 0.01835271 0.03520952 0.03954073 0.10421007 0.01612881 0.01892871 0.03379402 0.06381924 0.04204793 0.00455034 0.00928123 0.03873732
115 0.05773988 0.01576130 0.01547400 0.00795423 0.01284240 0.01462310 0.01665350 0.00977889 0.00913079 0.22753194 0.14658396 0.01999449 0.04280039 0.03894489 0.01003720 0.03192169 0.03989729 0.00363896 0.01383820 0.26485293
116 0.12539605 0.02591051 0.02632611 0.01008990 0.09047714 0.03226521 0.01547201 0.03027631 0.02382221 0.04253442 0.04563592 0.02560941 0.02762151 0.12169005 0.02400261 0.13917006 0.05080542 0.02104371 0.07219813 0.04965332
117 0.08925797 0.06596288 0.04381249 0.08138238 0.01658980 0.13497796 0.10182597 0.04314839 0.01817659 0.03480239 0.03997859 0.10351797 0.01614880 0.01877529 0.03336259 0.06313968 0.04245229 0.00433472 0.00952867 0.03882459
118 0.13686908 0.01655271 0.02642152 0.00875541 0.01666111 0.01515371 0.01666991 0.25535315 0.01726801 0.02842692 0.03834172 0.01626841 0.08049335 0.01372921 0.01547431 0.11314207 0.14991609 0.00493080 0.00688511 0.02268741
119 0.03708440 0.01350510 0.01201360 0.00715160 0.00701106 0.01242420 0.01516730 0.01125790 0.00835313 0.15542102 0.33126904 0.01564410 0.08334581 0.06872551 0.01058670 0.02677210 0.02748810 0.00473539 0.02528890 0.12675502
120 0.27294005 0.02548460 0.02684370 0.01920220 0.03084371 0.03142781 0.03460281 0.10037702 0.01748610 0.04445041 0.03733131 0.02539130 0.01675180 0.02109540 0.02243330 0.14368903 0.06003881 0.00634152 0.01133730 0.05193181
121 0.27315089 0.02484719 0.02805739 0.01914709 0.03071069 0.03141879 0.03506709 0.09907036 0.01720079 0.04377888 0.03683198 0.02555879 0.01693549 0.02047769 0.02374729 0.14473594 0.05994828 0.00673621 0.01115340 0.05142578
122 0.09170620 0.02937620 0.06919890 0.11614100 0.00956182 0.08333220 0.05193970 0.30582500 0.01787930 0.01519880 0.01550160 0.05766500 0.00637216 0.01682630 0.01499780 0.05360390 0.02480340 0.00236837 0.00633634 0.01136600
123 0.08647219 0.02695080 0.02779780 0.01530240 0.01651060 0.01830140 0.01211410 0.02606080 0.01010990 0.14901798 0.08726179 0.02920540 0.03471740 0.01986410 0.02245540 0.15968998 0.12371298 0.00338934 0.01222470 0.11884098
124 0.04178420 0.00414200 0.00584350 0.00086260 0.01120120 0.00942020 0.00209984 0.00509769 0.00229520 0.28853202 0.17864401 0.00556669 0.05859090 0.03003370 0.00481626 0.01177940 0.03137020 0.00053453 0.00810582 0.29928002
125 0.04341722 0.00373452 0.00581302 0.00204154 0.01076220 0.01058530 0.00407708 0.00474251 0.00407077 0.25468509 0.21064608 0.00738791 0.05206622 0.04852732 0.00510923 0.01476811 0.03224411 0.00101585 0.01156380 0.27274210
126 0.06201803 0.01531841 0.02813852 0.00545710 0.10873906 0.04744603 0.01030821 0.01682201 0.01069091 0.07849314 0.08524385 0.02041521 0.15700009 0.03173642 0.01565321 0.05809873 0.12597307 0.00964636 0.01469761 0.09810405
127 0.09711146 0.02390949 0.21738592 0.04642918 0.01381149 0.02687679 0.03028889 0.06265628 0.02364589 0.01975149 0.02640509 0.04747998 0.01644999 0.01164450 0.02725559 0.19494193 0.06221338 0.00503763 0.00935704 0.03734799
128 0.06367327 0.03307089 0.23505690 0.09351366 0.01027900 0.03702748 0.05857147 0.06259327 0.03782778 0.02530319 0.03000309 0.06071977 0.01840499 0.02067869 0.01948209 0.08509566 0.04485828 0.00616194 0.01863859 0.03903998
129 0.03177878 0.00849349 0.00592619 0.00185969 0.00718108 0.00819899 0.00750393 0.00685912 0.00295293 0.20215390 0.33692283 0.00661019 0.08892496 0.05952457 0.00700930 0.01810629 0.02337349 0.00054338 0.01368899 0.16238792
130 0.08047021 0.00862777 0.01111770 0.00512966 0.04868291 0.02201920 0.00738380 0.00983075 0.00692451 0.21782403 0.11755402 0.01169450 0.04387631 0.02836510 0.01346000 0.04422001 0.04684631 0.00265404 0.00992312 0.26339604
131 0.06095223 0.29732415 0.03079712 0.02449531 0.00980954 0.05206343 0.05416353 0.01888131 0.03099972 0.02337231 0.02762381 0.14565307 0.02610751 0.01867471 0.03020511 0.05239423 0.03624172 0.00966857 0.01854951 0.03202312
132 0.03908411 0.00520568 0.00656417 0.00250513 0.00899655 0.00983299 0.00653804 0.00495550 0.00426168 0.20610206 0.28621509 0.00848735 0.06346372 0.07092302 0.00650665 0.01803711 0.02873831 0.00133986 0.01562290 0.20662006
133 0.04839981 0.02625021 0.09142732 0.28050506 0.00727066 0.06645081 0.16155304 0.06718341 0.02946961 0.01863980 0.01805850 0.05667141 0.00430034 0.01021380 0.00903942 0.04650671 0.02912931 0.00433797 0.00681839 0.01777440
134 0.06209275 0.00697231 0.00716526 0.00256615 0.00888378 0.01159239 0.00778005 0.00501621 0.01283609 0.16448487 0.25671180 0.01373229 0.04770476 0.08836423 0.00557000 0.03003208 0.03298057 0.00659986 0.04763766 0.18127686
135 0.10200003 0.01003870 0.01606340 0.00708125 0.00994078 0.02265241 0.01452480 0.01831800 0.01722260 0.14132004 0.25313006 0.01659880 0.05148051 0.06099612 0.01261030 0.04671791 0.03932901 0.00376862 0.01796160 0.13824503
136 0.03123999 0.02201739 0.02087579 0.00854964 0.00867594 0.00825393 0.01590899 0.01101689 0.04614668 0.02971389 0.06122357 0.02646329 0.02132239 0.20661790 0.00526686 0.03392568 0.02414129 0.02044539 0.36550183 0.03269268
137 0.03696199 0.01368220 0.01157920 0.00719215 0.00691756 0.01247470 0.01528230 0.01141420 0.00841790 0.15501695 0.33210889 0.01541910 0.08284067 0.06912068 0.01071030 0.02756559 0.02707219 0.00476211 0.02507539 0.12638596
138 0.04300479 0.01637199 0.01868569 0.01008560 0.01001840 0.01279380 0.01400180 0.02154959 0.02861869 0.07493478 0.12972196 0.02677519 0.03056249 0.24951492 0.00708382 0.02677819 0.02480549 0.01770689 0.16421495 0.07277098
139 0.11185006 0.01071511 0.03579102 0.03722532 0.01437101 0.01831411 0.02282011 0.51515629 0.02420621 0.02337971 0.01528901 0.01848691 0.00827877 0.01268381 0.00927760 0.07421584 0.03073752 0.00162867 0.00479320 0.01077971
140 0.03315908 0.00270536 0.00246391 0.00249153 0.00726235 0.00968220 0.00586793 0.00240257 0.00254977 0.16299592 0.34595683 0.01069599 0.05514697 0.14168493 0.00247694 0.01442949 0.02020149 0.00087393 0.02311389 0.15383893
141 0.18913801 0.08433350 0.01921870 0.01171950 0.03096390 0.10695300 0.01843830 0.02196570 0.01912340 0.06172630 0.04591490 0.06749330 0.09253500 0.02285880 0.02562800 0.05374290 0.05609570 0.00642245 0.00855891 0.05716970
142 0.05842232 0.01518981 0.01573601 0.00851411 0.01284350 0.01522331 0.01694711 0.00994251 0.00938451 0.22568208 0.14549905 0.02020641 0.04297192 0.03865321 0.01012560 0.03236931 0.03968311 0.00365601 0.01448301 0.26446710
143 0.11166902 0.01100220 0.03574931 0.03707411 0.01429840 0.01857110 0.02295120 0.51287408 0.02397610 0.02271550 0.01525500 0.01862240 0.00830677 0.01280390 0.00909530 0.07603881 0.03090760 0.00171643 0.00526454 0.01110820
144 0.24231197 0.03764579 0.03687169 0.02057760 0.02929030 0.04806109 0.03701859 0.04989039 0.01795360 0.02686060 0.01992850 0.08435369 0.01271430 0.01303950 0.02134660 0.19205297 0.05582289 0.00686179 0.00835705 0.03904109
145 0.32439288 0.00459619 0.02509699 0.00577484 0.02854899 0.00932290 0.01612319 0.19855892 0.00973733 0.01115180 0.01053610 0.00558629 0.00542679 0.00716309 0.01035470 0.24775891 0.06213148 0.00117419 0.00263146 0.01393299
146 0.03781143 0.00404378 0.00432023 0.00121745 0.00948762 0.00921326 0.00387379 0.00437811 0.00256997 0.23617120 0.26768923 0.00602352 0.06276355 0.06034055 0.00464203 0.01385541 0.02721332 0.00036521 0.01229111 0.23172920
147 0.30575404 0.00614235 0.01806190 0.00598607 0.05044201 0.01493330 0.01030680 0.08599421 0.00810392 0.01699920 0.01519390 0.00925935 0.00583281 0.00547096 0.01624240 0.32416404 0.06701071 0.00243003 0.00789359 0.02377840
148 0.08882733 0.02114411 0.04860472 0.10670204 0.00805014 0.04669982 0.13902505 0.14830505 0.02258091 0.06600202 0.06500742 0.04399462 0.02213291 0.01343880 0.01752801 0.06257922 0.03513231 0.00429310 0.01065280 0.02929961
149 0.03528598 0.00702957 0.00533568 0.00120695 0.00879389 0.00879554 0.00514013 0.00640321 0.00261250 0.24082889 0.27701688 0.00578436 0.07777767 0.04542448 0.00569375 0.01546399 0.02613899 0.00037776 0.01087090 0.21401890
150 0.02325908 0.01353949 0.00791219 0.00113430 0.00554023 0.00528778 0.00866276 0.00926684 0.00220546 0.19320984 0.37493369 0.00433326 0.12781589 0.03727527 0.00897040 0.01970208 0.02125028 0.00048306 0.01206919 0.12314890
151 0.03324529 0.05970298 0.02217409 0.01271410 0.00591131 0.05972228 0.03149069 0.01665889 0.00995071 0.01151390 0.01932929 0.09353577 0.00718236 0.01057710 0.45158286 0.06832678 0.06183748 0.00263643 0.00537570 0.01653199
152 0.06128187 0.29863685 0.02930219 0.02449709 0.00983821 0.05219207 0.05469317 0.01907039 0.03025738 0.02278999 0.02736359 0.14512593 0.02600789 0.01913229 0.03206548 0.05287437 0.03675278 0.00824219 0.01770459 0.03217168
153 0.07058069 0.04806109 0.02678789 0.01259750 0.01074880 0.04665909 0.01892990 0.02778189 0.00967645 0.02218180 0.03246169 0.04262329 0.01492510 0.01134220 0.42167991 0.08765718 0.05848549 0.00385943 0.00567713 0.02728349
154 0.04260115 0.01643282 0.01872922 0.01012561 0.01018321 0.01285451 0.01420102 0.02080012 0.02812033 0.07456218 0.13023314 0.02698873 0.03079973 0.24846027 0.00696954 0.02673423 0.02498753 0.01720282 0.16620518 0.07280868
155 0.28627485 0.00716548 0.02182429 0.00735739 0.03318378 0.01472939 0.01256439 0.16143691 0.01472159 0.04480378 0.02245369 0.00882325 0.01102349 0.00997201 0.02174659 0.23284187 0.05559817 0.00218985 0.00607725 0.02521199
156 0.06263009 0.03335139 0.23407496 0.09312288 0.00971214 0.03748839 0.05985729 0.06255919 0.03641019 0.02509990 0.03097839 0.06146389 0.01889240 0.02046630 0.02048080 0.08503668 0.04478729 0.00591805 0.01801240 0.03965739
157 0.02943752 0.00798643 0.00780282 0.00154018 0.00702002 0.00685961 0.00712046 0.00585016 0.00274521 0.18359815 0.35038828 0.00632311 0.09630398 0.06381135 0.00779147 0.01745271 0.02472332 0.00104360 0.01548951 0.15671213
158 0.02406490 0.00735978 0.02818250 0.03105001 0.00992729 0.00817144 0.00774587 0.02780900 0.03470291 0.04241541 0.02649080 0.01884180 0.01352860 0.33330106 0.00366578 0.02406030 0.01903680 0.00731117 0.30298605 0.02934850
159 0.04355909 0.00345231 0.00440876 0.00059448 0.01204770 0.00962432 0.00084534 0.00455365 0.00216574 0.31920895 0.13239598 0.00680239 0.04309299 0.02147500 0.00310130 0.00921508 0.03183240 0.00042983 0.00581775 0.34537695
160 0.03870009 0.13898396 0.09370608 0.06883568 0.00614023 0.12679497 0.07750218 0.03723749 0.01456840 0.01032030 0.01452540 0.24050894 0.00925271 0.01192340 0.00873636 0.05055329 0.03317189 0.00184357 0.00441069 0.01228440
161 0.03169510 0.02141340 0.02032780 0.00804977 0.00875975 0.00829424 0.01579900 0.01138570 0.04532430 0.03062580 0.06292870 0.02615890 0.02157110 0.20662100 0.00488164 0.03438970 0.02444810 0.02033180 0.36388500 0.03310920
162 0.03127021 0.02240871 0.02068331 0.00829881 0.00875394 0.00841844 0.01587741 0.01178431 0.04550412 0.02992411 0.06186453 0.02690711 0.02106021 0.20786909 0.00514567 0.03417152 0.02403661 0.02030761 0.36313216 0.03258211
163 0.28108363 0.01116329 0.04386814 0.05182383 0.00753959 0.02792036 0.10693986 0.22988070 0.01274178 0.00846851 0.00869761 0.01780218 0.00498518 0.01100819 0.00707356 0.09184308 0.05844882 0.00264746 0.00244285 0.01362138
164 0.04351766 0.00401185 0.00474496 0.00076927 0.01194549 0.00976473 0.00106202 0.00467854 0.00231589 0.31405469 0.13925886 0.00736618 0.04412086 0.02370998 0.00327311 0.00978471 0.03184367 0.00047439 0.00636451 0.33693866
165 0.03746230 0.02136380 0.11533199 0.25138898 0.00615488 0.06416920 0.08962909 0.21944898 0.01793650 0.00894016 0.00979632 0.06140080 0.00240162 0.01440460 0.00752533 0.03967900 0.01438390 0.00296085 0.00677650 0.00884521
166 0.03732024 0.01070261 0.00903555 0.00169652 0.00908265 0.00917729 0.00566012 0.00901435 0.00346619 0.24048228 0.25468430 0.00668452 0.09342541 0.03315764 0.00798710 0.01918032 0.02949273 0.00114190 0.01106301 0.20754524
167 0.20985123 0.00724771 0.02889903 0.01501112 0.01784082 0.01013471 0.01434562 0.29391632 0.01240731 0.01394752 0.01537002 0.00883852 0.00766796 0.00679567 0.01369251 0.24436127 0.06272997 0.00123419 0.00298880 0.01271971
168 0.04317221 0.00434993 0.00657552 0.00248469 0.01031630 0.01065170 0.00536837 0.00510227 0.00430569 0.23662308 0.23204008 0.00816196 0.05509742 0.05644632 0.00622354 0.01690331 0.03175181 0.00118390 0.01329280 0.24994908
169 0.09006585 0.06473463 0.04405682 0.08115444 0.01604361 0.13408807 0.10375005 0.04066752 0.01835751 0.03558542 0.04054702 0.10375105 0.01628871 0.01899041 0.03248622 0.06417603 0.04260592 0.00454115 0.00901465 0.03909492
170 0.02535911 0.02790191 0.00658520 0.00284098 0.00468184 0.00787882 0.01898641 0.00490264 0.02237611 0.08724364 0.29024914 0.03741282 0.06618683 0.10992305 0.00549233 0.01862171 0.01804581 0.03098762 0.13491307 0.07941094
171 0.06179271 0.29595104 0.02986980 0.02537400 0.01005220 0.05277661 0.05575901 0.01895200 0.03077600 0.02308190 0.02606840 0.14509902 0.02562250 0.01873810 0.03194190 0.05281691 0.03701881 0.00854336 0.01769130 0.03207440
172 0.03813211 0.00729949 0.00870364 0.00301346 0.00831175 0.00900145 0.00670459 0.00672764 0.00437547 0.20753707 0.29677110 0.00684548 0.07924703 0.05311072 0.00868501 0.02231871 0.03794231 0.00057690 0.01235400 0.18234206
173 0.04774789 0.02494769 0.09220858 0.28289094 0.00709517 0.06705129 0.16122696 0.06692479 0.02927059 0.01881000 0.01866120 0.05654829 0.00394504 0.00933505 0.00948588 0.04638219 0.02935029 0.00431627 0.00624941 0.01755250
174 0.06371411 0.04461990 0.04856950 0.12529001 0.00574588 0.07081901 0.31626403 0.03278290 0.02224390 0.01548110 0.02491610 0.07857931 0.00669763 0.01223060 0.01158570 0.03982520 0.03106100 0.00542739 0.01101100 0.03313570
175 0.05512273 0.02112621 0.07403904 0.29989215 0.00514646 0.06530393 0.24566713 0.03462132 0.03166252 0.01608761 0.01451641 0.04670982 0.00158093 0.00190814 0.00328678 0.03633502 0.02892851 0.00294998 0.00179450 0.01332081
176 0.04363483 0.03190122 0.08272696 0.17039812 0.01089021 0.03845493 0.05966854 0.05757874 0.01591181 0.02864132 0.03898793 0.04980494 0.01133741 0.01162681 0.12001909 0.10406807 0.06507575 0.00412587 0.00671572 0.04843173
177 0.05896711 0.01485010 0.01583160 0.00861459 0.01289830 0.01526450 0.01670830 0.00989448 0.00918007 0.22681103 0.14612002 0.02057320 0.04278171 0.03823340 0.01018430 0.03231650 0.03986750 0.00372014 0.01328910 0.26389403
178 0.24414611 0.00697065 0.00987451 0.00428233 0.12610306 0.03815672 0.00844042 0.02353931 0.00822726 0.07507543 0.04092772 0.01149681 0.02556251 0.01440371 0.03383892 0.13915806 0.05786113 0.00326638 0.00672690 0.12194205
179 0.04930499 0.03601610 0.04330390 0.10575799 0.00356827 0.10699299 0.40373796 0.02052360 0.01863230 0.01049080 0.01440490 0.08209989 0.00211494 0.00644780 0.00803268 0.02757280 0.01996300 0.00239128 0.00592534 0.03271850
