1 0.03937330 0.00443532 0.00583005 0.00303422 0.00943976 0.00759628 0.00424878 0.00592201 0.00470731 0.21355800 0.28149100 0.00790161 0.07908040 0.05704320 0.00701106 0.02020800 0.03459720 0.00204540 0.01406910 0.19840800
2 0.08200299 0.04844859 0.03543869 0.01286460 0.00620635 0.03661219 0.02002390 0.03379539 0.00874472 0.04572209 0.02805910 0.01958470 0.01815120 0.00854574 0.41776693 0.08312629 0.06044799 0.00267122 0.00458343 0.02720390
3 0.03331178 0.02395748 0.07929264 0.15320289 0.00403824 0.03171288 0.07197245 0.41683069 0.01831819 0.01102739 0.01249489 0.05382356 0.00330517 0.01169619 0.00530818 0.03633877 0.01740249 0.00174529 0.00328857 0.01093229
4 0.06238749 0.01260450 0.01422280 0.01170480 0.01260900 0.01514780 0.01348610 0.01117020 0.01077370 0.22094597 0.14945498 0.02098270 0.04578059 0.03935800 0.00987870 0.03667800 0.04807469 0.00424892 0.01508810 0.24540297
5 0.15627604 0.03812211 0.04620571 0.07132622 0.01045980 0.04224661 0.08256282 0.17544604 0.02077200 0.02542211 0.02348431 0.09260932 0.01124880 0.01572430 0.01736520 0.07345952 0.05052821 0.00538453 0.00732053 0.03403581
6 0.06779026 0.02505889 0.06364866 0.14025992 0.00862081 0.04516257 0.07477046 0.03146978 0.02890108 0.09631655 0.06714666 0.04713747 0.02274719 0.02292629 0.02253969 0.05594557 0.08991845 0.00527547 0.00861628 0.07574796
7 0.17088588 0.03281508 0.03679307 0.02510398 0.03325728 0.03138088 0.02861458 0.07017905 0.01748989 0.03329338 0.03033388 0.03070558 0.01789799 0.01702659 0.02855508 0.24255182 0.08907443 0.00591343 0.01586029 0.04226787
8 0.03938614 0.00402995 0.00412896 0.00335635 0.00936710 0.00800419 0.00496578 0.00632904 0.00441510 0.23703222 0.26154524 0.00822187 0.06459376 0.05753775 0.00537992 0.01815042 0.03321443 0.00121586 0.01425371 0.21487220
9 0.05113557 0.05630717 0.02671609 0.08475335 0.00474911 0.11844994 0.31659483 0.02547729 0.01915209 0.01176959 0.01202929 0.15356592 0.00388567 0.00779780 0.00702235 0.03285978 0.01978549 0.00433401 0.01242769 0.03118698
10 0.01683601 0.00871227 0.02095302 0.00493726 0.01087641 0.00478719 0.00744341 0.00971184 0.04369124 0.02259992 0.04878664 0.01275551 0.00493211 0.29050526 0.00172726 0.02076602 0.02253182 0.01026551 0.40808336 0.02909793
11 0.02390972 0.04800254 0.01677931 0.01156351 0.00881717 0.01434521 0.02577092 0.01013261 0.04002393 0.02325382 0.11114309 0.06563785 0.01945572 0.21121517 0.00288043 0.02184802 0.01818131 0.03571943 0.26335921 0.02796102
12 0.04060307 0.02273428 0.02099268 0.01199379 0.01144489 0.01296929 0.01546759 0.02321448 0.02771178 0.08043304 0.14511290 0.02645618 0.02954828 0.20628685 0.00532722 0.03014298 0.02726268 0.02157878 0.16777788 0.07294135
13 0.03866155 0.03228674 0.13555817 0.24540830 0.00900416 0.06548448 0.12475315 0.08202340 0.01909632 0.01488572 0.01447932 0.09329751 0.00505335 0.01278042 0.00524574 0.04927396 0.02525993 0.00222198 0.00441129 0.02081453
14 0.05301281 0.03285931 0.07215551 0.24803004 0.00738036 0.08152761 0.23523604 0.04722121 0.02277280 0.01502030 0.01302110 0.07555451 0.00183476 0.00481270 0.00231762 0.03977351 0.02316490 0.00119628 0.00466481 0.01844380
15 0.05678030 0.24368900 0.03654300 0.02941510 0.01159540 0.06526130 0.05111510 0.02424010 0.03244840 0.01900620 0.03311700 0.15830900 0.01876010 0.02635180 0.02757560 0.06064680 0.04489960 0.01305860 0.01901870 0.02816890
16 0.07442836 0.01793179 0.03602258 0.03221808 0.00705332 0.01398829 0.03600938 0.27814884 0.01984569 0.05422697 0.18049790 0.02669099 0.04197608 0.03504988 0.01753769 0.04443038 0.03379648 0.00300404 0.01181909 0.03532418
17 0.04772019 0.00264294 0.00493104 0.00248497 0.01024580 0.00913375 0.00162964 0.00491252 0.00487624 0.28488796 0.16429798 0.00927277 0.04775429 0.03332020 0.00499286 0.01693410 0.04357479 0.00150516 0.00894886 0.29593396
18 0.04919827 0.27824182 0.03522498 0.02109569 0.00529010 0.11473693 0.04624697 0.00555407 0.02143349 0.00950107 0.01769809 0.24947984 0.01910369 0.01467019 0.00732734 0.04488197 0.03632578 0.00090972 0.00763542 0.01544459
19 0.05983451 0.02569901 0.08610392 0.22867205 0.00745562 0.07185832 0.24218606 0.05252361 0.02563481 0.01750320 0.01914910 0.05291131 0.00332992 0.00602353 0.00558402 0.04072891 0.02626461 0.00175285 0.00652303 0.02026160
20 0.03239080 0.01321570 0.01141050 0.00556591 0.00486709 0.00888719 0.02075250 0.02081140 0.00684830 0.11118799 0.39579395 0.01022860 0.14204598 0.02909290 0.03623430 0.03059410 0.03804910 0.00184865 0.00810618 0.07206889
21 0.17270787 0.03248578 0.03683217 0.02433558 0.03385057 0.03122078 0.02855708 0.06914395 0.01719749 0.03277828 0.02981698 0.03040538 0.01751099 0.01723969 0.02866568 0.24484682 0.08814573 0.00628454 0.01646529 0.04150937
22 0.03587989 0.01464729 0.01106490 0.00828974 0.00787843 0.01043930 0.01551729 0.01505669 0.00987228 0.15454294 0.32814088 0.01778859 0.07939407 0.07400997 0.00940397 0.02446099 0.02904149 0.00547384 0.02656049 0.12253696
23 0.04937751 0.20336305 0.03230111 0.01901440 0.00635703 0.07669272 0.03096951 0.01010500 0.03145361 0.01769370 0.09846642 0.19688805 0.03534561 0.04042011 0.00738132 0.03822751 0.02548721 0.01739460 0.04328111 0.01978040
24 0.12296300 0.01802160 0.04404360 0.04796350 0.00918201 0.01795620 0.02770910 0.46622400 0.02174810 0.01469700 0.02051120 0.02550700 0.00748698 0.01769970 0.01114650 0.07568510 0.03259400 0.00216370 0.00458111 0.01211660
25 0.05515932 0.00945140 0.01148890 0.00926375 0.01098160 0.01339450 0.01012480 0.01233560 0.00792363 0.23625307 0.18215105 0.01597350 0.05076651 0.04552151 0.01299450 0.02967141 0.04274171 0.00241963 0.01514750 0.22623607
26 0.31663908 0.00778623 0.01256060 0.00704091 0.07926282 0.01805800 0.00905205 0.07400322 0.01227250 0.02705121 0.01325040 0.00918161 0.01558600 0.01044340 0.01258790 0.24495806 0.08369382 0.00285976 0.00659458 0.03711781
27 0.04522681 0.00695866 0.00904242 0.00353009 0.00938694 0.00940225 0.00524090 0.00763784 0.00562308 0.21964803 0.25150203 0.00973091 0.08364861 0.04736441 0.00956250 0.02441850 0.03963101 0.00249888 0.01162810 0.19831803
28 0.06639247 0.04355938 0.04702978 0.14252593 0.00645446 0.07988806 0.26679886 0.04243448 0.02334879 0.01913239 0.02781289 0.08223486 0.00646459 0.01289859 0.01253369 0.04642428 0.02801379 0.00460876 0.01277529 0.02866869
29 0.05048860 0.00287672 0.00509279 0.00224354 0.01010770 0.00921009 0.00093032 0.00494090 0.00507064 0.28801902 0.14901501 0.01094630 0.04671180 0.02659120 0.00536228 0.01776550 0.05023180 0.00160339 0.00687735 0.30591502
30 0.05166907 0.09909785 0.03748818 0.09547965 0.00790558 0.06950587 0.21917289 0.03045539 0.02626579 0.04274888 0.03381748 0.09513605 0.00955663 0.01506139 0.02196909 0.05886397 0.02832549 0.00423728 0.01889289 0.03435058
31 0.12097903 0.01821170 0.04445891 0.04936071 0.00914244 0.01789200 0.02756991 0.46677710 0.02181960 0.01483660 0.02029700 0.02604031 0.00741494 0.01755870 0.01143230 0.07501092 0.03232751 0.00191060 0.00475141 0.01220830
32 0.04457692 0.00337876 0.00522439 0.00350203 0.01048741 0.00878970 0.00334514 0.00499275 0.00546181 0.24889713 0.21796611 0.00846196 0.05662883 0.05098143 0.00539766 0.01883911 0.03892952 0.00181228 0.01380891 0.24851813
33 0.03564137 0.00446220 0.00352061 0.00308001 0.00891857 0.00695322 0.00545001 0.00654189 0.00373428 0.22274584 0.29655479 0.00768247 0.07087415 0.06332145 0.00506552 0.01772969 0.02945748 0.00107361 0.01479099 0.19240186
34 0.07737358 0.17531095 0.02953509 0.01211310 0.00677763 0.05393768 0.02940609 0.02852629 0.01657450 0.02787259 0.01616410 0.06443548 0.01631420 0.01061930 0.28422892 0.07931928 0.04456569 0.00291321 0.00879395 0.01521840
35 0.01778820 0.00874677 0.02137830 0.00533331 0.01107540 0.00492056 0.00865031 0.01084780 0.04263811 0.02665611 0.05477941 0.01298990 0.00578051 0.29860206 0.00177885 0.01969140 0.02190270 0.01091250 0.38409307 0.03143471
36 0.08211680 0.06424300 0.07907450 0.04843400 0.01128220 0.03122840 0.05310770 0.06073770 0.09573060 0.03328980 0.05318440 0.05248270 0.01992230 0.05766490 0.01347250 0.06559890 0.04482200 0.01792860 0.06905660 0.04662240
37 0.17070496 0.03229759 0.03753589 0.02593449 0.03317069 0.03151739 0.02907099 0.06923979 0.01719970 0.03341249 0.03103619 0.03088629 0.01763780 0.01725040 0.02804129 0.24215995 0.08850858 0.00609411 0.01631860 0.04198279
38 0.03030350 0.02293940 0.02522580 0.00905036 0.01082070 0.01096480 0.01693920 0.01140170 0.04250870 0.03287110 0.06972510 0.02455800 0.01214190 0.21768101 0.00409408 0.03564630 0.02602300 0.01590540 0.34375902 0.03744090
39 0.03711800 0.28235403 0.02852990 0.01860970 0.00815244 0.05967641 0.04999560 0.00770395 0.06149281 0.01420580 0.02081540 0.20004002 0.01091770 0.01821640 0.01033590 0.07516561 0.03703450 0.00413932 0.01900170 0.03649480
40 0.01775001 0.00898989 0.02125801 0.00521176 0.01093860 0.00495559 0.00879113 0.01101170 0.04254132 0.02608251 0.05499862 0.01338751 0.00599377 0.29743112 0.00171014 0.01972481 0.02186321 0.01170200 0.38445616 0.03120211
41 0.08052751 0.08152041 0.04343841 0.08710811 0.01030240 0.12174402 0.11179502 0.03726751 0.01945100 0.03311540 0.03227270 0.11437002 0.01770860 0.01839710 0.02769200 0.07039351 0.03897521 0.00403885 0.01227680 0.03760541
42 0.30779413 0.00620590 0.01805961 0.00619675 0.03688262 0.01844701 0.00922640 0.21940809 0.01817281 0.01234211 0.00723904 0.00526191 0.00673333 0.01287591 0.00776053 0.22478709 0.06179703 0.00165649 0.00281073 0.01634251
43 0.03492930 0.01254910 0.02050970 0.00652759 0.01196150 0.00917174 0.01118250 0.00924425 0.03270160 0.08980380 0.10990700 0.01686610 0.02327700 0.18718900 0.00369816 0.03073810 0.02805400 0.00973258 0.25008299 0.10187400
44 0.04074170 0.00426347 0.00515182 0.00372391 0.00996787 0.00801094 0.00460286 0.00566967 0.00518408 0.22603898 0.25975198 0.00886019 0.06320650 0.06171900 0.00564227 0.01959890 0.03455460 0.00204319 0.01613110 0.21513698
45 0.02740697 0.01303929 0.00822190 0.00562178 0.00817330 0.00593096 0.01457528 0.00956220 0.01199109 0.12626186 0.31372465 0.01871378 0.05600444 0.16361382 0.00311444 0.01831068 0.01752698 0.01059839 0.07188072 0.09572749
46 0.03599302 0.01562441 0.01126451 0.00894550 0.00788959 0.01014560 0.01579951 0.01531411 0.01046300 0.15294107 0.32668815 0.01841711 0.07921144 0.07379553 0.00953410 0.02429881 0.02867461 0.00600266 0.02728121 0.12171605
47 0.08076044 0.08060114 0.04311842 0.08566015 0.01045011 0.12110507 0.11032106 0.03790212 0.01946101 0.03436772 0.03332842 0.11355906 0.01772031 0.01889931 0.02693431 0.07127774 0.03948662 0.00391716 0.01166541 0.03946442
48 0.13136392 0.01002659 0.01297389 0.01112689 0.01761649 0.01702759 0.01229409 0.01740809 0.01219029 0.17928690 0.10922394 0.02159679 0.04056188 0.02754238 0.01968749 0.06510616 0.05825577 0.00422324 0.00971973 0.22276787
49 0.06144084 0.07786772 0.02964787 0.01555278 0.01338589 0.03042737 0.01708908 0.10903289 0.00986831 0.01429778 0.01500578 0.02438377 0.00892584 0.00901756 0.03011397 0.26185273 0.24186975 0.00391061 0.00655429 0.01975518
50 0.05746709 0.02054900 0.07903059 0.27612697 0.00733398 0.07540079 0.24831797 0.04823539 0.02491040 0.01501890 0.01280270 0.04921059 0.00100896 0.00217988 0.00139096 0.03684840 0.02332230 0.00086882 0.00314211 0.01683420
51 0.04811928 0.00297883 0.00480227 0.00251068 0.01020150 0.00921179 0.00179497 0.00489793 0.00495895 0.28458089 0.16381494 0.00968367 0.04753458 0.03330469 0.00490005 0.01694049 0.04365598 0.00152427 0.00870536 0.29587889
52 0.05592900 0.03052120 0.09054770 0.21762000 0.00786784 0.06172540 0.16241400 0.05951290 0.05554960 0.02231090 0.02692410 0.05083770 0.00713916 0.01377180 0.00970878 0.04447370 0.03717930 0.00779051 0.01210470 0.02607170
53 0.05571238 0.00977151 0.01174450 0.00952753 0.01078880 0.01361730 0.01019040 0.01149250 0.00819891 0.23518593 0.18279895 0.01645700 0.05051669 0.04541819 0.01382880 0.03005009 0.04279769 0.00231754 0.01475740 0.22482793
54 0.15567890 0.03915337 0.14512390 0.06462376 0.01386309 0.03543828 0.05419786 0.07253455 0.04223957 0.02750978 0.03080578 0.04322527 0.02199779 0.01917189 0.02610678 0.09677284 0.05751586 0.00604087 0.01519799 0.03280188
55 0.24861299 0.02453710 0.02606010 0.02336970 0.03158100 0.02891210 0.03395770 0.09761720 0.01967480 0.04647010 0.03657060 0.02915830 0.02041280 0.02051400 0.02631930 0.14630299 0.06691730 0.00625964 0.01119760 0.05555470
56 0.04329484 0.00160770 0.00325219 0.00204278 0.01036651 0.00820999 0.00138152 0.00392863 0.00392091 0.27129122 0.20571817 0.00665262 0.05401324 0.04525104 0.00410230 0.01591841 0.03885093 0.00111477 0.01115401 0.26792822
57 0.17094906 0.03265991 0.03708311 0.02465651 0.03292311 0.03172261 0.02844171 0.06915993 0.01727021 0.03288891 0.03060971 0.03103541 0.01758381 0.01751171 0.02821881 0.24352209 0.08949643 0.00574723 0.01613051 0.04238922
58 0.09286327 0.04198013 0.03787093 0.01734241 0.01498361 0.01427421 0.02525172 0.01745981 0.02759792 0.02667962 0.04160993 0.02700602 0.03916913 0.06737695 0.01022881 0.07609296 0.13862611 0.20282016 0.02944602 0.05132024
59 0.04438658 0.00570356 0.00746584 0.00310827 0.00927628 0.00941410 0.00446283 0.00697927 0.00536287 0.23094490 0.24421589 0.00891839 0.08143586 0.04477038 0.00847876 0.02212829 0.03949048 0.00212686 0.01103570 0.21029491
60 0.05919407 0.14090693 0.04409848 0.05566167 0.00763330 0.08459716 0.08660186 0.03294428 0.02371369 0.02890129 0.03818848 0.18235791 0.01814739 0.02673549 0.01268489 0.05334327 0.03750728 0.00683701 0.01923839 0.04070718
61 0.06040998 0.02674479 0.12422296 0.02679559 0.01079140 0.01967159 0.01644060 0.02729709 0.04988909 0.03670129 0.05669368 0.03044529 0.04533029 0.13029796 0.01274490 0.05928278 0.10280697 0.01816599 0.09631077 0.04895699
62 0.05121379 0.16647297 0.03331809 0.03865319 0.00391811 0.15393498 0.10160598 0.01066080 0.01619250 0.01368870 0.02213830 0.24362696 0.01775580 0.01647920 0.00775658 0.04203029 0.02910790 0.00215294 0.00884253 0.02045040
63 0.05492775 0.00931918 0.01188359 0.00952431 0.01078879 0.01341009 0.01000279 0.01156009 0.00775783 0.23694977 0.18210183 0.01586558 0.05069645 0.04540966 0.01321599 0.02982247 0.04249326 0.00236631 0.01532349 0.22658078
64 0.06226221 0.04015991 0.21096904 0.09297912 0.01165320 0.03731441 0.05630001 0.06525421 0.04242461 0.02819191 0.03148581 0.05524641 0.02023400 0.02455821 0.02338880 0.08054662 0.05304921 0.00624829 0.02290180 0.03483221
65 0.06617393 0.02518501 0.17442107 0.03732171 0.00585791 0.01437241 0.01396421 0.02077141 0.12202705 0.02862281 0.11054404 0.02070281 0.04756402 0.03007541 0.02326291 0.05456952 0.12284905 0.01115150 0.02466531 0.04589792
66 0.06556371 0.04364811 0.04706081 0.14275602 0.00658709 0.07952841 0.26707103 0.04242301 0.02320670 0.01913390 0.02834660 0.08233571 0.00689082 0.01268830 0.01229590 0.04619131 0.02834310 0.00463477 0.01297760 0.02831710
67 0.04126739 0.02325950 0.08903849 0.21149697 0.00580072 0.04799559 0.12374898 0.25056497 0.01951330 0.01274250 0.01378380 0.06077729 0.00289168 0.01003870 0.00573746 0.03993289 0.02076460 0.00186574 0.00391073 0.01486870
68 0.32457713 0.00497327 0.01655091 0.00396206 0.03770642 0.01646671 0.00782799 0.22598009 0.01846041 0.01159770 0.00686357 0.00410046 0.00653730 0.01312221 0.00604097 0.21555409 0.06072272 0.00151288 0.00234850 0.01509461
69 0.11584594 0.04088848 0.04017878 0.02598279 0.02006559 0.02652889 0.02770908 0.04778237 0.01819989 0.06583576 0.05815817 0.03440208 0.03118898 0.02515889 0.03000878 0.13758492 0.15008692 0.00979765 0.01781869 0.07677736
70 0.04706667 0.00211082 0.00501921 0.00214727 0.01035169 0.00899096 0.00133251 0.00416339 0.00451657 0.26836781 0.19148787 0.00696070 0.05986296 0.03861667 0.00598640 0.01842069 0.04296557 0.00166244 0.00959501 0.27037481
71 0.04860544 0.24550221 0.03874503 0.02701032 0.00486196 0.11883210 0.05024634 0.00787386 0.02201382 0.01108781 0.01715051 0.23366320 0.01710611 0.01270671 0.01131851 0.06619376 0.04068603 0.00106266 0.00809259 0.01724101
72 0.05123619 0.09098628 0.07208599 0.18665797 0.01123500 0.06828879 0.12774698 0.05045519 0.02216090 0.01712220 0.01584160 0.09013818 0.00713932 0.01305410 0.01302190 0.08831038 0.03645579 0.00521534 0.00784661 0.02500130
73 0.06451499 0.04403280 0.04635220 0.14057999 0.00639925 0.08037759 0.26823498 0.04173100 0.02333590 0.01884110 0.02859390 0.08345389 0.00664623 0.01340530 0.01269980 0.04623660 0.02778170 0.00469570 0.01375470 0.02833240
74 0.05480240 0.05232420 0.04615570 0.14478501 0.00601800 0.10381801 0.23854101 0.03563810 0.02332490 0.01737410 0.01596240 0.09344791 0.00471109 0.00616457 0.01879220 0.07782290 0.02537640 0.00238205 0.00820853 0.02435050
75 0.03872521 0.00707237 0.00984351 0.00679299 0.01016630 0.00894242 0.00913471 0.00898285 0.01086850 0.17733906 0.23338807 0.01432990 0.04750652 0.14808605 0.00380553 0.02086021 0.02609841 0.00360160 0.06450972 0.14994605
76 0.24918995 0.02442489 0.02648829 0.02368719 0.03081239 0.02838949 0.03403579 0.09800758 0.01965130 0.04672509 0.03725939 0.02856489 0.02073910 0.02043190 0.02445469 0.14639997 0.06692599 0.00654112 0.01135780 0.05591319
77 0.05420089 0.01356400 0.02151579 0.01179140 0.00912455 0.01235770 0.01220580 0.01638580 0.01487820 0.16046296 0.23462194 0.01548130 0.07113808 0.04334499 0.01649520 0.04010189 0.07683788 0.00627380 0.01655490 0.15266296
78 0.06323499 0.03837550 0.06850029 0.21068898 0.00818662 0.10958599 0.15316298 0.04537520 0.02032280 0.01798150 0.01586770 0.07945459 0.00709530 0.01095890 0.00827724 0.08264019 0.02982380 0.00197802 0.00517483 0.02331460
79 0.30914368 0.00640489 0.01375369 0.00502543 0.06188394 0.01660308 0.00688487 0.07388252 0.01040449 0.02048518 0.00964049 0.00719741 0.01601088 0.00741455 0.00839450 0.28033771 0.10809689 0.00228026 0.00685537 0.02930017
80 0.32888194 0.00276896 0.00962161 0.00266986 0.08013129 0.01670530 0.00286737 0.06672449 0.00984054 0.01979760 0.00546841 0.00382261 0.01337340 0.00617127 0.00631066 0.30069095 0.09120308 0.00116069 0.00544629 0.02634370
81 0.04661119 0.06324389 0.07721479 0.19862297 0.00750370 0.08455039 0.12612298 0.06446279 0.01924150 0.01748050 0.01825580 0.13070498 0.00738833 0.01844690 0.00622749 0.05153679 0.02716210 0.00327512 0.00734633 0.02460150
82 0.06761076 0.00931512 0.01357239 0.00675883 0.01300009 0.01306099 0.00564610 0.01010689 0.00817199 0.22391688 0.15100292 0.02162489 0.04842897 0.03702708 0.01144439 0.05936207 0.05031787 0.00243449 0.01133839 0.23585887
83 0.01956622 0.02087402 0.01344121 0.00560105 0.00947737 0.00480753 0.01434801 0.00843316 0.03106353 0.05550955 0.17090815 0.02574992 0.02508932 0.23269421 0.00169042 0.01905182 0.01742262 0.02016052 0.25493223 0.04917914
84 0.05524383 0.14060107 0.03727872 0.05771203 0.00464267 0.15511107 0.11301505 0.01573801 0.01666201 0.01675341 0.02402231 0.21056910 0.01672841 0.01677171 0.00952928 0.04505552 0.02908461 0.00268043 0.00978515 0.02301561
85 0.05860551 0.02262790 0.07453821 0.26073303 0.00691300 0.07616661 0.25943603 0.04769280 0.02506110 0.01478750 0.01310600 0.05080611 0.00122999 0.00251026 0.00194965 0.03766760 0.02358660 0.00097625 0.00362015 0.01798570
86 0.04058362 0.00438912 0.00505702 0.00378674 0.01003940 0.00819811 0.00462461 0.00562523 0.00536110 0.22622211 0.25854112 0.00922667 0.06310603 0.06179733 0.00576261 0.01950751 0.03410202 0.00220712 0.01628341 0.21557910
87 0.04747393 0.00228387 0.00438525 0.00204496 0.01005911 0.00880692 0.00120261 0.00489984 0.00474157 0.29180516 0.15695709 0.00895921 0.04627703 0.03007832 0.00467015 0.01571711 0.04409252 0.00138971 0.00787846 0.30627717
88 0.05579321 0.21935604 0.03550791 0.02344280 0.01297740 0.05815441 0.04115321 0.02726921 0.03069571 0.01770120 0.02170120 0.12719802 0.01524490 0.01909300 0.03402001 0.13114502 0.07697031 0.00794571 0.01564460 0.02898611
89 0.17120992 0.03187929 0.03700718 0.02508279 0.03324148 0.03139519 0.02920239 0.07063137 0.01711989 0.03300668 0.02940699 0.03059039 0.01791869 0.01719359 0.02869079 0.24429789 0.08906606 0.00596237 0.01567399 0.04142308
90 0.05574618 0.01926859 0.08725847 0.27741991 0.00793900 0.07473888 0.24148192 0.05124138 0.02484389 0.01518550 0.01307310 0.04852738 0.00103659 0.00229559 0.00124427 0.03583569 0.02260149 0.00073918 0.00288970 0.01663329
91 0.06263141 0.01258250 0.01370210 0.01089750 0.01252200 0.01503880 0.01372630 0.01080600 0.01052930 0.22199004 0.14951103 0.02110880 0.04602341 0.03915211 0.01007970 0.03639371 0.04770051 0.00397490 0.01528480 0.24634505
92 0.03439072 0.00525563 0.00400883 0.00347378 0.00845778 0.00684504 0.00714627 0.00794268 0.00398061 0.20969712 0.31411318 0.00851797 0.07472564 0.06657884 0.00587640 0.01802491 0.02803392 0.00129093 0.01547161 0.17616810
93 0.05957219 0.14154697 0.04404599 0.05484619 0.00806649 0.08306558 0.08568478 0.03251039 0.02345850 0.02935299 0.03867989 0.18236496 0.01798860 0.02684089 0.01327560 0.05382809 0.03806949 0.00698431 0.01861520 0.04120289
94 0.04390711 0.00133957 0.00304830 0.00178543 0.01034960 0.00818055 0.00102085 0.00379102 0.00384023 0.27873904 0.19594403 0.00621822 0.05241491 0.04161631 0.00390534 0.01520980 0.03989671 0.00106424 0.01023770 0.27749104
95 0.06189442 0.03990691 0.21035207 0.09519253 0.01144170 0.03699801 0.05814782 0.06730012 0.04214881 0.02782411 0.03131871 0.05462712 0.01952201 0.02445041 0.02405741 0.07989983 0.05245692 0.00576138 0.02268751 0.03401221
96 0.05942583 0.14206407 0.04408302 0.05478993 0.00803336 0.08382194 0.08514034 0.03546932 0.02310661 0.02874071 0.03788252 0.18307808 0.01788351 0.02659771 0.01230601 0.05395462 0.03807462 0.00659388 0.01865231 0.04030162
97 0.04380189 0.00132804 0.00305997 0.00186661 0.01034630 0.00820674 0.00107010 0.00387270 0.00391256 0.27796896 0.19681397 0.00625944 0.05249849 0.04206709 0.00387624 0.01536310 0.03973009 0.00107726 0.01043250 0.27644796
98 0.03609350 0.01529950 0.01081390 0.00881123 0.00782004 0.00996416 0.01600530 0.01506390 0.01013150 0.15394798 0.32751296 0.01800360 0.07937749 0.07336909 0.00931619 0.02429090 0.02860200 0.00598140 0.02680640 0.12278899
99 0.05431290 0.02676340 0.33385200 0.05426540 0.01508820 0.02313320 0.02122020 0.03520120 0.03358170 0.02384520 0.01841260 0.04902380 0.01589010 0.01220000 0.01976280 0.14924400 0.06473130 0.00446409 0.01101210 0.03399580
100 0.04591519 0.07145829 0.01970070 0.05779289 0.00452593 0.12843498 0.30649096 0.02020170 0.01854820 0.01075340 0.01157420 0.18309997 0.00482754 0.00923671 0.00687872 0.03152230 0.01899940 0.00438234 0.01393990 0.03171670
101 0.06544440 0.04358630 0.04741180 0.14374500 0.00667683 0.08040490 0.26853800 0.04279890 0.02335760 0.01848070 0.02767280 0.08257910 0.00680530 0.01195840 0.01208150 0.04495360 0.02808530 0.00459957 0.01233400 0.02848600
102 0.07641056 0.14229993 0.04525448 0.03826148 0.00859099 0.06788747 0.05415377 0.02584129 0.02245549 0.03610858 0.02670159 0.17871091 0.01677039 0.01995979 0.01458799 0.06723197 0.09040446 0.00659729 0.01029680 0.05147478
103 0.03585619 0.01518669 0.01128900 0.00883632 0.00788823 0.01032630 0.01564119 0.01534799 0.00991942 0.15390194 0.32764888 0.01817589 0.07938137 0.07370087 0.00942445 0.02403369 0.02869859 0.00567686 0.02659919 0.12246695
104 0.29482683 0.00729940 0.01614099 0.00750411 0.06245246 0.01849949 0.00724643 0.15105591 0.01341679 0.01478879 0.00722463 0.00568245 0.00883160 0.01159189 0.00582727 0.25975485 0.08326135 0.00185176 0.00393613 0.01880689
105 0.23235998 0.02929790 0.03270830 0.07966699 0.01049490 0.04580510 0.19623798 0.06185739 0.01766140 0.01775820 0.01636280 0.06037219 0.00884662 0.01224160 0.01050860 0.05155080 0.06689669 0.01213750 0.00885777 0.02837730
106 0.05844808 0.02243429 0.07453207 0.26150090 0.00699061 0.07638887 0.25840590 0.04813648 0.02501569 0.01483899 0.01316829 0.05111628 0.00123305 0.00251098 0.00197721 0.03717799 0.02354619 0.00102515 0.00363708 0.01791589
107 0.05492724 0.00940191 0.01186559 0.00948726 0.01072179 0.01343049 0.01073399 0.01152369 0.00799531 0.23638776 0.18189081 0.01606038 0.05048135 0.04525285 0.01381939 0.02963047 0.04237306 0.00248391 0.01529898 0.22623377
108 0.05652417 0.06201577 0.02160959 0.02121829 0.01198089 0.01222749 0.02092579 0.01302969 0.03677198 0.01803199 0.06071027 0.03078479 0.02710539 0.10828395 0.00691905 0.04907038 0.04763368 0.30074386 0.05997927 0.03443368
109 0.04470791 0.00116746 0.00316258 0.00171702 0.01040460 0.00836011 0.00072631 0.00375464 0.00399620 0.28347604 0.18551003 0.00626134 0.05113551 0.03824791 0.00397032 0.01492160 0.04122941 0.00111061 0.00961437 0.28652604
110 0.06350454 0.02657701 0.02525021 0.00930851 0.01128421 0.01879451 0.01233321 0.01773781 0.01428961 0.13069407 0.22960713 0.02693982 0.10532406 0.04796163 0.01718331 0.04583763 0.05009203 0.00978575 0.01721291 0.12028207
111 0.07406838 0.03318344 0.13738315 0.03961234 0.01043101 0.02593593 0.02941273 0.03550074 0.04759015 0.04344765 0.10924012 0.03926144 0.04341425 0.02743083 0.02649023 0.12109614 0.07798849 0.00798859 0.01968262 0.05084176
112 0.07438167 0.05987418 0.04944708 0.05508388 0.00875888 0.08223807 0.05812588 0.02719029 0.07416847 0.05038178 0.12060795 0.07191427 0.03211369 0.03136849 0.01781959 0.05333448 0.04245668 0.01066050 0.02839839 0.05167578
113 0.08865257 0.04352539 0.03438349 0.01582550 0.01070910 0.03289049 0.05009668 0.04339609 0.01051250 0.03726929 0.02423229 0.02797019 0.01746219 0.00742894 0.27004292 0.18563594 0.05970138 0.00412082 0.00566004 0.03048419
114 0.08133070 0.07893740 0.04392830 0.08676300 0.01031500 0.12162900 0.11336700 0.03652130 0.01985000 0.03330470 0.03279060 0.11354700 0.01729380 0.01898030 0.02668450 0.07056540 0.03917500 0.00393899 0.01241390 0.03866410
115 0.06274500 0.01316580 0.01441960 0.01136990 0.01224600 0.01509560 0.01422860 0.01125660 0.01059750 0.22026101 0.14948001 0.02176730 0.04534790 0.03970330 0.00983664 0.03614010 0.04778210 0.00382432 0.01570470 0.24502801
116 0.21836605 0.01021250 0.01840830 0.00811590 0.07109992 0.01852510 0.00783383 0.03783971 0.01044850 0.08099882 0.05131601 0.01149910 0.02653911 0.01960070 0.01244120 0.22687305 0.07918712 0.00311095 0.01078310 0.07680102
117 0.08094979 0.08168589 0.04403549 0.08619438 0.01020360 0.12169898 0.11211698 0.03623969 0.01931660 0.03325759 0.03278359 0.11425398 0.01751910 0.01849580 0.02727460 0.07006629 0.03878349 0.00417088 0.01215810 0.03879519
118 0.15959385 0.02083968 0.03475567 0.01573049 0.01748658 0.01557319 0.01949578 0.22297879 0.01861688 0.03159677 0.06165734 0.02134388 0.06332424 0.01801698 0.02022718 0.10205190 0.11278489 0.00590015 0.00497948 0.03304627
119 0.03546799 0.01490710 0.01070210 0.00831937 0.00795101 0.00991715 0.01554530 0.01568610 0.01006160 0.15254296 0.33090491 0.01774960 0.08008828 0.07479748 0.00923733 0.02413239 0.02814639 0.00568212 0.02752289 0.12063797
120 0.24984693 0.02454769 0.02590769 0.02424279 0.03167659 0.02875419 0.03371139 0.09694027 0.01976269 0.04637529 0.03698259 0.02889919 0.02053639 0.02048249 0.02442869 0.14670096 0.06714048 0.00637549 0.01115520 0.05553298
121 0.24781589 0.02451689 0.02630309 0.02415929 0.03126149 0.02902519 0.03502138 0.09705536 0.01933799 0.04679868 0.03682488 0.02935769 0.02029409 0.01981739 0.02511749 0.14646194 0.06740647 0.00636973 0.01125950 0.05579558
122 0.06662038 0.06210478 0.05559558 0.06365548 0.00579408 0.02658479 0.03438699 0.42737985 0.01965639 0.01351970 0.01961419 0.04550988 0.00842217 0.01513029 0.02217579 0.05822458 0.03534649 0.00280175 0.00568125 0.01179560
123 0.12032896 0.03278909 0.05453148 0.02359679 0.01909249 0.02212849 0.01658739 0.03066559 0.05807778 0.09166027 0.05413788 0.03368859 0.03069659 0.02257039 0.02016729 0.15092095 0.12032196 0.00722465 0.01329530 0.07751807
124 0.04722469 0.00179686 0.00454157 0.00202682 0.01035400 0.00893737 0.00106460 0.00414602 0.00433257 0.27220292 0.18834295 0.00686402 0.05797128 0.03793099 0.00572988 0.01772850 0.04280699 0.00155746 0.00951561 0.27492492
125 0.04517390 0.00243998 0.00458500 0.00279299 0.01047000 0.00887199 0.00217153 0.00462592 0.00500169 0.26445300 0.19810400 0.00787632 0.05329520 0.04395680 0.00513482 0.01739990 0.04085920 0.00169656 0.01162720 0.26946400
126 0.16032703 0.02793831 0.02903791 0.01075620 0.02073410 0.02390010 0.01243370 0.02856721 0.01611610 0.09555552 0.10723702 0.02713931 0.09197972 0.02862821 0.02640921 0.09038722 0.07812211 0.00787631 0.01036370 0.10649102
127 0.07009077 0.10622295 0.05737257 0.05139138 0.01017580 0.06269877 0.05851487 0.03589278 0.02314769 0.02800019 0.02471129 0.14671393 0.01444239 0.01688059 0.02721029 0.15092293 0.05232437 0.00508158 0.01332739 0.04487748
128 0.06246479 0.03976879 0.21085397 0.09436789 0.01155760 0.03739919 0.05763899 0.06569849 0.04263609 0.02715290 0.03157590 0.05493839 0.01970870 0.02465240 0.02343680 0.08039359 0.05192149 0.00575784 0.02371650 0.03435970
129 0.03458437 0.00532105 0.00407739 0.00357614 0.00847957 0.00679372 0.00713980 0.00783793 0.00407196 0.20897281 0.31461372 0.00875306 0.07507503 0.06631094 0.00576112 0.01848898 0.02824267 0.00121469 0.01584219 0.17484284
130 0.08774127 0.01301830 0.01204040 0.00892924 0.04233958 0.01535839 0.00828240 0.01194470 0.00953249 0.19118293 0.13005995 0.01594849 0.04348738 0.03674169 0.01198080 0.05927638 0.05111078 0.00812345 0.01516049 0.22774091
131 0.05685111 0.24301605 0.03655421 0.02927941 0.01158990 0.06509511 0.05067361 0.02355720 0.03221781 0.01916110 0.03407651 0.15868403 0.01973140 0.02672681 0.02687691 0.06076551 0.04492541 0.01240430 0.01967520 0.02813841
132 0.04056531 0.00419199 0.00508986 0.00379791 0.00999111 0.00792913 0.00452017 0.00574786 0.00517446 0.22594207 0.26065608 0.00893262 0.06342762 0.06183732 0.00570896 0.01951781 0.03414531 0.00197684 0.01601850 0.21482906
133 0.05576662 0.02943861 0.08708304 0.23845010 0.00856661 0.06988583 0.16888007 0.07135643 0.02420591 0.02008611 0.02155941 0.06284553 0.00627275 0.01247451 0.00919391 0.04747112 0.03032351 0.00423545 0.00734095 0.02456351
134 0.05498933 0.00609307 0.00749911 0.00457393 0.01133311 0.00968891 0.00500602 0.00535001 0.00906989 0.19772610 0.22746912 0.01156841 0.05092983 0.08444654 0.00427881 0.02822501 0.03284032 0.00466624 0.05085813 0.19338810
135 0.08841804 0.01503011 0.01731561 0.01140941 0.01082080 0.01634971 0.01488511 0.02327071 0.01503431 0.15516607 0.23244410 0.01985641 0.05900983 0.05682213 0.01256471 0.04131062 0.04371132 0.00490485 0.01968211 0.14199406
136 0.03022129 0.02181269 0.02519149 0.00916124 0.01082940 0.01085030 0.01704479 0.01147020 0.04247399 0.03309299 0.06895448 0.02377209 0.01226240 0.21911093 0.00389507 0.03500249 0.02627869 0.01647309 0.34424389 0.03785849
137 0.03544439 0.01465560 0.01126020 0.00846851 0.00791056 0.00985781 0.01569320 0.01524150 0.01040340 0.15382097 0.32907193 0.01752910 0.07975748 0.07365268 0.00932730 0.02409619 0.02872649 0.00592893 0.02647979 0.12267397
138 0.04198418 0.02248709 0.02116949 0.01195760 0.01135630 0.01263830 0.01538329 0.02433319 0.02729739 0.08031567 0.14573394 0.02627499 0.03019509 0.20425092 0.00561699 0.03015519 0.02810899 0.02149139 0.16663694 0.07261307
139 0.12276698 0.01821590 0.04432089 0.04891349 0.00906241 0.01812160 0.02722950 0.46602193 0.02170240 0.01504990 0.02023730 0.02591880 0.00732709 0.01754060 0.01106330 0.07514379 0.03252359 0.00186317 0.00463689 0.01234050
140 0.03117602 0.00472502 0.00371229 0.00400734 0.00877034 0.00549141 0.00812590 0.00604648 0.00399778 0.18435015 0.32941426 0.01042071 0.06305195 0.11878009 0.00266936 0.01752831 0.01993872 0.00165811 0.02939962 0.14673612
141 0.23321510 0.01770421 0.02479571 0.00850011 0.04389942 0.02124051 0.00779191 0.03915862 0.01356961 0.04339132 0.04400642 0.01641231 0.06715073 0.01352611 0.02559571 0.20752609 0.09590554 0.00556101 0.00863794 0.06241163
142 0.06243688 0.01239810 0.01410870 0.01163680 0.01210770 0.01549040 0.01440780 0.01109710 0.01061430 0.22137094 0.14897896 0.02139199 0.04555079 0.03944969 0.01008270 0.03624419 0.04753939 0.00415418 0.01543550 0.24550393
143 0.12144101 0.01837590 0.04428400 0.04875970 0.00908655 0.01780880 0.02731800 0.46760905 0.02169650 0.01467830 0.02076990 0.02613750 0.00725753 0.01784270 0.01172710 0.07443661 0.03164180 0.00201480 0.00491032 0.01220390
144 0.21367001 0.05603810 0.03568510 0.02863240 0.02069860 0.04950080 0.03724980 0.04033960 0.01978500 0.03387890 0.02145900 0.09974501 0.01710290 0.01439210 0.02196550 0.16321001 0.06090560 0.00560464 0.00985629 0.05028060
145 0.30700268 0.00603274 0.01774318 0.00634254 0.03692686 0.01845678 0.00896194 0.22066577 0.01811818 0.01224719 0.00727824 0.00538425 0.00676115 0.01272649 0.00760913 0.22595977 0.06115564 0.00161177 0.00263080 0.01638488
146 0.04023088 0.00217359 0.00297601 0.00226725 0.01010050 0.00745479 0.00214128 0.00423374 0.00356142 0.24964488 0.24603388 0.00675658 0.05983787 0.05716857 0.00395235 0.01674129 0.03404968 0.00101818 0.01349939 0.23615788
147 0.29102806 0.00752432 0.01577930 0.00686152 0.05563211 0.02264650 0.00741618 0.07459492 0.01220680 0.01980600 0.00953631 0.00863839 0.01254360 0.00777101 0.01079070 0.31418507 0.08296752 0.00217135 0.00834270 0.02955761
148 0.06178398 0.02298549 0.05339928 0.13118095 0.00690168 0.04775618 0.18757793 0.10520296 0.02050209 0.05159018 0.07025537 0.04659228 0.01303380 0.01808079 0.02888079 0.06441138 0.02876219 0.00313860 0.01256220 0.02540189
149 0.03954521 0.00315356 0.00339497 0.00269650 0.00954912 0.00751143 0.00338875 0.00526663 0.00386006 0.24840909 0.25178309 0.00709793 0.06249632 0.05438662 0.00461032 0.01684631 0.03382471 0.00107598 0.01295830 0.22814508
150 0.03185462 0.00625097 0.00408053 0.00275137 0.00763505 0.00629859 0.00696101 0.00861783 0.00348812 0.19687411 0.34008319 0.00764197 0.09492285 0.05703413 0.00730608 0.01834141 0.02832062 0.00115431 0.01308611 0.15729709
151 0.07279146 0.03853048 0.02945368 0.00834398 0.00525070 0.03262798 0.01685919 0.02636948 0.00626787 0.08153225 0.04638087 0.01632469 0.02348859 0.00954119 0.40641576 0.07070786 0.05664467 0.00195028 0.00359236 0.04692667
152 0.05626557 0.24434585 0.03590318 0.02943158 0.01121449 0.06476296 0.05076107 0.02446129 0.03271648 0.01935079 0.03348698 0.15897290 0.01894489 0.02660978 0.02708138 0.06051076 0.04412457 0.01264779 0.02007759 0.02833008
153 0.08153138 0.04781179 0.03575829 0.01302970 0.00659647 0.03628569 0.02033890 0.03450489 0.00867340 0.04580139 0.02809849 0.01945230 0.01781020 0.00844436 0.41781892 0.08302058 0.06050599 0.00275406 0.00459620 0.02716699
154 0.03928279 0.00685628 0.00964314 0.00683888 0.00996137 0.00918841 0.00946793 0.00874858 0.01052850 0.17871397 0.23466296 0.01424970 0.04810669 0.14595698 0.00394084 0.02074770 0.02600080 0.00375302 0.06234749 0.15100398
155 0.27858434 0.00851838 0.01923322 0.00942775 0.04154725 0.01865692 0.01145001 0.15182419 0.01671762 0.03795365 0.01548822 0.01182491 0.01111291 0.01151371 0.01830782 0.23306428 0.06713068 0.00230324 0.00480094 0.03053994
156 0.06242732 0.03948341 0.20891507 0.09567293 0.01169150 0.03690001 0.05917082 0.06519602 0.04247071 0.02780291 0.03125491 0.05455622 0.01942581 0.02454671 0.02415891 0.07986093 0.05252532 0.00612686 0.02304311 0.03477051
157 0.03436610 0.00501090 0.00449684 0.00294021 0.00872503 0.00648534 0.00533306 0.00666786 0.00405561 0.19809598 0.32224297 0.00775910 0.08503629 0.06371989 0.00671058 0.01902010 0.02957990 0.00169646 0.01521780 0.17283998
158 0.03184571 0.02055911 0.02740751 0.03579471 0.01005860 0.01500410 0.02108511 0.01854171 0.03298181 0.03734881 0.07113372 0.03123341 0.01032060 0.24979307 0.00331120 0.02730041 0.02129041 0.03584161 0.26559308 0.03355531
159 0.04590678 0.00140298 0.00364061 0.00145772 0.00995131 0.00840691 0.00058384 0.00434060 0.00432015 0.29946287 0.15611193 0.00731935 0.04605328 0.02853049 0.00400014 0.01381089 0.04366048 0.00124409 0.00723675 0.31255886
160 0.05389504 0.16991181 0.07638562 0.07000312 0.00423130 0.13168886 0.05524514 0.01879998 0.01571158 0.01414728 0.02306727 0.21793776 0.02160128 0.01477088 0.00672712 0.05025854 0.03371216 0.00145921 0.00511655 0.01532948
161 0.03062461 0.02260000 0.02505361 0.00906439 0.01088970 0.01101370 0.01691870 0.01139270 0.04276851 0.03298161 0.07005062 0.02378921 0.01237820 0.21820105 0.00398829 0.03532951 0.02594491 0.01630810 0.34333308 0.03736951
162 0.03024799 0.02219729 0.02517399 0.00874701 0.01088030 0.01077480 0.01652800 0.01120190 0.04248279 0.03297109 0.06936268 0.02377679 0.01227790 0.21909394 0.00402328 0.03526389 0.02613319 0.01607060 0.34508790 0.03770469
163 0.18709014 0.02122172 0.04457563 0.10542908 0.00893816 0.04182723 0.16687712 0.17420113 0.02078512 0.01347211 0.01733581 0.03633873 0.00585024 0.01058131 0.01004501 0.06270445 0.04732864 0.00421857 0.00465770 0.01652211
164 0.04611458 0.00158315 0.00392404 0.00165384 0.01003119 0.00856677 0.00067281 0.00439796 0.00441349 0.29572384 0.16112491 0.00758740 0.04669638 0.03090398 0.00400302 0.01456309 0.04333538 0.00124878 0.00786857 0.30558684
165 0.05730019 0.02472950 0.07375099 0.20320598 0.00826229 0.06332989 0.13359098 0.04580499 0.02554370 0.06577589 0.05363819 0.05372439 0.01342190 0.02360180 0.01091310 0.04511429 0.03629290 0.00330713 0.01017230 0.04851959
166 0.03316702 0.00560504 0.00393120 0.00274579 0.00798405 0.00649114 0.00619677 0.00773360 0.00345359 0.20511913 0.32589221 0.00742420 0.08948736 0.05722074 0.00667933 0.01803141 0.02934062 0.00109626 0.01322441 0.16917611
167 0.21284497 0.01384800 0.02687250 0.01823240 0.02313710 0.02094860 0.01447300 0.28621395 0.01795720 0.01306950 0.00996499 0.01292380 0.00608659 0.01330670 0.01255830 0.21306697 0.06286259 0.00219155 0.00343983 0.01600150
168 0.06758807 0.07164047 0.02633749 0.02878349 0.00951195 0.04030078 0.05265478 0.02005049 0.02037909 0.10874596 0.06516087 0.12239895 0.02248939 0.02999919 0.01140500 0.05718138 0.05131318 0.00671235 0.01184520 0.17550193
169 0.07981229 0.08141659 0.04369529 0.08600299 0.00990208 0.12140599 0.11215499 0.03653230 0.01972440 0.03368260 0.03376190 0.11408499 0.01772120 0.01913220 0.02652370 0.06950709 0.03884980 0.00389874 0.01268870 0.03950220
170 0.02548961 0.02761931 0.01117350 0.00605746 0.00835032 0.00681385 0.01617301 0.00848152 0.02364061 0.09311133 0.26976008 0.03080731 0.05118252 0.14166104 0.00350864 0.02265731 0.01766361 0.02074161 0.14075304 0.07435432
171 0.05676421 0.24153205 0.03668811 0.02952801 0.01144250 0.06477981 0.05080041 0.02483870 0.03287101 0.01954170 0.03365121 0.15856803 0.01927790 0.02664441 0.02648571 0.06099831 0.04483551 0.01215110 0.01978280 0.02881851
172 0.04279232 0.00419144 0.00631166 0.00423294 0.00922232 0.00857838 0.00482651 0.00709757 0.00572837 0.23473712 0.24877512 0.00799869 0.06920503 0.04451672 0.00768223 0.02045121 0.04500192 0.00140499 0.01129931 0.21594611
173 0.05590884 0.02915992 0.08706326 0.23863017 0.00855145 0.06997695 0.17095112 0.06968745 0.02410762 0.02016761 0.02149242 0.06299675 0.00594985 0.01238281 0.00859809 0.04776063 0.03024192 0.00413513 0.00784838 0.02438962
174 0.06514368 0.04343299 0.04693898 0.14255395 0.00620862 0.07971097 0.26836191 0.04241269 0.02339649 0.01901619 0.02830289 0.08261107 0.00657071 0.01292500 0.01282110 0.04575559 0.02772769 0.00465449 0.01299640 0.02845859
175 0.05780843 0.02161091 0.07768504 0.26937012 0.00721051 0.07563184 0.24998512 0.04875602 0.02486281 0.01513451 0.01325521 0.05040382 0.00127318 0.00252491 0.00178456 0.03749462 0.02349101 0.00094512 0.00349366 0.01727861
176 0.10020306 0.03377572 0.07367885 0.11680107 0.00988496 0.03517312 0.04015183 0.05216593 0.02317761 0.02820782 0.03416202 0.04387743 0.01624871 0.01205681 0.15509010 0.08593725 0.07143105 0.00491749 0.00662152 0.05643764
177 0.07358680 0.01210480 0.01678270 0.01015890 0.01288950 0.01413190 0.00847401 0.01130000 0.01077790 0.20942001 0.12358501 0.02175340 0.04598680 0.02708120 0.01344670 0.04730240 0.07866280 0.00503282 0.00957532 0.24794701
178 0.24408492 0.00976151 0.01154880 0.00883295 0.09235207 0.02006859 0.00781558 0.03195719 0.01133760 0.06705868 0.04125019 0.01275000 0.02770219 0.01486550 0.02317129 0.17553394 0.07412098 0.00696917 0.00806192 0.11075696
179 0.04937721 0.03820391 0.03775641 0.12605102 0.00425617 0.12354702 0.33318605 0.02950090 0.02146380 0.01236320 0.01154870 0.11240902 0.00268729 0.00471023 0.00491768 0.03062990 0.01716920 0.00247143 0.00843425 0.02931660
