1 0.04543853 0.00405843 0.00646332 0.00189578 0.01058721 0.00446144 0.00295703 0.00720465 0.00186980 0.27286718 0.20642513 0.00439286 0.04739633 0.03510882 0.00931939 0.01272881 0.04018093 0.00230426 0.01111791 0.27322218
2 0.07217541 0.04302830 0.02034420 0.01388660 0.00641445 0.04006630 0.04147850 0.04558180 0.01154980 0.02484810 0.03580640 0.02485190 0.01354480 0.01039370 0.40107503 0.10324901 0.05078590 0.00472442 0.00782945 0.02836590
3 0.06337162 0.02251631 0.08325272 0.12867303 0.00593291 0.03995991 0.05043821 0.42607612 0.01325480 0.00789825 0.01493310 0.03523721 0.00333166 0.01161560 0.00792250 0.05724072 0.01235340 0.00228745 0.00551499 0.00818947
4 0.06768999 0.01519640 0.01473490 0.01022810 0.01247500 0.01226560 0.01607540 0.01489390 0.00903593 0.21985397 0.15592398 0.01907460 0.04182419 0.03350850 0.01292490 0.03569660 0.05004859 0.00439299 0.01507150 0.23908497
5 0.21337610 0.09465484 0.02984951 0.02145881 0.00962312 0.05432282 0.05669653 0.03450732 0.03400042 0.03358002 0.02691731 0.12831406 0.01917431 0.01782171 0.02703651 0.08602934 0.05675863 0.00575699 0.00929523 0.04082642
6 0.06691951 0.02363390 0.05955451 0.15249103 0.01477640 0.04234291 0.11956502 0.02809110 0.02757930 0.09309192 0.04950961 0.03862451 0.02324330 0.01652730 0.01266520 0.06392891 0.07843561 0.00873933 0.01604530 0.06423531
7 0.15908398 0.03946849 0.04072989 0.02802810 0.02759200 0.02860850 0.03840490 0.07470199 0.01781660 0.02838410 0.03136540 0.03531380 0.01738870 0.01433080 0.03668050 0.22184497 0.09189299 0.00743273 0.01694320 0.04398839
8 0.04069849 0.01153130 0.00824932 0.00366778 0.00933693 0.00724580 0.00692039 0.00960025 0.00364558 0.24011292 0.24602692 0.00813336 0.07771047 0.03429349 0.01066500 0.01801349 0.04006609 0.00343443 0.01039610 0.21025193
9 0.04840160 0.08349380 0.02957210 0.10300700 0.00332382 0.07352470 0.23799100 0.01999640 0.02127860 0.02374790 0.03930950 0.15951700 0.00568626 0.01287590 0.01773690 0.04824780 0.02376540 0.00277187 0.00899704 0.03675540
10 0.01877599 0.01481889 0.00585907 0.00423860 0.00502757 0.01229579 0.00968369 0.00615333 0.04485977 0.02069989 0.05724757 0.01880379 0.00278558 0.30484783 0.00405371 0.01928669 0.02358579 0.01999829 0.38450078 0.02247739
11 0.02357871 0.02958021 0.01169210 0.00860951 0.00706084 0.01722580 0.01893391 0.00919972 0.04449461 0.02586701 0.05743872 0.04137141 0.00416125 0.27916708 0.00630271 0.02042561 0.02193731 0.02130501 0.32722209 0.02442641
12 0.03450162 0.02432441 0.02076521 0.01147291 0.00940562 0.01990131 0.01706791 0.01806481 0.03541662 0.06321663 0.13787606 0.02758881 0.02323201 0.23663611 0.00826121 0.02567811 0.02636081 0.02341001 0.17519908 0.06162073
13 0.02860309 0.04460478 0.15142095 0.23707492 0.00777440 0.06607218 0.08984337 0.08662277 0.02003689 0.00997875 0.01605519 0.10211096 0.00339815 0.01603659 0.01506259 0.05348238 0.02130599 0.00165455 0.01015660 0.01870489
14 0.04344747 0.05098867 0.05983746 0.20828787 0.00465021 0.06257566 0.22498586 0.02948528 0.02078029 0.01935519 0.02861328 0.11407993 0.00306113 0.00690211 0.01354029 0.04898997 0.02319099 0.00188342 0.00544566 0.02989928
15 0.07766262 0.20780806 0.04092151 0.02569361 0.01529560 0.06174842 0.05101342 0.03362071 0.03035081 0.02666711 0.03477511 0.15390405 0.02066951 0.02458371 0.02858561 0.06701692 0.03854611 0.01300420 0.01770791 0.03042501
16 0.07389286 0.02120369 0.08197235 0.07151406 0.00741772 0.03221178 0.02871988 0.50225272 0.01419409 0.00772594 0.01496289 0.02419309 0.00427497 0.01252979 0.00807081 0.06384626 0.01558439 0.00175311 0.00469061 0.00898899
17 0.04823529 0.00374938 0.00699076 0.00261662 0.01063290 0.00537357 0.00300389 0.00753073 0.00222975 0.29153994 0.17349396 0.00539414 0.04318619 0.02491449 0.01001220 0.01305610 0.04281089 0.00226422 0.00982906 0.29313594
18 0.04919900 0.17938199 0.07292149 0.06256399 0.00482615 0.09732209 0.06158970 0.05659930 0.02339870 0.01050520 0.01764600 0.21014698 0.00706174 0.01557630 0.01586480 0.05166750 0.03422150 0.00272921 0.00825618 0.01852220
19 0.05928591 0.04820511 0.04773371 0.14430502 0.00443773 0.09378891 0.26287003 0.02431640 0.03058340 0.02632930 0.03208610 0.08116071 0.00758247 0.01208990 0.01691420 0.04072071 0.03026140 0.00252619 0.00960668 0.02519610
20 0.02846901 0.01825261 0.01239191 0.00331150 0.00580399 0.00998234 0.01632611 0.01586991 0.00590166 0.15111407 0.36569816 0.00670761 0.13039606 0.03432782 0.02992171 0.02821711 0.03637252 0.00301043 0.00804823 0.08987724
21 0.15838792 0.04071048 0.03961398 0.02858859 0.02720689 0.02946368 0.03915708 0.07445016 0.01811339 0.02822429 0.03122438 0.03668258 0.01742859 0.01386459 0.03850708 0.21915189 0.09029455 0.00813282 0.01733199 0.04346508
22 0.03996485 0.01553552 0.00950930 0.00752095 0.00927054 0.00953677 0.01547372 0.01450152 0.00700002 0.15452318 0.33708040 0.01210781 0.07686739 0.07428549 0.01092991 0.02224133 0.03053024 0.00451999 0.02460693 0.12399415
23 0.05833878 0.23115093 0.05582748 0.02335029 0.00253551 0.10231997 0.05527268 0.01515750 0.02696189 0.01209750 0.01640969 0.25844592 0.01032290 0.01374090 0.00990501 0.03963759 0.03952069 0.00226339 0.00510161 0.02163979
24 0.11376994 0.02148809 0.04330728 0.03826308 0.00862580 0.02309489 0.02568039 0.51996872 0.01277189 0.01277929 0.02008519 0.01423909 0.00610259 0.01197359 0.01222629 0.07607536 0.01782159 0.00329094 0.00468700 0.01374899
25 0.05422509 0.01300070 0.01173040 0.00981008 0.01127640 0.01216290 0.01385760 0.01323430 0.00839193 0.24222494 0.18939495 0.01314110 0.04908589 0.03525899 0.01191440 0.02393309 0.04308259 0.00384595 0.01515080 0.22527794
26 0.28033831 0.02747023 0.02364583 0.01299331 0.03700704 0.01725322 0.02452733 0.10926812 0.01160301 0.01886292 0.01984812 0.01712642 0.01075201 0.00481476 0.02054112 0.22791726 0.08141929 0.00354545 0.00899009 0.04207615
27 0.10288892 0.02168348 0.02879228 0.01260699 0.02204858 0.01828069 0.03153257 0.06962164 0.01682539 0.07239404 0.10373792 0.02225468 0.09464622 0.01378719 0.01993178 0.11282591 0.13121390 0.02150068 0.00859309 0.07483404
28 0.06897479 0.04508139 0.05287449 0.14836797 0.00629636 0.06298219 0.23118896 0.03543969 0.02869509 0.02556760 0.03526679 0.07270509 0.01020130 0.01367940 0.02140050 0.05492469 0.03954429 0.00512882 0.01283890 0.02884169
29 0.04495626 0.00260309 0.00613522 0.00147869 0.01041429 0.00416649 0.00154799 0.00684141 0.00107824 0.29441772 0.18632182 0.00331250 0.04434606 0.02703617 0.00941715 0.01033579 0.04104746 0.00192868 0.00960124 0.29301372
30 0.07629663 0.04441052 0.02911741 0.05652242 0.01094190 0.04684692 0.13003505 0.02993131 0.03236401 0.10840304 0.05882742 0.05685802 0.02904301 0.02098011 0.02325221 0.11248704 0.05508352 0.00997925 0.01352470 0.05509552
31 0.11475402 0.02142290 0.04313521 0.03858501 0.00913540 0.02316470 0.02612171 0.51790210 0.01245480 0.01249730 0.02034300 0.01421780 0.00605942 0.01210680 0.01178700 0.07676982 0.01783590 0.00328875 0.00466953 0.01374880
32 0.04517360 0.00614776 0.00682804 0.00267237 0.01052280 0.00522613 0.00514816 0.00793203 0.00281543 0.25212000 0.22641400 0.00606841 0.05126420 0.04260880 0.00952752 0.01497590 0.03919930 0.00252224 0.01311730 0.24971600
33 0.03547970 0.00782075 0.00587925 0.00176964 0.00884420 0.00422491 0.00427848 0.00803049 0.00182544 0.22738002 0.30277502 0.00393653 0.07285711 0.05184530 0.00858556 0.01294830 0.03213780 0.00199638 0.01270010 0.19468501
34 0.10239397 0.13319296 0.01611710 0.01233180 0.00797597 0.05377898 0.04306649 0.04053869 0.01969079 0.01625729 0.01566250 0.05425618 0.00926533 0.00833651 0.21726093 0.18894394 0.02672399 0.00828535 0.00773625 0.01818499
35 0.01900600 0.01490690 0.00582177 0.00450955 0.00543308 0.01323590 0.01007650 0.00669411 0.04450450 0.02225590 0.05942770 0.01879410 0.00341505 0.31721199 0.00410538 0.01825190 0.02350320 0.02137840 0.36319399 0.02427410
36 0.08529342 0.05848741 0.07157941 0.04624541 0.01175780 0.04780671 0.06416181 0.03851831 0.10783802 0.03824511 0.03978071 0.05920961 0.01605380 0.06680101 0.01984840 0.06371291 0.03981251 0.01744250 0.06778881 0.03961631
37 0.15639117 0.02627583 0.04206335 0.01277911 0.03106613 0.02119752 0.02472973 0.04050004 0.01141741 0.02731973 0.02679463 0.02245202 0.01939812 0.00739442 0.01812472 0.26128528 0.18398520 0.00564112 0.01470422 0.04648025
38 0.03273957 0.02282818 0.01662819 0.01172559 0.00721795 0.01585369 0.01886128 0.01128149 0.04481926 0.03345547 0.07356354 0.02534478 0.00840471 0.22249982 0.00789843 0.03413997 0.02842308 0.02101448 0.33022273 0.03307777
39 0.07637439 0.14311599 0.05731229 0.02161630 0.01313590 0.04226800 0.04316370 0.02861300 0.12832699 0.02591890 0.02342640 0.07895489 0.01374130 0.02941970 0.03065160 0.12529199 0.03450660 0.01538310 0.03076760 0.03801140
40 0.01916092 0.01494141 0.00577790 0.00455198 0.00535287 0.01333371 0.01026301 0.00676535 0.04454954 0.02251642 0.05983495 0.01890352 0.00358857 0.31726227 0.00417949 0.01818412 0.02357162 0.02145262 0.36137931 0.02443042
41 0.06247845 0.16085513 0.05763685 0.04966464 0.00378826 0.10479309 0.08209797 0.02381282 0.02838052 0.02157992 0.02440412 0.20892717 0.01148781 0.01796561 0.01547921 0.04843534 0.03738373 0.00291649 0.00830574 0.02960712
42 0.29957282 0.02347849 0.02265869 0.01358289 0.03229888 0.01322299 0.02110739 0.22546887 0.00756292 0.01000569 0.01305259 0.00863942 0.00567422 0.00357926 0.01396959 0.20993088 0.04662997 0.00258734 0.00380542 0.02317169
43 0.02876880 0.01965390 0.00867520 0.00724659 0.00704319 0.01191020 0.01562030 0.00801305 0.03043410 0.05747940 0.16285199 0.02169550 0.02029730 0.18966098 0.00560825 0.02256600 0.02428360 0.01718670 0.28916498 0.05184000
44 0.03945367 0.00747688 0.00584570 0.00240451 0.01001399 0.00467535 0.00562117 0.00772767 0.00254543 0.21808183 0.28986777 0.00564241 0.06184005 0.06104145 0.00833560 0.01415629 0.03285347 0.00251465 0.01555029 0.20435184
45 0.03779368 0.03979628 0.01275379 0.01465629 0.00880152 0.03389779 0.07629137 0.01549179 0.02444949 0.07311207 0.21662491 0.05010698 0.03711388 0.14933994 0.01286889 0.02124579 0.02112069 0.01294899 0.08521276 0.05637308
46 0.03908932 0.01551711 0.00941024 0.00752554 0.00919668 0.00937173 0.01572711 0.01442171 0.00675262 0.15613406 0.33668514 0.01208890 0.07707443 0.07314133 0.01150540 0.02216131 0.03040631 0.00411398 0.02446201 0.12521505
47 0.07868909 0.08404339 0.06062740 0.07319029 0.00940197 0.10164999 0.09414059 0.04690770 0.03364070 0.03444740 0.03545230 0.10258099 0.01476780 0.02644130 0.03293500 0.06786749 0.04386420 0.00638621 0.01835290 0.03461330
48 0.14094707 0.01502591 0.01462301 0.00896148 0.01771281 0.01329631 0.01691071 0.02663911 0.01104651 0.17369109 0.11219906 0.01776501 0.03334972 0.02066331 0.01636971 0.06669013 0.06697473 0.00370302 0.01100821 0.21242311
49 0.16303212 0.07094405 0.03284122 0.01725411 0.02308382 0.02832972 0.03488992 0.10451607 0.01376081 0.01803101 0.01674581 0.04046223 0.01124981 0.00822803 0.03390802 0.22759216 0.11533408 0.00822463 0.00705806 0.02451432
50 0.05110222 0.01155780 0.08388113 0.30165410 0.00633886 0.05486932 0.27308709 0.02980231 0.02713161 0.01643001 0.01978031 0.03650491 0.00127915 0.00188749 0.00542656 0.03244971 0.03124641 0.00081735 0.00364927 0.01110440
51 0.04825031 0.00418009 0.00706879 0.00243234 0.01068910 0.00557740 0.00320895 0.00754611 0.00230613 0.29050506 0.17447403 0.00550211 0.04323291 0.02522140 0.01014040 0.01318930 0.04279341 0.00215564 0.00956745 0.29195906
52 0.19749306 0.05123462 0.04492971 0.02946701 0.01562560 0.04790631 0.04827821 0.04452041 0.11326003 0.04841421 0.03754501 0.05098532 0.01669321 0.03714841 0.02218271 0.07303852 0.04243691 0.01181950 0.02643091 0.04059031
53 0.05411440 0.01280860 0.01159710 0.00942396 0.01123780 0.01208590 0.01362140 0.01273460 0.00816014 0.24314199 0.19037699 0.01310930 0.04953180 0.03482720 0.01174120 0.02342040 0.04303440 0.00379665 0.01511120 0.22612499
54 0.14877298 0.04157929 0.11725698 0.06223069 0.02308740 0.04052059 0.05735509 0.07869859 0.03587770 0.02514250 0.02462650 0.05080119 0.01480450 0.02082250 0.01460460 0.11867998 0.06953929 0.00413993 0.01153820 0.03992149
55 0.24437401 0.03578540 0.02542220 0.02298690 0.02652300 0.02621900 0.03771160 0.09730431 0.02075990 0.04594590 0.04547310 0.03117130 0.01675870 0.01563520 0.02472180 0.13546001 0.06534160 0.00730884 0.01297830 0.06211890
56 0.04298193 0.00388497 0.00601624 0.00160417 0.01018171 0.00420429 0.00230662 0.00700893 0.00137490 0.27780317 0.21256113 0.00361953 0.04974653 0.03408352 0.00916114 0.01110871 0.03901452 0.00194310 0.01065271 0.27074217
57 0.15875106 0.04105211 0.04020041 0.02825281 0.02702331 0.02949421 0.03823991 0.07459643 0.01783541 0.02788441 0.03066461 0.03631451 0.01716471 0.01382890 0.03885281 0.22147108 0.09123213 0.00775825 0.01603091 0.04335202
58 0.14149604 0.02071491 0.02649261 0.00958541 0.02582141 0.01788671 0.01748750 0.02248731 0.01657830 0.02841441 0.03752901 0.01804151 0.01605910 0.03657791 0.01011570 0.24033807 0.17159405 0.00787681 0.08622622 0.04867701
59 0.03777176 0.01361249 0.00876562 0.00382785 0.00849983 0.00774625 0.00782399 0.01032729 0.00382758 0.22813676 0.26469272 0.00867256 0.09241770 0.03390776 0.01101259 0.01932328 0.03885726 0.00339169 0.00997024 0.18741480
60 0.06602461 0.14844803 0.05279501 0.05080071 0.00674336 0.07313582 0.07919802 0.02641111 0.02825791 0.02526511 0.03035641 0.19522804 0.01420890 0.02514501 0.01827990 0.05894131 0.04016081 0.00628933 0.01750160 0.03680901
61 0.05376503 0.01335211 0.02879892 0.00741264 0.01070091 0.01284221 0.01201841 0.01187331 0.02176651 0.16786409 0.14753308 0.02012391 0.03607822 0.09783045 0.01012021 0.03363142 0.06239903 0.00727583 0.05110663 0.19350710
62 0.05733751 0.19546903 0.05593311 0.03554230 0.00253969 0.10236001 0.07136361 0.01827050 0.02574740 0.01511220 0.02022670 0.24944303 0.00956971 0.01478610 0.01129570 0.04304041 0.03807730 0.00233224 0.00565623 0.02589720
63 0.05438729 0.01286350 0.01215330 0.00982814 0.01145370 0.01218980 0.01411320 0.01321590 0.00873789 0.24237593 0.18767095 0.01331920 0.04891199 0.03500129 0.01166340 0.02453239 0.04317339 0.00369554 0.01494430 0.22576894
64 0.05581312 0.02185361 0.13589604 0.05217442 0.01245370 0.03116331 0.04154881 0.02798851 0.04255231 0.12353504 0.07916883 0.03109411 0.02946481 0.03697061 0.01393880 0.06683092 0.07200812 0.00547487 0.01842501 0.10164503
65 0.08795352 0.02071810 0.09525432 0.05421381 0.01810990 0.03092471 0.05186741 0.10056302 0.02297600 0.04637671 0.10454602 0.02883021 0.03890361 0.01489450 0.02310230 0.09729402 0.10344102 0.00453301 0.01038280 0.04511501
66 0.05345310 0.01679730 0.07573770 0.27728200 0.00565533 0.05874920 0.27826200 0.02836930 0.02662990 0.01728400 0.02032550 0.04377200 0.00182888 0.00278998 0.00695355 0.03521480 0.03143800 0.00110404 0.00380273 0.01455070
67 0.04546168 0.02633259 0.07508956 0.25428688 0.00704721 0.05474287 0.24392588 0.03157788 0.02618439 0.02120809 0.03733668 0.06343097 0.00390009 0.00539807 0.01140709 0.03603588 0.02829429 0.00175744 0.00697837 0.01960409
68 0.33568215 0.02160831 0.01933621 0.01014830 0.03461132 0.01055840 0.01857931 0.22147510 0.00653138 0.00898129 0.01190551 0.00638645 0.00481442 0.00281111 0.00995017 0.20538309 0.04283352 0.00192562 0.00303031 0.02344801
69 0.11656005 0.03321811 0.04920592 0.02287531 0.02087861 0.02792071 0.04049432 0.03187101 0.01709631 0.06629813 0.06151103 0.03629392 0.02935631 0.02178021 0.02464851 0.13706806 0.15418607 0.00869745 0.01994711 0.08009284
70 0.04390629 0.00599255 0.00713291 0.00254319 0.00988143 0.00531064 0.00356675 0.00776990 0.00189909 0.27334193 0.20310495 0.00551000 0.05703549 0.02903859 0.01010510 0.01383900 0.04142279 0.00261352 0.00949596 0.26648994
71 0.05923641 0.19902005 0.05325671 0.03207951 0.00324087 0.09742982 0.06572122 0.01938330 0.02449301 0.01211370 0.01502180 0.23077306 0.00810181 0.01206550 0.02084571 0.07669182 0.03888671 0.00271007 0.00475101 0.02417791
72 0.04873397 0.07871114 0.08891314 0.17659388 0.00910880 0.05862626 0.09481063 0.06371976 0.02050069 0.01757619 0.01861919 0.11029092 0.00668852 0.01216889 0.01947199 0.10654293 0.02368348 0.00523005 0.00931171 0.03069788
73 0.06847168 0.04400979 0.05299198 0.14944295 0.00652800 0.06252088 0.23107992 0.03630739 0.02853329 0.02552829 0.03510299 0.07095658 0.01055770 0.01387270 0.02279399 0.05493518 0.03993989 0.00487084 0.01306550 0.02849049
74 0.12906007 0.05082253 0.03362682 0.04753313 0.01155541 0.03570482 0.10746106 0.05673293 0.01707271 0.01747621 0.01858311 0.05703033 0.01171971 0.00758000 0.04474453 0.23378414 0.07013344 0.00738522 0.01021951 0.03177432
75 0.02588309 0.01162260 0.00492095 0.00298701 0.00902993 0.00689300 0.00898804 0.00795102 0.01125550 0.10988498 0.34077093 0.00999123 0.05665349 0.17325497 0.00454545 0.01204930 0.01709980 0.00973087 0.08482838 0.09165948
76 0.24493599 0.03596420 0.02559060 0.02326600 0.02553430 0.02675220 0.03876560 0.09875320 0.02069590 0.04557740 0.04429230 0.03152820 0.01700620 0.01527120 0.02412000 0.13510399 0.06575290 0.00663435 0.01287210 0.06158340
77 0.03944308 0.00731725 0.00609208 0.00237397 0.01007910 0.00456397 0.00539357 0.00773430 0.00267012 0.21825891 0.28996288 0.00548743 0.06206387 0.06084327 0.00832664 0.01414049 0.03302299 0.00254569 0.01538349 0.20429691
78 0.05811482 0.02833501 0.09169703 0.21655007 0.00900918 0.08581133 0.18425306 0.03847241 0.02705881 0.02052251 0.01843661 0.05384022 0.00632197 0.00941366 0.01344850 0.05266852 0.05684642 0.00313587 0.00593270 0.02013131
79 0.26166875 0.01909178 0.02320258 0.00812741 0.04008666 0.01268609 0.02175618 0.06145104 0.00922207 0.02344418 0.02533958 0.01266079 0.01453149 0.00330649 0.00769725 0.24341376 0.14146486 0.00267832 0.01224709 0.05592365
80 0.29987102 0.01569660 0.02685760 0.01019530 0.07766391 0.01221560 0.00999359 0.10215201 0.00956776 0.01817420 0.01742360 0.00526987 0.01160640 0.00259259 0.00558328 0.23949602 0.08546981 0.00180374 0.00732170 0.04104540
81 0.04126712 0.07318094 0.08349565 0.17465010 0.00548810 0.06687854 0.12521407 0.05125553 0.01966071 0.01943251 0.02457771 0.14543708 0.00668596 0.01479371 0.01705471 0.06048383 0.02168481 0.00420667 0.01012271 0.03442952
82 0.05471746 0.00387237 0.00819423 0.00231218 0.01196029 0.00521435 0.00332375 0.00898790 0.00257179 0.28335480 0.16281988 0.00491044 0.04289417 0.02165548 0.00969323 0.02105619 0.05378356 0.00222738 0.00934275 0.28710780
83 0.01809999 0.01412100 0.00482253 0.00408223 0.00503557 0.01298480 0.00943211 0.00639235 0.04399018 0.02008829 0.05417628 0.01810129 0.00243804 0.32582389 0.00380222 0.01768279 0.02396119 0.02055279 0.37210287 0.02230959
84 0.08509038 0.07648598 0.06336458 0.05512009 0.00890300 0.11335697 0.09249078 0.03124079 0.08698168 0.03927879 0.03876909 0.08818288 0.01671650 0.03339819 0.02036519 0.05013729 0.03691059 0.00709797 0.02680389 0.02930539
85 0.05345208 0.01651649 0.07556168 0.27777791 0.00568718 0.05844808 0.27926191 0.02807679 0.02666539 0.01717829 0.02026999 0.04384899 0.00168170 0.00265765 0.00690341 0.03493009 0.03144499 0.00122068 0.00381091 0.01460580
86 0.03947358 0.00729879 0.00596271 0.00227288 0.00992331 0.00467391 0.00542541 0.00775739 0.00273320 0.21800388 0.29057184 0.00554478 0.06227907 0.06094167 0.00822712 0.01422159 0.03277298 0.00247313 0.01546289 0.20397989
87 0.04741853 0.00302618 0.00676674 0.00211010 0.01051701 0.00506345 0.00228662 0.00733146 0.00184546 0.29863420 0.16909511 0.00453309 0.04174573 0.02291732 0.00987347 0.01171771 0.04288313 0.00203595 0.00910552 0.30109320
88 0.10295799 0.16145398 0.03502510 0.02440140 0.01949140 0.04973050 0.04988970 0.04439530 0.02553930 0.01955800 0.02017570 0.10621299 0.01450600 0.01483350 0.05066619 0.16042498 0.05096019 0.01066970 0.01108300 0.02802510
89 0.11586403 0.03156911 0.03042991 0.01574520 0.03160241 0.01942351 0.02773321 0.03580811 0.01638410 0.05304492 0.08490563 0.02508711 0.08516223 0.01391780 0.02445431 0.18385706 0.10959203 0.01461450 0.01200320 0.06880162
90 0.05367689 0.02170040 0.07126809 0.26002995 0.00477559 0.07549779 0.26931695 0.02776310 0.02697090 0.01948800 0.01997410 0.05057279 0.00202055 0.00380891 0.00726318 0.03468919 0.02921749 0.00110203 0.00366932 0.01719480
91 0.04803848 0.00399447 0.00697899 0.00237623 0.01065760 0.00536164 0.00294777 0.00749186 0.00223971 0.29190487 0.17386992 0.00518228 0.04310938 0.02492129 0.01003590 0.01269009 0.04294988 0.00227815 0.00968365 0.29328787
92 0.03936960 0.00614494 0.00615534 0.00182745 0.00953372 0.00451472 0.00356057 0.00764786 0.00173918 0.25542199 0.25417699 0.00397480 0.06169680 0.04089980 0.00907526 0.01211630 0.03581850 0.00197749 0.01147470 0.23287399
93 0.06547852 0.14793604 0.05382431 0.05144941 0.00693885 0.07300952 0.07834632 0.02695071 0.02852511 0.02446951 0.03043051 0.19478605 0.01420520 0.02482491 0.01895510 0.05927011 0.04074691 0.00651271 0.01684750 0.03649271
94 0.04378257 0.00306920 0.00612118 0.00148158 0.01023719 0.00410345 0.00160953 0.00688190 0.00116215 0.28935183 0.19694189 0.00327137 0.04712187 0.02898518 0.00933170 0.01046569 0.04017838 0.00189985 0.00982865 0.28417484
95 0.04383670 0.04840470 0.15960300 0.07382730 0.01046390 0.09616120 0.05283600 0.05285320 0.03573810 0.01433740 0.02079410 0.06929520 0.00850317 0.02162920 0.11285900 0.08376030 0.05387480 0.00432482 0.01537640 0.02152150
96 0.06524408 0.14703697 0.05336549 0.05130039 0.00668030 0.07300208 0.07967408 0.02619849 0.02818089 0.02545919 0.03091119 0.19421896 0.01450170 0.02441189 0.01856190 0.05950469 0.04085509 0.00627383 0.01729200 0.03732679
97 0.04377938 0.00311583 0.00607219 0.00145381 0.01023100 0.00413374 0.00162319 0.00688925 0.00109668 0.28921488 0.19761792 0.00320224 0.04724568 0.02908849 0.00932262 0.01033690 0.04004538 0.00190141 0.00986554 0.28376389
98 0.02560991 0.01367371 0.00751014 0.00187365 0.00653949 0.00513713 0.00848779 0.01115671 0.00294563 0.15036907 0.41572620 0.00475003 0.11633305 0.06715723 0.00903601 0.01814471 0.02655921 0.00205436 0.01278741 0.09414854
99 0.06330658 0.02752293 0.22966528 0.05494057 0.01734482 0.04664116 0.03452744 0.04973926 0.04202625 0.02111073 0.01391062 0.04668856 0.01011831 0.02405383 0.01793222 0.14254318 0.11268814 0.00297726 0.01371482 0.02854804
100 0.04510405 0.08589611 0.02193348 0.07867262 0.00378815 0.07610172 0.22163677 0.01824028 0.02459537 0.03183537 0.06664523 0.16555783 0.00985302 0.01655978 0.01989778 0.03766826 0.01957188 0.00289386 0.01406199 0.03948646
101 0.06838604 0.04480906 0.05234195 0.14694487 0.00642690 0.06281814 0.23180779 0.03516517 0.02855617 0.02591688 0.03596807 0.07236623 0.01055379 0.01385789 0.02226948 0.05549785 0.03986716 0.00502840 0.01277269 0.02864547
102 0.06731093 0.10302804 0.03598301 0.04896352 0.00594460 0.05897252 0.08674944 0.01686621 0.02797201 0.05208382 0.04517682 0.16470007 0.02007791 0.03039711 0.02139661 0.05645132 0.03508651 0.00715029 0.01234221 0.10334704
103 0.03948409 0.01473409 0.00944927 0.00761960 0.00930739 0.00938962 0.01593139 0.01448249 0.00701703 0.15630595 0.33599688 0.01173490 0.07671547 0.07368337 0.01119960 0.02206409 0.03041169 0.00392064 0.02533649 0.12521596
104 0.29537008 0.02327161 0.02300261 0.01410360 0.03032351 0.01297790 0.02109571 0.25447407 0.00742581 0.00923399 0.01258450 0.00818311 0.00545295 0.00383735 0.01266170 0.19717406 0.04145601 0.00257936 0.00317755 0.02161451
105 0.17462181 0.03226417 0.03560236 0.10628289 0.00720457 0.05359734 0.21389177 0.04041166 0.02481607 0.02465617 0.02565527 0.05100185 0.01101909 0.00797713 0.01558988 0.07034293 0.06356633 0.00365832 0.00720191 0.03063847
106 0.05342057 0.01705599 0.07552386 0.27631684 0.00572851 0.05871007 0.27833584 0.02829708 0.02670358 0.01745499 0.02038169 0.04395267 0.00189621 0.00282322 0.00718889 0.03521558 0.03126858 0.00117392 0.00401512 0.01453679
107 0.05409464 0.01297411 0.01160611 0.00942463 0.01143581 0.01184791 0.01417791 0.01259061 0.00842443 0.24200319 0.18915615 0.01322231 0.04936154 0.03533513 0.01194601 0.02383062 0.04335053 0.00389408 0.01555411 0.22577018
108 0.07230173 0.06016073 0.01428251 0.01838021 0.00984208 0.01770301 0.02433801 0.02761231 0.03501821 0.02806191 0.04421062 0.02652531 0.02883081 0.09023954 0.01362931 0.05648332 0.04170502 0.29761312 0.06143733 0.03162491
109 0.04467822 0.00260624 0.00608740 0.00146065 0.01036910 0.00416207 0.00154780 0.00686606 0.00109755 0.29404011 0.18742307 0.00322521 0.04473282 0.02711101 0.00938755 0.01035490 0.04101872 0.00190242 0.00961196 0.29231711
110 0.05723029 0.03105639 0.01812890 0.00976178 0.01243250 0.01673500 0.02133180 0.01900580 0.01253270 0.13920297 0.23469196 0.02390710 0.10402698 0.03904729 0.01595350 0.04680739 0.05389599 0.01155950 0.01314020 0.11955198
111 0.08999648 0.02752709 0.09741037 0.04797739 0.01934059 0.03032879 0.04464869 0.05746539 0.03055799 0.04826759 0.10649997 0.03386779 0.04301679 0.01856190 0.02114789 0.13106997 0.07729828 0.00499186 0.01811100 0.05191419
112 0.04885528 0.11917096 0.01890419 0.04446168 0.00545372 0.06640938 0.16151694 0.01989609 0.02862439 0.04090029 0.09502917 0.13969695 0.02025639 0.02543609 0.02612229 0.04172419 0.02117289 0.00723333 0.02514049 0.04399528
113 0.20802218 0.02822302 0.03453503 0.02638752 0.02619042 0.02154352 0.02735922 0.23709720 0.01094711 0.01311911 0.01620391 0.01736421 0.00790504 0.00692314 0.02616452 0.20699918 0.05217084 0.00493241 0.00576678 0.02214562
114 0.07822580 0.08228030 0.05972260 0.07523720 0.00928751 0.10023901 0.09699351 0.04885920 0.03261220 0.03474520 0.03572980 0.10091201 0.01514740 0.02598770 0.03438240 0.06823350 0.04271220 0.00607563 0.01808330 0.03453350
115 0.06731925 0.01483579 0.01448209 0.01012949 0.01253109 0.01205879 0.01574789 0.01442369 0.00906806 0.22127685 0.15827889 0.01867419 0.04185847 0.03302048 0.01300539 0.03506388 0.04955087 0.00429320 0.01429179 0.24008984
116 0.16507592 0.02304109 0.10015695 0.03638908 0.09767866 0.02488909 0.01871409 0.06889397 0.01895209 0.01884919 0.01635609 0.01956099 0.01646279 0.01289379 0.01269869 0.21466490 0.09122626 0.00341818 0.00971938 0.03035879
117 0.07803520 0.08271840 0.06033720 0.07392490 0.00951057 0.09987760 0.09612660 0.05048410 0.03329690 0.03498090 0.03573050 0.10091400 0.01517050 0.02586110 0.03371940 0.06771050 0.04316730 0.00606180 0.01725230 0.03512020
118 0.06797730 0.01451390 0.01694520 0.00731461 0.01393570 0.01152330 0.01901010 0.04226820 0.01048930 0.16841601 0.17005501 0.01399180 0.09206010 0.01789060 0.01191970 0.06555460 0.10137400 0.01106810 0.00821545 0.13547701
119 0.03980941 0.01588550 0.00952731 0.00730340 0.00932105 0.00940632 0.01542260 0.01448350 0.00705877 0.15501204 0.33674909 0.01229260 0.07726752 0.07346942 0.01088770 0.02245901 0.03059771 0.00424888 0.02480111 0.12399703
120 0.24494105 0.03636421 0.02577130 0.02246860 0.02583200 0.02649671 0.03781061 0.09716332 0.02079740 0.04635261 0.04516931 0.03149501 0.01683280 0.01569370 0.02465920 0.13389003 0.06597421 0.00663361 0.01265450 0.06299981
121 0.24504794 0.03618509 0.02523749 0.02178029 0.02593499 0.02602469 0.03767479 0.09983718 0.02042309 0.04618919 0.04463979 0.03199939 0.01708980 0.01590480 0.02420269 0.13389497 0.06524728 0.00715175 0.01318990 0.06234488
122 0.17745194 0.02297459 0.03653569 0.02822699 0.01725409 0.01966859 0.02340389 0.40017086 0.01009410 0.00972160 0.01464909 0.01240530 0.00574821 0.00769483 0.01613249 0.14549195 0.03050819 0.00387140 0.00349101 0.01450519
123 0.10933611 0.01809182 0.03134103 0.01138561 0.02094202 0.01739822 0.02577273 0.07061777 0.01666802 0.11498512 0.07246827 0.02035052 0.03430133 0.01581152 0.01169201 0.12684113 0.17142417 0.00973450 0.01007421 0.09076389
124 0.04376429 0.00537539 0.00699924 0.00232592 0.01001610 0.00506538 0.00309042 0.00755308 0.00182950 0.27658892 0.20188694 0.00494610 0.05519828 0.02860389 0.01000630 0.01344420 0.04143839 0.00252299 0.00949176 0.26985292
125 0.04619948 0.00423965 0.00664599 0.00221523 0.01067360 0.00487725 0.00347903 0.00750320 0.00209284 0.27459489 0.19983292 0.00482218 0.04664948 0.03329519 0.00973644 0.01302449 0.04087708 0.00232219 0.01109600 0.27582289
126 0.15545892 0.02325519 0.02338869 0.00931110 0.02650089 0.01847779 0.03313218 0.02514149 0.01466439 0.06701217 0.07567766 0.02560129 0.07827686 0.01096979 0.01112579 0.12833894 0.15252492 0.01184719 0.01028009 0.09901465
127 0.12041896 0.04071979 0.05673738 0.05263718 0.01716369 0.06137888 0.03710649 0.21746993 0.01668119 0.01346800 0.01697119 0.03754989 0.00764713 0.01113460 0.05259768 0.16902595 0.04128189 0.00698521 0.00731877 0.01570620
128 0.05518268 0.16155394 0.12558596 0.06243288 0.00835421 0.07470947 0.03911089 0.04407778 0.04024399 0.01326300 0.01714229 0.16134894 0.01095780 0.02220129 0.01594049 0.06144858 0.04461508 0.00510444 0.01388450 0.02284179
129 0.03402941 0.00936803 0.00591283 0.00223723 0.00873093 0.00468326 0.00566038 0.00849594 0.00252634 0.20550909 0.33050114 0.00477590 0.07806143 0.06108433 0.00825369 0.01401961 0.02998831 0.00213544 0.01432561 0.16970107
130 0.14078306 0.01548201 0.01509861 0.00936649 0.01741871 0.01339341 0.01714911 0.02574261 0.01106950 0.17258907 0.11183305 0.01823461 0.03328201 0.02093341 0.01676731 0.06714803 0.06700623 0.00351549 0.01126820 0.21191909
131 0.07696471 0.20840902 0.04080750 0.02665130 0.01517690 0.06193581 0.05077581 0.03352690 0.03003110 0.02630150 0.03467300 0.15544502 0.02080540 0.02496020 0.02756910 0.06595981 0.03853310 0.01226960 0.01875620 0.03044800
132 0.03975231 0.00761484 0.00601724 0.00239983 0.00990363 0.00465889 0.00561479 0.00780419 0.00269216 0.21655604 0.29127006 0.00557704 0.06205301 0.06135671 0.00825502 0.01420840 0.03273571 0.00260887 0.01572520 0.20319604
133 0.05271374 0.02805792 0.09256617 0.24532918 0.00861202 0.05802104 0.17815013 0.06203295 0.02587642 0.02084232 0.02246522 0.05934604 0.00582999 0.01085021 0.01182331 0.05140084 0.02972952 0.00436917 0.01051821 0.02146562
134 0.07614091 0.00965088 0.00752203 0.00399079 0.01382950 0.00771391 0.00839311 0.00983599 0.00940386 0.18018702 0.21538203 0.00981835 0.03957890 0.06745551 0.00876533 0.03396030 0.04936341 0.00538423 0.05466991 0.18895402
135 0.10342586 0.01740578 0.01189098 0.00796446 0.01390698 0.01561468 0.01999907 0.02523047 0.01314298 0.14187881 0.24833566 0.01604498 0.05480423 0.05029943 0.01380508 0.04325794 0.04815363 0.00482657 0.01995157 0.13006082
136 0.04315341 0.01702001 0.01240700 0.00813383 0.00949088 0.01224990 0.01352920 0.00940645 0.03406171 0.09802813 0.12175904 0.01998551 0.02099571 0.16659405 0.00832091 0.03282231 0.03527551 0.01454030 0.21081307 0.11141304
137 0.03934950 0.01577100 0.00964141 0.00761135 0.00930591 0.00944958 0.01565980 0.01438760 0.00700928 0.15683699 0.33570598 0.01191960 0.07689390 0.07277290 0.01074140 0.02169030 0.03039230 0.00415903 0.02473920 0.12596299
138 0.03391319 0.02408599 0.02093029 0.01106960 0.00965909 0.01987119 0.01722959 0.01804089 0.03535229 0.06306118 0.13970395 0.02703629 0.02312499 0.23629592 0.00826126 0.02519409 0.02584239 0.02356449 0.17569794 0.06206538
139 0.11417799 0.02133090 0.04335950 0.03930440 0.00848634 0.02336920 0.02597700 0.51956296 0.01258750 0.01232880 0.01941660 0.01470800 0.00589338 0.01190250 0.01198300 0.07669529 0.01742940 0.00344002 0.00418624 0.01386100
140 0.02364691 0.00872262 0.00302284 0.00141019 0.00897734 0.00267768 0.00584530 0.00650263 0.00311112 0.12686304 0.43463714 0.00436886 0.07587072 0.13407504 0.00361307 0.00941694 0.01413350 0.00363909 0.03206891 0.09739703
141 0.18654101 0.02774930 0.02830670 0.01277140 0.03834670 0.01861910 0.02413450 0.04544600 0.01515720 0.03802080 0.05220380 0.02190720 0.06441700 0.00855204 0.01808110 0.19419101 0.11655101 0.01020450 0.01064720 0.06815240
142 0.06678454 0.01482161 0.01528401 0.01059071 0.01248101 0.01212831 0.01631361 0.01411791 0.00926012 0.22017814 0.15835210 0.01887911 0.04250203 0.03296572 0.01309061 0.03542872 0.04960303 0.00427905 0.01426351 0.23867615
143 0.11443606 0.02161061 0.04370082 0.03906792 0.00864461 0.02346461 0.02585201 0.51700229 0.01241851 0.01276881 0.01997531 0.01413781 0.00601260 0.01179931 0.01276991 0.07695594 0.01778251 0.00358969 0.00428834 0.01372231
144 0.10069996 0.05827368 0.05435648 0.12998095 0.00793872 0.04981338 0.10501096 0.04337678 0.01914329 0.01923659 0.01810469 0.12037195 0.00953251 0.01186050 0.02171119 0.14159894 0.03510399 0.00690223 0.00796215 0.03902108
145 0.29947689 0.02318489 0.02247699 0.01350359 0.03261499 0.01304540 0.02124689 0.22835991 0.00755888 0.01001650 0.01291530 0.00868875 0.00585187 0.00360963 0.01349649 0.20807092 0.04618618 0.00263491 0.00371784 0.02334319
146 0.03825761 0.00505467 0.00544585 0.00136247 0.00970466 0.00354728 0.00251881 0.00688416 0.00121127 0.24972404 0.26449704 0.00310945 0.05858991 0.04877691 0.00818720 0.01088810 0.03403011 0.00197413 0.01239330 0.23384304
147 0.24624100 0.02852850 0.02455840 0.01289100 0.03694290 0.01828020 0.02361440 0.08362110 0.00931485 0.01668590 0.01643350 0.01761920 0.01080590 0.00364556 0.02283670 0.28158500 0.09363030 0.00342260 0.01131460 0.03802840
148 0.08140604 0.03451297 0.04244027 0.08942673 0.00975515 0.04862166 0.14995889 0.11753091 0.03303508 0.07216175 0.05035936 0.04610557 0.02008359 0.02048468 0.01711889 0.06474175 0.04730976 0.00976027 0.01266329 0.03252338
149 0.03936398 0.00609512 0.00612269 0.00175939 0.00947171 0.00455309 0.00347449 0.00767216 0.00176852 0.25606388 0.25359988 0.00392503 0.06201707 0.04042248 0.00918027 0.01220579 0.03605128 0.00198901 0.01130529 0.23295889
150 0.02906702 0.01188111 0.00713762 0.00181979 0.00694287 0.00472796 0.00608094 0.00992642 0.00209747 0.19443617 0.35466331 0.00422410 0.10311109 0.05149894 0.00945353 0.01649631 0.03059923 0.00181159 0.01095041 0.14307412
151 0.07696354 0.03887067 0.02010778 0.01436129 0.00722286 0.03941657 0.03445537 0.08042194 0.00812159 0.01023369 0.02322308 0.01583519 0.00875578 0.00665795 0.43412566 0.11294391 0.04780326 0.00378237 0.00415620 0.01254129
152 0.07730418 0.20874094 0.04064239 0.02642219 0.01518500 0.06217548 0.05172808 0.03386149 0.02956789 0.02675049 0.03487049 0.15437195 0.02104929 0.02379739 0.02812289 0.06586338 0.03871609 0.01231050 0.01793159 0.03058829
153 0.07032595 0.04308403 0.01979362 0.01440931 0.00638606 0.04059633 0.04200093 0.04527743 0.01161961 0.02549642 0.03651963 0.02417002 0.01369581 0.01042661 0.40255331 0.10202008 0.05106094 0.00441562 0.00786826 0.02828002
154 0.03564660 0.01438460 0.01237950 0.00601572 0.01058930 0.01099940 0.01189440 0.00954064 0.01687530 0.15441498 0.24906297 0.01543050 0.04643739 0.14415598 0.00740748 0.01671270 0.02590560 0.00811228 0.07111769 0.13291698
155 0.25280910 0.02033871 0.02436071 0.01503431 0.02732131 0.01651881 0.02118361 0.20044708 0.01139460 0.02395881 0.04901642 0.00999638 0.01448151 0.00630978 0.01545941 0.17598907 0.06580803 0.00342294 0.00690849 0.03924092
156 0.06061563 0.04523742 0.16644507 0.09816704 0.01316861 0.05264322 0.06604503 0.07045273 0.04267522 0.02704011 0.02706051 0.06556813 0.01263961 0.02722241 0.01814131 0.08286434 0.06724093 0.00422907 0.01810641 0.03443721
157 0.02920941 0.00965789 0.00572041 0.00141867 0.00804276 0.00330522 0.00481217 0.00802728 0.00164004 0.18606204 0.36577807 0.00326452 0.08840612 0.06927141 0.00768914 0.01358710 0.02707071 0.00196051 0.01386150 0.15121503
158 0.02892698 0.02286958 0.03560947 0.04942636 0.00922588 0.02370958 0.02170648 0.02013358 0.04901776 0.03808737 0.05288476 0.03434107 0.00641581 0.23399481 0.01053389 0.02819728 0.02013438 0.03320687 0.25439379 0.02718428
159 0.04639101 0.00223638 0.00634855 0.00166043 0.01046840 0.00455096 0.00138652 0.00702166 0.00119404 0.30440306 0.16815104 0.00349248 0.04164481 0.02163110 0.00973999 0.01048840 0.04256251 0.00191162 0.00876396 0.30595306
160 0.05017850 0.19592599 0.10019999 0.05096460 0.00287212 0.10248899 0.03606040 0.02924820 0.02742410 0.00648075 0.00991707 0.24167999 0.00734993 0.01493140 0.01058790 0.04535610 0.04455700 0.00168120 0.00478949 0.01730630
161 0.11126994 0.02203829 0.02340029 0.01252939 0.02007289 0.01544139 0.01929499 0.01934009 0.03198668 0.05836717 0.06850217 0.02265899 0.02059969 0.07476596 0.01176309 0.14806393 0.08779126 0.01013389 0.12323794 0.09874195
162 0.03312470 0.02346330 0.01683500 0.01230720 0.00744460 0.01635400 0.01908270 0.01147570 0.04480860 0.03399430 0.07451210 0.02543340 0.00865488 0.22045300 0.00768650 0.03426200 0.02814740 0.02071260 0.32775201 0.03349600
163 0.23175297 0.01880410 0.02651590 0.01933550 0.01417850 0.01448830 0.01805440 0.46812893 0.00852408 0.00642516 0.01272900 0.00491219 0.00282081 0.00679031 0.00587200 0.10889898 0.01690350 0.00179507 0.00159163 0.01147870
164 0.04617529 0.00273090 0.00648714 0.00175857 0.01043120 0.00467854 0.00173090 0.00716871 0.00147773 0.30098494 0.17280897 0.00377157 0.04287229 0.02292340 0.00979093 0.01079220 0.04230899 0.00198350 0.00903830 0.30008594
165 0.03847197 0.02372288 0.13405391 0.27150982 0.00859545 0.05878426 0.15726890 0.07031925 0.02645038 0.01450909 0.01816119 0.05686216 0.00284212 0.01089059 0.01068689 0.04484727 0.02689018 0.00155502 0.00931225 0.01426639
166 0.05185551 0.01159840 0.01114280 0.00411115 0.01150940 0.00816626 0.01102250 0.01310780 0.00516578 0.22579005 0.19977304 0.00990947 0.07993042 0.02316241 0.01095810 0.03531721 0.06951562 0.00479611 0.00933191 0.20383604
167 0.16697604 0.02545321 0.02967441 0.01794840 0.02999741 0.02135800 0.02485211 0.12677403 0.01975980 0.05563381 0.03402371 0.01679820 0.01799050 0.01056790 0.02002820 0.22360305 0.09466142 0.01025590 0.00899898 0.04464491
168 0.06923719 0.08229919 0.03396729 0.04437279 0.00710448 0.05108989 0.07511679 0.01671640 0.02670080 0.07354909 0.05644449 0.13514098 0.02490410 0.03267929 0.02117140 0.05582459 0.03800359 0.00746469 0.01337300 0.13483998
169 0.07700820 0.08379420 0.06076360 0.07429820 0.00917372 0.10081500 0.09559210 0.04829230 0.03373260 0.03428640 0.03541000 0.10224800 0.01499810 0.02675300 0.03312100 0.06756610 0.04299220 0.00643820 0.01843520 0.03428190
170 0.02991002 0.01584141 0.00607246 0.00332939 0.00887896 0.00533908 0.00877591 0.00817770 0.00534967 0.13952509 0.38147023 0.00990946 0.08060695 0.09935036 0.00599223 0.01566651 0.02240431 0.00587366 0.03956952 0.10795707
171 0.07704302 0.20884006 0.04043181 0.02674551 0.01480850 0.06192932 0.05235992 0.03272121 0.02960911 0.02677541 0.03458321 0.15502205 0.02097851 0.02405501 0.02788531 0.06626332 0.03826331 0.01277640 0.01766971 0.03123931
172 0.03450300 0.01368190 0.02223730 0.00393293 0.00724053 0.00809723 0.00916008 0.01549180 0.00575497 0.19954998 0.29490397 0.00639681 0.11406299 0.02882400 0.01255670 0.02449040 0.03870400 0.00249697 0.00852047 0.14939399
173 0.05273070 0.02829520 0.09302220 0.24523900 0.00872162 0.05810710 0.17764400 0.06292490 0.02582660 0.02124840 0.02269150 0.05951780 0.00575226 0.01058640 0.01152880 0.05115650 0.02916620 0.00418313 0.01011640 0.02154130
174 0.06880288 0.04425218 0.05234748 0.14801495 0.00648083 0.06294598 0.23192792 0.03672749 0.02853589 0.02563239 0.03520929 0.07129917 0.01074870 0.01395299 0.02174629 0.05549848 0.03962459 0.00477113 0.01271330 0.02876809
175 0.03935963 0.05567794 0.09423076 0.21249114 0.00609820 0.06422524 0.13568009 0.05719364 0.01969231 0.01782791 0.02280561 0.12001208 0.00567570 0.01247301 0.01518361 0.05780224 0.02194231 0.00341348 0.00975298 0.02846212
176 0.03206181 0.03647591 0.16251803 0.19422003 0.01404520 0.06094211 0.07916951 0.07806621 0.02519290 0.01271120 0.01918510 0.07715931 0.00551756 0.02110690 0.04868591 0.06056781 0.03247181 0.00309417 0.01523940 0.02156910
177 0.05032919 0.00958812 0.01036070 0.00501881 0.01109700 0.00739986 0.00854038 0.00957851 0.00458299 0.23672497 0.19293897 0.00987331 0.06440589 0.03148480 0.01107510 0.02420060 0.04856499 0.00573165 0.01020020 0.24830397
178 0.23524220 0.01582711 0.02131752 0.00928778 0.07785967 0.01274491 0.01113491 0.05008714 0.01206521 0.06171545 0.05132294 0.00905591 0.02181532 0.00922581 0.00965788 0.16581714 0.10464509 0.00303250 0.01109141 0.10705409
179 0.05662988 0.04129929 0.04591149 0.15537795 0.00401995 0.09444347 0.29167591 0.02137309 0.02985969 0.02514969 0.03070229 0.07448068 0.00610321 0.01064010 0.01373170 0.03667329 0.02805149 0.00219427 0.00834759 0.02333499
