1 0.36547923 0.00549830 0.01229351 0.01541751 0.07393135 0.01186271 0.01442681 0.08033625 0.00443840 0.02494592 0.01938321 0.01173631 0.01116481 0.00914421 0.02453982 0.21544714 0.05627214 0.00129021 0.00322586 0.03916632
2 0.25347908 0.02187131 0.02472471 0.02638201 0.02891651 0.02412571 0.03678171 0.08130483 0.01092330 0.04428291 0.05484022 0.02879631 0.01974441 0.02022531 0.03875111 0.14327504 0.06411632 0.00384609 0.01448620 0.05912692
3 0.30839779 0.01096629 0.02521708 0.01661249 0.03244148 0.01777139 0.02579908 0.07803385 0.00681671 0.02217608 0.01902179 0.02111539 0.01181809 0.01016899 0.03395828 0.23437684 0.08533304 0.00239371 0.00547266 0.03210898
4 0.06059359 0.01674400 0.01308200 0.01029400 0.01371830 0.01247540 0.01620450 0.01707420 0.00838633 0.22593295 0.15307297 0.01853020 0.03665599 0.03507619 0.01255530 0.03475599 0.04090499 0.00260908 0.01384110 0.25749295
5 0.05973006 0.01046609 0.00487332 0.00331898 0.01397779 0.00795383 0.00960630 0.01084769 0.00662566 0.20076887 0.30595280 0.00821713 0.07246395 0.04563137 0.00711985 0.01974319 0.02653198 0.00363793 0.00912632 0.17340689
6 0.06081293 0.18983709 0.04444972 0.02825221 0.01084451 0.06340083 0.04484052 0.02535151 0.02255771 0.01825931 0.03842502 0.12025306 0.02110711 0.01329931 0.02262381 0.08517144 0.13467107 0.00309700 0.01497561 0.03777022
7 0.16166710 0.02660822 0.04667693 0.03585772 0.02591332 0.03216972 0.04094583 0.06981234 0.01387531 0.03538422 0.03490412 0.03857842 0.01712451 0.01700251 0.03572502 0.20839513 0.09950526 0.00499426 0.01358691 0.04127313
8 0.05218531 0.17585003 0.05099111 0.04394421 0.01021330 0.06238741 0.06833911 0.03576611 0.02976260 0.02060400 0.04579971 0.18853403 0.02014710 0.01331500 0.02509430 0.05913331 0.04448661 0.00391015 0.01728840 0.03224820
9 0.06817526 0.04956747 0.06381766 0.13818792 0.00784845 0.06053656 0.21486487 0.04759267 0.02447579 0.02483509 0.03065698 0.07220836 0.01053699 0.01140219 0.02404779 0.06190846 0.04268837 0.00287634 0.01381179 0.02996098
10 0.13847810 0.01970111 0.04947324 0.02121502 0.01935151 0.02549142 0.03554793 0.03340082 0.00860274 0.02581252 0.02094611 0.02700582 0.01131941 0.01299181 0.01916561 0.27033019 0.21866216 0.00263030 0.00809657 0.03177762
11 0.07140529 0.15809297 0.04507089 0.03592409 0.01483940 0.05209169 0.04413379 0.04606589 0.01966260 0.02021240 0.02968909 0.10516998 0.02069710 0.01035740 0.03264539 0.15533297 0.08376248 0.00496480 0.01338620 0.03649559
12 0.04341862 0.00941624 0.00413708 0.00202041 0.01092650 0.00521762 0.00737078 0.00837595 0.00658292 0.21594508 0.31160011 0.00691612 0.07397883 0.04822192 0.00528857 0.01375920 0.02433101 0.00376105 0.01004990 0.18868207
13 0.07332713 0.03473621 0.13667106 0.06061693 0.01559611 0.04572772 0.04865452 0.04073852 0.03408021 0.02330611 0.03400331 0.05868333 0.01164661 0.00948940 0.02689071 0.14584306 0.15512607 0.00183227 0.01154930 0.03148141
14 0.04286877 0.00996756 0.00348370 0.00166286 0.01065779 0.00500465 0.00736377 0.00766215 0.00663494 0.19891888 0.34436179 0.00672599 0.08259365 0.05142607 0.00523363 0.01207569 0.02293289 0.00410294 0.00995340 0.16636890
15 0.03873021 0.01747681 0.01031420 0.00918118 0.02050111 0.02019791 0.01120220 0.01647851 0.03850661 0.05374062 0.13232204 0.02125931 0.06172822 0.18212206 0.01104020 0.02753591 0.03200391 0.02704161 0.21742707 0.05119032
16 0.03602998 0.01317319 0.00860226 0.00612796 0.01549619 0.01269249 0.00944874 0.01330909 0.03012689 0.07294617 0.20723890 0.01494509 0.04660508 0.19226191 0.00808871 0.01988319 0.02724989 0.02321129 0.18033392 0.06222907
17 0.11265300 0.02899850 0.03366620 0.03005150 0.01312190 0.03575320 0.04047360 0.03009430 0.01390890 0.03462130 0.04799590 0.04269980 0.02124910 0.01552810 0.29175199 0.08829060 0.05830960 0.00634442 0.01358570 0.04090240
18 0.06022368 0.03480219 0.01280430 0.01585810 0.01552500 0.02262729 0.01858419 0.01856229 0.01143590 0.12246896 0.24058893 0.03173209 0.09204407 0.05910148 0.01958469 0.04196719 0.03843709 0.00695759 0.02808599 0.10860897
19 0.12527206 0.02387311 0.04581652 0.17371708 0.02527431 0.03509892 0.08099874 0.04436192 0.01281881 0.03069511 0.05047642 0.03937942 0.02733471 0.07916014 0.02769451 0.07184423 0.04146722 0.00894793 0.02150571 0.03426312
20 0.06732024 0.04853583 0.06384704 0.13907709 0.00763710 0.06143404 0.21750514 0.04816263 0.02488782 0.02495882 0.03014942 0.07152215 0.01082551 0.01093311 0.02367742 0.06155334 0.04260683 0.00272136 0.01371061 0.02893452
21 0.06955390 0.02841250 0.09176860 0.19341400 0.01986210 0.03805340 0.11738400 0.05695600 0.01977530 0.02298240 0.02162470 0.04757690 0.01529610 0.01150800 0.02845110 0.12168100 0.05429860 0.00464910 0.01112700 0.02562530
22 0.05958081 0.03635821 0.09306821 0.22114003 0.01148330 0.04125071 0.16684102 0.05538741 0.02167420 0.02021580 0.02102310 0.05718881 0.01095630 0.01213060 0.02294980 0.06747331 0.03847271 0.00457396 0.01346860 0.02476310
23 0.04386508 0.27505687 0.03592448 0.03038899 0.00862651 0.06296657 0.05353297 0.03340568 0.02717899 0.01723049 0.03907728 0.18758291 0.02285179 0.01000030 0.01791469 0.04390048 0.04006318 0.00321487 0.01453469 0.03268318
24 0.03870210 0.01066710 0.01003020 0.00872438 0.01904230 0.01616960 0.01229260 0.01727380 0.03705290 0.09715011 0.12757802 0.01590490 0.03567080 0.16763302 0.01080630 0.02826590 0.03009130 0.02863730 0.20851103 0.07979631
25 0.31596697 0.00965447 0.01503720 0.02014080 0.08149089 0.01687570 0.01789130 0.07190689 0.00735132 0.03647750 0.03743940 0.01549410 0.01552900 0.01524220 0.02595270 0.17123598 0.05736409 0.00260538 0.00962103 0.05672309
26 0.07150882 0.03790211 0.03993031 0.03808821 0.01723280 0.04116451 0.04009611 0.03682411 0.01499910 0.03222621 0.06431632 0.13962504 0.02476211 0.08769262 0.03347611 0.13641704 0.06464982 0.00984222 0.03365481 0.03559161
27 0.05289318 0.17543592 0.05068758 0.04379798 0.01008160 0.06256337 0.06894297 0.03513368 0.02990159 0.02094279 0.04476678 0.18872392 0.01990039 0.01277039 0.02537449 0.05909677 0.04420068 0.00405005 0.01756759 0.03316829
28 0.25241919 0.02273472 0.02437132 0.02666632 0.02848632 0.02397622 0.03738503 0.08090576 0.01065221 0.04504183 0.05532354 0.02938442 0.02009191 0.02018671 0.03884593 0.14358411 0.06296565 0.00391986 0.01414671 0.05891224
29 0.04897533 0.01746251 0.01175971 0.00737818 0.01319391 0.01303711 0.01391481 0.01487281 0.01200121 0.15122009 0.31119419 0.01955931 0.07292924 0.06562204 0.01210231 0.02331731 0.02993582 0.00668392 0.02629512 0.12854508
30 0.04348377 0.01282939 0.00963655 0.01177229 0.01459249 0.01350669 0.01336609 0.01718299 0.02169019 0.07135325 0.16246089 0.01602199 0.04237607 0.22475685 0.01094109 0.03041218 0.03771508 0.01883169 0.15775990 0.06931055
31 0.07527266 0.02962558 0.06094856 0.14930691 0.01175389 0.03693358 0.08879455 0.03205058 0.01451859 0.02376919 0.02745138 0.04730777 0.01628309 0.01444939 0.19056189 0.08874365 0.04352297 0.00704594 0.00934304 0.03231678
32 0.19313795 0.01646200 0.04088239 0.02906509 0.01967009 0.01795100 0.02586509 0.27641993 0.00983131 0.01437090 0.01837320 0.02463009 0.00923363 0.00958174 0.02026099 0.18246195 0.05380039 0.00414529 0.01003180 0.02382519
33 0.09928658 0.01457381 0.00800441 0.00760767 0.01762611 0.01458781 0.01317001 0.01962582 0.00711572 0.15239112 0.23598118 0.01332681 0.08046786 0.04058543 0.01302271 0.03831003 0.03997053 0.00322765 0.01165161 0.16946713
34 0.03643662 0.00447045 0.00606507 0.00153085 0.00826669 0.00500929 0.00548021 0.00736866 0.00602853 0.32510617 0.13262007 0.00613246 0.02667031 0.02593351 0.00308347 0.01604231 0.03075372 0.00118283 0.00543957 0.34637918
35 0.16162191 0.02795628 0.04659547 0.03530518 0.02649989 0.03245518 0.04075078 0.06994926 0.01407329 0.03524828 0.03507548 0.03946048 0.01682459 0.01692279 0.03511398 0.20716988 0.09904204 0.00501736 0.01340119 0.04151668
36 0.08813967 0.02491112 0.12727209 0.06159775 0.01817031 0.04240633 0.04774714 0.06131425 0.02595432 0.02142932 0.02819302 0.04979224 0.01110271 0.00909990 0.02458872 0.21096516 0.10929008 0.00221817 0.01066391 0.02514382
37 0.30702403 0.00976146 0.02580160 0.01529230 0.03146750 0.01721060 0.02430000 0.07339201 0.00632837 0.02158130 0.01784320 0.01972210 0.01126910 0.00990438 0.03171750 0.24753202 0.09169841 0.00221834 0.00516246 0.03077330
38 0.06048001 0.03655601 0.09270102 0.21900004 0.01202890 0.04176191 0.16661203 0.05464591 0.02177260 0.02054840 0.02154090 0.05657841 0.01155410 0.01233940 0.02269920 0.06747471 0.03913431 0.00451622 0.01305770 0.02499820
39 0.31656934 0.00965334 0.01517902 0.02024002 0.08130329 0.01702062 0.01823832 0.07346228 0.00713913 0.03628194 0.03683864 0.01577252 0.01533022 0.01502272 0.02680803 0.17118618 0.05704746 0.00249442 0.00914607 0.05526646
40 0.16203199 0.02783920 0.04665450 0.03614630 0.02564670 0.03255100 0.04142500 0.06975610 0.01409630 0.03421810 0.03458960 0.03916910 0.01687120 0.01724020 0.03518220 0.20751099 0.09870580 0.00518125 0.01379470 0.04138980
41 0.36178688 0.00786910 0.01777609 0.01339260 0.03412809 0.01379060 0.02096939 0.08579407 0.00567373 0.01882899 0.01554359 0.01630869 0.01090480 0.00893398 0.03289309 0.22772992 0.07051798 0.00187875 0.00409248 0.03118719
42 0.33900703 0.00941451 0.02098820 0.01540620 0.03412990 0.01574380 0.02340920 0.08376711 0.00623165 0.02043760 0.01757460 0.01808320 0.01132350 0.00948983 0.03409080 0.22569702 0.07605961 0.00212139 0.00472294 0.03230190
43 0.16423398 0.01386610 0.01601520 0.01829700 0.07983349 0.02187760 0.01836790 0.03084050 0.01039260 0.08789259 0.16661798 0.01876390 0.03783520 0.03639880 0.01562750 0.08796249 0.05112969 0.00472943 0.01919610 0.10012199
44 0.10892701 0.03631940 0.04487870 0.02956330 0.01909150 0.03417930 0.04229000 0.03711160 0.01509200 0.05156170 0.06005180 0.04215900 0.02239340 0.02903020 0.03255670 0.14121101 0.16571901 0.00400524 0.01877190 0.06508720
45 0.03787655 0.00478045 0.00620067 0.00166327 0.00886285 0.00515033 0.00573649 0.00776068 0.00597108 0.31804138 0.13769316 0.00626791 0.02822613 0.02697273 0.00319417 0.01652232 0.03088794 0.00121269 0.00580181 0.34117741
46 0.06005825 0.03562723 0.09311408 0.21962819 0.01203761 0.04122284 0.16615115 0.05521685 0.02160052 0.02007752 0.02162022 0.05634065 0.01157021 0.01224961 0.02358852 0.06875176 0.03857353 0.00445262 0.01314651 0.02497212
47 0.03013990 0.35516499 0.03041720 0.01519740 0.00589032 0.06585480 0.04854180 0.01347520 0.02931820 0.00261643 0.02085620 0.25868599 0.02236250 0.00166615 0.00849892 0.02815750 0.02770500 0.00096782 0.01118470 0.02329900
48 0.06949474 0.17061310 0.04418553 0.03652932 0.01435121 0.05520673 0.04618833 0.04502873 0.02071701 0.01988181 0.03093822 0.11399007 0.02096821 0.01082431 0.03320102 0.13556508 0.07771545 0.00467830 0.01360011 0.03632272
49 0.05596370 0.08927400 0.04046010 0.03883410 0.01061860 0.06645250 0.11538500 0.02829210 0.02368110 0.03367870 0.13623500 0.14940500 0.02078460 0.02035000 0.02473450 0.05190330 0.04023230 0.00416140 0.01376530 0.03578870
50 0.06182185 0.10716709 0.06068845 0.02551682 0.01182561 0.04978924 0.04274614 0.02642122 0.02798212 0.01997472 0.04155944 0.17721315 0.02007632 0.01191061 0.02164272 0.09192958 0.15342913 0.00299435 0.01287041 0.03244103
51 0.16095293 0.02806789 0.04712878 0.03588198 0.02598969 0.03237439 0.04043268 0.07078787 0.01380649 0.03410888 0.03442038 0.03969928 0.01695179 0.01670219 0.03576738 0.20753491 0.09993526 0.00469975 0.01321509 0.04154238
52 0.03013829 0.35568492 0.03033919 0.01523990 0.00579321 0.06587439 0.04860299 0.01356730 0.02904649 0.00259800 0.02062800 0.25863894 0.02239499 0.00171674 0.00839007 0.02827089 0.02756139 0.00090040 0.01119400 0.02341989
53 0.05113060 0.01048250 0.01033630 0.00935739 0.01390660 0.01061840 0.01463710 0.01329360 0.00837193 0.24552200 0.18768100 0.01267310 0.04427190 0.03850540 0.01149650 0.03081310 0.03476930 0.00433210 0.01346120 0.23434000
54 0.16101808 0.02778451 0.04722332 0.03602932 0.02597251 0.03256112 0.04089452 0.07144403 0.01384411 0.03490982 0.03481932 0.03977312 0.01700201 0.01720091 0.03545952 0.20604510 0.09818155 0.00475223 0.01376681 0.04131812
55 0.03391989 0.30407392 0.03515989 0.03254869 0.00555054 0.07110738 0.08301568 0.01638680 0.02752389 0.00436386 0.02193559 0.23875494 0.02060549 0.00231155 0.00955638 0.03114929 0.02838149 0.00091863 0.01136890 0.02136719
56 0.09644634 0.04942442 0.03382961 0.04926742 0.02089311 0.04422162 0.09982254 0.03610871 0.01254450 0.03212521 0.04449432 0.05988542 0.06938733 0.01966211 0.04158152 0.15240206 0.07691013 0.00546473 0.01382031 0.04170862
57 0.10174306 0.01476351 0.03652482 0.02268781 0.03371182 0.02081541 0.03344442 0.02332831 0.00769830 0.10864307 0.04299773 0.02334241 0.01842191 0.01721961 0.02124281 0.20926413 0.17362211 0.00653107 0.01176371 0.07223395
58 0.20413507 0.02194761 0.03861601 0.08460863 0.02211721 0.02099061 0.05469062 0.26081108 0.01151230 0.01966061 0.01974951 0.02690091 0.01036770 0.01049490 0.01759011 0.10477903 0.03328831 0.00356806 0.00789772 0.02627401
59 0.03731229 0.01344079 0.01200220 0.01007740 0.01585059 0.01584729 0.01476059 0.01808679 0.02602739 0.07088227 0.09269966 0.01899859 0.03063549 0.20470392 0.01012690 0.04384108 0.06481277 0.02388839 0.21676891 0.05923668
60 0.03788678 0.00488878 0.00602106 0.00159253 0.00874826 0.00519184 0.00582223 0.00763772 0.00596459 0.31604581 0.14395891 0.00631909 0.02985808 0.02755298 0.00325604 0.01631709 0.03049138 0.00140432 0.00588673 0.33515580
61 0.04961860 0.01733110 0.01125840 0.00755805 0.01333630 0.01296570 0.01386420 0.01526950 0.01167310 0.15224100 0.31106499 0.01919980 0.07315370 0.06487780 0.01201870 0.02351780 0.02979290 0.00633618 0.02568320 0.12923900
62 0.04206519 0.01029470 0.00161607 0.00105581 0.01026590 0.00411322 0.00658561 0.00676523 0.00559568 0.18633298 0.37632295 0.00455808 0.09492129 0.05441239 0.00393071 0.00954817 0.02093850 0.00418977 0.00873278 0.14775498
63 0.03796988 0.00503960 0.00597892 0.00173097 0.00886182 0.00519370 0.00588766 0.00784249 0.00600355 0.31471681 0.14502291 0.00646515 0.03020708 0.02756878 0.00335007 0.01656579 0.03040098 0.00143411 0.00596495 0.33379480
64 0.06518976 0.02812702 0.08867188 0.23550020 0.00356274 0.04779394 0.26599023 0.03808293 0.01918472 0.01396671 0.01157241 0.05549145 0.00365685 0.00576030 0.01625481 0.04447274 0.02567752 0.00114436 0.01086671 0.01903272
65 0.11059001 0.02320950 0.03760510 0.04341780 0.07486781 0.03141050 0.08883941 0.02711160 0.01082320 0.04087550 0.03624940 0.03110570 0.01778300 0.01362430 0.02296650 0.14306601 0.18516301 0.00364963 0.01008890 0.04755310
66 0.10436691 0.03522307 0.08691963 0.06159365 0.01714719 0.04604906 0.06649324 0.06362305 0.04163576 0.02300618 0.04339436 0.04941116 0.01541719 0.04462526 0.02218878 0.07696353 0.05191576 0.00999534 0.10125091 0.03877997
67 0.17937191 0.01667449 0.08897455 0.03657378 0.02093729 0.03083678 0.04086158 0.06540567 0.01239069 0.02092229 0.02299839 0.03788858 0.01131859 0.00876029 0.02797729 0.22742988 0.11509494 0.00182483 0.00712390 0.02663429
68 0.04631162 0.02516051 0.09008714 0.23070411 0.00258825 0.05484033 0.25696112 0.07030173 0.02642941 0.01209271 0.00960690 0.05822643 0.00333509 0.00511940 0.01078030 0.04702872 0.02385521 0.00103060 0.01038700 0.01515341
69 0.05110396 0.01039409 0.01054679 0.00936320 0.01431619 0.01037569 0.01406019 0.01314899 0.00812544 0.24641183 0.18650587 0.01256599 0.04407587 0.03830007 0.01188469 0.03103458 0.03503998 0.00448965 0.01359709 0.23465983
70 0.06408575 0.02524922 0.07107915 0.17624913 0.02192332 0.03881373 0.18069313 0.03533243 0.01662401 0.05469704 0.02083861 0.04260273 0.01159871 0.00979132 0.02255812 0.07862566 0.08438416 0.00529818 0.01086981 0.02868582
71 0.06071938 0.03569529 0.01268820 0.01548800 0.01549490 0.02298639 0.01847119 0.01867739 0.01179520 0.12127796 0.23805292 0.03222849 0.09179747 0.05978488 0.01983969 0.04234789 0.03860669 0.00697082 0.02923929 0.10783797
72 0.03376690 0.00333864 0.00606226 0.00086463 0.00716539 0.00455907 0.00459015 0.00671974 0.00585623 0.34515504 0.10590001 0.00562894 0.01918770 0.02239220 0.00228481 0.01483540 0.03089240 0.00063960 0.00455482 0.37560605
73 0.19689484 0.02862598 0.04075147 0.07398544 0.01646559 0.04066517 0.14583788 0.04753356 0.01385579 0.02733448 0.03104277 0.04208677 0.01252189 0.01100319 0.04511386 0.10826291 0.06633725 0.00284254 0.00966077 0.03917787
74 0.10836998 0.03659159 0.04581859 0.02992349 0.01925560 0.03392539 0.04319239 0.03638149 0.01533640 0.05156899 0.05987959 0.04220439 0.02168370 0.02866959 0.03180309 0.14265997 0.16557697 0.00395518 0.01855540 0.06464819
75 0.07039911 0.04018330 0.02955240 0.04725210 0.01307560 0.05115721 0.12921201 0.03519150 0.01921160 0.06926471 0.16531802 0.05655641 0.03504520 0.03639850 0.02271310 0.04875530 0.04348740 0.00516760 0.01795890 0.06410001
76 0.08910484 0.07810963 0.05393672 0.10657504 0.00692591 0.06777493 0.19665608 0.03857512 0.02155001 0.01955661 0.02603241 0.11621805 0.01024620 0.00758006 0.02292531 0.06013303 0.04068172 0.00226821 0.01120360 0.02394651
77 0.25449125 0.02173612 0.02430632 0.02658123 0.02867923 0.02353422 0.03668794 0.08071078 0.01059751 0.04503314 0.05561266 0.02871863 0.01997772 0.01988422 0.03860644 0.14478014 0.06380746 0.00391441 0.01355821 0.05878236
78 0.05063691 0.01031740 0.01019250 0.00939965 0.01394570 0.01078540 0.01464690 0.01335350 0.00814449 0.24711805 0.18753404 0.01273480 0.04427051 0.03805681 0.01125120 0.03021061 0.03409441 0.00451027 0.01302680 0.23577004
79 0.04956236 0.01721789 0.01173779 0.00749943 0.01330249 0.01288679 0.01362799 0.01512909 0.01181429 0.15180587 0.31109174 0.01881998 0.07271644 0.06575244 0.01168559 0.02334888 0.02981707 0.00659159 0.02653838 0.12905389
80 0.18870724 0.01751142 0.04165115 0.03020604 0.01916642 0.01830572 0.02640243 0.29288137 0.01002551 0.01394232 0.01866472 0.02515373 0.00896281 0.00968510 0.01971712 0.17007721 0.05071826 0.00430356 0.01012041 0.02379743
81 0.06942886 0.00993233 0.01336141 0.01853022 0.06219705 0.02054482 0.01293351 0.02206002 0.03593283 0.06285946 0.12658311 0.01704471 0.03904943 0.14237213 0.01483351 0.05113514 0.03644763 0.02603002 0.15906614 0.05965765
82 0.04201992 0.01011861 0.00164397 0.00097260 0.01021731 0.00397325 0.00654722 0.00674305 0.00556309 0.18840211 0.37403121 0.00456067 0.09426435 0.05353033 0.00385382 0.00957361 0.02095341 0.00418320 0.00855116 0.15029709
83 0.12648893 0.02012229 0.04817437 0.01940979 0.01712429 0.02460529 0.03610958 0.02769419 0.00801267 0.02479829 0.02017909 0.02505059 0.01057439 0.01337289 0.01696889 0.26781486 0.25204487 0.00226084 0.00763191 0.03156198
84 0.25498095 0.02164890 0.02474990 0.02662700 0.02865319 0.02402290 0.03692649 0.08248269 0.01080390 0.04469769 0.05482959 0.02860999 0.02025790 0.01979340 0.03802229 0.14419997 0.06338349 0.00368178 0.01340690 0.05822109
85 0.04197501 0.00873439 0.00266640 0.00075712 0.00988714 0.00374455 0.00615988 0.00689244 0.00567471 0.21902504 0.32389406 0.00474148 0.07744001 0.04602911 0.00333624 0.01055470 0.02295340 0.00310591 0.00706737 0.19536103
86 0.17107800 0.01999820 0.02389690 0.01953300 0.01770300 0.02808230 0.04383050 0.02753290 0.00872579 0.09544810 0.05491110 0.02970740 0.02128700 0.01645860 0.20414800 0.09549770 0.05356040 0.00700030 0.00808790 0.05351290
87 0.06751059 0.11624198 0.04918819 0.03962369 0.00654698 0.02494780 0.03299939 0.41019493 0.01408930 0.00965383 0.02101780 0.06241299 0.00806599 0.00601098 0.01008710 0.06416969 0.02492230 0.00573701 0.00971397 0.01686550
88 0.25469585 0.01537969 0.02140329 0.01936899 0.02030689 0.02395779 0.03973078 0.04821637 0.00746826 0.02696938 0.02559839 0.02423139 0.01633079 0.01071649 0.20904788 0.13320892 0.05500587 0.00433661 0.00655850 0.03746788
89 0.10790804 0.03691411 0.04564022 0.02938511 0.01909731 0.03437441 0.04207152 0.03727221 0.01542711 0.05170962 0.05998962 0.04219992 0.02203151 0.02933821 0.03087321 0.14227006 0.16550007 0.00422380 0.01858181 0.06519213
90 0.04947037 0.01759059 0.01165289 0.00753467 0.01313829 0.01323969 0.01398399 0.01454739 0.01183309 0.15176690 0.31180379 0.01909509 0.07289765 0.06519106 0.01208879 0.02349628 0.02961528 0.00635689 0.02591538 0.12878192
91 0.07576869 0.02251090 0.04099729 0.08235509 0.01195180 0.05563219 0.18522397 0.10995498 0.02982489 0.07703549 0.04447969 0.04703619 0.01243940 0.02031280 0.02082850 0.06049249 0.03928219 0.00669778 0.01267560 0.04450009
92 0.25401098 0.02171870 0.02478080 0.02625010 0.02865870 0.02393880 0.03642730 0.08264679 0.01076070 0.04478590 0.05514740 0.02841650 0.01994410 0.01986980 0.03907410 0.14329199 0.06329470 0.00369717 0.01401380 0.05927170
93 0.06090419 0.01605760 0.01289660 0.01083530 0.01354740 0.01275850 0.01692670 0.01775820 0.00843727 0.22531695 0.15268897 0.01746310 0.03676039 0.03554299 0.01196360 0.03538549 0.04115139 0.00286004 0.01393840 0.25680695
94 0.04588578 0.15295794 0.05087908 0.08627597 0.00571066 0.07307137 0.16400194 0.03308019 0.02662849 0.01311409 0.02590319 0.17458493 0.01373939 0.00632206 0.01544499 0.04554068 0.03254429 0.00178197 0.01155710 0.02097589
95 0.03119719 0.01319130 0.00474201 0.00596421 0.00954060 0.00697732 0.00908689 0.00827155 0.01188860 0.06465358 0.21695095 0.01069070 0.04857999 0.27865993 0.00420356 0.02002030 0.03475519 0.01291130 0.14775796 0.05995689
96 0.13114500 0.02462420 0.04759170 0.03475580 0.01813310 0.02947350 0.03939300 0.19951999 0.01665790 0.02481730 0.03503190 0.03600020 0.01495780 0.01436670 0.02474400 0.12819100 0.12311100 0.00476503 0.01291380 0.03980710
97 0.18881184 0.01757598 0.04199946 0.03088157 0.01912798 0.01806868 0.02610468 0.29351475 0.00998759 0.01402809 0.01846368 0.02529428 0.00906420 0.00940022 0.01981118 0.17054785 0.05052866 0.00392840 0.00956021 0.02330068
98 0.04919606 0.02698748 0.10163592 0.25815380 0.00295298 0.04466977 0.25485180 0.03858097 0.02050088 0.01230279 0.00916984 0.05577436 0.00338343 0.00527748 0.01461069 0.04561606 0.02528528 0.00104953 0.01136719 0.01863369
99 0.06905884 0.03063602 0.07272474 0.15951809 0.00904411 0.03660202 0.12618607 0.23197713 0.01926941 0.01511781 0.01792361 0.04479433 0.00865862 0.00895004 0.01413291 0.07112684 0.03101562 0.00442169 0.01019961 0.01864251
100 0.04939794 0.01744291 0.01153841 0.00751365 0.01324501 0.01305221 0.01404771 0.01497411 0.01151591 0.15117511 0.31243323 0.01899871 0.07330035 0.06574075 0.01200971 0.02320492 0.02963922 0.00653591 0.02622512 0.12800910
101 0.15945399 0.02786360 0.04654530 0.03667950 0.02596280 0.03342650 0.04153000 0.06855940 0.01410970 0.03459210 0.03592780 0.04039330 0.01736990 0.01685680 0.03569030 0.20650499 0.09850290 0.00488525 0.01341130 0.04173460
102 0.27069821 0.01189941 0.01890461 0.01616911 0.04029503 0.01746671 0.02584082 0.05864865 0.00635061 0.04660414 0.03874873 0.01882761 0.01699411 0.01381711 0.03066402 0.17625914 0.07841916 0.00235117 0.00841055 0.10263108
103 0.10760095 0.02679619 0.05167628 0.03694068 0.01048820 0.01781739 0.03300589 0.44480581 0.01325189 0.01525839 0.02597199 0.02906159 0.00773232 0.01093020 0.01305409 0.08734356 0.02879439 0.00420061 0.01282919 0.02244039
104 0.04288366 0.01308889 0.00946662 0.01154239 0.01434759 0.01335619 0.01324079 0.01722088 0.02153118 0.07153253 0.16284383 0.01595008 0.04193766 0.22550777 0.01092289 0.03045327 0.03754516 0.01896818 0.15783384 0.06982663
105 0.11098999 0.01319590 0.01590140 0.01523160 0.06583190 0.01716460 0.01579600 0.02299290 0.00801626 0.15233399 0.12636799 0.01588890 0.03248250 0.03003140 0.01408720 0.06953160 0.05360340 0.00311891 0.01335560 0.20407799
106 0.03772607 0.00489567 0.00608685 0.00162787 0.00878419 0.00515233 0.00583991 0.00758266 0.00595205 0.31666274 0.14265388 0.00637992 0.02953618 0.02731098 0.00339878 0.01653889 0.03077657 0.00136489 0.00585787 0.33587172
107 0.10708204 0.07354532 0.04049021 0.02610521 0.01459900 0.04693022 0.04393591 0.03181961 0.02362751 0.02517381 0.04713432 0.11335704 0.02067611 0.04100881 0.02074371 0.08000933 0.10961904 0.00722937 0.07561652 0.05129692
108 0.04103738 0.00913669 0.00215411 0.00086204 0.01009610 0.00355694 0.00618137 0.00681449 0.00537098 0.21109692 0.32351888 0.00434529 0.07822047 0.05903338 0.00323297 0.01038130 0.02349829 0.00347820 0.01184430 0.18613993
109 0.06062200 0.03452780 0.01296020 0.01594800 0.01560300 0.02333190 0.01871420 0.01864480 0.01141930 0.12220899 0.23894598 0.03186580 0.09221799 0.05899430 0.01966580 0.04210390 0.03912260 0.00665397 0.02785650 0.10859299
110 0.03380939 0.30886095 0.03585849 0.01806370 0.00683146 0.07015419 0.04802739 0.01394190 0.03081630 0.00693567 0.04570609 0.24061396 0.02000130 0.00417257 0.01395700 0.03206709 0.03292159 0.00151746 0.01254470 0.02319880
111 0.06780511 0.04920051 0.06421411 0.13838602 0.00779538 0.06097721 0.21524303 0.04880261 0.02477040 0.02449780 0.02987530 0.07214401 0.01043920 0.01073930 0.02418210 0.06189451 0.04352851 0.00277727 0.01354770 0.02917990
112 0.12176294 0.02070499 0.05205337 0.02876869 0.01019409 0.00971711 0.01723429 0.49813175 0.00677417 0.00713787 0.01603819 0.02262119 0.00495285 0.00649114 0.01058149 0.11245494 0.02836309 0.00292361 0.00824366 0.01485059
113 0.02670119 0.00847079 0.00629147 0.00442054 0.01551030 0.01050350 0.00579373 0.01202970 0.03839539 0.02946669 0.10819897 0.01168160 0.02741709 0.29689191 0.00650947 0.01708389 0.02841129 0.02993799 0.28451391 0.03177059
114 0.21324588 0.01728469 0.03633468 0.02522899 0.01808969 0.01082869 0.01823609 0.38633978 0.00782566 0.01206999 0.01846439 0.01967339 0.00690091 0.00769832 0.01632339 0.11989593 0.03188928 0.00255508 0.00817221 0.02294299
115 0.16099511 0.02730732 0.04685393 0.03613292 0.02582542 0.03258372 0.04174113 0.07010155 0.01397221 0.03482292 0.03470242 0.03887583 0.01644081 0.01663111 0.03592552 0.20689314 0.09988187 0.00503894 0.01347531 0.04179883
116 0.03779712 0.01787711 0.01705991 0.01430941 0.02120651 0.02351631 0.01816781 0.02522531 0.05424123 0.03392502 0.09008415 0.02393801 0.02647421 0.18916609 0.01242191 0.02888291 0.02735551 0.03587262 0.26786213 0.03461672
117 0.04393329 0.27603294 0.03597999 0.03021619 0.00849398 0.06299539 0.05362019 0.03366389 0.02719449 0.01672800 0.03857459 0.18891396 0.02289979 0.00940004 0.01840500 0.04384669 0.03952799 0.00321050 0.01435890 0.03200419
118 0.02730993 0.00942730 0.00602623 0.00475341 0.01486032 0.00944557 0.00601684 0.01115331 0.03503684 0.03295413 0.13422914 0.01119641 0.03015203 0.29276530 0.00589937 0.01731862 0.02797433 0.02824093 0.26273027 0.03250973
119 0.04856479 0.01752150 0.01144670 0.00743001 0.01308480 0.01299480 0.01381290 0.01439750 0.01180120 0.15243096 0.31225392 0.01892460 0.07318498 0.06559278 0.01213420 0.02312939 0.02932719 0.00664474 0.02629409 0.12902897
120 0.10892701 0.01294800 0.01026110 0.01255600 0.01987920 0.01600280 0.01883010 0.06049790 0.01062030 0.16188701 0.22294201 0.01562920 0.05047220 0.03734780 0.01185580 0.04115030 0.03512060 0.00579334 0.01122530 0.13605401
121 0.04417173 0.00936077 0.00341121 0.00146286 0.01049371 0.00435498 0.00684369 0.00753041 0.00587788 0.20839814 0.32718422 0.00589300 0.07778065 0.04702763 0.00418541 0.01165921 0.02385212 0.00323334 0.00776691 0.18951213
122 0.03207598 0.31687878 0.04148067 0.01828279 0.00675333 0.07401265 0.04842527 0.01568429 0.04961447 0.00393462 0.02683738 0.24294483 0.01606099 0.00203395 0.01189539 0.02828648 0.03159338 0.00139640 0.01327169 0.01853669
123 0.06143115 0.03493817 0.01339559 0.01573989 0.01549739 0.02275758 0.01850288 0.01918028 0.01143709 0.12104289 0.23758179 0.03220487 0.09199442 0.05902285 0.02039618 0.04244446 0.03900997 0.00691588 0.02865377 0.10785290
124 0.10961810 0.02313082 0.04875754 0.05915295 0.01498361 0.03588593 0.13310412 0.03029723 0.01195281 0.02408362 0.02032262 0.03758653 0.01188011 0.00921980 0.02307282 0.18722316 0.17391715 0.00309936 0.00980569 0.03290603
125 0.07271017 0.02341989 0.06958487 0.03110409 0.00461433 0.00848405 0.01641999 0.59747878 0.00709435 0.00367011 0.01501439 0.02336849 0.00249218 0.00433480 0.00587843 0.07616397 0.01908149 0.00168789 0.00742743 0.00997029
126 0.13915612 0.02069712 0.04016423 0.02805392 0.01916262 0.03141023 0.03321103 0.11105909 0.01379601 0.02582572 0.03392983 0.03201063 0.01789202 0.01146151 0.16144214 0.10348309 0.11896910 0.00473835 0.01066411 0.04287314
127 0.05117770 0.01040730 0.01071540 0.00944771 0.01407510 0.01041880 0.01439330 0.01321790 0.00834067 0.24551500 0.18799300 0.01286730 0.04426070 0.03841920 0.01127710 0.03095440 0.03456600 0.00428821 0.01344520 0.23422000
128 0.06099907 0.01609949 0.01315299 0.01043850 0.01390519 0.01221269 0.01621399 0.01731469 0.00822344 0.22638590 0.15209893 0.01753859 0.03632008 0.03495518 0.01252069 0.03540278 0.04116008 0.00290051 0.01373329 0.25842388
129 0.06738201 0.08640582 0.05275021 0.05043741 0.01515910 0.13071402 0.08827462 0.03928591 0.04119071 0.02729731 0.04668011 0.09175722 0.02068330 0.01742730 0.03298341 0.07449281 0.05392331 0.00389541 0.02560970 0.03365031
130 0.06752517 0.08698276 0.05264868 0.05050588 0.01520159 0.13006495 0.08807376 0.03915568 0.04134888 0.02746179 0.04672758 0.09184406 0.02119689 0.01732329 0.03297199 0.07375667 0.05382658 0.00368852 0.02520819 0.03448709
131 0.05993315 0.03669157 0.09328223 0.22019283 0.01127949 0.04097837 0.16653787 0.05577866 0.02167328 0.02004188 0.02103778 0.05713136 0.01141599 0.01233079 0.02354458 0.06745335 0.03828317 0.00451716 0.01310169 0.02479478
132 0.11705607 0.02206471 0.02553662 0.02095121 0.02719152 0.02207531 0.02874972 0.03549742 0.00935704 0.11854007 0.07069934 0.02712102 0.02363751 0.02244611 0.02381721 0.13168608 0.07257344 0.00402215 0.01557231 0.18140511
133 0.04401401 0.27459104 0.03569280 0.03034970 0.00853203 0.06246791 0.05268191 0.03366230 0.02707930 0.01720920 0.04011441 0.18763402 0.02298580 0.00987112 0.01826950 0.04415341 0.03992281 0.00325742 0.01457960 0.03293170
134 0.04914748 0.01754839 0.01151120 0.00742169 0.01315680 0.01311700 0.01396069 0.01493889 0.01197160 0.15125394 0.31209888 0.01943429 0.07306577 0.06554128 0.01190430 0.02298539 0.02942499 0.00663449 0.02649999 0.12838295
135 0.10798405 0.02722141 0.05125852 0.03669002 0.01076850 0.01759871 0.03268851 0.44355120 0.01305071 0.01474371 0.02615791 0.02957561 0.00768646 0.01076220 0.01310911 0.08791154 0.02976271 0.00433779 0.01295541 0.02218591
136 0.13054794 0.02141229 0.04949628 0.02190639 0.01838879 0.02625049 0.03649808 0.03122409 0.00874151 0.02623059 0.02218689 0.02778519 0.01183429 0.01346909 0.01900609 0.25921188 0.23179789 0.00265330 0.00816667 0.03319228
137 0.05968656 0.03651968 0.09310694 0.21899786 0.01176949 0.04198517 0.16725889 0.05469557 0.02168109 0.02045789 0.02139989 0.05719546 0.01158079 0.01212629 0.02330839 0.06793446 0.03853008 0.00427133 0.01291629 0.02457788
138 0.03351631 0.01112610 0.00929566 0.00623084 0.01862961 0.01472431 0.00837418 0.01527201 0.04375482 0.04667942 0.14493906 0.01527331 0.03373761 0.21866809 0.00907079 0.01980881 0.02552741 0.03281601 0.25101011 0.04154552
139 0.16327609 0.02754972 0.04613123 0.03489142 0.02634342 0.03189532 0.04101862 0.06946954 0.01370571 0.03407822 0.03488922 0.03900342 0.01680931 0.01685531 0.03544002 0.20875112 0.09981106 0.00497342 0.01317331 0.04193452
140 0.03444698 0.28389388 0.03926348 0.01913969 0.00709815 0.06906117 0.04819578 0.01420219 0.03164469 0.00879764 0.05525008 0.24122489 0.01962129 0.00506400 0.01667019 0.03453378 0.03371239 0.00172555 0.01256689 0.02388729
141 0.07148659 0.02677910 0.01996100 0.04441600 0.01647800 0.02810280 0.12362399 0.03643990 0.01487530 0.11774399 0.07280679 0.03601530 0.02209750 0.03721640 0.05003139 0.08291249 0.05058789 0.07344069 0.02613270 0.04885220
142 0.04922410 0.00752187 0.00974365 0.00459873 0.01293410 0.02453920 0.01182010 0.01097490 0.00749559 0.28928798 0.10789299 0.01434810 0.02529990 0.02262780 0.00749334 0.02689100 0.03431920 0.00150252 0.00845097 0.32303398
143 0.05393126 0.04745407 0.07137135 0.15972588 0.00671126 0.04711857 0.15131889 0.16149688 0.02377118 0.01510439 0.01896289 0.08913584 0.00825039 0.00898214 0.01368469 0.06109596 0.02977168 0.00460646 0.00981134 0.01769489
144 0.16118705 0.02722311 0.04637001 0.03555021 0.02560231 0.03216611 0.04175691 0.07060632 0.01373270 0.03453421 0.03511001 0.03955541 0.01695700 0.01727221 0.03522311 0.20807706 0.09982243 0.00488291 0.01336570 0.04100521
145 0.06831454 0.04943403 0.06345294 0.13719308 0.00792105 0.06107493 0.21477912 0.04830443 0.02447611 0.02503001 0.03034002 0.07186094 0.01099241 0.01121181 0.02472451 0.06160463 0.04281582 0.00279339 0.01392421 0.02975202
146 0.14744502 0.05309601 0.03838180 0.03995280 0.02033540 0.12364301 0.07373721 0.04164110 0.02614910 0.03107230 0.04706521 0.06429521 0.02217100 0.01648800 0.03877700 0.09552911 0.06031711 0.00333548 0.01821280 0.03835530
147 0.07776409 0.05964129 0.04051240 0.03204330 0.01411800 0.13245298 0.04458009 0.02809650 0.02924740 0.02741480 0.04372479 0.06186429 0.01767610 0.01335360 0.18276898 0.09556509 0.04773739 0.00455412 0.01581790 0.03106690
148 0.09370134 0.01886041 0.02697881 0.01880161 0.01038580 0.02647381 0.03090951 0.02112381 0.00709813 0.03418192 0.04636772 0.03390451 0.05910133 0.01237911 0.33541415 0.06651653 0.10519205 0.00438421 0.00724352 0.04098172
149 0.06682863 0.08634774 0.05297002 0.05087192 0.01499631 0.13057505 0.08750794 0.03940902 0.04160792 0.02717741 0.04666322 0.09162974 0.02080651 0.01767991 0.03299861 0.07340743 0.05385982 0.00399878 0.02604571 0.03461831
150 0.04317543 0.01335671 0.00957554 0.01136851 0.01437611 0.01339411 0.01299041 0.01739021 0.02152832 0.07139345 0.16395813 0.01586991 0.04237943 0.22415117 0.01025021 0.03088682 0.03793433 0.01890781 0.15753712 0.06957625
151 0.25493502 0.02162620 0.02413290 0.02576250 0.02868360 0.02357120 0.03591810 0.08147771 0.01068150 0.04459760 0.05526650 0.02808920 0.02004720 0.02033850 0.03913410 0.14442601 0.06434440 0.00376173 0.01425050 0.05895550
152 0.04773135 0.01978118 0.02027018 0.01485389 0.01711238 0.02258938 0.01881488 0.02493968 0.02476798 0.04520315 0.15158985 0.02765637 0.03091697 0.17355783 0.01412699 0.07280913 0.04293586 0.02075938 0.16015984 0.04942375
153 0.05266860 0.02580750 0.09493440 0.23070200 0.00671768 0.04611930 0.23139200 0.04279080 0.02066100 0.01455560 0.01129530 0.05330700 0.00608766 0.00604754 0.01880400 0.07116550 0.03465730 0.00156383 0.01127510 0.01944790
154 0.11783799 0.03246580 0.07122959 0.18958898 0.01889440 0.03632770 0.14288899 0.06206509 0.01620590 0.02482800 0.02344360 0.04677610 0.01296480 0.01393760 0.02710850 0.07823249 0.04041760 0.00422670 0.01112610 0.02943410
155 0.10750697 0.02737059 0.05140999 0.03722309 0.01044840 0.01799480 0.03337949 0.44209389 0.01318950 0.01511770 0.02598949 0.02916809 0.00779694 0.01093030 0.01285010 0.08747698 0.02956009 0.00443110 0.01306360 0.02299889
156 0.02589940 0.00722299 0.00635154 0.00382470 0.01685230 0.01080820 0.00474611 0.01212780 0.04388150 0.02725470 0.09916460 0.01145290 0.02574030 0.29003300 0.00679286 0.01501180 0.02520100 0.03281500 0.30639300 0.02842630
157 0.05425677 0.09461785 0.07987436 0.22969987 0.00818371 0.03979728 0.16078991 0.04258858 0.01851549 0.02213829 0.01645789 0.07488776 0.00980296 0.00760618 0.01742779 0.05242187 0.03123068 0.00780909 0.01143769 0.02045599
158 0.04964031 0.01765140 0.01207840 0.00751381 0.01317330 0.01323950 0.01395850 0.01547480 0.01180580 0.15161102 0.31040803 0.01977320 0.07244891 0.06414071 0.01301900 0.02373170 0.02979920 0.00638698 0.02492140 0.12922401
159 0.04006910 0.01059220 0.00235387 0.00190616 0.01069380 0.00444845 0.00731719 0.00768203 0.00695060 0.17416999 0.33135498 0.00582026 0.08079720 0.09470229 0.00390708 0.01188240 0.02386570 0.00599172 0.03322600 0.14226899
160 0.04574620 0.01029650 0.00452626 0.00234209 0.01130580 0.00560559 0.00787397 0.00839113 0.00648441 0.19959698 0.32318797 0.00768009 0.07683099 0.05049680 0.00533693 0.01387070 0.02521790 0.00354922 0.01044750 0.18121298
161 0.04360570 0.27635297 0.03574440 0.02973110 0.00843652 0.06300709 0.05310129 0.03331880 0.02747040 0.01627970 0.03879350 0.18927098 0.02319170 0.00985327 0.01797220 0.04400710 0.03979390 0.00337711 0.01494340 0.03174890
162 0.04563198 0.01067769 0.00475154 0.00246907 0.01128499 0.00578417 0.00792200 0.00841239 0.00654645 0.19828790 0.32430484 0.00806589 0.07704056 0.05023248 0.00570140 0.01406049 0.02520299 0.00370488 0.01038539 0.17953291
163 0.04909051 0.01801310 0.01161270 0.00742925 0.01313560 0.01311810 0.01402560 0.01503950 0.01207470 0.15156603 0.31084405 0.01970220 0.07268551 0.06523371 0.01188210 0.02340410 0.02940410 0.00682848 0.02625360 0.12865702
164 0.04188751 0.00926843 0.00365813 0.00171965 0.01052740 0.00518066 0.00706466 0.00816980 0.00703420 0.20477606 0.27768609 0.00650025 0.06711002 0.07440352 0.00370021 0.01474950 0.02707161 0.00497230 0.03486591 0.18965406
165 0.04581862 0.00882568 0.00557441 0.00236034 0.01083130 0.00559843 0.00745070 0.00872690 0.00622257 0.23234809 0.26269210 0.00779115 0.06057612 0.04212512 0.00528705 0.01556741 0.02795501 0.00268437 0.00902552 0.23253909
166 0.02744841 0.00615584 0.00698826 0.00404500 0.01978701 0.01241570 0.00481048 0.01382340 0.05233392 0.02738121 0.09464363 0.01178140 0.02587821 0.26391208 0.00799292 0.01445510 0.02181951 0.03844911 0.31998510 0.02589371
167 0.07813303 0.03483261 0.05235082 0.15743006 0.03483081 0.03106191 0.09146104 0.03988892 0.01727951 0.10443904 0.04316432 0.04488842 0.01796941 0.01937141 0.02694001 0.08019993 0.04815602 0.01389251 0.01344091 0.05026932
168 0.04327363 0.27666120 0.03576623 0.03012652 0.00851663 0.06339385 0.05338824 0.03265552 0.02727162 0.01644131 0.03902263 0.18952514 0.02291032 0.00982409 0.01803831 0.04391473 0.03963503 0.00328296 0.01468931 0.03166272
169 0.02714210 0.01027910 0.00565234 0.00489268 0.01343910 0.00875738 0.00638247 0.01050780 0.03057880 0.03354421 0.14026002 0.01104010 0.03054870 0.30354805 0.00540897 0.01808360 0.03024010 0.02552540 0.24980204 0.03436701
170 0.06782582 0.13499404 0.03247181 0.03000931 0.00977686 0.06575962 0.03953341 0.02229981 0.02148021 0.02879531 0.04551101 0.09244682 0.01691650 0.01095250 0.21004106 0.07549572 0.04715391 0.00606397 0.01236650 0.03010581
171 0.04291243 0.01296411 0.00939611 0.01178441 0.01454931 0.01321801 0.01359161 0.01720701 0.02153122 0.07129545 0.16380111 0.01601921 0.04217503 0.22498216 0.01071221 0.03009732 0.03791923 0.01894611 0.15763911 0.06925885
172 0.04369999 0.27525893 0.03559929 0.03012469 0.00846083 0.06300418 0.05317579 0.03258409 0.02695929 0.01720470 0.03981319 0.18773695 0.02287659 0.01022530 0.01845490 0.04400229 0.04012559 0.00331132 0.01486950 0.03251259
173 0.14263506 0.02276811 0.02550461 0.02486131 0.01361371 0.03820372 0.03493592 0.02706281 0.00992199 0.02579571 0.02339541 0.03670982 0.01789611 0.01020640 0.28348712 0.17520008 0.04531372 0.00717630 0.00627037 0.02904171
174 0.13049814 0.02473553 0.04742515 0.03484894 0.01811042 0.02961853 0.03893474 0.19840222 0.01659382 0.02518943 0.03496694 0.03557904 0.01499322 0.01466362 0.02607313 0.12845614 0.12348814 0.00474860 0.01314241 0.03953184
175 0.03367091 0.00340507 0.00604951 0.00084210 0.00727041 0.00450433 0.00463102 0.00677798 0.00585892 0.34462208 0.10712502 0.00554879 0.01941720 0.02246551 0.00216271 0.01482510 0.03074441 0.00067567 0.00455616 0.37484709
176 0.05606929 0.05951339 0.04921589 0.10031398 0.00697638 0.12406797 0.22785495 0.05030249 0.03351199 0.01921940 0.02666889 0.08982208 0.00952865 0.00722226 0.01711490 0.05185629 0.03555419 0.00156833 0.01424390 0.01937480
177 0.11348798 0.02909300 0.03360649 0.03018680 0.01345090 0.03515869 0.04101129 0.03008980 0.01401940 0.03396669 0.04754299 0.04271919 0.02119160 0.01560850 0.29170395 0.08819269 0.05842339 0.00655046 0.01361060 0.04038559
178 0.04648891 0.00996133 0.01445320 0.00677232 0.01121670 0.01406750 0.01214690 0.01261970 0.00773626 0.28334905 0.12013802 0.03554241 0.02442790 0.02424140 0.01037910 0.02640870 0.03380321 0.00251317 0.00852014 0.29521405
179 0.07431598 0.01233870 0.00698602 0.00928314 0.01594690 0.01162300 0.01272080 0.01520940 0.00898879 0.09601958 0.17293496 0.01271950 0.04504029 0.19013895 0.00900593 0.03423529 0.04923399 0.00776187 0.09169798 0.12379897
