1 0.37526698 0.01102980 0.01123810 0.01111090 0.12700099 0.01410610 0.01540400 0.05112410 0.00682706 0.01315500 0.01642390 0.00788431 0.01136600 0.00593402 0.00804866 0.22316199 0.05805870 0.00216208 0.00510811 0.02558920
2 0.28788108 0.02697611 0.02063631 0.02764441 0.02671131 0.02637401 0.03668061 0.08361242 0.01350520 0.04031581 0.05527562 0.02263221 0.01866181 0.01998801 0.02656661 0.13010104 0.05778272 0.00492211 0.01516630 0.05856632
3 0.33127897 0.01681220 0.01608270 0.01743840 0.02741230 0.01704590 0.02141870 0.07231249 0.00687508 0.01505050 0.01726700 0.01535520 0.00921545 0.00960818 0.02471810 0.26963398 0.07574519 0.00190556 0.00531862 0.02950550
4 0.06388662 0.01597371 0.01255000 0.00840097 0.01330110 0.01361760 0.01330040 0.01900031 0.00822555 0.21773208 0.14453905 0.01768621 0.03870841 0.03437721 0.01555631 0.03701171 0.04300762 0.00390812 0.01391591 0.26530110
5 0.10230897 0.01209410 0.01067330 0.00910987 0.01329980 0.01095730 0.01437200 0.01732349 0.00657154 0.24310793 0.16483495 0.01462090 0.04044859 0.03464689 0.01341130 0.04031639 0.03869289 0.00298913 0.00876676 0.20145394
6 0.09802310 0.04771140 0.03430630 0.03171090 0.01999950 0.03102080 0.03143340 0.03718250 0.01643760 0.04954510 0.05500940 0.04096110 0.02580480 0.02220100 0.02458050 0.14157199 0.20394699 0.00492225 0.01593760 0.06769380
7 0.14651193 0.03241138 0.04568298 0.03625758 0.02217329 0.03099968 0.03621468 0.07342016 0.01599989 0.02746999 0.02982109 0.03611778 0.01457449 0.01802709 0.03639068 0.24155388 0.09701215 0.00452930 0.01364029 0.04119168
8 0.04052540 0.17003502 0.04924660 0.04485440 0.00988507 0.05379710 0.07272361 0.03377270 0.02535000 0.02074770 0.03135810 0.25284002 0.01888980 0.00908487 0.02025670 0.05477200 0.04450070 0.00504507 0.01284760 0.02946750
9 0.06998655 0.05272546 0.04882106 0.12106191 0.01218119 0.06192675 0.25995281 0.04666407 0.02636958 0.02424298 0.02519918 0.07311575 0.01733939 0.01101199 0.01720249 0.05578976 0.03454487 0.00437485 0.01423799 0.02325138
10 0.11122401 0.03287470 0.03136280 0.03419450 0.01830840 0.02298560 0.02054800 0.02973130 0.01057450 0.01922640 0.01433030 0.01953570 0.01019330 0.01047860 0.02243030 0.29155103 0.25011103 0.00306174 0.00612685 0.04115090
11 0.07808860 0.15102500 0.06058230 0.04327940 0.01485840 0.03670810 0.03377330 0.03492590 0.01729750 0.01728050 0.02268290 0.07690410 0.01260810 0.01344410 0.02273320 0.21315000 0.10600800 0.00492226 0.00914055 0.03058780
12 0.04703440 0.00968918 0.00998913 0.00908542 0.01201780 0.00963384 0.01459750 0.01225650 0.00707818 0.26507200 0.19245100 0.01295420 0.04699110 0.04227210 0.01026430 0.02594880 0.03350060 0.00376766 0.01358930 0.22180700
13 0.05065399 0.04696819 0.20410298 0.06332519 0.01543990 0.04229539 0.03748250 0.07323889 0.02026010 0.01746210 0.01893660 0.05123769 0.00817823 0.01731540 0.01466590 0.21249697 0.06555859 0.00382553 0.00993196 0.02662390
14 0.03944062 0.00355566 0.00502447 0.00177055 0.00523079 0.00650147 0.00733657 0.00470648 0.00401119 0.21365409 0.37054815 0.00530835 0.07592713 0.04629642 0.00763036 0.00980345 0.02449071 0.00278439 0.00851406 0.15746506
15 0.04168100 0.01984450 0.01705690 0.02007110 0.01692940 0.02591230 0.01844490 0.01552030 0.02291000 0.05756691 0.13639101 0.02039150 0.11687701 0.11547501 0.01287890 0.02856030 0.03815090 0.02260780 0.19034102 0.06238921
16 0.03500972 0.00853455 0.00877571 0.01801381 0.01280901 0.01729271 0.00798194 0.01128071 0.02049171 0.06409354 0.24934814 0.01348871 0.04230972 0.17179110 0.00533843 0.02155861 0.01820261 0.03302082 0.18444911 0.05620933
17 0.09709175 0.02608601 0.01961391 0.02364521 0.01147071 0.03307302 0.02812321 0.04348602 0.01592541 0.02740341 0.03849822 0.03316422 0.01697281 0.01233451 0.37523418 0.09900625 0.04218802 0.00448012 0.00927309 0.04292992
18 0.05720805 0.03256427 0.01605009 0.01403809 0.01328719 0.02610308 0.02790968 0.02044788 0.01067059 0.12772490 0.21556982 0.03081787 0.12219890 0.04504546 0.01634209 0.03654267 0.04455056 0.00678961 0.02409528 0.11204391
19 0.13413404 0.02145611 0.03423971 0.16188405 0.01229150 0.02700961 0.08604043 0.03414531 0.01353220 0.02701231 0.07463292 0.01729191 0.01589630 0.14912204 0.01604470 0.05958562 0.03208051 0.01376840 0.04268501 0.02714731
20 0.07001550 0.05415340 0.04970560 0.12106400 0.01225270 0.06066830 0.25979100 0.04768610 0.02573080 0.02427040 0.02459940 0.07335130 0.01808510 0.01127070 0.01728180 0.05501480 0.03412690 0.00434481 0.01344800 0.02313940
21 0.06490007 0.04029628 0.07754486 0.21518090 0.01362029 0.02863429 0.08449466 0.06552237 0.01574679 0.01606349 0.01531959 0.04204228 0.00855379 0.01223499 0.01684249 0.17429792 0.08020486 0.00311379 0.00863430 0.01675199
22 0.06165619 0.04048089 0.07647699 0.27455495 0.00991594 0.03999109 0.14855597 0.04847229 0.02212770 0.01807850 0.01979780 0.05558139 0.00986138 0.01536500 0.01729650 0.06514289 0.03869099 0.00388125 0.01546940 0.01860290
23 0.04863320 0.28562302 0.04164230 0.03263360 0.01145640 0.05564580 0.05361580 0.02908530 0.02037800 0.01660840 0.02980980 0.17829101 0.02104470 0.01055010 0.01510210 0.05085780 0.05287810 0.00664373 0.01214240 0.02735840
24 0.05544256 0.02145738 0.02975268 0.02238388 0.01723749 0.03208318 0.02326928 0.02396558 0.05696216 0.02566488 0.05421276 0.02531098 0.01869189 0.09894753 0.01490359 0.11969092 0.04233877 0.02335128 0.26001982 0.03431338
25 0.28581895 0.02753940 0.02061070 0.02751020 0.02673450 0.02632070 0.03757809 0.08439078 0.01361410 0.04078149 0.05439089 0.02256630 0.01864080 0.01951090 0.02839349 0.12931898 0.05739799 0.00449458 0.01543600 0.05895119
26 0.06365368 0.06224638 0.05196378 0.02957249 0.01145550 0.02783119 0.03427379 0.04788939 0.01911399 0.02412289 0.04713839 0.15410495 0.01460680 0.09738857 0.02460389 0.16422795 0.04560209 0.00866330 0.02730419 0.04423679
27 0.03996789 0.16803397 0.05047309 0.04513339 0.00954652 0.05362899 0.07317399 0.03390749 0.02593070 0.02051920 0.03240659 0.25231396 0.01918810 0.00899899 0.02014070 0.05509079 0.04423819 0.00516666 0.01253180 0.02960899
28 0.28731095 0.02753430 0.02052400 0.02736930 0.02647450 0.02522170 0.03774929 0.08316809 0.01312000 0.04052179 0.05397249 0.02271480 0.01830250 0.02021980 0.02851750 0.12967798 0.05864239 0.00424447 0.01469080 0.06002339
29 0.04885398 0.01258510 0.01214080 0.00753571 0.00955532 0.01476579 0.01193350 0.01289590 0.00963791 0.15929395 0.34160788 0.01365940 0.06545368 0.06373018 0.01101120 0.02086189 0.02887669 0.00804090 0.02319629 0.12436396
30 0.04285662 0.01265590 0.01315330 0.01529921 0.01298670 0.01164570 0.01345511 0.02135501 0.02373841 0.08131133 0.15931006 0.01091600 0.03243281 0.22892409 0.00801742 0.03255001 0.02844551 0.03045711 0.15314606 0.06734363
31 0.06074761 0.04554511 0.03333461 0.18093204 0.01236570 0.03367391 0.08632022 0.03781241 0.02838021 0.01866800 0.02077970 0.06721332 0.01574480 0.01580700 0.19359304 0.06987122 0.03474801 0.00712877 0.01464160 0.02269271
32 0.13173510 0.01168301 0.04373823 0.02634292 0.01114451 0.01943312 0.02671402 0.40827932 0.00822779 0.00714950 0.01115821 0.02308112 0.00474670 0.01284741 0.01367761 0.19062815 0.02876692 0.00347046 0.00348268 0.01369321
33 0.16821697 0.12913598 0.02419210 0.01559030 0.01808370 0.02895460 0.02346340 0.02862480 0.01366490 0.05486999 0.04018759 0.06338699 0.03149369 0.02101330 0.02024280 0.06548449 0.05770669 0.00562697 0.01249880 0.17756197
34 0.03974739 0.00477959 0.00333036 0.00145127 0.01025240 0.00444856 0.00486644 0.00420893 0.00318736 0.34166395 0.12194498 0.00769278 0.02786170 0.02949170 0.00511913 0.01453990 0.02689860 0.00144587 0.00401715 0.34305195
35 0.14809309 0.03278502 0.04343533 0.03506082 0.02273991 0.03079382 0.03630232 0.07305475 0.01538131 0.02862512 0.03096722 0.03480972 0.01463081 0.01794641 0.03452382 0.24135715 0.09774416 0.00490856 0.01408571 0.04275493
36 0.14500404 0.03430271 0.04394221 0.03630571 0.02206341 0.03138411 0.03648981 0.07188192 0.01506250 0.02880931 0.02977821 0.03699571 0.01418070 0.01860241 0.03610031 0.24135107 0.09862803 0.00464531 0.01338820 0.04108431
37 0.39478189 0.01066970 0.00970365 0.01082010 0.02812769 0.01231240 0.01602740 0.06944658 0.00487781 0.01142650 0.01385550 0.01056530 0.00696470 0.00663384 0.01527900 0.28942292 0.06131228 0.00131111 0.00353037 0.02293129
38 0.06111946 0.03989767 0.07696915 0.27275682 0.00961292 0.03922207 0.14743690 0.04896557 0.02223119 0.01825279 0.02085639 0.05479376 0.01001809 0.01675519 0.01755129 0.06563946 0.03847977 0.00428392 0.01590099 0.01925659
39 0.28549625 0.02718942 0.02092112 0.02773882 0.02681802 0.02559302 0.03675293 0.08348997 0.01339531 0.04152014 0.05670605 0.02218872 0.01917302 0.02003472 0.02916593 0.12651311 0.05741355 0.00454262 0.01398151 0.06136575
40 0.14774390 0.03226748 0.04451657 0.03523288 0.02268228 0.03028098 0.03605028 0.07311845 0.01517869 0.02935958 0.03093468 0.03569798 0.01457619 0.01896539 0.03418078 0.24087083 0.09744563 0.00466439 0.01333599 0.04289707
41 0.37379695 0.01128980 0.01153710 0.01097390 0.12559598 0.01417870 0.01574160 0.05081359 0.00672332 0.01365050 0.01669030 0.00775765 0.01142000 0.00610776 0.00756944 0.22382097 0.05960359 0.00206899 0.00504027 0.02561960
42 0.28888303 0.02718850 0.01998580 0.02736870 0.02612790 0.02561250 0.03716140 0.08354721 0.01313490 0.04079220 0.05331841 0.02305590 0.01886890 0.01941160 0.02909780 0.12913901 0.05869311 0.00444610 0.01458030 0.05958671
43 0.32841015 0.01230041 0.01778221 0.01612391 0.01672551 0.01157411 0.02249071 0.29425014 0.01092341 0.00987617 0.01678941 0.01293901 0.00707450 0.01001710 0.01436081 0.12265706 0.03589472 0.00262561 0.00696166 0.03022341
44 0.09687448 0.04787454 0.03450463 0.03204673 0.01973782 0.03161422 0.03140232 0.03635373 0.01654841 0.04832254 0.05452254 0.03959383 0.02504252 0.02335292 0.02488222 0.14195611 0.20608216 0.00581711 0.01677371 0.06669745
45 0.03999379 0.00507866 0.00365195 0.00152439 0.01051150 0.00446910 0.00463817 0.00422028 0.00325146 0.33788193 0.12059698 0.00768678 0.02729719 0.02863869 0.00526931 0.01544870 0.02742969 0.00143970 0.00407880 0.34689293
46 0.06170183 0.04066212 0.07756683 0.27239712 0.00946078 0.03937792 0.14856706 0.05051012 0.02254841 0.01789361 0.02008581 0.05452432 0.01014770 0.01584261 0.01717271 0.06497753 0.03797332 0.00399769 0.01538631 0.01920621
47 0.02211650 0.37597792 0.02436459 0.01085360 0.00585384 0.06123689 0.04425419 0.00959533 0.01166950 0.00299255 0.01555650 0.30928094 0.01691380 0.00197267 0.00620098 0.02115450 0.03803529 0.00236291 0.00564573 0.01396180
48 0.14621202 0.03354530 0.04470940 0.03693910 0.02172470 0.03092090 0.03608800 0.07136231 0.01505290 0.02778870 0.02983190 0.03624180 0.01457920 0.01803190 0.03678710 0.24183603 0.09956411 0.00457029 0.01316090 0.04105340
49 0.03748610 0.09078480 0.05621610 0.01501640 0.01001830 0.05862320 0.02766050 0.01586520 0.01978690 0.05521560 0.21404101 0.19296301 0.02561690 0.02082860 0.02708010 0.03656130 0.02868310 0.00648347 0.01771900 0.04335040
50 0.03813761 0.14070703 0.04188841 0.02592521 0.00852827 0.04770281 0.06963551 0.02503481 0.01799150 0.01367780 0.01885060 0.25585405 0.02155950 0.00667783 0.01624890 0.06549711 0.14809603 0.00383740 0.00857240 0.02557721
51 0.14672701 0.03348290 0.04492250 0.03566010 0.02166420 0.03128500 0.03613440 0.07297350 0.01521140 0.02814750 0.02983200 0.03540450 0.01475910 0.01815310 0.03642340 0.24000301 0.09825130 0.00464725 0.01371260 0.04260520
52 0.02170360 0.37569197 0.02449320 0.01084470 0.00563294 0.06164640 0.04403260 0.00979468 0.01174150 0.00299160 0.01566330 0.30997798 0.01680490 0.00194043 0.00591841 0.02136640 0.03788300 0.00222632 0.00552350 0.01412260
53 0.04679012 0.00943257 0.00980483 0.00800813 0.01220861 0.00950840 0.01427241 0.01204371 0.00681576 0.26664212 0.19406309 0.01311901 0.04689012 0.04179212 0.00992466 0.02612061 0.03280801 0.00370911 0.01309151 0.22295510
54 0.14704099 0.03301390 0.04327660 0.03678490 0.02162050 0.03164920 0.03650010 0.07262269 0.01598880 0.02721650 0.02845390 0.03584370 0.01434630 0.01840200 0.03628320 0.24218698 0.09914419 0.00479667 0.01398140 0.04084750
55 0.04360920 0.03795070 0.03121280 0.01381200 0.01166440 0.03232100 0.03572300 0.02231200 0.01144450 0.16277001 0.11422801 0.13182501 0.11226101 0.02049200 0.02315970 0.03964860 0.04284510 0.00481423 0.01609810 0.09180861
56 0.08856773 0.01871801 0.04656741 0.06500062 0.01482910 0.02948931 0.16093205 0.22830007 0.01555890 0.01672441 0.01178410 0.05019642 0.01276680 0.00932418 0.01721241 0.15755105 0.03179381 0.00352722 0.00524920 0.01590720
57 0.06267993 0.01949901 0.01871761 0.00991107 0.01402791 0.02370461 0.01474521 0.01859021 0.01309521 0.12436005 0.27689912 0.01723011 0.05805582 0.04585022 0.01263451 0.04142052 0.10248004 0.00691651 0.01500231 0.10418004
58 0.14717714 0.02734973 0.06708296 0.22302921 0.01021811 0.02680993 0.11887411 0.14884814 0.01423701 0.01133811 0.01371911 0.02606093 0.00674031 0.01166381 0.01138361 0.07904178 0.02976333 0.00226306 0.00795069 0.01644892
59 0.04315771 0.01367690 0.01540151 0.01016690 0.01512481 0.02292061 0.01385960 0.01360840 0.03374991 0.09344893 0.06977302 0.01479421 0.03426461 0.14600405 0.00771756 0.03632651 0.08472633 0.02201181 0.25040609 0.05886052
60 0.04684903 0.00979211 0.00987141 0.00873845 0.01166891 0.00941566 0.01478181 0.01209671 0.00718232 0.26583316 0.19451712 0.01266871 0.04708223 0.04165273 0.01000901 0.02583042 0.03295522 0.00380908 0.01321881 0.22202714
61 0.04774579 0.01335540 0.01248720 0.00737583 0.00978357 0.01539700 0.01209600 0.01205300 0.00950477 0.15911096 0.34086091 0.01451380 0.06519368 0.06439998 0.01073800 0.02045939 0.02847319 0.00798638 0.02403919 0.12442597
62 0.03716090 0.00284123 0.00418374 0.00119311 0.00418746 0.00596971 0.00628312 0.00442698 0.00296491 0.21046298 0.38032497 0.00309453 0.09116559 0.04389860 0.00550339 0.00841024 0.02557180 0.00201662 0.00747815 0.15286199
63 0.04019488 0.00491989 0.00367032 0.00150622 0.01029199 0.00449892 0.00511605 0.00433439 0.00329221 0.33580983 0.13075393 0.00766564 0.02944638 0.02966488 0.00530858 0.01489849 0.02697529 0.00144759 0.00426870 0.33593583
64 0.10383291 0.03136027 0.06098955 0.28581576 0.00457363 0.05213146 0.26798177 0.03269117 0.01059439 0.01065989 0.00763263 0.03153517 0.00671077 0.01286469 0.01211929 0.03202967 0.01562699 0.00114194 0.00773424 0.01197379
65 0.11237096 0.02542289 0.02575759 0.02695459 0.16772595 0.02332119 0.02181909 0.02927299 0.01651519 0.03066129 0.03201869 0.01594359 0.01962359 0.01065900 0.01451820 0.13440196 0.23570892 0.00641072 0.01318340 0.03771019
66 0.20949876 0.01655858 0.01193759 0.00877909 0.02041728 0.01525568 0.01623428 0.04530775 0.00806858 0.11336087 0.09111970 0.01752038 0.03172086 0.02547657 0.02252897 0.07103522 0.05549764 0.00380024 0.01277119 0.20311077
67 0.33187286 0.01592859 0.01614059 0.01642259 0.02686129 0.01680719 0.02106119 0.07274007 0.00689224 0.01602299 0.01807089 0.01504999 0.00940598 0.00920482 0.02712349 0.26797888 0.07478237 0.00206109 0.00516730 0.03040559
68 0.05813010 0.02808790 0.07648620 0.33786600 0.00365726 0.04116330 0.24424000 0.03721110 0.01018120 0.01232160 0.00820065 0.04595860 0.00520647 0.01009990 0.01115370 0.03321380 0.01434130 0.00122811 0.00842180 0.01283100
69 0.04684945 0.01031779 0.01023999 0.00916281 0.01183569 0.00984072 0.01484379 0.01219329 0.00679328 0.26595574 0.18865282 0.01366119 0.04650965 0.04233996 0.01007869 0.02667297 0.03380857 0.00401243 0.01356339 0.22266778
70 0.05881871 0.03166051 0.07335912 0.25673905 0.00661921 0.03642211 0.23428005 0.04768561 0.01068290 0.01235640 0.00860783 0.05572781 0.00853725 0.00932052 0.01180290 0.08675652 0.02939351 0.00173186 0.00728102 0.01221710
71 0.05620807 0.03344028 0.01603359 0.01434519 0.01314139 0.02647119 0.02901539 0.02117469 0.01094740 0.12750894 0.21404490 0.03088579 0.12180795 0.04595778 0.01714729 0.03647888 0.04516168 0.00672205 0.02353459 0.10997295
72 0.03937402 0.00504566 0.00356095 0.00150156 0.01021660 0.00425537 0.00484271 0.00433465 0.00328424 0.34066515 0.12427505 0.00733942 0.02842241 0.02987711 0.00509520 0.01456991 0.02691801 0.00147045 0.00386136 0.34109015
73 0.21799790 0.03560178 0.03450378 0.09046946 0.01725809 0.05235798 0.20756991 0.05357258 0.02002229 0.01713299 0.02032259 0.03203969 0.01492939 0.01161789 0.01691969 0.08157536 0.03563758 0.00330544 0.01156419 0.02560139
74 0.09815944 0.04812717 0.03496558 0.03202158 0.01917079 0.03160878 0.03188738 0.03779848 0.01610279 0.04853337 0.05353397 0.04054798 0.02518229 0.02248249 0.02478519 0.14240592 0.20508388 0.00553458 0.01514159 0.06692676
75 0.06949285 0.05328476 0.04931436 0.12156591 0.01234769 0.06086425 0.25840281 0.04712297 0.02617428 0.02489608 0.02605648 0.07346055 0.01791399 0.01117429 0.01724119 0.05501936 0.03439647 0.00405894 0.01391879 0.02329398
76 0.06030866 0.03087888 0.07149766 0.30647781 0.00427400 0.04562817 0.25937284 0.03600978 0.01172149 0.01181699 0.00833813 0.05099117 0.00669650 0.01013909 0.01205469 0.03459818 0.01597869 0.00151377 0.00910540 0.01259809
77 0.28705294 0.02730039 0.02065110 0.02755169 0.02646329 0.02633119 0.03787369 0.08362098 0.01314780 0.04200509 0.05431689 0.02196170 0.01830730 0.01951960 0.02848399 0.12912397 0.05760799 0.00435791 0.01416470 0.06015779
78 0.04711692 0.01011280 0.01028420 0.00844264 0.01221940 0.00952699 0.01419151 0.01229550 0.00657942 0.26686010 0.19278107 0.01320410 0.04706132 0.04172622 0.00998646 0.02563861 0.03264401 0.00351002 0.01299660 0.22282208
79 0.04769202 0.01252381 0.01257791 0.00784398 0.00925838 0.01529521 0.01227001 0.01393621 0.01010770 0.15850507 0.34059116 0.01443101 0.06481243 0.06396383 0.01121641 0.02083021 0.02877791 0.00795798 0.02298771 0.12442106
80 0.15009593 0.01626729 0.04443548 0.03238649 0.01482419 0.02494159 0.03218069 0.29888387 0.01100570 0.01146949 0.01445979 0.02860279 0.00705720 0.01295169 0.02020439 0.20930191 0.04235268 0.00398591 0.00541124 0.01918169
81 0.13259103 0.03437921 0.03028031 0.02430430 0.15455703 0.03466561 0.03700201 0.04248741 0.02131150 0.05800791 0.06077671 0.02833901 0.02511381 0.03087511 0.02106050 0.09779642 0.06086641 0.01254640 0.02795041 0.06508891
82 0.03959659 0.00373948 0.00514764 0.00187489 0.00559014 0.00644974 0.00780013 0.00493132 0.00399233 0.22080095 0.35725292 0.00568850 0.07420208 0.04620969 0.00744008 0.01023940 0.02464509 0.00263042 0.00791964 0.16384897
83 0.10254496 0.03432569 0.03090539 0.03553599 0.01800069 0.02238839 0.01935939 0.02730959 0.01024080 0.01968619 0.01423089 0.01770709 0.01006590 0.01067570 0.02131579 0.27551589 0.27842889 0.00286685 0.00615234 0.04274358
84 0.28427098 0.02669970 0.02008570 0.02718620 0.02608540 0.02680590 0.03704270 0.08370089 0.01378550 0.04143710 0.05382170 0.02242100 0.01842480 0.01948740 0.03066800 0.12994099 0.05789560 0.00422617 0.01468450 0.06132980
85 0.03940773 0.00219160 0.00377121 0.00088777 0.00444537 0.00502487 0.00588003 0.00382822 0.00317445 0.22276019 0.36736231 0.00339324 0.07599316 0.04119233 0.00646625 0.00821459 0.02359172 0.00146578 0.00603300 0.17491615
86 0.05493269 0.01430200 0.01706250 0.01372430 0.08608849 0.01204710 0.02667980 0.01799330 0.00931150 0.25736596 0.09279019 0.01382280 0.02975070 0.03344080 0.01008550 0.05165639 0.03910989 0.00661574 0.01384640 0.19937397
87 0.11722408 0.02232251 0.04636403 0.02966962 0.01201821 0.01957931 0.03703432 0.42825628 0.01781601 0.01602181 0.02243561 0.02668142 0.00982028 0.01504161 0.01981611 0.09092566 0.03071802 0.00445030 0.00796878 0.02583602
88 0.13821793 0.01465279 0.01202909 0.01135429 0.01611579 0.01270519 0.01735199 0.02321349 0.00767274 0.20865389 0.15370592 0.01478399 0.03939708 0.03333158 0.01526719 0.05418727 0.04318518 0.00333758 0.01027309 0.17056391
89 0.09774786 0.04711278 0.03457309 0.03260869 0.01941489 0.03127079 0.03120439 0.03630388 0.01684389 0.04925608 0.05527898 0.04078898 0.02512419 0.02204869 0.02338859 0.14182894 0.20577391 0.00537163 0.01630289 0.06775687
90 0.04869474 0.01333201 0.01257381 0.00764936 0.00947806 0.01550651 0.01198571 0.01283691 0.00963181 0.15840211 0.34163225 0.01403211 0.06469885 0.06367945 0.01076221 0.02108892 0.02863462 0.00806759 0.02411092 0.12320209
91 0.07014461 0.05351911 0.04920011 0.12281901 0.01217380 0.06012651 0.25796803 0.04805191 0.02609620 0.02391350 0.02526990 0.07229301 0.01739600 0.01148490 0.01762910 0.05675221 0.03463600 0.00391009 0.01356420 0.02305180
92 0.28953674 0.02682878 0.02090988 0.02763607 0.02696108 0.02539738 0.03636587 0.08395232 0.01366799 0.04000796 0.05325065 0.02221128 0.01892938 0.01942568 0.02852807 0.13115388 0.05805855 0.00428331 0.01441409 0.05848105
93 0.06425391 0.01554090 0.01272220 0.00857362 0.01320730 0.01348030 0.01346900 0.01856740 0.00821079 0.22005405 0.14430603 0.01734430 0.03867601 0.03410401 0.01497780 0.03633871 0.04318361 0.00380028 0.01399570 0.26519406
94 0.02839429 0.10267597 0.04010499 0.07562568 0.00551500 0.04865108 0.23822792 0.02514079 0.01637259 0.01045040 0.01099430 0.25712792 0.01615579 0.00312083 0.00931634 0.04989778 0.04396959 0.00356825 0.00566799 0.00902251
95 0.03903579 0.00312558 0.00443624 0.00130855 0.00500066 0.00555086 0.00726192 0.00443781 0.00356770 0.22470796 0.36568794 0.00469805 0.07551109 0.04263269 0.00722840 0.00914522 0.02396620 0.00172332 0.00623905 0.16473497
96 0.09919936 0.04810958 0.03438769 0.03184059 0.01962969 0.03193159 0.03186889 0.03581968 0.01672019 0.04955998 0.05303558 0.04090018 0.02521199 0.02223899 0.02432819 0.14137894 0.20436491 0.00579613 0.01630299 0.06737487
97 0.14910810 0.03260432 0.04371873 0.03560822 0.02220741 0.02949442 0.03528842 0.07310745 0.01487281 0.02800332 0.02936772 0.03647352 0.01443541 0.01859291 0.03425932 0.24285016 0.09933037 0.00459334 0.01356211 0.04252193
98 0.05941952 0.02976781 0.07483243 0.32671012 0.00398306 0.04233642 0.24578509 0.03738451 0.01085190 0.01241250 0.00809071 0.04847522 0.00579220 0.01013220 0.01158960 0.03430111 0.01531201 0.00133877 0.00867038 0.01281440
99 0.06169877 0.04067668 0.07653586 0.27363685 0.00965848 0.03941378 0.14908292 0.04948787 0.02254439 0.01803659 0.02044499 0.05425627 0.00998536 0.01571489 0.01698659 0.06561856 0.03809638 0.00395470 0.01530559 0.01886449
100 0.04881136 0.01303599 0.01291379 0.00793233 0.00958629 0.01523909 0.01208089 0.01366979 0.00973627 0.15824288 0.33994273 0.01448249 0.06471095 0.06434495 0.01091029 0.02157348 0.02903908 0.00797995 0.02211748 0.12364990
101 0.14847391 0.03355598 0.04340677 0.03665528 0.02274999 0.03033928 0.03627818 0.07241406 0.01524059 0.02793928 0.02956118 0.03686608 0.01473399 0.01824609 0.03607078 0.23974786 0.09777124 0.00464249 0.01314369 0.04216328
102 0.25228104 0.01693960 0.01257420 0.00900121 0.11388002 0.01868390 0.01726120 0.03597971 0.00985315 0.07279551 0.04594571 0.01435090 0.02463800 0.01650190 0.01241040 0.08035211 0.05126741 0.00521208 0.01550190 0.17457003
103 0.11659900 0.02254530 0.04664110 0.02989180 0.01177550 0.01928080 0.03702970 0.42853498 0.01780240 0.01588510 0.02300970 0.02627070 0.00911403 0.01528570 0.01979500 0.09186910 0.02986450 0.00453339 0.00822682 0.02604540
104 0.04226591 0.01310830 0.01311320 0.01612780 0.01301430 0.01183510 0.01292010 0.02241141 0.02337791 0.07965942 0.15810904 0.01084390 0.03231571 0.23043006 0.00844803 0.03268131 0.02801921 0.03051651 0.15590904 0.06489372
105 0.05060400 0.01055090 0.00940820 0.00577436 0.00959531 0.00763593 0.00863881 0.01191750 0.00856542 0.19822201 0.18065701 0.00967677 0.04294530 0.11015101 0.00907837 0.02659560 0.03276830 0.00975657 0.04193660 0.21552201
106 0.03993197 0.00491529 0.00367166 0.00151238 0.01065899 0.00449930 0.00508992 0.00416382 0.00325119 0.33613978 0.13000792 0.00753452 0.02954448 0.02972188 0.00512407 0.01473649 0.02686078 0.00142456 0.00412924 0.33708178
107 0.15792903 0.05066561 0.02883601 0.02017480 0.01988300 0.04202541 0.03123181 0.02984081 0.02221570 0.02335980 0.03307611 0.11240902 0.02348660 0.01900140 0.01948220 0.05900591 0.13256103 0.00904869 0.11461702 0.05115001
108 0.04088208 0.00474242 0.00321694 0.00141869 0.00826366 0.00382515 0.00593659 0.00444482 0.00382068 0.30214189 0.17999393 0.00567199 0.03889169 0.06259958 0.00702998 0.01217100 0.02769919 0.00284147 0.00852439 0.27588390
109 0.05673322 0.03419921 0.01600181 0.01389840 0.01386220 0.02576821 0.02798021 0.02054161 0.01064520 0.12734504 0.21697407 0.03079231 0.12036004 0.04600951 0.01599561 0.03721211 0.04436211 0.00665038 0.02293171 0.11173704
110 0.02440090 0.36341196 0.02822520 0.01395420 0.00647195 0.06103599 0.04642490 0.01186240 0.01357850 0.00433477 0.01740450 0.29284997 0.01713280 0.00246909 0.00792215 0.02496220 0.03879690 0.00275817 0.00633867 0.01566480
111 0.07065203 0.05327652 0.04900232 0.12050605 0.01260201 0.06122953 0.25905412 0.04716412 0.02644201 0.02443731 0.02503771 0.07265453 0.01787131 0.01111171 0.01774721 0.05598093 0.03413312 0.00407475 0.01364561 0.02337711
112 0.12548888 0.01370239 0.04494496 0.02571608 0.01130619 0.01821578 0.02871157 0.42643059 0.00942691 0.00821905 0.01284219 0.02372438 0.00524841 0.01320019 0.01618588 0.16175384 0.03051357 0.00339675 0.00432281 0.01664958
113 0.01732570 0.00633809 0.00514917 0.00745652 0.01220780 0.00818718 0.00285711 0.00683263 0.04268821 0.03557491 0.07693822 0.00608029 0.01364280 0.31444908 0.00143105 0.01467830 0.01265570 0.04462731 0.34694009 0.02393981
114 0.26665872 0.01195009 0.02317118 0.01535278 0.01373499 0.01048189 0.02293128 0.38433459 0.01102379 0.00907955 0.01586118 0.01305139 0.00616522 0.01036519 0.01330049 0.10569789 0.03144797 0.00275003 0.00629193 0.02634987
115 0.14803600 0.03322570 0.04321840 0.03606570 0.02229180 0.03130690 0.03619290 0.07384630 0.01529960 0.02762320 0.02945980 0.03574100 0.01406310 0.01763560 0.03540680 0.24415699 0.09845260 0.00466283 0.01287030 0.04044450
116 0.03864746 0.01758288 0.01998418 0.01971618 0.01425199 0.02664468 0.02007848 0.01641578 0.04874196 0.03358407 0.07517663 0.01911038 0.02059878 0.18940683 0.00856471 0.03113237 0.02576608 0.03413227 0.30441972 0.03604457
117 0.04988037 0.28297285 0.04232138 0.03313908 0.01177369 0.05707777 0.05301577 0.02891528 0.02135269 0.01588919 0.03024588 0.17673691 0.02129819 0.01080509 0.01547229 0.04999747 0.05235987 0.00684113 0.01178529 0.02811979
118 0.01669041 0.00610469 0.00556112 0.00698373 0.01203620 0.00848334 0.00323315 0.00674444 0.04487421 0.03483021 0.06960392 0.00595716 0.01288220 0.30952910 0.00128216 0.01461480 0.01285210 0.04387261 0.36087611 0.02298831
119 0.04818532 0.01226820 0.01229220 0.00735097 0.00945216 0.01552300 0.01143080 0.01251310 0.00964248 0.15807105 0.34242011 0.01403540 0.06560792 0.06494032 0.01071500 0.02045361 0.02876521 0.00827517 0.02435291 0.12370504
120 0.05548548 0.01803979 0.01838849 0.01519269 0.08214706 0.01542159 0.03675438 0.08085686 0.01402749 0.15688293 0.20315691 0.01519519 0.03897998 0.04258068 0.01562469 0.04512428 0.03785758 0.00911665 0.01470639 0.08446086
121 0.04194973 0.00306982 0.00472534 0.00143520 0.00530204 0.00626915 0.00622948 0.00609885 0.00374310 0.20676315 0.36609827 0.00445833 0.07382255 0.04099643 0.00717108 0.01034781 0.02415532 0.00194417 0.00779302 0.17762713
122 0.05660009 0.05076819 0.06572679 0.04530219 0.01744500 0.05666269 0.05759939 0.05636249 0.15396297 0.02648049 0.05044699 0.06001989 0.01597370 0.04354949 0.02221580 0.05604719 0.04292549 0.01330570 0.07467679 0.03392869
123 0.05505463 0.03429882 0.01662121 0.01351821 0.01341941 0.02634351 0.02874531 0.02060321 0.01147381 0.12698706 0.21477010 0.03177811 0.12204506 0.04557102 0.01750531 0.03583332 0.04438262 0.00676113 0.02366211 0.11062605
124 0.03550292 0.10114007 0.04099963 0.04520473 0.00671679 0.04840493 0.18028612 0.02470822 0.01527191 0.01118611 0.01313741 0.23623516 0.01834511 0.00474364 0.01150261 0.06892385 0.11421308 0.00348999 0.00636029 0.01362741
125 0.05286008 0.05796338 0.18306394 0.08684617 0.01405460 0.04394089 0.06777218 0.07495717 0.03629459 0.02356149 0.03960569 0.06986738 0.01397320 0.01631919 0.01663359 0.09507047 0.05093548 0.00546384 0.01939749 0.03141919
126 0.10209097 0.02350619 0.01983159 0.01872499 0.01038860 0.02311259 0.01872769 0.02505169 0.00815259 0.01555490 0.01390280 0.01707939 0.01452160 0.00875782 0.18401094 0.22291293 0.21073393 0.00272261 0.00538960 0.05482658
127 0.04667297 0.01023319 0.01007039 0.00881887 0.01157529 0.00971416 0.01437889 0.01229539 0.00681735 0.26654282 0.19208787 0.01315589 0.04698167 0.04203487 0.00977832 0.02560148 0.03255068 0.00362755 0.01309749 0.22396485
128 0.06435071 0.01639230 0.01222240 0.00838303 0.01323970 0.01375460 0.01324910 0.01891860 0.00877926 0.21779404 0.14606203 0.01803440 0.03944431 0.03440331 0.01477700 0.03627951 0.04217101 0.00403022 0.01410740 0.26360705
129 0.06919188 0.08103968 0.04543019 0.04778109 0.01784750 0.17014395 0.08478538 0.03865179 0.03576009 0.02349059 0.04957779 0.08066038 0.02393489 0.01538100 0.02804359 0.07023768 0.04922429 0.00781178 0.02617599 0.03483049
130 0.06853543 0.07971483 0.04690082 0.04797082 0.01723421 0.17075807 0.08629774 0.03880742 0.03571181 0.02357671 0.05056622 0.07942933 0.02455741 0.01455011 0.02766261 0.06992553 0.05032142 0.00761439 0.02578351 0.03408161
131 0.06191302 0.04058471 0.07622192 0.27171007 0.00919956 0.04077011 0.14790204 0.04929491 0.02309971 0.01816280 0.02029481 0.05460191 0.00977122 0.01538500 0.01713790 0.06574202 0.03972911 0.00425505 0.01580560 0.01841850
132 0.06350682 0.01521448 0.01312068 0.00917715 0.01310628 0.01318568 0.01350028 0.01926467 0.00829737 0.21748172 0.14670981 0.01759418 0.03937605 0.03426086 0.01494728 0.03721505 0.04296814 0.00386895 0.01356788 0.26363666
133 0.04842243 0.28672016 0.04128922 0.03223512 0.01191771 0.05694573 0.05383403 0.02838342 0.02102681 0.01621031 0.03061422 0.17711210 0.02129951 0.01064301 0.01593641 0.04958983 0.05250893 0.00682324 0.01195131 0.02653651
134 0.04767106 0.01288499 0.01289079 0.00722896 0.00955832 0.01575709 0.01174359 0.01271949 0.00983382 0.15841887 0.34050173 0.01459269 0.06493055 0.06455865 0.01075589 0.02102408 0.02883658 0.00844916 0.02366778 0.12397590
135 0.11631008 0.02281142 0.04604143 0.03061792 0.01179521 0.01923931 0.03741083 0.42772429 0.01806631 0.01476781 0.02247892 0.02710142 0.00943904 0.01506591 0.01983201 0.09137186 0.03084772 0.00459558 0.00847862 0.02600432
136 0.09865585 0.04853638 0.03470598 0.03137348 0.01949599 0.03187168 0.03091769 0.03733718 0.01698599 0.04930448 0.05451827 0.04064838 0.02563059 0.02274169 0.02464089 0.13795093 0.20316590 0.00550028 0.01639469 0.06962367
137 0.06251495 0.03989043 0.07631197 0.27433224 0.00952180 0.03938633 0.14869313 0.04858274 0.02244982 0.01853172 0.02067282 0.05423035 0.00997493 0.01631081 0.01654621 0.06567796 0.03790873 0.00430093 0.01543621 0.01872592
138 0.06399362 0.02277467 0.02602297 0.01695868 0.01809838 0.03404036 0.02144407 0.02095497 0.04208695 0.03277786 0.05163083 0.02378967 0.02795486 0.10298387 0.01199488 0.05114113 0.11606885 0.01929867 0.24552468 0.05046003
139 0.14613295 0.03420599 0.04454939 0.03694909 0.02152049 0.03211999 0.03602309 0.07160108 0.01535920 0.02791339 0.03035929 0.03668349 0.01460250 0.01791669 0.03622669 0.24005693 0.09774567 0.00443771 0.01339050 0.04220589
140 0.03123319 0.33230292 0.03212349 0.01194670 0.00886239 0.05449099 0.03291839 0.01114920 0.02095859 0.00962306 0.06572278 0.25534994 0.01573380 0.00443062 0.01787910 0.03043949 0.03501489 0.00444812 0.00768195 0.01769040
141 0.04260081 0.00860580 0.01436530 0.01069550 0.01752510 0.01036410 0.05216431 0.01348410 0.00627927 0.26554304 0.16991203 0.01351210 0.04354151 0.03406691 0.00927615 0.03030000 0.02878070 0.00292044 0.00812479 0.21793803
142 0.05038628 0.01623139 0.01585690 0.00668144 0.01203840 0.05622908 0.01405390 0.01433730 0.00972307 0.20205094 0.12380396 0.01812259 0.04735339 0.02360129 0.01136320 0.04435029 0.09829997 0.00366720 0.01517150 0.21667793
143 0.03132117 0.06848614 0.06094095 0.20390382 0.00669482 0.04344286 0.12855889 0.03592097 0.03971896 0.01084739 0.01275709 0.20478782 0.01011309 0.00630165 0.02322548 0.05085315 0.03069777 0.00535940 0.01163609 0.01443249
144 0.14818912 0.03310723 0.04406134 0.03599223 0.02234852 0.03010492 0.03546863 0.07322086 0.01513351 0.02893882 0.02967832 0.03611203 0.01491581 0.01831072 0.03518733 0.24262520 0.09793308 0.00429567 0.01273071 0.04164593
145 0.07087306 0.05312547 0.04856397 0.12038993 0.01229459 0.06203547 0.25924186 0.04796307 0.02601469 0.02362939 0.02572069 0.07314476 0.01783009 0.01129269 0.01737419 0.05619387 0.03382958 0.00420625 0.01332309 0.02295329
146 0.06116067 0.03624424 0.04934745 0.22290825 0.01084151 0.14157816 0.15597017 0.03950664 0.03582624 0.01196821 0.01677932 0.05940327 0.01123831 0.01042351 0.01563752 0.05037416 0.03346664 0.00420290 0.01739832 0.01572452
147 0.06955262 0.07837092 0.04724741 0.04858671 0.01726400 0.17065605 0.08697222 0.03892881 0.03547831 0.02369431 0.05032911 0.07836762 0.02399311 0.01500800 0.02625281 0.07065082 0.04980451 0.00763842 0.02566531 0.03553891
148 0.07932514 0.02736841 0.02353271 0.02053961 0.01303061 0.02649441 0.02491171 0.03264612 0.01176091 0.02592721 0.02913612 0.03185092 0.08563605 0.01173421 0.28429815 0.14041508 0.06559004 0.00557836 0.01230251 0.04792173
149 0.06945081 0.07905302 0.04453661 0.04867621 0.01756610 0.17030303 0.08726252 0.03842541 0.03576281 0.02345830 0.05090401 0.07884741 0.02454950 0.01502130 0.02846621 0.06983471 0.04896781 0.00780341 0.02638351 0.03472731
150 0.04177011 0.01235990 0.01324140 0.01583150 0.01287080 0.01192910 0.01296480 0.02086290 0.02430390 0.08019441 0.15781903 0.01079800 0.03225661 0.23066204 0.00846513 0.03222261 0.02791070 0.03003731 0.15740203 0.06609771
151 0.28843500 0.02739810 0.02066460 0.02777330 0.02636870 0.02560470 0.03711410 0.08282950 0.01343150 0.04106070 0.05419920 0.02272090 0.01844790 0.01883640 0.02918180 0.12925100 0.05862200 0.00412181 0.01357310 0.06036570
152 0.03845773 0.01878212 0.01029661 0.01394251 0.02178952 0.01835971 0.00943539 0.01381701 0.01644911 0.05746365 0.26046721 0.01408481 0.03962533 0.18467815 0.00711792 0.02568112 0.02508392 0.08106507 0.09931698 0.04408614
153 0.08453064 0.03464552 0.04294082 0.07899264 0.01700461 0.04489572 0.22311510 0.06008313 0.01920571 0.02377431 0.01616351 0.06731403 0.01841361 0.00962098 0.01817491 0.15365807 0.05330023 0.00391245 0.00919830 0.02105571
154 0.14256999 0.03484210 0.06033280 0.25289199 0.01184840 0.03891730 0.14984899 0.04748230 0.01395390 0.01627370 0.01677720 0.02958650 0.00881261 0.01662900 0.01610090 0.06757720 0.04376290 0.00269483 0.01044690 0.01865050
155 0.11734397 0.02308369 0.04641169 0.03019099 0.01179340 0.01876629 0.03678929 0.42752288 0.01834100 0.01533260 0.02279489 0.02593289 0.00947392 0.01508780 0.01952569 0.09149808 0.03092919 0.00471977 0.00851278 0.02594919
156 0.01475630 0.00585747 0.00521739 0.00580839 0.01148220 0.00777257 0.00241181 0.00613874 0.04637981 0.03411311 0.05989122 0.00526210 0.01091070 0.32052610 0.00094092 0.01356140 0.01187950 0.04278151 0.37257011 0.02173861
157 0.05134366 0.17188586 0.04058087 0.07292084 0.00699234 0.07010494 0.27137378 0.02151998 0.02104608 0.00923951 0.01293349 0.12749790 0.02107158 0.00474394 0.00854010 0.03349347 0.03056158 0.00332605 0.00935212 0.01147189
158 0.04816431 0.01265890 0.01217640 0.00737461 0.00929361 0.01445780 0.01181070 0.01262760 0.00940458 0.15991704 0.34255510 0.01388390 0.06546972 0.06397162 0.01052070 0.02046981 0.02837001 0.00811422 0.02381131 0.12494803
159 0.04232319 0.01347380 0.01271400 0.01501130 0.01267990 0.01229240 0.01260420 0.02220370 0.02387910 0.08050458 0.15753797 0.01097420 0.03249659 0.22978796 0.00797229 0.03285909 0.02883599 0.03019359 0.15439997 0.06725619
160 0.04318609 0.00437993 0.00557708 0.00188046 0.00601701 0.00695103 0.00693328 0.00699240 0.00442144 0.20223296 0.35982893 0.00550407 0.07317709 0.04457779 0.00782639 0.01173080 0.02534080 0.00267393 0.00956757 0.17120097
161 0.04901978 0.28261091 0.04169919 0.03326679 0.01203110 0.05579008 0.05353838 0.02885609 0.02131779 0.01631189 0.02942969 0.17719094 0.02102439 0.01057470 0.01665129 0.05140868 0.05319518 0.00646783 0.01211790 0.02749739
162 0.04798152 0.01326551 0.01234421 0.00802306 0.00930402 0.01569581 0.01140551 0.01313351 0.00990904 0.15831208 0.34241617 0.01418211 0.06490913 0.06377903 0.01095041 0.02083391 0.02861161 0.00796569 0.02357161 0.12340606
163 0.04801823 0.01314061 0.01244201 0.00757320 0.01037211 0.01500651 0.01206351 0.01281681 0.00957032 0.15908009 0.34028420 0.01440071 0.06476054 0.06384404 0.01094131 0.02117381 0.02901292 0.00823440 0.02323861 0.12402607
164 0.03794137 0.00373402 0.00469135 0.00334202 0.00715727 0.00943339 0.00660399 0.00563192 0.00642047 0.18624887 0.31679377 0.00734938 0.07224695 0.07731914 0.00588478 0.01232569 0.02374998 0.01046339 0.04851037 0.15415189
165 0.04512870 0.00480614 0.00581000 0.00213767 0.00667505 0.00727961 0.00710319 0.00799362 0.00468397 0.20694799 0.33556099 0.00630153 0.06829000 0.04270630 0.00827247 0.01298310 0.02578670 0.00272352 0.00993647 0.18887299
166 0.01888829 0.00526095 0.00386795 0.00703457 0.01739470 0.00718596 0.00255050 0.00552346 0.03922469 0.03301329 0.08556428 0.00686183 0.01382030 0.30030392 0.00092405 0.01369850 0.01070670 0.07591178 0.33057691 0.02168739
167 0.04735385 0.00998075 0.00971668 0.00872084 0.01146371 0.00956094 0.01396071 0.01192871 0.00679627 0.26555226 0.19417119 0.01304061 0.04701715 0.04256784 0.00977123 0.02547662 0.03284043 0.00374547 0.01365051 0.22268422
168 0.04917855 0.28421428 0.04222724 0.03319093 0.01165651 0.05591755 0.05310205 0.02981383 0.02120712 0.01574632 0.02989653 0.17794817 0.02083032 0.01110021 0.01529641 0.05044045 0.05071835 0.00684923 0.01289321 0.02777273
169 0.01720209 0.00612767 0.00527309 0.00744510 0.01231429 0.00826178 0.00300669 0.00680284 0.04270627 0.03570707 0.07710674 0.00613765 0.01391839 0.31424175 0.00134313 0.01434019 0.01286639 0.04419557 0.34688273 0.02412058
170 0.09765974 0.02652431 0.01987931 0.02364251 0.01119120 0.03282071 0.02751621 0.04369902 0.01549981 0.02741051 0.03825962 0.03254771 0.01699991 0.01173491 0.37301916 0.10005304 0.04472322 0.00439863 0.00922694 0.04319352
171 0.04171541 0.01286570 0.01303880 0.01532200 0.01280030 0.01132930 0.01191340 0.02204631 0.02380171 0.08041072 0.15943804 0.01129230 0.03252131 0.23046906 0.00849943 0.03242471 0.02864151 0.02998171 0.15432804 0.06716022
172 0.04920981 0.28373606 0.04212171 0.03227381 0.01172170 0.05641481 0.05396451 0.02798471 0.02067510 0.01638210 0.02996671 0.17747904 0.02070120 0.01092750 0.01611830 0.05067291 0.05285591 0.00686999 0.01212380 0.02780031
173 0.07717167 0.10628796 0.02473499 0.03161839 0.01501649 0.02654289 0.01990869 0.02946269 0.02261079 0.01993849 0.03118039 0.05492828 0.01501439 0.01468269 0.26243289 0.15270494 0.05251728 0.00477552 0.01096520 0.02750539
174 0.06244728 0.01985289 0.01875540 0.00944944 0.01481220 0.02467949 0.01486040 0.01910220 0.01351850 0.12409697 0.27444993 0.01753040 0.05725339 0.04569879 0.01228930 0.04283939 0.10103297 0.00715672 0.01614540 0.10402897
175 0.03784203 0.00466205 0.00266553 0.00109975 0.01106531 0.00361073 0.00365693 0.00312236 0.00281791 0.36659329 0.08129726 0.00745539 0.01813411 0.02583422 0.00406100 0.01396861 0.02636712 0.00126192 0.00263015 0.38185430
176 0.04288088 0.05424977 0.15910791 0.04960927 0.01415449 0.16602191 0.05776167 0.04378768 0.04559737 0.01629299 0.04649157 0.07882356 0.01419499 0.01151359 0.01589959 0.09018765 0.04498087 0.00607676 0.01927329 0.02309419
177 0.09838919 0.02599940 0.01928080 0.02231840 0.01181710 0.03323430 0.02709340 0.04285089 0.01544000 0.02732120 0.03838900 0.03262850 0.01678640 0.01224130 0.37607495 0.10110099 0.04342979 0.00416201 0.00901572 0.04242669
178 0.04551931 0.01125920 0.01394550 0.00458457 0.01092210 0.01131190 0.01031520 0.00803671 0.00541721 0.31694008 0.07799502 0.05500931 0.02249721 0.02296191 0.01377860 0.02162811 0.02731111 0.00252330 0.00749755 0.31054608
179 0.22705218 0.01681211 0.01153841 0.00907441 0.02101082 0.01494921 0.01602761 0.04744984 0.00843093 0.10495109 0.08529017 0.01694681 0.03088533 0.02396152 0.02181842 0.07354466 0.05602205 0.00356497 0.01279031 0.19787916
