1 0.35675700 0.00610387 0.01304300 0.02036620 0.06486390 0.00909958 0.00436036 0.08472810 0.00389009 0.02632520 0.02740000 0.00813169 0.00930071 0.00321390 0.01350800 0.21875400 0.08411920 0.00066896 0.00387945 0.04148680
2 0.14464896 0.01727070 0.01498860 0.01416280 0.02427639 0.01894469 0.01756160 0.03736569 0.01162230 0.11881297 0.19680895 0.01626490 0.04967719 0.03997829 0.01767980 0.07618258 0.04993089 0.00323567 0.01615010 0.11443697
3 0.29178117 0.01647121 0.02165601 0.02486981 0.04313023 0.01833951 0.01837901 0.08714275 0.00803478 0.02594752 0.02806112 0.01854791 0.01239541 0.00769757 0.02530331 0.21408213 0.08981835 0.00195247 0.00695929 0.03943042
4 0.06726463 0.01363799 0.01374599 0.00954497 0.01462369 0.01249119 0.01457389 0.01943208 0.00794281 0.22563778 0.15989484 0.01640238 0.03102767 0.03776586 0.01030809 0.03241107 0.04056546 0.00216787 0.01551698 0.25504475
5 0.06006147 0.00924594 0.00693974 0.00258319 0.01156659 0.00690534 0.00588444 0.01047829 0.00564774 0.22389789 0.26241887 0.00563110 0.05996967 0.04680508 0.00665830 0.02155359 0.03159008 0.00216098 0.00862784 0.21137389
6 0.08254840 0.04714940 0.03263550 0.02597730 0.01614010 0.07677480 0.05020390 0.02312950 0.02046140 0.06649440 0.05609870 0.06514620 0.03517410 0.01876660 0.02284140 0.09251000 0.12926301 0.00350086 0.02165340 0.11353100
7 0.15648695 0.03758619 0.04515879 0.04031129 0.02659879 0.03477279 0.03884819 0.07188258 0.01749419 0.03201319 0.03917049 0.04060359 0.01988089 0.01771829 0.03034879 0.18679795 0.10179897 0.00483489 0.01683580 0.04085739
8 0.04814767 0.17555088 0.05539906 0.03917387 0.01266069 0.05941026 0.06843195 0.04127407 0.03051708 0.01767939 0.03565178 0.20353086 0.01885159 0.01130569 0.02460368 0.06011276 0.04682547 0.00576049 0.01497089 0.03014188
9 0.05205901 0.03548521 0.05993431 0.12238903 0.00675691 0.03809721 0.18211004 0.20097705 0.03435351 0.01500300 0.02155610 0.05739181 0.01201570 0.00971699 0.01959990 0.06129661 0.03470601 0.00283166 0.00977481 0.02394511
10 0.13639005 0.02416481 0.05033122 0.02674751 0.02178601 0.03240771 0.02135501 0.03792211 0.01153820 0.02552651 0.02521291 0.02409541 0.01981891 0.01535151 0.01597521 0.25243409 0.21334307 0.00208011 0.00899705 0.03452261
11 0.07787162 0.13841986 0.04842685 0.03308717 0.01365379 0.05695464 0.05439375 0.05118015 0.02515597 0.01915388 0.02830237 0.09799140 0.01590468 0.01495718 0.02905877 0.16510483 0.08392602 0.00635520 0.01489498 0.02520687
12 0.04579190 0.00918424 0.00637332 0.00152144 0.00907549 0.00566933 0.00488427 0.00838943 0.00585301 0.22853700 0.28454000 0.00525760 0.06412450 0.05164590 0.00622466 0.01402100 0.02633020 0.00240079 0.00868091 0.21149500
13 0.05873631 0.03145460 0.13330001 0.07644751 0.01881630 0.02553690 0.04873061 0.18003302 0.03203570 0.01395920 0.02874240 0.06421531 0.01253350 0.01234080 0.02428360 0.10310501 0.09863871 0.00346370 0.00900439 0.02462240
14 0.04290458 0.01124829 0.00562248 0.00135637 0.00734883 0.00549341 0.00503856 0.00773926 0.00667566 0.20215389 0.33178681 0.00527317 0.08067245 0.05964427 0.00715772 0.01389949 0.02452699 0.00292669 0.00903720 0.16949391
15 0.04295281 0.02099721 0.01107470 0.01156260 0.01714421 0.01986711 0.01278060 0.01240590 0.03404171 0.07076372 0.13250005 0.01732961 0.06620112 0.16612606 0.00638406 0.04176701 0.04423742 0.01687341 0.18694106 0.06804962
16 0.03595800 0.01592460 0.00862482 0.00656547 0.01592970 0.01444980 0.00677726 0.00799675 0.03160330 0.07989930 0.21723999 0.00978677 0.05491540 0.18224799 0.00671946 0.02362830 0.02249930 0.01332860 0.17755599 0.06834920
17 0.09327398 0.02939919 0.07325948 0.04689479 0.01412250 0.03325869 0.04321739 0.04379019 0.02165810 0.01779400 0.03222349 0.03891509 0.01433590 0.00980271 0.31132993 0.08022008 0.05721109 0.00474062 0.01094860 0.02360419
18 0.05764456 0.03008613 0.01716622 0.01692762 0.01168611 0.02135372 0.02273242 0.02379312 0.01387981 0.11868012 0.24006924 0.03013763 0.09660610 0.05880016 0.01633252 0.04735665 0.05170525 0.00629412 0.02615913 0.09258939
19 0.19271605 0.04232261 0.03150311 0.11201403 0.01832730 0.03897251 0.04933091 0.05772091 0.01375370 0.01885540 0.03321451 0.03937131 0.01829870 0.07793122 0.04604381 0.09028472 0.05079571 0.00609666 0.02199521 0.04045161
20 0.06090339 0.05291789 0.05161879 0.14420598 0.00603519 0.06697309 0.21373197 0.04445149 0.02850100 0.02538470 0.02926400 0.07295109 0.01430470 0.01022810 0.02965810 0.06247199 0.04219149 0.00288303 0.01378870 0.02753530
21 0.07036771 0.02694610 0.09993811 0.18266701 0.01394320 0.03783770 0.11305001 0.04528870 0.02507360 0.02019480 0.02452800 0.05097670 0.01826210 0.00966664 0.02309690 0.09694261 0.09780311 0.00326218 0.01145590 0.02869890
22 0.06267474 0.03102762 0.08649115 0.22404714 0.00957930 0.04586893 0.16625410 0.05291223 0.02553512 0.01972301 0.02014401 0.05215383 0.01254341 0.01080001 0.02335231 0.07195284 0.04496713 0.00332960 0.01474411 0.02189941
23 0.03332140 0.25528600 0.08136890 0.03342590 0.01427810 0.05224660 0.04202190 0.03226400 0.03475990 0.01126200 0.02765720 0.20855900 0.01457220 0.00871079 0.01252780 0.05714430 0.04080190 0.00383842 0.01500430 0.02094940
24 0.02766682 0.02087061 0.02499551 0.01211731 0.02036911 0.03056652 0.00922918 0.01013241 0.08720195 0.02086321 0.07303964 0.01294691 0.01900781 0.21821213 0.00608285 0.03205032 0.01631841 0.02593462 0.30406418 0.02833052
25 0.28124906 0.01990840 0.01336520 0.02319370 0.03091591 0.00907087 0.01264700 0.28455006 0.00678139 0.01572070 0.02121960 0.01316530 0.00786916 0.00560769 0.02019820 0.14598503 0.04959451 0.00193969 0.00720240 0.02981611
26 0.05826720 0.05474700 0.03346630 0.02574480 0.01444510 0.04442430 0.04700800 0.04371920 0.01877250 0.03907230 0.08073580 0.10287400 0.08690960 0.08376870 0.02020150 0.09861470 0.05764900 0.01246640 0.03259510 0.04451850
27 0.05455864 0.12017108 0.04533213 0.07940355 0.00644303 0.07189785 0.15745011 0.03293822 0.02991772 0.01664621 0.02568912 0.16194311 0.01448011 0.00851637 0.02677542 0.06329754 0.04453403 0.00336414 0.01152031 0.02512132
28 0.23654298 0.02429330 0.02144960 0.02979820 0.03381850 0.02379250 0.03024210 0.09084069 0.01180140 0.05120930 0.05755760 0.02659070 0.01939930 0.01725420 0.03472670 0.14033599 0.06872830 0.00314347 0.01354740 0.06492780
29 0.04919092 0.01940011 0.01154010 0.00695515 0.00970456 0.01334881 0.01214020 0.01501491 0.01293091 0.15619006 0.31045912 0.01481281 0.07833383 0.06775523 0.01328871 0.02511651 0.02940161 0.00456560 0.02350781 0.12634305
30 0.03514552 0.01378981 0.00605550 0.00390592 0.01099271 0.00872836 0.00520660 0.00712935 0.02128361 0.11088406 0.27508216 0.00602912 0.06936714 0.16479209 0.00589098 0.01755651 0.01965521 0.01065821 0.11855807 0.08928905
31 0.10395798 0.03024129 0.04440939 0.09551078 0.00923857 0.03441079 0.07663508 0.04514459 0.01209730 0.01541040 0.02173650 0.04211039 0.01191620 0.01321130 0.27318994 0.08319978 0.04803649 0.00499841 0.00913363 0.02541119
32 0.20471005 0.02424731 0.03565711 0.03352691 0.02907171 0.01493530 0.02162240 0.23194805 0.01121790 0.01642020 0.02152190 0.02597801 0.00965537 0.00984940 0.02196521 0.18561104 0.06115571 0.00337076 0.00913644 0.02839921
33 0.07232263 0.00787758 0.00852742 0.00437040 0.01424829 0.00789455 0.00743825 0.01354269 0.00540040 0.22800777 0.21661878 0.00700732 0.04513795 0.04075296 0.00681607 0.02657437 0.03580556 0.00168986 0.00983539 0.24013176
34 0.05839269 0.00448314 0.00925564 0.00369171 0.01403060 0.00628368 0.00618631 0.01749240 0.00370648 0.28434497 0.15538698 0.00551760 0.02376170 0.02929550 0.00475397 0.02063000 0.03468250 0.00112433 0.00689484 0.31008497
35 0.15604295 0.03791019 0.04543219 0.04005169 0.02681049 0.03476789 0.03889199 0.07302008 0.01750509 0.03207409 0.03870839 0.04098759 0.01973739 0.01749089 0.03088789 0.18627095 0.10104697 0.00460559 0.01713530 0.04062239
36 0.04905099 0.15229596 0.10470897 0.05301609 0.01586510 0.04866579 0.04379469 0.05050879 0.03116169 0.01460320 0.02491729 0.12033697 0.01362820 0.01211910 0.01938629 0.13148296 0.07487568 0.00497838 0.01407330 0.02053059
37 0.29397688 0.01504469 0.02240359 0.02337069 0.04347208 0.01745399 0.01554559 0.08255027 0.00747417 0.02405289 0.02613059 0.01672279 0.01136880 0.00748348 0.02317909 0.22986590 0.09464856 0.00182870 0.00637097 0.03705628
38 0.06213813 0.03017741 0.08790464 0.22554510 0.00968133 0.04567072 0.16569808 0.05325472 0.02577281 0.01978701 0.02035191 0.05169072 0.01250811 0.01065850 0.02318171 0.07212283 0.04444182 0.00317681 0.01450911 0.02172851
39 0.14789094 0.01289179 0.01211849 0.01344949 0.02652969 0.01457139 0.01498989 0.03202929 0.00700382 0.17286093 0.13127094 0.01187640 0.03443979 0.02572179 0.01650129 0.08058637 0.05768218 0.00234140 0.01069220 0.17455193
40 0.15697204 0.03750951 0.04471201 0.04017371 0.02671381 0.03492991 0.03933761 0.07215872 0.01752920 0.03188791 0.03891971 0.04064051 0.01988960 0.01786030 0.03114851 0.18677405 0.10080103 0.00465895 0.01698610 0.04039681
41 0.33371582 0.01158109 0.01579609 0.02178669 0.04885847 0.01324079 0.01171589 0.09599865 0.00569553 0.02422269 0.02616749 0.01319369 0.01012579 0.00533286 0.02195889 0.21275388 0.08194155 0.00132436 0.00529290 0.03929688
42 0.31189614 0.01463331 0.01842161 0.02406371 0.04570662 0.01621811 0.01617121 0.09271604 0.00692231 0.02562241 0.02765691 0.01637031 0.01154501 0.00664531 0.02555151 0.20814910 0.08377074 0.00167714 0.00630728 0.03995522
43 0.21792493 0.01601370 0.01840749 0.02380379 0.06227938 0.02348779 0.01404110 0.04852788 0.01015400 0.06606928 0.07649848 0.01918679 0.05295368 0.01942399 0.01685259 0.13400796 0.08305087 0.00315501 0.01927119 0.07489008
44 0.09896096 0.01922871 0.02109851 0.01783571 0.01820921 0.02014671 0.02373881 0.02532941 0.00953845 0.13941908 0.09930246 0.02859052 0.04444283 0.02443961 0.01396421 0.08361085 0.11507007 0.00243378 0.01941001 0.17523010
45 0.05291130 0.00323948 0.00815791 0.00184712 0.01292660 0.00525557 0.00443602 0.00925864 0.00299399 0.29645499 0.16606500 0.00446569 0.02072860 0.03164460 0.00351621 0.01318890 0.02936280 0.00069558 0.00594501 0.32690599
46 0.06244209 0.03072719 0.08650948 0.22461995 0.00989295 0.04580289 0.16686896 0.05284409 0.02558489 0.01985380 0.02035780 0.05173639 0.01247520 0.01055670 0.02370909 0.07181438 0.04439179 0.00328458 0.01459110 0.02193669
47 0.02071590 0.34104692 0.04765329 0.00715742 0.01192000 0.05545269 0.03364289 0.00885576 0.02962779 0.00571645 0.02705869 0.29153293 0.01613830 0.00358253 0.00559617 0.03706289 0.02363049 0.00219891 0.01265400 0.01875600
48 0.10309892 0.03055858 0.03215688 0.03116768 0.02172688 0.03362168 0.03022868 0.03795377 0.01399669 0.07029865 0.08223654 0.03356118 0.07684814 0.02569548 0.02008689 0.15166889 0.10795692 0.00510023 0.02138318 0.07065415
49 0.06011387 0.07894787 0.04083358 0.01926199 0.06137177 0.04988178 0.02670799 0.03215909 0.02451739 0.05283178 0.15290394 0.11895695 0.03859098 0.02709989 0.02775059 0.05385058 0.04264708 0.00856472 0.02660759 0.05640058
50 0.06058060 0.09404081 0.06325131 0.02954550 0.01280730 0.05224000 0.05698710 0.02636950 0.02508300 0.01352390 0.03034530 0.20153602 0.01770350 0.01104660 0.01864730 0.07507001 0.14700801 0.00588302 0.01461590 0.04371530
51 0.15505611 0.03801813 0.04530203 0.04064153 0.02634832 0.03466023 0.03991033 0.07185445 0.01748921 0.03214882 0.03881083 0.04137503 0.01985311 0.01746041 0.03103292 0.18652114 0.10155507 0.00475397 0.01667011 0.04053823
52 0.02070871 0.34112011 0.04792281 0.00722583 0.01189890 0.05523902 0.03343201 0.00884197 0.02961271 0.00568950 0.02712121 0.29150209 0.01608610 0.00355095 0.00563844 0.03712201 0.02367671 0.00217230 0.01273360 0.01870501
53 0.05844152 0.01185870 0.01146220 0.00872229 0.01329710 0.01167090 0.01344260 0.01363700 0.00769055 0.23489707 0.19760706 0.01084580 0.04339421 0.04021191 0.00925611 0.02777331 0.03667171 0.00321745 0.01278540 0.23311707
54 0.12135903 0.02888691 0.03288711 0.02658911 0.02496881 0.03169221 0.02918451 0.04320551 0.01875260 0.07039492 0.13774704 0.03178711 0.04214891 0.03450531 0.02196381 0.13422803 0.07253352 0.00551314 0.02370961 0.06794282
55 0.04362395 0.22742824 0.03609954 0.02715063 0.00771160 0.07605778 0.10435511 0.01609692 0.03397264 0.01334981 0.02776513 0.21820323 0.01514162 0.00675804 0.02045812 0.05645806 0.03385954 0.00260234 0.01071761 0.02219012
56 0.05510401 0.03893831 0.10571902 0.15752503 0.00857421 0.04733711 0.16693203 0.05550911 0.02706860 0.01644450 0.02453500 0.06520831 0.01197600 0.00818570 0.02168440 0.09767532 0.05618451 0.00252383 0.01034710 0.02252790
57 0.07015303 0.02888971 0.09119504 0.04871872 0.02447031 0.02953801 0.03582722 0.02862371 0.02067031 0.11530505 0.06915263 0.03938752 0.02705061 0.01841661 0.02226761 0.09851334 0.11770505 0.00582296 0.01353711 0.09475544
58 0.26124401 0.02513360 0.02200200 0.06127790 0.03195220 0.01420260 0.02963870 0.21713901 0.00857313 0.01595160 0.02094890 0.01680930 0.00858773 0.00829431 0.02589690 0.14105901 0.05153560 0.00201936 0.00814633 0.02958780
59 0.05273092 0.01663391 0.01212550 0.01217080 0.01853131 0.01984561 0.01552320 0.01273220 0.03204811 0.10358503 0.08008793 0.01530170 0.05140102 0.12444904 0.00636768 0.06030702 0.08751893 0.01409510 0.17860906 0.08593593
60 0.06814693 0.00416282 0.00833772 0.00331708 0.01522021 0.00650542 0.00550708 0.01165001 0.00313705 0.27791812 0.15817307 0.00505461 0.02479461 0.02958511 0.00466942 0.02341761 0.03688232 0.00080463 0.00718303 0.30553313
61 0.04921319 0.01944410 0.01152820 0.00654095 0.00961993 0.01336990 0.01237620 0.01532170 0.01280650 0.15591197 0.31192995 0.01474750 0.07874579 0.06737439 0.01365010 0.02473730 0.02916130 0.00463159 0.02288050 0.12600898
62 0.03953728 0.01366869 0.00404234 0.00105753 0.00510388 0.00536220 0.00491812 0.00753414 0.00729715 0.16841691 0.38562078 0.00530076 0.10797394 0.06685606 0.00802351 0.01573729 0.02642529 0.00364181 0.00944141 0.11404094
63 0.05267901 0.00358620 0.00814597 0.00189857 0.01285430 0.00532845 0.00459346 0.00919639 0.00307780 0.29367605 0.17049103 0.00451264 0.02285730 0.03248441 0.00362683 0.01361530 0.02964711 0.00082121 0.00626590 0.32064206
64 0.05971243 0.02680091 0.06344643 0.24694212 0.00255455 0.05967923 0.27031414 0.03234982 0.01959711 0.01826781 0.01300701 0.05160063 0.00832394 0.00556462 0.01823651 0.04684002 0.02839511 0.00096179 0.01177341 0.01563241
65 0.11126996 0.03149669 0.08432487 0.04055378 0.06496788 0.03365309 0.02280569 0.04685488 0.06452098 0.02813579 0.03576119 0.03852849 0.01958959 0.01383709 0.01825669 0.16466994 0.12142096 0.00461447 0.02354139 0.03119659
66 0.09656635 0.11516894 0.03061248 0.03159418 0.01612549 0.04902188 0.04689528 0.05238967 0.03875678 0.02622119 0.04950308 0.07928846 0.01878689 0.06436057 0.02548879 0.06736237 0.04356788 0.01305799 0.09826185 0.03696988
67 0.16320110 0.06248544 0.03786752 0.03473832 0.02091681 0.05323293 0.06725044 0.05073353 0.02168751 0.01975891 0.02906122 0.10219706 0.01356731 0.01092121 0.04047662 0.15188109 0.07128404 0.00515879 0.01097421 0.03260592
68 0.04215423 0.02163421 0.07117134 0.28064117 0.00240279 0.05886174 0.27178916 0.03293742 0.02019651 0.02648902 0.00946979 0.04707393 0.00814099 0.00395395 0.01033041 0.04205983 0.02461291 0.00084288 0.01190391 0.01333381
69 0.04567909 0.00902639 0.00644212 0.00151483 0.00896043 0.00562256 0.00494687 0.00830427 0.00577131 0.22902995 0.28448194 0.00511857 0.06413349 0.05149169 0.00641834 0.01383780 0.02618579 0.00240487 0.00844276 0.21218695
70 0.06226879 0.03014860 0.07880999 0.16001498 0.00809533 0.04711199 0.17058898 0.03561670 0.02616670 0.01728650 0.05744129 0.05158639 0.02331730 0.00950482 0.01911080 0.07144719 0.08700669 0.00264468 0.01207960 0.02975270
71 0.04102760 0.01594660 0.00607919 0.00289264 0.00627692 0.00861826 0.00763940 0.01000730 0.00903894 0.15251400 0.37353800 0.00894689 0.10967500 0.07052230 0.00956273 0.01912560 0.02782640 0.00422234 0.01391090 0.10262900
72 0.05160672 0.00187171 0.00819149 0.00121273 0.01310381 0.00449475 0.00352476 0.00868676 0.00228760 0.31166014 0.15453907 0.00380643 0.01305651 0.02938381 0.00274793 0.01000990 0.02665881 0.00038690 0.00439099 0.34837916
73 0.14225106 0.04793662 0.03711071 0.08441843 0.01179580 0.06120592 0.15668106 0.04393172 0.02383631 0.02443121 0.03355771 0.06150022 0.01424891 0.01214660 0.05217482 0.08804084 0.05266402 0.00375730 0.01178910 0.03652161
74 0.10839905 0.03491472 0.04807562 0.03522902 0.01928011 0.03430382 0.03816892 0.04027712 0.01787331 0.05526563 0.05918703 0.04406232 0.03016621 0.02182441 0.02718811 0.14302407 0.15675608 0.00387972 0.01667661 0.06544813
75 0.05958013 0.14228206 0.03671302 0.07008483 0.00632973 0.07977124 0.16756608 0.03011861 0.03503792 0.02121431 0.02770701 0.12884406 0.01279141 0.00909383 0.02965561 0.06643513 0.03787242 0.00317219 0.01194231 0.02378811
76 0.08740532 0.07978632 0.03715421 0.08247672 0.00536239 0.07912662 0.17626704 0.02622391 0.02949671 0.01938800 0.02556251 0.12284403 0.01186020 0.01002110 0.04073301 0.07451392 0.04920801 0.00372068 0.01120510 0.02764421
77 0.23596091 0.02434269 0.02148429 0.03067929 0.03341609 0.02398409 0.03099029 0.09185316 0.01169240 0.05011848 0.05719498 0.02668899 0.01924909 0.01758809 0.03536079 0.14053194 0.06839057 0.00305860 0.01384689 0.06356837
78 0.05868515 0.01156439 0.01133539 0.00894810 0.01317259 0.01129829 0.01350669 0.01368259 0.00766108 0.23520679 0.19625783 0.01073579 0.04287756 0.04046606 0.00927198 0.02796918 0.03671667 0.00340009 0.01344299 0.23380079
79 0.04896910 0.01965980 0.01140180 0.00666991 0.00964072 0.01352470 0.01227070 0.01501850 0.01291660 0.15560100 0.31076000 0.01496340 0.07864160 0.06793600 0.01386270 0.02503580 0.02894430 0.00452686 0.02369750 0.12595900
80 0.19527796 0.02613709 0.03629429 0.03431139 0.02753039 0.01487530 0.02372360 0.25460295 0.01166220 0.01624360 0.02185740 0.02811169 0.01018590 0.01019570 0.02262390 0.16916896 0.05654689 0.00355174 0.00899317 0.02810589
81 0.09813814 0.02176719 0.02395019 0.01543249 0.05642727 0.02652548 0.01408439 0.03018518 0.01822139 0.11420593 0.16920590 0.02456959 0.03913258 0.05688797 0.01399249 0.06283166 0.04344917 0.00575261 0.04712547 0.11811493
82 0.06732728 0.01390020 0.01038200 0.00721953 0.01436170 0.01322490 0.01098480 0.01553580 0.00896572 0.18297096 0.24456494 0.01054390 0.07253668 0.04496209 0.00985473 0.05055409 0.04823549 0.00420206 0.01543120 0.15424196
83 0.10321101 0.02473490 0.05397260 0.02286630 0.01536540 0.03517690 0.01867560 0.02744720 0.01094200 0.02262780 0.02200540 0.02194250 0.01970090 0.01818550 0.01154470 0.26382202 0.26697902 0.00185525 0.00841368 0.03053130
84 0.23607216 0.02484022 0.02142571 0.02960032 0.03342242 0.02398382 0.03067332 0.09090396 0.01186301 0.05084544 0.05729454 0.02692022 0.01929291 0.01737171 0.03538092 0.14028910 0.06876635 0.00314021 0.01363331 0.06428034
85 0.04479678 0.00778800 0.00598196 0.00085715 0.00873874 0.00437066 0.00385801 0.00762087 0.00479398 0.23931492 0.28071290 0.00413011 0.05969868 0.04951288 0.00538066 0.01118610 0.02442269 0.00190889 0.00625112 0.22867492
86 0.15351594 0.02736699 0.02063549 0.02197719 0.01618559 0.03063329 0.03724739 0.03653029 0.01255080 0.08829317 0.07917567 0.02779999 0.02694389 0.01704439 0.17341993 0.08821777 0.05767248 0.00687764 0.00760934 0.07030277
87 0.06472562 0.03275981 0.10614103 0.05953041 0.01684590 0.01803180 0.03999821 0.30038207 0.02103141 0.01020640 0.02073570 0.05960081 0.00952912 0.01488050 0.01875070 0.12857403 0.04605141 0.00375501 0.00879603 0.01967400
88 0.20518903 0.02620670 0.02544780 0.03219990 0.01741910 0.03067660 0.04164331 0.05513441 0.00995490 0.02225460 0.02782700 0.03080620 0.01460530 0.01025070 0.23222503 0.11015102 0.05939411 0.00490896 0.00640319 0.03730211
89 0.10821004 0.03552001 0.04860172 0.03540151 0.01936981 0.03426801 0.03854582 0.04037542 0.01806391 0.05511702 0.05878252 0.04486102 0.02999901 0.02173661 0.02693951 0.14216906 0.15607506 0.00391451 0.01662561 0.06542383
90 0.04934838 0.01956559 0.01154560 0.00669155 0.00958809 0.01338739 0.01218190 0.01469389 0.01284170 0.15580494 0.30985088 0.01499289 0.07831247 0.06797347 0.01373339 0.02529479 0.02962559 0.00473354 0.02361799 0.12621595
91 0.08687812 0.05419071 0.04573561 0.07041571 0.01010790 0.06211441 0.14405803 0.04385111 0.02531811 0.02235250 0.02919841 0.06783461 0.01596000 0.01098310 0.03906981 0.15395303 0.06986631 0.00446230 0.01276260 0.03088761
92 0.32492912 0.00996384 0.01582561 0.02207351 0.06588123 0.01345631 0.00794242 0.08165403 0.00628181 0.03505541 0.03656481 0.01250180 0.01243950 0.00724173 0.01680441 0.19045007 0.07982933 0.00141351 0.00842831 0.05126322
93 0.06762783 0.01332011 0.01347141 0.00974621 0.01475531 0.01224100 0.01455521 0.01901751 0.00762207 0.22658409 0.16113106 0.01606051 0.03128211 0.03741011 0.01009300 0.03225561 0.04026852 0.00213824 0.01496801 0.25545210
94 0.05148474 0.13669783 0.04381315 0.06707312 0.00688810 0.07117031 0.14521882 0.02926566 0.03013066 0.01553488 0.02596927 0.18158078 0.01530338 0.00817695 0.02473187 0.06138982 0.04505784 0.00339126 0.01153349 0.02558807
95 0.03182811 0.01338380 0.00544805 0.00429536 0.01278060 0.00930410 0.00414863 0.00570254 0.02689541 0.08227702 0.23928005 0.00519754 0.06041971 0.20998504 0.00438898 0.01778590 0.01747990 0.01317380 0.16754203 0.06868341
96 0.15129090 0.02596668 0.04518137 0.03926057 0.02605128 0.02085719 0.03514128 0.17917788 0.02017629 0.02681588 0.03549058 0.03834477 0.01820149 0.01253279 0.02927258 0.13164091 0.11058393 0.00353084 0.00994692 0.04053587
97 0.29008893 0.01693050 0.02177779 0.02504689 0.04272149 0.01874480 0.01872200 0.08705388 0.00797128 0.02602269 0.02805309 0.01886180 0.01246320 0.00776359 0.02592539 0.21421795 0.08954548 0.00193971 0.00701477 0.03913479
98 0.04784531 0.04307761 0.09551972 0.22343904 0.00734840 0.04768991 0.16898003 0.04458921 0.02504580 0.01613120 0.01684390 0.08851662 0.01059620 0.00775745 0.02071570 0.06199101 0.04231391 0.00310798 0.01112160 0.01736940
99 0.03968590 0.02516010 0.14529001 0.25458402 0.00886001 0.03868180 0.14542201 0.04625980 0.03200780 0.01520530 0.01712290 0.05559480 0.00961388 0.00490950 0.01281530 0.07200171 0.04837750 0.00173717 0.00960516 0.01706530
100 0.04943617 0.01949259 0.01176959 0.00680551 0.00980674 0.01338819 0.01234399 0.01474839 0.01282189 0.15586490 0.30993280 0.01506959 0.07811975 0.06769706 0.01381629 0.02500858 0.02951028 0.00472877 0.02332399 0.12631492
101 0.15667290 0.03783988 0.04497327 0.04044577 0.02665308 0.03443818 0.03955027 0.07312055 0.01730819 0.03204878 0.03858287 0.04068647 0.01968309 0.01765869 0.03040208 0.18674888 0.10091093 0.00470835 0.01690029 0.04066747
102 0.09709632 0.00634149 0.01036989 0.00717948 0.01847469 0.00934473 0.00953515 0.01863589 0.00417014 0.23863681 0.13305190 0.00984520 0.02217298 0.02704848 0.00944346 0.03818997 0.04466507 0.00105385 0.00908972 0.28565478
103 0.09217217 0.03554203 0.06446705 0.13797111 0.01269501 0.02456692 0.08638277 0.25528720 0.02606632 0.01217421 0.01867451 0.04008353 0.01014121 0.01034401 0.01979852 0.08407857 0.03490623 0.00330681 0.01128911 0.02005272
104 0.03935509 0.01933019 0.01207290 0.01091900 0.01469500 0.01595310 0.01087100 0.01706730 0.03203369 0.07205638 0.15895996 0.01313700 0.04265429 0.19970095 0.00885456 0.03125119 0.02644249 0.02296639 0.17841895 0.07326058
105 0.18428009 0.01292591 0.01464311 0.01803801 0.02981381 0.01592691 0.01829881 0.03799762 0.00651580 0.11179705 0.07491854 0.02027021 0.03567732 0.01626341 0.01779971 0.11257405 0.10509005 0.00157603 0.01470451 0.15088907
106 0.05241632 0.00347188 0.00813467 0.00186533 0.01279390 0.00524660 0.00444181 0.00930503 0.00307886 0.29389809 0.17100605 0.00446933 0.02293251 0.03228811 0.00354231 0.01348740 0.02957401 0.00083881 0.00617486 0.32103410
107 0.11120593 0.06415266 0.03215338 0.02804788 0.01578969 0.05063097 0.05974706 0.02665378 0.02525878 0.02667868 0.03659508 0.13353391 0.02001069 0.01979399 0.02613108 0.07992195 0.11972992 0.00629884 0.05379257 0.06387316
108 0.04101478 0.01252999 0.00446856 0.00113372 0.00607764 0.00488983 0.00497813 0.00741779 0.00714422 0.17953991 0.35343483 0.00473723 0.09633125 0.07130747 0.00698525 0.01546409 0.02692209 0.00343852 0.01354179 0.13864293
109 0.08219479 0.02762920 0.03112569 0.03116909 0.01658180 0.02368890 0.03518869 0.19573997 0.01904880 0.05886619 0.10532298 0.03995749 0.08226229 0.02926290 0.02133620 0.07267979 0.05240939 0.00607917 0.01367750 0.05577919
110 0.02075900 0.34114693 0.04798059 0.00724594 0.01190240 0.05512719 0.03345389 0.00877701 0.02960599 0.00561467 0.02692789 0.29170794 0.01617070 0.00354482 0.00561305 0.03709809 0.02366730 0.00215172 0.01269890 0.01880600
111 0.06102555 0.05373635 0.05208115 0.14407713 0.00607082 0.06624326 0.21337919 0.04487714 0.02870803 0.02541382 0.02899803 0.07339987 0.01429991 0.01001481 0.02922223 0.06249356 0.04205214 0.00288050 0.01353181 0.02749472
112 0.18489909 0.02420871 0.02933801 0.03367562 0.03257951 0.01582511 0.02239011 0.19469209 0.01217361 0.05392192 0.03469822 0.02360071 0.01986031 0.01148641 0.02294561 0.15979307 0.06262423 0.00593274 0.01110801 0.04424692
113 0.02482269 0.01255899 0.00776943 0.00609594 0.01885399 0.01638109 0.00190857 0.00333042 0.05980557 0.02108339 0.08562446 0.00477983 0.02132799 0.28050988 0.00161584 0.02424129 0.01103740 0.02881259 0.33835585 0.03108479
114 0.23491814 0.02514501 0.01399321 0.02215701 0.02009661 0.00771978 0.01385841 0.40177224 0.00792174 0.01079231 0.01819541 0.01421811 0.00703398 0.00609287 0.01581991 0.11267707 0.03397062 0.00210967 0.00815467 0.02335321
115 0.15629010 0.03769892 0.04520323 0.04069103 0.02660922 0.03466722 0.03965932 0.07244545 0.01756141 0.03231822 0.03879402 0.04085633 0.01987891 0.01726901 0.03094452 0.18595612 0.10069806 0.00490617 0.01649841 0.04105433
116 0.03670241 0.02497541 0.01688191 0.01621851 0.01940481 0.02448331 0.01577751 0.01504590 0.05289432 0.03243251 0.08712253 0.01911471 0.02503761 0.21400707 0.00786077 0.03718831 0.02434751 0.02340011 0.26519809 0.04190671
117 0.04527790 0.23790600 0.04513260 0.02482190 0.01224780 0.05756820 0.05352280 0.03471320 0.03196440 0.02008360 0.04373780 0.18973400 0.01949800 0.01602240 0.01987700 0.05778500 0.03788410 0.00634991 0.01866360 0.02720980
118 0.02615678 0.01192249 0.00566815 0.00589160 0.01871259 0.01337259 0.00195307 0.00326791 0.04635376 0.02797088 0.11490891 0.00452137 0.02641658 0.28883878 0.00164976 0.02135978 0.01259009 0.02030418 0.30936776 0.03877297
119 0.09507448 0.02657199 0.02545299 0.02043890 0.01992160 0.02730259 0.02512999 0.03400659 0.01773150 0.09410218 0.20163096 0.02714069 0.05760519 0.04546249 0.02001620 0.09433768 0.05697459 0.00576010 0.02434340 0.08099588
120 0.12215009 0.01061401 0.01031781 0.00968455 0.02262212 0.01035691 0.00869715 0.04331333 0.00677745 0.17759513 0.18535514 0.00870202 0.04718243 0.03215682 0.01135971 0.06256135 0.04837144 0.00265216 0.00916228 0.17036812
121 0.04620148 0.00764009 0.00647396 0.00122868 0.00932793 0.00484004 0.00440476 0.00806641 0.00491348 0.24011689 0.26959888 0.00458952 0.05596267 0.04865458 0.00542651 0.01177919 0.02528799 0.00185731 0.00703977 0.23658989
122 0.04792160 0.18495099 0.04610250 0.01692230 0.00934610 0.12043499 0.07329019 0.01637940 0.09067279 0.02001430 0.03440960 0.15205499 0.01223430 0.00779406 0.02544990 0.05790700 0.03790480 0.00433452 0.02105910 0.02081660
123 0.09459427 0.03093559 0.02857159 0.02930559 0.02010469 0.03311789 0.03090759 0.03555609 0.01405080 0.07922138 0.09887117 0.03490129 0.08768437 0.02911699 0.02032899 0.12985296 0.09898937 0.00535581 0.02290949 0.07562408
124 0.07431519 0.04754770 0.04715950 0.08195859 0.00709346 0.05970549 0.17300498 0.03182970 0.02641570 0.02133650 0.02878190 0.07216499 0.01827920 0.00999558 0.02896780 0.11754499 0.10467899 0.00330576 0.01257850 0.03333550
125 0.03835009 0.02888299 0.08932987 0.03053619 0.00996864 0.00909625 0.04150989 0.48092785 0.01943399 0.00518587 0.01932909 0.06632328 0.00875990 0.01666279 0.00943921 0.07574848 0.02600139 0.00277426 0.00528958 0.01645039
126 0.13535399 0.02549420 0.03619550 0.03483140 0.01895630 0.02563700 0.03293870 0.10632999 0.01623370 0.02140600 0.03390600 0.03448610 0.01478320 0.01021060 0.22195398 0.09916799 0.08911629 0.00532701 0.00800618 0.02966590
127 0.05865256 0.01174771 0.01126601 0.00885248 0.01341181 0.01159141 0.01354561 0.01367231 0.00766532 0.23517324 0.19632220 0.01072631 0.04281354 0.04049124 0.00908569 0.02792843 0.03645054 0.00341203 0.01360931 0.23358224
128 0.06714336 0.01365209 0.01341639 0.00922062 0.01461639 0.01208449 0.01417829 0.01917649 0.00757083 0.22815288 0.16038791 0.01628669 0.03046538 0.03727168 0.01035409 0.03171668 0.03986408 0.00212098 0.01491479 0.25740586
129 0.06763280 0.08421640 0.04560490 0.05540900 0.01367380 0.11064500 0.09584480 0.02842090 0.04427330 0.03118660 0.05035830 0.09180860 0.02066180 0.02050320 0.03898710 0.07892210 0.05487200 0.00548586 0.02645400 0.03503950
130 0.07276645 0.05139453 0.04223713 0.04109013 0.01823581 0.09951597 0.05477974 0.02696152 0.02317212 0.04482273 0.05678934 0.06014874 0.07163335 0.01944801 0.02406832 0.13855409 0.08719276 0.00530254 0.01780331 0.04408343
131 0.06239328 0.03075139 0.08652747 0.22539693 0.00953382 0.04568019 0.16710395 0.05265558 0.02584809 0.01972119 0.02002439 0.05143789 0.01241580 0.01069790 0.02313569 0.07217428 0.04456629 0.00339937 0.01457270 0.02196379
132 0.10718505 0.02722481 0.02235261 0.02484101 0.01391461 0.03277991 0.03698302 0.03328041 0.01340141 0.08706704 0.09838604 0.03530912 0.02787521 0.02518351 0.16041607 0.06251603 0.04807442 0.00524966 0.01096800 0.12699206
133 0.04529030 0.23755502 0.04526140 0.02453800 0.01227450 0.05827871 0.05355771 0.03415290 0.03202950 0.02013400 0.04348480 0.18968702 0.01943060 0.01556930 0.02018900 0.05806441 0.03830260 0.00640530 0.01861870 0.02717620
134 0.04891199 0.01956169 0.01170980 0.00680388 0.00949132 0.01337450 0.01231710 0.01460730 0.01276200 0.15583695 0.31122291 0.01498080 0.07837878 0.06815518 0.01389720 0.02475359 0.02908899 0.00461909 0.02346399 0.12606296
135 0.12419400 0.03023990 0.03943970 0.03207250 0.01392160 0.01252580 0.03387450 0.42163199 0.01693470 0.01467370 0.02632340 0.03726750 0.01125680 0.01254720 0.01700120 0.08627380 0.03150060 0.00341019 0.00875184 0.02615910
136 0.12256706 0.02524081 0.05139532 0.02636641 0.01945611 0.03360712 0.02142551 0.03389862 0.01164441 0.02672231 0.02573681 0.02518451 0.02144981 0.01637561 0.01549171 0.24637311 0.22982611 0.00217371 0.00954503 0.03551992
137 0.04454770 0.02340180 0.07378830 0.27439201 0.00234591 0.05534460 0.26276701 0.03673520 0.02162180 0.01822550 0.01089720 0.05062010 0.00839330 0.00414778 0.01317220 0.04572900 0.02806200 0.00080967 0.01139540 0.01360350
138 0.04513362 0.12414005 0.03954052 0.03038281 0.01777841 0.05137032 0.04993662 0.02394531 0.03997512 0.02193631 0.04691722 0.14944306 0.01928061 0.06318193 0.02209881 0.05358572 0.04337602 0.01410961 0.10700404 0.03686391
139 0.13691012 0.02404212 0.05056164 0.02634242 0.02205122 0.03229763 0.02060462 0.03849503 0.01162001 0.02505162 0.02509632 0.02389322 0.01935662 0.01540401 0.01607301 0.25361522 0.21332618 0.00217330 0.00901286 0.03407283
140 0.02600740 0.30583102 0.04425090 0.00886445 0.01210630 0.05971010 0.04109540 0.01085200 0.03069440 0.00843446 0.03857980 0.27490802 0.01793760 0.00494658 0.01066970 0.04040920 0.02796180 0.00267314 0.01297840 0.02108930
141 0.05313371 0.03858781 0.03565531 0.12236703 0.00766484 0.07637502 0.22779705 0.02523161 0.02818991 0.06455531 0.03209551 0.04965261 0.01895660 0.01452230 0.01929700 0.05495431 0.04257851 0.00450175 0.04463971 0.03924411
142 0.05778688 0.00741693 0.00948861 0.00412403 0.01497189 0.01761929 0.01024680 0.01098620 0.00516671 0.27153090 0.14474794 0.00912491 0.02725609 0.02737509 0.00513780 0.02407429 0.04044828 0.00114626 0.00995123 0.30139989
143 0.04755491 0.04106731 0.09356873 0.17741505 0.01010410 0.03394201 0.12225603 0.14361704 0.02674621 0.01345190 0.01797810 0.08608682 0.01069850 0.01112160 0.02126321 0.07103942 0.04007301 0.00403033 0.01008950 0.01789620
144 0.15623592 0.03742198 0.04495668 0.03996688 0.02648809 0.03488948 0.03891998 0.07335136 0.01714579 0.03174518 0.03835558 0.04056088 0.01961869 0.01789089 0.03068058 0.18737690 0.10215595 0.00486491 0.01696329 0.04041098
145 0.06136810 0.05357440 0.05153960 0.14294601 0.00598961 0.06630510 0.21259801 0.04546380 0.02846070 0.02544580 0.02975270 0.07307430 0.01453320 0.01014420 0.02981430 0.06266500 0.04210470 0.00291804 0.01359290 0.02770950
146 0.13335305 0.06325353 0.03325151 0.04411932 0.01783961 0.10816304 0.09023764 0.03206691 0.03322471 0.03071601 0.04659972 0.07292613 0.01844391 0.01598141 0.04637692 0.09692524 0.05606632 0.00492310 0.01784971 0.03768222
147 0.05323295 0.15970815 0.04158844 0.03373143 0.00996481 0.10516410 0.08842919 0.01763722 0.03907454 0.01832072 0.03575423 0.18633818 0.01691862 0.00902818 0.03330003 0.06257006 0.04447024 0.00453966 0.01400011 0.02622913
148 0.11680499 0.02071680 0.03348190 0.02770940 0.00964828 0.02674080 0.03122800 0.03644760 0.01251940 0.03049110 0.04805140 0.02771670 0.03922470 0.01054310 0.32790897 0.07094289 0.08495789 0.00503390 0.00672180 0.03311040
149 0.06795690 0.08542700 0.04543850 0.05491030 0.01400770 0.11062600 0.09518090 0.02883850 0.04434430 0.03071070 0.05026270 0.09235830 0.02061990 0.02021230 0.03974690 0.07883920 0.05399290 0.00552139 0.02619060 0.03481500
150 0.03944711 0.01940151 0.01212380 0.01078390 0.01442970 0.01595020 0.01095080 0.01700761 0.03167391 0.07341002 0.16082805 0.01331870 0.04283951 0.19832506 0.00900379 0.03072951 0.02624251 0.02245961 0.17651805 0.07455662
151 0.23584297 0.02496000 0.02146110 0.03018710 0.03349270 0.02403540 0.03102510 0.09155079 0.01165220 0.05075879 0.05714199 0.02697920 0.01922730 0.01709090 0.03498640 0.14008998 0.06887609 0.00308283 0.01333750 0.06422169
152 0.02738381 0.01289521 0.00764417 0.00708733 0.02030791 0.01594291 0.00321120 0.00441637 0.05048572 0.02511281 0.10447004 0.00618007 0.02401321 0.27634611 0.00235537 0.02395871 0.01383741 0.02061471 0.31710012 0.03663681
153 0.05135691 0.02875360 0.07367271 0.23837904 0.00379349 0.05381931 0.23043604 0.04043691 0.02207470 0.01716900 0.01536400 0.05397651 0.01087630 0.00532663 0.01931980 0.06943231 0.03604881 0.00146472 0.01119600 0.01710320
154 0.14007103 0.02944501 0.05840261 0.16928603 0.01814340 0.04014471 0.12841802 0.06360401 0.01737330 0.02075120 0.02359430 0.04143831 0.01282260 0.01305910 0.03414781 0.09543492 0.05029851 0.00257422 0.01192690 0.02906401
155 0.12444693 0.02999478 0.03963988 0.03141568 0.01410109 0.01265159 0.03308838 0.42405275 0.01689469 0.01438779 0.02641738 0.03726858 0.01107929 0.01249069 0.01657089 0.08619515 0.03121078 0.00331149 0.00880220 0.02597998
156 0.02480231 0.01168770 0.00588608 0.00584569 0.01870731 0.01463551 0.00149558 0.00283465 0.05189692 0.02107981 0.09260954 0.00423382 0.02204141 0.29510312 0.00122437 0.02216261 0.01129970 0.02289691 0.33549714 0.03405981
157 0.11447901 0.09529001 0.05093090 0.13319901 0.01133400 0.04684360 0.10601301 0.07507851 0.02201570 0.01869110 0.02359340 0.06462690 0.01180980 0.01973120 0.03801340 0.08146861 0.04263950 0.00464313 0.01458980 0.02500940
158 0.04913136 0.01931728 0.01165379 0.00698368 0.00964718 0.01344199 0.01225519 0.01525339 0.01287039 0.15585687 0.31089774 0.01484099 0.07822243 0.06774694 0.01366209 0.02499168 0.02909328 0.00475156 0.02305328 0.12632889
159 0.03648209 0.01389970 0.00465867 0.00166595 0.00699126 0.00556789 0.00484950 0.00652980 0.01159280 0.14340898 0.36578895 0.00486730 0.09361999 0.10915698 0.00717886 0.01377250 0.02006110 0.00552742 0.04436429 0.10001598
160 0.04646180 0.01031910 0.00680785 0.00211999 0.00888792 0.00617918 0.00586510 0.00893722 0.00639241 0.21487502 0.29313003 0.00619324 0.06716581 0.05479451 0.00687934 0.01491330 0.02660470 0.00247975 0.01033770 0.20065602
161 0.04531407 0.23812685 0.04542377 0.02496338 0.01223519 0.05778956 0.05369327 0.03456188 0.03215558 0.01965969 0.04302007 0.19058988 0.01928419 0.01559999 0.01956429 0.05823896 0.03762618 0.00665244 0.01853379 0.02696698
162 0.04769100 0.00603464 0.00668389 0.00107498 0.01025540 0.00460116 0.00385099 0.00817244 0.00409912 0.26006201 0.24036801 0.00410005 0.04603480 0.04319350 0.00454599 0.01166770 0.02615770 0.00147789 0.00619170 0.26373701
163 0.04894249 0.01961010 0.01137080 0.00675358 0.00957198 0.01343480 0.01215620 0.01473690 0.01282870 0.15662496 0.31014592 0.01472240 0.07818228 0.06808978 0.01336920 0.02469669 0.02896859 0.00482899 0.02406469 0.12690097
164 0.04971958 0.00861631 0.00566280 0.00259691 0.01125909 0.00751714 0.00526374 0.00896705 0.00878979 0.20544690 0.23522388 0.00531468 0.06680607 0.06660677 0.00472178 0.02372349 0.04236288 0.00376460 0.04379768 0.19383890
165 0.05058341 0.00533512 0.00799316 0.00189517 0.01166930 0.00558926 0.00492273 0.00914111 0.00414646 0.27105008 0.20544306 0.00515936 0.03343501 0.03961341 0.00454454 0.01251500 0.02721511 0.00123485 0.00754675 0.29096708
166 0.02510139 0.01194700 0.00640976 0.00600628 0.01880630 0.01528500 0.00179015 0.00311775 0.05360459 0.02137840 0.09097148 0.00456146 0.02196229 0.28893193 0.00140593 0.02306999 0.01138320 0.02388689 0.33691492 0.03346529
167 0.09960026 0.01081971 0.01097431 0.00945889 0.01947361 0.01242201 0.01287601 0.02051241 0.00641266 0.21873712 0.15786209 0.00999324 0.03565072 0.03053822 0.01198221 0.04982223 0.04720743 0.00220436 0.01046341 0.22298913
168 0.04489791 0.23843708 0.04544341 0.02490671 0.01214860 0.05818322 0.05364252 0.03452011 0.03218821 0.01964811 0.04327241 0.19080606 0.01936701 0.01564031 0.01946421 0.05796842 0.03744331 0.00652898 0.01855881 0.02693461
169 0.02618881 0.01188190 0.00561622 0.00586598 0.01863390 0.01328840 0.00194836 0.00337303 0.04576861 0.02840881 0.11678802 0.00448444 0.02689411 0.28920606 0.00165146 0.02122810 0.01276240 0.02006780 0.30666206 0.03928151
170 0.11748593 0.02747768 0.03590908 0.03180178 0.01125989 0.03243228 0.04082138 0.04175618 0.01586559 0.02416459 0.03755578 0.03691068 0.01732749 0.00972843 0.31061082 0.08092895 0.08562045 0.00549946 0.00754759 0.02929598
171 0.03951769 0.01966840 0.01202340 0.01083830 0.01451080 0.01606710 0.01119890 0.01730340 0.03201599 0.07269559 0.15973597 0.01352270 0.04286649 0.19808196 0.00916430 0.03100269 0.02609169 0.02300070 0.17662196 0.07407199
172 0.04366550 0.24008901 0.04086590 0.01858510 0.01029750 0.09253200 0.06812470 0.01464940 0.04064570 0.01551110 0.03089980 0.20123401 0.01506880 0.00795602 0.02191540 0.05901330 0.03842460 0.00378004 0.01405000 0.02269210
173 0.12672895 0.02948309 0.03312439 0.03546029 0.01179800 0.03416869 0.04058418 0.04622388 0.01032740 0.01833319 0.02277889 0.03150499 0.01250859 0.01011970 0.31766287 0.12911095 0.05187628 0.00634795 0.00725366 0.02460409
174 0.04437322 0.01620901 0.01099431 0.00568143 0.00946475 0.01063571 0.01003220 0.01114651 0.01424871 0.13063506 0.28273214 0.01011780 0.07571764 0.11368405 0.00837435 0.02864691 0.04631772 0.00632659 0.05590383 0.10875805
175 0.05151618 0.00184451 0.00819385 0.00117892 0.01312130 0.00449903 0.00346292 0.00865712 0.00227931 0.31191089 0.15430995 0.00382686 0.01299930 0.02939179 0.00270027 0.00996885 0.02661729 0.00039296 0.00438785 0.34874088
176 0.06386060 0.06871960 0.03720090 0.10747300 0.00533724 0.11450200 0.20718399 0.02410850 0.03496810 0.02577340 0.02851990 0.08310710 0.01304720 0.00922666 0.03312220 0.06569430 0.03785150 0.00284863 0.01516080 0.02229440
177 0.10926102 0.03378071 0.03367871 0.03615291 0.01084620 0.04199871 0.04882531 0.04339411 0.01868620 0.02630551 0.04981461 0.04328301 0.01731540 0.01307910 0.29146406 0.08045032 0.05339781 0.00587594 0.00963374 0.03275661
178 0.05300645 0.01348739 0.01231859 0.00581494 0.01325569 0.01365909 0.01359469 0.01174539 0.00712539 0.25946773 0.15911484 0.02494007 0.03004177 0.03054197 0.00724668 0.02262938 0.03560506 0.00274165 0.00977453 0.27388872
179 0.05691449 0.00271959 0.00793506 0.00177706 0.01371750 0.00524865 0.00396517 0.00931261 0.00256653 0.29916095 0.15782797 0.00405896 0.01945980 0.02950030 0.00320358 0.01470960 0.03156129 0.00056366 0.00582829 0.32996895
