1 0.38568919 0.01019910 0.01103861 0.01867691 0.13291707 0.00841714 0.01022381 0.06522133 0.00512971 0.00897143 0.00830103 0.00547787 0.00515270 0.00497499 0.01233541 0.21993111 0.06528933 0.00107839 0.00689345 0.01408141
2 0.27088887 0.02639959 0.02606639 0.02847339 0.02761889 0.02308239 0.04110408 0.07786336 0.01250899 0.04399888 0.05638767 0.02476419 0.01801179 0.01966369 0.02924299 0.13222294 0.06435687 0.00444397 0.01520129 0.05769977
3 0.32407791 0.01678940 0.02413479 0.01918119 0.03237309 0.01397660 0.02711169 0.06632678 0.00666623 0.01585180 0.01793639 0.01449230 0.01002430 0.00977396 0.02468699 0.25280293 0.08717637 0.00225625 0.00768265 0.02667839
4 0.06451898 0.01553719 0.01294920 0.00929436 0.01176270 0.01166170 0.01232280 0.01636499 0.00902967 0.21758692 0.15421294 0.01550449 0.03397089 0.04153129 0.01377800 0.03695899 0.03880989 0.00265223 0.01358690 0.26796590
5 0.10210391 0.01616989 0.01063369 0.00807159 0.01176719 0.01202589 0.01321609 0.01562839 0.00853894 0.23753679 0.17081585 0.01557749 0.03792527 0.03354307 0.01280889 0.03802347 0.03518007 0.00288057 0.00956715 0.20798582
6 0.10539305 0.04462992 0.03911582 0.03080761 0.01863481 0.03514182 0.03827042 0.03346402 0.01560501 0.04834412 0.04826282 0.04738462 0.02855591 0.02083321 0.02453911 0.14375006 0.19804909 0.00367555 0.01511941 0.06042363
7 0.14744306 0.03353901 0.04725012 0.03821532 0.02112351 0.03098871 0.03446091 0.06811943 0.01349861 0.02798061 0.03324991 0.03485641 0.01734421 0.01894111 0.03190661 0.23463310 0.10297904 0.00501789 0.01649901 0.04195342
8 0.04393711 0.17658005 0.04627881 0.04060761 0.01174830 0.06032892 0.06843892 0.04002781 0.02247131 0.02384401 0.03478261 0.24008407 0.01646110 0.00980722 0.01703411 0.05179472 0.05068032 0.00491728 0.01444780 0.02572791
9 0.07421768 0.04921159 0.05748349 0.12487397 0.00536686 0.05829449 0.24074895 0.05463179 0.02970509 0.02319439 0.02570529 0.07371618 0.01306720 0.01150580 0.02168320 0.05330289 0.04223309 0.00577456 0.01192170 0.02336179
10 0.12461101 0.02563040 0.03088530 0.02401010 0.01441440 0.02540060 0.01799380 0.03133260 0.00724974 0.01971030 0.01794530 0.02181340 0.01703780 0.00847955 0.01667920 0.30721402 0.24593002 0.00210493 0.01119120 0.03036630
11 0.07441593 0.13408906 0.05683493 0.03111521 0.01247041 0.04650202 0.03445542 0.03699272 0.01706381 0.02470591 0.02379431 0.07178813 0.01419651 0.01340661 0.02960481 0.22773911 0.08455554 0.00530003 0.01667131 0.04429822
12 0.05041032 0.01362780 0.01040100 0.01028620 0.01176430 0.01179880 0.01336590 0.01020440 0.00948695 0.25391309 0.19370407 0.01434501 0.04295572 0.04570662 0.00992896 0.02528231 0.03123311 0.00394903 0.01332430 0.22431208
13 0.06089552 0.05028582 0.16326205 0.05867282 0.01514640 0.03909101 0.03908011 0.04104811 0.02837491 0.02348041 0.02848151 0.06554632 0.02370461 0.01535541 0.02192681 0.11641004 0.16142305 0.00268377 0.01339630 0.03173501
14 0.04335830 0.00702345 0.00347653 0.00141658 0.00715064 0.00529400 0.00450759 0.00491543 0.00648620 0.21919200 0.34310001 0.00496944 0.07251280 0.05280200 0.00587203 0.01175410 0.01709520 0.00439739 0.01070230 0.17397400
15 0.04362766 0.02398958 0.01481419 0.01190239 0.01722398 0.01839168 0.01511829 0.01153559 0.01862148 0.06736364 0.15615886 0.01752358 0.09093312 0.15363886 0.01289099 0.03211887 0.02986837 0.04033376 0.15947486 0.06447024
16 0.03594983 0.01145891 0.00851482 0.00999463 0.01420251 0.01707011 0.00659700 0.00698443 0.02910743 0.07136786 0.22601820 0.01181301 0.03706353 0.18162816 0.00783450 0.02143722 0.01344441 0.02841062 0.20413018 0.05697265
17 0.09625568 0.03768769 0.02753209 0.02645309 0.01420600 0.02518349 0.03491139 0.02734199 0.01592160 0.02646499 0.04627469 0.02829139 0.01832610 0.01454050 0.36738792 0.09016608 0.04662119 0.00383911 0.01192110 0.04067389
18 0.05459405 0.02929738 0.02318988 0.01743599 0.00995231 0.02329458 0.02151188 0.01741469 0.01199119 0.11781790 0.22478881 0.02919498 0.12020090 0.06096325 0.01807018 0.04090637 0.04962656 0.00979301 0.01957318 0.10038292
19 0.14899104 0.02927691 0.03386321 0.14230704 0.01217670 0.03605531 0.07578892 0.01970511 0.01340900 0.02427071 0.05805132 0.01860491 0.01559730 0.14522204 0.01661770 0.07834142 0.03830641 0.01249090 0.05166782 0.02925621
20 0.07281985 0.04981113 0.05843884 0.12377809 0.00539772 0.05900794 0.23914117 0.05698994 0.02939822 0.02369562 0.02549942 0.07529285 0.01365891 0.01121691 0.02063721 0.05300594 0.04177033 0.00608758 0.01158561 0.02276672
21 0.07187404 0.02774542 0.08894525 0.21752613 0.01181471 0.04323293 0.08114815 0.06812334 0.01558301 0.01617771 0.02066721 0.03436432 0.01639891 0.01473801 0.01981991 0.16145210 0.05874513 0.00272866 0.00894166 0.01997341
22 0.06182292 0.03235731 0.08000373 0.25123610 0.00912535 0.04009922 0.15099806 0.05069762 0.03066631 0.02311621 0.02265661 0.05012612 0.01306691 0.01500191 0.01951141 0.07043033 0.03994422 0.00365186 0.01409521 0.02139261
23 0.04862680 0.27262701 0.03620660 0.02749950 0.01509380 0.04867850 0.04842090 0.02953000 0.02431700 0.02324160 0.03613570 0.18748600 0.01681380 0.01270380 0.02332780 0.04882360 0.04792390 0.00555168 0.01935570 0.02763630
24 0.03166330 0.03667689 0.12804998 0.02615180 0.01182710 0.04482799 0.03030280 0.01561600 0.12252698 0.01459810 0.03303770 0.02864560 0.00839446 0.07099909 0.01006140 0.04925649 0.02672240 0.00623308 0.28151196 0.02289690
25 0.26864586 0.02780689 0.02624639 0.02844908 0.02812409 0.02345669 0.04155198 0.07705396 0.01243919 0.04326258 0.05544457 0.02560909 0.01783629 0.01906009 0.03077228 0.13167793 0.06538427 0.00417433 0.01489359 0.05811087
26 0.05782726 0.04542647 0.04640457 0.03642838 0.01055149 0.04027687 0.03927007 0.04575607 0.02471608 0.03934657 0.04045167 0.15306590 0.01804439 0.09455164 0.01901049 0.15179490 0.04703967 0.00936385 0.03787588 0.04279777
27 0.04370336 0.17598485 0.04635626 0.04136536 0.01131019 0.05950715 0.06743914 0.03982177 0.02220188 0.02491488 0.03562657 0.23950379 0.01691249 0.01024629 0.01813008 0.05131396 0.04987386 0.00467507 0.01429969 0.02681338
28 0.27048406 0.02702131 0.02633061 0.02899211 0.02820181 0.02296051 0.04133791 0.07754552 0.01257250 0.04343701 0.05663151 0.02476831 0.01785530 0.01886670 0.02973101 0.13219303 0.06455972 0.00392286 0.01464070 0.05794751
29 0.05107497 0.01648539 0.01156409 0.00845081 0.00920025 0.01631139 0.01187209 0.01115519 0.01281249 0.15596192 0.31856284 0.01656739 0.06782487 0.06434557 0.01263209 0.02352329 0.02467709 0.00835414 0.02878219 0.12984194
30 0.04180711 0.01481380 0.01380830 0.01462970 0.01392960 0.01185240 0.01331040 0.01417670 0.02105520 0.08773931 0.15786003 0.01206060 0.04354701 0.21050704 0.00999633 0.03409251 0.02594000 0.03088911 0.14812503 0.07985981
31 0.06382477 0.04909837 0.04702228 0.16206192 0.01080619 0.02754629 0.08376226 0.04756958 0.02368519 0.01694599 0.02573959 0.04071948 0.01227159 0.01393599 0.22441688 0.07428676 0.03632148 0.00547312 0.01224969 0.02226259
32 0.12504200 0.01533750 0.05567750 0.02822420 0.01283230 0.01173620 0.03678410 0.42029601 0.01149790 0.00707292 0.01129360 0.02434620 0.00558225 0.00699227 0.00810047 0.15898500 0.03430220 0.00487577 0.00341519 0.01760640
33 0.18603299 0.02121890 0.01874150 0.01064590 0.01073050 0.01391930 0.02991410 0.02895540 0.01061490 0.05008300 0.05749750 0.03972790 0.02219530 0.01991720 0.15866199 0.06769220 0.05915560 0.00180975 0.01024210 0.18224399
34 0.04385410 0.00635684 0.00369013 0.00254273 0.01097160 0.00482811 0.00313263 0.00448369 0.00482185 0.32218697 0.14923399 0.00563668 0.02526310 0.03559870 0.00524174 0.01123340 0.02642910 0.00108502 0.00377768 0.32963197
35 0.14645417 0.03427814 0.04902626 0.03776794 0.02159563 0.03080904 0.03457934 0.07105088 0.01350272 0.02856783 0.03328164 0.03574554 0.01644832 0.01888812 0.03164024 0.23211428 0.10030512 0.00502052 0.01644832 0.04247595
36 0.07562648 0.14058015 0.05743526 0.03313643 0.01260671 0.04664955 0.03646414 0.03821354 0.01746082 0.02445903 0.02510523 0.07694208 0.01466132 0.01404111 0.03105503 0.20931922 0.08088968 0.00538197 0.01685142 0.04312084
37 0.38937637 0.01120851 0.01614452 0.01426221 0.03579273 0.00907263 0.02109132 0.05732246 0.00428044 0.01190041 0.01108091 0.00917918 0.00751771 0.00640011 0.01640112 0.27139226 0.08330648 0.00134636 0.00533016 0.01759412
38 0.06197481 0.03297151 0.07948321 0.25124104 0.00890878 0.04066191 0.15212402 0.05092621 0.03046360 0.02280000 0.02270230 0.05082141 0.01301470 0.01538530 0.01957900 0.06951971 0.03900471 0.00359976 0.01393120 0.02088680
39 0.26980106 0.02696201 0.02570811 0.02765081 0.02787881 0.02280581 0.04056921 0.07642962 0.01250320 0.04451311 0.05683861 0.02521001 0.01852910 0.01900760 0.03060391 0.13103003 0.06557572 0.00400026 0.01513540 0.05924761
40 0.14645894 0.03340989 0.04748518 0.03838688 0.02008659 0.03095339 0.03498399 0.07069067 0.01382039 0.02843159 0.03365159 0.03557639 0.01707739 0.01964079 0.03311869 0.23141291 0.10133396 0.00486301 0.01690779 0.04170998
41 0.37439904 0.01391690 0.01872340 0.01712810 0.03673640 0.01116240 0.02488720 0.06545031 0.00558646 0.01393560 0.01516000 0.01158950 0.00858480 0.00807063 0.02043780 0.24393603 0.07918351 0.00181447 0.00685203 0.02244540
42 0.26863487 0.02734829 0.02661029 0.02823179 0.02793249 0.02341099 0.04078518 0.07827726 0.01237789 0.04317578 0.05556627 0.02640899 0.01801449 0.01845269 0.03000089 0.13153394 0.06617007 0.00415317 0.01428669 0.05862797
43 0.26803402 0.01447180 0.03280680 0.01652600 0.02654680 0.00976725 0.03869450 0.31926703 0.00982846 0.01110890 0.01256740 0.02243960 0.00630071 0.00585558 0.01494230 0.12157101 0.03628280 0.00249071 0.00637460 0.02412370
44 0.10527605 0.04385392 0.03872552 0.03086231 0.01873471 0.03506862 0.03737742 0.03342132 0.01522841 0.04834002 0.04944942 0.04633392 0.02900821 0.02161781 0.02629621 0.14174007 0.19641009 0.00398314 0.01512051 0.06315233
45 0.04440850 0.00632125 0.00381358 0.00255672 0.01127590 0.00492652 0.00300386 0.00471864 0.00466373 0.31758097 0.14857899 0.00593440 0.02508900 0.03604310 0.00533388 0.01191830 0.02716290 0.00106362 0.00411518 0.33149097
46 0.06145224 0.03306732 0.07951275 0.25062017 0.00870377 0.04084703 0.15123010 0.05035553 0.03056852 0.02276042 0.02316432 0.05078013 0.01312811 0.01480971 0.02055331 0.07059875 0.03958703 0.00353856 0.01356831 0.02115391
47 0.02200759 0.40012984 0.01967389 0.01386859 0.01993349 0.03348619 0.02583999 0.01296289 0.01749519 0.00548643 0.01683319 0.32477187 0.00587840 0.00160821 0.01149260 0.01563529 0.03353859 0.00124820 0.01133150 0.00677807
48 0.14621698 0.03341689 0.04727499 0.03817129 0.02100330 0.03155999 0.03503539 0.06999849 0.01321970 0.02863760 0.03423589 0.03392829 0.01704770 0.01883800 0.03181069 0.23185896 0.10308698 0.00490806 0.01592040 0.04383039
49 0.05487151 0.06409861 0.03892640 0.02253820 0.01193150 0.04876930 0.03041790 0.14875801 0.02564880 0.03423530 0.15436102 0.14612201 0.02873100 0.01330370 0.01676750 0.05798631 0.03462050 0.01288990 0.01137640 0.04364610
50 0.04272412 0.12328406 0.05215023 0.03313112 0.00984516 0.05144012 0.05851193 0.02104181 0.01709971 0.02065311 0.02545721 0.23512611 0.01734751 0.00674199 0.01452611 0.06675383 0.16754708 0.00366367 0.01165991 0.02129521
51 0.14959213 0.03309293 0.04811084 0.03771993 0.02160742 0.02992453 0.03440493 0.07105746 0.01316031 0.02806422 0.03286223 0.03527853 0.01695552 0.01886512 0.03188553 0.23420521 0.10073209 0.00510531 0.01646291 0.04091284
52 0.02210020 0.40078008 0.02013750 0.01371100 0.01996800 0.03299731 0.02525861 0.01285750 0.01741930 0.00539956 0.01706080 0.32521207 0.00565160 0.00168446 0.01130780 0.01578060 0.03355311 0.00126480 0.01129000 0.00656568
53 0.05073739 0.01417720 0.01004660 0.01048310 0.01140610 0.01198130 0.01329120 0.01031790 0.00899394 0.25414896 0.19340397 0.01512720 0.04300909 0.04543469 0.00933038 0.02599840 0.03098199 0.00382865 0.01273000 0.22457196
54 0.14688000 0.03377020 0.04741610 0.03836250 0.02071110 0.03108240 0.03473410 0.07017620 0.01298720 0.02806550 0.03304820 0.03486640 0.01648410 0.01851390 0.03275890 0.23447000 0.10283000 0.00479372 0.01617830 0.04187120
55 0.03455173 0.10582208 0.04753454 0.03784393 0.00723765 0.12882910 0.06014195 0.10805008 0.02566402 0.02201072 0.03186532 0.21686516 0.01438451 0.00710200 0.01511601 0.06475375 0.03917253 0.00710937 0.00809386 0.01785171
56 0.11296411 0.01751312 0.06238176 0.06122726 0.00718066 0.01947062 0.11531111 0.32809531 0.01704282 0.00905525 0.01323571 0.02934363 0.00650109 0.00718884 0.01339531 0.12541212 0.02679183 0.00461903 0.00484783 0.01842262
57 0.06143702 0.02169921 0.02061731 0.01203660 0.01614951 0.01883591 0.01877021 0.01372890 0.00900825 0.20229306 0.09909073 0.02512181 0.04481661 0.03880201 0.01378220 0.06741472 0.13585304 0.00290513 0.01155970 0.16607805
58 0.26495519 0.01338321 0.02127482 0.06608915 0.15918712 0.01455111 0.01773391 0.15385711 0.00860225 0.01091211 0.01348251 0.01174561 0.00572649 0.00613830 0.01674691 0.13511710 0.05273174 0.00219484 0.00818911 0.01738141
59 0.05178123 0.02605021 0.02241121 0.01486421 0.02250091 0.02582271 0.01885181 0.01355451 0.03063972 0.10135105 0.07710804 0.02605121 0.02542911 0.08616444 0.01743931 0.07562544 0.11867806 0.01241831 0.17736209 0.05589643
60 0.04491321 0.01107470 0.00672025 0.00338120 0.00757188 0.00787630 0.00819804 0.00614172 0.00608161 0.20826904 0.30442306 0.00796015 0.09554182 0.05880661 0.00692702 0.01601430 0.03074831 0.00572673 0.01037900 0.15324503
61 0.05042710 0.01694150 0.01111030 0.00877363 0.00968199 0.01632660 0.01181210 0.01143850 0.01338320 0.15547501 0.31789402 0.01657370 0.06816020 0.06389710 0.01312060 0.02353000 0.02450550 0.00859821 0.02825670 0.13009401
62 0.03973220 0.00679696 0.00359374 0.00101363 0.00634652 0.00435087 0.00447435 0.00410157 0.00540314 0.19694201 0.37083901 0.00458966 0.09657810 0.06171020 0.00518778 0.01080340 0.01844280 0.00580394 0.00965811 0.14363200
63 0.04460250 0.00649023 0.00382970 0.00263759 0.01091180 0.00489216 0.00306617 0.00469584 0.00486947 0.31652397 0.15642899 0.00590743 0.02700080 0.03634610 0.00542311 0.01159320 0.02641480 0.00121782 0.00428737 0.32286097
64 0.10534208 0.02633132 0.06991255 0.23842818 0.00228646 0.03813793 0.26704720 0.03294353 0.02775202 0.01377861 0.01999692 0.03239112 0.00607989 0.01219961 0.01606851 0.04172373 0.02497352 0.00224453 0.00798057 0.01438171
65 0.12172599 0.02518220 0.03156430 0.02252090 0.19806398 0.02247560 0.01419200 0.03810010 0.01870540 0.03396480 0.02666770 0.01966130 0.01526250 0.01302660 0.02171450 0.10594599 0.21230098 0.00301468 0.01698350 0.03892700
66 0.15142606 0.05455882 0.02655471 0.03718071 0.01078210 0.04622132 0.17366507 0.04802122 0.02035771 0.02075331 0.04164802 0.04677822 0.01917581 0.03142061 0.02074691 0.06090772 0.04289372 0.09061984 0.03567541 0.02061271
67 0.32462874 0.01697049 0.02338198 0.01983228 0.03252837 0.01449169 0.02676918 0.06501165 0.00647127 0.01622639 0.01804919 0.01446199 0.01030149 0.01007149 0.02333518 0.25305280 0.08825753 0.00211938 0.00737643 0.02666248
68 0.04559324 0.01747792 0.08594848 0.30815227 0.00131689 0.02601212 0.27801424 0.03610783 0.04019464 0.02052662 0.00859638 0.03908563 0.00477446 0.00477317 0.01124251 0.02931273 0.01671131 0.00137569 0.00871705 0.01606681
69 0.05072140 0.01375990 0.00997123 0.01060600 0.01143410 0.01195960 0.01325590 0.00990787 0.00940414 0.25432701 0.19302001 0.01536090 0.04244750 0.04532660 0.00972100 0.02502200 0.03106210 0.00392001 0.01314170 0.22563101
70 0.05740274 0.01633981 0.08916586 0.22614715 0.00462656 0.02880772 0.16724411 0.14513110 0.02264531 0.01127921 0.01199731 0.02689302 0.00989598 0.00623176 0.01689201 0.11036907 0.02616242 0.00231142 0.00594573 0.01451171
71 0.05513678 0.02882649 0.02241959 0.01747089 0.00986055 0.02309839 0.02194249 0.01804799 0.01148130 0.11750796 0.22530392 0.02882949 0.12032396 0.06133038 0.01763329 0.04179009 0.04968078 0.00992250 0.01979439 0.09959877
72 0.04390418 0.00609967 0.00359975 0.00262111 0.01102370 0.00475523 0.00309391 0.00440650 0.00492620 0.32209986 0.14984294 0.00563375 0.02497259 0.03559509 0.00500910 0.01081030 0.02629859 0.00108897 0.00386973 0.33034886
73 0.23004384 0.03421278 0.04219177 0.07006845 0.01029969 0.03353638 0.16832689 0.07578645 0.01908339 0.01721209 0.02931418 0.03131918 0.01174169 0.01453059 0.02922568 0.09570633 0.04580617 0.00470208 0.01023679 0.02665558
74 0.10475699 0.04431670 0.03922540 0.03187720 0.01935750 0.03543320 0.03801870 0.03378580 0.01535150 0.04734430 0.04853440 0.04887730 0.02871910 0.02100670 0.02507180 0.14282499 0.19536099 0.00377777 0.01531340 0.06104630
75 0.07438009 0.04834069 0.05860059 0.12521399 0.00538635 0.05791119 0.23987597 0.05808809 0.02991180 0.02311270 0.02505490 0.07269529 0.01283170 0.01148920 0.02078700 0.05371429 0.04133780 0.00623086 0.01195510 0.02308240
76 0.03399872 0.05467233 0.05254023 0.19710110 0.00173894 0.06997283 0.27170214 0.02253021 0.02323231 0.01784461 0.00927537 0.13829407 0.00969803 0.00476176 0.00819785 0.02663211 0.03768872 0.00445637 0.00560298 0.01005931
77 0.27091508 0.02657101 0.02651261 0.02764731 0.02808421 0.02369371 0.04017531 0.07775422 0.01254690 0.04423281 0.05526002 0.02498581 0.01799321 0.01866691 0.03083361 0.13219604 0.06445262 0.00379622 0.01470430 0.05897812
78 0.05195284 0.01398891 0.01053601 0.01034341 0.01105491 0.01189161 0.01319821 0.01040241 0.00940013 0.25322822 0.19097416 0.01576351 0.04276414 0.04503354 0.01010771 0.02616272 0.03202923 0.00378232 0.01221181 0.22517419
79 0.05029846 0.01675449 0.01166799 0.00865536 0.00936492 0.01640719 0.01196289 0.01111239 0.01328409 0.15545287 0.32025174 0.01662449 0.06826804 0.06340115 0.01292829 0.02309748 0.02488898 0.00815821 0.02781108 0.12960989
80 0.14597304 0.01862471 0.05465711 0.03788821 0.01791000 0.01823240 0.03694551 0.30943708 0.01161110 0.01108980 0.01515060 0.02896391 0.00773368 0.00782135 0.01214490 0.18347405 0.05015041 0.00548528 0.00535402 0.02135281
81 0.14396106 0.04129732 0.02814841 0.02374731 0.15384807 0.02861551 0.01743651 0.05424472 0.02149381 0.05534472 0.05842233 0.03341382 0.01771221 0.03381072 0.02463471 0.09862394 0.06167423 0.00984105 0.03409762 0.05963193
82 0.04442211 0.00735927 0.00345358 0.00163561 0.00760962 0.00524087 0.00427775 0.00517314 0.00649495 0.23442505 0.31741007 0.00524852 0.06543802 0.04980311 0.00602227 0.01146370 0.01759400 0.00416199 0.01044830 0.19231804
83 0.11112903 0.02465691 0.02992271 0.02311891 0.01333650 0.02514471 0.01770930 0.02788691 0.00725062 0.01975480 0.01825840 0.02120621 0.01889850 0.00897321 0.01682870 0.29547007 0.27659207 0.00189843 0.01182240 0.03014161
84 0.27095085 0.02704719 0.02559579 0.02819078 0.02814768 0.02292809 0.04126098 0.07678176 0.01213589 0.04349438 0.05546617 0.02536149 0.01749509 0.01877569 0.03201468 0.13191093 0.06493006 0.00415924 0.01504379 0.05830947
85 0.04540188 0.00531395 0.00246779 0.00070253 0.00743301 0.00351573 0.00297410 0.00446640 0.00529143 0.24306089 0.32038186 0.00323337 0.06326247 0.04203958 0.00505326 0.00951682 0.01631679 0.00270298 0.00697326 0.20989191
86 0.10138507 0.01639151 0.01036471 0.00808309 0.01195591 0.01232211 0.01326071 0.01610461 0.00842096 0.23810416 0.17095111 0.01551651 0.03813493 0.03326942 0.01317431 0.03766372 0.03495582 0.00292310 0.00933712 0.20768114
87 0.08071403 0.05613092 0.04732342 0.03052821 0.00893439 0.03071001 0.04548602 0.34197013 0.01817971 0.01519361 0.02139641 0.13372105 0.00986329 0.00912134 0.01462601 0.07488443 0.02855631 0.00506935 0.00604614 0.02154521
88 0.13613892 0.02119949 0.01469959 0.01697459 0.01146179 0.02792598 0.02238909 0.01871029 0.01425299 0.11984693 0.24877886 0.01760019 0.04695477 0.04040988 0.01572789 0.04533347 0.03620328 0.00590827 0.02060779 0.11887593
89 0.10702792 0.04421777 0.03780067 0.03030108 0.01938109 0.03465797 0.03739107 0.03346387 0.01523149 0.04837366 0.04815356 0.04771406 0.02862268 0.02153328 0.02554828 0.14444989 0.19502585 0.00399407 0.01506739 0.06204435
90 0.05035508 0.01681579 0.01120590 0.00861593 0.00916249 0.01632980 0.01142200 0.01126580 0.01300990 0.15664395 0.31826990 0.01648210 0.06842158 0.06378038 0.01280940 0.02356279 0.02453149 0.00842878 0.02802199 0.13086496
91 0.07323128 0.04916639 0.05786248 0.12417097 0.00566138 0.05897438 0.23931394 0.05699689 0.02951849 0.02370359 0.02590339 0.07418978 0.01317940 0.01165690 0.02132819 0.05299899 0.04143189 0.00593008 0.01199110 0.02279049
92 0.26806491 0.02595739 0.02641609 0.02804129 0.02791209 0.02286209 0.04155839 0.07759527 0.01242710 0.04524218 0.05589238 0.02464279 0.01775059 0.01951059 0.03016189 0.13186995 0.06576208 0.00416155 0.01489979 0.05927158
93 0.06366925 0.01572021 0.01221671 0.00932874 0.01175811 0.01134631 0.01284211 0.01589151 0.00900470 0.21827215 0.15780011 0.01567321 0.03448462 0.04087093 0.01424521 0.03596163 0.03827693 0.00265447 0.01359391 0.26638919
94 0.02975659 0.09086638 0.03156389 0.07516078 0.00273946 0.10912398 0.27243294 0.01726720 0.01335420 0.01756050 0.01328210 0.20462096 0.00960391 0.00406942 0.00679395 0.02944259 0.05147259 0.00703460 0.00503548 0.00881849
95 0.04546869 0.01553760 0.00896878 0.00632994 0.00844710 0.01886600 0.01186110 0.00975022 0.03568610 0.19265398 0.30805297 0.01339210 0.05479559 0.05306189 0.00758735 0.01627740 0.01793250 0.00577152 0.02901120 0.14054798
96 0.10588805 0.04414652 0.03868162 0.03109232 0.01886561 0.03406702 0.03810052 0.03372692 0.01523341 0.04854722 0.04827362 0.04681152 0.02899381 0.02139091 0.02605511 0.14392407 0.19559510 0.00374310 0.01436751 0.06249603
97 0.15000298 0.03363700 0.04714429 0.03706169 0.02114270 0.03045680 0.03437050 0.07085379 0.01326530 0.02816430 0.03353600 0.03471110 0.01635290 0.01896070 0.03207910 0.23320197 0.10226299 0.00454514 0.01671680 0.04153399
98 0.05019571 0.02236580 0.08290051 0.29260404 0.00185125 0.03105560 0.26041703 0.03766080 0.03797730 0.02072280 0.01081590 0.04349331 0.00606225 0.00641293 0.01244890 0.03523920 0.02072080 0.00185603 0.00858732 0.01661250
99 0.06115559 0.03306530 0.07967879 0.25291596 0.00862202 0.04171409 0.15010098 0.04999639 0.03017090 0.02310890 0.02242410 0.05082829 0.01352150 0.01451750 0.01993280 0.07077109 0.03939869 0.00344003 0.01373400 0.02090310
100 0.05045790 0.01645900 0.01157320 0.00891979 0.00928812 0.01685990 0.01207520 0.01182480 0.01336980 0.15625299 0.31833597 0.01654000 0.06794189 0.06343649 0.01251950 0.02371560 0.02450080 0.00819498 0.02803610 0.12969799
101 0.14674903 0.03354401 0.04751781 0.03868851 0.02073390 0.03123171 0.03583711 0.06953771 0.01335960 0.02814951 0.03322001 0.03530411 0.01680410 0.01834390 0.03333791 0.23322204 0.10246202 0.00501671 0.01576670 0.04117361
102 0.07129422 0.00871240 0.00516520 0.00275530 0.01018280 0.00608787 0.00469392 0.00790537 0.00549263 0.28159007 0.16835804 0.00863898 0.03177631 0.03258441 0.00743296 0.01779530 0.02834211 0.00124656 0.00565746 0.29428807
103 0.11494998 0.02356140 0.05073649 0.03028990 0.01375490 0.01584080 0.04997239 0.43183594 0.01729190 0.01204210 0.01948100 0.03390820 0.00776216 0.01065150 0.01344290 0.09062609 0.02889440 0.00436924 0.00680594 0.02378280
104 0.04174830 0.01499720 0.01441360 0.01463510 0.01383970 0.01199120 0.01318670 0.01399840 0.02091960 0.08781750 0.15701500 0.01275380 0.04375930 0.21033500 0.01009300 0.03504290 0.02622480 0.03077380 0.14735800 0.07909710
105 0.06819076 0.01397389 0.01420849 0.00852762 0.06807476 0.01346419 0.00798991 0.01969219 0.00997199 0.20275988 0.11095794 0.01295399 0.02618508 0.03691298 0.01289249 0.03950848 0.04823787 0.00263255 0.01369809 0.26916684
106 0.04466619 0.00636487 0.00373019 0.00260978 0.01096980 0.00486499 0.00328124 0.00448793 0.00485467 0.31659293 0.15470597 0.00600457 0.02679639 0.03644989 0.00549124 0.01169700 0.02657139 0.00121289 0.00417515 0.32447293
107 0.15104386 0.06702084 0.03044827 0.01950758 0.01860608 0.03182907 0.03321977 0.02717997 0.01947328 0.02712357 0.03412947 0.12072189 0.01454779 0.01567079 0.02015518 0.08250142 0.14798386 0.00576594 0.08571622 0.04735516
108 0.03893500 0.00560598 0.00413931 0.00224297 0.01087460 0.00409557 0.00289693 0.00315077 0.00412873 0.29443201 0.15978701 0.00409997 0.03582890 0.06766770 0.00638140 0.01430670 0.03334720 0.00236371 0.00795952 0.29775601
109 0.05513074 0.02867752 0.02297862 0.01799381 0.00981032 0.02335242 0.02187272 0.01644551 0.01175951 0.11784508 0.22432915 0.02838272 0.11937208 0.06163114 0.01849101 0.04189853 0.05019943 0.01020851 0.02025971 0.09936147
110 0.02438721 0.38453211 0.02222671 0.01582270 0.01879251 0.03737981 0.03143971 0.01452300 0.01880171 0.00724451 0.01878491 0.30825409 0.00728519 0.00213981 0.01237230 0.01932661 0.03528891 0.00168333 0.01150000 0.00821488
111 0.07350460 0.04890600 0.05791360 0.12475401 0.00564838 0.05906740 0.24036701 0.05709620 0.02954650 0.02367670 0.02547020 0.07349240 0.01300200 0.01143040 0.02156460 0.05267790 0.04077650 0.00613307 0.01201640 0.02295610
112 0.12405506 0.01569581 0.05498193 0.02657551 0.01222741 0.01116741 0.03939512 0.44365921 0.01212331 0.00719966 0.01214621 0.02570491 0.00543594 0.00746142 0.00883199 0.13638506 0.03117531 0.00405811 0.00385551 0.01786511
113 0.02172879 0.00856467 0.00860104 0.00937129 0.01637679 0.00858980 0.00344697 0.00707661 0.03751788 0.03221349 0.10818795 0.00904467 0.01708959 0.28977687 0.00534501 0.02004929 0.00659808 0.04604238 0.31885486 0.02552399
114 0.21226286 0.01413909 0.03936457 0.01355039 0.01881819 0.00823868 0.04253287 0.41459972 0.01043599 0.00865838 0.01120039 0.02318558 0.00529045 0.00562153 0.01228699 0.10253193 0.02814328 0.00249133 0.00513028 0.02151749
115 0.14604985 0.03411437 0.04717975 0.03834356 0.02115138 0.03091517 0.03453467 0.06868323 0.01347139 0.02886277 0.03388397 0.03504926 0.01677168 0.01936478 0.03277107 0.23270977 0.10356790 0.00474670 0.01623128 0.04159746
116 0.03893829 0.02685659 0.02765689 0.01645780 0.01667860 0.02479480 0.01631950 0.01365820 0.05330679 0.03285919 0.09233378 0.02144610 0.01724560 0.18172296 0.01113050 0.03708849 0.02231850 0.03084819 0.28275694 0.03558229
117 0.04835278 0.27485391 0.03557619 0.02780069 0.01537800 0.04774418 0.04814268 0.02912369 0.02434289 0.02350359 0.03655959 0.18702594 0.01693349 0.01252460 0.02391909 0.04983368 0.04799378 0.00508052 0.01858389 0.02672679
118 0.02779780 0.01012510 0.00288990 0.00826400 0.02639080 0.00577474 0.00544925 0.00683576 0.02141390 0.02553530 0.10273400 0.00789478 0.02402980 0.29229001 0.00423176 0.01613470 0.00468807 0.11597400 0.27604101 0.01550530
119 0.05039916 0.01593159 0.01166609 0.00823738 0.00899812 0.01625349 0.01202539 0.01151909 0.01292379 0.15637486 0.32021672 0.01627099 0.06752044 0.06324204 0.01285559 0.02355818 0.02483928 0.00849826 0.02797768 0.13069188
120 0.10245498 0.01968520 0.01083920 0.00728721 0.01092970 0.01662540 0.01376180 0.05659339 0.01155740 0.19398995 0.23276994 0.02147869 0.04475419 0.02579879 0.00988186 0.03226269 0.02458699 0.00488657 0.00997910 0.14987696
121 0.04818372 0.00613205 0.00391115 0.00133065 0.00776328 0.00440993 0.00382444 0.00584542 0.00573067 0.22260408 0.31778411 0.00508686 0.06215712 0.04211521 0.00678667 0.01445350 0.01942841 0.00280076 0.00821488 0.21143707
122 0.03562708 0.13337592 0.05995037 0.04930387 0.01243579 0.06598106 0.05175117 0.03506298 0.10442894 0.02081459 0.04355978 0.19103389 0.01948859 0.01524519 0.02068769 0.03986368 0.04219618 0.00578487 0.03171938 0.02168899
123 0.05524525 0.02914083 0.02344582 0.01867322 0.00975340 0.02423872 0.02233892 0.01700631 0.01174661 0.11670010 0.22429019 0.02956543 0.11851210 0.06111855 0.01844982 0.04209174 0.04901474 0.00993726 0.02035922 0.09837178
124 0.09221782 0.03043087 0.04612946 0.05276526 0.01079129 0.03932197 0.13323689 0.19533284 0.02411388 0.01663769 0.02179028 0.04581026 0.01272889 0.00858182 0.01904428 0.08964343 0.12419690 0.00657359 0.00789069 0.02276188
125 0.08389789 0.02160080 0.11735999 0.06430909 0.00794797 0.02121420 0.06292329 0.35135096 0.02056690 0.00918707 0.01534030 0.03662720 0.00838173 0.00718054 0.01141110 0.10363599 0.03020450 0.00236287 0.00599333 0.01850430
126 0.06840876 0.02843352 0.02798052 0.01447811 0.01374081 0.01864122 0.02282972 0.01710271 0.01459211 0.04351754 0.15511413 0.02581892 0.03446153 0.02089822 0.20678317 0.06464825 0.12475610 0.00374198 0.01283331 0.08121937
127 0.05130610 0.01342600 0.01023800 0.01033210 0.01160920 0.01194440 0.01328060 0.00991206 0.00930074 0.25334598 0.19436098 0.01438400 0.04276880 0.04530460 0.01033470 0.02519560 0.03185540 0.00382658 0.01316120 0.22411298
128 0.06258318 0.01555149 0.01287830 0.00980112 0.01203620 0.01103730 0.01292290 0.01648369 0.00892006 0.21901993 0.15559795 0.01526879 0.03417539 0.04157929 0.01491680 0.03605079 0.03753569 0.00259085 0.01356740 0.26748291
129 0.06431524 0.07287464 0.04840333 0.05008703 0.01546411 0.16838510 0.08433775 0.03337872 0.03435142 0.02994212 0.05552343 0.09341006 0.02161061 0.01530991 0.02207571 0.07236614 0.05641043 0.00619091 0.02507391 0.03048942
130 0.06409583 0.07324823 0.04904982 0.05185002 0.01483091 0.16716107 0.08413704 0.03243051 0.03413281 0.03029091 0.05540362 0.09518914 0.02191391 0.01518601 0.02218161 0.07153413 0.05596002 0.00625688 0.02457571 0.03057181
131 0.06243888 0.03387529 0.07912357 0.25066191 0.00878764 0.04139389 0.15100395 0.04994158 0.03031499 0.02273649 0.02359229 0.05049768 0.01308280 0.01518619 0.01983499 0.06940498 0.03919029 0.00386851 0.01400360 0.02106049
132 0.06382331 0.01565200 0.01263930 0.00913879 0.01165900 0.01151520 0.01240120 0.01677920 0.00892820 0.21769903 0.15649303 0.01587950 0.03420041 0.03969141 0.01472620 0.03643881 0.03893541 0.00263755 0.01354240 0.26722004
133 0.04855437 0.27590183 0.03513988 0.02715018 0.01546999 0.04834167 0.04727857 0.02944898 0.02421728 0.02327129 0.03735388 0.18748188 0.01661529 0.01257199 0.02304769 0.04831747 0.04824997 0.00533172 0.01916809 0.02708798
134 0.05014719 0.01686310 0.01134170 0.00839518 0.00939118 0.01640900 0.01177540 0.01172760 0.01313130 0.15612096 0.31841292 0.01629340 0.06836188 0.06439848 0.01255820 0.02313539 0.02443959 0.00822738 0.02844719 0.13042297
135 0.11435701 0.02415180 0.04987970 0.03154320 0.01406800 0.01604010 0.04934190 0.43194903 0.01722760 0.01189670 0.01951980 0.03316830 0.00796166 0.01082730 0.01441470 0.08985631 0.02857110 0.00448929 0.00768398 0.02305250
136 0.11798801 0.02575230 0.03037870 0.02339330 0.01429950 0.02616610 0.01919060 0.03027850 0.00741828 0.02048270 0.01883580 0.02190700 0.01908910 0.00954212 0.01742040 0.29001701 0.26234501 0.00201635 0.01137940 0.03209980
137 0.06160120 0.03302910 0.08024350 0.25320499 0.00915789 0.04072960 0.15171600 0.04995350 0.03071850 0.02287420 0.02224570 0.05005360 0.01359290 0.01490350 0.01928330 0.06959160 0.03891110 0.00362974 0.01354980 0.02101030
138 0.04069628 0.17333193 0.04181958 0.01945019 0.01581469 0.03529149 0.02715899 0.01558439 0.05667238 0.01917859 0.04468368 0.08758876 0.01466969 0.06691867 0.02098839 0.04779198 0.03548309 0.02003999 0.18764592 0.02919129
139 0.14554093 0.03420178 0.04826128 0.03804738 0.02038389 0.03100438 0.03514098 0.07079427 0.01408209 0.02760379 0.03311198 0.03516238 0.01705689 0.01926399 0.03284468 0.23308289 0.10138295 0.00483519 0.01654879 0.04164948
140 0.03037688 0.31878875 0.02478228 0.01287949 0.01469299 0.05877425 0.02769908 0.01708799 0.02284328 0.01794279 0.07236594 0.25751080 0.02160988 0.00335579 0.01197629 0.02095968 0.03688277 0.00255209 0.01098209 0.01593689
141 0.04498892 0.02971481 0.04470382 0.11020305 0.00726558 0.03574302 0.15442107 0.02702841 0.08916344 0.13001206 0.06455863 0.02925031 0.01607781 0.01653541 0.01246231 0.03392342 0.02629711 0.00317686 0.01585691 0.10861705
142 0.04952822 0.01810591 0.01009210 0.00665969 0.01161390 0.04053681 0.01329430 0.01021340 0.01183440 0.26523110 0.11580404 0.01929591 0.02831841 0.03095931 0.00856732 0.02689691 0.03591681 0.00155009 0.00894823 0.28663311
143 0.03327441 0.08862593 0.06230852 0.17139505 0.00541893 0.05688682 0.12896604 0.03402611 0.02613351 0.01802571 0.01803041 0.19466006 0.01742431 0.00802754 0.01652581 0.04680091 0.04653861 0.00519200 0.00827822 0.01346110
144 0.14666299 0.03380840 0.04890480 0.03887740 0.02044330 0.03087600 0.03525400 0.07165249 0.01375240 0.02792820 0.03202020 0.03544130 0.01683330 0.01824050 0.03250990 0.23316198 0.10179499 0.00455317 0.01601600 0.04126870
145 0.07291121 0.04916431 0.05800711 0.12581602 0.00521675 0.05810501 0.24022804 0.05666781 0.02952181 0.02375000 0.02527120 0.07453911 0.01310840 0.01104720 0.02113700 0.05348031 0.04158911 0.00587088 0.01144920 0.02311950
146 0.06836085 0.04415137 0.05784205 0.18733085 0.00759486 0.14311989 0.11900591 0.03754297 0.02047018 0.01545679 0.03334757 0.06948015 0.02037898 0.01198819 0.01466319 0.07384524 0.04646286 0.00390162 0.01087869 0.01417779
147 0.06376563 0.07228063 0.04819162 0.05160632 0.01508561 0.16864607 0.08685953 0.03277271 0.03433831 0.03022081 0.05530442 0.09294454 0.02169721 0.01563461 0.02136801 0.07111713 0.05564352 0.00691400 0.02525251 0.03035681
148 0.08726267 0.02830689 0.02631209 0.01381900 0.01256830 0.02449949 0.02550009 0.01669259 0.00982963 0.03007969 0.04757558 0.02181069 0.08969217 0.01785439 0.26312792 0.08444757 0.13405096 0.00294359 0.01009450 0.05353218
149 0.06500839 0.07266049 0.04895189 0.05083329 0.01486280 0.16893798 0.08475979 0.03380110 0.03446460 0.03024420 0.05467449 0.09296819 0.02157110 0.01530150 0.02187190 0.07114779 0.05588539 0.00606514 0.02502100 0.03096900
150 0.04172987 0.01545179 0.01411059 0.01514699 0.01377419 0.01210659 0.01330509 0.01513999 0.02078099 0.08760525 0.15891090 0.01283999 0.04443837 0.20898687 0.01048109 0.03400768 0.02632528 0.03073728 0.14528291 0.07883825
151 0.26768203 0.02771350 0.02655830 0.02901180 0.02765160 0.02360140 0.04062320 0.07655091 0.01277270 0.04455780 0.05673031 0.02523190 0.01844680 0.01913910 0.03005910 0.13110301 0.06472561 0.00464429 0.01465850 0.05853811
152 0.03491140 0.01259580 0.00872361 0.01041710 0.01480670 0.01745740 0.00682574 0.00719424 0.03099200 0.06645761 0.21010602 0.01175510 0.03387460 0.18973002 0.00767512 0.02203380 0.01306150 0.03002720 0.21748902 0.05386600
153 0.06715312 0.02445391 0.07954762 0.24058206 0.00358766 0.03517331 0.21599805 0.05104861 0.02383201 0.01525430 0.01510940 0.03597521 0.01088310 0.01219350 0.01771840 0.09330332 0.02971391 0.00231555 0.00791574 0.01824120
154 0.16274409 0.02688121 0.05823213 0.20813811 0.01748581 0.04547013 0.12932207 0.04455182 0.01976221 0.01653271 0.03100862 0.02795882 0.01047701 0.01772491 0.01991431 0.08301455 0.04824333 0.00270585 0.01004081 0.01979151
155 0.11440201 0.02328390 0.05080570 0.03145190 0.01374890 0.01559840 0.04939530 0.43182202 0.01744720 0.01234490 0.01979910 0.03372520 0.00783424 0.01039350 0.01387440 0.09048640 0.02872390 0.00420228 0.00696273 0.02369800
156 0.01994050 0.00782443 0.00807086 0.00891516 0.01609970 0.00813178 0.00257867 0.00647214 0.03947900 0.02869310 0.10206400 0.00902773 0.01402280 0.29371499 0.00467357 0.01878650 0.00529399 0.04402380 0.33948799 0.02269930
157 0.05390940 0.13567100 0.03502180 0.07141940 0.00403612 0.08196740 0.26922201 0.01954700 0.02189990 0.01911240 0.01853500 0.12911900 0.01571220 0.00802475 0.01121860 0.03362060 0.04221920 0.00725898 0.00868753 0.01379770
158 0.04971821 0.01689000 0.01170300 0.00805678 0.00945533 0.01584550 0.01138590 0.01095320 0.01290140 0.15644203 0.31977107 0.01703160 0.06900011 0.06398921 0.01281020 0.02311540 0.02436411 0.00833108 0.02800881 0.13022703
159 0.03625879 0.00838151 0.00678825 0.00606808 0.01032110 0.00618322 0.00674044 0.00541475 0.00987287 0.19173395 0.21399094 0.00635467 0.05728908 0.14422696 0.00774649 0.02246579 0.02686959 0.01327720 0.05857038 0.16144595
160 0.04833764 0.00737720 0.00488582 0.00206844 0.00785118 0.00548980 0.00480230 0.00661840 0.00649234 0.21232920 0.31759129 0.00618261 0.06457976 0.04716714 0.00801086 0.01600881 0.02096092 0.00359150 0.01105961 0.19859518
161 0.04948483 0.27384118 0.03633602 0.02881322 0.01541001 0.04795583 0.04805273 0.02880042 0.02458242 0.02312221 0.03697202 0.18638212 0.01692111 0.01205031 0.02308061 0.04925103 0.04732853 0.00525456 0.01888251 0.02747832
162 0.05016258 0.01648099 0.01161230 0.00841146 0.00956273 0.01565640 0.01171630 0.01119870 0.01313860 0.15701595 0.31785690 0.01602800 0.06789098 0.06352788 0.01284900 0.02348299 0.02473479 0.00819372 0.02854079 0.13193896
163 0.05094625 0.01555068 0.01144829 0.00867707 0.00901385 0.01619318 0.01163779 0.01173489 0.01303469 0.15634684 0.31893468 0.01562878 0.06818493 0.06474084 0.01286099 0.02373558 0.02416058 0.00835105 0.02818017 0.13063887
164 0.04273959 0.00711169 0.00347199 0.00250514 0.00839225 0.00578977 0.00460110 0.00472869 0.00872805 0.18559298 0.30971096 0.00525655 0.06815259 0.08575759 0.00667569 0.01672410 0.01769300 0.00810361 0.04863669 0.15962798
165 0.05141699 0.00774737 0.00526811 0.00199122 0.00858096 0.00567323 0.00477655 0.00711642 0.00611252 0.22742597 0.27653996 0.00698793 0.05377469 0.04251229 0.00792103 0.01768410 0.02248150 0.00277063 0.00987257 0.23334597
166 0.02057081 0.00887423 0.01097881 0.00926165 0.01578921 0.00926308 0.00307725 0.00686314 0.04381862 0.02883612 0.10112306 0.00945580 0.01425221 0.28003316 0.00509601 0.02044031 0.00612441 0.04181482 0.34044719 0.02388011
167 0.05057537 0.01388089 0.00985859 0.01054589 0.01102799 0.01211299 0.01327989 0.01074649 0.00914247 0.25296287 0.19455790 0.01467709 0.04279198 0.04678058 0.00973480 0.02558669 0.03077058 0.00389874 0.01341229 0.22365589
168 0.04897561 0.27468906 0.03613661 0.02753781 0.01566050 0.04836611 0.04735681 0.02938201 0.02407331 0.02318890 0.03573901 0.18948204 0.01693650 0.01223000 0.02333330 0.04919301 0.04716481 0.00527469 0.01844600 0.02683391
169 0.02246759 0.00695049 0.00508241 0.00912202 0.01507109 0.00694502 0.00353320 0.00578392 0.02907489 0.05908958 0.14085694 0.00808350 0.02563079 0.28094289 0.00606224 0.02119859 0.00863080 0.03851248 0.26796189 0.03899968
170 0.09719357 0.03839769 0.02719179 0.02582119 0.01429110 0.02539989 0.03597229 0.02856959 0.01552700 0.02672749 0.04689269 0.02804659 0.01852509 0.01414440 0.36398090 0.08927698 0.04720759 0.00399498 0.01238170 0.04045749
171 0.04189019 0.01474610 0.01464650 0.01527350 0.01402070 0.01222010 0.01328680 0.01534750 0.02123800 0.08658058 0.15613597 0.01224390 0.04287229 0.21058096 0.01019950 0.03480159 0.02600369 0.03033699 0.14798697 0.07958818
172 0.04827417 0.27558885 0.03611138 0.02789488 0.01527699 0.04864957 0.04889187 0.02954948 0.02451399 0.02249759 0.03555068 0.18855490 0.01671419 0.01203029 0.02297769 0.04930997 0.04798847 0.00522764 0.01802659 0.02637079
173 0.07209277 0.10292695 0.02814349 0.02834909 0.01416509 0.02303669 0.02613959 0.02036009 0.01997439 0.01811099 0.02474529 0.03197648 0.01300569 0.00867596 0.34379083 0.13813093 0.04365408 0.00437832 0.01260599 0.02573729
174 0.06230371 0.02042543 0.02042323 0.01199682 0.01639733 0.01775053 0.01844873 0.01328422 0.00917301 0.20333034 0.10047817 0.02356594 0.04476648 0.03992897 0.01410972 0.06657081 0.13479723 0.00302413 0.01231692 0.16690828
175 0.04270183 0.00509703 0.00305660 0.00188053 0.01140131 0.00399435 0.00185623 0.00379306 0.00411188 0.34040827 0.12333210 0.00498768 0.01776551 0.03337633 0.00448651 0.00921441 0.02656312 0.00067260 0.00251933 0.35878129
176 0.03073781 0.12276002 0.04365161 0.03824241 0.00641299 0.15891903 0.11260002 0.02560361 0.02493120 0.02407270 0.03675951 0.21506604 0.01706360 0.00606118 0.01018360 0.04941181 0.04742181 0.00535534 0.00930999 0.01543570
177 0.09718643 0.03825981 0.02730591 0.02632061 0.01402020 0.02518211 0.03618761 0.02788891 0.01546700 0.02686121 0.04669681 0.02898821 0.01780081 0.01357330 0.36438212 0.09053783 0.04692332 0.00376578 0.01147580 0.04117621
178 0.05462377 0.02453339 0.01463499 0.00855584 0.01053649 0.01957999 0.01390929 0.01241259 0.00950450 0.26514386 0.10251895 0.05541247 0.02254839 0.02669599 0.01215149 0.03208628 0.03184538 0.00199991 0.00701956 0.27428686
179 0.19563191 0.01644309 0.01565049 0.00971796 0.01512819 0.01240279 0.01958409 0.03564148 0.00883116 0.11797095 0.10553795 0.02324159 0.02728599 0.02559639 0.02528309 0.06608987 0.05399058 0.00218303 0.01313649 0.21065291
