1 0.36589624 0.00412435 0.00755604 0.01492881 0.05893084 0.01086701 0.00771561 0.07648345 0.00479802 0.02427752 0.02244971 0.00700444 0.01350741 0.00648281 0.02661992 0.22005315 0.07242985 0.00086642 0.00612307 0.04888533
2 0.28247389 0.01484349 0.01610819 0.01947649 0.02751359 0.01276619 0.01992549 0.28282089 0.00781701 0.01096770 0.01585159 0.01433819 0.00665497 0.00664609 0.02555199 0.15115494 0.03777188 0.00209812 0.00952841 0.03569089
3 0.30321601 0.01184690 0.01936060 0.02135910 0.03867100 0.01822750 0.01850350 0.08027330 0.00767475 0.02431850 0.02531640 0.01459200 0.01395510 0.01105540 0.03222110 0.22204301 0.08229470 0.00187539 0.00802013 0.04517560
4 0.06565115 0.01434121 0.01300901 0.00995678 0.01380291 0.01097781 0.01423271 0.01858991 0.00803073 0.22936517 0.16101112 0.01538341 0.03227642 0.03928383 0.01069271 0.03391602 0.03932093 0.00350938 0.01516261 0.25148618
5 0.06369463 0.00919509 0.00507185 0.00320947 0.01273939 0.00783652 0.00616488 0.00882094 0.00559998 0.21800076 0.26201971 0.00654833 0.06797093 0.04469575 0.00452704 0.02563957 0.03422736 0.00359579 0.00968623 0.20075578
6 0.08117410 0.05387990 0.04445090 0.02370750 0.01727930 0.07189180 0.03986880 0.02382980 0.02048520 0.05068780 0.05605090 0.05698260 0.02828130 0.01984970 0.01892450 0.12855000 0.15744400 0.00401671 0.02003420 0.08261100
7 0.16315410 0.03243892 0.04357803 0.03931452 0.02544022 0.03552052 0.03739752 0.06939354 0.01674131 0.03191232 0.03818932 0.03570632 0.01914341 0.01878421 0.03480402 0.19050712 0.10141606 0.00466509 0.01743861 0.04445483
8 0.04932051 0.17563004 0.05115311 0.04297171 0.01305510 0.06510871 0.07288992 0.03919271 0.02978341 0.02400971 0.04032361 0.19313304 0.01772670 0.01117820 0.02400211 0.05441931 0.04622191 0.00478928 0.01419170 0.03089921
9 0.06676571 0.04070861 0.05359981 0.12165302 0.00662125 0.04587341 0.18737702 0.20050903 0.03072750 0.01633350 0.01768330 0.05360571 0.01505050 0.00742060 0.01746040 0.05527101 0.03026520 0.00275923 0.00910319 0.02121200
10 0.13090302 0.02670350 0.04803731 0.02632140 0.01883180 0.03788331 0.02351670 0.02941120 0.01106850 0.02712730 0.02785690 0.02134080 0.01770870 0.01648900 0.01569300 0.24973104 0.21782304 0.00228333 0.01095570 0.04031441
11 0.06838283 0.13042405 0.05484862 0.03653691 0.01210570 0.06042942 0.05079582 0.04153502 0.02390151 0.01837011 0.02892451 0.09109883 0.01396271 0.01510451 0.02341691 0.16910306 0.11346204 0.00645543 0.01360521 0.02753681
12 0.04483308 0.00909970 0.00480380 0.00193010 0.00942791 0.00670363 0.00494922 0.00758381 0.00565869 0.22987790 0.28104088 0.00584693 0.07015817 0.04880288 0.00386120 0.01463189 0.02608419 0.00396794 0.00905119 0.21168691
13 0.05255759 0.03067170 0.13792098 0.09289239 0.01867770 0.02971100 0.04966679 0.16933597 0.02619030 0.01561680 0.03300210 0.04797339 0.01120610 0.01216430 0.02821340 0.09940579 0.10288298 0.00364565 0.01108300 0.02718210
14 0.04363683 0.01050591 0.00389167 0.00183730 0.00887433 0.00713780 0.00468185 0.00800900 0.00590699 0.20577513 0.32040721 0.00605823 0.08558396 0.05328443 0.00376997 0.01435461 0.02443552 0.00459319 0.00942095 0.17783512
15 0.04613282 0.01593071 0.01316041 0.00987423 0.01957031 0.01963111 0.01390091 0.01508871 0.02541461 0.07900954 0.15689407 0.01567381 0.07898234 0.15677807 0.01117521 0.04426942 0.04290752 0.01541301 0.15399007 0.06620313
16 0.03642789 0.01496180 0.01184890 0.00564866 0.01434050 0.01283210 0.00790799 0.01058420 0.02683489 0.08203518 0.23970895 0.00977024 0.06120299 0.17687496 0.00684463 0.02121610 0.02460259 0.01970350 0.14682697 0.06982698
17 0.10573394 0.02451439 0.03949298 0.03942258 0.01300019 0.03844678 0.03968058 0.03583608 0.01653189 0.03155908 0.04091168 0.03939058 0.01355019 0.00961869 0.32492482 0.08553725 0.05191977 0.00654626 0.01212549 0.03125678
18 0.05928740 0.02783250 0.01485480 0.01582630 0.01393510 0.02363710 0.02276230 0.02319560 0.01300960 0.12213100 0.25440700 0.02758610 0.09651290 0.05770050 0.01294130 0.04433860 0.04256400 0.00642261 0.02513130 0.09592400
19 0.21164210 0.02714721 0.03890812 0.10285805 0.02199631 0.02469221 0.05418353 0.04940852 0.01374821 0.02950201 0.04062952 0.03279662 0.01679221 0.05998983 0.02412041 0.12075306 0.06645203 0.00467451 0.01608301 0.04362252
20 0.06341777 0.06002528 0.05604908 0.14596994 0.00767865 0.06037848 0.20652792 0.05297298 0.02173079 0.02573539 0.02853589 0.07590367 0.01481939 0.00994716 0.02598629 0.05900178 0.04144798 0.00298049 0.01306779 0.02782329
21 0.06906835 0.02917232 0.09745107 0.18128113 0.01201671 0.03409592 0.12357209 0.04770573 0.01944561 0.02043681 0.02692012 0.04977193 0.01426291 0.00964482 0.02524112 0.09413237 0.10329507 0.00326369 0.01122101 0.02800122
22 0.06484681 0.03460681 0.08495491 0.20934104 0.00989181 0.04325471 0.16846003 0.05532161 0.02286600 0.01984440 0.02238690 0.05671391 0.01187370 0.00928916 0.02874600 0.07140721 0.04669171 0.00307636 0.01326260 0.02316430
23 0.03979370 0.22431200 0.08165580 0.03810490 0.01340670 0.06445070 0.05258810 0.03318330 0.03920600 0.01795630 0.03234670 0.18181400 0.01282580 0.00845645 0.01302160 0.05369390 0.04898390 0.00278116 0.01516130 0.02625770
24 0.02760160 0.02284470 0.03508840 0.01218090 0.01746250 0.03320680 0.00866681 0.01149740 0.09333201 0.01998540 0.06804331 0.01526770 0.01310520 0.20625202 0.00822639 0.02866960 0.01783340 0.02386260 0.30370303 0.03317020
25 0.28437100 0.01433550 0.01589690 0.01897080 0.02803680 0.01273530 0.01999880 0.28042800 0.00750385 0.01128700 0.01585490 0.01400870 0.00675569 0.00649551 0.02640380 0.15112000 0.03840280 0.00206740 0.00913964 0.03618760
26 0.06982502 0.07908932 0.05081402 0.03847411 0.01393050 0.04435271 0.04877641 0.05369782 0.02176661 0.02512451 0.04285031 0.14031404 0.01659190 0.06453392 0.02665861 0.11979604 0.06103572 0.01369530 0.03130641 0.03736671
27 0.04988127 0.15165691 0.04580307 0.08866875 0.00758584 0.06924006 0.15310891 0.03286248 0.02268989 0.01749379 0.02577059 0.16641391 0.01535129 0.00627512 0.02058149 0.05446197 0.03805088 0.00243076 0.00893574 0.02273729
28 0.24194297 0.02228410 0.02171260 0.02904660 0.03137990 0.02333410 0.03202450 0.08736349 0.01170300 0.04924039 0.05605929 0.02552420 0.01995700 0.01884990 0.03505680 0.14605498 0.06536939 0.00321891 0.01459850 0.06527939
29 0.04988249 0.01948170 0.01149030 0.00749351 0.01110960 0.01557290 0.01195390 0.01571270 0.01223900 0.15123797 0.30034094 0.01692260 0.08109948 0.06780199 0.01082790 0.02568920 0.03027049 0.00760718 0.02522120 0.12804498
30 0.04220301 0.01075020 0.00780104 0.00396959 0.01179930 0.00718473 0.00701356 0.00856528 0.01291960 0.17821905 0.22986806 0.00766799 0.05591012 0.12081703 0.00413583 0.01811081 0.02704571 0.01166500 0.06789402 0.16646005
31 0.08208253 0.02453741 0.05135412 0.12374904 0.00899434 0.03855401 0.09537663 0.03333421 0.01400570 0.02314801 0.02312171 0.04943692 0.00959383 0.00785616 0.25528108 0.07508092 0.04676881 0.00557555 0.01047160 0.02167741
32 0.21824418 0.01829712 0.03772003 0.03069743 0.02680892 0.01804651 0.02222572 0.23454519 0.01182341 0.01180191 0.01727351 0.02270452 0.00851961 0.00978482 0.02527942 0.18717516 0.05091374 0.00431616 0.01105881 0.03276383
33 0.07434547 0.00900875 0.00685959 0.00460293 0.01425099 0.00810928 0.00796133 0.01084210 0.00593350 0.21812790 0.22796590 0.00759630 0.05364628 0.04168418 0.00574354 0.03024149 0.03725798 0.00300714 0.01027450 0.22254090
34 0.04720449 0.01236100 0.01247150 0.00498378 0.01207700 0.01011980 0.00991237 0.01063960 0.01729480 0.25574394 0.18559596 0.01296480 0.03979619 0.03967599 0.00710981 0.02012560 0.03101819 0.00371288 0.01465840 0.25253394
35 0.16527990 0.03286478 0.04282697 0.03939178 0.02572178 0.03613668 0.03756208 0.06774676 0.01682249 0.03208018 0.03814368 0.03570448 0.01910139 0.01863389 0.03429798 0.19041388 0.10148094 0.00462943 0.01718539 0.04397557
36 0.05091571 0.13009502 0.10467102 0.06017161 0.01342130 0.05740901 0.05020821 0.04537961 0.03556621 0.01527530 0.02846250 0.09800652 0.01161210 0.01258430 0.01689320 0.13371402 0.09309082 0.00398033 0.01476370 0.02377950
37 0.30880481 0.01062689 0.01984339 0.01916299 0.03809548 0.01775459 0.01552599 0.07753135 0.00718678 0.02103139 0.02206479 0.01279779 0.01248589 0.01094649 0.02976408 0.23914486 0.08552385 0.00170370 0.00742382 0.04258107
38 0.06494560 0.03388230 0.08563879 0.20857399 0.01027500 0.04311570 0.16775099 0.05546820 0.02255600 0.01979220 0.02264220 0.05565040 0.01177730 0.00954557 0.02863880 0.07245050 0.04786080 0.00308789 0.01334090 0.02300690
39 0.28333022 0.01474891 0.01624641 0.01919851 0.02771042 0.01314571 0.02073982 0.28049422 0.00781393 0.01102241 0.01584561 0.01428451 0.00681822 0.00639166 0.02592232 0.15093412 0.03814433 0.00206005 0.00916430 0.03598433
40 0.16301596 0.03242209 0.04382569 0.04056609 0.02518259 0.03536179 0.03873379 0.06760628 0.01703160 0.03228239 0.03787349 0.03593089 0.01932910 0.01897600 0.03340819 0.19003195 0.10199098 0.00461104 0.01688770 0.04493239
41 0.35361667 0.00704462 0.01221939 0.01653908 0.04346736 0.01334689 0.01240079 0.08835602 0.00556143 0.02019468 0.02115758 0.00974235 0.01137049 0.00827254 0.03058287 0.22312579 0.07028144 0.00114826 0.00644907 0.04512266
42 0.32335399 0.01059150 0.01584650 0.01963170 0.04056360 0.01653310 0.01679110 0.08620230 0.00693201 0.02310010 0.02404950 0.01343790 0.01263780 0.01000150 0.03129210 0.21745099 0.07682040 0.00164909 0.00769333 0.04542150
43 0.22465312 0.01067101 0.01042681 0.01677681 0.06256763 0.01977671 0.01489531 0.03110032 0.00882299 0.07983374 0.08412774 0.01387701 0.05656993 0.02044921 0.01391121 0.14565408 0.08887985 0.00290538 0.01883081 0.07527034
44 0.10189994 0.02072799 0.02564369 0.01798549 0.02105329 0.01978609 0.02261969 0.02702469 0.00957091 0.13214393 0.09818715 0.02502169 0.02986328 0.02818048 0.01325419 0.09700905 0.12525993 0.00348043 0.01955519 0.16173291
45 0.04776957 0.00426489 0.00671825 0.00213999 0.01098299 0.00353235 0.00501044 0.00573575 0.00368668 0.30786981 0.16194290 0.00438665 0.02128849 0.03341788 0.00396277 0.01261639 0.02816338 0.00138722 0.00452683 0.33059680
46 0.06497731 0.03385621 0.08397142 0.20804204 0.01000600 0.04281171 0.16860703 0.05528971 0.02288180 0.02027420 0.02296590 0.05557581 0.01189950 0.00978430 0.02842921 0.07172921 0.04785041 0.00325181 0.01401710 0.02377930
47 0.03017959 0.31879888 0.04121578 0.00836821 0.01079820 0.06555457 0.05699498 0.01347869 0.02382189 0.01393069 0.02820329 0.26392290 0.01698819 0.00453901 0.00539140 0.03359789 0.03126569 0.00144738 0.00722059 0.02428219
48 0.07495540 0.03805330 0.12276800 0.07513100 0.01717310 0.04455100 0.04822270 0.06068050 0.02870980 0.01496600 0.02704720 0.04419650 0.01253370 0.01600440 0.02178900 0.19149900 0.11805700 0.00365550 0.01333200 0.02667490
49 0.05865870 0.07968030 0.03609590 0.01923300 0.04804490 0.04926210 0.03273320 0.03047830 0.02639450 0.05654990 0.16116300 0.11620800 0.03823650 0.03392980 0.02551650 0.04811220 0.04758870 0.01039540 0.02593560 0.05578350
50 0.05690407 0.12543894 0.05852707 0.03552448 0.01479859 0.05724817 0.05635717 0.02869459 0.02832639 0.02389139 0.03982908 0.18360292 0.01518069 0.01049930 0.02129609 0.07035887 0.11775395 0.00506266 0.01546549 0.03524008
51 0.16413606 0.03244321 0.04415032 0.03981152 0.02544581 0.03536311 0.03797551 0.06695723 0.01669881 0.03206211 0.03856552 0.03556931 0.01887181 0.01899201 0.03369421 0.19069607 0.10262104 0.00448431 0.01707561 0.04438642
52 0.02995709 0.31943093 0.04123999 0.00836944 0.01085450 0.06555458 0.05704579 0.01308570 0.02384099 0.01364630 0.02791619 0.26502394 0.01698200 0.00438910 0.00530338 0.03346529 0.03111199 0.00136769 0.00728832 0.02412679
53 0.05640717 0.01334659 0.01043169 0.00834455 0.01354969 0.01126769 0.01345069 0.01147099 0.00752833 0.23995488 0.19180290 0.01322899 0.04415018 0.04068298 0.00982436 0.02773599 0.03674328 0.00396736 0.01296879 0.23314288
54 0.11764591 0.02676828 0.03209878 0.02450118 0.02309918 0.03281187 0.02742408 0.03426077 0.01793569 0.07474114 0.14378789 0.03173148 0.04354287 0.03753137 0.02191548 0.12958590 0.07893804 0.00613427 0.02267598 0.07286984
55 0.03724582 0.27485016 0.03537732 0.02741352 0.00888750 0.07169794 0.09799796 0.01806301 0.02197381 0.01392271 0.02665592 0.23176914 0.01698911 0.00445763 0.00969689 0.04243133 0.03089372 0.00129467 0.00662904 0.02175281
56 0.06359944 0.03911252 0.10670107 0.15659410 0.00697168 0.04602233 0.16920511 0.04811573 0.02239261 0.01482131 0.02382172 0.06175864 0.01339341 0.00768847 0.01856681 0.10088806 0.06720644 0.00188454 0.00848949 0.02276651
57 0.09537457 0.02172659 0.03576839 0.02784509 0.01557709 0.02600949 0.02938469 0.02956689 0.01204480 0.09698667 0.04691198 0.03423409 0.02115999 0.01321940 0.23688792 0.07441797 0.09571527 0.00755805 0.01520439 0.06440668
58 0.22713412 0.02907021 0.03539292 0.09111575 0.02539631 0.02293661 0.06546373 0.16890709 0.01423011 0.01553961 0.01866081 0.02612801 0.00916036 0.01070821 0.02491511 0.12618006 0.04456652 0.00283453 0.01026751 0.03139242
59 0.05489312 0.01296290 0.01372160 0.00925749 0.02433511 0.01624951 0.01591341 0.01677831 0.02735141 0.10288804 0.07162363 0.01606921 0.04056521 0.13435105 0.00878375 0.06699762 0.09654543 0.01527091 0.18819907 0.06724322
60 0.06698160 0.00633930 0.00780117 0.00435172 0.02291570 0.00652279 0.00726992 0.00889500 0.00482395 0.27387298 0.14958799 0.00657982 0.02659920 0.03251010 0.00519565 0.03007470 0.04065600 0.00201894 0.00951151 0.28749198
61 0.04960113 0.01924481 0.01136461 0.00796625 0.01111471 0.01604971 0.01252721 0.01530641 0.01235671 0.15171809 0.29984019 0.01696521 0.08103845 0.06810004 0.01067111 0.02553742 0.03021942 0.00725943 0.02496002 0.12815908
62 0.04133200 0.01192440 0.00218990 0.00120734 0.00772307 0.00804668 0.00372219 0.00888576 0.00613268 0.17073301 0.37802801 0.00606228 0.11391000 0.05798940 0.00317995 0.01498390 0.02349060 0.00560502 0.01007980 0.12477400
63 0.04792357 0.00470541 0.00656772 0.00220719 0.01093612 0.00365591 0.00514066 0.00573807 0.00382751 0.30499542 0.16646323 0.00441416 0.02352293 0.03380365 0.00405496 0.01316982 0.02833614 0.00142804 0.00494207 0.32416745
64 0.06712799 0.02878600 0.06987029 0.23343197 0.00266207 0.04632839 0.25832697 0.03996719 0.01465910 0.01786310 0.01353910 0.05632959 0.00920991 0.00558808 0.02389950 0.05039219 0.03268380 0.00107355 0.00943892 0.01882230
65 0.17814902 0.01561330 0.03795690 0.03206810 0.06698041 0.01955330 0.01661080 0.12599202 0.01501630 0.03359780 0.03884681 0.02797480 0.01634520 0.01082410 0.02356050 0.13072502 0.12973602 0.00392857 0.02063810 0.05588291
66 0.11773895 0.04441078 0.03540289 0.03165859 0.02272349 0.10180796 0.05284618 0.03757348 0.05582788 0.02992819 0.05380428 0.04571678 0.02009639 0.05080878 0.02718489 0.06875277 0.04563498 0.00792881 0.10765696 0.04249698
67 0.15322793 0.06299257 0.04278498 0.04694738 0.02066169 0.05008218 0.06477387 0.05299948 0.01954849 0.02133939 0.03370948 0.09877876 0.01457899 0.01353119 0.03721818 0.14665293 0.06929007 0.00489885 0.01136439 0.03461918
68 0.05756599 0.02540500 0.07568449 0.25134896 0.00346822 0.04371359 0.25187396 0.03605159 0.01399580 0.02973140 0.01352240 0.05232229 0.00860564 0.00643001 0.02202510 0.04404289 0.03211989 0.00161849 0.01012590 0.02034840
69 0.05584737 0.01362229 0.01075339 0.00894126 0.01335079 0.01155669 0.01402589 0.01136629 0.00758004 0.24062089 0.18980391 0.01355679 0.04367348 0.04061458 0.01028450 0.02732509 0.03678008 0.00367497 0.01343579 0.23318589
70 0.06612081 0.03036920 0.09308841 0.17319003 0.00751744 0.03823181 0.17277303 0.03712451 0.01807660 0.01806180 0.04910861 0.05355981 0.01532620 0.00875557 0.01846720 0.07076201 0.08865681 0.00256303 0.01021050 0.02803660
71 0.04257539 0.01353430 0.00376429 0.00256675 0.00850736 0.01150520 0.00586787 0.01028660 0.00776200 0.15450598 0.36886294 0.00913479 0.11440298 0.06471109 0.00633675 0.01775140 0.02475690 0.00625255 0.01392590 0.11298898
72 0.04513951 0.00279446 0.00646116 0.00142791 0.01028080 0.00234972 0.00419978 0.00428619 0.00314909 0.32774005 0.14687302 0.00302819 0.01240050 0.03141220 0.00343469 0.00897536 0.02560740 0.00069218 0.00272373 0.35702405
73 0.15755194 0.04136059 0.04302638 0.09436937 0.01606739 0.04710488 0.14837095 0.06049388 0.01762869 0.02670679 0.03208779 0.05323638 0.01410810 0.01207680 0.03728859 0.09233847 0.05442048 0.00318605 0.01111420 0.03746229
74 0.10469596 0.03957698 0.04828158 0.03689139 0.01907749 0.03602279 0.03816569 0.03644049 0.01617769 0.05494158 0.06003548 0.04245998 0.02450259 0.02415289 0.02675059 0.14354995 0.16045894 0.00400938 0.01971949 0.06408908
75 0.05850283 0.05895653 0.04543263 0.10077806 0.01066901 0.06361784 0.17174510 0.05207903 0.02499411 0.03445442 0.05670093 0.07457814 0.04902413 0.01587151 0.02058431 0.06120774 0.04743073 0.00369062 0.01391171 0.03577062
76 0.07726098 0.09133388 0.04840199 0.11292197 0.00747669 0.06598378 0.17865496 0.03656789 0.02142989 0.01986970 0.02538729 0.12143497 0.01334280 0.00785373 0.02804459 0.06408358 0.04304029 0.00275787 0.00950516 0.02464799
77 0.24265517 0.02212732 0.02168221 0.02954382 0.03219202 0.02360782 0.03242652 0.08542076 0.01140061 0.04911933 0.05604174 0.02491962 0.02027311 0.01901991 0.03547642 0.14619210 0.06508244 0.00333052 0.01503751 0.06445104
78 0.05647511 0.01299320 0.01130440 0.00941897 0.01307490 0.01128510 0.01420520 0.01141660 0.00749569 0.24019906 0.18996004 0.01329680 0.04296361 0.04013701 0.01047790 0.02750381 0.03658461 0.00389801 0.01296090 0.23434905
79 0.04923227 0.01913473 0.01118602 0.00763188 0.01086402 0.01633522 0.01234232 0.01614302 0.01240552 0.15240023 0.30128045 0.01705743 0.08111002 0.06636640 0.01105172 0.02509664 0.03016015 0.00735033 0.02377644 0.12907519
80 0.20331909 0.02042391 0.03873862 0.03357212 0.02512341 0.01850601 0.02549731 0.25954712 0.01237851 0.01248971 0.01870821 0.02516691 0.00890871 0.00987946 0.02436381 0.16772908 0.04745662 0.00430538 0.01120951 0.03267651
81 0.08418033 0.02121951 0.01893811 0.01298730 0.04507861 0.02285111 0.01694611 0.02370991 0.01653061 0.11680704 0.20315007 0.02254411 0.05335672 0.06714402 0.01279740 0.05444512 0.04708762 0.00944358 0.04035971 0.11042304
82 0.07519923 0.01216641 0.00794442 0.00683121 0.01797081 0.01344831 0.01014450 0.01227471 0.00777328 0.18338108 0.24012011 0.01070110 0.07375023 0.04256272 0.00752058 0.05463382 0.05055832 0.00512466 0.01608941 0.15180507
83 0.10320794 0.02934618 0.04913277 0.02192969 0.01353639 0.04246358 0.02033479 0.02130149 0.01006069 0.02417299 0.02388949 0.01859419 0.01614299 0.01705549 0.01110199 0.26025785 0.26824684 0.00166628 0.01008409 0.03747428
84 0.24050183 0.02190638 0.02153718 0.02891968 0.03203088 0.02324628 0.03208078 0.08569214 0.01146249 0.04997957 0.05796166 0.02500828 0.02048459 0.01942579 0.03627187 0.14465890 0.06530485 0.00326410 0.01472389 0.06553885
85 0.04313833 0.00778724 0.00383137 0.00114293 0.00858523 0.00489096 0.00364711 0.00655810 0.00470043 0.24110514 0.28032117 0.00424602 0.06746054 0.04595483 0.00296038 0.01136171 0.02375771 0.00332213 0.00632251 0.22890614
86 0.14352397 0.01996510 0.02653999 0.02677449 0.01875830 0.02964899 0.03336629 0.02864619 0.00939593 0.09048378 0.04705019 0.02875729 0.01694510 0.01222760 0.23885394 0.09069848 0.05347319 0.00649306 0.00956775 0.06883038
87 0.04415593 0.21313516 0.04579143 0.03758423 0.01001801 0.04224283 0.06489925 0.16288612 0.02066062 0.01577581 0.02500542 0.16423112 0.01486381 0.01195881 0.01158691 0.04855834 0.02783982 0.00561445 0.01079361 0.02239832
88 0.23712690 0.01577479 0.02451379 0.02720529 0.02573709 0.02656979 0.03034439 0.06262437 0.00828234 0.02348779 0.02206939 0.02244349 0.00882569 0.00713063 0.22068191 0.13715194 0.05203848 0.00428562 0.00788044 0.03582588
89 0.10572697 0.03875549 0.04748379 0.03769599 0.01897439 0.03541639 0.03852789 0.03598369 0.01597120 0.05604408 0.06080798 0.04195319 0.02477359 0.02394229 0.02561919 0.14373396 0.16071795 0.00390720 0.01944679 0.06451798
90 0.04927541 0.01947900 0.01095250 0.00710034 0.01101110 0.01570390 0.01182120 0.01538000 0.01218750 0.15345503 0.30043006 0.01684540 0.08111912 0.06727281 0.01100850 0.02485560 0.03044351 0.00751846 0.02420750 0.12993303
91 0.03791230 0.28824297 0.03323710 0.02282310 0.00895169 0.07012229 0.09904669 0.02362190 0.02118670 0.01506580 0.02704150 0.21832998 0.01716830 0.00526631 0.00915081 0.04243110 0.02930630 0.00168490 0.00714309 0.02226720
92 0.24205618 0.02217392 0.02174472 0.02936222 0.03176782 0.02344672 0.03265742 0.08527116 0.01128851 0.04859884 0.05654924 0.02517592 0.02044782 0.01907061 0.03562503 0.14695211 0.06541065 0.00317965 0.01489311 0.06432835
93 0.06655126 0.01538009 0.01334939 0.01024949 0.01427279 0.01144849 0.01483359 0.01944289 0.00839842 0.22766288 0.15896191 0.01622349 0.03151808 0.03882478 0.00957773 0.03445748 0.03969678 0.00349158 0.01557999 0.25007886
94 0.04643869 0.17511797 0.04326459 0.07338399 0.00847287 0.06896599 0.13815997 0.02817519 0.02261700 0.01699720 0.02652229 0.18704496 0.01613170 0.00619424 0.01870750 0.05162789 0.03726919 0.00239802 0.00889316 0.02361760
95 0.03007352 0.01082431 0.00990406 0.00346675 0.01428301 0.00759095 0.00611412 0.00738297 0.02248671 0.06673294 0.23672414 0.00594116 0.05602003 0.24445914 0.00295382 0.01750881 0.02097381 0.02326891 0.15346809 0.05982273
96 0.12477195 0.02599969 0.05284528 0.04782628 0.02546419 0.02344929 0.03770859 0.17447993 0.01681199 0.02835389 0.03976578 0.03826119 0.01574829 0.01517279 0.03046529 0.11542996 0.12016695 0.00516118 0.01607819 0.04603928
97 0.30472691 0.01190540 0.01897999 0.02058799 0.03851309 0.01813799 0.01811869 0.07978338 0.00778015 0.02424829 0.02527959 0.01486570 0.01400370 0.01107980 0.03114759 0.22314394 0.08285218 0.00182677 0.00835676 0.04466209
98 0.06448329 0.03860390 0.08654249 0.18764198 0.01221360 0.03966370 0.13281699 0.13590899 0.02908240 0.01487010 0.01913440 0.04882070 0.01136980 0.00831397 0.01886460 0.07550409 0.04090090 0.00357733 0.01221430 0.01947250
99 0.04974783 0.02891322 0.13533808 0.22907514 0.01044261 0.03583852 0.15056109 0.05524153 0.02586082 0.01587201 0.01961541 0.05119443 0.00922499 0.00638303 0.01854411 0.07367185 0.05380603 0.00142347 0.01025161 0.01899421
100 0.04958346 0.01932272 0.01159551 0.00770661 0.01115731 0.01591742 0.01180711 0.01569332 0.01192331 0.15283318 0.30047736 0.01673712 0.08129680 0.06626098 0.01147201 0.02565213 0.03028174 0.00742721 0.02377853 0.12907615
101 0.16406592 0.03288588 0.04386568 0.04011928 0.02544859 0.03602388 0.03909838 0.06698597 0.01730649 0.03243668 0.03799768 0.03537118 0.01900079 0.01861519 0.03378258 0.18969790 0.10149195 0.00460641 0.01695279 0.04424678
102 0.21510901 0.01166980 0.01527440 0.01634840 0.03564060 0.01439710 0.01835340 0.03732680 0.00678590 0.09143431 0.06806780 0.01551170 0.02707300 0.01912850 0.01590280 0.13668101 0.11563901 0.00181954 0.01547790 0.12235901
103 0.07062402 0.03476251 0.04301461 0.02585481 0.01233800 0.01373690 0.02688781 0.31576209 0.01708091 0.02875811 0.06807162 0.03820121 0.01947781 0.07562082 0.01137140 0.06981942 0.03363211 0.01599130 0.04106121 0.03793331
104 0.04121212 0.01604531 0.01574531 0.00862832 0.01441081 0.01327681 0.01124451 0.01575671 0.02829041 0.07326224 0.16241209 0.01338311 0.04094212 0.20919111 0.00688125 0.03148582 0.02942032 0.02493051 0.16835409 0.07512704
105 0.19794907 0.01254480 0.01607791 0.01620731 0.03330671 0.01474841 0.01873821 0.03443761 0.00684782 0.10348204 0.07402273 0.01652201 0.02696141 0.02059761 0.01574991 0.12726205 0.11241004 0.00209102 0.01537431 0.13466905
106 0.04807735 0.00460179 0.00675097 0.00241461 0.01086811 0.00368279 0.00525696 0.00575584 0.00385221 0.30469329 0.16587216 0.00443175 0.02314342 0.03390993 0.00418512 0.01316331 0.02812713 0.00147853 0.00468441 0.32505031
107 0.10514600 0.06116680 0.03602950 0.03157090 0.02392810 0.04356270 0.04505960 0.03385300 0.02532010 0.03568840 0.04311100 0.11916400 0.01727420 0.02302470 0.02416440 0.07647910 0.12647500 0.00748190 0.06485590 0.05664470
108 0.04262959 0.00766575 0.00409065 0.00119364 0.00912129 0.00444105 0.00383109 0.00624227 0.00500713 0.23860594 0.27291493 0.00408622 0.06327188 0.05630879 0.00264124 0.01106430 0.02386359 0.00378491 0.01002680 0.22920894
109 0.05074376 0.03937207 0.03275208 0.02802458 0.01570109 0.05335046 0.04254857 0.03589137 0.05698376 0.06927255 0.15732689 0.04758567 0.07834164 0.05499696 0.02640618 0.05372256 0.04046867 0.00738380 0.04920757 0.05991976
110 0.03016168 0.31804884 0.04157388 0.00867557 0.01095359 0.06571737 0.05657347 0.01330209 0.02413059 0.01370349 0.02819889 0.26426287 0.01696559 0.00437029 0.00537702 0.03399208 0.03139918 0.00138204 0.00715608 0.02405539
111 0.06362100 0.05821880 0.05624660 0.14594100 0.00747664 0.06215450 0.20826100 0.05167930 0.02224810 0.02519200 0.02852380 0.07519060 0.01482140 0.00971231 0.02604330 0.05958130 0.04175700 0.00329543 0.01289670 0.02713920
112 0.13638086 0.01879548 0.03786746 0.01804828 0.01263229 0.00968477 0.02037758 0.50181649 0.00899193 0.00477057 0.01622608 0.02840537 0.00633127 0.00839173 0.01072729 0.10306789 0.02303258 0.00299753 0.00827217 0.02318238
113 0.02450680 0.00959123 0.01428530 0.00362573 0.01554220 0.01091380 0.00468705 0.00590101 0.04671591 0.02573410 0.09752771 0.00642744 0.02039120 0.29425703 0.00333453 0.01925160 0.01718360 0.03102120 0.31067703 0.03842550
114 0.21803493 0.01859649 0.02037999 0.01770839 0.01825959 0.01087070 0.02246559 0.41170486 0.00884202 0.00841952 0.01532219 0.01782619 0.00610163 0.00631311 0.01826979 0.11292896 0.02675089 0.00216973 0.00931843 0.02971699
115 0.16365104 0.03262061 0.04390691 0.04040401 0.02576951 0.03644781 0.03816481 0.06894862 0.01733390 0.03150121 0.03768911 0.03508451 0.01894230 0.01859780 0.03474261 0.18951004 0.10144002 0.00451367 0.01707190 0.04365961
116 0.03891754 0.02072062 0.02363443 0.01526662 0.01814632 0.02275993 0.01620422 0.01871282 0.05173996 0.03345694 0.08551089 0.01839262 0.02183172 0.21001723 0.01016711 0.03543964 0.02892883 0.02542913 0.26059029 0.04413315
117 0.04411721 0.24076403 0.04579491 0.02645270 0.01185740 0.06328691 0.06233911 0.03454160 0.02881650 0.02400400 0.04405681 0.18504503 0.01850340 0.01342030 0.01447390 0.05077401 0.04187141 0.00406556 0.01519480 0.03062040
118 0.02504561 0.00987701 0.01324791 0.00357640 0.01574641 0.00940839 0.00450423 0.00599701 0.04097662 0.03130302 0.12897106 0.00589460 0.02692851 0.29062414 0.00316458 0.01832281 0.01745471 0.03046461 0.27854113 0.03995122
119 0.04952368 0.01961819 0.01094920 0.00760896 0.01109740 0.01599779 0.01204170 0.01586909 0.01239620 0.15131195 0.30063789 0.01681889 0.08106647 0.06791198 0.01032930 0.02580019 0.03053009 0.00721500 0.02518909 0.12808695
120 0.09587945 0.01444161 0.00919377 0.01044000 0.01818771 0.01277771 0.01292921 0.03667342 0.00847801 0.16176508 0.24125611 0.01177151 0.07018163 0.03920762 0.00920802 0.04607102 0.04704922 0.00508243 0.01280041 0.13660606
121 0.04510039 0.00869305 0.00475838 0.00184972 0.00927549 0.00600972 0.00475715 0.00751056 0.00550113 0.23176094 0.27613192 0.00541593 0.06641738 0.04816179 0.00403092 0.01330190 0.02518489 0.00357719 0.00861964 0.22394194
122 0.04544582 0.15354108 0.05592793 0.02307761 0.01359901 0.08253324 0.03879092 0.02033741 0.08220314 0.02924581 0.10113205 0.12494206 0.02071951 0.02533851 0.02267611 0.04377412 0.03916882 0.00536479 0.03867082 0.03351122
123 0.05892251 0.05362281 0.03100031 0.03253631 0.01569430 0.10200902 0.05759961 0.02719191 0.02883061 0.06362241 0.12888903 0.06516041 0.08700322 0.02513531 0.03063431 0.06456271 0.04973731 0.00469220 0.02043780 0.05271791
124 0.07954131 0.03947180 0.06626601 0.10696501 0.00819047 0.04776120 0.16087402 0.03280880 0.01860390 0.02228140 0.02747950 0.05927411 0.01656270 0.00967961 0.01964930 0.12248801 0.11677301 0.00279572 0.01092390 0.03161020
125 0.05654601 0.02303921 0.07837502 0.03177161 0.01082190 0.01203130 0.03123481 0.52697014 0.01563810 0.00516263 0.02265811 0.04259221 0.00910156 0.01065950 0.00712209 0.06590132 0.02396351 0.00238797 0.00642659 0.01759640
126 0.13579689 0.02056468 0.04908376 0.03730397 0.02124798 0.02356208 0.02902808 0.09990372 0.01424899 0.02312078 0.02784328 0.03383447 0.01042789 0.00894019 0.21854382 0.09266742 0.10207791 0.00630403 0.01233309 0.03316697
127 0.05635685 0.01306021 0.01032971 0.00857367 0.01321171 0.01096001 0.01374431 0.01116261 0.00737865 0.24105122 0.19129217 0.01303791 0.04358144 0.04035194 0.01000131 0.02739892 0.03644213 0.00401079 0.01349421 0.23456021
128 0.06481052 0.01545480 0.01317030 0.00990035 0.01365720 0.01128850 0.01461970 0.01859451 0.00830363 0.22892406 0.16103805 0.01623130 0.03214731 0.03978801 0.01010360 0.03331631 0.03831631 0.00344584 0.01570760 0.25118207
129 0.06551780 0.08876849 0.05092880 0.05202560 0.01561720 0.11242799 0.08623119 0.03363590 0.04515560 0.03113850 0.05644000 0.09287979 0.02295470 0.01568510 0.03728850 0.07836970 0.05438880 0.00446486 0.02331530 0.03276620
130 0.05612614 0.05328074 0.11784387 0.06810273 0.01739058 0.09399620 0.05426584 0.04004406 0.05026655 0.01348199 0.03147047 0.05545604 0.01472358 0.01116869 0.02241498 0.15803683 0.10029189 0.00267718 0.01519058 0.02377107
131 0.06574868 0.03371759 0.08439568 0.20792494 0.01021530 0.04309139 0.16719295 0.05529579 0.02271379 0.02022079 0.02266649 0.05612288 0.01216440 0.00966553 0.02874599 0.07216308 0.04773339 0.00323364 0.01359230 0.02339539
132 0.07065063 0.05898432 0.03578681 0.02662901 0.01828231 0.07995773 0.05012712 0.02567071 0.02867161 0.08198533 0.09495784 0.06596823 0.03496871 0.02698881 0.03112711 0.06799423 0.05633742 0.00539622 0.02542381 0.11409204
133 0.04416977 0.24155486 0.04494327 0.02745658 0.01164539 0.06317876 0.06378386 0.03426578 0.02832408 0.02414409 0.04380657 0.18511889 0.01872189 0.01287609 0.01430719 0.05022457 0.04152678 0.00388290 0.01517039 0.03089828
134 0.04960410 0.02014590 0.01114680 0.00727804 0.01118220 0.01623020 0.01227930 0.01549030 0.01258960 0.15165798 0.29961597 0.01747260 0.08121819 0.06721109 0.01041990 0.02563130 0.03017950 0.00759016 0.02506390 0.12799299
135 0.11483803 0.02706701 0.04190731 0.03014811 0.01292850 0.01514770 0.03712971 0.44703511 0.01516750 0.01261320 0.02589791 0.03426641 0.01043070 0.01128530 0.01451940 0.08005462 0.02766681 0.00392345 0.01060140 0.02737181
136 0.12045789 0.02841757 0.04900696 0.02677958 0.01768358 0.03944056 0.02360238 0.02723868 0.01111959 0.02774767 0.02683108 0.02171858 0.01809128 0.01641129 0.01479709 0.24362278 0.23264979 0.00202781 0.01155319 0.04080266
137 0.06513036 0.03456593 0.08505407 0.20654418 0.01022321 0.04362814 0.16670714 0.05570365 0.02318282 0.01993742 0.02243722 0.05581505 0.01211551 0.00976743 0.02819972 0.07312446 0.04765074 0.00330692 0.01352391 0.02338212
138 0.04406291 0.08405812 0.04152401 0.03558361 0.02101460 0.04791161 0.04390011 0.03073161 0.04580751 0.02615021 0.05107511 0.11900002 0.01654690 0.07941592 0.02363590 0.05052091 0.04599651 0.01808450 0.13782303 0.03715691
139 0.16539317 0.03216923 0.04337354 0.04016824 0.02571953 0.03567514 0.03804004 0.06632367 0.01662082 0.03280513 0.03853344 0.03463383 0.01933892 0.01824682 0.03463263 0.18947519 0.10252710 0.00475280 0.01656482 0.04500595
140 0.03495849 0.27846692 0.04450189 0.01047900 0.01173320 0.07240588 0.05374398 0.01249610 0.02946189 0.01573290 0.04285999 0.25200192 0.01612290 0.00506721 0.00872494 0.03675479 0.03923969 0.00184227 0.00875068 0.02465539
141 0.05592443 0.03407892 0.03445892 0.09893984 0.01401451 0.07597973 0.20761009 0.02994991 0.02073021 0.07431573 0.03883152 0.04497962 0.01838751 0.02498211 0.02457811 0.04894052 0.04680912 0.00683375 0.05603083 0.04362462
142 0.05516552 0.01350101 0.01124271 0.00607522 0.01543411 0.02515711 0.01562091 0.01121421 0.00787097 0.23630311 0.17180108 0.01579951 0.04347692 0.03304211 0.01068990 0.02936001 0.03796792 0.00345256 0.01137801 0.24544711
143 0.05244220 0.04364560 0.07932841 0.17710201 0.00956589 0.04373690 0.14117901 0.11930601 0.02670660 0.01480350 0.02029680 0.08176841 0.01287610 0.00849851 0.02148340 0.07058490 0.03970470 0.00488983 0.01222970 0.01985150
144 0.16362017 0.03217813 0.04396945 0.04083554 0.02541373 0.03567414 0.03833594 0.06792257 0.01690482 0.03252743 0.03881684 0.03553714 0.01934652 0.01860572 0.03364554 0.18986720 0.10121911 0.00467814 0.01637082 0.04453105
145 0.06361340 0.05873010 0.05620530 0.14532999 0.00745344 0.06050550 0.20692399 0.05257590 0.02140850 0.02568280 0.02869400 0.07569530 0.01487110 0.01015660 0.02628010 0.06010200 0.04208780 0.00343930 0.01267300 0.02757190
146 0.13724001 0.06091350 0.03736220 0.04316400 0.01956560 0.10750201 0.07697170 0.04134320 0.03460520 0.02932610 0.05451270 0.06832720 0.02091690 0.01438010 0.04174710 0.09841650 0.05690460 0.00363115 0.01847240 0.03469780
147 0.06270621 0.05731651 0.03740600 0.02149590 0.01519620 0.11604701 0.05151871 0.01967320 0.04493021 0.05646951 0.16684702 0.06648591 0.04712801 0.02752270 0.03632720 0.05321571 0.04068710 0.00507308 0.02412750 0.04982631
148 0.08365617 0.01842829 0.03632439 0.02679739 0.01232450 0.03526899 0.02621609 0.03125979 0.01800299 0.03714529 0.05902218 0.03962339 0.04643328 0.01022910 0.30973889 0.06739378 0.08552607 0.00617187 0.01407059 0.03636699
149 0.06487768 0.08889697 0.05058518 0.05282868 0.01571229 0.11192996 0.08682477 0.03546209 0.04510538 0.03066079 0.05598888 0.09283507 0.02285649 0.01603319 0.03632959 0.07830947 0.05410088 0.00422785 0.02370589 0.03272889
150 0.04171791 0.01528380 0.01610950 0.00898184 0.01460240 0.01293990 0.01125310 0.01655010 0.02865971 0.07289252 0.16085104 0.01270860 0.04043611 0.20903406 0.00683579 0.03157441 0.02967911 0.02520901 0.16918605 0.07549502
151 0.24074803 0.02230550 0.02152730 0.02905650 0.03172810 0.02339990 0.03197980 0.08474471 0.01143660 0.05031621 0.05740501 0.02559520 0.02023500 0.01987680 0.03469210 0.14470202 0.06581011 0.00302558 0.01497360 0.06644191
152 0.02407220 0.01131590 0.01683180 0.00508234 0.01917200 0.01037890 0.00687875 0.01132290 0.03924550 0.03155480 0.12265601 0.01079770 0.02234400 0.25080701 0.00554216 0.02108940 0.01523450 0.09168710 0.25111701 0.03287000
153 0.05889659 0.03153689 0.07432498 0.21660695 0.00402292 0.05076599 0.22646995 0.04474599 0.01858700 0.01512170 0.01519460 0.06250919 0.01225880 0.00493069 0.02324589 0.07295128 0.04017169 0.00141239 0.00890813 0.01733840
154 0.12148809 0.03016002 0.06702685 0.17825613 0.01409151 0.03674523 0.14879311 0.05569304 0.01612381 0.02220842 0.02375752 0.04774493 0.01249801 0.01171401 0.03266062 0.08776466 0.05153964 0.00257387 0.01074701 0.02841352
155 0.11369708 0.02750502 0.04220563 0.03091472 0.01289441 0.01527741 0.03743653 0.44645832 0.01495721 0.01313521 0.02677512 0.03477452 0.01043781 0.01140291 0.01373181 0.07898246 0.02720762 0.00407199 0.01056611 0.02756812
156 0.02346509 0.00918907 0.01425949 0.00320418 0.01529029 0.01097989 0.00397713 0.00537176 0.04972788 0.02398059 0.09051796 0.00610437 0.01829949 0.29392986 0.00307866 0.01885589 0.01602689 0.02988039 0.32653785 0.03732328
157 0.05665085 0.11715191 0.08464333 0.11231391 0.04846886 0.05274716 0.04719896 0.06380005 0.04506246 0.02652428 0.03370547 0.07983114 0.01191569 0.01132529 0.02233668 0.07980404 0.04562206 0.00561630 0.02759068 0.02769088
158 0.04919768 0.01893279 0.01104890 0.00736191 0.01108970 0.01565519 0.01162910 0.01494669 0.01196320 0.15355294 0.30166288 0.01666979 0.08162557 0.06789547 0.01049130 0.02473029 0.02976759 0.00777308 0.02425899 0.12974695
159 0.03586298 0.01175439 0.00569343 0.00235623 0.01069989 0.00696288 0.00521954 0.00829834 0.01007119 0.12643393 0.34790282 0.00567044 0.09056005 0.13714493 0.00288767 0.01459529 0.02170159 0.01107939 0.04807787 0.09702715
160 0.04593553 0.01016791 0.00499430 0.00238347 0.00941102 0.00709379 0.00536651 0.00868540 0.00633013 0.21372713 0.29295817 0.00667805 0.07424974 0.05143293 0.00490381 0.01508781 0.02589072 0.00424715 0.01075431 0.19970212
161 0.04412231 0.24256304 0.04430831 0.02623360 0.01192260 0.06282491 0.06203331 0.03428361 0.02811210 0.02435900 0.04436991 0.18661103 0.01864370 0.01382390 0.01439460 0.04943051 0.04150661 0.00416715 0.01539620 0.03089360
162 0.04593562 0.01026970 0.00501281 0.00234759 0.00932146 0.00721015 0.00519718 0.00846411 0.00630416 0.21183409 0.29583013 0.00655307 0.07572003 0.05146832 0.00483923 0.01563791 0.02625551 0.00427570 0.01076610 0.19675709
163 0.04964122 0.01967371 0.01175301 0.00778060 0.01120391 0.01636811 0.01211541 0.01513951 0.01263861 0.15135407 0.29961014 0.01717491 0.08090764 0.06712943 0.01072331 0.02553611 0.03052481 0.00762192 0.02553351 0.12757006
164 0.04932793 0.01004421 0.00484987 0.00255738 0.01240791 0.00819375 0.00563885 0.00929933 0.01006761 0.18106512 0.26959918 0.00611462 0.07862575 0.07696125 0.00370504 0.02423322 0.03530732 0.00672242 0.04800813 0.15727110
165 0.04666120 0.00624380 0.00592743 0.00209653 0.01019930 0.00469714 0.00491477 0.00660089 0.00471665 0.27329598 0.21051799 0.00505689 0.03965380 0.04067940 0.00429460 0.01268840 0.02648420 0.00228323 0.00688183 0.28610598
166 0.02328929 0.00905140 0.01496150 0.00318738 0.01525850 0.01181570 0.00380977 0.00527675 0.05270979 0.02326389 0.08542548 0.00645307 0.01680490 0.28675992 0.00318341 0.01941429 0.01531730 0.03010939 0.33676591 0.03714239
167 0.10282200 0.01165770 0.01017730 0.01110270 0.02002750 0.01219140 0.01535740 0.01566160 0.00654251 0.21537499 0.15360899 0.01174460 0.03855880 0.03188140 0.01445290 0.05326370 0.05107480 0.00295313 0.01131960 0.21022699
168 0.04421552 0.24120709 0.04480382 0.02719891 0.01183120 0.06365772 0.06380952 0.03338651 0.02859161 0.02417891 0.04380862 0.18560907 0.01898101 0.01266940 0.01431961 0.05066692 0.04156422 0.00411743 0.01489241 0.03049051
169 0.02529142 0.00984241 0.01306101 0.00348542 0.01592171 0.00923234 0.00460306 0.00589257 0.03987863 0.03187853 0.13134811 0.00584516 0.02766162 0.29222724 0.00306704 0.01818831 0.01760121 0.03057123 0.27419422 0.04020873
170 0.13694801 0.02023300 0.03158270 0.03284060 0.01820800 0.03902860 0.03175070 0.03990680 0.01162830 0.02583180 0.02393340 0.03176460 0.01009130 0.00711994 0.30611003 0.13914201 0.04670180 0.00771486 0.00902151 0.03044200
171 0.04078131 0.01571770 0.01588920 0.00896539 0.01448460 0.01260630 0.01158480 0.01613530 0.02799880 0.07355221 0.16501202 0.01290200 0.04080681 0.20818503 0.00698278 0.03106090 0.02910740 0.02563530 0.16722902 0.07536311
172 0.04418060 0.24010301 0.04494930 0.02714550 0.01172930 0.06351320 0.06311730 0.03530260 0.02881100 0.02412170 0.04404750 0.18361301 0.01877270 0.01311770 0.01490210 0.05091640 0.04129790 0.00420617 0.01527290 0.03088010
173 0.13773101 0.01899880 0.02975240 0.03061600 0.01935350 0.03917460 0.02968690 0.03852910 0.01096200 0.02568380 0.02227380 0.03007170 0.00944421 0.00693047 0.30978003 0.14927601 0.04452650 0.00804533 0.00846400 0.03069980
174 0.05980439 0.01442070 0.01271100 0.00872261 0.01390720 0.01537240 0.01180250 0.01353430 0.01155320 0.10075897 0.23092094 0.01215280 0.08908658 0.13005897 0.00620108 0.05237919 0.06858208 0.00854236 0.05574999 0.08373878
175 0.04600778 0.00329648 0.00656943 0.00171704 0.01047150 0.00272506 0.00451916 0.00478785 0.00332522 0.32082088 0.15242794 0.00347620 0.01559139 0.03206309 0.00374286 0.01025110 0.02653449 0.00095195 0.00330074 0.34741987
176 0.05727584 0.07411865 0.04017403 0.10298807 0.00904903 0.11972708 0.20259514 0.03764423 0.03051142 0.02757722 0.03229892 0.08558666 0.01630391 0.00648153 0.02810842 0.05899974 0.03410802 0.00222248 0.01376411 0.02046551
177 0.10592399 0.02367570 0.03964320 0.03885710 0.01347710 0.03850510 0.03867310 0.03591640 0.01682710 0.03076380 0.03995990 0.03879450 0.01369070 0.00943152 0.32740698 0.08617379 0.05251470 0.00667605 0.01211540 0.03097390
178 0.04863693 0.02517832 0.01943891 0.01065481 0.01292081 0.01669721 0.01720301 0.01546031 0.01013221 0.23913616 0.15014710 0.04645843 0.03470782 0.03161022 0.01174701 0.02466202 0.03750882 0.00588494 0.01005381 0.23176115
179 0.05554011 0.00374880 0.00634912 0.00218349 0.01214280 0.00342203 0.00510112 0.00563159 0.00347807 0.30625308 0.15495804 0.00378561 0.02012381 0.03214061 0.00375179 0.01616870 0.03173041 0.00109411 0.00458160 0.32781509
