1 0.03944110 0.00773989 0.00747336 0.00266072 0.00853518 0.00866980 0.00673745 0.00728088 0.00480139 0.20679798 0.28422498 0.01195060 0.06111820 0.05823600 0.00455443 0.01936670 0.03425730 0.00469738 0.01391170 0.20754498
2 0.07392873 0.05959922 0.02829871 0.01814511 0.01214520 0.03789891 0.02060201 0.02853361 0.00759469 0.02030411 0.03084141 0.03767951 0.01611261 0.00853115 0.43657115 0.06702702 0.05689842 0.00295520 0.00580862 0.03052461
3 0.04897089 0.01558330 0.09891998 0.21036895 0.00682078 0.04114489 0.08200398 0.33315892 0.01772760 0.00579564 0.00841122 0.04153399 0.00440883 0.00718964 0.00571815 0.04365769 0.01264900 0.00285250 0.00485183 0.00823224
4 0.06166963 0.01344851 0.01346061 0.01006960 0.01213701 0.01488531 0.01579391 0.01328721 0.00901147 0.22395109 0.14612406 0.02161101 0.03812082 0.03823622 0.01094770 0.03619862 0.04519802 0.00368541 0.01511171 0.25705211
5 0.07034601 0.06724081 0.07711591 0.10311301 0.00900376 0.04993570 0.06375741 0.17562401 0.02727180 0.01305580 0.02263310 0.13761601 0.00864212 0.01596760 0.02120080 0.06047730 0.03348490 0.00377536 0.00877038 0.03096820
6 0.09692939 0.04283960 0.03583690 0.08683279 0.02226540 0.03555850 0.18558998 0.02141950 0.02613080 0.07624729 0.05167899 0.03138910 0.02898700 0.01463630 0.03197100 0.09978589 0.05363419 0.00372185 0.00932655 0.04521900
7 0.17592516 0.03027283 0.03820903 0.02662062 0.02962913 0.02764502 0.02800692 0.06992166 0.01494711 0.02761222 0.03161273 0.03007813 0.01511931 0.01504751 0.02682362 0.24888422 0.09961329 0.00715002 0.01467801 0.04220344
8 0.03721324 0.00855860 0.00587513 0.00117065 0.00797253 0.00764033 0.00638752 0.00656364 0.00301793 0.23785927 0.27437731 0.00914130 0.07366448 0.04710715 0.00346213 0.01745372 0.03185844 0.00098879 0.01038761 0.20930023
9 0.05403200 0.04244730 0.08741999 0.18909598 0.00668036 0.06723069 0.15988599 0.10664099 0.02059420 0.01028180 0.01429420 0.12682399 0.00505502 0.01205350 0.01040160 0.03472390 0.02002890 0.00315536 0.00845565 0.02069860
10 0.04966702 0.02088871 0.02512971 0.01101730 0.00960642 0.01505311 0.01371121 0.01728261 0.03345801 0.04435162 0.08529724 0.02055631 0.01695391 0.18252308 0.00903296 0.05515512 0.06779473 0.02425331 0.24565010 0.05261752
11 0.02638968 0.04187117 0.02294568 0.01051609 0.00510886 0.01200159 0.03795347 0.01062799 0.05691056 0.02302788 0.09331613 0.07290425 0.02381838 0.21228785 0.00714404 0.02161868 0.02318038 0.03655457 0.22697084 0.03485188
12 0.03519530 0.01696420 0.02087640 0.01214450 0.00785192 0.01142390 0.01586220 0.01887350 0.03064730 0.07406390 0.12783300 0.02513700 0.02834710 0.27192701 0.00526615 0.02461150 0.03085580 0.01958330 0.15539000 0.06714600
13 0.03955701 0.02654361 0.15034804 0.27321307 0.00754933 0.05915591 0.11409603 0.09150182 0.02090281 0.01089690 0.00883759 0.08165312 0.00872297 0.00567578 0.01069250 0.04408971 0.02398121 0.00372866 0.00494943 0.01390450
14 0.05569422 0.03359011 0.05664082 0.24937810 0.00661753 0.06174943 0.28779612 0.02446961 0.03724272 0.03219981 0.01444901 0.03634332 0.00681252 0.00404432 0.00405735 0.03902322 0.02657711 0.00262955 0.00281771 0.01786741
15 0.05986378 0.25540792 0.03639309 0.02664019 0.01403060 0.05455068 0.06109928 0.02727429 0.03030769 0.02012939 0.03525399 0.14964396 0.01816589 0.01890459 0.03599529 0.05472738 0.04379469 0.01016980 0.01771099 0.02993649
16 0.09622409 0.01279040 0.04319060 0.02709860 0.00547961 0.01664890 0.01364680 0.58117494 0.04711380 0.00499866 0.01652010 0.01661900 0.00671970 0.01366450 0.00362140 0.05591489 0.02113810 0.00166052 0.00708093 0.00869448
17 0.04930409 0.00335573 0.00401499 0.00115301 0.01160050 0.01025230 0.00229608 0.00762769 0.00268591 0.29893391 0.15065496 0.00888249 0.03886629 0.02892899 0.00254333 0.01721409 0.04133899 0.00068293 0.00938383 0.31027991
18 0.05844029 0.27276496 0.06225259 0.02752340 0.01197390 0.10449099 0.03480700 0.02478800 0.02594350 0.00721059 0.01544420 0.22307197 0.01004650 0.00836961 0.01595890 0.03734959 0.03841949 0.00177536 0.00357488 0.01579430
19 0.04853422 0.03544751 0.02404481 0.06705212 0.00587670 0.04915462 0.21727008 0.01542421 0.02358801 0.05707432 0.19407407 0.04546442 0.04785432 0.03008361 0.01207080 0.03333471 0.02348981 0.00620474 0.02079951 0.04315742
20 0.02831873 0.02197162 0.01340371 0.00434445 0.00505421 0.00760846 0.01762872 0.00764465 0.00511181 0.11785411 0.39661337 0.01358001 0.14332713 0.04232554 0.03021573 0.03188153 0.03364883 0.00589652 0.01278871 0.06078216
21 0.17680100 0.03064230 0.03837020 0.02664540 0.02959710 0.02792410 0.02831490 0.07043140 0.01494900 0.02752650 0.03130890 0.03100230 0.01472610 0.01470350 0.02689270 0.24674500 0.09927460 0.00727020 0.01446430 0.04241050
22 0.03737391 0.01626490 0.01099350 0.00593273 0.00644103 0.01006830 0.01560290 0.01248640 0.00831662 0.14445804 0.34894609 0.01727530 0.08425962 0.06716372 0.00869150 0.02452761 0.02995101 0.00816615 0.02528561 0.11779503
23 0.04358757 0.20538187 0.03350788 0.01717959 0.00403821 0.07407195 0.04251617 0.01255439 0.03095628 0.01908159 0.08459385 0.22283786 0.02427219 0.02525878 0.01629359 0.03439558 0.04011108 0.01138729 0.02877108 0.02920318
24 0.11741999 0.01589340 0.03873530 0.04142090 0.00966207 0.01955170 0.01986060 0.51018797 0.02484710 0.00977833 0.01865010 0.01702150 0.00717154 0.01274430 0.00956209 0.07475450 0.03137840 0.00185272 0.00520400 0.01430350
25 0.05475598 0.01112330 0.01074120 0.00863673 0.01161200 0.01231900 0.01260919 0.01043420 0.00658913 0.24829590 0.17838793 0.01284979 0.05117418 0.04161178 0.00790241 0.02679349 0.04177938 0.00174223 0.01539129 0.23525091
26 0.26861801 0.02471740 0.02506690 0.02188990 0.02850410 0.02756010 0.03663750 0.09724480 0.01679160 0.04445580 0.03909530 0.02777190 0.01564210 0.01721480 0.02507980 0.15076501 0.06045740 0.00639596 0.01072240 0.05536920
27 0.04128376 0.01504848 0.01006379 0.00398206 0.00813715 0.00780688 0.01008699 0.00714488 0.00438916 0.20957078 0.28741470 0.00987071 0.10409389 0.04046246 0.01032899 0.02300468 0.03353257 0.00141649 0.00852775 0.16383383
28 0.06794733 0.05046342 0.04310022 0.13538106 0.00814887 0.06484733 0.30670814 0.02800891 0.03215751 0.02124751 0.02839191 0.06323193 0.00956514 0.01331981 0.01268551 0.04510282 0.02633371 0.00412973 0.01072960 0.02849951
29 0.04914818 0.00266029 0.00336717 0.00077950 0.01158999 0.01035469 0.00157980 0.00757776 0.00248410 0.30390685 0.14644493 0.00865867 0.03759968 0.02723789 0.00209213 0.01629749 0.04122248 0.00062667 0.00899192 0.31737984
30 0.04918249 0.11385297 0.02634319 0.11065797 0.01169760 0.03907119 0.30619291 0.01175640 0.03631669 0.04875469 0.03253299 0.04708919 0.01329260 0.01054650 0.01974889 0.04690059 0.03120959 0.00274980 0.00841739 0.03368639
31 0.11793413 0.01589472 0.03936174 0.04146794 0.00970823 0.01913132 0.01906312 0.51215954 0.02502803 0.00987578 0.01792362 0.01677452 0.00720468 0.01245841 0.00950296 0.07469898 0.03099093 0.00177293 0.00503291 0.01401551
32 0.06229667 0.01382939 0.01406079 0.01010210 0.01223289 0.01499029 0.01570979 0.01348689 0.00919368 0.22366990 0.14522193 0.02224039 0.03826768 0.03736668 0.01098439 0.03702608 0.04511998 0.00347148 0.01454609 0.25618288
33 0.03276150 0.00993240 0.00580373 0.00106162 0.00670954 0.00654260 0.00781154 0.00590688 0.00278535 0.21974402 0.31625503 0.00906947 0.08628301 0.05013350 0.00358260 0.01670760 0.02792320 0.00099415 0.00956123 0.18043102
34 0.06769940 0.26213800 0.02830040 0.01238400 0.01165460 0.03309950 0.05957870 0.02974340 0.02012210 0.01069960 0.01630790 0.06767090 0.00974123 0.00906210 0.24825400 0.05460740 0.03060810 0.00309021 0.00754325 0.01769520
35 0.01905151 0.00834319 0.01917481 0.01019390 0.00690812 0.00703530 0.00952623 0.01261441 0.03753602 0.04041292 0.04988642 0.00923321 0.00824989 0.36283815 0.00128173 0.01783251 0.02107151 0.00993981 0.32435014 0.02452021
36 0.07443139 0.06051529 0.07161749 0.05251689 0.01082940 0.03599680 0.07535399 0.06860869 0.09611369 0.02789220 0.04312570 0.06303299 0.02090200 0.06674399 0.01223520 0.05911099 0.03152650 0.01353190 0.07534249 0.04057240
37 0.17662000 0.03015690 0.03943640 0.02633880 0.02909840 0.02796110 0.02827110 0.07159750 0.01487040 0.02703640 0.03127060 0.03051630 0.01483680 0.01432270 0.02664890 0.24740700 0.10015200 0.00679039 0.01502440 0.04164390
38 0.02919238 0.02177589 0.02195609 0.00908962 0.00746397 0.01367529 0.01470189 0.01154589 0.04573407 0.03387918 0.06984725 0.01661769 0.01090609 0.18657687 0.00445937 0.03390688 0.01994959 0.02053549 0.39580073 0.03238578
39 0.03966467 0.24661883 0.04160657 0.01945099 0.00454903 0.06231696 0.06653245 0.01322429 0.05632066 0.00742645 0.01509859 0.24223683 0.00866200 0.01881159 0.01977649 0.06188766 0.03458478 0.00305529 0.01457729 0.02359858
40 0.01941219 0.00840347 0.01904519 0.01016059 0.00700105 0.00719846 0.00955590 0.01282429 0.03736528 0.04047398 0.04919487 0.00915367 0.00837823 0.36401079 0.00136339 0.01782939 0.02124609 0.01022289 0.32266681 0.02449349
41 0.08394633 0.07046822 0.04470901 0.07091402 0.01389550 0.14307505 0.10561803 0.03970721 0.02322171 0.02892601 0.03594571 0.11571604 0.01952971 0.01702431 0.02884451 0.06372352 0.03695821 0.00475408 0.01393270 0.03909011
42 0.26454296 0.01502940 0.01914780 0.01699210 0.04279869 0.08461639 0.02926650 0.04750119 0.01287210 0.01149760 0.01582770 0.03416059 0.01101370 0.00585869 0.02152780 0.28675096 0.04680769 0.00237293 0.00625923 0.02515600
43 0.02942123 0.02202292 0.02222992 0.00891201 0.00749815 0.01396071 0.01438401 0.01155391 0.04571824 0.03278753 0.07072656 0.01694641 0.01108501 0.18389816 0.00454858 0.03436613 0.01980942 0.02111132 0.39702735 0.03199243
44 0.03935795 0.00765728 0.00705352 0.00268749 0.00861718 0.00860641 0.00647521 0.00715426 0.00441612 0.20728827 0.28417137 0.01190452 0.06089868 0.05855328 0.00452320 0.01910852 0.03457034 0.00466963 0.01426852 0.20801827
45 0.03225810 0.02106200 0.03941400 0.01262270 0.00725573 0.01156130 0.02509600 0.01772780 0.09137600 0.03819520 0.04870750 0.03228950 0.02805710 0.28583900 0.00386657 0.02671080 0.02178000 0.01808490 0.19269200 0.04540380
46 0.03710071 0.01687170 0.01112000 0.00580661 0.00633913 0.01032410 0.01544450 0.01219800 0.00855524 0.14524903 0.34722007 0.01763940 0.08381722 0.06677891 0.00903141 0.02432540 0.02996651 0.00820552 0.02504750 0.11895902
47 0.08523832 0.06959402 0.04457791 0.07083902 0.01400200 0.14115004 0.10408903 0.04028791 0.02309291 0.02928471 0.03649761 0.11327903 0.01928001 0.01682490 0.02941801 0.06610612 0.03811031 0.00483912 0.01409550 0.03939351
48 0.13235688 0.01094099 0.01313999 0.00850806 0.01655958 0.01629409 0.01576039 0.02254478 0.01030899 0.18936283 0.10623990 0.01908138 0.03216647 0.02600768 0.01892738 0.06110324 0.05185615 0.00368225 0.01069319 0.23446578
49 0.18874922 0.02596693 0.01799022 0.00790652 0.02411363 0.01296881 0.00836704 0.12792515 0.00728380 0.01060381 0.01567152 0.00881152 0.00687552 0.00573379 0.00811160 0.30099935 0.19750923 0.00152769 0.00445545 0.01842922
50 0.05824482 0.02470231 0.07531853 0.28256710 0.00590411 0.06107992 0.26094609 0.05264092 0.02742181 0.01651471 0.01067920 0.04237701 0.00365499 0.00209209 0.00213503 0.03458381 0.02116011 0.00267226 0.00260767 0.01269750
51 0.04950592 0.00359870 0.00413838 0.00124305 0.01149691 0.01025951 0.00235609 0.00775464 0.00278006 0.29783915 0.15122107 0.00907255 0.03905532 0.02904261 0.00279384 0.01752911 0.04133792 0.00068367 0.00934433 0.30894715
52 0.05192349 0.06372769 0.03919360 0.12377999 0.00741854 0.04964929 0.29368997 0.02120310 0.07764869 0.01956230 0.02101580 0.06154239 0.00888280 0.02623230 0.00931876 0.04575299 0.02349730 0.00642781 0.02254840 0.02698480
53 0.05407259 0.01047480 0.01025640 0.00835459 0.01155680 0.01233620 0.01246600 0.01014550 0.00630028 0.24906194 0.17990596 0.01224180 0.05119479 0.04203619 0.00785084 0.02653559 0.04217159 0.00152612 0.01555810 0.23595395
54 0.15690508 0.03656372 0.16008509 0.06490144 0.01525631 0.03460472 0.05307183 0.08540475 0.04070682 0.02032071 0.02745011 0.04968953 0.01557661 0.01712211 0.02010991 0.09943525 0.05043303 0.00494816 0.01375971 0.03365512
55 0.27188421 0.02428882 0.02481682 0.02104802 0.02880232 0.02847972 0.03623223 0.09802808 0.01686671 0.04304863 0.03908963 0.02775642 0.01530351 0.01761831 0.02466712 0.15137312 0.05992705 0.00619201 0.01091821 0.05365904
56 0.04425257 0.00385511 0.00400891 0.00060530 0.01038649 0.00922776 0.00234579 0.00682094 0.00231687 0.28369381 0.19164087 0.00830529 0.04775617 0.03542798 0.00180840 0.01591839 0.03765798 0.00069314 0.00921641 0.28406181
57 0.17725010 0.03108942 0.03852672 0.02642432 0.02937772 0.02806222 0.02853442 0.06911354 0.01520611 0.02653672 0.03121392 0.03064772 0.01500481 0.01500941 0.02701812 0.24821715 0.09864136 0.00740781 0.01543351 0.04128492
58 0.07698365 0.01875609 0.02259248 0.01102849 0.01483379 0.01453289 0.01290929 0.01711849 0.00769552 0.17979887 0.11441992 0.02312808 0.03454718 0.03162668 0.01742229 0.06842545 0.09826093 0.00579668 0.01248039 0.21764285
59 0.03936462 0.01415601 0.00864756 0.00297347 0.00778841 0.00758694 0.00942773 0.00680435 0.00372198 0.21887114 0.28501918 0.00915130 0.10231506 0.03861192 0.00889231 0.02127571 0.03269412 0.00116493 0.00829315 0.17324011
60 0.05641871 0.13857502 0.04925931 0.04359351 0.00606858 0.07820171 0.07655591 0.02601380 0.02821760 0.02031220 0.03645641 0.22729504 0.01405080 0.02579390 0.02270490 0.04913181 0.04191381 0.00529055 0.01327980 0.04086661
61 0.04416841 0.02125650 0.02308860 0.00971261 0.00798045 0.01488310 0.01208780 0.01242730 0.02215770 0.10653501 0.18555503 0.02462330 0.08166491 0.13890902 0.01028370 0.03626661 0.06929531 0.03325420 0.04079041 0.10506001
62 0.05243351 0.14669102 0.04031921 0.01889380 0.00272965 0.16305603 0.09458612 0.01046010 0.02257360 0.00688260 0.01919030 0.29172605 0.00942759 0.01276050 0.01392010 0.03414851 0.03662271 0.00107313 0.00279216 0.01971330
63 0.05418058 0.01039210 0.01034260 0.00786158 0.01180210 0.01214000 0.01226840 0.01019340 0.00671716 0.24915992 0.17862294 0.01251900 0.05111428 0.04272049 0.00754046 0.02634679 0.04184769 0.00165651 0.01595910 0.23661493
64 0.06046118 0.03835139 0.21758392 0.09878636 0.01226150 0.03712099 0.05500328 0.06703237 0.04053608 0.02199359 0.02982869 0.06313228 0.02044169 0.02400369 0.02091879 0.08452307 0.04676578 0.00594349 0.02103359 0.03427829
65 0.05159832 0.07319583 0.11854905 0.04034932 0.00643166 0.04346682 0.03027341 0.02421131 0.02620461 0.03053121 0.08647534 0.14365307 0.02088101 0.02411501 0.03497342 0.07206513 0.09912285 0.00731198 0.01312771 0.05346292
66 0.06778345 0.05097494 0.04264763 0.13521311 0.00802901 0.06540925 0.30586725 0.02815942 0.03250023 0.02119132 0.02817772 0.06503155 0.00951875 0.01322701 0.01231261 0.04479604 0.02601762 0.00401075 0.01052821 0.02860412
67 0.05915848 0.02665249 0.07082877 0.27025389 0.00578032 0.06082888 0.27309889 0.04838108 0.02848089 0.01704709 0.01135940 0.04215028 0.00375490 0.00229470 0.00259172 0.03606669 0.02183209 0.00264427 0.00274288 0.01405229
68 0.35938496 0.00581220 0.01359400 0.00576618 0.04389500 0.02039980 0.01768330 0.09625879 0.00849312 0.01325300 0.01301630 0.01285700 0.00580337 0.00421361 0.01627120 0.26496097 0.06622699 0.00201220 0.00465523 0.02544280
69 0.10385100 0.04226180 0.03526050 0.02417860 0.01880750 0.02487930 0.02793370 0.04799110 0.01305700 0.06412610 0.06165240 0.03917530 0.02501610 0.02841450 0.02896230 0.15287700 0.16002300 0.01126800 0.01580030 0.07446450
70 0.04633709 0.00608199 0.00577465 0.00116298 0.01045370 0.00902241 0.00394490 0.00716933 0.00261387 0.27312993 0.19431395 0.00853400 0.05858969 0.03301399 0.00496594 0.01861810 0.03898009 0.00082130 0.00854017 0.26793194
71 0.04623210 0.23614401 0.04361840 0.02167130 0.00479837 0.10581201 0.04680100 0.01193410 0.02834680 0.00620420 0.01642840 0.27797002 0.00905145 0.00988980 0.01569130 0.05243170 0.04501460 0.00115417 0.00297255 0.01783370
72 0.05677628 0.02356079 0.08671417 0.26582091 0.00720325 0.08224737 0.16788694 0.04785308 0.03079639 0.01851779 0.01252470 0.04850148 0.01643099 0.00467215 0.00818366 0.06769208 0.03072049 0.00320719 0.00394720 0.01674309
73 0.06807373 0.05033712 0.04303262 0.13506107 0.00807620 0.06587473 0.30465915 0.02814591 0.03242962 0.02151101 0.02827991 0.06489783 0.00965953 0.01367441 0.01240991 0.04486352 0.02621331 0.00376918 0.01054591 0.02848531
74 0.04531589 0.24547597 0.02104970 0.02124260 0.01082080 0.02500590 0.19361097 0.01652060 0.03196410 0.01598970 0.01604300 0.09108149 0.01074180 0.01458950 0.10945699 0.06104739 0.02468990 0.00376923 0.01530520 0.02627930
75 0.03186651 0.00781862 0.01355540 0.00749411 0.00811509 0.00820424 0.00860842 0.01079990 0.01760381 0.15550805 0.17530606 0.01043240 0.04034761 0.22816408 0.00284172 0.01715451 0.03023741 0.00306625 0.09544573 0.12743004
76 0.26981523 0.02456062 0.02488162 0.02225602 0.02860132 0.02866742 0.03673573 0.09720468 0.01639471 0.04382704 0.03951503 0.02767092 0.01560001 0.01665711 0.02478472 0.15186613 0.05985905 0.00641277 0.01032231 0.05436755
77 0.06977402 0.02185821 0.02527241 0.01363350 0.00967864 0.01656981 0.01789191 0.03055431 0.01249110 0.10806004 0.25009209 0.02208371 0.06493572 0.04517572 0.01990251 0.09427513 0.05320922 0.00758972 0.02064941 0.09630283
78 0.08298176 0.03745068 0.04119108 0.11893095 0.00796118 0.12716494 0.24336589 0.02257559 0.02777339 0.01544259 0.01987029 0.09606306 0.00805206 0.00619650 0.01209309 0.07596587 0.02770569 0.00231717 0.00438164 0.02251659
79 0.35342021 0.00587211 0.01338331 0.00394303 0.03696262 0.01473991 0.01669081 0.10167406 0.00725607 0.01411401 0.01450851 0.00971736 0.00590648 0.00488207 0.01335441 0.25081815 0.09698186 0.00218452 0.00522977 0.02836072
80 0.35786897 0.00469963 0.00993027 0.00255405 0.06982479 0.02324820 0.01225840 0.06937779 0.00500279 0.01271420 0.00809938 0.01370540 0.00499322 0.00207907 0.01882290 0.30282997 0.05699379 0.00113812 0.00328556 0.02057350
81 0.04941231 0.09366932 0.04256181 0.06553502 0.00352487 0.10150403 0.18033005 0.01978480 0.02669121 0.00999915 0.01863870 0.23569106 0.00752301 0.02314291 0.01529650 0.03604721 0.02989101 0.00247028 0.00980264 0.02848411
82 0.08384162 0.03275767 0.03382897 0.01099279 0.02066428 0.01315729 0.01592558 0.02320958 0.00643995 0.13853486 0.07332133 0.01490289 0.03642186 0.01900758 0.02551857 0.16605383 0.15939284 0.00303631 0.00793732 0.11505488
83 0.02255028 0.01586159 0.01229649 0.00785611 0.00645555 0.01007299 0.00915764 0.00846309 0.03057188 0.04034457 0.15707388 0.01698949 0.01872329 0.25116881 0.00268392 0.01673039 0.02446248 0.02528828 0.28195479 0.04129447
84 0.06084255 0.11898589 0.04279396 0.03484207 0.00472347 0.17649484 0.10506191 0.01616809 0.02199858 0.00988227 0.02334778 0.24509678 0.01116459 0.01181279 0.01676398 0.03906496 0.03328637 0.00172427 0.00436638 0.02157848
85 0.06159808 0.03068469 0.05846108 0.24503490 0.00509847 0.05965128 0.31148888 0.03717579 0.03126219 0.01749429 0.01281750 0.03898818 0.00315388 0.00254904 0.00271319 0.03771749 0.02238549 0.00220159 0.00244102 0.01708299
86 0.03984249 0.00765912 0.00746703 0.00261058 0.00867275 0.00863790 0.00652863 0.00726345 0.00445071 0.20674795 0.28460294 0.01161790 0.06120199 0.05817249 0.00452113 0.01906420 0.03445829 0.00480352 0.01428800 0.20738895
87 0.04932602 0.00280008 0.00356723 0.00095654 0.01169630 0.01027430 0.00175931 0.00756772 0.00268657 0.30301512 0.14629006 0.00880397 0.03748881 0.02750081 0.00212042 0.01639791 0.04110972 0.00066668 0.00910729 0.31686512
88 0.05453024 0.20014979 0.04173456 0.02365578 0.01886208 0.03802746 0.05363504 0.03367276 0.02445827 0.01951708 0.02300388 0.10059190 0.01370799 0.01513348 0.03959886 0.15179784 0.09662810 0.00981603 0.01164309 0.02983577
89 0.17736901 0.03082640 0.03831330 0.02601020 0.03023140 0.02840230 0.02871250 0.06939340 0.01487860 0.02724010 0.03136410 0.03061220 0.01493240 0.01436960 0.02734850 0.24713602 0.09885601 0.00753533 0.01449830 0.04197030
90 0.03879394 0.01599672 0.15232215 0.30120330 0.00985356 0.05946176 0.12016212 0.08770609 0.02510612 0.01466971 0.00819962 0.05219545 0.01432041 0.00536489 0.00684768 0.04242914 0.02408822 0.00424996 0.00487585 0.01215331
91 0.06150852 0.01369361 0.01447891 0.01021680 0.01236630 0.01492461 0.01490271 0.01356701 0.00928365 0.22369809 0.14530106 0.02169511 0.03856302 0.03815092 0.01126660 0.03666101 0.04499082 0.00366185 0.01484631 0.25622310
92 0.03794351 0.01631851 0.01056470 0.00567386 0.00645954 0.01021730 0.01519531 0.01305410 0.00859086 0.14515105 0.34569013 0.01696251 0.08322973 0.06743292 0.00888260 0.02457701 0.03007021 0.00838477 0.02578931 0.11981204
93 0.05638622 0.13680706 0.04941312 0.04439362 0.00588658 0.07748433 0.07605023 0.02632671 0.02816291 0.01993071 0.03506082 0.22737110 0.01414261 0.02570121 0.02377481 0.05079842 0.04211562 0.00544549 0.01324121 0.04150722
94 0.04510110 0.00333571 0.00366565 0.00049913 0.01066470 0.00942659 0.00194495 0.00688287 0.00217430 0.29086100 0.18086500 0.00806778 0.04522740 0.03320700 0.00155881 0.01552090 0.03834580 0.00062416 0.00906814 0.29295900
95 0.06106762 0.03889051 0.21629107 0.09769693 0.01262850 0.03640741 0.05591462 0.06814262 0.04030131 0.02198801 0.02985111 0.06329932 0.02049511 0.02416361 0.02064501 0.08569443 0.04628762 0.00582596 0.02016311 0.03424611
96 0.05612308 0.13611894 0.05047628 0.04508958 0.00607294 0.07690207 0.07633777 0.02502739 0.02829899 0.02037699 0.03566738 0.22640990 0.01434939 0.02598969 0.02442639 0.05039308 0.04195118 0.00552759 0.01328749 0.04117388
97 0.04512046 0.00333546 0.00357838 0.00045169 0.01068739 0.00945848 0.00185502 0.00687224 0.00215075 0.29153472 0.17985683 0.00799674 0.04487596 0.03297257 0.00152017 0.01553668 0.03844366 0.00065160 0.00903150 0.29406971
98 0.03674288 0.01677109 0.01099449 0.00581007 0.00634654 0.01022159 0.01539649 0.01247889 0.00858068 0.14527792 0.34749981 0.01720349 0.08461565 0.06620096 0.00870726 0.02451509 0.02991098 0.00851401 0.02599119 0.11822093
99 0.05353127 0.02513649 0.35516383 0.04963598 0.01172509 0.01833199 0.01809149 0.04573608 0.04287498 0.01228959 0.01866359 0.05301127 0.02025459 0.01171799 0.01603299 0.14710293 0.05557937 0.00332359 0.01065629 0.03114058
100 0.03709282 0.10221806 0.03012912 0.01655791 0.00258553 0.05762753 0.14317908 0.01079931 0.04172002 0.00834919 0.01844721 0.29954218 0.01255611 0.08117845 0.01524261 0.02866732 0.02969262 0.00617589 0.02315411 0.03508492
101 0.06775121 0.05163740 0.04273980 0.13620301 0.00810243 0.06590271 0.30447202 0.02760130 0.03222460 0.02134740 0.02823220 0.06552231 0.00939560 0.01317940 0.01201750 0.04495960 0.02630370 0.00402099 0.01011280 0.02827400
102 0.05366650 0.14108399 0.04982000 0.03142440 0.00570343 0.06825749 0.05281560 0.01881300 0.02431190 0.01940590 0.03007820 0.24574698 0.01329050 0.02113890 0.02635570 0.05751579 0.08467609 0.00550013 0.00794823 0.04244730
103 0.03728509 0.01647080 0.01089500 0.00559391 0.00633826 0.01051350 0.01565990 0.01211440 0.00835465 0.14613897 0.34597392 0.01744470 0.08405388 0.06696488 0.00838305 0.02448949 0.03006469 0.00813666 0.02596229 0.11916197
104 0.28948202 0.01948350 0.02238950 0.01025310 0.06041620 0.01737610 0.01331920 0.14900201 0.00915321 0.01015020 0.01303210 0.01138280 0.00577256 0.00458512 0.01408580 0.25230302 0.07438390 0.00150813 0.00394042 0.01798110
105 0.24402508 0.02460081 0.02918491 0.07655172 0.01832631 0.04626311 0.17472905 0.05416162 0.01911001 0.02209971 0.01821951 0.03931891 0.01042500 0.00760729 0.01985981 0.10451203 0.05081372 0.00329168 0.00504262 0.03185711
106 0.06186000 0.03084650 0.05815500 0.24520200 0.00520023 0.05979610 0.31205101 0.03686180 0.03119930 0.01767830 0.01283600 0.03833900 0.00310634 0.00241142 0.00262528 0.03783050 0.02223780 0.00221623 0.00250328 0.01704390
107 0.05505561 0.01108900 0.01037260 0.00843928 0.01174080 0.01212720 0.01262390 0.01033820 0.00692984 0.24892002 0.17671502 0.01274850 0.05010861 0.04306300 0.00778011 0.02643640 0.04197540 0.00171837 0.01606810 0.23575002
108 0.06325657 0.04944068 0.02239719 0.01623879 0.01300489 0.01426979 0.02067499 0.01292029 0.02690359 0.01192490 0.07562627 0.02481629 0.02507599 0.10100996 0.00895331 0.06328647 0.05686318 0.29812988 0.06575047 0.02945649
109 0.05068871 0.00358414 0.00484128 0.00100184 0.01176900 0.01023820 0.00174899 0.00763717 0.00253304 0.30101805 0.14004602 0.00903088 0.03664611 0.02647660 0.00318090 0.01880490 0.04655411 0.00074457 0.00876742 0.31468805
110 0.05094371 0.02732361 0.02531071 0.01605710 0.01027820 0.02009161 0.01825820 0.01691440 0.01419400 0.13601003 0.25014906 0.02280681 0.11348203 0.04700011 0.01792490 0.04076021 0.04182781 0.00874145 0.01549500 0.10643103
111 0.03442978 0.02122789 0.01818699 0.00543225 0.00584529 0.00896219 0.01327359 0.00992115 0.00565553 0.13978294 0.35021785 0.01214929 0.12588494 0.04491428 0.01527269 0.04960288 0.03846958 0.00451134 0.00923589 0.08702366
112 0.02323970 0.01546780 0.00621520 0.00080648 0.00360668 0.00394291 0.01128410 0.00497118 0.00248184 0.17837300 0.40297999 0.00873609 0.13058400 0.04747290 0.00524974 0.01656020 0.02074910 0.00086922 0.00734487 0.10906500
113 0.17770002 0.03069260 0.03928981 0.02644120 0.02959510 0.02747270 0.02910930 0.07049931 0.01509670 0.02734460 0.03082380 0.03028970 0.01487580 0.01492560 0.02700090 0.24645703 0.09869271 0.00712887 0.01458180 0.04198241
114 0.08519639 0.06927039 0.04580169 0.07142679 0.01442740 0.14182198 0.10428199 0.04106080 0.02309970 0.02970610 0.03536640 0.11374199 0.01894560 0.01684230 0.02778180 0.06439799 0.03772910 0.00443452 0.01414500 0.04052210
115 0.06199052 0.01411870 0.01410650 0.00960306 0.01224350 0.01463160 0.01440630 0.01355010 0.00903674 0.22434007 0.14458504 0.02228101 0.03882151 0.03771251 0.01118250 0.03656011 0.04542601 0.00362210 0.01490100 0.25688108
116 0.05577421 0.16344902 0.03787830 0.05179051 0.10337301 0.03628170 0.18223802 0.03122490 0.02991070 0.02883530 0.01875970 0.04531271 0.01506760 0.01230250 0.03315420 0.06287191 0.03670380 0.00730257 0.01429780 0.03347150
117 0.08492996 0.06933367 0.04474618 0.07234217 0.01380409 0.14086694 0.10397995 0.04096998 0.02309409 0.02949909 0.03618738 0.11336295 0.01905179 0.01736589 0.02907389 0.06439437 0.03730998 0.00448744 0.01533769 0.03986248
118 0.13842605 0.02325511 0.03654271 0.01843761 0.01496951 0.01955251 0.01392411 0.25724109 0.01973701 0.03542681 0.04290262 0.01732751 0.05470932 0.01856001 0.01837951 0.10784504 0.11036604 0.00564784 0.00661200 0.04013761
119 0.03691600 0.01646330 0.01091780 0.00588916 0.00636317 0.01019870 0.01557310 0.01238890 0.00842848 0.14497500 0.34776799 0.01737150 0.08412200 0.06735540 0.00875428 0.02443120 0.03015900 0.00809713 0.02499590 0.11883200
120 0.27182277 0.02432828 0.02520878 0.02095708 0.02869418 0.02767258 0.03520467 0.09735112 0.01637829 0.04478966 0.03972347 0.02664538 0.01580109 0.01737449 0.02489238 0.15156287 0.06028425 0.00608322 0.01054249 0.05468295
121 0.27213687 0.02396909 0.02429859 0.02124989 0.02845399 0.02837899 0.03546718 0.09855655 0.01661219 0.04390058 0.03903548 0.02747369 0.01561459 0.01700739 0.02487329 0.15160593 0.05990327 0.00619069 0.01101649 0.05425527
122 0.10362494 0.03707818 0.05481517 0.08773005 0.01332739 0.06813826 0.04634067 0.37109978 0.02248429 0.00839874 0.01715149 0.03480468 0.00795180 0.01147479 0.01309399 0.05747617 0.02407329 0.00218900 0.00491865 0.01382869
123 0.05561499 0.08077479 0.04305400 0.01564130 0.01510310 0.01591340 0.02668280 0.01627600 0.01049690 0.15046999 0.09655519 0.03562410 0.04919790 0.02460390 0.02419850 0.09616009 0.13708899 0.00414947 0.00752872 0.09486589
124 0.04520309 0.00878497 0.00961897 0.00230584 0.01003900 0.00930132 0.00453637 0.00778087 0.00334384 0.25820497 0.20116197 0.00955568 0.05407949 0.03973039 0.00541365 0.02440550 0.04939929 0.00143832 0.01037050 0.24532597
125 0.04614707 0.00470247 0.00576654 0.00233628 0.01059839 0.01006379 0.00366586 0.00775736 0.00397260 0.25877684 0.19821788 0.01056949 0.04461857 0.04050328 0.00339325 0.01917979 0.03969738 0.00286004 0.01160929 0.27556383
126 0.04194341 0.02274531 0.11406104 0.21280807 0.01581621 0.06136142 0.04910862 0.02916161 0.03910191 0.03245321 0.03109541 0.03682821 0.08890783 0.02134171 0.02153831 0.06948682 0.05993632 0.00839939 0.00844819 0.03545701
127 0.13087997 0.04121739 0.03544269 0.03649789 0.02793289 0.02718129 0.02260929 0.03525539 0.00821477 0.02300969 0.02805089 0.04607139 0.02002569 0.00936391 0.18644495 0.19564495 0.05985078 0.00366142 0.00604586 0.05659889
128 0.06139229 0.03825649 0.21598396 0.09814598 0.01261050 0.03684719 0.05534009 0.06749429 0.04071379 0.02227740 0.02981219 0.06374139 0.02113730 0.02336600 0.02074070 0.08520848 0.04680319 0.00580029 0.01989400 0.03443449
129 0.03140662 0.01063001 0.00616871 0.00124920 0.00629561 0.00619965 0.00878772 0.00606759 0.00309654 0.20654813 0.33643822 0.00957006 0.09040936 0.05419683 0.00406681 0.01702241 0.02647042 0.00111884 0.00998016 0.16427711
130 0.08188745 0.01229451 0.01433611 0.00596099 0.03915682 0.01420331 0.01244901 0.01502421 0.00748150 0.21731713 0.11810007 0.01304491 0.03570362 0.02828312 0.01475941 0.04691153 0.05043713 0.00324009 0.01213391 0.25727516
131 0.05974643 0.25596911 0.03627422 0.02608101 0.01367201 0.05438602 0.06035443 0.02732461 0.03028571 0.02036091 0.03567902 0.14965506 0.01828011 0.01909241 0.03758702 0.05377962 0.04393802 0.00969167 0.01792911 0.02991351
132 0.03999522 0.00762289 0.00732656 0.00286761 0.00863170 0.00869135 0.00690305 0.00732968 0.00462245 0.20584809 0.28569113 0.01185091 0.06095893 0.05822883 0.00456311 0.01907581 0.03425832 0.00476405 0.01415321 0.20661709
133 0.05179509 0.02701770 0.09412829 0.26774897 0.00808894 0.05813319 0.16422198 0.07112449 0.02702180 0.01807970 0.01511500 0.05199159 0.01137940 0.01103460 0.01267020 0.04852350 0.02823490 0.00449679 0.00821657 0.02097730
134 0.08425326 0.01569839 0.01496639 0.00610705 0.00968243 0.01222929 0.00782057 0.01077849 0.01884469 0.04489458 0.25450987 0.02380709 0.02904749 0.09222245 0.00869235 0.02917059 0.06877247 0.07967556 0.05404207 0.13478493
135 0.10337308 0.01735411 0.02584872 0.01633061 0.00968914 0.01741761 0.01870771 0.17190913 0.02011972 0.07660966 0.20769916 0.02137902 0.04131133 0.04048683 0.01367381 0.06073205 0.04132123 0.00554591 0.01701481 0.07347636
136 0.02914379 0.02178839 0.02202999 0.00960634 0.00719531 0.01391189 0.01494679 0.01173109 0.04567588 0.03303438 0.07007357 0.01656599 0.01113469 0.18383691 0.00445723 0.03493698 0.01997859 0.02067179 0.39717281 0.03210758
137 0.03771702 0.01667611 0.01126800 0.00571336 0.00637029 0.01061940 0.01504001 0.01244391 0.00846459 0.14496806 0.34654415 0.01758411 0.08358214 0.06682583 0.00876501 0.02475021 0.03012771 0.00834273 0.02526131 0.11893605
138 0.03580657 0.01714489 0.02101779 0.01212379 0.00786262 0.01168329 0.01574739 0.02020549 0.03119128 0.07288995 0.12514991 0.02475238 0.02855478 0.27321881 0.00546747 0.02502298 0.03163048 0.02004659 0.15434589 0.06613765
139 0.11756001 0.01591070 0.03964340 0.04099470 0.00974332 0.01958230 0.01961370 0.50905404 0.02477990 0.00961207 0.01835140 0.01716460 0.00699180 0.01299340 0.00929930 0.07599801 0.03140290 0.00173838 0.00550486 0.01406120
140 0.03969207 0.00656533 0.00858612 0.00343851 0.00920795 0.00919318 0.00505169 0.00830563 0.00814548 0.23259782 0.20075584 0.00962974 0.04808886 0.10936491 0.00247196 0.01779979 0.03491947 0.00135133 0.03492547 0.20990883
141 0.22624796 0.02657509 0.02129410 0.01417160 0.03450449 0.01677670 0.03584679 0.02434050 0.00780944 0.07969548 0.03394039 0.01465890 0.08200818 0.00830075 0.14545997 0.08081548 0.06214479 0.00584276 0.00345214 0.07611449
142 0.06192459 0.01383070 0.01387350 0.01000660 0.01226970 0.01517100 0.01509360 0.01372810 0.00879319 0.22468495 0.14519297 0.02236120 0.03851689 0.03698659 0.01101090 0.03649439 0.04532079 0.00358063 0.01419780 0.25696194
143 0.11745994 0.01670969 0.03934328 0.04147098 0.00976029 0.01943559 0.01927999 0.50927776 0.02486439 0.00993872 0.01863549 0.01735909 0.00710668 0.01272439 0.00915334 0.07503676 0.03113139 0.00170344 0.00518000 0.01442879
144 0.27287203 0.02685110 0.02764160 0.01765530 0.04075750 0.04498290 0.02980240 0.05001931 0.01495190 0.01426190 0.01592590 0.06908641 0.00811129 0.00805491 0.02625820 0.24415903 0.04705401 0.00337222 0.00573557 0.03244650
145 0.33954321 0.00588069 0.01735831 0.00718809 0.03122512 0.01318291 0.01235081 0.19131912 0.01203511 0.00768474 0.01538101 0.00878411 0.00461335 0.00579733 0.01030481 0.22727914 0.06793594 0.00122484 0.00320083 0.01771051
146 0.03888363 0.00560006 0.00466534 0.00065170 0.00896275 0.00803503 0.00409727 0.00629603 0.00240494 0.25249021 0.25115421 0.00863089 0.06080685 0.04592814 0.00226197 0.01602241 0.03284883 0.00089987 0.00942867 0.23993120
147 0.32313112 0.00704988 0.01467851 0.00689793 0.04642472 0.02597021 0.01438301 0.07693373 0.00756509 0.01237160 0.01259390 0.01569571 0.00603053 0.00414716 0.01738211 0.31052512 0.06439842 0.00224496 0.00573457 0.02584171
148 0.09408069 0.03012320 0.05208859 0.12052799 0.01608900 0.04237760 0.16062298 0.07807489 0.02396740 0.07126039 0.05543229 0.03999800 0.02255150 0.02103130 0.02149570 0.05751969 0.03575900 0.00450881 0.01144430 0.04104670
149 0.03782184 0.00763353 0.00507561 0.00079974 0.00818774 0.00773735 0.00526874 0.00639430 0.00261738 0.24980023 0.26191224 0.00863118 0.07128947 0.04256534 0.00275540 0.01658352 0.03205963 0.00076690 0.00899666 0.22310321
150 0.02427379 0.01571059 0.00627409 0.00080612 0.00379795 0.00415669 0.01098840 0.00506163 0.00252175 0.18260393 0.39260885 0.00863413 0.12969895 0.04619278 0.00524320 0.01667469 0.02166279 0.00091057 0.00742915 0.11474996
151 0.05000881 0.03849110 0.02680130 0.01962530 0.00809465 0.03144470 0.01766910 0.02241160 0.00820551 0.04560201 0.15058502 0.03702670 0.04297040 0.02302690 0.28771203 0.06200511 0.05839871 0.00537413 0.01291510 0.05163181
152 0.05920676 0.25754182 0.03570488 0.02727408 0.01323749 0.05463346 0.06213456 0.02751638 0.03066038 0.01989759 0.03531428 0.14859190 0.01805879 0.01940829 0.03711117 0.05348416 0.04281367 0.01024009 0.01769899 0.02947128
153 0.07260319 0.06044199 0.02861380 0.01859550 0.01152640 0.03759699 0.02103710 0.02932620 0.00741813 0.01962260 0.03077620 0.03737469 0.01571860 0.00878700 0.43833593 0.06644359 0.05673089 0.00317691 0.00569031 0.03018400
154 0.03683852 0.01638161 0.02103971 0.01164571 0.00805785 0.01151541 0.01579071 0.01922681 0.03147602 0.07420355 0.12581008 0.02450632 0.02925422 0.27254518 0.00546430 0.02462172 0.03115072 0.02015501 0.15282010 0.06749644
155 0.30870527 0.00610188 0.02052492 0.00858761 0.02194512 0.01157541 0.01050931 0.29283525 0.01641161 0.00550347 0.01667161 0.00673073 0.00489215 0.00796444 0.00665486 0.17682515 0.06138465 0.00104661 0.00239564 0.01273431
156 0.06014197 0.03903418 0.21908189 0.09898595 0.01218989 0.03665868 0.05553277 0.06688107 0.04001738 0.02190069 0.03011988 0.06403377 0.01971409 0.02346659 0.02060479 0.08468476 0.04622398 0.00579771 0.02108319 0.03384678
157 0.02671711 0.01203191 0.00674456 0.00104290 0.00484668 0.00510423 0.00945888 0.00517839 0.00305614 0.17933008 0.37908717 0.00997991 0.10775805 0.05648483 0.00465615 0.01638371 0.02377361 0.00257456 0.00967304 0.13611806
158 0.02101729 0.00816904 0.02091429 0.02504309 0.00710744 0.00846142 0.01188800 0.01668470 0.03332379 0.04295249 0.05088679 0.01322980 0.00935187 0.38281790 0.00213752 0.01727870 0.02328709 0.00885436 0.27011393 0.02648049
159 0.04859034 0.00206054 0.00277573 0.00040576 0.01161249 0.01014189 0.00091119 0.00733832 0.00219228 0.30966663 0.14415983 0.00819456 0.03657256 0.02620297 0.00130696 0.01516568 0.04089495 0.00053366 0.00873506 0.32253862
160 0.04854526 0.14119588 0.07296114 0.04422356 0.00326073 0.13743988 0.08669322 0.01833878 0.02353098 0.00660984 0.01630879 0.26968076 0.00832683 0.01138909 0.01295089 0.03869087 0.03876857 0.00121365 0.00320781 0.01666349
161 0.02942489 0.02145069 0.02252639 0.00909374 0.00749320 0.01371280 0.01456189 0.01173550 0.04550198 0.03322489 0.07086197 0.01688349 0.01119400 0.18649093 0.00468552 0.03451849 0.02016939 0.02056449 0.39382186 0.03208389
162 0.02896299 0.02178199 0.02210599 0.00924589 0.00718632 0.01382729 0.01492729 0.01154090 0.04552948 0.03277819 0.07078027 0.01699289 0.01123700 0.18501593 0.00434467 0.03454499 0.01960629 0.02070639 0.39718185 0.03170339
163 0.10747594 0.01909049 0.08721305 0.19966789 0.00865386 0.04577978 0.09986425 0.22606388 0.01779379 0.00888344 0.01131989 0.03967978 0.00542564 0.00810902 0.01301789 0.06144757 0.01985409 0.00298406 0.00470472 0.01297099
164 0.04875812 0.00238103 0.00312590 0.00052220 0.01155001 0.01012960 0.00105501 0.00730208 0.00224272 0.30754814 0.14711507 0.00817610 0.03756012 0.02693691 0.00161438 0.01550561 0.04088942 0.00056881 0.00882061 0.31819814
165 0.05980477 0.02708978 0.06978336 0.26798685 0.00567864 0.06081317 0.27484785 0.04801557 0.02873278 0.01712479 0.01149469 0.04215968 0.00370943 0.00235660 0.00261805 0.03613668 0.02212299 0.00254264 0.00266010 0.01432159
166 0.03755056 0.00860370 0.00590471 0.00112492 0.00805662 0.00758324 0.00631977 0.00653562 0.00305801 0.23931673 0.27148470 0.00915238 0.07367632 0.04584905 0.00337748 0.01756228 0.03213176 0.00096450 0.01013989 0.21160776
167 0.20603785 0.01360429 0.03131988 0.02109748 0.01988049 0.01459519 0.01151959 0.31476476 0.01691669 0.00721416 0.01645239 0.01229469 0.00615307 0.00787933 0.01000869 0.20123885 0.06771375 0.00160319 0.00414598 0.01555969
168 0.06315259 0.03005930 0.13519399 0.03754420 0.01315140 0.02074280 0.03009910 0.02667390 0.03787940 0.07163739 0.07517739 0.04418290 0.03333410 0.04039250 0.02713160 0.08295029 0.06029159 0.00631651 0.02179710 0.14229198
169 0.08441491 0.07010821 0.04517091 0.07207671 0.01379470 0.14187802 0.10487202 0.04047791 0.02306000 0.02969250 0.03590771 0.11308202 0.01942070 0.01683610 0.02784800 0.06450431 0.03786251 0.00471965 0.01432090 0.03995221
170 0.02940131 0.02560241 0.01011610 0.00521799 0.00634286 0.01494340 0.01391890 0.00792151 0.02770391 0.06128932 0.25556708 0.02467631 0.04029391 0.11876704 0.00586921 0.01937111 0.02756381 0.03523691 0.20270107 0.06749582
171 0.05985140 0.25720602 0.03639180 0.02632400 0.01359190 0.05459440 0.06116850 0.02723450 0.03050790 0.02022900 0.03436810 0.14903201 0.01806120 0.01895840 0.03874890 0.05365090 0.04285810 0.00970464 0.01758860 0.02992970
172 0.03862794 0.00556661 0.00471174 0.00063792 0.00884551 0.00780016 0.00414623 0.00625707 0.00240586 0.25169624 0.25337124 0.00861109 0.06127966 0.04631704 0.00225352 0.01585322 0.03266803 0.00092571 0.00938699 0.23863823
173 0.05148482 0.02625441 0.09419103 0.26680608 0.00787418 0.05796222 0.16480105 0.07250562 0.02679091 0.01817491 0.01510220 0.05140312 0.01138840 0.01155940 0.01304190 0.04860202 0.02830961 0.00434721 0.00803960 0.02136131
174 0.06742105 0.05098313 0.04293953 0.13510609 0.00791974 0.06566964 0.30574421 0.02798422 0.03233732 0.02148131 0.02821632 0.06546524 0.00954777 0.01287811 0.01240031 0.04463823 0.02625212 0.00425803 0.01001351 0.02874412
175 0.05214491 0.02621811 0.09484232 0.26805407 0.00831701 0.05768181 0.16301404 0.07195682 0.02684291 0.01783090 0.01490650 0.05162711 0.01146550 0.01148570 0.01299050 0.04912311 0.02820041 0.00445128 0.00805015 0.02079681
176 0.06399627 0.03512874 0.05483696 0.13921914 0.00811449 0.02429803 0.03664114 0.03494264 0.01127891 0.01699832 0.03277633 0.07672648 0.01593112 0.01245631 0.16401517 0.12529613 0.05058635 0.00326152 0.00604457 0.08745139
177 0.06257827 0.01414669 0.01432239 0.01036399 0.01237359 0.01502019 0.01603369 0.01376269 0.00913805 0.22249088 0.14449392 0.02202639 0.03854058 0.03740868 0.01117169 0.03741938 0.04559088 0.00372809 0.01449109 0.25489886
178 0.22445406 0.01567560 0.01612990 0.00586783 0.08342762 0.01950130 0.02047191 0.03449791 0.00952760 0.09721882 0.05063431 0.01412460 0.02738961 0.01302390 0.03544331 0.12822003 0.06017432 0.00348064 0.00757568 0.13316103
179 0.06342300 0.02691350 0.03916370 0.12048100 0.00432180 0.13115400 0.35947001 0.01681670 0.02647020 0.01496610 0.01945280 0.08383480 0.00391058 0.00430883 0.00575355 0.03245990 0.01678850 0.00142234 0.00323487 0.02565380
