1 0.04469908 0.00409547 0.00523421 0.00138251 0.01133929 0.00630081 0.00361848 0.00535039 0.00203135 0.27309187 0.21037290 0.00372567 0.05146958 0.03677918 0.00574628 0.01285119 0.03847208 0.00192841 0.01060639 0.27090487
2 0.07410741 0.04802660 0.02006570 0.01310630 0.00693895 0.03902430 0.03297310 0.05546720 0.01273280 0.01998900 0.03586410 0.02216440 0.01551710 0.01116860 0.42146004 0.07809091 0.05794461 0.00368636 0.00575630 0.02591620
3 0.07191669 0.01453500 0.06704629 0.12369998 0.00450334 0.03080340 0.05776609 0.43422394 0.01804630 0.00602190 0.01912300 0.04018689 0.00620995 0.01166050 0.00742065 0.05666529 0.01367890 0.00141911 0.00391589 0.01115690
4 0.06579427 0.01500429 0.01418889 0.00892822 0.01287809 0.01265369 0.01485389 0.01569149 0.00977003 0.22050391 0.15497193 0.01783879 0.04351968 0.03641388 0.01067370 0.03362009 0.04696418 0.00439637 0.01373969 0.24759490
5 0.22328880 0.07743363 0.03129167 0.02965187 0.01019589 0.06594344 0.05254795 0.03337817 0.03168117 0.03636167 0.02881237 0.12548889 0.01544459 0.01849378 0.02895457 0.08229743 0.04658286 0.00617130 0.00969537 0.04628456
6 0.07511973 0.03536322 0.06111673 0.15657807 0.01019090 0.05280812 0.11279005 0.02915341 0.02788011 0.07416123 0.04061252 0.05248602 0.02208501 0.02245511 0.01255981 0.06364243 0.07586733 0.00850654 0.01871131 0.04791232
7 0.16047089 0.04187317 0.03865767 0.02859308 0.02571028 0.02615578 0.03610528 0.07736275 0.01821349 0.02488458 0.03761337 0.03269438 0.01695459 0.01500659 0.03090478 0.23334684 0.09259034 0.00646247 0.01509759 0.04130207
8 0.03544421 0.01296031 0.00721893 0.00281921 0.00881350 0.00705346 0.00582007 0.00458951 0.00253980 0.24140410 0.26339011 0.00590415 0.08378804 0.03774972 0.00985412 0.01775491 0.03398031 0.00262483 0.01114260 0.20514809
9 0.05044516 0.06972005 0.04814447 0.11837292 0.00508025 0.07826244 0.25349582 0.02642878 0.02266178 0.01604809 0.01749439 0.15309589 0.00868721 0.01168869 0.01270359 0.03824797 0.02945008 0.00235324 0.01383709 0.02378208
10 0.01893701 0.01188921 0.01000211 0.00501189 0.00589061 0.00774396 0.00802143 0.00762809 0.04479542 0.02570431 0.04628552 0.00955892 0.00846298 0.31132317 0.00206029 0.01998371 0.02839352 0.01405411 0.39397421 0.02027951
11 0.03262140 0.05350140 0.02725570 0.01875650 0.01333560 0.02343390 0.02852190 0.00835200 0.05403440 0.04638500 0.07876900 0.07088310 0.01341450 0.18901501 0.00658815 0.01497270 0.01993640 0.04025360 0.22741001 0.03255970
12 0.03438279 0.02253759 0.01802989 0.01028320 0.00893083 0.01504759 0.01798029 0.02168069 0.03337699 0.07013237 0.13950995 0.02175689 0.02862309 0.23973691 0.00744595 0.02536969 0.03133649 0.01786899 0.16953594 0.06643387
13 0.03302571 0.04115331 0.12815104 0.24052707 0.00720324 0.05441712 0.13028904 0.07084912 0.02643991 0.01257850 0.01537570 0.11391303 0.00612285 0.00569202 0.01024930 0.04971781 0.02662001 0.00158673 0.00855318 0.01753530
14 0.04171572 0.03033202 0.08820845 0.26122215 0.00570826 0.05671683 0.20129511 0.05162713 0.02234691 0.01503791 0.01474911 0.09858736 0.00736692 0.00388181 0.00841895 0.04364882 0.02632771 0.00131212 0.00726348 0.01423321
15 0.06285071 0.23475702 0.03729210 0.02418830 0.02179710 0.05860571 0.04946360 0.02313590 0.03223770 0.02408130 0.03103430 0.15098302 0.02525280 0.02472800 0.03020180 0.06902991 0.04070180 0.01120900 0.01805520 0.03039470
16 0.08592027 0.02422199 0.03825759 0.03357129 0.01727089 0.02596679 0.02503309 0.39233985 0.02286049 0.02383379 0.04460798 0.02092769 0.04667978 0.02067579 0.01864389 0.07124217 0.03413989 0.00473706 0.00706831 0.04200138
17 0.04872466 0.00327039 0.00487550 0.00128607 0.01184309 0.00741230 0.00363210 0.00585999 0.00221138 0.30008973 0.16909385 0.00400708 0.04281426 0.02519818 0.00530110 0.01106689 0.04141896 0.00175667 0.00868210 0.30145573
18 0.07390549 0.17040997 0.03501989 0.02767030 0.01708340 0.09601868 0.03648919 0.09014329 0.02525450 0.02189460 0.01953290 0.11234998 0.05901159 0.01704090 0.04938109 0.06549539 0.04285809 0.00632296 0.01033870 0.02377910
19 0.06351470 0.03216920 0.03989690 0.12082399 0.00321382 0.12398699 0.32465498 0.01572840 0.02966130 0.02044290 0.02298960 0.06430340 0.01350190 0.01225680 0.02033590 0.03105250 0.02825490 0.00223814 0.00975171 0.02122200
20 0.02063729 0.02337819 0.01447249 0.00297497 0.00450059 0.00763406 0.01945509 0.00557468 0.00644203 0.16690892 0.36301582 0.00510683 0.13584893 0.02799819 0.03135448 0.03012639 0.02888569 0.00282228 0.00703095 0.09583215
21 0.16109996 0.04187719 0.03796899 0.02828979 0.02613769 0.02598189 0.03676189 0.07616838 0.01813040 0.02509199 0.03728709 0.03241969 0.01691090 0.01490200 0.03202839 0.23270894 0.09257338 0.00651585 0.01510280 0.04204279
22 0.03776451 0.01486960 0.01091090 0.00641479 0.00986701 0.00907902 0.01184310 0.01152780 0.00703311 0.16182903 0.32742006 0.01030710 0.07701241 0.07625741 0.01131610 0.02765471 0.02942581 0.00604698 0.02600550 0.12741502
23 0.05882817 0.23645988 0.04843587 0.02368489 0.00451914 0.11101794 0.05615857 0.01092549 0.01848219 0.01564609 0.00820742 0.26543186 0.01898739 0.01353539 0.00971835 0.03459238 0.04056658 0.00187734 0.00592706 0.01699799
24 0.11785101 0.01444120 0.03905790 0.04138190 0.00804452 0.02092040 0.02458990 0.51446604 0.01429020 0.00881481 0.02243660 0.01704860 0.00781760 0.01517320 0.01457880 0.07830761 0.01967020 0.00173634 0.00324645 0.01612670
25 0.05282150 0.01194460 0.01042600 0.00848910 0.01132910 0.01356470 0.01234620 0.00854538 0.00780140 0.24816302 0.19334802 0.01140560 0.05157300 0.03894760 0.00869007 0.02202390 0.03969930 0.00347677 0.01698770 0.22841702
26 0.29946373 0.02005818 0.02291468 0.01483589 0.03504057 0.01557669 0.02582988 0.11370390 0.01114899 0.01704628 0.02188868 0.01435589 0.00864416 0.00557357 0.01985888 0.23454779 0.07462693 0.00291658 0.00583576 0.03613297
27 0.04366559 0.02368349 0.01522520 0.00720062 0.01110080 0.00938007 0.01231480 0.00994760 0.00659273 0.16810795 0.26882292 0.01110670 0.11037097 0.03450259 0.01661110 0.06195628 0.04992399 0.00405837 0.01059330 0.12483496
28 0.06838029 0.03936089 0.05114409 0.13647198 0.00668968 0.07521339 0.25902996 0.03461869 0.02810150 0.02119430 0.02730700 0.06876069 0.01488150 0.01554390 0.02180790 0.05133129 0.03777439 0.00431478 0.01190950 0.02616430
29 0.04449220 0.00381855 0.00500653 0.00098081 0.01114580 0.00623183 0.00277079 0.00507253 0.00107820 0.29451302 0.18592001 0.00270990 0.05300330 0.02465800 0.00602993 0.01098130 0.04027330 0.00175503 0.00803394 0.29152502
30 0.07680759 0.04815879 0.04433919 0.08329219 0.00697960 0.05571929 0.14895498 0.02799030 0.07886699 0.07606579 0.03089280 0.05408859 0.01540110 0.01906350 0.02030190 0.10986198 0.03157580 0.00480275 0.01291510 0.05392179
31 0.11803704 0.01437510 0.03930441 0.04169601 0.00799180 0.02096111 0.02485451 0.51320616 0.01466890 0.00837891 0.02181861 0.01730821 0.00758029 0.01561680 0.01472710 0.07865202 0.01951941 0.00183406 0.00394723 0.01552230
32 0.04408430 0.00576632 0.00595098 0.00190573 0.01117060 0.00654064 0.00492678 0.00575125 0.00290306 0.25418399 0.22992500 0.00468790 0.05610880 0.04395290 0.00664455 0.01587010 0.03723760 0.00236961 0.01256290 0.24745700
33 0.03039662 0.00920519 0.00472267 0.00125470 0.00828274 0.00448386 0.00314441 0.00303253 0.00129174 0.22901614 0.31506419 0.00286412 0.08119175 0.05406443 0.00796995 0.01598001 0.02748142 0.00190320 0.01339621 0.18525411
34 0.07694132 0.20015678 0.02229738 0.01147449 0.01409908 0.06252333 0.03849876 0.02894917 0.02056978 0.01813448 0.01785758 0.07214392 0.02008028 0.01335289 0.21286477 0.10631189 0.02763947 0.00702519 0.00949497 0.01958448
35 0.01843570 0.01215720 0.01026510 0.00509503 0.00585209 0.00740061 0.00859775 0.00912246 0.04243759 0.02951049 0.04914089 0.01007390 0.00894764 0.33493092 0.00211887 0.01723430 0.02967639 0.01295080 0.36091891 0.02513339
36 0.08267250 0.05947170 0.06634890 0.04771850 0.01343310 0.04388160 0.06389390 0.04615910 0.10921900 0.03324820 0.04050520 0.05601350 0.01711580 0.06581640 0.02185480 0.06399430 0.03774220 0.01616380 0.07308560 0.04166190
37 0.14026804 0.03299651 0.03993991 0.01143330 0.02883211 0.02065131 0.02253041 0.04417471 0.01037850 0.01996341 0.03178491 0.01726321 0.01760081 0.00905394 0.01503550 0.27874108 0.20267906 0.00684146 0.01125870 0.03857311
38 0.03198979 0.02123059 0.01770309 0.01328129 0.00995696 0.01452459 0.01595939 0.00949380 0.04811698 0.03679188 0.06810997 0.02076539 0.01454529 0.21124790 0.00584990 0.03357668 0.03109729 0.02227609 0.34324384 0.03023929
39 0.08137996 0.14229810 0.03563462 0.02767672 0.01537391 0.03481412 0.05593804 0.02603312 0.08667916 0.06993375 0.02533052 0.07767635 0.01617991 0.02328942 0.02349952 0.12973109 0.03601213 0.00874651 0.01843311 0.06533995
40 0.01849440 0.01175020 0.01013770 0.00499922 0.00557793 0.00716246 0.00863388 0.00903243 0.04233520 0.02969180 0.05061170 0.00951084 0.00910421 0.33575500 0.00215583 0.01712470 0.02967090 0.01259580 0.36082400 0.02483180
41 0.06843236 0.16167290 0.05498357 0.05300437 0.00470221 0.11701293 0.08728905 0.01928559 0.02255319 0.02154699 0.01553059 0.21578087 0.01544059 0.01575149 0.01385719 0.04127798 0.03766038 0.00309946 0.00965941 0.02145889
42 0.31196022 0.01475271 0.02217752 0.01552881 0.03067232 0.00882496 0.02499122 0.22251015 0.00715522 0.00758636 0.01276111 0.00855737 0.00452005 0.00405436 0.01087481 0.22017315 0.05018623 0.00168715 0.00193417 0.01909211
43 0.03713138 0.02937188 0.01264819 0.01240369 0.01340169 0.01546969 0.01278459 0.00846625 0.02792108 0.07180996 0.16345191 0.02254809 0.05613597 0.13319993 0.00640460 0.03131388 0.03514928 0.02929608 0.22280988 0.05828197
44 0.03632818 0.00821661 0.00614196 0.00211866 0.00982236 0.00558357 0.00468281 0.00482656 0.00281495 0.21878990 0.29368487 0.00487000 0.07022077 0.06116017 0.00728413 0.01765729 0.03083529 0.00264424 0.01565079 0.19666691
45 0.02489371 0.01126010 0.00612972 0.00493218 0.00900683 0.00625978 0.00693022 0.00651709 0.01049770 0.11941803 0.34057308 0.01003600 0.06105291 0.17249804 0.00422874 0.01590830 0.01725110 0.01115290 0.06751542 0.09393812
46 0.03972027 0.01456649 0.01128629 0.00685434 0.01009929 0.00928723 0.01256679 0.01245859 0.00749912 0.16125287 0.32348274 0.01051349 0.07650514 0.07473194 0.01203029 0.02886798 0.03016098 0.00590317 0.02536208 0.12685090
47 0.08663803 0.08106333 0.05086362 0.07263112 0.00937673 0.11379804 0.11136304 0.04164191 0.02972301 0.03623421 0.03240431 0.09874813 0.01720321 0.02227621 0.03580171 0.06035522 0.04239781 0.00692244 0.01683051 0.03372741
48 0.14279592 0.01210059 0.01393639 0.01069129 0.01605649 0.01671649 0.01639489 0.02414219 0.01142809 0.17736591 0.10567294 0.01668409 0.03276048 0.02180639 0.01996139 0.05827897 0.05992767 0.00484200 0.00922093 0.22921688
49 0.12803111 0.08023767 0.02659382 0.01767812 0.02160942 0.02599872 0.02756732 0.09772609 0.01503261 0.01507291 0.01796032 0.03442613 0.01339691 0.00911321 0.03010243 0.25890423 0.13969812 0.00787058 0.00753837 0.02544192
50 0.05139712 0.01371821 0.07891413 0.29957913 0.00527092 0.05848343 0.24967211 0.03850462 0.02178461 0.01535351 0.01138461 0.05663952 0.00956210 0.00229476 0.00583626 0.03646662 0.02786621 0.00092332 0.00551070 0.01083810
51 0.04849951 0.00331176 0.00511476 0.00153030 0.01179370 0.00737205 0.00384559 0.00602483 0.00216752 0.29876804 0.17024503 0.00392479 0.04325741 0.02547120 0.00531803 0.01147270 0.04124381 0.00173988 0.00866304 0.30023605
52 0.21060694 0.03781869 0.04605549 0.03008529 0.01277860 0.04954959 0.04366949 0.04642699 0.11158697 0.04977909 0.03973019 0.04365029 0.01406290 0.03867759 0.02483689 0.07343128 0.04243709 0.01107440 0.03005009 0.04369219
53 0.05281087 0.01224479 0.01032049 0.00847392 0.01116049 0.01376809 0.01219409 0.00857011 0.00792695 0.24847585 0.19438189 0.01155719 0.05148307 0.03908328 0.00884131 0.02176749 0.03915198 0.00329288 0.01634039 0.22815487
54 0.15902095 0.03830359 0.12100396 0.05984568 0.01767509 0.03826959 0.05458508 0.08145027 0.03532679 0.02384389 0.03240439 0.05292728 0.01534550 0.01709599 0.01889619 0.11595296 0.06562578 0.00399301 0.01058890 0.03784509
55 0.25342175 0.02947687 0.02572557 0.02532868 0.02589947 0.03043107 0.03845186 0.09635311 0.02049058 0.04402386 0.04335616 0.03001297 0.01539048 0.01640268 0.02647337 0.13653787 0.06337074 0.00625097 0.01132249 0.06127944
56 0.04173337 0.00406139 0.00426685 0.00087801 0.01084079 0.00597706 0.00258579 0.00418428 0.00116563 0.28078481 0.21912185 0.00245505 0.05477676 0.03518938 0.00576978 0.01108519 0.03635648 0.00168444 0.01021129 0.26687182
57 0.16238505 0.04153421 0.03794781 0.02836691 0.02584361 0.02564281 0.03646631 0.07753022 0.01822251 0.02545641 0.03689811 0.03192651 0.01664120 0.01499320 0.03181101 0.23406107 0.09106193 0.00657021 0.01480510 0.04183581
58 0.07536991 0.02750390 0.02043670 0.01158980 0.01528720 0.01510980 0.01914350 0.01311550 0.02751770 0.03953061 0.05921701 0.01873700 0.02160490 0.14415203 0.00825492 0.08240671 0.12847702 0.01646740 0.21230904 0.04376931
59 0.02954880 0.01565720 0.00786328 0.00197383 0.00716982 0.00542935 0.00530779 0.00389841 0.00201480 0.23179503 0.29145604 0.00452082 0.10416901 0.03286750 0.01209500 0.01973100 0.03213700 0.00244604 0.00924923 0.18067002
60 0.06278862 0.14683206 0.05953372 0.05824132 0.00889210 0.07203653 0.07967833 0.02938501 0.02664751 0.02264771 0.02585111 0.20104408 0.01594991 0.02217191 0.01574191 0.05411312 0.03930962 0.00693791 0.01708251 0.03511501
61 0.05481309 0.01228960 0.02380440 0.00796853 0.01096610 0.01127850 0.01737790 0.02412469 0.01763810 0.14243697 0.11986197 0.01550110 0.03571269 0.12785297 0.00831248 0.04134559 0.07964888 0.01129240 0.04781909 0.18995496
62 0.06046703 0.19731209 0.05342253 0.03461362 0.00402202 0.11175705 0.07389933 0.01472801 0.01885761 0.01602881 0.01075631 0.26160512 0.01522431 0.01343901 0.00915018 0.03742052 0.03961522 0.00197135 0.00664788 0.01906201
63 0.05324278 0.01196250 0.01020340 0.00832708 0.01140820 0.01358480 0.01137940 0.00890400 0.00778926 0.24950292 0.19287194 0.01148620 0.05096648 0.03873149 0.00890684 0.02198369 0.03902759 0.00354563 0.01612390 0.23005193
64 0.06241269 0.03399020 0.12003799 0.05582499 0.01166240 0.03464150 0.04708890 0.02619910 0.03811670 0.11018399 0.08104369 0.04583280 0.03225540 0.04017880 0.01535410 0.06223239 0.06232659 0.00625510 0.02632550 0.08803719
65 0.08923828 0.01888712 0.11747411 0.04941254 0.02069542 0.02612882 0.04380584 0.11480410 0.03134403 0.02545322 0.09731869 0.03286593 0.02609022 0.02018312 0.02521292 0.10613310 0.10191809 0.00324810 0.00732370 0.04246264
66 0.05642313 0.01497881 0.07092264 0.27177014 0.00471799 0.06788503 0.27033414 0.03405442 0.02181551 0.01646701 0.01174471 0.05434673 0.00994844 0.00282894 0.00691035 0.03713662 0.02869391 0.00116443 0.00541955 0.01243751
67 0.04205791 0.03004641 0.08808892 0.26121705 0.00569075 0.05736171 0.20123004 0.05161741 0.02267380 0.01504430 0.01481650 0.09776952 0.00742411 0.00392851 0.00820572 0.04355941 0.02656731 0.00137774 0.00726408 0.01405880
68 0.34760080 0.01187609 0.01982209 0.01186869 0.03299608 0.00639199 0.02436479 0.20920488 0.00605836 0.00707884 0.01060439 0.00602114 0.00331942 0.00273096 0.00772133 0.22063087 0.05045077 0.00110146 0.00129617 0.01886089
69 0.11174098 0.03659799 0.04727049 0.02227980 0.02148270 0.02708819 0.03803069 0.03412029 0.01657220 0.05686539 0.06074619 0.03410579 0.02837539 0.02631229 0.02663279 0.13606497 0.16560597 0.01332150 0.02158560 0.07520078
70 0.03992585 0.00733341 0.00590599 0.00136493 0.00985270 0.00597152 0.00344038 0.00480311 0.00151873 0.27000966 0.22268072 0.00346999 0.06756961 0.03063386 0.00769056 0.01411828 0.03755685 0.00207313 0.00914404 0.25493668
71 0.05814668 0.21123193 0.05497908 0.02839819 0.00567870 0.10254197 0.06040958 0.01567189 0.01850739 0.01312980 0.00756813 0.24190592 0.01321370 0.01101900 0.02444929 0.06975428 0.03813479 0.00251993 0.00511687 0.01762289
72 0.05402088 0.07745196 0.08706196 0.18842591 0.00968046 0.04760958 0.10341595 0.05598417 0.02563599 0.01913809 0.01594319 0.10102195 0.00968310 0.00825775 0.01721189 0.10885695 0.03166039 0.00513955 0.00849120 0.02530909
73 0.06810920 0.03828520 0.05159930 0.13609200 0.00677841 0.07600970 0.26028799 0.03457390 0.02827590 0.02095180 0.02751190 0.06891010 0.01506900 0.01542380 0.02215740 0.04998490 0.03805310 0.00415872 0.01169590 0.02607180
74 0.14070403 0.04325491 0.04022181 0.05238281 0.01511810 0.03214151 0.10262002 0.06655762 0.01843240 0.01835190 0.01860780 0.04433301 0.00987314 0.00857194 0.03547061 0.24149406 0.06736482 0.00570059 0.00836680 0.03043211
75 0.02474819 0.01144220 0.00579764 0.00475538 0.00895789 0.00602105 0.00657793 0.00632728 0.01031670 0.11960496 0.34262589 0.00984687 0.06119168 0.17249694 0.00401458 0.01589429 0.01702539 0.01096230 0.06756598 0.09382687
76 0.25355296 0.02926860 0.02562020 0.02473830 0.02539900 0.03028440 0.03754789 0.09626508 0.02045460 0.04428289 0.04313529 0.02955610 0.01548250 0.01639470 0.02725400 0.13730498 0.06318929 0.00667016 0.01210210 0.06149699
77 0.03622638 0.00793782 0.00593685 0.00198348 0.00966969 0.00541411 0.00486054 0.00460407 0.00267076 0.21919589 0.29348986 0.00461697 0.07018467 0.06167017 0.00734488 0.01745439 0.03103458 0.00249492 0.01573009 0.19747990
78 0.06348078 0.04166039 0.07914348 0.20180295 0.00557148 0.09808977 0.17183495 0.03659329 0.02630049 0.02113759 0.01419160 0.07700698 0.01138500 0.00960502 0.01025870 0.04697189 0.05317289 0.00451566 0.00711151 0.02016559
79 0.29102286 0.01546049 0.02159289 0.00899422 0.04332878 0.00969869 0.02069749 0.08246336 0.00811539 0.01534749 0.02721459 0.00899760 0.01159139 0.00441364 0.00909053 0.24261989 0.12755594 0.00331769 0.00746991 0.04100718
80 0.31823481 0.01119479 0.01891759 0.00795580 0.08113845 0.00845274 0.01560909 0.10682393 0.00651737 0.01153729 0.02433119 0.00507582 0.01009669 0.00248712 0.00731773 0.24151485 0.08694385 0.00127715 0.00356327 0.03101048
81 0.04464187 0.06706885 0.09188694 0.20092986 0.00641106 0.06116306 0.13007191 0.05443266 0.02397028 0.01698639 0.01630279 0.14076690 0.00896971 0.00925673 0.01092139 0.05228476 0.02814298 0.00382618 0.01002659 0.02193908
82 0.05265867 0.00319669 0.00638811 0.00134421 0.01277259 0.00727407 0.00376723 0.00750765 0.00245697 0.29546286 0.15718492 0.00384124 0.04139368 0.02273809 0.00546921 0.01589369 0.05069668 0.00180286 0.00844074 0.29970986
83 0.01709229 0.01032190 0.00885244 0.00419778 0.00495459 0.00631126 0.00796549 0.00926344 0.04133589 0.02629189 0.03950159 0.00773709 0.00725557 0.35179588 0.00177589 0.01674749 0.03056299 0.01014280 0.37542787 0.02246589
84 0.10327897 0.04586519 0.02805509 0.04941099 0.00889083 0.11527597 0.07285528 0.01455390 0.03097619 0.13942796 0.07441428 0.05874598 0.02444989 0.02329609 0.01915649 0.03845489 0.03514539 0.00513326 0.01591060 0.09670277
85 0.05630338 0.01500980 0.07043778 0.27227491 0.00467719 0.06809188 0.27074091 0.03363319 0.02177949 0.01633089 0.01176650 0.05419008 0.00989849 0.00307009 0.00701798 0.03702629 0.02880649 0.00117915 0.00538242 0.01238310
86 0.03642326 0.00806093 0.00600994 0.00222351 0.00978925 0.00534599 0.00485145 0.00487172 0.00268412 0.21771475 0.29537466 0.00465346 0.07046582 0.06195043 0.00750627 0.01777238 0.03055896 0.00255904 0.01561328 0.19557077
87 0.04891920 0.00245687 0.00455687 0.00112851 0.01199590 0.00718930 0.00338259 0.00584776 0.00178622 0.30648298 0.16152999 0.00359665 0.04080250 0.02260200 0.00497831 0.00991930 0.04171410 0.00167458 0.00802140 0.31141498
88 0.07803368 0.21018695 0.03236809 0.01898650 0.02573219 0.04288859 0.04186199 0.03397759 0.03057709 0.01649020 0.01746160 0.09939678 0.01771240 0.01411010 0.04892869 0.16603596 0.05683679 0.00944182 0.01101600 0.02795699
89 0.11321000 0.06916740 0.02442290 0.01561030 0.00953444 0.05043640 0.03633560 0.05057320 0.01459720 0.01631700 0.02175840 0.03101580 0.01387380 0.01015810 0.22028500 0.21523100 0.04650830 0.00631958 0.00845298 0.02619260
90 0.06070617 0.01735852 0.06587987 0.24615227 0.00335478 0.10357211 0.26581229 0.02727133 0.02548833 0.02165582 0.01085521 0.05349176 0.00874270 0.00296678 0.00613879 0.03313284 0.02550813 0.00093156 0.00509402 0.01588672
91 0.07097879 0.09365779 0.03968440 0.03424710 0.00808108 0.03711220 0.05617959 0.02639870 0.03087960 0.05826359 0.04595999 0.14487198 0.02245110 0.03241890 0.01578930 0.05746259 0.04069960 0.00901493 0.01481480 0.16103398
92 0.03663600 0.00720167 0.00470708 0.00125693 0.00959570 0.00574738 0.00321848 0.00366643 0.00159416 0.25631103 0.26455803 0.00287252 0.06843111 0.04277781 0.00726607 0.01389430 0.03211560 0.00201566 0.01191800 0.22421603
93 0.06242107 0.14884394 0.06056517 0.05769698 0.00899523 0.07180567 0.07954147 0.02918199 0.02653169 0.02274179 0.02480399 0.20168292 0.01603239 0.02132519 0.01575019 0.05466208 0.04002018 0.00700049 0.01591529 0.03448229
94 0.04336870 0.00315390 0.00398706 0.00064887 0.01120270 0.00620136 0.00229622 0.00422432 0.00090157 0.29498202 0.20036601 0.00211381 0.05044810 0.02854990 0.00540336 0.00965118 0.03791780 0.00154649 0.00897960 0.28405702
95 0.05109473 0.06172954 0.16107210 0.10652006 0.00808079 0.09133535 0.08816705 0.04792683 0.03375992 0.01839341 0.01918411 0.10201406 0.01187571 0.01433371 0.01768361 0.06862914 0.06342534 0.00286895 0.00965847 0.02224711
96 0.06255463 0.14822807 0.05978433 0.05879613 0.00895271 0.07218263 0.08021194 0.02906481 0.02636181 0.02259481 0.02457181 0.20102709 0.01573511 0.02104191 0.01641731 0.05517463 0.03958992 0.00687942 0.01690481 0.03392612
97 0.04358828 0.00308490 0.00408387 0.00067201 0.01126149 0.00613166 0.00232870 0.00430046 0.00092309 0.29516583 0.19924489 0.00211937 0.05026527 0.02857548 0.00543849 0.00983797 0.03809688 0.00151998 0.00889254 0.28446884
98 0.03830670 0.01515650 0.01153530 0.00620726 0.00987564 0.00925213 0.01205830 0.01332530 0.00792049 0.16080202 0.32432103 0.01079880 0.07647961 0.07673971 0.01176290 0.02733340 0.02894970 0.00596028 0.02623190 0.12698301
99 0.06778055 0.02866882 0.23036016 0.04996434 0.01384431 0.03837963 0.04142813 0.04509773 0.03454792 0.01614691 0.02478382 0.06475975 0.01147371 0.01558631 0.01871441 0.14616510 0.10775908 0.00289026 0.00930654 0.03234252
100 0.04753128 0.10247797 0.04529459 0.08402327 0.00479501 0.07935307 0.21609193 0.02349139 0.02143069 0.01487100 0.01608959 0.20262793 0.00787358 0.01262740 0.01166480 0.03791599 0.03021289 0.00228804 0.01386830 0.02547129
101 0.06780358 0.03910609 0.05084549 0.13673396 0.00670266 0.07607988 0.25970893 0.03464749 0.02834889 0.02128719 0.02755339 0.06877688 0.01536100 0.01524420 0.02168299 0.04992469 0.03783369 0.00424832 0.01202700 0.02608369
102 0.06631970 0.11701600 0.04423040 0.03703820 0.00768568 0.04655770 0.06164290 0.02555240 0.03030290 0.04373550 0.03740570 0.17697899 0.01974920 0.02932120 0.01539520 0.05618490 0.03943280 0.00883946 0.01481620 0.12179500
103 0.03836251 0.01505700 0.01128530 0.00693727 0.00996902 0.00952791 0.01291430 0.01331840 0.00764757 0.16042203 0.32404406 0.01105020 0.07653191 0.07581611 0.01199120 0.02717811 0.02933681 0.00635034 0.02598690 0.12627302
104 0.30805777 0.01374169 0.02255478 0.01602469 0.02905008 0.00886800 0.02450528 0.24778281 0.00722315 0.00731204 0.01242939 0.00815284 0.00420319 0.00432181 0.00981512 0.20801684 0.04669796 0.00141297 0.00169098 0.01813859
105 0.17635295 0.02049659 0.03298099 0.10706997 0.00802446 0.07682088 0.23928794 0.04159779 0.02124889 0.02041989 0.02071879 0.04445809 0.01015990 0.00885074 0.01583470 0.06992648 0.04731179 0.00355903 0.00690143 0.02797869
106 0.05680652 0.01440401 0.07017403 0.27277710 0.00467395 0.06791502 0.27296410 0.03287991 0.02161551 0.01643391 0.01192230 0.05285692 0.01016740 0.00307581 0.00689418 0.03664361 0.02863381 0.00121955 0.00535725 0.01258510
107 0.05344651 0.01192960 0.01082950 0.00893777 0.01134400 0.01375070 0.01205990 0.00894856 0.00796911 0.24733004 0.19316003 0.01159710 0.05109151 0.03902911 0.00885470 0.02232030 0.03922671 0.00371268 0.01655810 0.22790404
108 0.06850713 0.05480193 0.01641891 0.02054381 0.01083581 0.02348251 0.02350481 0.01493451 0.03598832 0.03067522 0.06931153 0.03354002 0.02548251 0.08749744 0.01271071 0.05312243 0.07205334 0.23265212 0.07448604 0.03945092
109 0.04518375 0.00235648 0.00392780 0.00066567 0.01162359 0.00625857 0.00226555 0.00447844 0.00095197 0.30012768 0.18773780 0.00224728 0.04616015 0.02740677 0.00491665 0.00911802 0.03931266 0.00154499 0.00882149 0.29489469
110 0.05015720 0.03511490 0.02123170 0.01473360 0.01361750 0.01877520 0.02470160 0.01834880 0.01254640 0.13656900 0.22854600 0.02340980 0.09957780 0.04544620 0.01743960 0.04543290 0.04806320 0.00815851 0.01894710 0.11918300
111 0.08972909 0.02280210 0.11818298 0.03592939 0.02198760 0.02363760 0.03451069 0.05231259 0.02915780 0.03878509 0.12658398 0.03371929 0.04020309 0.01762080 0.02075120 0.14849298 0.08165749 0.00401456 0.01001740 0.04990429
112 0.03377150 0.08275230 0.01296650 0.00953643 0.01253010 0.01806790 0.02333420 0.00868064 0.02854810 0.07633060 0.24315199 0.05406010 0.04889560 0.12633799 0.00954357 0.02137000 0.02004610 0.03434540 0.07887310 0.05685790
113 0.21649185 0.02365578 0.03015778 0.02711738 0.02459228 0.01625039 0.02866038 0.23468284 0.01230449 0.01036819 0.01838019 0.01802939 0.00728765 0.00858468 0.02080579 0.21895885 0.05390006 0.00333735 0.00380949 0.02262518
114 0.08757273 0.07894033 0.04996922 0.07218213 0.00911664 0.11384504 0.11179304 0.04231002 0.03000941 0.03680921 0.03388051 0.09772684 0.01774151 0.02159451 0.03563601 0.06138492 0.04179552 0.00667667 0.01641811 0.03459761
115 0.06627853 0.01443521 0.01474921 0.00929635 0.01274791 0.01276931 0.01474741 0.01488031 0.00981826 0.21976711 0.15337807 0.01721881 0.04360392 0.03640762 0.01090781 0.03399542 0.04819792 0.00456551 0.01391521 0.24832012
116 0.15534702 0.03727880 0.10217101 0.03007190 0.08303281 0.02134620 0.02614360 0.05797151 0.01988280 0.01553310 0.03641420 0.03134970 0.02369260 0.01015450 0.01308920 0.19591702 0.09455721 0.00311983 0.00869827 0.03422870
117 0.08837115 0.08026136 0.04924697 0.07127886 0.00918068 0.11487894 0.11087394 0.04049788 0.02987498 0.03766518 0.03340088 0.09760445 0.01747779 0.02185139 0.03560488 0.06094957 0.04247878 0.00702454 0.01610549 0.03537228
118 0.08803420 0.03445890 0.04362630 0.02364340 0.02372430 0.03526600 0.03998160 0.13230800 0.08842850 0.02482600 0.04217390 0.03606240 0.07311180 0.02910680 0.01705660 0.07802700 0.11516200 0.01162210 0.01273480 0.05064540
119 0.03841484 0.01508022 0.01117451 0.00660078 0.00998191 0.00947321 0.01289091 0.01204281 0.00744240 0.16061217 0.32447135 0.01045991 0.07694728 0.07554658 0.01213051 0.02834363 0.02962933 0.00603157 0.02587193 0.12685414
120 0.25508916 0.02841922 0.02600522 0.02463052 0.02512152 0.02952712 0.03769522 0.09949276 0.02032541 0.04407163 0.04277303 0.02952562 0.01489531 0.01669911 0.02593612 0.13726309 0.06341044 0.00646337 0.01227641 0.06037974
121 0.25327287 0.03015168 0.02587009 0.02530419 0.02515689 0.03094638 0.03824618 0.09611945 0.02064049 0.04396358 0.04297958 0.03022248 0.01519349 0.01655769 0.02727969 0.13553493 0.06276377 0.00673801 0.01214419 0.06091437
122 0.18574001 0.01703680 0.03212960 0.02984290 0.01658520 0.01652270 0.02391650 0.38584702 0.01149800 0.00745828 0.01810900 0.01437540 0.00659976 0.01021450 0.01479540 0.15374701 0.03422140 0.00231057 0.00256603 0.01648390
123 0.15161601 0.02338640 0.03126090 0.01424830 0.02627700 0.01725180 0.02202970 0.09512450 0.01962980 0.05909530 0.03903660 0.01655200 0.01663230 0.02264130 0.01459190 0.21488401 0.13960101 0.00431994 0.00622502 0.06559620
124 0.04081569 0.00643570 0.00561509 0.00124405 0.01023350 0.00598321 0.00333219 0.00470117 0.00130404 0.27670695 0.21482496 0.00333411 0.06395569 0.02939869 0.00725824 0.01301950 0.03774939 0.00191793 0.00883796 0.26333195
125 0.04569882 0.00404148 0.00536691 0.00149502 0.01152841 0.00651362 0.00384193 0.00566276 0.00226129 0.27526013 0.20406710 0.00395421 0.05019092 0.03510522 0.00593584 0.01294181 0.03923992 0.00196287 0.01048660 0.27444513
126 0.14918697 0.03253569 0.02503719 0.01292080 0.03079359 0.01778990 0.02245090 0.02320150 0.01270390 0.05626029 0.07502948 0.02532959 0.08087758 0.01677540 0.01416460 0.11548098 0.15831797 0.01528090 0.01411580 0.10174698
127 0.05931049 0.21767298 0.03707440 0.02101970 0.03364130 0.03104930 0.04882080 0.02717590 0.08255729 0.02170730 0.01769220 0.08725669 0.01536370 0.02168900 0.02615820 0.14277599 0.03574100 0.01108620 0.02222760 0.03998000
128 0.05363364 0.16381513 0.12301010 0.06024345 0.01396701 0.06482135 0.05385704 0.03150952 0.03146772 0.01862961 0.02029322 0.16019712 0.01753461 0.01663931 0.01918851 0.06166125 0.04549764 0.00545342 0.01174101 0.02683932
129 0.03030379 0.00997511 0.00521481 0.00200579 0.00831317 0.00506098 0.00414203 0.00331172 0.00227735 0.21257894 0.32799990 0.00394100 0.08229488 0.06309158 0.00810637 0.01736419 0.02606859 0.00242736 0.01616150 0.16936095
130 0.14479999 0.01234180 0.01408020 0.00995088 0.01628000 0.01617590 0.01548290 0.02467060 0.01153230 0.17543899 0.10523399 0.01704860 0.03276790 0.02146150 0.01987700 0.05959320 0.06034670 0.00459494 0.00904665 0.22927598
131 0.06236424 0.23496079 0.03756347 0.02412738 0.02167938 0.05944025 0.04926846 0.02305298 0.03213187 0.02405078 0.03164567 0.15127986 0.02529418 0.02412058 0.03027047 0.06866584 0.04058716 0.01095019 0.01826188 0.03028457
132 0.03603423 0.00844360 0.00628630 0.00227973 0.00982764 0.00552652 0.00478939 0.00468415 0.00287190 0.21591617 0.29714224 0.00485274 0.07145306 0.06228595 0.00742682 0.01798871 0.03072912 0.00253695 0.01578061 0.19314415
133 0.05809118 0.02697649 0.08578297 0.24320292 0.00727750 0.05692958 0.17118195 0.06687878 0.02564019 0.01953359 0.01882729 0.07066478 0.01097000 0.01020170 0.01032850 0.05178928 0.02953989 0.00439532 0.01159370 0.02019439
134 0.06721292 0.01054110 0.00779920 0.00568180 0.01476680 0.00938714 0.00722676 0.00621706 0.01061180 0.17863004 0.22410605 0.01187620 0.04459571 0.07680112 0.00595300 0.02497721 0.04523601 0.01046760 0.05731141 0.18060104
135 0.11331502 0.01426710 0.01649200 0.00926924 0.01739130 0.01917230 0.01806150 0.02402051 0.01465380 0.13601103 0.23062105 0.01645300 0.04851341 0.04952291 0.01375590 0.05328701 0.05097201 0.00657695 0.02115290 0.12649103
136 0.03222038 0.02229438 0.01699159 0.01298209 0.00970738 0.01424479 0.01569829 0.00939555 0.04794296 0.03653177 0.06772285 0.02112728 0.01446759 0.21229884 0.00550510 0.03275288 0.03071018 0.02203268 0.34545474 0.02991868
137 0.03822173 0.01470811 0.01161851 0.00705307 0.01004801 0.00944990 0.01293651 0.01227911 0.00756394 0.16122813 0.32418226 0.01075161 0.07683666 0.07573046 0.01170881 0.02803172 0.02907542 0.00583561 0.02563832 0.12710210
138 0.03495997 0.02146318 0.01804769 0.00990475 0.00893548 0.01522939 0.01777079 0.02164498 0.03426427 0.07004095 0.14011189 0.02094748 0.02877798 0.23894982 0.00795331 0.02572978 0.03141988 0.01743209 0.16990187 0.06651445
139 0.11946599 0.01472810 0.03892830 0.04060890 0.00822126 0.02091360 0.02473810 0.51287397 0.01444350 0.00856135 0.02237810 0.01680970 0.00773207 0.01534900 0.01432930 0.07903130 0.01962280 0.00154725 0.00384442 0.01587300
140 0.02098818 0.00852622 0.00355536 0.00290779 0.00818844 0.00325407 0.00323946 0.00286205 0.00396302 0.13407988 0.40730063 0.00602837 0.07482033 0.14689086 0.00341952 0.01516819 0.01299569 0.00580978 0.03772377 0.09827841
141 0.17091198 0.03265970 0.02857490 0.01575680 0.04170230 0.01851420 0.02089770 0.04449440 0.01406470 0.03182480 0.06408439 0.02103650 0.06956899 0.01340950 0.02507890 0.18228598 0.11250599 0.00888721 0.01117880 0.07256229
142 0.06591135 0.01407851 0.01459281 0.00918209 0.01266521 0.01285201 0.01494321 0.01519301 0.00959761 0.22078116 0.15432911 0.01698311 0.04384733 0.03616523 0.01087601 0.03390232 0.04804894 0.00450819 0.01350861 0.24803418
143 0.11707208 0.01423231 0.03938713 0.04135653 0.00803383 0.02114261 0.02458872 0.51685035 0.01448391 0.00825765 0.02224072 0.01684081 0.00770911 0.01537591 0.01449581 0.07775275 0.01946241 0.00162376 0.00346710 0.01562651
144 0.10964208 0.04950023 0.06423894 0.14763010 0.00664453 0.04597733 0.09791797 0.05281694 0.02096491 0.02012681 0.01589631 0.10999608 0.00900101 0.01012271 0.01873511 0.14115010 0.03273312 0.00681012 0.00693236 0.03316322
145 0.31349484 0.01465159 0.02183759 0.01503039 0.03085558 0.00881006 0.02476759 0.22353189 0.00707152 0.00773718 0.01242209 0.00848963 0.00423884 0.00394169 0.01083309 0.21940689 0.05015777 0.00148712 0.00181026 0.01942439
146 0.03473479 0.00634530 0.00432536 0.00104349 0.00944907 0.00484593 0.00260408 0.00344544 0.00106268 0.24991693 0.27419793 0.00253552 0.06799438 0.04943849 0.00646111 0.01322300 0.03098299 0.00173759 0.01227700 0.22337894
147 0.26694111 0.02438791 0.02309971 0.01455451 0.03395781 0.01406581 0.02426841 0.09403344 0.00970629 0.01548401 0.02170921 0.01528631 0.00842261 0.00481406 0.01951761 0.28512512 0.08134523 0.00276332 0.00734499 0.03317251
148 0.08150729 0.03142469 0.05298259 0.11004198 0.00909761 0.04344249 0.13080798 0.09997268 0.03395489 0.06545529 0.03617299 0.05681399 0.01538730 0.02375450 0.01877180 0.07769769 0.04121759 0.00413216 0.01185370 0.05551079
149 0.03685362 0.00719591 0.00475091 0.00127487 0.00949971 0.00595640 0.00321317 0.00369312 0.00159892 0.25636213 0.26486114 0.00301656 0.06828073 0.04256092 0.00713507 0.01363281 0.03201152 0.00194435 0.01171301 0.22444511
150 0.02308438 0.01425598 0.00628011 0.00142681 0.00620700 0.00367404 0.00420534 0.00270856 0.00145130 0.20184978 0.35656561 0.00302089 0.10693088 0.05339714 0.01122519 0.02002668 0.02489297 0.00222181 0.01234369 0.14423184
151 0.06259040 0.03519810 0.01607540 0.01124390 0.00482145 0.02976550 0.01847280 0.09724359 0.00680231 0.00695982 0.02329440 0.01426670 0.00872740 0.00667971 0.50711596 0.07083860 0.06193890 0.00203099 0.00291239 0.01302170
152 0.06365971 0.23354902 0.03782940 0.02530630 0.02091850 0.05898041 0.04937080 0.02335580 0.03207040 0.02452570 0.03200530 0.15146502 0.02498630 0.02459600 0.02939880 0.06797401 0.04002590 0.01067470 0.01865680 0.03065110
153 0.07373534 0.04746433 0.02025351 0.01316691 0.00684083 0.03885762 0.03305642 0.05614683 0.01271911 0.02047981 0.03621332 0.02198511 0.01557751 0.01114731 0.42051623 0.07787634 0.05767443 0.00354350 0.00648973 0.02625581
154 0.03092819 0.01056400 0.01204560 0.00622605 0.00982221 0.00817771 0.00804406 0.01027370 0.01584160 0.14950296 0.24319593 0.01203210 0.04764329 0.17491995 0.00462112 0.01664710 0.02594649 0.00776022 0.07937078 0.12643697
155 0.23005786 0.01421239 0.03135408 0.01834009 0.03406808 0.01411289 0.01997659 0.21567587 0.01187119 0.01597719 0.05081597 0.01077919 0.01172459 0.00858627 0.01403799 0.19689588 0.06399616 0.00230034 0.00362608 0.03159128
156 0.06341038 0.04515778 0.16649994 0.09114027 0.01266940 0.04507448 0.06923637 0.06478558 0.04004819 0.02478589 0.03374009 0.07612287 0.01607799 0.02392249 0.01952989 0.08186327 0.06667668 0.00441407 0.01862839 0.03621599
157 0.02369148 0.01255409 0.00638985 0.00152570 0.00677733 0.00327986 0.00371185 0.00277908 0.00161439 0.18975183 0.36647468 0.00315818 0.10124191 0.06555514 0.00951224 0.01951178 0.02332478 0.00221207 0.01471389 0.14221987
158 0.03641820 0.02481490 0.02805410 0.03943510 0.01153860 0.02077040 0.01617690 0.01049410 0.04566490 0.05070480 0.07678500 0.03763200 0.01496300 0.20864901 0.00515007 0.01744310 0.02237320 0.04783730 0.25337601 0.03171930
159 0.04828779 0.00125775 0.00392739 0.00062475 0.01213880 0.00682130 0.00230317 0.00511556 0.00101271 0.31489993 0.16089696 0.00219023 0.03982079 0.02056200 0.00456680 0.00831733 0.04179299 0.00143087 0.00756896 0.31646393
160 0.04918903 0.17228309 0.09946685 0.05847393 0.00432802 0.10177305 0.06398953 0.02207751 0.01910771 0.01187801 0.00871241 0.24529313 0.01134031 0.01070321 0.00848215 0.04688632 0.04288342 0.00146011 0.00449868 0.01717351
161 0.05072851 0.02051990 0.01537890 0.01000440 0.01165370 0.01214220 0.01447740 0.01059510 0.03297350 0.03372561 0.05379011 0.01498540 0.01621970 0.20860203 0.00561295 0.05152861 0.08082511 0.01577530 0.30832405 0.03213750
162 0.03226920 0.02212580 0.01747040 0.01288830 0.00992527 0.01468250 0.01610610 0.00943739 0.04739469 0.03689259 0.06856929 0.02110900 0.01480390 0.21093897 0.00551598 0.03292600 0.03105920 0.02238820 0.34323995 0.03025730
163 0.21964306 0.00996446 0.02736741 0.02335521 0.01242310 0.01286470 0.01906951 0.47375313 0.00946439 0.00406580 0.01476810 0.00687724 0.00452917 0.00921273 0.00547035 0.11308703 0.02138841 0.00090121 0.00094726 0.01084770
164 0.04787480 0.00204448 0.00424261 0.00085793 0.01195580 0.00711260 0.00269955 0.00517993 0.00138236 0.30953501 0.16734401 0.00261320 0.04192260 0.02250810 0.00492761 0.00907804 0.04109110 0.00151095 0.00804630 0.30807301
165 0.03990111 0.02420211 0.12261503 0.26695207 0.00777162 0.05328451 0.15717804 0.06850032 0.02888391 0.01441340 0.01581440 0.07633402 0.00795054 0.00569834 0.00961126 0.04628511 0.02763991 0.00155378 0.00858738 0.01682310
166 0.04389370 0.01462490 0.01062780 0.00473168 0.01014670 0.00794045 0.00847520 0.00822723 0.00566974 0.18517701 0.30507002 0.00708313 0.08618281 0.04802180 0.01277570 0.04954300 0.03838130 0.00295160 0.01322120 0.13725501
167 0.13251009 0.03120812 0.04369323 0.03492462 0.01898211 0.02614542 0.03125722 0.17352812 0.06395224 0.02004991 0.02246422 0.03004012 0.01143491 0.02108281 0.02290052 0.20092214 0.05414084 0.00680170 0.01150001 0.04246163
168 0.06908909 0.09331948 0.04004719 0.03322449 0.00794747 0.03743969 0.05716349 0.02592839 0.03030649 0.05910329 0.04640119 0.14532897 0.02282720 0.03258639 0.01542390 0.05707949 0.04093599 0.00912284 0.01541900 0.16130597
169 0.08630422 0.07961412 0.05107781 0.07303482 0.00897491 0.11302303 0.11232803 0.04173631 0.02997481 0.03759511 0.03324491 0.09728733 0.01795890 0.02198051 0.03587451 0.05991742 0.04241061 0.00671922 0.01551770 0.03542571
170 0.02995360 0.01822860 0.00782993 0.00796245 0.01171490 0.00952841 0.00781760 0.00432750 0.01617980 0.10425400 0.29173801 0.01698730 0.05255730 0.13929301 0.00414847 0.01816860 0.02216450 0.02218770 0.13792101 0.07703730
171 0.06285181 0.23448605 0.03754741 0.02423690 0.02119340 0.05919761 0.04921241 0.02279190 0.03273771 0.02457860 0.03106191 0.15191303 0.02503591 0.02427170 0.03033981 0.06868701 0.04022791 0.01104320 0.01832880 0.03025691
172 0.02087861 0.02239041 0.00997535 0.00201465 0.00438531 0.00496640 0.00926133 0.00355015 0.00270358 0.19827506 0.34978511 0.00406948 0.13138504 0.02500481 0.02320611 0.02660481 0.02877761 0.00254484 0.00660129 0.12362004
173 0.05762498 0.02623459 0.08607798 0.24380493 0.00735938 0.05742898 0.17073295 0.06808758 0.02591119 0.01901049 0.01916369 0.06945118 0.01094880 0.01047250 0.01044920 0.05181488 0.02948729 0.00438951 0.01143810 0.02011179
174 0.06778079 0.03976019 0.05068359 0.13483598 0.00676137 0.07595819 0.25915496 0.03341399 0.02862480 0.02171800 0.02724280 0.06905319 0.01515180 0.01575660 0.02218840 0.05057779 0.03791069 0.00400848 0.01267680 0.02674160
175 0.06572394 0.02878987 0.06615014 0.21009081 0.00699673 0.06839514 0.14932787 0.03104007 0.03354017 0.06096915 0.03425847 0.05980875 0.01589259 0.01903878 0.01039429 0.04975016 0.02838577 0.00684915 0.02099938 0.03359877
176 0.05423482 0.05454082 0.08879362 0.17253605 0.00749240 0.04974581 0.10833703 0.05531672 0.02479341 0.01968011 0.02090931 0.12362803 0.00997733 0.01147630 0.05064161 0.07508262 0.02850011 0.00498989 0.01093200 0.02839201
177 0.04840022 0.01111610 0.01093580 0.00473154 0.01166610 0.00744192 0.00754660 0.00892526 0.00418539 0.22703309 0.20033908 0.00842262 0.07433763 0.03456781 0.00921853 0.02588241 0.04552462 0.00434904 0.01046510 0.24491110
178 0.21587721 0.01294261 0.01784282 0.00816205 0.10122610 0.01175471 0.01128391 0.04034554 0.00934961 0.06641137 0.06708667 0.01026961 0.02789523 0.01142601 0.01809342 0.13872514 0.09922230 0.00455054 0.00936304 0.11817212
179 0.06172498 0.02351109 0.03612899 0.12182596 0.00265491 0.12870696 0.36032188 0.01204700 0.02867699 0.01894449 0.02171689 0.05468738 0.01304790 0.01119070 0.01931269 0.02732379 0.02675669 0.00173589 0.00909932 0.02058549
