1 0.04387571 0.00431769 0.00706956 0.00206240 0.01248290 0.00534499 0.00258506 0.00812819 0.00207113 0.27090604 0.20344803 0.00451269 0.05418471 0.03550300 0.00586273 0.01213870 0.04321801 0.00167593 0.00998049 0.27063204
2 0.07244281 0.04849341 0.02190060 0.01497250 0.00582622 0.04252561 0.03619491 0.04439431 0.01123880 0.02245650 0.03642181 0.02515351 0.01653380 0.01491660 0.41085208 0.08063272 0.05564271 0.00431753 0.00691425 0.02816931
3 0.06540356 0.01969899 0.08812775 0.13114992 0.00588571 0.03479008 0.05057327 0.40668675 0.01586349 0.00554719 0.02003589 0.03738308 0.00419149 0.01315209 0.01094699 0.06017366 0.01235999 0.00189807 0.00528236 0.01084969
4 0.06500606 0.01566159 0.01415489 0.00997052 0.01411559 0.01141379 0.01514919 0.01513709 0.00907963 0.22054987 0.15582791 0.01796609 0.04772487 0.03515098 0.01150599 0.03241358 0.05130197 0.00392243 0.01363709 0.24031086
5 0.22991487 0.08234245 0.02551319 0.02438229 0.00901729 0.06037077 0.05907417 0.04244158 0.03052868 0.03538188 0.02209429 0.12824293 0.02024969 0.01496199 0.03166458 0.07507166 0.04938237 0.00616941 0.00827556 0.04492037
6 0.06203364 0.02518238 0.05710545 0.15665985 0.01118099 0.04622326 0.12045088 0.02288838 0.02585028 0.09580311 0.05615245 0.04157326 0.01981728 0.02155788 0.01241499 0.05548045 0.06771843 0.00778765 0.01755568 0.07656373
7 0.16440895 0.04045839 0.03897339 0.02714419 0.02659819 0.02777109 0.03688459 0.07609388 0.01694849 0.02637869 0.03421759 0.03212469 0.01705709 0.01283330 0.03180659 0.23674493 0.08972277 0.00834111 0.01494890 0.04054319
8 0.04120482 0.01161520 0.00714701 0.00251499 0.01060070 0.00661966 0.00440641 0.00837475 0.00391329 0.24623011 0.23635010 0.00821628 0.06956883 0.04041422 0.00881908 0.01550341 0.03860042 0.00232359 0.00978401 0.22779310
9 0.05429723 0.07160074 0.03835362 0.11326206 0.00373195 0.07244894 0.24270112 0.01910271 0.02974092 0.02462381 0.03097722 0.14364707 0.00447601 0.01694511 0.01606501 0.03827712 0.02797181 0.00260303 0.01561821 0.03355632
10 0.01892390 0.01406970 0.01611390 0.00565753 0.00705232 0.00433132 0.00691133 0.00558299 0.05322770 0.02091910 0.06401810 0.00770161 0.00538558 0.29512699 0.00355625 0.01970830 0.02148330 0.02069490 0.38461899 0.02491620
11 0.02780552 0.06022754 0.03367512 0.01846831 0.01763731 0.02564332 0.04518643 0.01211141 0.05384014 0.04073073 0.07099345 0.06832775 0.00969264 0.18843214 0.00983426 0.01861591 0.02429342 0.02168292 0.22420016 0.02860152
12 0.03358810 0.02356300 0.02214650 0.01035610 0.01085910 0.01372520 0.01987050 0.01911800 0.03433700 0.06724419 0.13656899 0.01869240 0.02735080 0.24937398 0.00962558 0.02186560 0.03335500 0.01727910 0.16509699 0.06598389
13 0.03556500 0.04633950 0.13804101 0.23601301 0.00761181 0.06108640 0.12441301 0.07188870 0.02162360 0.00994508 0.01583500 0.10572501 0.00242730 0.01161080 0.01349680 0.04552360 0.02312140 0.00182977 0.00923609 0.01866710
14 0.04444120 0.03290810 0.08039340 0.26313100 0.00453594 0.06223240 0.22620800 0.03147550 0.02486760 0.01617450 0.02056450 0.08623860 0.00145138 0.00427682 0.00800956 0.04167810 0.02565520 0.00148264 0.00449087 0.01978470
15 0.06690723 0.21642211 0.03872832 0.02553511 0.01734751 0.06033063 0.05123253 0.02822131 0.03082832 0.02602051 0.03621772 0.15324508 0.02209061 0.02522161 0.03110462 0.06739633 0.03750882 0.01231521 0.02031921 0.03300722
16 0.06618537 0.01608639 0.08783226 0.06950447 0.00639718 0.02569029 0.02876839 0.51597674 0.01665959 0.00548566 0.01977359 0.02285419 0.00688000 0.01270509 0.00988210 0.05895387 0.01410019 0.00133064 0.00485402 0.01007999
17 0.04655691 0.00390988 0.00750865 0.00244551 0.01278380 0.00599983 0.00230840 0.00856234 0.00221218 0.28965306 0.17066704 0.00504283 0.04943891 0.02809331 0.00628934 0.01146950 0.04464111 0.00173609 0.00881323 0.29186806
18 0.08241911 0.10212801 0.04083520 0.04640811 0.00976464 0.07677271 0.05600011 0.15809402 0.02911880 0.02339310 0.08126171 0.06483021 0.01528710 0.02136380 0.03367880 0.08018311 0.03126700 0.00731744 0.01797580 0.02190120
19 0.06083138 0.04306849 0.04939989 0.14270796 0.00390558 0.10146497 0.26198693 0.01816770 0.03665409 0.02751589 0.02915459 0.07567078 0.00518026 0.02137179 0.01736910 0.03667849 0.03069429 0.00225963 0.01359970 0.02231849
20 0.03419701 0.01426660 0.02564110 0.00441661 0.00757861 0.01082650 0.03282710 0.01822570 0.02014530 0.10567202 0.33399105 0.00743688 0.12434102 0.03624011 0.04917611 0.04615761 0.04378301 0.00234950 0.00658095 0.07614721
21 0.16239701 0.04136770 0.03868370 0.02750640 0.02680640 0.02821500 0.03810950 0.07593380 0.01720880 0.02620130 0.03386880 0.03260500 0.01673220 0.01275180 0.03299150 0.23617501 0.08898311 0.00818504 0.01515790 0.04012000
22 0.03595662 0.01683191 0.00975212 0.00725506 0.00868946 0.00865946 0.01464101 0.01361841 0.00931306 0.15458308 0.34205918 0.01057231 0.07671854 0.07384624 0.01051281 0.02434781 0.03078282 0.00509223 0.02512181 0.12164606
23 0.05614576 0.22656583 0.06860185 0.02334228 0.00251566 0.11926591 0.04698217 0.00961914 0.01876289 0.01019139 0.00902139 0.27577380 0.00955038 0.01150509 0.00821799 0.04019347 0.04090087 0.00202621 0.00595352 0.01486439
24 0.11092897 0.01796760 0.04597199 0.03784729 0.00866617 0.02033079 0.02607449 0.52313087 0.01515540 0.01032590 0.02133399 0.01473560 0.00753094 0.01283710 0.01303250 0.07489478 0.01803370 0.00220231 0.00365833 0.01534130
25 0.05339000 0.01352820 0.01159880 0.00844622 0.01275740 0.01182030 0.01273000 0.01120030 0.00928693 0.24148298 0.18897298 0.01285640 0.05141620 0.04007750 0.00959708 0.02277000 0.04324000 0.00304206 0.01567470 0.22611198
26 0.28481984 0.02275559 0.02407549 0.01229579 0.03925738 0.01826729 0.02075369 0.10505894 0.01307889 0.02026679 0.01822409 0.01496139 0.01104319 0.00617950 0.01863769 0.24362186 0.07639516 0.00361991 0.00791395 0.03877358
27 0.07456511 0.03172981 0.04135211 0.01019400 0.01614840 0.02817421 0.05188261 0.03532481 0.07607842 0.03426031 0.09525242 0.03132041 0.13282403 0.02318080 0.02197800 0.08401322 0.12864203 0.02083530 0.01209710 0.05014691
28 0.06861300 0.04379650 0.05217740 0.14283599 0.00620948 0.06807840 0.23040299 0.03416750 0.03165860 0.02453780 0.03439370 0.07282340 0.00979577 0.01836840 0.02228650 0.05422860 0.03934500 0.00435990 0.01315160 0.02876950
29 0.04443450 0.00340205 0.00705967 0.00193175 0.01240090 0.00538850 0.00126688 0.00815754 0.00122092 0.29127002 0.17550101 0.00416864 0.05281570 0.02769130 0.00633967 0.01018850 0.04390640 0.00174956 0.00804245 0.29306402
30 0.06975597 0.05255135 0.03108323 0.06643447 0.00791382 0.05922206 0.15987416 0.02409292 0.08421688 0.07667018 0.04658575 0.06002726 0.01941202 0.02316432 0.02154732 0.10073110 0.03111493 0.00643431 0.01442771 0.04474024
31 0.11162399 0.01808080 0.04540910 0.03724890 0.00860937 0.02023080 0.02656550 0.52012396 0.01551930 0.01082520 0.02244210 0.01472410 0.00778733 0.01305720 0.01274450 0.07509399 0.01825230 0.00219493 0.00386594 0.01560070
32 0.04331331 0.00609363 0.00723737 0.00260615 0.01192390 0.00544904 0.00409630 0.00831465 0.00296317 0.25378206 0.22412506 0.00520129 0.05752161 0.04145221 0.00650588 0.01451570 0.04182341 0.00199187 0.01174530 0.24933806
33 0.03125998 0.00859645 0.00493832 0.00168282 0.00898488 0.00379780 0.00307137 0.00599730 0.00243903 0.22374385 0.31955978 0.00358598 0.07368885 0.05784026 0.00525568 0.01265779 0.03028578 0.00129934 0.01188389 0.18943087
34 0.08861872 0.19971005 0.01440930 0.01581720 0.01025180 0.04904831 0.03174991 0.03179091 0.01713920 0.03840701 0.01884700 0.08261522 0.03112151 0.01208870 0.19812605 0.08571442 0.02332921 0.00782557 0.00948017 0.03390971
35 0.01736230 0.01392990 0.01565830 0.00522026 0.00791081 0.00398842 0.00810133 0.00649559 0.04516699 0.02566899 0.06585159 0.00763893 0.00754895 0.34459493 0.00370481 0.01510040 0.02735329 0.01533040 0.33079893 0.03257489
36 0.08836915 0.05601973 0.06206064 0.04453303 0.01496211 0.04571453 0.06619824 0.04403533 0.10845907 0.03942752 0.04849263 0.05000433 0.01931571 0.06750624 0.01715201 0.06001584 0.03719552 0.01640661 0.07779385 0.03633792
37 0.15309015 0.02666433 0.04716745 0.00992160 0.02961263 0.02251332 0.02235592 0.03950894 0.01093511 0.02524372 0.02761313 0.01580802 0.01797932 0.00780297 0.01614172 0.27952128 0.18660718 0.00660407 0.01249391 0.04241524
38 0.03111028 0.02405099 0.02099609 0.01195889 0.00976880 0.01055059 0.01444129 0.00862836 0.05463887 0.03116898 0.07829295 0.01834649 0.00941070 0.19775289 0.00642999 0.03351348 0.02313159 0.02609288 0.35961179 0.03010408
39 0.07420121 0.14044101 0.02296440 0.02577860 0.02086190 0.04013620 0.06751541 0.02652980 0.09143891 0.07634591 0.03487040 0.07214571 0.01958840 0.02376180 0.02458940 0.11783701 0.03258920 0.01160960 0.01960410 0.05719101
40 0.01744499 0.01394829 0.01553729 0.00514149 0.00803889 0.00417893 0.00828432 0.00654211 0.04550936 0.02596258 0.06675795 0.00771554 0.00763557 0.34421272 0.00357710 0.01484799 0.02732348 0.01512729 0.32957174 0.03264237
41 0.06458291 0.16550003 0.06605921 0.04716121 0.00357419 0.11947602 0.07894891 0.01701600 0.02508160 0.01790760 0.01811160 0.22454904 0.00893478 0.01562130 0.01279210 0.04407161 0.03891951 0.00277670 0.00921337 0.01970230
42 0.29251396 0.02317990 0.02246470 0.01557450 0.03079450 0.01442280 0.02113160 0.22877097 0.00868800 0.00827479 0.01325390 0.01069890 0.00615278 0.00673299 0.01445670 0.21576197 0.04266749 0.00269634 0.00234005 0.01942320
43 0.02675193 0.02206642 0.00946669 0.00780231 0.00775360 0.00762341 0.00961424 0.00578253 0.03738944 0.04608525 0.16058317 0.01651962 0.01913492 0.17420918 0.00371664 0.02220862 0.02134222 0.02834433 0.33358935 0.04001614
44 0.03641681 0.00894901 0.00612311 0.00213129 0.01012240 0.00459894 0.00468236 0.00712584 0.00342752 0.21907004 0.29431505 0.00518120 0.06926751 0.05696911 0.00624045 0.01517640 0.03482481 0.00173432 0.01345580 0.20018803
45 0.04179400 0.04314810 0.01199410 0.01222660 0.00950436 0.04817580 0.11127301 0.01289150 0.03417520 0.07113681 0.19069902 0.05227630 0.03596880 0.13120101 0.01857850 0.02398200 0.03115180 0.00914486 0.06279021 0.04788800
46 0.03605132 0.01686581 0.01009941 0.00727851 0.00884254 0.00875016 0.01497171 0.01281611 0.00955244 0.15414510 0.34155621 0.01103281 0.07700825 0.07333605 0.01023761 0.02489452 0.03097282 0.00476466 0.02516792 0.12165608
47 0.08721912 0.08342682 0.05826201 0.07421541 0.00905031 0.10996902 0.10024602 0.04086461 0.03403971 0.03282871 0.03317731 0.10521402 0.01286530 0.02186550 0.03401051 0.06540831 0.04474021 0.00630660 0.01406490 0.03222561
48 0.14830086 0.01439989 0.01288529 0.00926384 0.01927088 0.01538319 0.01772038 0.02389848 0.01141499 0.16936484 0.10436090 0.01827958 0.03764386 0.02135578 0.02046448 0.06318874 0.06611714 0.00350310 0.00967701 0.21350679
49 0.14292593 0.07416807 0.02943509 0.01860449 0.01762509 0.02765979 0.03150359 0.12083794 0.01389469 0.01520849 0.02009919 0.03422198 0.00979950 0.00860214 0.03113229 0.24866089 0.11869295 0.00836279 0.00607223 0.02249289
50 0.04738221 0.01554050 0.08674571 0.30475204 0.00455919 0.06415361 0.25424903 0.02730520 0.02634290 0.01508820 0.01790880 0.05031421 0.00083249 0.00194495 0.00411358 0.03400730 0.02832950 0.00076120 0.00233027 0.01333910
51 0.04682777 0.00384063 0.00733262 0.00240647 0.01290839 0.00605556 0.00225122 0.00851099 0.00206455 0.29043279 0.16995388 0.00505935 0.04910007 0.02796588 0.00649581 0.01137179 0.04434327 0.00166024 0.00880694 0.29261179
52 0.23880400 0.03234820 0.03730500 0.02448750 0.01473250 0.05175450 0.04413170 0.04818850 0.11897200 0.05799780 0.04090400 0.03857090 0.01559320 0.03355890 0.02011340 0.06970040 0.03570450 0.01038840 0.02698370 0.03976090
53 0.05363978 0.01306910 0.01076540 0.00820753 0.01272720 0.01201110 0.01323620 0.01127930 0.00943340 0.24296491 0.18901693 0.01280520 0.05171728 0.03923649 0.00971374 0.02274549 0.04258958 0.00314889 0.01486859 0.22682392
54 0.14735398 0.03975259 0.12027198 0.06827599 0.01840490 0.04576979 0.05701079 0.08075659 0.03467719 0.02253250 0.02788000 0.05204799 0.01558800 0.01805620 0.01466180 0.12025098 0.06782049 0.00376825 0.01123000 0.03388999
55 0.25398794 0.03073609 0.02445459 0.02194659 0.02659749 0.02970549 0.03656469 0.09875108 0.02329009 0.04585139 0.04094599 0.03045159 0.01749240 0.01651650 0.02430859 0.13617297 0.06260158 0.00651034 0.01164060 0.06147399
56 0.04106296 0.00395054 0.00647490 0.00169129 0.01190249 0.00489754 0.00170490 0.00751475 0.00153860 0.27656073 0.21255180 0.00353150 0.05556695 0.03585067 0.00545090 0.01024199 0.04056866 0.00141539 0.00945871 0.26806474
57 0.16581404 0.03938521 0.03826951 0.02765731 0.02705201 0.02763211 0.03737271 0.07675712 0.01703490 0.02613021 0.03350181 0.03162521 0.01715570 0.01316940 0.03258211 0.23610106 0.08898172 0.00796936 0.01554760 0.04026091
58 0.08017314 0.02624071 0.02143881 0.00960782 0.02130481 0.01459921 0.02041631 0.01368361 0.02306021 0.05122023 0.07398694 0.02134881 0.02100221 0.14941208 0.00847467 0.09503235 0.11802706 0.01262171 0.15661908 0.06173023
59 0.03812267 0.01133189 0.00704245 0.00233889 0.00990719 0.00597928 0.00416742 0.00770895 0.00346673 0.24255883 0.25028282 0.00737015 0.07712485 0.04117837 0.00900734 0.01518599 0.03677507 0.00235548 0.00944277 0.21865285
60 0.06554048 0.15198895 0.05757218 0.05341068 0.00697656 0.07596517 0.07846497 0.02595559 0.02517849 0.02357269 0.02604969 0.20630693 0.01463119 0.01919379 0.01869159 0.05380978 0.03967319 0.00675669 0.01491549 0.03534589
61 0.05330978 0.01134040 0.01584109 0.00523096 0.01713389 0.00953032 0.01353789 0.01129660 0.01211949 0.15783393 0.13862394 0.01222969 0.03995238 0.14020794 0.00760865 0.02563279 0.07611437 0.00616440 0.06105457 0.18523692
62 0.05772924 0.19989214 0.06928505 0.03139192 0.00239089 0.12007109 0.05927184 0.01196541 0.01953421 0.01140591 0.01168451 0.26991819 0.00835173 0.01210571 0.00802406 0.04061973 0.04116033 0.00206493 0.00633040 0.01680271
63 0.05439430 0.01386280 0.01130320 0.00807788 0.01294580 0.01179490 0.01296930 0.01173610 0.00939824 0.24122899 0.18578899 0.01328030 0.05119210 0.04058940 0.00968287 0.02290000 0.04317120 0.00320137 0.01577930 0.22670299
64 0.05727589 0.01970250 0.11034299 0.05121879 0.01378250 0.02918060 0.04156780 0.02461960 0.03580510 0.13446299 0.08325509 0.02799010 0.02867860 0.04220650 0.01337520 0.06303629 0.07340029 0.00589921 0.02834300 0.11585699
65 0.07963809 0.01890660 0.09977239 0.04639929 0.01402240 0.02596310 0.04750059 0.11241998 0.03035090 0.03503220 0.11289198 0.02208710 0.04530169 0.01550650 0.03822739 0.10826598 0.09563239 0.00329884 0.00711400 0.04166859
66 0.04944837 0.01780349 0.08256615 0.28858683 0.00438287 0.06569396 0.25839085 0.02641928 0.02668568 0.01587269 0.01824069 0.05235087 0.00117614 0.00293069 0.00557186 0.03574978 0.02932558 0.00103854 0.00267249 0.01509319
67 0.04418942 0.02024321 0.08307124 0.27411013 0.00629188 0.05841233 0.23050311 0.03552552 0.02706751 0.01836511 0.03499682 0.06098623 0.00329840 0.00504760 0.00975515 0.03800142 0.02630391 0.00139028 0.00560973 0.01683101
68 0.32891092 0.01968540 0.01891900 0.01087990 0.03468099 0.01154090 0.01850360 0.22677995 0.00797752 0.00741451 0.01075380 0.00753809 0.00522791 0.00649716 0.00901152 0.21107595 0.04164189 0.00205669 0.00186933 0.01903500
69 0.11378100 0.03173590 0.04897390 0.02092040 0.02178910 0.02830310 0.03902050 0.03209030 0.01691580 0.06473020 0.06423680 0.03340990 0.03044480 0.02765960 0.02551970 0.13315300 0.15709900 0.00916781 0.01778150 0.08326770
70 0.04299512 0.00565467 0.00704312 0.00209748 0.01174200 0.00545571 0.00206177 0.00801119 0.00184745 0.27457511 0.19927608 0.00497771 0.05888702 0.03267511 0.00703063 0.01235350 0.04217822 0.00189449 0.00856548 0.27067811
71 0.05879705 0.21138484 0.06885545 0.02786978 0.00295222 0.11561691 0.04467877 0.01434219 0.01768699 0.00916651 0.00712495 0.25655780 0.00750331 0.00995713 0.01742499 0.06730195 0.04054257 0.00279503 0.00431409 0.01512749
72 0.06075778 0.07665387 0.07838117 0.18376993 0.00749984 0.04911378 0.10741696 0.06049638 0.02135839 0.01696729 0.01784689 0.09731936 0.00537219 0.00905599 0.02129729 0.11777096 0.02550399 0.00619000 0.00772145 0.02950649
73 0.06692405 0.04408206 0.05294436 0.14543488 0.00623396 0.06744525 0.23148781 0.03396097 0.03194587 0.02405358 0.03402377 0.07374884 0.00988952 0.01776239 0.02200538 0.05363056 0.03946917 0.00383051 0.01258399 0.02854308
74 0.11181894 0.04587917 0.03177808 0.04863787 0.01148269 0.03449898 0.11704193 0.06195716 0.01940729 0.01766319 0.02255379 0.04657677 0.01300469 0.00863578 0.05469687 0.24239186 0.06412406 0.00935842 0.00912425 0.02936818
75 0.02206212 0.01598771 0.00531597 0.00313209 0.00754871 0.00491399 0.00802654 0.00659492 0.01247691 0.10931409 0.32590427 0.00801828 0.06261975 0.18372015 0.00437440 0.01388391 0.02340682 0.01037871 0.08866377 0.08365687
76 0.25499089 0.03159979 0.02430999 0.02177369 0.02644339 0.03002959 0.03691878 0.09797866 0.02341509 0.04516778 0.04030028 0.03074189 0.01724209 0.01615309 0.02466659 0.13596194 0.06259637 0.00700965 0.01161119 0.06108927
77 0.03626824 0.00898168 0.00629057 0.00231667 0.01016851 0.00473877 0.00490749 0.00710934 0.00367891 0.21886223 0.29332531 0.00525160 0.06897017 0.05708886 0.00635513 0.01520722 0.03480244 0.00190025 0.01374441 0.20003221
78 0.05814827 0.03852818 0.08664736 0.22771890 0.00526492 0.09418346 0.18478592 0.02945809 0.02697619 0.01675459 0.01625019 0.06973007 0.00427770 0.00867058 0.00951192 0.04576648 0.05070548 0.00334135 0.00385117 0.01942919
79 0.27153806 0.01506150 0.02439721 0.00660599 0.04346391 0.01254430 0.01723340 0.06146141 0.00866318 0.02222510 0.02098860 0.00846007 0.01474790 0.00466757 0.00680168 0.26451506 0.13243903 0.00296119 0.01062730 0.05059751
80 0.31715293 0.01105460 0.02095870 0.00595309 0.07950608 0.01035530 0.00893868 0.09368168 0.00865258 0.01948020 0.01418080 0.00416624 0.01079600 0.00358971 0.00348902 0.26018194 0.08080608 0.00160591 0.00568150 0.03976899
81 0.04684869 0.07573508 0.08857028 0.18896296 0.00570025 0.06458089 0.12938397 0.04705829 0.02100630 0.01563260 0.01767190 0.14523297 0.00468970 0.01048170 0.01442580 0.05591129 0.02623699 0.00465929 0.00926269 0.02794839
82 0.05205105 0.00304094 0.00834964 0.00235488 0.01496151 0.00582700 0.00238810 0.00933497 0.00200282 0.28262427 0.16086115 0.00431336 0.04785285 0.02648513 0.00595837 0.01780102 0.05473015 0.00180458 0.00936494 0.28789327
83 0.01622719 0.01258509 0.01366899 0.00443855 0.00766601 0.00316540 0.00722172 0.00641072 0.04287438 0.02396079 0.06128027 0.00637264 0.00683834 0.36353785 0.00318974 0.01405379 0.02853369 0.01340689 0.33231386 0.03225409
84 0.09459397 0.06305238 0.05378268 0.05956368 0.01103450 0.12809196 0.11199196 0.02845569 0.09164007 0.04035839 0.04053679 0.07707367 0.01339950 0.03367239 0.01686399 0.04683548 0.03450979 0.00648725 0.02224519 0.02581069
85 0.04903733 0.01830511 0.08242305 0.28709519 0.00442679 0.06581654 0.25796217 0.02650352 0.02674852 0.01598861 0.01833221 0.05290793 0.00122744 0.00307650 0.00558350 0.03608362 0.02912892 0.00111876 0.00288365 0.01535061
86 0.03654770 0.00907782 0.00635006 0.00256834 0.01018600 0.00471248 0.00501251 0.00725229 0.00369241 0.21865302 0.29377303 0.00523417 0.06897491 0.05635551 0.00648410 0.01539110 0.03497150 0.00179903 0.01333000 0.19963402
87 0.04628090 0.00290493 0.00729544 0.00222215 0.01287020 0.00568521 0.00176127 0.00853838 0.00151427 0.29541098 0.16578199 0.00438538 0.04836470 0.02650300 0.00603626 0.01041180 0.04469630 0.00163088 0.00833600 0.29936998
88 0.08679001 0.18709981 0.03368797 0.02444028 0.02307378 0.04864715 0.04411226 0.04567625 0.02871317 0.01817458 0.02040168 0.10554589 0.01534968 0.01470399 0.04266946 0.16010084 0.04962945 0.01098149 0.01163939 0.02856287
89 0.11520192 0.03146678 0.13222291 0.04747067 0.01994119 0.03565988 0.03716648 0.06564216 0.02426758 0.01882329 0.02290758 0.03981837 0.01304179 0.01234109 0.01848889 0.20912186 0.11435392 0.00371963 0.00907473 0.02926928
90 0.05007170 0.01954100 0.08181410 0.28316501 0.00375396 0.07925410 0.25467801 0.02301500 0.02823450 0.01739130 0.01688240 0.05236190 0.00099042 0.00337082 0.00438228 0.03320910 0.02909560 0.00078874 0.00253123 0.01546880
91 0.04700159 0.00375171 0.00735618 0.00242043 0.01292320 0.00591467 0.00217561 0.00854268 0.00218105 0.28966293 0.17088596 0.00492111 0.04927629 0.02821519 0.00648120 0.01156130 0.04452179 0.00172445 0.00902775 0.29145493
92 0.03710970 0.00647683 0.00584062 0.00179044 0.01058160 0.00473451 0.00282620 0.00685747 0.00244136 0.25250403 0.26079203 0.00387641 0.06384431 0.04568431 0.00556229 0.01167390 0.03579990 0.00147225 0.01098180 0.22915003
93 0.06507016 0.15218413 0.05725225 0.05364075 0.00673298 0.07585777 0.07943617 0.02647212 0.02491022 0.02375532 0.02561352 0.20669418 0.01469961 0.01854672 0.01824852 0.05403455 0.03962683 0.00666098 0.01472441 0.03583883
94 0.04218383 0.00289489 0.00660337 0.00163426 0.01229921 0.00497099 0.00122531 0.00766970 0.00111032 0.28765422 0.19488315 0.00323410 0.05266514 0.03165782 0.00529438 0.00939065 0.04201023 0.00142626 0.00893795 0.28225421
95 0.05108668 0.07414698 0.16467295 0.11175397 0.00680566 0.09637807 0.07791878 0.04949828 0.03304299 0.01332370 0.01521660 0.11039997 0.00689768 0.01790599 0.01293660 0.06592258 0.06284958 0.00250111 0.00706916 0.01967269
96 0.06517587 0.15081094 0.05649468 0.05436728 0.00689547 0.07562927 0.07985607 0.02686389 0.02487029 0.02355949 0.02562089 0.20671992 0.01423789 0.01863599 0.01908339 0.05425738 0.03938618 0.00655603 0.01534679 0.03563229
97 0.04222311 0.00293956 0.00656102 0.00163384 0.01223740 0.00493825 0.00129217 0.00766525 0.00120887 0.28711807 0.19565105 0.00326828 0.05271031 0.03197141 0.00528914 0.00939440 0.04176201 0.00144002 0.00891774 0.28177807
98 0.02392401 0.01424621 0.00760292 0.00181885 0.00594919 0.00405295 0.00867558 0.00694569 0.00655646 0.14827609 0.41650525 0.00480237 0.10396706 0.07591235 0.00907218 0.02098791 0.02430421 0.00165233 0.01333031 0.10141806
99 0.07053147 0.02817519 0.22307491 0.05215328 0.01365609 0.04189388 0.03389419 0.05289618 0.03537879 0.01717579 0.01878659 0.04770038 0.01167900 0.01755239 0.01584069 0.15655193 0.12534195 0.00304039 0.00848043 0.02619649
100 0.05096159 0.06220079 0.02746260 0.08283679 0.00515526 0.08061009 0.23227196 0.01688900 0.03782189 0.03854659 0.06983759 0.13445498 0.00809143 0.02455620 0.02042380 0.02953789 0.02152860 0.00252018 0.02417410 0.03011869
101 0.06754453 0.04449422 0.05314532 0.14536106 0.00604172 0.06812053 0.23177010 0.03371081 0.03187301 0.02452781 0.03374621 0.07446923 0.00951121 0.01779971 0.02163521 0.05351242 0.03873112 0.00399015 0.01229681 0.02771881
102 0.06804328 0.12544096 0.03113859 0.04071639 0.00674676 0.04312219 0.07975997 0.02123029 0.02611089 0.04894828 0.03823229 0.18435094 0.02147539 0.02139979 0.02142699 0.05096048 0.03721479 0.00901886 0.01199290 0.11266996
103 0.03633883 0.01713441 0.00986573 0.00779961 0.00892552 0.00894881 0.01531671 0.01346711 0.00988519 0.15342612 0.34001227 0.01123511 0.07635146 0.07350346 0.01051101 0.02501562 0.03113802 0.00457981 0.02592312 0.12062209
104 0.29038221 0.02259612 0.02251572 0.01563621 0.02908312 0.01400791 0.02105002 0.25260018 0.00885759 0.00765643 0.01354801 0.00999015 0.00600104 0.00740107 0.01221051 0.20372915 0.03997463 0.00254651 0.00215972 0.01805371
105 0.19436501 0.02698630 0.03119890 0.08311150 0.00635670 0.05937550 0.20898301 0.04066770 0.02471360 0.01982310 0.02480140 0.05550900 0.00848643 0.01452530 0.01981630 0.06070340 0.06864690 0.00344477 0.00905577 0.03942940
106 0.04911300 0.01811100 0.08282799 0.28853798 0.00435190 0.06581009 0.25812798 0.02613880 0.02667030 0.01590730 0.01792840 0.05262530 0.00114699 0.00286696 0.00540161 0.03606820 0.02924280 0.00103156 0.00271206 0.01537980
107 0.05346796 0.01321239 0.01121289 0.00829983 0.01292069 0.01179729 0.01255039 0.01156679 0.00925320 0.24307580 0.18949585 0.01278089 0.05167356 0.03872627 0.00961520 0.02235238 0.04284917 0.00304155 0.01437809 0.22772982
108 0.07271189 0.05814039 0.01561820 0.01665110 0.00945506 0.02021070 0.02012800 0.01767100 0.03432219 0.02371530 0.06498489 0.02819940 0.01961070 0.08969029 0.01355810 0.05921489 0.04769719 0.29090195 0.06729509 0.03022370
109 0.04321021 0.00242119 0.00677319 0.00163450 0.01250430 0.00499672 0.00117770 0.00782146 0.00103954 0.29188809 0.18491906 0.00319670 0.05098052 0.02980201 0.00538270 0.00910000 0.04304441 0.00144136 0.00862222 0.29004409
110 0.05819009 0.03167899 0.01812970 0.00765345 0.01315390 0.01426920 0.01932010 0.01999670 0.01533930 0.13788097 0.22884695 0.02287690 0.09989988 0.04491609 0.01940050 0.04618849 0.05245719 0.00765265 0.01339900 0.12874997
111 0.08730961 0.02141580 0.09958741 0.04272560 0.01561720 0.02527540 0.04369790 0.06735181 0.03112950 0.03556160 0.12571401 0.02176070 0.05558911 0.01532910 0.03113770 0.14518002 0.07767201 0.00413229 0.01079020 0.04302300
112 0.02630649 0.06116717 0.00735976 0.00498202 0.01017100 0.01283709 0.02047429 0.00869054 0.01760569 0.09509055 0.32659484 0.03105619 0.06310067 0.12408194 0.00650656 0.01870729 0.02046569 0.02146339 0.06129287 0.06204597
113 0.20652700 0.02991720 0.03263380 0.02683070 0.02303250 0.02052590 0.02755910 0.23185300 0.01180260 0.01039830 0.01909360 0.01808390 0.00822638 0.00838644 0.02482800 0.22248200 0.04873600 0.00472127 0.00410589 0.02025640
114 0.08545966 0.08463576 0.05893547 0.07354016 0.00869988 0.11090295 0.10054095 0.04193878 0.03432808 0.03188748 0.03243618 0.10471195 0.01303419 0.02195049 0.03475438 0.06595407 0.04459688 0.00660771 0.01349299 0.03159198
115 0.06636801 0.01559080 0.01395840 0.00993490 0.01442910 0.01111630 0.01467000 0.01557580 0.00879608 0.22078702 0.15403501 0.01773150 0.04704290 0.03609880 0.01159110 0.03268810 0.05108890 0.00398733 0.01423890 0.24027102
116 0.17394699 0.02704880 0.09387110 0.02964900 0.07820230 0.02072510 0.01954600 0.06204240 0.02200330 0.01997720 0.02230430 0.01943070 0.01774070 0.01230300 0.01211290 0.22412799 0.09594720 0.00369114 0.01091560 0.03441430
117 0.08716957 0.08348207 0.05767518 0.07455747 0.00895059 0.10964496 0.10075296 0.04232458 0.03349559 0.03242689 0.03283329 0.10385696 0.01293199 0.02176119 0.03514149 0.06620557 0.04504038 0.00619410 0.01334569 0.03220949
118 0.08369128 0.02415569 0.04325149 0.01151480 0.01649600 0.02791369 0.04499739 0.10402397 0.08722327 0.03004979 0.07484938 0.02901339 0.10432397 0.02054809 0.02030809 0.08740677 0.12432896 0.01688340 0.00742539 0.04159519
119 0.03629841 0.01704330 0.00973464 0.00746745 0.00862402 0.00878750 0.01458320 0.01378400 0.00951331 0.15441003 0.34094007 0.01102430 0.07641182 0.07347352 0.01063950 0.02447911 0.03070391 0.00486747 0.02536141 0.12185303
120 0.25102401 0.03154890 0.02499740 0.02284040 0.02614890 0.03029670 0.03701920 0.09691060 0.02301820 0.04582570 0.04054280 0.03070600 0.01737190 0.01668950 0.02547690 0.13591400 0.06264770 0.00665278 0.01226720 0.06210120
121 0.25300099 0.03148040 0.02473450 0.02217460 0.02639570 0.03013910 0.03663800 0.09638880 0.02393040 0.04616820 0.04084960 0.03148790 0.01792490 0.01636500 0.02501660 0.13483099 0.06228980 0.00664915 0.01186290 0.06167250
122 0.18466089 0.02360969 0.03569448 0.02877448 0.01637899 0.01897839 0.02495179 0.36753579 0.01208709 0.00767627 0.01848969 0.01375529 0.00690758 0.00977743 0.01701699 0.16063691 0.03206408 0.00310289 0.00266780 0.01523349
123 0.09535454 0.02131989 0.03058598 0.00983610 0.02099899 0.01829909 0.01987019 0.06773406 0.02278519 0.13006292 0.07594355 0.01831959 0.03167348 0.02202589 0.01259139 0.11608093 0.15435990 0.00573733 0.01001309 0.11640793
124 0.04336710 0.00557255 0.00694596 0.00207892 0.01190920 0.00548103 0.00184385 0.00805420 0.00168242 0.27857298 0.19387598 0.00511385 0.05739700 0.03151450 0.00716797 0.01163610 0.04228890 0.00192613 0.00848140 0.27508998
125 0.04419482 0.00460817 0.00722086 0.00236683 0.01248721 0.00554561 0.00310518 0.00847831 0.00227276 0.27132812 0.19993609 0.00461862 0.05372272 0.03499712 0.00626620 0.01218761 0.04320422 0.00178590 0.01018950 0.27148412
126 0.16043498 0.02063960 0.02267800 0.00636478 0.02793650 0.01549550 0.02729240 0.02393570 0.01494810 0.06324119 0.07797009 0.02189250 0.08780219 0.01604080 0.01286770 0.11554698 0.15834398 0.00939232 0.00973374 0.10744298
127 0.15961509 0.07985234 0.03000302 0.03125452 0.01364761 0.02920742 0.03416832 0.18180610 0.01308681 0.01075321 0.01864701 0.03840322 0.00749259 0.00893375 0.04853233 0.21848212 0.04459042 0.00770796 0.00505175 0.01876441
128 0.05078501 0.16226502 0.12840502 0.06333901 0.00940815 0.08408331 0.04366811 0.03843961 0.02983810 0.01040960 0.01475650 0.18022203 0.00927869 0.01983010 0.01351260 0.05922341 0.04479691 0.00485141 0.01280370 0.02008370
129 0.03095700 0.01062380 0.00514759 0.00203417 0.00852981 0.00448845 0.00505909 0.00617468 0.00385179 0.20525897 0.33994495 0.00483765 0.07732469 0.06357309 0.00586716 0.01487040 0.02876830 0.00156305 0.01357540 0.16754998
130 0.14982400 0.01404730 0.01316810 0.00889362 0.01973770 0.01560090 0.01767480 0.02408360 0.01169190 0.16823600 0.10413600 0.01772210 0.03729750 0.02128530 0.02039940 0.06441380 0.06652820 0.00339751 0.00936225 0.21250000
131 0.06631402 0.21642706 0.03859161 0.02589511 0.01751731 0.06072932 0.05140912 0.02822961 0.03136721 0.02673401 0.03605611 0.15245105 0.02214271 0.02542661 0.03014381 0.06695172 0.03723661 0.01206860 0.02090831 0.03340011
132 0.03664901 0.00896411 0.00630834 0.00257399 0.01010700 0.00463290 0.00492875 0.00721601 0.00367735 0.21770503 0.29448505 0.00529013 0.06887671 0.05742351 0.00606334 0.01549760 0.03496281 0.00186932 0.01380000 0.19896903
133 0.05283100 0.02819950 0.09314410 0.25179001 0.00744274 0.05984480 0.17720001 0.05932310 0.02607730 0.01820480 0.02210530 0.06342890 0.00438514 0.01029040 0.01211680 0.05059810 0.02741830 0.00395066 0.00992273 0.02172630
134 0.07147659 0.01095390 0.00789925 0.00384285 0.01695070 0.00844589 0.00852904 0.00837058 0.00961836 0.18827296 0.20162596 0.00978617 0.04295799 0.06352479 0.00648358 0.02843589 0.05626599 0.00603057 0.05573299 0.19479596
135 0.09875861 0.01692170 0.01444940 0.00899912 0.01474740 0.01664210 0.02135900 0.02560690 0.01712000 0.14031102 0.24193803 0.01486210 0.05608441 0.04553921 0.01431400 0.04742711 0.04984191 0.00670127 0.02021170 0.12816501
136 0.03979862 0.01878291 0.01917071 0.00873548 0.01241000 0.00859683 0.01285991 0.00899229 0.03594241 0.10016704 0.11591905 0.01584881 0.02402421 0.18773107 0.00657581 0.02554861 0.03896872 0.01323841 0.19277508 0.11391404
137 0.03655971 0.01642810 0.00992742 0.00727183 0.00875214 0.00887164 0.01472300 0.01333310 0.00955403 0.15433603 0.34220307 0.01052370 0.07699102 0.07349002 0.01060310 0.02486061 0.03068421 0.00455123 0.02499701 0.12133903
138 0.03227352 0.02437282 0.02205952 0.01009771 0.01095011 0.01381471 0.01938091 0.01756241 0.03482062 0.06666905 0.13788609 0.01821951 0.02762792 0.24960217 0.00974703 0.02184231 0.03321342 0.01742751 0.16728011 0.06515254
139 0.11204804 0.01834411 0.04588652 0.03741161 0.00848778 0.02018661 0.02599391 0.52158919 0.01521861 0.01047390 0.02132531 0.01478731 0.00760810 0.01261520 0.01308660 0.07590043 0.01774421 0.00226479 0.00378127 0.01524651
140 0.01882110 0.01471090 0.00287759 0.00182565 0.00558658 0.00255659 0.00504678 0.00453079 0.00524013 0.13255202 0.43116008 0.00522425 0.08577472 0.12327302 0.00392652 0.01365360 0.01747240 0.00397714 0.03437281 0.08741732
141 0.19036081 0.02699807 0.02953907 0.00989132 0.03637436 0.01757048 0.02250708 0.04729075 0.01749688 0.03607686 0.05906974 0.02004148 0.07324323 0.01052879 0.02159088 0.18681282 0.10954689 0.00730170 0.00881014 0.06894863
142 0.06610435 0.01577629 0.01384379 0.01036029 0.01413379 0.01129389 0.01502889 0.01490059 0.00858798 0.22120384 0.15606189 0.01784729 0.04735817 0.03491128 0.01145759 0.03273428 0.05106386 0.00358922 0.01337489 0.24036783
143 0.11223206 0.01828851 0.04559893 0.03710302 0.00848428 0.02017351 0.02654911 0.51995629 0.01529461 0.01051291 0.02215871 0.01465811 0.00771898 0.01307801 0.01292511 0.07567144 0.01791151 0.00237931 0.00398078 0.01532481
144 0.10121105 0.06399063 0.05641353 0.14192708 0.00585020 0.04816923 0.09435065 0.05735323 0.01766031 0.01606581 0.01383831 0.11967706 0.00668543 0.00837659 0.02608801 0.14277308 0.02960512 0.00942459 0.00600006 0.03454002
145 0.29351001 0.02312950 0.02255010 0.01508590 0.03129480 0.01422990 0.02078070 0.22668100 0.00867379 0.00827888 0.01320360 0.01051820 0.00625316 0.00675427 0.01397970 0.21781000 0.04313050 0.00280924 0.00226224 0.01906450
146 0.03552041 0.00619448 0.00552157 0.00159446 0.01029750 0.00407385 0.00217370 0.00657237 0.00182010 0.24824610 0.26964611 0.00339864 0.06489283 0.04794402 0.00509751 0.01135010 0.03514231 0.00129891 0.01070490 0.22851009
147 0.25534502 0.02369110 0.02533250 0.01238300 0.03832000 0.01680380 0.01981570 0.08273891 0.00921440 0.01828660 0.01698450 0.01323260 0.00982413 0.00415064 0.01790030 0.29785902 0.08857931 0.00380712 0.00997173 0.03575960
148 0.07665155 0.03507008 0.04456117 0.09769503 0.00897357 0.04735967 0.14661890 0.10947892 0.03938887 0.06322626 0.05009756 0.05174126 0.01846199 0.02067959 0.02202728 0.07334115 0.04094537 0.00494063 0.01188229 0.03685887
149 0.03724322 0.00648150 0.00585812 0.00189268 0.01053661 0.00473200 0.00301981 0.00687327 0.00251364 0.25231616 0.26120417 0.00400120 0.06396164 0.04547043 0.00553687 0.01174681 0.03568372 0.00141586 0.01066211 0.22885015
150 0.02787640 0.01064030 0.00554441 0.00154953 0.00744002 0.00380912 0.00482797 0.00600247 0.00343197 0.19970603 0.35163406 0.00397427 0.08755221 0.06227301 0.00692859 0.01577930 0.02807860 0.00129978 0.01125790 0.16039403
151 0.07652768 0.04396629 0.02681339 0.01959719 0.00482187 0.03923469 0.02940159 0.08861158 0.00701457 0.00948688 0.02549889 0.01972189 0.01064900 0.01088490 0.41414989 0.09924837 0.05060569 0.00372098 0.00395906 0.01608560
152 0.06720756 0.21642587 0.03903668 0.02636548 0.01717239 0.06107656 0.05097577 0.02845768 0.03072178 0.02649768 0.03558448 0.15480191 0.02222349 0.02489559 0.03040798 0.06592456 0.03684218 0.01230249 0.02016689 0.03291298
153 0.07257440 0.04804050 0.02109620 0.01539980 0.00586333 0.04305640 0.03613390 0.04394330 0.01044790 0.02184490 0.03567590 0.02495570 0.01600190 0.01496460 0.41356298 0.08133360 0.05604110 0.00431846 0.00691345 0.02783170
154 0.03104782 0.01423971 0.01349891 0.00547935 0.01168991 0.00877828 0.01290571 0.00831373 0.01569421 0.16285412 0.23436717 0.01086551 0.05102284 0.15391611 0.00586156 0.01385781 0.03310632 0.00485907 0.07282975 0.13481210
155 0.21681287 0.02476769 0.03311788 0.02230469 0.02115519 0.01939159 0.02359569 0.22374287 0.01344939 0.01706779 0.05448257 0.01091939 0.01640339 0.00944554 0.01779739 0.19046989 0.05053577 0.00302575 0.00373019 0.02778448
156 0.05999441 0.04617911 0.16197303 0.09907762 0.01212740 0.05129491 0.06625381 0.07201221 0.03934461 0.02493200 0.03011111 0.07045521 0.01371070 0.02841840 0.01825260 0.08027161 0.06631691 0.00460703 0.02130530 0.03336201
157 0.02652480 0.01106080 0.00524694 0.00149640 0.00717347 0.00301717 0.00424993 0.00572919 0.00320449 0.18758503 0.37150205 0.00365291 0.08813421 0.06859211 0.00622290 0.01579800 0.02662880 0.00127476 0.01200400 0.15090202
158 0.02325952 0.02068182 0.06102106 0.04996865 0.01423651 0.01356891 0.01494261 0.01798212 0.06368566 0.04152244 0.05266675 0.02865683 0.00607810 0.21223219 0.01198361 0.02170462 0.01937792 0.02998473 0.26766124 0.02878473
159 0.04514000 0.00192434 0.00703944 0.00175135 0.01286910 0.00537058 0.00106697 0.00824933 0.00106917 0.30122101 0.16500001 0.00342900 0.04803500 0.02567040 0.00557072 0.00887649 0.04451490 0.00148558 0.00809159 0.30362501
160 0.04962558 0.20089792 0.10355196 0.04472258 0.00212769 0.12160595 0.03997668 0.01624239 0.01787929 0.00458888 0.00516098 0.27048589 0.00501636 0.01038970 0.00478789 0.04337198 0.04359208 0.00131782 0.00263710 0.01202129
161 0.03821837 0.02860528 0.01846818 0.01680169 0.00790572 0.01107159 0.01045999 0.00968940 0.06221175 0.01468219 0.05917355 0.01831138 0.01057889 0.12492889 0.00930112 0.07434624 0.02479398 0.08288253 0.36206769 0.01550159
162 0.03079920 0.02344070 0.02137050 0.01209310 0.00952433 0.01044840 0.01445270 0.00828293 0.05567870 0.03055260 0.07943070 0.01805050 0.00956957 0.19899500 0.00647986 0.03320590 0.02309060 0.02615700 0.35847300 0.02990470
163 0.25050587 0.01826269 0.02506779 0.01970019 0.01545889 0.01504039 0.01896329 0.43187978 0.01087379 0.00435300 0.01403909 0.00708306 0.00434977 0.01188259 0.00552592 0.11296694 0.02052009 0.00142700 0.00108037 0.01101949
164 0.04520349 0.00264614 0.00718378 0.00195173 0.01278570 0.00555368 0.00141346 0.00828566 0.00145500 0.29751492 0.16906996 0.00388215 0.04865159 0.02683549 0.00588278 0.00958095 0.04418099 0.00157018 0.00846545 0.29788692
165 0.04071471 0.02362450 0.12785402 0.27008905 0.00781328 0.05891601 0.16634603 0.06704001 0.02544290 0.01259550 0.01839240 0.06358271 0.00274521 0.01018740 0.01116800 0.04180851 0.02506240 0.00165244 0.00829630 0.01666860
166 0.04666361 0.00554888 0.00799251 0.00240069 0.01432510 0.00583954 0.00454441 0.00868641 0.00336078 0.25413406 0.21297205 0.00473995 0.05630221 0.03707921 0.00714221 0.01929840 0.05195331 0.00183018 0.01249940 0.24268706
167 0.16924205 0.03022311 0.02957321 0.01885161 0.02851521 0.02044011 0.02563901 0.11235503 0.02239521 0.04991321 0.03462841 0.01902591 0.01578090 0.01019120 0.02351701 0.24871207 0.08364022 0.00562770 0.00663803 0.04509081
168 0.07111177 0.10191996 0.02839729 0.03894688 0.00772147 0.03575468 0.07030477 0.02124899 0.02532349 0.07248197 0.05110328 0.14966194 0.02608159 0.02372859 0.02203179 0.04961978 0.03916308 0.00864086 0.01221189 0.14454594
169 0.08544456 0.08365166 0.05873504 0.07545616 0.00882242 0.11018208 0.10034507 0.04224863 0.03418212 0.03269812 0.03258002 0.10418808 0.01255711 0.02210562 0.03544593 0.06495115 0.04516903 0.00628216 0.01348981 0.03146522
170 0.02439398 0.02025608 0.00515659 0.00289148 0.00742193 0.00397457 0.00638092 0.00543060 0.00731981 0.13576888 0.37728266 0.01078359 0.08310793 0.10627291 0.00495377 0.01647669 0.02551318 0.00597438 0.05119335 0.09944671
171 0.06769901 0.21530302 0.03916800 0.02662980 0.01664480 0.06134751 0.05213221 0.02949010 0.02984370 0.02613170 0.03592030 0.15388202 0.02159170 0.02430510 0.03099830 0.06736221 0.03719360 0.01196650 0.01924860 0.03314180
172 0.04164860 0.00829181 0.02513800 0.00380784 0.01022280 0.00752556 0.01141290 0.01372170 0.01075430 0.21156502 0.24211502 0.00541913 0.08764331 0.03199710 0.01500660 0.02788480 0.04231470 0.00209513 0.00822863 0.19320702
173 0.05292032 0.02796731 0.09228813 0.25004807 0.00739987 0.05996832 0.17740805 0.06102622 0.02628821 0.01838561 0.02210111 0.06313752 0.00441970 0.01052260 0.01219780 0.05065471 0.02784481 0.00402504 0.01016140 0.02123521
174 0.06856628 0.04502419 0.05210738 0.14183795 0.00637483 0.06753958 0.23164293 0.03472029 0.03167479 0.02409299 0.03411459 0.07398628 0.00983426 0.01792579 0.02135019 0.05417478 0.03967099 0.00423733 0.01262820 0.02849639
175 0.04425273 0.04856283 0.09634956 0.23550515 0.00621847 0.06017224 0.15485210 0.05152293 0.02257821 0.01532971 0.01882841 0.10845607 0.00357737 0.00887692 0.01256311 0.05154103 0.02458782 0.00373845 0.00875277 0.02373412
176 0.05711373 0.03371652 0.06581004 0.12301707 0.01953741 0.03391922 0.08177995 0.05613803 0.02220241 0.03239112 0.09391725 0.05111003 0.02394061 0.02018591 0.11530707 0.06758744 0.03844022 0.00568933 0.01490871 0.04328792
177 0.05093720 0.01012700 0.00968039 0.00399415 0.01288320 0.00702694 0.00563827 0.01016680 0.00428144 0.24008798 0.18783098 0.00882139 0.06722129 0.03347680 0.00982221 0.02188430 0.04942010 0.00412108 0.00941051 0.25316798
178 0.22850591 0.01136290 0.01624479 0.00815884 0.08451547 0.01194760 0.00947523 0.03928908 0.01020990 0.07049867 0.05426848 0.00789674 0.02703039 0.01381209 0.01091980 0.16052393 0.10270296 0.00315081 0.00997549 0.11951095
179 0.05699359 0.03718590 0.04808039 0.14863398 0.00345760 0.10294899 0.28433997 0.01529290 0.03668060 0.02796570 0.02901790 0.06989469 0.00417821 0.02193560 0.01524430 0.03223250 0.02869380 0.00170750 0.01388160 0.02163430
