1 0.06036241 0.00710253 0.00916806 0.00379218 0.01361380 0.00978140 0.00563613 0.01113300 0.00495932 0.22676103 0.19572503 0.01139660 0.05399251 0.03213480 0.00945277 0.03190550 0.06280821 0.00484532 0.00987436 0.23555503
2 0.08821003 0.06375182 0.02607591 0.01597571 0.00885914 0.03707461 0.03242451 0.03527821 0.01714691 0.02879021 0.03937271 0.01909411 0.01227810 0.01087250 0.37353914 0.07912713 0.06885843 0.00404833 0.00653276 0.03268971
3 0.05486038 0.01683729 0.06975497 0.13116495 0.00447708 0.03430079 0.05418098 0.43122884 0.02259669 0.00660980 0.01636919 0.04327278 0.00415623 0.01736029 0.00533438 0.05643638 0.01494129 0.00207552 0.00353465 0.01050750
4 0.06507959 0.01560650 0.01454430 0.01006630 0.01247710 0.01513740 0.01328450 0.01354640 0.01143260 0.22110896 0.15115398 0.02100180 0.04100529 0.03554479 0.01213570 0.03406539 0.04632609 0.00566606 0.01573930 0.24507796
5 0.23421399 0.06973150 0.03340830 0.03022020 0.02007320 0.05112830 0.05358580 0.04495820 0.01818690 0.02706970 0.03019080 0.11904599 0.01510250 0.01812300 0.01800970 0.09243399 0.06671570 0.00831218 0.00972298 0.03976710
6 0.06287963 0.03891862 0.08399544 0.13429706 0.00629384 0.04134612 0.09100514 0.02475151 0.03844962 0.07402843 0.06200003 0.05561833 0.01156321 0.01853971 0.02475231 0.07736453 0.08829114 0.00607281 0.01204681 0.04778572
7 0.15955585 0.03271677 0.03834716 0.02630017 0.02530358 0.03040497 0.03074577 0.06569654 0.01791758 0.02933817 0.04091176 0.03007757 0.01951688 0.01840538 0.02758177 0.24899676 0.09360261 0.00823245 0.01690478 0.03944346
8 0.03580950 0.01090810 0.00736702 0.00153826 0.00827999 0.00906158 0.00369458 0.00828950 0.00313959 0.23243701 0.27071501 0.00850563 0.08982600 0.04172560 0.00658550 0.02492100 0.03201870 0.00216550 0.00943191 0.19358001
9 0.04418565 0.07163978 0.03316634 0.09295931 0.00331845 0.05403576 0.33338038 0.01753332 0.01572212 0.01573662 0.01864972 0.17615620 0.00558256 0.01244561 0.00967020 0.03202844 0.02388483 0.00441608 0.01183951 0.02364913
10 0.02164970 0.01437050 0.03240980 0.00430577 0.00580436 0.00496602 0.01174940 0.01149730 0.05311030 0.03417730 0.02686840 0.01133040 0.00385662 0.31280898 0.00311509 0.01991170 0.01998910 0.01262820 0.36900598 0.02644510
11 0.03337487 0.05793106 0.02465918 0.01443539 0.01198569 0.02023718 0.03800877 0.00856273 0.04427187 0.03239778 0.10074192 0.07594404 0.01140619 0.16137388 0.00871471 0.01970929 0.01357279 0.04036257 0.24974681 0.03256328
12 0.04103266 0.01966538 0.03095667 0.01155629 0.00986823 0.01179239 0.01579208 0.02562477 0.03303917 0.07494722 0.13163087 0.02160028 0.02675847 0.23160176 0.00750047 0.03111127 0.02903427 0.01594808 0.16497283 0.06556683
13 0.03752489 0.04379499 0.14288796 0.24356792 0.00696075 0.05265678 0.12030296 0.07179438 0.02778749 0.01053510 0.01704179 0.11115197 0.00351616 0.01337390 0.00592933 0.03974569 0.02266509 0.00320821 0.00596786 0.01958679
14 0.04576869 0.04542859 0.08582219 0.23750497 0.00457999 0.06235489 0.21049097 0.04047580 0.02367770 0.01268360 0.01655870 0.10723499 0.00387360 0.01009820 0.00673243 0.03769100 0.02295610 0.00267039 0.00569041 0.01770680
15 0.06154247 0.21935491 0.03455719 0.03209559 0.01459889 0.06459287 0.05343608 0.02387779 0.02685599 0.02428079 0.03404909 0.16456893 0.02201579 0.02239129 0.03440329 0.05834938 0.04254298 0.00987212 0.02098149 0.03563309
16 0.07448745 0.01939809 0.02462728 0.02451858 0.00835266 0.03063758 0.03180408 0.38364374 0.01621379 0.04257707 0.12999891 0.01654799 0.02679898 0.02550528 0.01423499 0.05767506 0.02486468 0.00420962 0.00628850 0.03761567
17 0.04804340 0.00434270 0.00470290 0.00138984 0.01004630 0.00940197 0.00250343 0.00669835 0.00365928 0.29929099 0.16384399 0.00993115 0.03818050 0.02943300 0.00431083 0.01232980 0.03750100 0.00224040 0.01071420 0.30143598
18 0.06270561 0.20272802 0.04224830 0.04778060 0.00857198 0.11918301 0.05700151 0.01213770 0.04351300 0.02184580 0.02373210 0.17424702 0.01514780 0.01720400 0.01672240 0.04406330 0.04215360 0.00465083 0.01463240 0.02973100
19 0.04863899 0.03375209 0.12052198 0.20960196 0.00720002 0.05323349 0.20613196 0.04264849 0.03265459 0.01573180 0.02055620 0.06680919 0.00892313 0.01507170 0.01091580 0.04359909 0.02959649 0.00450941 0.00919134 0.02071230
20 0.03142389 0.01757290 0.01279000 0.00330027 0.00683522 0.01491870 0.01724270 0.01806100 0.00745157 0.14353796 0.34464791 0.00835370 0.13722697 0.03086619 0.03341869 0.03924499 0.03259269 0.00318362 0.00661487 0.09071618
21 0.15906488 0.03260308 0.03944127 0.02657818 0.02596418 0.02982598 0.03082088 0.06513165 0.01784589 0.02919368 0.04024437 0.02973558 0.01974229 0.01882139 0.02758958 0.24865681 0.09442123 0.00801424 0.01747409 0.03883077
22 0.03897596 0.01509478 0.01105909 0.00847581 0.00960576 0.01327419 0.01416358 0.01756928 0.00820610 0.15698583 0.31612065 0.01717418 0.07896501 0.07057202 0.01092759 0.03278006 0.02966887 0.00724169 0.02193768 0.12120187
23 0.05038968 0.21873493 0.06828728 0.05432918 0.00391935 0.09069207 0.05952528 0.01264680 0.02068439 0.01585860 0.01875199 0.23633993 0.01395020 0.01574620 0.00670764 0.04020669 0.04092289 0.00183622 0.00549190 0.02497879
24 0.11422193 0.01745959 0.03182958 0.03849028 0.01094329 0.02538058 0.02050889 0.50733768 0.01722199 0.01443039 0.02642528 0.01521939 0.00814188 0.02046879 0.01083089 0.07398135 0.02595848 0.00217273 0.00438541 0.01459159
25 0.05439056 0.01224149 0.01205349 0.00701048 0.01036889 0.01351439 0.01054129 0.01333389 0.00859366 0.24538382 0.18767786 0.01542049 0.04820096 0.04142027 0.00898371 0.02620368 0.03722857 0.00322957 0.01780309 0.22639983
26 0.31869425 0.01376431 0.02536802 0.01249641 0.03670723 0.01380451 0.02009982 0.27589022 0.00961743 0.02127702 0.01495261 0.01058461 0.00551812 0.01272371 0.00981717 0.12790310 0.04994334 0.00185795 0.00218156 0.01679861
27 0.03383420 0.01275640 0.00955546 0.00184705 0.00801019 0.00933580 0.00446535 0.00900146 0.00357525 0.21168801 0.29353601 0.00854825 0.10555800 0.04389670 0.00726569 0.02873140 0.03162090 0.00239438 0.00914848 0.16523101
28 0.06886895 0.04243087 0.04589496 0.14357589 0.00569796 0.07353514 0.27747578 0.03048878 0.02476778 0.01898209 0.02869108 0.07674844 0.01021619 0.01268129 0.01917218 0.04759426 0.03106588 0.00547193 0.01298979 0.02365078
29 0.05085037 0.00357264 0.00438742 0.00097807 0.01040099 0.00888483 0.00202952 0.00809128 0.00322246 0.30254385 0.14991392 0.01005149 0.03430308 0.02494349 0.00399406 0.01325929 0.04552508 0.00236891 0.00964742 0.31103184
30 0.05082149 0.12152698 0.03651199 0.06107019 0.00548934 0.05989029 0.19882496 0.01743510 0.02420360 0.05421779 0.03793589 0.13144098 0.01115980 0.01634090 0.02273340 0.05091629 0.03058399 0.00605195 0.02554330 0.03730179
31 0.11453101 0.01766830 0.03241650 0.03898000 0.01088210 0.02538240 0.02100340 0.50781605 0.01703440 0.01436480 0.02628420 0.01529880 0.00797421 0.02006020 0.01025180 0.07361381 0.02562560 0.00206414 0.00434555 0.01440270
32 0.04419676 0.00637354 0.00538701 0.00247255 0.01010529 0.00972619 0.00438621 0.00808121 0.00463295 0.25118079 0.22123082 0.01049399 0.05381246 0.04539276 0.00579173 0.01781739 0.03534297 0.00360021 0.01336939 0.24660580
33 0.03177389 0.00709787 0.00405777 0.00181795 0.00834491 0.00715121 0.00313581 0.00734358 0.00274121 0.22659795 0.30636594 0.00740126 0.07980918 0.05711009 0.00456370 0.02008610 0.02716999 0.00187483 0.01174880 0.18380796
34 0.07138651 0.16517103 0.02215020 0.01090620 0.01440000 0.04460341 0.03097881 0.03025851 0.02059670 0.02172490 0.02317020 0.04183341 0.01206380 0.01328480 0.30320306 0.09483642 0.04626781 0.00428891 0.00894229 0.01993300
35 0.02052019 0.01242000 0.03542819 0.00422120 0.00630241 0.00445478 0.01176730 0.01228290 0.05290538 0.03677089 0.02765419 0.00990691 0.00410193 0.32871388 0.00319522 0.01834699 0.02069269 0.01076900 0.35239388 0.02715209
36 0.07960431 0.05359361 0.07820651 0.05996361 0.01475750 0.03517260 0.06028371 0.04583120 0.09910491 0.03724840 0.04438830 0.04834420 0.01560870 0.06416151 0.02542850 0.06919571 0.03630490 0.01401470 0.06868131 0.05010581
37 0.15641792 0.01986569 0.03221578 0.01233119 0.02576379 0.02555979 0.01445439 0.04143918 0.00820527 0.01947819 0.02610699 0.01625659 0.01965819 0.01442999 0.01686219 0.31513084 0.18218991 0.00568133 0.01112799 0.03682478
38 0.03558011 0.02839521 0.02557651 0.01018660 0.00755183 0.01189930 0.02028481 0.01127580 0.04630151 0.04185861 0.06003592 0.02792311 0.00923246 0.20751105 0.00606636 0.03747081 0.02074821 0.02317871 0.33097708 0.03794601
39 0.07936864 0.12604090 0.06072315 0.03466057 0.01889959 0.03357357 0.04469106 0.02646418 0.09280403 0.06746185 0.03665117 0.06030065 0.01259869 0.02301628 0.03495537 0.12437490 0.03694147 0.00899278 0.01993278 0.05754835
40 0.02061220 0.01240020 0.03527130 0.00414847 0.00616562 0.00450267 0.01176150 0.01221040 0.05277530 0.03670950 0.02805120 0.00998747 0.00428844 0.32766703 0.00314294 0.01847560 0.02092510 0.01103900 0.35261503 0.02725100
41 0.06142779 0.07149219 0.14688198 0.11946898 0.00614330 0.10051798 0.08875568 0.04498069 0.03190939 0.01928490 0.02396650 0.09688948 0.01305020 0.01370310 0.01524970 0.06514069 0.04751699 0.00395652 0.00597805 0.02368590
42 0.31206892 0.01484450 0.02697849 0.01029750 0.04524979 0.01355420 0.01544830 0.21534394 0.00819617 0.02016719 0.01361040 0.01187740 0.00564263 0.01070040 0.00945098 0.19021995 0.05739229 0.00187886 0.00250732 0.01457080
43 0.07748072 0.02465827 0.02090438 0.01306519 0.00863429 0.01488788 0.01702098 0.01331609 0.03563426 0.02919557 0.04013126 0.02197628 0.00772538 0.12296987 0.00818094 0.15351984 0.03963276 0.01977678 0.30533968 0.02594957
44 0.03767510 0.00729409 0.00563735 0.00266740 0.00965104 0.00877206 0.00473530 0.00820409 0.00429172 0.22050399 0.27848499 0.00940346 0.06824400 0.06022760 0.00578384 0.02047780 0.03054110 0.00323888 0.01390820 0.20025799
45 0.02514350 0.01051550 0.00612929 0.00525992 0.00873149 0.00711679 0.00632430 0.00877291 0.00754138 0.12819598 0.35081196 0.01368750 0.06651109 0.17099698 0.00360664 0.01936870 0.01599500 0.01015810 0.03846710 0.09666589
46 0.03829522 0.01528851 0.01066680 0.00803546 0.00955804 0.01314641 0.01344351 0.01698551 0.00823660 0.15914807 0.31656713 0.01653781 0.07926193 0.07086413 0.01040740 0.03152421 0.02900071 0.00730328 0.02168521 0.12404405
47 0.09055444 0.08398534 0.04308847 0.07623455 0.00746523 0.11252092 0.10845893 0.04454357 0.02275748 0.03528978 0.04552157 0.09305654 0.01783159 0.01741609 0.03010068 0.06886425 0.04152957 0.00727344 0.01282149 0.04068607
48 0.13441706 0.01306641 0.01391911 0.01046300 0.01733291 0.01895121 0.01371081 0.02070021 0.01335491 0.17363307 0.10456804 0.01954751 0.03230421 0.02429241 0.02511751 0.05476242 0.06635393 0.00564219 0.01025100 0.22761209
49 0.11229303 0.07511342 0.03559731 0.01850801 0.02200301 0.02031531 0.02398091 0.13086804 0.01330080 0.01971321 0.02090571 0.03060321 0.01203420 0.01294900 0.04580281 0.22867407 0.14181704 0.00743998 0.00453403 0.02354691
50 0.05283879 0.01485260 0.08213889 0.29855195 0.00443500 0.06514219 0.26532496 0.03166549 0.02711690 0.00955009 0.01054760 0.04676259 0.00417149 0.00525722 0.00652686 0.03345419 0.02290530 0.00256500 0.00311570 0.01307720
51 0.04833900 0.00470627 0.00463882 0.00140940 0.01023210 0.00950510 0.00257836 0.00664801 0.00394622 0.29775598 0.16341199 0.01017540 0.03809070 0.02942370 0.00469639 0.01283990 0.03776000 0.00228941 0.01062430 0.30092898
52 0.19940812 0.03561802 0.05800753 0.03795352 0.01882051 0.03687282 0.04338463 0.04762853 0.11085107 0.04833563 0.03943642 0.03260942 0.01438651 0.03649862 0.03593462 0.08244945 0.03511662 0.01014721 0.02597912 0.05056163
53 0.05475788 0.01225500 0.01160120 0.00736913 0.01027630 0.01386869 0.01154020 0.01298620 0.00857160 0.24462191 0.18798193 0.01572419 0.04856908 0.04165458 0.00917611 0.02635239 0.03678829 0.00303263 0.01781479 0.22505792
54 0.17738700 0.03438050 0.14577200 0.05998180 0.02326390 0.03217280 0.04566940 0.07026990 0.03829520 0.02882080 0.02648530 0.04433290 0.01589670 0.02078150 0.02282160 0.11181800 0.05350270 0.00485610 0.00993731 0.03355460
55 0.25057602 0.02785180 0.02858790 0.02401450 0.03015520 0.03072060 0.03692950 0.09242311 0.01827610 0.04648240 0.04081270 0.03025100 0.01606440 0.02067380 0.02757980 0.13094301 0.06939250 0.00730104 0.01284220 0.05812240
56 0.04204344 0.00447323 0.00353687 0.00097254 0.00963619 0.00841681 0.00177490 0.00615522 0.00276387 0.28102630 0.20877522 0.00846732 0.05017915 0.03847864 0.00376475 0.01337871 0.03379384 0.00201128 0.01080841 0.26954328
57 0.15917099 0.03274460 0.03891840 0.02646310 0.02554360 0.03011680 0.03159560 0.06344000 0.01776250 0.02908840 0.04014000 0.02969040 0.01955660 0.01856540 0.02785340 0.25015498 0.09501129 0.00788097 0.01727500 0.03902800
58 0.11499306 0.03024592 0.02750041 0.01630261 0.01432131 0.02501941 0.02338351 0.02115251 0.01845691 0.02101131 0.05383103 0.02670231 0.02700201 0.06509263 0.01297981 0.09083625 0.15186208 0.17612509 0.02141861 0.06176323
59 0.03320390 0.01190360 0.00824165 0.00140669 0.00773515 0.00885014 0.00370330 0.00840466 0.00298831 0.22030802 0.29106603 0.00735263 0.10602101 0.04043920 0.00726759 0.02746630 0.03139950 0.00203699 0.00846930 0.17173602
60 0.06172239 0.15478398 0.04756199 0.06136659 0.00794650 0.06716229 0.08240579 0.02500650 0.02150810 0.02757330 0.03690840 0.19657897 0.01722220 0.02266900 0.01251690 0.05044929 0.04047039 0.00690133 0.01976110 0.03948499
61 0.07385532 0.02171171 0.03111651 0.01345320 0.01629750 0.01288050 0.01262680 0.02092041 0.02657391 0.09348503 0.13789104 0.02264601 0.04093531 0.11158003 0.01235850 0.09360543 0.06252742 0.01742141 0.04966191 0.12845204
62 0.05640943 0.22192311 0.04090062 0.05193553 0.00224234 0.11034105 0.06345343 0.00798124 0.01654221 0.01668111 0.01918001 0.24956412 0.01682471 0.01442941 0.00528860 0.03367582 0.03937302 0.00207588 0.00599305 0.02518531
63 0.05443283 0.01208011 0.01223151 0.00725088 0.01042791 0.01372681 0.01103171 0.01298981 0.00855180 0.24498414 0.18611311 0.01521441 0.04779483 0.04112952 0.00983136 0.02634422 0.03759012 0.00323290 0.01783491 0.22720713
64 0.04899291 0.02814651 0.21608705 0.02499131 0.01002650 0.02343851 0.02984681 0.02138731 0.02886121 0.03719871 0.06727332 0.03120201 0.15050204 0.02448161 0.01378890 0.08271592 0.07329322 0.01572870 0.00698376 0.06505372
65 0.04409512 0.02754751 0.22161508 0.06860812 0.00606803 0.02437411 0.03678491 0.01946951 0.10328604 0.03368571 0.08429693 0.03318841 0.01743631 0.02034271 0.02922331 0.07523573 0.09938583 0.00677472 0.01042100 0.03816091
66 0.06805646 0.04296977 0.04555747 0.14111191 0.00585071 0.07249945 0.27949782 0.03042608 0.02432418 0.01910069 0.02841648 0.07815435 0.01027049 0.01361159 0.01872629 0.04670787 0.03167958 0.00542704 0.01347649 0.02413528
67 0.04558939 0.06377119 0.09548048 0.21521196 0.00541087 0.06276999 0.13390697 0.05591809 0.02427430 0.01394220 0.02097340 0.13104098 0.00494992 0.01375600 0.00757811 0.04757259 0.02548300 0.00364461 0.00780008 0.02092590
68 0.35552310 0.01241540 0.02611691 0.00596078 0.04987221 0.01050710 0.01510510 0.20405006 0.00686606 0.02165291 0.01086980 0.00937147 0.00442840 0.00947358 0.00651672 0.18123605 0.05397102 0.00140093 0.00193137 0.01273100
69 0.12410205 0.03595931 0.04403522 0.02305731 0.02111861 0.02725141 0.03201991 0.04031382 0.01504571 0.05793972 0.05958392 0.03701111 0.02816411 0.02727151 0.03459991 0.13776206 0.15224806 0.01041740 0.01416611 0.07793273
70 0.04061641 0.00734719 0.00577667 0.00087488 0.00897616 0.00909005 0.00214875 0.00670269 0.00265720 0.26365006 0.22300205 0.00823577 0.06909892 0.03534091 0.00520391 0.01845920 0.03434351 0.00217833 0.00953826 0.24675906
71 0.05518711 0.23435205 0.04004051 0.04580311 0.00361141 0.10779802 0.05347221 0.00839264 0.01784660 0.01599170 0.01699530 0.23530305 0.01566270 0.01322850 0.01196500 0.05345451 0.03998281 0.00176510 0.00460745 0.02454020
72 0.05378470 0.09843289 0.06992699 0.15742299 0.00595685 0.05954529 0.10550999 0.04990290 0.02844530 0.02073810 0.02563110 0.11429499 0.00607869 0.01192730 0.01773730 0.10038999 0.03488610 0.00609257 0.00668948 0.02660650
73 0.06841469 0.04334490 0.04613979 0.14168598 0.00580476 0.07337629 0.27736897 0.03115560 0.02449500 0.01891680 0.02845930 0.07792349 0.00996642 0.01375280 0.01881040 0.04642599 0.03140050 0.00546693 0.01311590 0.02397550
74 0.05847669 0.14128796 0.04112539 0.05741639 0.01262150 0.05324409 0.14475596 0.02897089 0.02791369 0.02214189 0.02496689 0.11230397 0.01249830 0.01299560 0.04373139 0.11831797 0.03857149 0.00793005 0.01195220 0.02877769
75 0.02534830 0.01044000 0.00615901 0.00514920 0.00868989 0.00722280 0.00608601 0.00875515 0.00763689 0.12715599 0.34907997 0.01378850 0.06603699 0.17301098 0.00347434 0.01922000 0.01581170 0.01102130 0.03957080 0.09634219
76 0.25303219 0.02622392 0.02820602 0.02392872 0.03064162 0.03033902 0.03663573 0.09312047 0.01791141 0.04683413 0.04114003 0.02924102 0.01592241 0.02074622 0.02690032 0.13253410 0.06907005 0.00652836 0.01251871 0.05852554
77 0.06198057 0.01504789 0.01951009 0.01022979 0.01354779 0.01379209 0.01432939 0.01691449 0.01005649 0.14985893 0.24200288 0.01678169 0.06951177 0.03889158 0.02179069 0.05356957 0.07657116 0.00791370 0.01206649 0.13563293
78 0.06707979 0.06241569 0.06591039 0.18136698 0.00365227 0.09911829 0.17374598 0.02627150 0.02836660 0.01700340 0.02176690 0.08747069 0.00682283 0.01076060 0.01329500 0.05455959 0.05082919 0.00462801 0.00421610 0.02072020
79 0.27156296 0.00981667 0.01759210 0.00701357 0.03529970 0.01872360 0.01378750 0.06250569 0.00551427 0.01562660 0.02130280 0.01224280 0.01449490 0.01231310 0.00974987 0.27475296 0.14565498 0.00412101 0.00969595 0.03822899
80 0.33525997 0.01190520 0.02769550 0.00420995 0.08806109 0.01375520 0.01077340 0.10953599 0.00811127 0.02135610 0.01485460 0.00976820 0.01307470 0.00641589 0.00778625 0.22185398 0.06833889 0.00151363 0.00307649 0.02265370
81 0.04766931 0.09424682 0.08123742 0.17451104 0.00458173 0.07028771 0.11765602 0.04770851 0.02231260 0.01539800 0.02240640 0.16201203 0.00626259 0.01471800 0.00764074 0.04917561 0.02823491 0.00343324 0.00794829 0.02255900
82 0.06151853 0.01305251 0.01663211 0.00689862 0.01158001 0.01223071 0.00843613 0.01233511 0.01069221 0.22434512 0.17166609 0.01384251 0.05291823 0.03044152 0.01175421 0.05537323 0.04866253 0.00334163 0.01032091 0.22395812
83 0.02173180 0.01069990 0.03500809 0.00482083 0.00714405 0.00461284 0.01241550 0.01190590 0.04731199 0.06151169 0.05982479 0.01106940 0.00983890 0.30347894 0.00323252 0.01723580 0.02074180 0.00837166 0.30412894 0.04491469
84 0.06369223 0.18239509 0.04518932 0.06471983 0.00300213 0.11586206 0.07731474 0.01409421 0.01894741 0.02049961 0.02561221 0.21010311 0.01567621 0.01529661 0.00986077 0.03986022 0.03774842 0.00384774 0.00936756 0.02691051
85 0.05800080 0.01802710 0.06377250 0.26410999 0.00345634 0.07474000 0.29814799 0.02586040 0.02579280 0.01090390 0.01136120 0.04785240 0.00470262 0.00506423 0.00828031 0.03604770 0.02473620 0.00237153 0.00340041 0.01337160
86 0.03774251 0.00719554 0.00564216 0.00260194 0.00967786 0.00870634 0.00464213 0.00837688 0.00416521 0.22112208 0.27634810 0.00970169 0.06850722 0.05900002 0.00605539 0.02032111 0.03088061 0.00352291 0.01380120 0.20198907
87 0.04842518 0.00368922 0.00392400 0.00094934 0.01004330 0.00932526 0.00220055 0.00663233 0.00350269 0.30579890 0.15671595 0.00970794 0.03533479 0.02717619 0.00403261 0.01103320 0.03788859 0.00222648 0.01007960 0.31131390
88 0.07289639 0.19168396 0.03693739 0.02602419 0.02394200 0.04757789 0.04222909 0.03937719 0.03247369 0.02047250 0.02611739 0.10398998 0.01722000 0.01702260 0.05172399 0.14317097 0.05193039 0.01024730 0.01133200 0.03363109
89 0.15985292 0.03320328 0.03855158 0.02595829 0.02607789 0.03039069 0.03020489 0.06448317 0.01765149 0.02855429 0.03998228 0.03022149 0.01977749 0.01891729 0.02853709 0.25000288 0.09427185 0.00772608 0.01719709 0.03843798
90 0.06538774 0.02519052 0.05152793 0.19478812 0.00352712 0.07811705 0.24351515 0.02449101 0.02941532 0.02134061 0.02967702 0.04634603 0.00624439 0.00584098 0.04954413 0.06015344 0.03263042 0.00309980 0.00440020 0.02476302
91 0.06589885 0.01644979 0.01421599 0.00965947 0.01275919 0.01553519 0.01308059 0.01349969 0.01140709 0.22015184 0.14927889 0.02137938 0.04048027 0.03603997 0.01270339 0.03368948 0.04729057 0.00574803 0.01614349 0.24458883
92 0.03083091 0.00745834 0.00441673 0.00216430 0.00828949 0.00701671 0.00358789 0.00789636 0.00302225 0.21326204 0.32219506 0.00772143 0.08392772 0.06299021 0.00498303 0.02131040 0.02604480 0.00211829 0.01228300 0.16848103
93 0.06078528 0.15573895 0.04768178 0.06072778 0.00776890 0.06643728 0.08441627 0.02547199 0.02109709 0.02792389 0.03715359 0.19655893 0.01707489 0.02242559 0.01232540 0.04941658 0.04044269 0.00699284 0.02007199 0.03948829
94 0.04336309 0.00397421 0.00333184 0.00070619 0.00975649 0.00845110 0.00157291 0.00601615 0.00269554 0.29167092 0.19395094 0.00848993 0.04606599 0.03411549 0.00350200 0.01213070 0.03502139 0.00192453 0.01047370 0.28278692
95 0.06472959 0.03942400 0.19958198 0.09791259 0.01109400 0.03691100 0.06279389 0.05349259 0.04332460 0.02768140 0.03223100 0.05778389 0.02068150 0.03239370 0.01874100 0.07993669 0.06059419 0.00624831 0.02003580 0.03440830
96 0.06077692 0.15444304 0.04748931 0.06159092 0.00767847 0.06676432 0.08241372 0.02583011 0.02146551 0.02750761 0.03737111 0.19598105 0.01708830 0.02291371 0.01215840 0.04989311 0.04103721 0.00717845 0.02044111 0.03997761
97 0.04325850 0.00385641 0.00321463 0.00068275 0.00975723 0.00839790 0.00148356 0.00593158 0.00263040 0.29183001 0.19436001 0.00839668 0.04616660 0.03420670 0.00349274 0.01205240 0.03478600 0.00191869 0.01043920 0.28313801
98 0.03790440 0.01476790 0.01130670 0.00831507 0.00916248 0.01345870 0.01385280 0.01687330 0.00826959 0.15902298 0.31717396 0.01637680 0.07951269 0.07045879 0.01064880 0.03177100 0.02915740 0.00720828 0.02119640 0.12356199
99 0.06703351 0.02773770 0.28244503 0.04220310 0.01117440 0.03114640 0.02883100 0.03704480 0.04242490 0.02613400 0.02708420 0.03922060 0.02244740 0.02079560 0.01661350 0.14259102 0.09222441 0.00516716 0.00747163 0.03020960
100 0.04002351 0.09599463 0.03012191 0.06818832 0.00298269 0.05002012 0.31085611 0.01487771 0.01376710 0.01565021 0.01825171 0.21337007 0.00602275 0.01394250 0.00845327 0.03019521 0.02444371 0.00430165 0.01259040 0.02594641
101 0.06787730 0.04273240 0.04689190 0.14477399 0.00568450 0.07325690 0.27710699 0.03063380 0.02463770 0.01894780 0.02847950 0.07643090 0.00968738 0.01305900 0.01857240 0.04795640 0.03124940 0.00547686 0.01286740 0.02367750
102 0.07751414 0.15857988 0.04613047 0.04135877 0.00891943 0.06593505 0.06034755 0.02059748 0.01987899 0.02578408 0.02985848 0.19542185 0.01955399 0.01773609 0.01175279 0.05838756 0.08566404 0.00620195 0.00802115 0.04235627
103 0.03835419 0.01467830 0.01135290 0.00826781 0.00944167 0.01338700 0.01405880 0.01821279 0.00847228 0.15872595 0.31605990 0.01640419 0.07952178 0.06992028 0.01064780 0.03199119 0.02886239 0.00701815 0.02098069 0.12364196
104 0.30888280 0.01760809 0.03082628 0.00723868 0.08886294 0.01239249 0.01347659 0.16278989 0.00859306 0.02118109 0.01346129 0.01215689 0.01114739 0.00805504 0.00933486 0.19738687 0.05684676 0.00193024 0.00240615 0.01542259
105 0.09448682 0.01777349 0.04714066 0.23648480 0.00369458 0.08177613 0.28164176 0.02462998 0.02456218 0.01294649 0.01352109 0.04190346 0.00552197 0.00585233 0.01192399 0.04312006 0.03111607 0.00278351 0.00281145 0.01630919
106 0.05788493 0.01778481 0.06399533 0.26467312 0.00347002 0.07478424 0.29585114 0.02675961 0.02569831 0.01091281 0.01160291 0.04783312 0.00471791 0.00514677 0.00835843 0.03606022 0.02471191 0.00247860 0.00361750 0.01365831
107 0.05390607 0.01203629 0.01173639 0.00711196 0.01025649 0.01353249 0.01051389 0.01271649 0.00859854 0.24497886 0.18972789 0.01533999 0.04876667 0.04226138 0.00921649 0.02566269 0.03712118 0.00320446 0.01774489 0.22556687
108 0.06204262 0.04834541 0.02296331 0.02496291 0.01051820 0.02436281 0.02783301 0.01666130 0.02805041 0.02481191 0.07969942 0.03427721 0.02392621 0.08066742 0.01109870 0.06747652 0.05446692 0.23027107 0.07634052 0.05122412
109 0.04490021 0.00341842 0.00325790 0.00064173 0.00992945 0.00861554 0.00144741 0.00589229 0.00274129 0.29851610 0.17986506 0.00865272 0.04153411 0.03187061 0.00353724 0.01113650 0.03580851 0.00199308 0.01046070 0.29578110
110 0.05299558 0.03104899 0.02816619 0.00844910 0.01442110 0.01918199 0.01773539 0.01891849 0.01124120 0.13001996 0.23443393 0.02560259 0.11772997 0.04340719 0.01352850 0.05319628 0.04630639 0.00866509 0.01199510 0.11295697
111 0.07322280 0.03052250 0.15070300 0.04624190 0.01187050 0.02463360 0.03387620 0.03651810 0.04330460 0.04689850 0.10338500 0.03827810 0.03925260 0.01965090 0.02380650 0.14025900 0.07152900 0.00756293 0.00923644 0.04924780
112 0.07561032 0.01892151 0.02586641 0.02924401 0.00662336 0.09493893 0.10370303 0.23323507 0.01967571 0.03422531 0.14794805 0.02718101 0.02223511 0.01385860 0.02890861 0.04755242 0.02127411 0.00530153 0.00732039 0.03637651
113 0.09995131 0.02730300 0.03971241 0.00922943 0.03645230 0.01876270 0.01889560 0.02819530 0.01312560 0.05786551 0.11208701 0.01981420 0.10025601 0.02241800 0.02216030 0.18080902 0.10294701 0.00933350 0.00759434 0.07308741
114 0.08944791 0.08458961 0.04339551 0.07632131 0.00731672 0.11282501 0.10967901 0.04458131 0.02335010 0.03535000 0.04456421 0.09341341 0.01766660 0.01737750 0.03027930 0.06769751 0.04124541 0.00683785 0.01324030 0.04082141
115 0.06513614 0.01605751 0.01478721 0.01005601 0.01248681 0.01511521 0.01281071 0.01390481 0.01123761 0.22071213 0.14992409 0.02064691 0.04096932 0.03672372 0.01198851 0.03389262 0.04674473 0.00624022 0.01613861 0.24442714
116 0.13897290 0.08051244 0.03701627 0.02179128 0.09746853 0.01991699 0.02880898 0.04669416 0.03167148 0.01780189 0.02928708 0.08069504 0.02058468 0.02736738 0.02423378 0.17000187 0.06614265 0.00685684 0.01257069 0.04160507
117 0.09096117 0.08184527 0.04292048 0.07683147 0.00770924 0.11213096 0.10837196 0.04488018 0.02375749 0.03600819 0.04601678 0.09065277 0.01823179 0.01821809 0.02981949 0.06781317 0.04068038 0.00761064 0.01372769 0.04181278
118 0.11762191 0.02001408 0.03039778 0.01303579 0.03175168 0.01770029 0.02002618 0.21704084 0.01199009 0.03559407 0.06234835 0.01751219 0.06639215 0.01959989 0.01873899 0.11255192 0.12260291 0.00678729 0.00416005 0.05413356
119 0.03782639 0.01526550 0.01148250 0.00855121 0.00932953 0.01306390 0.01404570 0.01733660 0.00841385 0.15867697 0.31606594 0.01655590 0.07945819 0.07002769 0.01061300 0.03168259 0.02906409 0.00727409 0.02244540 0.12282098
120 0.25230710 0.02663791 0.02935901 0.02370611 0.03072191 0.03030221 0.03726451 0.09249034 0.01845281 0.04650352 0.04092292 0.02931791 0.01617861 0.02002061 0.02729281 0.13343805 0.06808263 0.00651900 0.01241460 0.05806742
121 0.25110516 0.02734412 0.02889842 0.02398641 0.03123552 0.03040202 0.03641292 0.09269866 0.01794651 0.04638223 0.04126463 0.03005622 0.01587071 0.02029021 0.02687472 0.13363608 0.06911444 0.00657278 0.01195171 0.05795654
122 0.15801498 0.02032080 0.02923140 0.02845190 0.01973230 0.02091500 0.01544400 0.41598495 0.01380300 0.01343030 0.01912580 0.01746550 0.00690013 0.01651550 0.01228100 0.13412298 0.04032490 0.00240370 0.00268359 0.01284830
123 0.17710799 0.02040420 0.03561260 0.01239910 0.02568500 0.01313170 0.01807320 0.12293099 0.00997820 0.05682840 0.03400830 0.01779780 0.01694090 0.01512040 0.01921220 0.19831399 0.15249099 0.00370859 0.00505686 0.04519860
124 0.04145271 0.00680738 0.00531438 0.00080082 0.00910456 0.00923349 0.00205710 0.00661368 0.00268082 0.26938810 0.21512408 0.00838481 0.06499262 0.03459861 0.00491170 0.01744501 0.03463381 0.00218359 0.00973361 0.25453909
125 0.04612861 0.00506981 0.00474531 0.00188140 0.01022020 0.00958638 0.00322192 0.00724980 0.00404013 0.27334008 0.19439505 0.00999137 0.04610901 0.03722681 0.00499005 0.01527630 0.03676981 0.00297105 0.01167780 0.27510908
126 0.14317106 0.07452953 0.02509571 0.02351671 0.01330071 0.11335605 0.06250143 0.02752921 0.02087511 0.04647502 0.06374663 0.07202683 0.07751693 0.01708421 0.02599831 0.06248583 0.04478242 0.00951632 0.00971663 0.06677533
127 0.08864785 0.08849585 0.05280177 0.05699417 0.01524729 0.04520178 0.05603307 0.05315967 0.02182229 0.02214029 0.03188068 0.13264893 0.01356529 0.01703299 0.02577019 0.16748391 0.05574637 0.00758504 0.01293819 0.03480438
128 0.05555269 0.05942439 0.18684397 0.11981698 0.00626683 0.08693319 0.08222949 0.04490999 0.03476039 0.01863820 0.02314200 0.08695949 0.01310020 0.01430840 0.01429200 0.06697369 0.05255479 0.00406033 0.00619159 0.02304140
129 0.03095360 0.00775651 0.00461856 0.00232003 0.00834862 0.00737658 0.00402140 0.00818871 0.00316440 0.21399803 0.32050204 0.00771092 0.08392891 0.06133171 0.00497396 0.02139940 0.02637150 0.00196117 0.01194190 0.16913202
130 0.13529121 0.01284432 0.01390202 0.01111822 0.01705963 0.01870083 0.01368712 0.02060473 0.01343862 0.17425827 0.10411616 0.01891933 0.03171855 0.02492254 0.02531904 0.05413108 0.06568930 0.00579108 0.01033962 0.22814835
131 0.06173101 0.21750702 0.03517340 0.03282470 0.01437200 0.06529771 0.05303651 0.02495520 0.02690120 0.02446270 0.03448040 0.16348602 0.02205660 0.02234050 0.03472040 0.05874371 0.04192450 0.00981200 0.02084230 0.03533210
132 0.03796330 0.00731245 0.00577979 0.00260778 0.00955517 0.00887682 0.00471453 0.00842699 0.00430920 0.22120000 0.27592700 0.00954993 0.06839300 0.05884480 0.00589302 0.02073490 0.03091170 0.00343613 0.01390050 0.20166300
133 0.05566634 0.03114292 0.09352277 0.24182819 0.00598442 0.05970785 0.17587314 0.05737974 0.03026392 0.01551291 0.02178742 0.06785965 0.00578154 0.01308761 0.01223711 0.04837924 0.02824862 0.00545858 0.00865880 0.02161922
134 0.05982455 0.01578581 0.00620794 0.00534636 0.01025151 0.01393021 0.00883055 0.00707865 0.01348691 0.19234115 0.19168515 0.02311722 0.03650713 0.06096325 0.00644173 0.02177922 0.03359653 0.01780691 0.07226806 0.20275116
135 0.10296189 0.01648418 0.01442358 0.01066369 0.01455778 0.02396268 0.02137008 0.02869897 0.01366379 0.13769986 0.21709977 0.02147548 0.05165885 0.04606865 0.01625698 0.05498614 0.04842035 0.00974773 0.02051668 0.12928287
136 0.03568240 0.02823220 0.02609150 0.01029280 0.00739532 0.01197850 0.02031410 0.01163810 0.04652880 0.04089420 0.05864980 0.02825080 0.00915610 0.20746800 0.00589138 0.03794970 0.02111520 0.02310900 0.33217400 0.03718810
137 0.03813942 0.01525481 0.01104561 0.00818421 0.00950042 0.01316421 0.01354841 0.01749431 0.00812809 0.15867408 0.31732017 0.01695651 0.07951794 0.07040384 0.01051531 0.03112182 0.02885682 0.00714126 0.02210571 0.12292707
138 0.04079790 0.02019310 0.03114780 0.01203070 0.00985539 0.01192710 0.01579690 0.02594660 0.03305080 0.07431000 0.13189001 0.02169690 0.02712680 0.23191201 0.00730566 0.03138980 0.02942800 0.01574970 0.16335801 0.06508680
139 0.11457001 0.01788700 0.03223810 0.03832210 0.01094660 0.02545690 0.02073570 0.50313104 0.01695190 0.01465900 0.02732860 0.01586350 0.00824295 0.02025600 0.01077160 0.07522291 0.02641160 0.00201200 0.00438557 0.01460690
140 0.02422770 0.00518910 0.00312488 0.00226130 0.00875671 0.00463968 0.00248343 0.00636088 0.00303879 0.17612499 0.36386797 0.00782730 0.07455309 0.12303799 0.00254200 0.01708740 0.01739030 0.00259800 0.01991450 0.13497399
141 0.17353597 0.02164920 0.02907249 0.00798310 0.05133519 0.02119310 0.01649070 0.03537549 0.01139690 0.03523219 0.06134929 0.01922780 0.08081759 0.01607980 0.02104940 0.19117597 0.11914198 0.00689701 0.00655777 0.07443909
142 0.06543088 0.01639200 0.01442990 0.01037920 0.01253160 0.01543820 0.01387910 0.01389930 0.01156380 0.21961394 0.15000996 0.02120889 0.04089579 0.03623179 0.01231330 0.03374729 0.04675709 0.00581627 0.01606380 0.24339793
143 0.11356099 0.01763920 0.03200180 0.03837780 0.01065030 0.02520620 0.02034360 0.50906197 0.01709390 0.01440130 0.02660470 0.01511500 0.00815414 0.02014000 0.01066520 0.07427610 0.02561550 0.00228353 0.00415668 0.01465210
144 0.09908677 0.05951878 0.05931028 0.14434696 0.00700180 0.06054538 0.09140568 0.05547389 0.02008359 0.01842490 0.02566039 0.12835897 0.00603792 0.01497160 0.01608540 0.11952797 0.03620269 0.00419776 0.00649839 0.02726089
145 0.31142979 0.01471039 0.02692138 0.01040359 0.04485267 0.01343789 0.01555889 0.21615985 0.00812875 0.02000309 0.01362789 0.01192639 0.00577900 0.01096519 0.00984523 0.19024887 0.05721706 0.00187228 0.00249201 0.01441979
146 0.03580661 0.00518925 0.00331187 0.00092683 0.00907151 0.00732638 0.00171623 0.00634939 0.00232783 0.25167309 0.26324310 0.00748525 0.06475422 0.05146892 0.00388623 0.01600661 0.02968671 0.00182766 0.01129020 0.22665208
147 0.25225697 0.01331150 0.02146410 0.01078800 0.03185640 0.02656250 0.01343590 0.05626719 0.00858922 0.01629500 0.02043330 0.01246320 0.00980519 0.00898357 0.01253100 0.34138497 0.10181699 0.00270892 0.01448850 0.02455760
148 0.11867901 0.02888640 0.04304500 0.06146260 0.01206220 0.05497100 0.14107201 0.11704001 0.02379190 0.06654990 0.06705480 0.04297820 0.01385660 0.01579140 0.02820610 0.07216401 0.03672810 0.00541493 0.01327350 0.03697230
149 0.03663864 0.00605209 0.00394127 0.00128403 0.00883707 0.00764722 0.00220971 0.00688603 0.00260567 0.25535728 0.25923329 0.00764535 0.06741527 0.04548225 0.00431097 0.01735222 0.03082503 0.00181354 0.01043581 0.22402725
150 0.02446501 0.01030750 0.00517413 0.00102414 0.00693365 0.00591619 0.00245306 0.00824511 0.00187895 0.19465806 0.36258612 0.00542350 0.11565904 0.05476112 0.00594111 0.02656441 0.02536361 0.00150242 0.00874582 0.13239704
151 0.09154774 0.06216383 0.02612391 0.01449491 0.00910367 0.03383311 0.02993601 0.08417334 0.01395851 0.02317971 0.03150921 0.02057031 0.01021000 0.00848653 0.36054415 0.09033514 0.05883522 0.00441912 0.00368586 0.02288971
152 0.06224452 0.21848008 0.03517671 0.03252511 0.01414561 0.06566672 0.05268352 0.02375791 0.02708061 0.02399611 0.03303911 0.16560206 0.02211001 0.02284821 0.03475761 0.05801112 0.04196842 0.00936903 0.02120801 0.03532951
153 0.08677466 0.06373667 0.02626639 0.01673229 0.00911682 0.03605178 0.03200689 0.03465819 0.01722159 0.02915279 0.03932808 0.01923219 0.01189459 0.01107310 0.37734784 0.07811357 0.06827537 0.00372956 0.00635155 0.03293609
154 0.03215171 0.00810488 0.01714141 0.00419321 0.00904313 0.00662062 0.00694346 0.00985538 0.01835091 0.15895905 0.22538107 0.01094390 0.04567722 0.17233106 0.00393681 0.01870131 0.02362261 0.00479458 0.09089663 0.13235104
155 0.22600497 0.01965570 0.02698850 0.01546460 0.02949460 0.02177760 0.02227960 0.20593797 0.01267630 0.02594620 0.05954429 0.01801400 0.01370240 0.01378330 0.01413240 0.17621098 0.06095289 0.00417632 0.00430031 0.02895710
156 0.06483321 0.03862000 0.20170502 0.09550301 0.01076420 0.03718240 0.06098001 0.05387051 0.04371561 0.02824200 0.03236090 0.05722101 0.02082710 0.03353130 0.01925180 0.07991251 0.06012371 0.00587558 0.02082990 0.03465020
157 0.02539259 0.00866957 0.00517273 0.00117801 0.00770597 0.00590646 0.00239144 0.00798759 0.00202071 0.18736693 0.36331387 0.00569044 0.10695896 0.06532358 0.00533471 0.02477639 0.02453419 0.00192873 0.01015820 0.13818895
158 0.03515021 0.02915691 0.03777491 0.04316982 0.00793021 0.01744201 0.03050011 0.01609591 0.04200222 0.03827871 0.07251093 0.04145942 0.00813485 0.20740508 0.00567976 0.02733021 0.01863041 0.04107442 0.25015110 0.03012281
159 0.04781108 0.00301358 0.00325609 0.00056155 0.01012050 0.00890508 0.00151370 0.00610384 0.00298206 0.31248988 0.15480094 0.00912818 0.03432979 0.02591499 0.00336107 0.00974396 0.03771359 0.00208479 0.00991448 0.31625088
160 0.05130884 0.18444478 0.08131170 0.07984931 0.00256272 0.10770487 0.06227173 0.01837008 0.02009358 0.01514968 0.01761288 0.22456674 0.01158929 0.01357868 0.00525956 0.03880795 0.03865595 0.00144208 0.00360421 0.02181537
161 0.03766031 0.04845721 0.00924675 0.01429140 0.00542318 0.02130490 0.01977200 0.00545467 0.04392761 0.02104480 0.10782702 0.04843621 0.01382250 0.11906403 0.00454159 0.03041791 0.01482000 0.10564702 0.29729406 0.03154681
162 0.03578130 0.02828240 0.02587690 0.01012590 0.00749006 0.01195310 0.02063050 0.01122800 0.04610800 0.04169820 0.05994829 0.02770040 0.00935979 0.20928898 0.00596354 0.03710930 0.02069120 0.02274940 0.33036797 0.03764680
163 0.23982097 0.01374800 0.02254640 0.01685850 0.02089350 0.01582010 0.01356180 0.44929294 0.01117370 0.01445810 0.01416520 0.00683573 0.00451919 0.01555420 0.00437836 0.09333489 0.03236310 0.00097219 0.00083166 0.00887149
164 0.04728788 0.00344074 0.00364161 0.00069631 0.01002940 0.00909879 0.00167690 0.00613693 0.00309687 0.30814388 0.16097694 0.00921988 0.03670459 0.02734409 0.00355182 0.01048980 0.03743979 0.00205423 0.01003670 0.30893288
165 0.04575310 0.06437399 0.09558199 0.21476098 0.00534565 0.06304419 0.13477099 0.05514390 0.02412170 0.01387690 0.02061230 0.13142499 0.00503159 0.01328420 0.00748562 0.04759710 0.02570690 0.00369941 0.00750971 0.02087480
166 0.05601018 0.01559680 0.00933523 0.00953999 0.00801966 0.04074059 0.02573199 0.01329930 0.00914645 0.22580294 0.19511495 0.02186669 0.05040499 0.03132199 0.01174010 0.02350619 0.03158569 0.00477655 0.01562480 0.20083494
167 0.17553903 0.02239510 0.02933290 0.02737590 0.02325590 0.01960160 0.01611880 0.34349105 0.01223300 0.01451180 0.01867990 0.02078790 0.00680318 0.01495720 0.01310690 0.17191503 0.05055731 0.00273287 0.00282750 0.01377710
168 0.06163139 0.09018238 0.02737220 0.02913129 0.01069140 0.03761049 0.04635259 0.01642710 0.02107730 0.11535398 0.07930659 0.11760998 0.02518550 0.02799869 0.01179420 0.04221459 0.04523499 0.00823868 0.01737570 0.16921097
169 0.08909411 0.08335721 0.04421450 0.07746311 0.00754586 0.11179301 0.10847001 0.04572720 0.02327400 0.03564800 0.04533600 0.09262951 0.01814870 0.01777080 0.02925400 0.06807590 0.04060540 0.00734307 0.01357660 0.04067300
170 0.03494331 0.03530951 0.00716676 0.01011540 0.00885173 0.01688361 0.01995401 0.00767209 0.02284481 0.09310814 0.24433910 0.04324982 0.03986352 0.10168204 0.00594342 0.02305151 0.01552151 0.03508341 0.15470106 0.07971523
171 0.06172898 0.21842494 0.03551359 0.03261009 0.01466940 0.06558668 0.05302719 0.02392239 0.02683179 0.02422619 0.03435759 0.16526596 0.02233879 0.02237439 0.03421579 0.05830898 0.04147559 0.00869306 0.02075949 0.03566909
172 0.02470001 0.01298751 0.00857647 0.00155115 0.00663096 0.00586908 0.00321362 0.00918894 0.00216234 0.17764307 0.37260615 0.00503667 0.13346805 0.04564582 0.00792296 0.03969782 0.02932311 0.00153647 0.00682873 0.10541104
173 0.05585574 0.03073562 0.09389347 0.24177017 0.00591108 0.05943594 0.17556313 0.05996064 0.03007642 0.01536411 0.02145462 0.06740035 0.00566304 0.01276181 0.01171441 0.04914304 0.02782792 0.00541163 0.00833674 0.02172012
174 0.06818540 0.04254690 0.04645200 0.14411900 0.00607779 0.07289000 0.27650201 0.03091830 0.02447940 0.01933880 0.02871500 0.07636540 0.00959577 0.01321490 0.01889740 0.04750450 0.03115470 0.00556551 0.01346200 0.02401520
175 0.05437248 0.01813629 0.07691348 0.28084392 0.00415268 0.06869358 0.26870592 0.03125609 0.02692679 0.01071890 0.01182870 0.05036549 0.00435173 0.00573648 0.00761534 0.03539259 0.02392809 0.00248262 0.00364804 0.01393080
176 0.09111238 0.03140519 0.06459939 0.15572596 0.00643974 0.05380469 0.12100997 0.03462399 0.03538149 0.02559329 0.03594839 0.04474049 0.00723095 0.01106790 0.10534598 0.07435408 0.04143519 0.00440923 0.00608841 0.04968329
177 0.11201495 0.02643479 0.03058319 0.01783319 0.02360109 0.01904429 0.01939389 0.02621879 0.02451449 0.09171876 0.08763676 0.02635119 0.04030078 0.02520529 0.02381049 0.14137894 0.08441507 0.00906901 0.01146410 0.15901093
178 0.20564472 0.01591088 0.01457528 0.00558380 0.10536385 0.01269558 0.00994292 0.03423205 0.01225498 0.05226163 0.05235533 0.01594998 0.04182334 0.01635758 0.02279647 0.12866082 0.11722684 0.00571269 0.00597043 0.12468083
179 0.07116742 0.02233461 0.02635801 0.15236004 0.00183659 0.12656203 0.36007809 0.02296851 0.02103961 0.01528480 0.02478101 0.04764571 0.00812505 0.00356847 0.01568030 0.03359251 0.02231521 0.00203064 0.00365651 0.01861490
