1 0.05798935 0.00866167 0.00977681 0.00254004 0.01219239 0.00689827 0.00694237 0.01033219 0.00416318 0.22962382 0.20048584 0.00694409 0.05690936 0.03164168 0.01072819 0.03097108 0.06204825 0.00403270 0.01086389 0.23625482
2 0.08906762 0.05891361 0.03006341 0.01512840 0.01122580 0.04180941 0.03816111 0.03778891 0.01910110 0.02393950 0.04202861 0.02556110 0.01270490 0.01185700 0.34623206 0.08058531 0.06859021 0.00653576 0.00805607 0.03265011
3 0.02756951 0.01530311 0.07746753 0.12073704 0.00444976 0.04164561 0.04440032 0.47515417 0.02514931 0.00562007 0.01744841 0.04439112 0.00333312 0.01511501 0.00751929 0.04349762 0.01145640 0.00208539 0.00423751 0.01341970
4 0.06485670 0.01386890 0.01561860 0.00935270 0.01194630 0.01317310 0.01430310 0.01588010 0.00941355 0.22557000 0.14785400 0.01750890 0.04101210 0.03509830 0.01198480 0.03209540 0.04619420 0.00627683 0.01699040 0.25100201
5 0.22927802 0.07538391 0.03527530 0.02930280 0.02543420 0.06060691 0.05521041 0.02714110 0.03035000 0.02975080 0.02658870 0.13298201 0.01563260 0.01366460 0.02963240 0.07093581 0.05349071 0.00718648 0.00745132 0.04470190
6 0.06145827 0.04082588 0.06308877 0.18388792 0.00830123 0.04005578 0.14032694 0.02181809 0.02668559 0.06768817 0.04228298 0.05081008 0.01281459 0.02030269 0.01359619 0.06567397 0.07469107 0.00820059 0.01889229 0.03859888
7 0.16293205 0.03358481 0.03473261 0.02678601 0.02934911 0.02627221 0.02801841 0.06558712 0.01693711 0.02744681 0.03981081 0.02802061 0.01620541 0.01771321 0.03013591 0.26035009 0.09484333 0.00556247 0.01646561 0.03924631
8 0.03474471 0.01305940 0.00583862 0.00157551 0.00875625 0.00542576 0.00392009 0.00600445 0.00245819 0.23841105 0.27281506 0.00453886 0.08605932 0.04281411 0.00848805 0.01812620 0.03323111 0.00130670 0.01084850 0.20157804
9 0.05177469 0.05114739 0.02866260 0.09818799 0.00367058 0.08551989 0.34911195 0.01845960 0.01561410 0.01434250 0.01792120 0.14661598 0.00441006 0.00868986 0.00881801 0.02749360 0.02827490 0.00462099 0.00924725 0.02741690
10 0.02079520 0.01133170 0.01952170 0.00522287 0.00418293 0.00671190 0.00743285 0.00652781 0.06143050 0.03263360 0.02776560 0.00925189 0.00620745 0.29835201 0.00414352 0.01838080 0.02692220 0.00912336 0.38751501 0.03654710
11 0.02679449 0.07301137 0.02971589 0.01776429 0.01338299 0.02801899 0.04840368 0.01607559 0.04759138 0.02977409 0.09578936 0.08289956 0.00993833 0.17259593 0.00780240 0.01863049 0.01762379 0.02947659 0.20787991 0.02683089
12 0.03649580 0.01966790 0.02569990 0.01293480 0.01023370 0.01235990 0.01527640 0.02192460 0.03517480 0.07519269 0.13445799 0.02090270 0.03050060 0.23188798 0.00827440 0.02919230 0.03210020 0.01636080 0.16409898 0.06726359
13 0.03865653 0.05879604 0.14127411 0.20418315 0.00736869 0.04979434 0.09972057 0.06842805 0.02916932 0.01026901 0.01496311 0.12714710 0.00533565 0.01614661 0.01822121 0.04828874 0.02780432 0.00310916 0.00618516 0.02513912
14 0.04993972 0.03885081 0.06166102 0.25906908 0.00409446 0.07209152 0.24599108 0.02412421 0.02415351 0.01724851 0.01497080 0.09115213 0.00390834 0.00469563 0.00637971 0.03635881 0.02621531 0.00150107 0.00365778 0.01393650
15 0.06708540 0.21888400 0.04031790 0.03324890 0.01487430 0.06638790 0.04900740 0.02626640 0.02943710 0.02289900 0.03962550 0.15314800 0.02124830 0.02057260 0.03449990 0.05892160 0.04059480 0.01197670 0.02096610 0.03003820
16 0.06821271 0.02247310 0.03896681 0.02205590 0.00784168 0.02392980 0.02048970 0.46873409 0.01483870 0.02730681 0.09520032 0.01210860 0.01127260 0.01906150 0.01147690 0.07009361 0.02258920 0.00434003 0.00706450 0.03194341
17 0.04870114 0.00302941 0.00500853 0.00118420 0.00966432 0.00819331 0.00281012 0.00849367 0.00209639 0.30565828 0.15458214 0.00542559 0.03826734 0.02671392 0.00470628 0.01132201 0.03858054 0.00147669 0.01049081 0.31359529
18 0.05190080 0.09263570 0.10596300 0.08449910 0.00623998 0.07111960 0.04469330 0.21120901 0.02583990 0.01095280 0.02466170 0.09561480 0.00898260 0.01422890 0.02974890 0.06162480 0.03063970 0.00479155 0.00625393 0.01839990
19 0.07568955 0.04803183 0.03726372 0.05655604 0.00783276 0.06113914 0.18843212 0.02946242 0.01919451 0.02136201 0.04400543 0.04139513 0.01068871 0.01006821 0.17888112 0.06818935 0.05978044 0.00669415 0.00664514 0.02868822
20 0.02876391 0.02403471 0.01618351 0.00201038 0.00707487 0.00409263 0.01151531 0.00785636 0.00718379 0.16002908 0.33961817 0.00479890 0.13257506 0.03312612 0.03244052 0.03380622 0.04072162 0.00237163 0.00743015 0.10436705
21 0.16336512 0.03316732 0.03364552 0.02530242 0.02986272 0.02588322 0.02753682 0.06516065 0.01689351 0.02754792 0.04001733 0.02732112 0.01648961 0.01725131 0.03080112 0.26366919 0.09499817 0.00559847 0.01588501 0.03960343
22 0.03749808 0.01819009 0.01287389 0.00699386 0.01108449 0.00874056 0.01289479 0.01580079 0.00879360 0.16221790 0.32194280 0.01239349 0.07656825 0.07068466 0.01186959 0.02786248 0.02910378 0.00593428 0.02257569 0.12597692
23 0.05645262 0.24177610 0.04540472 0.04614882 0.00334563 0.11468605 0.04778122 0.00562948 0.01834371 0.01142390 0.01443841 0.26614111 0.01304881 0.00874845 0.00465078 0.03410731 0.04130042 0.00183407 0.00622319 0.01851521
24 0.10963203 0.01714890 0.03910251 0.03526601 0.00946555 0.02799491 0.02531671 0.51558312 0.01512250 0.01157300 0.02857911 0.01560460 0.00567171 0.01389190 0.01160310 0.07145072 0.02227201 0.00241099 0.00402352 0.01828710
25 0.05191999 0.01165240 0.00972644 0.00865135 0.00992118 0.01209220 0.01192790 0.01166190 0.00709079 0.25065893 0.18896995 0.01128300 0.04933169 0.04104699 0.00849431 0.02434629 0.03742429 0.00243001 0.01829649 0.23307393
26 0.15722806 0.01726711 0.01543401 0.01272690 0.01343130 0.02330231 0.02336811 0.03000461 0.02326381 0.19292107 0.10316004 0.02087871 0.02769431 0.02532201 0.02068621 0.05580412 0.04416852 0.00416594 0.01217280 0.17700006
27 0.03246677 0.01600368 0.00736201 0.00195570 0.00848186 0.00521558 0.00495272 0.00582178 0.00334145 0.21704579 0.29674171 0.00482266 0.10023890 0.04690965 0.00974715 0.02090498 0.03292667 0.00176921 0.01102689 0.17226483
28 0.06944145 0.04147173 0.04451433 0.14369310 0.00688910 0.07170135 0.27143019 0.03281772 0.02304332 0.02169292 0.02844342 0.08015276 0.00882357 0.01317311 0.01971831 0.04308573 0.03658073 0.00552264 0.01130871 0.02649582
29 0.06152313 0.00976864 0.01006990 0.00398421 0.01016410 0.00812088 0.00717080 0.01488661 0.00765130 0.24535511 0.13861106 0.01068660 0.04241542 0.02774771 0.01200181 0.05482932 0.05275172 0.00344822 0.00951830 0.26929512
30 0.07226424 0.03063267 0.04173607 0.13690689 0.00648677 0.05880285 0.23299181 0.02561158 0.02444958 0.06327895 0.03265577 0.04814046 0.00957350 0.01028729 0.02643238 0.10108292 0.03652777 0.00475021 0.00684751 0.03054077
31 0.11111195 0.01754869 0.03860208 0.03423748 0.00893639 0.02799349 0.02527129 0.51732077 0.01507739 0.01144819 0.02830449 0.01512129 0.00543302 0.01387359 0.01159859 0.07155377 0.02255439 0.00223699 0.00395265 0.01782349
32 0.04221792 0.00706453 0.00621137 0.00202962 0.01016031 0.00684707 0.00451250 0.00788146 0.00340551 0.25340715 0.23092814 0.00613084 0.05708193 0.04398623 0.00632087 0.01521811 0.03412222 0.00267044 0.01324761 0.24655615
33 0.02738272 0.01042501 0.00357997 0.00106891 0.00925983 0.00342820 0.00280454 0.00421477 0.00155624 0.22229916 0.33389023 0.00265564 0.08467146 0.06045044 0.00572386 0.01386721 0.02457752 0.00064435 0.01282581 0.17467412
34 0.08802125 0.16223691 0.02506389 0.00971553 0.01108019 0.05695847 0.03789078 0.03697328 0.02025709 0.01956969 0.02497289 0.04032178 0.01302379 0.00880832 0.26411986 0.10298595 0.03998848 0.00850494 0.00822833 0.02127859
35 0.02036281 0.01109351 0.02022201 0.00556772 0.00470608 0.00736229 0.00780692 0.00798747 0.05850824 0.03471082 0.03279132 0.00972742 0.00708584 0.31034219 0.00436507 0.01769461 0.02733732 0.01051621 0.36534522 0.03646692
36 0.08644470 0.05583470 0.07624810 0.05326580 0.01179510 0.03182880 0.05354500 0.04139030 0.10658800 0.03081050 0.04642500 0.05389130 0.02025610 0.06908990 0.02945040 0.06177740 0.03651800 0.01238650 0.07907830 0.04337610
37 0.16055110 0.01864971 0.02974092 0.01050281 0.03109072 0.01923971 0.01333591 0.03955052 0.00916496 0.02102121 0.03192422 0.01364471 0.01616281 0.01363591 0.01539541 0.31970220 0.18496311 0.00400219 0.00903506 0.03868682
38 0.03366108 0.02631918 0.02206988 0.01348259 0.00728603 0.01158569 0.01638889 0.00937764 0.05385306 0.04394867 0.05812106 0.02207028 0.01191209 0.20852885 0.00716281 0.03395848 0.02694038 0.01403909 0.33319776 0.04609647
39 0.08945496 0.13315493 0.04380998 0.02831679 0.01366929 0.02626659 0.03527998 0.03854918 0.08538116 0.07334056 0.03992448 0.06129367 0.01360589 0.02219319 0.03408498 0.14523693 0.03770958 0.01046719 0.01656159 0.05169907
40 0.02055981 0.01083920 0.02044291 0.00557815 0.00467792 0.00728116 0.00792048 0.00798115 0.05879552 0.03508011 0.03231591 0.00945455 0.00726436 0.31159609 0.00437883 0.01739771 0.02719521 0.01026190 0.36466611 0.03631291
41 0.07831607 0.05158318 0.02839189 0.04619408 0.00878233 0.10697996 0.08316197 0.03728859 0.02445659 0.06957298 0.10968596 0.07107548 0.02023999 0.03750409 0.02608149 0.04614888 0.03365729 0.01784669 0.03362169 0.06941078
42 0.31162609 0.01768891 0.01819761 0.00682936 0.03053041 0.01244650 0.02342021 0.24130207 0.00689038 0.01171420 0.01867701 0.00614522 0.00480573 0.00848740 0.01392120 0.18977906 0.05760762 0.00156978 0.00249774 0.01586350
43 0.03951250 0.06783081 0.02046810 0.02466650 0.01130010 0.05283190 0.04396900 0.01529140 0.04151540 0.03068500 0.08703311 0.06252391 0.01258170 0.13052501 0.00926602 0.03264260 0.02461200 0.03817080 0.22352502 0.03104910
44 0.03505878 0.00993501 0.00604850 0.00216070 0.01021339 0.00511141 0.00463664 0.00670320 0.00353533 0.21697988 0.30105383 0.00540850 0.07350966 0.05908737 0.00683684 0.01660019 0.02909998 0.00255581 0.01455009 0.19091489
45 0.02331120 0.01413820 0.00835032 0.00524288 0.01054040 0.00746440 0.01045320 0.00942197 0.01033680 0.12974301 0.34149304 0.01249370 0.06531281 0.16393102 0.00391922 0.01477430 0.01697580 0.01236190 0.04625881 0.09347701
46 0.03852422 0.01822161 0.01255950 0.00725362 0.01128490 0.00897563 0.01363271 0.01538291 0.00882986 0.16260006 0.32093213 0.01220390 0.07660733 0.06956203 0.01135120 0.02861971 0.02970421 0.00575890 0.02178451 0.12621105
47 0.08934999 0.08602009 0.04021700 0.07848049 0.00739537 0.12752199 0.11148499 0.04567810 0.02178300 0.03183840 0.03183000 0.10841399 0.01319940 0.01693390 0.03428520 0.05963099 0.03843880 0.00772773 0.01289170 0.03687890
48 0.13256197 0.01200250 0.01616670 0.00915185 0.01632910 0.01601860 0.01613840 0.02085660 0.01271990 0.18592996 0.09854488 0.01903970 0.02953379 0.02260770 0.02280060 0.05125899 0.05852359 0.00832516 0.01124710 0.24024295
49 0.11889299 0.07693230 0.02930490 0.01428370 0.01443940 0.02366010 0.02312960 0.15027499 0.01366580 0.02717080 0.03307580 0.01997760 0.00980528 0.01483080 0.04760190 0.23503399 0.11472799 0.00568521 0.00404186 0.02346500
50 0.04795111 0.01422690 0.06765361 0.33037404 0.00485442 0.05003791 0.27523804 0.01712490 0.02736420 0.01837640 0.01362370 0.04551341 0.00370346 0.00278072 0.00603727 0.03499730 0.02713660 0.00148429 0.00279144 0.00873027
51 0.04899622 0.00321081 0.00496721 0.00128617 0.00964115 0.00822890 0.00279277 0.00836501 0.00216904 0.30585311 0.15435506 0.00556095 0.03834121 0.02657941 0.00461808 0.01116610 0.03835381 0.00143365 0.01070320 0.31337811
52 0.22171605 0.03668481 0.05342571 0.02942581 0.01390480 0.03084541 0.03938821 0.03741761 0.12298903 0.04419471 0.03921151 0.04195651 0.01587300 0.03776261 0.04242571 0.07332662 0.03528581 0.00899409 0.02778951 0.04738251
53 0.05120734 0.01170259 0.00968985 0.00854398 0.01002209 0.01205959 0.01224119 0.01157599 0.00698008 0.25157773 0.18867380 0.01122899 0.04918985 0.04097176 0.00885566 0.02333577 0.03714116 0.00248057 0.01782628 0.23469575
54 0.15380700 0.04186790 0.14804600 0.06325200 0.01733920 0.02904210 0.04602630 0.06399740 0.04196260 0.02289030 0.03439130 0.05788970 0.02084450 0.02107570 0.02912510 0.08951770 0.05777460 0.00667048 0.01136820 0.04311190
55 0.25160506 0.03049171 0.02601311 0.02153540 0.02648241 0.03004951 0.03899901 0.10072102 0.02059410 0.04365341 0.04254061 0.03218301 0.01500890 0.01803010 0.02865961 0.13083403 0.06599471 0.00633248 0.01221390 0.05805791
56 0.04019297 0.00507340 0.00399095 0.00074976 0.00943312 0.00609297 0.00203652 0.00639455 0.00147418 0.27972781 0.22015385 0.00386313 0.05496926 0.03844407 0.00458773 0.01080969 0.03303968 0.00085327 0.01091029 0.26720282
57 0.16266996 0.03422679 0.03294989 0.02537899 0.02933449 0.02599119 0.02781479 0.06671158 0.01662590 0.02830619 0.04045309 0.02773859 0.01623440 0.01730650 0.03017249 0.26166894 0.09472708 0.00578473 0.01646200 0.03944239
58 0.09582846 0.04548928 0.03244129 0.01663509 0.01655089 0.02224849 0.02956649 0.01784639 0.02093639 0.02132479 0.05430718 0.02800479 0.03287879 0.06487967 0.01971459 0.07177687 0.15422894 0.15729994 0.03021069 0.06783097
59 0.02943283 0.01627652 0.00574090 0.00108451 0.00790602 0.00420765 0.00341694 0.00502316 0.00223891 0.22509821 0.30320729 0.00334538 0.10485210 0.04143394 0.00994960 0.01963972 0.03225903 0.00119006 0.00955907 0.17413816
60 0.06526788 0.14752797 0.05826279 0.06207619 0.01112300 0.07872168 0.08078178 0.02492079 0.02489569 0.02036980 0.02964119 0.20046495 0.01360050 0.02032480 0.01577830 0.04732379 0.04091619 0.00659363 0.01670010 0.03470899
61 0.06519900 0.01155790 0.02092700 0.00650333 0.01192750 0.00922308 0.00948400 0.01772970 0.01615210 0.14448200 0.11106500 0.01392580 0.03706890 0.10935100 0.00877409 0.05068670 0.09347860 0.01349450 0.06835780 0.18061200
62 0.05903272 0.20460707 0.04705802 0.05368732 0.00321405 0.11978204 0.07220382 0.00959227 0.01791391 0.01294550 0.01595731 0.25648508 0.01144730 0.00837225 0.00511837 0.03542001 0.03926641 0.00191564 0.00529600 0.02068491
63 0.05196590 0.01111640 0.00962137 0.00868946 0.00997735 0.01175480 0.01192920 0.01209780 0.00696130 0.25204202 0.18758802 0.01089760 0.04866120 0.04170330 0.00881909 0.02366200 0.03686580 0.00234315 0.01811420 0.23519002
64 0.05662906 0.03354647 0.18699085 0.02589098 0.00995977 0.02181948 0.03829047 0.02792928 0.04531856 0.02861798 0.08624803 0.04808656 0.12766490 0.02417548 0.02368258 0.06441465 0.06815875 0.01321269 0.01195939 0.05740406
65 0.07918856 0.02790002 0.12700009 0.03163072 0.01405621 0.01884391 0.03572633 0.13738710 0.02948972 0.02664682 0.11846508 0.02983142 0.03322172 0.02301552 0.02399662 0.09028996 0.09755947 0.00763931 0.00799280 0.04011863
66 0.05125523 0.01693271 0.06109123 0.30029417 0.00446706 0.06142674 0.28323316 0.01826861 0.02570771 0.01935201 0.01441461 0.05085323 0.00395642 0.00343419 0.00690770 0.03519762 0.02725532 0.00154999 0.00307467 0.01132761
67 0.05055209 0.03841750 0.06165169 0.25770197 0.00414395 0.07278929 0.24464897 0.02380530 0.02412240 0.01746270 0.01561630 0.09086789 0.00397908 0.00486805 0.00664400 0.03670140 0.02619830 0.00170479 0.00374346 0.01438090
68 0.35276081 0.01420189 0.01588579 0.00411349 0.02853798 0.00915040 0.02569029 0.25907386 0.00566783 0.00946467 0.01403869 0.00436013 0.00352610 0.00691811 0.00848800 0.16748091 0.05414017 0.00128000 0.00186740 0.01335349
69 0.11738599 0.03573670 0.04801570 0.02336930 0.02145190 0.02510470 0.03555300 0.03521070 0.01623690 0.05639879 0.06043349 0.03637210 0.02724080 0.02917200 0.03202330 0.13743899 0.15955898 0.01057570 0.01755680 0.07516419
70 0.03914264 0.00827729 0.00510936 0.00077353 0.00882849 0.00583394 0.00247848 0.00658311 0.00164608 0.26567628 0.22782924 0.00396748 0.06927857 0.03522524 0.00706702 0.01495912 0.03540264 0.00145562 0.00988060 0.25058527
71 0.05736656 0.22720186 0.04800257 0.04881767 0.00365977 0.11219493 0.04816377 0.00875343 0.01780859 0.01190059 0.01365459 0.25336484 0.01065359 0.00738451 0.01499229 0.05185707 0.04004898 0.00170848 0.00399442 0.01847149
72 0.05205010 0.10588800 0.07914690 0.17243400 0.00655360 0.05649610 0.10960500 0.03631410 0.02678320 0.01995390 0.01893430 0.12015600 0.00638789 0.01162970 0.01455790 0.08838670 0.03673820 0.00518437 0.00879276 0.02400730
73 0.07008110 0.04063550 0.04469790 0.14734700 0.00678943 0.07118460 0.27093900 0.03256130 0.02353390 0.02179350 0.02852290 0.07837210 0.00900418 0.01284320 0.02066010 0.04242380 0.03561090 0.00549719 0.01168350 0.02581890
74 0.06891608 0.14939796 0.04253989 0.05595799 0.01163380 0.05722249 0.13086197 0.03275509 0.02443459 0.01972560 0.02378179 0.11073997 0.00978824 0.01253780 0.05438189 0.11044297 0.04031239 0.00812660 0.01082010 0.02562279
75 0.02371349 0.01405810 0.00819610 0.00513765 0.01053420 0.00727052 0.00994515 0.00923262 0.01023870 0.13024295 0.34124988 0.01216060 0.06584208 0.16432594 0.00396351 0.01519739 0.01723649 0.01189420 0.04601528 0.09354517
76 0.25303587 0.02977488 0.02629939 0.02222019 0.02666159 0.02959728 0.04001188 0.10152795 0.02082269 0.04282488 0.04101138 0.03148058 0.01432189 0.01761299 0.02856939 0.13108493 0.06651937 0.00662562 0.01216359 0.05783367
77 0.03520382 0.00941417 0.00562692 0.00215349 0.01000171 0.00509318 0.00473199 0.00644950 0.00318843 0.22091913 0.29697817 0.00514266 0.07254044 0.05851613 0.00660663 0.01638181 0.02911412 0.00217417 0.01447641 0.19528711
78 0.06052389 0.09102708 0.06559788 0.16358196 0.00437619 0.10533397 0.13751097 0.02474909 0.02466699 0.01850240 0.01885690 0.12575997 0.00705110 0.01086020 0.01015150 0.04873859 0.05195319 0.00523274 0.00528291 0.02024250
79 0.27802399 0.00834595 0.01331010 0.00706315 0.04717420 0.01175030 0.01168760 0.06223580 0.00597802 0.01255220 0.02735500 0.00825320 0.01029970 0.00778394 0.00793967 0.29972499 0.13515099 0.00241691 0.00760751 0.03534680
80 0.29338685 0.00719879 0.01445709 0.00821846 0.08157646 0.01170549 0.00916753 0.06717907 0.00621633 0.00988225 0.02331279 0.00997250 0.00855231 0.00540799 0.00713511 0.30436584 0.09739365 0.00143658 0.00604064 0.02739429
81 0.04977871 0.10813602 0.07911091 0.15976702 0.00535696 0.08079401 0.11515502 0.03992271 0.02352020 0.01441000 0.01665210 0.17125502 0.00652209 0.01160680 0.00992028 0.04448551 0.03122350 0.00297018 0.00709195 0.02232100
82 0.06741015 0.01420559 0.01248979 0.00610999 0.01060409 0.00952140 0.00929683 0.01778939 0.00965259 0.21781285 0.14832289 0.01263459 0.04747767 0.02935848 0.01472279 0.07484255 0.05640836 0.00351547 0.01061969 0.22720484
83 0.02176971 0.01161520 0.02262891 0.00441267 0.00399150 0.00579973 0.00760676 0.00631265 0.07301882 0.02975301 0.01970671 0.00921471 0.00448422 0.29338808 0.00483247 0.01753720 0.02554881 0.00763611 0.39481811 0.03592461
84 0.06907144 0.16496885 0.04428856 0.06571014 0.00389147 0.13101188 0.09636972 0.01488159 0.01913828 0.01733658 0.01992718 0.21353381 0.01099419 0.00997473 0.01105509 0.03747537 0.03580467 0.00311642 0.00757484 0.02387518
85 0.05131273 0.01713811 0.06137763 0.30000517 0.00439970 0.06152083 0.28348916 0.01781571 0.02579751 0.01920361 0.01440821 0.05103963 0.00396589 0.00341340 0.00689572 0.03525652 0.02716251 0.00151831 0.00306303 0.01121661
86 0.03453351 0.00994470 0.00576515 0.00201075 0.01003520 0.00497225 0.00438719 0.00614596 0.00325735 0.21898405 0.30031908 0.00538407 0.07370132 0.05910671 0.00656355 0.01620210 0.02886791 0.00260528 0.01451780 0.19269605
87 0.04902114 0.00217513 0.00458227 0.00094386 0.00956463 0.00811395 0.00227068 0.00829163 0.00183114 0.31324024 0.14676311 0.00515246 0.03578343 0.02477462 0.00404227 0.00968349 0.03859123 0.00136717 0.01020431 0.32360325
88 0.08044690 0.19291000 0.03665360 0.02606800 0.01758870 0.05428560 0.04053530 0.04358330 0.02856680 0.02132670 0.02758500 0.10452900 0.01528780 0.01363130 0.05955200 0.14182000 0.04706700 0.01051680 0.01008350 0.02796270
89 0.16335300 0.03323270 0.03383300 0.02528670 0.02992890 0.02584600 0.02701350 0.06468970 0.01704640 0.02810860 0.04123080 0.02737100 0.01629110 0.01728840 0.02926820 0.26331401 0.09469380 0.00611458 0.01604480 0.04004480
90 0.07019146 0.01967989 0.03915758 0.24055485 0.00259696 0.13234892 0.26399684 0.01744069 0.02320959 0.02403009 0.01531939 0.06359756 0.00314548 0.00260164 0.00824488 0.03196328 0.01809989 0.00118676 0.00192239 0.02071189
91 0.08330761 0.01147249 0.01826278 0.00538834 0.01563968 0.01057649 0.01205629 0.01609418 0.00724816 0.20088879 0.11249688 0.01499988 0.03702556 0.02709407 0.01296929 0.05574014 0.09348010 0.00736591 0.01191559 0.24597774
92 0.03408069 0.00825852 0.00394172 0.00110487 0.00929861 0.00500596 0.00281072 0.00540456 0.00173015 0.25146091 0.27664390 0.00346429 0.07075347 0.04856618 0.00544013 0.01284040 0.02889309 0.00079804 0.01204990 0.21745392
93 0.06558091 0.14530102 0.05833631 0.06136461 0.01131720 0.07724031 0.08126091 0.02513310 0.02495960 0.02091920 0.03064891 0.19774403 0.01355170 0.02074020 0.01704630 0.04795431 0.04059511 0.00703133 0.01792600 0.03534891
94 0.04209220 0.00393318 0.00391430 0.00060600 0.00943059 0.00665789 0.00171911 0.00675866 0.00134129 0.29329999 0.19798399 0.00381591 0.04922650 0.03348850 0.00412259 0.00972284 0.03443140 0.00082247 0.01052560 0.28610699
95 0.06129805 0.03684877 0.21703682 0.07744293 0.01008409 0.02280978 0.03624287 0.03964667 0.06014015 0.01603289 0.02984237 0.05521525 0.01760129 0.02283908 0.10792091 0.07089554 0.05074336 0.00739863 0.01421079 0.04574976
96 0.06444306 0.14663790 0.05769966 0.06222046 0.01069989 0.07799265 0.08356524 0.02535228 0.02491218 0.02056579 0.03009718 0.19882887 0.01390849 0.02040499 0.01599499 0.04730217 0.04056047 0.00696037 0.01738269 0.03447068
97 0.04207856 0.00383316 0.00385527 0.00061318 0.00946838 0.00659662 0.00168692 0.00671712 0.00130577 0.29346473 0.19828681 0.00375463 0.04911195 0.03365757 0.00402956 0.00973870 0.03432427 0.00082689 0.01064519 0.28600473
98 0.03775690 0.01817310 0.01230870 0.00750538 0.01093570 0.00915804 0.01358640 0.01618730 0.00874609 0.16144802 0.32196804 0.01285610 0.07641861 0.07014491 0.01160210 0.02816070 0.02947440 0.00599507 0.02236940 0.12520502
99 0.06468085 0.02954182 0.23739017 0.05887994 0.01249231 0.03220192 0.03176782 0.04292103 0.04412323 0.01417751 0.02988142 0.05932804 0.01939121 0.01882631 0.02935062 0.13218809 0.09297447 0.00507571 0.00887599 0.03593153
100 0.05031021 0.07253621 0.02659400 0.07066451 0.00355477 0.08516381 0.32692804 0.01769610 0.01462260 0.01231990 0.01790200 0.17903402 0.00459827 0.00968730 0.00773457 0.02728120 0.02909690 0.00501677 0.01000480 0.02925400
101 0.06913671 0.04133301 0.04400721 0.14559303 0.00673931 0.07214391 0.27088705 0.03226571 0.02312340 0.02196760 0.02886841 0.07930052 0.00900569 0.01326250 0.02089650 0.04229561 0.03617571 0.00534731 0.01148250 0.02616830
102 0.07226636 0.11127894 0.04882458 0.04039648 0.01186669 0.05491247 0.06783067 0.02086259 0.02491609 0.04998418 0.04314708 0.17165991 0.01772229 0.02325439 0.01738279 0.04760668 0.04093458 0.01251799 0.01295229 0.10968295
103 0.03815333 0.01810771 0.01286731 0.00784960 0.01097321 0.00898140 0.01403901 0.01629521 0.00864446 0.16225912 0.31973623 0.01260491 0.07610545 0.07006555 0.01161551 0.02824472 0.02953272 0.00568366 0.02198182 0.12625909
104 0.31671624 0.01760361 0.01872811 0.00678019 0.02657262 0.01192661 0.02517832 0.26801521 0.00666716 0.01096031 0.01758341 0.00557871 0.00440922 0.00842328 0.01239861 0.17082613 0.05339674 0.00144366 0.00211094 0.01468091
105 0.09145778 0.01879310 0.04513279 0.24750595 0.00451556 0.09835798 0.25305395 0.01561900 0.02275880 0.02516240 0.01682930 0.05440099 0.00409138 0.00402590 0.00922750 0.03805529 0.02605950 0.00196411 0.00281464 0.02017410
106 0.05096874 0.01675821 0.06166184 0.30080921 0.00444349 0.06121524 0.28371120 0.01834361 0.02568812 0.01920881 0.01429751 0.05076044 0.00394823 0.00340910 0.00690791 0.03542723 0.02696332 0.00157025 0.00300541 0.01090211
107 0.05202050 0.01172840 0.00996817 0.00873397 0.00997667 0.01194400 0.01208090 0.01172570 0.00728841 0.25130400 0.18785600 0.01125300 0.04924790 0.04057300 0.00867394 0.02421980 0.03731330 0.00242985 0.01789750 0.23376500
108 0.06233630 0.06277570 0.03022900 0.02505780 0.01307350 0.02739660 0.03046160 0.02042390 0.02839400 0.02328890 0.07481840 0.03540430 0.03230290 0.08278220 0.02010750 0.04973180 0.05553330 0.20641400 0.05737940 0.06208890
109 0.04438660 0.00294569 0.00393811 0.00056192 0.00955618 0.00703591 0.00171072 0.00713631 0.00136155 0.30107600 0.18066100 0.00404747 0.04414820 0.03038310 0.00391712 0.00939158 0.03582940 0.00086735 0.01022680 0.30081900
110 0.04920827 0.03116678 0.02853978 0.00828046 0.01244199 0.01521839 0.01826439 0.01476139 0.01590769 0.13716591 0.23222684 0.02125479 0.11692692 0.04774937 0.01501419 0.04360937 0.04633737 0.01111759 0.01574559 0.11906292
111 0.08106091 0.03155810 0.13907601 0.03661590 0.01410650 0.02046770 0.03196630 0.05669490 0.04348630 0.03184270 0.11636901 0.03945240 0.04034890 0.02146210 0.02328530 0.14224101 0.06730381 0.00739382 0.01112520 0.04414310
112 0.06720456 0.08655655 0.04437837 0.01855949 0.01002289 0.02420189 0.03273298 0.23264486 0.02120489 0.02881648 0.13010192 0.03527798 0.01666509 0.02702678 0.03084568 0.09969734 0.03172588 0.01154889 0.02346719 0.02732028
113 0.18349206 0.02862411 0.02708101 0.01923461 0.02433891 0.01999101 0.02099811 0.24585008 0.01135120 0.01829541 0.03045831 0.01300260 0.00736779 0.01355070 0.02325281 0.22112007 0.06367982 0.00284876 0.00434173 0.02112091
114 0.08934964 0.08764724 0.04086042 0.07959553 0.00731054 0.12633205 0.11078504 0.04581182 0.02136421 0.03172091 0.03167211 0.11006704 0.01287441 0.01651471 0.03446601 0.05968522 0.03762902 0.00740416 0.01236560 0.03654431
115 0.06431379 0.01424530 0.01591690 0.00898349 0.01181520 0.01328000 0.01408010 0.01602650 0.00937999 0.22659496 0.14522498 0.01758410 0.04042449 0.03527019 0.01184930 0.03116269 0.04626679 0.00660339 0.01763890 0.25333896
116 0.17333190 0.01731039 0.02092769 0.01086909 0.07152676 0.01217119 0.01486519 0.03946438 0.01096379 0.04003428 0.10353694 0.01738079 0.02868328 0.02171309 0.01285259 0.24096186 0.09335054 0.00445129 0.01178039 0.05382457
117 0.08809750 0.08771370 0.04035225 0.07757331 0.00708107 0.12538186 0.10998588 0.04649915 0.02219127 0.03239906 0.03262626 0.10892288 0.01329088 0.01681158 0.03539096 0.06020293 0.03762686 0.00730194 0.01308719 0.03746346
118 0.11269602 0.02270160 0.04575011 0.01237810 0.02595201 0.01915060 0.02320090 0.17462803 0.01506600 0.04145321 0.05453481 0.02002780 0.07003661 0.02915901 0.02307200 0.11418202 0.11804202 0.00896903 0.00659847 0.06240161
119 0.03699930 0.01838850 0.01268080 0.00737038 0.01088010 0.00915622 0.01408590 0.01550140 0.00831982 0.16251302 0.32127503 0.01239430 0.07646321 0.07149771 0.01140580 0.02781060 0.02914760 0.00588178 0.02234450 0.12588401
120 0.25301909 0.03012401 0.02554351 0.02172011 0.02678471 0.03014031 0.03929201 0.09951284 0.02029571 0.04342012 0.04172442 0.03171381 0.01458181 0.01714741 0.02901851 0.13255205 0.06728382 0.00619604 0.01181650 0.05811322
121 0.25152601 0.03077220 0.02615550 0.02264960 0.02668870 0.02964920 0.03974420 0.10080300 0.02008270 0.04321040 0.04218830 0.03137830 0.01523260 0.01740990 0.02839900 0.13095800 0.06715720 0.00612597 0.01167050 0.05819870
122 0.16761500 0.02292030 0.03010240 0.02169930 0.01521300 0.02157770 0.02190960 0.40011500 0.01157880 0.01277250 0.02719310 0.01098510 0.00530114 0.01136570 0.01534080 0.14411500 0.03936370 0.00204934 0.00244123 0.01634130
123 0.11640300 0.02738970 0.02154120 0.01004720 0.01873920 0.01220100 0.01631840 0.11815400 0.01049820 0.07079600 0.04325090 0.01013280 0.01827070 0.02238460 0.02140580 0.25101699 0.14675100 0.00383166 0.00473406 0.05613360
124 0.03993471 0.00728479 0.00503764 0.00066931 0.00895705 0.00593645 0.00223341 0.00676227 0.00149194 0.27268407 0.21936205 0.00376728 0.06495122 0.03420161 0.00646451 0.01382040 0.03578951 0.00110267 0.00992604 0.25962306
125 0.04499168 0.00498298 0.00578502 0.00152195 0.00995766 0.00721053 0.00351221 0.00795676 0.00272941 0.27578288 0.19817491 0.00561337 0.04867568 0.03629068 0.00547219 0.01277659 0.03641418 0.00211815 0.01162130 0.27841188
126 0.14996409 0.03319882 0.03541952 0.00689122 0.02361951 0.01747891 0.01968571 0.02337091 0.01351991 0.06111644 0.07501694 0.02664792 0.08900525 0.02463651 0.01704501 0.12372507 0.14727709 0.01126781 0.00899790 0.09211545
127 0.08964854 0.09416404 0.06573486 0.05589446 0.01885559 0.05287316 0.05466136 0.03239258 0.02480388 0.02128439 0.02806468 0.14284290 0.01336339 0.01847759 0.03102158 0.15021790 0.05046117 0.00586097 0.01293879 0.03643818
128 0.05097880 0.07670779 0.16434199 0.09173879 0.00617697 0.08842089 0.06380159 0.05366920 0.03397840 0.01400750 0.02279500 0.11233499 0.01382970 0.01506430 0.01904900 0.06642859 0.06920879 0.00494356 0.00738246 0.02514170
129 0.02821421 0.01097720 0.00435841 0.00184918 0.00938268 0.00400194 0.00398137 0.00487274 0.00239348 0.21392809 0.33610914 0.00367765 0.08455074 0.06406853 0.00610796 0.01534741 0.02456681 0.00112867 0.01402171 0.16646207
130 0.13108593 0.01210089 0.01608119 0.00841398 0.01670129 0.01572159 0.01632129 0.02082409 0.01247239 0.18508490 0.09925985 0.01910919 0.02998398 0.02313929 0.02216729 0.05361227 0.05959027 0.00816184 0.01115259 0.23901588
131 0.06591355 0.22016815 0.03992153 0.03315352 0.01478351 0.06748395 0.05030644 0.02493962 0.02923862 0.02302392 0.04113153 0.15472111 0.02104081 0.02121711 0.03216802 0.05751414 0.03977293 0.01202241 0.02106591 0.03041322
132 0.03461180 0.00985429 0.00580555 0.00218761 0.01006490 0.00506914 0.00464249 0.00642536 0.00330871 0.21962898 0.29978098 0.00516360 0.07277169 0.05921450 0.00645181 0.01632850 0.02863290 0.00234841 0.01447280 0.19323599
133 0.05332530 0.03260390 0.08276540 0.25229202 0.00647197 0.05637460 0.18420301 0.04952980 0.02968330 0.01997690 0.02071170 0.06769890 0.00566133 0.01271860 0.01248120 0.04843290 0.02878980 0.00522054 0.01047570 0.02058310
134 0.06324962 0.01127760 0.00873167 0.00611291 0.01130570 0.00933922 0.00742005 0.00829289 0.01219430 0.19802808 0.19880608 0.01304380 0.04002242 0.05948692 0.00643818 0.02408441 0.03527411 0.01077560 0.06806133 0.20805508
135 0.10854792 0.01694099 0.01819369 0.00951200 0.01669949 0.01554829 0.02116238 0.02874938 0.01435629 0.13369790 0.22607783 0.01719789 0.04972786 0.04524107 0.01797219 0.06181755 0.05057266 0.00597075 0.01737699 0.12463691
136 0.03450991 0.02664541 0.02112301 0.01270650 0.00716919 0.01168340 0.01642440 0.00945864 0.05405952 0.04218691 0.05701702 0.02229071 0.01141780 0.21074506 0.00697797 0.03415421 0.02662261 0.01429310 0.33495010 0.04556451
137 0.03756748 0.01821999 0.01328319 0.00756725 0.01087100 0.00882133 0.01374069 0.01624839 0.00882113 0.16164493 0.32115587 0.01263319 0.07683407 0.06970867 0.01116550 0.02913099 0.02957909 0.00585750 0.02213579 0.12501395
138 0.03667149 0.01974319 0.02502539 0.01210350 0.01027300 0.01213940 0.01551050 0.02140869 0.03546749 0.07509008 0.13334596 0.02054939 0.03014529 0.23111094 0.00825798 0.02968679 0.03231799 0.01629730 0.16703895 0.06781668
139 0.10927005 0.01746561 0.03938602 0.03501292 0.00918489 0.02809831 0.02498171 0.51636224 0.01527241 0.01202471 0.02889991 0.01566181 0.00558516 0.01369051 0.01178611 0.07004813 0.02174651 0.00239154 0.00404014 0.01909131
140 0.02286912 0.00817010 0.00384309 0.00195077 0.01039151 0.00279621 0.00403778 0.00423601 0.00317182 0.18046014 0.37505428 0.00446839 0.07799136 0.11274008 0.00315107 0.01169991 0.01646251 0.00174122 0.02233352 0.13243110
141 0.17788999 0.02776530 0.03425270 0.00898957 0.03536060 0.01843490 0.01625770 0.03578620 0.01593450 0.03417560 0.05775020 0.02141700 0.07576000 0.01759720 0.02219150 0.21298299 0.10551100 0.00787074 0.00888883 0.06518350
142 0.06395980 0.01359250 0.01607570 0.00937209 0.01191190 0.01328170 0.01408120 0.01591050 0.00917721 0.22728999 0.14709800 0.01747380 0.04070990 0.03555420 0.01144230 0.03101450 0.04533850 0.00633353 0.01814070 0.25224199
143 0.11054701 0.01734870 0.03909390 0.03524350 0.00920844 0.02809010 0.02529250 0.51474703 0.01511340 0.01223050 0.02821470 0.01584870 0.00571243 0.01353650 0.01161290 0.07040210 0.02261950 0.00226437 0.00358990 0.01928380
144 0.09503722 0.07289242 0.07399642 0.14634704 0.01147720 0.06915352 0.09685912 0.02724481 0.02297491 0.01893510 0.01877210 0.13300803 0.00668211 0.01388970 0.01537980 0.10411202 0.03150131 0.00312164 0.00705401 0.03156151
145 0.30777819 0.01833221 0.01834791 0.00718539 0.03023622 0.01289811 0.02358631 0.24026015 0.00708719 0.01174831 0.01893661 0.00640614 0.00486281 0.00850171 0.01467331 0.19141112 0.05741694 0.00163212 0.00256954 0.01612971
146 0.03256893 0.00783425 0.00360376 0.00074795 0.00940497 0.00437786 0.00226093 0.00495906 0.00136013 0.24514624 0.28813128 0.00308790 0.07187857 0.05241935 0.00500927 0.01211761 0.02770643 0.00067947 0.01214381 0.21456221
147 0.25291510 0.01370631 0.01506301 0.01138890 0.04408582 0.01677741 0.01187650 0.05579822 0.00811980 0.01492031 0.02758351 0.01042060 0.00911572 0.00729408 0.01456521 0.34095813 0.10055504 0.00200182 0.01276720 0.03008731
148 0.10960304 0.03204591 0.04104031 0.07675142 0.00997035 0.04623831 0.15125205 0.12699904 0.02258211 0.07099202 0.04198391 0.03988751 0.01073890 0.02112791 0.02731831 0.07701542 0.03961801 0.00523383 0.01058780 0.03901381
149 0.03409918 0.00810627 0.00399628 0.00111625 0.00928365 0.00494625 0.00258277 0.00532278 0.00174291 0.25125888 0.27652587 0.00351511 0.07016957 0.04910778 0.00521291 0.01297909 0.02886709 0.00085840 0.01205209 0.21825690
150 0.02248900 0.01534880 0.00412200 0.00089108 0.00818205 0.00228527 0.00291051 0.00336755 0.00153600 0.20028998 0.36752896 0.00211003 0.10793599 0.05888109 0.00817139 0.01745890 0.02501670 0.00063663 0.01134510 0.13949298
151 0.09344165 0.06357717 0.02806048 0.01517369 0.01226499 0.04711237 0.03408558 0.08987935 0.01327659 0.01649069 0.02962648 0.02442559 0.00807246 0.00909762 0.32465982 0.10462694 0.05633707 0.00580223 0.00351663 0.02047259
152 0.06680031 0.22086102 0.04060780 0.03312730 0.01522310 0.06554311 0.04996130 0.02607960 0.02953910 0.02292080 0.04016730 0.15101502 0.02157980 0.02099320 0.03247240 0.05878831 0.04099020 0.01218830 0.02146350 0.02967850
153 0.08772748 0.05975589 0.03102279 0.01523710 0.01057470 0.04305279 0.03866949 0.03845199 0.01927040 0.02362809 0.04097399 0.02599839 0.01228950 0.01123510 0.34767392 0.08161058 0.06762248 0.00621032 0.00745581 0.03153919
154 0.03091770 0.00893359 0.01303940 0.00508940 0.00978824 0.00606405 0.00674963 0.00987061 0.01777910 0.16173499 0.23322799 0.00928798 0.05037100 0.16802399 0.00473734 0.01684840 0.02527090 0.00465370 0.08803700 0.12957499
155 0.22305102 0.02384290 0.02676870 0.00931543 0.02830240 0.01526230 0.01842620 0.20223102 0.01078850 0.02030560 0.06051601 0.00868989 0.00972486 0.01132190 0.01679310 0.21800402 0.06405971 0.00277437 0.00461106 0.02521100
156 0.06227381 0.04518181 0.17686204 0.08956182 0.01092860 0.03460591 0.05816091 0.06298711 0.04450741 0.02210070 0.03859521 0.07097671 0.02203920 0.02955451 0.02861071 0.07233681 0.06284631 0.00754230 0.01948680 0.04084131
157 0.02211161 0.01407540 0.00514438 0.00084928 0.00865613 0.00209303 0.00302312 0.00333159 0.00193467 0.19053204 0.37914409 0.00230038 0.10591202 0.06522861 0.00737937 0.01655300 0.02312041 0.00090322 0.01230060 0.13540703
158 0.03076110 0.02318480 0.03483320 0.05247599 0.01132180 0.02294000 0.01915860 0.02091970 0.03911400 0.04367089 0.07284249 0.03551380 0.01099270 0.21124697 0.00708092 0.02771540 0.02431320 0.04375609 0.23554897 0.03260940
159 0.04830442 0.00147594 0.00412321 0.00059765 0.00948438 0.00797785 0.00160679 0.00797802 0.00131192 0.32017414 0.14412306 0.00444549 0.03466342 0.02305081 0.00355353 0.00843985 0.03852062 0.00105637 0.00951236 0.32960014
160 0.05025112 0.19306106 0.08221273 0.06536432 0.00310734 0.10858404 0.04995272 0.01762451 0.02026571 0.01060960 0.01434620 0.24917908 0.01012210 0.00867710 0.00619810 0.04129271 0.04494581 0.00163593 0.00324410 0.01932571
161 0.03575470 0.01461610 0.01658650 0.00805976 0.00668265 0.00796071 0.00834710 0.00726092 0.04720500 0.08596809 0.07892399 0.01305550 0.01719510 0.18646799 0.00568073 0.02500140 0.02865410 0.01133270 0.29124998 0.10399699
162 0.03392871 0.02683271 0.02154751 0.01290420 0.00726652 0.01178500 0.01670981 0.00947887 0.05400782 0.04251272 0.05839532 0.02288621 0.01189410 0.21029008 0.00694483 0.03384451 0.02688291 0.01424201 0.33240013 0.04524602
163 0.32264794 0.01399690 0.01990180 0.00631264 0.01445410 0.01038960 0.02886399 0.39066193 0.00664925 0.00733032 0.01416280 0.00392886 0.00254155 0.00804846 0.00428745 0.09765538 0.03637679 0.00108215 0.00081269 0.00989541
164 0.04781644 0.00204143 0.00430601 0.00065258 0.00950804 0.00796847 0.00190054 0.00785333 0.00149522 0.31477727 0.15245013 0.00462102 0.03708963 0.02490502 0.00386307 0.00903471 0.03803363 0.00102758 0.00979261 0.32086327
165 0.05187931 0.02832590 0.07177001 0.20372703 0.00837334 0.04859701 0.13965702 0.03992571 0.03245221 0.03487161 0.07536991 0.05557001 0.01127050 0.02759940 0.01278450 0.05121901 0.03134631 0.01542880 0.02851490 0.03131751
166 0.04662371 0.01822630 0.01046870 0.00667898 0.00976121 0.00717976 0.00933751 0.01518650 0.00762972 0.18642004 0.27522206 0.00815282 0.08114352 0.04184071 0.01373730 0.06678941 0.04203111 0.00227908 0.01314050 0.13815103
167 0.17646104 0.02653541 0.02544531 0.01717790 0.01729200 0.01870930 0.01933990 0.34905208 0.01015320 0.01540160 0.02931231 0.00848533 0.00501953 0.01129500 0.01448100 0.18934205 0.04722141 0.00194957 0.00235303 0.01497300
168 0.07528505 0.08153525 0.04397743 0.03475042 0.01292361 0.04251933 0.05988464 0.02179691 0.02421131 0.07984945 0.05618293 0.13211508 0.02056051 0.02565442 0.01903391 0.04700353 0.04250083 0.01419161 0.01345971 0.15256409
169 0.08953137 0.08609677 0.04012713 0.07699456 0.00709602 0.12759910 0.11038309 0.04699924 0.02163962 0.03156942 0.03250913 0.10798208 0.01304461 0.01693951 0.03473943 0.06153285 0.03806543 0.00748002 0.01298701 0.03668363
170 0.02907758 0.03266518 0.01102009 0.01161409 0.01092509 0.01444379 0.01856179 0.00907755 0.02058569 0.10584892 0.27998680 0.02928708 0.04822177 0.10766192 0.00533845 0.01964729 0.01863539 0.02241218 0.12189791 0.08309144
171 0.06700737 0.22013791 0.04053068 0.03376099 0.01522439 0.06666337 0.05133838 0.02487999 0.02892499 0.02304869 0.03887918 0.15433794 0.02131029 0.02051269 0.03279299 0.05802878 0.04056178 0.01150880 0.02055159 0.02999919
172 0.01894629 0.02683318 0.00561099 0.00122714 0.00652625 0.00188843 0.00357606 0.00308779 0.00187771 0.18306188 0.38742174 0.00273330 0.13377091 0.04426787 0.01320999 0.02314588 0.02749888 0.00105798 0.00925181 0.10500593
173 0.05330402 0.03198091 0.08354972 0.25436407 0.00703710 0.05581382 0.18578105 0.04824751 0.02924161 0.01987751 0.02063331 0.06701302 0.00583105 0.01260550 0.01204270 0.04829371 0.02928151 0.00504653 0.00975593 0.02029941
174 0.06905405 0.04148633 0.04505453 0.14563411 0.00658933 0.07154145 0.27205220 0.03275232 0.02262912 0.02182532 0.02815342 0.07984996 0.00893190 0.01277441 0.02139232 0.04228263 0.03575683 0.00501534 0.01119291 0.02603152
175 0.04939729 0.01655150 0.06606818 0.31375591 0.00466335 0.05592838 0.27245592 0.01914289 0.02687909 0.01888169 0.01450130 0.04935209 0.00397282 0.00368824 0.00684281 0.03568009 0.02706299 0.00163513 0.00318674 0.01035360
176 0.05697351 0.02365561 0.07531842 0.22823405 0.00536114 0.07214752 0.23203005 0.02601831 0.02582171 0.02204790 0.02214130 0.04976101 0.00579120 0.00805643 0.03977561 0.04277721 0.03479671 0.00340638 0.00459663 0.02128930
177 0.12979591 0.02753818 0.03899317 0.01829839 0.01472609 0.01750579 0.02628858 0.02419378 0.02503668 0.09920213 0.08345414 0.02744308 0.03466208 0.01894539 0.10339793 0.05681656 0.05127656 0.01406059 0.00885111 0.17951387
178 0.21789901 0.01264530 0.01666130 0.00750340 0.11666601 0.01048020 0.01328840 0.04160150 0.01036820 0.05107490 0.04875950 0.02858500 0.01952420 0.01545920 0.02715590 0.12718801 0.10003101 0.01204690 0.00653004 0.11653201
179 0.07296162 0.02265751 0.02070891 0.12818304 0.00223484 0.14608905 0.34411411 0.01772381 0.01609900 0.02257211 0.01893921 0.08707793 0.00359635 0.00406710 0.01215830 0.02578741 0.01943491 0.00214818 0.00414182 0.02930481
