1 0.03857701 0.00756189 0.00540998 0.00333477 0.00877464 0.00531833 0.00451212 0.00862132 0.00453744 0.20627604 0.29794905 0.00735887 0.06204741 0.05913541 0.00637199 0.02114650 0.02889531 0.00464417 0.01547770 0.20405004
2 0.06445867 0.05504047 0.01714719 0.02568949 0.00868534 0.03405578 0.02297069 0.02969438 0.01055829 0.02037749 0.03346538 0.02856358 0.01579099 0.01073579 0.47056075 0.06444667 0.04974377 0.00420761 0.00623209 0.02757559
3 0.03574882 0.01969141 0.11351205 0.21057509 0.01555881 0.03700072 0.10165305 0.27229612 0.02435541 0.00780479 0.00958283 0.05255022 0.00327193 0.00733194 0.01610601 0.04545592 0.01219181 0.00219871 0.00552922 0.00758513
4 0.05892095 0.01246019 0.01221709 0.01154969 0.01094599 0.01310669 0.01598029 0.01260419 0.01039129 0.22383980 0.14045187 0.02172568 0.03974686 0.03148987 0.01035599 0.03727517 0.04112896 0.00353759 0.01344209 0.27882975
5 0.05405726 0.10055993 0.03295688 0.02492558 0.00413824 0.05754956 0.05859836 0.01744559 0.02248129 0.10128493 0.07410635 0.19841387 0.02453388 0.03161348 0.01599019 0.04016217 0.05421366 0.00487121 0.00811849 0.07397905
6 0.08485537 0.03795939 0.02615369 0.06056568 0.00722532 0.03368689 0.14695995 0.02374179 0.03098749 0.10851896 0.04719598 0.04010589 0.02082909 0.01931769 0.02031589 0.15022595 0.05355858 0.00382722 0.03717029 0.04679888
7 0.16636098 0.02803460 0.03708770 0.02793720 0.03041030 0.02310000 0.02893790 0.06387529 0.01512980 0.03408740 0.03498070 0.02608040 0.01465120 0.01263020 0.02671810 0.26957897 0.09788749 0.00507581 0.01555980 0.04187620
8 0.03872407 0.00831527 0.00423991 0.00249575 0.00583760 0.00375162 0.00404754 0.00668792 0.00305416 0.24273083 0.28015181 0.00645613 0.07240985 0.04694377 0.00596909 0.01932789 0.02943328 0.00094740 0.01105029 0.20742586
9 0.07600394 0.03398212 0.08113525 0.09942186 0.01449161 0.03419342 0.05783903 0.19130711 0.07243194 0.01324541 0.03129612 0.11987607 0.00881190 0.02011441 0.03053232 0.04635403 0.02367071 0.00680632 0.01662341 0.02186301
10 0.03496541 0.02174551 0.01990161 0.00831088 0.00666013 0.01257540 0.01584390 0.01029570 0.04327411 0.04051371 0.05982352 0.01604060 0.01518260 0.16633604 0.00583433 0.03967071 0.01977301 0.01910070 0.41287911 0.03127301
11 0.02035760 0.02822519 0.02847929 0.01007690 0.00681659 0.00979922 0.00788257 0.01128930 0.06482729 0.01537960 0.04043589 0.04559699 0.01657420 0.33963494 0.00446070 0.01070000 0.02362110 0.02173950 0.26913895 0.02496420
12 0.03081871 0.01455041 0.01256691 0.01124290 0.00992025 0.01153080 0.01317861 0.02060431 0.03296971 0.05478872 0.12090405 0.02768721 0.02792831 0.32452013 0.00741795 0.01874291 0.03549021 0.02070871 0.14766806 0.05676112
13 0.02318760 0.01607820 0.18325001 0.27023201 0.00897198 0.06445530 0.06712900 0.03823770 0.02241790 0.05761880 0.01464580 0.04383310 0.00779048 0.00676122 0.02258570 0.06887120 0.03595530 0.00379416 0.00339462 0.04078990
14 0.03191282 0.02086651 0.12224406 0.27297914 0.01445591 0.05060073 0.20121010 0.13515707 0.02128291 0.00604734 0.00422563 0.05857193 0.00184958 0.00183907 0.01002671 0.02424111 0.01187531 0.00096359 0.00450089 0.00514959
15 0.05570734 0.30195321 0.03111762 0.02283782 0.01679141 0.05909834 0.05450114 0.02502062 0.02211592 0.02275682 0.03288012 0.14859610 0.02129791 0.01616931 0.03425432 0.04766373 0.03565042 0.00921363 0.01733511 0.02503912
16 0.10900404 0.01525131 0.02961511 0.03291851 0.01190530 0.01707591 0.02349891 0.53209719 0.01699021 0.01491441 0.02368621 0.02084941 0.00652177 0.01414290 0.01324220 0.06844112 0.02793051 0.00280348 0.00499500 0.01411650
17 0.04047691 0.00314615 0.00275535 0.00258655 0.00784524 0.00339597 0.00248431 0.00569375 0.00257155 0.32604410 0.13947204 0.00499659 0.03553661 0.02065291 0.00373715 0.01657290 0.02956841 0.00050948 0.00717191 0.34478210
18 0.06338271 0.34373005 0.02144350 0.01877600 0.00925934 0.13001102 0.04170771 0.02080500 0.01448330 0.01571750 0.01060620 0.21343903 0.01023930 0.00366368 0.01778320 0.02525560 0.02159550 0.00098644 0.00252001 0.01459490
19 0.04726751 0.07571251 0.04874771 0.09982292 0.00333176 0.08535052 0.24619504 0.02486330 0.02197980 0.01833730 0.03261551 0.16653503 0.00809196 0.01387130 0.01291970 0.02802341 0.02986681 0.00221343 0.00381007 0.03044441
20 0.03219611 0.02117201 0.00900986 0.00366610 0.00360026 0.00626912 0.01201950 0.00742369 0.00459685 0.11820904 0.39058913 0.01708591 0.15654205 0.02942611 0.03618751 0.02484801 0.03698351 0.00264529 0.01130130 0.07622863
21 0.16710306 0.02779961 0.03711591 0.02769091 0.03025221 0.02260171 0.02808011 0.06489392 0.01479911 0.03432051 0.03575161 0.02708491 0.01436760 0.01227990 0.02594661 0.26796909 0.09945473 0.00519166 0.01510161 0.04219521
22 0.03737627 0.01535869 0.01035269 0.00540253 0.00790729 0.00936388 0.01371449 0.01627969 0.00898268 0.13892889 0.35855472 0.01828119 0.07690304 0.06737215 0.01068399 0.02567988 0.03287407 0.00714285 0.02255408 0.11628691
23 0.04121021 0.31719507 0.02969031 0.01755020 0.00203221 0.08528192 0.05258331 0.01093690 0.01124380 0.01772480 0.01775660 0.28660206 0.00938202 0.00497759 0.01407720 0.02969421 0.03143431 0.00111096 0.00373421 0.01578210
24 0.10968303 0.01506710 0.03008671 0.03246151 0.01167760 0.01708620 0.02367271 0.53568414 0.01679180 0.01433000 0.02295621 0.02057661 0.00646153 0.01348310 0.01297460 0.06766092 0.02827581 0.00305679 0.00460662 0.01340700
25 0.05146051 0.01274750 0.00983289 0.00932312 0.00769347 0.00908146 0.01180920 0.01333920 0.00647095 0.25831504 0.17748403 0.01447570 0.04948901 0.03514171 0.00832293 0.03222080 0.03728091 0.00172563 0.01784690 0.23593904
26 0.29653187 0.02289629 0.01978839 0.02327379 0.02648449 0.02696219 0.03488518 0.09388166 0.01749419 0.04158598 0.04048628 0.02842719 0.01752259 0.01452139 0.02379939 0.14442994 0.05834557 0.00417205 0.01239369 0.05211788
27 0.04444719 0.01546320 0.00773562 0.00339580 0.00476571 0.00479701 0.00624721 0.00502578 0.00456070 0.21594797 0.27705796 0.00898103 0.11708598 0.03545110 0.00873743 0.02452110 0.03485310 0.00108684 0.01088530 0.16895398
28 0.06073488 0.04480988 0.04229439 0.12667896 0.00537763 0.07125898 0.33943588 0.03493829 0.02195089 0.01839509 0.02498409 0.06328448 0.00873857 0.01154550 0.01560609 0.04127169 0.02739909 0.00398278 0.00981556 0.02749729
29 0.03863161 0.00237390 0.00221421 0.00253893 0.00796794 0.00318388 0.00224563 0.00554013 0.00224012 0.33549211 0.12977804 0.00449134 0.03211161 0.01833071 0.00337046 0.01499181 0.02870351 0.00036364 0.00667528 0.35875512
30 0.03918940 0.16457098 0.03068250 0.06302839 0.00293556 0.05084059 0.24214097 0.02212700 0.02064920 0.05788229 0.03495630 0.10883999 0.01404190 0.01105590 0.01416350 0.04767779 0.03460670 0.00314840 0.00759815 0.02986450
31 0.10852102 0.01353280 0.02999960 0.03216381 0.01141390 0.01611790 0.02296430 0.54036609 0.01660110 0.01488480 0.02423480 0.02026660 0.00623400 0.01355420 0.01333270 0.06693431 0.02789770 0.00286864 0.00439710 0.01371460
32 0.05915009 0.01210870 0.01241710 0.01116600 0.01076130 0.01326750 0.01612830 0.01341480 0.01065330 0.22159095 0.14053097 0.02144789 0.04008789 0.03308929 0.01073120 0.03712299 0.04073499 0.00362004 0.01416280 0.27781393
33 0.03479908 0.00845828 0.00369577 0.00188764 0.00526231 0.00313044 0.00248355 0.00661605 0.00209730 0.22444585 0.32494078 0.00530328 0.08076355 0.05492906 0.00574777 0.01724419 0.02681828 0.00100337 0.01054959 0.17982388
34 0.08140026 0.32693283 0.01276369 0.01357039 0.00705964 0.03974618 0.02755849 0.02590749 0.01025799 0.01161259 0.01206899 0.08778115 0.01052169 0.00615564 0.24924687 0.03731998 0.01930569 0.00238366 0.00400128 0.01440549
35 0.01581539 0.01256719 0.01053669 0.00993649 0.00764554 0.00603135 0.00527832 0.01009279 0.04345537 0.01952649 0.04142897 0.01748759 0.01790439 0.41803771 0.00257780 0.00978857 0.02444558 0.01959429 0.28627580 0.02157368
36 0.08180373 0.04811012 0.05657312 0.04599202 0.01478301 0.03338401 0.06094162 0.04989502 0.12492505 0.02866421 0.05013762 0.05185602 0.02267321 0.07794293 0.01773371 0.05712392 0.03345431 0.01015980 0.08443793 0.04940862
37 0.16555101 0.02837140 0.03783010 0.02855560 0.03044050 0.02263770 0.02932540 0.06564750 0.01478620 0.03361080 0.03536840 0.02748490 0.01479890 0.01181260 0.02606050 0.26924502 0.09764351 0.00539413 0.01391760 0.04151820
38 0.03536529 0.02156110 0.01933690 0.00829252 0.00652814 0.01289570 0.01569280 0.01045460 0.04375629 0.03936309 0.05776199 0.01657350 0.01452550 0.16711696 0.00594687 0.04050139 0.01902600 0.01905440 0.41606490 0.03018209
39 0.05692623 0.11919006 0.04604402 0.01912781 0.01343081 0.02791621 0.04255182 0.02592071 0.09075505 0.03436972 0.11228506 0.05788183 0.02711741 0.02792421 0.02039401 0.13195507 0.04855713 0.00994809 0.02958162 0.05812313
40 0.01603709 0.01268529 0.01059500 0.01003170 0.00761010 0.00611077 0.00553599 0.01018560 0.04293638 0.01927929 0.04134108 0.01744019 0.01755879 0.41422983 0.00245296 0.01019210 0.02478239 0.02109459 0.28853488 0.02136599
41 0.08090003 0.07232193 0.04790492 0.06796543 0.01585281 0.18369907 0.10692604 0.03626321 0.01988741 0.02289811 0.02874221 0.10475204 0.02115301 0.01707701 0.03252881 0.05174282 0.03734561 0.00355571 0.01324251 0.03524131
42 0.33001871 0.00927180 0.01805618 0.01151279 0.04508406 0.01267679 0.01978968 0.07676383 0.01215789 0.01814208 0.01802278 0.01296459 0.00829809 0.00465965 0.02039948 0.28610675 0.05944655 0.00197658 0.00618393 0.02846777
43 0.03513360 0.02177750 0.02015280 0.00866811 0.00665525 0.01248210 0.01552710 0.01075270 0.04388490 0.03855350 0.05829540 0.01641450 0.01499530 0.16651900 0.00651266 0.04023130 0.01914100 0.01931120 0.41466099 0.03033110
44 0.02585189 0.01977229 0.00670726 0.00184724 0.00318911 0.00321935 0.00623510 0.00590964 0.00333032 0.13997896 0.42274688 0.01248170 0.15385896 0.04139899 0.00926045 0.01493190 0.02946379 0.00248642 0.01032110 0.08700867
45 0.03108037 0.01492149 0.01354059 0.01141639 0.00947982 0.01180289 0.01329589 0.02146858 0.03457097 0.05506365 0.12085690 0.02750768 0.02803678 0.31924574 0.00768138 0.01890778 0.03531977 0.02088858 0.14812188 0.05679285
46 0.03877869 0.01523080 0.01053860 0.00618210 0.00778402 0.00908466 0.01358620 0.01744229 0.00884893 0.13956196 0.35653989 0.01765939 0.07625648 0.06719728 0.01089370 0.02513039 0.03232359 0.00725861 0.02275349 0.11694896
47 0.07960654 0.07059043 0.04898392 0.06713313 0.01558951 0.18578808 0.11097905 0.03521302 0.01989791 0.02286551 0.02896001 0.10487905 0.02084001 0.01688291 0.03063761 0.05157552 0.03641362 0.00414276 0.01312941 0.03589202
48 0.15561006 0.01009840 0.01091680 0.01026220 0.01242190 0.01710481 0.01583401 0.02340761 0.01316490 0.16300206 0.10361004 0.02171741 0.03754391 0.02060541 0.01768831 0.06309802 0.05269522 0.00226071 0.00878813 0.24017009
49 0.17702401 0.02155760 0.01714800 0.00800502 0.02174930 0.01252220 0.01064410 0.12030601 0.00748068 0.02335340 0.02034480 0.01029670 0.00601306 0.00878462 0.01204480 0.30978302 0.18119401 0.00246878 0.00427947 0.02500040
50 0.07400389 0.01888310 0.05506349 0.32476196 0.00551444 0.04471270 0.27059697 0.04076830 0.01790970 0.00969360 0.00765297 0.04741199 0.00180385 0.00238752 0.00749327 0.03615490 0.02082470 0.00161566 0.00214420 0.01060280
51 0.05828481 0.04409320 0.02654140 0.02201690 0.00665399 0.05295320 0.05432170 0.01642190 0.02312390 0.06115481 0.05074670 0.17835602 0.01847860 0.03610240 0.01546140 0.03826970 0.04934620 0.00679461 0.00936051 0.23151802
52 0.05314696 0.02329258 0.03715757 0.10959392 0.00901048 0.04228717 0.23827282 0.02840618 0.12751190 0.03647607 0.05407896 0.06062095 0.01044709 0.03826747 0.01149829 0.04278037 0.02564228 0.00344699 0.00996156 0.03810037
53 0.05051781 0.01222280 0.00949125 0.00843365 0.00737448 0.00901514 0.01169720 0.01358920 0.00678509 0.26015106 0.17747204 0.01400300 0.04936551 0.03514461 0.00833953 0.03202071 0.03732361 0.00150114 0.01739410 0.23815805
54 0.18925181 0.02648447 0.16681884 0.04722985 0.01898158 0.03639676 0.04151216 0.09327621 0.02668977 0.01989038 0.02916747 0.03962916 0.01847848 0.01111459 0.01783498 0.12009988 0.05552595 0.00327667 0.00682240 0.03151857
55 0.29361889 0.02367559 0.01998509 0.02571359 0.02628409 0.02646849 0.03495999 0.09429577 0.01879549 0.04106228 0.04023679 0.03004789 0.01790289 0.01524159 0.02412079 0.14301195 0.05724868 0.00410457 0.01138610 0.05183948
56 0.04187752 0.00439112 0.00287002 0.00216650 0.00663547 0.00270037 0.00181692 0.00493097 0.00199000 0.28560614 0.21470811 0.00365593 0.05520703 0.03475402 0.00421115 0.01818681 0.02881131 0.00060673 0.00954973 0.27532414
57 0.16701611 0.02765352 0.03685392 0.02684352 0.03023562 0.02173901 0.02835222 0.06528624 0.01478181 0.03430902 0.03589732 0.02560532 0.01465581 0.01243131 0.02532662 0.27076818 0.09827387 0.00535933 0.01680191 0.04180933
58 0.08263459 0.01578980 0.02416690 0.00813919 0.01489960 0.01517470 0.01715490 0.02190300 0.00907929 0.13843798 0.09892999 0.02768700 0.04238749 0.02707250 0.01325000 0.08137819 0.13578698 0.00480735 0.00938059 0.21193997
59 0.04346949 0.01528360 0.00639570 0.00273799 0.00418978 0.00335083 0.00478598 0.00406382 0.00363272 0.22690894 0.27581493 0.00708104 0.12044197 0.03216659 0.00833398 0.02328669 0.03342999 0.00084197 0.00991506 0.17386895
60 0.05825120 0.13940400 0.04829920 0.04711980 0.00530850 0.07623360 0.07758660 0.03151890 0.02119280 0.02570170 0.03859240 0.22129701 0.01557200 0.02741220 0.02059920 0.04336920 0.04323820 0.00585817 0.01256010 0.04088520
61 0.03079032 0.01357391 0.01237421 0.00881241 0.01196701 0.04203713 0.01613871 0.02230822 0.02211182 0.07446276 0.29279723 0.02596132 0.02775842 0.16938514 0.01113221 0.02166342 0.03143753 0.01751881 0.06908516 0.07868426
62 0.06339637 0.06789007 0.03589408 0.02978259 0.00582116 0.26996287 0.06159577 0.01195689 0.01500899 0.01644569 0.01887849 0.19196791 0.08054266 0.01017820 0.02640339 0.02700169 0.03184349 0.00204269 0.00498222 0.02840479
63 0.05147418 0.01171860 0.00888018 0.00854381 0.00762445 0.00948230 0.01134450 0.01322709 0.00679248 0.26260490 0.17428193 0.01350919 0.04872638 0.03485459 0.00828290 0.03251879 0.03698879 0.00155087 0.01769919 0.23989491
64 0.04707028 0.03748519 0.26156891 0.09793097 0.01464750 0.04304849 0.05853968 0.06079928 0.03089679 0.01960669 0.02987569 0.05809158 0.01924089 0.01766019 0.01551449 0.08487037 0.04854028 0.00445253 0.02028869 0.02987149
65 0.04135911 0.04375141 0.12031103 0.00935896 0.00873964 0.01562170 0.02598121 0.01951860 0.01145450 0.06538971 0.21075704 0.04552201 0.05771551 0.03182591 0.01798860 0.06150121 0.13530603 0.00490929 0.00788390 0.06510461
66 0.06045218 0.04456509 0.04199689 0.12668596 0.00524799 0.07198018 0.33893290 0.03581789 0.02217239 0.01851289 0.02563119 0.06295638 0.00880852 0.01172920 0.01612330 0.04081739 0.02730599 0.00369217 0.00917432 0.02739719
67 0.07168942 0.02039371 0.05565422 0.31178910 0.00567352 0.04579781 0.27447609 0.04317411 0.01955961 0.01049050 0.00850203 0.04883362 0.00195480 0.00288576 0.00758592 0.03665771 0.02029871 0.00151420 0.00207815 0.01099100
68 0.37077177 0.00649188 0.01514029 0.00729075 0.04402397 0.01008629 0.01685129 0.08846555 0.01219059 0.01669159 0.01582399 0.01070869 0.00776123 0.00363709 0.01784659 0.26426384 0.05943716 0.00157825 0.00423541 0.02670378
69 0.10063400 0.03395860 0.03547560 0.02035060 0.01548030 0.02491000 0.02998540 0.04481430 0.01311570 0.05766350 0.06647290 0.03897020 0.02917620 0.03322780 0.02619790 0.15015300 0.18561400 0.01129840 0.01455270 0.06794890
70 0.04209093 0.01258541 0.00731901 0.00266078 0.00554391 0.00302738 0.00338722 0.00455255 0.00318547 0.20761916 0.29813823 0.00619211 0.10530108 0.04094183 0.00754119 0.02198832 0.03357053 0.00181992 0.01142781 0.18110714
71 0.04013836 0.28332469 0.03437886 0.01920948 0.00243448 0.10045389 0.05430314 0.01236399 0.01009149 0.01674378 0.01622288 0.27433870 0.00935910 0.00346867 0.01311649 0.05262994 0.03941536 0.00118063 0.00191631 0.01490978
72 0.07887664 0.01568189 0.05208956 0.21797383 0.00835042 0.04227807 0.04184327 0.03903667 0.01749149 0.01954258 0.02375588 0.03092898 0.00738137 0.00806656 0.13278889 0.15991087 0.02657248 0.00478131 0.00404311 0.06860615
73 0.06133446 0.04362727 0.04082167 0.12769291 0.00507660 0.07150065 0.33898776 0.03483788 0.02273638 0.01886539 0.02597878 0.06308016 0.00902013 0.01195369 0.01582459 0.04012037 0.02700858 0.00453885 0.00908941 0.02790448
74 0.03357622 0.03244572 0.10095506 0.12451607 0.00652156 0.14401308 0.28770116 0.04422643 0.01321931 0.00994774 0.00962108 0.09468105 0.00666075 0.00523357 0.01708041 0.02488931 0.02192811 0.00106647 0.00343398 0.01828291
75 0.03196741 0.01588780 0.01363990 0.01115200 0.00980931 0.01191570 0.01246880 0.02191680 0.03334281 0.05442221 0.11814702 0.02833941 0.02791451 0.32143206 0.00752240 0.01925070 0.03589401 0.02166240 0.14783003 0.05548471
76 0.29792874 0.02336678 0.01975708 0.02241878 0.02591988 0.02680038 0.03290597 0.09422842 0.01835158 0.04129156 0.04043966 0.02944597 0.01784878 0.01491679 0.02391728 0.14511987 0.05730525 0.00428608 0.01141439 0.05233675
77 0.03115068 0.09234264 0.02898338 0.00738952 0.00619454 0.01702169 0.02408588 0.01268379 0.01649909 0.08867854 0.29723480 0.05595886 0.10702993 0.03462778 0.01510529 0.03224088 0.04075177 0.01181479 0.02289698 0.05730916
78 0.07259105 0.04245773 0.04146123 0.10089908 0.00838563 0.13491410 0.23396418 0.02675312 0.02048742 0.01841711 0.02385412 0.06761245 0.01036211 0.00697011 0.02208402 0.09823707 0.03601823 0.00241900 0.00546873 0.02664352
79 0.36508483 0.00539931 0.01495169 0.00393379 0.03309318 0.00796086 0.01568069 0.08705366 0.01149819 0.01882279 0.01583249 0.00835525 0.00827650 0.00459020 0.01127699 0.24560988 0.10467495 0.00159125 0.00365481 0.03265868
80 0.36416120 0.00407644 0.01306171 0.00309194 0.09099555 0.00813934 0.00725959 0.08850575 0.00812737 0.00839814 0.01202691 0.00642531 0.00461198 0.00186010 0.01483311 0.29864416 0.04526362 0.00081211 0.00121843 0.01848721
81 0.04413842 0.10176105 0.04994392 0.07896604 0.00341290 0.08727814 0.19007209 0.02259421 0.01945291 0.01933571 0.03343182 0.20954409 0.00929480 0.01568011 0.01300671 0.02961291 0.03383762 0.00275853 0.00355452 0.03232351
82 0.07946522 0.02317021 0.02319571 0.01024010 0.01032530 0.01501250 0.01427890 0.03191511 0.00889895 0.13936604 0.06715822 0.01822291 0.02562271 0.01783380 0.01692900 0.22485206 0.17366105 0.00289817 0.01112200 0.08583202
83 0.01475861 0.02043481 0.01618511 0.00897997 0.00757920 0.00782737 0.00492653 0.01013580 0.05558283 0.02744191 0.07290483 0.01683841 0.03702102 0.33800116 0.00365736 0.00818881 0.02511251 0.02988371 0.25877912 0.03576092
84 0.04334763 0.04026873 0.16888012 0.11111808 0.01184471 0.17054812 0.10174907 0.04000763 0.01945641 0.01553921 0.01539401 0.09835067 0.01567961 0.00890529 0.01878381 0.05446584 0.03459052 0.00191041 0.00706730 0.02209282
85 0.07121492 0.02329351 0.04793811 0.28956209 0.00481971 0.04622501 0.30574409 0.03988561 0.01981451 0.01050630 0.00937827 0.04629141 0.00197796 0.00330756 0.00758730 0.03646571 0.01991601 0.00160054 0.00222886 0.01224250
86 0.03817959 0.00765074 0.00575045 0.00352635 0.00871956 0.00524418 0.00469753 0.00852552 0.00490678 0.20547596 0.29910695 0.00748238 0.06271739 0.05831289 0.00646914 0.02083740 0.02898759 0.00463375 0.01568090 0.20309496
87 0.03866272 0.00249790 0.00218836 0.00253670 0.00803059 0.00332788 0.00216534 0.00538974 0.00243734 0.33418719 0.13030507 0.00504111 0.03209162 0.01900791 0.00318437 0.01495881 0.02888162 0.00039787 0.00689164 0.35781620
88 0.05574389 0.29594497 0.03213200 0.02241110 0.01647800 0.05902049 0.05265729 0.02507180 0.02191120 0.02394200 0.03381090 0.14815299 0.02152470 0.01680790 0.03566930 0.04798910 0.03687040 0.01069410 0.01741000 0.02575790
89 0.16659399 0.02852000 0.03663800 0.02790460 0.03027430 0.02246850 0.02792730 0.06520549 0.01476190 0.03421010 0.03518720 0.02703800 0.01455220 0.01268560 0.02556360 0.27012698 0.09725239 0.00527129 0.01580900 0.04200960
90 0.02423041 0.01365970 0.19422806 0.28748108 0.01511240 0.05587602 0.10955503 0.08813093 0.02426641 0.01379860 0.00598909 0.05853352 0.00409114 0.00304561 0.01458830 0.04543131 0.02196151 0.00205293 0.00403204 0.01393590
91 0.05929448 0.01209800 0.01226760 0.01147660 0.01114950 0.01355030 0.01503930 0.01298860 0.01056130 0.22285394 0.14081296 0.02147569 0.03886879 0.03229359 0.01108110 0.03632959 0.04022279 0.00401069 0.01412330 0.27950192
92 0.03774209 0.01607159 0.01110240 0.00595739 0.00795549 0.00891996 0.01458949 0.01669929 0.00915869 0.13902795 0.35663686 0.01793949 0.07765067 0.06631637 0.01074400 0.02578309 0.03263279 0.00736816 0.02219029 0.11551395
93 0.05860350 0.14077800 0.04603500 0.04642260 0.00534888 0.07758740 0.07653710 0.03194780 0.02121780 0.02565600 0.03868070 0.22248799 0.01575450 0.02614520 0.02123700 0.04296030 0.04268740 0.00606825 0.01368800 0.04015660
94 0.04192190 0.00366928 0.00233510 0.00204332 0.00669006 0.00241760 0.00125244 0.00470160 0.00179105 0.29784599 0.20033800 0.00306905 0.05162510 0.03111590 0.00390813 0.01721650 0.02860080 0.00039863 0.00888356 0.29017599
95 0.04761689 0.03683819 0.26209894 0.09787548 0.01456910 0.04282849 0.05766279 0.06178699 0.03116979 0.01983630 0.03077219 0.05849789 0.01901720 0.01675210 0.01502470 0.08434448 0.04920739 0.00482912 0.01928010 0.02999189
96 0.05984359 0.13921698 0.04658629 0.04558559 0.00540006 0.07734139 0.07589259 0.03236050 0.02108070 0.02667340 0.03868629 0.22147297 0.01625600 0.02663660 0.02133510 0.04332299 0.04318579 0.00618758 0.01160650 0.04132909
97 0.04208180 0.00381238 0.00241567 0.00204291 0.00660231 0.00242043 0.00140610 0.00473553 0.00183935 0.29749498 0.20019798 0.00308486 0.05202600 0.03102070 0.00380835 0.01765120 0.02864530 0.00042728 0.00896191 0.28932498
98 0.03722360 0.01541680 0.01048740 0.00614794 0.00798677 0.00911392 0.01384850 0.01677020 0.00909575 0.13893798 0.35699096 0.01799800 0.07696499 0.06686139 0.01096290 0.02582310 0.03262450 0.00720413 0.02318820 0.11635299
99 0.04716668 0.01914889 0.39587883 0.05799067 0.01488809 0.02918069 0.01845239 0.03588708 0.02336809 0.01362059 0.02060609 0.03336939 0.01896349 0.00731301 0.01147499 0.16561893 0.05677208 0.00222326 0.00366757 0.02440919
100 0.04241382 0.03345741 0.03622681 0.02193251 0.00315287 0.05376672 0.14394305 0.01066680 0.04184852 0.03294211 0.03882531 0.23672309 0.01041640 0.11627504 0.01167690 0.02103411 0.04563512 0.00598587 0.01058610 0.08249143
101 0.05982559 0.04338589 0.04214289 0.12757997 0.00540879 0.07279748 0.34066393 0.03495939 0.02253240 0.01835960 0.02593659 0.06244239 0.00857263 0.01159290 0.01632860 0.04046189 0.02640959 0.00415299 0.00896371 0.02748279
102 0.05060151 0.10415202 0.04443701 0.02690781 0.00489823 0.06154701 0.05909221 0.02074880 0.01614690 0.03063021 0.04067351 0.23303105 0.01778090 0.02799621 0.01980720 0.06089401 0.11824703 0.00825721 0.00691514 0.04723601
103 0.03794816 0.01553448 0.01032759 0.00590043 0.00775698 0.00925250 0.01318039 0.01685548 0.00907195 0.13904385 0.35627462 0.01811328 0.07768572 0.06734093 0.01082759 0.02588777 0.03281766 0.00714427 0.02302248 0.11601387
104 0.30004913 0.00951551 0.02507841 0.01122900 0.08126293 0.00923292 0.01024110 0.16604007 0.01137270 0.01052080 0.01607451 0.00971781 0.00519910 0.00410181 0.01413711 0.25026911 0.04566752 0.00164235 0.00221518 0.01643291
105 0.24029406 0.02287551 0.02129101 0.10687503 0.00933025 0.04746021 0.19128605 0.04013581 0.01969891 0.01974661 0.02116821 0.04197671 0.01116540 0.00868191 0.01602870 0.10038303 0.04326601 0.00290096 0.00559822 0.02983741
106 0.07189952 0.02294901 0.04779312 0.28962810 0.00471548 0.04668172 0.30396210 0.03970421 0.02027541 0.01127970 0.00968310 0.04622952 0.00185615 0.00347170 0.00739105 0.03660721 0.01976401 0.00150990 0.00221659 0.01238240
107 0.05154347 0.01218989 0.00937342 0.00834922 0.00763256 0.00928875 0.01221179 0.01281649 0.00674463 0.26039986 0.17732091 0.01421909 0.04938597 0.03414468 0.00903005 0.03217948 0.03801968 0.00144370 0.01633649 0.23736987
108 0.03569811 0.04952742 0.01794261 0.02211771 0.02634301 0.01159670 0.02120131 0.02019981 0.01771541 0.01246730 0.06820133 0.02571841 0.02186991 0.09198114 0.01228610 0.03906832 0.05565202 0.35757914 0.06318203 0.02965221
109 0.03885747 0.00236079 0.00221878 0.00238210 0.00797459 0.00316491 0.00207005 0.00536892 0.00229544 0.33534074 0.12967890 0.00489008 0.03209508 0.01848489 0.00317559 0.01495309 0.02840488 0.00044764 0.00680436 0.35903172
110 0.05528778 0.03295969 0.02251479 0.00881140 0.01248410 0.02077019 0.01633379 0.01537419 0.01491389 0.12746396 0.23423592 0.02448869 0.13218295 0.04348278 0.01630079 0.03740229 0.04819968 0.00700665 0.01870549 0.11108096
111 0.03077440 0.09071270 0.03034220 0.00703038 0.00631487 0.01649690 0.02353540 0.01245830 0.01629830 0.08892590 0.29889199 0.05616910 0.10650199 0.03510280 0.01444370 0.03245380 0.04124880 0.01157100 0.02260090 0.05812660
112 0.04301100 0.04828690 0.02635820 0.01219070 0.00476616 0.02633720 0.05805511 0.02021270 0.02256530 0.05838481 0.29364303 0.11909101 0.05952191 0.03510080 0.01872060 0.03294730 0.04398870 0.00703504 0.02013780 0.04964570
113 0.16629690 0.02689138 0.03699548 0.02758858 0.03009498 0.02281499 0.02824738 0.06586766 0.01442429 0.03494368 0.03604658 0.02506949 0.01440069 0.01256299 0.02580838 0.27150284 0.09857874 0.00506769 0.01506919 0.04172808
114 0.07844510 0.07237700 0.04979120 0.06738470 0.01590090 0.18529700 0.10951700 0.03567380 0.01993290 0.02335840 0.02863610 0.10521200 0.02146970 0.01716060 0.03112820 0.04911990 0.03641960 0.00376301 0.01289790 0.03651500
115 0.05995450 0.01237920 0.01236440 0.01166620 0.01103240 0.01369140 0.01614670 0.01303880 0.01069370 0.22150000 0.14041700 0.02104850 0.03918640 0.03301650 0.01077380 0.03673260 0.03978660 0.00357850 0.01427280 0.27872000
116 0.06048582 0.02883331 0.06768913 0.12611305 0.10367004 0.13399905 0.15222706 0.05430762 0.02695331 0.01378761 0.01960261 0.04744542 0.01506261 0.00888340 0.02020581 0.05338132 0.02877071 0.00310074 0.00630296 0.02917841
117 0.07924344 0.07334204 0.04910486 0.06735595 0.01548959 0.18242786 0.10866292 0.03673307 0.02003008 0.02297818 0.02921528 0.10579192 0.02110048 0.01687339 0.03172548 0.05052376 0.03645047 0.00374927 0.01391049 0.03529147
118 0.17749584 0.01602319 0.02751767 0.00847853 0.01223009 0.02026728 0.01698248 0.22047880 0.01524259 0.02303208 0.04156116 0.01782908 0.08575772 0.03461847 0.01711128 0.06550254 0.14412687 0.00951204 0.00799071 0.03824157
119 0.03780189 0.01565150 0.01076260 0.00605364 0.00786372 0.00962299 0.01391630 0.01763040 0.00905582 0.13817798 0.35677795 0.01810910 0.07707089 0.06632409 0.01099150 0.02619510 0.03303130 0.00726257 0.02253170 0.11516898
120 0.29464325 0.02312912 0.01892612 0.02327532 0.02643042 0.02698852 0.03430273 0.09564348 0.01810572 0.04193184 0.04170934 0.02893792 0.01789632 0.01448081 0.02370502 0.14403512 0.05744865 0.00412565 0.01221501 0.05206964
121 0.29491896 0.02513400 0.01917840 0.02336060 0.02593670 0.02754340 0.03363390 0.09577039 0.01856360 0.04119630 0.04096150 0.02994100 0.01807220 0.01524340 0.02354690 0.14219298 0.05649509 0.00414662 0.01135850 0.05280559
122 0.11830105 0.03649372 0.03107931 0.04254702 0.01280241 0.02904211 0.02660121 0.26186712 0.01814161 0.01499701 0.03383572 0.05171512 0.00814528 0.01455181 0.14742607 0.08184894 0.04035432 0.00754776 0.00501610 0.01768631
123 0.04967954 0.03350806 0.11727786 0.02687497 0.00864178 0.02057508 0.02356957 0.01931978 0.01113919 0.15751881 0.08321970 0.04066505 0.03828255 0.02709367 0.02520377 0.07732611 0.15076982 0.00487938 0.00685481 0.07760051
124 0.04358121 0.01164700 0.00956682 0.00279860 0.00609615 0.00479594 0.00596795 0.00739724 0.00395404 0.23358604 0.24951304 0.01023370 0.07238031 0.04081831 0.00914165 0.02879960 0.05105121 0.00109456 0.01001560 0.19756103
125 0.04305249 0.00566888 0.00495628 0.00400820 0.00945222 0.00471720 0.00418390 0.00715776 0.00446533 0.24938393 0.22193493 0.00683131 0.05129278 0.03967389 0.00564920 0.02145269 0.03046609 0.00367312 0.01278290 0.26919692
126 0.03530241 0.01726601 0.01262760 0.00676146 0.00765817 0.00960111 0.00858277 0.01363140 0.02957461 0.10293303 0.21031706 0.01818701 0.09595053 0.18812106 0.00810489 0.01878441 0.04090581 0.01622290 0.07337302 0.08609473
127 0.09720274 0.03952472 0.05043382 0.04490422 0.02726181 0.10892905 0.04917052 0.03916002 0.01868211 0.02489021 0.03010361 0.05011032 0.01448431 0.01075000 0.02984421 0.23213411 0.08377654 0.00356974 0.01047600 0.03459192
128 0.04748812 0.03676972 0.26437111 0.09615854 0.01492931 0.04308482 0.05738682 0.06191343 0.03049161 0.01914081 0.02982151 0.05964892 0.01864271 0.01726701 0.01497771 0.08469873 0.04977972 0.00418299 0.01931921 0.02992721
129 0.03381260 0.00951198 0.00476893 0.00227066 0.00558386 0.00379806 0.00431473 0.00779353 0.00303139 0.20977603 0.33640505 0.00705785 0.08125131 0.05867371 0.00620000 0.01750290 0.02777520 0.00138957 0.01160760 0.16747502
130 0.05522460 0.01669020 0.04357760 0.17594701 0.00883667 0.04586810 0.07014540 0.01956050 0.02775340 0.05960980 0.05240860 0.04252400 0.01806880 0.01963490 0.04375460 0.07604450 0.02953680 0.00588561 0.00796787 0.18096101
131 0.05543495 0.30142129 0.03168623 0.02254802 0.01651652 0.05896446 0.05326045 0.02439232 0.02234112 0.02309732 0.03348153 0.14986715 0.02146302 0.01621062 0.03429993 0.04743955 0.03530713 0.00945994 0.01749592 0.02531252
132 0.03817831 0.00753485 0.00550930 0.00371720 0.00887388 0.00523357 0.00495305 0.00843237 0.00474067 0.20379903 0.30048204 0.00746749 0.06279141 0.05885241 0.00643843 0.02066460 0.02925790 0.00511575 0.01548170 0.20247603
133 0.05621112 0.02295871 0.08498703 0.28738009 0.01015670 0.05582722 0.16436505 0.05974042 0.02262251 0.01697271 0.01494390 0.05383142 0.00596454 0.01116310 0.02059451 0.05108432 0.02472421 0.00530174 0.00704991 0.02412081
134 0.03174668 0.01962179 0.01478299 0.01970899 0.02032109 0.01785579 0.08493664 0.01674059 0.02518458 0.02339198 0.22155084 0.03369788 0.02148398 0.04994577 0.01449129 0.03853737 0.03646387 0.11803992 0.04470207 0.14679590
135 0.03781403 0.01532361 0.01031891 0.00574682 0.00785224 0.00941987 0.01361921 0.01720661 0.00928588 0.13972110 0.35634525 0.01795241 0.07769575 0.06627695 0.01098611 0.02562642 0.03263012 0.00729443 0.02303222 0.11585208
136 0.03542640 0.02274020 0.02054200 0.00832191 0.00639933 0.01250340 0.01542980 0.01039170 0.04511250 0.03953900 0.05881140 0.01682410 0.01528060 0.16635501 0.00616948 0.03933990 0.01935820 0.01909330 0.41107903 0.03128270
137 0.03662911 0.01613860 0.01046810 0.00579564 0.00803996 0.00909574 0.01380740 0.01703450 0.00872383 0.13934502 0.35820105 0.01772830 0.07761801 0.06694901 0.01050080 0.02492930 0.03249270 0.00742078 0.02278910 0.11629302
138 0.03007871 0.01446720 0.01316930 0.01151910 0.00946942 0.01165610 0.01289700 0.02072151 0.03325451 0.05435452 0.11905704 0.02804781 0.02765281 0.32735210 0.00705418 0.01822031 0.03512001 0.02048921 0.14961904 0.05580012
139 0.10937400 0.01516540 0.02955280 0.03271730 0.01178510 0.01637950 0.02450810 0.53323299 0.01673140 0.01530800 0.02354330 0.02088860 0.00669486 0.01349710 0.01323730 0.06841020 0.02769340 0.00275487 0.00480029 0.01372550
140 0.03236610 0.00773812 0.00693103 0.00473955 0.00727036 0.00835300 0.00959171 0.01210530 0.01044520 0.17170902 0.24303303 0.01572610 0.04610181 0.16776602 0.00598883 0.01975540 0.03217350 0.00457349 0.06376941 0.12986301
141 0.17166587 0.01929008 0.02026418 0.00898373 0.01304269 0.02954068 0.01944388 0.03648857 0.02538948 0.10217392 0.12679490 0.02108358 0.11274691 0.02691688 0.02070468 0.06343975 0.05914435 0.00385610 0.00985783 0.10917191
142 0.05983591 0.01233880 0.01260440 0.01236090 0.01081370 0.01329750 0.01587550 0.01303270 0.01068450 0.22347805 0.13979303 0.02086970 0.03918501 0.03148321 0.01101650 0.03656601 0.04036781 0.00384259 0.01412810 0.27842606
143 0.10959991 0.01554219 0.03083847 0.03389227 0.01169249 0.01663919 0.02402158 0.53506455 0.01633479 0.01529289 0.02294078 0.02077728 0.00645902 0.01285829 0.01251799 0.06667704 0.02778368 0.00291503 0.00436619 0.01378639
144 0.29023897 0.02789510 0.02147150 0.02139080 0.02455230 0.03222890 0.03065300 0.06046239 0.02699840 0.01808520 0.02455260 0.08542199 0.01024140 0.00908578 0.03476710 0.19349198 0.04303819 0.00683381 0.00518133 0.03340930
145 0.34906281 0.00629980 0.01840819 0.00641984 0.04401858 0.00735934 0.01001649 0.17304291 0.00728095 0.01125369 0.01668759 0.00923890 0.00511161 0.00401330 0.01317219 0.23846787 0.05749487 0.00198558 0.00207651 0.01858899
146 0.03940136 0.00528507 0.00299604 0.00196011 0.00636603 0.00284073 0.00153505 0.00567709 0.00191255 0.25544876 0.26607775 0.00364746 0.06403224 0.04698576 0.00464576 0.01767108 0.02783407 0.00089402 0.01037429 0.23441478
147 0.33179200 0.00840533 0.01779940 0.00957584 0.04752370 0.01115170 0.01736200 0.07443720 0.01119160 0.01618730 0.01659620 0.01160050 0.00747446 0.00408215 0.01934940 0.30459000 0.05796100 0.00174682 0.00486060 0.02631280
148 0.10467796 0.01719429 0.02296249 0.01717539 0.01043220 0.01743229 0.01420469 0.50165081 0.01440169 0.06342358 0.03475259 0.01622689 0.00778477 0.01499339 0.01186190 0.06808167 0.03329649 0.00259830 0.00431611 0.02253249
149 0.03917888 0.00710797 0.00355923 0.00204467 0.00564607 0.00290627 0.00234070 0.00615440 0.00234201 0.25354589 0.27361688 0.00465530 0.07071367 0.04481738 0.00528081 0.01836009 0.02829079 0.00073082 0.01045930 0.21824890
150 0.03420028 0.01581259 0.00529214 0.00168430 0.00339477 0.00220268 0.00332427 0.00406516 0.00220717 0.19629288 0.35243378 0.00718386 0.12968692 0.04031317 0.00760216 0.01803239 0.02900998 0.00081720 0.00900441 0.13743991
151 0.06789038 0.03912329 0.01765759 0.01543550 0.00880685 0.03762029 0.03187959 0.01868399 0.01209820 0.05433658 0.11017997 0.02957489 0.10028097 0.01773389 0.26554892 0.05412818 0.04896908 0.00428354 0.00794292 0.05782538
152 0.05622372 0.30000810 0.03162751 0.02250851 0.01674141 0.06002552 0.05511502 0.02548141 0.02231011 0.02281271 0.03261691 0.14985105 0.02155851 0.01593951 0.03484621 0.04606861 0.03439371 0.00918398 0.01716311 0.02552441
153 0.06348372 0.05449352 0.01783241 0.02646631 0.00910120 0.03413211 0.02277871 0.03114741 0.01091920 0.01948551 0.03151751 0.02974451 0.01488800 0.01012340 0.47388315 0.06343412 0.05013302 0.00382794 0.00604585 0.02656241
154 0.03026770 0.01542050 0.01372120 0.01136130 0.00982110 0.01145990 0.01260760 0.01994560 0.03387040 0.05531389 0.12269699 0.02698510 0.02800420 0.32434296 0.00739152 0.01852550 0.03432260 0.01957430 0.14773698 0.05663069
155 0.33342106 0.00710470 0.01932670 0.00614620 0.03595771 0.00807543 0.00914015 0.24169705 0.00691015 0.01034030 0.01785030 0.01009070 0.00524372 0.00548325 0.01156270 0.19791904 0.05418861 0.00227669 0.00168002 0.01558550
156 0.04856500 0.03709280 0.26163298 0.09503339 0.01485210 0.04396250 0.05690030 0.05975990 0.03125680 0.01996860 0.03058560 0.05759000 0.01906210 0.01767960 0.01522780 0.08710919 0.04892290 0.00536476 0.01996740 0.02946630
157 0.03752970 0.01210230 0.00581052 0.00219931 0.00501720 0.00278228 0.00300550 0.00474906 0.00253038 0.19607298 0.33648297 0.00611055 0.10842799 0.04681260 0.00728134 0.01908330 0.03011780 0.00187416 0.01119010 0.16081998
158 0.01784570 0.01123110 0.00920233 0.02513291 0.00798751 0.00809108 0.00626290 0.01184170 0.04501271 0.01393900 0.04211811 0.01970760 0.01825790 0.40856710 0.00341783 0.01121830 0.02657461 0.02967531 0.26208307 0.02183321
159 0.03746160 0.00180750 0.00158072 0.00184347 0.00796627 0.00283900 0.00150808 0.00507764 0.00188151 0.34684798 0.12269499 0.00388798 0.02948670 0.01661990 0.00265828 0.01306100 0.02760910 0.00027698 0.00622532 0.36866598
160 0.03071878 0.11634294 0.10489795 0.05392977 0.00352278 0.15145192 0.09698265 0.01893499 0.01172479 0.01566389 0.01674459 0.24217088 0.01307779 0.01014789 0.01199109 0.03285208 0.03883668 0.00114970 0.00373722 0.02512159
161 0.03506281 0.02199990 0.02053160 0.00822342 0.00644386 0.01256920 0.01583430 0.01029390 0.04378221 0.04066431 0.05944461 0.01697210 0.01555260 0.16441903 0.00597645 0.03946961 0.01967420 0.01942310 0.41165007 0.03201271
162 0.03562851 0.02168341 0.01989281 0.00834788 0.00634018 0.01237060 0.01535531 0.01063770 0.04335782 0.04012081 0.05774112 0.01646441 0.01513881 0.16833506 0.00602379 0.03939681 0.01912231 0.01860791 0.41408214 0.03135261
163 0.11257091 0.01909078 0.02536778 0.31889174 0.00266485 0.03552827 0.30067975 0.02053798 0.01203249 0.00823389 0.00787922 0.04181027 0.00189104 0.00201476 0.00711692 0.04732376 0.02328088 0.00149318 0.00146113 0.01013039
164 0.03827749 0.00202586 0.00183820 0.00190954 0.00779205 0.00272354 0.00162272 0.00518469 0.00182371 0.34139292 0.13031097 0.00358162 0.03260009 0.01790600 0.00315117 0.01452070 0.02854839 0.00027498 0.00666045 0.35785492
165 0.07168780 0.02025130 0.05599040 0.31065502 0.00564635 0.04537630 0.27517802 0.04346470 0.01965410 0.01007840 0.00828484 0.04888870 0.00193188 0.00321929 0.00774000 0.03665360 0.02014030 0.00166548 0.00221170 0.01128180
166 0.03867090 0.00816210 0.00428652 0.00235561 0.00583918 0.00386479 0.00397075 0.00671578 0.00304970 0.24147298 0.28186298 0.00644728 0.07219769 0.04761790 0.00586705 0.01902960 0.02946130 0.00100551 0.01093640 0.20718599
167 0.17728702 0.01188090 0.02166180 0.01896380 0.02508340 0.01110320 0.01097910 0.33888703 0.01141390 0.01508290 0.01958800 0.01225710 0.00471269 0.00698489 0.01407960 0.22770002 0.05245191 0.00199228 0.00321734 0.01467310
168 0.05159989 0.16725998 0.03108090 0.01618190 0.01486820 0.03467480 0.04164500 0.01595980 0.03389890 0.06462669 0.08493799 0.07922869 0.04116120 0.02736460 0.02072890 0.05544219 0.04669149 0.00708851 0.02261240 0.14294798
169 0.07965015 0.06999416 0.04927037 0.06843516 0.01607129 0.18299189 0.11074093 0.03625898 0.01992959 0.02311989 0.02885068 0.10487094 0.02122899 0.01723699 0.03066428 0.05104997 0.03641118 0.00369841 0.01323969 0.03628648
170 0.02775569 0.01548659 0.01158489 0.00510814 0.01095579 0.01421769 0.00774284 0.01083489 0.02708849 0.07274596 0.28874184 0.01542399 0.03897618 0.11830994 0.00888726 0.02137359 0.02068919 0.02676599 0.17677390 0.08053716
171 0.05526137 0.29975284 0.03089438 0.02176179 0.01710179 0.06024397 0.05340797 0.02620709 0.02217799 0.02311069 0.03390088 0.14869292 0.02142769 0.01620419 0.03471858 0.04770548 0.03578738 0.00919062 0.01679659 0.02565579
172 0.03935239 0.00540318 0.00300023 0.00197288 0.00635583 0.00289818 0.00158369 0.00568093 0.00195786 0.25327495 0.26901194 0.00373912 0.06476759 0.04799169 0.00465599 0.01780790 0.02784219 0.00085652 0.01057600 0.23127095
173 0.05616899 0.02408990 0.08615538 0.28718695 0.01032050 0.05609079 0.16223497 0.05989689 0.02233950 0.01663370 0.01455210 0.05383159 0.00569997 0.01063930 0.02084060 0.05161829 0.02523650 0.00529915 0.00749097 0.02367400
174 0.06068233 0.04426292 0.04069672 0.12752906 0.00549998 0.07174044 0.34182717 0.03526912 0.02172841 0.01837771 0.02581501 0.06286203 0.00833185 0.01173581 0.01590891 0.04094662 0.02698961 0.00380132 0.00857426 0.02742071
175 0.05663280 0.02347010 0.08437541 0.28867802 0.01033260 0.05610440 0.16569301 0.06040970 0.02208070 0.01622670 0.01421180 0.05444050 0.00587955 0.01020990 0.02026680 0.05044610 0.02449580 0.00561074 0.00701113 0.02342420
176 0.04666658 0.03741748 0.09407806 0.26780988 0.00944058 0.06151277 0.15289093 0.06357277 0.02094999 0.01263879 0.01075300 0.10302496 0.00571032 0.00762458 0.01445549 0.03949828 0.02377669 0.00602686 0.00449249 0.01765949
177 0.05936818 0.01221319 0.01180350 0.01203240 0.01096850 0.01288929 0.01515329 0.01287109 0.01106820 0.22228791 0.14084894 0.02159819 0.03983068 0.03285149 0.01090880 0.03631999 0.03969008 0.00341771 0.01444569 0.27943289
178 0.21862398 0.01294100 0.01754000 0.00866444 0.11842199 0.02471380 0.01242290 0.04217850 0.01159390 0.05273979 0.05251809 0.01136660 0.02852280 0.01172230 0.01809800 0.14356298 0.06591569 0.00306818 0.00639909 0.13898598
179 0.04454349 0.02680279 0.03705899 0.07242139 0.00251635 0.16096697 0.44007291 0.02369740 0.01161350 0.01049830 0.01328340 0.06012779 0.00619687 0.00458209 0.02014410 0.02172220 0.01550390 0.00132581 0.00296958 0.02395220
