1 0.36964289 0.00437601 0.01095610 0.01708160 0.05739018 0.00826043 0.00594815 0.08732787 0.00332318 0.02604289 0.02279699 0.00789133 0.00898294 0.00641233 0.01557730 0.22191894 0.07883138 0.00099522 0.00431300 0.04193129
2 0.14976392 0.01258389 0.01161089 0.01313459 0.02434909 0.01449229 0.01671839 0.03362008 0.00735283 0.17163590 0.12967693 0.01435629 0.03467148 0.02657879 0.01536079 0.08261805 0.05421697 0.00291913 0.01096679 0.17337290
3 0.30499566 0.01324759 0.02035058 0.02209998 0.03908126 0.01727178 0.02075628 0.08185051 0.00819881 0.02576777 0.02673077 0.01765498 0.01188599 0.01058179 0.02516847 0.22023575 0.08496830 0.00217135 0.00678524 0.04019715
4 0.06586487 0.01515919 0.01317159 0.00826373 0.01488059 0.01202669 0.01356719 0.01932949 0.00648201 0.22697490 0.15999393 0.01734659 0.03205509 0.03913748 0.01000660 0.03226589 0.03842648 0.00289361 0.01472819 0.25742588
5 0.05973432 0.01011240 0.00589559 0.00239541 0.01082040 0.00680928 0.00673870 0.01064650 0.00486655 0.22425309 0.25877611 0.00743042 0.06395593 0.04339792 0.00717720 0.02059221 0.02965181 0.00326182 0.00886522 0.21461909
6 0.08357083 0.05270402 0.03069791 0.02253351 0.01747721 0.08043093 0.05057862 0.02280561 0.01941181 0.06141242 0.05231492 0.05506652 0.03152971 0.02220131 0.01952121 0.10554804 0.14207505 0.00395294 0.02425741 0.10191004
7 0.16017210 0.03312382 0.04488283 0.04059143 0.02626432 0.03426722 0.04253013 0.06625284 0.01869251 0.03360542 0.03798542 0.03828672 0.01970531 0.01879681 0.03093922 0.18874612 0.10064806 0.00562298 0.01736611 0.04152063
8 0.04953060 0.17228099 0.05667710 0.04115370 0.01387950 0.06163290 0.06925930 0.04857620 0.02850290 0.02238910 0.04217560 0.19264099 0.01701640 0.01036220 0.02078000 0.05802280 0.04510560 0.00491133 0.01315880 0.03194400
9 0.05353587 0.04618168 0.06321977 0.13422093 0.00635370 0.04228238 0.18338991 0.17761391 0.02955719 0.01629639 0.01751819 0.06594437 0.01427519 0.00755977 0.01567479 0.05865537 0.03682658 0.00267024 0.00862469 0.01959909
10 0.13251992 0.02644048 0.04298467 0.02301999 0.02075869 0.03310058 0.02390319 0.03643528 0.01330689 0.02794858 0.02630998 0.02270479 0.01813879 0.01533849 0.01624409 0.24915485 0.22294686 0.00264012 0.00976599 0.03633778
11 0.07067874 0.12716807 0.05090643 0.03410172 0.01295611 0.05929983 0.05760653 0.04383953 0.02598712 0.01915431 0.02917112 0.08654475 0.01490791 0.01390431 0.02665302 0.17152210 0.10929406 0.00652142 0.01261301 0.02716992
12 0.04439767 0.01024539 0.00493876 0.00140212 0.00866840 0.00500069 0.00526855 0.00840585 0.00448922 0.22742487 0.28478684 0.00626003 0.07136646 0.04876267 0.00642152 0.01255999 0.02496199 0.00345201 0.00963311 0.21155388
13 0.05333819 0.03300170 0.13298299 0.07894259 0.01966680 0.02858420 0.04879669 0.17346398 0.03279200 0.01422350 0.02914600 0.06696639 0.01423260 0.01303320 0.02837200 0.09925179 0.09787829 0.00423868 0.00914213 0.02194630
14 0.04193757 0.01242349 0.00390966 0.00111653 0.00724402 0.00469624 0.00533570 0.00824137 0.00487024 0.20514186 0.32502477 0.00624151 0.08651724 0.05393006 0.00682734 0.01200309 0.02385798 0.00420637 0.01004309 0.17643188
15 0.03949889 0.01551560 0.01180560 0.01048350 0.01698520 0.01819220 0.01451010 0.01137500 0.02911339 0.06998789 0.14866797 0.01297170 0.06599809 0.17546896 0.00674060 0.04200869 0.03715399 0.01907740 0.18962496 0.06482029
16 0.03463740 0.01517120 0.00952927 0.00648838 0.01556120 0.01169710 0.00718019 0.00926984 0.02215660 0.08108739 0.25707098 0.00904196 0.06228710 0.18124399 0.00621983 0.02048270 0.02128650 0.01527440 0.14535299 0.06896100
17 0.10072502 0.03159621 0.03530081 0.03761561 0.01020120 0.03657421 0.04015341 0.03598601 0.01948420 0.02713021 0.04767511 0.03499341 0.01849000 0.00878252 0.33215107 0.08210092 0.05500491 0.00576960 0.00934268 0.03092291
18 0.05564517 0.02753348 0.01571749 0.01652029 0.01097979 0.02194489 0.02589458 0.02436748 0.01268279 0.12437392 0.25049284 0.02598648 0.09544724 0.05650116 0.01657859 0.04401867 0.04415917 0.00663362 0.02781858 0.09670374
19 0.22699703 0.03288690 0.04365381 0.09898381 0.01879040 0.03057420 0.02635400 0.08547361 0.01459940 0.01850700 0.03596281 0.03142330 0.01256060 0.08393611 0.02448000 0.10243101 0.04945981 0.00481426 0.01945080 0.03866111
20 0.06179498 0.05850778 0.05390018 0.15017095 0.00673973 0.06437508 0.20689993 0.04221928 0.02653489 0.02629449 0.02956699 0.07321037 0.01671299 0.00801876 0.02583339 0.06393138 0.04345218 0.00325027 0.01166560 0.02692079
21 0.06732962 0.03046561 0.08868733 0.19281907 0.01237970 0.03873731 0.13788805 0.04720792 0.02373481 0.02113491 0.02188411 0.05371072 0.01555301 0.00908933 0.02658601 0.08842133 0.08591423 0.00366432 0.01107390 0.02371871
22 0.06260894 0.03312332 0.08247196 0.22118215 0.00907353 0.04387243 0.17547512 0.05499244 0.02345732 0.02020321 0.01871491 0.05513054 0.01294511 0.01061741 0.02489922 0.06988615 0.04421603 0.00332220 0.01370591 0.02010211
23 0.03167670 0.24578296 0.08393319 0.03659389 0.01448040 0.05599549 0.04383259 0.03178140 0.03765199 0.01243580 0.03352689 0.20041497 0.01293830 0.00793167 0.01181270 0.05175879 0.04471089 0.00307468 0.01490260 0.02476410
24 0.02462169 0.01759269 0.03288739 0.01110600 0.01911799 0.02557009 0.00763366 0.00911173 0.09623137 0.01683740 0.05970478 0.01442650 0.01794609 0.20729394 0.00594580 0.03444439 0.01211840 0.03371439 0.33002590 0.02366979
25 0.28273114 0.02378431 0.01400781 0.02483051 0.02952012 0.01036681 0.01244421 0.27216814 0.00734486 0.01653271 0.02096161 0.01424261 0.00697317 0.01105981 0.01784301 0.14349707 0.04893312 0.00274092 0.00746834 0.03254972
26 0.07897922 0.06831332 0.06465022 0.03556481 0.01467810 0.04733291 0.04197651 0.06712272 0.02696411 0.02171811 0.04369501 0.12933804 0.01775441 0.06227992 0.02151441 0.11928904 0.05976442 0.01397610 0.03280421 0.03228441
27 0.05372678 0.13180996 0.04694678 0.08931967 0.00707576 0.07285038 0.15960595 0.03689699 0.02779309 0.01847659 0.02636569 0.15109295 0.01368530 0.00503429 0.02267699 0.06075668 0.03975429 0.00279371 0.00898268 0.02435549
28 0.24865312 0.02337931 0.02053161 0.02823221 0.03078782 0.02399661 0.03029532 0.08812734 0.01121711 0.04850492 0.05810103 0.02596631 0.01906441 0.01933541 0.03287332 0.14475707 0.06629853 0.00344290 0.01296181 0.06347383
29 0.04889561 0.02128110 0.01107730 0.00618289 0.01028600 0.01462930 0.01328940 0.01426140 0.01155250 0.15047403 0.30667406 0.01717880 0.08081892 0.06907701 0.01309120 0.02404280 0.02928991 0.00679211 0.02479460 0.12631103
30 0.03360450 0.01251630 0.00777305 0.00452260 0.01424020 0.00819180 0.00613463 0.00870750 0.01510110 0.09581030 0.27952100 0.00588172 0.06527890 0.19502300 0.00411630 0.01636250 0.02063110 0.01427940 0.11001600 0.08228810
31 0.09048492 0.02689310 0.05017721 0.09596492 0.00813004 0.02697520 0.05865931 0.03835451 0.01531490 0.01821540 0.02338100 0.03388981 0.01341080 0.00791990 0.32065805 0.08330111 0.05372791 0.00455619 0.00767820 0.02230750
32 0.21736508 0.02084631 0.03756721 0.03173591 0.02971981 0.01575951 0.02067761 0.20895507 0.01168240 0.01778771 0.02099421 0.02737581 0.01042310 0.01207250 0.02136521 0.18980507 0.06225752 0.00455640 0.00858355 0.03047001
33 0.07618671 0.00924147 0.00781956 0.00400879 0.01326150 0.00837126 0.00828112 0.01397020 0.00472802 0.22013603 0.21795903 0.00930621 0.04924841 0.03933041 0.00802541 0.02699890 0.03450951 0.00251351 0.01007790 0.23602604
34 0.05082109 0.01755230 0.01112870 0.00622543 0.01229570 0.01563490 0.01710060 0.01355320 0.02155980 0.22146597 0.18914498 0.01806700 0.05304209 0.03800390 0.01041230 0.03286760 0.04112129 0.00456820 0.01945500 0.20597997
35 0.16051992 0.03273228 0.04494728 0.03825638 0.02650519 0.03453268 0.04051718 0.06662157 0.01849499 0.03453858 0.03865068 0.03834228 0.01894569 0.01847489 0.03138899 0.18853891 0.10250395 0.00561367 0.01700159 0.04287328
36 0.04570292 0.13908107 0.11328805 0.05993653 0.01579051 0.05032292 0.04543132 0.04404762 0.03714062 0.01374301 0.02826001 0.11069505 0.01176851 0.01307011 0.02022811 0.13128706 0.07970444 0.00529573 0.01368471 0.02152171
37 0.30827002 0.01154300 0.02091830 0.01965590 0.03898330 0.01601990 0.01716630 0.07857121 0.00756481 0.02465130 0.02498990 0.01576670 0.01157200 0.01047150 0.02264790 0.23592502 0.08915911 0.00217196 0.00602535 0.03792650
38 0.06177862 0.03280331 0.08261502 0.22447606 0.00905111 0.04372871 0.17918704 0.05416951 0.02240621 0.02022061 0.01776390 0.05455421 0.01319560 0.01014010 0.02417551 0.06894112 0.04421961 0.00314134 0.01342190 0.02001051
39 0.28374201 0.02376690 0.01399790 0.02562740 0.02977090 0.01034420 0.01297650 0.26987701 0.00739211 0.01655870 0.02084560 0.01388550 0.00692658 0.01066610 0.01810730 0.14336600 0.04936390 0.00258547 0.00756572 0.03263420
40 0.16154795 0.03386289 0.04413349 0.03835689 0.02647269 0.03360859 0.04095759 0.06652948 0.01826939 0.03341379 0.03732579 0.03748229 0.01922689 0.01860829 0.03087799 0.19039794 0.10431697 0.00533270 0.01775969 0.04151869
41 0.35163018 0.00884186 0.01386701 0.01839871 0.04380732 0.01180311 0.01306251 0.08970835 0.00532859 0.02353041 0.02362921 0.01221221 0.00953554 0.00867176 0.02198011 0.21983711 0.07777314 0.00144449 0.00504025 0.03989812
42 0.32571707 0.01164040 0.01699050 0.02067920 0.04085621 0.01520590 0.01742010 0.08763232 0.00700287 0.02545471 0.02557421 0.01522730 0.01112350 0.01022720 0.02459031 0.21493905 0.08042362 0.00210329 0.00658592 0.04060631
43 0.21400606 0.01532970 0.01823071 0.01986271 0.05674962 0.02512061 0.02194411 0.04648041 0.01005230 0.06526732 0.07384922 0.02012131 0.05172001 0.02255871 0.01893911 0.14184804 0.07962952 0.00466141 0.02120721 0.07242192
44 0.09658370 0.02141910 0.02041940 0.01496230 0.01892900 0.02236120 0.02560170 0.02543360 0.00963371 0.13781099 0.10050499 0.02574380 0.03679060 0.02674610 0.01354180 0.09152380 0.11768799 0.00367674 0.02014150 0.17048799
45 0.05085897 0.00382107 0.00786607 0.00135864 0.01351299 0.00435179 0.00393215 0.00873138 0.00227060 0.29440081 0.16561589 0.00586801 0.02371948 0.03477838 0.00406514 0.01358739 0.02777988 0.00091968 0.00567091 0.32689078
46 0.06137628 0.03327099 0.08304857 0.22149291 0.00938010 0.04409358 0.17599793 0.05426918 0.02405019 0.02017219 0.01876929 0.05489248 0.01318489 0.01004430 0.02394979 0.06955437 0.04520268 0.00314019 0.01379469 0.02031539
47 0.02337902 0.32615723 0.04844533 0.00745592 0.01373491 0.06064464 0.04031913 0.01315081 0.02447292 0.01008941 0.03418972 0.27819320 0.01372341 0.00321902 0.00550574 0.03169172 0.02966582 0.00145682 0.01001221 0.02449302
48 0.10621402 0.02567690 0.03063081 0.02877470 0.02296980 0.03388621 0.03812721 0.03681121 0.01563000 0.07279941 0.07437211 0.02996091 0.07056641 0.02338870 0.02230080 0.16435303 0.10480002 0.00604273 0.02454180 0.06815321
49 0.05854242 0.08970933 0.04572481 0.01565820 0.05407812 0.05241182 0.03093041 0.02841831 0.02289671 0.04717171 0.15853905 0.12893304 0.03214741 0.02892181 0.02384311 0.05436502 0.04247681 0.01171380 0.02147021 0.05204792
50 0.06107548 0.11683896 0.06398768 0.03583059 0.01423270 0.05271838 0.05460368 0.03453999 0.02696589 0.02132239 0.04130329 0.17691894 0.01569099 0.01036850 0.01998129 0.07710957 0.12053696 0.00590023 0.01299290 0.03708159
51 0.16039590 0.03352948 0.04462237 0.03801918 0.02695648 0.03446698 0.04056137 0.06790086 0.01817209 0.03359678 0.03788698 0.03839018 0.01897279 0.01901069 0.03070508 0.18926088 0.10200193 0.00564174 0.01808269 0.04182557
52 0.02324559 0.32672892 0.04834119 0.00726697 0.01377570 0.06074608 0.04084589 0.01271880 0.02419559 0.01009530 0.03403209 0.27889993 0.01373290 0.00304408 0.00535661 0.03156189 0.02970769 0.00140023 0.00984107 0.02446349
53 0.05717242 0.01313540 0.01090200 0.00923307 0.01335590 0.01147350 0.01442841 0.01375350 0.00693965 0.23358508 0.19281207 0.01363300 0.04534092 0.03970831 0.00956129 0.02968591 0.03562651 0.00383873 0.01283420 0.23298008
54 0.11862695 0.02938329 0.03493289 0.02173029 0.02338769 0.03464849 0.03253939 0.03920159 0.02078219 0.06387378 0.13165995 0.03588159 0.03871859 0.03532849 0.02392989 0.14075695 0.07605247 0.00820848 0.02466669 0.06569038
55 0.04205519 0.23626596 0.03470139 0.03021609 0.00881973 0.07814939 0.11482498 0.02359660 0.02812709 0.01439700 0.02763389 0.21078996 0.01239420 0.00353425 0.01807240 0.05190739 0.03131479 0.00172789 0.00780992 0.02366190
56 0.06075761 0.03539781 0.10118102 0.16717804 0.00980412 0.04391541 0.17640604 0.04926211 0.02418791 0.01764650 0.02269651 0.06415382 0.01373630 0.00697548 0.01767750 0.09939622 0.05696111 0.00278390 0.00846696 0.02141561
57 0.06469174 0.03178552 0.08639315 0.05245473 0.02432751 0.03177502 0.04358303 0.03014052 0.02118881 0.11164307 0.05682223 0.04804493 0.02303781 0.01840081 0.02275011 0.10182106 0.11894607 0.00602521 0.01448721 0.09168145
58 0.25377636 0.03173184 0.02246983 0.06394319 0.02644674 0.01445362 0.02816974 0.24722735 0.01011581 0.01491962 0.01905543 0.01752062 0.00691032 0.01483662 0.01981473 0.12235217 0.04513786 0.00276971 0.00909778 0.02925064
59 0.05530599 0.01584500 0.01315740 0.01235810 0.02112580 0.02225610 0.02284960 0.01656060 0.02344430 0.12347098 0.06709319 0.01546070 0.05056789 0.09156958 0.00596008 0.08117669 0.11066198 0.01439870 0.14813997 0.08859738
60 0.06611795 0.00432239 0.00776651 0.00251483 0.01507739 0.00562726 0.00525977 0.01130369 0.00268007 0.27818579 0.15839488 0.00632256 0.02561488 0.03274247 0.00545734 0.02311478 0.03305307 0.00115312 0.00670450 0.30858676
61 0.04928698 0.02115049 0.01070720 0.00626055 0.01015270 0.01393079 0.01300580 0.01492109 0.01099170 0.15203794 0.30565889 0.01707579 0.08047807 0.06898687 0.01276260 0.02425559 0.02970609 0.00664032 0.02479859 0.12719195
62 0.03856258 0.01519979 0.00202804 0.00085432 0.00438456 0.00483783 0.00560146 0.00761479 0.00544217 0.17390989 0.38133876 0.00588084 0.11462193 0.05701336 0.00729077 0.01225469 0.02404578 0.00511964 0.01074389 0.12325492
63 0.05042379 0.00392289 0.00757446 0.00143694 0.01324230 0.00412899 0.00389543 0.00879794 0.00249073 0.29242692 0.17045195 0.00584822 0.02589209 0.03518909 0.00435919 0.01338700 0.02752779 0.00112735 0.00600203 0.32187491
64 0.05611981 0.02810320 0.07160531 0.25646703 0.00218959 0.05056411 0.26066503 0.03442370 0.01837120 0.01879700 0.01032980 0.05324011 0.01191050 0.00283819 0.01423820 0.05025471 0.03366690 0.00086063 0.00926599 0.01608900
65 0.09725736 0.03011942 0.07292665 0.03743092 0.05712784 0.03734842 0.02843872 0.04818543 0.05850744 0.03967133 0.03978903 0.03728652 0.02249491 0.01299851 0.01792701 0.17235411 0.13005908 0.00597365 0.01981981 0.03428382
66 0.10727801 0.12559902 0.03247400 0.03709930 0.01468820 0.04879071 0.04351051 0.07310951 0.03654710 0.02714990 0.05668061 0.07097791 0.01838700 0.04539191 0.02553260 0.05913521 0.04724291 0.00822517 0.07966581 0.04251461
67 0.16302398 0.05534669 0.04472419 0.03814189 0.02029660 0.05276969 0.06937979 0.04736959 0.02267910 0.02172610 0.03630129 0.09589689 0.01357050 0.01254760 0.03272930 0.15507498 0.07008699 0.00574766 0.00939108 0.03319610
68 0.04388147 0.02459238 0.07441234 0.27784378 0.00230281 0.05063366 0.26471379 0.03352567 0.01830129 0.02428818 0.00813871 0.05045476 0.01190219 0.00220168 0.01048809 0.04578936 0.03160417 0.00086768 0.00987040 0.01418759
69 0.04429511 0.01019050 0.00499009 0.00128664 0.00870920 0.00514467 0.00490236 0.00840667 0.00442162 0.22830206 0.28429207 0.00640970 0.07075922 0.04815561 0.00661901 0.01246840 0.02471851 0.00351025 0.00883024 0.21358805
70 0.06846024 0.03054407 0.07274134 0.16269086 0.00920344 0.04463696 0.17259586 0.03623717 0.02560788 0.02047288 0.05490955 0.05418915 0.01951088 0.00829574 0.01990948 0.07242264 0.08332763 0.00349554 0.01211939 0.02862928
71 0.03992083 0.01752851 0.00389580 0.00207724 0.00558452 0.00850545 0.00811609 0.00952912 0.00723263 0.15606010 0.37299125 0.00880768 0.11453408 0.06430334 0.00912611 0.01549701 0.02529532 0.00603545 0.01551441 0.10944507
72 0.04968857 0.00195257 0.00776009 0.00080309 0.01374969 0.00324250 0.00252115 0.00826165 0.00160748 0.30976480 0.15255390 0.00488073 0.01568729 0.03379298 0.00348284 0.01048619 0.02526928 0.00047797 0.00407146 0.34994577
73 0.15323195 0.04520219 0.03766869 0.08224257 0.01222720 0.05736068 0.14781895 0.04025579 0.02287979 0.02553929 0.03908929 0.05769348 0.01713109 0.01076040 0.04174239 0.09909257 0.05766928 0.00378133 0.01033410 0.03827899
74 0.10393103 0.03955471 0.04358581 0.03538011 0.01795150 0.03542501 0.04068241 0.03965421 0.01829850 0.05316841 0.05863322 0.04256611 0.02579971 0.02197081 0.02840691 0.14679204 0.16530104 0.00441913 0.01613220 0.06234712
75 0.06184842 0.07035642 0.04025131 0.12459103 0.00627866 0.10377303 0.21165605 0.02759151 0.03107381 0.02516181 0.02846451 0.08056752 0.01519000 0.00599626 0.02933421 0.06300852 0.03699171 0.00246843 0.01179600 0.02360081
76 0.08813510 0.08604380 0.03945040 0.08706600 0.00609466 0.07908530 0.17474601 0.03085540 0.02860280 0.02100090 0.02888660 0.11334001 0.01279370 0.00659258 0.03468930 0.07689330 0.04564610 0.00349428 0.00886993 0.02771380
77 0.24557384 0.02407498 0.02066339 0.02899958 0.03040908 0.02382228 0.03204338 0.08914874 0.01181449 0.04809537 0.05715236 0.02686758 0.01873649 0.01981509 0.03307298 0.14387291 0.06624226 0.00370414 0.01354629 0.06234476
78 0.05769047 0.01279139 0.01116769 0.00902057 0.01372399 0.01161469 0.01417729 0.01338679 0.00696454 0.23415689 0.19260491 0.01345539 0.04510148 0.03955938 0.00912850 0.02955149 0.03589118 0.00361517 0.01273429 0.23366389
79 0.04892723 0.02156281 0.01073921 0.00615408 0.01018331 0.01364731 0.01273931 0.01425801 0.01120241 0.15252208 0.30633416 0.01699421 0.08043664 0.06929884 0.01276361 0.02314631 0.02878131 0.00673890 0.02573221 0.12783807
80 0.20473823 0.02317073 0.03892034 0.03406874 0.02803063 0.01563252 0.02262803 0.23536726 0.01239901 0.01775692 0.02113442 0.02966713 0.01060211 0.01223691 0.02167242 0.17007619 0.05838227 0.00429885 0.00858594 0.03063133
81 0.07976884 0.02364318 0.02908558 0.01339899 0.05255896 0.02530798 0.01777699 0.02723748 0.01640819 0.10699993 0.18535287 0.02958358 0.03742017 0.07411485 0.01379679 0.05750056 0.04208867 0.01046379 0.04533767 0.11215492
82 0.06822367 0.01373029 0.01124230 0.00680663 0.01598309 0.01496089 0.01434579 0.01505409 0.00937992 0.18675693 0.22056692 0.01359869 0.06613048 0.04076168 0.00974703 0.05872748 0.04817878 0.00538339 0.01682399 0.16359794
83 0.09278556 0.02937642 0.04195933 0.01799231 0.01374071 0.03698412 0.02089531 0.02407531 0.01301001 0.02347481 0.02237211 0.01853401 0.01677271 0.01720241 0.01190101 0.26336916 0.29188718 0.00225870 0.00872350 0.03268532
84 0.24684006 0.02385951 0.02084111 0.02950001 0.03068111 0.02393421 0.03148211 0.08947772 0.01159330 0.04791881 0.05643971 0.02599771 0.01879800 0.01928791 0.03236971 0.14520704 0.06686152 0.00347604 0.01304570 0.06238872
85 0.04403241 0.00877628 0.00451623 0.00056383 0.00842686 0.00327101 0.00354869 0.00776885 0.00333649 0.24048406 0.27785707 0.00496587 0.06678542 0.04480221 0.00556663 0.00966056 0.02344531 0.00270875 0.00689641 0.23258706
86 0.14797296 0.02644549 0.01942309 0.02400709 0.01582170 0.02920029 0.03584039 0.03279869 0.01503230 0.09245618 0.08211298 0.02634269 0.02760209 0.01452310 0.18032795 0.08783858 0.05151409 0.00494128 0.00817738 0.07762168
87 0.10688994 0.02295219 0.05127557 0.03269888 0.02157119 0.02163419 0.03356288 0.25764686 0.01646439 0.02925058 0.03631948 0.04906397 0.04395138 0.01495399 0.02120349 0.12960193 0.05660547 0.00557076 0.01138989 0.03739298
88 0.20459427 0.02573033 0.02486293 0.03037644 0.01824372 0.03085784 0.03697595 0.05096957 0.01315532 0.02300443 0.03190334 0.02643753 0.01488442 0.00848553 0.23538031 0.11819116 0.05857548 0.00411871 0.00678797 0.03646475
89 0.10463307 0.03865223 0.04328773 0.03477872 0.01838601 0.03576973 0.03978543 0.03932883 0.01795001 0.05413374 0.06039874 0.04157353 0.02654532 0.02280162 0.02694082 0.14653310 0.16476712 0.00445919 0.01645451 0.06282054
90 0.04938642 0.02169691 0.01097890 0.00632021 0.01019790 0.01447451 0.01296880 0.01464721 0.01102680 0.15021206 0.30731112 0.01743381 0.08126113 0.06878423 0.01319471 0.02461711 0.02928771 0.00699621 0.02430321 0.12490105
91 0.06587360 0.13800500 0.03307820 0.06039490 0.00640194 0.08593100 0.16124100 0.03244660 0.03122760 0.02021980 0.02475980 0.11762600 0.01214950 0.00583583 0.03412050 0.08996060 0.04298960 0.00328952 0.00886763 0.02558140
92 0.24687802 0.02385900 0.02118140 0.02903750 0.03040630 0.02371480 0.03095380 0.08974041 0.01184480 0.04786520 0.05548960 0.02639310 0.01805850 0.01969000 0.03244660 0.14530001 0.06741571 0.00369242 0.01326560 0.06276721
93 0.06782581 0.01535100 0.01294450 0.00861807 0.01493750 0.01217070 0.01443320 0.01972640 0.00669448 0.22465003 0.16164702 0.01679530 0.03244360 0.03844901 0.01019040 0.03334720 0.03794851 0.00283671 0.01419850 0.25479204
94 0.05096479 0.15109097 0.04566199 0.07461079 0.00767085 0.07255229 0.14541697 0.03594289 0.02770729 0.01747360 0.02800199 0.17000097 0.01384300 0.00478804 0.02094370 0.05858789 0.03925619 0.00275789 0.00851121 0.02421670
95 0.02903151 0.01115300 0.00809711 0.00529453 0.01676150 0.00858856 0.00501527 0.00736387 0.01859180 0.06294691 0.25303106 0.00484140 0.05504891 0.24962906 0.00287573 0.01640670 0.01840690 0.01654550 0.15271904 0.05765161
96 0.14743505 0.02929661 0.04685261 0.04170641 0.02472641 0.02304571 0.03505721 0.16779805 0.02322561 0.02593131 0.03596251 0.04021551 0.01619871 0.01536110 0.02865831 0.12521404 0.11773904 0.00462258 0.01231320 0.03864001
97 0.30257819 0.01346001 0.02117081 0.02218691 0.03872842 0.01751781 0.02055701 0.08120935 0.00811018 0.02623502 0.02664422 0.01805911 0.01231371 0.01095161 0.02512392 0.21994914 0.08560855 0.00225830 0.00697380 0.04036393
98 0.06350569 0.02915330 0.06838169 0.20951197 0.01425090 0.04328889 0.16663897 0.03959789 0.02039080 0.05459069 0.02435030 0.04835449 0.01742600 0.01063550 0.02128600 0.06929849 0.04674039 0.00500136 0.01431430 0.03328239
99 0.04469790 0.02921720 0.12324199 0.24066998 0.00952353 0.04046960 0.16637399 0.04846760 0.02611140 0.01653940 0.01483240 0.05948720 0.01138370 0.00664117 0.01688150 0.07234869 0.04617660 0.00194754 0.00968373 0.01530490
100 0.04937371 0.02141100 0.01102420 0.00644402 0.01028340 0.01357890 0.01265810 0.01451280 0.01126480 0.15153502 0.30555705 0.01714170 0.08042801 0.06901781 0.01295850 0.02362930 0.02924640 0.00688912 0.02539910 0.12764702
101 0.16083597 0.03360059 0.04460159 0.03806999 0.02687900 0.03456519 0.04046729 0.06825539 0.01816600 0.03433659 0.03856619 0.03813159 0.01958980 0.01801500 0.03089039 0.18979697 0.10152498 0.00564847 0.01609040 0.04196859
102 0.09550898 0.00663415 0.00944013 0.00556116 0.01758051 0.00929733 0.00935421 0.01877242 0.00357883 0.23902820 0.13527211 0.00974091 0.02256762 0.03067223 0.00896154 0.03774153 0.04143304 0.00151769 0.00902617 0.28831125
103 0.09957115 0.04062558 0.06255677 0.13233793 0.01134749 0.02549159 0.08298356 0.26741786 0.02425239 0.01213179 0.01712849 0.04243898 0.00977981 0.01203389 0.01731629 0.07379676 0.03506658 0.00396201 0.01094189 0.01881919
104 0.04287148 0.01473679 0.01515029 0.01102220 0.01582449 0.01478709 0.00928855 0.02004709 0.02767469 0.06871507 0.16342493 0.01177409 0.04195408 0.20992791 0.00645658 0.03169729 0.02670289 0.02223429 0.17228593 0.07342427
105 0.19277209 0.01355871 0.01452491 0.01519691 0.02833451 0.01760521 0.02165461 0.03991212 0.00716100 0.10421805 0.07620404 0.01940831 0.02861521 0.01878971 0.01576421 0.11955706 0.10401805 0.00246652 0.01543871 0.14480007
106 0.05046529 0.00403480 0.00760638 0.00157926 0.01330000 0.00432267 0.00397855 0.00885570 0.00258484 0.29107094 0.17090096 0.00590347 0.02646769 0.03520479 0.00438471 0.01422590 0.02789889 0.00111361 0.00615563 0.31994593
107 0.11912092 0.06404186 0.03475008 0.03050348 0.01755069 0.04836557 0.05126277 0.03236768 0.02468818 0.03321148 0.04705407 0.11067192 0.01868579 0.02221248 0.02299368 0.08005365 0.12052492 0.00801797 0.05435076 0.05957206
108 0.04315737 0.00784914 0.00509468 0.00067075 0.00968152 0.00301508 0.00350214 0.00779056 0.00337086 0.24206984 0.26253082 0.00459077 0.05822846 0.05626656 0.00456730 0.00967767 0.02294328 0.00299347 0.01016189 0.24183784
109 0.06854532 0.02710911 0.04612401 0.03012971 0.01488100 0.02253951 0.03800521 0.24111007 0.01954581 0.05045941 0.09851573 0.05139501 0.06320722 0.02624321 0.02087331 0.06777042 0.04508501 0.00570753 0.01330500 0.04944841
110 0.02349421 0.32618407 0.04811041 0.00748106 0.01368290 0.06057471 0.04114591 0.01305280 0.02411061 0.01008630 0.03399191 0.27873106 0.01370860 0.00314699 0.00533368 0.03187891 0.02937301 0.00148852 0.00980723 0.02461711
111 0.06193724 0.05785364 0.05417784 0.15118310 0.00646403 0.06347174 0.20618714 0.04279933 0.02617102 0.02679772 0.02986532 0.07354965 0.01658311 0.00787101 0.02536052 0.06403804 0.04318473 0.00325980 0.01167441 0.02757062
112 0.13065409 0.02652362 0.04076833 0.02283822 0.01335731 0.00801932 0.01935081 0.47978133 0.00956060 0.00740549 0.01376971 0.04003103 0.01004561 0.01288211 0.00976047 0.09804637 0.02653032 0.00356169 0.00651739 0.02059621
113 0.05009941 0.02320170 0.01973050 0.01916000 0.01718330 0.01722770 0.00841284 0.07120361 0.03259200 0.02415940 0.10038301 0.01307600 0.02478390 0.22868003 0.00790475 0.03872110 0.02532390 0.02587750 0.21110602 0.04117330
114 0.22617905 0.03255981 0.01571950 0.02623981 0.01930870 0.00896704 0.01305410 0.39670109 0.00815776 0.01138430 0.01777650 0.01680130 0.00611078 0.01156400 0.01394020 0.10433302 0.03383801 0.00302440 0.00821279 0.02612781
115 0.16266983 0.03333316 0.04389485 0.03887476 0.02681267 0.03383476 0.04099376 0.06773943 0.01852758 0.03353676 0.03800796 0.03786946 0.01943918 0.01862378 0.03145197 0.18912980 0.10041789 0.00554315 0.01742808 0.04187116
116 0.03509551 0.01915700 0.02044801 0.01518830 0.01937001 0.02037871 0.01351990 0.01542760 0.05294781 0.03072021 0.08668022 0.01733050 0.02645891 0.21157406 0.00734714 0.03779491 0.02261601 0.02785171 0.28006707 0.04002641
117 0.04488860 0.23554397 0.04596059 0.02624640 0.01249040 0.06111749 0.05788559 0.03825220 0.02947760 0.02171810 0.04864279 0.18472098 0.01822510 0.01252920 0.01854200 0.05188249 0.04124970 0.00403891 0.01551320 0.03107470
118 0.02506569 0.00805341 0.00968076 0.00652327 0.01944199 0.01049850 0.00271906 0.00536111 0.03597539 0.02725439 0.14347794 0.00501658 0.03213169 0.28924688 0.00197991 0.02132599 0.01254649 0.02478199 0.28076089 0.03815808
119 0.03884500 0.01672750 0.00317257 0.00161086 0.00509470 0.00723047 0.00717011 0.00848667 0.00675500 0.15855402 0.38524404 0.00749200 0.11542201 0.06393351 0.00841414 0.01326130 0.02372560 0.00580748 0.01357300 0.10948001
120 0.11839215 0.01250062 0.00967309 0.00893735 0.01904662 0.00984080 0.00950815 0.04454616 0.00754273 0.17496323 0.19848426 0.01114061 0.04963316 0.03418994 0.01204992 0.05554037 0.04335956 0.00370129 0.00971775 0.16723222
121 0.04600048 0.00934137 0.00545902 0.00124096 0.00920634 0.00451728 0.00464300 0.00871706 0.00396676 0.23302489 0.27092388 0.00615252 0.06417827 0.04656668 0.00623953 0.01192189 0.02511479 0.00294810 0.00872032 0.23111689
122 0.02861451 0.16153205 0.12009704 0.03921221 0.01511120 0.08440773 0.03517351 0.03371561 0.13586604 0.01178970 0.03036811 0.11933904 0.00958751 0.00885086 0.01332220 0.05298012 0.04140541 0.00617820 0.03457731 0.01787161
123 0.04474380 0.14760599 0.02828620 0.01652890 0.01111560 0.04178460 0.03930280 0.02349060 0.02007810 0.07122830 0.15896699 0.11399499 0.07070980 0.03090580 0.01695480 0.04269560 0.03945540 0.00588647 0.01588710 0.06037820
124 0.08262397 0.04302354 0.04824564 0.09563888 0.00886373 0.05250024 0.16748014 0.02940572 0.02433442 0.02741972 0.02877272 0.06016085 0.01970602 0.00729456 0.02302022 0.12467910 0.10750709 0.00318020 0.01127681 0.03486643
125 0.03998079 0.02167100 0.08821098 0.02635229 0.01030960 0.00927412 0.03297819 0.51431189 0.01617770 0.00414477 0.01453850 0.07374058 0.01600270 0.01335150 0.00752320 0.06543909 0.02386329 0.00270828 0.00442185 0.01499970
126 0.12723306 0.02708791 0.04580612 0.03955572 0.01784991 0.02345711 0.02686621 0.09800795 0.02090821 0.01878551 0.03497012 0.03497232 0.01512911 0.00940903 0.21946311 0.09996855 0.09750425 0.00566395 0.00914023 0.02822161
127 0.05773948 0.01292969 0.01071290 0.00916702 0.01353909 0.01107110 0.01390889 0.01364659 0.00673002 0.23456090 0.19308092 0.01319199 0.04505098 0.04011378 0.00962635 0.02908909 0.03500228 0.00383734 0.01266269 0.23433890
128 0.06498014 0.01513151 0.01292401 0.00834221 0.01477951 0.01181751 0.01387081 0.01950831 0.00643557 0.22636713 0.16096509 0.01666841 0.03238812 0.03962822 0.00999118 0.03266982 0.03820532 0.00302849 0.01549651 0.25680214
129 0.06834520 0.08717660 0.04684920 0.05187100 0.01367120 0.11327500 0.09259230 0.03133330 0.04510280 0.03060210 0.05391850 0.09246460 0.02222620 0.01898020 0.03612350 0.07780120 0.05511180 0.00545310 0.02239560 0.03470660
130 0.05519669 0.05054399 0.12678898 0.07164279 0.02189890 0.08737109 0.05454389 0.03710129 0.05095509 0.01678880 0.03349989 0.06135529 0.01504230 0.01305550 0.02263030 0.15502697 0.08716949 0.00568087 0.01382990 0.01987800
131 0.06255765 0.03266197 0.08265163 0.22292482 0.00894826 0.04423576 0.17743286 0.05496316 0.02368328 0.02015228 0.01764229 0.05467496 0.01315969 0.01018539 0.02453198 0.06919824 0.04379186 0.00312713 0.01330759 0.02016918
132 0.07906017 0.06101677 0.02625869 0.02422359 0.01746319 0.08250516 0.05840597 0.02356679 0.02265869 0.08971236 0.07948547 0.06498157 0.02813909 0.02814649 0.02675339 0.06495247 0.05903237 0.00453264 0.02503819 0.13406694
133 0.04591500 0.23467600 0.04538480 0.02682710 0.01243430 0.06093450 0.05836150 0.03864200 0.02999700 0.02200510 0.04907850 0.18348400 0.01818310 0.01259640 0.01847630 0.05161280 0.04094560 0.00414752 0.01544080 0.03085770
134 0.04985183 0.02163271 0.01033021 0.00608146 0.01032601 0.01415121 0.01277191 0.01457231 0.01125091 0.15072310 0.30670420 0.01730261 0.08092815 0.06920004 0.01292431 0.02433852 0.02922362 0.00680849 0.02540032 0.12547808
135 0.11843497 0.03351829 0.04304359 0.03350419 0.01327310 0.01408170 0.03114109 0.42681088 0.01601540 0.01399100 0.02433999 0.04328429 0.01223300 0.01481180 0.01452860 0.07762998 0.03017289 0.00444162 0.00863076 0.02611289
136 0.11670307 0.02830402 0.04249633 0.02274741 0.01821791 0.03434312 0.02491482 0.03173832 0.01389331 0.02804282 0.02579692 0.02323401 0.01852801 0.01589171 0.01588761 0.24582515 0.24449115 0.00267579 0.00970549 0.03656302
137 0.06262998 0.03283729 0.08204097 0.22062291 0.00936917 0.04338058 0.17478793 0.05519198 0.02369769 0.02072479 0.01814879 0.05464938 0.01314769 0.01084510 0.02475339 0.07019377 0.04490088 0.00335412 0.01405689 0.02066669
138 0.04360270 0.10445901 0.04165530 0.02981430 0.01775970 0.04757620 0.04173870 0.02469350 0.04783490 0.02333400 0.05251241 0.12285801 0.01741300 0.08239881 0.01795560 0.04817330 0.03977230 0.01884430 0.14303901 0.03456490
139 0.16112409 0.03411842 0.04399162 0.03864882 0.02666801 0.03411232 0.04142762 0.06845714 0.01840541 0.03372032 0.03741632 0.03871902 0.01867221 0.01835141 0.03186672 0.18880510 0.10072005 0.00559477 0.01724281 0.04193782
140 0.02634360 0.30739500 0.04763870 0.00747477 0.01455920 0.06249140 0.03874400 0.01217630 0.02476300 0.01194510 0.04442840 0.27271100 0.01489490 0.00389323 0.00768829 0.03210510 0.03249740 0.00192211 0.01053130 0.02579720
141 0.05441624 0.03507282 0.03571342 0.11443507 0.01042601 0.06443444 0.19480813 0.02487762 0.02396872 0.07637355 0.03829442 0.04457963 0.02819202 0.01610651 0.01851431 0.06224184 0.05808734 0.00571735 0.04419723 0.04954333
142 0.05775109 0.01047790 0.00979452 0.00458869 0.01628700 0.02479090 0.01526160 0.01112730 0.00576378 0.25282698 0.13280599 0.01364240 0.03053180 0.02924730 0.00674530 0.03330210 0.04541660 0.00181810 0.01364170 0.28417897
143 0.04895607 0.04187877 0.09315563 0.17812087 0.00938852 0.03740057 0.12842891 0.13292991 0.02733328 0.01448679 0.01710119 0.08769874 0.01256579 0.00884814 0.01890119 0.07048595 0.04183847 0.00421104 0.00890368 0.01736649
144 0.15670697 0.03402249 0.04575429 0.03933079 0.02635609 0.03509269 0.04114819 0.06694069 0.01875950 0.03429589 0.03777639 0.03859069 0.01919060 0.01836180 0.03134769 0.18892496 0.10282598 0.00551269 0.01731660 0.04174499
145 0.06180632 0.05697812 0.05454782 0.15114805 0.00659724 0.06373332 0.20555207 0.04247861 0.02573071 0.02649451 0.02930301 0.07271042 0.01704201 0.00802335 0.02541071 0.06520862 0.04497512 0.00322677 0.01173920 0.02729401
146 0.13716186 0.06266464 0.03167847 0.03903706 0.01605638 0.11370889 0.08649071 0.03531116 0.03229047 0.02868847 0.05525564 0.07150223 0.02017078 0.01839228 0.04441046 0.09191951 0.05490834 0.00466271 0.01634078 0.03934916
147 0.07015126 0.05668015 0.03419043 0.01890682 0.01676801 0.12528211 0.05761955 0.02259252 0.04152934 0.04543614 0.15106613 0.07201026 0.03909323 0.02924983 0.04089044 0.05895355 0.04261674 0.00622415 0.02457342 0.04616594
148 0.09785705 0.02311199 0.03620868 0.03061019 0.00871479 0.02346579 0.02751499 0.03304058 0.01373399 0.02511619 0.04513478 0.02310139 0.03486158 0.00662795 0.38506482 0.06892177 0.07892166 0.00447748 0.00661346 0.02690089
149 0.06760743 0.08701474 0.04750402 0.05414062 0.01412511 0.11329005 0.09463374 0.03114471 0.04514892 0.03023571 0.05286352 0.09207894 0.02143891 0.01839821 0.03672532 0.07677724 0.05382282 0.00562014 0.02267971 0.03475012
150 0.04194590 0.01459790 0.01482990 0.01058020 0.01579850 0.01443540 0.00893327 0.01898730 0.02732700 0.07080760 0.16658599 0.01139310 0.04225700 0.20889499 0.00609859 0.03129510 0.02618440 0.02348430 0.17066899 0.07489460
151 0.24630897 0.02379040 0.02077550 0.02929130 0.03083190 0.02439630 0.03239770 0.08704979 0.01186640 0.04758609 0.05729279 0.02660610 0.01847460 0.01985220 0.03347840 0.14458598 0.06653679 0.00379174 0.01324810 0.06183899
152 0.02579841 0.00888298 0.01178301 0.00777577 0.02013651 0.01255191 0.00346190 0.00600011 0.04506303 0.02104131 0.11306106 0.00681053 0.02661152 0.27337116 0.00283075 0.02531031 0.01232531 0.02795622 0.31548618 0.03374202
153 0.05099103 0.02996712 0.07680085 0.24630515 0.00347551 0.04931503 0.23770415 0.03814272 0.02004581 0.01823261 0.01161141 0.05710504 0.01295991 0.00284674 0.01489511 0.06467284 0.03835912 0.00125742 0.00908762 0.01622481
154 0.13065008 0.02999662 0.06265754 0.17750111 0.01518731 0.03701302 0.13792709 0.06799274 0.01731751 0.02064831 0.02093011 0.04506143 0.01306301 0.01389121 0.02959492 0.09072646 0.04909893 0.00294167 0.01095611 0.02684482
155 0.11720710 0.03413163 0.04340524 0.03302243 0.01297271 0.01357551 0.03072203 0.42917336 0.01549421 0.01445321 0.02419022 0.04387124 0.01224031 0.01446611 0.01428601 0.07709516 0.03033633 0.00422491 0.00880086 0.02633142
156 0.02292869 0.00603886 0.01125669 0.00599470 0.01866899 0.01152259 0.00199057 0.00402022 0.04952847 0.01803399 0.08870375 0.00577574 0.02482128 0.28874282 0.00181008 0.02472258 0.00960623 0.03088018 0.34309079 0.03186278
157 0.10791094 0.09366815 0.05394417 0.13849792 0.00953936 0.04357168 0.10865494 0.09323315 0.02386009 0.01926429 0.02367179 0.06244897 0.01145259 0.01815709 0.03197518 0.07160536 0.04191278 0.00416829 0.01592299 0.02654029
158 0.04956811 0.02234450 0.01101490 0.00602059 0.01033570 0.01395370 0.01303100 0.01465700 0.01114040 0.15132703 0.30481606 0.01769630 0.08018322 0.06811461 0.01267330 0.02423770 0.02951101 0.00685961 0.02517721 0.12733803
159 0.03375072 0.01407961 0.00509223 0.00240792 0.01118501 0.00548698 0.00593619 0.00799602 0.00880433 0.12305106 0.35622317 0.00489470 0.08635964 0.14549307 0.00468526 0.01229371 0.02081681 0.00884888 0.05154253 0.09105214
160 0.04617405 0.01158559 0.00532309 0.00177659 0.00862973 0.00534960 0.00579284 0.00947777 0.00474878 0.21426578 0.29030570 0.00718222 0.07316722 0.05126065 0.00708155 0.01327239 0.02572127 0.00372271 0.01135369 0.20380879
161 0.04514222 0.23504609 0.04561852 0.02636201 0.01233950 0.06110572 0.05909082 0.03836081 0.02958161 0.02225821 0.04877622 0.18401807 0.01812411 0.01241900 0.01863001 0.05238242 0.04062002 0.00415743 0.01517591 0.03079131
162 0.04603827 0.01146599 0.00531895 0.00183002 0.00863216 0.00544249 0.00550702 0.00922901 0.00497015 0.21356786 0.29241580 0.00724456 0.07390725 0.05116247 0.00701861 0.01334109 0.02564828 0.00372218 0.01141199 0.20212586
163 0.04940991 0.02124260 0.01068970 0.00608909 0.01015010 0.01416280 0.01223420 0.01474430 0.01122660 0.15212803 0.30672006 0.01692320 0.08104502 0.06902331 0.01243370 0.02364360 0.02908251 0.00658480 0.02485041 0.12761603
164 0.04596041 0.01059830 0.00442391 0.00196424 0.01014420 0.00633193 0.00619664 0.00899996 0.00641869 0.19923902 0.26571503 0.00562316 0.07520901 0.06722151 0.00551883 0.02087990 0.03454800 0.00502952 0.03587270 0.18410502
165 0.04947255 0.00602489 0.00727338 0.00148730 0.01193141 0.00457849 0.00410154 0.00913354 0.00321625 0.26854329 0.20526722 0.00632295 0.03776454 0.04078764 0.00514803 0.01203611 0.02588803 0.00171082 0.00774970 0.29156231
166 0.02253990 0.00587207 0.01222990 0.00587111 0.01891890 0.01128720 0.00194826 0.00397582 0.05467121 0.01741000 0.08200651 0.00621523 0.02314240 0.27835104 0.00184299 0.02606520 0.00848768 0.03292900 0.35678805 0.02944750
167 0.10216307 0.01098361 0.01059771 0.00914600 0.01877391 0.01210631 0.01385931 0.02151952 0.00632999 0.21630015 0.15502611 0.01225261 0.03676223 0.03100032 0.01171911 0.05308354 0.04495543 0.00281582 0.01036611 0.22023915
168 0.04508900 0.23596700 0.04604140 0.02534720 0.01234340 0.06134440 0.05719050 0.03951210 0.03016510 0.02193540 0.04845060 0.18577600 0.01784110 0.01183680 0.01876490 0.05131350 0.04096410 0.00397190 0.01505070 0.03109490
169 0.02537589 0.00808065 0.00955225 0.00655276 0.01921309 0.01050760 0.00279519 0.00549370 0.03462419 0.02822759 0.14811695 0.00484709 0.03321459 0.29089790 0.00190919 0.02076939 0.01293910 0.02413289 0.27369791 0.03905209
170 0.10480099 0.02569310 0.04036329 0.03537500 0.00936874 0.02489720 0.03125950 0.03681569 0.01578170 0.02099860 0.03531390 0.02912430 0.01695490 0.00647860 0.36178595 0.08107029 0.08645039 0.00491637 0.00694223 0.02560930
171 0.04218550 0.01485510 0.01520750 0.01072260 0.01579130 0.01484990 0.00927352 0.01960180 0.02762630 0.06927310 0.16381900 0.01213180 0.04143310 0.20945400 0.00658088 0.03175420 0.02623840 0.02318660 0.17160000 0.07441540
172 0.04248522 0.24048611 0.04299642 0.01895701 0.01180231 0.09203944 0.07189013 0.01945571 0.03807462 0.01592131 0.03387582 0.19937509 0.01338331 0.00620070 0.02021171 0.05201602 0.03977852 0.00250883 0.01209901 0.02644271
173 0.12467610 0.02744402 0.03714983 0.03704613 0.01365321 0.03432433 0.03587063 0.03875213 0.01566361 0.01958742 0.02542282 0.02709912 0.01330991 0.00668544 0.31593125 0.13456410 0.05513484 0.00554640 0.00725120 0.02488752
174 0.04650723 0.01587801 0.01194281 0.00639382 0.01151971 0.01293141 0.01037781 0.01375881 0.01084011 0.11490908 0.27766419 0.01035261 0.07110255 0.13815409 0.00649419 0.02861712 0.05086563 0.00860832 0.05171144 0.10137107
175 0.04977113 0.00250346 0.00766406 0.00103606 0.01364681 0.00356473 0.00293484 0.00836968 0.00177181 0.30572116 0.15616308 0.00517755 0.01817441 0.03408772 0.00366317 0.01156801 0.02602321 0.00061937 0.00458055 0.34295918
176 0.06409950 0.07603320 0.03742970 0.10258700 0.00697331 0.11508500 0.19324601 0.02662390 0.03451050 0.02584660 0.03320030 0.08510600 0.01582820 0.00651647 0.03290550 0.06591470 0.03792300 0.00299348 0.01216630 0.02501130
177 0.10110501 0.03172410 0.03522300 0.03730880 0.01011340 0.03770510 0.04059220 0.03623140 0.01973120 0.02722280 0.04761010 0.03573110 0.01801890 0.00923727 0.33002103 0.08117561 0.05468331 0.00547372 0.00956231 0.03152960
178 0.05085590 0.01493650 0.01258640 0.00558054 0.01352550 0.01262830 0.01102450 0.01088030 0.00676740 0.26413898 0.15663899 0.02866950 0.02922040 0.03138140 0.00731247 0.02079150 0.03263850 0.00285559 0.00841137 0.27915598
179 0.05372302 0.00285567 0.00760706 0.00126071 0.01392950 0.00394281 0.00328951 0.00878884 0.00209068 0.29957509 0.15689605 0.00532982 0.02078861 0.03343201 0.00397231 0.01421020 0.02826911 0.00078439 0.00534949 0.33390510
