1 0.37364809 0.00460869 0.00939050 0.01383440 0.07044982 0.01117360 0.01006020 0.07601162 0.00345093 0.02553931 0.01919330 0.00923301 0.00994696 0.00587542 0.02337021 0.20304205 0.08197062 0.00101326 0.00412689 0.04406111
2 0.13272807 0.01668761 0.01758401 0.01531971 0.01971861 0.01863401 0.01313781 0.03629962 0.01890021 0.07253174 0.13575307 0.01600091 0.03229052 0.12850506 0.01551601 0.08087424 0.05854493 0.01451481 0.07572794 0.08073114
3 0.29429000 0.01458900 0.02194400 0.01873530 0.04053500 0.02299590 0.02714490 0.06994250 0.00886552 0.02485950 0.02637290 0.01932940 0.01244400 0.01186140 0.02789830 0.21937900 0.08947420 0.00297056 0.00745892 0.03890970
4 0.06427404 0.01464091 0.01332051 0.00991044 0.01385921 0.01316181 0.01467961 0.01782391 0.00883960 0.22683515 0.16064610 0.01581611 0.03248212 0.04144373 0.01303731 0.03602352 0.03720962 0.00368634 0.01652981 0.24578016
5 0.05930480 0.00981591 0.00589990 0.00388748 0.01120770 0.00803291 0.00579673 0.00959848 0.00546523 0.22604700 0.26555700 0.00663583 0.06142450 0.04248410 0.00795507 0.02311350 0.02826840 0.00304942 0.00881905 0.20763700
6 0.08291292 0.04983011 0.04645101 0.02827241 0.01631360 0.07664092 0.04797491 0.02484181 0.01949920 0.04951371 0.06450181 0.05634911 0.03147801 0.01989550 0.02172940 0.10553702 0.14029103 0.00410749 0.02046940 0.09339062
7 0.15852294 0.03406369 0.04441178 0.03800859 0.02650129 0.03636229 0.04439918 0.06563878 0.01693169 0.03505719 0.03919099 0.03947998 0.01931929 0.01912859 0.03091319 0.18597093 0.09960086 0.00549568 0.01689999 0.04410308
8 0.05046889 0.17877996 0.05308019 0.04182879 0.01434880 0.06467389 0.06827799 0.03798009 0.02738629 0.02234690 0.03676619 0.19403196 0.01963900 0.01116020 0.02657469 0.05728549 0.04621789 0.00464731 0.01466170 0.02984379
9 0.06561622 0.03682931 0.06364412 0.14886106 0.00575668 0.04915182 0.20296808 0.14400905 0.03166571 0.01773771 0.02099741 0.05205842 0.01201600 0.00506767 0.01553461 0.06029642 0.03170051 0.00214398 0.01123640 0.02270881
10 0.13897103 0.03116271 0.05119981 0.02403091 0.02076330 0.03114961 0.02469531 0.02853791 0.00878294 0.02526491 0.02763491 0.02490521 0.01938340 0.02515451 0.01424810 0.24454805 0.21228404 0.00265953 0.00941512 0.03520871
11 0.07793366 0.12389810 0.05328394 0.03004292 0.01277981 0.05269414 0.04557814 0.03654963 0.01953952 0.01953862 0.02850722 0.08727097 0.01780861 0.01847741 0.02220052 0.18221614 0.11996209 0.00958403 0.01332141 0.02881312
12 0.04497501 0.00862336 0.00508153 0.00279364 0.00876477 0.00697979 0.00437556 0.00732350 0.00519017 0.23547308 0.28140209 0.00526613 0.06510722 0.04475641 0.00694248 0.01638421 0.02436601 0.00310786 0.00826108 0.21482607
13 0.06636154 0.04487273 0.09838976 0.04074312 0.01437121 0.04055002 0.04560803 0.03532412 0.02175561 0.03873972 0.09766816 0.06581134 0.02470561 0.02482501 0.02259521 0.10192406 0.14012108 0.00398463 0.01700201 0.05464703
14 0.04330179 0.01021030 0.00477724 0.00261930 0.00793287 0.00759787 0.00411176 0.00775807 0.00550710 0.20972793 0.32864089 0.00549899 0.08064027 0.04634099 0.00657752 0.01469520 0.02287639 0.00349101 0.00854459 0.17914994
15 0.04261339 0.01806850 0.01612940 0.01360500 0.02127460 0.02598880 0.01857630 0.01655390 0.02683470 0.08133919 0.14942198 0.02128730 0.08245789 0.13580298 0.00981692 0.05091749 0.05049249 0.01849120 0.13738198 0.06294599
16 0.03866369 0.01323330 0.01040700 0.00784098 0.01447670 0.01112540 0.00825130 0.00998352 0.02597109 0.07144578 0.24152592 0.01108480 0.05574438 0.19048794 0.00683232 0.02164739 0.03045209 0.02273709 0.14567295 0.06241638
17 0.10154295 0.02615179 0.02958868 0.03616858 0.01218529 0.04287528 0.03224438 0.03164088 0.01840299 0.02779449 0.04897017 0.04544268 0.01717249 0.01204769 0.33473883 0.07460896 0.05145137 0.00668952 0.01355779 0.03672518
18 0.05774490 0.02994330 0.01721690 0.01800480 0.01468120 0.02884330 0.02495110 0.02237670 0.01472540 0.11754799 0.24138598 0.03159280 0.09045399 0.05371700 0.01682130 0.04856870 0.04609170 0.00683008 0.02444120 0.09406169
19 0.19512408 0.01757681 0.02363131 0.06659443 0.05968923 0.02270411 0.01908991 0.04985292 0.02067141 0.03183391 0.06806283 0.02412071 0.02203591 0.08582624 0.01995231 0.10537905 0.06140103 0.00886517 0.05190122 0.04568742
20 0.06435799 0.05381899 0.06207879 0.14782497 0.00695808 0.06158559 0.20803095 0.05047189 0.02617419 0.02401529 0.03006619 0.06985508 0.01566080 0.00676643 0.02090100 0.06500579 0.04129569 0.00279031 0.01416370 0.02817829
21 0.06676728 0.03139139 0.08958237 0.17888695 0.01214420 0.04211119 0.13282996 0.05076578 0.02021659 0.01958539 0.02740149 0.05167978 0.01578530 0.00882921 0.02664439 0.09105447 0.09425717 0.00291999 0.01137570 0.02577139
22 0.06123647 0.03402958 0.08375065 0.19816689 0.00846768 0.04898317 0.17753290 0.05615667 0.02426999 0.01986769 0.02631429 0.05564187 0.01361849 0.00899739 0.02663788 0.06949676 0.04547297 0.00333059 0.01467719 0.02335089
23 0.03877930 0.23674101 0.07182610 0.03739460 0.01262800 0.06783890 0.05957760 0.03042460 0.03169910 0.01512060 0.02468470 0.19460301 0.01630180 0.00833076 0.01289290 0.05497750 0.04585850 0.00223199 0.01339050 0.02469850
24 0.02807960 0.01460310 0.03245270 0.01062590 0.01705250 0.02894590 0.00812093 0.00804467 0.09793380 0.01923030 0.06112620 0.01442050 0.01044550 0.21206200 0.01103310 0.02396410 0.01370170 0.02383800 0.32707900 0.03724050
25 0.16222798 0.02606150 0.05200029 0.13122498 0.02358920 0.04074630 0.12267799 0.06086649 0.01979550 0.02172980 0.03190080 0.03979120 0.01543060 0.01139140 0.03208570 0.10252599 0.05804359 0.00282752 0.01200720 0.03307600
26 0.07049683 0.09438474 0.04777802 0.02596281 0.01569961 0.04749832 0.03595601 0.04093672 0.02314871 0.02504801 0.04884632 0.13342905 0.02228531 0.06178552 0.02393441 0.12410705 0.07920313 0.01051770 0.03375831 0.03522341
27 0.04957071 0.14880202 0.05584011 0.09180641 0.00978426 0.06659141 0.14553302 0.03340460 0.02433390 0.01742680 0.02431330 0.16401502 0.01636430 0.00455287 0.01968620 0.05499861 0.03805441 0.00248763 0.00987780 0.02255660
28 0.24306007 0.02236531 0.02285071 0.02646611 0.03535611 0.02618701 0.03398461 0.07975442 0.01206400 0.04825551 0.05780152 0.02725871 0.01831681 0.01998251 0.03459901 0.14260504 0.06999072 0.00387690 0.01361000 0.06161492
29 0.05104384 0.01704201 0.01072211 0.00877222 0.01026841 0.01572401 0.01263811 0.01568551 0.01086981 0.14991410 0.31155621 0.01560561 0.07737885 0.06713795 0.01202001 0.02602812 0.03075182 0.00726641 0.02314982 0.12642509
30 0.03082382 0.01184131 0.01773141 0.01038471 0.01541091 0.01140611 0.00617692 0.00921976 0.06779834 0.02599412 0.08516145 0.01358191 0.01423061 0.24926315 0.00962055 0.02152721 0.01572221 0.03096612 0.31228218 0.04085722
31 0.07787802 0.02363188 0.04895955 0.10938389 0.00793613 0.04002796 0.07357973 0.03566007 0.01605888 0.01487409 0.03040297 0.04877195 0.01297859 0.00711237 0.29799471 0.06832393 0.04993195 0.00495938 0.00922586 0.02230808
32 0.18777295 0.01807930 0.04477699 0.03104239 0.02851579 0.01864690 0.02676739 0.26104093 0.01098670 0.01571600 0.02103999 0.02508569 0.00940302 0.00962555 0.02016489 0.17459396 0.05139109 0.00527968 0.01143760 0.02863319
33 0.07296547 0.00939970 0.00740718 0.00556108 0.01279490 0.00996966 0.00859692 0.01221700 0.00619939 0.21982792 0.22800492 0.00804029 0.04880278 0.04066339 0.00926297 0.02804939 0.03310189 0.00268719 0.00999908 0.22644892
34 0.04928242 0.01225880 0.01125180 0.00617988 0.01193870 0.01113870 0.01129050 0.01235030 0.01948831 0.25004908 0.17943806 0.01347550 0.04021511 0.03906051 0.00983076 0.02800801 0.03079711 0.00504213 0.01902421 0.23988008
35 0.15908414 0.03378913 0.04363704 0.03643283 0.02677382 0.03669653 0.04358754 0.06559856 0.01692882 0.03498563 0.03868244 0.03857294 0.01971752 0.01912152 0.03023053 0.18813217 0.10107509 0.00600310 0.01713832 0.04381234
36 0.08171565 0.03901122 0.11088206 0.06876344 0.01818181 0.04222402 0.05154133 0.07005004 0.02551171 0.01581331 0.02553341 0.04978593 0.01417571 0.01699501 0.01992651 0.18885611 0.11868607 0.00295734 0.01251821 0.02687112
37 0.29962710 0.01362320 0.02183421 0.01656191 0.03977571 0.02229141 0.02525341 0.06581282 0.00823127 0.02227151 0.02321461 0.01756901 0.01142180 0.01181030 0.02625651 0.23679108 0.09200363 0.00307072 0.00657699 0.03600281
38 0.05994271 0.03395611 0.08447972 0.19995404 0.00846120 0.04955591 0.17855804 0.05692151 0.02460450 0.01947160 0.02509071 0.05554971 0.01351090 0.00825451 0.02562571 0.06965531 0.04583091 0.00287509 0.01482940 0.02287240
39 0.34417195 0.00848569 0.01148220 0.01575210 0.07072749 0.01424040 0.01178170 0.07335219 0.00551140 0.03334789 0.02949740 0.01352510 0.01276700 0.00975308 0.02495970 0.17750297 0.08074509 0.00169572 0.00818526 0.05251569
40 0.15958401 0.03373130 0.04422140 0.03703740 0.02688800 0.03620190 0.04354300 0.06669710 0.01713890 0.03578340 0.03899590 0.03922210 0.01929790 0.01936090 0.03018530 0.18616401 0.09967741 0.00570933 0.01647590 0.04408480
41 0.35107710 0.00915256 0.01467410 0.01484840 0.04906801 0.01817251 0.01905581 0.07388792 0.00628796 0.02186141 0.02208561 0.01345540 0.00996455 0.00874143 0.02654431 0.21501306 0.08011162 0.00208867 0.00514654 0.03876301
42 0.32220901 0.01177280 0.01803510 0.01736000 0.04533360 0.02077930 0.02396680 0.07382330 0.00787780 0.02374350 0.02507480 0.01663400 0.01127910 0.01030830 0.02841980 0.21126400 0.08332980 0.00265689 0.00656479 0.03956730
43 0.21547604 0.01435570 0.01302770 0.01700230 0.05800511 0.02001260 0.01659480 0.04304231 0.00977349 0.07833531 0.12489702 0.01900430 0.03163661 0.03494911 0.01703150 0.10945502 0.06575061 0.00461804 0.01910280 0.08792961
44 0.09714069 0.02389442 0.02645872 0.01569201 0.02015262 0.02166262 0.02364672 0.02613332 0.00917943 0.13205312 0.09993389 0.02713023 0.03007373 0.03047903 0.01613542 0.08817828 0.12398012 0.00410685 0.02063462 0.16333415
45 0.04752378 0.00455341 0.00600245 0.00204341 0.01028569 0.00411961 0.00405024 0.00599012 0.00356146 0.30088685 0.16459892 0.00430651 0.02596359 0.04044158 0.00766367 0.01866009 0.02621819 0.00144772 0.00576189 0.31592085
46 0.06067978 0.03363829 0.08394287 0.19954193 0.00825413 0.04900078 0.17825794 0.05750638 0.02446149 0.01983629 0.02608489 0.05580898 0.01339850 0.00860990 0.02548189 0.06919278 0.04538439 0.00284870 0.01487250 0.02319759
47 0.02919720 0.31776602 0.04457840 0.01113070 0.01232420 0.07440451 0.05059690 0.01234390 0.02390700 0.01121600 0.01820920 0.27030402 0.01770930 0.00528894 0.00949945 0.03391420 0.02669380 0.00121955 0.00875919 0.02093750
48 0.10205700 0.04992110 0.05177490 0.04331200 0.01619120 0.09463260 0.06240680 0.03217890 0.03381530 0.02026880 0.03626550 0.05653570 0.02266560 0.01378720 0.04334450 0.17809999 0.08849670 0.00573863 0.01544790 0.03305970
49 0.06214989 0.06629289 0.03472770 0.01987090 0.05069429 0.04273599 0.03269720 0.03500360 0.02371810 0.05518819 0.15812898 0.11599499 0.03955610 0.03433580 0.02302110 0.05534569 0.06134449 0.00814752 0.02387650 0.05717009
50 0.06363388 0.10788897 0.05597818 0.03312649 0.01692429 0.05094828 0.05146918 0.03478999 0.02441739 0.02662839 0.04802698 0.16764895 0.01980369 0.01116680 0.02651399 0.07859247 0.12766896 0.00486012 0.01238600 0.03752699
51 0.16092301 0.03260060 0.04317920 0.03672280 0.02673680 0.03563620 0.04293750 0.06844890 0.01686390 0.03588750 0.04017190 0.03802150 0.01953350 0.01981710 0.03022840 0.18687401 0.09874881 0.00587304 0.01678080 0.04401450
52 0.02941499 0.31653591 0.04463739 0.01129630 0.01228220 0.07477888 0.05048949 0.01268180 0.02397169 0.01117300 0.01828099 0.26984292 0.01772399 0.00522412 0.00956677 0.03407129 0.02694869 0.00124783 0.00887857 0.02095319
53 0.05528171 0.01251830 0.00976486 0.00814279 0.01326770 0.01059120 0.01286250 0.01187190 0.00720553 0.24518902 0.18872202 0.01258990 0.04221840 0.04118820 0.01039640 0.03153300 0.03419150 0.00384542 0.01456460 0.23405502
54 0.10378496 0.03096459 0.03243779 0.02923669 0.02680069 0.04279728 0.03416119 0.03170829 0.01794529 0.06727227 0.07823447 0.03642508 0.06900377 0.02452079 0.02131339 0.16394893 0.10264996 0.00649092 0.02339859 0.05690508
55 0.03471031 0.27422905 0.04472071 0.02975251 0.01191480 0.07480021 0.08322471 0.01618760 0.02200130 0.01285430 0.01926010 0.24242604 0.01817510 0.00446012 0.01226160 0.03986301 0.02956651 0.00137100 0.00829840 0.01992260
56 0.06365933 0.03957452 0.09443214 0.16129107 0.00753523 0.05222492 0.18785108 0.05122812 0.02621401 0.01628891 0.02257611 0.06268293 0.01222961 0.00464086 0.01712181 0.09424484 0.05187672 0.00168455 0.00986722 0.02277601
57 0.09791327 0.02624492 0.02781082 0.02176832 0.01873961 0.02366962 0.02659282 0.03084082 0.01282151 0.12530509 0.07573805 0.04147663 0.02404512 0.01914711 0.14604810 0.06346464 0.09379137 0.00791211 0.01484801 0.10182207
58 0.22103497 0.01985900 0.04095669 0.09068289 0.03398630 0.02556250 0.07692879 0.14581598 0.01488360 0.01684160 0.02314540 0.02762480 0.01046690 0.00992917 0.02304380 0.12142398 0.05427819 0.00248724 0.00863502 0.03241320
59 0.04572697 0.01421399 0.01487639 0.01189359 0.02778708 0.01516989 0.01840019 0.01933789 0.02449048 0.12691890 0.07578274 0.01760919 0.04922466 0.09892252 0.00873435 0.07526204 0.09276263 0.01796949 0.16821687 0.07670014
60 0.06317386 0.00624313 0.00711441 0.00411232 0.02478799 0.00637327 0.00657350 0.01002809 0.00437558 0.27415884 0.14392591 0.00754045 0.02959138 0.03578438 0.00760645 0.03751488 0.03774118 0.00230329 0.01262529 0.27842583
61 0.05170607 0.01693789 0.01096719 0.00896620 0.01053989 0.01608709 0.01254859 0.01668849 0.01065299 0.14814892 0.30943584 0.01618619 0.07696396 0.06793347 0.01213729 0.02588429 0.03171798 0.00728291 0.02421979 0.12499494
62 0.04019960 0.01118670 0.00387361 0.00242886 0.00706632 0.00895469 0.00356273 0.00810333 0.00558757 0.17770100 0.38923701 0.00496515 0.10698900 0.04533890 0.00570354 0.01367740 0.02251920 0.00371642 0.00900596 0.13018300
63 0.04796910 0.00484257 0.00603741 0.00213746 0.01053230 0.00422346 0.00413186 0.00612750 0.00363463 0.29847600 0.16760200 0.00431688 0.02742270 0.04034480 0.00781700 0.01924340 0.02678220 0.00160732 0.00618340 0.31056800
64 0.05922848 0.02946539 0.07443018 0.21933094 0.00212780 0.05619938 0.25813793 0.04888489 0.02467739 0.01590830 0.01679050 0.05162709 0.01116130 0.00227265 0.01434960 0.05341458 0.03257219 0.00083344 0.01034940 0.01823859
65 0.23524513 0.01494841 0.03122552 0.02644432 0.07120874 0.01599441 0.01411041 0.10372906 0.01069601 0.03167902 0.03261292 0.03290782 0.01515521 0.00849067 0.02527941 0.14513408 0.12197807 0.00293546 0.01082741 0.04939793
66 0.12781301 0.03707880 0.03899620 0.03387320 0.01854930 0.11721801 0.06011480 0.03311030 0.06008860 0.02778310 0.05295490 0.04126180 0.02283720 0.03406600 0.02802490 0.07384711 0.04194180 0.00758613 0.09537701 0.04747780
67 0.17095697 0.05381109 0.04077049 0.03402399 0.02375800 0.04575749 0.06126759 0.04907449 0.01833950 0.02480940 0.03506289 0.09016418 0.01633330 0.01030280 0.03320699 0.16489497 0.07805229 0.00561188 0.00945901 0.03434269
68 0.05151242 0.03031601 0.08033422 0.22500607 0.00182083 0.05590032 0.24899508 0.05525882 0.03108641 0.01479370 0.01528130 0.05303362 0.01036130 0.00213601 0.01363810 0.05343872 0.03093461 0.00058681 0.00969565 0.01587000
69 0.05598633 0.01297321 0.01016221 0.00874952 0.01362641 0.01081081 0.01343391 0.01208271 0.00726676 0.24272513 0.18821310 0.01319601 0.04301592 0.04120612 0.01088301 0.03219792 0.03460352 0.00408027 0.01440501 0.23038213
70 0.05181198 0.03881759 0.08229307 0.20612493 0.00351850 0.05258328 0.22080692 0.04565818 0.02323569 0.01543149 0.01950929 0.07112268 0.01228140 0.00242188 0.01725909 0.05910398 0.04939698 0.00130550 0.00920377 0.01811379
71 0.05674434 0.02998067 0.01785328 0.01858908 0.01431319 0.02933797 0.02544348 0.02140278 0.01425829 0.11770889 0.24413476 0.03185187 0.09110601 0.05311675 0.01582828 0.04777345 0.04565456 0.00653606 0.02404998 0.09431631
72 0.04548450 0.00310992 0.00536856 0.00119633 0.00976991 0.00294142 0.00271909 0.00470375 0.00298000 0.31611803 0.15318202 0.00278468 0.02033220 0.04101300 0.00723526 0.01612610 0.02425090 0.00103906 0.00408622 0.33555903
73 0.18195708 0.03247151 0.04084922 0.08187374 0.01730531 0.04537912 0.13995706 0.05224452 0.02129451 0.02404071 0.03379832 0.04591442 0.01363271 0.00786786 0.02988951 0.12383706 0.05779653 0.00355768 0.01092411 0.03540902
74 0.10874397 0.04019779 0.04508909 0.03404589 0.02005639 0.03364669 0.03734919 0.03447669 0.01429150 0.05400928 0.06375768 0.04397679 0.02643539 0.03008439 0.02677049 0.13982896 0.16020996 0.00476378 0.01849499 0.06377108
75 0.07046059 0.04062800 0.04349320 0.08171159 0.01144890 0.05954289 0.15749198 0.03615920 0.02652070 0.04382380 0.11541199 0.05529099 0.03175680 0.02159410 0.01860060 0.06379849 0.04976119 0.00535111 0.01724150 0.04991239
76 0.08466813 0.08294034 0.05504006 0.10755392 0.00907487 0.06085655 0.17078887 0.03814107 0.02504148 0.02071718 0.02888158 0.11144991 0.01516779 0.00453020 0.02469088 0.07493694 0.04686536 0.00340365 0.00973523 0.02551598
77 0.24078893 0.02175019 0.02297769 0.02682779 0.03516679 0.02627699 0.03509269 0.07989708 0.01223090 0.04840868 0.05951638 0.02724149 0.01900379 0.02033909 0.03452169 0.14046696 0.06936978 0.00390441 0.01442260 0.06179608
78 0.05478102 0.01277250 0.01005370 0.00793113 0.01335960 0.01039110 0.01252790 0.01156040 0.00712032 0.24405209 0.19048207 0.01279160 0.04310312 0.04119002 0.01104880 0.03164621 0.03432411 0.00427878 0.01417841 0.23240709
79 0.05113592 0.01713091 0.01090620 0.00913642 0.01012770 0.01651001 0.01319740 0.01616281 0.01133820 0.14837505 0.30901011 0.01595021 0.07680653 0.06800042 0.01227160 0.02586961 0.03071891 0.00772022 0.02397571 0.12565605
80 0.17838387 0.01895169 0.04683107 0.03267708 0.02672158 0.01797719 0.02828688 0.28903479 0.01128029 0.01512779 0.02189468 0.02684638 0.00943516 0.00965906 0.01925389 0.15537789 0.04780847 0.00477398 0.01120009 0.02847818
81 0.09983556 0.01617451 0.01323881 0.01147631 0.05628263 0.01441521 0.01433611 0.02224291 0.00924176 0.19314411 0.11719307 0.02097641 0.04006932 0.03165342 0.01248901 0.07864474 0.05566263 0.00498619 0.02717122 0.16076609
82 0.06301450 0.01192380 0.00967637 0.00789493 0.01735660 0.01246710 0.01183320 0.01316390 0.00776296 0.21573299 0.20779399 0.01221340 0.05520060 0.03735790 0.00907342 0.05514180 0.04343640 0.00510795 0.01672420 0.18712399
83 0.11545898 0.03418969 0.05357529 0.02218290 0.01581020 0.03192319 0.02122310 0.02165920 0.00785204 0.02100830 0.02606070 0.02262700 0.01931770 0.02903069 0.01041910 0.25004095 0.25382795 0.00214763 0.00871772 0.03292769
84 0.24246009 0.02223441 0.02301731 0.02664931 0.03521891 0.02667381 0.03453371 0.07881553 0.01223620 0.04787832 0.05917312 0.02735171 0.01887531 0.02007171 0.03432351 0.14059005 0.06972073 0.00401841 0.01421271 0.06194512
85 0.04376849 0.00721078 0.00447307 0.00164663 0.00795678 0.00528532 0.00274124 0.00615886 0.00415182 0.24943695 0.27591294 0.00350251 0.06137449 0.04104329 0.00644051 0.01345070 0.02197460 0.00203608 0.00532001 0.23611495
86 0.15650302 0.02174020 0.01818550 0.01614240 0.02180990 0.02409070 0.02488490 0.02927050 0.01149710 0.12968902 0.08290411 0.02841920 0.02052260 0.01924100 0.13301302 0.07952971 0.05124711 0.00586733 0.00939064 0.11605202
87 0.06502513 0.13337807 0.03775692 0.03904962 0.01572851 0.03299562 0.06045313 0.13150607 0.02270271 0.08072644 0.06618683 0.07041584 0.02199481 0.01666631 0.02118181 0.05723133 0.04461762 0.01235311 0.01948131 0.05054883
88 0.23324997 0.01711660 0.01879390 0.02390050 0.02742360 0.03428689 0.02800970 0.04970609 0.01172200 0.02347820 0.03333979 0.02621350 0.01228350 0.00851413 0.21843597 0.12387398 0.05789179 0.00507012 0.00763360 0.03905619
89 0.11109498 0.03990349 0.04593729 0.03588959 0.02055830 0.03358679 0.03925979 0.03582529 0.01439860 0.05267739 0.06350769 0.04396749 0.02558550 0.02884809 0.02588190 0.13968697 0.15746997 0.00438198 0.01826610 0.06327279
90 0.05026831 0.01713120 0.01129760 0.00961749 0.01025230 0.01608780 0.01318300 0.01604210 0.01133290 0.14659303 0.31006406 0.01624280 0.07698212 0.06927771 0.01284840 0.02557921 0.03113191 0.00765081 0.02432420 0.12409302
91 0.06448828 0.12438897 0.04298259 0.07488808 0.01003500 0.06528108 0.13440397 0.03105189 0.02339399 0.02300079 0.02439599 0.12002997 0.01312300 0.00594604 0.09037618 0.06831768 0.03714279 0.00772771 0.01284820 0.02617779
92 0.24276690 0.02255909 0.02278489 0.02716769 0.03552228 0.02653029 0.03454119 0.07804587 0.01218849 0.04810948 0.05785738 0.02684289 0.01858449 0.01968989 0.03460129 0.14226494 0.07018567 0.00373163 0.01393729 0.06208837
93 0.06542263 0.01473451 0.01367981 0.00996864 0.01381981 0.01312341 0.01503011 0.01808991 0.00854334 0.22564709 0.15835207 0.01634431 0.03203801 0.04124672 0.01306101 0.03704532 0.03837612 0.00345660 0.01640751 0.24561310
94 0.04569320 0.17361699 0.05306880 0.07456040 0.01037050 0.06852330 0.12967099 0.02898280 0.02438300 0.01703560 0.02380790 0.18620999 0.01712800 0.00470867 0.01883400 0.05225530 0.03660360 0.00271194 0.00967103 0.02216400
95 0.03538042 0.00956590 0.00677081 0.00484283 0.01358141 0.00632440 0.00529092 0.00742488 0.01744181 0.05325603 0.26193114 0.00699777 0.05643273 0.26388514 0.00439596 0.01752951 0.03011422 0.02903192 0.12301007 0.04679213
96 0.14975219 0.02622593 0.04902156 0.04755736 0.03171204 0.02414483 0.04000875 0.14205318 0.01657652 0.03130584 0.04080755 0.04458446 0.01661612 0.01302832 0.02869604 0.11636714 0.11678114 0.00459827 0.01383002 0.04633276
97 0.29474998 0.01453310 0.02207710 0.01874740 0.04118670 0.02302630 0.02674000 0.07007240 0.00866844 0.02455570 0.02535240 0.01923750 0.01232380 0.01167210 0.02855170 0.21997599 0.08913619 0.00308153 0.00775049 0.03856120
98 0.05013529 0.02956109 0.08068758 0.23132495 0.00201348 0.05522819 0.25335094 0.04952109 0.02370549 0.01613420 0.01525760 0.05366989 0.01014240 0.00215403 0.01435860 0.05202329 0.03218309 0.00078592 0.01040180 0.01736110
99 0.04910808 0.05081348 0.08820056 0.19657192 0.00645127 0.05161758 0.17629493 0.05339288 0.02447829 0.01697319 0.02154039 0.08592066 0.01189820 0.00461104 0.02382589 0.06316877 0.04161268 0.00297750 0.01041180 0.02013089
100 0.05070585 0.01677842 0.01059381 0.00874667 0.01024451 0.01571242 0.01267391 0.01552842 0.01066291 0.14977216 0.31148533 0.01563232 0.07709798 0.06804917 0.01196931 0.02515813 0.03137693 0.00736828 0.02364033 0.12680314
101 0.16003394 0.03384919 0.04395058 0.03659899 0.02675209 0.03577319 0.04261908 0.06794107 0.01693519 0.03525649 0.03900528 0.03848958 0.01894209 0.01968149 0.03053119 0.18752992 0.09942726 0.00585530 0.01693559 0.04389248
102 0.22718372 0.01457168 0.01709888 0.01494138 0.03908385 0.01721418 0.02051737 0.04390915 0.00645344 0.08145490 0.06313042 0.01939068 0.02004678 0.01893848 0.02078207 0.12694784 0.11502186 0.00247858 0.01306388 0.11777086
103 0.11081908 0.02490182 0.05042014 0.02959412 0.01202111 0.01375931 0.03315492 0.45875533 0.01207171 0.01407921 0.02754642 0.03178532 0.00954263 0.01085741 0.01254851 0.08245756 0.02597072 0.00347906 0.01019661 0.02603902
104 0.04358723 0.01379921 0.01396101 0.00870545 0.01379871 0.01072831 0.00812350 0.01497841 0.02934052 0.07368645 0.17068611 0.01293951 0.03751672 0.20879713 0.00900296 0.03248432 0.03508432 0.02678212 0.15844410 0.07755395
105 0.16652902 0.01498680 0.01796210 0.01446570 0.05686711 0.01608140 0.01751800 0.04100681 0.00775307 0.11472701 0.07488991 0.02408150 0.02814990 0.01914880 0.01641070 0.10495101 0.10152401 0.00342010 0.01961400 0.13991302
106 0.04784121 0.00463672 0.00597080 0.00210178 0.01041270 0.00417623 0.00424346 0.00597098 0.00361719 0.29917509 0.16764805 0.00432860 0.02738901 0.04014661 0.00755907 0.01909001 0.02663111 0.00151139 0.00623189 0.31131809
107 0.10993403 0.06007282 0.03579361 0.03005241 0.02084221 0.04196311 0.04856051 0.03360321 0.02096471 0.04122621 0.05354421 0.10304003 0.02294191 0.02689921 0.02522471 0.08074752 0.12077203 0.00712735 0.06150602 0.05518421
108 0.04380810 0.00565990 0.00447501 0.00140650 0.00881329 0.00417340 0.00266007 0.00522204 0.00377434 0.26713203 0.23047802 0.00298683 0.04402050 0.05478921 0.00648038 0.01351300 0.02275380 0.00252132 0.00796422 0.26736803
109 0.05219508 0.04267928 0.03709218 0.02991309 0.01584259 0.07566637 0.04711208 0.03449078 0.07578987 0.05863877 0.13152794 0.05594178 0.07731407 0.03917288 0.02192879 0.05921217 0.04059318 0.00755194 0.04438238 0.05295478
110 0.02940010 0.31584599 0.04458070 0.01143570 0.01231340 0.07467090 0.05068900 0.01262160 0.02380400 0.01105590 0.01843070 0.26975399 0.01767960 0.00518312 0.00984959 0.03431060 0.02720160 0.00137857 0.00886654 0.02092840
111 0.06508568 0.05344318 0.06203378 0.14742796 0.00720801 0.06099338 0.20775094 0.05076198 0.02633909 0.02399389 0.03059689 0.06955958 0.01504080 0.00680679 0.02123629 0.06517158 0.04125069 0.00281250 0.01418980 0.02829719
112 0.11813091 0.01712399 0.05072536 0.01612299 0.01032199 0.00737192 0.01666029 0.54361859 0.00691512 0.00584072 0.01682719 0.02380148 0.00527649 0.00863917 0.00707524 0.09685743 0.01855399 0.00275581 0.00852613 0.01885519
113 0.02642742 0.00745968 0.01368691 0.00655047 0.01535411 0.00606913 0.00330582 0.00455579 0.05591284 0.02336032 0.09889558 0.00920801 0.01754331 0.27961821 0.00708547 0.01659851 0.01597761 0.03427723 0.32049024 0.03762333
114 0.18053812 0.01738261 0.03814172 0.01664271 0.01988321 0.00917886 0.01996581 0.44104228 0.00659932 0.01033771 0.01964341 0.02024191 0.00648589 0.00862804 0.01316741 0.10590307 0.03021322 0.00216874 0.00787054 0.02596542
115 0.15791902 0.03438210 0.04465941 0.03716301 0.02634400 0.03628241 0.04350281 0.06756211 0.01747020 0.03585111 0.03945591 0.03836901 0.01937430 0.01926520 0.03007720 0.18610003 0.09930361 0.00571896 0.01691760 0.04428201
116 0.03802210 0.01943310 0.02342320 0.01627730 0.01776740 0.02050940 0.01782030 0.01776340 0.05824279 0.03541490 0.08153829 0.02035270 0.01985970 0.19704598 0.01267420 0.03586850 0.02764990 0.02570510 0.26834697 0.04628480
117 0.04437459 0.24241295 0.04717049 0.02717469 0.01259780 0.06521269 0.05785249 0.03165779 0.02580640 0.02252100 0.03800279 0.19194596 0.02006350 0.01257440 0.01624350 0.05281439 0.04228359 0.00437029 0.01507510 0.02984559
118 0.02882390 0.00783586 0.01131060 0.00615794 0.01542560 0.00555276 0.00381742 0.00498934 0.04450220 0.02838850 0.14195200 0.00826032 0.02671650 0.28284999 0.00610209 0.01647900 0.02016010 0.03470720 0.26868699 0.03728170
119 0.05127027 0.01745569 0.01100499 0.00906175 0.01028619 0.01573849 0.01276209 0.01560589 0.01094759 0.14874190 0.31022079 0.01617019 0.07663335 0.06792825 0.01212319 0.02565028 0.03122618 0.00749690 0.02372908 0.12594692
120 0.11296503 0.01662630 0.01107470 0.01112390 0.02083431 0.01394790 0.01482340 0.04596311 0.00888463 0.15593904 0.22123606 0.01525950 0.05572182 0.03225231 0.01304940 0.05371241 0.04619971 0.00494990 0.01210050 0.13333604
121 0.04599369 0.00822522 0.00554896 0.00277393 0.00855458 0.00696438 0.00446184 0.00753767 0.00512800 0.23559995 0.27366395 0.00543622 0.06109099 0.04369469 0.00732361 0.01556130 0.02434840 0.00261594 0.00775975 0.22771695
122 0.03269170 0.27866598 0.05274750 0.01623750 0.01281730 0.07649019 0.04869170 0.01635640 0.04104940 0.01287110 0.02231450 0.24921398 0.01661280 0.00565280 0.01210490 0.03757140 0.03158470 0.00213038 0.01132140 0.02287440
123 0.05789788 0.06106118 0.07710087 0.05221738 0.01525749 0.05855808 0.06304188 0.03762159 0.03110369 0.04899018 0.08359217 0.07117638 0.06191838 0.02402109 0.02300549 0.08295427 0.07072388 0.00427734 0.02146609 0.05401468
124 0.09445041 0.03661500 0.05715220 0.10200201 0.00975401 0.04709290 0.16640701 0.03321820 0.02083100 0.02333980 0.03184400 0.05527850 0.01687140 0.00731718 0.01818080 0.12993501 0.10160901 0.00341353 0.01203740 0.03265060
125 0.08865754 0.01896491 0.06907383 0.02499551 0.00679188 0.00645215 0.01828771 0.57329726 0.00765787 0.00380094 0.01665131 0.02965501 0.00455177 0.00823266 0.00471244 0.07764673 0.01532151 0.00189434 0.00730420 0.01605041
126 0.14898304 0.01994821 0.03688961 0.03990281 0.02764451 0.02874691 0.02951461 0.08898033 0.01441540 0.02226791 0.03661651 0.04443471 0.01402680 0.00828001 0.19240906 0.09087023 0.10344703 0.00560230 0.00985630 0.03716371
127 0.05509691 0.01254890 0.01032570 0.00840670 0.01333180 0.01055440 0.01276380 0.01193350 0.00708931 0.24440804 0.18982303 0.01324520 0.04286981 0.04056011 0.01088070 0.03136091 0.03431751 0.00399281 0.01362680 0.23286404
128 0.06513293 0.01452441 0.01303501 0.01009870 0.01370931 0.01296651 0.01497831 0.01744101 0.00836173 0.22743209 0.16062507 0.01552011 0.03267761 0.04085852 0.01337751 0.03621401 0.03797592 0.00345766 0.01595951 0.24565410
129 0.07080570 0.08461819 0.05259230 0.05633600 0.01369710 0.10968099 0.08650759 0.03196590 0.04623980 0.02826510 0.05491470 0.09167409 0.02714620 0.01411820 0.03660810 0.07908340 0.05125200 0.00442376 0.02276250 0.03730840
130 0.09549078 0.05411609 0.05151889 0.04562079 0.01564730 0.10805898 0.06719749 0.03240589 0.03942849 0.02087670 0.03983029 0.06347879 0.02412879 0.01218160 0.04505559 0.15386997 0.07500038 0.00567422 0.01679610 0.03362289
131 0.06045666 0.03428688 0.08465145 0.19848488 0.00861845 0.04934947 0.17694890 0.05662717 0.02450209 0.01962719 0.02578708 0.05646517 0.01374749 0.00834976 0.02544968 0.06957076 0.04589067 0.00302897 0.01454639 0.02361089
132 0.05536890 0.14876099 0.03805470 0.01983450 0.01366860 0.04830680 0.04209470 0.02637010 0.02063710 0.07736439 0.09556209 0.11715299 0.03042350 0.02157230 0.01826700 0.05078150 0.05143880 0.00513378 0.01774630 0.10146099
133 0.04419721 0.24271405 0.04658371 0.02636331 0.01277090 0.06542811 0.05845051 0.03258411 0.02565301 0.02298380 0.03822331 0.19243704 0.01982930 0.01281970 0.01743480 0.05115021 0.04152251 0.00428480 0.01488390 0.02968571
134 0.05131222 0.01685601 0.01063140 0.00896804 0.01027220 0.01581291 0.01294380 0.01510411 0.01103870 0.15041206 0.31093012 0.01533121 0.07708973 0.06746542 0.01257000 0.02527141 0.03074101 0.00705959 0.02297101 0.12721905
135 0.11200901 0.02528140 0.05001121 0.02982550 0.01222200 0.01364820 0.03321340 0.45832206 0.01219080 0.01339060 0.02653020 0.03157350 0.00912207 0.01094620 0.01319600 0.08299341 0.02597300 0.00347040 0.01040460 0.02567640
136 0.12836104 0.03365911 0.05204382 0.02489121 0.01941121 0.03232581 0.02453451 0.02728021 0.00889938 0.02541511 0.02889151 0.02616041 0.01995341 0.02613511 0.01380710 0.23576708 0.22388408 0.00248168 0.00956770 0.03653051
137 0.06061337 0.03390608 0.08544606 0.19973890 0.00840345 0.04917028 0.17749091 0.05666027 0.02478079 0.01932039 0.02502919 0.05558727 0.01340069 0.00820979 0.02529609 0.07048337 0.04612118 0.00284105 0.01455829 0.02294259
138 0.04245608 0.08580936 0.03658328 0.02881269 0.01773099 0.04199798 0.04110028 0.02471509 0.04584048 0.02803289 0.05352657 0.10401595 0.01895739 0.10500595 0.02153029 0.04650648 0.03801748 0.01580099 0.16504692 0.03851288
139 0.15730289 0.03387078 0.04473387 0.03689487 0.02648868 0.03645087 0.04330877 0.06833635 0.01744649 0.03490228 0.03895357 0.03876497 0.01947729 0.02003819 0.03023008 0.18598387 0.09967453 0.00564250 0.01759229 0.04390687
140 0.03787498 0.25497385 0.04614197 0.01479469 0.01342549 0.06970646 0.04887527 0.01651379 0.02508819 0.01751109 0.04771347 0.24192786 0.01909509 0.00759557 0.01470829 0.03939068 0.04466307 0.00272302 0.01050239 0.02677478
141 0.05237818 0.02953689 0.03874478 0.09563436 0.01336239 0.07336747 0.20601091 0.03884998 0.02182709 0.07929257 0.03863258 0.03967128 0.02223609 0.01391269 0.01517849 0.06185587 0.04697058 0.00615843 0.05796578 0.04841358
142 0.05184608 0.01218980 0.01232370 0.00650918 0.01309910 0.02440489 0.01504689 0.01149480 0.00761852 0.24214891 0.17184294 0.01416529 0.03992309 0.03346609 0.01011910 0.03128239 0.03499689 0.00334017 0.01222830 0.25195391
143 0.04776321 0.03926730 0.09838071 0.18625802 0.00916386 0.04225800 0.15212302 0.10694001 0.02592720 0.01481320 0.01983830 0.07803421 0.00992269 0.00494556 0.02022000 0.07019731 0.04239540 0.00331643 0.00944945 0.01878610
144 0.15731905 0.03418471 0.04409951 0.03743161 0.02636141 0.03657421 0.04409281 0.06662722 0.01701071 0.03584591 0.04047471 0.03852191 0.01968651 0.01941281 0.02964231 0.18689106 0.09994203 0.00554319 0.01666801 0.04367031
145 0.06460896 0.05232316 0.06209446 0.14791690 0.00700686 0.06133466 0.20797086 0.05001037 0.02607358 0.02439388 0.03090988 0.06877045 0.01543689 0.00680141 0.02124419 0.06591976 0.04183007 0.00299031 0.01398789 0.02837548
146 0.15450696 0.05058279 0.03844109 0.04464109 0.01751360 0.10560397 0.07097948 0.03571639 0.03551369 0.02501339 0.05536079 0.06176459 0.02282349 0.01357530 0.04530739 0.10670697 0.05530449 0.00433004 0.01840230 0.03791219
147 0.05912868 0.06039958 0.03690789 0.03541769 0.01371289 0.12743795 0.05830908 0.02411359 0.04332208 0.04359328 0.10585296 0.07493837 0.07795447 0.01905199 0.02820069 0.07058227 0.04888018 0.00514727 0.02058279 0.04646628
148 0.08836068 0.01766010 0.02539720 0.02757660 0.00996122 0.03707489 0.01903480 0.02979809 0.01299020 0.02418430 0.05448069 0.03803969 0.03778439 0.00896565 0.38723793 0.05478959 0.08342558 0.00498263 0.00882278 0.02943299
149 0.07037784 0.08462445 0.05294783 0.05641723 0.01396581 0.11145106 0.08712915 0.03206482 0.04750153 0.02741482 0.05391253 0.09081495 0.02650691 0.01349361 0.03857322 0.07879864 0.05053603 0.00429884 0.02228171 0.03688902
150 0.04400041 0.01389040 0.01384300 0.00858178 0.01380780 0.01062770 0.00803092 0.01573250 0.02891740 0.07424071 0.17018803 0.01282990 0.03786761 0.20789703 0.00907485 0.03200630 0.03540721 0.02718420 0.15771102 0.07816121
151 0.24308085 0.02233659 0.02302809 0.02767598 0.03589398 0.02637588 0.03502908 0.07820545 0.01209199 0.04733697 0.05772397 0.02700788 0.01866159 0.01951119 0.03508578 0.14167891 0.07067316 0.00389260 0.01348339 0.06122666
152 0.02851792 0.00931226 0.00966883 0.00698772 0.01638631 0.00665507 0.00586426 0.00848162 0.03864582 0.03171912 0.13645908 0.00960333 0.02568751 0.26434615 0.00762406 0.02082361 0.02015001 0.08368055 0.23591114 0.03347562
153 0.05538811 0.03031120 0.08047371 0.21516103 0.00308023 0.05457421 0.23593303 0.05083301 0.02492350 0.01518920 0.01729100 0.05436171 0.01166400 0.00240877 0.01640570 0.06665561 0.03630800 0.00104708 0.01007250 0.01791840
154 0.11586501 0.02836200 0.06429131 0.16664001 0.01506280 0.04539280 0.15679601 0.05763081 0.02198380 0.02012240 0.02855370 0.04640530 0.01507320 0.01001200 0.02963070 0.08486101 0.05086270 0.00262911 0.01196040 0.02786490
155 0.11144601 0.02498800 0.05015771 0.02998560 0.01215290 0.01367740 0.03401310 0.45911405 0.01207150 0.01379230 0.02635270 0.03139410 0.00926586 0.01087590 0.01209640 0.08300461 0.02583190 0.00339694 0.01037130 0.02601170
156 0.02531880 0.00705871 0.01435550 0.00653445 0.01539800 0.00592963 0.00288004 0.00411576 0.06128450 0.02158680 0.08522840 0.00919151 0.01373060 0.27645000 0.00738531 0.01620530 0.01349250 0.03276330 0.34351000 0.03758090
157 0.04949859 0.05556078 0.08650608 0.21597894 0.00472496 0.05072449 0.19459595 0.05621688 0.02559199 0.01573670 0.01780570 0.06259068 0.01060420 0.00433868 0.01784760 0.06102988 0.03948519 0.00214974 0.01179030 0.01722270
158 0.05129690 0.01727690 0.01078640 0.00887478 0.01018040 0.01618990 0.01262810 0.01556780 0.01089890 0.14847599 0.31236299 0.01581050 0.07721660 0.06761400 0.01253730 0.02583070 0.03064300 0.00728526 0.02330360 0.12521999
159 0.03853557 0.01092969 0.00462612 0.00379361 0.01104139 0.00729944 0.00500285 0.00818014 0.00779645 0.09957944 0.34793377 0.00580761 0.08069185 0.17922088 0.00429131 0.01509909 0.02832738 0.01681259 0.04943537 0.07559545
160 0.04640203 0.00982447 0.00585395 0.00337410 0.00872879 0.00827200 0.00543694 0.00832669 0.00599572 0.21644915 0.29428020 0.00647915 0.06832315 0.04686323 0.00753955 0.01625741 0.02476992 0.00336970 0.01033071 0.20312314
161 0.04507458 0.24278887 0.04655487 0.02684149 0.01290119 0.06520426 0.05868437 0.03254358 0.02512879 0.02253459 0.03795468 0.19146289 0.02029449 0.01238879 0.01660379 0.05216557 0.04236218 0.00430785 0.01474499 0.02945818
162 0.04663537 0.01002759 0.00607639 0.00336095 0.00889282 0.00824946 0.00545541 0.00876169 0.00585380 0.21620485 0.29315980 0.00675439 0.06793695 0.04684977 0.00737105 0.01620499 0.02528678 0.00331378 0.01047029 0.20313386
163 0.05031800 0.01761100 0.01058270 0.00869933 0.01039670 0.01620360 0.01292250 0.01563250 0.01080850 0.14939399 0.31119097 0.01607210 0.07756569 0.06853009 0.01189200 0.02528120 0.03079610 0.00720496 0.02327810 0.12561999
164 0.04597144 0.00894687 0.00698942 0.00478084 0.01434791 0.00815469 0.00678039 0.01013171 0.00974810 0.20497518 0.22657820 0.00683067 0.06257356 0.06458336 0.00597725 0.03038913 0.03982624 0.00746247 0.05185745 0.18309516
165 0.04728671 0.00631528 0.00612021 0.00255725 0.00937820 0.00573817 0.00428838 0.00690947 0.00460794 0.26860203 0.21310403 0.00486144 0.04068971 0.04316431 0.00748673 0.01665430 0.02534690 0.00203907 0.00760783 0.27724204
166 0.02485081 0.00712393 0.01500251 0.00679888 0.01537411 0.00615948 0.00276821 0.00396587 0.06433183 0.02099981 0.07907493 0.00931554 0.01214980 0.27108811 0.00759218 0.01632461 0.01246441 0.03138421 0.35508215 0.03814862
167 0.10286808 0.01171691 0.01007811 0.00918221 0.02112092 0.01113391 0.01379211 0.01840171 0.00699651 0.21964218 0.15483813 0.01292431 0.03549913 0.03331663 0.01441981 0.05484464 0.04363914 0.00330089 0.01156551 0.21071917
168 0.04473099 0.24192096 0.04694179 0.02632650 0.01276330 0.06518479 0.05762379 0.03244350 0.02560990 0.02283870 0.03837389 0.19221597 0.02029200 0.01233610 0.01715760 0.05247699 0.04178319 0.00443725 0.01463520 0.02990760
169 0.02916228 0.00774299 0.01078469 0.00602155 0.01521319 0.00542947 0.00380105 0.00506973 0.04207727 0.02882298 0.15015790 0.00826323 0.02878958 0.28584481 0.00579434 0.01633659 0.02119769 0.03475008 0.25799682 0.03674378
170 0.07148101 0.12004701 0.03446900 0.03268390 0.01229870 0.05783481 0.04878691 0.02713990 0.02358970 0.02621600 0.03653490 0.10570001 0.01447780 0.01041180 0.20949903 0.06985381 0.04431951 0.00883398 0.01612220 0.02970000
171 0.04447312 0.01422021 0.01421561 0.00863657 0.01411431 0.01085040 0.00820773 0.01477991 0.02925451 0.07276453 0.16716907 0.01299661 0.03718972 0.20866909 0.00942898 0.03338731 0.03566691 0.02725011 0.15937007 0.07735523
172 0.04545132 0.24040809 0.04696292 0.02659711 0.01296600 0.06503572 0.05755312 0.03279121 0.02525121 0.02271011 0.03849061 0.19133307 0.02004721 0.01265130 0.01703061 0.05328762 0.04291732 0.00419612 0.01483631 0.02948301
173 0.13633197 0.02308330 0.02549459 0.03033729 0.01762700 0.05472869 0.03235809 0.03503639 0.01809240 0.01671670 0.02869269 0.03862379 0.01284750 0.00764623 0.28242294 0.14818897 0.04383789 0.00890264 0.00993353 0.02909739
174 0.07216117 0.03877718 0.07809417 0.02223419 0.00894037 0.03368169 0.01701399 0.02000509 0.01247970 0.02018769 0.04471278 0.02784989 0.02018579 0.07343687 0.00915122 0.20159292 0.22777091 0.00428631 0.03043649 0.03700159
175 0.04637288 0.00365456 0.00557044 0.00148225 0.00997524 0.00336732 0.00318903 0.00524036 0.00319718 0.31004286 0.15829493 0.00340041 0.02270429 0.04085088 0.00743932 0.01699929 0.02497959 0.00118826 0.00465609 0.32739485
176 0.05793471 0.06339391 0.05537711 0.12491202 0.00749245 0.09998902 0.20329504 0.03783281 0.03083891 0.02358860 0.03204951 0.07777451 0.01803050 0.00494592 0.02041140 0.06146481 0.03620231 0.00234344 0.01631680 0.02580620
177 0.10306800 0.02718610 0.02945450 0.03605630 0.01260930 0.04344280 0.03262630 0.03221730 0.01820600 0.02818840 0.04870800 0.04585930 0.01732680 0.01177430 0.32778901 0.07630980 0.05201830 0.00683418 0.01296740 0.03735790
178 0.05492586 0.02517613 0.02049192 0.01190261 0.01651302 0.01640432 0.01752072 0.01746472 0.01062691 0.22835323 0.13608114 0.04997105 0.03366903 0.02831783 0.01449261 0.03836164 0.04425614 0.00697130 0.01416161 0.21433822
179 0.05272113 0.00414869 0.00561269 0.00167380 0.01142031 0.00361885 0.00347197 0.00579014 0.00333852 0.30332617 0.15845109 0.00382799 0.02463151 0.03928812 0.00748694 0.02045521 0.02756902 0.00124582 0.00528083 0.31664118
