1 0.35866592 0.00739107 0.01090760 0.01358810 0.05415759 0.01004300 0.01705960 0.07328428 0.00706236 0.02733709 0.03287819 0.00987091 0.00892236 0.00550946 0.02329019 0.18824396 0.07844838 0.00147735 0.00450552 0.06735708
2 0.07806711 0.02335000 0.11795502 0.22677604 0.01306200 0.03948291 0.16142503 0.04342461 0.02058500 0.01723550 0.02079490 0.04195771 0.00859490 0.00810082 0.01599860 0.08399371 0.04672311 0.00209963 0.00811679 0.02225660
3 0.28459385 0.01433109 0.02452019 0.01970159 0.02929658 0.02020219 0.02304879 0.09753355 0.00891919 0.02449119 0.02968668 0.01841179 0.01132419 0.00975018 0.02890158 0.21100589 0.08724615 0.00274902 0.00811073 0.04617558
4 0.06675681 0.01349340 0.01244430 0.00931570 0.01515910 0.01096120 0.01492300 0.01696890 0.00768458 0.23083704 0.15586302 0.01581610 0.03162351 0.03358511 0.00894703 0.03210861 0.04154361 0.00281863 0.01368230 0.26546804
5 0.06087796 0.00848203 0.00617491 0.00331509 0.01062719 0.00857503 0.00746344 0.01022099 0.00563425 0.22085184 0.25570481 0.00759710 0.05903656 0.04645317 0.00609280 0.02257798 0.03534617 0.00274934 0.01116149 0.21105785
6 0.13941000 0.02749860 0.02571070 0.02230110 0.02210590 0.02549390 0.03966900 0.03338070 0.01465420 0.05012170 0.04894280 0.03168990 0.02620650 0.01207840 0.15643900 0.09256410 0.11821300 0.00726747 0.01440900 0.09184400
7 0.14874800 0.03048500 0.05063820 0.04010300 0.02334730 0.03473180 0.03950060 0.07344940 0.01660440 0.03199590 0.03934410 0.03880540 0.01919530 0.01721800 0.03216060 0.20234000 0.09760240 0.00542371 0.01721340 0.04109350
8 0.04820416 0.17371887 0.05284866 0.03738077 0.01324499 0.06011246 0.06562795 0.03618977 0.02947328 0.02340548 0.03635347 0.21013785 0.02039679 0.01315359 0.02185858 0.05875046 0.04974356 0.00432223 0.01385679 0.03122028
9 0.06401345 0.03994473 0.03996073 0.10534808 0.00983555 0.06334835 0.17113312 0.03031782 0.02008451 0.08303666 0.05946354 0.05632684 0.02162242 0.01291651 0.02450232 0.05830794 0.05607634 0.00441223 0.01591331 0.06343555
10 0.12903510 0.01899262 0.05051724 0.02565412 0.02027672 0.02551502 0.02410502 0.03371403 0.01273031 0.02709632 0.02882692 0.02592152 0.01918782 0.01191231 0.02174982 0.26449221 0.21372317 0.00278466 0.00886086 0.03490423
11 0.08346871 0.12417301 0.05169171 0.03447710 0.01823160 0.05208761 0.04444790 0.05257361 0.02322490 0.02395830 0.02962460 0.08465111 0.01668460 0.01293770 0.03221480 0.18297102 0.08402301 0.00527269 0.01631260 0.02697340
12 0.04222564 0.00783024 0.00545357 0.00216144 0.00844009 0.00699693 0.00533537 0.00730249 0.00519021 0.22939620 0.27579524 0.00666611 0.06476666 0.05158044 0.00427209 0.01464781 0.03209933 0.00283195 0.01190801 0.21510018
13 0.06119581 0.03122161 0.11453302 0.07008001 0.01889250 0.03091341 0.05475441 0.18194304 0.02887731 0.01806200 0.02789411 0.05540341 0.01430310 0.01332170 0.02425951 0.11324002 0.09723412 0.00386449 0.01071850 0.02928791
14 0.03910109 0.00896630 0.00520755 0.00174211 0.00682068 0.00742775 0.00515574 0.00679738 0.00586084 0.19705993 0.33266688 0.00737096 0.08015917 0.06426148 0.00418660 0.01403249 0.02983949 0.00350925 0.01249540 0.16733894
15 0.04359416 0.01913058 0.01528559 0.01397159 0.01982838 0.02533448 0.01855148 0.01993348 0.02313668 0.12142988 0.18558782 0.02089078 0.11005390 0.07393833 0.01099719 0.04313326 0.05568205 0.00958524 0.08919222 0.08074292
16 0.03613409 0.01076570 0.00636838 0.00480482 0.01027420 0.01048590 0.00614131 0.00971155 0.01896480 0.11474897 0.29187593 0.00894202 0.07326698 0.14009297 0.00555846 0.01951130 0.02886379 0.01698550 0.10411398 0.08238938
17 0.07273808 0.07983227 0.03064039 0.03689659 0.01063900 0.04428769 0.04794918 0.04136029 0.02127629 0.02482869 0.04576298 0.10089397 0.01648869 0.00923919 0.25273392 0.07191618 0.04986968 0.00638054 0.01074080 0.02552559
18 0.05312503 0.02412681 0.01870761 0.01533331 0.01209841 0.02481381 0.02280731 0.02680502 0.01235731 0.12403907 0.24129414 0.03292992 0.09857676 0.05382973 0.01847871 0.04731983 0.05219243 0.00478133 0.02103301 0.09535045
19 0.19276793 0.02426549 0.03868129 0.10717696 0.02931699 0.03172339 0.05078268 0.06829708 0.02049379 0.02492729 0.04080269 0.03322029 0.01717629 0.06284228 0.03129809 0.10430396 0.05154048 0.00702976 0.02399269 0.03936059
20 0.06514478 0.05144368 0.05561558 0.15688694 0.00821861 0.06018608 0.21400692 0.04698098 0.02504339 0.02452049 0.02824009 0.06963137 0.01271910 0.00759644 0.02210209 0.06258218 0.04790498 0.00282142 0.01128620 0.02706869
21 0.06641390 0.02879660 0.08089250 0.19198200 0.01487550 0.03999700 0.13848500 0.04248290 0.01949450 0.02561450 0.02616930 0.04475640 0.01544600 0.00875575 0.02247120 0.09446370 0.09434510 0.00304546 0.01240540 0.02910730
22 0.05756051 0.03361220 0.08229681 0.23120603 0.01076290 0.04301791 0.18603402 0.05043131 0.01992290 0.02138610 0.02147570 0.04890321 0.00977679 0.00975279 0.02281580 0.07178991 0.04093930 0.00339090 0.01304350 0.02188140
23 0.02885670 0.32523904 0.04239900 0.01784350 0.01052070 0.06158751 0.03933080 0.02301240 0.03507470 0.01024670 0.02524090 0.25058603 0.01116290 0.00878369 0.01207960 0.03625560 0.02775360 0.00099750 0.01421540 0.01881370
24 0.07957058 0.03280119 0.03039659 0.03084559 0.01695620 0.02815659 0.02240230 0.15978297 0.04303669 0.02465750 0.04605739 0.02495250 0.01480780 0.10193998 0.01626980 0.09591828 0.02854589 0.02643989 0.14861897 0.02784329
25 0.14876302 0.03273950 0.09497161 0.07265671 0.02171950 0.04388531 0.06197401 0.06342101 0.02665930 0.02481700 0.04003771 0.04723681 0.01587510 0.01259470 0.03189380 0.13363602 0.07319191 0.00386786 0.01222120 0.03783791
26 0.03704189 0.22483892 0.05818728 0.01861909 0.01389170 0.05072098 0.03909429 0.02668039 0.02809319 0.01898229 0.03064879 0.22426092 0.01916239 0.03162949 0.01482649 0.04741458 0.06317948 0.00396895 0.01533579 0.03342309
27 0.04851178 0.09311377 0.06885467 0.15031494 0.01170030 0.05627468 0.14637195 0.04278298 0.02558359 0.01797749 0.02343649 0.13163495 0.01173570 0.00952853 0.02056919 0.06695138 0.04004989 0.00382684 0.01103290 0.01974799
28 0.25631399 0.02279560 0.01929570 0.02548040 0.02801720 0.02308540 0.03434010 0.09447060 0.01189410 0.04631850 0.05638430 0.02608720 0.01686650 0.01598710 0.03388740 0.13824100 0.06624260 0.00366642 0.01228110 0.06834480
29 0.04760683 0.01620191 0.01048161 0.00726693 0.00930083 0.01431041 0.01169501 0.01370331 0.01044621 0.14956211 0.32266623 0.01552591 0.07737446 0.07476985 0.01011001 0.02549172 0.03338522 0.00602064 0.02229772 0.12178309
30 0.03471549 0.01010160 0.00531766 0.00183562 0.00667671 0.00794431 0.00532859 0.00744911 0.00653850 0.16025595 0.37218888 0.00823143 0.10047197 0.08779637 0.00391184 0.01539110 0.02851569 0.00501645 0.01714479 0.11516796
31 0.07151401 0.03584631 0.03355131 0.09038861 0.00917596 0.03070420 0.06174851 0.03504361 0.01430330 0.02032530 0.04000881 0.03789001 0.01554620 0.00976044 0.33423005 0.07786231 0.04421041 0.00390464 0.00950360 0.02448240
32 0.20130698 0.01746740 0.03375390 0.02986720 0.01766740 0.01872010 0.02186590 0.23020898 0.01111590 0.01479940 0.02021280 0.02028520 0.00901516 0.01415880 0.02240660 0.21540198 0.05169310 0.00504123 0.01751490 0.02749710
33 0.13359499 0.06643060 0.03168240 0.02514670 0.01971190 0.04095440 0.05360090 0.03252390 0.01885440 0.05039030 0.06098240 0.12557999 0.02624650 0.01600380 0.02845300 0.07922859 0.07169719 0.00555117 0.01207590 0.10129099
34 0.05619446 0.00598499 0.00694161 0.00451923 0.01335041 0.00553756 0.00760811 0.01603182 0.00398676 0.28287428 0.15521715 0.00569761 0.02910273 0.02646893 0.00440857 0.02085392 0.03674294 0.00226867 0.00783697 0.30837330
35 0.14837194 0.02951869 0.05008468 0.03955048 0.02356049 0.03568029 0.03843849 0.07466057 0.01748989 0.03219859 0.03927648 0.03789449 0.01854659 0.01785139 0.03273249 0.20203092 0.09773736 0.00544139 0.01809219 0.04084258
36 0.04951472 0.15333107 0.09896054 0.05004452 0.02020341 0.05459472 0.05072462 0.03992482 0.03092151 0.01661721 0.02556791 0.12432605 0.01380071 0.01387611 0.02348081 0.13055106 0.05858533 0.00414727 0.01769331 0.02313431
37 0.27642915 0.01203571 0.02816012 0.01749771 0.02785092 0.01928411 0.01907241 0.08994395 0.00850383 0.02275431 0.02701521 0.01654381 0.01086071 0.00999012 0.02502371 0.23908713 0.09689815 0.00246360 0.00806742 0.04251792
38 0.05791667 0.03374698 0.08265645 0.23093887 0.01056269 0.04320568 0.18554490 0.05076707 0.02004259 0.02118049 0.02123719 0.04972437 0.00974116 0.00979863 0.02117989 0.07230646 0.04111508 0.00300374 0.01294359 0.02238749
39 0.17829409 0.01602321 0.01389101 0.01308091 0.02310081 0.01930851 0.02013981 0.03925642 0.01216701 0.10004105 0.18107409 0.01889741 0.04155512 0.03728712 0.02275341 0.08344964 0.05366903 0.00441002 0.01561331 0.10598805
40 0.15119014 0.02972863 0.05051875 0.03924044 0.02353222 0.03527003 0.03872434 0.07413527 0.01657972 0.03131793 0.03846064 0.03885214 0.01885202 0.01684002 0.03192013 0.20403519 0.09788779 0.00528836 0.01682712 0.04079914
41 0.35656512 0.00952581 0.01160470 0.01212970 0.03384691 0.01192620 0.01739491 0.10952904 0.00585393 0.02292441 0.02875841 0.01161380 0.00795586 0.00685455 0.02745071 0.19541407 0.07018652 0.00180861 0.00586910 0.05278762
42 0.32202613 0.01252031 0.01725531 0.01624371 0.03227781 0.01611641 0.02131811 0.10385604 0.00771676 0.02444141 0.03005651 0.01548271 0.00994325 0.00829353 0.02917411 0.19671408 0.07660433 0.00240854 0.00707231 0.05047862
43 0.19769214 0.01839071 0.02291482 0.02561262 0.06627685 0.02708892 0.02738842 0.03853933 0.01783841 0.05494984 0.07995046 0.02669892 0.06038874 0.02369972 0.02838222 0.11522308 0.07491255 0.00421389 0.02094631 0.06889205
44 0.09985010 0.01976778 0.02347168 0.01684538 0.01978288 0.01758678 0.02785827 0.02252128 0.01175869 0.14051386 0.10563990 0.02828787 0.03366167 0.02163128 0.01775928 0.08037432 0.11430589 0.00384148 0.01665578 0.17788583
45 0.04873557 0.00452117 0.00562245 0.00254062 0.01255549 0.00414666 0.00499611 0.00747713 0.00280523 0.29852680 0.16209389 0.00405551 0.02615988 0.02774818 0.00230442 0.01295709 0.03215208 0.00092303 0.00558593 0.33409278
46 0.05737399 0.03299760 0.08287689 0.23212197 0.01047740 0.04310169 0.18600898 0.04978619 0.01991500 0.02155150 0.02181130 0.04857419 0.00992017 0.01011280 0.02219750 0.07262649 0.04084570 0.00298055 0.01308140 0.02163870
47 0.03297621 0.28712108 0.04700251 0.01938951 0.01141630 0.06173202 0.04258641 0.02199821 0.03180461 0.01189400 0.02467251 0.25040307 0.01359230 0.00963270 0.01251620 0.05209681 0.03338171 0.00179642 0.01308760 0.02089981
48 0.09450615 0.02495731 0.04456952 0.03210922 0.02182311 0.04046812 0.03520752 0.03875472 0.01529641 0.05517273 0.07743244 0.03896952 0.07329134 0.02262661 0.02823471 0.18217309 0.10276705 0.00499261 0.01801371 0.04863412
49 0.06445479 0.06091889 0.03210289 0.02220359 0.05390219 0.03935569 0.02411719 0.02519079 0.02105920 0.05826929 0.19835695 0.10235098 0.04860649 0.04512249 0.01907810 0.05664399 0.04659329 0.00669773 0.02229009 0.05268539
50 0.05917874 0.09136786 0.04572513 0.02967772 0.01631201 0.05916754 0.07608265 0.03134332 0.05988574 0.02812812 0.03668693 0.15856211 0.01882491 0.01001871 0.02206292 0.07330865 0.13061909 0.00488490 0.01437171 0.03379122
51 0.15019606 0.02964991 0.04983842 0.03957492 0.02302481 0.03644232 0.03984052 0.07373013 0.01689541 0.03200601 0.03898712 0.03873282 0.01897031 0.01737031 0.03226401 0.20221408 0.09672304 0.00544728 0.01733501 0.04075752
52 0.02591039 0.33713591 0.04354119 0.01554900 0.01054350 0.06020508 0.03482109 0.02071149 0.03489909 0.00884182 0.02389599 0.26195993 0.01105830 0.00878570 0.00965446 0.03410109 0.02528889 0.00076708 0.01411350 0.01821650
53 0.05290517 0.06933246 0.03085418 0.02755209 0.01305899 0.05216837 0.05076677 0.02108019 0.02193249 0.11901394 0.10695094 0.12468194 0.04105128 0.02392539 0.02372109 0.05313477 0.05795377 0.00899242 0.01733189 0.08359186
54 0.06404069 0.01647950 0.01810550 0.01144870 0.01333820 0.02336800 0.01540560 0.01709610 0.01392130 0.11292098 0.30767794 0.01869300 0.07129859 0.06519209 0.01542010 0.06358089 0.04254669 0.00621711 0.01751670 0.08573238
55 0.04034351 0.23919405 0.03793081 0.04255631 0.00759461 0.07079491 0.10033402 0.02688701 0.03403721 0.01480100 0.02567821 0.21413704 0.01192000 0.00789597 0.01399340 0.04238581 0.03694661 0.00124681 0.01098600 0.02033670
56 0.05746517 0.03273349 0.10598595 0.18234792 0.01147879 0.04782738 0.17623792 0.04795658 0.01927259 0.01705979 0.02005359 0.05469888 0.01210059 0.00836224 0.01817119 0.10928795 0.04655048 0.00238097 0.00966194 0.02036659
57 0.04866441 0.01343130 0.00989522 0.00896904 0.01007550 0.01798070 0.01378270 0.01021750 0.00973872 0.18683204 0.21296504 0.01775340 0.10068302 0.03660421 0.01123540 0.04509291 0.08193882 0.00455302 0.02807801 0.13150903
58 0.15062816 0.03570664 0.05735076 0.12445713 0.02624793 0.05083295 0.10756511 0.05080125 0.05726026 0.01894662 0.03844424 0.04339084 0.01325071 0.01366861 0.02258542 0.08598079 0.05437536 0.00341427 0.01481342 0.03027953
59 0.03643252 0.01387681 0.01135061 0.01452351 0.01998261 0.01831221 0.01892301 0.01284441 0.03682582 0.11661207 0.07711275 0.01342231 0.04579293 0.13107708 0.01338371 0.04781333 0.07993255 0.02694422 0.19849612 0.06634144
60 0.07110779 0.00521323 0.00590902 0.00359077 0.01489000 0.00522645 0.00677821 0.01127810 0.00327320 0.27641396 0.15511598 0.00464325 0.02734260 0.02637370 0.00462135 0.02428050 0.03695179 0.00122165 0.00666953 0.30909895
61 0.04794211 0.01662390 0.01098050 0.00709418 0.00910593 0.01454920 0.01151910 0.01373860 0.01086310 0.14845104 0.32273209 0.01582910 0.07739882 0.07447852 0.01026370 0.02595321 0.03319351 0.00617490 0.02215241 0.12095604
62 0.04366050 0.04642380 0.02173870 0.01318960 0.01079020 0.04187120 0.03052340 0.01371630 0.01500160 0.12496500 0.18430000 0.10894900 0.09305340 0.03598130 0.01320060 0.03891320 0.05615480 0.00492412 0.01759730 0.08504600
63 0.04807803 0.00459527 0.00546699 0.00256239 0.01228741 0.00429112 0.00527285 0.00750999 0.00304789 0.29624616 0.16620509 0.00405322 0.02893272 0.02832122 0.00250153 0.01328531 0.03297842 0.00110088 0.00657533 0.32668818
64 0.05875658 0.03215359 0.07379237 0.24537190 0.00469925 0.05169138 0.26008489 0.04354838 0.02038069 0.01541869 0.01523309 0.04848208 0.00587169 0.00490037 0.01242389 0.05158658 0.03147659 0.00074561 0.00780679 0.01557559
65 0.10589407 0.02626802 0.06459114 0.03121342 0.07520125 0.03789993 0.02544752 0.03445132 0.06802414 0.03059892 0.03357352 0.03293142 0.01998611 0.01282901 0.02378392 0.17456112 0.13701609 0.00398294 0.02349812 0.03824803
66 0.18902011 0.02178041 0.02541562 0.02604592 0.02252481 0.02893822 0.02561792 0.11228007 0.02141441 0.03171712 0.03850212 0.02374751 0.01634241 0.04225993 0.02267551 0.17105110 0.05448913 0.01115531 0.07631805 0.03870432
67 0.25068214 0.01485491 0.01709491 0.01757201 0.03300042 0.02177521 0.02442351 0.05457423 0.00881146 0.07463984 0.05321613 0.01732751 0.01945041 0.01251031 0.03144832 0.17184710 0.08648695 0.00420788 0.01050121 0.07557554
68 0.04577289 0.03364259 0.07676639 0.26231295 0.00381198 0.04760519 0.25746295 0.04580839 0.01935770 0.01462910 0.01292420 0.05772339 0.00494358 0.00495120 0.01135300 0.05195579 0.02745940 0.00066157 0.00765285 0.01320490
69 0.09818460 0.02039790 0.02207380 0.02274640 0.02097670 0.02602230 0.02686650 0.02795580 0.01190250 0.15927499 0.10686599 0.02352620 0.03795880 0.02456120 0.02617570 0.11217999 0.07538750 0.00871025 0.02160890 0.12662399
70 0.06597523 0.03615992 0.05670492 0.15644807 0.00950636 0.06389033 0.19164908 0.03668962 0.02307481 0.02315891 0.05070062 0.05512672 0.01914921 0.00625445 0.01854891 0.06803223 0.07868133 0.00203475 0.01148301 0.02673151
71 0.04109213 0.01109091 0.00681178 0.00446456 0.00758738 0.01242791 0.00866638 0.00877662 0.00752115 0.18698612 0.29735719 0.01239931 0.10124706 0.05598674 0.00604773 0.02354281 0.04467563 0.00397769 0.02066181 0.13867909
72 0.04726778 0.00318415 0.00503590 0.00197459 0.01269710 0.00305067 0.00414776 0.00686138 0.00203303 0.31434990 0.14838495 0.00244272 0.01986519 0.02457739 0.00147518 0.01048260 0.03047779 0.00053705 0.00382800 0.35732688
73 0.22368701 0.02994060 0.02872810 0.06414520 0.02463890 0.04166280 0.11626300 0.06241820 0.01681950 0.02474170 0.03340520 0.04045170 0.01340060 0.00675016 0.03441680 0.11481300 0.06801690 0.00293524 0.00790887 0.04485650
74 0.10628406 0.03414262 0.03907812 0.03294792 0.01928931 0.03343702 0.04533183 0.03538922 0.01927771 0.05956863 0.06548924 0.04610423 0.02855992 0.02025301 0.03183452 0.13744308 0.15564009 0.00511602 0.01853711 0.06627634
75 0.07799338 0.04309029 0.04135509 0.09942067 0.01062820 0.06302898 0.19186095 0.03612349 0.02542909 0.02820949 0.03237419 0.07457998 0.01728520 0.00672359 0.02649969 0.07501578 0.09820277 0.00356338 0.01350510 0.03511069
76 0.08711202 0.07303793 0.03750997 0.09298162 0.00770408 0.07250644 0.18681483 0.03603847 0.02646128 0.02179708 0.02862207 0.12232789 0.01362309 0.00607538 0.02354428 0.06544044 0.06200294 0.00276361 0.00851959 0.02511698
77 0.25597410 0.02210411 0.01980371 0.02461301 0.02821891 0.02246951 0.03367001 0.09484774 0.01165470 0.04600832 0.05716842 0.02517661 0.01725401 0.01658641 0.03428941 0.13834506 0.06726473 0.00369920 0.01271601 0.06813603
78 0.04202948 0.00795268 0.00532947 0.00218674 0.00844198 0.00692212 0.00544632 0.00718023 0.00501363 0.22932087 0.27773284 0.00656611 0.06464106 0.05165207 0.00425815 0.01419539 0.03168478 0.00284613 0.01135809 0.21524188
79 0.04746659 0.01673350 0.01074890 0.00769776 0.00901656 0.01517500 0.01211880 0.01360090 0.01098890 0.14913596 0.32055692 0.01595970 0.07728058 0.07394688 0.01056600 0.02591789 0.03336399 0.00582222 0.02245799 0.12144497
80 0.19912411 0.01986621 0.03374022 0.03086902 0.01788331 0.01876141 0.02463811 0.25553214 0.01142601 0.01500461 0.02071661 0.02248731 0.00947753 0.01404021 0.02219301 0.18897411 0.04720593 0.00500352 0.01570271 0.02735392
81 0.05950370 0.19519300 0.05183190 0.02657190 0.05763960 0.05110210 0.03396820 0.03948880 0.03681600 0.02649450 0.03862120 0.13793100 0.01758210 0.01683190 0.02644870 0.06889380 0.04810110 0.00398781 0.02771260 0.03528010
82 0.04681048 0.00933438 0.00713846 0.00389148 0.00867548 0.01045840 0.00829408 0.00864529 0.00675783 0.21752492 0.25990890 0.00950848 0.07042237 0.04566618 0.00602490 0.02202009 0.04649008 0.00326721 0.01524909 0.19391192
83 0.10609514 0.01799182 0.04624946 0.02128943 0.01607852 0.02069843 0.01973713 0.02321233 0.01164382 0.02478413 0.02525563 0.02251743 0.01865002 0.01111781 0.01662252 0.27792336 0.28031836 0.00211560 0.00718852 0.03051054
84 0.25647115 0.02249091 0.02003841 0.02542311 0.02784162 0.02290051 0.03422722 0.09644836 0.01189101 0.04485683 0.05562863 0.02591312 0.01689221 0.01564771 0.03507082 0.13854008 0.06708654 0.00371821 0.01201921 0.06689434
85 0.04152240 0.00654228 0.00468276 0.00138094 0.00801338 0.00503798 0.00412066 0.00650947 0.00422571 0.23751697 0.27741597 0.00483867 0.06269689 0.05016989 0.00257976 0.01144990 0.03008370 0.00211824 0.00906846 0.23002597
86 0.17884687 0.02828238 0.01711889 0.01880909 0.01960919 0.02552108 0.03380568 0.04012287 0.01085389 0.07721594 0.05551316 0.02554708 0.02216318 0.01156189 0.18303387 0.10564892 0.07488175 0.00732261 0.01049829 0.05364336
87 0.17265207 0.03601481 0.03005471 0.02844311 0.01781971 0.02232031 0.02584001 0.15794206 0.01244240 0.02123521 0.02756591 0.02824491 0.01040540 0.01117440 0.13786305 0.16049506 0.05259292 0.00602511 0.01317251 0.02769631
88 0.24436719 0.02432842 0.01697491 0.02024392 0.02167832 0.02339882 0.03000532 0.06236305 0.00919770 0.02595012 0.03487813 0.02303572 0.01720191 0.00805917 0.19262415 0.12348510 0.06950115 0.00397834 0.00631663 0.04241193
89 0.12202497 0.02061279 0.04723649 0.02525929 0.01922109 0.02548289 0.02566369 0.03008699 0.01292530 0.02882209 0.02899459 0.02660319 0.02010849 0.01143020 0.02174559 0.25500093 0.23125894 0.00269968 0.00944920 0.03537359
90 0.04692528 0.01629679 0.01044470 0.00715909 0.00898256 0.01417160 0.01151650 0.01383300 0.01036330 0.14811195 0.32304689 0.01610229 0.07796257 0.07640457 0.01044620 0.02561779 0.03328739 0.00631508 0.02316049 0.11985196
91 0.10874999 0.03338800 0.05333060 0.08362999 0.01852300 0.05610329 0.12597799 0.04862720 0.01774830 0.02436080 0.02852890 0.05010790 0.01900550 0.00872292 0.02916470 0.17262098 0.07539079 0.00355667 0.01224500 0.03021750
92 0.30459587 0.01465289 0.01118040 0.01391809 0.01993019 0.00966712 0.01740819 0.27899888 0.00638607 0.01505099 0.02108239 0.01225849 0.00655751 0.00918698 0.02075339 0.15388394 0.03893828 0.00285031 0.00882333 0.03387669
93 0.06755168 0.01351482 0.01229231 0.00976503 0.01524362 0.01109971 0.01503442 0.01705712 0.00749543 0.22821227 0.15657418 0.01603902 0.03221814 0.03410274 0.00937050 0.03251694 0.04262805 0.00298099 0.01421972 0.26208331
94 0.04931991 0.13807604 0.04294091 0.06221432 0.00769596 0.06467892 0.13890804 0.03048921 0.02911061 0.01959781 0.02622561 0.20208606 0.01702460 0.00842558 0.01594220 0.05212122 0.05586432 0.00239147 0.00951850 0.02736871
95 0.02952042 0.00684920 0.00448550 0.00376978 0.01192361 0.00590666 0.00322851 0.00741572 0.02184931 0.08085495 0.26915416 0.00613061 0.05588163 0.21566413 0.00284091 0.01752231 0.02011281 0.02802162 0.14730209 0.06156604
96 0.14705613 0.02977903 0.04059044 0.03799183 0.02245532 0.02431612 0.04426134 0.15345713 0.01901222 0.02905543 0.03568633 0.03894603 0.01645131 0.01295911 0.03396893 0.13345412 0.12053410 0.00470923 0.01202751 0.04328834
97 0.28879896 0.01367980 0.02318350 0.01942240 0.02975060 0.01962380 0.02274530 0.09801569 0.00874014 0.02492600 0.02978280 0.01787820 0.01117650 0.00951102 0.02827080 0.21035597 0.08594999 0.00272516 0.00847501 0.04698839
98 0.04844594 0.02330102 0.11903009 0.27316520 0.00856599 0.03525173 0.19347915 0.04554473 0.01733101 0.01778831 0.01469311 0.04275473 0.00624299 0.00668519 0.01232651 0.06975545 0.03748573 0.00165788 0.00850423 0.01799101
99 0.05192377 0.03912998 0.06236757 0.22173089 0.00406501 0.07489696 0.25626387 0.04232148 0.02158739 0.01718919 0.01796709 0.05511097 0.00743783 0.00485498 0.01203569 0.05558447 0.03270468 0.00076321 0.00887227 0.01319269
100 0.04731642 0.01618531 0.01054450 0.00681532 0.00907998 0.01472411 0.01142820 0.01314770 0.01077170 0.14919005 0.32360911 0.01542421 0.07797383 0.07537203 0.00990738 0.02554111 0.03304261 0.00626318 0.02287821 0.12078504
101 0.14952600 0.03079030 0.04968410 0.03903750 0.02299590 0.03511750 0.03839440 0.07665290 0.01631830 0.03201180 0.03928460 0.03957710 0.01847960 0.01809800 0.03255240 0.20093500 0.09646470 0.00558858 0.01746920 0.04102210
102 0.13439107 0.01981721 0.01763861 0.01719971 0.01981421 0.01948081 0.03282392 0.03787812 0.01812511 0.07034764 0.09370285 0.02994371 0.02773011 0.07342104 0.03399632 0.07797624 0.05942293 0.05570893 0.06392873 0.09665275
103 0.24129177 0.01764148 0.01716468 0.01403699 0.01255709 0.00974324 0.01613098 0.40746161 0.00669510 0.00975336 0.01666348 0.01330689 0.00698657 0.01060699 0.01507939 0.12390388 0.02584808 0.00308925 0.00912749 0.02291168
104 0.03693749 0.01308320 0.01194600 0.00976478 0.01374050 0.01065400 0.00834673 0.01996710 0.02891219 0.07081919 0.16870597 0.01384280 0.03459709 0.21726996 0.00741188 0.02995679 0.02565400 0.03329739 0.17839597 0.06669699
105 0.21675395 0.01296400 0.01524920 0.01395070 0.03147499 0.01380900 0.02410989 0.03854549 0.00828945 0.09781078 0.07425458 0.01801120 0.02103580 0.01310390 0.02362010 0.11575898 0.10204598 0.00254259 0.00890547 0.14776397
106 0.04093239 0.01386660 0.01000430 0.01162690 0.01599300 0.01657220 0.01481420 0.01320320 0.02319580 0.15951697 0.15686197 0.01398550 0.05826349 0.10147298 0.01176630 0.03792579 0.05110719 0.02074330 0.11926198 0.10888598
107 0.10418492 0.06581725 0.03434617 0.02991448 0.01973678 0.04998706 0.06233795 0.02997818 0.02584718 0.03744737 0.04304767 0.12168390 0.02391828 0.01844589 0.02599158 0.08481413 0.11523091 0.00863150 0.05380916 0.04482966
108 0.03757199 0.00863822 0.00464226 0.00124748 0.00627248 0.00626624 0.00459266 0.00646914 0.00522422 0.19411194 0.33668990 0.00650447 0.08704387 0.06919768 0.00309020 0.01290320 0.02971049 0.00323322 0.01238240 0.16420795
109 0.05806729 0.04280980 0.09175939 0.09562809 0.01540880 0.05029269 0.13226099 0.05129539 0.02244300 0.02387680 0.04213750 0.07994389 0.06181819 0.01549870 0.02127370 0.08850119 0.05871479 0.00336161 0.01300740 0.03190080
110 0.02643290 0.33592999 0.04310880 0.01531180 0.01032660 0.06063680 0.03510770 0.02069540 0.03493420 0.00903098 0.02409980 0.26203999 0.01112930 0.00870655 0.00967801 0.03410690 0.02558710 0.00084200 0.01395330 0.01834190
111 0.06572597 0.05001718 0.05531688 0.15537894 0.00841577 0.06017408 0.21288592 0.04630128 0.02497879 0.02522519 0.02860749 0.06872967 0.01313599 0.00789549 0.02254809 0.06293668 0.04923388 0.00252533 0.01197830 0.02798909
112 0.10512494 0.02507159 0.04869597 0.03853898 0.01244439 0.05136097 0.03589408 0.33501882 0.01996049 0.01088349 0.02340969 0.03220798 0.01300929 0.01563899 0.01975829 0.14264092 0.02971718 0.00530575 0.01768149 0.01763669
113 0.02452900 0.00495428 0.01108430 0.00670817 0.01469000 0.01013890 0.00135394 0.00904410 0.05886370 0.02343280 0.08096841 0.00435667 0.00476860 0.30716302 0.00262886 0.02063600 0.01748870 0.04344620 0.32287803 0.03086630
114 0.23933899 0.01754940 0.01707360 0.01403370 0.01260690 0.00984826 0.01573890 0.40794198 0.00668845 0.00978810 0.01712970 0.01380660 0.00700508 0.01085120 0.01554380 0.12371999 0.02630340 0.00303998 0.00916978 0.02282220
115 0.15028005 0.03029281 0.04951522 0.03910131 0.02349451 0.03520061 0.03866921 0.07447363 0.01684411 0.03283831 0.03994821 0.03888631 0.01898751 0.01702721 0.03208551 0.20113207 0.09676653 0.00554386 0.01728231 0.04163071
116 0.03595701 0.02190640 0.02056000 0.01618510 0.01801270 0.02215910 0.01405960 0.02146120 0.05481771 0.03960261 0.08455791 0.01852730 0.01601440 0.21681203 0.00975744 0.03830911 0.02877840 0.03526881 0.24701604 0.04023711
117 0.04250742 0.26674810 0.04131902 0.02811051 0.01215100 0.06064832 0.04979022 0.03622511 0.03562011 0.01997341 0.03713531 0.18895907 0.01433631 0.01193440 0.02320711 0.04902242 0.03654921 0.00283843 0.01788301 0.02504151
118 0.02663111 0.00363205 0.00316869 0.00567178 0.01371840 0.00486060 0.00153809 0.00807968 0.03917821 0.03581251 0.11920503 0.00393543 0.01423420 0.30741908 0.00208343 0.01821000 0.01787060 0.04598781 0.29045107 0.03831221
119 0.05899229 0.01642120 0.01503370 0.00966421 0.01055820 0.01935210 0.01722260 0.01423420 0.01269390 0.13914997 0.27781094 0.02043400 0.07338908 0.05611029 0.01272960 0.04217499 0.06381779 0.00493612 0.01936090 0.11591397
120 0.14542090 0.01259519 0.00891682 0.00974507 0.01996309 0.01305489 0.01428409 0.05108547 0.00769542 0.15662690 0.17575688 0.01247079 0.04174067 0.03119228 0.01768069 0.06709636 0.04708087 0.00466343 0.01171829 0.15121190
121 0.04355150 0.00689546 0.00543319 0.00189555 0.00881077 0.00536670 0.00492939 0.00703708 0.00456753 0.23620597 0.26653997 0.00544715 0.05870529 0.04918569 0.00303790 0.01285450 0.03084580 0.00224072 0.00940687 0.23704297
122 0.02994889 0.32939088 0.04025009 0.01883529 0.01109850 0.06467518 0.03709439 0.02727979 0.05499448 0.01082230 0.02513849 0.21651192 0.00855546 0.00860143 0.01465339 0.03587689 0.02650639 0.00131986 0.02139049 0.01705589
123 0.04462341 0.01275020 0.00941853 0.00636617 0.00772814 0.01681820 0.01201050 0.01016750 0.00939058 0.15023103 0.31558606 0.01615200 0.10591802 0.05847331 0.00902083 0.02963451 0.05562211 0.00404357 0.01902030 0.10702502
124 0.08391018 0.03774453 0.04167664 0.09391639 0.01137141 0.06549526 0.18267417 0.03386593 0.02113112 0.02528992 0.02890053 0.06748826 0.01836662 0.00579026 0.02485112 0.10928510 0.10389610 0.00312023 0.01156101 0.02966523
125 0.04994661 0.01564130 0.07832491 0.02054890 0.00787747 0.01545460 0.02154730 0.58739806 0.01455900 0.00420147 0.01702380 0.03167240 0.01556110 0.01478000 0.00678007 0.05856491 0.01777370 0.00229712 0.00503086 0.01501640
126 0.14357102 0.04154861 0.02890020 0.02682260 0.02015240 0.02212500 0.03533241 0.10178302 0.01603390 0.02803120 0.03263340 0.03465121 0.01524380 0.01001930 0.17903003 0.10935202 0.10594102 0.00555325 0.01011170 0.03316390
127 0.04252980 0.00780138 0.00529315 0.00242405 0.00844229 0.00695414 0.00562976 0.00726090 0.00511731 0.22900501 0.27703201 0.00653892 0.06481540 0.05182650 0.00407785 0.01451660 0.03190590 0.00295692 0.01150410 0.21436801
128 0.06746300 0.01313560 0.01269810 0.00952044 0.01529220 0.01103870 0.01472620 0.01695430 0.00757766 0.22930200 0.15602000 0.01536830 0.03209280 0.03343300 0.00940182 0.03253520 0.04210850 0.00300867 0.01372150 0.26460200
129 0.06636208 0.08404597 0.05250438 0.05452598 0.01563850 0.11835596 0.08802877 0.03671679 0.04729849 0.03261159 0.05357318 0.08850257 0.02274549 0.01429790 0.02839909 0.08172538 0.05381098 0.00393250 0.02558429 0.03134009
130 0.06233081 0.10857102 0.05865621 0.04479261 0.01443960 0.10712302 0.07653372 0.02726751 0.02779031 0.02368530 0.03387731 0.15010503 0.01868640 0.00933049 0.02646751 0.11543302 0.05570701 0.00427101 0.01273200 0.02220010
131 0.05730029 0.03339799 0.08248809 0.23197296 0.01080330 0.04313169 0.18715697 0.05107289 0.01993370 0.02089500 0.02187320 0.04838349 0.01044460 0.01002990 0.02154760 0.07177689 0.04005199 0.00293116 0.01304600 0.02176230
132 0.06160187 0.03451248 0.08161346 0.04350758 0.01891059 0.02954458 0.04148398 0.03575078 0.02323029 0.11327394 0.08343466 0.04882027 0.02274879 0.02139379 0.01735919 0.06952486 0.06319227 0.00390672 0.01521699 0.17097291
133 0.04367910 0.20179598 0.03025950 0.01851640 0.01137010 0.05065409 0.03661930 0.02589820 0.02821720 0.05210909 0.13289499 0.13959799 0.03252530 0.02659510 0.02506650 0.04096150 0.03635270 0.00340460 0.01756910 0.04591330
134 0.04730317 0.01594859 0.01009339 0.00709691 0.00892250 0.01480399 0.01191189 0.01323629 0.01095679 0.14981591 0.32404881 0.01534399 0.07780035 0.07458226 0.01001379 0.02510898 0.03296308 0.00609528 0.02253709 0.12141693
135 0.11280787 0.02429857 0.02547277 0.03181136 0.01758588 0.01934308 0.03222526 0.15108682 0.01436178 0.11720386 0.09110449 0.02570487 0.02679967 0.02509067 0.02517667 0.08109241 0.04712645 0.00964405 0.01766658 0.10439688
136 0.07368625 0.02111959 0.02252679 0.01520149 0.01330099 0.02451638 0.02423158 0.01898609 0.01535299 0.11987392 0.20806587 0.02729848 0.05848726 0.04170407 0.01729709 0.06805736 0.09750724 0.00511934 0.01948529 0.10818193
137 0.04677520 0.02766420 0.08491960 0.27784901 0.00439299 0.04331340 0.25297001 0.04499270 0.01783030 0.01572930 0.01318150 0.04478390 0.00527650 0.00498839 0.01137040 0.05231600 0.02831540 0.00072849 0.00798121 0.01462150
138 0.03668768 0.01228219 0.01002489 0.01162469 0.01713119 0.01595009 0.01303979 0.01330359 0.03289288 0.11521194 0.12900693 0.01267139 0.04316308 0.15729391 0.00982305 0.03584338 0.04425088 0.02837138 0.18207390 0.07935316
139 0.13186199 0.01955980 0.04996460 0.02525710 0.02076840 0.02595190 0.02419870 0.03393880 0.01278400 0.02788690 0.02866200 0.02609500 0.01890110 0.01170530 0.02157280 0.26323398 0.21063199 0.00290436 0.00887200 0.03524930
140 0.03093571 0.29763211 0.03958661 0.01614731 0.01048280 0.06479412 0.03991661 0.02127351 0.03284131 0.01445881 0.04039461 0.24985309 0.01429801 0.00875176 0.01451621 0.03612921 0.03192191 0.00128567 0.01303750 0.02174311
141 0.05096530 0.03558540 0.03358270 0.09122920 0.01326740 0.06306210 0.18943199 0.02700720 0.02265560 0.08107500 0.03928770 0.04570150 0.02418800 0.01329510 0.02502650 0.06014220 0.06538930 0.00776395 0.05877760 0.05256630
142 0.05023390 0.01351990 0.01017280 0.00650643 0.01505960 0.02633690 0.01529540 0.00955878 0.00729767 0.24850400 0.14931100 0.01547790 0.03775430 0.02573080 0.00628851 0.02572670 0.04264400 0.00221339 0.01439300 0.27797501
143 0.04958381 0.05911491 0.07148452 0.17298904 0.01092850 0.04577271 0.15796803 0.09830272 0.02548321 0.01525260 0.02023170 0.09429882 0.00922674 0.00936058 0.01982630 0.07361342 0.03512171 0.00438467 0.01078160 0.01627440
144 0.14802500 0.02992000 0.05040630 0.04027080 0.02303530 0.03563550 0.03914810 0.07319920 0.01714370 0.03268350 0.03978450 0.03920240 0.01890250 0.01765890 0.03160540 0.20231100 0.09752370 0.00548001 0.01779540 0.04026880
145 0.04780231 0.03125721 0.07926752 0.25717506 0.00493563 0.04408191 0.24698806 0.06340232 0.02118521 0.01452490 0.01344100 0.04752971 0.00573281 0.00502817 0.01069730 0.05622501 0.02796521 0.00086582 0.00760823 0.01428660
146 0.12996791 0.05612436 0.04110487 0.04780647 0.01757819 0.11927192 0.08827874 0.03849357 0.03174398 0.03140638 0.04870457 0.06763595 0.02030879 0.01036849 0.03469198 0.10207293 0.06289116 0.00348901 0.01627509 0.03178568
147 0.05005647 0.16316691 0.04419907 0.03852388 0.01153089 0.10745294 0.07998995 0.02528059 0.03377588 0.02458739 0.03715208 0.18664689 0.01879179 0.00879068 0.02012519 0.06073446 0.04934467 0.00258179 0.01321009 0.02405839
148 0.11339197 0.02620259 0.02097399 0.02292499 0.01129550 0.02350659 0.02635129 0.02439399 0.01082230 0.02979569 0.03852099 0.02337309 0.04501589 0.00941055 0.36384889 0.07341158 0.09488847 0.00454910 0.00754045 0.02978209
149 0.05201630 0.06535710 0.11843599 0.06473960 0.01909090 0.11825999 0.06363130 0.03780620 0.07900510 0.01650930 0.03487680 0.07599970 0.01512280 0.01236350 0.02320690 0.09826230 0.04491890 0.00464935 0.03226920 0.02347880
150 0.03715509 0.01340009 0.01218190 0.01009620 0.01363289 0.01062640 0.00862582 0.02042149 0.02893219 0.07030087 0.16764993 0.01467059 0.03421529 0.21685692 0.00687817 0.03043459 0.02573589 0.03443139 0.17775593 0.06599837
151 0.25669002 0.02171170 0.02020650 0.02605010 0.02764090 0.02228960 0.03454270 0.09487491 0.01184830 0.04547550 0.05551060 0.02569560 0.01658740 0.01626220 0.03495170 0.13860201 0.06660920 0.00383713 0.01269590 0.06791800
152 0.02783551 0.00529385 0.00539888 0.00725977 0.01520990 0.00759576 0.00256845 0.00934090 0.04430051 0.03162471 0.09966343 0.00499385 0.01019850 0.30051208 0.00331398 0.02096921 0.01988231 0.04537151 0.30298408 0.03568281
153 0.05169807 0.02968748 0.07924795 0.24695584 0.00659678 0.04799557 0.22985785 0.04794637 0.01741529 0.01645359 0.01555029 0.04780627 0.00831563 0.00514056 0.01346559 0.07487495 0.03501658 0.00115835 0.00896992 0.01584709
154 0.10379493 0.02893258 0.07284485 0.20113986 0.01598819 0.04190857 0.16157389 0.05358346 0.01958539 0.02056429 0.02434008 0.04152257 0.01083309 0.01028189 0.02405208 0.08260694 0.04660157 0.00248251 0.01052729 0.02683598
155 0.12327199 0.02475730 0.04144910 0.02500140 0.01024350 0.01650490 0.02684430 0.46698598 0.01266090 0.01196100 0.02273930 0.02786090 0.01325140 0.01517260 0.01509180 0.08558990 0.02422770 0.00427245 0.01063970 0.02147390
156 0.02498819 0.00271445 0.00358662 0.00588608 0.01367799 0.00490801 0.00097507 0.00790764 0.04469308 0.02449259 0.08791547 0.00322713 0.00472457 0.32781488 0.00196530 0.01848769 0.01698339 0.04811568 0.32469388 0.03224229
157 0.20891197 0.09252589 0.02285100 0.02678700 0.02108280 0.04161239 0.04983209 0.09608659 0.02027900 0.02513910 0.03752219 0.06048199 0.01449880 0.01102000 0.04669279 0.10749098 0.06319499 0.00395585 0.01141160 0.03862299
158 0.04724090 0.01597430 0.01037950 0.00690662 0.00920083 0.01477280 0.01144030 0.01322770 0.01057060 0.15047902 0.32300403 0.01554890 0.07759321 0.07407681 0.01114120 0.02533940 0.03297540 0.00582085 0.02167560 0.12263201
159 0.03248617 0.00955360 0.00508337 0.00158724 0.00774848 0.00705135 0.00415649 0.00601808 0.00847940 0.13234187 0.39440562 0.00748510 0.09207111 0.11652389 0.00334359 0.01469469 0.02337388 0.00904529 0.03330097 0.09124981
160 0.04463149 0.00851183 0.00626411 0.00251217 0.00828812 0.00691381 0.00578993 0.00767725 0.00577828 0.21047094 0.29381692 0.00710105 0.06795938 0.05708298 0.00450415 0.01533010 0.03145909 0.00308287 0.01236360 0.20046195
161 0.05953958 0.21797794 0.04434569 0.03158249 0.01469910 0.05922558 0.05092309 0.04346659 0.03013529 0.02029419 0.03081969 0.15089696 0.01439720 0.01112730 0.02893959 0.09527418 0.05190159 0.00388276 0.01654200 0.02402919
162 0.04381915 0.00563329 0.00485705 0.00160921 0.00939805 0.00454232 0.00432233 0.00676120 0.00363162 0.26129428 0.23510125 0.00428369 0.04987905 0.04147574 0.00241531 0.01164581 0.03120013 0.00161406 0.00783915 0.26867729
163 0.03927052 0.00906341 0.00523161 0.00188414 0.00682313 0.00743836 0.00526818 0.00687311 0.00576983 0.19694811 0.33101319 0.00731118 0.07989834 0.06467194 0.00436968 0.01455551 0.03013662 0.00356852 0.01277651 0.16712809
164 0.04013342 0.00793322 0.00472218 0.00284926 0.00795662 0.00854331 0.00568148 0.00745689 0.00913389 0.20245409 0.27144812 0.00671206 0.08270094 0.06362283 0.00395067 0.01793931 0.04153762 0.00602886 0.04223812 0.16695708
165 0.04775499 0.00493794 0.00570764 0.00238212 0.01160550 0.00429894 0.00501771 0.00733103 0.00328502 0.28135297 0.18897198 0.00428402 0.03363290 0.03349760 0.00270451 0.01243440 0.03132830 0.00122996 0.00663253 0.31160996
166 0.02556359 0.00247458 0.00245433 0.00597422 0.01314580 0.00386738 0.00081710 0.00823843 0.04167558 0.02465249 0.08815317 0.00334142 0.00394546 0.32799288 0.00178024 0.01799189 0.01708639 0.06196868 0.31720989 0.03166649
167 0.06402923 0.01119360 0.00748400 0.00617030 0.01080090 0.01347851 0.01061540 0.01135980 0.00759448 0.19154908 0.24948510 0.01259231 0.08636544 0.04512492 0.01052200 0.03346321 0.05049322 0.00367521 0.01884721 0.15515606
168 0.03841940 0.26982501 0.03968010 0.02556180 0.01054040 0.09037000 0.05627500 0.02377600 0.04062800 0.01599380 0.02980560 0.20072101 0.01266690 0.00826949 0.01636820 0.04561160 0.03756980 0.00127197 0.01631960 0.02032630
169 0.02654588 0.00346400 0.00314100 0.00552468 0.01400569 0.00485837 0.00144842 0.00779191 0.03909578 0.03556248 0.12052893 0.00381029 0.01434539 0.30808082 0.00213562 0.01804989 0.01798109 0.04571097 0.28983383 0.03808498
170 0.11500294 0.03278108 0.02535989 0.02671929 0.01439449 0.02646439 0.03601938 0.03407978 0.01295269 0.03274508 0.03585638 0.03039599 0.02340439 0.00964674 0.30741985 0.08890386 0.10219895 0.00544385 0.00895830 0.03125268
171 0.03798406 0.01268579 0.01214079 0.01040309 0.01399468 0.01048329 0.00845074 0.02019648 0.02949167 0.07015962 0.16784881 0.01375628 0.03464626 0.21586876 0.00765387 0.03047247 0.02608017 0.03376726 0.17777980 0.06613613
172 0.02872591 0.32461706 0.04287151 0.01783510 0.01065800 0.06156041 0.03926951 0.02265570 0.03526511 0.01019520 0.02514581 0.25093505 0.01120240 0.00885690 0.01205340 0.03636181 0.02764841 0.00111200 0.01438080 0.01864990
173 0.11386702 0.03044361 0.03227071 0.03104851 0.01381460 0.03217011 0.02951511 0.04206801 0.01119760 0.02753381 0.03268921 0.02897171 0.01717980 0.00982027 0.30913206 0.13800803 0.05992001 0.00566561 0.00857202 0.02611221
174 0.03853447 0.01063709 0.00810360 0.00443681 0.00904398 0.00884306 0.00648309 0.00973949 0.01327219 0.12885191 0.30979778 0.01027059 0.07617075 0.12203891 0.00572984 0.02366828 0.03873647 0.01338019 0.06143656 0.10082493
175 0.04735091 0.00332149 0.00512881 0.00198329 0.01260680 0.00319252 0.00428353 0.00695875 0.00219389 0.31118005 0.15187303 0.00267455 0.02153510 0.02531150 0.00166741 0.01088080 0.03081431 0.00055944 0.00417175 0.35231206
176 0.06519198 0.06454568 0.03734959 0.10617896 0.00672063 0.12269795 0.20335392 0.03265539 0.02711449 0.02807479 0.03329189 0.07926667 0.01437459 0.00608835 0.01931259 0.06709217 0.05294928 0.00177030 0.01196190 0.02000889
177 0.10126703 0.04093101 0.02576551 0.03485921 0.01176010 0.02983601 0.03525131 0.03952301 0.01440980 0.02913411 0.04564111 0.03641981 0.02023901 0.01102310 0.33576611 0.08522693 0.05723742 0.00536228 0.01021690 0.03013021
178 0.04595109 0.02342980 0.01360300 0.00774678 0.01153430 0.01951340 0.01793830 0.01061070 0.00955111 0.22289895 0.16591897 0.05055169 0.04821999 0.03036559 0.00945596 0.02770549 0.04520139 0.00527096 0.01389860 0.22063395
179 0.05254291 0.00386655 0.00521542 0.00238315 0.01308610 0.00384215 0.00470907 0.00766541 0.00251240 0.30335804 0.15436602 0.00306437 0.02437500 0.02532130 0.00212607 0.01394760 0.03275600 0.00082151 0.00519888 0.33884204
