1 0.35213108 0.00877992 0.01263510 0.01460220 0.05441301 0.00890933 0.01342170 0.08287502 0.00903611 0.02743401 0.02997671 0.01036480 0.00798152 0.00560554 0.02377901 0.19706005 0.07713462 0.00111709 0.00528566 0.05745751
2 0.14711001 0.03301380 0.02467070 0.02816740 0.01809400 0.03639180 0.03421680 0.04387210 0.01411510 0.02975090 0.06244660 0.03028340 0.02602540 0.04924970 0.19509601 0.09599741 0.05908230 0.00752124 0.02236290 0.04253240
3 0.27660027 0.01442301 0.02889163 0.02126452 0.03220703 0.01701032 0.02099012 0.08975589 0.01057921 0.02469532 0.02749573 0.01872242 0.01069941 0.00912279 0.03019113 0.21835222 0.09398509 0.00231514 0.00819730 0.04450144
4 0.06717374 0.01365859 0.01110019 0.00845484 0.01520099 0.01053789 0.01448599 0.01567389 0.00706030 0.22872681 0.15869687 0.01788779 0.03365727 0.03370387 0.00909576 0.03199677 0.04638456 0.00296189 0.01444919 0.25909279
5 0.05925610 0.00856169 0.00579307 0.00277349 0.01156390 0.00751285 0.00689723 0.00996005 0.00583364 0.22282099 0.25197699 0.00834347 0.05599760 0.04822420 0.00589057 0.02179590 0.03619970 0.00371827 0.01102130 0.21585899
6 0.14539007 0.02371741 0.02379501 0.02077051 0.02096051 0.03032661 0.04262112 0.03206802 0.01308761 0.04977272 0.04753732 0.03042941 0.02635351 0.01229151 0.16029308 0.09203825 0.11739106 0.00747101 0.01223451 0.09145074
7 0.15271001 0.03037280 0.05171660 0.04180310 0.02460910 0.03244090 0.03818300 0.07204290 0.01838760 0.03088080 0.03828530 0.03905030 0.01793680 0.01721840 0.03505550 0.19791701 0.09721480 0.00497355 0.01691540 0.04228610
8 0.04729839 0.18034395 0.05557488 0.03983909 0.01248690 0.06145678 0.06174048 0.03942119 0.02647809 0.02569169 0.03455139 0.20377294 0.02068189 0.01182080 0.02051779 0.05802358 0.04820759 0.00377857 0.01413840 0.03417559
9 0.05649999 0.08220888 0.04680939 0.11342498 0.00589617 0.07234288 0.19760696 0.03929829 0.02622389 0.02441759 0.02496589 0.12220897 0.01577610 0.00895146 0.01596870 0.05266829 0.05491319 0.00227969 0.01031350 0.02722519
10 0.14451895 0.01647129 0.05719288 0.02830179 0.02281409 0.02368089 0.02437549 0.03371989 0.01239270 0.02711159 0.02590779 0.02547219 0.01730029 0.01262350 0.02367539 0.26228891 0.18840194 0.00252206 0.00942737 0.04180099
11 0.08803076 0.13140395 0.04897058 0.03835618 0.01886159 0.04885268 0.04514558 0.06120357 0.02419489 0.02376879 0.02976149 0.09672026 0.01538909 0.01283869 0.04307998 0.15650294 0.06806967 0.00531301 0.01612139 0.02741489
12 0.04198842 0.01095010 0.00659693 0.00344640 0.00999690 0.01019540 0.00898484 0.00826492 0.00725843 0.20415909 0.27713912 0.01186201 0.08039834 0.05526932 0.00676904 0.02211711 0.04101082 0.00528049 0.01734221 0.17097008
13 0.07132081 0.03523841 0.10914402 0.07450291 0.01819980 0.03528821 0.05902471 0.15881003 0.02999881 0.01855450 0.02542081 0.06350631 0.01283870 0.01169210 0.02630631 0.11685902 0.09008332 0.00453950 0.01154750 0.02712421
14 0.04093213 0.00922289 0.00533887 0.00146630 0.00762213 0.00730905 0.00517116 0.00738446 0.00617215 0.19489116 0.32851228 0.00731980 0.07874247 0.06680136 0.00500348 0.01541211 0.03015123 0.00520003 0.01206181 0.16528514
15 0.04037469 0.02070250 0.01533840 0.01566200 0.02418310 0.03002299 0.02394790 0.01828440 0.02318420 0.10839398 0.17550696 0.02419590 0.10055998 0.08221198 0.01217240 0.04643919 0.05435599 0.01355180 0.09873488 0.07217679
16 0.03573773 0.01180561 0.00792572 0.00526212 0.01089071 0.01302081 0.00672095 0.01042061 0.02126452 0.10970709 0.28118722 0.00918113 0.06956436 0.14530212 0.00648172 0.02138472 0.02617432 0.02117962 0.10844509 0.07834386
17 0.07947960 0.06516400 0.02786390 0.03666820 0.01159060 0.04558690 0.04152480 0.04439650 0.01753380 0.02072690 0.03965240 0.08247320 0.01690150 0.01109510 0.27973999 0.08478400 0.05537530 0.00693044 0.00927120 0.02324170
18 0.05225320 0.02537460 0.01857210 0.01552230 0.01313880 0.02407720 0.02574020 0.02431100 0.01202140 0.12420301 0.24302702 0.03403260 0.09123381 0.05707450 0.01879640 0.04579760 0.04826370 0.00655093 0.02174420 0.09826541
19 0.17331715 0.02567372 0.04087424 0.10395909 0.02818833 0.03566863 0.07662267 0.05783475 0.01959942 0.01988632 0.04018844 0.03492353 0.01695902 0.05341855 0.03571413 0.10747810 0.05769205 0.00613102 0.02515882 0.04071204
20 0.06632411 0.04989870 0.05308970 0.15096401 0.00794309 0.06276751 0.21113402 0.04759450 0.02594020 0.02586320 0.02838220 0.06699371 0.01495080 0.01047270 0.02249920 0.06035160 0.05142970 0.00268253 0.01188800 0.02883050
21 0.07022589 0.03020399 0.07512949 0.18300597 0.01384030 0.04354389 0.14409798 0.04666409 0.01953320 0.02389880 0.02404210 0.04833969 0.01588320 0.00917317 0.02209510 0.09840358 0.08883198 0.00286660 0.01196810 0.02825290
22 0.05890019 0.03301010 0.08334089 0.23105997 0.00974176 0.04273529 0.18163198 0.05615119 0.01983740 0.01946190 0.01959850 0.05062629 0.01050440 0.01069550 0.02108920 0.07414439 0.04114880 0.00299936 0.01298710 0.02033580
23 0.02894290 0.31945102 0.04334930 0.01891900 0.00968415 0.06620440 0.03249670 0.02418650 0.03230550 0.01361010 0.02339180 0.25774602 0.01232970 0.00702003 0.00875935 0.03721220 0.02860030 0.00114000 0.01442540 0.02022560
24 0.07831114 0.03276167 0.03300927 0.03323577 0.01907108 0.03368767 0.02648148 0.16391187 0.04611906 0.02382838 0.04731356 0.02835278 0.01557509 0.09341083 0.01736299 0.08958223 0.02953468 0.02485728 0.13634089 0.02725228
25 0.23737702 0.02448680 0.01991670 0.02082240 0.02196310 0.02643360 0.03155640 0.06309321 0.01061800 0.02197000 0.02941960 0.02416400 0.01773810 0.00901960 0.19238702 0.12470301 0.07161001 0.00423712 0.00622750 0.04225680
26 0.04009778 0.20288290 0.04769568 0.02190299 0.01276099 0.05919147 0.05263737 0.03138908 0.02542749 0.02610159 0.03147238 0.20944090 0.02246559 0.02858099 0.01682209 0.04789778 0.06334017 0.00339449 0.01452049 0.04197778
27 0.04852811 0.09766581 0.07420791 0.14692602 0.01099100 0.05740731 0.13669302 0.04751991 0.02341020 0.01773660 0.02230190 0.13255902 0.01279230 0.00900214 0.01894990 0.06742711 0.04191431 0.00366212 0.01130400 0.01900130
28 0.24640298 0.02313870 0.02162830 0.02610420 0.02912110 0.02159540 0.03365300 0.09428769 0.01307440 0.04793390 0.05609640 0.02567610 0.01660260 0.01648470 0.03746730 0.14057899 0.06678799 0.00355188 0.01288610 0.06692829
29 0.04759663 0.01584441 0.01033991 0.00676698 0.00947191 0.01413781 0.01190361 0.01436491 0.01090311 0.15222910 0.31911520 0.01473531 0.07798725 0.07508735 0.01013071 0.02536302 0.03243942 0.00744868 0.02238161 0.12175308
30 0.03582851 0.01016430 0.00567700 0.00139076 0.00675848 0.00842778 0.00580264 0.00772882 0.00700141 0.16098905 0.37145710 0.00801889 0.09745273 0.08569052 0.00501946 0.01623800 0.02744781 0.00714408 0.01647660 0.11528603
31 0.07925922 0.04138351 0.03145121 0.08561162 0.01018030 0.03951751 0.06562982 0.04490491 0.01472850 0.01672700 0.03406871 0.04287021 0.01685280 0.01131950 0.29394607 0.08813832 0.04875951 0.00500395 0.00836200 0.02128531
32 0.19995511 0.02122381 0.03356732 0.03219052 0.02227451 0.01812061 0.02349621 0.22661412 0.01418151 0.01646911 0.02156641 0.02403101 0.00943520 0.01147071 0.02889492 0.19770211 0.05130953 0.00479776 0.01459121 0.02810832
33 0.12583800 0.05785930 0.02942690 0.02452510 0.01945150 0.03726210 0.05300910 0.03270810 0.01476880 0.07543060 0.06584160 0.10470000 0.02489900 0.01756650 0.02663190 0.07547420 0.07167390 0.00442007 0.01233830 0.12617500
34 0.05974196 0.00698601 0.00610711 0.00378254 0.01403209 0.00529312 0.00753316 0.01510229 0.00399531 0.27403380 0.16081088 0.00867518 0.03069028 0.02737948 0.00453787 0.02133828 0.04148107 0.00194754 0.00872724 0.29780479
35 0.15304402 0.03002530 0.05049791 0.04088091 0.02456630 0.03155040 0.03743061 0.07375501 0.01792260 0.03137320 0.03858371 0.03828021 0.01821000 0.01732560 0.03565901 0.19842803 0.09782151 0.00508145 0.01740010 0.04216411
36 0.05252531 0.15321104 0.09391422 0.04974161 0.01846520 0.05565911 0.04763651 0.04707481 0.03217571 0.01791550 0.02438441 0.13229403 0.01372510 0.01217260 0.02614441 0.11997003 0.05693761 0.00453997 0.01744840 0.02406441
37 0.27099601 0.01224120 0.03253220 0.01988810 0.03100560 0.01592840 0.01785770 0.08293410 0.01002440 0.02286880 0.02478860 0.01708350 0.01009670 0.00934520 0.02662330 0.23932901 0.10415001 0.00204777 0.00794868 0.04231070
38 0.05903651 0.03326200 0.08285931 0.23064402 0.00992599 0.04334480 0.18153702 0.05567571 0.02002190 0.01933520 0.02008350 0.05095291 0.01042130 0.01058280 0.02072760 0.07423151 0.04145680 0.00272781 0.01286900 0.02030430
39 0.15185508 0.02003081 0.01936631 0.01971421 0.02200441 0.02437721 0.03038722 0.04869062 0.01167071 0.08311164 0.14376007 0.02697931 0.06341633 0.03350232 0.04327172 0.08995204 0.06414023 0.00520270 0.01454991 0.08401714
40 0.15354101 0.02983920 0.05083980 0.04105330 0.02440480 0.03178530 0.03765320 0.07330151 0.01812670 0.03099420 0.03850850 0.03808240 0.01824410 0.01702530 0.03514740 0.19934101 0.09831151 0.00493303 0.01703290 0.04183480
41 0.34487288 0.01064270 0.01555579 0.01486849 0.03713839 0.01098980 0.01563969 0.10320696 0.00836291 0.02447159 0.02636359 0.01320230 0.00811847 0.00608299 0.02899919 0.20273093 0.07336557 0.00155447 0.00613302 0.04770028
42 0.31291101 0.01321190 0.02073330 0.01842770 0.03514490 0.01430510 0.01967670 0.09917290 0.00970242 0.02509500 0.02764320 0.01628170 0.00948496 0.00763375 0.03155960 0.20235101 0.08010620 0.00200478 0.00745866 0.04709520
43 0.18268410 0.01733401 0.02056541 0.02484481 0.06203533 0.02451431 0.02733282 0.04345502 0.01441471 0.06295994 0.08650655 0.02585681 0.05723093 0.02569591 0.03038742 0.11670107 0.07481784 0.00425184 0.02255301 0.07585814
44 0.09727529 0.01729860 0.02264830 0.01551290 0.01998340 0.01758720 0.02614610 0.01940810 0.00982483 0.15032898 0.10432499 0.02748370 0.03029650 0.02173360 0.01796310 0.08568349 0.10927099 0.00331337 0.01477560 0.18914098
45 0.05203011 0.00511349 0.00427827 0.00146600 0.01286410 0.00393558 0.00499398 0.00694841 0.00270021 0.29154204 0.16464602 0.00697934 0.02931780 0.02732880 0.00252801 0.01320800 0.03884331 0.00113123 0.00763625 0.32250904
46 0.05897709 0.03358659 0.08339918 0.22958295 0.00997379 0.04310609 0.18049696 0.05587889 0.02000600 0.01922450 0.02017490 0.05135089 0.01058370 0.01089100 0.02065170 0.07401418 0.04166369 0.00289903 0.01305930 0.02047960
47 0.03194798 0.29309882 0.04755957 0.02112259 0.01065239 0.06504556 0.03496768 0.02599328 0.03053968 0.01407959 0.02305309 0.25270184 0.01328869 0.00745365 0.01090539 0.04963267 0.03171068 0.00190028 0.01376519 0.02058139
48 0.09417897 0.02466219 0.04199718 0.03565929 0.02328399 0.03616069 0.04084769 0.03912219 0.01465489 0.05402018 0.08150217 0.03967629 0.07135927 0.02477999 0.03137849 0.17195994 0.09812676 0.00586036 0.01939429 0.05137518
49 0.07220052 0.05444861 0.02829711 0.02387491 0.05618501 0.03990881 0.02291691 0.03046161 0.01766950 0.07138882 0.18204104 0.08871362 0.04676091 0.04036691 0.01999210 0.05838421 0.04622701 0.00573657 0.02492211 0.06950372
50 0.06040638 0.09801457 0.05212548 0.03481889 0.01422480 0.06378878 0.07901108 0.03735599 0.05211578 0.02817319 0.03521299 0.14585596 0.01776239 0.01012980 0.02435109 0.07384898 0.11777196 0.00498980 0.01630480 0.03373729
51 0.15329209 0.02990542 0.05102363 0.04117122 0.02459901 0.03187132 0.03801912 0.07411084 0.01817491 0.03144612 0.03873502 0.03837992 0.01803391 0.01695911 0.03447282 0.19784611 0.09713856 0.00518092 0.01730781 0.04233212
52 0.02634520 0.33654299 0.04346500 0.01588490 0.00941408 0.06551720 0.02606500 0.02164660 0.03257650 0.01204940 0.02205960 0.26975799 0.01168100 0.00633617 0.00604599 0.03474250 0.02580280 0.00081170 0.01448120 0.01877420
53 0.04448728 0.00810302 0.00507998 0.00159312 0.00920126 0.00648630 0.00540390 0.00734841 0.00537596 0.22550589 0.27615687 0.00736588 0.06350937 0.05398267 0.00462502 0.01532819 0.03332668 0.00405163 0.01139369 0.21167490
54 0.06338358 0.01393050 0.01045390 0.00761121 0.01395600 0.01455920 0.01230060 0.01529730 0.00980320 0.17581395 0.25540893 0.01358980 0.06474268 0.05149889 0.01369810 0.05078599 0.04593699 0.00652996 0.01698630 0.14371296
55 0.04282569 0.21327295 0.03874269 0.04450559 0.00656221 0.07775298 0.10775897 0.02943049 0.03062409 0.02246389 0.02658859 0.20259395 0.01496670 0.00839450 0.01094840 0.04224189 0.04205669 0.00134474 0.01097790 0.02594709
56 0.05869445 0.03084253 0.10787009 0.18492215 0.01111271 0.04437924 0.16509514 0.05284964 0.01994002 0.01734001 0.01891532 0.05638595 0.01307631 0.00952853 0.01671191 0.10802009 0.05091264 0.00269659 0.00917897 0.02152772
57 0.04639261 0.01435010 0.01053120 0.00800474 0.01407700 0.01688440 0.01649250 0.00984142 0.01022780 0.18965405 0.20780506 0.01952111 0.08535082 0.04045911 0.01212170 0.04411841 0.07570612 0.00603676 0.02678301 0.14564204
58 0.15102207 0.04009562 0.04993982 0.10993405 0.02247371 0.05466743 0.11899006 0.06107523 0.05119722 0.01961331 0.03634462 0.04211242 0.01086321 0.01241601 0.02377801 0.09144984 0.05396353 0.00318662 0.01574991 0.03112731
59 0.03593060 0.01538140 0.01394370 0.01294140 0.02586860 0.02136440 0.01875030 0.01256430 0.03867050 0.12960700 0.07583190 0.01526800 0.05074550 0.10756600 0.01687030 0.05279830 0.08208400 0.02732510 0.17768500 0.06880370
60 0.06906536 0.00563426 0.00486712 0.00253121 0.01502579 0.00461647 0.00605981 0.01036939 0.00321179 0.27465883 0.15921590 0.00731567 0.02883668 0.02630598 0.00427379 0.02281259 0.04194407 0.00125545 0.00745104 0.30454881
61 0.04806762 0.01614631 0.01018770 0.00667211 0.00921916 0.01427190 0.01176450 0.01431691 0.01087750 0.15138105 0.31889611 0.01476961 0.07796063 0.07513483 0.01084290 0.02578511 0.03265121 0.00758348 0.02235531 0.12111604
62 0.04002831 0.05579622 0.02488901 0.01275140 0.01183390 0.03750031 0.03850951 0.01449520 0.01204780 0.12922103 0.16224904 0.10684603 0.08410942 0.03571961 0.01177440 0.03903581 0.05676682 0.00527773 0.01789240 0.10325603
63 0.05148553 0.00524323 0.00432378 0.00146927 0.01262151 0.00410007 0.00491661 0.00697720 0.00291754 0.28874517 0.16999310 0.00707133 0.03138632 0.02846772 0.00266387 0.01353541 0.03885462 0.00128155 0.00794897 0.31599718
64 0.06327759 0.03364790 0.06921909 0.23197697 0.00399578 0.05588739 0.25598796 0.04449599 0.02320720 0.01627120 0.01606230 0.04836139 0.00689666 0.00773959 0.01238830 0.04920109 0.03519610 0.00094361 0.00791430 0.01732960
65 0.13594292 0.02235219 0.05873876 0.02973128 0.06296346 0.03632918 0.02355309 0.04298457 0.05746037 0.03356908 0.03516378 0.02802298 0.01969129 0.01266849 0.02082119 0.18166389 0.12354693 0.00416350 0.02536228 0.04527077
66 0.18907817 0.02174962 0.02826783 0.02739572 0.02678762 0.02940163 0.02672402 0.09346208 0.02333982 0.03009963 0.03949874 0.02715592 0.01597831 0.04017184 0.02437772 0.17167915 0.06255036 0.01133311 0.07097126 0.03997744
67 0.25323305 0.01449120 0.01951550 0.01774120 0.03504081 0.01636430 0.02120080 0.06213441 0.01007380 0.06957301 0.05290011 0.01677730 0.01711100 0.01206420 0.02907981 0.17789204 0.08765692 0.00339669 0.01008050 0.07367332
68 0.04582871 0.02976840 0.08307501 0.27036604 0.00354210 0.04454321 0.24389804 0.04855011 0.01737920 0.01608540 0.01213260 0.05654641 0.00631001 0.00641144 0.01050390 0.05248811 0.03077450 0.00080488 0.00697131 0.01402060
69 0.10073103 0.02115271 0.02072421 0.02066951 0.02204981 0.02143771 0.02574621 0.03014211 0.01274550 0.15535404 0.11462603 0.02385191 0.03801231 0.02553521 0.02631011 0.10663903 0.07611642 0.00780005 0.02137511 0.12898103
70 0.06833330 0.04423430 0.04549990 0.13957101 0.00881776 0.07160820 0.19882701 0.03925160 0.02715620 0.02308120 0.04701880 0.05782720 0.02064410 0.00813926 0.01897390 0.06588220 0.07583260 0.00204703 0.01243810 0.02481630
71 0.04063771 0.01223910 0.00726169 0.00378274 0.00967480 0.01167290 0.01016250 0.00879951 0.00790436 0.18552503 0.29553705 0.01343330 0.09013282 0.06067271 0.00730100 0.02402470 0.04108931 0.00588302 0.01864570 0.14562003
72 0.05142557 0.00400575 0.00366742 0.00092525 0.01281199 0.00296416 0.00387805 0.00630264 0.00204034 0.30371883 0.15531891 0.00586086 0.02523839 0.02438689 0.00185080 0.01114359 0.03811528 0.00059962 0.00619589 0.33954980
73 0.18567601 0.03555810 0.03296480 0.07864741 0.02019570 0.04694340 0.13561401 0.06033040 0.02061360 0.02441190 0.03184310 0.04488360 0.01408620 0.00975167 0.03862960 0.10113001 0.06530580 0.00318994 0.00918252 0.04104220
74 0.10973305 0.03362841 0.04189532 0.03396531 0.02017481 0.03334701 0.04651532 0.03488041 0.01818401 0.06505343 0.06566343 0.04557992 0.02719131 0.02044341 0.03448951 0.13567506 0.13606306 0.00475097 0.01788321 0.07488303
75 0.07472276 0.04583398 0.04006298 0.10278695 0.00908444 0.06710777 0.19715990 0.03578508 0.02591369 0.02831379 0.03052719 0.07183016 0.01982819 0.00948447 0.02704679 0.06903147 0.09245315 0.00331088 0.01381599 0.03590038
76 0.12153589 0.04358586 0.02900737 0.06213104 0.01543449 0.05996705 0.13526588 0.04038586 0.02571318 0.04545056 0.09753491 0.05186955 0.02668608 0.01787198 0.02822807 0.07137324 0.06136524 0.00383130 0.01243389 0.05032855
77 0.24722617 0.02252722 0.02186412 0.02667542 0.02941122 0.02123641 0.03345302 0.09520747 0.01312231 0.04735633 0.05510324 0.02570752 0.01648321 0.01591691 0.03706463 0.14167710 0.06717605 0.00343150 0.01263791 0.06672225
78 0.04967084 0.10368907 0.02469502 0.02065901 0.01185531 0.04108743 0.04478573 0.02237622 0.01969751 0.13110409 0.13128709 0.08459996 0.04042493 0.02889552 0.01980261 0.04461563 0.05104014 0.00612699 0.01729881 0.10628808
79 0.04793428 0.01613989 0.01036190 0.00663739 0.00931728 0.01440189 0.01162410 0.01424439 0.01081430 0.15180094 0.31962688 0.01477209 0.07829897 0.07472517 0.01046020 0.02577769 0.03268649 0.00748190 0.02157429 0.12131996
80 0.19504407 0.02355091 0.03343421 0.03396631 0.02170911 0.01860911 0.02633141 0.24642109 0.01443521 0.01653561 0.02225661 0.02581331 0.00956455 0.01134090 0.02946691 0.17806306 0.04754922 0.00459969 0.01363990 0.02766881
81 0.06739449 0.18517396 0.04871079 0.02854459 0.05317499 0.05083499 0.03045939 0.05193049 0.03218519 0.02706949 0.03953189 0.13755197 0.01759010 0.01668530 0.02792999 0.07403799 0.04740829 0.00430820 0.02541049 0.03406739
82 0.04833059 0.00951356 0.00651464 0.00306824 0.01068900 0.00883838 0.00784443 0.00833477 0.00668171 0.22573296 0.24543296 0.01000170 0.05963149 0.04587049 0.00702906 0.02151970 0.04518979 0.00394838 0.01350520 0.21232296
83 0.12954909 0.01547281 0.05721144 0.02597732 0.02037751 0.02236512 0.02256242 0.02526682 0.01129991 0.02721052 0.02432602 0.02400132 0.01761151 0.01276621 0.02076021 0.26601619 0.22438916 0.00230258 0.00876571 0.04176813
84 0.24640804 0.02302960 0.02196200 0.02689370 0.02916381 0.02138400 0.03372821 0.09657442 0.01315070 0.04735341 0.05573101 0.02598950 0.01639470 0.01580460 0.03651351 0.14104903 0.06694341 0.00333972 0.01226430 0.06632231
85 0.04424730 0.00674827 0.00438608 0.00078071 0.00904626 0.00493836 0.00399472 0.00652852 0.00437399 0.23643901 0.27040201 0.00608670 0.06003940 0.05122280 0.00323877 0.01270170 0.03222650 0.00318549 0.00901041 0.23040301
86 0.18098407 0.02528881 0.01776961 0.01773401 0.02133851 0.02539681 0.03338431 0.04634402 0.01230880 0.07741143 0.06083792 0.02447211 0.02252981 0.01318710 0.14972106 0.11214404 0.07869323 0.00806573 0.01156550 0.06082312
87 0.16334183 0.03884716 0.02682427 0.03078077 0.01931938 0.02330298 0.02560417 0.14988184 0.01314689 0.01927288 0.02384467 0.03129497 0.01016579 0.01054719 0.16221283 0.15939183 0.05210215 0.00575454 0.01078239 0.02358148
88 0.23828000 0.02443660 0.01974540 0.02109910 0.02195730 0.02644320 0.03166030 0.06362250 0.01034120 0.02198170 0.02964900 0.02419730 0.01784190 0.00890991 0.19022500 0.12506000 0.07165680 0.00421795 0.00621483 0.04246000
89 0.13846996 0.01822279 0.05510998 0.02829849 0.02203589 0.02473559 0.02631469 0.03126199 0.01257210 0.02920249 0.02740139 0.02697359 0.01844759 0.01268270 0.02545449 0.24945293 0.19775294 0.00264322 0.00986526 0.04310189
90 0.04787903 0.01604791 0.01016041 0.00663887 0.00940001 0.01421781 0.01169281 0.01416821 0.01070601 0.15254409 0.31950519 0.01469981 0.07816595 0.07454545 0.01031631 0.02560322 0.03254692 0.00748592 0.02161301 0.12206307
91 0.10131100 0.03387110 0.05625470 0.09641390 0.01823210 0.04706780 0.12519600 0.05280770 0.01874790 0.02356280 0.02694970 0.04896720 0.02201920 0.01142210 0.03043150 0.16161500 0.07708820 0.00397179 0.01307850 0.03099180
92 0.28660212 0.01689341 0.01458771 0.01747761 0.02455431 0.01025240 0.01869851 0.27759912 0.00892434 0.01684301 0.02130941 0.01512581 0.00750420 0.00626084 0.02372561 0.15034906 0.04083252 0.00226606 0.00776483 0.03242911
93 0.06813993 0.01363041 0.01136611 0.00863083 0.01534751 0.01070590 0.01499911 0.01567851 0.00716795 0.22643310 0.15762107 0.01820241 0.03359682 0.03366972 0.00956968 0.03305541 0.04704732 0.00300489 0.01451121 0.25762212
94 0.04905648 0.12520595 0.04774208 0.07168757 0.00713817 0.06976047 0.14483194 0.03338129 0.02523289 0.02486599 0.02599659 0.18033993 0.02003999 0.00963885 0.01376639 0.05043628 0.05564918 0.00245738 0.01032380 0.03244879
95 0.03102521 0.00800822 0.00579914 0.00347241 0.00928952 0.00850128 0.00406028 0.00790840 0.02212541 0.09339594 0.26997211 0.00562254 0.06175232 0.19274808 0.00442421 0.01758851 0.01988671 0.02859481 0.13802706 0.06779783
96 0.14837308 0.03379772 0.03988102 0.04179312 0.02329631 0.02758801 0.04679632 0.15261608 0.01981211 0.03007982 0.03495212 0.04315362 0.01547721 0.01208261 0.03913412 0.12908707 0.10425206 0.00424807 0.01195321 0.04162632
97 0.27580705 0.01411910 0.02915670 0.02145560 0.03199641 0.01699110 0.02074260 0.09063052 0.01050910 0.02443790 0.02710600 0.01840460 0.01064510 0.00916854 0.03044471 0.21902604 0.09453032 0.00225235 0.00820964 0.04436661
98 0.04679048 0.02164449 0.12010895 0.27814988 0.00701427 0.03441699 0.18918492 0.05192628 0.01737119 0.01646879 0.01212109 0.04733588 0.00644996 0.00736897 0.01046700 0.07206917 0.03502078 0.00195002 0.00808541 0.01605549
99 0.06172103 0.09922285 0.05336493 0.14114008 0.01123581 0.04814503 0.13242407 0.12194407 0.02609641 0.01707461 0.02223231 0.07786164 0.00828406 0.00990169 0.02856982 0.07457174 0.03540862 0.00380601 0.01207041 0.01492481
100 0.04771572 0.01605801 0.01028031 0.00662727 0.00935666 0.01419721 0.01153151 0.01449411 0.01085201 0.15202007 0.31928016 0.01464061 0.07794474 0.07494204 0.01043931 0.02568311 0.03257522 0.00752528 0.02195461 0.12188206
101 0.15352203 0.03004451 0.05093791 0.04128091 0.02441791 0.03177411 0.03759701 0.07284882 0.01818560 0.03159931 0.03873391 0.03834711 0.01812330 0.01732330 0.03551501 0.19801904 0.09686072 0.00519778 0.01752080 0.04215091
102 0.11877708 0.01848721 0.01844871 0.01701541 0.01786181 0.01922421 0.03506172 0.03346142 0.01886671 0.07331155 0.12341609 0.02811262 0.03722443 0.07590115 0.03948603 0.06793985 0.05710254 0.04089083 0.06190864 0.09750197
103 0.21461491 0.01979809 0.01940709 0.01636449 0.01549119 0.00964567 0.01768499 0.42834582 0.00855449 0.01084490 0.01832979 0.01626329 0.00838642 0.00707449 0.01669779 0.11327395 0.02686889 0.00258923 0.00798801 0.02177649
104 0.03704478 0.01338049 0.01230249 0.01089799 0.01258019 0.01338309 0.01132479 0.01679009 0.03057408 0.07140406 0.16610191 0.01334109 0.03617898 0.21121389 0.00841143 0.03005508 0.02457279 0.03469028 0.18003890 0.06571357
105 0.18758579 0.01265319 0.01812798 0.01495388 0.03006297 0.01358708 0.02257247 0.03403656 0.00846704 0.11058788 0.07684291 0.01832288 0.01999658 0.01500028 0.02496797 0.11599587 0.10444688 0.00235757 0.00906240 0.16037182
106 0.04070721 0.01424820 0.00988356 0.00892662 0.01823480 0.01542520 0.01351950 0.01175140 0.02354851 0.17187204 0.15256603 0.01373660 0.05194011 0.09350892 0.01253120 0.03667081 0.05078741 0.02072980 0.10945302 0.12995903
107 0.10765194 0.06714896 0.03383058 0.03237658 0.01971229 0.05585037 0.06779696 0.03261398 0.02397059 0.03375488 0.04083818 0.11792994 0.02276549 0.01761489 0.02534249 0.08903715 0.10835594 0.00630834 0.05036817 0.04673227
108 0.03945552 0.00883293 0.00501946 0.00088239 0.00740497 0.00655631 0.00503506 0.00691447 0.00555415 0.19683508 0.32554413 0.00745832 0.08091513 0.06883523 0.00404857 0.01422351 0.02971261 0.00494778 0.01163930 0.17018507
109 0.05393882 0.04552422 0.08590373 0.09710274 0.01429801 0.05230772 0.13363705 0.04352732 0.01920861 0.02682201 0.03991242 0.08933503 0.05977322 0.01558311 0.02005391 0.08502323 0.06333402 0.00441151 0.01328281 0.03702051
110 0.02622979 0.33664585 0.04352478 0.01587009 0.00941092 0.06574497 0.02583479 0.02162979 0.03259919 0.01184889 0.02199599 0.26987588 0.01170189 0.00627438 0.00617547 0.03480628 0.02565839 0.00078579 0.01459689 0.01878999
111 0.06588575 0.04991036 0.05358016 0.15183189 0.00762562 0.06280715 0.21142384 0.04852396 0.02594828 0.02574528 0.02862978 0.06675735 0.01499509 0.01040749 0.02184098 0.06000915 0.05120906 0.00263532 0.01196299 0.02827048
112 0.10459499 0.03248210 0.04728359 0.04540500 0.01679230 0.05400189 0.04119230 0.28766297 0.02508800 0.01244540 0.02796810 0.03977010 0.01179010 0.01294770 0.02741370 0.13704598 0.03380360 0.00547081 0.01805310 0.01878830
113 0.02342239 0.00698927 0.01331419 0.00707886 0.01236469 0.01176939 0.00252855 0.00748171 0.05997777 0.02148609 0.07426776 0.00360865 0.00546644 0.30894585 0.00294660 0.02052959 0.01407519 0.05032778 0.32471484 0.02870439
114 0.21228093 0.01986199 0.01969219 0.01619399 0.01509969 0.00967305 0.01733559 0.43416085 0.00850708 0.01043400 0.01803949 0.01637619 0.00835910 0.00717444 0.01614669 0.11258396 0.02631119 0.00249207 0.00806021 0.02121729
115 0.15258300 0.03050050 0.05125500 0.04126200 0.02451180 0.03209110 0.03787190 0.07215640 0.01835770 0.03143840 0.03881840 0.03884380 0.01825240 0.01730260 0.03444890 0.19756900 0.09813520 0.00514368 0.01715110 0.04230710
116 0.03557608 0.02162609 0.02170109 0.01601659 0.01695829 0.02504618 0.01483429 0.01980219 0.05623246 0.03799637 0.07990215 0.01771159 0.01671029 0.21982385 0.00856586 0.03710718 0.02692118 0.03899737 0.24892983 0.03954107
117 0.04336949 0.25463396 0.04192069 0.02939180 0.01144680 0.06321149 0.04770079 0.03864279 0.03239920 0.02290980 0.03641799 0.19603697 0.01530600 0.01192690 0.02181060 0.04904479 0.03722559 0.00256345 0.01762110 0.02641980
118 0.02580840 0.00537985 0.00571335 0.00571625 0.01176950 0.00842162 0.00237307 0.00697917 0.04136750 0.03549320 0.11457299 0.00357415 0.01598640 0.30301398 0.00298089 0.01824900 0.01428630 0.05134810 0.28988499 0.03708130
119 0.05797331 0.01737850 0.01426590 0.00950416 0.01156630 0.01816080 0.01661310 0.01454570 0.01156790 0.14685903 0.27673606 0.01891130 0.07044262 0.05765541 0.01424660 0.03959681 0.05661661 0.00593562 0.01734820 0.12407603
120 0.13571109 0.01358881 0.00958798 0.01024961 0.02015601 0.01245801 0.01524271 0.05073393 0.00925542 0.15293810 0.19070912 0.01386781 0.04315313 0.03576742 0.01428971 0.06621774 0.04493283 0.00447548 0.01094601 0.14571909
121 0.04610770 0.00678663 0.00474792 0.00112736 0.00962724 0.00515958 0.00436180 0.00677056 0.00439111 0.23843398 0.25979098 0.00647272 0.05646020 0.04904000 0.00340574 0.01325360 0.03308540 0.00303528 0.00901824 0.23892398
122 0.03293011 0.30884513 0.04239182 0.02189731 0.01009760 0.06944553 0.03652702 0.02825681 0.05021142 0.01407871 0.02501121 0.22329110 0.00956770 0.00783803 0.01041210 0.03941562 0.02901351 0.00151894 0.02220431 0.01704601
123 0.04309727 0.01346679 0.01015489 0.00672592 0.00944751 0.01626979 0.01349759 0.01056509 0.00938018 0.14630289 0.32058277 0.01513159 0.09925623 0.06556265 0.01028089 0.03046248 0.05048456 0.00602130 0.01771569 0.10559392
124 0.08130540 0.03859260 0.04349480 0.09642920 0.01168730 0.06054410 0.17644599 0.03588160 0.02156690 0.02586350 0.02686710 0.06319430 0.02278190 0.00917141 0.02581740 0.10817599 0.10275899 0.00335364 0.01298790 0.03308000
125 0.07273968 0.02329979 0.06997438 0.03175859 0.01024560 0.01580890 0.03311369 0.52381284 0.01563270 0.00615946 0.01780169 0.03573409 0.01098680 0.01113610 0.00931804 0.06800528 0.02089309 0.00279498 0.00687273 0.01391160
126 0.14225898 0.04022900 0.02768980 0.02834160 0.01964190 0.02800330 0.03540790 0.09897469 0.01551780 0.02546870 0.02895230 0.03571230 0.01422790 0.00951492 0.19211598 0.11672799 0.09681609 0.00576879 0.00850570 0.03012440
127 0.04440642 0.00803059 0.00507970 0.00167435 0.00932279 0.00644717 0.00536441 0.00727164 0.00538866 0.22632611 0.27455814 0.00737328 0.06304413 0.05373543 0.00455290 0.01537721 0.03352682 0.00404821 0.01154791 0.21292411
128 0.06821243 0.01373091 0.01127230 0.00869930 0.01518581 0.01091960 0.01520111 0.01606921 0.00714366 0.22647408 0.15837706 0.01820141 0.03370701 0.03367751 0.00916614 0.03287881 0.04657992 0.00298603 0.01428461 0.25723310
129 0.06351581 0.08754411 0.05672411 0.05690221 0.01495740 0.10450501 0.09131391 0.03767450 0.04981771 0.03002560 0.05050231 0.09223871 0.02153740 0.01696740 0.03226220 0.07429511 0.05518921 0.00430447 0.02829820 0.03142460
130 0.05656566 0.12432391 0.06632695 0.04670137 0.01425809 0.09356674 0.07140225 0.03261518 0.02873358 0.02089719 0.03127008 0.15856189 0.01822409 0.00952718 0.02608188 0.10311793 0.05529336 0.00431960 0.01474139 0.02347168
131 0.05926580 0.03362970 0.08320420 0.22949999 0.01004020 0.04276030 0.18015699 0.05615060 0.01986820 0.01935460 0.01990630 0.05135380 0.01065620 0.01079240 0.02077520 0.07470750 0.04165980 0.00291813 0.01297280 0.02032730
132 0.06873087 0.03926468 0.07381797 0.04304658 0.01855319 0.03266638 0.04478398 0.03304358 0.02317289 0.09849425 0.08216426 0.05908657 0.02667239 0.02293419 0.01735269 0.08135356 0.07066987 0.00437346 0.01713769 0.14268093
133 0.02905197 0.31988671 0.04337316 0.01881338 0.00963874 0.06631854 0.03243817 0.02432598 0.03240237 0.01363809 0.02337738 0.25780676 0.01222259 0.00690703 0.00865455 0.03710447 0.02850087 0.00110467 0.01444629 0.01998828
134 0.04724678 0.01568559 0.01014780 0.00670042 0.00917723 0.01402149 0.01183490 0.01417319 0.01073820 0.15269994 0.31978588 0.01442229 0.07816667 0.07519597 0.01047110 0.02537139 0.03232879 0.00755152 0.02194389 0.12233695
135 0.11947103 0.02860971 0.02593141 0.03403111 0.01876961 0.02043251 0.03821761 0.15163404 0.01547510 0.10586003 0.09042343 0.02991741 0.02542161 0.02280441 0.02412591 0.08481542 0.04759001 0.00717901 0.01507310 0.09421753
136 0.07309657 0.02147329 0.02039599 0.01518509 0.01493799 0.02359149 0.02456489 0.01904299 0.01385149 0.13148394 0.20614891 0.02604109 0.05526528 0.04296198 0.01962559 0.06289837 0.08380316 0.00531524 0.01824369 0.12207295
137 0.04778579 0.02565829 0.08647038 0.27972694 0.00388275 0.04205939 0.24436194 0.04832359 0.01738000 0.01606060 0.01218900 0.04516029 0.00641212 0.00654678 0.01100100 0.05336599 0.03050219 0.00082953 0.00716825 0.01511520
138 0.03669387 0.01377599 0.01095709 0.01002089 0.01888338 0.01648799 0.01263289 0.01198969 0.03330437 0.12177690 0.12552190 0.01260909 0.04063167 0.15149188 0.01125819 0.03599307 0.04294707 0.03084938 0.17361886 0.08855583
139 0.14525605 0.01658581 0.05709152 0.02810751 0.02297921 0.02374511 0.02424591 0.03361721 0.01248390 0.02746311 0.02607041 0.02552611 0.01764101 0.01259210 0.02335281 0.26157409 0.18782807 0.00256309 0.00937815 0.04189882
140 0.03182608 0.29447985 0.04056018 0.01805429 0.00984747 0.06906516 0.03623308 0.02323979 0.03037778 0.01741579 0.03640738 0.25222087 0.01515559 0.00739957 0.00982952 0.03667848 0.03334298 0.00125043 0.01356459 0.02305109
141 0.05443533 0.04209192 0.02928671 0.08029014 0.01230091 0.06424993 0.18055909 0.03039062 0.02866721 0.07518604 0.04340882 0.05431873 0.03043902 0.01815471 0.02265931 0.05785543 0.06791563 0.00787450 0.05119243 0.04872352
142 0.05172570 0.01556890 0.00909317 0.00497678 0.01497600 0.02172000 0.01648040 0.00915471 0.00681802 0.24195101 0.15453301 0.02175990 0.03809490 0.02831520 0.00669560 0.02400710 0.04751040 0.00237196 0.01409520 0.27015202
143 0.05269653 0.06092163 0.07640194 0.16988509 0.01146271 0.04544832 0.14029007 0.10622806 0.02242181 0.01649271 0.02061461 0.09522075 0.00937701 0.00930263 0.02033311 0.07563114 0.03723262 0.00442033 0.01004931 0.01556961
144 0.15348195 0.03002399 0.05083928 0.04123489 0.02460529 0.03180809 0.03771469 0.07334068 0.01829689 0.03148979 0.03827719 0.03871719 0.01817449 0.01712959 0.03459479 0.19799694 0.09716587 0.00530140 0.01727509 0.04253189
145 0.04905233 0.03040932 0.08234215 0.25821415 0.00434993 0.04324953 0.23154014 0.06934264 0.02020061 0.01647131 0.01368221 0.04719413 0.00619213 0.00676461 0.01083881 0.05766713 0.03050082 0.00095927 0.00705606 0.01397271
146 0.12158203 0.05940361 0.04385351 0.05238481 0.01672690 0.10050302 0.09451812 0.04389521 0.03425291 0.02791151 0.04872901 0.06823761 0.01862760 0.01375730 0.04372721 0.09139462 0.06449091 0.00356149 0.01911910 0.03332351
147 0.04716510 0.17564198 0.04954640 0.04080250 0.01081220 0.09625239 0.08046719 0.02900090 0.03174740 0.02264660 0.03309810 0.18996598 0.01794640 0.00915720 0.01832450 0.05528870 0.04857620 0.00251629 0.01521410 0.02582990
148 0.11975897 0.02607349 0.02301819 0.02365999 0.01172530 0.03774899 0.03452119 0.02672189 0.01304450 0.02904999 0.04071199 0.02856229 0.04379209 0.01026880 0.30608293 0.07913398 0.09426688 0.00643310 0.00831492 0.03711049
149 0.04855150 0.06332819 0.12942199 0.06390639 0.01741740 0.11696599 0.06134859 0.03651920 0.09065399 0.01519020 0.03393070 0.08035859 0.01436260 0.01031480 0.01943500 0.09108559 0.04866070 0.00483320 0.03181770 0.02189770
150 0.03691180 0.01346080 0.01209370 0.01055570 0.01248350 0.01312520 0.01118020 0.01634020 0.03074080 0.07128550 0.16520700 0.01332730 0.03582730 0.21178399 0.00878593 0.02973820 0.02492480 0.03506080 0.18132999 0.06583730
151 0.24849509 0.02241321 0.02186941 0.02665311 0.02911671 0.02129871 0.03367851 0.09607004 0.01302060 0.04659052 0.05489442 0.02572681 0.01628251 0.01580751 0.03707441 0.14232705 0.06711753 0.00336642 0.01241020 0.06578722
152 0.02772250 0.00794223 0.00828032 0.00771501 0.01412510 0.01222470 0.00424447 0.00878935 0.04518530 0.03524220 0.10185900 0.00569105 0.01504700 0.28591301 0.00417705 0.02188200 0.01768930 0.04911080 0.29015501 0.03700460
153 0.05219113 0.02842412 0.08301715 0.24889616 0.00635292 0.04518783 0.21698114 0.05163193 0.01706481 0.01703791 0.01548541 0.04727523 0.01057391 0.00719179 0.01343551 0.07569475 0.03745212 0.00135296 0.00836138 0.01639181
154 0.10816694 0.02963898 0.07035386 0.19132090 0.01481639 0.04109718 0.15644092 0.06030987 0.01920269 0.01910289 0.02425609 0.04257388 0.01067009 0.01082259 0.02468889 0.08749015 0.04952647 0.00242144 0.01006769 0.02703209
155 0.12660898 0.02866570 0.03563689 0.02785210 0.01182870 0.01617140 0.03040719 0.46117292 0.01310590 0.01263950 0.02396250 0.02909890 0.01150560 0.01176020 0.01689860 0.08404879 0.02475150 0.00354927 0.01036030 0.01997510
156 0.02382081 0.00469897 0.00623107 0.00594755 0.01142991 0.00803039 0.00175641 0.00637542 0.04731273 0.02179871 0.07901865 0.00285408 0.00500616 0.32921419 0.00246348 0.01818461 0.01269711 0.05528643 0.32816519 0.02970812
157 0.19052110 0.09898225 0.02565771 0.03145402 0.02183511 0.04258282 0.05411143 0.09067245 0.02168121 0.02510981 0.03881752 0.06981274 0.01316121 0.01092281 0.04717913 0.10566606 0.05926713 0.00346266 0.01170521 0.03739762
158 0.04786490 0.01596290 0.01027250 0.00654391 0.00929694 0.01403780 0.01150500 0.01429710 0.01075900 0.15219101 0.31889203 0.01478950 0.07808411 0.07467321 0.01071030 0.02599870 0.03295820 0.00743986 0.02195300 0.12177001
159 0.03433760 0.00973140 0.00566483 0.00144590 0.00649429 0.00811485 0.00453675 0.00763834 0.00937332 0.13894500 0.38407999 0.00650046 0.09481920 0.10713700 0.00502279 0.01562070 0.02369420 0.01073700 0.03357830 0.09252810
160 0.04588412 0.00866398 0.00577920 0.00189812 0.00916499 0.00694237 0.00558376 0.00779557 0.00579030 0.21110509 0.28935813 0.00793370 0.06671043 0.05822973 0.00485337 0.01604181 0.03266291 0.00426480 0.01197151 0.19936609
161 0.06028225 0.21654519 0.04432214 0.03332233 0.01430661 0.05876125 0.04677754 0.04834794 0.02947553 0.02083412 0.02962413 0.15939014 0.01402541 0.01078481 0.03374333 0.08884768 0.04655444 0.00383492 0.01645841 0.02376182
162 0.04695369 0.00595847 0.00425699 0.00091063 0.01039860 0.00440246 0.00405805 0.00651786 0.00373726 0.25879592 0.23034793 0.00618521 0.04824368 0.04199109 0.00295158 0.01257440 0.03454949 0.00236479 0.00863402 0.26616792
163 0.04104220 0.00911235 0.00537184 0.00148028 0.00764733 0.00725352 0.00537009 0.00740179 0.00619062 0.19532902 0.32780903 0.00732966 0.07842021 0.06661691 0.00498066 0.01550750 0.03016540 0.00518028 0.01210330 0.16568801
164 0.04281437 0.00773821 0.00483731 0.00183733 0.01097109 0.00731373 0.00540572 0.00692217 0.00854375 0.22110883 0.24847280 0.00690084 0.06459215 0.05824485 0.00467434 0.01757579 0.03923667 0.00618524 0.03298997 0.20363484
165 0.05108388 0.00572265 0.00469644 0.00157890 0.01191570 0.00450873 0.00481828 0.00717241 0.00339719 0.27241591 0.19467394 0.00691813 0.03725429 0.03453019 0.00297590 0.01347740 0.03685699 0.00171096 0.00816824 0.29612390
166 0.02436551 0.00439699 0.00524236 0.00608228 0.01113600 0.00733384 0.00164190 0.00698367 0.04441532 0.02260661 0.07997043 0.00270542 0.00479071 0.32810913 0.00237664 0.01854451 0.01261870 0.06693813 0.32079413 0.02894771
167 0.06041000 0.01118400 0.00740352 0.00468033 0.01202140 0.01092200 0.01074020 0.01137690 0.00714723 0.19743699 0.25384699 0.01218570 0.07300800 0.05009600 0.00988292 0.03024330 0.04390210 0.00480975 0.01505070 0.17365199
168 0.03774169 0.27072492 0.04106359 0.02801819 0.00932691 0.08357847 0.05565898 0.02580679 0.03689259 0.01744849 0.02840239 0.21273094 0.01254050 0.00745897 0.01488280 0.04327179 0.03594069 0.00135262 0.01652690 0.02063179
169 0.02593848 0.00544676 0.00561207 0.00568491 0.01186079 0.00839466 0.00241157 0.00703777 0.04096827 0.03616198 0.11640693 0.00364942 0.01667319 0.30179781 0.00295716 0.01839089 0.01434449 0.05096907 0.28797082 0.03732298
170 0.12008701 0.03452330 0.02556890 0.02539670 0.01385290 0.03642650 0.03943840 0.03783080 0.01381830 0.03019270 0.03467090 0.03361250 0.02127320 0.00992121 0.27741502 0.09510711 0.10281801 0.00660625 0.00838735 0.03305290
171 0.03716520 0.01323780 0.01230450 0.01087080 0.01237650 0.01319880 0.01147780 0.01669480 0.03079340 0.07142400 0.16427700 0.01302000 0.03555460 0.21186301 0.00868067 0.03013200 0.02477980 0.03514990 0.18094001 0.06605940
172 0.02918548 0.31901979 0.04350197 0.01891179 0.00961144 0.06630156 0.03253508 0.02452088 0.03250908 0.01361929 0.02341218 0.25751083 0.01225239 0.00691029 0.00876701 0.03725818 0.02857828 0.00116881 0.01442849 0.01999719
173 0.10872604 0.03855512 0.02709491 0.02961231 0.01254350 0.03569191 0.02721171 0.04980142 0.01163040 0.02183321 0.02941961 0.03302301 0.01592401 0.01081640 0.31815512 0.13532705 0.05998252 0.00590022 0.00752169 0.02122981
174 0.04123154 0.01139761 0.00849628 0.00424565 0.00934035 0.01091831 0.00815862 0.01017941 0.01169381 0.13772014 0.31817232 0.01038371 0.07970618 0.10541511 0.00737832 0.02545813 0.03730954 0.01186971 0.04454415 0.10638111
175 0.05142387 0.00397652 0.00365734 0.00097340 0.01282669 0.00296641 0.00387231 0.00632183 0.00203242 0.30386880 0.15511090 0.00585961 0.02514948 0.02435348 0.00181909 0.01110579 0.03810917 0.00060740 0.00618273 0.33978278
176 0.06484647 0.06782067 0.03777408 0.10493896 0.00593510 0.10925895 0.21208691 0.03576468 0.03403739 0.02602549 0.03159229 0.07984937 0.01437759 0.00880673 0.01883159 0.05595178 0.05554658 0.00171519 0.01312709 0.02171309
177 0.10765401 0.04143300 0.02495880 0.03281630 0.01280510 0.03685110 0.03743830 0.04511320 0.01525060 0.02622540 0.04281120 0.03892620 0.02059690 0.01303870 0.30152802 0.09359581 0.06238670 0.00646452 0.01005260 0.03005350
178 0.04882938 0.01965499 0.01006730 0.00397936 0.01214430 0.01232690 0.01558380 0.00851551 0.00511513 0.25334392 0.15134195 0.03724329 0.03667959 0.02737969 0.00507498 0.01957089 0.04573639 0.00224719 0.00976454 0.27540091
179 0.05482548 0.00435545 0.00388826 0.00118744 0.01325619 0.00335103 0.00419400 0.00702737 0.00237131 0.29689987 0.15871393 0.00603146 0.02684089 0.02516169 0.00238265 0.01345279 0.03881488 0.00085388 0.00668458 0.32970686
