1 0.35630883 0.00876305 0.00900005 0.01885909 0.05217977 0.01477619 0.01244929 0.09034496 0.00370466 0.02833039 0.03538788 0.00623833 0.00944420 0.00563875 0.02375199 0.18877691 0.06989797 0.00110640 0.00563495 0.05940637
2 0.15261792 0.03602348 0.09944245 0.04101248 0.06370197 0.04279398 0.03265198 0.05651597 0.02552709 0.02274339 0.04434728 0.04485198 0.01605749 0.01307949 0.02496189 0.14031493 0.08029356 0.00530561 0.01694879 0.04080828
3 0.28399788 0.01562409 0.02119609 0.02255139 0.03296859 0.02053609 0.02249549 0.08763486 0.00814368 0.02723339 0.03239939 0.01743969 0.01113450 0.00990244 0.02970129 0.20626091 0.09457246 0.00225149 0.00774992 0.04620638
4 0.06921620 0.01508790 0.01068410 0.00904413 0.01587590 0.01236670 0.01544140 0.01852300 0.00731787 0.22766698 0.15730299 0.01473120 0.03313750 0.03349410 0.00989189 0.03288900 0.04136600 0.00340478 0.01402540 0.25853298
5 0.06323915 0.00984318 0.00541861 0.00274298 0.01145431 0.00727366 0.00688636 0.01082121 0.00585941 0.22111016 0.25642019 0.00638996 0.05890464 0.04372733 0.00798870 0.02324172 0.03459473 0.00273984 0.01041871 0.21092516
6 0.08253987 0.04505719 0.03318549 0.02626949 0.02062799 0.08202197 0.06096668 0.02356619 0.02235669 0.07033968 0.05968658 0.06105608 0.03045779 0.01426930 0.02359339 0.08079677 0.11582796 0.00425521 0.02471469 0.11841096
7 0.15523896 0.03229839 0.04733249 0.03968499 0.02474719 0.03372379 0.04119369 0.07350778 0.01704870 0.03120609 0.04189229 0.04042459 0.01845400 0.01759040 0.03378989 0.18757996 0.10045798 0.00516333 0.01609430 0.04257119
8 0.04740388 0.17532591 0.05093857 0.04043598 0.01162369 0.06528367 0.07017076 0.03597988 0.02734069 0.02349389 0.03546248 0.20873289 0.02186459 0.01123659 0.02057739 0.05992187 0.04841277 0.00430472 0.01237419 0.02911558
9 0.05741013 0.05772503 0.05129872 0.12905006 0.00606209 0.07317543 0.22147510 0.04935212 0.05802473 0.02085331 0.02401271 0.07535654 0.01064651 0.00854701 0.01943001 0.05307392 0.04337342 0.00225463 0.01591001 0.02296851
10 0.14368900 0.01850400 0.04783710 0.02301300 0.02015870 0.02317650 0.02468160 0.03498650 0.01346970 0.02436720 0.02903100 0.02958950 0.01594810 0.01604540 0.02391360 0.25210700 0.21355300 0.00241759 0.00780901 0.03570250
11 0.08527732 0.12333403 0.05350691 0.03677911 0.01878451 0.05185061 0.04732651 0.05663902 0.02298851 0.02190411 0.02784401 0.08781402 0.01840691 0.01469680 0.03805921 0.17321205 0.07307872 0.00685102 0.01505830 0.02658831
12 0.04397031 0.00985309 0.00503955 0.00162702 0.00892015 0.00606647 0.00604154 0.00725255 0.00607251 0.22682804 0.28073405 0.00624717 0.06575961 0.04920741 0.00577088 0.01473000 0.03154231 0.00297580 0.01103850 0.21032304
13 0.06437225 0.03793187 0.12222191 0.07888694 0.01805989 0.03271788 0.06028876 0.15451889 0.02510608 0.01440249 0.02913018 0.05849236 0.01433639 0.01415529 0.02495488 0.11379692 0.10087793 0.00443673 0.00768507 0.02362728
14 0.04115690 0.01161240 0.00498596 0.00130139 0.00752115 0.00562139 0.00527487 0.00641595 0.00695052 0.19902099 0.33003598 0.00686587 0.07891470 0.05912570 0.00618433 0.01399400 0.02953540 0.00320962 0.01220890 0.17006399
15 0.03795403 0.02022512 0.01105151 0.01070791 0.01479551 0.01750032 0.01346101 0.01522741 0.02728052 0.09146858 0.16120015 0.01771152 0.07400597 0.15079514 0.00980460 0.03660603 0.04285574 0.02622832 0.14969714 0.07142346
16 0.03460140 0.01318170 0.00690203 0.00496518 0.01163330 0.00977296 0.00609768 0.00843074 0.02108800 0.10750501 0.27350002 0.00859152 0.06917751 0.15032201 0.00630381 0.02003220 0.02671230 0.02253170 0.11623201 0.08241891
17 0.07086533 0.06076673 0.02840071 0.04090432 0.00940782 0.05857043 0.06650253 0.03319621 0.01984621 0.02456221 0.03788472 0.10195604 0.01851391 0.00974494 0.24145711 0.08123764 0.05435132 0.00782739 0.00873481 0.02526961
18 0.05320097 0.03086668 0.01770419 0.01560329 0.01215379 0.02309499 0.02213269 0.02774409 0.01378329 0.12247394 0.23561488 0.03412188 0.08911986 0.05752407 0.02104479 0.04447188 0.04833988 0.00632109 0.02532759 0.09935615
19 0.20588199 0.02982110 0.02966540 0.09889509 0.02661130 0.02932170 0.04593210 0.07279719 0.01779200 0.01935990 0.04038930 0.03018020 0.01945300 0.05927840 0.03317420 0.10848799 0.06403640 0.00529467 0.02033370 0.04329440
20 0.06381849 0.04977299 0.05560789 0.14584097 0.00734801 0.06529729 0.20674496 0.04876689 0.02646849 0.02601529 0.02797069 0.07357299 0.01345840 0.00870680 0.02350490 0.06516299 0.04804449 0.00259719 0.01286640 0.02843389
21 0.07090761 0.02960480 0.08723111 0.18941002 0.01474100 0.04117610 0.13801702 0.04693591 0.01936550 0.01986940 0.02546010 0.05060561 0.01469750 0.00910392 0.02564180 0.08924871 0.08760671 0.00277380 0.00988487 0.02771850
22 0.06088291 0.03481541 0.08413912 0.22183704 0.01024070 0.04468041 0.17474403 0.05632531 0.02128720 0.02010150 0.02135160 0.05209901 0.01105090 0.00937758 0.02272720 0.07281951 0.04362001 0.00274503 0.01279810 0.02235740
23 0.03095831 0.32001314 0.04400002 0.01677031 0.00883255 0.06411723 0.03888742 0.01829431 0.03187731 0.01514451 0.02150031 0.26324412 0.01604881 0.00620719 0.00739094 0.03599612 0.02483901 0.00146907 0.01146291 0.02294641
24 0.08061016 0.02974972 0.02835792 0.03587813 0.01870871 0.02681432 0.02955112 0.15616311 0.03348502 0.02721602 0.05419554 0.02407792 0.01863891 0.10838008 0.01479571 0.08217146 0.02881652 0.02978572 0.13906610 0.03353782
25 0.17398300 0.01597090 0.01320680 0.01560460 0.02492730 0.01877250 0.01704320 0.04383350 0.01021370 0.10394100 0.17844200 0.01559330 0.04164420 0.03553710 0.02347840 0.08658910 0.05376530 0.00364872 0.01509340 0.10871200
26 0.04661500 0.17830700 0.04725080 0.02684680 0.01343180 0.05832680 0.04803740 0.03641540 0.02606500 0.02316210 0.03519010 0.18653200 0.02360130 0.03968540 0.02137930 0.05881890 0.07804190 0.00440058 0.01367500 0.03421740
27 0.05490394 0.11219108 0.04179343 0.08268996 0.00600451 0.07085125 0.16366511 0.03412672 0.02700592 0.01926341 0.02288642 0.17287712 0.01561991 0.00729067 0.02375182 0.06142814 0.04987403 0.00275694 0.00955621 0.02146341
28 0.24847719 0.02347382 0.01968731 0.02869822 0.02977312 0.02456972 0.03331153 0.09136127 0.01102321 0.04913204 0.05884334 0.02483192 0.01752951 0.01614301 0.03424253 0.13891811 0.06691855 0.00320524 0.01289871 0.06696165
29 0.04856622 0.01795881 0.01153960 0.00709386 0.00998402 0.01380670 0.01156020 0.01390250 0.01217690 0.15097205 0.31547211 0.01543821 0.07619953 0.07010702 0.01127030 0.02632561 0.03349061 0.00575587 0.02348781 0.12489204
30 0.04979919 0.01893630 0.01670370 0.01323490 0.01433990 0.01324040 0.01157750 0.07665898 0.02003520 0.08072338 0.20498196 0.01570930 0.05206009 0.14628697 0.01000380 0.03761359 0.02929749 0.02257990 0.09278518 0.07343229
31 0.08250583 0.03606511 0.03110431 0.08231683 0.00866668 0.03820891 0.06128242 0.02813291 0.01612891 0.02177051 0.03452661 0.04128231 0.01954011 0.00938028 0.32165411 0.07772743 0.05036402 0.00463485 0.00753014 0.02717771
32 0.19884414 0.02248672 0.03651723 0.03254142 0.02400562 0.01890911 0.02549902 0.22513016 0.00957941 0.01814351 0.02476832 0.02210672 0.01200021 0.01167851 0.02326812 0.18830713 0.05781334 0.00513050 0.01174351 0.03152732
33 0.10940505 0.08377874 0.03284481 0.02945231 0.01771631 0.04746522 0.05445322 0.03408661 0.01945121 0.04506372 0.05821493 0.13712006 0.02797231 0.01577871 0.02891491 0.07685063 0.06831933 0.00543307 0.01374111 0.09393774
34 0.06079636 0.00535825 0.00567019 0.00296563 0.01467339 0.00661460 0.00874761 0.01661289 0.00314720 0.28877081 0.14537491 0.00442040 0.02801398 0.02346708 0.00435787 0.02122889 0.03619988 0.00237568 0.00633861 0.31486580
35 0.15322999 0.03327210 0.04736330 0.04047620 0.02482350 0.03433080 0.04210140 0.07199959 0.01695950 0.03186160 0.04246800 0.04189140 0.01896260 0.01706780 0.03386420 0.18546299 0.10048799 0.00489168 0.01563250 0.04285290
36 0.05027768 0.14533994 0.10900296 0.04938048 0.02045139 0.05336578 0.04713608 0.04838518 0.03135379 0.01634259 0.02354919 0.11382395 0.01477519 0.01317749 0.02617899 0.12900795 0.06501927 0.00497180 0.01753999 0.02092029
37 0.28089997 0.01335080 0.02255030 0.01913840 0.03121420 0.01880050 0.01801850 0.08181279 0.00758912 0.02521350 0.02946390 0.01507190 0.01027630 0.01064310 0.02716790 0.22968997 0.10735499 0.00207308 0.00709741 0.04257340
38 0.06079378 0.03488449 0.08391588 0.22200894 0.00977109 0.04457089 0.17628195 0.05602618 0.02182859 0.01970789 0.02068019 0.05173359 0.01058100 0.01022990 0.02247899 0.07264858 0.04390119 0.00270359 0.01336200 0.02189129
39 0.11612801 0.09736291 0.04082400 0.04319561 0.01554970 0.05911851 0.08034751 0.05093681 0.02350030 0.02387590 0.03788040 0.14781002 0.01887330 0.01163260 0.03450280 0.08698851 0.06294951 0.00477608 0.01123660 0.03251090
40 0.15479701 0.03289820 0.04691660 0.03949040 0.02467440 0.03395710 0.04037180 0.07196331 0.01722450 0.03205270 0.04300220 0.04080360 0.01845120 0.01792840 0.03431480 0.18624001 0.09968081 0.00522922 0.01692470 0.04307900
41 0.35045108 0.01066890 0.01056110 0.01721830 0.03813641 0.01571250 0.01501370 0.10044102 0.00455134 0.02808831 0.03171651 0.00936799 0.00900967 0.00661621 0.02713421 0.19635805 0.07200772 0.00135285 0.00615011 0.04944401
42 0.31793575 0.01351539 0.01559139 0.02085158 0.03565927 0.01890329 0.02023148 0.09564372 0.00674421 0.02793418 0.03276087 0.01378799 0.01007999 0.00831169 0.02998068 0.19472685 0.07984704 0.00185700 0.00721476 0.04842286
43 0.21425104 0.02083000 0.01871680 0.02934691 0.06132131 0.02588760 0.02310350 0.06390481 0.01075270 0.05019631 0.08254851 0.02172270 0.04989091 0.02304510 0.02418650 0.12310102 0.06536121 0.00422532 0.01674090 0.07086681
44 0.10228312 0.01745452 0.01976152 0.01708802 0.02029672 0.01932102 0.02601453 0.02343783 0.01013101 0.14106417 0.10925513 0.02425563 0.03570564 0.02294903 0.01585262 0.08366890 0.11341413 0.00389613 0.01710512 0.17704521
45 0.05160222 0.00452219 0.00479642 0.00139881 0.01362121 0.00538821 0.00700812 0.00853939 0.00260960 0.29952814 0.15962608 0.00328526 0.02665021 0.02643921 0.00311763 0.01298381 0.03124111 0.00157209 0.00505510 0.33101516
46 0.06022772 0.03541811 0.08353673 0.22065507 0.00992667 0.04509421 0.17589206 0.05605682 0.02148031 0.01976191 0.02040571 0.05252552 0.01096110 0.00994548 0.02340941 0.07342412 0.04361651 0.00296793 0.01304620 0.02164841
47 0.03603429 0.27552192 0.04672949 0.02047579 0.00924623 0.06656048 0.04807349 0.02076199 0.02888949 0.01554300 0.02136159 0.25212092 0.01645120 0.00707290 0.01241360 0.05524198 0.03226359 0.00243627 0.01022470 0.02257709
48 0.09881602 0.03210691 0.03863411 0.03203441 0.02445471 0.03642511 0.03519611 0.04995961 0.01534090 0.05637241 0.08161572 0.04302621 0.06759012 0.02518541 0.03073791 0.16078104 0.09226702 0.00623777 0.01891120 0.05430731
49 0.05952841 0.05753391 0.03679331 0.02254430 0.05641891 0.04952621 0.02310000 0.02636600 0.01826970 0.05487351 0.19769403 0.10477201 0.04806961 0.04008621 0.01787830 0.05867961 0.04853101 0.00709236 0.02302850 0.04921411
50 0.06097128 0.05652598 0.03777549 0.02552539 0.01300290 0.05592418 0.05441488 0.02239159 0.01941419 0.08200697 0.06133368 0.13433795 0.04141629 0.01350270 0.02789109 0.08120417 0.13930195 0.00591724 0.01625689 0.05088518
51 0.15429693 0.03270488 0.04703708 0.04030888 0.02517289 0.03390448 0.04210448 0.07424197 0.01784999 0.03072439 0.04185898 0.04030968 0.01842409 0.01735589 0.03370838 0.18658991 0.09957665 0.00522406 0.01667719 0.04192918
52 0.02893360 0.33166596 0.04373899 0.01369060 0.00831000 0.06388699 0.03486600 0.01582040 0.03189720 0.01440930 0.02046330 0.27340797 0.01594560 0.00567486 0.00510308 0.03376530 0.02304390 0.00114728 0.01111760 0.02311210
53 0.05649346 0.01343699 0.00922195 0.00823530 0.01238819 0.01168449 0.01413669 0.01288279 0.00808652 0.23618483 0.19154786 0.01243369 0.04503767 0.03781107 0.01062179 0.02672328 0.03875537 0.00406033 0.01545989 0.23479783
54 0.06066141 0.01884560 0.01741120 0.01431580 0.01492820 0.02402250 0.01783050 0.02037520 0.01252140 0.11642502 0.26179004 0.02273780 0.09316481 0.05341941 0.01582010 0.06940421 0.05398841 0.00565016 0.01967630 0.08701191
55 0.04324474 0.22423123 0.03584984 0.04377965 0.00589459 0.07297228 0.10655011 0.02509493 0.03120093 0.01782242 0.02134072 0.22099623 0.01537962 0.00703553 0.01685892 0.04662195 0.03292353 0.00164579 0.00921679 0.02134022
56 0.05392650 0.03392560 0.11102001 0.17863101 0.01071830 0.04738370 0.17270801 0.05275760 0.02178530 0.01644750 0.02063670 0.05873230 0.01066340 0.00664086 0.01500140 0.10338701 0.05455480 0.00211475 0.00937682 0.01958840
57 0.04768401 0.01455010 0.00842925 0.00659478 0.00801940 0.01607030 0.01341350 0.01189810 0.00921087 0.19227606 0.21461907 0.01768531 0.09687903 0.03430831 0.01205070 0.04401691 0.08316433 0.00538879 0.02582311 0.13791804
58 0.13204399 0.04239180 0.05439990 0.13256099 0.01586990 0.05199010 0.12691299 0.05781649 0.05415990 0.01837210 0.03160840 0.04822140 0.01282320 0.01531630 0.02918170 0.07755719 0.05083390 0.00316669 0.01803990 0.02673320
59 0.04022873 0.01694921 0.01526771 0.00989337 0.01509201 0.02435912 0.02127031 0.01202161 0.04411853 0.11526108 0.08011226 0.01280421 0.04626303 0.12037608 0.00928866 0.04919453 0.08306236 0.02602092 0.18123413 0.07718215
60 0.07164969 0.00503226 0.00492033 0.00244008 0.01563090 0.00618186 0.00752659 0.01256380 0.00281433 0.28015997 0.15421198 0.00370111 0.02702020 0.02510540 0.00504662 0.02342440 0.03565760 0.00171358 0.00560736 0.30959196
61 0.04935606 0.01777052 0.01107371 0.00660568 0.00986362 0.01355352 0.01139471 0.01314212 0.01217471 0.15173918 0.31457337 0.01516222 0.07641599 0.07032288 0.01154671 0.02623763 0.03344624 0.00587424 0.02376473 0.12598215
62 0.03977229 0.05969379 0.02018410 0.01355250 0.00971895 0.04775619 0.03106179 0.01813340 0.01513240 0.11948798 0.18167997 0.11327098 0.09244518 0.03200159 0.01571880 0.03935869 0.05531149 0.00447063 0.01516340 0.07608589
63 0.05102223 0.00502441 0.00485829 0.00135358 0.01324141 0.00551475 0.00708279 0.00844740 0.00292429 0.29512617 0.16673210 0.00345843 0.02960882 0.02781152 0.00335135 0.01336931 0.03190282 0.00175563 0.00593951 0.32147518
64 0.06147509 0.03427209 0.07211099 0.22762996 0.00390141 0.05608309 0.24932696 0.04620209 0.02403800 0.01659820 0.01384350 0.05498339 0.00672642 0.00481769 0.01394260 0.05425019 0.03462099 0.00086051 0.00879413 0.01552270
65 0.08660730 0.02979400 0.08087130 0.03015030 0.06102900 0.04509950 0.02578170 0.03524020 0.06587060 0.02647400 0.04048040 0.03537600 0.01978860 0.01626800 0.02340080 0.17649299 0.13821399 0.00464065 0.02524020 0.03318050
66 0.20451094 0.02305599 0.02402369 0.02745909 0.02838919 0.03232029 0.02953829 0.08327588 0.02478699 0.03366349 0.04267549 0.02269269 0.01765679 0.03677929 0.02345289 0.15708595 0.06182698 0.01006950 0.07146448 0.04527209
67 0.12874811 0.05934245 0.04831594 0.03955153 0.01788471 0.05066414 0.07063846 0.04981254 0.01855742 0.01984432 0.03050213 0.11829010 0.01623571 0.01157361 0.03612773 0.15294913 0.08706857 0.00518958 0.00997140 0.02873242
68 0.04577529 0.03555999 0.07981878 0.25127395 0.00289650 0.04991719 0.24043695 0.04909539 0.02222860 0.01697180 0.01084590 0.06502719 0.00572518 0.00428645 0.01210060 0.05492999 0.03117699 0.00079716 0.00818090 0.01295520
69 0.04944190 0.11805801 0.02683870 0.01876460 0.01204220 0.04002660 0.03523610 0.01974500 0.02634700 0.11826401 0.15031001 0.08693431 0.04612730 0.03175830 0.02121700 0.04181470 0.04231330 0.00459201 0.01991070 0.09025821
70 0.06553354 0.03031837 0.06126254 0.15539086 0.01055969 0.06404214 0.18674083 0.03628247 0.02153688 0.01986138 0.05410275 0.05251315 0.02099678 0.00748076 0.02014048 0.07057174 0.08192473 0.00208213 0.01132229 0.02733648
71 0.04207036 0.01479459 0.00638538 0.00359249 0.00720725 0.01052639 0.00879509 0.00952028 0.00839283 0.18786782 0.29491871 0.01356779 0.09526841 0.05198885 0.00905314 0.02457168 0.04469646 0.00445196 0.01839068 0.14393986
72 0.05049029 0.00292674 0.00433152 0.00067339 0.01409440 0.00451450 0.00622687 0.00804103 0.00168669 0.31578092 0.14567397 0.00179572 0.02035980 0.02340819 0.00221971 0.01029790 0.02937759 0.00118863 0.00300424 0.35390792
73 0.19552900 0.03323260 0.03139710 0.07271050 0.02134630 0.04990600 0.13038000 0.06788640 0.01797700 0.02376960 0.03149960 0.04809600 0.01363610 0.00780061 0.03409550 0.10701100 0.06125120 0.00285798 0.01013190 0.03948560
74 0.11150905 0.03277662 0.04243172 0.03389262 0.01881961 0.03243182 0.04344912 0.03716292 0.01800311 0.05757243 0.06728413 0.04586722 0.02795931 0.02164671 0.03085642 0.13894707 0.15354708 0.00424211 0.01576431 0.06583663
75 0.07193687 0.03972969 0.04995458 0.10677696 0.00948525 0.06648288 0.19121893 0.03622289 0.02430459 0.02597729 0.03117269 0.07446877 0.01737609 0.00816044 0.02455639 0.07768647 0.09297457 0.00315107 0.01363420 0.03472939
76 0.08128242 0.07301091 0.03757431 0.08975212 0.00615886 0.07318981 0.18972304 0.03713161 0.02602250 0.01872190 0.02262540 0.13708903 0.01276260 0.00699401 0.03092151 0.06992401 0.05429461 0.00309477 0.00913757 0.02058900
77 0.24851590 0.02377649 0.01949889 0.02802939 0.02970689 0.02455679 0.03309119 0.09303846 0.01083320 0.04956998 0.05944248 0.02522839 0.01769369 0.01618249 0.03447269 0.13771694 0.06564177 0.00307730 0.01248240 0.06744467
78 0.05646945 0.01351941 0.00936479 0.00848372 0.01261371 0.01201001 0.01462761 0.01307241 0.00784279 0.23687922 0.19139818 0.01238581 0.04454944 0.03698483 0.01015531 0.02671552 0.03903254 0.00376961 0.01453841 0.23558722
79 0.04848148 0.01822989 0.01141029 0.00692796 0.01009340 0.01374129 0.01157279 0.01322529 0.01214289 0.15076693 0.31528685 0.01572059 0.07599266 0.07035167 0.01149669 0.02655379 0.03381238 0.00581193 0.02345129 0.12492994
80 0.19335408 0.02433211 0.03733392 0.03395731 0.02289441 0.01850521 0.02792151 0.25555811 0.01034900 0.01753201 0.02468311 0.02370811 0.01232961 0.01152690 0.02292151 0.16570807 0.05052532 0.00513487 0.01111610 0.03060871
81 0.09222368 0.05441599 0.05913269 0.03553439 0.08013428 0.10498298 0.03723109 0.04096419 0.04051909 0.03045639 0.05114809 0.06135609 0.02148430 0.01758660 0.02634319 0.10354498 0.05622109 0.00683970 0.03743089 0.04245029
82 0.04885909 0.01068520 0.00634260 0.00297239 0.00904334 0.00907430 0.00819005 0.00914607 0.00699381 0.21708396 0.26010395 0.00892497 0.07097569 0.04224519 0.00786411 0.02333930 0.04815969 0.00357695 0.01470340 0.19171596
83 0.12423997 0.01549790 0.04432489 0.01734150 0.01473920 0.01789230 0.02050770 0.02507969 0.01321910 0.02121260 0.02463569 0.02570089 0.01429440 0.01781310 0.01934900 0.26950494 0.27533994 0.00185547 0.00637286 0.03107889
84 0.25031499 0.02355890 0.01975930 0.02834480 0.03008550 0.02428530 0.03296800 0.09228070 0.01114870 0.04801740 0.05731130 0.02485100 0.01727210 0.01605080 0.03394810 0.13990999 0.06736640 0.00316225 0.01299490 0.06636960
85 0.04305899 0.00872583 0.00424952 0.00070975 0.00872340 0.00420411 0.00493939 0.00636633 0.00501282 0.23438496 0.28383895 0.00440581 0.06426449 0.04802139 0.00428759 0.01170050 0.02913900 0.00229569 0.00847152 0.22319996
86 0.18151693 0.02340959 0.01499219 0.02056419 0.01827069 0.02823309 0.02485279 0.03852479 0.01093130 0.07719687 0.06831027 0.02225829 0.02506609 0.01164380 0.19189793 0.10582696 0.06399048 0.00436213 0.00837835 0.05977328
87 0.17716409 0.03733702 0.03254952 0.03158762 0.02191451 0.02480011 0.02937031 0.16357508 0.01142221 0.02033191 0.02707491 0.03251462 0.01304421 0.01329791 0.09791155 0.16114508 0.05585133 0.00904349 0.01056921 0.02949532
88 0.23591812 0.02340261 0.01740781 0.02641961 0.02269601 0.02875401 0.02998332 0.05923863 0.00973931 0.02899571 0.03827842 0.02356601 0.01635581 0.00818303 0.18630910 0.12818707 0.06433553 0.00376847 0.00665568 0.04180572
89 0.11036001 0.03273920 0.04343391 0.03388080 0.01923700 0.03199740 0.04323701 0.03692250 0.01702580 0.05751801 0.06666171 0.04621171 0.02735990 0.02215170 0.03039760 0.14061402 0.15405802 0.00436217 0.01577020 0.06606131
90 0.04839766 0.01778249 0.01114659 0.00691447 0.00997266 0.01354849 0.01150809 0.01373649 0.01207529 0.15182988 0.31460575 0.01525079 0.07614384 0.07059474 0.01151999 0.02593938 0.03309587 0.00587994 0.02388868 0.12616890
91 0.09764978 0.03656949 0.05288219 0.08334419 0.01660000 0.05322949 0.13312798 0.05060209 0.01792960 0.01956230 0.02735320 0.06261949 0.01631250 0.00958724 0.03237029 0.16601597 0.07842479 0.00439632 0.01240810 0.02901500
92 0.29108177 0.01747289 0.01628499 0.01906598 0.02907248 0.01265709 0.01920088 0.25611980 0.00720911 0.02050378 0.02560368 0.01211079 0.00964130 0.00756370 0.02084038 0.14570288 0.04308167 0.00237714 0.00731811 0.03709157
93 0.06855339 0.01441000 0.01070730 0.00898999 0.01575040 0.01228620 0.01511090 0.01811920 0.00743688 0.22776998 0.15801399 0.01441060 0.03331130 0.03499140 0.00915356 0.03244690 0.04085830 0.00362775 0.01526000 0.25879198
94 0.05251777 0.13280992 0.03885228 0.06378636 0.00609630 0.07008426 0.14533991 0.03024668 0.02710018 0.01913819 0.02321419 0.20223587 0.01674729 0.00745283 0.02146549 0.05921356 0.04938127 0.00268112 0.00904677 0.02258979
95 0.02775037 0.00909314 0.00449109 0.00410134 0.01286139 0.00613331 0.00338192 0.00717310 0.02328227 0.07419352 0.24029474 0.00556242 0.05601324 0.22733475 0.00362693 0.01648978 0.01826798 0.03412146 0.16331082 0.06251643
96 0.15178207 0.03236771 0.04223352 0.04220532 0.02452911 0.02547031 0.04186902 0.14571806 0.01781671 0.02809031 0.03703932 0.03769702 0.01806261 0.01574661 0.02921751 0.13533106 0.11841405 0.00459583 0.00999394 0.04181992
97 0.28604207 0.01513510 0.02142381 0.02229401 0.03298301 0.02036781 0.02181361 0.08854512 0.00816162 0.02684531 0.03243031 0.01677650 0.01107880 0.01025990 0.02966331 0.20677605 0.09363842 0.00218621 0.00791121 0.04566781
98 0.07011419 0.03484379 0.05604569 0.15359097 0.01988200 0.04730469 0.10591498 0.04729889 0.01854940 0.02849459 0.04776889 0.05124269 0.05685649 0.01808900 0.03664899 0.08811268 0.06277209 0.00492119 0.01680140 0.03474739
99 0.05350389 0.04132519 0.07189409 0.20243197 0.00887080 0.07805609 0.19254497 0.04417489 0.02571170 0.01919870 0.02296970 0.06089299 0.01107260 0.00762314 0.01957140 0.06693619 0.03956089 0.00193629 0.01440790 0.01731660
100 0.04848548 0.01829899 0.01130699 0.00697110 0.01021900 0.01361249 0.01189489 0.01282049 0.01211659 0.15268293 0.31467686 0.01564069 0.07653177 0.06894857 0.01083180 0.02617269 0.03370358 0.00552815 0.02261299 0.12694394
101 0.15451905 0.03276091 0.04770891 0.03990571 0.02467751 0.03387351 0.04147831 0.07443312 0.01751271 0.03095141 0.04185061 0.04107781 0.01805251 0.01776101 0.03407251 0.18597106 0.09995573 0.00509350 0.01645000 0.04189411
102 0.11198894 0.00672223 0.00653791 0.00791971 0.02198679 0.00877078 0.01156549 0.02081749 0.00363122 0.23207287 0.12598993 0.00627227 0.02163869 0.02152059 0.00940203 0.04521068 0.04576707 0.00172087 0.00630062 0.28416384
103 0.21526683 0.01997178 0.02655728 0.01827169 0.01962118 0.01062909 0.02010468 0.40012669 0.00871721 0.01287819 0.02124988 0.01522259 0.01089659 0.00843017 0.01465459 0.11204091 0.02907168 0.00265621 0.00735365 0.02627908
104 0.03673858 0.01502669 0.01078099 0.01036939 0.01439309 0.01139109 0.00904261 0.01782549 0.02865388 0.06849656 0.16180090 0.01202959 0.04007058 0.21752887 0.00825789 0.02980428 0.02607078 0.03614298 0.17732589 0.06824986
105 0.20330082 0.01167059 0.01298889 0.01823328 0.03220357 0.01496019 0.02074178 0.04001447 0.00635511 0.10117591 0.07919903 0.01407369 0.02194818 0.01495019 0.01991048 0.11821890 0.10460391 0.00238405 0.01026309 0.15280387
106 0.04234628 0.01700479 0.01034449 0.01056939 0.01213879 0.01400479 0.01281209 0.02131889 0.01774399 0.15317492 0.15790292 0.01643799 0.05065947 0.10278295 0.01602079 0.04502008 0.04499268 0.05586677 0.08879996 0.11005794
107 0.10347098 0.06018539 0.03455409 0.03221379 0.01940210 0.05641959 0.06834118 0.02846339 0.02464229 0.03476779 0.04097759 0.12543597 0.02350509 0.01748910 0.02515859 0.08569908 0.11307498 0.00674412 0.05312249 0.04633239
108 0.03855699 0.01180450 0.00435498 0.00100717 0.00685454 0.00447350 0.00486635 0.00585510 0.00720750 0.19123397 0.33802894 0.00611118 0.08485448 0.06748579 0.00517898 0.01277030 0.02889949 0.00381318 0.01525510 0.16138797
109 0.03531021 0.01625860 0.00754502 0.00551943 0.01041410 0.00962458 0.00938326 0.01114330 0.01543460 0.11067203 0.29695707 0.01198440 0.09346312 0.13922703 0.00711237 0.02208191 0.02843491 0.01438060 0.06847682 0.08657662
110 0.02894039 0.33202992 0.04382319 0.01372300 0.00836402 0.06381108 0.03497579 0.01591290 0.03187159 0.01427700 0.02046400 0.27311593 0.01597970 0.00571837 0.00500590 0.03403339 0.02272699 0.00125125 0.01106150 0.02291409
111 0.06501526 0.04959727 0.05575987 0.14640491 0.00730709 0.06558236 0.20830987 0.04842687 0.02620108 0.02510558 0.02728288 0.07447325 0.01326509 0.00833368 0.02313409 0.06482926 0.04780597 0.00248323 0.01253719 0.02814518
112 0.10429096 0.02354999 0.04573388 0.01995629 0.01422049 0.01313630 0.02238859 0.46168983 0.01130720 0.01093870 0.02422679 0.02601709 0.03237189 0.01193480 0.01382469 0.10331596 0.02621169 0.00539780 0.00830867 0.02117839
113 0.02246051 0.01008860 0.01440080 0.00781174 0.01635191 0.01450220 0.00229809 0.00761272 0.05927472 0.02665881 0.08295773 0.00427123 0.01782981 0.28726610 0.00322298 0.02232261 0.01285170 0.05133572 0.30155110 0.03493091
114 0.21413306 0.01999031 0.02661651 0.01777330 0.01928661 0.01056420 0.02028061 0.40366011 0.00855088 0.01256470 0.02119831 0.01533890 0.01093740 0.00807978 0.01471300 0.11164203 0.02929591 0.00278043 0.00694144 0.02565251
115 0.15355597 0.03260849 0.04770489 0.04013819 0.02465689 0.03446349 0.04204709 0.07477138 0.01709250 0.03056529 0.04120599 0.04132749 0.01816240 0.01717940 0.03428419 0.18669996 0.10053498 0.00505541 0.01612740 0.04181859
116 0.03555190 0.02449150 0.02039390 0.01599290 0.01802970 0.02496770 0.01570080 0.01727230 0.05368920 0.03895850 0.08677879 0.01685330 0.02326740 0.21409698 0.00782629 0.03616280 0.02522420 0.04018600 0.24076198 0.04379390
117 0.04449823 0.25069519 0.04495593 0.02860562 0.01146121 0.06025205 0.04904164 0.03456893 0.03503193 0.02446812 0.03774753 0.18854714 0.01995311 0.01322381 0.02049112 0.05129734 0.03443253 0.00336625 0.01832081 0.02904152
118 0.02341070 0.00540010 0.00327852 0.00580064 0.01524050 0.00624086 0.00155873 0.00754185 0.03517600 0.03553610 0.11794599 0.00327053 0.02558330 0.30424198 0.00235672 0.01729140 0.01346610 0.05514750 0.27950699 0.04200550
119 0.06250008 0.01787639 0.01688969 0.01051640 0.01189170 0.01773749 0.01635079 0.01517989 0.01238700 0.14024995 0.27406189 0.02007679 0.07228247 0.05075468 0.01395109 0.04463878 0.06367178 0.00427079 0.01683739 0.11787495
120 0.17304800 0.01205780 0.00779644 0.01031620 0.02388750 0.01273060 0.01168050 0.05621280 0.00603802 0.15208900 0.14977100 0.00999900 0.03585040 0.02478970 0.01639420 0.08308340 0.04808170 0.00357831 0.00977241 0.15282300
121 0.04530027 0.00906722 0.00483535 0.00140671 0.00958013 0.00499441 0.00563289 0.00716918 0.00534733 0.23153985 0.27404082 0.00523944 0.06120366 0.04772977 0.00484376 0.01327389 0.03005968 0.00250275 0.00942706 0.22680585
122 0.03260959 0.31598493 0.04404719 0.01696100 0.00967253 0.06403009 0.03518099 0.01973620 0.06604629 0.01838480 0.02114430 0.20648795 0.01471680 0.00881963 0.01034510 0.03673909 0.02373499 0.00180666 0.02865899 0.02489289
123 0.04418700 0.01595130 0.00957533 0.00672467 0.00786516 0.01432490 0.01276300 0.01064130 0.00932197 0.15204200 0.31120900 0.01736490 0.10114500 0.05543130 0.01077470 0.03019710 0.05643010 0.00421227 0.01775700 0.11208200
124 0.07723675 0.03551102 0.04810683 0.09633566 0.01001401 0.06197094 0.18436712 0.03479342 0.02069631 0.02055081 0.02607802 0.07617745 0.01546591 0.00748046 0.02449992 0.11369007 0.10325307 0.00296739 0.01198461 0.02882022
125 0.07005640 0.01841990 0.07040100 0.02032050 0.00635984 0.01001110 0.02372140 0.57778001 0.01221060 0.00330952 0.01804810 0.02822310 0.01451900 0.01054090 0.00774735 0.07140850 0.01456910 0.00215852 0.00455686 0.01563830
126 0.15086380 0.04021095 0.03631495 0.03310136 0.02151637 0.02742826 0.03453106 0.10757886 0.01619548 0.02396237 0.03258726 0.03955205 0.01665618 0.01487538 0.12674684 0.12542184 0.10479286 0.00680853 0.00841405 0.03244156
127 0.04913378 0.09471315 0.03275018 0.02928989 0.01145149 0.05703927 0.05324517 0.02222629 0.02241349 0.10135595 0.10541195 0.13982793 0.04442738 0.02103359 0.02353499 0.04982618 0.05260567 0.00520338 0.01529159 0.06921867
128 0.06740080 0.01453740 0.01038000 0.00908186 0.01545550 0.01245180 0.01557450 0.01767970 0.00722390 0.22902201 0.15808500 0.01456880 0.03355670 0.03369650 0.01033190 0.03238780 0.04067810 0.00352911 0.01451760 0.25984101
129 0.06718949 0.08347608 0.04917239 0.05471039 0.01619460 0.11242398 0.09445988 0.03389999 0.04226149 0.03345299 0.05152679 0.09574428 0.02163880 0.01601140 0.03379899 0.07502399 0.05124389 0.00432238 0.02790049 0.03554769
130 0.08237476 0.03732798 0.06021417 0.03677288 0.02180479 0.11288195 0.05437197 0.03077029 0.03941878 0.03395718 0.11480994 0.05636527 0.02850999 0.01471329 0.03285618 0.13019494 0.05965257 0.00511628 0.01711599 0.03077079
131 0.06112897 0.03516098 0.08415916 0.22148089 0.01027960 0.04452678 0.17388792 0.05502997 0.02163849 0.01989899 0.02100229 0.05239477 0.01092019 0.01008910 0.02220439 0.07366506 0.04386648 0.00284898 0.01344809 0.02236889
132 0.06151221 0.04262781 0.07409112 0.04784061 0.01831170 0.03233451 0.04559131 0.03881611 0.02367401 0.11176603 0.08824122 0.04960941 0.02393491 0.02085421 0.01729320 0.06815342 0.05959291 0.00382956 0.01649270 0.15543304
133 0.03685047 0.25738177 0.07552633 0.03381357 0.01365529 0.05911185 0.04261266 0.03260887 0.03720687 0.01718648 0.02313168 0.19406483 0.01475979 0.01045479 0.01408169 0.05451935 0.03713587 0.00279630 0.01994808 0.02315348
134 0.04916930 0.01812600 0.01104160 0.00659436 0.01023930 0.01352920 0.01144830 0.01362150 0.01201340 0.15155600 0.31437399 0.01544900 0.07623770 0.07037780 0.01135760 0.02625740 0.03379490 0.00563356 0.02380310 0.12537600
135 0.11861394 0.02614869 0.04571298 0.02847228 0.01246619 0.01524719 0.03259648 0.45188676 0.01310269 0.01291309 0.02497719 0.02827539 0.01530069 0.01221449 0.01397729 0.08544555 0.02554629 0.00393476 0.00891607 0.02425199
136 0.07562869 0.05791819 0.05205619 0.04214209 0.01789240 0.09768778 0.08023678 0.02808519 0.02817179 0.03371469 0.04689669 0.08150598 0.02569250 0.01205310 0.03189239 0.10386098 0.12583298 0.00363749 0.01659440 0.03849969
137 0.04585070 0.02893730 0.08737970 0.26730401 0.00348910 0.04700530 0.23815301 0.04953110 0.02116280 0.01792590 0.01184800 0.04901410 0.00631368 0.00415471 0.01052580 0.05502330 0.03236340 0.00072263 0.00865314 0.01464230
138 0.04372740 0.12430600 0.04346170 0.03392210 0.02078070 0.06107260 0.05066890 0.02625730 0.04490360 0.02963920 0.04538950 0.13998600 0.02097840 0.05275720 0.01752180 0.05672810 0.04059580 0.01201700 0.10170300 0.03358370
139 0.14304908 0.01936941 0.04787583 0.02384681 0.01995261 0.02335671 0.02578562 0.03489052 0.01320861 0.02418551 0.02873172 0.03011202 0.01603941 0.01614421 0.02467431 0.25000715 0.21307213 0.00250189 0.00784212 0.03535432
140 0.03267830 0.27631002 0.03907710 0.01506510 0.01030400 0.07065891 0.03999340 0.01916880 0.02805180 0.01999170 0.04402510 0.26054502 0.02116190 0.00747412 0.00949942 0.03526820 0.03260020 0.00188307 0.01041970 0.02582410
141 0.05194331 0.03426511 0.03496721 0.09122822 0.00948761 0.08752762 0.19998404 0.02544731 0.03080871 0.06991841 0.03630201 0.04569641 0.01991520 0.01280570 0.01539630 0.05444201 0.06006791 0.00479559 0.05814711 0.05685421
142 0.05183614 0.00909558 0.00701159 0.00346235 0.01481181 0.02176192 0.01698061 0.00991956 0.00628610 0.27485620 0.13376810 0.00937399 0.02749792 0.02280422 0.00544240 0.02007191 0.04054673 0.00214375 0.01146191 0.31086722
143 0.05039112 0.05381222 0.07619253 0.17761106 0.00891010 0.04476191 0.16075705 0.10365103 0.02349191 0.01535911 0.01750781 0.09016203 0.01001770 0.00963170 0.01901921 0.07158812 0.03838431 0.00385709 0.00898118 0.01591281
144 0.15350105 0.03326861 0.04740132 0.04009951 0.02435461 0.03430151 0.04192671 0.07271432 0.01759551 0.03104211 0.04260901 0.04105111 0.01845191 0.01828171 0.03466131 0.18548206 0.09859023 0.00507837 0.01706621 0.04252281
145 0.04653880 0.03185730 0.08331999 0.25268398 0.00384725 0.04384970 0.23350898 0.07041159 0.02389770 0.01601060 0.01105080 0.05029330 0.00588874 0.00479428 0.00955424 0.05849730 0.03041750 0.00111212 0.00800085 0.01446500
146 0.14443109 0.05368233 0.03668812 0.04572003 0.02072961 0.10707107 0.09004656 0.04202983 0.03066752 0.03015152 0.04559313 0.06902884 0.01800831 0.01093991 0.04128023 0.09878756 0.05758814 0.00349528 0.01852811 0.03553282
147 0.04893132 0.15943906 0.04149271 0.03810981 0.01077280 0.10502804 0.08290693 0.02421231 0.02988141 0.02406331 0.03669801 0.20022807 0.02117921 0.00840716 0.02391651 0.05653192 0.04711892 0.00278989 0.01320980 0.02508281
148 0.09226163 0.02891518 0.02472778 0.03161268 0.00870641 0.02959298 0.02405618 0.01916759 0.01523579 0.03679027 0.04647206 0.02705398 0.04200317 0.00914782 0.37376971 0.07053094 0.07999114 0.00413336 0.00798526 0.02784608
149 0.06759559 0.08508958 0.04992599 0.05508499 0.01630360 0.11033198 0.09403788 0.03455489 0.04196199 0.03224989 0.05126289 0.09697408 0.02128040 0.01539680 0.03343489 0.07659909 0.05233609 0.00420308 0.02658190 0.03479439
150 0.03649899 0.01529320 0.01042570 0.01025260 0.01448380 0.01184950 0.00919928 0.01807570 0.02836319 0.06841458 0.16140696 0.01254240 0.04007609 0.21760594 0.00745538 0.03017669 0.02610859 0.03655749 0.17685895 0.06835498
151 0.25196201 0.02259460 0.01965910 0.02822570 0.03015270 0.02419890 0.03243190 0.09343340 0.01126190 0.04939380 0.05747720 0.02347630 0.01688570 0.01569150 0.03375640 0.13943601 0.06646980 0.00321916 0.01278290 0.06749100
152 0.02464702 0.00701863 0.00587621 0.00711795 0.01672091 0.00953671 0.00284916 0.00872221 0.04012613 0.03180202 0.10178807 0.00445397 0.02211201 0.29575419 0.00294623 0.02029501 0.01481641 0.05477394 0.28893719 0.03970603
153 0.05133350 0.03181670 0.08093850 0.23622801 0.00562278 0.05025910 0.22204301 0.05118070 0.02003510 0.01672970 0.01448680 0.05384430 0.00823573 0.00462978 0.01449960 0.07415300 0.03701140 0.00120571 0.00931337 0.01643320
154 0.12565396 0.02973899 0.06452788 0.17599094 0.01757499 0.04060039 0.14249395 0.06141598 0.01842459 0.01930659 0.02592249 0.04245999 0.01172700 0.01024830 0.02835539 0.08992967 0.05117268 0.00235132 0.01060780 0.03149709
155 0.11836605 0.02656401 0.04563582 0.02862721 0.01250711 0.01472891 0.03204031 0.45333018 0.01293351 0.01288751 0.02528481 0.02854321 0.01509961 0.01237600 0.01371711 0.08523493 0.02551701 0.00395258 0.00860092 0.02405321
156 0.02207132 0.00460725 0.00368286 0.00609919 0.01526661 0.00666648 0.00119522 0.00752947 0.03888403 0.02684432 0.09249577 0.00287385 0.01909172 0.31995226 0.00198849 0.01767381 0.01216801 0.05905615 0.30465725 0.03719593
157 0.16948688 0.11445492 0.03697647 0.02673708 0.05776696 0.04187907 0.02950368 0.07596824 0.02175348 0.02783048 0.04220927 0.07138595 0.01804309 0.01431679 0.02769498 0.10217293 0.05823366 0.00460883 0.01744119 0.04153607
158 0.04834323 0.01818511 0.01172691 0.00667658 0.00994540 0.01408711 0.01160411 0.01380641 0.01218251 0.15128809 0.31455219 0.01595951 0.07589884 0.07047844 0.01157751 0.02588762 0.03293142 0.00567744 0.02406851 0.12512307
159 0.03312128 0.01304359 0.00514511 0.00171260 0.00824525 0.00564470 0.00458475 0.00541527 0.01124979 0.13347891 0.37766274 0.00728606 0.08965594 0.11450792 0.00529869 0.01372349 0.02372198 0.00918894 0.04019377 0.09711923
160 0.04536041 0.01107180 0.00555710 0.00226000 0.00907626 0.00589541 0.00618993 0.00745292 0.00669796 0.20753403 0.29933304 0.00658754 0.06971321 0.05495391 0.00595759 0.01576960 0.03096050 0.00321954 0.01274220 0.19366703
161 0.04429171 0.25178403 0.04466171 0.02899430 0.01141540 0.06007221 0.05011811 0.03446840 0.03469220 0.02468530 0.03749780 0.18910302 0.01983610 0.01313550 0.01933770 0.04997551 0.03500810 0.00333617 0.01795110 0.02963560
162 0.04599160 0.00707032 0.00438088 0.00081931 0.01032480 0.00442877 0.00542216 0.00701202 0.00413733 0.25749700 0.24152400 0.00378324 0.05180640 0.04039190 0.00379007 0.01200850 0.03022070 0.00209699 0.00747301 0.25982100
163 0.04089131 0.01191400 0.00495318 0.00140701 0.00750767 0.00586178 0.00537308 0.00642184 0.00685931 0.19929505 0.32834108 0.00695117 0.07912802 0.05872591 0.00614315 0.01423440 0.02994521 0.00329607 0.01224670 0.17050404
164 0.03930588 0.01090569 0.00450770 0.00207150 0.00702645 0.00684125 0.00629517 0.00724628 0.01052039 0.18762590 0.28243384 0.00646867 0.08381395 0.07022756 0.00540307 0.02018659 0.04342148 0.00878676 0.04645897 0.15045292
165 0.05040027 0.00590801 0.00497564 0.00155152 0.01254719 0.00514928 0.00650992 0.00820812 0.00344562 0.27579783 0.19607988 0.00381757 0.03711068 0.03379678 0.00389407 0.01307789 0.03055688 0.00192920 0.00658785 0.29865582
166 0.02189631 0.00400298 0.00245056 0.00608562 0.01492961 0.00572911 0.00090626 0.00774941 0.03682132 0.02671031 0.09251305 0.00255212 0.01855361 0.32384118 0.00176828 0.01682271 0.01186321 0.06355814 0.30402217 0.03722402
167 0.06448112 0.00970134 0.00533616 0.00258808 0.01158450 0.00740075 0.00682315 0.01085550 0.00576297 0.22088308 0.25639009 0.00642137 0.05855672 0.04351952 0.00821010 0.02380251 0.03450611 0.00272088 0.00992994 0.21052608
168 0.03985379 0.25963394 0.04252399 0.02429409 0.01019140 0.08716618 0.05477469 0.02159470 0.03791119 0.01907610 0.02591009 0.20921195 0.01754490 0.00843760 0.01741180 0.04761969 0.03411569 0.00198803 0.01628940 0.02445079
169 0.02329749 0.00540909 0.00322015 0.00576293 0.01509940 0.00614925 0.00151808 0.00750604 0.03509209 0.03593379 0.11938796 0.00331067 0.02591919 0.30393391 0.00234170 0.01723859 0.01333440 0.05496738 0.27834991 0.04222799
170 0.10718505 0.03129181 0.02983611 0.03264401 0.01212111 0.03306551 0.03358981 0.02764081 0.01537041 0.03290421 0.03898412 0.03559411 0.02215171 0.01037860 0.30184113 0.09514274 0.09785804 0.00501824 0.00762964 0.02975281
171 0.03676410 0.01546280 0.01053760 0.01035840 0.01437830 0.01169410 0.00926141 0.01749880 0.02866330 0.06886329 0.16126098 0.01241510 0.04001350 0.21715898 0.00790799 0.02944750 0.02642530 0.03650160 0.17686198 0.06852499
172 0.04432444 0.15986114 0.02890373 0.01582111 0.01210941 0.04447834 0.03075003 0.02242272 0.02493612 0.06983066 0.17341115 0.11935211 0.04720794 0.03499343 0.01809912 0.03751923 0.03577833 0.00407952 0.01782842 0.05829305
173 0.11820591 0.03462377 0.02876388 0.03223388 0.01496069 0.03985707 0.03366378 0.03658717 0.01329549 0.02726688 0.03168018 0.03400598 0.01720859 0.00975159 0.27816380 0.14281290 0.06476625 0.00701573 0.00787928 0.02725718
174 0.04251496 0.01483122 0.00964801 0.00493902 0.01004971 0.00911119 0.00843635 0.01039342 0.01399282 0.12785819 0.30535945 0.01094702 0.07594131 0.11113416 0.00755902 0.02780534 0.04532627 0.01080412 0.04925527 0.10409315
175 0.05074798 0.00314876 0.00440522 0.00079020 0.01397580 0.00467331 0.00632827 0.00811390 0.00188371 0.31199089 0.14910895 0.00205169 0.02219879 0.02417249 0.00265621 0.01094270 0.03003889 0.00129018 0.00361420 0.34786788
176 0.06237548 0.05763908 0.03947569 0.10180197 0.00666326 0.12157496 0.21241893 0.03086379 0.03074939 0.02463559 0.03054199 0.08177717 0.01372160 0.00745252 0.02523119 0.06207238 0.04822239 0.00208713 0.01749359 0.02320189
177 0.10101801 0.03695730 0.02622430 0.03738540 0.01161190 0.03880891 0.03871711 0.03175650 0.01642750 0.03257830 0.04660011 0.03843440 0.02313640 0.01103720 0.31868104 0.08602621 0.05735591 0.00547142 0.00934215 0.03242990
178 0.04571681 0.02819241 0.01236270 0.00713133 0.01071200 0.02188921 0.01810490 0.01202150 0.01011090 0.21040405 0.18412304 0.04924961 0.05636521 0.03176671 0.00959484 0.02700301 0.04600181 0.00429779 0.01393310 0.20101905
179 0.05445849 0.00348872 0.00440098 0.00093248 0.01404640 0.00472332 0.00629083 0.00866547 0.00205266 0.30621094 0.15224297 0.00217115 0.02425950 0.02423350 0.00278233 0.01297160 0.03156339 0.00139859 0.00416477 0.33894193
