1 0.37156512 0.00796199 0.01191580 0.01232690 0.05776242 0.01418030 0.01209780 0.08945043 0.00542576 0.02319291 0.02084421 0.00908507 0.01115520 0.00818310 0.02011641 0.20664906 0.07539752 0.00127467 0.00410800 0.03730731
2 0.33457013 0.01223790 0.01507331 0.01514171 0.05932792 0.01736851 0.01577301 0.08350543 0.00776387 0.03257221 0.03298011 0.01305611 0.01366731 0.01202910 0.02399501 0.17831107 0.07349793 0.00188622 0.00846492 0.04877822
3 0.29393417 0.01639661 0.02262971 0.01824861 0.03812102 0.02159421 0.02285551 0.08286095 0.00821769 0.02541391 0.02581631 0.01888411 0.01488571 0.01224121 0.02740082 0.20890512 0.09274265 0.00290821 0.00783342 0.03811002
4 0.06231966 0.01627142 0.01273881 0.01092491 0.01378961 0.01323731 0.01454201 0.01969472 0.00882567 0.22453322 0.15700615 0.01605332 0.03689314 0.03702434 0.01169971 0.03495423 0.04132314 0.00329526 0.01596412 0.24890924
5 0.06184456 0.01146819 0.00547337 0.00556288 0.01339479 0.00827677 0.00786518 0.01146319 0.00822201 0.21537785 0.26473181 0.00671722 0.05916926 0.04420387 0.00616242 0.02439588 0.02990358 0.00423034 0.00952997 0.20200686
6 0.08425445 0.06424076 0.05658457 0.04436748 0.01804019 0.08681615 0.05357837 0.03351008 0.02519959 0.02556149 0.04183228 0.07690246 0.03025768 0.01419049 0.03210098 0.11999893 0.13362693 0.00359566 0.01398099 0.04136048
7 0.15621299 0.03383600 0.04858480 0.03897790 0.02589050 0.03426040 0.04250940 0.07204810 0.01803150 0.03386360 0.03767260 0.03949090 0.01968190 0.01901220 0.03292170 0.18178199 0.09903160 0.00556235 0.01788180 0.04274780
8 0.05043520 0.17721502 0.04783900 0.04361660 0.01177030 0.06669211 0.07120511 0.03479100 0.02706730 0.02062860 0.03795330 0.19397402 0.02357720 0.01155330 0.02742920 0.05808821 0.04759940 0.00365311 0.01486610 0.03004590
9 0.06346518 0.04951748 0.05997048 0.14598795 0.00814704 0.06456238 0.21815092 0.04956368 0.02285989 0.02275699 0.03082399 0.07439647 0.01215800 0.00867721 0.02158349 0.06474898 0.03870109 0.00253830 0.01471869 0.02667179
10 0.14813309 0.03139582 0.04492533 0.02660312 0.02384461 0.02553622 0.02625522 0.03582042 0.01109301 0.02410811 0.02210891 0.02977362 0.02398181 0.01959021 0.01969581 0.23456514 0.20408012 0.00242619 0.00876671 0.03729652
11 0.08605942 0.12319003 0.05429081 0.03308801 0.01764140 0.04518881 0.04220981 0.04400321 0.02190700 0.02298441 0.02997631 0.09118252 0.01933420 0.01496300 0.02628861 0.16417804 0.11319602 0.00434018 0.01269470 0.03328351
12 0.04380202 0.00910643 0.00464655 0.00399061 0.01035490 0.00680733 0.00601120 0.00908958 0.00825338 0.22185210 0.28795114 0.00689722 0.06723953 0.04815272 0.00479138 0.01500781 0.02645311 0.00471563 0.00976922 0.20510810
13 0.06414175 0.04343524 0.13854511 0.08244027 0.02073062 0.04180043 0.05354674 0.04569684 0.03149313 0.02009092 0.02947842 0.05970985 0.01701931 0.00955079 0.02850502 0.14027812 0.13007311 0.00252879 0.01013091 0.03080463
14 0.04160452 0.00941723 0.00377880 0.00387334 0.01005730 0.00736433 0.00691022 0.00778669 0.00914998 0.19579608 0.33632813 0.00687689 0.07975803 0.05385622 0.00480038 0.01400791 0.02412871 0.00571144 0.01023170 0.16856207
15 0.03750938 0.01734799 0.01125629 0.01099069 0.01814579 0.01917519 0.01388679 0.01601359 0.03625448 0.05480197 0.13836192 0.02382919 0.06189726 0.19048289 0.01046879 0.03680468 0.03526118 0.02427189 0.18998789 0.05325217
16 0.03493380 0.01287070 0.00663843 0.00825770 0.01375210 0.00923349 0.00951133 0.01035590 0.02874230 0.07969401 0.23678502 0.01141660 0.05821960 0.18641901 0.00807668 0.02234710 0.02351560 0.02203310 0.15133001 0.06586750
17 0.11065509 0.03334293 0.03753773 0.03240052 0.01428581 0.03281143 0.03575213 0.02703082 0.01544781 0.03370733 0.04152053 0.04663734 0.01859661 0.01435201 0.31439924 0.08001426 0.05378034 0.00740534 0.01253191 0.03779083
18 0.05776141 0.02792301 0.01541290 0.01415970 0.01437960 0.02559911 0.02078560 0.02105881 0.01491380 0.11758503 0.23751906 0.03670201 0.08628022 0.05710511 0.01804230 0.04630791 0.05049911 0.00753726 0.02889901 0.10152902
19 0.14134393 0.02864268 0.03800058 0.12923493 0.01743419 0.03192468 0.06785436 0.05560127 0.01502379 0.03061618 0.06461587 0.03768808 0.02116849 0.07891366 0.03030398 0.07256096 0.05679797 0.00809483 0.03123108 0.04294848
20 0.06259389 0.04885149 0.06065459 0.14645398 0.00832275 0.06364209 0.21612497 0.05082139 0.02279760 0.02309480 0.03261250 0.07382749 0.01277230 0.00907427 0.02062940 0.06523709 0.03882939 0.00267523 0.01473100 0.02625380
21 0.06499722 0.03245191 0.09717383 0.17980005 0.01476890 0.03710731 0.12177804 0.04855811 0.01970191 0.01939811 0.02545171 0.05034292 0.01467010 0.00898886 0.02539821 0.09713393 0.10157803 0.00277864 0.01079420 0.02712801
22 0.06156169 0.03191959 0.08723559 0.19536697 0.00973797 0.04505399 0.17410997 0.06147259 0.02114180 0.02131700 0.02839810 0.05717649 0.01061440 0.00944331 0.02492380 0.07171609 0.04636349 0.00327379 0.01428200 0.02489140
23 0.04174109 0.20704994 0.08132967 0.04562219 0.01353510 0.06299558 0.05680908 0.04479419 0.03437529 0.01231120 0.02842539 0.17246795 0.01547180 0.00730397 0.02242299 0.06580858 0.04912818 0.00221134 0.01271720 0.02347929
24 0.03368071 0.01574891 0.03718431 0.01063290 0.02413671 0.05475992 0.01051620 0.01345000 0.13623805 0.02249941 0.05525132 0.01512331 0.01819161 0.15643106 0.00996464 0.02723911 0.01385300 0.02301171 0.29725211 0.02483501
25 0.33772112 0.01178440 0.01480591 0.01485311 0.05928252 0.01733761 0.01573261 0.08420363 0.00773853 0.03111751 0.03146411 0.01295240 0.01366391 0.01233170 0.02456711 0.17941607 0.07272053 0.00201873 0.00908807 0.04720042
26 0.07873262 0.07929532 0.03723001 0.02564351 0.01594350 0.04114381 0.03700071 0.03629371 0.02141431 0.02441541 0.04717491 0.12570104 0.03119131 0.07002222 0.02645261 0.12071504 0.09368723 0.01003450 0.04164021 0.03626801
27 0.04062937 0.17373086 0.06208615 0.03794157 0.01208079 0.07331794 0.06362445 0.02845528 0.05879835 0.01632289 0.03030218 0.20105784 0.01892378 0.01070679 0.02326878 0.05665435 0.04390406 0.00531891 0.02017478 0.02270088
28 0.24295406 0.02415061 0.02350011 0.02636651 0.03139651 0.02532891 0.03281101 0.08826902 0.01196840 0.04737981 0.05609431 0.02664751 0.01958540 0.02028921 0.03605761 0.13838703 0.06926452 0.00388565 0.01452290 0.06114092
29 0.04912850 0.01632550 0.01045460 0.01001040 0.01194400 0.01458040 0.01495020 0.01435390 0.01315870 0.14644401 0.31979002 0.01592550 0.07619580 0.06571690 0.01126400 0.02550910 0.02875130 0.00813715 0.02391600 0.12344401
30 0.04420304 0.01604602 0.00847276 0.00960023 0.01431321 0.00919080 0.01033501 0.01945952 0.02981193 0.07063687 0.15797315 0.01450631 0.04188684 0.21205520 0.01168711 0.03274843 0.03214473 0.02490672 0.16930116 0.07072097
31 0.06944820 0.03241520 0.06632850 0.12926399 0.01103780 0.03929740 0.09020609 0.03426530 0.02007110 0.02495650 0.03052720 0.05597980 0.01299820 0.01036950 0.19887599 0.08045239 0.05024350 0.00694417 0.01030210 0.02601710
32 0.19871783 0.02117258 0.04498396 0.03391017 0.02607758 0.02300218 0.02889147 0.23842679 0.01369949 0.01725228 0.02052348 0.02527188 0.01046659 0.00982148 0.01723618 0.17093985 0.05711985 0.00502859 0.01139749 0.02606028
33 0.07427883 0.01132481 0.00686512 0.00700086 0.01432241 0.00977930 0.00887559 0.01476901 0.00759606 0.21116010 0.22884711 0.00774611 0.04953592 0.04111172 0.00755328 0.02860571 0.03474752 0.00343322 0.01021220 0.22223510
34 0.04686624 0.01037341 0.00785910 0.00478086 0.01201531 0.00927161 0.00619590 0.01326901 0.01498571 0.26526020 0.18306214 0.00799113 0.04044593 0.03645973 0.00676979 0.02004842 0.03101972 0.00371739 0.01170721 0.26790120
35 0.15949196 0.03335449 0.04783409 0.03824859 0.02640279 0.03378539 0.04179499 0.07177248 0.01755770 0.03427229 0.03916349 0.03880169 0.01990770 0.01892340 0.03186409 0.18110896 0.09795148 0.00558282 0.01774270 0.04443889
36 0.07425129 0.03662489 0.13326498 0.07321809 0.02229120 0.04537809 0.04935339 0.06950909 0.03342769 0.01789950 0.02644960 0.05135419 0.01350590 0.00836389 0.02965319 0.17783997 0.09638008 0.00344849 0.01264340 0.02514310
37 0.29621018 0.01510951 0.02202341 0.01680281 0.03798722 0.02043131 0.02101131 0.07771235 0.00773135 0.02408651 0.02366111 0.01782511 0.01488931 0.01224701 0.02467112 0.22216914 0.09790966 0.00288405 0.00783368 0.03680382
38 0.06160860 0.03171010 0.08638450 0.19660700 0.00958197 0.04475490 0.17503800 0.06200830 0.02040400 0.02141000 0.02845120 0.05713950 0.01073800 0.00962661 0.02466010 0.07078610 0.04672230 0.00333352 0.01423300 0.02480230
39 0.33557487 0.01190420 0.01479409 0.01475239 0.05928528 0.01792269 0.01610209 0.08223497 0.00796789 0.03208789 0.03226579 0.01316369 0.01393909 0.01216120 0.02448429 0.17886093 0.07372997 0.00197901 0.00902348 0.04776618
40 0.15626085 0.03276277 0.04820405 0.03907296 0.02622617 0.03443837 0.04248636 0.07284513 0.01775648 0.03469967 0.03816186 0.03893156 0.01951658 0.01871438 0.03226927 0.18130782 0.09770071 0.00565936 0.01832638 0.04465926
41 0.35184615 0.01084610 0.01507811 0.01361321 0.04358592 0.01723541 0.01641131 0.09002554 0.00654875 0.02141641 0.02202501 0.01314921 0.01241821 0.00981663 0.02476201 0.20796409 0.08028043 0.00192859 0.00568070 0.03536822
42 0.32046917 0.01397241 0.01959271 0.01716191 0.04064392 0.01990211 0.02109211 0.08734905 0.00757151 0.02370721 0.02481391 0.01683441 0.01371651 0.01130821 0.02671631 0.20394511 0.08464974 0.00266299 0.00687878 0.03701192
43 0.20094387 0.01691329 0.01520179 0.01549779 0.05086567 0.02035479 0.01947829 0.04264307 0.01024479 0.08573834 0.14499390 0.01486779 0.03415358 0.03210898 0.01728579 0.10800493 0.05809776 0.00430707 0.01566579 0.09263274
44 0.09483104 0.02355068 0.02137219 0.01643349 0.01887099 0.01946779 0.02175379 0.02517968 0.00888436 0.14933790 0.09942683 0.02537458 0.03215978 0.02860138 0.01873199 0.08424264 0.10858093 0.00284971 0.01292239 0.18742787
45 0.04690666 0.00614875 0.00623562 0.00267803 0.01030809 0.00457509 0.00285447 0.01295489 0.00526372 0.29958877 0.15489888 0.00448540 0.03220038 0.03134768 0.00364490 0.01638049 0.03248408 0.00150810 0.00631828 0.31921776
46 0.06218080 0.03276270 0.08667041 0.19366901 0.01016230 0.04507470 0.17218901 0.06133380 0.02121840 0.02098290 0.02811300 0.05791030 0.01071690 0.00942789 0.02496030 0.07246151 0.04741830 0.00320144 0.01475250 0.02479380
47 0.03056169 0.32015191 0.03151179 0.01335420 0.00939487 0.07824568 0.05522968 0.00977201 0.02496759 0.00463118 0.01880149 0.27328492 0.01802079 0.00486741 0.01242790 0.03236759 0.03098209 0.00072756 0.00998005 0.02071959
48 0.10152596 0.04673918 0.06375738 0.04829108 0.02059009 0.09246666 0.06665297 0.04754708 0.03089809 0.02386079 0.03488469 0.06100508 0.01991529 0.01041180 0.03410799 0.16333994 0.07798957 0.00474759 0.01718189 0.03408689
49 0.05280259 0.09475748 0.04372369 0.05958698 0.01053590 0.06168588 0.11725497 0.02540579 0.02124539 0.03324659 0.12231997 0.13147297 0.03222099 0.01622850 0.02873119 0.05332759 0.04325949 0.00426396 0.01213180 0.03579829
50 0.06290828 0.11601396 0.05107508 0.03528149 0.01376190 0.05400098 0.04859358 0.02727339 0.02436119 0.02065669 0.03581499 0.16938694 0.03332699 0.01405350 0.02712789 0.08915387 0.12596496 0.00368703 0.01290690 0.03465039
51 0.15915102 0.03357170 0.04847331 0.03869501 0.02638290 0.03459800 0.04261161 0.07281181 0.01759980 0.03380930 0.03767001 0.03934691 0.01962940 0.01868190 0.03052410 0.18115603 0.09911041 0.00526306 0.01748640 0.04342731
52 0.03040060 0.32056302 0.03155260 0.01345680 0.00940131 0.07824211 0.05560570 0.00957154 0.02505930 0.00462505 0.01856400 0.27320702 0.01797360 0.00492687 0.01239720 0.03230600 0.03071600 0.00078188 0.00998818 0.02066120
53 0.05473536 0.01213299 0.01048849 0.00965058 0.01330379 0.01109579 0.01279589 0.01636789 0.00979644 0.23924484 0.18675188 0.01211709 0.04417767 0.03874557 0.01140359 0.02921458 0.03526308 0.00435031 0.01368329 0.23468085
54 0.15926997 0.03335389 0.04814649 0.03886309 0.02644149 0.03396079 0.04248749 0.07118549 0.01789790 0.03310459 0.03762019 0.03881599 0.02000610 0.01895170 0.03107799 0.18264297 0.09961918 0.00541879 0.01816310 0.04297279
55 0.03339071 0.28969609 0.03366211 0.02601151 0.00888408 0.07941522 0.07687062 0.01152930 0.02396531 0.00566373 0.01986591 0.25687908 0.01815781 0.00477753 0.01273640 0.03525391 0.03222951 0.00077540 0.00980946 0.02042631
56 0.06102518 0.03194159 0.10623296 0.15743694 0.01139080 0.04757848 0.18545793 0.05071168 0.02133599 0.01760799 0.02268799 0.05772158 0.00907531 0.00479870 0.02051899 0.10267296 0.05335508 0.00205636 0.01127750 0.02511599
57 0.08297142 0.08318672 0.02873621 0.02553521 0.01961591 0.02799101 0.03219461 0.02162091 0.01695890 0.11376503 0.08721392 0.04954371 0.03118921 0.02388911 0.03141041 0.09366163 0.11828903 0.00574383 0.01328670 0.09319653
58 0.20647017 0.02174762 0.04195303 0.07879756 0.02271322 0.02163952 0.05925125 0.25802721 0.01149101 0.01354161 0.01855262 0.02876092 0.00827761 0.00989659 0.01515531 0.10931209 0.04036153 0.00274434 0.00813848 0.02316832
59 0.04034140 0.01457460 0.01284520 0.01139580 0.01945210 0.01588220 0.01406430 0.01782080 0.03735110 0.06455619 0.08957829 0.01879120 0.03565620 0.19201098 0.01104500 0.05220519 0.05223459 0.02513820 0.21560298 0.05945369
60 0.05700116 0.00753779 0.00876445 0.00560145 0.01256139 0.00707244 0.00623532 0.02840368 0.00607094 0.28342980 0.12888391 0.00736194 0.02822208 0.02732468 0.00602184 0.02671768 0.03750137 0.00199622 0.00837508 0.30491678
61 0.04923671 0.01659350 0.01037020 0.01013730 0.01190190 0.01376380 0.01448440 0.01440210 0.01305470 0.14656204 0.32208209 0.01630610 0.07674272 0.06584922 0.01070130 0.02511421 0.02817391 0.00786913 0.02325061 0.12340403
62 0.03753653 0.00879852 0.00270297 0.00347447 0.00942854 0.00779458 0.00712850 0.00633358 0.00945034 0.17437916 0.38105234 0.00803516 0.09752409 0.05593985 0.00404759 0.01220081 0.02243962 0.00644020 0.00962705 0.13566612
63 0.04653105 0.00618512 0.00612288 0.00274358 0.01028071 0.00455532 0.00296811 0.01260271 0.00541711 0.29838335 0.15840119 0.00454315 0.03308954 0.03189144 0.00373317 0.01591092 0.03223404 0.00148304 0.00644020 0.31648337
64 0.06053377 0.02178229 0.07549656 0.22438988 0.00300640 0.05454037 0.27197585 0.04882157 0.01778939 0.01588079 0.01529469 0.05561947 0.00498782 0.00336192 0.01528809 0.05236967 0.02986708 0.00103090 0.01093959 0.01702389
65 0.11216599 0.02524770 0.02176190 0.01724930 0.04267040 0.01739180 0.01852720 0.02452890 0.01463230 0.04431050 0.07401659 0.02591880 0.03685710 0.10107799 0.01430350 0.11965699 0.16370099 0.00879427 0.05709630 0.06009150
66 0.10075002 0.02975940 0.08224221 0.05299891 0.02284360 0.05751831 0.05772251 0.06095651 0.07282041 0.02499840 0.03493481 0.03989821 0.01570240 0.03225530 0.01966460 0.08086861 0.04108381 0.00951235 0.12475102 0.03871861
67 0.23081994 0.02055629 0.02208989 0.01910480 0.03311709 0.02779789 0.02588559 0.05595209 0.01077590 0.05260559 0.09620717 0.02302779 0.02352939 0.02096899 0.02374889 0.16265796 0.07174778 0.00438026 0.01227580 0.06275088
68 0.05077730 0.02030620 0.07687650 0.22619100 0.00248934 0.05616800 0.26318901 0.06873890 0.02087570 0.01452490 0.01241340 0.05708320 0.00463609 0.00234336 0.01431620 0.05497450 0.02931060 0.00077719 0.01005320 0.01395540
69 0.05406560 0.01212540 0.01052150 0.00955486 0.01309000 0.01134370 0.01282880 0.01676470 0.00950680 0.23869501 0.18815401 0.01242270 0.04468440 0.03875020 0.01151810 0.02956110 0.03554440 0.00428120 0.01304250 0.23354501
70 0.05168920 0.03755460 0.08537240 0.21324500 0.00434877 0.04747610 0.22382100 0.04399270 0.01787430 0.01427530 0.01772570 0.07627930 0.00821202 0.00361490 0.01769210 0.05764720 0.04935050 0.00137072 0.01010370 0.01835450
71 0.05811321 0.02930681 0.01559510 0.01459360 0.01449610 0.02574031 0.02117091 0.02088231 0.01511830 0.11636003 0.23514306 0.03810631 0.08654142 0.05716231 0.01750770 0.04634221 0.05101581 0.00761615 0.02883531 0.10035303
72 0.04443296 0.00502455 0.00587273 0.00186142 0.00939612 0.00354422 0.00152505 0.01247622 0.00465376 0.31690542 0.13869618 0.00372249 0.02736754 0.02927634 0.00292617 0.01308622 0.03228814 0.00083914 0.00490687 0.34119845
73 0.17186001 0.03261280 0.04364840 0.08736521 0.01978470 0.04564570 0.14425701 0.05852870 0.01553100 0.02641450 0.03295120 0.04640920 0.01323310 0.01093750 0.03254210 0.10650401 0.05889540 0.00321042 0.01204950 0.03761950
74 0.11221406 0.04229472 0.04346102 0.03652392 0.02070711 0.03078682 0.03744302 0.03714902 0.01531581 0.05256593 0.05600943 0.04679962 0.03053942 0.02680751 0.02901871 0.14054407 0.15589608 0.00408909 0.01591131 0.06592333
75 0.06342453 0.04051082 0.04212012 0.07458853 0.01338001 0.04777782 0.13430906 0.03155041 0.01843381 0.05537632 0.16638107 0.05226652 0.03797052 0.03139061 0.02031771 0.05464792 0.03970762 0.00565248 0.01625911 0.05393502
76 0.07419852 0.08410563 0.05355882 0.11619204 0.00757621 0.06802162 0.18956806 0.04178401 0.02215011 0.01776091 0.02401091 0.11799904 0.01292900 0.00632972 0.02142871 0.06384702 0.04172221 0.00258674 0.01103740 0.02319331
77 0.24252900 0.02385500 0.02407480 0.02695600 0.03141860 0.02523570 0.03329130 0.08807280 0.01187310 0.04833350 0.05655950 0.02671270 0.02000570 0.02023960 0.03408780 0.13860100 0.06894800 0.00377040 0.01424520 0.06119030
78 0.05449984 0.01151991 0.01036331 0.00988280 0.01313591 0.01125911 0.01292131 0.01624171 0.00941128 0.23817516 0.18942713 0.01188401 0.04505143 0.03919663 0.01094431 0.02927472 0.03524272 0.00418236 0.01338721 0.23399916
79 0.04885630 0.01677140 0.01035980 0.00950633 0.01173040 0.01389480 0.01439890 0.01444310 0.01315660 0.14810100 0.32098099 0.01656550 0.07656210 0.06518280 0.01072570 0.02483840 0.02826620 0.00784259 0.02291210 0.12490500
80 0.18932790 0.02221739 0.04668097 0.03580308 0.02453239 0.02283979 0.03080108 0.26229786 0.01354349 0.01663029 0.02072799 0.02601849 0.01012989 0.01005619 0.01769609 0.15707492 0.05151057 0.00500714 0.01153879 0.02556569
81 0.06296202 0.04129331 0.07518642 0.02925861 0.05562432 0.06634862 0.02430591 0.03516361 0.11188803 0.03932991 0.05194992 0.04471231 0.01999811 0.04502741 0.02255781 0.07580762 0.04193421 0.01027350 0.11297503 0.03340331
82 0.05195868 0.01518789 0.01236100 0.01031380 0.01440749 0.05380578 0.02155849 0.01440419 0.01749549 0.16244394 0.26531789 0.02783829 0.07199767 0.03655369 0.01490779 0.03159899 0.03232119 0.00601910 0.01230170 0.12720695
83 0.12787697 0.03383589 0.04249559 0.02432479 0.02014360 0.02307630 0.02311550 0.02769959 0.00979055 0.02143840 0.01951140 0.02830079 0.02637119 0.02312860 0.01646370 0.23942695 0.24773895 0.00236457 0.00787119 0.03502549
84 0.24576096 0.02415850 0.02353900 0.02558200 0.03167969 0.02569340 0.03204269 0.08711189 0.01195170 0.04708899 0.05544159 0.02676130 0.01929720 0.02033550 0.03668359 0.14004598 0.06877649 0.00366487 0.01435520 0.06002949
85 0.04336251 0.00783640 0.00385954 0.00282608 0.00976043 0.00492096 0.00430572 0.00841428 0.00712709 0.23710303 0.27754303 0.00465195 0.06283241 0.04499441 0.00323136 0.01264610 0.02612150 0.00370684 0.00726933 0.22748703
86 0.15534392 0.02705549 0.02419469 0.01927319 0.02019639 0.02459399 0.02755399 0.02796008 0.01318579 0.08834975 0.05672407 0.03085368 0.01921609 0.01470949 0.23134088 0.08660705 0.05100507 0.00739044 0.00862970 0.06581626
87 0.08645114 0.08544444 0.05214553 0.03539002 0.00726843 0.01784161 0.02966511 0.44121322 0.01191871 0.01060851 0.02291241 0.04896162 0.00743430 0.01161461 0.00855832 0.06993403 0.02352501 0.00451637 0.00909919 0.01549741
88 0.22513195 0.01941360 0.02322469 0.01943290 0.02315639 0.02515139 0.02822969 0.04652099 0.00900858 0.02602769 0.02883689 0.02424889 0.01454200 0.01030100 0.25735994 0.10982597 0.05889959 0.00484790 0.00629676 0.03954319
89 0.11490006 0.04180542 0.04301952 0.03674422 0.02102051 0.03062032 0.03672832 0.03767912 0.01556041 0.05244393 0.05769173 0.04541772 0.03059062 0.02745401 0.02865142 0.13959808 0.15379908 0.00418076 0.01613751 0.06595724
90 0.04859160 0.01648670 0.01036530 0.00975515 0.01173290 0.01423450 0.01430270 0.01428430 0.01323800 0.14730200 0.32080900 0.01637780 0.07640580 0.06629200 0.01017750 0.02497670 0.02847850 0.00818866 0.02370690 0.12429400
91 0.05938887 0.04182988 0.10639795 0.13168493 0.01428199 0.04653578 0.17130691 0.04172148 0.01984819 0.02261889 0.07285446 0.06183937 0.01396129 0.01006089 0.02143499 0.06950586 0.04439858 0.00266481 0.01240659 0.03525828
92 0.24449505 0.02358670 0.02378210 0.02645821 0.03148011 0.02514340 0.03223971 0.08827272 0.01235370 0.04722401 0.05541601 0.02656021 0.01953680 0.02040750 0.03625231 0.13965203 0.06854091 0.00367181 0.01474350 0.06018321
93 0.06437967 0.01568702 0.01265701 0.01096581 0.01366311 0.01304451 0.01425451 0.02041792 0.00872328 0.22376723 0.15563016 0.01585232 0.03637044 0.03687164 0.01254251 0.03609344 0.04113174 0.00321078 0.01581362 0.24892326
94 0.04292373 0.17493212 0.04503813 0.07749585 0.00769582 0.07646545 0.14202810 0.02725912 0.02451732 0.01274421 0.02247922 0.19092713 0.01654781 0.00527659 0.01749331 0.04712423 0.03549092 0.00183243 0.01084691 0.02088161
95 0.03230521 0.01104690 0.00386634 0.00660355 0.01293670 0.00483682 0.00730522 0.00888699 0.02778540 0.06647151 0.22412004 0.00795196 0.05232951 0.23548404 0.00690156 0.01925490 0.02137520 0.02493740 0.16852503 0.05707571
96 0.15038899 0.02621310 0.04926960 0.04527850 0.02485720 0.02729410 0.03674680 0.15910999 0.01685680 0.02859680 0.03275840 0.03699050 0.02146470 0.01416810 0.02500220 0.13117399 0.11587099 0.00410415 0.01115210 0.04270300
97 0.18883605 0.02255541 0.04650091 0.03652101 0.02449321 0.02249221 0.03050721 0.26147106 0.01367010 0.01686150 0.02050120 0.02649131 0.01017120 0.00993190 0.01754830 0.15666804 0.05254191 0.00486826 0.01168340 0.02568581
98 0.05125120 0.02271660 0.08352720 0.23897199 0.00267828 0.05067240 0.26347199 0.04745810 0.01715310 0.01518950 0.01483170 0.05750290 0.00474215 0.00280176 0.01582410 0.05189740 0.03116190 0.00086956 0.01081830 0.01645990
99 0.04995861 0.05425232 0.08468832 0.19002805 0.00680272 0.05041751 0.17938105 0.04960881 0.02262551 0.01661880 0.02322211 0.09591923 0.01037570 0.00539001 0.02352961 0.06186112 0.04104981 0.00276789 0.01145320 0.02004961
100 0.04842578 0.01613059 0.00982337 0.00972814 0.01169279 0.01437899 0.01455609 0.01392349 0.01312289 0.14877994 0.32146486 0.01587569 0.07669667 0.06537197 0.01066100 0.02432389 0.02818079 0.00812142 0.02337269 0.12536895
101 0.15886607 0.03328131 0.04922162 0.03861622 0.02644151 0.03460562 0.04246702 0.07212073 0.01783471 0.03311561 0.03719802 0.03903692 0.01953971 0.01858991 0.03197661 0.18251308 0.09774924 0.00546266 0.01794131 0.04342212
102 0.20222018 0.01888512 0.01712102 0.01469201 0.03087893 0.01858002 0.02233872 0.04043144 0.00678023 0.09019638 0.06638276 0.01901122 0.02318462 0.02072272 0.02340452 0.12405211 0.11332210 0.00202168 0.01018811 0.13558612
103 0.11987802 0.03100691 0.04935601 0.03942731 0.01196730 0.01788560 0.03422721 0.41869608 0.01203750 0.01830910 0.02622190 0.03081131 0.00933289 0.01285540 0.01126970 0.08654002 0.02917621 0.00437562 0.01158610 0.02503980
104 0.04373678 0.01583989 0.00819487 0.00951803 0.01418669 0.00943411 0.01018109 0.01881919 0.02971158 0.07066966 0.15944592 0.01402879 0.04151588 0.21339789 0.01140509 0.03217798 0.03157468 0.02533019 0.17009391 0.07073776
105 0.10245799 0.01546510 0.01683000 0.01195470 0.03986470 0.01753340 0.01742460 0.02522900 0.00982938 0.17584599 0.12710399 0.01522690 0.03165980 0.03218720 0.01395600 0.06378520 0.05153140 0.00323057 0.01961310 0.20927099
106 0.04641636 0.00610854 0.00617318 0.00286538 0.01026139 0.00480415 0.00307325 0.01254359 0.00550509 0.29788376 0.15827087 0.00463749 0.03307277 0.03185467 0.00393290 0.01599649 0.03232367 0.00153322 0.00666149 0.31608174
107 0.10659998 0.06838579 0.03678989 0.03261789 0.01852390 0.04634959 0.04778219 0.03300899 0.02139880 0.02529600 0.03982849 0.11635498 0.02997859 0.03170059 0.02301850 0.09190368 0.11294798 0.00686208 0.06271469 0.04793739
108 0.04206159 0.00763901 0.00369386 0.00283628 0.00974001 0.00439657 0.00454739 0.00801356 0.00768244 0.23102897 0.27872497 0.00414015 0.06190329 0.05490629 0.00300676 0.01194640 0.02557610 0.00441149 0.01174290 0.22200197
109 0.03831887 0.01111049 0.00433691 0.00523456 0.01025839 0.01162119 0.00960615 0.00792928 0.01114309 0.14691087 0.38339667 0.01303009 0.10415991 0.06277505 0.00652019 0.01621729 0.02526668 0.00757814 0.01577729 0.10880891
110 0.03035100 0.32050899 0.03164840 0.01357120 0.00938785 0.07792680 0.05545770 0.00984513 0.02489160 0.00467552 0.01853320 0.27343999 0.01793020 0.00481381 0.01228290 0.03237970 0.03084920 0.00075643 0.01004020 0.02071020
111 0.06354202 0.04841762 0.05987692 0.14482505 0.00838564 0.06480292 0.21717507 0.05108252 0.02288801 0.02305331 0.03195391 0.07359662 0.01281330 0.00857119 0.02041141 0.06585442 0.03900601 0.00277244 0.01429570 0.02667591
112 0.13090490 0.02867948 0.04919606 0.03013988 0.01173479 0.01143379 0.01968059 0.48018764 0.00861450 0.00901188 0.01652039 0.02595648 0.00607967 0.00902730 0.00719583 0.10235792 0.02593788 0.00389915 0.00818008 0.01526179
113 0.02593259 0.01060060 0.00445449 0.00552325 0.01483379 0.00430095 0.00427929 0.01144540 0.04356028 0.02793929 0.10022696 0.00919352 0.02866619 0.30656188 0.00907360 0.02252999 0.01779389 0.03605319 0.28454689 0.03248399
114 0.20593200 0.02348080 0.03607030 0.02708590 0.02029090 0.01212140 0.01946950 0.38496300 0.00812450 0.01291790 0.01963600 0.02150370 0.00746134 0.00994276 0.01204510 0.11327700 0.03253980 0.00297294 0.00769456 0.02247060
115 0.15785898 0.03397000 0.04770660 0.03846220 0.02614860 0.03401170 0.04190050 0.07137379 0.01766270 0.03502220 0.03896030 0.03970080 0.01991130 0.01943620 0.03183660 0.17922798 0.09815849 0.00588610 0.01813000 0.04463500
116 0.03944870 0.01985230 0.01947830 0.01626880 0.01839810 0.02541100 0.01856790 0.02167230 0.05920981 0.03487800 0.08504981 0.02156690 0.02728010 0.20440802 0.01223270 0.03870920 0.02424900 0.02728940 0.24336702 0.04266260
117 0.04763118 0.24050989 0.03963538 0.02694509 0.01192369 0.06383207 0.05504548 0.03566638 0.02517619 0.02005709 0.03919098 0.19151491 0.02010549 0.01373309 0.02137959 0.05270928 0.04576018 0.00295185 0.01492209 0.03131009
118 0.02646168 0.01061149 0.00392921 0.00576280 0.01446779 0.00365646 0.00451965 0.01066399 0.04023718 0.03339278 0.12310593 0.00847799 0.03264698 0.29932983 0.00846137 0.02143239 0.01883129 0.03391138 0.26479485 0.03530498
119 0.04904701 0.01641200 0.01004030 0.00990668 0.01178260 0.01419340 0.01419490 0.01408650 0.01347070 0.14739602 0.32111104 0.01651600 0.07681601 0.06639721 0.01025670 0.02454370 0.02806640 0.00804228 0.02424650 0.12347402
120 0.11291799 0.01551890 0.01164770 0.01134950 0.01943230 0.01438580 0.01365310 0.05427510 0.00967478 0.18640899 0.16841699 0.01179700 0.03807340 0.02945840 0.01092350 0.05473240 0.04020140 0.00436789 0.01033490 0.18242999
121 0.04537354 0.00889903 0.00489847 0.00377972 0.01043941 0.00623730 0.00599256 0.00915286 0.00782867 0.22251218 0.28137023 0.00608775 0.06365245 0.04730914 0.00446849 0.01483821 0.02703562 0.00411266 0.00928252 0.21672918
122 0.03202029 0.28469590 0.04461008 0.01915939 0.01025600 0.07608097 0.05286358 0.01237780 0.03905699 0.00753275 0.02109909 0.25312491 0.01703559 0.00542158 0.01647779 0.03919419 0.03478529 0.00177403 0.01161150 0.02082229
123 0.05712011 0.02875901 0.01556900 0.01487020 0.01439340 0.02617511 0.02066930 0.02089280 0.01502520 0.11668703 0.23838505 0.03794391 0.08784632 0.05688581 0.01740670 0.04495731 0.04968981 0.00784667 0.02853921 0.10033802
124 0.08961477 0.03404219 0.06058598 0.09952656 0.01448839 0.04328328 0.15751694 0.03841709 0.01621579 0.02255049 0.02488859 0.05008438 0.01574669 0.00916247 0.01944669 0.14082895 0.11121696 0.00305630 0.01225380 0.03707369
125 0.08967473 0.03273911 0.06480422 0.03411051 0.00588196 0.00955909 0.01931651 0.55437418 0.00890066 0.00563138 0.01629721 0.02869371 0.00475734 0.00818089 0.00431823 0.07472522 0.01771991 0.00295818 0.00661594 0.01074100
126 0.15065322 0.02261253 0.04603327 0.04070876 0.02344773 0.03160605 0.03350265 0.08567382 0.01716672 0.02326573 0.03025774 0.03640775 0.02049353 0.01142232 0.15660623 0.10846816 0.10577415 0.00455249 0.00935268 0.04199446
127 0.05534218 0.01159580 0.01042010 0.00946258 0.01335110 0.01128330 0.01250660 0.01631519 0.00966846 0.23767192 0.18789794 0.01198280 0.04442889 0.03988849 0.01152930 0.02956099 0.03551969 0.00435339 0.01407340 0.23314792
128 0.06292666 0.01519609 0.01252939 0.01097999 0.01369749 0.01313359 0.01417739 0.01995459 0.00873582 0.22637287 0.15568991 0.01524339 0.03613998 0.03705488 0.01169179 0.03501238 0.04094898 0.00317175 0.01626319 0.25107985
129 0.06896069 0.08449618 0.05059509 0.05425049 0.01611450 0.11215098 0.09298558 0.03918589 0.04184929 0.03057839 0.04886859 0.09917808 0.02478850 0.01255740 0.03041139 0.07627439 0.04819089 0.00431899 0.02743809 0.03680659
130 0.04148489 0.25570596 0.03970919 0.02422000 0.01157720 0.09211159 0.06282589 0.01588310 0.03000950 0.01064320 0.02587750 0.21886297 0.01920510 0.00673146 0.01787550 0.04677229 0.04068219 0.00183979 0.01340400 0.02457870
131 0.06102615 0.03275912 0.08719937 0.19541215 0.00980881 0.04546443 0.17424013 0.05976515 0.02117432 0.02167972 0.02825942 0.05778864 0.01083411 0.00911103 0.02382492 0.07236095 0.04680214 0.00317292 0.01446761 0.02484892
132 0.12392011 0.02277382 0.02536282 0.02000262 0.02495742 0.02530352 0.03036573 0.03764153 0.01051041 0.11219710 0.07951437 0.02403172 0.02626612 0.02316222 0.02153322 0.13179212 0.07690777 0.00429252 0.02213572 0.15732914
133 0.04774392 0.24226408 0.03922011 0.02715671 0.01177830 0.06403462 0.05494202 0.03615541 0.02515871 0.01943381 0.03764201 0.19293907 0.01955211 0.01335130 0.02075251 0.05252282 0.04611542 0.00309966 0.01510091 0.03103651
134 0.04813678 0.01659089 0.01007570 0.00994063 0.01186589 0.01385749 0.01461489 0.01428539 0.01312989 0.14676993 0.32154086 0.01619059 0.07685637 0.06626487 0.01055330 0.02474679 0.02844129 0.00787632 0.02401119 0.12425094
135 0.12034891 0.03119078 0.04900046 0.03912897 0.01177789 0.01719569 0.03378118 0.42401469 0.01185299 0.01773819 0.02475048 0.03077508 0.00909383 0.01235629 0.01161019 0.08638954 0.02858758 0.00422860 0.01127669 0.02490198
136 0.13761494 0.03334028 0.04524668 0.02717319 0.02231199 0.02516889 0.02602659 0.03292468 0.01113879 0.02396409 0.02334879 0.03074249 0.02533939 0.02110069 0.01938439 0.22772989 0.21904490 0.00259797 0.00842410 0.03737728
137 0.06144776 0.03180543 0.08668388 0.19517318 0.00959661 0.04586174 0.17389616 0.06198216 0.02099112 0.02096222 0.02756423 0.05819765 0.01053571 0.00902978 0.02438822 0.07217397 0.04742114 0.00327742 0.01416161 0.02485002
138 0.03283359 0.01353110 0.00871571 0.00867143 0.01527100 0.01041590 0.00837934 0.01317820 0.04044459 0.04880908 0.14747395 0.01252640 0.03797159 0.24089392 0.00962434 0.02612909 0.02185829 0.02898929 0.22568393 0.04859928
139 0.15565914 0.03510453 0.04957014 0.04003563 0.02595632 0.03455893 0.04263004 0.07171156 0.01785802 0.03367503 0.03804393 0.04051254 0.01957682 0.01858612 0.03108693 0.18082716 0.09802169 0.00522453 0.01788712 0.04347384
140 0.03525159 0.26627594 0.03729099 0.01974850 0.00952142 0.07127028 0.05402159 0.01255930 0.02523749 0.01077160 0.04630889 0.24697094 0.02127210 0.00731359 0.02068440 0.03823739 0.03968549 0.00181362 0.01081070 0.02495419
141 0.05973681 0.02299280 0.04411940 0.09987511 0.01417400 0.06827371 0.19402902 0.04066700 0.02638440 0.05785891 0.04456540 0.04449190 0.01808240 0.02601700 0.01583800 0.07266031 0.03477260 0.00697640 0.06174461 0.04674020
142 0.05499601 0.01063970 0.01031710 0.00759191 0.01507370 0.02972551 0.01272740 0.01562670 0.00833730 0.24515705 0.14412103 0.01536580 0.03797351 0.02703951 0.00968297 0.03157251 0.03769911 0.00248903 0.01235310 0.27151105
143 0.06175191 0.03349841 0.07788052 0.15938604 0.00684663 0.04525151 0.15759504 0.16304004 0.02372461 0.01374070 0.01775090 0.07390822 0.00848741 0.00547572 0.01644370 0.06996222 0.03714791 0.00280178 0.00951703 0.01578970
144 0.15905097 0.03375459 0.04835339 0.03924069 0.02638719 0.03343859 0.04267449 0.07158729 0.01783480 0.03416109 0.03828059 0.03915389 0.01981060 0.01873630 0.03134619 0.18100497 0.09789878 0.00535129 0.01760930 0.04432499
145 0.06322076 0.04919854 0.06008495 0.14490813 0.00825655 0.06411076 0.21669620 0.05071215 0.02250212 0.02272862 0.03157883 0.07455317 0.01270821 0.00840891 0.02160722 0.06544836 0.03946974 0.00256405 0.01445521 0.02678752
146 0.15663187 0.04889976 0.03692977 0.04309347 0.02038358 0.10316492 0.07452154 0.04853576 0.02794038 0.02890618 0.04861666 0.06317435 0.02058078 0.01452839 0.03630287 0.10373692 0.05689125 0.00425030 0.02101798 0.04189327
147 0.04907032 0.06719642 0.11897904 0.07818023 0.01929611 0.09840794 0.08286853 0.04165302 0.05802942 0.01844771 0.03167461 0.08423663 0.01496641 0.00656923 0.02751041 0.09395603 0.05329302 0.00336190 0.02765351 0.02464951
148 0.10005206 0.02231461 0.03089982 0.02067061 0.01219401 0.03276242 0.02303771 0.02571351 0.01019001 0.02965572 0.04583173 0.04260412 0.04843513 0.01159791 0.33269219 0.06608044 0.09290155 0.00503701 0.00750701 0.03982242
149 0.06835368 0.08419248 0.05133189 0.05475108 0.01594580 0.11159497 0.09225187 0.03849839 0.04141309 0.03073629 0.04929449 0.09811247 0.02443199 0.01281190 0.03059219 0.07654848 0.04883939 0.00470889 0.02805329 0.03753739
150 0.04420342 0.01548731 0.00836401 0.00968139 0.01412941 0.00954268 0.01068071 0.01856961 0.02950382 0.07151244 0.15978609 0.01411931 0.04238032 0.21188011 0.01132151 0.03293562 0.03251252 0.02497211 0.16758909 0.07082854
151 0.24684804 0.02414190 0.02297080 0.02595810 0.03213900 0.02489550 0.03220130 0.08653511 0.01151160 0.04749041 0.05622101 0.02669650 0.01960320 0.02104680 0.03538871 0.13951102 0.06877191 0.00376175 0.01411200 0.06019531
152 0.04419222 0.01837071 0.01223540 0.01290261 0.01644311 0.01465531 0.01411271 0.01573521 0.02679261 0.06655223 0.17732607 0.02062291 0.04931552 0.17384307 0.01170120 0.03694711 0.05099362 0.02019171 0.15016406 0.06690263
153 0.05380085 0.02267682 0.07985668 0.21414322 0.00459867 0.05442665 0.25036125 0.05188815 0.01977372 0.01586392 0.01526442 0.05678666 0.00594339 0.00304875 0.01722712 0.06964667 0.03496824 0.00126979 0.01128121 0.01717382
154 0.11394196 0.02755059 0.06903168 0.17179694 0.01431459 0.03937389 0.15154995 0.07423687 0.01603259 0.02296389 0.02948519 0.04746838 0.01132490 0.01128040 0.02452059 0.08085487 0.04938688 0.00310226 0.01225570 0.02952789
155 0.12123797 0.03157249 0.04938009 0.03870549 0.01196570 0.01719700 0.03368169 0.42045088 0.01193810 0.01759180 0.02574619 0.03119349 0.00922026 0.01294470 0.01180260 0.08667118 0.02874879 0.00425332 0.01131930 0.02437899
156 0.02544029 0.01032639 0.00426103 0.00523271 0.01482799 0.00409848 0.00396686 0.01111559 0.04481758 0.02655329 0.09626025 0.00903547 0.02770719 0.30866285 0.00904494 0.02214419 0.01689219 0.03580988 0.29252286 0.03127998
157 0.05346922 0.06751923 0.08781914 0.20967309 0.00853926 0.04297542 0.17033007 0.04828102 0.02074141 0.01797201 0.02397051 0.06645013 0.00900890 0.00589331 0.02235881 0.06465583 0.04590942 0.00228081 0.01233991 0.01981251
158 0.04853017 0.01694599 0.01004579 0.00960890 0.01187859 0.01428809 0.01437959 0.01447239 0.01353149 0.14746790 0.31657278 0.01634179 0.07550685 0.06705485 0.01075879 0.02468228 0.02870098 0.00802339 0.02548948 0.12571991
159 0.04200972 0.02660021 0.01236331 0.01295961 0.01339831 0.01720641 0.01607321 0.01486241 0.02337201 0.07038074 0.22025311 0.04312052 0.05836103 0.16068108 0.01473611 0.03067682 0.03396902 0.01830071 0.10862205 0.06205363
160 0.04551742 0.00990976 0.00508312 0.00458046 0.01058520 0.00722899 0.00736115 0.00912102 0.00846621 0.20668908 0.29903312 0.00747048 0.06844523 0.05070642 0.00536945 0.01635181 0.02689961 0.00474116 0.01069120 0.19574908
161 0.04796940 0.24153400 0.03897250 0.02668260 0.01187000 0.06366950 0.05532090 0.03653290 0.02536310 0.01985010 0.03887210 0.19095700 0.01999190 0.01399090 0.02107750 0.05243310 0.04540800 0.00298230 0.01529330 0.03122890
162 0.04564188 0.00991807 0.00528109 0.00472380 0.01080970 0.00729521 0.00743042 0.00919689 0.00858344 0.20483492 0.30054389 0.00737573 0.06920057 0.05081828 0.00536609 0.01643559 0.02690299 0.00493143 0.01088310 0.19382693
163 0.04823581 0.01693000 0.01030420 0.01023510 0.01171500 0.01397190 0.01395280 0.01443490 0.01324410 0.14714004 0.32006209 0.01630780 0.07656992 0.06652202 0.01042020 0.02454881 0.02882871 0.00797981 0.02439871 0.12419804
164 0.04403019 0.00861997 0.00457980 0.00426717 0.01205490 0.00642921 0.00597810 0.01003720 0.01077110 0.20706795 0.25175593 0.00594872 0.06014248 0.06996328 0.00437021 0.01978719 0.02811469 0.00703828 0.03947269 0.19957095
165 0.04729007 0.00802071 0.00559934 0.00358587 0.01046019 0.00597254 0.00496758 0.01099279 0.00670241 0.25483586 0.22153988 0.00571211 0.04857527 0.04076328 0.00421802 0.01554819 0.02993988 0.00286081 0.00872735 0.26368786
166 0.02555892 0.01051971 0.00494814 0.00516888 0.01504831 0.00502979 0.00402655 0.01112061 0.04683623 0.02640892 0.09410136 0.00924761 0.02729222 0.30358921 0.00909117 0.02247062 0.01667081 0.03588312 0.29579520 0.03119262
167 0.08057838 0.01509380 0.01392060 0.01120000 0.04296179 0.01575340 0.01343090 0.02092409 0.01272170 0.21048994 0.15176496 0.01339750 0.03894969 0.03320599 0.01287950 0.05761848 0.04333679 0.00473837 0.01756320 0.18947095
168 0.04797137 0.24168683 0.03920747 0.02711568 0.01177229 0.06346636 0.05498066 0.03484148 0.02564758 0.01981119 0.03802077 0.19207587 0.01983139 0.01404219 0.02189998 0.05197886 0.04553987 0.00313579 0.01591669 0.03105768
169 0.02620190 0.01049540 0.00374880 0.00570589 0.01439610 0.00345111 0.00454231 0.01044250 0.03993030 0.03352590 0.12408599 0.00840895 0.03290700 0.30072398 0.00835272 0.02102440 0.01865540 0.03412360 0.26423598 0.03504180
170 0.06966428 0.13144615 0.04075535 0.03022943 0.01176701 0.04448845 0.04075765 0.02040712 0.02384283 0.03332334 0.03652704 0.10506612 0.01555642 0.01199181 0.21547624 0.06740118 0.04876735 0.00673539 0.01306221 0.03273464
171 0.04421848 0.01600349 0.00852044 0.00965990 0.01424930 0.00959820 0.01037340 0.01819299 0.02983919 0.07205438 0.15799695 0.01449220 0.04173919 0.21098393 0.01141140 0.03287429 0.03226699 0.02484699 0.16878194 0.07189638
172 0.04794908 0.24248792 0.03968309 0.02749029 0.01180610 0.06421188 0.05590328 0.03559949 0.02518189 0.01911319 0.03762879 0.19296594 0.01961389 0.01310300 0.02107469 0.05264098 0.04527829 0.00309902 0.01486890 0.03030029
173 0.13083900 0.02537080 0.03945240 0.02893370 0.01786810 0.03185790 0.03019460 0.03087070 0.01478170 0.02748160 0.02632900 0.03612740 0.01392180 0.00901259 0.29504601 0.13833600 0.05625690 0.00946904 0.00814714 0.02970360
174 0.12136497 0.03300119 0.02629439 0.01565050 0.01753150 0.01766130 0.01786370 0.02131459 0.00902803 0.02426739 0.03257359 0.02566709 0.03348959 0.06497238 0.01317440 0.21456495 0.24381294 0.00458141 0.02378449 0.03940159
175 0.04531378 0.00536000 0.00600725 0.00222942 0.00979254 0.00400914 0.00214927 0.01254150 0.00497061 0.30991189 0.14452995 0.00396833 0.02903969 0.03043609 0.00337086 0.01442589 0.03256509 0.00111677 0.00578908 0.33247288
176 0.05334399 0.05584239 0.04458469 0.11214599 0.00760180 0.11562998 0.22753597 0.04907839 0.03258550 0.02282590 0.02410980 0.08831939 0.01384280 0.00531711 0.01735140 0.06036569 0.03036160 0.00204202 0.01532020 0.02179540
177 0.11033406 0.03302332 0.03821042 0.03157552 0.01401361 0.03216242 0.03529642 0.02708031 0.01547311 0.03278422 0.04035932 0.04624453 0.01877201 0.01493271 0.31689917 0.08032404 0.05421913 0.00748795 0.01288281 0.03792492
178 0.04840360 0.01538070 0.01540860 0.00941804 0.01259320 0.01847690 0.01195470 0.01659420 0.00943412 0.24685099 0.14564299 0.03741670 0.04135020 0.02728760 0.01440920 0.02991880 0.04036760 0.00367618 0.01002370 0.24539199
179 0.05315955 0.00672756 0.00586758 0.00297998 0.01165169 0.00447943 0.00273136 0.01311069 0.00517135 0.29968373 0.14871187 0.00404919 0.03010287 0.02940067 0.00377515 0.01860418 0.03323957 0.00118170 0.00577216 0.31959972
