1 0.35048000 0.00884350 0.00854405 0.01932200 0.05182620 0.01456730 0.01214350 0.09208730 0.00357013 0.02800150 0.03451310 0.00606432 0.00949946 0.00565354 0.02421820 0.19176100 0.07237380 0.00110130 0.00570819 0.05972160
2 0.14993812 0.03616393 0.09848658 0.04160843 0.06106475 0.04350183 0.03125273 0.05769515 0.02647072 0.02274062 0.04407174 0.04580814 0.01613221 0.01264601 0.02507892 0.14207611 0.08256427 0.00532780 0.01658481 0.04078713
3 0.28139196 0.01535640 0.02087920 0.02290920 0.03376560 0.02014820 0.02203730 0.08919189 0.00794041 0.02718030 0.03260240 0.01698170 0.01138700 0.01025770 0.03076200 0.20538197 0.09497689 0.00221497 0.00788136 0.04675359
4 0.06863307 0.01477049 0.01060420 0.00921626 0.01579059 0.01235570 0.01542009 0.01849949 0.00755363 0.22710191 0.15945094 0.01469429 0.03429679 0.03429579 0.00986846 0.03290129 0.04139138 0.00362404 0.01485369 0.25467790
5 0.06303284 0.00985875 0.00539369 0.00278179 0.01157149 0.00734486 0.00696942 0.01097399 0.00579913 0.22111779 0.25497576 0.00648973 0.05905115 0.04446836 0.00788061 0.02334628 0.03489637 0.00283768 0.01030349 0.21090680
6 0.08246776 0.04482398 0.03345718 0.02706759 0.02077159 0.08082226 0.06211087 0.02375019 0.02282249 0.06989367 0.06024797 0.06112807 0.03104459 0.01497889 0.02432919 0.08116586 0.11397995 0.00435957 0.02567039 0.11510795
7 0.15509393 0.03230968 0.04718038 0.03994088 0.02498479 0.03415938 0.04202518 0.07400436 0.01765669 0.03149918 0.04230628 0.04079508 0.01857509 0.01788099 0.03479868 0.18287091 0.09961495 0.00515668 0.01657959 0.04256728
8 0.04806950 0.17458301 0.05094700 0.04046920 0.01188720 0.06524780 0.07059250 0.03586870 0.02763090 0.02358660 0.03573910 0.20478901 0.02199010 0.01119020 0.02177710 0.06080480 0.04866400 0.00415794 0.01254010 0.02946520
9 0.05778148 0.05801798 0.05337358 0.13108295 0.00613424 0.07282247 0.21511392 0.04970348 0.05512008 0.02130809 0.02406079 0.07649467 0.01065520 0.00845185 0.01961009 0.05532988 0.04376418 0.00223146 0.01614819 0.02279539
10 0.14611810 0.01908021 0.04936663 0.02487722 0.02102791 0.02376752 0.02602242 0.03679872 0.01341311 0.02481652 0.02977152 0.03076012 0.01626411 0.01603541 0.02565512 0.24584316 0.20318513 0.00263027 0.00790838 0.03665842
11 0.08423385 0.12960608 0.05330833 0.03705142 0.01836851 0.05285893 0.04943353 0.05604383 0.02447492 0.02212921 0.02893832 0.09560686 0.01864361 0.01462261 0.03818582 0.15661210 0.07129034 0.00638138 0.01539961 0.02681072
12 0.04473368 0.00997465 0.00491528 0.00157516 0.00926088 0.00617274 0.00609506 0.00725326 0.00594358 0.22767492 0.27732790 0.00619761 0.06498438 0.04977208 0.00561515 0.01444749 0.03151159 0.00300410 0.01108660 0.21245392
13 0.06428264 0.03846002 0.12156907 0.07881254 0.01787661 0.03273152 0.05991573 0.15552109 0.02458571 0.01452331 0.02889012 0.05971383 0.01456271 0.01464211 0.02441401 0.11541707 0.09835846 0.00456737 0.00761376 0.02354231
14 0.04147311 0.01184100 0.00482839 0.00136692 0.00773952 0.00577759 0.00538019 0.00644061 0.00688501 0.19917704 0.32590407 0.00680656 0.07908082 0.05996751 0.00617822 0.01414420 0.03007911 0.00328247 0.01244360 0.17120404
15 0.03829320 0.02039690 0.01107850 0.01066400 0.01462500 0.01821970 0.01362610 0.01501850 0.02779810 0.08933859 0.16659899 0.01786450 0.07163609 0.15130099 0.00985848 0.03553510 0.04125770 0.02674510 0.14863099 0.07151349
16 0.03429642 0.01316621 0.00697399 0.00536245 0.01172421 0.00990270 0.00620258 0.00875878 0.02248032 0.10257907 0.26069618 0.00870648 0.06601015 0.15876011 0.00626376 0.02040221 0.02600982 0.02480942 0.12640909 0.08048606
17 0.07289399 0.06132759 0.02863049 0.04107689 0.00956247 0.05984529 0.06960589 0.03373039 0.01999730 0.02545069 0.03819999 0.10120998 0.01872070 0.00995677 0.22944495 0.08295098 0.05521949 0.00797345 0.00892421 0.02527849
18 0.05391101 0.03171811 0.01702420 0.01480770 0.01200640 0.02268511 0.02218841 0.02809611 0.01355480 0.12213703 0.23537505 0.03532971 0.08754482 0.05779651 0.02037740 0.04432361 0.04907701 0.00645487 0.02551311 0.10007902
19 0.20157803 0.02942811 0.03067751 0.09384302 0.02697790 0.02914160 0.04671391 0.07331711 0.01781530 0.02000430 0.04104271 0.03002601 0.01924230 0.05713891 0.03494171 0.11187702 0.06569311 0.00567003 0.02160860 0.04326281
20 0.06396980 0.05068330 0.05640960 0.14703700 0.00723018 0.06549000 0.20385200 0.04875430 0.02600280 0.02579390 0.02784170 0.07466520 0.01339830 0.00817717 0.02408510 0.06556890 0.04812450 0.00246583 0.01269390 0.02775650
21 0.07160805 0.03086278 0.08702444 0.18132588 0.01467899 0.04185047 0.13903891 0.04806817 0.01957149 0.01983949 0.02554848 0.05193597 0.01493709 0.00937340 0.02596498 0.09104314 0.08661304 0.00288283 0.01022329 0.02760908
22 0.06263475 0.03533047 0.08340664 0.21480684 0.00996498 0.04554087 0.17684987 0.05611546 0.02172538 0.01986539 0.02125048 0.05286916 0.01103599 0.01012539 0.02262088 0.07325805 0.04404497 0.00282166 0.01332709 0.02240568
23 0.03111810 0.31459703 0.04416380 0.01616920 0.00887320 0.06598901 0.03927920 0.01821930 0.03240480 0.01520540 0.02182540 0.26271502 0.01634970 0.00623864 0.00767107 0.03696200 0.02543040 0.00156801 0.01139310 0.02382760
24 0.08032814 0.02929138 0.02821238 0.03495057 0.01849659 0.02629928 0.02873268 0.15275088 0.03403017 0.02722788 0.05521696 0.02409138 0.01886668 0.11275991 0.01516769 0.08017864 0.02894078 0.02980778 0.14076489 0.03388537
25 0.16915412 0.01613571 0.01382481 0.01575121 0.02482862 0.01915311 0.01740761 0.04466023 0.01022851 0.10512607 0.17593412 0.01571101 0.04179473 0.03517822 0.02438092 0.08765266 0.05434164 0.00368722 0.01466741 0.11038208
26 0.04776911 0.17491905 0.04735921 0.02765821 0.01385960 0.05867412 0.04939151 0.03638311 0.02654571 0.02315731 0.03601481 0.18217505 0.02383581 0.03907491 0.02210311 0.06078662 0.07772632 0.00456843 0.01364090 0.03435711
27 0.05578581 0.11245803 0.04204141 0.08396112 0.00598886 0.07211582 0.16191204 0.03482921 0.02733021 0.01987091 0.02345351 0.16777104 0.01544340 0.00737131 0.02439971 0.06200442 0.04956411 0.00261091 0.00956806 0.02152011
28 0.24157586 0.02404239 0.01978349 0.02890638 0.03000348 0.02467779 0.03332718 0.09422965 0.01108279 0.04960657 0.05837007 0.02519509 0.01765209 0.01645109 0.03430658 0.13901492 0.06770646 0.00326108 0.01284979 0.06795726
29 0.04915005 0.01825508 0.01133609 0.00696911 0.01013419 0.01389259 0.01177209 0.01403659 0.01216159 0.15137086 0.30999971 0.01561189 0.07623303 0.07072083 0.01169209 0.02659238 0.03398157 0.00582991 0.02423048 0.12602988
30 0.05035893 0.01861371 0.01681731 0.01305251 0.01420681 0.01312991 0.01134691 0.07484394 0.02017491 0.08142585 0.20291212 0.01547701 0.05236133 0.14530609 0.01041051 0.03830952 0.02975232 0.02225701 0.09541056 0.07383274
31 0.08656346 0.03648968 0.03100649 0.08044366 0.00879199 0.03922488 0.06235347 0.02890469 0.01635829 0.02257549 0.03507248 0.04169278 0.01982369 0.00982401 0.31138486 0.07846806 0.05146748 0.00473411 0.00734025 0.02748019
32 0.19788314 0.02353532 0.03680973 0.03286522 0.02408492 0.01858351 0.02673152 0.23406217 0.01017651 0.01803101 0.02490252 0.02285382 0.01221611 0.01170451 0.02403272 0.17694313 0.05663284 0.00521758 0.01092081 0.03181292
33 0.10790695 0.08563546 0.03333239 0.02988099 0.01808829 0.04814068 0.05511748 0.03370929 0.02015809 0.04552408 0.05907557 0.13522394 0.02790669 0.01628219 0.02828369 0.07699847 0.06791187 0.00528114 0.01394649 0.09159626
34 0.06059040 0.00525038 0.00550665 0.00271039 0.01442070 0.00625041 0.00834379 0.01577630 0.00313650 0.28903201 0.14986400 0.00395115 0.02834210 0.02405360 0.00406520 0.02029160 0.03614750 0.00225852 0.00623878 0.31377001
35 0.15531900 0.03322910 0.04713360 0.04034500 0.02529330 0.03432320 0.04161880 0.07441310 0.01763220 0.03170020 0.04252140 0.04108030 0.01851140 0.01755260 0.03473490 0.18198299 0.09827250 0.00499213 0.01631310 0.04303120
36 0.05037091 0.14394802 0.10684401 0.05062861 0.02029920 0.05349091 0.04750511 0.04950271 0.03175960 0.01627450 0.02390280 0.11631302 0.01472180 0.01352110 0.02607820 0.12480802 0.06497301 0.00516486 0.01843670 0.02145690
37 0.27931011 0.01397671 0.02168161 0.02062911 0.03251171 0.01899341 0.01928721 0.08319753 0.00760036 0.02591891 0.03060041 0.01554421 0.01091940 0.01051130 0.02896571 0.22173409 0.10481604 0.00211298 0.00717007 0.04451912
38 0.06216747 0.03529199 0.08319187 0.21447991 0.01009600 0.04559318 0.17756093 0.05588348 0.02207379 0.01994789 0.02115309 0.05277788 0.01095360 0.00992033 0.02275539 0.07354697 0.04384448 0.00268968 0.01350999 0.02256209
39 0.11507205 0.09682884 0.04071952 0.04351992 0.01530061 0.05949522 0.08123043 0.05299372 0.02313381 0.02390921 0.03743972 0.14299406 0.01866171 0.01153800 0.03618501 0.08888494 0.06376783 0.00481709 0.01138100 0.03212731
40 0.15539599 0.03253120 0.04737510 0.04104570 0.02522650 0.03419330 0.04234520 0.07439689 0.01725710 0.03110330 0.04225670 0.04046620 0.01865790 0.01763960 0.03530940 0.18177099 0.09903169 0.00500998 0.01624460 0.04274270
41 0.33532114 0.01146030 0.01183351 0.01908011 0.03866342 0.01615901 0.01606091 0.09927354 0.00504369 0.02764461 0.03173051 0.01009810 0.00940974 0.00728250 0.02867011 0.19701908 0.07652163 0.00155925 0.00650469 0.05066412
42 0.30965497 0.01404160 0.01589840 0.02158590 0.03657410 0.01858330 0.02025330 0.09547369 0.00652936 0.02773460 0.03314490 0.01426250 0.01063200 0.00860448 0.03038310 0.19503698 0.08248629 0.00191663 0.00733374 0.04987019
43 0.21285894 0.02105059 0.01843859 0.02842389 0.05962768 0.02610269 0.02199109 0.06397508 0.01069900 0.05237478 0.08282608 0.02181069 0.04748629 0.02262859 0.02404459 0.12591096 0.06666048 0.00413580 0.01591080 0.07304338
44 0.10153310 0.01769732 0.01954932 0.01682602 0.02005902 0.01976152 0.02612643 0.02397682 0.01025521 0.14358015 0.11124111 0.02402652 0.03559944 0.02339292 0.01601632 0.08344539 0.10830011 0.00385758 0.01710752 0.17764818
45 0.05227632 0.00459646 0.00481784 0.00130269 0.01353680 0.00535545 0.00696745 0.00864330 0.00267170 0.29768210 0.16287705 0.00316072 0.02795391 0.02685561 0.00323782 0.01319690 0.03227041 0.00163987 0.00539347 0.32556411
46 0.06226881 0.03519971 0.08331032 0.21434805 0.00995482 0.04609101 0.17759604 0.05594371 0.02206341 0.01989060 0.02136020 0.05287301 0.01085750 0.01003600 0.02250481 0.07344222 0.04395321 0.00270325 0.01346670 0.02213661
47 0.03590600 0.27576196 0.04732489 0.02036700 0.00958525 0.06665419 0.04756229 0.02081370 0.02950550 0.01536150 0.02161530 0.25082197 0.01665510 0.00694653 0.01211150 0.05474669 0.03206940 0.00259325 0.01043240 0.02316560
48 0.09965416 0.03240372 0.03893472 0.03127092 0.02419632 0.03616422 0.03378782 0.04969733 0.01545591 0.05541673 0.08341195 0.04307483 0.06663604 0.02512392 0.03178902 0.16077510 0.09422096 0.00601178 0.01836411 0.05361043
49 0.05856886 0.05768146 0.03677208 0.02270499 0.05357706 0.05037337 0.02309158 0.02679888 0.01852939 0.05684256 0.19551687 0.10380893 0.05036337 0.04015817 0.01778929 0.05895056 0.04931977 0.00696816 0.02171699 0.05046767
50 0.06211409 0.05504119 0.03822339 0.02581759 0.01317730 0.05538309 0.05498149 0.02258200 0.01962670 0.07990118 0.06158379 0.13113897 0.04235399 0.01369570 0.02744999 0.08338608 0.13959497 0.00611190 0.01677690 0.05105969
51 0.15448599 0.03280330 0.04727340 0.04067190 0.02495280 0.03409370 0.04250400 0.07365530 0.01756480 0.03132690 0.04272490 0.04130210 0.01864170 0.01777470 0.03493090 0.18215999 0.09901480 0.00511845 0.01661650 0.04238390
52 0.02843920 0.33527095 0.04384289 0.01199810 0.00837238 0.06499599 0.03274870 0.01503830 0.03273130 0.01400230 0.02054620 0.27575396 0.01583740 0.00535306 0.00425430 0.03317850 0.02205780 0.00113110 0.01110670 0.02334090
53 0.05685845 0.01386091 0.00915671 0.00816405 0.01258101 0.01223321 0.01480851 0.01287181 0.00800463 0.23474622 0.19342518 0.01242431 0.04520634 0.03790774 0.01040011 0.02648082 0.03877414 0.00381741 0.01497921 0.23329922
54 0.06072793 0.01944511 0.01722551 0.01426571 0.01463351 0.02434431 0.01795531 0.02071761 0.01276421 0.11498106 0.25863013 0.02352851 0.09158894 0.05363623 0.01710531 0.06981553 0.05532843 0.00581861 0.02005271 0.08743534
55 0.04407080 0.21980300 0.03635650 0.04522920 0.00606296 0.07446280 0.10705500 0.02507750 0.03177420 0.01791510 0.02186750 0.21704000 0.01556090 0.00684902 0.01686680 0.04729680 0.03409960 0.00168925 0.00939848 0.02152460
56 0.05426611 0.03437031 0.10830802 0.17825203 0.01060410 0.04819271 0.17410903 0.05443081 0.02274350 0.01656590 0.02062260 0.05869831 0.01040730 0.00675379 0.01510420 0.10089002 0.05436601 0.00224998 0.00938877 0.01967650
57 0.04872128 0.01493099 0.00877339 0.00672840 0.00848058 0.01645009 0.01378239 0.01194779 0.00936916 0.18664491 0.21852490 0.01838339 0.09346506 0.03675998 0.01221519 0.04407988 0.08205186 0.00517963 0.02417119 0.13933994
58 0.12163104 0.04168581 0.05750482 0.13599004 0.01493200 0.05361312 0.13150104 0.05919812 0.05185512 0.01875731 0.03200431 0.04937842 0.01254430 0.01469700 0.02882101 0.07812033 0.05042952 0.00314257 0.01814301 0.02605111
59 0.04071441 0.01782881 0.01595650 0.01029260 0.01507450 0.02528361 0.02260541 0.01226270 0.04399141 0.11093003 0.08248442 0.01340030 0.04437911 0.12024404 0.01008570 0.04940041 0.08195412 0.02629511 0.17793105 0.07888572
60 0.07173899 0.00504235 0.00497723 0.00257877 0.01552990 0.00605308 0.00748886 0.01279770 0.00278115 0.27918196 0.15693898 0.00341459 0.02798570 0.02529630 0.00515897 0.02368700 0.03614590 0.00172132 0.00564931 0.30583196
61 0.04912953 0.01796471 0.01159241 0.00705788 0.01024421 0.01403301 0.01177971 0.01370851 0.01229591 0.15193811 0.30860022 0.01559611 0.07585755 0.07017045 0.01119721 0.02701952 0.03432912 0.00590232 0.02432642 0.12725709
62 0.03958060 0.05985200 0.02032670 0.01350560 0.00969192 0.04827250 0.03095280 0.01844720 0.01512010 0.11576000 0.18111901 0.11465300 0.09266880 0.03278820 0.01657790 0.03954540 0.05573030 0.00465284 0.01514930 0.07560580
63 0.05205808 0.00480934 0.00477474 0.00137328 0.01324500 0.00541324 0.00686107 0.00871274 0.00281006 0.29509290 0.16787994 0.00320729 0.03012869 0.02741999 0.00323693 0.01342160 0.03268439 0.00173252 0.00574334 0.31939489
64 0.06048021 0.03472531 0.07309391 0.22646104 0.00375361 0.05607071 0.24576804 0.04756731 0.02403040 0.01693200 0.01387980 0.05571171 0.00703931 0.00479757 0.01367890 0.05534871 0.03501521 0.00083904 0.00905552 0.01575170
65 0.08830560 0.03009710 0.08107570 0.03080680 0.05850630 0.04584930 0.02572560 0.03511490 0.06497060 0.02624450 0.04046160 0.03619800 0.01993510 0.01615060 0.02360110 0.17570901 0.13744301 0.00488605 0.02533080 0.03358830
66 0.20008602 0.02407490 0.02409640 0.02731060 0.02834570 0.03258940 0.02940190 0.08517691 0.02544930 0.03364350 0.04327510 0.02274780 0.01756800 0.03829140 0.02395140 0.15538402 0.06208921 0.01061270 0.07093891 0.04496680
67 0.12721494 0.06149517 0.04899878 0.04052358 0.01808319 0.05114617 0.07045376 0.05165057 0.01832699 0.02024839 0.03121418 0.11457694 0.01647399 0.01135499 0.03792048 0.14930492 0.08604126 0.00541761 0.01011969 0.02943438
68 0.04686509 0.03633479 0.08052828 0.24536395 0.00304706 0.05078439 0.23839895 0.05034949 0.02282439 0.01721050 0.01124380 0.06426389 0.00592703 0.00451633 0.01202370 0.05597029 0.03179369 0.00072736 0.00842744 0.01339960
69 0.04963231 0.11541902 0.02626751 0.01881600 0.01216130 0.04079001 0.03586001 0.01986860 0.02589731 0.11746502 0.14910903 0.08699292 0.04647881 0.03197251 0.02244570 0.04269921 0.04259241 0.00470069 0.01974510 0.09108652
70 0.06648630 0.03150350 0.06141870 0.15454400 0.01060570 0.06282720 0.18535200 0.03750000 0.02201780 0.01974900 0.05245250 0.05490930 0.02056400 0.00755269 0.02054510 0.07129110 0.07999640 0.00220272 0.01139050 0.02709150
71 0.04253481 0.01473100 0.00634489 0.00394876 0.00768879 0.01028900 0.00878282 0.00927477 0.00829717 0.18679803 0.29585805 0.01307530 0.09256512 0.05443051 0.00934887 0.02382180 0.04322181 0.00431676 0.01795970 0.14671202
72 0.05161591 0.00304751 0.00438291 0.00067509 0.01398010 0.00463885 0.00619501 0.00820911 0.00181870 0.31338006 0.14915203 0.00182731 0.02206730 0.02340380 0.00219724 0.01070890 0.03065281 0.00123112 0.00335515 0.34746107
73 0.17577781 0.03627526 0.03342996 0.07940831 0.01984448 0.05294824 0.13669785 0.06499243 0.01910288 0.02422327 0.03157507 0.05344054 0.01348139 0.00786244 0.03468536 0.10380689 0.06102983 0.00294974 0.01037189 0.03809636
74 0.11045698 0.03290489 0.04346099 0.03422929 0.01929100 0.03285319 0.04364259 0.03669529 0.01775620 0.05860359 0.06929139 0.04657759 0.02795550 0.02270460 0.03114299 0.13753198 0.14681098 0.00451827 0.01632790 0.06724479
75 0.07266683 0.04116512 0.04902782 0.10655304 0.00936463 0.06688983 0.18881707 0.03679321 0.02429681 0.02660031 0.03112411 0.07577173 0.01696741 0.00864774 0.02522931 0.07852973 0.09076084 0.00310744 0.01357111 0.03411591
76 0.08081949 0.07411469 0.03750330 0.09004309 0.00606448 0.07507849 0.18698498 0.03719980 0.02631290 0.01918950 0.02285030 0.13368299 0.01279130 0.00703962 0.03148070 0.06989589 0.05529249 0.00313076 0.00956954 0.02095570
77 0.24172405 0.02386690 0.01988830 0.02874661 0.03014791 0.02461440 0.03270781 0.09341202 0.01122230 0.05013661 0.05955001 0.02472000 0.01778180 0.01646160 0.03452451 0.13888703 0.06723191 0.00318441 0.01281900 0.06837281
78 0.05704295 0.01388011 0.00922120 0.00823588 0.01268021 0.01199201 0.01431421 0.01294981 0.00811577 0.23447220 0.19233117 0.01253821 0.04509474 0.03794663 0.01093371 0.02695202 0.03930163 0.00396191 0.01520941 0.23282620
79 0.04918083 0.01850211 0.01161951 0.00698640 0.01011401 0.01387581 0.01165671 0.01418201 0.01240901 0.15136210 0.30833921 0.01577771 0.07600935 0.07049555 0.01167481 0.02662672 0.03401302 0.00600112 0.02471592 0.12645809
80 0.19309904 0.02412771 0.03765171 0.03361821 0.02333241 0.01845790 0.02855301 0.25598006 0.01051800 0.01731080 0.02491901 0.02405291 0.01237050 0.01178480 0.02322671 0.16230304 0.05182241 0.00498738 0.01078820 0.03109621
81 0.09275585 0.05463113 0.05986783 0.03494482 0.07864055 0.10339806 0.03699312 0.04032722 0.04097882 0.03043102 0.05148113 0.06204634 0.02198031 0.01775451 0.02587842 0.10460406 0.05734303 0.00670582 0.03670282 0.04253512
82 0.04909483 0.01062611 0.00638587 0.00294928 0.00933361 0.00897591 0.00849479 0.00917714 0.00675105 0.21687613 0.25897116 0.00891677 0.06913314 0.04378633 0.00789420 0.02311011 0.04712233 0.00347251 0.01399861 0.19493012
83 0.12858595 0.01697539 0.04781978 0.02032839 0.01677269 0.02016559 0.02277669 0.02768869 0.01355539 0.02296929 0.02721179 0.02839119 0.01614779 0.01739359 0.02197309 0.25703889 0.25122390 0.00217075 0.00704876 0.03376239
84 0.24281893 0.02406749 0.01988219 0.02872159 0.03052869 0.02452789 0.03282109 0.09310617 0.01108440 0.04965589 0.05846918 0.02507819 0.01741119 0.01619860 0.03388529 0.13988396 0.06763958 0.00321650 0.01275280 0.06825038
85 0.04386002 0.00887321 0.00421734 0.00070556 0.00893370 0.00423559 0.00490667 0.00645585 0.00490970 0.23468810 0.28063413 0.00429727 0.06408443 0.04848132 0.00429029 0.01181981 0.02971651 0.00236733 0.00861204 0.22391110
86 0.17777000 0.02375440 0.01503850 0.02171440 0.01843690 0.02918730 0.02532840 0.03761510 0.01086460 0.07451710 0.06715700 0.02210690 0.02501060 0.01151170 0.19801800 0.10631700 0.06418060 0.00451210 0.00859420 0.05836520
87 0.18055707 0.03696261 0.03294471 0.03134321 0.02288491 0.02458401 0.02883891 0.16431506 0.01119130 0.02022401 0.02736871 0.03176191 0.01320570 0.01357371 0.09287383 0.16064206 0.05731072 0.00863203 0.01024820 0.03053731
88 0.22856124 0.02366462 0.01752972 0.02742863 0.02288152 0.02934373 0.03112803 0.05840366 0.00964313 0.02957683 0.03887904 0.02353262 0.01672802 0.00848785 0.18750920 0.12872713 0.06557087 0.00395695 0.00659926 0.04184794
89 0.11018903 0.03321271 0.04381051 0.03430941 0.01900331 0.03300371 0.04376831 0.03653751 0.01794200 0.05891452 0.06803982 0.04690711 0.02810471 0.02228401 0.03101041 0.13811604 0.14734304 0.00435573 0.01613860 0.06700952
90 0.04927610 0.01801650 0.01129000 0.00705842 0.01018800 0.01346460 0.01160950 0.01388220 0.01213210 0.15241500 0.30932399 0.01509200 0.07614370 0.07056200 0.01135330 0.02643970 0.03395820 0.00591110 0.02448860 0.12739500
91 0.09668633 0.03809771 0.05345782 0.09059903 0.01577891 0.05502252 0.13923405 0.05124962 0.01903881 0.02029711 0.02703871 0.06372312 0.01605911 0.00906623 0.03252621 0.15143605 0.07616763 0.00428523 0.01210260 0.02813321
92 0.28472987 0.01747419 0.01716299 0.02064739 0.02961169 0.01266439 0.01983799 0.25523688 0.00707183 0.02009679 0.02561029 0.01248629 0.00974595 0.00753027 0.02096629 0.14696393 0.04491628 0.00240987 0.00730444 0.03753238
93 0.06927418 0.01489700 0.01095940 0.00946588 0.01592100 0.01256120 0.01540290 0.01840680 0.00743829 0.22700394 0.15835396 0.01468350 0.03393459 0.03416249 0.00986417 0.03310119 0.04167879 0.00355901 0.01489580 0.25443594
94 0.05372660 0.12729401 0.03969850 0.07116881 0.00617680 0.07208191 0.15009401 0.03208030 0.02774720 0.01973760 0.02333830 0.18666201 0.01632130 0.00735385 0.02262700 0.05992610 0.04951400 0.00267716 0.00938881 0.02238570
95 0.02887923 0.00968444 0.00469008 0.00423235 0.01241891 0.00631993 0.00365628 0.00726734 0.02276902 0.08162168 0.24603223 0.00575893 0.05875416 0.21265820 0.00399854 0.01662982 0.01950502 0.03223243 0.15462815 0.06826326
96 0.15495687 0.03207947 0.04311536 0.04253306 0.02520848 0.02517498 0.04198956 0.14459588 0.01710949 0.02809158 0.03726777 0.03767557 0.01777668 0.01550089 0.02943067 0.13615988 0.11409590 0.00466215 0.01003729 0.04253846
97 0.28114899 0.01547480 0.02081150 0.02260940 0.03373130 0.02034470 0.02220270 0.08879310 0.00805912 0.02702660 0.03264820 0.01706240 0.01139260 0.01028260 0.03068710 0.20549899 0.09504410 0.00233865 0.00806648 0.04677670
98 0.07009563 0.03567742 0.05758333 0.15083107 0.01977781 0.04775632 0.10923905 0.04729782 0.01914301 0.02827081 0.04724492 0.05259813 0.05364443 0.01847431 0.03681642 0.08690994 0.06192723 0.00512722 0.01706041 0.03452472
99 0.05370851 0.04161281 0.07255991 0.20069303 0.00859503 0.07469981 0.19442403 0.04549161 0.02616740 0.01960110 0.02240360 0.06130231 0.01084310 0.00746868 0.01999450 0.06714491 0.03930741 0.00186456 0.01466040 0.01745730
100 0.04911517 0.01813729 0.01146459 0.00700404 0.01019259 0.01352669 0.01169569 0.01358779 0.01224799 0.15196991 0.30942681 0.01551679 0.07601505 0.07106366 0.01154709 0.02617858 0.03365888 0.00600628 0.02474618 0.12689892
101 0.15450105 0.03331471 0.04741492 0.04068311 0.02532121 0.03380711 0.04202081 0.07384502 0.01719341 0.03136091 0.04190391 0.04151711 0.01848721 0.01755751 0.03455201 0.18316306 0.09919083 0.00508698 0.01599471 0.04308441
102 0.11543909 0.00725122 0.00701944 0.00829909 0.02225242 0.00913680 0.01191991 0.02354422 0.00376618 0.22537317 0.12721309 0.00671729 0.02326732 0.02178752 0.01008761 0.04929174 0.04722253 0.00193572 0.00698547 0.27149020
103 0.21396991 0.02041689 0.02677559 0.01840269 0.02009649 0.01064060 0.02033559 0.39595383 0.00906323 0.01282109 0.02115599 0.01538889 0.01102290 0.00840823 0.01525649 0.11324395 0.03037629 0.00283789 0.00724769 0.02658579
104 0.03718831 0.01526501 0.01100350 0.01072860 0.01428001 0.01174050 0.00940029 0.01812111 0.02908961 0.06948183 0.16153406 0.01226080 0.04026022 0.21297009 0.00780511 0.03017151 0.02642121 0.03620341 0.17731507 0.06875973
105 0.20247014 0.01194891 0.01296161 0.01843951 0.03200482 0.01501991 0.02072591 0.04248923 0.00625385 0.10204307 0.07976086 0.01430431 0.02204942 0.01489801 0.02094891 0.12078408 0.10119407 0.00236015 0.01032111 0.14902210
106 0.04305480 0.01678660 0.01058650 0.01066240 0.01259740 0.01444200 0.01323710 0.01992940 0.01877330 0.14925000 0.16326000 0.01636760 0.05051920 0.10590700 0.01580820 0.04354690 0.04424400 0.04667420 0.09220740 0.11214600
107 0.10214509 0.06215705 0.03430873 0.03284593 0.01897742 0.05805335 0.07052936 0.02869982 0.02440982 0.03499553 0.04172284 0.12372611 0.02357092 0.01780712 0.02554732 0.08655217 0.11084710 0.00671965 0.05039074 0.04599394
108 0.03923025 0.01199859 0.00422341 0.00102018 0.00707521 0.00455504 0.00488244 0.00594676 0.00700778 0.19271477 0.33374061 0.00605250 0.08453830 0.06717142 0.00510738 0.01285028 0.02922207 0.00374300 0.01475018 0.16416981
109 0.03589634 0.01675502 0.00747558 0.00542535 0.01033961 0.00964483 0.00899548 0.01080261 0.01527232 0.11443412 0.29870730 0.01220481 0.09189989 0.13316513 0.00736590 0.02211562 0.02902953 0.01426001 0.06684037 0.08937019
110 0.02842219 0.33516985 0.04379098 0.01210539 0.00841659 0.06495377 0.03256679 0.01507879 0.03265319 0.01396629 0.02058579 0.27572188 0.01593189 0.00535217 0.00430946 0.03327999 0.02203609 0.00112782 0.01106800 0.02346309
111 0.06396491 0.05007011 0.05671861 0.14693603 0.00729618 0.06566881 0.20407404 0.04905411 0.02623621 0.02567961 0.02782101 0.07463072 0.01333950 0.00816431 0.02400261 0.06547071 0.04753051 0.00245939 0.01288000 0.02800261
112 0.10983706 0.02479191 0.04488073 0.02096861 0.01493601 0.01366861 0.02296701 0.44456226 0.01182691 0.01173111 0.02499671 0.02654492 0.03130612 0.01218431 0.01512431 0.10568406 0.02826552 0.00565594 0.00850478 0.02156311
113 0.02282181 0.01036160 0.01395151 0.00781333 0.01650911 0.01396791 0.00223589 0.00788654 0.05783972 0.02708231 0.08422463 0.00426379 0.01788721 0.28738111 0.00322878 0.02225391 0.01284010 0.05330622 0.29880111 0.03534341
114 0.21208005 0.02041270 0.02690351 0.01786410 0.01964350 0.01051000 0.02017600 0.40183909 0.00892907 0.01263440 0.02105290 0.01537160 0.01106670 0.00837416 0.01494650 0.11244302 0.02956091 0.00282790 0.00723895 0.02612491
115 0.15505900 0.03296270 0.04748450 0.04060760 0.02520610 0.03418520 0.04203710 0.07402460 0.01764540 0.03118250 0.04206080 0.04122580 0.01856740 0.01770610 0.03435080 0.18265800 0.09894080 0.00504202 0.01656260 0.04249100
116 0.03539040 0.02339750 0.02055310 0.01618990 0.01787330 0.02497680 0.01575470 0.01759350 0.05362961 0.03945780 0.08777241 0.01654230 0.02341160 0.21395103 0.00842678 0.03628720 0.02462800 0.04105040 0.23891803 0.04419561
117 0.04512829 0.24541394 0.04506069 0.02921139 0.01138530 0.06142959 0.05026939 0.03467999 0.03448469 0.02425179 0.03840389 0.19023495 0.01990760 0.01333830 0.02044620 0.05093679 0.03483009 0.00334904 0.01759020 0.02964789
118 0.02376021 0.00558465 0.00343941 0.00609188 0.01527671 0.00631750 0.00157654 0.00795730 0.03564252 0.03646642 0.11857907 0.00340107 0.02599382 0.29950118 0.00247105 0.01767741 0.01355261 0.05578153 0.27821817 0.04271093
119 0.06081090 0.01790170 0.01651700 0.01012940 0.01158320 0.01805110 0.01639950 0.01503050 0.01248980 0.14073900 0.27204499 0.02011350 0.07229920 0.05283880 0.01451680 0.04434270 0.06331900 0.00437702 0.01725590 0.11924000
120 0.16612497 0.01168750 0.00789195 0.01074670 0.02387840 0.01249570 0.01156910 0.05680279 0.00588419 0.15426997 0.15124697 0.00948692 0.03604569 0.02561770 0.01625840 0.08213369 0.04859129 0.00344596 0.00978416 0.15603797
121 0.04510311 0.00883362 0.00451747 0.00108547 0.00937492 0.00455007 0.00526905 0.00677223 0.00506236 0.23309405 0.27636006 0.00453830 0.06220281 0.04841411 0.00445777 0.01250810 0.02987541 0.00242581 0.00881421 0.22674105
122 0.03360041 0.29870308 0.04579481 0.01737860 0.01003650 0.06724632 0.03723251 0.01988791 0.06430572 0.01858771 0.02198171 0.20960406 0.01516700 0.00944396 0.01038270 0.03841881 0.02477471 0.00194917 0.03009461 0.02540971
123 0.04441061 0.01616970 0.00964659 0.00657582 0.00828522 0.01478730 0.01270670 0.01089250 0.00946949 0.14959204 0.30902708 0.01811930 0.09975003 0.05744982 0.01065020 0.03092671 0.05711112 0.00434171 0.01777200 0.11231603
124 0.07883444 0.03620547 0.04913027 0.09613173 0.01028889 0.06221786 0.17975187 0.03501508 0.02107929 0.02112349 0.02662958 0.07521545 0.01591349 0.00780395 0.02478578 0.11292492 0.10295193 0.00314284 0.01176999 0.02908368
125 0.07350618 0.02104289 0.07062698 0.02419149 0.00684223 0.01099860 0.02666819 0.55388082 0.01376360 0.00385257 0.01828879 0.02966239 0.01439750 0.01115880 0.00905753 0.07287598 0.01640869 0.00276433 0.00497137 0.01504110
126 0.15396796 0.03969429 0.03627389 0.03351879 0.02201549 0.02701499 0.03410439 0.11084397 0.01559400 0.02429519 0.03287199 0.03946309 0.01666690 0.01502430 0.11967497 0.12869097 0.10149397 0.00703167 0.00840079 0.03335839
127 0.04936947 0.09620154 0.03202678 0.02958848 0.01150649 0.05852296 0.05515496 0.02226039 0.02255199 0.09755884 0.10410993 0.13971791 0.04382877 0.02094379 0.02409738 0.04993857 0.05329626 0.00510116 0.01557409 0.06865025
128 0.06940044 0.01459631 0.01070511 0.00952225 0.01580001 0.01227191 0.01525361 0.01827281 0.00740222 0.22641712 0.15962608 0.01430241 0.03414532 0.03428492 0.01048621 0.03339502 0.04158472 0.00355531 0.01485011 0.25412813
129 0.06741833 0.08495233 0.04986672 0.05541072 0.01633721 0.10802804 0.09536054 0.03334221 0.04167452 0.03279221 0.05077852 0.09672374 0.02144371 0.01527931 0.03509971 0.07610013 0.05319092 0.00420942 0.02696801 0.03502371
130 0.08261785 0.03883118 0.05906027 0.03553898 0.02194229 0.10970294 0.05415797 0.03089408 0.04007488 0.03499798 0.11391594 0.05720417 0.02850408 0.01515719 0.03371028 0.12734093 0.06154167 0.00507875 0.01788739 0.03184118
131 0.06278295 0.03502893 0.08348666 0.21563416 0.01001851 0.04534963 0.17685013 0.05617844 0.02178502 0.02004112 0.02132342 0.05215974 0.01107161 0.00984156 0.02348912 0.07304735 0.04375943 0.00274320 0.01309881 0.02231022
132 0.06118108 0.04164949 0.07365208 0.04820679 0.01829699 0.03209349 0.04512919 0.04030469 0.02379019 0.11208197 0.08855437 0.04984729 0.02440199 0.02127779 0.01766769 0.06828858 0.06018338 0.00407749 0.01691750 0.15239796
133 0.03685699 0.25228794 0.07469818 0.03431619 0.01360190 0.06006418 0.04328579 0.03251719 0.03807359 0.01719750 0.02356289 0.19549495 0.01489350 0.01030500 0.01455100 0.05474489 0.03698709 0.00290155 0.02016779 0.02349189
134 0.04957399 0.01782169 0.01127850 0.00689276 0.01039210 0.01364860 0.01152050 0.01371090 0.01217420 0.15296495 0.30888491 0.01499590 0.07596158 0.07005218 0.01116920 0.02662089 0.03419639 0.00594014 0.02426369 0.12793696
135 0.12143900 0.02694890 0.04532970 0.02897330 0.01272090 0.01502050 0.03308570 0.44530402 0.01366630 0.01304370 0.02455100 0.02870510 0.01482860 0.01233750 0.01418400 0.08664800 0.02614950 0.00401331 0.00885755 0.02419340
136 0.07691845 0.05711356 0.05221367 0.04274387 0.01786449 0.09498254 0.08104735 0.02775608 0.02845688 0.03398098 0.04681077 0.08136955 0.02520398 0.01220489 0.03273838 0.10508193 0.12385692 0.00397955 0.01706089 0.03861527
137 0.04710112 0.02972022 0.08775725 0.26100814 0.00347923 0.04743552 0.23696312 0.05099313 0.02151741 0.01814431 0.01207321 0.04967033 0.00626372 0.00423171 0.01042891 0.05587323 0.03240192 0.00073308 0.00882004 0.01538441
138 0.04413390 0.12652700 0.04365020 0.03356670 0.01992700 0.06180300 0.05241670 0.02598960 0.04405690 0.02926530 0.04518230 0.14203600 0.02128620 0.05252590 0.01707680 0.05694610 0.04063330 0.01199390 0.09662640 0.03435680
139 0.14565196 0.01892259 0.04946929 0.02495939 0.02094759 0.02333449 0.02566409 0.03694429 0.01351580 0.02486709 0.03001049 0.03074789 0.01631260 0.01626170 0.02540349 0.24502793 0.20420694 0.00272072 0.00809957 0.03693209
140 0.03272881 0.27869511 0.03973862 0.01466651 0.01032050 0.07073273 0.03950292 0.01901871 0.02902411 0.01935931 0.04185242 0.25991410 0.02106451 0.00724126 0.00963456 0.03599731 0.03192231 0.00178608 0.01069250 0.02610761
141 0.05252832 0.03612192 0.03500592 0.08837254 0.00987341 0.08324564 0.18823208 0.02584561 0.03167931 0.07137123 0.03886842 0.04749832 0.02068461 0.01366471 0.01581551 0.05563243 0.06214093 0.00509154 0.05818083 0.06014673
142 0.05304352 0.00971924 0.00712455 0.00352701 0.01492961 0.02182921 0.01672721 0.01000830 0.00641013 0.27221211 0.13662606 0.00992009 0.02812431 0.02316431 0.00530214 0.02042831 0.04133432 0.00219592 0.01196851 0.30540513
143 0.05124980 0.05338710 0.07738461 0.17485301 0.00876522 0.04521180 0.16202801 0.10231701 0.02404650 0.01555040 0.01749710 0.08837991 0.00995838 0.00961613 0.01889230 0.07196741 0.03924990 0.00408646 0.00917873 0.01638020
144 0.15495191 0.03308718 0.04711617 0.04034658 0.02515219 0.03416028 0.04193288 0.07373126 0.01736079 0.03148278 0.04222658 0.04141048 0.01881629 0.01778379 0.03432338 0.18246489 0.09881104 0.00522059 0.01678709 0.04283387
145 0.04766518 0.03207269 0.08456897 0.24826792 0.00373813 0.04492768 0.23223592 0.07015848 0.02372609 0.01649119 0.01147710 0.05065088 0.00609998 0.00481142 0.00926729 0.05889828 0.03095189 0.00103314 0.00819748 0.01476029
146 0.14108793 0.05556267 0.03685828 0.04674618 0.02091199 0.10269295 0.08982896 0.04272788 0.03084808 0.02988849 0.04601368 0.06955957 0.01792809 0.01105359 0.04268158 0.09958055 0.05852687 0.00362729 0.01866539 0.03520998
147 0.04912118 0.16152795 0.04197379 0.03832089 0.01098970 0.10236697 0.08422687 0.02427719 0.03111019 0.02392639 0.03636899 0.19705694 0.02108989 0.00831717 0.02413309 0.05684428 0.04732589 0.00272064 0.01329700 0.02500499
148 0.09484597 0.02920719 0.02457449 0.03224559 0.00905464 0.03090169 0.02561329 0.01980719 0.01484690 0.03853969 0.04865518 0.02806239 0.04322749 0.00968795 0.35359989 0.07319418 0.08150097 0.00445918 0.00841714 0.02955899
149 0.06811732 0.08537942 0.04998641 0.05567182 0.01659240 0.10731703 0.09398853 0.03410391 0.04198681 0.03277711 0.05067571 0.09669923 0.02124211 0.01521840 0.03488671 0.07636352 0.05280762 0.00422251 0.02687871 0.03508471
150 0.03718941 0.01523691 0.01080980 0.01044580 0.01447931 0.01180860 0.00912595 0.01765671 0.02899521 0.06986803 0.16154806 0.01221230 0.04057052 0.21300908 0.00793528 0.03037601 0.02676531 0.03612951 0.17658107 0.06925713
151 0.24282101 0.02347180 0.01988340 0.02890370 0.03035720 0.02460420 0.03299430 0.09327741 0.01101580 0.04962090 0.05829000 0.02494610 0.01768930 0.01631850 0.03462680 0.13962001 0.06766370 0.00325374 0.01273130 0.06791080
152 0.02548672 0.00769639 0.00636628 0.00748784 0.01640862 0.00991322 0.00344792 0.00914154 0.03980134 0.03608263 0.10892110 0.00501788 0.02437102 0.28434826 0.00349175 0.02114442 0.01590831 0.05390235 0.27875826 0.04230414
153 0.05188517 0.03275438 0.08139575 0.23204887 0.00528184 0.05088677 0.22200987 0.05207157 0.02074099 0.01719229 0.01448169 0.05456987 0.00810086 0.00473738 0.01446409 0.07281666 0.03750118 0.00115962 0.00928377 0.01661739
154 0.12501999 0.03024640 0.06371119 0.17172498 0.01725840 0.04098210 0.14279299 0.06237159 0.01885880 0.01966280 0.02555610 0.04316540 0.01187410 0.01030050 0.02931550 0.09123639 0.05175230 0.00239229 0.01067590 0.03110230
155 0.12167804 0.02701561 0.04569532 0.02947921 0.01285690 0.01493660 0.03299011 0.44341015 0.01374540 0.01337370 0.02487021 0.02849321 0.01489750 0.01215450 0.01413030 0.08698163 0.02603081 0.00410761 0.00871716 0.02443601
156 0.02233279 0.00454126 0.00340120 0.00637057 0.01548679 0.00635211 0.00101777 0.00777444 0.03885529 0.02664099 0.09225157 0.00272120 0.01884739 0.31885189 0.00200361 0.01762339 0.01196060 0.06061658 0.30515289 0.03719769
157 0.16864005 0.11352303 0.03700891 0.02629451 0.05511182 0.04275961 0.02908821 0.07480542 0.02225771 0.02767221 0.04192131 0.07389952 0.01784631 0.01393130 0.02775921 0.10483603 0.05854792 0.00474640 0.01716561 0.04218491
158 0.04948996 0.01799069 0.01133769 0.00696906 0.01029019 0.01365119 0.01154879 0.01390829 0.01207729 0.15129088 0.30905875 0.01542299 0.07614464 0.07095484 0.01185529 0.02719748 0.03405957 0.00603744 0.02471408 0.12600090
159 0.03390991 0.01334390 0.00523226 0.00194195 0.00825206 0.00574590 0.00468920 0.00583712 0.01147670 0.13492203 0.36863609 0.00745376 0.08964132 0.11322903 0.00550122 0.01402900 0.02444031 0.00964498 0.04249761 0.09957562
160 0.04604224 0.01092799 0.00534145 0.00194842 0.00923104 0.00579495 0.00608221 0.00788238 0.00650275 0.21010672 0.29414661 0.00659200 0.06915851 0.05514133 0.00575325 0.01552038 0.03107036 0.00322731 0.01255938 0.19697074
161 0.04532530 0.24462499 0.04476660 0.02847140 0.01158770 0.06129440 0.04996390 0.03533080 0.03448410 0.02479840 0.03856130 0.19007599 0.02012690 0.01338280 0.01935220 0.05127660 0.03497900 0.00342326 0.01793860 0.03023580
162 0.04671999 0.00724145 0.00431609 0.00079540 0.01045110 0.00447219 0.00537202 0.00717018 0.00408666 0.25678996 0.24138897 0.00365910 0.05203719 0.04105289 0.00378624 0.01205240 0.03061450 0.00213507 0.00748864 0.25836996
163 0.04162854 0.01193681 0.00494305 0.00146542 0.00777665 0.00599755 0.00555069 0.00661726 0.00694924 0.19889818 0.32520130 0.00695694 0.07891537 0.05994746 0.00611815 0.01431391 0.02999473 0.00330740 0.01239121 0.17109016
164 0.03995107 0.01105039 0.00454326 0.00206851 0.00752594 0.00668970 0.00664609 0.00720833 0.01072489 0.18549385 0.28131677 0.00603605 0.08075913 0.07396124 0.00538240 0.01941578 0.04174257 0.00920708 0.04721606 0.15306088
165 0.05098019 0.00649916 0.00508898 0.00163708 0.01234340 0.00537119 0.00649075 0.00842568 0.00379614 0.26799397 0.20591198 0.00417737 0.04084590 0.03597850 0.00396418 0.01395560 0.03157090 0.00208611 0.00748997 0.28539297
166 0.02226419 0.00407276 0.00255585 0.00629188 0.01531459 0.00581141 0.00089627 0.00796276 0.03748588 0.02680239 0.09282165 0.00254537 0.01865499 0.32095184 0.00188859 0.01719699 0.01183419 0.06295587 0.30432585 0.03736668
167 0.06346506 0.00971001 0.00546589 0.00281413 0.01164139 0.00735455 0.00707308 0.01104139 0.00568132 0.22207784 0.25286082 0.00636853 0.05821206 0.04411387 0.00813698 0.02365398 0.03515238 0.00276528 0.01018859 0.21222285
168 0.03958209 0.25860495 0.04350219 0.02459450 0.01022160 0.08543968 0.05506789 0.02103190 0.03833549 0.01879820 0.02574469 0.21041396 0.01736550 0.00820511 0.01807440 0.04756649 0.03369489 0.00206179 0.01684240 0.02485230
169 0.02383457 0.00555571 0.00336251 0.00603780 0.01524188 0.00629316 0.00157254 0.00787933 0.03543006 0.03656465 0.11942085 0.00339419 0.02616357 0.29959963 0.00247207 0.01762338 0.01356388 0.05575283 0.27743565 0.04280175
170 0.11055997 0.03215899 0.02989099 0.03333079 0.01236780 0.03399229 0.03463049 0.02812819 0.01539480 0.03291589 0.03959129 0.03621529 0.02252299 0.01060450 0.28884891 0.09841437 0.09764657 0.00499878 0.00768012 0.03010699
171 0.03696261 0.01510040 0.01036470 0.01002310 0.01443010 0.01147710 0.00875020 0.01789581 0.02888731 0.06949432 0.16186605 0.01204470 0.04050951 0.21479307 0.00777528 0.02971441 0.02601531 0.03643571 0.17839606 0.06906422
172 0.04466651 0.15619602 0.02912210 0.01552470 0.01202960 0.04446231 0.03079230 0.02310250 0.02486150 0.07044761 0.17154803 0.11950802 0.04770111 0.03529941 0.01835320 0.03879831 0.03590501 0.00425585 0.01793430 0.05949161
173 0.11163601 0.03471950 0.02766760 0.03238470 0.01331160 0.04040880 0.03236600 0.03246960 0.01311970 0.02781060 0.03164350 0.03309960 0.01802020 0.00945441 0.29955601 0.13909801 0.06273080 0.00709815 0.00710019 0.02630500
174 0.04304770 0.01502280 0.00958463 0.00518046 0.01014290 0.00924001 0.00826477 0.01043910 0.01372620 0.12849399 0.30189498 0.01094980 0.07710310 0.11019699 0.00773208 0.02845250 0.04517980 0.01099060 0.05006460 0.10429299
175 0.05157465 0.00303001 0.00439574 0.00068052 0.01395991 0.00467637 0.00619849 0.00824313 0.00182295 0.31327431 0.14945115 0.00180360 0.02211852 0.02345442 0.00222017 0.01069131 0.03054503 0.00124243 0.00335791 0.34725935
176 0.06344414 0.05880684 0.04013316 0.10321090 0.00684494 0.11642389 0.20871480 0.03134397 0.03059277 0.02465098 0.03096207 0.08414722 0.01363029 0.00729692 0.02642667 0.06284434 0.04893835 0.00206269 0.01674768 0.02277738
177 0.10429100 0.03731700 0.02621110 0.03723020 0.01144320 0.03991900 0.03997740 0.03193890 0.01648410 0.03360680 0.04818730 0.03822530 0.02326210 0.01140360 0.30739900 0.08732500 0.05802150 0.00558324 0.00932855 0.03284570
178 0.04642806 0.03169448 0.01302539 0.00734047 0.01107729 0.02344098 0.01939398 0.01220779 0.01067079 0.20245284 0.18220086 0.05304976 0.05626226 0.03240207 0.01032349 0.02803828 0.04674316 0.00420900 0.01378719 0.19525185
179 0.05582472 0.00368255 0.00449347 0.00105387 0.01401901 0.00503149 0.00636480 0.00894540 0.00214084 0.30418312 0.15449306 0.00220413 0.02502261 0.02416151 0.00298426 0.01356771 0.03241281 0.00142461 0.00423388 0.33375613
