1 0.03237539 0.00760602 0.00795210 0.00149961 0.00801123 0.00770509 0.00662053 0.00625383 0.00292588 0.19961693 0.31560389 0.00641302 0.09013247 0.05845808 0.00777610 0.01771679 0.02719449 0.00116863 0.01504699 0.17992294
2 0.07301117 0.04958698 0.02752459 0.01294649 0.01075780 0.04605198 0.01939429 0.02841189 0.00956222 0.02371489 0.03399299 0.04221798 0.01626539 0.01162230 0.41071983 0.08780116 0.05746508 0.00362588 0.00579541 0.02953169
3 0.03693212 0.02048151 0.11064306 0.21533311 0.00650397 0.05739233 0.06596643 0.29352416 0.01730131 0.00911744 0.00929805 0.05946223 0.00279710 0.01639571 0.00797067 0.04033462 0.01325081 0.00253724 0.00665055 0.00810755
4 0.05891664 0.01548251 0.01514021 0.00784779 0.01291151 0.01541531 0.01593451 0.01008421 0.00900877 0.22767416 0.14671010 0.02005331 0.04331923 0.03876033 0.01014011 0.03228832 0.04022733 0.00365845 0.01387701 0.26255019
5 0.04502262 0.04855993 0.06940564 0.21224911 0.00653841 0.06526353 0.13017007 0.03036342 0.03038612 0.05055193 0.02597291 0.10554805 0.00621354 0.01394411 0.01261731 0.05859993 0.03648482 0.00500035 0.00654858 0.04055962
6 0.04819778 0.02542199 0.06667137 0.17716291 0.00799719 0.04326968 0.09428305 0.03477178 0.02403929 0.06547307 0.04194068 0.05217767 0.01228869 0.01492669 0.03490588 0.13326493 0.05554577 0.00460368 0.00924963 0.05380827
7 0.17332099 0.02785370 0.03832510 0.02490600 0.03032050 0.02713210 0.02691220 0.07684380 0.01359910 0.02971050 0.03405690 0.02901660 0.01549310 0.01464020 0.03168700 0.25194198 0.09530039 0.00641226 0.01463100 0.03789660
8 0.03708106 0.00722122 0.00626157 0.00226600 0.00877090 0.00944856 0.00625402 0.00658523 0.00328951 0.22886577 0.27952172 0.00687271 0.07583282 0.05174075 0.00643482 0.01713908 0.02727837 0.00062228 0.01231879 0.20619479
9 0.04241910 0.07497930 0.03368110 0.07578640 0.00624240 0.08673640 0.29492501 0.01657540 0.01588810 0.01161100 0.01660440 0.18563201 0.00343051 0.02158210 0.01260580 0.03404390 0.02618440 0.00459216 0.01105620 0.02542430
10 0.02663042 0.03607623 0.00842811 0.00312289 0.00461972 0.00830539 0.02269562 0.00512638 0.03292702 0.06482025 0.22761417 0.04704133 0.05519654 0.11753309 0.00522980 0.02016981 0.01871911 0.03966043 0.19036314 0.06572055
11 0.02037110 0.04499550 0.01369610 0.00663395 0.00519641 0.01033920 0.03794570 0.00878043 0.04656270 0.01798760 0.11127001 0.07944501 0.03368610 0.18443702 0.00483631 0.01704060 0.01706570 0.04721420 0.26207803 0.03041830
12 0.04169462 0.01656441 0.01854101 0.00999304 0.01008431 0.01314671 0.01412101 0.01978931 0.02899712 0.07506264 0.13289907 0.02709802 0.03120942 0.23925413 0.00715641 0.02763072 0.02562931 0.01726061 0.17006610 0.07380204
13 0.03433824 0.02895673 0.13566816 0.26989632 0.00782525 0.07077278 0.11544814 0.09974822 0.02552383 0.01391132 0.01296372 0.08102089 0.00280726 0.00947219 0.00707063 0.04135525 0.02153703 0.00352061 0.00453103 0.01363242
14 0.05005449 0.03477919 0.07373818 0.26035094 0.00590169 0.07568558 0.22343695 0.03613559 0.02956599 0.01678040 0.01565430 0.08041658 0.00174733 0.00451225 0.00437681 0.03869679 0.02728809 0.00346370 0.00269206 0.01472310
15 0.05864190 0.28835699 0.03029440 0.02477050 0.00974602 0.05400940 0.05657050 0.01874100 0.03158150 0.02357040 0.02739170 0.14942699 0.02481740 0.01901610 0.03138310 0.05301680 0.03809100 0.00895362 0.01835650 0.03326420
16 0.04957355 0.04486495 0.08091731 0.12109487 0.00827363 0.05870684 0.04764995 0.30195468 0.01867158 0.01437638 0.01360529 0.10221489 0.00751369 0.01899388 0.01322989 0.04926135 0.02360717 0.00307316 0.00892625 0.01349069
17 0.04585388 0.00571130 0.00575673 0.00143430 0.01186169 0.01038339 0.00209677 0.00499417 0.00326508 0.29922085 0.14711992 0.00918837 0.04501168 0.02765849 0.00429434 0.01266729 0.03300378 0.00072136 0.00737679 0.32237983
18 0.04857196 0.26462878 0.03094597 0.01990888 0.00635224 0.11091291 0.06212005 0.01372369 0.01778789 0.00810303 0.01104359 0.27531777 0.01992128 0.01278769 0.00975499 0.03553717 0.03625297 0.00098336 0.00443368 0.01091209
19 0.05817597 0.02800428 0.08645085 0.18924089 0.00576728 0.06886716 0.29138283 0.03949628 0.02583479 0.01430639 0.01735399 0.05765487 0.00422925 0.00482920 0.00803846 0.03896708 0.02954848 0.00361288 0.00454920 0.02368989
20 0.02285312 0.01728151 0.01586111 0.00314737 0.00402778 0.00535402 0.01578541 0.01517841 0.00414702 0.14367709 0.40212127 0.00576516 0.14855010 0.01928081 0.02866452 0.03416562 0.02814952 0.00171759 0.01297031 0.07130225
21 0.17205603 0.02767730 0.03863591 0.02454050 0.03082580 0.02765090 0.02706310 0.07392191 0.01363720 0.02933120 0.03430961 0.02971970 0.01531160 0.01598300 0.03154560 0.25295504 0.09389001 0.00697995 0.01567130 0.03829431
22 0.03762869 0.01342620 0.01189220 0.00743508 0.00729868 0.01334680 0.01551250 0.01129990 0.00829586 0.15533298 0.32742495 0.01513920 0.08344569 0.06876859 0.01148940 0.02786900 0.02790090 0.00443644 0.02464800 0.12740898
23 0.03940902 0.16967307 0.02482311 0.01812751 0.00499479 0.07450263 0.06004602 0.01298151 0.03014881 0.01840491 0.08445813 0.19866808 0.02906431 0.04269812 0.01297431 0.03140371 0.02908381 0.02318021 0.07052043 0.02483751
24 0.11203395 0.01106349 0.03743658 0.03880098 0.01436389 0.01942339 0.02348219 0.50479677 0.02392369 0.02273279 0.01549819 0.01920859 0.00833846 0.01284699 0.00935181 0.07697246 0.03116959 0.00168894 0.00549385 0.01137339
25 0.05372110 0.01219050 0.01131940 0.00815768 0.01158300 0.01482870 0.01002310 0.01570540 0.00709822 0.24149300 0.18117900 0.01561370 0.05366010 0.04169460 0.00834031 0.02749840 0.03443670 0.00193479 0.01413830 0.23538400
26 0.27010985 0.02422269 0.02727978 0.01981699 0.03067798 0.03109728 0.03575458 0.10134094 0.01755309 0.04363118 0.03703188 0.02515949 0.01629809 0.02039829 0.02341679 0.14624392 0.06176576 0.00627167 0.01119489 0.05073487
27 0.03667961 0.01295550 0.01115660 0.00185729 0.00877474 0.00922988 0.00696703 0.01008650 0.00395700 0.21731104 0.27881905 0.00750923 0.10568002 0.03546301 0.00953441 0.02192460 0.03023661 0.00163225 0.01274560 0.17748003
28 0.06567055 0.04601423 0.04919714 0.12994510 0.00611991 0.07172555 0.30276022 0.03300962 0.02205962 0.01591451 0.02557692 0.07966526 0.00691097 0.01234281 0.01139901 0.04095633 0.03199832 0.00587939 0.01063051 0.03222402
29 0.04546428 0.00464972 0.00496996 0.00100576 0.01200049 0.01020169 0.00151980 0.00475865 0.00269996 0.30786585 0.13963493 0.00820234 0.04385518 0.02432269 0.00371003 0.01116759 0.03264948 0.00058495 0.00641783 0.33431883
30 0.04423399 0.11720998 0.03776009 0.08931228 0.00786644 0.06157539 0.20179896 0.01723380 0.02286200 0.04982789 0.03882879 0.12424897 0.01356250 0.01461160 0.01528330 0.04731809 0.03541799 0.00383579 0.00981348 0.04739869
31 0.11261197 0.01120050 0.03656339 0.03810909 0.01437710 0.01922649 0.02280839 0.50569586 0.02401739 0.02298109 0.01539770 0.01882479 0.00813952 0.01287960 0.00940295 0.07792518 0.03095769 0.00172292 0.00581978 0.01133860
32 0.07227754 0.01674699 0.02020748 0.00909033 0.01510279 0.01603789 0.01732729 0.01170679 0.00961546 0.19610985 0.11830691 0.02400238 0.04055637 0.02605878 0.01452899 0.05069336 0.07989444 0.00442467 0.01023589 0.24707581
33 0.03271723 0.00810508 0.00575093 0.00150008 0.00780546 0.00829012 0.00680996 0.00683492 0.00278929 0.21243722 0.31867133 0.00600849 0.08562109 0.05631436 0.00667185 0.01718432 0.02447103 0.00051757 0.01343551 0.17806418
34 0.06579665 0.31609976 0.02182378 0.01026339 0.01032459 0.03565827 0.03783917 0.01665499 0.02798808 0.01240549 0.01205409 0.07368324 0.01490459 0.01264749 0.20582884 0.06129615 0.03213468 0.00313556 0.00846469 0.02099648
35 0.02034640 0.00757941 0.02034780 0.00726385 0.01004460 0.00369599 0.00588488 0.01262140 0.04513950 0.03070320 0.03275450 0.01330780 0.01494820 0.33150803 0.00247446 0.01996890 0.02045070 0.00911603 0.36449403 0.02735030
36 0.08233839 0.06344469 0.07310919 0.05958729 0.01174550 0.03130790 0.05758549 0.06579189 0.10049299 0.03130990 0.04512370 0.05427019 0.01851810 0.06180299 0.01534770 0.05726529 0.03712770 0.01384590 0.07770419 0.04228100
37 0.17234496 0.02730659 0.03876139 0.02481659 0.03076029 0.02772639 0.02691889 0.07476498 0.01395420 0.02975679 0.03477419 0.02880799 0.01577670 0.01523380 0.03179089 0.25266694 0.09440458 0.00700753 0.01477920 0.03764709
38 0.03101560 0.02189250 0.02138490 0.00851250 0.00925868 0.00820463 0.01590630 0.01263430 0.04555929 0.03167870 0.06167519 0.02738790 0.02216180 0.21715597 0.00514143 0.03369260 0.02423410 0.02086490 0.34783295 0.03380580
39 0.03751588 0.27528785 0.03157728 0.01905329 0.01263719 0.05287127 0.06457786 0.00984084 0.05668057 0.01722609 0.01215079 0.20263789 0.01247679 0.01930529 0.01664459 0.06918856 0.03568598 0.00383851 0.01534759 0.03545588
40 0.02048440 0.00732398 0.02017790 0.00727350 0.01007010 0.00368119 0.00580411 0.01263550 0.04488969 0.03084780 0.03293789 0.01305510 0.01490830 0.33149595 0.00251817 0.01998690 0.02054540 0.00899991 0.36497494 0.02738930
41 0.08787451 0.06945641 0.04540340 0.07888581 0.01595840 0.12356901 0.10428901 0.04157250 0.01871150 0.03471810 0.03934730 0.10884201 0.01671040 0.01896630 0.03402630 0.06486291 0.04345070 0.00458987 0.00960674 0.03915880
42 0.18044297 0.05834279 0.04585519 0.02921460 0.02399740 0.05427799 0.04492749 0.04303359 0.01832430 0.02700410 0.02113530 0.10572298 0.01409910 0.01409340 0.02500480 0.18075597 0.05691759 0.00690659 0.00924756 0.04069629
43 0.03173181 0.05509361 0.01021150 0.00324818 0.00416322 0.00712882 0.02999621 0.00422432 0.04458181 0.00638900 0.11679303 0.06332672 0.04375341 0.11235703 0.00497632 0.02494301 0.02373541 0.12675003 0.26173406 0.02486251
44 0.03932190 0.00546286 0.00656854 0.00249187 0.00907294 0.01013680 0.00659375 0.00527099 0.00449863 0.20734001 0.28344201 0.00835350 0.06498550 0.06984800 0.00689852 0.01829270 0.02860120 0.00134296 0.01574130 0.20573601
45 0.03930733 0.00553641 0.00917222 0.00546051 0.00931057 0.01085361 0.00640102 0.00878171 0.01217491 0.15469013 0.22594619 0.01362591 0.04348024 0.18724916 0.00399258 0.01902242 0.02365032 0.00227048 0.07521316 0.14386112
46 0.03754903 0.01332931 0.01208681 0.00701955 0.00725051 0.01265851 0.01500891 0.01122361 0.00847479 0.15587311 0.32799323 0.01469191 0.08354076 0.06945005 0.01111421 0.02781552 0.02814262 0.00428406 0.02463742 0.12785609
47 0.08751006 0.06882437 0.04501358 0.08013296 0.01565399 0.12316594 0.10602495 0.04191008 0.01892249 0.03549028 0.03984718 0.10668495 0.01683669 0.01872899 0.03425358 0.06391937 0.04337368 0.00437112 0.00945188 0.03988388
48 0.12737696 0.01259730 0.01459200 0.00615401 0.01872249 0.02010519 0.01965049 0.01780919 0.01215460 0.18681094 0.10897697 0.01927689 0.03479289 0.02699019 0.01572650 0.05542778 0.04985578 0.00456436 0.00900054 0.23941493
49 0.07789658 0.06962117 0.02367792 0.01432041 0.01032431 0.02687513 0.02005142 0.10207211 0.00935052 0.01575602 0.01776742 0.03189663 0.01534942 0.00967810 0.02486863 0.25615027 0.24466325 0.00329935 0.00648212 0.01989922
50 0.05513628 0.01905519 0.07821017 0.30336289 0.00554659 0.06756618 0.23852892 0.03444829 0.03296159 0.01636099 0.01457729 0.04609188 0.00141819 0.00147512 0.00264559 0.03612049 0.02835459 0.00329335 0.00159181 0.01325460
51 0.04614841 0.00597963 0.00561889 0.00136598 0.01191250 0.01053130 0.00220409 0.00496778 0.00317095 0.29845608 0.14708404 0.00974164 0.04461971 0.02816801 0.00433386 0.01294480 0.03292111 0.00068394 0.00748716 0.32166009
52 0.05855867 0.05482388 0.06008217 0.17276692 0.00830330 0.05966707 0.22238890 0.02908149 0.05866787 0.01719309 0.02557149 0.06806317 0.00662193 0.01446959 0.00960651 0.04476728 0.03110569 0.00831750 0.02107859 0.02886489
53 0.05382387 0.01178439 0.01202869 0.00850045 0.01158479 0.01472119 0.00976669 0.01481719 0.00716618 0.24221489 0.18148091 0.01508229 0.05374427 0.04154258 0.00864200 0.02638229 0.03405578 0.00178395 0.01425169 0.23662589
54 0.18370982 0.02722037 0.15494485 0.05553555 0.01229199 0.03150167 0.05500275 0.09228581 0.03717536 0.02460748 0.02770007 0.03943736 0.01455019 0.01450329 0.01972088 0.10641290 0.05269285 0.00651677 0.01097119 0.03321887
55 0.26663001 0.02310110 0.02767680 0.01964530 0.03044520 0.03116170 0.03543040 0.09912670 0.01757980 0.04502670 0.03844180 0.02486910 0.01661340 0.02122710 0.02397030 0.14660001 0.06110570 0.00691465 0.01139080 0.05304340
56 0.04173271 0.00352924 0.00462365 0.00108319 0.01089350 0.01005980 0.00261580 0.00454783 0.00258363 0.27006006 0.20854704 0.00605690 0.05441721 0.04473101 0.00412538 0.01236290 0.03024081 0.00046397 0.00996130 0.27736406
57 0.17217404 0.02764111 0.03863931 0.02466531 0.03029041 0.02813541 0.02652921 0.07440682 0.01406750 0.02961971 0.03428921 0.02925221 0.01527010 0.01548230 0.03117091 0.25193705 0.09544652 0.00660699 0.01599750 0.03837841
58 0.08174587 0.02071092 0.02588482 0.01123441 0.01636101 0.01837912 0.02149232 0.01472621 0.01147241 0.15715413 0.10750009 0.02767072 0.03966003 0.02521862 0.01725051 0.07060376 0.10700209 0.00562706 0.01089071 0.20941518
59 0.03592451 0.01254600 0.01010690 0.00147250 0.00857703 0.00883943 0.00654288 0.00962200 0.00357362 0.22843604 0.27361305 0.00663880 0.10419902 0.03109771 0.00893988 0.02005880 0.02915970 0.00126709 0.01161200 0.18777303
60 0.05265529 0.13757699 0.04751890 0.04817580 0.00845380 0.07670849 0.09085979 0.02951490 0.02262520 0.02623420 0.03130940 0.20455198 0.01688940 0.02753930 0.02257060 0.05073879 0.04075440 0.00821580 0.02024580 0.03686120
61 0.04666615 0.01776252 0.01903782 0.00480695 0.01833572 0.01567872 0.00983048 0.01266531 0.01944802 0.09032579 0.15949516 0.02345942 0.09594790 0.14318315 0.00924896 0.03883734 0.07645398 0.03943534 0.06713407 0.09224720
62 0.04359398 0.17114991 0.03801598 0.02926538 0.00666168 0.13516693 0.09791265 0.01934549 0.01413339 0.01123089 0.01816229 0.27519285 0.01212229 0.01655169 0.01292019 0.04139708 0.03571998 0.00205644 0.00588891 0.01351199
63 0.05333128 0.01155260 0.01177920 0.00860617 0.01166170 0.01452870 0.00964218 0.01611120 0.00732337 0.24074593 0.18221195 0.01493840 0.05390898 0.04273489 0.00869606 0.02653499 0.03409059 0.00176342 0.01481450 0.23502393
64 0.06472828 0.03252399 0.22887994 0.09503868 0.01008520 0.03752249 0.05931278 0.06462458 0.03745099 0.02495479 0.03050029 0.06210208 0.01849110 0.01989409 0.02100049 0.08588478 0.04533219 0.00586806 0.01733690 0.03846829
65 0.09468840 0.02043208 0.17236882 0.03560236 0.00806161 0.01730628 0.02749577 0.02250808 0.11472088 0.03349706 0.11074388 0.02561517 0.02909237 0.01528698 0.01943328 0.06406753 0.10466889 0.00650463 0.01872698 0.05917894
66 0.06535371 0.04668731 0.04836261 0.12970202 0.00616254 0.07127031 0.30412505 0.03332561 0.02213270 0.01593500 0.02583140 0.08036431 0.00680941 0.01238280 0.01136550 0.04001981 0.03195171 0.00557397 0.01115690 0.03148731
67 0.05626711 0.02058640 0.07635491 0.29012605 0.00529333 0.06809231 0.24547204 0.03580231 0.03183561 0.01595070 0.01489900 0.04777551 0.00146944 0.00179408 0.00329283 0.03703401 0.02863710 0.00322912 0.00183873 0.01424940
68 0.34573712 0.00261070 0.00943606 0.00157203 0.09250693 0.01897501 0.00484889 0.06469852 0.00550943 0.01858101 0.00894917 0.00563017 0.00442721 0.00415660 0.01840341 0.30008311 0.06488272 0.00100315 0.00534853 0.02264021
69 0.10963516 0.03449595 0.03488505 0.02453894 0.02158103 0.03073384 0.03438915 0.04947817 0.01482112 0.05394408 0.05495608 0.03726955 0.03088344 0.02223753 0.02841714 0.15269122 0.17081724 0.00887718 0.01721722 0.06813090
70 0.04226040 0.00477865 0.00633030 0.00093179 0.01103920 0.00958379 0.00256386 0.00535370 0.00254740 0.27800002 0.19090202 0.00589427 0.06219031 0.03262410 0.00536831 0.01287010 0.03154930 0.00081364 0.00873580 0.28566303
71 0.03844020 0.21708001 0.03769590 0.02467170 0.00884817 0.11549201 0.08120520 0.01460790 0.01747210 0.00979068 0.01165970 0.26379901 0.01192360 0.01408230 0.01588090 0.05764610 0.03961030 0.00117948 0.00539572 0.01351900
72 0.05261842 0.02224961 0.08309703 0.27200810 0.00702465 0.08868303 0.16552406 0.05212272 0.02879381 0.01793501 0.01784821 0.06045792 0.00287495 0.00538120 0.00812987 0.06375722 0.02916751 0.00321135 0.00322530 0.01589001
73 0.06528996 0.04700077 0.04867267 0.12842993 0.00613671 0.07109576 0.30257483 0.03343558 0.02202189 0.01603199 0.02585599 0.07991586 0.00701593 0.01209719 0.01202179 0.04133138 0.03186248 0.00584972 0.01150369 0.03185588
74 0.06156314 0.05499383 0.04780593 0.13169708 0.00828420 0.10495906 0.23181513 0.02778842 0.02198721 0.01496851 0.02038281 0.10454306 0.00450681 0.00916194 0.01613761 0.07053694 0.03446212 0.00344668 0.00630840 0.02465111
75 0.03903143 0.00530122 0.00920234 0.00550862 0.00940675 0.01091051 0.00644879 0.00887479 0.01247601 0.15356210 0.22261015 0.01371541 0.04283923 0.19030013 0.00403000 0.01919491 0.02330672 0.00260364 0.07824415 0.14243310
76 0.26877282 0.02449698 0.02824068 0.01868429 0.03075378 0.03153608 0.03600238 0.10059793 0.01766519 0.04329717 0.03713138 0.02556918 0.01665209 0.02095819 0.02301818 0.14674290 0.06053296 0.00676747 0.01138369 0.05119667
77 0.05301110 0.01237030 0.02172800 0.01017770 0.01003650 0.01476480 0.01474180 0.01394200 0.01162930 0.14274901 0.25855501 0.01474490 0.07042320 0.04945280 0.01839320 0.05148550 0.07205870 0.00394226 0.01758590 0.13820801
78 0.05739266 0.02890588 0.07696815 0.23415784 0.00780872 0.09955283 0.14870190 0.05265036 0.02595408 0.01829249 0.02023599 0.06909545 0.00418862 0.00710399 0.01190359 0.07863604 0.03263638 0.00323005 0.00431031 0.01827469
79 0.31981792 0.00550957 0.01685050 0.00370141 0.04562979 0.01539800 0.01364080 0.10330597 0.00792030 0.01584100 0.01387830 0.00763672 0.00703152 0.00537424 0.00976914 0.27181893 0.10261197 0.00211480 0.00756766 0.02458149
80 0.34537622 0.00267955 0.00954320 0.00155152 0.09253706 0.01923091 0.00474556 0.06475784 0.00551597 0.01866581 0.00910716 0.00569929 0.00463925 0.00414970 0.01869581 0.29866819 0.06502304 0.00105807 0.00539682 0.02295901
81 0.04105539 0.10661596 0.03424359 0.06464628 0.00764735 0.08812597 0.21434393 0.01828859 0.01755869 0.01344370 0.01952139 0.21653093 0.00563347 0.02365079 0.01423440 0.03984109 0.03168589 0.00545161 0.01299840 0.02448259
82 0.06257918 0.02283919 0.01693830 0.00931729 0.01257730 0.01378730 0.00903891 0.01083290 0.00966648 0.21331395 0.13876697 0.02812399 0.04040739 0.03469779 0.01684840 0.07026908 0.04434369 0.00217567 0.01046330 0.23301294
83 0.02275089 0.02751459 0.00629767 0.00313222 0.00478279 0.00677844 0.01948919 0.00367833 0.02911789 0.06154848 0.22618493 0.04360499 0.04585069 0.17536795 0.00296214 0.01446630 0.01698270 0.03491829 0.18646995 0.06810158
84 0.05482383 0.13932808 0.04221932 0.04985343 0.00763829 0.14293808 0.10191406 0.02714072 0.01541771 0.01545971 0.02345461 0.22634113 0.01234501 0.01603321 0.01898001 0.04518143 0.03430272 0.00288046 0.00672769 0.01702051
85 0.05777267 0.02250919 0.07005846 0.26870786 0.00472376 0.06862147 0.27626886 0.03275168 0.02981108 0.01489549 0.01414909 0.04762338 0.00150164 0.00198820 0.00343898 0.03581688 0.02831539 0.00306670 0.00205513 0.01592409
86 0.03925032 0.00550006 0.00689193 0.00258068 0.00904085 0.01021861 0.00689280 0.00517086 0.00449926 0.20540412 0.28449017 0.00860479 0.06529344 0.07039554 0.00682226 0.01836081 0.02889062 0.00138964 0.01625211 0.20405112
87 0.04554061 0.00490124 0.00523157 0.00094123 0.01201460 0.01006120 0.00153008 0.00488190 0.00295575 0.30691706 0.13968903 0.00851120 0.04389561 0.02433430 0.00391479 0.01149010 0.03269301 0.00058359 0.00663206 0.33328106
88 0.05216750 0.26651200 0.03134410 0.01949370 0.01333440 0.04288300 0.04915830 0.02131510 0.03116680 0.02319990 0.01761500 0.11611800 0.01633810 0.01604770 0.03732780 0.12171200 0.06740170 0.00778411 0.01142550 0.03765530
89 0.17365290 0.02694078 0.03934328 0.02447499 0.03043848 0.02670379 0.02649209 0.07532136 0.01381139 0.02983078 0.03484388 0.02910998 0.01545769 0.01567099 0.03202928 0.25194386 0.09436725 0.00660126 0.01459139 0.03837458
90 0.03759239 0.01899549 0.13536496 0.29765491 0.00844931 0.06352678 0.13260096 0.08260878 0.02995469 0.01625810 0.01479490 0.05513228 0.00306116 0.00728034 0.00774957 0.04061009 0.02542449 0.00409926 0.00398706 0.01485450
91 0.05950773 0.01547131 0.01543561 0.00799464 0.01291981 0.01528571 0.01639571 0.00986351 0.00920590 0.22542811 0.14818207 0.02039131 0.04358312 0.03882942 0.01023860 0.03286532 0.03999592 0.00370818 0.01389991 0.26079812
92 0.03733512 0.01350521 0.01192241 0.00710424 0.00697540 0.01234281 0.01517451 0.01158761 0.00840876 0.15577307 0.32689415 0.01506891 0.08416644 0.06880413 0.01146441 0.02779021 0.02802151 0.00461253 0.02563851 0.12741006
93 0.05259167 0.13681992 0.04817217 0.04868067 0.00851589 0.07654735 0.09280595 0.02870138 0.02200999 0.02695998 0.03084248 0.20446588 0.01640349 0.02748748 0.02201689 0.05122187 0.04094068 0.00753589 0.01946199 0.03781838
94 0.04218751 0.00309734 0.00416097 0.00079129 0.01134940 0.01001040 0.00190532 0.00452826 0.00231218 0.28298907 0.19243304 0.00561747 0.05226561 0.03847611 0.00364254 0.01120110 0.03067671 0.00038193 0.00895167 0.29302207
95 0.06433312 0.03287911 0.22658305 0.09465132 0.01012010 0.03779031 0.05954181 0.06452852 0.03691641 0.02527121 0.03194401 0.06126281 0.01824040 0.02090591 0.02059270 0.08531312 0.04528691 0.00643516 0.01812060 0.03928341
96 0.05172159 0.13890198 0.04687789 0.04755159 0.00857180 0.07706129 0.09055029 0.02846690 0.02242940 0.02696120 0.03197100 0.20525098 0.01666480 0.02735370 0.02242600 0.05106119 0.04052460 0.00779731 0.02017520 0.03768130
97 0.04185401 0.00313082 0.00426902 0.00076874 0.01124360 0.00995241 0.00208666 0.00449078 0.00229940 0.28226607 0.19409605 0.00563699 0.05250031 0.03860701 0.00370390 0.01115830 0.03060151 0.00038688 0.00897445 0.29197307
98 0.03785471 0.01360900 0.01166990 0.00712304 0.00702888 0.01272100 0.01542501 0.01128690 0.00814537 0.15574205 0.32868911 0.01489101 0.08431593 0.06879922 0.01113770 0.02724261 0.02769531 0.00444637 0.02486681 0.12731004
99 0.05543189 0.01692860 0.37993593 0.03954829 0.00974876 0.02123790 0.02164640 0.03520599 0.02914669 0.01295260 0.02127180 0.05943359 0.01611750 0.00997674 0.01876230 0.14992797 0.05159339 0.00377582 0.00669437 0.04066349
100 0.03647012 0.09613325 0.02841891 0.04868692 0.00696627 0.08961484 0.25919912 0.01407331 0.01435431 0.01153151 0.01684331 0.23025411 0.00392029 0.02650691 0.01450711 0.03559692 0.02727681 0.00432947 0.01168751 0.02362901
101 0.06631138 0.04685759 0.04870949 0.12867997 0.00607580 0.07067658 0.30193092 0.03431189 0.02200859 0.01591130 0.02570189 0.07956618 0.00719274 0.01196270 0.01163120 0.04117049 0.03238729 0.00557992 0.01113300 0.03220109
102 0.05731830 0.13802101 0.04173190 0.03035740 0.01100370 0.06888070 0.07045950 0.01895600 0.01954180 0.03016550 0.02259210 0.21325601 0.01851790 0.01946750 0.02749470 0.06231070 0.08845540 0.00668545 0.01062680 0.04415760
103 0.03772561 0.01325550 0.01130880 0.00688992 0.00715842 0.01292290 0.01501161 0.01096570 0.00833125 0.15666106 0.32826612 0.01511651 0.08355393 0.06883253 0.01097100 0.02733441 0.02778911 0.00453074 0.02517781 0.12819705
104 0.27031692 0.00529637 0.01767319 0.00694653 0.05877718 0.01217750 0.00967392 0.21080494 0.01054170 0.01639710 0.01154950 0.00727564 0.00641261 0.00538636 0.01136790 0.25402693 0.06344368 0.00118457 0.00453539 0.01621210
105 0.24762084 0.02043839 0.03672978 0.06657156 0.00989735 0.04534257 0.16467689 0.10370693 0.01627139 0.01419499 0.01647169 0.04214887 0.00777433 0.01140639 0.01026059 0.07329525 0.06320016 0.00873328 0.00495286 0.03630588
106 0.05778630 0.02276260 0.06990120 0.27009001 0.00469835 0.06842270 0.27525601 0.03321980 0.02994650 0.01485090 0.01410480 0.04742190 0.00160987 0.00186754 0.00333166 0.03573990 0.02827370 0.00298712 0.00207864 0.01565050
107 0.05370794 0.01200191 0.01135071 0.00813898 0.01167341 0.01440271 0.00916876 0.01524261 0.00723725 0.24106419 0.18309714 0.01523421 0.05418694 0.04228403 0.00867994 0.02671892 0.03402083 0.00175304 0.01499131 0.23504518
108 0.06813841 0.04590831 0.02479581 0.01640820 0.00949078 0.01507860 0.03083781 0.01306990 0.02589501 0.01487730 0.04643541 0.03726041 0.03743441 0.09362182 0.01169200 0.06206001 0.04893311 0.28999506 0.07290532 0.03516231
109 0.04401470 0.00319735 0.00493314 0.00058172 0.01196440 0.00984735 0.00131456 0.00472158 0.00224719 0.30244900 0.15637700 0.00557094 0.05071250 0.02595400 0.00404926 0.01018150 0.03217140 0.00053086 0.00703555 0.32214600
110 0.05082798 0.03252539 0.02294399 0.00577471 0.01534980 0.01782309 0.01371400 0.01883449 0.01128770 0.13635596 0.23110893 0.02513329 0.11637796 0.04501509 0.01623479 0.04033639 0.04932248 0.01190510 0.02613789 0.11299096
111 0.06846745 0.01917439 0.15280489 0.04004997 0.00952625 0.02201018 0.02928298 0.03910757 0.02998508 0.04777226 0.12381191 0.03032178 0.04253797 0.01220209 0.03844627 0.14776789 0.07276365 0.00469968 0.00984170 0.05942606
112 0.09228220 0.03319280 0.04609340 0.01610760 0.00834436 0.03407610 0.03444520 0.02859460 0.07564420 0.05224170 0.16029301 0.03498750 0.03513300 0.02392600 0.09331700 0.06649940 0.05652470 0.01026210 0.03153110 0.06650400
113 0.17236702 0.02808840 0.03900261 0.02473580 0.03023180 0.02725430 0.02635830 0.07397321 0.01407250 0.02975120 0.03462880 0.02972360 0.01515740 0.01582230 0.03295870 0.25166503 0.09295031 0.00685197 0.01568120 0.03872551
114 0.08821005 0.06861434 0.04522153 0.08032325 0.01630261 0.12271807 0.10468606 0.04280222 0.01864581 0.03605062 0.04032072 0.10513506 0.01699831 0.01884041 0.03393512 0.06373474 0.04298242 0.00488796 0.00934467 0.04024602
115 0.05945268 0.01451509 0.01570049 0.00772053 0.01305390 0.01537189 0.01689729 0.01018700 0.00910324 0.22602891 0.14774594 0.01981819 0.04338068 0.03935229 0.01035420 0.03241159 0.04012178 0.00343901 0.01455739 0.26078790
116 0.12987802 0.02572250 0.02545130 0.00993363 0.08131361 0.03255011 0.01570510 0.03270921 0.02410250 0.04235771 0.04495161 0.02540920 0.02712640 0.11985702 0.02439390 0.13704102 0.05178061 0.02196430 0.07782311 0.04992911
117 0.08865032 0.06934144 0.04463096 0.07865213 0.01660878 0.12530188 0.10364790 0.04216686 0.01881998 0.03488897 0.03988596 0.10754190 0.01644028 0.01903558 0.03267617 0.06498984 0.04331286 0.00449862 0.00956249 0.03934706
118 0.13273106 0.01846451 0.02973591 0.00934594 0.01858991 0.01677161 0.01719861 0.23218911 0.01761111 0.03266872 0.04465112 0.01769071 0.08081414 0.01398231 0.01722691 0.11772406 0.14283307 0.00555411 0.00734447 0.02687261
119 0.03712378 0.01347139 0.01144969 0.00699851 0.00715137 0.01245219 0.01471379 0.01181939 0.00805477 0.15598291 0.32804980 0.01478399 0.08406375 0.06869066 0.01145229 0.02829878 0.02870478 0.00439635 0.02476889 0.12757292
120 0.26719401 0.02468110 0.02753220 0.01894570 0.03025210 0.03130220 0.03497100 0.10092000 0.01785050 0.04408240 0.03741350 0.02579090 0.01680030 0.02123580 0.02346380 0.14628600 0.06101180 0.00716997 0.01126750 0.05182920
121 0.26750815 0.02404391 0.02817462 0.01959431 0.03065622 0.03174532 0.03639272 0.09830436 0.01774111 0.04497393 0.03793582 0.02596601 0.01658691 0.02055641 0.02370511 0.14548108 0.06067393 0.00670273 0.01116931 0.05208803
122 0.08992044 0.02915551 0.07059523 0.11506505 0.00975044 0.07686453 0.05395362 0.30911513 0.01862601 0.01512501 0.01506121 0.05767122 0.00632443 0.01752601 0.01555351 0.05466972 0.02467381 0.00243699 0.00625591 0.01165621
123 0.09114906 0.02684269 0.02870609 0.01625749 0.01772259 0.01910849 0.01349059 0.02917679 0.01017360 0.13594394 0.08528246 0.02869279 0.03401869 0.01930869 0.02407869 0.16487793 0.12504795 0.00359172 0.01225979 0.11426995
124 0.04239129 0.00440120 0.00579277 0.00080849 0.01128840 0.00961507 0.00215070 0.00518489 0.00237395 0.28585391 0.18167094 0.00579673 0.05822918 0.03083539 0.00482082 0.01196150 0.03174249 0.00056290 0.00824848 0.29627091
125 0.04473818 0.00365990 0.00580719 0.00175792 0.01099549 0.01064919 0.00380994 0.00481250 0.00400795 0.25781487 0.20547589 0.00723617 0.05174527 0.04753958 0.00512415 0.01461049 0.03247138 0.00092860 0.01115849 0.27565686
126 0.06684754 0.01659531 0.02796872 0.00547745 0.10691706 0.04808763 0.01047771 0.01716151 0.01119321 0.07932564 0.08647745 0.01996981 0.15016308 0.03055522 0.01653371 0.06022323 0.12364107 0.00972742 0.01501761 0.09763965
127 0.09652245 0.02384011 0.21328510 0.04725362 0.01394301 0.02725091 0.03169752 0.06179163 0.02437741 0.02059071 0.02751561 0.04775032 0.01678261 0.01239911 0.02760911 0.18887509 0.06488773 0.00535073 0.00993118 0.03834602
128 0.06324319 0.03274020 0.23037498 0.09445429 0.00992949 0.03734730 0.05978929 0.06287839 0.03813930 0.02530970 0.03045480 0.06078659 0.01855570 0.02033250 0.02102620 0.08561539 0.04493100 0.00625770 0.01846660 0.03936740
129 0.03222861 0.00860907 0.00631663 0.00210853 0.00728227 0.00856148 0.00771178 0.00722324 0.00306310 0.20062705 0.33241008 0.00665050 0.08869422 0.05953031 0.00748740 0.01847160 0.02414331 0.00062385 0.01417190 0.16408504
130 0.08152964 0.00924550 0.01116541 0.00511267 0.04566852 0.02240081 0.00768532 0.01033441 0.00716167 0.21720012 0.11905606 0.01227091 0.04407662 0.02927822 0.01357331 0.04518222 0.04651113 0.00253980 0.01045751 0.25955014
131 0.05921283 0.28950316 0.03068112 0.02393971 0.00982472 0.05352693 0.05667893 0.01896971 0.03161572 0.02373671 0.02752722 0.15020808 0.02510751 0.01908681 0.03035502 0.05292493 0.03748312 0.00827713 0.01782401 0.03351662
132 0.03940540 0.00555045 0.00655371 0.00251673 0.00905821 0.01017740 0.00675714 0.00530896 0.00435280 0.20743200 0.28227400 0.00874570 0.06502490 0.06948040 0.00670631 0.01800580 0.02892120 0.00145700 0.01596590 0.20630600
133 0.04791883 0.02596952 0.09256856 0.27460217 0.00724314 0.06554544 0.16389810 0.06785354 0.02974812 0.01912621 0.01922221 0.05701684 0.00408554 0.01012131 0.00934066 0.04639333 0.02989542 0.00448410 0.00671364 0.01825331
134 0.05925901 0.00780541 0.00753010 0.00255135 0.00920980 0.01154940 0.00796091 0.00547818 0.01297920 0.16635204 0.25310406 0.01425580 0.04904821 0.09051392 0.00555212 0.02883651 0.03234051 0.00694218 0.04755121 0.18118005
135 0.09955565 0.01056259 0.01575929 0.00740368 0.01069719 0.02177069 0.01550749 0.01909259 0.01689279 0.14220293 0.24797387 0.01674529 0.05305077 0.06100597 0.01267539 0.04816247 0.03933998 0.00405854 0.01887689 0.13866593
136 0.03169149 0.02221159 0.02146729 0.00845425 0.00945701 0.00838445 0.01596849 0.01248180 0.04544598 0.03217859 0.06218488 0.02699629 0.02245629 0.21560592 0.00514035 0.03392189 0.02478009 0.02060269 0.34658388 0.03398679
137 0.03715040 0.01367770 0.01156650 0.00718620 0.00723157 0.01286030 0.01573980 0.01126950 0.00824217 0.15546400 0.32787501 0.01537650 0.08359800 0.06924680 0.01149210 0.02776560 0.02784140 0.00457904 0.02539140 0.12644600
138 0.04182830 0.01719220 0.01884760 0.00993404 0.00989488 0.01297510 0.01409390 0.01996810 0.02880790 0.07513150 0.13242600 0.02723840 0.03113360 0.23789300 0.00757576 0.02777550 0.02538310 0.01763810 0.17007200 0.07419100
139 0.11170199 0.01127620 0.03703280 0.03702320 0.01435000 0.01885960 0.02270740 0.50953193 0.02373460 0.02245930 0.01530890 0.01860510 0.00830497 0.01236400 0.01004880 0.07782069 0.03132340 0.00157465 0.00521061 0.01076190
140 0.03356461 0.00299444 0.00263084 0.00250347 0.00736649 0.00994004 0.00627929 0.00262641 0.00275626 0.16430107 0.33905015 0.01086430 0.05649982 0.14180606 0.00272694 0.01477411 0.02072251 0.00092188 0.02389421 0.15377707
141 0.18055893 0.08063537 0.02041319 0.01190090 0.03459359 0.10155396 0.01993149 0.02291369 0.01890809 0.06149877 0.04597978 0.07027507 0.08865956 0.02255389 0.02794679 0.05743578 0.05975018 0.00652013 0.00869628 0.05927458
142 0.05925936 0.01479052 0.01568952 0.00795679 0.01297661 0.01551212 0.01575372 0.00959625 0.00920682 0.22595224 0.14754816 0.02045262 0.04324995 0.03895604 0.01052481 0.03277443 0.04020514 0.00388091 0.01409871 0.26161528
143 0.11288703 0.01158870 0.03721301 0.03860781 0.01446330 0.01939631 0.02273231 0.50427514 0.02382371 0.02270351 0.01513830 0.01945721 0.00828550 0.01294360 0.01017550 0.07699372 0.03067761 0.00168360 0.00561213 0.01134200
144 0.22730710 0.04436092 0.03765662 0.02198051 0.02850391 0.04952272 0.03881062 0.04990322 0.01859541 0.02800531 0.02014351 0.08834364 0.01389261 0.01341691 0.02296061 0.18404508 0.05771033 0.00701852 0.00845612 0.03936632
145 0.32592890 0.00447914 0.02448349 0.00544138 0.03076319 0.01010170 0.01647940 0.18861294 0.00988660 0.01164800 0.01060710 0.00557198 0.00551017 0.00705488 0.00980420 0.24835093 0.06668938 0.00117723 0.00314562 0.01426380
146 0.03774331 0.00428564 0.00447065 0.00118890 0.00952015 0.00937582 0.00412017 0.00457802 0.00251547 0.23519908 0.26744509 0.00614225 0.06404552 0.06064492 0.00478155 0.01403450 0.02734691 0.00040763 0.01271030 0.22944408
147 0.29920677 0.00628660 0.01739419 0.00593639 0.05076136 0.01610449 0.00991950 0.08626213 0.00759251 0.01747989 0.01533129 0.00906601 0.00601182 0.00508444 0.01664259 0.32317075 0.07375864 0.00201324 0.00811083 0.02386658
148 0.09121298 0.02214422 0.05043385 0.11417311 0.00782810 0.04696444 0.13913713 0.13891713 0.02327732 0.06150626 0.06477326 0.04396374 0.02207712 0.01337131 0.01653092 0.06246106 0.03621383 0.00421479 0.01000291 0.03079653
149 0.03610127 0.00671450 0.00545889 0.00123046 0.00901560 0.00894665 0.00508918 0.00629129 0.00260262 0.24000981 0.27304578 0.00580126 0.07574134 0.04741466 0.00573197 0.01525909 0.02662098 0.00046064 0.01155019 0.21691383
150 0.02418850 0.01333670 0.00838602 0.00114132 0.00574366 0.00556493 0.00882913 0.00940899 0.00230916 0.19027397 0.37003894 0.00465544 0.12462098 0.03901249 0.00937335 0.01988010 0.02240540 0.00056875 0.01283320 0.12742898
151 0.03843229 0.06669218 0.02425079 0.01350510 0.00621499 0.05926868 0.03441299 0.01894589 0.01066630 0.01269790 0.01954289 0.09783806 0.00775825 0.01132630 0.42200685 0.07061317 0.05888848 0.00276912 0.00578590 0.01838389
152 0.05938644 0.28715520 0.03041412 0.02524272 0.00994744 0.05476024 0.05718884 0.01897281 0.03117812 0.02304382 0.02751122 0.14998410 0.02495302 0.01902771 0.03028232 0.05303804 0.03774303 0.00919099 0.01826211 0.03271772
153 0.07144127 0.04872548 0.02786569 0.01307849 0.01051290 0.04602488 0.01883439 0.02840379 0.00952209 0.02270819 0.03372638 0.04271078 0.01562899 0.01136979 0.41444881 0.08890816 0.05760027 0.00383027 0.00590079 0.02875859
154 0.04303683 0.01662991 0.01870511 0.01017821 0.01019091 0.01323351 0.01415321 0.02131481 0.02870882 0.07499935 0.13150109 0.02686912 0.03125852 0.23773816 0.00779675 0.02748342 0.02521132 0.01754261 0.16957011 0.07387825
155 0.28813687 0.00703952 0.02177699 0.00706237 0.03448988 0.01566069 0.01316959 0.16050193 0.01486239 0.04134588 0.02179899 0.00894289 0.01054960 0.00982476 0.02034169 0.23234189 0.05948487 0.00202099 0.00593023 0.02471799
156 0.06439487 0.03330358 0.22809889 0.09435125 0.01044739 0.03736598 0.06087647 0.06282867 0.03785378 0.02493109 0.03079068 0.06105787 0.01803189 0.02092389 0.02057999 0.08544226 0.04492108 0.00595650 0.01892969 0.03891418
157 0.02918083 0.00849715 0.00756945 0.00153782 0.00699054 0.00701997 0.00753793 0.00640243 0.00268469 0.18282920 0.35267439 0.00631141 0.09758901 0.06337677 0.00789367 0.01796012 0.02440713 0.00097443 0.01583792 0.15272517
158 0.02352250 0.00719903 0.02751720 0.02867880 0.01019470 0.00810998 0.00765153 0.02671570 0.03852890 0.03893960 0.02740000 0.01805180 0.01326990 0.32501000 0.00359683 0.02464110 0.01978820 0.00653492 0.31531600 0.02933330
159 0.04476122 0.00362896 0.00442429 0.00059449 0.01211281 0.00994547 0.00090995 0.00462144 0.00240213 0.31637217 0.13515307 0.00703433 0.04334562 0.02152991 0.00320776 0.00962535 0.03222712 0.00051366 0.00600305 0.34158718
160 0.04131701 0.14202902 0.08937101 0.06589101 0.00630688 0.12441402 0.08029711 0.03664450 0.01488110 0.01016590 0.01450500 0.23966303 0.01054330 0.01265500 0.00950004 0.04993521 0.03345970 0.00187740 0.00446875 0.01207500
161 0.03121520 0.02279430 0.02138110 0.00803144 0.00920350 0.00823083 0.01636020 0.01205880 0.04573990 0.03126300 0.06251850 0.02728040 0.02256370 0.21480400 0.00501065 0.03386960 0.02465730 0.02087710 0.34879999 0.03334050
162 0.03140991 0.02182511 0.02123891 0.00861989 0.00927502 0.00855901 0.01639641 0.01243701 0.04526182 0.03193471 0.06267013 0.02760441 0.02246121 0.21482810 0.00517042 0.03410992 0.02480231 0.02097971 0.34581016 0.03460582
163 0.28600127 0.01163941 0.04291344 0.05035645 0.00822732 0.02812503 0.10443810 0.22196821 0.01406181 0.00926162 0.00909406 0.01851962 0.00514523 0.01182911 0.00678660 0.09434439 0.05802275 0.00264452 0.00241445 0.01420661
164 0.04463064 0.00396541 0.00456954 0.00074495 0.01207971 0.00999735 0.00102028 0.00466564 0.00239049 0.31257026 0.14076112 0.00728060 0.04435804 0.02351842 0.00338575 0.01004311 0.03219083 0.00056317 0.00635441 0.33491028
165 0.03791982 0.02099601 0.11693805 0.24886411 0.00648652 0.06303283 0.08899834 0.21831109 0.01868751 0.00932779 0.01004080 0.06144463 0.00248398 0.01484611 0.00777992 0.04020982 0.01521601 0.00299767 0.00638386 0.00903513
166 0.03836207 0.01091219 0.00928521 0.00165582 0.00937936 0.00955233 0.00577423 0.00887725 0.00342183 0.23787682 0.25229681 0.00738500 0.09112813 0.03453227 0.00817384 0.01906019 0.03000048 0.00133611 0.01154819 0.20944185
167 0.21424129 0.00847043 0.02969034 0.01672922 0.02092773 0.01232752 0.01591202 0.28123139 0.01326192 0.01515282 0.01573562 0.01041961 0.00809203 0.00765825 0.01435772 0.23025032 0.06617939 0.00141596 0.00397210 0.01397432
168 0.04362428 0.00447943 0.00684503 0.00255963 0.01043180 0.01079390 0.00541447 0.00526261 0.00452771 0.23737490 0.22999990 0.00826381 0.05554358 0.05597218 0.00614878 0.01711199 0.03184669 0.00131396 0.01321449 0.24927089
169 0.08868838 0.06943848 0.04463999 0.07925238 0.01673810 0.12341497 0.10452697 0.04262429 0.01880230 0.03487219 0.03940249 0.10610397 0.01654950 0.01883500 0.03463449 0.06479848 0.04335029 0.00439897 0.00950329 0.03942549
170 0.02705719 0.02775579 0.00716020 0.00296229 0.00490908 0.00818004 0.01912549 0.00548738 0.02357779 0.08987587 0.28240091 0.03681779 0.06596628 0.11159396 0.00568064 0.02025969 0.01915839 0.02909079 0.13186796 0.08107247
171 0.05879378 0.28654089 0.03029399 0.02447159 0.01010950 0.05457708 0.05799138 0.01873229 0.03122619 0.02338679 0.02666459 0.15104194 0.02452899 0.01947289 0.03078409 0.05306548 0.03796829 0.00906607 0.01827239 0.03301179
172 0.03769576 0.00757849 0.00874809 0.00292445 0.00835307 0.00908867 0.00696845 0.00693741 0.00426462 0.20466077 0.29924467 0.00688551 0.08062051 0.05470284 0.00884341 0.02185118 0.03660236 0.00067936 0.01295959 0.18039080
173 0.04893436 0.02610828 0.09266402 0.27435977 0.00729086 0.06558434 0.16453786 0.06747594 0.02994277 0.01883708 0.01890118 0.05674235 0.00431821 0.00974798 0.00915671 0.04631496 0.03008277 0.00435176 0.00659919 0.01804958
174 0.06482369 0.04566280 0.04836420 0.12890899 0.00611016 0.07200669 0.30560397 0.03229930 0.02192720 0.01599040 0.02628760 0.08020889 0.00689939 0.01233270 0.01182190 0.04002430 0.03173710 0.00572765 0.01125440 0.03200870
175 0.05593691 0.02091490 0.07548441 0.28972605 0.00536467 0.06831381 0.24686604 0.03533861 0.03168521 0.01595850 0.01481950 0.04794601 0.00154914 0.00191458 0.00312860 0.03694781 0.02862101 0.00327464 0.00191319 0.01429640
176 0.04538990 0.03247250 0.08344700 0.15782899 0.01142980 0.03961320 0.06212150 0.05863030 0.01565630 0.02936780 0.03977670 0.05115770 0.01242880 0.01188330 0.11331000 0.10896200 0.06589150 0.00433243 0.00660781 0.04969250
177 0.05946619 0.01514370 0.01584730 0.00795367 0.01278740 0.01520530 0.01612020 0.01019480 0.00916631 0.22489196 0.14747797 0.02083200 0.04327129 0.03968109 0.01071210 0.03283399 0.04029319 0.00370690 0.01468870 0.25972595
178 0.24584072 0.00701678 0.01001059 0.00426399 0.11858887 0.04167895 0.00854645 0.02491267 0.00879270 0.07349312 0.03979996 0.01120929 0.02658967 0.01447278 0.03515146 0.14315184 0.05904433 0.00338969 0.00664728 0.11739887
179 0.05217205 0.03793707 0.04323766 0.11465890 0.00369808 0.10305391 0.39252865 0.02195338 0.01814758 0.01020829 0.01437269 0.08245353 0.00215138 0.00632557 0.00798959 0.02818558 0.02171388 0.00245248 0.00616475 0.03059497
