1 0.37131397 0.00435613 0.00925265 0.01471560 0.07377349 0.01018550 0.00922133 0.07541619 0.00340455 0.02526080 0.01894020 0.00911911 0.01017340 0.00580693 0.01995380 0.20565398 0.08412889 0.00095530 0.00405807 0.04431010
2 0.13717896 0.01709729 0.01697849 0.01627880 0.01927059 0.01904749 0.01336480 0.03611259 0.01851129 0.07035158 0.13610696 0.01578720 0.03167069 0.13397496 0.01612550 0.07892598 0.05709578 0.01357630 0.07289988 0.07964488
3 0.30035223 0.01380711 0.02130992 0.01827691 0.04028953 0.02233552 0.02633322 0.06842575 0.00880784 0.02367342 0.02519942 0.01863401 0.01210471 0.01131911 0.02699822 0.22789017 0.08725827 0.00285145 0.00697537 0.03715783
4 0.06477980 0.01482440 0.01307030 0.00985142 0.01366360 0.01308190 0.01455010 0.01800030 0.00854291 0.22651900 0.15916600 0.01576430 0.03153480 0.04151490 0.01310840 0.03589260 0.03801430 0.00367709 0.01625890 0.24818500
5 0.06028025 0.01002119 0.00576878 0.00379515 0.01105839 0.00803782 0.00564846 0.00934285 0.00560580 0.22759581 0.26673478 0.00655073 0.06118735 0.04063827 0.00802948 0.02295298 0.02786748 0.00294511 0.00869850 0.20724083
6 0.08098027 0.04939425 0.04712894 0.02708702 0.01575351 0.08061017 0.04459734 0.02421572 0.01874352 0.04662334 0.06223036 0.05435215 0.03123123 0.02006642 0.02100432 0.10466810 0.15029714 0.00435538 0.02090052 0.09576029
7 0.15960298 0.03328790 0.04324149 0.03665450 0.02666640 0.03633280 0.04289899 0.06659339 0.01679890 0.03524460 0.03885589 0.03936679 0.01943550 0.01950970 0.02974470 0.19305997 0.09684349 0.00581933 0.01691130 0.04313139
8 0.04974558 0.17735394 0.05251408 0.04062419 0.01419250 0.06323858 0.06715558 0.03734799 0.02712899 0.02235499 0.03741859 0.20009093 0.01993539 0.01098090 0.02596619 0.05707568 0.04719878 0.00474885 0.01431889 0.03060939
9 0.06390316 0.03702137 0.06122886 0.14545290 0.00561575 0.04883197 0.21052985 0.14596390 0.03443758 0.01844089 0.02074829 0.05091936 0.01215299 0.00515028 0.01521299 0.05796526 0.03007018 0.00231667 0.01102179 0.02301598
10 0.13812999 0.03167970 0.05011100 0.02395680 0.02159020 0.03198880 0.02438430 0.02964490 0.00885204 0.02575270 0.02727660 0.02481470 0.01926270 0.02438050 0.01367300 0.24450698 0.21216298 0.00277740 0.00945024 0.03560450
11 0.07578670 0.13438900 0.05212730 0.02989350 0.01288660 0.05359520 0.04585800 0.03597680 0.01932550 0.02061870 0.02879260 0.09095970 0.01753570 0.01757680 0.02300590 0.17746000 0.11278300 0.00975961 0.01285730 0.02881210
12 0.04452245 0.00875930 0.00516916 0.00273330 0.00864801 0.00686986 0.00421271 0.00734241 0.00498966 0.23735228 0.28286934 0.00519697 0.06510318 0.04293955 0.00683547 0.01603392 0.02370363 0.00290669 0.00824786 0.21556426
13 0.06352751 0.04398671 0.10512102 0.03877151 0.01433620 0.03946851 0.04390841 0.03552241 0.02118290 0.03767441 0.10532502 0.06574511 0.02471151 0.02511681 0.02160020 0.09546032 0.14368103 0.00407798 0.01668230 0.05410011
14 0.04272179 0.01019400 0.00469729 0.00265885 0.00750831 0.00741356 0.00396089 0.00762107 0.00525762 0.21142397 0.33357795 0.00515886 0.08130459 0.04373359 0.00647965 0.01384820 0.02164250 0.00337992 0.00839142 0.17902597
15 0.04160698 0.01732319 0.01537299 0.01363429 0.02040039 0.02510769 0.01864779 0.01628139 0.02484719 0.08228767 0.14854994 0.02116159 0.08943236 0.13477395 0.00955020 0.05135328 0.05267208 0.01755889 0.13620795 0.06323017
16 0.03888891 0.01345030 0.01090280 0.00812720 0.01447010 0.01123740 0.00846408 0.00991989 0.02743240 0.06516711 0.23591703 0.01113200 0.05213891 0.19592303 0.00713799 0.02217500 0.03086070 0.02234560 0.15550902 0.05880051
17 0.10554298 0.02611730 0.02945239 0.03594719 0.01231200 0.04389989 0.03373149 0.03203969 0.01800900 0.02844679 0.04727369 0.04396239 0.01669810 0.01200270 0.32826894 0.07734689 0.05201959 0.00677658 0.01314690 0.03700549
18 0.05639391 0.02982960 0.01714110 0.01798890 0.01408120 0.02961430 0.02546660 0.02147960 0.01438930 0.11870901 0.24330002 0.03203720 0.09621461 0.05106750 0.01588290 0.04705820 0.04621980 0.00631881 0.02314770 0.09365971
19 0.19611899 0.01689160 0.02198960 0.07091250 0.06199990 0.02255350 0.01783910 0.04752260 0.02144840 0.03163860 0.07007290 0.02322290 0.02150280 0.09223840 0.01952740 0.10026900 0.05825080 0.00880833 0.05187200 0.04532070
20 0.06443044 0.05221034 0.06144384 0.14662110 0.00710326 0.06089234 0.21602715 0.05044163 0.02559162 0.02400372 0.02983662 0.06864295 0.01521601 0.00638339 0.02072701 0.06459794 0.04153623 0.00276166 0.01350621 0.02802652
21 0.06708969 0.03245219 0.08976488 0.18098997 0.01201730 0.04152019 0.12901098 0.05059399 0.01928010 0.01909470 0.02743579 0.05106579 0.01572390 0.00888371 0.02583770 0.09056888 0.09928288 0.00289848 0.01116170 0.02532720
22 0.06018967 0.03301259 0.08603376 0.20416691 0.00834765 0.04790098 0.17602992 0.05627128 0.02375229 0.01972509 0.02580159 0.05520168 0.01351799 0.00881550 0.02541599 0.06886767 0.04588778 0.00321029 0.01446759 0.02338379
23 0.03763718 0.24086788 0.07575576 0.03666968 0.01221379 0.06650767 0.05662377 0.03146468 0.03214848 0.01472939 0.02458899 0.19161291 0.01573049 0.00888987 0.01269529 0.05531497 0.04510208 0.00221261 0.01371809 0.02551639
24 0.02707648 0.01456439 0.03282098 0.01112539 0.01656679 0.02830788 0.00798258 0.00780532 0.10067394 0.01913699 0.06007556 0.01395089 0.00976980 0.21060687 0.01101279 0.02305659 0.01257859 0.02280099 0.33292280 0.03716438
25 0.16510306 0.02565901 0.05190202 0.13442905 0.02373891 0.03968171 0.12105204 0.06000492 0.01942181 0.02083911 0.03160851 0.04008401 0.01562001 0.01193280 0.03180491 0.10163504 0.05852882 0.00294843 0.01129810 0.03270771
26 0.06780399 0.09763979 0.04771220 0.02438840 0.01574620 0.04687760 0.03542560 0.03901490 0.02252260 0.02432910 0.04753430 0.14761599 0.02214300 0.06333359 0.02424600 0.12355399 0.07316299 0.00996848 0.03231600 0.03466530
27 0.04858809 0.14775596 0.05432359 0.08986778 0.00947550 0.06551078 0.15025596 0.03268769 0.02340249 0.01741610 0.02384879 0.16833196 0.01623730 0.00453578 0.02083260 0.05524949 0.03755369 0.00277309 0.00944947 0.02190389
28 0.24259401 0.02221760 0.02264120 0.02722310 0.03477640 0.02645340 0.03495110 0.07886250 0.01238190 0.04774240 0.05833760 0.02725980 0.01849850 0.01973340 0.03546940 0.14149901 0.07017050 0.00366645 0.01383550 0.06168620
29 0.05074300 0.01745720 0.01093050 0.00878874 0.01018450 0.01591040 0.01249220 0.01522470 0.01079700 0.14799699 0.31372698 0.01639410 0.07684239 0.06820840 0.01206480 0.02569180 0.03104440 0.00725973 0.02354820 0.12469399
30 0.03052329 0.01113880 0.01775070 0.01044310 0.01509580 0.01079190 0.00599135 0.00905752 0.07037188 0.02544799 0.08209828 0.01282390 0.01309660 0.24963294 0.00935297 0.02086949 0.01501180 0.03134739 0.31823292 0.04092139
31 0.08121884 0.02353048 0.04818257 0.11214392 0.00809854 0.03969227 0.07160165 0.03579908 0.01555849 0.01523279 0.02853448 0.04885807 0.01230129 0.00751879 0.29475380 0.07101185 0.04977117 0.00522539 0.00905533 0.02191119
32 0.18487888 0.01837219 0.04551327 0.03199038 0.02748578 0.01824789 0.02616908 0.26463283 0.01090839 0.01504679 0.02067999 0.02560048 0.00918399 0.00980035 0.01913809 0.17770488 0.04943887 0.00568909 0.01168539 0.02783338
33 0.07477770 0.00969120 0.00757757 0.00560744 0.01282820 0.01009840 0.00842707 0.01251090 0.00621174 0.21728199 0.23014999 0.00801898 0.04871890 0.03920280 0.00973191 0.02769690 0.03306510 0.00260116 0.00975707 0.22604499
34 0.04891298 0.01182459 0.01121379 0.00618164 0.01175259 0.01060229 0.01129889 0.01260049 0.02023419 0.25316687 0.17820191 0.01269319 0.03933388 0.03823578 0.00983902 0.02849169 0.03053348 0.00514054 0.01878329 0.24095888
35 0.15802006 0.03336401 0.04387732 0.03694321 0.02628821 0.03635951 0.04274382 0.06741042 0.01691561 0.03521951 0.03953841 0.03823381 0.01971181 0.01931691 0.03040411 0.19257807 0.09755414 0.00572474 0.01639061 0.04340572
36 0.08028689 0.03893490 0.11498899 0.06914220 0.01742680 0.04204690 0.05104760 0.06894540 0.02489330 0.01551790 0.02533200 0.04922330 0.01383300 0.01706110 0.01951680 0.19234699 0.11743799 0.00294227 0.01258830 0.02648740
37 0.30347205 0.01302550 0.02090950 0.01649720 0.03896741 0.02166370 0.02442930 0.06622551 0.00822592 0.02231750 0.02334520 0.01719310 0.01134570 0.01151830 0.02484570 0.24371204 0.08722351 0.00304830 0.00694402 0.03509051
38 0.06073405 0.03324417 0.08544693 0.20380183 0.00858432 0.04831026 0.17667486 0.05693635 0.02409938 0.01933148 0.02527658 0.05541905 0.01331919 0.00839142 0.02585078 0.06915774 0.04491786 0.00308916 0.01437329 0.02304128
39 0.34113689 0.00834028 0.01147740 0.01666899 0.07485508 0.01335400 0.01149940 0.07254638 0.00540604 0.03307179 0.02939059 0.01367020 0.01300720 0.00984748 0.02236229 0.17846594 0.08248567 0.00164470 0.00786061 0.05290908
40 0.16046289 0.03302778 0.04347577 0.03601158 0.02664228 0.03611548 0.04191147 0.06584435 0.01699339 0.03533988 0.03928677 0.03811357 0.01982839 0.01933179 0.03036268 0.19345487 0.09785193 0.00556059 0.01682909 0.04355547
41 0.34829907 0.00907360 0.01499370 0.01513230 0.04716161 0.01764930 0.01993250 0.07233392 0.00654185 0.02171410 0.02209440 0.01359740 0.00993620 0.00891545 0.02506511 0.22382705 0.07860572 0.00202247 0.00541732 0.03768691
42 0.32304494 0.01195850 0.01816930 0.01783750 0.04405199 0.01979220 0.02382210 0.07318619 0.00775840 0.02350310 0.02437480 0.01671110 0.01100490 0.00999049 0.02642189 0.21946696 0.08171198 0.00252241 0.00624239 0.03842889
43 0.21188302 0.01423160 0.01332690 0.01711220 0.06130640 0.02006270 0.01675700 0.04146420 0.00965500 0.07740511 0.12783601 0.01887120 0.03120830 0.03699920 0.01682100 0.10773801 0.06614501 0.00466282 0.01936350 0.08715081
44 0.10030311 0.02364323 0.02643703 0.01584142 0.02086192 0.02156882 0.02338633 0.02691153 0.00900796 0.12860314 0.09679051 0.02778563 0.02986833 0.02869413 0.01594202 0.08624499 0.12876214 0.00386265 0.02069792 0.16478718
45 0.04702150 0.00443329 0.00570189 0.00194871 0.01014810 0.00400440 0.00388888 0.00591146 0.00351375 0.30132799 0.16470300 0.00391963 0.02508680 0.04188350 0.00750232 0.01807440 0.02604730 0.00147770 0.00552740 0.31787799
46 0.06005178 0.03374869 0.08546187 0.20336592 0.00822325 0.04840928 0.17646993 0.05690218 0.02384449 0.01972949 0.02585739 0.05550138 0.01354929 0.00869234 0.02502179 0.06882497 0.04549358 0.00315330 0.01441439 0.02328469
47 0.02721910 0.33113194 0.04359339 0.00901889 0.01194040 0.07394679 0.04852169 0.01073040 0.02325700 0.01008810 0.01639340 0.27747895 0.01764410 0.00508157 0.00816870 0.03224529 0.02373960 0.00103933 0.00836608 0.02039530
48 0.09993763 0.05073541 0.05057861 0.04109011 0.01636320 0.09780553 0.05858782 0.03137851 0.03184271 0.02032661 0.03572771 0.05527952 0.02304841 0.01405160 0.04632341 0.18345105 0.08928002 0.00577492 0.01524760 0.03316961
49 0.06092792 0.06166682 0.03316501 0.01921471 0.05491082 0.04173241 0.03160381 0.03487321 0.02342411 0.05237482 0.16698605 0.11875804 0.03926111 0.03480271 0.02394581 0.05500132 0.06104172 0.00815210 0.02284261 0.05531492
50 0.05916386 0.09567084 0.05447596 0.02553388 0.01664149 0.04624537 0.04218517 0.03437868 0.02477288 0.02447268 0.05102517 0.18975987 0.01837659 0.01053599 0.02467008 0.07385345 0.15463190 0.00505537 0.01217799 0.03637278
51 0.16116395 0.03265129 0.04364379 0.03741759 0.02666409 0.03609649 0.04243429 0.06689868 0.01652389 0.03526799 0.03864569 0.03806939 0.01958959 0.01874769 0.02975739 0.19305994 0.09831727 0.00556282 0.01598729 0.04350089
52 0.02734180 0.33127497 0.04331790 0.00881892 0.01198060 0.07418239 0.04879630 0.01062380 0.02322690 0.01016810 0.01624490 0.27747897 0.01759270 0.00499253 0.00826173 0.03219990 0.02352530 0.00112640 0.00836732 0.02047860
53 0.05494420 0.01270030 0.01024090 0.00845841 0.01343560 0.01075860 0.01322250 0.01180390 0.00725957 0.24461401 0.18900801 0.01266910 0.04264900 0.04089070 0.01094590 0.03201390 0.03457950 0.00394158 0.01462530 0.23123901
54 0.10234794 0.02995268 0.03123758 0.02887208 0.02747289 0.04283288 0.03296688 0.03091158 0.01702269 0.06825186 0.07616846 0.03573568 0.07548316 0.02431859 0.02137129 0.16741791 0.10183895 0.00622734 0.02339149 0.05617807
55 0.03443631 0.27331804 0.04254721 0.03058000 0.01161160 0.07418391 0.08992221 0.01657940 0.02063890 0.01298130 0.01831740 0.24249104 0.01815690 0.00441185 0.01285870 0.04043691 0.02792060 0.00139759 0.00785360 0.01935650
56 0.06387018 0.03893579 0.09586527 0.16176794 0.00727504 0.05162488 0.19324193 0.05048418 0.02591339 0.01607949 0.02208269 0.06196588 0.01198000 0.00440229 0.01691729 0.09413127 0.04976168 0.00162572 0.00954641 0.02252869
57 0.09603300 0.02625830 0.02878450 0.02200350 0.01792750 0.02340250 0.02554480 0.03010150 0.01284540 0.12424900 0.07301590 0.04175410 0.02378220 0.01834500 0.15712500 0.05995030 0.09985260 0.00778361 0.01413120 0.09711010
58 0.21844186 0.02004519 0.04127727 0.09525504 0.03414998 0.02553348 0.07889645 0.14599491 0.01543229 0.01551949 0.02262459 0.02769208 0.01031349 0.01010789 0.02276729 0.11916592 0.05431957 0.00241666 0.00837116 0.03167538
59 0.04631879 0.01427310 0.01475550 0.01153650 0.02673689 0.01553450 0.01905369 0.01947399 0.02307369 0.13462596 0.07728838 0.01679769 0.05180818 0.08839407 0.00862771 0.07550998 0.09648057 0.01616339 0.16259095 0.08095647
60 0.06489058 0.00625048 0.00696306 0.00437866 0.02733999 0.00622397 0.00654213 0.01029130 0.00451895 0.27198190 0.14107395 0.00741897 0.02902719 0.03631799 0.00777189 0.03892709 0.03879359 0.00233005 0.01285940 0.27609890
61 0.05084442 0.01687191 0.01081090 0.00877113 0.01025780 0.01575811 0.01229350 0.01555420 0.01084500 0.14886305 0.31396210 0.01567301 0.07653882 0.06948062 0.01192300 0.02489211 0.03038931 0.00732515 0.02337381 0.12557204
62 0.03998440 0.01106050 0.00396324 0.00249664 0.00634052 0.00850412 0.00321368 0.00797849 0.00537366 0.18118502 0.39224404 0.00463210 0.10847601 0.04033280 0.00566304 0.01304870 0.02147180 0.00358786 0.00845135 0.13199201
63 0.04716488 0.00462634 0.00581601 0.00201685 0.01038120 0.00419585 0.00400012 0.00606187 0.00356771 0.29875586 0.16863192 0.00421238 0.02725529 0.04136038 0.00747306 0.01889989 0.02646939 0.00166548 0.00602970 0.31141585
64 0.06000526 0.02974648 0.07351416 0.21966987 0.00197709 0.05582157 0.26418284 0.04802217 0.02427139 0.01502999 0.01659659 0.05105717 0.01131819 0.00195857 0.01407149 0.05241987 0.03144448 0.00070264 0.01016399 0.01802619
65 0.22995008 0.01439410 0.03012861 0.02613121 0.07571962 0.01509430 0.01349620 0.10412503 0.01020640 0.03111161 0.03242961 0.03341921 0.01564241 0.00831295 0.02468801 0.14205205 0.12958604 0.00272502 0.01012190 0.05066562
66 0.13354314 0.03621224 0.03768254 0.03325444 0.01795442 0.12075113 0.05824346 0.03195633 0.05657156 0.02638073 0.05395286 0.04104894 0.02204902 0.03312304 0.02817493 0.07317708 0.04127584 0.00752383 0.09842121 0.04870325
67 0.17538310 0.05184883 0.04016932 0.03301712 0.02393611 0.04456222 0.06113733 0.04785063 0.01795841 0.02470151 0.03371852 0.09360775 0.01557641 0.00995960 0.03225132 0.17092709 0.07556394 0.00524798 0.00966229 0.03292052
68 0.05195806 0.03038088 0.08028665 0.22776484 0.00163135 0.05510156 0.25184983 0.05523346 0.03113178 0.01408719 0.01474519 0.05262056 0.01006049 0.00206642 0.01291149 0.05277166 0.02982338 0.00063241 0.00935319 0.01558959
69 0.05525992 0.01247670 0.01003610 0.00842158 0.01358310 0.01077440 0.01302580 0.01190940 0.00721782 0.24522208 0.18953306 0.01255240 0.04293331 0.04036291 0.01092900 0.03191771 0.03395341 0.00388648 0.01415370 0.23185107
70 0.05231641 0.03891100 0.08136071 0.20584802 0.00332892 0.05122701 0.22254803 0.04543821 0.02268730 0.01440060 0.01924720 0.07279681 0.01258890 0.00238268 0.01748710 0.05805221 0.05167031 0.00128598 0.00890120 0.01752140
71 0.05681011 0.02974480 0.01687840 0.01788290 0.01420980 0.02964160 0.02501650 0.02103160 0.01419620 0.11879101 0.24206502 0.03216470 0.09660721 0.05053501 0.01642450 0.04813890 0.04690770 0.00648980 0.02280760 0.09365661
72 0.04488098 0.00297100 0.00510205 0.00116076 0.00967307 0.00280963 0.00271805 0.00465006 0.00285488 0.31624283 0.15256692 0.00264110 0.01913089 0.04290938 0.00716418 0.01576629 0.02405159 0.00098031 0.00387423 0.33785182
73 0.17534500 0.03466340 0.04103120 0.08431040 0.01507830 0.04587380 0.14963500 0.05010380 0.02174660 0.02348100 0.03424110 0.04788390 0.01391620 0.00754837 0.03063130 0.11868800 0.05669670 0.00356895 0.01103400 0.03452300
74 0.10902907 0.04011923 0.04573613 0.03485552 0.02075451 0.03380742 0.03861353 0.03513722 0.01395361 0.05200403 0.06309924 0.04464143 0.02677312 0.02885422 0.02683432 0.13763709 0.16362911 0.00447095 0.01774771 0.06230254
75 0.07001117 0.03948979 0.04309008 0.07953787 0.01144290 0.06023198 0.16741994 0.03611539 0.02668449 0.04258478 0.11530296 0.05422968 0.03028079 0.02097419 0.01829199 0.06283638 0.05050478 0.00522157 0.01710579 0.04864348
76 0.08670048 0.08133048 0.05371099 0.10713597 0.00885890 0.05885928 0.17530095 0.03789609 0.02373569 0.02055529 0.02770869 0.11370497 0.01463620 0.00457977 0.02433659 0.07660608 0.04707249 0.00318877 0.00953983 0.02454249
77 0.24301109 0.02211841 0.02285701 0.02648691 0.03494791 0.02572961 0.03384771 0.08053513 0.01225040 0.04820622 0.05791712 0.02718431 0.01840641 0.01988371 0.03399221 0.14280406 0.06994343 0.00368721 0.01417701 0.06201412
78 0.05490332 0.01265690 0.01034870 0.00898726 0.01358270 0.01071850 0.01353840 0.01204650 0.00727734 0.24390807 0.18953805 0.01299510 0.04290671 0.04072201 0.01072620 0.03167911 0.03437631 0.00399242 0.01458630 0.23051006
79 0.05058502 0.01769581 0.01128851 0.00900579 0.01019480 0.01589241 0.01269761 0.01586741 0.01087381 0.14884107 0.31222915 0.01626011 0.07646704 0.06779793 0.01231921 0.02526021 0.03090561 0.00722904 0.02324741 0.12534206
80 0.17609595 0.01884029 0.04665299 0.03270449 0.02617079 0.01760669 0.02779909 0.29124191 0.01119480 0.01502750 0.02121499 0.02658179 0.00938625 0.00939484 0.01863659 0.16089395 0.04643509 0.00502571 0.01132400 0.02777229
81 0.09839947 0.01579771 0.01309591 0.01170601 0.06113895 0.01477491 0.01461501 0.02163992 0.00920791 0.19628215 0.11350809 0.02108022 0.03934653 0.03121722 0.01162171 0.07840726 0.05597524 0.00487774 0.02689092 0.16041712
82 0.06307961 0.01188590 0.00938605 0.00810758 0.01811490 0.01235050 0.01191400 0.01338990 0.00751236 0.21736603 0.20419303 0.01172560 0.05499351 0.03580151 0.00874040 0.05810791 0.04507031 0.00527025 0.01755560 0.18543503
83 0.11352301 0.03550900 0.05380440 0.02263550 0.01605240 0.03432410 0.02141180 0.02193780 0.00781766 0.02261990 0.02565740 0.02301810 0.01955920 0.02796780 0.01030460 0.24539001 0.25414502 0.00223877 0.00865571 0.03342780
84 0.24363299 0.02263320 0.02292580 0.02675240 0.03516290 0.02636970 0.03444170 0.07862270 0.01240160 0.04804530 0.05856020 0.02744510 0.01858030 0.01920610 0.03473720 0.14188899 0.06972090 0.00350734 0.01334100 0.06202460
85 0.04313591 0.00755388 0.00429408 0.00155251 0.00733035 0.00523833 0.00263293 0.00608261 0.00414601 0.24630103 0.28762503 0.00321449 0.06451251 0.03930850 0.00624704 0.01262040 0.02079250 0.00202288 0.00518397 0.23020503
86 0.15206305 0.02269981 0.01869431 0.01652031 0.02014331 0.02363831 0.02441251 0.02730211 0.01123170 0.13113105 0.08315623 0.02823701 0.02063341 0.01965341 0.14935505 0.07298473 0.05030472 0.00566555 0.00953940 0.11263404
87 0.06574278 0.13502496 0.03653559 0.03832529 0.01595750 0.03187029 0.06054218 0.13674396 0.02222439 0.08433017 0.06642168 0.06611978 0.02194519 0.01662780 0.02053979 0.05655998 0.04353399 0.01149280 0.01892759 0.05053428
88 0.22990207 0.01710981 0.01918021 0.02393681 0.02462011 0.03422891 0.02853101 0.04710841 0.01117760 0.02335891 0.03226331 0.02537671 0.01185260 0.00838985 0.23762007 0.11678804 0.05733252 0.00473110 0.00758654 0.03890541
89 0.11098896 0.03929119 0.04541818 0.03391209 0.02071979 0.03362239 0.03779479 0.03518509 0.01356189 0.05198228 0.06385598 0.04421118 0.02666249 0.02936709 0.02670699 0.13808295 0.16400494 0.00463097 0.01812289 0.06187788
90 0.05073282 0.01705241 0.01067030 0.00874690 0.01015040 0.01585561 0.01257450 0.01603421 0.01084420 0.14868506 0.31329812 0.01582341 0.07657313 0.06867593 0.01242050 0.02491691 0.03087511 0.00722663 0.02339481 0.12544905
91 0.06397011 0.12450001 0.04145960 0.07466941 0.01026800 0.06408811 0.14066002 0.03126160 0.02208450 0.02306340 0.02417060 0.12019501 0.01254370 0.00584744 0.09396341 0.06573661 0.03607570 0.00727805 0.01269730 0.02546740
92 0.24226703 0.02259180 0.02296850 0.02689340 0.03497860 0.02638800 0.03430660 0.07779331 0.01234520 0.04796481 0.05795551 0.02765950 0.01846920 0.01993470 0.03515370 0.14221102 0.06992881 0.00370536 0.01464940 0.06183551
93 0.06465177 0.01490409 0.01350649 0.01001020 0.01367459 0.01330679 0.01492779 0.01807749 0.00881278 0.22504291 0.15819593 0.01638049 0.03155229 0.04144098 0.01328479 0.03605608 0.03819508 0.00346024 0.01672929 0.24778990
94 0.04621709 0.16530198 0.05196089 0.07804839 0.00996804 0.06658889 0.13907198 0.02984700 0.02318430 0.01663720 0.02344050 0.18525298 0.01691800 0.00453555 0.01961560 0.05324479 0.03647450 0.00259379 0.00930973 0.02178880
95 0.03568921 0.00926645 0.00643038 0.00472332 0.01345510 0.00610742 0.00523808 0.00763719 0.01483680 0.05052631 0.28166705 0.00642161 0.05794691 0.27049605 0.00388598 0.01743850 0.03080541 0.02655140 0.10733902 0.04353781
96 0.14599194 0.02572119 0.05010778 0.04544928 0.03216779 0.02318189 0.03747238 0.14475794 0.01628859 0.03082199 0.04198018 0.04677758 0.01675149 0.01264349 0.03025059 0.11374495 0.12123995 0.00439362 0.01332709 0.04693028
97 0.30063598 0.01376240 0.02105760 0.01834210 0.04036490 0.02211410 0.02586920 0.06895230 0.00854456 0.02369480 0.02490000 0.01887030 0.01209710 0.01118630 0.02740170 0.22913799 0.08607790 0.00293411 0.00710128 0.03695540
98 0.05008238 0.02970059 0.08070516 0.23356490 0.00178760 0.05485348 0.25756289 0.04882628 0.02324729 0.01548979 0.01472689 0.05306058 0.01025080 0.00191611 0.01421529 0.05062288 0.03135109 0.00069743 0.01037450 0.01696409
99 0.04840770 0.04908400 0.08853331 0.20137002 0.00640097 0.05005811 0.17294302 0.05370671 0.02400480 0.01693680 0.02124890 0.08970131 0.01182310 0.00484308 0.02403750 0.06232841 0.04106830 0.00325855 0.01019470 0.02005070
100 0.05082794 0.01696101 0.01078421 0.00888281 0.01003551 0.01595571 0.01245981 0.01541931 0.01089351 0.14906111 0.31342422 0.01601261 0.07651705 0.06857485 0.01212771 0.02494132 0.03032542 0.00737810 0.02395872 0.12545909
101 0.15942892 0.03352318 0.04343588 0.03611958 0.02685209 0.03636938 0.04182208 0.06567777 0.01670829 0.03525578 0.03927888 0.03834518 0.01992439 0.01942779 0.02997298 0.19340090 0.09857525 0.00591073 0.01675769 0.04321328
102 0.22729690 0.01400989 0.01641829 0.01497099 0.03937728 0.01606929 0.01992829 0.04404858 0.00627580 0.08144156 0.06366007 0.01863199 0.02025889 0.01859829 0.02012389 0.12205195 0.11792795 0.00227325 0.01349089 0.12314594
103 0.11356706 0.02548801 0.04986793 0.03007602 0.01201311 0.01354891 0.03349972 0.45958323 0.01207161 0.01338891 0.02607721 0.03103312 0.00895764 0.01062171 0.01243221 0.08279724 0.02623051 0.00322785 0.01027981 0.02523821
104 0.04314672 0.01418011 0.01405011 0.00890431 0.01380591 0.01065330 0.00794195 0.01513901 0.02883541 0.07186613 0.17199808 0.01292081 0.03731132 0.21332409 0.00912460 0.03178601 0.03524872 0.02700961 0.15666707 0.07608673
105 0.16829010 0.01419781 0.01669381 0.01456401 0.06081424 0.01530871 0.01624161 0.04099343 0.00752452 0.11332307 0.07401095 0.02247101 0.02764062 0.01904071 0.01607161 0.10351206 0.10398206 0.00315276 0.01845081 0.14371609
106 0.04675787 0.00457887 0.00575229 0.00204299 0.01036209 0.00418144 0.00406208 0.00601511 0.00363822 0.29937481 0.16814290 0.00396927 0.02704158 0.04155797 0.00746008 0.01886169 0.02639168 0.00167269 0.00604058 0.31209581
107 0.11221202 0.05999371 0.03481691 0.02880430 0.02029280 0.04122681 0.04690071 0.03208540 0.02079530 0.03951381 0.05291691 0.10977002 0.02226860 0.02613250 0.02375340 0.07841751 0.12507602 0.00688785 0.06345541 0.05468001
108 0.04336950 0.00528886 0.00438634 0.00128780 0.00867979 0.00384253 0.00249082 0.00497678 0.00364848 0.27402399 0.22233600 0.00269524 0.03980340 0.05472850 0.00652454 0.01289330 0.02196640 0.00237286 0.00735488 0.27732999
109 0.05193020 0.04131780 0.03599930 0.02902590 0.01572270 0.07548721 0.04585830 0.03653230 0.07833141 0.05832370 0.12891901 0.05676040 0.08395801 0.03654830 0.02271030 0.06101910 0.04058380 0.00769042 0.04155360 0.05172820
110 0.02723471 0.33200510 0.04332631 0.00874183 0.01190900 0.07400282 0.04849652 0.01048370 0.02321041 0.01001940 0.01622281 0.27801009 0.01765121 0.00502248 0.00820889 0.03214041 0.02348851 0.00107327 0.00828292 0.02046961
111 0.06420093 0.05208583 0.06136823 0.14782408 0.00700423 0.06097923 0.21536211 0.04986793 0.02562441 0.02387721 0.02969022 0.06883504 0.01538221 0.00629225 0.02057041 0.06451723 0.04170492 0.00281441 0.01384501 0.02815411
112 0.12399401 0.01708040 0.04972970 0.01686670 0.01109700 0.00787778 0.01640130 0.53188405 0.00669188 0.00626053 0.01647130 0.02314050 0.00522701 0.00838917 0.00771473 0.10071301 0.01994840 0.00297854 0.00843617 0.01909780
113 0.02570530 0.00729047 0.01376830 0.00665886 0.01496440 0.00580663 0.00321955 0.00466736 0.05690440 0.02297370 0.09666359 0.00925996 0.01685280 0.27858198 0.00713065 0.01628430 0.01539740 0.03285540 0.32738297 0.03763200
114 0.17863092 0.01755669 0.03780778 0.01554459 0.01840499 0.00895927 0.01889129 0.45634681 0.00634175 0.00943161 0.01904139 0.01900729 0.00611226 0.00842131 0.01254989 0.10318896 0.02842989 0.00220569 0.00804133 0.02508629
115 0.16069307 0.03302012 0.04298422 0.03600892 0.02667061 0.03644572 0.04191632 0.06573563 0.01639551 0.03522442 0.03881602 0.03837462 0.01960251 0.01933061 0.03049331 0.19433209 0.09770024 0.00567044 0.01681111 0.04377452
116 0.03768498 0.01912389 0.02295109 0.01621279 0.01739579 0.02016659 0.01737179 0.01714699 0.05840936 0.03495918 0.08082075 0.01985499 0.01953939 0.19686088 0.01234539 0.03501288 0.02617648 0.02487979 0.27596883 0.04711817
117 0.04379663 0.24930118 0.04637073 0.02676742 0.01256701 0.06434165 0.05703684 0.03326202 0.02503752 0.02207472 0.03767973 0.19134014 0.01957701 0.01241711 0.01697631 0.05177944 0.04137783 0.00441629 0.01473041 0.02915002
118 0.02856220 0.00782264 0.01132710 0.00642267 0.01509170 0.00536797 0.00362429 0.00486203 0.04531770 0.02700820 0.14582499 0.00808971 0.02606760 0.28182697 0.00593758 0.01608320 0.01943100 0.03276100 0.27247098 0.03610050
119 0.05088404 0.01724218 0.01116909 0.00882911 0.01003739 0.01591318 0.01269099 0.01586498 0.01100129 0.14929882 0.31248163 0.01607718 0.07617501 0.06771652 0.01263099 0.02509987 0.03049096 0.00740085 0.02308207 0.12591385
120 0.11074597 0.01651780 0.01115880 0.01136910 0.02011129 0.01370940 0.01443680 0.04744459 0.00891822 0.15886296 0.22156494 0.01502640 0.05563898 0.03069779 0.01257910 0.05250529 0.04677609 0.00480735 0.01251520 0.13461396
121 0.04455022 0.00794830 0.00488916 0.00226025 0.00775889 0.00601869 0.00362726 0.00689518 0.00463764 0.23726312 0.28699815 0.00417025 0.06341803 0.04087432 0.00685832 0.01356101 0.02217451 0.00229692 0.00636463 0.22743512
122 0.03153858 0.28225980 0.05308046 0.01608089 0.01228869 0.07572655 0.04612637 0.01604259 0.04482617 0.01234079 0.02197198 0.25079882 0.01592149 0.00572470 0.01182569 0.03653327 0.03045858 0.00216500 0.01146149 0.02282808
123 0.05688651 0.05915561 0.08046621 0.04909440 0.01542700 0.05899851 0.05981491 0.03591580 0.03103950 0.04930240 0.08494301 0.06966311 0.07044431 0.02463290 0.02246430 0.08183781 0.06985281 0.00453360 0.02196280 0.05356451
124 0.09819374 0.03648131 0.05464952 0.09478314 0.00996247 0.04501142 0.16839007 0.03168661 0.02074741 0.02282141 0.03245381 0.05564922 0.01645251 0.00699431 0.01687311 0.13476006 0.10749204 0.00318861 0.01126610 0.03214311
125 0.09006745 0.01905479 0.07232616 0.02761389 0.00673068 0.00705736 0.01939389 0.56320872 0.00784254 0.00412547 0.01609589 0.02985929 0.00418286 0.00792025 0.00546774 0.07772076 0.01646089 0.00183166 0.00723314 0.01580659
126 0.14266015 0.01999022 0.03692844 0.03959904 0.02687063 0.02725853 0.02793543 0.09123089 0.01370531 0.02185172 0.03648564 0.04577595 0.01439331 0.00845203 0.20339921 0.08294799 0.10925311 0.00544935 0.00972022 0.03609284
127 0.05524661 0.01242450 0.00999767 0.00829959 0.01350780 0.01066810 0.01284070 0.01206620 0.00721409 0.24468005 0.19029904 0.01253260 0.04300011 0.04073281 0.01097640 0.03180821 0.03408731 0.00391003 0.01405910 0.23164905
128 0.06354559 0.01506622 0.01355242 0.01001691 0.01353342 0.01291502 0.01494092 0.01810082 0.00851449 0.22612431 0.15876622 0.01610832 0.03176664 0.04138896 0.01352182 0.03585985 0.03818415 0.00344744 0.01662712 0.24801934
129 0.06966018 0.08438647 0.05216558 0.05599678 0.01392330 0.11372296 0.08612657 0.03124849 0.04542309 0.02776469 0.05363898 0.09039597 0.02662549 0.01463290 0.03842659 0.07962578 0.05139958 0.00458291 0.02306809 0.03718559
130 0.09154270 0.05389780 0.05078960 0.04319000 0.01581830 0.11303600 0.06332350 0.03161450 0.03903450 0.02101610 0.03888150 0.06050420 0.02464900 0.01256820 0.04776230 0.15999400 0.07692950 0.00559623 0.01653390 0.03331820
131 0.06031806 0.03341998 0.08594184 0.20407286 0.00828553 0.04799587 0.17685288 0.05686326 0.02371898 0.01957329 0.02549598 0.05527176 0.01320649 0.00878375 0.02480598 0.06888805 0.04559317 0.00308837 0.01449069 0.02333318
132 0.05507591 0.15078802 0.03756790 0.01899300 0.01357590 0.04693310 0.04059510 0.02567170 0.02084960 0.07683511 0.09722801 0.11281901 0.03041070 0.02185100 0.01785190 0.05087261 0.05165071 0.00522840 0.01867730 0.10652501
133 0.04392999 0.24767492 0.04651358 0.02665119 0.01238720 0.06438878 0.05742418 0.03340529 0.02547959 0.02258449 0.03788859 0.19030994 0.01978419 0.01242970 0.01649999 0.05215998 0.04163339 0.00443194 0.01500629 0.02941679
134 0.05072981 0.01707280 0.01084820 0.00912610 0.01009730 0.01616360 0.01266250 0.01530790 0.01078890 0.14865204 0.31412808 0.01568810 0.07712782 0.06841902 0.01214180 0.02517531 0.03044711 0.00708934 0.02314721 0.12518703
135 0.11329492 0.02525598 0.04967597 0.03004078 0.01201059 0.01412269 0.03407218 0.45799968 0.01238259 0.01344029 0.02598888 0.03063628 0.00914980 0.01076009 0.01326059 0.08288694 0.02599648 0.00362668 0.01012119 0.02527738
136 0.12839906 0.03310552 0.05180353 0.02483371 0.01992391 0.03295902 0.02441341 0.02726211 0.00881558 0.02606301 0.02849711 0.02543401 0.02011031 0.02542141 0.01309901 0.23586812 0.22567211 0.00255075 0.00937208 0.03639622
137 0.05988111 0.03367671 0.08529092 0.20395704 0.00800654 0.04826381 0.17694104 0.05690161 0.02402861 0.01945800 0.02567251 0.05584571 0.01317410 0.00894714 0.02522261 0.06865462 0.04496401 0.00300440 0.01502970 0.02307981
138 0.04054381 0.08583103 0.03619631 0.02862871 0.01735591 0.04147111 0.03968991 0.02452591 0.04578191 0.02688801 0.05274492 0.10846103 0.01914631 0.10478203 0.02140221 0.04587791 0.03792791 0.01549030 0.16915405 0.03810071
139 0.15959803 0.03303341 0.04372601 0.03656281 0.02666910 0.03648931 0.04249111 0.06619371 0.01672800 0.03563461 0.03934661 0.03808901 0.01960940 0.01944110 0.03023251 0.19275803 0.09771992 0.00575313 0.01669120 0.04323301
140 0.03704130 0.25418201 0.04494600 0.01460510 0.01362780 0.06705600 0.04741360 0.01622310 0.02486830 0.01714710 0.05273330 0.24459600 0.01854880 0.00752252 0.01594370 0.03810660 0.04539530 0.00270626 0.01082220 0.02651500
141 0.05083090 0.02879620 0.03622010 0.08960180 0.01293200 0.07639560 0.21341000 0.03820930 0.02082540 0.08580900 0.03815760 0.03810100 0.02174870 0.01474960 0.01406920 0.05982960 0.04480610 0.00626728 0.06086690 0.04837370
142 0.05149205 0.01246219 0.01286379 0.00699340 0.01319959 0.02703157 0.01596208 0.01195729 0.00766832 0.23850876 0.16926083 0.01440719 0.04086836 0.03289847 0.01039699 0.03219007 0.03561046 0.00336666 0.01278319 0.25007875
143 0.04703728 0.03769919 0.09927787 0.18961894 0.00862632 0.04143739 0.14993695 0.10975396 0.02529389 0.01444580 0.01945709 0.08211497 0.00969256 0.00504598 0.02025179 0.06887938 0.04105869 0.00349323 0.00880965 0.01806909
144 0.16029614 0.03343173 0.04353044 0.03679193 0.02665162 0.03633883 0.04256124 0.06710626 0.01638321 0.03511433 0.03814523 0.03868773 0.01961162 0.01847262 0.03069943 0.19375817 0.09767619 0.00549750 0.01571521 0.04353054
145 0.06459921 0.05238911 0.06070091 0.14592103 0.00711817 0.06145081 0.21436904 0.04977581 0.02555011 0.02491480 0.03016941 0.06889221 0.01532950 0.00672316 0.02072610 0.06463191 0.04096631 0.00298457 0.01424120 0.02854661
146 0.15771505 0.04951161 0.03769241 0.04400151 0.01687291 0.11021503 0.06959752 0.03435291 0.03481821 0.02491901 0.05746172 0.06033702 0.02235411 0.01373030 0.04653801 0.10463903 0.05476342 0.00427830 0.01832001 0.03788191
147 0.05733457 0.05894447 0.03603028 0.03340778 0.01362929 0.13197793 0.05513117 0.02311629 0.04121268 0.04350048 0.10530094 0.07444126 0.08517555 0.01893069 0.02808428 0.07178036 0.05107927 0.00487494 0.01985939 0.04618838
148 0.09160840 0.01797480 0.02538270 0.02671970 0.01083350 0.03700470 0.01989380 0.03136320 0.01259310 0.02634250 0.05509330 0.03739370 0.04319750 0.00939305 0.36518200 0.05424780 0.09115640 0.00508115 0.00912539 0.03041330
149 0.06951331 0.08464521 0.05217331 0.05570161 0.01385520 0.11423201 0.08595931 0.03154020 0.04589961 0.02797050 0.05343651 0.09034231 0.02665130 0.01404370 0.03841070 0.07979621 0.05129141 0.00452909 0.02292960 0.03707890
150 0.04356593 0.01402261 0.01401441 0.00857413 0.01372901 0.01090921 0.00780831 0.01539561 0.02851692 0.07187164 0.17209411 0.01276501 0.03729902 0.21341113 0.00897406 0.03185252 0.03552242 0.02713102 0.15599710 0.07654585
151 0.24150403 0.02198930 0.02293390 0.02660650 0.03497950 0.02610860 0.03394960 0.07798341 0.01235570 0.04896241 0.05982041 0.02760410 0.01870210 0.02018090 0.03456840 0.14073302 0.06976241 0.00379889 0.01409560 0.06336121
152 0.02817578 0.00896835 0.00926591 0.00699094 0.01673139 0.00671750 0.00590132 0.00859003 0.03810908 0.03176898 0.13991892 0.00931633 0.02560419 0.26000585 0.00784216 0.02073759 0.01931319 0.09489195 0.22994287 0.03120768
153 0.05571325 0.03056433 0.08039087 0.21649120 0.00303539 0.05393825 0.23853422 0.05053025 0.02445382 0.01468101 0.01706442 0.05429705 0.01161261 0.00232295 0.01599751 0.06668296 0.03511043 0.00101504 0.00993022 0.01763422
154 0.12104797 0.02841199 0.06404429 0.16893196 0.01596850 0.04418439 0.15352397 0.05763279 0.02141120 0.01937650 0.02897709 0.04548779 0.01457850 0.00995899 0.02961489 0.08411188 0.05034699 0.00265662 0.01162000 0.02811369
155 0.11303005 0.02514241 0.04991432 0.03005581 0.01194320 0.01407261 0.03371191 0.45842919 0.01212700 0.01366201 0.02680821 0.03103591 0.00905640 0.01076850 0.01285901 0.08244513 0.02553651 0.00369689 0.01012660 0.02557831
156 0.02376308 0.00666211 0.01446239 0.00659669 0.01489429 0.00548196 0.00255848 0.00375861 0.06338744 0.02052778 0.07909722 0.00900803 0.01205009 0.27604172 0.00727387 0.01512078 0.01189159 0.03068167 0.35851664 0.03822556
157 0.04898353 0.06130254 0.08622006 0.21612215 0.00458983 0.05001174 0.18919713 0.05606034 0.02506612 0.01516971 0.01805121 0.06516815 0.01062311 0.00461966 0.01791531 0.06032214 0.03953233 0.00215361 0.01183551 0.01705581
158 0.05051693 0.01730631 0.01119091 0.00918804 0.01016011 0.01598181 0.01280941 0.01569211 0.01113531 0.14831310 0.31085020 0.01645821 0.07590865 0.06869304 0.01249371 0.02535722 0.03054962 0.00749432 0.02410292 0.12579808
159 0.03842570 0.01053980 0.00476923 0.00375546 0.01137190 0.00682201 0.00494977 0.00802847 0.00736371 0.09004360 0.34847001 0.00570213 0.07584890 0.19976700 0.00394510 0.01559420 0.02884630 0.01644030 0.05000600 0.06931040
160 0.04664459 0.00979108 0.00594002 0.00341904 0.00851254 0.00822527 0.00516217 0.00846800 0.00588864 0.21711993 0.29678191 0.00651921 0.06880978 0.04381969 0.00739513 0.01623889 0.02440519 0.00300592 0.01026610 0.20358693
161 0.04405283 0.24815816 0.04662193 0.02645172 0.01270351 0.06450864 0.05745574 0.03288662 0.02578112 0.02207511 0.03754982 0.19128812 0.01954311 0.01246861 0.01658881 0.05189953 0.04143123 0.00438727 0.01474961 0.02939852
162 0.04626525 0.00961205 0.00590171 0.00327793 0.00818841 0.00796576 0.00507719 0.00835355 0.00581405 0.21776925 0.29920735 0.00624831 0.06938808 0.04332635 0.00739000 0.01569832 0.02427283 0.00301165 0.00974473 0.20348724
163 0.05062021 0.01725110 0.01102560 0.00889554 0.01008870 0.01608150 0.01260250 0.01549790 0.01091550 0.14946202 0.31300803 0.01567360 0.07605671 0.06787631 0.01212780 0.02518770 0.03068800 0.00726105 0.02321120 0.12646901
164 0.04668520 0.00909467 0.00711375 0.00474261 0.01485220 0.00828161 0.00644250 0.01058020 0.01008170 0.20451700 0.22423700 0.00628293 0.06464020 0.05924180 0.00580867 0.03261640 0.04244660 0.00694105 0.05496890 0.18042500
165 0.04737238 0.00687910 0.00614184 0.00274939 0.00922430 0.00618304 0.00464056 0.00738596 0.00458399 0.26350890 0.22035691 0.00529217 0.04229838 0.04276158 0.00759386 0.01655439 0.02536609 0.00206948 0.00713780 0.27189989
166 0.02428561 0.00706627 0.01488401 0.00690075 0.01492961 0.00585774 0.00268178 0.00393764 0.06463432 0.02068521 0.07789413 0.00931351 0.01179880 0.27114910 0.00738643 0.01579261 0.01185200 0.02992461 0.36032614 0.03869971
167 0.10169503 0.01207970 0.00984921 0.00925583 0.02076191 0.01095390 0.01382290 0.01761880 0.00694088 0.22201006 0.15717604 0.01281250 0.03602811 0.03300211 0.01429430 0.05364411 0.04361351 0.00324352 0.01120550 0.20999205
168 0.04410261 0.24807408 0.04619842 0.02637071 0.01256640 0.06443892 0.05753002 0.03262971 0.02510121 0.02237601 0.03759331 0.19166507 0.01962131 0.01252220 0.01672671 0.05221922 0.04170591 0.00423116 0.01482811 0.02949891
169 0.02898899 0.00786790 0.01081530 0.00627608 0.01504809 0.00535634 0.00377586 0.00500032 0.04201758 0.02788699 0.15543193 0.00790060 0.02874359 0.28496288 0.00576643 0.01627689 0.02068869 0.03326859 0.25840889 0.03551808
170 0.07223008 0.11923797 0.03352109 0.03320439 0.01274440 0.05700729 0.04902629 0.02794599 0.02338629 0.02778969 0.03686259 0.10268597 0.01447910 0.01033200 0.20853995 0.07103298 0.04470479 0.00883246 0.01651650 0.02992019
171 0.04307609 0.01412180 0.01428530 0.00885611 0.01374690 0.01087140 0.00787866 0.01498630 0.02853169 0.07286028 0.17255995 0.01297350 0.03735139 0.21327293 0.00862684 0.03181249 0.03552859 0.02612799 0.15515995 0.07737188
172 0.04413601 0.24854006 0.04626561 0.02694421 0.01240180 0.06446052 0.05775681 0.03330351 0.02532911 0.02218531 0.03738031 0.19108305 0.01963030 0.01234070 0.01634740 0.05144211 0.04203231 0.00432545 0.01483050 0.02926491
173 0.12214201 0.02025460 0.02098210 0.02750550 0.01477390 0.06056311 0.02864350 0.02875490 0.01657890 0.01367160 0.02502870 0.03417610 0.01205640 0.00672064 0.33039603 0.15930101 0.03570460 0.00898807 0.00822790 0.02553040
174 0.06750099 0.03913799 0.08170689 0.02179560 0.00838477 0.03624899 0.01577720 0.01959240 0.01230900 0.01974490 0.04428129 0.02735690 0.02063320 0.07897329 0.00969039 0.19591997 0.23009796 0.00398670 0.03005740 0.03680419
175 0.04464921 0.00302697 0.00514077 0.00112134 0.00957691 0.00285095 0.00273311 0.00462245 0.00289050 0.31660410 0.15241305 0.00269630 0.01902001 0.04294811 0.00720536 0.01572271 0.02393231 0.00100143 0.00384328 0.33800111
176 0.05637470 0.06210810 0.05337790 0.12343500 0.00751230 0.10426200 0.21211600 0.03792180 0.02908730 0.02512340 0.03138950 0.07620910 0.01743730 0.00489871 0.02068920 0.05951450 0.03460470 0.00226327 0.01636430 0.02531090
177 0.10504510 0.02654722 0.02918063 0.03604963 0.01204161 0.04325884 0.03363933 0.03210323 0.01771102 0.02852433 0.04782444 0.04462904 0.01684262 0.01218061 0.32874230 0.07659877 0.05209755 0.00691169 0.01342611 0.03664593
178 0.05492649 0.02595109 0.02233639 0.01304750 0.01638980 0.01767220 0.01859879 0.01865779 0.01096640 0.22523494 0.13153296 0.05509029 0.03245699 0.02770059 0.01491460 0.03879119 0.04447869 0.00734437 0.01343300 0.21047594
179 0.05445123 0.00423426 0.00541203 0.00180809 0.01177021 0.00370929 0.00370668 0.00624235 0.00337682 0.30013916 0.15918108 0.00377425 0.02449321 0.04042922 0.00738427 0.02120551 0.02818581 0.00132115 0.00542818 0.31374717
