1 0.04177200 0.00457594 0.00876483 0.00312069 0.00988860 0.00704541 0.00427588 0.00686484 0.00453084 0.19607901 0.31491002 0.00422868 0.06021910 0.06566880 0.00525963 0.01669120 0.02459150 0.00680011 0.01808490 0.19662801
2 0.05218939 0.03468880 0.01612350 0.02129050 0.01693200 0.03673050 0.03489310 0.02478670 0.00686553 0.02347740 0.03064180 0.02533540 0.01286540 0.01251870 0.49555694 0.06393659 0.05120799 0.00298258 0.00526371 0.03171350
3 0.03212937 0.02694098 0.12010991 0.24169881 0.00760884 0.02365058 0.09396133 0.24473881 0.01777579 0.01215409 0.01647619 0.05632306 0.00209650 0.01368659 0.01358519 0.04164247 0.01432309 0.00335770 0.00555053 0.01219019
4 0.05931316 0.01170719 0.01568459 0.01085529 0.01142759 0.01456329 0.01329849 0.01443419 0.01086119 0.21974085 0.14424590 0.01801459 0.03681448 0.03552848 0.01330539 0.03343228 0.04600737 0.00407517 0.01663769 0.27005282
5 0.05755350 0.13665700 0.05086700 0.04538430 0.00579739 0.07671720 0.07670130 0.02658770 0.02778100 0.02412040 0.03277000 0.22581000 0.01693100 0.02917160 0.01740670 0.04572410 0.05027640 0.00579870 0.01349270 0.03445200
6 0.10551797 0.03283469 0.03231549 0.02593189 0.01446370 0.02041639 0.02303589 0.21654393 0.01152330 0.12161596 0.04099749 0.02248449 0.01614449 0.01597010 0.01891079 0.17490895 0.05237578 0.00393003 0.00537918 0.04469949
7 0.16504106 0.02555691 0.03347001 0.02490941 0.02647921 0.02625861 0.02951631 0.07093973 0.01474391 0.02487391 0.03656031 0.02672541 0.02034101 0.01905721 0.02585131 0.28198710 0.08913413 0.00696573 0.01231030 0.03927841
8 0.04225389 0.00686095 0.00664733 0.00191658 0.00993929 0.00746637 0.00415418 0.00626568 0.00423276 0.24282397 0.28788696 0.00543936 0.07331609 0.04530219 0.00371148 0.01547370 0.02217360 0.00111556 0.01140010 0.20161997
9 0.05683096 0.06400155 0.03269458 0.03007058 0.00935341 0.04118627 0.04577227 0.02668938 0.02191918 0.14132089 0.06202715 0.15262989 0.02805518 0.02918388 0.02453668 0.04321037 0.06383555 0.00437113 0.01078819 0.11152292
10 0.03568531 0.02932351 0.02342201 0.00718003 0.00747316 0.01075050 0.01356291 0.01194550 0.04090392 0.02941611 0.05675822 0.01835601 0.01903141 0.18941707 0.00395474 0.02773411 0.02461371 0.01270150 0.39733615 0.04043411
11 0.04151253 0.02383022 0.04301573 0.04120353 0.00448158 0.01270831 0.01224371 0.03933452 0.01914811 0.01511781 0.02992732 0.10199206 0.00662728 0.32714321 0.00295141 0.01951911 0.02187371 0.02201491 0.19969713 0.01565781
12 0.03929552 0.01557721 0.02191021 0.01925101 0.00867941 0.01318991 0.01911711 0.01747411 0.02512821 0.05288322 0.11569905 0.03034601 0.02672751 0.28348611 0.00826490 0.03150891 0.03197431 0.01961241 0.15587606 0.06399882
13 0.01891590 0.01782300 0.17200799 0.29567997 0.00820262 0.02333350 0.09359149 0.17796598 0.02060380 0.01019510 0.01391760 0.06682429 0.00091814 0.01077760 0.00584988 0.03434060 0.01332870 0.00325173 0.00446883 0.00800328
14 0.05230494 0.02171752 0.05890935 0.23432419 0.00787790 0.03917793 0.24604420 0.03886763 0.04616894 0.02009782 0.01780261 0.05487975 0.00206325 0.05709545 0.00891116 0.03512503 0.02522472 0.00558279 0.01024041 0.01758441
15 0.06252220 0.27188102 0.04324250 0.02328380 0.01517240 0.06846450 0.04521770 0.02896900 0.02414550 0.02151350 0.03600860 0.14557901 0.02350650 0.01856550 0.02679270 0.04656300 0.04283680 0.00725534 0.02424120 0.02423920
16 0.09966100 0.01714470 0.02777190 0.03336190 0.00899490 0.01363210 0.02255100 0.55315000 0.01133780 0.01579570 0.02522230 0.01588470 0.00675244 0.01061750 0.01130080 0.07735690 0.02523630 0.00263520 0.00522686 0.01636600
17 0.02903549 0.00268263 0.00478137 0.00139884 0.00935849 0.00590645 0.00238242 0.00805055 0.00359073 0.33499090 0.12879796 0.00846409 0.02992759 0.01946639 0.00756618 0.00952482 0.03579199 0.00048086 0.00632335 0.35147890
18 0.05755265 0.28478923 0.04175093 0.01822981 0.01134691 0.12309510 0.04874514 0.01628141 0.02296352 0.01352661 0.01301011 0.20607717 0.01555011 0.01102501 0.01626021 0.03285433 0.03629653 0.00192129 0.01259951 0.01612441
19 0.08846113 0.02240951 0.06305632 0.14432005 0.00831160 0.03959021 0.23373308 0.14725705 0.01593481 0.01541241 0.02140231 0.04329651 0.00548458 0.01398060 0.02339481 0.05516552 0.02585021 0.00570221 0.00727488 0.01996221
20 0.03582881 0.02086191 0.01211950 0.00467085 0.00775817 0.00358528 0.00931516 0.02220391 0.00401524 0.05585242 0.37427914 0.01618551 0.18756307 0.01822341 0.05682212 0.05053262 0.05817052 0.00371768 0.00255574 0.05573892
21 0.16437387 0.02625368 0.03319697 0.02530838 0.02701568 0.02694838 0.03078908 0.07239314 0.01529209 0.02437208 0.03644427 0.02747668 0.02119688 0.01948978 0.02528788 0.27783478 0.08772023 0.00735399 0.01228459 0.03896757
22 0.03957469 0.01506560 0.01413970 0.01017310 0.00920819 0.00953694 0.01431670 0.01742010 0.00710858 0.13445398 0.34569194 0.01700930 0.07449999 0.06352759 0.01049900 0.03056209 0.03013969 0.00914076 0.02251710 0.12541498
23 0.05992333 0.17916309 0.04500472 0.02095091 0.00373818 0.13803607 0.08376494 0.00951369 0.02627371 0.01227561 0.00921734 0.26822913 0.01505411 0.00989438 0.01251251 0.03354312 0.04289532 0.00236207 0.00394156 0.02370621
24 0.10342301 0.01658090 0.02724090 0.03259940 0.00914513 0.01347740 0.02303220 0.55064607 0.01140970 0.01571310 0.02409730 0.01604070 0.00694186 0.01065500 0.01086030 0.07812671 0.02608520 0.00272854 0.00504554 0.01615100
25 0.04495368 0.01248400 0.01321540 0.00822670 0.01057050 0.01240550 0.01173860 0.01525749 0.00872341 0.26724691 0.17401894 0.01495589 0.04612418 0.03426669 0.01007750 0.02424049 0.03750609 0.00199013 0.01397300 0.23802492
26 0.28677417 0.02612632 0.02311661 0.02345841 0.02487362 0.03082862 0.03600892 0.08854035 0.02283281 0.03675682 0.04161423 0.02950652 0.01585071 0.02046921 0.02091181 0.14354609 0.05624913 0.00468089 0.01290431 0.05495043
27 0.04077992 0.01557081 0.01020760 0.00174219 0.00930996 0.00757521 0.00433392 0.00601884 0.00554847 0.21007808 0.28199311 0.01013240 0.12686405 0.04171482 0.00574574 0.02610941 0.02615791 0.00159988 0.01188360 0.15663406
28 0.06023611 0.03459611 0.03787551 0.11655602 0.00638582 0.06959091 0.35043706 0.03375311 0.02691400 0.01910760 0.02373790 0.06507011 0.00634242 0.01741760 0.02262700 0.04135601 0.03196861 0.00501570 0.00902399 0.02198840
29 0.02674859 0.00237088 0.00394888 0.00129427 0.00920613 0.00558388 0.00194322 0.00853138 0.00329118 0.34578891 0.11515197 0.00829257 0.02568729 0.01634990 0.00723048 0.00924309 0.03573519 0.00041525 0.00556004 0.36762691
30 0.04006972 0.02503061 0.01987741 0.06577883 0.00407006 0.13771606 0.43442317 0.01755231 0.02412911 0.04946712 0.01435001 0.04844312 0.00479818 0.01314311 0.02676111 0.02534891 0.02301661 0.00218757 0.00503509 0.01880191
31 0.10259805 0.01646431 0.02682281 0.03177952 0.00912852 0.01341911 0.02269891 0.55006927 0.01160231 0.01613391 0.02551201 0.01638771 0.00708180 0.01082051 0.01116041 0.07825874 0.02547651 0.00257312 0.00499557 0.01701691
32 0.05810740 0.01139030 0.01635140 0.01083580 0.01165770 0.01513140 0.01249450 0.01510280 0.01088640 0.21895202 0.14369001 0.01965210 0.03658130 0.03489050 0.01305210 0.03332060 0.04542870 0.00459092 0.01643200 0.27145202
33 0.04110520 0.00537075 0.00566737 0.00127756 0.00996654 0.00692274 0.00347645 0.00451866 0.00350275 0.23921598 0.30921198 0.00383759 0.07750839 0.04807500 0.00259757 0.01380540 0.01844690 0.00077419 0.01110600 0.19361299
34 0.07602179 0.28739132 0.02680123 0.01851012 0.01789642 0.09809901 0.03051583 0.02573453 0.01500262 0.01506632 0.01598042 0.10795212 0.01008971 0.01252761 0.14494516 0.03559764 0.02810653 0.00218937 0.01173761 0.01983462
35 0.01567931 0.00626101 0.01579591 0.00922820 0.00457935 0.00405664 0.00693923 0.00915050 0.03740412 0.02380012 0.03390832 0.01549841 0.02453542 0.36499724 0.00133026 0.01656671 0.02771882 0.00918869 0.33837822 0.03498352
36 0.10164201 0.05097991 0.05345351 0.04778560 0.01415230 0.04062600 0.07220861 0.03617780 0.12523201 0.03535090 0.03732530 0.06227341 0.01899210 0.05775191 0.01362480 0.05910991 0.04097720 0.01223600 0.07043581 0.04966490
37 0.16420205 0.02538791 0.03321641 0.02401841 0.02578531 0.02736581 0.02982551 0.06926252 0.01515080 0.02534001 0.03744141 0.02626401 0.02119391 0.01961051 0.02653081 0.27957908 0.09030973 0.00627690 0.01270830 0.04053061
38 0.03437002 0.02994561 0.02334831 0.00741162 0.00759202 0.01091021 0.01346151 0.01121021 0.04172212 0.02892091 0.05544303 0.01828541 0.01916241 0.18939609 0.00397518 0.02798231 0.02403651 0.01257191 0.40121619 0.03903842
39 0.04408788 0.21413791 0.12510895 0.01749609 0.01326479 0.06972307 0.03360379 0.01992119 0.08383686 0.01073650 0.04095078 0.11965095 0.01319569 0.01726209 0.00924507 0.02827669 0.02497159 0.00898396 0.08726146 0.01828469
40 0.01600261 0.00607578 0.01628521 0.00968329 0.00446958 0.00418179 0.00706843 0.00921684 0.03693721 0.02371481 0.03201541 0.01633981 0.02406791 0.36834412 0.00125995 0.01638471 0.02752221 0.00944572 0.33675311 0.03423151
41 0.08839170 0.08617450 0.04824940 0.06212430 0.01678220 0.15569100 0.10249500 0.03049220 0.02529800 0.02915760 0.03078850 0.10390300 0.01287690 0.02000590 0.03068920 0.06086300 0.03771100 0.00571831 0.01273370 0.03985460
42 0.32650482 0.00915525 0.01833919 0.00719726 0.02893648 0.01649979 0.02387699 0.08508145 0.01208479 0.00930638 0.01131639 0.01042089 0.01166979 0.01042779 0.01790929 0.30159083 0.05959087 0.00153018 0.00481377 0.03374778
43 0.03673019 0.02820129 0.02308039 0.00759476 0.00738501 0.01065620 0.01383009 0.01196530 0.04057628 0.02912129 0.05363628 0.01822179 0.01876359 0.19066293 0.00402432 0.02859069 0.02479709 0.01183030 0.40081784 0.03951438
44 0.03971669 0.01533750 0.01410300 0.00962549 0.00918918 0.00933926 0.01353750 0.01620350 0.00704400 0.13254798 0.34845794 0.01639390 0.07387029 0.06604649 0.01041320 0.02992109 0.02945039 0.00957615 0.02364750 0.12557898
45 0.04048798 0.01602949 0.02167599 0.01891619 0.00894814 0.01269369 0.01920549 0.01828229 0.02422999 0.05236857 0.11766193 0.02983458 0.02676138 0.28340883 0.00825345 0.03171678 0.03174598 0.01930389 0.15504091 0.06343446
46 0.03865238 0.01514609 0.01407009 0.00947313 0.00918243 0.00898512 0.01395819 0.01636339 0.00699396 0.13361495 0.34994286 0.01652509 0.07499217 0.06452747 0.01052490 0.03002869 0.02913139 0.00931787 0.02380289 0.12476695
47 0.08807923 0.08606513 0.05008486 0.06355985 0.01769289 0.15643088 0.10034992 0.02884388 0.02497958 0.02968368 0.03077258 0.10476692 0.01337929 0.01961818 0.03130968 0.06011085 0.03649317 0.00519498 0.01270879 0.03987567
48 0.06616117 0.01405379 0.01640239 0.01150479 0.06947447 0.01763469 0.01012420 0.01554769 0.01249649 0.19001291 0.13206994 0.01404439 0.03638968 0.02905389 0.01857149 0.04904248 0.03454188 0.00346986 0.01108089 0.24832289
49 0.11604006 0.02211481 0.02855222 0.01184701 0.01400831 0.02768112 0.02210221 0.04553433 0.05796733 0.01540311 0.02342251 0.02284711 0.01359321 0.01917811 0.01007451 0.31992618 0.17854410 0.00776799 0.00922696 0.03416882
50 0.06440676 0.01346599 0.06976026 0.31106883 0.00852298 0.04288078 0.24406287 0.04369238 0.02572079 0.01187269 0.01874539 0.04876007 0.00096953 0.01065559 0.00868643 0.03655308 0.02238649 0.00245193 0.00187807 0.01345909
51 0.06412214 0.04687956 0.02489988 0.02077418 0.00893338 0.04655376 0.02736048 0.01747338 0.02853247 0.10559590 0.03389327 0.14818887 0.02347548 0.01980818 0.01974418 0.03855816 0.06036185 0.00734765 0.00830545 0.24919177
52 0.06635557 0.02768239 0.06492137 0.06188247 0.01411719 0.02175169 0.03919968 0.34160286 0.08211497 0.01753919 0.02436449 0.03294759 0.00846393 0.02036129 0.01351909 0.08547176 0.02701139 0.00656748 0.02039689 0.02372869
53 0.04487502 0.01130120 0.01326321 0.00822150 0.01038190 0.01204220 0.01168590 0.01449261 0.00823440 0.27069411 0.16998307 0.01458751 0.04598802 0.03345981 0.01094960 0.02466031 0.03820312 0.00176739 0.01319601 0.24201310
54 0.19435800 0.04554500 0.15841600 0.05356810 0.01645310 0.04482290 0.04553660 0.04942560 0.03311480 0.02299750 0.02641290 0.05057240 0.01403020 0.02096630 0.01714010 0.10220900 0.04731430 0.00574328 0.01133410 0.04003980
55 0.28619491 0.02746229 0.02316819 0.02228189 0.02451049 0.03050809 0.03422029 0.09074077 0.02252739 0.03789409 0.04168949 0.02940969 0.01598139 0.02089139 0.02030579 0.14216795 0.05534938 0.00466633 0.01399280 0.05603738
56 0.02990910 0.00266855 0.00464164 0.00125920 0.00925281 0.00585953 0.00230603 0.00795702 0.00356060 0.33420896 0.13759998 0.00737237 0.03165660 0.02092670 0.00670549 0.01009850 0.03443110 0.00052127 0.00701960 0.34204496
57 0.16569499 0.02550340 0.03411300 0.02430010 0.02555100 0.02611160 0.03034460 0.07192569 0.01534750 0.02397310 0.03514390 0.02756720 0.02080170 0.01862200 0.02611430 0.28243897 0.08980029 0.00605869 0.01250910 0.03807890
58 0.08562352 0.01824610 0.02751611 0.01213970 0.00848143 0.01499750 0.01544190 0.01812960 0.01290340 0.14627103 0.08702832 0.02616071 0.03262961 0.02309730 0.02195040 0.05790251 0.14130103 0.00559676 0.01321600 0.23136705
59 0.04005071 0.01497510 0.00881141 0.00138980 0.00920484 0.00721806 0.00351549 0.00485622 0.00484636 0.21939504 0.28378405 0.00893746 0.13404102 0.03865581 0.00482554 0.02574490 0.02370980 0.00130244 0.00946892 0.15526702
60 0.05913273 0.13681406 0.05060482 0.04470762 0.00571822 0.07618674 0.07597374 0.02681781 0.02741551 0.02367351 0.03333712 0.22667111 0.01679261 0.03034971 0.01718581 0.04534472 0.05092622 0.00574461 0.01431041 0.03229292
61 0.03667460 0.00874564 0.00771785 0.00129882 0.00880626 0.00559098 0.00387165 0.00512158 0.00553535 0.18100799 0.34356998 0.00515666 0.10599299 0.07199640 0.00462605 0.01949280 0.01911120 0.00352232 0.01738990 0.14477099
62 0.06828943 0.16510507 0.04566192 0.02407971 0.00453818 0.15255207 0.08657114 0.01108280 0.02631871 0.01299191 0.00984698 0.24786111 0.01414791 0.01089360 0.01395691 0.03370422 0.04040122 0.00239425 0.00515954 0.02444331
63 0.04475791 0.01220010 0.01290960 0.00861197 0.01057800 0.01276980 0.01278810 0.01411860 0.00837353 0.27000606 0.17162104 0.01505360 0.04670661 0.03381351 0.00988901 0.02432271 0.03702871 0.00173967 0.01355740 0.23915405
64 0.05697550 0.05133830 0.20508000 0.11034200 0.01375260 0.04381890 0.05676810 0.05440840 0.02798990 0.02769870 0.03914910 0.06329950 0.01807390 0.02732630 0.01437500 0.07195780 0.04845310 0.00818149 0.02357570 0.03743570
65 0.04335928 0.02531249 0.10562195 0.03519098 0.00799400 0.01414579 0.02659249 0.01730159 0.01129279 0.06154037 0.21953589 0.02888588 0.06542587 0.03363528 0.02110479 0.04151478 0.12179894 0.00772532 0.01209759 0.09992395
66 0.06027441 0.03457581 0.03915271 0.11600803 0.00626358 0.06937242 0.34819508 0.03499631 0.02761151 0.01942380 0.02308361 0.06490501 0.00628079 0.01733680 0.02244430 0.04282231 0.03179151 0.00520936 0.00920655 0.02104610
67 0.06407710 0.01457630 0.06778360 0.29673901 0.00768488 0.04300230 0.25557601 0.04483250 0.02734320 0.01262440 0.01758800 0.04999170 0.00102853 0.01106480 0.00932102 0.03657930 0.02177910 0.00249520 0.00204253 0.01387050
68 0.36242776 0.00801935 0.01595469 0.00612437 0.02774248 0.01407609 0.02338618 0.09965854 0.01208669 0.00809328 0.00896058 0.00907710 0.00943817 0.00844527 0.01561929 0.27330782 0.05918626 0.00136341 0.00443356 0.03259908
69 0.09583605 0.03996378 0.03603198 0.02568119 0.01215249 0.02458919 0.03561968 0.04195108 0.01593109 0.05446497 0.06138337 0.04642698 0.02660519 0.02954999 0.02889199 0.13975893 0.18413891 0.01039369 0.01763289 0.07299656
70 0.04094850 0.02076760 0.02509590 0.00498929 0.00817024 0.00535287 0.00849766 0.01535460 0.00572120 0.10125100 0.28911999 0.01498720 0.16135899 0.02469310 0.02513400 0.04032690 0.08831620 0.00784238 0.00601940 0.10605300
71 0.04118636 0.24167676 0.04268296 0.01327179 0.00302327 0.11889988 0.06414664 0.00702609 0.02185328 0.00960026 0.00742095 0.28320672 0.01848638 0.00668509 0.00798041 0.04769075 0.04840785 0.00083608 0.00237340 0.01354509
72 0.03037851 0.01388031 0.17047807 0.30809013 0.01383641 0.04163712 0.08842294 0.06016982 0.02034691 0.01587641 0.02270581 0.05160982 0.00223791 0.01047830 0.01135260 0.08186093 0.03335551 0.00346691 0.00237197 0.01744361
73 0.05989305 0.03348923 0.03836003 0.11703811 0.00620427 0.06984106 0.35389132 0.03309173 0.02620532 0.01866052 0.02401142 0.06429526 0.00632059 0.01751192 0.02252982 0.04181194 0.03202973 0.00481532 0.00897144 0.02102792
74 0.04946748 0.02664389 0.10188096 0.07908457 0.00687396 0.04941888 0.26689291 0.03870429 0.01299540 0.02141869 0.02365479 0.05992658 0.00593367 0.01152620 0.10160296 0.05227378 0.04713448 0.00343679 0.00498363 0.03614609
75 0.03940742 0.01555701 0.02126211 0.01826941 0.00882526 0.01296761 0.01786441 0.01888751 0.02405201 0.05302023 0.11688707 0.02956372 0.02725202 0.28406416 0.00793518 0.03113992 0.03139912 0.01932731 0.15814309 0.06417544
76 0.29042593 0.02666679 0.02257049 0.02221989 0.02462059 0.03003719 0.03478919 0.08968338 0.02246849 0.03699659 0.04086539 0.02898739 0.01602670 0.02031120 0.01995280 0.14485597 0.05659539 0.00454063 0.01169330 0.05569269
77 0.05018840 0.02718280 0.01800160 0.01915370 0.01069190 0.01282920 0.02836550 0.03901670 0.00775482 0.04802140 0.28730001 0.02960650 0.07619450 0.02732020 0.11621801 0.05359100 0.06808110 0.00563653 0.01001860 0.06482750
78 0.07430943 0.05747123 0.04141142 0.09029644 0.01002810 0.12865806 0.20688009 0.02412481 0.01939151 0.01635201 0.01638621 0.08627734 0.01057200 0.01433161 0.02162731 0.11055205 0.03708352 0.00528835 0.00459201 0.02436651
79 0.36366297 0.00676677 0.01410540 0.00298399 0.01932650 0.01004350 0.01871950 0.11629299 0.01060760 0.00786204 0.00889233 0.00689792 0.00868738 0.00621187 0.00748369 0.26036198 0.09405389 0.00112209 0.00302100 0.03289660
80 0.27851500 0.01220390 0.02207700 0.01084140 0.02425430 0.02697800 0.02892910 0.03641490 0.02437710 0.01533080 0.02060180 0.02165630 0.01084620 0.07441390 0.03480710 0.24662100 0.04094090 0.00780000 0.01548780 0.04690350
81 0.04568040 0.11865700 0.04922510 0.07286800 0.00244217 0.08599570 0.19081800 0.02018070 0.02394870 0.01313390 0.02519000 0.21815800 0.01122630 0.01195350 0.01411020 0.03554570 0.04055180 0.00215534 0.00403800 0.01412150
82 0.06814251 0.03402871 0.02707650 0.01667280 0.01116560 0.08236271 0.02923041 0.01920170 0.01626450 0.18047003 0.07061331 0.05617161 0.02602500 0.02175340 0.03010441 0.06112881 0.11329202 0.00350602 0.00830090 0.12448902
83 0.01513981 0.00385724 0.01049901 0.00297225 0.00509457 0.00339789 0.00607079 0.00583149 0.04038502 0.03524582 0.08301575 0.00614854 0.02928282 0.29926918 0.00139924 0.02294811 0.03020302 0.01115371 0.32194719 0.06613854
84 0.06319755 0.07971446 0.15883612 0.10701608 0.01537141 0.15430312 0.06695395 0.02756182 0.02608922 0.01489541 0.02521302 0.09691217 0.00990162 0.01269641 0.01213001 0.05787224 0.03048972 0.00425483 0.01194661 0.02464422
85 0.06194439 0.01633890 0.05461919 0.26263497 0.00595523 0.04774509 0.30511496 0.03921630 0.03059610 0.01407070 0.01564890 0.04895629 0.00105600 0.01147830 0.01045160 0.03410650 0.02138750 0.00210209 0.00211490 0.01446210
86 0.04214971 0.00475887 0.00889585 0.00318783 0.00999090 0.00711087 0.00460599 0.00675338 0.00477375 0.19426607 0.31526211 0.00457851 0.06023282 0.06518422 0.00527493 0.01687491 0.02534091 0.00669477 0.01842651 0.19563707
87 0.02682248 0.00257895 0.00404275 0.00120923 0.00901924 0.00553710 0.00206551 0.00815982 0.00328708 0.34413279 0.11530693 0.00858204 0.02598368 0.01688779 0.00743689 0.00921984 0.03629208 0.00049306 0.00580796 0.36713477
88 0.06157342 0.27101907 0.04405111 0.02398131 0.01518750 0.06853242 0.04426291 0.02961711 0.02387761 0.02140961 0.03605031 0.14457804 0.02325561 0.01828650 0.02689711 0.04762041 0.04390281 0.00743815 0.02497981 0.02347921
89 0.16622408 0.02540841 0.03451412 0.02559341 0.02751211 0.02656151 0.03049232 0.07013964 0.01510161 0.02431201 0.03778092 0.02727101 0.02133891 0.01886031 0.02623051 0.27733314 0.08805784 0.00712219 0.01138721 0.03875872
90 0.04125809 0.01621280 0.09211368 0.29069195 0.01830390 0.05981039 0.09935668 0.03901649 0.01179930 0.02151140 0.09571788 0.03742089 0.00783448 0.01742900 0.02021430 0.04582769 0.03803789 0.00460193 0.00519917 0.03764209
91 0.05780444 0.01172351 0.01573141 0.01062741 0.01083651 0.01416371 0.01268441 0.01508511 0.01129151 0.22075214 0.14341109 0.01887751 0.03648072 0.03578032 0.01239621 0.03235292 0.04503643 0.00448538 0.01730811 0.27317117
92 0.03906819 0.01528209 0.01369690 0.00958667 0.00914703 0.00911267 0.01401840 0.01573389 0.00704445 0.13331196 0.34899888 0.01701479 0.07467118 0.06536158 0.01036230 0.03046899 0.02951259 0.00945821 0.02333929 0.12480996
93 0.05844152 0.13467006 0.05151802 0.04538032 0.00550115 0.07600193 0.07818153 0.02672441 0.02763851 0.02458001 0.03352361 0.22419609 0.01713191 0.02832251 0.01771971 0.04679342 0.05016352 0.00548593 0.01404101 0.03398481
94 0.03994562 0.00224597 0.00490582 0.00074564 0.01050960 0.00659980 0.00172992 0.00497732 0.00336740 0.27570012 0.25378611 0.00193734 0.05826553 0.04049232 0.00255340 0.00951067 0.02165951 0.00042079 0.01064500 0.25000211
95 0.05539784 0.05071403 0.20602013 0.11043507 0.01296931 0.04433473 0.05878314 0.05529744 0.02821412 0.02725042 0.03883483 0.06457164 0.01849881 0.02701632 0.01465791 0.07020845 0.04860943 0.00751145 0.02327552 0.03739942
96 0.05747677 0.13533294 0.05132468 0.04516948 0.00598076 0.07617026 0.07531117 0.02617759 0.02720339 0.02423219 0.03461298 0.22638690 0.01741529 0.03041469 0.01705249 0.04650678 0.05005288 0.00551160 0.01425939 0.03340778
97 0.03970407 0.00238997 0.00488767 0.00079335 0.01050589 0.00663221 0.00176357 0.00488262 0.00333754 0.27754780 0.25106882 0.00200683 0.05733666 0.03984057 0.00261320 0.00942122 0.02187778 0.00039723 0.01044519 0.25254782
98 0.03990579 0.01573279 0.01418990 0.00915024 0.00884163 0.00913643 0.01364680 0.01651729 0.00690708 0.13425895 0.34560688 0.01625659 0.07470007 0.06518268 0.01033420 0.03021059 0.02973289 0.00967917 0.02322109 0.12678896
99 0.07147129 0.02728710 0.25632796 0.06441389 0.01238460 0.03469789 0.03194499 0.04415819 0.02264920 0.02426880 0.02005190 0.04105439 0.01718280 0.01518710 0.01553640 0.19016497 0.06161589 0.00493149 0.00716917 0.03750199
100 0.04183372 0.04052501 0.09395093 0.16708606 0.00448349 0.03672971 0.16289206 0.12870705 0.01858701 0.01593031 0.02742601 0.13327505 0.00448179 0.02237501 0.01318870 0.03718221 0.02537641 0.00419830 0.00816866 0.01360250
101 0.05935264 0.03378153 0.03924023 0.11588609 0.00606902 0.06960975 0.34912826 0.03313672 0.02704762 0.01899461 0.02377952 0.06430185 0.00638093 0.01840821 0.02293862 0.04281613 0.03297922 0.00538561 0.00925550 0.02150792
102 0.04791915 0.13341887 0.04006856 0.02283468 0.00471285 0.06674423 0.06077194 0.01628068 0.02161998 0.02894147 0.03548696 0.23696776 0.01954298 0.02268798 0.01889738 0.05962344 0.11335589 0.00537003 0.00666611 0.03808906
103 0.04019972 0.01459021 0.01408611 0.00990651 0.00876383 0.00867116 0.01410541 0.01717361 0.00659341 0.13515707 0.34718417 0.01607031 0.07560044 0.06411033 0.01081421 0.03020172 0.02940571 0.00941649 0.02186051 0.12608906
104 0.26100707 0.01631240 0.01618650 0.00873725 0.09342042 0.01136150 0.01718110 0.19676805 0.01085200 0.00997447 0.01290450 0.00612066 0.01155250 0.00904141 0.02068941 0.22012506 0.05602591 0.00205740 0.00230066 0.01738170
105 0.25662107 0.01923351 0.02686191 0.08464402 0.01439900 0.03983211 0.15513404 0.07097102 0.01833011 0.01400180 0.01791631 0.03923311 0.00660455 0.01455310 0.02103361 0.12274204 0.03994781 0.00297145 0.00551431 0.02945511
106 0.06113462 0.01642101 0.05446392 0.26097608 0.00599834 0.04758352 0.30535110 0.03956911 0.03041381 0.01403340 0.01585231 0.04923962 0.00125459 0.01202130 0.01033050 0.03430551 0.02157061 0.00231649 0.00226826 0.01489590
107 0.04586292 0.01113981 0.01254651 0.00850816 0.01042800 0.01210221 0.01271611 0.01528601 0.00863744 0.26718012 0.17350008 0.01450121 0.04616652 0.03439442 0.01055850 0.02458561 0.03717862 0.00157774 0.01377791 0.23935211
108 0.04471629 0.03663169 0.03019709 0.02088479 0.01064700 0.01862649 0.03171379 0.02185979 0.02305809 0.01500510 0.08374947 0.02712269 0.02953489 0.10096897 0.01035940 0.05572188 0.05234568 0.29923291 0.04859029 0.03903369
109 0.02742788 0.00242245 0.00417024 0.00126315 0.00903282 0.00556764 0.00183768 0.00837877 0.00325999 0.34526581 0.11384394 0.00849257 0.02549119 0.01664219 0.00745155 0.00930399 0.03633208 0.00051745 0.00577284 0.36752580
110 0.05077236 0.03375554 0.02342303 0.00548826 0.01096631 0.01366582 0.01248861 0.01757032 0.01197191 0.11804814 0.23918628 0.02487673 0.15103017 0.04234155 0.01396032 0.05502126 0.04291485 0.00963311 0.02117632 0.10170912
111 0.03558850 0.12566401 0.03623010 0.01069890 0.01104920 0.02191250 0.01776440 0.02176970 0.01837580 0.06802571 0.25158403 0.04977480 0.10174101 0.02935710 0.01883320 0.04402050 0.03320540 0.01119500 0.05408951 0.03912060
112 0.03149533 0.04341124 0.02519842 0.02058162 0.00544105 0.01655561 0.05779635 0.02621192 0.01093621 0.04680324 0.34740830 0.11970210 0.04494054 0.03861843 0.01768302 0.03561163 0.05219625 0.00664149 0.02030482 0.03246243
113 0.16357602 0.02607060 0.03349430 0.02419430 0.02593600 0.02590070 0.02939750 0.07222601 0.01544280 0.02454760 0.03730950 0.02817470 0.02113230 0.01912120 0.02518410 0.27988104 0.09007281 0.00712797 0.01234750 0.03886301
114 0.08830272 0.08745753 0.05105216 0.06240995 0.01708879 0.15568387 0.10022691 0.03036867 0.02514148 0.02782708 0.02926048 0.10440991 0.01309249 0.01980198 0.03037937 0.06309125 0.03754067 0.00576065 0.01278509 0.03831897
115 0.05959832 0.01126728 0.01534358 0.01115718 0.01147978 0.01416448 0.01279808 0.01510988 0.01083218 0.21863069 0.14445580 0.01864417 0.03672165 0.03580055 0.01336368 0.03366825 0.04546964 0.00476679 0.01630238 0.27042562
116 0.06793866 0.03489478 0.08876505 0.29701182 0.08982395 0.15753891 0.05649757 0.02321189 0.00905163 0.01032249 0.02941958 0.01932999 0.00317780 0.00920570 0.01577269 0.04293947 0.02206849 0.00223059 0.00212646 0.01867249
117 0.08863484 0.08588854 0.05016602 0.06260723 0.01695201 0.15558707 0.10070005 0.02936621 0.02494391 0.03012861 0.02933331 0.10510605 0.01325551 0.01922871 0.02966021 0.06266673 0.03802382 0.00568232 0.01212281 0.03994602
118 0.16458794 0.02066999 0.01852549 0.00722734 0.01512449 0.00901805 0.02203209 0.18634594 0.00887836 0.02083519 0.05786098 0.01575279 0.08148497 0.01089100 0.02668139 0.13856895 0.13229096 0.02636819 0.00363989 0.03321599
119 0.03959478 0.01551559 0.01435059 0.01041999 0.00928821 0.00943082 0.01380859 0.01737669 0.00684538 0.13294094 0.34563283 0.01711359 0.07516106 0.06516337 0.01049319 0.03034309 0.02964749 0.00953057 0.02260629 0.12473694
120 0.29025614 0.02562491 0.02314271 0.02232821 0.02408131 0.03021661 0.03526992 0.09087464 0.02286991 0.03655362 0.04094672 0.02864841 0.01537631 0.01961751 0.01965041 0.14514707 0.05620643 0.00450832 0.01334881 0.05533203
121 0.28716775 0.02654548 0.02331118 0.02362618 0.02432698 0.03014957 0.03595287 0.09114632 0.02181728 0.03715607 0.04175506 0.02918767 0.01573029 0.02093258 0.01980448 0.14258988 0.05600105 0.00461936 0.01298509 0.05519485
122 0.08431583 0.04422222 0.02376861 0.04039841 0.01739441 0.01997301 0.04604522 0.29541911 0.01126730 0.02156421 0.05230352 0.02052831 0.01310860 0.01204480 0.14465805 0.07942673 0.03567781 0.00334295 0.00458638 0.02995451
123 0.04652749 0.01115560 0.01974110 0.00771746 0.00805877 0.01149670 0.00981039 0.01431680 0.00825190 0.28034894 0.09791058 0.02070100 0.02995599 0.02096550 0.01927830 0.03633259 0.09582498 0.00200905 0.00931594 0.25028095
124 0.05503641 0.01042680 0.01275140 0.00450679 0.00844731 0.00826122 0.00879325 0.00866960 0.00847138 0.22807404 0.23144804 0.01295620 0.06020891 0.03438821 0.01053930 0.02244200 0.06481991 0.00152467 0.01088150 0.19735304
125 0.04439620 0.00462555 0.00894252 0.00346404 0.01026530 0.00725632 0.00395519 0.00712752 0.00486880 0.22072902 0.27111302 0.00460042 0.05707511 0.05213990 0.00549062 0.01548270 0.02884570 0.00443893 0.01492810 0.23025502
126 0.04123487 0.01543219 0.01029059 0.00170101 0.00931625 0.00788066 0.00436595 0.00592727 0.00554584 0.20933485 0.28331080 0.01002709 0.12854291 0.04148377 0.00543069 0.02660358 0.02606808 0.00149621 0.01168149 0.15432589
127 0.16595784 0.02588087 0.03449377 0.02423518 0.02679997 0.02592837 0.02931837 0.06859483 0.01551488 0.02502448 0.03686626 0.02746937 0.02169628 0.01958938 0.02567298 0.28042573 0.08819491 0.00640246 0.01342889 0.03850516
128 0.05516598 0.05015228 0.21005091 0.10858295 0.01321779 0.04263688 0.05555707 0.05646027 0.02841479 0.02814189 0.03854678 0.06286957 0.01920129 0.02786069 0.01464929 0.07140287 0.04866918 0.00817885 0.02318639 0.03705428
129 0.04130641 0.00737981 0.00653930 0.00195957 0.00972228 0.00699215 0.00498640 0.00563993 0.00426060 0.22790904 0.31240706 0.00604350 0.07959181 0.04835861 0.00372052 0.01607940 0.02082850 0.00122516 0.01144290 0.18360703
130 0.04173021 0.00716809 0.01189390 0.00583704 0.00925682 0.01064350 0.00947539 0.00843478 0.01335440 0.13748304 0.23397807 0.01081490 0.04406871 0.14157504 0.00650350 0.02736201 0.02937451 0.01406400 0.06773502 0.16924705
131 0.06135050 0.26973999 0.04366500 0.02374840 0.01531640 0.06869860 0.04519320 0.02889940 0.02407120 0.02209000 0.03731380 0.14308199 0.02520590 0.01830780 0.02793470 0.04652820 0.04358460 0.00685695 0.02429350 0.02411990
132 0.04150251 0.00436174 0.00862195 0.00287390 0.00982038 0.00691851 0.00404296 0.00733626 0.00423979 0.19658406 0.31524410 0.00407458 0.06038412 0.06527002 0.00528446 0.01714691 0.02539961 0.00673734 0.01788671 0.19627006
133 0.05300896 0.02184958 0.09721273 0.30071579 0.01502889 0.04901967 0.14435690 0.06006376 0.02112689 0.01476619 0.02625438 0.05006536 0.00338706 0.01915369 0.01602129 0.04703077 0.02915788 0.00458402 0.00606912 0.02112709
134 0.00956162 0.00444416 0.00764375 0.00232354 0.00590654 0.00427954 0.00602231 0.00910200 0.00327950 0.01575170 0.42372887 0.00553693 0.00669959 0.19671594 0.00291022 0.03465449 0.01961909 0.06117658 0.06890268 0.11174097
135 0.03968531 0.01556591 0.01428560 0.01024040 0.00896972 0.00959165 0.01373050 0.01594991 0.00685754 0.13248904 0.34689311 0.01662271 0.07455702 0.06473582 0.01075330 0.03019781 0.02967001 0.00966436 0.02381421 0.12572604
136 0.03585290 0.02855100 0.02295120 0.00720763 0.00751417 0.01055580 0.01353370 0.01148990 0.04196490 0.02972810 0.05646790 0.01792300 0.01913270 0.19062300 0.00440912 0.02817500 0.02447710 0.01218920 0.39685499 0.04039870
137 0.03913349 0.01454599 0.01370000 0.01017880 0.00887142 0.00913652 0.01462699 0.01703609 0.00667388 0.13322895 0.34877988 0.01650319 0.07493597 0.06527688 0.00955718 0.03038199 0.02908549 0.00997485 0.02250049 0.12587196
138 0.03940881 0.01537400 0.02229231 0.01926261 0.00885566 0.01315700 0.01940871 0.01834150 0.02478201 0.05230541 0.11472903 0.03029231 0.02684261 0.28553107 0.00821198 0.03152111 0.03165451 0.01967491 0.15561104 0.06274342
139 0.10373101 0.01725640 0.02779730 0.03356740 0.00924893 0.01349710 0.02264970 0.54646804 0.01171100 0.01589440 0.02449640 0.01726560 0.00674705 0.01119690 0.01134470 0.07712891 0.02535440 0.00264279 0.00585676 0.01614520
140 0.03828947 0.00931488 0.01380499 0.00685990 0.00954286 0.00938682 0.01076849 0.01062589 0.01537729 0.17314384 0.20307782 0.01364179 0.05353455 0.16209685 0.00444504 0.01951698 0.02717158 0.00422366 0.08095443 0.13422288
141 0.06865753 0.02735731 0.02075031 0.00724593 0.08922574 0.01857781 0.01086950 0.02354831 0.01474481 0.10439504 0.15797107 0.01408881 0.13073305 0.03487781 0.02439201 0.08118283 0.04272642 0.00793265 0.01469901 0.10602404
142 0.05861434 0.01172281 0.01628351 0.01080681 0.01121341 0.01489671 0.01312791 0.01497441 0.01124381 0.22013817 0.14160611 0.01918261 0.03616363 0.03605293 0.01291101 0.03291023 0.04546833 0.00434654 0.01766651 0.27067021
143 0.10178800 0.01692650 0.02673470 0.03258520 0.00906674 0.01335640 0.02269850 0.54939098 0.01141730 0.01591770 0.02589170 0.01644790 0.00690093 0.01109860 0.01121400 0.07791100 0.02556730 0.00292174 0.00582923 0.01633560
144 0.25599702 0.03738250 0.03368580 0.02590490 0.01615130 0.05040870 0.03988940 0.03387290 0.03195030 0.01718490 0.01558800 0.10091501 0.00977665 0.01962910 0.02285230 0.18839102 0.04795830 0.00588997 0.01094990 0.03562200
145 0.35851204 0.00838455 0.01192370 0.00411218 0.02553540 0.00724034 0.01900610 0.21704903 0.00560766 0.00716764 0.00659254 0.00432228 0.01084920 0.00395509 0.00776375 0.21705603 0.06594071 0.00070094 0.00121351 0.01706730
146 0.04262062 0.00254335 0.00546704 0.00083188 0.01057740 0.00676077 0.00208988 0.00422149 0.00346124 0.25011010 0.29116311 0.00179129 0.06681763 0.04874782 0.00212796 0.01061240 0.01922511 0.00072573 0.01181110 0.21829408
147 0.32592978 0.00831849 0.01871829 0.00626035 0.02825108 0.01693509 0.02265148 0.07677815 0.01195779 0.00846409 0.01003199 0.00985664 0.01080969 0.01002759 0.01808519 0.31811078 0.05902376 0.00150782 0.00419546 0.03408648
148 0.09710614 0.02691621 0.02658591 0.02410551 0.00789559 0.01803741 0.02053651 0.45029818 0.00986000 0.09215854 0.03167971 0.02113551 0.00769608 0.01519501 0.01439051 0.06571843 0.02693911 0.00251556 0.00476028 0.03646981
149 0.04154721 0.00757732 0.00683209 0.00189782 0.00962769 0.00706366 0.00496953 0.00562386 0.00414424 0.22741205 0.31190107 0.00591210 0.08059362 0.04810291 0.00369046 0.01630710 0.02021540 0.00127289 0.01150690 0.18380204
150 0.04113545 0.01537772 0.01025441 0.00200856 0.00925938 0.00795201 0.00438669 0.00554427 0.00543204 0.20919825 0.28233834 0.00977906 0.12889416 0.04098705 0.00552210 0.02679833 0.02670663 0.00154685 0.01155451 0.15532419
151 0.05298222 0.03521451 0.01554430 0.02104771 0.01717221 0.03739561 0.03263531 0.02490361 0.00721236 0.02339721 0.02824491 0.02608351 0.01204480 0.01225870 0.50269815 0.06366742 0.04971261 0.00284799 0.00421455 0.03072231
152 0.06314219 0.27256796 0.04231839 0.02340450 0.01580680 0.06823499 0.04510119 0.02960900 0.02424900 0.02241390 0.03529530 0.14212098 0.02269920 0.01870770 0.02779710 0.04650659 0.04331639 0.00776634 0.02460420 0.02433830
153 0.05530378 0.03582649 0.01609139 0.01998549 0.01729169 0.03700499 0.03295649 0.02499539 0.00702662 0.02460059 0.03061439 0.02672899 0.01246730 0.01262100 0.49168384 0.06545608 0.04969778 0.00289639 0.00419022 0.03256109
154 0.03856658 0.01553579 0.02211109 0.01873659 0.00831936 0.01309469 0.01850249 0.01808569 0.02416379 0.05284017 0.11528294 0.03084648 0.02673109 0.28610686 0.00769364 0.03120398 0.03212088 0.01957269 0.15705292 0.06343227
155 0.35172404 0.00857599 0.01089440 0.00332181 0.02148150 0.00639528 0.01719200 0.27147503 0.00490054 0.00786784 0.00671168 0.00360805 0.01037290 0.00337464 0.00557618 0.18974902 0.06186511 0.00061897 0.00094512 0.01334990
156 0.05583913 0.05082143 0.20977110 0.10922105 0.01359381 0.04383742 0.05734153 0.05544203 0.02903901 0.02677111 0.03764512 0.06288193 0.01781991 0.02743711 0.01453671 0.07166184 0.04818552 0.00820720 0.02290271 0.03704432
157 0.04317150 0.00583852 0.00979027 0.00124754 0.01038470 0.00619250 0.00265833 0.00429797 0.00341128 0.21106699 0.31584098 0.00277040 0.09455109 0.04794540 0.00493038 0.01517970 0.02279330 0.00114677 0.01090440 0.18587799
158 0.04731278 0.00951208 0.03531698 0.06230677 0.00390132 0.01144899 0.01359779 0.03518738 0.01403239 0.01429309 0.01803929 0.07929496 0.00660930 0.37483281 0.00262681 0.01709109 0.02034619 0.03003568 0.18909190 0.01512239
159 0.02257458 0.00177352 0.00318459 0.00080489 0.00876874 0.00445888 0.00127314 0.00809506 0.00246814 0.36418772 0.10094292 0.00692659 0.02114078 0.01337179 0.00686182 0.00760991 0.03558007 0.00033252 0.00461861 0.38502571
160 0.05135641 0.18171803 0.07509771 0.02463800 0.00271031 0.13412003 0.07782501 0.00984669 0.02497590 0.00706070 0.00845001 0.27528005 0.01456450 0.00908709 0.00876269 0.03380971 0.04015221 0.00145844 0.00492748 0.01415900
161 0.03560630 0.02877960 0.02274650 0.00728192 0.00730407 0.01048010 0.01378280 0.01173230 0.04087850 0.02939830 0.05623860 0.01780860 0.01893570 0.18994400 0.00385693 0.02818170 0.02424050 0.01275100 0.40003899 0.04001360
162 0.03529309 0.02858479 0.02270800 0.00713029 0.00748645 0.01051170 0.01345000 0.01180940 0.04116329 0.02799819 0.05502149 0.01776010 0.01899960 0.19262797 0.00391564 0.02826839 0.02448820 0.01312610 0.40092893 0.03872839
163 0.13239899 0.02749340 0.04964230 0.25042498 0.01626360 0.04951490 0.16519799 0.04162330 0.01850090 0.01454950 0.02111250 0.04933950 0.00417352 0.02183810 0.02097160 0.05478070 0.02765100 0.00411953 0.00670701 0.02369670
164 0.03909940 0.00372091 0.00777872 0.00209413 0.00982803 0.00626077 0.00352999 0.00635290 0.00373250 0.19048001 0.33483701 0.00323052 0.06128820 0.07086650 0.00421149 0.01562320 0.02171030 0.00725621 0.01877120 0.18932801
165 0.05233497 0.02182229 0.09698134 0.30099582 0.01516799 0.04953337 0.14303991 0.05907256 0.02123029 0.01523619 0.02664308 0.05026157 0.00307611 0.01893429 0.01712089 0.04666817 0.02922618 0.00443708 0.00606751 0.02215039
166 0.04195687 0.00672908 0.00688132 0.00195206 0.00993478 0.00730527 0.00432137 0.00570464 0.00423377 0.24180383 0.29142379 0.00524802 0.07456625 0.04557937 0.00333136 0.01571379 0.02171978 0.00093652 0.01152329 0.19913486
167 0.18921009 0.01403261 0.01890811 0.01103470 0.01573471 0.00954672 0.01403581 0.38323817 0.01102370 0.01079060 0.01524641 0.00738909 0.01076360 0.00548172 0.00942845 0.20242509 0.05461522 0.00208754 0.00171673 0.01329091
168 0.06301622 0.16181004 0.03917431 0.02061901 0.01492660 0.04494141 0.02988281 0.02747861 0.02359751 0.05873432 0.06091662 0.08012172 0.03652921 0.02249401 0.02626051 0.05102171 0.06168252 0.00664944 0.01350340 0.15664004
169 0.08878185 0.08698445 0.05003837 0.06144237 0.01749409 0.15285591 0.10186294 0.02991368 0.02546439 0.02886678 0.02948648 0.10418894 0.01314619 0.02037239 0.03232598 0.06152357 0.03739978 0.00577966 0.01281279 0.03925938
170 0.01421740 0.01771390 0.01600500 0.00548956 0.00728521 0.00617197 0.00985893 0.01277700 0.00681392 0.01792530 0.38293991 0.01127740 0.02247989 0.15097096 0.00616975 0.04133179 0.02688919 0.08959968 0.06871878 0.08536448
171 0.06194589 0.27076795 0.04272319 0.02323060 0.01602990 0.06783029 0.04568369 0.02858859 0.02400530 0.02196670 0.03574379 0.14329697 0.02387710 0.01890100 0.02755739 0.04650849 0.04383779 0.00793979 0.02482260 0.02474300
172 0.04232498 0.00254452 0.00539248 0.00079844 0.01064080 0.00691318 0.00208915 0.00429712 0.00343514 0.25103089 0.29062588 0.00168084 0.06658267 0.04830888 0.00208713 0.01046950 0.01899709 0.00073542 0.01173000 0.21931591
173 0.05259912 0.02233271 0.09730673 0.29783709 0.01508610 0.04890682 0.14416104 0.06042422 0.02171341 0.01538650 0.02583761 0.05138192 0.00327939 0.01964491 0.01564840 0.04735761 0.02898981 0.00460213 0.00596967 0.02153481
174 0.05896059 0.03463120 0.03905990 0.11578399 0.00640685 0.07078819 0.35266796 0.03272390 0.02722550 0.01936820 0.02335220 0.06534799 0.00642608 0.01701010 0.02259590 0.04045700 0.03194590 0.00458070 0.00903788 0.02163000
175 0.05239700 0.02192520 0.09825390 0.30023901 0.01459670 0.04826010 0.14383700 0.05996400 0.02150220 0.01499060 0.02624730 0.05105650 0.00342493 0.01940580 0.01484770 0.04665740 0.02935700 0.00463894 0.00628790 0.02211080
176 0.05284090 0.02291100 0.09630230 0.29856600 0.01488000 0.04888970 0.14413600 0.05997280 0.02116980 0.01515850 0.02598510 0.05077150 0.00320680 0.01968300 0.01632420 0.04691910 0.02944330 0.00487867 0.00613822 0.02182310
177 0.05939513 0.01110280 0.01605571 0.01040090 0.01134550 0.01475651 0.01299981 0.01507561 0.01032930 0.21910410 0.14559206 0.01796961 0.03681952 0.03624162 0.01284221 0.03365731 0.04554042 0.00422206 0.01777271 0.26877712
178 0.20585612 0.01746481 0.01730751 0.01151801 0.18081410 0.02542031 0.01387051 0.03232142 0.01224471 0.05692583 0.05293333 0.01166121 0.02061351 0.01688401 0.03805312 0.13624208 0.03313112 0.00231040 0.00624082 0.10818706
179 0.03563731 0.01609641 0.02012931 0.06709382 0.00253620 0.14479305 0.52322919 0.01601391 0.01217110 0.01531971 0.00723833 0.05297132 0.00308746 0.00704508 0.02451551 0.01609441 0.01746451 0.00119591 0.00427585 0.01309160
