1 0.38912008 0.00410548 0.01641850 0.01486220 0.09059182 0.01984980 0.00641494 0.07564172 0.01050720 0.01484160 0.02066940 0.01117450 0.00769971 0.00809654 0.01434510 0.20835504 0.04271221 0.00103193 0.00639649 0.03716571
2 0.26204393 0.02397289 0.02385049 0.02773359 0.03023439 0.02477389 0.03350469 0.08157968 0.01329650 0.04123699 0.05972668 0.02862889 0.01818120 0.01900559 0.03480519 0.13955196 0.06220028 0.00355767 0.01355370 0.05856178
3 0.31088886 0.01156529 0.02323539 0.01728989 0.03305479 0.02081569 0.02190439 0.06205397 0.00860728 0.01975179 0.02125179 0.02013249 0.01018420 0.01497139 0.03166259 0.24255789 0.08801966 0.00233666 0.00751271 0.03220329
4 0.06135334 0.01568181 0.01205121 0.01031151 0.01481321 0.01500551 0.01576961 0.01582481 0.00924262 0.22738414 0.14440209 0.01561741 0.04203293 0.03197632 0.01110881 0.03288202 0.04213083 0.00412548 0.01504721 0.26323916
5 0.05687108 0.01113740 0.00374846 0.00208964 0.01088220 0.00418225 0.00641187 0.00849929 0.00772846 0.19764593 0.34779387 0.00661290 0.07653227 0.04225508 0.00538290 0.01374920 0.02522349 0.00474026 0.00861953 0.15989394
6 0.12675697 0.02071670 0.03429869 0.01875220 0.01573790 0.02570299 0.02843789 0.02534529 0.01132100 0.02475189 0.01703300 0.02382379 0.01559500 0.01938710 0.01685110 0.27577794 0.25426195 0.00269593 0.00886718 0.03388549
7 0.15990698 0.02812630 0.04578609 0.03494529 0.02545700 0.03344359 0.03987429 0.06554899 0.01618120 0.03087220 0.03227750 0.03691289 0.01684280 0.02052050 0.03502139 0.21620297 0.10226498 0.00537295 0.01470990 0.03973219
8 0.05350330 0.18028300 0.04856750 0.04877950 0.01132140 0.05509980 0.06506120 0.03019180 0.02682240 0.02075440 0.04074590 0.20783300 0.02063920 0.01484630 0.02778100 0.05554200 0.04369470 0.00450448 0.01512890 0.02890020
9 0.06694827 0.04443368 0.06865387 0.14691294 0.00593604 0.05795818 0.21855192 0.04968818 0.02687329 0.02249089 0.02823929 0.06704077 0.01281420 0.01111200 0.02296019 0.06105588 0.04151758 0.00325994 0.01451729 0.02903559
10 0.12974013 0.01945962 0.03471754 0.01948242 0.01646622 0.02575963 0.02879263 0.02525063 0.01149251 0.02528773 0.01655812 0.02351222 0.01495432 0.01841972 0.01695342 0.28806830 0.24046525 0.00248581 0.00855647 0.03357733
11 0.06945457 0.15624493 0.05480358 0.03713018 0.01291309 0.05511778 0.04149368 0.04526168 0.02328009 0.01902389 0.03913448 0.09154476 0.01844939 0.01493729 0.02596949 0.15577393 0.08208126 0.00608675 0.01562069 0.03567848
12 0.04837260 0.01068620 0.00965205 0.00992201 0.01491530 0.01152960 0.01320620 0.01066880 0.00954214 0.24783500 0.18675700 0.01241680 0.05069810 0.03542400 0.01075520 0.02673080 0.03608400 0.00511580 0.01532040 0.23436800
13 0.06231417 0.04974368 0.14186993 0.06063807 0.01468439 0.04222608 0.05995827 0.06516987 0.03255909 0.02057359 0.02703839 0.05727957 0.01671749 0.01042370 0.02424389 0.12697094 0.13698394 0.00305116 0.01328859 0.03426518
14 0.04779780 0.01099180 0.00313210 0.00138316 0.00996543 0.00331045 0.00553072 0.00725646 0.00804432 0.19746099 0.36133597 0.00620287 0.07941249 0.04611410 0.00536700 0.00994041 0.02416950 0.00509499 0.00985146 0.15763799
15 0.04389951 0.02348550 0.02216510 0.01284260 0.03254761 0.03284061 0.01766040 0.01620350 0.03025441 0.06831151 0.12978503 0.02673641 0.10037802 0.10816102 0.01457910 0.03848471 0.04447061 0.01550670 0.16713703 0.05455061
16 0.03301299 0.01230190 0.01292820 0.00638640 0.01761760 0.01359590 0.00725854 0.01180520 0.03832189 0.06889278 0.20912995 0.01159670 0.03579389 0.19067495 0.00683350 0.01923740 0.01749820 0.01867970 0.20942695 0.05900739
17 0.11007904 0.02483701 0.03255611 0.02969701 0.01260840 0.04102081 0.04085961 0.02643131 0.01743211 0.02963941 0.04585531 0.04698162 0.01913011 0.01307640 0.30834210 0.09461123 0.05341942 0.00609498 0.01184360 0.03548441
18 0.05639712 0.03473001 0.01627130 0.01572900 0.01767950 0.02555701 0.02085501 0.01825310 0.01348850 0.13359604 0.22425206 0.03198841 0.08840682 0.04969991 0.01870961 0.04115621 0.04660311 0.00644813 0.02268211 0.11749703
19 0.13681207 0.03102472 0.04386022 0.17200609 0.01351611 0.03441772 0.09615965 0.03068542 0.01356401 0.02693941 0.04424692 0.04202082 0.01539801 0.07367194 0.03598692 0.07955754 0.04198422 0.01018701 0.02502681 0.03293442
20 0.06637719 0.04370319 0.06865889 0.14586998 0.00617863 0.05802019 0.21884897 0.05022479 0.02726530 0.02281710 0.02755000 0.06725519 0.01276140 0.01135500 0.02231310 0.06179789 0.04180319 0.00356812 0.01437480 0.02925710
21 0.07344721 0.03125516 0.08448469 0.17455778 0.02450307 0.03600725 0.11039286 0.06822841 0.02078107 0.02519557 0.02317607 0.04618794 0.01433898 0.01061309 0.02933086 0.13218283 0.05427093 0.00477187 0.01153189 0.02474247
22 0.06359707 0.04068198 0.08281926 0.21381689 0.01217859 0.04189208 0.17469491 0.05469477 0.02015979 0.02174829 0.02309349 0.06098497 0.01176359 0.01061369 0.02179789 0.06636806 0.03723698 0.00439233 0.01358509 0.02388029
23 0.04785138 0.28348691 0.03900829 0.03380749 0.01224730 0.04905248 0.04403799 0.03232409 0.02552949 0.01680969 0.03935549 0.19117894 0.02330479 0.01383520 0.01444730 0.04382179 0.04149989 0.00455492 0.01476450 0.02908209
24 0.04422510 0.10104699 0.03719990 0.03423660 0.01750980 0.05607709 0.04673670 0.02015740 0.03838120 0.02628820 0.05804679 0.13370399 0.02353730 0.07424789 0.01990990 0.04687200 0.03742270 0.01296840 0.14251299 0.02891910
25 0.26061709 0.02410981 0.02412141 0.02707551 0.03116711 0.02537061 0.03357491 0.07917883 0.01336940 0.04195552 0.06004362 0.02870171 0.01867491 0.01941681 0.03433811 0.13955005 0.06261432 0.00377164 0.01386610 0.05848252
26 0.07197201 0.07194921 0.03904560 0.03001470 0.01210770 0.04463910 0.03626870 0.01876830 0.02037590 0.02656020 0.05756181 0.16303102 0.02563490 0.08653851 0.02774910 0.13813601 0.05863871 0.01160520 0.02487260 0.03453070
27 0.05220219 0.18202598 0.04947749 0.04868069 0.01189380 0.05541639 0.06483919 0.02942400 0.02744910 0.02117750 0.04079340 0.20868998 0.02039810 0.01447460 0.02678640 0.05504459 0.04296500 0.00425151 0.01521020 0.02879990
28 0.26118487 0.02420509 0.02352739 0.02735179 0.03035269 0.02496719 0.03413438 0.08047296 0.01312799 0.04156238 0.06056797 0.02874689 0.01847289 0.01902649 0.03567778 0.13937293 0.06188527 0.00377178 0.01386109 0.05773017
29 0.05333502 0.01836221 0.01154830 0.00785952 0.01171000 0.01290490 0.01186320 0.01356840 0.01363030 0.15115305 0.32047811 0.01772981 0.06793112 0.06627472 0.01185650 0.02197691 0.02873091 0.00698363 0.02738631 0.12471704
30 0.04011188 0.01638649 0.01183760 0.01061570 0.01389489 0.01415719 0.01261860 0.01470589 0.02774829 0.06554148 0.17075294 0.01684499 0.03577399 0.22677491 0.00919938 0.03557229 0.03271049 0.02695029 0.15504894 0.06275378
31 0.08476778 0.03301269 0.03413699 0.12396298 0.01244550 0.04187129 0.06350879 0.02927329 0.01393770 0.02678269 0.02449500 0.05177179 0.01787180 0.01857170 0.22781595 0.09656898 0.04537879 0.01119830 0.01316100 0.02946699
32 0.16532493 0.01863779 0.05608078 0.03769758 0.02121659 0.01890579 0.03295809 0.31162787 0.01654539 0.01137260 0.01738669 0.02220219 0.00765246 0.00783029 0.01672059 0.15676593 0.04602238 0.00465251 0.00818486 0.02221469
33 0.16592889 0.03144768 0.07940025 0.04507327 0.02275798 0.03030948 0.05963466 0.03919117 0.01420109 0.04244237 0.04707107 0.04162757 0.01738949 0.01454459 0.02350028 0.10384293 0.07811045 0.00309406 0.01749679 0.12293592
34 0.03633130 0.00408618 0.00253802 0.00140844 0.01097730 0.00766139 0.00370878 0.00545632 0.00512682 0.32939201 0.11151900 0.00477908 0.03897450 0.02508470 0.00325395 0.01187060 0.03302230 0.00173001 0.00652127 0.35655801
35 0.16033302 0.02759780 0.04536660 0.03522100 0.02570910 0.03328680 0.03959610 0.06602321 0.01664840 0.03047570 0.03305360 0.03639450 0.01685880 0.02031660 0.03571270 0.21486302 0.10240201 0.00540130 0.01508470 0.03965500
36 0.09949501 0.04777051 0.05348281 0.03585880 0.02047700 0.11720102 0.05544741 0.03562850 0.02567380 0.02069360 0.03657840 0.05673031 0.01899890 0.01536040 0.03559180 0.18855302 0.08371791 0.00392407 0.01573560 0.03308110
37 0.22325608 0.02249521 0.03352071 0.01901221 0.03341311 0.07993063 0.03331631 0.02843961 0.01464861 0.01807471 0.03180881 0.03147141 0.01394261 0.01554951 0.03883601 0.23142808 0.08510133 0.00248854 0.01038530 0.03288121
38 0.06376169 0.04076880 0.08340449 0.21393397 0.01202020 0.04205299 0.17526098 0.05421449 0.02104900 0.02157870 0.02334810 0.06048229 0.01171810 0.01094410 0.02039810 0.06547329 0.03732490 0.00433302 0.01390850 0.02402430
39 0.35159969 0.00954286 0.01612089 0.01654529 0.09278412 0.02370428 0.00946139 0.08032453 0.01371509 0.02312708 0.03519157 0.01484129 0.01212649 0.01059619 0.01807528 0.16412785 0.04416196 0.00197232 0.01150069 0.05048116
40 0.15845605 0.02807041 0.04528311 0.03537901 0.02606411 0.03387251 0.03970761 0.06819552 0.01640730 0.03007211 0.03200291 0.03695891 0.01733681 0.02074681 0.03506881 0.21395206 0.10290603 0.00513530 0.01471430 0.03967031
41 0.36537097 0.00858342 0.01747660 0.01493040 0.03760940 0.01640430 0.01685200 0.07221999 0.00780251 0.01682250 0.01998770 0.01688810 0.00799984 0.01286060 0.02849300 0.22884398 0.07130819 0.00185031 0.00631631 0.03137990
42 0.34260913 0.01024460 0.02034631 0.01622491 0.03642741 0.01875431 0.01976011 0.07086083 0.00854176 0.01809791 0.02092621 0.01827021 0.00918607 0.01362981 0.03074341 0.22744908 0.07676863 0.00202063 0.00686827 0.03227041
43 0.14209397 0.01821230 0.01291000 0.01232350 0.02040550 0.02097870 0.01608320 0.03026779 0.01349390 0.11462097 0.24876094 0.01823190 0.05075689 0.03970419 0.01502210 0.05636269 0.03987459 0.00494893 0.01727400 0.10767398
44 0.10475594 0.03846808 0.03923808 0.02862898 0.01774289 0.03292028 0.03905368 0.03469018 0.01718609 0.05334857 0.05594517 0.04025568 0.02738928 0.02625248 0.02971518 0.14562092 0.18190289 0.00508578 0.01527539 0.06652446
45 0.03731170 0.00437098 0.00286157 0.00163492 0.01111440 0.00777722 0.00421896 0.00552796 0.00531951 0.32366898 0.11550299 0.00499149 0.03969060 0.02544240 0.00356464 0.01259450 0.03317640 0.00190769 0.00672413 0.35259898
46 0.06410892 0.04106361 0.08297052 0.21450806 0.01183060 0.04172161 0.17569905 0.05303701 0.02012011 0.02183871 0.02338321 0.06056442 0.01200710 0.01108090 0.02135281 0.06541902 0.03701961 0.00457443 0.01386930 0.02383101
47 0.03350571 0.39010811 0.02680251 0.01673640 0.01413700 0.03885321 0.02946061 0.01477580 0.02287881 0.00314298 0.01223380 0.29409208 0.02203201 0.00672370 0.00464569 0.02066051 0.02258861 0.00156088 0.00936048 0.01570110
48 0.15601687 0.02828348 0.04647776 0.03544337 0.02510198 0.03337767 0.03986267 0.06663065 0.01623959 0.03028458 0.03266967 0.03670337 0.01721879 0.02092258 0.03547297 0.21485083 0.10483092 0.00565041 0.01489169 0.03907017
49 0.05198809 0.07283349 0.05663359 0.06605789 0.00709116 0.06428449 0.12410298 0.02127540 0.02395040 0.03328569 0.12475698 0.14543298 0.01858150 0.01976990 0.02841310 0.05159319 0.03608489 0.00380501 0.01311760 0.03694169
50 0.06408684 0.10753107 0.04937813 0.02734462 0.01146421 0.04419123 0.04251873 0.01816741 0.02490942 0.01817091 0.03211692 0.18567812 0.02640162 0.01468451 0.02731692 0.08096195 0.17474111 0.00409028 0.01305371 0.03319232
51 0.15764394 0.02806139 0.04463598 0.03554199 0.02550229 0.03367279 0.03971248 0.06536307 0.01620609 0.03126479 0.03374899 0.03695289 0.01681089 0.02055659 0.03613619 0.21429191 0.10323796 0.00558510 0.01486909 0.04020558
52 0.03356441 0.39024313 0.02675971 0.01679391 0.01409200 0.03932351 0.02931681 0.01490790 0.02295821 0.00300269 0.01243720 0.29418310 0.02189601 0.00662184 0.00451500 0.02058021 0.02253401 0.00156155 0.00930369 0.01540511
53 0.04841302 0.01029510 0.00933516 0.00974083 0.01498661 0.01151531 0.01294901 0.01051781 0.00963230 0.24899312 0.18552609 0.01260771 0.05058842 0.03504842 0.01073381 0.02672781 0.03612492 0.00490663 0.01514981 0.23620811
54 0.15786903 0.02799551 0.04479671 0.03466751 0.02561730 0.03317891 0.03913651 0.06609111 0.01624040 0.03093731 0.03293191 0.03580981 0.01694990 0.02067580 0.03498261 0.21572304 0.10518602 0.00536902 0.01526520 0.04057641
55 0.03703709 0.26558092 0.03608939 0.05744018 0.00794953 0.06196918 0.10756097 0.01506070 0.02302989 0.00608861 0.01899539 0.24462392 0.01970349 0.00673694 0.00823749 0.03018639 0.02680759 0.00175834 0.01033040 0.01481360
56 0.06505666 0.05980167 0.06775776 0.09874494 0.00593595 0.05994917 0.17044790 0.04359678 0.02564839 0.01592619 0.02341929 0.11990793 0.01275399 0.00945336 0.03108978 0.10272994 0.05076667 0.00349465 0.01157159 0.02194739
57 0.09980865 0.01477449 0.02924518 0.02591579 0.03453188 0.01852449 0.02424099 0.01702509 0.01333539 0.10372595 0.02956518 0.02151779 0.02276709 0.01854389 0.01864719 0.22680488 0.19908589 0.00542433 0.01381329 0.06270257
58 0.25364219 0.01705071 0.03733893 0.07436266 0.02800952 0.02019091 0.04871564 0.23058117 0.01825031 0.01000111 0.02089342 0.02154772 0.00700398 0.00744017 0.01706351 0.11275508 0.04025623 0.00275384 0.00746640 0.02467652
59 0.04439051 0.01520540 0.02907251 0.01351440 0.02853981 0.02858391 0.02115890 0.01693940 0.03087521 0.11193502 0.06913551 0.02143930 0.04210501 0.08587562 0.01556920 0.05901131 0.09295252 0.02703151 0.18006604 0.06659891
60 0.03742804 0.00455809 0.00281580 0.00161293 0.01112401 0.00770241 0.00427424 0.00560018 0.00534339 0.32120931 0.12303212 0.00502914 0.04098054 0.02594903 0.00363937 0.01222381 0.03279943 0.00198171 0.00688411 0.34581234
61 0.05304785 0.01806658 0.01128799 0.00781646 0.01166569 0.01340519 0.01213799 0.01328049 0.01387849 0.15193685 0.31900568 0.01720328 0.06786743 0.06645833 0.01139029 0.02183588 0.02875847 0.00720151 0.02809567 0.12565988
62 0.04750703 0.01054941 0.00175050 0.00065382 0.00977711 0.00198586 0.00448949 0.00699472 0.00697318 0.19764514 0.37239926 0.00426284 0.08452666 0.04557393 0.00403124 0.00824456 0.02364062 0.00489370 0.00768382 0.15641711
63 0.03763061 0.00465553 0.00289488 0.00155882 0.01110100 0.00758203 0.00421099 0.00549629 0.00539941 0.32078405 0.12361002 0.00508011 0.04118141 0.02621040 0.00361725 0.01229050 0.03284770 0.00210021 0.00688773 0.34486105
64 0.07284275 0.03451728 0.08194774 0.26080082 0.00172431 0.03852067 0.27384681 0.02286788 0.01333609 0.01691219 0.01677569 0.05903806 0.00590287 0.00495698 0.00971802 0.03481438 0.01783839 0.00117490 0.01132739 0.02113679
65 0.08006658 0.02445989 0.03729799 0.03957389 0.08006778 0.03641509 0.09373158 0.03076969 0.01912280 0.04709929 0.02953219 0.03584239 0.02981089 0.01503840 0.02468949 0.11333298 0.19218896 0.00558521 0.01680170 0.04857319
66 0.09271860 0.01633180 0.01584060 0.01138250 0.02273530 0.02483110 0.01496690 0.02165420 0.03259130 0.06425160 0.18438300 0.01640980 0.03310310 0.12675500 0.00981640 0.03922290 0.02748940 0.01561960 0.16399000 0.06590690
67 0.22618195 0.01089270 0.02130420 0.02128950 0.01591990 0.02593249 0.04833709 0.03103689 0.00669138 0.02145260 0.01323970 0.02747149 0.00966803 0.00843307 0.25118295 0.18306196 0.04307209 0.00459254 0.00615869 0.02408079
68 0.03849921 0.02217101 0.11330403 0.19156305 0.00277485 0.05012141 0.20303505 0.12648003 0.04026821 0.00936564 0.01319190 0.05120151 0.00587729 0.00360789 0.00631722 0.06492072 0.03596971 0.00118288 0.00759636 0.01255200
69 0.04884511 0.01034430 0.00946658 0.00949572 0.01481350 0.01118980 0.01273270 0.01078310 0.00944678 0.24948705 0.18515404 0.01222200 0.05042041 0.03548371 0.00956559 0.02673381 0.03625331 0.00495791 0.01559350 0.23701105
70 0.05573775 0.02666508 0.06104705 0.18798384 0.02039668 0.03926757 0.18847684 0.03024187 0.01654649 0.06413415 0.02211338 0.04635296 0.01441349 0.01060949 0.02163288 0.06665134 0.07831323 0.00715344 0.01247699 0.02978547
71 0.05749437 0.03416098 0.01653269 0.01594539 0.01728439 0.02491719 0.02087229 0.01770529 0.01371129 0.13311894 0.22477489 0.03141159 0.08907966 0.04930468 0.01935049 0.04070468 0.04778818 0.00632157 0.02243849 0.11708294
72 0.03644269 0.00400882 0.00333077 0.00207473 0.01237160 0.00812341 0.00417905 0.00547466 0.00528412 0.33265292 0.08903358 0.00525086 0.03607949 0.02370099 0.00365078 0.01566660 0.04081739 0.00192113 0.00680352 0.36313291
73 0.16740006 0.03102031 0.04811412 0.10040704 0.01013250 0.04040861 0.16710706 0.03617641 0.01600041 0.02364431 0.02652701 0.04760052 0.01401150 0.01097720 0.05300542 0.09515843 0.05621022 0.00310245 0.01366080 0.03933561
74 0.10420802 0.03823991 0.03971301 0.02872101 0.01778770 0.03274631 0.03933951 0.03530471 0.01692270 0.05340391 0.05486191 0.04043621 0.02677641 0.02661901 0.02853091 0.14610003 0.18346004 0.00526859 0.01512820 0.06643191
75 0.06698479 0.02485520 0.04831679 0.10930398 0.01350820 0.04522899 0.17804397 0.02629080 0.01839690 0.10082298 0.07014009 0.04338839 0.02128000 0.02068010 0.02558640 0.05592279 0.04036429 0.00672976 0.01709760 0.06705799
76 0.09518603 0.06660332 0.05576112 0.13747704 0.00473509 0.05185891 0.20741106 0.02445811 0.01798451 0.01654270 0.02205181 0.11284303 0.01191440 0.00820261 0.03198861 0.05706272 0.03900581 0.00273142 0.01155630 0.02462541
77 0.26192095 0.02437930 0.02352290 0.02768469 0.03030189 0.02504160 0.03399299 0.07946928 0.01280290 0.04140729 0.05930579 0.02932519 0.01822100 0.01878520 0.03514079 0.14030297 0.06297159 0.00373939 0.01357550 0.05810879
78 0.04845889 0.01059230 0.00931418 0.00996441 0.01480690 0.01131030 0.01300880 0.01024850 0.00932294 0.24866793 0.18722994 0.01219380 0.05060918 0.03522269 0.01011750 0.02664729 0.03646029 0.00500887 0.01460740 0.23620793
79 0.05290676 0.01798659 0.01121679 0.00805701 0.01188019 0.01307729 0.01200869 0.01395779 0.01355609 0.15208888 0.31888575 0.01716789 0.06765805 0.06575615 0.01195859 0.02218528 0.02865498 0.00726434 0.02812198 0.12561090
80 0.16008905 0.01944571 0.05657452 0.03746161 0.02100891 0.01918581 0.03341071 0.32719511 0.01650111 0.01114050 0.01765421 0.02250941 0.00762576 0.00792232 0.01586331 0.14699205 0.04427981 0.00431885 0.00817454 0.02264671
81 0.05573521 0.01396130 0.01479780 0.01168690 0.04726291 0.01754920 0.01022660 0.01920970 0.03694510 0.06092361 0.13488202 0.01562650 0.02955300 0.18240902 0.00924748 0.04451031 0.03006720 0.02222430 0.18337002 0.05981181
82 0.04517426 0.00967436 0.00365950 0.00335330 0.01291532 0.00563432 0.00600681 0.00770636 0.00708641 0.23033329 0.28076735 0.00609771 0.07539890 0.03862425 0.00547340 0.01453382 0.03108764 0.00454695 0.01016681 0.20175925
83 0.11955295 0.01927959 0.03064689 0.01654439 0.01425329 0.02527579 0.02763789 0.02080339 0.01071450 0.02410529 0.01496799 0.02217199 0.01511729 0.01957439 0.01584789 0.28457988 0.27623189 0.00235591 0.00829200 0.03204679
84 0.26021691 0.02476619 0.02351589 0.02755679 0.03031799 0.02485259 0.03424829 0.08020537 0.01318830 0.04217489 0.06110008 0.02912499 0.01855289 0.01873309 0.03485549 0.13825995 0.06237028 0.00369195 0.01343580 0.05883228
85 0.04747200 0.01018350 0.00191827 0.00047791 0.00960515 0.00191407 0.00441751 0.00681628 0.00681599 0.20657301 0.35925202 0.00430510 0.07991631 0.04256020 0.00393757 0.00832857 0.02379280 0.00451843 0.00681528 0.17038001
86 0.14145409 0.02411582 0.08668916 0.05290613 0.02238631 0.02945732 0.06189154 0.02578062 0.01684331 0.10351407 0.05657064 0.04333463 0.01992341 0.01691381 0.03511362 0.11258707 0.05781964 0.00480224 0.02128221 0.06661434
87 0.12270196 0.02164329 0.04355889 0.03109769 0.01406920 0.02231499 0.02533689 0.36421889 0.01431150 0.01338890 0.02086569 0.02456369 0.01061930 0.00736012 0.09476487 0.09249197 0.03447209 0.00484306 0.00876923 0.02860779
88 0.22080502 0.01388570 0.02062570 0.02190050 0.01767150 0.02969570 0.04662410 0.03650080 0.00891643 0.02356300 0.02350340 0.03180760 0.01278390 0.00914420 0.26228402 0.12986601 0.04311190 0.00461629 0.00764419 0.03505000
89 0.10470390 0.03911206 0.03880436 0.02889487 0.01811708 0.03345157 0.03833426 0.03400917 0.01679768 0.05359545 0.05632925 0.04061396 0.02763647 0.02653188 0.02919507 0.14520487 0.18212883 0.00504862 0.01520009 0.06629054
90 0.05365029 0.01782580 0.01118780 0.00750933 0.01190490 0.01316710 0.01188510 0.01369780 0.01351140 0.15257797 0.31935993 0.01749510 0.06801039 0.06503589 0.01198870 0.02159890 0.02893869 0.00697688 0.02760709 0.12607097
91 0.06687152 0.04290031 0.06931742 0.14685705 0.00621816 0.05742492 0.21887707 0.04934412 0.02711961 0.02328351 0.02789321 0.06679282 0.01282540 0.01128230 0.02248741 0.06130402 0.04147421 0.00351052 0.01475050 0.02946591
92 0.25888116 0.02450112 0.02393642 0.02859162 0.03006322 0.02458302 0.03506772 0.07859745 0.01300741 0.04219543 0.06110134 0.02927122 0.01876031 0.01920991 0.03553822 0.13824509 0.06287064 0.00355837 0.01355521 0.05846514
93 0.06094675 0.01495121 0.01207161 0.01010751 0.01448611 0.01513631 0.01587241 0.01570491 0.00955046 0.22865519 0.14339512 0.01582681 0.04198743 0.03177333 0.01187691 0.03267373 0.04222053 0.00398694 0.01471451 0.26406221
94 0.04884065 0.12359112 0.05316885 0.10763610 0.00554386 0.06326176 0.17616617 0.02734253 0.02437692 0.01321581 0.02322362 0.18064218 0.01428711 0.00822371 0.01911812 0.04522114 0.03321503 0.00286328 0.01138151 0.01868052
95 0.04442934 0.01283871 0.00999532 0.01023261 0.01398411 0.01208421 0.01261891 0.04022743 0.02242332 0.08458687 0.23842219 0.01125601 0.04652794 0.17367114 0.00592949 0.02923282 0.02690552 0.02793132 0.10297808 0.07372466
96 0.07047764 0.02804961 0.01995491 0.01267831 0.01417961 0.02175051 0.01807091 0.02080371 0.01470781 0.11304106 0.24314513 0.02750471 0.05445963 0.05313443 0.01969601 0.04921603 0.09109045 0.00636747 0.01676501 0.10490706
97 0.15929812 0.02793422 0.04519983 0.03510213 0.02558662 0.03376582 0.03975423 0.06623665 0.01621701 0.03140882 0.03215362 0.03621733 0.01672371 0.02017231 0.03497833 0.21504616 0.10397708 0.00519477 0.01481101 0.04022223
98 0.05764919 0.03344310 0.08934209 0.26017698 0.00210821 0.04135890 0.26008498 0.03467910 0.01715920 0.01657290 0.01620760 0.06022669 0.00618980 0.00471979 0.00807001 0.03888510 0.02127530 0.00142878 0.01113080 0.01929150
99 0.05771672 0.03355481 0.08906053 0.26012708 0.00221859 0.04150581 0.25961408 0.03484501 0.01711870 0.01652740 0.01602310 0.06024092 0.00629624 0.00469644 0.00826818 0.03912361 0.02106941 0.00146696 0.01117490 0.01935151
100 0.05354108 0.01788929 0.01126270 0.00756918 0.01184630 0.01318380 0.01179220 0.01403510 0.01352920 0.15183196 0.31900191 0.01723610 0.06796688 0.06659218 0.01175300 0.02178409 0.02882119 0.00717191 0.02817499 0.12501696
101 0.15914984 0.02806257 0.04545905 0.03517986 0.02522907 0.03353947 0.03926406 0.06562363 0.01658128 0.03020277 0.03281157 0.03690016 0.01669508 0.02009028 0.03504636 0.21664678 0.10380490 0.00548349 0.01464719 0.03958256
102 0.18388501 0.02813840 0.02644200 0.02401000 0.03387410 0.09850441 0.04277200 0.02592290 0.02281540 0.05122940 0.05571240 0.03394190 0.01943420 0.01693680 0.03725560 0.09095781 0.05781580 0.00361794 0.01736390 0.12937001
103 0.11202798 0.02573790 0.05399619 0.03439109 0.01332230 0.01785940 0.03489479 0.44683193 0.01737560 0.01233500 0.02291160 0.02350160 0.00798336 0.00834657 0.01372650 0.08728689 0.02892400 0.00441506 0.00975367 0.02437860
104 0.04031339 0.01615149 0.01171190 0.01026120 0.01367410 0.01428370 0.01299320 0.01467290 0.02764359 0.06387658 0.17228194 0.01655179 0.03643159 0.22903792 0.00912134 0.03580989 0.03346279 0.02660989 0.15397595 0.06113488
105 0.09858745 0.01200201 0.01331621 0.01379161 0.05941143 0.01903051 0.01158351 0.01933781 0.01120801 0.18246509 0.10765605 0.01475091 0.03616502 0.02595381 0.01538041 0.05663693 0.04647922 0.00347941 0.01763551 0.23512912
106 0.03738412 0.00459947 0.00282283 0.00153251 0.01106830 0.00750401 0.00408335 0.00544118 0.00527516 0.32206214 0.12250605 0.00498185 0.04072262 0.02596271 0.00343274 0.01225591 0.03283301 0.00199052 0.00689835 0.34664315
107 0.13519092 0.05900416 0.03823808 0.02377289 0.01605989 0.04438077 0.04510657 0.02252979 0.01875999 0.02495848 0.03673958 0.10925293 0.02592648 0.02265689 0.02503598 0.08965124 0.14349191 0.00718282 0.06468416 0.04737647
108 0.04623999 0.00974697 0.00174651 0.00056725 0.00960711 0.00212721 0.00475993 0.00666144 0.00745836 0.20495094 0.35128690 0.00420264 0.07827018 0.05022139 0.00363659 0.00832201 0.02389779 0.00544086 0.01087800 0.16997795
109 0.05645977 0.03459608 0.01587609 0.01561699 0.01705759 0.02574598 0.02092989 0.01823259 0.01368959 0.13320692 0.22518086 0.03164658 0.08852695 0.05065267 0.01838989 0.04042748 0.04746567 0.00639051 0.02219699 0.11771093
110 0.03753399 0.32889889 0.05825548 0.02170509 0.01167010 0.04851668 0.03281179 0.01637949 0.03040339 0.00582720 0.02317219 0.25011292 0.01859259 0.00644635 0.00662655 0.03482789 0.03897609 0.00147175 0.00911637 0.01865519
111 0.06558264 0.04470603 0.06892924 0.14492409 0.00603725 0.05843424 0.21944013 0.04894133 0.02745542 0.02284911 0.02711452 0.06793914 0.01311011 0.01114161 0.02379931 0.06105334 0.04144293 0.00343594 0.01470151 0.02896212
112 0.11725004 0.02037981 0.05391822 0.02594921 0.01246580 0.01055040 0.02242431 0.50933817 0.01113290 0.00613902 0.01222430 0.01761311 0.00422827 0.00417195 0.01233110 0.10650704 0.02522901 0.00344136 0.00599437 0.01871161
113 0.01891910 0.00880011 0.01012280 0.00464060 0.01762790 0.01000940 0.00430819 0.01149140 0.05061160 0.02572460 0.11656100 0.00744732 0.01329140 0.28854601 0.00310946 0.01641390 0.01012990 0.03223670 0.32151401 0.02849460
114 0.23332286 0.01674389 0.02719748 0.01858679 0.02300469 0.00908783 0.01474469 0.41463876 0.01147339 0.00849013 0.01803339 0.01523679 0.00467235 0.00519252 0.01422479 0.10385294 0.02805718 0.00290334 0.00697310 0.02356309
115 0.15902998 0.02775740 0.04541119 0.03563930 0.02518730 0.03360700 0.04008179 0.06594369 0.01607150 0.03027570 0.03283540 0.03619609 0.01693640 0.01998430 0.03645559 0.21621097 0.10330299 0.00531224 0.01464680 0.03911439
116 0.03576401 0.02054601 0.02218601 0.01491620 0.02218401 0.02372381 0.01864161 0.01990001 0.05102022 0.03746141 0.09884503 0.02044391 0.01936311 0.19271306 0.00986707 0.03123001 0.02213761 0.02542121 0.27556309 0.03807261
117 0.04763032 0.28424913 0.03910842 0.03305152 0.01229901 0.04967492 0.04364552 0.03179171 0.02577821 0.01685931 0.03953882 0.18980109 0.02330561 0.01405661 0.01448581 0.04389872 0.04196592 0.00456373 0.01533231 0.02896331
118 0.01920140 0.00820305 0.00978420 0.00450540 0.01767260 0.00924640 0.00353543 0.01044090 0.04968079 0.02753389 0.13645997 0.00695351 0.01615160 0.28689895 0.00273589 0.01494540 0.00930151 0.02649129 0.31172194 0.02853589
119 0.05313863 0.01797291 0.01105511 0.00793478 0.01180021 0.01342961 0.01178601 0.01342651 0.01363831 0.15256309 0.31871020 0.01705991 0.06809124 0.06588604 0.01163991 0.02177241 0.02859562 0.00705310 0.02816732 0.12627908
120 0.09909155 0.01270399 0.00821255 0.00712643 0.01683279 0.00930414 0.01190809 0.04922278 0.01023890 0.16635592 0.28185886 0.01017060 0.06075597 0.03550388 0.00821405 0.03305578 0.03247918 0.00545441 0.01084819 0.13066194
121 0.04919628 0.01105340 0.00295397 0.00095190 0.00982432 0.00314723 0.00511151 0.00734674 0.00727119 0.19763892 0.35888685 0.00565665 0.07878227 0.04340948 0.00470015 0.01000200 0.02443109 0.00467684 0.00787631 0.16708293
122 0.04648549 0.03119819 0.04952669 0.02410349 0.02328479 0.14102496 0.05892648 0.03007559 0.10450197 0.08760858 0.06225018 0.05687409 0.02227239 0.02893659 0.02974299 0.05083389 0.03574649 0.00710136 0.05436809 0.05513769
123 0.05696238 0.03435789 0.01636609 0.01608369 0.01749249 0.02558209 0.02098949 0.01772449 0.01409419 0.13394495 0.22449291 0.03082829 0.08852646 0.04895558 0.01832889 0.04093848 0.04761298 0.00634520 0.02220949 0.11816395
124 0.05394070 0.01928540 0.11379399 0.09297789 0.00801610 0.04203240 0.12440099 0.16244399 0.03735460 0.01129830 0.01585870 0.03724400 0.00897421 0.00640327 0.01211980 0.13113999 0.09163499 0.00268269 0.00808411 0.02031390
125 0.05537241 0.02018330 0.09980102 0.04641811 0.00649289 0.01553930 0.04530871 0.50157011 0.02010640 0.00393838 0.01004940 0.02305801 0.00333242 0.00240349 0.00949276 0.08836262 0.02805491 0.00197280 0.00455354 0.01398940
126 0.05328781 0.03712391 0.05315701 0.02626391 0.01440120 0.04248721 0.02767201 0.02540561 0.07880292 0.02575481 0.04444441 0.05531361 0.02672011 0.01383120 0.20885005 0.07271792 0.13681104 0.00530154 0.01999551 0.03165821
127 0.04826109 0.01055390 0.00942976 0.01014860 0.01502010 0.01123990 0.01293120 0.01061110 0.00948009 0.24875096 0.18475897 0.01232670 0.05048649 0.03516509 0.01062460 0.02731550 0.03633269 0.00508612 0.01523120 0.23624596
128 0.06078105 0.01519651 0.01165711 0.01011251 0.01456781 0.01504201 0.01550571 0.01617991 0.00951897 0.22776918 0.14550711 0.01586701 0.04223043 0.03210693 0.01176191 0.03250383 0.04233263 0.00380666 0.01525251 0.26230020
129 0.06785847 0.07176717 0.04701548 0.05147428 0.01550059 0.14932694 0.08355297 0.03863518 0.03894978 0.02792299 0.04902128 0.08102107 0.02435879 0.01896089 0.03634199 0.07597477 0.05201078 0.00528351 0.02525359 0.03976948
130 0.06763263 0.07183503 0.04676512 0.05021852 0.01576011 0.14989306 0.08240513 0.03815421 0.03851302 0.02849721 0.04853052 0.08122543 0.02454281 0.01872901 0.03638521 0.07677753 0.05300842 0.00499521 0.02573941 0.04039242
131 0.06363549 0.04073669 0.08332859 0.21470296 0.01182970 0.04183389 0.17550497 0.05411139 0.02030370 0.02185340 0.02359360 0.06079809 0.01195560 0.01082040 0.02060510 0.06544119 0.03692099 0.00447278 0.01348120 0.02407030
132 0.07554735 0.01818741 0.01832901 0.01091161 0.01573401 0.01797511 0.01968251 0.01462521 0.00914317 0.19098813 0.08920546 0.01858991 0.03343832 0.02584912 0.01458601 0.06042014 0.09859387 0.00393137 0.01208011 0.25218217
133 0.04792929 0.28372796 0.03955359 0.03351820 0.01222440 0.04910269 0.04414419 0.03215950 0.02533970 0.01626670 0.03893359 0.19161898 0.02308720 0.01345030 0.01454030 0.04410779 0.04213989 0.00461383 0.01495280 0.02858910
134 0.05334871 0.01835690 0.01079460 0.00781333 0.01184540 0.01341420 0.01179620 0.01377980 0.01338080 0.15229003 0.31920707 0.01713720 0.06797551 0.06637451 0.01137540 0.02178250 0.02867811 0.00725995 0.02771371 0.12567603
135 0.11147300 0.02595530 0.05451410 0.03436000 0.01318230 0.01808860 0.03582470 0.44570200 0.01740600 0.01217610 0.02287370 0.02355670 0.00768444 0.00872990 0.01347570 0.08692930 0.02878100 0.00479657 0.01020270 0.02428790
136 0.12520201 0.02036320 0.03385840 0.01847800 0.01582880 0.02603990 0.02894910 0.02437910 0.01117870 0.02500500 0.01627180 0.02380300 0.01585940 0.01918150 0.01725030 0.27772702 0.25562702 0.00261617 0.00905716 0.03332440
137 0.06331040 0.04075020 0.08345420 0.21492899 0.01185520 0.04218580 0.17543899 0.05337780 0.02071670 0.02158210 0.02341250 0.06078340 0.01198160 0.01072520 0.02142890 0.06539640 0.03705660 0.00435963 0.01359800 0.02365740
138 0.04148722 0.02056181 0.02216621 0.01171601 0.03420862 0.03115792 0.01652861 0.01546071 0.03519672 0.06233183 0.12106606 0.02419411 0.08714234 0.12290406 0.01253351 0.03536052 0.03945272 0.01693621 0.20012510 0.04946972
139 0.15914516 0.02776703 0.04569515 0.03531754 0.02503223 0.03350383 0.04016894 0.06730507 0.01641112 0.03061163 0.03333843 0.03615144 0.01677382 0.02036152 0.03570444 0.21401022 0.10372111 0.00552359 0.01447161 0.03898614
140 0.04156241 0.19136402 0.05150581 0.02073920 0.00727033 0.06770771 0.03432680 0.01285030 0.02653640 0.02728270 0.12151902 0.19062402 0.02379380 0.01673380 0.02116020 0.04968711 0.04144771 0.00316354 0.01313960 0.03758550
141 0.03870790 0.01537350 0.01606920 0.02761960 0.01104530 0.02518780 0.05912510 0.02264630 0.01847800 0.10308600 0.10449600 0.02450310 0.02435040 0.16293300 0.01899680 0.05111890 0.03933010 0.10180900 0.07769360 0.05743040
142 0.03519030 0.00404898 0.00486045 0.00273036 0.01230680 0.02097860 0.00761446 0.00595629 0.00661633 0.34160805 0.04241681 0.00816191 0.02647000 0.02096390 0.00628124 0.01614210 0.03590771 0.00169472 0.00760592 0.39244505
143 0.04176491 0.04546941 0.10572803 0.15280405 0.00612398 0.04858251 0.13574604 0.14787404 0.03683851 0.00982536 0.01579190 0.08862003 0.00879153 0.00529713 0.01172120 0.07217062 0.04141991 0.00319901 0.00766589 0.01456590
144 0.15898000 0.02820900 0.04582120 0.03550260 0.02535800 0.03331630 0.03997870 0.06520850 0.01600080 0.03054800 0.03236770 0.03654250 0.01676650 0.02061090 0.03548910 0.21696500 0.10318800 0.00508651 0.01456770 0.03949300
145 0.06647009 0.04504710 0.06909419 0.14633698 0.00614530 0.05724669 0.21757098 0.04911629 0.02702820 0.02319120 0.02782230 0.06701559 0.01314660 0.01093140 0.02314600 0.06192499 0.04185530 0.00342971 0.01413830 0.02934280
146 0.16236107 0.04692452 0.03457422 0.03678052 0.02689961 0.13662206 0.06398373 0.03354812 0.03049941 0.02265721 0.04967452 0.05415712 0.01953251 0.01530641 0.04225682 0.10291205 0.05607383 0.00383514 0.01950291 0.04189822
147 0.06857703 0.07016103 0.04695622 0.05214522 0.01594401 0.14971507 0.08441594 0.03908352 0.03878842 0.02832361 0.04807512 0.07944833 0.02452841 0.01807991 0.03570542 0.07655943 0.05306042 0.00508266 0.02565111 0.03969912
148 0.06517121 0.02415560 0.02762490 0.02297510 0.01583200 0.03589531 0.02655110 0.01560170 0.01695470 0.02485640 0.03934251 0.03914851 0.08265521 0.01430050 0.27423504 0.05802461 0.16398702 0.00399425 0.01457550 0.03411881
149 0.06762653 0.07097233 0.04658112 0.05100172 0.01581801 0.15037506 0.08388493 0.03870642 0.03849622 0.02813411 0.04864832 0.08150343 0.02452341 0.01831341 0.03512091 0.07653613 0.05283392 0.00519640 0.02556831 0.04015932
150 0.04026607 0.01599559 0.01194089 0.01048819 0.01400649 0.01444859 0.01290099 0.01455099 0.02805878 0.06546945 0.17071688 0.01674679 0.03598937 0.22748984 0.00886050 0.03557057 0.03299398 0.02657908 0.15462489 0.06230206
151 0.25945992 0.02385689 0.02397029 0.02752199 0.03045109 0.02413819 0.03436249 0.08003547 0.01310690 0.04186159 0.06047558 0.02876859 0.01861769 0.01953539 0.03499949 0.13947496 0.06332458 0.00351562 0.01382060 0.05870268
152 0.03490068 0.02192559 0.06398387 0.01729749 0.02198589 0.03071638 0.02045359 0.01698639 0.06265177 0.03590548 0.13257393 0.03049158 0.01935059 0.13397493 0.01851929 0.03413958 0.02327389 0.01445249 0.23401088 0.03240568
153 0.05436162 0.02920671 0.09854724 0.21214909 0.00473352 0.04226852 0.21593610 0.06256323 0.02341281 0.01612081 0.01669771 0.05311482 0.00721803 0.00522805 0.01603991 0.07692583 0.03349631 0.00216186 0.01069380 0.01912401
154 0.12911813 0.03425583 0.06696866 0.20172120 0.01485021 0.03401413 0.16452916 0.04905265 0.01405391 0.01987372 0.02416372 0.04954795 0.01017141 0.01036211 0.02472972 0.07425907 0.03448013 0.00329493 0.01201531 0.02853803
155 0.11155104 0.02529291 0.05427712 0.03404601 0.01293150 0.01806171 0.03566471 0.44815416 0.01745661 0.01230760 0.02268591 0.02351561 0.00779885 0.00870481 0.01374110 0.08647863 0.02834441 0.00467448 0.01025710 0.02405571
156 0.01744850 0.00765820 0.01029190 0.00395949 0.01839790 0.00958319 0.00313149 0.01072620 0.05544471 0.02431730 0.11012401 0.00620609 0.01016240 0.28583203 0.00252326 0.01341780 0.00708056 0.02867250 0.34743404 0.02758840
157 0.05547566 0.09449153 0.07259425 0.23331884 0.00705818 0.03982827 0.18339287 0.02738288 0.01457139 0.01833119 0.02161859 0.08402024 0.01174239 0.00755301 0.01643739 0.04641407 0.02814008 0.00593279 0.01218409 0.01951229
158 0.05336751 0.01846340 0.01108360 0.00754691 0.01185230 0.01348290 0.01188690 0.01379540 0.01357070 0.15097103 0.31827407 0.01761440 0.06767801 0.06694231 0.01196700 0.02185760 0.02839811 0.00734657 0.02880821 0.12509303
159 0.04334334 0.01001851 0.00288816 0.00152449 0.01003751 0.00318145 0.00548339 0.00721441 0.01084621 0.17593818 0.34490334 0.00546496 0.07488517 0.08703769 0.00396809 0.01072581 0.02313152 0.00844899 0.03309363 0.13786514
160 0.05052511 0.01208770 0.00426347 0.00201855 0.01040920 0.00491315 0.00623081 0.00830593 0.00818657 0.19166604 0.34923108 0.00733471 0.07649672 0.04532801 0.00591247 0.01233550 0.02552121 0.00501562 0.01062910 0.16358904
161 0.04719969 0.28417196 0.03902069 0.03321910 0.01221760 0.04979229 0.04359839 0.03066200 0.02568230 0.01707540 0.03938919 0.19069897 0.02293800 0.01377220 0.01447970 0.04462699 0.04222869 0.00483155 0.01535460 0.02904070
162 0.09233912 0.03153161 0.03000541 0.02205551 0.01810890 0.03445231 0.02360421 0.03029411 0.01799390 0.07608782 0.20282705 0.03868911 0.03933261 0.05590231 0.02088711 0.10707703 0.04806291 0.00861845 0.02579971 0.07633082
163 0.05300906 0.01803029 0.01106129 0.00775087 0.01172339 0.01332409 0.01186669 0.01337759 0.01336769 0.15268387 0.32036074 0.01715079 0.06827004 0.06589795 0.01142549 0.02169728 0.02865328 0.00721963 0.02726208 0.12586790
164 0.04459640 0.00957190 0.00469056 0.00161410 0.01196720 0.00510832 0.00550395 0.00765085 0.01290950 0.19851400 0.29401701 0.00580928 0.06606660 0.06254290 0.00435544 0.01242320 0.02430720 0.00695318 0.04767840 0.17372000
165 0.05068072 0.01140920 0.00459528 0.00230222 0.01082420 0.00569099 0.00650266 0.00838603 0.00780800 0.20632207 0.31366811 0.00756310 0.07037133 0.04201122 0.00564740 0.01357860 0.02709971 0.00443896 0.01060910 0.19049107
166 0.01838299 0.00768732 0.01122779 0.00422279 0.01902349 0.01061409 0.00364835 0.01101899 0.05695487 0.02594349 0.10858394 0.00682555 0.01048039 0.27577886 0.00278816 0.01383449 0.00754485 0.02810169 0.34894882 0.02838909
167 0.06586901 0.02244650 0.04153470 0.08630191 0.01580260 0.03985360 0.14221001 0.02433270 0.01707200 0.12858801 0.09033611 0.03823720 0.02595250 0.02388870 0.02699010 0.05685281 0.04181850 0.00738621 0.01724080 0.08728601
168 0.04716817 0.28585283 0.03896718 0.03281618 0.01226069 0.04900077 0.04293747 0.03104098 0.02540878 0.01677629 0.03869018 0.19273688 0.02308879 0.01390449 0.01428699 0.04376257 0.04202707 0.00492080 0.01529419 0.02905868
169 0.01929610 0.00846867 0.00938441 0.00465536 0.01690480 0.00885250 0.00369828 0.01056540 0.04673760 0.02773960 0.14258900 0.00722022 0.01765140 0.29260299 0.00287968 0.01553940 0.01040210 0.02753310 0.29891899 0.02836040
170 0.06615657 0.12547995 0.03433729 0.04107388 0.00991666 0.04882028 0.03377769 0.02408069 0.02413969 0.02177409 0.04246568 0.07967127 0.02046359 0.01879599 0.21375591 0.07674247 0.06206407 0.00833825 0.01693099 0.03121499
171 0.04076663 0.01568081 0.01206261 0.01043391 0.01367541 0.01446321 0.01283341 0.01517161 0.02822992 0.06479885 0.16886213 0.01668141 0.03565503 0.22743018 0.00888542 0.03671723 0.03314603 0.02676612 0.15541012 0.06232995
172 0.04734271 0.28572308 0.03875061 0.03289621 0.01205740 0.04914581 0.04397641 0.03060121 0.02551021 0.01679690 0.03979741 0.19230605 0.02296971 0.01407020 0.01429540 0.04349821 0.04165451 0.00449443 0.01504910 0.02906441
173 0.14894507 0.01538191 0.02540471 0.02647151 0.00993663 0.03094211 0.04844552 0.01729201 0.00966086 0.02188521 0.01571561 0.03168252 0.01068681 0.00835442 0.33531216 0.17111908 0.03962072 0.00556973 0.00734678 0.02022661
174 0.11984305 0.02517431 0.06564113 0.05185072 0.01927921 0.03080971 0.04908582 0.20784009 0.02492181 0.02084031 0.03298231 0.03026271 0.01614331 0.01300121 0.01793991 0.11295805 0.11161505 0.00553689 0.01107770 0.03319671
175 0.03368770 0.00277953 0.00201142 0.00088769 0.01066850 0.00800738 0.00286858 0.00463234 0.00456054 0.35216404 0.07207911 0.00407342 0.03272200 0.02195440 0.00266980 0.01073400 0.03376000 0.00111457 0.00576593 0.39285904
176 0.05189611 0.05053521 0.04605331 0.09905412 0.00647314 0.14338603 0.21795705 0.04655691 0.03919281 0.01751060 0.02606841 0.07334812 0.01814800 0.01041470 0.01670120 0.05506841 0.03862361 0.00311004 0.01573340 0.02416881
177 0.11014597 0.02469919 0.03240719 0.03007029 0.01227600 0.04098889 0.04123839 0.02623279 0.01769740 0.03050579 0.04576369 0.04670059 0.01893100 0.01304080 0.30763793 0.09453038 0.05246519 0.00607963 0.01229300 0.03629589
178 0.04640067 0.01289379 0.01541949 0.00878619 0.01254059 0.01730889 0.01310709 0.00865358 0.00953072 0.26431386 0.12467893 0.04153948 0.03502628 0.02593029 0.01346999 0.02791178 0.03626368 0.00421038 0.00935745 0.27265685
179 0.22993802 0.01357560 0.01570160 0.01417850 0.03221810 0.01816600 0.02081840 0.04274480 0.00918359 0.09498951 0.09564431 0.01742030 0.02682490 0.02044300 0.02170640 0.09306381 0.05939081 0.00284372 0.01211960 0.15902901
