1 0.04452570 0.00759809 0.00593720 0.00169597 0.01259600 0.00796309 0.00355838 0.00614160 0.00245541 0.26722001 0.21049901 0.00383961 0.04890230 0.03567410 0.00593672 0.01095610 0.04091370 0.00288450 0.01065250 0.27005001
2 0.06521543 0.03261601 0.01831091 0.01684791 0.01082730 0.03043581 0.03910992 0.04368322 0.01310471 0.02200111 0.03152091 0.01892481 0.01248451 0.01293711 0.45337519 0.08840994 0.05501102 0.00385729 0.00761329 0.02371361
3 0.06390823 0.01958441 0.08552764 0.12968006 0.00394383 0.04053492 0.04548462 0.42087318 0.02028621 0.00658619 0.01339931 0.03645752 0.00257014 0.01749081 0.00694140 0.05870903 0.01207541 0.00218697 0.00496983 0.00879031
4 0.06640978 0.01577509 0.01433280 0.00920140 0.01429140 0.01338910 0.01356730 0.01450860 0.00832178 0.22014593 0.15972695 0.01689969 0.04238779 0.03303969 0.01042710 0.03250559 0.04926128 0.00482806 0.01365380 0.24732692
5 0.24109814 0.07961855 0.02812712 0.02081091 0.01034631 0.05273923 0.05535683 0.04713553 0.03285542 0.03051252 0.03930992 0.12039007 0.01607501 0.01583961 0.02659302 0.07914235 0.05074003 0.00497471 0.00877321 0.03956152
6 0.06238499 0.02357360 0.06778859 0.17278498 0.00929492 0.04597950 0.12383299 0.02811310 0.02800480 0.07577069 0.04326280 0.04067140 0.02295400 0.01520900 0.01803570 0.07175369 0.08591879 0.00658977 0.00988130 0.04819540
7 0.12013189 0.05674735 0.03739576 0.03715086 0.01574819 0.10313290 0.04714166 0.04194166 0.02409918 0.01887958 0.02011488 0.04782125 0.00819294 0.01244909 0.04816485 0.25512176 0.05768605 0.00819409 0.01556149 0.02432458
8 0.04027719 0.01124140 0.00766521 0.00240938 0.01032870 0.00889863 0.00660384 0.00961541 0.00328798 0.23496096 0.24607296 0.00458251 0.08079979 0.03614029 0.01023140 0.02021390 0.04411659 0.00314240 0.01172350 0.20768797
9 0.04554872 0.08264454 0.02837311 0.11073505 0.00204833 0.07925543 0.27966012 0.01271721 0.02044391 0.02512521 0.03174191 0.15545307 0.00566425 0.00976810 0.00936736 0.04124582 0.02376051 0.00510652 0.00659260 0.02474821
10 0.01668660 0.00913311 0.00466680 0.00248577 0.00599405 0.00784284 0.00646584 0.00626861 0.04545880 0.01848290 0.04882560 0.00930447 0.00712656 0.32493697 0.00299913 0.02299190 0.01844880 0.01796460 0.40457497 0.01934170
11 0.02883350 0.03904490 0.01809700 0.00854295 0.01971350 0.01710450 0.01854390 0.01096150 0.04005530 0.04342230 0.06829710 0.05393310 0.01312420 0.24489799 0.00765791 0.02214930 0.01944300 0.02863630 0.26964598 0.02789580
12 0.03294931 0.01923760 0.01612680 0.01033220 0.01144130 0.01597050 0.01478900 0.01803560 0.02585810 0.06600531 0.13748702 0.02145050 0.02684540 0.25594405 0.00814422 0.02542010 0.02539920 0.01962680 0.18740803 0.06152891
13 0.03430961 0.04595001 0.14373703 0.22742705 0.00707365 0.05902551 0.10575302 0.07497101 0.02635861 0.01120730 0.02706181 0.09779672 0.00391005 0.01828540 0.01160140 0.04472151 0.02623231 0.00229010 0.00885680 0.02343110
14 0.03860320 0.05251300 0.05212920 0.21756499 0.00362516 0.06754870 0.25124499 0.02041870 0.02096210 0.02169590 0.02565500 0.11308299 0.00375356 0.00518714 0.00902844 0.04626450 0.02152830 0.00296000 0.00529595 0.02093820
15 0.06839072 0.22938707 0.03825641 0.02468561 0.01250800 0.06325542 0.05441372 0.02892191 0.03151051 0.02165051 0.03612801 0.16404705 0.02352941 0.02095471 0.02415001 0.05961102 0.03735761 0.01387770 0.01754371 0.02982091
16 0.07798819 0.03048800 0.06983010 0.07933389 0.00699223 0.05877180 0.02945500 0.41261197 0.02163690 0.01070520 0.01603940 0.03863390 0.00486895 0.02058910 0.01428790 0.06917710 0.01684290 0.00381571 0.00612708 0.01180470
17 0.04851840 0.00710833 0.00537214 0.00160261 0.01361330 0.00886194 0.00316927 0.00658622 0.00173707 0.29025403 0.17556602 0.00325796 0.04236170 0.02455960 0.00584116 0.01131020 0.04572330 0.00248800 0.00906870 0.29300003
18 0.04877172 0.16943208 0.02347571 0.05658163 0.00223482 0.10201705 0.17721309 0.00944374 0.01911801 0.02189781 0.02578201 0.21506110 0.00686251 0.01271091 0.01045471 0.03990642 0.02677341 0.00397312 0.00422953 0.02406061
19 0.05454949 0.06273221 0.03342176 0.11645320 0.00263036 0.10413018 0.28239248 0.01511823 0.02677925 0.03073395 0.03138655 0.10359418 0.00603901 0.01165252 0.01435132 0.04461238 0.02578724 0.00393048 0.00772288 0.02198234
20 0.02922411 0.01906741 0.01544310 0.00330831 0.00506403 0.00695067 0.01358000 0.01910401 0.00515969 0.14736204 0.33100009 0.00468131 0.14610504 0.02527031 0.03495631 0.04314091 0.04933801 0.00265191 0.01313080 0.08546192
21 0.16146395 0.03714219 0.03727809 0.02807159 0.02583929 0.03460899 0.03432409 0.07412078 0.01795739 0.02763739 0.03009459 0.03227519 0.01518390 0.01504420 0.03356719 0.23826192 0.09242307 0.00721622 0.01706749 0.04042249
22 0.03833609 0.01513420 0.01208430 0.00864099 0.00896412 0.01090950 0.01546600 0.01073990 0.00871747 0.15504697 0.33143094 0.01302920 0.07868769 0.07594389 0.01055570 0.02101780 0.02742229 0.00549601 0.02360500 0.12877198
23 0.05684072 0.29820809 0.03390561 0.01388000 0.01041980 0.07338322 0.04521601 0.01042350 0.02865771 0.00921084 0.02199031 0.25109208 0.02274501 0.01335430 0.00949174 0.03032541 0.03730391 0.00592281 0.01097120 0.01665771
24 0.11112405 0.02125671 0.03817742 0.03616352 0.00891384 0.01882091 0.02175371 0.53751426 0.01418681 0.01300511 0.01347041 0.01972491 0.00497126 0.01226691 0.01226721 0.07633034 0.01888731 0.00295162 0.00441290 0.01380081
25 0.05451817 0.01278389 0.01107329 0.00827939 0.01350739 0.01479449 0.01435479 0.01233419 0.00657958 0.24271685 0.18850888 0.01067089 0.04844157 0.03724338 0.00950205 0.02356579 0.04565967 0.00412329 0.01567859 0.22566386
26 0.28501389 0.02097799 0.02398829 0.01375729 0.04049418 0.02188889 0.02037119 0.10190696 0.01098300 0.01766299 0.01677999 0.01629679 0.00944441 0.00686179 0.02051619 0.23619491 0.08325837 0.00330845 0.00904335 0.04125108
27 0.05134007 0.01893689 0.01508599 0.00648597 0.01715459 0.01342009 0.01820999 0.01442719 0.01211029 0.12842292 0.17216289 0.01879549 0.08623954 0.10555493 0.01272399 0.04475727 0.08299325 0.00994568 0.04686907 0.12436392
28 0.06260125 0.04915814 0.05192804 0.14042810 0.00538745 0.05992094 0.25800519 0.02797272 0.02951402 0.02537522 0.03467823 0.08090886 0.01042511 0.01235031 0.01940701 0.04882894 0.03897633 0.00570242 0.01343941 0.02499232
29 0.04537721 0.00636571 0.00455083 0.00074566 0.01336790 0.00802440 0.00192197 0.00562257 0.00096753 0.29277508 0.18797705 0.00174789 0.04380171 0.02640651 0.00518937 0.00874700 0.04341601 0.00230767 0.00894485 0.29174308
30 0.05759507 0.07207567 0.02265669 0.10424195 0.00338982 0.07942556 0.19833991 0.01459599 0.02600959 0.05130148 0.03416968 0.13487194 0.00911905 0.01281819 0.01424419 0.09158326 0.02689279 0.00583718 0.00574540 0.03508658
31 0.11031600 0.02122680 0.03865970 0.03658160 0.00868446 0.01846990 0.02200880 0.53588799 0.01377710 0.01323630 0.01373080 0.01981880 0.00487775 0.01194650 0.01241200 0.07693710 0.01964020 0.00316325 0.00421576 0.01440920
32 0.04386260 0.00853954 0.00695262 0.00242453 0.01213110 0.00813308 0.00512880 0.00669733 0.00329461 0.25018600 0.22784600 0.00493592 0.05390380 0.04167320 0.00675730 0.01259540 0.03927570 0.00312666 0.01221480 0.25032100
33 0.03496903 0.00828813 0.00560541 0.00126327 0.00979400 0.00688079 0.00472185 0.00661072 0.00218815 0.22902621 0.29390827 0.00273189 0.07156837 0.05398605 0.00689168 0.01257341 0.03205703 0.00298505 0.01265451 0.20129619
34 0.07910263 0.16870507 0.03049441 0.01431091 0.00788416 0.07269463 0.04744872 0.03656431 0.03840872 0.00852484 0.01290631 0.07532933 0.00819176 0.01101010 0.15124206 0.18114107 0.01927981 0.01290221 0.00892113 0.01493781
35 0.01640170 0.00915533 0.00475788 0.00268528 0.00693705 0.00779862 0.00723914 0.00662115 0.03776111 0.02336210 0.05373311 0.00987369 0.00828122 0.35372405 0.00299299 0.02072430 0.02169640 0.01667750 0.36567905 0.02389830
36 0.08168089 0.06347159 0.06686109 0.04947019 0.00907895 0.04879229 0.07019709 0.04083789 0.11051198 0.02874740 0.05097079 0.06022939 0.01759390 0.05263669 0.02467270 0.06591299 0.03289230 0.01362920 0.07657639 0.03523629
37 0.15585103 0.02210710 0.04369981 0.01146950 0.02921901 0.02088640 0.02322480 0.04819951 0.00896004 0.03026151 0.02269780 0.01582060 0.01534910 0.00737245 0.01734810 0.27377006 0.19852004 0.00525910 0.01066580 0.03931821
38 0.03181958 0.02082349 0.01651859 0.00890321 0.00945367 0.01352199 0.01737649 0.01129809 0.04986488 0.03073308 0.06557327 0.01956139 0.01374189 0.23094388 0.00718812 0.03538788 0.02236349 0.02141429 0.34416283 0.02934989
39 0.05657600 0.14820401 0.05940600 0.01936060 0.00840146 0.05115610 0.04951770 0.02660420 0.13844201 0.01358040 0.02529160 0.07443090 0.01277350 0.02183630 0.04863080 0.13758801 0.02334960 0.01246230 0.03186090 0.04052760
40 0.01639920 0.00872052 0.00454114 0.00268573 0.00679168 0.00781591 0.00717559 0.00664594 0.03737031 0.02289010 0.05473861 0.00947605 0.00822758 0.35443207 0.00278457 0.02067700 0.02170590 0.01617720 0.36719607 0.02354880
41 0.06285186 0.15718891 0.05154707 0.05630137 0.00518079 0.11952593 0.09565755 0.01990739 0.02604239 0.02098349 0.02751588 0.19951989 0.01090019 0.01681779 0.01345679 0.04531587 0.03901948 0.00404270 0.00734798 0.02087669
42 0.28970493 0.01855290 0.02475589 0.01573080 0.03424689 0.01236180 0.01538640 0.22543095 0.00627513 0.01078340 0.01024180 0.01247160 0.00436509 0.00779154 0.01330010 0.21056795 0.05386289 0.00205648 0.00492449 0.02718899
43 0.02905048 0.02045329 0.01221359 0.00638342 0.01047819 0.01016969 0.01477889 0.00855856 0.03682738 0.06213096 0.16486390 0.01981169 0.02938528 0.18978489 0.00696070 0.02083719 0.02191819 0.02154779 0.26036985 0.05347607
44 0.03665232 0.00869983 0.00647425 0.00257769 0.01001011 0.00666319 0.00581326 0.00630005 0.00334105 0.21307511 0.29590315 0.00456312 0.06778223 0.06301973 0.00651866 0.01255331 0.03088102 0.00349789 0.01473391 0.20094010
45 0.04263071 0.02670661 0.01747201 0.01397190 0.01114770 0.03206291 0.06969172 0.01020560 0.02378251 0.08847723 0.22681107 0.04654171 0.03979191 0.15158905 0.01067860 0.02017871 0.02049361 0.01107190 0.07035452 0.06634002
46 0.03977200 0.01515900 0.01220790 0.00807375 0.00906552 0.01140800 0.01556690 0.01085760 0.00895881 0.15497702 0.32935004 0.01320020 0.07806601 0.07582341 0.01002650 0.02084890 0.02746110 0.00566910 0.02427620 0.12923202
47 0.08371188 0.08465058 0.05256019 0.07236278 0.00916122 0.12470397 0.08817508 0.03878319 0.03254409 0.03701769 0.04029729 0.09686378 0.01461690 0.02367400 0.02727129 0.07649178 0.03944079 0.00691539 0.01566190 0.03509619
48 0.14159497 0.01553240 0.01423080 0.00939721 0.01983320 0.01486910 0.01527490 0.02684000 0.00972613 0.17518697 0.10980398 0.01668210 0.03266289 0.02027890 0.01716800 0.06346869 0.06292749 0.00352136 0.00995698 0.22104396
49 0.14262903 0.06271921 0.04768011 0.01701430 0.01756430 0.02368230 0.02830521 0.10487602 0.01229260 0.02369380 0.01698390 0.03406281 0.00895697 0.00845997 0.02676791 0.23693905 0.14475803 0.00643312 0.00672443 0.02945691
50 0.04479502 0.01201461 0.08952085 0.32507518 0.00696795 0.03664782 0.26087314 0.02634721 0.02759642 0.01548261 0.02300791 0.04149002 0.00320211 0.00216966 0.00784306 0.02789182 0.03142312 0.00119269 0.00650829 0.00995050
51 0.04855568 0.00733694 0.00545808 0.00158085 0.01359840 0.00904662 0.00329775 0.00660698 0.00169547 0.29055691 0.17508495 0.00338442 0.04226969 0.02436489 0.00582162 0.01114360 0.04536899 0.00249601 0.00898227 0.29334991
52 0.20481306 0.04723741 0.03820721 0.03125281 0.01167470 0.05971962 0.05472042 0.03508171 0.10552903 0.04631431 0.05787062 0.05369142 0.01641310 0.02925491 0.02700471 0.07511132 0.03243431 0.00879211 0.02680891 0.03806831
53 0.05436208 0.01290099 0.01035360 0.00752076 0.01360259 0.01477099 0.01383129 0.01209939 0.00651085 0.24435289 0.18797892 0.01072780 0.04880608 0.03702148 0.00918970 0.02342209 0.04568978 0.00425273 0.01589009 0.22671590
54 0.16124490 0.03719438 0.12494792 0.06212136 0.01817589 0.03754878 0.05727016 0.07832305 0.02981828 0.02375398 0.03451878 0.04737847 0.01253399 0.01712169 0.01559689 0.11505293 0.07072655 0.00469224 0.01381009 0.03816968
55 0.25101712 0.03245322 0.02571491 0.02173781 0.03078601 0.02968781 0.03527992 0.09337544 0.02005991 0.04468522 0.04398242 0.03292302 0.01645751 0.01658571 0.02605111 0.13422006 0.06359233 0.00666192 0.01318201 0.06154653
56 0.04254988 0.00679837 0.00475438 0.00085794 0.01246029 0.00753163 0.00257581 0.00578451 0.00126525 0.27515684 0.21625788 0.00195543 0.05110317 0.03481038 0.00558788 0.00968310 0.04044198 0.00252436 0.01014809 0.26775285
57 0.16137502 0.03726691 0.03810871 0.02872370 0.02658360 0.03518611 0.03465861 0.07552521 0.01842390 0.02749250 0.02920010 0.03188480 0.01498120 0.01430620 0.03428011 0.23725204 0.09174431 0.00688245 0.01604770 0.04007681
58 0.13570705 0.01912921 0.03336751 0.01186690 0.02272381 0.02347131 0.02266771 0.03240021 0.01673791 0.03095321 0.03555561 0.01516951 0.02511531 0.04226281 0.01365880 0.23680208 0.15737106 0.00792995 0.07721833 0.03989171
59 0.03678229 0.01239190 0.00826458 0.00222850 0.00911193 0.00837867 0.00728523 0.01094130 0.00336033 0.22217496 0.26154596 0.00411186 0.09777328 0.03475369 0.01234350 0.02334290 0.04468139 0.00313096 0.01168780 0.18570897
60 0.06802614 0.15548786 0.04873716 0.04984276 0.00763455 0.07153944 0.08579482 0.02894077 0.02838427 0.02052638 0.03516357 0.19865182 0.01498849 0.02189918 0.01519879 0.05190915 0.03974066 0.00774693 0.01618919 0.03359807
61 0.05128079 0.01240670 0.01770200 0.00579015 0.01475380 0.01196390 0.01146000 0.01253530 0.00883235 0.17263996 0.13913397 0.01611710 0.03771839 0.11965897 0.00695455 0.03062349 0.06907658 0.00733550 0.05324159 0.20077495
62 0.05651181 0.19344005 0.04933541 0.03877491 0.00444477 0.11072703 0.08535542 0.01399960 0.02179471 0.01544840 0.02463781 0.24596806 0.01055550 0.01432680 0.00853650 0.03453761 0.04346411 0.00319943 0.00550364 0.01943841
63 0.05462962 0.01289810 0.01095810 0.00792924 0.01363510 0.01481781 0.01423740 0.01217860 0.00683095 0.24214908 0.18863007 0.01092150 0.04901102 0.03728041 0.00967005 0.02358381 0.04580592 0.00448721 0.01555291 0.22479308
64 0.05636182 0.02565731 0.14413206 0.05052782 0.01611101 0.03245771 0.04302982 0.03246871 0.02680961 0.11787405 0.08631233 0.03317161 0.02906381 0.03680911 0.01420881 0.06419493 0.07970443 0.00745541 0.01945021 0.08419943
65 0.07817292 0.02302901 0.11336303 0.05675391 0.01266580 0.02575551 0.04883151 0.09413372 0.02344131 0.04701781 0.10082502 0.02890581 0.03361611 0.01340200 0.02148110 0.10611002 0.11582103 0.00473027 0.01249860 0.03944551
66 0.04597299 0.02194700 0.07335299 0.27694694 0.00529151 0.04841829 0.28445694 0.02369900 0.02573099 0.01731700 0.02178980 0.05571349 0.00361571 0.00298843 0.00867088 0.03195249 0.03067629 0.00187115 0.00602152 0.01356660
67 0.05258534 0.02344012 0.06532935 0.21314217 0.00655681 0.05341844 0.20010316 0.02437912 0.03625733 0.02662442 0.03570133 0.05444974 0.04417214 0.00748855 0.01292051 0.04384924 0.05186724 0.00905216 0.00979712 0.02886572
68 0.32822718 0.01614631 0.02075451 0.01141431 0.03980542 0.00974372 0.01287391 0.22140612 0.00481953 0.00905852 0.00927359 0.01006501 0.00394941 0.00781152 0.01091221 0.20117211 0.04917253 0.00134259 0.00421829 0.02783322
69 0.11042111 0.03290143 0.05234255 0.02200662 0.02315382 0.02595273 0.04091964 0.03649824 0.01445131 0.07002847 0.05819706 0.03464104 0.03031743 0.02109202 0.02436312 0.13585014 0.16568517 0.00800079 0.01661642 0.07656088
70 0.04278652 0.00864829 0.00604033 0.00119714 0.01178650 0.00782476 0.00381888 0.00767694 0.00172107 0.26297811 0.21449109 0.00254316 0.06296443 0.03081221 0.00759435 0.01408011 0.04470352 0.00294896 0.00990451 0.25547910
71 0.05335845 0.19378318 0.04833544 0.03983574 0.00618604 0.10467310 0.07688157 0.01782522 0.02686392 0.01226891 0.01463451 0.19324118 0.00802587 0.01245931 0.03445183 0.09422529 0.03417523 0.00599379 0.00584503 0.01693642
72 0.06101827 0.03936388 0.04735497 0.19477689 0.00479552 0.05549187 0.19093590 0.03619938 0.02384729 0.02326509 0.02003099 0.07639876 0.00523048 0.00531029 0.01481049 0.13341993 0.03178478 0.00429879 0.00674176 0.02492469
73 0.06321912 0.04818882 0.05265642 0.13939605 0.00558612 0.05926622 0.25583310 0.02930141 0.03025051 0.02507831 0.03465081 0.07945983 0.01040000 0.01231100 0.02060131 0.04955212 0.03991342 0.00589730 0.01368211 0.02475601
74 0.11941802 0.05042201 0.03437991 0.05340481 0.01161400 0.04453021 0.10838102 0.05100151 0.02233900 0.02084070 0.01976970 0.05303491 0.00985077 0.00758393 0.03839261 0.23134004 0.07434151 0.00928358 0.00989773 0.03017401
75 0.02302959 0.00816456 0.00505532 0.00297065 0.00860089 0.00604983 0.00878071 0.00451720 0.00988137 0.11324494 0.33152981 0.00947976 0.06149047 0.19077489 0.00360930 0.01092909 0.01535759 0.00941714 0.08348175 0.09363515
76 0.25057614 0.03167242 0.02599601 0.02299981 0.02966082 0.02979392 0.03553902 0.09229175 0.01955071 0.04554022 0.04396922 0.03283232 0.01624691 0.01619701 0.02546001 0.13526007 0.06454623 0.00646586 0.01291811 0.06248343
77 0.03676831 0.00875156 0.00669734 0.00248605 0.01016550 0.00681628 0.00597990 0.00632753 0.00359706 0.21367505 0.29410707 0.00483244 0.06776062 0.06173141 0.00655374 0.01266110 0.03120541 0.00357176 0.01463580 0.20167605
78 0.05523046 0.04488725 0.08741459 0.18701020 0.00572930 0.11781413 0.13538715 0.03418534 0.02680763 0.02123422 0.01874672 0.07163948 0.01072161 0.01366221 0.01291181 0.05864856 0.06619447 0.00410528 0.00643486 0.02123472
79 0.27301503 0.01469320 0.02560680 0.00751449 0.04247270 0.01230000 0.02178180 0.06406491 0.00639406 0.01926560 0.01622320 0.01146590 0.01276570 0.00415343 0.00733212 0.25501303 0.14608001 0.00229294 0.00881056 0.04875450
80 0.27573297 0.01409840 0.01703810 0.00585822 0.16236498 0.01479890 0.00828704 0.07230029 0.00662211 0.00991549 0.01646870 0.00588116 0.02039110 0.00711196 0.00837219 0.21773198 0.09501569 0.00186115 0.00638168 0.03376790
81 0.04304948 0.07689717 0.06949937 0.17123194 0.00447203 0.07437607 0.14955794 0.04123038 0.02174549 0.01962309 0.02664709 0.14611995 0.00567581 0.01417789 0.01174090 0.05855808 0.02395419 0.00469143 0.00736940 0.02938229
82 0.05285991 0.00745197 0.00590812 0.00125799 0.01431750 0.00854412 0.00377033 0.00918354 0.00168798 0.28391705 0.16275803 0.00305930 0.04378641 0.02093700 0.00636224 0.01813050 0.05753171 0.00244958 0.00896964 0.28711705
83 0.01523260 0.00786868 0.00387914 0.00230680 0.00627122 0.00722866 0.00664763 0.00642665 0.03648881 0.02064321 0.04938331 0.00853337 0.00724094 0.36415711 0.00258672 0.02054881 0.02194631 0.01492660 0.37554411 0.02213931
84 0.09794850 0.07617090 0.05687270 0.05640980 0.00697023 0.12928601 0.07706300 0.03083080 0.08849080 0.03121070 0.04513450 0.08021150 0.01430140 0.02965190 0.02620550 0.06442660 0.02960860 0.00882432 0.02514750 0.02523470
85 0.08401883 0.03253767 0.06775854 0.14571188 0.05095456 0.03004287 0.16984586 0.03355767 0.02797968 0.02708958 0.04490746 0.04178056 0.01649879 0.02044328 0.02503388 0.07015024 0.05652635 0.00708424 0.02014088 0.02793718
86 0.03681150 0.00886418 0.00662339 0.00250677 0.00999836 0.00690360 0.00577394 0.00633790 0.00325450 0.21397700 0.29459901 0.00488588 0.06763560 0.06094290 0.00659520 0.01287320 0.03134850 0.00358136 0.01441220 0.20207500
87 0.04813689 0.00675971 0.00502314 0.00102908 0.01375630 0.00861823 0.00222724 0.00613960 0.00136370 0.29811596 0.16935097 0.00271251 0.04028899 0.02188080 0.00537324 0.00972260 0.04566589 0.00236274 0.00839746 0.30307495
88 0.07093123 0.20521480 0.05000525 0.01596368 0.01302289 0.06876563 0.04254276 0.02095528 0.02257938 0.02130098 0.02655297 0.17348983 0.02128898 0.01424019 0.01485169 0.07137313 0.09843871 0.00859135 0.01026119 0.02963007
89 0.10106500 0.02550710 0.02849740 0.02178600 0.02077880 0.02609240 0.02951290 0.03947590 0.01879480 0.07764510 0.14818900 0.02257230 0.05524790 0.02524830 0.02596030 0.15842500 0.07988750 0.00607833 0.02066570 0.06857030
90 0.04570489 0.04017329 0.04670489 0.22450293 0.00282990 0.09774137 0.26176292 0.01935409 0.02337729 0.02597169 0.01972069 0.08194847 0.00453363 0.00563850 0.00767530 0.04295899 0.02392189 0.00199953 0.00402056 0.01945919
91 0.04848530 0.00713899 0.00535681 0.00142059 0.01356780 0.00878866 0.00307194 0.00648168 0.00169958 0.29081501 0.17585801 0.00323020 0.04193960 0.02493870 0.00572135 0.01093170 0.04529000 0.00259525 0.00918781 0.29348101
92 0.03957361 0.00808120 0.00549040 0.00116820 0.01139190 0.00799608 0.00448555 0.00674348 0.00197005 0.25515704 0.24826504 0.00278338 0.06133681 0.04150351 0.00690516 0.01188230 0.03722201 0.00282264 0.01161560 0.23360604
93 0.06798892 0.15573305 0.04875571 0.04979411 0.00778215 0.07209172 0.08661603 0.02857861 0.02831741 0.02081141 0.03526971 0.19777106 0.01506030 0.02178681 0.01569280 0.05182762 0.04033081 0.00738016 0.01471550 0.03369611
94 0.04406948 0.00665591 0.00459429 0.00074729 0.01298739 0.00789094 0.00213101 0.00573009 0.00099819 0.28745787 0.19882091 0.00171136 0.04715128 0.02890429 0.00543581 0.00909509 0.04217748 0.00234072 0.00926674 0.28183388
95 0.04861041 0.08138171 0.15326002 0.08768331 0.00651219 0.16164302 0.04914141 0.04717331 0.03307940 0.01614250 0.02175640 0.10048101 0.00777334 0.02615900 0.01350380 0.05747511 0.05626971 0.00388772 0.00993494 0.01813170
96 0.06801557 0.15444494 0.04782158 0.05073628 0.00771760 0.07194867 0.08835867 0.02878919 0.02827989 0.02099289 0.03492489 0.19804392 0.01523099 0.02159479 0.01453769 0.05223828 0.04026528 0.00767669 0.01526549 0.03311669
97 0.03668080 0.00726728 0.00483619 0.00091075 0.01073420 0.00641917 0.00316610 0.00558255 0.00143769 0.24485803 0.26998703 0.00211794 0.06258241 0.05035191 0.00568136 0.01008740 0.03375770 0.00288186 0.01165860 0.22900103
98 0.02560597 0.01225409 0.00906183 0.00204437 0.00563992 0.00499368 0.00719338 0.00859755 0.00364805 0.14921784 0.40121256 0.00455432 0.11503487 0.07303822 0.00976781 0.01932448 0.02402817 0.00341492 0.01467708 0.10669088
99 0.05534001 0.11691201 0.16856002 0.04645571 0.01237900 0.05723081 0.03185920 0.04651961 0.04026350 0.01269240 0.01826360 0.09143441 0.00725409 0.01834420 0.02683200 0.13332502 0.07359941 0.00557039 0.01141310 0.02575150
100 0.05629283 0.07193704 0.03003912 0.08706785 0.00305992 0.07761675 0.23484815 0.01317461 0.02746592 0.03580042 0.07504395 0.16022810 0.00885854 0.01510521 0.01129341 0.03164022 0.02062911 0.00439630 0.00997694 0.02552562
101 0.06240219 0.04856349 0.05205269 0.13845097 0.00558929 0.06043119 0.25623795 0.02868109 0.02965899 0.02577059 0.03573199 0.08083688 0.01053870 0.01251160 0.01964870 0.04956199 0.03943089 0.00571051 0.01303320 0.02515709
102 0.09095829 0.06028846 0.06349226 0.05482475 0.00945272 0.03402663 0.04754485 0.10682611 0.02413482 0.02510542 0.03107003 0.13324713 0.01336561 0.02746733 0.01912172 0.07679868 0.04167824 0.00856261 0.01027521 0.12175912
103 0.03963640 0.01617280 0.01296530 0.00936742 0.00880631 0.01172890 0.01653000 0.01126560 0.00958941 0.15262698 0.32835996 0.01388120 0.07841949 0.07428179 0.01075270 0.02187340 0.02761210 0.00583107 0.02327320 0.12702599
104 0.28661011 0.01816031 0.02432131 0.01610181 0.03295881 0.01203020 0.01520461 0.25222510 0.00627209 0.01039050 0.00996743 0.01217190 0.00412500 0.00819135 0.01288590 0.19765708 0.04883932 0.00192119 0.00447126 0.02549471
105 0.18598293 0.03218079 0.03613249 0.08860457 0.00638627 0.05131998 0.20979193 0.03141649 0.02935169 0.02795659 0.03462039 0.06012128 0.01121910 0.00908717 0.01617419 0.05988918 0.06629158 0.00448133 0.00809208 0.03089999
106 0.04633373 0.02191881 0.07344794 0.27580115 0.00523571 0.04829543 0.28273716 0.02472971 0.02575171 0.01727651 0.02190971 0.05609793 0.00366974 0.00301994 0.00881795 0.03267262 0.03082502 0.00194454 0.00598077 0.01353391
107 0.08214747 0.06873558 0.02876259 0.04190728 0.01237570 0.05907128 0.08943737 0.01749849 0.02945049 0.10699996 0.08113137 0.11606596 0.02336759 0.04150609 0.01387650 0.04410128 0.03480379 0.00869386 0.02447269 0.07559467
108 0.06913320 0.06380260 0.01663470 0.01731160 0.00952065 0.02164290 0.02573780 0.02172550 0.02570150 0.03054590 0.05433330 0.02969900 0.01825400 0.08400350 0.01277570 0.05051860 0.03627410 0.30950998 0.06820780 0.03466770
109 0.04518948 0.00632377 0.00449295 0.00067701 0.01334189 0.00801097 0.00192960 0.00558139 0.00096922 0.29219486 0.18955891 0.00166576 0.04413898 0.02686699 0.00516046 0.00875060 0.04318798 0.00234832 0.00901003 0.29060086
110 0.05491877 0.03325828 0.01670719 0.00994521 0.01338999 0.01640299 0.02099079 0.01661009 0.01292349 0.13585192 0.23439386 0.02377129 0.10821094 0.04424677 0.01556699 0.04210068 0.05467667 0.00757497 0.01942919 0.11902993
111 0.08400440 0.03190280 0.10928300 0.04978170 0.01514270 0.03094110 0.04103540 0.05098890 0.03459540 0.04610640 0.12343800 0.03477010 0.04256410 0.01720410 0.02066970 0.12931500 0.06768100 0.00476327 0.01678890 0.04902400
112 0.05898809 0.12656297 0.02909829 0.04646469 0.00536353 0.06898449 0.15591197 0.01583390 0.03099759 0.03587519 0.09182848 0.14612397 0.01962050 0.02120930 0.02000680 0.03936589 0.02482199 0.00841658 0.01935070 0.03517509
113 0.22314607 0.02290211 0.02521511 0.01030520 0.12431304 0.02025801 0.01283390 0.06417062 0.01005900 0.01549190 0.02134321 0.01289740 0.02009401 0.01191470 0.01436980 0.23826207 0.10407103 0.00385160 0.00944950 0.03505171
114 0.08363121 0.08517301 0.05194201 0.07169911 0.00891827 0.12248702 0.08775641 0.03916671 0.03195181 0.03701211 0.04107391 0.09801202 0.01466310 0.02412430 0.02833240 0.07638821 0.03974731 0.00708777 0.01545280 0.03538051
115 0.06630894 0.01602471 0.01436881 0.00908287 0.01467931 0.01313621 0.01384131 0.01469051 0.00825198 0.22020413 0.15808209 0.01713761 0.04203023 0.03323652 0.01082541 0.03200302 0.04942263 0.00488596 0.01432061 0.24746715
116 0.16328695 0.04087959 0.03459329 0.02102189 0.11366096 0.07562688 0.01924779 0.04656339 0.01829789 0.01641119 0.02196169 0.02849019 0.01580390 0.02027129 0.02567349 0.22502493 0.06895238 0.00711101 0.01272030 0.02440099
117 0.08427181 0.08619501 0.05265130 0.07180730 0.00878201 0.12389001 0.08826851 0.03854580 0.03277980 0.03688330 0.03897160 0.09849701 0.01450580 0.02414910 0.02763420 0.07515570 0.03933920 0.00747883 0.01545010 0.03474360
118 0.05501562 0.01418781 0.01430711 0.00461450 0.01165810 0.00916812 0.01632191 0.03966512 0.00667722 0.17424307 0.17715307 0.00828457 0.10774804 0.01474471 0.02158411 0.06677443 0.10921004 0.00425521 0.01191720 0.13247005
119 0.03889562 0.01566721 0.01217351 0.00862385 0.00867415 0.01140361 0.01573451 0.01113421 0.00904670 0.15409610 0.33134021 0.01332481 0.07856015 0.07566545 0.01041081 0.02127781 0.02713472 0.00557291 0.02373961 0.12752408
120 0.25106896 0.03157530 0.02514400 0.02228500 0.03089980 0.02958780 0.03476909 0.09401639 0.01994640 0.04534649 0.04433799 0.03261120 0.01656960 0.01603600 0.02484470 0.13624098 0.06440599 0.00631735 0.01275260 0.06124439
121 0.15718402 0.02547180 0.05645071 0.16546402 0.01181390 0.05179021 0.11904602 0.07651901 0.02593820 0.02126880 0.02502700 0.04480491 0.00774636 0.01099920 0.01941520 0.09649461 0.03661661 0.00591155 0.00904044 0.03299740
122 0.17106798 0.02155580 0.03482760 0.02823900 0.01611820 0.01624400 0.01929580 0.40369195 0.01095510 0.01173570 0.01102360 0.01700640 0.00426915 0.01020080 0.01500150 0.14962398 0.03525960 0.00323962 0.00406946 0.01657480
123 0.08958382 0.01588700 0.03745321 0.00746810 0.01250650 0.01145160 0.01963140 0.07597271 0.00899492 0.11301302 0.06441621 0.01146710 0.03290681 0.01444790 0.01698110 0.16494303 0.21146504 0.00480851 0.00823089 0.07837111
124 0.05213478 0.01556359 0.03795289 0.01194590 0.01271760 0.01399729 0.01217660 0.01317060 0.00919763 0.22807992 0.15506694 0.01834369 0.04660008 0.02952139 0.00975913 0.02984629 0.04880438 0.00432050 0.01108890 0.23971191
125 0.04554961 0.00751882 0.00601704 0.00167297 0.01302650 0.00826436 0.00362952 0.00627617 0.00246135 0.27330607 0.19935605 0.00407383 0.04653761 0.03220531 0.00576832 0.01076220 0.04206361 0.00272727 0.01033330 0.27845007
126 0.16133512 0.02178712 0.01736321 0.00750134 0.04063743 0.01355901 0.03435823 0.02279482 0.01275091 0.06942155 0.07893366 0.02395502 0.09846857 0.01114751 0.01087831 0.10587108 0.15582712 0.00618862 0.01116511 0.09605627
127 0.12285495 0.04120558 0.05639658 0.05062938 0.01510679 0.06849397 0.03099829 0.19491293 0.02072689 0.01340650 0.01768659 0.03677819 0.00591869 0.01468179 0.03841269 0.19629193 0.04126748 0.00651147 0.00937321 0.01834609
128 0.05016849 0.15116998 0.14269398 0.05363609 0.00990507 0.07353469 0.04053300 0.04168809 0.03914640 0.01326430 0.02616270 0.13868098 0.01040340 0.02093640 0.02079770 0.06649299 0.05320239 0.00624915 0.01477230 0.02656190
129 0.03358272 0.00886318 0.00615030 0.00180190 0.00908566 0.00701926 0.00645327 0.00686491 0.00309553 0.20634312 0.32225218 0.00405974 0.07785524 0.06387494 0.00722383 0.01374851 0.02882312 0.00327867 0.01437181 0.17525210
130 0.13928884 0.01563978 0.01470828 0.00898959 0.01955378 0.01497438 0.01492758 0.02657507 0.00972787 0.17672680 0.11160587 0.01750108 0.03301296 0.02013668 0.01689818 0.06128283 0.06265133 0.00390459 0.00945075 0.22244375
131 0.06909139 0.22707898 0.03791630 0.02473490 0.01271330 0.06383469 0.05400039 0.02963290 0.03146980 0.02246620 0.03575920 0.16314198 0.02296650 0.02140200 0.02430580 0.05971039 0.03762400 0.01386830 0.01839990 0.02988310
132 0.03664460 0.00874909 0.00640766 0.00226556 0.00998913 0.00675441 0.00568220 0.00612267 0.00321069 0.21415399 0.29586899 0.00456635 0.06764240 0.06190580 0.00650530 0.01237500 0.03080900 0.00352689 0.01450430 0.20231599
133 0.05192872 0.02634011 0.09187773 0.25989809 0.00746267 0.05382952 0.17407506 0.05980812 0.02810511 0.01877191 0.02686671 0.05742972 0.00648867 0.01112090 0.01328440 0.04941642 0.02976741 0.00414196 0.00927977 0.02010701
134 0.06571369 0.01272950 0.00949106 0.00478549 0.01478670 0.01025050 0.01071240 0.00942908 0.01146020 0.18722797 0.21239297 0.01064660 0.04527619 0.06762489 0.00921194 0.02258310 0.04052169 0.00789427 0.05266779 0.19459397
135 0.10487404 0.01945711 0.01664661 0.01001320 0.01320471 0.02358771 0.02375481 0.01816361 0.01954761 0.14185906 0.24124110 0.02221371 0.05590552 0.04590922 0.01426341 0.03793132 0.03965612 0.00541499 0.01846911 0.12788705
136 0.05025372 0.01274610 0.01054470 0.00480885 0.01384670 0.01039760 0.01026010 0.00976449 0.01373770 0.20484607 0.16511705 0.01204260 0.03988201 0.07003902 0.00775191 0.02314821 0.04216851 0.00774723 0.05577032 0.23512708
137 0.04003410 0.01643200 0.01223080 0.00869943 0.00945196 0.01166690 0.01624090 0.01124110 0.00925842 0.15296699 0.32747598 0.01382580 0.07739549 0.07567029 0.01025460 0.02160480 0.02786070 0.00581786 0.02449890 0.12737299
138 0.03228702 0.01932861 0.01631191 0.00986858 0.01151131 0.01590871 0.01421941 0.01691181 0.02608431 0.06609313 0.14045007 0.02185291 0.02775901 0.25435013 0.00821301 0.02592871 0.02569511 0.01817611 0.18693210 0.06211803
139 0.10871796 0.02095539 0.03822209 0.03600239 0.00873019 0.01861999 0.02158479 0.53978481 0.01407490 0.01291940 0.01377090 0.01948869 0.00498431 0.01262780 0.01247360 0.07636077 0.01909969 0.00335012 0.00447093 0.01376130
140 0.02021430 0.00558082 0.00302824 0.00175448 0.00691771 0.00336126 0.00615066 0.00254481 0.00387608 0.12941698 0.42754694 0.00519824 0.08089139 0.14545998 0.00275063 0.00796024 0.00957864 0.00537424 0.03207440 0.10031998
141 0.19305395 0.02678969 0.02236189 0.01002810 0.05675289 0.01916390 0.02401269 0.03842629 0.01432550 0.03936739 0.06302198 0.02004699 0.07960698 0.01074740 0.01849390 0.17018896 0.11580597 0.00506955 0.01184190 0.06089408
142 0.06571133 0.01638548 0.01446968 0.00930305 0.01390568 0.01371999 0.01460118 0.01399858 0.00836725 0.22001576 0.16044183 0.01748118 0.04277975 0.03326336 0.01031429 0.03151557 0.04883225 0.00458447 0.01400758 0.24630173
143 0.11060898 0.02104440 0.03870689 0.03611359 0.00885015 0.01850750 0.02175470 0.53511389 0.01431710 0.01298440 0.01331860 0.01951930 0.00489122 0.01236760 0.01310330 0.07717538 0.01979430 0.00318750 0.00472484 0.01391640
144 0.11462498 0.05248989 0.04808079 0.12950597 0.00620745 0.05324179 0.09649128 0.06018999 0.02105440 0.01951230 0.02013570 0.10454498 0.00624004 0.01143220 0.02074450 0.15360197 0.03144329 0.00647748 0.00720654 0.03677449
145 0.28779720 0.01895971 0.02501122 0.01575721 0.03418362 0.01274261 0.01562111 0.22263616 0.00638126 0.01096361 0.01038941 0.01289511 0.00433119 0.00777325 0.01394781 0.21111915 0.05451814 0.00213319 0.00498592 0.02785312
146 0.03707961 0.00728234 0.00488475 0.00091568 0.01079650 0.00656694 0.00306694 0.00554157 0.00145030 0.24658407 0.26731008 0.00206874 0.06181442 0.04919381 0.00557109 0.00992396 0.03399741 0.00283229 0.01154640 0.23157307
147 0.24604102 0.02232720 0.02468180 0.01465890 0.03289430 0.02758830 0.01850330 0.07536461 0.00909913 0.01597240 0.01406510 0.01533830 0.00716761 0.00482443 0.02026300 0.30498703 0.09374141 0.00294133 0.01187720 0.03766360
148 0.08231928 0.02829179 0.04424149 0.07357389 0.00849172 0.03781989 0.12185098 0.13095498 0.02632639 0.07895258 0.06079129 0.04271639 0.02338520 0.01847490 0.02517480 0.07601309 0.05889789 0.00886937 0.01238900 0.04046509
149 0.03995657 0.00795175 0.00544334 0.00110207 0.01133899 0.00781043 0.00430814 0.00670166 0.00208109 0.25554482 0.24782383 0.00268251 0.06119686 0.04127577 0.00683900 0.01187159 0.03733707 0.00276459 0.01149909 0.23447084
150 0.02881180 0.01119110 0.00777138 0.00143497 0.00719725 0.00577757 0.00588322 0.00917556 0.00250298 0.19156001 0.33950301 0.00294662 0.10331800 0.05515550 0.01066500 0.01937290 0.03218010 0.00297721 0.01265780 0.14991801
151 0.05158883 0.03530432 0.02845032 0.01590741 0.01314501 0.02989952 0.03160082 0.03539432 0.02378921 0.03389252 0.04784123 0.02704512 0.01635961 0.07194414 0.34106219 0.07281104 0.04450393 0.00966254 0.03639482 0.03340312
152 0.07020181 0.22622205 0.03759531 0.02471310 0.01198500 0.06412651 0.05550421 0.02866741 0.03138501 0.02224810 0.03614571 0.16365403 0.02319390 0.02055240 0.02403830 0.06046771 0.03718641 0.01387960 0.01784310 0.03039031
153 0.06478769 0.03229339 0.01911300 0.01739390 0.01075620 0.02987769 0.03880919 0.04387939 0.01294610 0.02256080 0.03337259 0.01922730 0.01309600 0.01328160 0.45020291 0.08809268 0.05498909 0.00409417 0.00770704 0.02351930
154 0.03226301 0.00918532 0.01131940 0.00399994 0.01728961 0.00920789 0.01146020 0.00768023 0.00847582 0.15390007 0.24291210 0.01309801 0.04778812 0.17539008 0.00508907 0.01464511 0.02617701 0.01040460 0.07694733 0.12276705
155 0.23568895 0.01925400 0.03320149 0.02020680 0.03181889 0.02083520 0.02067330 0.16252996 0.01129410 0.02575129 0.05169779 0.01496160 0.01619880 0.00913956 0.01688570 0.19473796 0.06633019 0.00285523 0.00813443 0.03780479
156 0.06132400 0.04573570 0.17239501 0.09714930 0.01238890 0.04699070 0.07101930 0.06849390 0.04017910 0.02500430 0.03754340 0.06105600 0.01267840 0.02339710 0.01786010 0.07755580 0.07128530 0.00508457 0.01965040 0.03320870
157 0.02649981 0.00982020 0.00719743 0.00140730 0.00678878 0.00449343 0.00478575 0.00666177 0.00227126 0.17752907 0.37164214 0.00254088 0.09711104 0.07184153 0.00744881 0.01389261 0.02399721 0.00317900 0.01340091 0.14749106
158 0.03226151 0.02476791 0.03367551 0.05084131 0.01113320 0.02553391 0.01954990 0.02449991 0.04368831 0.02943751 0.05835551 0.03002611 0.01200050 0.22980805 0.00973639 0.03119041 0.01937460 0.04740631 0.23758405 0.02912911
159 0.04762578 0.00622534 0.00441841 0.00070758 0.01393319 0.00852242 0.00165344 0.00572454 0.00092868 0.30377089 0.16913094 0.00174460 0.03956399 0.02081949 0.00503145 0.00859024 0.04550738 0.00216737 0.00818139 0.30575289
160 0.04517132 0.18087309 0.10322305 0.04804032 0.00475430 0.11909006 0.04334942 0.02447921 0.02192561 0.00879183 0.01780021 0.23346012 0.00703765 0.01599401 0.00862650 0.03858402 0.05495483 0.00241080 0.00512350 0.01631011
161 0.04005711 0.01615020 0.00935207 0.00425436 0.01191360 0.00964384 0.01119010 0.00971168 0.01118870 0.16300104 0.22321306 0.01240240 0.07616022 0.08737572 0.00884178 0.02390531 0.04131301 0.01105300 0.06130272 0.16797005
162 0.03185558 0.02189409 0.01736399 0.00938694 0.00921164 0.01413859 0.01784069 0.01177749 0.05086987 0.03041538 0.06630626 0.02000559 0.01409539 0.22773287 0.00766469 0.03478438 0.02249419 0.02194579 0.34063780 0.02957878
163 0.23534714 0.01756701 0.02295181 0.01919001 0.01834831 0.01085171 0.01357161 0.47050728 0.00745090 0.00668059 0.00687670 0.01154481 0.00227475 0.01099491 0.00635492 0.10612706 0.01734021 0.00140701 0.00207883 0.01253441
164 0.04729596 0.00653934 0.00466668 0.00079272 0.01376069 0.00864458 0.00204354 0.00591165 0.00109287 0.29989075 0.17389586 0.00197710 0.04110297 0.02234238 0.00530891 0.00922611 0.04517246 0.00225210 0.00865158 0.29943175
165 0.05946010 0.03284420 0.07291730 0.19143299 0.00818281 0.03802650 0.12384999 0.04173260 0.02499590 0.01964450 0.03410660 0.05200520 0.00743936 0.01183210 0.13478599 0.06517930 0.03682890 0.00445008 0.01102630 0.02925930
166 0.04916525 0.01176571 0.00913533 0.00303344 0.01225901 0.00898355 0.01170471 0.01523402 0.00463257 0.22471224 0.18928620 0.00595778 0.09005469 0.02045442 0.01444332 0.03803014 0.07814248 0.00320501 0.01150291 0.19829721
167 0.13313898 0.05351209 0.04659709 0.04546899 0.01104690 0.03210550 0.03519340 0.15511798 0.01684440 0.01234850 0.01307360 0.07423339 0.00494037 0.01179650 0.03860779 0.22661597 0.04756759 0.00798089 0.00785777 0.02595230
168 0.06969931 0.07811452 0.05232921 0.03943921 0.00662228 0.03727331 0.06242371 0.02376100 0.02680061 0.04847851 0.05044321 0.14747203 0.01941920 0.03790451 0.01488460 0.05190061 0.03684171 0.00853312 0.01170330 0.17595604
169 0.08324175 0.08706065 0.05283777 0.07163406 0.00886302 0.12193693 0.08767115 0.03932908 0.03210068 0.03697678 0.04015578 0.09937455 0.01440859 0.02373299 0.02820618 0.07529376 0.03987188 0.00724273 0.01520699 0.03485468
170 0.02683920 0.01672220 0.00807017 0.00356518 0.00808407 0.00636976 0.00976536 0.00828411 0.00895775 0.12571702 0.33781904 0.01248540 0.09231711 0.10791101 0.00906738 0.02008260 0.02689690 0.01039690 0.06490731 0.09574151
171 0.07060294 0.22663714 0.03744632 0.02486381 0.01275371 0.06429034 0.05454403 0.02884932 0.03140032 0.02214011 0.03626642 0.16300410 0.02371131 0.02062761 0.02505902 0.05985004 0.03807682 0.01270781 0.01718371 0.02998512
172 0.03320383 0.01747822 0.02684703 0.00366505 0.00673190 0.00852575 0.00957529 0.01643512 0.00606343 0.17804618 0.30840931 0.00584058 0.12463113 0.02605453 0.01611502 0.02985203 0.03847754 0.00326914 0.01036681 0.13041213
173 0.05207762 0.02634691 0.09089544 0.26078911 0.00736293 0.05387922 0.17514107 0.05832642 0.02809561 0.01874961 0.02701751 0.05747322 0.00625931 0.01120140 0.01318411 0.04974072 0.02988141 0.00395455 0.00949039 0.02013341
174 0.06260650 0.04862380 0.05187260 0.14115701 0.00545850 0.05943300 0.25719901 0.02862900 0.02975180 0.02568070 0.03502610 0.08025680 0.01028960 0.01203910 0.02063760 0.04871750 0.03859430 0.00575695 0.01303370 0.02523640
175 0.04090839 0.05258889 0.08014878 0.22156095 0.00518959 0.06684948 0.16304696 0.04616849 0.02363919 0.01899070 0.02679269 0.11318697 0.00500028 0.01226780 0.01112130 0.05363259 0.02279269 0.00377593 0.00742024 0.02491809
176 0.06287399 0.03090459 0.03261759 0.07541038 0.00951479 0.02763419 0.05299039 0.04005949 0.01415310 0.01882840 0.02999719 0.02601439 0.00851185 0.01242480 0.39465791 0.07527818 0.04951249 0.00396750 0.00754038 0.02710839
177 0.04401349 0.00853881 0.00672819 0.00244610 0.01220660 0.00819327 0.00497588 0.00663740 0.00309395 0.25154696 0.22714797 0.00489268 0.05383289 0.04136699 0.00641163 0.01261200 0.03939959 0.00303093 0.01202070 0.25090396
178 0.25289896 0.01266090 0.01448320 0.00567406 0.12428398 0.01113010 0.00948868 0.06292539 0.00694419 0.04954469 0.04032499 0.00748568 0.02727890 0.01045930 0.01336050 0.14620398 0.09486209 0.00279557 0.00864147 0.09855339
179 0.04929387 0.05647777 0.03085548 0.12420994 0.00209540 0.10397195 0.31845484 0.01171059 0.02422629 0.02988708 0.02870099 0.10045295 0.00491674 0.01001759 0.01087799 0.03930678 0.02384669 0.00314743 0.00680684 0.02074279
