1 0.04906206 0.01822818 0.00731291 0.00480696 0.01162849 0.00945105 0.01730249 0.01358169 0.00602605 0.11076190 0.40780765 0.01056489 0.08692943 0.05494025 0.01450019 0.01821788 0.02229768 0.00900635 0.02657398 0.10099991
2 0.06813860 0.05241400 0.00665387 0.00762179 0.01214690 0.04569260 0.03675790 0.01698940 0.01039330 0.03308400 0.04791720 0.01459170 0.01254670 0.00633116 0.49100902 0.05123720 0.05038220 0.00317654 0.00523390 0.02768200
3 0.02287760 0.01428430 0.03873859 0.15870297 0.00268844 0.01345790 0.03380649 0.57826588 0.00983783 0.00230616 0.00925062 0.02090160 0.00152071 0.00232195 0.00202319 0.06990959 0.00773006 0.00283825 0.00362110 0.00491680
4 0.06584099 0.00668977 0.01147870 0.01450100 0.01110600 0.01156640 0.01196170 0.01113940 0.00501245 0.21626898 0.13578899 0.01871470 0.05332870 0.03915720 0.01130330 0.03276440 0.05125400 0.00490756 0.01284880 0.27436698
5 0.05421757 0.13146193 0.04909717 0.05327617 0.00668593 0.08839625 0.06889916 0.02529909 0.01328599 0.04081088 0.02538529 0.24492586 0.02376569 0.01578809 0.01048879 0.04691807 0.04822397 0.00893843 0.00796740 0.03616828
6 0.05093338 0.01521270 0.01154390 0.00687731 0.00969331 0.01483660 0.01332070 0.00760470 0.00883382 0.24858292 0.15296595 0.02171349 0.05654968 0.04109169 0.01172790 0.03210989 0.04342069 0.00521737 0.01855909 0.22920493
7 0.15251796 0.02320129 0.02731049 0.02839389 0.03170329 0.01894449 0.03180709 0.06608328 0.02280969 0.03276449 0.02558199 0.02631869 0.01219630 0.01699700 0.02276859 0.32576191 0.07543548 0.00460118 0.01955699 0.03524589
8 0.05172762 0.01481731 0.01188950 0.00677456 0.00951494 0.01556581 0.01358440 0.00807785 0.00971129 0.24788809 0.15129805 0.02269011 0.05606502 0.04108801 0.01199860 0.03214241 0.04311692 0.00522730 0.01857711 0.22824508
9 0.05458676 0.13048390 0.05036386 0.05244536 0.00672384 0.08830013 0.06946524 0.02479498 0.01346739 0.04079917 0.02458728 0.24469580 0.02347268 0.01681439 0.01008129 0.04712266 0.04813606 0.00939631 0.00802102 0.03624187
10 0.03113810 0.04892490 0.03504140 0.00496166 0.00508878 0.01176110 0.01203230 0.00658740 0.05611540 0.03876630 0.06655529 0.00982857 0.01707200 0.14435399 0.00411807 0.04277910 0.03191310 0.01952660 0.38683097 0.02660500
11 0.05496541 0.12958703 0.04904041 0.05264951 0.00678938 0.08863122 0.07008561 0.02407080 0.01459160 0.04027361 0.02494880 0.24644705 0.02320330 0.01689230 0.00916993 0.04639501 0.04874221 0.00927905 0.00840484 0.03583291
12 0.02901309 0.02092799 0.01318900 0.00467737 0.00985553 0.00928612 0.01753239 0.01784119 0.02006199 0.06947347 0.12730995 0.01511629 0.02388999 0.34585487 0.00396855 0.02810879 0.02740789 0.02317799 0.12599095 0.06731658
13 0.04707553 0.01901951 0.07148765 0.31035320 0.00850422 0.05034523 0.15858310 0.08513265 0.02896482 0.01146641 0.01130411 0.05145793 0.00612737 0.00537762 0.00508176 0.05399573 0.03904782 0.00494640 0.00404631 0.02768262
14 0.04744500 0.01924830 0.07084659 0.30895698 0.00867918 0.05101980 0.15783299 0.08709899 0.02880930 0.01174540 0.01205870 0.05119330 0.00586596 0.00533433 0.00535045 0.05358540 0.03861260 0.00555289 0.00399417 0.02676970
15 0.04523910 0.32566997 0.02470050 0.01903230 0.01255310 0.05264659 0.05958499 0.02113820 0.02491580 0.02567650 0.04272630 0.13308599 0.02650710 0.02174470 0.02877150 0.04209710 0.03180550 0.01289470 0.03672410 0.01248600
16 0.14782598 0.01514520 0.03236820 0.06718779 0.00927798 0.01732520 0.01846800 0.47379394 0.01217510 0.00880834 0.02438730 0.01696700 0.00500455 0.01148060 0.00772404 0.08242549 0.02844500 0.00385765 0.00401776 0.01331490
17 0.06537103 0.00705416 0.01135980 0.01424301 0.01152080 0.01166700 0.01132370 0.01102400 0.00502562 0.21699609 0.13496406 0.01919121 0.05342022 0.03960962 0.01147390 0.03280661 0.05074522 0.00501030 0.01257451 0.27461912
18 0.04004904 0.30668629 0.01832002 0.02537302 0.00666544 0.11881211 0.07359477 0.00782887 0.01640092 0.03189863 0.03490663 0.16230015 0.01293871 0.01055781 0.02940433 0.03706524 0.03104543 0.00657987 0.01425471 0.01531801
19 0.06233594 0.05068925 0.03680926 0.12693388 0.00908371 0.07799403 0.33835168 0.02299638 0.01595178 0.01868768 0.03170947 0.05659195 0.00746158 0.01739398 0.01926608 0.04759945 0.02888247 0.00442203 0.00869971 0.01813968
20 0.03980973 0.02896892 0.00499813 0.00725001 0.01593301 0.04850353 0.03878912 0.01094721 0.02156181 0.03299762 0.36323123 0.01830741 0.05992454 0.01348021 0.20719613 0.01727021 0.02172241 0.00463193 0.01686551 0.02761132
21 0.15050111 0.02338822 0.02740882 0.02758722 0.03095332 0.01897431 0.03107172 0.06791365 0.02329492 0.03248362 0.02430662 0.02623892 0.01209261 0.01656371 0.02268662 0.32843524 0.07695206 0.00453256 0.02032942 0.03428533
22 0.04937641 0.01796880 0.00695310 0.00488246 0.01151930 0.00955436 0.01727840 0.01442900 0.00565357 0.11056802 0.40942607 0.01031570 0.08615481 0.05456531 0.01429240 0.01804400 0.02244980 0.00867725 0.02604920 0.10184202
23 0.05357583 0.13395907 0.04805392 0.05325833 0.00668004 0.08891004 0.06937463 0.02351181 0.01358411 0.04054742 0.02489961 0.24559212 0.02343011 0.01630481 0.01058121 0.04677162 0.04802092 0.00863162 0.00843835 0.03587442
24 0.14668700 0.01602970 0.03099480 0.06716500 0.00930454 0.01711320 0.01783010 0.47443501 0.01283830 0.00886334 0.02443750 0.01710580 0.00509947 0.01205870 0.00819441 0.08246560 0.02802580 0.00399090 0.00408441 0.01327640
25 0.05089117 0.01450999 0.01190409 0.00649246 0.00990575 0.01438369 0.01273079 0.00764232 0.00922328 0.24836084 0.15273090 0.02128969 0.05650056 0.04200477 0.01189709 0.03227978 0.04397617 0.00514071 0.01888809 0.22924785
26 0.27480377 0.02089248 0.02468188 0.02195428 0.02525608 0.03213647 0.03568667 0.11060491 0.02350878 0.04218016 0.04965306 0.02639198 0.01809238 0.01469739 0.02591528 0.12670989 0.04676166 0.00705363 0.01221439 0.06080485
27 0.05338513 0.03597055 0.03237676 0.00859572 0.01119489 0.00943037 0.01210688 0.01034639 0.01343898 0.12707283 0.24422968 0.03233126 0.13107283 0.03459955 0.01305638 0.02879696 0.03929935 0.01448158 0.02043407 0.12777983
28 0.06130221 0.05092021 0.03627851 0.12273703 0.00919165 0.07742742 0.34051508 0.02345381 0.01556740 0.01987090 0.03297501 0.05629511 0.00784021 0.01802630 0.01986970 0.04710951 0.02882681 0.00431984 0.00924606 0.01822720
29 0.03822652 0.00184617 0.00697436 0.00203824 0.00960453 0.00352918 0.00178347 0.00227629 0.00147659 0.29912216 0.16128709 0.00358495 0.06158383 0.02917862 0.00297033 0.01708151 0.03705362 0.00150019 0.00510516 0.31377717
30 0.06947347 0.07280887 0.02654029 0.03656049 0.00722894 0.08601747 0.19595293 0.01527709 0.02448129 0.10988796 0.05633888 0.10602896 0.01569839 0.02221599 0.02359649 0.04429228 0.03645099 0.00737543 0.01146440 0.03230939
31 0.14610100 0.01575590 0.03230010 0.06638760 0.00955571 0.01727360 0.01849080 0.47223200 0.01231430 0.00915649 0.02512280 0.01774360 0.00508984 0.01249280 0.00781058 0.08120160 0.02912710 0.00430209 0.00429038 0.01325170
32 0.06629193 0.00687584 0.01134461 0.01475451 0.01171621 0.01167981 0.01188381 0.01147301 0.00494245 0.21567610 0.13558806 0.01884811 0.05339482 0.03823042 0.01150501 0.03241271 0.05137502 0.00497335 0.01261211 0.27442213
33 0.03690940 0.00746833 0.00615134 0.00158873 0.00998161 0.00441577 0.00484558 0.00285267 0.00229323 0.25011400 0.24632700 0.00400233 0.07468730 0.04226410 0.00430830 0.01654750 0.03082750 0.00404601 0.01362030 0.23674900
34 0.01923040 0.12986599 0.00485704 0.00821330 0.00572690 0.05444700 0.04979260 0.00604835 0.00715306 0.02774030 0.03268230 0.02809570 0.01220630 0.00521808 0.52886497 0.01853050 0.04836840 0.00283185 0.00360400 0.00652298
35 0.01724899 0.00664739 0.00834419 0.00109856 0.00197232 0.00292499 0.00715400 0.00301462 0.01091060 0.05108308 0.11811995 0.00433008 0.01928489 0.38067684 0.00088678 0.02544379 0.02166729 0.02402999 0.25175789 0.04340378
36 0.10573997 0.05437668 0.05774538 0.05979798 0.01436820 0.02208669 0.04385299 0.04030309 0.14920396 0.03701759 0.02967609 0.03093059 0.02105879 0.04557359 0.01599610 0.08593957 0.05347368 0.01426540 0.09824437 0.02034929
37 0.15292203 0.02344220 0.02732741 0.02755931 0.03135151 0.01879020 0.03197531 0.06716231 0.02362260 0.03218491 0.02524871 0.02520381 0.01194130 0.01680540 0.02278710 0.32628307 0.07668242 0.00446230 0.02077530 0.03347281
38 0.03031529 0.04860769 0.03571389 0.00434699 0.00526699 0.01175080 0.01155750 0.00663322 0.05638899 0.03876269 0.06553098 0.00947370 0.01761920 0.14229697 0.00417433 0.04248449 0.03240699 0.01978090 0.39026791 0.02662049
39 0.04641981 0.29328206 0.04695101 0.01309260 0.01070170 0.03418601 0.02233320 0.01364980 0.12794603 0.01551220 0.01978390 0.04881391 0.01637570 0.02154010 0.00901927 0.02972831 0.02239310 0.01897070 0.18307204 0.00622851
40 0.02873702 0.02077062 0.01340191 0.00484592 0.01008221 0.00964743 0.01870731 0.01685501 0.01932711 0.06921005 0.12745710 0.01587971 0.02480292 0.34386926 0.00419730 0.02755302 0.02747222 0.02350542 0.12658010 0.06709835
41 0.09084588 0.06989118 0.03977369 0.06835938 0.00686228 0.17864096 0.12430397 0.03316889 0.01338290 0.03635359 0.03126979 0.11580897 0.00951859 0.01393800 0.03749669 0.04378199 0.03722129 0.00707447 0.01299560 0.02931189
42 0.05321809 0.02648230 0.01712710 0.00866782 0.01368740 0.01836490 0.02084830 0.03499069 0.02171730 0.05589349 0.07215039 0.02021580 0.01783450 0.19128997 0.00794286 0.18903297 0.05299409 0.01386740 0.10838498 0.05528969
43 0.03037260 0.04869790 0.03491610 0.00471264 0.00493485 0.01158590 0.01210980 0.00662366 0.05593640 0.03899570 0.06680930 0.00998567 0.01775450 0.14471801 0.00379944 0.04244520 0.03202610 0.01944060 0.38784102 0.02629460
44 0.04936875 0.01807958 0.00721273 0.00491206 0.01157709 0.00935017 0.01672028 0.01387239 0.00608545 0.10959289 0.41003961 0.01000729 0.08723852 0.05445305 0.01495819 0.01890688 0.02205878 0.00878281 0.02603958 0.10074390
45 0.02901359 0.02104899 0.01404539 0.00478635 0.00954335 0.00903202 0.01786149 0.01751929 0.01991269 0.06860077 0.12813094 0.01545279 0.02461099 0.34457585 0.00380291 0.02776559 0.02739129 0.02298119 0.12646895 0.06745557
46 0.04924142 0.01769201 0.00706436 0.00513882 0.01199761 0.00921189 0.01694921 0.01385931 0.00609087 0.10965605 0.41000919 0.00996385 0.08665114 0.05494023 0.01439061 0.01872011 0.02298941 0.00821395 0.02632891 0.10089105
47 0.09123722 0.06985061 0.03889301 0.06866051 0.00675294 0.17878203 0.12460302 0.03400231 0.01327830 0.03649361 0.03055951 0.11646402 0.00914905 0.01356080 0.03774741 0.04398741 0.03772601 0.00678492 0.01191390 0.02955341
48 0.03873233 0.00189567 0.00703419 0.00197713 0.00973002 0.00378588 0.00182122 0.00230311 0.00135404 0.29921319 0.16079410 0.00355444 0.06149364 0.02906682 0.00315343 0.01662421 0.03691422 0.00146378 0.00514535 0.31394320
49 0.14737501 0.01302350 0.02583420 0.01504950 0.02705570 0.01840760 0.02197470 0.04380610 0.02293630 0.03311740 0.01695200 0.02124300 0.01035770 0.01079390 0.01997220 0.34667603 0.14937001 0.00460862 0.01658610 0.03486040
50 0.04883342 0.01145471 0.06063653 0.35463417 0.00821624 0.05481953 0.25736612 0.02919301 0.02500511 0.00514239 0.00632397 0.02812301 0.00169755 0.00256376 0.00368436 0.04985832 0.02943451 0.00148221 0.00161695 0.01991411
51 0.06524588 0.00686464 0.01153780 0.01470950 0.01141500 0.01154700 0.01191860 0.01135280 0.00513361 0.21576894 0.13545296 0.01903779 0.05365468 0.03923219 0.01141330 0.03172299 0.05061488 0.00509055 0.01311400 0.27517292
52 0.10614094 0.05557187 0.05741527 0.05890736 0.01482509 0.02153909 0.04245247 0.04065628 0.14961991 0.03741718 0.03083898 0.03011088 0.02121609 0.04406807 0.01637209 0.08630735 0.05373107 0.01430359 0.09816064 0.02034579
53 0.05114543 0.01445221 0.01175741 0.00627401 0.00940121 0.01438191 0.01250141 0.00744707 0.00936111 0.24968012 0.15291207 0.02162741 0.05613913 0.04239332 0.01162661 0.03176472 0.04343212 0.00504041 0.01951421 0.22914811
54 0.02818937 0.02621007 0.51306045 0.01542868 0.01274299 0.01783168 0.01047509 0.02204748 0.01504488 0.02553157 0.02778587 0.04009106 0.11731287 0.01188709 0.00513081 0.02639357 0.02586397 0.00898515 0.01375399 0.03623336
55 0.27427119 0.02117492 0.02458512 0.02207622 0.02515732 0.03311522 0.03580803 0.10837808 0.02353292 0.04191833 0.05029984 0.02608242 0.01819161 0.01498561 0.02670432 0.12622409 0.04720193 0.00768900 0.01254221 0.06006164
56 0.04023161 0.00907152 0.00851507 0.00186041 0.00946243 0.00352070 0.00344522 0.00273616 0.00505284 0.27237810 0.19305407 0.00584405 0.08437923 0.02972991 0.00365949 0.01960431 0.03673281 0.00386750 0.00913046 0.25772409
57 0.15174204 0.02403051 0.02712161 0.02831091 0.03148571 0.01905161 0.03251321 0.06794692 0.02351171 0.03164271 0.02492591 0.02539061 0.01257520 0.01660340 0.02286041 0.32579509 0.07571682 0.00477592 0.01995291 0.03404681
58 0.04320769 0.01043970 0.01393050 0.01822980 0.00823095 0.01387190 0.01371330 0.01873710 0.00992378 0.13535896 0.08239218 0.03041929 0.04530479 0.02151869 0.00899183 0.05485609 0.21965694 0.00664950 0.00933310 0.23523394
59 0.04100380 0.01019860 0.00862327 0.00212926 0.00914520 0.00404010 0.00366064 0.00300985 0.00536528 0.26591999 0.19743699 0.00688907 0.08869280 0.03018370 0.00408499 0.01972990 0.03612400 0.00453241 0.00973317 0.24949699
60 0.05406954 0.12978409 0.04995533 0.05311744 0.00661332 0.08757266 0.06828925 0.02585062 0.01357881 0.04085813 0.02450412 0.24570717 0.02339232 0.01616771 0.01027941 0.04756403 0.04939593 0.00893091 0.00782110 0.03654813
61 0.02897919 0.02198879 0.01405039 0.00494651 0.01008720 0.00956060 0.01827709 0.01799969 0.01973409 0.07041577 0.12681595 0.01585359 0.02492879 0.34123488 0.00412745 0.02748449 0.02691919 0.02280969 0.12512795 0.06865868
62 0.08994606 0.07105816 0.03834518 0.06925077 0.00691377 0.17956491 0.12437794 0.03307298 0.01363769 0.03592428 0.03120198 0.11833094 0.00943401 0.01392049 0.03576578 0.04357208 0.03704498 0.00687302 0.01301169 0.02875329
63 0.05003596 0.01448299 0.01190059 0.00664203 0.00959560 0.01467369 0.01312939 0.00773822 0.00983051 0.24900478 0.15273986 0.02202008 0.05636725 0.04142596 0.01157859 0.03263057 0.04332736 0.00521059 0.01884818 0.22881780
64 0.05988121 0.02998121 0.32047205 0.07861261 0.01260260 0.03498411 0.05230571 0.05680641 0.03042391 0.02392730 0.02080830 0.06026471 0.03148381 0.01753490 0.00582639 0.05786891 0.04081381 0.00855724 0.03261161 0.02423320
65 0.04686220 0.01452240 0.01015070 0.00714684 0.01148420 0.01069710 0.01567760 0.03228450 0.01001010 0.14856901 0.22213102 0.01266520 0.06184471 0.03610380 0.01463770 0.04156110 0.12879801 0.00766897 0.01683380 0.15035101
66 0.06248760 0.05191010 0.03589080 0.12372700 0.00920533 0.07771230 0.33960801 0.02318360 0.01622350 0.02001250 0.03239730 0.05680070 0.00773900 0.01754470 0.01899050 0.04636810 0.02911150 0.00422502 0.00845221 0.01841020
67 0.04666599 0.01938650 0.07192039 0.31093895 0.00871261 0.05059989 0.15640297 0.08534029 0.02954659 0.01189870 0.01157650 0.05172629 0.00603363 0.00505530 0.00526990 0.05376919 0.03941279 0.00535451 0.00388042 0.02650860
68 0.26621323 0.00792738 0.02272352 0.00892471 0.04628664 0.01022581 0.01625451 0.07114066 0.02651972 0.01723961 0.01372431 0.00953204 0.00594478 0.00566434 0.02659072 0.34345629 0.07005436 0.00230238 0.00837437 0.02090062
69 0.08678890 0.02953960 0.03170410 0.03454890 0.01520710 0.02536330 0.03299540 0.04023780 0.02293090 0.06696110 0.04946880 0.04479130 0.02802000 0.02584310 0.02749740 0.11798500 0.20036700 0.00884151 0.02504560 0.08586320
70 0.05239152 0.03666711 0.03032391 0.00812022 0.01080640 0.00952048 0.01241370 0.01116300 0.01317461 0.12679205 0.24596410 0.03339191 0.13187205 0.03418431 0.01318391 0.02832611 0.03932062 0.01400071 0.02183121 0.12655205
71 0.03290030 0.23284899 0.02038330 0.04150900 0.00395177 0.12302600 0.06404040 0.00402925 0.00563007 0.04466510 0.02301220 0.26863499 0.01085990 0.00706068 0.00616485 0.03947400 0.03997650 0.00303066 0.00206436 0.02673770
72 0.04526802 0.01455751 0.06069713 0.29120415 0.00840477 0.03657532 0.15094008 0.10764706 0.02789101 0.00961992 0.00796241 0.03702192 0.00448339 0.00428491 0.00430048 0.11304606 0.04199792 0.00331037 0.00387584 0.02691171
73 0.06189450 0.05136210 0.03635430 0.12551601 0.00872379 0.07729461 0.34026603 0.02399610 0.01575850 0.01963220 0.03328920 0.05632150 0.00760477 0.01732290 0.01856310 0.04688200 0.02896080 0.00422454 0.00834212 0.01769090
74 0.06156000 0.05253880 0.03589350 0.12384899 0.00877105 0.07715610 0.33841298 0.02335770 0.01605050 0.01977440 0.03391090 0.05693250 0.00746611 0.01603740 0.01995280 0.04751470 0.02963410 0.00423176 0.00902394 0.01793180
75 0.02846921 0.02057440 0.01342040 0.00509905 0.00985589 0.00947448 0.01832350 0.01687630 0.01965540 0.06950061 0.12736303 0.01511250 0.02395560 0.34567307 0.00412418 0.02840611 0.02696031 0.02308120 0.12690703 0.06716771
76 0.27625613 0.02081291 0.02385121 0.02231861 0.02374881 0.03352832 0.03601562 0.11226805 0.02365251 0.04305112 0.05058732 0.02623781 0.01823391 0.01525511 0.02577321 0.12260706 0.04617322 0.00739474 0.01178381 0.06045053
77 0.04903221 0.01743850 0.00704980 0.00513333 0.01192660 0.00951545 0.01762790 0.01455660 0.00621305 0.10984902 0.41045907 0.01021660 0.08662471 0.05332951 0.01417110 0.01881020 0.02274400 0.00860901 0.02549030 0.10120302
78 0.09084211 0.06984261 0.03867110 0.06789661 0.00672186 0.17862302 0.12481401 0.03265650 0.01342910 0.03626540 0.03035740 0.11714801 0.00896068 0.01401120 0.03730060 0.04507221 0.03738740 0.00695554 0.01347410 0.02957050
79 0.24523109 0.00530268 0.02477361 0.00640073 0.04086641 0.00923839 0.01449771 0.06308632 0.02594301 0.02061651 0.01123970 0.00864508 0.00504961 0.00515997 0.02338021 0.35374012 0.10640104 0.00231822 0.00914447 0.01896511
80 0.25880603 0.00739541 0.02233660 0.00833910 0.04705961 0.00934717 0.01631640 0.06685501 0.02600890 0.01691660 0.01298830 0.00890713 0.00555287 0.00572977 0.02677880 0.36029404 0.07085091 0.00185975 0.00832539 0.01933220
81 0.04680961 0.09598502 0.03745331 0.05188091 0.00390331 0.10873702 0.06470131 0.00953038 0.01345290 0.08867192 0.02493250 0.27232705 0.01630170 0.01385230 0.00807262 0.04482291 0.04577551 0.00686666 0.00604554 0.03987751
82 0.03686180 0.00549276 0.00571157 0.00126766 0.01041620 0.00324295 0.00359093 0.00227474 0.00184333 0.25733201 0.25602601 0.00209843 0.07664620 0.03368510 0.00319848 0.01537130 0.02986030 0.00328073 0.00981847 0.24198101
83 0.03064382 0.04869943 0.03521512 0.00452219 0.00497668 0.01178611 0.01262911 0.00661543 0.05586943 0.03857142 0.06719844 0.00961959 0.01785261 0.14409108 0.00401007 0.04215562 0.03162372 0.01990961 0.38735321 0.02665731
84 0.09011024 0.07027876 0.03888548 0.06786556 0.00658955 0.18138989 0.12584492 0.03207418 0.01327669 0.03640618 0.03129888 0.11710393 0.00938265 0.01360369 0.03652058 0.04398147 0.03738958 0.00682982 0.01237819 0.02878978
85 0.06197029 0.05157090 0.03606380 0.12546299 0.00894936 0.07859599 0.33940697 0.02363530 0.01557690 0.01918520 0.03320880 0.05686139 0.00716455 0.01644240 0.01934070 0.04715100 0.02879210 0.00417998 0.00816100 0.01828040
86 0.04677140 0.01496790 0.01065610 0.00754145 0.01160320 0.01081950 0.01625100 0.03280940 0.01015810 0.14804000 0.21970200 0.01256910 0.06278010 0.03685430 0.01477600 0.04104550 0.12734700 0.00801034 0.01704060 0.15025700
87 0.03787848 0.00201014 0.00699489 0.00191676 0.00966626 0.00370179 0.00177329 0.00210656 0.00143136 0.30039485 0.16144492 0.00367000 0.06171987 0.02907279 0.00290591 0.01693539 0.03671398 0.00137463 0.00502430 0.31326385
88 0.04502677 0.32575080 0.02471229 0.01906739 0.01250329 0.05254517 0.05774047 0.02062089 0.02505698 0.02609738 0.04288277 0.13181192 0.02620048 0.02167959 0.03034768 0.04244507 0.03251388 0.01306379 0.03764028 0.01229309
89 0.15433401 0.02319530 0.02874590 0.02759550 0.03162700 0.01839300 0.03166070 0.06924070 0.02354250 0.03200490 0.02448250 0.02521550 0.01174240 0.01694010 0.02232500 0.32488502 0.07557310 0.00443404 0.02004500 0.03401780
90 0.04747118 0.01907929 0.07072147 0.30903987 0.00860213 0.05047918 0.15847793 0.08704866 0.02919689 0.01189249 0.01251219 0.05161108 0.00591536 0.00538385 0.00506257 0.05347168 0.03819118 0.00520258 0.00382744 0.02681299
91 0.06559905 0.00703369 0.01148939 0.01431599 0.01166729 0.01181129 0.01152619 0.01115769 0.00498379 0.21544182 0.13641789 0.01934608 0.05367726 0.03870137 0.01112829 0.03178467 0.05084326 0.00514513 0.01275309 0.27517677
92 0.04847739 0.01802259 0.00713438 0.00512181 0.01224060 0.00965993 0.01729519 0.01389060 0.00632646 0.10857997 0.40879488 0.01035130 0.08537268 0.05726618 0.01453840 0.01919119 0.02218169 0.00922771 0.02693609 0.09939097
93 0.05334491 0.13057401 0.04927941 0.05339291 0.00660326 0.08851451 0.06898891 0.02493230 0.01311230 0.04075330 0.02493550 0.24587903 0.02397020 0.01609340 0.00970796 0.04774811 0.04907821 0.00877498 0.00798519 0.03633160
94 0.03223720 0.00130571 0.00654371 0.00093680 0.00993083 0.00220093 0.00097632 0.00125815 0.00089969 0.30106498 0.17762799 0.00092571 0.06495539 0.03216380 0.00154487 0.01556690 0.03459650 0.00142222 0.00560333 0.30823898
95 0.06012692 0.03072981 0.32055809 0.07785922 0.01235740 0.03525211 0.05161701 0.05519382 0.03098811 0.02332681 0.02057351 0.05998862 0.03175721 0.01704450 0.00581672 0.05794072 0.04101121 0.00871140 0.03452291 0.02462391
96 0.05439524 0.12854308 0.04859073 0.05245583 0.00666586 0.08843736 0.06958565 0.02381512 0.01348811 0.04115283 0.02516812 0.24678716 0.02378582 0.01640931 0.01087281 0.04682763 0.04939543 0.00913075 0.00741974 0.03707342
97 0.03218110 0.00126024 0.00650185 0.00092236 0.00999700 0.00227344 0.00085168 0.00129039 0.00090290 0.30081000 0.17825100 0.00093447 0.06511650 0.03230220 0.00153939 0.01552400 0.03432610 0.00139355 0.00556382 0.30805800
98 0.04973586 0.01880558 0.00758973 0.00545257 0.01152759 0.00960471 0.01706809 0.01420509 0.00623674 0.10919391 0.40534665 0.01077229 0.08668633 0.05576875 0.01496529 0.01898448 0.02236638 0.00875537 0.02680368 0.10013091
99 0.10978599 0.01967500 0.19646198 0.06249250 0.01938930 0.02407310 0.05507590 0.06240920 0.03040150 0.01909520 0.01324420 0.04479730 0.01615140 0.01088490 0.00941902 0.19677698 0.06846109 0.00515046 0.01354370 0.02271130
100 0.06335441 0.10186901 0.04432861 0.06766691 0.00420740 0.11090601 0.16833602 0.01867790 0.00930275 0.03918090 0.02276530 0.21980003 0.00942042 0.01242020 0.00732082 0.03539190 0.03441000 0.00550640 0.00364769 0.02148730
101 0.06165406 0.05116297 0.03625048 0.12529092 0.00833097 0.07865295 0.34007578 0.02343379 0.01591369 0.01929329 0.03220848 0.05724296 0.00736758 0.01726759 0.01908319 0.04751757 0.02900798 0.00403163 0.00864334 0.01757079
102 0.05382248 0.12113095 0.04377178 0.04507758 0.00703119 0.06801837 0.05164458 0.03151929 0.01448099 0.03947368 0.01677509 0.22995491 0.01939029 0.01303379 0.00738419 0.12078995 0.06347797 0.00766845 0.00792338 0.03763108
103 0.04882898 0.01750159 0.00747513 0.00512201 0.01201219 0.00961726 0.01699779 0.01436659 0.00631817 0.10968395 0.40871580 0.01024329 0.08631836 0.05509177 0.01482369 0.01827989 0.02264809 0.00842782 0.02667669 0.10085095
104 0.14715197 0.01585170 0.03216149 0.06673048 0.00960250 0.01746750 0.01777460 0.47581489 0.01234090 0.00864596 0.02369699 0.01780580 0.00471152 0.01229740 0.00755448 0.08138558 0.02803559 0.00401342 0.00416875 0.01278850
105 0.16800407 0.02810691 0.03973272 0.09658744 0.01021840 0.10750305 0.23342910 0.02581051 0.02388001 0.02319501 0.02216101 0.05938052 0.00724352 0.01028670 0.01482031 0.06274463 0.03210391 0.00501433 0.00633873 0.02343911
106 0.06194079 0.05092639 0.03627640 0.12387398 0.00883978 0.07862169 0.34204496 0.02372270 0.01590890 0.01956850 0.03292070 0.05663589 0.00736383 0.01691540 0.01936560 0.04704329 0.02798710 0.00414509 0.00835903 0.01754000
107 0.05078379 0.01494640 0.01177160 0.00710733 0.00965005 0.01515700 0.01298700 0.00794682 0.00862821 0.24794593 0.15302196 0.02185859 0.05608938 0.04239699 0.01158420 0.03319039 0.04317479 0.00514688 0.01849279 0.22811993
108 0.06440270 0.06253310 0.03262930 0.02431010 0.00738307 0.02246710 0.02231440 0.02695460 0.02851020 0.04042110 0.09069051 0.04063020 0.04927920 0.10267001 0.00991717 0.03534900 0.04044380 0.18343501 0.07488910 0.04077030
109 0.03916766 0.00206906 0.00695393 0.00205601 0.00986438 0.00391799 0.00195913 0.00236090 0.00141682 0.29861167 0.16036683 0.00381797 0.06143933 0.02901797 0.00321968 0.01666608 0.03687106 0.00145881 0.00521508 0.31354966
110 0.05273622 0.03807781 0.03309651 0.00858051 0.01050660 0.00980570 0.01237950 0.01063270 0.01375091 0.12508005 0.24247309 0.03318761 0.13187205 0.03428671 0.01236310 0.02942641 0.04003562 0.01474531 0.02157951 0.12538405
111 0.04850135 0.01706688 0.00712509 0.00507800 0.01207599 0.00920316 0.01688348 0.01398098 0.00618762 0.10923588 0.41025254 0.01028309 0.08694140 0.05506774 0.01472158 0.01845798 0.02265337 0.00851670 0.02661127 0.10115589
112 0.04951549 0.01760040 0.00712622 0.00503866 0.01196170 0.00907550 0.01699210 0.01328930 0.00596943 0.11065297 0.40430189 0.01035880 0.08614738 0.05671188 0.01473740 0.01936899 0.02248319 0.00869186 0.02729089 0.10268597
113 0.15356996 0.02295149 0.02841679 0.02855999 0.03194129 0.01860390 0.03238959 0.06926968 0.02323739 0.03082469 0.02491199 0.02615429 0.01148440 0.01668460 0.02260979 0.32590492 0.07534578 0.00461785 0.01964090 0.03288069
114 0.09172203 0.07130343 0.03918221 0.06734513 0.00667048 0.18031807 0.12464905 0.03260131 0.01322851 0.03603371 0.03033121 0.11810004 0.00929879 0.01342751 0.03722901 0.04325812 0.03723331 0.00659405 0.01176080 0.02971321
115 0.06705503 0.00686459 0.01088271 0.01428251 0.01151321 0.01162951 0.01168991 0.01097451 0.00487324 0.21567710 0.13481706 0.01956541 0.05320773 0.03855202 0.01133371 0.03218032 0.05229283 0.00498409 0.01232241 0.27530213
116 0.14472102 0.03787901 0.03070930 0.02355110 0.14989402 0.01535590 0.03216860 0.04363261 0.02043700 0.04794081 0.07613531 0.02009270 0.02265430 0.03099730 0.02714470 0.14961202 0.04697351 0.00527656 0.01300690 0.06181731
117 0.09083950 0.06990340 0.03863020 0.06958760 0.00702798 0.17940500 0.12545100 0.03396870 0.01316660 0.03694730 0.03037020 0.11858300 0.00902230 0.01354150 0.03411500 0.04436040 0.03673380 0.00655550 0.01201930 0.02977170
118 0.32828214 0.00406489 0.01119420 0.00566216 0.02107221 0.01929901 0.00672826 0.29494113 0.01494241 0.01077150 0.02898201 0.00531440 0.00474370 0.01093780 0.01179591 0.12630206 0.07512623 0.00199730 0.00202785 0.01581481
119 0.04929644 0.01760941 0.00739796 0.00508169 0.01169261 0.00977254 0.01720621 0.01543421 0.00625112 0.10856608 0.40857531 0.01061571 0.08617317 0.05446774 0.01493581 0.01918531 0.02290252 0.00871776 0.02648952 0.09962888
120 0.27469504 0.02072490 0.02540580 0.02092340 0.02463720 0.03239701 0.03506271 0.11077102 0.02392260 0.04259641 0.04986111 0.02557220 0.01793660 0.01468180 0.02570270 0.12637202 0.04765311 0.00720874 0.01317310 0.06070251
121 0.27468194 0.01983420 0.02412449 0.02158840 0.02471559 0.03268159 0.03439369 0.11277498 0.02377129 0.04180729 0.05061679 0.02633139 0.01813600 0.01482120 0.02617049 0.12638697 0.04681809 0.00708862 0.01310400 0.06015299
122 0.14623696 0.01620000 0.03294239 0.06673358 0.00966972 0.01755830 0.01782650 0.47462688 0.01210990 0.00868771 0.02452929 0.01788140 0.00494097 0.01216610 0.00785767 0.08086188 0.02805369 0.00414536 0.00421322 0.01275850
123 0.04873549 0.01149500 0.01210050 0.00671030 0.00812400 0.01304680 0.01042950 0.00992925 0.01042730 0.23901395 0.11473898 0.02140640 0.04827259 0.02879519 0.01129640 0.05857249 0.11621598 0.00465736 0.02296960 0.20306296
124 0.05120230 0.01472720 0.01200500 0.00647930 0.00990375 0.01492970 0.01269470 0.00773403 0.00902724 0.24817698 0.15314699 0.02162520 0.05666790 0.04198100 0.01191520 0.03210250 0.04256020 0.00532546 0.01857040 0.22922498
125 0.03424841 0.00226873 0.00649659 0.00196745 0.01119000 0.00328364 0.00294876 0.00313103 0.00193284 0.25416804 0.21408004 0.00269827 0.06530041 0.05072191 0.00367820 0.01754600 0.03388911 0.00379902 0.01473850 0.27191305
126 0.05284679 0.03644349 0.03363269 0.00844406 0.01080390 0.00939018 0.01273540 0.01110440 0.01377160 0.12692097 0.24247794 0.03259359 0.13164797 0.03330679 0.01327660 0.02868129 0.03910849 0.01491480 0.02109709 0.12680197
127 0.15424497 0.02308389 0.02776849 0.02834849 0.03119089 0.01858990 0.03264809 0.06856968 0.02391549 0.03192169 0.02510469 0.02552489 0.01206560 0.01724970 0.02204310 0.32307293 0.07591178 0.00453692 0.02061770 0.03359109
128 0.05845941 0.03006790 0.32240004 0.07940351 0.01238140 0.03555380 0.05242191 0.05727241 0.03013040 0.02410340 0.02099630 0.06184671 0.03130400 0.01666680 0.00568649 0.05605291 0.04003360 0.00795799 0.03279970 0.02446130
129 0.04895736 0.01813849 0.00718582 0.00549185 0.01206459 0.00952121 0.01677189 0.01555999 0.00604448 0.11056892 0.40309370 0.01025859 0.08570734 0.05550236 0.01494739 0.01904509 0.02313268 0.00837886 0.02651448 0.10311492
130 0.03867899 0.00199236 0.00702268 0.00201635 0.00954164 0.00378505 0.00174003 0.00226710 0.00133644 0.29937089 0.16055994 0.00377060 0.06158888 0.02895339 0.00316310 0.01688229 0.03652819 0.00151329 0.00498993 0.31429888
131 0.04591890 0.32329703 0.02438360 0.01895910 0.01280090 0.05268461 0.05764891 0.02141820 0.02440590 0.02579760 0.04273430 0.13341701 0.02636980 0.02165450 0.03045220 0.04292090 0.03246260 0.01329850 0.03676240 0.01261300
132 0.04890222 0.01788461 0.00698275 0.00506482 0.01167321 0.00931813 0.01743131 0.01324831 0.00597543 0.11105105 0.40792718 0.01023640 0.08614334 0.05518452 0.01594361 0.01813101 0.02255411 0.00840823 0.02623571 0.10170404
133 0.04782967 0.01895299 0.07014756 0.30978783 0.00857293 0.05042487 0.15895191 0.08605695 0.02878948 0.01149339 0.01188789 0.05045957 0.00637599 0.00554284 0.00548470 0.05371477 0.03886338 0.00530815 0.00408134 0.02727378
134 0.03839122 0.00436662 0.00841385 0.00446820 0.01225691 0.00636369 0.00670118 0.00803612 0.00475211 0.21655613 0.18033211 0.00670070 0.05644143 0.05756653 0.00551145 0.06100284 0.04629633 0.00553069 0.01742471 0.25288715
135 0.04923959 0.01814489 0.00716307 0.00498281 0.01214880 0.00953731 0.01771369 0.01447150 0.00589522 0.10931997 0.40657988 0.01054000 0.08627427 0.05532108 0.01471220 0.01917539 0.02240649 0.00899159 0.02644529 0.10093697
136 0.03068550 0.04927250 0.03590810 0.00455924 0.00520858 0.01176260 0.01247760 0.00684959 0.05591360 0.03865590 0.06642460 0.00980516 0.01804300 0.14174201 0.00393046 0.04257580 0.03227680 0.01945580 0.38814603 0.02630710
137 0.04932700 0.01774750 0.00727487 0.00525614 0.01158450 0.00940527 0.01683370 0.01510520 0.00600368 0.10866199 0.41127496 0.01009300 0.08687429 0.05432770 0.01460370 0.01860330 0.02256010 0.00887773 0.02603060 0.09955479
138 0.02867130 0.02059510 0.01354420 0.00499496 0.00950600 0.00933452 0.01864000 0.01751140 0.02007100 0.07056460 0.12796800 0.01515690 0.02458500 0.34334401 0.00381180 0.02808640 0.02658120 0.02281970 0.12617900 0.06803490
139 0.14434915 0.01640892 0.03133683 0.06759747 0.00944471 0.01720462 0.01784032 0.47686248 0.01238101 0.00880995 0.02436532 0.01765942 0.00503029 0.01273141 0.00777343 0.08148728 0.02788613 0.00448869 0.00407446 0.01226811
140 0.02898420 0.02098090 0.01349840 0.00480965 0.00965508 0.00946625 0.01794940 0.01763700 0.01938050 0.06923759 0.12724498 0.01453300 0.02440990 0.34328395 0.00428218 0.02867490 0.02786190 0.02316870 0.12782998 0.06711159
141 0.04728098 0.04026658 0.05900867 0.12802394 0.01147489 0.02530499 0.04215978 0.02704639 0.02448389 0.03578528 0.08260476 0.07322486 0.14109993 0.01554169 0.01346319 0.04172178 0.05658147 0.03196928 0.01150149 0.09145615
142 0.06667052 0.00655304 0.01094930 0.01298140 0.01187530 0.01136170 0.01058230 0.01130600 0.00481970 0.21680608 0.13624605 0.01854611 0.05390982 0.03943591 0.01134880 0.03216701 0.05045662 0.00505969 0.01275550 0.27616910
143 0.14892698 0.01568110 0.03178970 0.06644629 0.00936055 0.01727780 0.01808780 0.47346893 0.01188040 0.00891304 0.02537380 0.01670430 0.00498509 0.01203940 0.00786252 0.08083769 0.02869140 0.00413964 0.00426680 0.01326680
144 0.26568201 0.00788899 0.02272960 0.00883192 0.04582930 0.00975392 0.01629880 0.07245580 0.02633480 0.01785670 0.01380550 0.00967683 0.00579684 0.00554855 0.02624330 0.34415201 0.06990940 0.00230553 0.00768100 0.02121920
145 0.18373607 0.02082961 0.08194563 0.02430131 0.09177153 0.00954418 0.02234931 0.05376192 0.02210971 0.01082960 0.01628111 0.01337741 0.01037450 0.01521331 0.01944301 0.31745912 0.06106922 0.00274682 0.00653532 0.01632131
146 0.03409010 0.00260845 0.00675423 0.00161536 0.01011280 0.00232810 0.00179922 0.00245522 0.00199236 0.26274697 0.21944298 0.00267138 0.07631709 0.03645850 0.00287810 0.01585310 0.03416430 0.00278857 0.00926922 0.27365397
147 0.25260489 0.00689769 0.02185729 0.00819915 0.04713888 0.00886150 0.01532139 0.06525067 0.02520039 0.01645029 0.01282149 0.00853451 0.00554478 0.00510312 0.02686369 0.37265783 0.07211607 0.00197827 0.00797913 0.01861899
148 0.05094090 0.01471240 0.01159340 0.00667338 0.00965671 0.01502520 0.01243280 0.00740166 0.00879078 0.24913799 0.15238199 0.02188540 0.05604750 0.04261510 0.01138950 0.03296620 0.04275080 0.00514043 0.02000790 0.22844999
149 0.04949258 0.01860209 0.00727971 0.00529373 0.01218869 0.00989069 0.01772359 0.01527079 0.00598439 0.10952595 0.40404183 0.01061100 0.08591166 0.05513948 0.01511389 0.01900679 0.02283949 0.00851631 0.02659239 0.10097496
150 0.05159110 0.01855170 0.00529929 0.00272695 0.00954992 0.00374541 0.00842746 0.00398121 0.00619874 0.10204799 0.47515896 0.00985604 0.13345899 0.02463940 0.01057240 0.01140800 0.01796280 0.00761736 0.01541430 0.08179199
151 0.06886310 0.05269870 0.00708354 0.00787418 0.01175640 0.04517460 0.03594560 0.01650780 0.01058460 0.03298330 0.04741430 0.01487740 0.01320980 0.00594831 0.49163401 0.05006370 0.05061890 0.00318030 0.00505814 0.02852330
152 0.04570766 0.32508774 0.02459368 0.01842589 0.01253079 0.05245856 0.05779415 0.02031258 0.02529558 0.02555428 0.04283967 0.13320389 0.02663818 0.02114508 0.02945088 0.04279637 0.03277327 0.01273249 0.03845787 0.01220139
153 0.07001360 0.05195320 0.00679489 0.00796480 0.01230970 0.04496450 0.03646450 0.01694310 0.01014480 0.03281550 0.04934370 0.01466810 0.01338230 0.00598163 0.48852302 0.05109170 0.04978460 0.00315912 0.00508511 0.02861210
154 0.02943919 0.02111999 0.01340239 0.00510894 0.00994174 0.00976271 0.01919739 0.01731699 0.02002479 0.06963837 0.12722895 0.01587029 0.02458139 0.34258186 0.00381093 0.02805329 0.02780329 0.02328789 0.12416095 0.06766867
155 0.36326193 0.00458473 0.00837816 0.00435696 0.02960749 0.01534740 0.00897028 0.14580097 0.01243910 0.02177560 0.01517910 0.00514445 0.00547554 0.00769275 0.07848308 0.12013498 0.03694339 0.00338761 0.00293752 0.11009898
156 0.05895489 0.02987950 0.32389097 0.07766429 0.01215150 0.03473710 0.05137909 0.05750629 0.03073440 0.02412450 0.01986950 0.06090519 0.03206520 0.01638620 0.00582688 0.05768289 0.04003810 0.00839162 0.03297200 0.02483990
157 0.03587809 0.00304193 0.00644040 0.00165211 0.01008650 0.00241468 0.00251516 0.00236522 0.00218681 0.23608792 0.26590390 0.00274974 0.08206917 0.03816799 0.00365023 0.01493889 0.03051039 0.00331048 0.01129750 0.24473291
158 0.02238560 0.01411610 0.01260830 0.00296460 0.00781511 0.00496660 0.00770672 0.00699581 0.01061740 0.10188600 0.18231100 0.01132340 0.05981820 0.26297200 0.00344415 0.02138220 0.02368050 0.02603130 0.10498200 0.11199300
159 0.03241638 0.00114163 0.00648823 0.00089798 0.01003499 0.00209722 0.00083746 0.00125262 0.00088164 0.30378679 0.17607688 0.00081302 0.06507656 0.03037048 0.00145974 0.01544469 0.03451288 0.00114199 0.00479006 0.31047879
160 0.07443856 0.03185998 0.16005691 0.08671815 0.00378623 0.09009445 0.13812792 0.05554877 0.01419379 0.02887658 0.00866094 0.18632090 0.00620795 0.00722524 0.00307943 0.04337768 0.03650298 0.00497506 0.00371521 0.01623329
161 0.03113952 0.04813893 0.03488662 0.00443664 0.00531981 0.01166651 0.01192091 0.00673473 0.05526263 0.03879292 0.06779564 0.00973998 0.01751051 0.14354808 0.00402309 0.04385842 0.03252552 0.01972621 0.38680522 0.02616811
162 0.03137330 0.04795919 0.03473910 0.00476624 0.00536228 0.01170390 0.01224460 0.00717205 0.05495089 0.03901250 0.06746319 0.00967080 0.01825540 0.14432098 0.00424444 0.04248650 0.03211150 0.01978880 0.38562096 0.02675340
163 0.27624820 0.02055292 0.02446232 0.02160462 0.02480752 0.03313752 0.03582333 0.11080708 0.02345202 0.04228853 0.04883434 0.02650672 0.01796051 0.01400741 0.02621272 0.12569009 0.04715163 0.00688337 0.01230451 0.06126465
164 0.06696361 0.00681439 0.01137250 0.01353040 0.01162230 0.01114610 0.01078150 0.01134720 0.00498734 0.21562903 0.13558002 0.01888660 0.05356131 0.03908901 0.01149530 0.03306270 0.05078271 0.00504594 0.01247800 0.27582404
165 0.04661880 0.01991010 0.07037820 0.30732901 0.00850158 0.05109850 0.15622001 0.08838290 0.02874460 0.01194570 0.01250200 0.05186600 0.00572043 0.00534262 0.00517721 0.05387740 0.03889410 0.00598623 0.00372399 0.02778060
166 0.05016719 0.01458250 0.01186220 0.00677794 0.00951685 0.01465960 0.01289660 0.00753099 0.00872258 0.24827297 0.15324098 0.02233150 0.05582319 0.04272189 0.01232070 0.03159670 0.04306159 0.00527446 0.01918460 0.22945497
167 0.14154998 0.01248170 0.02579660 0.05333269 0.02248970 0.00983723 0.01444510 0.34017994 0.01921470 0.01022440 0.01638970 0.01337770 0.00381485 0.00808812 0.01134650 0.23702796 0.04432889 0.00250247 0.00356990 0.01000190
168 0.06642342 0.00641653 0.01143050 0.01405890 0.01146610 0.01119210 0.01109830 0.01116380 0.00492122 0.21707406 0.13544604 0.01849580 0.05334611 0.03943031 0.01142360 0.03182451 0.05051971 0.00516018 0.01287570 0.27623307
169 0.09008324 0.06994403 0.03931462 0.06909913 0.00641570 0.17903009 0.12381206 0.03158252 0.01343741 0.03730052 0.03018361 0.11922406 0.00934004 0.01385241 0.03569902 0.04434052 0.03796762 0.00674177 0.01315011 0.02948151
170 0.04902071 0.01864170 0.00744343 0.00503602 0.01191440 0.00919443 0.01674150 0.01452980 0.00590321 0.10979601 0.40900005 0.01018900 0.08689601 0.05454181 0.01511820 0.01782210 0.02215160 0.00892319 0.02573080 0.10140601
171 0.04491751 0.32312710 0.02492841 0.01871351 0.01242510 0.05267302 0.05838542 0.02083771 0.02486941 0.02618431 0.04378151 0.13239304 0.02638381 0.02249311 0.03009051 0.04307121 0.03247441 0.01334570 0.03632601 0.01257920
172 0.03231119 0.00127442 0.00656851 0.00096522 0.01000420 0.00226822 0.00094562 0.00131815 0.00092532 0.30048094 0.17862096 0.00099057 0.06502789 0.03222719 0.00161289 0.01553400 0.03433329 0.00149557 0.00571493 0.30738093
173 0.04755630 0.01944230 0.07031290 0.30852298 0.00853743 0.05097220 0.15570699 0.08651259 0.02910010 0.01181670 0.01300190 0.05202770 0.00630607 0.00544568 0.00533299 0.05347440 0.03893290 0.00573586 0.00395483 0.02730720
174 0.06234869 0.05254119 0.03645790 0.12580998 0.00842863 0.07875649 0.33896596 0.02434120 0.01595680 0.01924780 0.03198410 0.05689359 0.00747605 0.01615290 0.01898800 0.04644749 0.02906600 0.00406481 0.00855634 0.01751610
175 0.04773829 0.01894660 0.07008239 0.30774995 0.00889874 0.05076009 0.15794697 0.08737619 0.02870920 0.01231220 0.01170790 0.05203099 0.00585366 0.00540221 0.00492062 0.05414449 0.03860189 0.00513156 0.00412198 0.02756410
176 0.04694854 0.01950482 0.07098876 0.30743428 0.00860161 0.05061965 0.15555414 0.08855358 0.02891803 0.01179901 0.01261741 0.05212385 0.00636359 0.00540830 0.00563400 0.05327405 0.03875374 0.00599399 0.00396934 0.02693932
177 0.06690733 0.00731496 0.01152651 0.01376461 0.01158151 0.01130871 0.01151981 0.01131491 0.00511594 0.21580611 0.13514607 0.01939751 0.05324443 0.03892892 0.01161211 0.03216252 0.05095093 0.00497840 0.01294261 0.27447614
178 0.26609303 0.00351147 0.01693920 0.00295302 0.11194501 0.00369508 0.00780288 0.05868741 0.01842330 0.00748774 0.01116550 0.00305305 0.00300161 0.00281229 0.02891900 0.37218303 0.06279681 0.00083405 0.00333862 0.01435790
179 0.09344666 0.04416358 0.02679379 0.09636276 0.00372267 0.21269190 0.28251387 0.01323649 0.00692254 0.02285359 0.02167389 0.08639266 0.00312702 0.00710421 0.01667459 0.02544329 0.01702859 0.00282753 0.00298668 0.01403369
