1 0.35976477 0.00614861 0.01287039 0.02027179 0.06289006 0.00949926 0.00442003 0.08742224 0.00369278 0.02672008 0.02768308 0.00828281 0.00963424 0.00323430 0.01544869 0.21216686 0.08235705 0.00076619 0.00414679 0.04257997
2 0.14708399 0.01750010 0.01510190 0.01425430 0.02456370 0.01900720 0.01783340 0.03738480 0.01174560 0.11775799 0.19350798 0.01677610 0.04953220 0.04014140 0.01805200 0.07617459 0.05002429 0.00324130 0.01683020 0.11348699
3 0.29000470 0.01670378 0.02195368 0.02493467 0.04216826 0.01934048 0.01839118 0.08781391 0.00800462 0.02583697 0.02813867 0.01874868 0.01249749 0.00808208 0.02640817 0.21026979 0.09178591 0.00196598 0.00729111 0.03965986
4 0.06709780 0.01363680 0.01393230 0.00945776 0.01476800 0.01248710 0.01406940 0.01901340 0.00782282 0.22691299 0.16025299 0.01621620 0.03127680 0.03743300 0.01009870 0.03256200 0.04031370 0.00218926 0.01559300 0.25486599
5 0.05968888 0.00932432 0.00720250 0.00274138 0.01162910 0.00693237 0.00616038 0.01062030 0.00563730 0.22384892 0.25995691 0.00584169 0.05973088 0.04717558 0.00696969 0.02167609 0.03176749 0.00211148 0.00906985 0.21191492
6 0.08384595 0.04808043 0.03346372 0.02681032 0.01660561 0.07438154 0.05061193 0.02409861 0.02118211 0.06643284 0.05701253 0.06546284 0.03567402 0.01901721 0.02239301 0.09387985 0.12436007 0.00362312 0.02198021 0.11108406
7 0.15562098 0.03768920 0.04549189 0.04058320 0.02618130 0.03439740 0.03859960 0.07298189 0.01735610 0.03176550 0.03859420 0.04057300 0.01903270 0.01789360 0.03040050 0.18627098 0.10433699 0.00472762 0.01680060 0.04070280
8 0.04802052 0.17962808 0.05371742 0.03681972 0.01284221 0.06026013 0.06771743 0.03862902 0.03076151 0.01808631 0.03600692 0.20406009 0.01898971 0.01150451 0.02433941 0.06013483 0.04697882 0.00585665 0.01502581 0.03062091
9 0.05304578 0.03514699 0.06025558 0.12657296 0.00701813 0.03945429 0.18036094 0.19574293 0.03324879 0.01546269 0.02210339 0.05663828 0.01196400 0.00982867 0.01961389 0.06123928 0.03557669 0.00278514 0.01016690 0.02377469
10 0.13598711 0.02327222 0.05031874 0.02600382 0.02107262 0.03095282 0.02078062 0.03843753 0.01140081 0.02442492 0.02531172 0.02376452 0.01899092 0.01580541 0.01623661 0.25582820 0.21676017 0.00213068 0.00891434 0.03360623
11 0.08068865 0.13066791 0.04911627 0.03270718 0.01391579 0.05517606 0.05284987 0.05046347 0.02470578 0.01927379 0.02782088 0.09252274 0.01568999 0.01518669 0.02936358 0.17286889 0.08954444 0.00625876 0.01515589 0.02602338
12 0.04606280 0.00907181 0.00661028 0.00169527 0.00915772 0.00595496 0.00527213 0.00832331 0.00575017 0.22805201 0.28360201 0.00544963 0.06450810 0.05128070 0.00644777 0.01441090 0.02668660 0.00243012 0.00842670 0.21080701
13 0.06043691 0.03130820 0.13036902 0.07629031 0.01937090 0.02605990 0.04953581 0.18158002 0.03190660 0.01351330 0.02836360 0.06242261 0.01234800 0.01203180 0.02511710 0.10476301 0.09752041 0.00362586 0.00917812 0.02425850
14 0.04244810 0.01132370 0.00566871 0.00126781 0.00732787 0.00561007 0.00536839 0.00775786 0.00685938 0.20097300 0.33188300 0.00542758 0.08150990 0.06004550 0.00739687 0.01400040 0.02470510 0.00289904 0.00922072 0.16830700
15 0.04352611 0.02135360 0.01182960 0.01210480 0.01711290 0.02045800 0.01299880 0.01217390 0.03451161 0.07108931 0.13294203 0.01719550 0.06434251 0.16463903 0.00646161 0.04275581 0.04397871 0.01689430 0.18585804 0.06777381
16 0.03629402 0.01611791 0.00840293 0.00624778 0.01540801 0.01418331 0.00706421 0.00830326 0.03045502 0.08556915 0.22883513 0.00942989 0.05856173 0.17368810 0.00661158 0.02283811 0.02287801 0.01312191 0.16450109 0.07148884
17 0.09291470 0.02948610 0.07081570 0.04592460 0.01394760 0.03242690 0.04224740 0.04359630 0.02122100 0.01730000 0.03171480 0.03884980 0.01472900 0.01001230 0.31991401 0.07899710 0.05680400 0.00478447 0.01101920 0.02329500
18 0.05879737 0.03017479 0.01758759 0.01665609 0.01211929 0.02123379 0.02276039 0.02320139 0.01389779 0.11984295 0.24037190 0.02973139 0.09459616 0.05845707 0.01602119 0.04790548 0.05094528 0.00601003 0.02621659 0.09347346
19 0.19244200 0.04321760 0.03274870 0.10716400 0.01862840 0.03918050 0.05157420 0.06039900 0.01378310 0.01948770 0.03322440 0.03929630 0.01809450 0.07053200 0.04663660 0.09372020 0.05229390 0.00596782 0.02185220 0.03975690
20 0.06153652 0.05267262 0.05266542 0.14581005 0.00592066 0.06589462 0.21028307 0.04498011 0.02884121 0.02543621 0.02970681 0.07202472 0.01409000 0.01007960 0.02996261 0.06342572 0.04186961 0.00298802 0.01384550 0.02796691
21 0.06966457 0.02748539 0.10049996 0.18486592 0.01377579 0.03840958 0.11330195 0.04548288 0.02584839 0.02012649 0.02446079 0.05119078 0.01749649 0.00929925 0.02231089 0.09770696 0.09580486 0.00294759 0.01139749 0.02792399
22 0.06306002 0.03027921 0.08684283 0.22325007 0.00983894 0.04637491 0.16764405 0.05332702 0.02565351 0.01955461 0.01995031 0.05217442 0.01209800 0.01004030 0.02412181 0.07214912 0.04509111 0.00296296 0.01396190 0.02162491
23 0.03386182 0.25144617 0.07927565 0.03351662 0.01430301 0.05311674 0.04368263 0.03258092 0.03513162 0.01151061 0.02783772 0.20891014 0.01543731 0.00847716 0.01240901 0.05694444 0.04116053 0.00397619 0.01490211 0.02151961
24 0.02785770 0.02079430 0.02453220 0.01220360 0.02082820 0.03112870 0.00947098 0.00989580 0.08443789 0.02092560 0.07384219 0.01269070 0.01932400 0.22091097 0.00623087 0.03143950 0.01633840 0.02569140 0.30272495 0.02873210
25 0.28155292 0.01933899 0.01369480 0.02326589 0.03199239 0.00909871 0.01306840 0.27863992 0.00706749 0.01646110 0.02185749 0.01336680 0.00790002 0.00574184 0.02016729 0.14691596 0.05022419 0.00178866 0.00711186 0.03074529
26 0.05986060 0.05546470 0.03417410 0.02671790 0.01476880 0.04430610 0.04689040 0.04486440 0.01962150 0.04064200 0.08205190 0.09922750 0.08121830 0.08060370 0.02025750 0.09779980 0.05796100 0.01319780 0.03462100 0.04575100
27 0.05421968 0.12373194 0.04563468 0.07994356 0.00663693 0.07175137 0.15352093 0.03289158 0.03037189 0.01629269 0.02585179 0.16063293 0.01450449 0.00855194 0.02764299 0.06340447 0.04436928 0.00313009 0.01170779 0.02520899
28 0.23641395 0.02522409 0.02192769 0.03046919 0.03336939 0.02468389 0.03091329 0.08912618 0.01183780 0.05071989 0.05792279 0.02744589 0.01966660 0.01724610 0.03487239 0.13904897 0.06883628 0.00318573 0.01343630 0.06365359
29 0.04904840 0.02002310 0.01119560 0.00680367 0.00959521 0.01329520 0.01208310 0.01456680 0.01302890 0.15581202 0.30970203 0.01517240 0.07944871 0.06775961 0.01384970 0.02517820 0.02927930 0.00485132 0.02347670 0.12583001
30 0.03506857 0.01372899 0.00592293 0.00372358 0.01098979 0.00871626 0.00529914 0.00725650 0.02173548 0.11207389 0.27541673 0.00605328 0.07027853 0.16203384 0.00611894 0.01727448 0.01986188 0.01119039 0.11753688 0.08971991
31 0.10206899 0.02963480 0.04518930 0.09475349 0.00938114 0.03360390 0.07485609 0.04487990 0.01182740 0.01540070 0.02215180 0.04165200 0.01208130 0.01284020 0.28030997 0.08223019 0.04814369 0.00498476 0.00893121 0.02507920
32 0.20753603 0.02408820 0.03492760 0.03313000 0.02932970 0.01504060 0.02121900 0.22890803 0.01090910 0.01663390 0.02187080 0.02518930 0.00984830 0.00962274 0.02170650 0.18623803 0.06252321 0.00343888 0.00888084 0.02895920
33 0.07321492 0.00817877 0.00876348 0.00455130 0.01449420 0.00805977 0.00760844 0.01378220 0.00555597 0.22784006 0.21413205 0.00718710 0.04466301 0.04064031 0.00690488 0.02734361 0.03579771 0.00167735 0.00993679 0.23966806
34 0.05858142 0.00451387 0.00937505 0.00359479 0.01407260 0.00636361 0.00617393 0.01798770 0.00364423 0.28377208 0.15519704 0.00582562 0.02369121 0.02931331 0.00486957 0.02108641 0.03452981 0.00114375 0.00683091 0.30943308
35 0.15636890 0.03715828 0.04534827 0.04133257 0.02613558 0.03455478 0.03893288 0.07350125 0.01760059 0.03215868 0.03807108 0.03974847 0.01991029 0.01755139 0.03030518 0.18596888 0.10330193 0.00465304 0.01678959 0.04060837
36 0.04970451 0.15232704 0.10269803 0.05304381 0.01623660 0.04890101 0.04486141 0.05093011 0.03165511 0.01458420 0.02544231 0.12209003 0.01370340 0.01211020 0.01851740 0.12914103 0.07378452 0.00487214 0.01463230 0.02076481
37 0.29221013 0.01528021 0.02318551 0.02322051 0.04222102 0.01776961 0.01522081 0.08308674 0.00732082 0.02419371 0.02605901 0.01666141 0.01158681 0.00774239 0.02315961 0.22732010 0.09804775 0.00175545 0.00631318 0.03764522
38 0.06245147 0.03033449 0.08620876 0.22394989 0.00971610 0.04610398 0.16802292 0.05307778 0.02595849 0.01934949 0.01978109 0.05131548 0.01245789 0.01062320 0.02358829 0.07292907 0.04452098 0.00315407 0.01478919 0.02166739
39 0.15134814 0.01293381 0.01219431 0.01365951 0.02700693 0.01495971 0.01498081 0.03307303 0.00718611 0.17008416 0.12913712 0.01207441 0.03419693 0.02557582 0.01633812 0.08173438 0.05742895 0.00235255 0.01090101 0.17283416
40 0.15548609 0.03710082 0.04483962 0.04055422 0.02609411 0.03503012 0.03939932 0.07111084 0.01795171 0.03162412 0.03902542 0.04034782 0.01989121 0.01843631 0.03149882 0.18518010 0.10368406 0.00509865 0.01728881 0.04035782
41 0.34151611 0.01109460 0.01476320 0.02121811 0.04941692 0.01306970 0.01077380 0.09744023 0.00523317 0.02403021 0.02588141 0.01267120 0.00983524 0.00506116 0.02205081 0.20926007 0.08109363 0.00120629 0.00492481 0.03945931
42 0.31355905 0.01448070 0.01807210 0.02376770 0.04548361 0.01671140 0.01575240 0.09226132 0.00691796 0.02604270 0.02805480 0.01617790 0.01176160 0.00656320 0.02601420 0.20445903 0.08476051 0.00173342 0.00661325 0.04081311
43 0.22000913 0.01538351 0.01820311 0.02412961 0.06009174 0.02295521 0.01433251 0.04983673 0.01013501 0.06663044 0.07502475 0.01826511 0.05243993 0.01906071 0.01785011 0.13399208 0.08387905 0.00288840 0.01902681 0.07586605
44 0.10073695 0.01937959 0.02127289 0.01764969 0.01886799 0.02048989 0.02358349 0.02528489 0.00938855 0.14178793 0.10103095 0.02858289 0.04345518 0.02416069 0.01370789 0.08285396 0.11139394 0.00243795 0.01888879 0.17504591
45 0.05288977 0.00344690 0.00838158 0.00188999 0.01308699 0.00546629 0.00464984 0.00921075 0.00297104 0.29650186 0.16458192 0.00471562 0.02026099 0.03145878 0.00366122 0.01360699 0.02953949 0.00075800 0.00594716 0.32697484
46 0.06292962 0.03091971 0.08665223 0.22317308 0.00990451 0.04538782 0.16680506 0.05263642 0.02583701 0.01974021 0.02008211 0.05226602 0.01224980 0.01065210 0.02383521 0.07247593 0.04458632 0.00327134 0.01511711 0.02147841
47 0.02322070 0.32680706 0.04813651 0.00853013 0.01201120 0.05730831 0.03732181 0.00988335 0.03061521 0.00655342 0.02737701 0.28506905 0.01647970 0.00402243 0.00666165 0.03911461 0.02618380 0.00242213 0.01281560 0.01946630
48 0.10447997 0.03149139 0.03295959 0.03190069 0.02183989 0.03401649 0.03178829 0.03731569 0.01418690 0.06969168 0.08115777 0.03449379 0.07415278 0.02513799 0.01960969 0.15093995 0.10819097 0.00491192 0.02133849 0.07039608
49 0.06021617 0.08361536 0.04314038 0.01957949 0.05859797 0.04837638 0.02757999 0.03141439 0.02527869 0.05275378 0.14938694 0.11959795 0.03776468 0.02725569 0.02590789 0.05470468 0.04404708 0.00817493 0.02638379 0.05622378
50 0.06274560 0.10574900 0.06321910 0.03380550 0.01325400 0.05474700 0.06071780 0.03105230 0.02719080 0.01604250 0.03200410 0.18402900 0.01764330 0.01141240 0.02236160 0.07831560 0.12576600 0.00585808 0.01416580 0.03992050
51 0.15489300 0.03731570 0.04523000 0.04058210 0.02636780 0.03444970 0.03885360 0.07256020 0.01701960 0.03187460 0.03855250 0.04038890 0.01950850 0.01820400 0.03011130 0.18641300 0.10444000 0.00504940 0.01743220 0.04075390
52 0.02322449 0.32577090 0.04816148 0.00865267 0.01190870 0.05738388 0.03750769 0.00997703 0.03051829 0.00653325 0.02732469 0.28449991 0.01670119 0.00412589 0.00678263 0.03945459 0.02670589 0.00248345 0.01267530 0.01960809
53 0.05779606 0.01176419 0.01154569 0.00888359 0.01335839 0.01175999 0.01410439 0.01336659 0.00772278 0.23683385 0.19498088 0.01090549 0.04206927 0.03984567 0.00904526 0.02744688 0.03615558 0.00332799 0.01298059 0.23610685
54 0.12150006 0.02925391 0.03245831 0.02591051 0.02418141 0.03173971 0.02892821 0.04353212 0.01862361 0.07071193 0.13810106 0.03140061 0.04270312 0.03446092 0.02265361 0.13270606 0.07404423 0.00557794 0.02355551 0.06795713
55 0.04329401 0.22936503 0.03742771 0.02580400 0.00808618 0.07619311 0.09902561 0.01585700 0.03393841 0.01318130 0.02755980 0.21982103 0.01517120 0.00693777 0.02067350 0.05622151 0.03488971 0.00274290 0.01114860 0.02266160
56 0.05543128 0.03951769 0.10582996 0.15851995 0.00892308 0.04726328 0.16439694 0.05457288 0.02728569 0.01637109 0.02473249 0.06633438 0.01216900 0.00797455 0.02126819 0.09785377 0.05648408 0.00241501 0.01034190 0.02231479
57 0.07012295 0.03000568 0.08920314 0.04943767 0.02407748 0.03046728 0.03711597 0.02832328 0.02152418 0.11487592 0.07145465 0.03909937 0.02770288 0.01848309 0.02205578 0.09772863 0.11330092 0.00548490 0.01321619 0.09632003
58 0.26982800 0.02441880 0.02097130 0.05747530 0.03318090 0.01389310 0.02770490 0.21140100 0.00809767 0.01626220 0.02120360 0.01687550 0.00838806 0.00807262 0.02539990 0.14376300 0.05272950 0.00191400 0.00796936 0.03045130
59 0.05146490 0.01683280 0.01199440 0.01225950 0.01909960 0.02028280 0.01568750 0.01234900 0.03368220 0.09637340 0.07946140 0.01548110 0.04862000 0.13492800 0.00618140 0.05834520 0.08176160 0.01532500 0.18892500 0.08094520
60 0.06746686 0.00385791 0.00821524 0.00311271 0.01534969 0.00639443 0.00527192 0.01175339 0.00308747 0.27942084 0.15728991 0.00503188 0.02430249 0.02951408 0.00492583 0.02341239 0.03635478 0.00086396 0.00722741 0.30714683
61 0.04965660 0.01955870 0.01182400 0.00688206 0.00957772 0.01352770 0.01261730 0.01555620 0.01277140 0.15528401 0.30950802 0.01490960 0.07850850 0.06799650 0.01321770 0.02540120 0.02977380 0.00479127 0.02325370 0.12538401
62 0.03949322 0.01349961 0.00421546 0.00117175 0.00533337 0.00576201 0.00522318 0.00756108 0.00753102 0.16788507 0.38366616 0.00542374 0.10810104 0.06715843 0.00795500 0.01599411 0.02687521 0.00356449 0.00965599 0.11393005
63 0.05255717 0.00353307 0.00827705 0.00197400 0.01277249 0.00537193 0.00449481 0.00922433 0.00303574 0.29387985 0.16990291 0.00454254 0.02284329 0.03235038 0.00375467 0.01383789 0.02968368 0.00079382 0.00610055 0.32106984
64 0.05922210 0.02667230 0.06398130 0.24542302 0.00261853 0.05985550 0.26739602 0.03349690 0.02054920 0.01807600 0.01342470 0.05145640 0.00871820 0.00596078 0.01788600 0.04772600 0.02890870 0.00089422 0.01178430 0.01594980
65 0.10516298 0.03238249 0.08973018 0.04189909 0.06246709 0.03515349 0.02334050 0.04565289 0.06437169 0.02859020 0.03621079 0.04020349 0.02003340 0.01439810 0.01844590 0.16026697 0.12148598 0.00465777 0.02382100 0.03172599
66 0.09601408 0.11636598 0.03104539 0.03121149 0.01605340 0.04900079 0.04755199 0.05268199 0.03818559 0.02674159 0.04922169 0.08076018 0.01888880 0.06283939 0.02616859 0.06829759 0.04448959 0.01315380 0.09503148 0.03629659
67 0.16006096 0.06465028 0.03843959 0.03520909 0.02034959 0.05431989 0.06754288 0.05135809 0.02205589 0.01983439 0.02934939 0.10134097 0.01329980 0.01127440 0.04048069 0.14980296 0.07138648 0.00526666 0.01109630 0.03288169
68 0.04216130 0.02215030 0.07093740 0.27630701 0.00240029 0.05938430 0.27015001 0.03410300 0.02105920 0.02573010 0.00990856 0.04750700 0.00842634 0.00407607 0.01088100 0.04285970 0.02574520 0.00081739 0.01185430 0.01354150
69 0.04548232 0.00913760 0.00660353 0.00168555 0.00898417 0.00587986 0.00524052 0.00830902 0.00589769 0.22693611 0.28640113 0.00533322 0.06545353 0.05187402 0.00630476 0.01400141 0.02653541 0.00236961 0.00847240 0.20909810
70 0.06260321 0.02965520 0.08070231 0.16452701 0.00829547 0.04764410 0.16938802 0.03620590 0.02625210 0.01744620 0.05392410 0.05224250 0.02241780 0.00941146 0.01901240 0.07212461 0.08407231 0.00258428 0.01208490 0.02940610
71 0.04057948 0.01581239 0.00586243 0.00277237 0.00605801 0.00844229 0.00780788 0.00939660 0.00922680 0.15328691 0.37388978 0.00865506 0.10933493 0.07077276 0.00930006 0.01893159 0.02809658 0.00416365 0.01422549 0.10338494
72 0.05152501 0.00181724 0.00829778 0.00120166 0.01311570 0.00441085 0.00341608 0.00863560 0.00217671 0.31262507 0.15293504 0.00380201 0.01250300 0.02914301 0.00281642 0.01019450 0.02690731 0.00039235 0.00435757 0.34972708
73 0.14521610 0.04794053 0.03661053 0.08183986 0.01229791 0.06137454 0.15235111 0.04398793 0.02365032 0.02443612 0.03345822 0.06128624 0.01451031 0.01228211 0.05130114 0.09080756 0.05365974 0.00379340 0.01203431 0.03716203
74 0.11008198 0.03617499 0.04731729 0.03521239 0.01946220 0.03425499 0.03841399 0.04049259 0.01801740 0.05376899 0.05804779 0.04483979 0.02918380 0.02169320 0.02662720 0.14564598 0.15620098 0.00395936 0.01676580 0.06383929
75 0.05935657 0.14336717 0.03800744 0.06975968 0.00643807 0.07865199 0.16231119 0.03008923 0.03453684 0.02068622 0.02777143 0.13053815 0.01278531 0.00956424 0.03044264 0.06650698 0.03915035 0.00344745 0.01210941 0.02447963
76 0.08731137 0.08180277 0.03690283 0.08017957 0.00550339 0.08056897 0.17333515 0.02558912 0.02938752 0.01945232 0.02568672 0.12238710 0.01218531 0.01033031 0.04165433 0.07558916 0.04937454 0.00380727 0.01133661 0.02761562
77 0.23635110 0.02494441 0.02192901 0.03020871 0.03338441 0.02392121 0.03064771 0.09013074 0.01184411 0.05169482 0.05727093 0.02741881 0.01953261 0.01659331 0.03501712 0.13909506 0.06888363 0.00303706 0.01349501 0.06460023
78 0.05838896 0.01183779 0.01130039 0.00890761 0.01315669 0.01108439 0.01319509 0.01350649 0.00765161 0.23542886 0.19686688 0.01070199 0.04336027 0.04069488 0.00871178 0.02765878 0.03643298 0.00356979 0.01360489 0.23393986
79 0.04964964 0.01978888 0.01159199 0.00719169 0.00956374 0.01345058 0.01277529 0.01498058 0.01283079 0.15578483 0.30777766 0.01487248 0.07839561 0.06810642 0.01303359 0.02548357 0.02936767 0.00468956 0.02380057 0.12686486
80 0.19499701 0.02567210 0.03601270 0.03469950 0.02721640 0.01495200 0.02415010 0.25839201 0.01161180 0.01630040 0.02223620 0.02850540 0.00995270 0.01007810 0.02169980 0.16648101 0.05622560 0.00342081 0.00902124 0.02837510
81 0.09699196 0.02219099 0.02496209 0.01560049 0.05243978 0.02547129 0.01420329 0.02950289 0.01807559 0.11617895 0.16924892 0.02454459 0.04027768 0.05783387 0.01417549 0.06256927 0.04383698 0.00593405 0.04787388 0.11808795
82 0.06710445 0.01394239 0.01069359 0.00742550 0.01457799 0.01373149 0.01171749 0.01555209 0.00927659 0.18176187 0.24481783 0.01104019 0.07272575 0.04479467 0.01040649 0.05016906 0.04754297 0.00394210 0.01525659 0.15352089
83 0.09919928 0.02307979 0.05372029 0.02113429 0.01389370 0.03275469 0.01721770 0.02497689 0.01057770 0.02069460 0.02100789 0.02079870 0.01843240 0.01864540 0.01035970 0.27599393 0.27901893 0.00183737 0.00801807 0.02863869
84 0.23833107 0.02495801 0.02165561 0.02992331 0.03343251 0.02411361 0.03029081 0.09062943 0.01189270 0.05070921 0.05757512 0.02665121 0.01927811 0.01763100 0.03370291 0.13972104 0.06909492 0.00297532 0.01373190 0.06370222
85 0.04489983 0.00764605 0.00616469 0.00088541 0.00889724 0.00440081 0.00402784 0.00752931 0.00482775 0.24024617 0.27703620 0.00427534 0.05898004 0.04924783 0.00524599 0.01139021 0.02480422 0.00185566 0.00640423 0.23123516
86 0.15504694 0.02694579 0.02057099 0.02226849 0.01751089 0.03049289 0.03680719 0.03816159 0.01265490 0.08882727 0.07989407 0.02770309 0.02685539 0.01774249 0.16467594 0.08892757 0.05725218 0.00673926 0.00775342 0.07316967
87 0.06669956 0.03274358 0.10440793 0.05927266 0.01668229 0.01822999 0.03949457 0.30526980 0.02113819 0.01021079 0.02112149 0.05822336 0.00971792 0.01435679 0.01778219 0.12548492 0.04671217 0.00381543 0.00886288 0.01977349
88 0.20559194 0.02610109 0.02558319 0.03192329 0.01875689 0.03114059 0.04055899 0.05511598 0.01010450 0.02318459 0.02958679 0.03139359 0.01449630 0.01005170 0.22650393 0.11187397 0.05977258 0.00471900 0.00655060 0.03699049
89 0.10709812 0.03614674 0.04780725 0.03584844 0.01919962 0.03330404 0.03839474 0.04062224 0.01811912 0.05557516 0.06101287 0.04537835 0.02979923 0.02231712 0.02793673 0.14206015 0.15282617 0.00398602 0.01683572 0.06573217
90 0.04884612 0.01978321 0.01140520 0.00663719 0.00981499 0.01344640 0.01239160 0.01538681 0.01294130 0.15522305 0.30838011 0.01510791 0.07835583 0.06856402 0.01379170 0.02525041 0.02968671 0.00481547 0.02422991 0.12594204
91 0.08907102 0.05390571 0.04560451 0.06865611 0.01048600 0.06233691 0.14018803 0.04319121 0.02481781 0.02204580 0.02926591 0.06624391 0.01593700 0.01122890 0.03832181 0.15812003 0.07176452 0.00457009 0.01255980 0.03168491
92 0.33011705 0.00989028 0.01552130 0.02156850 0.06340241 0.01347710 0.00780032 0.08405971 0.00620977 0.03517271 0.03637241 0.01197280 0.01242770 0.00712671 0.01745640 0.18772103 0.07865361 0.00131919 0.00838507 0.05134591
93 0.06565351 0.01385220 0.01399910 0.00924586 0.01468100 0.01203080 0.01417510 0.01862440 0.00768110 0.22850504 0.16115703 0.01600310 0.03071941 0.03824421 0.01026630 0.03126261 0.03960431 0.00216015 0.01557070 0.25656405
94 0.05087649 0.14528796 0.04442129 0.06336888 0.00713764 0.07084198 0.13698096 0.02830769 0.03004899 0.01514740 0.02641059 0.18681995 0.01545950 0.00821468 0.02455649 0.06060718 0.04445189 0.00334825 0.01147810 0.02623409
95 0.03157030 0.01331610 0.00534845 0.00421700 0.01309790 0.00960047 0.00414877 0.00535416 0.02827820 0.08010401 0.23314002 0.00537490 0.05922560 0.21222501 0.00434148 0.01781600 0.01764790 0.01465310 0.17341601 0.06712460
96 0.15578916 0.02602153 0.04529545 0.03909044 0.02649973 0.02062142 0.03456064 0.17975619 0.01991532 0.02629913 0.03416974 0.03817034 0.01742602 0.01220381 0.02875843 0.13278614 0.10819811 0.00348637 0.01013441 0.04081764
97 0.29055089 0.01662079 0.02191669 0.02581949 0.04229128 0.01864309 0.01865199 0.08702247 0.00758380 0.02609929 0.02807549 0.01859889 0.01258880 0.00774324 0.02715319 0.21030592 0.09182817 0.00193772 0.00692771 0.03964109
98 0.04764188 0.04370308 0.09443425 0.22168789 0.00736857 0.04792028 0.17027091 0.04483638 0.02562459 0.01585199 0.01708659 0.08669656 0.01116269 0.00768888 0.02042739 0.06260687 0.04300598 0.00314206 0.01088629 0.01795689
99 0.04023887 0.02474398 0.14030490 0.25189382 0.00953676 0.03966737 0.14813289 0.04667597 0.03135298 0.01542619 0.01770699 0.05535926 0.01009599 0.00498436 0.01309259 0.07290765 0.04853197 0.00182160 0.00990817 0.01761769
100 0.04892190 0.02003570 0.01144820 0.00683548 0.00963154 0.01331260 0.01235580 0.01457460 0.01260320 0.15675899 0.30824598 0.01550610 0.07825850 0.06784800 0.01355240 0.02501650 0.02958470 0.00454844 0.02361740 0.12734399
101 0.15556991 0.03768828 0.04421537 0.04063578 0.02593828 0.03453558 0.03946218 0.07297976 0.01744169 0.03160138 0.03864988 0.04074928 0.01945149 0.01801839 0.03126168 0.18583189 0.10362994 0.00472369 0.01726599 0.04034958
102 0.09548033 0.00615435 0.01035280 0.00734627 0.01841501 0.00934913 0.00985325 0.01791391 0.00410705 0.24104308 0.13267904 0.00975002 0.02223181 0.02700241 0.00891447 0.03763551 0.04436381 0.00107473 0.00885191 0.28748109
103 0.09125848 0.03567599 0.06541638 0.13892197 0.01230040 0.02462619 0.08703618 0.25407894 0.02494739 0.01209140 0.01864460 0.04047519 0.01028900 0.01049260 0.01906840 0.08490168 0.03490749 0.00310065 0.01136810 0.02039899
104 0.03984035 0.02009478 0.01191949 0.01119209 0.01445038 0.01605528 0.01171689 0.01762638 0.03180906 0.07270322 0.16050782 0.01340058 0.04308145 0.19592177 0.00889514 0.03201626 0.02754317 0.02268647 0.17576480 0.07277462
105 0.18421684 0.01346139 0.01508679 0.01791598 0.02998127 0.01675899 0.01906688 0.03850417 0.00666348 0.11138690 0.07464354 0.02089528 0.03489647 0.01589449 0.01776428 0.11204290 0.10469091 0.00170457 0.01486599 0.14955887
106 0.05259083 0.00357252 0.00819501 0.00177199 0.01282171 0.00529680 0.00469240 0.00921707 0.00304780 0.29383719 0.17043711 0.00458621 0.02256101 0.03235052 0.00375407 0.01361091 0.02957262 0.00082140 0.00612261 0.32114021
107 0.10999594 0.06553147 0.03306818 0.02927468 0.01566429 0.05125337 0.06111627 0.02652609 0.02556339 0.02744579 0.03682488 0.13113693 0.02052709 0.01948419 0.02665319 0.08074936 0.11880994 0.00619412 0.05219897 0.06198187
108 0.04081128 0.01239549 0.00455038 0.00106030 0.00608891 0.00505278 0.00522164 0.00731922 0.00729252 0.17894391 0.35593882 0.00486524 0.09726125 0.07052136 0.00704857 0.01529919 0.02677079 0.00331124 0.01309519 0.13715193
109 0.08239844 0.02777921 0.03239051 0.03213941 0.01631741 0.02390111 0.03505502 0.20234509 0.01883051 0.05897183 0.10545605 0.03881452 0.07739593 0.02878961 0.02110321 0.07255023 0.05111832 0.00581076 0.01360791 0.05522492
110 0.02287050 0.32752098 0.04801240 0.00857811 0.01172490 0.05714930 0.03698760 0.00987883 0.03065260 0.00648101 0.02707030 0.28571498 0.01682020 0.00417200 0.00658963 0.03872380 0.02609930 0.00263569 0.01281010 0.01950780
111 0.06046535 0.05412566 0.05253176 0.14510889 0.00583375 0.06680645 0.21004384 0.04339587 0.02870818 0.02542368 0.02936548 0.07452344 0.01439169 0.01019819 0.02958568 0.06317535 0.04199087 0.00284812 0.01368219 0.02779558
112 0.19066381 0.02454497 0.02882197 0.03223427 0.03254407 0.01546648 0.02184038 0.20419579 0.01183639 0.05133075 0.03365557 0.02357178 0.01872268 0.01131539 0.02205338 0.15722184 0.06039214 0.00545561 0.01080509 0.04332766
113 0.02502829 0.01240810 0.00783782 0.00593697 0.01907970 0.01659650 0.00185149 0.00311309 0.05944399 0.02105880 0.08545228 0.00485618 0.02151710 0.28072394 0.00152445 0.02418590 0.01130190 0.02771559 0.33897393 0.03139399
114 0.23059089 0.02481539 0.01502189 0.02229759 0.02079329 0.00759625 0.01405449 0.39789181 0.00804622 0.01123779 0.01866229 0.01531239 0.00742258 0.00661892 0.01644049 0.11433495 0.03444348 0.00217551 0.00808750 0.02415629
115 0.15453299 0.03736860 0.04547460 0.04138910 0.02580650 0.03480470 0.04066810 0.07158080 0.01781270 0.03211170 0.03778280 0.04101490 0.01930370 0.01737930 0.03003400 0.18636199 0.10353000 0.00491134 0.01694550 0.04118670
116 0.03658899 0.02475109 0.01667800 0.01680580 0.01932880 0.02455719 0.01603800 0.01485250 0.05243859 0.03275009 0.08652418 0.01898320 0.02483119 0.21500495 0.00819584 0.03676269 0.02419289 0.02377829 0.26511194 0.04182579
117 0.04606697 0.23417686 0.04554807 0.02494358 0.01243789 0.05921406 0.05441097 0.03447598 0.03247988 0.01997119 0.04236047 0.18975188 0.01922919 0.01562839 0.01989189 0.05862756 0.03842098 0.00667511 0.01855879 0.02713028
118 0.02630641 0.01197511 0.00572076 0.00567337 0.01870651 0.01349061 0.00197912 0.00329819 0.04704652 0.02887051 0.11463405 0.00463814 0.02691041 0.28707813 0.00164608 0.02140971 0.01310081 0.02122921 0.30729214 0.03899422
119 0.09472800 0.02603690 0.02602330 0.02080590 0.01969980 0.02652310 0.02468350 0.03381080 0.01751330 0.09497390 0.20249101 0.02675040 0.05843910 0.04619790 0.02087390 0.09172350 0.05708560 0.00566845 0.02457410 0.08139750
120 0.12672709 0.01100661 0.01041901 0.00990352 0.02315732 0.01051501 0.00884247 0.04456163 0.00676497 0.17409213 0.18217413 0.00903932 0.04688653 0.03214032 0.01195181 0.06447115 0.04839853 0.00273676 0.00914158 0.16707012
121 0.04665615 0.00800808 0.00692510 0.00148618 0.00962520 0.00542933 0.00516467 0.00850254 0.00537973 0.23684776 0.26561673 0.00526690 0.05600794 0.04975915 0.00588705 0.01297369 0.02632427 0.00200203 0.00869072 0.23344676
122 0.04709717 0.18401987 0.04768657 0.01671589 0.00978047 0.11997592 0.07153025 0.01732759 0.09190084 0.01942219 0.03414218 0.15306989 0.01247189 0.00776986 0.02498198 0.05707726 0.03819197 0.00424364 0.02144709 0.02114749
123 0.09660954 0.03070941 0.02885221 0.02991451 0.02003201 0.03272751 0.03105621 0.03585791 0.01417951 0.07979533 0.09996024 0.03446311 0.08482313 0.02976911 0.02074971 0.12846605 0.09794004 0.00522523 0.02266461 0.07620463
124 0.07380801 0.04837461 0.04844011 0.08731901 0.00722131 0.06058351 0.17405303 0.03155171 0.02646720 0.02135860 0.02846720 0.07211921 0.01799570 0.01001690 0.02875260 0.11409002 0.09985012 0.00344932 0.01262410 0.03345771
125 0.04139951 0.02836121 0.08509443 0.02891711 0.00990908 0.00855031 0.03857901 0.49454017 0.01901121 0.00497216 0.01949221 0.06394992 0.00910537 0.01604091 0.00816976 0.07368483 0.02557781 0.00271366 0.00528651 0.01664481
126 0.13899900 0.02487840 0.03702940 0.03439370 0.01984680 0.02615820 0.03174920 0.10416100 0.01652490 0.02127980 0.03444230 0.03432810 0.01487540 0.01000590 0.22139400 0.10021300 0.08717630 0.00517512 0.00798246 0.02938700
127 0.05901087 0.01177299 0.01125999 0.00862097 0.01307449 0.01164779 0.01359869 0.01352389 0.00755982 0.23476788 0.19665990 0.01126779 0.04278468 0.04049608 0.00928528 0.02822179 0.03678978 0.00327842 0.01275899 0.23361989
128 0.06759494 0.01401861 0.01354081 0.00957645 0.01481341 0.01223291 0.01429711 0.01887191 0.00751148 0.22705515 0.16026011 0.01647021 0.03070512 0.03762322 0.01046421 0.03218922 0.04001133 0.00216002 0.01533361 0.25527017
129 0.06883412 0.08572242 0.04499891 0.05580971 0.01338180 0.10805902 0.09646832 0.02890571 0.04408691 0.03119301 0.04984791 0.09271392 0.02087260 0.02039910 0.03875621 0.07975032 0.05335751 0.00574368 0.02610721 0.03499161
130 0.07398658 0.05259889 0.04341369 0.04152739 0.01845639 0.09691907 0.05624968 0.02664849 0.02345139 0.04452479 0.05556918 0.06142048 0.06871488 0.01913159 0.02350159 0.13768996 0.08788878 0.00538408 0.01795849 0.04496459
131 0.06181578 0.03076749 0.08740347 0.22258791 0.00988602 0.04602058 0.16678193 0.05298808 0.02575739 0.01979339 0.02065439 0.05188278 0.01266599 0.01082210 0.02272199 0.07271547 0.04517568 0.00307628 0.01441229 0.02207099
132 0.10508999 0.02767410 0.02246040 0.02392270 0.01427320 0.03235440 0.03653010 0.03329790 0.01386210 0.08943259 0.09974369 0.03550960 0.02771650 0.02510590 0.16027999 0.06264590 0.04796460 0.00501677 0.01114660 0.12597299
133 0.04602352 0.23487708 0.04564672 0.02493231 0.01210710 0.05796792 0.05353982 0.03552161 0.03240801 0.01961971 0.04310571 0.19001806 0.01950091 0.01579201 0.01943041 0.05822952 0.03842881 0.00669197 0.01859481 0.02756401
134 0.04905951 0.01988200 0.01166790 0.00704755 0.00977974 0.01339580 0.01232890 0.01505310 0.01269890 0.15562004 0.31110908 0.01505010 0.07922432 0.06748802 0.01307570 0.02473431 0.02937191 0.00457116 0.02290791 0.12593403
135 0.12116497 0.03025889 0.03998059 0.03137289 0.01376270 0.01266020 0.03260729 0.42584489 0.01663840 0.01469290 0.02633309 0.03797989 0.01148960 0.01274560 0.01699290 0.08587938 0.03090439 0.00349081 0.00879004 0.02641059
136 0.12174196 0.02445399 0.05157518 0.02653899 0.01869279 0.03210419 0.02199999 0.03321229 0.01191880 0.02547339 0.02462309 0.02457389 0.02022919 0.01667869 0.01546680 0.25208592 0.23320893 0.00214157 0.00917965 0.03410069
137 0.04418679 0.02310299 0.07472768 0.27155991 0.00236973 0.05565938 0.26079392 0.03771099 0.02244809 0.01790229 0.01132310 0.05082468 0.00854675 0.00432364 0.01306360 0.04640829 0.02908019 0.00074540 0.01131260 0.01391000
138 0.04442072 0.12514105 0.03997042 0.03055861 0.01723071 0.05117532 0.05045812 0.02521301 0.03964812 0.02258421 0.04655872 0.14778306 0.01956781 0.06361523 0.02147371 0.05442442 0.04373132 0.01398511 0.10625204 0.03620831
139 0.13306193 0.02375189 0.04989707 0.02615009 0.02072909 0.03106498 0.02135809 0.03644838 0.01164439 0.02597879 0.02561569 0.02410729 0.02004889 0.01560959 0.01610089 0.25452287 0.21824289 0.00214821 0.00864801 0.03487098
140 0.02661003 0.30056028 0.04513984 0.00925254 0.01237501 0.06035246 0.04195814 0.01083881 0.03127503 0.00891234 0.03778854 0.27340726 0.01797792 0.00506723 0.01058311 0.04099164 0.02955263 0.00279707 0.01310081 0.02145932
141 0.05391641 0.03895711 0.03643771 0.12475002 0.00748274 0.07672101 0.22851804 0.02615940 0.02840390 0.06183941 0.02964931 0.05122451 0.01823270 0.01375270 0.02058340 0.05539961 0.04257761 0.00426929 0.04281141 0.03831371
142 0.05739678 0.00741107 0.00947479 0.00418628 0.01507169 0.01725029 0.01085560 0.01072660 0.00501410 0.27124088 0.14433994 0.00933326 0.02755099 0.02741809 0.00540969 0.02439509 0.04032178 0.00124774 0.01020950 0.30114587
143 0.04811363 0.04107183 0.09332977 0.18053613 0.00954680 0.03486893 0.12513809 0.13932410 0.02702672 0.01372071 0.01820961 0.08261476 0.01107571 0.01107931 0.02104562 0.07062375 0.04042903 0.00399599 0.01045711 0.01779241
144 0.15406104 0.03845601 0.04599011 0.04102451 0.02564511 0.03475051 0.03979831 0.07177342 0.01779450 0.03225251 0.03865611 0.04080871 0.01980841 0.01790080 0.03053811 0.18444505 0.10335003 0.00483093 0.01741390 0.04070191
145 0.06101578 0.05492289 0.05213179 0.14406096 0.00612909 0.06645208 0.20882795 0.04452779 0.02841369 0.02542519 0.02975139 0.07409958 0.01439290 0.01010880 0.02972889 0.06321948 0.04207559 0.00297477 0.01372320 0.02801819
146 0.13322606 0.06327513 0.03335652 0.04505872 0.01797071 0.10573505 0.09049794 0.03349612 0.03334622 0.03040461 0.04585372 0.07229393 0.01843791 0.01602661 0.04662902 0.09759365 0.05694373 0.00484813 0.01785731 0.03714892
147 0.05416489 0.16134096 0.04233169 0.03394969 0.00977292 0.10308097 0.08770908 0.01765640 0.03857509 0.01801740 0.03527919 0.18561595 0.01668660 0.00913621 0.03250769 0.06409928 0.04514039 0.00483423 0.01376290 0.02633849
148 0.11134000 0.02077380 0.03480130 0.02782950 0.00959628 0.02716640 0.03058780 0.03615980 0.01261350 0.02887510 0.04778990 0.02835730 0.03720490 0.01029210 0.34238799 0.06990040 0.08176570 0.00508592 0.00653382 0.03093850
149 0.06906590 0.08527791 0.04557760 0.05499530 0.01355640 0.10813501 0.09642551 0.02888560 0.04411950 0.03148030 0.04836860 0.09268651 0.02031760 0.02001260 0.04030800 0.07957831 0.05388330 0.00547803 0.02568050 0.03616750
150 0.03923251 0.01895681 0.01174330 0.01044200 0.01467870 0.01601060 0.01086030 0.01578420 0.03289241 0.07396402 0.16079904 0.01300810 0.04298911 0.19736505 0.00828813 0.03071441 0.02602961 0.02291861 0.17939505 0.07392802
151 0.23900105 0.02486401 0.02125930 0.02982981 0.03354311 0.02371211 0.03019571 0.09174322 0.01156170 0.04966701 0.05685971 0.02735341 0.01926980 0.01733190 0.03554991 0.13971003 0.06829792 0.00316337 0.01370930 0.06337761
152 0.02724231 0.01280470 0.00751470 0.00688140 0.02033541 0.01579041 0.00308092 0.00422456 0.05134182 0.02407951 0.10117703 0.00606550 0.02365961 0.27860009 0.00211579 0.02395731 0.01389170 0.02189571 0.31958211 0.03575941
153 0.05110691 0.02849001 0.07500062 0.23815907 0.00387834 0.05379092 0.22867107 0.04072941 0.02242131 0.01724811 0.01550110 0.05405162 0.01074420 0.00538835 0.01907911 0.06925822 0.03610681 0.00138592 0.01120820 0.01778071
154 0.13883587 0.02938737 0.05970885 0.16778985 0.01772358 0.04035906 0.12872588 0.06427584 0.01771328 0.02079348 0.02381718 0.04188466 0.01285129 0.01286099 0.03320307 0.09507141 0.05077565 0.00268791 0.01219729 0.02933747
155 0.12123992 0.03108778 0.03991807 0.03166638 0.01377719 0.01277599 0.03326198 0.42343971 0.01677609 0.01455509 0.02588948 0.03791517 0.01133769 0.01281259 0.01730179 0.08600814 0.03140578 0.00337640 0.00913727 0.02631748
156 0.02526099 0.01199710 0.00621321 0.00589984 0.01883449 0.01494140 0.00173700 0.00296100 0.05257478 0.02154479 0.09204147 0.00468214 0.02242949 0.29201891 0.00140923 0.02256719 0.01187660 0.02451579 0.33246889 0.03402569
157 0.11325599 0.09634579 0.05106160 0.13017899 0.01187750 0.04751450 0.10496799 0.07389119 0.02223710 0.01910700 0.02360900 0.06559119 0.01182490 0.01939400 0.03721170 0.08316349 0.04402070 0.00467118 0.01481870 0.02525750
158 0.04933347 0.01969459 0.01151779 0.00697429 0.00956048 0.01344259 0.01255899 0.01559069 0.01301439 0.15563492 0.30777384 0.01516949 0.07865606 0.06774306 0.01330499 0.02511499 0.02998598 0.00457405 0.02431439 0.12604093
159 0.03653961 0.01396960 0.00460786 0.00160573 0.00677311 0.00561350 0.00516770 0.00647430 0.01147410 0.14429105 0.36868913 0.00498294 0.09507093 0.10655304 0.00716384 0.01372520 0.02062661 0.00541788 0.04117481 0.10007903
160 0.04684762 0.01024370 0.00713774 0.00218210 0.00910568 0.00639020 0.00624845 0.00894279 0.00657602 0.21531609 0.28992212 0.00631766 0.06644903 0.05454022 0.00701178 0.01502661 0.02683681 0.00235625 0.01041600 0.20213309
161 0.04511820 0.23640498 0.04499250 0.02351970 0.01230030 0.05885639 0.05339429 0.03345140 0.03241730 0.02018960 0.04404230 0.19204298 0.01975750 0.01576640 0.01921560 0.05722289 0.03833580 0.00667860 0.01865530 0.02763800
162 0.04738101 0.00600320 0.00673566 0.00104519 0.01020960 0.00466086 0.00409649 0.00808521 0.00410300 0.25934608 0.24040407 0.00419481 0.04636561 0.04358071 0.00458126 0.01167260 0.02639241 0.00143867 0.00638144 0.26332208
163 0.04997306 0.01856329 0.01132019 0.00672116 0.00986478 0.01283559 0.01215239 0.01521039 0.01244899 0.15582989 0.31076778 0.01426659 0.07923994 0.06815595 0.01321119 0.02590268 0.02985018 0.00468946 0.02316358 0.12583291
164 0.04932216 0.00888836 0.00574678 0.00246422 0.01127689 0.00762426 0.00543292 0.00875000 0.00895995 0.20474085 0.23842683 0.00546695 0.06717465 0.06730995 0.00500662 0.02327228 0.04112947 0.00382113 0.04279487 0.19239086
165 0.05056483 0.00499251 0.00790549 0.00176109 0.01187011 0.00555838 0.00480187 0.00916486 0.00386252 0.27599418 0.19805113 0.00509938 0.03089302 0.03810712 0.00455386 0.01253991 0.02751072 0.00116204 0.00716678 0.29844019
166 0.02509189 0.01191189 0.00658979 0.00590288 0.01889899 0.01540929 0.00174432 0.00296661 0.05435607 0.02156679 0.08979686 0.00461877 0.02232149 0.28775386 0.00145300 0.02312419 0.01174619 0.02481649 0.33648084 0.03344978
167 0.10041603 0.01130130 0.01120060 0.00964296 0.01983171 0.01241210 0.01254270 0.02059201 0.00620455 0.21855407 0.15579105 0.01035420 0.03517621 0.03058681 0.01247220 0.05025842 0.04696692 0.00228066 0.01054540 0.22287007
168 0.04495572 0.23531911 0.04618262 0.02577701 0.01224091 0.05860393 0.05442673 0.03524432 0.03248411 0.01964951 0.04313012 0.19075609 0.01932561 0.01515501 0.01910851 0.05766953 0.03798432 0.00625864 0.01847911 0.02724911
169 0.02643811 0.01198610 0.00568567 0.00577438 0.01863790 0.01348680 0.00204812 0.00332771 0.04657621 0.02889331 0.11535203 0.00463131 0.02707651 0.28790107 0.00164318 0.02138090 0.01311020 0.02135350 0.30550007 0.03919691
170 0.11583391 0.02824208 0.03676527 0.03213598 0.01173589 0.03272698 0.04020307 0.04124427 0.01585239 0.02366818 0.03798397 0.03704517 0.01717999 0.00976418 0.31517477 0.08008024 0.08232214 0.00529035 0.00750629 0.02924488
171 0.03942559 0.01981919 0.01182710 0.01128580 0.01442850 0.01624370 0.01143730 0.01727640 0.03211429 0.07413638 0.16030996 0.01342190 0.04236599 0.19512695 0.00904987 0.03118839 0.02639089 0.02344529 0.17607895 0.07462758
172 0.04418982 0.23593213 0.04124452 0.01913961 0.01029321 0.09205385 0.06791724 0.01479651 0.04063692 0.01563751 0.03113662 0.20176311 0.01550361 0.00814412 0.02225811 0.05886843 0.03919562 0.00377305 0.01413401 0.02338201
173 0.12946003 0.03201361 0.03413881 0.03593311 0.01381500 0.03625341 0.04261001 0.04907511 0.01258200 0.01899990 0.02610471 0.03558551 0.01311170 0.01043590 0.28858206 0.12727903 0.05405161 0.00627657 0.00802522 0.02566671
174 0.04401139 0.01568850 0.01053410 0.00522918 0.00948697 0.01036320 0.00984795 0.01073970 0.01467080 0.13143097 0.28702193 0.00970753 0.07698188 0.11327097 0.00818687 0.02772959 0.04317959 0.00693734 0.05701759 0.10796397
175 0.05204254 0.00234497 0.00832545 0.00158351 0.01303451 0.00479948 0.00390407 0.00885115 0.00245975 0.30669422 0.15665011 0.00410566 0.01546011 0.02992802 0.00311435 0.01148061 0.02797052 0.00050518 0.00497253 0.34177325
176 0.06413938 0.06956058 0.03867029 0.10862197 0.00505488 0.11161197 0.20584395 0.02383089 0.03459329 0.02523429 0.02770109 0.08454458 0.01262510 0.00897699 0.03305079 0.06631758 0.03866809 0.00291199 0.01528980 0.02275249
177 0.10690400 0.03311060 0.03491350 0.03561940 0.01114120 0.04113420 0.04749700 0.04253820 0.01857000 0.02593130 0.05006310 0.04314880 0.01763490 0.01270810 0.29928201 0.07873640 0.05386580 0.00575063 0.00951624 0.03193460
178 0.05242927 0.01219389 0.01170539 0.00527632 0.01322039 0.01316309 0.01278209 0.01151669 0.00670102 0.26227484 0.16172090 0.02240539 0.03079218 0.03090908 0.00716385 0.02231959 0.03567328 0.00267043 0.00949349 0.27558883
179 0.05685275 0.00267263 0.00809564 0.00182353 0.01367329 0.00522045 0.00400335 0.00929321 0.00244288 0.29979074 0.15611387 0.00412997 0.01899258 0.02918217 0.00336657 0.01486479 0.03169607 0.00054716 0.00570665 0.33153172
