1 0.04413981 0.00463695 0.00608515 0.00216155 0.01043820 0.00540977 0.00385808 0.00742365 0.00227673 0.26928205 0.20280203 0.00538547 0.04677991 0.03656181 0.00548146 0.01525210 0.04127521 0.00206992 0.01171510 0.27696505
2 0.07248222 0.03539871 0.02204440 0.01725730 0.01054370 0.03441101 0.04200061 0.04871411 0.01317750 0.02143010 0.03433911 0.02392621 0.01170600 0.01075520 0.41360209 0.08877492 0.05757931 0.00399218 0.01169830 0.02616701
3 0.06519430 0.02152400 0.08122591 0.12401701 0.00443639 0.03630330 0.05676150 0.42758103 0.01815780 0.00865348 0.01175000 0.03438160 0.00377106 0.01276040 0.00910629 0.05438160 0.01443060 0.00209239 0.00498857 0.00848275
4 0.06585079 0.01496190 0.01293190 0.01122210 0.01232030 0.01219050 0.01487730 0.01550240 0.00809995 0.21885098 0.15723599 0.01843580 0.04149680 0.03428370 0.01199490 0.03559800 0.04978830 0.00418243 0.01418200 0.24599398
5 0.24853792 0.07771378 0.02741759 0.01878689 0.01027060 0.04818539 0.04792379 0.03437639 0.04457059 0.03991809 0.03069439 0.11997396 0.01499120 0.01742179 0.03294109 0.08223137 0.04866528 0.00491985 0.00914486 0.04131519
6 0.06229951 0.02219630 0.06788791 0.16170503 0.01151450 0.04684961 0.12076403 0.03140321 0.02649801 0.08715162 0.04134751 0.03358541 0.02064180 0.02217730 0.01364970 0.06541621 0.08369602 0.00620299 0.01002680 0.06498651
7 0.16363908 0.04028302 0.03661392 0.02902611 0.02385401 0.02706641 0.03579652 0.07411264 0.01719351 0.02901131 0.03053992 0.03263612 0.01798991 0.01403491 0.03412912 0.23809212 0.08804924 0.00726649 0.01677291 0.04389272
8 0.04037207 0.01132109 0.00827849 0.00234545 0.00827407 0.00713473 0.00844275 0.01030189 0.00384186 0.23331185 0.25754484 0.00531483 0.08739114 0.03113878 0.00782526 0.02060219 0.04250377 0.00207639 0.00953366 0.20244487
9 0.04411030 0.08248561 0.02528270 0.12128801 0.00225768 0.08712561 0.26091702 0.01583250 0.01558980 0.02698970 0.03257420 0.15880901 0.00417155 0.00883579 0.01171080 0.04492870 0.02265860 0.00169359 0.00631321 0.02642560
10 0.01708290 0.01466310 0.00443372 0.00314437 0.00454246 0.00637892 0.00680480 0.00570810 0.04468581 0.02570820 0.03762231 0.00939511 0.00430973 0.31120005 0.00697614 0.02128170 0.02241860 0.01183120 0.42355006 0.01826270
11 0.02994752 0.04999763 0.01575381 0.01016521 0.01241471 0.01777821 0.01673161 0.01089461 0.04620263 0.04254643 0.07913606 0.05751534 0.01251511 0.21331315 0.01350681 0.02037511 0.01764551 0.03803133 0.25712718 0.03840203
12 0.03437079 0.02169979 0.01661739 0.01159200 0.01137600 0.01731269 0.01550679 0.01693069 0.02726319 0.07432608 0.14698395 0.02357919 0.02485909 0.23225392 0.00905093 0.02591749 0.02578799 0.02135229 0.17600194 0.06721778
13 0.03282409 0.04983509 0.14599397 0.22806296 0.00689285 0.05924649 0.10727598 0.07634899 0.02252380 0.01183620 0.01901170 0.10464898 0.00247324 0.01255040 0.01813130 0.04845769 0.02527760 0.00166069 0.00856811 0.01837990
14 0.03573369 0.05120559 0.05291288 0.22295594 0.00403661 0.06666508 0.24702593 0.02495339 0.01593850 0.02056889 0.02691729 0.11696597 0.00163517 0.00412579 0.01172990 0.04624569 0.02064739 0.00111627 0.00613435 0.02248569
15 0.07417521 0.21878904 0.04034101 0.02760711 0.01386840 0.05961051 0.05148541 0.03342081 0.03061171 0.02523331 0.03743681 0.15371503 0.02101580 0.02182610 0.02529761 0.06321821 0.03848881 0.01547340 0.01876810 0.02961761
16 0.07581909 0.02298940 0.09401229 0.07070309 0.00570251 0.03220920 0.03293030 0.47322593 0.02096580 0.00934553 0.01125520 0.02697930 0.00481080 0.01305500 0.00947956 0.06041769 0.01948820 0.00193508 0.00517849 0.00949757
17 0.04816848 0.00395748 0.00636802 0.00276754 0.01063050 0.00644196 0.00331953 0.00842019 0.00213379 0.29048190 0.17050194 0.00476986 0.04198259 0.02303789 0.00523663 0.01658389 0.04521109 0.00137444 0.00839039 0.30022190
18 0.04488385 0.16628181 0.02316447 0.05486874 0.00113729 0.11064987 0.17570179 0.01000499 0.01444898 0.02104998 0.02857227 0.23226073 0.00468758 0.01190149 0.00811873 0.03583106 0.02933727 0.00132552 0.00436282 0.02141077
19 0.05355074 0.05944424 0.03570642 0.12166308 0.00322349 0.11137507 0.27034518 0.01948611 0.02077091 0.03678012 0.03188102 0.10036307 0.00537636 0.01254481 0.01502961 0.04244453 0.02513092 0.00200056 0.00796394 0.02491982
20 0.02896950 0.02351790 0.01303010 0.00195083 0.00425057 0.00767849 0.01508260 0.01396220 0.00413175 0.15090399 0.38598197 0.00468827 0.15028199 0.01827880 0.02579810 0.02708180 0.03499370 0.00186102 0.00732755 0.08022889
21 0.16203205 0.04012141 0.03747421 0.02953711 0.02342341 0.02639461 0.03512191 0.07379192 0.01738991 0.02895261 0.03123221 0.03253211 0.01809331 0.01370860 0.03409011 0.23910207 0.08922693 0.00754379 0.01626741 0.04396431
22 0.03865724 0.01681312 0.01098841 0.00836335 0.00901896 0.01050941 0.01779332 0.01144831 0.00721861 0.15719017 0.32193834 0.01420192 0.08071349 0.07484658 0.01058941 0.02272902 0.03081323 0.00514585 0.02464413 0.12637714
23 0.05327275 0.23542922 0.04841185 0.02451232 0.00210594 0.10836010 0.06552116 0.01052471 0.02155132 0.01102981 0.01968272 0.27553926 0.00982543 0.01232651 0.00784447 0.02904093 0.04313184 0.00195851 0.00558155 0.01434961
24 0.11431099 0.02198670 0.04095900 0.03628980 0.00812197 0.01957920 0.02635970 0.53012494 0.01331960 0.01349220 0.01388430 0.01603100 0.00654591 0.01101550 0.01245610 0.07413779 0.01949670 0.00381505 0.00425829 0.01381530
25 0.05428946 0.01275979 0.01208959 0.00966957 0.01131609 0.01376109 0.01605149 0.01362629 0.00827212 0.23919084 0.18783887 0.01238689 0.04932227 0.03710397 0.00910947 0.02557118 0.04393387 0.00345839 0.01673489 0.22351385
26 0.29603222 0.02530672 0.02360732 0.01357931 0.03317272 0.01306361 0.02002631 0.10477708 0.01047221 0.01586431 0.01656751 0.01621441 0.01018271 0.00487184 0.02013781 0.24488518 0.08011246 0.00344162 0.00831691 0.03936773
27 0.05910714 0.01835118 0.01513098 0.00755766 0.01635708 0.01353599 0.01962678 0.02109008 0.01181349 0.12043687 0.17547882 0.01958318 0.08600111 0.08741781 0.00830009 0.05809954 0.10344089 0.00897976 0.02723667 0.12245487
28 0.06273152 0.04620432 0.05255312 0.14650705 0.00620758 0.06283062 0.23688708 0.03632321 0.02482361 0.03105291 0.03776931 0.07547973 0.01047050 0.01270760 0.02136061 0.05252672 0.03835051 0.00427548 0.01329340 0.02764511
29 0.04475478 0.00263738 0.00541554 0.00128266 0.01044070 0.00512520 0.00182677 0.00713318 0.00108842 0.29558289 0.18345693 0.00298346 0.04345108 0.02411929 0.00418144 0.01359139 0.04285178 0.00114105 0.00848717 0.30044889
30 0.07111665 0.03691017 0.03015118 0.05828336 0.00791229 0.05485206 0.14781390 0.02770298 0.03245608 0.11643192 0.05882746 0.04482907 0.03203338 0.02159839 0.01970819 0.11094292 0.05565736 0.00765217 0.01173329 0.05338716
31 0.11508497 0.02202539 0.04022949 0.03581769 0.00844948 0.01921510 0.02595729 0.52826386 0.01329410 0.01379350 0.01378670 0.01572970 0.00671735 0.01111900 0.01359610 0.07430468 0.01997889 0.00381881 0.00421102 0.01460690
32 0.04384034 0.00637987 0.00665747 0.00283120 0.01027611 0.00599954 0.00583402 0.00793265 0.00292267 0.24847924 0.22277722 0.00676896 0.05182045 0.04531894 0.00625318 0.01699982 0.04017304 0.00273093 0.01433811 0.25166625
33 0.03426550 0.00875630 0.00648684 0.00141151 0.00832109 0.00571296 0.00665371 0.00742868 0.00213334 0.22504503 0.29837604 0.00440042 0.07790801 0.05301911 0.00635903 0.01449800 0.03186760 0.00211149 0.01450930 0.19073602
34 0.08665765 0.14822592 0.03526368 0.02133939 0.01188219 0.05560437 0.03838738 0.04334848 0.02458499 0.01853989 0.01747339 0.06237627 0.00963362 0.01123899 0.15755991 0.18375790 0.02844128 0.01121299 0.00956402 0.02490769
35 0.01749382 0.01441091 0.00506115 0.00355639 0.00534540 0.00658231 0.00726438 0.00599753 0.04107864 0.03060833 0.04834164 0.00975515 0.00586465 0.31801229 0.00672459 0.02042862 0.02312782 0.01248421 0.39577636 0.02208582
36 0.09217582 0.06457971 0.06937041 0.04764061 0.01052990 0.04219421 0.06088651 0.04228581 0.10805902 0.03914971 0.04051261 0.06246601 0.01786270 0.05472511 0.02372380 0.06574861 0.03497431 0.01336480 0.07265101 0.03709931
37 0.16113915 0.02768643 0.03631863 0.01337001 0.02568412 0.01726182 0.02318802 0.04399524 0.00972149 0.02590492 0.02721643 0.01831422 0.02068882 0.00828523 0.01901732 0.27548826 0.18686717 0.00546988 0.01316301 0.04121984
38 0.03189378 0.02472648 0.01567729 0.01017949 0.00856822 0.01274159 0.01706759 0.01110019 0.04597547 0.03826447 0.06098126 0.02005319 0.01073999 0.22673683 0.01166109 0.03357908 0.02534018 0.01813059 0.34453675 0.03204648
39 0.06806315 0.14421210 0.06488835 0.02453202 0.01034951 0.03210672 0.04526493 0.02499372 0.14224110 0.02443652 0.02329792 0.07346735 0.01698781 0.02120981 0.03175952 0.13710510 0.02757272 0.01204611 0.03532962 0.04013593
40 0.01752230 0.01471640 0.00481520 0.00333223 0.00530747 0.00658079 0.00732174 0.00610321 0.04106930 0.03026250 0.04694919 0.00985791 0.00559458 0.31896896 0.00682789 0.02023220 0.02337110 0.01202080 0.39734095 0.02180530
41 0.06026441 0.16255901 0.05041890 0.05128440 0.00352832 0.11782501 0.09689271 0.01870620 0.02341040 0.02197830 0.02703010 0.21830202 0.00923008 0.01673310 0.01342120 0.03951920 0.03742810 0.00252811 0.00744520 0.02149520
42 0.30420704 0.02342830 0.02250100 0.01398620 0.03137170 0.00870656 0.01525470 0.22190403 0.00567003 0.00936844 0.01070350 0.01036390 0.00660982 0.00386323 0.01489920 0.21728903 0.04843701 0.00279082 0.00368966 0.02495580
43 0.03220471 0.02381301 0.01081350 0.00713080 0.01172640 0.01079960 0.01567860 0.00758733 0.02973951 0.08266412 0.20423805 0.02322211 0.02827371 0.16303304 0.00903033 0.01880960 0.02036390 0.02213651 0.20634705 0.07238812
44 0.03692679 0.00808762 0.00661218 0.00257051 0.00944595 0.00555526 0.00736730 0.00704353 0.00303994 0.21375293 0.28222190 0.00691283 0.06520118 0.06710858 0.00645398 0.01556129 0.03287049 0.00332155 0.01842529 0.20152093
45 0.03613159 0.02134050 0.01051130 0.00960069 0.01065850 0.02771739 0.05486489 0.00763739 0.01659920 0.10661498 0.27730295 0.03348859 0.04212139 0.15151397 0.00925251 0.01620950 0.01694790 0.01119050 0.05624009 0.08405618
46 0.03872358 0.01721419 0.01116009 0.00798886 0.00864772 0.01048509 0.01781099 0.01225879 0.00734652 0.15763092 0.32146184 0.01411209 0.08064616 0.07430196 0.01081289 0.02252219 0.03093248 0.00534691 0.02432979 0.12626694
47 0.07567243 0.08357253 0.05901292 0.07459213 0.00928493 0.12181004 0.09510783 0.04215162 0.02759801 0.04018271 0.03769041 0.10257804 0.01368320 0.02553661 0.03155171 0.06462222 0.03929021 0.00571811 0.01510521 0.03523911
48 0.13905494 0.01543859 0.01394309 0.01079840 0.01626559 0.01378949 0.01463579 0.02717539 0.01069990 0.17629892 0.10772195 0.01812799 0.03245979 0.02009009 0.01864049 0.06508837 0.06334917 0.00334605 0.00918409 0.22389190
49 0.15482704 0.07094992 0.03514991 0.01792240 0.01878511 0.02130241 0.02942961 0.10953003 0.01178240 0.01923541 0.01738120 0.03251381 0.01172960 0.00787948 0.02999391 0.24335907 0.12647503 0.00937848 0.00665707 0.02571811
50 0.04249539 0.01327720 0.09117317 0.31609291 0.00740968 0.04179439 0.25908193 0.03174399 0.02328829 0.01786210 0.02360159 0.04344539 0.00118729 0.00180238 0.00823365 0.02880019 0.02919469 0.00076189 0.00726249 0.01149140
51 0.04809172 0.00400300 0.00637886 0.00268810 0.01069101 0.00633662 0.00340235 0.00829135 0.00194967 0.29050815 0.17067609 0.00476898 0.04202982 0.02292421 0.00512770 0.01665421 0.04552662 0.00133972 0.00845664 0.30015515
52 0.23918402 0.05394820 0.03614710 0.02286680 0.01055870 0.04391620 0.04419510 0.03433380 0.11403501 0.05568870 0.03765080 0.06051430 0.01584670 0.03023560 0.03433860 0.06374560 0.03059040 0.00839873 0.02620920 0.03759640
53 0.05474200 0.01254730 0.01236780 0.00987686 0.01153160 0.01414430 0.01702100 0.01341340 0.00812101 0.23953502 0.18645901 0.01245090 0.04899390 0.03677200 0.00942052 0.02584550 0.04410780 0.00327023 0.01619880 0.22318102
54 0.16672591 0.03951168 0.13078393 0.06241347 0.01830439 0.03854328 0.05558087 0.08144586 0.03174568 0.02566799 0.02691269 0.04662408 0.01230809 0.01670609 0.01811719 0.11267294 0.06064197 0.00498882 0.01418519 0.03611988
55 0.25690400 0.03487860 0.02646460 0.02138770 0.02612640 0.02476110 0.03408140 0.09715370 0.02201300 0.04570310 0.04134540 0.03302730 0.01664460 0.01561390 0.02681890 0.13643900 0.06222810 0.00643311 0.01233980 0.05963630
56 0.04231701 0.00418946 0.00565908 0.00140034 0.01000730 0.00516000 0.00312919 0.00705811 0.00142787 0.27538408 0.21188106 0.00367911 0.05087592 0.03457151 0.00469453 0.01393750 0.04016901 0.00155591 0.01074890 0.27215408
57 0.16555094 0.04013848 0.03769809 0.02992989 0.02415849 0.02623409 0.03555149 0.07285477 0.01757719 0.02823169 0.03099099 0.03237079 0.01823389 0.01371979 0.03407729 0.23753191 0.08793317 0.00742218 0.01638479 0.04341008
58 0.13632790 0.02294158 0.02601658 0.01186269 0.01987119 0.01571759 0.01996889 0.02463718 0.01613099 0.02515428 0.03224588 0.01588229 0.02232428 0.04244707 0.01629709 0.25027482 0.16754988 0.00708730 0.08913674 0.03812577
59 0.03687631 0.01370340 0.00902397 0.00226283 0.00700473 0.00680973 0.00934000 0.01090440 0.00389007 0.21949608 0.28335910 0.00474776 0.10492504 0.02824681 0.00889447 0.02165281 0.04160361 0.00197496 0.00838583 0.17689806
60 0.06694059 0.15198097 0.04939899 0.05279669 0.00658703 0.07353718 0.08010918 0.02676249 0.02803219 0.02382919 0.03341299 0.20342196 0.01268350 0.02227550 0.01897230 0.05328389 0.03903689 0.00721409 0.01580970 0.03391469
61 0.06014867 0.01118739 0.01892159 0.00834688 0.01328309 0.01197739 0.01244259 0.02058599 0.00993573 0.16080492 0.14112093 0.01613409 0.03832008 0.10080395 0.00748427 0.04203648 0.08656836 0.00719952 0.03893218 0.19376590
62 0.05566377 0.20369188 0.04719837 0.03433258 0.00224410 0.11079493 0.08149825 0.01237379 0.02104569 0.01462739 0.02283839 0.26687084 0.00884146 0.01311869 0.00865789 0.03097808 0.04130178 0.00167356 0.00542997 0.01681859
63 0.05408852 0.01258620 0.01212820 0.01043620 0.01168110 0.01444320 0.01756151 0.01353330 0.00834536 0.23831307 0.18714406 0.01274690 0.04863952 0.03770991 0.00885351 0.02557901 0.04359031 0.00347692 0.01674411 0.22239907
64 0.05448782 0.02270081 0.14261706 0.05588472 0.01292261 0.03948882 0.05006712 0.03224331 0.02988721 0.12356805 0.08086753 0.02721691 0.02682731 0.04219522 0.01523941 0.05959622 0.06801173 0.00651351 0.02129431 0.08837033
65 0.08051576 0.02221409 0.11530594 0.05892487 0.01320549 0.03108578 0.05639237 0.09527785 0.02479739 0.04755298 0.09957125 0.02623839 0.03247848 0.01446549 0.02272519 0.09175685 0.10951394 0.00378901 0.01101409 0.04317478
66 0.04373544 0.02249362 0.07755827 0.27660125 0.00610453 0.05118585 0.26793824 0.03091703 0.02169742 0.01979602 0.02373352 0.05635415 0.00181959 0.00279506 0.01007651 0.03501433 0.02857483 0.00110128 0.00699436 0.01550871
67 0.04090358 0.02339149 0.08084706 0.27410987 0.00719515 0.04794078 0.24531988 0.03164378 0.02173109 0.02062639 0.03791898 0.06262447 0.00281686 0.00399619 0.01295049 0.03063519 0.02719399 0.00127202 0.00907696 0.01780579
68 0.34467403 0.02026070 0.01984930 0.00982089 0.03680190 0.00640901 0.01264080 0.21596702 0.00470063 0.00751511 0.00896526 0.00752231 0.00518365 0.00300691 0.01117400 0.21085102 0.04539630 0.00187320 0.00304285 0.02434510
69 0.11251191 0.03388027 0.04568166 0.02297848 0.02172268 0.02465898 0.03966877 0.03728697 0.01430769 0.06944714 0.06363255 0.03348477 0.03297657 0.02174908 0.02791478 0.13192989 0.16105587 0.00769760 0.01735189 0.08006244
70 0.04335127 0.00646325 0.00690479 0.00176948 0.00917958 0.00556039 0.00421007 0.00907947 0.00182812 0.26542880 0.21262884 0.00364493 0.06457285 0.02665988 0.00604720 0.01761849 0.04481527 0.00175011 0.00831841 0.26016881
71 0.05050019 0.18840897 0.05662059 0.04526019 0.00340012 0.10149798 0.08132119 0.01817590 0.02056060 0.01332520 0.01726620 0.22105497 0.00723059 0.01120040 0.02308500 0.07785909 0.03597459 0.00274450 0.00553174 0.01898200
72 0.04149650 0.08916960 0.03075330 0.14485800 0.00285877 0.06923650 0.20993301 0.02349660 0.01817500 0.02469690 0.02122650 0.12801100 0.00389568 0.00569738 0.01850590 0.10705000 0.02076940 0.00286142 0.00519212 0.03211640
73 0.06205460 0.04629280 0.05258750 0.14575699 0.00596731 0.06279740 0.23690399 0.03605960 0.02478940 0.03135490 0.03770410 0.07503960 0.01108530 0.01263470 0.02339010 0.05218670 0.03847100 0.00434183 0.01324290 0.02733930
74 0.11682996 0.05159488 0.03341709 0.05497258 0.01020580 0.03719319 0.11816796 0.05045018 0.02227849 0.02227419 0.01845289 0.05106368 0.01588879 0.00679449 0.03675069 0.23706992 0.06771818 0.00774663 0.01113530 0.02999509
75 0.02437030 0.00756403 0.00519588 0.00298305 0.01039020 0.00579836 0.01083700 0.00372414 0.00824396 0.12217698 0.34339395 0.01218030 0.05254479 0.18408097 0.00348994 0.01083470 0.01350600 0.01124360 0.06285489 0.10458698
76 0.25821901 0.03542830 0.02569640 0.02105760 0.02627680 0.02527070 0.03376820 0.09522510 0.02276970 0.04562390 0.04100940 0.03290920 0.01639420 0.01536490 0.02751760 0.13650201 0.06297390 0.00615835 0.01276660 0.05906810
77 0.03749419 0.00839472 0.00666252 0.00262852 0.00938416 0.00572739 0.00747671 0.00726607 0.00313518 0.21340596 0.28039195 0.00703790 0.06503549 0.06623139 0.00648774 0.01584920 0.03307839 0.00347408 0.01857250 0.20226596
78 0.04998720 0.03658920 0.10027000 0.19663201 0.00771318 0.10537100 0.14194100 0.04065040 0.02369000 0.02532130 0.01957510 0.06147940 0.00734257 0.01461080 0.01674790 0.05715700 0.06109600 0.00290445 0.00676747 0.02415400
79 0.28085789 0.01883929 0.02210189 0.00875422 0.03322189 0.00727948 0.01955949 0.06371407 0.00643227 0.01594189 0.01907349 0.01256629 0.01282549 0.00358631 0.01008180 0.26663289 0.14027194 0.00229422 0.01002780 0.04593738
80 0.26723997 0.02278180 0.01900960 0.01179320 0.16469298 0.01325420 0.00788887 0.08089609 0.00782936 0.01167470 0.01480710 0.00915177 0.01925740 0.00740035 0.01150500 0.20622598 0.08534959 0.00259975 0.00596501 0.03067730
81 0.03904688 0.07566456 0.07292566 0.17752791 0.00476760 0.06839777 0.14962192 0.04257128 0.01838509 0.01899719 0.02542999 0.14910092 0.00401840 0.01226499 0.01790039 0.05899397 0.02231369 0.00391716 0.00845675 0.02969788
82 0.05446122 0.00374618 0.00721789 0.00236049 0.01133370 0.00582512 0.00411446 0.01235320 0.00189352 0.27912708 0.15741205 0.00377823 0.04366011 0.01904801 0.00473245 0.02476971 0.06361792 0.00136800 0.00735757 0.29182308
83 0.01624531 0.01317661 0.00378109 0.00291160 0.00442640 0.00581531 0.00642940 0.00570505 0.04158512 0.02629401 0.03653522 0.00826130 0.00420176 0.32909215 0.00646240 0.02049301 0.02399631 0.00997342 0.41637620 0.01823831
84 0.09498947 0.07212548 0.06653988 0.05972818 0.00793522 0.12009197 0.07843698 0.03337349 0.08075548 0.04318349 0.03866439 0.08621447 0.01412470 0.03292549 0.02310909 0.05485838 0.03387449 0.00651577 0.02597089 0.02658269
85 0.07781786 0.03022212 0.06699765 0.15691213 0.04456494 0.03528053 0.18494515 0.03820313 0.02669142 0.03115033 0.04472784 0.03595313 0.01531661 0.01780501 0.02413972 0.06323545 0.05232464 0.00659930 0.01892132 0.02819172
86 0.03707822 0.00790116 0.00657758 0.00231450 0.00935665 0.00550252 0.00697510 0.00716590 0.00298877 0.21557711 0.28107314 0.00660762 0.06500643 0.06625933 0.00615049 0.01557101 0.03295612 0.00319920 0.01827301 0.20346610
87 0.04759809 0.00293317 0.00595487 0.00217103 0.01059750 0.00594218 0.00226675 0.00796238 0.00149497 0.30011793 0.16486296 0.00392105 0.04012619 0.01874260 0.00459266 0.01522130 0.04530029 0.00105449 0.00722367 0.31191593
88 0.07513779 0.20833099 0.04263630 0.01601800 0.01601680 0.06295980 0.04071220 0.02388960 0.02279280 0.02071700 0.02819690 0.16543399 0.01977060 0.01495010 0.01814480 0.07873669 0.09938149 0.00945997 0.01140890 0.02530530
89 0.10395805 0.02781971 0.02441021 0.01798591 0.01801541 0.02030051 0.02798111 0.03719152 0.01497591 0.08014064 0.14825307 0.02246821 0.05173192 0.02424941 0.02436111 0.16573708 0.08970424 0.00580102 0.01764931 0.07726564
90 0.04315899 0.03502149 0.05873829 0.23692794 0.00405412 0.09114118 0.25357394 0.02511389 0.01980190 0.02736329 0.02298499 0.07458068 0.00231537 0.00540385 0.00874894 0.03941079 0.02325499 0.00092973 0.00519563 0.02227999
91 0.04789423 0.00395021 0.00636579 0.00277063 0.01063551 0.00657449 0.00320576 0.00822175 0.00217505 0.29056416 0.17147910 0.00469032 0.04166402 0.02354471 0.00509010 0.01626751 0.04487673 0.00141319 0.00880055 0.29981617
92 0.03883250 0.00707791 0.00646864 0.00133710 0.00919294 0.00585659 0.00514685 0.00758855 0.00195144 0.25313799 0.25312199 0.00397335 0.06624360 0.03991730 0.00577044 0.01447220 0.03624200 0.00172553 0.01209210 0.22985099
93 0.06669302 0.15322706 0.04892922 0.05068352 0.00649725 0.07406793 0.07953193 0.02596021 0.02803401 0.02397461 0.03375311 0.20483707 0.01307410 0.02280841 0.01914471 0.05225522 0.03979311 0.00684099 0.01567811 0.03421641
94 0.04319782 0.00337015 0.00562079 0.00122664 0.01015970 0.00529627 0.00234110 0.00702583 0.00113238 0.28934014 0.19666309 0.00284369 0.04758422 0.02691441 0.00446092 0.01350271 0.04121422 0.00122121 0.00913154 0.28775314
95 0.04378180 0.06145799 0.17505998 0.05860589 0.00741075 0.10837699 0.04230310 0.04683619 0.03067190 0.01603790 0.01621160 0.06559239 0.00607857 0.01763390 0.10596199 0.09991209 0.06148919 0.00341929 0.01288930 0.02026920
96 0.06671068 0.15347696 0.04910659 0.05152559 0.00642936 0.07392108 0.08048848 0.02578999 0.02781219 0.02347849 0.03379279 0.20456395 0.01300650 0.02279039 0.01888900 0.05214439 0.03927459 0.00737457 0.01567220 0.03375219
97 0.04315528 0.00328162 0.00554714 0.00121106 0.01019360 0.00512285 0.00228481 0.00702291 0.00107785 0.28882388 0.19746392 0.00284413 0.04765468 0.02731189 0.00435693 0.01345939 0.04121708 0.00122554 0.00923056 0.28751488
98 0.02740160 0.01636650 0.00891531 0.00125370 0.00508417 0.00568703 0.00976206 0.00987457 0.00293353 0.15618301 0.39821702 0.00474697 0.12782801 0.05663740 0.00951126 0.01914110 0.02769950 0.00235334 0.01292900 0.09747491
99 0.03789809 0.03926989 0.24518995 0.05662589 0.00832634 0.10555998 0.03278639 0.04871049 0.03250699 0.01756480 0.01080770 0.05324269 0.00549337 0.01619150 0.02937469 0.12967197 0.10260998 0.00209322 0.00798157 0.01809450
100 0.04873249 0.07471538 0.02367939 0.10518497 0.00277287 0.09031148 0.23886894 0.01514960 0.01923110 0.03599149 0.05906679 0.15624996 0.00677039 0.01264740 0.01428750 0.03531839 0.02075229 0.00187594 0.00928315 0.02911049
101 0.06280460 0.04603040 0.05230020 0.14614000 0.00637776 0.06223060 0.23606900 0.03618120 0.02434870 0.03156520 0.03728120 0.07539420 0.01112670 0.01272430 0.02286110 0.05238220 0.03969290 0.00438374 0.01297660 0.02712940
102 0.08088179 0.10745499 0.03415200 0.03342200 0.00766841 0.03657220 0.04748209 0.01448730 0.07799149 0.04348320 0.04198900 0.14818998 0.01567870 0.04032820 0.03979920 0.05487529 0.02296220 0.01027540 0.02498460 0.11732199
103 0.03900457 0.01699209 0.01101189 0.00854881 0.00873391 0.01065029 0.01835219 0.01211719 0.00687588 0.15680088 0.32208375 0.01383909 0.08017274 0.07431544 0.01112599 0.02292918 0.03076168 0.00558794 0.02425758 0.12583890
104 0.30029100 0.02286610 0.02221880 0.01384810 0.03059580 0.00877928 0.01509400 0.25271300 0.00579134 0.00906043 0.01008150 0.00947406 0.00619907 0.00400550 0.01343100 0.20275900 0.04384290 0.00270443 0.00329698 0.02294770
105 0.18361986 0.03209358 0.03629037 0.08771164 0.00665050 0.05295916 0.20790085 0.03732397 0.02638228 0.03361428 0.02940728 0.05406666 0.01243399 0.00982439 0.01931899 0.06365465 0.06473055 0.00378599 0.00943074 0.02880028
106 0.04372151 0.02249940 0.07745912 0.27675406 0.00614758 0.05143611 0.26942906 0.02967531 0.02177130 0.02011420 0.02342831 0.05606831 0.00193162 0.00255973 0.00989539 0.03482891 0.02853941 0.00106089 0.00698967 0.01569010
107 0.08619188 0.06372178 0.02392269 0.03654799 0.01250550 0.05447709 0.07517108 0.01647330 0.03332709 0.11641397 0.08759858 0.10612297 0.02294569 0.04448779 0.02328979 0.04247569 0.03188529 0.00697017 0.02265519 0.09281647
108 0.07082271 0.07205851 0.01576990 0.01756090 0.01006280 0.01619770 0.02157600 0.03848910 0.02585540 0.02652420 0.05213911 0.03267440 0.01827570 0.08952291 0.01251850 0.05339381 0.03708720 0.29396003 0.06119421 0.03431690
109 0.04479711 0.00265336 0.00541858 0.00125971 0.01035220 0.00513034 0.00185594 0.00712221 0.00103549 0.29526809 0.18400106 0.00292392 0.04353351 0.02451951 0.00411722 0.01352210 0.04273661 0.00112495 0.00846497 0.30016309
110 0.05611934 0.03017542 0.01660791 0.00810893 0.01232691 0.01518801 0.02214291 0.02078821 0.01304851 0.13818909 0.23984715 0.02023401 0.11266807 0.03743172 0.01410561 0.04914323 0.05618594 0.00757645 0.01507451 0.11503807
111 0.08702454 0.03220868 0.10798292 0.04494617 0.01590349 0.03193038 0.04086567 0.04920897 0.03298648 0.05119806 0.11641392 0.03307358 0.04380017 0.01772989 0.02143388 0.13329891 0.06748865 0.00484140 0.01698839 0.05067586
112 0.05304502 0.11411604 0.02069731 0.05134322 0.00517565 0.07294733 0.16033006 0.01759571 0.02353781 0.04559102 0.10581404 0.13036905 0.02361431 0.01983801 0.02390281 0.04054312 0.02716611 0.00738028 0.01766811 0.03932501
113 0.09235680 0.04052720 0.05983540 0.13746300 0.01440600 0.04071150 0.09171650 0.06637010 0.02274290 0.02078620 0.01832190 0.06040010 0.01103250 0.01089110 0.02130700 0.19735500 0.04536720 0.00482942 0.01108930 0.03249090
114 0.07487497 0.08297357 0.05966258 0.07573317 0.00911127 0.12255996 0.09606227 0.04073499 0.02771819 0.03997189 0.03845949 0.10245096 0.01343510 0.02530439 0.03241109 0.06351868 0.03955309 0.00569368 0.01501849 0.03475219
115 0.06514066 0.01473151 0.01341301 0.01160771 0.01212051 0.01237781 0.01533411 0.01512771 0.00836924 0.21903119 0.15648813 0.01800712 0.04124994 0.03422203 0.01178661 0.03591943 0.04952074 0.00453782 0.01419051 0.24682421
116 0.12038694 0.03871828 0.02469259 0.01529209 0.09448576 0.02971309 0.02066439 0.06542897 0.01255999 0.01807539 0.02240009 0.03167219 0.01840349 0.02627199 0.18198292 0.17981892 0.05621177 0.00653866 0.01013060 0.02655189
117 0.07500083 0.08195383 0.06028992 0.07507063 0.00883195 0.12181505 0.09635594 0.04098952 0.02764441 0.04136602 0.03785892 0.10104504 0.01407101 0.02544431 0.03199821 0.06448983 0.04030702 0.00555215 0.01456641 0.03534901
118 0.06869928 0.01306850 0.01299190 0.00594003 0.01073860 0.00843747 0.02265689 0.04726918 0.00915585 0.16486895 0.15029295 0.00892499 0.09167677 0.01791919 0.00951850 0.07089828 0.12700196 0.00515899 0.00675180 0.14802995
119 0.03952999 0.01740019 0.01087120 0.00815960 0.00898173 0.01085540 0.01782269 0.01193920 0.00738717 0.15681395 0.31954690 0.01454910 0.07942847 0.07605798 0.01075620 0.02246539 0.03051859 0.00561132 0.02540199 0.12590296
120 0.25711799 0.03515000 0.02598280 0.02231390 0.02588620 0.02514440 0.03485700 0.09522840 0.02287720 0.04466320 0.04179310 0.03299860 0.01658070 0.01557010 0.02790600 0.13615500 0.06245750 0.00702812 0.01230290 0.05798690
121 0.25753201 0.03484490 0.02616070 0.02071820 0.02648020 0.02503200 0.03348410 0.09569460 0.02231290 0.04588390 0.04124430 0.03237700 0.01654520 0.01535140 0.02717780 0.13756501 0.06301350 0.00670285 0.01220850 0.05967090
122 0.17783004 0.02474691 0.03285581 0.02556401 0.01648670 0.01558440 0.02105071 0.39553609 0.01030540 0.01111370 0.01110540 0.01468170 0.00784868 0.00747447 0.01843930 0.15073304 0.03450361 0.00397490 0.00365781 0.01650730
123 0.09189437 0.01699409 0.02892699 0.00972038 0.01315140 0.01279920 0.02602739 0.07816997 0.01189720 0.12140096 0.06745988 0.01309540 0.03801749 0.02168259 0.01130150 0.11900396 0.19981793 0.00593405 0.00751233 0.10519296
124 0.04335101 0.00594581 0.00665456 0.00170819 0.00939725 0.00552141 0.00369966 0.00881224 0.00164901 0.27138109 0.20741907 0.00348093 0.06132202 0.02554971 0.00573152 0.01688261 0.04464432 0.00154374 0.00806174 0.26724409
125 0.04478099 0.00428231 0.00614869 0.00224913 0.01045040 0.00557801 0.00377519 0.00753130 0.00204359 0.27564992 0.19477795 0.00536499 0.04549639 0.03224139 0.00533089 0.01519420 0.04200789 0.00191418 0.01060070 0.28458192
126 0.14661009 0.02189231 0.01577411 0.00780168 0.02865112 0.01279481 0.03397582 0.02842532 0.01245951 0.07195334 0.08336935 0.02084621 0.09367875 0.01314541 0.01178421 0.11718607 0.16962410 0.00669388 0.00955927 0.09377465
127 0.10152706 0.04234553 0.07124394 0.05037383 0.01443531 0.06973184 0.03570352 0.20195012 0.01943341 0.01653451 0.01802401 0.03624492 0.01039341 0.01337481 0.05515423 0.16908810 0.04286793 0.00652148 0.00742311 0.01762891
128 0.05240206 0.16181187 0.13848989 0.05665946 0.00771229 0.07134584 0.03792027 0.04415007 0.03947137 0.01376409 0.02001328 0.15164488 0.01097289 0.01805429 0.02393468 0.06577025 0.04436286 0.00573339 0.01439569 0.02139058
129 0.03299700 0.00991862 0.00708501 0.00202624 0.00819706 0.00612993 0.00832507 0.00757680 0.00284353 0.20563998 0.31889797 0.00556356 0.08259519 0.06258139 0.00676942 0.01487930 0.02974770 0.00268016 0.01691110 0.16863498
130 0.13841289 0.01507379 0.01380319 0.01096549 0.01603179 0.01388369 0.01504009 0.02688008 0.01070439 0.17708686 0.10904191 0.01820129 0.03257507 0.01982058 0.01841009 0.06455565 0.06242415 0.00329416 0.00929504 0.22449982
131 0.07478989 0.21969296 0.03966939 0.02622829 0.01395790 0.05969399 0.05128229 0.03183309 0.03098709 0.02545019 0.03613239 0.15461697 0.02079250 0.02221490 0.02554659 0.06326799 0.03958739 0.01450240 0.01975830 0.02999549
132 0.03674100 0.00784641 0.00656246 0.00232032 0.00938524 0.00537487 0.00696213 0.00730472 0.00299669 0.21525202 0.28134502 0.00659237 0.06526970 0.06643850 0.00638298 0.01533250 0.03305810 0.00325014 0.01831480 0.20327001
133 0.05134300 0.02880250 0.08967710 0.24894500 0.00881176 0.05561290 0.17745700 0.05735540 0.02469810 0.02309570 0.02467490 0.05894610 0.00498560 0.01191050 0.01458630 0.05130600 0.02966400 0.00355444 0.01077930 0.02379440
134 0.06052111 0.01201610 0.00879116 0.00487420 0.01403590 0.00948233 0.01242250 0.00786936 0.01154050 0.16663104 0.23444405 0.01421240 0.03829501 0.09128172 0.00829052 0.02375111 0.03559931 0.01051760 0.06379201 0.17163204
135 0.09630217 0.01948171 0.01353751 0.00858726 0.01200031 0.01809621 0.02183272 0.02084571 0.01385581 0.14235910 0.25081018 0.01922871 0.06083674 0.05075884 0.01356011 0.04062183 0.04603273 0.00525885 0.02066941 0.12532409
136 0.03471923 0.04443124 0.01550281 0.01381741 0.01201151 0.01277571 0.01722952 0.01409351 0.04272954 0.05432575 0.12084811 0.03714443 0.02193972 0.14888013 0.01164311 0.01925702 0.01827362 0.10349409 0.17939316 0.07749037
137 0.03936152 0.01714011 0.01109650 0.00802784 0.00886689 0.01092210 0.01819411 0.01187520 0.00727470 0.15729106 0.32051813 0.01413231 0.08054503 0.07401463 0.01081500 0.02284361 0.03102361 0.00553436 0.02426221 0.12626105
138 0.03391042 0.02250692 0.01690851 0.01209511 0.01114091 0.01738711 0.01542581 0.01703351 0.02757552 0.07399315 0.14657210 0.02438492 0.02524542 0.23109216 0.00918881 0.02641992 0.02596462 0.02126621 0.17429512 0.06759375
139 0.11525607 0.02233401 0.04109413 0.03612332 0.00843246 0.01969611 0.02610842 0.52427032 0.01331861 0.01329281 0.01425101 0.01636061 0.00693930 0.01097471 0.01383841 0.07522355 0.01997081 0.00388698 0.00463726 0.01399111
140 0.02162661 0.00476175 0.00351888 0.00138519 0.00947535 0.00328591 0.00936610 0.00239044 0.00366222 0.12971305 0.39215215 0.00874471 0.06312132 0.17055807 0.00247603 0.00885085 0.01127940 0.00690468 0.04010222 0.10662504
141 0.17796205 0.02695821 0.02243221 0.01367790 0.03740481 0.01870541 0.02687641 0.05173622 0.01512970 0.04068331 0.05871972 0.02005751 0.07737162 0.01059890 0.02128931 0.19292806 0.11300503 0.00563821 0.01135240 0.05747302
142 0.06460892 0.01406040 0.01304490 0.01104380 0.01225670 0.01181520 0.01453591 0.01512431 0.00809952 0.22068908 0.15855106 0.01757851 0.04168571 0.03395001 0.01168040 0.03623361 0.04997652 0.00418053 0.01405880 0.24682609
143 0.11529403 0.02242441 0.04075171 0.03567291 0.00843053 0.01936871 0.02617381 0.52824615 0.01330680 0.01318250 0.01359340 0.01581630 0.00682171 0.01096580 0.01325420 0.07524182 0.01932231 0.00381819 0.00437358 0.01394110
144 0.11118195 0.05923477 0.05088488 0.12251094 0.00899132 0.04448438 0.09182266 0.05160207 0.01781509 0.01946069 0.01810779 0.11078595 0.00775387 0.01171829 0.02496749 0.16360492 0.03428408 0.00541473 0.00787657 0.03749758
145 0.30327702 0.02344280 0.02278810 0.01390560 0.03169310 0.00869455 0.01542060 0.22250902 0.00602134 0.00938112 0.01048960 0.01069160 0.00665968 0.00387349 0.01457340 0.21672102 0.04853620 0.00270911 0.00368873 0.02492390
146 0.03697503 0.00557683 0.00571790 0.00112590 0.00923821 0.00471910 0.00420318 0.00649825 0.00146150 0.24718022 0.25966023 0.00377360 0.06223476 0.05096015 0.00501211 0.01317341 0.03440163 0.00204826 0.01398951 0.23205021
147 0.25939107 0.02753211 0.02288471 0.01429900 0.02717351 0.01250120 0.01786330 0.07770822 0.00752907 0.01217380 0.01450720 0.01618140 0.00939559 0.00352333 0.01904851 0.31455808 0.09323133 0.00289814 0.01114450 0.03645591
148 0.07903754 0.03053852 0.04639613 0.08663715 0.00753197 0.04596682 0.15125008 0.12230707 0.02914102 0.07896574 0.05021333 0.03740522 0.02276451 0.01818691 0.01875801 0.06360793 0.05513093 0.00792019 0.01171921 0.03652172
149 0.03889289 0.00679867 0.00662540 0.00148274 0.00920248 0.00617148 0.00533025 0.00765340 0.00200807 0.25348394 0.25243194 0.00391760 0.06569428 0.03968099 0.00583344 0.01441560 0.03647459 0.00173530 0.01215000 0.23001695
150 0.02894531 0.01447591 0.00826389 0.00098117 0.00562602 0.00517801 0.00772678 0.00916926 0.00205355 0.19240907 0.35546814 0.00329133 0.11676305 0.04293512 0.00890878 0.01740281 0.03086011 0.00167962 0.01027000 0.13759205
151 0.06868713 0.02795201 0.02018731 0.01657561 0.01161050 0.03040341 0.03784831 0.08949533 0.00690729 0.00947285 0.02232521 0.01558191 0.00798060 0.00566708 0.45110217 0.09846124 0.05828402 0.00372651 0.00564549 0.01208600
152 0.07430820 0.22107000 0.04020970 0.02693860 0.01370540 0.05821970 0.05117440 0.03204540 0.03115700 0.02473750 0.03724420 0.15462900 0.02121400 0.02223460 0.02495730 0.06269620 0.03930190 0.01562720 0.01988360 0.02864610
153 0.07520928 0.03530499 0.02077240 0.01813950 0.01028860 0.03425769 0.04263979 0.04907919 0.01307380 0.02107230 0.03473749 0.02443629 0.01172350 0.01016060 0.41090591 0.08880818 0.05807769 0.00386641 0.01135030 0.02609609
154 0.03191127 0.00919960 0.01387909 0.00697809 0.01328129 0.01165789 0.01446469 0.00760534 0.01225399 0.14422087 0.24324278 0.01481769 0.04007896 0.17703984 0.00616584 0.01702448 0.02442168 0.00936678 0.08312793 0.11926189
155 0.23961297 0.02284730 0.02728160 0.01628450 0.02501470 0.01593060 0.01932840 0.15704498 0.01017180 0.02960770 0.05597009 0.01275290 0.02035690 0.00754346 0.01936670 0.19498297 0.07303269 0.00399562 0.00685996 0.04201419
156 0.06161007 0.04670798 0.17552191 0.09502615 0.01180549 0.05345707 0.06890406 0.07171206 0.03969528 0.02870679 0.03054188 0.06037487 0.01189169 0.02185049 0.02169139 0.08123026 0.06500927 0.00463512 0.01844779 0.03118038
157 0.02852721 0.01234521 0.00747221 0.00095470 0.00632697 0.00436610 0.00687560 0.00763600 0.00175838 0.18503508 0.35808016 0.00381509 0.10474305 0.06105963 0.00761435 0.01546021 0.02814421 0.00224754 0.01368521 0.14385307
158 0.03395589 0.03209380 0.02791600 0.04413709 0.01069670 0.02385100 0.01770680 0.02033610 0.04425369 0.03874039 0.05536479 0.03197470 0.00943915 0.22454397 0.01260980 0.02789890 0.01929570 0.04958709 0.24086496 0.03473349
159 0.04684540 0.00215162 0.00552692 0.00149012 0.01049890 0.00543898 0.00154678 0.00753040 0.00103168 0.30634598 0.16549299 0.00266372 0.04015110 0.01704380 0.00419639 0.01412030 0.04497580 0.00085833 0.00669782 0.31539298
160 0.04627615 0.20064923 0.10121512 0.04719966 0.00262250 0.10601712 0.03647184 0.02547883 0.02215083 0.00714423 0.01390862 0.25320030 0.00745332 0.01239531 0.01310432 0.04012415 0.04509155 0.00156215 0.00500016 0.01293462
161 0.06663385 0.04170453 0.02827882 0.01828551 0.01284221 0.02060402 0.03395823 0.01569391 0.04421544 0.06514625 0.08548107 0.04429894 0.02001882 0.08698017 0.07125836 0.04730524 0.03018602 0.01718841 0.14009311 0.10982709
162 0.03131582 0.02452241 0.01538141 0.01073121 0.00805372 0.01234631 0.01725361 0.01115611 0.04566862 0.03720832 0.06064433 0.01985641 0.01049951 0.22810011 0.01142321 0.03439932 0.02572601 0.01791681 0.34623917 0.03155762
163 0.22692998 0.01961020 0.02528760 0.01847780 0.01642150 0.01138340 0.01567770 0.48135996 0.00778430 0.00728520 0.00726519 0.00744225 0.00377226 0.00671013 0.00615769 0.10550699 0.01767490 0.00195861 0.00185336 0.01144100
164 0.04669621 0.00296055 0.00588191 0.00165694 0.01050860 0.00588197 0.00219664 0.00765985 0.00134005 0.30140906 0.16996803 0.00320056 0.04154291 0.01930670 0.00444381 0.01471190 0.04459021 0.00110684 0.00746719 0.30747006
165 0.03983950 0.02113770 0.13396101 0.27944002 0.00857651 0.04905230 0.17224301 0.06408330 0.02703170 0.01636330 0.02147840 0.05041870 0.00235079 0.00919676 0.01159170 0.03840720 0.03027280 0.00146256 0.00879431 0.01429840
166 0.05324431 0.01088990 0.00958623 0.00350984 0.01022200 0.00682959 0.01481330 0.01679630 0.00595672 0.21632303 0.19648403 0.00662905 0.08862641 0.01968190 0.00798663 0.04017351 0.08461321 0.00288692 0.00769607 0.19705103
167 0.12559590 0.05341816 0.04889976 0.04909816 0.01450269 0.02794968 0.03673597 0.12934990 0.01490509 0.01297009 0.01365449 0.07780134 0.01015479 0.01174849 0.04083947 0.24257181 0.05017616 0.00782186 0.00776459 0.02404158
168 0.07146428 0.07599988 0.02918609 0.04087069 0.00913848 0.03597389 0.05647008 0.01694939 0.02991099 0.06821308 0.06559448 0.13114996 0.01815659 0.04173939 0.03533919 0.05446218 0.03262979 0.00869682 0.01551480 0.16253995
169 0.07541460 0.08199590 0.05974350 0.07405920 0.00837356 0.12156900 0.09524100 0.04152400 0.02828360 0.04115400 0.03865340 0.10192800 0.01389090 0.02575890 0.03188580 0.06407600 0.03973790 0.00561926 0.01535150 0.03574000
170 0.02873640 0.01531360 0.00723839 0.00289563 0.00950462 0.00647524 0.01225340 0.00610662 0.00795864 0.12860099 0.34415398 0.01415020 0.07373880 0.12687999 0.00617152 0.01670290 0.02174890 0.01063940 0.05566980 0.10506099
171 0.07352144 0.21891013 0.03990442 0.02694442 0.01390971 0.05959884 0.05153893 0.03250502 0.03079212 0.02504882 0.03788942 0.15645009 0.02107881 0.02250791 0.02418131 0.06131654 0.03882562 0.01549051 0.01984231 0.02974362
172 0.03256010 0.01784810 0.02237300 0.00253638 0.00578711 0.00772572 0.00996168 0.01400010 0.00488779 0.18830298 0.32962297 0.00422459 0.12776099 0.02312660 0.01151020 0.02316220 0.03435830 0.00184066 0.00780756 0.13060299
173 0.05092389 0.02877409 0.08982778 0.24867495 0.00855593 0.05556479 0.17850196 0.05794959 0.02473539 0.02296720 0.02455959 0.05889309 0.00492933 0.01198960 0.01451150 0.05091689 0.02990719 0.00398485 0.01026600 0.02356640
174 0.06225811 0.04656371 0.05238401 0.14626802 0.00612093 0.06115751 0.23547004 0.03583751 0.02458710 0.03165561 0.03770071 0.07465281 0.01171180 0.01300040 0.02312280 0.05279421 0.03919041 0.00483140 0.01303860 0.02765430
175 0.03827609 0.05625969 0.08140539 0.21611596 0.00555755 0.06333489 0.16267997 0.04712559 0.01935460 0.01869260 0.02445090 0.12121398 0.00337896 0.01029450 0.01634220 0.05472259 0.02245290 0.00349231 0.00848275 0.02636660
176 0.06372536 0.04059598 0.04046718 0.08021686 0.00914146 0.03503858 0.06621946 0.04704697 0.01384259 0.01636759 0.03016038 0.04389828 0.00776467 0.01007059 0.31756082 0.07762776 0.05042897 0.00407382 0.01091639 0.03483628
177 0.04316429 0.00631912 0.00650983 0.00297367 0.01026760 0.00602224 0.00583616 0.00790723 0.00266461 0.25094196 0.22229296 0.00662074 0.05199049 0.04490619 0.00588727 0.01614780 0.03939929 0.00256379 0.01387680 0.25370796
178 0.23602420 0.02017192 0.01803542 0.01152071 0.12918411 0.01463641 0.01019291 0.05262784 0.00973327 0.05062954 0.04122363 0.01177691 0.02310812 0.01253741 0.01395291 0.13625511 0.09513488 0.00368277 0.00977844 0.09979348
179 0.04906257 0.05444566 0.03252658 0.12708591 0.00274569 0.11235492 0.29855879 0.01693149 0.01858579 0.03656807 0.03100138 0.09678253 0.00444931 0.01139239 0.01200259 0.03961097 0.02268698 0.00186274 0.00726856 0.02407708
