1 0.34443709 0.00920955 0.01127320 0.02113861 0.06217792 0.00939139 0.00961507 0.07944482 0.00634315 0.02479361 0.03662011 0.00604471 0.00879326 0.00819744 0.02037021 0.19013305 0.07857412 0.00124695 0.00574621 0.06644952
2 0.15032702 0.02494400 0.01650530 0.01845220 0.02097310 0.02601680 0.02943020 0.04781681 0.01181960 0.08836641 0.13939702 0.02583260 0.06631631 0.03337101 0.03409571 0.08473121 0.06897021 0.00517794 0.01645450 0.09100201
3 0.27908284 0.01648659 0.02094769 0.02220299 0.03410728 0.01826279 0.02111259 0.09037415 0.00949562 0.02435179 0.03045178 0.01713749 0.01099579 0.01250109 0.02921178 0.21178388 0.09512915 0.00259517 0.00862056 0.04514897
4 0.07015256 0.01391131 0.01152461 0.00920495 0.01597711 0.01290591 0.01581551 0.02013832 0.00692893 0.22675519 0.15522013 0.01520811 0.03699093 0.03497193 0.01022271 0.03337693 0.04219274 0.00332209 0.01373881 0.25144121
5 0.06032881 0.00918738 0.00638924 0.00231155 0.01073590 0.00741515 0.00622606 0.01173070 0.00551975 0.22591605 0.25585405 0.00581111 0.05947651 0.04711691 0.00769037 0.02190270 0.03192491 0.00303455 0.00935423 0.21207404
6 0.07444833 0.04303542 0.03284571 0.02414441 0.01773421 0.08370954 0.06089633 0.02054161 0.01886181 0.07031973 0.05488172 0.06284903 0.03712152 0.01562431 0.02105881 0.08403764 0.13661006 0.00385605 0.02374471 0.11367905
7 0.15660194 0.03332949 0.04540998 0.04005049 0.02526619 0.03402339 0.04071739 0.07478287 0.01774849 0.03047499 0.04076039 0.04076199 0.01775849 0.01800519 0.03300879 0.18795293 0.09975996 0.00537586 0.01627319 0.04193798
8 0.04658581 0.17697202 0.05629751 0.04264341 0.01210260 0.05995751 0.06990861 0.03745050 0.02994760 0.02119750 0.03470420 0.19750703 0.01893630 0.01121340 0.02436170 0.06108411 0.05083921 0.00487077 0.01453260 0.02888760
9 0.06203142 0.03938891 0.06505092 0.16100506 0.00610984 0.04185311 0.18654107 0.15121005 0.02695911 0.01595021 0.01894261 0.05636212 0.01193440 0.00902252 0.01776601 0.06473152 0.03376531 0.00280805 0.00916594 0.01940181
10 0.14599504 0.01926251 0.04034081 0.02182981 0.02093611 0.02906491 0.02568621 0.03788061 0.01235380 0.02412151 0.02568071 0.02908421 0.01838331 0.01525330 0.02027011 0.25679607 0.21115006 0.00248619 0.00809512 0.03532961
11 0.08662805 0.13082293 0.05422237 0.03883788 0.01800679 0.05319287 0.04891487 0.05498297 0.02441219 0.02236979 0.02946168 0.09250085 0.01732879 0.01259099 0.02931178 0.16606991 0.07105406 0.00671402 0.01588259 0.02669459
12 0.04486842 0.00931656 0.00611598 0.00126986 0.00838635 0.00620037 0.00538606 0.00882972 0.00540205 0.22823408 0.28144610 0.00553816 0.06515892 0.05267562 0.00690875 0.01530961 0.02828611 0.00330017 0.00970400 0.20766308
13 0.06055935 0.03152062 0.14320511 0.07541246 0.01721091 0.03201092 0.04804514 0.17874314 0.02537652 0.01220371 0.03796003 0.06809115 0.01141721 0.00989119 0.01979102 0.10495708 0.08740857 0.00431210 0.00710816 0.02477562
14 0.04160160 0.01130240 0.00692502 0.00113248 0.00658533 0.00559086 0.00483456 0.00771156 0.00637951 0.19987801 0.33254702 0.00575184 0.07825751 0.06232500 0.00759916 0.01588860 0.02667250 0.00378531 0.01092270 0.16430901
15 0.03992844 0.02396862 0.01120881 0.00935195 0.01427801 0.01770562 0.01489401 0.01478841 0.02688023 0.07719097 0.15083414 0.02036522 0.07185047 0.16255815 0.00904033 0.03321083 0.04940125 0.02736083 0.15678515 0.06839856
16 0.03556588 0.01416579 0.00886769 0.00551344 0.01209079 0.00982543 0.00622102 0.00962055 0.02193919 0.09894246 0.25757389 0.00964095 0.06371637 0.16224593 0.00793576 0.02063089 0.02602899 0.02451259 0.13094394 0.07401847
17 0.07040040 0.05232200 0.03083560 0.04240980 0.01228630 0.06221140 0.05555420 0.03507570 0.01911780 0.02283620 0.03897230 0.10542300 0.01844460 0.01491960 0.25004301 0.07626210 0.05099810 0.00750848 0.01032130 0.02405810
18 0.05615988 0.03007749 0.01627649 0.01266880 0.01090180 0.02153629 0.02345889 0.02851769 0.01338420 0.12527996 0.22975793 0.03056159 0.08724967 0.05762228 0.01899989 0.04323359 0.05513448 0.00726111 0.02600299 0.10591497
19 0.22567914 0.02303691 0.02821852 0.09032586 0.02778122 0.02745372 0.05256683 0.07430805 0.01271331 0.02069691 0.03665422 0.02600062 0.01474351 0.05127153 0.05074013 0.11667307 0.05439323 0.00490396 0.01935241 0.04248683
20 0.06416736 0.05049547 0.05651606 0.14797791 0.00672540 0.06429296 0.20733987 0.04558557 0.02684188 0.02592208 0.02538588 0.07263075 0.01400979 0.01039699 0.02470468 0.06428186 0.04801677 0.00238854 0.01381299 0.02850718
21 0.07256019 0.03068860 0.09321979 0.17152698 0.01640890 0.04439220 0.13030799 0.04646530 0.01850980 0.01915800 0.02839550 0.05452980 0.01492590 0.00978040 0.02707190 0.09084459 0.08714459 0.00313119 0.01089360 0.03004480
22 0.06378179 0.03743180 0.08292389 0.21005998 0.00992097 0.04679820 0.17678499 0.05651010 0.02194250 0.01801590 0.02134850 0.05677280 0.00904680 0.01127820 0.02577970 0.07371479 0.04084090 0.00245101 0.01308440 0.02151280
23 0.02769139 0.33219391 0.04243369 0.01644020 0.00985609 0.06209358 0.04244209 0.01526330 0.03629979 0.01276230 0.02577329 0.25906393 0.01346430 0.00392453 0.00721654 0.03519089 0.02384279 0.00184241 0.01219140 0.02001359
24 0.02598210 0.02458500 0.04653271 0.01319510 0.02188240 0.04178531 0.01252370 0.01022510 0.11885002 0.02075510 0.05408211 0.01770630 0.01401200 0.17230203 0.00928334 0.03888031 0.01916570 0.03116930 0.28325105 0.02383130
25 0.11935595 0.08979446 0.04366008 0.04441598 0.01456969 0.05583017 0.07852366 0.04985148 0.02444029 0.02483589 0.03787448 0.13505894 0.01969099 0.01270199 0.03883268 0.09095636 0.06662227 0.00509546 0.01282579 0.03506338
26 0.05148971 0.15792903 0.04696271 0.03653251 0.01292430 0.05409251 0.06063591 0.04652041 0.02571731 0.02357870 0.02988401 0.15613303 0.02027310 0.04097201 0.03624991 0.09859362 0.04583161 0.00765140 0.01858060 0.02944761
27 0.05308329 0.12059698 0.04710989 0.08792588 0.00662575 0.06072519 0.15786997 0.03110369 0.02642510 0.01718040 0.02028520 0.17125397 0.01596670 0.00775183 0.02114940 0.06310589 0.05517739 0.00263620 0.01004650 0.02398080
28 0.23827705 0.02340920 0.02087550 0.02944031 0.03104191 0.02378190 0.03291621 0.09287632 0.01206780 0.04872541 0.05910181 0.02421950 0.01845760 0.01909040 0.03382581 0.13846603 0.06812031 0.00352441 0.01368990 0.06809261
29 0.04900520 0.01882710 0.01472690 0.00747727 0.00901456 0.01349250 0.01098040 0.01606990 0.01197830 0.15402401 0.31140303 0.01509710 0.07430911 0.06968411 0.01223950 0.02763890 0.03118930 0.00639358 0.02366220 0.12278701
30 0.03335479 0.01062970 0.00697765 0.00385448 0.01050340 0.00612702 0.00433687 0.00772345 0.01804689 0.11127797 0.27360592 0.00698868 0.06473078 0.16931495 0.00740586 0.01733879 0.02181559 0.02412619 0.11752196 0.08431907
31 0.08588707 0.03240149 0.03746449 0.09778236 0.01185870 0.04483008 0.07251457 0.03332629 0.01256279 0.01962919 0.02716829 0.04688758 0.01431219 0.01718449 0.28276089 0.08341137 0.04456888 0.00431380 0.00832680 0.02280869
32 0.20084387 0.02309788 0.03690188 0.03249118 0.02157349 0.01741789 0.02306228 0.23191785 0.01216849 0.01621419 0.02447148 0.02246859 0.00986508 0.01310219 0.01955089 0.18770988 0.06076696 0.00489597 0.01251889 0.02896108
33 0.11160501 0.06694920 0.03332220 0.02664010 0.01753730 0.04410510 0.05830800 0.03153440 0.01849630 0.05584780 0.05987260 0.12017501 0.03007430 0.01730580 0.02718690 0.07716401 0.07876721 0.00514793 0.01572780 0.10423301
34 0.05765951 0.00388172 0.00423546 0.00182635 0.01380660 0.00691795 0.00714939 0.01590440 0.00251197 0.29606707 0.14648004 0.00423525 0.03099651 0.02635761 0.00472303 0.01656080 0.03336861 0.00183168 0.00519096 0.32029508
35 0.15452596 0.03370189 0.04498549 0.03958169 0.02484699 0.03450869 0.04017889 0.07452218 0.01816040 0.03081219 0.04109319 0.04064749 0.01784540 0.01839170 0.03343279 0.18823896 0.10063698 0.00521353 0.01672920 0.04194639
36 0.04803999 0.14128196 0.11436397 0.05873988 0.02008559 0.05787058 0.05158448 0.04778169 0.03064759 0.01517720 0.02690079 0.11911296 0.01146290 0.00914223 0.01876309 0.12720196 0.05951458 0.00608247 0.01536930 0.02087679
37 0.27462775 0.01509079 0.02170078 0.01986858 0.03263137 0.01713948 0.01812188 0.08433982 0.00934738 0.02293428 0.02771097 0.01564339 0.01049239 0.01280589 0.02644288 0.23252879 0.10612190 0.00248264 0.00798107 0.04198796
38 0.06357820 0.03788360 0.08257010 0.21020801 0.00997803 0.04640130 0.17697201 0.05638230 0.02207200 0.01797970 0.02143860 0.05672400 0.00906352 0.01157870 0.02550050 0.07342110 0.04068730 0.00260279 0.01342450 0.02153370
39 0.14990199 0.01322560 0.00961716 0.01182160 0.02288490 0.01618340 0.01654080 0.03441510 0.00741104 0.17325299 0.12992899 0.01196670 0.03287780 0.02709040 0.02081030 0.07672460 0.05344750 0.00310685 0.01089630 0.17789599
40 0.15554098 0.03344270 0.04469610 0.04054740 0.02488840 0.03420420 0.04115110 0.07475559 0.01758040 0.03109640 0.04269280 0.04102540 0.01801170 0.01817170 0.03277950 0.18676598 0.09905779 0.00521470 0.01615020 0.04222700
41 0.32740535 0.01302861 0.01398031 0.01927822 0.03970634 0.01332711 0.01524012 0.09971231 0.00731004 0.02378273 0.02944043 0.01075801 0.00915651 0.01061671 0.02728673 0.20119121 0.08022109 0.00192258 0.00737424 0.04926135
42 0.30377879 0.01499369 0.01724639 0.02156368 0.03755227 0.01613799 0.01887639 0.09653373 0.00836345 0.02456688 0.03088838 0.01457049 0.01028209 0.01161779 0.02924288 0.19980586 0.08504574 0.00225173 0.00821930 0.04846247
43 0.20626990 0.01947669 0.02061249 0.02730509 0.06295647 0.02378169 0.02308829 0.04951748 0.01268239 0.05501747 0.07775436 0.02133929 0.04737048 0.02279429 0.02829339 0.12309894 0.07385106 0.00485649 0.01635569 0.08357806
44 0.09880857 0.01961011 0.02046531 0.01578721 0.02004351 0.02268322 0.02856542 0.02363742 0.00949775 0.13772809 0.10167907 0.03020692 0.04400033 0.02348462 0.01252641 0.08078855 0.11625108 0.00328088 0.01736741 0.17358812
45 0.05337729 0.00367213 0.00383307 0.00100859 0.01303540 0.00646016 0.00656085 0.01099600 0.00226135 0.29873292 0.15827796 0.00381695 0.03181179 0.02882939 0.00438855 0.01290930 0.03124129 0.00154687 0.00501125 0.32222891
46 0.06381348 0.03766069 0.08275527 0.20999093 0.00995594 0.04670958 0.17600094 0.05665078 0.02199939 0.01794239 0.02137359 0.05679038 0.00916631 0.01155210 0.02607679 0.07374008 0.04076399 0.00248828 0.01336300 0.02120609
47 0.02486831 0.35192314 0.04025472 0.01270161 0.00932782 0.06162912 0.03833982 0.01207770 0.03682871 0.01162610 0.02498131 0.27118011 0.01292981 0.00306619 0.00440537 0.03127241 0.02029201 0.00131122 0.01185310 0.01913141
48 0.10042399 0.03222480 0.02959480 0.02642520 0.02265550 0.03529280 0.03716810 0.04255550 0.01541080 0.05749459 0.08852049 0.04062400 0.06794019 0.02694400 0.02893770 0.15413698 0.10941099 0.00721880 0.01773070 0.05929009
49 0.05993873 0.06754973 0.04926392 0.02649911 0.05309902 0.04873422 0.02404351 0.03299552 0.02520381 0.04928352 0.15376907 0.10802605 0.03738132 0.03198482 0.02943401 0.06780953 0.04889802 0.00902873 0.02577421 0.05128312
50 0.06461159 0.04946589 0.03397929 0.02335280 0.01239080 0.05447779 0.05461499 0.02021040 0.01734190 0.08158478 0.04883639 0.11697498 0.04724279 0.01504740 0.02520539 0.08519738 0.15878697 0.00565050 0.02070520 0.06432279
51 0.15538002 0.03379290 0.04501991 0.04043861 0.02507910 0.03436060 0.04114911 0.07331731 0.01790190 0.03059110 0.04137971 0.04117491 0.01794720 0.01816610 0.03309130 0.18743202 0.10012801 0.00510257 0.01658240 0.04196521
52 0.02489108 0.35209276 0.04041377 0.01279069 0.00935224 0.06160946 0.03823397 0.01194959 0.03679117 0.01156439 0.02489638 0.27158682 0.01279059 0.00302667 0.00433504 0.03116408 0.02031629 0.00133882 0.01182159 0.01903459
53 0.05704611 0.01263230 0.00886613 0.00732005 0.01206720 0.01261910 0.01402110 0.01435870 0.00699946 0.23837003 0.19268702 0.01167340 0.04624131 0.03980880 0.01028140 0.02605800 0.03741650 0.00359564 0.01302370 0.23491403
54 0.12058701 0.02516190 0.03931040 0.02664000 0.02561980 0.03226090 0.02292070 0.04543750 0.01919750 0.06884401 0.15383501 0.02990250 0.03834010 0.03389790 0.02219780 0.13259501 0.06788571 0.00653572 0.01894590 0.06988461
55 0.03626432 0.26472814 0.04006642 0.04129512 0.00771874 0.06402543 0.08916675 0.01934201 0.03278822 0.01460421 0.02292701 0.22839812 0.01362611 0.00530936 0.01167501 0.04453482 0.03088742 0.00170417 0.01062411 0.02031451
56 0.05761785 0.03955013 0.10172308 0.16864214 0.01015591 0.04863324 0.17464414 0.05288484 0.02390262 0.01571561 0.02134762 0.06454805 0.00997070 0.00803239 0.01841532 0.09903098 0.05100174 0.00232871 0.01020381 0.02165112
57 0.05374792 0.02012961 0.00831808 0.00563085 0.00778382 0.01631591 0.01450201 0.01303381 0.00840604 0.17747908 0.19384109 0.01742791 0.09585394 0.03803002 0.00904270 0.04398162 0.09951834 0.00403937 0.02263181 0.15028607
58 0.24872785 0.02080439 0.02992468 0.07653795 0.03113238 0.01815529 0.05062587 0.17182990 0.01068289 0.01679559 0.02832458 0.01923589 0.00828949 0.01241809 0.02044939 0.13630192 0.04795427 0.00232691 0.01038079 0.03910188
59 0.04523790 0.02659780 0.01187420 0.01062340 0.01390250 0.02630350 0.02552680 0.01239240 0.03609560 0.09647169 0.07713850 0.01773360 0.04500470 0.13329499 0.00759076 0.04617630 0.08775929 0.02558190 0.18546299 0.06923120
60 0.06960878 0.00440813 0.00429569 0.00209850 0.01527202 0.00718208 0.00713265 0.01393762 0.00275387 0.28264732 0.15137017 0.00435390 0.03130384 0.02750553 0.00595070 0.02162012 0.03493174 0.00162401 0.00555199 0.30645134
61 0.04940416 0.01876928 0.01447229 0.00729604 0.00906619 0.01350959 0.01103909 0.01639469 0.01179669 0.15478587 0.31242874 0.01476819 0.07466154 0.06854664 0.01172609 0.02766698 0.03129927 0.00617846 0.02267328 0.12351690
62 0.03819592 0.01328521 0.00690472 0.00086157 0.00471776 0.00513575 0.00462321 0.00715555 0.00692942 0.17937608 0.36405017 0.00608177 0.09345984 0.06743223 0.00756829 0.01595821 0.02929491 0.00416210 0.01219621 0.13261106
63 0.05313401 0.00402423 0.00397008 0.00105426 0.01282170 0.00651305 0.00641180 0.01094230 0.00237224 0.29532906 0.16371203 0.00399417 0.03350101 0.02983481 0.00451764 0.01342440 0.03142231 0.00162008 0.00532875 0.31607206
64 0.05957480 0.03310300 0.07034270 0.23578799 0.00248222 0.05749190 0.25469399 0.04419690 0.02366260 0.01702860 0.01146250 0.05381070 0.00613007 0.00752155 0.01548940 0.05311070 0.02979800 0.00062537 0.00930504 0.01438200
65 0.12112209 0.02847372 0.06598755 0.02899062 0.06850935 0.04000183 0.02558972 0.03735493 0.05888524 0.02580302 0.03963853 0.03547953 0.01939311 0.01319451 0.01976181 0.17902013 0.12426409 0.00542537 0.02237792 0.04072693
66 0.21167894 0.02505089 0.02339389 0.02662099 0.02619629 0.02833279 0.02751709 0.10291397 0.02280149 0.03041569 0.03875739 0.02226109 0.01586670 0.03511849 0.02197059 0.16232295 0.06066108 0.00889699 0.06707778 0.04214489
67 0.13332292 0.05630717 0.04921947 0.03994198 0.01713249 0.04918587 0.07043796 0.04872267 0.01993119 0.02150429 0.03058608 0.11142593 0.01732689 0.01181819 0.03809968 0.15265491 0.08474945 0.00589559 0.01058289 0.03115438
68 0.04722679 0.03647259 0.07817328 0.25588893 0.00191077 0.04857409 0.24398493 0.04941479 0.02268359 0.01588430 0.00881437 0.06412298 0.00444875 0.00694375 0.01425360 0.05439499 0.02654119 0.00054234 0.00805199 0.01167200
69 0.05617300 0.03762820 0.05932050 0.04737510 0.01418750 0.03476520 0.04979650 0.02648040 0.02187470 0.13781801 0.14319801 0.04367260 0.03800880 0.03056080 0.01825280 0.05625880 0.04859690 0.00502604 0.01713410 0.11387201
70 0.06586041 0.02810020 0.07687321 0.15280703 0.01249270 0.05986141 0.17002803 0.03645071 0.02154500 0.01773990 0.05773171 0.04807291 0.02346240 0.00830174 0.01903840 0.07108681 0.08520711 0.00225929 0.01136790 0.03171311
71 0.04416593 0.01537191 0.00736257 0.00275800 0.00680108 0.00938982 0.00815467 0.01031811 0.00749027 0.19051614 0.29053421 0.01031151 0.08908947 0.05617344 0.00861234 0.02290672 0.04396233 0.00461717 0.01584121 0.15562312
72 0.05282737 0.00192166 0.00314957 0.00045174 0.01348199 0.00577984 0.00565733 0.01076039 0.00140503 0.31363582 0.14528992 0.00273789 0.02618039 0.02591309 0.00382106 0.01058419 0.02914448 0.00117667 0.00326677 0.34281481
73 0.16406310 0.03628022 0.03735182 0.08497315 0.01628271 0.05443623 0.14781209 0.05160553 0.01976641 0.02522582 0.02928512 0.05255113 0.01685461 0.01092941 0.04232123 0.09711566 0.06103634 0.00317709 0.01167891 0.03725342
74 0.10986991 0.03281397 0.04089007 0.03185627 0.01917848 0.03702627 0.04467426 0.03734667 0.01657729 0.05701285 0.06319435 0.04786896 0.03205647 0.02264568 0.02682628 0.13871689 0.15175588 0.00432881 0.01747089 0.06788975
75 0.07606879 0.04470799 0.05534579 0.12902798 0.00962407 0.05773409 0.18841297 0.04571369 0.02259830 0.02070860 0.02159990 0.07219829 0.01467760 0.00970982 0.02832480 0.10286799 0.05903509 0.00301495 0.01250960 0.02611970
76 0.08259818 0.06767878 0.04381479 0.09803697 0.00597255 0.06323948 0.18672895 0.03253199 0.02362109 0.01859609 0.01871699 0.13062396 0.01550830 0.00856757 0.02877419 0.07406558 0.06322918 0.00286781 0.00981316 0.02501439
77 0.23718315 0.02387142 0.02099981 0.02929122 0.03075342 0.02369562 0.03268652 0.09330636 0.01241131 0.04943953 0.05903604 0.02421632 0.01828921 0.01927941 0.03457012 0.13767409 0.06756004 0.00353336 0.01359491 0.06860814
78 0.05685060 0.01330170 0.00887275 0.00742843 0.01202740 0.01262850 0.01407280 0.01398390 0.00721421 0.23681999 0.19368699 0.01187340 0.04623170 0.04031280 0.01048770 0.02633370 0.03747620 0.00377237 0.01349290 0.23313199
79 0.04965449 0.01882110 0.01404910 0.00687939 0.00910936 0.01288310 0.01049370 0.01629910 0.01150740 0.15485196 0.31245992 0.01473960 0.07463398 0.06947548 0.01168020 0.02753439 0.03172629 0.00633911 0.02303339 0.12382897
80 0.19445597 0.02424840 0.03811749 0.03502470 0.02120220 0.01740250 0.02593520 0.25360996 0.01258850 0.01578990 0.02511540 0.02433590 0.01033290 0.01269850 0.01946840 0.16988798 0.05400159 0.00463024 0.01237260 0.02878170
81 0.13658009 0.02869422 0.02942582 0.03151182 0.06178754 0.04423873 0.02678752 0.04083523 0.02054141 0.03033012 0.04517223 0.03774472 0.01917571 0.01912151 0.19544113 0.10963007 0.05264343 0.00644436 0.02093981 0.04295453
82 0.06108490 0.01414470 0.01080090 0.00568279 0.01158170 0.01328200 0.00911444 0.01455870 0.00915240 0.18393600 0.27086400 0.01111390 0.06767740 0.05133480 0.01137550 0.04390160 0.03921420 0.00528297 0.01377110 0.15212600
83 0.12469595 0.01819469 0.03696418 0.01756639 0.01651399 0.02944819 0.02310349 0.02866189 0.01155389 0.02393269 0.02227829 0.02684909 0.02076289 0.01582679 0.01534629 0.26666288 0.25978289 0.00192334 0.00713370 0.03279849
84 0.23861313 0.02370901 0.02087211 0.02865802 0.03103152 0.02368731 0.03223242 0.09299095 0.01202181 0.04907933 0.05803013 0.02443581 0.01823291 0.01934371 0.03450552 0.13849508 0.06797074 0.00362385 0.01395441 0.06851224
85 0.04430820 0.00803592 0.00533768 0.00051802 0.00812568 0.00476601 0.00459257 0.00830299 0.00443621 0.23587600 0.28028500 0.00427124 0.06404320 0.05076930 0.00605873 0.01321890 0.02735200 0.00273953 0.00761582 0.21934700
86 0.16719198 0.02348710 0.01420190 0.02239310 0.01836000 0.03582469 0.03129780 0.03030810 0.00980667 0.08948149 0.06965979 0.02528170 0.02470260 0.02088180 0.17603698 0.09913629 0.05719419 0.00491296 0.00796591 0.07187499
87 0.07209088 0.02942249 0.11111298 0.06524229 0.01416600 0.02471759 0.04142809 0.28496794 0.02096160 0.00891705 0.02984289 0.05070339 0.00948576 0.01118930 0.01729040 0.12983297 0.04486179 0.00445149 0.00973882 0.01957630
88 0.22262510 0.02365331 0.01710851 0.02911381 0.02241491 0.03627752 0.03673562 0.04693892 0.00929200 0.02792921 0.02892611 0.02613231 0.01691081 0.01494241 0.20730409 0.12436406 0.06202253 0.00407469 0.00677896 0.03645512
89 0.10935595 0.03285438 0.04109938 0.03128058 0.01922199 0.03745338 0.04429978 0.03831598 0.01640739 0.05649107 0.06206857 0.04853978 0.03244288 0.02246679 0.02653379 0.13845393 0.15352792 0.00445720 0.01778489 0.06694437
90 0.04945778 0.01886589 0.01422079 0.00687996 0.00909191 0.01338779 0.01083100 0.01618849 0.01210319 0.15399393 0.31219786 0.01493749 0.07429967 0.06974927 0.01201159 0.02754049 0.03123889 0.00637729 0.02359779 0.12302894
91 0.09532560 0.04037830 0.05156360 0.08601650 0.01513740 0.05069440 0.13980800 0.04691540 0.01961310 0.02078110 0.02412230 0.06492440 0.01726280 0.01074100 0.03158790 0.15947600 0.07869240 0.00422087 0.01312370 0.02961520
92 0.15236209 0.01666681 0.01464001 0.02021061 0.02061031 0.01730791 0.01869771 0.05548393 0.01602821 0.07004464 0.11712407 0.01599741 0.03243852 0.10071206 0.02820712 0.09219576 0.05291563 0.01442031 0.06879724 0.07513965
93 0.06995370 0.01365160 0.01130690 0.00911487 0.01602620 0.01283750 0.01552910 0.02025280 0.00670850 0.22884699 0.15510099 0.01473500 0.03671770 0.03455100 0.01002230 0.03276010 0.04171510 0.00321538 0.01334130 0.25361299
94 0.05085052 0.13852805 0.04393672 0.07269813 0.00676259 0.06035482 0.14567906 0.02774691 0.02685381 0.01641491 0.02046861 0.19176907 0.01643341 0.00739374 0.01963511 0.06134562 0.05597632 0.00262398 0.01007490 0.02445371
95 0.02937758 0.00910981 0.00616484 0.00407906 0.01222579 0.00566390 0.00336274 0.00664918 0.02210438 0.08552074 0.23814082 0.00657274 0.05603756 0.21247784 0.00621937 0.01641599 0.01983248 0.03268838 0.16235888 0.06499795
96 0.15126892 0.02647489 0.04637058 0.03739208 0.02289249 0.02523509 0.03599048 0.17210891 0.01770309 0.02795169 0.03817998 0.03688038 0.01903269 0.01424049 0.02373239 0.13659293 0.11025494 0.00423583 0.01033119 0.04313098
97 0.27693488 0.01620829 0.02161089 0.02277939 0.03390409 0.01818399 0.02148109 0.08943276 0.00965732 0.02431869 0.02996569 0.01727089 0.01105170 0.01257399 0.02920359 0.21279591 0.09660186 0.00256493 0.00857189 0.04488818
98 0.07819027 0.03168959 0.07955847 0.14251295 0.02019869 0.04941768 0.09584317 0.05164978 0.02261509 0.02357779 0.08215757 0.04672858 0.02096119 0.02162859 0.02977839 0.08543727 0.05495878 0.00528593 0.02197639 0.03583379
99 0.05381690 0.03960160 0.07424820 0.20960401 0.00707445 0.07319870 0.20125101 0.04352410 0.02525340 0.01941980 0.02128970 0.05874110 0.00914181 0.00860212 0.02318820 0.06375410 0.03737820 0.00184546 0.01294530 0.01612180
100 0.04918109 0.01903830 0.01436850 0.00714238 0.00917445 0.01327010 0.01089030 0.01639690 0.01175060 0.15517698 0.31142996 0.01508720 0.07414229 0.06905359 0.01173580 0.02763920 0.03116690 0.00620601 0.02297450 0.12417498
101 0.15503588 0.03366407 0.04588437 0.04025687 0.02500898 0.03398037 0.04062587 0.07333544 0.01757929 0.03102398 0.04192697 0.04127667 0.01793259 0.01831849 0.03267298 0.18833186 0.09952973 0.00527605 0.01627499 0.04206457
102 0.11518004 0.00672156 0.00729058 0.00769283 0.02333681 0.00938122 0.01152730 0.02384651 0.00395122 0.22737909 0.12356205 0.00769652 0.02694631 0.02345021 0.00973060 0.04758552 0.04607522 0.00173936 0.00666792 0.27023911
103 0.22229097 0.02122920 0.02089160 0.01875220 0.01853730 0.01191690 0.01696380 0.38986795 0.01009600 0.01141550 0.02232200 0.01500840 0.00991555 0.00964097 0.01230720 0.11807598 0.03244510 0.00306902 0.00963769 0.02561670
104 0.04099750 0.01276060 0.01096670 0.01118290 0.01477010 0.01205210 0.01107160 0.01738440 0.02672140 0.07240930 0.15708000 0.01356850 0.04013870 0.20966500 0.01253300 0.03023270 0.02749670 0.03443120 0.17632700 0.06821060
105 0.19879228 0.01309242 0.01473092 0.01722232 0.03538395 0.01564682 0.02179663 0.03968486 0.00725577 0.10107214 0.07649511 0.01773463 0.02810874 0.01640112 0.01670932 0.11668116 0.10178314 0.00202943 0.01090302 0.14847621
106 0.05318576 0.00391275 0.00387157 0.00097457 0.01282299 0.00643673 0.00640948 0.01088829 0.00240176 0.29606778 0.16288388 0.00384866 0.03316537 0.02973978 0.00456319 0.01328519 0.03143278 0.00164815 0.00543559 0.31702576
107 0.09855501 0.05733580 0.03001650 0.02632450 0.01471570 0.05324600 0.06808320 0.02508020 0.02355870 0.03768760 0.03853670 0.12026601 0.03182000 0.02407740 0.02258680 0.08148161 0.12323901 0.00657283 0.05926480 0.05755160
108 0.04143299 0.01085150 0.00590242 0.00069887 0.00656855 0.00478123 0.00486030 0.00789549 0.00577106 0.20717993 0.30812390 0.00536279 0.07919377 0.06321288 0.00653341 0.01513160 0.03032739 0.00398280 0.01335220 0.17883694
109 0.08430169 0.03414810 0.03069640 0.02084800 0.01399550 0.02231760 0.03458300 0.26249697 0.01939310 0.04947180 0.08875799 0.03629370 0.06940759 0.02352160 0.01754980 0.06606619 0.04684990 0.00867780 0.01461320 0.05601009
110 0.02500890 0.35203602 0.04020130 0.01283700 0.00931893 0.06166730 0.03852730 0.01190900 0.03689540 0.01157290 0.02490960 0.27104502 0.01285100 0.00301540 0.00442583 0.03125480 0.02033490 0.00133997 0.01181930 0.01903010
111 0.06438751 0.05082471 0.05598171 0.14789802 0.00681546 0.06401731 0.20724602 0.04570171 0.02658780 0.02595580 0.02546330 0.07224481 0.01414620 0.01051530 0.02513390 0.06418771 0.04846051 0.00239933 0.01374480 0.02828810
112 0.13510312 0.02251832 0.04590994 0.02647112 0.01876612 0.01712381 0.01908432 0.37253332 0.01629511 0.01423981 0.04903734 0.02730112 0.01407131 0.01210021 0.01414001 0.11645710 0.03525003 0.00507043 0.01104561 0.02748182
113 0.02251429 0.00607889 0.01395439 0.00731273 0.01828739 0.01270739 0.00275484 0.00665245 0.05544078 0.02096929 0.08124647 0.00840270 0.01882509 0.29227388 0.00466860 0.02060139 0.01575059 0.05095818 0.31196087 0.02863979
114 0.22103491 0.02120529 0.02085919 0.01824539 0.01818509 0.01177500 0.01659389 0.39501084 0.01018750 0.01112100 0.02182689 0.01523319 0.00986594 0.00958002 0.01220659 0.11722895 0.03216159 0.00312936 0.00956179 0.02498759
115 0.15477892 0.03408838 0.04600108 0.04041338 0.02520819 0.03463008 0.04083008 0.07425726 0.01774419 0.03033498 0.04120368 0.04148938 0.01763509 0.01779389 0.03214418 0.18808090 0.09997475 0.00529272 0.01631649 0.04178238
116 0.03684880 0.02212170 0.02099020 0.01630960 0.01866680 0.02434430 0.01729360 0.01765720 0.05189970 0.03372650 0.08401770 0.02030600 0.02388580 0.21439001 0.00976475 0.03625380 0.02741400 0.03861490 0.24682001 0.03867460
117 0.04335640 0.25820901 0.04375050 0.02935040 0.01158200 0.05937280 0.05139090 0.03346970 0.03577240 0.02301580 0.04130530 0.18947401 0.01852120 0.01079430 0.01749850 0.05112520 0.03379410 0.00361545 0.01740510 0.02719690
118 0.02420169 0.00522123 0.00469877 0.00605336 0.01727149 0.00630759 0.00197998 0.00646528 0.03427908 0.03263938 0.11625493 0.00675851 0.02707598 0.30291782 0.00412266 0.01554959 0.01707659 0.05321997 0.28172084 0.03618528
119 0.09258333 0.02286011 0.03174171 0.02045571 0.01933621 0.02756151 0.01913951 0.03444221 0.01747321 0.09536543 0.22565908 0.02498361 0.05382892 0.04552422 0.01911001 0.09143733 0.05198512 0.00640626 0.01832561 0.08178093
120 0.12848698 0.01124090 0.00918942 0.00906197 0.02124280 0.01161940 0.00977411 0.04682469 0.00707059 0.18231797 0.16961397 0.00881432 0.04120469 0.03078610 0.01123840 0.06043439 0.04372939 0.00370272 0.00976623 0.18388097
121 0.04630122 0.00797432 0.00577497 0.00101292 0.00888062 0.00522662 0.00518598 0.00899136 0.00458428 0.23624809 0.26943611 0.00461531 0.06135032 0.04902652 0.00607770 0.01414171 0.02828571 0.00274125 0.00801288 0.22613209
122 0.02961041 0.32827911 0.04133141 0.01561721 0.00989352 0.06429162 0.03929731 0.02024231 0.06040282 0.01495721 0.02770711 0.22129608 0.01262970 0.00511176 0.00732116 0.03489811 0.02300921 0.00217762 0.02138481 0.02054151
123 0.04796850 0.01883810 0.01134880 0.00633042 0.00721410 0.01477060 0.01399660 0.01321210 0.00983028 0.14639700 0.29291100 0.01614760 0.10256200 0.05529890 0.00909070 0.03055350 0.06420390 0.00472211 0.01872380 0.11588000
124 0.08103484 0.03442867 0.04428906 0.08210943 0.01039359 0.05931875 0.17966386 0.02916748 0.01950118 0.02059338 0.02137848 0.08426093 0.02143568 0.00887710 0.02429948 0.11674291 0.11356191 0.00282209 0.01250299 0.03361817
125 0.06101533 0.02364661 0.08099174 0.03090242 0.01022691 0.01416821 0.02892781 0.50402826 0.02136581 0.00438490 0.02726441 0.04315172 0.01177251 0.00884890 0.01058921 0.07091744 0.02394941 0.00318546 0.00518493 0.01547801
126 0.14479786 0.03044797 0.03914526 0.03811926 0.01960018 0.03263347 0.03691726 0.11372689 0.01638368 0.02274558 0.03097567 0.04714215 0.01564838 0.01530708 0.13928886 0.11912288 0.09175161 0.00647799 0.00868077 0.03108717
127 0.05690098 0.01283800 0.00895968 0.00752530 0.01205800 0.01249830 0.01411300 0.01393160 0.00704991 0.23838594 0.19264395 0.01182220 0.04601439 0.03976009 0.01027490 0.02613179 0.03733229 0.00366758 0.01299820 0.23509394
128 0.07034084 0.01357749 0.01107959 0.00920476 0.01603129 0.01276439 0.01578599 0.02023418 0.00666072 0.22830980 0.15517586 0.01487909 0.03692627 0.03453847 0.00983753 0.03302347 0.04210966 0.00327053 0.01336129 0.25288878
129 0.06693300 0.08206740 0.05155830 0.05656660 0.01466140 0.10922600 0.09193620 0.03458810 0.04047260 0.03428710 0.04929330 0.08812850 0.02097540 0.01586620 0.03997960 0.07733430 0.05955110 0.00516172 0.02593380 0.03547940
130 0.07679598 0.04346199 0.06004429 0.03658069 0.02006020 0.11252698 0.04515739 0.03308449 0.03889089 0.03570989 0.11589498 0.05799339 0.02741079 0.01433510 0.03271819 0.12972997 0.06319879 0.00658931 0.01627890 0.03353779
131 0.06324860 0.03785740 0.08232540 0.21027600 0.00976784 0.04676360 0.17682400 0.05677320 0.02202340 0.01797430 0.02152480 0.05636780 0.00904636 0.01151680 0.02609680 0.07347080 0.04073000 0.00260260 0.01373440 0.02107590
132 0.10184095 0.02249589 0.01906469 0.02440669 0.01865199 0.03019148 0.02861639 0.02721129 0.01130629 0.11234394 0.10636394 0.03068998 0.03066518 0.02754229 0.13659593 0.06421667 0.04745588 0.00510582 0.01186679 0.14336793
133 0.03707200 0.27577401 0.04442190 0.02376350 0.01105960 0.08415760 0.05359950 0.01815380 0.04006250 0.01734410 0.02806520 0.20697001 0.01416110 0.00585710 0.01642040 0.04764860 0.03549140 0.00282457 0.01528790 0.02186520
134 0.04873281 0.01870111 0.01418170 0.00693363 0.00905383 0.01322390 0.01047530 0.01609340 0.01187290 0.15536004 0.31241809 0.01492370 0.07451482 0.06953722 0.01169910 0.02709741 0.03114281 0.00633296 0.02355621 0.12414903
135 0.12078004 0.02680751 0.04302511 0.03044751 0.01344730 0.01647350 0.03134471 0.43228413 0.01706890 0.01437430 0.02973051 0.03111791 0.01392370 0.01160610 0.01335510 0.08561992 0.02894181 0.00412174 0.00972827 0.02580191
136 0.06471075 0.13782188 0.04930146 0.02940558 0.01518409 0.06391935 0.05298196 0.03068627 0.02574638 0.03375957 0.04051817 0.11362090 0.02954038 0.01310819 0.02473348 0.09211892 0.12109090 0.00433754 0.01714089 0.04027337
137 0.04907128 0.03299409 0.07882897 0.25563289 0.00234090 0.05101368 0.24538389 0.04872298 0.02312649 0.01663249 0.01044930 0.05453098 0.00511063 0.00700967 0.01403079 0.05397678 0.02803669 0.00059580 0.00897133 0.01354039
138 0.03939860 0.10877001 0.03834040 0.02694680 0.01748010 0.05073351 0.04204790 0.02106180 0.04899620 0.02563660 0.04845210 0.11989101 0.02104400 0.09162871 0.01780050 0.04989400 0.04053640 0.01747840 0.13939401 0.03446890
139 0.14682002 0.01962310 0.04009241 0.02170350 0.02068080 0.02890090 0.02526780 0.03837390 0.01229900 0.02459350 0.02567970 0.02896760 0.01839330 0.01538530 0.02040410 0.25611203 0.21063603 0.00255439 0.00800498 0.03550760
140 0.02833390 0.31721199 0.04076270 0.01363230 0.01008750 0.06293970 0.03902850 0.01606930 0.03629790 0.01431880 0.03815620 0.25837599 0.01577430 0.00457113 0.00875004 0.03420090 0.02573940 0.00198207 0.01177870 0.02198870
141 0.05700080 0.04002640 0.03324320 0.08620739 0.00867957 0.08963169 0.20127699 0.02316400 0.03401730 0.07139240 0.03179550 0.04089810 0.01869520 0.01625780 0.01466680 0.05442460 0.06162060 0.00391779 0.06261210 0.05047180
142 0.05474681 0.00714050 0.00555402 0.00255682 0.01457780 0.01890150 0.01292110 0.01183920 0.00419441 0.28372805 0.13414202 0.00832420 0.02974521 0.02489670 0.00580141 0.01864780 0.03800191 0.00185026 0.00900621 0.31342405
143 0.04742744 0.04683075 0.09210889 0.18886678 0.00768045 0.03912565 0.15486282 0.11008987 0.02338767 0.01411308 0.01847528 0.08472270 0.00739460 0.00982675 0.02181497 0.07201402 0.03483856 0.00303408 0.00838335 0.01500228
144 0.15447005 0.03417821 0.04504141 0.04022101 0.02497841 0.03441141 0.04068271 0.07377202 0.01797901 0.03068571 0.04164441 0.04140871 0.01807301 0.01827331 0.03313251 0.18727906 0.09992473 0.00522098 0.01641861 0.04220471
145 0.04795438 0.03437488 0.07994966 0.25056187 0.00250598 0.04510698 0.23413688 0.06837116 0.02380279 0.01540759 0.01038759 0.05453067 0.00505417 0.00737794 0.01345739 0.05820667 0.02630869 0.00076683 0.00838280 0.01335509
146 0.13357203 0.05245591 0.03782761 0.04670131 0.01678280 0.10769903 0.08880352 0.04192401 0.03060071 0.03322691 0.04661301 0.06326272 0.02002691 0.01385240 0.05268171 0.09257942 0.06206512 0.00445915 0.01918860 0.03567711
147 0.04797939 0.16659195 0.05064029 0.03864609 0.01193980 0.09890227 0.07491338 0.02307849 0.03402119 0.02168089 0.03449169 0.18624595 0.01778860 0.00836363 0.02921639 0.06043248 0.05165539 0.00424675 0.01432230 0.02484309
148 0.11016694 0.02706429 0.02114269 0.02869259 0.01264189 0.04598968 0.03762008 0.02149529 0.01182639 0.03034858 0.03943528 0.04022858 0.04331558 0.01746959 0.30941884 0.08025066 0.08113716 0.00530620 0.00767422 0.02877549
149 0.06704013 0.08162313 0.05063862 0.05616872 0.01462211 0.10942604 0.09274514 0.03404891 0.04058602 0.03427731 0.04889662 0.08818174 0.02090881 0.01578981 0.04100652 0.07751173 0.05968102 0.00524280 0.02606601 0.03553881
150 0.04025921 0.01256200 0.01071000 0.01137610 0.01466960 0.01168320 0.01099110 0.01695411 0.02702461 0.07141582 0.15682705 0.01311040 0.03993681 0.21167906 0.01245910 0.02978661 0.02742891 0.03502251 0.17905005 0.06705372
151 0.23752410 0.02375241 0.02135851 0.02942011 0.03103661 0.02343961 0.03236851 0.09217584 0.01225730 0.04891452 0.05845832 0.02445281 0.01839611 0.01962801 0.03436291 0.13794806 0.06809183 0.00348820 0.01421471 0.06871153
152 0.02617128 0.00757972 0.00749360 0.00765391 0.01860209 0.00986433 0.00383516 0.00789655 0.03881977 0.02962388 0.10479493 0.00849084 0.02440608 0.28920880 0.00500803 0.01895009 0.01893499 0.05146386 0.28641880 0.03478328
153 0.05360689 0.03537880 0.07695549 0.23314398 0.00474329 0.04899500 0.22468998 0.05069719 0.02117060 0.01598050 0.01311530 0.05679919 0.00731060 0.00765461 0.01783750 0.07195129 0.03360780 0.00104377 0.00957323 0.01574500
154 0.12535495 0.03008029 0.06492727 0.17479793 0.01727439 0.04091418 0.14604994 0.06121068 0.01807279 0.01874639 0.02558019 0.04386388 0.01014790 0.01197200 0.03097689 0.09076066 0.04628628 0.00211229 0.01075330 0.03011779
155 0.12166596 0.02708669 0.04224018 0.02985959 0.01369660 0.01634359 0.03113739 0.43247984 0.01686359 0.01439239 0.02948829 0.03090399 0.01415669 0.01142130 0.01331140 0.08618557 0.02947329 0.00427655 0.00945421 0.02556289
156 0.02261110 0.00412653 0.00534818 0.00635204 0.01766050 0.00718737 0.00167425 0.00619553 0.03858689 0.02171460 0.08902168 0.00691191 0.02038900 0.31992194 0.00364109 0.01566120 0.01595060 0.05644759 0.31007494 0.03052309
157 0.17354805 0.11899203 0.03676911 0.02485101 0.05417012 0.04084281 0.03004431 0.06396942 0.02342841 0.02617771 0.04041041 0.07702232 0.01712010 0.01197400 0.02907161 0.10982503 0.05790442 0.00465832 0.01609080 0.04313001
158 0.04925616 0.01868609 0.01415319 0.00684097 0.00907715 0.01307399 0.01065739 0.01627819 0.01197949 0.15478188 0.31205876 0.01479889 0.07458254 0.06958795 0.01171259 0.02760488 0.03124548 0.00646903 0.02370248 0.12345290
159 0.03450050 0.01280340 0.00754036 0.00162518 0.00618898 0.00490790 0.00402563 0.00622190 0.01031260 0.14591499 0.37201898 0.00591237 0.08731629 0.10515799 0.00811249 0.01601350 0.02227310 0.00997695 0.04102320 0.09815369
160 0.04727448 0.01045190 0.00731025 0.00199478 0.00869571 0.00629794 0.00593501 0.00972638 0.00607127 0.21146890 0.29175087 0.00649859 0.06830257 0.05544078 0.00731128 0.01744619 0.02949299 0.00353304 0.01143519 0.19356191
161 0.04309587 0.25809382 0.04429477 0.02918078 0.01172139 0.05905896 0.05114956 0.03315608 0.03599118 0.02297568 0.04107507 0.18999587 0.01861729 0.01079089 0.01722679 0.05124376 0.03426798 0.00363189 0.01730379 0.02712858
162 0.04747664 0.00632998 0.00475026 0.00059067 0.00978976 0.00515597 0.00502011 0.00927484 0.00364915 0.25859320 0.23715718 0.00391770 0.05304564 0.04290043 0.00536898 0.01287541 0.02891032 0.00235278 0.00680775 0.25603320
163 0.04158271 0.01145800 0.00687962 0.00124320 0.00666000 0.00566593 0.00500207 0.00775266 0.00647776 0.20046106 0.33107711 0.00577468 0.07770892 0.06205142 0.00746349 0.01591211 0.02678581 0.00376157 0.01091480 0.16536705
164 0.04236384 0.01344051 0.00607556 0.00161594 0.00727309 0.00672190 0.00645516 0.00876859 0.00936338 0.19026420 0.27856029 0.00653103 0.07838778 0.07146497 0.00609279 0.01835372 0.03930094 0.00738411 0.03856304 0.16301917
165 0.05220218 0.00563499 0.00520409 0.00158883 0.01181750 0.00619160 0.00626609 0.01089170 0.00349368 0.26855789 0.20126892 0.00466515 0.04347788 0.03761788 0.00537962 0.01455019 0.03060419 0.00226536 0.00727439 0.28104789
166 0.02278260 0.00391961 0.00437382 0.00629477 0.01753990 0.00604332 0.00155940 0.00633188 0.03711599 0.02202620 0.09062038 0.00642387 0.02023950 0.32236694 0.00340843 0.01506390 0.01595720 0.06120379 0.30665994 0.03006859
167 0.06069527 0.00949692 0.00657369 0.00244656 0.01075320 0.00765153 0.00662818 0.01164549 0.00561351 0.22518690 0.25479589 0.00611719 0.05939167 0.04688228 0.00796656 0.02208579 0.03212939 0.00301720 0.00952189 0.21140091
168 0.03718070 0.27633399 0.04430550 0.02339820 0.01107060 0.08405400 0.05317520 0.01817240 0.04014880 0.01727850 0.02825950 0.20743099 0.01412460 0.00575011 0.01637020 0.04754320 0.03528020 0.00273954 0.01538240 0.02200140
169 0.02425880 0.00518583 0.00465454 0.00606851 0.01729700 0.00624700 0.00203211 0.00650010 0.03417270 0.03254360 0.11590599 0.00673955 0.02712540 0.30339898 0.00412124 0.01553690 0.01715370 0.05321820 0.28151998 0.03631990
170 0.11840099 0.03000900 0.02626100 0.03473440 0.01392930 0.04585650 0.04352930 0.02935300 0.01226470 0.02882520 0.03053650 0.04385670 0.02056940 0.01688770 0.27958498 0.09736019 0.08694149 0.00524095 0.00785183 0.02800690
171 0.04100148 0.01307689 0.01081030 0.01100070 0.01473279 0.01202570 0.01083270 0.01712499 0.02659199 0.07191417 0.15692794 0.01360239 0.04038118 0.21023892 0.01284559 0.03047289 0.02765719 0.03470209 0.17672793 0.06733217
172 0.03503480 0.24923099 0.08048750 0.03991270 0.01458050 0.06082940 0.04980070 0.03191910 0.03689950 0.01499620 0.02738020 0.19258999 0.01213200 0.00672293 0.01172500 0.05739610 0.03730980 0.00362880 0.01617480 0.02124900
173 0.12163198 0.02872010 0.02269380 0.03488879 0.01576610 0.04476349 0.03454579 0.02903520 0.01043680 0.02411230 0.02354180 0.03459279 0.01625420 0.01640300 0.32089295 0.13314998 0.05399129 0.00588809 0.00718707 0.02150450
174 0.04382725 0.01396512 0.00970758 0.00479971 0.00921130 0.00859055 0.00797755 0.01107131 0.01370562 0.13273815 0.28277733 0.00987243 0.07426179 0.11568013 0.00916140 0.02728193 0.04180005 0.01413752 0.06397217 0.10546112
175 0.05283588 0.00192922 0.00317055 0.00051377 0.01349589 0.00579922 0.00571637 0.01081200 0.00146359 0.31333886 0.14532893 0.00278189 0.02621939 0.02586599 0.00384810 0.01069840 0.02918559 0.00117309 0.00339146 0.34243184
176 0.06405449 0.05470919 0.04459009 0.10943999 0.00631157 0.11791198 0.21210397 0.02769300 0.03345490 0.02638670 0.02683880 0.07064219 0.01335090 0.00960572 0.02827590 0.05898119 0.05158989 0.00225044 0.01847150 0.02333760
177 0.10495895 0.03318448 0.02603249 0.04001058 0.01486529 0.04864198 0.04406198 0.03191868 0.01419709 0.03104939 0.04405448 0.04380838 0.02094919 0.02021319 0.29563586 0.08689936 0.05108738 0.00572558 0.01140059 0.03130508
178 0.05118082 0.02178991 0.01093601 0.00553115 0.01148481 0.01866451 0.01662011 0.01275991 0.00776826 0.23016611 0.16413708 0.03590372 0.04836952 0.03237512 0.00983260 0.02704321 0.04771892 0.00368132 0.01248181 0.23155511
179 0.05591164 0.00268099 0.00346180 0.00074435 0.01355421 0.00616893 0.00605035 0.01116501 0.00181913 0.30583122 0.14934811 0.00319229 0.02844342 0.02674282 0.00425146 0.01271161 0.03063392 0.00131948 0.00408801 0.33188124
