1 0.35238810 0.00760079 0.01067250 0.01385640 0.05423182 0.01011590 0.01712830 0.07563032 0.00694572 0.02672181 0.03221841 0.00978149 0.00877788 0.00571279 0.02395361 0.19028305 0.08063502 0.00148928 0.00448137 0.06737542
2 0.07661101 0.02504670 0.11179501 0.21598202 0.01343340 0.04141510 0.16465302 0.04564121 0.02120170 0.01735230 0.02104540 0.04361780 0.00915658 0.00849757 0.01653330 0.08684551 0.04801451 0.00224039 0.00881955 0.02209790
3 0.27992093 0.01436390 0.02465579 0.02007000 0.03042339 0.01968520 0.02296669 0.09898468 0.00915796 0.02468639 0.02999989 0.01891840 0.01164100 0.00964465 0.02910329 0.20834895 0.08919458 0.00282251 0.00836812 0.04704369
4 0.06792039 0.01312670 0.01223850 0.00970367 0.01499670 0.01066840 0.01421250 0.01667230 0.00726925 0.22917997 0.16021098 0.01540600 0.03339790 0.03407020 0.00943494 0.03264680 0.04260480 0.00303325 0.01384980 0.25935697
5 0.05996573 0.00848674 0.00622940 0.00342858 0.01093621 0.00865691 0.00745374 0.01027460 0.00560236 0.22122910 0.25139112 0.00792002 0.05864053 0.04725322 0.00649944 0.02261211 0.03573152 0.00298124 0.01140231 0.21330510
6 0.14019898 0.02844440 0.02554130 0.02304900 0.02218990 0.02674610 0.04136389 0.03448549 0.01470240 0.05009019 0.04917359 0.03316439 0.02543180 0.01199890 0.15278997 0.09602208 0.11497398 0.00756627 0.01475950 0.08730789
7 0.15123205 0.02989511 0.04952822 0.03973011 0.02359701 0.03482781 0.03938751 0.07575263 0.01714261 0.03264351 0.03985641 0.03830041 0.01900281 0.01801301 0.03229651 0.19526707 0.09840743 0.00554855 0.01775441 0.04181681
8 0.04869069 0.17468296 0.05393509 0.03875109 0.01334610 0.06017839 0.06493839 0.03693999 0.02959209 0.02323709 0.03799879 0.20182395 0.02080600 0.01375550 0.02128280 0.06024999 0.05001429 0.00428573 0.01423980 0.03125129
9 0.06410707 0.04111298 0.04060728 0.10574595 0.00974284 0.06287687 0.16632892 0.03084299 0.02094119 0.07950176 0.05954247 0.05853237 0.02191789 0.01264989 0.02488959 0.06041567 0.05720337 0.00460134 0.01575609 0.06268347
10 0.13565102 0.01935200 0.05199571 0.02627610 0.02138860 0.02662130 0.02488400 0.03518900 0.01307300 0.02824170 0.02935250 0.02675860 0.01990180 0.01141450 0.02271440 0.25774803 0.20086903 0.00305267 0.00914340 0.03637260
11 0.08341799 0.12902098 0.05039579 0.03583249 0.01818410 0.05315629 0.04794099 0.05291329 0.02415880 0.02453640 0.03111070 0.09509758 0.01702930 0.01276590 0.03418059 0.16075897 0.07987069 0.00522086 0.01641020 0.02799810
12 0.04337041 0.00775969 0.00546603 0.00224472 0.00882853 0.00698505 0.00553840 0.00763359 0.00511897 0.22820603 0.27251904 0.00669061 0.06419161 0.05296491 0.00418821 0.01473990 0.03230790 0.00310216 0.01192020 0.21622403
13 0.06294482 0.03237961 0.11263004 0.07160243 0.01958601 0.03186551 0.05658762 0.17084107 0.02873991 0.01783651 0.02747171 0.05665062 0.01480421 0.01400701 0.02372091 0.11852005 0.09505814 0.00422501 0.01127920 0.02924961
14 0.04004512 0.00910213 0.00532749 0.00187825 0.00739823 0.00764619 0.00536970 0.00718564 0.00576014 0.19701909 0.32459515 0.00740901 0.08013694 0.06528613 0.00434547 0.01455911 0.03049531 0.00376529 0.01316151 0.16951408
15 0.04394401 0.02083850 0.01616080 0.01412010 0.01935560 0.02577161 0.01953460 0.01973130 0.02410170 0.11464302 0.19572404 0.02219390 0.10127502 0.07691032 0.01181700 0.04379381 0.05391141 0.01093450 0.08588682 0.07935192
16 0.03516710 0.01117680 0.00662519 0.00485172 0.01028510 0.01071310 0.00607921 0.00966414 0.02054740 0.10903502 0.28187604 0.00927982 0.07056511 0.14986102 0.00506328 0.01943900 0.02812400 0.02068900 0.11130202 0.07965591
17 0.07501914 0.07961744 0.03048071 0.03677112 0.01074101 0.04550872 0.04920492 0.04154402 0.02083271 0.02594261 0.04664742 0.09802015 0.01715191 0.00958785 0.24459711 0.07332873 0.05128822 0.00667408 0.01063210 0.02641001
18 0.05431304 0.02449792 0.01910221 0.01506711 0.01239391 0.02437472 0.02299581 0.02609102 0.01289501 0.12316508 0.24375116 0.03286232 0.09306406 0.05508034 0.01865531 0.04729463 0.05108933 0.00526385 0.02092691 0.09711626
19 0.18517703 0.02377410 0.03941201 0.10008102 0.02853770 0.03118510 0.05333991 0.07081771 0.02039690 0.02561700 0.04121091 0.03294191 0.01719400 0.05984151 0.03332621 0.10864002 0.05366791 0.00796854 0.02685840 0.04001211
20 0.06548625 0.05067774 0.05725574 0.15835012 0.00836305 0.06005695 0.20661716 0.04673084 0.02461462 0.02580882 0.02924422 0.06855255 0.01325871 0.00786449 0.02266622 0.06398715 0.04892944 0.00250700 0.01137191 0.02765702
21 0.06883842 0.02994831 0.07827882 0.18052505 0.01508920 0.04258841 0.14302904 0.04400981 0.02014171 0.02509751 0.02603421 0.04707381 0.01544190 0.00872879 0.02325231 0.09796873 0.08983052 0.00312584 0.01240700 0.02859061
22 0.05852930 0.03453390 0.08213200 0.22251400 0.01050610 0.04467540 0.18747900 0.05147060 0.02039780 0.02119590 0.02194950 0.04998400 0.01001600 0.01012620 0.02185670 0.07278080 0.04106010 0.00298552 0.01332430 0.02248290
23 0.02919748 0.31840177 0.04341017 0.01754559 0.01068789 0.06276696 0.03943587 0.02336298 0.03526747 0.01054629 0.02582968 0.25074382 0.01153049 0.00903029 0.01186399 0.03682147 0.02861048 0.00122901 0.01426349 0.01945479
24 0.08067611 0.03267630 0.03181360 0.03139510 0.01717990 0.02826910 0.02351800 0.15779602 0.04446010 0.02517520 0.04725790 0.02574800 0.01422870 0.10408501 0.01644990 0.09016801 0.02938850 0.02549210 0.14601001 0.02821240
25 0.14280606 0.03343741 0.09002124 0.07235003 0.02256061 0.04324842 0.06401953 0.06721573 0.02639131 0.02514331 0.04028212 0.04804002 0.01666771 0.01255901 0.03091141 0.13448305 0.07593973 0.00403830 0.01182720 0.03805782
26 0.03628320 0.22601098 0.05851109 0.01885170 0.01442540 0.05209120 0.03930670 0.02710290 0.02910460 0.01901890 0.03101120 0.22408998 0.01952590 0.02953100 0.01523810 0.04784160 0.05926379 0.00396629 0.01570240 0.03312310
27 0.04951753 0.09273095 0.07015924 0.14802808 0.01154521 0.05686233 0.14679308 0.04380212 0.02541081 0.01779751 0.02370761 0.12799707 0.01203131 0.00936921 0.02032761 0.06782064 0.04109322 0.00378816 0.01141721 0.01980111
28 0.24741808 0.02225671 0.02031021 0.02577041 0.02805841 0.02273591 0.03447271 0.09712073 0.01216980 0.04664702 0.05655812 0.02592251 0.01715911 0.01651831 0.03505861 0.13978505 0.06740522 0.00375587 0.01280250 0.06807472
29 0.04807542 0.01624901 0.01053140 0.00705941 0.00926705 0.01434420 0.01170950 0.01387450 0.01059510 0.15136505 0.31396610 0.01585701 0.07827553 0.07431982 0.01029540 0.02583351 0.03421111 0.00629102 0.02363681 0.12424304
30 0.03547151 0.01011470 0.00527586 0.00173489 0.00668352 0.00813729 0.00528305 0.00738779 0.00635309 0.16174404 0.37010809 0.00819909 0.10049102 0.08464362 0.00382027 0.01515140 0.02912531 0.00507972 0.01738670 0.11780903
31 0.07681800 0.03706390 0.03471010 0.08829750 0.00985325 0.03207360 0.06343080 0.03705000 0.01453110 0.02151880 0.04065670 0.03873820 0.01641430 0.01005720 0.31341801 0.08014170 0.04685960 0.00439355 0.00940806 0.02456560
32 0.20539898 0.01857070 0.03366550 0.02929910 0.01880720 0.01855710 0.02227800 0.23930697 0.01127760 0.01507100 0.02066030 0.02136980 0.00951719 0.01390490 0.02294860 0.19740098 0.05217299 0.00527663 0.01592710 0.02858940
33 0.12996592 0.06620966 0.03229218 0.02626428 0.02009839 0.04185068 0.05525987 0.03384288 0.01909039 0.05315727 0.06186596 0.11899493 0.02668658 0.01610689 0.02837148 0.08174065 0.07175456 0.00563059 0.01236639 0.09845044
34 0.05621252 0.00601923 0.00701762 0.00463288 0.01333700 0.00538444 0.00719823 0.01528890 0.00392888 0.28261608 0.15892304 0.00547564 0.02900131 0.02690971 0.00438086 0.02008731 0.03658991 0.00220642 0.00776593 0.30702408
35 0.15225193 0.03051389 0.04964578 0.03984848 0.02356259 0.03528998 0.04020298 0.07512286 0.01725179 0.03220428 0.03989678 0.03969998 0.01892529 0.01706269 0.03333468 0.19383391 0.09701135 0.00555487 0.01713729 0.04164858
36 0.05019558 0.14944694 0.09588056 0.05026198 0.02012049 0.05451158 0.05116018 0.04149848 0.03149939 0.01718739 0.02560499 0.12567995 0.01451009 0.01431459 0.02336009 0.12608295 0.06218958 0.00431420 0.01814079 0.02404019
37 0.27475084 0.01284809 0.02734378 0.01875219 0.02950098 0.01936959 0.02041869 0.09199885 0.00860365 0.02336939 0.02792498 0.01740049 0.01152379 0.00981241 0.02677798 0.22649587 0.09734994 0.00273941 0.00800160 0.04501747
38 0.05893029 0.03447499 0.08217319 0.22115496 0.01081290 0.04467889 0.18691997 0.05134849 0.02082070 0.02117300 0.02192030 0.05007949 0.00995367 0.01019120 0.02140310 0.07313159 0.04145019 0.00304771 0.01370530 0.02263010
39 0.16589702 0.01637460 0.01446110 0.01396230 0.02237340 0.01999570 0.02067910 0.04007101 0.01219350 0.10355902 0.18052803 0.01910050 0.04288681 0.03829641 0.02351110 0.08310671 0.05428901 0.00456685 0.01581580 0.10833202
40 0.15146712 0.03083142 0.04965054 0.04039283 0.02378742 0.03517793 0.04012073 0.07636126 0.01739201 0.03211203 0.03944603 0.03951323 0.01900681 0.01731251 0.03378883 0.19294615 0.09618668 0.00546432 0.01728041 0.04176173
41 0.34290514 0.01006020 0.01241351 0.01357691 0.03458321 0.01271891 0.01821181 0.11079205 0.00619257 0.02321721 0.02871441 0.01217891 0.00845058 0.00721680 0.02814071 0.19581008 0.07355353 0.00195803 0.00608870 0.05321672
42 0.31366109 0.01263490 0.01764670 0.01754730 0.03304411 0.01634830 0.02198541 0.10643803 0.00770460 0.02404491 0.03000621 0.01588320 0.01010650 0.00837230 0.02994261 0.19521305 0.07842612 0.00249275 0.00721407 0.05128781
43 0.19165398 0.01874460 0.02408470 0.02564090 0.06315879 0.02655780 0.02761630 0.03917639 0.01727690 0.05805819 0.08223179 0.02743470 0.05748229 0.02236040 0.02790330 0.11781898 0.07683999 0.00416383 0.01911570 0.07268049
44 0.09925651 0.01938140 0.02326240 0.01673570 0.01988040 0.01790430 0.02715980 0.02281440 0.01155400 0.14413001 0.10893601 0.02758050 0.03317660 0.02277250 0.01752370 0.08125810 0.10745801 0.00401374 0.01664690 0.17855501
45 0.04996670 0.00445947 0.00569779 0.00257672 0.01247240 0.00423312 0.00525132 0.00772316 0.00291876 0.29605499 0.16446300 0.00406220 0.02751540 0.02776280 0.00244930 0.01354220 0.03365060 0.00111283 0.00628025 0.32780699
46 0.05927270 0.03400460 0.08178370 0.22178500 0.01070850 0.04467160 0.18677700 0.05178160 0.02051240 0.02120460 0.02214070 0.04977430 0.01002280 0.01045020 0.02212770 0.07275870 0.04143130 0.00288398 0.01358600 0.02232260
47 0.03321320 0.28453203 0.04743870 0.01952630 0.01155760 0.06287621 0.04328450 0.02335020 0.03253400 0.01196030 0.02552150 0.24656202 0.01367360 0.00958084 0.01279190 0.05124511 0.03429400 0.00180426 0.01333050 0.02092320
48 0.09557330 0.02587000 0.04645730 0.03191300 0.02208220 0.04000480 0.03422090 0.03860210 0.01589400 0.05352460 0.07609230 0.04008750 0.06705970 0.02224230 0.02935720 0.18145700 0.10809500 0.00518499 0.01768420 0.04859760
49 0.06475543 0.06250213 0.03238201 0.02165871 0.04889172 0.04064302 0.02411441 0.02518391 0.02142781 0.06372853 0.19236008 0.09877404 0.05025122 0.04354932 0.01976721 0.05744212 0.04743262 0.00648158 0.02193911 0.05671502
50 0.06040943 0.09423015 0.04691192 0.03022891 0.01621381 0.06200283 0.07608314 0.03123922 0.05670513 0.02829721 0.03784492 0.15266007 0.01971791 0.00986758 0.02307531 0.07678454 0.12447106 0.00520553 0.01438511 0.03366622
51 0.15148199 0.03069220 0.04965910 0.03998240 0.02364600 0.03554460 0.04032620 0.07511820 0.01732320 0.03203890 0.03959610 0.03989600 0.01890200 0.01739590 0.03287690 0.19350599 0.09737650 0.00551014 0.01751120 0.04161650
52 0.02581611 0.33638918 0.04397572 0.01430011 0.01055041 0.06126213 0.03346642 0.02112251 0.03525722 0.00853671 0.02431991 0.26298214 0.01106261 0.00887389 0.00913177 0.03398302 0.02556081 0.00079919 0.01424301 0.01836711
53 0.05375894 0.06939205 0.03066372 0.02861772 0.01306171 0.05235734 0.05365884 0.02152442 0.02172282 0.11424008 0.10815708 0.11869308 0.04141013 0.02476152 0.02471572 0.05399034 0.05822974 0.00882941 0.01777991 0.08443546
54 0.06971176 0.01789469 0.01889509 0.01291919 0.01352959 0.02457239 0.01677439 0.01984959 0.01445039 0.11086694 0.28389785 0.02037499 0.06981176 0.06165677 0.01673379 0.06816596 0.04705738 0.00658013 0.01989849 0.08635885
55 0.04140630 0.23581499 0.03814800 0.04243060 0.00795239 0.07212040 0.09749200 0.02732260 0.03425150 0.01552540 0.02684640 0.21034899 0.01240640 0.00775059 0.01455440 0.04366680 0.03844790 0.00126537 0.01120630 0.02104270
56 0.05787561 0.03292860 0.10086201 0.18478002 0.01133930 0.04818540 0.18198802 0.04875750 0.02051900 0.01716580 0.02035020 0.05472871 0.01168600 0.00811792 0.01802520 0.10232101 0.04715350 0.00243308 0.00974790 0.02103520
57 0.05059100 0.01400210 0.01043640 0.00928685 0.01102390 0.01822400 0.01479240 0.01035020 0.00943066 0.18033798 0.21675698 0.01792940 0.09218969 0.04034590 0.01197080 0.04713460 0.07951479 0.00494798 0.02586540 0.13486899
58 0.13773601 0.03712280 0.05861120 0.12526201 0.02429860 0.05300500 0.11561101 0.05142370 0.05274180 0.01946710 0.03785530 0.04573670 0.01394340 0.01301430 0.02410170 0.08681060 0.05455500 0.00363385 0.01537290 0.02969700
59 0.03789370 0.01441650 0.01222680 0.01558680 0.02006590 0.01854760 0.02059330 0.01365970 0.03650660 0.11037500 0.07736050 0.01474720 0.04153230 0.13256900 0.01386020 0.05027300 0.07906880 0.03005450 0.19302100 0.06764160
60 0.06912002 0.00509502 0.00605816 0.00355027 0.01466740 0.00519247 0.00669276 0.01118190 0.00335645 0.27729508 0.15745305 0.00479293 0.02790931 0.02603231 0.00451470 0.02379351 0.03789851 0.00134921 0.00651383 0.30753309
61 0.04760348 0.01638129 0.01044659 0.00692660 0.00913184 0.01457599 0.01177439 0.01400729 0.01058889 0.15071593 0.31498385 0.01601829 0.07872016 0.07449116 0.01086539 0.02556519 0.03396418 0.00630424 0.02360029 0.12333494
62 0.04436607 0.04588577 0.02205789 0.01347799 0.01145489 0.04181697 0.03132818 0.01432519 0.01509549 0.11960592 0.18834688 0.10342193 0.08984744 0.03878148 0.01418769 0.04095717 0.05733166 0.00543874 0.01762459 0.08464805
63 0.04966142 0.00458364 0.00562963 0.00252030 0.01220290 0.00433848 0.00524857 0.00774667 0.00302508 0.29398409 0.16887005 0.00419162 0.02946421 0.02844671 0.00267353 0.01351340 0.03383551 0.00126467 0.00653840 0.32226110
64 0.05772431 0.03188911 0.07592352 0.24466406 0.00472634 0.05146591 0.25458306 0.04523731 0.02036850 0.01575850 0.01517620 0.04880571 0.00605653 0.00503998 0.01244980 0.05352981 0.03208891 0.00073907 0.00793674 0.01583660
65 0.10610097 0.02613779 0.06795168 0.03260019 0.06939008 0.03960749 0.02609509 0.03558319 0.06460068 0.03018209 0.03358609 0.03333769 0.02038509 0.01344070 0.02408329 0.17615395 0.13371496 0.00431938 0.02406949 0.03866009
66 0.18732600 0.02225560 0.02485220 0.02660400 0.02287130 0.02881950 0.02633870 0.11382500 0.02107310 0.03245250 0.03949130 0.02431360 0.01694810 0.04365880 0.02343170 0.16440300 0.05667660 0.01244460 0.07296060 0.03925380
67 0.24223698 0.01537450 0.01786570 0.01832020 0.03322270 0.02167340 0.02503280 0.05561089 0.00898923 0.07244499 0.05374540 0.01838540 0.01970680 0.01244790 0.03163660 0.17247998 0.08978299 0.00446436 0.01071720 0.07586199
68 0.04747729 0.03344599 0.07881158 0.25686893 0.00395931 0.04851999 0.25291193 0.04680409 0.01968189 0.01511670 0.01341900 0.05604159 0.00542439 0.00502072 0.01159690 0.05350829 0.02882869 0.00068981 0.00782923 0.01404370
69 0.09936830 0.02099592 0.02226272 0.02393342 0.02124182 0.02608683 0.02796953 0.02839413 0.01223801 0.15301615 0.10735711 0.02424882 0.03719494 0.02519162 0.02691053 0.11064111 0.07609238 0.00879552 0.02133502 0.12672613
70 0.06719910 0.03781910 0.05641160 0.15287000 0.00922131 0.06550510 0.18954600 0.03789380 0.02390870 0.02348660 0.04870190 0.05798060 0.01879360 0.00595253 0.01931840 0.07041290 0.07597600 0.00204374 0.01106370 0.02589530
71 0.04162091 0.01176980 0.00701145 0.00475114 0.00824956 0.01266260 0.00910823 0.00895034 0.00734652 0.18266502 0.29957804 0.01300270 0.09598031 0.05967631 0.00696510 0.02376270 0.04239181 0.00435963 0.01909880 0.14104902
72 0.04879921 0.00318455 0.00508969 0.00190307 0.01249170 0.00313174 0.00412914 0.00708809 0.00216100 0.31096305 0.15388803 0.00256986 0.02235590 0.02450330 0.00163145 0.01076990 0.03203271 0.00054836 0.00429818 0.34846106
73 0.20011910 0.03287232 0.03124881 0.07381184 0.02315091 0.04557342 0.12369506 0.06051373 0.01772201 0.02535841 0.03287832 0.04542632 0.01341801 0.00671637 0.03444052 0.11120505 0.06790803 0.00297890 0.00826595 0.04269692
74 0.10991704 0.03466111 0.04047692 0.03338621 0.02014751 0.03391331 0.04527232 0.03551391 0.01883711 0.06107812 0.06720333 0.04611912 0.02881011 0.02022931 0.03206371 0.13753005 0.14374205 0.00490712 0.01802371 0.06816793
75 0.07861199 0.04577939 0.04244359 0.10196299 0.01042090 0.06454169 0.18576797 0.03631619 0.02548080 0.02920250 0.03288120 0.07463649 0.01757990 0.00679088 0.02671310 0.07566679 0.09386259 0.00356286 0.01309220 0.03468600
76 0.08445946 0.07458827 0.03857338 0.09325886 0.00772808 0.07456777 0.18008292 0.03663528 0.02738809 0.02302689 0.03008909 0.11825195 0.01447239 0.00613907 0.02442129 0.06630247 0.06263587 0.00285462 0.00868699 0.02583729
77 0.24782187 0.02261209 0.02026879 0.02551189 0.02783738 0.02291159 0.03430578 0.09618355 0.01209679 0.04682937 0.05688027 0.02581159 0.01693699 0.01687999 0.03467998 0.13990792 0.06694286 0.00382274 0.01311569 0.06864286
78 0.04312696 0.00787107 0.00548066 0.00236659 0.00883812 0.00693164 0.00564784 0.00763091 0.00509734 0.22894877 0.27212073 0.00660243 0.06396294 0.05265295 0.00408865 0.01454429 0.03216157 0.00301836 0.01174039 0.21716779
79 0.04788968 0.01662629 0.01059320 0.00733409 0.00921629 0.01495629 0.01211529 0.01398279 0.01091270 0.15028893 0.31366086 0.01629149 0.07843146 0.07396257 0.01035300 0.02612469 0.03419788 0.00627807 0.02348749 0.12329694
80 0.20325896 0.01997430 0.03315589 0.03038839 0.01832510 0.01851750 0.02494270 0.25758095 0.01198270 0.01519580 0.02123230 0.02248140 0.00953512 0.01382040 0.02376430 0.17942396 0.04747229 0.00540668 0.01517780 0.02836349
81 0.06086529 0.19208197 0.05266669 0.02683530 0.05246429 0.05256199 0.03445100 0.03936769 0.03856099 0.02535630 0.03808689 0.14004598 0.01773040 0.01658080 0.02640970 0.06961859 0.04856909 0.00430104 0.02792710 0.03551890
82 0.04766900 0.00950554 0.00724180 0.00398162 0.00922507 0.01057470 0.00868827 0.00889089 0.00662097 0.21599399 0.25772299 0.00987304 0.06743020 0.04780260 0.00637206 0.02229580 0.04490320 0.00338717 0.01443010 0.19739099
83 0.11588198 0.01935940 0.05020439 0.02352430 0.01807490 0.02374530 0.02244490 0.02612430 0.01266080 0.02745230 0.02785810 0.02506900 0.02072460 0.01143500 0.01930810 0.26455596 0.24729896 0.00264479 0.00808917 0.03354379
84 0.24949213 0.02222731 0.02025771 0.02549051 0.02835492 0.02274071 0.03412402 0.09716005 0.01203361 0.04601072 0.05585353 0.02590391 0.01662301 0.01654341 0.03443952 0.14084407 0.06736614 0.00382787 0.01295911 0.06774774
85 0.04239140 0.00664890 0.00487183 0.00138987 0.00842792 0.00520320 0.00429999 0.00675000 0.00418299 0.23638002 0.27373602 0.00493512 0.06252741 0.05138190 0.00269220 0.01192470 0.03060020 0.00233581 0.00928549 0.23003502
86 0.17251402 0.02869290 0.01696390 0.01997370 0.01918620 0.02684420 0.03417670 0.04031470 0.01083040 0.07419071 0.05631001 0.02658420 0.02273350 0.01188000 0.18395302 0.10668801 0.07477941 0.00783768 0.01092250 0.05462421
87 0.17594299 0.03514570 0.03015840 0.02868440 0.01859830 0.02237580 0.02640590 0.15609099 0.01253510 0.02130510 0.02786670 0.02859240 0.01076150 0.01112440 0.13551699 0.15679099 0.05475710 0.00626734 0.01243110 0.02864880
88 0.23454414 0.02527721 0.01678511 0.02115401 0.02167431 0.02385851 0.03107042 0.06231074 0.00943992 0.02597022 0.03555692 0.02418871 0.01742451 0.00836882 0.19436311 0.12424307 0.07061634 0.00429020 0.00669508 0.04216862
89 0.12784390 0.02078248 0.05020756 0.02625618 0.02048498 0.02647658 0.02667438 0.03166138 0.01345649 0.02919448 0.02995218 0.02791988 0.02079908 0.01143619 0.02313718 0.24907281 0.21581684 0.00291610 0.00912785 0.03678347
90 0.04768842 0.01676591 0.01032280 0.00697794 0.00909403 0.01459111 0.01177731 0.01331501 0.01067150 0.15030007 0.31502214 0.01619441 0.07846583 0.07479203 0.01070050 0.02603581 0.03398721 0.00633189 0.02380901 0.12315705
91 0.10710493 0.03546538 0.05335696 0.09090044 0.01762889 0.05630266 0.13109191 0.04924907 0.01848839 0.02476498 0.02870408 0.05233456 0.01808199 0.00844210 0.02976948 0.15630490 0.07590605 0.00392536 0.01230849 0.02986938
92 0.29572118 0.01537471 0.01241711 0.01497891 0.02040821 0.00991026 0.01773831 0.28027117 0.00656586 0.01473571 0.02086031 0.01272841 0.00668452 0.00941360 0.02155431 0.15382309 0.04030282 0.00300913 0.00885345 0.03464892
93 0.06866201 0.01332990 0.01220730 0.00939503 0.01498550 0.01067890 0.01435320 0.01729020 0.00744804 0.22862904 0.15937003 0.01526860 0.03303391 0.03421301 0.00931883 0.03307161 0.04258311 0.00301741 0.01394930 0.25919505
94 0.05119808 0.13744495 0.04399338 0.07052597 0.00778443 0.06789777 0.14023495 0.03222029 0.02963629 0.02012739 0.02772129 0.18224693 0.01655989 0.00808854 0.01757849 0.05363078 0.05402608 0.00240980 0.00998432 0.02669039
95 0.03044392 0.00705233 0.00451917 0.00380765 0.01105951 0.00619889 0.00323666 0.00793387 0.02169621 0.08902315 0.26506915 0.00638177 0.05830063 0.20255611 0.00292090 0.01729201 0.02181421 0.02895762 0.14412208 0.06761414
96 0.15065191 0.03044308 0.04069447 0.03872798 0.02290019 0.02496478 0.04535567 0.15177990 0.01908709 0.02881508 0.03608838 0.03923178 0.01688479 0.01340529 0.03417358 0.13454892 0.11145393 0.00489703 0.01234889 0.04354727
97 0.28038300 0.01461110 0.02430580 0.02012890 0.03041510 0.01998440 0.02311650 0.09859210 0.00896041 0.02465370 0.02980550 0.01881060 0.01166100 0.00949330 0.02911000 0.20846300 0.08939880 0.00279974 0.00813984 0.04716720
98 0.04925332 0.02515801 0.11354404 0.26023509 0.00879989 0.03818991 0.19919107 0.04742282 0.01855101 0.01726791 0.01528101 0.04480132 0.00653370 0.00686623 0.01233600 0.07048333 0.03704191 0.00168840 0.00901412 0.01834091
99 0.05258922 0.03838251 0.06675823 0.22339209 0.00422459 0.06921293 0.24875909 0.04443632 0.02197421 0.01739291 0.01804861 0.05531852 0.00756733 0.00508801 0.01278770 0.05671312 0.03363121 0.00075774 0.00891205 0.01405361
100 0.04760413 0.01691111 0.01060521 0.00741979 0.00904666 0.01471481 0.01196221 0.01392521 0.01069731 0.15022410 0.31372122 0.01637491 0.07831515 0.07440695 0.01030281 0.02591862 0.03461032 0.00649348 0.02375392 0.12299208
101 0.15176696 0.03042439 0.04992659 0.04019049 0.02367519 0.03495449 0.03977629 0.07519208 0.01709410 0.03220779 0.03969369 0.03947639 0.01893500 0.01752450 0.03254939 0.19496895 0.09709878 0.00558564 0.01713540 0.04182389
102 0.12892605 0.02013241 0.01772831 0.01712591 0.02005401 0.01962451 0.03110791 0.04003622 0.01877771 0.07201253 0.09853864 0.02957851 0.02947471 0.07591983 0.03374831 0.07867913 0.05989392 0.04764802 0.06700063 0.09399274
103 0.23723296 0.01756600 0.01806460 0.01463720 0.01294330 0.01024470 0.01645480 0.40059993 0.00697576 0.00984986 0.01727790 0.01379230 0.00738113 0.01126400 0.01591040 0.12664798 0.02724810 0.00343765 0.00945998 0.02301150
104 0.03802751 0.01318770 0.01227000 0.01035440 0.01378460 0.01082530 0.00855474 0.02024450 0.02927070 0.07271311 0.16799103 0.01427010 0.03520661 0.21073103 0.00746961 0.03099160 0.02673890 0.03403941 0.17567203 0.06765711
105 0.21027483 0.01279989 0.01556709 0.01417759 0.03157967 0.01373439 0.02380738 0.03979367 0.00850360 0.10196192 0.07605834 0.01724099 0.02126458 0.01379539 0.02310088 0.11846390 0.09810392 0.00273491 0.00914019 0.14789688
106 0.04150168 0.01433069 0.01050879 0.01215749 0.01602209 0.01677749 0.01543289 0.01367669 0.02399849 0.15122492 0.15767392 0.01465289 0.05323917 0.10571795 0.01194729 0.03896388 0.05016207 0.02168369 0.11915894 0.11116894
107 0.10143299 0.06855709 0.03526440 0.03147570 0.01968080 0.05180979 0.06438649 0.03060040 0.02603340 0.03821839 0.04275159 0.11676098 0.02437260 0.01898660 0.02710360 0.08645409 0.10987398 0.00889744 0.05172699 0.04561269
108 0.03818880 0.00875723 0.00474000 0.00130407 0.00669695 0.00657466 0.00474454 0.00675763 0.00526301 0.19371499 0.33246599 0.00665942 0.08633670 0.06947020 0.00317912 0.01314330 0.03004730 0.00358650 0.01303560 0.16533400
109 0.05894069 0.04326139 0.08849368 0.10277398 0.01460690 0.05122679 0.13625897 0.05239679 0.02318869 0.02494059 0.04200969 0.07859418 0.05379329 0.01448860 0.02089329 0.08665628 0.05948679 0.00341404 0.01273620 0.03183919
110 0.02589729 0.33593984 0.04403798 0.01435449 0.01058990 0.06127147 0.03355588 0.02115769 0.03522988 0.00852890 0.02430029 0.26287688 0.01097179 0.00883158 0.00923498 0.03407438 0.02574479 0.00080640 0.01422119 0.01837439
111 0.06597162 0.05079942 0.05717102 0.15699305 0.00824384 0.06046082 0.20699807 0.04679512 0.02496321 0.02566991 0.02920951 0.06886172 0.01320040 0.00779124 0.02189851 0.06423562 0.04897252 0.00252378 0.01161450 0.02762611
112 0.10784508 0.02700932 0.05025714 0.04021253 0.01252801 0.04963154 0.03874193 0.32459423 0.02010911 0.01142211 0.02347982 0.03455872 0.01369631 0.01596421 0.02041251 0.13710310 0.03166872 0.00580578 0.01713141 0.01782841
113 0.02503111 0.00528947 0.01156000 0.00714304 0.01542611 0.01065510 0.00148826 0.00960998 0.05846222 0.02398701 0.08203193 0.00453653 0.00497995 0.30362711 0.00273841 0.02130021 0.01790961 0.05025082 0.31328311 0.03069001
114 0.23495707 0.01814071 0.01820251 0.01481460 0.01259240 0.01033630 0.01651220 0.40375411 0.00724617 0.00983317 0.01719820 0.01402690 0.00750509 0.01123920 0.01603050 0.12484803 0.02681821 0.00352964 0.00943195 0.02298301
115 0.15085097 0.03034509 0.04941999 0.03960699 0.02349290 0.03519539 0.03968339 0.07599319 0.01722040 0.03232029 0.04012319 0.03885649 0.01906800 0.01758430 0.03244749 0.19559497 0.09711878 0.00564517 0.01771140 0.04172159
116 0.03645448 0.02133709 0.02063319 0.01624239 0.01828209 0.02231919 0.01407929 0.02190429 0.05430207 0.03888028 0.08578355 0.01832449 0.01578599 0.21767688 0.00934054 0.03833978 0.02928388 0.03868508 0.24187887 0.04046658
117 0.04345148 0.25557887 0.04234348 0.02885389 0.01209249 0.06110257 0.05125137 0.03641698 0.03522538 0.02020299 0.03828898 0.19024190 0.01487379 0.01268259 0.02379589 0.04950167 0.03751958 0.00270621 0.01786479 0.02600509
118 0.02696220 0.00346860 0.00322064 0.00591084 0.01408040 0.00472859 0.00142301 0.00839119 0.03885170 0.03747230 0.12220800 0.00398978 0.01512810 0.30203399 0.00224729 0.01872480 0.01842360 0.05077200 0.28310799 0.03885500
119 0.05956450 0.01687130 0.01511500 0.00983534 0.01053960 0.01942720 0.01741920 0.01434630 0.01220990 0.14017400 0.27501399 0.02060500 0.07325600 0.05709630 0.01307780 0.04251720 0.06096820 0.00497988 0.01887230 0.11811100
120 0.13637206 0.01284021 0.00955239 0.01006370 0.01936121 0.01276531 0.01455371 0.04929562 0.00776862 0.15885207 0.17846208 0.01264761 0.04224902 0.03326681 0.01767001 0.06651353 0.04676572 0.00454255 0.01168571 0.15477207
121 0.04379590 0.00661951 0.00526070 0.00170431 0.00898134 0.00525484 0.00469648 0.00704498 0.00426891 0.23969002 0.26249702 0.00514973 0.05828800 0.04912200 0.00285252 0.01226230 0.03092020 0.00222011 0.00906410 0.24030702
122 0.03116079 0.31039488 0.04239058 0.01909059 0.01183480 0.06711907 0.03923548 0.02762719 0.05479668 0.01153460 0.02675809 0.21682191 0.00946921 0.00917595 0.01464819 0.03734189 0.02857509 0.00142374 0.02221419 0.01838709
123 0.04488182 0.01313831 0.00965413 0.00631916 0.00818124 0.01686581 0.01223231 0.01037411 0.00915911 0.14642308 0.31844118 0.01607951 0.10298706 0.06245703 0.00912378 0.03081402 0.05373363 0.00443806 0.01819861 0.10649806
124 0.08603595 0.03935098 0.04269147 0.09552064 0.01184849 0.06496886 0.17524689 0.03434588 0.02182129 0.02637688 0.02986548 0.06615116 0.01867539 0.00584512 0.02540878 0.10887893 0.10184794 0.00329948 0.01179879 0.03002158
125 0.05661398 0.01776019 0.07624647 0.02390849 0.00851482 0.01648599 0.02478609 0.56003182 0.01590189 0.00480726 0.01707889 0.03251209 0.01551039 0.01533319 0.00820197 0.06380628 0.01882319 0.00298410 0.00593398 0.01475890
126 0.14701400 0.03938000 0.02947550 0.02794890 0.02029920 0.02340870 0.03562350 0.09975410 0.01605230 0.02802970 0.03343260 0.03461310 0.01608140 0.00987365 0.17536800 0.11382900 0.09986470 0.00589596 0.01010800 0.03394770
127 0.04328088 0.00794820 0.00556092 0.00241564 0.00882379 0.00708919 0.00583258 0.00760685 0.00507338 0.22834790 0.27238189 0.00664189 0.06396847 0.05277948 0.00407210 0.01471959 0.03229319 0.00310508 0.01183210 0.21622691
128 0.06728778 0.01350460 0.01237090 0.00956743 0.01526849 0.01110970 0.01445390 0.01673319 0.00761895 0.22919292 0.15946295 0.01558839 0.03331509 0.03379649 0.00887647 0.03295129 0.04259499 0.00307878 0.01384980 0.25937791
129 0.06658013 0.08524713 0.05270692 0.05713252 0.01551421 0.10829804 0.08956683 0.03665171 0.04666612 0.03327711 0.05377342 0.09021253 0.02280901 0.01495431 0.02825961 0.08082703 0.05487992 0.00419762 0.02577421 0.03267161
130 0.06291625 0.11189891 0.05780345 0.04509416 0.01433039 0.10153592 0.07931684 0.02835018 0.02886798 0.02373018 0.03474517 0.14777288 0.01895948 0.00925168 0.02577808 0.11135791 0.05817595 0.00431022 0.01287509 0.02292928
131 0.05878680 0.03411940 0.08260440 0.22250299 0.01068900 0.04456880 0.18696699 0.05122260 0.02060520 0.02096220 0.02198020 0.04992270 0.01003510 0.01010300 0.02189830 0.07305470 0.04141030 0.00302715 0.01332270 0.02221750
132 0.06169619 0.03451259 0.07630049 0.04347059 0.01931090 0.02978009 0.04160299 0.03454349 0.02373340 0.11692498 0.08766788 0.04921109 0.02414660 0.02220000 0.01705990 0.06918739 0.06295889 0.00403938 0.01590220 0.16575097
133 0.04371242 0.19590611 0.03037232 0.01813441 0.01128961 0.05168603 0.03779252 0.02597151 0.02854422 0.05265533 0.13134807 0.14113508 0.03388182 0.02702391 0.02537811 0.04103792 0.03719882 0.00343076 0.01732501 0.04617602
134 0.04709302 0.01633461 0.01039550 0.00716862 0.00906661 0.01482080 0.01223530 0.01322140 0.01076410 0.15058005 0.31529010 0.01594731 0.07860103 0.07520052 0.01041580 0.02546011 0.03413171 0.00644615 0.02400821 0.12281904
135 0.11209114 0.02428693 0.02565353 0.03165414 0.01768812 0.01986502 0.03347584 0.14319018 0.01437102 0.11630714 0.09490402 0.02633243 0.02752323 0.02595323 0.02601453 0.08106400 0.04710906 0.00891967 0.01776662 0.10583013
136 0.07412234 0.02120611 0.02173851 0.01501261 0.01365651 0.02458291 0.02435361 0.01876091 0.01468051 0.12148106 0.20827911 0.02761661 0.05798483 0.04449842 0.01787891 0.06760763 0.09029365 0.00513489 0.01975281 0.11135806
137 0.04819419 0.02806590 0.08558529 0.27012996 0.00454461 0.04459739 0.25010297 0.04652679 0.01800790 0.01614360 0.01329210 0.04545499 0.00553959 0.00510498 0.01145960 0.05375259 0.02905770 0.00072047 0.00818929 0.01553010
138 0.03748659 0.01306920 0.01055830 0.01234600 0.01736100 0.01576390 0.01346050 0.01388840 0.03275799 0.10843498 0.13043997 0.01290470 0.03985289 0.16184697 0.01021940 0.03659069 0.04274129 0.03121089 0.17983596 0.07923038
139 0.13574891 0.01988419 0.05180317 0.02666138 0.02127569 0.02715198 0.02575428 0.03543698 0.01326329 0.02826368 0.02954878 0.02709798 0.02019689 0.01152329 0.02296809 0.25621983 0.19911387 0.00291001 0.00896603 0.03621168
140 0.03170380 0.29294200 0.04005290 0.01632420 0.01067190 0.06640790 0.04116650 0.02173670 0.03369260 0.01453870 0.03917410 0.24682100 0.01463400 0.00894709 0.01442250 0.03692190 0.03279680 0.00130452 0.01329690 0.02244400
141 0.05231419 0.03669999 0.03422059 0.09028638 0.01360030 0.05950579 0.17357696 0.02768529 0.02307409 0.08275228 0.04205539 0.04621129 0.02571699 0.01430420 0.02546499 0.06230268 0.06843988 0.00852895 0.05740009 0.05585969
142 0.05113759 0.01361990 0.01007390 0.00682149 0.01512150 0.02541239 0.01589890 0.00951102 0.00750957 0.24490994 0.15347796 0.01623020 0.03749979 0.02711139 0.00694417 0.02640069 0.04344409 0.00265539 0.01478820 0.27143193
143 0.05023857 0.05907696 0.07354145 0.17076689 0.01075639 0.04697477 0.15962490 0.09660984 0.02551648 0.01587679 0.02065389 0.09103704 0.00938064 0.00920140 0.01999859 0.07252855 0.03590268 0.00460238 0.01088209 0.01682969
144 0.15055098 0.03102790 0.05014609 0.03994600 0.02346340 0.03597330 0.04026860 0.07626079 0.01753890 0.03216400 0.03934180 0.04022730 0.01898010 0.01723490 0.03194320 0.19392798 0.09655089 0.00551642 0.01769260 0.04124490
145 0.04888630 0.03145670 0.07994930 0.25237599 0.00474747 0.04531040 0.24531099 0.06228810 0.02140320 0.01487410 0.01379840 0.04795610 0.00596326 0.00516263 0.01124270 0.05664480 0.02912740 0.00085390 0.00793486 0.01471340
146 0.12619808 0.05786844 0.04145613 0.04884463 0.01733421 0.10899807 0.08878026 0.04011763 0.03249012 0.03150442 0.05011393 0.07006905 0.02086001 0.01072621 0.03540702 0.10221307 0.06482964 0.00363593 0.01643651 0.03211662
147 0.05155708 0.16606994 0.04381888 0.03883948 0.01150950 0.10169896 0.08115167 0.02560729 0.03422459 0.02440359 0.03704189 0.18259793 0.01846589 0.00873769 0.02127429 0.06179838 0.05015798 0.00273420 0.01358299 0.02472779
148 0.11356194 0.02804598 0.02097179 0.02397979 0.01107169 0.02434329 0.02738298 0.02547439 0.01100129 0.03167228 0.04131168 0.02472979 0.04413888 0.00983509 0.34884180 0.07705906 0.09311645 0.00491780 0.00804796 0.03049608
149 0.05235178 0.06557488 0.11495496 0.06919757 0.01928869 0.10968896 0.06855257 0.03782859 0.07698077 0.01713989 0.03455959 0.07629607 0.01501879 0.01293280 0.02377219 0.09790216 0.04647278 0.00474468 0.03325049 0.02349179
150 0.03775203 0.01290821 0.01187411 0.01022771 0.01389641 0.01052401 0.00840277 0.02005471 0.02933662 0.07237185 0.16767512 0.01409981 0.03471492 0.21239115 0.00737736 0.03064312 0.02672892 0.03442692 0.17713612 0.06745815
151 0.24886181 0.02237338 0.02015398 0.02626608 0.02799518 0.02265488 0.03445637 0.09747762 0.01210199 0.04547556 0.05548366 0.02588818 0.01667029 0.01666509 0.03575627 0.14036189 0.06720775 0.00382458 0.01302349 0.06730195
152 0.02872843 0.00594868 0.00586358 0.00745677 0.01527421 0.00824381 0.00316043 0.01006281 0.04263904 0.03616723 0.10907210 0.00568672 0.01345261 0.28895926 0.00347186 0.02207192 0.02099092 0.04945024 0.28505026 0.03824913
153 0.05248601 0.03044880 0.07959151 0.24214003 0.00620123 0.04965981 0.23171203 0.04842621 0.01839720 0.01675060 0.01620360 0.04807541 0.00833719 0.00527057 0.01366520 0.07121701 0.03509860 0.00114052 0.00903276 0.01614570
154 0.10254801 0.02909570 0.07198181 0.19340302 0.01562960 0.04278320 0.16274201 0.05561681 0.01938640 0.02083630 0.02477050 0.04246250 0.01082610 0.00985073 0.02531240 0.08500521 0.04751450 0.00265158 0.01075090 0.02683270
155 0.12496305 0.02586581 0.04178852 0.02661831 0.01042240 0.01705011 0.02917181 0.45387620 0.01311401 0.01264541 0.02326621 0.02832801 0.01318031 0.01541481 0.01548041 0.08713164 0.02475061 0.00431307 0.01071780 0.02190151
156 0.02548800 0.00257545 0.00343626 0.00625057 0.01432660 0.00445462 0.00090183 0.00822242 0.04392450 0.02458990 0.08828890 0.00331751 0.00431240 0.32631200 0.00195393 0.01905590 0.01729520 0.05517910 0.31841400 0.03170090
157 0.18574402 0.10002501 0.02491860 0.02898250 0.02001960 0.04516320 0.05309571 0.09260191 0.02130070 0.02557280 0.03866660 0.07191381 0.01500990 0.01082740 0.04572640 0.10452401 0.06276191 0.00400320 0.01198660 0.03715610
158 0.04798336 0.01638609 0.01050669 0.00731998 0.00910861 0.01472649 0.01199259 0.01362539 0.01088079 0.15056088 0.31379675 0.01583339 0.07822994 0.07460484 0.01060999 0.02580898 0.03403217 0.00642647 0.02391068 0.12365590
159 0.03342719 0.00966193 0.00503658 0.00174879 0.00739287 0.00759354 0.00435222 0.00685700 0.00914489 0.13539394 0.37859084 0.00762341 0.09350936 0.11304395 0.00340559 0.01496569 0.02518809 0.00996890 0.03878988 0.09430536
160 0.04477649 0.00865345 0.00608760 0.00243634 0.00861972 0.00705587 0.00584581 0.00806173 0.00566523 0.21026893 0.29014491 0.00723986 0.06881118 0.05857848 0.00433436 0.01547060 0.03182339 0.00336934 0.01308980 0.19966694
161 0.05994101 0.21174405 0.04500851 0.03206141 0.01477250 0.05967941 0.05190671 0.04356291 0.03020531 0.02059880 0.03104691 0.15417003 0.01459400 0.01152500 0.02948751 0.09202982 0.05250811 0.00392998 0.01657280 0.02465521
162 0.04488553 0.00560693 0.00496569 0.00160948 0.00978035 0.00467867 0.00439983 0.00696538 0.00366500 0.26019820 0.23366218 0.00436833 0.04977414 0.04231913 0.00242503 0.01186251 0.03152582 0.00176909 0.00814150 0.26739720
163 0.04007302 0.00920280 0.00536059 0.00187054 0.00732340 0.00773997 0.00553629 0.00722161 0.00571907 0.19660607 0.32508412 0.00751005 0.08019243 0.06533672 0.00430416 0.01438711 0.03032501 0.00376654 0.01316741 0.16927306
164 0.04062960 0.00833570 0.00490406 0.00275708 0.00859913 0.00832450 0.00605174 0.00749448 0.00871470 0.19857698 0.27659597 0.00676842 0.07795929 0.06848889 0.00403217 0.01721060 0.03859420 0.00661383 0.03856970 0.17077898
165 0.04875263 0.00540712 0.00580445 0.00245332 0.01138061 0.00489952 0.00526551 0.00767490 0.00367545 0.27401715 0.19749811 0.00467844 0.03743382 0.03544642 0.00290148 0.01312251 0.03270832 0.00146928 0.00758177 0.29782917
166 0.02593740 0.00234677 0.00253339 0.00633031 0.01402040 0.00373942 0.00082815 0.00849468 0.04189469 0.02487490 0.08922858 0.00334547 0.00398404 0.32711294 0.00188076 0.01877290 0.01737740 0.06191129 0.31383394 0.03155259
167 0.06389379 0.01163420 0.00774191 0.00608255 0.01119420 0.01385570 0.01118950 0.01113730 0.00741983 0.18946497 0.25126096 0.01270710 0.08052869 0.04784099 0.01114350 0.03364579 0.04798939 0.00388437 0.01682330 0.16056197
168 0.03872939 0.26693896 0.04040699 0.02522770 0.01085730 0.08656679 0.05660339 0.02459150 0.04115789 0.01600170 0.03057230 0.20324897 0.01246090 0.00829979 0.01619300 0.04581479 0.03744919 0.00148806 0.01678100 0.02061040
169 0.02706629 0.00359539 0.00326467 0.00583789 0.01405339 0.00477005 0.00151230 0.00842514 0.03867858 0.03767788 0.12357494 0.00406047 0.01565259 0.30128686 0.00221606 0.01865259 0.01849659 0.05058568 0.28169187 0.03890078
170 0.11623801 0.03372350 0.02523720 0.02717810 0.01425430 0.02708500 0.03633710 0.03444000 0.01331210 0.03273160 0.03680380 0.03209010 0.02353120 0.00973942 0.29871502 0.09160871 0.10012201 0.00592784 0.00930447 0.03162050
171 0.03772284 0.01312721 0.01226771 0.01049811 0.01387031 0.01073401 0.00850540 0.02033792 0.02948593 0.07186117 0.16660215 0.01445991 0.03463343 0.21240920 0.00745369 0.03046603 0.02659602 0.03433443 0.17755817 0.06707636
172 0.02896133 0.31836430 0.04373344 0.01760092 0.01068121 0.06295046 0.03917054 0.02337892 0.03541143 0.01034731 0.02571642 0.25110424 0.01154701 0.00912043 0.01163501 0.03684984 0.02864693 0.00117943 0.01417341 0.01942742
173 0.11252796 0.03117589 0.03060469 0.03047919 0.01304210 0.03131099 0.02779099 0.04041939 0.01038070 0.02727059 0.03353949 0.02739999 0.01783099 0.00998850 0.32400689 0.13285895 0.06084838 0.00576275 0.00799070 0.02477089
174 0.03901229 0.01099890 0.00805137 0.00437868 0.00887980 0.00949703 0.00674353 0.00959641 0.01304360 0.13106097 0.30958192 0.01048300 0.07834898 0.11794597 0.00576643 0.02362859 0.03792119 0.01315020 0.05954119 0.10236997
175 0.04875121 0.00324169 0.00513143 0.00196403 0.01253680 0.00313442 0.00412513 0.00709584 0.00217315 0.31099905 0.15350502 0.00261142 0.02218420 0.02445950 0.00161822 0.01085070 0.03202140 0.00057794 0.00433378 0.34868505
176 0.06653680 0.06658540 0.04023030 0.10855099 0.00684847 0.11165599 0.19552599 0.03401710 0.02816250 0.02746410 0.03350780 0.08299540 0.01469940 0.00611219 0.02059080 0.06710600 0.05431420 0.00183989 0.01203880 0.02121790
177 0.10415697 0.04262339 0.02560889 0.03508839 0.01210590 0.03073059 0.03603289 0.04125829 0.01469530 0.02989949 0.04654359 0.03797589 0.02085979 0.01142740 0.31897190 0.08606297 0.05920318 0.00571790 0.01046690 0.03057039
178 0.04752905 0.02511393 0.01437692 0.00838381 0.01174611 0.01995352 0.01886052 0.01111061 0.00985004 0.21593523 0.16662318 0.05129905 0.04715925 0.03179443 0.00989852 0.02851033 0.04645925 0.00558441 0.01404961 0.21576223
179 0.05297760 0.00384141 0.00524837 0.00232797 0.01278120 0.00384217 0.00474319 0.00782772 0.00264577 0.30119399 0.15849300 0.00318285 0.02568020 0.02541280 0.00244586 0.01369810 0.03386540 0.00090316 0.00542825 0.33346099
