1 0.33290793 0.00978088 0.01060470 0.02513899 0.07160169 0.01013530 0.01304070 0.07081709 0.00489668 0.02098560 0.03780499 0.01067990 0.01357300 0.00470494 0.02197700 0.19231696 0.08281258 0.00122993 0.00650887 0.05848229
2 0.14718005 0.01710841 0.01494750 0.01535570 0.02702291 0.01837651 0.01670071 0.03701751 0.01121550 0.11545304 0.19458806 0.01563810 0.04852552 0.04082821 0.01883331 0.07550542 0.05050592 0.00396489 0.01601870 0.11521404
3 0.27359617 0.01574481 0.02088461 0.02443402 0.03463392 0.01839251 0.02114941 0.09049986 0.00921464 0.02296591 0.02932642 0.01821031 0.01228481 0.01064021 0.02771392 0.22150414 0.09746976 0.00270645 0.00889571 0.03973242
4 0.06896082 0.01298640 0.01167030 0.00856200 0.01527220 0.01295340 0.01424720 0.01889231 0.00848621 0.22474206 0.15872804 0.01683930 0.03481721 0.03644031 0.01016680 0.03180011 0.04341441 0.00307272 0.01653610 0.25141207
5 0.05673240 0.00969367 0.00644035 0.00186749 0.00981870 0.00867714 0.00571995 0.01039380 0.00695825 0.22294101 0.26293201 0.00634085 0.06283510 0.05068170 0.00621298 0.02117220 0.03320270 0.00295266 0.00998202 0.20444501
6 0.08072591 0.04133750 0.03383860 0.02449170 0.01497560 0.08503121 0.05869171 0.02116720 0.01981930 0.05572561 0.06098631 0.06161721 0.03118820 0.02410680 0.02629910 0.08618501 0.13238601 0.00368891 0.02335210 0.11438601
7 0.15524206 0.03242461 0.04442002 0.04060282 0.02444691 0.03478771 0.04116442 0.07449783 0.01736411 0.03181511 0.04116112 0.03961872 0.01801741 0.01799361 0.03290071 0.19206507 0.10061904 0.00569932 0.01557621 0.03958322
8 0.04775290 0.17904401 0.05413490 0.04025640 0.01304650 0.05968880 0.07113250 0.03889840 0.03139330 0.01978170 0.03494010 0.20095101 0.01826160 0.01035650 0.02430950 0.05845400 0.04597030 0.00549867 0.01557820 0.03055070
9 0.05981950 0.03734530 0.06064490 0.15511100 0.00759289 0.04557440 0.18792500 0.15998900 0.02670540 0.01573220 0.01887780 0.05599080 0.01151120 0.00837679 0.01751780 0.06479950 0.03319980 0.00311434 0.01005180 0.02012060
10 0.14773902 0.01990610 0.04586181 0.02281280 0.02044010 0.03060100 0.02325440 0.03813760 0.01315230 0.02838280 0.02489270 0.02400020 0.01809280 0.01620380 0.01784350 0.26080303 0.20410203 0.00246990 0.00845757 0.03284650
11 0.08890064 0.12806892 0.05049107 0.03771138 0.01729089 0.05121817 0.05158007 0.05664346 0.02385648 0.02202209 0.02983148 0.09334154 0.01758019 0.01261609 0.03172708 0.16080889 0.07978215 0.00680046 0.01402349 0.02570548
12 0.04594050 0.00950038 0.00554154 0.00099177 0.00775569 0.00804561 0.00480572 0.00886185 0.00675354 0.22574201 0.27901002 0.00578287 0.06765040 0.05496990 0.00516227 0.01600500 0.03050530 0.00320660 0.01072400 0.20304501
13 0.05659040 0.03347730 0.13982801 0.08211221 0.01818310 0.03127650 0.04385950 0.17702801 0.03066100 0.01733880 0.03125520 0.06200080 0.01104190 0.01042570 0.01925260 0.10562101 0.09452491 0.00487893 0.00804680 0.02259730
14 0.04362881 0.01115770 0.00525784 0.00095237 0.00625711 0.00906817 0.00504532 0.00826673 0.00739581 0.20232607 0.31704310 0.00530834 0.08034853 0.06428292 0.00565162 0.01679801 0.02881851 0.00373717 0.01160780 0.16704805
15 0.04346310 0.02658810 0.01348060 0.01208650 0.01601230 0.01992450 0.01863790 0.01573370 0.02207080 0.08636911 0.18298302 0.02244420 0.07707541 0.13890901 0.01361320 0.03471010 0.03805330 0.01600760 0.12093501 0.08090251
16 0.03699883 0.01545211 0.00958604 0.00543564 0.01245271 0.01320651 0.00709274 0.01028531 0.02392342 0.10393108 0.24542819 0.00969829 0.06049725 0.15542412 0.00654584 0.02212802 0.02248742 0.01913502 0.13555311 0.08473837
17 0.07854327 0.05344208 0.02529639 0.03397189 0.01038200 0.07074808 0.06045848 0.03731639 0.01834409 0.02282849 0.03915199 0.10115497 0.01639369 0.01639909 0.23787392 0.08078467 0.05002588 0.00770364 0.01070160 0.02847939
18 0.05953707 0.03124809 0.01551199 0.01494219 0.01192669 0.02164999 0.02513869 0.02591469 0.01226359 0.12506794 0.23614889 0.02951019 0.08873716 0.05927877 0.02132139 0.04482268 0.04856218 0.00556497 0.01928789 0.10356495
19 0.21159486 0.03334748 0.02817138 0.11268893 0.02236959 0.02973398 0.04302387 0.05297627 0.01374689 0.01980009 0.03256988 0.03147178 0.01930539 0.07746775 0.04184347 0.10233493 0.05478936 0.00641195 0.02254009 0.04381207
20 0.06361486 0.05193017 0.05315056 0.14932290 0.00731824 0.06631366 0.20894786 0.04329807 0.02826338 0.02245099 0.02589648 0.07445845 0.01471689 0.01026019 0.02581968 0.06550256 0.04446747 0.00273362 0.01395369 0.02758028
21 0.07235167 0.03087939 0.09760866 0.17713692 0.01559619 0.04309388 0.12270795 0.04676178 0.02527209 0.01827759 0.02517069 0.05309018 0.01620679 0.00787630 0.02340339 0.09192326 0.09140716 0.00316524 0.01091270 0.02715819
22 0.06500380 0.03178470 0.08411400 0.21637400 0.01008890 0.04914570 0.17529900 0.05570860 0.02719610 0.01666470 0.02019250 0.05371500 0.01041450 0.00924123 0.02077300 0.07360290 0.04294040 0.00309727 0.01382960 0.02081410
23 0.04088872 0.19305310 0.02729291 0.01424771 0.01480621 0.04012542 0.03730292 0.02066201 0.02282541 0.06056493 0.15199808 0.14226907 0.04422012 0.03191322 0.01370611 0.03703232 0.03131882 0.00493230 0.01969481 0.05114583
24 0.02728071 0.02110451 0.03582231 0.01142810 0.01910981 0.03233561 0.01066670 0.01015370 0.09796983 0.01930941 0.06181862 0.01690701 0.00819898 0.20457206 0.00675102 0.03036681 0.01569360 0.03578291 0.30487409 0.02985421
25 0.14989097 0.04815289 0.04529689 0.04054429 0.01940650 0.05875319 0.05947229 0.06429599 0.06977278 0.03428649 0.05240259 0.05074789 0.01653780 0.02551439 0.03035269 0.09716498 0.05774199 0.00630842 0.03418159 0.03917539
26 0.07664917 0.04649068 0.02720679 0.03713699 0.01062060 0.06910817 0.06163988 0.04954868 0.01400499 0.02071789 0.03015349 0.09224696 0.01279979 0.04761688 0.18420393 0.11574395 0.04615128 0.01052090 0.01492749 0.03251149
27 0.04787318 0.14272394 0.04318748 0.08124657 0.00777729 0.06173178 0.15723494 0.02928199 0.02762389 0.01388099 0.02324169 0.17997893 0.01720059 0.00714977 0.02118249 0.05838668 0.04257208 0.00292644 0.01087950 0.02391979
28 0.23213509 0.02389181 0.02067281 0.03093181 0.03229861 0.02446571 0.03296861 0.09104143 0.01280090 0.04835582 0.05942722 0.02650421 0.01994041 0.01767001 0.03445581 0.13863805 0.06884883 0.00357113 0.01418281 0.06719892
29 0.05098108 0.01956089 0.01159679 0.00651127 0.00937221 0.01589169 0.01150119 0.01527639 0.01168149 0.16032692 0.29571386 0.01425729 0.07594886 0.07017357 0.01096189 0.02817719 0.03215838 0.00579480 0.02384929 0.13026494
30 0.03561886 0.01256359 0.00680990 0.00321091 0.00888834 0.01059259 0.00545405 0.00819962 0.01845508 0.12090687 0.27259771 0.00608489 0.06975713 0.15491484 0.00597608 0.01860188 0.02214688 0.01616668 0.10706589 0.09598820
31 0.08915634 0.03242222 0.03312982 0.08543304 0.01197361 0.04159202 0.06115193 0.03897142 0.01378461 0.02450411 0.02834061 0.04323492 0.02163561 0.01592871 0.28535214 0.08272184 0.04814532 0.00503160 0.01104821 0.02644191
32 0.20545591 0.02221859 0.03461679 0.03419169 0.02066049 0.01558789 0.02161779 0.23679390 0.01063020 0.01527109 0.02193039 0.02455719 0.00872768 0.01032200 0.02180429 0.19397692 0.05889838 0.00514384 0.01118810 0.02640689
33 0.13020002 0.05081381 0.02600910 0.02483680 0.02324190 0.04164831 0.05020831 0.03214630 0.01700150 0.07405531 0.05974691 0.09967481 0.02192910 0.01737180 0.02959450 0.07407441 0.07045321 0.00440587 0.01552500 0.13706302
34 0.05557433 0.00390115 0.00713292 0.00199633 0.01334171 0.00521984 0.00541680 0.01647491 0.00473007 0.29711515 0.14950808 0.00748362 0.02492321 0.02271851 0.00331604 0.01512541 0.03592072 0.00146508 0.00655093 0.32208517
35 0.15452901 0.03172550 0.04500820 0.04108480 0.02435500 0.03452640 0.04097920 0.07290900 0.01774320 0.03235850 0.04157770 0.03933940 0.01798360 0.01819370 0.03307650 0.19201101 0.10118101 0.00566715 0.01594460 0.03980650
36 0.05060883 0.13329007 0.11526706 0.05940653 0.01782011 0.05438343 0.04543652 0.05564573 0.03554682 0.01831231 0.02512181 0.11079606 0.01255761 0.00946378 0.01839411 0.12588506 0.07237654 0.00634811 0.01447211 0.01886741
37 0.27202914 0.01408911 0.02056651 0.02174181 0.03264632 0.01687481 0.01823851 0.08626205 0.00872101 0.02255871 0.02640601 0.01620921 0.01176241 0.01124121 0.02552811 0.24063413 0.10649206 0.00249329 0.00820247 0.03730312
38 0.06473489 0.03223820 0.08410229 0.21630897 0.00993259 0.04937559 0.17486898 0.05555599 0.02709100 0.01684060 0.01987990 0.05431469 0.01048760 0.00901044 0.02149770 0.07432589 0.04272639 0.00301910 0.01331610 0.02037310
39 0.12933505 0.01329960 0.01249440 0.01189430 0.02161271 0.01516341 0.01648161 0.02768321 0.00925583 0.18328207 0.14227105 0.01393891 0.03434161 0.02870351 0.02124301 0.07072373 0.05369652 0.00299161 0.01065680 0.18093107
40 0.15626211 0.03177382 0.04514823 0.04051913 0.02447942 0.03470292 0.04021483 0.07444515 0.01770581 0.03216082 0.04192543 0.03946393 0.01805781 0.01779211 0.03226202 0.19153214 0.10038407 0.00561059 0.01574061 0.03981903
41 0.32034807 0.01262880 0.01368120 0.02259240 0.03990711 0.01329610 0.01597290 0.10453902 0.00695684 0.01982120 0.02801421 0.01338190 0.01084460 0.00739560 0.02700381 0.20924204 0.08217602 0.00200908 0.00778227 0.04240681
42 0.29662800 0.01480310 0.01700520 0.02398690 0.03815140 0.01658910 0.01997570 0.09903940 0.00840490 0.02193750 0.02968890 0.01653410 0.01211650 0.00897545 0.02881270 0.20777600 0.08668330 0.00243624 0.00827601 0.04217960
43 0.23566196 0.02115950 0.01692000 0.02968139 0.07566259 0.01854280 0.02296190 0.04450979 0.00893592 0.04204189 0.07007829 0.02059340 0.04816849 0.01534080 0.02946419 0.12836198 0.07896689 0.00293736 0.01321850 0.07679239
44 0.09783225 0.01745741 0.02003231 0.01615781 0.01994091 0.02209081 0.02556231 0.02280331 0.01039011 0.14661008 0.10964106 0.02817152 0.03386402 0.02683982 0.01413961 0.07456004 0.10484906 0.00277074 0.01567471 0.19061211
45 0.05349604 0.00349478 0.00628520 0.00098823 0.01272751 0.00496933 0.00427670 0.01053391 0.00427762 0.29823324 0.16008013 0.00678805 0.02724492 0.02555402 0.00260639 0.01200571 0.03497323 0.00130261 0.00653112 0.32363126
46 0.06483065 0.03169853 0.08446447 0.21632418 0.00988190 0.04916234 0.17408814 0.05582795 0.02716012 0.01718341 0.01976462 0.05361294 0.01058291 0.00896900 0.02156272 0.07406776 0.04324134 0.00312229 0.01354221 0.02091252
47 0.02443281 0.33697318 0.03872052 0.00966759 0.01046761 0.05868993 0.04941773 0.00944275 0.03370822 0.00735772 0.02935792 0.28296115 0.01636891 0.00211219 0.00460010 0.03057912 0.02347451 0.00230264 0.01248471 0.01688071
48 0.11222710 0.03123553 0.03232813 0.02910592 0.02372142 0.03411523 0.03702713 0.03795943 0.01346891 0.05604165 0.09070388 0.03585683 0.06675066 0.02703192 0.02915212 0.15987714 0.10658509 0.00583535 0.01425311 0.05672345
49 0.07207873 0.09656604 0.03974482 0.02139791 0.06586173 0.03608422 0.03117031 0.03617272 0.01876151 0.05141482 0.13680906 0.11581205 0.03398112 0.02287661 0.02126511 0.06090253 0.04461062 0.00833345 0.02843521 0.05772143
50 0.06883428 0.04400689 0.05045958 0.02732289 0.01624869 0.04409429 0.04579468 0.02352919 0.02023139 0.09470587 0.05156488 0.10323596 0.02874239 0.01458380 0.02638629 0.08996387 0.14795095 0.00585254 0.01863729 0.07785427
51 0.15457306 0.03239481 0.04502692 0.04094312 0.02464691 0.03455401 0.04125782 0.07314203 0.01756831 0.03241971 0.04184122 0.03941171 0.01809051 0.01849891 0.03291781 0.19065607 0.10015504 0.00558693 0.01646301 0.03985211
52 0.02437248 0.33781677 0.03852867 0.00960300 0.01053019 0.05844176 0.04957657 0.00935836 0.03360548 0.00733141 0.02945308 0.28285580 0.01641029 0.00210514 0.00449525 0.03054878 0.02337838 0.00228310 0.01242539 0.01688009
53 0.05683919 0.01199790 0.01108500 0.00725120 0.01206400 0.01211480 0.01227430 0.01385020 0.00872772 0.23668196 0.19638196 0.01238010 0.04491739 0.03976079 0.01017830 0.02736970 0.03916279 0.00331976 0.01295000 0.23069296
54 0.11754210 0.02496932 0.03495473 0.02595742 0.02520802 0.03305863 0.02579762 0.04197234 0.01713761 0.07304636 0.15671613 0.02830272 0.04047843 0.03486483 0.02431332 0.13330011 0.06663766 0.00649066 0.01951922 0.06973276
55 0.03238669 0.27441988 0.03302099 0.02725339 0.00922277 0.05865838 0.09591696 0.01598329 0.02993529 0.00907062 0.02783199 0.25026189 0.01800459 0.00443729 0.01262569 0.04171668 0.02787209 0.00225334 0.01009410 0.01903409
56 0.05721578 0.03576109 0.09579037 0.16619096 0.00927686 0.05437449 0.18048495 0.05272849 0.02832909 0.01744470 0.02235139 0.06278328 0.01087610 0.00735826 0.01734110 0.09685037 0.05117039 0.00271385 0.01077310 0.02018539
57 0.06599814 0.02898792 0.10343806 0.04259563 0.02109961 0.03426262 0.03169372 0.02586402 0.02134781 0.10122306 0.05906414 0.04280533 0.02485962 0.01556801 0.01777051 0.12564408 0.14647209 0.00442868 0.01281411 0.07406285
58 0.26006592 0.02127159 0.02380499 0.07096558 0.03013949 0.01544830 0.04045969 0.19717694 0.01042180 0.01258710 0.02434339 0.01887709 0.00905536 0.00778505 0.02037319 0.14206096 0.04878159 0.00243388 0.01016710 0.03378099
59 0.04585241 0.02178161 0.02049291 0.01291270 0.01763641 0.02695241 0.02767801 0.01552040 0.03912421 0.09049973 0.07711042 0.02353351 0.02646841 0.12980104 0.01176120 0.05280092 0.07835122 0.01944061 0.18904106 0.07324082
60 0.06432777 0.00411498 0.00657704 0.00194387 0.01427942 0.00575349 0.00518997 0.01190271 0.00461449 0.28537533 0.15786118 0.00726379 0.02807183 0.02531383 0.00388892 0.01837362 0.03767134 0.00134824 0.00671283 0.30941535
61 0.05066199 0.01895130 0.01217050 0.00702238 0.00942787 0.01612960 0.01151980 0.01602600 0.01190490 0.15990598 0.29555596 0.01391890 0.07593079 0.06954649 0.01138380 0.02844150 0.03228600 0.00568127 0.02353000 0.13000498
62 0.04030511 0.01291370 0.00433975 0.00059677 0.00441386 0.00948019 0.00498421 0.00730562 0.00766422 0.17955903 0.35652806 0.00466533 0.09654672 0.07349251 0.00591106 0.01707070 0.02751311 0.00414351 0.01168950 0.13087702
63 0.05305113 0.00389171 0.00618616 0.00098539 0.01235011 0.00516896 0.00433719 0.01043521 0.00433187 0.29490616 0.16647609 0.00682882 0.02950192 0.02694291 0.00269384 0.01230991 0.03477402 0.00137930 0.00671813 0.31673117
64 0.05912884 0.02556302 0.06628134 0.24779416 0.00264015 0.06069294 0.26108317 0.04031923 0.02537962 0.01465551 0.01150981 0.05238193 0.00790907 0.00376106 0.01209501 0.05347543 0.02987402 0.00075549 0.00991322 0.01478701
65 0.11622699 0.02933310 0.07892450 0.03732370 0.06509630 0.03210370 0.02637380 0.03856950 0.05558640 0.03446410 0.03471600 0.03789190 0.01922380 0.01251510 0.01866770 0.17405499 0.12921999 0.00489426 0.02109240 0.03372180
66 0.21386303 0.02170750 0.02253230 0.02899920 0.02927340 0.02792910 0.02888510 0.09341081 0.02128970 0.02676230 0.03863051 0.02365860 0.01376530 0.03472490 0.02336360 0.17021102 0.06528591 0.00887457 0.06521181 0.04162131
67 0.16243301 0.05112980 0.04188040 0.03724070 0.02360030 0.04586460 0.06121860 0.05618900 0.01915670 0.02116970 0.02960220 0.09728251 0.01497520 0.01149110 0.04246540 0.15839501 0.07403291 0.00582533 0.01100930 0.03503820
68 0.04512239 0.02633439 0.07492968 0.26756293 0.00163665 0.05679519 0.25788994 0.04267959 0.02607239 0.01406750 0.00961637 0.05932849 0.00634031 0.00252865 0.00871340 0.05107349 0.02757879 0.00058980 0.00901767 0.01212240
69 0.04594701 0.00952835 0.00567650 0.00099914 0.00768485 0.00814435 0.00480638 0.00890201 0.00678581 0.22455105 0.28030206 0.00582968 0.06812871 0.05531871 0.00522930 0.01618970 0.03051201 0.00321962 0.01091870 0.20132604
70 0.06725547 0.03048833 0.06743927 0.15979218 0.01118131 0.05232356 0.17298819 0.03640064 0.02425573 0.01621512 0.05282146 0.05108626 0.02590763 0.00725598 0.01804372 0.07399498 0.08758360 0.00253353 0.01238481 0.03004823
71 0.04236474 0.01601281 0.00603326 0.00265352 0.00581485 0.01200971 0.00804144 0.00933561 0.00857464 0.16258114 0.34883630 0.00835916 0.10015809 0.07473546 0.00820690 0.02092062 0.02965363 0.00469643 0.01407861 0.11693310
72 0.05330132 0.00188610 0.00594869 0.00045406 0.01322090 0.00372540 0.00322506 0.01040210 0.00343179 0.31578910 0.14253305 0.00617762 0.02009681 0.02007931 0.00153084 0.00969233 0.03444911 0.00082447 0.00498381 0.34824811
73 0.16823200 0.03605050 0.03448680 0.08266790 0.02218670 0.05641140 0.14473300 0.04626620 0.02173860 0.02333370 0.03097130 0.05103800 0.01630510 0.01087900 0.04428260 0.09847310 0.05754630 0.00313078 0.01176470 0.03950230
74 0.11194703 0.03495451 0.04603011 0.03378661 0.01974741 0.03705671 0.04056971 0.03784801 0.01817871 0.05813392 0.06241702 0.04423091 0.02807631 0.02166401 0.02785401 0.14184904 0.14838004 0.00376560 0.01505810 0.06845222
75 0.04976542 0.17024106 0.03932361 0.07846713 0.00848044 0.06525772 0.15580906 0.03197421 0.02946491 0.01588201 0.02536831 0.15189806 0.01649041 0.00839201 0.02329891 0.05602452 0.03699821 0.00293908 0.01153200 0.02239291
76 0.08542492 0.07456051 0.04088431 0.09486722 0.00805801 0.06835261 0.18317704 0.03150631 0.02616351 0.01730810 0.02114570 0.12381602 0.01452750 0.00926309 0.03606611 0.07268661 0.05046611 0.00336560 0.01074640 0.02761431
77 0.23060602 0.02449520 0.02083090 0.03108750 0.03209070 0.02442820 0.03332320 0.08952141 0.01305600 0.04836460 0.05958080 0.02663060 0.01989380 0.01812990 0.03529350 0.13850001 0.06936611 0.00360092 0.01440540 0.06679521
78 0.05644166 0.01185179 0.01088579 0.00734276 0.01188849 0.01182299 0.01226379 0.01398769 0.00873831 0.23682085 0.19721388 0.01200239 0.04509747 0.03983457 0.01041039 0.02710918 0.03896318 0.00345175 0.01300219 0.23087085
79 0.05156856 0.01936619 0.01179329 0.00665076 0.00944861 0.01615129 0.01158019 0.01556289 0.01189039 0.15973789 0.29411979 0.01450179 0.07537615 0.07014375 0.01111179 0.02860048 0.03237858 0.00582743 0.02410028 0.13008991
80 0.19633221 0.02396813 0.03660174 0.03611894 0.02047252 0.01577502 0.02396603 0.25722527 0.01115641 0.01488162 0.02260362 0.02644093 0.00914306 0.01009591 0.02204002 0.17708219 0.05399136 0.00507231 0.01091011 0.02612263
81 0.06903023 0.04923032 0.15305507 0.05365713 0.07843824 0.03397652 0.02732831 0.05565683 0.03505272 0.03218602 0.04083752 0.07076763 0.01551681 0.01586341 0.01818171 0.11084805 0.07219203 0.00983133 0.02593891 0.03241122
82 0.05781946 0.01369031 0.01097181 0.00523127 0.01106341 0.01468101 0.00940150 0.01352201 0.00975367 0.18226218 0.27787128 0.01014021 0.07170317 0.05577216 0.01095051 0.04443954 0.03831404 0.00499810 0.01321921 0.14419514
83 0.12679894 0.01984609 0.04712088 0.01948469 0.01624569 0.03264478 0.02174209 0.02839849 0.01245689 0.02828009 0.02241209 0.02232329 0.01974709 0.01686689 0.01431689 0.26671487 0.24458588 0.00200322 0.00759587 0.03041529
84 0.23325312 0.02399261 0.02066441 0.03113922 0.03257682 0.02425441 0.03292312 0.09106225 0.01304091 0.04743192 0.05900963 0.02625971 0.01978821 0.01770851 0.03542852 0.13838107 0.06876324 0.00348328 0.01428371 0.06655533
85 0.04543691 0.00844624 0.00483600 0.00037748 0.00735052 0.00695510 0.00394383 0.00823183 0.00614991 0.23036005 0.28069406 0.00468840 0.06739501 0.05409451 0.00392987 0.01398920 0.03001871 0.00277856 0.00915875 0.21116504
86 0.15851216 0.02509953 0.01663502 0.02326122 0.01968662 0.03360973 0.03324543 0.02871443 0.01543612 0.08433639 0.06193146 0.02653333 0.02866683 0.01697212 0.20859521 0.09622290 0.05914436 0.00500301 0.00923029 0.04916385
87 0.06501063 0.03225402 0.10995406 0.06603513 0.01507551 0.02428251 0.03791202 0.29550115 0.02082881 0.01235831 0.02408341 0.05308653 0.00901525 0.01279921 0.01729431 0.12983107 0.04395382 0.00549597 0.00821146 0.01701681
88 0.21922202 0.02396280 0.01649430 0.02750860 0.02472260 0.03682760 0.03895060 0.04946150 0.01114770 0.02698160 0.03034370 0.02963530 0.01958260 0.01137620 0.20284002 0.11950801 0.06048441 0.00424696 0.00768775 0.03901570
89 0.11034895 0.03482278 0.04573098 0.03408618 0.01947189 0.03660988 0.04056838 0.03856048 0.01843419 0.05914087 0.06325787 0.04417288 0.02800059 0.02243919 0.02809179 0.14047594 0.14733593 0.00381945 0.01568659 0.06894517
90 0.05102134 0.01918811 0.01198891 0.00677535 0.00939745 0.01607951 0.01157461 0.01574281 0.01205001 0.15962411 0.29506321 0.01413921 0.07573845 0.06997545 0.01122481 0.02858402 0.03249722 0.00592529 0.02379702 0.12961309
91 0.09808153 0.03864057 0.04514827 0.07879854 0.01603979 0.05510566 0.14208590 0.04486787 0.02107919 0.02190978 0.02653798 0.06125326 0.01793079 0.01139459 0.03750337 0.16069589 0.07372265 0.00457111 0.01360379 0.03102948
92 0.14491292 0.03899198 0.03757568 0.09285165 0.01831619 0.06030397 0.15751591 0.04538468 0.02310469 0.02343749 0.03054918 0.05543167 0.01623909 0.01121189 0.04316948 0.09186675 0.05608727 0.00323294 0.01230969 0.03750688
93 0.06928536 0.01324089 0.01142269 0.00836883 0.01542169 0.01280489 0.01398019 0.01904229 0.00853249 0.22551287 0.15877291 0.01672729 0.03474908 0.03602538 0.00978379 0.03124008 0.04319828 0.00303674 0.01618239 0.25267186
94 0.04462571 0.16533303 0.04067651 0.06601861 0.00826413 0.06002801 0.14352502 0.02589910 0.02775620 0.01293650 0.02384560 0.20322303 0.01804420 0.00676059 0.01899490 0.05625061 0.04038291 0.00295922 0.01061520 0.02386090
95 0.03235312 0.01191601 0.00713418 0.00375144 0.01061781 0.01010841 0.00459701 0.00741712 0.02273771 0.09689126 0.23947516 0.00579941 0.06013624 0.19262113 0.00507209 0.01783471 0.01929641 0.02167361 0.14970810 0.08085905
96 0.15135611 0.02873672 0.04524753 0.04031223 0.02322102 0.02290992 0.03362842 0.18690713 0.01840411 0.02605742 0.03600303 0.03756783 0.01599371 0.01201991 0.02501172 0.13379009 0.10719908 0.00414749 0.01044061 0.04104593
97 0.27426607 0.01578140 0.02051890 0.02426771 0.03503491 0.01798510 0.02094931 0.09034472 0.00912410 0.02346781 0.02910741 0.01794010 0.01242520 0.01055230 0.02807221 0.22144205 0.09733062 0.00259408 0.00883078 0.03996521
98 0.04784520 0.04786140 0.09186821 0.21216201 0.00781204 0.05179040 0.17765201 0.04710360 0.02744570 0.01499030 0.01660570 0.08736951 0.00953568 0.00595679 0.01741650 0.06585780 0.04098050 0.00304362 0.01029270 0.01641030
99 0.05162591 0.03047431 0.07870731 0.23185604 0.00480074 0.07184391 0.21044704 0.04212581 0.02976931 0.01544810 0.01748960 0.05544671 0.00908853 0.00556010 0.01687420 0.06267901 0.03626151 0.00177734 0.01205190 0.01567260
100 0.05089578 0.01924139 0.01209730 0.00664431 0.00924065 0.01610089 0.01157720 0.01553399 0.01187080 0.15944295 0.29622290 0.01423040 0.07605577 0.07030778 0.01134970 0.02834659 0.03197939 0.00576557 0.02387269 0.12922396
101 0.15527699 0.03153420 0.04494510 0.04082500 0.02421940 0.03493500 0.04153280 0.07423719 0.01748670 0.03242500 0.04193980 0.03893920 0.01834050 0.01787790 0.03250070 0.19183098 0.10043699 0.00544249 0.01542950 0.03984460
102 0.10848104 0.00672032 0.00899010 0.00805633 0.02283471 0.00979741 0.01092430 0.02037371 0.00529794 0.22873809 0.12445705 0.01182670 0.02407871 0.02159911 0.01021660 0.04135742 0.04858052 0.00150474 0.00837705 0.27778811
103 0.15667413 0.03058283 0.03709683 0.02640922 0.04596904 0.01223731 0.01923342 0.34727428 0.01466301 0.01571371 0.03182683 0.03310313 0.01371101 0.00903744 0.01830182 0.09881018 0.04210503 0.00399175 0.01020031 0.03305873
104 0.03992218 0.01515089 0.01319729 0.00939830 0.01299789 0.01626069 0.01127350 0.01614689 0.02898589 0.07439877 0.15962994 0.01328609 0.04050048 0.20005692 0.01131230 0.03138359 0.02688779 0.02709839 0.17555293 0.07655927
105 0.18739500 0.01266750 0.01422360 0.01820310 0.03539710 0.01663290 0.02064990 0.03500170 0.00755907 0.10831900 0.08142850 0.02027600 0.02562870 0.01732850 0.01854620 0.10748900 0.09914960 0.00185152 0.01084510 0.16140800
106 0.05298048 0.00376921 0.00626284 0.00104389 0.01234959 0.00505591 0.00428514 0.01056560 0.00438185 0.29518587 0.16642993 0.00662192 0.02941209 0.02699869 0.00264739 0.01220559 0.03473638 0.00134501 0.00679979 0.31692286
107 0.10989409 0.06320125 0.03448693 0.02841082 0.01894772 0.05359085 0.06056425 0.02920082 0.02689152 0.03024113 0.03479803 0.11957310 0.01944902 0.02109662 0.02551612 0.08276467 0.11589110 0.00613547 0.05753025 0.06181625
108 0.04154479 0.01173820 0.00426893 0.00051866 0.00503293 0.00862552 0.00484534 0.00724936 0.00747753 0.18874697 0.33338994 0.00414576 0.08956958 0.07501979 0.00530319 0.01613680 0.02852800 0.00392025 0.01391650 0.15002197
109 0.08356297 0.03712649 0.03150009 0.02405819 0.01758819 0.01945329 0.03289249 0.27805090 0.01592149 0.04740368 0.09003597 0.03818029 0.06500408 0.02390459 0.02012809 0.06389918 0.04136469 0.00623465 0.01220850 0.05148218
110 0.02445971 0.33722015 0.03872042 0.00974954 0.01048390 0.05868913 0.04952132 0.00926235 0.03376671 0.00739286 0.02938411 0.28286912 0.01627521 0.00212356 0.00451955 0.03073861 0.02335331 0.00228191 0.01241831 0.01677021
111 0.06348212 0.05239432 0.05302092 0.14890706 0.00757161 0.06591072 0.20803508 0.04348412 0.02843681 0.02286441 0.02674031 0.07504593 0.01492981 0.01030760 0.02575371 0.06500582 0.04401322 0.00281802 0.01365471 0.02762371
112 0.07158802 0.03714201 0.06551782 0.03378951 0.01314740 0.01610660 0.03322001 0.41420610 0.01377740 0.00870932 0.01995980 0.06848012 0.01113220 0.01346930 0.01951810 0.10292102 0.02930051 0.00609761 0.00680793 0.01510920
113 0.02294649 0.00882285 0.01659739 0.00653989 0.01755209 0.01341669 0.00298484 0.00687856 0.06013108 0.01848439 0.07668567 0.00825244 0.00883316 0.27913089 0.00343154 0.02073529 0.01020270 0.04280728 0.34069687 0.03486989
114 0.22981985 0.02342998 0.01878019 0.02125669 0.01906659 0.00885624 0.01548149 0.38645774 0.00959572 0.00984132 0.01864209 0.01762269 0.00930297 0.00529664 0.01389239 0.12269692 0.03542218 0.00268663 0.00847140 0.02338028
115 0.15472102 0.03207590 0.04509231 0.04083881 0.02418780 0.03423300 0.04104941 0.07314101 0.01771930 0.03246320 0.04169421 0.03944881 0.01836470 0.01841010 0.03167670 0.19195503 0.10050301 0.00589946 0.01633340 0.04019281
116 0.03728529 0.02220750 0.02175430 0.01586140 0.01839680 0.02328340 0.01711600 0.01688450 0.05185359 0.03217450 0.08328139 0.02089560 0.01619550 0.21332797 0.00952584 0.03481090 0.02257580 0.03333730 0.26315896 0.04607349
117 0.04481673 0.24762919 0.04302983 0.02612312 0.01312271 0.05724364 0.05544544 0.03622853 0.03351523 0.02064342 0.04394793 0.19279415 0.02008632 0.01191231 0.01760591 0.05044784 0.03722513 0.00473883 0.01759291 0.02585082
118 0.02501221 0.00899863 0.01019940 0.00602420 0.01657250 0.01015370 0.00259893 0.00697774 0.04148501 0.03289291 0.11304003 0.00719236 0.01978271 0.28241908 0.00332957 0.01779830 0.01174000 0.03895251 0.29858408 0.04624611
119 0.09036520 0.02227420 0.02706340 0.01891100 0.01943950 0.02832490 0.02073000 0.03149550 0.01575820 0.10263099 0.22301999 0.02281570 0.05620180 0.04789210 0.02004050 0.08999270 0.05078740 0.00638935 0.01962960 0.08623800
120 0.09823963 0.01210430 0.01055040 0.00832326 0.01766711 0.01146420 0.00985180 0.04191851 0.00872055 0.19077806 0.20147807 0.01073220 0.04643292 0.03651651 0.01110720 0.04792992 0.04110191 0.00367436 0.01073100 0.18067806
121 0.04705850 0.00844393 0.00526533 0.00076824 0.00795219 0.00725410 0.00441042 0.00882612 0.00628200 0.23027901 0.27149501 0.00528640 0.06442070 0.05263570 0.00417071 0.01471330 0.03091430 0.00277534 0.00984167 0.21720701
122 0.04224110 0.21074799 0.05974170 0.01913170 0.00832514 0.11881100 0.05044440 0.01548940 0.10484600 0.01522280 0.02449420 0.16824099 0.00872989 0.00617006 0.01428000 0.04570120 0.03777010 0.00430434 0.02742110 0.01788690
123 0.06054178 0.01915949 0.01279030 0.00984976 0.01262190 0.01959479 0.01572119 0.01548709 0.01064870 0.13259995 0.29065889 0.01513969 0.09420026 0.06103488 0.01295309 0.05423148 0.04370028 0.00555613 0.01427019 0.09924016
124 0.07870858 0.03606329 0.04255369 0.08944438 0.01010620 0.06054899 0.18066996 0.02986449 0.02284929 0.02124029 0.02382869 0.06789818 0.02270649 0.01007980 0.02673159 0.11925997 0.10613997 0.00308224 0.01420060 0.03402329
125 0.05279649 0.03281189 0.08007989 0.03113810 0.01267730 0.01244190 0.02896810 0.50882692 0.01627790 0.00619981 0.01922530 0.04905469 0.01158380 0.01104990 0.01015160 0.07206129 0.02339670 0.00375828 0.00453417 0.01296600
126 0.14127296 0.03164429 0.03436189 0.03646939 0.02219339 0.03087009 0.03389189 0.11959297 0.01667520 0.02303559 0.03522439 0.04509629 0.01608320 0.01283000 0.14571296 0.11387497 0.09184388 0.00624262 0.00978125 0.03330279
127 0.05713683 0.01192761 0.01095651 0.00739657 0.01204751 0.01198431 0.01232161 0.01407101 0.00870636 0.23568712 0.19737310 0.01226011 0.04516892 0.04023172 0.01065831 0.02737011 0.03891862 0.00345816 0.01318841 0.22913712
128 0.06990300 0.01294220 0.01175400 0.00884863 0.01562660 0.01293200 0.01413630 0.01916380 0.00841262 0.22437201 0.15828800 0.01679060 0.03463250 0.03612810 0.00985759 0.03183800 0.04348160 0.00305503 0.01625240 0.25158501
129 0.06713254 0.07842924 0.05139923 0.05670613 0.01118531 0.11168906 0.09256275 0.03032432 0.04349612 0.03190782 0.05313633 0.08651385 0.01944071 0.02085291 0.04248332 0.07784914 0.05653253 0.00544865 0.02589321 0.03701682
130 0.07704897 0.04457304 0.04368584 0.03695573 0.01569671 0.09492478 0.06061205 0.02432042 0.01982942 0.03711823 0.06225175 0.05499445 0.06686026 0.01838832 0.03572163 0.14554412 0.10288209 0.00538165 0.01378331 0.03942723
131 0.06419280 0.03212210 0.08474290 0.21591400 0.00975427 0.04921490 0.17382600 0.05522420 0.02721510 0.01699930 0.01988320 0.05397370 0.01059660 0.00928380 0.02199160 0.07407800 0.04343130 0.00325652 0.01381980 0.02047990
132 0.11175201 0.02769170 0.01900700 0.02607680 0.02162890 0.03979500 0.03520920 0.03184730 0.01266520 0.06650741 0.08321811 0.03857030 0.03259790 0.02998570 0.16361602 0.07210261 0.05264981 0.00559978 0.01466720 0.11481201
133 0.04504982 0.24588708 0.04270771 0.02648091 0.01328560 0.05739982 0.05583332 0.03575141 0.03369501 0.02063721 0.04420342 0.19179707 0.02024561 0.01221610 0.01828081 0.05032102 0.03696131 0.00489366 0.01805951 0.02629361
134 0.05099528 0.01904209 0.01195959 0.00661278 0.00943758 0.01594619 0.01128880 0.01560889 0.01191889 0.16008293 0.29558887 0.01417999 0.07568257 0.07017107 0.01123160 0.02833649 0.03217729 0.00582217 0.02396899 0.12994794
135 0.11699501 0.03233190 0.04129210 0.03160350 0.01515530 0.01435750 0.03099250 0.43595203 0.01467590 0.01470370 0.02601330 0.03491710 0.01360250 0.01046120 0.01433710 0.08536941 0.03004670 0.00463802 0.00872371 0.02383150
136 0.06529039 0.14776599 0.05417970 0.03219500 0.01554200 0.06156789 0.05069470 0.03229990 0.02991530 0.02618220 0.03777260 0.11731499 0.02281150 0.01301990 0.02525600 0.09208129 0.12304399 0.00428389 0.01488890 0.03389390
137 0.04713558 0.02485649 0.07431257 0.26729789 0.00212423 0.05760688 0.25653790 0.04364328 0.02643669 0.01458039 0.01051440 0.05230708 0.00678470 0.00290066 0.00935736 0.05196748 0.02822829 0.00065141 0.00962605 0.01313069
138 0.04095197 0.11064391 0.03959927 0.02627968 0.01772019 0.04965486 0.04353297 0.02166668 0.04704066 0.02292398 0.04889036 0.12483190 0.01578439 0.09048253 0.01687859 0.04677156 0.03913897 0.01851089 0.14117289 0.03752377
139 0.14686698 0.02054450 0.04539779 0.02282950 0.02018150 0.03095129 0.02358050 0.03743349 0.01293550 0.02807640 0.02507040 0.02403880 0.01823820 0.01632050 0.01812140 0.26077096 0.20549697 0.00237134 0.00842083 0.03235319
140 0.02581830 0.32143805 0.03432121 0.01170720 0.01350220 0.05362561 0.05176651 0.01237080 0.02811230 0.00932727 0.04344161 0.27178105 0.02006050 0.00320060 0.00753927 0.03155961 0.02471410 0.00272169 0.01322970 0.01976240
141 0.05792291 0.03325220 0.03485880 0.08909581 0.01048530 0.08264991 0.19956802 0.02635010 0.03488930 0.06636631 0.03694890 0.04514720 0.01703560 0.02116310 0.01782140 0.05987141 0.05514630 0.00468211 0.05825931 0.04848600
142 0.05454966 0.00974573 0.00869593 0.00310025 0.01254561 0.02177323 0.01374662 0.01143721 0.00797574 0.24907929 0.17176220 0.01382082 0.03780114 0.03254694 0.00651629 0.02106242 0.04058725 0.00226832 0.01171201 0.26927332
143 0.04960358 0.04028919 0.09264127 0.18087994 0.01006530 0.04000869 0.13823796 0.12918596 0.02584319 0.01357380 0.01849069 0.07996017 0.00832860 0.00843287 0.02107029 0.07577558 0.03851969 0.00443178 0.00911347 0.01554800
144 0.15479991 0.03185648 0.04480717 0.04026068 0.02444929 0.03518108 0.04072798 0.07298476 0.01783579 0.03210818 0.04183888 0.03948608 0.01810429 0.01819069 0.03295648 0.19204089 0.10116594 0.00572196 0.01590849 0.03957498
145 0.04797652 0.02540851 0.07165284 0.26088913 0.00210513 0.05892943 0.26093013 0.04275472 0.02628621 0.01462301 0.01077181 0.05298043 0.00715893 0.00295012 0.00956015 0.05206843 0.02881971 0.00064660 0.00986417 0.01362401
146 0.13151012 0.05343625 0.03817214 0.04567634 0.01591501 0.11220010 0.09132158 0.03326113 0.03635493 0.02965323 0.04542144 0.06443686 0.01806152 0.01642502 0.05326535 0.09224619 0.05983496 0.00450687 0.01893522 0.03936574
147 0.04959509 0.16350998 0.04934059 0.03839620 0.00896347 0.10522899 0.07994129 0.02039320 0.03997450 0.01722740 0.03174650 0.18722998 0.01444840 0.00912707 0.03380850 0.05805519 0.04735569 0.00432537 0.01520220 0.02613040
148 0.10520204 0.02103801 0.01994691 0.03027201 0.01190280 0.03264731 0.02835221 0.02007461 0.01228450 0.03671891 0.03976781 0.02758501 0.05200942 0.01266070 0.36505714 0.06284822 0.07964613 0.00358235 0.00848788 0.02991601
149 0.06797523 0.07844354 0.05143172 0.05677863 0.01142661 0.11069205 0.09297144 0.03080991 0.04339582 0.03178931 0.05305352 0.08727104 0.01962241 0.02027271 0.04248062 0.07831754 0.05703123 0.00534543 0.02470641 0.03618482
150 0.04004871 0.01525300 0.01341990 0.00945595 0.01302480 0.01625670 0.01150120 0.01608230 0.02902390 0.07366261 0.15917302 0.01331050 0.04035461 0.20052403 0.01184580 0.03171690 0.02717670 0.02694260 0.17564803 0.07557871
151 0.23068089 0.02473929 0.02094869 0.03124469 0.03253179 0.02448819 0.03288058 0.08865796 0.01306029 0.04857088 0.06032597 0.02717319 0.01996309 0.01799879 0.03479458 0.13771494 0.06892207 0.00365006 0.01438599 0.06726807
152 0.02613170 0.01047920 0.01270110 0.00742192 0.01875130 0.01245730 0.00406196 0.00837228 0.04668550 0.02576970 0.09831500 0.00932050 0.01447800 0.27315900 0.00410223 0.02045170 0.01231050 0.04031750 0.31364900 0.04106460
153 0.05328564 0.02781092 0.07106635 0.23867718 0.00415878 0.05659164 0.23740818 0.04498443 0.02491212 0.01465061 0.01350811 0.05470254 0.00950455 0.00393798 0.01419591 0.06879285 0.03439483 0.00123334 0.01020951 0.01597451
154 0.13994006 0.02723091 0.05740243 0.17209308 0.02004061 0.04096202 0.13736006 0.06318663 0.02020401 0.01705461 0.02403831 0.04136362 0.01275021 0.01106640 0.02739581 0.09467174 0.04886972 0.00247806 0.01154501 0.03034671
155 0.11910301 0.03183770 0.04145830 0.03124840 0.01513350 0.01428130 0.03031410 0.43524004 0.01450040 0.01402410 0.02566120 0.03491350 0.01355790 0.01036440 0.01471340 0.08640161 0.03004530 0.00466094 0.00892027 0.02362060
156 0.02299430 0.00819519 0.01154360 0.00634332 0.01690080 0.01082310 0.00208393 0.00665690 0.04713161 0.01895370 0.08214342 0.00736882 0.01086400 0.30128606 0.00304545 0.01801190 0.01031640 0.04200141 0.33390306 0.03943301
157 0.17182290 0.12028993 0.03306528 0.02678808 0.07031986 0.03225418 0.03353168 0.06420156 0.01884909 0.02642908 0.04932947 0.07603476 0.02070709 0.01034719 0.02627509 0.10002494 0.05719437 0.00464387 0.01717579 0.04071578
158 0.05121201 0.01922490 0.01168680 0.00643925 0.00939306 0.01583990 0.01145030 0.01528710 0.01181330 0.16076103 0.29517506 0.01411830 0.07581851 0.07008561 0.01083810 0.02815141 0.03225611 0.00571570 0.02393550 0.13079802
159 0.03791066 0.01313979 0.00481994 0.00120051 0.00548326 0.00969157 0.00493481 0.00711033 0.01061249 0.15534783 0.34706662 0.00430251 0.09137980 0.10247589 0.00578699 0.01713598 0.02433137 0.00780851 0.03859126 0.11086988
160 0.04784447 0.01059049 0.00599445 0.00162392 0.00789291 0.00872412 0.00560976 0.00940330 0.00727599 0.21062086 0.28693880 0.00626623 0.07085035 0.05893096 0.00533864 0.01755879 0.03125478 0.00339603 0.01291729 0.19096787
161 0.04523891 0.24657804 0.04255921 0.02638290 0.01325370 0.05721061 0.05580801 0.03633201 0.03324541 0.02059760 0.04370671 0.19173303 0.02021060 0.01211330 0.01848220 0.05055591 0.03705031 0.00486372 0.01818400 0.02589380
162 0.04789049 0.00683918 0.00518831 0.00051720 0.00889242 0.00622668 0.00385916 0.00892600 0.00559833 0.25176996 0.24424696 0.00518305 0.05522899 0.04526409 0.00340877 0.01327430 0.03152029 0.00230151 0.00841836 0.24544596
163 0.04383280 0.01124710 0.00522089 0.00094602 0.00627488 0.00900428 0.00501573 0.00824801 0.00735441 0.20244798 0.31652297 0.00531941 0.08014759 0.06394549 0.00578805 0.01691590 0.02907850 0.00367522 0.01142180 0.16759298
164 0.04423230 0.00997954 0.00532550 0.00113321 0.00784175 0.00830238 0.00503481 0.00882779 0.00897323 0.20650701 0.27596501 0.00567715 0.06970830 0.07053450 0.00449294 0.01637990 0.03132920 0.00519045 0.02982500 0.18474001
165 0.05240710 0.00621337 0.00632131 0.00148268 0.01099980 0.00652273 0.00490244 0.01062980 0.00550400 0.26209799 0.20747799 0.00677172 0.04339800 0.03850880 0.00362039 0.01457690 0.03396420 0.00209396 0.00948885 0.27301799
166 0.02322741 0.00838689 0.01275530 0.00647479 0.01712580 0.01157070 0.00242029 0.00684037 0.05015611 0.01950870 0.08182402 0.00774732 0.01053210 0.29242507 0.00322649 0.01898040 0.01028630 0.04227821 0.33602908 0.03820461
167 0.05674652 0.00969016 0.00638171 0.00199445 0.00988489 0.00882231 0.00576812 0.01047190 0.00692220 0.22306808 0.26215110 0.00650969 0.06262622 0.05062262 0.00642096 0.02112721 0.03313631 0.00297184 0.01006960 0.20461408
168 0.03995168 0.25661888 0.04559468 0.02022759 0.00950308 0.09196526 0.05805487 0.01508649 0.04531378 0.01425919 0.02866449 0.20899690 0.01377629 0.00654568 0.01973759 0.04660148 0.03941208 0.00357982 0.01538289 0.02072729
169 0.02511199 0.00911169 0.01002670 0.00599035 0.01638349 0.01028360 0.00264927 0.00696547 0.04064768 0.03376119 0.11550095 0.00720752 0.02087349 0.28233088 0.00335211 0.01770009 0.01199780 0.03846618 0.29462288 0.04701668
170 0.11381394 0.02953819 0.02407779 0.03121588 0.01336389 0.04238048 0.03994348 0.03090968 0.01496949 0.03323918 0.03470818 0.04095058 0.02610629 0.01390969 0.29312086 0.08554266 0.08773086 0.00493616 0.00900513 0.03053759
171 0.03941202 0.01496751 0.01307681 0.00953317 0.01318381 0.01585421 0.01148291 0.01615351 0.02911132 0.07375374 0.16003809 0.01297431 0.04052952 0.20149011 0.01118181 0.03110982 0.02616291 0.02717241 0.17735410 0.07545794
172 0.03696187 0.23832380 0.08387403 0.03711097 0.01430299 0.06193975 0.04687306 0.03496257 0.04336646 0.01402959 0.02651578 0.19292584 0.01263009 0.00636972 0.01140009 0.05395775 0.04387696 0.00471942 0.01757459 0.01828468
173 0.11989402 0.02876200 0.02105580 0.03182091 0.01399050 0.04864701 0.04134771 0.03705351 0.01145590 0.02705740 0.02783380 0.03864251 0.01711880 0.01398730 0.29170805 0.14009202 0.04987121 0.00670428 0.00840085 0.02455640
174 0.04485891 0.01405340 0.00818974 0.00371290 0.00706850 0.01260480 0.00885820 0.00995554 0.01182890 0.14886804 0.29984108 0.00811547 0.08085562 0.10011503 0.00788733 0.02686841 0.03985771 0.00752296 0.04061141 0.11832603
175 0.05331911 0.00185661 0.00592328 0.00045472 0.01321090 0.00371545 0.00319837 0.01042400 0.00344297 0.31587209 0.14244604 0.00617571 0.02006701 0.02003181 0.00154631 0.00962684 0.03446911 0.00080827 0.00500629 0.34840510
176 0.06485248 0.05419328 0.04307809 0.11538396 0.00537305 0.11847296 0.20871694 0.02716399 0.03470109 0.02239129 0.02474689 0.07266488 0.01221610 0.01203450 0.03331709 0.06314218 0.04329069 0.00241006 0.01734159 0.02450889
177 0.10464211 0.03235033 0.02304722 0.03437553 0.01308821 0.04942305 0.04373614 0.03534254 0.01564312 0.03293863 0.04370904 0.04364104 0.02481883 0.01719512 0.29946830 0.08426139 0.05293175 0.00575690 0.01140691 0.03222383
178 0.05394869 0.00971626 0.00972612 0.00327713 0.01317970 0.01066320 0.00972259 0.01196050 0.00680037 0.27999896 0.14325998 0.02373220 0.02686420 0.02260270 0.00549294 0.01793160 0.03990699 0.00210439 0.00864656 0.30046495
179 0.05598317 0.00264848 0.00605993 0.00075857 0.01315139 0.00434845 0.00367602 0.01057169 0.00384061 0.30593884 0.15141792 0.00633159 0.02385659 0.02251369 0.00220667 0.01179069 0.03501668 0.00102587 0.00553334 0.33332982
