1 0.04519393 0.00419438 0.00638991 0.00205164 0.01067261 0.00451211 0.00335833 0.00719619 0.00190265 0.27112020 0.20851515 0.00454501 0.04763683 0.03661853 0.00928869 0.01249581 0.03975763 0.00231198 0.01141121 0.27082720
2 0.07150265 0.04361607 0.01985719 0.01405629 0.00638158 0.03970987 0.04235537 0.04486067 0.01173759 0.02464898 0.03725877 0.02455568 0.01351549 0.01042109 0.40088571 0.10238593 0.05198406 0.00475244 0.00758170 0.02793288
3 0.06434912 0.02255621 0.08407183 0.12997205 0.00582516 0.04064802 0.05137832 0.41860516 0.01341991 0.00772525 0.01534401 0.03617011 0.00331407 0.01187260 0.00823924 0.05775022 0.01235220 0.00226325 0.00559116 0.00855209
4 0.06684595 0.01444279 0.01503109 0.01077159 0.01237129 0.01215479 0.01600249 0.01435999 0.00936238 0.22075685 0.15769489 0.01859899 0.04245357 0.03336168 0.01267979 0.03501148 0.04939137 0.00444161 0.01449059 0.23977683
5 0.20998095 0.09709607 0.02963299 0.02269079 0.00923516 0.05435639 0.05709249 0.03421009 0.03343529 0.03307669 0.02729919 0.12839597 0.01945079 0.01786380 0.02732589 0.08610588 0.05605689 0.00578219 0.00939301 0.04151949
6 0.06727085 0.02319282 0.06012485 0.15083112 0.01528031 0.04296923 0.11790309 0.02776922 0.02753982 0.09242117 0.04958784 0.03846243 0.02406482 0.01698411 0.01269851 0.06309885 0.07846456 0.00870191 0.01625101 0.06638345
7 0.15963910 0.03968023 0.04008993 0.02847912 0.02769792 0.02865472 0.03920113 0.07522415 0.01758011 0.02802482 0.03085222 0.03583292 0.01665191 0.01368151 0.03693342 0.22068914 0.09277766 0.00784307 0.01666701 0.04379993
8 0.04097970 0.01177970 0.00825716 0.00375043 0.00925771 0.00748826 0.00699126 0.00972992 0.00377771 0.23914400 0.24749600 0.00842326 0.07794780 0.03448210 0.01064840 0.01820090 0.03978280 0.00329249 0.01009440 0.20847600
9 0.04932629 0.08454558 0.03034699 0.10297898 0.00325987 0.07279039 0.23171996 0.01978200 0.02178270 0.02413490 0.03870809 0.15965997 0.00587874 0.01280600 0.01837950 0.05022039 0.02408480 0.00271216 0.00859341 0.03828929
10 0.01849850 0.01454920 0.00592247 0.00437667 0.00501984 0.01239490 0.00960071 0.00614450 0.04479631 0.02052490 0.05607471 0.01845230 0.00286159 0.30625305 0.00399325 0.01933130 0.02427660 0.02044670 0.38461807 0.02186440
11 0.02369389 0.03043629 0.01226899 0.00892144 0.00717507 0.01780029 0.01994989 0.00940139 0.04424138 0.02706819 0.05814357 0.04268718 0.00427809 0.27672687 0.00661687 0.02038479 0.02194889 0.02144399 0.32270785 0.02410509
12 0.03391361 0.02350771 0.02001231 0.01104770 0.00945598 0.01967341 0.01707800 0.01787490 0.03532761 0.06389572 0.14003904 0.02672121 0.02366721 0.23593306 0.00829865 0.02541391 0.02566071 0.02411651 0.17594605 0.06241672
13 0.02877589 0.04555578 0.15116795 0.23231692 0.00773989 0.06630308 0.09051317 0.08744057 0.01978309 0.00979800 0.01583109 0.10316097 0.00332876 0.01603169 0.01558269 0.05430518 0.02196449 0.00168968 0.01017820 0.01853289
14 0.04368319 0.05087859 0.06078419 0.20900595 0.00468735 0.06121749 0.22382695 0.03002689 0.02068270 0.01906340 0.02837869 0.11345697 0.00290608 0.00653673 0.01364550 0.05106949 0.02307959 0.00189481 0.00517147 0.03000399
15 0.07718111 0.21028202 0.04059530 0.02619610 0.01470470 0.06273771 0.05210291 0.03241390 0.02971240 0.02646970 0.03468340 0.15531102 0.02086500 0.02421160 0.02848230 0.06528341 0.03806320 0.01247240 0.01796120 0.03027060
16 0.07395411 0.02179340 0.08262381 0.07175141 0.00757982 0.03247970 0.02923670 0.49775005 0.01432730 0.00764036 0.01541570 0.02577850 0.00442068 0.01270360 0.00820297 0.06302891 0.01579530 0.00177356 0.00484838 0.00889572
17 0.04869832 0.00387718 0.00714241 0.00260423 0.01074850 0.00538432 0.00299393 0.00767688 0.00228234 0.29104211 0.17405307 0.00509406 0.04304082 0.02478441 0.01004670 0.01328551 0.04306892 0.00217281 0.00957435 0.29242911
18 0.04841469 0.18053695 0.07440728 0.06265098 0.00481220 0.09809137 0.06151708 0.05707418 0.02330309 0.01006510 0.01766709 0.20878894 0.00686549 0.01566810 0.01582900 0.05104519 0.03400819 0.00277078 0.00807162 0.01841269
19 0.05970740 0.04863700 0.04702060 0.14242199 0.00418180 0.09618260 0.26014499 0.02419030 0.03114900 0.02677750 0.03217660 0.08204560 0.00750267 0.01204060 0.01731910 0.04186850 0.02931630 0.00248711 0.00901927 0.02581110
20 0.02824168 0.01829679 0.01239639 0.00330031 0.00563359 0.00962886 0.01568589 0.01558869 0.00571508 0.15406591 0.36496578 0.00681812 0.12909292 0.03470248 0.02997588 0.02779128 0.03542848 0.00296450 0.00798764 0.09171974
21 0.16040491 0.04043938 0.03999628 0.02869998 0.02691139 0.02930758 0.03937228 0.07586786 0.01785549 0.02747569 0.03048948 0.03690308 0.01691459 0.01393709 0.03828908 0.21902088 0.09129105 0.00751783 0.01601049 0.04329558
22 0.04010371 0.01567250 0.00968798 0.00756473 0.00918197 0.00953804 0.01568540 0.01479720 0.00714358 0.15557203 0.33548507 0.01190980 0.07717412 0.07374622 0.01107570 0.02184930 0.03012121 0.00419828 0.02522711 0.12426603
23 0.05821299 0.23472996 0.05653929 0.02233760 0.00273776 0.10362898 0.05300519 0.01465250 0.02700990 0.01230810 0.01599690 0.25727496 0.01036310 0.01365960 0.00969464 0.03912999 0.03992239 0.00219629 0.00498898 0.02161090
24 0.11588095 0.02086389 0.04322198 0.03813848 0.00864249 0.02304349 0.02647049 0.51498577 0.01319819 0.01300109 0.02050639 0.01416999 0.00621953 0.01238939 0.01200759 0.07703957 0.01807829 0.00343869 0.00461654 0.01408719
25 0.05410402 0.01318990 0.01171060 0.00959814 0.01158980 0.01208740 0.01360360 0.01237750 0.00836169 0.24202308 0.18954506 0.01323360 0.04968602 0.03538821 0.01170370 0.02398101 0.04317651 0.00366263 0.01537641 0.22560108
26 0.27807509 0.02710401 0.02415651 0.01267510 0.03752011 0.01731321 0.02436061 0.10904504 0.01153370 0.01940581 0.02016911 0.01656221 0.01099670 0.00483598 0.02003911 0.22849308 0.08210873 0.00340095 0.00942993 0.04277501
27 0.10289104 0.02142981 0.02912161 0.01296321 0.02222631 0.01758961 0.03161361 0.06942833 0.01642191 0.07172693 0.10272304 0.02239671 0.09537964 0.01387751 0.01948751 0.11268305 0.13300206 0.02116751 0.00842418 0.07544643
28 0.06890794 0.04444902 0.05311403 0.14805108 0.00644031 0.06195713 0.23048412 0.03629902 0.02834251 0.02521451 0.03580822 0.07154884 0.01066731 0.01365681 0.02248201 0.05639203 0.03960492 0.00498987 0.01309501 0.02849531
29 0.04493742 0.00248358 0.00606469 0.00144277 0.01045480 0.00402079 0.00144375 0.00672158 0.00105556 0.29421612 0.18786508 0.00304491 0.04451512 0.02737001 0.00931879 0.01015560 0.04082302 0.00188179 0.00958149 0.29260312
30 0.07745477 0.04559148 0.03043909 0.05694088 0.01032310 0.04821658 0.13297295 0.03022779 0.03204319 0.10189396 0.05669508 0.05862718 0.02755029 0.02017269 0.02319049 0.11435195 0.05660888 0.00979890 0.01284489 0.05405588
31 0.11572088 0.02127788 0.04346225 0.03822456 0.00868992 0.02290218 0.02576617 0.51525644 0.01293449 0.01300779 0.01999508 0.01408148 0.00595696 0.01244909 0.01249669 0.07783512 0.01778318 0.00349580 0.00475357 0.01391048
32 0.04616453 0.00593222 0.00669646 0.00262752 0.01061001 0.00529761 0.00479803 0.00778189 0.00284164 0.25304316 0.22448514 0.00579250 0.05122033 0.04232563 0.00942520 0.01491841 0.03941143 0.00262000 0.01324411 0.25076416
33 0.03426769 0.00763547 0.00594749 0.00154371 0.00860104 0.00380996 0.00380238 0.00788380 0.00152720 0.23051795 0.30343993 0.00326406 0.07426568 0.05067359 0.00861693 0.01249980 0.03177169 0.00183899 0.01201370 0.19607895
34 0.10555490 0.13955987 0.01539839 0.01221149 0.00739240 0.05438645 0.04193116 0.03991916 0.01945438 0.01614558 0.01519109 0.05436995 0.00903908 0.00770766 0.21721379 0.18686282 0.02388238 0.00836576 0.00749680 0.01791688
35 0.01895879 0.01526619 0.00643851 0.00469514 0.00544199 0.01324679 0.01014449 0.00656608 0.04449387 0.02264838 0.05833066 0.01891719 0.00354998 0.31688278 0.00418358 0.01838029 0.02406018 0.02152299 0.36271475 0.02355738
36 0.08309066 0.05740187 0.07124626 0.04671048 0.01171899 0.04766078 0.06506087 0.04003008 0.10938295 0.03713868 0.03831678 0.05965967 0.01578079 0.06774337 0.01971449 0.06386627 0.03893878 0.01685879 0.07026916 0.03941028
37 0.15295906 0.02609141 0.04425702 0.01197290 0.02914561 0.02142361 0.02449341 0.03972262 0.01135130 0.02725771 0.02615771 0.02278441 0.01892471 0.00765750 0.01751201 0.26086310 0.19057707 0.00595862 0.01478391 0.04610632
38 0.03342232 0.02264802 0.01652961 0.01167791 0.00753175 0.01618451 0.01835261 0.01116371 0.04470173 0.03448822 0.07626175 0.02512532 0.00862438 0.21909915 0.00785130 0.03464402 0.02914522 0.02090871 0.32764223 0.03399752
39 0.07532739 0.14186799 0.05897949 0.02138150 0.01241220 0.04152170 0.04318140 0.02810320 0.13299399 0.02597330 0.02304190 0.07632309 0.01305260 0.03054060 0.03087010 0.12470699 0.03366030 0.01561640 0.03252620 0.03791970
40 0.01897920 0.01512530 0.00598231 0.00449844 0.00534234 0.01344230 0.01015520 0.00641741 0.04481769 0.02246000 0.05837859 0.01875720 0.00354555 0.31747795 0.00410620 0.01825960 0.02412160 0.02156080 0.36297795 0.02359440
41 0.06249955 0.15942186 0.05755275 0.05055826 0.00380713 0.10630691 0.08184753 0.02390978 0.02820708 0.02200678 0.02536268 0.20652782 0.01160839 0.01809928 0.01552749 0.04844466 0.03688157 0.00303089 0.00857494 0.02982467
42 0.29465795 0.02348170 0.02264790 0.01383190 0.03159429 0.01308470 0.02154420 0.23588096 0.00740803 0.00995676 0.01298840 0.00871831 0.00588077 0.00365141 0.01353700 0.20769797 0.04455539 0.00278586 0.00360012 0.02249640
43 0.03033111 0.01944171 0.00870390 0.00734932 0.00724512 0.01170660 0.01572741 0.00798949 0.02895851 0.05682852 0.17020807 0.02176421 0.01953031 0.18217507 0.00533816 0.02266161 0.02447401 0.01808291 0.28905912 0.05242482
44 0.03969161 0.00734928 0.00591496 0.00233771 0.01010870 0.00461156 0.00561195 0.00773590 0.00254088 0.21822006 0.28803508 0.00545556 0.06154522 0.06160612 0.00825758 0.01438050 0.03319241 0.00261285 0.01580600 0.20498606
45 0.03774711 0.03880892 0.01233860 0.01464971 0.00863961 0.03398641 0.07480723 0.01505991 0.02358731 0.07402283 0.21875509 0.05024092 0.03668261 0.14851106 0.01241820 0.02102341 0.02094761 0.01292301 0.08763913 0.05721132
46 0.03986522 0.01547941 0.00954078 0.00733649 0.00929238 0.00912166 0.01529881 0.01463371 0.00703484 0.15581207 0.33503016 0.01158031 0.07700654 0.07418853 0.01098121 0.02254301 0.03060531 0.00442888 0.02530261 0.12491806
47 0.07840629 0.08270899 0.06031360 0.07694579 0.00931697 0.10585699 0.09382279 0.04864600 0.03296220 0.03443960 0.03461870 0.10022699 0.01458060 0.02576310 0.03388480 0.06722200 0.04196880 0.00623160 0.01767770 0.03440650
48 0.14177188 0.01512859 0.01507889 0.00932082 0.01788188 0.01354389 0.01685539 0.02627668 0.01117929 0.17151485 0.11126890 0.01821758 0.03299727 0.02063978 0.01669569 0.06816504 0.06720104 0.00371433 0.01085039 0.21169782
49 0.16228910 0.07148154 0.03259092 0.01710011 0.02212481 0.02773262 0.03534222 0.10906107 0.01390661 0.01844001 0.01640341 0.03982612 0.01100311 0.00812281 0.03173672 0.22438114 0.11818207 0.00813936 0.00689572 0.02524052
50 0.05141086 0.01216949 0.08436244 0.30019979 0.00642101 0.05356586 0.27303481 0.03012968 0.02701278 0.01632649 0.01972929 0.03698747 0.00127637 0.00198043 0.00527651 0.03344568 0.03087228 0.00083645 0.00369513 0.01126719
51 0.04832272 0.00412989 0.00693192 0.00258008 0.01079740 0.00522573 0.00293955 0.00753297 0.00220307 0.29100110 0.17476806 0.00520842 0.04323021 0.02503361 0.00999826 0.01320430 0.04287851 0.00217935 0.00961773 0.29221710
52 0.19851286 0.05133786 0.04404457 0.02869368 0.01651609 0.04837537 0.04735577 0.04342307 0.11075992 0.04844327 0.03863997 0.05035266 0.01711569 0.03692827 0.02229768 0.07414075 0.04337107 0.01119349 0.02689738 0.04160057
53 0.05396284 0.01349559 0.01184449 0.00931803 0.01146689 0.01183969 0.01332599 0.01304919 0.00808917 0.24280874 0.18910979 0.01331579 0.04938245 0.03505566 0.01189069 0.02380217 0.04323875 0.00384207 0.01515528 0.22600675
54 0.15272895 0.04114299 0.11689496 0.06154538 0.02428999 0.04055619 0.05600558 0.07900427 0.03616569 0.02480529 0.02419339 0.04961018 0.01461699 0.02067559 0.01464799 0.11893296 0.06850808 0.00409526 0.01197320 0.03960709
55 0.24232115 0.03725632 0.02567652 0.02307371 0.02588252 0.02682352 0.03795012 0.09987636 0.02050181 0.04649603 0.04503503 0.03204282 0.01685691 0.01501751 0.02455242 0.13433208 0.06494254 0.00674878 0.01246781 0.06214604
56 0.04307365 0.00392087 0.00595952 0.00165128 0.01023631 0.00412389 0.00224221 0.00691451 0.00134299 0.27873832 0.21149224 0.00358081 0.04956086 0.03389344 0.00927047 0.01092521 0.03888354 0.00196813 0.01056241 0.27165931
57 0.15948101 0.04069490 0.04078030 0.02826830 0.02744180 0.02898960 0.03812810 0.07633931 0.01788120 0.02776180 0.03024940 0.03548330 0.01692580 0.01421850 0.03735850 0.21985802 0.09250521 0.00790782 0.01709840 0.04262870
58 0.14302511 0.02052312 0.02737772 0.00934442 0.02462562 0.01797821 0.01784881 0.02232712 0.01649801 0.02800322 0.03700193 0.01860691 0.01582251 0.03680403 0.01011251 0.23943018 0.17145613 0.00726834 0.08721117 0.04873494
59 0.03537540 0.01284260 0.00897189 0.00355316 0.00785367 0.00699846 0.00704285 0.01042670 0.00330383 0.23055102 0.27218503 0.00718310 0.09758831 0.03164540 0.01115800 0.01846540 0.03799080 0.00316893 0.00910741 0.18458802
60 0.06531774 0.14671509 0.05350763 0.05187023 0.00690231 0.07277484 0.08007865 0.02631702 0.02856342 0.02558992 0.03092492 0.19279612 0.01449801 0.02526372 0.01865221 0.05949014 0.04051552 0.00619319 0.01732341 0.03670592
61 0.05353749 0.01340240 0.02879149 0.00783041 0.01082750 0.01273260 0.01191460 0.01206740 0.02175659 0.16817496 0.14909396 0.02020239 0.03592689 0.09684327 0.00987809 0.03403499 0.06239168 0.00748926 0.04844709 0.19465695
62 0.05721857 0.19641891 0.05641027 0.03554778 0.00253132 0.10302295 0.07032717 0.01848849 0.02634009 0.01545419 0.02032449 0.24643489 0.00986164 0.01470199 0.01131909 0.04332738 0.03815108 0.00230878 0.00568941 0.02612149
63 0.05505029 0.01267620 0.01170380 0.00947084 0.01154520 0.01204770 0.01356810 0.01289220 0.00856619 0.24201795 0.18935696 0.01311860 0.04921079 0.03511679 0.01176690 0.02469439 0.04298959 0.00393179 0.01514280 0.22513295
64 0.05637699 0.02179260 0.13344597 0.05414719 0.01215890 0.03148859 0.04246119 0.02877559 0.04283499 0.12203397 0.07893638 0.03138959 0.02955939 0.03753869 0.01409780 0.06760679 0.07236908 0.00547351 0.01814310 0.09936968
65 0.08714132 0.02065991 0.09627473 0.05528831 0.01755530 0.03120791 0.05325171 0.10160603 0.02265381 0.04579941 0.10121303 0.02989311 0.03783311 0.01487040 0.02407811 0.09790733 0.10442303 0.00429374 0.01037950 0.04367021
66 0.05271790 0.01707280 0.07712489 0.27733998 0.00593907 0.05724299 0.27814697 0.02842210 0.02671770 0.01701800 0.02037210 0.04411340 0.00180661 0.00295049 0.00687355 0.03543970 0.03088970 0.00126289 0.00392498 0.01462420
67 0.04528131 0.02670870 0.07601551 0.25380504 0.00728457 0.05263281 0.24397604 0.03222780 0.02583940 0.02060010 0.03761541 0.06413081 0.00399828 0.00530930 0.01132340 0.03677471 0.02806390 0.00172669 0.00704211 0.01964410
68 0.32911514 0.02168141 0.01953091 0.01038030 0.03352471 0.01053850 0.01890791 0.23062010 0.00641308 0.00890986 0.01195621 0.00640273 0.00482645 0.00292386 0.00947664 0.20586509 0.04166942 0.00192864 0.00293740 0.02239161
69 0.11679694 0.03252888 0.04829638 0.02274969 0.02117799 0.02749349 0.04056768 0.03359608 0.01700489 0.06529387 0.06228337 0.03642218 0.03021608 0.02169449 0.02399179 0.13729593 0.15559392 0.00857381 0.01961659 0.07880596
70 0.04384976 0.00617101 0.00721663 0.00264496 0.00991141 0.00522305 0.00347174 0.00774132 0.00200075 0.27211376 0.20481882 0.00548919 0.05797745 0.02902827 0.01017269 0.01417989 0.04144306 0.00271444 0.00954704 0.26428476
71 0.05855408 0.20002595 0.05481159 0.03283859 0.00303816 0.09774507 0.06526998 0.01911500 0.02477719 0.01189880 0.01493790 0.22972094 0.00773408 0.01165510 0.02179909 0.07604318 0.03863929 0.00267863 0.00480279 0.02391459
72 0.04713476 0.07724093 0.09001862 0.17961384 0.00823118 0.05912255 0.09810891 0.06398604 0.02033848 0.01756968 0.01879708 0.11165090 0.00631021 0.01207189 0.01890978 0.10340791 0.02236938 0.00509334 0.00933483 0.03068967
73 0.06787850 0.04508750 0.05284000 0.14707499 0.00629730 0.06261700 0.23062698 0.03719650 0.02822540 0.02497890 0.03504560 0.07244989 0.01039090 0.01371850 0.02356220 0.05601250 0.03960570 0.00474607 0.01276510 0.02888050
74 0.12841710 0.05065844 0.03521693 0.05034964 0.01063341 0.03606723 0.11158608 0.05851134 0.01742431 0.01745081 0.01875211 0.05780304 0.01178211 0.00736082 0.04307563 0.22479917 0.07043295 0.00759224 0.00963721 0.03244942
75 0.02588542 0.01111061 0.00499861 0.00320385 0.00911129 0.00659866 0.00892050 0.00784906 0.01090901 0.10882008 0.34301025 0.00984789 0.05582294 0.17381713 0.00435964 0.01183731 0.01680601 0.01027441 0.08486266 0.09195467
76 0.24019589 0.03728558 0.02598679 0.02213519 0.02628889 0.02666109 0.03719558 0.09971695 0.02071729 0.04591228 0.04508038 0.03221629 0.01719409 0.01576159 0.02526159 0.13461994 0.06570227 0.00718026 0.01291769 0.06197037
77 0.03991569 0.00761270 0.00599345 0.00238772 0.01000420 0.00460721 0.00570443 0.00769083 0.00262980 0.21892493 0.28621890 0.00555035 0.06142258 0.06087308 0.00853949 0.01449070 0.03327419 0.00262446 0.01574639 0.20578893
78 0.05753360 0.02895900 0.09194159 0.21521598 0.00885446 0.09309059 0.17799199 0.03872400 0.02667230 0.02081640 0.01824970 0.05423200 0.00624546 0.00934435 0.01315530 0.05282170 0.05730850 0.00312006 0.00588424 0.01983880
79 0.26458402 0.01872160 0.02341660 0.00816448 0.03914270 0.01241630 0.02247560 0.06035290 0.00893546 0.02324590 0.02561140 0.01291960 0.01399220 0.00318892 0.00753232 0.24185001 0.14199001 0.00259066 0.01209950 0.05676980
80 0.29737309 0.01488380 0.02816041 0.01033620 0.08727263 0.01266090 0.00904829 0.09824723 0.00995197 0.01817441 0.01670400 0.00509549 0.01181000 0.00261813 0.00541313 0.24006707 0.08308862 0.00176675 0.00706735 0.04026051
81 0.04117468 0.07350066 0.08252345 0.17283890 0.00553103 0.06707056 0.12588093 0.05098167 0.01938119 0.01931139 0.02472019 0.14623991 0.00650912 0.01447739 0.01763499 0.06213446 0.02169779 0.00413486 0.00952377 0.03473308
82 0.05633869 0.00357541 0.00802250 0.00228614 0.01207270 0.00514398 0.00345052 0.00916932 0.00269324 0.28129197 0.16370798 0.00471270 0.04301810 0.02159530 0.00951977 0.02173420 0.05451519 0.00231568 0.00928864 0.28554797
83 0.01804560 0.01448530 0.00508542 0.00412795 0.00496425 0.01307130 0.00955185 0.00635032 0.04386230 0.02009120 0.05259560 0.01823880 0.00255189 0.32637099 0.00380686 0.01796710 0.02465900 0.02077500 0.37191899 0.02148030
84 0.08415518 0.07525128 0.06311549 0.05682569 0.00919912 0.11634497 0.09183848 0.03141449 0.08631518 0.03873549 0.03883029 0.08708418 0.01669990 0.03356169 0.02018640 0.05032719 0.03595189 0.00707841 0.02755549 0.02952919
85 0.05339190 0.01755120 0.07646970 0.27538501 0.00574337 0.05736050 0.27827601 0.02813000 0.02652560 0.01722570 0.02042740 0.04420410 0.00191486 0.00291339 0.00724745 0.03626030 0.03098830 0.00126626 0.00404923 0.01466970
86 0.03982730 0.00727828 0.00592039 0.00248512 0.01004600 0.00461412 0.00539545 0.00768421 0.00264139 0.21831701 0.28782101 0.00540828 0.06166050 0.06171480 0.00822303 0.01442420 0.03305980 0.00255979 0.01590530 0.20501401
87 0.04767209 0.00319393 0.00666630 0.00220614 0.01064140 0.00487292 0.00235298 0.00725033 0.00174116 0.29733895 0.17010197 0.00455850 0.04208919 0.02320230 0.00994210 0.01193820 0.04270539 0.00209174 0.00913847 0.30029595
88 0.10181791 0.16547485 0.03492937 0.02436538 0.01979538 0.04971956 0.04965106 0.04391866 0.02560208 0.01971238 0.01979788 0.10643690 0.01448059 0.01486379 0.05025515 0.15732986 0.05133705 0.01125409 0.01078159 0.02847647
89 0.11725100 0.03076790 0.03031560 0.01509740 0.03154750 0.01904040 0.02733440 0.03685110 0.01574430 0.05322420 0.08396580 0.02487590 0.08640660 0.01379330 0.02363100 0.18351700 0.10999800 0.01511190 0.01145120 0.07007550
90 0.05316989 0.02284089 0.07108078 0.25716594 0.00468813 0.07999288 0.26487593 0.02736179 0.02716959 0.01996370 0.01974840 0.05198069 0.00203064 0.00397138 0.00739673 0.03538249 0.02863809 0.00104538 0.00376719 0.01772950
91 0.04814057 0.00378003 0.00704584 0.00245718 0.01064089 0.00527455 0.00293571 0.00740940 0.00230290 0.29205580 0.17436588 0.00505597 0.04303017 0.02495198 0.00989749 0.01273499 0.04276487 0.00210296 0.00948903 0.29356380
92 0.03901869 0.00636268 0.00629949 0.00189450 0.00935375 0.00450435 0.00353863 0.00781986 0.00184779 0.25556393 0.25545693 0.00390876 0.06364548 0.03984539 0.00916080 0.01229540 0.03551549 0.00190165 0.01122450 0.23084194
93 0.06653770 0.14671900 0.05420180 0.05205290 0.00681299 0.07299120 0.07893010 0.02718620 0.02794850 0.02472980 0.03043420 0.19299701 0.01441430 0.02506310 0.01834840 0.05952130 0.04091040 0.00638308 0.01699780 0.03682020
94 0.04391171 0.00299799 0.00609529 0.00149609 0.01025040 0.00403539 0.00165205 0.00676616 0.00111761 0.29041004 0.19640703 0.00306446 0.04684951 0.02869000 0.00934193 0.01025240 0.04006891 0.00186554 0.00974546 0.28498204
95 0.04238232 0.04835522 0.15753307 0.07561353 0.01011890 0.09671384 0.05399102 0.05395892 0.03493442 0.01407291 0.02046421 0.07070253 0.00827699 0.02148811 0.11397805 0.08361834 0.05282192 0.00419567 0.01577841 0.02100161
96 0.06554627 0.14721316 0.05470986 0.05254496 0.00702264 0.07250658 0.07902848 0.02739963 0.02841373 0.02517153 0.03043053 0.19226220 0.01472222 0.02507573 0.01786042 0.05895086 0.04075794 0.00634062 0.01710942 0.03693324
97 0.04386427 0.00300958 0.00607326 0.00147953 0.01025189 0.00404549 0.00162900 0.00680208 0.00112473 0.29049880 0.19614287 0.00310762 0.04686247 0.02869008 0.00932654 0.01016319 0.04004137 0.00188136 0.00975607 0.28524981
98 0.02523392 0.01390331 0.00764425 0.00203856 0.00636753 0.00519915 0.00819327 0.01128271 0.00301095 0.15240910 0.41364226 0.00459426 0.11723707 0.06703984 0.00895403 0.01840311 0.02632452 0.00213739 0.01217261 0.09421216
99 0.06907241 0.02909560 0.21063102 0.05668710 0.01809450 0.04553640 0.03650620 0.05391340 0.04093530 0.02109250 0.01531150 0.04854980 0.01106380 0.02295800 0.01812620 0.14679201 0.10922701 0.00313722 0.01397280 0.02929720
100 0.04653483 0.08621505 0.02184831 0.07869404 0.00379673 0.07612084 0.21598212 0.01783501 0.02560851 0.03286662 0.06604444 0.16392609 0.00996293 0.01700061 0.02034831 0.03892572 0.01973451 0.00304481 0.01403511 0.04147542
101 0.06872738 0.04392009 0.05305769 0.14842697 0.00638859 0.06284909 0.23162495 0.03602229 0.02847889 0.02548299 0.03508469 0.07172578 0.01076650 0.01383000 0.02164980 0.05510389 0.04025329 0.00492574 0.01288640 0.02879499
102 0.06730339 0.10466798 0.03570599 0.04882029 0.00590874 0.05925709 0.08867349 0.01721910 0.02735220 0.05123509 0.04540569 0.16464697 0.02023450 0.02958010 0.02130950 0.05755239 0.03519789 0.00715002 0.01236260 0.10041698
103 0.03953836 0.01592528 0.00962964 0.00716087 0.00907216 0.00960309 0.01591838 0.01514468 0.00689093 0.15599284 0.33403366 0.01233769 0.07699782 0.07356163 0.01075889 0.02221648 0.03039977 0.00458737 0.02558757 0.12464287
104 0.29187511 0.02313971 0.02262221 0.01390451 0.02973591 0.01308380 0.02111041 0.26039410 0.00734660 0.00936011 0.01287820 0.00809338 0.00518370 0.00380697 0.01285860 0.19733607 0.04076012 0.00256092 0.00311964 0.02082991
105 0.17551103 0.03246440 0.03605951 0.10548002 0.00669327 0.05348871 0.21017203 0.04198371 0.02535460 0.02506870 0.02579000 0.05089871 0.01083300 0.00825310 0.01497170 0.07306031 0.06274911 0.00373306 0.00703932 0.03039570
106 0.05315409 0.01707100 0.07680309 0.27724095 0.00592853 0.05697829 0.27863095 0.02851249 0.02656689 0.01719410 0.02031480 0.04347609 0.00181752 0.00287478 0.00708606 0.03557769 0.03125889 0.00116263 0.00390547 0.01444570
107 0.05507613 0.01293211 0.01199591 0.00878547 0.01138961 0.01204631 0.01348011 0.01281421 0.00885771 0.24206814 0.18907011 0.01319891 0.04933253 0.03522732 0.01181721 0.02459471 0.04346362 0.00382406 0.01503071 0.22499513
108 0.07319508 0.05957948 0.01442720 0.01809350 0.00986687 0.01808600 0.02494149 0.02809979 0.03449099 0.02856549 0.04461249 0.02663999 0.02859119 0.09104088 0.01440200 0.05809898 0.04237589 0.29134192 0.06013918 0.03341159
109 0.04487811 0.00253137 0.00598529 0.00143924 0.01040840 0.00404676 0.00149358 0.00675670 0.00106504 0.29394004 0.18799802 0.00311172 0.04453871 0.02748840 0.00934794 0.01012140 0.04089801 0.00187649 0.00964974 0.29242504
110 0.05684655 0.03068623 0.01855232 0.00932126 0.01228821 0.01654931 0.02096842 0.01982222 0.01213311 0.14013912 0.23695920 0.02394502 0.10503109 0.03894443 0.01573981 0.04651804 0.05361185 0.01065201 0.01259171 0.11870010
111 0.08904320 0.02712040 0.09754520 0.04805110 0.01798010 0.03033910 0.04521260 0.05572400 0.03016800 0.04961140 0.10931400 0.03370930 0.04504920 0.01892980 0.02148790 0.12912700 0.07583520 0.00523033 0.01861780 0.05190440
112 0.04898865 0.11777111 0.01900342 0.04416074 0.00529622 0.06691696 0.15975115 0.01974032 0.02933243 0.04178544 0.09555719 0.13893013 0.02033892 0.02541402 0.02652173 0.04196534 0.02106362 0.00697424 0.02489202 0.04559634
113 0.20893779 0.02765837 0.03415237 0.02588027 0.02583967 0.02102248 0.02711057 0.24499975 0.01089849 0.01294919 0.01595548 0.01687708 0.00790115 0.00712846 0.02556747 0.20382879 0.05091055 0.00514319 0.00533588 0.02190298
114 0.07888926 0.08337606 0.05974974 0.07550245 0.00936491 0.10532107 0.09317917 0.04695563 0.03284342 0.03453322 0.03552682 0.10092507 0.01467291 0.02555532 0.03389512 0.06797105 0.04303963 0.00666340 0.01728611 0.03474962
115 0.06628460 0.01455640 0.01476610 0.01042220 0.01210570 0.01222960 0.01630980 0.01462510 0.00915887 0.22116400 0.15826500 0.01894290 0.04216310 0.03321160 0.01276310 0.03470180 0.04933410 0.00431683 0.01492320 0.23975600
116 0.17051996 0.02179550 0.09748188 0.03431369 0.10422998 0.02480869 0.01770260 0.06783019 0.01868680 0.01845520 0.01599640 0.01902010 0.01642920 0.01221670 0.01263730 0.21477095 0.09012528 0.00340221 0.00978110 0.02979629
117 0.07765192 0.08362742 0.05959971 0.07660592 0.00912318 0.10608302 0.09489752 0.04808951 0.03319131 0.03404491 0.03454991 0.10128202 0.01486470 0.02608931 0.03331021 0.06692091 0.04236511 0.00628212 0.01770620 0.03371511
118 0.06863482 0.01430490 0.01729990 0.00713441 0.01413010 0.01062120 0.01832740 0.04280221 0.01054440 0.16684005 0.17077805 0.01391480 0.09215632 0.01770600 0.01158360 0.06581332 0.10243603 0.01101850 0.00821992 0.13573404
119 0.03995007 0.01549209 0.00964385 0.00736799 0.00921907 0.00930139 0.01570729 0.01452329 0.00728672 0.15582087 0.33437171 0.01168559 0.07702423 0.07426074 0.01072679 0.02228368 0.03066087 0.00447509 0.02575678 0.12444189
120 0.24067818 0.03730203 0.02613542 0.02332632 0.02573212 0.02710562 0.03844993 0.09802507 0.02038721 0.04565523 0.04458253 0.03198942 0.01673301 0.01522071 0.02449732 0.13537010 0.06609115 0.00765338 0.01317981 0.06188545
121 0.24120606 0.03670961 0.02586571 0.02337131 0.02615961 0.02669461 0.03834661 0.09867692 0.02045180 0.04545621 0.04452661 0.03121541 0.01687130 0.01599140 0.02467841 0.13559003 0.06562622 0.00686866 0.01386520 0.06182831
122 0.18339315 0.02343402 0.03577933 0.02801872 0.01684321 0.01971632 0.02430242 0.38988933 0.01010351 0.00976565 0.01496261 0.01265121 0.00538679 0.00775014 0.01609061 0.14889413 0.03088863 0.00405766 0.00362464 0.01444791
123 0.10830492 0.01745119 0.03198098 0.01103839 0.02017059 0.01693609 0.02560768 0.07375135 0.01698959 0.11307092 0.07053185 0.01935509 0.03359148 0.01514999 0.01140809 0.12876791 0.17742687 0.00886559 0.00958730 0.09001414
124 0.04397599 0.00544419 0.00686140 0.00242981 0.01000090 0.00496537 0.00302292 0.00743571 0.00178707 0.27787696 0.20076497 0.00497289 0.05523069 0.02800790 0.01007460 0.01326890 0.04138769 0.00250314 0.00931493 0.27067396
125 0.04618659 0.00440260 0.00652935 0.00216990 0.01065480 0.00476062 0.00356155 0.00743104 0.00205570 0.27193992 0.20416094 0.00476415 0.04689539 0.03495059 0.00960052 0.01312520 0.04048619 0.00229688 0.01169620 0.27233192
126 0.15585396 0.02339469 0.02380749 0.00889335 0.02607249 0.01792110 0.03343359 0.02622409 0.01457740 0.06668808 0.07547908 0.02625189 0.08053338 0.01059140 0.01088810 0.12656597 0.15132597 0.01212780 0.00969698 0.09967318
127 0.12024593 0.04099728 0.05906796 0.05434877 0.01765299 0.06258666 0.03740898 0.21311987 0.01679909 0.01298559 0.01728259 0.03791388 0.00726888 0.01161049 0.05328997 0.16662690 0.04135478 0.00683425 0.00724487 0.01536029
128 0.05494856 0.16147388 0.12784991 0.06209555 0.00812023 0.07516784 0.03759577 0.04552997 0.03988327 0.01260849 0.01651279 0.16049788 0.01061869 0.02207988 0.01652979 0.06225195 0.04428077 0.00491430 0.01378779 0.02325268
129 0.03354297 0.00943802 0.00594476 0.00226853 0.00859573 0.00470166 0.00601162 0.00843233 0.00243969 0.20815182 0.32739872 0.00467922 0.07804243 0.06055385 0.00831486 0.01381289 0.02979337 0.00215977 0.01420889 0.17150885
130 0.14106891 0.01511329 0.01514259 0.00905188 0.01820739 0.01320799 0.01663759 0.02627978 0.01124099 0.17138289 0.11222993 0.01752089 0.03311618 0.02075869 0.01659549 0.06867336 0.06790226 0.00380733 0.01105669 0.21100587
131 0.07823310 0.20617600 0.04085220 0.02585830 0.01516390 0.06247560 0.05199970 0.03319820 0.03014590 0.02707670 0.03521480 0.15366900 0.02050380 0.02477440 0.02856060 0.06622450 0.03818350 0.01301000 0.01772370 0.03095610
132 0.03942640 0.00746140 0.00594604 0.00238901 0.00993271 0.00453691 0.00563356 0.00753043 0.00272890 0.21794998 0.28922897 0.00530849 0.06188099 0.06175879 0.00826633 0.01437820 0.03300790 0.00257663 0.01566540 0.20439298
133 0.05336560 0.02807920 0.09292440 0.24425600 0.00864487 0.05943760 0.17753300 0.06362840 0.02591090 0.02084480 0.02213880 0.05864190 0.00558693 0.01105320 0.01175710 0.05078930 0.02941960 0.00440911 0.01036600 0.02121330
134 0.07773985 0.00983718 0.00734694 0.00362574 0.01410621 0.00758289 0.00837425 0.00967017 0.00922907 0.17750711 0.21676413 0.00973852 0.03891052 0.06762304 0.00888756 0.03443602 0.04909903 0.00548082 0.05684484 0.18719612
135 0.10290900 0.01698410 0.01192920 0.00811900 0.01379790 0.01614620 0.01990890 0.02624760 0.01334220 0.14238900 0.24887100 0.01604530 0.05416700 0.05062910 0.01342080 0.04219730 0.04701820 0.00457250 0.02088970 0.13041600
136 0.04413862 0.01775841 0.01254031 0.00840874 0.00943352 0.01210951 0.01375621 0.00921095 0.03536882 0.09760135 0.12374906 0.02003971 0.02085461 0.16360808 0.00796558 0.03236612 0.03509052 0.01539671 0.20851711 0.11208606
137 0.03900378 0.01537209 0.00979938 0.00740554 0.00923074 0.00935292 0.01575569 0.01474539 0.00700776 0.15549394 0.33694187 0.01172510 0.07742767 0.07433907 0.01121220 0.02212929 0.03021309 0.00413305 0.02549749 0.12321395
138 0.03417078 0.02440638 0.02035859 0.01112129 0.00975658 0.01972679 0.01691979 0.01805579 0.03564318 0.06308466 0.13830291 0.02702758 0.02324279 0.23619985 0.00844322 0.02546838 0.02638518 0.02308579 0.17712289 0.06147756
139 0.11698198 0.02143760 0.04314629 0.03802279 0.00879117 0.02293820 0.02610139 0.51454289 0.01269610 0.01253700 0.01993460 0.01441400 0.00622939 0.01193960 0.01260550 0.07794888 0.01815300 0.00353551 0.00429294 0.01375120
140 0.02335968 0.00865840 0.00309776 0.00160276 0.00905015 0.00287462 0.00598953 0.00646317 0.00325741 0.12518689 0.42948763 0.00464124 0.07426114 0.13840888 0.00357271 0.00948533 0.01398549 0.00416103 0.03494407 0.09751212
141 0.18678200 0.02735170 0.02897170 0.01266310 0.03917210 0.01854460 0.02332830 0.04529840 0.01466100 0.03835990 0.05269290 0.02211010 0.06505540 0.00840360 0.01781560 0.19266700 0.11555500 0.01065450 0.01042500 0.06948810
142 0.06599446 0.01427861 0.01440411 0.00960639 0.01246001 0.01194241 0.01522101 0.01402861 0.00914770 0.22273920 0.15876814 0.01794842 0.04264714 0.03348993 0.01268441 0.03444073 0.04972474 0.00447075 0.01492401 0.24107921
143 0.11444001 0.02152390 0.04358060 0.03827870 0.00868991 0.02285030 0.02620910 0.51617606 0.01269170 0.01316330 0.01988150 0.01445080 0.00601940 0.01242030 0.01187570 0.07710751 0.01824490 0.00340945 0.00459013 0.01439670
144 0.10093601 0.05890570 0.05507820 0.12891501 0.00774108 0.04965340 0.10581501 0.04397830 0.01913870 0.01954690 0.01813760 0.12160701 0.00931011 0.01176600 0.02149130 0.13841701 0.03474140 0.00710501 0.00773923 0.03997700
145 0.29464704 0.02369860 0.02278760 0.01358110 0.03171040 0.01328770 0.02176120 0.23472504 0.00737954 0.00969518 0.01282580 0.00887651 0.00565408 0.00359114 0.01402440 0.20851903 0.04490171 0.00269164 0.00351216 0.02213010
146 0.03880948 0.00501465 0.00554066 0.00142864 0.00978213 0.00358888 0.00253316 0.00673807 0.00129315 0.25154889 0.26029289 0.00311587 0.05817907 0.04823438 0.00834894 0.01085050 0.03425048 0.00197399 0.01234029 0.23613590
147 0.24947399 0.02867160 0.02500660 0.01258020 0.03759420 0.01776130 0.02313370 0.08717489 0.00959027 0.01688790 0.01690110 0.01760110 0.01074940 0.00403993 0.02192880 0.27457598 0.09270049 0.00358266 0.01117490 0.03887100
148 0.08213562 0.03379701 0.04202771 0.08913992 0.00928331 0.04888831 0.14929804 0.11723103 0.03317081 0.07147962 0.05103001 0.04567621 0.02002871 0.02030721 0.01773160 0.06559622 0.04846081 0.00964671 0.01258380 0.03248731
149 0.03906278 0.00626408 0.00623771 0.00191151 0.00938608 0.00449821 0.00355038 0.00769281 0.00178443 0.25574489 0.25507289 0.00383732 0.06292307 0.04050108 0.00917251 0.01203099 0.03561468 0.00199860 0.01141509 0.23130090
150 0.02841038 0.01215219 0.00722720 0.00175496 0.00681167 0.00465514 0.00578212 0.00991091 0.00202489 0.19659589 0.35483180 0.00408676 0.10401594 0.05070967 0.00952522 0.01654579 0.03016398 0.00174856 0.01047099 0.14257592
151 0.07628431 0.03861951 0.02111450 0.01526600 0.00722751 0.03858811 0.03510391 0.08075672 0.00812075 0.01002370 0.02372740 0.01684760 0.00879973 0.00669312 0.43032308 0.11206802 0.04938761 0.00379806 0.00424174 0.01300860
152 0.07818877 0.20877492 0.04083798 0.02656309 0.01540989 0.06219408 0.05096268 0.03337299 0.02967219 0.02634709 0.03451909 0.15341694 0.02083579 0.02417629 0.02909129 0.06666437 0.03755278 0.01316069 0.01767439 0.03058469
153 0.07114201 0.04295271 0.02027690 0.01455730 0.00617232 0.03944901 0.04247991 0.04495161 0.01181530 0.02587650 0.03782941 0.02428260 0.01358570 0.01095980 0.39645808 0.10313802 0.05247071 0.00485516 0.00816003 0.02858691
154 0.03519640 0.01394310 0.01215720 0.00598252 0.01058730 0.01068320 0.01205660 0.00969232 0.01649560 0.15289601 0.25102902 0.01531390 0.04620940 0.14523401 0.00721468 0.01655320 0.02580890 0.00833219 0.07285341 0.13176101
155 0.24832694 0.02069510 0.02507639 0.01488490 0.02560679 0.01632970 0.02145459 0.21009395 0.01128120 0.02382359 0.04942619 0.00992970 0.01444940 0.00653555 0.01453880 0.17410696 0.06393468 0.00345600 0.00691469 0.03913489
156 0.06196243 0.04705862 0.16098309 0.09775005 0.01322571 0.05200223 0.06836004 0.06990954 0.04312032 0.02704831 0.02679291 0.06678514 0.01295491 0.02714261 0.01830571 0.08301544 0.06547473 0.00467367 0.01848591 0.03494862
157 0.02908020 0.00964574 0.00591455 0.00144332 0.00783729 0.00340410 0.00462236 0.00796731 0.00167694 0.18932401 0.36087301 0.00319725 0.08898820 0.06860850 0.00772517 0.01347070 0.02705950 0.00199503 0.01342480 0.15374201
158 0.02866579 0.02360110 0.03586229 0.04882309 0.00923363 0.02344310 0.02064770 0.01973710 0.05002929 0.03824369 0.05409709 0.03472269 0.00637285 0.23306496 0.01014150 0.02768520 0.01986680 0.03417479 0.25400395 0.02758340
159 0.04658672 0.00222379 0.00635673 0.00163427 0.01052701 0.00436409 0.00138518 0.00687320 0.00119073 0.30402116 0.16973609 0.00336913 0.04169552 0.02178161 0.00968601 0.01022341 0.04245672 0.00188178 0.00874267 0.30526416
160 0.04834683 0.19598313 0.10237107 0.05258564 0.00279775 0.10330707 0.03613772 0.03034282 0.02736022 0.00645738 0.00978825 0.23880716 0.00710757 0.01465301 0.01048191 0.04581063 0.04410123 0.00166849 0.00497540 0.01691671
161 0.11409005 0.02182461 0.02344691 0.01249190 0.01965881 0.01535191 0.01935821 0.01954491 0.03336701 0.05765372 0.06776783 0.02307881 0.01990121 0.07255603 0.01210480 0.14779306 0.08654483 0.01003760 0.12388305 0.09954474
162 0.03259191 0.02285791 0.01722271 0.01217330 0.00717050 0.01632761 0.01878311 0.01101050 0.04570922 0.03370251 0.07559482 0.02534961 0.00826125 0.22080707 0.00763242 0.03358941 0.02826561 0.02041921 0.32918611 0.03334521
163 0.23444506 0.01966641 0.02588191 0.01862080 0.01350080 0.01425960 0.01866320 0.46162512 0.00835290 0.00652591 0.01283820 0.00504924 0.00277500 0.00682939 0.00578167 0.11332503 0.01705180 0.00188109 0.00161174 0.01131510
164 0.04631552 0.00278392 0.00645805 0.00184559 0.01050650 0.00457512 0.00171811 0.00705071 0.00142629 0.30026513 0.17426508 0.00358671 0.04298582 0.02304061 0.00977454 0.01061910 0.04219852 0.00193498 0.00904754 0.29960213
165 0.03902281 0.02392601 0.13273003 0.26995706 0.00853894 0.05943761 0.15961303 0.07059211 0.02611221 0.01427610 0.01772490 0.05723441 0.00273941 0.01028390 0.01064540 0.04604661 0.02741781 0.00147644 0.00881140 0.01341380
166 0.05206759 0.01136180 0.01105860 0.00417846 0.01133460 0.00801537 0.01151590 0.01346480 0.00531327 0.22515897 0.19994097 0.01008680 0.08097529 0.02295840 0.01082260 0.03590699 0.06996149 0.00495230 0.00897884 0.20194697
167 0.16469406 0.02579941 0.02992711 0.01737221 0.02962661 0.02084011 0.02522271 0.12689505 0.01999361 0.05544432 0.03272031 0.01730001 0.01749001 0.01041060 0.02056411 0.22473109 0.09623894 0.01057670 0.00879352 0.04535952
168 0.06945954 0.08390863 0.03487067 0.04470316 0.00684884 0.05182826 0.07836644 0.01669069 0.02792938 0.07048484 0.05555996 0.13619989 0.02426608 0.03317757 0.02148488 0.05580466 0.03775557 0.00779334 0.01336869 0.12949890
169 0.07772176 0.08387987 0.06075415 0.07608726 0.00941913 0.10478409 0.09352768 0.04804664 0.03347273 0.03382803 0.03509443 0.10141808 0.01466281 0.02546272 0.03376603 0.06759086 0.04278424 0.00608626 0.01746861 0.03414463
170 0.03029619 0.01590510 0.00615371 0.00329631 0.00916640 0.00544743 0.00874799 0.00810876 0.00570709 0.13932297 0.37335193 0.01017110 0.07801119 0.10177598 0.00606792 0.01582580 0.02291720 0.00639597 0.04326099 0.11006998
171 0.07745778 0.20774396 0.04132279 0.02667139 0.01493670 0.06237169 0.05126859 0.03335659 0.03037129 0.02646239 0.03480839 0.15262797 0.02070760 0.02451050 0.02900159 0.06639069 0.03801929 0.01370680 0.01760060 0.03066339
172 0.03417160 0.01385690 0.02311840 0.00391779 0.00702336 0.00787391 0.00899423 0.01510540 0.00584000 0.19982498 0.29754197 0.00647111 0.11406699 0.02877870 0.01257610 0.02443270 0.03808920 0.00238889 0.00807181 0.14785599
173 0.05299744 0.02747682 0.09207827 0.24580318 0.00840056 0.05875544 0.17998513 0.06080444 0.02609492 0.02120932 0.02241332 0.05801124 0.00583997 0.01093751 0.01170601 0.05108894 0.02965392 0.00435515 0.01110281 0.02128562
174 0.06827177 0.04430018 0.05322187 0.14737893 0.00634381 0.06229687 0.22984789 0.03665128 0.02857869 0.02572879 0.03556118 0.07217557 0.01092999 0.01429059 0.02276739 0.05529867 0.03944078 0.00502657 0.01302289 0.02886629
175 0.03951271 0.05512742 0.09501833 0.21171307 0.00610751 0.06489242 0.13499804 0.05865212 0.01954781 0.01765881 0.02259831 0.11963204 0.00529393 0.01235170 0.01553720 0.05792612 0.02162721 0.00365651 0.00996714 0.02818161
176 0.03198412 0.03705672 0.16221008 0.19203810 0.01371991 0.06069993 0.07951864 0.07919804 0.02480621 0.01237881 0.01905451 0.07809844 0.00556826 0.02078651 0.04974473 0.06091933 0.03257132 0.00331233 0.01526771 0.02106631
177 0.05068332 0.00931901 0.01063300 0.00511816 0.01099140 0.00731339 0.00884261 0.00974332 0.00461047 0.23560110 0.19323708 0.00956816 0.06581773 0.03130631 0.01105400 0.02442441 0.04860632 0.00557036 0.01015470 0.24740510
178 0.23342009 0.01459011 0.02099831 0.00930059 0.07923153 0.01265080 0.01063020 0.04841772 0.01192040 0.06570423 0.05381222 0.00870052 0.02216731 0.00938030 0.00922944 0.16225406 0.10255504 0.00301146 0.01092260 0.11110304
179 0.05660571 0.04247820 0.04620450 0.15122502 0.00385640 0.09690501 0.28815203 0.02165240 0.02984980 0.02593370 0.03068490 0.07547941 0.00649817 0.01075910 0.01420270 0.03708530 0.02821980 0.00222625 0.00810568 0.02387590
