1 0.24461486 0.01778019 0.06963136 0.02637798 0.09585564 0.03122478 0.02629988 0.09055485 0.01214769 0.01365589 0.01879719 0.02492329 0.01283639 0.01227289 0.01698099 0.14951891 0.09127815 0.00422808 0.01057839 0.03044258
2 0.22509607 0.02557501 0.02761821 0.02760861 0.03201211 0.02842341 0.03866731 0.08376933 0.01272990 0.04996322 0.06070852 0.02982341 0.02145391 0.01850981 0.03115151 0.13881705 0.07240722 0.00423367 0.01335560 0.05807612
3 0.07822803 0.03384241 0.08482303 0.15470506 0.01446761 0.03443211 0.07808053 0.05727712 0.01203420 0.02459061 0.02530441 0.06177262 0.01459991 0.01471651 0.03442301 0.17025206 0.06767582 0.00405027 0.00886577 0.02585891
4 0.06177206 0.01329359 0.01155139 0.01163409 0.01505369 0.01333529 0.01411069 0.01793289 0.00888622 0.21886587 0.15463691 0.01875749 0.04055518 0.03752778 0.01487949 0.03753388 0.04726587 0.00478287 0.01093289 0.24669185
5 0.10228806 0.01261251 0.00829816 0.01137341 0.01463501 0.01179781 0.01630271 0.01678741 0.00733955 0.20858613 0.15356010 0.01718501 0.03971953 0.03308342 0.01873001 0.05748994 0.05247093 0.00350951 0.00807567 0.20615513
6 0.12177394 0.04938987 0.04391358 0.03864858 0.02566019 0.03342528 0.04388088 0.04689748 0.01658109 0.06646357 0.05447667 0.04988077 0.02122599 0.02033609 0.02703269 0.12051294 0.12227794 0.00518072 0.01529279 0.07714896
7 0.16166599 0.03772630 0.04102520 0.04201940 0.02685650 0.02931640 0.03949930 0.07199199 0.01136100 0.03485920 0.03858730 0.04688530 0.01742430 0.01981720 0.03487780 0.19750798 0.08705519 0.00395748 0.01396650 0.04359970
8 0.05134326 0.16155287 0.05332256 0.05990205 0.01059059 0.05577845 0.07748564 0.04454366 0.02649478 0.02863958 0.03553897 0.17249886 0.01985548 0.01017709 0.02456688 0.06710095 0.05084336 0.00429821 0.01335779 0.03210897
9 0.06820162 0.04019451 0.04944581 0.12044803 0.00808412 0.05284041 0.23207306 0.05547201 0.03246111 0.03656461 0.02918751 0.08312142 0.01652530 0.00960889 0.01702020 0.05937491 0.04669091 0.00406254 0.01315090 0.02547211
10 0.16004897 0.03769249 0.04081709 0.04285209 0.02650619 0.02978229 0.04046439 0.07190799 0.01144740 0.03642039 0.03912549 0.04702109 0.01771690 0.01964910 0.03350349 0.19658096 0.08586988 0.00400930 0.01334300 0.04524149
11 0.06486699 0.21604296 0.05170909 0.03716319 0.01165530 0.05908759 0.03645489 0.04279649 0.01940460 0.01698000 0.03135409 0.14761697 0.01750080 0.00903932 0.02258300 0.11542698 0.05969249 0.00347038 0.01358700 0.02356790
12 0.05575002 0.01146770 0.00731930 0.01497911 0.01176851 0.01010520 0.02028671 0.01134370 0.00813836 0.23281910 0.17429707 0.01764181 0.04400042 0.04068482 0.01430071 0.03219921 0.04340192 0.00436511 0.01309211 0.23203910
13 0.05165492 0.08696083 0.13687704 0.07702572 0.01316180 0.11194404 0.07324512 0.05495942 0.04080581 0.01414140 0.02897301 0.09190753 0.01941121 0.01232240 0.01545030 0.06143792 0.05658302 0.00554788 0.01917981 0.02841081
14 0.04857001 0.00852539 0.00185719 0.00396568 0.00836310 0.00390944 0.00523457 0.00548613 0.00527328 0.18201004 0.33392507 0.00712994 0.08475532 0.06274501 0.01112140 0.01689130 0.02423240 0.00626148 0.01134220 0.16840103
15 0.05442652 0.03014751 0.02098921 0.01843901 0.01660920 0.02719251 0.02294521 0.02407381 0.02189031 0.08015232 0.18647606 0.02940581 0.08149492 0.09290343 0.02129681 0.03975071 0.03520821 0.01307020 0.10015203 0.08337623
16 0.02855540 0.02118710 0.01782670 0.01087770 0.01763390 0.01771020 0.00878852 0.01511080 0.03662600 0.05374060 0.15853000 0.00936535 0.02627560 0.21513601 0.01202320 0.01956600 0.01519070 0.02307700 0.24664601 0.04613320
17 0.09971119 0.03296290 0.02474400 0.04904750 0.01163600 0.02611810 0.02952040 0.03065850 0.01843130 0.04105500 0.05497769 0.04583040 0.02020380 0.02726250 0.27619597 0.08948509 0.05146429 0.00622660 0.01947400 0.04499480
18 0.06222381 0.02748210 0.01803480 0.02027950 0.01322510 0.02039200 0.02608500 0.02517880 0.01174720 0.11799802 0.24850504 0.03298571 0.09159991 0.05244001 0.01839330 0.04253561 0.03621381 0.00666924 0.01399000 0.11402102
19 0.05277762 0.02365301 0.04181811 0.09532983 0.01717891 0.03079571 0.03714151 0.03211561 0.02488561 0.03480631 0.06860632 0.03560511 0.02008711 0.15144305 0.04174081 0.07554312 0.04242611 0.02255671 0.11134603 0.04014341
20 0.06978798 0.03869609 0.04860459 0.11929897 0.00834329 0.05290059 0.23175794 0.05491928 0.03278269 0.03682599 0.02891999 0.08221038 0.01640690 0.00966799 0.01732860 0.06018958 0.04747899 0.00406690 0.01375560 0.02605769
21 0.03487689 0.06000908 0.07422068 0.18101894 0.00575829 0.04654199 0.17243594 0.03407949 0.02009899 0.03284899 0.02553669 0.12435196 0.01573849 0.00706502 0.02648359 0.06379108 0.04288839 0.00351384 0.00774837 0.02099329
22 0.05651978 0.04075229 0.08206388 0.17739695 0.00992524 0.04701499 0.13950796 0.05224129 0.02123889 0.03142449 0.03126459 0.07704548 0.01537100 0.01492740 0.03271229 0.07745538 0.04938529 0.00543524 0.01359980 0.02471779
23 0.04578386 0.25058378 0.04820026 0.03349417 0.01018489 0.06339824 0.03996847 0.03698057 0.02745718 0.01884118 0.04132776 0.17129285 0.01776478 0.01464849 0.01871458 0.05710685 0.05359405 0.00484497 0.02259518 0.02321788
24 0.03404480 0.03066090 0.02557450 0.01591740 0.01927070 0.02652910 0.01808610 0.02279490 0.04363470 0.03187260 0.09029191 0.01826160 0.01216790 0.21923702 0.01574130 0.02826920 0.02175650 0.02456250 0.27221203 0.02911430
25 0.22347107 0.02594811 0.02734611 0.02716211 0.03156871 0.02802961 0.03884241 0.08561593 0.01303970 0.04992852 0.05884172 0.02963691 0.02065901 0.01885351 0.03236781 0.13881404 0.07283482 0.00405859 0.01359970 0.05938162
26 0.06651589 0.03742539 0.04146069 0.04933369 0.01690730 0.03281179 0.03031529 0.03444999 0.01527910 0.03857859 0.04631709 0.10351798 0.02821809 0.08557148 0.05710569 0.16808297 0.05428009 0.01023710 0.02482070 0.05877109
27 0.05113930 0.16036599 0.05311190 0.06048670 0.01067690 0.05629570 0.07822750 0.04434880 0.02664530 0.02848030 0.03573440 0.17177399 0.02036550 0.01064030 0.02456720 0.06731750 0.05091850 0.00418006 0.01330720 0.03141700
28 0.22308600 0.02614820 0.02850210 0.02742530 0.03073670 0.02814060 0.03906550 0.08567390 0.01297780 0.04999900 0.06016070 0.02996700 0.02091270 0.01924830 0.03171240 0.13775100 0.07217020 0.00412498 0.01355690 0.05864070
29 0.05408089 0.01901340 0.00974625 0.01206530 0.01035610 0.01250720 0.01356800 0.01512080 0.01005520 0.14159998 0.30206695 0.01698120 0.07611839 0.06902729 0.01531700 0.02785390 0.02709970 0.00809651 0.02749600 0.13182998
30 0.03974344 0.01706282 0.01808612 0.01425091 0.01703042 0.01660872 0.01091791 0.01689242 0.02803243 0.07595298 0.16359316 0.01239981 0.03635904 0.18645619 0.01792062 0.03284303 0.02408812 0.02295442 0.17486317 0.07394427
31 0.06169848 0.01974669 0.01874859 0.03310449 0.01243340 0.02052809 0.01550009 0.01804519 0.01958659 0.05273128 0.09949986 0.03381159 0.02951459 0.11592295 0.19190992 0.07171307 0.03743639 0.01333179 0.07651147 0.05822548
32 0.16362102 0.02230380 0.04928410 0.03069440 0.02209070 0.01430160 0.03638510 0.32639003 0.01822670 0.00913065 0.01880090 0.03203370 0.01116230 0.00670770 0.01184920 0.15001502 0.04643720 0.00472704 0.00655481 0.01928400
33 0.08198688 0.01184020 0.01472870 0.01125290 0.05368039 0.01973659 0.01159880 0.02401259 0.00896790 0.18884695 0.10144397 0.01759380 0.03324839 0.03244489 0.01371080 0.05647668 0.05944368 0.00523997 0.01380900 0.23993694
34 0.04645992 0.00476422 0.00181924 0.00340639 0.01191671 0.00471108 0.00547729 0.00714580 0.00504778 0.30728913 0.13044206 0.00822578 0.02897591 0.02757761 0.00691778 0.01844371 0.04680372 0.00209684 0.00390187 0.32857714
35 0.16257205 0.03726911 0.04120521 0.04178811 0.02766461 0.02970721 0.03930861 0.07289622 0.01146930 0.03496871 0.03880071 0.04592291 0.01741181 0.01922511 0.03329911 0.19898106 0.08653113 0.00377171 0.01339720 0.04381011
36 0.16269088 0.03618567 0.04112267 0.04279067 0.02711198 0.02908418 0.03947697 0.07398514 0.01141999 0.03549767 0.03894097 0.04578807 0.01762179 0.01972139 0.03428757 0.19719285 0.08538424 0.00369085 0.01351899 0.04448747
37 0.28817320 0.01571831 0.02297182 0.01974601 0.03793493 0.02007491 0.03239512 0.07895185 0.00580325 0.02450282 0.02159541 0.02113401 0.01076481 0.00791495 0.02574672 0.22972316 0.09715997 0.00157791 0.00636821 0.03174262
38 0.05695596 0.04074887 0.08063475 0.17637089 0.01024759 0.04747127 0.14219191 0.05283357 0.02153459 0.03197818 0.03104578 0.07713115 0.01554589 0.01379029 0.03196628 0.07703715 0.04902197 0.00527552 0.01315219 0.02506618
39 0.22357705 0.02659871 0.02720541 0.02693961 0.03080191 0.02852181 0.03886871 0.08470232 0.01305980 0.04941541 0.06142561 0.02991471 0.02101781 0.01917620 0.03177371 0.13851803 0.07269752 0.00408936 0.01322890 0.05846741
40 0.16085699 0.03628210 0.04134860 0.04361340 0.02611780 0.02999380 0.04082620 0.07073760 0.01121220 0.03569010 0.03839060 0.04609280 0.01770250 0.02013190 0.03503120 0.19711999 0.08702099 0.00385997 0.01358680 0.04438450
41 0.28525901 0.01555500 0.02375560 0.01998550 0.03803410 0.01993350 0.03171610 0.07760850 0.00546498 0.02403330 0.02111250 0.02107640 0.01057240 0.00798993 0.02563380 0.23325400 0.09877480 0.00179445 0.00656322 0.03188290
42 0.22180094 0.02592819 0.02735959 0.02697699 0.03066659 0.02821549 0.03957489 0.08511848 0.01336180 0.05187998 0.06212108 0.03005079 0.02157219 0.01915409 0.03048439 0.13622896 0.07195908 0.00399949 0.01278010 0.06076688
43 0.22370191 0.02685099 0.02817359 0.02660239 0.03142459 0.02857779 0.03915248 0.08346407 0.01295079 0.04934008 0.06111918 0.03014759 0.02162669 0.01933719 0.03129189 0.13786894 0.07287427 0.00402610 0.01343199 0.05803748
44 0.11948302 0.04904541 0.04430941 0.03937921 0.02522421 0.03311711 0.04478381 0.04764271 0.01700870 0.06534071 0.05382751 0.04997441 0.02159350 0.02014850 0.02852691 0.12044602 0.12365402 0.00520990 0.01494590 0.07633902
45 0.06078294 0.01291769 0.01161189 0.01181169 0.01458359 0.01323679 0.01357179 0.01823858 0.00931994 0.22077980 0.15431986 0.01828128 0.03967516 0.03733897 0.01508079 0.03698227 0.04710756 0.00456667 0.01129999 0.24849277
46 0.05728599 0.04058729 0.08192469 0.17690397 0.01031600 0.04750749 0.13883998 0.05341569 0.02151090 0.03125290 0.03204120 0.07600429 0.01535560 0.01441960 0.03225460 0.07662519 0.04942319 0.00560215 0.01386220 0.02486710
47 0.02625489 0.32017890 0.04185259 0.02454489 0.00789816 0.06609638 0.03808769 0.02266629 0.02776969 0.00946301 0.02375669 0.23998192 0.01416840 0.00261675 0.00873340 0.04761838 0.05053038 0.00202210 0.01299220 0.01276730
48 0.16172897 0.03651939 0.04136099 0.04284139 0.02704910 0.02940049 0.03940449 0.07256299 0.01166060 0.03500649 0.03884579 0.04658059 0.01710910 0.01984110 0.03508659 0.19778296 0.08638478 0.00391438 0.01394840 0.04297139
49 0.05220882 0.10411905 0.03685512 0.04216942 0.01024240 0.04755542 0.04980662 0.03020121 0.02090431 0.05908113 0.14685207 0.12660706 0.04258612 0.02656791 0.02375791 0.05649033 0.04170952 0.00605565 0.01702251 0.05920743
50 0.05643043 0.15826809 0.05613073 0.05101933 0.01285841 0.05433003 0.06483864 0.03547922 0.02660251 0.02688951 0.02899102 0.16062409 0.01977261 0.00861059 0.02138961 0.07714304 0.09386305 0.00397227 0.01202771 0.03075912
51 0.16213490 0.03737688 0.04107198 0.04227458 0.02669218 0.02976988 0.03966888 0.07294356 0.01112089 0.03568888 0.03870508 0.04675817 0.01768299 0.01928189 0.03388308 0.19656088 0.08654745 0.00398749 0.01363479 0.04421557
52 0.02623911 0.32320415 0.04170182 0.02432371 0.00769225 0.06667783 0.03777452 0.02237371 0.02775411 0.00937938 0.02377261 0.23910111 0.01367041 0.00251192 0.00881920 0.04717582 0.05042422 0.00190079 0.01310411 0.01239921
53 0.05493498 0.01137600 0.00743708 0.01494839 0.01167660 0.00990691 0.01977809 0.01128070 0.00798387 0.23475792 0.17565894 0.01702559 0.04407138 0.04102459 0.01346900 0.03035489 0.04306258 0.00426509 0.01303150 0.23395592
54 0.16132514 0.03760543 0.04064223 0.04234284 0.02713282 0.02984583 0.04002273 0.07346126 0.01127451 0.03569193 0.03905343 0.04695004 0.01764321 0.01915862 0.03419373 0.19576717 0.08631567 0.00373295 0.01361571 0.04422474
55 0.05163849 0.16039097 0.05383389 0.05960529 0.01066910 0.05649829 0.07583628 0.04507409 0.02641639 0.02840989 0.03543909 0.17081496 0.02002190 0.01070590 0.02592299 0.06786219 0.05100719 0.00414071 0.01322350 0.03248889
56 0.10650901 0.02101240 0.04763011 0.05602121 0.01213780 0.03813260 0.17539502 0.26559103 0.04593311 0.01240530 0.01954400 0.04533021 0.01088560 0.00443258 0.01098130 0.06657571 0.03197220 0.00470793 0.00873346 0.01606940
57 0.11955200 0.04810120 0.04403240 0.03943770 0.02538630 0.03279270 0.04402200 0.04805690 0.01707730 0.06654150 0.05469280 0.04927660 0.02164540 0.02054040 0.02869090 0.11958700 0.12314100 0.00557567 0.01495900 0.07689120
58 0.18242698 0.02514540 0.05032199 0.07110949 0.02280470 0.02293940 0.04993109 0.29707896 0.02016680 0.00882715 0.01835270 0.03045690 0.01095030 0.00614474 0.01613490 0.10057099 0.03817440 0.00554557 0.00690246 0.01601510
59 0.04700872 0.00391841 0.00223158 0.00341886 0.01298221 0.00504722 0.00557777 0.00779708 0.00514728 0.32954217 0.08632584 0.00845753 0.01705991 0.02020941 0.00625491 0.02040161 0.05546543 0.00127083 0.00283801 0.35904519
60 0.05570003 0.01109631 0.00721704 0.01523321 0.01188031 0.00974584 0.02070661 0.01115061 0.00827453 0.23214814 0.17550811 0.01716691 0.04402673 0.04133863 0.01439991 0.03164952 0.04358893 0.00445989 0.01305661 0.23165214
61 0.05434990 0.01946510 0.00972642 0.01203850 0.01028970 0.01209860 0.01308300 0.01432910 0.01049460 0.14078499 0.30128798 0.01694050 0.07624769 0.06982049 0.01577660 0.02737100 0.02726780 0.00849746 0.02873560 0.13139499
62 0.05109132 0.01013390 0.00371862 0.00698532 0.00915399 0.00614943 0.00921495 0.00678177 0.00550074 0.17063007 0.32341413 0.01114560 0.09291414 0.06104983 0.01247681 0.02162521 0.02699941 0.00618827 0.00934140 0.15548506
63 0.05563272 0.01184200 0.00745495 0.01516310 0.01163370 0.01049630 0.02083751 0.01128080 0.00817066 0.23387007 0.17218005 0.01774011 0.04328321 0.04011581 0.01411300 0.03137771 0.04369811 0.00421569 0.01246040 0.23443407
64 0.03110600 0.01669800 0.05576340 0.21297799 0.00285348 0.04498430 0.29782898 0.02807460 0.02092660 0.04254070 0.02088810 0.09292519 0.01400310 0.00399958 0.01054270 0.04567260 0.03487540 0.00216376 0.00623275 0.01494280
65 0.18482686 0.02307628 0.03963877 0.02207498 0.09060153 0.02722768 0.02136988 0.05180186 0.01079479 0.03838107 0.03094888 0.02632178 0.01627489 0.01688839 0.01896819 0.16010788 0.14516089 0.00528028 0.01269239 0.05756276
66 0.14183703 0.01490180 0.01492630 0.01301340 0.02252080 0.01854510 0.01837780 0.02922431 0.00862579 0.15192903 0.11893502 0.02127010 0.03323851 0.02918701 0.02354370 0.07890461 0.06078401 0.00386469 0.00975093 0.18662004
67 0.07986869 0.03312860 0.08333779 0.15405599 0.01427880 0.03441840 0.07950799 0.05671890 0.01233480 0.02474150 0.02560190 0.06141480 0.01476910 0.01514160 0.03319660 0.17063399 0.06813220 0.00400107 0.00865910 0.02605820
68 0.03053173 0.01777572 0.05816665 0.21419619 0.00295497 0.04382414 0.29185826 0.02891983 0.02053982 0.04227864 0.02124522 0.09234598 0.01422671 0.00396896 0.01093581 0.04700004 0.03558523 0.00228746 0.00635033 0.01500831
69 0.05516122 0.01146560 0.00761762 0.01502921 0.01168021 0.00993460 0.02107811 0.01155010 0.00842049 0.23443810 0.17282607 0.01759651 0.04327562 0.03998252 0.01431991 0.03147451 0.04368272 0.00412696 0.01247781 0.23386210
70 0.02935118 0.02515159 0.12337894 0.21112189 0.00328861 0.04359338 0.22272788 0.03436698 0.02269949 0.02714759 0.01906919 0.08295466 0.01268339 0.00376626 0.00932392 0.05780867 0.04729928 0.00235122 0.00606601 0.01584989
71 0.06234261 0.02757860 0.01836120 0.02068300 0.01314870 0.02100460 0.02644740 0.02412460 0.01206300 0.11722501 0.24700302 0.03341450 0.09153881 0.05264350 0.01833180 0.04259610 0.03727300 0.00675761 0.01423590 0.11322701
72 0.04627699 0.00469005 0.00196266 0.00338275 0.01193580 0.00485213 0.00552866 0.00725549 0.00522755 0.30803996 0.12864898 0.00818824 0.02845490 0.02749150 0.00693812 0.01853320 0.04717189 0.00201581 0.00388438 0.32952095
73 0.21381611 0.03041272 0.03493802 0.04827472 0.01971661 0.03718882 0.13460507 0.09264765 0.02483541 0.02296571 0.02429291 0.04428582 0.01387551 0.00800434 0.02742021 0.11797106 0.06306213 0.00371426 0.01087861 0.02709431
74 0.12138291 0.04793016 0.04373417 0.03816307 0.02555558 0.03315467 0.04355997 0.04810166 0.01725949 0.06585445 0.05416106 0.04815886 0.02170938 0.02030848 0.02856598 0.12187190 0.12295890 0.00538948 0.01519169 0.07698814
75 0.06930368 0.03997249 0.04966019 0.11940297 0.00827721 0.05216679 0.23197794 0.05641139 0.03340779 0.03545339 0.02904639 0.08265128 0.01675250 0.00982849 0.01648160 0.05961868 0.04681649 0.00417346 0.01392410 0.02467319
76 0.06819546 0.03928648 0.04881767 0.12003793 0.00797460 0.05322877 0.23455786 0.05449737 0.03329138 0.03743758 0.02897608 0.08266655 0.01656439 0.00881251 0.01685509 0.05913387 0.04704217 0.00386206 0.01287199 0.02589018
77 0.22434288 0.02631619 0.02696179 0.02789778 0.03096418 0.02880598 0.03873748 0.08471055 0.01290329 0.04961727 0.06088697 0.02995338 0.02119789 0.01914819 0.03170848 0.13774893 0.07206956 0.00415094 0.01340829 0.05846997
78 0.05556911 0.01191030 0.00769309 0.01513510 0.01182600 0.01027040 0.02089600 0.01151480 0.00860364 0.23203604 0.17302503 0.01796260 0.04355481 0.04109041 0.01479070 0.03181531 0.04361891 0.00428969 0.01326800 0.23113004
79 0.05336110 0.01832590 0.00950595 0.01205920 0.01010580 0.01227400 0.01284700 0.01448640 0.01012610 0.14076599 0.30382598 0.01671930 0.07671349 0.07113850 0.01479070 0.02702330 0.02707310 0.00855832 0.02922890 0.13107099
80 0.16214199 0.03535420 0.04048970 0.04175840 0.02725900 0.02870940 0.03959980 0.07490249 0.01119180 0.03560640 0.03898960 0.04582090 0.01749380 0.02001060 0.03411140 0.19799698 0.08632659 0.00395219 0.01366620 0.04461860
81 0.15325702 0.02849260 0.03443760 0.02480210 0.08159271 0.03207700 0.02291240 0.06865511 0.01644500 0.05336111 0.06121911 0.03053740 0.02331790 0.04099980 0.02008860 0.11346001 0.07678771 0.00862830 0.03749450 0.07143401
82 0.04834497 0.00835285 0.00173971 0.00406014 0.00880760 0.00387534 0.00545353 0.00539931 0.00513254 0.19501886 0.31313578 0.00725292 0.07902774 0.05933026 0.01060569 0.01707539 0.02671048 0.00586533 0.01026069 0.18455087
83 0.18001222 0.02721683 0.03973915 0.03267734 0.03386864 0.02308583 0.03071594 0.04428275 0.00740391 0.02976484 0.02464983 0.03245104 0.01276712 0.01274612 0.02698483 0.23133728 0.16025219 0.00279656 0.00832614 0.03892145
84 0.22297308 0.02605561 0.02728531 0.02663621 0.03073411 0.02814971 0.03893251 0.08496513 0.01346580 0.05076412 0.06083072 0.02925991 0.02125061 0.01910961 0.03224571 0.13734705 0.07302252 0.00435346 0.01353200 0.05908682
85 0.04847047 0.00828781 0.00101663 0.00250172 0.00754616 0.00268569 0.00333444 0.00422982 0.00430737 0.16355390 0.37334978 0.00577761 0.09810824 0.06746036 0.01086029 0.01517959 0.01987129 0.00678788 0.00906406 0.14760691
86 0.05471099 0.01116720 0.00761165 0.01519300 0.01170970 0.01037310 0.02064040 0.01114720 0.00842069 0.23380294 0.17394396 0.01746550 0.04350189 0.04121329 0.01442500 0.03074689 0.04313619 0.00441250 0.01362900 0.23274894
87 0.12623398 0.02972659 0.05959019 0.03701859 0.02039340 0.02225000 0.04669869 0.33081494 0.02741220 0.01441200 0.02632730 0.03801679 0.01293450 0.01227730 0.01498940 0.09322648 0.04148089 0.00804337 0.01283450 0.02531890
88 0.22152289 0.02569069 0.02767139 0.02713549 0.03106899 0.02812669 0.03899158 0.08579846 0.01335289 0.05023968 0.06114387 0.02991269 0.02172939 0.01907239 0.03162298 0.13671593 0.07316836 0.00439778 0.01320789 0.05942997
89 0.12128796 0.04986668 0.04337238 0.03864319 0.02465969 0.03366399 0.04320958 0.04772338 0.01696249 0.06479958 0.05408658 0.05032838 0.02139119 0.02038639 0.02906979 0.12179696 0.12312596 0.00535285 0.01466879 0.07560417
90 0.05409238 0.01843093 0.00928211 0.01182462 0.01056131 0.01203972 0.01347252 0.01504782 0.01007961 0.14115620 0.30313842 0.01645132 0.07676131 0.06995340 0.01523312 0.02694934 0.02711804 0.00835581 0.02848284 0.13156918
91 0.06902531 0.03846150 0.04836521 0.11996002 0.00829930 0.05261881 0.23340003 0.05542021 0.03264010 0.03674730 0.02868740 0.08265701 0.01647670 0.00939947 0.01787730 0.06035181 0.04694911 0.00386310 0.01298900 0.02581130
92 0.22301608 0.02584901 0.02703631 0.02719141 0.03154691 0.02844121 0.03876771 0.08316113 0.01297250 0.05025502 0.06297772 0.02934721 0.02180021 0.01959381 0.03214471 0.13693805 0.07187312 0.00422566 0.01366600 0.05919622
93 0.06084452 0.01273598 0.01159398 0.01153998 0.01461728 0.01311538 0.01393518 0.01759978 0.00938452 0.22137471 0.15288080 0.01897458 0.03945355 0.03736395 0.01482478 0.03707475 0.04750624 0.00469146 0.01154888 0.24893968
94 0.03984776 0.07412163 0.04892155 0.13483087 0.00479826 0.05022535 0.24090977 0.03388667 0.02603357 0.03503927 0.02305958 0.13839887 0.01727928 0.00441176 0.01162789 0.04694405 0.04163866 0.00241105 0.00823989 0.01737428
95 0.05372549 0.01925449 0.00957879 0.01222470 0.01051560 0.01244920 0.01321000 0.01468710 0.01043140 0.14053996 0.30172392 0.01744240 0.07616118 0.06988488 0.01525870 0.02725329 0.02721349 0.00842897 0.02883249 0.13118397
96 0.12167701 0.04798741 0.04353790 0.03872240 0.02535040 0.03272510 0.04392670 0.04727161 0.01698110 0.06565371 0.05390081 0.04883081 0.02131240 0.02027650 0.02896290 0.12259001 0.12390901 0.00533599 0.01488430 0.07616391
97 0.16077110 0.03737072 0.04064473 0.04254623 0.02713502 0.02956592 0.03963482 0.07380845 0.01139681 0.03559132 0.03854112 0.04714883 0.01780131 0.01965861 0.03489682 0.19597212 0.08565615 0.00387227 0.01372501 0.04426263
98 0.05743106 0.04049057 0.08177645 0.17645889 0.01015689 0.04692717 0.14033091 0.05243617 0.02167999 0.03155468 0.03184698 0.07570825 0.01512929 0.01450309 0.03335968 0.07625775 0.04969767 0.00543674 0.01367099 0.02514678
99 0.05782594 0.04047783 0.08130596 0.17773914 0.01022621 0.04739544 0.13943011 0.05261474 0.02162002 0.03104652 0.03133322 0.07578106 0.01546261 0.01479541 0.03278292 0.07679676 0.05014154 0.00511304 0.01370811 0.02440342
100 0.05327438 0.01949719 0.00984016 0.01195110 0.00993751 0.01257750 0.01286050 0.01452390 0.01020760 0.14126995 0.30250490 0.01733779 0.07650687 0.06949108 0.01572389 0.02705869 0.02715299 0.00829087 0.02821319 0.13177996
101 0.16158789 0.03728948 0.04112257 0.04239067 0.02682838 0.02932008 0.03879937 0.07505495 0.01116259 0.03434338 0.03829347 0.04650197 0.01722819 0.01890789 0.03447348 0.19840787 0.08721844 0.00368227 0.01391439 0.04347267
102 0.14281490 0.01485979 0.01493539 0.01279139 0.02238818 0.01931889 0.01881109 0.02927368 0.00882241 0.14927590 0.11862092 0.02197309 0.03354588 0.02942368 0.02366048 0.08041635 0.06082006 0.00397146 0.01005659 0.18421987
103 0.12735504 0.03111321 0.05997042 0.03696651 0.02048751 0.02276731 0.04546102 0.32844111 0.02746291 0.01407590 0.02683031 0.03814321 0.01292460 0.01172100 0.01514081 0.09399793 0.04195041 0.00759455 0.01266880 0.02492741
104 0.03906242 0.01735031 0.01803821 0.01428781 0.01685951 0.01688901 0.01047491 0.01732021 0.02812431 0.07508214 0.16284208 0.01247571 0.03565602 0.18781309 0.01826971 0.03311012 0.02440061 0.02267081 0.17692809 0.07234494
105 0.04639587 0.00463267 0.00189533 0.00377365 0.01216269 0.00483995 0.00562402 0.00732099 0.00531272 0.30889180 0.12600892 0.00816868 0.02765478 0.02704198 0.00685021 0.01836959 0.04728507 0.00204392 0.00405240 0.33167478
106 0.04602501 0.00456255 0.00179633 0.00341054 0.01204030 0.00469601 0.00538267 0.00729022 0.00529600 0.30903110 0.12774604 0.00812515 0.02811551 0.02730101 0.00687195 0.01820441 0.04711442 0.00217236 0.00412430 0.33069411
107 0.07981723 0.23701308 0.03520681 0.02640311 0.01061230 0.06048392 0.03993471 0.02955161 0.02769821 0.01872031 0.03742291 0.17893306 0.01526241 0.00956990 0.02018611 0.05025722 0.04783952 0.00496356 0.04586112 0.02426291
108 0.05469544 0.00679197 0.00219914 0.00344401 0.01045511 0.00445748 0.00449487 0.00629638 0.00483986 0.21567316 0.25477219 0.00750050 0.06502215 0.05853844 0.01073981 0.02243152 0.03405773 0.00508991 0.00909415 0.21940617
109 0.06194397 0.02788139 0.01796089 0.02047509 0.01289689 0.02041799 0.02542769 0.02490569 0.01169839 0.11846694 0.24745588 0.03384488 0.09117346 0.05243818 0.01858669 0.04234878 0.03651998 0.00659947 0.01446379 0.11449395
110 0.02553142 0.32536428 0.04191754 0.02441792 0.00776704 0.06671346 0.03734353 0.02283062 0.02765552 0.00926310 0.02338222 0.23796520 0.01348921 0.00249943 0.00855810 0.04679104 0.05119534 0.00202361 0.01303711 0.01225431
111 0.06895409 0.03853329 0.04932749 0.12011598 0.00815756 0.05270209 0.23293496 0.05680379 0.03280299 0.03668419 0.02959009 0.08205748 0.01637830 0.00925131 0.01718620 0.05966229 0.04629649 0.00413742 0.01300910 0.02541490
112 0.16423683 0.02180108 0.04952435 0.03092187 0.02159688 0.01449078 0.03659036 0.32752366 0.01868768 0.00933444 0.01850508 0.03154737 0.01098659 0.00625792 0.01248999 0.14908084 0.04635615 0.00460005 0.00644291 0.01902518
113 0.03951660 0.01698920 0.01813620 0.01403920 0.01707140 0.01658040 0.01057090 0.01697780 0.02793180 0.07658140 0.16413400 0.01213750 0.03621630 0.18709000 0.01772390 0.03258180 0.02412510 0.02195610 0.17557900 0.07406140
114 0.20755628 0.02013783 0.04070925 0.02621094 0.02423183 0.01420282 0.04077296 0.32951944 0.01878993 0.00970540 0.01815072 0.02564943 0.01133572 0.00577506 0.01132672 0.12129116 0.04442536 0.00491403 0.00702880 0.01826632
115 0.16225094 0.03621529 0.04130478 0.04290608 0.02651339 0.02965089 0.04006678 0.07529407 0.01164000 0.03534849 0.03880578 0.04488608 0.01751899 0.01884569 0.03525939 0.19771292 0.08506227 0.00381639 0.01292599 0.04397578
116 0.03314408 0.03147808 0.02553189 0.01655539 0.01935099 0.02713459 0.01806189 0.02275389 0.04399918 0.03120508 0.08947246 0.01904849 0.01199139 0.21884789 0.01536329 0.02870189 0.02137849 0.02476479 0.27310986 0.02810639
117 0.04743710 0.24985398 0.04812130 0.03392570 0.01043500 0.06302420 0.04047610 0.03794030 0.02694940 0.01946150 0.04111540 0.16979199 0.01747010 0.01439580 0.01807940 0.05704870 0.05351610 0.00485567 0.02215970 0.02394260
118 0.01719752 0.01910452 0.02101392 0.00917903 0.01939132 0.01793972 0.00579664 0.01374321 0.04667224 0.02621602 0.09040208 0.00439026 0.00580084 0.28402525 0.00875779 0.01624311 0.01006511 0.02796872 0.33851230 0.01758042
119 0.05421887 0.01884159 0.00940841 0.01188859 0.01039949 0.01208969 0.01245119 0.01567029 0.01038579 0.14057793 0.30130985 0.01664329 0.07604746 0.07037516 0.01611229 0.02777109 0.02716899 0.00836909 0.02884599 0.13142493
120 0.05015950 0.01550020 0.01580370 0.01557030 0.01684240 0.01549090 0.01354620 0.04205370 0.01926250 0.13789600 0.15585600 0.01738450 0.03923230 0.12314200 0.01601820 0.03730200 0.03532180 0.01697940 0.08888440 0.12775400
121 0.04879172 0.00837665 0.00248951 0.00374077 0.00949873 0.00444017 0.00456555 0.00661299 0.00524797 0.18846408 0.31394214 0.00737424 0.07971804 0.05943643 0.01079000 0.01807091 0.02721151 0.00603978 0.01011370 0.18507508
122 0.05905930 0.06492170 0.05387790 0.04427750 0.01399900 0.05919250 0.07878220 0.07984050 0.08184320 0.03352130 0.05319180 0.06690480 0.01838140 0.05665110 0.02647840 0.04260310 0.04386630 0.01151520 0.07174010 0.03935270
123 0.06254449 0.02724969 0.01820830 0.02020810 0.01290760 0.02060500 0.02540679 0.02508819 0.01166400 0.11821298 0.24877395 0.03297439 0.09115788 0.05230959 0.01935570 0.04236569 0.03656659 0.00651800 0.01450310 0.11337998
124 0.15663205 0.03278801 0.04544721 0.05646012 0.02090871 0.02902111 0.09903143 0.04851351 0.01225630 0.02580561 0.01996511 0.04616011 0.01422740 0.00851172 0.02235691 0.18874105 0.13507904 0.00264361 0.00844698 0.02700401
125 0.06633952 0.06509082 0.14260203 0.09048482 0.01682910 0.04726631 0.06357142 0.09418002 0.02972151 0.01691740 0.02871441 0.07450322 0.01533960 0.02146851 0.01952500 0.08438262 0.06264302 0.00776006 0.02476631 0.02789431
126 0.18091612 0.02677382 0.03934523 0.03263132 0.03410322 0.02238732 0.03086792 0.04538463 0.00716725 0.02927892 0.02438002 0.03185042 0.01246471 0.01252971 0.02662552 0.23251116 0.16096111 0.00285976 0.00840142 0.03856043
127 0.05509411 0.01110320 0.00730445 0.01464710 0.01182280 0.00986749 0.02028291 0.01082580 0.00801589 0.23424006 0.17572105 0.01728970 0.04415691 0.04064561 0.01401570 0.03077821 0.04340461 0.00421961 0.01252570 0.23403906
128 0.06088608 0.01264150 0.01168090 0.01149490 0.01462500 0.01275600 0.01377980 0.01875499 0.00916526 0.22042794 0.15291396 0.01907869 0.03973919 0.03729789 0.01534030 0.03724689 0.04700669 0.00475052 0.01159860 0.24881493
129 0.07621700 0.09313610 0.05328900 0.06027470 0.01786870 0.12537401 0.08034100 0.04264260 0.03784550 0.02582630 0.04133250 0.08796800 0.01963140 0.02174520 0.02318370 0.06834070 0.05439120 0.00619135 0.02868540 0.03571560
130 0.07701321 0.09114492 0.05313701 0.06007791 0.01827090 0.12604002 0.07925292 0.04182581 0.03778301 0.02574120 0.04263121 0.08732912 0.02016910 0.02238020 0.02320320 0.06843961 0.05374511 0.00619401 0.02966101 0.03596051
131 0.05751793 0.04084112 0.07996334 0.17651609 0.01019600 0.04711122 0.14017007 0.05180003 0.02183451 0.03146052 0.03177962 0.07648784 0.01543301 0.01458141 0.03339612 0.07673224 0.04980772 0.00547521 0.01376041 0.02513561
132 0.06024684 0.01289379 0.01162129 0.01183309 0.01470958 0.01331339 0.01395509 0.01790428 0.00924675 0.22191576 0.15171784 0.01863058 0.03951836 0.03725536 0.01459308 0.03669356 0.04737865 0.00471080 0.01144819 0.25041373
133 0.04761830 0.25015200 0.04743530 0.03401830 0.01037450 0.06330610 0.03998470 0.03671940 0.02699180 0.01969970 0.04088070 0.17026300 0.01761660 0.01434900 0.01881430 0.05744420 0.05360820 0.00486259 0.02202660 0.02383470
134 0.05389837 0.01892429 0.00934371 0.01131609 0.01046349 0.01194019 0.01247839 0.01454939 0.01011589 0.14110093 0.30333985 0.01622129 0.07631436 0.07084156 0.01562349 0.02675869 0.02739129 0.00848679 0.02915899 0.13173293
135 0.12674597 0.03006219 0.05924229 0.03704199 0.02013090 0.02176310 0.04657819 0.33218093 0.02741569 0.01436950 0.02655119 0.03848159 0.01299970 0.01127350 0.01502500 0.09329678 0.04171039 0.00789951 0.01219630 0.02503529
136 0.12027799 0.04903609 0.04373459 0.03817550 0.02562950 0.03371720 0.04356959 0.04802639 0.01737900 0.06690159 0.05442389 0.04956269 0.02164610 0.02049440 0.02788640 0.11936799 0.12273799 0.00510442 0.01497190 0.07735679
137 0.05845930 0.04030330 0.08046380 0.17511501 0.01039670 0.04674940 0.13910601 0.05364120 0.02192500 0.03150660 0.03128440 0.07617680 0.01548040 0.01478440 0.03372270 0.07668250 0.05001710 0.00557326 0.01352610 0.02508600
138 0.03328888 0.03263868 0.02511148 0.01616739 0.01929109 0.02702238 0.01839129 0.02202878 0.04385597 0.03174488 0.09020254 0.01928779 0.01201649 0.21884285 0.01525769 0.02779698 0.02175568 0.02423208 0.27224081 0.02882628
139 0.16044502 0.03836680 0.04118210 0.04215480 0.02699130 0.03003570 0.03939010 0.07317801 0.01135580 0.03456980 0.03798000 0.04712311 0.01677210 0.01977150 0.03460610 0.19795002 0.08665251 0.00381399 0.01355880 0.04410240
140 0.03450012 0.28214114 0.04060072 0.02744231 0.00784327 0.07237134 0.03750822 0.02200571 0.02663551 0.01426991 0.05699373 0.20973411 0.01996721 0.00508748 0.01083111 0.04863522 0.04749372 0.00254494 0.01614501 0.01724921
141 0.07035520 0.02357200 0.03268930 0.09076630 0.00959102 0.03840060 0.17756899 0.02350780 0.02003700 0.11417200 0.03958920 0.06314370 0.02046510 0.01204100 0.01690170 0.06817050 0.08589840 0.00311392 0.01011580 0.07990050
142 0.07791168 0.04042069 0.03219359 0.04593489 0.01651580 0.08751938 0.06952618 0.02482459 0.02654809 0.12130397 0.05017839 0.05207859 0.02305649 0.01821900 0.02086230 0.07113448 0.10070598 0.00441233 0.01542560 0.10122798
143 0.08098174 0.08976074 0.06429313 0.04740742 0.01384261 0.03650002 0.06197083 0.21499010 0.03106991 0.01478961 0.02483141 0.12015606 0.01506671 0.00774776 0.01707511 0.07710174 0.04132902 0.00621043 0.00961435 0.02526131
144 0.16080403 0.03692341 0.04220511 0.04308361 0.02672241 0.03010731 0.03899861 0.07492141 0.01151540 0.03456371 0.03849411 0.04596641 0.01760290 0.01979900 0.03250831 0.19867104 0.08574732 0.00391061 0.01402960 0.04342571
145 0.06776964 0.03948742 0.04874503 0.12036106 0.00809639 0.05271423 0.23450512 0.05597483 0.03259592 0.03682362 0.02924232 0.08272824 0.01610941 0.00939346 0.01672081 0.05953053 0.04640812 0.00396072 0.01311641 0.02571671
146 0.06026030 0.05478810 0.06632090 0.14585499 0.01114640 0.12600399 0.12949999 0.03919460 0.03578920 0.02344810 0.03369280 0.07619610 0.01557590 0.00995655 0.02417140 0.05764000 0.04879990 0.00529991 0.01347450 0.02288640
147 0.07659284 0.09416795 0.05345283 0.05983233 0.01795641 0.12519707 0.07917915 0.04155632 0.03749032 0.02574821 0.04153382 0.08939115 0.01996881 0.02195281 0.02314821 0.06768984 0.05420643 0.00616423 0.02879882 0.03597242
148 0.07287732 0.02571141 0.01935260 0.03112071 0.01249110 0.02366171 0.02203340 0.02413501 0.01508990 0.07589192 0.15778403 0.03890741 0.08244432 0.04134321 0.15376303 0.06298991 0.04218921 0.00652478 0.01543620 0.07625282
149 0.07668922 0.09359023 0.05276292 0.06049352 0.01794311 0.12607404 0.07908613 0.04172511 0.03744951 0.02604161 0.04120401 0.08897003 0.01995101 0.02154831 0.02357371 0.06827892 0.05396662 0.00646008 0.02900331 0.03518861
150 0.03919919 0.01753189 0.01822929 0.01410620 0.01694979 0.01645060 0.01035170 0.01717009 0.02792409 0.07661218 0.16335795 0.01241700 0.03628269 0.18710494 0.01739939 0.03248719 0.02386899 0.02242709 0.17609495 0.07403478
151 0.22312095 0.02599349 0.02709549 0.02696599 0.03110629 0.02804209 0.03864429 0.08423198 0.01335460 0.05089039 0.06250369 0.03011399 0.02159430 0.01911330 0.03106569 0.13717497 0.07259238 0.00420471 0.01326690 0.05892449
152 0.05377181 0.01904540 0.00975715 0.01197980 0.01040030 0.01222740 0.01333160 0.01551440 0.01043100 0.14008002 0.30282505 0.01697920 0.07634751 0.06967441 0.01546050 0.02734970 0.02733050 0.00859049 0.02852370 0.13038002
153 0.06996901 0.03969060 0.04913430 0.11953601 0.00804560 0.05299531 0.23305202 0.05617331 0.03264770 0.03609300 0.02812630 0.08286411 0.01632750 0.00891669 0.01710360 0.06031431 0.04716280 0.00390451 0.01304090 0.02490240
154 0.05808428 0.04085199 0.08168368 0.17543095 0.01006120 0.04630729 0.13859696 0.05405059 0.02130319 0.03157849 0.03212969 0.07564808 0.01544350 0.01480240 0.03273689 0.07706138 0.05002589 0.00571316 0.01361760 0.02487279
155 0.12652801 0.03069010 0.05932780 0.03669350 0.02016420 0.02200240 0.04634540 0.33060503 0.02782040 0.01482270 0.02675130 0.03845840 0.01290580 0.01203080 0.01463580 0.09280511 0.04119690 0.00779102 0.01274840 0.02567690
156 0.01684940 0.01916720 0.02104980 0.00917439 0.01938110 0.01805880 0.00570444 0.01375650 0.04717501 0.02570560 0.08955781 0.00419219 0.00545896 0.28494304 0.00836470 0.01608410 0.00986577 0.02791730 0.34067505 0.01691880
157 0.02127290 0.34696101 0.03744450 0.01973420 0.00746848 0.06505660 0.03449270 0.01939210 0.02741990 0.00769838 0.02137560 0.25227901 0.01251890 0.00167282 0.00641123 0.04423930 0.05012460 0.00159476 0.01296010 0.00988290
158 0.05366595 0.01846582 0.00947873 0.01155411 0.01043501 0.01232671 0.01282121 0.01423851 0.01041251 0.14192714 0.30276230 0.01679962 0.07676668 0.06990837 0.01479791 0.02710423 0.02715873 0.00826749 0.02854983 0.13255913
159 0.03861370 0.01697210 0.01778850 0.01461260 0.01717160 0.01672490 0.01032520 0.01717100 0.02805370 0.07540011 0.16357602 0.01227090 0.03629730 0.18841302 0.01809330 0.03258130 0.02359910 0.02260050 0.17712002 0.07261511
160 0.05410582 0.01925801 0.00958996 0.01212001 0.01060840 0.01236601 0.01363821 0.01485261 0.01054120 0.14011306 0.30006013 0.01700501 0.07562833 0.07028163 0.01564111 0.02791641 0.02762431 0.00868160 0.02935311 0.13061506
161 0.04636719 0.24918897 0.04859979 0.03431420 0.01028830 0.06357339 0.04046630 0.03734430 0.02768280 0.01903340 0.04101440 0.17036598 0.01733970 0.01470190 0.01883840 0.05659239 0.05298079 0.00478561 0.02298850 0.02353370
162 0.05380561 0.01829690 0.00992310 0.01180340 0.01037960 0.01195050 0.01299960 0.01469510 0.01024450 0.14139503 0.30190305 0.01657540 0.07645461 0.07012461 0.01541810 0.02786281 0.02744720 0.00837242 0.02871541 0.13163302
163 0.05414765 0.01921582 0.00998555 0.01188961 0.01033411 0.01232271 0.01298901 0.01470781 0.01023181 0.14039214 0.30231929 0.01671552 0.07672437 0.07021927 0.01526631 0.02732653 0.02751033 0.00819850 0.02917753 0.13032613
164 0.04373909 0.01339670 0.00830633 0.00733319 0.01318960 0.01082980 0.00776124 0.01058330 0.01565750 0.11961098 0.27467396 0.00907669 0.06668119 0.11319998 0.01299090 0.02055140 0.02279980 0.01452990 0.09208349 0.12300498
165 0.04912292 0.00805623 0.00258650 0.00377676 0.00970694 0.00477619 0.00488315 0.00678111 0.00534378 0.19648609 0.29881114 0.00758645 0.07547284 0.05708393 0.01037120 0.01841091 0.02908101 0.00584456 0.00987916 0.19593909
166 0.02042390 0.01809250 0.01868540 0.00859469 0.01872220 0.01661900 0.00561895 0.01296050 0.04269450 0.04240660 0.11330400 0.00479889 0.01351370 0.26307400 0.00919368 0.01718280 0.01194550 0.02545620 0.30574700 0.03096600
167 0.05547774 0.01186181 0.00722643 0.01502041 0.01182201 0.01015481 0.02025242 0.01148341 0.00838636 0.23248218 0.17532713 0.01771871 0.04417343 0.04127563 0.01443751 0.03071852 0.04318353 0.00432897 0.01320181 0.23146718
168 0.04693830 0.25059801 0.04809450 0.03408420 0.01027730 0.06289140 0.04104980 0.03763810 0.02766290 0.01897470 0.04090190 0.17076500 0.01763540 0.01413910 0.01865180 0.05647380 0.05342600 0.00467538 0.02212150 0.02300090
169 0.04942963 0.00998954 0.00844405 0.00782187 0.01296951 0.00909820 0.00783583 0.01042701 0.01008561 0.15659810 0.24001816 0.01081871 0.06265354 0.09659656 0.01499601 0.03228802 0.03118812 0.01161741 0.04558803 0.17153611
170 0.09860921 0.03186420 0.02390870 0.04918581 0.01165980 0.02601500 0.02946350 0.03061920 0.01849100 0.04153371 0.05498461 0.04639611 0.02064710 0.02712090 0.27827304 0.08976901 0.05118241 0.00615935 0.01941230 0.04470501
171 0.03905462 0.01668031 0.01823231 0.01414741 0.01682641 0.01671721 0.01042631 0.01752151 0.02780932 0.07574765 0.16358310 0.01203231 0.03598642 0.18775511 0.01761431 0.03351692 0.02430011 0.02304611 0.17558311 0.07341944
172 0.04738008 0.24978490 0.04793618 0.03377119 0.01035270 0.06327767 0.04035128 0.03647899 0.02698559 0.01959219 0.04173428 0.16908493 0.01774379 0.01432439 0.01828239 0.05749158 0.05420198 0.00477360 0.02247429 0.02397799
173 0.11908205 0.02564581 0.02250311 0.04242832 0.01386781 0.02586861 0.02411821 0.02631501 0.01231591 0.03176641 0.02896811 0.04244652 0.01382381 0.02161641 0.27029611 0.16220207 0.06335473 0.00374938 0.01381301 0.03581862
174 0.12003900 0.04849750 0.04389910 0.03867200 0.02528910 0.03350580 0.04404050 0.04778580 0.01708240 0.06480320 0.05446530 0.04994650 0.02173090 0.02054990 0.02860020 0.12149100 0.12414200 0.00532373 0.01496600 0.07517010
175 0.04642778 0.00469839 0.00195662 0.00349002 0.01208079 0.00496636 0.00550717 0.00732292 0.00533506 0.30959985 0.12528494 0.00818589 0.02752749 0.02710949 0.00666168 0.01797129 0.04734748 0.00206117 0.00404580 0.33241984
176 0.07690090 0.09180470 0.05311510 0.06122790 0.01772590 0.12713700 0.07974670 0.04155010 0.03785310 0.02634940 0.04193770 0.08756310 0.02013250 0.02128710 0.02354810 0.06776240 0.05393230 0.00649807 0.02810270 0.03582520
177 0.09966748 0.03254169 0.02482210 0.04869149 0.01192650 0.02640740 0.03050820 0.03192419 0.01877500 0.04069669 0.05524629 0.04550379 0.02028470 0.02721790 0.27713096 0.08855999 0.05045319 0.00606546 0.01954810 0.04402889
178 0.06567888 0.04407899 0.02885179 0.04466679 0.01225730 0.02784059 0.06190218 0.02033139 0.01593250 0.16057295 0.05587198 0.08679877 0.02355929 0.01662759 0.02771119 0.06971098 0.08824597 0.00331318 0.00971373 0.13633396
179 0.14358697 0.01521960 0.01491890 0.01340970 0.02225040 0.01879450 0.01919120 0.02975589 0.00861568 0.14895697 0.11766297 0.02150570 0.03326549 0.02882669 0.02362829 0.08166788 0.06128429 0.00403274 0.01008020 0.18334596
