1 0.04294287 0.00389934 0.00540845 0.00174123 0.01365329 0.00777058 0.00391960 0.00466614 0.00290917 0.27357284 0.20900987 0.00486906 0.04700887 0.03137008 0.00528750 0.01191539 0.03826518 0.00266258 0.00896814 0.28015983
2 0.06075563 0.02732591 0.01935441 0.01956651 0.00806607 0.04725332 0.03386752 0.04083972 0.01175981 0.01864881 0.02903281 0.02286311 0.01176101 0.00989243 0.45189523 0.09354755 0.05893143 0.00367901 0.00871719 0.02224251
3 0.04779930 0.01983950 0.07629019 0.10716499 0.00263834 0.03471470 0.03602050 0.48631497 0.01625400 0.00545300 0.01457010 0.03814860 0.00193407 0.01487040 0.00802470 0.05250400 0.01397800 0.00545990 0.00433496 0.01368580
4 0.06583197 0.01197069 0.01252489 0.00981018 0.01412329 0.01441379 0.01333289 0.01396289 0.00952672 0.22081189 0.15757692 0.01670459 0.04347408 0.03243988 0.01037790 0.03434458 0.04825828 0.00488498 0.01458969 0.25103988
5 0.21509094 0.08887318 0.03454539 0.02577509 0.00838753 0.05804038 0.04337609 0.03773259 0.03736329 0.03638359 0.02813359 0.12986797 0.01871760 0.02253359 0.03416479 0.07609728 0.04158329 0.00384044 0.00924149 0.05025189
6 0.06824787 0.03292899 0.05482818 0.13819194 0.00837305 0.04371338 0.11305295 0.02533859 0.02824909 0.08726656 0.04216898 0.04641868 0.02529369 0.01738239 0.01604279 0.07385317 0.10111195 0.00493670 0.01172849 0.06087257
7 0.10479396 0.03201089 0.14128794 0.05382548 0.01293209 0.03705099 0.03241899 0.07786277 0.01953929 0.01715649 0.02104889 0.03559819 0.00857383 0.01221280 0.02328429 0.22063991 0.10667996 0.00380787 0.01054470 0.02873069
8 0.03923531 0.01050710 0.00647444 0.00181999 0.01017440 0.00761457 0.00880125 0.00819102 0.00380737 0.23718708 0.24040508 0.00673885 0.08525873 0.03349011 0.01063190 0.02084701 0.04741312 0.00254966 0.01053390 0.20831907
9 0.04633856 0.09118082 0.02439588 0.10586891 0.00170731 0.09191592 0.26549877 0.01400489 0.01680679 0.02254708 0.03355537 0.16780986 0.00413486 0.00673908 0.01092709 0.03871447 0.02894458 0.00298520 0.00605508 0.01986948
10 0.01777550 0.00953593 0.00449861 0.00243273 0.00904131 0.00581168 0.00730906 0.01249970 0.03120619 0.02423149 0.03638119 0.00899913 0.00851365 0.34518792 0.00282223 0.01870710 0.02824189 0.01102610 0.39100591 0.02477269
11 0.02847222 0.05128294 0.01169871 0.00899515 0.00733560 0.01816071 0.01935641 0.01254131 0.05265334 0.02733792 0.08488796 0.05582824 0.01692981 0.21261616 0.00734782 0.01856421 0.02119562 0.03428793 0.27002421 0.04048373
12 0.03821589 0.01964069 0.01503859 0.00855207 0.01301420 0.01439160 0.01394700 0.02045599 0.02579799 0.06698998 0.13247395 0.01820609 0.02730169 0.25457991 0.00720737 0.02445419 0.02926869 0.01791349 0.19262993 0.05992068
13 0.03934822 0.02971212 0.15374609 0.23003413 0.00736848 0.05318043 0.10064106 0.08687845 0.02887512 0.00815729 0.02743892 0.08255735 0.00425422 0.01623321 0.01201021 0.05850623 0.02645202 0.00285981 0.00739163 0.02435501
14 0.04227552 0.04812703 0.05395563 0.22276513 0.00410594 0.06977894 0.25134515 0.02040001 0.02411841 0.01880611 0.02673372 0.10773706 0.00292619 0.00324722 0.01056831 0.04540783 0.02407491 0.00170136 0.00478240 0.01714311
15 0.06846721 0.22442203 0.04332211 0.02190760 0.00881025 0.07168011 0.05315801 0.02570070 0.03413161 0.02056520 0.03535571 0.17534903 0.02148160 0.02202650 0.02230120 0.05388271 0.03980281 0.01428730 0.01862300 0.02472530
16 0.07149280 0.02710380 0.06371050 0.06597680 0.00666164 0.05005480 0.02239190 0.46699702 0.01750650 0.00832767 0.01634350 0.03776770 0.00331687 0.01682380 0.01713590 0.06427510 0.01861310 0.00547973 0.00569974 0.01432110
17 0.04649868 0.00339458 0.00550810 0.00165717 0.01411239 0.00840732 0.00393899 0.00506633 0.00331939 0.28889886 0.17682992 0.00590656 0.04210328 0.02429389 0.00520352 0.01416329 0.04230198 0.00247959 0.00797932 0.29793686
18 0.04828299 0.15691296 0.01362050 0.05137049 0.00140917 0.10998297 0.19739595 0.00946950 0.01537130 0.02456849 0.03033419 0.21541195 0.00445148 0.00914048 0.01307150 0.04216719 0.02887189 0.00242651 0.00472561 0.02101489
19 0.05028399 0.07089359 0.03325409 0.12929898 0.00219031 0.10019298 0.26787795 0.01668550 0.02346430 0.02188610 0.03029399 0.12004898 0.00517682 0.00722160 0.01853640 0.04236439 0.03012189 0.00257134 0.00727491 0.02036190
20 0.02967406 0.02117467 0.00979279 0.00226306 0.00379499 0.00465904 0.01338768 0.01634758 0.00410071 0.13995882 0.37885250 0.00512914 0.13748582 0.03937495 0.03207346 0.03678795 0.04143155 0.00143604 0.01419548 0.06807971
21 0.16692190 0.03252808 0.04060388 0.03198098 0.02598688 0.02980358 0.03157948 0.07499816 0.01534529 0.02611728 0.03247898 0.03123738 0.01413419 0.01345239 0.04087888 0.23443586 0.09261225 0.00560759 0.01601309 0.04328387
22 0.04165928 0.01711229 0.01045790 0.00822393 0.00870909 0.00922170 0.01501079 0.01467599 0.00777655 0.14633393 0.34398984 0.01285029 0.07815396 0.07580196 0.01103339 0.02296319 0.02718029 0.00512670 0.02199899 0.12171994
23 0.06337902 0.29975910 0.04862132 0.01143320 0.01046850 0.08127213 0.03761601 0.00732341 0.03235911 0.00841512 0.01386160 0.25410909 0.02076921 0.01153610 0.01082070 0.02825581 0.03516511 0.00421845 0.00768338 0.01293360
24 0.10289901 0.01882030 0.03317580 0.03924740 0.00720464 0.02071120 0.01632310 0.55797306 0.01337880 0.01118130 0.01845810 0.01796140 0.00427656 0.01350870 0.01060690 0.07158361 0.01901910 0.00479005 0.00560785 0.01327310
25 0.05171490 0.01058170 0.00946485 0.00655593 0.01369690 0.01237720 0.01263390 0.01046730 0.00767818 0.24674100 0.18911400 0.01204100 0.04941520 0.03855170 0.00874140 0.02302700 0.04454400 0.00364062 0.01655520 0.23245800
26 0.29313723 0.01619501 0.02187572 0.01507691 0.04035253 0.01644441 0.01501341 0.10624808 0.00942522 0.01618971 0.02241952 0.01492411 0.00832485 0.00780398 0.02333022 0.23771019 0.08352927 0.00227516 0.00830115 0.04142333
27 0.05944649 0.02003239 0.01645210 0.00553072 0.01650450 0.01373360 0.02207979 0.01635860 0.01211770 0.12374197 0.14351796 0.01876710 0.09545308 0.09784478 0.01235140 0.04473469 0.10364297 0.00863163 0.05594959 0.11310897
28 0.05860551 0.04737910 0.05345231 0.15822202 0.00451847 0.05806141 0.25709403 0.02735060 0.02832730 0.02243910 0.03373060 0.07870911 0.01040030 0.01143680 0.02135540 0.04682240 0.04113140 0.00477923 0.01309610 0.02308880
29 0.04156494 0.00220506 0.00477054 0.00087256 0.01441521 0.00716215 0.00235690 0.00352362 0.00180595 0.29635829 0.19200019 0.00367421 0.04296224 0.02460062 0.00431420 0.00992512 0.03901124 0.00216580 0.00729483 0.29901630
30 0.05714289 0.08949188 0.01783270 0.09289068 0.00205711 0.08342888 0.18349296 0.01336580 0.02678799 0.04860849 0.03384009 0.14967197 0.00983298 0.01019810 0.01868190 0.08354858 0.03107939 0.00362660 0.00615503 0.03826599
31 0.10013403 0.01887651 0.03377471 0.03977701 0.00735439 0.02075771 0.01661451 0.55845717 0.01349230 0.01110650 0.01875761 0.01811041 0.00424594 0.01331820 0.01152700 0.07103062 0.01958171 0.00488129 0.00502707 0.01317530
32 0.04298212 0.00556754 0.00579127 0.00242316 0.01308090 0.00807681 0.00542207 0.00552078 0.00374594 0.25904110 0.22112808 0.00593042 0.05013532 0.03713981 0.00601289 0.01349790 0.03744031 0.00293715 0.01097230 0.26315410
33 0.03439338 0.00820972 0.00456277 0.00088854 0.01094169 0.00525636 0.00419640 0.00652288 0.00180682 0.23789884 0.28740380 0.00373931 0.07070165 0.04664487 0.00773829 0.01351989 0.03245228 0.00218357 0.01054509 0.21039386
34 0.06965021 0.16517303 0.02772491 0.01454300 0.00419342 0.08620062 0.05902411 0.02951951 0.03445701 0.00948956 0.01164980 0.09054902 0.00698660 0.00876063 0.14712103 0.17406103 0.02155760 0.00864140 0.01761880 0.01307870
35 0.01798470 0.00909228 0.00507115 0.00252029 0.01017850 0.00586876 0.00777453 0.01246090 0.02817500 0.02878910 0.04037990 0.00839353 0.00874828 0.35895497 0.00286277 0.01752460 0.02988460 0.01056590 0.36865597 0.02611430
36 0.07751210 0.06500450 0.06527540 0.05284190 0.00785597 0.04857720 0.06888920 0.03749400 0.11981800 0.03245680 0.04491070 0.06302830 0.01708500 0.05540970 0.02293120 0.05902940 0.03892640 0.01249950 0.06796090 0.04249380
37 0.16480392 0.02187729 0.04478388 0.01415769 0.03373478 0.01764529 0.01952909 0.04273618 0.00794620 0.02401479 0.02617789 0.01233419 0.01586869 0.00774924 0.01700589 0.28092787 0.19167691 0.00307162 0.01221439 0.04174418
38 0.03201981 0.02278071 0.01422501 0.00905523 0.01002250 0.01302731 0.01741591 0.01590671 0.04066582 0.03370411 0.06328732 0.02093201 0.01648531 0.23772409 0.00820808 0.03233461 0.03117501 0.01792571 0.32680813 0.03629661
39 0.05994347 0.15047193 0.04334898 0.01988339 0.00553812 0.06218007 0.05987087 0.02254409 0.14572693 0.01859709 0.02221199 0.07851066 0.01098939 0.02783929 0.04121668 0.12120794 0.02658619 0.00975836 0.04336898 0.03020559
40 0.01839479 0.00907441 0.00499077 0.00248481 0.01018229 0.00599169 0.00789273 0.01254419 0.02779418 0.02837038 0.03890668 0.00840517 0.00850745 0.35950379 0.00281394 0.01771229 0.02963208 0.01092969 0.36999279 0.02587588
41 0.06656773 0.16585207 0.04583762 0.05303042 0.00503765 0.11089705 0.10458105 0.02111601 0.02696901 0.02088051 0.02375381 0.19643109 0.01169371 0.01486251 0.01758361 0.04585792 0.03355282 0.00319602 0.00779078 0.02450861
42 0.30009912 0.01468301 0.02611631 0.01512921 0.02972461 0.01272661 0.01406461 0.22695709 0.00553755 0.00973242 0.02149551 0.01060340 0.00368184 0.00920910 0.01846051 0.20607008 0.04611322 0.00174276 0.00456472 0.02328831
43 0.03339252 0.03212172 0.00870100 0.00738778 0.01002120 0.01282761 0.01714801 0.01172361 0.03591482 0.05894173 0.18173009 0.02748751 0.03306072 0.15411107 0.00831135 0.02061501 0.02546861 0.02795141 0.23498811 0.05809613
44 0.03877840 0.00861160 0.00525525 0.00233398 0.01105670 0.00667974 0.00598123 0.00658402 0.00384994 0.21695400 0.29014600 0.00591307 0.06427240 0.05695420 0.00695429 0.01376570 0.03065230 0.00309949 0.01288470 0.20927300
45 0.03806643 0.03657973 0.01144101 0.01043561 0.01194501 0.02048971 0.05654894 0.01249891 0.02554512 0.09064226 0.24085117 0.03461132 0.04552413 0.15440411 0.01057351 0.01881321 0.02247832 0.01428131 0.07411285 0.07015735
46 0.04119447 0.01701339 0.01022419 0.00837994 0.00859084 0.00904710 0.01467349 0.01507459 0.00786862 0.14648689 0.34510174 0.01257829 0.07829964 0.07515004 0.01136329 0.02268668 0.02766708 0.00500652 0.02178728 0.12180591
47 0.07789510 0.09229240 0.05340080 0.07531910 0.00881046 0.11378201 0.08920360 0.04030050 0.03209350 0.03376160 0.03477750 0.10529201 0.01315040 0.02252030 0.03855240 0.06937520 0.03856720 0.00545839 0.01540310 0.04004440
48 0.14130406 0.01241430 0.01225180 0.01051590 0.01816391 0.01709401 0.01308931 0.02420631 0.01340251 0.16843407 0.10846204 0.02001101 0.03295941 0.02377881 0.01769781 0.06814873 0.06202432 0.00375606 0.00959655 0.22268909
49 0.12549612 0.06334716 0.06616866 0.02226632 0.00922893 0.02555922 0.02420332 0.12558712 0.01100281 0.02565472 0.02243342 0.02852783 0.00749115 0.01036381 0.02102492 0.22011621 0.14706814 0.00455443 0.00886836 0.03103733
50 0.04568100 0.00919039 0.08140831 0.31668003 0.00576292 0.03982360 0.29336603 0.02463810 0.02697790 0.01107020 0.01798130 0.04121600 0.00267450 0.00124106 0.00972961 0.02796260 0.03013990 0.00079477 0.00542424 0.00823752
51 0.04671022 0.00328061 0.00560670 0.00164434 0.01419331 0.00845744 0.00391805 0.00493635 0.00334739 0.28921014 0.17694809 0.00569577 0.04215262 0.02486351 0.00536659 0.01366681 0.04208052 0.00245315 0.00828421 0.29718415
52 0.19298801 0.05344750 0.03633440 0.03076290 0.00910746 0.05482920 0.03892550 0.03518760 0.11028601 0.05402540 0.03511240 0.06304670 0.01572440 0.04373130 0.02905330 0.07020780 0.03424330 0.00733918 0.03130970 0.05433790
53 0.05236590 0.01106610 0.00941674 0.00664117 0.01359060 0.01294930 0.01290130 0.01063550 0.00766995 0.24608399 0.18812599 0.01249720 0.04923390 0.03865860 0.00916666 0.02355790 0.04464450 0.00343833 0.01644740 0.23090899
54 0.14850488 0.04634656 0.14268089 0.06720165 0.01191109 0.04429677 0.04819596 0.08848853 0.02537088 0.01928738 0.03023878 0.05704145 0.01346249 0.01903408 0.01549019 0.11409191 0.06114315 0.00424739 0.01038259 0.03258337
55 0.25158711 0.02949791 0.02562411 0.02291931 0.03143751 0.02715411 0.02981841 0.09783474 0.01835611 0.04238922 0.04660742 0.03299411 0.01661411 0.01880701 0.02409961 0.14019606 0.06449973 0.00622845 0.01231041 0.06102453
56 0.04031088 0.00353944 0.00466745 0.00097909 0.01372259 0.00689840 0.00289800 0.00403206 0.00199456 0.28224284 0.21264588 0.00394844 0.04842917 0.03074448 0.00494346 0.01063709 0.03755488 0.00224538 0.00826510 0.27930084
57 0.16579699 0.03148910 0.04086500 0.03215690 0.02599520 0.02904410 0.03220250 0.07606720 0.01568110 0.02648180 0.03233950 0.03061920 0.01413010 0.01373870 0.04182060 0.23484199 0.09242330 0.00536144 0.01635310 0.04259220
58 0.12082695 0.02331439 0.03746628 0.01239019 0.02138169 0.01899249 0.02481309 0.02772219 0.01901719 0.02906669 0.03983348 0.01534409 0.02671879 0.04867858 0.01763129 0.22024291 0.16443793 0.00627233 0.09082776 0.03502168
59 0.03513057 0.01286049 0.00678150 0.00178487 0.00825516 0.00652041 0.01063049 0.00965442 0.00364515 0.22422082 0.25019079 0.00629502 0.11058991 0.02945748 0.01332139 0.02543088 0.05479166 0.00250564 0.01093849 0.17699485
60 0.06967955 0.16178811 0.04949103 0.05044293 0.00654183 0.07530545 0.08458225 0.02986302 0.02937792 0.02321202 0.03159392 0.19082512 0.01644971 0.01948281 0.01935841 0.05063593 0.03713312 0.00650452 0.01575111 0.03198122
61 0.06712227 0.01241201 0.01722292 0.00614468 0.01632872 0.01240621 0.01350591 0.01819852 0.01157921 0.16855818 0.11162512 0.01527312 0.03471764 0.10408611 0.00705202 0.03732024 0.08263749 0.00803864 0.05654976 0.19922122
62 0.06175434 0.20320714 0.04283533 0.03675073 0.00571698 0.10332007 0.09847467 0.01426261 0.02439202 0.01712721 0.02141811 0.23299216 0.01273451 0.01215281 0.01240991 0.03627283 0.03579713 0.00278838 0.00611974 0.01947331
63 0.05250627 0.01096679 0.00958175 0.00703410 0.01347179 0.01320349 0.01297049 0.01055339 0.00781191 0.24605185 0.18721089 0.01242319 0.04936607 0.03792868 0.00925744 0.02385559 0.04522207 0.00340407 0.01596129 0.23121886
64 0.06102703 0.02393471 0.13140507 0.04524352 0.01230271 0.03107802 0.03915802 0.02918442 0.02533921 0.13232007 0.07906254 0.02914402 0.02965492 0.04321202 0.01569461 0.07013654 0.07406444 0.00661746 0.02164131 0.09977935
65 0.09565159 0.02486960 0.13669698 0.06011939 0.00767732 0.02974860 0.04151919 0.13267498 0.02441200 0.02469440 0.07898779 0.03531499 0.02172730 0.01586960 0.01691510 0.11118498 0.09446419 0.00372463 0.01271110 0.03103630
66 0.04983809 0.01612200 0.07013478 0.28250092 0.00416386 0.04540019 0.31344291 0.02510949 0.02330799 0.01182170 0.01733879 0.04903659 0.00269059 0.00169309 0.01135000 0.02811789 0.03172109 0.00118512 0.00544222 0.00958271
67 0.04209639 0.00630745 0.10295697 0.31393692 0.00720577 0.03325009 0.27254093 0.03037459 0.03115569 0.00972724 0.02209759 0.03777839 0.00393422 0.00169294 0.00969643 0.02869769 0.03093799 0.00093464 0.00685779 0.00782028
68 0.33534016 0.01206251 0.02009141 0.00989855 0.03459422 0.01020200 0.01157191 0.23249811 0.00471724 0.00831140 0.02175121 0.00713274 0.00327785 0.00884998 0.01351021 0.19744409 0.04243122 0.00118730 0.00359707 0.02153081
69 0.11324800 0.03538880 0.04830820 0.02344120 0.02419050 0.02434950 0.04105790 0.03573600 0.01564830 0.06683370 0.05820390 0.03166000 0.03292020 0.02354350 0.02518930 0.13331100 0.16317300 0.00614608 0.02134740 0.07630350
70 0.04146409 0.00608019 0.00582595 0.00135658 0.01217260 0.00794897 0.00636314 0.00547293 0.00298118 0.26612991 0.20393193 0.00670836 0.06327948 0.02746929 0.00701438 0.01469539 0.04308478 0.00297739 0.00799858 0.26704491
71 0.06164777 0.20667490 0.03828768 0.03414628 0.00530134 0.10114395 0.08573006 0.01611669 0.02933309 0.01421059 0.01522739 0.19676791 0.01052699 0.01017370 0.03738068 0.08150196 0.02699999 0.00328700 0.00927424 0.01626779
72 0.06091046 0.03414818 0.05552536 0.20080685 0.00579482 0.04793407 0.17408687 0.03464127 0.02935968 0.01911279 0.02211318 0.07694214 0.00446783 0.00433326 0.02290998 0.13859190 0.03137138 0.00353666 0.00775835 0.02565498
73 0.05958279 0.04797699 0.05349229 0.15628098 0.00440645 0.05824669 0.25583696 0.02784060 0.02831280 0.02235020 0.03279930 0.07952079 0.01067920 0.01104170 0.02181140 0.04654999 0.04202709 0.00467990 0.01303540 0.02352850
74 0.10505996 0.05020398 0.04003159 0.06078728 0.00983374 0.04376308 0.11395296 0.05184518 0.02473719 0.01845249 0.02148559 0.05468668 0.00886769 0.00730092 0.05616868 0.21817392 0.06709378 0.00831840 0.01241540 0.02682149
75 0.02720773 0.01318262 0.00460318 0.00290792 0.00943615 0.00554404 0.00915629 0.00860892 0.01130361 0.10473212 0.36025342 0.00912664 0.06620908 0.17827921 0.00519357 0.01098851 0.01278371 0.01063441 0.06541648 0.08443240
76 0.25264513 0.02961752 0.02577111 0.02311351 0.03266832 0.02687821 0.03107072 0.09860045 0.01803941 0.04135932 0.04558922 0.03340562 0.01634921 0.01910601 0.02441641 0.13872907 0.06376173 0.00666699 0.01222661 0.05998543
77 0.03830951 0.00860405 0.00537959 0.00226499 0.01078670 0.00649361 0.00596703 0.00651749 0.00360728 0.21788305 0.29148406 0.00586619 0.06471441 0.05651531 0.00688017 0.01337240 0.03014421 0.00295719 0.01291370 0.20933904
78 0.05442214 0.03975286 0.08885950 0.19505878 0.00530958 0.10594488 0.14777984 0.04264835 0.02677007 0.01873078 0.02100568 0.07039132 0.00559623 0.01330349 0.01730898 0.05565884 0.05875573 0.00292522 0.00694065 0.02283707
79 0.28604679 0.01175899 0.01984659 0.00971650 0.04180687 0.00867143 0.01452009 0.05834476 0.00570300 0.01556169 0.02266198 0.00689356 0.01115999 0.00512384 0.00724823 0.26735680 0.14984289 0.00144169 0.00875435 0.04753996
80 0.28269204 0.00572383 0.00968238 0.00684989 0.19911203 0.01384560 0.00567731 0.06548861 0.00392540 0.00608383 0.01263110 0.00294210 0.02062140 0.00710498 0.01375830 0.20926103 0.09511481 0.00094285 0.00509990 0.03344260
81 0.04873091 0.06697671 0.07334711 0.17568904 0.00461037 0.07221011 0.14603003 0.04910471 0.02385060 0.01809550 0.02725121 0.13197303 0.00491525 0.01148380 0.01619490 0.06557051 0.02459810 0.00389969 0.00738279 0.02808561
82 0.05259911 0.00520472 0.00633384 0.00178729 0.01401380 0.00789187 0.00547016 0.00894430 0.00326457 0.27553005 0.16061903 0.00597808 0.04340061 0.02335990 0.00518051 0.02348800 0.06032861 0.00225016 0.00843031 0.28592505
83 0.01664451 0.00737678 0.00426332 0.00213277 0.00955688 0.00519327 0.00714350 0.01264681 0.02549431 0.02523531 0.03298681 0.00704304 0.00772253 0.37172416 0.00251107 0.01773561 0.03031651 0.00849220 0.38254617 0.02323441
84 0.08578499 0.09025059 0.05485799 0.07194879 0.00602817 0.12407498 0.06737399 0.02817360 0.09125409 0.03349009 0.03227759 0.08697309 0.01365540 0.03006700 0.02802130 0.06056099 0.02991710 0.00565869 0.02554010 0.03409149
85 0.11173894 0.04038998 0.04340498 0.14371192 0.00554329 0.05232607 0.24427687 0.03853688 0.02127529 0.02160719 0.02727849 0.06808286 0.00980541 0.00869578 0.01955439 0.05655467 0.05073197 0.00388179 0.00840435 0.02419889
86 0.03819372 0.00846606 0.00532558 0.00235962 0.01086600 0.00670134 0.00598872 0.00659743 0.00400837 0.21730909 0.28977412 0.00583010 0.06394883 0.05726662 0.00686954 0.01344481 0.03025711 0.00329692 0.01361491 0.20988109
87 0.04536515 0.00261923 0.00524752 0.00129028 0.01419468 0.00806486 0.00310375 0.00450767 0.00277829 0.29464165 0.17473879 0.00512260 0.04126625 0.02223027 0.00472040 0.01280548 0.04197335 0.00236217 0.00710196 0.30586564
88 0.06925939 0.20927198 0.04834400 0.01537950 0.01010540 0.06288679 0.04214010 0.02273480 0.02496150 0.02753060 0.02737920 0.16147399 0.02090490 0.01512020 0.01492430 0.06785989 0.11032599 0.00946168 0.01257450 0.02736130
89 0.12371305 0.02355091 0.02881721 0.02230801 0.01686681 0.01980031 0.02637251 0.05392382 0.01337821 0.07170823 0.14877906 0.01902901 0.04901812 0.02315191 0.02387891 0.16330806 0.08312343 0.00478031 0.01888681 0.06560533
90 0.04600457 0.03650208 0.05088087 0.23816986 0.00304883 0.08872635 0.27215784 0.01848069 0.02576599 0.01887669 0.02270199 0.08077875 0.00243402 0.00297203 0.00997754 0.03602218 0.02542779 0.00107756 0.00403708 0.01595729
91 0.04654323 0.00339364 0.00550953 0.00166968 0.01417181 0.00850730 0.00405836 0.00499799 0.00326028 0.28894620 0.17620312 0.00571032 0.04214563 0.02443022 0.00524316 0.01393451 0.04254143 0.00245179 0.00815657 0.29812521
92 0.03773213 0.00627588 0.00487845 0.00097540 0.01258121 0.00635253 0.00414976 0.00569340 0.00212709 0.26251620 0.24266218 0.00408335 0.05993884 0.03697263 0.00690154 0.01312811 0.03654953 0.00231057 0.01047601 0.24369518
93 0.06997748 0.16282695 0.04940469 0.05078869 0.00640492 0.07518788 0.08569718 0.02918269 0.02933709 0.02261909 0.03069229 0.19153195 0.01617880 0.01907429 0.01911679 0.05137019 0.03701629 0.00616416 0.01578190 0.03164669
94 0.04083089 0.00257340 0.00471320 0.00075590 0.01420600 0.00689281 0.00230182 0.00361236 0.00164929 0.29387192 0.19849195 0.00350149 0.04503519 0.02574119 0.00456686 0.00998865 0.03867499 0.00214113 0.00760707 0.29284392
95 0.06115820 0.07369800 0.15216600 0.10099600 0.00635976 0.14950800 0.04472790 0.05413160 0.03147180 0.01432960 0.02076020 0.08901930 0.01048700 0.02314430 0.01737920 0.06374400 0.04915300 0.00334188 0.00957977 0.02484450
96 0.07020639 0.16409497 0.04930779 0.04999079 0.00661191 0.07565519 0.08377979 0.02900390 0.02954479 0.02279720 0.03071129 0.19150697 0.01645150 0.01920740 0.01907520 0.05104669 0.03717269 0.00622996 0.01579610 0.03180949
97 0.03706101 0.00543927 0.00442476 0.00087742 0.01227880 0.00593253 0.00318111 0.00480528 0.00178917 0.25758409 0.25543009 0.00365137 0.05801502 0.04157391 0.00562394 0.01083090 0.03329941 0.00224921 0.00896759 0.24698509
98 0.02767829 0.01680699 0.00606244 0.00161072 0.00488331 0.00370067 0.00759030 0.01037700 0.00325460 0.13993895 0.41623886 0.00562910 0.11348496 0.07658627 0.01223210 0.01970699 0.02389579 0.00242980 0.01334490 0.09454797
99 0.08251437 0.02789269 0.19111093 0.04658338 0.01177910 0.03799689 0.02590379 0.06875988 0.01865049 0.01722459 0.01690909 0.03179719 0.00725344 0.01218700 0.01736999 0.22463392 0.12266896 0.00337990 0.00935111 0.02603329
100 0.04343748 0.09172076 0.02217939 0.08186607 0.00201002 0.09307186 0.24755890 0.01267179 0.01996479 0.02770329 0.05807648 0.17580193 0.00669788 0.00967515 0.01063860 0.03394949 0.02662299 0.00310795 0.00940160 0.02384359
101 0.05840494 0.04715775 0.05400415 0.15858185 0.00436083 0.05807024 0.25744375 0.02787627 0.02816267 0.02250738 0.03311157 0.07821272 0.01076239 0.01081079 0.02200448 0.04649686 0.04130946 0.00473273 0.01293229 0.02305688
102 0.08640464 0.04509617 0.08858573 0.09044753 0.00484410 0.04510127 0.03317048 0.12915090 0.01945819 0.02449598 0.02936588 0.10724192 0.01187399 0.02656108 0.02757638 0.08638784 0.03795847 0.00776784 0.01138949 0.08712213
103 0.04263001 0.01733840 0.01021480 0.00826141 0.00860821 0.00928727 0.01515830 0.01485620 0.00814652 0.14607102 0.34357404 0.01240060 0.07841721 0.07428641 0.01137970 0.02301540 0.02761060 0.00502687 0.02203800 0.12167901
104 0.29994829 0.01480331 0.02566123 0.01422031 0.02802643 0.01228571 0.01370851 0.24579324 0.00573467 0.00964066 0.02220622 0.01008061 0.00355328 0.00953037 0.01686052 0.19705119 0.04324164 0.00171967 0.00413480 0.02179932
105 0.14717585 0.03319937 0.03977186 0.13310186 0.00540026 0.04691375 0.24883074 0.03992856 0.01942588 0.01989818 0.02572887 0.05933214 0.00968611 0.00757673 0.01846078 0.05291605 0.05828584 0.00336014 0.00754135 0.02346568
106 0.04957238 0.01601499 0.07020676 0.28357986 0.00420773 0.04569388 0.31312384 0.02512049 0.02333779 0.01194209 0.01719789 0.04894938 0.00264432 0.00162481 0.01126829 0.02798279 0.03160688 0.00103929 0.00530020 0.00958635
107 0.03816570 0.00685281 0.00522616 0.00152395 0.01231340 0.00653280 0.00527611 0.00634402 0.00262818 0.25172397 0.25196997 0.00477489 0.06136149 0.04212020 0.00737527 0.01402900 0.03608870 0.00268112 0.01184830 0.23116397
108 0.07005912 0.07877772 0.01606940 0.01426120 0.00926956 0.01556500 0.02202211 0.02448961 0.02034290 0.02339171 0.05446341 0.02474241 0.01586540 0.08772152 0.01117420 0.04455121 0.03122141 0.34337708 0.05709081 0.03554421
109 0.04158508 0.00213583 0.00475950 0.00083794 0.01444599 0.00709927 0.00230267 0.00359047 0.00172697 0.29652583 0.19177789 0.00357176 0.04286818 0.02464209 0.00430445 0.00995463 0.03926498 0.00217126 0.00728641 0.29914883
110 0.05532277 0.03174148 0.01861749 0.00779784 0.01274669 0.01504019 0.02273349 0.01474409 0.01294759 0.13331693 0.22894688 0.02575649 0.11094994 0.04503168 0.01666989 0.04002208 0.05886887 0.00682810 0.02207759 0.11983994
111 0.09912737 0.02547739 0.12103397 0.07139398 0.01125040 0.03152589 0.04334529 0.07451398 0.02748689 0.03226579 0.09663497 0.03355089 0.03068349 0.01529250 0.01907099 0.14395796 0.06624218 0.00382137 0.01358410 0.03974059
112 0.04639116 0.12152990 0.01626609 0.04452916 0.00267257 0.07661504 0.17490686 0.01472029 0.02762598 0.03732087 0.09243803 0.14457788 0.01950328 0.02559308 0.01668949 0.03970877 0.03063478 0.00929462 0.02396828 0.03501387
113 0.22487211 0.01163311 0.02019491 0.01190821 0.15320707 0.01507621 0.01013550 0.05443513 0.00650909 0.01162981 0.01903861 0.00731734 0.02226391 0.01085801 0.01708511 0.23662911 0.11983106 0.00222730 0.00896949 0.03617892
114 0.07863847 0.09141577 0.05419728 0.07482057 0.00832746 0.11301096 0.08864397 0.04342349 0.03216059 0.03374739 0.03391149 0.10400196 0.01302530 0.02246289 0.03903969 0.06954128 0.03868349 0.00537328 0.01610649 0.03946819
115 0.06583341 0.01182180 0.01230580 0.00944030 0.01426740 0.01433960 0.01331850 0.01346370 0.00955948 0.22115102 0.15789501 0.01680130 0.04401450 0.03244100 0.01053770 0.03435260 0.04785360 0.00507414 0.01472710 0.25080202
116 0.12469693 0.05072007 0.04688977 0.01967379 0.12183993 0.05932347 0.02143629 0.03042718 0.01565679 0.03220008 0.03046288 0.04374537 0.02248319 0.02337069 0.02577059 0.14026492 0.13058592 0.00422288 0.01360029 0.04262898
117 0.07837050 0.09111800 0.05422940 0.07482860 0.00849202 0.11487100 0.08761180 0.04226850 0.03254940 0.03398970 0.03447690 0.10380600 0.01302600 0.02281380 0.03913570 0.06889400 0.03875280 0.00558555 0.01556750 0.03961280
118 0.05842173 0.01957481 0.01176701 0.00447710 0.00834096 0.00734414 0.02101921 0.03824232 0.00750837 0.16498208 0.17301109 0.00969154 0.12309006 0.02184661 0.01805061 0.05828993 0.12795706 0.00244669 0.01490161 0.10903705
119 0.04250570 0.01764980 0.01025540 0.00796741 0.00854344 0.00927035 0.01474470 0.01492810 0.00778781 0.14557998 0.34407796 0.01286310 0.07821079 0.07525849 0.01144060 0.02294910 0.02720040 0.00519290 0.02232200 0.12125199
120 0.25441684 0.02945148 0.02556808 0.02234699 0.03192958 0.02627918 0.02971008 0.09754034 0.01825209 0.04123237 0.04618087 0.03324858 0.01639899 0.01875379 0.02345438 0.14062191 0.06529696 0.00625984 0.01274569 0.06031196
121 0.31819513 0.01421231 0.02310381 0.01356501 0.03089581 0.01295511 0.01510181 0.27403211 0.00723780 0.01034370 0.02524561 0.01060630 0.00437290 0.01158240 0.01233460 0.15258406 0.03614551 0.00192326 0.00407354 0.02148921
122 0.18742592 0.01963819 0.03637918 0.02840869 0.01461979 0.01824199 0.01673719 0.37314784 0.00951878 0.01075160 0.01960629 0.01675699 0.00355248 0.01157090 0.01974239 0.15358693 0.03471649 0.00343342 0.00504095 0.01712399
123 0.07355748 0.03633759 0.03045029 0.02865709 0.00914809 0.02429569 0.10345397 0.02180269 0.02258059 0.11063396 0.05365718 0.03568669 0.06694468 0.02047399 0.01469460 0.07079028 0.18980294 0.00537623 0.01660479 0.06505118
124 0.05230391 0.00902350 0.03180841 0.00863397 0.01376270 0.01374110 0.00970231 0.00969214 0.00839944 0.24743104 0.14822802 0.01265430 0.04297011 0.03417671 0.00866726 0.02809780 0.04792391 0.00449032 0.01380600 0.25448704
125 0.04337514 0.00367305 0.00558887 0.00195505 0.01379621 0.00792319 0.00399942 0.00461460 0.00300517 0.27764726 0.20135619 0.00496125 0.04551344 0.02944083 0.00514258 0.01210631 0.03875164 0.00264298 0.00900655 0.28550026
126 0.16221390 0.02108939 0.01614069 0.00600456 0.03849538 0.01199339 0.02793728 0.01944509 0.01151399 0.07223495 0.07949835 0.02273369 0.11012993 0.01481669 0.01075819 0.09938944 0.17055489 0.00371457 0.01392599 0.08740964
127 0.12148405 0.02713841 0.13523805 0.06715083 0.00824928 0.03506791 0.02526281 0.18760207 0.01319351 0.01028770 0.02168781 0.03768341 0.00384683 0.01539931 0.01624251 0.17677607 0.06455163 0.00369382 0.00641258 0.02303141
128 0.06240468 0.18931194 0.13060396 0.04515879 0.00920984 0.06878938 0.02759609 0.04777939 0.03559699 0.01072110 0.01791759 0.15403195 0.01642129 0.01808859 0.01686849 0.06322088 0.05004638 0.00588737 0.01029990 0.02004539
129 0.03332871 0.01029310 0.00473746 0.00151301 0.00973375 0.00528139 0.00580261 0.00782404 0.00261221 0.20819509 0.32313013 0.00484663 0.07794383 0.06043852 0.00838984 0.01474971 0.02889501 0.00255725 0.01253261 0.17719507
130 0.13930982 0.01223048 0.01219548 0.01023339 0.01810238 0.01688898 0.01300598 0.02375367 0.01319358 0.17025878 0.10887286 0.01974647 0.03328546 0.02434907 0.01753808 0.06771971 0.06303782 0.00347078 0.01018949 0.22261772
131 0.06823503 0.22530111 0.04364112 0.02206411 0.00897480 0.07072294 0.05347013 0.02550911 0.03384992 0.02090211 0.03530922 0.17471509 0.02136621 0.02144071 0.02202561 0.05372883 0.04051562 0.01498831 0.01792521 0.02531481
132 0.03847800 0.00850947 0.00567267 0.00251216 0.01085630 0.00665649 0.00596272 0.00658563 0.00384188 0.21726199 0.29047999 0.00605552 0.06428910 0.05638030 0.00682383 0.01357300 0.03023680 0.00316366 0.01287950 0.20978099
133 0.05262538 0.02184939 0.09102097 0.25570291 0.00697964 0.05562768 0.18406794 0.05732218 0.02968409 0.01492999 0.02555049 0.05796298 0.00492387 0.00943813 0.01506499 0.05460118 0.02973489 0.00315014 0.00844466 0.02131849
134 0.06967884 0.01366639 0.00802706 0.00517544 0.01623469 0.01094469 0.01190539 0.00958996 0.01940978 0.16104286 0.20702181 0.01313819 0.03794247 0.08451742 0.00905211 0.02413788 0.03774617 0.01218489 0.08174613 0.16683785
135 0.11264891 0.01563199 0.01361259 0.00852410 0.01288259 0.01285599 0.01735559 0.03175867 0.01023689 0.12518690 0.27702777 0.01600499 0.05706705 0.04979816 0.01327709 0.04313386 0.04182747 0.00471571 0.01903778 0.11741590
136 0.04863019 0.01381840 0.01073320 0.00558499 0.01569890 0.01169130 0.01201210 0.00869311 0.03039269 0.17156996 0.14014296 0.01523950 0.03321679 0.09442308 0.00787045 0.02307129 0.03775959 0.01484260 0.10300897 0.20159995
137 0.04140533 0.01731311 0.01058411 0.00880016 0.00842761 0.00949482 0.01524791 0.01538881 0.00814872 0.14604510 0.34331924 0.01277911 0.07820905 0.07504605 0.01114691 0.02245242 0.02746892 0.00545703 0.02212852 0.12113708
138 0.03745813 0.02007562 0.01513021 0.00905700 0.01280351 0.01467761 0.01400681 0.02163312 0.02583372 0.06623065 0.12965310 0.01899352 0.02673202 0.25534420 0.00731842 0.02422132 0.02919552 0.01863541 0.19435216 0.05864795
139 0.10196798 0.01896890 0.03371209 0.03944199 0.00707491 0.02063390 0.01688900 0.55533391 0.01380970 0.01108900 0.01879060 0.01831890 0.00419834 0.01334210 0.01126510 0.07172359 0.01980590 0.00476627 0.00544674 0.01342110
140 0.02398398 0.01143289 0.00239505 0.00140388 0.00650751 0.00307626 0.00647060 0.00704276 0.00454802 0.11221891 0.44349164 0.00604670 0.08417713 0.14780788 0.00514679 0.00873688 0.00812863 0.00511819 0.02711298 0.08515333
141 0.19199592 0.02173329 0.02131689 0.00956129 0.06305427 0.01695969 0.01940689 0.03684189 0.01207900 0.04317848 0.06694767 0.02033259 0.07818197 0.01317449 0.01951419 0.16656193 0.11943595 0.00385481 0.01459659 0.06127218
142 0.06716294 0.01187159 0.01292779 0.00978276 0.01464829 0.01416809 0.01351059 0.01386189 0.00966621 0.21976582 0.15669787 0.01685099 0.04318796 0.03293907 0.00995546 0.03483197 0.04830206 0.00497687 0.01488399 0.25000779
143 0.10157991 0.01919738 0.03358307 0.03945337 0.00727951 0.02083308 0.01620189 0.55332453 0.01357459 0.01112179 0.01858588 0.01851788 0.00445980 0.01391669 0.01183729 0.07211074 0.01996948 0.00492046 0.00570997 0.01382269
144 0.10661207 0.04615063 0.06099164 0.13422108 0.00414507 0.05227103 0.07912655 0.06436004 0.01946451 0.01633441 0.01850621 0.10736807 0.00410693 0.01244511 0.03541392 0.15832410 0.02604202 0.00493919 0.00780930 0.04136813
145 0.29965107 0.01485810 0.02584271 0.01511260 0.02941171 0.01269310 0.01392260 0.22587406 0.00561721 0.01000500 0.02141821 0.01059030 0.00350064 0.00907452 0.01908530 0.20740505 0.04616581 0.00169460 0.00448848 0.02358891
146 0.03691602 0.00529984 0.00445229 0.00088195 0.01229291 0.00594776 0.00325891 0.00478490 0.00182710 0.25858411 0.25394711 0.00370396 0.05755542 0.04135812 0.00561251 0.01078060 0.03330811 0.00228514 0.00903711 0.24816611
147 0.25988215 0.01622881 0.02436571 0.01762601 0.03142302 0.01671041 0.01457481 0.07816015 0.00759524 0.01439771 0.01861801 0.01338861 0.00690615 0.00542809 0.02625462 0.29801818 0.09895086 0.00180953 0.01038131 0.03928062
148 0.08446756 0.03691168 0.03790898 0.06722037 0.00654632 0.03525698 0.12962494 0.11152095 0.02468789 0.08289346 0.06512597 0.04837228 0.02727879 0.02534569 0.01934059 0.06934437 0.06188437 0.00519466 0.01645959 0.04461458
149 0.03788899 0.00627567 0.00484854 0.00102795 0.01249160 0.00636030 0.00431126 0.00577948 0.00224386 0.26110592 0.24459493 0.00412161 0.06025548 0.03748019 0.00696607 0.01325710 0.03653609 0.00235926 0.01034980 0.24174593
150 0.05305540 0.03134590 0.05171920 0.01724110 0.00686611 0.02558540 0.05771280 0.01423340 0.07334110 0.07099890 0.20558501 0.03356090 0.09266991 0.04563430 0.01840340 0.03182790 0.04562150 0.00962543 0.04188680 0.07308550
151 0.06682453 0.03442972 0.03149222 0.01831321 0.01059521 0.03766492 0.02724711 0.03013412 0.03216172 0.05301813 0.07742714 0.03463992 0.02444001 0.09166275 0.21391111 0.06250753 0.04080492 0.01266191 0.04928942 0.05077443
152 0.06831944 0.22384413 0.04343922 0.02161241 0.00863443 0.07140644 0.05374373 0.02578571 0.03333492 0.02090641 0.03561502 0.17464510 0.02129031 0.02158261 0.02201731 0.05395833 0.04062122 0.01634961 0.01802631 0.02486731
153 0.06181029 0.02827750 0.01917590 0.01848120 0.00799262 0.04676769 0.03317690 0.04164509 0.01176940 0.01864100 0.02970400 0.02331210 0.01161660 0.01001630 0.44896494 0.09460889 0.05844959 0.00381582 0.00886190 0.02291230
154 0.03996260 0.00926644 0.01170400 0.00324120 0.01924060 0.00988847 0.01289840 0.00996073 0.01312170 0.15593301 0.20833401 0.01002530 0.04118810 0.18221101 0.00680546 0.01534390 0.02988490 0.00963904 0.09464211 0.11670901
155 0.29332687 0.01458039 0.03017469 0.01331369 0.01954019 0.01217989 0.01474049 0.23254789 0.00593374 0.01524509 0.04993388 0.00883528 0.00712721 0.01078560 0.00988831 0.18083992 0.04840008 0.00175650 0.00506902 0.02578129
156 0.06468642 0.04579282 0.17563706 0.09992913 0.00944122 0.04761132 0.07117972 0.07398113 0.03835661 0.02159541 0.03289521 0.06152212 0.01456211 0.02101671 0.01874291 0.08358223 0.06602952 0.00480123 0.01702761 0.03160951
157 0.02881649 0.01290489 0.00482294 0.00107800 0.00689716 0.00404878 0.00515778 0.00773117 0.00208363 0.17783491 0.37213482 0.00423819 0.09505605 0.06774947 0.00903411 0.01438929 0.02410409 0.00228433 0.01031499 0.14931893
158 0.03282773 0.03060723 0.02876912 0.04340234 0.00993532 0.02355412 0.01710691 0.02577992 0.04534344 0.02844682 0.06735986 0.03188213 0.01337981 0.22232218 0.00926498 0.02954242 0.02432472 0.03703003 0.24118420 0.03793673
159 0.04363600 0.00180054 0.00498261 0.00100118 0.01453760 0.00764682 0.00234771 0.00379329 0.00205613 0.30187299 0.17629299 0.00411390 0.04024110 0.02127630 0.00437522 0.01100380 0.04122900 0.00212362 0.00682721 0.30884199
160 0.06375091 0.20918304 0.09981702 0.04443481 0.00847785 0.09742302 0.03215091 0.03380841 0.02857741 0.00723858 0.01315700 0.21681604 0.01559450 0.01616380 0.01083930 0.03779171 0.04031141 0.00274865 0.00553924 0.01617640
161 0.05701580 0.02500950 0.02616740 0.00889074 0.01364750 0.01319540 0.03302550 0.01669510 0.02117510 0.08154580 0.11210301 0.02133150 0.10601201 0.06941320 0.01822700 0.06387780 0.11645501 0.01195480 0.12704801 0.05720980
162 0.03203089 0.02293160 0.01446120 0.00941366 0.01008100 0.01307390 0.01770770 0.01549880 0.04027649 0.03447499 0.06399089 0.02099880 0.01651970 0.23772596 0.00855740 0.03257129 0.03143929 0.01764830 0.32380095 0.03679719
163 0.26794289 0.01521349 0.02308739 0.01478559 0.01695299 0.01179010 0.01274719 0.40911283 0.00707625 0.00794104 0.02168609 0.00866355 0.00249109 0.01198520 0.00655310 0.12292495 0.02295679 0.00203419 0.00231719 0.01173810
164 0.04391251 0.00244663 0.00515675 0.00111355 0.01450700 0.00781165 0.00274472 0.00403710 0.00239038 0.29858808 0.17935205 0.00433769 0.04133351 0.02286681 0.00460430 0.01141620 0.04121391 0.00218910 0.00776196 0.30221608
165 0.05428530 0.02132820 0.06267170 0.23114898 0.00374706 0.04323660 0.26640798 0.02886270 0.02504690 0.01378620 0.02101450 0.05202320 0.00533481 0.00316693 0.05303870 0.04934590 0.03739550 0.00302389 0.00758768 0.01754730
166 0.04810441 0.01306740 0.00818693 0.00295421 0.01043590 0.00739039 0.01789340 0.01221370 0.00605364 0.21607303 0.17703302 0.00828651 0.11115701 0.02079940 0.01318050 0.03825360 0.10065001 0.00256670 0.01290320 0.17279702
167 0.21485915 0.01933881 0.04007623 0.02217002 0.01482381 0.01741471 0.01876371 0.18792613 0.00833736 0.02271462 0.05957944 0.01409521 0.01230201 0.01144161 0.01966301 0.21244115 0.06313144 0.00254110 0.00846555 0.02991492
168 0.08404968 0.06207989 0.03081019 0.03675059 0.00603572 0.04529429 0.05380019 0.02303129 0.02617009 0.08661928 0.06155659 0.10706198 0.04090689 0.02940929 0.02158170 0.04881249 0.03914319 0.01060540 0.01524030 0.17104096
169 0.07816085 0.09342514 0.05342497 0.07405045 0.00850236 0.11422393 0.08835674 0.04304597 0.03242648 0.03343018 0.03388488 0.10558593 0.01297649 0.02224129 0.03926587 0.06859846 0.03814688 0.00546247 0.01550419 0.03928647
170 0.04747349 0.05299929 0.02000680 0.01740000 0.00866746 0.05346339 0.03567569 0.01688900 0.04614359 0.04769369 0.15678897 0.04701989 0.02875940 0.09161419 0.01426760 0.03316319 0.02831180 0.02949410 0.17098497 0.05318349
171 0.06904996 0.22402019 0.04349284 0.02195772 0.00894396 0.07131046 0.05377725 0.02492272 0.03360493 0.02082072 0.03555553 0.17451215 0.02160302 0.02201762 0.02208642 0.05371775 0.04004553 0.01513601 0.01856072 0.02486452
172 0.03611492 0.01466921 0.02437551 0.00406048 0.00816837 0.00760094 0.01100131 0.01240261 0.00630540 0.20115411 0.27230816 0.00720848 0.10595706 0.02858862 0.01582701 0.02686252 0.04230392 0.00281966 0.01095361 0.16131809
173 0.04707371 0.01296240 0.07729711 0.30030405 0.00525440 0.04306121 0.29342605 0.02530410 0.02648030 0.01212040 0.01888810 0.04633571 0.00285289 0.00163706 0.01052310 0.03007631 0.03021251 0.00101330 0.00548844 0.00968884
174 0.05888398 0.04685979 0.05468319 0.15721996 0.00458766 0.05743208 0.25622393 0.02884339 0.02850359 0.02227099 0.03323089 0.07825508 0.01057040 0.01120270 0.02188019 0.04616879 0.04175879 0.00475891 0.01333040 0.02333529
175 0.04003731 0.01528730 0.14006904 0.27743008 0.00837693 0.04597541 0.16065605 0.06257282 0.03227371 0.00966183 0.02654671 0.05233682 0.00460690 0.01029200 0.01028650 0.04686661 0.02956771 0.00201849 0.00773845 0.01739931
176 0.06225458 0.02179179 0.03483769 0.08566527 0.00628327 0.03865008 0.05500798 0.04683938 0.01296409 0.01150670 0.02010539 0.04023448 0.00823992 0.00885356 0.35798486 0.09597246 0.04924528 0.00426616 0.00875218 0.03054489
177 0.04333618 0.00536381 0.00588358 0.00236254 0.01323349 0.00790394 0.00530677 0.00570504 0.00375622 0.25789590 0.22306391 0.00580641 0.05043028 0.03769439 0.00584651 0.01336679 0.03706359 0.00291647 0.01118430 0.26187990
178 0.25065504 0.00623483 0.00902207 0.00620062 0.15701403 0.01253490 0.00707445 0.04642101 0.00492643 0.04274731 0.03834711 0.00479296 0.02539420 0.01254140 0.01488640 0.15840003 0.10180202 0.00195188 0.00858169 0.09047162
179 0.04800338 0.06744008 0.03159769 0.13520596 0.00172013 0.09992937 0.29162090 0.01457980 0.02036479 0.02077089 0.02954879 0.12097096 0.00402570 0.00564165 0.01512740 0.03718569 0.02938399 0.00226096 0.00597549 0.01864639
