1 0.26754703 0.01913000 0.01840160 0.03497830 0.06791311 0.01117970 0.00894279 0.11663501 0.00819230 0.03930350 0.03448500 0.01291790 0.01758590 0.01043890 0.01722620 0.18241902 0.08580611 0.00219608 0.00731981 0.03738170
2 0.11142899 0.02646210 0.02003870 0.01852130 0.01818490 0.01731600 0.02506020 0.04164930 0.01385350 0.13271199 0.18264598 0.02390730 0.04465930 0.04192990 0.01634050 0.05989979 0.04884079 0.00470941 0.02200110 0.12983899
3 0.20426400 0.03292920 0.02623050 0.03914910 0.03835790 0.02259480 0.03153520 0.11009300 0.01379240 0.03543700 0.04401360 0.02758250 0.02152170 0.02037480 0.02876350 0.16971900 0.07534250 0.00464708 0.01349890 0.04015330
4 0.06761894 0.02764687 0.01976608 0.01614099 0.01138899 0.01710988 0.02155318 0.02794847 0.01234549 0.17200084 0.19963882 0.02604338 0.04951165 0.03626847 0.01078989 0.03815586 0.04125316 0.00386812 0.02002308 0.18092783
5 0.06313978 0.01182240 0.01098190 0.00298067 0.00931067 0.00688862 0.00513083 0.01773899 0.00633860 0.22214193 0.25703192 0.00668601 0.06028908 0.03469399 0.00568720 0.02486569 0.03665239 0.00249472 0.01231470 0.20280994
6 0.06943287 0.07121357 0.03829278 0.03573189 0.01423209 0.07995357 0.05410048 0.02712219 0.02644849 0.05217238 0.07130177 0.07817127 0.02883999 0.02320169 0.02338689 0.08349267 0.10577396 0.00539930 0.01935069 0.09238146
7 0.11923497 0.04433439 0.03972829 0.04731329 0.02596789 0.03586899 0.04670849 0.08281868 0.02167319 0.04003499 0.05631638 0.04233369 0.02669589 0.03183559 0.03153089 0.15390796 0.07476368 0.00785689 0.02615309 0.04492279
8 0.06792236 0.13277893 0.05279257 0.03408528 0.01475809 0.05740797 0.06536526 0.04458158 0.03374008 0.02097349 0.04480247 0.17721290 0.01726679 0.01857569 0.03773848 0.06289306 0.05302107 0.00591256 0.01653519 0.04163618
9 0.06863412 0.04110331 0.06313842 0.10651304 0.00979474 0.04142611 0.15607905 0.13926505 0.02464531 0.01480780 0.03474511 0.05844302 0.01346670 0.01739891 0.04168311 0.07673443 0.04299361 0.00428783 0.01264550 0.03219481
10 0.11990894 0.03609128 0.03816458 0.04323638 0.02784549 0.03657508 0.03463928 0.05537947 0.01912589 0.03893448 0.04851997 0.03177548 0.03175968 0.02097669 0.02235599 0.19087290 0.14554492 0.00507163 0.01350019 0.03972168
11 0.08837614 0.11457592 0.04013207 0.03268058 0.01730319 0.05331656 0.05578416 0.06940805 0.02806568 0.02455748 0.03969837 0.07747184 0.02167538 0.02443988 0.03626527 0.14993489 0.06574485 0.00837241 0.01869949 0.03349778
12 0.05422480 0.01106010 0.01061250 0.00188121 0.00734963 0.00624738 0.00426490 0.01538790 0.00618135 0.22955201 0.26522401 0.00615174 0.06280420 0.03545730 0.00505360 0.01955300 0.03449070 0.00260715 0.01297950 0.20891701
13 0.07300724 0.03822852 0.09769696 0.07317064 0.02005921 0.02809642 0.05821254 0.16637110 0.02314991 0.02132671 0.04164863 0.06132204 0.01553211 0.01712071 0.03613772 0.09603946 0.08418995 0.00484929 0.01147551 0.03236532
14 0.05434060 0.01113390 0.01058220 0.00190838 0.00725413 0.00617662 0.00462353 0.01530620 0.00611846 0.22825402 0.26690202 0.00623615 0.06264491 0.03570720 0.00505303 0.01949120 0.03459870 0.00263272 0.01270500 0.20833102
15 0.04849637 0.02452348 0.01968759 0.01682969 0.02050959 0.02092939 0.01595879 0.01442479 0.03291548 0.08054145 0.12159692 0.01801999 0.05512126 0.14609290 0.00749347 0.05287746 0.03504408 0.02736828 0.16323289 0.07833615
16 0.04932158 0.01853769 0.01502339 0.01213969 0.01822269 0.01466569 0.01201039 0.01537379 0.02388589 0.11070495 0.18407792 0.01341169 0.04208248 0.13923294 0.00665602 0.03630118 0.02987699 0.01871809 0.13174694 0.10800995
17 0.08326429 0.05254870 0.07142829 0.04620920 0.01736920 0.04135430 0.07490809 0.07239959 0.02437890 0.01802260 0.03582720 0.06655089 0.01416860 0.01844720 0.18420698 0.07665069 0.05742399 0.00811679 0.01293800 0.02378650
18 0.07017860 0.03031110 0.02502050 0.02177170 0.01450200 0.02154500 0.02713880 0.02631700 0.01623780 0.13782800 0.16999099 0.02743300 0.06962760 0.04581950 0.01489000 0.06351280 0.05467880 0.00713243 0.02839940 0.12766500
19 0.17567710 0.03643802 0.03430012 0.09279745 0.02183851 0.03425442 0.06430994 0.06798954 0.01486671 0.02051611 0.04194312 0.03658312 0.02059071 0.07493804 0.03950482 0.09426295 0.05272103 0.00707604 0.02892362 0.04046862
20 0.07712230 0.05325940 0.05462380 0.10757101 0.00839395 0.05847100 0.17374901 0.04282290 0.02515510 0.02058080 0.04327900 0.06895870 0.01753290 0.02077050 0.05061810 0.07294550 0.04842340 0.00476259 0.01562940 0.03533060
21 0.08895872 0.02606171 0.07224962 0.16532004 0.01776590 0.03827301 0.09853652 0.05548851 0.02249171 0.02066640 0.03688651 0.03986731 0.02148040 0.01411970 0.02117460 0.10624402 0.10080402 0.00400637 0.01490390 0.03470101
22 0.08399603 0.02807258 0.07443534 0.18812085 0.01364119 0.04389947 0.12845590 0.06624975 0.02306358 0.01849889 0.03285777 0.04347937 0.01542499 0.01856379 0.02428598 0.08626203 0.05387016 0.00401279 0.02094938 0.03186017
23 0.05980905 0.18444783 0.07724543 0.02900027 0.01829908 0.05315745 0.04578096 0.04426126 0.03900996 0.01874908 0.03730597 0.16285585 0.01710188 0.01631879 0.02407868 0.06228494 0.05104495 0.00517311 0.01663548 0.03743997
24 0.03896660 0.02708180 0.02456840 0.01947980 0.02535170 0.02582960 0.01320340 0.01111990 0.05817220 0.02693000 0.07623260 0.01898880 0.02439580 0.20385400 0.00669889 0.04878840 0.01988210 0.04402690 0.25071900 0.03571010
25 0.24279184 0.03394048 0.01695089 0.03677378 0.03159608 0.01011369 0.01699879 0.26383083 0.00674736 0.02100439 0.02917288 0.01883589 0.00924287 0.01081979 0.03004978 0.12813892 0.04817607 0.00259210 0.00858399 0.03363958
26 0.07187379 0.05364199 0.03681739 0.02611179 0.01614900 0.04061009 0.05429189 0.03500329 0.02312590 0.03542569 0.07100819 0.08209158 0.07047909 0.09287428 0.02352020 0.11465998 0.05518639 0.01285740 0.03927589 0.04499619
27 0.07109689 0.10008298 0.04806249 0.06228339 0.00891931 0.06412449 0.13417098 0.03583499 0.02928289 0.01497550 0.03565259 0.14742997 0.01426080 0.01688540 0.05140579 0.06709769 0.04838439 0.00487537 0.01224330 0.03293079
28 0.17390111 0.04235143 0.02765362 0.04028933 0.02733272 0.02652352 0.04245063 0.09724056 0.01626011 0.05612794 0.07396865 0.04018693 0.02411252 0.02814372 0.03382472 0.10272907 0.05879604 0.00502125 0.01907941 0.06400674
29 0.06271840 0.02197680 0.01875170 0.01326190 0.01095870 0.01498990 0.01943270 0.02541410 0.01268660 0.17213300 0.22600300 0.02002510 0.05367240 0.04558850 0.01185670 0.03716810 0.04174730 0.00500959 0.02447950 0.16212600
30 0.05309919 0.01933100 0.01458950 0.01053170 0.01903350 0.01554140 0.01450740 0.01512070 0.02437079 0.08939268 0.17274896 0.01335610 0.04129679 0.17777696 0.00745963 0.04022059 0.02778179 0.01960690 0.13422697 0.09000748
31 0.10235502 0.04262491 0.04230141 0.08991012 0.01207650 0.04175811 0.10724402 0.07075071 0.01378540 0.01374300 0.02662380 0.05948141 0.01097930 0.02183770 0.17017103 0.08107201 0.04934421 0.00743402 0.01152490 0.02498240
32 0.15746797 0.03620709 0.03565509 0.04407029 0.02756930 0.01754200 0.02715990 0.23490896 0.01154520 0.02056120 0.03111689 0.03122039 0.01302510 0.01675000 0.03054209 0.16349797 0.05351839 0.00465748 0.01192190 0.03106279
33 0.06699400 0.01394760 0.01240030 0.00524400 0.00937581 0.00822694 0.00892908 0.01935100 0.00725850 0.20930199 0.24795899 0.00992987 0.05754970 0.03522880 0.00620171 0.02585190 0.03699990 0.00250183 0.01362510 0.20312299
34 0.05961432 0.01142600 0.01165050 0.00367021 0.00888211 0.00691432 0.00533951 0.02468111 0.00619590 0.22738608 0.24689608 0.00682016 0.05822792 0.03083431 0.00560344 0.02455171 0.03523001 0.00232061 0.01095860 0.21279707
35 0.11755208 0.04470023 0.04030863 0.04769293 0.02564132 0.03631082 0.04736063 0.08171905 0.02177271 0.04018483 0.05690394 0.04278563 0.02697892 0.03199102 0.03099182 0.15338610 0.07465285 0.00805085 0.02597482 0.04504083
36 0.06427405 0.12938209 0.08552886 0.04385553 0.01844031 0.04998214 0.05037574 0.06502565 0.03292932 0.01939831 0.03439422 0.10496808 0.01832241 0.01989331 0.02789482 0.12074909 0.05970604 0.00738089 0.01690951 0.03058962
37 0.20449984 0.03143597 0.02625818 0.03823407 0.03988157 0.02249938 0.02919758 0.10370292 0.01364509 0.03471187 0.04173627 0.02597438 0.02196348 0.01985938 0.02645618 0.18446885 0.07967784 0.00450160 0.01306749 0.03822807
38 0.08416958 0.02820569 0.07400428 0.18744996 0.01365910 0.04407369 0.12816597 0.06678438 0.02268089 0.01864950 0.03265779 0.04356449 0.01542820 0.01877520 0.02438919 0.08681308 0.05367399 0.00406053 0.02092800 0.03186649
39 0.11895307 0.02088001 0.01654611 0.01589321 0.02291651 0.01447061 0.01480691 0.03901032 0.00954899 0.16466109 0.17440810 0.01487441 0.04668303 0.02943902 0.01468561 0.06752164 0.05299803 0.00356735 0.01391091 0.14422508
40 0.11827491 0.04404917 0.04007397 0.04780086 0.02580038 0.03611947 0.04709476 0.08168524 0.02196828 0.03960147 0.05643016 0.04265497 0.02699908 0.03310877 0.03067888 0.15349988 0.07425854 0.00793038 0.02713338 0.04483746
41 0.23929484 0.03139798 0.02231898 0.03797927 0.04215287 0.01868809 0.02656228 0.12891891 0.01152229 0.03171998 0.03733487 0.02500798 0.01762749 0.01625229 0.02853388 0.16095989 0.07213775 0.00356788 0.01027629 0.03774617
42 0.22190498 0.03320400 0.02451510 0.03924650 0.03991210 0.02136850 0.03029380 0.12061699 0.01263730 0.03399430 0.04099660 0.02780270 0.01920560 0.01826580 0.02950070 0.15853698 0.07281079 0.00416001 0.01192410 0.03910320
43 0.17951697 0.02704579 0.02489040 0.03057259 0.05736069 0.01951230 0.01773780 0.05191939 0.01521070 0.07103919 0.07796179 0.02331570 0.04796249 0.03298649 0.01612170 0.13238997 0.08073088 0.00555019 0.02308610 0.06508889
44 0.08049066 0.03147278 0.02386249 0.02280709 0.01462139 0.02196959 0.02638089 0.03179238 0.01412149 0.13326194 0.16117592 0.03335788 0.04658518 0.02889499 0.01391789 0.06329997 0.08348026 0.00397988 0.01711339 0.14741393
45 0.05515610 0.01109060 0.01108710 0.00248499 0.00765170 0.00662737 0.00497850 0.01587400 0.00593026 0.23253002 0.25633002 0.00653569 0.05884770 0.03247300 0.00471195 0.01908320 0.03350770 0.00221666 0.01158640 0.22129702
46 0.08388008 0.02808219 0.07437108 0.18810996 0.01385300 0.04382039 0.12734597 0.06645959 0.02300329 0.01882640 0.03279449 0.04333339 0.01586670 0.01839950 0.02327399 0.08719808 0.05425489 0.00400772 0.02086790 0.03225139
47 0.05164438 0.24328492 0.05344108 0.00742037 0.01711349 0.06249198 0.03875379 0.01219990 0.04205849 0.01089860 0.03479329 0.24553792 0.01555010 0.00860866 0.01792599 0.04037809 0.04358649 0.00270019 0.01328990 0.03832239
48 0.09321742 0.03340891 0.03287331 0.03584231 0.02364390 0.03253671 0.03487031 0.03637111 0.01933240 0.06760811 0.08618132 0.02927181 0.07148061 0.03887761 0.01774800 0.15916903 0.09017642 0.00840152 0.02507190 0.06391731
49 0.06800174 0.09600026 0.04486703 0.02137141 0.04160523 0.04104553 0.03529402 0.04189733 0.02765882 0.04878203 0.11235607 0.12806208 0.02725822 0.02984282 0.02603602 0.06225374 0.05191453 0.00819019 0.02538462 0.06217834
50 0.06775519 0.11560098 0.05211399 0.02638080 0.01446930 0.05440269 0.05258829 0.03004440 0.03350369 0.01496260 0.04175209 0.19359997 0.01557930 0.01397760 0.03019810 0.06475299 0.11683198 0.00595246 0.01463730 0.04089629
51 0.11793410 0.04441784 0.03985844 0.04786334 0.02571902 0.03643753 0.04699004 0.08240777 0.02172002 0.04010964 0.05629495 0.04265184 0.02667882 0.03200183 0.03098263 0.15364014 0.07482317 0.00792583 0.02659272 0.04495034
52 0.05158789 0.24361694 0.05340009 0.00721822 0.01711230 0.06262698 0.03826279 0.01246220 0.04220609 0.01089450 0.03481199 0.24598294 0.01551400 0.00859155 0.01782470 0.04011579 0.04361269 0.00270399 0.01323300 0.03822139
53 0.06437957 0.01748572 0.01526352 0.00863560 0.01156281 0.01254081 0.01150701 0.02205903 0.00965384 0.20591823 0.22509526 0.01299381 0.05715367 0.03521654 0.00982408 0.03567814 0.04114705 0.00400457 0.01722452 0.18265621
54 0.09183197 0.03171429 0.02967269 0.03006759 0.02091609 0.02777609 0.03533679 0.04480759 0.02076349 0.08128678 0.13753996 0.03033989 0.04221709 0.04757019 0.01948329 0.12147996 0.06491638 0.00844090 0.03301369 0.08082528
55 0.06555787 0.17206592 0.04011458 0.02463639 0.01081120 0.07051217 0.09874196 0.02186719 0.03705098 0.01413199 0.03619098 0.18489592 0.01443369 0.01465929 0.04226928 0.05997057 0.04305298 0.00386564 0.01104110 0.03413028
56 0.06720261 0.03866331 0.09493522 0.13532403 0.00961488 0.04826631 0.15546303 0.05437551 0.02455991 0.01537130 0.03661631 0.06018081 0.01625840 0.01517290 0.02876211 0.09888372 0.05293601 0.00405050 0.01323270 0.03013041
57 0.07684182 0.03291431 0.05954451 0.03857241 0.02181100 0.02757811 0.03133241 0.03060021 0.01939470 0.12743803 0.12090902 0.03399741 0.04212531 0.02308880 0.02014200 0.08417842 0.09242402 0.00625980 0.01464210 0.09620562
58 0.23323996 0.03241939 0.02372620 0.06715179 0.03217229 0.01320160 0.03090909 0.23087196 0.00778214 0.01753610 0.02404130 0.01914980 0.00867008 0.01080360 0.02907409 0.12750098 0.04981929 0.00218616 0.00896371 0.03078049
59 0.05164475 0.02132102 0.01820222 0.01569052 0.02017822 0.02002952 0.01560842 0.01608942 0.02836883 0.10992411 0.11866712 0.01780132 0.04280504 0.11897512 0.00801233 0.05859136 0.06234576 0.02160322 0.14918015 0.08496158
60 0.06655951 0.01173010 0.01128530 0.00380854 0.01001490 0.00695121 0.00527918 0.01886150 0.00592763 0.22346503 0.24682703 0.00685453 0.05778911 0.03172500 0.00547283 0.02622880 0.03666631 0.00218044 0.01120000 0.21117303
61 0.06287151 0.02164970 0.01860360 0.01232590 0.01090100 0.01440130 0.01870250 0.02544481 0.01241770 0.17377804 0.22747105 0.01924310 0.05373501 0.04583621 0.01216950 0.03618971 0.04129821 0.00493569 0.02431441 0.16371103
62 0.05307838 0.01086880 0.01001080 0.00148374 0.00676312 0.00588240 0.00413696 0.01489219 0.00595119 0.22838491 0.26886789 0.00572528 0.06821737 0.03515859 0.00489095 0.02037929 0.03590119 0.00273536 0.01255769 0.20411392
63 0.05548116 0.01094669 0.01090109 0.00212352 0.00774999 0.00645528 0.00445917 0.01596309 0.00582612 0.23292382 0.25754980 0.00636221 0.05990005 0.03269597 0.00468550 0.01947808 0.03387367 0.00228147 0.01163949 0.21870383
64 0.08311288 0.02644049 0.07140878 0.20252895 0.00461468 0.05650399 0.21905295 0.03491529 0.01801010 0.01389530 0.02629849 0.04938369 0.01091710 0.01301490 0.03145639 0.05796229 0.03735919 0.00206097 0.01443110 0.02663249
65 0.11407500 0.04141200 0.05244270 0.03953810 0.05997850 0.03279730 0.02620390 0.04638660 0.05766920 0.03687280 0.04315820 0.03879770 0.02732660 0.02082860 0.02056920 0.16143900 0.11890100 0.00680761 0.02182370 0.03297230
66 0.09712173 0.11016403 0.03476471 0.02962431 0.01951631 0.04089601 0.04024891 0.05057502 0.03433361 0.02670871 0.05504702 0.08696273 0.01960001 0.07102592 0.02587811 0.06674072 0.04285401 0.01474940 0.08952193 0.04366681
67 0.13037205 0.07745173 0.04103662 0.03930402 0.01941211 0.04936352 0.06982883 0.06166013 0.02536991 0.02049731 0.03802552 0.11171105 0.01684501 0.01910681 0.04572122 0.12298905 0.05862362 0.00677999 0.01246211 0.03343941
68 0.06048943 0.02084911 0.08158333 0.23928510 0.00509656 0.05905952 0.20682309 0.03959442 0.02039961 0.02507951 0.02268021 0.04388592 0.01224241 0.00986784 0.01364931 0.05786262 0.03722042 0.00195158 0.01664981 0.02573021
69 0.05431749 0.01116850 0.01065500 0.00178778 0.00741420 0.00633559 0.00442663 0.01541450 0.00618745 0.22915097 0.26508597 0.00626427 0.06266789 0.03546780 0.00516211 0.01963410 0.03456380 0.00265249 0.01296450 0.20867897
70 0.07032993 0.02659441 0.07385363 0.15839706 0.00796833 0.04364332 0.16049407 0.03722112 0.02451511 0.01383791 0.06546693 0.04527382 0.02267081 0.01375551 0.02158251 0.07810673 0.08531783 0.00316026 0.01379341 0.03401731
71 0.05742481 0.01572130 0.01380430 0.00648525 0.00889204 0.01023100 0.01210970 0.01751480 0.00935688 0.19603203 0.24516903 0.01105700 0.07090541 0.04256951 0.00733618 0.03308790 0.04074331 0.00439471 0.01890180 0.17826302
72 0.05361394 0.00968973 0.01031131 0.00116034 0.00712105 0.00558333 0.00350382 0.01493721 0.00523663 0.23891816 0.26144818 0.00523891 0.05888344 0.03187442 0.00402204 0.01624531 0.03202522 0.00190359 0.01046821 0.22781515
73 0.12500107 0.05383283 0.04689312 0.09094335 0.01032121 0.05336353 0.15449108 0.04050372 0.02314961 0.01950901 0.04173102 0.06583923 0.01661401 0.02200381 0.05646133 0.07630494 0.04898803 0.00506408 0.01244571 0.03653932
74 0.09759351 0.04664726 0.03940496 0.04244336 0.02045668 0.03628457 0.04526576 0.04955065 0.02229198 0.06198164 0.08305622 0.05148145 0.03202517 0.02501148 0.03142467 0.10564890 0.12042789 0.00564704 0.01730648 0.06605034
75 0.07623669 0.11992798 0.03975969 0.05230009 0.00917418 0.06742669 0.14419897 0.03352529 0.03162739 0.01807610 0.03911029 0.10834598 0.01559700 0.01963750 0.05638549 0.07370179 0.04468919 0.00516690 0.01204550 0.03306729
76 0.09747023 0.07954202 0.04301081 0.06988352 0.00778961 0.06406602 0.15116604 0.02911341 0.02627521 0.01526250 0.03407971 0.11897403 0.01314690 0.01871591 0.06310922 0.07238482 0.04779501 0.00534942 0.01116980 0.03169581
77 0.17309298 0.04258149 0.02815420 0.04073559 0.02743750 0.02687340 0.04280339 0.09692549 0.01621910 0.05544469 0.07296919 0.04052359 0.02411460 0.02789510 0.03451670 0.10315299 0.05910839 0.00512363 0.01910230 0.06322569
78 0.06520080 0.01788640 0.01508730 0.00855659 0.01158310 0.01250500 0.01120520 0.02202990 0.00963202 0.20548400 0.22479700 0.01303760 0.05689780 0.03565340 0.00975011 0.03589450 0.04134440 0.00410348 0.01750340 0.18184800
79 0.06271659 0.02168310 0.01835210 0.01211290 0.01089780 0.01477250 0.01903810 0.02500830 0.01230800 0.17389897 0.22711797 0.01957720 0.05371749 0.04592999 0.01193410 0.03665719 0.04123099 0.00497925 0.02447750 0.16358998
80 0.15896102 0.03670840 0.03611880 0.04443101 0.02716810 0.01703380 0.02761150 0.24219703 0.01136020 0.02039450 0.03111000 0.03183680 0.01249460 0.01658700 0.03123290 0.15520202 0.05232951 0.00447557 0.01174760 0.03099960
81 0.09505698 0.03252729 0.02620469 0.02062640 0.04477819 0.02164440 0.01917260 0.04217179 0.02170710 0.08634338 0.13975097 0.03063239 0.03525059 0.07887888 0.01560720 0.07491419 0.04904129 0.01176150 0.06675589 0.08717428
82 0.06750909 0.01502650 0.01394120 0.00727114 0.01265830 0.01154690 0.00909354 0.02116740 0.00923289 0.19910296 0.22957196 0.01036870 0.06189199 0.03589589 0.00838845 0.04912579 0.04621049 0.00450257 0.01690930 0.17058497
83 0.10870389 0.03808296 0.03812336 0.04206306 0.02466318 0.03911016 0.03363787 0.04805185 0.01915768 0.03560947 0.04622676 0.03236837 0.03068997 0.01984228 0.02161318 0.18506382 0.18351782 0.00483927 0.01197769 0.03665736
84 0.17306807 0.04246452 0.02797741 0.04046372 0.02755261 0.02644321 0.04227942 0.09643134 0.01627791 0.05625832 0.07347283 0.04074332 0.02389301 0.02760781 0.03399041 0.10348604 0.05946712 0.00521112 0.01890301 0.06400882
85 0.05334416 0.00988677 0.00989778 0.00086994 0.00662415 0.00507188 0.00322594 0.01455339 0.00519205 0.23551382 0.27076780 0.00491252 0.06217605 0.03357938 0.00406785 0.01606969 0.03286438 0.00198724 0.01070539 0.21868984
86 0.13925896 0.03834839 0.02202579 0.02200609 0.01929729 0.03260389 0.04087359 0.05624208 0.01644649 0.09753497 0.08559017 0.03455299 0.03017639 0.01944149 0.11024096 0.08626797 0.06149108 0.00881679 0.00987763 0.06890698
87 0.07662308 0.04074579 0.08708568 0.06160948 0.01922619 0.02154549 0.04527549 0.25186493 0.01545550 0.01475190 0.02959839 0.05880668 0.01111660 0.02024849 0.02962679 0.13008796 0.04485819 0.00476457 0.01153980 0.02516899
88 0.17234211 0.04753673 0.02650912 0.03782132 0.01745081 0.03723152 0.07017664 0.08954276 0.01477811 0.02288491 0.03305632 0.05120223 0.01420721 0.01804881 0.14959109 0.09314616 0.05541473 0.00760540 0.00866988 0.03278412
89 0.09656036 0.04792508 0.03926048 0.04161268 0.01994559 0.03637828 0.04528138 0.04918278 0.02259989 0.06213137 0.08388736 0.05221668 0.03201629 0.02500669 0.03114199 0.10525095 0.12053795 0.00559954 0.01738069 0.06608397
90 0.06292401 0.02135300 0.01839440 0.01221930 0.01072600 0.01462610 0.01889490 0.02514560 0.01230640 0.17409402 0.22718602 0.01930320 0.05384281 0.04589861 0.01189350 0.03690170 0.04129080 0.00494009 0.02430750 0.16375202
91 0.08320489 0.05254070 0.04623430 0.07294069 0.01137230 0.05486440 0.13591399 0.04670280 0.02437710 0.01966420 0.04268150 0.06019259 0.02219570 0.02062600 0.04684490 0.14431299 0.06211029 0.00625529 0.01354700 0.03341840
92 0.23923614 0.02863392 0.02224061 0.03401372 0.06212964 0.01528401 0.01493871 0.11035306 0.01166311 0.04227752 0.04557273 0.02309411 0.01881021 0.02034461 0.02108131 0.14882009 0.07603354 0.00389952 0.01658011 0.04499333
93 0.06774976 0.02746042 0.02001272 0.01564721 0.01150091 0.01682211 0.02093872 0.02859282 0.01203571 0.17201414 0.19999816 0.02627462 0.04945584 0.03615473 0.01102201 0.03818673 0.04122033 0.00394408 0.02011382 0.18085515
94 0.06993594 0.10772806 0.04703193 0.05503313 0.00942090 0.06368494 0.12604107 0.03415162 0.03009962 0.01430991 0.03573112 0.16185209 0.01433031 0.01668331 0.04862163 0.06559534 0.04909043 0.00479296 0.01203921 0.03382652
95 0.04937483 0.01790461 0.01321991 0.01044921 0.02173191 0.01489791 0.01219361 0.01101251 0.02811772 0.06486724 0.15799809 0.01055371 0.03714372 0.21822512 0.00497124 0.04040032 0.02372431 0.02415341 0.17025410 0.06880654
96 0.13690702 0.03398410 0.03767550 0.04597841 0.02709420 0.02272150 0.03549090 0.17309102 0.01851640 0.03266680 0.05051431 0.03886920 0.01836250 0.01576140 0.03980380 0.11527101 0.10086701 0.00428699 0.01081830 0.04131960
97 0.20458708 0.03263561 0.02632861 0.03983552 0.03835291 0.02312661 0.03144361 0.10990104 0.01383251 0.03490171 0.04290872 0.02769881 0.02132581 0.02037131 0.02891001 0.17049206 0.07579883 0.00470292 0.01335361 0.03949272
98 0.06874179 0.03786339 0.08083418 0.18425496 0.00976168 0.04835639 0.14034197 0.05571259 0.02222040 0.01524680 0.02834409 0.08010668 0.01286580 0.01532450 0.03036459 0.07193149 0.04951219 0.00421442 0.01572840 0.02827369
99 0.06079695 0.02372912 0.10991609 0.22304219 0.00996585 0.04439604 0.14140312 0.05491835 0.02644702 0.01558591 0.02855272 0.04668594 0.01370521 0.01072801 0.01507461 0.07726516 0.05033864 0.00267043 0.01621771 0.02856092
100 0.06321890 0.02139770 0.01851360 0.01254970 0.01085040 0.01472700 0.01894270 0.02574820 0.01256530 0.17291701 0.22619501 0.01940960 0.05342950 0.04612670 0.01183160 0.03694560 0.04144350 0.00510047 0.02504750 0.16304000
101 0.11823608 0.04412283 0.04019283 0.04775923 0.02572632 0.03593443 0.04663823 0.08191926 0.02187602 0.03979913 0.05656544 0.04274343 0.02679312 0.03200312 0.03075302 0.15417911 0.07527085 0.00805791 0.02654572 0.04488393
102 0.09121913 0.02045018 0.01639929 0.01336309 0.01332279 0.01299599 0.01675599 0.03035528 0.00902046 0.17518687 0.19967085 0.01891679 0.04874226 0.03146668 0.01114839 0.04022607 0.04219967 0.00284878 0.01378359 0.19192786
103 0.12026390 0.03571967 0.05429126 0.11856590 0.01832968 0.02414968 0.06715404 0.22455182 0.01682399 0.01366439 0.02648848 0.03707997 0.00966366 0.01388229 0.02941858 0.10326992 0.04282386 0.00306475 0.01300629 0.02778788
104 0.05958816 0.02933428 0.02185078 0.02088019 0.02065909 0.02500158 0.02680018 0.02823698 0.02970208 0.05323136 0.11104992 0.02514778 0.03295418 0.17917987 0.01679269 0.05485786 0.03160428 0.02344838 0.14786190 0.06181846
105 0.13929303 0.02824281 0.02174030 0.02688930 0.02447810 0.01860420 0.02567710 0.04908491 0.01242430 0.10419602 0.12532302 0.03051601 0.03897471 0.02376990 0.01717190 0.08698292 0.08358052 0.00326692 0.01375900 0.12602502
106 0.05518398 0.01095870 0.01092710 0.00208976 0.00766016 0.00652733 0.00451647 0.01592149 0.00586896 0.23308092 0.25757691 0.00641586 0.05969428 0.03276289 0.00463526 0.01929299 0.03380799 0.00221954 0.01184650 0.21901293
107 0.09980105 0.08996784 0.04101782 0.03437562 0.01660011 0.04831142 0.05546993 0.03145251 0.03018971 0.02314151 0.04428472 0.14141507 0.01745771 0.02431201 0.03014921 0.07113983 0.09542784 0.00714583 0.04622812 0.05211212
108 0.05346101 0.01092150 0.00991479 0.00133613 0.00691874 0.00567856 0.00416388 0.01440420 0.00610059 0.22597203 0.26747904 0.00534931 0.06555931 0.04095271 0.00436582 0.01889460 0.03398491 0.00285973 0.01548810 0.20619503
109 0.09556817 0.02890919 0.03252309 0.03670529 0.01983499 0.02195039 0.03403759 0.10312497 0.01663110 0.09420377 0.11653997 0.02899919 0.06157198 0.02722919 0.02312609 0.08902498 0.05797738 0.00567828 0.01441860 0.09194577
110 0.05191530 0.24314202 0.05377990 0.00731457 0.01714570 0.06252451 0.03808940 0.01213080 0.04226990 0.01094830 0.03459790 0.24553402 0.01550090 0.00869318 0.01810990 0.04017970 0.04372230 0.00279087 0.01334190 0.03826890
111 0.07728706 0.05335688 0.05452097 0.10831295 0.00834544 0.05889417 0.17461392 0.04185698 0.02568409 0.02039499 0.04338278 0.06905117 0.01743089 0.02040619 0.05014498 0.07267477 0.04841708 0.00466052 0.01528749 0.03527668
112 0.17211493 0.02923139 0.02704429 0.03562838 0.03476199 0.01472419 0.01815589 0.19491192 0.00956116 0.05955697 0.04985888 0.02236609 0.02013409 0.01551229 0.02659379 0.14639294 0.06184887 0.00459297 0.01038610 0.04662288
113 0.03576540 0.01670780 0.01389170 0.01045190 0.02652140 0.01960640 0.00416211 0.00466798 0.04997060 0.02467210 0.08460290 0.00707706 0.02490360 0.25296000 0.00248654 0.04170300 0.01221830 0.04725550 0.28666900 0.03370670
114 0.23075623 0.03546214 0.01716712 0.03452853 0.02808073 0.00866159 0.01459361 0.29903730 0.00597782 0.01916582 0.02863703 0.01913492 0.00795419 0.01093501 0.03048613 0.12285512 0.04303004 0.00252332 0.00886523 0.03214813
115 0.11767495 0.04441488 0.04027358 0.04713858 0.02557949 0.03624779 0.04754008 0.08166367 0.02177699 0.03933578 0.05647438 0.04266518 0.02714979 0.03220629 0.03111469 0.15427294 0.07476477 0.00821789 0.02658489 0.04490338
116 0.04770418 0.02690049 0.02166239 0.02413759 0.02345379 0.02431439 0.02047589 0.02080079 0.03927228 0.04225358 0.09220816 0.02193879 0.02728009 0.18330692 0.00986262 0.05105088 0.02592249 0.03362139 0.21255691 0.05127638
117 0.07551302 0.16237404 0.04417691 0.02408971 0.01661200 0.05477011 0.05274161 0.04955071 0.03456481 0.03048931 0.05167081 0.13557704 0.02004951 0.02323201 0.03303441 0.06885212 0.05008361 0.00636453 0.01983301 0.04642071
118 0.03915204 0.01538091 0.01092641 0.00991003 0.02677433 0.01588251 0.00426013 0.00508616 0.03860484 0.03446323 0.11444211 0.00674188 0.02690983 0.25935824 0.00229488 0.03821204 0.01449941 0.03648403 0.25716324 0.04345374
119 0.09118513 0.02986231 0.02903701 0.02892021 0.01908051 0.02557041 0.03532831 0.04502211 0.01851551 0.09745533 0.15671405 0.02989311 0.04299081 0.03886411 0.01857041 0.10352403 0.06318862 0.00669809 0.02401701 0.09556293
120 0.09728513 0.01369250 0.01250890 0.00936817 0.01712541 0.00801990 0.00712611 0.04572911 0.00678752 0.18894906 0.21622107 0.00834523 0.05234112 0.02897281 0.00963230 0.04894172 0.04452061 0.00255435 0.01051490 0.17136405
121 0.05378741 0.01030350 0.01033920 0.00137160 0.00687351 0.00546721 0.00408002 0.01473830 0.00549914 0.23217004 0.26835205 0.00547140 0.06104231 0.03440391 0.00420787 0.01673180 0.03295601 0.00208566 0.01137200 0.21874704
122 0.05969101 0.18040504 0.04549821 0.01366940 0.01257590 0.09885712 0.05824171 0.01470560 0.07383742 0.02108460 0.03723491 0.15986003 0.01452300 0.01286510 0.03229181 0.06116851 0.04936381 0.00552769 0.01495280 0.03364631
123 0.09735481 0.03408690 0.03397350 0.03645920 0.02416530 0.03147290 0.03552590 0.03558610 0.01939770 0.07182210 0.08502071 0.02942900 0.07599420 0.03365170 0.01790760 0.15168701 0.09066151 0.00766164 0.02170840 0.06643380
124 0.07821878 0.04503909 0.04995919 0.08387588 0.00907080 0.05179009 0.15534997 0.03508899 0.02547119 0.01769240 0.04427439 0.05975499 0.02210300 0.01804500 0.04131209 0.11402597 0.09722608 0.00509792 0.01283110 0.03377309
125 0.06233402 0.04387351 0.08793743 0.04571661 0.01537470 0.01587000 0.04371341 0.33611410 0.01215370 0.01143840 0.02950251 0.07012582 0.00846498 0.02268301 0.02965141 0.09491093 0.03401651 0.00400312 0.00924860 0.02286721
126 0.12393296 0.03538139 0.03414709 0.03443799 0.02112529 0.02566749 0.03928189 0.16757195 0.01712039 0.02041969 0.04024479 0.04416029 0.01295710 0.01391890 0.14973496 0.09223637 0.08768967 0.00626847 0.00846483 0.02523849
127 0.06465197 0.01761759 0.01523399 0.00883308 0.01174170 0.01275029 0.01153860 0.02193629 0.00984967 0.20541792 0.22436891 0.01316709 0.05705688 0.03538919 0.00988186 0.03605839 0.04159728 0.00415120 0.01743319 0.18132493
128 0.06707116 0.02724758 0.02011219 0.01607019 0.01124199 0.01708849 0.02154789 0.02801508 0.01237059 0.17175290 0.19993489 0.02603999 0.04960337 0.03669578 0.01115029 0.03813678 0.04113328 0.00404156 0.02046409 0.18028190
129 0.07071429 0.08052249 0.04553650 0.05581620 0.01358560 0.09642089 0.08685899 0.03307990 0.03529940 0.03274240 0.05075600 0.08639989 0.02088950 0.02940170 0.04429080 0.08265219 0.05778540 0.00819268 0.02654320 0.04251200
130 0.07242851 0.05237621 0.04381121 0.04510871 0.01763450 0.08701632 0.05548811 0.02820741 0.02546490 0.04270941 0.05483541 0.04907491 0.06251321 0.03103051 0.02645931 0.14993603 0.08594062 0.00871531 0.02026550 0.04098391
131 0.08424284 0.02786911 0.07393993 0.18738108 0.01352301 0.04394932 0.12844306 0.06695653 0.02280161 0.01857061 0.03256811 0.04352882 0.01567891 0.01855641 0.02463811 0.08659954 0.05380042 0.00410367 0.02104841 0.03180051
132 0.09606748 0.04927749 0.02742750 0.02917879 0.01383030 0.03847609 0.05477129 0.05238189 0.01862060 0.07587439 0.09998398 0.05519119 0.02980879 0.02677140 0.09318138 0.06307469 0.04728939 0.00708548 0.01431990 0.10738798
133 0.07527409 0.16312598 0.04369650 0.02373080 0.01637860 0.05499349 0.05311399 0.04957970 0.03448640 0.03089080 0.05160749 0.13571299 0.02033270 0.02300010 0.03299080 0.06861999 0.05011719 0.00632040 0.01965690 0.04637110
134 0.06321098 0.02170819 0.01843979 0.01238940 0.01094080 0.01477920 0.01877129 0.02526099 0.01268750 0.17291195 0.22600793 0.01968389 0.05351778 0.04574779 0.01231880 0.03746609 0.04164369 0.00495309 0.02462689 0.16293395
135 0.14164200 0.03972880 0.03832940 0.04133430 0.02108020 0.01532430 0.03129400 0.28725399 0.01088580 0.02724280 0.04308070 0.03879050 0.01224330 0.01798620 0.03392340 0.10458600 0.04191550 0.00374793 0.01105250 0.03855840
136 0.11585790 0.03811477 0.03822857 0.04338516 0.02620708 0.03813007 0.03548357 0.05294506 0.01967978 0.03755427 0.04871286 0.03430837 0.03041227 0.01991758 0.02352818 0.17921285 0.16173387 0.00504593 0.01277989 0.03876197
137 0.06377127 0.02252459 0.08092216 0.23202889 0.00455675 0.05479617 0.20539690 0.04275428 0.02107479 0.01451619 0.02478029 0.04679348 0.01168369 0.01036870 0.01990879 0.06038717 0.03983918 0.00173802 0.01600619 0.02615249
138 0.05741578 0.09491526 0.04415578 0.03761558 0.01925559 0.04684168 0.05106498 0.03161149 0.03467259 0.02553129 0.05327998 0.12823795 0.01951489 0.06592807 0.02738149 0.06052928 0.04629338 0.01503609 0.09541516 0.04530368
139 0.12033395 0.03631308 0.03815088 0.04382958 0.02831589 0.03652098 0.03457329 0.05524128 0.01925399 0.03827118 0.04835068 0.03200519 0.03155879 0.02055179 0.02223449 0.19079392 0.14623494 0.00514813 0.01333749 0.03898048
140 0.05434497 0.21644187 0.04781837 0.00920970 0.01604489 0.06318366 0.04470497 0.01558759 0.04088408 0.01399589 0.04924627 0.23177186 0.01663349 0.01083059 0.02324429 0.04415307 0.04550347 0.00309828 0.01367749 0.03962518
141 0.06102959 0.03741600 0.04459249 0.09859759 0.01079160 0.06174699 0.16069098 0.02896850 0.02507650 0.06114429 0.05578989 0.04557969 0.02293080 0.03736690 0.02588580 0.06242989 0.04452389 0.00800973 0.05656869 0.05086019
142 0.05615691 0.01893380 0.01449470 0.00651171 0.00935502 0.02233270 0.01376470 0.01730480 0.00981890 0.21168004 0.22253704 0.01532240 0.05390691 0.03052061 0.00703662 0.02719721 0.03628751 0.00286265 0.01359270 0.21038304
143 0.07038765 0.03854277 0.07766014 0.13771590 0.01281489 0.03347858 0.09905373 0.16165789 0.01990519 0.01284549 0.02684988 0.08035954 0.01028269 0.01651089 0.03384218 0.08232154 0.04374067 0.00435581 0.01271659 0.02495798
144 0.11806201 0.04433960 0.03986290 0.04765260 0.02573420 0.03624850 0.04783180 0.08157161 0.02157340 0.03988970 0.05605190 0.04283470 0.02697800 0.03223600 0.03106020 0.15402301 0.07467391 0.00794963 0.02657170 0.04485460
145 0.07725598 0.05312066 0.05484606 0.10798811 0.00847848 0.05834096 0.17348418 0.04281704 0.02546633 0.02047662 0.04329605 0.06886687 0.01774712 0.02078202 0.05015475 0.07291498 0.04841145 0.00477799 0.01525622 0.03551814
146 0.11277396 0.07211078 0.03835609 0.05139898 0.01535340 0.09025587 0.08756097 0.03605819 0.02932759 0.03182019 0.04726978 0.07988977 0.01956189 0.02736219 0.05036028 0.08748397 0.05536758 0.00730472 0.01950429 0.04087949
147 0.06521060 0.13690900 0.04514710 0.03252460 0.01193980 0.09441550 0.07785810 0.02224970 0.03827390 0.01883690 0.03925580 0.17228699 0.01547820 0.01586180 0.04339220 0.06390060 0.05081040 0.00557003 0.01413480 0.03594400
148 0.10032396 0.03852679 0.03440419 0.02752229 0.01380249 0.03649859 0.05488008 0.04640018 0.02223389 0.03762769 0.05544958 0.04569958 0.04289068 0.01710389 0.20148792 0.07558927 0.09869466 0.01000360 0.00940358 0.03145709
149 0.07053341 0.08058001 0.04543161 0.05462841 0.01378250 0.09683072 0.08573911 0.03366661 0.03536231 0.03289321 0.05085391 0.08640141 0.02123520 0.02950951 0.04422091 0.08290431 0.05835641 0.00829983 0.02629910 0.04247151
150 0.05972391 0.02974660 0.02162740 0.02080990 0.02061700 0.02491630 0.02621580 0.02874140 0.02951140 0.05318101 0.11077901 0.02514550 0.03279490 0.17965302 0.01679390 0.05488691 0.03113390 0.02350430 0.14850601 0.06171181
151 0.17344308 0.04294422 0.02756011 0.03963712 0.02756641 0.02650001 0.04168542 0.09570654 0.01650591 0.05650083 0.07385603 0.04080852 0.02431141 0.02792351 0.03363702 0.10349205 0.05957283 0.00498565 0.01894421 0.06441913
152 0.03998659 0.01712680 0.01308970 0.01188380 0.02588950 0.01738860 0.00677905 0.00757683 0.03932729 0.04095849 0.11403098 0.00946918 0.02792429 0.23259996 0.00354323 0.04018909 0.01734520 0.03620189 0.24948695 0.04920259
153 0.06721929 0.02678049 0.07478389 0.20011596 0.00601785 0.05282029 0.18873896 0.04449199 0.02088400 0.01416810 0.02869339 0.04864429 0.01434870 0.01153960 0.02681409 0.08335738 0.04517039 0.00255804 0.01504800 0.02780529
154 0.14845306 0.02778971 0.05508952 0.14738006 0.02244831 0.03517541 0.10144604 0.08418053 0.01614411 0.02048221 0.03237651 0.03528641 0.01525331 0.01797871 0.02800661 0.10207804 0.05764972 0.00313440 0.01481211 0.03483521
155 0.14163704 0.03918371 0.03853711 0.04178201 0.02113111 0.01531240 0.03118571 0.28719109 0.01079310 0.02713661 0.04319551 0.03874941 0.01234400 0.01781011 0.03439911 0.10455103 0.04189911 0.00367150 0.01107320 0.03841711
156 0.03637041 0.01536900 0.01154360 0.01015730 0.02689131 0.01801230 0.00355310 0.00412048 0.04405771 0.02472671 0.09185802 0.00622827 0.02477931 0.26539206 0.00194442 0.03933541 0.01199790 0.04233961 0.28554707 0.03577601
157 0.14613400 0.07594000 0.04359020 0.09909660 0.01806010 0.03770760 0.08293230 0.10070600 0.01852460 0.01866790 0.03007480 0.05287490 0.01357030 0.02156870 0.04224620 0.09542510 0.05073810 0.00473787 0.01447150 0.03293320
158 0.06296372 0.02160451 0.01876960 0.01264310 0.01093240 0.01457040 0.01882070 0.02510611 0.01255950 0.17305704 0.22664205 0.01931110 0.05362791 0.04625011 0.01191560 0.03685561 0.04136411 0.00505266 0.02488071 0.16307304
159 0.05406554 0.01556461 0.01302401 0.00645873 0.01396071 0.01063231 0.01159071 0.01424661 0.01576021 0.14181410 0.22625916 0.00961949 0.05130384 0.12458209 0.00569568 0.03160292 0.03099172 0.01156361 0.07748486 0.13377909
160 0.05548006 0.01219321 0.01155431 0.00309869 0.00757693 0.00680419 0.00643903 0.01615932 0.00658371 0.22232825 0.26209130 0.00782720 0.06047167 0.03584044 0.00507693 0.01996152 0.03457204 0.00253745 0.01354352 0.20986024
161 0.07531140 0.16251299 0.04401080 0.02363880 0.01655050 0.05459320 0.05271130 0.04919640 0.03455800 0.03039050 0.05152910 0.13570299 0.02039600 0.02338260 0.03291690 0.06915100 0.05063340 0.00641696 0.02015730 0.04623990
162 0.05362628 0.00991598 0.01001840 0.00096962 0.00678336 0.00525577 0.00335310 0.01467069 0.00529521 0.23540489 0.26847688 0.00502914 0.06159037 0.03351438 0.00413724 0.01645619 0.03284158 0.00203004 0.01095799 0.21967290
163 0.06312115 0.02183708 0.01882759 0.01262589 0.01080979 0.01466889 0.01891719 0.02554038 0.01265439 0.17263087 0.22634283 0.01976229 0.05356936 0.04583697 0.01220569 0.03679447 0.04141257 0.00505763 0.02464508 0.16273988
164 0.05207655 0.01063519 0.00980676 0.00165480 0.00782737 0.00603220 0.00380590 0.01421959 0.00730980 0.22136578 0.25922174 0.00560678 0.06289664 0.04632655 0.00420708 0.01948728 0.03418357 0.00412915 0.02686747 0.20233980
165 0.05521925 0.01217031 0.01152411 0.00290560 0.00763237 0.00707699 0.00612915 0.01610991 0.00648579 0.22516219 0.25831421 0.00800219 0.05871005 0.03453833 0.00500258 0.01901072 0.03360423 0.00231925 0.01282161 0.21726118
166 0.03646569 0.01604350 0.01224180 0.01042710 0.02650059 0.01853399 0.00403644 0.00487862 0.04506969 0.02618239 0.08952638 0.00682399 0.02501329 0.25725193 0.00235482 0.04014429 0.01242790 0.04382339 0.28564292 0.03661129
167 0.09749394 0.01833341 0.01517231 0.01143670 0.01861561 0.01262900 0.01113480 0.03172891 0.00879440 0.18740007 0.19803007 0.01261790 0.05142802 0.02969691 0.01187020 0.05502982 0.04898462 0.00332933 0.01302790 0.16324606
168 0.07555361 0.16336502 0.04353741 0.02350510 0.01670660 0.05436381 0.05218891 0.04929641 0.03460100 0.03124780 0.05169021 0.13513102 0.02013410 0.02318870 0.03298700 0.06886941 0.05042631 0.00641646 0.01985990 0.04693121
169 0.03945512 0.01562321 0.01100690 0.01008870 0.02690661 0.01587891 0.00472062 0.00516048 0.03815662 0.03359731 0.11514105 0.00702936 0.02682031 0.26166711 0.00237453 0.03824772 0.01466301 0.03579371 0.25492610 0.04274262
170 0.10185296 0.04692458 0.03559879 0.03253299 0.01422319 0.04151518 0.06719487 0.06431158 0.02287409 0.02467509 0.04338718 0.05886348 0.01676319 0.01602039 0.20133092 0.07683257 0.09160637 0.00885216 0.00925912 0.02538129
171 0.06004523 0.02972161 0.02198351 0.02114581 0.02078461 0.02477661 0.02670471 0.02935601 0.02919731 0.05316143 0.11049206 0.02541741 0.03241732 0.17863209 0.01667411 0.05549463 0.03147852 0.02334231 0.14714207 0.06203263
172 0.06343986 0.18157990 0.04209618 0.01900149 0.01330599 0.09143085 0.06476496 0.02002809 0.04304808 0.02022429 0.03661338 0.15743891 0.01611099 0.01599669 0.03735738 0.06791676 0.05360987 0.00549117 0.01434949 0.03619568
173 0.10567290 0.05009985 0.03165867 0.03454247 0.01482579 0.04711026 0.07267923 0.07368463 0.01743458 0.01993098 0.03053647 0.05246895 0.01329179 0.01914528 0.19531181 0.12849888 0.05083245 0.01066419 0.00976154 0.02184928
174 0.06105908 0.02005049 0.01721899 0.01033720 0.01260080 0.01459289 0.01825959 0.01858399 0.01533849 0.13586295 0.20963992 0.01534079 0.05200338 0.09674137 0.00936067 0.04461818 0.05756908 0.00858529 0.05222188 0.13001495
175 0.05363259 0.00971524 0.01031190 0.00112975 0.00711631 0.00560737 0.00348181 0.01495920 0.00527326 0.23880097 0.26139097 0.00527681 0.05894569 0.03183810 0.00402876 0.01633090 0.03212360 0.00189392 0.01046890 0.22767397
176 0.07129045 0.06432094 0.04576023 0.09756506 0.00708187 0.10139806 0.17125111 0.02942202 0.02809172 0.02222851 0.03505932 0.07629875 0.01487091 0.01870651 0.04934743 0.07276305 0.04366063 0.00492959 0.01529251 0.03066132
177 0.10049299 0.05558109 0.03399270 0.03660720 0.01347640 0.04852869 0.08031999 0.07009899 0.02131310 0.02413800 0.04301629 0.06585159 0.01465280 0.01976870 0.18674398 0.08052119 0.05557839 0.00891503 0.01143100 0.02897190
178 0.05609187 0.02843089 0.01767489 0.00657652 0.00940109 0.01710759 0.01346089 0.01805669 0.01118809 0.20589990 0.21622090 0.03308898 0.05407507 0.02931119 0.00865535 0.02767149 0.03740748 0.00365972 0.01358949 0.19243191
179 0.05808632 0.01032260 0.01049410 0.00182937 0.00802201 0.00588514 0.00402656 0.01580291 0.00540318 0.23433309 0.25817910 0.00549381 0.05911362 0.03196441 0.00447688 0.01924781 0.03379041 0.00202048 0.01061010 0.22089808
