1 0.28650595 0.01197460 0.01477870 0.02794149 0.06941329 0.01272360 0.01414360 0.07288309 0.01313730 0.02589240 0.03771549 0.01450770 0.02661640 0.02447620 0.02482760 0.19287597 0.07492569 0.00257525 0.00950793 0.04257779
2 0.24137303 0.02302430 0.01888750 0.02654550 0.02222880 0.01445550 0.02544640 0.30728804 0.00896000 0.01460050 0.02507770 0.01870540 0.00911926 0.01387520 0.03499220 0.10676301 0.03056080 0.00297420 0.01362570 0.04149691
3 0.21714100 0.02142800 0.02628180 0.03443560 0.03225570 0.02089780 0.03021120 0.07459930 0.01713530 0.02904370 0.05107280 0.02408750 0.03115040 0.04053090 0.02774770 0.19169900 0.06862720 0.00445669 0.01634460 0.04085380
4 0.06754908 0.02651909 0.02130169 0.01477290 0.01310580 0.01754059 0.02137079 0.03150739 0.01289750 0.17504795 0.18437594 0.02636369 0.04119409 0.03495259 0.01095850 0.03766179 0.03817409 0.00540921 0.01953939 0.19975794
5 0.06568922 0.01281400 0.00676380 0.00319387 0.00981301 0.00828138 0.00563208 0.01404090 0.00557383 0.21858306 0.26887908 0.00733103 0.06203032 0.03238091 0.00376949 0.02571681 0.03560851 0.00466672 0.01152790 0.19770406
6 0.06724222 0.06032831 0.04215651 0.02582121 0.01650210 0.08385692 0.04096641 0.02325101 0.02634071 0.05416411 0.07965782 0.06163081 0.02735531 0.02923671 0.01775350 0.08790572 0.13358103 0.00529206 0.02233861 0.09461892
7 0.11712995 0.03635358 0.03732608 0.04439588 0.02381939 0.03511308 0.04385588 0.06007957 0.02385839 0.04080548 0.06353417 0.03813258 0.03380339 0.04217158 0.03185839 0.16914693 0.07401747 0.00806794 0.03160909 0.04492118
8 0.06666220 0.14154800 0.04413440 0.03864820 0.01638330 0.05484530 0.06860250 0.03879830 0.02682960 0.02921770 0.05382010 0.18514399 0.01814130 0.02028270 0.02692370 0.05666380 0.04812690 0.00501123 0.01713830 0.04307850
9 0.07395969 0.03947779 0.05199839 0.09507118 0.01011730 0.04426239 0.17700597 0.19129497 0.02735730 0.01710310 0.02747110 0.05095679 0.01788400 0.01630220 0.02611060 0.06155469 0.02824940 0.00347597 0.01129710 0.02905010
10 0.10965891 0.03231797 0.03490587 0.03609317 0.02193818 0.03692567 0.03119438 0.02965368 0.02051958 0.03833417 0.06063935 0.02640568 0.03647097 0.03424047 0.01618019 0.19883584 0.17349586 0.00451209 0.01873649 0.03894147
11 0.07008813 0.13075905 0.04153802 0.04235542 0.01653981 0.05165422 0.05452532 0.04344832 0.02854961 0.02355181 0.04884632 0.08154733 0.02041041 0.02883521 0.02592531 0.15181406 0.07433473 0.00838122 0.02413801 0.03275771
12 0.05303863 0.01182601 0.00715667 0.00234076 0.00883320 0.00866963 0.00508765 0.01385271 0.00573322 0.23252914 0.26666516 0.00720510 0.06349024 0.03058022 0.00362795 0.02275821 0.03329422 0.00490834 0.01260181 0.20580112
13 0.07271963 0.03076781 0.11031505 0.07487193 0.01751271 0.02836991 0.05640422 0.13706806 0.02139081 0.02346401 0.05288892 0.04069192 0.01551351 0.02402541 0.05364082 0.07886773 0.10334605 0.00469126 0.01530641 0.03814382
14 0.05422439 0.01206320 0.00663819 0.00232817 0.00847822 0.00799943 0.00489331 0.01370670 0.00546943 0.22710594 0.27579093 0.00683192 0.06304928 0.03151069 0.00376369 0.02097439 0.03276789 0.00474890 0.01149240 0.20616295
15 0.05718286 0.01701659 0.01886319 0.01385089 0.02101269 0.02028909 0.01850599 0.02096139 0.01752219 0.13180591 0.11634892 0.01739419 0.11154192 0.06749665 0.01320489 0.09386973 0.05922696 0.01379319 0.10052793 0.06958485
16 0.05210643 0.02389001 0.02275881 0.01319041 0.01796331 0.01670921 0.01486431 0.01981901 0.02203131 0.09229606 0.19407412 0.01771351 0.03644962 0.11978307 0.00959329 0.04563053 0.04044233 0.02131551 0.13247408 0.08689505
17 0.09927216 0.02980189 0.03736738 0.04378088 0.01758159 0.04371888 0.05108338 0.06365227 0.02308749 0.02877159 0.04787938 0.04542868 0.01465529 0.01662199 0.25179089 0.07896187 0.05333508 0.00866152 0.01487829 0.02966949
18 0.07725971 0.02869621 0.02116450 0.01879660 0.01668440 0.02295030 0.02846581 0.03023611 0.01448330 0.13468203 0.15978803 0.02900681 0.09213652 0.03713631 0.01505080 0.08167872 0.05582471 0.00693591 0.02275220 0.10627102
19 0.20381894 0.02565799 0.04099299 0.10232497 0.02295429 0.02084689 0.05298768 0.04403519 0.01633289 0.02553229 0.04843418 0.02949539 0.02323329 0.08417747 0.02169069 0.11502896 0.05868408 0.00448151 0.02011399 0.03917629
20 0.07611053 0.05519422 0.05692653 0.10988705 0.01181631 0.05430422 0.18421508 0.05318232 0.02036871 0.02474351 0.04228842 0.06931883 0.01739801 0.02083031 0.03366992 0.06780223 0.04480802 0.00471565 0.01666181 0.03575832
21 0.08456162 0.02999291 0.07729492 0.16935605 0.01594540 0.03149141 0.09284573 0.04437101 0.01942151 0.02012071 0.04076281 0.03830581 0.01617840 0.01848411 0.02840931 0.09811683 0.12305303 0.00433682 0.01461520 0.03233641
22 0.08177492 0.03506661 0.07249382 0.19595105 0.01408480 0.04066901 0.12807903 0.05763211 0.02257501 0.02090341 0.03133411 0.04940701 0.01308940 0.01901590 0.03269161 0.08244982 0.05043191 0.00411585 0.01882840 0.02940621
23 0.06104247 0.19451592 0.07860017 0.03885768 0.01629559 0.05062638 0.05256068 0.03667568 0.03298259 0.02586799 0.04666388 0.14488594 0.01443599 0.02022859 0.01646699 0.05572958 0.05038988 0.00382451 0.01971839 0.03963108
24 0.04015637 0.02715468 0.04584526 0.02057828 0.02122208 0.02839208 0.01473459 0.01599779 0.07089344 0.02866268 0.06692225 0.02223278 0.01134239 0.15277388 0.01161159 0.05729385 0.02232388 0.03929257 0.26313479 0.03943477
25 0.24264909 0.02260321 0.01884281 0.02682441 0.02257801 0.01432841 0.02511041 0.30554112 0.00897237 0.01487911 0.02519911 0.01844121 0.00929273 0.01392271 0.03509111 0.10740904 0.03089611 0.00292971 0.01344521 0.04104412
26 0.07529359 0.06298179 0.04101860 0.03269200 0.01611380 0.03691240 0.04734480 0.04899860 0.02239010 0.02605210 0.05781839 0.13213199 0.01993280 0.10224499 0.02302730 0.11453299 0.04707670 0.01110940 0.04381740 0.03851030
27 0.06513007 0.12909094 0.04063978 0.07116877 0.01198239 0.05886207 0.14283294 0.03372729 0.02076289 0.01822089 0.03810548 0.16650193 0.01647919 0.01414889 0.02691529 0.06023427 0.03986058 0.00329574 0.01092580 0.03111479
28 0.18700007 0.03676111 0.03090311 0.03953222 0.02473871 0.02590261 0.04269152 0.08509673 0.01690241 0.05000312 0.07569763 0.03899252 0.02571551 0.03658351 0.03300671 0.10325304 0.05685722 0.00494571 0.02091291 0.06450363
29 0.06471910 0.02642900 0.01865460 0.01184850 0.01239850 0.01854550 0.01896640 0.02557150 0.01214900 0.15621200 0.23562500 0.02465150 0.05055300 0.04434130 0.01340820 0.04101660 0.04524270 0.00663650 0.02257410 0.15045700
30 0.06465822 0.02289797 0.01998028 0.01236739 0.01627318 0.01733098 0.01824128 0.01789678 0.01546878 0.13827484 0.16045181 0.02012138 0.03582026 0.14074184 0.00933715 0.04043165 0.03771626 0.01215519 0.07730591 0.12252886
31 0.08446302 0.02784321 0.04315201 0.13356803 0.01249130 0.04295721 0.10330802 0.04783041 0.01749160 0.02007480 0.02912531 0.05496661 0.00939737 0.01461000 0.19899304 0.07262742 0.04684871 0.00627221 0.01308570 0.02089400
32 0.14537795 0.02559199 0.03353729 0.04179009 0.02246239 0.02223079 0.03250749 0.23398592 0.01605889 0.01849769 0.03450829 0.02766189 0.01675519 0.02470999 0.02947329 0.17198794 0.04045989 0.00640813 0.01957059 0.03642429
33 0.07437678 0.01487100 0.00933362 0.00517775 0.01067640 0.00850979 0.00867685 0.01641749 0.00687679 0.19695394 0.25903592 0.01009950 0.05419268 0.03576609 0.00456940 0.02688799 0.03754259 0.00423071 0.01208180 0.20372294
34 0.04445743 0.01691391 0.02129551 0.00565767 0.01021421 0.01568591 0.01016621 0.01709151 0.02323651 0.25202616 0.17958811 0.01823931 0.04015723 0.02857252 0.00760099 0.02305721 0.02803112 0.00454531 0.01765301 0.23581015
35 0.11748290 0.03602407 0.03771137 0.04505806 0.02386418 0.03528537 0.04370306 0.06103585 0.02373228 0.04101487 0.06334715 0.03772587 0.03363277 0.04229477 0.03122817 0.16938186 0.07375804 0.00809850 0.03089547 0.04472536
36 0.06197482 0.12833504 0.09080663 0.05972582 0.01531120 0.05018322 0.05697062 0.04327331 0.03650171 0.01942161 0.04300591 0.08547373 0.01557220 0.02592311 0.01921521 0.12033204 0.06608402 0.00618600 0.02445781 0.03124601
37 0.22000504 0.01920470 0.02540721 0.03205381 0.03306981 0.01949910 0.02671041 0.06753981 0.01735840 0.02691231 0.04977581 0.02127580 0.03245821 0.04171221 0.02508681 0.21386604 0.07053491 0.00425550 0.01498510 0.03828901
38 0.08079681 0.03467060 0.07270901 0.19624802 0.01408290 0.04083190 0.12818601 0.05712450 0.02266880 0.02077410 0.03153160 0.04936890 0.01295370 0.01944260 0.03299320 0.08253761 0.04988760 0.00424522 0.01937550 0.02957140
39 0.24310795 0.02250940 0.01880590 0.02664629 0.02274309 0.01428650 0.02556999 0.30496293 0.00896450 0.01478990 0.02494439 0.01874010 0.00915253 0.01376470 0.03532639 0.10706198 0.03091149 0.00292089 0.01335490 0.04143619
40 0.11746500 0.03629140 0.03821270 0.04506150 0.02382590 0.03554130 0.04405730 0.06198580 0.02416190 0.04043180 0.06343280 0.03766240 0.03337220 0.04188540 0.03125970 0.16836300 0.07334660 0.00792082 0.03096440 0.04475810
41 0.26317612 0.01922971 0.02270061 0.03155951 0.03593552 0.01716771 0.02568791 0.09183154 0.01470601 0.02396691 0.04301682 0.02177171 0.02599021 0.03436592 0.02708901 0.17972108 0.06497943 0.00334836 0.01261181 0.04114412
42 0.23958682 0.02245578 0.02529678 0.03380877 0.03384367 0.01967619 0.02989678 0.08551744 0.01593359 0.02637858 0.04716536 0.02499808 0.02741778 0.03686257 0.02821868 0.17689187 0.06634975 0.00402215 0.01424209 0.04143727
43 0.19954507 0.02034461 0.01691751 0.02356101 0.06390152 0.01841421 0.01998521 0.03213021 0.01534801 0.06768822 0.08227193 0.02145551 0.06726292 0.03574461 0.01556121 0.14694905 0.07132682 0.00442376 0.01716241 0.06000622
44 0.08414217 0.02872412 0.02658762 0.02075872 0.01696981 0.02178182 0.02543892 0.02740212 0.01322091 0.11730810 0.15383612 0.02908782 0.03896313 0.03578883 0.01202451 0.06686705 0.10961509 0.00532749 0.02137652 0.14477912
45 0.04791198 0.01158280 0.01166490 0.00321802 0.00846054 0.00770250 0.00564341 0.01421729 0.00682202 0.25663190 0.22660391 0.00868922 0.04578088 0.02698419 0.00379617 0.01630479 0.02724959 0.00363426 0.00948274 0.25761890
46 0.08193629 0.03519340 0.07237649 0.19646898 0.01424120 0.04075130 0.12783699 0.05700270 0.02248610 0.02105500 0.03148730 0.04945790 0.01301520 0.01861810 0.03260160 0.08231529 0.04996900 0.00420948 0.01929380 0.02968390
47 0.05204549 0.28617393 0.03745179 0.00763085 0.01680660 0.05532459 0.05604379 0.01155050 0.02245949 0.01576600 0.04231139 0.24810894 0.01839590 0.00843160 0.00559178 0.03534659 0.03611529 0.00117774 0.00771668 0.03555109
48 0.08024398 0.03899839 0.10189897 0.07239608 0.01799420 0.03955099 0.05943269 0.05276129 0.03354489 0.02079499 0.04776129 0.04240379 0.02249819 0.04060379 0.02257739 0.16306096 0.06954778 0.00759965 0.03239899 0.03393169
49 0.06696715 0.10170707 0.03358202 0.01905351 0.04808503 0.04538743 0.04092183 0.03219942 0.02344852 0.04367243 0.13173209 0.13994610 0.02331492 0.02896802 0.02458322 0.05427154 0.05593564 0.00837330 0.02335642 0.05449434
50 0.06866063 0.11047089 0.04361836 0.02447667 0.01718978 0.04847835 0.04830915 0.02215668 0.02860157 0.02055838 0.05963894 0.19653180 0.01421739 0.01599638 0.02247588 0.05973844 0.13868086 0.00483523 0.01666078 0.03870386
51 0.11770798 0.03608869 0.03793069 0.04518789 0.02373250 0.03538830 0.04390109 0.06179089 0.02397270 0.04044739 0.06347099 0.03806139 0.03345010 0.04116079 0.03188340 0.16907198 0.07406249 0.00809114 0.03010160 0.04449799
52 0.05201312 0.28620208 0.03728531 0.00755615 0.01671020 0.05526212 0.05612022 0.01166460 0.02243241 0.01562650 0.04228041 0.24869007 0.01845991 0.00842574 0.00557304 0.03523801 0.03612101 0.00116900 0.00772648 0.03544361
53 0.05667634 0.01919768 0.01553538 0.00996011 0.01282819 0.01652788 0.01446888 0.01973608 0.00972991 0.22103777 0.20287479 0.01744598 0.05579744 0.03160517 0.01059309 0.03681346 0.03907386 0.00603369 0.02018848 0.18387581
54 0.09286561 0.02681670 0.02752020 0.02298750 0.01927740 0.02767490 0.02683440 0.03058300 0.02058340 0.07827071 0.15165801 0.02797910 0.05049520 0.05754020 0.01837860 0.13986401 0.06849630 0.00878203 0.03374280 0.06964990
55 0.05676270 0.23832901 0.03158800 0.02619250 0.01388870 0.06006000 0.10206500 0.01868120 0.01963840 0.01502480 0.04075690 0.21558201 0.01890670 0.00948631 0.01197540 0.04745690 0.03446730 0.00143431 0.00718284 0.03052100
56 0.07649150 0.03720650 0.10866600 0.13058501 0.00903546 0.03989790 0.16788001 0.04587140 0.02096790 0.01533880 0.03481720 0.05278190 0.01651910 0.01650050 0.01862930 0.10362400 0.06008010 0.00297870 0.01152010 0.03060860
57 0.08798204 0.02819301 0.03668652 0.03043521 0.01750451 0.03040591 0.03141251 0.04194322 0.01832311 0.09695684 0.06184163 0.03897472 0.02799781 0.01830031 0.18831808 0.06560153 0.10600204 0.00913728 0.01712731 0.04685642
58 0.19306305 0.03525951 0.04122401 0.11510903 0.02315131 0.02466691 0.06867062 0.17159304 0.01605200 0.01711850 0.02370951 0.02948031 0.01048250 0.01793460 0.02951941 0.09698742 0.03900411 0.00305266 0.01295760 0.03096391
59 0.05024521 0.01536460 0.01777200 0.01079690 0.02278960 0.01844980 0.01514350 0.01634650 0.02006960 0.13627102 0.08918492 0.01660410 0.05693731 0.10415402 0.00889692 0.07609861 0.08619952 0.01649740 0.15949003 0.06268841
60 0.06093037 0.01700259 0.01397989 0.00671083 0.02609699 0.01423509 0.01065909 0.01787749 0.00856704 0.22260089 0.20264490 0.01359909 0.04701908 0.03211508 0.00686052 0.03258028 0.03540118 0.00508172 0.01656699 0.20947089
61 0.06467550 0.02653160 0.01880990 0.01227760 0.01246170 0.01808370 0.01877360 0.02593870 0.01215050 0.15613500 0.23527300 0.02439920 0.05072190 0.04473870 0.01318110 0.04067130 0.04508910 0.00678168 0.02334620 0.14996000
62 0.05307211 0.01034270 0.00457673 0.00147611 0.00861742 0.00817072 0.00349669 0.01384970 0.00484913 0.22632903 0.27306104 0.00571690 0.08425631 0.02701800 0.00328503 0.03134970 0.03800291 0.00584643 0.01424630 0.18243703
63 0.04776379 0.01126560 0.01145370 0.00301142 0.00850392 0.00792417 0.00547213 0.01431970 0.00685045 0.25835995 0.22729496 0.00851205 0.04809739 0.02697920 0.00387523 0.01765460 0.02803649 0.00385941 0.01017990 0.25058595
64 0.08940972 0.02917121 0.07751902 0.20068905 0.00549525 0.04106761 0.22650106 0.04061711 0.01366330 0.01591430 0.02057371 0.05200471 0.01003040 0.01198380 0.03067171 0.06046992 0.03564991 0.00179298 0.01146740 0.02530781
65 0.14470191 0.02041229 0.02926648 0.03684708 0.07455215 0.01964949 0.02073399 0.12472192 0.01676729 0.02994018 0.05611226 0.02841868 0.01736169 0.02134539 0.03351448 0.10479293 0.14329391 0.00521223 0.02039779 0.05195787
66 0.10957800 0.04353200 0.03562850 0.03442930 0.02031290 0.08420680 0.04929500 0.03697420 0.03852620 0.03286720 0.05730210 0.04822840 0.01722580 0.07995550 0.02517590 0.06137370 0.03884730 0.01360110 0.12153300 0.05140710
67 0.13345499 0.07590809 0.03951500 0.05016910 0.01959330 0.04508250 0.06969640 0.04710320 0.02271200 0.02093370 0.04649720 0.11885899 0.01855780 0.02535040 0.03122400 0.12612399 0.05463810 0.00520357 0.01416460 0.03521310
68 0.07601939 0.02677590 0.08523298 0.22700196 0.00762139 0.04081669 0.19957896 0.03917529 0.01431140 0.03671059 0.02037240 0.04496669 0.00897663 0.01469610 0.02608630 0.05260999 0.03504909 0.00278626 0.01308620 0.02812579
69 0.05715188 0.01921589 0.01562659 0.01031920 0.01285410 0.01636039 0.01461440 0.01930019 0.00961307 0.22136192 0.20306293 0.01745489 0.05563318 0.03120049 0.01071360 0.03687979 0.03879899 0.00589807 0.01986049 0.18407994
70 0.07640328 0.02821469 0.09154548 0.14405597 0.00953048 0.02958859 0.16134697 0.02898319 0.01590850 0.01656540 0.07219308 0.04198729 0.01668870 0.01548780 0.01836990 0.07517538 0.10740398 0.00352933 0.01286590 0.03415609
71 0.06114600 0.01599810 0.00953054 0.00537199 0.01076850 0.01319320 0.01070140 0.01799130 0.00809761 0.18780899 0.24545399 0.01297540 0.08871150 0.03444690 0.00803948 0.04815640 0.04355930 0.00674111 0.01677930 0.15452900
72 0.04329478 0.00920032 0.01183839 0.00188262 0.00757499 0.00620638 0.00391349 0.01332799 0.00652054 0.27637086 0.21881389 0.00693918 0.04187778 0.02416509 0.00306848 0.01274509 0.02431969 0.00298998 0.00744962 0.27750086
73 0.14253212 0.05030104 0.05445894 0.09725518 0.01401921 0.04025153 0.15331613 0.05293164 0.01808471 0.02188662 0.03996873 0.06132615 0.01632961 0.02356512 0.03714753 0.07503526 0.04810614 0.00406928 0.01288701 0.03652803
74 0.09232834 0.04340552 0.04036622 0.03880712 0.01878051 0.03498271 0.04108682 0.03448171 0.01959101 0.05842892 0.09129884 0.04470682 0.03111621 0.03463611 0.02860521 0.10506404 0.15296606 0.00530299 0.02129181 0.06275303
75 0.06960378 0.05293579 0.04693009 0.07161568 0.01416350 0.04886109 0.16201596 0.05455489 0.02273079 0.03095299 0.05982988 0.06537318 0.06030978 0.02873709 0.02279979 0.07556408 0.04999109 0.00520526 0.01496020 0.04286509
76 0.09315912 0.09554502 0.04585541 0.08767962 0.01087600 0.05478481 0.15885703 0.03558491 0.01898160 0.01756970 0.03532041 0.13220102 0.01451790 0.01486170 0.03227931 0.06633521 0.04153691 0.00332392 0.01049230 0.03023811
77 0.18723901 0.03633730 0.03066640 0.03877290 0.02489610 0.02546240 0.04227140 0.08420170 0.01690010 0.05086300 0.07677820 0.03851070 0.02602320 0.03704890 0.03339720 0.10318501 0.05705910 0.00489875 0.02062060 0.06486800
78 0.05661723 0.01936191 0.01553281 0.01033140 0.01278331 0.01632461 0.01438891 0.01954551 0.00987921 0.22090810 0.20315010 0.01769121 0.05529653 0.03198722 0.01113961 0.03609232 0.03873332 0.00593752 0.02030511 0.18399409
79 0.06488035 0.02636488 0.01913079 0.01239659 0.01249699 0.01826929 0.01930479 0.02576178 0.01243289 0.15560689 0.23568283 0.02449268 0.05066706 0.04406247 0.01363229 0.04079197 0.04502027 0.00656052 0.02265878 0.14978589
80 0.14753503 0.02624641 0.03398611 0.04274371 0.02173410 0.02182600 0.03333381 0.25060105 0.01544200 0.01809100 0.03456751 0.02855251 0.01585250 0.02416240 0.03009001 0.15498203 0.03865561 0.00584570 0.01898750 0.03676501
81 0.08180358 0.03513049 0.02429709 0.01848759 0.05484558 0.02754899 0.02750139 0.03121209 0.01859399 0.09206757 0.16982195 0.03566729 0.03662579 0.06391978 0.01779769 0.06407358 0.05157458 0.01185280 0.04421049 0.09296767
82 0.06165829 0.01373700 0.00948865 0.00616034 0.01392180 0.01517720 0.00910231 0.01680810 0.00817055 0.20437498 0.22309398 0.01133430 0.08148159 0.02943840 0.00762378 0.06537059 0.05118290 0.00752236 0.02379690 0.14055599
83 0.09066939 0.03811690 0.03546350 0.03514740 0.01728240 0.04494500 0.02949260 0.02387000 0.01783970 0.03101190 0.05594170 0.02484610 0.02879270 0.02813990 0.01381810 0.19011299 0.23999799 0.00370506 0.01508720 0.03571950
84 0.18708703 0.03718421 0.03070660 0.03906471 0.02484590 0.02548690 0.04219681 0.08630071 0.01671380 0.05051351 0.07558491 0.03920361 0.02597960 0.03611831 0.03278300 0.10301602 0.05699621 0.00500665 0.02011740 0.06509411
85 0.05344339 0.01045480 0.00539046 0.00102473 0.00747509 0.00523499 0.00297302 0.01234090 0.00441978 0.23615296 0.28264795 0.00447988 0.05956639 0.02987299 0.00194158 0.01516270 0.02956129 0.00385023 0.00794792 0.22605896
86 0.14341899 0.03054540 0.02994530 0.03209590 0.02214300 0.03572360 0.03981000 0.04598180 0.01545780 0.09063550 0.05226000 0.03743540 0.02162090 0.01720070 0.18030099 0.08363020 0.05167090 0.00854624 0.01257530 0.04900210
87 0.05963295 0.17527284 0.04022376 0.03962236 0.01290459 0.03491887 0.06678274 0.17296984 0.01724098 0.02085498 0.03808667 0.13792688 0.01604189 0.02260298 0.01955278 0.05167005 0.02735228 0.00453300 0.01227699 0.02953257
88 0.19759696 0.02544950 0.03107719 0.03874769 0.02261690 0.02998889 0.04810299 0.09553028 0.01441410 0.02394940 0.02975359 0.03243369 0.01148540 0.01535220 0.19154897 0.09087228 0.04985869 0.00648858 0.01132160 0.03341109
89 0.09182897 0.04343219 0.04049689 0.03862859 0.01879649 0.03553599 0.04089949 0.03517669 0.01962599 0.05786568 0.09168057 0.04496329 0.03074539 0.03414309 0.02898969 0.10537497 0.15289795 0.00531942 0.02098539 0.06261328
90 0.06475579 0.02644949 0.01874610 0.01232760 0.01241020 0.01829180 0.01935180 0.02613859 0.01210460 0.15574897 0.23581095 0.02475709 0.05030809 0.04486479 0.01320550 0.04051229 0.04490009 0.00667921 0.02311110 0.14952597
91 0.05815474 0.24588215 0.03223562 0.02691422 0.01441391 0.05750624 0.10560707 0.02780202 0.01922041 0.01730931 0.04143773 0.18519512 0.01926371 0.01158241 0.01229881 0.04889343 0.03427592 0.00212630 0.00820348 0.03167742
92 0.18612509 0.03678642 0.03044102 0.03881002 0.02511201 0.02534151 0.04198142 0.08501964 0.01691711 0.05107543 0.07691594 0.03910512 0.02613841 0.03658222 0.03338422 0.10294805 0.05685063 0.00495940 0.02030251 0.06520383
93 0.06763903 0.02615851 0.02115611 0.01507601 0.01298631 0.01741231 0.02118091 0.03050392 0.01252361 0.17612409 0.18471609 0.02561061 0.04118562 0.03515692 0.01065811 0.03741222 0.03878912 0.00523489 0.01984651 0.20062910
94 0.06392233 0.14117806 0.03877892 0.06191853 0.01245391 0.05811302 0.13343705 0.03072061 0.02083071 0.01761151 0.03949332 0.18213907 0.01716581 0.01383311 0.02490171 0.05843722 0.03975442 0.00316619 0.01066980 0.03147471
95 0.06634464 0.01951828 0.02288778 0.00971371 0.01941818 0.01324769 0.01566309 0.01924138 0.01828408 0.05112755 0.17432684 0.01356569 0.02928017 0.22777479 0.00544719 0.05753345 0.04040016 0.01778338 0.11724489 0.06119704
96 0.10801896 0.02834889 0.04166098 0.04609798 0.02529829 0.02372039 0.03623249 0.15035994 0.01794629 0.03529169 0.06800587 0.03507859 0.01930769 0.02567249 0.05034538 0.08881957 0.12575295 0.00570048 0.01779779 0.05054328
97 0.21847914 0.02143811 0.02596052 0.03381922 0.03268172 0.02075681 0.02947202 0.07506755 0.01700191 0.02870522 0.05129443 0.02385282 0.03106962 0.04040683 0.02697642 0.19267212 0.06918274 0.00451727 0.01626411 0.04038143
98 0.08192343 0.03990127 0.06501205 0.18712885 0.01578949 0.03834157 0.10050092 0.14136889 0.02691678 0.01692599 0.02555298 0.04166117 0.01089449 0.01547289 0.02600148 0.08239333 0.03877897 0.00386270 0.01692329 0.02464948
99 0.07240307 0.02943479 0.12158394 0.22020490 0.01121229 0.03353908 0.13301694 0.05042038 0.02232379 0.01915819 0.02717979 0.04109708 0.01032150 0.01508459 0.02111979 0.07352207 0.05155398 0.00264466 0.01605579 0.02812339
100 0.06501371 0.02638121 0.01917540 0.01242330 0.01234080 0.01837320 0.01921620 0.02611031 0.01234730 0.15499604 0.23524205 0.02505201 0.05019331 0.04505071 0.01349990 0.04095261 0.04489411 0.00670807 0.02291371 0.14911603
101 0.11762594 0.03581708 0.03732458 0.04476968 0.02366059 0.03480568 0.04381878 0.06049747 0.02379099 0.04128028 0.06412227 0.03765248 0.03377028 0.04249138 0.03198198 0.16846591 0.07349936 0.00795303 0.03153258 0.04513968
102 0.16517098 0.02349160 0.02382310 0.02291330 0.02689950 0.01602080 0.02531570 0.03811140 0.01254590 0.08325389 0.11872999 0.02647940 0.03240590 0.03482720 0.01523610 0.08879309 0.10186299 0.00401581 0.01744440 0.12265899
103 0.07562300 0.03739020 0.03815070 0.02522480 0.01400230 0.01575370 0.03079480 0.28836999 0.01399920 0.03193240 0.07510080 0.03843270 0.01767240 0.08677860 0.01797860 0.07323170 0.03276720 0.00775273 0.03485330 0.04419090
104 0.07806786 0.02766929 0.03085568 0.02205439 0.01811849 0.02152369 0.02726069 0.03443338 0.02251509 0.05100017 0.10732495 0.02669379 0.02785099 0.18373291 0.01390419 0.07161996 0.04354988 0.01742119 0.11129194 0.06311147
105 0.15456498 0.02424030 0.02435720 0.02274440 0.02553430 0.01687950 0.02551520 0.03702490 0.01258320 0.08820119 0.12441399 0.02707130 0.03303600 0.03337310 0.01412730 0.08469949 0.10028099 0.00403962 0.01759810 0.12971498
106 0.04787524 0.01133951 0.01122551 0.00287919 0.00849703 0.00802838 0.00561864 0.01426611 0.00675764 0.25875820 0.22715818 0.00859384 0.04809414 0.02683042 0.00398962 0.01757971 0.02800462 0.00374692 0.01011391 0.25064320
107 0.10749395 0.06706527 0.03660188 0.03065479 0.02230989 0.03923858 0.04216488 0.03036499 0.02547219 0.02921339 0.05800747 0.12892494 0.01553319 0.03474998 0.02178739 0.06685357 0.11674395 0.00727717 0.06574197 0.05380057
108 0.05518597 0.01125419 0.00590423 0.00137806 0.00866154 0.00548069 0.00384141 0.01188999 0.00512199 0.22552588 0.27665785 0.00490720 0.05526727 0.04446088 0.00186838 0.01546689 0.03022828 0.00429084 0.01353059 0.21907788
109 0.07723109 0.03619680 0.03795370 0.03029710 0.02101280 0.04133090 0.04528779 0.03916460 0.06701029 0.06528359 0.08921249 0.04112500 0.08754279 0.03656770 0.02764430 0.10536699 0.05593129 0.00764602 0.02965260 0.05854219
110 0.05201531 0.28715707 0.03721601 0.00745357 0.01667040 0.05502721 0.05608141 0.01169290 0.02236111 0.01560240 0.04222501 0.24848306 0.01848130 0.00848406 0.00554412 0.03521121 0.03600311 0.00112188 0.00768342 0.03548541
111 0.07545665 0.05580794 0.05686804 0.11066207 0.01182601 0.05457154 0.18481412 0.05289383 0.02040031 0.02462962 0.04132873 0.06972285 0.01745541 0.02085361 0.03324932 0.06864994 0.04470463 0.00428865 0.01634341 0.03547332
112 0.15302695 0.02235859 0.02768219 0.02302819 0.01499960 0.01293320 0.02269989 0.41441888 0.00849873 0.01013440 0.02726499 0.02678899 0.00910685 0.01796869 0.02485109 0.11105997 0.02236729 0.00359742 0.01354170 0.03367239
113 0.04379581 0.01672561 0.02821341 0.00860137 0.01975101 0.01670471 0.01099040 0.01157160 0.03326201 0.03219881 0.08591213 0.01276910 0.01366750 0.24876108 0.00563160 0.04673242 0.02251171 0.03629281 0.26019209 0.04571482
114 0.22015891 0.02256229 0.01754389 0.02055819 0.01778199 0.01243289 0.02236409 0.37565084 0.00760864 0.01249069 0.02352579 0.01796059 0.00766251 0.01228189 0.03235499 0.09779946 0.02407509 0.00269137 0.01320299 0.03929288
115 0.11772907 0.03563602 0.03759082 0.04438552 0.02398461 0.03512692 0.04391172 0.06167353 0.02377651 0.04105542 0.06344774 0.03733582 0.03392662 0.04258972 0.03108962 0.16944109 0.07422234 0.00804914 0.03072832 0.04429942
116 0.05092991 0.02523340 0.03395540 0.02347500 0.02138930 0.02391880 0.02326080 0.02753630 0.03588710 0.04686450 0.08234481 0.02364290 0.02059610 0.14981401 0.01346850 0.05995401 0.03178960 0.03346930 0.22219202 0.05027821
117 0.06474623 0.20599610 0.03984292 0.02776171 0.01645611 0.05061073 0.05740383 0.04016542 0.02570541 0.03399672 0.05955693 0.14848107 0.01958481 0.02295771 0.01764821 0.05500463 0.04515822 0.00456750 0.01852381 0.04583192
118 0.04169475 0.01688322 0.02714383 0.00783997 0.02113352 0.01352771 0.00891323 0.01028931 0.03215643 0.03610954 0.11837213 0.01045391 0.01414302 0.23625626 0.00446994 0.04372205 0.02232332 0.03893004 0.25091227 0.04472555
119 0.06450042 0.02630481 0.01915321 0.01234290 0.01241170 0.01849241 0.01945381 0.02636331 0.01246400 0.15570005 0.23513407 0.02461761 0.05060091 0.04439831 0.01341820 0.04077321 0.04501261 0.00665271 0.02303371 0.14917204
120 0.08096924 0.01582561 0.01042941 0.00887916 0.01286161 0.01058341 0.00972248 0.03935642 0.00722033 0.19328009 0.24068612 0.01103641 0.05780283 0.02980051 0.00840424 0.03520562 0.04086522 0.00544340 0.01188581 0.16974208
121 0.05455332 0.01122460 0.00636101 0.00175797 0.00787945 0.00590845 0.00424285 0.01295071 0.00506214 0.22774909 0.28085011 0.00549342 0.05733712 0.03129511 0.00263653 0.01583161 0.03018161 0.00388777 0.00860002 0.22619709
122 0.06357758 0.14924496 0.04593039 0.02261229 0.01572370 0.06195288 0.03778709 0.01973150 0.07389088 0.03278799 0.10035897 0.11564897 0.01750730 0.02551199 0.02678419 0.05771039 0.05001419 0.00617225 0.02886739 0.04818509
123 0.06549990 0.04685170 0.03520710 0.03381530 0.01724540 0.08669810 0.05585530 0.03169940 0.02592820 0.07761780 0.09227260 0.05395850 0.08716880 0.02531720 0.02828300 0.09178230 0.06038240 0.00643982 0.02054160 0.05743560
124 0.08263853 0.03886291 0.06480202 0.08687883 0.01135020 0.03899501 0.15943306 0.02869871 0.01984691 0.01811771 0.04574092 0.05279732 0.02106821 0.01849311 0.02037731 0.12192705 0.11929704 0.00423073 0.01195770 0.03448671
125 0.06893463 0.03100691 0.07250433 0.03923992 0.01269870 0.01829651 0.04735342 0.40355616 0.01491771 0.01235760 0.03915532 0.04415472 0.01351011 0.02380741 0.02255121 0.06816913 0.02622941 0.00334231 0.01064000 0.02757451
126 0.11645906 0.02143501 0.04519452 0.03400872 0.01893141 0.02188351 0.02647461 0.12631506 0.01659791 0.02141481 0.04043752 0.03226922 0.01084761 0.01351171 0.24254912 0.06092513 0.10766305 0.00587910 0.01093661 0.02626631
127 0.05667589 0.01970859 0.01538710 0.01013500 0.01283360 0.01650040 0.01485260 0.01934659 0.00979766 0.22083794 0.20299895 0.01781650 0.05547999 0.03148289 0.01091620 0.03680569 0.03897019 0.00590860 0.01995369 0.18359195
128 0.06735897 0.02640229 0.02079039 0.01456479 0.01279029 0.01761519 0.02104919 0.03008649 0.01257959 0.17601291 0.18436491 0.02570399 0.04149788 0.03576318 0.01064379 0.03776008 0.03865388 0.00538549 0.02007779 0.20089890
129 0.06730188 0.06953107 0.04378918 0.05017058 0.01824389 0.11532196 0.08106237 0.03897569 0.03559659 0.04275358 0.06233858 0.07633297 0.02133569 0.02700169 0.04072179 0.07789167 0.05404368 0.00626226 0.02544019 0.04588468
130 0.06066790 0.05014990 0.10054900 0.06964840 0.01747750 0.10151400 0.06296510 0.04030530 0.04643930 0.02016120 0.04287450 0.04991210 0.01915180 0.02211180 0.02751110 0.13824000 0.07161800 0.00507970 0.02005110 0.03357230
131 0.08155928 0.03462439 0.07277838 0.19643995 0.01399270 0.04052059 0.12948597 0.05735649 0.02230419 0.02087889 0.03132419 0.04911429 0.01305090 0.01888780 0.03247909 0.08210758 0.05018279 0.00410134 0.01919360 0.02961759
132 0.06421788 0.06337938 0.04132438 0.02783529 0.01767739 0.09027927 0.05256398 0.02943549 0.03312899 0.07740837 0.08933327 0.06897367 0.02740079 0.02917419 0.02438389 0.05902758 0.04586488 0.00594808 0.02552929 0.12711395
133 0.06499638 0.20551194 0.03993779 0.02835209 0.01630430 0.05047899 0.05689128 0.04029169 0.02547819 0.03411419 0.05969208 0.14696096 0.01941929 0.02297319 0.01836139 0.05533428 0.04562009 0.00455199 0.01836749 0.04636239
134 0.06506047 0.02624879 0.01866939 0.01227689 0.01230999 0.01798889 0.01860749 0.02616589 0.01220049 0.15661093 0.23558989 0.02455659 0.05064658 0.04409038 0.01317119 0.04124028 0.04515518 0.00642467 0.02249509 0.15049093
135 0.12502696 0.03059359 0.03316509 0.03215709 0.01489890 0.01778369 0.03820039 0.36499989 0.01275080 0.02377679 0.04407269 0.03322599 0.01387510 0.02069549 0.02873569 0.07861198 0.02772679 0.00407260 0.01417080 0.04145969
136 0.10184300 0.03612680 0.03644790 0.03698800 0.01976390 0.04074550 0.03220650 0.02759960 0.01938990 0.03473470 0.05952310 0.02707110 0.03172200 0.03077690 0.01636310 0.18570499 0.20382199 0.00419883 0.01653670 0.03843550
137 0.08184723 0.03480751 0.07262952 0.19545206 0.01429130 0.04040901 0.12679404 0.05684892 0.02237141 0.02109471 0.03195701 0.04910962 0.01304990 0.01933541 0.03302231 0.08322903 0.05021372 0.00417107 0.01931111 0.03005511
138 0.05564889 0.06928349 0.04161920 0.04018470 0.02206790 0.04025950 0.04564030 0.03308140 0.03201500 0.03045240 0.05637139 0.11397399 0.01487560 0.07517509 0.02387210 0.06045219 0.04490850 0.02066680 0.13616699 0.04328460
139 0.11737310 0.03647103 0.03736013 0.04454394 0.02389502 0.03537203 0.04327634 0.06121125 0.02394782 0.04153693 0.06434535 0.03748463 0.03373323 0.04181943 0.03089633 0.16861214 0.07412726 0.00815380 0.03082262 0.04501764
140 0.05550118 0.24831092 0.03681679 0.00949180 0.01621289 0.05871588 0.05489468 0.01240800 0.02529669 0.01734809 0.06119898 0.23769092 0.01782599 0.00977996 0.00940293 0.03893029 0.04361689 0.00162984 0.00947829 0.03544899
141 0.05698930 0.03074500 0.03616060 0.06482900 0.01912190 0.07166920 0.16068200 0.02759230 0.01959930 0.08217610 0.05699340 0.03789100 0.02028080 0.05642390 0.02610550 0.04993390 0.04115140 0.01029650 0.08040440 0.05095450
142 0.04790531 0.02174471 0.02029621 0.00730274 0.01276910 0.03970981 0.01983591 0.01700170 0.01273380 0.22032606 0.17602805 0.02451491 0.04272721 0.02710131 0.00985611 0.02655541 0.03013181 0.00468059 0.01428520 0.22449406
143 0.06765001 0.04367711 0.05748531 0.16438003 0.01138020 0.04361461 0.12088902 0.12517102 0.02294990 0.01635550 0.02717830 0.08551492 0.01250860 0.01557400 0.03116821 0.07631421 0.03339361 0.00461492 0.01545290 0.02472760
144 0.11842303 0.03553071 0.03781501 0.04481301 0.02376201 0.03487331 0.04367021 0.06166872 0.02350921 0.04095781 0.06317842 0.03724561 0.03373781 0.04209261 0.03132431 0.16928504 0.07380122 0.00823865 0.03099291 0.04508041
145 0.07477550 0.05548230 0.05700990 0.11058601 0.01183840 0.05495280 0.18517901 0.05293020 0.02062930 0.02442580 0.04220160 0.06991500 0.01769170 0.02110640 0.03293450 0.06758190 0.04464610 0.00438095 0.01655720 0.03517540
146 0.12551999 0.06137089 0.03817500 0.04615160 0.01974060 0.10259199 0.07109059 0.04848890 0.03016810 0.03599370 0.05915179 0.06984799 0.02007980 0.02842640 0.04147280 0.08116189 0.04924220 0.00554770 0.02181110 0.04396700
147 0.06184982 0.04981122 0.03494091 0.02138591 0.01689011 0.10970504 0.05419562 0.02439801 0.03207311 0.07348183 0.14855205 0.05902712 0.03417881 0.03188611 0.03705191 0.06144192 0.04882632 0.00674454 0.02471191 0.06884772
148 0.08103636 0.02232209 0.03712688 0.02922759 0.01561119 0.03388988 0.03253808 0.04580908 0.02460819 0.03878528 0.06509907 0.04052258 0.05316187 0.01724159 0.24133088 0.06602427 0.09824725 0.00814370 0.01517849 0.03409568
149 0.06649668 0.06932908 0.04367599 0.04990089 0.01803350 0.11511497 0.08081658 0.03881969 0.03603179 0.04304699 0.06272188 0.07595678 0.02155719 0.02741669 0.04068559 0.07754118 0.05385209 0.00631937 0.02620599 0.04647709
150 0.07885999 0.02713750 0.03060140 0.02118590 0.01825110 0.02118200 0.02681250 0.03394910 0.02234000 0.05174269 0.10851099 0.02592690 0.02813510 0.18362398 0.01374330 0.07122479 0.04395840 0.01736220 0.11150099 0.06395119
151 0.18691194 0.03672119 0.03017269 0.03821689 0.02496709 0.02510049 0.04169789 0.08618477 0.01692779 0.05180868 0.07719527 0.03857699 0.02599729 0.03680789 0.03268819 0.10234797 0.05608198 0.00504794 0.02068809 0.06585898
152 0.03255261 0.01471980 0.03248461 0.00825046 0.02565491 0.01491070 0.00876330 0.01107640 0.03857501 0.03773391 0.10425203 0.01351690 0.01563171 0.18912606 0.00698741 0.04611772 0.01675341 0.07472342 0.27380709 0.03436251
153 0.07200740 0.03167750 0.06941690 0.19188801 0.00712578 0.04872050 0.19952601 0.04570650 0.01875120 0.01317630 0.02238360 0.05875310 0.01327780 0.01099070 0.02982910 0.08947730 0.03974490 0.00218158 0.01224480 0.02312100
154 0.13790206 0.03114631 0.06545413 0.17230507 0.01841491 0.03172371 0.11429905 0.05752872 0.01681671 0.02177011 0.03035031 0.04174492 0.01387481 0.02238911 0.03201431 0.09118044 0.05155282 0.00335129 0.01437261 0.03180861
155 0.12478210 0.03084112 0.03312933 0.03218762 0.01504871 0.01803441 0.03812683 0.36678228 0.01272331 0.02329942 0.04372063 0.03359813 0.01348701 0.02050312 0.02831422 0.07878616 0.02765132 0.00393423 0.01399141 0.04105863
156 0.03661679 0.01362040 0.02913699 0.00640980 0.01994469 0.01592329 0.00772488 0.00793736 0.03735929 0.02958289 0.07873277 0.01078550 0.01075610 0.24741892 0.00433789 0.04337589 0.01710509 0.04270109 0.29911990 0.04141049
157 0.07891262 0.11261502 0.05652811 0.11980203 0.05505921 0.04337151 0.05294301 0.06069791 0.03222141 0.03028501 0.03913171 0.06596191 0.01249150 0.02027230 0.02541161 0.08173062 0.04561541 0.00589978 0.02732001 0.03372931
158 0.06444441 0.02651080 0.01908000 0.01220040 0.01232260 0.01787900 0.01896540 0.02538690 0.01209910 0.15617402 0.23614903 0.02471260 0.05080991 0.04448491 0.01301210 0.04050320 0.04523861 0.00671998 0.02314900 0.15015802
159 0.06462459 0.01871980 0.01852740 0.00807910 0.01584890 0.01147720 0.01353910 0.02117610 0.01191260 0.10917098 0.24210595 0.01239470 0.04088859 0.14029997 0.00538141 0.04538089 0.04243909 0.01036910 0.05633959 0.11132498
160 0.05686332 0.01390751 0.00860933 0.00363422 0.00883016 0.00808694 0.00707594 0.01506531 0.00634384 0.21410708 0.27165510 0.00898888 0.05675042 0.03372331 0.00423480 0.02046811 0.03335411 0.00439403 0.01144150 0.21246608
161 0.06469435 0.20554515 0.04027613 0.02799532 0.01638091 0.05023654 0.05718434 0.04024473 0.02569372 0.03376902 0.05967594 0.14835611 0.01946731 0.02278572 0.01787901 0.05515994 0.04581703 0.00439086 0.01824271 0.04620513
162 0.05698838 0.01342279 0.00823562 0.00333736 0.00879272 0.00767512 0.00660152 0.01512359 0.00600537 0.21517491 0.27348089 0.00844280 0.05715088 0.03337949 0.00419307 0.02032199 0.03324469 0.00430944 0.01087650 0.21324291
163 0.06492358 0.02626869 0.01926060 0.01220900 0.01236190 0.01865970 0.01930930 0.02552739 0.01237050 0.15506596 0.23536394 0.02465929 0.05050179 0.04532049 0.01316700 0.04117159 0.04469799 0.00674365 0.02350469 0.14891296
164 0.05099164 0.01122431 0.00752394 0.00245648 0.01013311 0.00845844 0.00507936 0.01317001 0.00814710 0.21237518 0.24463621 0.00638724 0.06577096 0.05279934 0.00321373 0.02833302 0.03671883 0.00772161 0.04213934 0.18272016
165 0.05417045 0.01276099 0.00904623 0.00308795 0.00856881 0.00762200 0.00627661 0.01436679 0.00633479 0.22620981 0.26042478 0.00810073 0.05224886 0.03166157 0.00359929 0.01791058 0.03047667 0.00398679 0.01029849 0.23284780
166 0.03533929 0.01409580 0.03052889 0.00743037 0.02048260 0.01614690 0.00785791 0.00887461 0.04001029 0.02944719 0.07801328 0.01141280 0.01045010 0.23060495 0.00480952 0.04500529 0.01610210 0.04645079 0.30784694 0.03909039
167 0.09396301 0.02045578 0.01500589 0.01368569 0.01656738 0.01562549 0.01580609 0.02283098 0.00925586 0.19258882 0.19357982 0.01759948 0.05382355 0.03117837 0.01388809 0.05044835 0.04526966 0.00526864 0.01617819 0.15698086
168 0.06486500 0.20454200 0.03991940 0.02835620 0.01614800 0.05008480 0.05757520 0.04060900 0.02543250 0.03429600 0.05964800 0.14688400 0.01946070 0.02338050 0.01780440 0.05575140 0.04610210 0.00458980 0.01847390 0.04607710
169 0.04428360 0.01759540 0.02649360 0.00817449 0.02108920 0.01364080 0.00993378 0.01089890 0.03018370 0.03587630 0.12170300 0.01071360 0.01495270 0.24293700 0.00454724 0.04428780 0.02456770 0.03565930 0.23681600 0.04564590
170 0.10508898 0.02783789 0.02876199 0.04061369 0.02419190 0.04872009 0.04603069 0.06031939 0.02180310 0.02523979 0.03509649 0.03850139 0.01382410 0.01584700 0.23215095 0.14159997 0.04034199 0.01116750 0.01391680 0.02894629
171 0.07847726 0.02765689 0.03043258 0.02138359 0.01833549 0.02168499 0.02725979 0.03495448 0.02266079 0.05087947 0.10671695 0.02618369 0.02798079 0.18300191 0.01385389 0.07224276 0.04414018 0.01746329 0.11165594 0.06303527
172 0.06430912 0.20586006 0.03991621 0.02789431 0.01642200 0.05054201 0.05710362 0.03966831 0.02600441 0.03442941 0.05977822 0.14767804 0.01963691 0.02276811 0.01796721 0.05524252 0.04554901 0.00446502 0.01827851 0.04648701
173 0.09989042 0.02547901 0.02418980 0.03333761 0.02647951 0.05078311 0.03866191 0.04973311 0.02054590 0.02459970 0.03264401 0.03450221 0.01287130 0.01434490 0.25590105 0.16813003 0.03430021 0.01297830 0.01229060 0.02833731
174 0.09828063 0.01653171 0.01951501 0.01387290 0.01549040 0.01816131 0.01897911 0.01705011 0.01318250 0.08351603 0.14136905 0.01471350 0.08305623 0.12811204 0.00796738 0.10083103 0.09487233 0.00562480 0.03156261 0.07731132
175 0.04322520 0.00931113 0.01183780 0.00181962 0.00750591 0.00626890 0.00393457 0.01331350 0.00653018 0.27598998 0.21884599 0.00699500 0.04186300 0.02428780 0.00315201 0.01275410 0.02422040 0.00300071 0.00751823 0.27762598
176 0.05860102 0.05953582 0.03862282 0.08439733 0.01471271 0.13071805 0.18350207 0.04032542 0.02517671 0.03633991 0.04211982 0.07182713 0.01523561 0.01533841 0.03645481 0.06251302 0.03315331 0.00373481 0.01718761 0.03050361
177 0.09924020 0.02966110 0.03771420 0.04379070 0.01762460 0.04340600 0.05108910 0.06340030 0.02305700 0.02848250 0.04829460 0.04529410 0.01458540 0.01634460 0.25240601 0.07906130 0.05426830 0.00851988 0.01446770 0.02929240
178 0.04709557 0.03780746 0.02883084 0.01040472 0.01182172 0.02638624 0.01758663 0.02086373 0.01424592 0.22386533 0.14782422 0.06144869 0.03624935 0.02504254 0.01198552 0.02524514 0.03094675 0.00568875 0.01269862 0.20396230
179 0.05837392 0.01118070 0.00801903 0.00250077 0.00871846 0.00656799 0.00454841 0.01328180 0.00540324 0.24223209 0.25243109 0.00653264 0.05345212 0.02880341 0.00308168 0.01816661 0.03036041 0.00384968 0.00876883 0.23372709
