1 0.05173157 0.01065369 0.01793469 0.00408214 0.01045239 0.01772999 0.00718183 0.01530859 0.01030569 0.17062689 0.28735482 0.01341409 0.03810328 0.05186717 0.00814552 0.02805438 0.03600898 0.00819292 0.01768549 0.19516588
2 0.07782529 0.07077459 0.05380099 0.03355019 0.01427230 0.01968200 0.02564130 0.05278959 0.01258420 0.03427909 0.04925039 0.05966479 0.03260389 0.01984890 0.24092996 0.08052349 0.04339229 0.00603548 0.01315000 0.05940129
3 0.03612921 0.03692181 0.08955743 0.18612606 0.01229210 0.04218371 0.12923804 0.26937108 0.01370780 0.01267190 0.01512690 0.04711801 0.00595264 0.01029150 0.01276340 0.03855281 0.01357930 0.00338046 0.01279490 0.01224090
4 0.06016570 0.02759090 0.02672140 0.01231570 0.01492260 0.02493680 0.02914210 0.02736880 0.01779630 0.14040099 0.13499599 0.02991010 0.03755460 0.03455420 0.02154010 0.04628180 0.03401360 0.00639497 0.02098140 0.25241198
5 0.05496200 0.06737010 0.06298500 0.06883660 0.01181520 0.03997140 0.07580720 0.19100901 0.02401770 0.01382500 0.03819960 0.14906100 0.01062020 0.01560190 0.03854250 0.05249570 0.02971050 0.00399037 0.01467060 0.03650840
6 0.07535122 0.03634971 0.04541141 0.08805062 0.02152510 0.03629511 0.14203203 0.04599571 0.02272030 0.09342312 0.05920681 0.02844641 0.02924931 0.02279141 0.02650401 0.11929603 0.05063321 0.00628488 0.01365410 0.03677951
7 0.14033101 0.03931820 0.03837350 0.03316720 0.02332900 0.03480010 0.04831620 0.06153081 0.01816550 0.02906960 0.04953540 0.03534000 0.01779070 0.02508050 0.02909890 0.21765002 0.08559961 0.01293290 0.01332430 0.04724650
8 0.03961519 0.01000370 0.01407160 0.00263126 0.00968133 0.01536300 0.00532343 0.01475990 0.00313095 0.26908394 0.23998694 0.00809235 0.05750649 0.04648699 0.00620709 0.02297549 0.03178479 0.00100323 0.01947140 0.18282096
9 0.04246641 0.04286351 0.07208552 0.12465403 0.00882630 0.05041521 0.15865204 0.20232705 0.01776700 0.01042700 0.02093361 0.12292503 0.00650439 0.01120880 0.01267190 0.03867121 0.01565150 0.00311237 0.01377790 0.02405921
10 0.04608051 0.01759310 0.02489040 0.01641490 0.00752963 0.01767480 0.01381450 0.02923840 0.02596930 0.06960261 0.07525541 0.02200330 0.01799950 0.19617303 0.01223690 0.04174051 0.06548571 0.01780310 0.22840004 0.05409431
11 0.02339730 0.04817340 0.02212660 0.01124650 0.00352881 0.01815160 0.03834100 0.01609950 0.04768910 0.02153060 0.10310901 0.10249701 0.03453240 0.16147201 0.01798700 0.02307200 0.02516610 0.03778230 0.20892502 0.03517270
12 0.04735789 0.02095720 0.02638430 0.01829410 0.00706455 0.01849090 0.01752420 0.03075600 0.02424220 0.08066519 0.09404499 0.02493900 0.02122810 0.22785697 0.01128400 0.04141439 0.03751309 0.01519820 0.17915997 0.05562479
13 0.04273432 0.04760462 0.11063705 0.21032110 0.00972571 0.05287113 0.11290305 0.11776206 0.01930331 0.01876451 0.01738111 0.08685704 0.01013340 0.00820856 0.03043031 0.05112922 0.02360451 0.00354356 0.00693929 0.01914611
14 0.04612329 0.03213480 0.06836489 0.29016096 0.01112010 0.05993899 0.17702598 0.05073619 0.03643370 0.05194129 0.01834550 0.03325030 0.01729930 0.00749641 0.00548446 0.04402959 0.02813870 0.00394522 0.00576924 0.01226110
15 0.05512472 0.21149106 0.04795171 0.03596491 0.01227130 0.03648981 0.05657242 0.07042942 0.01946651 0.01915171 0.04928391 0.10667703 0.01877641 0.02245081 0.04676211 0.06932272 0.05246712 0.00895531 0.01380450 0.04658651
16 0.07693709 0.03576149 0.05068429 0.04123679 0.01622590 0.03243069 0.05519859 0.31253294 0.06911899 0.01475780 0.04472489 0.03932429 0.01331970 0.02324060 0.01446200 0.06038339 0.04248349 0.00490778 0.02305180 0.02921749
17 0.04618995 0.00554438 0.01015619 0.00185053 0.01408298 0.01857608 0.00414653 0.01539218 0.00396769 0.28978666 0.17213980 0.00877677 0.04105625 0.03284366 0.00695428 0.01857658 0.03259576 0.00116535 0.02118168 0.25501670
18 0.05602499 0.23086995 0.09641578 0.03822989 0.01052620 0.08300068 0.03201209 0.05827269 0.01784690 0.00730471 0.03077369 0.17889796 0.00795323 0.01130190 0.02026580 0.04785949 0.04167569 0.00237569 0.00525917 0.02313350
19 0.05909312 0.04110592 0.03136751 0.06474122 0.00714545 0.05292382 0.17994407 0.04928832 0.02789521 0.03943491 0.14768206 0.05331722 0.03670511 0.02275121 0.01728661 0.05782232 0.03165911 0.00790417 0.01985561 0.05207702
20 0.03649533 0.03212102 0.01964101 0.00923553 0.00687288 0.01583401 0.02198162 0.02261772 0.01019591 0.09311367 0.27946021 0.02426642 0.15404712 0.02808752 0.07307655 0.04656463 0.03817483 0.00821427 0.02041872 0.05958104
21 0.13928604 0.03917671 0.03881621 0.03326571 0.02254131 0.03417701 0.04930841 0.06049102 0.01857581 0.02954781 0.04988071 0.03566181 0.01789421 0.02631871 0.02985021 0.21336606 0.08424433 0.01360950 0.01448050 0.04950791
22 0.05718620 0.02434880 0.02211500 0.01120920 0.00853558 0.02159570 0.01686550 0.03021990 0.01478180 0.12505899 0.29081398 0.02503680 0.05084460 0.05398900 0.01427460 0.03931810 0.03938160 0.01102730 0.02483140 0.11856599
23 0.03661608 0.16829092 0.03843448 0.01665359 0.00333696 0.05299318 0.03749428 0.02362059 0.02729019 0.01533849 0.11763795 0.20872690 0.02851139 0.03245079 0.02580319 0.03841678 0.03852588 0.01264049 0.04179308 0.03542478
24 0.08134252 0.04617821 0.04664351 0.05552441 0.02085741 0.03222431 0.05687321 0.31627508 0.01891820 0.02542331 0.04217841 0.03190421 0.01411590 0.02066750 0.02149581 0.06628862 0.05049491 0.00361006 0.01580870 0.03317571
25 0.05467404 0.01171191 0.01891211 0.01438221 0.01291641 0.01940731 0.01205881 0.02085991 0.00748405 0.25155417 0.17288111 0.01093461 0.04643853 0.05544444 0.01307441 0.02939992 0.03729182 0.00207169 0.03590842 0.17259411
26 0.28791082 0.02366659 0.02677698 0.02886318 0.02600278 0.02779258 0.04059497 0.07237796 0.01595359 0.04452227 0.05803366 0.02862368 0.01615409 0.02370629 0.02489918 0.12890392 0.05296437 0.00704462 0.01245499 0.05275347
27 0.04406829 0.01854240 0.01655880 0.01168950 0.01076170 0.01473520 0.01330720 0.01941510 0.00547436 0.21529896 0.22160696 0.00959921 0.12588298 0.03547319 0.02215520 0.02810769 0.03309409 0.00192402 0.01585520 0.13644997
28 0.06825120 0.04760210 0.04221710 0.11164400 0.00894216 0.05720740 0.25659499 0.06843780 0.03729600 0.01693020 0.02906170 0.05852480 0.01367440 0.01530870 0.01315060 0.06852510 0.02946140 0.00521697 0.01069770 0.04125570
29 0.04531708 0.00531155 0.00968453 0.00166975 0.01423589 0.01870339 0.00367334 0.01566209 0.00403396 0.29089489 0.16691093 0.00888196 0.03971308 0.03076119 0.00633501 0.01743219 0.03149879 0.00117559 0.02105189 0.26705290
30 0.04072110 0.12097801 0.03304890 0.10856501 0.01199230 0.02889410 0.22066002 0.04404080 0.02770570 0.05801990 0.04490560 0.03965930 0.02194340 0.01380300 0.02227630 0.06667420 0.04153530 0.00380956 0.00864307 0.04212440
31 0.08167566 0.04683758 0.04867268 0.05631757 0.02075119 0.03098459 0.05656207 0.31130685 0.01918899 0.02764849 0.04289708 0.03250858 0.01426219 0.02052189 0.02080669 0.06664097 0.04954388 0.00401527 0.01528799 0.03356978
32 0.05971703 0.02778971 0.02676291 0.01248331 0.01453751 0.02487271 0.02964641 0.02735641 0.01814811 0.14061506 0.13599906 0.02843991 0.03780562 0.03432931 0.02160411 0.04580082 0.03433941 0.00638537 0.02026811 0.25309911
33 0.03766616 0.01094859 0.01349529 0.00161850 0.00870002 0.01398718 0.00511256 0.01367639 0.00254993 0.26357271 0.26301471 0.00754799 0.06314463 0.04686365 0.00555764 0.02315077 0.02983547 0.00084051 0.01528448 0.17343281
34 0.06610129 0.24020295 0.05280959 0.02591259 0.00674417 0.01646370 0.04530579 0.06581659 0.01201990 0.01075670 0.02809929 0.05710659 0.01154480 0.01340080 0.21076495 0.06564799 0.02619319 0.00323544 0.00690761 0.03496609
35 0.02456370 0.00651603 0.02301440 0.02018630 0.00434693 0.01111720 0.00885627 0.02365230 0.02476000 0.06582840 0.03238730 0.00904864 0.00836660 0.33281199 0.00310213 0.02441720 0.02581190 0.00609994 0.32547599 0.01963680
36 0.07093329 0.03880280 0.05394569 0.04629850 0.01152700 0.04466870 0.09320989 0.05597899 0.10955999 0.02619940 0.06949939 0.05247969 0.02133660 0.05160339 0.01777380 0.06808199 0.03756400 0.01353930 0.04763520 0.06936239
37 0.13895396 0.03902339 0.03746869 0.03146119 0.02326929 0.03612609 0.04836439 0.06119638 0.01871559 0.02921299 0.05082828 0.03622079 0.01786689 0.02630699 0.02989949 0.21484294 0.08448667 0.01389900 0.01388130 0.04797569
38 0.03205859 0.01774179 0.02594919 0.01950329 0.00651305 0.01782079 0.01722749 0.02760839 0.03080829 0.07268327 0.06897857 0.02591629 0.01784499 0.22480491 0.00922534 0.02959289 0.03088939 0.01409099 0.26201390 0.04872858
39 0.03836400 0.18707600 0.04457000 0.02375560 0.00515132 0.05596840 0.06601850 0.02355240 0.04944130 0.00694420 0.03123850 0.23777800 0.00990779 0.02173060 0.02759640 0.08087890 0.03732510 0.00405277 0.01465920 0.03399100
40 0.02475969 0.00651363 0.02273379 0.02045999 0.00434765 0.01107149 0.00861841 0.02354009 0.02427099 0.06586137 0.03132848 0.00892415 0.00823142 0.33294983 0.00314587 0.02503839 0.02593819 0.00623048 0.32665583 0.01938029
41 0.08183653 0.04220962 0.03945891 0.04911042 0.01479311 0.12687605 0.08352723 0.05735682 0.02735591 0.05131722 0.06897443 0.07079563 0.02474021 0.02939771 0.01593931 0.07906493 0.03992212 0.00735742 0.02152221 0.06844423
42 0.23781797 0.01514150 0.02343600 0.02161600 0.02793460 0.11035399 0.04685039 0.03953610 0.01685380 0.01044020 0.02996710 0.03984690 0.01144140 0.01231720 0.01609670 0.26350797 0.03753600 0.00454438 0.00504324 0.02971860
43 0.03266209 0.01768510 0.02584809 0.01945349 0.00643211 0.01744540 0.01699620 0.02863599 0.03093829 0.07228398 0.07121688 0.02609129 0.01809930 0.22372494 0.00914035 0.02971169 0.02995099 0.01456830 0.26129993 0.04781559
44 0.05127043 0.01117831 0.01824551 0.00438695 0.01058471 0.01743121 0.00716834 0.01574641 0.01083371 0.16815909 0.28524016 0.01301731 0.03830372 0.05119773 0.00823635 0.02859432 0.03643192 0.00876770 0.01787001 0.19733611
45 0.03930380 0.02328260 0.04066940 0.01666980 0.00680582 0.02251360 0.03615640 0.02549400 0.08247470 0.04500750 0.05304100 0.03302720 0.02656720 0.21520400 0.01005900 0.04073930 0.02900480 0.01672010 0.18398000 0.05327980
46 0.05788508 0.02434939 0.02241239 0.01121390 0.00858443 0.02205919 0.01663579 0.02836219 0.01468319 0.12528995 0.28928488 0.02574389 0.05056508 0.05316118 0.01408989 0.03975098 0.04000388 0.01107460 0.02529419 0.11955595
47 0.08009104 0.04302647 0.03990717 0.04753287 0.01450149 0.12334391 0.08372994 0.05741156 0.02718738 0.05133626 0.07053805 0.07061475 0.02506588 0.03083288 0.01639349 0.08026704 0.04007037 0.00708372 0.02222118 0.06884455
48 0.14033714 0.01950852 0.02481443 0.01102451 0.01611532 0.02598693 0.02429082 0.02923723 0.01828672 0.10614011 0.11398112 0.02457543 0.03413433 0.02646033 0.02713333 0.06480877 0.03860984 0.00673359 0.01395731 0.23386424
49 0.11092699 0.04188810 0.01929310 0.00865026 0.02329480 0.01653280 0.01348110 0.14707898 0.00866363 0.01117720 0.02627020 0.00824627 0.00933010 0.01331090 0.00884406 0.26796497 0.23696797 0.00776125 0.00491074 0.01540660
50 0.08258973 0.03171781 0.05424882 0.29607211 0.00651795 0.04234372 0.21676108 0.06342122 0.02297251 0.01913941 0.01622211 0.03345001 0.00831313 0.00355032 0.00318397 0.05305702 0.03001071 0.00270557 0.00385204 0.00987074
51 0.04571862 0.00581604 0.01080621 0.00219246 0.01364831 0.01854451 0.00383299 0.01567461 0.00410467 0.28918314 0.17312609 0.00896410 0.04076522 0.03349082 0.00696142 0.01893721 0.03231382 0.00128382 0.02183381 0.25280213
52 0.03661919 0.03667579 0.03034060 0.07562739 0.00732035 0.06299019 0.30749396 0.03221630 0.11922998 0.01298450 0.02388970 0.04376099 0.01196310 0.02674100 0.00873024 0.07081339 0.02696910 0.00719395 0.01258900 0.04585129
53 0.05342154 0.01151521 0.01937651 0.01437431 0.01269481 0.01924861 0.01242971 0.02186771 0.00791492 0.25137717 0.17175812 0.01146051 0.04584673 0.05689754 0.01193931 0.02942112 0.03702803 0.00203841 0.03717263 0.17221712
54 0.17976806 0.04562082 0.12483304 0.04011511 0.01689261 0.03377981 0.04411712 0.07283243 0.02939791 0.03115421 0.05510622 0.04368522 0.01655871 0.02392601 0.02943011 0.09469593 0.04692332 0.00593005 0.01439921 0.05083412
55 0.29089686 0.02282189 0.02721919 0.03015099 0.02640439 0.02808649 0.04163838 0.07350967 0.01544799 0.04204198 0.05723357 0.02767999 0.01564469 0.02344029 0.02436669 0.13079494 0.05194228 0.00705987 0.01285009 0.05076978
56 0.04101562 0.00436191 0.00918995 0.00077443 0.01232181 0.01722091 0.00196313 0.01303441 0.00203957 0.29620114 0.20805510 0.00659752 0.04402842 0.03770082 0.00355649 0.01669661 0.03130621 0.00076363 0.01950221 0.23367011
57 0.14044508 0.03912342 0.03795862 0.03148012 0.02311781 0.03609942 0.04844303 0.06043554 0.01865011 0.02868392 0.04944533 0.03701282 0.01841481 0.02551672 0.02900662 0.21696413 0.08412165 0.01293061 0.01424121 0.04790903
58 0.07157603 0.02942301 0.03032961 0.01184310 0.01512251 0.02197881 0.02125601 0.03077521 0.01517251 0.12085505 0.13686805 0.02467931 0.03043741 0.03902942 0.02186861 0.06709843 0.10395004 0.01423541 0.02287841 0.17062307
59 0.04016933 0.02018892 0.01412991 0.00561552 0.00877371 0.01175901 0.01073971 0.01704471 0.00392907 0.22703719 0.24323221 0.00820617 0.13613112 0.03264753 0.01823812 0.02456812 0.03099963 0.00140310 0.01319381 0.13199311
60 0.05833453 0.11198706 0.04722222 0.03519442 0.00789765 0.05578773 0.07076854 0.04184762 0.02497941 0.01711411 0.04935262 0.22897011 0.01587421 0.02785141 0.03706992 0.05923923 0.03651382 0.00667525 0.02043701 0.04688312
61 0.04490468 0.02686079 0.02713009 0.01194070 0.00937648 0.02334909 0.01647979 0.02484309 0.02266779 0.10496396 0.13307995 0.02579269 0.08456227 0.11852595 0.01987829 0.05230958 0.08123487 0.03036759 0.05910848 0.08262387
62 0.05365982 0.12114604 0.04624061 0.01895981 0.00454300 0.12332304 0.09335753 0.02316421 0.02614781 0.00734920 0.03874441 0.27119008 0.01070800 0.01859121 0.01785801 0.05102672 0.03437351 0.00264493 0.00960527 0.02736681
63 0.05499345 0.01161721 0.01980972 0.01435091 0.01258211 0.01922362 0.01171451 0.02070342 0.00764224 0.25040925 0.17159417 0.01143051 0.04625825 0.05610126 0.01242171 0.02935003 0.03806984 0.00239747 0.03647514 0.17285517
64 0.06355989 0.05544810 0.14392299 0.06220260 0.01552720 0.03486880 0.05247580 0.07414829 0.02908780 0.04088480 0.06083740 0.05615870 0.02172290 0.03381660 0.03884650 0.07889139 0.04593990 0.00734388 0.02535900 0.05895750
65 0.04864648 0.08820716 0.10398895 0.02822729 0.00674717 0.04224498 0.02675669 0.03165808 0.02455069 0.03232818 0.11729894 0.14426793 0.01733049 0.02453189 0.03789958 0.06147077 0.08730056 0.00816503 0.01769529 0.05068387
66 0.06794017 0.04619798 0.04266868 0.11130895 0.00855168 0.05718447 0.25754789 0.06836897 0.03782418 0.01705749 0.02841179 0.05857427 0.01358219 0.01597989 0.01277479 0.06754287 0.02895959 0.00528606 0.01170419 0.04253388
67 0.08124246 0.03395858 0.05369778 0.28014287 0.00645935 0.04206618 0.22206290 0.06915177 0.02308329 0.01840999 0.01663989 0.03506218 0.00775059 0.00402936 0.00415153 0.05452188 0.02933019 0.00281937 0.00412365 0.01129619
68 0.38608098 0.00700429 0.01597850 0.01157200 0.04299420 0.02260370 0.02774670 0.07312110 0.00850514 0.01398700 0.02164750 0.01701400 0.00581601 0.00889763 0.01413160 0.23646199 0.05485410 0.00375838 0.00453351 0.02329170
69 0.08634851 0.04816290 0.03349490 0.02542550 0.02021580 0.02580250 0.03086850 0.07185051 0.01570950 0.04966920 0.07323851 0.03172800 0.02277180 0.03507200 0.02242670 0.13867901 0.17663902 0.01804190 0.02181510 0.05204011
70 0.04629170 0.00774052 0.01078240 0.00221662 0.01289000 0.01631300 0.00525044 0.01504140 0.00274571 0.27277100 0.18813000 0.00767365 0.07153010 0.03201780 0.01273880 0.01964090 0.03222250 0.00094907 0.01790740 0.22514700
71 0.04600527 0.19983688 0.05547717 0.02355499 0.00531689 0.08661665 0.04828307 0.02054689 0.02444609 0.00562507 0.03093898 0.26031684 0.00824046 0.01429419 0.01959369 0.07319856 0.04543817 0.00219354 0.00572114 0.02435549
72 0.06825432 0.02534401 0.06747731 0.26254306 0.00886948 0.07799042 0.14155103 0.05386841 0.02989571 0.02668361 0.01792770 0.04018701 0.02142120 0.00855123 0.00978108 0.08453422 0.03028741 0.00377010 0.00595239 0.01511030
73 0.06816644 0.04728473 0.04237392 0.10999906 0.00884421 0.05703563 0.25854415 0.06627854 0.03767232 0.01673101 0.02894722 0.05928033 0.01316771 0.01553621 0.01356771 0.06762864 0.02930422 0.00565173 0.01162771 0.04235852
74 0.04041358 0.22046591 0.02559499 0.02832569 0.00759851 0.01801349 0.16345293 0.04089778 0.02151259 0.01276609 0.02428249 0.08357217 0.01461059 0.01625219 0.11564695 0.07813897 0.02684479 0.00445879 0.01196510 0.04518638
75 0.03627590 0.00865231 0.02187050 0.01336210 0.00696564 0.01448870 0.00727804 0.02014960 0.01479210 0.16403000 0.12340800 0.00796210 0.02699990 0.21597101 0.00554927 0.02851300 0.03116250 0.00281731 0.16347600 0.08627600
76 0.28884296 0.02540540 0.02698130 0.02902870 0.02654960 0.02813170 0.03991199 0.07100389 0.01558640 0.04343459 0.05740619 0.02809310 0.01608680 0.02392390 0.02468570 0.13003998 0.05332799 0.00658235 0.01297870 0.05199879
77 0.08025873 0.02781821 0.03541141 0.01545291 0.01000330 0.02612491 0.02044921 0.04301171 0.01760071 0.08242303 0.23095508 0.02595491 0.03784361 0.04169271 0.02210091 0.11850004 0.05685852 0.00873206 0.01329330 0.08551473
78 0.08517031 0.02468010 0.03705400 0.06851051 0.00790197 0.13123301 0.22441702 0.03502230 0.04263580 0.01185120 0.02677920 0.07504721 0.01020710 0.01170900 0.01020980 0.12321301 0.02935660 0.00452505 0.00494820 0.03552860
79 0.38329791 0.00637188 0.01616910 0.00854713 0.03557669 0.01682710 0.02482859 0.08812398 0.00824571 0.01351920 0.02305879 0.01189380 0.00489859 0.01099190 0.01086810 0.21588395 0.08710568 0.00479110 0.00570612 0.02329469
80 0.40480363 0.00335297 0.01164569 0.00297572 0.07402123 0.02003258 0.01512319 0.06073534 0.00480042 0.01281719 0.01134829 0.01693288 0.00420762 0.00403084 0.01453189 0.27138375 0.04697356 0.00132175 0.00248399 0.01647749
81 0.04917599 0.08516407 0.04134779 0.04924229 0.00449190 0.07274758 0.15444895 0.04382839 0.02517119 0.00854446 0.02830549 0.24982293 0.01175050 0.02571439 0.02089989 0.04912189 0.02604869 0.00380984 0.01719299 0.03317079
82 0.07185232 0.02923401 0.04100481 0.01549180 0.01941060 0.01691690 0.02011290 0.03542591 0.00804068 0.15550804 0.09930002 0.01376550 0.03433701 0.03966521 0.02693301 0.13674003 0.13231203 0.00583588 0.01885900 0.07925432
83 0.02602702 0.02088141 0.01635211 0.01476251 0.00440356 0.01623701 0.01067671 0.01729101 0.02648562 0.06295404 0.13480110 0.02836932 0.02325722 0.22675216 0.00853764 0.02047631 0.03044072 0.02319162 0.24195917 0.04614373
84 0.06430081 0.08510562 0.04764371 0.03360341 0.00796819 0.14106303 0.09983612 0.03600981 0.02684661 0.01535460 0.04963301 0.19682904 0.01449450 0.01869760 0.01719230 0.06000221 0.03132071 0.00451511 0.01333850 0.03624511
85 0.07685007 0.03531278 0.05302638 0.24808289 0.00610206 0.04168338 0.24647489 0.07901457 0.02646679 0.01561789 0.01515509 0.03523618 0.00672467 0.00438894 0.00384933 0.05712998 0.02704909 0.00274372 0.00415981 0.01493149
86 0.05128563 0.01148971 0.01753191 0.00433476 0.01017561 0.01783561 0.00737641 0.01541741 0.01058731 0.16940110 0.28597017 0.01380201 0.03832632 0.05107303 0.00871423 0.02802842 0.03636042 0.00837502 0.01782481 0.19609012
87 0.04565822 0.00548128 0.00945826 0.00177020 0.01453750 0.01855881 0.00411684 0.01575471 0.00413476 0.28841410 0.16746606 0.00898497 0.03985101 0.03085351 0.00633668 0.01774391 0.03190381 0.00117128 0.02067001 0.26713409
88 0.04514138 0.17564990 0.04944897 0.02943918 0.01390659 0.02645189 0.05552017 0.05917737 0.01566909 0.01666999 0.03641538 0.07085666 0.01146049 0.01973669 0.04665327 0.16449991 0.10531894 0.01080229 0.00623355 0.04094828
89 0.14319000 0.03824590 0.03746700 0.03228490 0.02323950 0.03526400 0.04940620 0.06038200 0.01769930 0.02942330 0.05049130 0.03530750 0.01738540 0.02467210 0.02984970 0.21832500 0.08323230 0.01239000 0.01307210 0.04867250
90 0.04626120 0.02986830 0.10881699 0.25603498 0.01328830 0.05324770 0.12141699 0.10383899 0.02463480 0.02779470 0.01683000 0.04445340 0.01847870 0.01057330 0.01919200 0.04983950 0.02520640 0.00416145 0.00941982 0.01664250
91 0.06070033 0.02834511 0.02681171 0.01220131 0.01504261 0.02564441 0.02984261 0.02695941 0.01825481 0.13845007 0.13390506 0.02952001 0.03739392 0.03402262 0.02095051 0.04822212 0.03424372 0.00699262 0.02022391 0.25227312
92 0.05723393 0.02396251 0.02218151 0.01101391 0.00864593 0.02090591 0.01686271 0.02785511 0.01447611 0.12461106 0.29429914 0.02455741 0.05071462 0.05457923 0.01368261 0.03952912 0.03927442 0.01073071 0.02423301 0.12065106
93 0.05720022 0.11100703 0.04702271 0.03506561 0.00758290 0.05589842 0.07154742 0.04192351 0.02546991 0.01781150 0.05143621 0.22610206 0.01659470 0.02785871 0.03743211 0.05803212 0.03669761 0.00727603 0.02192721 0.04611401
94 0.04064358 0.00384368 0.00840470 0.00067067 0.01248319 0.01764819 0.00152783 0.01281009 0.00187508 0.30423088 0.20057792 0.00637393 0.04322678 0.03612159 0.00311060 0.01529829 0.03127199 0.00056132 0.01988479 0.23943490
95 0.06500228 0.05479608 0.14433895 0.06219928 0.01639129 0.03369179 0.05041698 0.07381817 0.02870169 0.04092769 0.06193648 0.05517938 0.02168039 0.03391369 0.04114699 0.07966357 0.04479898 0.00724315 0.02400829 0.06014488
96 0.05764416 0.11182692 0.04705357 0.03566448 0.00742734 0.05582496 0.07134315 0.04177497 0.02533198 0.01818119 0.05113686 0.22687984 0.01659879 0.02831478 0.03539148 0.05829016 0.03604777 0.00682735 0.02203898 0.04640127
97 0.04087178 0.00368202 0.00844157 0.00061388 0.01255109 0.01750859 0.00159272 0.01285909 0.00173743 0.30534587 0.19956391 0.00630487 0.04269898 0.03535408 0.00319893 0.01552089 0.03134339 0.00060572 0.01999829 0.24020690
98 0.05776772 0.02382441 0.02251931 0.01055230 0.00841812 0.02106241 0.01704610 0.02827951 0.01496560 0.12344403 0.29236208 0.02464231 0.05033881 0.05484112 0.01351960 0.03919221 0.04007901 0.01130050 0.02552381 0.12032103
99 0.06828126 0.04948557 0.19848489 0.03773118 0.01845809 0.02579299 0.03092568 0.05817747 0.02620579 0.02836948 0.04914417 0.04496997 0.02184949 0.02147039 0.04399457 0.14706092 0.05412267 0.00651957 0.01149459 0.05746127
100 0.03953907 0.09006634 0.03058198 0.01563669 0.00315716 0.05063167 0.12821891 0.02063239 0.03126058 0.00613867 0.03050398 0.30178080 0.01779389 0.06821325 0.02307988 0.03920157 0.02478428 0.00894953 0.03766917 0.03216018
101 0.07007038 0.04690809 0.04298269 0.11120197 0.00896076 0.05699788 0.25640092 0.06742668 0.03712069 0.01681389 0.02821719 0.05874838 0.01343880 0.01555470 0.01318100 0.06830768 0.02957779 0.00502655 0.01074650 0.04231749
102 0.05494749 0.12492898 0.04870849 0.02643690 0.00739393 0.05031919 0.04925189 0.03331279 0.02297560 0.01727160 0.04792339 0.23459296 0.01446020 0.02494600 0.03927049 0.05907979 0.07722329 0.00911854 0.01716200 0.04067649
103 0.05695577 0.02469079 0.02250449 0.01093949 0.00840891 0.02135259 0.01660079 0.02818209 0.01458649 0.12512494 0.29087985 0.02590199 0.05128887 0.05401257 0.01515319 0.03955188 0.03922298 0.01104529 0.02496009 0.11863694
104 0.20598216 0.03282003 0.03297443 0.01447771 0.07050835 0.01976842 0.02124272 0.17933114 0.01114951 0.01388011 0.02227602 0.01455861 0.01044411 0.00929772 0.01684471 0.20301016 0.09420207 0.00410537 0.00432814 0.01879851
105 0.26671494 0.02162920 0.03052059 0.10451198 0.01509350 0.03883729 0.16412896 0.04881039 0.01432430 0.01486460 0.02335079 0.03776629 0.00818880 0.00964581 0.01103420 0.11064697 0.04610989 0.00360134 0.00509388 0.02512629
106 0.07669457 0.03464469 0.05344288 0.24472191 0.00605187 0.04236738 0.24759591 0.08055607 0.02646919 0.01530519 0.01563939 0.03513899 0.00651675 0.00423358 0.00390960 0.05755078 0.02673099 0.00291053 0.00439134 0.01512839
107 0.05298711 0.01187260 0.01945950 0.01491790 0.01257970 0.01912110 0.01250200 0.02055090 0.00776254 0.25037804 0.17314003 0.01117700 0.04677811 0.05718091 0.01264010 0.02881370 0.03726841 0.00200901 0.03667231 0.17218903
108 0.06163999 0.04055709 0.02613169 0.01673480 0.01328340 0.02115690 0.02712999 0.02476350 0.02637989 0.01505080 0.09095258 0.02862779 0.02462480 0.07586908 0.01598720 0.09823578 0.08801018 0.20881096 0.04800759 0.04804599
109 0.04576878 0.00568372 0.01182000 0.00183815 0.01402979 0.01826059 0.00325020 0.01520739 0.00326364 0.29476089 0.16619894 0.00815597 0.03851649 0.03134289 0.00772626 0.01989479 0.04299818 0.00128623 0.02083319 0.24916391
110 0.05351909 0.02993740 0.02971190 0.02583750 0.01446200 0.03004430 0.02768830 0.03135149 0.01668420 0.11222498 0.16428897 0.02692160 0.14043198 0.03669619 0.03485539 0.04958449 0.04250219 0.00900816 0.02217290 0.10207698
111 0.04205581 0.02682131 0.02620051 0.00930377 0.00685565 0.01669001 0.01604890 0.02438771 0.00890238 0.12968004 0.27192108 0.01586320 0.13161004 0.03587701 0.02842531 0.07345902 0.03887831 0.00504169 0.01070100 0.08127723
112 0.03109731 0.02130950 0.01255710 0.00220371 0.00568001 0.00953748 0.00929873 0.01462180 0.00252499 0.21775405 0.30127607 0.00798703 0.13151203 0.03697211 0.01085540 0.02390841 0.02646991 0.00091512 0.01125120 0.12226803
113 0.14364710 0.03905893 0.03680963 0.03219852 0.02348342 0.03483102 0.05140824 0.06075644 0.01845661 0.02773232 0.04821223 0.03524292 0.01756421 0.02526962 0.02816352 0.21886315 0.08374796 0.01311961 0.01403791 0.04739663
114 0.08364163 0.04368872 0.04028412 0.04966632 0.01479391 0.12421305 0.08267103 0.05804822 0.02724521 0.05002812 0.06851943 0.07106983 0.02581291 0.02887121 0.01627111 0.07987423 0.03911712 0.00775120 0.02113241 0.06730023
115 0.06035562 0.02737341 0.02759391 0.01266110 0.01559340 0.02488651 0.03080861 0.02807971 0.01841671 0.13907004 0.13331704 0.02928281 0.03672311 0.03458501 0.02272571 0.04657651 0.03532621 0.00652252 0.02041001 0.24969207
116 0.04151258 0.12497195 0.05054498 0.06583238 0.08045137 0.03319389 0.14369695 0.11526096 0.02248019 0.02293589 0.02182239 0.04484698 0.01545149 0.01249770 0.02419519 0.06719598 0.04655078 0.00654496 0.00946301 0.05055038
117 0.08171850 0.04414340 0.04100970 0.04977130 0.01387180 0.12378099 0.08306170 0.05836840 0.02721010 0.05102250 0.06995120 0.07141660 0.02481730 0.03040720 0.01665260 0.07785750 0.03872790 0.00687245 0.02213960 0.06719930
118 0.08147877 0.02998059 0.02870819 0.01576650 0.02155149 0.02175969 0.01967009 0.25332892 0.01727689 0.04011509 0.05929638 0.01627639 0.07585938 0.01884169 0.02342669 0.09029317 0.13323496 0.00646233 0.00927258 0.03740019
119 0.05637239 0.02421610 0.02286390 0.01040650 0.00841788 0.02199400 0.01648420 0.02849469 0.01468600 0.12598098 0.29246495 0.02548940 0.05063089 0.05375319 0.01368730 0.03940909 0.03983579 0.01093190 0.02499290 0.11888798
120 0.29097595 0.02349580 0.02716690 0.02956349 0.02557480 0.02837249 0.04051849 0.07237959 0.01609950 0.04363109 0.05703109 0.02833019 0.01604910 0.02374000 0.02478580 0.12846998 0.05279699 0.00658668 0.01321810 0.05121399
121 0.29069113 0.02464481 0.02650681 0.02995701 0.02626671 0.02802811 0.04157262 0.07299343 0.01518531 0.04217782 0.05748733 0.02831881 0.01531211 0.02301401 0.02491831 0.12982906 0.05366072 0.00686405 0.01215721 0.05041462
122 0.06804890 0.05944570 0.05312930 0.07704519 0.02222090 0.08661359 0.07672119 0.28313298 0.01863370 0.01919270 0.03426980 0.04017690 0.01198350 0.01617930 0.01192470 0.04696150 0.02996130 0.00360727 0.01097580 0.02977580
123 0.04736615 0.07442662 0.04813345 0.02230098 0.01155509 0.01622158 0.02603777 0.03090477 0.00995865 0.17529982 0.12545287 0.02412618 0.04706535 0.03798006 0.02450628 0.07427152 0.11881788 0.00556365 0.01215319 0.06785813
124 0.04278959 0.01159530 0.01785699 0.00411634 0.01018200 0.01479470 0.00522104 0.01543980 0.00373632 0.26409292 0.21967894 0.00829548 0.05183658 0.04523259 0.00818371 0.02833849 0.04825649 0.00176580 0.01891299 0.17967395
125 0.04911154 0.01056681 0.01845651 0.00436378 0.01321041 0.01914592 0.00769976 0.01597971 0.01188751 0.18403415 0.22720518 0.01325091 0.03625533 0.04002713 0.00918541 0.02730692 0.03383793 0.00735759 0.01830831 0.25280920
126 0.04338880 0.02023960 0.07890540 0.23022601 0.01933140 0.05859410 0.06952840 0.03628210 0.03435380 0.03728570 0.02959070 0.02936180 0.10257100 0.01612290 0.03010720 0.06534130 0.04526600 0.00666549 0.00952797 0.03731030
127 0.09255606 0.05458254 0.04974233 0.03799323 0.02070971 0.02386412 0.03027212 0.04247513 0.01110051 0.02256361 0.04021903 0.05566344 0.02659222 0.01789481 0.17154211 0.17616712 0.04584093 0.00713267 0.00728497 0.06580334
128 0.06506959 0.05434119 0.14306298 0.06250579 0.01573980 0.03424060 0.05218889 0.07422929 0.02893240 0.04166049 0.06073329 0.05594749 0.02264800 0.03455270 0.03944429 0.07763169 0.04473749 0.00701693 0.02476330 0.06055379
129 0.04002587 0.01248499 0.01464759 0.00302327 0.00850630 0.01484609 0.00699164 0.01527469 0.00390171 0.24389680 0.27082777 0.00940626 0.06452115 0.04794406 0.00702897 0.02562388 0.03052627 0.00129195 0.01590189 0.16332886
130 0.06634671 0.02011670 0.02792691 0.00780083 0.05605431 0.02235570 0.02370120 0.02899751 0.01488380 0.13681203 0.11397902 0.01724340 0.03912211 0.02374860 0.01842180 0.04135971 0.03548041 0.00600197 0.01597820 0.28366906
131 0.05602708 0.20968594 0.04781809 0.03670339 0.01234870 0.03712109 0.05784598 0.06725168 0.01954459 0.02052719 0.05169438 0.10784197 0.01918799 0.02262369 0.04505989 0.06772828 0.05185448 0.00836840 0.01370580 0.04706139
132 0.05161299 0.01118630 0.01763000 0.00433714 0.01057690 0.01751590 0.00724411 0.01495670 0.01088900 0.17093698 0.28452796 0.01336870 0.03767290 0.05159679 0.00845161 0.02828310 0.03584590 0.00863587 0.01817920 0.19655197
133 0.06518392 0.03668641 0.06421862 0.25584909 0.00932215 0.04430582 0.14494705 0.07703723 0.02361881 0.02584051 0.02497141 0.04037631 0.01591741 0.02022811 0.01953051 0.05684452 0.03213911 0.00435160 0.01755801 0.02107341
134 0.10047799 0.01516960 0.01730810 0.00530432 0.00929819 0.01502470 0.00791889 0.01376150 0.02066930 0.02413390 0.29423197 0.01757830 0.01636020 0.06458419 0.01002550 0.03508710 0.06784509 0.07494389 0.03522830 0.15504898
135 0.09208322 0.03072821 0.03281991 0.01976001 0.01229210 0.02790011 0.02522401 0.16845205 0.02313221 0.06201752 0.20554006 0.02845461 0.03070951 0.02726701 0.01853461 0.06472752 0.04729651 0.00577193 0.01485610 0.06243282
136 0.03265811 0.01815180 0.02607851 0.01936191 0.00644273 0.01783150 0.01673100 0.02771521 0.03121551 0.07113582 0.07125932 0.02662871 0.01843810 0.22394806 0.00962921 0.02954721 0.03056221 0.01431420 0.26083607 0.04751481
137 0.05709323 0.02473971 0.02252881 0.01030131 0.00860835 0.02191261 0.01636731 0.02887452 0.01469221 0.12539007 0.28919716 0.02636301 0.05016833 0.05429303 0.01471911 0.03968402 0.03965852 0.01083581 0.02584381 0.11872907
138 0.04609459 0.02145759 0.02691789 0.01805859 0.00725221 0.01875609 0.01780329 0.03048259 0.02511379 0.08135287 0.09174677 0.02552369 0.02107569 0.22776693 0.01230520 0.04085079 0.03671359 0.01576650 0.18012994 0.05483138
139 0.08278702 0.04682651 0.04791981 0.05675482 0.02044001 0.03107901 0.05822332 0.31244709 0.01906121 0.02512301 0.04087251 0.03254261 0.01440890 0.02056851 0.02208371 0.06697612 0.05001711 0.00383952 0.01574320 0.03228601
140 0.03915119 0.00830233 0.01770040 0.00619755 0.00898699 0.01523800 0.00436001 0.01598310 0.00717248 0.24459496 0.17919397 0.00724864 0.03848839 0.12020698 0.00537165 0.02553240 0.03347769 0.00137063 0.07154169 0.14988097
141 0.19567304 0.02374500 0.02175160 0.02040070 0.02641891 0.01615830 0.02613521 0.03077841 0.00788614 0.07529842 0.03794251 0.01739810 0.10811202 0.01167770 0.17199104 0.06753671 0.04226341 0.00576340 0.00463995 0.08842942
142 0.05883646 0.02809908 0.02787718 0.01222349 0.01497469 0.02455858 0.02997608 0.02686908 0.01841249 0.14119291 0.13417591 0.02881218 0.03687018 0.03478418 0.02138759 0.04680797 0.03481508 0.00647895 0.02004409 0.25280384
143 0.08204079 0.04557229 0.04805869 0.05635759 0.02114820 0.03140709 0.05790629 0.31462194 0.01887160 0.02571340 0.04188809 0.03334479 0.01425460 0.02055640 0.01873430 0.06732699 0.04901529 0.00381028 0.01591590 0.03345549
144 0.29803398 0.02437320 0.02740620 0.02287160 0.03902810 0.04461310 0.04212430 0.04060960 0.01345090 0.01284500 0.02345070 0.07678609 0.00777109 0.01256610 0.02147740 0.21684198 0.03701630 0.00526208 0.00511520 0.02835710
145 0.33395529 0.01049981 0.02350162 0.01357261 0.03171563 0.01901852 0.02340412 0.15858814 0.01398401 0.01000211 0.02539872 0.01265911 0.00600798 0.01131841 0.01292291 0.20548318 0.06256545 0.00257982 0.00420084 0.01862172
146 0.03976629 0.00563585 0.01080570 0.00113841 0.01118160 0.01642000 0.00274591 0.01290800 0.00243556 0.27782893 0.23329494 0.00717504 0.04792819 0.04182229 0.00418646 0.01890350 0.03022049 0.00083031 0.01746860 0.21730395
147 0.31424103 0.01078080 0.01917430 0.01443190 0.04009190 0.03507440 0.02939570 0.05932531 0.00985016 0.01416160 0.02466890 0.02156490 0.00816601 0.01106690 0.01724540 0.28037303 0.05037771 0.00528090 0.00578542 0.02894370
148 0.06622886 0.02669599 0.05918427 0.11586194 0.01608649 0.04132598 0.13825592 0.15957291 0.02011729 0.07523066 0.05291647 0.03423428 0.02160739 0.01926839 0.01722719 0.05799867 0.02955698 0.00469206 0.01439399 0.02954428
149 0.03986620 0.00887495 0.01234930 0.00165173 0.01005150 0.01528870 0.00411405 0.01393450 0.00255441 0.28093500 0.23493500 0.00737354 0.05632390 0.04271640 0.00505643 0.02145030 0.03105850 0.00069678 0.01718680 0.19358200
150 0.03146378 0.02214158 0.01202849 0.00214292 0.00577145 0.00944481 0.00980916 0.01562899 0.00279469 0.21487385 0.29526679 0.00807042 0.14043990 0.03454778 0.01202269 0.02362908 0.02652558 0.00090413 0.01160899 0.12088491
151 0.04980745 0.04266826 0.03881036 0.02325288 0.00823432 0.02194108 0.01986638 0.03757876 0.01456029 0.05815684 0.17506682 0.05093255 0.05982514 0.03195317 0.15074585 0.06482144 0.04594125 0.00876576 0.02401208 0.07305933
152 0.05654829 0.21169896 0.04682699 0.03748289 0.01175550 0.03752329 0.05872759 0.06800079 0.01925320 0.01965020 0.04986459 0.10918198 0.01850880 0.02158740 0.04623209 0.06745759 0.05136349 0.00814339 0.01377400 0.04641899
153 0.07711948 0.07226088 0.05409968 0.03414429 0.01463060 0.01988069 0.02546889 0.05199428 0.01294490 0.03359909 0.04930479 0.06220548 0.03120329 0.01882899 0.23752593 0.08018248 0.04401109 0.00595549 0.01323140 0.06140828
154 0.04772323 0.02017551 0.02718362 0.01833081 0.00737002 0.01874981 0.01804341 0.03111712 0.02462791 0.07851235 0.09367025 0.02433941 0.02048801 0.22944013 0.01122661 0.04224032 0.03727152 0.01569091 0.17957810 0.05422093
155 0.30618314 0.01407451 0.02596781 0.01334571 0.02492311 0.01771651 0.02149881 0.21494710 0.01671621 0.01009680 0.02909231 0.01093650 0.00691074 0.01321901 0.01319371 0.17012308 0.06730263 0.00236796 0.00441595 0.01696841
156 0.06470688 0.05572519 0.14346896 0.06363068 0.01580380 0.03441659 0.05178609 0.07434598 0.02768949 0.04154099 0.06146858 0.05624939 0.02215009 0.03396979 0.04021389 0.07776638 0.04542279 0.00656566 0.02471719 0.05836158
157 0.03637922 0.01484971 0.01427261 0.00245760 0.00817450 0.01403051 0.00757184 0.01436451 0.00539589 0.20494909 0.27825712 0.01056560 0.09777634 0.03938472 0.01039040 0.02413421 0.02793461 0.00336845 0.01582601 0.16991707
158 0.02575761 0.00690431 0.02248741 0.03366981 0.00428506 0.01218420 0.00954731 0.02605451 0.02152491 0.06317102 0.03324791 0.01077770 0.00767147 0.32826911 0.00392898 0.02547731 0.02504971 0.00604405 0.31740710 0.01654051
159 0.04359467 0.00297170 0.00762111 0.00073433 0.01402229 0.01844869 0.00165224 0.01408509 0.00234490 0.31220981 0.17336789 0.00666259 0.03906428 0.03042708 0.00434103 0.01418879 0.03235698 0.00062821 0.02091149 0.26036684
160 0.05130910 0.12630901 0.08526911 0.03886360 0.00506458 0.10981701 0.08564431 0.03443980 0.02321640 0.00754769 0.02952750 0.24360702 0.00813805 0.01371400 0.01678980 0.05326670 0.03586310 0.00191738 0.00699531 0.02270050
161 0.03261000 0.01777090 0.02586730 0.01957600 0.00670487 0.01752990 0.01710800 0.02820030 0.03130790 0.07202031 0.06888011 0.02528020 0.01790860 0.22588103 0.00930021 0.02989460 0.03060570 0.01368910 0.26198003 0.04788491
162 0.03220791 0.01798690 0.02635491 0.01901180 0.00631837 0.01763550 0.01655580 0.02741481 0.03184751 0.07193162 0.06788541 0.02608501 0.01729760 0.22594305 0.00984961 0.02921371 0.03016271 0.01461250 0.26380906 0.04787621
163 0.12421395 0.03090489 0.06994057 0.19151493 0.00979835 0.04280608 0.13047295 0.16150794 0.01497249 0.01506309 0.01946299 0.03762579 0.00790164 0.01155530 0.02064799 0.06242228 0.02299909 0.00334282 0.00809558 0.01475129
164 0.04351140 0.00328649 0.00822326 0.00075866 0.01376040 0.01830130 0.00169231 0.01398180 0.00227528 0.31211599 0.17691000 0.00648353 0.03955420 0.03173980 0.00450614 0.01499740 0.03265900 0.00073685 0.02138920 0.25311699
165 0.08195066 0.03313522 0.05393614 0.28017020 0.00652223 0.04231993 0.22277816 0.06844615 0.02338972 0.01849011 0.01645901 0.03484022 0.00789787 0.00397637 0.00379903 0.05464204 0.02904692 0.00285970 0.00399230 0.01134801
166 0.03921762 0.01040220 0.01372111 0.00274390 0.00959932 0.01514491 0.00527813 0.01505441 0.00314074 0.26644211 0.24148910 0.00829366 0.05942632 0.04649982 0.00613570 0.02348451 0.03169021 0.00108835 0.01951781 0.18163007
167 0.13769708 0.03214732 0.03542132 0.02430741 0.02104411 0.01964311 0.02750872 0.23740814 0.01564671 0.01203761 0.03153452 0.01675551 0.01012501 0.01338111 0.01708121 0.21594012 0.10145306 0.00449284 0.00527139 0.02110371
168 0.05312951 0.03706011 0.12636402 0.02341520 0.01476060 0.02402160 0.03181250 0.03568870 0.04023381 0.04676771 0.08312801 0.03851281 0.02986750 0.03269780 0.03902871 0.07377331 0.03949721 0.00696556 0.01934830 0.20392703
169 0.08149348 0.04320789 0.03957539 0.04860829 0.01487200 0.12311497 0.08119048 0.05811028 0.02732299 0.05286879 0.07135598 0.06941228 0.02519579 0.03068529 0.01624420 0.07841798 0.04023299 0.00743468 0.02217139 0.06848488
170 0.03572691 0.03089551 0.01496191 0.00847364 0.00620586 0.02619301 0.01509381 0.01898611 0.02771251 0.08197483 0.22955109 0.04233612 0.03682381 0.09244774 0.01504911 0.02248851 0.03753452 0.03180691 0.13833206 0.08740603
171 0.05640617 0.21171490 0.04718648 0.03699748 0.01196919 0.03747358 0.05727217 0.06657167 0.01960489 0.02043229 0.05111158 0.10752195 0.01960979 0.02230909 0.04655678 0.06705037 0.05144108 0.00884005 0.01371219 0.04621828
172 0.03982461 0.00573729 0.01060830 0.00091236 0.01111700 0.01623400 0.00268142 0.01261280 0.00240131 0.27774104 0.23515203 0.00696792 0.04841811 0.04219441 0.00377715 0.01843470 0.02996470 0.00085212 0.01748770 0.21688103
173 0.06563125 0.03551177 0.06437555 0.25508380 0.00979894 0.04486507 0.14323889 0.07567544 0.02414748 0.02629058 0.02486278 0.04040027 0.01621149 0.02022238 0.02154458 0.05705306 0.03179798 0.00437463 0.01765709 0.02125698
174 0.06831833 0.04705122 0.04299722 0.10960706 0.00880413 0.05787463 0.25714013 0.06872714 0.03785242 0.01640311 0.02810951 0.05992323 0.01252621 0.01521851 0.01324231 0.06907604 0.02911831 0.00534696 0.01064471 0.04201882
175 0.06503780 0.03740370 0.06454380 0.25725099 0.00929287 0.04539810 0.14243599 0.07750670 0.02342960 0.02571120 0.02462040 0.04072450 0.01595000 0.01966930 0.02026380 0.05584190 0.03208000 0.00446428 0.01790870 0.02046640
176 0.06734833 0.05335842 0.05607212 0.13084805 0.00878476 0.01720101 0.03245401 0.04502482 0.01028030 0.02139011 0.03380501 0.06231052 0.02365371 0.01603831 0.19923808 0.09720664 0.03871072 0.00365292 0.00749342 0.07512873
177 0.05937222 0.02574921 0.02615381 0.01173540 0.01462091 0.02568701 0.02998181 0.02715931 0.01806731 0.14152706 0.13667505 0.02811791 0.03736651 0.03435591 0.01986531 0.04540882 0.03479511 0.00660400 0.02025321 0.25650410
178 0.19031309 0.01386751 0.02340601 0.00661793 0.08404814 0.02220881 0.01755161 0.03703142 0.01326081 0.09568104 0.07833754 0.01758211 0.03221101 0.01657751 0.02879461 0.08528154 0.04460352 0.00496261 0.01061010 0.17705308
179 0.05673135 0.01886118 0.03998207 0.07312414 0.00503335 0.13295689 0.32499674 0.04562196 0.04736506 0.01086469 0.02336828 0.06824294 0.00811746 0.01011119 0.00556191 0.05931235 0.01753769 0.00273596 0.00458512 0.04488966
