1 0.05660625 0.01326679 0.01398849 0.00330444 0.01750588 0.01122539 0.01047839 0.01008059 0.00657710 0.21729480 0.22325379 0.00668167 0.04526106 0.03415847 0.01083999 0.02953337 0.06168874 0.00588620 0.01368179 0.20868680
2 0.08723983 0.03648551 0.03013651 0.01720171 0.00706741 0.03465531 0.03447551 0.08164293 0.01944901 0.02864241 0.04878572 0.03521221 0.01926721 0.02170161 0.29913711 0.09518944 0.04288992 0.00660862 0.01233760 0.04187442
3 0.03609860 0.03434300 0.07321660 0.13825901 0.00989880 0.04228440 0.08995070 0.33641902 0.01716910 0.01773920 0.02182650 0.05020700 0.00663160 0.01901990 0.00975485 0.04874010 0.02486130 0.00238590 0.00939740 0.01179700
4 0.05991202 0.02933281 0.02720501 0.01258371 0.01536281 0.01742991 0.02615431 0.02137161 0.01857261 0.15905106 0.14725906 0.01966201 0.04375372 0.03403831 0.01646251 0.04485062 0.03881422 0.00839510 0.01961551 0.24017310
5 0.25447985 0.06712116 0.03704048 0.03142778 0.01123729 0.05002007 0.06004807 0.03739168 0.02252849 0.03331508 0.03129248 0.12552293 0.01430459 0.01675989 0.03064038 0.07219856 0.05350977 0.00647836 0.00779682 0.03688628
6 0.07566955 0.04345603 0.06166114 0.18740812 0.01051401 0.03317192 0.10427907 0.05090663 0.02150731 0.06437094 0.04137453 0.03979643 0.01395541 0.03365812 0.01858571 0.06926165 0.07079835 0.00697164 0.02295032 0.02970312
7 0.12125400 0.04701800 0.04919100 0.03996970 0.02056230 0.03477160 0.04833260 0.06432700 0.01798830 0.02635590 0.04690340 0.03596060 0.01999220 0.02446690 0.03707750 0.21255700 0.07944650 0.01196540 0.01540410 0.04645600
8 0.03063931 0.01796071 0.00743065 0.00305384 0.00922017 0.00969990 0.00716407 0.00765035 0.00290433 0.22887309 0.27025710 0.00563100 0.08989843 0.05857642 0.01216440 0.02232201 0.03152781 0.00284081 0.01602651 0.16615906
9 0.05923479 0.08783789 0.03078610 0.06399909 0.00866515 0.05775669 0.22403197 0.03944509 0.02526760 0.01112440 0.03259150 0.19211297 0.01204620 0.01275450 0.01005550 0.04637619 0.03087840 0.00633930 0.02160430 0.02709240
10 0.01891471 0.02070431 0.01032961 0.01541691 0.00752320 0.01130151 0.00821696 0.01625011 0.02544342 0.04491723 0.03369352 0.01570781 0.01990231 0.32217623 0.00487975 0.02885962 0.02870262 0.01170901 0.33293324 0.02241792
11 0.02774720 0.04513959 0.02018090 0.02805780 0.01894340 0.03165410 0.02529520 0.01196010 0.04285109 0.05209409 0.08387519 0.06935779 0.01180810 0.18870998 0.00838012 0.01921010 0.01273230 0.02970570 0.23979397 0.03250330
12 0.03797200 0.03197900 0.02076680 0.02174300 0.00948325 0.02035960 0.01625030 0.02240350 0.02409790 0.07595560 0.10329199 0.02473210 0.03296180 0.22272699 0.01200130 0.04027770 0.03538170 0.01258550 0.18150899 0.05352100
13 0.05943761 0.06494952 0.11250403 0.19005405 0.01109050 0.05754621 0.09753452 0.07159112 0.02266191 0.01615760 0.02163601 0.10853703 0.00702962 0.01876790 0.00812282 0.06680542 0.03256441 0.00276763 0.00799218 0.02224991
14 0.07358391 0.04490210 0.06830281 0.22379302 0.00780127 0.05110590 0.17421901 0.05215520 0.02255390 0.01901970 0.02810390 0.08604441 0.00493679 0.01058570 0.00733095 0.06720381 0.03131270 0.00290399 0.00666622 0.01747470
15 0.07062876 0.15622892 0.04737207 0.03920378 0.01174649 0.04719907 0.05843497 0.05514797 0.02290809 0.03185448 0.05550037 0.10640894 0.02473349 0.03438448 0.02209009 0.07578876 0.05493217 0.00980263 0.02294899 0.05268547
16 0.07008511 0.03355231 0.03357701 0.02016960 0.02270450 0.02338190 0.05028951 0.34467206 0.01233050 0.02894270 0.04487351 0.02391790 0.05958261 0.01930960 0.02865080 0.07035421 0.04136001 0.00588153 0.01172310 0.05464151
17 0.04438219 0.00978134 0.01005160 0.00264950 0.01615500 0.01197520 0.00614089 0.00679852 0.00422880 0.27718894 0.20210596 0.00511682 0.04050799 0.03275939 0.00691413 0.01419580 0.03339599 0.00353932 0.01691570 0.25519694
18 0.04523483 0.08850827 0.10578008 0.08284296 0.01055351 0.07597896 0.06395325 0.21217616 0.02321552 0.01366941 0.02419182 0.07988066 0.00870709 0.01846641 0.01298571 0.06216685 0.04265763 0.00302364 0.00660302 0.01940421
19 0.07627673 0.04555222 0.04244672 0.08118064 0.00577208 0.10991305 0.21270509 0.05759873 0.03744482 0.02002321 0.04738212 0.07602623 0.01769241 0.01377381 0.02226971 0.05545612 0.02751901 0.00539178 0.01218841 0.03338711
20 0.02624010 0.02769370 0.00885036 0.00374568 0.00356485 0.00924818 0.02336250 0.01191980 0.00653444 0.14591301 0.32091903 0.00715866 0.11611101 0.05624170 0.04778760 0.03913930 0.03610780 0.00287315 0.00604510 0.10054401
21 0.12209102 0.04645271 0.04731651 0.04012381 0.02076120 0.03373661 0.04872111 0.06626251 0.01772460 0.02668631 0.04687051 0.03581511 0.01995170 0.02427500 0.03727201 0.21199704 0.08083752 0.01221120 0.01503720 0.04585631
22 0.04462201 0.02525130 0.01748610 0.01488380 0.00983413 0.01876560 0.02447110 0.01999780 0.01334480 0.15733202 0.27587304 0.01754990 0.05820931 0.06073511 0.01597370 0.03589821 0.03337080 0.00651253 0.02071070 0.12917802
23 0.06587254 0.18920682 0.05585685 0.03257717 0.00751660 0.09846760 0.06050764 0.01555098 0.02126888 0.01317009 0.02359508 0.24074777 0.02386348 0.01950108 0.00600755 0.04388006 0.04374246 0.00246120 0.01703848 0.01916768
24 0.07545217 0.03518299 0.04353708 0.04124909 0.01287390 0.02891999 0.06576778 0.40563185 0.01171330 0.01932559 0.03171779 0.02750769 0.01328680 0.01489479 0.02909849 0.07227107 0.03806399 0.00337671 0.00847785 0.02165109
25 0.04987499 0.01641820 0.01397410 0.01333160 0.01403910 0.01650890 0.01361220 0.01707380 0.00777192 0.23657595 0.20521695 0.01111470 0.04523919 0.05375079 0.01028880 0.02441009 0.03438679 0.00444720 0.02916779 0.18279696
26 0.28174502 0.02517490 0.03605270 0.02973370 0.03172320 0.02394770 0.03554340 0.08200000 0.01140000 0.01666720 0.02451000 0.02306250 0.01290930 0.01143210 0.02471160 0.20793301 0.07253380 0.00734391 0.00769173 0.03388420
27 0.03284260 0.06099460 0.01287350 0.00766181 0.00475801 0.01564600 0.01470580 0.01357400 0.00714319 0.15271000 0.25375701 0.02751070 0.11970400 0.06234490 0.02094810 0.03589910 0.03348420 0.00427737 0.01332810 0.10583700
28 0.08300644 0.05158492 0.04558592 0.09345254 0.00887377 0.05345033 0.18512909 0.08719514 0.02740111 0.02142831 0.04373152 0.07182253 0.01800491 0.01593271 0.02175781 0.06985613 0.04181692 0.00764985 0.01358081 0.03873922
29 0.03774678 0.01116909 0.00959016 0.00114012 0.01281039 0.00901139 0.00569263 0.00717631 0.00197946 0.25511385 0.21817487 0.00346446 0.06418286 0.03562588 0.00934021 0.01455829 0.03033918 0.00357603 0.01322919 0.25607885
30 0.06877432 0.03903761 0.04497341 0.08099072 0.00791010 0.02826181 0.11883503 0.22864606 0.01509030 0.04676781 0.03347261 0.02619251 0.01099300 0.01020770 0.02154711 0.13502004 0.04428211 0.00453274 0.00514758 0.02931741
31 0.07708477 0.03623759 0.04371688 0.04069998 0.01326430 0.02914499 0.06472578 0.40572885 0.01150050 0.01931639 0.03204859 0.02740189 0.01335860 0.01487019 0.02792199 0.07155717 0.03705999 0.00364766 0.00857901 0.02213489
32 0.04145229 0.01466449 0.01379730 0.00419578 0.01317930 0.01156780 0.00944164 0.00806625 0.00913974 0.22321892 0.24299291 0.00692423 0.05009548 0.04369098 0.00953857 0.02140809 0.03268199 0.00484534 0.01666999 0.22242892
33 0.03103770 0.01271010 0.00563225 0.00167891 0.01042730 0.00840284 0.00305288 0.00345237 0.00142471 0.24952797 0.29561996 0.00257398 0.06518369 0.05800499 0.00704525 0.01594710 0.02631580 0.00216523 0.01314500 0.18665198
34 0.07809102 0.14432804 0.03068851 0.02365861 0.01012930 0.04723021 0.04948771 0.05119282 0.02055271 0.03101691 0.05148142 0.04417971 0.02213601 0.02331191 0.14573504 0.10831303 0.04012761 0.01056120 0.01396210 0.05381612
35 0.01847159 0.01978089 0.00977086 0.01406379 0.00679957 0.01046339 0.00794166 0.01646199 0.02350609 0.04502307 0.03021998 0.01346669 0.02135459 0.33437179 0.00505567 0.03041898 0.03050778 0.00974434 0.33127379 0.02130349
36 0.07226071 0.04874151 0.06628351 0.04571481 0.01242490 0.04754291 0.06747601 0.03643641 0.12350302 0.02912021 0.05939341 0.05195261 0.01711360 0.05345571 0.03106581 0.06254621 0.03959841 0.01294590 0.05459731 0.06782701
37 0.11543794 0.04171918 0.04752647 0.02020709 0.02533319 0.02639169 0.03053788 0.05288177 0.01221659 0.01996249 0.03565078 0.02070419 0.01872339 0.01796799 0.01971299 0.24938387 0.18244690 0.01591679 0.00893994 0.03833888
38 0.02952850 0.03110520 0.01652870 0.02158560 0.01180770 0.01962030 0.01987410 0.01856530 0.03263190 0.05984560 0.06156310 0.03275960 0.01927370 0.22908401 0.00991527 0.03153940 0.02694150 0.01795850 0.26670201 0.04317000
39 0.07116211 0.12093602 0.04305171 0.03264341 0.01237550 0.03391411 0.04529851 0.03546081 0.07610221 0.06572671 0.03882191 0.06304431 0.01476600 0.03369751 0.02385330 0.12255902 0.04602351 0.00952844 0.02021980 0.09081511
40 0.01822769 0.01985429 0.00950363 0.01429049 0.00667433 0.01018449 0.00801751 0.01658759 0.02376549 0.04423947 0.02964928 0.01398029 0.02089839 0.33460380 0.00475623 0.03030648 0.03036988 0.01001539 0.33307280 0.02100249
41 0.07307478 0.12203413 0.05504166 0.04860205 0.00976279 0.11057011 0.07683968 0.03152863 0.02792133 0.02082602 0.03812514 0.18313219 0.01992582 0.02493773 0.01320571 0.05212835 0.03876084 0.00529260 0.02336392 0.02492653
42 0.29206920 0.02374442 0.02615352 0.01793081 0.03479492 0.01466211 0.03294162 0.19292313 0.00572513 0.00988861 0.01629931 0.01145331 0.01133501 0.00721340 0.02230082 0.19215813 0.05927194 0.00446414 0.00328015 0.02139031
43 0.03620951 0.03221431 0.07059983 0.03798822 0.01567181 0.02499491 0.02550201 0.03097211 0.07427163 0.04891892 0.05926492 0.04027612 0.01362551 0.14658306 0.02193481 0.03508881 0.02172071 0.01925641 0.19330608 0.05160032
44 0.03740072 0.01636271 0.01086691 0.00412927 0.01099321 0.01050121 0.00859794 0.00642370 0.00665448 0.21409114 0.28383818 0.00670194 0.05790794 0.05372393 0.00971168 0.02172681 0.02972502 0.00380036 0.01447471 0.19236813
45 0.03003620 0.02503870 0.01137870 0.01255790 0.00831957 0.01354000 0.00960634 0.00778233 0.01299760 0.14531900 0.29167299 0.01628790 0.06319870 0.12249600 0.00977449 0.02685260 0.02183910 0.01126450 0.05955840 0.10047900
46 0.04514966 0.02538563 0.01639562 0.01392422 0.00989827 0.01894032 0.02345183 0.01941392 0.01239742 0.15879419 0.27646534 0.01825872 0.05864067 0.06126197 0.01616962 0.03548154 0.03273034 0.00636313 0.02126243 0.12961516
47 0.08270072 0.06454941 0.04705281 0.05260571 0.01143710 0.10809002 0.07701562 0.05166101 0.03136141 0.04574331 0.05973301 0.07849732 0.01972440 0.03353431 0.03070451 0.07769322 0.04273631 0.01147520 0.02524741 0.04843721
48 0.13718409 0.02592642 0.02892812 0.01522941 0.01945061 0.01971301 0.02638122 0.02619602 0.01821681 0.12316508 0.10299307 0.02136841 0.03314562 0.02206042 0.02767202 0.06361754 0.05217354 0.00932663 0.01350981 0.21374215
49 0.07776340 0.09298929 0.03591486 0.01936538 0.01235548 0.02460487 0.03658086 0.15225081 0.01265268 0.01787578 0.03041316 0.02129547 0.01029609 0.01342618 0.02720587 0.21069874 0.16236580 0.00968673 0.00480578 0.02745277
50 0.08645316 0.02782259 0.06710257 0.29533387 0.00770466 0.03339109 0.19275892 0.03980848 0.02095019 0.02009509 0.02530699 0.04086418 0.00365362 0.00724019 0.00721576 0.06680657 0.03842938 0.00302996 0.00407424 0.01195849
51 0.04453022 0.00943304 0.01069030 0.00274752 0.01605831 0.01184280 0.00611185 0.00688045 0.00432473 0.27786010 0.20146607 0.00477674 0.04022351 0.03268321 0.00721708 0.01369480 0.03336681 0.00360283 0.01707051 0.25541909
52 0.17455998 0.03659680 0.05429279 0.04301830 0.01176760 0.05206969 0.06276999 0.02836380 0.10381399 0.04085810 0.06045769 0.04452310 0.01331960 0.03490270 0.03697760 0.06750689 0.04298390 0.00877670 0.02457810 0.05786269
53 0.05049272 0.01637421 0.01360980 0.01220890 0.01412900 0.01619001 0.01237580 0.01545930 0.00768596 0.23843807 0.20477706 0.01119990 0.04478181 0.05296902 0.01113900 0.02368921 0.03432401 0.00472673 0.02954941 0.18588006
54 0.16940103 0.04636881 0.13211202 0.05727751 0.01770120 0.03502021 0.04525441 0.05230971 0.02893931 0.02504720 0.03529301 0.05366001 0.01341080 0.01823610 0.02018030 0.12694202 0.06179741 0.00491188 0.00808144 0.04805561
55 0.27096989 0.03444779 0.03239269 0.03751498 0.01999349 0.03076309 0.04942748 0.07739917 0.01806209 0.04018398 0.04597728 0.03741239 0.01441169 0.02007079 0.02990979 0.10511196 0.06539167 0.00745150 0.01162890 0.05147938
56 0.03717359 0.00828493 0.00695775 0.00120766 0.01435350 0.00999090 0.00267420 0.00382397 0.00154104 0.27973396 0.24636996 0.00215095 0.04879919 0.04222949 0.00542672 0.01138020 0.03064040 0.00280034 0.01547130 0.22898996
57 0.12273993 0.04620647 0.04727317 0.04056698 0.02011669 0.03485718 0.04929877 0.06542176 0.01859319 0.02706918 0.04610607 0.03592298 0.01989539 0.02421919 0.03686538 0.21033387 0.07953325 0.01275959 0.01460999 0.04761097
58 0.09491466 0.04378148 0.01890939 0.01875189 0.01740659 0.02919319 0.03518519 0.02718199 0.01817279 0.01816419 0.04625698 0.02383939 0.02476869 0.04249628 0.01467489 0.12451295 0.18013693 0.14369394 0.01629349 0.06166508
59 0.02527091 0.01961281 0.00644945 0.00277274 0.00694642 0.00848997 0.00762200 0.00692934 0.00234577 0.21859909 0.27927812 0.00442695 0.11887505 0.05781242 0.01500071 0.02483011 0.03273961 0.00263943 0.01155500 0.14780406
60 0.07275602 0.11302803 0.05289161 0.04544841 0.01317810 0.06077422 0.08206452 0.04317401 0.02591821 0.02080981 0.03712201 0.19570205 0.01976110 0.02860421 0.02300621 0.05793841 0.04096021 0.00666075 0.02746751 0.03273461
61 0.05978507 0.02926668 0.02588549 0.00961126 0.01394799 0.01606089 0.01542839 0.01727369 0.01486789 0.13541492 0.14136092 0.01573999 0.04028988 0.09887504 0.01097759 0.05108357 0.08431145 0.01455349 0.05162487 0.15364091
62 0.06683021 0.15577503 0.05443061 0.03763911 0.00866457 0.10129102 0.07164212 0.02156390 0.02354411 0.01488480 0.02945601 0.23559205 0.02261740 0.02026490 0.00785983 0.04575961 0.04000131 0.00316218 0.01883690 0.02018430
63 0.04978771 0.01660780 0.01389120 0.01258680 0.01434330 0.01638060 0.01323160 0.01807550 0.00749065 0.23818704 0.20472904 0.01123350 0.04458081 0.05241221 0.01083460 0.02475550 0.03441621 0.00468357 0.02844531 0.18332703
64 0.06392939 0.03417989 0.12305398 0.04288319 0.01212770 0.02740349 0.04464869 0.05396679 0.03976449 0.06591129 0.14134097 0.03367719 0.02784729 0.03150679 0.01887610 0.07350129 0.04699969 0.00675480 0.01812050 0.09350648
65 0.06453851 0.04000231 0.10494702 0.03723631 0.01482000 0.02540721 0.05221291 0.17003204 0.02440251 0.02463571 0.09685602 0.02619421 0.01804120 0.01694870 0.02467531 0.10141602 0.10499302 0.00526568 0.00550281 0.04187251
66 0.08238942 0.02934621 0.06420301 0.24411805 0.00668777 0.04711131 0.20151604 0.05292601 0.02441221 0.02060020 0.02858271 0.04727031 0.00549583 0.00841038 0.00931737 0.06770511 0.03495041 0.00315428 0.00472926 0.01707410
67 0.07291390 0.04620780 0.06829700 0.22202201 0.00758174 0.05226040 0.17295501 0.05127840 0.02305390 0.01895060 0.02805550 0.08742161 0.00507772 0.01058640 0.00768520 0.06662010 0.03125970 0.00290113 0.00723795 0.01763390
68 0.36548914 0.01786971 0.01985311 0.01076090 0.03631771 0.00942005 0.02706821 0.20085608 0.00405209 0.00681915 0.01100210 0.00912648 0.00954974 0.00543697 0.01189450 0.17134007 0.06033232 0.00295362 0.00265301 0.01720501
69 0.10627099 0.05052729 0.04457370 0.02905550 0.02016180 0.02981110 0.04391230 0.05638639 0.01807740 0.04662240 0.06157339 0.03800500 0.02479220 0.03360550 0.02115770 0.12064499 0.16007098 0.01484020 0.02009240 0.05981879
70 0.03408739 0.01392680 0.00841860 0.00154265 0.01097470 0.00868215 0.00579921 0.00694377 0.00211511 0.24318895 0.24452895 0.00365578 0.07523178 0.04430369 0.01069510 0.01787310 0.03037159 0.00314703 0.01295770 0.22155596
71 0.06787842 0.17595505 0.06781152 0.03945251 0.00719383 0.09807963 0.05159691 0.01696980 0.01832671 0.01248140 0.01929481 0.21681706 0.01957801 0.01644100 0.01275480 0.08108272 0.04460391 0.00308359 0.01047970 0.02011861
72 0.07617913 0.08093012 0.07379063 0.21488379 0.01010579 0.03768246 0.11327789 0.04423586 0.01799198 0.02061008 0.02287138 0.06935623 0.00631396 0.01523539 0.01272399 0.10741190 0.04080356 0.00592871 0.00800657 0.02166058
73 0.08173066 0.05115938 0.04556218 0.09439115 0.00907761 0.05377267 0.18762191 0.08498566 0.02772609 0.02094299 0.04353708 0.07316216 0.01753409 0.01554879 0.02107549 0.07054307 0.04164548 0.00745377 0.01369709 0.03883268
74 0.10380195 0.04451368 0.04557448 0.06749707 0.01160499 0.03731248 0.12706794 0.06342277 0.01781059 0.01936809 0.02767259 0.04065128 0.01154299 0.01070259 0.03683788 0.22225689 0.05893757 0.00976903 0.00716557 0.03648958
75 0.03000509 0.02553559 0.01135120 0.01314199 0.00844553 0.01390149 0.00963331 0.00830020 0.01290619 0.14376994 0.28902888 0.01670169 0.06212317 0.12479395 0.00964399 0.02685739 0.02176139 0.01163439 0.06133227 0.09913236
76 0.27094496 0.03452219 0.03202430 0.03679279 0.02040810 0.03063080 0.05015339 0.07754789 0.01764120 0.03970229 0.04612299 0.03904389 0.01482250 0.01946460 0.02897360 0.10492998 0.06494309 0.00738315 0.01182180 0.05212649
77 0.03744240 0.01645220 0.01090130 0.00411658 0.01088860 0.01059090 0.00871605 0.00657610 0.00695290 0.21311600 0.28286699 0.00693544 0.05810070 0.05413870 0.00975609 0.02209790 0.02976780 0.00376916 0.01466220 0.19215200
78 0.07485969 0.06453289 0.07671089 0.13943398 0.00837252 0.09902918 0.09349059 0.05230799 0.02854540 0.02061680 0.02789920 0.07954909 0.01181920 0.02461890 0.01290980 0.07085489 0.07081509 0.01087610 0.00891594 0.02384190
79 0.30350285 0.01734659 0.02994689 0.01551819 0.03787598 0.01167389 0.02592679 0.07701666 0.00676288 0.01292669 0.02427519 0.01343159 0.01458029 0.00941625 0.00919592 0.21372290 0.12444994 0.00878796 0.00757148 0.03607108
80 0.31404185 0.00930939 0.02754469 0.00955423 0.08086716 0.00845973 0.01440089 0.09934425 0.00489172 0.01057609 0.01902659 0.00901785 0.01942209 0.00499704 0.00552044 0.23706488 0.08367346 0.00347698 0.00450211 0.03430858
81 0.06613685 0.08075824 0.07635034 0.15179289 0.01029589 0.06414445 0.09792133 0.06261555 0.02135828 0.01892669 0.02867498 0.13810690 0.00947708 0.02281788 0.01033439 0.06341595 0.03202908 0.00459236 0.01808619 0.02216468
82 0.04749255 0.00876643 0.01140651 0.00239982 0.01847502 0.01235621 0.00528720 0.00828962 0.00333260 0.28380429 0.19077520 0.00439182 0.03630984 0.02923443 0.00554060 0.01734802 0.04754505 0.00423422 0.01738232 0.24562825
83 0.01702550 0.01845710 0.00852671 0.01296290 0.00583665 0.00880112 0.00715498 0.01704350 0.02181780 0.04310029 0.02417440 0.01109000 0.02141770 0.34675194 0.00445588 0.03070020 0.03173939 0.00820742 0.34170595 0.01903060
84 0.07240389 0.12129999 0.05401080 0.05044630 0.00985398 0.11053999 0.07626929 0.03243020 0.02831330 0.02157000 0.03896100 0.18046999 0.02008720 0.02568310 0.01299780 0.05269130 0.03833680 0.00518629 0.02314260 0.02530620
85 0.08086146 0.02933669 0.06472427 0.24347788 0.00679704 0.04712938 0.20034190 0.05696317 0.02415819 0.02021749 0.02803229 0.04674328 0.00593688 0.00839830 0.00914966 0.06740627 0.03548728 0.00339403 0.00494948 0.01649509
86 0.03766289 0.01584780 0.01095520 0.00385386 0.01122650 0.01014940 0.00820079 0.00705633 0.00700680 0.21451194 0.28327493 0.00618781 0.05772758 0.05397139 0.00930339 0.02203589 0.03030779 0.00358438 0.01445940 0.19267595
87 0.04417102 0.00914353 0.01048120 0.00183081 0.01640781 0.01188120 0.00605914 0.00709284 0.00398627 0.28013410 0.19011806 0.00450302 0.03869291 0.02824661 0.00648943 0.01247230 0.03324421 0.00364642 0.01640401 0.27499509
88 0.07414252 0.14879304 0.04659841 0.03198611 0.01152050 0.03949581 0.04944651 0.06592812 0.02001271 0.02164951 0.03728361 0.07087362 0.01676891 0.02315481 0.03048671 0.16434505 0.07522952 0.01191040 0.01167750 0.04869661
89 0.09579929 0.05755019 0.05008779 0.04335110 0.01055130 0.10261199 0.05885289 0.04560860 0.02058210 0.01829890 0.02945970 0.05139839 0.01276800 0.01987620 0.06396939 0.20845698 0.06109979 0.01474870 0.00817460 0.02675410
90 0.08183414 0.02708051 0.06285003 0.19103310 0.00491044 0.10450305 0.19068910 0.04226762 0.03565352 0.02279231 0.03663992 0.05557503 0.00766507 0.01117731 0.01137231 0.05688523 0.02295831 0.00283386 0.00479541 0.02648371
91 0.04164288 0.01486949 0.01362529 0.00427378 0.01351419 0.01169599 0.00940206 0.00815113 0.00901222 0.22394789 0.24172188 0.00697947 0.04916858 0.04347248 0.00912243 0.02139789 0.03255358 0.00470981 0.01633709 0.22440189
92 0.03535926 0.01007869 0.00642720 0.00171040 0.01265919 0.01006179 0.00327555 0.00380904 0.00166134 0.26806473 0.26648174 0.00252604 0.05632634 0.04902685 0.00634882 0.01367359 0.02896487 0.00240548 0.01450129 0.20663780
93 0.07198422 0.11636403 0.05212151 0.04642991 0.01312070 0.06125382 0.08467562 0.04016761 0.02548741 0.02047111 0.03761731 0.19599305 0.01938220 0.02773381 0.02191921 0.05709221 0.04051711 0.00704835 0.02753021 0.03309061
94 0.03890989 0.00627461 0.00706080 0.00076732 0.01563830 0.01059760 0.00204429 0.00366634 0.00118735 0.29400991 0.23299193 0.00162954 0.04334679 0.03735569 0.00458576 0.00921359 0.03175519 0.00269959 0.01595260 0.24031293
95 0.06526517 0.06929907 0.14289694 0.07886947 0.01007100 0.09425046 0.06624967 0.06063558 0.03179819 0.01874279 0.02901429 0.09392606 0.01456499 0.02160529 0.01416159 0.08521147 0.05796318 0.00421023 0.00840168 0.03286289
96 0.07235729 0.11456398 0.05149829 0.04534249 0.01316610 0.06118269 0.08395319 0.04167579 0.02598100 0.02053140 0.03712199 0.19640597 0.01976810 0.02773900 0.02323540 0.05830429 0.04062089 0.00666627 0.02693890 0.03294699
97 0.03912820 0.00631166 0.00723015 0.00086719 0.01568480 0.01072950 0.00230968 0.00367532 0.00134618 0.29384700 0.23177200 0.00178898 0.04337650 0.03690610 0.00471792 0.00930578 0.03203910 0.00266125 0.01597370 0.24032900
98 0.04467900 0.02561700 0.01709430 0.01444520 0.00994902 0.01802460 0.02377390 0.01944610 0.01231370 0.15801599 0.27744798 0.01753400 0.05872509 0.06133349 0.01662640 0.03502190 0.03304680 0.00666937 0.02065020 0.12958599
99 0.09535266 0.04268443 0.18945312 0.04708313 0.01636171 0.03599262 0.04153953 0.04618543 0.02766162 0.01490931 0.03186732 0.05737094 0.01163731 0.01523451 0.01700571 0.17733512 0.07832785 0.00439841 0.00590724 0.04369203
100 0.05137444 0.10999509 0.02475612 0.03742413 0.00932998 0.05598225 0.21480518 0.03258853 0.02449952 0.00836005 0.03004672 0.23830820 0.01301731 0.01321031 0.00858252 0.03981803 0.03038192 0.00617397 0.02458032 0.02676542
101 0.08177141 0.05178780 0.04556080 0.09410131 0.00896260 0.05367030 0.18263602 0.08506861 0.02796610 0.02174680 0.04364850 0.07273151 0.01794260 0.01614350 0.02187630 0.07061321 0.04259560 0.00760371 0.01398710 0.03958620
102 0.07390659 0.09731379 0.04242770 0.02991570 0.01333960 0.04294160 0.07089209 0.02959420 0.03095490 0.03565750 0.05335689 0.15744098 0.02277950 0.03115600 0.02319860 0.05852599 0.03882280 0.01073700 0.02565060 0.11138799
103 0.04436067 0.02626078 0.01671619 0.01488519 0.00968397 0.01827999 0.02396378 0.01986269 0.01249559 0.15845288 0.27816679 0.01777089 0.05869726 0.06062655 0.01590769 0.03530567 0.03271238 0.00650687 0.01998429 0.12935990
104 0.28741117 0.02510611 0.02604172 0.01733661 0.03173762 0.01436311 0.03445042 0.21314613 0.00584412 0.00988864 0.01675491 0.01251141 0.01108701 0.00730688 0.02368431 0.17760210 0.05786293 0.00427500 0.00337368 0.02021611
105 0.13354490 0.02604688 0.05287716 0.24693381 0.00592172 0.04893406 0.19224785 0.02621428 0.02047268 0.02035588 0.02925068 0.04040187 0.00385504 0.00711898 0.00951764 0.07004485 0.04172967 0.00387439 0.00327359 0.01738409
106 0.08199747 0.02938742 0.06376235 0.24334719 0.00675559 0.04816884 0.20125616 0.05331324 0.02422322 0.02035312 0.02867512 0.04672724 0.00588723 0.00850640 0.00947539 0.06798225 0.03515363 0.00315538 0.00474234 0.01713041
107 0.04981064 0.01628701 0.01406021 0.01238211 0.01404951 0.01667451 0.01336801 0.01691811 0.00788038 0.23662019 0.20479317 0.01128491 0.04471994 0.05391644 0.01141211 0.02473802 0.03427003 0.00460431 0.02958822 0.18262215
108 0.07264696 0.05021167 0.02336329 0.02744949 0.01457639 0.03317328 0.03980048 0.02793839 0.02728669 0.03597998 0.06809637 0.03054828 0.02292519 0.06047137 0.02373349 0.09954545 0.07874486 0.13798693 0.05553837 0.06998307
109 0.03974507 0.00611340 0.00771919 0.00082219 0.01597169 0.01059529 0.00245401 0.00402099 0.00166825 0.29282980 0.22592184 0.00176806 0.04162697 0.03470448 0.00478049 0.00931056 0.03232728 0.00282163 0.01582899 0.24896983
110 0.05120807 0.03751018 0.02309859 0.01239289 0.01341999 0.02297949 0.03492508 0.03466648 0.01425539 0.11230294 0.17103591 0.02978578 0.11239894 0.05621037 0.02300579 0.05575357 0.04685568 0.00840043 0.02418749 0.11560694
111 0.08271872 0.03688061 0.12784304 0.04807901 0.01391880 0.02865201 0.04761081 0.05875982 0.03557661 0.02769561 0.10964103 0.03540171 0.02066441 0.02058671 0.01731960 0.15240004 0.06442052 0.00578463 0.00923469 0.05681162
112 0.02869113 0.06409547 0.01362432 0.01251201 0.00788549 0.01899212 0.01862422 0.01112751 0.01715182 0.11293913 0.27787631 0.03595104 0.06316287 0.10661712 0.01194561 0.03255824 0.02159662 0.01266171 0.04918756 0.08279969
113 0.13421391 0.04092317 0.03744627 0.03076068 0.02081829 0.02597708 0.04892107 0.20699486 0.01006329 0.01591619 0.02977858 0.01916939 0.01249599 0.01167039 0.04164567 0.20452386 0.06718485 0.00769813 0.00604176 0.02775658
114 0.08200026 0.06379767 0.04723328 0.05253827 0.01190369 0.10720095 0.07677706 0.05116977 0.03131688 0.04648718 0.06028647 0.07700436 0.01954819 0.03442178 0.03157238 0.07715636 0.04476748 0.01130619 0.02516639 0.04834538
115 0.06030264 0.02972472 0.02805592 0.01353231 0.01547531 0.01782011 0.02620122 0.02165782 0.01917891 0.15581611 0.14622410 0.02111611 0.04355573 0.03463262 0.01651161 0.04551023 0.03929613 0.00846131 0.02017391 0.23675317
116 0.15421895 0.02222659 0.02688139 0.00892196 0.09961767 0.01474669 0.01718349 0.06318348 0.01047280 0.02122229 0.03952949 0.02190479 0.07394107 0.01427300 0.01345440 0.20803793 0.09346357 0.00957103 0.00919245 0.07795697
117 0.08254049 0.06327519 0.04723740 0.05328149 0.01197790 0.10672999 0.07885439 0.05211409 0.03186920 0.04649730 0.05983329 0.07791319 0.01956290 0.03343660 0.03118840 0.07623849 0.04439070 0.01080760 0.02459230 0.04765910
118 0.11880901 0.03033230 0.02858130 0.01390030 0.02521810 0.01868140 0.04022120 0.27547103 0.01390150 0.02560230 0.03658340 0.01979960 0.05839801 0.01606380 0.02643140 0.09855491 0.09614071 0.00706077 0.00824741 0.04200151
119 0.04474958 0.02545739 0.01654869 0.01517039 0.00970029 0.01847809 0.02382369 0.01985729 0.01240959 0.15838394 0.27763489 0.01800709 0.05869798 0.06148357 0.01595459 0.03511479 0.03314539 0.00607332 0.02045649 0.12885295
120 0.27274101 0.03482310 0.03245030 0.03825920 0.02056570 0.03083770 0.04985110 0.07879730 0.01787570 0.03905580 0.04465460 0.03786940 0.01429230 0.01993890 0.02809150 0.10636200 0.06504170 0.00710748 0.01138130 0.05000390
121 0.27045513 0.03517632 0.03236522 0.03628452 0.02012811 0.03116851 0.04946272 0.07737094 0.01762041 0.03893562 0.04499312 0.03920922 0.01479641 0.02046011 0.02869611 0.10700105 0.06497353 0.00744843 0.01182081 0.05163372
122 0.11474194 0.03909638 0.03689788 0.02755108 0.01708409 0.02425159 0.05274897 0.32529482 0.00885887 0.01589499 0.03033788 0.01848219 0.01268809 0.01030349 0.03537148 0.14600192 0.05383917 0.00484081 0.00494158 0.02077279
123 0.09016901 0.03988781 0.03244300 0.02143070 0.02089720 0.01915610 0.03481090 0.14790502 0.01308640 0.05672301 0.04222991 0.01401890 0.01929520 0.01812670 0.01865360 0.19721603 0.15795802 0.00637247 0.00843589 0.04118411
124 0.03362568 0.01355009 0.00766286 0.00132170 0.01120139 0.00867748 0.00466576 0.00548640 0.00181943 0.25038488 0.25376988 0.00327842 0.07232637 0.04584978 0.00954652 0.01673199 0.03009539 0.00279811 0.01322199 0.21398590
125 0.04170774 0.01269931 0.01375741 0.00331233 0.01454061 0.01116711 0.00826890 0.00840097 0.00836838 0.23508520 0.22452320 0.00610953 0.04546564 0.03690213 0.00832258 0.01869892 0.03298273 0.00446709 0.01612001 0.24910022
126 0.17040514 0.03926863 0.02786862 0.01138631 0.03355623 0.01981362 0.02787242 0.04184913 0.01187951 0.04368693 0.06157575 0.03392623 0.07984646 0.02287572 0.01582781 0.12707810 0.13258511 0.01137131 0.01170021 0.07562676
127 0.08037661 0.08829761 0.07223491 0.05442801 0.01315360 0.05157011 0.06879631 0.03508420 0.02133560 0.01765870 0.02762250 0.14236902 0.01522320 0.01873700 0.03117620 0.15813602 0.04747371 0.00765428 0.01303430 0.03563810
128 0.06658855 0.14058090 0.13283491 0.05514756 0.00973079 0.05483856 0.04502547 0.05093837 0.02660048 0.01892539 0.02841258 0.11876392 0.01616899 0.02106759 0.01608639 0.07874995 0.06171476 0.00609508 0.00964229 0.04208747
129 0.03267780 0.01488920 0.00653935 0.00358642 0.00970988 0.00994606 0.00586402 0.00547631 0.00284452 0.23305898 0.29869797 0.00449512 0.06657079 0.06142969 0.00840769 0.01874790 0.02600700 0.00258163 0.01458270 0.17388698
130 0.13794876 0.02766355 0.02939175 0.01547477 0.01865787 0.02071746 0.02853645 0.02724305 0.01746657 0.12126179 0.10018783 0.02190536 0.03345634 0.02213106 0.02725065 0.06450229 0.05216491 0.00920240 0.01379048 0.21104664
131 0.06999323 0.15389808 0.04704712 0.03887932 0.01162721 0.04642562 0.05818943 0.05904603 0.02363231 0.03252442 0.05716703 0.10277805 0.02463321 0.03366272 0.02268781 0.07697794 0.05494153 0.01038571 0.02243321 0.05307003
132 0.03684899 0.01607340 0.01095200 0.00391281 0.01068190 0.01080590 0.00904974 0.00667775 0.00690220 0.21510097 0.28308095 0.00666832 0.05800139 0.05346599 0.00973237 0.02121170 0.02946530 0.00348567 0.01425170 0.19363097
133 0.08095778 0.03963629 0.07193828 0.22943894 0.00980581 0.04209139 0.13012397 0.05690369 0.02352689 0.02550709 0.03401169 0.05121689 0.00725341 0.02686919 0.01289830 0.07109008 0.03682629 0.00713922 0.01947550 0.02328929
134 0.06102104 0.01238579 0.01352509 0.00849533 0.01775968 0.01564978 0.00730334 0.00632627 0.01517328 0.21918977 0.18647880 0.01234439 0.02823247 0.05767734 0.00679747 0.01821528 0.03472926 0.01199179 0.06462103 0.20208279
135 0.12271598 0.02221620 0.02230780 0.02175420 0.01422480 0.03031699 0.03849809 0.02205580 0.01945760 0.12332198 0.21036896 0.02281590 0.03345359 0.03835469 0.02036500 0.04993909 0.05029059 0.00685859 0.01582320 0.11486098
136 0.03039888 0.03110698 0.01629779 0.02133448 0.01166799 0.01939238 0.01933388 0.01847939 0.03300057 0.05837975 0.06132715 0.03229987 0.01916498 0.22990382 0.00948508 0.03255267 0.02692208 0.01794059 0.26808579 0.04292587
137 0.04450347 0.02522298 0.01706029 0.01369949 0.00992666 0.01780539 0.02296858 0.02087488 0.01250049 0.15840888 0.27838879 0.01686899 0.05833936 0.06113815 0.01558889 0.03540737 0.03310267 0.00647889 0.02079388 0.13092190
138 0.03846929 0.03164749 0.02126829 0.02220709 0.00955835 0.02013209 0.01714450 0.02272879 0.02431249 0.07684068 0.10218097 0.02518729 0.03275819 0.22048594 0.01250760 0.04084279 0.03446209 0.01289310 0.18006995 0.05430299
139 0.07477663 0.03603601 0.04402292 0.04131992 0.01235580 0.02930121 0.06507243 0.40673816 0.01154670 0.01931811 0.03271711 0.02800421 0.01327391 0.01552491 0.02932851 0.06985173 0.03708331 0.00325341 0.00879979 0.02167521
140 0.02305088 0.02278268 0.00660817 0.00596464 0.00498060 0.00781654 0.00589693 0.00478039 0.00570603 0.16447087 0.36067671 0.00862349 0.07992874 0.10299792 0.00957946 0.02526888 0.01819979 0.00555261 0.02466778 0.11244691
141 0.20042313 0.02786862 0.02997522 0.01261191 0.04753243 0.01927901 0.02343952 0.06135544 0.01034091 0.02351992 0.04463523 0.02403362 0.06535054 0.01559471 0.02217261 0.20257013 0.08802266 0.00896792 0.00837714 0.06392934
142 0.05934209 0.03036840 0.02759500 0.01176400 0.01540810 0.01725030 0.02565750 0.02130250 0.01929330 0.15800298 0.14593298 0.02037270 0.04373839 0.03435400 0.01646990 0.04519989 0.03924009 0.00873914 0.01962280 0.24034597
143 0.07613604 0.03546122 0.04314982 0.03959522 0.01257711 0.02872152 0.06452203 0.40831922 0.01144171 0.01945941 0.03172082 0.02767871 0.01335731 0.01575341 0.02941292 0.07101584 0.03710372 0.00347527 0.00934000 0.02175871
144 0.11571488 0.05854484 0.07343912 0.16890182 0.00836638 0.05261764 0.10947288 0.03021157 0.01677908 0.01859838 0.02244238 0.10119189 0.00653355 0.01222569 0.01144079 0.12499487 0.03587446 0.00418088 0.00522802 0.02324088
145 0.28839910 0.02436221 0.02695461 0.01741961 0.03377191 0.01459081 0.03307811 0.19636907 0.00587291 0.00975518 0.01658261 0.01141230 0.01124660 0.00734610 0.02252211 0.19192107 0.05858352 0.00478433 0.00359093 0.02143691
146 0.03337282 0.01039631 0.00629031 0.00117124 0.01216361 0.00893395 0.00273748 0.00340124 0.00143033 0.26184815 0.27477815 0.00221296 0.05703663 0.05061283 0.00615753 0.01370281 0.02804802 0.00221971 0.01363281 0.20985312
147 0.22861802 0.02500040 0.03829800 0.02816850 0.03216080 0.02548510 0.03234150 0.06096860 0.00936520 0.01603980 0.02537520 0.02054130 0.01406030 0.01077740 0.02688920 0.27731902 0.07532211 0.00899706 0.00847217 0.03580030
148 0.05350992 0.03732531 0.04745781 0.08072013 0.00688175 0.03139711 0.11953804 0.31362910 0.01546910 0.04792461 0.03490891 0.02933571 0.01167590 0.01207440 0.01643291 0.07196522 0.03384131 0.00335808 0.00736156 0.02519311
149 0.03533030 0.00995114 0.00645940 0.00172289 0.01271930 0.01014490 0.00322814 0.00406064 0.00170601 0.26899900 0.26507200 0.00259227 0.05577390 0.04901240 0.00626662 0.01329120 0.02896510 0.00242449 0.01485930 0.20742100
150 0.02293300 0.01960350 0.00477109 0.00166576 0.00569710 0.00605412 0.00498202 0.00418249 0.00125340 0.20961098 0.33265197 0.00304307 0.09861019 0.06821479 0.01199220 0.02377190 0.02502860 0.00162052 0.00924331 0.14506999
151 0.06512283 0.02818161 0.02715821 0.01235361 0.00596710 0.02658291 0.02519281 0.15076607 0.00808141 0.01175921 0.02687391 0.03406811 0.01105720 0.01291031 0.38007217 0.09819254 0.04529512 0.00410766 0.00576909 0.02048811
152 0.06981901 0.15532703 0.04675541 0.03925011 0.01161830 0.04649651 0.05814861 0.05800681 0.02323090 0.03173031 0.05664451 0.10461102 0.02432500 0.03492791 0.02108810 0.07657742 0.05433141 0.01048520 0.02319600 0.05343041
153 0.08659211 0.03640701 0.02998871 0.01789730 0.00719918 0.03428861 0.03465551 0.08349521 0.01835250 0.02815470 0.04838511 0.03505041 0.02004910 0.02138950 0.29888005 0.09600302 0.04325631 0.00632335 0.01250350 0.04112881
154 0.03531420 0.02004750 0.01256750 0.01269040 0.00929822 0.01326620 0.00759890 0.01004220 0.01390840 0.15894799 0.19467599 0.01330420 0.04820150 0.16918899 0.00917983 0.02502120 0.02591240 0.00737942 0.11185099 0.10160399
155 0.18299510 0.03387072 0.03929132 0.02103441 0.02463251 0.02060531 0.03721612 0.17561209 0.01037661 0.01902521 0.06763784 0.01399881 0.01560581 0.01163351 0.02682721 0.18684910 0.06587354 0.00677483 0.00543153 0.03470842
156 0.07812175 0.05361123 0.14132209 0.07346435 0.01382451 0.04217213 0.05854314 0.07048844 0.03486742 0.02944222 0.04456913 0.06374184 0.01665611 0.02524202 0.02317021 0.09672886 0.05820574 0.00566337 0.01451981 0.05564564
157 0.02351859 0.01968979 0.00656662 0.00173148 0.00577021 0.00562344 0.00472542 0.00408644 0.00170900 0.19868192 0.34097286 0.00332764 0.09233626 0.07002867 0.01108760 0.02368469 0.02308899 0.00172808 0.00892937 0.15271294
158 0.03083028 0.02418398 0.02083659 0.05649266 0.01633429 0.02293238 0.01157839 0.01748839 0.02994498 0.05912066 0.07806175 0.03566308 0.01132829 0.22339685 0.00583489 0.02227458 0.01641839 0.02985698 0.25881382 0.02860878
159 0.04366594 0.00495071 0.00862684 0.00095340 0.01779922 0.01177891 0.00281494 0.00487793 0.00178962 0.30580228 0.19922019 0.00236290 0.03472543 0.02782903 0.00447167 0.00776013 0.03443103 0.00319265 0.01730292 0.26564425
160 0.06566545 0.14706712 0.10849709 0.05430634 0.00712713 0.09942478 0.04497694 0.03053592 0.01867142 0.01189931 0.01685111 0.21478217 0.01918322 0.01592171 0.00556406 0.06221035 0.05009144 0.00187888 0.00648214 0.01886342
161 0.03925548 0.02354629 0.01910759 0.01388279 0.01511439 0.01756879 0.01376069 0.01159299 0.03584588 0.12930493 0.11310794 0.02370229 0.02331539 0.13607093 0.00886714 0.02460639 0.02755079 0.01765649 0.17055491 0.13558793
162 0.03031991 0.03096951 0.01676080 0.02158780 0.01155530 0.01957370 0.01930910 0.01935930 0.03315541 0.05937011 0.06069381 0.03217151 0.01877810 0.22943904 0.00932103 0.03185461 0.02685170 0.01767440 0.26726205 0.04399281
163 0.31571305 0.02598050 0.02184460 0.01342530 0.02142970 0.01249540 0.03710851 0.31169605 0.00559806 0.00825130 0.01461910 0.01228970 0.00886009 0.00779684 0.01305120 0.10213902 0.04968461 0.00213913 0.00244173 0.01343610
164 0.04313360 0.00596100 0.00828053 0.00121714 0.01719420 0.01179380 0.00293034 0.00461171 0.00202853 0.30161098 0.20729199 0.00256579 0.03711100 0.03056860 0.00491753 0.00854486 0.03376520 0.00308742 0.01699980 0.25638599
165 0.06858801 0.03857841 0.11228401 0.23858103 0.01078630 0.04146201 0.11872302 0.06275851 0.02785300 0.02051390 0.02613540 0.05267141 0.00598346 0.01960820 0.01246730 0.06850151 0.03407520 0.00404560 0.00837231 0.02801140
166 0.03624149 0.02323970 0.01083810 0.00853813 0.00677394 0.01117260 0.01280310 0.01450840 0.00570259 0.17688097 0.30372094 0.00838201 0.08000578 0.06697729 0.01552630 0.05181749 0.03245119 0.00306382 0.01155320 0.11980298
167 0.13206194 0.03972698 0.03249678 0.02041499 0.01846679 0.02213749 0.04512868 0.29186786 0.00739234 0.01473659 0.02916309 0.01352679 0.01143049 0.00818033 0.03452218 0.19006291 0.05951647 0.00592293 0.00352649 0.01971789
168 0.06510547 0.09380656 0.04367828 0.02833719 0.01419969 0.03793848 0.06673277 0.02870509 0.03463549 0.03858518 0.05390598 0.12094795 0.02621069 0.02972089 0.02137129 0.06310087 0.03541299 0.01110410 0.02265909 0.16384193
169 0.08170948 0.06221968 0.04748109 0.05261058 0.01134510 0.11002097 0.07675108 0.05248738 0.03180839 0.04496689 0.06090258 0.07603448 0.02009679 0.03459039 0.03217489 0.07730918 0.04325529 0.01148820 0.02550949 0.04723809
170 0.03600543 0.03242013 0.01634611 0.02148332 0.01539121 0.02401562 0.01871921 0.00939251 0.02785932 0.11992110 0.18639815 0.03859113 0.02750722 0.10839909 0.00824621 0.02221332 0.02098912 0.02754012 0.13949011 0.09907158
171 0.06982817 0.15524792 0.04792818 0.03920698 0.01170839 0.04592028 0.05800267 0.05694187 0.02331199 0.03189768 0.05664367 0.10521495 0.02493139 0.03403708 0.02181209 0.07571726 0.05505667 0.01025849 0.02219799 0.05413627
172 0.03764719 0.01390769 0.00834773 0.00466669 0.01150850 0.02514319 0.01357089 0.00586624 0.00528552 0.24231291 0.24701691 0.00933556 0.07037277 0.04527248 0.01032030 0.01790669 0.03038129 0.00394294 0.01656059 0.18063393
173 0.08084001 0.03923391 0.07226941 0.22944004 0.00988258 0.04178611 0.12871402 0.05702541 0.02350880 0.02555790 0.03395771 0.05075891 0.00710422 0.02819881 0.01309840 0.07101141 0.03667381 0.00732832 0.02082090 0.02278930
174 0.08230958 0.05152639 0.04533089 0.09478468 0.00914126 0.05313509 0.18548296 0.08783948 0.02785889 0.02080110 0.04294029 0.07229378 0.01783720 0.01622570 0.02073110 0.07001088 0.04145169 0.00775128 0.01407270 0.03847509
175 0.04936481 0.03418381 0.08044761 0.19104703 0.01166190 0.04018261 0.10129802 0.21664003 0.02032610 0.01889950 0.02244230 0.05251021 0.00599737 0.02361240 0.01188050 0.06005021 0.02926350 0.00341178 0.01264360 0.01413670
176 0.08689229 0.03988469 0.05806909 0.14612898 0.00731520 0.04289309 0.08197859 0.03590199 0.02849290 0.07508909 0.04825359 0.03831539 0.01641790 0.03266309 0.09288738 0.06698979 0.03171129 0.00650957 0.01899740 0.04460869
177 0.04477637 0.02355549 0.02184129 0.00393589 0.01329209 0.01062229 0.01980549 0.02225279 0.00804896 0.14626892 0.16239191 0.01156929 0.09392595 0.03285928 0.01526019 0.03720988 0.03254868 0.00993010 0.01126729 0.27863784
178 0.17535697 0.01383390 0.02166730 0.00765072 0.09668179 0.01212440 0.01302620 0.04402599 0.00934293 0.08406609 0.07381949 0.01427340 0.03229680 0.01491040 0.01270400 0.12861298 0.08529199 0.00850360 0.01143710 0.14037398
179 0.07506661 0.03760571 0.03903401 0.08372981 0.00520169 0.11695102 0.24349903 0.04326451 0.04026541 0.01919150 0.04954101 0.07008961 0.01913790 0.01231470 0.02043520 0.04884991 0.02514210 0.00482737 0.01108110 0.03477180
