1 0.25622781 0.01741609 0.02395528 0.02361008 0.12001191 0.02005248 0.02296428 0.11529991 0.01288679 0.01148949 0.02026218 0.01931969 0.01049119 0.01859259 0.02687938 0.19227985 0.03919797 0.00506866 0.01547959 0.02851478
2 0.20965601 0.04307640 0.03663320 0.03825640 0.01965010 0.02921670 0.04892490 0.07610560 0.02092960 0.04643180 0.06853180 0.04107590 0.02174370 0.02813000 0.03609880 0.08840390 0.05632330 0.00608195 0.02135100 0.06337890
3 0.21553317 0.02897852 0.03225472 0.03001002 0.02717432 0.02476762 0.03383593 0.07910666 0.02359052 0.02004922 0.03247593 0.02789102 0.01300041 0.02432672 0.03566513 0.22704317 0.06607675 0.00553773 0.01756521 0.03511723
4 0.07044988 0.02616629 0.02070609 0.01998530 0.01008160 0.02241689 0.02608339 0.03495639 0.01310130 0.16530996 0.13545597 0.03388499 0.03982779 0.02909029 0.02079409 0.03949669 0.04182399 0.00416975 0.01676540 0.22943394
5 0.06337222 0.01592710 0.00644871 0.00307916 0.00716095 0.00691422 0.00600336 0.01172810 0.01057230 0.22923207 0.30519909 0.00389595 0.07936572 0.03862891 0.00877103 0.01169800 0.02011101 0.00399412 0.01303390 0.15486405
6 0.09627042 0.04549556 0.03535207 0.03630077 0.01487409 0.03174767 0.03695407 0.05141296 0.02048598 0.04610116 0.05873675 0.05092906 0.02055528 0.03054618 0.02965918 0.10708891 0.19405384 0.00610831 0.02255258 0.06477515
7 0.10362796 0.04496918 0.04038198 0.03965368 0.02218259 0.03145579 0.04274878 0.07228087 0.02240749 0.02673779 0.04291328 0.04235158 0.01614729 0.03429249 0.03268869 0.22508391 0.07799307 0.00819949 0.03036149 0.04352258
8 0.06979859 0.11127998 0.04950619 0.03305839 0.01875560 0.04512219 0.05402929 0.04647469 0.01939270 0.03397119 0.03551149 0.21974295 0.01746110 0.02210810 0.02278600 0.06295659 0.05285299 0.00791571 0.02070050 0.05657579
9 0.08654967 0.04960088 0.04895828 0.09173196 0.01149190 0.05237088 0.20407792 0.07014597 0.01928539 0.02251539 0.04351948 0.05390708 0.01198130 0.02475299 0.03394979 0.06535367 0.03922968 0.00546949 0.02220699 0.04290128
10 0.08682376 0.03522568 0.02803549 0.02927739 0.01257159 0.02355369 0.02604389 0.04566268 0.02140489 0.01790349 0.02931419 0.02818039 0.00921199 0.02676319 0.02042979 0.29406386 0.20525491 0.00457897 0.02073619 0.03496398
11 0.06432950 0.16370200 0.03905440 0.03012520 0.01292960 0.04157260 0.04418210 0.05221200 0.02308530 0.01529160 0.03233220 0.07084950 0.02369410 0.02206570 0.02152900 0.21276600 0.06496970 0.00537462 0.02255090 0.03738400
12 0.05360099 0.01689080 0.01246860 0.00987325 0.00966284 0.01332860 0.01314550 0.01889500 0.01195990 0.23405896 0.21725297 0.01859950 0.06138769 0.04002079 0.01293480 0.02376060 0.03103520 0.00496796 0.02027010 0.17588597
13 0.08391529 0.05107129 0.15366598 0.05659099 0.01430200 0.03129010 0.04355069 0.06034109 0.03006930 0.02517510 0.03731510 0.06418429 0.01848460 0.01926620 0.02542130 0.08253669 0.13697498 0.00499053 0.02009330 0.04076119
14 0.04979640 0.01288850 0.00591455 0.00284953 0.00799557 0.00531382 0.00545090 0.01002110 0.01014960 0.23471698 0.31404897 0.00291620 0.08299259 0.04175780 0.00943133 0.00936681 0.02126280 0.00435838 0.01438520 0.15438299
15 0.05621969 0.03771929 0.02409540 0.01320360 0.01784020 0.01897180 0.01906490 0.02450490 0.02560670 0.10118998 0.14255197 0.02245080 0.09819298 0.07580299 0.01461610 0.04784639 0.02790339 0.00771749 0.14054097 0.08396048
16 0.04614960 0.01710200 0.01672840 0.01768150 0.02081420 0.01159430 0.01709470 0.01593200 0.02489830 0.09730759 0.23410598 0.01330080 0.03340240 0.13045499 0.01141800 0.03762990 0.02219310 0.01778490 0.14555299 0.06885439
17 0.11546199 0.03223490 0.02994690 0.03350240 0.01515260 0.03255330 0.05300900 0.06127160 0.01387080 0.03261910 0.03938040 0.03869970 0.01734210 0.02122580 0.23980999 0.08845969 0.05018200 0.00743986 0.02157210 0.05626580
18 0.06460932 0.04545421 0.02136471 0.01144840 0.01118860 0.01893990 0.01803960 0.02652891 0.01501730 0.15713604 0.21259606 0.02704591 0.10580403 0.03478521 0.01632380 0.03630911 0.03427961 0.00405084 0.01996741 0.11911103
19 0.13506302 0.03534261 0.05829301 0.17111203 0.00950162 0.02830900 0.17996003 0.03150220 0.01463010 0.01987970 0.04925971 0.02630500 0.00603855 0.07239571 0.01923340 0.05035011 0.02869150 0.00626468 0.02262910 0.03523891
20 0.08634549 0.05096430 0.04951560 0.09120899 0.01191060 0.05227860 0.20379798 0.06935219 0.01967260 0.02319180 0.04494900 0.05416530 0.01156860 0.02461880 0.03181630 0.06546739 0.03951040 0.00533498 0.02233410 0.04199700
21 0.08173035 0.03302038 0.06303366 0.18634088 0.01659969 0.02485888 0.07625145 0.08988344 0.01511099 0.01841539 0.03163748 0.03099858 0.00872026 0.02349199 0.02899778 0.14717691 0.05762966 0.00598735 0.02312049 0.03699438
22 0.08305478 0.03993759 0.06344239 0.21145596 0.01259620 0.03117649 0.11439098 0.07185219 0.01770970 0.02160390 0.03907389 0.04196049 0.00868256 0.02466400 0.02565070 0.07490839 0.04675469 0.00644343 0.02620110 0.03844059
23 0.07658143 0.21028581 0.03987246 0.03285037 0.01552239 0.04245076 0.05153155 0.04739506 0.02177008 0.02946747 0.05780745 0.11138890 0.03103557 0.02434868 0.02111668 0.06671714 0.04926665 0.00458672 0.02056928 0.04543556
24 0.05329030 0.03426550 0.02507420 0.01502600 0.01996640 0.01869600 0.01914640 0.02637020 0.02784310 0.08435120 0.12234700 0.02375510 0.08154370 0.08796880 0.01575100 0.05010410 0.02974430 0.00800613 0.18403199 0.07271860
25 0.20941190 0.04275198 0.03724758 0.03797828 0.02006439 0.02987819 0.04998578 0.07634256 0.02110999 0.04559418 0.06815217 0.04049048 0.02207569 0.02877889 0.03694648 0.08809296 0.05567767 0.00574096 0.02105069 0.06262917
26 0.06228181 0.07573211 0.04064270 0.02394220 0.01741360 0.02831570 0.03343780 0.04186310 0.01694170 0.02235590 0.04344240 0.18474402 0.01257620 0.10163801 0.02125860 0.13272201 0.05009181 0.01488040 0.03785670 0.03786320
27 0.07097129 0.11129899 0.04947230 0.03341830 0.01794160 0.04395180 0.05296679 0.04730670 0.01938890 0.03462820 0.03609750 0.21796098 0.01777320 0.02202700 0.02323840 0.06298949 0.05266929 0.00748600 0.02129380 0.05711949
28 0.20882202 0.04326140 0.03667950 0.03848480 0.01975290 0.02944070 0.04974661 0.07641351 0.02058480 0.04665731 0.06794981 0.04026810 0.02210910 0.02852930 0.03697360 0.08710791 0.05595541 0.00598129 0.02095770 0.06432421
29 0.06004599 0.02476410 0.01533390 0.01420890 0.01106990 0.01412350 0.01919720 0.01994030 0.01490210 0.16605698 0.27868696 0.01636790 0.06341489 0.05584279 0.01178520 0.02869910 0.02959890 0.00755715 0.02740530 0.12099898
30 0.06280800 0.03019980 0.02357630 0.02494290 0.02310270 0.01755600 0.02960370 0.02806870 0.02094620 0.06801560 0.13380000 0.02703980 0.02373830 0.19428600 0.01600560 0.06100540 0.03937080 0.02323720 0.09654970 0.05614730
31 0.07556070 0.04204240 0.04079850 0.14707700 0.01231990 0.03492850 0.08123730 0.05694770 0.01400390 0.01626960 0.02257750 0.04337680 0.00888262 0.02800240 0.17130300 0.08490640 0.04857310 0.01141000 0.02519750 0.03458520
32 0.12442999 0.03166090 0.02946660 0.03783910 0.01673750 0.02244600 0.05165940 0.16558099 0.00903947 0.01114810 0.01328640 0.02463220 0.00813541 0.01259530 0.16797698 0.16996598 0.04242310 0.00476221 0.01377080 0.04244360
33 0.15954092 0.03363178 0.11197595 0.05469257 0.01194629 0.03329588 0.06167297 0.05667357 0.02010959 0.03444068 0.04718438 0.04537268 0.01867019 0.02145999 0.02503789 0.06478017 0.04535148 0.00417409 0.01793299 0.13205594
34 0.04466520 0.01004370 0.00575312 0.00309666 0.00632382 0.00835901 0.00490159 0.01673560 0.00816203 0.27687498 0.18564299 0.02073620 0.05339690 0.02605160 0.00818586 0.01177890 0.03211460 0.00227604 0.00953523 0.26536598
35 0.10451706 0.04555723 0.03969612 0.03925142 0.02190431 0.03218582 0.04318593 0.07176164 0.02271841 0.02676252 0.04195963 0.04270733 0.01603351 0.03456462 0.03211842 0.22461813 0.07763965 0.00805380 0.03077432 0.04399013
36 0.06511741 0.16941102 0.04030120 0.03142540 0.01335630 0.04288561 0.04659381 0.05275101 0.02253000 0.01597160 0.03447590 0.07719391 0.02404650 0.02301960 0.02184200 0.19044202 0.06272161 0.00561638 0.02256610 0.03773260
37 0.23527100 0.01845610 0.03673320 0.03010710 0.03153880 0.01532580 0.02844440 0.21001800 0.01527000 0.00973605 0.01650420 0.01930390 0.00902561 0.01130260 0.02843480 0.19441000 0.04651820 0.00383024 0.01316290 0.02660710
38 0.08310706 0.03848378 0.06401027 0.21223990 0.01239409 0.03072309 0.11363095 0.07255597 0.01833929 0.02130789 0.03882248 0.04252478 0.00864893 0.02417459 0.02540729 0.07574326 0.04700108 0.00617385 0.02547679 0.03923468
39 0.21022292 0.04316358 0.03618589 0.03842158 0.02002159 0.03016579 0.04894918 0.07706727 0.02122829 0.04721178 0.06846297 0.04039938 0.02238159 0.02790129 0.03607949 0.08694107 0.05489688 0.00555730 0.02046319 0.06427897
40 0.10588399 0.04407690 0.04025210 0.03922790 0.02167590 0.03181730 0.04226720 0.07193499 0.02241680 0.02683670 0.04178390 0.04203960 0.01549840 0.03459890 0.03341690 0.22649798 0.07728639 0.00819899 0.03039250 0.04389670
41 0.27119801 0.02732600 0.03381620 0.02872730 0.02669300 0.02322670 0.03308300 0.08683850 0.02401010 0.01826830 0.03007760 0.02690720 0.01225490 0.02076730 0.03732320 0.18610701 0.05934540 0.00441797 0.01475600 0.03485630
42 0.14933196 0.03354349 0.02512469 0.02741769 0.01884569 0.02070089 0.03493109 0.03068119 0.01803729 0.05937818 0.11389097 0.02904659 0.02486059 0.14636696 0.01547810 0.06407568 0.05410018 0.01865679 0.05519148 0.06034048
43 0.11772898 0.02368270 0.01768270 0.01541650 0.00950112 0.01726510 0.02041510 0.02536050 0.01403260 0.19091296 0.18623796 0.02259940 0.05212849 0.03527099 0.01671070 0.03836789 0.03298079 0.00488687 0.01725870 0.14155997
44 0.09758322 0.04666766 0.03479777 0.03582637 0.01497889 0.03148767 0.03776947 0.05065756 0.02023388 0.04678886 0.05925215 0.05073026 0.02097278 0.02971088 0.02960128 0.10573192 0.19338185 0.00599080 0.02183858 0.06599815
45 0.04582427 0.00965962 0.00632707 0.00438418 0.00614598 0.00976844 0.00651300 0.01810379 0.00792467 0.26929381 0.16092789 0.02457238 0.04602237 0.02439728 0.00817461 0.01409729 0.03408068 0.00217623 0.00925864 0.29234780
46 0.08318815 0.03978293 0.06327964 0.20936214 0.01254961 0.03130612 0.11342207 0.07251815 0.01838911 0.02215391 0.03999483 0.04211413 0.00892723 0.02428572 0.02515362 0.07445885 0.04659063 0.00618502 0.02653802 0.03980013
47 0.06002602 0.26485807 0.03941491 0.01294250 0.02670371 0.04020261 0.03907311 0.02895281 0.01304420 0.00990261 0.02541181 0.27451408 0.02275381 0.01927801 0.00891152 0.04049661 0.03140971 0.00201899 0.01158270 0.02850221
48 0.10404704 0.04486482 0.03989082 0.04010612 0.02183971 0.03299411 0.04329892 0.07162783 0.02201281 0.02651741 0.04210192 0.04222762 0.01559411 0.03432021 0.03235261 0.22590509 0.07895263 0.00799142 0.02977631 0.04357852
49 0.06381359 0.07356178 0.04031349 0.06665898 0.00975033 0.05352979 0.15223196 0.04146419 0.01933070 0.02028100 0.12694897 0.13146697 0.01424910 0.02197399 0.01286080 0.05245579 0.04057079 0.00536390 0.01664420 0.03652969
50 0.07487966 0.07263166 0.04290083 0.02852722 0.01234721 0.03265323 0.03928653 0.03666323 0.02036812 0.02636862 0.03305973 0.19478815 0.02260842 0.02004222 0.02740042 0.05697584 0.19240315 0.00571503 0.01657271 0.04380803
51 0.10495896 0.04435938 0.03941629 0.03890939 0.02189719 0.03214839 0.04229338 0.07149937 0.02155109 0.02723489 0.04214318 0.04374158 0.01597069 0.03470679 0.03282499 0.22522592 0.07819767 0.00835946 0.03035649 0.04420488
52 0.05925780 0.26420100 0.03977480 0.01313220 0.02691030 0.04069160 0.03893560 0.02949330 0.01336830 0.00955547 0.02526330 0.27470200 0.02253340 0.01906970 0.00893583 0.04106570 0.03134410 0.00199151 0.01187440 0.02789970
53 0.05331471 0.01700350 0.01278300 0.01014740 0.00943766 0.01330140 0.01357120 0.01958050 0.01207790 0.23519404 0.21573504 0.01928410 0.06101961 0.03887831 0.01289920 0.02380180 0.03100961 0.00498597 0.01960200 0.17637303
54 0.10569202 0.04403741 0.04006911 0.03963321 0.02163560 0.03238531 0.04299851 0.07293271 0.02274390 0.02680460 0.04094651 0.04288811 0.01555280 0.03422251 0.03310081 0.22500404 0.07756171 0.00791802 0.03056571 0.04330741
55 0.05616249 0.19950997 0.03966919 0.02517070 0.01708600 0.04450299 0.04582949 0.10622998 0.01209600 0.01280510 0.02930380 0.21725797 0.02091960 0.01744790 0.01441960 0.05617559 0.04116679 0.00362665 0.01205510 0.02856510
56 0.07702354 0.03235521 0.04092852 0.07011563 0.01636641 0.04121672 0.14360607 0.04916692 0.01657331 0.09712784 0.05132622 0.03385962 0.01312371 0.02996321 0.02687451 0.13829606 0.03987752 0.00702944 0.02380491 0.05136462
57 0.05750452 0.02287221 0.01781330 0.01582050 0.01107350 0.01789050 0.01726840 0.02412711 0.01243050 0.19913305 0.13415604 0.03601681 0.04248711 0.02853211 0.01855481 0.04539871 0.11141103 0.00424703 0.01873371 0.16452904
58 0.19217916 0.02466162 0.05946725 0.12488610 0.02040242 0.01989382 0.07143706 0.19141216 0.01401401 0.01213361 0.01922312 0.02551902 0.00727125 0.01191991 0.02193372 0.09116598 0.04370444 0.00321972 0.01335841 0.03219723
59 0.04568660 0.02253280 0.02469660 0.01983400 0.01615340 0.02087970 0.01912900 0.02680080 0.02883910 0.10284901 0.07472821 0.02616080 0.01962260 0.09506201 0.02093230 0.06787081 0.09015821 0.01273430 0.21516902 0.05016071
60 0.04591463 0.01028581 0.00624478 0.00362272 0.00630681 0.00884993 0.00554184 0.01669271 0.00837034 0.27051115 0.19247411 0.02017471 0.05471633 0.02699181 0.00868960 0.01246561 0.03139592 0.00251232 0.00993072 0.25830814
61 0.05986857 0.02487389 0.01495219 0.01459879 0.01110399 0.01435939 0.01944289 0.01902969 0.01484519 0.16678792 0.27830087 0.01654929 0.06350177 0.05538307 0.01190039 0.02790019 0.02956449 0.00753268 0.02750779 0.12199694
62 0.04745301 0.01243370 0.00514764 0.00073589 0.00727584 0.00370911 0.00283335 0.00846600 0.00840696 0.24424804 0.31809005 0.00130872 0.09378031 0.03587041 0.00987834 0.00503276 0.02172300 0.00294674 0.01065810 0.16000202
63 0.04585746 0.01024159 0.00624947 0.00382154 0.00636110 0.00893513 0.00582895 0.01632399 0.00842517 0.26984976 0.19343783 0.01978218 0.05525865 0.02719978 0.00853950 0.01260849 0.03127247 0.00234007 0.00993108 0.25773577
64 0.12479700 0.03891200 0.06253850 0.21025900 0.00527630 0.02911710 0.22904600 0.03830120 0.01781570 0.01535860 0.03619350 0.03244840 0.00402771 0.01717570 0.01931020 0.04329680 0.02386030 0.00187401 0.01990810 0.03048390
65 0.08565049 0.03193429 0.03311049 0.03689589 0.14069698 0.03370769 0.02892640 0.04892949 0.01998040 0.02608170 0.03228519 0.04178769 0.01351480 0.02787770 0.02096700 0.08891458 0.21850696 0.00727237 0.02130520 0.04165469
66 0.12793095 0.02706699 0.03373679 0.02717359 0.02396339 0.04025048 0.03048109 0.03145699 0.08557157 0.02976259 0.06651067 0.03267899 0.01709159 0.08007027 0.01492139 0.05823578 0.03600059 0.00993179 0.19304892 0.03411559
67 0.17015892 0.04790098 0.04026648 0.02784789 0.02147799 0.11688295 0.04555538 0.04945868 0.03030389 0.01994129 0.03494768 0.04056178 0.01690539 0.01871169 0.02988219 0.17336192 0.05193158 0.00590836 0.01808789 0.03990708
68 0.08328725 0.03426688 0.05931946 0.25051883 0.00495404 0.03085448 0.23008385 0.04173847 0.01762959 0.01691529 0.03958317 0.03723288 0.00342132 0.01400799 0.01583689 0.04361597 0.02264379 0.00207270 0.02273288 0.02928428
69 0.05383048 0.01686639 0.01213920 0.00977152 0.00942909 0.01293810 0.01339020 0.01946779 0.01192230 0.23489692 0.21592792 0.01882159 0.06086658 0.03953889 0.01276740 0.02371119 0.03171289 0.00497295 0.01983969 0.17718894
70 0.06868821 0.02782660 0.06392061 0.19572303 0.01005960 0.03177761 0.16238803 0.05125241 0.01229150 0.06629211 0.04223201 0.02784710 0.00651338 0.01899430 0.01713230 0.10352802 0.02981770 0.00331116 0.02248710 0.03791721
71 0.06438985 0.04509936 0.02198558 0.01143959 0.01114669 0.01842338 0.01801308 0.02715578 0.01547609 0.15649787 0.21127182 0.02742888 0.10556491 0.03504087 0.01692309 0.03620517 0.03437057 0.00406175 0.02022978 0.11927590
72 0.04178160 0.01196850 0.00988180 0.00687303 0.00508163 0.01532350 0.00765187 0.02488730 0.00625432 0.29213200 0.02338500 0.06999590 0.00936474 0.01243310 0.00954932 0.02215660 0.05040840 0.00175418 0.00698022 0.37213700
73 0.19013695 0.04913609 0.05062309 0.08852238 0.01099930 0.03580869 0.16829196 0.05718349 0.01925420 0.01740820 0.03445859 0.04366749 0.01103330 0.02123129 0.04195039 0.06101138 0.04029469 0.00367815 0.01689340 0.03841699
74 0.09521776 0.04605363 0.03510422 0.03612232 0.01494511 0.03188292 0.03761642 0.05126193 0.02089301 0.04707833 0.05933433 0.05159143 0.02066261 0.02932512 0.02884522 0.10626506 0.19333911 0.00602882 0.02288881 0.06554384
75 0.07644904 0.03452292 0.05140673 0.06608014 0.01083441 0.05153323 0.18631811 0.20454312 0.02097251 0.01561671 0.02897482 0.03707962 0.00976364 0.01538051 0.02944672 0.07120234 0.03562952 0.00365060 0.01376941 0.03682592
76 0.13451694 0.07752897 0.04299868 0.06975987 0.01116860 0.04612928 0.17406193 0.04174348 0.01689459 0.01480649 0.03019579 0.13756994 0.01157350 0.01690559 0.02442209 0.05093828 0.04826768 0.00382171 0.01557169 0.03112489
77 0.20911298 0.04208490 0.03678940 0.03795480 0.02029150 0.02982860 0.04883850 0.07689119 0.02057880 0.04656120 0.06917209 0.03968640 0.02193810 0.02803770 0.03727560 0.08821599 0.05629429 0.00581609 0.02081550 0.06381639
78 0.05353240 0.01685120 0.01196790 0.00962829 0.00962530 0.01295260 0.01315780 0.01884470 0.01200810 0.23537099 0.21790499 0.01893170 0.06138690 0.04019520 0.01292770 0.02342760 0.03126370 0.00499206 0.01974390 0.17528699
79 0.05980741 0.02493600 0.01569040 0.01500530 0.01101590 0.01370580 0.01991620 0.01961130 0.01511370 0.16636901 0.27702002 0.01651830 0.06324851 0.05516910 0.01195310 0.02877750 0.02953080 0.00702441 0.02772020 0.12186701
80 0.11534399 0.03379350 0.04767470 0.04845050 0.02123410 0.02399870 0.04541450 0.23312499 0.01294920 0.01296630 0.02221840 0.03333510 0.01179490 0.01697770 0.02645970 0.18792199 0.04982820 0.00554096 0.01868950 0.03228310
81 0.10408297 0.04622489 0.03179889 0.02937849 0.11587997 0.03161849 0.03475439 0.06740178 0.01919239 0.04376979 0.06895598 0.05487308 0.02029879 0.05868468 0.02500779 0.09485057 0.04500769 0.01453210 0.04659659 0.04709069
82 0.04923177 0.01290729 0.00610021 0.00248851 0.00807045 0.00547590 0.00482751 0.01023869 0.01023689 0.23877385 0.30999980 0.00310334 0.08351715 0.04071447 0.00965300 0.00938168 0.02155879 0.00417681 0.01443199 0.15511190
83 0.09072293 0.03391727 0.02558608 0.03042348 0.01203589 0.02367668 0.02544048 0.04345607 0.01925858 0.01726759 0.02974888 0.02856668 0.00838747 0.02698908 0.02050518 0.25052380 0.25413180 0.00449691 0.01960818 0.03525697
84 0.20930309 0.04268052 0.03634021 0.03812712 0.02009061 0.02946681 0.04861842 0.07651173 0.02037601 0.04693002 0.06953653 0.04054572 0.02229451 0.02887651 0.03493831 0.08839844 0.05601432 0.00596379 0.02132931 0.06365803
85 0.04979160 0.01178510 0.00481088 0.00122796 0.00681221 0.00421580 0.00349268 0.00909829 0.00899522 0.24291698 0.31847597 0.00136666 0.08690799 0.03471150 0.00910015 0.00612069 0.02041250 0.00281404 0.01058880 0.16635499
86 0.06405342 0.01577890 0.00652172 0.00311659 0.00709701 0.00669621 0.00618041 0.01141960 0.01035970 0.22921106 0.30487207 0.00390790 0.07950292 0.03853531 0.00863591 0.01175770 0.01988840 0.00385661 0.01295250 0.15565604
87 0.13649894 0.03122419 0.02970219 0.03332919 0.01574079 0.02452589 0.05177448 0.20617092 0.00886296 0.01543029 0.01853439 0.02661109 0.01016400 0.01199810 0.17749793 0.08626376 0.04478668 0.00404755 0.01308429 0.05375238
88 0.20064500 0.04117890 0.12465800 0.06151270 0.01427950 0.03305470 0.06717610 0.07535140 0.02657590 0.02053580 0.03229370 0.05055960 0.01334080 0.01944950 0.02348890 0.08494590 0.04721530 0.00404622 0.01889890 0.04079320
89 0.09674445 0.04639337 0.03538698 0.03686928 0.01486559 0.03194698 0.03783848 0.05157537 0.02089219 0.04558817 0.05830817 0.05074427 0.02034169 0.03026778 0.02896128 0.10720494 0.19390789 0.00601166 0.02222549 0.06392596
90 0.06058366 0.02562548 0.01538469 0.01502549 0.01125159 0.01409819 0.02042799 0.02126528 0.01475749 0.16466188 0.27577580 0.01687259 0.06299825 0.05451476 0.01219969 0.02882598 0.03003318 0.00736432 0.02747978 0.12085391
91 0.08653854 0.05035372 0.04911122 0.09200834 0.01158771 0.05230582 0.20528509 0.06900943 0.01960511 0.02257561 0.04447172 0.05300172 0.01185021 0.02427431 0.03280451 0.06552563 0.03868072 0.00547436 0.02271331 0.04282292
92 0.20926497 0.04240849 0.03603149 0.03754069 0.02000410 0.02958110 0.04838449 0.07688499 0.02098480 0.04762429 0.07003129 0.04050259 0.02262930 0.02834410 0.03527579 0.08712299 0.05533709 0.00587016 0.02066870 0.06550859
93 0.06865892 0.02648481 0.01990110 0.01955220 0.01021600 0.02289211 0.02616051 0.03456701 0.01281800 0.16628204 0.13696403 0.03443991 0.04036211 0.02900571 0.02016040 0.04038401 0.04300541 0.00442667 0.01682000 0.22689905
94 0.06041325 0.08845062 0.03539497 0.06006095 0.01234639 0.06544304 0.19706183 0.04246886 0.01452079 0.01234199 0.02637288 0.20583882 0.01007829 0.01464759 0.01603469 0.05222416 0.04125206 0.00421336 0.01509899 0.02573648
95 0.04314733 0.01665211 0.01576431 0.01313721 0.02049891 0.01098201 0.01610371 0.01538331 0.04910633 0.09323396 0.21426814 0.01062281 0.03139072 0.17612812 0.00954984 0.03746823 0.02230271 0.01514571 0.12882709 0.06028744
96 0.07575069 0.16120598 0.03976130 0.03255890 0.01157410 0.04172650 0.03703350 0.04224910 0.02241920 0.02113560 0.04443330 0.08478159 0.02265370 0.02162670 0.02792740 0.07920079 0.17253398 0.00468460 0.01673240 0.04001070
97 0.10483210 0.04408814 0.04079544 0.03926354 0.02211772 0.03183773 0.04317464 0.07166477 0.02261622 0.02677193 0.04214334 0.04195374 0.01549352 0.03495863 0.03316363 0.22568222 0.07771678 0.00823344 0.03057253 0.04291994
98 0.08282063 0.03414601 0.06246912 0.24065509 0.00633449 0.03187431 0.20298608 0.05325812 0.01695041 0.01820121 0.03849201 0.03791711 0.00433203 0.01562451 0.01860691 0.05171832 0.02691491 0.00255171 0.02209281 0.03205421
99 0.08225588 0.03905999 0.06315409 0.21012796 0.01241770 0.03088939 0.11571398 0.07225039 0.01786210 0.02190880 0.03974929 0.04212779 0.00868878 0.02450860 0.02527510 0.07436319 0.04727709 0.00604011 0.02619530 0.04013449
100 0.05910602 0.02659501 0.01508660 0.01516360 0.01114780 0.01438260 0.01975591 0.01931911 0.01502830 0.16485505 0.27688808 0.01730240 0.06336422 0.05497482 0.01199700 0.02881211 0.03011821 0.00734972 0.02797141 0.12078203
101 0.10523601 0.04359971 0.04048161 0.04064701 0.02180100 0.03148360 0.04244131 0.07137041 0.02210430 0.02648540 0.04077391 0.04145551 0.01546540 0.03394010 0.03397710 0.22835303 0.07952181 0.00833646 0.02961860 0.04290771
102 0.09278987 0.01866729 0.01045950 0.00943545 0.00726161 0.01389490 0.01330110 0.01724390 0.01148150 0.17952995 0.27535093 0.00909818 0.06625268 0.03507559 0.01024760 0.02104019 0.02494739 0.00386463 0.01361880 0.16643896
103 0.11400798 0.03562410 0.04780039 0.04845969 0.01933160 0.03071220 0.05658009 0.26456396 0.01381480 0.02589230 0.03419360 0.03865609 0.01362360 0.01818050 0.02996870 0.09208999 0.04508249 0.00496884 0.01916350 0.04728559
104 0.06187551 0.03021461 0.02341110 0.02447630 0.02316050 0.01769130 0.03015881 0.02790931 0.02112200 0.06809141 0.13440403 0.02795771 0.02441370 0.19443504 0.01610590 0.05993641 0.03795061 0.02401310 0.09693532 0.05573731
105 0.08637626 0.02975919 0.02402039 0.02428449 0.07070527 0.02522689 0.02706379 0.04960418 0.01438739 0.09955745 0.10028895 0.03687348 0.03363428 0.03775448 0.02643249 0.05827247 0.04525808 0.00763717 0.02433039 0.17853292
106 0.04596257 0.01012879 0.00604619 0.00373119 0.00637640 0.00846336 0.00591023 0.01640589 0.00817835 0.27025382 0.19407887 0.01943569 0.05522836 0.02711288 0.00839099 0.01270689 0.03125498 0.00238451 0.00984821 0.25810183
107 0.14341088 0.05025836 0.03927967 0.02620848 0.01556069 0.03090217 0.03858997 0.04202436 0.02172948 0.02288718 0.03149047 0.12636889 0.01383209 0.02486698 0.02367578 0.06957644 0.14346788 0.00982345 0.08478113 0.04126566
108 0.04570889 0.01128750 0.00587900 0.00269554 0.00879300 0.00510609 0.00480504 0.01074230 0.00925630 0.24867896 0.24879396 0.00893391 0.07026789 0.05439799 0.00860398 0.01059820 0.02625650 0.00453289 0.01753210 0.19712997
109 0.06514396 0.04575587 0.02211778 0.01124349 0.01085489 0.01819899 0.01872719 0.02658738 0.01496779 0.15522289 0.20963486 0.02819528 0.10600293 0.03518878 0.01739879 0.03649527 0.03482768 0.00399279 0.02022949 0.11921392
110 0.05838525 0.24214678 0.04170806 0.01694498 0.02247448 0.09213812 0.05565955 0.03241007 0.01514549 0.00971656 0.03253947 0.21965580 0.02128658 0.01301339 0.00818747 0.04969425 0.03477997 0.00208392 0.00961784 0.02241198
111 0.08704369 0.05055809 0.04926919 0.09024119 0.01158630 0.05235939 0.20461898 0.07044459 0.01945720 0.02262160 0.04354710 0.05452529 0.01190630 0.02427750 0.03284520 0.06513239 0.03954010 0.00527841 0.02224770 0.04249980
112 0.11584597 0.02899219 0.05048039 0.05007949 0.02041520 0.02176699 0.04584139 0.29665993 0.00957566 0.01156330 0.01849510 0.03008189 0.01022620 0.01356480 0.02711689 0.15225196 0.04509859 0.00456738 0.01579790 0.03157879
113 0.03535636 0.01607548 0.01878348 0.01680048 0.02614827 0.01013659 0.01406228 0.02070038 0.03135357 0.04390025 0.10774488 0.01314119 0.01351879 0.24385573 0.01307949 0.05005344 0.01893748 0.02573167 0.25161672 0.02900347
114 0.22271912 0.02253991 0.03550622 0.03139702 0.02907512 0.01986661 0.03747842 0.26691414 0.01259231 0.01498781 0.02413881 0.02343461 0.00977685 0.01169261 0.03845092 0.09714505 0.04473242 0.00340202 0.01469911 0.03945092
115 0.10447292 0.04497177 0.04070687 0.03934667 0.02122988 0.03210318 0.04303007 0.07333825 0.02243268 0.02647178 0.04167557 0.04334367 0.01512809 0.03363088 0.03361278 0.22450984 0.07824764 0.00808762 0.02990738 0.04375247
116 0.05334556 0.02802298 0.03056648 0.03092308 0.02271148 0.02340808 0.03238347 0.03388697 0.03234527 0.04532786 0.08621863 0.02972548 0.01851329 0.12261290 0.01961018 0.06207565 0.03551077 0.01695119 0.23352081 0.04233987
117 0.07852897 0.21075493 0.04035499 0.03292619 0.01579819 0.04232569 0.05070198 0.04547158 0.02151769 0.02982499 0.05759928 0.11117396 0.03021579 0.02419409 0.02103999 0.06678648 0.04954058 0.00470153 0.02099489 0.04554818
118 0.04315818 0.08722327 0.02602589 0.02378479 0.01858079 0.01571159 0.02284789 0.02772379 0.02397839 0.03918378 0.07490257 0.04084448 0.01594609 0.17874393 0.01830349 0.05887618 0.02889759 0.01791129 0.20430992 0.03304609
119 0.06011713 0.02499381 0.01578321 0.01517011 0.01129371 0.01437231 0.02019531 0.01964881 0.01499341 0.16593007 0.27695012 0.01708831 0.06309123 0.05425552 0.01193851 0.02843591 0.02940381 0.00714535 0.02760731 0.12158605
120 0.09331537 0.02050121 0.01314231 0.00878795 0.00792278 0.01658091 0.01587701 0.04920504 0.01508911 0.19444614 0.25049118 0.01313931 0.05882924 0.03210632 0.00969667 0.02697172 0.02390722 0.00405701 0.01409441 0.13183909
121 0.05549976 0.01374549 0.00688859 0.00511316 0.00704793 0.00771228 0.00791530 0.01194559 0.00972169 0.21598786 0.31042680 0.00424425 0.07857255 0.03500038 0.00929998 0.01182049 0.02132129 0.00313403 0.01225069 0.17235189
122 0.07093495 0.05706474 0.03327562 0.01534281 0.01222451 0.03502292 0.02216121 0.02712332 0.08791186 0.09422116 0.14029009 0.03446872 0.09318686 0.03741053 0.01669801 0.05852964 0.04559863 0.00554523 0.03320372 0.07978545
123 0.06557697 0.04678478 0.02155779 0.01099279 0.01109689 0.01872359 0.01841509 0.02687199 0.01466219 0.15551692 0.20989389 0.02820119 0.10691694 0.03425018 0.01680659 0.03654958 0.03445278 0.00385042 0.01949649 0.11938294
124 0.08050006 0.03037892 0.05289734 0.06428485 0.01197191 0.03277212 0.11629408 0.19078314 0.01113331 0.01192451 0.01754401 0.03501812 0.00893816 0.01230831 0.03113562 0.14255110 0.09983237 0.00413234 0.01317801 0.03242172
125 0.08959809 0.03187150 0.13753598 0.07106439 0.01395840 0.02601900 0.06389449 0.23108597 0.01323200 0.01782480 0.02381290 0.04335130 0.01274100 0.01423860 0.01901890 0.09180579 0.04115820 0.00444681 0.01752740 0.03581450
126 0.06666056 0.06351576 0.03398113 0.03276963 0.00947379 0.02912523 0.04199124 0.03670503 0.01973852 0.02735693 0.02468002 0.13443313 0.02439942 0.01502501 0.14679914 0.05636475 0.16150215 0.00823899 0.01769052 0.04954905
127 0.05371943 0.01684571 0.01200631 0.01022661 0.00959144 0.01298701 0.01323041 0.01927471 0.01171691 0.23481512 0.21744912 0.01915191 0.06161073 0.03935812 0.01243721 0.02357441 0.03077622 0.00499954 0.01997801 0.17625109
128 0.07056526 0.02673768 0.02061439 0.02021299 0.00975875 0.02239359 0.02620628 0.03521358 0.01295209 0.16403190 0.13480292 0.03405208 0.03999038 0.02812138 0.02121949 0.04056808 0.04241658 0.00449672 0.01748999 0.22815587
129 0.07807191 0.06011821 0.04289721 0.03768071 0.01630000 0.17540803 0.07713161 0.05630891 0.03084921 0.03302831 0.04651741 0.06798431 0.01735930 0.02051560 0.02999201 0.07277661 0.04952791 0.00750752 0.02479320 0.05523201
130 0.07923822 0.06016782 0.04245781 0.03765321 0.01582090 0.17513705 0.07672522 0.05775322 0.03057271 0.03290811 0.04645741 0.06693512 0.01741260 0.02060141 0.02981481 0.07260702 0.04913731 0.00778154 0.02438461 0.05643391
131 0.08294048 0.03873239 0.06364158 0.21145895 0.01298940 0.03075759 0.11397597 0.07309788 0.01792310 0.02177839 0.03965479 0.04223789 0.00864205 0.02371939 0.02497569 0.07538478 0.04702919 0.00610429 0.02563029 0.03932589
132 0.06981754 0.02660901 0.02071091 0.02025861 0.01035181 0.02306001 0.02642361 0.03552512 0.01366221 0.16371409 0.13474807 0.03374272 0.04051522 0.02832592 0.02070631 0.04000312 0.04224982 0.00440527 0.01725851 0.22791212
133 0.07800177 0.21353893 0.04077479 0.03219129 0.01512340 0.04221469 0.05013488 0.04597178 0.02120639 0.03006879 0.05776128 0.11080996 0.03114769 0.02485269 0.02020839 0.06680978 0.04910778 0.00469973 0.02020469 0.04517129
134 0.05983973 0.02502191 0.01537371 0.01423471 0.01112261 0.01404391 0.01980391 0.01982571 0.01522841 0.16532908 0.27772814 0.01641091 0.06312173 0.05528013 0.01188771 0.02887361 0.02985902 0.00746189 0.02849211 0.12106106
135 0.11342300 0.03706140 0.04802950 0.04895700 0.01868920 0.03051790 0.05762580 0.26345399 0.01383750 0.02630170 0.03469700 0.03859950 0.01363940 0.01834280 0.02963010 0.09130830 0.04478390 0.00499254 0.01866600 0.04744350
136 0.09199028 0.03461853 0.02841912 0.03165563 0.01260881 0.02435242 0.02730722 0.04715194 0.01998412 0.01903532 0.03079293 0.03021603 0.00910104 0.02745692 0.02178732 0.25060222 0.23073220 0.00428910 0.02016892 0.03772993
137 0.08290949 0.03953089 0.06306429 0.21289597 0.01274510 0.03022640 0.11410598 0.07315259 0.01804430 0.02139830 0.03936739 0.04154289 0.00888270 0.02416570 0.02557120 0.07400069 0.04709399 0.00629655 0.02576290 0.03924269
138 0.05836330 0.03491980 0.10777200 0.05052230 0.01806770 0.03143390 0.05488940 0.04481620 0.02897120 0.02842750 0.04946530 0.04779930 0.01411750 0.07130790 0.01809010 0.07276090 0.03449590 0.00943478 0.19064300 0.03370200
139 0.10591804 0.04511342 0.03950142 0.03997572 0.02223021 0.03255841 0.04285932 0.07196433 0.02207871 0.02688331 0.04196002 0.04307562 0.01536861 0.03421221 0.03309451 0.22376909 0.07808103 0.00805299 0.02953041 0.04377262
140 0.05954837 0.18565491 0.05327798 0.01802029 0.01312679 0.10340495 0.04888408 0.03386028 0.02077409 0.01372069 0.08536646 0.18324992 0.02631849 0.01154309 0.00815197 0.05389558 0.04258038 0.00250719 0.01032110 0.02579339
141 0.06118086 0.02177579 0.03719728 0.04494787 0.00844931 0.04851497 0.11648893 0.11881992 0.01752149 0.12903792 0.06333446 0.02816048 0.01587179 0.01575299 0.01782309 0.05166467 0.03155808 0.00331182 0.01546739 0.15312090
142 0.05061208 0.01339569 0.01278809 0.00973015 0.00623145 0.05607407 0.02082889 0.02743169 0.01531359 0.23303589 0.09831295 0.03250438 0.02854699 0.01638599 0.00947013 0.02825449 0.03552938 0.00237415 0.01121309 0.29196686
143 0.05631963 0.04727662 0.05852633 0.13899007 0.01213141 0.03723472 0.07676174 0.17991509 0.01089721 0.01552651 0.02189141 0.13599807 0.01134881 0.01319151 0.01846011 0.06960654 0.04435362 0.00685018 0.01442951 0.03029092
144 0.10527103 0.04563091 0.04048391 0.03917321 0.02161151 0.03197451 0.04345041 0.07251252 0.02221791 0.02663741 0.04137531 0.04256641 0.01552920 0.03472311 0.03238291 0.22486206 0.07834672 0.00826494 0.02945301 0.04353301
145 0.08718243 0.04989192 0.04917362 0.09190993 0.01218890 0.05301802 0.20454606 0.06850242 0.01930061 0.02277991 0.04361631 0.05460882 0.01159630 0.02482581 0.03279491 0.06456782 0.03932641 0.00539529 0.02236171 0.04241281
146 0.16907304 0.05018421 0.03938431 0.03057041 0.01784150 0.16075904 0.05546821 0.05371061 0.03112191 0.02656691 0.04642741 0.04699361 0.01660000 0.02037720 0.02728491 0.07533992 0.05035991 0.00710616 0.02094421 0.05388651
147 0.07939688 0.06080859 0.04334149 0.03704669 0.01626170 0.17334396 0.07608958 0.05672819 0.03153639 0.03342189 0.04623589 0.06738229 0.01734620 0.02044310 0.02935899 0.07267658 0.04926489 0.00783042 0.02514409 0.05634219
148 0.07038905 0.04406533 0.02902382 0.02211742 0.00959713 0.02356642 0.03197582 0.03547653 0.01610461 0.05159934 0.05992475 0.05836694 0.08328496 0.01631901 0.18923715 0.04704044 0.13636110 0.00423921 0.01542391 0.05588704
149 0.07960156 0.06148157 0.04298678 0.03798908 0.01632059 0.17409892 0.07487846 0.05658607 0.03091449 0.03298528 0.04706448 0.06772197 0.01749709 0.02041989 0.02969209 0.07308797 0.04959998 0.00752217 0.02438529 0.05516627
150 0.06236574 0.03011257 0.02358628 0.02474288 0.02311268 0.01712748 0.02975187 0.02848907 0.02139328 0.06964614 0.13370688 0.02767778 0.02425648 0.19263383 0.01621439 0.06057425 0.03838607 0.02332578 0.09623471 0.05666185
151 0.20993593 0.04300969 0.03669589 0.03791839 0.01953369 0.02929449 0.04880808 0.07577857 0.02075339 0.04699088 0.06885238 0.04004579 0.02189999 0.02839669 0.03583789 0.08859277 0.05615738 0.00605093 0.02090819 0.06453898
152 0.04587004 0.01771798 0.01776638 0.01817087 0.02142627 0.01177718 0.01760788 0.01678788 0.02679866 0.09180247 0.22164569 0.01382808 0.03112946 0.13591481 0.01139438 0.03877535 0.02169027 0.01757518 0.15756278 0.06475841
153 0.07548364 0.03291167 0.06550685 0.18960585 0.00974797 0.03257397 0.17768286 0.07564384 0.01260429 0.01955458 0.03151187 0.03238647 0.00612250 0.01648059 0.02614908 0.10449592 0.03440007 0.00306303 0.02048828 0.03358667
154 0.15418895 0.03506879 0.05888978 0.20131993 0.01298560 0.02422479 0.11456796 0.06303778 0.01693139 0.01771459 0.03555809 0.03039809 0.00719289 0.02164609 0.02283639 0.07432248 0.04573708 0.00438714 0.02016549 0.03882669
155 0.11299297 0.03636189 0.04769739 0.04920859 0.01882080 0.03078409 0.05644989 0.26307993 0.01385460 0.02691779 0.03482549 0.03863429 0.01407840 0.01861400 0.03054239 0.09106758 0.04443129 0.00550306 0.01898430 0.04715129
156 0.02883221 0.01319910 0.01867941 0.01403060 0.02481321 0.00917206 0.01012170 0.01948391 0.03642511 0.03769771 0.09275303 0.01052030 0.01238440 0.23973608 0.01198590 0.04565282 0.01605941 0.02037361 0.31303711 0.02504231
157 0.08818885 0.09694134 0.04636927 0.18632289 0.00681549 0.03757538 0.20353388 0.04109788 0.01831419 0.01521999 0.04110048 0.05414927 0.00815538 0.01522559 0.01673829 0.04813017 0.02743288 0.00241383 0.01733789 0.02893708
158 0.05996923 0.02443301 0.01500391 0.01483981 0.01111501 0.01441411 0.02008471 0.02016081 0.01492161 0.16653309 0.27755715 0.01606231 0.06321433 0.05595483 0.01176331 0.02766932 0.02883962 0.00768325 0.02798752 0.12179307
159 0.04707738 0.01393029 0.00852392 0.00607289 0.01422629 0.00668391 0.00895229 0.01169349 0.01258059 0.21823389 0.23756588 0.00856065 0.06202467 0.10104495 0.00986124 0.02068879 0.02369859 0.01151159 0.03586578 0.14120293
160 0.05590972 0.01565791 0.00816700 0.00639110 0.00743741 0.00852673 0.00948924 0.01320300 0.01041570 0.21024407 0.30380310 0.00624117 0.07722573 0.03831201 0.00990543 0.01446900 0.02304431 0.00367709 0.01394720 0.16393305
161 0.07762649 0.21128597 0.04039520 0.03303580 0.01548470 0.04139040 0.04970859 0.04666349 0.02161150 0.02960890 0.05811089 0.11017399 0.03094710 0.02469990 0.02064150 0.06842329 0.04960059 0.00452002 0.02030370 0.04576799
162 0.05042923 0.02081151 0.00958363 0.00260723 0.00763102 0.00623268 0.00569179 0.01158791 0.00995946 0.21666412 0.30925917 0.00694116 0.09596685 0.03773912 0.01078591 0.01005731 0.02418321 0.00338321 0.01262241 0.14786308
163 0.06004239 0.02501394 0.01534662 0.01498742 0.01133222 0.01398892 0.01978963 0.01993613 0.01497512 0.16575925 0.27781441 0.01648682 0.06300889 0.05573998 0.01190652 0.02868164 0.02920394 0.00759963 0.02756734 0.12081918
164 0.04846579 0.01162680 0.00615319 0.00325231 0.00926020 0.00538273 0.00529999 0.00995924 0.01130790 0.22432396 0.29671995 0.00263601 0.07644629 0.05620519 0.00886845 0.01163520 0.01987870 0.00578226 0.03225989 0.15453597
165 0.05869109 0.01687240 0.00966992 0.00871822 0.00760627 0.01148340 0.01249850 0.01567400 0.01117210 0.19978598 0.28372997 0.00873106 0.07208499 0.03605890 0.00987948 0.01724050 0.02388180 0.00362934 0.01417710 0.17841498
166 0.03048921 0.01389241 0.01938241 0.01494921 0.02424261 0.01094610 0.01098820 0.01951861 0.03867852 0.03782562 0.09184634 0.01226250 0.01349171 0.21635809 0.01254111 0.04590482 0.01786871 0.01854631 0.32392913 0.02633841
167 0.06616248 0.02317739 0.02795019 0.02274819 0.01008320 0.02560459 0.03079509 0.09740497 0.01424910 0.20119594 0.11892696 0.03422709 0.03435269 0.02494659 0.01662110 0.04287749 0.03497679 0.00470040 0.02018279 0.14881696
168 0.07603527 0.21365892 0.03980679 0.03341339 0.01505429 0.04282528 0.05133598 0.04700248 0.02147789 0.02905599 0.05662708 0.10984396 0.03086329 0.02412499 0.02052469 0.06819108 0.04899888 0.00479826 0.02080239 0.04555908
169 0.03437099 0.01393930 0.01383180 0.01352600 0.02608490 0.00725206 0.01142510 0.01440330 0.02664260 0.08946618 0.14496897 0.00848372 0.02012540 0.23770396 0.01089640 0.04265259 0.01562380 0.02819919 0.19688796 0.04351579
170 0.08287443 0.12852805 0.02938381 0.04264142 0.01185100 0.03061941 0.04582362 0.05793872 0.01723611 0.02124141 0.02830851 0.06375462 0.01765021 0.01928481 0.19667307 0.07386233 0.06246482 0.00721613 0.02083531 0.04181222
171 0.06312659 0.03086350 0.02317600 0.02535470 0.02327730 0.01706560 0.02964950 0.02829940 0.02059180 0.06856779 0.13483199 0.02855530 0.02430480 0.19161198 0.01603950 0.06056229 0.03938650 0.02332290 0.09507729 0.05633529
172 0.07779282 0.21217206 0.04108711 0.03218161 0.01568620 0.04245271 0.04978401 0.04681381 0.02146491 0.02873541 0.05637412 0.11245103 0.03051751 0.02487901 0.02014871 0.06782252 0.05017811 0.00481472 0.02064731 0.04399631
173 0.12127498 0.02498030 0.02305560 0.02960800 0.01830660 0.02739510 0.05051009 0.05370659 0.01078400 0.01338380 0.01325060 0.02673940 0.00767031 0.01461720 0.27732796 0.18520397 0.04080129 0.00609874 0.01328590 0.04199959
174 0.05722765 0.02280048 0.01840218 0.01589939 0.01109349 0.01789048 0.01739578 0.02429388 0.01212809 0.20028381 0.13337187 0.03592287 0.04231766 0.02887817 0.01873898 0.04475896 0.10987390 0.00413284 0.01864668 0.16594284
175 0.04190531 0.00780635 0.00489804 0.00302868 0.00551386 0.00859002 0.00428577 0.01792200 0.00676978 0.28906506 0.13708003 0.02779671 0.04011901 0.02089690 0.00707068 0.01222350 0.03608731 0.00166703 0.00715089 0.32012306
176 0.06103571 0.05190311 0.03615411 0.05711511 0.01087680 0.16799603 0.19956903 0.06843591 0.01976960 0.02121560 0.03216740 0.06731301 0.01153310 0.01483410 0.02128700 0.05921571 0.03638981 0.00628035 0.01755700 0.03935151
177 0.11506795 0.03382779 0.02977619 0.03409459 0.01488889 0.03201779 0.05360078 0.06197247 0.01385589 0.03299029 0.03952698 0.03868388 0.01723939 0.02054529 0.23916190 0.08809346 0.05035698 0.00705111 0.02080489 0.05644348
178 0.04228000 0.01242080 0.01002870 0.00680392 0.00512998 0.01566410 0.00769494 0.02479360 0.00611025 0.29033701 0.02323960 0.07039590 0.00939880 0.01242170 0.00944610 0.02285970 0.05055470 0.00192973 0.00692844 0.37156201
179 0.18272817 0.02777353 0.02601202 0.02424332 0.01391801 0.02405212 0.03188613 0.04954825 0.01420631 0.09121208 0.10699710 0.03040923 0.03230763 0.02604302 0.03275923 0.05359565 0.04739704 0.00449948 0.01643752 0.16397415
