1 0.24773426 0.01863132 0.02268532 0.02267772 0.04568205 0.01359501 0.02346362 0.10677411 0.01524902 0.02889833 0.03311893 0.01824902 0.01503572 0.01618192 0.03291403 0.17822419 0.09495320 0.00299125 0.00790371 0.05503726
2 0.14702091 0.03167638 0.02852408 0.02671168 0.01950159 0.03711038 0.04170797 0.07537605 0.01668549 0.03152938 0.05914156 0.03296468 0.02313529 0.05848026 0.12548792 0.09912424 0.06657956 0.01077329 0.02964568 0.03882358
3 0.19690594 0.02647419 0.03132819 0.03145299 0.02894849 0.02298759 0.03665429 0.10782697 0.01733959 0.02831759 0.03936819 0.02798659 0.01915269 0.02089459 0.04102579 0.17453295 0.08531937 0.00473981 0.01321160 0.04553259
4 0.07135330 0.02606160 0.01912570 0.01515670 0.01392740 0.01739990 0.02026560 0.02680720 0.01221490 0.17576399 0.18627399 0.02973300 0.04468040 0.03212860 0.01100490 0.03963480 0.04710000 0.00438793 0.01960710 0.18737299
5 0.05978731 0.01005100 0.00881566 0.00267199 0.01072170 0.00832759 0.00700189 0.01553880 0.00610361 0.22218503 0.24472903 0.01204330 0.05546161 0.03705171 0.00589446 0.02142130 0.04105361 0.00353466 0.01603170 0.21157403
6 0.13912102 0.02593650 0.03021590 0.02380600 0.02040310 0.03641330 0.04615071 0.04872321 0.01637810 0.05053331 0.06229211 0.03429590 0.02646000 0.01721020 0.11766902 0.09694751 0.11116701 0.00840567 0.01058950 0.07728191
7 0.11807306 0.03924682 0.04399272 0.04270412 0.02439911 0.03536862 0.04848972 0.07803264 0.02524621 0.03435752 0.05528243 0.04291782 0.02649361 0.03176082 0.03839972 0.16001808 0.07581384 0.00823132 0.02596111 0.04521072
8 0.06197123 0.15139508 0.04986143 0.03361632 0.01616681 0.05704463 0.05065143 0.04524672 0.02921172 0.03709622 0.04794333 0.17536510 0.02187521 0.01969631 0.02332231 0.06251753 0.04612043 0.00452405 0.01743351 0.04894063
9 0.07086931 0.08361702 0.05762091 0.10124802 0.01078250 0.06170941 0.14827103 0.04650481 0.02447870 0.02451510 0.03645911 0.10722802 0.01462810 0.01554230 0.02588631 0.06777361 0.05508671 0.00353060 0.01196720 0.03228121
10 0.13282796 0.02453899 0.04307129 0.03469529 0.02874959 0.03036069 0.04365199 0.04568218 0.02099169 0.03130679 0.04931398 0.03220439 0.03073439 0.02209729 0.03693029 0.19522394 0.13386096 0.00516853 0.01282900 0.04576078
11 0.08413557 0.12451411 0.04870284 0.03909853 0.01931252 0.04814074 0.05176285 0.07470607 0.03063723 0.02514382 0.03672323 0.10191209 0.02045972 0.01863322 0.03799703 0.12750511 0.05298605 0.00594772 0.01837522 0.03330633
12 0.05005379 0.01247260 0.00956386 0.00258414 0.01033460 0.01037850 0.00792470 0.01406120 0.00691033 0.21741496 0.24726495 0.01450310 0.06809779 0.04035449 0.00671392 0.02281040 0.04327689 0.00466644 0.01901140 0.19160196
13 0.09301826 0.04646658 0.07440656 0.07844496 0.01904239 0.04057578 0.08249076 0.10178595 0.02688569 0.02602059 0.04021138 0.05443817 0.01697889 0.01675159 0.04342628 0.10269795 0.08046316 0.00503698 0.01391559 0.03694248
14 0.05025509 0.00985985 0.00812237 0.00187465 0.00957402 0.00778976 0.00625751 0.01327030 0.00580334 0.21806796 0.26659595 0.01101390 0.06240279 0.04600309 0.00476145 0.01821450 0.03924569 0.00431182 0.01688000 0.19969597
15 0.04900828 0.02649359 0.02274469 0.01515799 0.02049269 0.02638279 0.02145399 0.02531829 0.02317099 0.12431894 0.15963692 0.02777379 0.07611916 0.07202546 0.01352529 0.05720577 0.04834058 0.01502389 0.07618946 0.09961745
16 0.04545377 0.01171829 0.01127259 0.01019769 0.01521649 0.01413199 0.01052529 0.01769599 0.01892309 0.12152493 0.20474488 0.01297449 0.04578467 0.13645592 0.00724259 0.03230498 0.03226738 0.02687708 0.11953993 0.10514794
17 0.09472182 0.05874281 0.03606601 0.03267631 0.01528360 0.05366121 0.05262261 0.07919622 0.02051960 0.02635661 0.04559561 0.08407072 0.01768500 0.01622440 0.16070503 0.09226632 0.06821601 0.00888049 0.01119910 0.02531051
18 0.06438221 0.03211641 0.02567711 0.01616730 0.01599530 0.02536231 0.02621151 0.02753091 0.01489140 0.13257303 0.17651404 0.03656971 0.06976222 0.04348321 0.02137450 0.06559472 0.05695591 0.00689767 0.02139650 0.12054403
19 0.14168809 0.02911872 0.04540033 0.10159106 0.02164791 0.03553452 0.09111186 0.06457064 0.02166571 0.02057251 0.04507563 0.03333602 0.01562561 0.05850134 0.03063772 0.09971076 0.05940744 0.00895128 0.03660542 0.03924742
20 0.08058843 0.04800702 0.06344882 0.13336105 0.01142260 0.05338892 0.16606006 0.05350202 0.02336001 0.02475941 0.04153981 0.05409322 0.01561861 0.01863861 0.02960721 0.07586843 0.05584012 0.00372354 0.01358840 0.03358371
21 0.08603684 0.03364872 0.06755963 0.15485608 0.01541941 0.04676612 0.13998507 0.05225143 0.02314331 0.01963181 0.03714362 0.03983122 0.01549881 0.01693221 0.02380601 0.09369085 0.08044054 0.00342511 0.01535181 0.03458142
22 0.07727266 0.04137558 0.07264636 0.17370691 0.01198149 0.05007437 0.16012892 0.06185307 0.02498109 0.01718829 0.03367558 0.04510218 0.01054699 0.02120499 0.02070009 0.07631376 0.04707588 0.00417833 0.02096169 0.02903178
23 0.04731066 0.24002180 0.05394405 0.02043698 0.01499479 0.06131715 0.03707277 0.03484527 0.03470167 0.02395708 0.02712048 0.22951780 0.01839938 0.01197349 0.01089719 0.04790676 0.03190907 0.00213025 0.01293639 0.03860697
24 0.08421034 0.03283652 0.03024352 0.03916022 0.01863131 0.02843451 0.02932691 0.14220907 0.03243262 0.03282992 0.06182413 0.03010382 0.01538731 0.09305245 0.02358801 0.09025055 0.02804671 0.02611601 0.12496606 0.03635002
25 0.19931185 0.03111178 0.02681558 0.02373118 0.01910639 0.03154418 0.04133197 0.11179792 0.01375969 0.02599458 0.03249128 0.03082648 0.01800279 0.01457669 0.13974490 0.11400892 0.07565774 0.00633057 0.00776226 0.03609327
26 0.05532261 0.17787302 0.04975431 0.02521610 0.01580630 0.05976931 0.04880861 0.03644180 0.02978220 0.02979870 0.03924670 0.18809202 0.02061340 0.02794180 0.02095130 0.05588911 0.05584521 0.00386838 0.01512730 0.04385181
27 0.06490783 0.09989164 0.06253393 0.11098505 0.01491811 0.05793192 0.11006005 0.05517052 0.02682841 0.02000601 0.03380381 0.12376505 0.01386341 0.01672611 0.02308411 0.07086353 0.04426342 0.00428598 0.01609841 0.03001271
28 0.17408295 0.03695529 0.02832829 0.03731429 0.02166569 0.02664129 0.04488639 0.10875697 0.01678780 0.05338808 0.06648328 0.03668069 0.02082049 0.02574129 0.04165519 0.10700597 0.06319708 0.00556029 0.01814939 0.06589928
29 0.05692351 0.01829440 0.01557710 0.01334670 0.01239120 0.01685430 0.01941580 0.02433610 0.01047710 0.16306303 0.23619804 0.02099530 0.05673031 0.05912221 0.01260750 0.03660021 0.04467851 0.00737841 0.02608820 0.14892203
30 0.04532041 0.01118460 0.00893402 0.00273176 0.01196970 0.01082670 0.00875935 0.01446980 0.00630665 0.17753803 0.28057605 0.01210780 0.07657641 0.08346972 0.00600182 0.02724500 0.03971661 0.00805222 0.02370730 0.14450603
31 0.09845968 0.04027299 0.04253119 0.08349358 0.01451900 0.04887559 0.08131498 0.08323368 0.01986270 0.02013990 0.03989359 0.04544449 0.01679900 0.01756290 0.14474197 0.09699908 0.06111109 0.00710571 0.01255710 0.02508179
32 0.16240706 0.03527981 0.02991981 0.03569741 0.02201931 0.02349881 0.03327741 0.21071507 0.01898941 0.01979221 0.03173671 0.02957031 0.01385280 0.01914881 0.04486172 0.16425906 0.04816212 0.00615166 0.01871921 0.03194131
33 0.09839704 0.09246265 0.03640318 0.02741808 0.01694339 0.04253618 0.04545547 0.04111908 0.02129329 0.07020926 0.07851976 0.11840393 0.02566229 0.01948069 0.02170829 0.06640216 0.05759607 0.00431647 0.01364679 0.10202594
34 0.06455935 0.01154281 0.00933554 0.00338204 0.01151101 0.00803710 0.00715941 0.02520642 0.00633517 0.22608418 0.22460818 0.01343781 0.05078724 0.02890242 0.00595809 0.02269512 0.04033923 0.00290840 0.01456731 0.22264318
35 0.11774401 0.03855210 0.04392670 0.04271030 0.02410710 0.03547270 0.04845060 0.07700311 0.02552420 0.03502550 0.05597341 0.04194780 0.02642780 0.03176710 0.03944410 0.15915102 0.07646101 0.00849510 0.02666530 0.04515100
36 0.06109480 0.14422699 0.07666050 0.05088810 0.01854630 0.05486240 0.06173380 0.04899780 0.03691640 0.02181870 0.03015780 0.12890799 0.01889030 0.01560520 0.02691680 0.09957390 0.04710040 0.00516485 0.01910690 0.03283010
37 0.19534809 0.02420541 0.03273681 0.02951051 0.02994641 0.02213671 0.03428262 0.10045505 0.01822921 0.02646941 0.03782452 0.02573161 0.02031111 0.02094191 0.03762452 0.19010709 0.09127384 0.00483275 0.01310081 0.04493162
38 0.07801995 0.04023657 0.07267055 0.17352588 0.01206409 0.04947537 0.15969189 0.06242936 0.02478038 0.01717449 0.03378648 0.04446447 0.01078739 0.02117879 0.02114709 0.07685855 0.04766707 0.00416837 0.02091399 0.02895928
39 0.12355192 0.02861028 0.02451558 0.01925659 0.01938449 0.02436828 0.03036788 0.04820657 0.01387619 0.10041593 0.13174791 0.03258918 0.05359896 0.03451198 0.03835887 0.08627714 0.06660206 0.00594117 0.01569609 0.10212293
40 0.11916394 0.03896688 0.04364648 0.04274348 0.02433539 0.03562378 0.04970207 0.07821186 0.02523819 0.03408608 0.05489897 0.04260988 0.02615759 0.03097178 0.03929248 0.15932892 0.07649036 0.00817603 0.02547129 0.04488458
41 0.23998103 0.02518220 0.02403510 0.02669480 0.02934070 0.01843420 0.03074160 0.13427602 0.01435120 0.02739270 0.03231980 0.02367170 0.01442650 0.01643680 0.04417491 0.16024602 0.07753151 0.00383018 0.00989830 0.04703471
42 0.22084100 0.02699400 0.02724720 0.02936890 0.02878680 0.02065390 0.03465070 0.12464900 0.01577960 0.02830510 0.03529220 0.02668840 0.01603420 0.01790890 0.04407260 0.16018400 0.08001500 0.00439418 0.01148730 0.04664700
43 0.13723212 0.02525802 0.02797412 0.02318352 0.04340834 0.02395772 0.03072343 0.04571224 0.01650021 0.07197826 0.10019909 0.03106653 0.05317815 0.03799013 0.02924203 0.11777110 0.08040457 0.00596343 0.01870352 0.07955347
44 0.09339026 0.02125491 0.02256421 0.01836881 0.01832151 0.01945361 0.02704672 0.02775352 0.01311721 0.13795808 0.15436809 0.02757442 0.04224433 0.02746512 0.01851941 0.07074194 0.08478365 0.00436600 0.01577511 0.15493309
45 0.05634890 0.01077150 0.00891686 0.00222570 0.01049550 0.00748541 0.00599398 0.01400370 0.00587355 0.23505000 0.23610100 0.01321020 0.05274650 0.02988030 0.00412656 0.01682840 0.03930760 0.00265392 0.01463840 0.23334200
46 0.07723897 0.03960079 0.07240907 0.17448694 0.01209850 0.04943488 0.15992394 0.06093788 0.02501489 0.01723439 0.03451899 0.04381418 0.01071020 0.02167079 0.02100539 0.07699257 0.04802108 0.00436425 0.02120479 0.02931749
47 0.04869671 0.22949405 0.05413451 0.02091930 0.01553770 0.06084391 0.03715401 0.03434691 0.03427021 0.02302000 0.02719161 0.22776205 0.01798510 0.01228420 0.01282920 0.05713051 0.03383571 0.00264479 0.01315440 0.03676511
48 0.08887837 0.02781369 0.04254678 0.03105869 0.02541139 0.03478459 0.04288148 0.03717609 0.02054119 0.04893908 0.08740027 0.03533229 0.06804037 0.03533679 0.03065319 0.17459594 0.09080017 0.00730607 0.01812469 0.05237888
49 0.06464087 0.05934737 0.03109038 0.02341379 0.03769188 0.03804658 0.02929049 0.03909188 0.01807329 0.08393506 0.15242092 0.08919606 0.03881118 0.04447838 0.02196839 0.06283467 0.05056737 0.00664140 0.02353229 0.08492776
50 0.07162292 0.09931753 0.04900181 0.03484111 0.01727410 0.06027322 0.06235152 0.03772251 0.04755511 0.03048071 0.04357311 0.13453403 0.02010531 0.01520310 0.03449561 0.08019042 0.09942213 0.00591024 0.01678170 0.03934381
51 0.11945307 0.03839522 0.04383122 0.04273602 0.02425871 0.03528202 0.04981223 0.07790344 0.02583801 0.03433662 0.05591673 0.04176902 0.02660211 0.03141342 0.03867152 0.15921609 0.07634754 0.00805565 0.02582791 0.04433342
52 0.04296941 0.25502105 0.05530121 0.01671200 0.01479020 0.06172481 0.03180811 0.02876871 0.03563271 0.02281780 0.02517240 0.24492504 0.01863880 0.01146070 0.00684408 0.04447711 0.02918761 0.00177124 0.01284230 0.03913471
53 0.05152189 0.00976671 0.00827538 0.00190542 0.00966284 0.00785579 0.00614594 0.01340570 0.00598063 0.22452593 0.25682093 0.01136520 0.06000128 0.04117309 0.00489143 0.01774899 0.03939599 0.00398385 0.01713810 0.20843494
54 0.05969833 0.01547241 0.01333431 0.00777819 0.01379701 0.01565951 0.01423911 0.02036481 0.00943473 0.17645808 0.23358510 0.01762831 0.06013483 0.05252482 0.01295201 0.04841242 0.04956542 0.00685274 0.02152681 0.15058107
55 0.05486490 0.19091099 0.05121300 0.04272030 0.01216860 0.06617780 0.07794500 0.03744180 0.03138100 0.02612530 0.03091830 0.19245599 0.01639020 0.01281780 0.01447350 0.05264630 0.03995470 0.00215553 0.01135110 0.03588790
56 0.07573555 0.03928448 0.08569135 0.14401791 0.01322879 0.05028507 0.16198890 0.04991567 0.02454429 0.01632689 0.03154648 0.04741727 0.01629749 0.01569209 0.02302469 0.10461494 0.05667987 0.00333601 0.01228079 0.02809148
57 0.05399735 0.01401491 0.01216831 0.00548577 0.01225931 0.01447371 0.01264421 0.01472581 0.00865379 0.19815819 0.22553822 0.01671812 0.07157657 0.03864764 0.01187761 0.03676894 0.05943306 0.00544801 0.02027132 0.16713916
58 0.12081196 0.04168259 0.06320628 0.13424996 0.01684679 0.04606948 0.12747396 0.06401228 0.03973509 0.01745559 0.03417849 0.04128769 0.01076510 0.01917249 0.02388939 0.08853397 0.05484968 0.00404793 0.01795999 0.03377129
59 0.04518814 0.01529481 0.01669171 0.01246361 0.01972252 0.01836701 0.01379011 0.01770831 0.02914542 0.13136011 0.13216711 0.01695041 0.04335093 0.10982509 0.01309611 0.04422464 0.05325784 0.02904282 0.14549212 0.09286117
60 0.06985803 0.01066500 0.00935083 0.00318105 0.01214691 0.00779257 0.00694351 0.01900161 0.00621798 0.22450009 0.22333609 0.01294751 0.04971792 0.02862511 0.00636903 0.02465491 0.04254162 0.00270541 0.01410271 0.22534209
61 0.05755222 0.01808371 0.01536120 0.01270230 0.01251840 0.01674270 0.01881381 0.02420781 0.01073910 0.16309305 0.23423407 0.02046481 0.05597372 0.05950652 0.01300410 0.03730661 0.04466591 0.00773901 0.02778891 0.14950204
62 0.05103573 0.06101744 0.02488731 0.00988173 0.01317641 0.03207832 0.02465661 0.01963221 0.01436911 0.15334309 0.16423710 0.08068315 0.06157454 0.03070262 0.01307191 0.03915162 0.04916293 0.00480759 0.01803051 0.13450008
63 0.05612730 0.01068990 0.00864569 0.00192157 0.01027930 0.00755487 0.00581925 0.01396850 0.00591009 0.23504100 0.23750000 0.01273480 0.05382890 0.03073420 0.00424868 0.01698570 0.03951990 0.00281325 0.01536510 0.23031200
64 0.07606210 0.03585890 0.08169630 0.20798199 0.00657740 0.05175890 0.21449399 0.05185550 0.02303790 0.01326320 0.02655190 0.03892290 0.00594839 0.01448700 0.01397840 0.05974830 0.04072730 0.00125415 0.01081930 0.02497620
65 0.12745211 0.02492772 0.05198205 0.03117913 0.05210125 0.03303703 0.03211283 0.04075504 0.05403345 0.02895653 0.04162074 0.02869633 0.02651992 0.01877272 0.02444952 0.18790217 0.12180611 0.00528162 0.02071692 0.04769684
66 0.12419304 0.02893001 0.03009011 0.03380841 0.02170691 0.02868951 0.03241641 0.09105863 0.02990121 0.03123221 0.05666822 0.03095321 0.01743831 0.08370343 0.02541321 0.12161304 0.04707001 0.02173231 0.10433603 0.03904581
67 0.17811092 0.02350109 0.02356999 0.02091549 0.02837089 0.02180759 0.02889409 0.07426537 0.01402779 0.07852176 0.07682316 0.02535769 0.02638589 0.02324759 0.03779618 0.14042293 0.08320536 0.00532647 0.01385019 0.07559956
68 0.06744802 0.04046551 0.08191333 0.20940607 0.00627144 0.05320892 0.21007307 0.05388232 0.02276101 0.01374440 0.02622341 0.04790402 0.00573031 0.01360960 0.01248640 0.05980162 0.03911631 0.00129791 0.01122480 0.02343151
69 0.09569941 0.03007963 0.02393813 0.01832782 0.02029972 0.02605303 0.02774853 0.04474855 0.01595452 0.13080115 0.13247815 0.03265804 0.04204675 0.03296774 0.03012973 0.09246170 0.06565797 0.00767318 0.02361113 0.10666512
70 0.07556747 0.03633629 0.06530228 0.15692295 0.01086350 0.05534388 0.17415594 0.04587268 0.02263189 0.01762079 0.04829158 0.04358758 0.01643559 0.01465379 0.02153679 0.07911797 0.07169137 0.00247115 0.01245350 0.02914299
71 0.05038705 0.01424441 0.01062731 0.00351417 0.01096641 0.01198671 0.00929437 0.01471511 0.00769778 0.20795221 0.24207624 0.01594652 0.07219427 0.04234904 0.00777464 0.02746163 0.04545675 0.00521089 0.02020332 0.17994118
72 0.05488259 0.00840606 0.00756993 0.00098589 0.00994150 0.00598846 0.00431832 0.01251580 0.00515263 0.24378698 0.24110898 0.01038930 0.05299519 0.02869490 0.00310236 0.01373070 0.03809540 0.00232165 0.01400240 0.24201098
73 0.13348797 0.04313509 0.05210469 0.10411798 0.01463650 0.04627099 0.13733197 0.06604689 0.02123340 0.02292090 0.03607189 0.04775399 0.01402870 0.01678880 0.04183649 0.08877638 0.06326339 0.00375591 0.01054980 0.03588829
74 0.10569195 0.03446818 0.03616698 0.03727978 0.02083379 0.03481728 0.05169587 0.04211838 0.01973869 0.06880566 0.09235675 0.04314548 0.03313278 0.02779749 0.04123248 0.10572495 0.10614094 0.00613872 0.01810179 0.07461206
75 0.08930705 0.03963002 0.05365103 0.10197805 0.01345721 0.05276393 0.14929808 0.04273922 0.02173101 0.02642081 0.04396792 0.05318353 0.01969121 0.01689341 0.04018182 0.09078185 0.09091955 0.00432589 0.01246501 0.03661342
76 0.10556104 0.03995982 0.04447432 0.08086603 0.01448281 0.04815352 0.12174705 0.04638532 0.02110321 0.04275222 0.08589883 0.04726252 0.02459031 0.02489451 0.03548131 0.08193543 0.06676803 0.00484262 0.01291570 0.04992542
77 0.17547288 0.03698527 0.02837438 0.03703067 0.02200699 0.02611678 0.04498417 0.10735593 0.01672269 0.05276556 0.06581716 0.03684637 0.02035459 0.02625748 0.04213407 0.10710993 0.06336916 0.00563338 0.01862289 0.06603966
78 0.05904308 0.11238497 0.03270999 0.01702529 0.01371950 0.04172069 0.03420299 0.03321779 0.02180249 0.11733296 0.11801496 0.10345897 0.03695619 0.02397549 0.01734469 0.04587839 0.04551669 0.00449201 0.01759289 0.10360997
79 0.05716049 0.01844660 0.01585790 0.01340560 0.01235790 0.01684390 0.01945630 0.02430750 0.01078950 0.16316098 0.23494797 0.02095990 0.05605609 0.05882329 0.01253180 0.03697310 0.04425430 0.00758241 0.02730050 0.14878398
80 0.16558109 0.03683732 0.02907602 0.03717352 0.02158181 0.02342891 0.03465692 0.21828912 0.01777881 0.01985831 0.03178622 0.03109892 0.01300321 0.01867461 0.04664623 0.15312309 0.04605173 0.00565624 0.01796721 0.03173072
81 0.06681726 0.16791214 0.05308254 0.02910802 0.03803863 0.04933244 0.03768653 0.06548136 0.03224483 0.02897422 0.03889613 0.14574412 0.02009442 0.02024692 0.02640542 0.07309886 0.04203104 0.00478176 0.02109042 0.03893293
82 0.05291526 0.01105219 0.00925373 0.00292392 0.01017059 0.00987477 0.00811316 0.01379529 0.00645582 0.21562683 0.25165581 0.01287649 0.06151285 0.04014177 0.00717227 0.02279268 0.04662116 0.00415226 0.01670729 0.19618585
83 0.13555202 0.02317500 0.04054170 0.03373090 0.02808120 0.03002390 0.04335111 0.04235341 0.01934090 0.03247770 0.04891941 0.03093250 0.02896840 0.02019710 0.04086040 0.18504702 0.15486102 0.00479498 0.01058760 0.04620371
84 0.17453508 0.03677032 0.02872171 0.03690432 0.02172351 0.02685671 0.04548722 0.10757305 0.01668201 0.05264102 0.06535583 0.03679312 0.02079211 0.02597031 0.04353302 0.10658505 0.06356893 0.00568576 0.01829181 0.06552913
85 0.05179258 0.00834130 0.00737088 0.00081701 0.00904673 0.00588361 0.00438593 0.01212230 0.00505067 0.23542892 0.25840391 0.00970394 0.05856288 0.03534269 0.00313417 0.01414439 0.03811129 0.00284241 0.01433849 0.22517592
86 0.16532308 0.02828581 0.02421971 0.01795771 0.01935901 0.03215491 0.03861632 0.07601753 0.01389241 0.06838913 0.05967243 0.03084681 0.02336251 0.01629501 0.12317506 0.10704505 0.08292234 0.00790224 0.01089741 0.05366552
87 0.16138688 0.04168657 0.02445068 0.02638288 0.01899609 0.02424558 0.02792308 0.21790884 0.01377119 0.01870699 0.02791488 0.03203268 0.01069869 0.01399089 0.11749392 0.13424390 0.04792727 0.00555782 0.01068149 0.02399968
88 0.20006814 0.03139462 0.02656652 0.02386562 0.01905041 0.03186812 0.04185033 0.11216808 0.01377031 0.02554232 0.03225092 0.03053102 0.01764611 0.01475271 0.13953410 0.11353008 0.07510285 0.00634959 0.00789603 0.03626213
89 0.13673097 0.02524240 0.04098129 0.03519539 0.02841449 0.03106259 0.04487739 0.04544879 0.01972290 0.03275749 0.04965519 0.03240009 0.02854829 0.02041600 0.04113709 0.18097097 0.14286897 0.00495429 0.01142420 0.04719119
90 0.05676930 0.01809740 0.01534480 0.01300340 0.01241110 0.01636640 0.01937790 0.02354570 0.01041890 0.16495601 0.23676601 0.02070700 0.05629010 0.05894490 0.01203580 0.03628490 0.04440190 0.00740105 0.02619840 0.15067901
91 0.09854329 0.03687499 0.05461989 0.08213259 0.02026520 0.04473139 0.11685098 0.05343329 0.02178220 0.02155090 0.03919539 0.04468239 0.02685870 0.01865960 0.03494930 0.15423798 0.07891769 0.00493134 0.01307940 0.03370350
92 0.24002083 0.03312668 0.01611639 0.02514938 0.02147329 0.01379699 0.02514038 0.26671582 0.01086429 0.02127809 0.02521568 0.02190678 0.00902059 0.01156729 0.04387287 0.12489091 0.04150437 0.00300906 0.00956022 0.03577008
93 0.07121712 0.02697061 0.01928360 0.01554770 0.01381530 0.01737620 0.02140580 0.02704491 0.01227680 0.17475904 0.18450904 0.03084091 0.04467911 0.03202791 0.01098950 0.03967651 0.04743371 0.00447297 0.01958120 0.18609204
94 0.06298910 0.12925500 0.05189640 0.06013610 0.01232120 0.06398720 0.10301600 0.04036010 0.02707110 0.02738150 0.03619480 0.16281600 0.01788430 0.01543660 0.02201330 0.06183310 0.05228880 0.00352818 0.01211690 0.03747430
95 0.04389741 0.00965396 0.00977013 0.00869521 0.01792230 0.01329790 0.01023000 0.01656730 0.01781610 0.08178321 0.21845603 0.01093330 0.04870631 0.19501103 0.00740276 0.03808781 0.02887950 0.03226450 0.12855802 0.06206721
96 0.14583400 0.03699930 0.03265180 0.04228290 0.02270420 0.02878630 0.04878360 0.13793300 0.01818200 0.03617230 0.04999500 0.03982460 0.01798960 0.01782780 0.05241730 0.11511000 0.09154320 0.00485961 0.01248210 0.04762140
97 0.19728995 0.02700449 0.03140149 0.03121349 0.02900189 0.02303789 0.03703859 0.10870797 0.01802820 0.02812759 0.03931669 0.02748079 0.01929800 0.02049550 0.04047069 0.17377196 0.08465728 0.00474264 0.01317340 0.04574149
98 0.06937293 0.03693212 0.09237725 0.19986410 0.00912554 0.05038343 0.18411809 0.05374603 0.02655171 0.01408191 0.02779761 0.04207922 0.00797784 0.01533371 0.01344731 0.06942853 0.04331552 0.00245472 0.01518971 0.02642271
99 0.08130423 0.08300393 0.05700672 0.12939004 0.01278140 0.04676211 0.12485504 0.12439504 0.02465901 0.01589190 0.02899461 0.06722472 0.00803006 0.01460540 0.02923871 0.07635862 0.03594071 0.00302173 0.01384180 0.02269421
100 0.05712837 0.01841189 0.01551929 0.01298739 0.01250629 0.01697929 0.01895239 0.02433389 0.01063859 0.16397890 0.23453586 0.02136769 0.05604417 0.05827237 0.01224709 0.03681018 0.04459467 0.00744539 0.02672238 0.15052391
101 0.11865503 0.03950791 0.04351871 0.04174271 0.02434241 0.03587411 0.04892351 0.07676772 0.02535901 0.03488341 0.05540782 0.04324651 0.02665051 0.03086541 0.03814041 0.15977004 0.07700222 0.00833212 0.02603591 0.04497451
102 0.10760403 0.02034091 0.02142061 0.01727521 0.01781361 0.02108711 0.02802111 0.03934671 0.02002631 0.08733733 0.11885204 0.02783191 0.03267861 0.07689582 0.03424001 0.06755842 0.05370912 0.03216661 0.06911352 0.10668103
103 0.22383196 0.03624359 0.01548610 0.02284110 0.01956590 0.01328080 0.02230640 0.30556794 0.01021770 0.01980760 0.02571750 0.02217430 0.00859436 0.01189310 0.04308099 0.11824898 0.03515249 0.00307712 0.01043940 0.03247269
104 0.05825038 0.02164179 0.02034819 0.02380999 0.01876209 0.02141919 0.02547339 0.03145789 0.02516589 0.06002318 0.13580695 0.02454559 0.03075039 0.17067293 0.01488659 0.05502858 0.03433499 0.03304659 0.13986594 0.05470948
105 0.15470002 0.01885750 0.02241840 0.02167390 0.02596560 0.01730510 0.02877380 0.04562421 0.01302580 0.09827941 0.10659301 0.02379570 0.02974780 0.02011540 0.02635870 0.10450701 0.09658201 0.00370269 0.01079190 0.13118201
106 0.04798713 0.01615321 0.01299691 0.00823182 0.01598941 0.01489291 0.01064651 0.01708921 0.01947441 0.17026911 0.17952812 0.01757241 0.04971913 0.08595456 0.00955454 0.03243042 0.04014793 0.01980051 0.09442866 0.13713309
107 0.09571722 0.07232402 0.04047421 0.03754161 0.01932691 0.05238991 0.05931502 0.04075021 0.02666471 0.03854851 0.05229981 0.11381503 0.02134361 0.02766621 0.02900041 0.08298742 0.08678412 0.00805914 0.04544871 0.04954321
108 0.04760449 0.00966820 0.00757998 0.00113674 0.00906207 0.00727301 0.00560301 0.01226460 0.00531484 0.21509694 0.27379092 0.01065400 0.06784508 0.05125748 0.00378121 0.01732579 0.03863109 0.00451474 0.01667589 0.19491994
109 0.06989988 0.05218158 0.07847347 0.07516747 0.01815229 0.05054968 0.10956796 0.03867389 0.02377269 0.02573279 0.04788658 0.06745938 0.05102618 0.01971559 0.02991849 0.11285096 0.07098358 0.00584334 0.01389360 0.03825059
110 0.04320190 0.25462201 0.05507230 0.01686290 0.01482400 0.06171170 0.03188620 0.02889860 0.03572490 0.02288580 0.02519270 0.24429901 0.01857320 0.01139380 0.00705716 0.04475990 0.02926990 0.00179090 0.01299050 0.03898260
111 0.08022415 0.04776177 0.06341346 0.13503591 0.01128219 0.05330817 0.16739289 0.05362427 0.02329019 0.02434528 0.04118657 0.05362877 0.01521129 0.01833669 0.02977468 0.07603995 0.05586186 0.00370864 0.01337499 0.03319828
112 0.10729601 0.04404840 0.03878840 0.05147921 0.01827710 0.05402971 0.04873271 0.21522402 0.02314030 0.01768630 0.03848270 0.04531130 0.01318000 0.01855910 0.05084701 0.12592901 0.03788810 0.00625489 0.02020910 0.02463660
113 0.03797189 0.00943219 0.01803509 0.01381260 0.01757139 0.01467450 0.00490269 0.01454790 0.04886138 0.02697889 0.08349497 0.00875647 0.00679442 0.25695092 0.00567344 0.03986789 0.01565070 0.06124398 0.28704791 0.02773079
114 0.22458903 0.03580570 0.01509560 0.02259170 0.01958490 0.01298650 0.02176540 0.30655304 0.01019260 0.01999770 0.02598740 0.02170990 0.00865612 0.01195720 0.04328501 0.11806601 0.03502770 0.00305556 0.01045510 0.03263780
115 0.11969299 0.03901190 0.04367430 0.04271570 0.02438970 0.03503830 0.04810890 0.07932570 0.02531980 0.03420120 0.05574190 0.04208150 0.02659480 0.03092000 0.03815170 0.16030499 0.07624330 0.00814826 0.02544140 0.04489370
116 0.04879204 0.02134552 0.02262442 0.02300742 0.01820151 0.02182332 0.01787661 0.03003262 0.03738223 0.05405014 0.09760598 0.02246952 0.01868691 0.17722714 0.01059091 0.05061674 0.02702982 0.04337923 0.20532516 0.05193274
117 0.06641598 0.18014595 0.04906629 0.03545609 0.01560960 0.05383079 0.05099009 0.06115418 0.03160309 0.03234519 0.04173099 0.15656396 0.01948890 0.01689260 0.02352989 0.06254018 0.03961709 0.00363565 0.01684590 0.04253759
118 0.03984161 0.00627513 0.00842995 0.01051970 0.01763411 0.01178990 0.00455000 0.01340050 0.03191891 0.04415082 0.12337405 0.00746062 0.01708261 0.25520009 0.00511023 0.03413981 0.01713001 0.05774492 0.25548209 0.03876491
119 0.06490657 0.01715359 0.01784529 0.01384149 0.01349119 0.01894579 0.02222889 0.02188639 0.01071260 0.15352593 0.22264090 0.02159979 0.05618607 0.04686668 0.01637559 0.05053228 0.06620027 0.00565435 0.01767239 0.14173394
120 0.09934130 0.01593530 0.01219660 0.00985961 0.01513880 0.01250340 0.01491680 0.05837450 0.00881046 0.17125099 0.19367999 0.01702500 0.04461720 0.03293560 0.01622780 0.04909370 0.04632800 0.00427588 0.01503610 0.16245299
121 0.05290022 0.00849181 0.00775242 0.00122037 0.00930431 0.00615155 0.00472496 0.01234321 0.00520738 0.23410511 0.25533111 0.01014110 0.05700363 0.03460062 0.00328019 0.01456231 0.03820712 0.00280386 0.01434161 0.22752710
122 0.05085186 0.22680484 0.05530756 0.02532028 0.01528199 0.06166686 0.03964527 0.03756847 0.05047966 0.02396348 0.02808008 0.19587886 0.01674629 0.01325579 0.01277149 0.05314236 0.03332848 0.00295681 0.02008099 0.03686857
123 0.05427268 0.01398360 0.01495050 0.00857396 0.01278400 0.01680669 0.01681909 0.01630979 0.00885143 0.16395995 0.24052092 0.01700729 0.07550018 0.05152808 0.01261240 0.04770248 0.06263488 0.00587414 0.01737099 0.14193695
124 0.09402952 0.03400871 0.05347821 0.09295962 0.01630320 0.04982121 0.14219003 0.03953211 0.02012440 0.02195560 0.03904831 0.04722671 0.02358200 0.01606490 0.03664851 0.12295402 0.10108102 0.00424462 0.01143000 0.03331731
125 0.09619318 0.05181129 0.06222619 0.06326189 0.01771720 0.03399319 0.06532539 0.23590995 0.02187380 0.01889110 0.03513149 0.04993229 0.01259580 0.01774220 0.04156359 0.09244408 0.03645979 0.00491811 0.01497740 0.02703209
126 0.14838795 0.03762339 0.02749109 0.02677469 0.01918209 0.03080599 0.03903639 0.14536395 0.01539189 0.02548769 0.03493669 0.03681019 0.01427560 0.01319610 0.14399695 0.11099296 0.08761467 0.00614305 0.00788138 0.02860729
127 0.05138399 0.00993571 0.00823405 0.00192335 0.00974185 0.00795813 0.00610984 0.01366040 0.00604670 0.22451198 0.25640697 0.01148910 0.06026749 0.04089870 0.00503988 0.01787610 0.03942010 0.00405589 0.01734280 0.20769698
128 0.07051452 0.02686061 0.01912901 0.01481221 0.01358890 0.01727751 0.02056411 0.02701261 0.01224370 0.17623706 0.18665406 0.03079691 0.04493882 0.03191111 0.01049480 0.03907711 0.04687942 0.00428056 0.01929791 0.18742906
129 0.07231670 0.07291360 0.05202760 0.06278560 0.01613060 0.08217650 0.07986620 0.04851640 0.03201220 0.03803030 0.05879040 0.08269110 0.02337520 0.02534830 0.04086400 0.08073110 0.05740610 0.00664887 0.02422710 0.04314210
130 0.06514245 0.11530809 0.05297754 0.04360283 0.01634581 0.08268426 0.06510575 0.04174993 0.02971002 0.02659272 0.03924753 0.14443611 0.01981542 0.01592091 0.03662343 0.09494097 0.05507954 0.00551162 0.01616081 0.03304423
131 0.07714582 0.04068231 0.07225682 0.17379904 0.01184560 0.04959671 0.15963604 0.06152951 0.02520051 0.01725820 0.03395821 0.04468451 0.01074620 0.02198021 0.02083611 0.07655052 0.04689831 0.00430996 0.02173021 0.02935521
132 0.06913278 0.05931438 0.06452678 0.04932238 0.01720109 0.03787789 0.05404608 0.03446389 0.02988349 0.08585657 0.09680627 0.06588968 0.03004799 0.02242139 0.01637709 0.07012798 0.05435658 0.00508701 0.02013969 0.11712096
133 0.04655222 0.24104808 0.05438562 0.02082951 0.01496351 0.06150392 0.03743541 0.03402301 0.03481311 0.02391371 0.02691941 0.22997608 0.01821621 0.01201770 0.01009990 0.04765702 0.03192411 0.00208276 0.01320330 0.03843541
134 0.05735498 0.01817519 0.01536820 0.01260600 0.01248150 0.01687399 0.01860689 0.02352589 0.01059300 0.16352895 0.23556693 0.02125719 0.05625558 0.05908708 0.01263060 0.03730249 0.04482009 0.00758030 0.02657519 0.14980996
135 0.11645315 0.03034774 0.01936562 0.02165523 0.01696362 0.01894992 0.02598243 0.12914216 0.01247842 0.11893615 0.12512116 0.02783004 0.03178754 0.02673603 0.02911604 0.07169059 0.04489486 0.00521075 0.01711642 0.11022214
136 0.07165667 0.01921499 0.01997279 0.01621969 0.01494219 0.02270909 0.02717549 0.02305109 0.01243120 0.13584795 0.19792793 0.02540329 0.05309878 0.04427268 0.02160249 0.06190168 0.08081367 0.00605336 0.01905899 0.12664595
137 0.06950110 0.03555170 0.08373860 0.21516901 0.00644512 0.05150200 0.21257101 0.05354140 0.02288010 0.01345810 0.02622260 0.03921030 0.00595215 0.01414820 0.01259440 0.06023390 0.03974730 0.00124199 0.01176020 0.02453080
138 0.04544356 0.01389329 0.01306889 0.01011589 0.01636719 0.01480339 0.00993297 0.01710469 0.02342508 0.13823489 0.15889488 0.01536269 0.04082897 0.12367390 0.00877079 0.03458447 0.03485807 0.02964458 0.13888089 0.11211091
139 0.13229309 0.02537102 0.04214943 0.03436612 0.02859072 0.03077942 0.04346443 0.04704403 0.02098931 0.03191712 0.04971873 0.03212292 0.03035972 0.02216402 0.03739033 0.19329314 0.13353309 0.00517640 0.01284281 0.04643413
140 0.04807352 0.22154808 0.04983722 0.01953171 0.01467201 0.06394782 0.03878121 0.03245241 0.03301421 0.02853161 0.04119451 0.22470308 0.01956661 0.01332610 0.01210840 0.04643052 0.03593981 0.00226904 0.01296120 0.04111091
141 0.06212460 0.03962430 0.04385580 0.08186660 0.01511860 0.04867910 0.12843599 0.03802120 0.02418830 0.07292690 0.07394620 0.04634220 0.02892200 0.03710530 0.02347920 0.06424490 0.05515610 0.00954934 0.05046820 0.05594520
142 0.05600091 0.02310710 0.01399820 0.00609570 0.01220500 0.02342010 0.01466010 0.01592930 0.00983075 0.20671002 0.20489802 0.02806710 0.04990630 0.02831340 0.00736617 0.02439290 0.04311860 0.00333649 0.01665080 0.21199302
143 0.07226332 0.06870263 0.06015954 0.12929487 0.01425539 0.04969955 0.11991988 0.11079588 0.02385698 0.01680968 0.03255887 0.08550841 0.00963099 0.01574338 0.02990807 0.07848202 0.03902916 0.00427434 0.01502198 0.02408507
144 0.11857504 0.03863231 0.04352451 0.04319131 0.02395701 0.03536541 0.04935482 0.07788682 0.02518681 0.03456041 0.05594312 0.04281381 0.02690211 0.03077131 0.03939211 0.15874005 0.07637302 0.00815789 0.02587841 0.04479371
145 0.06985619 0.03833100 0.07913409 0.20508198 0.00693436 0.05113760 0.20516398 0.06989409 0.02329730 0.01351620 0.02666170 0.04035070 0.00569026 0.01352510 0.01463530 0.06360929 0.03786940 0.00134036 0.01118460 0.02278650
146 0.11220598 0.05756529 0.04593849 0.05862629 0.01610630 0.07762488 0.08010908 0.05633089 0.02641559 0.03404239 0.05183299 0.06719009 0.02008800 0.02184740 0.05466149 0.08866748 0.06531889 0.00588251 0.01815620 0.04138979
147 0.05911193 0.14364807 0.05029063 0.03913632 0.01507381 0.08589494 0.06270693 0.03811842 0.03109102 0.02981561 0.04048032 0.17014109 0.01942881 0.01559321 0.02862081 0.06267913 0.04959042 0.00406140 0.01610161 0.03841552
148 0.12119110 0.02652012 0.03387013 0.02219562 0.01448761 0.04720714 0.04801134 0.03874493 0.01727751 0.03524273 0.05030714 0.03389693 0.04162263 0.01581011 0.19661116 0.09857028 0.10796609 0.00968864 0.00822667 0.03255213
149 0.06341190 0.07219600 0.09026710 0.07983690 0.01655070 0.08656510 0.08721270 0.04317740 0.04790050 0.02268820 0.03972730 0.08158100 0.01909580 0.01705190 0.03183650 0.08736370 0.05146850 0.00636433 0.02209200 0.03361250
150 0.05939627 0.02275173 0.02155042 0.02490293 0.01879832 0.02167392 0.02680013 0.03255524 0.02469913 0.05886106 0.13269415 0.02570773 0.03012553 0.16737818 0.01562062 0.05703486 0.03531524 0.03234294 0.13756915 0.05422246
151 0.17458409 0.03641572 0.02832011 0.03688462 0.02178961 0.02634171 0.04477392 0.10877306 0.01631121 0.05319653 0.06607593 0.03618062 0.02083241 0.02615011 0.04158012 0.10707906 0.06375353 0.00570758 0.01851981 0.06673023
152 0.04129400 0.00858944 0.01101930 0.01223970 0.01739790 0.01391600 0.00625190 0.01542440 0.03342620 0.05420750 0.11889299 0.00982514 0.01751750 0.22868598 0.00612621 0.03572310 0.02006020 0.05401910 0.24586698 0.04951650
153 0.07240378 0.03616999 0.07712218 0.19227294 0.00913657 0.05178318 0.19526794 0.05491878 0.02246929 0.01430720 0.02901159 0.04037339 0.01005130 0.01439660 0.01655650 0.07906578 0.04577129 0.00187012 0.01201490 0.02503669
154 0.10856892 0.03547837 0.06679095 0.16160289 0.01411109 0.04452677 0.14965689 0.06963025 0.02265588 0.01700439 0.03215628 0.03810237 0.00995168 0.01861839 0.02309028 0.08445564 0.05278446 0.00312062 0.01510079 0.03259308
155 0.15409586 0.04551936 0.02698637 0.03648227 0.01784328 0.02272318 0.03717887 0.26615575 0.01509269 0.02871267 0.04268116 0.03569997 0.01340019 0.01866248 0.04443546 0.10121690 0.03617697 0.00450314 0.01552099 0.03691247
156 0.03833923 0.00541912 0.00903626 0.01147321 0.01692471 0.01144671 0.00320733 0.01218281 0.03757483 0.02758382 0.09069187 0.00667174 0.00631972 0.27731720 0.00447122 0.03455372 0.01369531 0.06673575 0.29886622 0.02748922
157 0.16016589 0.10313793 0.03235678 0.03435888 0.01846029 0.03803107 0.04902247 0.12595792 0.02221829 0.02715328 0.03549978 0.08111825 0.01441899 0.01443329 0.04316827 0.09463154 0.05121017 0.00364646 0.01140309 0.03960737
158 0.05755719 0.01763770 0.01527710 0.01245830 0.01261140 0.01635470 0.01812630 0.02400060 0.01058460 0.16428098 0.23601697 0.02075560 0.05635799 0.05952329 0.01229570 0.03676369 0.04434269 0.00762314 0.02715010 0.15028198
159 0.04496432 0.01024100 0.00942865 0.00558736 0.01490661 0.01197810 0.01003910 0.01624661 0.00991699 0.12961205 0.27576910 0.01115110 0.06602033 0.13268605 0.00726362 0.03259831 0.03495981 0.01676251 0.05761732 0.10225104
160 0.05336671 0.01018690 0.00888485 0.00277412 0.00971882 0.00789889 0.00678436 0.01376030 0.00609495 0.22029204 0.25539705 0.01200420 0.05845671 0.03984931 0.00443537 0.01865040 0.03994881 0.00369306 0.01632510 0.21147804
161 0.08173975 0.15763909 0.04804873 0.03620022 0.01817451 0.04973293 0.04997843 0.07677294 0.03011322 0.02536681 0.03405402 0.12900707 0.01802831 0.01591331 0.03285762 0.09553355 0.04556253 0.00462014 0.01616991 0.03448692
162 0.05276055 0.00837357 0.00746620 0.00094994 0.00931303 0.00605271 0.00443337 0.01222421 0.00516811 0.23754122 0.25297924 0.01000721 0.05682955 0.03348603 0.00322384 0.01422241 0.03833534 0.00273044 0.01447581 0.22942721
163 0.05032299 0.00986391 0.00816620 0.00203018 0.00948723 0.00790623 0.00655009 0.01366650 0.00578271 0.21781598 0.26551397 0.01121150 0.06227669 0.04569009 0.00516314 0.01818410 0.03924160 0.00431622 0.01679970 0.20001098
164 0.05021301 0.00862577 0.00745518 0.00137345 0.00978875 0.00697947 0.00477916 0.01220890 0.00666023 0.22731906 0.24997007 0.00978670 0.06040942 0.04256501 0.00371065 0.01622360 0.03907281 0.00516057 0.02595011 0.21174806
165 0.05538272 0.00992519 0.00874608 0.00242092 0.01013260 0.00743031 0.00607954 0.01353931 0.00594191 0.23082109 0.24267409 0.01208160 0.05395092 0.03273361 0.00409227 0.01671281 0.03911821 0.00290711 0.01531461 0.22999509
166 0.03830680 0.00501806 0.00838270 0.01129280 0.01667780 0.01087990 0.00277019 0.01196680 0.03732290 0.02746410 0.09027121 0.00621285 0.00583291 0.27863503 0.00419610 0.03422910 0.01338660 0.06864141 0.30134403 0.02716870
167 0.06437972 0.01297910 0.01076390 0.00381555 0.01208170 0.01104630 0.00977305 0.01698061 0.00726884 0.20778807 0.23003307 0.01495040 0.06235712 0.03741211 0.01015990 0.03096821 0.04653761 0.00424114 0.01668751 0.18977606
168 0.05481849 0.19773097 0.05218849 0.03428979 0.01403170 0.07424049 0.05556259 0.03792999 0.03593319 0.02668870 0.03314260 0.18182597 0.01804320 0.01340110 0.01882370 0.05629089 0.04069279 0.00268175 0.01439870 0.03728489
169 0.03983964 0.00643140 0.00857999 0.01062041 0.01799932 0.01202321 0.00474868 0.01350191 0.03189083 0.04206244 0.12305412 0.00785045 0.01704062 0.25757726 0.00532051 0.03464913 0.01706982 0.05776816 0.25531326 0.03665884
170 0.12730593 0.03282568 0.03298378 0.02469159 0.01585609 0.04517597 0.05101187 0.05905547 0.01672189 0.03229798 0.04226148 0.03876648 0.02201639 0.01457019 0.18411189 0.10290594 0.11053794 0.00854805 0.00831803 0.03003738
171 0.05904975 0.02216458 0.02099608 0.02443708 0.01861538 0.02203968 0.02660108 0.03287327 0.02483868 0.05965435 0.13509188 0.02505918 0.03096457 0.16695385 0.01648429 0.05622005 0.03484707 0.03197047 0.13606988 0.05506885
172 0.04673757 0.24067284 0.05429956 0.02090319 0.01503699 0.06128286 0.03691958 0.03436238 0.03477738 0.02388008 0.02732548 0.22944285 0.01829169 0.01203329 0.01012549 0.04810027 0.03180318 0.00208847 0.01314059 0.03877627
173 0.12472207 0.03391462 0.03667672 0.02600731 0.01661931 0.04289892 0.03991702 0.08707695 0.01707021 0.02550681 0.03527342 0.03606512 0.01947471 0.01582911 0.18656910 0.14152808 0.07335144 0.00890485 0.00913750 0.02345671
174 0.05234316 0.01220949 0.01232409 0.00812673 0.01476969 0.01416909 0.01442159 0.01720039 0.01036719 0.13246390 0.25271781 0.01434479 0.06410945 0.10657292 0.01009439 0.04305457 0.05223106 0.01300059 0.04435417 0.11112492
175 0.05493527 0.00821371 0.00763078 0.00099151 0.00993954 0.00591862 0.00435902 0.01260059 0.00512205 0.24386188 0.24099388 0.01029789 0.05283217 0.02871429 0.00299635 0.01358469 0.03807658 0.00230532 0.01398299 0.24264288
176 0.07371197 0.05766838 0.05805318 0.11767796 0.00978798 0.08232817 0.16094094 0.04560508 0.02486979 0.02485299 0.03927949 0.06687727 0.01454189 0.01603659 0.03266579 0.07189947 0.05718588 0.00341370 0.01310530 0.02949819
177 0.12265601 0.03970600 0.03392500 0.03066280 0.01597720 0.04358850 0.04898630 0.09031631 0.01877980 0.02983210 0.04548730 0.04238230 0.02059650 0.01863230 0.17098601 0.10296401 0.07340611 0.00866002 0.01230370 0.03015170
178 0.05442856 0.03283233 0.01473782 0.00446925 0.01065951 0.01678092 0.01274111 0.01544832 0.00905986 0.20848721 0.20671321 0.04324074 0.05010815 0.02784113 0.00610576 0.02153492 0.04134684 0.00296743 0.01462271 0.20587421
179 0.05957342 0.00884289 0.00800666 0.00150095 0.01068220 0.00640187 0.00497974 0.01437201 0.00540357 0.23916009 0.23576909 0.01084140 0.05177632 0.02846191 0.00380492 0.01674171 0.03928921 0.00239743 0.01390151 0.23809309
