1 0.04166763 0.01043351 0.00832517 0.00232582 0.01479961 0.01059001 0.00564918 0.00805837 0.00417879 0.24070717 0.24043817 0.00443222 0.05080404 0.04105613 0.01129521 0.01846391 0.03893443 0.00353947 0.01538801 0.22891316
2 0.08392623 0.03704571 0.02952131 0.01866541 0.00733894 0.04027601 0.04307992 0.08050563 0.02058121 0.03871501 0.06294182 0.02900081 0.02707991 0.02359411 0.25921610 0.08569743 0.04379672 0.00565229 0.01259350 0.05077192
3 0.04407445 0.03157346 0.07316762 0.13588985 0.00633315 0.03446836 0.10466088 0.33439963 0.01393388 0.00675112 0.02766497 0.06930592 0.00867370 0.00690174 0.01017379 0.05142004 0.02166928 0.00128757 0.00714338 0.01050719
4 0.06118889 0.03180380 0.02405370 0.01313170 0.01581380 0.02025270 0.02809770 0.02212590 0.01944780 0.15203598 0.15065498 0.02160550 0.04656909 0.03853239 0.01888070 0.04809429 0.04650559 0.00788335 0.02186320 0.21145897
5 0.21899612 0.07687704 0.03970862 0.03300092 0.01055461 0.06148643 0.05563493 0.03359912 0.02892152 0.03132252 0.03344582 0.12899707 0.01604291 0.02154081 0.03047362 0.07933014 0.04349292 0.00603597 0.01218331 0.03835562
6 0.08405611 0.04267510 0.05554511 0.15147702 0.01058150 0.04240540 0.09559501 0.04040460 0.02818770 0.07005841 0.04869810 0.04024830 0.02355510 0.03471550 0.01365510 0.06716731 0.07122141 0.00877460 0.02896030 0.04201830
7 0.12273391 0.05150236 0.05166236 0.03930107 0.01923619 0.03627787 0.05709346 0.07216485 0.02244598 0.02944698 0.04138817 0.04474857 0.01824579 0.02175298 0.03320468 0.18856687 0.07562405 0.01035119 0.01365409 0.05059856
8 0.03338330 0.01853990 0.00804476 0.00550346 0.01016660 0.00968883 0.00613649 0.00797612 0.00278657 0.22521800 0.26792799 0.00767703 0.07689990 0.05629500 0.01495770 0.02107500 0.03401620 0.00346346 0.01769670 0.17254700
9 0.05961829 0.08034968 0.05137259 0.07839118 0.00743379 0.05524199 0.16869996 0.09941428 0.02790399 0.01372420 0.02742839 0.14847097 0.01095630 0.01308790 0.01531930 0.06319729 0.03082549 0.00339023 0.01714450 0.02802969
10 0.02368620 0.02173470 0.01212640 0.01475940 0.01196970 0.01315960 0.00875940 0.01100410 0.03009730 0.05244969 0.03985220 0.01538260 0.00966192 0.31202596 0.00468560 0.01776780 0.03284510 0.01185250 0.32803596 0.02814390
11 0.03842160 0.05760190 0.02048580 0.02628570 0.01370480 0.02752250 0.02388320 0.01082610 0.04418360 0.04648930 0.07839390 0.07279650 0.01556990 0.18211600 0.00905950 0.01836060 0.02138510 0.03468560 0.22179300 0.03643540
12 0.04016734 0.03352783 0.02001522 0.01692532 0.01249431 0.02122942 0.01645542 0.01833192 0.02587123 0.08659439 0.10740811 0.02532543 0.02707063 0.20643821 0.01434811 0.03475773 0.04056594 0.01318181 0.17455617 0.06473546
13 0.05807450 0.05318660 0.09462890 0.16005500 0.00841262 0.04105640 0.11495100 0.14872300 0.02145570 0.01451910 0.02569880 0.09313610 0.00937330 0.01076660 0.01284250 0.07090450 0.02960750 0.00302661 0.00973869 0.01984260
14 0.06284076 0.03976174 0.07165507 0.18675917 0.00649296 0.04153904 0.15747115 0.14306313 0.02105072 0.01546991 0.02592162 0.08065138 0.01005621 0.00688494 0.01058631 0.06439766 0.02889613 0.00249923 0.00886067 0.01514221
15 0.07326225 0.14580990 0.04341387 0.03547868 0.01337689 0.04432407 0.05661976 0.05250966 0.02745998 0.03721377 0.05667096 0.10331293 0.02612368 0.03788027 0.02192698 0.07910474 0.04944757 0.01049799 0.02854108 0.05702496
16 0.05909399 0.04099660 0.04168380 0.04914069 0.02529050 0.03569640 0.05310279 0.23814597 0.02000460 0.03246470 0.05043209 0.04090070 0.06330439 0.01680370 0.03716430 0.07042769 0.05076609 0.00608701 0.01055500 0.05793899
17 0.04407600 0.01082940 0.00933312 0.00325539 0.01503590 0.01150210 0.00601587 0.00940426 0.00429319 0.24647499 0.21584799 0.00520520 0.04974480 0.03823140 0.01139540 0.01950550 0.03998280 0.00371423 0.01696050 0.23919199
18 0.06807200 0.12363600 0.03704290 0.03721700 0.01712620 0.08251940 0.04552740 0.14675400 0.02316910 0.02188320 0.02635200 0.09338080 0.05838100 0.01902690 0.03457380 0.06542520 0.05316090 0.00613988 0.01151900 0.02909330
19 0.07242753 0.04694672 0.05029202 0.07767543 0.00641968 0.08943424 0.19637409 0.06262163 0.04629802 0.01841631 0.04275382 0.06831453 0.01943261 0.01630111 0.03165311 0.06271193 0.03647672 0.00489498 0.01210731 0.03844822
20 0.02880840 0.02240420 0.01273900 0.00616115 0.00625990 0.01398210 0.02611440 0.01302400 0.01030930 0.17058199 0.29431899 0.00781044 0.08921350 0.05849350 0.04711060 0.02830390 0.03142160 0.00322584 0.01129720 0.11842000
21 0.12568103 0.05030961 0.05246011 0.03965181 0.01981190 0.03578821 0.05489091 0.07117861 0.02184730 0.02957911 0.04253041 0.04381341 0.01809070 0.02198690 0.03513911 0.18966004 0.07414452 0.00985119 0.01403020 0.04955491
22 0.04559520 0.02402440 0.01547120 0.01448370 0.01134810 0.01703660 0.01983460 0.02084620 0.01073550 0.17177398 0.26051697 0.01776190 0.05623399 0.05901259 0.01725260 0.03200550 0.03757540 0.00710970 0.02361490 0.13776699
23 0.07785661 0.18018702 0.04748810 0.02143040 0.00701564 0.09262761 0.06221611 0.02750100 0.02303680 0.01819820 0.02128700 0.22556702 0.02416130 0.02167910 0.01220140 0.05096181 0.04625790 0.00329676 0.01597730 0.02105290
24 0.07337474 0.03618292 0.05715783 0.07934954 0.01301951 0.03297692 0.07764694 0.30773717 0.01489141 0.01343181 0.03254472 0.05754733 0.01372891 0.01197891 0.03144202 0.07534074 0.03742932 0.00316119 0.00905596 0.02200211
25 0.04914152 0.01833751 0.01336001 0.01198301 0.01347791 0.01575061 0.01250641 0.01314071 0.00781859 0.21729411 0.21619011 0.01219621 0.04938002 0.05814073 0.01481891 0.02688041 0.03889972 0.00468211 0.03147332 0.17452809
26 0.28084079 0.02882308 0.04364647 0.03272268 0.03032828 0.02302718 0.04346597 0.09753623 0.01304089 0.01816699 0.02359078 0.02483958 0.00908821 0.00928609 0.02406398 0.19036086 0.06208675 0.00478698 0.00592163 0.03437657
27 0.04487923 0.02726962 0.01663401 0.01235871 0.01262471 0.01408751 0.01539541 0.01882821 0.00754591 0.17127812 0.21775215 0.01425721 0.09243556 0.04784213 0.02144932 0.05919254 0.04841593 0.00510490 0.01327871 0.13937010
28 0.08004063 0.04951642 0.05451182 0.09659133 0.00918083 0.05233822 0.17083106 0.08988393 0.03499701 0.01891031 0.03856601 0.06745492 0.01772471 0.01612831 0.02667661 0.07784703 0.04022101 0.00570333 0.01386650 0.03901001
29 0.03787910 0.00983573 0.00885930 0.00211867 0.01310750 0.00867055 0.00414000 0.00899013 0.00158965 0.24142400 0.22389000 0.00332694 0.06807620 0.03800020 0.01235860 0.01734790 0.03812860 0.00352962 0.01386030 0.24486700
30 0.07656128 0.05309199 0.05192549 0.09212528 0.00831240 0.05088899 0.14342296 0.03439299 0.07040108 0.05373199 0.03352839 0.05036779 0.01486790 0.01731580 0.02266069 0.11304697 0.03598299 0.00563325 0.01465760 0.05708419
31 0.07257531 0.03592290 0.05683871 0.07835711 0.01317770 0.03292610 0.07668801 0.30622703 0.01515520 0.01416020 0.03309810 0.05707101 0.01366220 0.01271630 0.03232970 0.07535701 0.03769460 0.00316320 0.00992059 0.02295900
32 0.04165538 0.01351889 0.01020220 0.00366602 0.01413509 0.01192430 0.00896344 0.00919128 0.00617285 0.22266691 0.24365390 0.00674141 0.05349568 0.04461858 0.01322799 0.02232559 0.03867008 0.00443519 0.01696629 0.21376892
33 0.03175112 0.01282881 0.00519572 0.00189505 0.01054271 0.00756047 0.00226162 0.00485914 0.00120307 0.23962814 0.29708218 0.00271109 0.06499254 0.05848334 0.01231651 0.01736301 0.03134942 0.00235604 0.01534291 0.18027711
34 0.08671365 0.12943707 0.03609392 0.02526571 0.00847485 0.04818593 0.05037733 0.04836373 0.02242101 0.03348462 0.04621662 0.06138643 0.02488751 0.02613541 0.13425807 0.10748806 0.03554022 0.00939112 0.01698111 0.04889763
35 0.02364590 0.02153670 0.01227770 0.01432260 0.01208340 0.01267760 0.00800621 0.01137640 0.02849460 0.05335700 0.03890920 0.01400350 0.00975500 0.31950700 0.00449020 0.01789080 0.03424880 0.01025330 0.32560700 0.02755710
36 0.07495049 0.05545469 0.05436719 0.04359140 0.01438950 0.05104259 0.08347349 0.04595110 0.09721569 0.02787800 0.05160929 0.05505429 0.01847090 0.04675280 0.03032660 0.07644379 0.04889290 0.01427100 0.04614670 0.06371759
37 0.10656292 0.04420587 0.05120386 0.02226468 0.02768668 0.03524597 0.03593277 0.06131525 0.01850169 0.02178508 0.03680707 0.02571668 0.01915019 0.01913239 0.01930449 0.21971983 0.16880187 0.01494759 0.00875265 0.04296247
38 0.03616438 0.03367098 0.01717659 0.02331289 0.01291819 0.02051129 0.01945609 0.01738919 0.03331338 0.06191156 0.06678236 0.03217998 0.01652049 0.21818286 0.00985003 0.02707368 0.03254168 0.01890499 0.25535584 0.04678357
39 0.07444887 0.12017695 0.04283118 0.03428689 0.01279700 0.03648049 0.06599647 0.03406869 0.07237787 0.05651468 0.03082889 0.06855837 0.01463239 0.02667049 0.02335029 0.12867495 0.04436428 0.00937039 0.02188639 0.08168447
40 0.02300689 0.02132959 0.01204159 0.01405369 0.01200559 0.01249989 0.00815296 0.01113879 0.02859598 0.05362777 0.03883288 0.01370509 0.00951278 0.32083182 0.00457783 0.01790599 0.03392088 0.00967167 0.32696082 0.02762748
41 0.08506351 0.12125201 0.04984020 0.03820260 0.00791528 0.09680931 0.07290691 0.04780740 0.02774580 0.02260180 0.03161360 0.17735402 0.02024220 0.02532210 0.01762730 0.05959211 0.04320590 0.00638283 0.02029610 0.02821900
42 0.29056101 0.02529370 0.04072430 0.03261790 0.03261660 0.01391730 0.04244100 0.16928300 0.00771459 0.01032630 0.01600440 0.01588570 0.00661990 0.00555411 0.01643080 0.19516000 0.05426500 0.00264277 0.00310651 0.01883510
43 0.04053862 0.04076322 0.01369711 0.02340551 0.01355871 0.02240091 0.01694201 0.01754931 0.02121911 0.09936506 0.13341808 0.03593692 0.05118993 0.13075608 0.01175801 0.02601672 0.03517922 0.02470701 0.15846810 0.08313035
44 0.03915030 0.01388590 0.00853091 0.00390376 0.01270890 0.01069190 0.00673172 0.00779644 0.00458834 0.22192500 0.27138301 0.00618555 0.05734620 0.05153150 0.01272100 0.02154840 0.03679270 0.00372686 0.01652560 0.19232600
45 0.03255298 0.02699278 0.00990043 0.00987836 0.00928075 0.01318679 0.00929199 0.00814499 0.01125119 0.15731991 0.26288385 0.01675479 0.05751727 0.11914993 0.01300019 0.02323839 0.02952048 0.01131159 0.06939636 0.10942694
46 0.04584027 0.02335549 0.01542269 0.01397079 0.01140569 0.01698169 0.02012829 0.02087679 0.01082859 0.17307190 0.26006384 0.01711569 0.05592877 0.05840706 0.01842699 0.03178308 0.03726298 0.00710630 0.02336719 0.13865592
47 0.08902581 0.05949831 0.04485680 0.04481460 0.01268530 0.09338631 0.07345601 0.05940311 0.03381530 0.04419770 0.05684171 0.06990291 0.02231930 0.03424980 0.03619160 0.08002371 0.05476271 0.01149750 0.02494750 0.05412401
48 0.14140799 0.02596100 0.02637190 0.01731000 0.02003290 0.02505820 0.02733890 0.02704780 0.01664050 0.11558999 0.10730899 0.02181150 0.03850100 0.02517330 0.03025360 0.06961219 0.05616250 0.00806258 0.01447320 0.18588199
49 0.09953447 0.08329876 0.04167323 0.02689512 0.02275652 0.03528322 0.03857283 0.12037608 0.01778871 0.01623221 0.02311592 0.03785553 0.01525791 0.01393391 0.02165681 0.20191314 0.14113310 0.01044711 0.00568582 0.02658962
50 0.08453970 0.02472550 0.07209560 0.26024401 0.00753807 0.03821920 0.18828300 0.07713430 0.02469150 0.01907640 0.02214500 0.04070740 0.01273630 0.00465815 0.00792807 0.05802710 0.03583300 0.00183408 0.00632431 0.01325930
51 0.04360240 0.01122880 0.00937610 0.00327649 0.01511290 0.01144230 0.00606755 0.00924194 0.00411579 0.24602899 0.21789699 0.00544133 0.05020130 0.03924000 0.01108740 0.01925360 0.03959480 0.00348486 0.01727750 0.23702899
52 0.18236905 0.04064851 0.04585451 0.04282841 0.01436840 0.05451362 0.06457412 0.03805861 0.08503333 0.03677431 0.05007992 0.05129622 0.01536730 0.03201171 0.03337771 0.07609922 0.05162892 0.01007680 0.02336591 0.05167342
53 0.04995162 0.01934121 0.01271100 0.01219720 0.01339940 0.01547381 0.01240910 0.01365130 0.00814552 0.21500308 0.21645908 0.01292420 0.05019272 0.05923222 0.01430981 0.02762191 0.03875701 0.00504393 0.03203581 0.17114006
54 0.19662021 0.04143624 0.09741930 0.05478076 0.01932172 0.03342934 0.05730946 0.07748668 0.02403603 0.02389673 0.03092133 0.04658815 0.01271751 0.01517082 0.02290562 0.13603014 0.05626566 0.00392340 0.00782145 0.04191944
55 0.24424603 0.03678040 0.03757540 0.04274551 0.02301670 0.03467350 0.05117121 0.07163261 0.02038770 0.04111060 0.04814581 0.03916490 0.01574030 0.02037510 0.02965830 0.11173101 0.05734851 0.00719978 0.01424020 0.05305641
56 0.03775411 0.00874315 0.00582164 0.00144716 0.01373590 0.00913403 0.00221679 0.00580087 0.00118125 0.25653004 0.25925204 0.00238462 0.05364451 0.04615381 0.01056810 0.01557410 0.03613461 0.00269084 0.01581840 0.21541403
57 0.12338699 0.05098269 0.05232549 0.03957730 0.01968340 0.03658660 0.05563819 0.07055639 0.02310980 0.02851440 0.04141160 0.04419360 0.01807270 0.02192890 0.03528410 0.18887398 0.07602949 0.01097440 0.01398730 0.04888270
58 0.05580971 0.03427860 0.01843290 0.01847830 0.01732210 0.02037750 0.01979290 0.02291430 0.02546550 0.06241051 0.06347251 0.02374440 0.02041080 0.18392003 0.00994836 0.04828471 0.08572411 0.01386500 0.20198503 0.05336271
59 0.03032651 0.01896860 0.00822468 0.00438183 0.00883775 0.00847104 0.00530708 0.00753807 0.00196445 0.22388505 0.27228506 0.00645125 0.09121482 0.05506891 0.01650300 0.02116980 0.03275161 0.00312114 0.01426730 0.16926204
60 0.07443735 0.10800908 0.05372614 0.04596603 0.01073861 0.05648154 0.07719875 0.07294035 0.02765972 0.02219332 0.03939073 0.16732612 0.01859161 0.02836942 0.02000811 0.06814225 0.04002573 0.00804790 0.02706462 0.03368262
61 0.05129601 0.02365041 0.02534421 0.00999393 0.01630710 0.01691500 0.01621370 0.01823650 0.01585180 0.14212204 0.15197504 0.01382950 0.03888631 0.10047703 0.01324470 0.04780641 0.07477492 0.01123190 0.05658542 0.15525804
62 0.08048896 0.14782893 0.05098098 0.02725379 0.00704635 0.09306105 0.07191166 0.03696128 0.02506259 0.01812919 0.02489689 0.22335789 0.02028169 0.02147689 0.01239139 0.05422057 0.04281548 0.00381314 0.01651199 0.02150929
63 0.04929198 0.01826579 0.01234250 0.01154610 0.01314660 0.01567019 0.01160420 0.01233620 0.00771687 0.21722793 0.21869593 0.01228090 0.05006858 0.05907168 0.01426760 0.02774519 0.03857049 0.00483097 0.03145239 0.17386794
64 0.07862171 0.03664551 0.08265891 0.04510781 0.01357700 0.03092560 0.04102461 0.03394621 0.02791550 0.12223502 0.09595811 0.03412791 0.03100510 0.04309451 0.01922760 0.07148141 0.05321371 0.00580495 0.02469180 0.10873702
65 0.08165714 0.02794312 0.09024045 0.04860423 0.02055801 0.03260742 0.05340263 0.14928608 0.02617661 0.02370411 0.07699014 0.03364072 0.01943971 0.01832171 0.02587521 0.11441506 0.10624506 0.00373573 0.00651272 0.04064412
66 0.07917113 0.02774261 0.07065623 0.22001408 0.00713535 0.04261262 0.18607907 0.09833414 0.02536681 0.01826491 0.02428811 0.04862822 0.01286950 0.00544129 0.01024790 0.06334542 0.03462261 0.00224872 0.00652967 0.01640161
67 0.06395903 0.04057502 0.07136473 0.18583509 0.00677693 0.04147472 0.15752807 0.14010107 0.02098221 0.01596151 0.02593551 0.08092714 0.01006440 0.00674263 0.01111691 0.06523013 0.02947591 0.00230360 0.00847967 0.01516571
68 0.33584112 0.01983541 0.03652601 0.02609061 0.03760111 0.00956443 0.03751911 0.17240806 0.00589986 0.00871106 0.01299470 0.01034570 0.00478079 0.00436003 0.01072180 0.19260007 0.05345222 0.00178275 0.00237863 0.01658651
69 0.09686521 0.04308856 0.04059796 0.02909697 0.02473128 0.03480947 0.04123976 0.05447295 0.02177048 0.05793265 0.07128394 0.03407167 0.02799647 0.03651027 0.02141998 0.11329290 0.14096087 0.01425859 0.02311858 0.07248143
70 0.03651670 0.01220560 0.00894331 0.00279849 0.01218400 0.00862331 0.00434719 0.00893112 0.00188654 0.23487503 0.23796803 0.00422574 0.07267131 0.04327980 0.01360370 0.01894740 0.03675120 0.00343319 0.01416330 0.22364502
71 0.07423796 0.15706392 0.06238767 0.02666169 0.00706547 0.08541286 0.06926317 0.03224098 0.02093249 0.01355559 0.01455669 0.20013490 0.01438449 0.01535559 0.02268439 0.10403795 0.04407868 0.00343884 0.00918828 0.02331839
72 0.08345460 0.07905890 0.07002930 0.16309999 0.00971918 0.03585950 0.10552199 0.07860590 0.02140550 0.02115580 0.02289600 0.06713910 0.01208700 0.01126680 0.01715700 0.12335599 0.03788770 0.00542977 0.00960540 0.02526460
73 0.08136363 0.05064862 0.05375462 0.09573893 0.00956090 0.05177052 0.17053606 0.08946083 0.03619631 0.01880791 0.03813241 0.06732822 0.01792901 0.01639781 0.02562741 0.07644683 0.04050221 0.00592987 0.01366830 0.04019961
74 0.12031605 0.05356652 0.05415502 0.05954583 0.01261901 0.03766822 0.11646805 0.06998753 0.02249041 0.01635771 0.02128201 0.05201442 0.01075820 0.01069290 0.03254301 0.20417609 0.05473262 0.00732291 0.00803284 0.03527062
75 0.03287479 0.02675620 0.00974778 0.01012360 0.00933210 0.01309450 0.00929572 0.00868597 0.01147260 0.15632197 0.26130896 0.01614880 0.05718489 0.12091298 0.01332100 0.02394250 0.02913180 0.01167170 0.07022119 0.10845098
76 0.24473102 0.03848720 0.03720420 0.04086980 0.02336810 0.03529890 0.04980490 0.07115371 0.02080970 0.04168250 0.04715950 0.04030340 0.01634140 0.02094050 0.02870800 0.11187001 0.05641841 0.00646210 0.01401850 0.05436811
77 0.03903778 0.01402369 0.00847878 0.00369130 0.01281979 0.01077879 0.00739543 0.00802370 0.00491371 0.22229089 0.26947887 0.00588292 0.05687877 0.05158637 0.01302689 0.02086569 0.03671628 0.00382915 0.01677929 0.19350191
78 0.08334923 0.04437521 0.06610902 0.14595705 0.00914924 0.08493473 0.10967804 0.06826812 0.03184801 0.02410041 0.02884901 0.05539912 0.01614891 0.01988661 0.01497610 0.07316362 0.07375082 0.00957024 0.01195550 0.02853101
79 0.28922619 0.02297302 0.03800943 0.02041961 0.04118393 0.01571601 0.03242412 0.09221106 0.01061701 0.01506061 0.02742482 0.01526841 0.01180811 0.00856269 0.01141291 0.19194613 0.10585607 0.00578377 0.00586629 0.03822983
80 0.33033269 0.01517399 0.03273987 0.01671578 0.06635084 0.00949954 0.02557138 0.12406488 0.00728135 0.01115569 0.02276358 0.00788599 0.01086109 0.00467814 0.00718902 0.19215582 0.08055262 0.00205754 0.00347982 0.02949037
81 0.06293593 0.06228333 0.06839093 0.13154286 0.00774266 0.04467795 0.10377889 0.14433084 0.02057118 0.01770748 0.03194237 0.11205888 0.01194179 0.01753438 0.01457098 0.06965972 0.02940337 0.00688171 0.01996408 0.02208068
82 0.04620878 0.00951143 0.01001210 0.00313466 0.01687009 0.01141040 0.00487042 0.01084690 0.00328902 0.24798191 0.20997792 0.00431728 0.04636668 0.03832569 0.01081220 0.02240699 0.05036428 0.00363947 0.01771689 0.23193691
83 0.02176500 0.01918160 0.01181170 0.01334000 0.01181440 0.01156000 0.00737820 0.01133650 0.02753210 0.05200089 0.03269080 0.01140320 0.00831897 0.33252796 0.00415477 0.01738710 0.03458690 0.00823388 0.33783296 0.02514310
84 0.08174076 0.03446248 0.02425669 0.02866739 0.01316189 0.06971537 0.03721258 0.02225459 0.02312599 0.15283993 0.12780094 0.03772958 0.03118799 0.04375308 0.01951169 0.04582228 0.04436728 0.00787824 0.03121529 0.12329595
85 0.07928208 0.02749093 0.07088127 0.22049222 0.00714241 0.04170514 0.18602519 0.10086810 0.02545243 0.01735542 0.02414482 0.04725445 0.01261171 0.00513103 0.01077681 0.06386146 0.03484613 0.00234947 0.00609882 0.01623012
86 0.03915489 0.01396510 0.00862317 0.00370202 0.01265390 0.01077020 0.00748124 0.00806939 0.00503661 0.22141297 0.27060696 0.00610086 0.05717579 0.05161139 0.01264220 0.02173500 0.03637479 0.00374495 0.01634460 0.19279397
87 0.04372226 0.00963433 0.00940684 0.00264354 0.01540739 0.01147179 0.00591007 0.00976723 0.00363486 0.24848377 0.20857381 0.00477719 0.05037315 0.03508867 0.01072709 0.01818958 0.04007226 0.00351091 0.01578849 0.25281677
88 0.08518520 0.13613000 0.04741940 0.03233550 0.01469820 0.03841240 0.05680550 0.05663360 0.02549830 0.02201610 0.02883160 0.07857370 0.01648050 0.02127380 0.03058040 0.16678000 0.06655270 0.01083080 0.01311740 0.05184490
89 0.09920876 0.05432208 0.03941888 0.02321869 0.00724212 0.05312778 0.05048738 0.05995188 0.02106899 0.01985309 0.02854879 0.03792248 0.01790519 0.01779279 0.18241593 0.18840292 0.04234168 0.00916068 0.01055680 0.03705309
90 0.07856965 0.02753792 0.06926794 0.20292913 0.00549065 0.07123545 0.18026512 0.08502825 0.03340642 0.02307691 0.02615282 0.04910953 0.01246611 0.00655925 0.01078151 0.05659204 0.03175682 0.00233414 0.00682772 0.02061261
91 0.06521109 0.10151298 0.04418029 0.02807039 0.01235150 0.03823429 0.06593119 0.03550939 0.04079889 0.03825419 0.05021249 0.11134498 0.02373960 0.03201849 0.01918320 0.07104859 0.03680999 0.01188200 0.02845149 0.14525497
92 0.03506572 0.01105421 0.00569765 0.00205560 0.01201541 0.00849989 0.00257917 0.00553969 0.00144490 0.24818513 0.27768215 0.00280008 0.05952383 0.05255823 0.01168941 0.01678621 0.03356732 0.00258769 0.01571661 0.19495110
93 0.07608738 0.11083797 0.05401028 0.04382849 0.01054940 0.05724178 0.07686918 0.07137748 0.02737799 0.02246289 0.03870139 0.17016895 0.01817469 0.02731289 0.02101689 0.06673138 0.04040119 0.00739488 0.02579089 0.03366399
94 0.03799190 0.00787379 0.00572244 0.00124991 0.01422540 0.00918365 0.00187536 0.00576529 0.00096702 0.26174702 0.25391802 0.00192465 0.05205060 0.04408080 0.01030620 0.01474940 0.03665300 0.00252961 0.01558090 0.22160502
95 0.07766011 0.06117301 0.11034501 0.06935331 0.00991991 0.08118271 0.08238021 0.07315181 0.03451150 0.02070190 0.03074230 0.08290201 0.01433370 0.01954420 0.02671390 0.09821061 0.05630751 0.00462846 0.01020020 0.03603760
96 0.07562038 0.11145511 0.05365286 0.04377655 0.01074131 0.05796616 0.07596438 0.07085127 0.02720173 0.02168302 0.03819574 0.17145018 0.01811912 0.02865953 0.01924252 0.06738627 0.04071974 0.00790638 0.02677003 0.03263773
97 0.03791227 0.00774305 0.00576516 0.00119137 0.01423599 0.00916145 0.00198702 0.00572363 0.00093741 0.26208883 0.25311783 0.00188004 0.05208687 0.04343577 0.01027009 0.01459899 0.03679368 0.00258041 0.01551829 0.22297185
98 0.04604892 0.02387301 0.01569551 0.01360650 0.01157750 0.01710341 0.02007321 0.02133581 0.01111430 0.17174606 0.26024909 0.01806801 0.05612282 0.05809892 0.01772861 0.03218961 0.03768131 0.00736664 0.02319071 0.13713005
99 0.11515899 0.04480799 0.13461898 0.04484809 0.01697100 0.03559780 0.05300729 0.06717029 0.02724750 0.01793340 0.02828180 0.05598269 0.01167910 0.01738980 0.02353700 0.17688498 0.07263299 0.00447797 0.00860435 0.04316799
100 0.05763271 0.10102102 0.04767501 0.05377151 0.00790272 0.05861001 0.15542503 0.08299952 0.02739121 0.01292440 0.02579590 0.18862604 0.01050500 0.01452120 0.01386060 0.06054611 0.03188271 0.00293349 0.01888640 0.02708941
101 0.08077972 0.04956511 0.05494312 0.09582203 0.00937284 0.05146012 0.16941205 0.08863933 0.03573471 0.01936671 0.03935241 0.06592582 0.01801871 0.01706701 0.02685451 0.07746552 0.04081201 0.00607096 0.01365380 0.03968351
102 0.07341987 0.10066296 0.04459138 0.02921809 0.01247310 0.04171088 0.06347247 0.03679099 0.03735589 0.03574929 0.05256888 0.13558195 0.02240569 0.03421859 0.02105319 0.07000617 0.03859948 0.01122760 0.03023259 0.10866096
103 0.04641115 0.02374862 0.01586982 0.01395381 0.01127781 0.01771842 0.02121452 0.02139352 0.01097161 0.17113618 0.25907327 0.01760682 0.05569926 0.05807886 0.01832772 0.03260273 0.03752444 0.00713298 0.02336232 0.13689614
104 0.28480595 0.02542140 0.04050259 0.03431469 0.03302189 0.01409460 0.04298549 0.18029697 0.00799327 0.01001920 0.01614770 0.01667070 0.00679308 0.00602814 0.01431030 0.18818697 0.05447929 0.00252679 0.00322068 0.01818030
105 0.20998500 0.03015170 0.04543360 0.10371400 0.01278110 0.04967640 0.15540300 0.06207700 0.02377590 0.01809840 0.02563540 0.04375170 0.01095760 0.00922528 0.01653180 0.09624110 0.04795310 0.00374161 0.00662119 0.02824510
106 0.07954029 0.02778060 0.07048639 0.22137796 0.00721346 0.04211439 0.18645297 0.09991318 0.02533450 0.01787760 0.02389990 0.04766949 0.01253480 0.00537022 0.01000410 0.06303109 0.03452659 0.00236796 0.00652643 0.01597810
107 0.04897571 0.01905480 0.01319870 0.01221420 0.01318500 0.01549710 0.01231490 0.01372830 0.00800661 0.21485404 0.21740004 0.01206980 0.04975531 0.05917351 0.01454880 0.02830091 0.03835921 0.00501001 0.03213001 0.17222303
108 0.06969769 0.04990079 0.02062070 0.02789679 0.01275780 0.03464819 0.03132579 0.02411180 0.03120359 0.03752789 0.07242519 0.03465179 0.02736459 0.06647289 0.01914390 0.08407938 0.07931248 0.15085097 0.06279769 0.06321009
109 0.03934649 0.00714113 0.00610889 0.00120791 0.01494610 0.00961213 0.00223811 0.00639193 0.00112045 0.26227496 0.24327296 0.00197203 0.05050459 0.04019099 0.01012640 0.01449150 0.03796349 0.00266258 0.01527040 0.23315696
110 0.05627818 0.04012109 0.02492139 0.02448319 0.01635829 0.02650479 0.03502829 0.03651509 0.01525619 0.11609896 0.15947595 0.03169729 0.09083847 0.04471999 0.02830759 0.05077468 0.05080668 0.00974173 0.02038319 0.12168896
111 0.08648313 0.03413417 0.10227892 0.04499676 0.01868369 0.03370787 0.05177236 0.06572195 0.03055458 0.03214347 0.09470112 0.04056327 0.02411298 0.02057748 0.02402198 0.15094688 0.07613774 0.00507575 0.00942334 0.05396256
112 0.03556347 0.07178204 0.01333559 0.01457899 0.00945049 0.01921688 0.01853379 0.01075209 0.01986208 0.10847291 0.24126981 0.04834426 0.05372516 0.10667591 0.01387659 0.02657708 0.02615368 0.01985398 0.06539675 0.07657844
113 0.15839804 0.03830751 0.04909331 0.04600461 0.02352121 0.02774051 0.05418282 0.17945205 0.01504320 0.01285750 0.02371431 0.03376501 0.01132130 0.01173550 0.02859921 0.18629005 0.06311682 0.00586579 0.00600623 0.02498501
114 0.08908021 0.06022331 0.04425030 0.04561790 0.01266290 0.09318651 0.07380571 0.05766771 0.03381480 0.04372770 0.05680171 0.06995511 0.02271970 0.03402030 0.03588310 0.08038791 0.05464301 0.01178970 0.02495840 0.05480401
115 0.06044714 0.03218102 0.02414762 0.01322501 0.01571191 0.02025751 0.02858462 0.02307051 0.01945611 0.15221410 0.14971610 0.02157881 0.04719793 0.03761132 0.01954671 0.04906123 0.04516613 0.00794027 0.02118181 0.21170414
116 0.14544798 0.03844359 0.09369258 0.03291219 0.06329059 0.02647930 0.03803749 0.07817829 0.02137850 0.01536300 0.03435519 0.03463469 0.02272740 0.01548600 0.01242490 0.17703397 0.09340998 0.00464384 0.00819653 0.04386399
117 0.08918009 0.06000839 0.04443650 0.04495420 0.01260900 0.09342839 0.07259189 0.05611189 0.03432950 0.04456350 0.05789059 0.07067009 0.02187950 0.03479740 0.03574590 0.08084109 0.05503399 0.01147700 0.02582220 0.05362889
118 0.07937161 0.04015870 0.03907750 0.02918970 0.03246210 0.04277500 0.04916960 0.13293701 0.06503881 0.02241600 0.04000370 0.03613520 0.06341321 0.02248510 0.02273550 0.09098811 0.11992001 0.01154810 0.01120850 0.04896650
119 0.04570948 0.02391629 0.01565289 0.01408819 0.01129540 0.01728379 0.02012009 0.02185549 0.01095540 0.17189893 0.26112089 0.01842919 0.05551228 0.05860107 0.01747549 0.03213589 0.03654998 0.00639543 0.02321089 0.13779294
120 0.24432698 0.03835370 0.03811310 0.04326370 0.02297140 0.03484910 0.05059590 0.07104779 0.02043930 0.04115540 0.04666160 0.03951550 0.01583180 0.02009410 0.02976700 0.11196399 0.05681149 0.00651619 0.01390070 0.05382130
121 0.24456194 0.03739409 0.03823769 0.04152249 0.02268999 0.03427279 0.04991479 0.07218278 0.01999559 0.04150909 0.04708079 0.03975529 0.01573980 0.02141719 0.02964809 0.11323297 0.05553479 0.00675166 0.01449400 0.05406419
122 0.12740200 0.03727460 0.05047920 0.05544250 0.02068990 0.02884590 0.05962680 0.23951300 0.01434160 0.01245350 0.02596590 0.03999960 0.01235480 0.01049250 0.03018030 0.14722600 0.05456930 0.00452226 0.00602614 0.02259420
123 0.11649801 0.03421160 0.04193411 0.02161490 0.02662870 0.02843740 0.02794500 0.11001301 0.01955860 0.05668401 0.04237801 0.01883210 0.01852520 0.02207030 0.01693250 0.18541302 0.14711002 0.00685617 0.00672171 0.05163561
124 0.03553229 0.01200490 0.00803902 0.00238265 0.01207170 0.00835850 0.00376527 0.00764926 0.00162496 0.24055792 0.24827692 0.00377920 0.06909548 0.04573409 0.01302000 0.01796569 0.03599799 0.00311366 0.01525660 0.21577393
125 0.04227719 0.01126440 0.00996339 0.00306098 0.01496190 0.01175200 0.00794471 0.00906978 0.00582239 0.23256895 0.23286695 0.00554962 0.05066029 0.04040599 0.01186370 0.01985720 0.03962219 0.00401726 0.01625820 0.23021295
126 0.13332904 0.04627221 0.02798211 0.02383751 0.03428881 0.02731741 0.03053101 0.03865521 0.01561250 0.05144272 0.06939282 0.03693991 0.07869052 0.02199291 0.02059221 0.09673733 0.12453204 0.01430880 0.01216660 0.09537833
127 0.05914242 0.13431104 0.04801241 0.02813271 0.01668021 0.03912401 0.07150232 0.03789631 0.07389512 0.02198891 0.02538301 0.07904622 0.01262810 0.02570211 0.02709601 0.14435204 0.04724931 0.01164600 0.02430681 0.07190492
128 0.07603759 0.12998998 0.10944398 0.04968239 0.01358140 0.04983659 0.05954209 0.05839819 0.02595940 0.01992760 0.02634190 0.12117498 0.01671950 0.02144720 0.02098080 0.09582988 0.04840999 0.00589748 0.01103870 0.03976039
129 0.03396872 0.01429251 0.00609450 0.00330833 0.01049381 0.00879181 0.00395754 0.00575489 0.00244424 0.23085812 0.29423915 0.00454051 0.06404183 0.05981253 0.01273371 0.01908051 0.03170652 0.00291558 0.01702311 0.17394209
130 0.14258683 0.02658687 0.02590247 0.01650098 0.02013698 0.02620287 0.02699937 0.02729647 0.01699058 0.11514086 0.10634887 0.02206917 0.03771246 0.02526837 0.03064966 0.06893412 0.05679223 0.00831027 0.01460478 0.18496578
131 0.07469898 0.14739196 0.04367189 0.03643149 0.01339850 0.04475209 0.05659248 0.05087288 0.02756429 0.03624559 0.05445768 0.10256597 0.02605249 0.03677769 0.02248959 0.08047378 0.05162738 0.01069400 0.02774189 0.05549938
132 0.03882499 0.01371830 0.00839817 0.00361363 0.01245020 0.01072240 0.00710299 0.00733689 0.00464802 0.22317196 0.27185495 0.00604802 0.05722259 0.05172639 0.01310670 0.02127170 0.03580669 0.00367698 0.01687550 0.19242296
133 0.08702353 0.03682181 0.06638112 0.19204207 0.00932584 0.03890581 0.12656804 0.10046603 0.02433881 0.02437191 0.03439031 0.04877032 0.01586301 0.02110641 0.01411140 0.06875942 0.03708031 0.00730052 0.02194431 0.02442901
134 0.05939464 0.01828298 0.00979108 0.00930249 0.01572988 0.01504898 0.00775161 0.00792837 0.01115779 0.19404379 0.21201477 0.01540608 0.04084756 0.06167383 0.01016559 0.02163058 0.04156135 0.01347409 0.05558174 0.17921280
135 0.11608893 0.02256549 0.02178989 0.02033419 0.01689469 0.02672999 0.02760978 0.02651139 0.01763479 0.13428192 0.19886789 0.02382509 0.03695668 0.03994198 0.01914739 0.05017117 0.05199767 0.00747986 0.01980129 0.12136993
136 0.03638042 0.03419572 0.01741111 0.02284131 0.01290781 0.02102921 0.01992921 0.01822821 0.03347342 0.06287444 0.06644584 0.03228652 0.01644631 0.21657013 0.00986613 0.02765052 0.03250352 0.01868561 0.25232115 0.04795343
137 0.04594573 0.02475802 0.01505241 0.01433711 0.01155531 0.01728611 0.02116611 0.02068031 0.01135891 0.17070211 0.26024616 0.01850441 0.05577694 0.05887564 0.01789011 0.03162552 0.03754682 0.00681767 0.02380551 0.13606909
138 0.04176509 0.03439939 0.02046159 0.01731599 0.01259030 0.02107749 0.01783129 0.01857389 0.02593249 0.08497177 0.10617197 0.02654789 0.02692879 0.20407694 0.01387240 0.03511549 0.03994209 0.01316150 0.17460295 0.06466068
139 0.07365007 0.03582709 0.05721078 0.07708477 0.01332589 0.03296239 0.07592747 0.30675988 0.01512549 0.01437269 0.03300419 0.05721578 0.01419109 0.01252280 0.03248719 0.07515497 0.03727259 0.00336999 0.00936270 0.02317219
140 0.02801580 0.02353610 0.00646850 0.00619017 0.00732189 0.00893188 0.00572700 0.00563658 0.00556177 0.18305098 0.32311896 0.01069240 0.07120809 0.09210839 0.01346450 0.02142040 0.02557770 0.00749124 0.03177270 0.12270498
141 0.15386106 0.03941301 0.03593341 0.03069811 0.03564621 0.02675181 0.03424671 0.05220852 0.01535401 0.03257781 0.05208182 0.02906251 0.07014653 0.01825811 0.03360711 0.15314906 0.08747163 0.01088040 0.00971273 0.07893943
142 0.06084544 0.03211252 0.02353352 0.01364341 0.01561151 0.02021731 0.02822382 0.02186651 0.01890031 0.15315610 0.15113410 0.02134861 0.04707233 0.03760562 0.01916701 0.04764513 0.04517153 0.00819186 0.02089321 0.21366014
143 0.07363896 0.03509843 0.05640224 0.07777606 0.01410091 0.03260593 0.07650016 0.30751324 0.01533381 0.01473651 0.03352683 0.05615754 0.01446241 0.01272341 0.03133412 0.07443546 0.03769793 0.00331046 0.00903506 0.02361052
144 0.12325204 0.05593602 0.06768402 0.13054904 0.00732105 0.04295121 0.10127703 0.06059442 0.01920411 0.01958701 0.02007491 0.09368653 0.00921315 0.01165930 0.02025811 0.13972005 0.03511941 0.00571625 0.00752801 0.02866831
145 0.29097715 0.02433951 0.04004422 0.03213872 0.03315382 0.01398071 0.04286402 0.17139609 0.00783611 0.01036681 0.01583341 0.01550541 0.00647071 0.00574343 0.01523631 0.19468610 0.05499613 0.00279329 0.00304616 0.01859191
146 0.03483887 0.01023189 0.00539153 0.00149447 0.01224969 0.00826946 0.00215321 0.00525442 0.00105453 0.24850976 0.27729174 0.00222409 0.05857934 0.05123375 0.01121489 0.01606198 0.03391377 0.00239032 0.01528849 0.20235381
147 0.23573309 0.03471141 0.04588762 0.03193881 0.02560381 0.02526721 0.04443742 0.08515443 0.01291481 0.01825251 0.02382551 0.02743761 0.01005530 0.01014760 0.02659621 0.22886009 0.06503733 0.00611935 0.00611536 0.03590451
148 0.08606097 0.03928768 0.05195838 0.09513156 0.01032910 0.03906098 0.11952495 0.14636194 0.02970569 0.05162798 0.03799619 0.04769258 0.01745449 0.01738439 0.02284179 0.08533407 0.04202078 0.00454869 0.01201830 0.04365948
149 0.03518269 0.01106000 0.00560242 0.00223899 0.01205870 0.00849690 0.00265743 0.00577513 0.00145405 0.24802896 0.27730395 0.00269412 0.05947859 0.05284489 0.01185740 0.01687370 0.03340329 0.00256343 0.01596040 0.19446497
150 0.02748089 0.01699419 0.00594018 0.00292411 0.00802830 0.00691243 0.00377575 0.00501082 0.00151367 0.22156588 0.31052884 0.00392558 0.08074726 0.06422887 0.01523739 0.01985459 0.02916668 0.00249879 0.01511989 0.15854592
151 0.06588703 0.03054021 0.02731241 0.01892011 0.00558325 0.03320941 0.03182941 0.15367706 0.01166800 0.01327301 0.03449251 0.02432441 0.01919431 0.01311131 0.35080714 0.08406053 0.04726822 0.00336133 0.00657203 0.02490831
152 0.07225249 0.14596499 0.04303960 0.03640180 0.01339460 0.04393800 0.05768409 0.05246469 0.02772410 0.03639850 0.05576299 0.10143599 0.02620960 0.03805550 0.02214650 0.08109129 0.04972470 0.01070330 0.02851310 0.05709419
153 0.08388793 0.03660911 0.02904481 0.01784901 0.00719799 0.03907041 0.04218391 0.08070793 0.02058731 0.04067241 0.06570662 0.02708711 0.02782141 0.02425691 0.25763009 0.08464863 0.04358831 0.00618708 0.01315760 0.05210542
154 0.03325202 0.01985811 0.01235671 0.01002311 0.01184921 0.01227091 0.00680062 0.00996941 0.01272801 0.16502208 0.19195410 0.01169521 0.04393212 0.15834008 0.01041791 0.02103151 0.03364892 0.00689587 0.11553806 0.11241606
155 0.21622290 0.02462719 0.04575418 0.03535348 0.03168408 0.01993149 0.03901618 0.15033493 0.01351749 0.02013059 0.05515027 0.01958789 0.01352829 0.01071399 0.01912369 0.17326392 0.06896667 0.00355921 0.00502407 0.03450948
156 0.09281538 0.05068749 0.11070397 0.06802788 0.01477950 0.04004409 0.06940368 0.08695888 0.03144949 0.02945549 0.04219049 0.06238079 0.01800340 0.02493809 0.02552149 0.10482098 0.05585359 0.00528873 0.01637190 0.05030469
157 0.02884902 0.01595791 0.00676156 0.00251474 0.00879815 0.00682889 0.00388136 0.00545244 0.00198642 0.21839617 0.30735624 0.00356269 0.07690036 0.06178135 0.01427381 0.02002712 0.03035742 0.00264811 0.01429211 0.16937413
158 0.03936778 0.03319359 0.01748919 0.04729008 0.01094180 0.02344029 0.01339549 0.01232110 0.03144459 0.05353698 0.06652887 0.03720659 0.01499539 0.22230391 0.00658979 0.01854649 0.02527419 0.03542529 0.25956290 0.03114569
159 0.04215311 0.00674927 0.00720578 0.00152278 0.01589420 0.01036280 0.00310939 0.00763188 0.00174203 0.26506504 0.22317703 0.00257565 0.04748111 0.03585811 0.01004160 0.01472980 0.03977671 0.00289248 0.01531920 0.24671203
160 0.07194171 0.13499102 0.08730742 0.03872201 0.00644460 0.08533492 0.06910811 0.05295201 0.02143250 0.01310170 0.01815410 0.21181104 0.01402220 0.01540510 0.01270280 0.07303061 0.04318551 0.00240493 0.00839299 0.01955470
161 0.04409802 0.03078372 0.01546051 0.01824481 0.01464181 0.01777821 0.01625541 0.01854401 0.02613841 0.06207533 0.05562833 0.02293981 0.01674521 0.22770112 0.00909716 0.03350182 0.05983533 0.01242571 0.25109214 0.04701313
162 0.03589232 0.03478952 0.01757111 0.02247921 0.01297821 0.02050691 0.01986031 0.01784021 0.03394152 0.06330314 0.06791564 0.03342252 0.01680511 0.21536114 0.00964038 0.02733692 0.03240172 0.01875391 0.25086416 0.04833603
163 0.24122476 0.02690737 0.04305846 0.04941115 0.02643587 0.01822488 0.05122925 0.24900576 0.00914476 0.00924085 0.01912038 0.02591987 0.00793019 0.00743525 0.01592408 0.13468287 0.04311246 0.00204296 0.00399673 0.01595208
164 0.04181341 0.00754647 0.00729144 0.00175900 0.01540870 0.01037670 0.00298201 0.00735402 0.00195165 0.26346104 0.22954104 0.00276227 0.04832931 0.03907621 0.01028020 0.01513080 0.03927341 0.00291777 0.01677250 0.23597204
165 0.07857312 0.03550831 0.09186942 0.20943604 0.00923049 0.03905671 0.13584703 0.10736002 0.02577061 0.01871260 0.02600231 0.04957571 0.01252360 0.01060780 0.01169430 0.06861071 0.03515361 0.00314569 0.00976241 0.02155950
166 0.04143048 0.01752049 0.01065030 0.00663152 0.01029740 0.01082310 0.00800748 0.01148789 0.00503232 0.20682091 0.27940688 0.00669495 0.06511297 0.05750777 0.01595869 0.04006928 0.03784548 0.00322437 0.01499379 0.15048393
167 0.08805383 0.04417681 0.05460642 0.04174251 0.02043551 0.03942521 0.05325992 0.13209904 0.06018292 0.01910831 0.02796961 0.03779821 0.01372470 0.01992491 0.02737711 0.18035806 0.07421632 0.00918888 0.01286300 0.04348871
168 0.06345993 0.10289305 0.04267522 0.02720411 0.01250851 0.03772322 0.06452903 0.03552732 0.04095422 0.03867812 0.04978242 0.11234606 0.02355381 0.03187652 0.02090071 0.07230174 0.03572472 0.01127581 0.02816041 0.14792507
169 0.08835403 0.06005542 0.04502341 0.04505421 0.01279950 0.09340663 0.07312382 0.05762512 0.03422931 0.04332051 0.05630212 0.06951862 0.02211371 0.03453881 0.03684711 0.08315862 0.05521562 0.01155950 0.02490311 0.05285082
170 0.03920071 0.03550231 0.01151060 0.01891091 0.01160730 0.01922661 0.01344470 0.01082010 0.01976361 0.13106405 0.20893708 0.03340801 0.04070951 0.10383504 0.00990314 0.02007111 0.02908671 0.02609741 0.11298104 0.10392004
171 0.07348929 0.14609199 0.04247930 0.03564200 0.01316930 0.04406490 0.05595489 0.05308809 0.02785690 0.03714770 0.05630029 0.10260299 0.02628270 0.03866200 0.02264010 0.07942989 0.04904940 0.01089190 0.02913770 0.05601869
172 0.02637400 0.01995230 0.00690000 0.00326907 0.00677172 0.00676209 0.00582368 0.00653236 0.00211400 0.21383699 0.30861298 0.00461618 0.08920760 0.06031240 0.02493940 0.02218320 0.02931990 0.00230095 0.01203620 0.14813499
173 0.08754731 0.03633400 0.06663241 0.19290802 0.00959090 0.03883250 0.12665301 0.09981761 0.02436330 0.02450630 0.03375800 0.04949001 0.01558620 0.02186810 0.01364720 0.06840521 0.03573110 0.00715239 0.02310520 0.02407120
174 0.08195523 0.04994662 0.05484002 0.09669683 0.00937840 0.05186982 0.16792006 0.08816543 0.03540881 0.01893711 0.03846151 0.06623512 0.01732261 0.01664111 0.02765221 0.07833933 0.04131291 0.00578197 0.01410820 0.03902671
175 0.08397915 0.03667828 0.05297537 0.17610589 0.00866632 0.04356937 0.10520793 0.03685798 0.03066858 0.06869996 0.05923386 0.04074947 0.02306069 0.03972377 0.01275139 0.05608516 0.03397388 0.01012279 0.04211997 0.03877018
176 0.07630014 0.05555593 0.06319303 0.11315205 0.00792240 0.04047452 0.08723944 0.09129714 0.02294171 0.02215651 0.03226381 0.10106405 0.01425241 0.01777451 0.07406173 0.09548244 0.03018331 0.00726284 0.01692471 0.03049731
177 0.04631663 0.01973371 0.01821051 0.00789176 0.01538581 0.01258661 0.01597411 0.01845431 0.00758412 0.16791712 0.17395512 0.00989253 0.08762416 0.03500662 0.01720621 0.03525753 0.04449653 0.00766502 0.01402541 0.24481617
178 0.18401204 0.01543790 0.02353521 0.01027440 0.08198392 0.01460280 0.01512060 0.04207901 0.01199470 0.07423342 0.08475292 0.01225470 0.03595881 0.01688530 0.01709470 0.10140902 0.09965772 0.00661528 0.01122650 0.14087103
179 0.06730292 0.03966371 0.04746192 0.07738363 0.00552497 0.09446213 0.22108407 0.05404512 0.05136902 0.01753701 0.04610982 0.05939072 0.02095021 0.01618021 0.03308961 0.05714502 0.03453851 0.00448380 0.01156340 0.04071421
