1 0.26902225 0.02161502 0.02090472 0.01526411 0.14827914 0.01609242 0.02774593 0.04819305 0.01120521 0.01970022 0.03131473 0.01976442 0.02761153 0.01869662 0.01012801 0.19536018 0.04853115 0.00463636 0.01015591 0.03577903
2 0.27083582 0.04827177 0.02942588 0.03331558 0.01759199 0.03012078 0.04506317 0.06532386 0.01688299 0.04383287 0.06509376 0.04468317 0.02388708 0.02668558 0.02381678 0.07671525 0.04735947 0.00563966 0.02044819 0.06500636
3 0.22692101 0.02678410 0.02080600 0.01998660 0.02053980 0.01974110 0.03184560 0.07220090 0.01026090 0.02292360 0.03992790 0.02584800 0.02203970 0.02222890 0.02553220 0.28453101 0.04606510 0.00409826 0.01025560 0.04746370
4 0.07154682 0.02723461 0.02495691 0.01711720 0.01212170 0.02246421 0.02873491 0.04590851 0.01413500 0.12928603 0.10541103 0.03249481 0.03400181 0.02481481 0.02023811 0.05181591 0.04114911 0.00511475 0.01941770 0.27203607
5 0.13590496 0.02262489 0.01871669 0.00949392 0.01121920 0.01700080 0.01761760 0.03044579 0.01116930 0.27832092 0.13204396 0.02261109 0.03617519 0.02595529 0.01991969 0.03850009 0.03875589 0.00355226 0.01517650 0.11479597
6 0.07869269 0.04373270 0.03222480 0.03110100 0.01796190 0.02930890 0.04038500 0.04477730 0.02013280 0.05956189 0.08102029 0.04109980 0.02633530 0.02822350 0.02784330 0.08644269 0.21928598 0.00640551 0.02060970 0.06485499
7 0.09296757 0.03733469 0.03311729 0.03252699 0.01965089 0.02770069 0.03923349 0.06940798 0.01856009 0.03410999 0.05356409 0.03363399 0.02373929 0.02850779 0.02967039 0.27979292 0.06358508 0.00655948 0.01973589 0.05660138
8 0.07420840 0.08544660 0.03922350 0.03909050 0.01205560 0.04371850 0.05715960 0.04309430 0.02148300 0.02958210 0.05031520 0.27058801 0.01950950 0.01876830 0.02114700 0.05152860 0.04476580 0.00634406 0.01939390 0.05257750
9 0.07803045 0.04494173 0.03933862 0.06205364 0.01675361 0.04167032 0.25483615 0.04512183 0.01831271 0.03261312 0.06187174 0.05586693 0.02361411 0.02473911 0.02079241 0.06029554 0.04320123 0.00587621 0.02150591 0.04856463
10 0.06951808 0.03513179 0.02312599 0.03461409 0.01889220 0.02085420 0.03244959 0.03945359 0.01665300 0.02576189 0.03874369 0.02243010 0.01572520 0.01776870 0.02665599 0.29738393 0.19759896 0.00549912 0.01241440 0.04932549
11 0.06237076 0.18495188 0.03683858 0.03064248 0.01287029 0.02703668 0.03180048 0.03168168 0.01724679 0.02189929 0.04306517 0.04884267 0.01781259 0.02157259 0.02241579 0.26400183 0.06253296 0.00573763 0.01360649 0.04307337
12 0.04995718 0.01991639 0.01758649 0.00912773 0.01188360 0.01629339 0.01939289 0.02953869 0.01184890 0.31297790 0.15524595 0.01837149 0.04503279 0.03264409 0.01567289 0.03149509 0.03833169 0.00440399 0.01852389 0.14175495
13 0.06125914 0.04712913 0.20627413 0.05398483 0.01724801 0.03483832 0.03460452 0.05221133 0.01365921 0.03111892 0.03665012 0.03716072 0.01832601 0.03045822 0.01994391 0.19007612 0.04477713 0.00473016 0.01330121 0.05224883
14 0.04256714 0.00815239 0.00968320 0.00361357 0.00493951 0.00947035 0.01573681 0.01218121 0.00619409 0.23700522 0.37542735 0.00996228 0.06200356 0.02268762 0.01189171 0.01556941 0.03339593 0.00194871 0.00856783 0.10900210
15 0.05391358 0.02928919 0.02689409 0.02646169 0.02055089 0.02329709 0.02971809 0.03161979 0.01898599 0.06384678 0.08365437 0.02602669 0.14779296 0.05724478 0.01709159 0.04388389 0.03679169 0.01783629 0.18211395 0.06298658
16 0.04608510 0.02078880 0.01772010 0.03519070 0.01125810 0.02287090 0.02560220 0.03071930 0.01641330 0.05816181 0.27351803 0.02781600 0.02983980 0.06387811 0.01335520 0.03792880 0.02750780 0.01727460 0.16914802 0.05492331
17 0.07920663 0.03308461 0.02314121 0.02053681 0.01184450 0.03104761 0.03535211 0.04644552 0.01872241 0.04279632 0.06915112 0.03433591 0.01686301 0.02275061 0.30972111 0.07969323 0.05143072 0.00483954 0.01454951 0.05448752
18 0.07203722 0.03570821 0.02490201 0.01721150 0.01625480 0.02417061 0.03600481 0.03946791 0.01349540 0.10795003 0.14208504 0.03169901 0.16666205 0.03706441 0.01609760 0.05698122 0.04287821 0.00666742 0.02065151 0.09201103
19 0.16668015 0.02297362 0.03649023 0.18593617 0.01027381 0.02692362 0.08279488 0.03541863 0.01188591 0.01905402 0.05040615 0.02379582 0.01304431 0.16501915 0.01546991 0.05215045 0.02687532 0.00600429 0.02313922 0.02566432
20 0.07919216 0.04455938 0.03986088 0.06231387 0.01724479 0.04026438 0.25360786 0.04401488 0.01863749 0.03282718 0.06343497 0.05613047 0.02275549 0.02348969 0.02203739 0.06006307 0.04285088 0.00576345 0.02190639 0.04904537
21 0.05627301 0.03967070 0.05744941 0.26386403 0.01423780 0.01786430 0.04960061 0.08413051 0.01239890 0.01446570 0.03062960 0.03264890 0.01191000 0.02044230 0.01412990 0.17378302 0.06413411 0.00374518 0.01415250 0.02446950
22 0.06906168 0.03985239 0.06505328 0.31033189 0.01076120 0.02839449 0.08526937 0.05844298 0.01738659 0.01898239 0.03595689 0.04808138 0.01294750 0.02282719 0.01464669 0.06220138 0.04040509 0.00466096 0.02414829 0.03058839
23 0.08079427 0.28630589 0.03834149 0.03362189 0.01394939 0.03738039 0.04319128 0.03743839 0.01870579 0.03178749 0.05128228 0.08605767 0.02289589 0.02212059 0.01964689 0.05731518 0.04686428 0.00753978 0.01959829 0.04516288
24 0.05247054 0.02700752 0.02358232 0.02541602 0.01635821 0.02616382 0.02855762 0.03292012 0.03625483 0.03304082 0.04779973 0.02756982 0.01802361 0.05507144 0.01675791 0.17010012 0.03983543 0.02463022 0.25561218 0.04282773
25 0.27123006 0.04778031 0.02880521 0.03341311 0.01757580 0.02967041 0.04434721 0.06514101 0.01719060 0.04372021 0.06591071 0.04438581 0.02454491 0.02590651 0.02432711 0.07717742 0.04743041 0.00555818 0.02045500 0.06543001
26 0.06541594 0.04391703 0.03066342 0.02344212 0.01182431 0.02091651 0.03048492 0.04590303 0.01535491 0.02166151 0.06210244 0.17710711 0.01531041 0.14199509 0.01706571 0.15751510 0.03212872 0.00847147 0.03128322 0.04743703
27 0.07522917 0.08621547 0.03769159 0.04054509 0.01148460 0.04446238 0.05687688 0.04332578 0.02166029 0.03116469 0.05190168 0.26493091 0.02003719 0.01875609 0.02178519 0.05215418 0.04441508 0.00594535 0.01894529 0.05247308
28 0.27510287 0.04724518 0.02889569 0.03374888 0.01774759 0.02930049 0.04442888 0.06619727 0.01689339 0.04241178 0.06361027 0.04430248 0.02436559 0.02672279 0.02373729 0.07689616 0.04783538 0.00539576 0.02042959 0.06473267
29 0.05553132 0.02333751 0.01963411 0.01417690 0.01063160 0.01910931 0.02794651 0.03032601 0.01338360 0.12262804 0.34784411 0.02373161 0.04407691 0.03673831 0.02072831 0.03699811 0.03943161 0.00576508 0.01811451 0.08986653
30 0.05584801 0.02506621 0.02340510 0.02209960 0.01660230 0.01666380 0.02860751 0.03938111 0.02196000 0.05646171 0.09677472 0.02242300 0.02690821 0.28237706 0.01570340 0.05131821 0.03378581 0.01939170 0.09485252 0.05037001
31 0.05439286 0.05000336 0.03084098 0.17328487 0.01194409 0.02452638 0.06183945 0.03870137 0.02703098 0.02150968 0.04402607 0.06170485 0.01741189 0.02841838 0.19102886 0.06144145 0.03830787 0.00800643 0.02494948 0.03063068
32 0.09308434 0.01399919 0.02671318 0.03739348 0.01285939 0.02608358 0.02972578 0.31597279 0.00734928 0.01222099 0.02628218 0.02681088 0.01140189 0.02094819 0.01359689 0.25610583 0.02919988 0.00488246 0.00735151 0.02801828
33 0.19040888 0.17396989 0.02649918 0.01678759 0.01243629 0.02597748 0.03138548 0.03147738 0.01128549 0.02603208 0.03436878 0.08708714 0.02617528 0.01809349 0.01382689 0.04921847 0.03639758 0.00429115 0.01293559 0.17134589
34 0.03953492 0.00865968 0.01047250 0.00250648 0.00722709 0.01299410 0.01021230 0.01619621 0.00941193 0.36142214 0.11012404 0.01255330 0.02885421 0.01963221 0.00900975 0.01974091 0.03185581 0.00176759 0.00872170 0.27910311
35 0.09323975 0.03694668 0.03302908 0.03248378 0.01994909 0.02779918 0.03895908 0.06773376 0.01827099 0.03387968 0.05430707 0.03511418 0.02393139 0.02774429 0.02985378 0.27938785 0.06479477 0.00636164 0.01903579 0.05717817
36 0.09357817 0.03607253 0.03161622 0.03295722 0.01976191 0.02726112 0.03971923 0.06835715 0.01842511 0.03398752 0.05406244 0.03387942 0.02392872 0.02845542 0.02974722 0.28142020 0.06390065 0.00621718 0.01942211 0.05723044
37 0.28515186 0.02169079 0.01613179 0.01507339 0.01984359 0.01587859 0.02753329 0.07002917 0.00817239 0.01697689 0.03007209 0.02396119 0.01999029 0.01865299 0.01970049 0.29772586 0.04158378 0.00320058 0.00822301 0.04040798
38 0.06897901 0.03891691 0.06559971 0.30878506 0.01085350 0.02685670 0.08552762 0.05958561 0.01776030 0.01835260 0.03593931 0.04866081 0.01273890 0.02400250 0.01494830 0.06285521 0.03990471 0.00414912 0.02499440 0.03058971
39 0.27134499 0.04704000 0.02946860 0.03326730 0.01747980 0.02981500 0.04423930 0.06628450 0.01651060 0.04394490 0.06501660 0.04523460 0.02429930 0.02642220 0.02394310 0.07517020 0.04725670 0.00570472 0.02173450 0.06582310
40 0.09349413 0.03736751 0.03269121 0.03385691 0.01997701 0.02767681 0.03921971 0.07003232 0.01859821 0.03373491 0.05291032 0.03448301 0.02336851 0.02754491 0.02908711 0.27972509 0.06373202 0.00667428 0.02013341 0.05569262
41 0.26906297 0.02156520 0.02073740 0.01486930 0.14673898 0.01632360 0.02790540 0.04925099 0.01108930 0.01985520 0.03120040 0.01985030 0.02741440 0.01902960 0.01028110 0.19496997 0.04893519 0.00442433 0.01030230 0.03619410
42 0.27211109 0.04802282 0.02988731 0.03374011 0.01797961 0.02939221 0.04397751 0.06641662 0.01702461 0.04301301 0.06541272 0.04407831 0.02409331 0.02650311 0.02375411 0.07464492 0.04749892 0.00630288 0.02147121 0.06467562
43 0.30676281 0.02211119 0.02031469 0.02406449 0.01173919 0.01583569 0.02868058 0.24434885 0.01274649 0.01956209 0.03299798 0.02674218 0.01641279 0.01686509 0.01349539 0.08049965 0.03633878 0.00369452 0.01420219 0.05258537
44 0.07988333 0.04324772 0.03214251 0.03267831 0.01779021 0.02939281 0.04009052 0.04437442 0.01971541 0.05854442 0.07846873 0.04211772 0.02563621 0.02730091 0.02870441 0.08873704 0.21965009 0.00652399 0.02044431 0.06455693
45 0.04164011 0.00895440 0.01206570 0.00316926 0.00819496 0.01496110 0.01145420 0.01703051 0.00940891 0.31167109 0.10635403 0.01379490 0.02747371 0.01829481 0.00967918 0.02325561 0.03093521 0.00197544 0.00972775 0.31995910
46 0.06878772 0.04039341 0.06450092 0.30604611 0.01075520 0.02772551 0.08443823 0.05963992 0.01765891 0.01837981 0.03669931 0.04901112 0.01242500 0.02415201 0.01511901 0.06369632 0.04053221 0.00472015 0.02436081 0.03095831
47 0.08399887 0.28487291 0.02255189 0.01443680 0.01101810 0.05110188 0.03733229 0.01742719 0.01124350 0.00862052 0.03386089 0.27313592 0.01622159 0.00783632 0.01089300 0.02881039 0.03624859 0.00221887 0.01308540 0.03508509
48 0.09271517 0.03726339 0.03300359 0.03232399 0.01992519 0.02830269 0.03786459 0.07004928 0.01855029 0.03342579 0.05406348 0.03474239 0.02373499 0.02762819 0.02957999 0.27942092 0.06353378 0.00638490 0.02003759 0.05744978
49 0.04701341 0.05978572 0.03769691 0.01567640 0.00957887 0.04306741 0.03229811 0.02433501 0.01512140 0.04649841 0.25030307 0.21999706 0.01959521 0.02064241 0.02434411 0.03553251 0.03023001 0.00484636 0.01689230 0.04654531
50 0.05264918 0.07149007 0.03109689 0.02226479 0.00899632 0.03785158 0.06626347 0.03118909 0.01485119 0.01702079 0.03433779 0.26349389 0.01893039 0.01294289 0.01563649 0.04646308 0.20358291 0.00424600 0.01254619 0.03414699
51 0.09328344 0.03687982 0.03227151 0.03242341 0.02035001 0.02752431 0.03928962 0.07074543 0.01737271 0.03437922 0.05518673 0.03487182 0.02271811 0.02902851 0.02941501 0.27925313 0.06250753 0.00685014 0.02005261 0.05559693
52 0.08382866 0.28304888 0.02354999 0.01406989 0.01126080 0.05048958 0.03766608 0.01804269 0.01143270 0.00839632 0.03429469 0.27206688 0.01627699 0.00818638 0.01156980 0.02883489 0.03566578 0.00232793 0.01342769 0.03556338
53 0.05048680 0.01907930 0.01726360 0.00952729 0.01182670 0.01582270 0.01953380 0.02984400 0.01226170 0.31001202 0.15644801 0.01862680 0.04547750 0.03219840 0.01593720 0.03154650 0.03838200 0.00412064 0.01805000 0.14355501
54 0.09231271 0.03684831 0.03345691 0.03343231 0.01983260 0.02742870 0.03913641 0.07098301 0.01777410 0.03356601 0.05415041 0.03327950 0.02390700 0.02793370 0.02908430 0.27965604 0.06348641 0.00689655 0.01921130 0.05762371
55 0.05016172 0.02610821 0.03001551 0.01047091 0.01114461 0.02953261 0.02677781 0.02915291 0.01192941 0.19803710 0.09912325 0.14273207 0.12106106 0.01879881 0.01723311 0.03405122 0.03745862 0.00450571 0.01767811 0.08402724
56 0.07995591 0.01751680 0.02768030 0.04236490 0.01816000 0.02264600 0.16507901 0.20508001 0.01084590 0.01838720 0.02907270 0.04026540 0.01948610 0.01679150 0.01795500 0.19046601 0.03320620 0.00388933 0.00853690 0.03261480
57 0.05505861 0.02010080 0.01849820 0.01140190 0.01331450 0.01955810 0.02420740 0.02877321 0.01509670 0.10487002 0.29087606 0.01995740 0.04136221 0.03070571 0.01558400 0.03748971 0.16518703 0.00640401 0.01308050 0.06847391
58 0.14927496 0.02843949 0.06086638 0.25978492 0.00886949 0.02195619 0.08217228 0.15038895 0.01030640 0.01000770 0.02266269 0.02571049 0.00922726 0.01623690 0.00805797 0.06590158 0.03000689 0.00234138 0.01336960 0.02441849
59 0.04503873 0.01800291 0.01608091 0.01098601 0.01586931 0.02169491 0.01834671 0.02047491 0.02506311 0.13932808 0.05132943 0.01772161 0.02798932 0.09665555 0.00849104 0.03697242 0.10583306 0.01544231 0.24843814 0.06024153
60 0.04957223 0.01876661 0.01758221 0.00886611 0.01123101 0.01635521 0.01932401 0.02890662 0.01221861 0.31129116 0.15829408 0.01881341 0.04445442 0.03302862 0.01597431 0.03123012 0.03722432 0.00422266 0.01881221 0.14383208
61 0.05576297 0.02338659 0.01955769 0.01378549 0.01101269 0.01805939 0.02807189 0.03063458 0.01306639 0.12231894 0.34990283 0.02392769 0.04480938 0.03673818 0.01907879 0.03746618 0.03902448 0.00570049 0.01850499 0.08919036
62 0.03798619 0.00539234 0.00828377 0.00225716 0.00332043 0.00861112 0.00990970 0.01306300 0.00365454 0.24657395 0.35392193 0.00517514 0.10829898 0.01936230 0.00392002 0.01333690 0.03526409 0.00156254 0.00756795 0.11253798
63 0.04120373 0.00896783 0.01149591 0.00268229 0.00750105 0.01373881 0.01062621 0.01652651 0.00921253 0.34544826 0.11921509 0.01261551 0.03093942 0.02017372 0.00971661 0.02076972 0.03196962 0.00196157 0.00950341 0.27573221
64 0.15887907 0.03390151 0.05913742 0.24000310 0.00610068 0.04016682 0.21743009 0.03569961 0.00739850 0.00859012 0.01835451 0.03470161 0.00961864 0.02334811 0.01182160 0.03256871 0.02169791 0.00178485 0.01429941 0.02449771
65 0.07259465 0.02319171 0.02110691 0.02651702 0.19091212 0.01684011 0.02886342 0.03714832 0.01922791 0.03469572 0.05086303 0.01999121 0.02012081 0.01967791 0.01353971 0.09691416 0.25246816 0.00647877 0.01714341 0.03170492
66 0.23051306 0.03284951 0.02043371 0.01332730 0.01270810 0.01959690 0.02862891 0.05178291 0.01143050 0.07656442 0.07771362 0.03757261 0.03195361 0.02363671 0.01930100 0.04942881 0.03756401 0.00471865 0.01632860 0.20394705
67 0.22805112 0.02675661 0.02005351 0.02022691 0.02109471 0.01975061 0.03190772 0.07067114 0.01062641 0.02211141 0.03925902 0.02618381 0.02187671 0.02239671 0.02596161 0.28274915 0.04700852 0.00417068 0.01115951 0.04798412
68 0.07407930 0.02803410 0.07342670 0.34750100 0.00536170 0.02834770 0.16701700 0.05041950 0.00728497 0.01071000 0.02220270 0.04317100 0.00776895 0.01936430 0.01037620 0.03548330 0.02031190 0.00206607 0.01940440 0.02766920
69 0.04934031 0.01882731 0.01699780 0.00916488 0.01172210 0.01593420 0.01879251 0.02875611 0.01218580 0.31445509 0.15842105 0.01817421 0.04523081 0.03209271 0.01564770 0.03106681 0.03808421 0.00386713 0.01762921 0.14361004
70 0.06781020 0.02991040 0.05540090 0.20726900 0.01006480 0.02425490 0.20305400 0.05648670 0.00748343 0.01216000 0.02477200 0.04383120 0.01422800 0.01873450 0.01408630 0.12175200 0.04417540 0.00277098 0.01357490 0.02818040
71 0.06996548 0.03493139 0.02498219 0.01722979 0.01608510 0.02389239 0.03569859 0.03889569 0.01396710 0.10655097 0.14258096 0.03173439 0.16823495 0.03723239 0.01642259 0.05818438 0.04280669 0.00687551 0.02169569 0.09203377
72 0.03916888 0.00885680 0.01062889 0.00250528 0.00697232 0.01333059 0.01014399 0.01577849 0.00882527 0.36018782 0.11147294 0.01292069 0.02913999 0.01967879 0.00879776 0.01915889 0.03153898 0.00191046 0.00854631 0.28043686
73 0.25042005 0.04565961 0.03897231 0.07074721 0.01208260 0.04114111 0.20084404 0.03992571 0.01758120 0.01667820 0.03286261 0.04193391 0.01866830 0.01881510 0.01387950 0.05042291 0.03084901 0.00380142 0.01506000 0.03965521
74 0.08102540 0.04272360 0.03146930 0.03192170 0.01816940 0.02882940 0.04095940 0.04492130 0.01902240 0.05791900 0.07950320 0.04153480 0.02591260 0.02782840 0.02830470 0.08842270 0.22111101 0.00648337 0.02057480 0.06336350
75 0.07875526 0.04541308 0.04038848 0.06365397 0.01666429 0.04112878 0.25203287 0.04535758 0.01841059 0.03255208 0.06250327 0.05685077 0.02239999 0.02425019 0.02115899 0.06017847 0.04435478 0.00542540 0.02122979 0.04729138
76 0.08058834 0.03154242 0.06544233 0.26142713 0.00700325 0.03311682 0.21144811 0.04630942 0.00816730 0.01211151 0.02558301 0.04805692 0.01151171 0.02135031 0.01351511 0.04086592 0.02708571 0.00277565 0.02094751 0.03115152
77 0.27486092 0.04770959 0.02923709 0.03330679 0.01763479 0.03069899 0.04438329 0.06667858 0.01660760 0.04311949 0.06375178 0.04358009 0.02405799 0.02676079 0.02326499 0.07457998 0.04788749 0.00562399 0.02106389 0.06519188
78 0.04862088 0.01927779 0.01725199 0.00936650 0.01161239 0.01622549 0.01903539 0.02888209 0.01205189 0.31263485 0.15843692 0.01838769 0.04626238 0.03291768 0.01558529 0.03149378 0.03752348 0.00393508 0.01851049 0.14198793
79 0.05614500 0.02372780 0.01977530 0.01383950 0.01063040 0.01814740 0.02798010 0.03045970 0.01293200 0.12104300 0.34723101 0.02443010 0.04453560 0.03676810 0.02048220 0.03875610 0.03988280 0.00577676 0.01864100 0.08881610
80 0.09475970 0.01787520 0.02818100 0.03985260 0.01421690 0.02803010 0.03324910 0.25567200 0.01001850 0.01658360 0.03265050 0.02985640 0.01444090 0.02375460 0.01774650 0.25881300 0.03558250 0.00528421 0.00909478 0.03433790
81 0.08781241 0.03788140 0.03055950 0.02570790 0.18265002 0.02743510 0.04594090 0.04657320 0.02188630 0.05398901 0.06438281 0.03367100 0.02946860 0.04326880 0.02044690 0.08694281 0.05328151 0.01659990 0.03616260 0.05533931
82 0.04261010 0.00930055 0.01028550 0.00331919 0.00547796 0.01067700 0.01469870 0.01462580 0.00663101 0.27272802 0.32701603 0.01049530 0.06025751 0.02541630 0.01294460 0.01581210 0.03312930 0.00241561 0.00921939 0.11294001
83 0.07100701 0.03593161 0.02453220 0.03809801 0.01961350 0.02145480 0.03337501 0.03780411 0.01560610 0.02426770 0.03943301 0.02395330 0.01431580 0.01726620 0.02984761 0.22845104 0.26250105 0.00562471 0.01116290 0.04575431
84 0.27133811 0.04705322 0.02960341 0.03313021 0.01793471 0.03007511 0.04431782 0.06722773 0.01699501 0.04339602 0.06491753 0.04546302 0.02416721 0.02696931 0.02426651 0.07544413 0.04720512 0.00553221 0.02046111 0.06450253
85 0.04352872 0.00363165 0.00815702 0.00138521 0.00295942 0.00814847 0.01079510 0.01020830 0.00418801 0.23996308 0.36283713 0.00664376 0.06435472 0.02005511 0.00716454 0.01076710 0.02923581 0.00106400 0.00664277 0.15827006
86 0.04627370 0.02273450 0.02741710 0.01594720 0.13348299 0.01647410 0.03481060 0.03599390 0.01628450 0.26249898 0.06682809 0.01835760 0.03154170 0.03554360 0.01383970 0.05932669 0.04030330 0.00800559 0.02386550 0.09047069
87 0.09687614 0.02978438 0.03095478 0.03832898 0.01422559 0.02542719 0.03641488 0.30690983 0.01588479 0.03808668 0.05687877 0.03416108 0.01989689 0.02664338 0.02246599 0.08529925 0.03902268 0.00507227 0.01597619 0.06169026
88 0.16937100 0.02364200 0.02054430 0.01155260 0.01036620 0.01701630 0.01915720 0.02876870 0.01162710 0.23272200 0.13357000 0.02544510 0.03476520 0.02877180 0.01875960 0.03773370 0.03867510 0.00406062 0.01588850 0.11756300
89 0.08098831 0.04347181 0.03124791 0.03196401 0.01851160 0.02879491 0.04055051 0.04540761 0.01942080 0.05819301 0.08124471 0.04097421 0.02535150 0.02794071 0.02804341 0.08752392 0.21908404 0.00711052 0.02002760 0.06414891
90 0.05609302 0.02410891 0.02009271 0.01410380 0.01073220 0.01871041 0.02864371 0.03108481 0.01293120 0.11973304 0.34838812 0.02372841 0.04463002 0.03618161 0.01970001 0.03763231 0.03954931 0.00592746 0.01810721 0.08992173
91 0.07982109 0.04471109 0.03963059 0.06204209 0.01638980 0.04013819 0.25210896 0.04495769 0.01858730 0.03260580 0.06210769 0.05676019 0.02279990 0.02440090 0.02205070 0.06169289 0.04333799 0.00609724 0.02160530 0.04815459
92 0.27144401 0.04709070 0.02832910 0.03320950 0.01723180 0.02956260 0.04479350 0.06632010 0.01655300 0.04327260 0.06419720 0.04537880 0.02419720 0.02695360 0.02474210 0.07581010 0.04765640 0.00585355 0.02140790 0.06599620
93 0.07133345 0.02787952 0.02430202 0.01591081 0.01205841 0.02328322 0.02894852 0.04506043 0.01446851 0.12944109 0.10638207 0.03255352 0.03380422 0.02523592 0.01947411 0.05196334 0.04111523 0.00445171 0.01818371 0.27415019
94 0.04864691 0.06000911 0.03321831 0.04715431 0.00867334 0.03370841 0.24270406 0.02997691 0.01077840 0.01306710 0.03030011 0.25912906 0.01782500 0.01134410 0.01010530 0.04769411 0.05353831 0.00458642 0.01057900 0.02696171
95 0.04155542 0.00665527 0.00856105 0.00245488 0.00425810 0.00810878 0.01320461 0.01167651 0.00529072 0.27699313 0.34974617 0.00829563 0.06330983 0.02232261 0.01092201 0.01258701 0.03288662 0.00152679 0.00690380 0.11274105
96 0.08090360 0.04314700 0.03214690 0.03130920 0.01760540 0.02855540 0.04071460 0.04486520 0.01941420 0.05656000 0.08020570 0.04253590 0.02602490 0.02759650 0.02772400 0.08858010 0.22341100 0.00658548 0.01983910 0.06227580
97 0.09365868 0.03680149 0.03195769 0.03372079 0.02057130 0.02727609 0.03931999 0.06875748 0.01836840 0.03328609 0.05402409 0.03330629 0.02328959 0.02873199 0.02891279 0.28036093 0.06459208 0.00672904 0.01998480 0.05635039
98 0.07537250 0.02964230 0.07336470 0.32941799 0.00558684 0.02868910 0.17233699 0.04990900 0.00758549 0.01117730 0.02243230 0.04516060 0.00872223 0.01991930 0.01115240 0.03750460 0.02172400 0.00213808 0.01922010 0.02894420
99 0.06997001 0.04014191 0.06422731 0.30722406 0.01051440 0.02798731 0.08570312 0.06002361 0.01768520 0.01853640 0.03579331 0.04894401 0.01288670 0.02268730 0.01446300 0.06279991 0.04053621 0.00434629 0.02443221 0.03109771
100 0.05619957 0.02419919 0.02025039 0.01358519 0.01061249 0.01856709 0.02874838 0.03094938 0.01323269 0.11998594 0.34967981 0.02418089 0.04498218 0.03644678 0.01940539 0.03810798 0.03887278 0.00581253 0.01802839 0.08815295
101 0.09461443 0.03634611 0.03296961 0.03404651 0.02055591 0.02685711 0.03989661 0.06814202 0.01759580 0.03381401 0.05336211 0.03443521 0.02322311 0.02926841 0.02933291 0.27869508 0.06314942 0.00686682 0.02006631 0.05676252
102 0.22712994 0.03110889 0.02157769 0.01141280 0.11306797 0.02059029 0.02864529 0.04083489 0.01290440 0.04382999 0.04629769 0.03256069 0.03171119 0.02261009 0.01147710 0.06053638 0.03429109 0.00692097 0.01898169 0.18351095
103 0.09628525 0.02938819 0.03068598 0.03812088 0.01399209 0.02555269 0.03570838 0.30556585 0.01499719 0.03993388 0.05727927 0.03405658 0.02081479 0.02630109 0.02156149 0.08645636 0.03847118 0.00527089 0.01623579 0.06332217
104 0.05594001 0.02540380 0.02269460 0.02389500 0.01649670 0.01716030 0.02863470 0.03933270 0.02214390 0.05674501 0.09592251 0.02187620 0.02643940 0.28256703 0.01635170 0.05252741 0.03291220 0.01867480 0.09519821 0.04908380
105 0.06573098 0.02657219 0.02568229 0.01357439 0.01160040 0.01606309 0.02803349 0.03634509 0.01351909 0.09377557 0.08974237 0.02415559 0.03422089 0.15663594 0.01599799 0.05083008 0.03251959 0.00955877 0.04278128 0.21266092
106 0.04059826 0.00927174 0.01133409 0.00260241 0.00777020 0.01378409 0.01053369 0.01673748 0.00944420 0.34721567 0.11862789 0.01224459 0.03106127 0.02019328 0.00949026 0.02042998 0.03229367 0.00194440 0.00923209 0.27519074
107 0.16863104 0.05249361 0.02412561 0.02008841 0.01595400 0.03172601 0.03294181 0.03092481 0.01651610 0.02426351 0.03446831 0.13673903 0.01809080 0.01798160 0.01556200 0.04644731 0.13998203 0.00805865 0.12193603 0.04306931
108 0.04944091 0.00928316 0.01017630 0.00302858 0.00757533 0.00897592 0.01370050 0.01828421 0.00880629 0.31705210 0.13604204 0.01031250 0.02948521 0.08494103 0.01773631 0.01757231 0.03571521 0.00319652 0.01709751 0.20157806
109 0.07090897 0.03564028 0.02477299 0.01750989 0.01669939 0.02472449 0.03568518 0.03731368 0.01437509 0.10661995 0.14384293 0.03152949 0.16752892 0.03658338 0.01613339 0.05830357 0.04114948 0.00659287 0.02202189 0.09206416
110 0.08241211 0.30567005 0.02625390 0.01716450 0.01069560 0.04812421 0.03909851 0.02110840 0.01263190 0.01149660 0.03851721 0.22047604 0.01764170 0.00994779 0.01373210 0.03432941 0.03598641 0.00322575 0.01417160 0.03731621
111 0.07795100 0.04377360 0.03966580 0.06139810 0.01730230 0.04141230 0.25445001 0.04495880 0.01835290 0.03311750 0.06222350 0.05691890 0.02264080 0.02479760 0.02158300 0.06031950 0.04372120 0.00591758 0.02162350 0.04787210
112 0.09209982 0.01678470 0.02870181 0.03930661 0.01338450 0.02672971 0.03117911 0.32684607 0.00799185 0.01606310 0.03210711 0.03007861 0.01292450 0.02346610 0.01738660 0.20395904 0.03224331 0.00479204 0.00920330 0.03475211
113 0.02367450 0.01601410 0.01065470 0.01202540 0.01949180 0.00926472 0.01109460 0.01960600 0.03657259 0.04610799 0.03753909 0.01117120 0.01066850 0.34249494 0.00564105 0.02105240 0.01525980 0.03073929 0.29387095 0.02705640
114 0.24984412 0.01933731 0.01886841 0.02297571 0.01282611 0.01499491 0.02696991 0.29509515 0.01095061 0.02201001 0.03687612 0.02430621 0.01636191 0.01836281 0.01485111 0.08625024 0.03522452 0.00342590 0.01313891 0.05733003
115 0.09148762 0.03676951 0.03271591 0.03360221 0.01973140 0.02818311 0.03885831 0.07067281 0.01843800 0.03533051 0.05475831 0.03312321 0.02314000 0.02834551 0.02913461 0.27967005 0.06367711 0.00668222 0.02000040 0.05567921
116 0.05343753 0.02844662 0.02423351 0.03040302 0.01737061 0.02828902 0.03334952 0.02915182 0.03209132 0.04218043 0.05904504 0.02987222 0.02025461 0.11598507 0.01266091 0.04352123 0.03199382 0.02955322 0.29155017 0.04661033
117 0.07957926 0.28761685 0.03836098 0.03205238 0.01363249 0.03816968 0.04290378 0.03878158 0.01923419 0.03134668 0.05118067 0.08656936 0.02285139 0.02168959 0.01973599 0.05725827 0.04606448 0.00798051 0.01999909 0.04499278
118 0.02396159 0.01449379 0.01100479 0.01433229 0.02084929 0.00983037 0.01212109 0.01831869 0.03557698 0.04399078 0.04070448 0.01202529 0.01081879 0.29346986 0.00553940 0.02268209 0.01575939 0.03826238 0.32947685 0.02678179
119 0.05539752 0.02401541 0.01987741 0.01354850 0.01037950 0.01855971 0.02861521 0.02970291 0.01320550 0.12193504 0.34936012 0.02455971 0.04431541 0.03649691 0.02066251 0.03756551 0.03967521 0.00559787 0.01755271 0.08897733
120 0.04506619 0.01915070 0.01925780 0.01501460 0.10216098 0.01346520 0.04383829 0.12965098 0.01392270 0.16608797 0.17636297 0.01715410 0.02736300 0.03003079 0.01654030 0.04484419 0.03876689 0.00639567 0.01300370 0.06192299
121 0.04641521 0.00795696 0.01196850 0.00458894 0.00608209 0.01090440 0.01725150 0.03593811 0.00665598 0.13458702 0.33807605 0.01343570 0.04715031 0.01880470 0.01165560 0.02240610 0.02596330 0.00205232 0.00941016 0.22869703
122 0.06961839 0.04321240 0.04039690 0.03317750 0.01867100 0.03998000 0.04346020 0.04679840 0.18054498 0.04860660 0.06623059 0.04916670 0.02046820 0.04297280 0.02654880 0.06353119 0.04974210 0.01150930 0.04784960 0.05751439
123 0.07105546 0.03585298 0.02500219 0.01727729 0.01674429 0.02471109 0.03631028 0.03921608 0.01368049 0.10684695 0.14359993 0.03136878 0.16675091 0.03672708 0.01617319 0.05800897 0.04249498 0.00637641 0.02090889 0.09089375
124 0.04530991 0.05607381 0.03313591 0.03127201 0.00763105 0.03602201 0.19232204 0.02488121 0.01135230 0.01239380 0.02744501 0.21407204 0.01724590 0.01140390 0.01273410 0.05405461 0.17744004 0.00386659 0.00940405 0.02193970
125 0.07143460 0.05163620 0.20506999 0.06886170 0.01511030 0.03492260 0.05635870 0.04956870 0.02461860 0.03980370 0.06009680 0.05455740 0.02170840 0.02689820 0.01965180 0.06862550 0.04667800 0.00586796 0.02268500 0.05584590
126 0.07701062 0.02490941 0.01707511 0.01670271 0.00867572 0.02120351 0.03108601 0.02917631 0.01027470 0.01728301 0.03133021 0.01781351 0.01552730 0.01194410 0.21476707 0.19000706 0.20251306 0.00349105 0.00798412 0.05122542
127 0.04981518 0.01938119 0.01755479 0.00999592 0.01192439 0.01653819 0.01970599 0.02904679 0.01217419 0.31267287 0.15514893 0.01892339 0.04432728 0.03264659 0.01597469 0.03110409 0.03797848 0.00406621 0.01815289 0.14286794
128 0.07118920 0.02717500 0.02495790 0.01711040 0.01236670 0.02233790 0.02955630 0.04753840 0.01411580 0.12782700 0.10599800 0.03225430 0.03270450 0.02518840 0.02045890 0.05194110 0.03977970 0.00472640 0.01828410 0.27449000
129 0.07489602 0.05595122 0.03641241 0.03383281 0.01416990 0.20963607 0.05883922 0.04750522 0.02653631 0.04081871 0.06064172 0.06560992 0.02281271 0.02074191 0.02759721 0.06399722 0.04548361 0.00745928 0.02866561 0.05839292
130 0.07516152 0.05574531 0.03697141 0.03432691 0.01509680 0.20885705 0.05885742 0.04756481 0.02575101 0.04061661 0.06109212 0.06625482 0.02335891 0.02012261 0.02708101 0.06338212 0.04633941 0.00732034 0.02858271 0.05751711
131 0.06890664 0.04068562 0.06529173 0.30725216 0.01083871 0.02832981 0.08510824 0.05963723 0.01744381 0.01913191 0.03653672 0.04799572 0.01304981 0.02325541 0.01488011 0.06207423 0.03981402 0.00455519 0.02471861 0.03049432
132 0.07274697 0.02744829 0.02518319 0.01684059 0.01185799 0.02250619 0.02900179 0.04595228 0.01409489 0.12868794 0.10596395 0.03214528 0.03276778 0.02467369 0.01927149 0.05111238 0.03936558 0.00485828 0.01900959 0.27651187
133 0.08042643 0.28805309 0.03766591 0.03299821 0.01320560 0.03786551 0.04343221 0.03830121 0.01891961 0.03135501 0.05111752 0.08563293 0.02258531 0.02166561 0.02030991 0.05777872 0.04609941 0.00777898 0.01973601 0.04507281
134 0.05582320 0.02362460 0.02032110 0.01322600 0.01083710 0.01837860 0.02804530 0.03098530 0.01338020 0.12010600 0.34779601 0.02477230 0.04491950 0.03658840 0.01998470 0.03831300 0.03932860 0.00576078 0.01797760 0.08983170
135 0.09697875 0.02995681 0.03122221 0.03856102 0.01392731 0.02564791 0.03622612 0.30702415 0.01543071 0.03879512 0.05529503 0.03460262 0.02013911 0.02622561 0.02187661 0.08449454 0.03818012 0.00552102 0.01671491 0.06318033
136 0.08054300 0.04423800 0.03192450 0.03216130 0.01735120 0.02822590 0.04047500 0.04430180 0.02020560 0.05800320 0.08088680 0.04147750 0.02573930 0.02729380 0.02677100 0.08872071 0.22104501 0.00694374 0.01971170 0.06398090
137 0.06923461 0.04045181 0.06521721 0.30816706 0.01068510 0.02735131 0.08487942 0.06009261 0.01824430 0.01868680 0.03505641 0.04719031 0.01239940 0.02324940 0.01496640 0.06293441 0.04074801 0.00468761 0.02496570 0.03079211
138 0.07049544 0.02921602 0.02373771 0.02152781 0.01765961 0.02907732 0.03041632 0.03031962 0.02513072 0.04256883 0.04465683 0.03156732 0.02336351 0.05235933 0.01479121 0.05345193 0.15021909 0.01506361 0.24055814 0.05381963
139 0.09236598 0.03694239 0.03352319 0.03283089 0.01981220 0.02819279 0.03803369 0.06896569 0.01869180 0.03377809 0.05398369 0.03414149 0.02360940 0.02818639 0.02922829 0.28110594 0.06236929 0.00669190 0.02023400 0.05731289
140 0.06744902 0.27747507 0.02608861 0.01251460 0.01126180 0.04108741 0.02798751 0.01751940 0.01788520 0.01720440 0.12797403 0.19108005 0.01542950 0.01232390 0.02158441 0.03538281 0.03218311 0.00420666 0.01326960 0.03009291
141 0.04069329 0.01359220 0.02487639 0.01003660 0.01595570 0.01837140 0.08915508 0.02794829 0.01014870 0.26525293 0.11731997 0.01908159 0.03070179 0.02640669 0.01228980 0.03673979 0.03113409 0.00361197 0.01386480 0.19281895
142 0.03771960 0.01433540 0.01708500 0.00596453 0.00719755 0.08275140 0.01670690 0.01778630 0.01333440 0.23391699 0.09484800 0.01903130 0.03507240 0.01577530 0.00975850 0.03105070 0.10019299 0.00330657 0.01661920 0.22754699
143 0.05049164 0.04233053 0.04146713 0.20756117 0.00790174 0.03680863 0.08081877 0.04050293 0.03431793 0.01213781 0.02618972 0.24296220 0.01137391 0.01466181 0.01981372 0.04217783 0.03041252 0.00677816 0.01970782 0.03158403
144 0.09243556 0.03723189 0.03220329 0.03354339 0.01995959 0.02769779 0.03940258 0.06926027 0.01831239 0.03404519 0.05487628 0.03400519 0.02332439 0.02809069 0.02880089 0.27992889 0.06297898 0.00691579 0.01990929 0.05707768
145 0.07614272 0.04454751 0.04034931 0.06215322 0.01642780 0.04006151 0.25350608 0.04603301 0.01872331 0.03341111 0.06268272 0.05641442 0.02311991 0.02371121 0.02141231 0.06079312 0.04321281 0.00577740 0.02169651 0.04982401
146 0.07505546 0.02983148 0.03571228 0.20139189 0.01227419 0.18579090 0.08772795 0.05412357 0.02653309 0.01600179 0.02907418 0.06040257 0.01217469 0.01862979 0.01439349 0.04672007 0.03445008 0.00458605 0.02514899 0.02997748
147 0.07549589 0.05659629 0.03833229 0.03401060 0.01503360 0.20953797 0.05855649 0.04588799 0.02719340 0.04049649 0.05906379 0.06659229 0.02354750 0.02009760 0.02672260 0.06359049 0.04547479 0.00760664 0.02880580 0.05735749
148 0.06707371 0.03138540 0.02825560 0.01797850 0.01175810 0.02038570 0.02862400 0.03454840 0.01230230 0.03010630 0.04152280 0.02678860 0.09891601 0.01869490 0.25121203 0.15176002 0.06079981 0.00582999 0.01497370 0.04708411
149 0.07554292 0.05473221 0.03796121 0.03329671 0.01547250 0.21103905 0.05868112 0.04727261 0.02676911 0.04064851 0.05988282 0.06444352 0.02279661 0.02035781 0.02763371 0.06359302 0.04553061 0.00736434 0.02883411 0.05814752
150 0.05757927 0.02593738 0.02257369 0.02323349 0.01667499 0.01636499 0.02759298 0.03873178 0.02176439 0.05722607 0.09597424 0.02222669 0.02691308 0.28201683 0.01614299 0.05103687 0.03398628 0.01941729 0.09447904 0.05012767
151 0.27210402 0.04824260 0.02935840 0.03314610 0.01791150 0.02971490 0.04387060 0.06600171 0.01698500 0.04446880 0.06426701 0.04416000 0.02395660 0.02738480 0.02386790 0.07478801 0.04770080 0.00594762 0.02121460 0.06490901
152 0.04663878 0.03778638 0.01876469 0.01978349 0.02335299 0.02350309 0.02636019 0.02785389 0.01769389 0.04459218 0.24480888 0.02617529 0.02912459 0.08391526 0.01586629 0.05079557 0.04294028 0.11728294 0.06318907 0.03957228
153 0.07933672 0.03098161 0.02704021 0.03542281 0.01999571 0.02868981 0.22170307 0.05573832 0.01415000 0.02548391 0.04206291 0.04808871 0.02495661 0.01950851 0.01967721 0.19256006 0.05219372 0.00515799 0.01382590 0.04342621
154 0.17438200 0.03798930 0.05735610 0.27710299 0.00946457 0.02856780 0.09152750 0.05149740 0.01211700 0.01475940 0.02774780 0.03187620 0.01016390 0.02377420 0.01193130 0.05276050 0.04151610 0.00297185 0.01617210 0.02632200
155 0.09482669 0.03009310 0.03060780 0.03728730 0.01380600 0.02584520 0.03577140 0.30843898 0.01508430 0.03927410 0.05720540 0.03365720 0.02054920 0.02604510 0.02225660 0.08533339 0.03868520 0.00519196 0.01672360 0.06331750
156 0.01883620 0.01408580 0.00954815 0.00960872 0.01958640 0.00787501 0.00849896 0.01567100 0.03890980 0.04640650 0.02972410 0.00899567 0.00870001 0.34192303 0.00401870 0.01846070 0.01371110 0.03174070 0.32976503 0.02393440
157 0.07528524 0.17657210 0.03683352 0.04101202 0.00957591 0.04637773 0.29293317 0.02216281 0.01451541 0.01310051 0.03295062 0.07110294 0.02448421 0.01291691 0.01070841 0.03938732 0.03151512 0.00360333 0.01623961 0.02872312
158 0.05363866 0.02356498 0.01942298 0.01347469 0.01077869 0.01770769 0.02842688 0.03071158 0.01303479 0.12111390 0.35046172 0.02475698 0.04501826 0.03687827 0.02002848 0.03786827 0.03933547 0.00554081 0.01798919 0.09024773
159 0.05627872 0.02469281 0.02300731 0.02258371 0.01600891 0.01672951 0.02888811 0.03931912 0.02196241 0.05760722 0.09521404 0.02181001 0.02748791 0.28127011 0.01585261 0.05234442 0.03383081 0.01857911 0.09633254 0.05020062
160 0.04825604 0.01029729 0.01306318 0.00570432 0.00625378 0.01160159 0.01836438 0.03299226 0.00744972 0.14926283 0.34493760 0.01415438 0.05029584 0.02252197 0.01227889 0.02400247 0.02965397 0.00251880 0.01082389 0.18556679
161 0.07856111 0.28305402 0.03842440 0.03260470 0.01368600 0.03888900 0.04288710 0.03920140 0.01957650 0.03103460 0.05324610 0.08568781 0.02313240 0.02289550 0.01968090 0.05777540 0.04682350 0.00761752 0.02071030 0.04451170
162 0.05514169 0.02393759 0.01972560 0.01467490 0.01107780 0.01875850 0.02837109 0.03051879 0.01323710 0.12080897 0.34792292 0.02465379 0.04529389 0.03646919 0.01921570 0.03786709 0.03959609 0.00590884 0.01816910 0.08865138
163 0.05434968 0.02449429 0.02008519 0.01342819 0.01065300 0.01851459 0.02793489 0.02945889 0.01320039 0.12123695 0.34953586 0.02408609 0.04533798 0.03750039 0.01981749 0.03757699 0.03969698 0.00611049 0.01822879 0.08875287
164 0.04162068 0.00712835 0.00991208 0.00506701 0.00653677 0.01826599 0.01343949 0.01412949 0.00751242 0.21701191 0.25630890 0.01451949 0.05624958 0.03471519 0.00802741 0.01888949 0.02849369 0.00724646 0.06419867 0.17072693
165 0.05183259 0.01265070 0.01560160 0.00687559 0.00766005 0.01426960 0.01969340 0.04260119 0.00878591 0.12309198 0.26880296 0.01782410 0.04293239 0.01973310 0.01359500 0.02942570 0.02789950 0.00268469 0.01247300 0.26156696
166 0.03139749 0.00823148 0.00636921 0.00830841 0.04511649 0.00684648 0.01063590 0.00753983 0.02851419 0.03218549 0.05444429 0.01432860 0.01234410 0.21726195 0.00234940 0.02268600 0.01312610 0.15471497 0.30244194 0.02115770
167 0.04896094 0.01943078 0.01698058 0.00957385 0.01191189 0.01615668 0.01916088 0.02970067 0.01169329 0.31192764 0.15871881 0.01812348 0.04536935 0.03286986 0.01562218 0.03043386 0.03828336 0.00411011 0.01805398 0.14291783
168 0.08064478 0.28763693 0.03813029 0.03295269 0.01335900 0.03827409 0.04364959 0.03866359 0.01882350 0.03155649 0.04955689 0.08604188 0.02332769 0.02207319 0.02046239 0.05620819 0.04588689 0.00800835 0.01919260 0.04555099
169 0.02266270 0.01583550 0.01086290 0.01198830 0.01939420 0.00927311 0.01106220 0.01908230 0.03631140 0.04601760 0.03784810 0.01109680 0.01050050 0.34262599 0.00543173 0.02147450 0.01547590 0.03148340 0.29489299 0.02667990
170 0.07914583 0.03188311 0.02335321 0.02140001 0.01171140 0.03052641 0.03507851 0.04602982 0.01846251 0.04291002 0.06942702 0.03587791 0.01743641 0.02299431 0.30603811 0.08092093 0.05080392 0.00499344 0.01485331 0.05615382
171 0.05721611 0.02546660 0.02286640 0.02331260 0.01624330 0.01693480 0.02919540 0.03882140 0.02231810 0.05691611 0.09611431 0.02323270 0.02723430 0.28183903 0.01666190 0.05083261 0.03358840 0.01864620 0.09387991 0.04867980
172 0.07945916 0.28821886 0.03884528 0.03334508 0.01349399 0.03798048 0.04372208 0.03819418 0.01863069 0.03001099 0.05089418 0.08591326 0.02272069 0.02174159 0.01943409 0.05827987 0.04630068 0.00784299 0.01942459 0.04554728
173 0.06606612 0.12895704 0.02237931 0.02639871 0.01233150 0.02048171 0.01994211 0.02804771 0.02107861 0.02542031 0.05066062 0.03898941 0.01488011 0.02213431 0.25128409 0.15700105 0.04654392 0.00412706 0.01407150 0.02920481
174 0.05562384 0.02045058 0.01807728 0.01147289 0.01291029 0.02011038 0.02533397 0.02806727 0.01504348 0.10371588 0.29073766 0.01971598 0.04127235 0.03140416 0.01596738 0.03682276 0.16548881 0.00632755 0.01315158 0.06830592
175 0.03677720 0.00715592 0.00944275 0.00186674 0.00704965 0.01359270 0.00812664 0.01355880 0.00931983 0.35826500 0.08229790 0.01141230 0.02142140 0.01592850 0.00754298 0.01851690 0.02983460 0.00147815 0.00745904 0.33895300
176 0.05429089 0.03997919 0.15006897 0.03053279 0.01222770 0.20975196 0.04099199 0.04459239 0.02993089 0.03144589 0.05450099 0.06417129 0.01603390 0.02006830 0.01856550 0.07573118 0.03915449 0.00594981 0.01992150 0.04209039
177 0.07824223 0.03316061 0.02378761 0.01990411 0.01255540 0.03084701 0.03478871 0.04595462 0.01843961 0.04269941 0.06900472 0.03487291 0.01704001 0.02255681 0.30946511 0.08099423 0.05081912 0.00536706 0.01467490 0.05482582
178 0.05152179 0.01683350 0.02514010 0.00619656 0.00795237 0.02398960 0.01551490 0.02037190 0.01087000 0.29349395 0.07519779 0.09500848 0.02274510 0.01707650 0.01945310 0.02286810 0.02676710 0.00298553 0.01515470 0.23085896
179 0.24764299 0.03358430 0.02046130 0.01293590 0.01307730 0.01959930 0.02803080 0.05188840 0.01160950 0.07048800 0.07294110 0.03932510 0.03114160 0.02284370 0.01848120 0.04845550 0.03752130 0.00416965 0.01641710 0.19938599
