1 0.04217981 0.00610246 0.01045490 0.00533753 0.01116730 0.01477710 0.00373447 0.00918089 0.00638123 0.21021506 0.23703606 0.01089020 0.07165892 0.05889872 0.01306610 0.03092521 0.03399031 0.00383265 0.02155701 0.19861405
2 0.09257494 0.03180331 0.05479873 0.02339351 0.00696914 0.02417081 0.01837641 0.06513043 0.01289681 0.06244143 0.05335852 0.02812791 0.03237051 0.01634641 0.29323313 0.06567803 0.04724242 0.00423467 0.00908373 0.05776913
3 0.03452209 0.05118939 0.06768539 0.15059597 0.00817569 0.04087099 0.10893698 0.30603995 0.01378110 0.01703180 0.03259249 0.06160169 0.00651965 0.01013010 0.00992912 0.03244259 0.02318790 0.00190563 0.00827758 0.01458390
4 0.05705789 0.02475160 0.03006180 0.01752310 0.01380420 0.02611930 0.02931650 0.02222070 0.02237350 0.13785198 0.13854498 0.02831530 0.04464109 0.04630979 0.01989670 0.05642869 0.03938579 0.00850913 0.02623100 0.21065697
5 0.15164300 0.04071790 0.04513990 0.05889080 0.01356750 0.03836670 0.07667710 0.17407800 0.01761520 0.02915100 0.04051140 0.09110240 0.01457170 0.01720040 0.02818730 0.07113200 0.04529340 0.00536190 0.01069210 0.03010030
6 0.06838572 0.03056571 0.05196421 0.13533404 0.00883442 0.04591741 0.05591322 0.04872931 0.02882691 0.10710703 0.08080732 0.04061431 0.02123951 0.03386861 0.02482851 0.05275201 0.08472292 0.00602561 0.01704380 0.05651942
7 0.13223403 0.04648541 0.04171721 0.03085131 0.02486360 0.03676101 0.04206231 0.05790901 0.02088500 0.04154041 0.05091141 0.04049201 0.02209560 0.02521851 0.02265820 0.19997104 0.07610012 0.01095310 0.01603270 0.06025801
8 0.04141821 0.00655266 0.00861967 0.00847701 0.01012500 0.01609800 0.00658561 0.01353650 0.00463102 0.23931207 0.23944607 0.01241340 0.05381022 0.06435782 0.01022500 0.02858071 0.03213881 0.00152893 0.02196421 0.18017905
9 0.04749311 0.06446042 0.02342891 0.05374991 0.00596567 0.09178752 0.27346707 0.05567552 0.02686111 0.01475150 0.02186581 0.14962304 0.00786760 0.01036760 0.00833623 0.05323481 0.01994841 0.00642063 0.02013211 0.04456301
10 0.02012240 0.00925098 0.03168610 0.01408400 0.01560140 0.01324030 0.00859922 0.01799430 0.03837360 0.04399740 0.04880350 0.01680590 0.01157840 0.27174999 0.00405025 0.02208560 0.02782100 0.01028770 0.32795498 0.04591300
11 0.02533489 0.05005308 0.02110499 0.02034789 0.00942160 0.02489679 0.02756219 0.01535029 0.03107389 0.02992849 0.12732295 0.08722207 0.02956049 0.17076893 0.00519590 0.02546529 0.01899139 0.03451359 0.21224792 0.03363739
12 0.04985932 0.02526401 0.02818231 0.02155591 0.01476731 0.02290811 0.01534341 0.02443311 0.02354721 0.09574244 0.11866006 0.02811251 0.03065671 0.17571008 0.00978793 0.04151302 0.03578992 0.01377811 0.14207307 0.08231544
13 0.04774100 0.06445101 0.09467641 0.16372201 0.01256600 0.04891610 0.09900951 0.14481001 0.01723790 0.02407090 0.03665460 0.08790431 0.00846328 0.02014090 0.01016990 0.05230760 0.02840470 0.00276625 0.00990689 0.02608070
14 0.05955409 0.05401149 0.05471619 0.18250397 0.00927747 0.05637669 0.19072197 0.11794498 0.01928980 0.01906220 0.02717070 0.07645239 0.00478955 0.01048600 0.00488272 0.05365389 0.02538330 0.00254252 0.00991521 0.02126490
15 0.05912334 0.17938313 0.05521324 0.04794203 0.01108131 0.05263644 0.06041844 0.06255474 0.02228292 0.02414872 0.04927513 0.10634507 0.01772351 0.02779012 0.02078791 0.07992756 0.05113104 0.01166361 0.01864051 0.04193123
16 0.04214508 0.03119518 0.03925628 0.05079427 0.00846738 0.02459709 0.05431717 0.24640287 0.01464889 0.05833287 0.15121092 0.04778277 0.03776948 0.02506379 0.03025628 0.03895258 0.03983248 0.00387126 0.01475299 0.04035038
17 0.04526419 0.00739096 0.01269020 0.00562905 0.01170100 0.01695450 0.00487149 0.01022830 0.00650464 0.24005497 0.19467297 0.01308380 0.04993709 0.05484789 0.01336470 0.03054410 0.03523030 0.00222369 0.02097420 0.22383197
18 0.04659353 0.21708112 0.05686023 0.02592661 0.00642445 0.08889865 0.06154203 0.02000161 0.02075431 0.01698681 0.03355672 0.19979111 0.01495451 0.01915971 0.00747516 0.06980224 0.04595483 0.00267293 0.01476171 0.03080172
19 0.06906478 0.04255718 0.07828107 0.14979595 0.00882720 0.05924768 0.20717693 0.11199096 0.02320279 0.02186529 0.03168519 0.05003368 0.00734767 0.01035790 0.00763161 0.04906108 0.02854809 0.00332102 0.00935246 0.03065149
20 0.04178932 0.01717421 0.02250901 0.01298001 0.00603915 0.01798151 0.02271791 0.04676282 0.01002831 0.11178306 0.23476212 0.02283601 0.11278106 0.02688261 0.08665115 0.05224053 0.03925852 0.00341543 0.01177731 0.09962995
21 0.13153804 0.04737631 0.04114551 0.03070441 0.02555421 0.03602471 0.04139631 0.05991482 0.02074661 0.04166561 0.05051402 0.04105911 0.02184021 0.02561921 0.02227771 0.19964706 0.07743572 0.01080010 0.01630800 0.05843232
22 0.04745333 0.02555962 0.02354992 0.02228602 0.00972888 0.02250052 0.01989121 0.03276502 0.01546361 0.14156910 0.23820017 0.03392422 0.05108814 0.06126034 0.01513951 0.04002363 0.03562783 0.01020751 0.03076732 0.12299409
23 0.04037182 0.14242706 0.03507591 0.01938151 0.00599074 0.04581312 0.03412641 0.02419221 0.02518881 0.02362011 0.15961506 0.17249807 0.04125202 0.04894452 0.00893587 0.04315992 0.02191981 0.02140551 0.05723712 0.02884441
24 0.08020239 0.04080479 0.04681079 0.07118489 0.01337990 0.03216849 0.06943059 0.29156095 0.01487600 0.02734010 0.04803779 0.04776669 0.01514990 0.01805560 0.02665780 0.06554019 0.05016549 0.00323817 0.01260170 0.02502780
25 0.05582831 0.01442210 0.01984040 0.01684370 0.01161020 0.02246130 0.01439750 0.02346500 0.00921600 0.21316503 0.18219802 0.02218520 0.04576871 0.06113231 0.02000270 0.03970380 0.03692440 0.00332048 0.02694680 0.16056802
26 0.35542320 0.00776006 0.01716361 0.01263711 0.07820844 0.01419921 0.01213021 0.07906485 0.01293541 0.02801902 0.01686181 0.01120101 0.01395971 0.01474151 0.00969741 0.20113211 0.07706144 0.00315558 0.00646279 0.02818552
27 0.04882657 0.00805877 0.01394439 0.00817712 0.01037499 0.01706929 0.00713560 0.01637029 0.00681650 0.21052885 0.20334986 0.01345919 0.08840544 0.05749066 0.02488488 0.03725247 0.03723327 0.00335549 0.02026349 0.16700288
28 0.06697638 0.05162029 0.03843309 0.10199397 0.00698597 0.06908008 0.24106293 0.08184848 0.02793399 0.02055639 0.03299379 0.07567448 0.00927471 0.01351830 0.01149460 0.05930818 0.02754329 0.00528099 0.01428850 0.04413159
29 0.04679061 0.00725015 0.01234750 0.00550917 0.01170620 0.01654980 0.00292423 0.00933994 0.00719689 0.23943405 0.18767104 0.01397560 0.05047211 0.04944961 0.01279530 0.03076221 0.04566061 0.00285310 0.01839480 0.22891705
30 0.04655872 0.09560354 0.03833362 0.08283404 0.00750903 0.06198143 0.19404809 0.06897293 0.02390661 0.04699372 0.04256042 0.08562664 0.01049730 0.01651371 0.01735211 0.07142803 0.02585421 0.00475933 0.01712001 0.04154652
31 0.08020637 0.04133598 0.04739758 0.07309307 0.01349679 0.03205249 0.07017107 0.29457887 0.01472329 0.02729909 0.04729258 0.04783378 0.01463139 0.01724339 0.02640469 0.06413367 0.04983538 0.00300763 0.01142750 0.02383539
32 0.04389070 0.00899433 0.01492160 0.00818225 0.01228450 0.01741550 0.00647294 0.01093510 0.01137500 0.19791900 0.22439900 0.01382020 0.05337010 0.05608890 0.01189650 0.03334020 0.03564040 0.00513467 0.02219910 0.21172000
33 0.03998889 0.00476423 0.00620944 0.00581662 0.01013620 0.01454750 0.00502859 0.01031170 0.00327468 0.24414795 0.25192194 0.00984560 0.05480719 0.06623989 0.00860414 0.02723149 0.03078729 0.00109072 0.02118100 0.18406496
34 0.08404313 0.16341606 0.04576022 0.02775351 0.00633968 0.04363932 0.03990761 0.06922273 0.01502791 0.03243061 0.03778801 0.05432942 0.02046281 0.01639131 0.15982906 0.09260583 0.03902731 0.00601795 0.01021140 0.03579611
35 0.02084450 0.00849257 0.03244151 0.01459190 0.01576240 0.01337050 0.00850646 0.01883500 0.03812061 0.04447671 0.04636271 0.01561180 0.01078320 0.27792704 0.00410631 0.02234300 0.02809420 0.00934270 0.32498105 0.04500581
36 0.07216929 0.04544460 0.06282859 0.04525580 0.01334030 0.04058510 0.06545759 0.04166480 0.09682009 0.03316540 0.06981419 0.04889690 0.02317100 0.04805340 0.01756460 0.07524519 0.04868030 0.01670020 0.05275749 0.08238519
37 0.13391499 0.04573200 0.04177170 0.02994820 0.02515200 0.03566140 0.04057640 0.05933169 0.02039950 0.04139480 0.04996170 0.03958420 0.02207060 0.02605550 0.02301200 0.20126198 0.07652469 0.01134230 0.01696050 0.05934389
38 0.03267632 0.02395141 0.03066792 0.01915441 0.01344911 0.02032841 0.02235121 0.02252131 0.03422762 0.05770713 0.08309354 0.03593102 0.02143411 0.18947709 0.00677270 0.03390722 0.02986541 0.01655071 0.24693912 0.05899423
39 0.03720470 0.18610301 0.04903180 0.02430160 0.00580518 0.06133590 0.06904311 0.01551250 0.05154880 0.01988090 0.03739020 0.16933601 0.01151860 0.01646410 0.01104480 0.10769601 0.04431290 0.00627694 0.01791940 0.05827350
40 0.02106590 0.00853024 0.03269860 0.01467400 0.01579940 0.01354160 0.00886278 0.01851090 0.03787780 0.04393650 0.04583360 0.01601430 0.01068600 0.27824502 0.00411067 0.02258560 0.02805970 0.00921433 0.32505003 0.04470300
41 0.07604090 0.05862350 0.03953770 0.05581820 0.01195410 0.09991039 0.08757939 0.05728730 0.02379500 0.05638270 0.06826270 0.06892200 0.02253600 0.03518820 0.01745110 0.07624010 0.04605120 0.00682636 0.02487940 0.06671380
42 0.31664480 0.01148459 0.02440468 0.01515509 0.04178827 0.02168989 0.01722889 0.16537290 0.01663599 0.01486559 0.01430709 0.00930158 0.00863568 0.01520009 0.01112369 0.20895887 0.06086066 0.00290636 0.00352549 0.01990979
43 0.03392247 0.01246589 0.02667098 0.01092529 0.01454379 0.01603409 0.01148829 0.01457459 0.02974077 0.11336990 0.11848390 0.01912298 0.03047517 0.15729187 0.00636604 0.03174787 0.03038727 0.01089409 0.18596584 0.12552889
44 0.04345508 0.00880876 0.01355739 0.00850412 0.01133010 0.01704019 0.00637267 0.01069360 0.00966231 0.20189592 0.24246390 0.01414039 0.05188048 0.06032658 0.01048260 0.03211279 0.03505259 0.00453595 0.02216069 0.19552392
45 0.03843200 0.01887570 0.01431920 0.01327870 0.00993837 0.01721210 0.01378870 0.01296500 0.01111460 0.15489098 0.24494297 0.02651210 0.04827409 0.11834399 0.00669844 0.03003040 0.02736280 0.01187720 0.05901469 0.12212799
46 0.04784350 0.02551200 0.02385850 0.02124840 0.00969060 0.02246370 0.02054130 0.03125980 0.01537060 0.14189101 0.24062302 0.03376780 0.05027161 0.06187091 0.01578720 0.04047580 0.03479910 0.01018050 0.03119560 0.12134901
47 0.07537880 0.05875110 0.03995110 0.05777150 0.01220020 0.09915010 0.08834810 0.05649520 0.02351950 0.05600040 0.06859280 0.06834240 0.02132220 0.03450490 0.01828010 0.07862630 0.04607000 0.00687723 0.02342830 0.06638980
48 0.13526291 0.02097739 0.02873438 0.02039899 0.01642769 0.02612878 0.02335728 0.02553948 0.01879839 0.11007893 0.10569093 0.02525868 0.04005267 0.03372898 0.03666608 0.07610915 0.04566617 0.00670776 0.01563949 0.18877588
49 0.04100213 0.08995617 0.02783182 0.01780571 0.02357682 0.04172763 0.02140402 0.14152612 0.00860061 0.01212821 0.01854252 0.02317562 0.00750920 0.01372901 0.01634671 0.22417419 0.24384520 0.00511696 0.00513182 0.01686951
50 0.10082697 0.03449679 0.05422788 0.25764092 0.00863881 0.04684639 0.20954993 0.07584908 0.02009409 0.01629729 0.02383709 0.03403229 0.00430128 0.00607636 0.00306272 0.04679729 0.03481499 0.00170182 0.00568713 0.01522090
51 0.04466873 0.00760066 0.01324201 0.00607812 0.01150061 0.01672441 0.00489602 0.01022251 0.00662896 0.24004915 0.19480512 0.01300761 0.05011203 0.05448253 0.01312591 0.03074962 0.03542842 0.00211222 0.02084221 0.22372314
52 0.06287955 0.03259993 0.06577355 0.17140614 0.00859909 0.05818865 0.12365210 0.05782865 0.07290176 0.03196973 0.05460205 0.03937633 0.01264591 0.02002972 0.01572461 0.05449605 0.04674654 0.00852830 0.01649541 0.04555594
53 0.05626705 0.01401341 0.01978722 0.01668401 0.01157071 0.02143942 0.01426621 0.02347922 0.00915554 0.21217917 0.18147115 0.02140252 0.04574584 0.06112355 0.02104922 0.04063863 0.03763673 0.00342267 0.02752762 0.16114013
54 0.18156002 0.05097011 0.12314401 0.04376921 0.01534640 0.03222420 0.03800200 0.05665591 0.02836420 0.03491970 0.04689621 0.04215241 0.02031430 0.02298200 0.04015780 0.10109001 0.05314331 0.00663778 0.01386740 0.04780301
55 0.26172395 0.02621720 0.03236579 0.04128279 0.03076429 0.02907459 0.04158969 0.07180869 0.01751960 0.04608789 0.04698619 0.02895909 0.02029290 0.02516220 0.02738080 0.12335698 0.06007289 0.00671388 0.01311450 0.04952609
56 0.04119151 0.00301327 0.00564660 0.00366861 0.01111110 0.01473890 0.00190430 0.00704768 0.00318580 0.25352308 0.23279907 0.00832045 0.05351882 0.06227062 0.00751815 0.02536801 0.03293561 0.00108163 0.02081171 0.21034507
57 0.13613011 0.04630204 0.04043343 0.03116422 0.02570782 0.03587303 0.04208933 0.05876255 0.01986112 0.04183143 0.05064504 0.04085163 0.02146232 0.02542552 0.02308352 0.19921216 0.07570376 0.01013301 0.01605981 0.05926815
58 0.07605928 0.04784879 0.03906169 0.02041339 0.01681589 0.01871469 0.02073389 0.02406509 0.02770419 0.02399239 0.05592538 0.02486949 0.02867299 0.06113828 0.01015100 0.09893347 0.14491896 0.17432695 0.03307179 0.05258238
59 0.04440427 0.00590529 0.01124789 0.00653860 0.00987182 0.01644339 0.00491839 0.01290269 0.00534099 0.22824682 0.21050784 0.01064549 0.09072983 0.05858735 0.01966218 0.03330927 0.03602047 0.00239636 0.01900919 0.17331187
60 0.05819628 0.09826766 0.04553328 0.04063898 0.00950662 0.05524998 0.07929837 0.06036037 0.02291119 0.03692018 0.07177907 0.15630293 0.02291609 0.03124759 0.02015649 0.06547627 0.03806448 0.01032370 0.02962199 0.04722848
61 0.05717421 0.03558460 0.09856101 0.02706350 0.01550340 0.02582560 0.01701250 0.02827920 0.04031560 0.04057940 0.05581411 0.03100490 0.03278180 0.14113901 0.01487530 0.06550081 0.09866591 0.01572590 0.10511101 0.05348221
62 0.05038211 0.12754704 0.04024841 0.02864101 0.00630009 0.10548303 0.10983703 0.02826091 0.02315881 0.02229031 0.04757411 0.20137606 0.01769780 0.02329481 0.01014490 0.05961632 0.03387841 0.00555553 0.02345711 0.03525621
63 0.05618820 0.01425460 0.01955200 0.01730370 0.01188850 0.02179880 0.01460250 0.02367550 0.00945702 0.21288999 0.18141799 0.02129830 0.04610850 0.05972600 0.02041790 0.04033630 0.03738320 0.00313645 0.02673560 0.16182899
64 0.07454582 0.05903511 0.13991303 0.05593201 0.01323080 0.03598781 0.04551331 0.06525772 0.03319161 0.04062251 0.05771181 0.05351641 0.02237791 0.03442561 0.03573341 0.08331402 0.05287661 0.00766397 0.02860041 0.06055011
65 0.05742069 0.02634109 0.14172697 0.04255019 0.00742321 0.02064030 0.01258090 0.02249420 0.10869798 0.02647989 0.14086897 0.02272980 0.02844089 0.02488179 0.02664989 0.05933419 0.12550197 0.01136060 0.02026830 0.07360818
66 0.06699090 0.05117700 0.03916180 0.10449100 0.00694316 0.06862260 0.24079599 0.08188480 0.02724680 0.02057260 0.03275800 0.07493540 0.00917099 0.01391330 0.01114290 0.05932600 0.02745930 0.00554139 0.01503440 0.04283170
67 0.04691773 0.04761783 0.06691844 0.16825809 0.00870283 0.04328672 0.11537406 0.25430914 0.01596161 0.01983121 0.03337142 0.05522743 0.00699773 0.01292121 0.01236711 0.03897892 0.02468041 0.00228826 0.00971714 0.01627271
68 0.35495366 0.00717249 0.02069668 0.00913843 0.04734495 0.01742888 0.01088649 0.16543784 0.01639868 0.01396759 0.01129489 0.00609243 0.00808568 0.01491089 0.00923531 0.20315780 0.06206204 0.00252878 0.00287030 0.01633618
69 0.09926347 0.04715509 0.04046209 0.03177119 0.02287629 0.03147979 0.02942799 0.07164128 0.01948949 0.05178368 0.06268628 0.03355239 0.02509189 0.03323719 0.02109659 0.12621296 0.16239995 0.01280330 0.02096439 0.05660468
70 0.04536272 0.00351623 0.00878982 0.00376420 0.01121760 0.01474801 0.00226942 0.00775702 0.00397460 0.23975309 0.20908308 0.00837662 0.06690493 0.05612822 0.01588331 0.03001361 0.03572841 0.00210391 0.01929611 0.21532908
71 0.04242824 0.20028817 0.06101255 0.02634852 0.00590979 0.09016087 0.06203775 0.01782421 0.02288422 0.01707261 0.02695452 0.18423515 0.01165311 0.01542791 0.01067901 0.10384309 0.05291364 0.00233728 0.01051371 0.03547563
72 0.06390238 0.11210296 0.05088088 0.17031094 0.01270560 0.04774238 0.11200496 0.06806508 0.01823679 0.01984619 0.02718789 0.06643528 0.00791440 0.01964659 0.01322530 0.10579096 0.03711019 0.00720520 0.00936605 0.03031999
73 0.06602062 0.05061912 0.03915441 0.10386603 0.00703949 0.06886752 0.24027007 0.08180562 0.02732311 0.02087901 0.03315651 0.07509712 0.00932993 0.01393300 0.01168750 0.06068862 0.02724171 0.00539528 0.01443420 0.04319111
74 0.05235217 0.06106937 0.03193208 0.08275096 0.00555751 0.09675985 0.23506788 0.04977868 0.03317188 0.01950569 0.02086079 0.08446136 0.00687732 0.00825698 0.01591819 0.10829995 0.02524839 0.00415799 0.00989000 0.04808298
75 0.04356171 0.00781540 0.01404860 0.01200520 0.01169000 0.01807491 0.00734251 0.01117830 0.01054580 0.19719106 0.19026105 0.01413970 0.04481331 0.12801804 0.00756828 0.02882721 0.03129611 0.00319063 0.07236912 0.14606304
76 0.26332604 0.02629610 0.03079320 0.03879261 0.03131890 0.02891530 0.03946681 0.07008261 0.01740590 0.04747331 0.04684981 0.02927100 0.02012570 0.02521180 0.02728450 0.12684502 0.06078691 0.00619146 0.01296360 0.05059941
77 0.05729936 0.02182968 0.03584707 0.02484108 0.01048099 0.02116168 0.01514979 0.03613967 0.02199018 0.12760590 0.20167384 0.02396688 0.04419407 0.04420867 0.02198848 0.05374176 0.08516683 0.00975857 0.01978958 0.12316590
78 0.07567959 0.05048199 0.04851879 0.14839398 0.01029500 0.09869179 0.11355399 0.06312449 0.02344850 0.02775460 0.03422240 0.05464299 0.01155110 0.02130780 0.01212420 0.11693599 0.03697410 0.00431131 0.01091230 0.03707510
79 0.34942970 0.00769908 0.01903248 0.01090509 0.06229105 0.01363499 0.01080329 0.07182654 0.01181039 0.02102778 0.01387989 0.00945974 0.01562149 0.01170939 0.00735523 0.23146780 0.09805841 0.00369802 0.00601736 0.02427228
80 0.37940509 0.00309679 0.01399420 0.00453274 0.08066912 0.01108360 0.00408439 0.07525672 0.01222580 0.02050690 0.00851024 0.00497013 0.01217460 0.01028980 0.00456115 0.24727306 0.08176612 0.00168009 0.00417164 0.01974780
81 0.05097406 0.06826414 0.05635035 0.13864788 0.01021489 0.05193466 0.09966311 0.12656389 0.01822408 0.02689508 0.04564486 0.11198590 0.01152639 0.02705278 0.01180439 0.06012965 0.03017587 0.00618995 0.01771738 0.03004067
82 0.05470360 0.01493750 0.02209340 0.00932244 0.01218900 0.01972380 0.01014260 0.01474210 0.00907803 0.20493202 0.17308701 0.02135300 0.04862780 0.05035570 0.01827640 0.06637461 0.03843910 0.00308305 0.01933680 0.18920202
83 0.02432599 0.02800189 0.01751169 0.01456639 0.01072580 0.01472529 0.01527489 0.01280180 0.02322529 0.08200967 0.17526393 0.04019598 0.03384939 0.17415093 0.00383319 0.02455119 0.02227589 0.02580519 0.18594593 0.07095967
84 0.05453460 0.10614600 0.04144020 0.04076340 0.00730697 0.10993200 0.11441300 0.03937160 0.02361670 0.02888940 0.05034400 0.15938700 0.01719000 0.02587230 0.01107600 0.06270070 0.03508350 0.00636126 0.02303350 0.04253790
85 0.08542913 0.03790167 0.05560465 0.21766782 0.00789539 0.05513775 0.22510281 0.09380072 0.02257538 0.01677239 0.02253058 0.04076357 0.00423138 0.00584977 0.00315175 0.04873156 0.02935408 0.00181494 0.00577180 0.01991288
86 0.04367510 0.00899829 0.01278010 0.00872634 0.01133370 0.01755240 0.00635980 0.01058430 0.00952328 0.20250899 0.24360698 0.01412340 0.05149100 0.06036840 0.01023000 0.03094910 0.03442810 0.00438966 0.02232410 0.19604699
87 0.04427788 0.00720594 0.01269869 0.00540136 0.01173150 0.01649179 0.00495101 0.01053750 0.00674810 0.24162290 0.18993292 0.01244419 0.04976858 0.05231338 0.01196009 0.02999389 0.03511229 0.00237241 0.01946769 0.23496790
88 0.05163793 0.17553009 0.05452843 0.03421022 0.01186081 0.05285773 0.04939382 0.04893022 0.02143701 0.02070631 0.03238592 0.09154465 0.01264501 0.02176081 0.02135431 0.15243508 0.08065514 0.01104931 0.01147091 0.04360632
89 0.13327595 0.04719778 0.04078838 0.03156569 0.02485029 0.03608769 0.04149048 0.05899368 0.01993149 0.04240208 0.05212698 0.04075778 0.02158379 0.02639839 0.02334989 0.19771492 0.07480937 0.01061230 0.01667399 0.05938908
90 0.07644139 0.03509579 0.07487739 0.22803597 0.00975031 0.05529579 0.20265197 0.11141198 0.02143000 0.01921320 0.02642950 0.03838499 0.00359718 0.00587105 0.00282498 0.04017989 0.02620730 0.00131732 0.00524461 0.01573940
91 0.05742490 0.02532000 0.03003200 0.01652020 0.01351700 0.02629860 0.03139150 0.02195860 0.02255070 0.14005599 0.13662999 0.02922560 0.04388780 0.04586450 0.01988650 0.05591520 0.03981360 0.00884826 0.02576510 0.20909399
92 0.04137413 0.00814727 0.00921796 0.00926210 0.00978536 0.01637731 0.00748531 0.01354591 0.00527388 0.22781915 0.24924216 0.01366071 0.05447704 0.06524544 0.01087551 0.02999392 0.03171222 0.00175120 0.02156231 0.17319111
93 0.05749608 0.09948147 0.04515969 0.04060069 0.00880245 0.05614818 0.07855158 0.05941758 0.02296899 0.03685119 0.07143458 0.15713495 0.02331589 0.03219729 0.01977259 0.06464308 0.03758099 0.00972396 0.03099039 0.04772839
94 0.04083578 0.00231926 0.00529701 0.00312938 0.01116230 0.01442319 0.00132351 0.00637797 0.00290335 0.25998290 0.22984191 0.00766855 0.05303538 0.06124478 0.00707354 0.02447749 0.03305449 0.00093771 0.02042459 0.21448692
95 0.07580482 0.05899452 0.13940304 0.05494652 0.01344570 0.03563841 0.04381011 0.06406852 0.03282901 0.03942171 0.05709682 0.05355002 0.02329271 0.03549111 0.03693961 0.08392823 0.05382282 0.00783440 0.02978481 0.05989712
96 0.05850390 0.09987510 0.04425160 0.04102570 0.00899036 0.05601100 0.08071940 0.06077270 0.02216900 0.03591060 0.07084580 0.15826200 0.02274650 0.03136670 0.01932140 0.06362770 0.03737610 0.00986671 0.03027190 0.04808580
97 0.04106277 0.00247889 0.00551691 0.00344730 0.01127479 0.01446289 0.00144420 0.00636960 0.00293137 0.25929883 0.22982285 0.00757515 0.05295977 0.06120406 0.00685697 0.02461498 0.03300438 0.00099445 0.02031699 0.21436286
98 0.04700210 0.02542960 0.02361710 0.02113620 0.00973099 0.02246650 0.02013590 0.03260630 0.01557370 0.14058401 0.23963202 0.03434030 0.05066880 0.06107820 0.01610520 0.04050690 0.03541880 0.00990954 0.03110680 0.12295101
99 0.08247561 0.05769121 0.18170202 0.03037430 0.01638100 0.03128220 0.02264160 0.04041890 0.02659430 0.03416670 0.04183970 0.05314441 0.01917790 0.01994470 0.02916870 0.16282502 0.06645361 0.00798070 0.01309830 0.06263911
100 0.04458160 0.07572649 0.02020220 0.03911700 0.00640490 0.09364009 0.25847098 0.04853660 0.02619920 0.01408340 0.02407550 0.17491398 0.00938503 0.01197430 0.00846463 0.05145450 0.02070130 0.00670353 0.02333350 0.04203130
101 0.06632909 0.05144059 0.03871950 0.10342999 0.00695356 0.06856199 0.24006098 0.08091049 0.02811670 0.02061060 0.03367130 0.07508429 0.00926945 0.01356860 0.01144410 0.05988779 0.02743110 0.00550029 0.01532490 0.04368470
102 0.07203526 0.10568094 0.05061287 0.03088348 0.01047379 0.05130267 0.05093537 0.05946267 0.02207749 0.04096528 0.04710617 0.15634791 0.01707749 0.02283319 0.02196629 0.07559016 0.09193225 0.00839477 0.01516559 0.04915637
103 0.04752454 0.02539422 0.02362382 0.02187812 0.00979419 0.02242412 0.02078982 0.03328953 0.01554611 0.14033311 0.24113919 0.03337673 0.05015614 0.06223005 0.01534891 0.03982223 0.03448403 0.00991826 0.03100982 0.12191709
104 0.26016297 0.01798880 0.02088230 0.01248650 0.06615969 0.02126640 0.01201040 0.15645998 0.01261830 0.01624630 0.01425880 0.00970053 0.00990185 0.01698610 0.00688938 0.21114997 0.10822999 0.00329787 0.00496029 0.01834360
105 0.22043807 0.03057131 0.03589891 0.13660304 0.01084200 0.04283601 0.18575706 0.05209402 0.01610981 0.01848251 0.02113151 0.04812782 0.00929362 0.01328930 0.00709960 0.05482852 0.05561482 0.00875751 0.00823995 0.02398461
106 0.08483356 0.03797388 0.05515267 0.21750190 0.00795864 0.05442457 0.22710289 0.09191476 0.02257439 0.01677039 0.02284239 0.04040358 0.00395755 0.00618048 0.00324606 0.04984538 0.02946129 0.00177949 0.00629636 0.01977979
107 0.05648988 0.01473859 0.02011419 0.01803999 0.01191759 0.02228669 0.01560209 0.02374399 0.00940024 0.21212491 0.17951792 0.02127379 0.04557038 0.05981457 0.02083049 0.04014438 0.03727328 0.00329628 0.02691679 0.16090393
108 0.05731671 0.05711741 0.02992891 0.02323360 0.01580590 0.02074460 0.02734161 0.02051580 0.03298321 0.02381130 0.09054342 0.04046781 0.02946271 0.07147401 0.01265050 0.07927792 0.06154701 0.18523804 0.05950081 0.06103871
109 0.04137365 0.00258986 0.00569480 0.00317224 0.01143921 0.01441692 0.00143740 0.00629402 0.00338090 0.25557431 0.22693227 0.00781186 0.05311606 0.06013167 0.00740560 0.02481783 0.03361634 0.00120155 0.02000222 0.21959127
110 0.06505799 0.02711399 0.03041789 0.01795650 0.01291720 0.02448670 0.01775360 0.03374479 0.01735330 0.11221298 0.15522597 0.03447179 0.11057398 0.04993049 0.03094319 0.05812249 0.04559369 0.01051740 0.02644409 0.11916198
111 0.07141937 0.04368548 0.12244896 0.03487769 0.01121770 0.02887649 0.02502309 0.03581639 0.03964639 0.04309868 0.12999495 0.04538938 0.03231239 0.02676339 0.02621469 0.12556295 0.06597278 0.00946416 0.01627119 0.06594388
112 0.06433608 0.05037239 0.04857999 0.05633339 0.00836696 0.08651248 0.04991199 0.03345759 0.07519028 0.04647989 0.14659996 0.06597388 0.02690459 0.03140079 0.01587700 0.05483589 0.04094309 0.01080170 0.02725439 0.05986768
113 0.07782116 0.04608718 0.04317748 0.02380689 0.00919081 0.03105908 0.05229817 0.05671037 0.01557949 0.04619578 0.05160947 0.04289758 0.02936258 0.01442259 0.17033691 0.16990691 0.04590698 0.00756737 0.00934955 0.05671367
114 0.07503840 0.05948890 0.04000770 0.05665770 0.01189950 0.09881230 0.08954300 0.05622310 0.02456610 0.05589530 0.06889880 0.06911670 0.02219580 0.03510230 0.01810380 0.07677230 0.04458350 0.00674384 0.02502720 0.06532380
115 0.05695549 0.02401670 0.03024340 0.01683660 0.01385920 0.02623780 0.03041960 0.02083300 0.02239070 0.14112898 0.13754298 0.02782240 0.04424849 0.04597809 0.02006490 0.05602439 0.03987849 0.00854266 0.02565620 0.21131997
116 0.18519501 0.01353260 0.02365960 0.01188500 0.06318610 0.01921400 0.00992949 0.03870420 0.01150750 0.10994901 0.08109840 0.01556490 0.03001630 0.03513110 0.01116070 0.16271501 0.06928980 0.00470995 0.01647350 0.08707781
117 0.07549990 0.05887080 0.04004850 0.05692220 0.01213480 0.09879690 0.08769390 0.05526520 0.02368290 0.05693790 0.06909510 0.06863260 0.02234710 0.03475080 0.01790430 0.07855650 0.04623380 0.00685504 0.02380330 0.06596850
118 0.11635606 0.02479381 0.03019601 0.02361191 0.01729011 0.01933751 0.02837291 0.24611212 0.01509221 0.03337202 0.06581253 0.02962161 0.06896853 0.01830361 0.03517442 0.07438394 0.11044705 0.00468964 0.00682817 0.03123582
119 0.04700638 0.02532209 0.02324739 0.02144639 0.00939132 0.02254349 0.02106379 0.03240048 0.01516269 0.14063093 0.24181487 0.03395558 0.05074517 0.06179347 0.01573119 0.03982238 0.03516018 0.01004409 0.03137818 0.12133994
120 0.26433778 0.02562888 0.03197047 0.04060137 0.03170617 0.02834698 0.03962447 0.07114524 0.01722959 0.04521306 0.04653476 0.02881358 0.02001168 0.02504778 0.02765028 0.12642090 0.06096935 0.00669071 0.01308709 0.04896986
121 0.26536089 0.02538619 0.03065879 0.03833818 0.03157479 0.02815869 0.03821318 0.07198117 0.01713809 0.04788768 0.04794778 0.02804989 0.02001809 0.02524669 0.02828859 0.12649495 0.05983347 0.00608733 0.01225299 0.05108258
122 0.04580539 0.09436687 0.05433299 0.08692318 0.00923801 0.04086969 0.07864538 0.28485292 0.01308320 0.01770430 0.03604219 0.05742638 0.01059370 0.01235050 0.02427909 0.05645238 0.04561379 0.00330645 0.00905401 0.01905959
123 0.10507702 0.03875261 0.05175391 0.02970551 0.01913880 0.02931781 0.02011690 0.03638671 0.06079141 0.09091852 0.06255161 0.03751041 0.02618701 0.02973331 0.01817590 0.13350803 0.11483202 0.01005850 0.01657940 0.06890461
124 0.04390680 0.00307016 0.00818967 0.00365580 0.01103730 0.01483600 0.00202962 0.00724828 0.00372882 0.24419398 0.21625198 0.00804292 0.06422979 0.05830799 0.01357280 0.02861670 0.03468420 0.00177363 0.01991160 0.21271198
125 0.04370960 0.00793113 0.01511830 0.00758284 0.01245800 0.01711570 0.00621543 0.01060630 0.01170670 0.19903399 0.21730998 0.01264860 0.05179020 0.05346660 0.01155460 0.03228220 0.03636740 0.00545737 0.02145010 0.22619498
126 0.16665800 0.02765730 0.03176920 0.02290850 0.01964550 0.02583140 0.01945790 0.03876500 0.01503630 0.07975080 0.08754170 0.02643740 0.09570530 0.03264210 0.04448620 0.08785020 0.06322920 0.00756078 0.01358860 0.09347860
127 0.05857881 0.10409802 0.05576861 0.04061581 0.00923579 0.05647001 0.07091541 0.03639671 0.02455200 0.02979310 0.04090561 0.14094702 0.01574810 0.01956130 0.02200830 0.15244602 0.04520051 0.00723185 0.01509570 0.05443131
128 0.07467766 0.06022977 0.13970493 0.05448737 0.01322999 0.03527408 0.04318418 0.06314937 0.03246268 0.04149008 0.05650577 0.05456457 0.02318819 0.03520408 0.03668088 0.08392196 0.05346997 0.00755900 0.02877309 0.06224237
129 0.04142025 0.00743667 0.00955386 0.00937193 0.00986888 0.01643492 0.00790936 0.01457092 0.00510486 0.22616225 0.25051527 0.01361361 0.05386866 0.06567317 0.01116641 0.02975303 0.03135083 0.00183641 0.02213852 0.17225019
130 0.06709854 0.01794281 0.02948742 0.01432531 0.04942513 0.02398871 0.01321711 0.02050481 0.02000561 0.12067107 0.12277007 0.01895871 0.04648213 0.04672723 0.01573131 0.06506314 0.04298263 0.01771641 0.02911872 0.21778313
131 0.05960358 0.17702393 0.05329978 0.04754628 0.01064020 0.05221888 0.06367137 0.06184688 0.02292219 0.02483429 0.05105348 0.10478296 0.01733789 0.02781849 0.01918029 0.08047567 0.05180488 0.01302439 0.01947439 0.04144018
132 0.04346080 0.00888664 0.01293630 0.00863659 0.01126780 0.01768650 0.00655479 0.01054080 0.00954601 0.20213899 0.24258398 0.01411120 0.05164970 0.06029550 0.01047600 0.03178280 0.03474290 0.00437914 0.02257260 0.19575099
133 0.08317250 0.04260190 0.05644800 0.19968000 0.01017620 0.04779150 0.12775700 0.09175200 0.02170660 0.03026500 0.04525260 0.04365250 0.01186120 0.02503350 0.01577580 0.05404840 0.03826260 0.00614790 0.01834400 0.03027080
134 0.05442783 0.00621534 0.00998241 0.00620941 0.01132001 0.01629341 0.00447794 0.00687662 0.00794111 0.20940511 0.22386512 0.01270751 0.04993753 0.07180104 0.00668898 0.03220452 0.03344102 0.00491888 0.04339312 0.18789310
135 0.11028294 0.02463659 0.02860188 0.02411479 0.01142319 0.02680209 0.01982919 0.03073118 0.01732949 0.12736193 0.20160989 0.03082588 0.03992428 0.04895557 0.01635599 0.05442317 0.04327498 0.00636845 0.02058059 0.11656794
136 0.03289761 0.02327311 0.03075031 0.01931520 0.01376190 0.02085260 0.02163180 0.02233801 0.03400871 0.05790741 0.08334052 0.03523251 0.02124630 0.19058904 0.00676877 0.03419971 0.02955731 0.01762140 0.24549006 0.05921771
137 0.04625617 0.02528859 0.02338769 0.02258399 0.00974848 0.02297389 0.02129719 0.03283748 0.01554569 0.14060392 0.23913386 0.03474018 0.05053837 0.06076546 0.01627979 0.04122198 0.03520798 0.00960068 0.03043468 0.12155393
138 0.05039262 0.02477901 0.02920051 0.02153471 0.01487951 0.02302061 0.01560621 0.02546981 0.02402491 0.09503924 0.11706205 0.02857451 0.03048931 0.17457607 0.01014700 0.04142132 0.03615661 0.01355911 0.14244606 0.08162083
139 0.08051326 0.04136068 0.04758918 0.07281056 0.01328889 0.03259398 0.06958717 0.29306286 0.01512659 0.02676949 0.04789188 0.04771098 0.01427369 0.01730369 0.02626969 0.06565257 0.04984098 0.00319789 0.01183469 0.02332129
140 0.03937512 0.00503958 0.00654915 0.00686083 0.01014270 0.01432551 0.00585410 0.00689803 0.00371564 0.22770909 0.25629810 0.01094950 0.05372372 0.08805963 0.00554699 0.02648971 0.02829601 0.00153769 0.02933081 0.17329807
141 0.22693504 0.01912160 0.02968100 0.01567680 0.03716891 0.02017450 0.01310080 0.04165651 0.01429840 0.04561751 0.04965431 0.01871510 0.07458361 0.02135270 0.03083290 0.18140103 0.07720511 0.00667724 0.01041150 0.06573541
142 0.05810599 0.02487829 0.02963599 0.01657150 0.01379120 0.02556479 0.02962939 0.02068490 0.02241939 0.14027397 0.13896197 0.02866969 0.04370759 0.04556979 0.02032620 0.05596799 0.03953499 0.00858564 0.02500979 0.21211095
143 0.07856852 0.04097501 0.04658531 0.07183822 0.01361020 0.03212401 0.06948332 0.29159906 0.01514840 0.02769491 0.04923721 0.04754951 0.01542020 0.01757760 0.02685921 0.06545691 0.04931611 0.00334128 0.01225430 0.02536071
144 0.23227903 0.05406141 0.04537871 0.03135630 0.01976450 0.04140481 0.04024001 0.03687100 0.01780690 0.03366670 0.03259270 0.09673361 0.01533030 0.01756360 0.01877020 0.15522402 0.05156171 0.00713787 0.01008930 0.04216731
145 0.31882789 0.01103230 0.02376479 0.01418690 0.04253209 0.02173459 0.01676459 0.16350994 0.01644879 0.01510859 0.01378890 0.00896006 0.00841252 0.01539789 0.01148740 0.20921393 0.06150948 0.00310419 0.00384758 0.02036759
146 0.04091732 0.00282692 0.00520033 0.00354747 0.01094891 0.01434121 0.00206540 0.00649245 0.00311674 0.24952514 0.24152714 0.00797065 0.05417803 0.06440704 0.00720435 0.02558201 0.03209592 0.00098182 0.02103301 0.20603812
147 0.29269701 0.01581160 0.02652830 0.01671550 0.04582710 0.02312920 0.01661020 0.06590490 0.01542310 0.02451200 0.02251240 0.01628290 0.01516350 0.01555740 0.01122390 0.26078601 0.06647740 0.00508281 0.00743157 0.03632320
148 0.04862416 0.03434714 0.05214346 0.10756212 0.00752728 0.04795956 0.15551518 0.18847022 0.01781972 0.05735937 0.06457887 0.05047506 0.01289481 0.01390352 0.02324603 0.05385786 0.02625743 0.00287318 0.01226061 0.02232443
149 0.04067971 0.00426084 0.00653407 0.00561981 0.01046930 0.01492830 0.00424322 0.00990198 0.00337682 0.25100803 0.24053403 0.00945862 0.05350391 0.06372681 0.00877109 0.02735100 0.03168010 0.00115902 0.02078330 0.19201002
150 0.03914781 0.00533802 0.00723043 0.00507214 0.00956908 0.01410040 0.00553934 0.01189610 0.00352720 0.22748406 0.24872607 0.01044710 0.07568582 0.06241492 0.01395050 0.03024011 0.03197061 0.00140751 0.02090471 0.17534805
151 0.08193213 0.02236571 0.04554432 0.01534521 0.00584986 0.02122111 0.01348560 0.05126722 0.00821288 0.11545904 0.07886493 0.02403401 0.04147731 0.01866451 0.27102410 0.05323992 0.04167552 0.00283418 0.00762352 0.07987893
152 0.05894431 0.17615804 0.05439251 0.04794781 0.01100260 0.05295881 0.06346721 0.06137431 0.02261490 0.02445470 0.05116661 0.10637402 0.01835290 0.02836641 0.01950650 0.07890982 0.05050571 0.01297160 0.01872530 0.04180591
153 0.09271278 0.03183239 0.05389449 0.02315020 0.00661506 0.02447980 0.01830660 0.06501179 0.01274110 0.06261159 0.05272189 0.02891100 0.03246719 0.01596460 0.29475495 0.06544589 0.04765559 0.00444485 0.00906156 0.05721669
154 0.04429279 0.00839834 0.01399370 0.01213460 0.01161410 0.01793729 0.00778460 0.01106030 0.01012390 0.19749794 0.19141294 0.01474640 0.04539679 0.12709796 0.00718080 0.02958679 0.03090779 0.00328365 0.07001638 0.14553296
155 0.27455306 0.01248630 0.02584411 0.01858200 0.04178071 0.02062400 0.01909430 0.12029803 0.01554720 0.05320251 0.03027121 0.01530870 0.01531150 0.01638650 0.02814801 0.18948404 0.05998861 0.00353205 0.00626832 0.03328881
156 0.07446077 0.05895187 0.14094094 0.05627098 0.01359509 0.03547268 0.04345148 0.06411447 0.03292049 0.04099238 0.05602178 0.05424008 0.02239169 0.03473559 0.03679078 0.08305906 0.05398608 0.00838053 0.02878249 0.06044077
157 0.04031442 0.00572359 0.00920554 0.00528706 0.01093821 0.01456431 0.00405639 0.00925313 0.00582047 0.20892812 0.24940914 0.01134291 0.07095614 0.06098163 0.01263701 0.03007182 0.03280612 0.00352737 0.02202151 0.19215511
158 0.03258780 0.02056270 0.02974650 0.04955460 0.01197300 0.02553700 0.01942080 0.02490810 0.02734230 0.04459750 0.06308640 0.03362860 0.01324090 0.23183300 0.00496190 0.03075800 0.02558300 0.02182570 0.25379300 0.03505920
159 0.04175308 0.00423311 0.00935041 0.00356337 0.01142649 0.01525689 0.00195660 0.00821725 0.00437345 0.26215587 0.20217390 0.00967405 0.04974478 0.05371977 0.00947994 0.02543779 0.03436938 0.00170251 0.01855749 0.23285389
160 0.05225828 0.14736494 0.09364476 0.04224848 0.00671528 0.09041916 0.05487188 0.03993928 0.01959299 0.02379569 0.04043108 0.17783293 0.01578119 0.01889779 0.01009670 0.07535237 0.04553778 0.00291034 0.01082450 0.03148459
161 0.03216090 0.02382590 0.03033960 0.01836920 0.01371880 0.02077720 0.02167240 0.02117640 0.03480280 0.05698070 0.08187680 0.03515480 0.02083910 0.19246400 0.00696708 0.03359350 0.02976380 0.01657580 0.25015401 0.05878720
162 0.03311000 0.02337470 0.03045110 0.01905490 0.01414810 0.01999010 0.02029030 0.02231800 0.03408260 0.05727170 0.08374421 0.03497540 0.02140790 0.19142101 0.00724224 0.03452220 0.02944690 0.01706720 0.24731001 0.05877140
163 0.14823289 0.03496117 0.05074046 0.12729690 0.00987086 0.04868376 0.18069286 0.16124688 0.01697739 0.01551219 0.02344118 0.03816287 0.00685711 0.00934282 0.00783786 0.05388536 0.03992167 0.00352818 0.00615668 0.01665089
164 0.04236231 0.00426844 0.00917275 0.00394388 0.01144060 0.01542910 0.00192993 0.00831063 0.00417876 0.26180406 0.20599105 0.00960965 0.05024271 0.05577121 0.00942832 0.02552301 0.03431291 0.00143621 0.01936140 0.22548305
165 0.06292273 0.02993391 0.04915212 0.15909107 0.00893451 0.05190362 0.07503753 0.05834713 0.02496511 0.10314105 0.09227914 0.03826072 0.02018071 0.04402612 0.01890111 0.04554482 0.03764082 0.00415633 0.02383671 0.05174472
166 0.03940181 0.00529303 0.00679619 0.00518289 0.00959323 0.01409051 0.00533485 0.01153300 0.00322013 0.23015309 0.25176810 0.01038220 0.07234363 0.06373582 0.01300420 0.02940401 0.03135671 0.00136980 0.02105271 0.17498407
167 0.14887003 0.03432451 0.02830491 0.02828841 0.02438951 0.03386251 0.03283271 0.21057005 0.01339450 0.01827070 0.02249140 0.02194570 0.00877682 0.01414860 0.02055090 0.21341505 0.09175202 0.00422520 0.00492556 0.02466091
168 0.05035389 0.07979159 0.04093250 0.02777510 0.00924387 0.04771609 0.07700469 0.03154480 0.02939500 0.06100559 0.06597019 0.11964299 0.02074620 0.02774230 0.01625830 0.07602059 0.03730950 0.00908465 0.01863920 0.15382298
169 0.07667490 0.05892210 0.03972110 0.05670130 0.01202080 0.09872370 0.08797630 0.05732390 0.02396030 0.05509560 0.06828670 0.07028960 0.02178000 0.03529190 0.01729170 0.07768490 0.04514160 0.00696572 0.02487240 0.06527550
170 0.03082371 0.03852831 0.01651701 0.01559340 0.00863582 0.01883581 0.01953261 0.01523610 0.02108311 0.09787763 0.22815607 0.05462922 0.04657401 0.10151903 0.00621347 0.03046471 0.02242891 0.02901181 0.11253103 0.08580823
171 0.05855308 0.17985293 0.05343818 0.04716808 0.01059560 0.05266768 0.06248968 0.06220588 0.02257399 0.02466589 0.04976308 0.10606896 0.01725379 0.02804399 0.01979009 0.08048397 0.05089608 0.01241360 0.01866329 0.04241218
172 0.04336959 0.00573859 0.00963532 0.00848937 0.01023860 0.01571050 0.00461458 0.01256860 0.00633122 0.23392694 0.23549594 0.01123270 0.05441449 0.05810998 0.01108560 0.02989669 0.04333139 0.00174049 0.01943449 0.18463495
173 0.08333976 0.04281743 0.05596074 0.20250315 0.01018421 0.04819654 0.12841210 0.08913877 0.02210952 0.03010542 0.04677514 0.04397783 0.01221901 0.02314772 0.01552581 0.05427174 0.03807173 0.00568694 0.01674291 0.03081352
174 0.06620803 0.05093883 0.03955292 0.10527005 0.00701335 0.06800483 0.23864212 0.08147104 0.02707271 0.02170841 0.03326842 0.07400154 0.00968394 0.01409851 0.01115451 0.06036263 0.02787211 0.00547050 0.01516121 0.04304432
175 0.09513650 0.03596150 0.05450740 0.24331001 0.00860488 0.04956020 0.21122901 0.08371050 0.02080630 0.01665190 0.02403670 0.03643920 0.00446054 0.00651446 0.00338324 0.04778960 0.03348900 0.00159142 0.00598351 0.01683410
176 0.11212800 0.03468600 0.05251940 0.10395000 0.00815069 0.02787850 0.03123180 0.06650220 0.02064390 0.03800340 0.04908190 0.02844270 0.02396330 0.01727990 0.18609800 0.06691800 0.05674860 0.00488151 0.00958612 0.06130610
177 0.06570821 0.02662480 0.03774290 0.01837210 0.01534580 0.02324230 0.01614360 0.02144610 0.02325100 0.12332101 0.12312201 0.02741840 0.04271960 0.03780490 0.02385250 0.06563281 0.07911491 0.01149060 0.02043140 0.19721502
178 0.21824191 0.01099850 0.02077649 0.01370479 0.07905137 0.02233209 0.01152220 0.03539779 0.01456809 0.07388537 0.06514447 0.01687919 0.03111199 0.02657089 0.01950219 0.12906995 0.06155808 0.00900199 0.01397369 0.12670895
179 0.04923669 0.04561929 0.03169190 0.08101499 0.00469585 0.11042398 0.30876895 0.05648439 0.03550229 0.01515460 0.01791300 0.09012659 0.00493948 0.00704650 0.00534861 0.05011999 0.01616790 0.00401481 0.01136550 0.05436469
