1 0.24155971 0.01955018 0.01953938 0.02415427 0.04051975 0.01750598 0.02785717 0.11141387 0.01256759 0.02813257 0.03951985 0.02011218 0.01930728 0.02397737 0.03385566 0.16557680 0.08964309 0.00377711 0.00969116 0.05173904
2 0.12382195 0.04615188 0.08109517 0.04854928 0.04651728 0.04274898 0.05079928 0.06849877 0.03460949 0.02894449 0.04972308 0.05420988 0.02078409 0.02181079 0.03282359 0.11685195 0.06180697 0.00652882 0.01936329 0.04436098
3 0.19935705 0.02609551 0.02643911 0.03216141 0.02404451 0.02344901 0.03901481 0.11280903 0.01503100 0.02970571 0.04177591 0.02790411 0.02106321 0.02525621 0.04041971 0.16788204 0.08815642 0.00444594 0.01191640 0.04307291
4 0.06862851 0.03244861 0.01959640 0.01431250 0.01418440 0.01895880 0.02235860 0.02903841 0.01402330 0.16361903 0.18715604 0.03141871 0.04728451 0.03879671 0.01225280 0.03904681 0.04260811 0.00566410 0.02624961 0.17235403
5 0.06090181 0.01533510 0.01003660 0.00254720 0.01055540 0.00774648 0.00843343 0.01445470 0.00709271 0.21808103 0.24717504 0.01076440 0.05871671 0.03692161 0.00762182 0.02339180 0.04107971 0.00319171 0.01666070 0.19929203
6 0.08497232 0.05656561 0.03356491 0.03003571 0.01995140 0.07819041 0.05992001 0.02774421 0.02348580 0.06059971 0.07718571 0.07529311 0.02919341 0.01875240 0.03018411 0.07554561 0.09943582 0.00486151 0.01999910 0.09451912
7 0.11820302 0.03882341 0.04442061 0.04560901 0.02312410 0.03586421 0.05177551 0.08679462 0.02405730 0.03399741 0.05397551 0.04473721 0.02592751 0.03097491 0.03959011 0.15508203 0.07377741 0.00725790 0.02255930 0.04344891
8 0.06533169 0.13151699 0.04744469 0.03520070 0.01654880 0.06194899 0.05922249 0.04051340 0.03021330 0.03856100 0.05156919 0.16538298 0.02391680 0.01772100 0.03102910 0.06512379 0.04790349 0.00479231 0.01595610 0.05010319
9 0.07900526 0.05002627 0.03981748 0.07062826 0.01395799 0.05025287 0.11452194 0.03664218 0.01757209 0.08343816 0.08508955 0.05766087 0.02635309 0.01901509 0.03627818 0.06534887 0.06028997 0.00434853 0.01621759 0.07353576
10 0.13994101 0.02595890 0.03315430 0.03093490 0.02328650 0.03133750 0.04059340 0.05028390 0.01898060 0.03612940 0.05436150 0.03268450 0.03021270 0.02708120 0.04028540 0.18326201 0.14571801 0.00498945 0.01041800 0.04038680
11 0.08305754 0.11672892 0.04922616 0.04203787 0.01944069 0.05117156 0.05875456 0.06663005 0.03002118 0.03071068 0.03820337 0.09143663 0.02237608 0.01603179 0.04356657 0.12906891 0.05330956 0.00590252 0.01565729 0.03666807
12 0.05125400 0.01458530 0.00960316 0.00157718 0.00977012 0.00664222 0.00668600 0.01229100 0.00693876 0.22589899 0.25842899 0.00997308 0.06174850 0.03866310 0.00481753 0.01760750 0.03690370 0.00336480 0.01785710 0.20538899
13 0.08338461 0.04129570 0.08266011 0.08100421 0.01993840 0.03888120 0.07487741 0.12662201 0.02218580 0.02451000 0.04278710 0.05164390 0.01724800 0.01848860 0.04107440 0.10724501 0.07458831 0.00504053 0.01235080 0.03417390
14 0.05122838 0.01421910 0.00951789 0.00174322 0.00971032 0.00663075 0.00701940 0.01231780 0.00679926 0.22319593 0.26272891 0.00961709 0.06216168 0.03981919 0.00483325 0.01796429 0.03767269 0.00326965 0.01718629 0.20236493
15 0.05139127 0.02607278 0.02214599 0.01306099 0.01957319 0.02066659 0.01614199 0.02375569 0.02732698 0.10693394 0.15023991 0.02558298 0.05964936 0.10650894 0.01048709 0.05006137 0.03744748 0.02110959 0.10783994 0.10400394
16 0.04670280 0.01246330 0.01191380 0.00888381 0.01764270 0.01087750 0.00939831 0.01566610 0.02327880 0.11862201 0.19232301 0.01248730 0.04161970 0.13916301 0.00567671 0.02883810 0.03016100 0.02787800 0.13067801 0.11572601
17 0.08394680 0.07568340 0.03772590 0.04085920 0.01405270 0.05782750 0.07749840 0.05571570 0.02267670 0.02871830 0.04171570 0.10479300 0.01578720 0.01277340 0.13970001 0.08798100 0.05475530 0.00738556 0.01090030 0.02950390
18 0.07026869 0.03645460 0.02379620 0.01560240 0.01623750 0.02457690 0.02565400 0.03103840 0.01616190 0.13104199 0.16876199 0.03802140 0.06741269 0.04171500 0.01944680 0.06492219 0.05583840 0.00588438 0.02331860 0.12384599
19 0.17382113 0.02398422 0.03526273 0.08275256 0.02287772 0.02585522 0.06331585 0.08229566 0.01651901 0.02164482 0.04660894 0.02775562 0.02001762 0.06238535 0.02982942 0.11643509 0.06800475 0.00735455 0.03108462 0.04219513
20 0.08187565 0.05179797 0.05725867 0.13081193 0.01233419 0.05298837 0.16131691 0.05348047 0.02076329 0.02612979 0.04017308 0.06085857 0.01488589 0.01442749 0.03844278 0.07867666 0.05116527 0.00330136 0.01308039 0.03623128
21 0.08620043 0.03464227 0.06755664 0.16317786 0.01530169 0.04471216 0.13579788 0.05815045 0.01939498 0.01961178 0.03710787 0.04083406 0.01535299 0.01579209 0.02578888 0.09373492 0.07779133 0.00323117 0.01365009 0.03217047
22 0.07676554 0.04170902 0.07136403 0.18267509 0.01210661 0.04777092 0.15872708 0.06797483 0.02113491 0.01676841 0.03074802 0.04548512 0.01075201 0.01647251 0.02514751 0.08170604 0.04294822 0.00345501 0.01794021 0.02834891
23 0.05138218 0.22767890 0.04936628 0.02268879 0.01414699 0.06436767 0.04484508 0.02977239 0.03683668 0.03214329 0.03354919 0.20647191 0.02219689 0.00909761 0.01803839 0.04595448 0.03162749 0.00203311 0.01220389 0.04559878
24 0.09304984 0.02641691 0.03353321 0.03996992 0.02002061 0.02330081 0.02986281 0.16941307 0.02506531 0.03148561 0.06059232 0.02596181 0.01660821 0.08624713 0.01980921 0.09722614 0.02558261 0.02242201 0.10761904 0.04581342
25 0.13056695 0.03035669 0.02030829 0.01897369 0.01899759 0.02308889 0.03023539 0.04562478 0.01371599 0.09811606 0.12948095 0.03270919 0.05654148 0.03841649 0.03067809 0.08918017 0.07149227 0.00536188 0.01749119 0.09866396
26 0.06292383 0.14676807 0.04792912 0.02511421 0.01722771 0.05946283 0.04923073 0.03431622 0.02854491 0.03698172 0.04950723 0.16092008 0.02441441 0.03460262 0.02741521 0.06281863 0.06492353 0.00437809 0.01462471 0.04789612
27 0.06649383 0.08787544 0.06106563 0.11969105 0.01426691 0.05759682 0.12027605 0.05288102 0.02684241 0.02056351 0.03231391 0.11358005 0.01320121 0.01360051 0.03515021 0.07562953 0.03967662 0.00440128 0.01411321 0.03078081
28 0.17159191 0.03798428 0.02675629 0.03611218 0.01986999 0.02701709 0.04645767 0.10088695 0.01534799 0.05359967 0.07093196 0.03873428 0.02326469 0.03000088 0.03895268 0.10519094 0.06716626 0.00543024 0.01939149 0.06531256
29 0.06093345 0.02135282 0.01709361 0.01189851 0.01342051 0.01528881 0.01898372 0.02294522 0.01218091 0.16547514 0.22634220 0.02172092 0.05388155 0.05346665 0.01189591 0.03697703 0.04533734 0.00674584 0.02923373 0.15482613
30 0.04569410 0.00997896 0.01337260 0.01108080 0.02129590 0.01226230 0.00789153 0.01376800 0.03983880 0.05531980 0.13581399 0.01359040 0.02547740 0.21277598 0.00571720 0.03586630 0.02697730 0.04550380 0.20237398 0.06540089
31 0.08831635 0.05117113 0.04732313 0.10285306 0.01310501 0.04768253 0.10929706 0.06685724 0.02164531 0.01892401 0.03485472 0.05931373 0.01283381 0.01455941 0.12501307 0.09397155 0.04835013 0.00572574 0.01157551 0.02662751
32 0.14955594 0.02665519 0.03998918 0.03900968 0.02119819 0.02069479 0.03160679 0.24434890 0.01244320 0.01641049 0.02975349 0.02651049 0.01620449 0.02243629 0.03211029 0.17170893 0.04487598 0.00517529 0.01684859 0.03246379
33 0.10006997 0.10123597 0.03589809 0.02686869 0.01698640 0.04940159 0.05316099 0.03947519 0.02346439 0.05219859 0.06743038 0.13193497 0.02649609 0.01857260 0.02723229 0.06425928 0.05662439 0.00460335 0.01453760 0.08954918
34 0.06081926 0.01813919 0.01126909 0.00357195 0.01084769 0.00818779 0.00915975 0.02452878 0.00737409 0.21871486 0.23397185 0.01286329 0.05654776 0.03245018 0.00710250 0.02408928 0.03796998 0.00306085 0.01551599 0.20381587
35 0.11744012 0.03848134 0.04514285 0.04537425 0.02266642 0.03599054 0.05130595 0.08723149 0.02400022 0.03480654 0.05558886 0.04430565 0.02608473 0.03067973 0.03889944 0.15417616 0.07429318 0.00743147 0.02242452 0.04367655
36 0.05888633 0.12944206 0.08357034 0.05733293 0.02003611 0.05525422 0.06506083 0.05175312 0.03966092 0.02463561 0.03233851 0.10681305 0.01903201 0.01474101 0.03448462 0.10743705 0.04252032 0.00552455 0.01801851 0.03345792
37 0.19943190 0.02393149 0.02638209 0.03003018 0.02435669 0.02241259 0.03514598 0.10791194 0.01519259 0.02893219 0.04107838 0.02627129 0.02185309 0.02644659 0.03840358 0.18210891 0.09307445 0.00431501 0.01159859 0.04112248
38 0.07592678 0.04122949 0.07158568 0.18141794 0.01245850 0.04773489 0.15727695 0.06814678 0.02162529 0.01664099 0.03109739 0.04551059 0.01077860 0.01752339 0.02531799 0.08177027 0.04256029 0.00383091 0.01910979 0.02845749
39 0.11446999 0.02368740 0.01809790 0.01650530 0.01721130 0.01845860 0.02556830 0.04189759 0.01276110 0.12301699 0.17351298 0.02628040 0.04251549 0.04607949 0.02269570 0.06468169 0.06090779 0.00599682 0.02384720 0.12180799
40 0.11808203 0.03871221 0.04474531 0.04578441 0.02294781 0.03636281 0.05159171 0.08734252 0.02426791 0.03461301 0.05435992 0.04463401 0.02582081 0.02981591 0.03927081 0.15489104 0.07357772 0.00722302 0.02226781 0.04368921
41 0.23593205 0.02411141 0.02071050 0.02782621 0.02435851 0.01948730 0.03388631 0.12747003 0.01163710 0.02879851 0.03769021 0.02321441 0.01751210 0.02332621 0.04059181 0.15865903 0.08556572 0.00375979 0.00990119 0.04556161
42 0.21800417 0.02655882 0.02356982 0.03028982 0.02371462 0.02165862 0.03680033 0.12182910 0.01315921 0.03001872 0.03985043 0.02717672 0.01899642 0.02429672 0.04103043 0.15710212 0.08571407 0.00412081 0.01121221 0.04489684
43 0.14239996 0.02786509 0.02411089 0.02281469 0.04148479 0.02508159 0.03174939 0.04936299 0.01702350 0.06897608 0.10389397 0.03283419 0.05492289 0.04302679 0.02693809 0.10814997 0.07430428 0.00628945 0.02129429 0.07747708
44 0.09677350 0.02409870 0.01907780 0.01564090 0.01702060 0.02119880 0.02950470 0.02662070 0.01253400 0.13174300 0.15788600 0.02866920 0.04331450 0.03087430 0.02147970 0.06619900 0.08939170 0.00489778 0.01788210 0.14519300
45 0.05328683 0.01627131 0.01021291 0.00206122 0.01012330 0.00732637 0.00787683 0.01286821 0.00704833 0.22794311 0.24710012 0.01151811 0.05852123 0.03441522 0.00457317 0.01763081 0.03653552 0.00293039 0.01662191 0.21513511
46 0.07614325 0.04108392 0.07236204 0.18316211 0.01231981 0.04775133 0.15979610 0.06783734 0.02140731 0.01636181 0.03053062 0.04527543 0.01056601 0.01656431 0.02474561 0.08128615 0.04282713 0.00344310 0.01838141 0.02815522
47 0.05428394 0.20385514 0.04921853 0.02454232 0.01535471 0.06447765 0.04889373 0.03021212 0.03513542 0.03017602 0.03320842 0.20096114 0.02164112 0.00991595 0.02456892 0.06233564 0.03453982 0.00300256 0.01167781 0.04199903
48 0.09806986 0.03129699 0.03544199 0.02780189 0.02449539 0.03440039 0.03803708 0.05164618 0.02083329 0.04997028 0.08314897 0.03966498 0.06788607 0.03687138 0.03034859 0.16612693 0.08763446 0.00654702 0.01801829 0.05175998
49 0.06710476 0.06337595 0.03836713 0.02179482 0.04222514 0.04349404 0.03424383 0.03261553 0.02101352 0.06452465 0.14451512 0.10410309 0.03614483 0.04157843 0.02156752 0.06809716 0.05501615 0.00716078 0.02248582 0.07057176
50 0.08234862 0.06706652 0.02968291 0.01800671 0.01597190 0.05880942 0.05082341 0.02605771 0.01999791 0.08202532 0.08262832 0.11411103 0.03086791 0.01673150 0.03844171 0.07351732 0.11234803 0.00523271 0.01258080 0.06275022
51 0.11723100 0.03922680 0.04421530 0.04479500 0.02291120 0.03663460 0.05155930 0.08801000 0.02394850 0.03494030 0.05520500 0.04514620 0.02621110 0.03040380 0.03802440 0.15434700 0.07344550 0.00723359 0.02243330 0.04407810
52 0.04786869 0.24416297 0.05001209 0.01682110 0.01406300 0.06518619 0.03767290 0.02528100 0.03823900 0.03158240 0.03179970 0.22248598 0.02280910 0.00821690 0.01341980 0.04109370 0.02900900 0.00155351 0.01191470 0.04680829
53 0.06129563 0.02748731 0.01514761 0.00774646 0.01197411 0.01560971 0.01571841 0.02001841 0.01114481 0.19495610 0.21270311 0.02366141 0.05360493 0.03732502 0.01311831 0.03276032 0.04464082 0.00475653 0.02185591 0.17447509
54 0.07850880 0.02208510 0.02487180 0.01886640 0.01837940 0.02379510 0.02668500 0.03378720 0.01648540 0.10656701 0.19448001 0.02703870 0.05016290 0.05349960 0.01937920 0.08824900 0.06598480 0.00708325 0.02397430 0.10011701
55 0.06049544 0.17374812 0.04416693 0.04772363 0.01134511 0.06714685 0.08919036 0.03482672 0.03205652 0.02936932 0.03348432 0.17525512 0.01736371 0.00930415 0.03148952 0.05516794 0.03660793 0.00230955 0.01027321 0.03867553
56 0.07012666 0.04232218 0.08640395 0.15510592 0.01402339 0.04997867 0.16329291 0.05630937 0.02197019 0.01632339 0.02963078 0.05132997 0.01260599 0.01269479 0.02923958 0.09984735 0.04594088 0.00336253 0.01316839 0.02632309
57 0.06127565 0.01858312 0.01199091 0.00475155 0.01113831 0.01535711 0.01334611 0.01516781 0.00923586 0.19442516 0.22068419 0.01667621 0.06755826 0.03394533 0.01335401 0.04167504 0.06380345 0.00373376 0.01636401 0.16693414
58 0.11228807 0.04912783 0.06101544 0.13395608 0.01584591 0.04687443 0.12450008 0.06037514 0.04272013 0.01764231 0.03421942 0.05088923 0.01260561 0.01866651 0.03040272 0.08670645 0.04825373 0.00405517 0.01902571 0.03083002
59 0.04662253 0.01431641 0.01396311 0.01034431 0.01873121 0.01673321 0.01547971 0.01462191 0.02996422 0.11443707 0.13907408 0.01534041 0.03503552 0.13278508 0.00850252 0.03571202 0.04643243 0.03146512 0.15640409 0.10403506
60 0.06633231 0.01631470 0.01028530 0.00311491 0.01136100 0.00795472 0.00931998 0.01709710 0.00705823 0.21796902 0.23424503 0.01134070 0.05563671 0.03314470 0.00727310 0.02515000 0.04084940 0.00299555 0.01578950 0.20676802
61 0.06079531 0.02151700 0.01711250 0.01159400 0.01356580 0.01569120 0.01869360 0.02258940 0.01225760 0.16444802 0.22694103 0.02221680 0.05375981 0.05413731 0.01207140 0.03712800 0.04547711 0.00677378 0.02936930 0.15386102
62 0.05371448 0.08268297 0.02697209 0.01000830 0.01340499 0.04323058 0.02794089 0.02171319 0.01905819 0.12937795 0.14109794 0.10675896 0.05911948 0.02456639 0.01675319 0.04235988 0.04846158 0.00365961 0.01512539 0.11399395
63 0.05292982 0.01597381 0.00995508 0.00180056 0.00993902 0.00708897 0.00749891 0.01269201 0.00710794 0.22946911 0.24898412 0.01073181 0.05922453 0.03432952 0.00451629 0.01734361 0.03676742 0.00290156 0.01659081 0.21415510
64 0.07436183 0.03969912 0.07610904 0.21113210 0.00741072 0.05032222 0.20636510 0.05744063 0.01953541 0.01308331 0.02318461 0.04279252 0.00651196 0.00954742 0.02191231 0.06821193 0.03604092 0.00131083 0.01138071 0.02364731
65 0.10167797 0.02960719 0.06039838 0.02811809 0.05267008 0.04309359 0.03175819 0.03623549 0.06838958 0.02930919 0.04993209 0.03789879 0.02699439 0.02390279 0.03000899 0.16459895 0.11645497 0.00682129 0.02324379 0.03888619
66 0.13035303 0.02766401 0.03363601 0.03501061 0.02290090 0.02837281 0.03439271 0.10302602 0.03119561 0.03180611 0.05674861 0.02942931 0.02017690 0.07267191 0.02396380 0.12145902 0.04435501 0.01732530 0.08900002 0.04651231
67 0.17587003 0.02776170 0.01910370 0.01928390 0.02192440 0.02362040 0.03016001 0.05972951 0.01313800 0.08145261 0.07860541 0.02619370 0.02909011 0.02690550 0.04130901 0.14145403 0.09719272 0.00507172 0.01229550 0.06983801
68 0.06523515 0.04582246 0.07424544 0.21209583 0.00673511 0.05264246 0.20357284 0.05854285 0.02086908 0.01287889 0.02196208 0.05271476 0.00600999 0.00897615 0.02285198 0.06819545 0.03295817 0.00131161 0.01132519 0.02105448
69 0.09795706 0.03773628 0.02366569 0.01714769 0.01805499 0.02777279 0.02851999 0.03905448 0.01678699 0.12848994 0.12829194 0.03472158 0.04105838 0.03015629 0.03203039 0.09648786 0.07329577 0.00631115 0.01993579 0.10252495
70 0.07803244 0.03335542 0.06510613 0.15760008 0.01308811 0.05199403 0.16172809 0.04700742 0.01826751 0.01971311 0.05364263 0.04370922 0.01832751 0.01203271 0.02433681 0.08173354 0.07451374 0.00236997 0.01142271 0.03201882
71 0.05365082 0.01932721 0.01130350 0.00326472 0.01038270 0.01051890 0.00976701 0.01430491 0.00843349 0.21125708 0.24073309 0.01518281 0.06835073 0.03682251 0.00781405 0.02698381 0.04342802 0.00356084 0.01773571 0.18717807
72 0.05152331 0.01331210 0.00908833 0.00078859 0.00956217 0.00528560 0.00574305 0.01137600 0.00610134 0.23752006 0.25559106 0.00781996 0.05982491 0.03352271 0.00332535 0.01463540 0.03505761 0.00240877 0.01489660 0.22261705
73 0.13974497 0.04555119 0.04413749 0.09408138 0.01583780 0.04454139 0.13105497 0.06122999 0.01792740 0.02577619 0.03830879 0.05383689 0.01536460 0.01408970 0.04829009 0.09041128 0.06524549 0.00381561 0.01004160 0.04071319
74 0.11481804 0.03457611 0.02922391 0.03192481 0.01894891 0.03478711 0.04807112 0.04070361 0.01796491 0.06863602 0.09342513 0.04236361 0.03287311 0.03010151 0.03969831 0.10755804 0.12132404 0.00564917 0.01675551 0.07059702
75 0.09864798 0.04027029 0.04690489 0.09353918 0.01557410 0.05187519 0.14045297 0.04245949 0.01802770 0.03015429 0.04795009 0.05669939 0.01936310 0.01469960 0.04298949 0.09003788 0.09428888 0.00404393 0.01140380 0.04061779
76 0.09675434 0.07501433 0.04355542 0.08395003 0.01194320 0.05893412 0.13739305 0.04428312 0.02226011 0.02511231 0.03696341 0.10723704 0.01448051 0.01180050 0.04860222 0.07700413 0.05634852 0.00373004 0.00955766 0.03507591
77 0.17386204 0.03676151 0.02653111 0.03563211 0.02007890 0.02641311 0.04590121 0.10256002 0.01517970 0.05320901 0.07024601 0.03719101 0.02318100 0.03000051 0.03921601 0.10536302 0.06801401 0.00553129 0.01924290 0.06588551
78 0.05127621 0.01451550 0.00966346 0.00157058 0.00971092 0.00675465 0.00694813 0.01242100 0.00684649 0.22617504 0.25839305 0.00968373 0.06169741 0.03794861 0.00513581 0.01789980 0.03738541 0.00321165 0.01736350 0.20539904
79 0.06021237 0.02204959 0.01728129 0.01246239 0.01349109 0.01590109 0.01921109 0.02281609 0.01247249 0.16498392 0.22560489 0.02286149 0.05348137 0.05334857 0.01177889 0.03649948 0.04525528 0.00670298 0.02954869 0.15403693
80 0.15178595 0.02721189 0.03947359 0.03958769 0.02097399 0.02082969 0.03256529 0.25127392 0.01212150 0.01658760 0.03004489 0.02722579 0.01528170 0.02175289 0.03284899 0.16234495 0.04379889 0.00510430 0.01641330 0.03277319
81 0.06530911 0.15792601 0.05286530 0.02782000 0.04042960 0.05406160 0.04111920 0.04772140 0.03409390 0.03891780 0.04884690 0.13066801 0.02338800 0.01868600 0.02842520 0.07370381 0.04318160 0.00548011 0.01965520 0.04770120
82 0.05551326 0.01531109 0.01064019 0.00277497 0.01011729 0.00963456 0.00976059 0.01309469 0.00769486 0.21314484 0.24932881 0.01233119 0.06170755 0.03692787 0.00791597 0.02545358 0.04822166 0.00336186 0.01659829 0.19046686
83 0.14603699 0.02338990 0.02739570 0.02694050 0.02153330 0.02974750 0.03810270 0.04225770 0.01725910 0.03738030 0.05575590 0.02962610 0.02920870 0.02654450 0.04257120 0.17708099 0.17604699 0.00455789 0.00831296 0.04025110
84 0.17314489 0.03742198 0.02697128 0.03567648 0.02002129 0.02668848 0.04536607 0.10308794 0.01548919 0.05358897 0.07028266 0.03771008 0.02294089 0.02928698 0.03910798 0.10546394 0.06751026 0.00556751 0.01891289 0.06576026
85 0.05014122 0.01222741 0.00866357 0.00060310 0.00913598 0.00446062 0.00516100 0.01105841 0.00581559 0.23486512 0.26515713 0.00670846 0.06225543 0.03614612 0.00319598 0.01433341 0.03542052 0.00258551 0.01524631 0.21681911
86 0.16118796 0.04190689 0.02040440 0.01720320 0.01655400 0.03114189 0.04320689 0.05546319 0.01134500 0.07406138 0.06108419 0.03634019 0.02370999 0.01524640 0.12384797 0.10538398 0.09605158 0.00642668 0.00844264 0.05099159
87 0.15040906 0.03838192 0.03518861 0.03278681 0.01807911 0.02529421 0.03800952 0.20179808 0.01268441 0.02104851 0.03069011 0.03455691 0.01323901 0.01571431 0.09618894 0.13748405 0.05254672 0.00603010 0.01089680 0.02897281
88 0.19179612 0.03770982 0.02360981 0.02809942 0.01733531 0.03019122 0.05384503 0.08762295 0.01226611 0.03236162 0.03780462 0.03792342 0.01749291 0.01476621 0.12644108 0.11355707 0.08486435 0.00578838 0.00735811 0.03916642
89 0.14607908 0.02503211 0.02956692 0.02932692 0.02200691 0.03111472 0.04055082 0.04580233 0.01760861 0.03727252 0.05578283 0.03246862 0.02884032 0.02637402 0.04288632 0.17368910 0.16034509 0.00451462 0.00928062 0.04145752
90 0.06027822 0.02231501 0.01712691 0.01165300 0.01330040 0.01552981 0.01823021 0.02289271 0.01249310 0.16527606 0.22729008 0.02219221 0.05402012 0.05333112 0.01226930 0.03684401 0.04512842 0.00671844 0.02868581 0.15442506
91 0.09616950 0.04145010 0.05023500 0.09336560 0.01848820 0.04825750 0.12948700 0.05608490 0.01981160 0.02155870 0.03756630 0.05285890 0.02159930 0.01579600 0.04344990 0.13846500 0.06638110 0.00454342 0.01245230 0.03197970
92 0.23888213 0.02875482 0.01979281 0.02819321 0.01965591 0.01327251 0.02529321 0.27610915 0.00734898 0.01892491 0.02664331 0.01879791 0.01014131 0.01582431 0.03308432 0.12653807 0.03958282 0.00290919 0.01058491 0.03966622
93 0.06909862 0.03270641 0.01959940 0.01451750 0.01395810 0.01925550 0.02290191 0.02921691 0.01368430 0.16367504 0.18662504 0.03185351 0.04721681 0.03801441 0.01232010 0.03859031 0.04324511 0.00542097 0.02569901 0.17240104
94 0.06903025 0.11291392 0.04413147 0.06055696 0.01252849 0.06472015 0.11003192 0.03866607 0.02664868 0.02857738 0.03846617 0.15694488 0.01831249 0.01232819 0.03691807 0.06685705 0.04943146 0.00332344 0.01050749 0.03910547
95 0.05006951 0.00881497 0.00962489 0.00800337 0.02129100 0.00886606 0.00772845 0.01483820 0.02408310 0.07331791 0.18917003 0.01169550 0.03979511 0.20186303 0.00488460 0.03547841 0.03073210 0.03365981 0.15050002 0.07558391
96 0.14530897 0.03335179 0.03197479 0.04248859 0.02147220 0.02828789 0.04692249 0.12949497 0.01483990 0.03571129 0.05193609 0.03651779 0.02168910 0.02236000 0.04664429 0.12401697 0.10634098 0.00487161 0.01078150 0.04498879
97 0.19894805 0.02611411 0.02626251 0.03119631 0.02392511 0.02350831 0.03790991 0.10997703 0.01503070 0.02979711 0.04236601 0.02760301 0.02078831 0.02583241 0.04004661 0.17053005 0.09018812 0.00451073 0.01215390 0.04331171
98 0.06560592 0.03665301 0.09493323 0.21015906 0.01085100 0.04758091 0.17638705 0.06115952 0.02150311 0.01467790 0.02596001 0.04178831 0.00767850 0.01143150 0.01756880 0.07521112 0.03865441 0.00239483 0.01444940 0.02535241
99 0.06534231 0.04271271 0.07366801 0.20876103 0.00716832 0.06028831 0.20350702 0.05772351 0.02006710 0.01392200 0.02367990 0.04651711 0.00703615 0.00894458 0.02133470 0.06931961 0.03525620 0.00122123 0.01193750 0.02159270
100 0.06091726 0.02126179 0.01694909 0.01161129 0.01340999 0.01537209 0.01839759 0.02263229 0.01209759 0.16576590 0.22669986 0.02180759 0.05396837 0.05351277 0.01242509 0.03706338 0.04566147 0.00682330 0.02944138 0.15418191
101 0.11792500 0.03900730 0.04545240 0.04517640 0.02323190 0.03657640 0.05122190 0.08844600 0.02465970 0.03441230 0.05472610 0.04477900 0.02610630 0.02943410 0.03968890 0.15380200 0.07310130 0.00712172 0.02165380 0.04347750
102 0.10298903 0.02042361 0.01747941 0.01545270 0.02018811 0.01780721 0.02793661 0.03697301 0.02127261 0.07830392 0.11195203 0.02629281 0.02913631 0.09693743 0.02925021 0.06107632 0.05155002 0.03635631 0.09492333 0.10369903
103 0.22316413 0.02763692 0.02180021 0.02667862 0.01828451 0.01211141 0.02230811 0.31846518 0.00655483 0.01675521 0.02622011 0.01711951 0.00944355 0.01510401 0.03169272 0.12275007 0.03284902 0.00267496 0.01109851 0.03728842
104 0.06623208 0.01799169 0.01929669 0.01935009 0.02137749 0.01668049 0.01928239 0.03366729 0.02690789 0.06013178 0.12725396 0.02263889 0.03097279 0.16940795 0.01314170 0.05762168 0.03840099 0.03134729 0.13977296 0.06852388
105 0.15888610 0.02165201 0.01731781 0.01862801 0.02235321 0.01982441 0.03424092 0.04295063 0.01142881 0.09006375 0.10955107 0.02714152 0.03204462 0.02527512 0.03062342 0.09792846 0.10440606 0.00432260 0.01228441 0.11907707
106 0.04823430 0.01932960 0.01368790 0.00751815 0.01548770 0.01387560 0.01176140 0.01544340 0.02184850 0.15801100 0.18325900 0.01670810 0.04603730 0.09620450 0.00744976 0.02880380 0.03541800 0.02035500 0.10016400 0.14040300
107 0.09902115 0.06765186 0.03789368 0.03385318 0.01987869 0.05346117 0.05926757 0.03494248 0.02656339 0.04054448 0.05693947 0.11209794 0.02249549 0.03051608 0.03149198 0.07844306 0.08721405 0.00798892 0.04501388 0.05472147
108 0.04963237 0.01279989 0.00878119 0.00095115 0.00940297 0.00501456 0.00568221 0.01126289 0.00648761 0.22476084 0.26535081 0.00758654 0.06472535 0.04359317 0.00338785 0.01623199 0.03609967 0.00357939 0.01909269 0.20557686
109 0.06814920 0.06010270 0.07737680 0.08667051 0.01905190 0.04971140 0.11622901 0.04602310 0.02350270 0.02763850 0.04948410 0.07493830 0.04555700 0.01894620 0.02840770 0.09365921 0.05598630 0.00438124 0.01362790 0.04055620
110 0.04755368 0.24327289 0.05002998 0.01675479 0.01427649 0.06533097 0.03742518 0.02503119 0.03789588 0.03166219 0.03215889 0.22265990 0.02309269 0.00831236 0.01337259 0.04130838 0.02932539 0.00154410 0.01188499 0.04710748
111 0.08191211 0.05125630 0.05769731 0.12929201 0.01196570 0.05337170 0.16100601 0.05362220 0.02064920 0.02639610 0.04116540 0.06033531 0.01527640 0.01443840 0.03842360 0.07908191 0.05136600 0.00335831 0.01327360 0.03611240
112 0.09831621 0.02683040 0.06892781 0.04615400 0.01867410 0.02287180 0.03479500 0.31894803 0.01282780 0.01022400 0.02843710 0.03271400 0.01210760 0.02018640 0.03138290 0.14264801 0.02774650 0.00463192 0.01568910 0.02588730
113 0.03710699 0.00515438 0.01142100 0.01026390 0.02256499 0.01032670 0.00281072 0.01094330 0.04596059 0.03286489 0.09892557 0.00882088 0.01468620 0.25543692 0.00366684 0.02998709 0.01642539 0.06027758 0.27328891 0.04906718
114 0.22511714 0.02792462 0.02112961 0.02578352 0.01821851 0.01231601 0.02146051 0.32082920 0.00633600 0.01663741 0.02583532 0.01716651 0.00927889 0.01485681 0.03163982 0.12237807 0.03194032 0.00263211 0.01109241 0.03742722
115 0.11879000 0.03888800 0.04389620 0.04525740 0.02287600 0.03628600 0.05186040 0.08690630 0.02360870 0.03524820 0.05517710 0.04494130 0.02558170 0.03005080 0.03950360 0.15344201 0.07376910 0.00727066 0.02271160 0.04393490
116 0.04816388 0.01684109 0.02017299 0.02056509 0.02135379 0.01866569 0.01713749 0.02815209 0.03750368 0.05514267 0.10605295 0.01970169 0.02208599 0.17998692 0.00936857 0.04419728 0.02543939 0.04272708 0.19969591 0.06704577
117 0.06710797 0.17148092 0.04537838 0.03459808 0.01498859 0.05488817 0.05424478 0.04806348 0.03199809 0.04600978 0.05202118 0.13958594 0.02337829 0.01436439 0.03041309 0.05997907 0.03932738 0.00339286 0.01477879 0.05400078
118 0.03892812 0.00454096 0.00624917 0.00864565 0.02231721 0.00766312 0.00291203 0.01092921 0.03654042 0.04416342 0.12275207 0.00774869 0.02023611 0.25215213 0.00288125 0.02619071 0.01789511 0.05660333 0.25362213 0.05702913
119 0.07254923 0.02006111 0.01826401 0.01261170 0.01383671 0.02003781 0.02327521 0.02154191 0.01190970 0.14529906 0.21294108 0.02523221 0.05367062 0.04253312 0.01547781 0.05571022 0.07707613 0.00464012 0.01771921 0.13561305
120 0.09705904 0.02058489 0.01294079 0.00885940 0.01390719 0.01181849 0.01468509 0.05319827 0.00820972 0.17289389 0.19768288 0.01611529 0.04838247 0.03243258 0.01878839 0.04880007 0.04775987 0.00381338 0.01526939 0.15679890
121 0.05100332 0.01248510 0.00917445 0.00108583 0.00940849 0.00490716 0.00574271 0.01140740 0.00614018 0.23085609 0.26337210 0.00759234 0.06145902 0.03667031 0.00342950 0.01515871 0.03575471 0.00277676 0.01573271 0.21584308
122 0.05173720 0.22461002 0.05266700 0.02591750 0.01478580 0.06436681 0.04269210 0.02938220 0.05495190 0.03295260 0.03176180 0.17738801 0.02024780 0.00997664 0.01974690 0.05125930 0.03098640 0.00259868 0.01774960 0.04422170
123 0.06283174 0.01711661 0.01407991 0.00844270 0.01267251 0.01738931 0.01721031 0.01729931 0.01052701 0.16257010 0.22729914 0.01860561 0.07162724 0.04251493 0.01148621 0.05158583 0.06988204 0.00416241 0.01632701 0.14637009
124 0.10095697 0.03461929 0.04672349 0.09475817 0.01676760 0.05009819 0.14279596 0.04180359 0.01715330 0.02429549 0.04101859 0.05094059 0.02003539 0.01359710 0.04175779 0.11517397 0.09799187 0.00417279 0.01031610 0.03502379
125 0.09624251 0.03226520 0.07077841 0.05244661 0.01644970 0.02534890 0.04394351 0.32011505 0.01416390 0.01222820 0.03180210 0.03777641 0.01171450 0.01809570 0.03156620 0.11331302 0.02647750 0.00399885 0.01364390 0.02762980
126 0.14753206 0.03930162 0.02990491 0.02857241 0.01847731 0.02850471 0.04416972 0.11505905 0.01268431 0.03281941 0.03966112 0.03777952 0.01734401 0.01494851 0.12695106 0.11532805 0.10382005 0.00661101 0.00719955 0.03333161
127 0.05137391 0.01469560 0.00972062 0.00164137 0.00971327 0.00667777 0.00686718 0.01229310 0.00690307 0.22580703 0.25860903 0.00987315 0.06173771 0.03837940 0.00494099 0.01761420 0.03728440 0.00333365 0.01784750 0.20468703
128 0.06867221 0.03220740 0.01973510 0.01442940 0.01382330 0.01894740 0.02276750 0.02909700 0.01377780 0.16417602 0.18766302 0.03158610 0.04776860 0.03824590 0.01226400 0.03851150 0.04301170 0.00560800 0.02582600 0.17188202
129 0.07252670 0.07820430 0.05056700 0.05939720 0.01770340 0.09010760 0.08028010 0.04509200 0.03285840 0.03817750 0.05322210 0.09069610 0.02230680 0.01957420 0.03831050 0.08046040 0.05682390 0.00531336 0.02228560 0.04609280
130 0.07636419 0.04682139 0.04724309 0.04108319 0.02066710 0.08321799 0.06016349 0.04060999 0.02996930 0.03920379 0.09338449 0.06444319 0.03350409 0.02323380 0.03838189 0.12096298 0.07602499 0.00644816 0.01791550 0.04035739
131 0.07600156 0.04106788 0.07144216 0.18222290 0.01256029 0.04779327 0.15837291 0.06809676 0.02152039 0.01672499 0.03089708 0.04554637 0.01070749 0.01737859 0.02448739 0.08108925 0.04269698 0.00381126 0.01924009 0.02834238
132 0.06462494 0.06162394 0.06515764 0.04700863 0.01730711 0.03785952 0.05134183 0.04290793 0.02807742 0.08777215 0.10639106 0.06442424 0.03166712 0.02460582 0.01840381 0.06177614 0.04506483 0.00490039 0.02123741 0.11784807
133 0.05547678 0.16751592 0.03995828 0.01670759 0.01502689 0.04870378 0.03484108 0.02999509 0.02853539 0.06870397 0.08171226 0.13910894 0.04690558 0.01890319 0.01972239 0.05296408 0.04038058 0.00325315 0.01498199 0.07660307
134 0.05998723 0.02163661 0.01720141 0.01157811 0.01364061 0.01560461 0.01862871 0.02317611 0.01207301 0.16508908 0.22743510 0.02212821 0.05407612 0.05360522 0.01212181 0.03695832 0.04543282 0.00665534 0.02912651 0.15384507
135 0.08842336 0.05739648 0.05291938 0.05873998 0.01967799 0.04152178 0.06178238 0.16128194 0.04833568 0.02534509 0.04271638 0.05776708 0.01741439 0.02557049 0.03675879 0.09465186 0.03948598 0.00714690 0.02553359 0.03753048
136 0.08422422 0.04605501 0.07908612 0.06635812 0.02032071 0.04512501 0.06999492 0.04431761 0.02728091 0.03912681 0.06062032 0.05624242 0.02356881 0.01987261 0.03888911 0.10728603 0.10637503 0.00532923 0.01422240 0.04570461
137 0.06636239 0.03899039 0.07989838 0.22229295 0.00735969 0.05039299 0.20478896 0.05883749 0.01931200 0.01322490 0.02275020 0.04173709 0.00647828 0.00934869 0.01864590 0.06816689 0.03519949 0.00122575 0.01224940 0.02273820
138 0.04587035 0.01492542 0.01206581 0.00898243 0.01725842 0.01314452 0.01086131 0.01506082 0.02581713 0.12792415 0.16316019 0.01390292 0.03847285 0.13223916 0.00658440 0.02940153 0.03157564 0.02994164 0.14250017 0.12031114
139 0.14055600 0.02640580 0.03264480 0.03126620 0.02283700 0.03171210 0.04100950 0.04985400 0.01908820 0.03600140 0.05444010 0.03369180 0.02962210 0.02752230 0.04118340 0.18165000 0.14490700 0.00485729 0.01051510 0.04023590
140 0.05107942 0.20319608 0.04458672 0.01666841 0.01513621 0.06765413 0.04178172 0.02674251 0.03221041 0.03855512 0.05330052 0.20968208 0.02476201 0.01077600 0.01980021 0.04348932 0.03692661 0.00214441 0.01156810 0.04994002
141 0.06326663 0.04086412 0.04176022 0.07624344 0.01632311 0.05218992 0.12733406 0.03302542 0.02060151 0.08250444 0.07366763 0.04593692 0.02370861 0.02853761 0.02570541 0.06014553 0.05317882 0.00715513 0.04995842 0.07789304
142 0.05599011 0.04076701 0.01733760 0.00784901 0.01386330 0.04145941 0.02492401 0.01560330 0.01418980 0.17578904 0.17918304 0.04370391 0.04817941 0.02775111 0.01019920 0.02885211 0.04388451 0.00346408 0.02203400 0.18497604
143 0.06926145 0.06122005 0.06404965 0.14350911 0.01340101 0.04964174 0.13520311 0.09831238 0.02358972 0.01562401 0.02841862 0.08033006 0.01058041 0.01305991 0.03456553 0.08278856 0.03482563 0.00417842 0.01274811 0.02469252
144 0.11815406 0.03876822 0.04461892 0.04499002 0.02317141 0.03643392 0.05154003 0.08734064 0.02360541 0.03503562 0.05421813 0.04490132 0.02613081 0.03113932 0.03886802 0.15343308 0.07366144 0.00726379 0.02275191 0.04397392
145 0.06746319 0.04152850 0.07568729 0.21424998 0.00752538 0.05028010 0.20112498 0.07152339 0.02027690 0.01237730 0.02193960 0.04293710 0.00616200 0.00910461 0.02000050 0.07096269 0.03315430 0.00130199 0.01154270 0.02085750
146 0.11217097 0.06414628 0.04212669 0.05347159 0.01815260 0.08496618 0.07957238 0.05030529 0.02650839 0.03632479 0.04946539 0.07721678 0.02035299 0.01763610 0.04606639 0.08898028 0.06670588 0.00473915 0.01676640 0.04432549
147 0.06053723 0.13322606 0.04530432 0.03630972 0.01510711 0.09513114 0.06554013 0.03260671 0.03181241 0.03618522 0.04437902 0.16868707 0.02080971 0.01174071 0.03261161 0.06077863 0.04977652 0.00344007 0.01373861 0.04227802
148 0.12846509 0.03388102 0.02882882 0.02030461 0.01659021 0.03549383 0.04422333 0.04039483 0.01433951 0.04522493 0.05054944 0.03692273 0.04180153 0.01525981 0.16488612 0.11225908 0.12129209 0.00738907 0.00704254 0.03485142
149 0.07078029 0.07791899 0.05022659 0.05840449 0.01789940 0.08959889 0.07980259 0.04518360 0.03292900 0.03912250 0.05434189 0.09081369 0.02260300 0.01996030 0.03885640 0.08068749 0.05639039 0.00540800 0.02220800 0.04686450
150 0.06725358 0.01772679 0.01917759 0.01838829 0.02135269 0.01688379 0.01904539 0.03420439 0.02658149 0.06149788 0.12689896 0.02265679 0.03109399 0.16817795 0.01347210 0.05888238 0.03908739 0.03094849 0.13746996 0.06920008
151 0.17271821 0.03731725 0.02667883 0.03536664 0.02015202 0.02606553 0.04573786 0.10119212 0.01528192 0.05378207 0.07076329 0.03830645 0.02309903 0.03004374 0.03937185 0.10580713 0.06723798 0.00560080 0.01948262 0.06599468
152 0.04005833 0.00666583 0.00848893 0.00989449 0.02130331 0.00957403 0.00491025 0.01267491 0.03613012 0.05542693 0.12504108 0.00924953 0.02189931 0.22764914 0.00401625 0.02802892 0.01979781 0.05296533 0.23936815 0.06685734
153 0.06929557 0.03976538 0.07377687 0.20137791 0.00924345 0.05115258 0.19342491 0.05936227 0.01942609 0.01336669 0.02488829 0.04451248 0.00904016 0.01000270 0.02405939 0.08185956 0.03854748 0.00172495 0.01219389 0.02297939
154 0.11165196 0.03718839 0.06322538 0.16298995 0.01411270 0.04224059 0.14279295 0.07973087 0.01863589 0.01673749 0.03061459 0.03977039 0.01121200 0.01629539 0.02737649 0.08905537 0.04800288 0.00290673 0.01403400 0.03142599
155 0.14909191 0.03481738 0.03644138 0.03999158 0.01704469 0.02132619 0.03688598 0.28691882 0.01138669 0.02468788 0.04003108 0.03112958 0.01417649 0.01930729 0.03427668 0.11060893 0.03309918 0.00399902 0.01491759 0.03986168
156 0.03721728 0.00340749 0.00573864 0.00916958 0.02240459 0.00783113 0.00210451 0.01042790 0.03989478 0.03260149 0.10279896 0.00729080 0.01485319 0.26767689 0.00261856 0.02570929 0.01557279 0.06302387 0.28036289 0.04929538
157 0.15742602 0.10429402 0.03143260 0.03446351 0.01729550 0.04038051 0.05328591 0.10431702 0.02078620 0.03589491 0.04091621 0.08050911 0.01697860 0.01435920 0.04586221 0.08996581 0.05193871 0.00367365 0.01080360 0.04541671
158 0.06045257 0.02153489 0.01671939 0.01140819 0.01347989 0.01560729 0.01849999 0.02254409 0.01213529 0.16530991 0.22764787 0.02222629 0.05396517 0.05394987 0.01167719 0.03691958 0.04527577 0.00674407 0.02949778 0.15440491
159 0.05187861 0.01142420 0.01030410 0.00508267 0.01669810 0.00808553 0.00848104 0.01403490 0.01443940 0.13156404 0.24671107 0.01177710 0.05423892 0.12940004 0.00499058 0.03056361 0.03662681 0.01691790 0.07451132 0.12227003
160 0.05296565 0.01408081 0.01026231 0.00256744 0.01016711 0.00670245 0.00777545 0.01292581 0.00707424 0.21879621 0.25706424 0.01017771 0.06022206 0.04029674 0.00473904 0.01882502 0.03785004 0.00357287 0.01870062 0.20523419
161 0.08222079 0.14361098 0.04722979 0.04087340 0.01771760 0.05261599 0.05821389 0.06248469 0.03071390 0.03309170 0.03853280 0.10941399 0.02121560 0.01414500 0.04043210 0.09987599 0.04842789 0.00485572 0.01450710 0.03982110
162 0.05070190 0.01256530 0.00887047 0.00072016 0.00923002 0.00472166 0.00534298 0.01128530 0.00592470 0.23540300 0.26206500 0.00713918 0.06165520 0.03535880 0.00335595 0.01460850 0.03538540 0.00255450 0.01530100 0.21781100
163 0.05079568 0.01408199 0.00954029 0.00175545 0.00962112 0.00647771 0.00705797 0.01209549 0.00683574 0.22324589 0.26280287 0.00951731 0.06231167 0.04035838 0.00473459 0.01753889 0.03745088 0.00331520 0.01760099 0.20286190
164 0.04860513 0.01221061 0.00854816 0.00152723 0.01026821 0.00569497 0.00589012 0.01110881 0.00893112 0.21813213 0.25004015 0.00733012 0.06045154 0.05173343 0.00337711 0.01625021 0.03569182 0.00710858 0.03679042 0.20031012
165 0.05293658 0.01495770 0.01063160 0.00271724 0.01022990 0.00704370 0.00788777 0.01332780 0.00742463 0.22176694 0.25068693 0.01097140 0.05884248 0.03778819 0.00478560 0.01797069 0.03642109 0.00348595 0.01854489 0.21157894
166 0.03669912 0.00317220 0.00510653 0.00899276 0.02209651 0.00706960 0.00173424 0.00995176 0.04016012 0.03278952 0.10224305 0.00672152 0.01410421 0.26810312 0.00240763 0.02495441 0.01540281 0.06487393 0.28389613 0.04952082
167 0.06089639 0.01525530 0.01013540 0.00252608 0.01073880 0.00781313 0.00862177 0.01460480 0.00713181 0.21753795 0.24733694 0.01097770 0.05876079 0.03720859 0.00738107 0.02361979 0.04082909 0.00324727 0.01659140 0.19878595
168 0.05806180 0.18476999 0.04793460 0.03488000 0.01432240 0.08151289 0.05909780 0.03339170 0.03729630 0.03504520 0.03614290 0.16303199 0.01991430 0.00973231 0.02898570 0.05666750 0.04102970 0.00260186 0.01339960 0.04218150
169 0.03922232 0.00465851 0.00635078 0.00869398 0.02262021 0.00782077 0.00296948 0.01101681 0.03609752 0.04276002 0.12357006 0.00798174 0.02058851 0.25401312 0.00291146 0.02648731 0.01774581 0.05621573 0.25239512 0.05588073
170 0.13621896 0.03930749 0.02997049 0.02585239 0.01698549 0.03703519 0.05378748 0.05039228 0.01405820 0.04000129 0.04272659 0.04286729 0.02094549 0.01427370 0.15542795 0.11205197 0.11968396 0.00717561 0.00728599 0.03395219
171 0.06696331 0.01754380 0.01951760 0.01999900 0.02150860 0.01677490 0.02006800 0.03413240 0.02659550 0.05986611 0.12677401 0.02274100 0.03056100 0.16863602 0.01342550 0.05828461 0.03909400 0.03117240 0.13792901 0.06841321
172 0.05143830 0.22720898 0.04964650 0.02248290 0.01428750 0.06449869 0.04438920 0.02967180 0.03725680 0.03215700 0.03336360 0.20599898 0.02210250 0.00907069 0.01874400 0.04601190 0.03175720 0.00200549 0.01215920 0.04574880
173 0.11945507 0.04026662 0.03882652 0.02961152 0.01824301 0.03947832 0.05189883 0.06554744 0.01891151 0.02912112 0.03386112 0.04372963 0.01924231 0.01542071 0.16347210 0.15109609 0.07849185 0.00810883 0.00945768 0.02575972
174 0.06638062 0.01310790 0.01265970 0.00781871 0.01578180 0.01165610 0.01309210 0.01718770 0.01428100 0.12404303 0.22369406 0.01524650 0.05423751 0.10601103 0.00845223 0.04950451 0.06362762 0.01241190 0.05406191 0.11674403
175 0.05144754 0.01315451 0.00914016 0.00080365 0.00956741 0.00526255 0.00579195 0.01143071 0.00605190 0.23739721 0.25575122 0.00774882 0.05987935 0.03345613 0.00347249 0.01473401 0.03514223 0.00241855 0.01494641 0.22240319
176 0.07225889 0.06124419 0.05145399 0.11280798 0.01139140 0.08781249 0.15510098 0.04407439 0.02220400 0.02757240 0.03820049 0.07505729 0.01438760 0.01119340 0.03771749 0.07514029 0.05266119 0.00288246 0.01326090 0.03357819
177 0.11633310 0.05211624 0.03569813 0.03674973 0.01636881 0.04294974 0.06291565 0.07384556 0.01888322 0.03405783 0.04493204 0.05561535 0.01882652 0.01559291 0.15048412 0.10254508 0.06977956 0.00715589 0.01122441 0.03392613
178 0.05338859 0.06278039 0.02081670 0.00660201 0.01174790 0.03006359 0.02078560 0.01721840 0.01507520 0.17068496 0.17910596 0.07442988 0.04918259 0.02697959 0.01036080 0.02753269 0.04081989 0.00312142 0.01594290 0.16336096
179 0.05630692 0.01387701 0.00945102 0.00144695 0.01021960 0.00599185 0.00682670 0.01277041 0.00634671 0.23274310 0.24942810 0.00851846 0.05847272 0.03317281 0.00463054 0.01786171 0.03680672 0.00252985 0.01480171 0.21779709
