1 0.05311650 0.01157510 0.01688060 0.00410599 0.01090960 0.01506380 0.01047000 0.01746430 0.00891788 0.12611201 0.32366003 0.00815694 0.02975390 0.03587560 0.01656870 0.04258310 0.02097410 0.01086660 0.01063720 0.22630802
2 0.06419018 0.04623099 0.02943539 0.03832759 0.01396970 0.02148979 0.03228999 0.02908579 0.01749019 0.04019299 0.07817178 0.03993599 0.02416969 0.02147409 0.28592091 0.06952588 0.04982219 0.01005020 0.02017829 0.06804838
3 0.02218270 0.04441419 0.10477498 0.15346597 0.01005770 0.02913590 0.12482898 0.22879896 0.01073320 0.01677590 0.04332829 0.08659909 0.00604192 0.01175530 0.01094090 0.05045909 0.02103430 0.00212907 0.00591478 0.01662880
4 0.06824154 0.02477568 0.02923748 0.01223139 0.01632309 0.02478488 0.02729548 0.02575098 0.01678729 0.10371891 0.14595988 0.01985698 0.03948267 0.02474968 0.02631078 0.05494095 0.03104937 0.00906563 0.01644859 0.28298876
5 0.06553247 0.08648546 0.04774158 0.05303148 0.01166709 0.05382097 0.07118287 0.06150847 0.01987919 0.02661589 0.05934037 0.23873489 0.02628089 0.01825089 0.02545619 0.04916058 0.03579448 0.00649957 0.01156879 0.03144789
6 0.07586811 0.02708440 0.04595810 0.03575100 0.01229290 0.01851830 0.04605720 0.02273320 0.10064701 0.16503401 0.07106201 0.03236590 0.01572530 0.03467010 0.03520580 0.13340901 0.05553080 0.00994041 0.01165850 0.05048790
7 0.11650602 0.02945340 0.04647711 0.03919701 0.01682350 0.03116860 0.04290611 0.05247221 0.01634130 0.03067220 0.07730411 0.02790230 0.01805540 0.02024640 0.02473880 0.25912004 0.06728701 0.00900864 0.01514800 0.05917181
8 0.05540113 0.01777291 0.01923441 0.01160991 0.01721421 0.01851701 0.01854541 0.04071512 0.01308801 0.27700614 0.14058307 0.01622651 0.03884752 0.05638963 0.01636571 0.03522452 0.03491582 0.00534359 0.03476932 0.13223007
9 0.06543330 0.08844290 0.04613940 0.05130630 0.01217540 0.05397120 0.06812910 0.06067630 0.01945570 0.02630390 0.05920770 0.24092300 0.02594450 0.01887360 0.02692920 0.04844870 0.03524450 0.00599449 0.01218210 0.03421870
10 0.03630533 0.02381852 0.01624211 0.00470978 0.00894479 0.01148861 0.02020201 0.01727681 0.02340132 0.06107645 0.06696915 0.01511611 0.02225922 0.23383417 0.01394971 0.03013102 0.03149872 0.01562991 0.31019023 0.03695603
11 0.04253258 0.02456409 0.02117059 0.00946581 0.00654569 0.01266639 0.01339899 0.03962508 0.02373509 0.02909019 0.07101827 0.07683007 0.01354289 0.23087091 0.01529879 0.02591399 0.02869439 0.02970059 0.25806390 0.02727169
12 0.04407780 0.02116320 0.02019970 0.00774257 0.00903892 0.01493670 0.02181200 0.02681350 0.01875230 0.07292729 0.07024029 0.01647870 0.02672660 0.31128097 0.01190430 0.03193050 0.03175240 0.01160400 0.19206198 0.03855630
13 0.05714449 0.02333150 0.09294989 0.27053198 0.01060930 0.02394940 0.20043198 0.05558899 0.02504220 0.01332060 0.04318160 0.06305879 0.00297556 0.00169454 0.01299770 0.06725159 0.02188180 0.00135885 0.00152474 0.01117450
14 0.08106617 0.01601611 0.05447755 0.29411927 0.00859243 0.02149232 0.24701123 0.02807913 0.02782933 0.01078511 0.03878574 0.04199244 0.00376731 0.00233866 0.01151161 0.07033386 0.02181222 0.00174336 0.00185723 0.01638892
15 0.06570039 0.25800097 0.04765400 0.02611790 0.01179240 0.05048679 0.06002189 0.04690410 0.02506040 0.03078540 0.05518569 0.08664489 0.02113710 0.02416170 0.02925160 0.05023479 0.03583950 0.00893770 0.02034510 0.04573770
16 0.06539448 0.03323709 0.02829109 0.02331609 0.01038420 0.01651640 0.03693949 0.48109988 0.00879915 0.04350339 0.04414049 0.03569569 0.01117870 0.01728470 0.01187500 0.05541709 0.03469669 0.00346819 0.01034860 0.02841359
17 0.05469500 0.01215030 0.01994450 0.00410396 0.01332480 0.01443700 0.01220030 0.01962960 0.01012700 0.11666500 0.28238399 0.00783777 0.03539780 0.03069450 0.01815150 0.03993220 0.02024890 0.01189510 0.01210380 0.26407699
18 0.05114571 0.27744708 0.06204582 0.02014821 0.00691962 0.14607704 0.07054362 0.02363711 0.04695531 0.01588000 0.03806861 0.08977343 0.01215240 0.01008460 0.01373000 0.02698311 0.02653291 0.00781369 0.02872241 0.02533931
19 0.04897109 0.05234539 0.06051299 0.10427298 0.00861248 0.03774029 0.27610796 0.05115809 0.02298110 0.02261550 0.05132179 0.05669639 0.01776550 0.01837590 0.01812650 0.06029639 0.03222870 0.00498267 0.01633090 0.03855739
20 0.10831996 0.00977802 0.01403289 0.00946794 0.00492636 0.00804474 0.02296759 0.02034019 0.00601919 0.03483909 0.25192090 0.01253969 0.11238996 0.01681549 0.11119696 0.06836407 0.05407668 0.00539605 0.01019130 0.11837295
21 0.11851191 0.02903708 0.04589456 0.03914997 0.01622609 0.03213547 0.04357517 0.05029906 0.01666319 0.03090198 0.07457444 0.02793648 0.01831039 0.01944878 0.02551528 0.26267979 0.06524645 0.00798709 0.01411029 0.06179655
22 0.06883564 0.02576081 0.02679941 0.02144291 0.01119681 0.02254211 0.02930422 0.03282542 0.01173151 0.09555395 0.28856915 0.02699391 0.03133362 0.03588862 0.02113851 0.05984363 0.04156622 0.00901377 0.02076071 0.11889906
23 0.06191253 0.05985203 0.03981822 0.03933222 0.01068900 0.05001852 0.04752632 0.04563692 0.01446161 0.02998451 0.17340407 0.23015510 0.01571991 0.01942281 0.02207931 0.04423632 0.03961862 0.00710008 0.01490161 0.03413031
24 0.06285029 0.03221470 0.02859480 0.02372430 0.01055490 0.01596460 0.03733049 0.47870793 0.00849516 0.04358709 0.04523359 0.03749199 0.01072000 0.01890040 0.01154530 0.05554829 0.03528780 0.00319108 0.01067410 0.02938320
25 0.05357669 0.01910110 0.01914200 0.01052240 0.01735950 0.01815230 0.01768340 0.03735259 0.01311690 0.27854394 0.14306297 0.01688670 0.04011349 0.05504679 0.01684700 0.03403599 0.03577639 0.00554110 0.03264579 0.13549297
26 0.27574410 0.03227771 0.03284601 0.03762911 0.01807131 0.02997771 0.03295741 0.05400212 0.02031471 0.04393572 0.08115753 0.03190801 0.02235631 0.02320291 0.02207121 0.10288304 0.05204612 0.00692185 0.01564591 0.06405122
27 0.03897569 0.01545049 0.01273250 0.00417943 0.00900784 0.01330090 0.01400720 0.01605929 0.00746419 0.24052192 0.09974867 0.01214860 0.24393092 0.05805818 0.00978741 0.02040429 0.03075219 0.00275486 0.03677849 0.11393696
28 0.05059028 0.05018898 0.05937668 0.10565897 0.00886797 0.03873359 0.27921191 0.04975268 0.02251439 0.02254419 0.05196068 0.05749048 0.01883679 0.01785569 0.01769179 0.05911168 0.03187409 0.00472026 0.01577409 0.03724479
29 0.03996713 0.01095821 0.01423251 0.00341818 0.01917721 0.01475511 0.00630845 0.00798342 0.00946937 0.29542219 0.16687211 0.01082941 0.03112732 0.01855031 0.00896424 0.01919161 0.02325502 0.00274481 0.01091321 0.28586019
30 0.03669779 0.05458488 0.04520448 0.03755699 0.00812248 0.12925995 0.34655587 0.02135149 0.02158519 0.09828496 0.03716129 0.03487409 0.01435429 0.01587219 0.00809433 0.02699349 0.02189479 0.00541243 0.00721393 0.02892509
31 0.06648812 0.03211671 0.02830361 0.02298081 0.00979616 0.01607460 0.03625711 0.48156613 0.00833077 0.04365241 0.04423041 0.03654431 0.01199180 0.01880491 0.01121020 0.05600942 0.03474361 0.00314859 0.01015470 0.02759561
32 0.06836070 0.02549750 0.02991480 0.01243800 0.01655760 0.02511690 0.02675520 0.02688360 0.01706270 0.10373600 0.14246900 0.02092910 0.03745200 0.02531520 0.02561830 0.05948930 0.03126330 0.00859902 0.01494080 0.28160099
33 0.03469990 0.00881347 0.00891414 0.00205986 0.00915648 0.01684960 0.00494317 0.00781638 0.00671537 0.29634500 0.27999900 0.00477894 0.03435320 0.04525480 0.00667888 0.02330960 0.02149580 0.00329532 0.01375210 0.17076900
34 0.07485724 0.23880514 0.02042571 0.02798682 0.00694081 0.02172651 0.02264111 0.02703712 0.01601291 0.01809381 0.02993022 0.03819922 0.00888945 0.01149271 0.31156718 0.04068542 0.02004221 0.00695448 0.01115581 0.04655613
35 0.01964180 0.01245810 0.01683550 0.00218705 0.00464369 0.00363327 0.02104130 0.01926450 0.01551860 0.04904550 0.03379600 0.00615138 0.01725300 0.37764901 0.00807823 0.01799380 0.02780080 0.00614856 0.32516701 0.01569290
36 0.08923101 0.04918540 0.04865440 0.04142500 0.01348820 0.04293200 0.06068031 0.03017850 0.15632302 0.04575390 0.06122431 0.04004160 0.01755090 0.04071310 0.02662880 0.06500521 0.04865720 0.01298310 0.04215970 0.06718431
37 0.11898001 0.02822380 0.04534530 0.03885450 0.01571630 0.03210840 0.04230530 0.05026540 0.01685810 0.03164570 0.07578910 0.02705110 0.01891490 0.01963670 0.02433200 0.26448102 0.06843440 0.00746284 0.01392010 0.05967500
38 0.03631169 0.02497940 0.01678730 0.00553422 0.00906943 0.01201620 0.02092370 0.01821940 0.02307020 0.06245079 0.06738999 0.01529650 0.02216140 0.22954597 0.01400090 0.03034180 0.03261840 0.01447480 0.30741195 0.03739599
39 0.05062391 0.29809507 0.06540621 0.00810467 0.00399801 0.16742104 0.03829891 0.01289160 0.10797602 0.00945029 0.02725341 0.06159301 0.00294435 0.00648767 0.01235070 0.01459120 0.01800890 0.00734459 0.06442131 0.02273911
40 0.01996500 0.01169820 0.01603970 0.00181510 0.00465797 0.00350495 0.02054990 0.01895640 0.01480300 0.05001180 0.03433270 0.00604934 0.01669280 0.37948698 0.00763387 0.01829150 0.02753550 0.00601623 0.32648398 0.01547510
41 0.08553653 0.06262592 0.05011322 0.03975001 0.01753361 0.19185507 0.05529822 0.03054411 0.02714381 0.04350022 0.07083403 0.06846742 0.01817741 0.02381231 0.01825781 0.07439233 0.03688421 0.00811714 0.01512211 0.06203452
42 0.26218115 0.01121161 0.04951213 0.02569661 0.01688571 0.02672761 0.02459821 0.04939613 0.01454921 0.01434291 0.05252753 0.01257811 0.01152221 0.00965868 0.01303571 0.29301616 0.05709943 0.00294707 0.00774280 0.04477103
43 0.03515460 0.02488820 0.01754350 0.00475783 0.00826521 0.01215340 0.02186740 0.01868020 0.02496660 0.06122110 0.06409530 0.01456870 0.02166850 0.23380299 0.01423750 0.03040250 0.03120660 0.01343200 0.31193199 0.03515590
44 0.06903770 0.02550060 0.02675820 0.02252700 0.01127200 0.02313570 0.03040770 0.03290410 0.01177960 0.09290520 0.28753601 0.02721050 0.03222750 0.03574840 0.02248170 0.05913100 0.03929800 0.00992625 0.02052480 0.11968801
45 0.04232131 0.02138521 0.02011910 0.00822839 0.00940847 0.01526620 0.02237881 0.02741171 0.01775910 0.07293652 0.07166842 0.01576550 0.02639791 0.31156107 0.01194190 0.03216471 0.03244631 0.01132540 0.19204905 0.03746491
46 0.06995029 0.02527420 0.02665830 0.02114180 0.01160710 0.02208590 0.02939120 0.03286320 0.01248550 0.09734869 0.28405896 0.02786880 0.03114250 0.03636289 0.02127510 0.05862719 0.04133709 0.00944824 0.02100110 0.12007198
47 0.08591940 0.06541380 0.05021170 0.04011510 0.01739360 0.18831199 0.05336690 0.03288530 0.02808660 0.04417580 0.06974300 0.06738820 0.01927620 0.02365060 0.01798010 0.07322660 0.03542180 0.00797314 0.01587660 0.06358360
48 0.04654299 0.02660909 0.02075930 0.00599243 0.01326490 0.01765960 0.01672230 0.02425889 0.01597880 0.07981078 0.18746196 0.01432290 0.03185789 0.12746497 0.01962980 0.04310309 0.02481419 0.01805450 0.06155169 0.20413995
49 0.05677450 0.02210280 0.02364280 0.01321680 0.01033280 0.01508040 0.01705860 0.02557570 0.01337200 0.15253900 0.09543200 0.01447090 0.02037500 0.01738640 0.02996040 0.20539300 0.19882200 0.00640639 0.01059790 0.05146060
50 0.09232612 0.01383660 0.05254751 0.33941206 0.00937096 0.02117120 0.20522204 0.02278170 0.02483920 0.01005230 0.04016321 0.04071411 0.00385936 0.00196733 0.01312640 0.07126911 0.02146820 0.00161930 0.00146456 0.01278870
51 0.05348139 0.01320810 0.02039520 0.00427017 0.01309450 0.01523010 0.01232980 0.01883600 0.00998335 0.11660398 0.28099395 0.00839707 0.03426039 0.03052589 0.01782190 0.04119659 0.02057390 0.01211520 0.01144260 0.26523995
52 0.08931401 0.05179341 0.04947350 0.04028880 0.01482040 0.04487730 0.05838961 0.03039060 0.15408202 0.04642390 0.06110661 0.04148830 0.01693420 0.03868890 0.02741930 0.06461411 0.04637960 0.01302990 0.04208450 0.06840101
53 0.05258647 0.01850109 0.01858429 0.01044389 0.01749919 0.01892899 0.01824809 0.04315718 0.01217529 0.27862084 0.14114592 0.01658769 0.04014838 0.05546887 0.01618229 0.03374438 0.03459358 0.00594487 0.03231978 0.13511892
54 0.23366304 0.03128470 0.14206202 0.02903670 0.01255810 0.04015641 0.03405681 0.02940890 0.03400451 0.02852700 0.05525821 0.02973010 0.01527660 0.01614850 0.01335780 0.14821102 0.04187781 0.00578719 0.00661306 0.05298151
55 0.28218819 0.03225752 0.03263042 0.03554052 0.01741821 0.03145552 0.03041772 0.05619764 0.02111501 0.04302853 0.08050535 0.03263392 0.02052391 0.02315842 0.02135391 0.10266307 0.05248063 0.00698924 0.01633161 0.06111064
56 0.07183860 0.01588500 0.01922880 0.00904358 0.01663350 0.01405610 0.01692150 0.02474110 0.01566030 0.25639501 0.10210600 0.01422000 0.03284960 0.04360730 0.02028840 0.06230910 0.12803801 0.00615178 0.03028660 0.09973970
57 0.11673705 0.02710481 0.04495582 0.03880332 0.01647031 0.03256511 0.04376992 0.05131672 0.01693291 0.03187971 0.07688883 0.02771341 0.01800481 0.01989461 0.02590301 0.26175310 0.06730223 0.00792260 0.01327151 0.06081022
58 0.09332659 0.02467030 0.02452630 0.00880163 0.01499660 0.02003120 0.02339390 0.02708210 0.02066910 0.08700539 0.10335099 0.01531840 0.03450490 0.02127940 0.02241440 0.08267880 0.17760499 0.00975523 0.01956680 0.16902299
59 0.03451028 0.01224009 0.01014539 0.00335970 0.00801073 0.01177669 0.01092289 0.01160259 0.00642996 0.27669786 0.09556255 0.00688160 0.25212187 0.05983117 0.00653823 0.01681829 0.02985539 0.00194838 0.03581238 0.10893395
60 0.06527834 0.08854475 0.04589373 0.04992383 0.01272051 0.05407323 0.06911484 0.05920283 0.01913481 0.02598681 0.05950313 0.24369414 0.02756322 0.01883051 0.02645862 0.04701023 0.03480012 0.00594063 0.01311101 0.03321472
61 0.02738681 0.00961209 0.00931583 0.00172390 0.00624317 0.02172431 0.00601821 0.00657706 0.00767431 0.25525909 0.23694909 0.00538414 0.04449182 0.15390106 0.00657147 0.02121241 0.01710761 0.00637415 0.06059212 0.09588134
62 0.08833549 0.08701759 0.04232479 0.04131949 0.01045040 0.18038197 0.04463129 0.02794680 0.02693830 0.01964500 0.05693919 0.20134897 0.01761370 0.01471550 0.01824130 0.02872800 0.03715809 0.00487106 0.01003990 0.04135319
63 0.05215879 0.01841640 0.01857380 0.01102820 0.01556560 0.01741230 0.01902510 0.04355359 0.01272390 0.27791494 0.14249997 0.01638030 0.04160879 0.05396799 0.01653260 0.03501269 0.03522909 0.00527180 0.03305319 0.13407097
64 0.07640502 0.05273981 0.16246904 0.05976661 0.01540980 0.04263751 0.07969532 0.05116611 0.02673941 0.03680581 0.06919892 0.05309051 0.01996250 0.02254631 0.02206171 0.08912572 0.03889191 0.00643726 0.01496030 0.05989041
65 0.08408619 0.02446600 0.02499740 0.01811000 0.00830401 0.01828640 0.03162750 0.03394690 0.01221790 0.05529800 0.23160098 0.02691710 0.03095450 0.01699070 0.03200470 0.09337509 0.16976998 0.00705598 0.01598210 0.06400859
66 0.05002890 0.04985290 0.06052320 0.10151599 0.00807647 0.03851590 0.28108098 0.05169310 0.02278790 0.02329920 0.05267420 0.05534300 0.01720230 0.01915960 0.01712800 0.05995280 0.03205200 0.00563261 0.01599140 0.03748960
67 0.08138472 0.02677941 0.05718831 0.31106806 0.01023470 0.03447521 0.14171603 0.03344951 0.02010100 0.01880910 0.04520261 0.05082191 0.00800805 0.00830245 0.02719721 0.07056011 0.02582671 0.00365106 0.00482084 0.02040300
68 0.31942696 0.01118790 0.04322779 0.02283680 0.01842530 0.01951580 0.02090160 0.05571999 0.01382170 0.01457700 0.05267289 0.01179150 0.01154510 0.00922621 0.01334730 0.24980897 0.06214669 0.00258864 0.00709427 0.04013760
69 0.09385198 0.03043489 0.03049409 0.02106310 0.01396410 0.02346450 0.03337219 0.05754489 0.02043500 0.04929579 0.08626988 0.02648839 0.02529709 0.03038129 0.02977989 0.11362198 0.22735895 0.01025440 0.02424320 0.05238439
70 0.07846164 0.01156611 0.01431881 0.01517071 0.00597910 0.01091661 0.02686271 0.02517821 0.00778002 0.06235023 0.19724410 0.01121901 0.13667007 0.02178331 0.03546572 0.08339474 0.14881407 0.00850379 0.01959091 0.07873014
71 0.03955590 0.18504201 0.05255910 0.03574880 0.00755637 0.10332501 0.07071940 0.03227360 0.01832380 0.01757500 0.04104600 0.19615701 0.02307350 0.00629925 0.01903130 0.07710710 0.03687650 0.00392912 0.00821671 0.02558450
72 0.06066678 0.02298159 0.09772667 0.26906492 0.01075480 0.02256169 0.14346296 0.04416499 0.02236059 0.01720559 0.04097439 0.05679678 0.00431288 0.00348759 0.02205379 0.11213897 0.02984819 0.00221429 0.00187805 0.01534450
73 0.04900230 0.05105220 0.06147810 0.10223000 0.00863178 0.03885960 0.27937999 0.05319170 0.02322270 0.02366190 0.05200740 0.05682210 0.01869180 0.01505930 0.01713570 0.06078370 0.03111460 0.00506404 0.01421670 0.03839440
74 0.03573818 0.03847278 0.12785395 0.09464626 0.01070180 0.02377709 0.22489991 0.06295097 0.01570149 0.01799279 0.13535094 0.05703628 0.01159860 0.00711826 0.01406539 0.05308838 0.03200489 0.00263502 0.00458674 0.02978029
75 0.04240073 0.02124161 0.02079791 0.00768288 0.00969401 0.01466931 0.02168141 0.02787022 0.01734291 0.07592305 0.07242624 0.01666441 0.02698252 0.30854719 0.01181091 0.03059142 0.03208282 0.01117421 0.19085412 0.03956212
76 0.28430105 0.03198741 0.03155251 0.03505601 0.01752180 0.03020331 0.03126101 0.05544211 0.01977840 0.04420391 0.07876361 0.03264501 0.02190950 0.02357760 0.02116180 0.10385902 0.05329631 0.00667111 0.01477810 0.06203041
77 0.08013106 0.01371789 0.01889399 0.00994047 0.00872984 0.01112189 0.02033469 0.01826399 0.00726070 0.09364495 0.28694285 0.01162649 0.11719694 0.03144318 0.03111068 0.05324907 0.04302308 0.00598050 0.01602079 0.12136694
78 0.03681235 0.19804126 0.05970818 0.02582843 0.00492837 0.15604120 0.20049026 0.01924403 0.02632683 0.01787932 0.02844614 0.10376213 0.01702382 0.00514527 0.00778359 0.02237353 0.02789014 0.00931331 0.01189482 0.02106703
79 0.32041611 0.00714173 0.03499921 0.00845356 0.01692541 0.01449380 0.01133160 0.07035922 0.01322990 0.01514631 0.05275712 0.00858561 0.01029230 0.00612329 0.00770961 0.24361808 0.11193004 0.00190365 0.00689091 0.03769251
80 0.31334328 0.00883497 0.01320561 0.00420035 0.01434891 0.00931824 0.00995857 0.25549723 0.00694281 0.00785858 0.04329414 0.01272231 0.00629766 0.00661942 0.00629989 0.18196016 0.07662637 0.00137240 0.00248869 0.01881042
81 0.03232959 0.10019296 0.06362878 0.08395257 0.00675929 0.03987038 0.17069994 0.05926428 0.01396599 0.01491669 0.04162068 0.22137292 0.03177089 0.00543737 0.01684819 0.04785928 0.02533189 0.00317823 0.00472079 0.01627929
82 0.06906530 0.02479960 0.03334110 0.04230900 0.01325980 0.01143130 0.01909510 0.01874410 0.01629890 0.16135799 0.06412050 0.03608930 0.01327970 0.01573840 0.19376899 0.15737699 0.05645200 0.00796845 0.00726179 0.03824170
83 0.02065881 0.01142290 0.01547800 0.00186045 0.00463524 0.00364405 0.01881410 0.01732440 0.01539120 0.05144871 0.04255571 0.00655449 0.01790100 0.35299409 0.00903833 0.01809440 0.02686671 0.00842989 0.33842108 0.01846640
84 0.08155939 0.06339419 0.04995430 0.03881760 0.01745500 0.19325298 0.05593209 0.03187750 0.02868660 0.04480880 0.07283069 0.06681999 0.01908050 0.02264010 0.01796060 0.07210299 0.03565910 0.00718499 0.01496150 0.06502109
85 0.06903585 0.02057681 0.06387765 0.26666419 0.00926175 0.02399952 0.24212917 0.04198303 0.02597602 0.01173571 0.04049473 0.04973994 0.00421253 0.00260597 0.01287561 0.06835915 0.02208232 0.00195664 0.00239710 0.02003631
86 0.05379634 0.01190789 0.01728298 0.00485911 0.01092829 0.01440278 0.01103009 0.01727028 0.00901856 0.12524686 0.32421564 0.00824620 0.03058227 0.03452166 0.01575328 0.04346105 0.02156948 0.01159249 0.01150799 0.22280675
87 0.04017787 0.01112599 0.01436209 0.00350864 0.01914368 0.01469129 0.00647097 0.00885367 0.00950472 0.29599476 0.16710286 0.01032669 0.03107777 0.01836969 0.00893447 0.01813579 0.02336688 0.00274940 0.01035799 0.28574477
88 0.06491933 0.25598212 0.04749172 0.02816031 0.01297671 0.05157002 0.06090833 0.05216322 0.02565781 0.02936121 0.05532432 0.08376204 0.02026531 0.02400561 0.02966871 0.04964052 0.03414732 0.00788895 0.02056671 0.04553972
89 0.11773298 0.02851059 0.04471199 0.03871859 0.01620720 0.03152579 0.04308099 0.04980919 0.01626320 0.03120189 0.07679529 0.02719659 0.01824260 0.02002490 0.02474450 0.26162995 0.06775929 0.00975939 0.01450280 0.06158229
90 0.06019147 0.04173238 0.05392388 0.23606990 0.00975141 0.02628229 0.08521446 0.02911039 0.02434549 0.09792396 0.04847538 0.05977507 0.01356629 0.01498839 0.05018508 0.07339427 0.02719229 0.00529301 0.00731570 0.03526889
91 0.06806086 0.02471979 0.02852558 0.01398419 0.01623909 0.02530988 0.02843668 0.02782998 0.01709169 0.10117994 0.14387391 0.02048829 0.03781858 0.02341039 0.02589058 0.05862116 0.03055718 0.00852549 0.01608189 0.28335483
92 0.06865302 0.02526031 0.02618581 0.02199531 0.01111480 0.02381711 0.03024581 0.03275161 0.01240960 0.09623683 0.28673408 0.02731811 0.03201121 0.03614761 0.02095871 0.05982822 0.03962181 0.00985862 0.02176141 0.11709003
93 0.06479243 0.08527014 0.04783422 0.05262202 0.01182791 0.05368272 0.06991603 0.06007113 0.01959981 0.02646571 0.05889993 0.24226411 0.02668991 0.01787581 0.02565931 0.04855452 0.03505912 0.00647186 0.01299541 0.03344791
94 0.02966589 0.00513522 0.00795095 0.00088374 0.01309949 0.01337969 0.00205029 0.00332126 0.00571780 0.32907584 0.23934488 0.00339550 0.03133748 0.02774509 0.00472780 0.01433529 0.01752049 0.00173717 0.00937626 0.24019988
95 0.07702223 0.05283992 0.16295507 0.05962862 0.01566591 0.04223112 0.07804613 0.05225452 0.02720081 0.03523551 0.06992473 0.05290412 0.01944831 0.02269511 0.02257281 0.09091734 0.03841702 0.00651110 0.01498841 0.05854122
96 0.06393023 0.08717864 0.04675122 0.05113453 0.01167051 0.05175773 0.06991423 0.06022003 0.01873211 0.02621131 0.05941943 0.24370812 0.02724941 0.01905641 0.02777551 0.04873822 0.03483852 0.00564141 0.01224241 0.03383002
97 0.02906222 0.00505703 0.00753348 0.00102277 0.01313381 0.01379041 0.00228917 0.00328754 0.00527003 0.33011728 0.23869821 0.00303249 0.03088603 0.02852902 0.00470931 0.01380241 0.01721411 0.00200657 0.00986887 0.24068921
98 0.06937351 0.02452130 0.02755350 0.02242770 0.01103020 0.02226180 0.03076400 0.03363960 0.01214540 0.09288631 0.28655603 0.02747180 0.03134290 0.03655770 0.02176030 0.05881541 0.04078220 0.01034420 0.02123810 0.11852801
99 0.12559206 0.02937421 0.16759908 0.03344122 0.01195481 0.03518232 0.04248572 0.03778322 0.01978591 0.02002211 0.04924822 0.03228571 0.00897515 0.01199811 0.01837361 0.25242812 0.04737532 0.00427037 0.00548842 0.04633632
100 0.02220159 0.06994567 0.09259086 0.09899355 0.00750757 0.02627069 0.15546593 0.16420592 0.00961711 0.01024800 0.03914548 0.18117891 0.02147669 0.00707309 0.01018120 0.04938288 0.01974689 0.00174674 0.00342443 0.00959684
101 0.05009237 0.04989367 0.05996816 0.10257494 0.00902723 0.03980988 0.27927283 0.05238027 0.02191329 0.02316629 0.05255137 0.05634897 0.01816829 0.01679199 0.01757669 0.06016486 0.03164488 0.00482148 0.01544099 0.03839158
102 0.06412153 0.07230203 0.03842082 0.03362292 0.01703231 0.05448502 0.05415542 0.05467312 0.01745761 0.02411921 0.06777343 0.24049311 0.01677291 0.01850601 0.02592921 0.05260192 0.10103805 0.00698345 0.01239701 0.02711491
103 0.06743234 0.02466471 0.02599342 0.02119931 0.01156921 0.02218071 0.03056812 0.03309372 0.01105321 0.09737376 0.28478017 0.02610392 0.03160072 0.03736072 0.02103251 0.06168414 0.04092482 0.00937213 0.02107631 0.12093607
104 0.14500582 0.02812506 0.03036576 0.01801648 0.10803486 0.01586038 0.02521257 0.21135873 0.00859428 0.02376417 0.03812395 0.02693367 0.00827344 0.01522138 0.01265518 0.19383976 0.05207563 0.00472301 0.00498599 0.02882986
105 0.22677694 0.02952059 0.03808889 0.14727596 0.00860784 0.03305639 0.16569596 0.02432449 0.02378109 0.02079209 0.05531309 0.03492719 0.01723190 0.01058980 0.01469240 0.07236198 0.03283859 0.00394689 0.00723482 0.03294309
106 0.06921441 0.01969440 0.06424921 0.26938504 0.00956420 0.02258180 0.24173303 0.04068341 0.02711070 0.01167710 0.04084071 0.04797821 0.00408580 0.00263043 0.01321450 0.06909891 0.02239420 0.00184244 0.00236329 0.01965820
107 0.05277454 0.01895008 0.01827098 0.01130139 0.01764328 0.01787548 0.01915068 0.04117656 0.01307839 0.27845670 0.14089985 0.01578388 0.03814886 0.05699434 0.01718958 0.03433476 0.03572006 0.00515477 0.03468196 0.13241386
108 0.05616213 0.04410692 0.02452441 0.01603271 0.01150931 0.02412361 0.02745141 0.02319381 0.02637731 0.03564112 0.10002705 0.02479271 0.01893951 0.06439273 0.02693181 0.06446453 0.04683812 0.24839812 0.04972052 0.06637213
109 0.04092461 0.01101080 0.01480500 0.00364276 0.01878790 0.01560880 0.00636413 0.00769815 0.00972729 0.29325404 0.16616502 0.01120260 0.03043380 0.01921690 0.01017910 0.01899160 0.02345690 0.00259854 0.01096400 0.28496804
110 0.06047260 0.03562250 0.02666770 0.01226080 0.01231050 0.02251370 0.03447130 0.02751030 0.01257780 0.09178031 0.10389701 0.04162730 0.22641802 0.04201610 0.02253650 0.04765780 0.04168820 0.00624062 0.02607190 0.10565901
111 0.05090198 0.17195595 0.04388269 0.02134969 0.01377570 0.03606779 0.03971779 0.03361889 0.01678179 0.04633449 0.21936193 0.07107278 0.01893979 0.02474219 0.01962689 0.05438458 0.04031939 0.01069390 0.01463450 0.05183728
112 0.06696062 0.02651721 0.02736251 0.02198551 0.01157030 0.02161841 0.02959431 0.03187791 0.01268780 0.09379863 0.28766609 0.02709081 0.03245941 0.03462801 0.02136491 0.06038212 0.04278231 0.01036540 0.02120871 0.11807904
113 0.11671603 0.02888161 0.04607951 0.03920041 0.01467230 0.03330011 0.04436121 0.04934461 0.01741350 0.03077801 0.07651352 0.02786241 0.01811200 0.02015731 0.02486891 0.26357507 0.06366842 0.00881915 0.01452660 0.06114932
114 0.08533143 0.06364633 0.05125432 0.04065122 0.01786471 0.19284608 0.05415792 0.03126991 0.02816151 0.04134992 0.06917663 0.06702213 0.01849541 0.02253631 0.01881661 0.07235653 0.03710621 0.00801830 0.01578831 0.06415023
115 0.06732697 0.02519323 0.02908613 0.01331111 0.01679812 0.02448533 0.02740783 0.02766273 0.01625472 0.10427211 0.14224315 0.02012472 0.04060144 0.02407422 0.02575853 0.05727576 0.03075573 0.00822298 0.01517292 0.28397229
116 0.07581061 0.02768860 0.03831520 0.03739000 0.17421801 0.15594601 0.03518510 0.02939110 0.02575440 0.05223280 0.05331420 0.04551890 0.01902800 0.02045320 0.02115870 0.06042310 0.03694960 0.00562573 0.00918150 0.07641521
117 0.08634569 0.06298269 0.05093720 0.03921560 0.01698770 0.19500598 0.05506990 0.03128260 0.02907620 0.04224090 0.07111469 0.06673479 0.01860570 0.02362760 0.01826060 0.07136159 0.03459020 0.00749028 0.01573970 0.06333039
118 0.07156187 0.02300202 0.01643552 0.01342581 0.00770728 0.01428531 0.03028923 0.20132719 0.01059811 0.04164604 0.06807596 0.03365033 0.10748910 0.01768002 0.01993922 0.08589018 0.16140315 0.01883012 0.01181261 0.04495094
119 0.06792340 0.02392520 0.02668400 0.02150510 0.01096050 0.02154420 0.03022900 0.03434070 0.01227000 0.09832790 0.28497500 0.02648750 0.03227880 0.03590340 0.02175250 0.05868390 0.04164420 0.01007840 0.02042330 0.12006300
120 0.27771402 0.03181580 0.03280860 0.03922260 0.01836070 0.03172460 0.03172370 0.05396060 0.02028740 0.04395320 0.07780430 0.03246350 0.02212560 0.02393660 0.02210630 0.10316401 0.05128580 0.00617674 0.01592110 0.06344480
121 0.27625411 0.03154751 0.03324071 0.03682132 0.01783051 0.03159311 0.03244701 0.05603612 0.02073431 0.04471122 0.07988583 0.03111781 0.02246431 0.02363121 0.02148351 0.10186604 0.05333632 0.00630459 0.01520391 0.06349053
122 0.06500509 0.02767590 0.03156590 0.02113720 0.00861034 0.01479740 0.03892880 0.30541398 0.00873898 0.03740530 0.18063599 0.03434090 0.01617930 0.02179120 0.01667720 0.05595670 0.03920620 0.00705576 0.01004720 0.05883070
123 0.06754418 0.01543592 0.01911782 0.00798322 0.01642962 0.01417152 0.01628942 0.02567863 0.01449232 0.27829935 0.10349013 0.01274332 0.03298644 0.04299005 0.01832982 0.05531507 0.11689115 0.00505735 0.03002554 0.10672913
124 0.06141361 0.03077521 0.02718670 0.02417510 0.01850280 0.01706030 0.02257880 0.03856051 0.01496170 0.22053404 0.10571002 0.02075710 0.02254290 0.03693991 0.04044091 0.14415202 0.06663211 0.00703753 0.01690390 0.06313481
125 0.05179880 0.01170520 0.01971090 0.00398763 0.01370840 0.01483930 0.01225880 0.01882450 0.01100220 0.11779801 0.27108402 0.00793801 0.03407940 0.02797520 0.01846540 0.03910140 0.01978780 0.01164930 0.01101670 0.28326902
126 0.07684523 0.01420821 0.02225491 0.01069080 0.00979471 0.01231961 0.02182311 0.01816641 0.00867477 0.08983924 0.22433309 0.01403791 0.17176107 0.03634231 0.02921461 0.05104012 0.04586032 0.00595221 0.02039931 0.11644205
127 0.11512598 0.02793929 0.04480599 0.03940889 0.01575910 0.03243359 0.04229469 0.04754319 0.01712670 0.03117319 0.07833739 0.02682169 0.01895980 0.02042640 0.02648279 0.26200795 0.06829159 0.00831669 0.01535770 0.06138739
128 0.07729787 0.05333028 0.16051693 0.05695017 0.01548859 0.04385508 0.07800087 0.05208868 0.02588919 0.03556838 0.06929457 0.05183508 0.01996409 0.02401129 0.02253999 0.09022756 0.03891998 0.00660584 0.01634469 0.06127087
129 0.06794574 0.02438202 0.02683762 0.02282601 0.01144481 0.02171921 0.02983502 0.03294052 0.01267591 0.09541476 0.28516318 0.02661052 0.03285132 0.03624672 0.02064871 0.06003654 0.04049723 0.00993807 0.02156001 0.12042608
130 0.07687624 0.03222262 0.03013752 0.01579491 0.01216201 0.01984451 0.02957312 0.18292310 0.01323571 0.02554171 0.09424475 0.02150741 0.02268401 0.01907871 0.02558011 0.06345753 0.02949332 0.00877313 0.00856745 0.26830214
131 0.06552392 0.25699708 0.04907222 0.02852281 0.01309060 0.04932182 0.06311062 0.04891102 0.02468151 0.02931921 0.05324512 0.08331003 0.02040321 0.02417141 0.03135991 0.04867732 0.03561671 0.00881827 0.02121851 0.04462871
132 0.05440309 0.01165490 0.01722550 0.00418000 0.01146480 0.01533670 0.01109780 0.01607750 0.00937752 0.12820997 0.32266993 0.00851991 0.03033019 0.03435299 0.01561400 0.04177449 0.02140310 0.01056040 0.01145930 0.22428795
133 0.08042527 0.02816252 0.05865885 0.30727625 0.00999363 0.03532143 0.13688611 0.03546183 0.02066062 0.01808391 0.04589994 0.05171574 0.00827424 0.00939413 0.02662752 0.06990256 0.02602662 0.00427349 0.00475133 0.02220402
134 0.02630192 0.01210701 0.00849553 0.00192511 0.00642858 0.00865489 0.00602944 0.01799981 0.00559692 0.03783472 0.30468220 0.01080381 0.01766811 0.11747408 0.01620801 0.03235362 0.01916821 0.07862085 0.10065907 0.17098811
135 0.06968417 0.02425629 0.02768079 0.02126439 0.01119140 0.02211089 0.03056909 0.03261069 0.01112560 0.09740606 0.28501188 0.02711479 0.03202119 0.03624338 0.02135629 0.05910177 0.04116438 0.00942763 0.02090039 0.11975895
136 0.03607769 0.02410309 0.01672840 0.00500688 0.00855213 0.01176650 0.02125840 0.01840670 0.02356340 0.06136879 0.06538169 0.01455490 0.02126280 0.23580695 0.01407530 0.03051559 0.03150859 0.01434560 0.30991893 0.03579769
137 0.06956210 0.02622160 0.02666030 0.02074120 0.01118270 0.02251180 0.02909460 0.03272010 0.01239610 0.09664600 0.28278800 0.02707070 0.03263340 0.03561960 0.02075720 0.06085990 0.04306390 0.01008710 0.02056370 0.11882000
138 0.04272806 0.02125908 0.01988448 0.00793761 0.00900880 0.01526009 0.02192328 0.02581728 0.01749579 0.07519614 0.07513034 0.01563189 0.02757458 0.31078574 0.01105369 0.03085177 0.03185897 0.01108759 0.18970484 0.03980997
139 0.06615131 0.03336290 0.02868300 0.02312990 0.01053180 0.01605520 0.03613620 0.47989704 0.00830484 0.04325940 0.04420510 0.03533240 0.01077020 0.01875420 0.01173600 0.05586961 0.03450630 0.00315407 0.01069840 0.02946210
140 0.04362681 0.02228781 0.01928761 0.00786856 0.00972701 0.01524281 0.02214301 0.02716431 0.01816131 0.07424602 0.07211942 0.01653061 0.02724171 0.30891510 0.01165620 0.03136811 0.03272521 0.01096390 0.18932906 0.03939541
141 0.05814589 0.02155540 0.04842009 0.01205480 0.09482508 0.02852000 0.01991460 0.02385150 0.01077590 0.06179279 0.07601949 0.02155980 0.25710596 0.02639280 0.01640640 0.03807859 0.02896230 0.00541807 0.02003560 0.13016498
142 0.06796451 0.02600900 0.02940980 0.01349060 0.01673260 0.02536670 0.02830040 0.02820900 0.01703200 0.10071401 0.14467401 0.01929410 0.03759050 0.02397930 0.02516140 0.05875120 0.03117880 0.00813442 0.01626260 0.28174502
143 0.06690609 0.03243079 0.02759720 0.02267970 0.01027430 0.01698360 0.03692769 0.47966991 0.00817908 0.04450579 0.04624229 0.03594539 0.01115670 0.01792830 0.01123150 0.05613399 0.03491259 0.00307267 0.00923743 0.02798499
144 0.28598707 0.01439850 0.06240012 0.03414491 0.01014330 0.02265011 0.03391241 0.02915861 0.09526562 0.02218571 0.03885081 0.01730760 0.00700235 0.01342270 0.01607870 0.19481705 0.05431331 0.00563133 0.00449036 0.03783941
145 0.27465492 0.01090130 0.01851779 0.00721571 0.01523500 0.01159870 0.01374980 0.24449693 0.00846427 0.00903662 0.04405519 0.01501550 0.00652550 0.00787718 0.00746961 0.20519694 0.07192598 0.00184188 0.00354712 0.02267409
146 0.03142787 0.00519736 0.00740784 0.00097656 0.01037659 0.01392399 0.00289238 0.00432717 0.00557214 0.28172071 0.29312970 0.00375763 0.02970217 0.03198257 0.00558251 0.01865058 0.01563048 0.00299115 0.00799984 0.22675077
147 0.25971997 0.00994793 0.05133889 0.02326850 0.01641900 0.02786980 0.02113400 0.04318799 0.01370030 0.01225700 0.04998399 0.01114740 0.01035600 0.00901557 0.01147880 0.31780196 0.05644109 0.00331723 0.00760330 0.04401129
148 0.02677780 0.02810660 0.01084620 0.00775829 0.01107940 0.01043870 0.01286240 0.64605394 0.00516093 0.11085199 0.02543870 0.01376520 0.00735686 0.01110720 0.00694404 0.02741820 0.01843690 0.00179817 0.00505120 0.01274730
149 0.04493518 0.01254239 0.01147740 0.00489871 0.01025870 0.01689359 0.00792961 0.01241289 0.00833175 0.25398989 0.28110188 0.00899588 0.03233009 0.04126388 0.01098370 0.03196139 0.02672869 0.00401908 0.01517339 0.16377193
150 0.07663093 0.01289081 0.02099461 0.01062000 0.00965891 0.01170420 0.02201161 0.01710401 0.00839044 0.09347204 0.22413309 0.01279531 0.17190507 0.03670411 0.03019671 0.05166602 0.04503012 0.00554745 0.02088651 0.11765805
151 0.06460951 0.04686630 0.02891520 0.03770340 0.01482230 0.02208670 0.03317440 0.02942870 0.01773560 0.04016880 0.07512851 0.04013950 0.02439990 0.02143330 0.29219103 0.06804381 0.04757970 0.01026770 0.01877950 0.06652611
152 0.06601711 0.25829503 0.04768801 0.02647720 0.01255880 0.04901881 0.05964111 0.04983331 0.02542800 0.02877930 0.05430871 0.08544011 0.02053770 0.02484460 0.02907320 0.05101331 0.03567010 0.00900468 0.02127220 0.04509871
153 0.06488592 0.04548431 0.02964231 0.03659671 0.01539970 0.02084531 0.03035691 0.02781081 0.01694390 0.04123181 0.07503612 0.03997791 0.02498931 0.02132171 0.29425809 0.07022462 0.04893181 0.00927401 0.01886951 0.06791922
154 0.04150560 0.02205790 0.02089670 0.00754477 0.00896551 0.01481600 0.02161300 0.02786020 0.01746210 0.07539300 0.07475610 0.01631710 0.02637730 0.30733001 0.01188270 0.03089920 0.03256580 0.01189800 0.18999100 0.03986800
155 0.27768914 0.01144061 0.01069891 0.00396634 0.01117771 0.00903318 0.01089631 0.31308616 0.00678112 0.00748362 0.03826162 0.01565931 0.00534663 0.00742424 0.00594568 0.16846809 0.07669414 0.00162356 0.00253122 0.01579241
156 0.07968408 0.05232519 0.16418997 0.05817479 0.01553410 0.04195809 0.07687519 0.05047469 0.02632619 0.03457699 0.06799029 0.05300579 0.01966090 0.02397250 0.01994030 0.09129948 0.04044199 0.00633729 0.01573790 0.06149429
157 0.07868233 0.00695650 0.01880068 0.00344702 0.00988713 0.00878531 0.01169959 0.01206129 0.00462091 0.11976990 0.28859775 0.00368071 0.10035791 0.02825468 0.02884348 0.03706857 0.02701828 0.00528865 0.01000249 0.19617683
158 0.01644550 0.01307930 0.01524750 0.00245160 0.00367356 0.00379510 0.06499870 0.01765490 0.01644950 0.05131610 0.02356280 0.00506800 0.01488620 0.38010501 0.00616890 0.02128480 0.02554960 0.00270281 0.30308501 0.01247510
159 0.03274074 0.00688306 0.01122631 0.00144779 0.01949062 0.01315592 0.00323039 0.00529781 0.00741165 0.35061842 0.16799920 0.00602437 0.02906453 0.01854072 0.00633888 0.01264262 0.02111753 0.00173374 0.00966938 0.27536633
160 0.04570076 0.05457415 0.11081591 0.06810874 0.01159439 0.04705506 0.08013243 0.05389765 0.01658009 0.02140808 0.13034389 0.19971983 0.00954168 0.00992451 0.02110368 0.04810976 0.03561847 0.00393067 0.00789585 0.02394438
161 0.03700199 0.02538049 0.01723269 0.00504907 0.00861529 0.01198310 0.02114979 0.01837359 0.02402269 0.05906388 0.06634338 0.01455299 0.02204119 0.22957892 0.01455359 0.03205569 0.03194579 0.01465229 0.31073389 0.03566969
162 0.03676240 0.02329570 0.01619350 0.00495960 0.00858043 0.01111830 0.02065790 0.01730120 0.02401760 0.06145130 0.06618870 0.01461000 0.02264950 0.23264202 0.01409940 0.03056780 0.03186500 0.01472930 0.31262302 0.03568730
163 0.27586814 0.03233372 0.03212232 0.03795382 0.01795911 0.03068822 0.03187942 0.05623883 0.01949821 0.04350262 0.08005864 0.03346002 0.02111771 0.02440031 0.02133081 0.10294105 0.05336813 0.00688139 0.01710991 0.06128763
164 0.04541258 0.00950848 0.01565279 0.00260060 0.01098540 0.01239689 0.00842035 0.01598809 0.00725625 0.12009795 0.35282684 0.00539182 0.03188919 0.03768018 0.01414119 0.03675248 0.01581649 0.01249189 0.00954964 0.23514090
165 0.08000500 0.02755350 0.05818300 0.30774199 0.01011720 0.03493550 0.13713700 0.03520310 0.02114480 0.01834730 0.04579780 0.05158370 0.00882463 0.00840268 0.02719800 0.06992470 0.02641800 0.00501678 0.00451093 0.02195440
166 0.05470429 0.01867080 0.01888020 0.01107420 0.01763350 0.01828680 0.01702780 0.04111569 0.01263170 0.27765996 0.13929298 0.01597040 0.03879009 0.05637929 0.01779660 0.03558250 0.03634850 0.00505463 0.03460810 0.13249198
167 0.12621395 0.02841559 0.02689009 0.01587379 0.01115680 0.01257020 0.02926219 0.30537688 0.00995715 0.01637849 0.04613138 0.02737989 0.00967875 0.01024170 0.01027370 0.21826391 0.06125008 0.00450171 0.00385838 0.02632539
168 0.08394492 0.02569691 0.03395241 0.01679580 0.01394040 0.03457971 0.02781891 0.03025911 0.01757180 0.02971591 0.09707023 0.01396520 0.01938171 0.01653040 0.02720521 0.23207306 0.03960471 0.00667844 0.01063410 0.22258106
169 0.08526479 0.06520279 0.05008139 0.04003469 0.01739140 0.18904897 0.05689589 0.03153240 0.02863350 0.04283099 0.07111549 0.06746379 0.01835560 0.02383510 0.01868960 0.07209769 0.03577369 0.00804794 0.01479770 0.06290659
170 0.05432513 0.01078851 0.01649901 0.00423940 0.01090061 0.01529951 0.01026711 0.01692461 0.00835284 0.12982207 0.32198416 0.00809075 0.03121452 0.03409782 0.01545001 0.04234342 0.02226001 0.01032251 0.01080591 0.22601212
171 0.06498150 0.25653601 0.04816550 0.02725980 0.01304550 0.05027320 0.06226540 0.05002700 0.02408210 0.02963550 0.05551960 0.08379600 0.02064830 0.02473850 0.03136710 0.04923820 0.03430230 0.00876137 0.02097280 0.04438430
172 0.02870449 0.00484702 0.00779955 0.00081691 0.01306179 0.01379329 0.00221261 0.00341961 0.00558283 0.32911285 0.24070589 0.00319016 0.03015129 0.02819949 0.00423047 0.01416459 0.01666089 0.00185390 0.00995349 0.24153889
173 0.07961560 0.02763110 0.05794930 0.30722898 0.01086220 0.03434740 0.13820899 0.03411700 0.02102790 0.01776880 0.04633600 0.05128370 0.00838541 0.00876922 0.02675230 0.07001370 0.02760930 0.00410792 0.00492971 0.02305550
174 0.05068187 0.05038917 0.06012156 0.10385194 0.00832881 0.03850368 0.27908784 0.04767827 0.02246889 0.02282989 0.05272137 0.05538847 0.01859699 0.01875959 0.01873449 0.06135756 0.03146208 0.00519908 0.01560869 0.03822978
175 0.08028476 0.02681139 0.05791767 0.30708686 0.01050180 0.03541138 0.14043693 0.03469018 0.02149999 0.01816069 0.04677378 0.05027948 0.00813356 0.00896336 0.02742469 0.06867167 0.02648889 0.00373005 0.00476200 0.02197089
176 0.08063965 0.02702002 0.05681473 0.30880118 0.01064441 0.03491222 0.13836408 0.03404762 0.02044081 0.01819581 0.04506603 0.05016353 0.00836793 0.00946465 0.02812672 0.07116674 0.02588891 0.00366248 0.00488708 0.02332541
177 0.06864385 0.02630898 0.03051278 0.01378559 0.01712189 0.02394658 0.02734138 0.02751018 0.01631019 0.10178493 0.14171291 0.02016549 0.03935127 0.02403568 0.02437528 0.05830796 0.02989188 0.00812816 0.01556619 0.28519881
178 0.16550793 0.01407869 0.02148219 0.00546891 0.15658093 0.02769899 0.00928156 0.01941169 0.01946609 0.11695195 0.06925057 0.01647699 0.02383479 0.02012179 0.01622449 0.05762627 0.03897858 0.00378138 0.02007829 0.17769792
179 0.04287531 0.07242822 0.05023101 0.05418661 0.00674203 0.15060404 0.35768809 0.02259381 0.01721910 0.03131441 0.02865811 0.04997741 0.01119170 0.00699409 0.00721297 0.02980391 0.02152391 0.00533812 0.00607824 0.02733891
