1 0.26766590 0.02265379 0.01757409 0.03138889 0.06454338 0.01074640 0.01889049 0.09206607 0.00975174 0.02138399 0.03883039 0.02127619 0.01775249 0.01643049 0.02314739 0.17907794 0.08390397 0.00288328 0.00900994 0.05102318
2 0.11589988 0.02700587 0.01890008 0.01664098 0.01938958 0.01731868 0.02174698 0.04081546 0.01314589 0.12904286 0.18123581 0.02426327 0.04539685 0.04411455 0.01677868 0.06030894 0.05256394 0.00545395 0.02261788 0.12735986
3 0.20746595 0.03008309 0.02654499 0.03296779 0.03373479 0.02177299 0.03325879 0.09835387 0.01585100 0.02705939 0.03971219 0.03025039 0.01911600 0.02331899 0.03103869 0.18633995 0.08324728 0.00486686 0.01400140 0.04101559
4 0.07051149 0.02735570 0.01881150 0.01489600 0.01270980 0.02054400 0.02114490 0.02523630 0.01296240 0.16748798 0.19251398 0.02639410 0.04815349 0.04130340 0.01118540 0.03766590 0.04408960 0.00497241 0.02339070 0.17867098
5 0.05793784 0.01425169 0.01050339 0.00176746 0.00701962 0.00961355 0.00588033 0.01406529 0.00791892 0.22122577 0.26045573 0.00800469 0.06205804 0.03963836 0.00520871 0.02169648 0.04057306 0.00354669 0.01388359 0.19475080
6 0.07299230 0.05204950 0.03282810 0.02765140 0.01380470 0.08357441 0.05237670 0.02280940 0.02379290 0.06857770 0.08797921 0.06770070 0.02977080 0.03138760 0.02850160 0.06821480 0.09589891 0.00499094 0.02134630 0.11375201
7 0.12129809 0.04110003 0.04219583 0.04471373 0.02472702 0.03579013 0.04933874 0.07814996 0.02280402 0.03526033 0.05145214 0.04454973 0.02297792 0.03112912 0.03362242 0.16593912 0.07726906 0.00828177 0.02634722 0.04305363
8 0.07174305 0.13087291 0.05002036 0.03359508 0.01967399 0.05390226 0.06075806 0.04492877 0.03093118 0.02495168 0.04593637 0.17085988 0.01933409 0.01987909 0.03692437 0.06627985 0.04965996 0.00699971 0.01948329 0.04326607
9 0.07064342 0.03975406 0.06382113 0.14285085 0.00967216 0.04399435 0.16005183 0.12950786 0.02223298 0.01495458 0.03051997 0.05092895 0.01129449 0.01413498 0.03448966 0.07863342 0.03905316 0.00361960 0.01320259 0.02663997
10 0.13025708 0.03123522 0.03789552 0.03209112 0.02541212 0.03357902 0.03662172 0.04689763 0.02239711 0.03482352 0.04308183 0.03197462 0.02534132 0.02374881 0.02553122 0.21230913 0.15422210 0.00462727 0.01196131 0.03599232
11 0.09098314 0.12038306 0.04654852 0.03390502 0.02163731 0.04511312 0.05299883 0.06585003 0.02749161 0.02506741 0.03648922 0.08383564 0.02234911 0.01990071 0.03415332 0.15287407 0.06542443 0.00762451 0.01617221 0.03119872
12 0.05216943 0.01365351 0.01005071 0.00109497 0.00609057 0.00898945 0.00505322 0.01319561 0.00762904 0.22671513 0.26633615 0.00756510 0.06345924 0.03989072 0.00407681 0.01825271 0.03939432 0.00354208 0.01400011 0.19884111
13 0.07522930 0.03953780 0.09125910 0.08079390 0.01697830 0.03625070 0.06589220 0.15937200 0.02530710 0.02405490 0.04268990 0.05511540 0.01349070 0.01546210 0.03472520 0.09809580 0.07850470 0.00522862 0.01182390 0.03018840
14 0.05213050 0.01363900 0.00997719 0.00126153 0.00588710 0.00894615 0.00525408 0.01297500 0.00762537 0.22503198 0.26855298 0.00721971 0.06402389 0.04077990 0.00388606 0.01829430 0.03958890 0.00352460 0.01407480 0.19732698
15 0.05796210 0.03346110 0.01934870 0.01292190 0.01759280 0.02063030 0.02229740 0.01817600 0.01866690 0.10739100 0.15505300 0.02550080 0.06866430 0.11981900 0.01176810 0.04666120 0.03948060 0.01342200 0.08598280 0.10520000
16 0.04929975 0.01732548 0.01587718 0.01003849 0.01527549 0.01293139 0.01159319 0.01606918 0.02126668 0.12351588 0.19170482 0.01506999 0.04233596 0.12152888 0.00644625 0.03195907 0.03038177 0.02337978 0.12618988 0.11781089
17 0.08205219 0.05972879 0.03005190 0.02919760 0.01126770 0.07074179 0.07562969 0.06093789 0.02129450 0.01902740 0.03759989 0.11052498 0.01343620 0.02330070 0.17732698 0.07798779 0.05545299 0.00850734 0.01012780 0.02580590
18 0.07157729 0.03876049 0.02165500 0.01419590 0.01426340 0.02221820 0.02674389 0.02656619 0.01410210 0.13982397 0.17880597 0.03183679 0.07054899 0.04898089 0.01577870 0.05647849 0.05328159 0.00563289 0.01994830 0.12880098
19 0.19714784 0.03098897 0.02696078 0.07564424 0.02922308 0.02620218 0.04482436 0.05692875 0.01516319 0.01840708 0.04219196 0.03220027 0.02203468 0.08472913 0.03646737 0.10786291 0.06004945 0.00784682 0.03447567 0.05065126
20 0.07466856 0.04899714 0.05672524 0.12824310 0.01067021 0.05658054 0.17044213 0.04648764 0.02482942 0.02074162 0.03806553 0.06341995 0.01692141 0.02015172 0.04266163 0.07587966 0.04981104 0.00406221 0.01645871 0.03418253
21 0.08420291 0.02847550 0.07220501 0.17796703 0.01599090 0.04420781 0.12960002 0.05351031 0.02438390 0.01656020 0.03408221 0.04293821 0.01469770 0.01159840 0.02202140 0.09281581 0.08444181 0.00331164 0.01474360 0.03224561
22 0.07428613 0.02865421 0.07649153 0.20458308 0.01176620 0.04701942 0.15418806 0.06632543 0.02573941 0.01474231 0.02954561 0.04348772 0.00990550 0.01408361 0.02061221 0.07969763 0.04591872 0.00361701 0.02052651 0.02880971
23 0.06186847 0.13498994 0.02716479 0.01317169 0.01917839 0.02867519 0.03542478 0.02967139 0.01976839 0.09326016 0.14588593 0.09954125 0.04225148 0.03280448 0.01501789 0.04281228 0.04058558 0.00496616 0.01846619 0.09449556
24 0.04038458 0.02157049 0.03538428 0.02152629 0.02320579 0.02179569 0.01607269 0.01455689 0.05956167 0.02420829 0.07145826 0.02561079 0.00941003 0.17648190 0.00837281 0.04923807 0.01843119 0.05196127 0.27144485 0.03932418
25 0.13499806 0.06566113 0.04708722 0.03957492 0.01963191 0.04649242 0.05354053 0.04655152 0.06272263 0.03493442 0.05269623 0.07057063 0.01921141 0.03338762 0.03283392 0.09029514 0.06016903 0.00888692 0.03410112 0.04665322
26 0.08123431 0.04773610 0.03002620 0.03096880 0.01188980 0.06715151 0.07555801 0.06108911 0.01632150 0.01936760 0.03172900 0.09295461 0.01354870 0.05442541 0.15059602 0.11008401 0.04879390 0.01020460 0.01648510 0.02983570
27 0.06915315 0.11555592 0.04605157 0.06456816 0.01450779 0.05474386 0.12730392 0.03472098 0.02638768 0.01454329 0.03440658 0.15519690 0.01773489 0.01607959 0.04416877 0.06771616 0.04685897 0.00478406 0.01226469 0.03325308
28 0.17910004 0.04068091 0.02682191 0.03502761 0.02702871 0.02685501 0.04018071 0.09198302 0.01725110 0.05125271 0.07193872 0.04221621 0.02432751 0.03051611 0.03435011 0.10608202 0.06154071 0.00557829 0.02050410 0.06676451
29 0.06124929 0.02383690 0.01737400 0.01119520 0.01038310 0.01604630 0.01723090 0.02417570 0.01204580 0.17516598 0.22930697 0.02006840 0.05543079 0.04773379 0.01082640 0.03425750 0.04389379 0.00589174 0.02457050 0.15931698
30 0.05551980 0.01834980 0.01318500 0.00791935 0.01549690 0.01451300 0.01521170 0.01534240 0.01736520 0.10779400 0.18330600 0.01379840 0.05072620 0.16698900 0.00954454 0.03528780 0.03199420 0.01844770 0.10371800 0.10549100
31 0.09168728 0.04130699 0.04107229 0.08703688 0.01393150 0.04993679 0.09070958 0.07465669 0.01752190 0.01860450 0.03055209 0.05923759 0.01456860 0.02258550 0.15699597 0.09068428 0.05270579 0.00699398 0.01302850 0.02618330
32 0.15308401 0.03362870 0.03577410 0.04230050 0.02190330 0.01986720 0.03039680 0.24077502 0.01128900 0.01681510 0.03025280 0.03186720 0.01068120 0.01783800 0.03244110 0.17173301 0.05017340 0.00526332 0.01518330 0.02873290
33 0.12042095 0.08665176 0.03375379 0.02609969 0.02255909 0.04653858 0.04811798 0.03344499 0.02451919 0.04464378 0.06352437 0.12858295 0.02265679 0.02320039 0.02724859 0.06557907 0.05642598 0.00532462 0.01695849 0.10374896
34 0.05494802 0.01342830 0.01120440 0.00245423 0.00774673 0.00978874 0.00613718 0.02055721 0.00760160 0.23136507 0.24344708 0.00853214 0.05645432 0.03338531 0.00436566 0.02035231 0.03808951 0.00319861 0.01259150 0.21435207
35 0.12025396 0.04147649 0.04223628 0.04417908 0.02467529 0.03593899 0.04916758 0.07828967 0.02293759 0.03512529 0.05140948 0.04494098 0.02284049 0.03096089 0.03457689 0.16643794 0.07760047 0.00824786 0.02594129 0.04276348
36 0.06445936 0.12953212 0.09481739 0.04635034 0.02122412 0.05163535 0.05134005 0.05557115 0.03768004 0.02243302 0.03023193 0.10392210 0.01744072 0.01417881 0.02538792 0.12418412 0.05781265 0.00798407 0.01715102 0.02666373
37 0.20671222 0.02868313 0.02647423 0.03101253 0.03411184 0.02063502 0.03109943 0.09248120 0.01590192 0.02596363 0.03723464 0.02893593 0.01920292 0.02290862 0.02983453 0.20395422 0.08766859 0.00515034 0.01336951 0.03866554
38 0.07314498 0.02875359 0.07617768 0.20420194 0.01163390 0.04755039 0.15444696 0.06592948 0.02570509 0.01484190 0.02954059 0.04408339 0.00989091 0.01408620 0.02094609 0.08016238 0.04609719 0.00365656 0.02053279 0.02861799
39 0.10192801 0.02349110 0.01741160 0.01117770 0.01537100 0.01721290 0.01652260 0.02842290 0.01226200 0.17206402 0.18465302 0.01914760 0.04826630 0.03645680 0.01758800 0.05562951 0.05202870 0.00454551 0.01604470 0.14977601
40 0.12139102 0.04115771 0.04237021 0.04516951 0.02470570 0.03559251 0.04906571 0.07965451 0.02249940 0.03511061 0.05121071 0.04465471 0.02242170 0.03136911 0.03389681 0.16563203 0.07706421 0.00830224 0.02587740 0.04285421
41 0.24816692 0.02890209 0.02110689 0.03158379 0.03724149 0.01748609 0.02782009 0.11681396 0.01278670 0.02243479 0.03633069 0.02737799 0.01704969 0.01954059 0.03122449 0.16967795 0.07630408 0.00396661 0.01118130 0.04300379
42 0.22694700 0.03104830 0.02421570 0.03339980 0.03498010 0.02047140 0.03216660 0.10970800 0.01476860 0.02492930 0.03870870 0.03101830 0.01813560 0.02136770 0.03235780 0.16831400 0.07752950 0.00452940 0.01297650 0.04242770
43 0.18507305 0.04130591 0.02260601 0.02992181 0.05957481 0.01834620 0.02937631 0.04493651 0.01336380 0.04726041 0.07484482 0.03554181 0.05142701 0.03617451 0.02449461 0.12072703 0.07385772 0.00456915 0.01615080 0.07044772
44 0.08438892 0.02706688 0.01950378 0.01672389 0.01499329 0.02328018 0.02414588 0.02513388 0.01359359 0.14132387 0.17360485 0.02905267 0.04649246 0.03531927 0.01386969 0.05730555 0.07868843 0.00415049 0.01717158 0.15419086
45 0.05362895 0.01355401 0.01068061 0.00162342 0.00738564 0.00975993 0.00574047 0.01365771 0.00760614 0.23252820 0.24861421 0.00857739 0.05763425 0.03548563 0.00359972 0.01766052 0.03757613 0.00319798 0.01354591 0.21794319
46 0.07300081 0.02823090 0.07675381 0.20604402 0.01134410 0.04711021 0.15530302 0.06526371 0.02577410 0.01490440 0.02956880 0.04413761 0.00986934 0.01444110 0.01971540 0.07922171 0.04593301 0.00356424 0.02099910 0.02882060
47 0.05145257 0.26860986 0.04564538 0.00957170 0.02263419 0.05097007 0.04887397 0.01330939 0.03614148 0.01132539 0.03910648 0.24370987 0.02219709 0.00575098 0.01051139 0.03843178 0.03314968 0.00328044 0.01156439 0.03376388
48 0.10400194 0.03997148 0.03283568 0.02814499 0.02464299 0.03364608 0.04139818 0.03623248 0.01875519 0.05870797 0.08009606 0.03653948 0.06627416 0.03799538 0.02464409 0.16351491 0.08996105 0.00711703 0.01709919 0.05842167
49 0.07365052 0.13060486 0.03737206 0.01981798 0.04932155 0.03156327 0.04192156 0.04168256 0.02024298 0.03953906 0.10314789 0.14184185 0.02890777 0.02479757 0.01969368 0.06087764 0.04514955 0.00803553 0.02543047 0.05640164
50 0.07558189 0.05283159 0.04201069 0.02371480 0.01603310 0.04674199 0.03863779 0.02392900 0.02484730 0.09753609 0.08167389 0.09506029 0.03008790 0.02079230 0.03523050 0.08226519 0.12194998 0.00669864 0.01651710 0.06785999
51 0.12203204 0.04090471 0.04190091 0.04443692 0.02475921 0.03565441 0.04895362 0.07930233 0.02261211 0.03583931 0.05180732 0.04416592 0.02276211 0.03059131 0.03440211 0.16554106 0.07708643 0.00809035 0.02548171 0.04367612
52 0.05136140 0.26914700 0.04561770 0.00940998 0.02273570 0.05093320 0.04895680 0.01315570 0.03602790 0.01128550 0.03918140 0.24403200 0.02233800 0.00563473 0.01012350 0.03819400 0.03318490 0.00326379 0.01162680 0.03379000
53 0.05927043 0.01981801 0.01591231 0.00684099 0.00905468 0.01524601 0.01195961 0.01830071 0.01121771 0.20686711 0.22733112 0.01496701 0.05634683 0.03897762 0.01015741 0.03251792 0.04464632 0.00459019 0.01756091 0.17841710
54 0.09598884 0.03048341 0.03203811 0.02886371 0.02208991 0.02926861 0.03398802 0.04806882 0.01995921 0.07793064 0.13236006 0.03252751 0.03683552 0.04426292 0.02282381 0.12653906 0.06618383 0.00915834 0.03169331 0.07893634
55 0.05800391 0.21734805 0.03767821 0.02463221 0.01989290 0.04933781 0.09162672 0.02207370 0.02906751 0.01155500 0.03882071 0.20680104 0.02248160 0.01091350 0.02664051 0.05143901 0.03587261 0.00348504 0.00971935 0.03261061
56 0.06469673 0.03592636 0.09136291 0.15698684 0.01041839 0.05086285 0.16583283 0.05364265 0.02695937 0.01622458 0.03016287 0.05485484 0.01217429 0.01154179 0.02439918 0.10026090 0.05002155 0.00377771 0.01377839 0.02611497
57 0.06754833 0.03425201 0.06550953 0.03058591 0.01698841 0.03258471 0.03094151 0.02389601 0.02217531 0.13184705 0.12019005 0.03644991 0.03868862 0.02389011 0.02104441 0.08860043 0.10166204 0.00574531 0.01510081 0.09229954
58 0.22282580 0.02958737 0.02763528 0.07723183 0.02842297 0.01638819 0.04589106 0.21694380 0.01079279 0.01106169 0.02702008 0.02390148 0.00869642 0.01108509 0.02521488 0.12232089 0.04778626 0.00231827 0.01089369 0.03398217
59 0.05435221 0.02219790 0.02241350 0.01312370 0.01668890 0.02153820 0.01996500 0.01706780 0.02590150 0.12342601 0.13093801 0.02221100 0.03622550 0.09991421 0.01187680 0.05359621 0.06266641 0.01866310 0.12718401 0.10005001
60 0.06211980 0.01443020 0.01095150 0.00244465 0.00873926 0.01033100 0.00646913 0.01498120 0.00790327 0.22447500 0.24234000 0.00939779 0.05699310 0.03530940 0.00479772 0.02203320 0.03977470 0.00314508 0.01322600 0.21013800
61 0.06129617 0.02385299 0.01740309 0.01152219 0.01037169 0.01610369 0.01732739 0.02497789 0.01224809 0.17477390 0.22886487 0.02038739 0.05519017 0.04719507 0.01069929 0.03454958 0.04409137 0.00593467 0.02459159 0.15861891
62 0.05130481 0.01358310 0.00932455 0.00059382 0.00554482 0.00854856 0.00469081 0.01221860 0.00737917 0.22426204 0.27310605 0.00656877 0.06795311 0.04265071 0.00376020 0.01781140 0.03961241 0.00349153 0.01356150 0.19403403
63 0.05321068 0.01330769 0.01036700 0.00128029 0.00709683 0.00954123 0.00524521 0.01361449 0.00746835 0.23311490 0.25230089 0.00816324 0.05880717 0.03579108 0.00353180 0.01763959 0.03806148 0.00317389 0.01334129 0.21494291
64 0.06987177 0.02422829 0.07763477 0.22894691 0.00504547 0.05394808 0.21525492 0.04578078 0.02433139 0.01225020 0.02372689 0.04415328 0.00810491 0.00708699 0.01920469 0.06308128 0.03844039 0.00137201 0.01362889 0.02390809
65 0.12134595 0.03795409 0.05451748 0.03042299 0.05700888 0.03078589 0.02946809 0.03405819 0.05634288 0.03418959 0.03830729 0.03888318 0.02332249 0.02010579 0.02229099 0.18443293 0.12798895 0.00648149 0.01878019 0.03331269
66 0.14004885 0.02967517 0.02950207 0.03387386 0.02609507 0.02560567 0.03234596 0.07752151 0.02641377 0.02806617 0.05301874 0.03198226 0.01718628 0.07811611 0.02181398 0.12756886 0.04940935 0.01979598 0.10848788 0.04347245
67 0.14146098 0.06759769 0.04252939 0.03608590 0.02465660 0.04191909 0.06053389 0.06085599 0.02406350 0.02031700 0.03502990 0.10926799 0.01728150 0.01866060 0.04393169 0.13716498 0.06293539 0.00693022 0.01316180 0.03561590
68 0.05300281 0.02383070 0.08491251 0.25339303 0.00327806 0.05388421 0.21403703 0.04946071 0.02565080 0.01210440 0.02126740 0.05014671 0.00591541 0.00466783 0.01280190 0.05990371 0.03556260 0.00101907 0.01405680 0.02110430
69 0.05201295 0.01362919 0.01004079 0.00100167 0.00607389 0.00922969 0.00503360 0.01314649 0.00767099 0.22694980 0.26603576 0.00759117 0.06340594 0.03986256 0.00424481 0.01829498 0.03923986 0.00352904 0.01415099 0.19885582
70 0.06901010 0.02663660 0.07102620 0.17769300 0.00991708 0.04902100 0.17088800 0.04082340 0.02469250 0.01335100 0.05448300 0.04336560 0.01853600 0.00972633 0.01920460 0.07715390 0.07876730 0.00253269 0.01345060 0.02972110
71 0.05587904 0.02005891 0.01216781 0.00388265 0.00829759 0.01217421 0.01159601 0.01458311 0.00898065 0.19578413 0.25195216 0.01312181 0.07149655 0.05054333 0.00638773 0.02741232 0.04273973 0.00432955 0.01661761 0.17199511
72 0.05226452 0.01186160 0.00978457 0.00049256 0.00705375 0.00854159 0.00422861 0.01309870 0.00682450 0.24062209 0.25123609 0.00708590 0.05735202 0.03369691 0.00279995 0.01534901 0.03653601 0.00286811 0.01204540 0.22625808
73 0.14342694 0.05056708 0.04299938 0.08193537 0.01809119 0.04819308 0.13424294 0.04593598 0.02245169 0.02000689 0.03791148 0.06198267 0.01905439 0.02205309 0.05175558 0.08780916 0.05528898 0.00451612 0.01264509 0.03913288
74 0.10207607 0.04121543 0.03598473 0.03596193 0.01887701 0.03628233 0.04535523 0.04360433 0.02215142 0.06911905 0.09010216 0.04613313 0.03173662 0.02925102 0.03255472 0.10812208 0.11791708 0.00531000 0.01677081 0.07147485
75 0.06912538 0.14013396 0.04278909 0.06397708 0.01531080 0.05294558 0.13646396 0.03846619 0.02554469 0.01638369 0.03696779 0.11914896 0.02027219 0.01821049 0.04348679 0.06876148 0.04322539 0.00438921 0.01221180 0.03218549
76 0.10144801 0.07922681 0.04370311 0.07212271 0.01357450 0.05482791 0.14272202 0.03401060 0.02401140 0.01533420 0.03160590 0.11956901 0.01622440 0.01738610 0.05647781 0.07763631 0.05116021 0.00491098 0.01112380 0.03292420
77 0.17881006 0.04130001 0.02776471 0.03580101 0.02709761 0.02698531 0.04078231 0.09229713 0.01742861 0.05019732 0.07091682 0.04204531 0.02418021 0.03074791 0.03436041 0.10553204 0.06180512 0.00557966 0.02038601 0.06598242
78 0.05913262 0.02004591 0.01573751 0.00645737 0.00911897 0.01491771 0.01193920 0.01822391 0.01104330 0.20849009 0.22730409 0.01490401 0.05627392 0.03885562 0.00999928 0.03186311 0.04380182 0.00452107 0.01738641 0.17998407
79 0.06112307 0.02377049 0.01724039 0.01159679 0.01033800 0.01594069 0.01759249 0.02426749 0.01187829 0.17560992 0.22960789 0.02002389 0.05541707 0.04765948 0.01027990 0.03422808 0.04383718 0.00580708 0.02435289 0.15942892
80 0.15388694 0.03482139 0.03570799 0.04357918 0.02161759 0.01974849 0.03161979 0.25246890 0.01111170 0.01656369 0.03032339 0.03298159 0.01071320 0.01694019 0.03305109 0.15946594 0.04738558 0.00497628 0.01458709 0.02844999
81 0.07874263 0.07575833 0.10580904 0.03991752 0.06536853 0.03438151 0.03754372 0.05442472 0.03370501 0.02986651 0.04314202 0.08448893 0.01895451 0.02748601 0.02296711 0.10485604 0.05602242 0.01404421 0.03569141 0.03682981
82 0.06060227 0.01692709 0.01503889 0.00502438 0.00953853 0.01469869 0.00963201 0.01775009 0.01039819 0.20020090 0.23805788 0.01221309 0.05956317 0.04133768 0.00891253 0.04378878 0.04734008 0.00510334 0.01697049 0.16690192
83 0.12108289 0.03191677 0.03675117 0.03026497 0.02279838 0.03544817 0.03581487 0.03996356 0.02262318 0.03522137 0.04271026 0.03164307 0.02596538 0.02324608 0.02518618 0.20303681 0.18745483 0.00427022 0.01078399 0.03381787
84 0.17908588 0.04144647 0.02727708 0.03500768 0.02720318 0.02703648 0.04057147 0.09182024 0.01749869 0.05031857 0.07097185 0.04223257 0.02436228 0.02967568 0.03504178 0.10706493 0.06189036 0.00549876 0.01969269 0.06630336
85 0.05130788 0.01255509 0.00920330 0.00034272 0.00551032 0.00797155 0.00401170 0.01234359 0.00700250 0.23163190 0.27081389 0.00619122 0.06369447 0.03803488 0.00288256 0.01576609 0.03860988 0.00310395 0.01262659 0.20639591
86 0.14167196 0.03748189 0.02421289 0.02064349 0.01870929 0.04044089 0.04278369 0.04183249 0.02157589 0.09286267 0.06675108 0.03883109 0.02759619 0.02354649 0.13083396 0.09475747 0.06683418 0.00659940 0.01138680 0.05064818
87 0.07453232 0.03946841 0.08071162 0.06694252 0.01605090 0.02876201 0.04996981 0.25666906 0.01586770 0.01523140 0.03140991 0.05112611 0.00948688 0.01853290 0.03388961 0.13319003 0.03812921 0.00516858 0.01322070 0.02164031
88 0.18603402 0.03840670 0.02302870 0.02894290 0.02123290 0.04320810 0.06031151 0.07484871 0.01657340 0.02431250 0.03332040 0.04911480 0.01801620 0.02184210 0.14574601 0.10114601 0.06185521 0.00624328 0.00962443 0.03619210
89 0.10224100 0.04212120 0.03600250 0.03612610 0.01916500 0.03692450 0.04559940 0.04324570 0.02190430 0.06809010 0.08958780 0.04717330 0.03181470 0.02918800 0.03257020 0.10712500 0.11781800 0.00525648 0.01654320 0.07150350
90 0.06182083 0.02387391 0.01739691 0.01166781 0.01035251 0.01604361 0.01760691 0.02448341 0.01210521 0.17471409 0.22892511 0.02023661 0.05500363 0.04687342 0.01069481 0.03475262 0.04409522 0.00575641 0.02450891 0.15908808
91 0.09164785 0.04178932 0.04797172 0.08027824 0.01680061 0.04887832 0.13265307 0.04806032 0.02222901 0.01944731 0.03523012 0.05496113 0.02051041 0.01955951 0.04506572 0.15629408 0.06711703 0.00574099 0.01457241 0.03119282
92 0.13055900 0.05047350 0.04521520 0.08769260 0.01685590 0.05061180 0.14041800 0.04536110 0.02292420 0.02054160 0.03741560 0.06245140 0.01825330 0.02177120 0.05183360 0.08605510 0.05519800 0.00471781 0.01322970 0.03842140
93 0.07082133 0.02808797 0.01909378 0.01523229 0.01313489 0.02087008 0.02174518 0.02592438 0.01332679 0.16589085 0.19066382 0.02734377 0.04756006 0.04081436 0.01131509 0.03817186 0.04370756 0.00507692 0.02382918 0.17738984
94 0.06784083 0.12841606 0.04415252 0.05402043 0.01556311 0.05343633 0.11847206 0.03150722 0.02679721 0.01388381 0.03485542 0.17365208 0.01852731 0.01548611 0.04071162 0.06560443 0.04651472 0.00463832 0.01195181 0.03396862
95 0.05222974 0.01695801 0.01270631 0.00796796 0.01787601 0.01316991 0.01366331 0.01236731 0.01994612 0.08374867 0.16694413 0.01216771 0.04718974 0.20727917 0.00779876 0.03389343 0.02698762 0.02373042 0.13685311 0.08652257
96 0.14342200 0.03465990 0.03368800 0.04267330 0.02307440 0.02481480 0.03828290 0.18035500 0.01684200 0.03128450 0.05201100 0.03917690 0.01659610 0.01716340 0.03892870 0.11468300 0.09399650 0.00438178 0.01113380 0.04283200
97 0.20649594 0.03046169 0.02709999 0.03292869 0.03346189 0.02214849 0.03340789 0.09897287 0.01613560 0.02705219 0.03943949 0.03070069 0.01928919 0.02317649 0.03161899 0.18557094 0.08239618 0.00500630 0.01388410 0.04075239
98 0.06324095 0.04211713 0.07919816 0.19243515 0.01043021 0.05000554 0.15168212 0.05749634 0.02653172 0.01413511 0.02776452 0.07621246 0.00964072 0.01100131 0.02458492 0.07212105 0.04438853 0.00401003 0.01648431 0.02651972
99 0.05639314 0.02646782 0.08155766 0.22742816 0.00546404 0.06739895 0.18166213 0.05051304 0.02787682 0.01380821 0.02578162 0.04583233 0.00826372 0.00878008 0.01882641 0.06889875 0.04135453 0.00229976 0.01660731 0.02478552
100 0.06154941 0.02374730 0.01732470 0.01116390 0.01016320 0.01601100 0.01710750 0.02400080 0.01201730 0.17577502 0.23009402 0.01978770 0.05548231 0.04750110 0.01011180 0.03399160 0.04368310 0.00588070 0.02468450 0.15992302
101 0.12110904 0.04160381 0.04204441 0.04485371 0.02460361 0.03669921 0.04948562 0.07978003 0.02299321 0.03508711 0.05034192 0.04513711 0.02274681 0.03055901 0.03449571 0.16589705 0.07696772 0.00808458 0.02543821 0.04207211
102 0.10811099 0.02213960 0.01564550 0.01373590 0.01909020 0.01750000 0.01744380 0.02894730 0.01049580 0.15677498 0.17566998 0.02216620 0.04431559 0.03462040 0.01233430 0.04558759 0.04756449 0.00361152 0.01606090 0.18818498
103 0.16722201 0.03994540 0.02861900 0.03060940 0.04401550 0.01420800 0.01931780 0.29393902 0.00984730 0.01548480 0.03795550 0.03660310 0.01169430 0.01446560 0.03301190 0.10722801 0.04420560 0.00367803 0.01273980 0.03520990
104 0.06649327 0.02449513 0.02022892 0.01603502 0.01844402 0.02521123 0.02738403 0.02786773 0.02327473 0.06264087 0.11516213 0.02567453 0.03606134 0.17414819 0.02168962 0.05592396 0.03730594 0.02239192 0.12450114 0.07506628
105 0.15326003 0.02547020 0.01853690 0.02278940 0.02799581 0.02054190 0.02533010 0.04211791 0.01244400 0.09617612 0.12384902 0.02952911 0.03605611 0.02808401 0.01845950 0.08719772 0.08410232 0.00344021 0.01347460 0.13114502
106 0.05317501 0.01332900 0.01038820 0.00131020 0.00712061 0.00942181 0.00539162 0.01363770 0.00749566 0.23317006 0.25207406 0.00815061 0.05867561 0.03579851 0.00356970 0.01765660 0.03805111 0.00318164 0.01329420 0.21510805
107 0.10712196 0.07210177 0.04093668 0.03291499 0.02003239 0.05052398 0.05189438 0.03346449 0.02916009 0.02863189 0.04248628 0.12424495 0.01745099 0.03135119 0.02963499 0.07866947 0.09353506 0.00789141 0.05323258 0.05472048
108 0.05170574 0.01378461 0.00887859 0.00061651 0.00578658 0.00856346 0.00515221 0.01177991 0.00737356 0.21903415 0.26953019 0.00623760 0.06785715 0.05201274 0.00347088 0.01744211 0.03900223 0.00358335 0.01627631 0.19191213
109 0.09830546 0.04507183 0.02814522 0.02379311 0.01827731 0.02196601 0.03253642 0.15251409 0.01459131 0.08068325 0.10855407 0.03602492 0.05908174 0.02860352 0.02483802 0.07677865 0.04770143 0.00538199 0.01412671 0.08302495
110 0.05162690 0.26848600 0.04573760 0.00963928 0.02272320 0.05066290 0.04919780 0.01350250 0.03614890 0.01126920 0.03906860 0.24357200 0.02228140 0.00565474 0.01040200 0.03830230 0.03325540 0.00325769 0.01152410 0.03368750
111 0.07364166 0.04939404 0.05755475 0.12896611 0.01066361 0.05634485 0.17060914 0.04588084 0.02437592 0.02073982 0.03838943 0.06390925 0.01708641 0.02040572 0.04182463 0.07575396 0.04961154 0.00410277 0.01636611 0.03437943
112 0.09127032 0.04389101 0.05129481 0.03721351 0.01687040 0.02233760 0.03379081 0.33358107 0.00947406 0.01087160 0.03025021 0.06709021 0.00910885 0.01819430 0.04286171 0.11513302 0.03273281 0.00464599 0.01026500 0.01912270
113 0.03651121 0.01029910 0.02234090 0.01126650 0.02336660 0.01333900 0.00622635 0.00964097 0.04892311 0.02006400 0.07953531 0.01486760 0.00884204 0.22769304 0.00484417 0.03954271 0.01128300 0.05915871 0.31278605 0.03946961
114 0.21835897 0.03480320 0.01865970 0.02863960 0.02406070 0.01115910 0.01717840 0.32754295 0.00737156 0.01343680 0.02870070 0.02363320 0.00948446 0.01030690 0.02654730 0.11743098 0.04038639 0.00252001 0.00995771 0.02982140
115 0.12073198 0.04165019 0.04237529 0.04438339 0.02451700 0.03657809 0.04894649 0.07952529 0.02253010 0.03604299 0.05180419 0.04515009 0.02291470 0.03005680 0.03447969 0.16604898 0.07644019 0.00821975 0.02471850 0.04288629
116 0.05010739 0.02183790 0.02700890 0.02441000 0.02160190 0.02170120 0.02189350 0.02515620 0.03762250 0.04089800 0.08901969 0.02643000 0.01693010 0.16459898 0.01067360 0.05115839 0.02390640 0.04163530 0.22705098 0.05635909
117 0.07371316 0.17977490 0.04281108 0.02434089 0.02098879 0.04581197 0.05200557 0.05122497 0.03022098 0.03482158 0.05651437 0.13785992 0.02545639 0.01978019 0.02641069 0.06376616 0.04504748 0.00538205 0.01681999 0.04724887
118 0.04058510 0.01167350 0.01591010 0.00970857 0.02254060 0.01124610 0.00676279 0.00966852 0.03477100 0.03878360 0.11246101 0.01255660 0.02147940 0.23652501 0.00485686 0.03426970 0.01422190 0.04743920 0.26054102 0.05399940
119 0.09047828 0.02893410 0.03018119 0.02713570 0.01933190 0.02654270 0.03199299 0.04571709 0.01723120 0.10032798 0.15887297 0.03077049 0.04033459 0.03894859 0.02058110 0.10127898 0.06326259 0.00736397 0.02384220 0.09687138
120 0.07883433 0.01621491 0.01254481 0.00666469 0.01095340 0.01107250 0.00869053 0.04134012 0.00874609 0.19612008 0.22830310 0.01114100 0.05400272 0.03453451 0.00943210 0.03716362 0.04330122 0.00380687 0.01357631 0.17355707
121 0.05234281 0.01304040 0.00964147 0.00083146 0.00605219 0.00847219 0.00474289 0.01279610 0.00729928 0.22777006 0.26761607 0.00700948 0.06267072 0.03827621 0.00314049 0.01673450 0.03884561 0.00316510 0.01319290 0.20636005
122 0.06148303 0.17835209 0.06129003 0.01984321 0.01254461 0.09980595 0.04313722 0.01587741 0.08685314 0.02099101 0.02775501 0.15606907 0.01376581 0.01013600 0.02607411 0.06009403 0.05132462 0.00566712 0.01567511 0.03326142
123 0.07608922 0.02594851 0.02039380 0.01403000 0.01589320 0.02147111 0.02464001 0.02159311 0.01301410 0.13521203 0.19242805 0.02138021 0.07258492 0.04797761 0.01249160 0.08023792 0.06034011 0.00606516 0.01688130 0.12132803
124 0.08531664 0.03667082 0.04771642 0.08925714 0.01282081 0.05157522 0.15499607 0.03368131 0.02356381 0.01872291 0.03626092 0.05422152 0.02221811 0.01768181 0.04172682 0.12414705 0.10062704 0.00436187 0.01321531 0.03121841
125 0.06952313 0.04284662 0.07222384 0.04874562 0.01503011 0.02338741 0.04025482 0.36104318 0.01178361 0.01183171 0.03333742 0.05398413 0.00936073 0.01741151 0.03451302 0.09360025 0.02860531 0.00378749 0.00986828 0.01886181
126 0.12810102 0.03654261 0.03118910 0.03230110 0.02019340 0.03320080 0.03939861 0.16540102 0.01682340 0.02006290 0.03985531 0.05205401 0.01344920 0.01633770 0.12866902 0.09963941 0.08474331 0.00608229 0.00878686 0.02716890
127 0.05903311 0.02018250 0.01592780 0.00676668 0.00925817 0.01518110 0.01191330 0.01801000 0.01102810 0.20707805 0.22650105 0.01513880 0.05638211 0.03930671 0.01018930 0.03283191 0.04441311 0.00455413 0.01772400 0.17858004
128 0.07062834 0.02795372 0.01886171 0.01531471 0.01277551 0.02102851 0.02183791 0.02540492 0.01319831 0.16576510 0.19075512 0.02724952 0.04763743 0.04126533 0.01170051 0.03831202 0.04401323 0.00515398 0.02354501 0.17759911
129 0.07104120 0.06441850 0.04824790 0.05523320 0.01248540 0.10004900 0.08121490 0.03903170 0.03196640 0.03902050 0.05504450 0.07818770 0.02133940 0.03004390 0.05254180 0.07983290 0.05784060 0.00708503 0.02321220 0.05216330
130 0.07484332 0.04761171 0.04483451 0.03312171 0.01623130 0.09190112 0.05672601 0.02712671 0.02337331 0.04391781 0.05916541 0.05026271 0.06413671 0.02704121 0.03737071 0.14664703 0.08969182 0.00758187 0.01488690 0.04352811
131 0.07370950 0.02871070 0.07655050 0.20497600 0.01155840 0.04716460 0.15452800 0.06468190 0.02579720 0.01485770 0.02944780 0.04442250 0.01015870 0.01428260 0.02061540 0.07972130 0.04564100 0.00372550 0.02063410 0.02881660
132 0.10454999 0.04232039 0.02647190 0.02799160 0.02023200 0.05058399 0.04932349 0.04880729 0.01860570 0.05673879 0.07888339 0.05523549 0.02742890 0.03662300 0.10008199 0.07038709 0.05138529 0.00737303 0.01858470 0.10839199
133 0.07305015 0.17842387 0.04269607 0.02411348 0.02080098 0.04571187 0.05161456 0.04997016 0.03066048 0.03608097 0.05805936 0.13702590 0.02577808 0.02016579 0.02604948 0.06345285 0.04544597 0.00550053 0.01717889 0.04822056
134 0.06121674 0.02379062 0.01739081 0.01154271 0.01023311 0.01599801 0.01727431 0.02485502 0.01216651 0.17546812 0.22918216 0.02013861 0.05531124 0.04750143 0.01024871 0.03407872 0.04383743 0.00583679 0.02459582 0.15933311
135 0.13101495 0.04048838 0.03645779 0.04021868 0.01891689 0.01960859 0.03273789 0.32343087 0.01043410 0.02159409 0.04096558 0.03855678 0.01250899 0.01610249 0.03250499 0.09930716 0.03652829 0.00365431 0.01264419 0.03232499
136 0.07906462 0.13022804 0.04460121 0.02847251 0.01857721 0.05626602 0.04935902 0.03684341 0.03185491 0.03538911 0.05131142 0.10542403 0.02407311 0.01809411 0.03322011 0.08493183 0.10893803 0.00524629 0.01345330 0.04465171
137 0.05408811 0.02165730 0.08461742 0.25560306 0.00356976 0.05433571 0.21372205 0.05063211 0.02604911 0.01241110 0.02244541 0.04205531 0.00628469 0.00504402 0.01194870 0.06117561 0.03637461 0.00099100 0.01459900 0.02239591
138 0.05424882 0.07160183 0.04291942 0.03262931 0.02177191 0.04066772 0.04034152 0.02878101 0.03660151 0.02549281 0.05668652 0.10186904 0.01480281 0.09499034 0.01976201 0.05870912 0.03671271 0.02679341 0.14833206 0.04628612
139 0.13080706 0.03223011 0.03759742 0.03236631 0.02569011 0.03405101 0.03716582 0.04749972 0.02191991 0.03475841 0.04282832 0.03285101 0.02554061 0.02386911 0.02656551 0.20963609 0.15207107 0.00458527 0.01180951 0.03615762
140 0.05212760 0.24943901 0.03835710 0.01109740 0.02545970 0.04551960 0.05277250 0.01756070 0.02912180 0.01509920 0.05813920 0.23099301 0.02567770 0.00831209 0.01425930 0.03896780 0.03381110 0.00354628 0.01203510 0.03770380
141 0.05941500 0.03216330 0.04381750 0.08916159 0.01266180 0.05832870 0.14238299 0.03033010 0.02525750 0.06847100 0.06377260 0.03851680 0.02315420 0.04988120 0.02226400 0.06383130 0.04791370 0.00786357 0.06178790 0.05902530
142 0.05520473 0.01822841 0.01293791 0.00340567 0.00891844 0.02505931 0.01208511 0.01432121 0.01019080 0.21484310 0.22275910 0.01569461 0.05327472 0.03483512 0.00612333 0.02253411 0.03937862 0.00341150 0.01515311 0.21164110
143 0.06897575 0.03871177 0.07140625 0.14964289 0.01317329 0.03786587 0.11144492 0.15660888 0.02044268 0.01296679 0.02842138 0.07113085 0.00808741 0.01306589 0.03464577 0.08504944 0.03869377 0.00414843 0.01319499 0.02232298
144 0.12132304 0.04121821 0.04282211 0.04414622 0.02462711 0.03510741 0.04881282 0.07948883 0.02271271 0.03621951 0.05114352 0.04501422 0.02286191 0.03030041 0.03378691 0.16656906 0.07796673 0.00805625 0.02489181 0.04293122
145 0.05604365 0.02314502 0.08210867 0.24528821 0.00376308 0.05480175 0.21590518 0.04943514 0.02541022 0.01247121 0.02291152 0.04338564 0.00692264 0.00560584 0.01531301 0.06186625 0.03742613 0.00123210 0.01440711 0.02255762
146 0.11651794 0.05704847 0.03917408 0.04443038 0.01540159 0.09657205 0.07702236 0.04082228 0.02888518 0.03540208 0.04818577 0.07091306 0.02045949 0.02876238 0.06100277 0.08325505 0.05862597 0.00631755 0.01901899 0.05218257
147 0.06539677 0.11581395 0.04806998 0.03411078 0.01262929 0.10298095 0.06642917 0.02932429 0.03620068 0.02217129 0.03668778 0.16082993 0.01543549 0.01904729 0.05361998 0.06436407 0.05335428 0.00623196 0.01608509 0.04121698
148 0.10838403 0.03603971 0.02797441 0.02725281 0.01418450 0.04834151 0.05724512 0.03668821 0.02079121 0.03680391 0.04443531 0.04775871 0.04516481 0.02129941 0.20413306 0.08006222 0.09751213 0.00704854 0.00968656 0.02919381
149 0.07054745 0.06470695 0.04834083 0.05592734 0.01259831 0.10071607 0.08241836 0.03930833 0.03226802 0.03886433 0.05461744 0.07857766 0.02083921 0.02925602 0.05218304 0.07873176 0.05798944 0.00690099 0.02297882 0.05222964
150 0.06651257 0.02475849 0.02040039 0.01611339 0.01834369 0.02559779 0.02772999 0.02821159 0.02284069 0.06177998 0.11496295 0.02578579 0.03616379 0.17579493 0.02199179 0.05574998 0.03684309 0.02224439 0.12375895 0.07441577
151 0.17827396 0.04133739 0.02710429 0.03543969 0.02663129 0.02687789 0.04090489 0.09144788 0.01743460 0.05155879 0.07199509 0.04248899 0.02457280 0.03003959 0.03480249 0.10497598 0.06138339 0.00549520 0.02008450 0.06715129
152 0.03985370 0.01191070 0.01905950 0.01184350 0.02281610 0.01241510 0.00752353 0.01204720 0.03887190 0.03919660 0.10643300 0.01500780 0.01609710 0.20820099 0.00508801 0.03781780 0.01487220 0.05161510 0.27560899 0.05372120
153 0.05989848 0.02525459 0.07792407 0.22457991 0.00596744 0.05239598 0.19958792 0.05147868 0.02432939 0.01251889 0.02503239 0.04470678 0.00912257 0.00699353 0.01916539 0.07910727 0.04145008 0.00180486 0.01466639 0.02401539
154 0.13383499 0.02751530 0.05900360 0.16206099 0.02057120 0.03767740 0.12082499 0.07649910 0.02070000 0.01470110 0.03129310 0.03813630 0.01247550 0.01620130 0.02464880 0.09542600 0.05253910 0.00317325 0.01633780 0.03638020
155 0.13105407 0.04032632 0.03632212 0.03984432 0.01909241 0.01981491 0.03253642 0.32437816 0.01048491 0.02134061 0.04119672 0.03856082 0.01255591 0.01616001 0.03272362 0.09852965 0.03619132 0.00376150 0.01261241 0.03251382
156 0.03775021 0.00994727 0.01825750 0.01081040 0.02322530 0.01268470 0.00580424 0.00917807 0.04107951 0.02059730 0.08477542 0.01367560 0.01196190 0.24561405 0.00467602 0.03647751 0.01106340 0.05530241 0.30432806 0.04279111
157 0.15648894 0.13116695 0.03388469 0.02469069 0.05600078 0.02823839 0.03705099 0.07444627 0.01980069 0.02435149 0.04494348 0.09284836 0.02205959 0.01656759 0.02418579 0.09530856 0.05441738 0.00466570 0.01437389 0.04450978
158 0.06138544 0.02373632 0.01709931 0.01119661 0.01022181 0.01582141 0.01727721 0.02430202 0.01189161 0.17575212 0.22965416 0.02010151 0.05537424 0.04774363 0.01058431 0.03418582 0.04379743 0.00579782 0.02461712 0.15946011
159 0.05338664 0.01633998 0.01091749 0.00410411 0.01105509 0.01085909 0.01050839 0.01309189 0.01209559 0.15895883 0.23473474 0.00955497 0.06008483 0.11439288 0.00614209 0.02611107 0.03510926 0.01118589 0.05889134 0.14247584
160 0.05432513 0.01462618 0.01059699 0.00242641 0.00684090 0.00960273 0.00673846 0.01414678 0.00796088 0.21811273 0.26217867 0.00899626 0.06199382 0.04058255 0.00413649 0.01958048 0.03999715 0.00363417 0.01529848 0.19822475
161 0.07318762 0.17852005 0.04303101 0.02414991 0.02099001 0.04547481 0.05159231 0.05194421 0.03080191 0.03550801 0.05748222 0.13692004 0.02543461 0.01954981 0.02635541 0.06393742 0.04529521 0.00543752 0.01685570 0.04753221
162 0.05163754 0.01244001 0.00930561 0.00044711 0.00584469 0.00807432 0.00409418 0.01250741 0.00699763 0.23277817 0.26752419 0.00637748 0.06259785 0.03734133 0.00286000 0.01583691 0.03833913 0.00307628 0.01259101 0.20932915
163 0.05195694 0.01345341 0.01000971 0.00112744 0.00589718 0.00896305 0.00511039 0.01297501 0.00759674 0.22549818 0.26878922 0.00731980 0.06412595 0.04044743 0.00382485 0.01805921 0.03958793 0.00349707 0.01397331 0.19778716
164 0.05093240 0.01304130 0.00927216 0.00083593 0.00639097 0.00836772 0.00450526 0.01223510 0.00821611 0.22053002 0.26383303 0.00655818 0.06291381 0.04929690 0.00310601 0.01702920 0.03813970 0.00479996 0.02376520 0.19623102
165 0.05463864 0.01462531 0.01084921 0.00235700 0.00734971 0.01010621 0.00674665 0.01431621 0.00806239 0.22144217 0.25335919 0.00952548 0.05906704 0.03849313 0.00399630 0.01917311 0.03878363 0.00357675 0.01530471 0.20822716
166 0.03721678 0.00983101 0.01954679 0.01111279 0.02327929 0.01275609 0.00583645 0.00997451 0.04301658 0.02177679 0.08414985 0.01420239 0.01030329 0.23270787 0.00474438 0.03792898 0.01109699 0.05774197 0.31057682 0.04220038
167 0.05790198 0.01414310 0.01046760 0.00169554 0.00697323 0.00951431 0.00572564 0.01419080 0.00788433 0.22156394 0.26097893 0.00804327 0.06227528 0.03942689 0.00500563 0.02168109 0.04064539 0.00348941 0.01367070 0.19472295
168 0.06371032 0.18568205 0.04870071 0.02207801 0.01546920 0.08717712 0.05546922 0.02412221 0.04267151 0.02349041 0.03599601 0.15737004 0.01850861 0.01500140 0.03502081 0.06039412 0.05139221 0.00513902 0.01408230 0.03852471
169 0.04189509 0.01244250 0.01538909 0.00973618 0.02257329 0.01162290 0.00751500 0.00976188 0.03315799 0.03856139 0.11408096 0.01273680 0.02353539 0.24264492 0.00527838 0.03420419 0.01479479 0.04501668 0.25093691 0.05411568
170 0.10808208 0.04215143 0.02904762 0.02927282 0.01379251 0.05460424 0.06503105 0.05374634 0.02192222 0.02903872 0.03760893 0.06122165 0.01886311 0.02120622 0.18689614 0.08748427 0.09639707 0.00723333 0.00944252 0.02695772
171 0.06583019 0.02520130 0.02063460 0.01653760 0.01827510 0.02528820 0.02752440 0.02778870 0.02320550 0.06239659 0.11495499 0.02616190 0.03590760 0.17504698 0.02142310 0.05539829 0.03661700 0.02259200 0.12450099 0.07471499
172 0.06037867 0.18959092 0.08151836 0.03286159 0.02109839 0.05225518 0.04787528 0.04193088 0.04045128 0.02253099 0.03556358 0.15468593 0.01835879 0.01219199 0.01924769 0.06529507 0.04695058 0.00640584 0.01717469 0.03363429
173 0.10783102 0.04077871 0.02924441 0.03088801 0.01551180 0.05421321 0.06623732 0.06537992 0.01742910 0.02434311 0.03018581 0.05388331 0.01480680 0.02186671 0.18428804 0.14509003 0.05582241 0.00940287 0.01013420 0.02266321
174 0.06198848 0.01761289 0.01291720 0.00617094 0.01044890 0.01431199 0.01496509 0.01521659 0.01221210 0.15635895 0.22165392 0.01283320 0.05946988 0.09270977 0.00931975 0.03815869 0.05498598 0.00740056 0.03851819 0.14274695
175 0.05225241 0.01195640 0.00982098 0.00053861 0.00712079 0.00857388 0.00422498 0.01310550 0.00691277 0.24018906 0.25115806 0.00709702 0.05739111 0.03375241 0.00282524 0.01548740 0.03662171 0.00287428 0.01211730 0.22598006
176 0.06795787 0.04779078 0.04990858 0.10960795 0.00732994 0.10388396 0.16577393 0.03424029 0.02571309 0.02100129 0.03226229 0.06399207 0.01406999 0.02346259 0.05658848 0.07089267 0.04934958 0.00428539 0.01720869 0.03468059
177 0.10220706 0.04640723 0.03019492 0.03186392 0.01393141 0.06002694 0.07078024 0.07037234 0.02070161 0.02667792 0.04069593 0.06484334 0.01741651 0.02573192 0.18064711 0.08835335 0.05845894 0.00812329 0.01284621 0.02971982
178 0.05576884 0.02766222 0.01655371 0.00437899 0.00928184 0.01887491 0.01155351 0.01507681 0.01153691 0.21124414 0.21357014 0.03317922 0.05165463 0.03162942 0.00749805 0.02448342 0.04054053 0.00386717 0.01434241 0.19730313
179 0.05557880 0.01255360 0.01001270 0.00089541 0.00741171 0.00881161 0.00473629 0.01342840 0.00708334 0.23603101 0.25081201 0.00738242 0.05809430 0.03430450 0.00345581 0.01742760 0.03777410 0.00295276 0.01220960 0.21904401
