1 0.31432221 0.01130941 0.01582081 0.01246901 0.18757812 0.00759567 0.01256761 0.02923042 0.00782677 0.02571952 0.02684202 0.01401211 0.03987943 0.00718964 0.00879545 0.23065715 0.02139761 0.00179000 0.00665434 0.01834271
2 0.35858911 0.03614821 0.02567291 0.02640951 0.01999511 0.02430051 0.03525311 0.05284642 0.01450550 0.04258611 0.06291852 0.04116691 0.02229531 0.02365051 0.02664961 0.06803802 0.03811151 0.00518180 0.01814271 0.05753862
3 0.25358097 0.02067570 0.01435430 0.01870920 0.03009500 0.01364830 0.02861840 0.03812590 0.00945326 0.03508680 0.04461659 0.02505830 0.02456230 0.01853710 0.01811990 0.32693296 0.03130790 0.00408077 0.01013320 0.03430320
4 0.06034891 0.02820481 0.02774570 0.02438690 0.01235950 0.02292980 0.03237021 0.03989711 0.01464870 0.08941482 0.08764692 0.03345561 0.02797831 0.02559970 0.01896690 0.04548861 0.03610221 0.00613342 0.02077180 0.34555006
5 0.20542609 0.02576441 0.01901111 0.01438271 0.01318631 0.01548481 0.01783991 0.03361072 0.01121571 0.30489814 0.07254283 0.02641591 0.02798581 0.02914271 0.01272631 0.05620113 0.03354022 0.00392905 0.01541451 0.06128163
6 0.06174439 0.04204929 0.02820459 0.03908489 0.01411630 0.03004799 0.03614989 0.03662939 0.01524160 0.05335379 0.06973679 0.03260389 0.02423400 0.02840129 0.01996040 0.07281089 0.31164994 0.00537958 0.02068570 0.05791539
7 0.08277657 0.04150419 0.02907079 0.02851829 0.02138989 0.02425879 0.03946049 0.04696158 0.01474970 0.04267689 0.05876938 0.03356509 0.02696909 0.02574359 0.02088259 0.34045389 0.04591588 0.00701213 0.01860579 0.05071538
8 0.06900968 0.05710739 0.03429969 0.03271089 0.01280960 0.03232549 0.04934919 0.03960309 0.02029459 0.04062059 0.06172838 0.32174092 0.02059109 0.02571619 0.01881100 0.05135899 0.03229709 0.00513956 0.01960949 0.05487709
9 0.06240261 0.03640201 0.03077760 0.04944881 0.01017930 0.03164961 0.31827605 0.04468711 0.01818650 0.03934071 0.06270991 0.04747691 0.02018980 0.02430590 0.02147490 0.05877141 0.03753101 0.00724524 0.02696090 0.05198371
10 0.08227506 0.03959398 0.02946729 0.02926419 0.02043159 0.02379989 0.04012088 0.04564148 0.01552749 0.04393318 0.06061787 0.03346328 0.02721579 0.02795329 0.01920479 0.33867484 0.04759798 0.00681557 0.01890219 0.04949938
11 0.03218742 0.29610915 0.02389701 0.02076821 0.00800164 0.01912851 0.02570561 0.01813311 0.01952831 0.02942262 0.03672942 0.03603992 0.01233721 0.01421661 0.01990641 0.28252915 0.03956512 0.00371304 0.03045212 0.03162942
12 0.05082371 0.02658621 0.01884441 0.01812921 0.01101410 0.01651750 0.02544671 0.02934791 0.01380080 0.35685510 0.12028203 0.02717851 0.03815921 0.03265351 0.01571720 0.04263811 0.03542691 0.00557232 0.01775630 0.09725023
13 0.04522240 0.03404970 0.26454200 0.03843200 0.01481910 0.03213420 0.03879610 0.05056130 0.01155200 0.03920130 0.03862640 0.02749710 0.01681560 0.02745080 0.01500200 0.19679100 0.03351170 0.00345881 0.01425060 0.05728590
14 0.03394558 0.01569019 0.00840841 0.00618549 0.00346726 0.00706138 0.01057310 0.01186769 0.00750262 0.24187189 0.41937581 0.01214969 0.03471828 0.02839069 0.00533275 0.02075009 0.02365909 0.00514975 0.01127619 0.09262406
15 0.03954830 0.02593120 0.02025440 0.01500500 0.01666800 0.02676200 0.03128690 0.02283480 0.01490890 0.05926090 0.06437710 0.02178530 0.22954301 0.04275140 0.01615200 0.04635530 0.01996200 0.00998934 0.20090101 0.07572310
16 0.02420297 0.01821478 0.01144319 0.01176969 0.00681094 0.01118849 0.02378708 0.01541888 0.01197139 0.07349812 0.34165864 0.01967778 0.12206987 0.03939146 0.01328509 0.02663147 0.01939238 0.01202919 0.13127686 0.06628173
17 0.08245854 0.03302761 0.02647231 0.03056641 0.01279591 0.03359611 0.03583232 0.02555521 0.01513061 0.04015872 0.06396813 0.03310611 0.01630541 0.02186841 0.36225716 0.05286142 0.03573552 0.00458446 0.02111861 0.05260102
18 0.06360340 0.03360540 0.02449790 0.02093740 0.01561140 0.02307420 0.03117270 0.03439300 0.01486120 0.08955909 0.09279019 0.03249610 0.26708398 0.02913940 0.01653430 0.06225690 0.03842690 0.00679456 0.02537790 0.07778410
19 0.21771705 0.01970390 0.02618801 0.16348604 0.00797715 0.01838490 0.02492581 0.02553591 0.01092570 0.02644941 0.04857531 0.02906371 0.01329760 0.23084505 0.01225470 0.04938101 0.02289211 0.00459512 0.02011460 0.02768691
20 0.06134454 0.03557122 0.03152832 0.04928703 0.01013771 0.03167962 0.31922319 0.04240183 0.01804611 0.03789602 0.06385014 0.04831803 0.02056751 0.02509372 0.02214421 0.05902924 0.03694912 0.00722639 0.02706902 0.05263703
21 0.05155488 0.01939129 0.08310717 0.30214288 0.00641529 0.01599349 0.05404088 0.02699979 0.01049830 0.01972949 0.06565667 0.02327059 0.01042500 0.01213710 0.17773093 0.03502669 0.02650129 0.00633151 0.01863279 0.03441399
22 0.05839088 0.03267779 0.04863328 0.33844686 0.00969337 0.02929279 0.06430317 0.04212818 0.01527289 0.03454829 0.05542018 0.04045368 0.01554789 0.01878709 0.02128159 0.05564638 0.04869698 0.00485673 0.02175299 0.04416898
23 0.06320136 0.32558779 0.03000928 0.02826548 0.01206719 0.02841038 0.03593158 0.03828278 0.01589879 0.04378117 0.06584986 0.05947426 0.02187609 0.02270189 0.02043319 0.06309096 0.04473027 0.00522763 0.02467668 0.05050337
24 0.04961699 0.03712589 0.02448759 0.02774239 0.01494900 0.02099269 0.04109559 0.02908219 0.02787009 0.04175039 0.06567868 0.03111739 0.02487269 0.08730517 0.01866549 0.04183849 0.02925559 0.01496700 0.31553991 0.05604678
25 0.35423421 0.03603062 0.02581011 0.02851932 0.01939111 0.02366591 0.03493202 0.05545193 0.01453621 0.04298402 0.06226274 0.04230882 0.02278931 0.02410161 0.02683102 0.06634574 0.03757662 0.00512022 0.01880041 0.05830803
26 0.03946529 0.02441269 0.02437909 0.01646830 0.00710003 0.02981829 0.01755249 0.02675259 0.00976094 0.02820379 0.04143509 0.22632893 0.01133120 0.19544494 0.00772794 0.21975893 0.01725249 0.00493889 0.02159409 0.03027399
27 0.06993879 0.05869849 0.03355789 0.03094699 0.01266190 0.03194459 0.05006929 0.03997449 0.01941010 0.04102589 0.06316119 0.31722794 0.02115300 0.02519710 0.02056190 0.05159029 0.03336159 0.00481129 0.02019420 0.05451309
28 0.35436884 0.03489958 0.02490829 0.02683659 0.02015329 0.02372219 0.03662808 0.05561797 0.01374949 0.04334398 0.06425417 0.04046488 0.02314649 0.02610459 0.02589649 0.06834967 0.03711268 0.00516365 0.01821799 0.05706107
29 0.05448931 0.03030000 0.01956790 0.02087960 0.00894408 0.01966110 0.02929710 0.03160810 0.01336500 0.09161241 0.38699204 0.03200750 0.02957660 0.03573080 0.01722550 0.04101520 0.03525190 0.00736471 0.02079990 0.07431121
30 0.05256638 0.02892859 0.02012969 0.01867299 0.01184990 0.01991419 0.02716279 0.02993349 0.01807929 0.06106978 0.09496596 0.03113889 0.02189929 0.32622687 0.01490639 0.04841618 0.03391769 0.01428569 0.07467767 0.05125828
31 0.05182451 0.01971480 0.07798721 0.22718603 0.00680584 0.01816530 0.05757451 0.02818820 0.01188940 0.02031060 0.06570681 0.02548470 0.01054530 0.01255320 0.24613303 0.03475100 0.02536550 0.00763623 0.01886690 0.03331090
32 0.05927624 0.01759511 0.02838612 0.02175791 0.01352371 0.01468031 0.03878653 0.34291822 0.01269331 0.02623462 0.04206703 0.02712942 0.01391611 0.01224981 0.00603346 0.25441817 0.02755782 0.00467806 0.00837794 0.02772012
33 0.23788498 0.02569480 0.02435870 0.01600630 0.01135260 0.01664920 0.02515020 0.03233930 0.01079550 0.04580340 0.06051810 0.03920380 0.01633150 0.02097390 0.02387880 0.04123250 0.02806960 0.00567487 0.01645600 0.30162598
34 0.03488359 0.01727069 0.01462859 0.00794566 0.00660198 0.01552079 0.01513029 0.02062479 0.01030680 0.35756885 0.10846695 0.01655979 0.03742778 0.02303049 0.00638466 0.02071289 0.03384929 0.00313362 0.01022960 0.23972290
35 0.08305193 0.04063881 0.02939291 0.02982291 0.01987961 0.02550371 0.03979981 0.04803242 0.01462181 0.04378462 0.05872942 0.03459731 0.02599521 0.02860821 0.01966311 0.33407712 0.04782082 0.00684884 0.01830471 0.05082672
36 0.08063832 0.04071531 0.02978821 0.02931601 0.02010520 0.02486531 0.04057571 0.04620471 0.01506560 0.04451361 0.05851971 0.03413051 0.02727541 0.02693931 0.02056780 0.33809708 0.04776911 0.00632026 0.01861490 0.04997791
37 0.25706100 0.01878390 0.02391240 0.02253940 0.01180070 0.01550560 0.01796790 0.02371320 0.00939284 0.04745020 0.05469450 0.03001930 0.01660440 0.17846500 0.01455020 0.17815000 0.02422120 0.00521427 0.01403430 0.03591970
38 0.05869411 0.03273141 0.04819861 0.34153908 0.00942411 0.02914931 0.06326921 0.04174201 0.01605980 0.03247571 0.05444131 0.04062911 0.01505260 0.01886300 0.02107620 0.05610531 0.05125811 0.00465916 0.02167540 0.04295641
39 0.35651706 0.03542781 0.02675520 0.02770840 0.01894990 0.02261880 0.03446481 0.05429881 0.01408380 0.04273901 0.06323361 0.04044941 0.02322120 0.02527480 0.02666100 0.06856161 0.03705041 0.00541523 0.01805690 0.05851221
40 0.08130677 0.04227658 0.02892239 0.02827619 0.02072609 0.02470659 0.04100498 0.04756638 0.01431759 0.04284138 0.05707468 0.03662288 0.02687039 0.02798429 0.01883279 0.33868586 0.04634958 0.00699312 0.01861589 0.05002558
41 0.32271791 0.01630890 0.01148160 0.01591480 0.03181049 0.01060490 0.02271299 0.03450009 0.00810973 0.03059229 0.03566729 0.02145709 0.02244109 0.01498490 0.01506870 0.32112991 0.02576859 0.00301969 0.00768217 0.02802689
42 0.35560310 0.03508371 0.02675281 0.02708711 0.01891491 0.02282161 0.03478111 0.05289051 0.01475430 0.04384341 0.06319862 0.04114851 0.02234381 0.02600631 0.02706341 0.06984972 0.03628931 0.00531623 0.01831990 0.05793162
43 0.34426098 0.02324590 0.02166860 0.01546240 0.17779299 0.01772140 0.01667170 0.03100770 0.01261130 0.02795520 0.03878490 0.03145920 0.02977740 0.01433550 0.01698590 0.10273399 0.02577580 0.00311935 0.01556470 0.03306510
44 0.06155689 0.04112999 0.02797269 0.03873189 0.01383530 0.02826709 0.03580129 0.03794879 0.01511300 0.05536329 0.07040878 0.03324489 0.02330749 0.02720079 0.01970120 0.07296098 0.31052893 0.00528224 0.02090559 0.06073889
45 0.04881322 0.02019171 0.01432431 0.01297381 0.00773431 0.01472261 0.02043851 0.03076661 0.00873584 0.08837693 0.27623911 0.02205921 0.02876661 0.02657951 0.01535241 0.02843121 0.02505951 0.00481556 0.01758291 0.28803611
46 0.05841680 0.03217250 0.04777120 0.34045799 0.00966233 0.02829190 0.06600270 0.04146970 0.01527220 0.03533790 0.05450160 0.04002560 0.01503410 0.01970600 0.02237020 0.05602950 0.04820680 0.00523041 0.02087080 0.04316980
47 0.07399879 0.21941398 0.01783920 0.01519970 0.01731970 0.02504750 0.03825390 0.01846620 0.01177510 0.02179830 0.05078329 0.31967097 0.01578100 0.01713560 0.00940450 0.03542830 0.03505330 0.00287910 0.01982100 0.03493060
48 0.07866699 0.04052430 0.02852130 0.02944350 0.01916520 0.02493070 0.04056680 0.04806579 0.01627930 0.04545709 0.05862039 0.03459740 0.02837840 0.02611980 0.02023550 0.33615296 0.04783009 0.00724412 0.01869780 0.05050259
49 0.03588510 0.04187251 0.02098760 0.01906040 0.00832811 0.02352250 0.03599940 0.02052680 0.01543540 0.02964020 0.30561204 0.28064103 0.02912170 0.01355680 0.01094810 0.03053970 0.02476480 0.00462367 0.01196030 0.03697380
50 0.04844951 0.06787601 0.02188140 0.02279670 0.00912652 0.02374360 0.02854880 0.01957740 0.01542510 0.02629510 0.05003471 0.24927103 0.02055670 0.01954590 0.01079340 0.03659180 0.28393904 0.00352935 0.01310710 0.02891080
51 0.08056939 0.03889080 0.03001220 0.03102680 0.02063790 0.02465380 0.04044780 0.04717250 0.01563360 0.04353440 0.05884550 0.03392000 0.02649430 0.02754480 0.01957850 0.33507397 0.04779810 0.00632418 0.01891560 0.05292590
52 0.07594044 0.28679017 0.01588131 0.01157561 0.01920081 0.02120891 0.03252402 0.01426481 0.01013011 0.01854201 0.04853743 0.28437116 0.01276901 0.01518271 0.00823656 0.03282952 0.03835622 0.00246696 0.01989081 0.03130142
53 0.04922505 0.02650857 0.02108458 0.01818938 0.01060409 0.01753298 0.02519887 0.02975347 0.01391709 0.35918862 0.11833787 0.02626497 0.03637486 0.03379656 0.01473928 0.04151286 0.03614656 0.00552856 0.01824598 0.09784980
54 0.08129225 0.04019232 0.02940932 0.02896392 0.01988121 0.02340231 0.04047662 0.04759203 0.01541321 0.04464313 0.05778473 0.03331712 0.02794372 0.02690992 0.01954741 0.33833719 0.04838453 0.00663084 0.01934671 0.05053153
55 0.07168091 0.05697671 0.03349771 0.03111980 0.01365870 0.03111190 0.04883311 0.04182861 0.01998680 0.04118721 0.06296281 0.31536105 0.02059190 0.02642060 0.02120080 0.05159681 0.03305121 0.00502394 0.01968500 0.05422441
56 0.03923500 0.02900330 0.02675930 0.02395350 0.00806981 0.14360302 0.25578003 0.16564602 0.01745110 0.02641540 0.04157160 0.03687380 0.01891740 0.01382740 0.01735070 0.04356041 0.03277110 0.00417867 0.01806070 0.03697170
57 0.04875621 0.02226191 0.01701200 0.02616321 0.01095160 0.02141811 0.02278551 0.02651011 0.01035040 0.07332082 0.25171207 0.02576381 0.03276351 0.02660061 0.01321140 0.04162331 0.25536307 0.00451434 0.01300920 0.05590881
58 0.20688983 0.02406408 0.02346308 0.14614388 0.01186289 0.01815028 0.02223828 0.30215975 0.00864433 0.01803488 0.03498117 0.02778458 0.01516619 0.01387009 0.01342909 0.04980346 0.02174248 0.00361560 0.01272789 0.02522818
59 0.02457881 0.00972264 0.01070620 0.00527984 0.00494123 0.02911441 0.01138551 0.01985471 0.01615341 0.25674311 0.04918982 0.01072870 0.02157941 0.01249931 0.00542075 0.01630641 0.11410305 0.00317762 0.00559888 0.37291616
60 0.04985000 0.02675780 0.01963550 0.01771410 0.01070740 0.01695510 0.02536640 0.02881740 0.01446940 0.35711101 0.11934700 0.02661250 0.03746190 0.03303610 0.01558350 0.04278790 0.03528640 0.00529846 0.01803700 0.09916510
61 0.05332249 0.02952339 0.01961400 0.02192020 0.00931729 0.01933980 0.02909929 0.03257349 0.01334980 0.09149108 0.39062792 0.02991539 0.03029789 0.03572779 0.01770560 0.03981569 0.03379629 0.00727632 0.02066870 0.07461758
62 0.04189947 0.02202889 0.01391109 0.00836415 0.00758313 0.01273569 0.01448239 0.01788679 0.00800318 0.30213380 0.08701364 0.01581029 0.23224185 0.01945569 0.00720125 0.03569708 0.03026688 0.00372122 0.01837559 0.10118793
63 0.04531808 0.02098209 0.01453699 0.01272450 0.00802060 0.01827209 0.02435359 0.02466299 0.01488489 0.33022488 0.07901737 0.01991809 0.03006849 0.02545499 0.00956737 0.04777428 0.15987494 0.00499260 0.01204520 0.09730596
64 0.19288407 0.04183242 0.03006911 0.18644307 0.00647816 0.01689521 0.25756710 0.01992481 0.00797830 0.02119741 0.03002971 0.02346761 0.01020960 0.01108870 0.02745011 0.04517352 0.01901541 0.00289887 0.01479751 0.03459931
65 0.05070149 0.02255059 0.01495820 0.02086029 0.21400494 0.01312730 0.02093579 0.05197739 0.01427470 0.02438469 0.05370258 0.02090159 0.01585220 0.01458340 0.00911256 0.08048918 0.31720791 0.00341112 0.01205750 0.02490659
66 0.31049117 0.02729432 0.02276011 0.01494271 0.01011161 0.01477771 0.02203431 0.02619081 0.01138741 0.05605863 0.06804614 0.04186112 0.01778551 0.02328711 0.02072341 0.03452062 0.02860742 0.00514074 0.01391401 0.23006513
67 0.05058378 0.03665759 0.03975129 0.20732593 0.01303040 0.01515099 0.05281378 0.04141059 0.01031330 0.02232449 0.04813688 0.02377809 0.01748399 0.01772849 0.01287770 0.26175091 0.07097838 0.00399715 0.01593439 0.03797189
68 0.04235631 0.02068460 0.04068941 0.34359207 0.00648831 0.02128330 0.20336804 0.01842250 0.00885913 0.04110391 0.03567691 0.04242591 0.00972002 0.01040240 0.01753900 0.03994911 0.02577251 0.00284924 0.02003840 0.04877891
69 0.05060803 0.02566762 0.01934661 0.01829901 0.01103511 0.01787481 0.02555602 0.03106372 0.01420391 0.35865624 0.11693508 0.02635322 0.03643712 0.03434982 0.01581241 0.04265183 0.03586812 0.00508564 0.01719261 0.09700306
70 0.04732956 0.02311378 0.06152085 0.19759584 0.00863185 0.01077559 0.25200679 0.02082968 0.00713540 0.02054578 0.02938468 0.01865438 0.01122109 0.00896766 0.02245928 0.14921088 0.03008688 0.00259388 0.01595489 0.06198125
71 0.06486827 0.03333509 0.02325979 0.02050449 0.01528929 0.02435709 0.03084459 0.03345099 0.01487369 0.08832306 0.09529406 0.03221759 0.26798788 0.02780189 0.01544569 0.06443047 0.03866058 0.00676734 0.02519869 0.07708947
72 0.03500613 0.01663181 0.01455711 0.00754530 0.00687172 0.01622101 0.01375261 0.02008612 0.01020231 0.36243228 0.10718308 0.01657351 0.03744333 0.02222322 0.00683459 0.01995882 0.03353003 0.00273702 0.00991484 0.24029519
73 0.34047681 0.04206288 0.01767569 0.03924528 0.00857515 0.02064789 0.22451187 0.03264918 0.01346419 0.02093819 0.03605708 0.03307958 0.01366679 0.01401379 0.01938559 0.04423358 0.02254089 0.00480011 0.01781639 0.03415908
74 0.06285559 0.04200099 0.02778729 0.03870249 0.01435760 0.02905879 0.03537849 0.03786939 0.01570770 0.05276989 0.06998509 0.03488799 0.02402080 0.02896169 0.01964150 0.07202489 0.30887394 0.00528249 0.02028370 0.05954969
75 0.06266260 0.03498340 0.03090300 0.05064000 0.01030480 0.03301410 0.32111401 0.04287810 0.01829340 0.03739610 0.05962650 0.04793800 0.02126490 0.02482390 0.02070140 0.05908620 0.03722840 0.00727078 0.02813520 0.05173520
76 0.04840779 0.02309919 0.04520099 0.23721494 0.00803843 0.02126529 0.27497093 0.01831650 0.00953320 0.03668789 0.03906249 0.03847269 0.01096230 0.01188080 0.02087329 0.04682549 0.02575279 0.00357522 0.02329909 0.05656069
77 0.35652817 0.03457652 0.02614421 0.02762061 0.01984261 0.02242961 0.03587602 0.05300352 0.01522261 0.04353352 0.06237013 0.04196032 0.02132751 0.02513591 0.02598421 0.06839383 0.03676962 0.00524513 0.01881041 0.05922553
78 0.04988024 0.02555332 0.01882381 0.01794401 0.00998059 0.01727211 0.02602092 0.02878072 0.01311151 0.36186527 0.11915809 0.02654462 0.03725623 0.03195632 0.01492441 0.04151733 0.03602913 0.00550087 0.01817111 0.09970937
79 0.05511550 0.02962870 0.01872000 0.02121200 0.00991127 0.01857790 0.02865670 0.03201850 0.01385340 0.09273180 0.38964701 0.03037240 0.03041540 0.03689850 0.01760300 0.03801640 0.03361140 0.00805521 0.02053410 0.07442080
80 0.08190289 0.04017109 0.02853020 0.02981850 0.02060290 0.02292840 0.03935899 0.04834869 0.01538640 0.04518299 0.05710729 0.03442120 0.02652110 0.02821140 0.02081510 0.33705395 0.04758899 0.00667794 0.01844670 0.05092529
81 0.09950440 0.03775340 0.02689640 0.02356220 0.24670599 0.02282170 0.02882750 0.04900820 0.01824350 0.04573850 0.05835360 0.03853390 0.02706030 0.03099510 0.02031210 0.09007720 0.04288530 0.00709295 0.02754660 0.05808120
82 0.03418240 0.01850030 0.01001400 0.00739703 0.00446798 0.00780502 0.01158210 0.01484990 0.00890293 0.30898298 0.32950998 0.01285280 0.03351560 0.03106780 0.00587668 0.02410720 0.02874080 0.00578803 0.01148270 0.09037379
83 0.04643490 0.03348520 0.02208310 0.05543900 0.01638640 0.01504860 0.02550010 0.03096240 0.00763153 0.02983610 0.04567550 0.01757040 0.01268960 0.01283840 0.01097500 0.20817201 0.36770202 0.00388731 0.01021880 0.02746360
84 0.35765697 0.03539040 0.02607380 0.02770980 0.02018630 0.02293050 0.03514800 0.05367160 0.01425370 0.04402410 0.06116780 0.04141050 0.02408060 0.02443900 0.02498740 0.06697499 0.03847960 0.00519848 0.01773400 0.05848250
85 0.03289220 0.01076890 0.00456631 0.00293817 0.00206429 0.00460220 0.00598397 0.00824488 0.00436928 0.24588603 0.40010005 0.00683610 0.03403610 0.03400590 0.00293808 0.01173710 0.01802880 0.00352848 0.00956211 0.15691102
86 0.06016893 0.02123381 0.03444852 0.01660371 0.02228611 0.01860571 0.02694121 0.24000611 0.01821991 0.27982112 0.03887042 0.02618911 0.01878971 0.01769041 0.01060630 0.05045452 0.02865511 0.00487666 0.01591571 0.04961692
87 0.07463273 0.02959951 0.03263171 0.02707301 0.01391951 0.02229551 0.03330331 0.40440315 0.01402161 0.04005312 0.05540242 0.03606651 0.01728541 0.01925591 0.01248720 0.05921342 0.03204261 0.00490052 0.01693021 0.05448262
88 0.35648883 0.03658588 0.02548559 0.02703259 0.01877699 0.02226769 0.03444788 0.05261288 0.01445149 0.04489018 0.06286367 0.04251568 0.02218569 0.02500879 0.02683629 0.06698947 0.03736518 0.00566607 0.01883199 0.05869717
89 0.06266201 0.04085940 0.02738560 0.03934610 0.01424090 0.02812750 0.03444040 0.03725920 0.01583730 0.05446770 0.06988621 0.03313620 0.02455420 0.02933260 0.01991320 0.07309391 0.31086403 0.00492571 0.02029360 0.05937421
90 0.05447421 0.03029981 0.01915280 0.02141570 0.00981441 0.01949730 0.02963851 0.03190411 0.01280480 0.09166332 0.38853909 0.03057051 0.03030821 0.03517311 0.01705510 0.04212461 0.03422331 0.00772526 0.01937250 0.07424332
91 0.06421781 0.03780160 0.03107180 0.04989651 0.01043270 0.03152750 0.31704603 0.04291210 0.01843280 0.03717750 0.06245721 0.04774151 0.02103340 0.02393140 0.02173470 0.05793841 0.03846600 0.00756019 0.02589700 0.05272381
92 0.35667902 0.03611600 0.02613040 0.02883400 0.01899280 0.02233020 0.03549070 0.05415890 0.01410780 0.04298270 0.06238610 0.04267780 0.02234660 0.02503980 0.02619450 0.06725600 0.03788980 0.00518004 0.01789520 0.05731160
93 0.06273592 0.02689581 0.02826341 0.02246771 0.01196890 0.02462811 0.03296581 0.03980091 0.01518810 0.09172183 0.08722173 0.03359221 0.02979861 0.02666321 0.01855541 0.04374281 0.03551261 0.00579020 0.02146061 0.34102610
94 0.03195339 0.04072719 0.01019790 0.03557519 0.00637869 0.02505039 0.28692990 0.03432449 0.00964963 0.02578499 0.04516548 0.32380689 0.01161800 0.01364250 0.00756395 0.02683959 0.01916829 0.00534367 0.01177710 0.02850279
95 0.05336290 0.03049950 0.01944380 0.02191790 0.00900385 0.01937150 0.02976190 0.03160480 0.01376720 0.09199820 0.38620101 0.03044980 0.03060240 0.03605780 0.01824540 0.04035730 0.03477510 0.00754703 0.02106470 0.07396790
96 0.06296471 0.04076901 0.02784031 0.03878391 0.01502890 0.02942121 0.03520431 0.03799461 0.01501690 0.05369771 0.07016112 0.03280561 0.02392251 0.02867191 0.01951090 0.07256082 0.31106007 0.00494218 0.02045080 0.05919251
97 0.08019006 0.04006173 0.02815982 0.02903022 0.02071261 0.02337742 0.04079833 0.04730543 0.01493561 0.04434363 0.05770084 0.03350102 0.02841012 0.02793092 0.01956391 0.33716524 0.04912464 0.00664258 0.01982621 0.05121964
98 0.04524060 0.02119760 0.04263280 0.32614802 0.00666654 0.02236980 0.20656801 0.01794010 0.00922961 0.04099970 0.03738510 0.04301480 0.01000680 0.01047070 0.01804710 0.04141500 0.02647740 0.00297948 0.02086320 0.05034760
99 0.05738722 0.03347601 0.05002491 0.33876609 0.00913011 0.02956331 0.06392152 0.04252611 0.01578500 0.03423341 0.05378332 0.03976291 0.01525910 0.01857601 0.02140731 0.05515592 0.04996881 0.00505671 0.02324671 0.04296951
100 0.05318850 0.03177260 0.01918440 0.02133140 0.01022150 0.01956560 0.02837290 0.03129940 0.01297480 0.09330271 0.38948704 0.02977780 0.03036500 0.03575770 0.01652910 0.04053640 0.03401270 0.00783731 0.02014700 0.07433611
101 0.08345798 0.04211789 0.02946099 0.02833339 0.02047539 0.02487859 0.04097289 0.04679449 0.01490210 0.04288029 0.05845888 0.03320549 0.02621439 0.02671009 0.01971809 0.33727591 0.04915829 0.00664148 0.01807719 0.05026619
102 0.30918393 0.02701789 0.02303119 0.01390350 0.01063610 0.01428470 0.02141300 0.02647289 0.01112860 0.05515269 0.06961508 0.04268169 0.01963480 0.02363609 0.02158730 0.03524249 0.02925449 0.00541753 0.01458610 0.22611995
103 0.07377053 0.02998281 0.03233351 0.02769031 0.01440241 0.02294091 0.03400802 0.40919418 0.01442031 0.03809482 0.05562693 0.03452942 0.01763451 0.01861111 0.01271181 0.05758103 0.03095811 0.00497835 0.01632231 0.05420862
104 0.05452312 0.02758101 0.02155641 0.01863281 0.01175750 0.02060711 0.02789181 0.02933151 0.01722681 0.06182892 0.09287894 0.03208101 0.02157841 0.32493613 0.01582431 0.04863972 0.03383591 0.01378791 0.07369633 0.05180432
105 0.05072726 0.02427288 0.01894639 0.01389309 0.01008549 0.02050679 0.02590358 0.02526138 0.01023909 0.06527015 0.08816344 0.02919348 0.02523528 0.18947687 0.01595739 0.03434438 0.02260028 0.01318979 0.04885417 0.26787881
106 0.03539431 0.01716040 0.01421260 0.00773573 0.00738167 0.01628640 0.01408350 0.02097510 0.01037330 0.34881605 0.10822002 0.01699860 0.03717821 0.02315990 0.00684286 0.02126990 0.03516251 0.00328354 0.00998735 0.24547804
107 0.16123605 0.05021472 0.01706871 0.01434100 0.01047300 0.02485111 0.02529801 0.02442931 0.01882591 0.02338281 0.03503161 0.16976105 0.01253500 0.02248971 0.01371060 0.18946906 0.02017221 0.00472430 0.13292604 0.02905981
108 0.05096099 0.01378520 0.00836286 0.00496128 0.00445012 0.00905289 0.00869808 0.01208680 0.00669752 0.29642693 0.17558596 0.01283940 0.02755789 0.12250897 0.00482784 0.01853910 0.02603409 0.00359095 0.01737420 0.17565896
109 0.06622356 0.03294198 0.02349869 0.02076439 0.01620239 0.02268119 0.03231318 0.03471098 0.01447499 0.08647715 0.09281114 0.03029888 0.26755184 0.02804498 0.01588069 0.06579276 0.03887938 0.00694750 0.02583498 0.07766935
110 0.07186656 0.32167080 0.01978289 0.01443689 0.01760779 0.02304789 0.03160168 0.01954929 0.01183379 0.02187539 0.05179557 0.21243387 0.01457469 0.01682869 0.01056139 0.04038107 0.04428087 0.00276352 0.01994729 0.03316008
111 0.06186721 0.03738301 0.03071061 0.04770911 0.01026000 0.03187161 0.31914307 0.04380501 0.01919110 0.03665531 0.06218761 0.04849861 0.02081570 0.02406541 0.02165690 0.05914571 0.03890931 0.00715889 0.02751061 0.05145521
112 0.06432896 0.01946399 0.03045258 0.02278569 0.01482939 0.01695059 0.03663828 0.37399678 0.01287149 0.02871308 0.04424177 0.03038688 0.01430429 0.01319249 0.00766315 0.19002189 0.03227618 0.00519014 0.00969108 0.03200128
113 0.04445043 0.21027814 0.02163191 0.01762051 0.01684401 0.02194701 0.02756912 0.03489802 0.01375331 0.03281052 0.04863473 0.04731993 0.01623291 0.26134518 0.01243581 0.04328463 0.03741853 0.00865613 0.04307843 0.03979073
114 0.26391781 0.01886569 0.01875969 0.01796139 0.01127719 0.01096899 0.02140878 0.37427973 0.00935296 0.02714608 0.03567977 0.02165988 0.01270289 0.01449239 0.01182299 0.05068556 0.02528398 0.00351526 0.01496959 0.03524937
115 0.08144126 0.04139658 0.02857789 0.03021578 0.02048399 0.02292799 0.04186108 0.04718878 0.01464699 0.04471158 0.05717677 0.03436958 0.02753609 0.02660539 0.01926519 0.33721683 0.04812988 0.00718020 0.01887219 0.05019597
116 0.04833901 0.03629841 0.02641261 0.02774661 0.01377860 0.02103641 0.04169001 0.02805221 0.02838871 0.04157051 0.06461082 0.03172281 0.02451401 0.08746563 0.01919981 0.04169081 0.02916851 0.01507340 0.31835510 0.05488602
117 0.06146002 0.32552811 0.03075581 0.02791301 0.01253320 0.03015041 0.03674891 0.03851961 0.01689201 0.04351852 0.06684632 0.05807382 0.02138931 0.02407721 0.01934431 0.06316572 0.04547402 0.00519795 0.02381031 0.04860142
118 0.02177809 0.01747500 0.00729130 0.01379660 0.01482980 0.01020710 0.02511259 0.01583790 0.02916829 0.03527759 0.04714119 0.01663940 0.01362300 0.27783093 0.00878126 0.01739590 0.03663349 0.01607450 0.33669091 0.03841519
119 0.05564199 0.02948230 0.01928260 0.02191460 0.01055090 0.01873300 0.02999390 0.03275279 0.01339010 0.09016269 0.38807594 0.03085740 0.03040400 0.03630019 0.01796190 0.04087959 0.03277889 0.00745066 0.02028860 0.07309799
120 0.05095400 0.01542250 0.01825300 0.01433470 0.15865200 0.01142780 0.02070630 0.20305700 0.01361850 0.26621700 0.03337700 0.01700960 0.01332240 0.01580890 0.00755010 0.05357860 0.02699350 0.00372621 0.01280630 0.04318460
121 0.04195309 0.01625990 0.01063790 0.01006420 0.00582816 0.01075920 0.01656500 0.02434400 0.00590346 0.10057799 0.36367496 0.01736540 0.02734880 0.02527470 0.01257010 0.02188560 0.02093420 0.00396770 0.01546070 0.24862497
122 0.06086042 0.03914442 0.04075112 0.03044001 0.01567891 0.03626551 0.04287342 0.04089662 0.23251909 0.05443622 0.06964133 0.04641462 0.02251311 0.03557981 0.02140201 0.05575192 0.03958222 0.01049500 0.04384032 0.06091392
123 0.06319243 0.03384891 0.02426491 0.02042731 0.01575461 0.02324751 0.03289431 0.03382091 0.01484491 0.08635394 0.09146254 0.03176851 0.26720512 0.02954531 0.01607291 0.06576463 0.03756672 0.00725226 0.02639971 0.07831253
124 0.04924598 0.02700879 0.02117309 0.03013769 0.00636293 0.03509019 0.17636593 0.02154159 0.00990254 0.02245889 0.04260448 0.01982169 0.01050560 0.01736249 0.17617993 0.04498318 0.23822591 0.00362870 0.01240510 0.03499529
125 0.06145420 0.03903370 0.28613099 0.05410340 0.01242370 0.03409440 0.04138140 0.05163030 0.02238900 0.04177300 0.05630350 0.04648890 0.01919150 0.02289990 0.02267050 0.06190240 0.03932220 0.00386405 0.02152830 0.06141470
126 0.07065885 0.02712978 0.02559328 0.02184448 0.00769019 0.01967069 0.03788127 0.02070478 0.01055489 0.02592718 0.05465496 0.02389118 0.01383179 0.02288698 0.22815783 0.04494217 0.26458580 0.00376056 0.01524869 0.06038465
127 0.05003739 0.02639650 0.01967650 0.01761970 0.01008050 0.01724680 0.02593790 0.02877980 0.01359380 0.35762995 0.11866198 0.02612500 0.03848939 0.03354330 0.01403330 0.04320959 0.03635420 0.00532543 0.01735590 0.09990309
128 0.06201496 0.02777548 0.02875778 0.02548689 0.01250329 0.02242089 0.03256598 0.03808708 0.01581259 0.09071955 0.08591545 0.03339718 0.02812378 0.02600908 0.01949389 0.04623377 0.03649458 0.00588028 0.02171569 0.34059180
129 0.05912198 0.04236309 0.03647829 0.03526419 0.01226620 0.28467591 0.04624549 0.04354669 0.02357919 0.04237299 0.06227858 0.04745838 0.02126799 0.02407219 0.02863639 0.05527638 0.04592359 0.00725432 0.02108879 0.06082938
130 0.05974219 0.04290339 0.03498389 0.03423539 0.01230130 0.28788393 0.04755109 0.04163779 0.02259279 0.04247299 0.06049958 0.04720659 0.02163119 0.02428699 0.02843049 0.05388529 0.04871259 0.00631945 0.02111869 0.06160438
131 0.05974326 0.03317168 0.04983457 0.34180978 0.01027279 0.02805408 0.06356746 0.04245697 0.01617679 0.03387958 0.05308437 0.03988857 0.01453609 0.01834679 0.02130129 0.05608546 0.04857487 0.00503753 0.02154749 0.04263057
132 0.06036251 0.02796510 0.02820220 0.02329720 0.01242540 0.02361020 0.03364321 0.03797271 0.01448230 0.09067542 0.08610831 0.03318911 0.02828440 0.02583620 0.02001770 0.04595511 0.03668971 0.00613133 0.02327980 0.34187206
133 0.06097769 0.32931295 0.03132280 0.02767020 0.01285210 0.03136730 0.03605269 0.03826619 0.01577580 0.04181729 0.06504599 0.05956389 0.02087000 0.02399790 0.02032390 0.06322749 0.04377739 0.00560565 0.02487240 0.04730039
134 0.05378392 0.03030471 0.01983111 0.02099121 0.01000810 0.01839921 0.02815571 0.02966421 0.01364990 0.09260713 0.39003713 0.03132711 0.03098551 0.03578221 0.01771541 0.04011221 0.03273961 0.00775867 0.02055261 0.07559432
135 0.07431020 0.03078380 0.03240170 0.02814010 0.01326470 0.02279030 0.03307830 0.40989800 0.01352600 0.03800000 0.05571630 0.03610040 0.01812820 0.01818480 0.01179570 0.05695920 0.03116920 0.00501850 0.01533360 0.05540100
136 0.06115936 0.04181418 0.02897718 0.04051968 0.01471269 0.02804048 0.03574308 0.03825208 0.01467819 0.05244187 0.06867736 0.03410628 0.02428699 0.02799208 0.01998249 0.07244796 0.31231882 0.00539919 0.02010659 0.05834347
137 0.05904628 0.03450949 0.05053168 0.33931186 0.00942061 0.02828669 0.06356897 0.04085698 0.01603989 0.03316999 0.05371088 0.03998008 0.01497479 0.01816349 0.02105919 0.05505378 0.05141138 0.00520419 0.02194049 0.04375928
138 0.04804600 0.03535080 0.02535750 0.02788210 0.01491880 0.02163660 0.03978530 0.03057390 0.02781580 0.04266300 0.06689499 0.02904760 0.02437760 0.08822509 0.01803610 0.04169000 0.03004380 0.01510090 0.31793697 0.05461719
139 0.08266556 0.04126378 0.02942219 0.02957109 0.02017389 0.02349879 0.04016818 0.04553688 0.01561179 0.04234778 0.05707978 0.03436379 0.02727109 0.02710689 0.02037739 0.33988685 0.04737968 0.00686373 0.01858799 0.05082288
140 0.06060887 0.26691986 0.01560139 0.01105419 0.01880999 0.02460009 0.02143069 0.01543869 0.01164529 0.02338629 0.18703790 0.17932191 0.02295329 0.01336939 0.01166299 0.03423938 0.02800829 0.00264902 0.01905649 0.03220598
141 0.03112541 0.02059711 0.02448531 0.03379381 0.00734880 0.02164961 0.14842204 0.02490441 0.01752790 0.28082308 0.04624731 0.03446871 0.02100981 0.01456240 0.00932262 0.03207731 0.03249151 0.00433150 0.01282730 0.18198405
142 0.02249981 0.00994366 0.01559111 0.00947765 0.00577756 0.12609607 0.01880481 0.01929151 0.02260151 0.19766811 0.03518322 0.01714791 0.01934641 0.01162301 0.00645007 0.02062231 0.14976408 0.00329419 0.00591185 0.28290515
143 0.04114701 0.04252241 0.01361400 0.04523221 0.00740808 0.02675971 0.21617306 0.03605461 0.01128490 0.02982841 0.05176641 0.33223709 0.01309790 0.01641030 0.00964200 0.03283451 0.02146151 0.00556606 0.01397940 0.03298041
144 0.08313450 0.04134620 0.02988110 0.02876610 0.02072690 0.02393500 0.03987140 0.04648710 0.01613100 0.04517160 0.05895590 0.03452460 0.02807430 0.02762540 0.01968070 0.33483602 0.04703610 0.00693945 0.01888890 0.04798770
145 0.06322462 0.03632891 0.03212351 0.04926481 0.01021180 0.03273701 0.31793008 0.04195401 0.01842250 0.03814251 0.06188332 0.04671231 0.01997530 0.02556651 0.02206111 0.05848451 0.03673931 0.00679725 0.02849571 0.05294491
146 0.05365799 0.02769629 0.02906579 0.22351196 0.00716132 0.25222595 0.04967769 0.04702919 0.02006560 0.03012849 0.04678119 0.04585629 0.01271980 0.01468850 0.01247900 0.02951269 0.03966589 0.00826847 0.01498600 0.03482189
147 0.06184228 0.04408779 0.03453189 0.03325789 0.01280580 0.28656590 0.04563258 0.04323949 0.02284559 0.04231619 0.06080018 0.04975298 0.02199629 0.02450319 0.02695769 0.05508318 0.04502368 0.00668564 0.02016959 0.06190218
148 0.05636013 0.03025452 0.01781011 0.01509281 0.00914081 0.01830701 0.02837712 0.01887091 0.01149151 0.03230162 0.04310183 0.02036221 0.13283208 0.01781121 0.29150418 0.16159110 0.02485692 0.00377838 0.02016111 0.04599443
149 0.06084407 0.04321628 0.03583148 0.03519898 0.01189599 0.28409287 0.04733028 0.04302878 0.02304329 0.04223338 0.06117367 0.04840118 0.02234329 0.02465959 0.02561729 0.05642387 0.04617168 0.00700245 0.02080659 0.06068497
150 0.05554698 0.02726869 0.02198929 0.01790829 0.01155240 0.02030709 0.02841089 0.02897109 0.01758049 0.06204058 0.09089427 0.03204609 0.02214849 0.32208190 0.01592690 0.05182358 0.03594769 0.01372010 0.07077218 0.05306298
151 0.35761604 0.03593670 0.02594630 0.02725790 0.01990520 0.02321200 0.03516910 0.05314431 0.01364770 0.04363410 0.06476301 0.04144210 0.02217610 0.02381240 0.02467100 0.07158351 0.03758810 0.00522940 0.01677470 0.05649031
152 0.05196688 0.21881390 0.02002139 0.01730759 0.01416829 0.02382739 0.02546999 0.02820689 0.01555759 0.04038348 0.30063186 0.05470577 0.02036229 0.01585379 0.02111839 0.04307808 0.02864339 0.00520906 0.01649679 0.03817718
153 0.03801980 0.02632330 0.18083899 0.06751020 0.00836600 0.02323140 0.29408199 0.02897410 0.01325780 0.02639770 0.03693420 0.02233270 0.01465770 0.01451280 0.01512760 0.05795120 0.02727400 0.00381474 0.02646320 0.07393060
154 0.24658411 0.02867771 0.03076751 0.27000112 0.01202931 0.02414221 0.04511942 0.03735032 0.01254761 0.02249681 0.04653332 0.03002091 0.01457801 0.02194671 0.01862151 0.05393642 0.03324191 0.00463676 0.01373771 0.03303061
155 0.07356907 0.03079849 0.03239088 0.02759829 0.01393299 0.02314999 0.03296158 0.40845481 0.01330029 0.03858918 0.05373787 0.03463508 0.01662949 0.01902309 0.01269619 0.05961587 0.03128269 0.00509937 0.01655219 0.05598257
156 0.01929240 0.01595460 0.00528191 0.01102060 0.01399530 0.00823683 0.01961650 0.01371890 0.03196890 0.03454330 0.03534580 0.01440290 0.00954164 0.34146500 0.00678292 0.01296690 0.03869060 0.01379290 0.32304200 0.03034010
157 0.05147260 0.18882798 0.02608140 0.02474890 0.00879728 0.02245810 0.19944598 0.19620898 0.01475780 0.02220550 0.03996600 0.03892350 0.01325140 0.01635950 0.01055960 0.04783170 0.02762340 0.00539391 0.01507680 0.03000970
158 0.05390719 0.02994199 0.01825200 0.02220649 0.00892838 0.01948409 0.02782529 0.03019049 0.01382540 0.09329778 0.38874490 0.03056989 0.03109409 0.03625279 0.01728710 0.04068079 0.03413209 0.00818948 0.02043589 0.07475388
159 0.05431958 0.02708399 0.02075889 0.01902699 0.01265160 0.02047159 0.02844129 0.02848769 0.01794289 0.06182498 0.09228077 0.03204649 0.02219989 0.32344090 0.01518070 0.05014068 0.03384659 0.01358070 0.07267378 0.05359998
160 0.04424960 0.01721660 0.01129960 0.01071040 0.00579634 0.01129070 0.01761270 0.02372540 0.00729010 0.11581001 0.38381802 0.01811040 0.02952740 0.02778890 0.01229410 0.02400670 0.02450550 0.00473690 0.01586160 0.19434901
161 0.06068397 0.33057684 0.02962029 0.02866499 0.01276449 0.02939889 0.03523338 0.03776048 0.01666789 0.04358458 0.06625157 0.05947397 0.02134969 0.02277189 0.02003539 0.06337937 0.04315838 0.00606507 0.02412829 0.04843058
162 0.05456442 0.03002521 0.01954971 0.02166581 0.00950879 0.01907591 0.02837211 0.03111071 0.01395940 0.09307553 0.38915112 0.03051681 0.03014221 0.03530051 0.01800541 0.04001631 0.03456701 0.00796001 0.02077991 0.07265312
163 0.05223138 0.03117689 0.01853819 0.02112969 0.00953102 0.01964529 0.02796169 0.03171139 0.01407760 0.09180057 0.38973186 0.02961419 0.03082619 0.03698179 0.01725859 0.04108349 0.03360069 0.00801213 0.02027759 0.07480977
164 0.03066601 0.01586600 0.01266230 0.01299770 0.00776227 0.00878355 0.03032821 0.01829770 0.00754623 0.06598691 0.34191306 0.01556960 0.03492471 0.04264421 0.01323610 0.02084660 0.01577670 0.00763607 0.13232702 0.16422903
165 0.04754788 0.01986049 0.01379030 0.01300000 0.00793810 0.01421169 0.02118839 0.03186089 0.00805202 0.08382697 0.26377591 0.02310419 0.02771619 0.02543749 0.01662979 0.02664929 0.02456479 0.00495314 0.01777659 0.30811589
166 0.02408272 0.01563361 0.00819798 0.01048351 0.01963001 0.01041311 0.03081162 0.01387321 0.01343151 0.03102612 0.05449244 0.01476391 0.02979442 0.23183215 0.00893499 0.01426711 0.01941601 0.01861731 0.29513819 0.13516009
167 0.05117577 0.02540608 0.01966539 0.01779999 0.01112259 0.01619499 0.02515648 0.02959568 0.01370039 0.35874578 0.11794993 0.02673828 0.03772438 0.03376028 0.01466659 0.04362587 0.03604418 0.00533491 0.01765669 0.09793574
168 0.06220578 0.32675088 0.03122009 0.02695009 0.01324739 0.02981089 0.03527239 0.03773789 0.01588169 0.04373008 0.06656517 0.05780428 0.02150559 0.02317599 0.02069119 0.06239438 0.04452308 0.00603268 0.02448209 0.05001838
169 0.02290520 0.01809330 0.00663381 0.01088640 0.01446600 0.01057910 0.02071100 0.01802350 0.02840530 0.03960090 0.04308710 0.01733310 0.01136800 0.36645697 0.00756788 0.01737480 0.03603280 0.01309130 0.26506898 0.03231460
170 0.08041138 0.03259019 0.02739329 0.02842679 0.01184490 0.03262369 0.03726629 0.02534020 0.01498610 0.03957869 0.06323449 0.03222309 0.01608640 0.02204220 0.36750693 0.05307709 0.03617489 0.00478999 0.02173450 0.05266889
171 0.05293749 0.02714960 0.02007740 0.01827850 0.01181650 0.02054840 0.02809380 0.02870410 0.01785000 0.06186909 0.09393129 0.03135100 0.02238130 0.32771597 0.01597550 0.04925640 0.03426170 0.01344760 0.07265299 0.05170139
172 0.06122884 0.32748023 0.03093862 0.02810292 0.01251561 0.03033502 0.03607482 0.03781873 0.01585901 0.04193013 0.06525245 0.05849744 0.02219752 0.02407742 0.02030811 0.06302314 0.04621893 0.00572671 0.02463042 0.04778393
173 0.03976193 0.17336811 0.01430951 0.01135321 0.00551082 0.01231151 0.03127712 0.01212481 0.01932341 0.04046773 0.04254863 0.02272341 0.01124981 0.01040591 0.28974419 0.17103011 0.02428292 0.00245932 0.02733942 0.03840813
174 0.07541598 0.03398549 0.02110120 0.01742870 0.01084520 0.01604960 0.02257560 0.02519139 0.01285080 0.06671319 0.09413118 0.03240979 0.16211797 0.04089559 0.01117750 0.04016779 0.24607895 0.00432121 0.01362460 0.05291829
175 0.03031429 0.01432969 0.01290109 0.00603969 0.00737948 0.01773839 0.01297149 0.01991779 0.01031890 0.31748086 0.07620327 0.01455959 0.03213389 0.01725309 0.00554686 0.01674779 0.03800078 0.00217846 0.00829675 0.33968785
176 0.05954110 0.04445170 0.03641210 0.03242420 0.01351710 0.28530299 0.04557160 0.04127900 0.02364570 0.04330060 0.06139370 0.04721530 0.02408080 0.02556280 0.02801320 0.05481770 0.04604690 0.00655703 0.01979600 0.06107050
177 0.08153691 0.03378011 0.02817150 0.02850610 0.01163340 0.03259170 0.03440801 0.02523050 0.01469680 0.03985781 0.06574731 0.03296270 0.01718760 0.02266580 0.36408405 0.05367801 0.03449801 0.00434355 0.02116280 0.05325731
178 0.04705930 0.02395620 0.04445000 0.01796370 0.00838781 0.02236000 0.02737620 0.02416440 0.01399960 0.27175301 0.04658630 0.15484500 0.02113590 0.01730710 0.01775660 0.02667190 0.02411880 0.00317216 0.01041000 0.17652601
179 0.32919272 0.02800358 0.02387698 0.01393679 0.01023069 0.01428109 0.02248918 0.02649668 0.01115149 0.05166306 0.06489005 0.04081417 0.01853418 0.02234398 0.02058498 0.03409087 0.02757848 0.00478004 0.01345819 0.22160281
