1 0.25413700 0.02044040 0.02098230 0.02282800 0.04277490 0.01563270 0.02687330 0.10038200 0.01576500 0.02851260 0.03469890 0.01916980 0.01499610 0.01793150 0.03440000 0.17023000 0.08744920 0.00362876 0.00952195 0.05964560
2 0.08249959 0.03519080 0.09036159 0.19334499 0.01255130 0.04729830 0.17554399 0.05170610 0.02159490 0.01623160 0.02944360 0.04044200 0.00967283 0.01014920 0.01876130 0.07805439 0.04615050 0.00221194 0.01209080 0.02670030
3 0.21044313 0.02729942 0.02759482 0.02911072 0.02374211 0.02399792 0.03638652 0.11417407 0.01610191 0.02820772 0.03909882 0.02726462 0.01827921 0.02063051 0.04194293 0.17147111 0.07945755 0.00506557 0.01328131 0.04645003
4 0.07286333 0.02808651 0.01955401 0.01465931 0.01465561 0.01815381 0.02035101 0.03119431 0.01329431 0.17571908 0.17244908 0.02893361 0.04018752 0.03194301 0.01208561 0.03903352 0.04551522 0.00448684 0.02163721 0.19519709
5 0.06102918 0.01146880 0.00907864 0.00366554 0.01040720 0.00945516 0.00808140 0.01812609 0.00632118 0.22160794 0.23752293 0.01043400 0.05521798 0.03705449 0.00653624 0.02198639 0.04205409 0.00312723 0.01746959 0.20935594
6 0.13720001 0.03011740 0.02818280 0.02444580 0.01992480 0.03304210 0.04564510 0.05125610 0.01673610 0.04872830 0.06125940 0.03709090 0.02615770 0.01669310 0.11507401 0.09699461 0.11187201 0.00866034 0.01262580 0.07829360
7 0.11976308 0.04057143 0.04480653 0.04266413 0.02212541 0.03736942 0.04950553 0.07950685 0.02448772 0.03466782 0.05361323 0.04516833 0.02566462 0.02935032 0.03877742 0.15945610 0.07391865 0.00848727 0.02607762 0.04401853
8 0.06240759 0.14309898 0.05087599 0.03128820 0.01756670 0.05746519 0.05425829 0.03985570 0.03338300 0.03367390 0.04899519 0.17474298 0.02150000 0.02237260 0.02607550 0.06557179 0.04663549 0.00527321 0.01842950 0.04653019
9 0.07472258 0.04383619 0.04361149 0.08527788 0.01333220 0.05172049 0.12459997 0.03783929 0.01809570 0.07780208 0.08541388 0.05042589 0.02755229 0.01894560 0.03310359 0.06937578 0.05899159 0.00507964 0.01533800 0.06493588
10 0.12823791 0.02862968 0.04071617 0.03340528 0.02385188 0.03476798 0.04420607 0.04523867 0.02275318 0.03366138 0.05332906 0.03360188 0.03094538 0.01909889 0.03926637 0.18828987 0.14009390 0.00547011 0.01275929 0.04167707
11 0.08381598 0.12777311 0.04927384 0.03753163 0.01951512 0.04942434 0.05428975 0.06531916 0.03073573 0.02661582 0.03585313 0.10177209 0.02172842 0.01697282 0.03331813 0.13130412 0.05756135 0.00563031 0.01678662 0.03477853
12 0.04936830 0.01091750 0.00824569 0.00256257 0.00901795 0.00865769 0.00674547 0.01532640 0.00584293 0.22241502 0.25942802 0.00967411 0.06322561 0.04246560 0.00449873 0.01743610 0.04047240 0.00319497 0.01846290 0.20204202
13 0.08205963 0.04484202 0.08079213 0.07914633 0.01940841 0.03960441 0.08040603 0.11425704 0.02605161 0.02691531 0.04149251 0.05254972 0.01724481 0.01582541 0.04291812 0.09940834 0.07842373 0.00479604 0.01442811 0.03943031
14 0.04731159 0.01079370 0.00805837 0.00251248 0.00856613 0.00868384 0.00705656 0.01465450 0.00575295 0.21377197 0.27290297 0.00966827 0.06771329 0.04765879 0.00443010 0.01775250 0.04107520 0.00345012 0.01845170 0.18973498
15 0.04903483 0.02613092 0.02278952 0.01396351 0.01897311 0.02342772 0.01919861 0.02574332 0.02274442 0.12555309 0.17991913 0.02622022 0.07997816 0.07151945 0.01366741 0.05208924 0.04663803 0.01204371 0.06993255 0.10043307
16 0.04423178 0.01043429 0.00872433 0.00915244 0.01583789 0.01049439 0.00841893 0.01717509 0.01745599 0.11435894 0.21836688 0.01295779 0.04863627 0.14833692 0.00590604 0.02995988 0.03316788 0.02716139 0.12199593 0.09722695
17 0.08802611 0.07120551 0.03896630 0.03321380 0.01415260 0.05636851 0.05905321 0.07029211 0.02421820 0.02791410 0.04677641 0.10208701 0.01791910 0.01494440 0.13890402 0.08445451 0.05977011 0.00824068 0.01275610 0.03073720
18 0.06274058 0.03201829 0.02503689 0.01659490 0.01428090 0.02682909 0.02657959 0.02747719 0.01574150 0.12816697 0.18797595 0.03471979 0.07639418 0.04393689 0.02083439 0.06456158 0.05920269 0.00537904 0.02132059 0.11020897
19 0.16612413 0.02593482 0.03557573 0.08294067 0.02315372 0.02786572 0.05991355 0.07884026 0.02082502 0.02510712 0.04934674 0.02964702 0.01532041 0.07067826 0.03208553 0.10425608 0.05394994 0.01151151 0.04413644 0.04278733
20 0.07875369 0.04946699 0.06121369 0.13755598 0.01219130 0.05307489 0.17052597 0.05169629 0.02140880 0.02551380 0.04219179 0.05665369 0.01539260 0.01199630 0.03130729 0.07836439 0.05431019 0.00329847 0.01227480 0.03280909
21 0.08234337 0.03273289 0.06742308 0.16361194 0.01562829 0.04605828 0.14415195 0.04954028 0.02110449 0.02183479 0.03973509 0.03856259 0.01600439 0.01253450 0.02433579 0.09263767 0.08124527 0.00352036 0.01457129 0.03242369
22 0.07311444 0.03854267 0.07317114 0.18606485 0.01291629 0.04840326 0.16789687 0.05912585 0.02135768 0.01899888 0.03405647 0.04303547 0.01066839 0.01620819 0.02154638 0.07826464 0.04489236 0.00406029 0.01996508 0.02771078
23 0.04885380 0.23644701 0.05204730 0.01873890 0.01691430 0.05884910 0.04351350 0.02998260 0.03887700 0.02175350 0.02887340 0.22183601 0.01785260 0.01438090 0.01518400 0.05005760 0.03238080 0.00200597 0.01196440 0.03948730
24 0.08544034 0.03004438 0.02991968 0.03576057 0.01852819 0.02331258 0.02376588 0.15189589 0.02755618 0.03464178 0.06081576 0.02786158 0.01399929 0.09471953 0.02343678 0.09846313 0.02698738 0.02636328 0.12613391 0.04035387
25 0.12386700 0.05061640 0.07463100 0.07917540 0.01959020 0.04280290 0.08358490 0.06293250 0.02758570 0.02981200 0.04316530 0.05631170 0.01878590 0.01706870 0.03573240 0.10599500 0.06486870 0.00484258 0.01458070 0.04405100
26 0.05225683 0.18905812 0.05597073 0.01907161 0.01852281 0.05561563 0.04116513 0.03093632 0.03447992 0.02701492 0.03797292 0.19739912 0.02066671 0.02989832 0.01876241 0.05561673 0.05281273 0.00402469 0.01548011 0.04327423
27 0.06297508 0.08907327 0.06505148 0.11819996 0.01549519 0.05687038 0.11700196 0.05017048 0.02857249 0.02076759 0.03423159 0.11688496 0.01328070 0.01549919 0.02625869 0.07519277 0.04211738 0.00521286 0.01686799 0.03027599
28 0.18469703 0.03681511 0.02564840 0.03324181 0.01926040 0.02503680 0.04290881 0.10792302 0.01585200 0.05208861 0.06478281 0.03668251 0.01947630 0.02828961 0.04131031 0.10900402 0.06321541 0.00610902 0.02023290 0.06742511
29 0.05491892 0.01791381 0.01422991 0.01236580 0.01162360 0.01619531 0.01815871 0.02359411 0.01034700 0.15966106 0.24631409 0.02045781 0.06065992 0.06261522 0.01163900 0.03504531 0.04633372 0.00691014 0.02954051 0.14147605
30 0.04140628 0.01175169 0.00805731 0.00294861 0.01027089 0.01025869 0.00789779 0.01444949 0.00622287 0.17500791 0.29699685 0.01194089 0.08500096 0.08057586 0.00543607 0.02410389 0.04171958 0.00570045 0.02462499 0.13562893
31 0.09128508 0.03829519 0.04794649 0.09775078 0.01451280 0.04727389 0.09234668 0.07133749 0.01982270 0.02252730 0.04115919 0.04739989 0.01609730 0.01468150 0.13716497 0.09476928 0.05661059 0.00656189 0.01402140 0.02843559
32 0.16708507 0.03064701 0.03160201 0.03530822 0.01744751 0.02286411 0.03195731 0.21622810 0.01537851 0.01866651 0.02948191 0.02698631 0.01261371 0.02303761 0.04011482 0.17312308 0.04422582 0.00654516 0.02264111 0.03404611
33 0.10541388 0.10029788 0.03708006 0.02571417 0.01785428 0.04562275 0.04856924 0.04118255 0.02584477 0.05180184 0.06377112 0.13159684 0.02359057 0.01874168 0.02713017 0.07076982 0.05739583 0.00505697 0.01329598 0.08926959
34 0.06462270 0.01097900 0.01007030 0.00402258 0.01206910 0.00788125 0.00668994 0.02804580 0.00616955 0.24029199 0.20633799 0.00889006 0.04359720 0.02525040 0.00529693 0.02063110 0.03816040 0.00223952 0.01435520 0.24439899
35 0.11981093 0.04088858 0.04470027 0.04261898 0.02196909 0.03751128 0.04968247 0.08036485 0.02477349 0.03410978 0.05383227 0.04539047 0.02545429 0.02931948 0.03858728 0.15989191 0.07384816 0.00824036 0.02585979 0.04314628
36 0.05805536 0.14138590 0.08111514 0.05063236 0.02142728 0.05362946 0.06258675 0.04720187 0.03704957 0.02140768 0.02929868 0.12456791 0.01913779 0.01695729 0.02582548 0.10544792 0.04749097 0.00492332 0.01908279 0.03277648
37 0.20537203 0.02542430 0.02923000 0.02792790 0.02404660 0.02402050 0.03472491 0.10622402 0.01650060 0.02742900 0.03844531 0.02628430 0.01915380 0.02099430 0.03986771 0.18678803 0.08382011 0.00528385 0.01366210 0.04480061
38 0.07346004 0.03813952 0.07270664 0.18499309 0.01277931 0.04833962 0.16758408 0.05908313 0.02172881 0.01952271 0.03482592 0.04243432 0.01063351 0.01613751 0.02270081 0.07803664 0.04480922 0.00405921 0.01968471 0.02834121
39 0.11450003 0.02223181 0.01834090 0.01904220 0.01608840 0.01959051 0.02679691 0.04569231 0.01329340 0.12105403 0.16858204 0.02495241 0.04010771 0.04759861 0.02314561 0.06485322 0.05705711 0.00691264 0.02749111 0.12266903
40 0.11857094 0.04070038 0.04551568 0.04409948 0.02199609 0.03778878 0.05058447 0.07755306 0.02496759 0.03421878 0.05461187 0.04511188 0.02529509 0.02955418 0.03870008 0.15856292 0.07395366 0.00831721 0.02628479 0.04361308
41 0.25727292 0.02480109 0.01999959 0.02394769 0.02388619 0.01785989 0.03030729 0.13973596 0.01234010 0.02559089 0.03296359 0.02274759 0.01322250 0.01800769 0.04274609 0.15944295 0.07163178 0.00393302 0.01017550 0.04938768
42 0.23549177 0.02736607 0.02327238 0.02711817 0.02328498 0.02098048 0.03480737 0.12865188 0.01395929 0.02717237 0.03598257 0.02602547 0.01487459 0.01950508 0.04348526 0.15875485 0.07458783 0.00464367 0.01214919 0.04788675
43 0.13433702 0.03209630 0.03029490 0.02459940 0.04290161 0.02726620 0.03317930 0.03705281 0.02244930 0.06866961 0.09616861 0.03554810 0.05528891 0.03665771 0.03251040 0.11017202 0.07945631 0.00601226 0.02053030 0.07480891
44 0.09196379 0.02300292 0.02086172 0.01628212 0.01651182 0.01943782 0.02626683 0.02868213 0.01380811 0.13959813 0.15783215 0.02714423 0.04210574 0.02769443 0.01967652 0.06386916 0.08675598 0.00436084 0.01715142 0.15699415
45 0.05767594 0.01084961 0.00979377 0.00304668 0.01133591 0.00802030 0.00623154 0.01731251 0.00606312 0.24543318 0.21599316 0.00950582 0.04548553 0.02671072 0.00354373 0.01561141 0.03744163 0.00198482 0.01466941 0.25329119
46 0.07299516 0.03788438 0.07335836 0.18667890 0.01262749 0.04822147 0.16879291 0.05911147 0.02165239 0.01924229 0.03434148 0.04222988 0.01051279 0.01616129 0.02146959 0.07772456 0.04487237 0.00409376 0.01975569 0.02827378
47 0.05007500 0.22410100 0.05357000 0.01875580 0.01754820 0.05851490 0.04341670 0.02900200 0.03756510 0.02105300 0.02818950 0.22247800 0.01786130 0.01491860 0.01571240 0.06056630 0.03407870 0.00255890 0.01217770 0.03785690
48 0.08871839 0.03194630 0.04412469 0.02927260 0.02179680 0.03854880 0.03954330 0.03744960 0.02323360 0.05005759 0.08562509 0.03793900 0.06918579 0.03003450 0.03274030 0.17467898 0.09259679 0.00671752 0.01783020 0.04796019
49 0.06237008 0.06554248 0.03254999 0.02235259 0.03739939 0.03831119 0.03288789 0.03098509 0.02244869 0.06554368 0.15681796 0.09800017 0.03896489 0.05801798 0.02090979 0.06294608 0.05230679 0.00807806 0.02822759 0.06533958
50 0.07098980 0.09806750 0.04481300 0.02852360 0.01936530 0.06118000 0.05924050 0.03088700 0.05355790 0.03039170 0.04792160 0.14064400 0.02107230 0.01422550 0.02890050 0.08249290 0.10690100 0.00541211 0.01462900 0.04078480
51 0.11989593 0.04109788 0.04476477 0.04340867 0.02212549 0.03769978 0.04944347 0.08015235 0.02481219 0.03450928 0.05367617 0.04576697 0.02508468 0.02925648 0.03863608 0.15888190 0.07256626 0.00848909 0.02570148 0.04403107
52 0.04511832 0.25121510 0.05278522 0.01467061 0.01715811 0.05923442 0.03843062 0.02472541 0.03969662 0.02044161 0.02653141 0.23749110 0.01787831 0.01413021 0.01159820 0.04608022 0.02980791 0.00158119 0.01132270 0.04010272
53 0.05757250 0.09570860 0.03462440 0.01971600 0.01517520 0.05236830 0.03964940 0.02776810 0.02600290 0.10413701 0.10573401 0.12493601 0.03521880 0.02490990 0.02342870 0.05115100 0.05049110 0.00609815 0.01883990 0.08647000
54 0.06869669 0.02024500 0.02194470 0.01975940 0.01602250 0.02421270 0.02686589 0.03002739 0.01451920 0.10277898 0.21810096 0.02581299 0.05658139 0.06609539 0.01815520 0.08387928 0.06314479 0.00819980 0.02762549 0.08733228
55 0.05533362 0.19758109 0.04871452 0.03966692 0.01390181 0.06204583 0.07934613 0.03294911 0.03576572 0.02176931 0.03062171 0.19518309 0.01592171 0.01282711 0.01855031 0.05466482 0.03683992 0.00195796 0.01029020 0.03606912
56 0.07152640 0.04118090 0.08530770 0.15292999 0.01401790 0.05064680 0.16812899 0.05054160 0.02170750 0.01695600 0.03136630 0.04949870 0.01533900 0.01011670 0.02538980 0.10378999 0.05135540 0.00299375 0.01170040 0.02550620
57 0.05266632 0.01575851 0.01133660 0.00601778 0.00991264 0.01608671 0.01249390 0.01548571 0.00842641 0.18856107 0.23923108 0.01541241 0.07882403 0.04136831 0.01201010 0.03808371 0.06353852 0.00425102 0.01967711 0.15085805
58 0.12235101 0.04216850 0.06071870 0.12828801 0.02039090 0.04487750 0.11679801 0.05395530 0.04389180 0.01945580 0.03817330 0.04391570 0.01391870 0.01780150 0.02484780 0.09217791 0.05879460 0.00428552 0.01817010 0.03501930
59 0.04717827 0.01410069 0.01466989 0.01395909 0.01910899 0.01594689 0.01318179 0.01963679 0.02737728 0.12173393 0.13832092 0.01694179 0.03924438 0.11911293 0.01268259 0.04393117 0.05236247 0.02977348 0.14778591 0.09295074
60 0.07318381 0.01125780 0.01011760 0.00412523 0.01320980 0.00848003 0.00762775 0.02224620 0.00627136 0.23447202 0.20085202 0.00964961 0.04192620 0.02498750 0.00602463 0.02400910 0.04062260 0.00210179 0.01394690 0.24488802
61 0.05549337 0.01866659 0.01456959 0.01329659 0.01169589 0.01610349 0.01917319 0.02385489 0.01068729 0.15640992 0.24390788 0.02091939 0.06015477 0.06321627 0.01170809 0.03673548 0.04740438 0.00721141 0.03007658 0.13871493
62 0.05084378 0.06169878 0.02472479 0.01128570 0.01312489 0.03988208 0.02645209 0.02001419 0.01807149 0.13226795 0.16861593 0.08754686 0.06859807 0.03488249 0.01673309 0.04534408 0.05201988 0.00509690 0.01814699 0.10464996
63 0.05705982 0.01103250 0.00943768 0.00272215 0.01093740 0.00768990 0.00607647 0.01718521 0.00592836 0.24486709 0.22084708 0.00932297 0.04785842 0.02791181 0.00377887 0.01577961 0.03787381 0.00197365 0.01470511 0.24701209
64 0.07127820 0.03489180 0.08072590 0.21968300 0.00840342 0.05040180 0.21978700 0.05261410 0.01835260 0.01394890 0.02679110 0.03830440 0.00653626 0.00730947 0.01581130 0.06440640 0.03767970 0.00103585 0.01018710 0.02185170
65 0.10734211 0.03189323 0.05623356 0.03037933 0.05500616 0.03798224 0.03351183 0.03260293 0.06496006 0.02908713 0.04349034 0.03527894 0.02704973 0.01698012 0.02653053 0.17350717 0.12869113 0.00545761 0.02165642 0.04235944
66 0.13408804 0.02696401 0.02813681 0.03139131 0.02089391 0.02548141 0.02878391 0.09976063 0.02672191 0.03245121 0.05604942 0.02866231 0.01569420 0.08326702 0.02578441 0.12589404 0.04469071 0.02148721 0.10194803 0.04184951
67 0.17811500 0.02638720 0.02218770 0.02129510 0.02415220 0.02598120 0.03143670 0.06922370 0.01426100 0.07893460 0.07165320 0.02616280 0.02647760 0.02349330 0.04179700 0.14227000 0.08208290 0.00645439 0.01525320 0.07238120
68 0.06371209 0.03956219 0.07935738 0.21985396 0.00783591 0.05181209 0.21710296 0.05388829 0.01889770 0.01389710 0.02637139 0.04665599 0.00614340 0.00743506 0.01512750 0.06422829 0.03539319 0.00102562 0.01083610 0.02086380
69 0.09480173 0.03244981 0.02574071 0.02054551 0.01956001 0.02994241 0.02910631 0.04308651 0.01704270 0.12759503 0.12202303 0.03269741 0.04096861 0.03108151 0.03147051 0.10169303 0.06853512 0.00813813 0.02425631 0.09926563
70 0.07448231 0.03355810 0.06524861 0.16365702 0.01134690 0.05440601 0.17647002 0.04496061 0.01992900 0.01899940 0.05173931 0.04282221 0.01642930 0.00844497 0.02250500 0.08111321 0.07344401 0.00209461 0.01099420 0.02735520
71 0.04836366 0.01543549 0.01025439 0.00440880 0.00931863 0.01320899 0.01002299 0.01544349 0.00766988 0.20019482 0.25328977 0.01466179 0.08014213 0.04471856 0.00794196 0.02790747 0.04804586 0.00394661 0.02046088 0.16456385
72 0.05742460 0.00833888 0.00872226 0.00178027 0.01126320 0.00607467 0.00439654 0.01633950 0.00502817 0.25859898 0.21539598 0.00615969 0.04293600 0.02382760 0.00233295 0.01226050 0.03559960 0.00135835 0.01306130 0.26910098
73 0.14035398 0.04426149 0.04735279 0.09995109 0.01592500 0.04450619 0.13589398 0.06402789 0.01938510 0.02381610 0.03739679 0.05015259 0.01450530 0.01156650 0.04278729 0.09281039 0.06459909 0.00385194 0.00966470 0.03719179
74 0.10390700 0.03623290 0.03281580 0.03421710 0.01867620 0.03541030 0.04891390 0.04092160 0.02024490 0.07036710 0.09852110 0.04301560 0.03415590 0.02694720 0.04029860 0.10259300 0.11377800 0.00634898 0.01890480 0.07373000
75 0.09206279 0.04039950 0.04999080 0.09971359 0.01474060 0.05281380 0.14982599 0.04215550 0.02096570 0.02723000 0.04685830 0.05500040 0.01935430 0.01096280 0.04032620 0.09175759 0.09460209 0.00434496 0.01134010 0.03555500
76 0.09428150 0.08052190 0.04730880 0.08506420 0.01220480 0.05930400 0.13856000 0.04386920 0.02467480 0.02285640 0.03886250 0.10792200 0.01463750 0.01059340 0.03643820 0.07704560 0.06080000 0.00365807 0.00949444 0.03190270
77 0.18285991 0.03719488 0.02627839 0.03441608 0.01969329 0.02594749 0.04435858 0.10444695 0.01615489 0.05235737 0.06527767 0.03700538 0.01985909 0.02791439 0.04083898 0.10741395 0.06291417 0.00608769 0.02020929 0.06877157
78 0.04957861 0.01081570 0.00832729 0.00255762 0.00898180 0.00873513 0.00681607 0.01541600 0.00584874 0.22370506 0.25782407 0.00969431 0.06278232 0.04164881 0.00449006 0.01745301 0.04065261 0.00310229 0.01802441 0.20354606
79 0.05513358 0.01901269 0.01487570 0.01314140 0.01167340 0.01665569 0.01944059 0.02473779 0.01071450 0.15726895 0.24324592 0.02146219 0.06007968 0.06207028 0.01169470 0.03613559 0.04706598 0.00685453 0.02899389 0.13974295
80 0.17067903 0.03296741 0.03139791 0.03681701 0.01738060 0.02250010 0.03434481 0.21922604 0.01475330 0.01882740 0.02949221 0.02853771 0.01239650 0.02237100 0.04108941 0.16122703 0.04387791 0.00648900 0.02111130 0.03451431
81 0.05911352 0.17555106 0.05825592 0.02762481 0.04299501 0.05032572 0.04206541 0.04566691 0.04059041 0.02921241 0.03702851 0.14638005 0.01909731 0.02037701 0.02401541 0.06978882 0.04204481 0.00450488 0.02333371 0.04202831
82 0.05113180 0.01215490 0.00928629 0.00341919 0.00873400 0.01137570 0.00926491 0.01533520 0.00664824 0.20987798 0.25735898 0.01185370 0.06672909 0.04141190 0.00708853 0.02366530 0.04973890 0.00325663 0.01771180 0.18395698
83 0.12819106 0.02736321 0.03656002 0.03175941 0.02308931 0.03350661 0.04279662 0.03904272 0.02173621 0.03415972 0.05618542 0.03159311 0.03003251 0.01686041 0.03927602 0.17998208 0.17136908 0.00497305 0.00987181 0.04165162
84 0.18626520 0.03601574 0.02611543 0.03306894 0.01983102 0.02514213 0.04235865 0.10758712 0.01594712 0.05193196 0.06399937 0.03542044 0.01952702 0.02791523 0.04197745 0.10955912 0.06309037 0.00589733 0.01985562 0.06849477
85 0.04988003 0.00897299 0.00746583 0.00142063 0.00853202 0.00618743 0.00495316 0.01445341 0.00493039 0.23519313 0.25909214 0.00689060 0.06047893 0.03686832 0.00266338 0.01336761 0.03870892 0.00214072 0.01546821 0.22233212
86 0.16689613 0.03286303 0.02202512 0.01787891 0.01721021 0.03272023 0.04045693 0.07025176 0.01238391 0.06694365 0.05459304 0.03215163 0.02392552 0.01628091 0.13367611 0.10771509 0.08393277 0.00840382 0.01087621 0.04881504
87 0.16856198 0.03925930 0.02628630 0.02497460 0.01465520 0.02238850 0.02816340 0.21712598 0.01138670 0.01993490 0.02978770 0.02895970 0.01095580 0.01694850 0.10702299 0.13583299 0.04942540 0.00590139 0.01314380 0.02928490
88 0.20774183 0.03308867 0.02198358 0.02294288 0.01640789 0.02856228 0.04228397 0.11024791 0.01178739 0.02776958 0.03366777 0.03136377 0.01780169 0.01494939 0.13589289 0.11563791 0.07540504 0.00609473 0.00811397 0.03825687
89 0.13111501 0.02895380 0.03743950 0.03280950 0.02298530 0.03427460 0.04477880 0.04329010 0.02175110 0.03567280 0.05637790 0.03373990 0.02990410 0.01772940 0.04150210 0.17541901 0.15280701 0.00529132 0.01115360 0.04300510
90 0.05543668 0.01869839 0.01473479 0.01361529 0.01146489 0.01651419 0.01992659 0.02376349 0.01058290 0.15558093 0.24453789 0.02113289 0.06006007 0.06382347 0.01123460 0.03614838 0.04715968 0.00730154 0.03030539 0.13797794
91 0.09755089 0.03946189 0.05399769 0.09069149 0.01768230 0.04971249 0.12706398 0.05248299 0.02086850 0.02249130 0.03923639 0.04817619 0.02302110 0.01232960 0.03776689 0.14647598 0.07379679 0.00470394 0.01203210 0.03045750
92 0.25805707 0.03050071 0.01405190 0.02139451 0.01652140 0.01178950 0.02380161 0.25958207 0.00732966 0.01986371 0.02551791 0.01819730 0.00697759 0.01724360 0.04180961 0.13128104 0.04086491 0.00330118 0.01073730 0.04117741
93 0.07413647 0.02780043 0.01947352 0.01441381 0.01478241 0.01754782 0.02051252 0.03149583 0.01330041 0.17691518 0.17139617 0.02906913 0.03953914 0.03111553 0.01176551 0.03922584 0.04550745 0.00430700 0.02094062 0.19675520
94 0.06462028 0.13260696 0.04904729 0.05646068 0.01353360 0.06108828 0.10352997 0.03699699 0.03066129 0.02418289 0.03744839 0.16782395 0.01710340 0.01322560 0.02628689 0.06391078 0.05010569 0.00337747 0.01087390 0.03711569
95 0.04286773 0.00763360 0.00662636 0.00741724 0.02027892 0.00821353 0.00592260 0.01466241 0.01771091 0.07641296 0.22733717 0.01233271 0.04466313 0.21021416 0.00465315 0.03250822 0.02760732 0.03363753 0.13831510 0.06098525
96 0.14546291 0.03456838 0.03164808 0.04017777 0.01969009 0.02692188 0.04856857 0.13453391 0.01710899 0.03911177 0.05466346 0.03652238 0.01922639 0.01835429 0.05315807 0.11323893 0.09734114 0.00507805 0.01282939 0.05179557
97 0.20789816 0.02778342 0.02857612 0.02980192 0.02342152 0.02464622 0.03730933 0.11174408 0.01634801 0.02809052 0.03982073 0.02827582 0.01836041 0.02119352 0.04082473 0.17086213 0.07985606 0.00517474 0.01393891 0.04607364
98 0.06505543 0.03519572 0.09242715 0.21250511 0.01103911 0.04882562 0.19069710 0.05320383 0.02128531 0.01584351 0.02764501 0.04027232 0.00797307 0.00951420 0.01605651 0.07129074 0.04030332 0.00216932 0.01402361 0.02467401
99 0.06435051 0.03820700 0.07681521 0.21337103 0.00782587 0.06004671 0.21542203 0.05273101 0.01864910 0.01521030 0.02811940 0.04215481 0.00745345 0.00736175 0.01579970 0.06648731 0.03747820 0.00113040 0.01090490 0.02048130
100 0.05454147 0.01819799 0.01465779 0.01316659 0.01167899 0.01672929 0.01924159 0.02411269 0.01066979 0.15623292 0.24537487 0.02107869 0.06034987 0.06426897 0.01143149 0.03559718 0.04695667 0.00725634 0.03019688 0.13825993
101 0.11913598 0.04119259 0.04422679 0.04302349 0.02160290 0.03750029 0.04981359 0.07932439 0.02387670 0.03491169 0.05497149 0.04607159 0.02571040 0.02958440 0.03862349 0.15832298 0.07395789 0.00825825 0.02593770 0.04395339
102 0.11696695 0.02103959 0.01914539 0.01703899 0.01966939 0.02019009 0.02634649 0.04495818 0.02086049 0.06828867 0.09864846 0.02873819 0.02539099 0.09146206 0.03413599 0.07543197 0.05419678 0.03953578 0.08552707 0.09242846
103 0.23733380 0.03300547 0.01488879 0.01844018 0.01435049 0.01206339 0.01981218 0.29958975 0.00695299 0.01987558 0.02700378 0.01819448 0.00724340 0.01772138 0.04222716 0.12306690 0.03489537 0.00328024 0.01169799 0.03835667
104 0.06134220 0.02145490 0.01843550 0.01741890 0.02079290 0.01632880 0.01605980 0.03694330 0.02408290 0.05926920 0.14399600 0.02710870 0.02965290 0.17836700 0.01411800 0.05325810 0.03265570 0.03300620 0.13903100 0.05667800
105 0.16430801 0.02056760 0.01990160 0.01850020 0.02387350 0.01726960 0.02777340 0.04989280 0.01341280 0.09850621 0.10225601 0.02348650 0.02787980 0.01948420 0.02817550 0.09948181 0.09494691 0.00400113 0.01181540 0.13446701
106 0.04907079 0.01625840 0.01370570 0.01024330 0.01604560 0.01523850 0.01113840 0.02043120 0.01942700 0.16418597 0.18291996 0.01725860 0.04938779 0.08764468 0.00947080 0.03392319 0.04008809 0.01866410 0.09172998 0.13316797
107 0.09656651 0.06856191 0.03890780 0.03370500 0.02004650 0.04803650 0.05419431 0.03814450 0.02970990 0.03889960 0.05534141 0.10867201 0.02159190 0.03307840 0.03104070 0.08181041 0.08923531 0.01076120 0.05222521 0.04947090
108 0.04339960 0.01045780 0.00693903 0.00152639 0.00737565 0.00765239 0.00612798 0.01327880 0.00513295 0.20712101 0.28939901 0.00877040 0.07828370 0.05427400 0.00359684 0.01673080 0.04126910 0.00340582 0.01881670 0.17644201
109 0.07030182 0.05505741 0.07888332 0.08724282 0.01729280 0.05070461 0.11953503 0.04300021 0.02448501 0.02485481 0.04642081 0.06693992 0.04791871 0.01494580 0.02972531 0.10808403 0.06414462 0.00423745 0.01249520 0.03373031
110 0.04512931 0.25176808 0.05319022 0.01461280 0.01711751 0.05890492 0.03851671 0.02497861 0.03964981 0.02048721 0.02631661 0.23708508 0.01789021 0.01422810 0.01149370 0.04615782 0.02962411 0.00154507 0.01134350 0.03996061
111 0.07896454 0.04910066 0.06175055 0.13930190 0.01224249 0.05271286 0.17042087 0.05234406 0.02129238 0.02515688 0.04278577 0.05628046 0.01527219 0.01206829 0.03041068 0.07828624 0.05324016 0.00328144 0.01227659 0.03281098
112 0.10056895 0.04038178 0.04484338 0.05069688 0.01442479 0.05382057 0.05103248 0.23323089 0.02025189 0.01729119 0.03419628 0.04080958 0.01429189 0.02059549 0.04327108 0.13113394 0.03560158 0.00628527 0.02152399 0.02574809
113 0.04158640 0.00658866 0.01530200 0.01245230 0.02304570 0.01134780 0.00274754 0.01584870 0.04452880 0.02822800 0.09585551 0.01287750 0.00651737 0.25873503 0.00522752 0.03804190 0.01820570 0.05945961 0.26917503 0.03422890
114 0.23658500 0.03345810 0.01478070 0.01858780 0.01429410 0.01213990 0.01979640 0.30135099 0.00699102 0.01998280 0.02693580 0.01826930 0.00717441 0.01804630 0.04191510 0.12196100 0.03429570 0.00331889 0.01172850 0.03838820
115 0.12052097 0.04082589 0.04422109 0.04303549 0.02168659 0.03708469 0.05045199 0.08008338 0.02461949 0.03529669 0.05402318 0.04477929 0.02530639 0.02914199 0.03852399 0.15886596 0.07335778 0.00824588 0.02572719 0.04420209
116 0.05151270 0.01886430 0.02187950 0.02241420 0.02115940 0.01849800 0.01638230 0.03431470 0.03449460 0.05546740 0.10634300 0.02329840 0.01892370 0.17466700 0.01105760 0.05190370 0.02829080 0.04132470 0.19249200 0.05671200
117 0.06719952 0.17829404 0.04756611 0.03325181 0.01739620 0.05150941 0.05306721 0.05711401 0.03367751 0.03424641 0.04424811 0.15013604 0.01996050 0.01757070 0.02532361 0.06377322 0.04057751 0.00348755 0.01583490 0.04576561
118 0.04301763 0.00382496 0.00455967 0.00969577 0.02144552 0.00621138 0.00251019 0.01329531 0.02878422 0.04344253 0.13667810 0.00927640 0.01595921 0.26176419 0.00355042 0.03119542 0.01976061 0.05694714 0.24469018 0.04339113
119 0.06269002 0.01810820 0.01686950 0.01427290 0.01156910 0.01946091 0.02363921 0.02174481 0.01145060 0.14335804 0.23351006 0.02289771 0.06122682 0.04874151 0.01474010 0.05119901 0.07354492 0.00500143 0.01971011 0.12626503
120 0.09893498 0.01542700 0.01115350 0.00888400 0.01335360 0.01175980 0.01358170 0.05610899 0.00762201 0.18211097 0.18989297 0.01352660 0.04353299 0.03156959 0.01637220 0.04575769 0.04566179 0.00357756 0.01603310 0.17513897
121 0.05149394 0.00934536 0.00810120 0.00200525 0.00903899 0.00659477 0.00546630 0.01491761 0.00532408 0.23310216 0.25307417 0.00756977 0.05754264 0.03579652 0.00305409 0.01403371 0.03888613 0.00225335 0.01551581 0.22688415
122 0.05031438 0.22948290 0.05247188 0.02126219 0.01916199 0.06073417 0.04198898 0.03245789 0.05531528 0.02312369 0.02782819 0.19144192 0.01681189 0.01428919 0.01641059 0.05366478 0.03415129 0.00261552 0.01764209 0.03883118
123 0.05153651 0.01487180 0.01306770 0.00780077 0.00982582 0.01736100 0.01548580 0.01567610 0.00918120 0.15920503 0.25969905 0.01655250 0.08355052 0.05149871 0.01126220 0.04548751 0.06712161 0.00434852 0.01782960 0.12863802
124 0.09656133 0.03509377 0.04922956 0.09576913 0.01577059 0.05243286 0.14735989 0.04101417 0.01971829 0.02339438 0.04268137 0.04807576 0.02112568 0.00948419 0.03869697 0.11911991 0.10046093 0.00396248 0.00979134 0.03025738
125 0.08275062 0.04647431 0.06908452 0.05702181 0.01509290 0.03301161 0.05674541 0.27725507 0.02025110 0.01680840 0.03302601 0.04487641 0.01319140 0.01946110 0.04100311 0.09177082 0.03145391 0.00482376 0.01649600 0.02940171
126 0.15167283 0.03749066 0.02657457 0.02449427 0.01684988 0.02625297 0.03848216 0.14564683 0.01324958 0.02742897 0.03639526 0.03374156 0.01638218 0.01429798 0.14084784 0.10840288 0.09329569 0.00623003 0.00927409 0.03298976
127 0.04966845 0.01101119 0.00830410 0.00249799 0.00901412 0.00863259 0.00680870 0.01541288 0.00584872 0.22372877 0.25838373 0.00954249 0.06284953 0.04146436 0.00475526 0.01734948 0.04066476 0.00313792 0.01807118 0.20285379
128 0.07358581 0.02719391 0.01938040 0.01490470 0.01467850 0.01787410 0.02019480 0.03126971 0.01304130 0.17639804 0.17340303 0.02802341 0.04027321 0.03203371 0.01220060 0.03931001 0.04541731 0.00435630 0.02121510 0.19524604
129 0.06972308 0.07413328 0.05271279 0.05930169 0.01673720 0.08943588 0.07867608 0.04499189 0.03346869 0.04106139 0.05788059 0.08557388 0.02391959 0.02000860 0.03874259 0.08388698 0.05795629 0.00587782 0.02113200 0.04477969
130 0.06501678 0.10505496 0.05397888 0.04177969 0.01649409 0.08870587 0.06738968 0.03633909 0.03246209 0.02853459 0.04040369 0.14117695 0.02023219 0.01500039 0.03686049 0.10116897 0.05509818 0.00585764 0.01537749 0.03306829
131 0.07413889 0.03829560 0.07307549 0.18521598 0.01266500 0.04804679 0.16755998 0.05957609 0.02132770 0.01921080 0.03425740 0.04267209 0.01064720 0.01646380 0.02145720 0.07796959 0.04490469 0.00403132 0.01978690 0.02869750
132 0.06649289 0.05594339 0.06734879 0.04404419 0.01948040 0.03793509 0.04863059 0.03902229 0.03010679 0.09431818 0.09288048 0.06168789 0.02647649 0.02050330 0.01938830 0.06481149 0.05153749 0.00482691 0.01989610 0.13466897
133 0.05963583 0.12485886 0.03309816 0.02226308 0.01470038 0.04153725 0.04021106 0.03931156 0.02462777 0.08227791 0.12887686 0.10432889 0.03662646 0.02849317 0.02156668 0.05117344 0.04478205 0.00392549 0.01638688 0.08131821
134 0.05489904 0.01830151 0.01437071 0.01326641 0.01143541 0.01623851 0.01940432 0.02390772 0.01039311 0.15746613 0.24582120 0.02007162 0.06054755 0.06339675 0.01196441 0.03539933 0.04665874 0.00704360 0.02996982 0.13944411
135 0.10612206 0.02617891 0.01862981 0.01974591 0.01455861 0.01730101 0.02284401 0.11652907 0.01077081 0.13944608 0.13198308 0.02194961 0.03252312 0.02832142 0.02803112 0.06504114 0.04331872 0.00540663 0.01873281 0.13256608
136 0.06935145 0.02009219 0.01889149 0.01523709 0.01291919 0.02307328 0.02598498 0.02212278 0.01325429 0.13086590 0.21120984 0.02574448 0.05742636 0.04402337 0.01865009 0.06244395 0.08808613 0.00522434 0.01901589 0.11638291
137 0.06500423 0.03485152 0.08253024 0.22744210 0.00824267 0.05002092 0.21922210 0.05346932 0.01823571 0.01409171 0.02619641 0.03816212 0.00648659 0.00719157 0.01428311 0.06447703 0.03646562 0.00105822 0.01095180 0.02161701
138 0.04733058 0.01285709 0.01236329 0.01152989 0.01710569 0.01362759 0.00996612 0.01984719 0.02217439 0.13562494 0.16773093 0.01540669 0.04119488 0.12254595 0.00825952 0.03485618 0.03577728 0.02758289 0.13077594 0.11344295
139 0.12957701 0.02897210 0.03985330 0.03313810 0.02365630 0.03449730 0.04333530 0.04555140 0.02256480 0.03405210 0.05438020 0.03371050 0.03101270 0.01873410 0.03813300 0.18851201 0.14014201 0.00540076 0.01231490 0.04246210
140 0.04949900 0.21453400 0.04640970 0.01630740 0.01598900 0.06267340 0.04330790 0.02758530 0.03624810 0.02736870 0.04576850 0.22024700 0.02015830 0.01512440 0.01789180 0.04790570 0.03665760 0.00216251 0.01128890 0.04287280
141 0.06038819 0.03819120 0.04347580 0.08798369 0.01595820 0.04847059 0.13207699 0.03667390 0.01987060 0.08048349 0.07918659 0.04192690 0.02831540 0.02606020 0.02698540 0.06430169 0.05359199 0.00810541 0.04535740 0.06259639
142 0.05690795 0.02355068 0.01498399 0.00721087 0.01381579 0.02816027 0.01467519 0.01831448 0.01155239 0.21119381 0.18465784 0.02577568 0.04422666 0.02551498 0.00793258 0.02513418 0.04123266 0.00285462 0.01770358 0.22460180
143 0.06592083 0.06098143 0.06448733 0.14139185 0.01395989 0.04851245 0.13400286 0.10016889 0.02430687 0.01693428 0.03162557 0.08076911 0.00999469 0.01358769 0.02897157 0.08149981 0.03680166 0.00485086 0.01627558 0.02495677
144 0.11872601 0.04094670 0.04482630 0.04305360 0.02183130 0.03816900 0.05029470 0.07987191 0.02433530 0.03442530 0.05361260 0.04595890 0.02575210 0.02947450 0.03917410 0.15920801 0.07245261 0.00832832 0.02623390 0.04332480
145 0.06503378 0.03685639 0.07843318 0.21734694 0.00851314 0.04995329 0.21451594 0.06579408 0.01943019 0.01372670 0.02647659 0.03954879 0.00651368 0.00737888 0.01491220 0.06725158 0.03518929 0.00114836 0.01081140 0.02116559
146 0.11174298 0.05859639 0.04457449 0.05542659 0.01659970 0.08481419 0.08026569 0.05135189 0.02686050 0.03709329 0.05195249 0.06953299 0.02176260 0.01679950 0.04891249 0.09401589 0.06688099 0.00544725 0.01566460 0.04170549
147 0.05952198 0.13205295 0.04961378 0.03651949 0.01542639 0.09290827 0.06376058 0.03348229 0.03534799 0.03216939 0.04251459 0.16752794 0.01984859 0.01449319 0.03028249 0.06559958 0.05077018 0.00420595 0.01497659 0.03897779
148 0.12519001 0.02825590 0.02985870 0.02066240 0.01584910 0.03761650 0.04536160 0.04043030 0.01532970 0.03776070 0.04720900 0.03220390 0.04562150 0.01431570 0.19670802 0.10277501 0.11550101 0.00847121 0.00880139 0.03207830
149 0.05968001 0.06765811 0.09426671 0.07766121 0.02006060 0.08999671 0.08293961 0.04557601 0.04897391 0.02418010 0.03653111 0.08019201 0.01790980 0.01664900 0.03285720 0.09227701 0.04787841 0.00648566 0.02379330 0.03443350
150 0.06071428 0.02154339 0.01833679 0.01768679 0.02092089 0.01611919 0.01632549 0.03603689 0.02399999 0.05942868 0.14390694 0.02692199 0.02926989 0.17831293 0.01405299 0.05291928 0.03295089 0.03321009 0.14013194 0.05721068
151 0.18384387 0.03667208 0.02594118 0.03392768 0.01977389 0.02532828 0.04351907 0.10760893 0.01633689 0.05238436 0.06476736 0.03601428 0.01983099 0.02793418 0.04032487 0.10888593 0.06263836 0.00592978 0.01988409 0.06845395
152 0.04423052 0.00602149 0.00669552 0.01117401 0.02033471 0.00826600 0.00414453 0.01594671 0.02981691 0.05280282 0.13281206 0.01069180 0.01723801 0.23697011 0.00485010 0.03333532 0.02235001 0.05363512 0.23579811 0.05288612
153 0.06785527 0.03574749 0.07662917 0.20607492 0.00966369 0.05169828 0.20536392 0.05464888 0.01863529 0.01485359 0.02869079 0.04007299 0.00929046 0.00751573 0.01803409 0.07929357 0.04150538 0.00154689 0.01096660 0.02191299
154 0.10471597 0.03400609 0.06762328 0.17236194 0.01462970 0.04347879 0.15494995 0.06466638 0.02000039 0.01892299 0.03370689 0.03698149 0.01082350 0.01452400 0.02430379 0.08493967 0.05012508 0.00316902 0.01479610 0.03127499
155 0.14984803 0.04267011 0.02969681 0.03349111 0.01409610 0.02196220 0.03506371 0.27227205 0.01299020 0.03073441 0.04482721 0.03213551 0.01325430 0.02257610 0.04374751 0.10039502 0.03477111 0.00502021 0.01763620 0.04281211
156 0.04283682 0.00278864 0.00482972 0.01077341 0.02157231 0.00598131 0.00153881 0.01376861 0.03347192 0.02849392 0.10548906 0.00896466 0.00590086 0.28044615 0.00339185 0.03266112 0.01719301 0.06500544 0.28076615 0.03412622
157 0.16816794 0.10330396 0.03009159 0.02925279 0.01770029 0.03723659 0.04820708 0.11563996 0.02192419 0.02810669 0.03638349 0.07871567 0.01522199 0.01551539 0.04442028 0.09739596 0.05543828 0.00393238 0.01086150 0.04248398
158 0.05551719 0.01871860 0.01456860 0.01293000 0.01169200 0.01634230 0.01933300 0.02525780 0.01074410 0.15655498 0.24404697 0.02105980 0.06018059 0.06270939 0.01185390 0.03606990 0.04662609 0.00711621 0.02953060 0.13914798
159 0.04166851 0.00988605 0.00721692 0.00469913 0.01537300 0.00907711 0.00732382 0.01401380 0.01006130 0.12232202 0.29038406 0.01232680 0.06779511 0.14268903 0.00464628 0.02882591 0.03561701 0.01644600 0.06534431 0.09428382
160 0.05159539 0.01135690 0.00908312 0.00345069 0.00913467 0.00828760 0.00765350 0.01603700 0.00630651 0.21581498 0.25708597 0.01048350 0.06087889 0.04249450 0.00439650 0.01825390 0.04094450 0.00320222 0.01842970 0.20510998
161 0.08219737 0.15797895 0.04764948 0.03422579 0.01877009 0.04917888 0.05341668 0.06789008 0.03119449 0.02668509 0.03523829 0.12434896 0.01940039 0.01631049 0.03139779 0.09882427 0.04928348 0.00447822 0.01519370 0.03633749
162 0.05203874 0.00893706 0.00787463 0.00154709 0.00914878 0.00633413 0.00488681 0.01500151 0.00503168 0.24120017 0.24698418 0.00693460 0.05580284 0.03323502 0.00274589 0.01322341 0.03823793 0.00191604 0.01494831 0.23397117
163 0.04750096 0.01095019 0.00808489 0.00268044 0.00861944 0.00870425 0.00734920 0.01462979 0.00573616 0.21307083 0.27318278 0.00982445 0.06725715 0.04792986 0.00447609 0.01790009 0.04112067 0.00342763 0.01840929 0.18914585
164 0.04723950 0.00948750 0.00716538 0.00214916 0.00879817 0.00732216 0.00545157 0.01404630 0.00694423 0.21884901 0.25618101 0.00773992 0.06520750 0.05018910 0.00320342 0.01595100 0.04004600 0.00541276 0.03187630 0.19674001
165 0.05604559 0.01111940 0.00990249 0.00332447 0.01078310 0.00789393 0.00706807 0.01672370 0.00637645 0.23394898 0.22889298 0.00991685 0.04903750 0.03184850 0.00394129 0.01623450 0.03858920 0.00234204 0.01608900 0.23992198
166 0.04272338 0.00244202 0.00414880 0.01067719 0.02113689 0.00552449 0.00133344 0.01347189 0.03317928 0.02802969 0.10457895 0.00867130 0.00515596 0.28158585 0.00320611 0.03232838 0.01712739 0.06693227 0.28378385 0.03396288
167 0.06463220 0.01509500 0.01136620 0.00552191 0.01070010 0.01350760 0.01131610 0.01810880 0.00788221 0.20032900 0.22832300 0.01458710 0.06860310 0.03760290 0.01205890 0.03389190 0.05047750 0.00358597 0.01796050 0.17445000
168 0.05581701 0.18997204 0.05022251 0.03192351 0.01618290 0.07815011 0.05740671 0.03420111 0.03944221 0.02780161 0.03413251 0.17336003 0.01851730 0.01311270 0.02183750 0.05965101 0.04335061 0.00281911 0.01340010 0.03869941
169 0.04310148 0.00413261 0.00476434 0.00975487 0.02190099 0.00639236 0.00241530 0.01385229 0.02880869 0.04217718 0.13776994 0.00967003 0.01610219 0.26317589 0.00356111 0.03153969 0.01959999 0.05643668 0.24286490 0.04197948
170 0.13160706 0.03295141 0.03053571 0.02470121 0.01737621 0.03833322 0.05101232 0.05898773 0.01533741 0.03505702 0.04132282 0.03787352 0.02426061 0.01387821 0.17653408 0.10665605 0.11335205 0.00824925 0.00939970 0.03257441
171 0.06132602 0.02146327 0.01785838 0.01668708 0.02089677 0.01623098 0.01521638 0.03635285 0.02397547 0.05959822 0.14488181 0.02697126 0.02963256 0.17976177 0.01355058 0.05260253 0.03266186 0.03328406 0.14055782 0.05649033
172 0.04842442 0.23741111 0.05227802 0.01883861 0.01704941 0.05869543 0.04323712 0.03074921 0.03887672 0.02174941 0.02837101 0.22190510 0.01788051 0.01456601 0.01481081 0.04928232 0.03221061 0.00197224 0.01200661 0.03968532
173 0.12906100 0.03013660 0.03746700 0.02593220 0.01645560 0.04117780 0.04241590 0.07726540 0.01531850 0.02973430 0.03453250 0.03397230 0.02143650 0.01546090 0.17703900 0.14937200 0.07656470 0.00881398 0.01042090 0.02742290
174 0.04761612 0.01205811 0.00973758 0.00632605 0.01266691 0.01143911 0.01045060 0.01554911 0.01081630 0.13201906 0.26937012 0.01446811 0.06787743 0.11122805 0.00745181 0.03550332 0.05152712 0.01321411 0.05375392 0.10692705
175 0.05709128 0.00842662 0.00890411 0.00186230 0.01124040 0.00618986 0.00455255 0.01636259 0.00506669 0.25821390 0.21531792 0.00627292 0.04307498 0.02393209 0.00237715 0.01223830 0.03570929 0.00138207 0.01304110 0.26874390
176 0.07167064 0.05789175 0.05505776 0.11801791 0.01075299 0.08756013 0.16012087 0.04308287 0.02231068 0.02703288 0.04097207 0.06938155 0.01562559 0.01023299 0.03294597 0.07735854 0.05639156 0.00305839 0.01195799 0.02857688
177 0.12338898 0.04293499 0.03467139 0.03100319 0.01603100 0.04089589 0.05015029 0.09013148 0.01840070 0.03193079 0.04481169 0.04528509 0.02137530 0.01713550 0.16389197 0.10112798 0.07176739 0.00836967 0.01346460 0.03323209
178 0.05353577 0.04699057 0.01901139 0.00710835 0.01165089 0.02648148 0.01717679 0.01860359 0.01416009 0.18515389 0.18077489 0.06246336 0.04751587 0.02767468 0.00978148 0.02782558 0.04324747 0.00389418 0.01664879 0.18030089
179 0.06223321 0.00901324 0.00897631 0.00231878 0.01181840 0.00658412 0.00514709 0.01751980 0.00528732 0.25293103 0.21152203 0.00676998 0.04287811 0.02409760 0.00329360 0.01539480 0.03713920 0.00163463 0.01322070 0.26222003
