1 0.27314381 0.02143429 0.01514009 0.02918218 0.04656907 0.01355489 0.01604459 0.12147792 0.00822104 0.02739528 0.04151717 0.01312429 0.01455949 0.02035779 0.02925868 0.15923689 0.08198664 0.00249126 0.00706648 0.05823816
2 0.13240502 0.05287551 0.08110181 0.04375581 0.05072331 0.03914951 0.04168561 0.06624091 0.02826930 0.02707670 0.05054291 0.05609171 0.02105810 0.02293000 0.02927280 0.11834302 0.06965101 0.00685584 0.01719640 0.04477471
3 0.20520695 0.02956689 0.02651389 0.03485009 0.02861959 0.02428689 0.03400899 0.09953078 0.01494160 0.03030049 0.04735929 0.02912199 0.01912490 0.02537319 0.03906679 0.16342496 0.08505208 0.00469993 0.01276840 0.04618229
4 0.07410442 0.03325741 0.01801070 0.01387260 0.01425670 0.01770970 0.01907490 0.02934951 0.01268320 0.16893304 0.18674604 0.02717121 0.04461461 0.03470711 0.01121940 0.03762461 0.04435981 0.00468377 0.02293221 0.18468904
5 0.06548570 0.01441030 0.00874342 0.00262940 0.01032100 0.00681209 0.00742092 0.01778490 0.00613042 0.21847700 0.25009800 0.00716697 0.05549160 0.03417920 0.00797580 0.02260310 0.04102610 0.00285519 0.01603790 0.20435100
6 0.07453436 0.06575326 0.03713928 0.03258878 0.01935779 0.08018076 0.05525847 0.02915968 0.02553899 0.06287027 0.07073636 0.07531876 0.03042238 0.01961869 0.02673639 0.07420456 0.09199085 0.00504304 0.02085339 0.10269394
7 0.11537504 0.04115961 0.04400221 0.04532811 0.02374051 0.03768031 0.05042762 0.07560982 0.02450731 0.03477751 0.05790142 0.04574911 0.02544391 0.03391101 0.03866031 0.15280105 0.07544702 0.00805699 0.02683911 0.04258201
8 0.06478786 0.13151693 0.04831977 0.03744328 0.01476919 0.06387946 0.06524246 0.03996248 0.02705858 0.03085608 0.04128768 0.18015890 0.02577909 0.01721599 0.03512238 0.06654136 0.05046927 0.00509356 0.01262319 0.04187248
9 0.06489283 0.05686313 0.06831153 0.13702707 0.00966069 0.05688793 0.17615309 0.04900322 0.04199412 0.02192521 0.02981751 0.06841193 0.01430851 0.01420871 0.02518301 0.07152594 0.04645712 0.00308611 0.01539661 0.02888571
10 0.12837404 0.02915551 0.03907301 0.03414921 0.02317471 0.03072471 0.03854181 0.04984652 0.02190211 0.03213801 0.05364482 0.03745641 0.02642371 0.02506771 0.03679751 0.18945406 0.14923005 0.00490717 0.01131120 0.03862771
11 0.08266356 0.11560809 0.05029974 0.03766273 0.02007222 0.05292094 0.05357954 0.06207635 0.03046952 0.02756292 0.03722023 0.08640586 0.02589162 0.02025502 0.04240483 0.13957610 0.05741194 0.00625325 0.01735351 0.03431203
12 0.05362059 0.01409070 0.00832982 0.00162074 0.00896067 0.00642389 0.00664594 0.01461400 0.00622793 0.22481095 0.26201594 0.00704392 0.06004039 0.03575959 0.00623297 0.01793170 0.03968739 0.00312665 0.01805730 0.20475895
13 0.08130324 0.04411472 0.08673334 0.08079164 0.01821581 0.03657382 0.07850844 0.13603606 0.02202471 0.02215251 0.04180012 0.05340642 0.01791971 0.01837661 0.03704142 0.09908854 0.07896824 0.00479985 0.01057800 0.03156681
14 0.05318575 0.01382861 0.00816591 0.00159240 0.00893826 0.00595552 0.00664705 0.01411041 0.00612476 0.22144222 0.26917927 0.00645009 0.06071976 0.03799254 0.00606117 0.01749322 0.03925074 0.00310630 0.01763582 0.20212020
15 0.04838298 0.03110418 0.02076329 0.01262979 0.01799189 0.02109779 0.01554919 0.02285699 0.02965589 0.10593395 0.14295993 0.02348949 0.06496387 0.10792195 0.01385429 0.05276027 0.03943488 0.02279659 0.11585394 0.08999886
16 0.04524012 0.01251091 0.01097020 0.00830092 0.01659331 0.01018710 0.00797889 0.01731361 0.02052621 0.12054405 0.20504008 0.00945051 0.04463712 0.13733806 0.00738687 0.03256031 0.02974011 0.02748051 0.12534505 0.11085605
17 0.07884320 0.06649110 0.03080080 0.03602100 0.01057200 0.06626160 0.08499400 0.05245250 0.01693890 0.02473250 0.04033570 0.11694600 0.01852250 0.01489560 0.15510700 0.08782350 0.05911260 0.00867908 0.00851040 0.02196000
18 0.06755628 0.04657995 0.02520003 0.01642592 0.01532432 0.02720863 0.02558483 0.03665944 0.01819492 0.12418814 0.16060618 0.04458265 0.06797358 0.04112105 0.02161902 0.06175757 0.05359426 0.00640537 0.02569573 0.11372213
19 0.20776910 0.02660331 0.02650521 0.07219984 0.02828541 0.02222051 0.04230362 0.08956684 0.01543941 0.02011621 0.04853342 0.02530231 0.01842531 0.05677393 0.03343222 0.11518606 0.07276824 0.00600830 0.02269551 0.04986522
20 0.07113162 0.04876722 0.06327002 0.13667905 0.00956649 0.05708572 0.17690006 0.05152172 0.02141311 0.02478741 0.03462891 0.06789522 0.01468540 0.01320220 0.03584871 0.07663503 0.04962202 0.00329707 0.01284320 0.03021981
21 0.09332671 0.03257500 0.06879841 0.15723002 0.01584720 0.04250890 0.13549301 0.05675711 0.02053190 0.01771710 0.03451640 0.04518000 0.01430940 0.01389220 0.02620680 0.09364501 0.08367781 0.00298150 0.01180920 0.03299630
22 0.07879011 0.03745801 0.07282911 0.17689303 0.01201700 0.04724411 0.16207803 0.06596431 0.02205120 0.01776280 0.02938681 0.04855891 0.01131080 0.01594600 0.02227450 0.08134482 0.04846901 0.00347321 0.01808150 0.02806671
23 0.05524244 0.22580315 0.04964523 0.01923271 0.01313081 0.06686304 0.04412393 0.02604852 0.03487082 0.02685092 0.02538752 0.21666215 0.02678032 0.01059211 0.01797221 0.04609053 0.03503552 0.00252470 0.00968594 0.04745743
24 0.07446638 0.02593259 0.02936069 0.03904029 0.01848479 0.02281329 0.02932499 0.14000596 0.02546969 0.03793239 0.07253448 0.02206649 0.02009949 0.10670897 0.01894969 0.08290818 0.02654319 0.02909509 0.13294796 0.04531539
25 0.12793790 0.02189948 0.01631449 0.01747619 0.01941568 0.01525409 0.01856818 0.04977046 0.01103939 0.12363090 0.17694585 0.01919318 0.03996207 0.04300066 0.02272248 0.06621985 0.05677605 0.00513812 0.02098008 0.12775490
26 0.06351823 0.14891208 0.04658582 0.02584161 0.01615681 0.06097373 0.05036953 0.03529852 0.02762101 0.02746461 0.03817752 0.16922209 0.02580431 0.03718402 0.03243992 0.06555023 0.07057294 0.00458839 0.01235581 0.04136282
27 0.06744037 0.09468135 0.04692318 0.07671536 0.00926922 0.06518437 0.13536993 0.03779218 0.02288539 0.02255209 0.02863039 0.15129693 0.01774389 0.01241509 0.04595498 0.07237256 0.05088878 0.00404102 0.00940575 0.02843719
28 0.18219995 0.03878989 0.02556729 0.03725959 0.02412789 0.02491449 0.03957259 0.09579637 0.01427810 0.05624838 0.07525348 0.03692359 0.02297879 0.02818959 0.03572359 0.10402297 0.06539168 0.00483688 0.01639760 0.07152728
29 0.06335533 0.01988501 0.01591691 0.01085281 0.01322941 0.01396311 0.01570971 0.02797591 0.01158931 0.16467708 0.23482111 0.01732991 0.05280752 0.05319763 0.01334001 0.03798942 0.04500372 0.00641633 0.02829771 0.15364207
30 0.08166336 0.02186179 0.02269189 0.01813289 0.02006339 0.01478909 0.01488899 0.12025594 0.01649149 0.06719087 0.14852193 0.01988049 0.03403778 0.11573794 0.02013649 0.06551167 0.03677858 0.01763089 0.07333636 0.07039816
31 0.09677344 0.04708962 0.03787611 0.08239943 0.01255240 0.05111922 0.09517914 0.06292842 0.01690391 0.01886921 0.03748201 0.06574222 0.01676681 0.01695581 0.14470805 0.09431523 0.06014692 0.00680479 0.00999674 0.02539051
32 0.15069103 0.03324501 0.03695981 0.04214801 0.02345690 0.02295370 0.03476821 0.21353504 0.01244330 0.02090780 0.03796281 0.02885641 0.01720670 0.02293910 0.03578531 0.15784503 0.05278141 0.00561369 0.01582980 0.03407091
33 0.09390941 0.12828301 0.03953200 0.02728060 0.01636580 0.05265170 0.04617510 0.03530170 0.02663110 0.04250180 0.05220980 0.15640401 0.02800330 0.01724600 0.02398990 0.06262230 0.05219600 0.00434933 0.01197640 0.08237071
34 0.06665532 0.01505180 0.00919542 0.00334248 0.01124030 0.00710195 0.00806723 0.02706041 0.00576308 0.22515707 0.22873407 0.00693693 0.05147331 0.02871651 0.00631298 0.02282791 0.03942231 0.00252134 0.01463350 0.21978606
35 0.11486904 0.04093471 0.04402422 0.04561872 0.02360501 0.03772431 0.05085562 0.07599863 0.02436911 0.03490141 0.05831692 0.04597612 0.02545931 0.03366181 0.03876421 0.15227905 0.07482433 0.00814015 0.02662111 0.04305622
36 0.05871413 0.12797906 0.09122015 0.05030423 0.02192061 0.05579953 0.05898273 0.05182623 0.03908712 0.02257291 0.02925951 0.10118005 0.02145141 0.01688401 0.03137612 0.11393906 0.05027303 0.00593460 0.02041391 0.03088162
37 0.20288307 0.02754631 0.02714861 0.03289361 0.02829161 0.02382451 0.03159441 0.09451973 0.01527671 0.02922301 0.04611612 0.02727191 0.01959321 0.02551731 0.03726371 0.17968106 0.09090203 0.00458736 0.01215630 0.04370941
38 0.07884678 0.03731799 0.07295178 0.17689095 0.01208300 0.04736739 0.16204595 0.06545798 0.02210619 0.01772169 0.02930289 0.04868549 0.01117820 0.01600970 0.02220959 0.08154178 0.04846129 0.00351730 0.01815819 0.02814589
39 0.10560003 0.11111203 0.04248551 0.04046491 0.01500350 0.05663072 0.06899622 0.04961981 0.02490401 0.02758951 0.03882751 0.15105304 0.02170661 0.01731311 0.04137471 0.07622432 0.05642372 0.00486361 0.01064560 0.03916151
40 0.11431592 0.04082617 0.04442867 0.04521817 0.02365628 0.03785628 0.05052257 0.07604565 0.02469008 0.03525268 0.05830066 0.04561947 0.02579908 0.03353718 0.03876127 0.15251190 0.07510175 0.00827505 0.02661828 0.04266287
41 0.25301120 0.02620422 0.01875862 0.03168523 0.03179443 0.01779641 0.02603882 0.11877510 0.01044851 0.02964892 0.04232503 0.02146362 0.01545701 0.02134222 0.03687013 0.15403512 0.08111856 0.00328784 0.00871907 0.05121994
42 0.23081012 0.02894001 0.02252201 0.03450342 0.02974811 0.02113051 0.03106392 0.11098306 0.01229231 0.03010952 0.04481892 0.02635051 0.01673261 0.02310371 0.03850932 0.15254208 0.08200334 0.00386230 0.01048471 0.04948952
43 0.15995999 0.03447370 0.02319160 0.02597010 0.04652660 0.02293860 0.02299180 0.06811919 0.01516400 0.06253219 0.09972949 0.03054710 0.04997770 0.04224170 0.02505390 0.10427499 0.06432119 0.00575588 0.01994050 0.07628979
44 0.09783039 0.02556370 0.01876550 0.01791420 0.01755320 0.01820330 0.02209930 0.03195040 0.01148480 0.14018999 0.16463299 0.02388060 0.04298930 0.02807150 0.01613730 0.06271899 0.08234439 0.00390478 0.01669140 0.15707399
45 0.05749088 0.01584779 0.00895307 0.00181438 0.01007330 0.00699287 0.00737684 0.01507069 0.00613667 0.23193791 0.24178391 0.00732420 0.05263278 0.03082269 0.00472292 0.01600139 0.03756929 0.00246074 0.01559579 0.22939191
46 0.07934861 0.03700290 0.07291701 0.17682001 0.01225390 0.04726080 0.16100901 0.06586971 0.02193980 0.01778280 0.02968700 0.04829940 0.01122120 0.01614010 0.02202960 0.08200661 0.04844570 0.00346432 0.01807600 0.02842550
47 0.05807877 0.19574189 0.04987817 0.02225069 0.01380699 0.06715176 0.05168297 0.02712889 0.03048618 0.02464829 0.02565879 0.21167589 0.02470719 0.01163249 0.02601299 0.06609186 0.03997458 0.00376866 0.00918738 0.04043558
48 0.08516972 0.03869111 0.03767451 0.02768401 0.02404210 0.03595301 0.03425171 0.04788311 0.02370890 0.05324061 0.08680492 0.04231001 0.06753941 0.04021101 0.03205511 0.16124203 0.08043082 0.00777261 0.02356500 0.04977031
49 0.06595592 0.05473811 0.03842581 0.02316791 0.04870501 0.04265011 0.02740531 0.03888031 0.01935241 0.05382331 0.15852204 0.09947053 0.03822961 0.05415901 0.02370481 0.07360702 0.05309211 0.00839633 0.02389521 0.05381911
50 0.07011228 0.06617868 0.03429669 0.02287529 0.01399970 0.05537069 0.04717729 0.02662559 0.02064579 0.08231818 0.07545148 0.12456797 0.03778489 0.01734620 0.04067229 0.07953018 0.11347197 0.00602086 0.01435990 0.05119409
51 0.11394810 0.04104194 0.04398124 0.04496674 0.02379672 0.03764793 0.05028604 0.07609157 0.02448092 0.03497293 0.05841175 0.04602634 0.02557292 0.03426583 0.03870183 0.15260613 0.07547427 0.00824104 0.02701252 0.04247324
52 0.05282837 0.24332588 0.04954448 0.01332009 0.01253889 0.06823837 0.03716158 0.01922299 0.03592248 0.02637899 0.02317899 0.23616288 0.02763239 0.00933066 0.01198929 0.04020348 0.03225318 0.00194768 0.00882886 0.04999048
53 0.06323898 0.02494379 0.01428960 0.00845987 0.01150120 0.01507690 0.01525750 0.02256049 0.01101310 0.19775195 0.21280294 0.01974379 0.05279319 0.03485689 0.01298930 0.03269679 0.04456789 0.00450620 0.02300569 0.17794395
54 0.06768699 0.02277090 0.02354870 0.01609470 0.01862650 0.02514000 0.02185470 0.02989520 0.01739180 0.10857998 0.19086797 0.02665200 0.07334159 0.05285179 0.02073880 0.09696639 0.06377249 0.00707985 0.02412810 0.09201159
55 0.06125229 0.16919398 0.04402389 0.04646849 0.00953986 0.06942249 0.09562519 0.02965620 0.02900580 0.02444990 0.02493490 0.18780997 0.02134490 0.01111660 0.03302470 0.05684559 0.03893359 0.00270517 0.00834601 0.03630049
56 0.06332269 0.03906639 0.09314199 0.15978197 0.01171250 0.05115559 0.17791897 0.05435219 0.02302710 0.01643550 0.02633790 0.05574959 0.01200250 0.01030030 0.02098730 0.09672718 0.05011799 0.00274066 0.01217850 0.02294320
57 0.05540899 0.01870910 0.01069470 0.00443862 0.00928984 0.01381840 0.01096660 0.01681580 0.00919839 0.20458095 0.22367395 0.01567220 0.07343998 0.02993259 0.01287400 0.03778829 0.06396129 0.00396838 0.02071900 0.16404896
58 0.12018401 0.04393600 0.06312450 0.13762901 0.01507720 0.04385530 0.12398901 0.05854250 0.04272250 0.01817790 0.03418090 0.04735410 0.01360770 0.01955200 0.02526580 0.08454081 0.05571700 0.00345573 0.01701390 0.03207410
59 0.04513248 0.01867879 0.01636799 0.00940614 0.01517289 0.01875899 0.01428019 0.01625129 0.03126638 0.13716292 0.13969592 0.01308499 0.04645767 0.10194794 0.01105849 0.04539578 0.05460127 0.02530399 0.13715592 0.10281994
60 0.07357348 0.01568822 0.00885626 0.00322718 0.01191231 0.00684584 0.00770537 0.02083412 0.00576196 0.22133025 0.22963825 0.00738444 0.04983016 0.02946363 0.00649286 0.02376243 0.04060825 0.00232014 0.01407662 0.22068824
61 0.06330603 0.01987681 0.01602581 0.01111860 0.01333401 0.01418391 0.01599561 0.02732121 0.01149451 0.16446807 0.23467010 0.01749941 0.05264242 0.05326712 0.01363661 0.03760522 0.04462312 0.00642656 0.02855581 0.15394907
62 0.05052478 0.09339227 0.02958219 0.01232970 0.01235830 0.05359748 0.03139079 0.02343349 0.02166479 0.11217296 0.11564696 0.13005495 0.06803137 0.02178439 0.02271659 0.04932698 0.05121168 0.00424437 0.01590459 0.08063137
63 0.05696236 0.01538589 0.00876513 0.00165334 0.00977983 0.00669780 0.00714834 0.01505859 0.00600329 0.23270885 0.24425484 0.00711329 0.05421676 0.03072888 0.00486074 0.01638389 0.03825247 0.00246898 0.01586289 0.22569385
64 0.06790020 0.03485070 0.08220770 0.20887700 0.00568282 0.05186160 0.21946100 0.05373520 0.02123210 0.01529190 0.01927730 0.04978240 0.00674314 0.00743654 0.01742240 0.06634620 0.03977450 0.00108780 0.01088330 0.02014620
65 0.08962943 0.03483017 0.06544595 0.02997758 0.05275246 0.04163717 0.02723858 0.03544937 0.06847455 0.02840128 0.05128136 0.03573257 0.02662988 0.02453688 0.02756088 0.17369186 0.12266390 0.00665368 0.02289588 0.03451657
66 0.11973199 0.02999020 0.03011170 0.03339050 0.02310590 0.02808590 0.03067330 0.07411449 0.03121750 0.03701010 0.06582029 0.02664640 0.02249050 0.08953519 0.02349990 0.11377799 0.04658130 0.02179440 0.10794799 0.04447450
67 0.11196801 0.07421450 0.04319070 0.04257970 0.01739860 0.05191260 0.07248760 0.05171220 0.02124230 0.02354850 0.03841470 0.12156101 0.02083730 0.01830140 0.05027390 0.12366401 0.06887560 0.00593685 0.01035770 0.03152280
68 0.05926669 0.03746710 0.08245619 0.21356497 0.00515299 0.05270209 0.21814297 0.05497699 0.02121230 0.01533390 0.01796290 0.05766709 0.00615785 0.00714134 0.01619720 0.06630539 0.03763070 0.00104074 0.01124690 0.01837370
69 0.06013780 0.10968400 0.03070510 0.01406350 0.01331150 0.03929430 0.02873450 0.02549580 0.02631330 0.13017099 0.12973999 0.08550230 0.04224640 0.02294700 0.01927280 0.04272120 0.04291480 0.00334974 0.01919400 0.11420100
70 0.07294583 0.03137911 0.06856243 0.15851906 0.01107120 0.05303902 0.17308507 0.04463382 0.02003131 0.01691871 0.04931532 0.04918172 0.01635401 0.01063060 0.02596801 0.08113083 0.07603333 0.00240061 0.01096770 0.02783231
71 0.05294284 0.02168141 0.01092931 0.00365935 0.00943955 0.01253361 0.01018611 0.01700611 0.00935162 0.20843314 0.23476616 0.01657581 0.07267995 0.03339032 0.01048381 0.02915652 0.04688243 0.00391292 0.02120391 0.17478512
72 0.05602492 0.01278991 0.00796884 0.00073180 0.00976737 0.00532516 0.00606049 0.01391791 0.00492162 0.24135910 0.24637510 0.00434679 0.05246942 0.02949261 0.00383764 0.01319231 0.03640312 0.00199968 0.01372611 0.23929010
73 0.12896999 0.04747959 0.04901379 0.10136999 0.01448850 0.04782189 0.13963598 0.06251469 0.01928020 0.02394140 0.03529040 0.06270349 0.01549690 0.01459940 0.04381640 0.08696149 0.05783039 0.00361310 0.00992661 0.03524580
74 0.10935403 0.03761181 0.03447391 0.03696401 0.01924420 0.03221301 0.04521721 0.04666261 0.01901990 0.06781622 0.09227132 0.04591331 0.03146111 0.02719951 0.03689141 0.10754303 0.11780503 0.00514286 0.01524210 0.07195342
75 0.07868822 0.04091831 0.05683332 0.11055503 0.01129970 0.05543472 0.16237205 0.04262901 0.01999071 0.02471601 0.03918621 0.06658742 0.01745571 0.01378450 0.04076731 0.08699493 0.08405933 0.00406490 0.01151580 0.03214681
76 0.08525604 0.07508144 0.04697867 0.08797193 0.00878978 0.06251565 0.15088489 0.04070497 0.02085478 0.02020259 0.02729058 0.12388491 0.01482089 0.01203529 0.05346086 0.07770584 0.05382466 0.00418650 0.00873054 0.02481918
77 0.18234696 0.03903769 0.02528799 0.03703489 0.02431489 0.02510869 0.03917979 0.09702548 0.01460430 0.05557289 0.07436298 0.03684079 0.02286079 0.02866019 0.03598569 0.10393198 0.06510628 0.00486544 0.01693490 0.07093738
78 0.06316938 0.02501009 0.01433540 0.00861686 0.01153470 0.01507690 0.01554949 0.02223869 0.01124640 0.19755093 0.21248693 0.01968609 0.05267048 0.03480209 0.01278630 0.03260849 0.04458759 0.00455677 0.02324249 0.17824394
79 0.06280480 0.01980960 0.01587060 0.01058710 0.01323990 0.01400990 0.01560260 0.02728260 0.01147700 0.16562600 0.23563400 0.01702940 0.05286990 0.05291840 0.01338440 0.03754080 0.04460980 0.00639612 0.02858210 0.15472500
80 0.15451003 0.03405201 0.03615121 0.04280321 0.02349791 0.02268210 0.03563691 0.22015605 0.01219360 0.02108140 0.03825941 0.02894521 0.01661080 0.02245280 0.03616791 0.14800303 0.05126681 0.00544378 0.01517560 0.03491021
81 0.07014003 0.06967643 0.06040723 0.03688932 0.06108533 0.09036374 0.04446952 0.04629972 0.03864642 0.03200672 0.05098142 0.07780194 0.02491861 0.02742751 0.03242782 0.10050605 0.05301033 0.00915002 0.03035491 0.04343692
82 0.05591678 0.01471659 0.00909593 0.00254517 0.00886576 0.00816726 0.00813528 0.01537529 0.00691108 0.21754591 0.25464689 0.00905440 0.06209717 0.03260519 0.00857534 0.02422729 0.04907838 0.00306220 0.01740219 0.19197592
83 0.13125599 0.02606710 0.03459250 0.03098690 0.02159650 0.02708340 0.03412940 0.04567370 0.02068000 0.03226900 0.05390090 0.03369610 0.02523920 0.02408330 0.03600240 0.18662399 0.18452399 0.00427753 0.00902284 0.03829530
84 0.18163195 0.03910319 0.02542109 0.03716429 0.02416019 0.02517979 0.03947969 0.09569387 0.01464100 0.05591698 0.07481088 0.03696239 0.02284629 0.02873099 0.03606069 0.10343397 0.06529308 0.00493900 0.01706949 0.07146118
85 0.05320377 0.01269349 0.00738779 0.00057782 0.00830894 0.00403017 0.00540005 0.01306929 0.00498522 0.23316686 0.26885684 0.00387896 0.05923176 0.03315278 0.00413801 0.01352429 0.03762578 0.00225814 0.01478119 0.21972887
86 0.16325995 0.03333099 0.01857709 0.01907219 0.01785069 0.03250959 0.03287649 0.06076218 0.01235990 0.08221857 0.07685328 0.03531419 0.02782029 0.01758529 0.11812796 0.10359197 0.07571758 0.00566362 0.01035600 0.05615218
87 0.15275403 0.04011681 0.03182901 0.03015361 0.02049660 0.02553701 0.03191801 0.20599304 0.00997232 0.02047220 0.03590651 0.03553401 0.01589110 0.01924180 0.09088812 0.13439103 0.05408761 0.00617020 0.00960027 0.02904671
88 0.19704492 0.03640008 0.02236699 0.03060099 0.01997019 0.03262169 0.04490198 0.09105916 0.01148000 0.03041419 0.04432148 0.04022318 0.01843649 0.01782769 0.12448095 0.11239995 0.07354967 0.00555284 0.00729998 0.03904758
89 0.11010900 0.03744640 0.03418490 0.03663030 0.01910840 0.03197940 0.04480980 0.04683310 0.01888800 0.06823380 0.09266120 0.04571860 0.03156680 0.02716240 0.03675630 0.10754600 0.11769900 0.00517818 0.01545070 0.07203770
90 0.06321598 0.01984849 0.01602279 0.01084170 0.01305410 0.01408340 0.01582449 0.02759129 0.01154730 0.16537995 0.23447992 0.01714959 0.05282118 0.05259848 0.01359920 0.03750509 0.04474309 0.00637522 0.02859979 0.15471895
91 0.08355342 0.04176601 0.05474471 0.09507562 0.01544810 0.05340601 0.14019303 0.05214811 0.01977760 0.02001740 0.03498641 0.06288701 0.01924350 0.01536310 0.04391391 0.13761803 0.06595862 0.00479507 0.01257920 0.02652511
92 0.24426697 0.03138080 0.01808340 0.03069400 0.02881680 0.01271840 0.02271950 0.23417197 0.00726511 0.02454210 0.03587849 0.01768200 0.01246210 0.01802560 0.03289990 0.12184398 0.05163799 0.00263399 0.00805654 0.04422039
93 0.07408110 0.03231190 0.01778530 0.01424970 0.01415620 0.01750770 0.01937910 0.02878670 0.01258140 0.16963000 0.18817800 0.02623540 0.04466900 0.03499400 0.01111150 0.03780010 0.04417900 0.00477509 0.02300480 0.18458400
94 0.06647219 0.10321399 0.04523569 0.06705659 0.00941276 0.06563059 0.12627498 0.03561130 0.02335190 0.02302370 0.02884250 0.16680298 0.01847240 0.01254390 0.04416999 0.07034029 0.05064029 0.00403664 0.00917694 0.02969040
95 0.04629342 0.01009580 0.01059840 0.00832796 0.02358491 0.00930296 0.00719590 0.01682521 0.02267751 0.06494553 0.19628208 0.01058140 0.03909722 0.21617209 0.00678028 0.03948582 0.02474491 0.03458021 0.14849306 0.06393533
96 0.15609502 0.03528910 0.03249820 0.04339551 0.02455710 0.02415120 0.04088351 0.14603202 0.01446040 0.03463120 0.05317281 0.03449880 0.01989080 0.02133540 0.04031001 0.11723002 0.09971191 0.00415322 0.00963795 0.04806581
97 0.20565904 0.02941321 0.02645401 0.03465131 0.02842381 0.02419770 0.03394821 0.09984892 0.01469660 0.03011481 0.04670831 0.02889191 0.01914570 0.02538030 0.03876271 0.16459203 0.08585402 0.00465011 0.01278080 0.04582651
98 0.08615653 0.04043812 0.05234662 0.11951205 0.02097041 0.04585362 0.09605404 0.05707952 0.02214621 0.02469961 0.05261752 0.04906282 0.04466062 0.02659331 0.03165801 0.09953544 0.06468392 0.00598182 0.02126081 0.03868901
99 0.06223850 0.04095480 0.07503290 0.18534101 0.00946434 0.06769660 0.18108201 0.05322190 0.02347840 0.01796900 0.02647780 0.05584530 0.01042640 0.01080730 0.02148710 0.07480300 0.04269520 0.00233830 0.01571280 0.02292730
100 0.06275390 0.01995140 0.01609770 0.01099440 0.01314370 0.01389230 0.01593370 0.02734200 0.01161300 0.16532299 0.23509099 0.01739240 0.05281730 0.05306430 0.01340490 0.03745130 0.04448600 0.00643624 0.02835950 0.15445199
101 0.11400107 0.04149113 0.04426353 0.04509043 0.02362572 0.03752392 0.05030793 0.07578425 0.02494542 0.03513262 0.05882944 0.04603013 0.02572132 0.03375272 0.03811122 0.15244010 0.07489225 0.00818026 0.02686142 0.04301513
102 0.11388497 0.02222469 0.01256950 0.01314670 0.01845690 0.01165010 0.01386290 0.03797849 0.00809154 0.16583096 0.17749595 0.01511940 0.03975029 0.02809609 0.01273610 0.04796539 0.05036369 0.00281103 0.01389440 0.19407095
103 0.21775407 0.03367751 0.02114551 0.02791541 0.02563391 0.01269870 0.02100561 0.28405210 0.00696020 0.02250761 0.03648771 0.01865711 0.01304480 0.01831721 0.03299081 0.11245004 0.04353881 0.00277210 0.00880526 0.03958551
104 0.06402631 0.02160010 0.01925910 0.01841540 0.02122640 0.01799190 0.01831940 0.03750000 0.02628830 0.05578431 0.12784301 0.02268220 0.03130370 0.17436302 0.01637310 0.05935801 0.03551910 0.03226570 0.13827001 0.06161091
105 0.17382202 0.02284990 0.01643470 0.02476550 0.02687650 0.01468450 0.02066080 0.05609081 0.00925343 0.09359071 0.11417201 0.01980190 0.02934200 0.02340090 0.02201310 0.09589701 0.09187231 0.00290424 0.01065860 0.13090902
106 0.05109827 0.01900309 0.01601419 0.01013959 0.01588929 0.01767279 0.01310209 0.02301739 0.02253669 0.12827592 0.15101791 0.01983169 0.04341207 0.10810494 0.01962769 0.05025587 0.04151618 0.03839088 0.11239293 0.09870054
107 0.09623178 0.06893509 0.04061269 0.03943879 0.01900140 0.05374459 0.06151699 0.03510629 0.02524370 0.03689279 0.04896449 0.12204298 0.02433990 0.02524690 0.03454069 0.08421588 0.09179348 0.00750818 0.04096839 0.04365499
108 0.05161360 0.01404950 0.00761344 0.00105494 0.00863064 0.00497613 0.00602597 0.01303470 0.00636513 0.22068100 0.26924299 0.00548290 0.06311910 0.04248750 0.00462519 0.01572820 0.03803690 0.00352228 0.01994490 0.20376500
109 0.05778375 0.02489332 0.01816571 0.01040111 0.01883072 0.01677241 0.01690011 0.02553602 0.02033782 0.10125808 0.18173015 0.02222132 0.07206236 0.12476110 0.01343891 0.05592124 0.04120353 0.01530701 0.06740295 0.09507238
110 0.05273532 0.24344907 0.04961731 0.01337980 0.01267800 0.06803112 0.03713211 0.01945931 0.03571741 0.02635381 0.02322171 0.23606007 0.02764021 0.00931218 0.01194960 0.04021151 0.03219661 0.00201448 0.00881724 0.05002312
111 0.07109671 0.04800161 0.06311341 0.13651202 0.00957797 0.05712321 0.17707203 0.05159031 0.02163440 0.02499540 0.03504581 0.06738441 0.01482740 0.01314870 0.03570601 0.07678461 0.04993031 0.00333086 0.01284810 0.03027671
112 0.12315703 0.03704041 0.03596931 0.02761261 0.02168111 0.02056641 0.02441161 0.27536007 0.01092280 0.02534051 0.04796511 0.02984131 0.03895871 0.02282001 0.03661121 0.12657503 0.04344901 0.00546764 0.01306060 0.03318951
113 0.03248708 0.00868756 0.01487389 0.01124609 0.01960849 0.01238189 0.00310839 0.01289379 0.04619177 0.03197998 0.09294874 0.00628425 0.01772879 0.25115283 0.00485195 0.04150147 0.01239269 0.06218866 0.27638782 0.04110387
114 0.21793307 0.03369401 0.02109151 0.02760841 0.02549841 0.01245110 0.02075171 0.28610310 0.00695533 0.02248491 0.03645851 0.01866401 0.01298150 0.01819161 0.03278371 0.11219304 0.04346021 0.00269403 0.00856700 0.03943481
115 0.11436000 0.04112350 0.04394510 0.04529430 0.02369680 0.03757450 0.05049610 0.07569000 0.02450630 0.03552680 0.05846900 0.04597820 0.02566250 0.03403320 0.03833520 0.15219700 0.07517920 0.00822891 0.02699960 0.04270380
116 0.04295895 0.01914562 0.01992582 0.02044192 0.01870052 0.01943412 0.01637682 0.02548173 0.03661934 0.05677977 0.10518413 0.01613062 0.02491243 0.18145722 0.00982570 0.04897066 0.02355963 0.04545466 0.20785525 0.06078507
117 0.07112134 0.16882485 0.04636736 0.03015367 0.01575009 0.05499545 0.04825366 0.05103676 0.03402017 0.04289736 0.04883666 0.13431388 0.02789588 0.01749988 0.02805058 0.06226215 0.04185216 0.00374788 0.01636859 0.05575165
118 0.03502897 0.00525489 0.00727452 0.00932281 0.02050218 0.00802343 0.00263130 0.01315929 0.03217097 0.04235787 0.12466890 0.00552614 0.02291098 0.25583480 0.00382638 0.03555857 0.01356189 0.05902215 0.25425080 0.04911316
119 0.07352745 0.01914829 0.01827069 0.01309919 0.01360239 0.01583429 0.01846399 0.02503868 0.01178449 0.15239290 0.21999886 0.01951909 0.05237667 0.03864708 0.01628979 0.05501477 0.07402955 0.00403693 0.01719499 0.14172991
120 0.11906803 0.01711300 0.01020440 0.00941022 0.01679990 0.00936125 0.01054060 0.06126131 0.00640550 0.16915404 0.19127904 0.00963216 0.04368031 0.02904231 0.01628410 0.05407131 0.04809841 0.00306654 0.01380250 0.16172504
121 0.05456619 0.01291750 0.00782764 0.00105502 0.00882062 0.00446082 0.00581100 0.01356430 0.00520106 0.22977497 0.26556296 0.00432147 0.05761439 0.03388149 0.00433442 0.01429700 0.03751099 0.00238710 0.01498810 0.22110297
122 0.05323214 0.23064016 0.05321304 0.01881191 0.01455431 0.06419335 0.03541573 0.02273682 0.07156795 0.03140792 0.02518632 0.15839011 0.02661822 0.01359211 0.01736911 0.05079144 0.03203832 0.00265369 0.02668872 0.05089864
123 0.05890754 0.01848271 0.01440441 0.00812662 0.01128211 0.01522141 0.01469491 0.01890891 0.01065581 0.17184111 0.23209515 0.01806351 0.07187635 0.03790223 0.01330731 0.04628863 0.06699274 0.00413233 0.01830111 0.14851510
124 0.08045476 0.03668248 0.05540957 0.10561495 0.01191389 0.05397567 0.16274092 0.04156798 0.01883499 0.01944479 0.03414418 0.06532647 0.01697679 0.01284159 0.04113758 0.11242994 0.09002426 0.00405389 0.01032409 0.02610119
125 0.08232180 0.04045820 0.06924780 0.04722120 0.01339080 0.02342620 0.04339530 0.34856700 0.01286430 0.01229460 0.03767400 0.04084580 0.01623780 0.02048030 0.03451700 0.09096010 0.02835770 0.00373579 0.01083700 0.02316730
126 0.14970114 0.03988384 0.03080933 0.03124403 0.02015522 0.02751543 0.03671954 0.14401514 0.01242741 0.02601782 0.04135594 0.04146714 0.01801002 0.01879062 0.11174811 0.11276211 0.09271689 0.00604997 0.00732399 0.03128633
127 0.05778933 0.10931705 0.03702512 0.02239321 0.01323311 0.06048043 0.04492122 0.02704761 0.02494561 0.09179674 0.08538714 0.14826807 0.03929272 0.01867151 0.02854831 0.05307143 0.05004802 0.00447502 0.01572161 0.06756673
128 0.07415350 0.03314390 0.01791570 0.01397770 0.01420760 0.01780260 0.01920330 0.02945880 0.01271720 0.16927299 0.18734399 0.02705800 0.04467950 0.03445760 0.01096400 0.03772130 0.04430870 0.00462544 0.02267720 0.18431099
129 0.06737243 0.08000183 0.05039832 0.05703692 0.01699471 0.09438814 0.08333253 0.04304132 0.03219851 0.03662341 0.04927872 0.09478334 0.02405291 0.02075931 0.04380112 0.08253293 0.05300892 0.00577981 0.02193691 0.04267792
130 0.07176988 0.04217719 0.04960429 0.03985029 0.02120209 0.08966068 0.05619249 0.04128699 0.03142639 0.03830439 0.09915387 0.06061138 0.03169449 0.02432749 0.04439139 0.13279497 0.06461588 0.00704996 0.01925929 0.03462659
131 0.07890321 0.03707511 0.07282451 0.17706103 0.01198600 0.04721721 0.16223303 0.06596411 0.02207670 0.01774220 0.02940941 0.04849631 0.01125970 0.01609940 0.02209060 0.08135202 0.04843831 0.00352551 0.01828590 0.02795971
132 0.06490835 0.06849754 0.06523165 0.04448766 0.01695749 0.03856827 0.04838916 0.03974837 0.02957508 0.08817193 0.10178092 0.06540635 0.03085017 0.02314918 0.01601429 0.06085285 0.04860056 0.00467092 0.02084038 0.12329890
133 0.05656048 0.18599494 0.07658807 0.03786729 0.01764389 0.05827868 0.05071118 0.04237569 0.04058029 0.02812869 0.02881629 0.14803795 0.02355829 0.01417980 0.02185179 0.06301258 0.04041289 0.00378943 0.01888129 0.04273049
134 0.06317628 0.01967319 0.01589129 0.01096290 0.01320050 0.01385570 0.01578859 0.02717659 0.01150550 0.16495795 0.23494192 0.01726529 0.05270248 0.05343448 0.01345980 0.03765779 0.04478429 0.00642323 0.02877629 0.15436595
135 0.13627801 0.03889140 0.03684980 0.03843670 0.01913770 0.02069830 0.03527170 0.28618501 0.01092970 0.02870250 0.04955650 0.03191460 0.01799480 0.02280830 0.03416650 0.09572790 0.03812280 0.00422885 0.01389680 0.04020210
136 0.07539712 0.06371202 0.04543381 0.04718461 0.01708410 0.08613422 0.07459912 0.03452761 0.02611511 0.03747281 0.05262851 0.08305542 0.02718371 0.01727980 0.04561941 0.09775943 0.10952203 0.00525472 0.01439500 0.03964141
137 0.06013774 0.03393232 0.08576565 0.22010614 0.00550414 0.05140303 0.21855113 0.05595413 0.02142141 0.01559281 0.01911371 0.04765103 0.00650387 0.00705174 0.01341301 0.06645644 0.03841982 0.00096984 0.01195631 0.02009571
138 0.05249993 0.07887124 0.04484592 0.03974592 0.02166161 0.05219323 0.05019103 0.03667202 0.03386162 0.03937762 0.05907263 0.11010806 0.02519001 0.06649763 0.02398351 0.06842243 0.04005852 0.01723991 0.09355225 0.04595492
139 0.12857104 0.02885501 0.03907091 0.03455131 0.02340801 0.03083111 0.03867611 0.04952381 0.02182301 0.03242741 0.05439942 0.03732961 0.02650331 0.02515561 0.03646171 0.18859106 0.14891604 0.00491270 0.01128540 0.03870741
140 0.05455062 0.19553706 0.04253091 0.01678411 0.01401830 0.06958582 0.04237881 0.02676981 0.02979311 0.03174201 0.04889731 0.21921307 0.02928161 0.01269950 0.02205591 0.04568351 0.03992971 0.00281426 0.00935224 0.04638231
141 0.05455060 0.03770410 0.04709350 0.09338091 0.01253430 0.06234320 0.14436101 0.03435240 0.02529860 0.07806831 0.06555940 0.04417450 0.02461180 0.02482500 0.02009480 0.06153780 0.04879860 0.00582503 0.04845140 0.06643470
142 0.05545862 0.03731581 0.01638080 0.00672647 0.01378100 0.04046311 0.02251501 0.01683190 0.01578180 0.18932805 0.17328505 0.03142741 0.04399921 0.02638481 0.00892903 0.02646141 0.04182961 0.00320532 0.02176751 0.20812806
143 0.06572363 0.05012035 0.06962843 0.15113485 0.01110289 0.04818005 0.14787485 0.10669889 0.02040368 0.01589488 0.02532847 0.07977822 0.01066779 0.01290119 0.02884597 0.07828902 0.04074116 0.00347682 0.01164389 0.02156498
144 0.11453499 0.04104110 0.04403610 0.04509300 0.02360360 0.03778040 0.05077890 0.07529430 0.02465290 0.03506970 0.05827610 0.04645600 0.02572240 0.03405910 0.03856900 0.15168499 0.07530930 0.00818716 0.02683850 0.04301250
145 0.06069777 0.03479508 0.08395196 0.21467089 0.00591233 0.04937547 0.21445789 0.06928976 0.02156069 0.01499819 0.01841339 0.04763778 0.00626892 0.00728131 0.01300999 0.06874356 0.03679208 0.00106865 0.01161339 0.01946089
146 0.11029201 0.06934411 0.04208750 0.05317650 0.01786420 0.08711741 0.08086271 0.04938500 0.02612090 0.03338120 0.04541870 0.08347651 0.02124120 0.01859300 0.05221630 0.09071651 0.05751061 0.00513511 0.01588800 0.04017250
147 0.05896031 0.13230903 0.04436891 0.03724701 0.01360490 0.09592682 0.07019591 0.03029931 0.02789961 0.03049421 0.03736921 0.17908904 0.02441900 0.01320330 0.03996941 0.06281941 0.04791211 0.00401170 0.01198720 0.03791361
148 0.10223697 0.03901059 0.02985489 0.02640659 0.01358510 0.04125109 0.04338549 0.04387509 0.01742289 0.04612869 0.05985878 0.04838129 0.04791539 0.01798649 0.17600195 0.09691597 0.10247597 0.00767790 0.01049830 0.02913059
149 0.06748891 0.07987351 0.05025930 0.05729750 0.01678090 0.09468771 0.08359731 0.04281110 0.03224910 0.03698060 0.04949340 0.09441231 0.02429300 0.02070630 0.04340210 0.08198581 0.05306010 0.00584582 0.02174420 0.04303100
150 0.06332198 0.02181779 0.01937929 0.01846859 0.02113909 0.01796769 0.01849379 0.03761209 0.02646159 0.05588608 0.12713096 0.02303819 0.03128459 0.17449295 0.01615740 0.05927518 0.03524089 0.03247939 0.13873596 0.06161648
151 0.18180389 0.03869268 0.02523798 0.03623068 0.02412009 0.02473238 0.03822908 0.09526244 0.01431019 0.05689147 0.07589915 0.03684748 0.02319029 0.02887568 0.03620698 0.10391894 0.06588656 0.00495981 0.01685219 0.07185206
152 0.03618641 0.00735481 0.00944181 0.01053010 0.01888600 0.01011410 0.00433081 0.01497570 0.03296961 0.05471471 0.12447302 0.00678068 0.02445580 0.22713205 0.00496389 0.03720321 0.01690870 0.05556711 0.24382405 0.05918741
153 0.06270000 0.03497740 0.07993830 0.20147299 0.00720022 0.05254870 0.20731599 0.05595400 0.02036460 0.01522810 0.02125260 0.05058860 0.00825758 0.00784676 0.01928350 0.07907160 0.04194640 0.00148367 0.01194630 0.02062270
154 0.13041698 0.03250519 0.05974899 0.14970397 0.01761200 0.03824559 0.13109598 0.07720079 0.01833950 0.01766710 0.03205699 0.03948219 0.01179520 0.01613170 0.02591530 0.09322428 0.05725649 0.00263268 0.01268710 0.03628199
155 0.13594790 0.03939167 0.03702117 0.03834427 0.01895709 0.02052429 0.03502207 0.28599279 0.01101579 0.02845848 0.04961946 0.03236678 0.01808949 0.02263748 0.03423918 0.09590603 0.03823047 0.00424842 0.01381479 0.04017237
156 0.03224912 0.00385770 0.00704865 0.01021541 0.01897301 0.00824822 0.00178353 0.01267371 0.03583632 0.03100092 0.09839395 0.00461443 0.01697751 0.26953214 0.00327044 0.03640782 0.01087141 0.06766384 0.28898415 0.04139772
157 0.15956205 0.10819804 0.03600291 0.02629751 0.04376291 0.03748441 0.02951051 0.09636723 0.02246681 0.03223501 0.04247011 0.07522363 0.02094761 0.01922731 0.02958821 0.09696793 0.05626382 0.00415486 0.01314420 0.05012492
158 0.06299474 0.01978991 0.01594581 0.01100981 0.01316841 0.01414721 0.01592731 0.02726482 0.01151081 0.16515811 0.23500716 0.01709681 0.05271214 0.05314484 0.01353241 0.03761893 0.04468043 0.00641643 0.02859382 0.15428010
159 0.05078727 0.01266802 0.01101462 0.00556870 0.01948103 0.00852651 0.00821867 0.01643612 0.01450972 0.12050217 0.25671037 0.01063732 0.05191617 0.14147420 0.00712822 0.03282255 0.03270965 0.01644742 0.07206810 0.11037316
160 0.05656978 0.01428839 0.00881517 0.00265174 0.00953963 0.00576046 0.00715533 0.01539689 0.00623679 0.21811892 0.26160091 0.00638890 0.05751048 0.03712329 0.00558659 0.01843509 0.03915089 0.00310825 0.01766859 0.20889392
161 0.07039410 0.16817299 0.04673910 0.03043550 0.01567380 0.05515630 0.04900320 0.05123650 0.03414700 0.04271280 0.04819760 0.13329399 0.02794330 0.01729050 0.02867630 0.06291550 0.04217830 0.00382875 0.01652510 0.05547940
162 0.05406430 0.01275090 0.00751148 0.00071255 0.00862562 0.00433436 0.00560324 0.01338470 0.00499537 0.23445500 0.26375100 0.00413502 0.05778180 0.03246350 0.00414196 0.01369100 0.03753230 0.00225470 0.01475720 0.22305400
163 0.05335686 0.01393591 0.00820824 0.00158126 0.00892239 0.00595829 0.00656893 0.01419661 0.00618843 0.22174823 0.26840728 0.00648706 0.06052776 0.03776394 0.00609920 0.01767452 0.03937654 0.00310952 0.01763482 0.20225421
164 0.04928797 0.01269799 0.00724232 0.00136362 0.00847183 0.00529172 0.00581006 0.01301979 0.00787486 0.21826187 0.25746985 0.00472549 0.06281956 0.04631317 0.00462332 0.01739059 0.04014718 0.00654537 0.03550758 0.19513588
165 0.05763977 0.01466129 0.00903462 0.00244911 0.01001659 0.00606458 0.00711220 0.01544769 0.00610192 0.22461388 0.25004786 0.00660776 0.05378657 0.03416878 0.00500345 0.01682019 0.03780288 0.00283621 0.01656279 0.22322188
166 0.03173668 0.00333464 0.00640429 0.01021849 0.01842759 0.00793538 0.00147969 0.01249859 0.03585978 0.03066838 0.09667295 0.00424881 0.01602779 0.26994686 0.00300062 0.03584598 0.01044579 0.06979066 0.29390984 0.04154718
167 0.06575773 0.01452621 0.00867227 0.00263044 0.01034130 0.00679091 0.00735044 0.01792161 0.00604265 0.21810510 0.24998611 0.00711984 0.05551262 0.03416782 0.00819486 0.02287711 0.04112492 0.00285064 0.01605731 0.20397009
168 0.05831513 0.19086610 0.04898653 0.02830412 0.01404821 0.08337774 0.05416773 0.02939632 0.03900772 0.02947842 0.02899972 0.16603209 0.02556791 0.01240571 0.02903942 0.05897323 0.04104352 0.00309677 0.01416491 0.04472872
169 0.03544438 0.00545250 0.00753633 0.00945106 0.02114499 0.00815934 0.00292994 0.01337149 0.03200328 0.04084887 0.12622291 0.00596231 0.02326318 0.25755882 0.00405588 0.03590058 0.01366569 0.05823746 0.25116083 0.04763017
170 0.11719006 0.04069912 0.03137122 0.03093422 0.01468891 0.04323972 0.05478173 0.05371553 0.01585001 0.03417652 0.04627782 0.05643373 0.02200141 0.01756331 0.16389408 0.10624705 0.10695505 0.00767936 0.00846144 0.02783971
171 0.06360286 0.02139202 0.01927112 0.01846952 0.02104982 0.01792812 0.01839482 0.03746194 0.02635393 0.05569656 0.12724813 0.02290802 0.03130333 0.17478517 0.01594972 0.05960966 0.03546934 0.03261023 0.13922314 0.06127256
172 0.06529065 0.09815657 0.02898552 0.01589801 0.01495021 0.03477023 0.02838662 0.03817913 0.02124682 0.10900908 0.15464211 0.07500496 0.04300323 0.03006782 0.02235182 0.04670673 0.04400363 0.00390856 0.01724621 0.10819208
173 0.10919301 0.04244910 0.03262290 0.02942380 0.01666050 0.04868150 0.05462400 0.05977000 0.01618000 0.02819110 0.03842970 0.05279100 0.02026900 0.01718550 0.17194501 0.14930801 0.07112020 0.00936255 0.00949659 0.02229650
174 0.06581343 0.01603688 0.01442459 0.00883058 0.01635168 0.01137859 0.01278639 0.02105688 0.01408169 0.12741687 0.23028877 0.01457129 0.05213855 0.09863270 0.01135229 0.04895815 0.06279854 0.01010919 0.04400106 0.11897188
175 0.05620792 0.01271240 0.00793145 0.00075773 0.00972292 0.00518521 0.00607761 0.01403541 0.00490817 0.24136409 0.24669409 0.00422157 0.05247532 0.02947221 0.00386105 0.01325881 0.03636591 0.00198901 0.01372601 0.23903309
176 0.06487534 0.05764073 0.05340143 0.11134607 0.00917116 0.09287835 0.16911810 0.04025692 0.02211121 0.02530361 0.03216572 0.07993035 0.01498041 0.01204451 0.04457323 0.07526744 0.04934823 0.00333916 0.01435331 0.02789472
177 0.10715107 0.04953873 0.03209992 0.03418532 0.01454581 0.04982663 0.06214074 0.07246105 0.01728191 0.03302252 0.05031733 0.06244954 0.02216591 0.01962421 0.15937211 0.09816776 0.06533224 0.00794705 0.01199051 0.03037962
178 0.05328622 0.07601013 0.02289451 0.00799250 0.01123031 0.03505042 0.02171321 0.01834741 0.01745451 0.15881007 0.15972107 0.08782244 0.04990992 0.02412621 0.01164581 0.03030841 0.04236562 0.00333815 0.01633401 0.15163907
179 0.06136322 0.01332630 0.00802598 0.00124023 0.01028190 0.00537659 0.00623746 0.01553270 0.00499328 0.23683206 0.24324506 0.00483432 0.05189831 0.02944231 0.00459646 0.01592930 0.03747711 0.00203523 0.01352310 0.23380906
