1 0.03939731 0.00576089 0.00856204 0.00374389 0.01550240 0.00968645 0.00644621 0.00765739 0.00484350 0.24985603 0.23341603 0.00400694 0.04096671 0.03413930 0.00548098 0.01383090 0.04203971 0.00311070 0.00923158 0.26232103
2 0.06419915 0.03261823 0.03280733 0.01834342 0.00883762 0.02914832 0.03071363 0.05880475 0.01862942 0.02436372 0.03553643 0.03106613 0.02056802 0.01899882 0.37492632 0.10255609 0.04915664 0.00691175 0.01121051 0.03060373
3 0.05506097 0.03930828 0.07710965 0.11085093 0.00444038 0.03778138 0.06091086 0.41202176 0.01296889 0.00916625 0.02566158 0.04215838 0.00322117 0.01460209 0.01011999 0.04624987 0.01782319 0.00210260 0.00649158 0.01195019
4 0.05953270 0.02061230 0.02001770 0.01544170 0.01520580 0.01929600 0.02467890 0.01774480 0.01489940 0.16794799 0.15088599 0.02042560 0.04752520 0.03127930 0.01289630 0.03694260 0.04726960 0.00793384 0.01659330 0.25287099
5 0.27507891 0.07970047 0.02703059 0.01834749 0.01053650 0.05918988 0.04876178 0.03560709 0.03532629 0.02981279 0.04218339 0.13558195 0.01714549 0.01969409 0.02405939 0.05689068 0.04024669 0.00332860 0.00725194 0.03422599
6 0.06625187 0.02745239 0.05957387 0.16502093 0.01250689 0.03821128 0.09499626 0.02871679 0.02901139 0.08935866 0.05615738 0.02909209 0.02660939 0.02187669 0.01586929 0.06683457 0.09330376 0.00726883 0.01346599 0.05842167
7 0.09093905 0.06448694 0.05328233 0.03472612 0.00906583 0.09923075 0.06620994 0.03781642 0.03074112 0.01704391 0.02534251 0.05661643 0.00810698 0.01365841 0.04817093 0.22856313 0.05632003 0.00943345 0.01977111 0.03047462
8 0.02891601 0.00920665 0.00768277 0.00348434 0.00924643 0.00775275 0.01075410 0.01281310 0.00273139 0.21876004 0.25586105 0.00571459 0.10192602 0.05227961 0.01592170 0.02797011 0.05162171 0.00264140 0.01385520 0.16086103
9 0.04882998 0.09266766 0.02355359 0.06800437 0.00169183 0.07675297 0.25740388 0.03088209 0.02190939 0.01396759 0.04230948 0.17819492 0.00609272 0.00649746 0.01076370 0.05991267 0.02440989 0.00421339 0.00887005 0.02307239
10 0.01817840 0.00898628 0.00232825 0.00404005 0.00500934 0.01128100 0.00617841 0.00808528 0.03161011 0.01969150 0.03949461 0.00849450 0.01260740 0.35319409 0.00314805 0.02522361 0.02486941 0.00884469 0.38371510 0.02501991
11 0.03146271 0.05014472 0.01483721 0.00841566 0.01655631 0.02003571 0.02913861 0.01399251 0.05288522 0.04970422 0.06372183 0.06680403 0.01723471 0.20520509 0.01257261 0.02501201 0.01919431 0.02497941 0.23577510 0.04232802
12 0.03810112 0.02076531 0.01221201 0.00951814 0.01116321 0.01761751 0.01460661 0.02107291 0.02417361 0.07017923 0.11220305 0.01816481 0.02983281 0.24398211 0.01109671 0.03281662 0.03108641 0.01120451 0.21555810 0.05464523
13 0.04582671 0.05703672 0.13578404 0.20418606 0.00919166 0.03939811 0.10179403 0.08183352 0.02764951 0.01196730 0.03470211 0.08252062 0.00654213 0.01322100 0.01846841 0.06263992 0.03045101 0.00307248 0.00936664 0.02434801
14 0.05038396 0.06129305 0.05016026 0.18032384 0.00359073 0.05739525 0.22864080 0.03423927 0.02490418 0.01655939 0.03674227 0.10920791 0.00599562 0.00391670 0.01220229 0.06608344 0.02519368 0.00324579 0.00681450 0.02310708
15 0.07420990 0.17204200 0.04986140 0.03456950 0.00807462 0.06195890 0.06277060 0.06755030 0.03143670 0.01981880 0.04026460 0.13301900 0.01533650 0.02482830 0.02453520 0.07136900 0.04065810 0.01170540 0.01890130 0.03708990
16 0.05887671 0.04868491 0.05856531 0.05877561 0.00647848 0.05689991 0.04720741 0.43627505 0.01544570 0.01191230 0.02452890 0.04836121 0.00445038 0.01638920 0.01488420 0.04909061 0.01963390 0.00301920 0.00714483 0.01337620
17 0.04222952 0.00537883 0.00875789 0.00326588 0.01649061 0.01002430 0.00574105 0.00854124 0.00304931 0.26700210 0.20105707 0.00504391 0.04025951 0.03039931 0.00630826 0.01496321 0.04551252 0.00350866 0.01009370 0.27237310
18 0.05517829 0.14466198 0.02073270 0.04508799 0.00184349 0.09329899 0.20210097 0.02166800 0.01976520 0.01429150 0.03351069 0.20501897 0.00637503 0.00739191 0.01256890 0.05938759 0.02481190 0.00351692 0.00642270 0.02236630
19 0.05497322 0.07849253 0.03286201 0.07526673 0.00258114 0.09045104 0.23214410 0.03659462 0.03195081 0.01795141 0.03997912 0.12502505 0.00930032 0.00775753 0.01682741 0.07016923 0.03149961 0.00478099 0.01018100 0.03121211
20 0.02350098 0.01261929 0.01207879 0.00541273 0.00396522 0.00761983 0.01975359 0.01752349 0.00556054 0.15346789 0.29470680 0.00732303 0.14241890 0.05304886 0.04168867 0.04702607 0.05509466 0.00164482 0.01422309 0.08132274
21 0.13003507 0.04459572 0.04823122 0.03650472 0.01874621 0.03823652 0.05160063 0.05663933 0.02100431 0.02685201 0.03950782 0.03641312 0.01672201 0.01927681 0.03878472 0.22290211 0.08221184 0.00988220 0.02009151 0.04176212
22 0.04565983 0.01828341 0.01584501 0.01866131 0.00963985 0.01548131 0.02352321 0.01981001 0.01012451 0.15214709 0.29800818 0.01787581 0.06405754 0.06316364 0.01136521 0.03028172 0.03561682 0.00479645 0.01809301 0.12756608
23 0.07015059 0.23659496 0.05369809 0.01581580 0.00899633 0.08100228 0.05115339 0.01985790 0.03114779 0.00881738 0.02393730 0.24370495 0.01550760 0.01440380 0.01511500 0.03883949 0.03560709 0.00512868 0.01106920 0.01945240
24 0.07723232 0.04345611 0.04256721 0.03907901 0.00972974 0.02619791 0.04069001 0.48304911 0.01096510 0.01784260 0.02846661 0.03030891 0.00671266 0.01462320 0.01923490 0.05850071 0.02315521 0.00287527 0.00750831 0.01780510
25 0.04793614 0.01054431 0.01340721 0.00975095 0.01720451 0.01372251 0.01341711 0.01717131 0.00624777 0.23487318 0.20644616 0.01011461 0.04751574 0.05164344 0.01065491 0.02643022 0.04662954 0.00470483 0.02209842 0.18948714
26 0.29619081 0.02528418 0.02634428 0.02264569 0.03498008 0.02103539 0.02558378 0.08868204 0.01073849 0.01628199 0.02308419 0.01906179 0.00848233 0.01179509 0.02368609 0.22508586 0.07111866 0.00433290 0.00954338 0.03604298
27 0.04155203 0.01514951 0.01167051 0.00708757 0.01403901 0.01256561 0.01969062 0.01717011 0.01162581 0.12759010 0.16696313 0.01412001 0.11069309 0.10633608 0.02205702 0.05209804 0.08929387 0.00605167 0.06441225 0.08983397
28 0.06500371 0.05606841 0.04938610 0.10805701 0.00514846 0.04991230 0.20726602 0.05382211 0.03472840 0.02185820 0.04529690 0.08541011 0.01549050 0.01284920 0.01902100 0.06984481 0.04247640 0.00654104 0.01489890 0.03692040
29 0.03812730 0.00329675 0.00671069 0.00144803 0.01655900 0.00809068 0.00268056 0.00674695 0.00125340 0.28209700 0.22391600 0.00194667 0.03702200 0.03123760 0.00446045 0.01100400 0.04368670 0.00260994 0.00855829 0.26854800
30 0.06633033 0.07772653 0.02405211 0.08172903 0.00439092 0.06675183 0.19171708 0.02241071 0.02721531 0.04345922 0.04034412 0.12918805 0.01144940 0.01168650 0.01702191 0.10247104 0.03204631 0.00517690 0.00883816 0.03599452
31 0.07497127 0.04378448 0.04212668 0.03877718 0.00918451 0.02567959 0.04058528 0.48625381 0.01142890 0.01841119 0.02795919 0.03076829 0.00661334 0.01464879 0.01938939 0.05715668 0.02364649 0.00311379 0.00727646 0.01822469
32 0.03974070 0.00837398 0.00976347 0.00507556 0.01447000 0.01090080 0.00914669 0.00874698 0.00671696 0.23270399 0.23902399 0.00616956 0.04581960 0.03801180 0.00687605 0.01627550 0.04119090 0.00387050 0.01142300 0.24569999
33 0.02942286 0.00664755 0.00605976 0.00171498 0.01214658 0.00683116 0.00492010 0.00832501 0.00126713 0.24437268 0.28870762 0.00281241 0.06243612 0.05566343 0.00746879 0.01486508 0.03600225 0.00252985 0.01104589 0.19676074
34 0.06378806 0.15495390 0.04306727 0.01876359 0.00628166 0.07530965 0.05014667 0.03865417 0.04280137 0.00834996 0.01382549 0.09030074 0.00554553 0.01130429 0.13757091 0.16907289 0.02359488 0.01160919 0.01346659 0.02159319
35 0.01869740 0.00805833 0.00246823 0.00392441 0.00603417 0.01083620 0.00634526 0.00808957 0.02958000 0.02420800 0.04177190 0.00797559 0.01260370 0.35553198 0.00308229 0.02492050 0.02512670 0.00785361 0.37745098 0.02544120
36 0.07229950 0.06417820 0.05763610 0.05191630 0.00815356 0.05645130 0.08519250 0.03157160 0.10854100 0.02338960 0.05036350 0.06779260 0.01578510 0.04387480 0.03116290 0.06916720 0.04268230 0.01257160 0.05377050 0.05349980
37 0.12798803 0.02892681 0.05039801 0.01891510 0.03001331 0.02459321 0.03086531 0.04234271 0.01231780 0.02697021 0.03418121 0.01471570 0.01994910 0.01237270 0.02067540 0.26293506 0.18252304 0.00738376 0.01341640 0.03851711
38 0.03113851 0.02069781 0.01077840 0.01160631 0.00867057 0.01804591 0.01795611 0.01494531 0.03556662 0.03608352 0.05591843 0.02147011 0.01744241 0.26609612 0.00877748 0.03657602 0.02945261 0.01416191 0.30701914 0.03759672
39 0.04479863 0.13115208 0.05052703 0.02234371 0.00628870 0.06541314 0.07254925 0.02734182 0.12165208 0.01167521 0.02298841 0.08510985 0.00748347 0.02195251 0.05692214 0.13141908 0.02940832 0.01169131 0.03393242 0.04535083
40 0.01869360 0.00826258 0.00245528 0.00413784 0.00554661 0.01119860 0.00617364 0.00793763 0.03011990 0.02319070 0.04233850 0.00803378 0.01304580 0.35426897 0.00317096 0.02508100 0.02527650 0.00829887 0.37731297 0.02545630
41 0.08267843 0.14925806 0.04661652 0.03352261 0.00652529 0.10852105 0.09155374 0.03195101 0.03222871 0.01781961 0.03136711 0.19304208 0.01422461 0.01543991 0.01734121 0.05154342 0.03530111 0.00462099 0.01111750 0.02532701
42 0.29368794 0.02306080 0.03214719 0.02250880 0.03799909 0.01456530 0.02247600 0.18733996 0.00554114 0.01027300 0.01797330 0.01407340 0.00534587 0.01169570 0.01842950 0.20540096 0.04925379 0.00207845 0.00561583 0.02053400
43 0.03196222 0.02131131 0.00918109 0.01218001 0.01157111 0.01589101 0.01769711 0.01302411 0.02741572 0.07162844 0.12332607 0.02493071 0.02783672 0.20648512 0.00809653 0.02967442 0.02906742 0.01832031 0.24201114 0.05838943
44 0.03724720 0.00951581 0.00907297 0.00552063 0.01219810 0.01022200 0.00906967 0.00906396 0.00625895 0.21338199 0.28583098 0.00592834 0.05419980 0.04965170 0.00721773 0.01731180 0.03661290 0.00311131 0.01107420 0.20750999
45 0.03892862 0.03268151 0.01322821 0.01378151 0.01306641 0.01826481 0.05705193 0.01739221 0.02153581 0.11150905 0.22462710 0.03350031 0.05714913 0.13289006 0.01396451 0.03002511 0.02832131 0.00903876 0.06581873 0.06722493
46 0.04545722 0.01912811 0.01643031 0.01803901 0.01002710 0.01519541 0.02354361 0.02091381 0.01037160 0.15171205 0.29729910 0.01858271 0.06321612 0.06261822 0.01156640 0.02990891 0.03544781 0.00490507 0.01846441 0.12717304
47 0.08522399 0.08345939 0.04706199 0.04465639 0.00949367 0.11151298 0.06911209 0.04892079 0.03892429 0.03643659 0.05058189 0.08905989 0.01695630 0.03243860 0.02744140 0.08002989 0.04200629 0.00968548 0.02864150 0.04835659
48 0.13828104 0.02239411 0.01937571 0.01776210 0.01820181 0.02265631 0.02552891 0.02313661 0.01593320 0.12659304 0.10562803 0.02306281 0.03567521 0.02196991 0.01929171 0.06574552 0.05657002 0.00623222 0.01164470 0.22431706
49 0.11952701 0.07872521 0.05705150 0.02500420 0.01122120 0.02728410 0.03539440 0.12702401 0.01314180 0.01978520 0.02389520 0.03373960 0.00856475 0.01161600 0.02367400 0.20959102 0.13231101 0.00589315 0.00827682 0.02827980
50 0.05138629 0.01244390 0.09572839 0.34283096 0.00837988 0.01840170 0.21638098 0.02742600 0.03220370 0.01485180 0.03827030 0.02720540 0.00655892 0.00201575 0.00889360 0.03989730 0.03456530 0.00133948 0.00804098 0.01317940
51 0.04181108 0.00552358 0.00818277 0.00338402 0.01646249 0.01016989 0.00603864 0.00833461 0.00292986 0.26580686 0.20156290 0.00510183 0.04052268 0.03143188 0.00591913 0.01500229 0.04558278 0.00352747 0.01062539 0.27207986
52 0.20642304 0.05125391 0.03387541 0.03907591 0.00917048 0.06018171 0.05949901 0.02493790 0.09495052 0.03917021 0.05461311 0.07064341 0.01429700 0.02900341 0.02895541 0.06352551 0.04038071 0.00741832 0.02135230 0.05127271
53 0.04721757 0.01076429 0.01378829 0.00971871 0.01681509 0.01360069 0.01383399 0.01762309 0.00610733 0.23395987 0.20670488 0.01104649 0.04806067 0.05236867 0.01029739 0.02680908 0.04635967 0.00468091 0.02217339 0.18806989
54 0.16779411 0.04682443 0.12328908 0.06372304 0.01796871 0.03571812 0.05214743 0.07798285 0.02221901 0.02455452 0.03923423 0.04964183 0.01235881 0.01521281 0.01996551 0.12207708 0.05535704 0.00419244 0.00933820 0.04040073
55 0.27637896 0.03705909 0.02719510 0.02867020 0.02728660 0.03225250 0.03798419 0.07412449 0.02053800 0.03858679 0.04879939 0.04294799 0.01404590 0.02191610 0.02341340 0.11437198 0.06140669 0.00697694 0.01388510 0.05216059
56 0.03586481 0.00427724 0.00671615 0.00159462 0.01537190 0.00789084 0.00360429 0.00729048 0.00130073 0.27083306 0.24102106 0.00236890 0.04424181 0.03854001 0.00563499 0.01250500 0.04193431 0.00269642 0.01007030 0.24624306
57 0.13051303 0.04394541 0.04819451 0.03635901 0.02022541 0.03745721 0.04926241 0.05816232 0.02077301 0.02749291 0.03950561 0.03557481 0.01698500 0.01963621 0.03915861 0.22279506 0.08212472 0.00978954 0.01951911 0.04252611
58 0.09867557 0.02315252 0.02923222 0.01511541 0.01788051 0.02624932 0.02825092 0.02660252 0.02109481 0.03026792 0.04655433 0.01445041 0.02942952 0.07448105 0.01649741 0.20367814 0.14466810 0.01093091 0.10659407 0.03619433
59 0.02430792 0.00986878 0.00707274 0.00327776 0.00651572 0.00701698 0.01314031 0.01451611 0.00266307 0.20671014 0.25307317 0.00525506 0.13301609 0.04949473 0.02086681 0.03422292 0.05912174 0.00219682 0.01353301 0.13413009
60 0.08151292 0.13644003 0.04664701 0.03469311 0.00820434 0.06883741 0.09081972 0.04475471 0.03242811 0.01864960 0.04013411 0.19255704 0.01676890 0.01929890 0.02291830 0.05486711 0.03470081 0.00687477 0.01762470 0.03126841
61 0.05629473 0.01641881 0.01814611 0.00948860 0.01862601 0.01451781 0.01483001 0.01486561 0.01152831 0.16496408 0.13943406 0.01295461 0.03710422 0.09959705 0.00932923 0.03984282 0.07936704 0.00828071 0.05991013 0.17450008
62 0.07603062 0.17863406 0.04836852 0.02516741 0.00714329 0.10059003 0.09079103 0.02286851 0.02762441 0.01298080 0.02830741 0.23622808 0.01363250 0.01208470 0.01241790 0.04141911 0.03597981 0.00324609 0.00733090 0.01915481
63 0.04772745 0.01087131 0.01378351 0.00964267 0.01731162 0.01403611 0.01358471 0.01780552 0.00629678 0.23347924 0.20468621 0.01041401 0.04854975 0.05219985 0.01031141 0.02670973 0.04726735 0.00509667 0.02248992 0.18773619
64 0.05561060 0.02232000 0.13561400 0.04286880 0.01647810 0.02731180 0.03199830 0.04501060 0.01786410 0.13999500 0.09331050 0.02361560 0.02476630 0.03500770 0.01683090 0.07809580 0.06876470 0.00668417 0.01500700 0.10284600
65 0.07362618 0.02799319 0.11887297 0.05784928 0.01145120 0.02621979 0.04815009 0.12978296 0.01847039 0.04148429 0.09877357 0.02635269 0.02253109 0.01432640 0.01833389 0.10978797 0.10322097 0.00395278 0.01033070 0.03848959
66 0.05593961 0.02793610 0.07497001 0.25865603 0.00577509 0.03463740 0.23530203 0.03654060 0.03051790 0.01507420 0.03441280 0.05114941 0.00733037 0.00304623 0.01096940 0.05315601 0.03497110 0.00243496 0.00763842 0.01954230
67 0.05096931 0.01880950 0.07117991 0.22945403 0.00788282 0.03114730 0.19021702 0.02136720 0.03866300 0.02365760 0.04989741 0.03572650 0.04590371 0.00669683 0.01908290 0.04838381 0.04928501 0.00647764 0.01069870 0.04449980
68 0.35225114 0.01703271 0.02295391 0.01573501 0.04837172 0.01078000 0.01532601 0.18973708 0.00351592 0.00804783 0.01432181 0.00932609 0.00428407 0.01201330 0.01092500 0.19462708 0.04664292 0.00122798 0.00435221 0.01852821
69 0.09919465 0.03559398 0.04259348 0.02782939 0.02787169 0.02610399 0.04385268 0.03832578 0.01864929 0.06722257 0.07220476 0.02865089 0.03417198 0.02971099 0.02328959 0.11950394 0.15807092 0.01188589 0.02217689 0.07309666
70 0.03437103 0.00669534 0.00793985 0.00280894 0.01164771 0.00809945 0.00868455 0.01058991 0.00225466 0.23368920 0.21874319 0.00626313 0.08126597 0.03518943 0.01158521 0.01985232 0.04879324 0.00375930 0.00963337 0.23813421
71 0.05677188 0.17651092 0.05247828 0.03635208 0.00627539 0.09695666 0.09847806 0.02478589 0.03028549 0.01000580 0.01859449 0.18654592 0.00704314 0.00970272 0.03422909 0.09677646 0.02624149 0.00475296 0.00810502 0.01910829
72 0.07193656 0.04542297 0.05420707 0.17569089 0.00539025 0.04157677 0.18629188 0.03688688 0.02663188 0.01656529 0.02742188 0.06634146 0.00637723 0.00409335 0.01572649 0.14537891 0.03604568 0.00351489 0.00787280 0.02662688
73 0.06519218 0.05656819 0.04986529 0.10499697 0.00568566 0.05043849 0.20532895 0.05464549 0.03451309 0.02165339 0.04603189 0.08633708 0.01486390 0.01310770 0.01905460 0.06973958 0.04320049 0.00665430 0.01495010 0.03717269
74 0.10235505 0.05309702 0.04380692 0.05719713 0.00732844 0.04620142 0.13503006 0.04509562 0.02806221 0.01709861 0.02387681 0.05704973 0.00974379 0.00738801 0.03183751 0.21932710 0.06591933 0.00707001 0.01202621 0.03048901
75 0.02462871 0.01194060 0.00571013 0.00466391 0.00888578 0.00884211 0.01063030 0.00904696 0.00988806 0.13255703 0.29202106 0.01009060 0.06629201 0.16960704 0.00743423 0.02106200 0.02149590 0.00603431 0.09293112 0.08623812
76 0.27708609 0.03657371 0.02793931 0.03077751 0.02691071 0.03280081 0.04094521 0.07474263 0.02072811 0.03677411 0.04868352 0.04388781 0.01346180 0.02091431 0.02431341 0.11346904 0.05922982 0.00597966 0.01320990 0.05157252
77 0.03670223 0.00911088 0.00869208 0.00525767 0.01244251 0.00992671 0.00882862 0.00882949 0.00549974 0.21596620 0.28815526 0.00556204 0.05386005 0.04944254 0.00730227 0.01619511 0.03624423 0.00300877 0.01027041 0.20870319
78 0.06896819 0.04959919 0.07561388 0.14356997 0.00902568 0.10673998 0.09998148 0.04323959 0.03445869 0.02649579 0.03175529 0.05578519 0.01189290 0.01958410 0.01579840 0.07349719 0.07811328 0.00744062 0.01057300 0.03786759
79 0.28983899 0.01927290 0.02273410 0.01480590 0.04105120 0.01227420 0.02343790 0.06079370 0.00681844 0.01573660 0.02319010 0.01025850 0.01141840 0.00925377 0.01057600 0.24210199 0.13422899 0.00357751 0.00918203 0.03944880
80 0.27916612 0.00729682 0.01821001 0.00841570 0.17611308 0.01179811 0.00711778 0.09098244 0.00439468 0.01176561 0.01628021 0.00781708 0.01743641 0.01246761 0.00613167 0.17887208 0.11101705 0.00209190 0.00461893 0.02800671
81 0.05756708 0.08468907 0.05886358 0.12786595 0.00538968 0.06165158 0.14397295 0.06554388 0.02432479 0.01707129 0.03642289 0.13543995 0.00849168 0.01112650 0.01931969 0.07148767 0.02485249 0.00581691 0.01082350 0.02927889
82 0.04500990 0.00557783 0.00930783 0.00310513 0.01711260 0.00895465 0.00701373 0.01058200 0.00271573 0.26455698 0.19044899 0.00439526 0.04311180 0.02889100 0.00699365 0.02185910 0.06178960 0.00327065 0.01067360 0.25462998
83 0.01753190 0.00714544 0.00183739 0.00387161 0.00478309 0.01079730 0.00562951 0.00778903 0.02960030 0.01986730 0.03904099 0.00680277 0.01225000 0.36230395 0.00273165 0.02482710 0.02511640 0.00752684 0.38652495 0.02402250
84 0.08545406 0.07133787 0.05086948 0.04459878 0.00629156 0.13739594 0.06104657 0.02852849 0.09936555 0.03013249 0.04540208 0.07197357 0.01453939 0.03146779 0.02776369 0.06972637 0.03685078 0.01043750 0.03216229 0.04465578
85 0.15181099 0.04762940 0.04030410 0.09318469 0.00651321 0.04551870 0.17969999 0.05223640 0.02816370 0.02134560 0.03789490 0.07244959 0.01279430 0.01019200 0.01590680 0.08052849 0.05366400 0.00471501 0.00998275 0.03546540
86 0.03610479 0.00931831 0.00867304 0.00524081 0.01223830 0.01029570 0.00862919 0.00887538 0.00541380 0.21618394 0.28700192 0.00562742 0.05422588 0.05047379 0.00707265 0.01680280 0.03610729 0.00306489 0.01105320 0.20759694
87 0.04225261 0.00432609 0.00836502 0.00263608 0.01676140 0.00956663 0.00489931 0.00840192 0.00269705 0.26990606 0.19363704 0.00461699 0.03850341 0.02700221 0.00546688 0.01376540 0.04496811 0.00362387 0.00879185 0.28981206
88 0.08074356 0.17280591 0.05115897 0.02288829 0.01103019 0.05807867 0.04329488 0.03840988 0.02404609 0.02246269 0.03225448 0.12308194 0.01676279 0.01979509 0.01641229 0.08885206 0.11608994 0.01160409 0.01215469 0.03807348
89 0.09107460 0.02813670 0.03167650 0.02681570 0.01529420 0.02479390 0.03764510 0.03617320 0.01555020 0.07039770 0.15602701 0.02430710 0.05095870 0.03510500 0.02354830 0.16155801 0.07832770 0.00723806 0.02205260 0.06331970
90 0.05706439 0.05625029 0.04386599 0.17518897 0.00304424 0.08544668 0.21854196 0.03308969 0.03069909 0.02285000 0.03513399 0.08431268 0.00755270 0.00556579 0.01234450 0.06151129 0.02810279 0.00311772 0.00649353 0.02982369
91 0.04250839 0.00537140 0.00859807 0.00335405 0.01683790 0.01020380 0.00581801 0.00863801 0.00313602 0.26792795 0.19926796 0.00502928 0.03967959 0.03062429 0.00618894 0.01540320 0.04605349 0.00348731 0.01066540 0.27120695
92 0.03334541 0.00544575 0.00669047 0.00174009 0.01436240 0.00776111 0.00495175 0.00808403 0.00148696 0.26094008 0.25714608 0.00318968 0.05299342 0.04731392 0.00688886 0.01446700 0.04024611 0.00278618 0.01201560 0.21814507
93 0.07977097 0.13773895 0.04530159 0.03498909 0.00841822 0.06842948 0.09148877 0.04433919 0.03305279 0.01873759 0.04144999 0.19233194 0.01603739 0.02043059 0.02284719 0.05418318 0.03367709 0.00704571 0.01923179 0.03049849
94 0.03677691 0.00360738 0.00654888 0.00132133 0.01619180 0.00773472 0.00276211 0.00688846 0.00098785 0.28135204 0.23082704 0.00186346 0.04010861 0.03475291 0.00494004 0.01162310 0.04319661 0.00256444 0.00945728 0.25649504
95 0.05813845 0.09083208 0.13601412 0.05365805 0.00901202 0.14378612 0.04485194 0.04983964 0.03847783 0.01746121 0.02672782 0.09287818 0.00995713 0.02022592 0.01979142 0.08596657 0.05571815 0.00504602 0.01088161 0.03073573
96 0.08222889 0.13630398 0.04641109 0.03441450 0.00855865 0.06864879 0.09063889 0.04391629 0.03225070 0.01863860 0.04124759 0.19141898 0.01659430 0.02007000 0.02380690 0.05475799 0.03463310 0.00672958 0.01835330 0.03037790
97 0.03288630 0.00524352 0.00609283 0.00143826 0.01388030 0.00726200 0.00324670 0.00687232 0.00114068 0.25839203 0.26908303 0.00212403 0.04979631 0.04573971 0.00536678 0.01200140 0.03779800 0.00250804 0.00889872 0.23022903
98 0.02498239 0.01342400 0.00901585 0.00490655 0.00543768 0.00835227 0.01235270 0.01195540 0.00414828 0.15589195 0.35953889 0.00835237 0.11054597 0.07781058 0.01408380 0.02739889 0.03244939 0.00241991 0.01190720 0.10502597
99 0.07672687 0.03254199 0.19028694 0.03888649 0.01667759 0.04064189 0.03362319 0.06325258 0.02257299 0.02320179 0.01995679 0.02829699 0.00652983 0.01161980 0.01824199 0.23207992 0.10361696 0.00320975 0.00839266 0.02964299
100 0.04883111 0.08526391 0.02137500 0.06625111 0.00213802 0.07430531 0.25102604 0.02758710 0.02222890 0.01756660 0.06744491 0.17907803 0.00941388 0.00755169 0.00972631 0.04859031 0.02338800 0.00397826 0.00982588 0.02442960
101 0.06598238 0.05673488 0.04993828 0.10556197 0.00555841 0.04991348 0.20414494 0.05311758 0.03491389 0.02193469 0.04509459 0.08598677 0.01528490 0.01296960 0.01939869 0.07106748 0.04245459 0.00647430 0.01551360 0.03795499
102 0.07373576 0.06648976 0.05534127 0.04703537 0.01079249 0.03890328 0.05752257 0.14425492 0.02473659 0.02450159 0.03637158 0.11848993 0.02104729 0.02262889 0.03070798 0.06398246 0.03432378 0.00840167 0.01705589 0.10367694
103 0.04587640 0.01891910 0.01660920 0.01880290 0.01003730 0.01543810 0.02415600 0.02087910 0.01083610 0.15105900 0.29625900 0.01856590 0.06239340 0.06132340 0.01200550 0.03018750 0.03557510 0.00511359 0.01756440 0.12839900
104 0.29015901 0.02307110 0.03147500 0.02224120 0.03905760 0.01478010 0.02338190 0.20555700 0.00550213 0.01037910 0.01803190 0.01412610 0.00527547 0.01253080 0.01816160 0.19116300 0.04788870 0.00189558 0.00569630 0.01962640
105 0.20544593 0.03915849 0.03654159 0.09094967 0.00575451 0.04129659 0.18235494 0.04243639 0.02634249 0.02075059 0.03750219 0.06682978 0.00932093 0.00912777 0.01423680 0.07103048 0.05778708 0.00367237 0.00795624 0.03150519
106 0.05549283 0.02896622 0.07494724 0.25683614 0.00580418 0.03493542 0.23412212 0.03737072 0.03028022 0.01534811 0.03458552 0.05229553 0.00748985 0.00308840 0.01082941 0.05307723 0.03469352 0.00234140 0.00756224 0.01993371
107 0.03322476 0.00653507 0.00703923 0.00249693 0.01366228 0.00804172 0.00641781 0.00912193 0.00213710 0.24753572 0.26653070 0.00413370 0.05829703 0.05426114 0.00791659 0.01643348 0.03893346 0.00301018 0.01406238 0.20020878
108 0.07362284 0.05603803 0.01751651 0.01977651 0.01062591 0.02737441 0.02893251 0.02153441 0.02375391 0.02763061 0.04758902 0.02783131 0.01511441 0.05919013 0.01775011 0.07161794 0.06255843 0.29879915 0.04426082 0.04848302
109 0.03814100 0.00324115 0.00687723 0.00141969 0.01664080 0.00808842 0.00281567 0.00681957 0.00134993 0.28228597 0.22270798 0.00203067 0.03672550 0.03124490 0.00451758 0.01109940 0.04360300 0.00267390 0.00866470 0.26905297
110 0.04696188 0.02231819 0.01766969 0.01460069 0.01285049 0.01766909 0.03048619 0.01966509 0.01239849 0.12431595 0.18875692 0.02520419 0.12285395 0.05093868 0.02586769 0.04843718 0.06325047 0.00675992 0.02583229 0.12316295
111 0.08513284 0.03203802 0.11649106 0.06743583 0.01435331 0.03095102 0.04995692 0.06037403 0.02506411 0.03592502 0.10195805 0.03161302 0.02674371 0.01552291 0.01969801 0.15296807 0.07213694 0.00483441 0.01231741 0.04448532
112 0.05240200 0.11821399 0.02358250 0.05239050 0.00379810 0.06363569 0.18634099 0.03294820 0.02711520 0.02260800 0.08429289 0.14460099 0.01487300 0.01770540 0.01368050 0.05295960 0.02765560 0.00725428 0.01656660 0.03737600
113 0.18170378 0.01943788 0.03841705 0.01790968 0.12155585 0.01814568 0.01646298 0.06318342 0.00955229 0.02021528 0.02938736 0.01688228 0.02275417 0.01789728 0.01563118 0.21144474 0.12707085 0.00628053 0.00965506 0.03641266
114 0.08624902 0.08273572 0.04734331 0.04333391 0.00993815 0.11182103 0.06703722 0.04979541 0.03848641 0.03812921 0.05199191 0.08948122 0.01689270 0.03195951 0.02689901 0.07900282 0.04302891 0.01029710 0.02650561 0.04907181
115 0.06020187 0.02049339 0.02032139 0.01537649 0.01556849 0.01921079 0.02563759 0.01708959 0.01526679 0.16428892 0.14971993 0.02094369 0.04874058 0.03270208 0.01312669 0.03806428 0.04679768 0.00775878 0.01767309 0.25101788
116 0.11094595 0.04390768 0.05076528 0.02040269 0.12231095 0.06373857 0.02101969 0.03695388 0.01812899 0.03753368 0.03898018 0.04575678 0.02045499 0.02431959 0.01288519 0.11690895 0.14406094 0.00804304 0.01249249 0.05039048
117 0.08693658 0.08072168 0.04705259 0.04548609 0.00962535 0.11268297 0.06848818 0.04899069 0.03923089 0.03687069 0.05153749 0.08776018 0.01731700 0.03028069 0.02835309 0.08007118 0.04258799 0.01049290 0.02513179 0.05038199
118 0.04300372 0.01200310 0.01305880 0.00555477 0.01097690 0.00800197 0.01983551 0.04381192 0.00616702 0.17739807 0.16350606 0.00854379 0.13156005 0.02751171 0.02315521 0.05721142 0.11240904 0.00280307 0.01453081 0.11895705
119 0.04494549 0.01876609 0.01610429 0.01798679 0.01003730 0.01545060 0.02437439 0.02050939 0.01051300 0.15324795 0.29387491 0.01859639 0.06316778 0.06282788 0.01120960 0.03004709 0.03656329 0.00502242 0.01849039 0.12826496
120 0.27940196 0.03692519 0.02752100 0.02914110 0.02762780 0.03173449 0.03803099 0.07577529 0.02082690 0.03710589 0.04846719 0.04282199 0.01356330 0.01994170 0.02498100 0.11486698 0.05987909 0.00696016 0.01213110 0.05229689
121 0.33002414 0.02175531 0.02605791 0.02232001 0.04205772 0.01612661 0.02479351 0.22244809 0.00670350 0.01120550 0.02140981 0.01781361 0.00529152 0.01412111 0.01386371 0.13301406 0.04267972 0.00201995 0.00553361 0.02076061
122 0.13525485 0.03944916 0.04812985 0.03279146 0.01834028 0.02345457 0.03706116 0.33189663 0.01063919 0.01530748 0.02334127 0.02650777 0.00629534 0.01336869 0.03030297 0.13761185 0.04180835 0.00353765 0.00699700 0.01790448
123 0.06849907 0.02466199 0.03726838 0.03983258 0.01160499 0.02300999 0.09967155 0.02945289 0.02607379 0.10414295 0.06826137 0.02464459 0.06043387 0.02302649 0.01740499 0.08432956 0.17540192 0.00650198 0.01419169 0.06158537
124 0.04711218 0.01141110 0.04657808 0.01314259 0.01697349 0.01535329 0.01184830 0.01668859 0.00803232 0.22681590 0.16179893 0.01142550 0.03839588 0.03660108 0.00968141 0.03323049 0.05082638 0.00528019 0.01538439 0.22341991
125 0.04064311 0.00654178 0.00964178 0.00450175 0.01559700 0.01118390 0.00833650 0.00807186 0.00622747 0.24332003 0.21988903 0.00533547 0.04085921 0.03092930 0.00601154 0.01460790 0.04251511 0.00369025 0.00956796 0.27252904
126 0.13851292 0.02491199 0.01943429 0.01328289 0.03880328 0.01697999 0.03192458 0.02374659 0.01269869 0.06568136 0.07894556 0.02879818 0.10628294 0.01720669 0.01614849 0.10636694 0.15720891 0.00484706 0.01265739 0.08556125
127 0.09395914 0.05509546 0.06932646 0.03914787 0.01288809 0.07333265 0.05038107 0.16355690 0.02516598 0.01337509 0.02324169 0.04874107 0.00577108 0.01421389 0.04472417 0.17920989 0.04746787 0.00650416 0.01338529 0.02051219
128 0.05722598 0.16786895 0.13683996 0.04986678 0.01063390 0.06536298 0.03352059 0.05742698 0.03136789 0.01132910 0.02510779 0.13817196 0.00997034 0.01856289 0.02482319 0.07484058 0.04242529 0.00588948 0.00941819 0.02934719
129 0.03027528 0.00814882 0.00680296 0.00330902 0.01116109 0.00781374 0.00705634 0.00920679 0.00230185 0.22581588 0.30175984 0.00451742 0.06679356 0.06189527 0.00817410 0.01709989 0.03436748 0.00272009 0.01163769 0.17914291
130 0.13637792 0.02189329 0.02017329 0.01782629 0.01895699 0.02307339 0.02553718 0.02344149 0.01669739 0.12752692 0.10803393 0.02267349 0.03569018 0.02235989 0.01909329 0.06310946 0.05658026 0.00625832 0.01155119 0.22314586
131 0.07401257 0.17346493 0.04846408 0.03339039 0.00832078 0.06197948 0.06212678 0.06859767 0.03064469 0.02038999 0.04074768 0.13185295 0.01536649 0.02520949 0.02360479 0.07063857 0.04114118 0.01266890 0.01883759 0.03854099
132 0.03671191 0.00928327 0.00839764 0.00495646 0.01231110 0.00990240 0.00866324 0.00890022 0.00553471 0.21554204 0.28629405 0.00594741 0.05486841 0.04952151 0.00719632 0.01628530 0.03668701 0.00321555 0.01096740 0.20881404
133 0.06351564 0.02886912 0.08724656 0.26739318 0.00900068 0.03481372 0.14503410 0.05178653 0.03022162 0.02119261 0.04470033 0.03785063 0.00973106 0.01163701 0.01445161 0.05966614 0.03610802 0.00547631 0.01355681 0.02774832
134 0.07642175 0.01308689 0.01123689 0.00924803 0.01844439 0.01515219 0.01501289 0.01159179 0.01542419 0.17312888 0.18530987 0.01525189 0.03007178 0.06938345 0.00946072 0.02960438 0.04415667 0.00911250 0.07226695 0.17663388
135 0.14196508 0.02023561 0.02168121 0.02318221 0.01394591 0.02283601 0.02983572 0.02855112 0.01814941 0.11083006 0.22686012 0.02980642 0.03624332 0.03411622 0.01354761 0.04787373 0.04950553 0.00439296 0.01451471 0.11192706
136 0.04679840 0.02167160 0.01385490 0.00900686 0.01633960 0.01743720 0.02070690 0.01184930 0.02658040 0.15475502 0.13110401 0.02087690 0.03514120 0.07750661 0.00947134 0.02862300 0.03931660 0.01099020 0.09233391 0.21563602
137 0.04571189 0.01863730 0.01647690 0.01883740 0.01001460 0.01518950 0.02403540 0.02068160 0.01041390 0.15229098 0.29634096 0.01807080 0.06304659 0.06217899 0.01085080 0.02958120 0.03586820 0.00506872 0.01855430 0.12814998
138 0.03814432 0.02025991 0.01217421 0.01007941 0.01103221 0.01752121 0.01413581 0.02015221 0.02458171 0.07031834 0.11269807 0.01869201 0.02949232 0.24435915 0.01092501 0.03294762 0.03113822 0.01085151 0.21583413 0.05466263
139 0.07496540 0.04329080 0.04184500 0.03919760 0.00872507 0.02601080 0.04062590 0.48768602 0.01072140 0.01850850 0.02823640 0.03053920 0.00711308 0.01499380 0.01886490 0.05727590 0.02367250 0.00320611 0.00732859 0.01719300
140 0.01984530 0.01088360 0.00426371 0.00297778 0.00583482 0.00575107 0.00810741 0.00767439 0.00301133 0.15192998 0.39644996 0.00608781 0.08866309 0.12440799 0.00746127 0.01778690 0.01646120 0.00307022 0.02313480 0.09619739
141 0.17123497 0.02323030 0.02578890 0.01808260 0.04507359 0.01959650 0.02713489 0.03800179 0.01211340 0.03966779 0.06828499 0.02506720 0.08553068 0.01688890 0.02432610 0.17151297 0.11320298 0.00441019 0.01380810 0.05704319
142 0.05856859 0.02130160 0.02059920 0.01487890 0.01555750 0.01956490 0.02630750 0.01724050 0.01557320 0.16555197 0.15075497 0.02098080 0.04806099 0.03230159 0.01299130 0.03712189 0.04690769 0.00798369 0.01740830 0.25034495
143 0.07552742 0.04354281 0.04149611 0.03873851 0.00946269 0.02552901 0.04092001 0.49056216 0.01053980 0.01870061 0.02898951 0.03059891 0.00700571 0.01405030 0.01672911 0.05679812 0.02317211 0.00292271 0.00706406 0.01765031
144 0.11767899 0.06837070 0.04978240 0.11776699 0.00650538 0.05044660 0.11429199 0.04903090 0.02058600 0.01734790 0.02578040 0.10232799 0.00680254 0.01001900 0.02246780 0.14482099 0.02949550 0.00529134 0.00748111 0.03370550
145 0.29351400 0.02328580 0.03266270 0.02273040 0.03877680 0.01462970 0.02287790 0.18612700 0.00552274 0.00975297 0.01745560 0.01432200 0.00505556 0.01173940 0.01761090 0.20677200 0.04920520 0.00221757 0.00563206 0.02010970
146 0.03307149 0.00518799 0.00623317 0.00148116 0.01402229 0.00732459 0.00345667 0.00697386 0.00115022 0.25983990 0.26562190 0.00225880 0.04931658 0.04473598 0.00546283 0.01225080 0.03812039 0.00251548 0.00912202 0.23185391
147 0.23976304 0.02788310 0.03157020 0.02554230 0.02121400 0.02424030 0.02452450 0.06180811 0.00874541 0.01458830 0.02011010 0.01519690 0.00781419 0.00790955 0.02348430 0.30981905 0.08228481 0.00377380 0.01220760 0.03752041
148 0.06624051 0.03378491 0.04464781 0.05662361 0.00721632 0.02913550 0.10173702 0.24070304 0.01951480 0.07255361 0.05844921 0.03884051 0.02525210 0.02148480 0.01470590 0.06472641 0.05070941 0.00536592 0.01266190 0.03564671
149 0.03330511 0.00562977 0.00647780 0.00198624 0.01421030 0.00785420 0.00465475 0.00796696 0.00161297 0.26054206 0.25884506 0.00302647 0.05305921 0.04789171 0.00675960 0.01438460 0.03978961 0.00267860 0.01177890 0.21754605
150 0.06068448 0.03129129 0.03587289 0.03253599 0.00834616 0.04041419 0.07357828 0.01637110 0.07190128 0.05092229 0.17142195 0.04671219 0.08813168 0.03828129 0.02290229 0.04003729 0.04979669 0.00871711 0.03609349 0.07598808
151 0.04750902 0.03061812 0.03341332 0.01509041 0.00951020 0.02227001 0.02312411 0.04267682 0.02623331 0.04570822 0.06866083 0.03173122 0.03408682 0.08439904 0.27000114 0.07567054 0.04196672 0.01039851 0.04770872 0.03922292
152 0.07408561 0.17280702 0.04890341 0.03395210 0.00785699 0.06245401 0.06278161 0.06790741 0.03110400 0.02054300 0.04070930 0.13237601 0.01518010 0.02468420 0.02436110 0.07183851 0.04105470 0.01102270 0.01837290 0.03800530
153 0.06536901 0.03300740 0.03209270 0.01951690 0.00851506 0.02915310 0.03038370 0.05765091 0.01882330 0.02575970 0.03675550 0.03154530 0.02055300 0.01935670 0.37099904 0.10166701 0.04932581 0.00667923 0.01138990 0.03145670
154 0.03584464 0.00871455 0.01115448 0.00450557 0.02144226 0.01059478 0.01333578 0.01025378 0.00714471 0.18951968 0.21292564 0.01254488 0.04781012 0.15235174 0.00754686 0.02100406 0.03120655 0.00725677 0.08290936 0.11193381
155 0.24090203 0.02406120 0.03828030 0.02570430 0.02603740 0.01857380 0.02622080 0.17303602 0.00786105 0.01987640 0.06561581 0.01737300 0.01313040 0.01277370 0.01660680 0.17880302 0.05581371 0.00307456 0.00870526 0.02755040
156 0.06864168 0.05350408 0.15202095 0.08881397 0.01394790 0.04183869 0.06680068 0.07588087 0.03209909 0.03063069 0.04388909 0.05633668 0.01319890 0.01791619 0.02702119 0.09644667 0.06004678 0.00527983 0.01282990 0.04285619
157 0.02336518 0.01058299 0.00685697 0.00248200 0.00690592 0.00709646 0.00759828 0.00928181 0.00230710 0.18878381 0.34378565 0.00413245 0.09212441 0.06784013 0.01057799 0.01849468 0.03073297 0.00221722 0.00891614 0.15591784
158 0.03635799 0.02742659 0.01949140 0.04641569 0.00968598 0.02730659 0.01872900 0.02168600 0.03702579 0.03235169 0.05394889 0.02753709 0.01529840 0.23425195 0.00958002 0.03530529 0.02561579 0.03190129 0.25491095 0.03517359
159 0.04039409 0.00302629 0.00721550 0.00153493 0.01737229 0.00855136 0.00288848 0.00717710 0.00150804 0.28670889 0.20533592 0.00250128 0.03443689 0.02794139 0.00461620 0.01185810 0.04582368 0.00285235 0.00902634 0.27923090
160 0.06403085 0.19823686 0.09465563 0.02505718 0.00996862 0.10016993 0.03989367 0.03110938 0.02967368 0.00665637 0.01852789 0.23341483 0.01170729 0.01298219 0.01552919 0.04500687 0.04001467 0.00285168 0.00581283 0.01470039
161 0.04416581 0.01986130 0.01183300 0.01008910 0.01250810 0.01450900 0.02545431 0.01844320 0.01772810 0.08794722 0.11077102 0.01952560 0.10918202 0.10315702 0.02051350 0.06746421 0.10133702 0.01028740 0.12995703 0.06526601
162 0.03107441 0.01946620 0.01032670 0.01168800 0.00825565 0.01768770 0.01734900 0.01531640 0.03473141 0.03681311 0.05576841 0.02029840 0.01769500 0.26824505 0.00855476 0.03710081 0.02899801 0.01371880 0.30897306 0.03793911
163 0.25011593 0.02792579 0.02948439 0.02554359 0.03004689 0.01759499 0.02619989 0.36718289 0.00585903 0.00924112 0.01882049 0.01737909 0.00386538 0.01422310 0.00891322 0.10155197 0.02796089 0.00157222 0.00398772 0.01253140
164 0.03988590 0.00388659 0.00743844 0.00174943 0.01718740 0.00888812 0.00337489 0.00757847 0.00167081 0.28257502 0.21024501 0.00298456 0.03712020 0.03147460 0.00529008 0.01265260 0.04543120 0.00284085 0.01072980 0.26699602
165 0.05482208 0.02989709 0.06985657 0.20939991 0.00562888 0.03590468 0.19913691 0.03011049 0.03819518 0.01699359 0.03860538 0.04900828 0.01332519 0.00544202 0.05303098 0.06346977 0.04218428 0.00426274 0.01025580 0.03047019
166 0.03541923 0.00956942 0.00864457 0.00437176 0.01050391 0.00712578 0.01702811 0.01755781 0.00423238 0.20725316 0.19213715 0.00618587 0.12504610 0.03218052 0.02069252 0.04610434 0.09455197 0.00248078 0.01455851 0.14435611
167 0.14262099 0.02990460 0.05031230 0.02877970 0.01721400 0.02334260 0.03061170 0.13838499 0.01066730 0.02900900 0.07828700 0.02011530 0.02032620 0.01407330 0.02526220 0.21890999 0.07549740 0.00413345 0.01191550 0.03063250
168 0.06709018 0.07469068 0.03468029 0.03204509 0.00906270 0.04194059 0.06966478 0.02548729 0.03078649 0.04438409 0.04986369 0.10893197 0.04991399 0.02453559 0.02161569 0.04542779 0.03445969 0.01313010 0.02186639 0.20042294
169 0.08648824 0.08136163 0.04686152 0.04546242 0.00971877 0.11379005 0.06940393 0.04731792 0.03887422 0.03823842 0.05177672 0.08732214 0.01687751 0.03101011 0.02655791 0.07908873 0.04261382 0.01081820 0.02603521 0.05038252
170 0.02701200 0.01870010 0.00876563 0.00795366 0.00775022 0.01186210 0.01900650 0.01395240 0.01221650 0.12926200 0.24465700 0.01915680 0.10037000 0.09878230 0.01765160 0.03693720 0.04368760 0.01158680 0.08601220 0.08467740
171 0.07356643 0.17365007 0.04931802 0.03463591 0.00797500 0.06220772 0.06153772 0.07121693 0.03126961 0.02012201 0.03916132 0.13143205 0.01522631 0.02407671 0.02502441 0.07180013 0.04031302 0.01193270 0.01858331 0.03695061
172 0.03169152 0.01118671 0.02561642 0.00766559 0.00962827 0.00946073 0.01239281 0.01671141 0.00512218 0.20248013 0.25940916 0.00777351 0.09701816 0.04064863 0.01700851 0.02857262 0.04575693 0.00316261 0.01129301 0.15740110
173 0.06451062 0.02880091 0.08807832 0.26683107 0.00938370 0.03390161 0.14634904 0.05329511 0.03010181 0.02040121 0.04314731 0.03796511 0.00947402 0.01143700 0.01415340 0.06128632 0.03602161 0.00495040 0.01341700 0.02649441
174 0.06467100 0.05716700 0.04919330 0.10532499 0.00538886 0.05075080 0.20573699 0.05417730 0.03511610 0.02161680 0.04464160 0.08705639 0.01580520 0.01295230 0.01874900 0.07074110 0.04174310 0.00622181 0.01522420 0.03772220
175 0.05274543 0.02132321 0.09083026 0.28469417 0.01019801 0.02517222 0.13448908 0.03512552 0.03036612 0.02661142 0.09416276 0.03127792 0.01350771 0.01246801 0.01183871 0.04196893 0.03112692 0.00456409 0.01624691 0.03128262
176 0.06383103 0.03311141 0.05014892 0.09207544 0.00844366 0.02893901 0.05508302 0.05165142 0.02292711 0.01671051 0.02998631 0.04212322 0.01697531 0.01527261 0.28762412 0.08520473 0.04533662 0.00672724 0.01151300 0.03631531
177 0.03962352 0.00824009 0.00959515 0.00539193 0.01447931 0.01095041 0.00932181 0.00860590 0.00657934 0.23238611 0.23910911 0.00607583 0.04651982 0.03786832 0.00702514 0.01650701 0.04090782 0.00360573 0.01135651 0.24585112
178 0.20559087 0.00912114 0.01638169 0.00989253 0.14739791 0.01284449 0.00915246 0.04527557 0.00675098 0.06672846 0.05442457 0.01042399 0.02478888 0.01884219 0.00841153 0.10774393 0.11589593 0.00390836 0.01102559 0.11539893
179 0.05121558 0.07612617 0.03053469 0.07592597 0.00205070 0.09021356 0.25607890 0.03013869 0.03069749 0.01707639 0.04115588 0.12935595 0.00833963 0.00637968 0.01485319 0.06633097 0.03085689 0.00446645 0.00972115 0.02848209
