1 0.03813860 0.01083400 0.01363720 0.01099430 0.00947823 0.01224520 0.01420590 0.01256690 0.00839984 0.15701099 0.35617097 0.01081780 0.03188260 0.02915750 0.00881262 0.02972530 0.02777790 0.01014260 0.01593260 0.19206898
2 0.05725752 0.04006481 0.03295451 0.02724161 0.01403820 0.02189171 0.02072941 0.03987021 0.00965236 0.02951491 0.03989671 0.03511461 0.02299101 0.01569651 0.42306314 0.05248482 0.04202321 0.00729090 0.00827421 0.05994962
3 0.02456781 0.02549621 0.08073803 0.17511106 0.01405350 0.02483411 0.12987204 0.24425008 0.03303711 0.02533771 0.02720651 0.03277741 0.01518570 0.01283420 0.01737491 0.05675762 0.02504521 0.00405072 0.00811496 0.02335511
4 0.06317610 0.02909300 0.02534820 0.01979830 0.01188320 0.02594780 0.03523560 0.02431700 0.01458940 0.10526201 0.09776911 0.03000490 0.03269510 0.02640060 0.02636660 0.05741600 0.03752080 0.00814763 0.01985660 0.30917202
5 0.06233169 0.07471719 0.04706260 0.04059740 0.01095160 0.03726040 0.05892089 0.05002999 0.02044950 0.02633390 0.04711060 0.27647597 0.01887420 0.02189910 0.02391820 0.06404139 0.04516460 0.00758770 0.01781970 0.04845340
6 0.05647506 0.17486620 0.03666084 0.03891894 0.02616943 0.02731493 0.03032693 0.05725407 0.11724613 0.15796518 0.04879796 0.03714604 0.01561052 0.01923502 0.01013311 0.04634385 0.02245563 0.00986327 0.03752614 0.02969073
7 0.09117523 0.03565081 0.03899441 0.02989451 0.01666820 0.03150581 0.04762071 0.04439571 0.01931411 0.03810231 0.07113962 0.03700421 0.02147461 0.02289231 0.02068511 0.29321608 0.06034062 0.00786812 0.01534420 0.05671332
8 0.05628545 0.02069452 0.02200402 0.01703071 0.01199941 0.01733501 0.02024272 0.02800552 0.00937490 0.30442526 0.15043013 0.01817672 0.03366603 0.03865913 0.01354701 0.04087913 0.03449093 0.00622578 0.02100952 0.13551811
9 0.06217700 0.07486690 0.04412770 0.04157060 0.01049010 0.03909730 0.05912450 0.05080910 0.02017320 0.02508470 0.04868350 0.27853599 0.01891550 0.02130050 0.02325430 0.06487120 0.04573090 0.00759643 0.01798240 0.04560820
10 0.03546929 0.02603180 0.02280200 0.01308080 0.00673630 0.01336670 0.01829470 0.01285020 0.02559690 0.03808119 0.04693369 0.02038920 0.02561390 0.19913797 0.00690347 0.03230649 0.03301949 0.01927410 0.36186294 0.04224889
11 0.02760441 0.02527341 0.02736271 0.00757953 0.00303435 0.01375651 0.00855336 0.01998481 0.00706735 0.01200341 0.14870008 0.08872475 0.00623227 0.12981307 0.02131891 0.02526451 0.02013561 0.19832411 0.15440908 0.05485773
12 0.04009422 0.03443552 0.02889762 0.01394481 0.00770497 0.01979511 0.01991201 0.02419802 0.01446181 0.05103313 0.05614523 0.01976521 0.03721882 0.33624021 0.01004911 0.03734062 0.03552172 0.00828982 0.16134910 0.04360293
13 0.10445999 0.03499910 0.02530710 0.30454898 0.00637752 0.01438770 0.22105099 0.02192970 0.02341960 0.01753420 0.01638250 0.12797099 0.00562847 0.00279429 0.00499182 0.03951640 0.01277420 0.00088573 0.00215453 0.01288620
14 0.08553502 0.02187940 0.03994781 0.28807306 0.01035820 0.01742880 0.28274206 0.04240951 0.02793791 0.01172190 0.01625440 0.04947761 0.00420613 0.00386338 0.00544600 0.05340681 0.01738710 0.00119030 0.00202318 0.01871140
15 0.07005161 0.30141203 0.03408690 0.02515880 0.01710180 0.03006730 0.04914740 0.04229840 0.02503830 0.02889430 0.04903060 0.07387321 0.01637970 0.03479780 0.02460740 0.05852681 0.04450420 0.00673660 0.02225580 0.04603100
16 0.06313191 0.02771421 0.02238410 0.02439351 0.00911819 0.02683641 0.03345131 0.51238911 0.01103700 0.02776411 0.04342921 0.03119381 0.01141970 0.01629050 0.01720940 0.04900291 0.03756381 0.00296107 0.00735183 0.02535791
17 0.04932527 0.19843589 0.03306698 0.01391319 0.01455289 0.02653389 0.03846878 0.02366429 0.02601499 0.04549338 0.04008748 0.06042247 0.02208309 0.02509679 0.02500349 0.04734007 0.03298928 0.00835634 0.01805259 0.25109886
18 0.05588291 0.33200805 0.02375120 0.01407580 0.01163440 0.12797202 0.04547961 0.03733921 0.03394081 0.01567020 0.03992151 0.08266241 0.00948977 0.02126660 0.01098260 0.05056201 0.03757371 0.00364228 0.01037980 0.03576511
19 0.05553652 0.04152521 0.04738351 0.09189943 0.01307670 0.02930441 0.31618909 0.04935731 0.02343971 0.02536071 0.03988971 0.05003021 0.01458910 0.01798421 0.01308660 0.06722572 0.03865721 0.00441471 0.01229330 0.04875661
20 0.04840110 0.02316940 0.02219480 0.03329120 0.01137500 0.02112560 0.02327610 0.03259700 0.01400150 0.03965600 0.29437597 0.02930870 0.02222650 0.01492860 0.14820699 0.09554629 0.04889530 0.01540410 0.01315210 0.04886780
21 0.08811578 0.03584859 0.04146719 0.02937059 0.01664130 0.03123399 0.04676929 0.04370279 0.01932960 0.03891229 0.07276698 0.03846089 0.02137089 0.02225409 0.02176639 0.29093193 0.05945029 0.00691494 0.01618450 0.05850769
22 0.05619377 0.02220869 0.01997159 0.02166109 0.01123129 0.02135169 0.02177829 0.03230318 0.01248139 0.10457395 0.36723082 0.02078079 0.03950118 0.02982959 0.01343489 0.05415567 0.03884398 0.01056729 0.01621749 0.08568336
23 0.04136070 0.04729409 0.03295310 0.02004660 0.00982791 0.02015050 0.03273460 0.04510580 0.01528900 0.03373090 0.21288198 0.25063697 0.02762830 0.02293600 0.01811450 0.05569249 0.03523480 0.01397260 0.01948010 0.04492910
24 0.06283563 0.02706041 0.02205971 0.02370441 0.00900860 0.02635201 0.03145271 0.52156921 0.01051010 0.02834411 0.04209982 0.03109541 0.01065360 0.01489381 0.01684161 0.04855642 0.03829462 0.00268823 0.00741087 0.02456871
25 0.05606496 0.02184872 0.02158952 0.01420672 0.01236521 0.01683582 0.01971962 0.03052823 0.00976504 0.30471034 0.15244517 0.01686582 0.03292234 0.03883074 0.01372262 0.04191265 0.03439194 0.00652148 0.02120592 0.13354715
26 0.32764594 0.03397899 0.02755349 0.04020009 0.01849710 0.02732459 0.03541969 0.05757989 0.01898440 0.04634879 0.06107879 0.03209179 0.02429330 0.02082120 0.02201620 0.08184398 0.04562619 0.00566149 0.01419560 0.05883849
27 0.04888060 0.02153590 0.01651460 0.01036740 0.00774916 0.01747210 0.01808520 0.01803270 0.00787435 0.21977699 0.11388699 0.00967961 0.21736399 0.05436930 0.01554390 0.03740020 0.02993930 0.00464474 0.02393100 0.10695199
28 0.05581849 0.04309029 0.04832279 0.09115848 0.01305880 0.03043339 0.31398893 0.05009669 0.02353589 0.02553039 0.03992149 0.05069429 0.01515160 0.01665090 0.01227990 0.06561839 0.03925329 0.00516432 0.01217560 0.04805609
29 0.03628998 0.01283279 0.01110699 0.00440411 0.01376389 0.01055370 0.01171959 0.00718949 0.00347306 0.31301486 0.13170494 0.01535309 0.02338609 0.01379029 0.01371629 0.02130469 0.02002169 0.00306711 0.00568749 0.32761985
30 0.04198286 0.02479548 0.01848928 0.01824108 0.01133169 0.01490399 0.14110488 0.02005048 0.00981106 0.21118782 0.24664379 0.01896298 0.02985777 0.02081898 0.01157069 0.04055586 0.02538948 0.00437020 0.01262689 0.07730473
31 0.06419042 0.02726891 0.02362561 0.02311371 0.00899812 0.02622781 0.03176491 0.51349018 0.01100810 0.02879481 0.04379712 0.03112971 0.01098890 0.01556251 0.01789201 0.05045262 0.03836501 0.00269664 0.00694359 0.02368931
32 0.06561383 0.02780471 0.02515071 0.01832261 0.01269671 0.02550751 0.03607521 0.02312511 0.01515661 0.10553204 0.09997584 0.03012751 0.03323751 0.02566411 0.02527501 0.05562102 0.03670711 0.00879880 0.01924991 0.31035812
33 0.03906858 0.00838916 0.00923201 0.00424719 0.00810905 0.01244479 0.00962439 0.01647039 0.00405315 0.28238787 0.33279685 0.00469771 0.03349178 0.02826029 0.00392399 0.02201989 0.02573009 0.00240881 0.00818009 0.14446393
34 0.02654170 0.20493903 0.05686161 0.01269940 0.00910768 0.01249190 0.01686390 0.02219730 0.00723125 0.01753860 0.02192230 0.03353951 0.00738677 0.01370840 0.41835207 0.03642541 0.02923440 0.00369680 0.00502214 0.04423981
35 0.01883750 0.02459110 0.00998380 0.00405456 0.00281435 0.00450957 0.00645065 0.00649942 0.01079340 0.01805080 0.01903390 0.00992863 0.02511410 0.40117407 0.00199756 0.01671960 0.03711231 0.00635249 0.34289406 0.03308811
36 0.07899774 0.05119912 0.04757332 0.04950712 0.01185391 0.03670702 0.06328813 0.03836442 0.18742908 0.02886631 0.06034273 0.04497532 0.02386811 0.03254201 0.01514831 0.07202143 0.04981332 0.00836105 0.04812202 0.05101952
37 0.09243627 0.03528249 0.04019489 0.03159979 0.01700879 0.03100349 0.04581129 0.04583999 0.01899599 0.03830589 0.07255568 0.03680979 0.02133989 0.02402599 0.02040919 0.28835191 0.06072688 0.00765660 0.01490640 0.05673878
38 0.03523110 0.02715590 0.02235280 0.01435870 0.00706714 0.01357800 0.01799130 0.01388490 0.02535630 0.03917630 0.04976920 0.02139750 0.02557040 0.19209901 0.00735362 0.03255860 0.03351700 0.01960800 0.35969801 0.04227620
39 0.05576141 0.33985207 0.03346131 0.02256340 0.01381690 0.04007301 0.03833731 0.03025671 0.11525503 0.01983350 0.02922341 0.04451341 0.01081860 0.02404301 0.00926590 0.04243281 0.02865881 0.00905558 0.04855051 0.04422731
40 0.01900780 0.02428570 0.00995486 0.00403668 0.00261991 0.00427428 0.00637478 0.00627875 0.01112390 0.01878090 0.01801990 0.00931654 0.02514650 0.40191605 0.00211174 0.01613100 0.03717000 0.00554083 0.34462404 0.03328580
41 0.07717052 0.03913951 0.04198461 0.04160461 0.00969378 0.23697605 0.04574431 0.05607941 0.02233570 0.03943901 0.06874031 0.04997951 0.02680611 0.02816521 0.01931260 0.06710341 0.04587681 0.00835871 0.01641230 0.05907751
42 0.23082315 0.01773891 0.03951742 0.02933442 0.02217161 0.02233231 0.03345072 0.04084463 0.01847951 0.03131952 0.04936453 0.03050112 0.01831971 0.01296501 0.01526361 0.28162918 0.05348513 0.00298944 0.00987444 0.03959562
43 0.03359359 0.02751179 0.02281990 0.01339490 0.00694646 0.01336110 0.01859150 0.01231820 0.02613400 0.03823609 0.04804609 0.01999720 0.02495680 0.19991896 0.00625393 0.03075229 0.03292759 0.01881390 0.36293293 0.04249279
44 0.05630113 0.02306681 0.01922641 0.02175661 0.01222311 0.02065011 0.02172831 0.03196402 0.01252141 0.10578305 0.36762518 0.02128981 0.03844482 0.02928071 0.01287171 0.05398613 0.03843862 0.01039411 0.01651101 0.08593694
45 0.03859051 0.03528881 0.02846481 0.01321450 0.00808802 0.01992030 0.02041020 0.02403320 0.01398620 0.05103531 0.05646301 0.01894390 0.03732921 0.33649606 0.00982788 0.03674411 0.03454201 0.00984221 0.16213403 0.04464571
46 0.05551544 0.02203862 0.01955112 0.02140512 0.01237401 0.02039802 0.02253512 0.03314103 0.01235821 0.10393408 0.36805829 0.02149652 0.03907553 0.02914942 0.01395081 0.05144334 0.03834423 0.01196541 0.01733181 0.08593387
47 0.07436792 0.03919721 0.04224831 0.04167971 0.00988298 0.23497205 0.04761131 0.05439811 0.02308301 0.03951081 0.06778792 0.04913191 0.02669761 0.02847501 0.02081890 0.06880142 0.04657071 0.00903489 0.01463650 0.06109371
48 0.03532541 0.03292431 0.02394291 0.00955205 0.00758302 0.01604720 0.02360081 0.02245521 0.01373890 0.05967731 0.10519902 0.02002040 0.04588861 0.21262805 0.01096570 0.03697101 0.02486141 0.01593260 0.10195402 0.18073204
49 0.07986051 0.04081030 0.07433791 0.01529170 0.00452558 0.03814300 0.03006400 0.02172760 0.01705890 0.01742840 0.03414020 0.14378401 0.00900395 0.00725090 0.01980310 0.25333002 0.15337401 0.00665369 0.00908069 0.02433150
50 0.10247702 0.02502630 0.03158761 0.34456106 0.00767495 0.01664230 0.22237704 0.03050451 0.02944501 0.01292920 0.02047450 0.05176961 0.00468186 0.00440316 0.00636879 0.04901141 0.01747090 0.00158983 0.00262964 0.01837530
51 0.03539946 0.01483319 0.01831498 0.01189049 0.01106809 0.01343829 0.01846778 0.01499679 0.01072919 0.14614285 0.27462873 0.01314029 0.02848967 0.02825247 0.01129149 0.03351127 0.02756497 0.01387979 0.01981248 0.25414775
52 0.07895681 0.05345731 0.04737171 0.04887741 0.01219200 0.03797640 0.06390681 0.03678390 0.18820902 0.02854260 0.05970571 0.04566451 0.02273960 0.03042600 0.01596430 0.07294101 0.04837641 0.00871868 0.04718521 0.05200461
53 0.05433468 0.02073529 0.02061039 0.01512479 0.01157930 0.01748999 0.02025649 0.02977249 0.00958802 0.30578987 0.15496794 0.01724129 0.03270959 0.03857728 0.01310679 0.04187958 0.03375339 0.00601629 0.02137459 0.13509194
54 0.04252308 0.04053118 0.21452988 0.04001958 0.00717705 0.03100068 0.02222429 0.02392079 0.02135109 0.04930697 0.06849936 0.02728278 0.01862029 0.19592789 0.02219639 0.04599127 0.03220578 0.01168239 0.04659217 0.03841708
55 0.32774618 0.03437762 0.02641321 0.04073692 0.01789731 0.02716682 0.03471812 0.05433793 0.01838451 0.04597933 0.06383814 0.03397532 0.02646951 0.02038991 0.02314121 0.07962714 0.04469583 0.00514424 0.01486631 0.06009443
56 0.06673236 0.01801379 0.02409669 0.01327979 0.00898100 0.01674669 0.01870719 0.03276868 0.00907405 0.28872182 0.12125093 0.01736089 0.02858748 0.04410147 0.01399389 0.05936766 0.11218893 0.00675504 0.01681809 0.08245355
57 0.08734534 0.03593982 0.03980092 0.03144911 0.01715871 0.03054471 0.04808982 0.04639542 0.01864581 0.03845702 0.07193373 0.03906282 0.02055501 0.02217981 0.02165151 0.28871613 0.06053783 0.00784744 0.01655781 0.05713123
58 0.06567661 0.02637970 0.02965750 0.02713840 0.01276460 0.02250440 0.03846601 0.02211380 0.01449770 0.06039441 0.07947221 0.02407430 0.02569280 0.02083950 0.01456030 0.07016701 0.21432503 0.00611376 0.02155290 0.20360903
59 0.03547544 0.02200372 0.01631432 0.00778004 0.00663439 0.01648702 0.01777662 0.01737442 0.00577485 0.26337627 0.10326811 0.00719066 0.22816024 0.05713456 0.01182741 0.03280413 0.02975073 0.00360157 0.02107742 0.09618810
60 0.06328521 0.07483801 0.04731061 0.04167241 0.01057680 0.03884781 0.05915271 0.05123941 0.02038620 0.02625250 0.04828441 0.27790704 0.01891790 0.02169780 0.02466030 0.06195981 0.04419431 0.00694234 0.01682600 0.04504841
61 0.02089021 0.01223240 0.02460731 0.00992856 0.00562154 0.00955434 0.01212700 0.01519110 0.00382940 0.35535411 0.09989763 0.00630878 0.05306612 0.19739006 0.01235740 0.02252031 0.04087251 0.00186967 0.03721901 0.05916252
62 0.07691407 0.03896928 0.04155478 0.04237018 0.01004280 0.23650291 0.04614438 0.05389738 0.02249549 0.03925268 0.06971677 0.04983108 0.02604169 0.02767899 0.02069689 0.06978847 0.04676158 0.00851529 0.01400019 0.05882508
63 0.05393300 0.02054240 0.02117100 0.01563710 0.01125740 0.01728490 0.01956820 0.03073460 0.00990722 0.30675802 0.15278901 0.01703300 0.03405020 0.03867310 0.01293650 0.04119770 0.03397530 0.00587070 0.02084460 0.13583601
64 0.06836040 0.04261460 0.21485899 0.04972790 0.01087130 0.03692280 0.06175870 0.04294690 0.02459420 0.04149230 0.05473710 0.05356850 0.01714680 0.03850900 0.02765510 0.08318430 0.04892430 0.00663665 0.02289040 0.05259980
65 0.04651448 0.01920329 0.01767879 0.03946248 0.01097560 0.01798479 0.01750129 0.03758828 0.01041140 0.07653947 0.34605386 0.01885269 0.03713068 0.01546009 0.01614559 0.05671148 0.13891094 0.00456301 0.01121970 0.06109207
66 0.05638871 0.04286501 0.04807821 0.09147992 0.01350410 0.02985491 0.31501908 0.04930371 0.02485081 0.02467051 0.03813221 0.04795191 0.01492320 0.01819780 0.01247040 0.06600462 0.03946991 0.00484736 0.01384120 0.04814641
67 0.08701922 0.02820281 0.04225791 0.31303508 0.01036420 0.03514051 0.11340503 0.03830831 0.02455891 0.02367481 0.05126031 0.04391821 0.01352100 0.01511230 0.01836810 0.05473721 0.03617531 0.00461666 0.01279180 0.03353231
68 0.33275879 0.01371859 0.03437728 0.03141958 0.02470568 0.01698159 0.02791888 0.04923367 0.01722159 0.02984858 0.04386637 0.02659348 0.01783629 0.01265719 0.01804229 0.20148188 0.05288137 0.00238903 0.00928018 0.03678768
69 0.08096023 0.04084082 0.03737151 0.03056231 0.01250620 0.03189391 0.04044302 0.05626562 0.02153971 0.04232492 0.07426483 0.03861592 0.02199401 0.03335191 0.02614901 0.09311644 0.22980809 0.00694331 0.02499521 0.05605302
70 0.04797740 0.02710220 0.02183000 0.01771140 0.01208570 0.02403380 0.02644250 0.04546440 0.01481520 0.05965040 0.09366690 0.02392970 0.19313299 0.04076570 0.01810210 0.06412210 0.16798399 0.00604615 0.02601810 0.06911930
71 0.09315932 0.02053858 0.16291486 0.02361508 0.00342709 0.11137291 0.03105517 0.01758469 0.01888258 0.00923083 0.01751469 0.15069587 0.00411490 0.00680689 0.00804622 0.18694784 0.10259591 0.00240831 0.00839546 0.02069278
72 0.07926408 0.02238219 0.03770359 0.26543893 0.00791788 0.02138339 0.12535197 0.04459309 0.08386378 0.01749840 0.03099069 0.03567219 0.01296880 0.01045100 0.01142800 0.12075497 0.02972049 0.00498658 0.00820000 0.02942999
73 0.05672482 0.04067812 0.04822462 0.09430764 0.01304721 0.03060421 0.31199112 0.05010362 0.02457621 0.02481501 0.03887242 0.04846602 0.01514191 0.01713101 0.01307571 0.06682373 0.03912472 0.00471300 0.01218950 0.04938942
74 0.02289369 0.00954220 0.13582194 0.15056293 0.02432449 0.01781319 0.29229186 0.16614492 0.01118429 0.00878226 0.01014520 0.03660668 0.00337395 0.00785289 0.00764554 0.06006037 0.01849589 0.00124103 0.00224260 0.01297409
75 0.04008532 0.03421241 0.02904181 0.01383061 0.00756767 0.02065971 0.01996631 0.02384201 0.01439241 0.05056032 0.05509252 0.01960201 0.03651492 0.33769514 0.00977047 0.03704762 0.03575092 0.00887764 0.16178407 0.04370612
76 0.32831491 0.03337539 0.02897879 0.04311169 0.01743710 0.02758689 0.03535529 0.05534478 0.01934789 0.04494369 0.06248568 0.03225119 0.02645199 0.02047639 0.02267869 0.07775268 0.04585509 0.00543598 0.01451590 0.05829998
77 0.05474392 0.01107730 0.01182461 0.01064960 0.01117371 0.01626361 0.01569081 0.01429771 0.01215691 0.08910704 0.40831918 0.01288011 0.13407406 0.02616611 0.00915452 0.04368152 0.03764282 0.00259275 0.00815358 0.07035013
78 0.07442589 0.13507199 0.02129630 0.01970650 0.00849353 0.15721199 0.02609760 0.25102398 0.02490690 0.02715490 0.05054480 0.03401720 0.01355150 0.01467820 0.01044390 0.04864830 0.04263980 0.00308112 0.00805303 0.02895260
79 0.29098492 0.01028090 0.05058029 0.01188270 0.01446370 0.02094219 0.01981719 0.03512839 0.01746450 0.02898139 0.03179979 0.03807189 0.00897366 0.00993827 0.01345280 0.21355994 0.13733196 0.00266943 0.01008410 0.03359199
80 0.35215694 0.01387830 0.01847840 0.00962305 0.02367460 0.01154430 0.01468310 0.22282196 0.00655931 0.01615460 0.03167699 0.01399140 0.00703266 0.02112660 0.01298230 0.16492897 0.03524569 0.00156465 0.00323069 0.01864550
81 0.04824445 0.04539305 0.04199935 0.01372979 0.00756098 0.01657198 0.02008198 0.10046889 0.01236029 0.01667768 0.04455085 0.26355071 0.01710918 0.15932983 0.01321039 0.03838756 0.02524977 0.01643958 0.06229503 0.03678866
82 0.04756949 0.01963170 0.02118050 0.01666790 0.00989475 0.11217899 0.02418100 0.03434850 0.01331820 0.20907298 0.10104799 0.01495580 0.15690598 0.04170410 0.01348960 0.03733860 0.02976940 0.00655486 0.02130330 0.06888639
83 0.01863250 0.02195420 0.01072210 0.00453492 0.00248977 0.00424165 0.00669046 0.00608104 0.01086770 0.02110890 0.02431300 0.01048530 0.02165050 0.36887503 0.00229770 0.01587300 0.03549780 0.00981347 0.37109303 0.03277790
84 0.07709053 0.04039101 0.04179512 0.04302892 0.00992149 0.23419008 0.04768392 0.05384042 0.02303921 0.03875441 0.06916272 0.04775112 0.02718791 0.02910601 0.02057701 0.06865592 0.04620262 0.00769175 0.01544381 0.05848602
85 0.07394759 0.02023930 0.05032169 0.25318095 0.01278660 0.02039950 0.28577995 0.05659289 0.02528240 0.01267310 0.01915780 0.04936489 0.00552253 0.00519104 0.00632992 0.05765809 0.02042230 0.00169368 0.00281421 0.02064160
86 0.03937304 0.01090941 0.01365962 0.01113301 0.00982197 0.01165511 0.01525362 0.01269321 0.00828129 0.15355218 0.35934341 0.01011891 0.03275744 0.02953593 0.00838973 0.03072384 0.02829553 0.01027271 0.01506782 0.18916222
87 0.03522639 0.01289180 0.01080180 0.00440085 0.01424850 0.01112330 0.01173420 0.00723803 0.00356438 0.31142295 0.12917098 0.01548490 0.02275340 0.01286840 0.01372650 0.02086230 0.01938160 0.00348714 0.00555766 0.33405495
88 0.06751323 0.30229013 0.03447542 0.02608281 0.01633601 0.02976151 0.04849072 0.03976642 0.02524901 0.03037461 0.04935292 0.07405143 0.01818441 0.03505132 0.02323761 0.05787563 0.04499632 0.00825536 0.02372281 0.04493232
89 0.08954849 0.03713519 0.04173739 0.02974990 0.01831080 0.03066950 0.04687279 0.04532569 0.01888600 0.03963359 0.07061679 0.03925939 0.02111370 0.02268550 0.01978590 0.28882496 0.06087669 0.00688444 0.01563040 0.05645289
90 0.09785263 0.02421961 0.03608481 0.32167911 0.00901763 0.01704661 0.23352808 0.03697231 0.02771241 0.01372790 0.02044871 0.05054032 0.00513000 0.00455713 0.00663949 0.05229252 0.01856091 0.00165529 0.00252971 0.01980481
91 0.06423553 0.02931951 0.02495061 0.01941061 0.01246181 0.02489681 0.03569152 0.02370811 0.01488551 0.10544505 0.09765244 0.03018901 0.03307791 0.02737051 0.02733421 0.05246362 0.03721982 0.00867835 0.01903591 0.31197314
92 0.05731400 0.02202870 0.01897360 0.02139750 0.01213690 0.02106890 0.02247820 0.03180890 0.01228700 0.10647800 0.36700000 0.02168380 0.03782260 0.02758430 0.01404060 0.05343410 0.03955260 0.01021340 0.01575780 0.08693910
93 0.06642828 0.07309068 0.04808499 0.04064899 0.00999186 0.03836199 0.05807638 0.05273879 0.02033849 0.02654189 0.04619749 0.27489192 0.01887279 0.02251489 0.02252249 0.06426948 0.04524809 0.00796672 0.01672250 0.04649129
94 0.02130608 0.00549949 0.00707898 0.00157956 0.01110559 0.00668265 0.00603775 0.00419417 0.00134909 0.34523567 0.25572675 0.00399362 0.02565898 0.02176228 0.00281841 0.01050629 0.01865838 0.00152401 0.00539048 0.24389177
95 0.06840082 0.04459381 0.21502307 0.04844862 0.01109190 0.03709451 0.06019652 0.04249021 0.02463851 0.04034661 0.05578492 0.05382102 0.01654941 0.03661161 0.02713081 0.08471103 0.04995692 0.00761179 0.02262181 0.05287612
96 0.06287560 0.07398990 0.04637030 0.04029700 0.01025840 0.03909140 0.05730600 0.05189210 0.01994390 0.02527420 0.04755420 0.28028702 0.01896220 0.02217790 0.02402040 0.06435610 0.04441020 0.00748104 0.01690770 0.04654440
97 0.02107500 0.00562292 0.00710261 0.00158122 0.01130970 0.00642184 0.00578015 0.00437478 0.00123216 0.34479105 0.25581404 0.00369969 0.02612440 0.02175230 0.00282859 0.01098460 0.01933830 0.00133878 0.00589081 0.24293704
98 0.05532717 0.02234989 0.01940739 0.02180929 0.01197189 0.02120459 0.02146109 0.03395408 0.01210219 0.10285494 0.36585378 0.02260469 0.03807838 0.02851898 0.01358339 0.05474297 0.03889388 0.01060529 0.01812069 0.08655545
99 0.08979422 0.02508530 0.20825104 0.02666120 0.00817758 0.03272211 0.04413941 0.03176581 0.02169730 0.03226141 0.03897321 0.05606161 0.01024960 0.01930410 0.01643160 0.22272304 0.06353531 0.00387675 0.01249860 0.03579081
100 0.05406296 0.08355794 0.02915738 0.07189005 0.00565749 0.04215667 0.18913087 0.01466619 0.09653284 0.01260439 0.02342088 0.22333785 0.00935991 0.00563491 0.00979146 0.05894326 0.03238318 0.00256985 0.00607333 0.02906858
101 0.05768968 0.04224359 0.04762719 0.09068207 0.01327160 0.03109649 0.31045991 0.05098078 0.02433769 0.02591859 0.03912969 0.05019928 0.01433170 0.01623260 0.01260900 0.06699108 0.03919719 0.00473650 0.01363140 0.04863399
102 0.06840386 0.06017786 0.05061097 0.02125729 0.00778210 0.04209477 0.04250447 0.03352738 0.01773819 0.02055949 0.04168717 0.25922483 0.01244819 0.01258139 0.02819508 0.09278964 0.13733191 0.00557094 0.01119339 0.03432108
103 0.05711339 0.02246810 0.01803370 0.02163230 0.01175720 0.02059630 0.02123380 0.03063449 0.01256580 0.10476598 0.36916793 0.02097440 0.03914989 0.02990399 0.01346330 0.05356559 0.03814639 0.01081420 0.01679130 0.08722198
104 0.08051168 0.03353943 0.02587372 0.02616522 0.01057271 0.01779772 0.04217564 0.34722133 0.00926848 0.02482612 0.04981695 0.02924933 0.00960264 0.01894922 0.01608602 0.17038316 0.05091035 0.00375511 0.00481734 0.02847783
105 0.25473102 0.03958730 0.02877510 0.14302001 0.01179720 0.02275750 0.18874402 0.02061750 0.02121180 0.02289500 0.03597400 0.04648630 0.00962359 0.01073440 0.01017880 0.05970101 0.03247880 0.00288060 0.00693012 0.03087590
106 0.07246409 0.02012820 0.05154879 0.25096797 0.01256900 0.02083650 0.29430797 0.05758169 0.02513190 0.01173120 0.01605130 0.04677680 0.00514407 0.00492608 0.00661528 0.05642149 0.02054450 0.00158789 0.00296938 0.02169590
107 0.05349644 0.01950332 0.02200652 0.01551141 0.01215391 0.01703371 0.02003202 0.03087312 0.00934433 0.30605724 0.15212912 0.01729721 0.03314853 0.03978243 0.01272461 0.04255593 0.03378383 0.00636569 0.02070752 0.13549311
108 0.04799751 0.04000601 0.02744001 0.01758230 0.00694963 0.02814071 0.02457041 0.01999631 0.01865981 0.04427581 0.11685103 0.03449561 0.01340580 0.05516481 0.02352131 0.05575632 0.03316361 0.25603307 0.07254192 0.06344802
109 0.03585780 0.01273770 0.01100780 0.00456638 0.01423540 0.01135840 0.01187200 0.00787051 0.00340244 0.31363898 0.12997199 0.01554820 0.02293860 0.01317190 0.01442540 0.02062430 0.01923730 0.00284363 0.00542331 0.32926798
110 0.07489662 0.02963241 0.02109591 0.02060321 0.01442740 0.02892281 0.02677371 0.02672171 0.01812521 0.07227772 0.10727304 0.02803411 0.22809208 0.05948972 0.02509531 0.05354942 0.03509281 0.00431937 0.03430911 0.09126833
111 0.06788021 0.03089560 0.02559030 0.03385490 0.01022720 0.16438002 0.02582030 0.04280571 0.01709650 0.06047101 0.28016104 0.02625620 0.02791980 0.02770720 0.01341830 0.05364581 0.03600291 0.00726019 0.00846287 0.04014391
112 0.05431253 0.02175951 0.01970891 0.02136531 0.01179321 0.02149471 0.02205501 0.03154962 0.01215181 0.10621205 0.36703518 0.02106161 0.03842552 0.03017182 0.01419541 0.05358023 0.03857252 0.01112541 0.01660591 0.08682374
113 0.09068897 0.03715999 0.04134988 0.03105939 0.01662739 0.03090069 0.04717988 0.04537998 0.01935999 0.03758649 0.07089477 0.03855299 0.02180669 0.02272999 0.02030509 0.28871189 0.06310778 0.00656728 0.01450719 0.05552368
114 0.07610720 0.03990700 0.04134200 0.04333040 0.01019440 0.23242701 0.04665510 0.05504290 0.02175870 0.04030920 0.06661850 0.04859180 0.02659570 0.02795080 0.02064580 0.07211500 0.04748080 0.00881584 0.01426740 0.05984440
115 0.06514804 0.02812412 0.02493662 0.01990341 0.01195721 0.02523092 0.03584772 0.02402932 0.01478701 0.10605507 0.09829917 0.03099722 0.03113182 0.02600792 0.02509912 0.05717754 0.03780623 0.00742433 0.01940801 0.31062921
116 0.05043344 0.02504752 0.01610561 0.01835171 0.16391012 0.01967251 0.02914812 0.02243632 0.01239651 0.08668806 0.24910018 0.01984071 0.03400373 0.01517001 0.01476091 0.08082836 0.04091583 0.00413753 0.00861884 0.08843397
117 0.07414501 0.04023930 0.04250370 0.04220730 0.01049480 0.23656202 0.04538900 0.05230401 0.02284390 0.04077590 0.06846241 0.04955880 0.02644980 0.02869470 0.02072130 0.06875721 0.04645270 0.00898900 0.01489180 0.05955731
118 0.05204781 0.03035540 0.01543050 0.01949190 0.00758093 0.02312980 0.01964720 0.26562003 0.01854910 0.03865360 0.06806631 0.01928550 0.10833701 0.01412870 0.01303780 0.05255991 0.19255602 0.00376956 0.00784829 0.02990460
119 0.05565167 0.02231449 0.01910409 0.02170029 0.01166339 0.02166049 0.02267049 0.03079028 0.01286889 0.10563094 0.36477878 0.02081099 0.03804358 0.02913428 0.01383289 0.05426177 0.03960458 0.01114829 0.01687779 0.08745205
120 0.32941007 0.03388291 0.02730651 0.04276761 0.01727040 0.02740871 0.03478051 0.05576801 0.01814410 0.04509831 0.06158311 0.03269851 0.02600821 0.01953280 0.02254490 0.07970572 0.04709991 0.00521369 0.01474490 0.05903111
121 0.32811996 0.03506850 0.02835800 0.04217960 0.01690140 0.02741910 0.03550450 0.05574329 0.01908380 0.04462430 0.06153609 0.03332600 0.02524190 0.02056400 0.02221970 0.07862189 0.04635999 0.00539731 0.01397570 0.05975499
122 0.06496740 0.02776590 0.02307740 0.02404480 0.00905508 0.02626760 0.03459600 0.51173297 0.01084520 0.02848280 0.04286640 0.03225200 0.01110570 0.01525130 0.01616760 0.04963940 0.03750750 0.00289004 0.00733713 0.02414780
123 0.06259563 0.01679308 0.02404917 0.01271049 0.00831998 0.01554608 0.01796718 0.03064186 0.00821760 0.31351863 0.11641686 0.01672318 0.03073056 0.04780264 0.01223699 0.05235134 0.10784687 0.00609957 0.01485478 0.08457750
124 0.04710688 0.03434819 0.14039895 0.03823949 0.00828089 0.01893919 0.02913279 0.03175159 0.01334250 0.26866591 0.07256207 0.02351149 0.02470739 0.05029308 0.01709159 0.06328408 0.03787429 0.00517226 0.01335600 0.06194138
125 0.03387408 0.01473279 0.01707119 0.01161249 0.01138579 0.01389279 0.01893339 0.01531619 0.01064279 0.14936890 0.25432482 0.01397299 0.02637938 0.02509448 0.01137199 0.03145638 0.02550658 0.01322789 0.01766629 0.28416880
126 0.07550642 0.03052661 0.02137920 0.02031990 0.01366020 0.02933301 0.02583291 0.02717991 0.01764710 0.07323462 0.10810602 0.02717021 0.22658505 0.05915091 0.02504991 0.05356991 0.03558601 0.00443179 0.03332701 0.09240332
127 0.08843817 0.03785579 0.04025558 0.03013569 0.01668269 0.03131319 0.04738518 0.04562758 0.01912349 0.03606879 0.07182767 0.03776459 0.02079179 0.02194439 0.02054649 0.29170689 0.06309488 0.00729658 0.01548299 0.05665758
128 0.06935984 0.04264043 0.21425813 0.04732063 0.01096611 0.03710082 0.05872713 0.04261143 0.02462161 0.04139742 0.05496103 0.05565653 0.01663991 0.03897292 0.02797762 0.08353825 0.04997013 0.00718231 0.02271301 0.05338473
129 0.05642221 0.02275650 0.01909890 0.02216000 0.01221790 0.02161220 0.02226540 0.03327361 0.01287920 0.10330302 0.36645907 0.02202610 0.03858251 0.02839131 0.01343690 0.05443081 0.03922161 0.01126870 0.01629410 0.08389992
130 0.03729617 0.01294049 0.01215579 0.00471841 0.01318509 0.01100759 0.01152409 0.00822968 0.00368811 0.31310477 0.13989090 0.01465029 0.02582738 0.01511719 0.01261719 0.02213548 0.02058099 0.00320377 0.00648584 0.31164078
131 0.06843901 0.30189106 0.03488331 0.02582081 0.01778020 0.03064181 0.04701161 0.04097031 0.02554211 0.02932371 0.04752121 0.07327831 0.01731480 0.03575751 0.02379670 0.05805521 0.04422771 0.00792070 0.02351000 0.04631391
132 0.03848500 0.01098710 0.01402460 0.01025800 0.00953488 0.01153660 0.01334810 0.01218430 0.00863384 0.15553700 0.36182899 0.01085440 0.03241580 0.03005780 0.00836361 0.02871910 0.02747610 0.01070590 0.01632790 0.18872099
133 0.08729359 0.02846960 0.04233929 0.31337395 0.01054260 0.03351309 0.11517598 0.03828769 0.02503500 0.02421520 0.04861369 0.04473509 0.01363730 0.01593050 0.01850930 0.05447269 0.03552799 0.00454217 0.01145470 0.03433059
134 0.03708791 0.01952850 0.02677251 0.01460800 0.00582085 0.01681140 0.01366300 0.07934542 0.01445180 0.03519081 0.21236805 0.02216781 0.01003720 0.04213471 0.02553691 0.03524161 0.02679201 0.13427403 0.05069341 0.17747404
135 0.05563452 0.02215181 0.01922121 0.02147481 0.01145780 0.02236121 0.02211121 0.03145741 0.01256631 0.10454104 0.36854915 0.02063091 0.03909212 0.02928271 0.01300841 0.05381242 0.03792512 0.01127990 0.01689241 0.08654953
136 0.03507296 0.02801657 0.02178638 0.01380779 0.00675164 0.01241259 0.01820468 0.01337519 0.02516007 0.03846566 0.04809645 0.02085808 0.02474178 0.19639080 0.00684314 0.03147267 0.03308187 0.01863208 0.36468864 0.04214096
137 0.05418389 0.02247760 0.01914100 0.02261310 0.01206310 0.02055780 0.02203600 0.03242689 0.01308530 0.10365098 0.36259693 0.02129170 0.03928769 0.02915009 0.01455500 0.05434419 0.03993009 0.01140930 0.01755170 0.08764768
138 0.04045870 0.03548110 0.02804060 0.01305460 0.00758347 0.01998630 0.02051780 0.02292750 0.01471990 0.05045509 0.05459849 0.01865780 0.03746350 0.33706196 0.00983972 0.03697840 0.03528010 0.00931322 0.16317298 0.04440880
139 0.06186748 0.02798039 0.02281839 0.02443629 0.00916047 0.02618539 0.03414449 0.51123287 0.01066860 0.02886329 0.04405259 0.03215329 0.01064680 0.01558090 0.01752830 0.05056369 0.03748609 0.00306138 0.00722111 0.02434819
140 0.03937507 0.03536618 0.02910718 0.01366019 0.00903155 0.01976119 0.02055339 0.02328578 0.01470289 0.04918417 0.05503516 0.01969769 0.03815657 0.33582277 0.01065939 0.03570558 0.03597998 0.00829101 0.16236489 0.04425937
141 0.04897829 0.02316569 0.02926069 0.01889090 0.12060097 0.03260299 0.03250949 0.02126210 0.02383009 0.03418549 0.08142458 0.02248779 0.24710594 0.03504429 0.01634100 0.05930089 0.03295689 0.00377903 0.05153319 0.06473969
142 0.06572032 0.02922441 0.02476271 0.01906261 0.01192590 0.02504631 0.03539841 0.02391101 0.01474461 0.10642304 0.10101204 0.02965901 0.03445431 0.02722691 0.02548231 0.05445442 0.03644991 0.00847233 0.02062331 0.30594611
143 0.06288442 0.02684351 0.02325051 0.02520601 0.00975102 0.02556281 0.03526541 0.51142618 0.01090100 0.02884631 0.04378892 0.03101351 0.01093210 0.01510601 0.01744411 0.04925382 0.03794221 0.00272651 0.00692411 0.02493151
144 0.23712603 0.01851440 0.02892450 0.23617703 0.01181950 0.01833680 0.10748001 0.01854650 0.01876940 0.01787720 0.02557520 0.03563020 0.00839498 0.00749080 0.00906994 0.15034902 0.02418920 0.00204077 0.00497079 0.01871770
145 0.26595998 0.01657290 0.02183180 0.01431380 0.01915820 0.01318500 0.02261010 0.21608398 0.00825128 0.02135230 0.03836050 0.01654480 0.00844634 0.02169290 0.01307200 0.21645198 0.03722440 0.00212626 0.00367149 0.02309000
146 0.02759920 0.00508299 0.00699277 0.00210209 0.00866952 0.00672784 0.00673050 0.00519226 0.00202780 0.28296501 0.33231701 0.00322386 0.03220250 0.02875000 0.00267667 0.01225920 0.02120760 0.00190213 0.00794004 0.20343101
147 0.22206080 0.01738488 0.03975546 0.02852637 0.02157688 0.02168738 0.03232447 0.03818317 0.01779458 0.03077587 0.04915726 0.02920737 0.01717918 0.01311839 0.01404689 0.30325973 0.05268795 0.00334585 0.00973773 0.03818977
148 0.05306412 0.02025081 0.02073471 0.02650821 0.00666720 0.02789281 0.01562021 0.41785515 0.02862241 0.15073405 0.07461933 0.01473121 0.01343020 0.01462191 0.01441891 0.04121731 0.03250511 0.00315619 0.00652965 0.01682051
149 0.04618833 0.01035151 0.00999997 0.00648942 0.00866025 0.01435291 0.01167001 0.02078681 0.00610108 0.24704416 0.34548622 0.00694594 0.03286962 0.02746472 0.00534558 0.02863452 0.02881392 0.00335456 0.00932038 0.13012008
150 0.05666413 0.01443491 0.01484691 0.01190021 0.01214531 0.01896631 0.01771571 0.01594701 0.01290811 0.08115295 0.32485919 0.01588231 0.18593811 0.03215892 0.01143481 0.04943153 0.03855732 0.00285572 0.01171001 0.07049054
151 0.05877049 0.03886700 0.03244200 0.02682450 0.01278170 0.02412900 0.02093120 0.03996550 0.00989679 0.03028160 0.04177990 0.03585190 0.02370250 0.01539350 0.41462796 0.05382090 0.04235180 0.00810026 0.00872404 0.06075749
152 0.06987017 0.30336385 0.03397198 0.02598299 0.01686589 0.02912509 0.04932518 0.04157588 0.02645509 0.02925399 0.04659168 0.07313816 0.01799559 0.03305268 0.02403619 0.05966087 0.04496418 0.00712720 0.02179609 0.04584728
153 0.05863911 0.03950740 0.03347670 0.02812590 0.01383030 0.02374170 0.02083080 0.03914140 0.00968447 0.03102560 0.04203900 0.03584320 0.02401090 0.01604430 0.40975904 0.05348791 0.04272010 0.00775999 0.00857874 0.06175341
154 0.03993601 0.03639581 0.02873691 0.01433310 0.00837086 0.02011850 0.02054790 0.02436460 0.01484970 0.05067021 0.05628661 0.01904920 0.03700731 0.33474306 0.00908929 0.03655581 0.03596731 0.00812527 0.15918803 0.04566451
155 0.22134682 0.12782190 0.01953638 0.01279999 0.01093209 0.03234917 0.01927728 0.30448176 0.01962458 0.01954328 0.03527037 0.02419018 0.00852039 0.01564239 0.00883512 0.05036146 0.03967757 0.00197392 0.00683514 0.02098018
156 0.06800181 0.04228221 0.21656604 0.04950971 0.01149080 0.03746451 0.05977021 0.04335341 0.02548380 0.03964101 0.05491251 0.05400411 0.01724780 0.03734471 0.02590770 0.08248231 0.04838651 0.00764392 0.02420770 0.05429921
157 0.04354502 0.00678594 0.01355131 0.00540997 0.01017200 0.01018900 0.01214271 0.00680928 0.00714186 0.14780906 0.37370616 0.00531266 0.10092104 0.03598062 0.00591242 0.02430381 0.03279491 0.00211514 0.01094000 0.14445706
158 0.01857330 0.02410089 0.01029000 0.00408921 0.00260061 0.00448829 0.00639648 0.00608605 0.01137620 0.01822630 0.01722830 0.00919299 0.02453649 0.40153390 0.00181411 0.01596000 0.03795969 0.00521160 0.34752192 0.03281369
159 0.02277331 0.00966462 0.00953231 0.00252812 0.01467370 0.00785042 0.00821177 0.00464123 0.00204009 0.37285908 0.14237603 0.00990759 0.01802580 0.01204370 0.00852888 0.01531160 0.01654100 0.00204729 0.00390736 0.31653607
160 0.05623370 0.04371670 0.20532200 0.02733390 0.00792826 0.04014880 0.03695690 0.05312140 0.01889360 0.01402030 0.03360410 0.25173900 0.00753810 0.01713300 0.01293490 0.07997730 0.04830120 0.00262354 0.01006710 0.03240620
161 0.03579347 0.02627098 0.02229038 0.01313869 0.00662367 0.01303619 0.01867149 0.01193339 0.02467868 0.03923897 0.04809826 0.02127648 0.02439858 0.19989184 0.00689479 0.03114318 0.03357187 0.01883579 0.36129172 0.04292157
162 0.03276201 0.02667021 0.02281821 0.01407860 0.00697793 0.01294560 0.01951861 0.01307090 0.02571231 0.03874931 0.04742981 0.02229361 0.02571031 0.19810105 0.00681620 0.03171961 0.03285481 0.01870001 0.36146310 0.04160781
163 0.32830099 0.03376410 0.02826400 0.04258500 0.01813600 0.02748400 0.03589900 0.05659210 0.01859370 0.04495770 0.06326550 0.03252710 0.02570340 0.01956890 0.02238740 0.07793550 0.04599610 0.00573173 0.01295910 0.05934870
164 0.03387038 0.01002930 0.01329019 0.00836497 0.00917632 0.01007860 0.01346909 0.01211729 0.00870470 0.14614793 0.37370483 0.00873996 0.03181579 0.03073699 0.00760621 0.02622039 0.02344069 0.01127719 0.01553329 0.20567591
165 0.08615423 0.02853278 0.04291477 0.31566574 0.01024359 0.03540377 0.11588291 0.03796857 0.02475158 0.02365508 0.04765656 0.04477936 0.01349259 0.01564389 0.01912498 0.05333996 0.03556647 0.00434511 0.01187209 0.03300597
166 0.05489335 0.02110782 0.02123322 0.01555501 0.01095571 0.01706481 0.01976422 0.02952713 0.00944863 0.30926427 0.14780113 0.01709551 0.03326693 0.03921173 0.01357831 0.04078524 0.03509583 0.00717952 0.02019952 0.13697212
167 0.08385013 0.03238741 0.02647561 0.02519471 0.00988795 0.01569571 0.04108431 0.30519910 0.00824659 0.02037481 0.04618291 0.02591901 0.00842578 0.01801831 0.01507880 0.23585908 0.04669141 0.00359540 0.00413526 0.02769771
168 0.06535971 0.02842040 0.02488680 0.01929420 0.01208930 0.02439900 0.03568530 0.02401910 0.01487620 0.10832901 0.10013501 0.02890700 0.03378930 0.02675810 0.02546260 0.05449481 0.03541730 0.00795220 0.01983460 0.30989003
169 0.07357713 0.04051752 0.04333352 0.04262022 0.01035590 0.23965811 0.04612392 0.05395942 0.02254741 0.03841992 0.06764533 0.04948942 0.02720661 0.02731691 0.01975761 0.07016443 0.04627302 0.00920275 0.01414531 0.05768553
170 0.03887091 0.01113640 0.01372170 0.01034680 0.00960218 0.01171650 0.01404780 0.01219810 0.00850658 0.15621003 0.36212408 0.01091970 0.03280481 0.02916221 0.00815341 0.03010631 0.02705381 0.00971232 0.01515230 0.18845404
171 0.07026436 0.30587682 0.03296248 0.02573298 0.01632279 0.02928898 0.04843517 0.04235157 0.02516208 0.02994258 0.04728757 0.07261696 0.01789779 0.03625098 0.02228639 0.05831697 0.04283317 0.00759380 0.02344959 0.04512697
172 0.02094110 0.00541227 0.00718507 0.00148563 0.01105470 0.00630099 0.00579382 0.00411383 0.00127225 0.34442101 0.25551301 0.00376343 0.02664410 0.02223030 0.00251121 0.01045890 0.01972310 0.00130382 0.00600044 0.24387101
173 0.08812245 0.02791381 0.04212322 0.31782217 0.00967038 0.03448562 0.11524706 0.03741832 0.02423271 0.02426271 0.04801493 0.04526512 0.01319731 0.01507501 0.01919661 0.05245663 0.03488522 0.00399090 0.01284261 0.03377722
174 0.05696542 0.04150012 0.04835592 0.09269754 0.01362741 0.02974571 0.31046212 0.05195072 0.02408621 0.02634251 0.03850781 0.05001642 0.01493391 0.01699581 0.01122110 0.06703583 0.03991132 0.00438262 0.01188930 0.04937222
175 0.08778046 0.02861832 0.04130013 0.31529820 0.01058631 0.03418812 0.11420907 0.03873103 0.02461182 0.02398762 0.04998103 0.04434643 0.01318681 0.01533851 0.01907121 0.05298243 0.03541222 0.00387005 0.01309621 0.03340402
176 0.08570176 0.02920929 0.04232328 0.31188685 0.00995293 0.03486988 0.11318295 0.03733998 0.02388159 0.02404479 0.05201278 0.04471518 0.01358839 0.01606679 0.02004869 0.05402487 0.03585628 0.00415284 0.01364769 0.03349318
177 0.06356962 0.02872451 0.02476361 0.01865511 0.01233130 0.02519011 0.03589271 0.02305441 0.01554360 0.10780803 0.09877063 0.02880551 0.03393451 0.02595721 0.02562391 0.05548432 0.03796181 0.00826079 0.02007321 0.30959510
178 0.19333313 0.03204892 0.01876631 0.01426991 0.17515312 0.01673771 0.02377682 0.02325942 0.01003411 0.06141434 0.06485224 0.01780421 0.02287102 0.01630111 0.01808161 0.07112105 0.04199933 0.00350852 0.00734200 0.16732511
179 0.03948782 0.03724052 0.03256561 0.05473362 0.00875587 0.18678508 0.30975614 0.03659702 0.03063351 0.01486201 0.03041361 0.04215582 0.01726681 0.01755731 0.01183371 0.04899122 0.03110931 0.00320582 0.00913546 0.03691372
