1 0.04213695 0.01020409 0.01057489 0.00244384 0.01512248 0.00731792 0.00543882 0.01293489 0.00390546 0.23953873 0.23184574 0.00539067 0.05332244 0.04273325 0.00864890 0.01617818 0.04306025 0.00220458 0.01289719 0.23410074
2 0.08874309 0.04240140 0.03560880 0.02363650 0.00684011 0.03577010 0.03586910 0.07587529 0.01533580 0.03945240 0.04923510 0.03474610 0.02937090 0.02029240 0.25594598 0.09864939 0.04348660 0.00706087 0.01351710 0.04816300
3 0.05374370 0.03762240 0.08143130 0.13495300 0.00765439 0.03914400 0.07220790 0.33282501 0.01365290 0.00918199 0.03147760 0.04674290 0.00639083 0.01582640 0.01925360 0.05552190 0.01809040 0.00272738 0.00906008 0.01249230
4 0.06237916 0.03082788 0.02048109 0.01192759 0.01720329 0.01711729 0.02608089 0.02276479 0.01563049 0.16413091 0.14434692 0.02116639 0.05216017 0.03678558 0.01816399 0.04167398 0.04807997 0.00631727 0.01926149 0.22350087
5 0.25106603 0.07561161 0.02998470 0.02323650 0.00782137 0.05685551 0.05739681 0.03701390 0.03228950 0.03404100 0.02637370 0.13501002 0.01981640 0.01817830 0.03572990 0.06684821 0.04206961 0.00453254 0.00936976 0.03675460
6 0.06619751 0.03307060 0.05822961 0.16522901 0.01137450 0.04074700 0.10694901 0.03247100 0.02512900 0.08341511 0.06038001 0.03398530 0.01889680 0.03259290 0.01484340 0.06021791 0.06759541 0.00770371 0.02712410 0.05384810
7 0.12891595 0.04953018 0.04990038 0.03702889 0.01898189 0.03507429 0.05145958 0.06330757 0.01923519 0.02774299 0.03854188 0.03751928 0.01829919 0.01693329 0.04004648 0.21801591 0.08107197 0.01118590 0.01242160 0.04478758
8 0.03606409 0.01493910 0.00953866 0.00359929 0.01101250 0.00917013 0.00533965 0.01385270 0.00273433 0.23548995 0.23171895 0.00848848 0.08081108 0.04916359 0.01539740 0.01868480 0.03757439 0.00308336 0.01233760 0.20099996
9 0.05877201 0.07576211 0.03261361 0.07239881 0.00518908 0.06508761 0.20340504 0.04595441 0.03328931 0.01964270 0.04951581 0.16710503 0.00829228 0.01529650 0.01547740 0.04439441 0.02575880 0.00311216 0.02481950 0.03411341
10 0.01991990 0.02426570 0.01568050 0.00989725 0.01530520 0.00746904 0.01013490 0.00953907 0.04486770 0.03453740 0.04602510 0.01224590 0.00676819 0.29342200 0.00696526 0.01704790 0.03091170 0.01382040 0.35398900 0.02718790
11 0.02818861 0.06081551 0.02770041 0.01976760 0.02005920 0.02013280 0.03205741 0.01545570 0.04909241 0.03876291 0.07035841 0.06997311 0.01096620 0.19014204 0.01223740 0.01741340 0.02565341 0.02279020 0.23749405 0.03093921
12 0.04156645 0.03451406 0.02209708 0.01428128 0.01734358 0.01880958 0.02179338 0.02439747 0.02872637 0.08254111 0.12297886 0.02224468 0.02511917 0.20049378 0.01268769 0.03027757 0.04218575 0.01253179 0.16282582 0.06258453
13 0.05168458 0.05784868 0.11944096 0.20939493 0.00911386 0.04909358 0.11083196 0.07774927 0.02191189 0.01298150 0.02241339 0.09436537 0.00365800 0.01431539 0.02019049 0.06427938 0.02442659 0.00321259 0.01185000 0.02123759
14 0.05961204 0.04098153 0.07615716 0.24041418 0.00550901 0.04856374 0.19014114 0.04785974 0.02737582 0.01841731 0.03055042 0.07651946 0.00295603 0.00612730 0.01094601 0.06082735 0.02721162 0.00225346 0.00675887 0.02081782
15 0.07532068 0.15322197 0.04481589 0.03667999 0.01170270 0.04635089 0.05421629 0.06160659 0.02681829 0.03319029 0.05336439 0.10556898 0.01996420 0.03665239 0.02574659 0.07896238 0.04318639 0.01185310 0.02888509 0.05189289
16 0.04757572 0.03374912 0.08707234 0.06902503 0.00872149 0.03143211 0.05863853 0.41371319 0.01286411 0.00986169 0.03490162 0.03727342 0.01074720 0.01325811 0.02906001 0.05575543 0.02325401 0.00201795 0.00702801 0.01405091
17 0.04393526 0.00931274 0.01107889 0.00313336 0.01547239 0.00849152 0.00415979 0.01374439 0.00299345 0.25467479 0.19150184 0.00514466 0.05912025 0.03664797 0.01079679 0.01606249 0.04394926 0.00253359 0.01318279 0.25406379
18 0.06741378 0.09250628 0.04064039 0.04487359 0.00770094 0.06996758 0.06092289 0.21856895 0.02239069 0.01894760 0.08118468 0.06832538 0.01209770 0.02200929 0.02257939 0.06876148 0.03476279 0.00598720 0.01667800 0.02368139
19 0.06852057 0.04603798 0.04420998 0.09053847 0.00528784 0.10207396 0.21597392 0.04022879 0.04528198 0.02293149 0.04595458 0.07377077 0.01258200 0.02330899 0.01918979 0.05363338 0.03642909 0.00427743 0.01487509 0.03489389
20 0.03281090 0.01666650 0.02267730 0.00694410 0.00679198 0.01602960 0.03438170 0.03055760 0.01485480 0.12589001 0.26831801 0.01027830 0.09913600 0.04151500 0.06770820 0.04962550 0.04603040 0.00292187 0.00695891 0.09990330
21 0.12986596 0.04991009 0.04919379 0.03634079 0.02001189 0.03542549 0.04934219 0.06328308 0.01987499 0.02758159 0.03887169 0.03934689 0.01890189 0.01712939 0.03782249 0.21635794 0.08165308 0.01110740 0.01292480 0.04505459
22 0.04364580 0.02284360 0.01515320 0.01357020 0.01063910 0.01568540 0.02480360 0.02722960 0.01136030 0.15716800 0.28618001 0.01883610 0.05323650 0.06509150 0.01368790 0.03074590 0.03841190 0.00595718 0.02089520 0.12485900
23 0.06836099 0.18098798 0.07726319 0.02108670 0.00345956 0.10605199 0.05214429 0.01994720 0.02238410 0.01170280 0.01860760 0.25539397 0.01216870 0.01636030 0.01057310 0.05207949 0.03881739 0.00251147 0.01231210 0.01778710
24 0.07222732 0.03775911 0.04826602 0.04223801 0.01108540 0.02818591 0.05705472 0.41017913 0.01437100 0.01993761 0.04051371 0.03167181 0.01434100 0.01638461 0.02703901 0.06353912 0.02963881 0.00339052 0.00840226 0.02377491
25 0.05259326 0.01782738 0.01405539 0.01091749 0.01497829 0.01357449 0.01323749 0.01851658 0.00713079 0.22361281 0.20209583 0.01257029 0.05100236 0.05622405 0.01452549 0.02621498 0.04245876 0.00381595 0.02466148 0.17998685
26 0.27678711 0.03049631 0.04030032 0.02206451 0.03221041 0.02297331 0.03121551 0.08295633 0.01475551 0.02230511 0.02167321 0.02241711 0.01047060 0.00967347 0.02432931 0.21643308 0.06858343 0.00468167 0.00715217 0.03852152
27 0.06755389 0.02985509 0.03138159 0.01185660 0.01987980 0.03802539 0.07279679 0.04529529 0.07838918 0.02617199 0.06381779 0.03110729 0.12594197 0.02585359 0.02386840 0.08825058 0.13556397 0.01577780 0.01418240 0.05443059
28 0.07621731 0.04830961 0.04824031 0.10592702 0.00777577 0.05567961 0.18714803 0.07200221 0.03518041 0.02176690 0.04494501 0.06650721 0.01592110 0.01934820 0.02121370 0.06960601 0.04296291 0.00550607 0.01595850 0.03978411
29 0.03782101 0.00715016 0.01024100 0.00243000 0.01313930 0.00963745 0.00259311 0.01457230 0.00129513 0.25195707 0.17058004 0.00356807 0.08447462 0.02857541 0.01459270 0.01346170 0.04129701 0.00359982 0.00889700 0.28011707
30 0.06580469 0.05431269 0.03805839 0.08323808 0.00929302 0.05512849 0.16053297 0.02980249 0.07701788 0.05654329 0.04329019 0.05271169 0.01841400 0.01905330 0.02005040 0.11072998 0.03745529 0.00639819 0.01155720 0.05060779
31 0.07166900 0.03686640 0.04786530 0.04107720 0.01107720 0.02843130 0.05726510 0.41202399 0.01466100 0.02108830 0.04114930 0.03216400 0.01453850 0.01567210 0.02774320 0.06235020 0.02896150 0.00371434 0.00774109 0.02394100
32 0.04220730 0.01354750 0.01124740 0.00366350 0.01477060 0.00897297 0.00925913 0.01366390 0.00613368 0.22063899 0.23942999 0.00796425 0.05393970 0.04609880 0.00986034 0.01998400 0.04276360 0.00298499 0.01518740 0.21768199
33 0.03169510 0.01140240 0.00712215 0.00232471 0.01078820 0.00483022 0.00340708 0.00960851 0.00158370 0.23663097 0.30410596 0.00368129 0.06056739 0.06676449 0.00720796 0.01479110 0.03343850 0.00132042 0.01342190 0.17530798
34 0.09866174 0.15299906 0.02875461 0.03108641 0.00672758 0.04098932 0.03330481 0.05514612 0.01624521 0.04463892 0.02633271 0.07302863 0.02821391 0.01836991 0.15031706 0.09765154 0.02553531 0.00913105 0.01556851 0.04729762
35 0.02045050 0.02463230 0.01485450 0.00987649 0.01715760 0.00711701 0.01117970 0.01026670 0.03780750 0.04115111 0.04917181 0.01201640 0.00773976 0.30599504 0.00651101 0.01585380 0.03508720 0.01162440 0.33303604 0.02847110
36 0.08300672 0.05337422 0.05076432 0.04180671 0.01645090 0.05291752 0.08012652 0.04101621 0.10262803 0.02722801 0.05062942 0.05521002 0.01897301 0.05513382 0.02094011 0.06808732 0.04850251 0.01335230 0.06799132 0.05186102
37 0.12066403 0.03805691 0.05483371 0.01501620 0.02447151 0.03215901 0.03090151 0.04512281 0.01644070 0.02505651 0.03331341 0.01815630 0.01730490 0.01305840 0.02099481 0.25828207 0.17588805 0.01193370 0.00883953 0.03950591
38 0.03155660 0.03607750 0.02253490 0.02142040 0.01504390 0.01569190 0.02203720 0.01701500 0.04894680 0.04397190 0.06353769 0.03010460 0.01125160 0.20641898 0.01147290 0.02632300 0.02994610 0.01941120 0.28717997 0.04005790
39 0.07138715 0.12129008 0.02877352 0.03401442 0.01612471 0.03693843 0.07468955 0.03219352 0.07949336 0.06326164 0.03305442 0.06389814 0.01591841 0.02382232 0.02459052 0.13227309 0.04508713 0.01079281 0.01842611 0.07397065
40 0.02002291 0.02477291 0.01448570 0.00948264 0.01710810 0.00726381 0.01103580 0.01008340 0.03737681 0.04162421 0.05019081 0.01146320 0.00783549 0.30707008 0.00654470 0.01570740 0.03482331 0.01091090 0.33369909 0.02849871
41 0.07504858 0.12683296 0.06489908 0.03546279 0.00505194 0.11130996 0.07725728 0.03252469 0.02907279 0.01852229 0.03403689 0.20431693 0.01332900 0.01981799 0.01578559 0.05503858 0.03800399 0.00406948 0.01506810 0.02455109
42 0.27012610 0.03737431 0.03338941 0.02288761 0.03052011 0.01930081 0.03225291 0.18479007 0.00915125 0.01057360 0.01721841 0.01750881 0.00794366 0.01025670 0.02312061 0.20034707 0.04659472 0.00376627 0.00331806 0.01955951
43 0.03147227 0.03901436 0.01275869 0.01713088 0.01349319 0.01266499 0.01843358 0.01337929 0.02742088 0.08208053 0.15110786 0.03263847 0.02146138 0.16439785 0.00708190 0.01676298 0.03208827 0.02359188 0.21475180 0.06826894
44 0.03860517 0.01364569 0.00943602 0.00363982 0.01259009 0.00777558 0.00784963 0.01191519 0.00510572 0.21271784 0.28336779 0.00726038 0.05542106 0.05757756 0.00865811 0.01928719 0.03922307 0.00253162 0.01476259 0.18862986
45 0.04618838 0.04491578 0.01615559 0.01702689 0.01119560 0.04414478 0.09519046 0.02325759 0.03156119 0.07399837 0.18771093 0.04777338 0.03437199 0.12010695 0.01700839 0.03140949 0.03803099 0.00884928 0.05956848 0.05153548
46 0.04322777 0.02310919 0.01519929 0.01452459 0.01031799 0.01553319 0.02409128 0.02813668 0.01175489 0.15487690 0.28641682 0.01864209 0.05333337 0.06600416 0.01400059 0.03071668 0.03779458 0.00683024 0.02196979 0.12351992
47 0.08773352 0.06502312 0.04937421 0.04880731 0.01063250 0.10931203 0.08479882 0.05518121 0.03810641 0.03475211 0.05133141 0.08046142 0.01995230 0.02979931 0.03118901 0.07825462 0.05103191 0.00984855 0.01975930 0.04465091
48 0.15253713 0.02503512 0.02332482 0.01342941 0.02071952 0.02157822 0.02642292 0.02557852 0.01701261 0.12317410 0.10094508 0.02179082 0.03957563 0.02431982 0.02864122 0.06471075 0.06109445 0.00555798 0.01279471 0.19175716
49 0.10874400 0.08895990 0.03502500 0.01938840 0.01703800 0.03243040 0.03393930 0.12143800 0.01589800 0.01668530 0.02400000 0.03125520 0.00922734 0.01390020 0.02550300 0.22507800 0.14458800 0.00905798 0.00563449 0.02220950
50 0.06678328 0.02495489 0.08515638 0.31139591 0.00688704 0.03980919 0.21141994 0.03566779 0.02645869 0.01668280 0.02676619 0.03740049 0.00187207 0.00333548 0.00534880 0.05003289 0.03252589 0.00114167 0.00330332 0.01305730
51 0.04422201 0.00949302 0.01112560 0.00323432 0.01540590 0.00842259 0.00454833 0.01402810 0.00305166 0.25310104 0.19012903 0.00524021 0.06019371 0.03596221 0.01146900 0.01638430 0.04335611 0.00281052 0.01295430 0.25486804
52 0.22493493 0.03526039 0.03890489 0.02995299 0.01545579 0.05091058 0.06000808 0.03839779 0.09577737 0.03730989 0.04434729 0.04678838 0.01489170 0.03378119 0.02660219 0.07387578 0.04814768 0.00849313 0.02858119 0.04757878
53 0.05114614 0.01800281 0.01411401 0.01072351 0.01464041 0.01290761 0.01309321 0.01891951 0.00729421 0.22159416 0.20484414 0.01327721 0.05158734 0.05571474 0.01468051 0.02739522 0.04311403 0.00373030 0.02357882 0.17964213
54 0.17908598 0.04320320 0.10866599 0.05923019 0.02020870 0.03821140 0.05012779 0.06300819 0.02437250 0.02551570 0.03095190 0.04758240 0.01291790 0.01525320 0.01945110 0.14536299 0.06186459 0.00347576 0.00889964 0.04261090
55 0.26132603 0.03779050 0.03307350 0.03093340 0.02218670 0.03378120 0.04654501 0.06994921 0.02408840 0.04310991 0.04454381 0.03953231 0.01673730 0.02083320 0.03148170 0.11137001 0.05705521 0.00638257 0.01279910 0.05648091
56 0.03766429 0.00804503 0.00904767 0.00191365 0.01408850 0.00560920 0.00245645 0.01122440 0.00139655 0.25726994 0.24696794 0.00284921 0.05563339 0.04906939 0.00761068 0.01312110 0.04016569 0.00164991 0.01342210 0.22079494
57 0.12899099 0.04908640 0.04918050 0.03623230 0.01960040 0.03538750 0.05002089 0.06525459 0.02004410 0.02873340 0.04113910 0.03834780 0.01869830 0.01765760 0.03776680 0.21577698 0.07975519 0.01136410 0.01292920 0.04403390
58 0.05342380 0.03278090 0.01834270 0.01204400 0.02310220 0.01647630 0.02138690 0.01850050 0.02398070 0.06033400 0.07131191 0.02226370 0.01853490 0.18573101 0.00926862 0.05372660 0.09540621 0.01393880 0.19559102 0.05385520
59 0.03347353 0.01505561 0.00919063 0.00362495 0.01007351 0.01151401 0.00537112 0.01418081 0.00279641 0.23444519 0.20668217 0.00832796 0.10396408 0.04086833 0.01882642 0.01835071 0.03676613 0.00369086 0.00962639 0.21317117
60 0.07480587 0.11758195 0.05588278 0.03945978 0.00813631 0.06602517 0.07852797 0.04744708 0.02716269 0.02161589 0.04150998 0.20012892 0.01553429 0.02456799 0.02276769 0.05977608 0.03484059 0.00637139 0.02510539 0.03275219
61 0.05549813 0.02012821 0.01850011 0.00625750 0.02454981 0.01371741 0.01596811 0.01569591 0.01332031 0.15361309 0.15675709 0.01212531 0.03888382 0.10599106 0.00870463 0.03192672 0.08436165 0.00604379 0.05584423 0.16211310
62 0.06988234 0.15403108 0.07261724 0.02343201 0.00339438 0.10667106 0.06625663 0.02314061 0.02349921 0.01340411 0.02724511 0.25617113 0.01217971 0.01596621 0.01073751 0.05022063 0.03701882 0.00249620 0.01278281 0.01885321
63 0.05062397 0.01803459 0.01407729 0.01080869 0.01486609 0.01260639 0.01303719 0.01799899 0.00724661 0.22390787 0.20419489 0.01250979 0.05143737 0.05573557 0.01366519 0.02584009 0.04284958 0.00369815 0.02450879 0.18235290
64 0.06909822 0.02255111 0.07314922 0.04374671 0.01653700 0.02360931 0.03460531 0.02809931 0.02016571 0.15797304 0.11473203 0.02130431 0.03316871 0.03981021 0.01541690 0.06531952 0.05756482 0.00520503 0.02276851 0.13517504
65 0.06739624 0.02446711 0.08695655 0.04409712 0.01241941 0.02886482 0.05147463 0.14225407 0.02358311 0.03696272 0.10333505 0.02236871 0.02958942 0.01742331 0.05237293 0.10703906 0.09510745 0.00328076 0.00713292 0.04387462
66 0.06703577 0.02859149 0.07986726 0.27072186 0.00609351 0.04646268 0.21274089 0.04501788 0.02828809 0.01721679 0.02765989 0.04375428 0.00282527 0.00511506 0.00735648 0.05512097 0.03216368 0.00157228 0.00444471 0.01795119
67 0.05990232 0.02875271 0.07883453 0.26662809 0.00700633 0.04358441 0.19755207 0.04591782 0.02881361 0.02017971 0.04867732 0.04805202 0.00442857 0.00633817 0.00922328 0.05036602 0.02947391 0.00190875 0.00619157 0.01816881
68 0.32486620 0.03117272 0.02762662 0.01631011 0.03792312 0.01489421 0.02683382 0.18846512 0.00780935 0.00908071 0.01270601 0.01115941 0.00648893 0.01025901 0.01414891 0.19244212 0.04514463 0.00236526 0.00265294 0.01765081
69 0.09462981 0.03923960 0.04047020 0.02242950 0.02200790 0.03294670 0.04199020 0.04543340 0.02211480 0.06189271 0.07499721 0.02863080 0.02918200 0.04100670 0.02163250 0.11953601 0.15096102 0.01308440 0.02425980 0.07355471
70 0.03733141 0.00950039 0.00981742 0.00286852 0.01245840 0.00990134 0.00332843 0.01421130 0.00169369 0.24476609 0.18352606 0.00507665 0.08829843 0.03259791 0.01603061 0.01529321 0.04002921 0.00368202 0.00928679 0.26030209
71 0.06809807 0.17302317 0.08834849 0.02828023 0.00302897 0.10528910 0.04183884 0.02266842 0.01897882 0.00921156 0.01023521 0.23577323 0.00827747 0.01357851 0.01853352 0.08987589 0.03865044 0.00336020 0.00547645 0.01747342
72 0.07134329 0.07956899 0.07834879 0.20167896 0.00701438 0.03901889 0.11390798 0.05859319 0.02066190 0.01689040 0.02310850 0.07090599 0.00512879 0.00983047 0.02062740 0.11902198 0.02619930 0.00547601 0.00804863 0.02462620
73 0.07709167 0.04822628 0.04801018 0.10674895 0.00808394 0.05599738 0.18631292 0.07086257 0.03519698 0.02146259 0.04604808 0.06602257 0.01614829 0.01971229 0.02097579 0.06968737 0.04319088 0.00573570 0.01597429 0.03851128
74 0.10035897 0.05074429 0.03959199 0.05399489 0.01070770 0.03678329 0.12226997 0.05736019 0.02297819 0.01603620 0.02524569 0.04394429 0.01478710 0.00972334 0.04790389 0.23461894 0.05849939 0.01066600 0.00829931 0.03548639
75 0.02925160 0.02457160 0.00804280 0.00613449 0.01039050 0.00866219 0.01130050 0.01235460 0.00963363 0.14557599 0.28981098 0.01228650 0.04995440 0.14286299 0.00758316 0.01912660 0.03232220 0.00896090 0.07423009 0.09694429
76 0.26078813 0.03767132 0.03338222 0.03274222 0.02199881 0.03241352 0.04728402 0.07173524 0.02394291 0.04348382 0.04464312 0.03854462 0.01623711 0.02092611 0.03133752 0.11055706 0.05665223 0.00628040 0.01304781 0.05633183
77 0.03825945 0.01431722 0.00961493 0.00383831 0.01252272 0.00762398 0.00833341 0.01231382 0.00505290 0.21038126 0.28471236 0.00761564 0.05576357 0.05703327 0.00895995 0.01957522 0.03888915 0.00259509 0.01424052 0.18835724
78 0.07231662 0.04144841 0.07907802 0.17738804 0.00703570 0.09791822 0.13532003 0.04558461 0.03085261 0.01967990 0.02556231 0.05390591 0.00785479 0.01863340 0.01385100 0.06457282 0.06845782 0.00683661 0.00666976 0.02703341
79 0.27834523 0.01975692 0.04186483 0.01122171 0.03855383 0.01640811 0.02464012 0.05802985 0.01172891 0.02273122 0.02281902 0.01013661 0.01197161 0.00763554 0.00872037 0.23945920 0.11667310 0.00464793 0.00819727 0.04645864
80 0.32590475 0.01448689 0.03522467 0.00867476 0.07085444 0.01174009 0.01380169 0.10039092 0.01044019 0.02001078 0.01665389 0.00542807 0.00994556 0.00736157 0.00413957 0.22499282 0.07550104 0.00200637 0.00470775 0.03773417
81 0.06014645 0.07184315 0.07989654 0.15869388 0.00760998 0.05295326 0.10771492 0.07007825 0.02241918 0.01797919 0.02810628 0.12854390 0.00679030 0.01498649 0.02340728 0.07236295 0.02505488 0.00637245 0.01827289 0.02676778
82 0.04909287 0.00749353 0.01175759 0.00248196 0.01859229 0.00730188 0.00355915 0.01425029 0.00251738 0.25361884 0.18994288 0.00349958 0.05250107 0.03832528 0.00852206 0.02074589 0.05599516 0.00232160 0.01464689 0.24283384
83 0.01885810 0.02281810 0.01360020 0.00844802 0.01651310 0.00625487 0.01019390 0.00957931 0.03801381 0.03721001 0.04374231 0.00964994 0.00673309 0.31791507 0.00596616 0.01545840 0.03448481 0.01023380 0.34841107 0.02591591
84 0.07902787 0.04904758 0.04468088 0.03898238 0.01308299 0.13494894 0.10380295 0.03746078 0.10005196 0.02749789 0.05741657 0.06245077 0.01788979 0.03812518 0.01862659 0.05586028 0.04604108 0.00869544 0.02912099 0.03718908
85 0.06640760 0.02837760 0.07968970 0.27029599 0.00600185 0.04704290 0.21397200 0.04385570 0.02847790 0.01730780 0.02744370 0.04380420 0.00297317 0.00529939 0.00736611 0.05453710 0.03262740 0.00172202 0.00428238 0.01851550
86 0.03919612 0.01397291 0.00949404 0.00372594 0.01261401 0.00775285 0.00864920 0.01217171 0.00531395 0.21038713 0.28332417 0.00756810 0.05511733 0.05766954 0.00878541 0.01958161 0.03911532 0.00263223 0.01482331 0.18810511
87 0.04293942 0.00821296 0.01090790 0.00269545 0.01546431 0.00845694 0.00358517 0.01434241 0.00273645 0.25652112 0.17897508 0.00417582 0.06293653 0.03185601 0.01121561 0.01462561 0.04356652 0.00269796 0.01144361 0.27264512
88 0.09193962 0.14407103 0.04451671 0.03383181 0.01447420 0.04053761 0.04886741 0.06397981 0.02391270 0.01953060 0.02574401 0.07570302 0.01282020 0.01889140 0.03258421 0.17809504 0.06372541 0.01119910 0.01188390 0.04369221
89 0.11665207 0.04289433 0.11648207 0.05015673 0.01767801 0.03939572 0.04576143 0.05645953 0.02168061 0.01876661 0.02529452 0.04472063 0.01172661 0.01227881 0.02502042 0.21652413 0.09359086 0.00452212 0.00693777 0.03345702
90 0.06435632 0.03081441 0.07643343 0.24027908 0.00457501 0.07542983 0.21203407 0.03601501 0.03358591 0.02093131 0.02739391 0.04806622 0.00275944 0.00811962 0.00753591 0.05062302 0.03217391 0.00161422 0.00429236 0.02296701
91 0.04527960 0.00915859 0.01083540 0.00309522 0.01542940 0.00874339 0.00457261 0.01409250 0.00304319 0.25347599 0.19069099 0.00528757 0.05949220 0.03591840 0.01141380 0.01626060 0.04343160 0.00276526 0.01250870 0.25450499
92 0.03538823 0.01008321 0.00811963 0.00244040 0.01263471 0.00561528 0.00332286 0.01043871 0.00168138 0.24824718 0.27425019 0.00367556 0.05710804 0.05827474 0.00757590 0.01426381 0.03682983 0.00160140 0.01396481 0.19448414
93 0.07588643 0.11851204 0.05584612 0.03933051 0.00830446 0.06545762 0.07659283 0.04863392 0.02774441 0.02122081 0.04075751 0.19831907 0.01546741 0.02479671 0.02304621 0.05925262 0.03594841 0.00699858 0.02606891 0.03181541
94 0.03807779 0.00723069 0.00918691 0.00170519 0.01435040 0.00571773 0.00187346 0.01122620 0.00099739 0.26562093 0.23746293 0.00241122 0.05486008 0.04580309 0.00750138 0.01211540 0.04066899 0.00159751 0.01284680 0.22874594
95 0.06821295 0.08132234 0.13320090 0.08022554 0.00824553 0.09795203 0.06863225 0.05471176 0.03023918 0.01503419 0.02378038 0.11135792 0.00893198 0.02011199 0.01934359 0.08457634 0.05347296 0.00386038 0.00785010 0.02893768
96 0.07469639 0.11708799 0.05608729 0.04025230 0.00802341 0.06629839 0.07671399 0.04721850 0.02741780 0.02233370 0.04123000 0.19760298 0.01589320 0.02477170 0.02414470 0.06033889 0.03490540 0.00693909 0.02550170 0.03254260
97 0.03853129 0.00685714 0.00920859 0.00162315 0.01468270 0.00575181 0.00182313 0.01140670 0.00113041 0.26604191 0.23570892 0.00237576 0.05414938 0.04525469 0.00738399 0.01211940 0.04104499 0.00167535 0.01295180 0.23027892
98 0.02976913 0.01708992 0.01057291 0.00400059 0.00760667 0.00895179 0.01468511 0.01504521 0.00742085 0.17445415 0.33193029 0.00859089 0.08233647 0.07059236 0.01487561 0.02694912 0.03356143 0.00253027 0.01206611 0.12697111
99 0.11197893 0.04314847 0.15059291 0.04788737 0.01840019 0.03874188 0.03763338 0.05723966 0.02442318 0.01806849 0.02502228 0.04862197 0.01169639 0.01408059 0.02498618 0.19287488 0.08726455 0.00404470 0.00742703 0.03586698
100 0.05335012 0.06526442 0.02483521 0.05714662 0.00531022 0.07216972 0.19528607 0.03630161 0.03865311 0.02666151 0.10081603 0.16176606 0.01129740 0.01734251 0.01642071 0.02983561 0.02254461 0.00283714 0.02742971 0.03473161
101 0.07581975 0.04798663 0.04803103 0.10630607 0.00803712 0.05643494 0.18563113 0.07262825 0.03504982 0.02178902 0.04664033 0.06603435 0.01597841 0.01985981 0.02171061 0.07040775 0.04232913 0.00570000 0.01544621 0.03817963
102 0.07333711 0.10706502 0.03608841 0.03159050 0.00976216 0.04535211 0.07637771 0.03190030 0.03254290 0.03937251 0.05658591 0.15450602 0.02284400 0.02626560 0.02678970 0.05593651 0.03317720 0.00899229 0.02366500 0.10784902
103 0.04296449 0.02313730 0.01476850 0.01375000 0.01053930 0.01501650 0.02425520 0.02607930 0.01139470 0.15661497 0.28846395 0.01938840 0.05309709 0.06653949 0.01353090 0.02991769 0.03786289 0.00635487 0.02212250 0.12420198
104 0.26878687 0.03746608 0.03300928 0.02330909 0.03020358 0.01957229 0.03254548 0.19642790 0.00897181 0.00997936 0.01776099 0.01674829 0.00783922 0.01145669 0.02396789 0.19135490 0.04552308 0.00374558 0.00307933 0.01825229
105 0.22369519 0.03106473 0.03464273 0.08584117 0.00811554 0.05053934 0.17583515 0.04783654 0.02660082 0.01769611 0.03007143 0.05029014 0.01006201 0.01485491 0.01609661 0.06794686 0.06108285 0.00327025 0.00886579 0.03559183
106 0.06638227 0.02798659 0.07987987 0.27118688 0.00609191 0.04755998 0.21489591 0.04232368 0.02850199 0.01758899 0.02747679 0.04355478 0.00304816 0.00531851 0.00718036 0.05393758 0.03282569 0.00169572 0.00424297 0.01832139
107 0.05053424 0.01753771 0.01364511 0.01063961 0.01501151 0.01270541 0.01288741 0.01803151 0.00723030 0.22415416 0.20487115 0.01266001 0.05109084 0.05641804 0.01476801 0.02523762 0.04287303 0.00370428 0.02419992 0.18180013
108 0.06602439 0.05371909 0.01810300 0.02160450 0.01125490 0.02739320 0.02735230 0.02506990 0.02840390 0.02736160 0.06795709 0.02857270 0.01976350 0.06328949 0.02037680 0.08537209 0.06742799 0.24381398 0.05357449 0.04356510
109 0.03976660 0.00633135 0.00957702 0.00156180 0.01517770 0.00614880 0.00182268 0.01195510 0.00117566 0.26634402 0.22362902 0.00235958 0.05456660 0.04056610 0.00784805 0.01220190 0.04236770 0.00177799 0.01201130 0.24281102
110 0.05564278 0.03004599 0.01983529 0.01083660 0.01466339 0.02246109 0.02950959 0.03635669 0.01585739 0.12741195 0.14846295 0.02607569 0.11766696 0.03859459 0.03160669 0.05146608 0.05460548 0.00852176 0.01573409 0.14464495
111 0.08850576 0.02858399 0.09582025 0.05126478 0.01454969 0.03023429 0.05188088 0.06745317 0.02528439 0.03512358 0.10632995 0.02505329 0.03320248 0.01588039 0.03605108 0.15816093 0.07650256 0.00429824 0.00878243 0.04703788
112 0.03129497 0.07142684 0.00954194 0.00769843 0.00926479 0.01467909 0.01960488 0.01693229 0.01567449 0.10483791 0.28467976 0.03735567 0.04565376 0.12242789 0.00792876 0.02257018 0.02702988 0.01864458 0.06015945 0.07259444
113 0.15288303 0.04528251 0.04427291 0.03553851 0.01941890 0.03000551 0.04386671 0.17746003 0.01290600 0.01329590 0.02757981 0.02852841 0.01137700 0.01273540 0.04408541 0.20456304 0.05995241 0.00790979 0.00561882 0.02271990
114 0.08595337 0.06549238 0.05036708 0.04670408 0.01073690 0.11134296 0.08342617 0.05435798 0.03772249 0.03448919 0.05009958 0.08213817 0.01964799 0.03060659 0.03171919 0.08049747 0.05223538 0.00943466 0.01939879 0.04362958
115 0.06230035 0.02997477 0.02143728 0.01266779 0.01741688 0.01723209 0.02663978 0.02118258 0.01582519 0.16293386 0.14310488 0.02056838 0.05311215 0.03764267 0.01796488 0.04170226 0.04844136 0.00643826 0.02001478 0.22339981
116 0.16307487 0.02861948 0.10015892 0.03424827 0.06693255 0.02336478 0.02684018 0.06222415 0.02434588 0.02106138 0.02317608 0.02149768 0.01572689 0.01585899 0.01187769 0.21204283 0.09118063 0.00436978 0.01110609 0.04229287
117 0.08369607 0.06457197 0.05065198 0.04714228 0.01110640 0.11004596 0.08481757 0.05534958 0.03754748 0.03359199 0.05040838 0.08130107 0.02029049 0.03140359 0.03130819 0.07846537 0.05355578 0.01045480 0.02050969 0.04378138
118 0.07254881 0.02656851 0.03372471 0.01255220 0.02115620 0.03364031 0.05565051 0.11953202 0.08075882 0.02440610 0.05340961 0.03060161 0.09532002 0.02299900 0.02334040 0.08980622 0.13705203 0.01308920 0.00933130 0.04451241
119 0.04362809 0.02280479 0.01501720 0.01434430 0.01056450 0.01592570 0.02518709 0.02527059 0.01140300 0.15588996 0.28614593 0.01941489 0.05308469 0.06605518 0.01399980 0.03109069 0.03871329 0.00576666 0.02168269 0.12401097
120 0.25893906 0.03742531 0.03387711 0.03200841 0.02214761 0.03290461 0.04748451 0.07038842 0.02418181 0.04343481 0.04480371 0.03924751 0.01627960 0.02078930 0.03015071 0.11139203 0.05741201 0.00647066 0.01266740 0.05799541
121 0.26003984 0.03856608 0.03418488 0.03149038 0.02325539 0.03299368 0.04595197 0.07200346 0.02321819 0.04199547 0.04323827 0.03898948 0.01655289 0.02036819 0.02999638 0.11390693 0.05778756 0.00645441 0.01262789 0.05637867
122 0.13029500 0.04298070 0.04364600 0.03527600 0.01692840 0.02830130 0.04548040 0.27985499 0.01293800 0.01269470 0.03036260 0.02629720 0.01176270 0.01388540 0.04156940 0.15091400 0.04739480 0.00532022 0.00526471 0.01883350
123 0.07170936 0.02931192 0.02787352 0.01072161 0.01973172 0.02328982 0.02206472 0.09805288 0.02316962 0.12025610 0.08113706 0.01686231 0.02964412 0.03170523 0.01436501 0.10437008 0.16144913 0.00640061 0.01322361 0.09466158
124 0.03650869 0.00931847 0.00970914 0.00261431 0.01244230 0.00894292 0.00284751 0.01349250 0.00154598 0.25025695 0.19918096 0.00426376 0.08027868 0.03632679 0.01409890 0.01476410 0.04029229 0.00293090 0.00974091 0.25044395
125 0.04286410 0.01130030 0.01115060 0.00304773 0.01526060 0.00838850 0.00709845 0.01392740 0.00474342 0.23329801 0.21864301 0.00637727 0.05439230 0.03954370 0.00997050 0.01717460 0.04392710 0.00274530 0.01337510 0.24277201
126 0.14828803 0.02829551 0.02557791 0.00965448 0.02744751 0.02138480 0.03544891 0.03167341 0.01846090 0.06180301 0.07144641 0.02881331 0.09231022 0.02147120 0.01788500 0.10259102 0.13527203 0.00835732 0.01120600 0.10261302
127 0.12410402 0.09918882 0.04055271 0.03860201 0.01241670 0.03217721 0.04411171 0.16557703 0.01405380 0.01282330 0.02373180 0.04727901 0.00829770 0.01297650 0.04469501 0.18990903 0.05060031 0.00805459 0.00597505 0.02487370
128 0.06473787 0.14217893 0.13009794 0.05987867 0.00966550 0.07071887 0.04336498 0.04956278 0.02505519 0.01221419 0.02047139 0.15441193 0.00894098 0.02077819 0.01764549 0.08150266 0.04169858 0.00504029 0.01194099 0.03009459
129 0.03387894 0.01277181 0.00765005 0.00373224 0.01082471 0.00617482 0.00590439 0.01079211 0.00298127 0.22419824 0.30544532 0.00553060 0.06046636 0.06717637 0.00793907 0.01711772 0.03423894 0.00170815 0.01373271 0.16773618
130 0.15651803 0.02417691 0.02288270 0.01381780 0.02173560 0.02153570 0.02787631 0.02645971 0.01774020 0.12046903 0.09870672 0.02071200 0.03848491 0.02473061 0.02776281 0.06792371 0.06206511 0.00512659 0.01310950 0.18816604
131 0.07641210 0.15280100 0.04472810 0.03804370 0.01184020 0.04668300 0.05494510 0.05863730 0.02768200 0.03293560 0.05108200 0.10657900 0.01973870 0.03646930 0.02670370 0.07990430 0.04282090 0.01125710 0.02929480 0.05144210
132 0.03794301 0.01423430 0.00978446 0.00367404 0.01239910 0.00806469 0.00874499 0.01176650 0.00498454 0.21236503 0.28284504 0.00788923 0.05524101 0.05730001 0.00883824 0.01920150 0.03848431 0.00266087 0.01465110 0.18892803
133 0.06857924 0.03710602 0.08196884 0.24151513 0.00900508 0.04131352 0.14588308 0.06192333 0.02564201 0.02151461 0.03340872 0.04834453 0.00698928 0.01597361 0.01753591 0.06324963 0.03052172 0.00643271 0.01960981 0.02348321
134 0.06878100 0.01605540 0.01097670 0.00476821 0.01996660 0.00985551 0.00900704 0.01143890 0.00989690 0.18962501 0.20944401 0.01133150 0.03645380 0.06417950 0.00717196 0.02286150 0.05444130 0.00764652 0.05374460 0.18235401
135 0.10968401 0.02320050 0.01954080 0.01696680 0.01573930 0.02292180 0.03186880 0.03190120 0.01754580 0.12627201 0.22246102 0.02309720 0.03750700 0.04421840 0.01626690 0.04755780 0.05105970 0.00754712 0.01711580 0.11752801
136 0.03736340 0.02959320 0.02112160 0.01177740 0.01683710 0.01251980 0.01720650 0.01314860 0.04213480 0.09574130 0.10170600 0.02157410 0.02105320 0.16062800 0.01035510 0.02317380 0.03651880 0.01425030 0.20513400 0.10816300
137 0.04247349 0.02356119 0.01534760 0.01372240 0.01072810 0.01601460 0.02430349 0.02668919 0.01172330 0.15595396 0.28677493 0.01938159 0.05269019 0.06550088 0.01416420 0.03053569 0.03837369 0.00614476 0.02109279 0.12482397
138 0.04147578 0.03484558 0.02140529 0.01412109 0.01731709 0.01897799 0.02099799 0.02385209 0.02809498 0.08441565 0.12583992 0.02262929 0.02538068 0.19922688 0.01265409 0.02884748 0.04250647 0.01244469 0.16107390 0.06389306
139 0.07431169 0.03717519 0.04790889 0.04071779 0.01099060 0.02775500 0.05626709 0.40917993 0.01432320 0.02116610 0.04079919 0.03113339 0.01437810 0.01611780 0.02847090 0.06359509 0.02929930 0.00344078 0.00844929 0.02452070
140 0.02433231 0.02119501 0.00519261 0.00355468 0.00686665 0.00516303 0.00674171 0.00914982 0.00454156 0.16514405 0.37481912 0.00891139 0.06388032 0.11113003 0.00661953 0.01790851 0.02581511 0.00516381 0.02815371 0.10571703
141 0.17369602 0.03379620 0.03437060 0.01482850 0.03059940 0.02334710 0.03226320 0.04994401 0.01815540 0.03659490 0.05161191 0.02753260 0.07896271 0.01409100 0.03359090 0.17135602 0.08652241 0.00763554 0.00882633 0.07227521
142 0.06156650 0.03078000 0.02138470 0.01290170 0.01634030 0.01729880 0.02703910 0.02201010 0.01630360 0.16438301 0.14303501 0.02160540 0.05268120 0.03736190 0.01699870 0.04079680 0.04778590 0.00630492 0.01940230 0.22402002
143 0.07311370 0.03781670 0.04817090 0.04148550 0.01104940 0.02831100 0.05659010 0.40837201 0.01435470 0.02104610 0.04050860 0.03242720 0.01399230 0.01628770 0.02714890 0.06355880 0.02902990 0.00365270 0.00910827 0.02397550
144 0.10600891 0.06978254 0.06559064 0.14597787 0.00619306 0.04401086 0.09404162 0.05671745 0.01710179 0.01508939 0.01678749 0.10587191 0.00628137 0.00934446 0.02912917 0.14280088 0.02675358 0.00797951 0.00679402 0.02774348
145 0.27487681 0.03637887 0.03319278 0.02237238 0.03157718 0.01908249 0.03104978 0.18352087 0.00860989 0.01034349 0.01710969 0.01612309 0.00826158 0.01037109 0.02241198 0.20159686 0.04745777 0.00373088 0.00299833 0.01893419
146 0.03510122 0.00937789 0.00809173 0.00186204 0.01266601 0.00507712 0.00265196 0.01006231 0.00135545 0.24747013 0.27477714 0.00299857 0.05689103 0.05565863 0.00716382 0.01383691 0.03744662 0.00139990 0.01304741 0.20306411
147 0.23489109 0.03273841 0.04544262 0.01960281 0.02920371 0.02272521 0.03001181 0.06704153 0.01183730 0.02041501 0.01986811 0.01953361 0.01025410 0.00707965 0.02429091 0.27693511 0.07791453 0.00588672 0.00774934 0.03657841
148 0.06831560 0.03737740 0.04137420 0.07422160 0.00869252 0.03770990 0.11981399 0.21353699 0.03019830 0.05779560 0.05060200 0.04198850 0.01854530 0.02226800 0.02161980 0.06827480 0.03988300 0.00456774 0.01185760 0.03135720
149 0.03482480 0.01002730 0.00828127 0.00241800 0.01255540 0.00529323 0.00311647 0.01065420 0.00168559 0.24864203 0.27408903 0.00341201 0.05755461 0.05792181 0.00764486 0.01439880 0.03689240 0.00157195 0.01403020 0.19498602
150 0.02881459 0.01259940 0.00774284 0.00245291 0.00906985 0.00577879 0.00485619 0.01097420 0.00200819 0.22587293 0.29840291 0.00430548 0.07541158 0.06273568 0.01063160 0.01776009 0.03359489 0.00157036 0.01107260 0.17434495
151 0.07004916 0.03505488 0.04287158 0.02409159 0.00528016 0.03130228 0.03035868 0.15282092 0.00785836 0.01488389 0.03373948 0.02652199 0.02006499 0.01237659 0.31069984 0.10504595 0.04428318 0.00483951 0.00618678 0.02167019
152 0.07456883 0.15256806 0.04437542 0.03791812 0.01156340 0.04641922 0.05585042 0.06317403 0.02646481 0.03302451 0.05233552 0.10468104 0.01935881 0.03656651 0.02603471 0.07959103 0.04274832 0.01116140 0.02870821 0.05288762
153 0.09020926 0.04330103 0.03589072 0.02386391 0.00682847 0.03559342 0.03421152 0.07661315 0.01514971 0.03771882 0.04828483 0.03526542 0.02817122 0.02040491 0.25652316 0.10042206 0.04321523 0.00685082 0.01475791 0.04672443
154 0.03214967 0.01933088 0.01198439 0.00691293 0.01698908 0.00902456 0.01150919 0.01159389 0.00934110 0.17980483 0.21779879 0.01022789 0.04248106 0.15134685 0.00756396 0.01585198 0.03881566 0.00411578 0.08446962 0.11868788
155 0.19666596 0.03549929 0.04064929 0.02847369 0.02094230 0.02390960 0.03463469 0.17550697 0.01323910 0.02066270 0.06869589 0.01566330 0.01672750 0.01400830 0.02739630 0.17230097 0.05504769 0.00429831 0.00492717 0.03075099
156 0.08093856 0.05391387 0.12493294 0.08096126 0.01510549 0.04548328 0.06133937 0.07549106 0.02946348 0.03081858 0.04054598 0.06627017 0.01467469 0.02607259 0.02681349 0.10006895 0.05764427 0.00570322 0.01875129 0.04500748
157 0.02959402 0.01277291 0.00817942 0.00234114 0.00920570 0.00536933 0.00522107 0.01053951 0.00271320 0.21461216 0.30884323 0.00424381 0.07227065 0.06332135 0.00983757 0.01849111 0.03398323 0.00162675 0.01129671 0.17553713
158 0.02531201 0.02890201 0.04362992 0.06315813 0.01759121 0.01459721 0.01563561 0.02231001 0.04556982 0.04667352 0.04757192 0.03057691 0.00756315 0.20619209 0.01724191 0.02200101 0.02378511 0.02512981 0.26763212 0.02892651
159 0.04149301 0.00606686 0.01033150 0.00183894 0.01556760 0.00737716 0.00183641 0.01336030 0.00121001 0.27113108 0.19131106 0.00264327 0.05841232 0.03360581 0.00974165 0.01169940 0.04354561 0.00224121 0.01143870 0.26514808
160 0.06193852 0.17213005 0.11996103 0.03059231 0.00265050 0.11141103 0.03488051 0.02246141 0.01942921 0.00461573 0.00962690 0.26319107 0.00602136 0.01378030 0.00674677 0.06154102 0.03976941 0.00144307 0.00393010 0.01387970
161 0.04531870 0.04159340 0.02497230 0.03615420 0.01120790 0.02151210 0.02061640 0.01943270 0.05846890 0.02200390 0.04574900 0.03126610 0.01570390 0.10187800 0.02095750 0.09219920 0.03779310 0.10891000 0.21392000 0.03034270
162 0.03178840 0.03618690 0.02196340 0.02023570 0.01515660 0.01534920 0.02211540 0.01680470 0.04858020 0.04459610 0.06248630 0.03003280 0.01129420 0.20703200 0.01128260 0.02650490 0.03035490 0.01994810 0.28817400 0.04011360
163 0.25700505 0.03917661 0.02876991 0.02599390 0.02421030 0.02165740 0.03323531 0.30841806 0.00991465 0.00915146 0.02119300 0.01650480 0.00741538 0.01761920 0.01574190 0.11332302 0.03190541 0.00235281 0.00295431 0.01345750
164 0.04212763 0.00719104 0.01035561 0.00225548 0.01557221 0.00731244 0.00227767 0.01307101 0.00164947 0.26864320 0.20068415 0.00333176 0.05632634 0.03768203 0.00987745 0.01262451 0.04310993 0.00220778 0.01272311 0.25097719
165 0.06078631 0.03443091 0.10989102 0.26657004 0.00977448 0.04031501 0.15009602 0.06395241 0.02482470 0.01603410 0.02706870 0.04614171 0.00422626 0.01226540 0.01548430 0.05671041 0.02917210 0.00262641 0.01159850 0.01803120
166 0.04244534 0.00950864 0.01038211 0.00302894 0.01600222 0.00718049 0.00471623 0.01299081 0.00275405 0.24091425 0.24114825 0.00415460 0.05270266 0.05192635 0.00879755 0.02047512 0.05253376 0.00231448 0.01680892 0.19921521
167 0.12986996 0.03919079 0.03895349 0.02372469 0.02100509 0.02705379 0.03555269 0.11085597 0.01940019 0.05580328 0.04504059 0.02157589 0.01679130 0.01498710 0.03227569 0.22241894 0.08852368 0.00706764 0.00639843 0.04351079
168 0.06277630 0.10824700 0.03436020 0.03173780 0.01096690 0.03994620 0.07861110 0.02921650 0.03626760 0.04314890 0.05668370 0.12230200 0.02392850 0.02611130 0.02428870 0.05691040 0.03196840 0.00935981 0.02175070 0.15141800
169 0.08707734 0.06443003 0.05122502 0.04744762 0.01047340 0.10972605 0.08272603 0.05753502 0.03716402 0.03483661 0.05055042 0.08030193 0.02008651 0.02927881 0.03088011 0.08090253 0.05263102 0.00992028 0.01844401 0.04436322
170 0.03170749 0.03028919 0.00914763 0.00678268 0.01065220 0.00868546 0.01085540 0.01152220 0.00929933 0.16029897 0.27154995 0.02125690 0.06053209 0.09305408 0.00765298 0.01850600 0.03619959 0.01175410 0.06784179 0.12241198
171 0.07531148 0.15420697 0.04431899 0.03722269 0.01159110 0.04635879 0.05511109 0.06109219 0.02697779 0.03252689 0.05029749 0.10624098 0.01999570 0.03619739 0.02664679 0.07919338 0.04386719 0.01116850 0.02887079 0.05280379
172 0.03674264 0.00964392 0.02022902 0.00402008 0.01205341 0.00808702 0.00724296 0.01677682 0.00486755 0.23155223 0.23275523 0.00447228 0.07607567 0.04094914 0.01473131 0.02319692 0.04134204 0.00216254 0.01125501 0.20184420
173 0.06891749 0.03768230 0.08170659 0.24096197 0.00922379 0.04155029 0.14522498 0.06515459 0.02490770 0.02189060 0.03370720 0.04805569 0.00686876 0.01635940 0.01668060 0.06296169 0.03078660 0.00609688 0.01898860 0.02227430
174 0.07739495 0.04808013 0.04805313 0.10698406 0.00795419 0.05693403 0.18638411 0.07223524 0.03551402 0.02150601 0.04586213 0.06634844 0.01648931 0.01894681 0.02138281 0.06883174 0.04232643 0.00559651 0.01535701 0.03781892
175 0.06090389 0.05485079 0.08345848 0.21038496 0.00788308 0.04566559 0.12717098 0.06256099 0.02305630 0.01967320 0.02844019 0.09157078 0.00584101 0.01389740 0.02067800 0.06861159 0.02563910 0.00620860 0.01931980 0.02418530
176 0.05783267 0.03517478 0.06382596 0.11627693 0.01370779 0.02981718 0.06708486 0.06967616 0.02082849 0.03745838 0.10594994 0.04261948 0.02787048 0.02475739 0.10711094 0.06961636 0.03719758 0.00720457 0.01986039 0.04612967
177 0.04373629 0.01487870 0.01481990 0.00570259 0.01445430 0.01363690 0.01225520 0.01826960 0.00660487 0.18813396 0.14573397 0.00865957 0.10524398 0.02806419 0.02059790 0.02861669 0.04571399 0.00716787 0.00937660 0.26833295
178 0.19349796 0.01240030 0.02316480 0.00856460 0.08247108 0.01354990 0.01220490 0.03398329 0.01378960 0.08315928 0.07635248 0.00889612 0.02866379 0.02369150 0.00957977 0.11386498 0.09880538 0.00418791 0.01320640 0.14596597
179 0.06484086 0.04073518 0.04289408 0.09175035 0.00457249 0.10776894 0.23831987 0.03194248 0.04819807 0.02287019 0.04761327 0.06994266 0.01190529 0.02395419 0.01690329 0.04605637 0.03549458 0.00349787 0.01561309 0.03512688
