1 0.27073015 0.01771541 0.01614611 0.02851692 0.05368123 0.01167621 0.01301281 0.11178706 0.01224861 0.02380831 0.04332872 0.01503231 0.01233861 0.02381791 0.02265461 0.16279409 0.08733695 0.00269638 0.00913927 0.06153833
2 0.12142003 0.03713581 0.02078140 0.01930710 0.01786500 0.02376531 0.03051591 0.04360891 0.01569320 0.10518102 0.13571703 0.03420951 0.05696431 0.03843321 0.02937471 0.07460202 0.06086221 0.00651107 0.02175121 0.10630102
3 0.20161403 0.02810650 0.02736480 0.03501570 0.03166520 0.02416930 0.03415290 0.09360081 0.01829960 0.02828210 0.04659081 0.03211600 0.01757250 0.02665550 0.03422290 0.16626902 0.08694431 0.00492247 0.01441270 0.04802281
4 0.07261275 0.03015352 0.01781041 0.01346051 0.01371401 0.01823141 0.01914481 0.03304632 0.01199411 0.16894711 0.18843912 0.02699752 0.04890253 0.03702512 0.01146191 0.04068793 0.04421153 0.00525657 0.02133971 0.17656311
5 0.06060436 0.01372199 0.00874998 0.00223218 0.00833206 0.00780652 0.00644194 0.02232469 0.00635122 0.22004685 0.25054883 0.00895106 0.06159026 0.03641218 0.00712724 0.02299978 0.03966907 0.00378992 0.01412299 0.19817687
6 0.07348586 0.06174977 0.03709808 0.03045238 0.01843859 0.07744536 0.05342337 0.02885768 0.02315299 0.06409856 0.08033556 0.07261266 0.02980498 0.02196899 0.02749758 0.07735096 0.09589355 0.00534185 0.02067429 0.10031694
7 0.11397501 0.04230381 0.04461051 0.04511121 0.02518490 0.03797840 0.04970651 0.07037691 0.02625270 0.03493820 0.05789671 0.04988201 0.02364930 0.03299770 0.03426190 0.15399602 0.07558651 0.00846127 0.02685600 0.04597441
8 0.06668339 0.12235199 0.05329930 0.03878270 0.01607920 0.05819169 0.06230189 0.04268360 0.02833000 0.03137460 0.04734630 0.15848899 0.02091330 0.02217790 0.03771390 0.07161759 0.05292730 0.00678119 0.01954730 0.04240790
9 0.06972685 0.04328817 0.07045675 0.15554189 0.00715898 0.04359627 0.17397588 0.10165693 0.02162908 0.01665279 0.02922238 0.05374456 0.01208509 0.01417519 0.03165758 0.07512065 0.04077067 0.00269622 0.01253769 0.02430638
10 0.13183911 0.02896142 0.03638073 0.03281233 0.02648722 0.03207003 0.03895313 0.04849804 0.02427342 0.02996273 0.05054814 0.04020623 0.02364122 0.02458792 0.03071443 0.19300216 0.14738613 0.00494795 0.01287071 0.04185694
11 0.07794465 0.13047008 0.05150533 0.04000712 0.02014751 0.05258283 0.05640333 0.05277853 0.03072842 0.02673922 0.03885692 0.09305685 0.02415631 0.01842591 0.02964882 0.14133508 0.05641243 0.00701712 0.01722321 0.03456032
12 0.05129306 0.01367962 0.00831614 0.00128321 0.00696927 0.00715962 0.00592512 0.01925612 0.00606015 0.22606525 0.26049829 0.00828697 0.06479917 0.03767654 0.00619842 0.01871542 0.03812804 0.00395097 0.01500042 0.20073822
13 0.07842925 0.03861002 0.09245686 0.07949205 0.01633311 0.03754292 0.07412655 0.14522909 0.02440022 0.02122501 0.05283093 0.05891844 0.01442421 0.01671901 0.03244992 0.09385996 0.07359075 0.00443268 0.01180001 0.03312902
14 0.05113417 0.01337469 0.00832291 0.00133799 0.00678177 0.00692673 0.00596607 0.01913039 0.00604145 0.22449789 0.26382787 0.00802626 0.06557137 0.03809648 0.00620940 0.01875819 0.03842568 0.00397823 0.01502459 0.19856790
15 0.04703359 0.03193670 0.01783610 0.01125080 0.01932470 0.01744130 0.01608500 0.02053660 0.02709370 0.08726929 0.13457998 0.02386120 0.05974379 0.14089498 0.00985664 0.04708779 0.03631489 0.02732560 0.14153898 0.08298839
16 0.04741837 0.01486389 0.01275359 0.00872771 0.01712619 0.01152289 0.00966414 0.02266829 0.01976199 0.11712192 0.18869788 0.01495319 0.04699577 0.13261591 0.00813648 0.03422548 0.03258788 0.02598258 0.12585892 0.10831693
17 0.08298096 0.05092847 0.03298448 0.04212098 0.01071309 0.06541167 0.07484846 0.05475257 0.02002329 0.02212219 0.03673848 0.10881695 0.01646179 0.02134309 0.17833791 0.08107406 0.05931947 0.00850246 0.00995294 0.02256669
18 0.06403408 0.04145855 0.02209243 0.01454062 0.01362462 0.02294563 0.02642873 0.03000814 0.01690162 0.13745217 0.17407821 0.03526184 0.06730428 0.04540286 0.01768602 0.05460677 0.05067946 0.00777859 0.02948724 0.12822816
19 0.21398497 0.02379000 0.02616720 0.07119059 0.02966520 0.02289680 0.04895869 0.10146298 0.01331640 0.01969450 0.04180589 0.02691860 0.01344770 0.05258309 0.04158999 0.11424198 0.06332159 0.00535176 0.02204400 0.04756809
20 0.07148193 0.05179975 0.06473693 0.13600986 0.00849195 0.05330815 0.17375582 0.04838515 0.02154678 0.02314488 0.03456207 0.06553693 0.01596648 0.01664908 0.04023596 0.07533182 0.05065565 0.00336665 0.01444569 0.03058847
21 0.09002929 0.03430180 0.07011540 0.15334599 0.01493150 0.04267030 0.13580799 0.05733500 0.01950570 0.01729510 0.03479780 0.04835460 0.01384330 0.01528330 0.03108410 0.09290109 0.07975639 0.00297517 0.01319310 0.03247310
22 0.07919055 0.03969328 0.07354376 0.17589689 0.01063599 0.04462907 0.15919590 0.06922906 0.02080969 0.01624469 0.02921748 0.05090467 0.01025109 0.01719869 0.02891768 0.08090485 0.04646537 0.00301970 0.01722249 0.02682908
23 0.05200810 0.24680298 0.05379500 0.01979200 0.01559540 0.06471139 0.04790700 0.02173600 0.03246880 0.02620620 0.03237540 0.20199098 0.02078340 0.00847038 0.01425300 0.04905510 0.03808750 0.00297160 0.01107990 0.03990990
24 0.04083201 0.02533031 0.03401041 0.01760051 0.02549961 0.02450811 0.01580660 0.02020651 0.05952592 0.03134121 0.07738212 0.02629521 0.02364091 0.18013605 0.01129090 0.05821672 0.02544511 0.04263611 0.22131607 0.03897961
25 0.11555803 0.10024003 0.04457621 0.04142051 0.01590180 0.05230991 0.06632102 0.05064891 0.02590071 0.02747521 0.04210281 0.13367804 0.01902781 0.01956171 0.04404811 0.08207762 0.05969242 0.00558502 0.01384680 0.04002731
26 0.06583579 0.13295799 0.04657270 0.03364970 0.01608690 0.05342959 0.06177319 0.04498550 0.02600490 0.02640210 0.03637780 0.13507299 0.02430280 0.04511430 0.04090660 0.10141799 0.04707360 0.00727580 0.01945140 0.03530840
27 0.06763797 0.09837266 0.05459628 0.08220687 0.01016750 0.05828018 0.13168795 0.03608979 0.02337289 0.02059869 0.02936099 0.14005995 0.01666659 0.01455799 0.04315428 0.07308317 0.05439048 0.00401828 0.01160080 0.03009669
28 0.18302896 0.03693369 0.02599609 0.03736249 0.02580119 0.02561219 0.03887119 0.09909848 0.01617090 0.05209149 0.07199348 0.03754869 0.02175179 0.03082669 0.03488949 0.10383398 0.06538948 0.00507353 0.01881490 0.06891128
29 0.06270555 0.02146412 0.01769222 0.01111151 0.01140941 0.01534761 0.01590921 0.03444673 0.01192421 0.16971615 0.22301919 0.02021172 0.05518355 0.04598204 0.01202761 0.03867273 0.04471204 0.00658974 0.02622852 0.15564614
30 0.05395479 0.01265080 0.01263110 0.00930402 0.02030900 0.01132670 0.01004360 0.02573729 0.01968000 0.09471048 0.16839496 0.01599150 0.04226629 0.16692596 0.01028170 0.04022089 0.03172499 0.02880179 0.13345397 0.09159018
31 0.09287968 0.03779083 0.04280344 0.10238909 0.00969700 0.05272564 0.10935509 0.05909255 0.01567591 0.01790152 0.02753482 0.06311785 0.01281521 0.02207352 0.15608913 0.08584527 0.05472815 0.00592776 0.00991922 0.02163832
32 0.15150510 0.03125262 0.03896473 0.04553603 0.02422882 0.02366662 0.03408182 0.19564213 0.01726681 0.02113901 0.04248853 0.03214042 0.01383121 0.02487182 0.02981012 0.15785411 0.05564914 0.00551703 0.01862871 0.03592522
33 0.10367998 0.10063398 0.03847529 0.02710999 0.01781420 0.04722879 0.04706349 0.03635219 0.02424379 0.05020109 0.06702858 0.12870597 0.02548739 0.02101219 0.02516189 0.06916678 0.05963909 0.00519724 0.01599450 0.08980358
34 0.05923937 0.01293799 0.00823031 0.00235166 0.00909002 0.00788532 0.00633160 0.02740619 0.00565870 0.22957689 0.23732489 0.00803359 0.05785697 0.03286268 0.00634777 0.02111289 0.03644148 0.00338869 0.01222709 0.21569590
35 0.11472592 0.04169107 0.04425257 0.04478237 0.02548518 0.03783687 0.04940406 0.07029975 0.02630208 0.03490197 0.05774236 0.04965716 0.02350338 0.03311978 0.03466968 0.15450389 0.07584105 0.00849781 0.02677188 0.04601117
36 0.05635587 0.13955792 0.09065415 0.05455597 0.02048879 0.05838917 0.06525596 0.04586507 0.03496038 0.02099939 0.03296458 0.11127693 0.01817949 0.01314989 0.02087809 0.11534193 0.04744217 0.00695069 0.01679719 0.02993638
37 0.19778891 0.02675159 0.02808159 0.03279959 0.03200009 0.02348019 0.03194929 0.08685156 0.01944039 0.02688609 0.04519898 0.03115689 0.01809159 0.02645309 0.03272009 0.18251592 0.09318206 0.00495215 0.01368779 0.04601218
38 0.07912162 0.03987021 0.07312562 0.17611505 0.01078920 0.04472721 0.15937004 0.06923312 0.02072201 0.01620150 0.02878061 0.05078051 0.01009560 0.01728770 0.02885511 0.08092452 0.04643641 0.00297742 0.01751540 0.02707111
39 0.11671808 0.02464042 0.01392751 0.01332401 0.01680321 0.01645111 0.01724371 0.04520923 0.01059121 0.15924610 0.16827211 0.02104451 0.04386783 0.03325542 0.01966601 0.05870304 0.05231803 0.00440155 0.01623681 0.14808010
40 0.11411703 0.04214061 0.04462551 0.04484681 0.02514451 0.03809041 0.05022181 0.06919202 0.02625931 0.03520021 0.05778462 0.04981091 0.02357431 0.03257191 0.03479681 0.15453204 0.07563642 0.00846734 0.02664401 0.04634341
41 0.24748882 0.02469808 0.02022349 0.03198108 0.03505628 0.01831469 0.02556788 0.11635092 0.01380879 0.02578918 0.04184357 0.02480578 0.01362829 0.02506048 0.03368068 0.15391989 0.08215164 0.00351111 0.01080059 0.05131876
42 0.22666993 0.02722099 0.02390979 0.03421679 0.03304769 0.02125509 0.03053809 0.10817197 0.01585170 0.02702459 0.04432359 0.02940059 0.01533290 0.02557589 0.03507329 0.15317795 0.08256718 0.00413020 0.01246890 0.05004288
43 0.15511806 0.03355911 0.02514091 0.02518061 0.04811622 0.02321281 0.02597841 0.05184982 0.01891471 0.05852622 0.08901704 0.03303761 0.04823692 0.04264522 0.02272951 0.11327305 0.07181343 0.00791210 0.02730141 0.07843683
44 0.09414094 0.02618991 0.01971961 0.01729301 0.01754751 0.01950241 0.02360181 0.03402281 0.01291701 0.13454605 0.16428706 0.02847101 0.04570562 0.03122611 0.01448981 0.06585193 0.08208443 0.00442831 0.01702761 0.14694706
45 0.05484569 0.01398630 0.00825553 0.00169270 0.00852526 0.00833362 0.00663279 0.02012130 0.00579293 0.23120597 0.24200997 0.00914478 0.05902479 0.03409650 0.00594269 0.01856100 0.03634619 0.00348424 0.01327080 0.21872697
46 0.07934143 0.03987011 0.07309492 0.17516906 0.01090040 0.04467192 0.15824605 0.06924372 0.02087251 0.01641961 0.02928591 0.05109402 0.01037170 0.01748301 0.02868141 0.08081203 0.04658122 0.00305736 0.01761971 0.02718391
47 0.04907949 0.26545494 0.05395119 0.01335310 0.01576650 0.06631628 0.04215609 0.01528620 0.03248039 0.02549249 0.03077199 0.21999795 0.02053860 0.00673848 0.00954635 0.04386429 0.03614919 0.00247151 0.01006100 0.04052399
48 0.08763238 0.04057349 0.03482149 0.02774009 0.02519849 0.03458069 0.03999199 0.03820009 0.02409639 0.05518969 0.08562708 0.04335169 0.06220979 0.03814499 0.02742519 0.15699896 0.08195978 0.00949663 0.02626119 0.06049989
49 0.06800962 0.07193992 0.04484781 0.02262831 0.04345431 0.04412531 0.02912851 0.04758431 0.02561301 0.05141841 0.11935403 0.10642202 0.02994011 0.03845401 0.02450351 0.07764462 0.05310921 0.00993117 0.03059111 0.06130071
50 0.07525431 0.06932091 0.03459760 0.02358280 0.01421740 0.04982380 0.04520620 0.02682710 0.02229500 0.08260791 0.07710221 0.10978601 0.03076040 0.02083550 0.03658360 0.08121691 0.11376401 0.00596370 0.01656940 0.06368521
51 0.11453298 0.04150359 0.04445239 0.04552379 0.02512869 0.03798949 0.05012219 0.07066219 0.02619619 0.03480109 0.05737909 0.04900879 0.02340700 0.03281909 0.03468419 0.15499897 0.07583338 0.00838780 0.02659869 0.04597039
52 0.04919706 0.26571378 0.05388815 0.01335299 0.01581529 0.06618194 0.04217436 0.01543689 0.03248097 0.02537688 0.03080967 0.21984382 0.02048588 0.00667442 0.00942489 0.04399616 0.03609187 0.00247971 0.01004339 0.04053187
53 0.06004570 0.02406280 0.01333220 0.00767654 0.00975402 0.01459070 0.01367270 0.02508810 0.00986793 0.20223801 0.21928201 0.01920790 0.05655730 0.03692150 0.01126470 0.03114780 0.04208720 0.00485486 0.01871200 0.17963601
54 0.09481686 0.02833979 0.03524159 0.02686599 0.02344859 0.03044409 0.02897289 0.05239548 0.02397709 0.07140767 0.13237095 0.03522559 0.03574479 0.04485218 0.02162139 0.12853895 0.06803197 0.00946357 0.03188449 0.07635607
55 0.05723278 0.19460592 0.05177958 0.04835368 0.01214349 0.06271497 0.09103836 0.02520049 0.02806929 0.02307429 0.02863319 0.17848392 0.01856589 0.01040140 0.02457739 0.05742748 0.04078198 0.00275379 0.00996084 0.03420129
56 0.06381633 0.04438702 0.09265125 0.15129808 0.01068051 0.04839612 0.17061209 0.05300683 0.02314161 0.01544501 0.02901001 0.06029263 0.01288001 0.01217651 0.02376631 0.09817455 0.04982053 0.00292639 0.01293001 0.02458821
57 0.05450447 0.02028059 0.01006919 0.00353748 0.00756180 0.01073719 0.00980860 0.01970149 0.00892671 0.20567389 0.23738687 0.01296479 0.07082806 0.03552878 0.00893696 0.03135758 0.05519007 0.00428987 0.01780269 0.17491291
58 0.22102873 0.02618387 0.03031106 0.07709001 0.02847867 0.01861848 0.05260774 0.18969677 0.01116229 0.01650828 0.03360296 0.02227667 0.00724043 0.02110277 0.02535667 0.11349786 0.05036904 0.00189586 0.01147769 0.04149415
59 0.04955340 0.02469510 0.01476130 0.01056800 0.01683870 0.01925830 0.01757460 0.01868950 0.02761160 0.11363499 0.12970099 0.02038920 0.04326410 0.11848799 0.00932018 0.04714800 0.05811270 0.02515180 0.14624399 0.08899559
60 0.06903019 0.01449262 0.00843145 0.00293602 0.01060661 0.00866582 0.00694427 0.02470263 0.00600921 0.22075429 0.22986130 0.00965380 0.05600777 0.03308654 0.00724784 0.02547533 0.03915705 0.00334704 0.01266292 0.21092728
61 0.06243758 0.02161419 0.01777649 0.01134520 0.01128690 0.01533020 0.01594329 0.03482299 0.01207490 0.16978895 0.22315693 0.02030529 0.05510528 0.04598019 0.01189600 0.03791449 0.04454819 0.00664612 0.02637789 0.15564895
62 0.04910711 0.01369860 0.00769494 0.00070175 0.00607973 0.00603656 0.00544077 0.01810510 0.00597351 0.22483005 0.26875606 0.00709671 0.06999932 0.03819021 0.00574524 0.01796280 0.03912611 0.00396126 0.01520910 0.19628504
63 0.05427289 0.01399850 0.00818928 0.00154925 0.00818664 0.00801830 0.00646924 0.01987420 0.00574952 0.23160295 0.24501794 0.00893299 0.06009779 0.03432519 0.00583439 0.01841970 0.03667999 0.00350352 0.01335480 0.21592295
64 0.06879187 0.03760748 0.08049186 0.20751390 0.00346913 0.04925388 0.21573089 0.05259317 0.01979479 0.01406519 0.01938789 0.05087937 0.00752343 0.01124269 0.02579939 0.06490347 0.03879028 0.00104834 0.01138169 0.01973129
65 0.11823600 0.03037460 0.05142340 0.02610320 0.05650090 0.03572380 0.02631910 0.03772620 0.06105710 0.02528540 0.04909080 0.03688270 0.02298460 0.02184780 0.02094530 0.18770700 0.12479800 0.00692588 0.02014140 0.03992680
66 0.13604197 0.02914939 0.02857269 0.03253889 0.02555209 0.02597229 0.02989939 0.09060448 0.02738889 0.03142799 0.05949049 0.03125979 0.02030310 0.08220258 0.02145120 0.11775498 0.04854239 0.01842240 0.09916558 0.04425939
67 0.12018810 0.06811516 0.04510754 0.04032603 0.01890232 0.04770234 0.06464156 0.04937714 0.02496432 0.02352572 0.03940863 0.11338110 0.01908922 0.02020012 0.04663104 0.13275911 0.07214386 0.00660415 0.01305671 0.03387583
68 0.05936649 0.04088159 0.08263578 0.21678796 0.00300171 0.04768899 0.21391496 0.05593429 0.02033200 0.01372300 0.01733260 0.05831349 0.00616734 0.01038450 0.02229270 0.06461349 0.03614599 0.00090463 0.01159600 0.01798250
69 0.05869949 0.05575889 0.05215939 0.03186309 0.01321290 0.03438319 0.03992469 0.03344139 0.02251410 0.13639097 0.14382397 0.05421189 0.04039919 0.02716009 0.01630410 0.05413819 0.04726109 0.00541702 0.01941340 0.11352298
70 0.06997624 0.03203787 0.07690193 0.15511886 0.01011609 0.05027715 0.16883685 0.04443936 0.01987538 0.01513549 0.05324885 0.04798416 0.01815688 0.01181279 0.02544918 0.07815163 0.07760133 0.00242411 0.01205169 0.03040417
71 0.05177570 0.01993850 0.00960613 0.00244238 0.00738108 0.00926210 0.00838801 0.01940700 0.00814628 0.21389599 0.24742998 0.01185400 0.07056930 0.03809210 0.00750870 0.02440940 0.04196900 0.00446359 0.01795580 0.18550499
72 0.05314806 0.01109149 0.00709392 0.00057725 0.00809645 0.00692308 0.00509697 0.01925949 0.00477800 0.24042383 0.24648382 0.00653065 0.05910386 0.03321568 0.00520613 0.01552149 0.03462328 0.00315665 0.01165809 0.22801184
73 0.12170804 0.04958512 0.05174102 0.10267204 0.01213230 0.04881072 0.14290405 0.05106242 0.02044041 0.02227131 0.03403761 0.06330092 0.01701871 0.01816991 0.05291592 0.08404393 0.05835752 0.00383395 0.01165950 0.03333461
74 0.10882199 0.03897230 0.03436340 0.03566140 0.01979830 0.03386460 0.04616290 0.04711510 0.02037470 0.06577959 0.09043069 0.04838720 0.03065740 0.02881360 0.03382960 0.10698699 0.11365699 0.00556058 0.01811420 0.07264849
75 0.07806780 0.04611320 0.06132390 0.11986100 0.01149260 0.05041070 0.16277000 0.04898060 0.02061250 0.01850370 0.03094640 0.06329980 0.01736010 0.01658720 0.04336530 0.10741400 0.05823710 0.00396037 0.01363850 0.02705520
76 0.08931964 0.07415355 0.05208156 0.09302194 0.00888379 0.05607386 0.14668390 0.03707567 0.02132549 0.01913529 0.02727908 0.11228792 0.01585749 0.01531989 0.05430326 0.07839885 0.05702226 0.00400449 0.01028189 0.02749018
77 0.18190211 0.03713522 0.02595352 0.03731132 0.02559262 0.02579432 0.03930212 0.09775596 0.01638731 0.05213733 0.07245284 0.03816452 0.02207861 0.03128672 0.03520972 0.10348306 0.06499924 0.00524411 0.01892211 0.06888724
78 0.05987231 0.02447801 0.01363360 0.00767000 0.00985009 0.01457960 0.01375280 0.02532831 0.00993987 0.20141905 0.21856005 0.01984240 0.05642501 0.03699061 0.01135260 0.03118051 0.04200211 0.00493939 0.01907760 0.17910604
79 0.06230010 0.02154030 0.01791910 0.01093440 0.01130540 0.01533320 0.01577190 0.03445160 0.01197290 0.16967601 0.22359801 0.02046880 0.05517830 0.04644770 0.01195740 0.03788510 0.04453980 0.00667876 0.02651220 0.15552901
80 0.15593699 0.03135740 0.03840450 0.04659270 0.02401620 0.02334920 0.03464450 0.20504698 0.01651500 0.02120960 0.04310590 0.03228150 0.01313020 0.02438580 0.03046760 0.14619499 0.05329500 0.00529199 0.01812470 0.03664930
81 0.12167102 0.03609991 0.03543271 0.03038590 0.05300941 0.04703351 0.03569431 0.07304901 0.02693090 0.02812380 0.04926181 0.05231861 0.01933560 0.03345791 0.11134502 0.11187902 0.05710561 0.00988835 0.02687580 0.04110181
82 0.06218607 0.01801579 0.01286949 0.00572864 0.01053089 0.01324899 0.01006549 0.02571429 0.01034049 0.19382990 0.23209188 0.01475499 0.05971617 0.03892978 0.01030769 0.04425748 0.04671978 0.00542077 0.01896049 0.16631092
83 0.13409901 0.02636750 0.03192610 0.02987220 0.02476980 0.02994250 0.03633640 0.04449670 0.02262750 0.03053900 0.04981310 0.03753030 0.02299180 0.02362840 0.03032030 0.18914001 0.17946401 0.00426596 0.01077760 0.04109180
84 0.18210605 0.03703381 0.02610001 0.03724971 0.02583711 0.02576181 0.03913321 0.09714082 0.01629000 0.05254571 0.07230252 0.03816711 0.02184651 0.03115321 0.03487341 0.10358803 0.06532712 0.00528505 0.01908940 0.06916942
85 0.05052458 0.01162709 0.00726309 0.00044437 0.00643350 0.00568214 0.00481257 0.01830259 0.00504398 0.23281089 0.26563287 0.00616777 0.06529727 0.03595108 0.00533885 0.01599079 0.03700298 0.00343310 0.01281059 0.20942990
86 0.14794200 0.02985080 0.01726370 0.02381220 0.01602800 0.03835490 0.03963530 0.05024730 0.01368780 0.08726610 0.07953430 0.04035600 0.02696660 0.02626010 0.11833500 0.09226030 0.06732630 0.00627142 0.01048660 0.06811530
87 0.07926986 0.03632363 0.08636207 0.07137295 0.01626951 0.03258022 0.05780604 0.21068116 0.02225642 0.01455061 0.04440463 0.05174544 0.01131021 0.01934641 0.03098582 0.12518410 0.04139773 0.00529014 0.01683021 0.02603282
88 0.18470915 0.03171173 0.02110032 0.03643713 0.01840081 0.04245333 0.05593784 0.07263426 0.01340521 0.02768872 0.03397773 0.04624054 0.01701971 0.02508752 0.14824012 0.10504308 0.06974056 0.00621500 0.00862361 0.03533363
89 0.10942597 0.03862749 0.03385179 0.03601389 0.01975119 0.03399179 0.04670179 0.04691479 0.02042589 0.06518968 0.08994627 0.04837339 0.03056939 0.02882189 0.03404949 0.10787297 0.11447797 0.00554499 0.01792109 0.07152828
90 0.06283915 0.02176602 0.01774732 0.01111871 0.01126971 0.01517801 0.01587761 0.03520833 0.01205801 0.16907415 0.22305419 0.02055352 0.05502985 0.04605484 0.01194371 0.03825213 0.04477044 0.00664085 0.02634732 0.15521613
91 0.08400845 0.04487663 0.05591023 0.09184765 0.01603101 0.04783283 0.13526408 0.04745683 0.02179841 0.01883581 0.03373362 0.06174713 0.02054481 0.01769151 0.04173902 0.14405408 0.06797074 0.00505424 0.01438291 0.02922002
92 0.15091385 0.02017698 0.01594438 0.02320518 0.02531727 0.01730278 0.02095858 0.06996413 0.01717638 0.05775294 0.09565540 0.02273518 0.02725567 0.10555889 0.02796767 0.08522841 0.05385055 0.01675238 0.07553992 0.07074343
93 0.07332352 0.02980761 0.01786950 0.01363550 0.01383610 0.01836350 0.01903990 0.03356851 0.01181810 0.16807704 0.18801505 0.02690531 0.04884111 0.03723761 0.01173220 0.04076751 0.04416481 0.00538624 0.02168481 0.17592605
94 0.06733435 0.10590792 0.05271446 0.07248435 0.01063239 0.05814956 0.12367491 0.03372968 0.02377668 0.02083408 0.02974548 0.15264689 0.01713649 0.01464569 0.04214637 0.07260395 0.05480066 0.00412582 0.01157439 0.03133588
95 0.04761990 0.00980652 0.01110550 0.00834022 0.02295520 0.00992495 0.00770920 0.02002300 0.02254370 0.07224240 0.15303399 0.01468540 0.03806840 0.20681899 0.00815047 0.03825770 0.02659390 0.03701780 0.17284999 0.07225280
96 0.15312892 0.03010568 0.03390558 0.04192188 0.02381669 0.02472529 0.03863478 0.15264492 0.01742549 0.03602088 0.06040907 0.03582568 0.01772669 0.02339239 0.03526728 0.11392094 0.09497015 0.00401501 0.01182309 0.05031957
97 0.19983195 0.02820129 0.02779979 0.03505499 0.03142109 0.02450279 0.03420209 0.09265108 0.01853180 0.02822429 0.04625369 0.03244619 0.01764070 0.02656159 0.03543459 0.16688396 0.08776298 0.00493183 0.01429810 0.04736519
98 0.08631975 0.03312202 0.06503584 0.13320407 0.01727921 0.04218582 0.10864106 0.07158384 0.02184371 0.01991271 0.06867574 0.04435472 0.01715731 0.02852342 0.02735452 0.08900515 0.05615343 0.00571825 0.02650491 0.03742452
99 0.06377167 0.04211528 0.07605937 0.18429792 0.00749650 0.06398787 0.17579992 0.05485998 0.02224019 0.01697279 0.02702599 0.05543788 0.00995795 0.01302719 0.03096119 0.07271587 0.04340728 0.00240660 0.01479469 0.02266389
100 0.06307519 0.02172690 0.01776490 0.01091930 0.01135390 0.01525070 0.01562290 0.03448390 0.01200270 0.16940898 0.22299698 0.02033630 0.05509830 0.04622500 0.01205370 0.03824120 0.04478660 0.00665849 0.02639610 0.15559799
101 0.11432001 0.04151020 0.04473770 0.04469780 0.02544430 0.03787580 0.04973311 0.06954031 0.02640090 0.03472380 0.05780041 0.04970551 0.02343020 0.03290410 0.03499130 0.15481102 0.07608281 0.00845019 0.02678750 0.04605301
102 0.11543694 0.02030649 0.01303179 0.01250309 0.01944659 0.01304689 0.01335139 0.04340148 0.00895863 0.16098092 0.17327692 0.01769959 0.04300908 0.03133738 0.01207469 0.05214997 0.04933728 0.00364896 0.01409199 0.18290991
103 0.22244508 0.02776681 0.01997111 0.03020581 0.02663881 0.01475261 0.01712731 0.28248711 0.00981691 0.02198761 0.04398462 0.01964471 0.00967735 0.02173761 0.02426181 0.10678604 0.04354612 0.00261116 0.01282950 0.04172192
104 0.06943222 0.01932658 0.01860748 0.02040608 0.02236568 0.01933398 0.02273267 0.03862076 0.02334397 0.05590964 0.10850588 0.02681057 0.03159847 0.17035481 0.02143358 0.05846484 0.03657546 0.03058077 0.14329984 0.06229673
105 0.17283191 0.02241109 0.01812919 0.02288789 0.02982218 0.01610409 0.02125679 0.05723987 0.01204759 0.08673985 0.11145394 0.02465309 0.03072618 0.02645549 0.01863409 0.10146095 0.09122315 0.00329922 0.01200049 0.12062294
106 0.05408437 0.01382119 0.00805887 0.00137108 0.00818870 0.00798024 0.00624225 0.01992649 0.00567538 0.23253185 0.24489484 0.00874143 0.06003316 0.03428258 0.00588228 0.01821289 0.03638958 0.00348417 0.01332279 0.21687586
107 0.09925101 0.06437511 0.03718640 0.03351750 0.01769250 0.04774830 0.05722190 0.03496000 0.02710000 0.03417430 0.04906870 0.11399701 0.02304370 0.03660210 0.02937830 0.08379981 0.09475421 0.00887842 0.05641680 0.05083390
108 0.04961551 0.01308000 0.00747529 0.00066595 0.00654256 0.00596442 0.00531304 0.01800631 0.00584597 0.22435606 0.26401108 0.00689705 0.06818022 0.04218081 0.00553739 0.01754791 0.03793511 0.00436964 0.01744761 0.19902806
109 0.08495261 0.04290171 0.02895320 0.02325660 0.01537880 0.02341580 0.03352491 0.12025302 0.01834660 0.09322082 0.12560302 0.03529261 0.06152251 0.03123881 0.02318380 0.07147661 0.04672551 0.00707513 0.01927830 0.09439962
110 0.04919416 0.26577280 0.05380566 0.01334919 0.01581909 0.06623085 0.04223907 0.01522069 0.03260247 0.02536908 0.03083238 0.22011583 0.02048128 0.00666043 0.00939833 0.04400487 0.03603167 0.00241799 0.01002029 0.04043387
111 0.07160859 0.05230499 0.06469319 0.13547997 0.00852553 0.05331699 0.17287597 0.04915939 0.02165090 0.02284020 0.03425119 0.06617679 0.01572040 0.01680920 0.04056369 0.07548769 0.05065919 0.00338396 0.01420560 0.03028659
112 0.14060597 0.02649269 0.03783899 0.03237669 0.02174449 0.02025520 0.01847440 0.28197393 0.01388120 0.02618369 0.07334868 0.03003249 0.01418450 0.02400209 0.02598319 0.11141997 0.04081499 0.00399164 0.01575450 0.04064069
113 0.03562231 0.00649877 0.01439130 0.00942022 0.02569371 0.01130920 0.00474153 0.01231190 0.03906661 0.02437161 0.09074922 0.01510660 0.02356181 0.25915306 0.00616663 0.03977381 0.01726320 0.05643261 0.27276507 0.03560081
114 0.22207204 0.02798061 0.01992520 0.03015501 0.02642680 0.01484330 0.01714570 0.28296605 0.00979577 0.02221230 0.04420651 0.01962570 0.00968274 0.02156850 0.02422500 0.10678402 0.04318051 0.00257691 0.01282580 0.04180151
115 0.11502303 0.04136061 0.04429021 0.04497751 0.02514831 0.03784751 0.04994341 0.07050742 0.02604301 0.03459491 0.05747401 0.05004871 0.02348751 0.03261551 0.03466511 0.15466404 0.07623512 0.00839336 0.02656921 0.04611151
116 0.04829971 0.02040430 0.02098500 0.02042720 0.02292710 0.01947170 0.01939780 0.02888191 0.03186891 0.04718101 0.09899732 0.02493710 0.02808321 0.18223004 0.01108930 0.05081091 0.02777721 0.03988501 0.20163804 0.05470721
117 0.06608338 0.19030994 0.04836078 0.03225169 0.01572089 0.05377108 0.05339918 0.04315479 0.03201599 0.04121949 0.05140118 0.13283696 0.02583119 0.01568009 0.02171289 0.06192488 0.04319189 0.00411962 0.01677089 0.05024318
118 0.03697368 0.00553645 0.00887114 0.00794436 0.02575619 0.00831248 0.00382803 0.01204880 0.02930249 0.03677758 0.11324595 0.01300069 0.02830709 0.25938289 0.00544935 0.03379059 0.01810279 0.05388158 0.25497090 0.04451698
119 0.09453130 0.02633140 0.03240080 0.02509760 0.02080100 0.02670420 0.02681970 0.05673060 0.02023610 0.09077280 0.15600000 0.03165110 0.03875400 0.03820630 0.01922530 0.10583100 0.06602950 0.00723729 0.02383040 0.09280960
120 0.09932682 0.01530239 0.01041599 0.00789697 0.01426329 0.00949991 0.00810200 0.05828825 0.00747309 0.18273486 0.20792684 0.01070189 0.05026266 0.03294447 0.01064519 0.04436056 0.04385197 0.00368388 0.01300409 0.16931487
121 0.05196170 0.01184920 0.00780618 0.00093464 0.00697380 0.00621801 0.00528456 0.01906470 0.00539611 0.22904402 0.26201002 0.00682564 0.06389650 0.03612360 0.00556005 0.01719930 0.03720630 0.00354433 0.01331530 0.20978602
122 0.05366634 0.25048317 0.05024523 0.01906901 0.01535331 0.06041364 0.04116443 0.02766382 0.06075164 0.03015012 0.03497262 0.15212710 0.02340082 0.01028051 0.01321041 0.05382384 0.03774113 0.00361073 0.01998681 0.04188533
123 0.05659283 0.02010271 0.01396551 0.00681837 0.00925355 0.01285501 0.01470231 0.02111591 0.01056961 0.18190011 0.23618114 0.01556551 0.07100594 0.03815582 0.00903199 0.03864272 0.05838124 0.00480551 0.01821311 0.16214110
124 0.08293357 0.03751938 0.05472898 0.09807466 0.01250529 0.04961128 0.15689294 0.03754738 0.01953109 0.01826679 0.03304379 0.06449127 0.02011249 0.01538159 0.04330298 0.11557595 0.09534856 0.00386841 0.01198840 0.02927519
125 0.07720168 0.03512769 0.07900178 0.05653648 0.01367100 0.02826759 0.04590699 0.30711391 0.01907869 0.01342400 0.05247088 0.05277198 0.01062900 0.01819039 0.03292139 0.08488617 0.03185599 0.00373450 0.01274240 0.02446749
126 0.13819114 0.03091363 0.03254643 0.03862394 0.01776032 0.03486843 0.04403784 0.13655414 0.01560712 0.02369592 0.04010444 0.05102395 0.01431041 0.02187022 0.12355212 0.10486110 0.08580189 0.00622037 0.00862505 0.03083153
127 0.05964313 0.02432201 0.01350811 0.00771990 0.00973242 0.01483081 0.01417351 0.02523221 0.00990592 0.20179010 0.21863411 0.01961301 0.05669143 0.03669542 0.01128711 0.03109642 0.04214402 0.00481776 0.01882051 0.17934209
128 0.07318385 0.02947372 0.01765001 0.01356751 0.01379661 0.01813611 0.01889501 0.03300972 0.01201051 0.16890811 0.18881312 0.02644592 0.04898793 0.03739392 0.01162491 0.04046963 0.04418303 0.00531195 0.02170431 0.17643411
129 0.07037660 0.07739420 0.05226510 0.05330490 0.01674300 0.09459140 0.07691150 0.04535290 0.03250960 0.03650300 0.05226230 0.08837730 0.02102500 0.02266740 0.04928330 0.08251080 0.05479140 0.00703774 0.02146280 0.04462980
130 0.07086572 0.04555441 0.05323771 0.03702561 0.02063751 0.09192052 0.04792241 0.04675111 0.03484031 0.03781521 0.09888223 0.06252442 0.02684301 0.02220901 0.03704791 0.13212704 0.06408002 0.00837933 0.01857941 0.04275711
131 0.07903612 0.04004171 0.07334072 0.17612204 0.01072090 0.04444141 0.15909204 0.06907352 0.02081530 0.01633820 0.02895821 0.05109981 0.01008890 0.01760820 0.02854961 0.08100052 0.04600941 0.00306107 0.01749360 0.02710871
132 0.10029898 0.03314249 0.02515160 0.02818050 0.01702700 0.03672399 0.03718499 0.05148509 0.01717450 0.09084818 0.11247898 0.04500269 0.03317259 0.03003739 0.08168929 0.06800979 0.05206059 0.00691517 0.01686420 0.11655198
133 0.05634123 0.21030311 0.05322213 0.02785231 0.01583861 0.08158464 0.05517473 0.02550701 0.03503112 0.02811961 0.03328892 0.16216308 0.01992621 0.01048241 0.02458591 0.05982153 0.04482812 0.00390740 0.01295551 0.03906642
134 0.06280711 0.02174590 0.01793890 0.01094840 0.01141220 0.01544140 0.01583480 0.03490750 0.01216880 0.16890302 0.22233103 0.02075560 0.05484991 0.04622581 0.01189920 0.03845830 0.04469001 0.00680017 0.02664590 0.15523602
135 0.13750607 0.03379412 0.03725032 0.04104822 0.01926271 0.02283421 0.03318632 0.26654514 0.01455181 0.03373842 0.06229053 0.03480982 0.01537381 0.02379121 0.02899961 0.08942615 0.03917282 0.00401499 0.01635611 0.04604762
136 0.07593848 0.13728897 0.04519089 0.03283089 0.01665730 0.05718609 0.05402209 0.03697809 0.02839819 0.04014639 0.05288719 0.10927497 0.02612609 0.01639840 0.03094729 0.08088178 0.09194938 0.00455614 0.01463370 0.04770769
137 0.06060225 0.03802683 0.08351396 0.21774316 0.00333624 0.04834644 0.21441316 0.05647654 0.02043342 0.01404931 0.01916961 0.05038064 0.00686137 0.01043531 0.02107612 0.06489725 0.03747553 0.00089695 0.01224481 0.01962111
138 0.05069072 0.06333303 0.03915012 0.03122441 0.02194081 0.04134332 0.03976122 0.03228761 0.03405411 0.03242751 0.06193422 0.09124614 0.02357621 0.10889204 0.01998151 0.06443453 0.03825962 0.02408141 0.13609905 0.04528242
139 0.13175102 0.02927910 0.03651040 0.03284840 0.02655530 0.03234180 0.03892461 0.04782091 0.02434040 0.03007310 0.05066651 0.04031561 0.02367340 0.02465510 0.03053720 0.19258503 0.14741502 0.00499127 0.01299100 0.04172481
140 0.05235058 0.22525990 0.04965278 0.01494249 0.01531289 0.06433347 0.04208868 0.02352169 0.03180109 0.02961599 0.05133418 0.20514291 0.02295369 0.00964397 0.01605929 0.04766378 0.04026598 0.00321538 0.01096770 0.04387358
141 0.05781618 0.04564218 0.04648328 0.08878927 0.01191950 0.05583038 0.14094095 0.03390489 0.02548709 0.07099068 0.06083728 0.04572578 0.02459609 0.03321049 0.02077469 0.06369458 0.05126478 0.00681403 0.05731068 0.05796718
142 0.05590069 0.02500439 0.01261620 0.00482259 0.01231540 0.02944209 0.01478910 0.02047670 0.00995847 0.20791895 0.19870995 0.02239689 0.05008379 0.03048569 0.00832860 0.02599799 0.03803149 0.00366678 0.01633830 0.21271595
143 0.06577068 0.04524709 0.07471108 0.15573396 0.00905629 0.04108539 0.13836197 0.11972097 0.02095369 0.01456860 0.02895809 0.07406058 0.00848594 0.01501610 0.03475809 0.07828948 0.03839409 0.00306002 0.01269880 0.02106909
144 0.11419395 0.04194318 0.04457648 0.04519168 0.02524689 0.03829508 0.05002418 0.06988757 0.02650049 0.03453479 0.05725628 0.04973478 0.02330019 0.03302069 0.03442919 0.15455793 0.07595787 0.00846213 0.02717389 0.04571278
145 0.05919641 0.03854121 0.08353761 0.21652703 0.00322048 0.04524061 0.20953503 0.07076511 0.02083860 0.01345690 0.01893440 0.04977581 0.00628939 0.01041130 0.01996610 0.06698081 0.03496040 0.00089330 0.01209730 0.01883220
146 0.11508095 0.06302707 0.04162868 0.04844488 0.01680379 0.08676556 0.07377087 0.05655798 0.02634639 0.03389299 0.04772778 0.07606717 0.01986629 0.02218669 0.06104337 0.08767986 0.05769178 0.00603962 0.01695719 0.04242108
147 0.06054610 0.13204800 0.05327570 0.03553450 0.01555230 0.09533070 0.06347730 0.03092730 0.03102080 0.02750270 0.03880150 0.16138100 0.01870220 0.01526800 0.04364200 0.06865230 0.05113930 0.00593800 0.01458460 0.03667570
148 0.11207900 0.03328310 0.02345880 0.03017590 0.01162260 0.05409000 0.06202520 0.03666090 0.01694590 0.03287510 0.04205360 0.05859960 0.03737810 0.02340680 0.19592499 0.09255280 0.09069560 0.00827524 0.00863370 0.02926310
149 0.06995840 0.07776850 0.05203900 0.05323250 0.01665510 0.09401860 0.07662990 0.04550210 0.03214350 0.03683200 0.05253570 0.08808490 0.02115530 0.02285020 0.04955940 0.08273230 0.05474560 0.00705187 0.02168920 0.04481590
150 0.06975277 0.01960149 0.01864389 0.02063099 0.02226979 0.01965829 0.02303899 0.03908528 0.02360809 0.05580957 0.10766195 0.02684419 0.03140508 0.16920592 0.02147869 0.05920497 0.03682278 0.03037098 0.14231893 0.06258737
151 0.18305513 0.03677103 0.02594252 0.03718913 0.02571162 0.02585182 0.03878343 0.09788997 0.01643331 0.05243694 0.07215215 0.03715623 0.02182272 0.03136592 0.03503613 0.10376008 0.06516255 0.00517687 0.01910801 0.06919445
152 0.03905540 0.00851249 0.01095910 0.00942075 0.02434530 0.01009210 0.00593546 0.01525620 0.02964790 0.04657620 0.11848399 0.01451490 0.02945830 0.23130898 0.00642967 0.03615270 0.02129890 0.04994590 0.23995098 0.05265480
153 0.06322325 0.03911507 0.07952514 0.19997385 0.00547148 0.04744007 0.20191985 0.05641236 0.01962939 0.01381059 0.02135548 0.05205266 0.00899135 0.01127379 0.02515928 0.07900124 0.04115057 0.00143269 0.01247139 0.02059048
154 0.13159190 0.03381257 0.05904515 0.14657989 0.01729739 0.03692257 0.12832690 0.08232774 0.01745169 0.01663619 0.03121918 0.04165287 0.01026869 0.01873549 0.03187798 0.09266163 0.05317486 0.00255838 0.01345169 0.03440727
155 0.13795588 0.03332087 0.03705267 0.04184486 0.01932008 0.02252338 0.03383137 0.26554176 0.01434909 0.03405847 0.06259464 0.03453307 0.01538959 0.02382098 0.02896427 0.08939312 0.03928587 0.00397599 0.01602309 0.04622096
156 0.03509852 0.00429874 0.00921899 0.00832972 0.02579362 0.00908587 0.00338007 0.01074771 0.03198232 0.02379561 0.09469586 0.01376991 0.02399821 0.27460917 0.00507702 0.03458982 0.01606351 0.05869324 0.28082517 0.03594692
157 0.15366496 0.12473597 0.03723329 0.02426039 0.04308779 0.03946179 0.03097359 0.08377528 0.02429119 0.02934089 0.04260689 0.08563568 0.01904040 0.01803810 0.02281519 0.09741828 0.05643689 0.00432935 0.01414130 0.04871279
158 0.06250510 0.02140890 0.01801160 0.01105920 0.01130870 0.01518540 0.01593820 0.03490730 0.01200860 0.16976100 0.22343700 0.02001230 0.05519930 0.04590720 0.01219800 0.03812620 0.04443320 0.00662229 0.02619750 0.15577300
159 0.05169404 0.01274521 0.01107041 0.00540049 0.01466911 0.00903836 0.00806016 0.02243112 0.01343041 0.14831311 0.22285617 0.01188741 0.05387564 0.11245708 0.00802227 0.03076382 0.03491453 0.01720531 0.07747226 0.13369310
160 0.05427399 0.01360910 0.00920300 0.00248674 0.00776058 0.00735819 0.00686978 0.02108080 0.00634444 0.21858595 0.25668994 0.00884966 0.06318139 0.03771369 0.00635643 0.02068710 0.03901209 0.00407101 0.01548720 0.20037895
161 0.06610860 0.19028901 0.04846330 0.03245290 0.01583260 0.05355130 0.05351180 0.04368380 0.03160080 0.04088980 0.05125420 0.13300201 0.02575050 0.01553700 0.02149150 0.06251560 0.04335720 0.00407573 0.01663210 0.05000020
162 0.05122370 0.01160020 0.00730341 0.00050171 0.00678143 0.00594531 0.00492084 0.01860690 0.00507036 0.23381100 0.26164800 0.00636259 0.06405490 0.03559020 0.00536219 0.01604910 0.03663060 0.00341986 0.01277070 0.21234700
163 0.05116843 0.01340731 0.00823342 0.00132508 0.00682111 0.00684251 0.00590891 0.01919841 0.00607253 0.22450812 0.26392615 0.00789703 0.06563184 0.03803972 0.00613863 0.01877761 0.03840342 0.00397983 0.01494281 0.19877711
164 0.04848798 0.01388629 0.00757268 0.00098997 0.00697018 0.00625270 0.00557268 0.01764419 0.00734363 0.21671190 0.25942088 0.00710297 0.06740787 0.04725148 0.00545528 0.01857179 0.03891288 0.00610128 0.02783249 0.19051091
165 0.05491785 0.01377459 0.00910842 0.00236232 0.00829730 0.00803654 0.00679718 0.02110168 0.00632582 0.22251581 0.24800979 0.00943317 0.06029665 0.03638457 0.00622877 0.01979348 0.03742897 0.00387965 0.01488059 0.21042682
166 0.03478930 0.00374423 0.00894460 0.00820605 0.02570770 0.00799130 0.00292421 0.01040800 0.03268290 0.02345010 0.09507320 0.01265460 0.02283050 0.27342399 0.00470423 0.03418470 0.01584150 0.06213760 0.28538899 0.03491230
167 0.06071158 0.01366799 0.00871278 0.00230588 0.00840003 0.00791473 0.00640844 0.02238999 0.00646917 0.21991591 0.25016990 0.00883698 0.06158287 0.03648069 0.00702535 0.02332839 0.03971878 0.00382115 0.01433249 0.19780692
168 0.05629309 0.20957097 0.05320039 0.02790810 0.01589000 0.08170119 0.05563679 0.02515600 0.03502879 0.02837020 0.03375689 0.16197497 0.01997270 0.01053510 0.02433710 0.05992439 0.04477169 0.00393576 0.01290100 0.03913489
169 0.03746826 0.00562368 0.00913651 0.00819160 0.02592148 0.00851777 0.00412484 0.01252969 0.02936847 0.03519537 0.11243189 0.01328419 0.02824847 0.26099975 0.00564351 0.03453907 0.01817548 0.05368785 0.25383776 0.04307436
170 0.11807601 0.03460860 0.02632850 0.03751220 0.01233320 0.05312190 0.06729300 0.04888200 0.01573000 0.02800800 0.03420650 0.06272760 0.01845650 0.02329090 0.18439501 0.09827860 0.09474600 0.00775366 0.00818549 0.02606630
171 0.06862552 0.01966571 0.01870651 0.02046701 0.02208041 0.01940501 0.02309421 0.03832671 0.02364191 0.05656922 0.10881603 0.02705531 0.03169891 0.16934205 0.02134181 0.05844352 0.03668471 0.03047281 0.14249904 0.06306362
172 0.05318532 0.20365608 0.07705223 0.04147142 0.01756601 0.05989882 0.05905122 0.03626471 0.03437551 0.02624041 0.03377411 0.15254806 0.01908261 0.01039140 0.01529981 0.06293163 0.04087992 0.00419520 0.01491901 0.03721651
173 0.11458299 0.03364470 0.02757090 0.03552980 0.01577960 0.05392469 0.05888489 0.05206359 0.01751150 0.02397390 0.02872740 0.05628309 0.01750740 0.02354760 0.19491198 0.13789199 0.06729779 0.00918040 0.00985010 0.02133570
174 0.06440882 0.01513660 0.01341030 0.00802844 0.01426400 0.01136250 0.01198010 0.02505151 0.01420020 0.14167104 0.20655805 0.01503200 0.05313721 0.09060132 0.01098580 0.04545201 0.05684591 0.01330960 0.05841252 0.13015203
175 0.05332285 0.01119171 0.00714682 0.00061399 0.00819917 0.00698335 0.00518918 0.01929092 0.00484169 0.24020121 0.24572021 0.00666225 0.05897605 0.03319223 0.00522329 0.01563211 0.03463913 0.00316824 0.01172241 0.22808320
176 0.06842452 0.05922422 0.05745922 0.10965804 0.00904056 0.09004433 0.16154906 0.03796261 0.02357141 0.02306141 0.03120671 0.07298563 0.01476051 0.01689571 0.05223612 0.07215243 0.05145802 0.00383328 0.01525081 0.02922541
177 0.10645702 0.03941331 0.03075891 0.04257011 0.01308850 0.05633171 0.06992822 0.06184611 0.01812600 0.02926981 0.04187291 0.06507431 0.01876230 0.02642831 0.17700104 0.09037512 0.06194201 0.00822247 0.01274110 0.02979071
178 0.05386580 0.05038030 0.01785480 0.00539017 0.01007780 0.02296850 0.01560780 0.02022490 0.01200170 0.18891101 0.19549301 0.05117850 0.05229890 0.03030020 0.00948722 0.02764180 0.04034470 0.00398175 0.01506810 0.17692301
179 0.05801809 0.01190680 0.00733412 0.00109243 0.00872439 0.00728032 0.00547354 0.02067370 0.00505568 0.23571696 0.24240596 0.00724091 0.05836129 0.03319129 0.00577993 0.01819210 0.03585589 0.00319314 0.01186350 0.22263996
