1 0.45462693 0.00376446 0.11419298 0.02392000 0.24408296 0.00480933 0.00726771 0.02122790 0.00495578 0.00601831 0.00618515 0.00691040 0.00425099 0.01913810 0.00443409 0.05758779 0.00515676 0.00091266 0.00216162 0.00839608
2 0.73101142 0.00861487 0.01119491 0.01367431 0.01399241 0.01322661 0.01687621 0.03692442 0.00462169 0.01849301 0.01446651 0.01171291 0.00755017 0.00405501 0.01301781 0.02996402 0.02884092 0.00128797 0.00568781 0.01478701
3 0.00744204 0.00824716 0.01455390 0.18633004 0.00326452 0.00769355 0.00574726 0.02345850 0.00294317 0.00791992 0.01199520 0.02739131 0.00830750 0.00916682 0.00413385 0.62127412 0.02018140 0.00157773 0.00291608 0.02545591
4 0.01529680 0.00504439 0.00493748 0.00595651 0.00837827 0.00492411 0.00563007 0.01000450 0.00466741 0.13412304 0.06399272 0.00765534 0.01655350 0.01872671 0.00604221 0.01608810 0.01785760 0.00281597 0.00615907 0.64514617
5 0.19171799 0.00927907 0.00266261 0.00207271 0.00683602 0.00240442 0.00480315 0.00587466 0.00226492 0.57941896 0.04387910 0.00673117 0.01365010 0.00452759 0.00160254 0.02037580 0.02001540 0.00183134 0.00344587 0.07660659
6 0.04415958 0.02387399 0.01560139 0.00997820 0.01079439 0.01535479 0.01233069 0.01800629 0.00856577 0.02877638 0.01874339 0.01850819 0.01009039 0.00934791 0.00653539 0.05717637 0.65227364 0.00184686 0.00621270 0.03182368
7 0.03452480 0.00917594 0.00622527 0.01329720 0.00998270 0.01584740 0.00855577 0.02468410 0.00303875 0.01729690 0.01694080 0.02252340 0.00791041 0.00889891 0.01368170 0.72722901 0.03466960 0.00121398 0.00564865 0.01865470
8 0.02205630 0.07740251 0.02759910 0.02419810 0.00483771 0.02199520 0.04140861 0.01468050 0.01379670 0.01577000 0.01761240 0.61390410 0.01333410 0.00381866 0.00989136 0.03459981 0.01988030 0.00183980 0.00546831 0.01590640
9 0.02983168 0.01437569 0.01497449 0.04577427 0.00179890 0.02525348 0.71648855 0.02380939 0.01361899 0.01289919 0.01161869 0.03487918 0.00493285 0.00388693 0.00562142 0.01212539 0.01280329 0.00132937 0.00476037 0.00921788
10 0.03599960 0.00903241 0.00576700 0.01359830 0.00850456 0.01518380 0.00724446 0.02645210 0.00276498 0.01626440 0.01717610 0.02389500 0.00771600 0.00875071 0.01297960 0.72913506 0.03410240 0.00160261 0.00531869 0.01851220
11 0.01937501 0.55830626 0.01566901 0.02050691 0.00286374 0.04371192 0.00822957 0.01331821 0.00501897 0.01504681 0.00900988 0.07218543 0.01157341 0.00376946 0.00666300 0.15273207 0.02391471 0.00263548 0.00481563 0.01065451
12 0.02513849 0.00661117 0.00283019 0.00727634 0.00406206 0.00355068 0.01163040 0.00470082 0.00424372 0.61282587 0.08517658 0.00940042 0.01903820 0.01885700 0.00410421 0.01446530 0.02221430 0.00126578 0.00487953 0.13772897
13 0.01395640 0.04138101 0.54205014 0.00385235 0.00743298 0.16587104 0.01865940 0.03894861 0.00941383 0.00729854 0.01136310 0.05475421 0.01860940 0.00509819 0.00343183 0.00593561 0.01808910 0.00243321 0.01699770 0.01442330
14 0.01588381 0.00360020 0.00023093 0.00354530 0.00100162 0.00043443 0.00043556 0.00081055 0.00040459 0.12059308 0.73776449 0.00254415 0.04356623 0.00076038 0.00048818 0.00325915 0.00318564 0.00746832 0.00181724 0.05220613
15 0.01586309 0.00859875 0.00459054 0.00591181 0.00327928 0.00541621 0.01004740 0.00827910 0.00357030 0.02658099 0.02904049 0.01514479 0.62676679 0.01250420 0.01429980 0.01477489 0.02233239 0.00346735 0.13971695 0.02981489
16 0.00107397 0.00305883 0.00215550 0.00631759 0.00583140 0.00191484 0.00293718 0.00260087 0.00680820 0.00955077 0.62776710 0.00192131 0.00488581 0.12683002 0.00498097 0.00296621 0.00387292 0.00073738 0.15861602 0.02517310
17 0.04069940 0.01123010 0.00652029 0.00911867 0.00408673 0.00860769 0.00887596 0.00788665 0.00931325 0.01000610 0.02290290 0.01349320 0.00713199 0.01114970 0.75475405 0.03941920 0.01088180 0.00124426 0.00875364 0.01392440
18 0.02471941 0.00714975 0.00702093 0.00839564 0.00641506 0.01100560 0.00787275 0.01053850 0.00501204 0.04658591 0.09367963 0.01621780 0.63187819 0.01627870 0.00774850 0.02258831 0.02096411 0.00186496 0.00650217 0.04756201
19 0.00689050 0.00765375 0.00598196 0.23844994 0.00259798 0.00629306 0.00891131 0.00795260 0.00618364 0.01720760 0.02473599 0.00825241 0.00735325 0.56208585 0.00427501 0.02081089 0.01789410 0.00592900 0.02696739 0.01357380
20 0.02905479 0.01584619 0.01554869 0.04676628 0.00154370 0.02387269 0.71507769 0.02350929 0.01383649 0.01404429 0.01150150 0.03552888 0.00562242 0.00333355 0.00501639 0.01209689 0.01239959 0.00189762 0.00430621 0.00919684
21 0.00541507 0.00444233 0.02248869 0.71549380 0.00148257 0.00259425 0.05075689 0.02575179 0.00674691 0.00596371 0.00907035 0.08587498 0.00401538 0.00561682 0.01911449 0.01484070 0.00199388 0.00063014 0.00556167 0.01214560
22 0.02324440 0.01101440 0.02085500 0.70025103 0.00364465 0.01897500 0.05454740 0.01917230 0.00919389 0.01753940 0.01884210 0.03439900 0.00728634 0.00648246 0.00698937 0.01984310 0.01111280 0.00182561 0.00369864 0.01108310
23 0.01595640 0.70156900 0.01731920 0.01372700 0.00204221 0.02685380 0.01312810 0.01676890 0.00933780 0.00998085 0.01251340 0.08320300 0.00567289 0.00363538 0.00601223 0.01532300 0.02651990 0.00262075 0.01006520 0.00775099
24 0.01505160 0.01683949 0.00981402 0.00401371 0.00957923 0.01089680 0.00594493 0.00914899 0.03013989 0.01459220 0.03142739 0.00749158 0.00505059 0.10543897 0.00438649 0.00909855 0.01202630 0.00423374 0.67873678 0.01608879
25 0.73435907 0.00943269 0.01020160 0.01306500 0.01166620 0.01287060 0.01735240 0.03653540 0.00505813 0.01974690 0.01532380 0.01243890 0.00767169 0.00436917 0.01271340 0.02942960 0.02644130 0.00155890 0.00618482 0.01358040
26 0.03091491 0.01869521 0.01002630 0.00690221 0.01041220 0.00887441 0.00548645 0.01753831 0.01467901 0.01712641 0.01896371 0.35254613 0.01043750 0.12764705 0.01256670 0.29140811 0.01289520 0.00305054 0.00410991 0.02571971
27 0.02077119 0.08133417 0.02632089 0.02420289 0.00605598 0.02342339 0.03662499 0.01705409 0.01337930 0.01701399 0.02070839 0.61376879 0.01213240 0.00401696 0.00918047 0.03284879 0.01791609 0.00182354 0.00471379 0.01670989
28 0.73587572 0.00850150 0.00995292 0.01368679 0.01130220 0.01366259 0.01646719 0.03472279 0.00526264 0.02222699 0.01457639 0.01251420 0.00890766 0.00331425 0.01188140 0.02688649 0.02777449 0.00117014 0.00608777 0.01522589
29 0.01239940 0.00651566 0.00555163 0.00768467 0.00477885 0.00641030 0.00634601 0.00723073 0.00603453 0.06367529 0.71925288 0.00979549 0.03255179 0.01312810 0.00705819 0.01245150 0.00855516 0.00296334 0.01165340 0.05596309
30 0.00977756 0.00460586 0.00678187 0.00641902 0.00589436 0.00891010 0.00485202 0.00684401 0.00719533 0.03098990 0.02940080 0.00483145 0.01197170 0.70519996 0.00648636 0.01486630 0.01151810 0.00710701 0.08336790 0.03298040
31 0.01271889 0.00445105 0.00101453 0.00198121 0.00457791 0.01317209 0.00562078 0.00153956 0.00617198 0.00482396 0.02397009 0.00518720 0.00245393 0.04942928 0.76083369 0.08009707 0.00176010 0.00093859 0.01604219 0.00321591
32 0.02601098 0.00338455 0.00285021 0.00657170 0.00340973 0.00166241 0.00423796 0.72387334 0.00891543 0.00195725 0.00862190 0.01625369 0.00555062 0.00135527 0.00072052 0.16897285 0.00848535 0.00039099 0.00122611 0.00554915
33 0.00973452 0.00402126 0.00156353 0.00218640 0.16221888 0.00524924 0.00180621 0.00410428 0.00085253 0.07534675 0.01723909 0.00336061 0.04081927 0.00674057 0.00373700 0.00986559 0.02213478 0.00052964 0.00102932 0.62746055
34 0.01230680 0.00183685 0.00049768 0.00038355 0.00331552 0.00057238 0.00117630 0.00308240 0.00180415 0.56674613 0.05829621 0.00297778 0.00315767 0.00947076 0.00074696 0.00391322 0.01401190 0.00055992 0.00096275 0.31418107
35 0.03627191 0.00972960 0.00625195 0.01394370 0.00851860 0.01713600 0.00860055 0.02331201 0.00355107 0.01719910 0.01822541 0.02300361 0.00779668 0.00921075 0.01292060 0.72491120 0.03475841 0.00137671 0.00515411 0.01812801
36 0.03916029 0.00716639 0.00703812 0.01369700 0.00922215 0.01309040 0.00820027 0.02561929 0.00398343 0.01637360 0.01725350 0.02428189 0.00768969 0.00816711 0.01375880 0.72570980 0.03312299 0.00111893 0.00541948 0.01992689
37 0.58707490 0.00658262 0.00544690 0.00435303 0.01423270 0.00877546 0.00999912 0.03533559 0.00323420 0.02661240 0.00921725 0.00633184 0.01126050 0.00175397 0.00824548 0.22060796 0.02593760 0.00070478 0.00213153 0.01216220
38 0.02430521 0.01345051 0.02110681 0.69671632 0.00359037 0.01755621 0.05630053 0.02012221 0.00905223 0.01738381 0.01611051 0.03411332 0.00624432 0.00686212 0.00712519 0.01988051 0.01229851 0.00362531 0.00333500 0.01082100
39 0.73456685 0.00952092 0.00916910 0.01251670 0.01210910 0.01128570 0.01804190 0.03556209 0.00472265 0.01922320 0.01384770 0.01316670 0.00704991 0.00411793 0.01435060 0.02862979 0.03148089 0.00138261 0.00625339 0.01300230
40 0.03659221 0.00848067 0.00711438 0.01387930 0.00727939 0.01820490 0.00880254 0.02720131 0.00282483 0.01691070 0.01499270 0.02243261 0.00925337 0.01002130 0.01281300 0.72508319 0.03355471 0.00162406 0.00467080 0.01826400
41 0.31741699 0.00924509 0.00462530 0.00230558 0.01028920 0.00512935 0.01134990 0.03234400 0.00290489 0.01847390 0.01086160 0.00601801 0.00731049 0.00217654 0.00525958 0.50734498 0.02691220 0.00093344 0.00132757 0.01777140
42 0.74567431 0.00839213 0.00934859 0.01248491 0.01262261 0.01285531 0.01613701 0.03486391 0.00453869 0.01880411 0.01476621 0.01208171 0.00773410 0.00336067 0.01193011 0.02768721 0.02688301 0.00132168 0.00589912 0.01261461
43 0.73410709 0.00909186 0.01043580 0.01228670 0.01115660 0.01263430 0.01638610 0.03462670 0.00515376 0.02157770 0.01395770 0.01293530 0.00730838 0.00472057 0.01303160 0.03022520 0.02796990 0.00131914 0.00612097 0.01495460
44 0.04566039 0.02421680 0.01431860 0.01013280 0.01156710 0.01443160 0.01293020 0.02016780 0.00787449 0.02957369 0.01853330 0.01807530 0.01163740 0.01018810 0.00638999 0.05198799 0.65056487 0.00226938 0.00658554 0.03289469
45 0.01432390 0.00457642 0.00489308 0.00522021 0.00728644 0.00500054 0.00599772 0.00786277 0.00365288 0.13082901 0.06250990 0.00774452 0.01569190 0.02072300 0.00562618 0.01385460 0.01878980 0.00239955 0.00589553 0.65712204
46 0.02459250 0.01192990 0.02087420 0.70114994 0.00347059 0.01781290 0.05517310 0.02048360 0.00876073 0.01761050 0.01523460 0.03313940 0.00667101 0.00668478 0.00762560 0.02071260 0.01130210 0.00211332 0.00345476 0.01120390
47 0.00793687 0.26849409 0.00619876 0.00943721 0.00357220 0.01106470 0.01845931 0.00504510 0.01388600 0.00389912 0.00488676 0.60486121 0.00398255 0.00065449 0.00364223 0.01327960 0.00973313 0.00048362 0.00538965 0.00509337
48 0.03701758 0.00884459 0.00614422 0.01366599 0.00887128 0.01585039 0.00773338 0.02450659 0.00283573 0.01837849 0.01680049 0.02296639 0.00979608 0.00839061 0.01265939 0.72859364 0.03235528 0.00159903 0.00508068 0.01791019
49 0.02203860 0.01788780 0.01127580 0.01208060 0.00508589 0.01375590 0.01826260 0.01185610 0.01149230 0.02194550 0.33979995 0.41539194 0.02102200 0.00188798 0.00814157 0.02984130 0.01609050 0.00352652 0.00672188 0.01189530
50 0.01727959 0.03888197 0.00885895 0.01932468 0.00972560 0.01490239 0.00657443 0.00830261 0.01127249 0.01076319 0.01185119 0.22659381 0.01615299 0.00409847 0.00438984 0.02055108 0.55364955 0.00205587 0.00550848 0.00926282
51 0.03869409 0.00885521 0.00566936 0.01449470 0.00844503 0.01723630 0.00810332 0.02412440 0.00331516 0.01655070 0.01735310 0.02476590 0.00827459 0.00738908 0.01269690 0.72608587 0.03310019 0.00136203 0.00458640 0.01889770
52 0.00732887 0.54964944 0.00792994 0.01927882 0.00355536 0.01286171 0.00787147 0.00817171 0.01148641 0.00303856 0.00606932 0.31750825 0.00194324 0.00066823 0.00129536 0.01278721 0.01699781 0.00062177 0.00804817 0.00288835
53 0.02542022 0.00654225 0.00308806 0.00696885 0.00440978 0.00364359 0.01273001 0.00523577 0.00541279 0.60506240 0.08868216 0.00915914 0.01872771 0.02000401 0.00480319 0.01332811 0.02259861 0.00193909 0.00610014 0.13614409
54 0.03542989 0.00879800 0.00608181 0.01348260 0.00823862 0.01504570 0.00763197 0.02586129 0.00408838 0.01716140 0.01728780 0.02146809 0.00656418 0.00874293 0.01239230 0.73296379 0.03198809 0.00125787 0.00568222 0.01983309
55 0.01997310 0.08533020 0.02564840 0.02457670 0.00494552 0.02387600 0.03681750 0.01658770 0.01293230 0.01449280 0.01803420 0.61661798 0.01039790 0.00448274 0.01008440 0.03373480 0.01885020 0.00237671 0.00520146 0.01503940
56 0.01361890 0.00613346 0.00412900 0.01207810 0.00432793 0.00893076 0.50419011 0.37288608 0.01962620 0.00318696 0.01171060 0.00517943 0.00318892 0.00193623 0.00258654 0.01053160 0.00721377 0.00210525 0.00274128 0.00369885
57 0.04239042 0.02558941 0.01647901 0.01000900 0.01095770 0.01553611 0.01298750 0.01869731 0.00857627 0.02534581 0.01877111 0.01910771 0.01120580 0.01083810 0.00613664 0.05242762 0.65611524 0.00173084 0.00816949 0.02892891
58 0.43199222 0.00367177 0.00601170 0.08536924 0.01336971 0.00267010 0.00666874 0.38389220 0.00636874 0.00151432 0.00132742 0.00169855 0.00560951 0.00052454 0.00177861 0.03054952 0.00540141 0.00160667 0.00856359 0.00141141
59 0.00946577 0.00471898 0.00086931 0.01187661 0.00180337 0.00200605 0.00056100 0.02024681 0.01096930 0.34225916 0.07046693 0.00352514 0.01026970 0.00345252 0.00156431 0.00349364 0.11207905 0.00357023 0.00212693 0.38467517
60 0.02707570 0.00704093 0.00276082 0.00469265 0.00431829 0.00334617 0.01115670 0.00489937 0.00478807 0.61441702 0.08529220 0.00995634 0.01945380 0.01762800 0.00384622 0.01546800 0.02172110 0.00165382 0.00503878 0.13544601
61 0.01420970 0.00672533 0.00412111 0.00550325 0.00349746 0.00630022 0.00612181 0.00669155 0.00529897 0.06958262 0.70990422 0.00893426 0.03389731 0.01421400 0.00871753 0.01313150 0.00918110 0.00341980 0.01227620 0.05827202
62 0.01982110 0.00098688 0.00245166 0.00199193 0.00113131 0.00456382 0.00213381 0.00235983 0.00088375 0.19383604 0.02353940 0.00380727 0.68054814 0.00514052 0.00064640 0.01285450 0.01512180 0.00096401 0.00179630 0.02542151
63 0.02527571 0.00672331 0.00233862 0.00557809 0.00453630 0.00303665 0.01175220 0.00505782 0.00489272 0.61167720 0.08534473 0.00997524 0.01961861 0.01746651 0.00387486 0.01509310 0.02173901 0.00168669 0.00567957 0.13865305
64 0.00557934 0.00212343 0.00369177 0.31980521 0.00038170 0.01712221 0.56147836 0.00691863 0.00132778 0.00747659 0.00869358 0.03773022 0.00461220 0.00079342 0.00202881 0.00663255 0.00728294 0.00037106 0.00298341 0.00296675
65 0.02093339 0.00712614 0.02396309 0.00876542 0.27301586 0.00921443 0.00361759 0.00761673 0.00277298 0.00622469 0.01127659 0.02151839 0.00610560 0.00571472 0.00264643 0.04274078 0.52775372 0.00265735 0.00329375 0.01304239
66 0.53666930 0.00722685 0.00563066 0.00437552 0.00573852 0.01007161 0.01119931 0.01210951 0.00429297 0.06195763 0.01456061 0.02121941 0.00640642 0.00699584 0.02404261 0.02372121 0.03192452 0.00203050 0.00955488 0.20027211
67 0.00800905 0.00858798 0.01613981 0.18283608 0.00325303 0.00718704 0.00747333 0.02381361 0.00308047 0.00822186 0.01141370 0.02656481 0.00816402 0.00969582 0.00307335 0.62164626 0.02110411 0.00129275 0.00311138 0.02533151
68 0.00496911 0.00199971 0.00714120 0.71570359 0.00050676 0.00268633 0.16684914 0.01247041 0.00108778 0.00845115 0.00584169 0.04397584 0.00857357 0.00043316 0.00187992 0.00558120 0.00494240 0.00018848 0.00074045 0.00597809
69 0.02639570 0.00694285 0.00262483 0.00742856 0.00536334 0.00436298 0.01087480 0.00473454 0.00439535 0.60888893 0.08332859 0.01025350 0.01782960 0.01899060 0.00405550 0.01316240 0.02256290 0.00134128 0.00687178 0.13959198
70 0.01212069 0.01451469 0.14235487 0.23521078 0.00307131 0.00181201 0.46634856 0.00992925 0.00974374 0.00391676 0.01560139 0.05331145 0.00383870 0.00210335 0.00186874 0.00415181 0.01096339 0.00027876 0.00197439 0.00688540
71 0.02688570 0.00903972 0.00712608 0.00783689 0.00741886 0.01081450 0.00833587 0.01282680 0.00499460 0.04921220 0.09324859 0.01854380 0.62203396 0.01673020 0.01012740 0.02142490 0.01933050 0.00171381 0.00564933 0.04670630
72 0.01269500 0.00224422 0.00073616 0.00043760 0.00314648 0.00059759 0.00107092 0.00345401 0.00332068 0.56824111 0.05700301 0.00442600 0.00261052 0.00869679 0.00071703 0.00488018 0.01278970 0.00054082 0.00093311 0.31145906
73 0.55283116 0.01980611 0.01569850 0.00964030 0.00391111 0.00397533 0.25723907 0.02368611 0.01374170 0.00657919 0.00365207 0.01705950 0.00629788 0.00090873 0.02603641 0.01683260 0.01164990 0.00081155 0.00213211 0.00751065
74 0.04484837 0.02500308 0.01534649 0.00975809 0.01016119 0.01589889 0.01171779 0.01901249 0.00720160 0.02596028 0.02108059 0.01733719 0.01095789 0.00980780 0.00720436 0.05469217 0.65551961 0.00211036 0.00681117 0.02957058
75 0.02828980 0.01544960 0.01524090 0.04642140 0.00232172 0.02563820 0.71226397 0.02387240 0.01513550 0.01322240 0.01118770 0.03626120 0.00433697 0.00343539 0.00463729 0.01078840 0.01433750 0.00226540 0.00543470 0.00945957
76 0.02905401 0.01497280 0.01540150 0.04657651 0.00182306 0.02637751 0.71289216 0.02297791 0.01412420 0.01609020 0.01149530 0.03455421 0.00486476 0.00303470 0.00468309 0.01111810 0.01218160 0.00185992 0.00570964 0.01020880
77 0.73913277 0.00976611 0.00872424 0.01281860 0.01167690 0.01271400 0.01771469 0.03387449 0.00453972 0.01937909 0.01537800 0.01224030 0.00851387 0.00444804 0.01390370 0.02652329 0.02752749 0.00117378 0.00609945 0.01385150
78 0.02427412 0.00598700 0.00298956 0.00598661 0.00446669 0.00332550 0.01159911 0.00530630 0.00482341 0.60921338 0.08384215 0.00982508 0.01745651 0.01822821 0.00466424 0.01460551 0.02130811 0.00261271 0.00525268 0.14423309
79 0.01526789 0.00672916 0.00442214 0.00607662 0.00398393 0.00661704 0.00554049 0.00711559 0.00557599 0.06974536 0.71238362 0.00901158 0.03389188 0.01397539 0.00822719 0.01311839 0.00885436 0.00286865 0.01042169 0.05617307
80 0.03575601 0.00854619 0.00613191 0.01279760 0.00955390 0.01657330 0.00713959 0.02539901 0.00383422 0.01674950 0.01500610 0.02160161 0.00666125 0.00919989 0.01538250 0.73241321 0.03163911 0.00137916 0.00547411 0.01876181
81 0.06511140 0.00835393 0.01486750 0.00797787 0.62968802 0.01497100 0.00568482 0.02659670 0.00646310 0.02004560 0.02559330 0.01334760 0.01164070 0.01609870 0.00600299 0.04187070 0.03196350 0.00420646 0.01373940 0.03577670
82 0.01113940 0.00347001 0.00068145 0.00080866 0.00174235 0.00055778 0.00355845 0.00388262 0.00261393 0.56231025 0.24223111 0.00354373 0.01104260 0.00959698 0.00097984 0.00583016 0.01591731 0.00068868 0.00203863 0.11736605
83 0.02161910 0.00412644 0.00906063 0.00430009 0.00477322 0.00466395 0.01171940 0.00597724 0.00141391 0.00580693 0.00676929 0.00519619 0.00211099 0.00185178 0.00690030 0.17870997 0.71625986 0.00079236 0.00097627 0.00697211
84 0.73351464 0.00929916 0.00957558 0.01265169 0.01193099 0.01230539 0.01502389 0.03702128 0.00388039 0.01870349 0.01668799 0.01341769 0.00757185 0.00436224 0.01284279 0.03036059 0.02968089 0.00146513 0.00627944 0.01342489
85 0.00772035 0.00038570 0.00152666 0.00037487 0.00036726 0.00085151 0.00027801 0.00031841 0.00019981 0.12849093 0.65458466 0.00156300 0.09355795 0.02842859 0.00093849 0.00159448 0.00247069 0.00046781 0.00142075 0.07446006
86 0.02534850 0.00559853 0.00235408 0.00733360 0.00485169 0.00347376 0.01110580 0.00454675 0.00490498 0.61412808 0.08000521 0.01153710 0.01813280 0.01774230 0.00439223 0.01379390 0.02156010 0.00131290 0.00542365 0.14245402
87 0.05247699 0.01449480 0.02424250 0.01468320 0.00947782 0.00712767 0.01871110 0.72735786 0.00871308 0.00557726 0.01350290 0.01476640 0.00594001 0.00402416 0.00416972 0.03425589 0.01804830 0.00344211 0.00527686 0.01371140
88 0.73749397 0.00736234 0.00936707 0.01191610 0.01163310 0.01441710 0.01589850 0.03854780 0.00467444 0.01923210 0.01421560 0.01302860 0.00757993 0.00358777 0.01205210 0.03149780 0.02659040 0.00094714 0.00654195 0.01341620
89 0.04581838 0.02461409 0.01525489 0.01065449 0.01107169 0.01616299 0.01063209 0.01523249 0.00893139 0.02344339 0.02048009 0.02127139 0.01177539 0.00876047 0.00621212 0.04977838 0.65790468 0.00175526 0.00817044 0.03207588
90 0.01508820 0.00741530 0.00431319 0.00642308 0.00486569 0.00628014 0.00610840 0.00738476 0.00549569 0.06767049 0.71405485 0.00891749 0.03206579 0.01572450 0.00688734 0.01218380 0.00933005 0.00266378 0.01115620 0.05597129
91 0.02706779 0.01527169 0.01462299 0.04742888 0.00156145 0.02687209 0.71196172 0.02277249 0.01386529 0.01523769 0.01115860 0.03725339 0.00544053 0.00392483 0.00539243 0.01102480 0.01354559 0.00197779 0.00467819 0.00894177
92 0.72969104 0.00780072 0.00991193 0.01206030 0.01180110 0.01308460 0.01579280 0.03744800 0.00601174 0.02221300 0.01501840 0.01226530 0.00773897 0.00385960 0.01358760 0.03254250 0.02582530 0.00170120 0.00768659 0.01395930
93 0.01564241 0.00487056 0.00459594 0.00515455 0.00811854 0.00611748 0.00516398 0.00970736 0.00431882 0.13709706 0.06179093 0.00811211 0.01492381 0.01917141 0.00580302 0.01484671 0.01811341 0.00258546 0.00570613 0.64816029
94 0.02163092 0.01853661 0.00930370 0.04559923 0.00157005 0.02026521 0.49047835 0.01016521 0.00314641 0.01005381 0.00789884 0.32511023 0.00769909 0.00116585 0.00120976 0.00449501 0.00824553 0.00146284 0.00508094 0.00688240
95 0.01469990 0.00683554 0.00431427 0.00653050 0.00501483 0.00717497 0.00460585 0.00665608 0.00553684 0.06753689 0.71319389 0.00971562 0.03420719 0.01377710 0.00756808 0.01198490 0.00921408 0.00285539 0.01193190 0.05664619
96 0.04201071 0.02563120 0.01509290 0.01105260 0.01120170 0.01629710 0.01190780 0.01741210 0.00754462 0.02509980 0.01960280 0.01900550 0.01122370 0.00996076 0.00642404 0.05184191 0.65768309 0.00232735 0.00658039 0.03209990
97 0.03705181 0.00960326 0.00635288 0.01384860 0.00895656 0.01817691 0.00762765 0.02686511 0.00422079 0.01738911 0.01620811 0.02235771 0.00784009 0.00882210 0.01251370 0.72523422 0.03321131 0.00111059 0.00483497 0.01777451
98 0.02447470 0.01183440 0.02246800 0.69547493 0.00296250 0.01802530 0.05731999 0.02146710 0.00858040 0.01800560 0.01655390 0.03395690 0.00627882 0.00675026 0.00754119 0.02094940 0.01123990 0.00258370 0.00371119 0.00982184
99 0.02347170 0.01352810 0.02060790 0.69843813 0.00361387 0.01976250 0.05409331 0.02046660 0.00918002 0.01751300 0.01655350 0.03170741 0.00702796 0.00625903 0.00790613 0.02168120 0.01194870 0.00261965 0.00299105 0.01063020
100 0.01477120 0.00765588 0.00399096 0.00558354 0.00388256 0.00786251 0.00578577 0.00710075 0.00525583 0.06717562 0.71312119 0.00991665 0.03207291 0.01369860 0.00784267 0.01360810 0.01050910 0.00261452 0.01123530 0.05631631
101 0.03512891 0.00868618 0.00613531 0.01492600 0.00894856 0.01618840 0.00832149 0.02401461 0.00319993 0.01649810 0.01488070 0.02136031 0.00690949 0.00848369 0.01379140 0.73498821 0.03359131 0.00114704 0.00443103 0.01836931
102 0.54081384 0.00677173 0.00505936 0.00458092 0.00461713 0.00936383 0.01190710 0.01303980 0.00488387 0.06264348 0.01541170 0.01995109 0.00712447 0.00703036 0.02400529 0.02209039 0.03129699 0.00153014 0.00798458 0.19989394
103 0.05077562 0.01452051 0.02620001 0.01142370 0.00924936 0.00735988 0.01505051 0.73514328 0.00969717 0.00634276 0.01442711 0.01341121 0.00565033 0.00461095 0.00350212 0.03212561 0.01765171 0.00262623 0.00518602 0.01504591
104 0.00976502 0.00466941 0.00708093 0.00700265 0.00598438 0.00839612 0.00387415 0.00643317 0.00686330 0.03197920 0.02985290 0.00472038 0.01003020 0.69971196 0.00702585 0.01563560 0.01055210 0.00905930 0.08390049 0.03746290
105 0.00806612 0.00164138 0.00080038 0.00057222 0.00359335 0.00100612 0.00054150 0.00249947 0.00116173 0.29261004 0.03030350 0.00155536 0.00585401 0.00776848 0.00087909 0.00317740 0.00889165 0.00072214 0.00143596 0.62692009
106 0.01338071 0.00174008 0.00038362 0.00013234 0.00372582 0.00031311 0.00179926 0.00346477 0.00174268 0.64963241 0.06360794 0.00298616 0.00082446 0.00642458 0.00060703 0.00324595 0.01816421 0.00043789 0.00072084 0.22666614
107 0.13933594 0.27377688 0.00151102 0.00152781 0.00195274 0.00809903 0.02188849 0.00551327 0.00357800 0.03560808 0.03072139 0.29909587 0.00449410 0.00041803 0.00304347 0.00302541 0.01674019 0.00135001 0.14713393 0.00118635
108 0.12795292 0.00194078 0.00277433 0.00363961 0.00346112 0.01141729 0.00323677 0.00406726 0.00495141 0.26623184 0.01074089 0.00683639 0.00716837 0.19564488 0.00198650 0.00916997 0.00921008 0.00248649 0.00854529 0.31853781
109 0.02667210 0.00970758 0.00737577 0.00664969 0.00602849 0.01076330 0.00839509 0.00934718 0.00512429 0.04890310 0.09365189 0.01663590 0.62735295 0.01675080 0.00791871 0.02248000 0.01941480 0.00242344 0.00534164 0.04906330
110 0.00401715 0.67793029 0.01280581 0.02747551 0.00111586 0.00918004 0.00202364 0.01154060 0.01077100 0.00366815 0.00170847 0.20426009 0.00046243 0.00086915 0.00053730 0.01064800 0.01636471 0.00080840 0.00168031 0.00213308
111 0.02791321 0.01518601 0.01481431 0.04689512 0.00178366 0.02471221 0.71706532 0.02332571 0.01461281 0.01434081 0.01177011 0.03279141 0.00565544 0.00399381 0.00487402 0.01197201 0.01275801 0.00151827 0.00483551 0.00918225
112 0.03426649 0.00372483 0.00528070 0.00654376 0.00239888 0.00228822 0.00269286 0.72191683 0.00355188 0.00203472 0.00659921 0.01396980 0.00525744 0.00110466 0.00118209 0.16504896 0.01478810 0.00046720 0.00123593 0.00564745
113 0.00918022 0.00610190 0.00715268 0.00673203 0.00525522 0.00947275 0.00459317 0.00766184 0.00698244 0.03335740 0.02833360 0.00472038 0.01082020 0.70260802 0.00687578 0.01734420 0.01033810 0.00881736 0.08029650 0.03335620
114 0.16666688 0.01492659 0.00958692 0.00781507 0.00371420 0.00158406 0.00243215 0.73964847 0.00279918 0.00234791 0.00211670 0.00542320 0.00373955 0.00093574 0.00131756 0.01669079 0.00893552 0.00149919 0.00526379 0.00255655
115 0.03705330 0.00973114 0.00597752 0.01313490 0.00851582 0.01407540 0.00851097 0.02547010 0.00288066 0.01810890 0.01757090 0.02343350 0.00766987 0.00922162 0.01360740 0.72802292 0.03399770 0.00138818 0.00552803 0.01610120
116 0.01406631 0.01658451 0.00956082 0.00461656 0.00860562 0.01028761 0.00682554 0.00953257 0.02978712 0.01388681 0.03585112 0.00685842 0.00503147 0.10852007 0.00437015 0.01047111 0.01131471 0.00414215 0.67565843 0.01402891
117 0.01874519 0.69610879 0.01591220 0.01380160 0.00279086 0.02756809 0.01354000 0.01739459 0.00846305 0.00934651 0.01459160 0.08019438 0.00568231 0.00445587 0.00748855 0.01545850 0.02599829 0.00261978 0.01199050 0.00784937
118 0.00054148 0.00613433 0.00450180 0.00133952 0.00898938 0.00383018 0.00054778 0.00178807 0.02701260 0.01372780 0.01821180 0.00082794 0.00036272 0.16773597 0.00011367 0.00089180 0.00179652 0.00078477 0.73894887 0.00191301
119 0.01437060 0.00724679 0.00448110 0.00566002 0.00405509 0.00567745 0.00544858 0.00643594 0.00536738 0.06755769 0.71756194 0.00746161 0.03339030 0.01489060 0.00680926 0.01344120 0.00986115 0.00252842 0.01059800 0.05715689
120 0.00642978 0.00499086 0.00542393 0.00557505 0.00651679 0.00412594 0.00352174 0.12603702 0.00515245 0.50029908 0.00630545 0.02110030 0.00432229 0.20541603 0.00612267 0.01796170 0.02042140 0.00390660 0.01206770 0.03430321
121 0.00250638 0.00117203 0.00053237 0.00132913 0.00069019 0.00044456 0.00076345 0.00181947 0.00096093 0.09626720 0.65330703 0.00244881 0.04156320 0.00346828 0.00459557 0.00269040 0.00612346 0.00073186 0.00469965 0.17388601
122 0.02019190 0.02218980 0.03215801 0.01862160 0.00767444 0.02368880 0.03779861 0.03348151 0.58917810 0.01790170 0.02808930 0.03444901 0.00720199 0.01707380 0.01028470 0.01296200 0.02294780 0.00538870 0.04091471 0.01780350
123 0.02456800 0.00890064 0.00700015 0.00769361 0.00666186 0.01094390 0.00960415 0.01181890 0.00429887 0.04855619 0.09448718 0.01752600 0.62913487 0.01569720 0.00853193 0.02239620 0.02069940 0.00165154 0.00486115 0.04496829
124 0.06714349 0.01729650 0.03209090 0.00592896 0.00587996 0.00434143 0.09453729 0.05667989 0.00134510 0.00250064 0.00480722 0.00957495 0.00377325 0.00059309 0.01638480 0.21115698 0.45827195 0.00249117 0.00101215 0.00419028
125 0.02599371 0.01896600 0.72370517 0.01838350 0.00704138 0.01131460 0.01732870 0.03399301 0.01517910 0.00618621 0.01627690 0.03147351 0.00527738 0.00690168 0.00638706 0.01520150 0.01961250 0.00181096 0.00750390 0.01146320
126 0.02277511 0.00569958 0.01255680 0.00537932 0.00656410 0.00551124 0.01102210 0.00949820 0.00199921 0.00677655 0.00866511 0.00711499 0.00300619 0.00215856 0.00358863 0.21125406 0.66882518 0.00076496 0.00135282 0.00548727
127 0.02623471 0.00609185 0.00262970 0.00610925 0.00464671 0.00336462 0.01136770 0.00484224 0.00444477 0.61270313 0.08370282 0.00995748 0.01541150 0.01977060 0.00414290 0.01454860 0.02097690 0.00153817 0.00629130 0.14122503
128 0.01610181 0.00531992 0.00555377 0.00464784 0.00780440 0.00621467 0.00577452 0.00910353 0.00432710 0.13098208 0.05915524 0.00819467 0.01579401 0.02189731 0.00589669 0.01804011 0.01751861 0.00300900 0.00568929 0.64897540
129 0.02955339 0.03914919 0.01101070 0.02909739 0.00854093 0.62725582 0.03368979 0.01580090 0.01517520 0.00884870 0.02573059 0.03765259 0.00969258 0.00736533 0.00689729 0.04468119 0.02390859 0.00210043 0.00964432 0.01420510
130 0.03577229 0.04134339 0.01116320 0.02807519 0.00899297 0.62362878 0.03202989 0.01475909 0.01391880 0.00927259 0.02679709 0.03525169 0.00882764 0.00896981 0.00704315 0.04230209 0.02493209 0.00197105 0.00959604 0.01535319
131 0.02488580 0.01203110 0.02306830 0.69284293 0.00319148 0.01781650 0.05514379 0.02044170 0.00837903 0.01850040 0.01813810 0.03251390 0.00667818 0.00761897 0.00737334 0.02031380 0.01351180 0.00295136 0.00373534 0.01086420
132 0.01419480 0.00561042 0.00611726 0.00499812 0.00821804 0.00535606 0.00566076 0.00865987 0.00454882 0.13288503 0.06747632 0.00854096 0.01616120 0.02001851 0.00520261 0.01693340 0.01907650 0.00264870 0.00568443 0.64200816
133 0.01572869 0.70068776 0.01678309 0.01325780 0.00237840 0.02615259 0.01491059 0.01705099 0.00838392 0.00920346 0.01270860 0.08255877 0.00466054 0.00405572 0.00651208 0.01568179 0.02671019 0.00240523 0.01160820 0.00856159
134 0.01523630 0.00724802 0.00608477 0.00533795 0.00360282 0.00688653 0.00579727 0.00573976 0.00552240 0.06820349 0.71394987 0.00962680 0.03434389 0.01603100 0.00631186 0.01185980 0.00828090 0.00256350 0.01163870 0.05573439
135 0.04924499 0.01396020 0.02643350 0.01420540 0.00930407 0.00713817 0.01496470 0.72997287 0.00973894 0.00582532 0.01436450 0.01495080 0.00566221 0.00448455 0.00446481 0.03575049 0.01756990 0.00392430 0.00574761 0.01229270
136 0.04341838 0.02327039 0.01652299 0.00983126 0.01054770 0.01580959 0.01210519 0.02183159 0.00674920 0.02536719 0.01942939 0.01747389 0.01255319 0.00984391 0.00672893 0.05431218 0.65827570 0.00148947 0.00598128 0.02845859
137 0.02436390 0.01127820 0.02132590 0.70003608 0.00338735 0.01681250 0.05704501 0.02154390 0.00901240 0.01794840 0.01526560 0.03114260 0.00668300 0.00569106 0.00779343 0.02135150 0.01275780 0.00286844 0.00353820 0.01015470
138 0.01521161 0.01606141 0.00854254 0.00486098 0.00938654 0.01092440 0.00612492 0.00978529 0.02966041 0.01346871 0.03286291 0.00637316 0.00584941 0.10774704 0.00527544 0.00871348 0.01112330 0.00410143 0.67897728 0.01494971
139 0.03618749 0.00843924 0.00606901 0.01253410 0.00867925 0.01449440 0.00914027 0.02509639 0.00304728 0.01638740 0.01475350 0.02017870 0.00877270 0.00936558 0.01501850 0.73304082 0.03426699 0.00173099 0.00407182 0.01872560
140 0.02148400 0.39098598 0.00892629 0.01282030 0.00660043 0.02101410 0.02994190 0.00419406 0.00545170 0.00792612 0.15056399 0.26970499 0.00709492 0.00174682 0.00115883 0.00577173 0.00846383 0.00149946 0.03921490 0.00543565
141 0.01440230 0.01414450 0.00247165 0.00289669 0.00193440 0.00442477 0.14279002 0.00348946 0.00352556 0.60766708 0.01500570 0.02060630 0.00522701 0.00466468 0.00187692 0.01552270 0.11851202 0.00124197 0.00448286 0.01511340
142 0.01346888 0.01831347 0.01045709 0.00895743 0.00367749 0.36172050 0.06206471 0.00410969 0.12931682 0.12666683 0.00975081 0.01859047 0.00654287 0.00235970 0.00495265 0.03016936 0.17237076 0.00031143 0.00552263 0.01067639
143 0.02693278 0.04942427 0.02033569 0.01811669 0.00543044 0.00880445 0.02502808 0.23167886 0.01229719 0.01054529 0.01267969 0.49683670 0.00784214 0.00325453 0.00434808 0.03285278 0.01345879 0.00204803 0.00375683 0.01432869
144 0.03599708 0.00888160 0.00556362 0.01390999 0.00800544 0.01513849 0.00738142 0.02368519 0.00372382 0.01703599 0.01725919 0.02274339 0.00740751 0.00939513 0.01439619 0.73209968 0.03249879 0.00167283 0.00531367 0.01789099
145 0.02824819 0.01615789 0.01523169 0.04448318 0.00145136 0.02528789 0.71853765 0.02346369 0.01287659 0.01266039 0.01201959 0.03560048 0.00556456 0.00298753 0.00409570 0.01160429 0.01345159 0.00185772 0.00511037 0.00930965
146 0.02344201 0.00799329 0.00686636 0.16044105 0.00209354 0.66166721 0.02083571 0.01382430 0.01174080 0.00527319 0.01965721 0.02430501 0.00285722 0.00164149 0.00231674 0.00643543 0.01912631 0.00100316 0.00354011 0.00493986
147 0.03134190 0.04199520 0.01087720 0.02765450 0.00887652 0.62229103 0.03458370 0.01405650 0.01461930 0.00970580 0.02651520 0.03887220 0.01136030 0.00740214 0.00674302 0.04310440 0.02541210 0.00155159 0.00990198 0.01313540
148 0.01225470 0.00391125 0.00476440 0.01278850 0.00221343 0.00677539 0.01060970 0.00582845 0.00617344 0.01192990 0.05305729 0.01015680 0.38357894 0.00697711 0.42828794 0.02005760 0.00791860 0.00103553 0.00355068 0.00813037
149 0.03336111 0.03783031 0.01066490 0.02798520 0.00893926 0.62726710 0.03590151 0.01591470 0.01256980 0.00989304 0.02550010 0.03746571 0.00850176 0.00991273 0.00792635 0.03979821 0.02344710 0.00203920 0.01154470 0.01353720
150 0.00840742 0.00442300 0.00654253 0.00690338 0.00459088 0.00972388 0.00386995 0.00655055 0.00860103 0.03418320 0.02999350 0.00447817 0.00897949 0.70151303 0.00747103 0.01491720 0.01076340 0.00848805 0.08576940 0.03383090
151 0.73878914 0.00846332 0.00940352 0.01076300 0.01175040 0.01291630 0.01679980 0.03818551 0.00469267 0.02165510 0.01353240 0.01267380 0.00744418 0.00407181 0.01330420 0.02700981 0.02768651 0.00106328 0.00648253 0.01331270
152 0.01468880 0.00736151 0.00522507 0.00583705 0.00314207 0.00677450 0.00500375 0.00754255 0.00513560 0.06861642 0.71277016 0.00845455 0.03215901 0.01329630 0.00729647 0.01411350 0.01054090 0.00301686 0.01187150 0.05715341
153 0.02914819 0.01671800 0.01613800 0.04948879 0.00213009 0.02583029 0.71143882 0.02335309 0.01391520 0.01485320 0.01054280 0.03288159 0.00516551 0.00341006 0.00428495 0.01173630 0.01335570 0.00131613 0.00452845 0.00976487
154 0.02402201 0.01244930 0.02116211 0.69435117 0.00416468 0.01644250 0.05619121 0.02203671 0.01063570 0.01742420 0.01757220 0.03146561 0.00646981 0.00585460 0.00790298 0.02088191 0.01442120 0.00233096 0.00310553 0.01111560
155 0.05046640 0.01457050 0.02305710 0.01437830 0.00915810 0.00720595 0.01628820 0.72746396 0.01107340 0.00627846 0.01464810 0.01455400 0.00615220 0.00456933 0.00345253 0.03664660 0.01785940 0.00297684 0.00606955 0.01313110
156 0.00092923 0.00843623 0.00471432 0.00082206 0.00778481 0.00468172 0.00052110 0.00203547 0.03125850 0.01420490 0.01035210 0.00077618 0.00043217 0.17105398 0.00113463 0.00135667 0.00187603 0.00121020 0.73445789 0.00196183
157 0.00692879 0.43283393 0.01330340 0.01475780 0.00247263 0.01706150 0.00767102 0.00656184 0.01301960 0.00581111 0.00244341 0.44085693 0.00142408 0.00258282 0.00137194 0.01206420 0.01056350 0.00061341 0.00344488 0.00421322
158 0.01400250 0.00795587 0.00654303 0.00696967 0.00427212 0.00647919 0.00498738 0.00714408 0.00495057 0.06622580 0.71464501 0.00946230 0.03312200 0.01335580 0.00806543 0.01191610 0.00964473 0.00251971 0.01043410 0.05730460
159 0.00934759 0.00444228 0.00686668 0.00706852 0.00678928 0.00842740 0.00424526 0.00621902 0.00718182 0.03317831 0.03200891 0.00460041 0.01070680 0.69975817 0.00726357 0.01571880 0.01080500 0.00780593 0.08146972 0.03609651
160 0.01548040 0.00647563 0.00443595 0.00605306 0.00412379 0.00602495 0.00442776 0.00553541 0.00492413 0.06731669 0.71789592 0.00800356 0.03423430 0.01476850 0.00806225 0.01341810 0.00948741 0.00230461 0.01170160 0.05532599
161 0.01459020 0.69800798 0.01587210 0.01304290 0.00226311 0.02861830 0.01424100 0.01465030 0.00900844 0.01029600 0.01226840 0.08658190 0.00509463 0.00463687 0.00728044 0.01681910 0.02529900 0.00251910 0.01077270 0.00813754
162 0.01411010 0.00656740 0.00450358 0.00586795 0.00439780 0.00679171 0.00523984 0.00730249 0.00563903 0.06907720 0.71662105 0.00949038 0.03175850 0.01415770 0.00657012 0.01355260 0.00947873 0.00277810 0.01084890 0.05524680
163 0.01575900 0.00743224 0.00441389 0.00625491 0.00444429 0.00800317 0.00576841 0.00725172 0.00510227 0.06613451 0.71261914 0.01070830 0.03285081 0.01303380 0.00719366 0.01164000 0.01094410 0.00349635 0.01109450 0.05585491
164 0.00017539 0.00020182 0.00029945 0.00049843 0.00031366 0.00112054 0.00275620 0.00207643 0.00186051 0.02871819 0.46975491 0.00054502 0.00469313 0.06297339 0.01278030 0.00100250 0.02047920 0.00087511 0.03440889 0.35446693
165 0.00793621 0.00534926 0.00180149 0.00396774 0.00236894 0.00169921 0.00178940 0.00474175 0.00269795 0.06320400 0.19937699 0.00223165 0.01516090 0.02278480 0.00856569 0.00412316 0.02240860 0.00234350 0.00675082 0.62069796
166 0.00092076 0.00154353 0.00294357 0.00035977 0.00470044 0.01212881 0.00012784 0.00194288 0.00712776 0.08045238 0.01173341 0.00076523 0.00013424 0.42526043 0.00001559 0.00376633 0.00127881 0.00082095 0.40731141 0.03666584
167 0.02487569 0.00598273 0.00275579 0.00630835 0.00459424 0.00430346 0.01145470 0.00510960 0.00516910 0.61163685 0.08545898 0.00952525 0.01681140 0.01780120 0.00401937 0.01540800 0.02219189 0.00139951 0.00683394 0.13835997
168 0.01531910 0.70513901 0.01624180 0.01409020 0.00278657 0.02630950 0.01321370 0.01718270 0.01019010 0.01031370 0.01172350 0.08030170 0.00579296 0.00406266 0.00676360 0.01409190 0.02584490 0.00226040 0.01161800 0.00675399
169 0.01359471 0.00352498 0.00402149 0.00342607 0.00355531 0.00270780 0.00363565 0.01087240 0.00285845 0.04752272 0.02138121 0.00236667 0.00580449 0.54055424 0.00301852 0.02210071 0.00472557 0.00093376 0.02117611 0.28221913
170 0.03884639 0.01067330 0.00630988 0.00916409 0.00443363 0.00954380 0.01007540 0.00751956 0.00842420 0.01049510 0.02298779 0.01287450 0.00744074 0.01035180 0.75748273 0.03952639 0.01116500 0.00156415 0.00875200 0.01236960
171 0.00942187 0.00501717 0.00751340 0.00755829 0.00607154 0.00948690 0.00395691 0.00642914 0.00716124 0.03111691 0.03024161 0.00461038 0.00966041 0.69981721 0.00622172 0.01504290 0.01192780 0.00813473 0.08535573 0.03525411
172 0.01633410 0.70444494 0.01514610 0.01292410 0.00277798 0.02591360 0.01331870 0.01325040 0.00893532 0.00970828 0.01548060 0.08290909 0.00542315 0.00446142 0.00636532 0.01522100 0.02637360 0.00248045 0.00996050 0.00857137
173 0.01065100 0.00262146 0.00037377 0.00246982 0.00129485 0.00565927 0.00339790 0.00104684 0.00656292 0.00650748 0.00574751 0.00145284 0.00315543 0.00923462 0.80889574 0.11355296 0.00352041 0.00011880 0.01112560 0.00261080
174 0.04600930 0.02394500 0.01525270 0.00988281 0.01120350 0.01709740 0.01181580 0.01924990 0.00786018 0.02539900 0.01947660 0.01791340 0.01010540 0.00857381 0.00616408 0.05224330 0.65792799 0.00249494 0.00589789 0.03148700
175 0.00734973 0.00116478 0.00060685 0.00048858 0.00303842 0.00080469 0.00055506 0.00258140 0.00098862 0.33418116 0.03060391 0.00177904 0.00414556 0.00955045 0.00056719 0.00341465 0.01007960 0.00058666 0.00037836 0.58713528
176 0.03494341 0.04155471 0.01189870 0.03017871 0.00884920 0.62116417 0.03236821 0.01464010 0.01380590 0.00957417 0.02936141 0.03967541 0.00938756 0.00932155 0.00732151 0.03936581 0.02298321 0.00201669 0.00915335 0.01243620
177 0.04156941 0.01109820 0.00546112 0.00890314 0.00409011 0.00763830 0.00963791 0.00780073 0.00918913 0.01007060 0.02503431 0.01252560 0.00697711 0.00934779 0.75690121 0.04006641 0.01023750 0.00154389 0.00887479 0.01303270
178 0.03158661 0.01776060 0.01143090 0.00472160 0.00293390 0.00217276 0.01629730 0.00548602 0.00291798 0.53935611 0.02002490 0.10420102 0.01652910 0.00619144 0.00158633 0.02246790 0.14254603 0.00462579 0.00868128 0.03848241
179 0.54597678 0.00702585 0.00500553 0.00484766 0.00521078 0.00907137 0.01274609 0.01223330 0.00463417 0.05713468 0.01502769 0.02088449 0.00619409 0.00794916 0.02457679 0.02328149 0.03418089 0.00198639 0.00895490 0.19307792
