1 0.02568199 0.00651292 0.00239596 0.00310445 0.00782854 0.00482491 0.01252379 0.00707774 0.00222161 0.05313398 0.74167368 0.00481354 0.03868408 0.00815525 0.00791152 0.01001220 0.01186769 0.00396819 0.01112720 0.03648078
2 0.02987110 0.02863250 0.00261842 0.00356471 0.00562195 0.01979940 0.01543360 0.00660362 0.00533554 0.01486130 0.02027100 0.00651895 0.00643478 0.00310195 0.76938506 0.02186200 0.02556620 0.00106623 0.00191377 0.01153790
3 0.00295956 0.00879032 0.01313720 0.14641299 0.00086994 0.00467640 0.00375335 0.77310493 0.00061052 0.00074492 0.00164523 0.00344321 0.00067572 0.00084212 0.00106232 0.02886440 0.00179892 0.00114556 0.00396557 0.00149683
4 0.02534168 0.00274555 0.00526533 0.00709543 0.00534436 0.00366663 0.00723000 0.00683790 0.00216104 0.13336991 0.04621277 0.01066329 0.02432528 0.01618439 0.00448897 0.01701939 0.02850358 0.00217673 0.00404625 0.64732155
5 0.02537181 0.05607252 0.02273281 0.03408431 0.00264969 0.03627171 0.03458531 0.00746660 0.00586651 0.02803131 0.01242900 0.63241923 0.01448521 0.00887004 0.00528192 0.02223501 0.02508791 0.00329143 0.00453075 0.01823691
6 0.03569020 0.00916601 0.00615124 0.00268552 0.00395789 0.00685332 0.00848778 0.00408485 0.00545774 0.55939296 0.08193819 0.01220400 0.02687890 0.02340360 0.00626751 0.02279130 0.02657320 0.00358955 0.00843126 0.14599499
7 0.07601519 0.01310190 0.01086220 0.01186160 0.01518460 0.00680165 0.01607270 0.03067290 0.01109790 0.01865410 0.01571400 0.00909924 0.00659814 0.00938083 0.00951637 0.66656694 0.04250520 0.00197767 0.00910629 0.01921060
8 0.03192401 0.01044150 0.00603559 0.00301557 0.00401325 0.00915584 0.00922320 0.00363824 0.00557040 0.56279624 0.07945643 0.01284641 0.02706971 0.02277431 0.00697370 0.02185671 0.02428691 0.00354288 0.00955801 0.14582106
9 0.02676930 0.05712200 0.02226760 0.03257290 0.00275910 0.03888380 0.03560570 0.00958328 0.00588078 0.02847610 0.01255300 0.63008299 0.01256920 0.01050160 0.00478660 0.02044100 0.02483640 0.00498628 0.00383927 0.01548310
10 0.01462289 0.02358219 0.01977989 0.00246648 0.00367731 0.00437255 0.00560620 0.00232561 0.03034379 0.01770209 0.02621449 0.00459898 0.00853817 0.06317417 0.00182312 0.02203569 0.01534859 0.00882975 0.71571870 0.00923935
11 0.02774960 0.05613790 0.02231060 0.03141440 0.00190311 0.03636340 0.03547110 0.00768096 0.00665940 0.02677430 0.01136230 0.63804096 0.01354480 0.00890597 0.00511564 0.02185110 0.02495090 0.00373010 0.00486438 0.01516910
12 0.01494259 0.00729542 0.00608454 0.00201123 0.00449413 0.00377058 0.01122210 0.01041400 0.00824719 0.03822209 0.02059269 0.00572501 0.00715884 0.75700173 0.00129363 0.00892112 0.01413519 0.00546717 0.05506828 0.01793249
13 0.02456010 0.00611086 0.03580680 0.66764407 0.00425059 0.02805240 0.07224791 0.04357110 0.01285840 0.00439096 0.00757178 0.02536360 0.00307997 0.00223725 0.00227040 0.01991320 0.01878600 0.00293355 0.00196534 0.01638570
14 0.02519460 0.00533752 0.03326430 0.66629007 0.00432541 0.03042340 0.07503011 0.03943170 0.01300090 0.00526037 0.00766577 0.02567040 0.00230497 0.00236443 0.00267615 0.02222950 0.01875360 0.00302853 0.00175715 0.01599110
15 0.03350408 0.68599365 0.01067259 0.00607881 0.00609638 0.01750669 0.02574549 0.01066889 0.01566349 0.01260879 0.01762169 0.05349607 0.01380689 0.00996365 0.01464049 0.02143359 0.01818009 0.00411459 0.01743469 0.00476937
16 0.06299890 0.00757513 0.01124250 0.03537390 0.00301612 0.00661539 0.00892653 0.77255701 0.00652725 0.00350056 0.01075900 0.00598088 0.00195363 0.00519887 0.00288247 0.03394280 0.01022250 0.00201720 0.00239399 0.00631537
17 0.02785400 0.00296303 0.00523991 0.00927239 0.00486120 0.00339679 0.00656352 0.00663293 0.00285481 0.12374002 0.04239361 0.01182960 0.02583010 0.01390770 0.00501846 0.01947590 0.02661720 0.00240971 0.00411598 0.65502311
18 0.00998644 0.71623430 0.01392951 0.00155597 0.00123042 0.15604407 0.00537763 0.00733274 0.01646841 0.00260266 0.01349091 0.01699031 0.00447294 0.00635550 0.00542284 0.00723376 0.00303151 0.00135300 0.00155413 0.00933294
19 0.02205720 0.02664950 0.01854380 0.04998070 0.00459652 0.01800060 0.71445706 0.01458750 0.00639229 0.00808877 0.01885420 0.02262140 0.00293136 0.01275830 0.00917129 0.02076940 0.01411660 0.00180305 0.00556903 0.00805140
20 0.00966687 0.00593747 0.00298898 0.00273864 0.00299176 0.02441221 0.00884629 0.00278801 0.01746331 0.00759792 0.64057228 0.00844792 0.00577951 0.00285985 0.19655909 0.00581282 0.00372662 0.00112940 0.01448201 0.03519902
21 0.07628797 0.01246070 0.01098520 0.01377690 0.01677339 0.00712146 0.01825839 0.03288349 0.01146800 0.01526829 0.01438110 0.01013910 0.00659666 0.00921996 0.00960431 0.65980578 0.04331409 0.00198095 0.01054720 0.01912709
22 0.02615399 0.00626929 0.00310603 0.00356127 0.00780790 0.00520039 0.01100760 0.00634938 0.00250680 0.05478698 0.74166479 0.00543979 0.03892569 0.00807947 0.00671792 0.01077860 0.01051380 0.00297486 0.00983318 0.03832229
23 0.02886920 0.05503830 0.02082290 0.03211780 0.00235191 0.03798460 0.03401020 0.00853698 0.00681348 0.02745200 0.01239660 0.63586505 0.01274310 0.00927997 0.00425655 0.02301430 0.02474460 0.00460712 0.00392921 0.01516610
24 0.06504509 0.00788911 0.01329740 0.03310029 0.00234185 0.00663653 0.00845947 0.76911784 0.00661168 0.00457420 0.01050520 0.00635946 0.00232926 0.00477860 0.00366605 0.03398269 0.01098930 0.00217807 0.00207208 0.00606585
25 0.03430370 0.00940242 0.00631807 0.00302176 0.00369367 0.00750511 0.00921807 0.00430852 0.00475364 0.55968402 0.08184490 0.01271290 0.02809920 0.02139700 0.00603912 0.02328440 0.02508140 0.00321657 0.00832952 0.14778600
26 0.61761028 0.01373351 0.01429731 0.01218471 0.01271911 0.01605671 0.01427571 0.05508632 0.01281541 0.02727671 0.02664881 0.01447641 0.01065660 0.00677032 0.01291931 0.06448593 0.02796821 0.00416469 0.00753684 0.02831711
27 0.03614859 0.02303029 0.02571819 0.00520705 0.00461644 0.00345109 0.00559469 0.00493860 0.01260470 0.06388658 0.11918896 0.02365019 0.53184184 0.00965511 0.00883880 0.01630869 0.01951519 0.00668963 0.01124060 0.06787478
28 0.02061570 0.02645530 0.01902940 0.04618150 0.00437769 0.01811550 0.71720400 0.01419660 0.00522364 0.00900790 0.01677710 0.02565670 0.00308486 0.01088020 0.00953074 0.02412120 0.01516570 0.00140106 0.00583259 0.00714262
29 0.01059979 0.00041137 0.00241787 0.00088231 0.00193475 0.00126623 0.00102880 0.00335676 0.00040000 0.29360185 0.02056869 0.00072637 0.01721509 0.01384379 0.00079363 0.00254002 0.00623306 0.00048843 0.00059750 0.62109369
30 0.01098329 0.01653229 0.00454078 0.00527160 0.00162132 0.01880769 0.19638390 0.00302517 0.00334897 0.60472769 0.00916416 0.06503997 0.00269531 0.00755266 0.00644642 0.01561019 0.00940452 0.00188011 0.00164530 0.01531869
31 0.06525751 0.00811347 0.01379310 0.03418831 0.00246200 0.00668192 0.00814791 0.77060115 0.00660790 0.00450818 0.01130700 0.00659539 0.00237852 0.00438222 0.00342086 0.03404861 0.00959544 0.00206026 0.00182698 0.00402325
32 0.02924410 0.00313835 0.00510438 0.00979612 0.00446002 0.00380325 0.00625444 0.00639149 0.00286721 0.12408201 0.04228820 0.01171920 0.02636960 0.01553670 0.00486551 0.01801400 0.02844320 0.00189334 0.00352383 0.65220504
33 0.01448980 0.00626522 0.00158391 0.00074647 0.00253522 0.00237212 0.00272245 0.00398444 0.00067173 0.27345895 0.54866090 0.00093711 0.05705879 0.00383462 0.00052664 0.00534957 0.01698680 0.00131443 0.00651916 0.04998169
34 0.00585521 0.20749295 0.00075713 0.00180933 0.00021177 0.00833701 0.01451770 0.00035811 0.00070128 0.00502622 0.00307761 0.00232372 0.00056132 0.00135901 0.70884982 0.00307345 0.03229029 0.00011052 0.00069790 0.00258966
35 0.00893264 0.00047193 0.00133842 0.00097314 0.00053541 0.00023939 0.00091950 0.00201410 0.00147770 0.03403131 0.00031464 0.00034945 0.00049256 0.81270532 0.00011711 0.00120501 0.01346411 0.00004909 0.11982505 0.00054412
36 0.06416882 0.02748531 0.03322711 0.02174361 0.00702670 0.00869020 0.02239601 0.02344931 0.55953614 0.02311161 0.01480270 0.01709760 0.01741180 0.02790611 0.00722905 0.04238531 0.01628450 0.00573731 0.05091601 0.00939479
37 0.07247431 0.01158180 0.01042790 0.01296080 0.01426700 0.00716909 0.01772930 0.03220720 0.01158150 0.01653480 0.01420350 0.01016170 0.00568224 0.00875736 0.00964949 0.66799807 0.04415720 0.00176446 0.00944905 0.02124320
38 0.01690130 0.02344020 0.01886910 0.00200121 0.00273940 0.00428622 0.00690492 0.00242771 0.02880029 0.01735340 0.02476819 0.00468463 0.00795436 0.06650199 0.00166581 0.02251460 0.01375710 0.00935055 0.71551685 0.00956220
39 0.03132359 0.74191169 0.01312789 0.00845889 0.00114904 0.02231429 0.00293591 0.00188354 0.10101396 0.00389971 0.00328107 0.00894107 0.00088631 0.00427515 0.00137178 0.00901883 0.00539875 0.00138375 0.03590088 0.00152392
40 0.01628420 0.00791579 0.00628527 0.00208364 0.00479116 0.00412584 0.01273550 0.01017310 0.00941197 0.03748681 0.02169441 0.00542153 0.00673102 0.75129722 0.00145946 0.01079620 0.01469490 0.00426033 0.05508882 0.01726281
41 0.05265870 0.01628800 0.01323190 0.03049600 0.00169691 0.68605598 0.03620710 0.01267830 0.00424146 0.01792330 0.01378270 0.04371380 0.00301188 0.00579452 0.01607460 0.01269440 0.01280180 0.00245460 0.00546106 0.01273300
42 0.01479711 0.00600199 0.00341579 0.00846811 0.00407793 0.01981741 0.00517127 0.02453121 0.00707431 0.01024010 0.00811167 0.00490947 0.00410620 0.08015973 0.00102740 0.72011725 0.01043660 0.00025521 0.05027122 0.01701001
43 0.01649491 0.02215511 0.02101681 0.00244340 0.00277935 0.00571164 0.00760802 0.00241655 0.03086371 0.01703481 0.02595941 0.00457439 0.00886573 0.06304802 0.00165237 0.02197861 0.01425121 0.00729919 0.71457226 0.00927449
44 0.02576561 0.00836849 0.00289482 0.00322561 0.00748407 0.00486805 0.01198520 0.00751352 0.00308595 0.05284472 0.74060722 0.00441218 0.03852991 0.00770559 0.00751702 0.01080990 0.01072660 0.00338580 0.01014410 0.03812561
45 0.01525020 0.00752034 0.00610089 0.00243814 0.00531400 0.00401842 0.01323430 0.00978577 0.00896564 0.03919850 0.02019060 0.00729277 0.00632938 0.74867903 0.00138424 0.01118660 0.01356080 0.00567667 0.05502310 0.01885060
46 0.02613839 0.00798294 0.00291570 0.00312304 0.00811586 0.00511365 0.01170730 0.00770087 0.00277668 0.05584598 0.73511872 0.00557928 0.04078118 0.00835973 0.00793677 0.01049860 0.01028920 0.00293986 0.01011790 0.03695839
47 0.04984572 0.01639411 0.01121821 0.02962621 0.00249715 0.69006332 0.03832372 0.01127821 0.00402603 0.01828781 0.01345341 0.04470592 0.00385160 0.00458355 0.01503821 0.01257341 0.01324871 0.00323208 0.00477892 0.01297371
48 0.01156560 0.00019777 0.00296118 0.00045646 0.00145414 0.00030858 0.00067270 0.00441069 0.00012063 0.24453704 0.01125940 0.00066988 0.01535630 0.01309960 0.00047017 0.00282116 0.00533836 0.00080497 0.00101325 0.68248211
49 0.04643420 0.00294143 0.00883476 0.00916412 0.00620540 0.01683560 0.00899700 0.02003800 0.00639750 0.01255890 0.00671929 0.00373235 0.00198688 0.00328776 0.00403894 0.65424395 0.17170499 0.00082180 0.00532419 0.00973296
50 0.02277090 0.00080052 0.02246520 0.76664096 0.00479519 0.00272867 0.14224799 0.00569175 0.00582599 0.00073720 0.00155479 0.00248414 0.00019401 0.00033298 0.00055441 0.00623978 0.00924021 0.00012837 0.00039375 0.00417319
51 0.02734949 0.00286653 0.00536175 0.00786891 0.00459923 0.00448963 0.00625287 0.00666237 0.00233302 0.12310297 0.04714749 0.01256770 0.02742889 0.01543280 0.00446862 0.01990390 0.02755839 0.00241331 0.00435929 0.64783285
52 0.06547533 0.02838481 0.03556601 0.02210521 0.00656724 0.00823542 0.02365961 0.02252171 0.55777123 0.02585471 0.01294501 0.01531691 0.01613951 0.02907831 0.00655040 0.04066652 0.01894681 0.00692123 0.04729082 0.01000320
53 0.03618709 0.00955486 0.00525883 0.00286051 0.00394787 0.00856763 0.00850655 0.00383565 0.00516625 0.56429385 0.07964628 0.01156120 0.02825849 0.02299349 0.00621816 0.02249099 0.02406739 0.00291886 0.01063510 0.14303096
54 0.00224198 0.01307070 0.76605912 0.00221495 0.00776904 0.00643732 0.00195237 0.00626843 0.00176532 0.00472121 0.00693627 0.01056380 0.13562302 0.00306320 0.00062040 0.00952326 0.00428933 0.00149017 0.00280819 0.01258190
55 0.62703908 0.01494010 0.01467210 0.00871603 0.01643510 0.01429620 0.01245970 0.05363111 0.01325150 0.02572570 0.02575860 0.01444800 0.01181850 0.00703712 0.01461680 0.06272871 0.02609520 0.00414481 0.00622702 0.02595860
56 0.01276030 0.00501407 0.00350279 0.00106695 0.00420220 0.00108388 0.00291449 0.00186655 0.00366460 0.51316592 0.11914298 0.00149540 0.15300998 0.00273601 0.00128755 0.00766198 0.00679950 0.00134719 0.00244270 0.15483498
57 0.07252468 0.01103470 0.01118250 0.01399770 0.01585810 0.00715092 0.01833679 0.03268989 0.01029380 0.01759769 0.01383200 0.00930632 0.00548734 0.00910136 0.00925347 0.66892181 0.04263059 0.00187078 0.01109810 0.01783149
58 0.00605576 0.00974383 0.00288795 0.00696517 0.00217053 0.00199854 0.00404733 0.00647663 0.00347836 0.01834191 0.00758623 0.00723809 0.00600822 0.00237136 0.00373060 0.01597431 0.72049155 0.00086630 0.00204917 0.17151813
59 0.02236390 0.01079920 0.00696803 0.00171326 0.00132579 0.00165348 0.00306454 0.00177943 0.01533610 0.24927600 0.08668360 0.00353430 0.49984601 0.00331205 0.00178628 0.01057310 0.00599675 0.00106767 0.01075170 0.06216880
60 0.02775311 0.05969302 0.02284821 0.03208581 0.00223506 0.03827581 0.03514491 0.00804358 0.00629566 0.02707511 0.01159630 0.63568717 0.01307470 0.00906516 0.00412381 0.02060151 0.02339911 0.00297989 0.00512427 0.01489780
61 0.01605701 0.00835627 0.00624239 0.00189133 0.00428659 0.00421631 0.01301690 0.01145700 0.01009610 0.03864591 0.02157111 0.00578109 0.00757448 0.74656225 0.00159929 0.01014430 0.01379310 0.00667971 0.05311622 0.01891261
62 0.04957989 0.01730840 0.01160520 0.03112169 0.00206507 0.68532081 0.03733589 0.01287140 0.00495101 0.01851989 0.01459780 0.04704989 0.00288738 0.00595729 0.01323910 0.01249390 0.01198800 0.00270506 0.00457617 0.01382620
63 0.03547669 0.00845586 0.00526610 0.00307725 0.00386290 0.00740805 0.00825507 0.00342361 0.00462674 0.56678391 0.07664119 0.01112150 0.02528550 0.02346770 0.00665718 0.02250500 0.02556320 0.00311732 0.00840728 0.15059798
64 0.02482690 0.01138280 0.70290404 0.03022360 0.00664898 0.01272960 0.01990300 0.01794670 0.01673440 0.01005210 0.01028470 0.02757260 0.02291280 0.00677719 0.00345317 0.02419370 0.01955870 0.00259790 0.01904290 0.01025420
65 0.00731033 0.00066308 0.00347850 0.00232524 0.00371279 0.00262661 0.00519108 0.00243287 0.00172863 0.08411444 0.71102732 0.00192206 0.06995653 0.00515388 0.00083760 0.00600408 0.07747963 0.00100942 0.00894167 0.00408422
66 0.02090860 0.02522429 0.01954680 0.05065499 0.00517842 0.01704850 0.71538786 0.01554230 0.00717946 0.00927974 0.01825690 0.02172230 0.00251412 0.01022350 0.00918261 0.02326400 0.01328020 0.00149502 0.00513957 0.00897086
67 0.02499011 0.00622326 0.03418371 0.66906518 0.00453856 0.02924281 0.07273292 0.03866551 0.01340780 0.00507381 0.00728559 0.02573941 0.00347238 0.00219984 0.00248963 0.02059451 0.01956001 0.00254104 0.00175362 0.01624030
68 0.54666975 0.00345238 0.01420899 0.00437437 0.00921020 0.00299206 0.00369757 0.01719599 0.01415059 0.00563938 0.01035840 0.00537414 0.00370182 0.00144147 0.00329138 0.31997985 0.02754919 0.00071807 0.00253346 0.00346097
69 0.04183931 0.01330800 0.01233850 0.01425120 0.00590368 0.00790433 0.01379710 0.01572030 0.00689122 0.03592731 0.02282070 0.02168490 0.01252810 0.01170430 0.01160310 0.06187581 0.62754213 0.00288046 0.01094740 0.04853211
70 0.03561710 0.02444090 0.02406760 0.00444150 0.00414554 0.00355254 0.00676039 0.00462315 0.01135930 0.06416511 0.12407101 0.02458330 0.52581706 0.00962311 0.00852268 0.01715010 0.01851480 0.00980890 0.00944788 0.06928801
71 0.00238473 0.07197179 0.01296490 0.04484129 0.00040173 0.05083669 0.02456940 0.00011821 0.00026798 0.04103099 0.00274284 0.71299087 0.00093394 0.00088432 0.00010216 0.01810290 0.00763995 0.00004639 0.00023462 0.00693431
72 0.02218718 0.00342902 0.01063519 0.50259160 0.00346098 0.02795438 0.05689895 0.04829666 0.01137189 0.00436152 0.00700393 0.01538949 0.00250963 0.00160340 0.00215771 0.23833581 0.01609419 0.00185984 0.00106936 0.02278928
73 0.02225849 0.02629129 0.01779589 0.04742098 0.00428740 0.01584099 0.71843376 0.01485149 0.00766890 0.00960750 0.01849479 0.02412649 0.00317656 0.01047340 0.00958236 0.02227949 0.01384820 0.00082968 0.00502812 0.00770422
74 0.02098540 0.02492630 0.01998400 0.05243150 0.00451718 0.01698430 0.71207897 0.01566450 0.00563272 0.00984374 0.01812170 0.02193780 0.00309794 0.01076560 0.00922155 0.02408810 0.01464160 0.00198941 0.00461484 0.00847286
75 0.01590800 0.00675381 0.00594403 0.00168686 0.00401340 0.00415772 0.01172030 0.00963816 0.01074180 0.03935351 0.02135990 0.00561604 0.00728549 0.74974112 0.00085254 0.01043160 0.01347140 0.00628450 0.05604561 0.01899420
76 0.61930520 0.01488180 0.01329350 0.01128880 0.01212800 0.01801831 0.01327450 0.05202802 0.01353180 0.03035051 0.02607261 0.01579851 0.01211670 0.00716230 0.01389480 0.06272662 0.02699721 0.00271501 0.00781247 0.02660331
77 0.02484609 0.00691539 0.00340403 0.00411541 0.00771823 0.00545043 0.01199859 0.00782041 0.00274843 0.05360738 0.73902967 0.00510456 0.03907498 0.00748329 0.00741791 0.01253839 0.01121900 0.00311165 0.00976600 0.03663018
78 0.04970212 0.01867881 0.01222230 0.02949291 0.00220714 0.69675122 0.03429911 0.01063890 0.00378923 0.01923701 0.01361670 0.04312631 0.00427368 0.00531949 0.01365500 0.01074800 0.01249750 0.00186744 0.00474441 0.01313270
79 0.34952186 0.00418989 0.01932119 0.00386475 0.01097820 0.00122989 0.00943332 0.01607119 0.00866276 0.01533719 0.00550061 0.00825873 0.00100935 0.00177007 0.00282548 0.36686185 0.16088794 0.00137395 0.00375031 0.00915149
80 0.35641206 0.00322136 0.00786362 0.00290130 0.01642660 0.00089295 0.00285247 0.00597845 0.01038870 0.00321274 0.00772128 0.00320983 0.00262633 0.00206682 0.00616091 0.53101409 0.02922010 0.00038853 0.00444920 0.00299264
81 0.00613883 0.05894952 0.01344040 0.03900951 0.00092819 0.04027891 0.02829651 0.00116726 0.00218618 0.06247082 0.00756799 0.70261323 0.00265577 0.00118394 0.00091724 0.01705031 0.00986782 0.00035578 0.00104821 0.00387356
82 0.00608739 0.00139402 0.00186529 0.00128292 0.00273644 0.00110760 0.00221076 0.00109462 0.00067315 0.32928428 0.48164841 0.00175339 0.06354205 0.00418572 0.00029313 0.00328952 0.01371761 0.00055504 0.00702179 0.07625686
83 0.01661761 0.02447741 0.01896871 0.00245233 0.00326175 0.00462384 0.00689806 0.00260837 0.02861302 0.01737931 0.02676102 0.00512009 0.00724847 0.06507054 0.00177687 0.02291311 0.01477041 0.00661426 0.71548242 0.00834237
84 0.05093051 0.01773660 0.01230640 0.02766710 0.00184896 0.69346108 0.03491040 0.01050060 0.00405341 0.01818330 0.01310410 0.04753321 0.00332495 0.00618057 0.01163540 0.01283520 0.01299940 0.00277752 0.00500438 0.01300690
85 0.02231741 0.02383051 0.02007171 0.04992862 0.00344746 0.01621361 0.71310224 0.01568161 0.00774467 0.00755915 0.01741741 0.02212531 0.00326760 0.01259450 0.00900067 0.02586171 0.01430650 0.00148776 0.00557250 0.00846905
86 0.00494083 0.00120578 0.00150537 0.00215383 0.00339466 0.00175887 0.00606682 0.00473578 0.00108615 0.09207055 0.70708535 0.00261988 0.07599174 0.00582405 0.00140822 0.00610748 0.06317593 0.00124070 0.01062561 0.00700239
87 0.00847766 0.00037285 0.00324973 0.00076229 0.00282429 0.00019813 0.00095681 0.00274556 0.00026998 0.37382969 0.03141777 0.00164762 0.02037838 0.01367689 0.00043681 0.00177579 0.00686151 0.00034333 0.00040733 0.52936757
88 0.03250259 0.69989987 0.00990053 0.00578344 0.00596609 0.01831560 0.02344460 0.01124110 0.01537930 0.01380910 0.01746390 0.04902469 0.01096880 0.00941941 0.01687810 0.02219040 0.01466700 0.00446517 0.01498940 0.00369094
89 0.07477477 0.01278300 0.01012660 0.01306600 0.01504649 0.00608894 0.01781209 0.03094449 0.01062730 0.01815059 0.01511499 0.01064700 0.00638195 0.00818493 0.00863832 0.66844875 0.04211288 0.00172033 0.01118280 0.01814779
90 0.02514140 0.00627078 0.03185399 0.66433987 0.00445328 0.02857319 0.07668539 0.04316859 0.01156570 0.00495987 0.00743009 0.02784699 0.00289516 0.00248794 0.00269042 0.02251270 0.01808970 0.00267947 0.00207518 0.01428030
91 0.02733500 0.00280853 0.00612220 0.00869771 0.00508348 0.00476438 0.00629671 0.00725316 0.00298364 0.12746000 0.04368460 0.01113370 0.02691210 0.01405960 0.00366344 0.01867920 0.02782500 0.00270403 0.00448949 0.64804402
92 0.02437539 0.00812076 0.00364442 0.00266690 0.00720121 0.00444798 0.01063789 0.00712727 0.00289140 0.05369777 0.73875455 0.00568339 0.04193247 0.00881765 0.00763632 0.01172439 0.01113479 0.00284300 0.01010279 0.03655968
93 0.02777779 0.05758247 0.02184119 0.03323558 0.00291834 0.03882728 0.03244278 0.00849902 0.00623340 0.02714369 0.01180679 0.63951769 0.01259469 0.00956280 0.00444045 0.02091679 0.02379489 0.00300357 0.00249950 0.01536129
94 0.00657561 0.00068705 0.00188911 0.00015400 0.00590070 0.00021457 0.00022496 0.00111009 0.00033877 0.61443394 0.12376199 0.00010417 0.03198560 0.00012053 0.00007602 0.00069074 0.00045125 0.00033038 0.00007254 0.21087798
95 0.02404911 0.01202410 0.70228815 0.03167061 0.00548479 0.01267600 0.02146200 0.02072650 0.01385580 0.01214950 0.00890506 0.02767361 0.02470211 0.00645059 0.00279286 0.02462931 0.01834670 0.00349229 0.01545060 0.01117030
96 0.02466370 0.05656120 0.02151900 0.03232150 0.00280090 0.03652710 0.03495020 0.00780691 0.00582703 0.02792940 0.01018020 0.64755104 0.01199590 0.00833832 0.00476418 0.02054890 0.02356140 0.00363175 0.00347985 0.01504150
97 0.00145571 0.00024627 0.00192857 0.00018156 0.00600027 0.00016295 0.00029341 0.00042275 0.00031631 0.61585843 0.12105709 0.00007194 0.03411162 0.00016481 0.00010123 0.00078108 0.00033291 0.00024779 0.00009514 0.21617015
98 0.02534879 0.00723653 0.00333417 0.00340981 0.00766178 0.00422482 0.01163540 0.00701548 0.00310012 0.05444088 0.73959770 0.00504745 0.04123298 0.00808000 0.00738797 0.01113450 0.01039940 0.00309317 0.00877670 0.03784238
99 0.00648213 0.00408753 0.79443883 0.00403194 0.00334278 0.00880148 0.00674722 0.01694410 0.00222092 0.00358774 0.00774310 0.01007160 0.00867524 0.00147632 0.00297445 0.09625058 0.01120150 0.00149060 0.00330156 0.00613041
100 0.02342870 0.04990920 0.00769080 0.02748270 0.00173746 0.01952140 0.09997290 0.00235790 0.00518819 0.02139810 0.01037690 0.68238703 0.00102025 0.00847025 0.00173032 0.00984132 0.02176750 0.00031924 0.00208713 0.00331270
101 0.02028281 0.02670821 0.01867761 0.05329903 0.00352043 0.01715141 0.71121938 0.01542261 0.00573795 0.00924024 0.01950211 0.02372041 0.00384434 0.01163861 0.01050451 0.02177701 0.01400341 0.00065527 0.00518507 0.00790957
102 0.00954646 0.05217698 0.01051970 0.03409909 0.00129381 0.02088159 0.02167789 0.00653790 0.00258097 0.02785419 0.00807724 0.71874970 0.00803814 0.00482610 0.00121406 0.05347278 0.01130320 0.00217663 0.00161098 0.00336263
103 0.02605191 0.00728558 0.00304108 0.00358212 0.00722426 0.00422349 0.01189341 0.00740361 0.00273298 0.05529053 0.73978936 0.00548396 0.03622372 0.00891788 0.00756174 0.01084521 0.01150031 0.00276322 0.01032970 0.03785592
104 0.06300531 0.00752134 0.01257410 0.03584190 0.00264748 0.00683596 0.00768443 0.77399509 0.00575311 0.00403809 0.01016750 0.00634850 0.00189535 0.00466956 0.00371735 0.03502170 0.00872824 0.00162901 0.00218237 0.00574360
105 0.68109618 0.00498207 0.02117161 0.00841100 0.00680410 0.01017940 0.12662403 0.00709468 0.00791935 0.01071200 0.01325140 0.02140361 0.00520981 0.00339973 0.01774780 0.01485450 0.01868241 0.00106248 0.00186861 0.01752520
106 0.02143760 0.02490960 0.01932500 0.04818270 0.00408076 0.01631250 0.71805997 0.01464310 0.00694431 0.00996672 0.01955530 0.02174110 0.00318079 0.01161520 0.01028730 0.02099710 0.01437450 0.00134302 0.00530112 0.00774232
107 0.03172971 0.01014980 0.00672419 0.00330089 0.00357128 0.00760441 0.00926547 0.00453913 0.00500477 0.55845718 0.08145213 0.01020410 0.02931681 0.02416951 0.00540552 0.02307431 0.02565591 0.00303761 0.01008820 0.14724905
108 0.03684731 0.02547600 0.01252420 0.01429090 0.00189491 0.00723907 0.00712557 0.00919211 0.00940534 0.01378890 0.03867721 0.01427000 0.03012760 0.04523101 0.00253726 0.01284500 0.01331170 0.65307809 0.03519120 0.01694660
109 0.01119150 0.00042472 0.00176403 0.00124302 0.00176379 0.00025798 0.00078796 0.00386817 0.00041532 0.29053807 0.01964610 0.00102004 0.01732170 0.01389590 0.00059308 0.00255778 0.00689219 0.00050034 0.00054915 0.62476915
110 0.03658460 0.02269780 0.02565700 0.00504049 0.00452568 0.00379595 0.00559854 0.00546244 0.01227520 0.06263860 0.11550700 0.02331080 0.53198601 0.01017150 0.00878030 0.01612090 0.02049240 0.00762378 0.01087510 0.07085590
111 0.02502341 0.00621878 0.00336410 0.00436910 0.00712163 0.00463235 0.01163200 0.00765313 0.00245962 0.05388402 0.74268124 0.00476809 0.03840301 0.00755213 0.00787047 0.01080780 0.01041500 0.00237615 0.00957713 0.03919081
112 0.02601242 0.00653848 0.00322126 0.00371660 0.00748147 0.00612065 0.01074791 0.00708776 0.00297194 0.05484694 0.73945848 0.00425280 0.03813462 0.00791026 0.00900702 0.00937682 0.01184221 0.00256352 0.01071091 0.03799792
113 0.07529388 0.01076500 0.01188340 0.01350380 0.01525870 0.00669661 0.01698399 0.03359869 0.01142040 0.01703639 0.01507210 0.01093310 0.00516907 0.00907485 0.00893571 0.66553779 0.04099259 0.00233327 0.01060800 0.01890269
114 0.04962030 0.01888080 0.01100310 0.03080130 0.00161330 0.69563697 0.03593950 0.01126170 0.00345712 0.01804160 0.01412360 0.04544860 0.00230691 0.00465925 0.01467400 0.01060340 0.01189110 0.00259717 0.00423869 0.01320160
115 0.02739280 0.00283946 0.00540323 0.00865439 0.00483220 0.00527616 0.00689787 0.00649324 0.00189499 0.12873898 0.04323199 0.01214830 0.02663250 0.01443150 0.00414550 0.01934500 0.02964230 0.00202431 0.00363938 0.64633592
116 0.08545200 0.01622520 0.01222220 0.00779622 0.60577802 0.00461770 0.01646970 0.01142180 0.00614288 0.01519190 0.04820870 0.00759772 0.00922288 0.01384440 0.01376490 0.06797750 0.01750530 0.00104797 0.00695120 0.03256180
117 0.05192429 0.01587810 0.01118050 0.02678790 0.00237351 0.69756887 0.03511949 0.01031110 0.00419432 0.01837790 0.01413760 0.04331379 0.00350194 0.00542385 0.01536820 0.01260840 0.01218550 0.00210056 0.00478590 0.01285830
118 0.51042076 0.00101799 0.00155706 0.00234000 0.00519984 0.00458693 0.00229478 0.25111388 0.00633581 0.00453682 0.00482283 0.00299296 0.00505173 0.01895069 0.00582400 0.03838628 0.12576594 0.00044240 0.00066851 0.00769081
119 0.02454700 0.00684809 0.00300216 0.00398865 0.00706725 0.00431636 0.01176700 0.00756313 0.00275328 0.05269081 0.74531113 0.00597783 0.03867111 0.00798352 0.00775375 0.01071870 0.01055600 0.00238477 0.00998984 0.03610961
120 0.62342207 0.01089120 0.01322030 0.01196640 0.01234290 0.01595300 0.01421160 0.05271291 0.01294970 0.02614030 0.02562810 0.01494250 0.01149500 0.00814226 0.01495040 0.06602371 0.02648590 0.00333822 0.00690311 0.02828040
121 0.62743462 0.01490039 0.01351109 0.01031399 0.01489819 0.01842589 0.01309739 0.05262887 0.01218409 0.02303679 0.02426049 0.01397009 0.01130839 0.00697333 0.01491939 0.06489546 0.02660108 0.00273199 0.00681789 0.02709058
122 0.06605522 0.00829803 0.01291300 0.03635111 0.00225893 0.00670943 0.00798841 0.76017422 0.00617707 0.00517361 0.01154400 0.00633772 0.00238687 0.00712146 0.00330980 0.03628811 0.01068690 0.00180141 0.00219862 0.00622605
123 0.03299709 0.00269228 0.00305927 0.00155249 0.00154475 0.00243763 0.00460075 0.00498606 0.00228305 0.56538087 0.02397339 0.00401593 0.00655112 0.01729860 0.00185929 0.05354319 0.19861495 0.00207281 0.01219820 0.05833829
124 0.03293008 0.00911220 0.00598237 0.00388088 0.00374403 0.00866712 0.00883000 0.00342035 0.00593270 0.56204858 0.08072834 0.01354599 0.02867868 0.02149508 0.00599816 0.02257168 0.02458038 0.00301165 0.00765484 0.14718689
125 0.00952298 0.00123740 0.00488670 0.00130816 0.00357343 0.00353923 0.00277478 0.00218247 0.00191341 0.12355104 0.32940010 0.00535883 0.02018201 0.03270991 0.01147350 0.01129710 0.01549280 0.00132946 0.00182256 0.41644412
126 0.03511110 0.02225050 0.02606490 0.00495965 0.00436825 0.00413564 0.00551145 0.00482107 0.01313050 0.06655220 0.12255899 0.02255810 0.52606696 0.01242890 0.00846781 0.01561270 0.01748340 0.00713210 0.01173750 0.06904830
127 0.07504102 0.01114710 0.01184080 0.01378450 0.01554250 0.00672835 0.01637431 0.03204231 0.01180750 0.01723561 0.01472610 0.00889853 0.00572635 0.00812694 0.00911961 0.66975721 0.04338901 0.00113740 0.01021750 0.01735731
128 0.02618829 0.01325250 0.69647783 0.02980449 0.00553095 0.01310510 0.01990290 0.01959420 0.01514410 0.01212530 0.00937741 0.02868909 0.02487549 0.00754102 0.00254622 0.02523629 0.01917950 0.00372065 0.01690110 0.01080760
129 0.02478549 0.00595288 0.00349861 0.00362090 0.00676081 0.00462248 0.01221289 0.00777909 0.00265665 0.05345858 0.74514768 0.00388726 0.03661098 0.00844634 0.00846508 0.01004730 0.01121790 0.00230793 0.01067240 0.03784878
130 0.01185171 0.00019190 0.00109365 0.00070689 0.00132372 0.00013354 0.00085467 0.00382024 0.00012901 0.23519616 0.00943671 0.00063750 0.01442641 0.01404521 0.00014801 0.00271271 0.00573046 0.00015785 0.00124420 0.69615946
131 0.03228400 0.69068399 0.00993703 0.00544330 0.00642789 0.01646530 0.02604920 0.01079180 0.01605960 0.01401060 0.01788000 0.05181640 0.01184490 0.00998899 0.01440310 0.02303290 0.01547260 0.00490442 0.01764920 0.00485478
132 0.02494619 0.00772023 0.00322085 0.00423619 0.00711655 0.00486883 0.01173940 0.00704934 0.00248733 0.05375579 0.73835280 0.00505522 0.04034479 0.00951532 0.00674061 0.00987525 0.01073990 0.00354355 0.01158620 0.03710569
133 0.02471839 0.00662053 0.03469809 0.66841481 0.00488411 0.02881699 0.07406108 0.04096179 0.01255790 0.00498384 0.00919763 0.02467219 0.00244855 0.00168062 0.00278655 0.01995819 0.01842739 0.00194182 0.00169354 0.01647600
134 0.01747850 0.00267545 0.01542610 0.00400982 0.00586958 0.01075990 0.01289310 0.00289863 0.00516895 0.01566420 0.19688995 0.00989603 0.01309260 0.02993389 0.00358162 0.23730193 0.02642779 0.00278545 0.00060264 0.38664389
135 0.02673531 0.00674224 0.00302767 0.00304032 0.00681609 0.00552064 0.01209530 0.00757500 0.00240597 0.05404351 0.74020419 0.00571192 0.03767651 0.00766061 0.00781514 0.01212350 0.01024740 0.00242154 0.01019300 0.03794411
136 0.01588290 0.02484809 0.01929199 0.00180598 0.00295362 0.00481538 0.00612956 0.00226413 0.02884139 0.01745599 0.02779789 0.00448232 0.00777509 0.06754888 0.00183910 0.02328179 0.01457120 0.01019160 0.70967879 0.00854432
137 0.02509699 0.00595080 0.00272839 0.00302559 0.00779145 0.00447196 0.01167740 0.00806134 0.00324666 0.05305968 0.74443075 0.00500090 0.03969629 0.00766083 0.00810049 0.01004490 0.01084390 0.00252112 0.01007240 0.03651819
138 0.01512589 0.00703215 0.00644304 0.00231750 0.00437320 0.00410650 0.01577099 0.01013629 0.01042719 0.03750288 0.02142309 0.00718555 0.00705079 0.74619663 0.00118329 0.01021279 0.01385419 0.00578348 0.05409847 0.01977609
139 0.06062878 0.00714441 0.01209730 0.03511369 0.00209786 0.00672671 0.01032400 0.77066876 0.00710096 0.00398480 0.01054660 0.00565845 0.00236958 0.00508201 0.00319770 0.03586069 0.01047070 0.00190228 0.00240622 0.00661853
140 0.01593220 0.00878298 0.00699329 0.00211451 0.00535163 0.00375347 0.01312490 0.01070280 0.01026420 0.03948881 0.02054760 0.00541898 0.00666570 0.74402913 0.00247238 0.00972928 0.01515050 0.00613281 0.05579721 0.01754760
141 0.01859601 0.01200700 0.01676101 0.10703003 0.00395998 0.00660001 0.01000770 0.00530088 0.01040360 0.02158071 0.02755421 0.01376300 0.55242018 0.00534161 0.00456101 0.01380210 0.01916111 0.00450778 0.00516201 0.14148005
142 0.02817259 0.00247351 0.00415478 0.00847846 0.00515480 0.00563296 0.00685859 0.00724332 0.00239710 0.12416394 0.03977908 0.01147249 0.02720739 0.01485629 0.00458222 0.01735669 0.03029629 0.00286548 0.00428437 0.65256968
143 0.06663271 0.00778500 0.01255170 0.03288341 0.00233214 0.00710033 0.00844434 0.76834916 0.00626442 0.00429600 0.00934664 0.00630164 0.00226172 0.00505035 0.00380420 0.03534401 0.01063580 0.00177380 0.00207834 0.00676427
144 0.60329628 0.00220880 0.01479681 0.00357824 0.00616275 0.00251473 0.00249456 0.02222291 0.01315961 0.00420453 0.00988817 0.00431315 0.00218946 0.00076070 0.00169942 0.27765513 0.02487961 0.00031866 0.00133586 0.00232061
145 0.06694508 0.00351589 0.10035597 0.00746842 0.16014195 0.00865027 0.00446062 0.01103000 0.00419747 0.00688662 0.01396290 0.00558650 0.00541577 0.00336812 0.00165746 0.56951183 0.01616460 0.00089428 0.00329303 0.00649324
146 0.00732124 0.00101122 0.01609319 0.00396477 0.00364619 0.00150414 0.00167246 0.00094022 0.00362576 0.22925790 0.12706094 0.00917563 0.20714291 0.00092615 0.00201477 0.00416925 0.01444999 0.00020766 0.00149778 0.36431784
147 0.28755805 0.00265345 0.00758064 0.00436089 0.01863130 0.00141905 0.00535002 0.00737973 0.01129460 0.00451083 0.00880642 0.00282218 0.00272283 0.00182774 0.01394340 0.57615911 0.03188431 0.00041811 0.00460266 0.00607466
148 0.03502312 0.00718973 0.00672282 0.00318347 0.00398824 0.00715418 0.00840532 0.00362173 0.00598592 0.56579731 0.08319195 0.00919738 0.02935502 0.02141201 0.00498508 0.02176801 0.02339001 0.00366814 0.00872345 0.14723708
149 0.02659559 0.00676524 0.00303575 0.00316444 0.00696426 0.00476022 0.01229730 0.00706713 0.00291276 0.05267089 0.74175482 0.00534888 0.03768769 0.00924668 0.00761184 0.01130780 0.01098040 0.00354280 0.00930014 0.03698539
150 0.04287859 0.02512749 0.00459540 0.00118296 0.00380143 0.00140212 0.00154979 0.00092586 0.01183240 0.03784459 0.25613693 0.01784869 0.54771084 0.00326986 0.00867836 0.00455269 0.00698293 0.00137218 0.00434641 0.01796049
151 0.03225142 0.02669391 0.00273127 0.00308711 0.00346181 0.02093421 0.01526021 0.00540533 0.00445532 0.01464411 0.02455671 0.00708729 0.00540548 0.00187721 0.76967939 0.02296031 0.02535901 0.00061838 0.00202490 0.01150661
152 0.03426592 0.69097337 0.00899688 0.00647261 0.00409522 0.01871191 0.02466741 0.01217121 0.01457471 0.01376231 0.01754651 0.05563443 0.01362401 0.00888485 0.01586341 0.02181431 0.01455721 0.00543076 0.01378261 0.00417035
153 0.03287011 0.02880461 0.00241777 0.00303081 0.00381494 0.02200541 0.01579300 0.00577200 0.00469381 0.01457210 0.02032861 0.00650809 0.00650545 0.00213608 0.77086024 0.02136211 0.02492051 0.00087517 0.00138127 0.01134790
154 0.01521331 0.00874077 0.00712326 0.00236539 0.00451827 0.00425850 0.01182791 0.01045940 0.01106101 0.03710632 0.02320981 0.00575745 0.00732593 0.74717935 0.00104151 0.01008940 0.01399391 0.00554085 0.05420293 0.01898471
155 0.65770593 0.00150842 0.00184925 0.00081999 0.02851280 0.00129233 0.00234926 0.11020299 0.00219011 0.00356892 0.00648045 0.00322601 0.00154343 0.00384006 0.08387979 0.00727554 0.02130820 0.00056768 0.00260096 0.05927789
156 0.02399209 0.01130300 0.70524784 0.02815219 0.00487627 0.01261140 0.02151100 0.02254009 0.01307440 0.01008020 0.01002260 0.02951199 0.02446349 0.00705357 0.00241013 0.02444689 0.01791560 0.00301286 0.01730880 0.01046560
157 0.00893669 0.00638220 0.01632350 0.00366359 0.00846432 0.00143794 0.00174096 0.00164618 0.00372476 0.16002098 0.24547697 0.00368097 0.18426698 0.02540140 0.00290326 0.00427541 0.00948145 0.00047360 0.04666789 0.26503097
158 0.01691730 0.00398679 0.01423220 0.00171211 0.00565629 0.00196504 0.00760653 0.01322010 0.01239170 0.01163540 0.04132670 0.00467442 0.13302100 0.58833901 0.00129197 0.00586763 0.00868757 0.00541344 0.06913560 0.05291920
159 0.00170901 0.00032725 0.00184427 0.00016723 0.00600181 0.00023469 0.00021809 0.00062675 0.00028808 0.61620294 0.12411799 0.00014847 0.03304010 0.00005325 0.00011295 0.00084440 0.00041029 0.00013329 0.00005015 0.21346898
160 0.01234761 0.00902926 0.27944932 0.01584552 0.00138715 0.00473603 0.29824434 0.05858837 0.01106491 0.00835612 0.01004061 0.24357528 0.00264322 0.00269340 0.00301168 0.02054192 0.01217061 0.00071721 0.00108912 0.00446831
161 0.01688660 0.02217561 0.01841830 0.00273578 0.00266960 0.00535418 0.00760204 0.00210610 0.02951241 0.01697380 0.02657221 0.00567451 0.00815940 0.06583552 0.00145484 0.02214541 0.01347010 0.00788379 0.71456417 0.00980562
162 0.01637940 0.02242560 0.01877690 0.00229103 0.00305308 0.00436606 0.00724011 0.00334802 0.02857420 0.01663610 0.02725600 0.00499978 0.00880109 0.06082279 0.00136416 0.02239450 0.01363270 0.00834880 0.72114790 0.00814181
163 0.61939828 0.01685801 0.01473271 0.00969062 0.01405771 0.01614001 0.01322601 0.05433622 0.01409581 0.02572521 0.02603151 0.01529911 0.01068900 0.00947807 0.01429691 0.06342593 0.02726301 0.00289884 0.00617891 0.02617811
164 0.02702921 0.00291350 0.00434231 0.00894368 0.00436027 0.00350020 0.00585138 0.00617020 0.00291648 0.12628307 0.04358362 0.01223001 0.02611711 0.01525751 0.00494887 0.01628111 0.02885192 0.00232005 0.00527712 0.65282235
165 0.02449460 0.00520173 0.03339130 0.66973301 0.00437806 0.02657690 0.07572760 0.03961920 0.01270510 0.00497391 0.00988650 0.02486790 0.00299882 0.00224885 0.00210720 0.02218860 0.01952990 0.00269023 0.00195239 0.01472820
166 0.03537326 0.00878816 0.00605207 0.00300657 0.00365716 0.00900249 0.00796485 0.00459059 0.00486640 0.56121242 0.08324741 0.01090389 0.02756697 0.02291368 0.00622485 0.02184328 0.02495467 0.00305891 0.00944951 0.14532285
167 0.07273223 0.00534162 0.01259910 0.02423931 0.00377775 0.00605672 0.00625345 0.52389620 0.00938840 0.00504069 0.01060870 0.00491412 0.00119620 0.00402678 0.00112406 0.28677511 0.01572291 0.00140086 0.00155299 0.00335277
168 0.02509570 0.00185252 0.00500791 0.01012140 0.00346278 0.00460916 0.00634351 0.00704413 0.00268292 0.12859602 0.04117411 0.01127950 0.02734901 0.01455010 0.00516388 0.01748410 0.02798681 0.00345535 0.00459495 0.65214612
169 0.05135899 0.01905440 0.01132560 0.02851670 0.00175982 0.69339791 0.03676440 0.01052890 0.00357580 0.01645240 0.01521920 0.04471179 0.00276444 0.00536679 0.01492690 0.01194980 0.01315900 0.00210308 0.00473490 0.01232920
170 0.02572121 0.00663292 0.00304072 0.00351589 0.00822338 0.00506694 0.01229471 0.00756772 0.00267347 0.05523733 0.73923839 0.00529530 0.03834042 0.00740437 0.00736730 0.01022621 0.01183011 0.00323458 0.00966849 0.03742052
171 0.03267778 0.69202468 0.00893976 0.00627068 0.00498571 0.01831329 0.02377419 0.01111909 0.01705559 0.01416119 0.01785079 0.05371008 0.01239899 0.00946912 0.01606009 0.02299759 0.01494069 0.00401809 0.01494969 0.00428290
172 0.00402763 0.00021480 0.00184278 0.00018385 0.00593817 0.00018738 0.00022420 0.00060990 0.00029610 0.61705852 0.12149390 0.00012511 0.03322827 0.00005295 0.00010755 0.00051868 0.00027939 0.00014542 0.00004957 0.21341583
173 0.02536831 0.00595131 0.03392841 0.66666620 0.00436870 0.02854571 0.07638162 0.03793901 0.01224980 0.00463930 0.00797639 0.02469651 0.00292609 0.00236110 0.00236633 0.02394591 0.01959141 0.00280065 0.00226873 0.01502850
174 0.02090461 0.02667811 0.01956841 0.05483372 0.00437181 0.01600451 0.71434127 0.01483321 0.00723160 0.00828523 0.01744951 0.02001471 0.00274038 0.01216340 0.00836427 0.02366141 0.01500321 0.00090390 0.00456671 0.00808002
175 0.02450841 0.00535821 0.03608101 0.66492115 0.00459148 0.02941601 0.07322282 0.04120221 0.01210480 0.00536389 0.00682458 0.02546531 0.00258353 0.00219317 0.00271541 0.02271901 0.01894830 0.00286727 0.00219623 0.01671720
176 0.02537319 0.00568792 0.03288589 0.66411687 0.00452503 0.02798399 0.07650148 0.04125449 0.01271190 0.00586561 0.00922356 0.02602739 0.00312655 0.00232045 0.00217989 0.02025690 0.01887130 0.00293460 0.00173469 0.01641830
177 0.02420591 0.00249835 0.00542066 0.00847146 0.00410390 0.00465701 0.00642114 0.00711963 0.00246366 0.12858503 0.04300761 0.01093120 0.02710381 0.01353990 0.00483986 0.02060910 0.02898661 0.00257450 0.00342950 0.65103115
178 0.18729186 0.00078968 0.00843529 0.00133506 0.32897576 0.00221995 0.00141435 0.00351487 0.00127335 0.00118554 0.00377451 0.00391523 0.00151605 0.00138508 0.00341071 0.40223171 0.01674929 0.00063690 0.00119525 0.02874958
179 0.01786981 0.00486856 0.00097273 0.00365120 0.00039792 0.82706330 0.10241804 0.00086991 0.00155755 0.01071140 0.00601395 0.00898337 0.00113160 0.00099549 0.00132874 0.00153167 0.00217887 0.00082039 0.00077063 0.00586486
