1 0.07180086 0.01191059 0.01680039 0.00799475 0.00623196 0.01232439 0.00853696 0.01125719 0.01007199 0.14639693 0.35285982 0.00916345 0.03537838 0.02296389 0.03697418 0.02595219 0.01828619 0.00189128 0.01236369 0.18084091
2 0.05449410 0.03359530 0.02692230 0.01475010 0.00700798 0.01783540 0.02933510 0.02155700 0.01434320 0.01869410 0.08723940 0.01381900 0.01092220 0.00876336 0.49631300 0.04821730 0.03960930 0.00411589 0.00555376 0.04691220
3 0.02566228 0.02974348 0.03624617 0.23862183 0.00960523 0.01467169 0.03249058 0.40364871 0.02482238 0.01378979 0.04332177 0.04781537 0.00391958 0.00615660 0.00528561 0.01622039 0.01070329 0.00357578 0.02059859 0.01310089
4 0.04625820 0.01951050 0.02485530 0.02083840 0.00853910 0.02442750 0.03687170 0.01847870 0.01138320 0.10987401 0.07483970 0.01777630 0.02551170 0.02452670 0.01762420 0.03950170 0.02983720 0.00451784 0.01673500 0.42809303
5 0.04808661 0.07601171 0.04069151 0.03884931 0.00548885 0.03428590 0.03482630 0.03287040 0.01318350 0.03432860 0.04221151 0.42813206 0.01702130 0.01934960 0.00745181 0.05302491 0.02910420 0.00627971 0.01189700 0.02690520
6 0.02534690 0.01941590 0.17765801 0.02289850 0.00729861 0.01654870 0.01731110 0.01635880 0.00848185 0.31263801 0.07332030 0.06446590 0.01838180 0.02170330 0.00931850 0.10092000 0.02087230 0.00352140 0.01162950 0.05191060
7 0.10391296 0.03105189 0.03620409 0.02257129 0.01825729 0.02682189 0.03527329 0.03941198 0.01466459 0.03433659 0.05699378 0.03053229 0.01815679 0.01904919 0.01710869 0.37663885 0.05556608 0.00507371 0.01546799 0.04290678
8 0.03703218 0.01801729 0.01727439 0.01225629 0.01168569 0.01510599 0.01252519 0.01369209 0.00816236 0.37885580 0.13662793 0.02361269 0.03531588 0.03980588 0.00892375 0.03940008 0.02720699 0.00365522 0.01726039 0.14358392
9 0.04453462 0.07776323 0.03927911 0.03782751 0.00466446 0.03488901 0.03485001 0.03346051 0.01394171 0.03566341 0.04176552 0.43027116 0.01578241 0.01873301 0.00829430 0.05388582 0.03018771 0.00544876 0.01230260 0.02645511
10 0.03005090 0.02146040 0.02026350 0.01242460 0.00405682 0.01156940 0.01122730 0.02156120 0.02146350 0.02905070 0.05481889 0.01296780 0.01571220 0.19095298 0.00434840 0.03068160 0.02495870 0.01589210 0.42863595 0.03790310
11 0.02962710 0.01462130 0.02524100 0.03146260 0.00380936 0.02384790 0.01210320 0.19984298 0.00893740 0.01078550 0.02502900 0.26922498 0.00536651 0.01318200 0.00549542 0.04385420 0.04732110 0.14921099 0.06194839 0.01908910
12 0.02274211 0.01687721 0.01946501 0.00783206 0.00698451 0.01124930 0.01559191 0.01309250 0.01723001 0.05401972 0.06553392 0.01810441 0.02866041 0.41661314 0.00517560 0.03267461 0.02649961 0.01018190 0.16540705 0.04606502
13 0.04721719 0.03253589 0.02876109 0.38770189 0.01380490 0.02093069 0.26997192 0.01967819 0.01329520 0.00918354 0.02927089 0.02427369 0.00213502 0.00312807 0.00943035 0.03734829 0.03215189 0.00175239 0.00294922 0.01447970
14 0.04557663 0.02732662 0.02703982 0.46861928 0.00957150 0.02173361 0.18868111 0.01568661 0.01328661 0.00995975 0.03810092 0.02933842 0.00227780 0.00332406 0.00924023 0.03519272 0.03675722 0.00179569 0.00338761 0.01310381
15 0.06594867 0.37500586 0.03269089 0.02526829 0.01147350 0.02647939 0.06710117 0.02775899 0.02155299 0.02678839 0.05698418 0.06377548 0.01323309 0.01627749 0.01910599 0.05272208 0.03995908 0.00656418 0.01880149 0.03250879
16 0.06341758 0.01690629 0.01642479 0.02736269 0.00571268 0.02421429 0.02122249 0.62702781 0.00877192 0.01340960 0.03725509 0.01824269 0.00738859 0.00813127 0.00870987 0.04326969 0.01968519 0.00305688 0.01052680 0.01926379
17 0.02216031 0.01742051 0.01390271 0.01862841 0.00419500 0.03474202 0.03914762 0.01387381 0.01076871 0.03957292 0.03999182 0.02163651 0.02142911 0.02596691 0.00664982 0.04243992 0.16675109 0.00705052 0.02750902 0.42616324
18 0.02158599 0.38435982 0.02409069 0.02163519 0.03060429 0.15194693 0.02012519 0.01681239 0.02622839 0.03534928 0.05956397 0.04711998 0.00533253 0.00909256 0.01104059 0.05790337 0.03909308 0.00526273 0.00890694 0.02394609
19 0.03732360 0.05393300 0.04220610 0.04402530 0.01441740 0.04273520 0.48899998 0.03168850 0.01296820 0.01374140 0.02795780 0.02631120 0.00559263 0.01180950 0.01528750 0.04897400 0.02479630 0.00346544 0.00942018 0.04434680
20 0.07625319 0.02098570 0.03592420 0.01069860 0.00476013 0.01514390 0.02088080 0.01814830 0.00905292 0.02156090 0.33632297 0.00795725 0.00969356 0.00661771 0.24930598 0.06559259 0.01089250 0.00291338 0.00540963 0.07188579
21 0.09714109 0.03176210 0.03579819 0.02349880 0.01726240 0.02831960 0.03369959 0.03869389 0.01441780 0.03527269 0.05728019 0.03127380 0.01695510 0.02016790 0.01738920 0.38141594 0.05768509 0.00574605 0.01398860 0.04223199
22 0.08816139 0.02493550 0.02170030 0.02490770 0.00846151 0.01656760 0.01737210 0.03082929 0.01430910 0.08664509 0.38971193 0.02114580 0.03955879 0.02760540 0.02629370 0.04408289 0.03022089 0.00478936 0.01783070 0.06487099
23 0.04557429 0.07607798 0.03887049 0.03816659 0.00485643 0.03661019 0.03506679 0.03275769 0.01451000 0.03458579 0.04253389 0.43198488 0.01597960 0.01822110 0.00755315 0.05392329 0.02835799 0.00666669 0.01094310 0.02676009
24 0.06523797 0.01720099 0.01639639 0.02908858 0.00610696 0.02285849 0.02075199 0.61967168 0.00937499 0.01353249 0.03622538 0.01933209 0.00689520 0.00872869 0.00934426 0.04232328 0.02149619 0.00345922 0.01226509 0.01971009
25 0.03752649 0.01810249 0.01701040 0.01069060 0.01139920 0.01521660 0.01195120 0.01395980 0.00882963 0.38038989 0.13720396 0.02154949 0.03715489 0.03886329 0.00754182 0.03992279 0.02704049 0.00415363 0.01653940 0.14495396
26 0.40524213 0.03107981 0.02371691 0.02320541 0.01395450 0.02039521 0.02186681 0.05380332 0.01633171 0.03272831 0.09805483 0.02432251 0.01901291 0.01146950 0.02242931 0.08353133 0.03436481 0.00500358 0.01287590 0.04661121
27 0.02996651 0.01306880 0.01038130 0.00403295 0.00848521 0.01489730 0.00424166 0.01205280 0.00722563 0.24751504 0.14167302 0.00606791 0.30189305 0.02505570 0.00421383 0.02154630 0.03615951 0.00471755 0.00989269 0.09691322
28 0.03604748 0.05177947 0.03818488 0.04325978 0.01487149 0.04357538 0.49430473 0.03137798 0.01295509 0.01539229 0.02789748 0.02541429 0.00556747 0.01361279 0.01399759 0.05133867 0.02311069 0.00365678 0.00878420 0.04487148
29 0.01487840 0.00545490 0.00792909 0.00400391 0.02132960 0.00500491 0.00546604 0.00489400 0.00219820 0.37315204 0.10692001 0.00575355 0.01943960 0.01627040 0.00564899 0.01724140 0.01198260 0.00100836 0.00548693 0.36593704
30 0.02778691 0.07878572 0.02559801 0.08298503 0.00486971 0.01829061 0.15684505 0.03364911 0.00711408 0.14862405 0.03979911 0.30062309 0.00395341 0.00670243 0.00438981 0.02978331 0.00974006 0.00178927 0.00372502 0.01494620
31 0.06499703 0.01572041 0.01752641 0.02803011 0.00569177 0.02526961 0.02191081 0.61687925 0.00933565 0.01313131 0.03775102 0.01870781 0.00720231 0.01058430 0.00883239 0.04277282 0.02242071 0.00348708 0.01057090 0.01917831
32 0.04997609 0.02089600 0.02402380 0.02041280 0.00835247 0.02330320 0.03555109 0.01755990 0.01235740 0.11022898 0.07602819 0.01792280 0.02372700 0.02573680 0.01806000 0.03880699 0.03033350 0.00401518 0.01695390 0.42575394
33 0.04830241 0.01121030 0.00898427 0.00624356 0.00556348 0.00606633 0.00518459 0.00848463 0.00357341 0.33585206 0.29875305 0.00532444 0.04954271 0.02706280 0.00474640 0.02130930 0.01923900 0.00076841 0.00741880 0.12637002
34 0.01802611 0.23714808 0.01537171 0.00769490 0.00360317 0.01310740 0.02083861 0.01827041 0.00769841 0.01097280 0.04970562 0.00816708 0.00888940 0.00760474 0.46846016 0.03650791 0.01882201 0.00201512 0.00389653 0.04319982
35 0.01042241 0.00565511 0.01544101 0.00226745 0.00147041 0.00302278 0.00206483 0.00237151 0.01011271 0.02638182 0.03721383 0.00263310 0.01467491 0.43855532 0.00114844 0.01359261 0.01828951 0.00517313 0.36322427 0.02628482
36 0.07195491 0.04856870 0.03768220 0.05305911 0.01639070 0.03632120 0.03234760 0.03350340 0.26402303 0.03188610 0.06258491 0.03072110 0.02072840 0.03680400 0.02049140 0.05710711 0.04265450 0.01766410 0.03940350 0.04610400
37 0.09822834 0.03182771 0.03445362 0.02303231 0.01769611 0.02774871 0.03508172 0.03757692 0.01485941 0.03494802 0.05556863 0.03063061 0.01664881 0.02030851 0.01753051 0.38559217 0.05476232 0.00692155 0.01540231 0.04118172
38 0.03046740 0.01870610 0.02134900 0.01129570 0.00442896 0.01212570 0.01214840 0.01961330 0.01813820 0.02812240 0.05641360 0.01318420 0.01495020 0.18967301 0.00471940 0.03284780 0.02498030 0.01485260 0.43399102 0.03799270
39 0.04997175 0.34585733 0.01566511 0.02041242 0.01668252 0.03345833 0.05729555 0.01256651 0.16519616 0.01964002 0.03076813 0.02514732 0.00592245 0.01334751 0.00716413 0.03234383 0.02534212 0.01752902 0.07498347 0.03070633
40 0.00979813 0.00553467 0.01541710 0.00245265 0.00131792 0.00331525 0.00205922 0.00237406 0.01113520 0.02654481 0.03688311 0.00229835 0.01528460 0.43780609 0.00102063 0.01369150 0.01864060 0.00520062 0.36279007 0.02643541
41 0.05772368 0.03390269 0.03426619 0.04164978 0.01149360 0.32517687 0.05877978 0.04455868 0.02249989 0.02935019 0.05083098 0.04753538 0.02142319 0.01521069 0.01509499 0.06550177 0.04503458 0.01391999 0.01186190 0.05418518
42 0.29454074 0.00946516 0.03648547 0.01106679 0.02031518 0.01259379 0.01263649 0.02998927 0.01128649 0.01315479 0.03204887 0.01056449 0.01584839 0.00671883 0.00743366 0.38452466 0.05602165 0.00265741 0.01111809 0.02152978
43 0.03036369 0.02087909 0.02020209 0.01212779 0.00419161 0.01216599 0.01110779 0.02027709 0.01933409 0.02841329 0.05686697 0.01179179 0.01448719 0.19429291 0.00424877 0.03145758 0.02424679 0.01586389 0.43030979 0.03737178
44 0.08593198 0.02467469 0.02216949 0.02848409 0.00897488 0.01809490 0.01766520 0.03010989 0.01380180 0.08932358 0.38497890 0.02187579 0.03999169 0.02749449 0.02643829 0.04252979 0.03026189 0.00567209 0.01673600 0.06479058
45 0.02231040 0.01764970 0.02077360 0.00808506 0.00726778 0.01169320 0.01585270 0.01386160 0.01698450 0.05585811 0.06584491 0.01671970 0.02785361 0.41353807 0.00552036 0.03298591 0.02700440 0.00835922 0.16681503 0.04502211
46 0.08561212 0.02670261 0.02101001 0.02669531 0.00854190 0.01796750 0.01771700 0.03000901 0.01332190 0.08797042 0.38935211 0.02086611 0.03951401 0.02728481 0.02727421 0.04379671 0.03029481 0.00594993 0.01692750 0.06319202
47 0.05832728 0.03402049 0.03431219 0.03968788 0.01080590 0.32606787 0.05919108 0.04423648 0.02340369 0.02862239 0.05059978 0.04674848 0.02104989 0.01627759 0.01427189 0.06514267 0.04480768 0.01459159 0.01371249 0.05412268
48 0.01865239 0.01947169 0.01886829 0.00777477 0.00358005 0.01187009 0.02684809 0.01264339 0.01533939 0.06772207 0.07902926 0.01269799 0.04401358 0.21016090 0.00860241 0.02899799 0.02818329 0.00415743 0.08313306 0.29825386
49 0.17176107 0.01840551 0.17554707 0.01062700 0.00830891 0.02309931 0.02670401 0.00947077 0.00560194 0.01353191 0.01483431 0.01641581 0.00438810 0.00590801 0.00385604 0.30754512 0.16825706 0.00201254 0.00404355 0.00968196
50 0.04272061 0.02254411 0.02579161 0.50042914 0.00752466 0.02109611 0.17916705 0.01417630 0.01269260 0.00869285 0.03651921 0.02227691 0.00197806 0.00320671 0.00926375 0.03519731 0.03846351 0.00168174 0.00281555 0.01376220
51 0.02593799 0.01812679 0.01888699 0.02163679 0.00377551 0.19708090 0.07429446 0.01665419 0.01550219 0.02157239 0.03118678 0.03092068 0.01914229 0.01113739 0.01115669 0.04014928 0.03814348 0.00589742 0.00829600 0.39050179
52 0.07204311 0.04592421 0.03686531 0.05208661 0.01608340 0.03609921 0.03227921 0.03300611 0.26735605 0.03205801 0.06198531 0.03254351 0.02137280 0.03867571 0.01991970 0.05741861 0.04161701 0.01710350 0.03921611 0.04634651
53 0.03809409 0.01752019 0.01784059 0.01125360 0.01174550 0.01415040 0.01086000 0.01325960 0.00850041 0.38256687 0.13784295 0.02327299 0.03536879 0.03604669 0.00931595 0.03927239 0.02702029 0.00325018 0.01601959 0.14679895
54 0.02797110 0.01847950 0.22293798 0.02044070 0.00648694 0.01547110 0.01693250 0.01335090 0.00979646 0.25236997 0.08125029 0.06108569 0.01982020 0.02099280 0.01175020 0.09702699 0.02132620 0.00402300 0.01330620 0.06518129
55 0.40354888 0.03034079 0.02435489 0.02534409 0.01414290 0.01971719 0.02231169 0.05593828 0.01664530 0.03315669 0.09707917 0.02470569 0.02103269 0.01079200 0.02139949 0.08107638 0.03518879 0.00425359 0.01266170 0.04630979
56 0.02851481 0.04639002 0.02213531 0.02208971 0.00834204 0.17216806 0.01819121 0.01885311 0.01858091 0.34821113 0.06507362 0.04492182 0.02831221 0.01745011 0.01179150 0.04379162 0.02415351 0.01181740 0.01056860 0.03864331
57 0.10010496 0.03089919 0.03410539 0.02341279 0.01690569 0.02900269 0.03307369 0.03975139 0.01423540 0.03516419 0.05582368 0.03004879 0.01782409 0.02112099 0.01768709 0.38015387 0.05823278 0.00724185 0.01409300 0.04111849
58 0.03074521 0.01694940 0.01473770 0.01839060 0.00536758 0.03231331 0.02919011 0.01262340 0.01282480 0.05014031 0.04971801 0.02182750 0.03022551 0.02954121 0.00825244 0.05266571 0.28642006 0.00912766 0.03234441 0.25659506
59 0.02488950 0.01281190 0.00860697 0.00355706 0.00723693 0.01319860 0.00338687 0.01186940 0.00547470 0.28076102 0.14198901 0.00430315 0.29153502 0.02290830 0.00292518 0.01789200 0.03600610 0.00387841 0.00883726 0.09793261
60 0.04802480 0.07576020 0.03685260 0.03735240 0.00479122 0.03494300 0.03372510 0.03379760 0.01400680 0.03386160 0.04455630 0.43113201 0.01726030 0.01901300 0.00788143 0.05377350 0.02977780 0.00585103 0.00970669 0.02793260
61 0.01141661 0.01155951 0.01077001 0.00439087 0.00385728 0.00679023 0.00634247 0.01035881 0.00508201 0.24623419 0.10892208 0.00851650 0.02825362 0.31032224 0.00316125 0.04247143 0.02207162 0.00315805 0.08308056 0.07324066
62 0.05596158 0.03539289 0.03383859 0.03951149 0.01050200 0.31966890 0.06057308 0.04601159 0.02267999 0.03042799 0.05219498 0.04624719 0.02083189 0.01676559 0.01503830 0.06837498 0.04505819 0.01378400 0.01347440 0.05366238
63 0.03910509 0.01673890 0.01696120 0.01131180 0.01124820 0.01423330 0.01228510 0.01321600 0.00865544 0.37707792 0.13658697 0.02242250 0.03772019 0.04191179 0.00729631 0.04030719 0.02889489 0.00412386 0.01781740 0.14208597
64 0.05593663 0.03417512 0.32191115 0.05113522 0.01154701 0.02920391 0.05505833 0.03074021 0.02026441 0.03273792 0.05538923 0.04452412 0.01735581 0.02382091 0.02175941 0.07498474 0.03835262 0.00501653 0.02300241 0.05308432
65 0.04465890 0.01718620 0.01717670 0.05688641 0.00608429 0.01645020 0.01320410 0.02084940 0.03246600 0.05130211 0.39222204 0.01697720 0.01470380 0.01441420 0.00932630 0.03577820 0.19269902 0.00327904 0.00880787 0.03552800
66 0.03586339 0.05273009 0.03958429 0.04362859 0.01613560 0.04423609 0.49618991 0.03117739 0.01136050 0.01434930 0.02754499 0.02279730 0.00493450 0.01136160 0.01557080 0.04966109 0.02493540 0.00335058 0.00932351 0.04526509
67 0.05126392 0.02616181 0.04485361 0.42354914 0.01016740 0.03289751 0.06809372 0.04887022 0.02601171 0.01856541 0.05925552 0.03621191 0.00663368 0.00856479 0.01039340 0.04060931 0.03610841 0.00547651 0.01040960 0.03590241
68 0.38479386 0.00731962 0.03880599 0.01060760 0.01623259 0.01017290 0.00957813 0.03718629 0.01134430 0.01309510 0.03458499 0.01093740 0.01366550 0.00593854 0.00795273 0.29584389 0.06141908 0.00284424 0.01046710 0.01721019
69 0.06582677 0.03817378 0.02803109 0.03102908 0.01336929 0.03047888 0.02689589 0.03093918 0.01844629 0.03606618 0.05906837 0.02505829 0.02021459 0.02515149 0.02611499 0.09385035 0.36020781 0.00853702 0.02000849 0.04253218
70 0.05511372 0.02269741 0.02206721 0.00849197 0.00826441 0.02339051 0.01033660 0.01640871 0.01589441 0.08370373 0.13121205 0.02456761 0.33630813 0.04372072 0.01201820 0.04550102 0.03675471 0.00511522 0.02137251 0.07706113
71 0.02227422 0.15155611 0.12916609 0.01850781 0.00372779 0.15412711 0.01776611 0.03470172 0.02154652 0.03349082 0.03059352 0.23039317 0.00977556 0.00589389 0.00379537 0.07368855 0.03782833 0.00207359 0.00329139 0.01580231
72 0.03887578 0.01945359 0.02534479 0.37236785 0.01199960 0.02451469 0.18237093 0.01437219 0.03094969 0.00903019 0.02822509 0.02187619 0.00321838 0.00390237 0.02119899 0.15135894 0.02239839 0.00173728 0.00287048 0.01393459
73 0.03602280 0.05064360 0.04195960 0.04550500 0.01490990 0.04283380 0.49769604 0.03283900 0.01262660 0.01300760 0.02694080 0.02188710 0.00463933 0.01123730 0.01617660 0.05104820 0.02405710 0.00381144 0.00829874 0.04385940
74 0.03479119 0.05281429 0.04021909 0.04375129 0.01478180 0.04386179 0.49905091 0.03129089 0.01324180 0.01300560 0.02769630 0.02369430 0.00517443 0.01160610 0.01462650 0.04990769 0.02424360 0.00378750 0.00793315 0.04452179
75 0.02165139 0.01683209 0.01974109 0.00775125 0.00778876 0.01166699 0.01555799 0.01298149 0.01712309 0.05455037 0.06568107 0.01876009 0.02957239 0.41425181 0.00569735 0.03428628 0.02760049 0.01052500 0.16238593 0.04559508
76 0.40585186 0.03204999 0.02412379 0.02511069 0.01418500 0.01947309 0.02300189 0.05283568 0.01578239 0.03138399 0.09511207 0.02334589 0.01936899 0.01183950 0.02100699 0.08564597 0.03664089 0.00497204 0.01257500 0.04569428
77 0.08170626 0.01110841 0.00926948 0.00560493 0.00231466 0.01199811 0.00727140 0.01057861 0.00529370 0.10178808 0.40812131 0.00919778 0.20679816 0.02066872 0.00765078 0.02092652 0.01314921 0.00175301 0.00890636 0.05589454
78 0.05137762 0.04267812 0.03953462 0.03125911 0.00426067 0.29500913 0.01866261 0.03192661 0.01762601 0.02499791 0.04168782 0.22870010 0.01306881 0.01103520 0.00483232 0.04154762 0.04576232 0.00567648 0.00782260 0.04253432
79 0.34296175 0.00428289 0.06907765 0.00390246 0.01706779 0.00695145 0.00576286 0.02109878 0.00378233 0.01575499 0.01425569 0.01307829 0.00771933 0.00300771 0.00236385 0.29746978 0.15374689 0.00421035 0.00338719 0.01011799
80 0.34358330 0.00449842 0.13684112 0.00630250 0.00839721 0.00901791 0.00752038 0.00780811 0.00641805 0.00791548 0.01378051 0.01194831 0.00543945 0.00405598 0.00326465 0.29970526 0.11092810 0.00128561 0.00426557 0.00702408
81 0.02236150 0.03873639 0.05713999 0.06986038 0.00387797 0.04563699 0.03730039 0.16279596 0.00783695 0.02625599 0.02548549 0.38851791 0.00787667 0.01210170 0.00526843 0.03778029 0.01391560 0.01365470 0.01243260 0.01116410
82 0.03337975 0.00873436 0.00723650 0.00201815 0.00156794 0.00525483 0.00245062 0.01275892 0.00250779 0.29604241 0.29861142 0.00186164 0.14031520 0.03444225 0.00193274 0.01277482 0.01667922 0.00063267 0.01073261 0.11006615
83 0.03492689 0.01943049 0.01881129 0.05232628 0.00678268 0.01759469 0.01513280 0.30412891 0.01290610 0.01787229 0.04218199 0.03009639 0.00939080 0.03353719 0.00574403 0.04941088 0.01994849 0.01889369 0.26634992 0.02453419
84 0.05844520 0.03277090 0.03350430 0.03908120 0.01001860 0.32622500 0.06165650 0.04814580 0.02187460 0.02831630 0.05011760 0.04668320 0.01995400 0.01621060 0.01473650 0.06471080 0.04574110 0.01385480 0.01372270 0.05423030
85 0.03603430 0.05133951 0.04073630 0.04495911 0.01514270 0.04191051 0.49770106 0.03081910 0.01339290 0.01490050 0.02766270 0.02400410 0.00509559 0.01275200 0.01589810 0.04902471 0.02434350 0.00358188 0.00854241 0.04215901
86 0.07277071 0.01232180 0.01632920 0.00803643 0.00615064 0.01214470 0.00881487 0.01179050 0.01024850 0.14119203 0.35925307 0.00949859 0.03511541 0.02160530 0.03769461 0.02575861 0.01742960 0.00260077 0.01217160 0.17907304
87 0.00921119 0.00347122 0.00592530 0.00194823 0.02420487 0.00274130 0.00346614 0.00290551 0.00114240 0.42849254 0.11167588 0.00272698 0.01602818 0.01434838 0.00427082 0.01323399 0.00888043 0.00059571 0.00385231 0.34087864
88 0.06395832 0.37369713 0.03089241 0.02550091 0.01119830 0.02682131 0.06629872 0.02697961 0.02041521 0.02660651 0.05872172 0.06343502 0.01406790 0.01865501 0.02135301 0.05335632 0.03958361 0.00658256 0.01725301 0.03462341
89 0.09879432 0.02961991 0.03460001 0.02307821 0.01725690 0.02844781 0.03313001 0.03845551 0.01466520 0.03642921 0.05619651 0.03096551 0.01831670 0.01991480 0.01645870 0.38124009 0.05817431 0.00609506 0.01549950 0.04266171
90 0.04332810 0.02623230 0.02764220 0.46923300 0.00923017 0.02231060 0.18682200 0.01580110 0.01345070 0.01074780 0.03771960 0.02751410 0.00233043 0.00387279 0.00985320 0.03605520 0.03803670 0.00212318 0.00305663 0.01464020
91 0.04668700 0.01899720 0.02353260 0.02257950 0.00878813 0.02404020 0.03291270 0.01883770 0.01167710 0.11092400 0.07249390 0.01797120 0.02484620 0.02468560 0.01720150 0.03862660 0.02958610 0.00392748 0.01842730 0.43325800
92 0.08492420 0.02555020 0.02224590 0.02882500 0.00892073 0.01725190 0.01828320 0.02810770 0.01340930 0.08616970 0.39132500 0.02158130 0.03956790 0.02617830 0.02785180 0.04336290 0.02995490 0.00480927 0.01892820 0.06275260
93 0.04718459 0.07742378 0.03785649 0.03847339 0.00464939 0.03605189 0.03347889 0.03107089 0.01382950 0.03501979 0.04590769 0.42759887 0.01655130 0.01782909 0.00830013 0.05360368 0.02945259 0.00629078 0.01122700 0.02820029
94 0.01619340 0.00449389 0.00551461 0.00121085 0.01455390 0.00256975 0.00225552 0.00384633 0.00128166 0.41456906 0.19179103 0.00166762 0.03312360 0.02454690 0.00371534 0.01354780 0.01209200 0.00027071 0.00508197 0.24767404
95 0.05443320 0.03518830 0.31953300 0.04966710 0.01108250 0.02952720 0.05325720 0.03193230 0.02051940 0.03325910 0.05925930 0.04732700 0.01705780 0.02298370 0.02286810 0.07482960 0.03848020 0.00478300 0.02245040 0.05156160
96 0.04624009 0.07664158 0.03942479 0.03588419 0.00457013 0.03498949 0.03584499 0.03344239 0.01450130 0.03340179 0.04563629 0.43021190 0.01800670 0.01791150 0.00896638 0.05208249 0.02950979 0.00618463 0.01052490 0.02602469
97 0.01625148 0.00378240 0.00574419 0.00123303 0.01520889 0.00261081 0.00224800 0.00388357 0.00122968 0.41321861 0.19176182 0.00152706 0.03298267 0.02338328 0.00379967 0.01343559 0.01193449 0.00033053 0.00531148 0.25012276
98 0.08533012 0.02803171 0.02173151 0.02582251 0.00913547 0.01848681 0.01764001 0.02960641 0.01293120 0.08488592 0.39055311 0.02210451 0.03995051 0.02746581 0.02760861 0.04360201 0.02885801 0.00595574 0.01701600 0.06328402
99 0.09987051 0.02278900 0.26299403 0.01525140 0.01000210 0.02209330 0.03266050 0.01911290 0.00867743 0.04177110 0.03355210 0.04742741 0.00938549 0.01226260 0.01379210 0.24977103 0.06655821 0.00277372 0.00760835 0.02164670
100 0.04400411 0.07879101 0.03825631 0.06411651 0.00362872 0.01910180 0.13162402 0.03310081 0.00633532 0.03869931 0.04678641 0.42307007 0.00584936 0.00773309 0.00482662 0.02761380 0.01010320 0.00200179 0.00412963 0.01022810
101 0.03451989 0.05202879 0.03954749 0.04247669 0.01462250 0.04176599 0.50189987 0.03107889 0.01372460 0.01318530 0.02674159 0.02393619 0.00460621 0.01066350 0.01518140 0.05172579 0.02393749 0.00336448 0.00889787 0.04609549
102 0.03556203 0.05820884 0.05145294 0.02057271 0.00460334 0.02319292 0.01992541 0.02387732 0.01734091 0.04583523 0.03031022 0.35414625 0.01267691 0.01623361 0.00701929 0.19103414 0.04676443 0.00730111 0.00721637 0.02672602
103 0.08533409 0.02726700 0.02199900 0.02907380 0.00895395 0.01716190 0.01795770 0.03031890 0.01362070 0.08667149 0.39106396 0.02315000 0.03891210 0.02555720 0.02763120 0.04193250 0.02787060 0.00435454 0.01744270 0.06372669
104 0.10198300 0.01847240 0.01451620 0.01033560 0.00963335 0.01546640 0.02559840 0.43446599 0.01064390 0.01087420 0.03727020 0.01475450 0.00487487 0.01389220 0.00688346 0.21363700 0.02790620 0.00301710 0.00902454 0.01675050
105 0.29184725 0.12325211 0.01803472 0.06544826 0.00904358 0.01920562 0.21879619 0.01536331 0.01527211 0.01331411 0.05501395 0.04194694 0.00695613 0.01067561 0.00742937 0.03810933 0.02107952 0.00326272 0.00580007 0.02014912
106 0.03582759 0.04917659 0.03985489 0.04665299 0.01554080 0.04191709 0.49864992 0.03290789 0.01252310 0.01429410 0.02688440 0.02293830 0.00568843 0.01289760 0.01410110 0.05233259 0.02370080 0.00348107 0.00897276 0.04165799
107 0.03892372 0.01706771 0.01697521 0.01181760 0.01102970 0.01465481 0.01168980 0.01455121 0.00949190 0.38080416 0.13605906 0.02171081 0.03595162 0.03907092 0.00837005 0.03925132 0.02675461 0.00415203 0.01666071 0.14501306
108 0.04572819 0.03857969 0.01969929 0.02339389 0.00693209 0.04333269 0.01943579 0.02539269 0.03577759 0.03042879 0.05342268 0.02707759 0.01717960 0.05713078 0.01461600 0.04729399 0.04403309 0.35610290 0.06407318 0.03036949
109 0.01636060 0.00554200 0.00784147 0.00378244 0.02040491 0.00505467 0.00718673 0.00438660 0.00269979 0.37023610 0.10674203 0.00489248 0.01958941 0.01675110 0.00593407 0.01788280 0.01188310 0.00110666 0.00517692 0.36654610
110 0.05664296 0.02412388 0.02233428 0.00895992 0.00836232 0.02268388 0.00991163 0.01660769 0.01646219 0.08423094 0.12918791 0.02458068 0.33540176 0.04377787 0.01260359 0.04397727 0.03629697 0.00645763 0.02190078 0.07549584
111 0.07884484 0.02007238 0.03493687 0.00930097 0.00480227 0.01524789 0.02093778 0.01785679 0.00880072 0.02129198 0.32734673 0.00822790 0.00961851 0.00608774 0.25770379 0.06709575 0.01177879 0.00283009 0.00625526 0.07096294
112 0.08637936 0.02626492 0.02037801 0.02598632 0.00857844 0.01727271 0.01730811 0.02956042 0.01287701 0.08846346 0.39078427 0.02373982 0.03761773 0.02642232 0.02777002 0.04285693 0.02923982 0.00542017 0.01659201 0.06648815
113 0.09722027 0.03186759 0.03470189 0.02181559 0.01770149 0.02804539 0.03552289 0.03857289 0.01560239 0.03529569 0.05358308 0.03253239 0.01742469 0.02010339 0.01704399 0.38209886 0.05732538 0.00607636 0.01501469 0.04245108
114 0.05636912 0.03251981 0.03417421 0.04160471 0.01191580 0.31799810 0.06264472 0.04349041 0.02390911 0.02946641 0.05110652 0.04657911 0.02131351 0.01815341 0.01567950 0.06492392 0.04576601 0.01413010 0.01425960 0.05399592
115 0.04671100 0.02044170 0.02513820 0.02157860 0.00868307 0.02344930 0.03338700 0.01904590 0.01101510 0.10753000 0.07310660 0.01858230 0.02415450 0.02792190 0.01612420 0.03848530 0.03062460 0.00379539 0.01779530 0.43243002
116 0.02670980 0.01881900 0.07575109 0.05280559 0.29875096 0.01685840 0.28142896 0.05255799 0.01476680 0.01109920 0.02984540 0.01123970 0.00428376 0.00712594 0.00797299 0.04706939 0.01757470 0.00455542 0.00570922 0.01507570
117 0.05758412 0.03168481 0.03300571 0.04348232 0.01101160 0.32510713 0.06038142 0.04697882 0.02239461 0.02638751 0.05073562 0.04762532 0.02207621 0.01599501 0.01606811 0.06627313 0.04403572 0.01373041 0.01316811 0.05227432
118 0.29573606 0.00564035 0.00653994 0.00387297 0.00424986 0.03281591 0.00429986 0.41588508 0.00612811 0.00535951 0.03312551 0.00523118 0.00322208 0.00425437 0.00449172 0.05650741 0.10016102 0.00281879 0.00231915 0.00734112
119 0.08607765 0.02594611 0.02314601 0.02683801 0.00868527 0.01734221 0.01754421 0.02823651 0.01278611 0.08658835 0.38968021 0.02160081 0.03945612 0.02723561 0.02724811 0.04260952 0.03042702 0.00524590 0.01969231 0.06361393
120 0.40831193 0.03027710 0.02333630 0.02368840 0.01444770 0.01794050 0.02229260 0.05399819 0.01549520 0.03201469 0.09820428 0.02444070 0.02065090 0.01054760 0.02211840 0.08269219 0.03451779 0.00488926 0.01166030 0.04847599
121 0.40336403 0.03230030 0.02181890 0.02453440 0.01342690 0.01996560 0.02316990 0.05504460 0.01521750 0.03253350 0.09883641 0.02512110 0.01930900 0.01144900 0.02083620 0.08361581 0.03622470 0.00502622 0.01271950 0.04548640
122 0.06324238 0.01533040 0.01712230 0.02790409 0.00619322 0.02367789 0.02024049 0.62745084 0.00868780 0.01321220 0.03660049 0.01731770 0.00726882 0.00910285 0.00956500 0.04420909 0.02003219 0.00384026 0.01084250 0.01815950
123 0.04646171 0.01310680 0.01299170 0.00997844 0.00728335 0.01262240 0.01063610 0.01170820 0.00819640 0.35798405 0.10292002 0.01157160 0.03957381 0.03438471 0.00604480 0.06580251 0.15820502 0.01003070 0.00834296 0.07215471
124 0.04046112 0.01229191 0.00984478 0.00582800 0.00766420 0.00652925 0.00542142 0.00787089 0.00369457 0.36846717 0.24505011 0.00679025 0.04324942 0.03344312 0.00459317 0.02263251 0.02004821 0.00133741 0.01016840 0.14461407
125 0.05470571 0.01063930 0.01862520 0.00723606 0.00663125 0.01114100 0.00826707 0.00938068 0.01054530 0.15528503 0.31193006 0.00785577 0.03184281 0.02261010 0.03363261 0.02233520 0.01657000 0.00188077 0.01090100 0.24798505
126 0.05600322 0.02405471 0.02044341 0.00829058 0.00828911 0.02290071 0.00971889 0.01622851 0.01522041 0.08728213 0.13591105 0.02413291 0.33176812 0.04355832 0.01151590 0.04563732 0.03657141 0.00635897 0.02038781 0.07572653
127 0.09741460 0.03057970 0.03761140 0.02295100 0.01813260 0.02880380 0.03476940 0.04002880 0.01459780 0.03453310 0.05364110 0.03029630 0.01719930 0.02075520 0.01767220 0.38223700 0.05757140 0.00560390 0.01630000 0.03930140
128 0.05607531 0.03431510 0.31988204 0.04731351 0.01176880 0.02788270 0.05599141 0.03053860 0.01999320 0.03301390 0.05825521 0.04729771 0.01641470 0.02573700 0.02332850 0.07432421 0.03790950 0.00574658 0.02414630 0.05006571
129 0.08541289 0.02679910 0.02309230 0.02751530 0.00957743 0.01797360 0.01843090 0.02993950 0.01274530 0.08719229 0.38554595 0.02197470 0.03980459 0.02733450 0.02635830 0.04454909 0.02975210 0.00532340 0.01754110 0.06313769
130 0.01484641 0.00558822 0.00814893 0.00352536 0.02070481 0.00517466 0.00632718 0.00469988 0.00235861 0.37587326 0.10828208 0.00616475 0.02144062 0.01787931 0.00539285 0.01836851 0.01258391 0.00140948 0.00579689 0.35543425
131 0.06464008 0.37585489 0.03067929 0.02608299 0.01087840 0.02620139 0.06549228 0.02761329 0.02077169 0.02645939 0.05848248 0.06145678 0.01263180 0.01736130 0.02048879 0.05346889 0.03962259 0.00724598 0.01932959 0.03523809
132 0.04424680 0.01807690 0.01668600 0.06166010 0.00646429 0.01720720 0.01518910 0.01911900 0.03179000 0.05475090 0.37243701 0.01555560 0.01451710 0.01515120 0.01107940 0.04004450 0.19862400 0.00306342 0.00983167 0.03450580
133 0.05325843 0.02688681 0.04694502 0.41938521 0.01080231 0.03314682 0.06715293 0.04794502 0.02578361 0.01922971 0.05967293 0.03516122 0.00620147 0.00892772 0.01070291 0.03894982 0.03623202 0.00554930 0.01071841 0.03734832
134 0.01903292 0.00416042 0.00618350 0.00152062 0.01623022 0.00264582 0.00249766 0.00383213 0.00172636 0.39261546 0.18888022 0.00187823 0.02953893 0.02147323 0.00579905 0.01266431 0.01029031 0.00044378 0.00571149 0.27287532
135 0.08365244 0.02638361 0.02159671 0.02614351 0.00934889 0.01711991 0.01799051 0.03012241 0.01355601 0.08654964 0.39155319 0.02072711 0.03983172 0.02663501 0.02717561 0.04355772 0.03011801 0.00583672 0.02004451 0.06205673
136 0.02909979 0.02160969 0.02102199 0.01193429 0.00419964 0.01284389 0.01298339 0.01853199 0.01843279 0.02699689 0.05625127 0.01234889 0.01526019 0.19144391 0.00460533 0.02991359 0.02514459 0.01554249 0.43332580 0.03850958
137 0.08516897 0.02614779 0.02149239 0.02441009 0.00938173 0.01747659 0.01814139 0.02984229 0.01306529 0.08747007 0.38842784 0.02217289 0.04123058 0.02620459 0.02830869 0.04314148 0.02936379 0.00502037 0.01804699 0.06548617
138 0.02256770 0.01815260 0.01985710 0.00787893 0.00770378 0.01139070 0.01469200 0.01293300 0.01655170 0.05501351 0.06564221 0.01867700 0.02987830 0.41774504 0.00532270 0.03147650 0.02768050 0.00976629 0.16339402 0.04367640
139 0.06686193 0.01577871 0.01689191 0.02940411 0.00674247 0.02408321 0.02117151 0.61770425 0.00843883 0.01328551 0.03799442 0.01865881 0.00666931 0.00885490 0.00911361 0.04270142 0.02140821 0.00350997 0.01082760 0.01989931
140 0.02308401 0.01733721 0.02065551 0.00832305 0.00793376 0.01197370 0.01471931 0.01323140 0.01683541 0.05497552 0.06390142 0.01861281 0.02955351 0.41192415 0.00536862 0.03348601 0.02820751 0.00958300 0.16498706 0.04530702
141 0.05139610 0.01547570 0.01558420 0.01424640 0.11638600 0.02052230 0.01475340 0.01540510 0.01488090 0.07336260 0.03639630 0.01426800 0.36920999 0.02213230 0.00919044 0.04309670 0.09314930 0.00474009 0.01010370 0.04570050
142 0.04877038 0.02181569 0.02324829 0.02158229 0.00835941 0.02419529 0.03191999 0.01881089 0.01262240 0.10835796 0.07458788 0.01719769 0.02497889 0.02637769 0.01662559 0.03808009 0.03118449 0.00426122 0.01917099 0.42785286
143 0.06338399 0.01605260 0.01704940 0.02778450 0.00569648 0.02382540 0.02067420 0.62371793 0.00892809 0.01247090 0.03679980 0.01924010 0.00642242 0.00952805 0.00916880 0.04307289 0.02198450 0.00347088 0.01160400 0.01912510
144 0.39165313 0.00803887 0.03892031 0.01136980 0.01551761 0.01039220 0.01057320 0.03527511 0.01012110 0.01312850 0.03512461 0.01081760 0.01369350 0.00489624 0.00748013 0.29476710 0.05919222 0.00216333 0.01059800 0.01627741
145 0.25962116 0.00838182 0.00847924 0.00621690 0.01127181 0.01005841 0.01151101 0.29403719 0.01026211 0.00698922 0.04211593 0.00586551 0.00366981 0.00922604 0.00731706 0.25457616 0.03089802 0.00175193 0.00543777 0.01231291
146 0.09804591 0.01308250 0.03898390 0.00410382 0.00257796 0.00899150 0.01681470 0.01177070 0.00544843 0.03373610 0.33788203 0.00424177 0.01038960 0.00635190 0.21375202 0.03499400 0.00527689 0.00154446 0.00414178 0.14787001
147 0.29042807 0.00940443 0.03668221 0.01083690 0.02073830 0.01246970 0.01326500 0.02991951 0.01070400 0.01159710 0.03164491 0.01115880 0.01414420 0.00713432 0.00768958 0.39370009 0.05614321 0.00275058 0.00927865 0.02031040
148 0.05456141 0.02838721 0.01890940 0.03126031 0.00604276 0.01916010 0.01754290 0.33810407 0.01201930 0.22546605 0.05870341 0.02695421 0.02241780 0.02102400 0.00882158 0.03880051 0.02252810 0.00530674 0.01068000 0.03331011
149 0.08616126 0.02672639 0.02124369 0.02643079 0.00868342 0.01734409 0.01724479 0.02884909 0.01319609 0.08745076 0.39005382 0.02163829 0.03935758 0.02720479 0.02731219 0.04348498 0.02933149 0.00489613 0.01838979 0.06500057
150 0.06566133 0.01487301 0.01160180 0.00531843 0.00254145 0.01577841 0.00806752 0.01134820 0.00613263 0.09222734 0.33079914 0.01008480 0.28221512 0.02547861 0.00744373 0.02336051 0.01477271 0.00203812 0.01163870 0.05861842
151 0.05414127 0.03246558 0.02765698 0.01476659 0.00640396 0.01694409 0.02875188 0.01983869 0.01355609 0.01872249 0.08535165 0.01332749 0.01036529 0.00830046 0.50427869 0.04817937 0.04198027 0.00448452 0.00525986 0.04522477
152 0.06302186 0.37517276 0.03284788 0.02666478 0.01093249 0.02735558 0.06749916 0.02670528 0.02100619 0.02761458 0.05835836 0.06088516 0.01348369 0.01861619 0.01782259 0.05323537 0.04015937 0.00668035 0.01780419 0.03413418
153 0.05249648 0.03367309 0.02792979 0.01348630 0.00579270 0.01691989 0.02807439 0.02165199 0.01375050 0.01985959 0.08789477 0.01180130 0.01171750 0.00880470 0.49796484 0.04733588 0.04259799 0.00488064 0.00570588 0.04766178
154 0.02280670 0.01717340 0.02025960 0.00767670 0.00763672 0.01255710 0.01557040 0.01413290 0.01651020 0.05322259 0.06431209 0.01824080 0.02889280 0.41609994 0.00496548 0.03327990 0.02730760 0.00907544 0.16329398 0.04698569
155 0.43340334 0.00894634 0.00466046 0.00493343 0.00283333 0.00450538 0.00335307 0.15216012 0.01702511 0.01364941 0.10191108 0.00388231 0.00231931 0.00767835 0.11960409 0.02533832 0.00867125 0.00132707 0.00207784 0.08172036
156 0.05608301 0.03599090 0.31725803 0.04914390 0.01161970 0.02985650 0.05346760 0.02934480 0.01948880 0.03324500 0.05789641 0.04765450 0.01698660 0.02507880 0.02271910 0.07809861 0.03863980 0.00513701 0.02301420 0.04927670
157 0.04031012 0.00836472 0.01691211 0.00253954 0.00130052 0.00898734 0.00415900 0.00902432 0.00776114 0.17072111 0.33766521 0.00465517 0.15338810 0.03988972 0.00917973 0.01618381 0.01374451 0.00129404 0.01320771 0.14071209
158 0.01624149 0.01543299 0.01664179 0.00638761 0.00386063 0.00892520 0.01876149 0.01000850 0.01560669 0.08409816 0.08386446 0.01110140 0.05079658 0.29155787 0.00605882 0.02840819 0.03120859 0.00284967 0.10745795 0.19073192
159 0.00895055 0.00337203 0.00526616 0.00204902 0.02417032 0.00339437 0.00335795 0.00281587 0.00136424 0.43204228 0.11319507 0.00269751 0.01594241 0.01465151 0.00391635 0.01294781 0.00913600 0.00048338 0.00344294 0.33680422
160 0.02555870 0.03264790 0.29818804 0.02771820 0.00900684 0.02353960 0.17006603 0.04490861 0.00725710 0.02035990 0.02679660 0.21075703 0.00733191 0.00543680 0.00709555 0.04618941 0.01617950 0.00234857 0.00453508 0.01407860
161 0.02943263 0.01999042 0.02069162 0.01226891 0.00379596 0.01171011 0.01128571 0.01910982 0.01955892 0.02837052 0.05761645 0.01254691 0.01631011 0.18982217 0.00405367 0.03038013 0.02496472 0.01687561 0.43136538 0.03985023
162 0.02827041 0.02065751 0.02067751 0.01223510 0.00485423 0.01131660 0.01175190 0.02004031 0.01955511 0.02729461 0.05525922 0.01152540 0.01476230 0.19608405 0.00406219 0.03051101 0.02451691 0.01505390 0.43237012 0.03920161
163 0.41000793 0.03323899 0.02331010 0.02389470 0.01362880 0.01830890 0.02392740 0.05404269 0.01749100 0.03093339 0.09429858 0.02380100 0.01884220 0.00986068 0.02080900 0.08510869 0.03577649 0.00455679 0.01360230 0.04456039
164 0.02400209 0.01616740 0.01203010 0.01878299 0.00409088 0.03267259 0.03124929 0.01246110 0.01021700 0.02912829 0.03263939 0.02025949 0.01892669 0.01739439 0.00622553 0.04396329 0.28597891 0.00908639 0.02193229 0.35279189
165 0.05112269 0.02508570 0.04448889 0.41824292 0.01145630 0.03372879 0.06841979 0.04674229 0.02446680 0.01983670 0.06154309 0.03537009 0.00632167 0.00880165 0.01087240 0.04005579 0.03772229 0.00598236 0.01169570 0.03804409
166 0.03929871 0.01741040 0.01724870 0.01247850 0.01079230 0.01448390 0.01228970 0.01353990 0.00963523 0.37822911 0.13971004 0.02223611 0.03677011 0.03847231 0.00849212 0.03968801 0.02655531 0.00441447 0.01620500 0.14205004
167 0.09574185 0.01892591 0.01312581 0.00753273 0.01033881 0.01208581 0.02188961 0.36549018 0.01055421 0.00881775 0.03531172 0.01271821 0.00422368 0.01565011 0.00503380 0.30646115 0.02908581 0.00291230 0.00889185 0.01520871
168 0.04615648 0.02017939 0.02495289 0.02111039 0.00892365 0.02333849 0.03263298 0.01786009 0.01243849 0.10738595 0.07253717 0.01725419 0.02535259 0.02512849 0.01656859 0.03915178 0.03127899 0.00438782 0.01716579 0.43619579
169 0.05712497 0.03398808 0.03414478 0.04102508 0.01059129 0.32136484 0.06242427 0.04538508 0.02196349 0.02879949 0.05400267 0.04589378 0.02025759 0.01681989 0.01559189 0.06729977 0.04538388 0.01328609 0.01355049 0.05110257
170 0.06178631 0.24395706 0.02672801 0.02103040 0.00585835 0.02494331 0.02213031 0.01927130 0.01259060 0.04658601 0.31418307 0.03774791 0.02047280 0.01254820 0.02120290 0.04477441 0.01997580 0.00783792 0.01170630 0.02466901
171 0.06493932 0.37243510 0.03129291 0.02685771 0.01149940 0.02723021 0.06797962 0.02887661 0.02156841 0.02596311 0.05673272 0.06244612 0.01248930 0.01731350 0.01970511 0.05650112 0.03795981 0.00657562 0.01890141 0.03273291
172 0.01629990 0.00378763 0.00531262 0.00119755 0.01536170 0.00258523 0.00225832 0.00369997 0.00126577 0.41591391 0.19056996 0.00152254 0.03179799 0.02306440 0.00392923 0.01349970 0.01177450 0.00027472 0.00490643 0.25097795
173 0.05194879 0.02676489 0.04578139 0.41911190 0.01131200 0.03207549 0.06884138 0.04864999 0.02566649 0.01860130 0.05772449 0.03570559 0.00598291 0.00943279 0.00987482 0.03965029 0.03680119 0.00552142 0.01130970 0.03924319
174 0.03579461 0.05081172 0.03971851 0.04341242 0.01462821 0.04247862 0.50038818 0.03141501 0.01342120 0.01364700 0.02761711 0.02454471 0.00504766 0.01174440 0.01547091 0.04845942 0.02468621 0.00421937 0.00811081 0.04438392
175 0.05177060 0.02594030 0.04670750 0.42125099 0.01127890 0.03419010 0.06921090 0.04741580 0.02533600 0.01866250 0.06054310 0.03282950 0.00634620 0.01021070 0.01074750 0.03897240 0.03491180 0.00564503 0.01098660 0.03704360
176 0.05068218 0.02581669 0.04640069 0.42615987 0.01129780 0.03243519 0.06771778 0.04714199 0.02502139 0.01890639 0.05822208 0.03314689 0.00612554 0.00899988 0.00995700 0.03971719 0.03669949 0.00544159 0.01157410 0.03853629
177 0.04837770 0.02160700 0.02359870 0.02088690 0.00887605 0.02399740 0.03458470 0.01826150 0.01192010 0.10771499 0.07146690 0.01768950 0.02384330 0.02596170 0.01623280 0.03906540 0.03068500 0.00364501 0.01822640 0.43335897
178 0.22611702 0.01323080 0.01425750 0.01422610 0.25755502 0.01566910 0.01783640 0.01567830 0.01290250 0.04893110 0.06487411 0.01017980 0.01560000 0.00896073 0.01640890 0.05401730 0.03828550 0.00299721 0.00740357 0.14486901
179 0.01780340 0.00910012 0.01577080 0.02126510 0.00469960 0.20014000 0.53040101 0.01836290 0.00553452 0.00464928 0.01547130 0.00601273 0.00416203 0.00542223 0.02346270 0.02748510 0.02654290 0.00552776 0.00523982 0.05294670
