1 0.29196055 0.01589638 0.02687076 0.01774117 0.10054785 0.02844356 0.01420738 0.08469447 0.01837007 0.02023277 0.02832006 0.02480996 0.01304398 0.02448436 0.02208807 0.17954572 0.03936524 0.00369823 0.01389238 0.03178705
2 0.21123706 0.04266051 0.03338501 0.03440941 0.02154781 0.02940741 0.04661281 0.06772652 0.01817591 0.04436341 0.06923232 0.04806811 0.02203601 0.03545271 0.03728121 0.09889393 0.05616562 0.00602110 0.02221921 0.05510392
3 0.23190706 0.02522941 0.02857961 0.02092521 0.02529451 0.02695421 0.03482011 0.05830882 0.01551510 0.02348321 0.03629161 0.03788261 0.01649860 0.03953951 0.04324081 0.21805406 0.06618542 0.00668564 0.01629320 0.02831131
4 0.06051048 0.02451649 0.02034189 0.01615089 0.01349899 0.02449899 0.02286589 0.02246459 0.01620259 0.18008493 0.16831493 0.02641819 0.04432728 0.02980609 0.01256639 0.03399049 0.03956038 0.00594390 0.01932469 0.21861191
5 0.05858978 0.01533569 0.00482118 0.00172177 0.00996579 0.00501877 0.00650639 0.01130410 0.00927475 0.21682692 0.32674089 0.00818251 0.06574148 0.02909879 0.00435295 0.01514709 0.02491909 0.00475414 0.01007500 0.17162294
6 0.09149886 0.02911082 0.02880632 0.02451502 0.01574061 0.02930082 0.03343372 0.03420082 0.02019031 0.02472112 0.02643102 0.02932632 0.01559511 0.03086882 0.02043151 0.24866317 0.24539416 0.00518123 0.01443461 0.03215562
7 0.11419693 0.03724658 0.03848988 0.03411538 0.02149849 0.03385098 0.04462497 0.06469836 0.02244119 0.03103068 0.04611887 0.04352067 0.02145309 0.04157157 0.03611748 0.21214087 0.08265605 0.00924990 0.02627398 0.03870408
8 0.08633142 0.11495203 0.04527981 0.03608361 0.01543190 0.04658421 0.05033101 0.03322841 0.02061371 0.02754121 0.04901981 0.19838805 0.02350841 0.03204431 0.03680461 0.06699402 0.04626571 0.00562753 0.02046661 0.04450361
9 0.08420066 0.03695818 0.06368847 0.11569594 0.00853340 0.04304308 0.19866690 0.06096247 0.02036629 0.02167349 0.03843578 0.05173358 0.01566099 0.02510149 0.03494708 0.06902057 0.04474858 0.00590388 0.02153719 0.03912198
10 0.09005445 0.02867132 0.02838202 0.02261341 0.01564991 0.02817612 0.03284152 0.03379372 0.02180011 0.02549971 0.02673831 0.02908782 0.01629431 0.03140322 0.01910591 0.27963315 0.21909012 0.00554826 0.01440801 0.03120862
11 0.07301595 0.16505888 0.04038507 0.03086358 0.01436289 0.03976057 0.03411958 0.04257657 0.02446368 0.02012029 0.04624407 0.07262445 0.02207468 0.03462018 0.02400698 0.18126487 0.06522845 0.00945279 0.02359308 0.03616337
12 0.05058922 0.01626251 0.01067610 0.00773283 0.01402041 0.01703271 0.01219950 0.01352601 0.01385111 0.24170709 0.21336308 0.01605321 0.05525622 0.02860201 0.00971561 0.02707151 0.03377621 0.00613617 0.01958941 0.19283908
13 0.08185563 0.05649382 0.12626705 0.05602072 0.01409591 0.04188272 0.05526412 0.06004992 0.02281181 0.02241881 0.03574951 0.05808152 0.02018531 0.02074871 0.02957601 0.08709453 0.13662305 0.00495280 0.01942771 0.05040032
14 0.04967180 0.01471010 0.00424329 0.00133354 0.00956077 0.00403145 0.00611708 0.01018040 0.00914904 0.22134299 0.33438698 0.00732256 0.06732900 0.02929010 0.00391295 0.01184020 0.02427890 0.00474307 0.01022780 0.17632799
15 0.05373652 0.03563451 0.02927971 0.01361371 0.03165951 0.02887371 0.02269781 0.02275531 0.02217371 0.08806854 0.09616914 0.03469141 0.10457404 0.07597483 0.01408761 0.05455822 0.04047752 0.01349531 0.14888206 0.06859683
16 0.05084370 0.01976350 0.02026850 0.01198120 0.02336900 0.01547920 0.01612050 0.02132070 0.02851570 0.08700821 0.21619502 0.01734590 0.03176150 0.11257401 0.00951291 0.03565200 0.02277910 0.01162600 0.17191802 0.07596531
17 0.11646998 0.02684179 0.03627859 0.02905399 0.01251600 0.03826749 0.05851689 0.03529999 0.01882590 0.02508399 0.04046259 0.05820319 0.01917250 0.02034600 0.25870895 0.09582468 0.05217369 0.00732290 0.01595600 0.03467489
18 0.06361221 0.04338861 0.02318020 0.01587000 0.01694720 0.02580500 0.02498450 0.02515590 0.01590970 0.13176403 0.17402503 0.03826951 0.09614852 0.04247931 0.01939900 0.05221091 0.04355041 0.00638171 0.02525120 0.11566702
19 0.14062694 0.03654189 0.04396828 0.16312893 0.01344759 0.02917159 0.08805366 0.03703959 0.01429569 0.01972249 0.04621338 0.03936528 0.01357779 0.09883136 0.02843029 0.06837277 0.04146808 0.00877330 0.03398759 0.03498349
20 0.08338204 0.03693507 0.06443136 0.11590892 0.00846616 0.04297007 0.19822187 0.06066956 0.01985219 0.02186089 0.03899797 0.05253256 0.01524539 0.02516778 0.03619518 0.06820235 0.04363167 0.00615651 0.02184559 0.03932687
21 0.07041276 0.03422298 0.06567346 0.17488890 0.02330539 0.03188238 0.09463875 0.10800494 0.01873119 0.02008899 0.02809908 0.03650788 0.01312249 0.01832669 0.02876088 0.12589593 0.05427377 0.00581045 0.01835259 0.02900048
22 0.07213014 0.04154512 0.07577474 0.20877011 0.01313851 0.03593302 0.14214008 0.08611365 0.01781851 0.01696061 0.02721181 0.04626582 0.01166891 0.01756731 0.02128411 0.06488873 0.04337172 0.00464537 0.02009801 0.03267372
23 0.07604816 0.24855620 0.03852613 0.03424943 0.01607851 0.03365243 0.03664753 0.04026573 0.02320462 0.02860212 0.05598724 0.11837509 0.02715042 0.03164302 0.01700911 0.05620474 0.04585334 0.00772842 0.02152572 0.04269203
24 0.06494999 0.08133548 0.03931939 0.03662479 0.01961170 0.04922959 0.04642689 0.02658029 0.02330500 0.03139969 0.05146069 0.13863197 0.02314570 0.06091779 0.02195560 0.05908619 0.04084589 0.01139670 0.13607997 0.03769669
25 0.21311901 0.04350050 0.03295990 0.03302100 0.02218810 0.02998110 0.04643270 0.06866810 0.01791870 0.04315810 0.06842820 0.04930550 0.02169810 0.03568200 0.03784910 0.09936550 0.05544220 0.00597665 0.02134710 0.05395840
26 0.09234603 0.05762202 0.03011901 0.01850351 0.01296160 0.03454051 0.03074071 0.01938581 0.01850861 0.02154661 0.05638262 0.16115805 0.02916821 0.13307404 0.02255551 0.14543405 0.04482881 0.00932978 0.02924551 0.03254901
27 0.08461018 0.11440497 0.04480829 0.03619929 0.01526680 0.04648769 0.05111099 0.03324849 0.02032989 0.02875099 0.04871399 0.19835795 0.02358769 0.03220959 0.03738479 0.06624808 0.04704389 0.00546226 0.02063369 0.04514049
28 0.21164109 0.04475532 0.03276441 0.03314111 0.02196161 0.03012121 0.04559152 0.06795383 0.01813881 0.04326522 0.06885583 0.04895692 0.02209711 0.03597402 0.03760292 0.09870654 0.05528162 0.00641027 0.02182171 0.05495892
29 0.05913718 0.02352279 0.01477690 0.01015080 0.01224690 0.01362910 0.01664620 0.01998419 0.01408330 0.16408496 0.29148792 0.02066499 0.05518509 0.04127819 0.01135990 0.02949329 0.03107699 0.00587946 0.02497189 0.14033996
30 0.08009317 0.03975318 0.02320529 0.01930349 0.01853639 0.02694669 0.03189659 0.02767479 0.02292079 0.04444028 0.10155796 0.04130758 0.03150369 0.19178392 0.01707769 0.07530057 0.04414078 0.01598099 0.09346326 0.05311288
31 0.08479857 0.03604999 0.03758678 0.12757595 0.01254159 0.03862108 0.07300237 0.05322928 0.01523379 0.01996569 0.02385999 0.05024978 0.01586129 0.02771999 0.18383993 0.09264286 0.04655378 0.01038130 0.01891569 0.03137029
32 0.10785602 0.02653391 0.04528081 0.04843901 0.01802740 0.02409411 0.04268651 0.27105606 0.02062190 0.01337770 0.02765101 0.02681871 0.01231220 0.02132330 0.02040890 0.17281904 0.04787741 0.00949927 0.01848700 0.02482971
33 0.14378983 0.04051015 0.10252488 0.06113383 0.01800508 0.03261766 0.07134652 0.03344416 0.01747588 0.03388986 0.05079404 0.05680183 0.01730418 0.02069828 0.02166577 0.06574282 0.06048743 0.00426027 0.02026668 0.12724085
34 0.03649562 0.00927628 0.00482788 0.00165701 0.00983440 0.01672941 0.00494436 0.00821128 0.01268961 0.29343714 0.18191309 0.00836310 0.05409333 0.02262151 0.00330215 0.01132061 0.02927851 0.00373567 0.01235691 0.27491213
35 0.11565495 0.03742499 0.03891908 0.03367699 0.02146789 0.03437489 0.04397588 0.06353847 0.02172029 0.03085289 0.04551638 0.04399898 0.02188199 0.04110608 0.03691369 0.21218892 0.08227407 0.00936000 0.02648679 0.03866678
36 0.08805449 0.04289969 0.04331389 0.03241670 0.01776210 0.11628998 0.05286179 0.04394099 0.02649330 0.02282060 0.04147919 0.05579249 0.01966790 0.03247930 0.03365070 0.19283397 0.07065179 0.00764893 0.02344320 0.03549900
37 0.18566808 0.03039761 0.03413042 0.01971231 0.02568801 0.09338524 0.03987672 0.03094971 0.01953201 0.01985661 0.03934152 0.04425012 0.01608281 0.03403781 0.03894282 0.21402909 0.06206163 0.00583226 0.01692601 0.02929921
38 0.07270151 0.04078025 0.07516641 0.20873975 0.01264499 0.03652386 0.14308583 0.08687980 0.01832688 0.01672118 0.02725887 0.04582585 0.01123159 0.01784908 0.02136457 0.06462962 0.04302915 0.00481607 0.01982578 0.03259896
39 0.25151697 0.03338250 0.02713230 0.01958490 0.09357849 0.03058070 0.01843380 0.08549309 0.02147070 0.03071310 0.04836459 0.03665940 0.01723500 0.03090620 0.02355950 0.11153799 0.03923490 0.00511542 0.02806920 0.04743129
40 0.11477699 0.03672890 0.03886160 0.03358340 0.02187120 0.03380710 0.04360250 0.06448589 0.02192830 0.03056410 0.04497760 0.04322080 0.02157170 0.04079940 0.03595700 0.21402898 0.08481849 0.00955131 0.02619990 0.03866490
41 0.28854388 0.02366589 0.02715439 0.01987809 0.02647899 0.02488729 0.03150459 0.06647587 0.01461629 0.02164169 0.03279279 0.03725498 0.01405709 0.03667208 0.03995698 0.18949992 0.05895878 0.00528332 0.01400749 0.02666959
42 0.26446099 0.02507680 0.02873360 0.02121870 0.02527650 0.02646160 0.03534570 0.06481170 0.01488410 0.02263950 0.03443320 0.03868640 0.01513520 0.03772910 0.04320220 0.19094299 0.06111150 0.00589373 0.01566940 0.02828710
43 0.13010804 0.02794171 0.01853721 0.01455700 0.01574670 0.02117411 0.02242891 0.02990481 0.01584570 0.11723104 0.23012607 0.02855841 0.04287361 0.04359451 0.01364980 0.04984042 0.03975411 0.00573159 0.02356921 0.10882703
44 0.09353375 0.04261612 0.03661552 0.03442322 0.01710801 0.03584602 0.04095142 0.04312642 0.02054051 0.04809732 0.06218803 0.04357832 0.02550141 0.03230672 0.02954842 0.11664306 0.18888310 0.00658219 0.01957681 0.06233363
45 0.03821801 0.00978811 0.00540161 0.00218818 0.01013060 0.01706091 0.00574210 0.00842917 0.01309080 0.27952810 0.18403607 0.00918074 0.05270882 0.02326101 0.00349772 0.01239030 0.02924731 0.00405621 0.01222410 0.27982010
46 0.07279140 0.04018520 0.07585060 0.21079301 0.01248510 0.03632940 0.14357301 0.08577710 0.01778270 0.01721120 0.02694320 0.04547680 0.01155820 0.01783610 0.02120780 0.06399080 0.04259430 0.00480155 0.02023040 0.03258210
47 0.06580081 0.31499805 0.03166921 0.01938880 0.02355960 0.03330621 0.02755100 0.01518900 0.01500240 0.00721205 0.01998190 0.26133904 0.03259811 0.02601310 0.00705111 0.03010350 0.02803410 0.00216458 0.01409500 0.02494240
48 0.11403495 0.03673278 0.03872728 0.03377098 0.02118149 0.03425538 0.04466388 0.06317117 0.02172329 0.03063349 0.04624368 0.04409118 0.02202669 0.04065758 0.03692248 0.21388090 0.08252436 0.00982226 0.02592039 0.03901578
49 0.06729133 0.05925762 0.05391852 0.04887522 0.00850161 0.04747592 0.12296905 0.02527091 0.01734991 0.03070541 0.14716006 0.13604705 0.01928891 0.02816781 0.02854591 0.05530252 0.03594481 0.00437490 0.01589051 0.04766202
50 0.08651088 0.07660687 0.04301334 0.02490592 0.01249681 0.03692103 0.03528323 0.02041232 0.02130842 0.01838712 0.03439163 0.18771017 0.02333782 0.02419182 0.02870043 0.07302026 0.19216017 0.00463372 0.01637241 0.03963563
51 0.11360795 0.03697628 0.03838928 0.03491098 0.02133609 0.03440308 0.04397568 0.06393367 0.02193199 0.03139219 0.04577128 0.04392888 0.02134109 0.04045258 0.03546828 0.21317491 0.08389066 0.00944804 0.02645799 0.03920908
52 0.06594088 0.31459991 0.03173869 0.01922919 0.02353529 0.03337229 0.02717189 0.01533190 0.01481670 0.00732002 0.01969049 0.26210792 0.03245699 0.02592799 0.00693907 0.03012159 0.02817159 0.00219031 0.01442660 0.02491069
53 0.05089202 0.01668101 0.01111070 0.00821447 0.01454531 0.01771561 0.01262580 0.01372011 0.01375881 0.23994609 0.21053708 0.01676751 0.05484652 0.02883411 0.00973616 0.02762681 0.03359441 0.00604880 0.02061261 0.19218607
54 0.11417695 0.03671469 0.03807018 0.03357049 0.02152089 0.03433379 0.04400438 0.06460587 0.02209349 0.03080319 0.04646178 0.04376498 0.02152449 0.04107858 0.03698609 0.21315691 0.08273487 0.01003120 0.02637169 0.03799548
55 0.06917268 0.20260395 0.04147479 0.05224619 0.01200570 0.04774419 0.10860297 0.01809480 0.01560810 0.00897744 0.02943859 0.21871394 0.02589439 0.02230579 0.01416300 0.04056199 0.03048389 0.00272372 0.01415150 0.02503239
56 0.09349398 0.04401699 0.05024229 0.06295009 0.00795636 0.04444199 0.15438997 0.04254259 0.01676390 0.01522380 0.03105999 0.11645398 0.01507330 0.02324460 0.06020429 0.12611397 0.04741669 0.00580734 0.01545980 0.02714409
57 0.08167006 0.02167469 0.02536019 0.02745309 0.03350218 0.02176919 0.02469399 0.02052339 0.02246809 0.11361994 0.04625778 0.02621519 0.02391139 0.02327929 0.01808679 0.20282189 0.18355390 0.00832482 0.02188189 0.05293227
58 0.18829394 0.02784939 0.04590689 0.10998896 0.01939179 0.02579839 0.06883418 0.23005793 0.02140939 0.00879977 0.02349839 0.03026059 0.00827726 0.01417080 0.01819349 0.08065967 0.03890449 0.00386319 0.01179690 0.02404459
59 0.04884408 0.01833399 0.02932609 0.01444289 0.02778529 0.03043368 0.02059109 0.01959039 0.02324599 0.13421193 0.06091537 0.02364229 0.03930968 0.06228127 0.01360429 0.06451827 0.09095555 0.02495899 0.18152891 0.07147996
60 0.03883130 0.01015110 0.00513778 0.00190822 0.01024070 0.01563450 0.00534643 0.00849598 0.01267830 0.28237099 0.19541499 0.00853910 0.05508200 0.02336630 0.00367073 0.01251370 0.02936540 0.00402079 0.01230470 0.26492699
61 0.05994818 0.02368049 0.01437940 0.00930326 0.01248950 0.01369410 0.01638310 0.02006449 0.01380660 0.16427796 0.29045592 0.02056399 0.05546889 0.04185669 0.01086810 0.02937009 0.03178449 0.00609890 0.02480989 0.14069596
62 0.04852670 0.01413480 0.00277240 0.00053892 0.00969886 0.00281660 0.00487134 0.00993776 0.00826968 0.22726200 0.33319800 0.00508654 0.07351830 0.02877490 0.00292606 0.01021750 0.02426720 0.00462758 0.00927285 0.17928200
63 0.03888209 0.00994163 0.00506301 0.00185155 0.01016700 0.01574000 0.00527501 0.00843772 0.01269700 0.28356791 0.19406494 0.00871839 0.05509558 0.02342909 0.00354922 0.01224560 0.02900879 0.00395037 0.01233020 0.26598492
64 0.09572474 0.03622652 0.08990624 0.23501511 0.00264767 0.02733911 0.24478312 0.03300982 0.01110021 0.01227711 0.02221011 0.04441892 0.00673584 0.01153211 0.01404431 0.03684012 0.02238171 0.00204422 0.01864951 0.03311352
65 0.07364484 0.02691098 0.03262417 0.04442406 0.08268173 0.03436347 0.10467991 0.03611307 0.01895778 0.03890237 0.03858817 0.03590567 0.02425188 0.02446018 0.02413058 0.09457272 0.19309683 0.00759817 0.01939738 0.04469606
66 0.09710595 0.02155611 0.02181071 0.01495931 0.02556421 0.02197451 0.02062271 0.02630071 0.02799741 0.06104633 0.17042109 0.02136591 0.02581331 0.11395406 0.00977219 0.04507582 0.02608341 0.01323211 0.17406409 0.06128003
67 0.20424199 0.01548400 0.02535520 0.01981250 0.01278560 0.02573730 0.06959000 0.03037550 0.01001600 0.01893410 0.01586100 0.04445470 0.01148070 0.01756430 0.23052899 0.17614399 0.03533040 0.00741599 0.00986834 0.01901940
68 0.04306933 0.01863211 0.08883266 0.19700414 0.00314549 0.04381003 0.17034512 0.19422314 0.02858352 0.00645565 0.01609781 0.03412492 0.00684797 0.00652873 0.00839406 0.06383585 0.03922053 0.00138890 0.01066161 0.01879841
69 0.05059773 0.01617721 0.01067321 0.00820560 0.01439881 0.01728441 0.01220341 0.01371211 0.01380511 0.23994613 0.21258411 0.01609801 0.05490813 0.02911672 0.00951447 0.02784911 0.03396192 0.00608161 0.02009811 0.19278410
70 0.06187102 0.02819761 0.05653192 0.17779605 0.02397331 0.03466841 0.16378305 0.04015021 0.01605390 0.06165162 0.02802991 0.03539721 0.01365060 0.01661420 0.02171671 0.06807922 0.09105643 0.00834482 0.01751990 0.03491391
71 0.06428117 0.04358508 0.02316589 0.01539319 0.01677559 0.02545229 0.02524129 0.02564199 0.01571289 0.13086894 0.17303492 0.03812338 0.09593065 0.04348868 0.01867169 0.05340567 0.04352078 0.00645807 0.02553389 0.11571395
72 0.03657312 0.00936522 0.00566698 0.00240599 0.01169841 0.01676711 0.00525463 0.00857142 0.01324851 0.29192618 0.16554710 0.00854406 0.05361853 0.02194051 0.00353272 0.01477721 0.04044932 0.00433510 0.01296371 0.27281417
73 0.17463394 0.03849359 0.05380838 0.09345347 0.00878817 0.03468679 0.16941494 0.03329439 0.01393130 0.01934459 0.03187909 0.05586768 0.01491029 0.02405489 0.05754268 0.07491587 0.04257739 0.00514148 0.01755099 0.03571009
74 0.09355883 0.04270231 0.03615751 0.03406721 0.01645160 0.03582161 0.04055811 0.04285731 0.02049191 0.04788381 0.06170652 0.04312851 0.02507411 0.03264481 0.03044591 0.11716903 0.19172505 0.00692933 0.01928441 0.06134212
75 0.07647158 0.02459549 0.04088059 0.06895818 0.01704440 0.03754529 0.14510497 0.02853929 0.01589200 0.11134397 0.09932148 0.03382329 0.02574849 0.03507399 0.03003359 0.05782889 0.03989689 0.00969953 0.02469659 0.07750148
76 0.13933906 0.05453772 0.05092472 0.08642203 0.00679947 0.03848922 0.17229507 0.02505941 0.01294471 0.01419261 0.02826961 0.11676805 0.01415491 0.02014861 0.06192272 0.06919763 0.03940102 0.00443573 0.01456271 0.03013501
77 0.20984608 0.04401452 0.03342741 0.03375071 0.02144681 0.02960591 0.04559522 0.06759943 0.01825031 0.04412472 0.06996563 0.04977272 0.02198541 0.03578431 0.03758802 0.09871204 0.05521882 0.00619370 0.02188481 0.05523342
78 0.05087979 0.01673310 0.01111690 0.00798511 0.01436960 0.01707130 0.01187900 0.01344540 0.01363950 0.24014597 0.21383398 0.01628350 0.05530749 0.02896350 0.00925586 0.02775710 0.03356970 0.00611354 0.02000270 0.19164698
79 0.05992145 0.02367972 0.01437661 0.00969868 0.01229371 0.01313191 0.01651411 0.02018442 0.01379951 0.16491913 0.29297224 0.02010342 0.05581175 0.04054253 0.01106271 0.02877282 0.03110293 0.00600012 0.02354012 0.14157211
80 0.11005909 0.02679462 0.04651174 0.05160654 0.01821641 0.02445512 0.04458834 0.28432422 0.02068472 0.01260401 0.02658502 0.02675682 0.01162521 0.02031192 0.02025692 0.15676212 0.04526914 0.00943612 0.01770951 0.02544242
81 0.05961297 0.02537519 0.02097319 0.01338699 0.07016546 0.02014899 0.01781359 0.02667989 0.03349208 0.04355098 0.10810195 0.02586009 0.02356969 0.17835691 0.00991810 0.05290107 0.02776279 0.01841009 0.17660091 0.04731908
82 0.04444239 0.01425070 0.00523860 0.00234861 0.01245600 0.00917196 0.00623375 0.01096420 0.01016240 0.25081394 0.25909694 0.00796067 0.07676748 0.02627289 0.00455198 0.01585600 0.03007219 0.00498855 0.01554280 0.19280796
83 0.08786116 0.02807119 0.02666199 0.02222259 0.01472769 0.02852409 0.03164148 0.03017118 0.01978209 0.02289189 0.02408089 0.02751869 0.01449489 0.03057218 0.01880469 0.25074987 0.27268686 0.00465560 0.01341729 0.03046368
84 0.21217794 0.04393909 0.03236839 0.03356699 0.02194689 0.03041099 0.04648239 0.06781378 0.01822919 0.04413679 0.07030688 0.04824329 0.02177869 0.03498919 0.03810419 0.09733657 0.05583748 0.00599129 0.02123489 0.05510508
85 0.04915358 0.01394979 0.00256832 0.00040375 0.00899110 0.00235292 0.00487066 0.00946995 0.00833300 0.22545291 0.34062887 0.00499708 0.06910417 0.02779369 0.00266970 0.00947038 0.02363469 0.00446809 0.00750344 0.18418393
86 0.15362101 0.03282710 0.09078641 0.03470980 0.01950510 0.03429380 0.04708720 0.02415820 0.01847460 0.11652501 0.06645261 0.05131200 0.02237430 0.02323490 0.03174110 0.08888081 0.04738150 0.00638922 0.02740880 0.06283651
87 0.11144598 0.02313390 0.04163329 0.04682009 0.01562790 0.02882149 0.03572719 0.30083595 0.01721930 0.01320430 0.02592300 0.02893239 0.01279280 0.01421680 0.10240398 0.08970868 0.03981989 0.00490968 0.01312040 0.03370299
88 0.21088507 0.02029161 0.02733361 0.02247701 0.01383490 0.03140141 0.06752062 0.03834761 0.01187810 0.02091491 0.02405691 0.05215032 0.01441130 0.01770901 0.22686408 0.11231404 0.04018391 0.00650506 0.01081240 0.03010811
89 0.09451874 0.04332272 0.03644422 0.03376421 0.01682231 0.03487791 0.04159102 0.04323772 0.01988721 0.04692572 0.06138973 0.04350042 0.02492841 0.03317861 0.02981911 0.11678305 0.19204308 0.00670408 0.01957161 0.06069013
90 0.05987135 0.02345458 0.01456749 0.00962613 0.01242539 0.01376499 0.01680319 0.02034708 0.01397289 0.16417386 0.29131276 0.01997018 0.05596695 0.04114837 0.01066639 0.02969838 0.03150087 0.00595220 0.02372508 0.14105188
91 0.08303372 0.03722521 0.06413402 0.11511803 0.00887622 0.04290671 0.19662406 0.06080312 0.01990731 0.02205271 0.03943541 0.05216141 0.01567470 0.02529051 0.03549631 0.06843762 0.04491061 0.00617260 0.02200831 0.03973141
92 0.21039195 0.04314739 0.03299369 0.03343359 0.02165899 0.02996629 0.04658779 0.06760868 0.01807280 0.04368109 0.06940258 0.04804559 0.02180129 0.03539499 0.03803259 0.09923237 0.05643719 0.00630516 0.02300319 0.05480279
93 0.05942911 0.02416800 0.02002910 0.01626040 0.01346940 0.02480670 0.02367940 0.02200790 0.01634950 0.18063803 0.16814003 0.02613640 0.04432521 0.02971581 0.01256070 0.03304171 0.03914501 0.00574582 0.02016770 0.22018404
94 0.08183490 0.08509901 0.04759870 0.06632140 0.00851601 0.04812600 0.14300901 0.02996360 0.01701880 0.01520230 0.03397170 0.18837201 0.01809040 0.02347340 0.04264490 0.06039930 0.03887910 0.00444113 0.01556770 0.03147060
95 0.06636030 0.02171130 0.01821690 0.01806630 0.02009640 0.01841780 0.02791970 0.08626560 0.02395460 0.06872260 0.18700900 0.01781990 0.03199270 0.13305500 0.00779868 0.05155560 0.03166810 0.01711280 0.08289930 0.06935740
96 0.07542518 0.03181459 0.02022700 0.01488000 0.01409130 0.02143719 0.02262799 0.02883659 0.01703950 0.10759097 0.22388395 0.02849019 0.04172069 0.03562559 0.01908580 0.05279879 0.11901997 0.00599974 0.01711000 0.10229498
97 0.11314098 0.03697009 0.03846399 0.03450369 0.02136690 0.03398799 0.04432979 0.06526489 0.02228640 0.03037939 0.04613359 0.04407669 0.02181770 0.04094839 0.03627009 0.21304796 0.08209199 0.00987737 0.02635300 0.03868909
98 0.07058459 0.03159840 0.09038869 0.24550598 0.00357739 0.03273220 0.22045098 0.06283559 0.01483760 0.01206010 0.02115680 0.04200690 0.00708326 0.01035190 0.01182110 0.04290480 0.02815050 0.00230853 0.01854300 0.03110170
99 0.07082792 0.03186481 0.09013193 0.24589108 0.00340467 0.03281341 0.22130407 0.06275512 0.01497190 0.01192800 0.02140931 0.04196181 0.00691105 0.01037090 0.01149220 0.04274191 0.02795251 0.00231846 0.01862331 0.03032561
100 0.05938642 0.02362261 0.01408531 0.00930822 0.01239470 0.01350870 0.01625981 0.01991871 0.01397921 0.16506006 0.29224811 0.02014271 0.05579322 0.04116131 0.01104080 0.02921091 0.03185761 0.00615752 0.02397701 0.14088705
101 0.11351808 0.03695313 0.03951973 0.03438802 0.02153802 0.03436362 0.04417603 0.06573345 0.02184462 0.03020662 0.04644593 0.04366553 0.02131411 0.04028183 0.03677213 0.21193815 0.08325576 0.00941701 0.02553682 0.03913143
102 0.15485011 0.03297632 0.03447382 0.02694462 0.02281572 0.11664408 0.04395263 0.02635432 0.02805182 0.04944293 0.05457484 0.04763373 0.02033021 0.02937432 0.03217822 0.06401414 0.05158024 0.00627890 0.02093391 0.13659510
103 0.09911672 0.02864221 0.04947861 0.05880461 0.01565410 0.02702981 0.05010271 0.34724308 0.02131611 0.01690940 0.03505991 0.02689081 0.01191340 0.01735510 0.01822130 0.08541172 0.03738871 0.00532906 0.01675090 0.03138171
104 0.07895611 0.03893420 0.02362800 0.02030310 0.01879270 0.02670760 0.03210000 0.02761920 0.02296360 0.04459640 0.10189601 0.04108210 0.03127130 0.19084302 0.01712060 0.07544381 0.04407650 0.01570660 0.09522461 0.05273451
105 0.08126287 0.02412459 0.02186349 0.01784269 0.06510817 0.02720459 0.01819719 0.02623079 0.01800659 0.13296095 0.12558195 0.02929379 0.03753099 0.03246199 0.01838099 0.05061518 0.04324888 0.00619839 0.02788599 0.19599992
106 0.03872640 0.01027530 0.00499210 0.00185716 0.01017030 0.01580510 0.00526897 0.00847690 0.01266340 0.28341701 0.19404901 0.00880420 0.05512480 0.02331160 0.00350520 0.01236080 0.02932200 0.00388504 0.01254970 0.26543501
107 0.14468997 0.05496619 0.03856669 0.02528560 0.01431500 0.04013109 0.03950309 0.02546100 0.01736970 0.02350780 0.03766119 0.11881198 0.02152140 0.03220619 0.02330570 0.07705679 0.14208897 0.00779959 0.07202109 0.04373099
108 0.04859085 0.01354421 0.00305790 0.00074125 0.00939016 0.00346612 0.00595412 0.00960610 0.00965437 0.22318722 0.32850732 0.00532128 0.06716237 0.03502213 0.00278182 0.01037891 0.02363472 0.00495215 0.01155281 0.18349418
109 0.06424814 0.04313312 0.02304291 0.01588941 0.01694951 0.02602361 0.02563201 0.02609851 0.01580651 0.13153307 0.17393310 0.03857192 0.09485895 0.04245862 0.01871091 0.05307303 0.04294472 0.00647925 0.02426261 0.11635006
110 0.07045351 0.27490202 0.07060561 0.02541360 0.01861080 0.03990430 0.03126870 0.01928240 0.02068530 0.01021630 0.02800950 0.20748202 0.02495650 0.01870640 0.00892986 0.04220850 0.04470720 0.00226996 0.01241060 0.02897690
111 0.08335124 0.03696562 0.06409323 0.11595905 0.00888553 0.04321662 0.19813709 0.06111883 0.01944941 0.02156171 0.03831322 0.05206782 0.01592881 0.02516961 0.03559242 0.06847043 0.04412712 0.00594281 0.02226301 0.03938642
112 0.09940417 0.02321879 0.05006409 0.05492938 0.01526590 0.01996639 0.04217239 0.39820088 0.01735349 0.00766506 0.02052979 0.02212389 0.00807847 0.01176730 0.01749689 0.11665497 0.03545119 0.00514806 0.01204230 0.02246659
113 0.04488079 0.02511250 0.01958610 0.01078710 0.02826450 0.01626920 0.01500190 0.02238300 0.03685259 0.02754580 0.09673718 0.01964730 0.01598230 0.23493496 0.00776826 0.04378279 0.01579500 0.02312290 0.26153396 0.03401189
114 0.21756598 0.02478880 0.02663940 0.03253180 0.02552160 0.01588820 0.02487200 0.33447796 0.01824960 0.01209350 0.02942830 0.02341900 0.00838758 0.01458710 0.01986300 0.09117159 0.03504360 0.00453083 0.01395350 0.02698670
115 0.11429597 0.03706409 0.03858119 0.03350129 0.02154119 0.03463389 0.04438249 0.06344618 0.02216759 0.03101829 0.04613129 0.04382279 0.02202179 0.04033209 0.03668689 0.21371695 0.08189968 0.00951424 0.02585109 0.03939099
116 0.05614279 0.02945889 0.03040239 0.02563849 0.02749519 0.02722779 0.03224429 0.03198149 0.03330619 0.04777709 0.08658478 0.02904999 0.02209510 0.12467498 0.01375160 0.05388239 0.02975959 0.02019030 0.22927095 0.04906569
117 0.07640307 0.24896891 0.03917409 0.03363199 0.01571579 0.03386119 0.03507449 0.03976159 0.02397079 0.02817159 0.05605758 0.11800796 0.02757969 0.03180449 0.01679409 0.05702488 0.04681088 0.00739226 0.02161579 0.04217888
118 0.03986582 0.01519651 0.01858011 0.00813054 0.03206342 0.01187741 0.01006671 0.02073551 0.04204152 0.03168412 0.12863608 0.01140871 0.01448311 0.22232613 0.00447420 0.03334352 0.00943108 0.01811891 0.29377817 0.03375842
119 0.05924621 0.02284960 0.01392190 0.00906556 0.01224340 0.01334260 0.01620030 0.01925970 0.01340520 0.16670302 0.29356104 0.01993820 0.05632871 0.04182801 0.01002350 0.02885650 0.03141580 0.00615280 0.02376390 0.14189402
120 0.08460495 0.01620509 0.00852989 0.00572550 0.01417269 0.00955605 0.01191189 0.04506237 0.01115669 0.18859889 0.28035583 0.01127189 0.05637327 0.02923928 0.00641256 0.02739168 0.03016788 0.00550247 0.01404919 0.14371192
121 0.05032740 0.01523740 0.00466470 0.00138391 0.00931161 0.00382691 0.00647089 0.01043400 0.00896879 0.21319201 0.33580501 0.00722649 0.06637820 0.02839320 0.00361543 0.01209330 0.02442090 0.00453752 0.00863431 0.18507801
122 0.05046362 0.02197891 0.03014101 0.01395101 0.01786471 0.11548205 0.02941831 0.02240171 0.08296904 0.17200808 0.04906082 0.03769802 0.02653861 0.03038121 0.02042411 0.04673462 0.03728182 0.00654493 0.03111431 0.15754307
123 0.06445544 0.04289403 0.02302681 0.01589291 0.01701971 0.02589882 0.02527362 0.02564582 0.01615791 0.13048408 0.17320411 0.03883182 0.09508386 0.04367043 0.01819581 0.05349093 0.04382113 0.00632467 0.02518502 0.11544307
124 0.05188722 0.01697900 0.07483272 0.09568483 0.00775114 0.04000651 0.12396504 0.20984206 0.02802691 0.00947229 0.02111591 0.02876591 0.01042200 0.01193250 0.01432380 0.12711504 0.08942283 0.00390818 0.01127620 0.02326991
125 0.05334999 0.02133890 0.09176189 0.08105589 0.00926582 0.02735400 0.06718109 0.39442894 0.02159190 0.00486942 0.01705360 0.02561540 0.00723716 0.00745668 0.01414520 0.08712599 0.03790559 0.00248948 0.00894570 0.01982740
126 0.05961428 0.03846439 0.04652398 0.02603359 0.01332530 0.03658439 0.02855679 0.03090999 0.08366067 0.02222869 0.04041909 0.05245778 0.02660359 0.02030489 0.18585494 0.07590247 0.15222195 0.00593694 0.02040099 0.03399529
127 0.05066004 0.01630388 0.01107919 0.00804527 0.01454218 0.01739368 0.01210248 0.01372448 0.01370238 0.24078869 0.21177673 0.01601658 0.05510703 0.02899486 0.00971416 0.02786636 0.03360676 0.00621272 0.02038177 0.19198075
128 0.06009954 0.02448051 0.01982461 0.01674901 0.01364171 0.02436911 0.02414421 0.02270121 0.01606101 0.18019611 0.16665110 0.02615312 0.04431983 0.02992812 0.01276281 0.03385742 0.03994002 0.00582090 0.01980451 0.21849513
129 0.07952769 0.04922890 0.04369630 0.04237100 0.01648010 0.14858699 0.06059799 0.04896600 0.03138970 0.04583840 0.04772670 0.06632359 0.02395720 0.03103730 0.03370580 0.07518459 0.05482240 0.00727989 0.02822600 0.06505349
130 0.07843550 0.04890000 0.04395820 0.04202840 0.01635620 0.14853899 0.05978680 0.04952470 0.03130810 0.04544950 0.04821240 0.06703990 0.02396220 0.03186390 0.03515530 0.07603740 0.05369110 0.00717955 0.02830650 0.06426540
131 0.07216534 0.03988042 0.07635384 0.20910012 0.01285981 0.03597302 0.14250608 0.08807805 0.01789621 0.01702911 0.02734862 0.04543793 0.01133211 0.01776131 0.02099581 0.06420694 0.04309972 0.00476954 0.02025371 0.03295232
132 0.07011326 0.02791219 0.02836708 0.01855949 0.01448439 0.02906638 0.02731189 0.02301639 0.01695649 0.13652693 0.11139394 0.03076158 0.03535408 0.02747669 0.01611829 0.05214677 0.10511294 0.00698393 0.01748739 0.20484989
133 0.07651702 0.24938005 0.03885191 0.03421461 0.01591090 0.03371951 0.03683841 0.03860651 0.02372970 0.02819011 0.05481471 0.11796602 0.02714911 0.03239341 0.01770100 0.05682401 0.04598521 0.00739989 0.02170370 0.04210421
134 0.05923986 0.02357712 0.01426761 0.00966227 0.01238581 0.01347901 0.01680082 0.01957312 0.01364641 0.16488416 0.29177229 0.02025542 0.05565445 0.04172214 0.01096231 0.02895643 0.03193283 0.00591857 0.02433522 0.14097414
135 0.09995720 0.02978830 0.04903700 0.05855680 0.01596550 0.02689200 0.05008920 0.34554500 0.02115230 0.01675860 0.03493760 0.02693120 0.01218110 0.01718830 0.01792310 0.08586340 0.03768730 0.00544149 0.01641940 0.03168520
136 0.09242862 0.02960561 0.02896031 0.02505531 0.01571150 0.02985611 0.03367561 0.03461691 0.02021070 0.02433831 0.02667391 0.02955431 0.01538920 0.03063791 0.02006870 0.24653605 0.24550205 0.00516048 0.01423320 0.03178521
137 0.07185138 0.04075619 0.07599958 0.20880396 0.01252610 0.03638329 0.14185797 0.08735518 0.01785580 0.01720330 0.02714839 0.04581619 0.01159030 0.01773370 0.02156960 0.06445529 0.04294859 0.00505781 0.02049240 0.03259499
138 0.05301098 0.03151439 0.02840789 0.01461949 0.03395249 0.02908339 0.02303719 0.02277769 0.02268059 0.08662167 0.09443406 0.03225629 0.09034936 0.07707877 0.01404899 0.05194028 0.04073038 0.01448579 0.17323693 0.06573337
139 0.11514102 0.03744871 0.03915481 0.03393191 0.02169520 0.03376241 0.04426221 0.06370151 0.02202590 0.03078041 0.04576931 0.04325251 0.02183870 0.04014871 0.03689001 0.21333704 0.08232802 0.00991980 0.02596011 0.03865171
140 0.06118410 0.15786199 0.04588610 0.01958760 0.00993629 0.04906240 0.03388030 0.01658790 0.01812650 0.03771700 0.14726899 0.16411499 0.02865090 0.02797350 0.01819520 0.05423560 0.03820910 0.00365136 0.01599180 0.05187840
141 0.05548839 0.01862390 0.02056220 0.02559390 0.01549390 0.03925270 0.08664629 0.02457390 0.01945680 0.09456349 0.08065459 0.02547010 0.01890660 0.13981399 0.01811080 0.06426499 0.03576340 0.08164899 0.07229139 0.06281969
142 0.02942888 0.00722696 0.00959272 0.00402242 0.01067569 0.05164257 0.00985755 0.00786704 0.02081109 0.30635681 0.05168777 0.01618019 0.03436448 0.01972199 0.00659648 0.01608379 0.03270578 0.00411082 0.01571019 0.34535679
143 0.05808735 0.03816847 0.07653004 0.14877988 0.00805588 0.04380726 0.10130692 0.21003883 0.02358118 0.00853460 0.01905718 0.07998823 0.01005389 0.01085119 0.01491139 0.06914774 0.04179417 0.00338962 0.01090129 0.02301488
144 0.11449099 0.03695670 0.03824260 0.03396550 0.02122800 0.03453130 0.04474910 0.06434380 0.02160850 0.03145190 0.04582540 0.04308910 0.02176640 0.03964840 0.03657490 0.21424399 0.08355009 0.00959896 0.02571000 0.03842440
145 0.08398944 0.03754087 0.06369636 0.11512092 0.00899971 0.04371037 0.19821387 0.05999496 0.02023279 0.02167069 0.03818507 0.05242606 0.01562399 0.02488148 0.03557828 0.06828695 0.04400307 0.00616115 0.02230589 0.03937807
146 0.16833001 0.04052740 0.03677730 0.03079360 0.02338990 0.14155601 0.04912010 0.03832850 0.02842900 0.02978310 0.04751310 0.05615290 0.01886830 0.03061630 0.03801690 0.08843910 0.05395430 0.00595895 0.02250520 0.05094000
147 0.07916989 0.04795149 0.04262619 0.04282909 0.01630120 0.14809098 0.06087519 0.04989509 0.03176170 0.04575519 0.04748379 0.06610239 0.02338570 0.03167540 0.03465700 0.07660449 0.05442489 0.00758973 0.02868570 0.06413489
148 0.07056909 0.02725659 0.03292429 0.02217810 0.01486560 0.03391589 0.03651199 0.02032770 0.02133060 0.02040100 0.03722879 0.04476929 0.07691739 0.02019190 0.24585095 0.05977309 0.16147497 0.00451519 0.01646690 0.03253069
149 0.07882769 0.04881940 0.04338830 0.04262260 0.01623980 0.14853499 0.05966190 0.04996760 0.03220760 0.04593820 0.04778480 0.06701110 0.02375540 0.03138370 0.03390350 0.07513069 0.05386140 0.00698937 0.02829590 0.06567610
150 0.07872738 0.03959149 0.02317059 0.01962799 0.01871929 0.02663279 0.03209279 0.02768029 0.02256529 0.04510479 0.10159997 0.04125589 0.03157059 0.19080894 0.01657430 0.07526558 0.04363019 0.01601030 0.09592457 0.05344698
151 0.21127496 0.04352489 0.03275409 0.03441349 0.02198710 0.03008409 0.04639389 0.06690669 0.01814870 0.04372899 0.06946449 0.04806259 0.02213250 0.03483929 0.03855469 0.09936908 0.05552999 0.00633411 0.02134470 0.05515169
152 0.04968985 0.02547247 0.06987862 0.02562227 0.02459597 0.02553377 0.03302096 0.02473727 0.03891916 0.03795566 0.13887585 0.03141407 0.01821508 0.10611588 0.01712258 0.04576765 0.02472787 0.01081349 0.21018777 0.04133375
153 0.06480410 0.02880200 0.08278530 0.19483000 0.00669067 0.03468110 0.19276500 0.09070980 0.01782570 0.01307580 0.02286820 0.03861210 0.00870004 0.01209770 0.02187520 0.08374720 0.03711570 0.00343449 0.01742110 0.02715880
154 0.13052106 0.04092372 0.06923633 0.20032009 0.01256041 0.02911431 0.14223206 0.06341443 0.01424281 0.01491331 0.02822541 0.04355052 0.00984670 0.02046841 0.02274061 0.06117183 0.03879542 0.00436617 0.01863831 0.03471811
155 0.09966860 0.02934760 0.04915940 0.05851520 0.01600970 0.02641630 0.05021090 0.34596700 0.02115100 0.01732430 0.03504660 0.02652840 0.01208570 0.01698170 0.01854460 0.08561000 0.03768300 0.00566089 0.01676800 0.03132110
156 0.03801707 0.01718739 0.01910058 0.00784948 0.03108567 0.01319199 0.01018619 0.01989488 0.04263916 0.02689138 0.10033891 0.01288229 0.01197689 0.23431680 0.00523727 0.03492217 0.01016499 0.02098268 0.31075073 0.03238347
157 0.07152687 0.10982195 0.06988587 0.21909490 0.01135529 0.02937619 0.14156793 0.03884018 0.01326129 0.01669849 0.02622539 0.06481667 0.01264789 0.01618649 0.01780349 0.05104038 0.03580778 0.00673906 0.01908879 0.02821509
158 0.05991999 0.02379680 0.01442440 0.00989112 0.01258730 0.01378820 0.01667360 0.01929430 0.01393220 0.16424297 0.29127994 0.02087020 0.05549609 0.04125369 0.01081360 0.02951349 0.03122779 0.00602408 0.02439930 0.14057097
159 0.05086532 0.01522711 0.00630279 0.00305197 0.01183520 0.00730937 0.01052420 0.01150570 0.01307760 0.19312507 0.29733510 0.00947715 0.06061022 0.07005902 0.00416519 0.01926911 0.02322131 0.00727909 0.03384441 0.15191505
160 0.05174670 0.01675430 0.00627897 0.00273419 0.00976900 0.00544961 0.00810033 0.01156670 0.00964451 0.20719401 0.32702401 0.00953794 0.06452940 0.02921290 0.00469056 0.01464650 0.02568530 0.00472585 0.01022420 0.18048501
161 0.07600663 0.24986611 0.03842362 0.03359611 0.01612521 0.03463662 0.03561902 0.04025612 0.02407551 0.02822531 0.05536872 0.11981905 0.02734651 0.03157281 0.01651901 0.05566392 0.04523112 0.00742176 0.02186721 0.04235962
162 0.08682674 0.03657802 0.02824561 0.02184801 0.01640101 0.02887071 0.02907011 0.03575952 0.01819511 0.07516433 0.19740409 0.03929062 0.03334442 0.04734902 0.01741081 0.12648706 0.04725192 0.00839365 0.02719041 0.07891884
163 0.05918809 0.02338670 0.01414720 0.00976324 0.01210400 0.01340060 0.01657180 0.01937350 0.01377240 0.16546197 0.29231295 0.02035480 0.05553979 0.04204079 0.01092100 0.02882750 0.03115839 0.00618873 0.02413560 0.14135098
164 0.04503939 0.01275950 0.00644807 0.00166102 0.01272240 0.00717797 0.00635516 0.01042280 0.01331320 0.22085996 0.27935295 0.00696968 0.06136659 0.04215369 0.00351620 0.01418440 0.02448090 0.00621038 0.04466479 0.18034097
165 0.05168648 0.01701209 0.00796891 0.00327574 0.01004110 0.00807479 0.00935395 0.01211910 0.01034920 0.20394293 0.30737489 0.01163450 0.06190728 0.02950229 0.00534628 0.01605719 0.02638899 0.00481448 0.01137490 0.19177493
166 0.03893304 0.01603061 0.02080652 0.00863745 0.03198583 0.01427251 0.01121511 0.02049192 0.04367724 0.03034953 0.10021909 0.01299081 0.01262731 0.21251520 0.00578875 0.03470133 0.01095031 0.02116362 0.31890829 0.03373553
167 0.07126905 0.02523202 0.03602203 0.05308594 0.01873481 0.03945183 0.11410308 0.02715182 0.01716511 0.14216611 0.11224908 0.03477833 0.02992892 0.03204002 0.02631442 0.05653994 0.03982243 0.00983497 0.02473712 0.08937297
168 0.07712700 0.24698401 0.03853040 0.03369200 0.01604560 0.03369630 0.03640140 0.04088670 0.02378380 0.02845310 0.05521180 0.11733700 0.02745290 0.03157110 0.01765430 0.05733720 0.04650670 0.00769626 0.02147980 0.04215260
169 0.04203945 0.01802992 0.01780402 0.00873719 0.03043294 0.01240162 0.01133101 0.02085163 0.03952045 0.03025664 0.12986316 0.01300532 0.01637172 0.23391828 0.00479852 0.03660314 0.01041741 0.01835682 0.27220133 0.03305944
170 0.07691921 0.13174001 0.03525780 0.03870320 0.01141920 0.03880380 0.03845650 0.03011750 0.02409290 0.01970730 0.03884100 0.07135861 0.02013440 0.03448420 0.18520301 0.08048071 0.06023970 0.00840762 0.02353460 0.03209870
171 0.07976983 0.04005226 0.02307828 0.02063738 0.01841478 0.02644028 0.03194907 0.02789227 0.02222738 0.04509676 0.10315491 0.04157426 0.03134857 0.19184283 0.01679598 0.07350533 0.04420816 0.01561899 0.09323572 0.05315695
172 0.07719609 0.24826697 0.03866060 0.03393250 0.01574110 0.03362650 0.03579630 0.03973060 0.02330680 0.02841940 0.05599229 0.11884199 0.02805940 0.03215370 0.01690990 0.05638459 0.04668419 0.00722101 0.02101130 0.04206480
173 0.14138514 0.01961422 0.02947013 0.02471292 0.01051181 0.02781463 0.06660007 0.02437322 0.01395821 0.01710772 0.01642492 0.04408294 0.01231371 0.01636472 0.27694228 0.18356118 0.03741744 0.00803781 0.01202451 0.01728242
174 0.09457767 0.02704929 0.05250088 0.06244838 0.01604200 0.03394239 0.05202108 0.22173893 0.02311469 0.01781139 0.04113489 0.02955009 0.01541130 0.01841269 0.02007329 0.09385227 0.12558096 0.00601261 0.01429470 0.03443049
175 0.03321709 0.00774117 0.00424234 0.00109218 0.00933859 0.01940590 0.00402964 0.00714402 0.01381730 0.30581293 0.15081497 0.00787950 0.04975709 0.02118290 0.00270453 0.01003690 0.02937569 0.00332916 0.01179220 0.30728593
176 0.06729012 0.03704101 0.04597281 0.07992182 0.00965235 0.13199304 0.17122305 0.06419652 0.02716511 0.02206451 0.03413701 0.05827792 0.01922871 0.02742871 0.02541501 0.06532402 0.04555421 0.00686917 0.02140431 0.03984061
177 0.11696004 0.02710221 0.03677651 0.02930611 0.01294580 0.03858931 0.05798702 0.03543401 0.01910881 0.02486861 0.04061251 0.05828042 0.01906581 0.02031081 0.25837209 0.09553463 0.05156702 0.00718394 0.01559971 0.03439461
178 0.04691041 0.01952730 0.01923300 0.00737869 0.01115940 0.03148641 0.01156760 0.01030890 0.01615730 0.24409604 0.13855202 0.06004091 0.03730821 0.02290500 0.01301290 0.02677620 0.03183801 0.00513983 0.01475280 0.23184904
179 0.17427717 0.02844423 0.02718233 0.02278862 0.02058422 0.02531943 0.03214853 0.03811374 0.01508032 0.09175459 0.12254412 0.03584194 0.03167543 0.03121223 0.02179792 0.05589606 0.05128935 0.00540321 0.01912842 0.14951815
