1 0.04189841 0.01220960 0.01025920 0.00254011 0.01455000 0.01028980 0.00612374 0.00974363 0.00485643 0.24229005 0.22718405 0.00426528 0.04981901 0.03657001 0.00780329 0.01348350 0.04099281 0.00344162 0.01186740 0.24981205
2 0.06856579 0.03082340 0.03248510 0.01898070 0.00930026 0.02710770 0.03650530 0.08151489 0.01678830 0.03261160 0.04180670 0.02665800 0.01980900 0.01995260 0.33187697 0.09845799 0.05454639 0.00656504 0.01413800 0.03150630
3 0.05048320 0.04029780 0.08163470 0.13338600 0.00512495 0.04683230 0.06382800 0.36061501 0.01929680 0.00752148 0.02236930 0.04589500 0.00441756 0.02062630 0.01159260 0.04688290 0.01674050 0.00282697 0.00817652 0.01145210
4 0.06344039 0.02732420 0.02294870 0.01366560 0.01700920 0.01920210 0.02507320 0.02081580 0.01597480 0.16369297 0.15104698 0.02091180 0.04665449 0.03257999 0.01364520 0.03897529 0.04870849 0.00771096 0.01755590 0.23306396
5 0.25527990 0.07945867 0.02929169 0.01973839 0.01032290 0.05390768 0.05485818 0.03766818 0.03329369 0.02936069 0.04528698 0.13233195 0.01438549 0.01762859 0.02946839 0.06591487 0.04440178 0.00459181 0.00937389 0.03343629
6 0.06736734 0.02681092 0.06265834 0.16738710 0.00922395 0.03506812 0.10772807 0.03651312 0.02593422 0.07559905 0.05639843 0.03204652 0.03071582 0.02028761 0.02225371 0.07128574 0.08850885 0.00740935 0.01471281 0.04209093
7 0.09828871 0.06398431 0.04559361 0.03280320 0.01297510 0.09995591 0.06639681 0.04145941 0.02893020 0.01839830 0.02986970 0.05038561 0.00888536 0.01658590 0.04700071 0.22150203 0.05890641 0.01386630 0.01499510 0.02921730
8 0.03425522 0.01084021 0.00839358 0.00302521 0.01145451 0.01065791 0.00882844 0.01443001 0.00220607 0.22990013 0.24274014 0.00401112 0.08785775 0.05098663 0.01339751 0.02178921 0.04616803 0.00327482 0.01469341 0.18109010
9 0.05649883 0.08722174 0.03073852 0.07637774 0.00257977 0.06796443 0.21754111 0.02736041 0.03126912 0.02296831 0.05053323 0.15772308 0.01104091 0.01171071 0.01282341 0.05834483 0.02702891 0.00674306 0.00951416 0.03401772
10 0.01727611 0.01257721 0.00341803 0.00465293 0.00851174 0.01640891 0.00751258 0.01082340 0.03030591 0.02646001 0.03647002 0.01027320 0.00709032 0.34037416 0.00556894 0.02372151 0.02174971 0.01152961 0.38594818 0.01932751
11 0.03153150 0.04417040 0.01308660 0.00923478 0.01888020 0.02332840 0.01887250 0.01479840 0.04007460 0.04863990 0.06277809 0.05992820 0.01404060 0.22678298 0.01259390 0.02244950 0.01989110 0.02586490 0.26411898 0.02893450
12 0.03632101 0.02373371 0.01450061 0.01121020 0.01269371 0.02106501 0.01555611 0.02212841 0.02032801 0.07919233 0.12729405 0.02188541 0.02830581 0.23059909 0.01202470 0.02971631 0.02826371 0.01115810 0.19821208 0.05581162
13 0.04346428 0.06688167 0.12933493 0.19960490 0.00805664 0.04275258 0.10152795 0.08035196 0.02643109 0.01139949 0.03901288 0.08834965 0.00519340 0.01800309 0.01641309 0.05593507 0.02617169 0.00353018 0.01033089 0.02725459
14 0.04997993 0.05835664 0.05565344 0.19262613 0.00387662 0.05300844 0.21035414 0.03572932 0.02594462 0.02074551 0.04347493 0.09907367 0.00612379 0.00735255 0.01123741 0.06262674 0.02324862 0.00422228 0.00781469 0.02855052
15 0.07138722 0.16106004 0.05111731 0.03409201 0.00933315 0.05553411 0.05853021 0.07384882 0.02885981 0.02464661 0.04663211 0.12413703 0.01636980 0.02606971 0.02368391 0.07753132 0.04080101 0.01177950 0.02043381 0.04415251
16 0.05607231 0.04899151 0.06422461 0.07418352 0.00793500 0.06775951 0.04654801 0.38045308 0.02086280 0.01247620 0.02272940 0.04937011 0.00596060 0.02354560 0.01839990 0.05125581 0.02085050 0.00417949 0.00900210 0.01519990
17 0.04540011 0.01082230 0.00969345 0.00220782 0.01629150 0.01079980 0.00537738 0.01092360 0.00210889 0.25595205 0.20241404 0.00355939 0.05029641 0.03264951 0.00833211 0.01327530 0.04471311 0.00386286 0.01223430 0.25908605
18 0.06223896 0.15172390 0.02765518 0.04425317 0.00286261 0.09003884 0.15100290 0.01660859 0.02840898 0.02080039 0.04404627 0.20451387 0.01146059 0.01596769 0.01120749 0.04765117 0.02758508 0.00475570 0.00718155 0.03003708
19 0.06515320 0.06872630 0.03563100 0.07511780 0.00375250 0.09856540 0.20750401 0.03384150 0.03575160 0.02953800 0.04831250 0.09843560 0.01182000 0.01495930 0.01698610 0.07031870 0.03211100 0.00633495 0.01108900 0.03605150
20 0.02957110 0.01540960 0.01418570 0.00626039 0.00604121 0.00906484 0.01717620 0.02551180 0.00497520 0.16097000 0.27209201 0.00699123 0.12448700 0.04461130 0.04794260 0.04679530 0.05449130 0.00255420 0.01210010 0.09876890
21 0.13308197 0.04774779 0.04661419 0.03432049 0.02041150 0.03790759 0.05344349 0.06311529 0.02126500 0.02593849 0.03756749 0.03544469 0.01454860 0.01831320 0.03810319 0.21782396 0.08362778 0.01181420 0.01740880 0.04150229
22 0.04754885 0.02316452 0.01755092 0.01818052 0.00998023 0.01866372 0.02640573 0.01811972 0.01167751 0.15665916 0.27190927 0.02252202 0.05843666 0.06731197 0.01280661 0.02929123 0.03484633 0.00563610 0.02002282 0.12926613
23 0.06503003 0.22108310 0.04823312 0.01827271 0.00842061 0.07366373 0.05236312 0.02363541 0.03250112 0.00994693 0.03725112 0.23946111 0.01816401 0.01861531 0.01290231 0.03968222 0.03833462 0.00592519 0.01423641 0.02227781
24 0.07319141 0.04727380 0.04129420 0.03967700 0.01131100 0.02647670 0.04584020 0.43566403 0.01313940 0.02087600 0.02552700 0.03273480 0.00895156 0.01628900 0.03409000 0.06489460 0.02949250 0.00380871 0.00888336 0.02058470
25 0.04910459 0.01427550 0.01289440 0.00741941 0.01608240 0.01613820 0.01505960 0.01922329 0.00559444 0.22779993 0.20480094 0.01035270 0.05126838 0.05385048 0.01363060 0.02476739 0.04612079 0.00521915 0.02477189 0.18162595
26 0.27930294 0.02803659 0.03469729 0.02027300 0.03155419 0.02518029 0.03467719 0.08102978 0.01230380 0.01711550 0.02229779 0.02008880 0.00837536 0.00927326 0.02642549 0.21675895 0.07811418 0.00490995 0.00998976 0.03959589
27 0.04120847 0.01762399 0.01223709 0.00768948 0.01688629 0.01555359 0.01905119 0.01798509 0.00955359 0.14297589 0.18362586 0.01798609 0.09612783 0.09780882 0.01927058 0.04123197 0.07552714 0.00780438 0.04805976 0.11179291
28 0.07552832 0.05179542 0.05267652 0.10964003 0.00609435 0.04839351 0.18930506 0.05764552 0.03452811 0.02533751 0.04773661 0.07186682 0.01523430 0.01402830 0.01929501 0.07533632 0.04487861 0.00740585 0.01588590 0.03738791
29 0.04038637 0.00896715 0.00805996 0.00087399 0.01545539 0.00962616 0.00283975 0.00900282 0.00089585 0.26879379 0.22422982 0.00153199 0.04876726 0.03411047 0.00672780 0.00970850 0.04213867 0.00304307 0.01096539 0.25387580
30 0.06215826 0.07394335 0.02535278 0.08476575 0.00345939 0.07185275 0.19787887 0.01809569 0.02966978 0.04526217 0.04391957 0.12481492 0.01074859 0.01295479 0.01498849 0.09865954 0.02797628 0.00677284 0.00636381 0.04036237
31 0.07350442 0.04648011 0.04236301 0.04081011 0.01114160 0.02631651 0.04620081 0.43653714 0.01352430 0.02142921 0.02510671 0.03280151 0.00869836 0.01615641 0.03113921 0.06421082 0.02941421 0.00376983 0.00935379 0.02104191
32 0.04272372 0.01448531 0.01215141 0.00448534 0.01399991 0.01185811 0.01010861 0.01089051 0.00707162 0.22389711 0.23036712 0.00706671 0.05135213 0.04045102 0.00878832 0.01676661 0.04020412 0.00405641 0.01392881 0.23534712
33 0.03310341 0.00938041 0.00657456 0.00149543 0.01147140 0.00876473 0.00533260 0.00889995 0.00113164 0.24082610 0.28392312 0.00220591 0.06241013 0.06232153 0.00784609 0.01320771 0.03447941 0.00278525 0.01321151 0.19062908
34 0.07710668 0.14729795 0.05268918 0.02244979 0.00630159 0.06564578 0.04560919 0.04447429 0.03053169 0.00839811 0.01712079 0.07967728 0.00652401 0.01305520 0.12227896 0.18986794 0.02525339 0.01310130 0.01088280 0.02173409
35 0.01775721 0.01192691 0.00337998 0.00459456 0.00917215 0.01563341 0.00803544 0.01052511 0.02680602 0.03075122 0.04179723 0.00986978 0.00796280 0.34437023 0.00497607 0.02325112 0.02254251 0.01027971 0.37620525 0.02016331
36 0.07648932 0.06388531 0.05440571 0.04588021 0.00882130 0.05908411 0.07993352 0.03567791 0.11327602 0.02166950 0.05552391 0.07063041 0.01508590 0.03982461 0.02631831 0.07135361 0.03799171 0.01498490 0.05456901 0.05459471
37 0.13289398 0.03329010 0.04803279 0.01574920 0.02643590 0.02464470 0.03685909 0.05305929 0.01180410 0.02728130 0.03095830 0.01706570 0.01633760 0.00920168 0.02398320 0.25201596 0.18275097 0.01103820 0.00978487 0.03681309
38 0.03184650 0.02317760 0.01236360 0.01352590 0.01214980 0.02185550 0.01895610 0.01767990 0.03671940 0.04210060 0.05624161 0.02269640 0.01343130 0.24949802 0.01036810 0.03185370 0.02508510 0.01795350 0.30725403 0.03524330
39 0.04857409 0.12106899 0.05829519 0.02401920 0.00755118 0.05308859 0.06082009 0.02542520 0.12638998 0.01182960 0.03235590 0.07391849 0.00917324 0.02010350 0.04008150 0.14424098 0.03006630 0.01284510 0.02903450 0.07111839
40 0.01755390 0.01186370 0.00336464 0.00457397 0.00936516 0.01576960 0.00823943 0.01034320 0.02726480 0.03134809 0.04173009 0.01009990 0.00789274 0.34314495 0.00520272 0.02295220 0.02284860 0.01044390 0.37518994 0.02080850
41 0.07464341 0.14127101 0.04911120 0.03627040 0.00681981 0.10711501 0.08284341 0.03198020 0.03519800 0.01870210 0.04236580 0.18905002 0.01395790 0.02218300 0.01600000 0.04945270 0.03770850 0.00565500 0.01317320 0.02649930
42 0.27291370 0.02697427 0.03610486 0.02095008 0.03651496 0.01542488 0.02927067 0.18505880 0.00604613 0.01051269 0.01493648 0.01508848 0.00523692 0.01096039 0.01688788 0.20587378 0.05796294 0.00266066 0.00583815 0.02478327
43 0.03358643 0.02740063 0.01203241 0.01346711 0.01454371 0.01699512 0.02054702 0.01452831 0.02660223 0.09096779 0.14158614 0.02753043 0.02617613 0.17867618 0.01060671 0.02210952 0.02856523 0.01886222 0.20578921 0.06942747
44 0.03946379 0.01337800 0.01017020 0.00470022 0.01202900 0.01093600 0.00969488 0.00946997 0.00539134 0.21702796 0.26817195 0.00668444 0.05576329 0.05564549 0.00859137 0.01586100 0.03557829 0.00356916 0.01374370 0.20412996
45 0.04642163 0.03516993 0.01725341 0.01848361 0.00994410 0.03413792 0.06853805 0.01484871 0.02106442 0.10027107 0.21278915 0.05148304 0.04254613 0.13271610 0.01229041 0.02568282 0.02477652 0.00843530 0.06213054 0.06101714
46 0.04686195 0.02270268 0.01777928 0.01861138 0.01008259 0.01900208 0.02667217 0.01762168 0.01203079 0.15719585 0.27129373 0.02195778 0.05803794 0.06883263 0.01225859 0.02945717 0.03469307 0.00513427 0.02062848 0.12914587
47 0.08926951 0.07378711 0.04374200 0.04003970 0.01163120 0.11432901 0.06788661 0.04585780 0.04089960 0.04142450 0.06034861 0.08174511 0.01816300 0.03758590 0.02485020 0.07675921 0.04167180 0.01162310 0.03072160 0.04766440
48 0.14532801 0.02516530 0.02394060 0.01429190 0.02231380 0.02189130 0.02648950 0.03003970 0.01420660 0.12173901 0.10430301 0.02076050 0.03661960 0.02058190 0.02110820 0.06677671 0.06032980 0.00617902 0.01238050 0.20555502
49 0.11583204 0.07467423 0.05753252 0.02050151 0.01384180 0.02525361 0.03783681 0.12242704 0.01159150 0.02098301 0.02097231 0.03166251 0.00708383 0.00953940 0.02380321 0.22168008 0.14583505 0.00604240 0.00594423 0.02696291
50 0.05750803 0.01424051 0.09687526 0.34603421 0.00812663 0.01714541 0.20853713 0.03113312 0.02811002 0.01489441 0.04148222 0.02783582 0.00511485 0.00282619 0.00830948 0.03551852 0.03305082 0.00149685 0.01006351 0.01169701
51 0.04474278 0.01098690 0.00971177 0.00286719 0.01596799 0.01117200 0.00629841 0.01116420 0.00223514 0.25511491 0.20296593 0.00412224 0.05050808 0.03297539 0.00858663 0.01293450 0.04421008 0.00375797 0.01218400 0.25749391
52 0.19939995 0.04907669 0.03488519 0.03557099 0.01129390 0.06821688 0.06439328 0.02705689 0.09546697 0.03608869 0.05794468 0.06706638 0.01355150 0.02724919 0.02724439 0.07052238 0.03910619 0.00940887 0.02285259 0.04360439
53 0.04945877 0.01405119 0.01328699 0.00795340 0.01616229 0.01610539 0.01546479 0.01903199 0.00552148 0.22789084 0.20394586 0.01033519 0.05116876 0.05523456 0.01365959 0.02439138 0.04515507 0.00514291 0.02526368 0.18077587
54 0.17998902 0.04647221 0.11351801 0.06036901 0.01746850 0.03291500 0.05544671 0.07005741 0.02149870 0.02301670 0.03917781 0.04480841 0.01088470 0.01364460 0.01963820 0.13247202 0.05976451 0.00441387 0.00947280 0.04497181
55 0.25811283 0.03543428 0.03231718 0.03058278 0.02603018 0.03318598 0.04486677 0.06843506 0.02089119 0.04278157 0.05186337 0.04053267 0.01518109 0.01967819 0.02701968 0.11400893 0.06139216 0.00678485 0.01431099 0.05659026
56 0.03863621 0.00912734 0.00758029 0.00114447 0.01422841 0.00928017 0.00363902 0.00894767 0.00096086 0.26030110 0.24103109 0.00188522 0.05252462 0.04262322 0.00719575 0.01089710 0.04008191 0.00294604 0.01216640 0.23480309
57 0.13321904 0.04887881 0.04646731 0.03226651 0.02025191 0.03772771 0.05424702 0.06361102 0.02074891 0.02583221 0.03642001 0.03658521 0.01495430 0.01865111 0.03891091 0.21713107 0.08248992 0.01199800 0.01713361 0.04247541
58 0.11689795 0.02454169 0.03066049 0.01437729 0.02368659 0.02511649 0.03075169 0.03376039 0.01903259 0.02922729 0.03961958 0.01555989 0.02286259 0.06717567 0.01685209 0.19742592 0.14103794 0.01489569 0.09708546 0.03943268
59 0.03074361 0.01092280 0.00868295 0.00351312 0.00922324 0.01144160 0.01040770 0.01699311 0.00272581 0.21965009 0.23561509 0.00371593 0.11729505 0.04407312 0.01709841 0.02781671 0.05139152 0.00319115 0.01299691 0.16250207
60 0.07711620 0.13366000 0.04720830 0.03574010 0.00833278 0.06478210 0.08011950 0.04335420 0.03457160 0.01910440 0.04970580 0.19462700 0.01721670 0.02456850 0.02031520 0.05227240 0.03608940 0.00857901 0.02082380 0.03181300
61 0.04942992 0.01755471 0.01695071 0.00593444 0.01880301 0.01552431 0.01262961 0.01534751 0.00799381 0.17838109 0.16645408 0.01348051 0.04163772 0.09499785 0.00945998 0.03080191 0.06532843 0.00708969 0.05178562 0.18041509
62 0.07134003 0.16636307 0.04629972 0.02630451 0.00634278 0.09758624 0.07962294 0.02190621 0.03321971 0.01535941 0.04266432 0.23398710 0.01548621 0.01861471 0.01160311 0.03768232 0.03956302 0.00420397 0.00991061 0.02194001
63 0.04866024 0.01390831 0.01274111 0.00858819 0.01592181 0.01572181 0.01533691 0.01839462 0.00568801 0.22773720 0.20553918 0.00960397 0.05169655 0.05439285 0.01299371 0.02463392 0.04592914 0.00585427 0.02509002 0.18156816
64 0.06358171 0.02833291 0.10347702 0.04478821 0.01525080 0.02713191 0.03884741 0.03565831 0.01798570 0.14592903 0.10770102 0.02607451 0.03256681 0.03229931 0.02043910 0.06246021 0.05779951 0.00748958 0.01516190 0.11702503
65 0.07200832 0.02832611 0.09511442 0.05589851 0.01144790 0.02606791 0.05455191 0.10919702 0.01897470 0.05028211 0.09363772 0.02456341 0.02565091 0.01297290 0.03079041 0.11551802 0.11611402 0.00466619 0.01001910 0.04419841
66 0.05898984 0.02914672 0.07778275 0.26771218 0.00595514 0.03413392 0.21941315 0.03740013 0.02792072 0.01736861 0.03889153 0.04849033 0.00652597 0.00457968 0.00976684 0.05154384 0.03279922 0.00271727 0.00877523 0.02008691
67 0.05594121 0.02368470 0.06238521 0.20301504 0.00630465 0.04151561 0.18305604 0.02769491 0.03741351 0.02609021 0.04914191 0.04353171 0.05917841 0.00797237 0.01319260 0.04943471 0.05861361 0.00762308 0.01166280 0.03254771
68 0.32308909 0.02130101 0.02873231 0.01547530 0.04454861 0.01180400 0.02228721 0.19190505 0.00453233 0.00825152 0.01197690 0.01136120 0.00421954 0.01158610 0.01169580 0.19523905 0.05157351 0.00160647 0.00553386 0.02328111
69 0.10323993 0.03639387 0.03966967 0.02438788 0.02639778 0.02626448 0.04412347 0.04814327 0.01620089 0.06686375 0.07093515 0.02930878 0.03309838 0.02532318 0.02603448 0.12597091 0.15554389 0.01146899 0.01869269 0.07193855
70 0.03945547 0.01023819 0.00883264 0.00151949 0.01391099 0.00986698 0.00507214 0.01219729 0.00134456 0.24339880 0.21495982 0.00266927 0.07230734 0.03434187 0.01036429 0.01491919 0.04570796 0.00390382 0.01079909 0.24419080
71 0.05355558 0.16808394 0.06351208 0.03884539 0.00766406 0.09375117 0.07867217 0.02501559 0.02947149 0.01172330 0.02113929 0.17295894 0.00744835 0.01584339 0.03359109 0.10712196 0.03348419 0.00683633 0.00703243 0.02424929
72 0.07510689 0.04933679 0.05245699 0.16645197 0.00485256 0.04361309 0.18254197 0.04113459 0.02335770 0.01857890 0.02914689 0.06284379 0.00562348 0.00590448 0.01433990 0.14753197 0.03606309 0.00481082 0.00737825 0.02892589
73 0.07443454 0.05129926 0.05227766 0.10833291 0.00656570 0.04895486 0.18885685 0.05824175 0.03415087 0.02628238 0.04801566 0.07133904 0.01569769 0.01473569 0.02081968 0.07450134 0.04502706 0.00742597 0.01588119 0.03715987
74 0.11761995 0.05179858 0.04227618 0.04952038 0.00922273 0.04295108 0.12468995 0.05234498 0.02249819 0.01729569 0.02454229 0.04620048 0.00942025 0.00747955 0.03145719 0.22707791 0.07106047 0.00940079 0.00937477 0.03376859
75 0.02719089 0.01290060 0.00598370 0.00480503 0.00895113 0.00988365 0.01106660 0.00728377 0.00738568 0.14297797 0.30610794 0.01080870 0.06379999 0.16791497 0.00720190 0.01624240 0.02134040 0.00550853 0.07168339 0.09096278
76 0.25916600 0.03664700 0.03170680 0.03057500 0.02595490 0.03475950 0.04602540 0.06991080 0.02095390 0.04148660 0.04868600 0.04123630 0.01519950 0.01902510 0.02677290 0.11495800 0.06022270 0.00635560 0.01327640 0.05708160
77 0.03918020 0.01338440 0.00997636 0.00459915 0.01225370 0.01081920 0.00970222 0.00967077 0.00531890 0.21810100 0.26728499 0.00668044 0.05563680 0.05343250 0.00854022 0.01586710 0.03602080 0.00352786 0.01364540 0.20635800
78 0.07190446 0.05038907 0.06924706 0.12903093 0.00881761 0.11085794 0.10258894 0.04713367 0.03124838 0.02333129 0.03225168 0.06073977 0.01958809 0.02054149 0.01453199 0.07512166 0.08014956 0.00841804 0.01052639 0.03358198
79 0.28269672 0.01828088 0.03395357 0.01162699 0.03646456 0.01366139 0.03435537 0.05885914 0.00748660 0.01665808 0.01942528 0.01125889 0.01051309 0.00575149 0.00786480 0.23617377 0.13745987 0.00288639 0.00895636 0.04566676
80 0.26771175 0.01174679 0.01940668 0.00722787 0.15641886 0.01663248 0.01037419 0.08749482 0.00705140 0.01026089 0.01968338 0.00762400 0.02157988 0.01074129 0.00682903 0.19144582 0.10215791 0.00251095 0.00707822 0.03602377
81 0.05532022 0.08346353 0.06818263 0.13650205 0.00560388 0.05862162 0.12952205 0.06799553 0.02578571 0.01744121 0.04088172 0.12900005 0.00832745 0.01695821 0.01687081 0.06472272 0.02360141 0.00702290 0.01161950 0.03255681
82 0.04750581 0.00963548 0.00963371 0.00190419 0.01717610 0.01047770 0.00574490 0.01443680 0.00170075 0.25694606 0.19226304 0.00296896 0.04986731 0.02959511 0.00851494 0.01886580 0.05711131 0.00356925 0.01267070 0.24941205
83 0.01639340 0.01112270 0.00290500 0.00441664 0.00841122 0.01534080 0.00762274 0.01035210 0.02741160 0.02652000 0.03556040 0.00911001 0.00682498 0.35271604 0.00507024 0.02342650 0.02255250 0.00991067 0.38622304 0.01810940
84 0.09024661 0.06285741 0.04403461 0.03406290 0.00788836 0.14243502 0.06535391 0.03013470 0.10612301 0.02220800 0.05795221 0.07063951 0.01270040 0.04183111 0.02227700 0.06458991 0.03314370 0.01359140 0.04435371 0.03357650
85 0.09904405 0.02931882 0.05692433 0.11383706 0.05256873 0.02756191 0.13355007 0.05054373 0.02722831 0.03063542 0.05336083 0.03494962 0.02189801 0.02184741 0.02004591 0.08526834 0.06462313 0.00823778 0.02262591 0.04593062
86 0.03917254 0.01370601 0.01052491 0.00421224 0.01190451 0.01074491 0.00907355 0.00958787 0.00496094 0.21693622 0.26931727 0.00641870 0.05635096 0.05438656 0.00831794 0.01605762 0.03621954 0.00349639 0.01359511 0.20501621
87 0.04490938 0.01021540 0.00941580 0.00169820 0.01674429 0.01066730 0.00451138 0.01143909 0.00200203 0.25870388 0.19473691 0.00311686 0.05070648 0.02837199 0.00772106 0.01201169 0.04579668 0.00399962 0.01115409 0.27207788
88 0.07685125 0.16186111 0.05591914 0.02087131 0.01189781 0.05709084 0.04395043 0.04121703 0.02406432 0.02370982 0.03764223 0.12506309 0.01730721 0.01893811 0.01488981 0.09807967 0.11012407 0.00941583 0.01209271 0.03901423
89 0.08664857 0.03116992 0.03479483 0.02536682 0.01599711 0.03025812 0.04220513 0.04050893 0.02044382 0.06934695 0.14995912 0.02393002 0.04646274 0.02984122 0.02632792 0.15894212 0.07623796 0.00912504 0.01685901 0.06557465
90 0.05752039 0.05336629 0.04383739 0.16796197 0.00315028 0.08972498 0.21308096 0.03927659 0.02880499 0.02548430 0.03604079 0.08031939 0.00899538 0.00975408 0.00966892 0.06395759 0.02567310 0.00408196 0.00639596 0.03290469
91 0.04484924 0.01076321 0.01014931 0.00242878 0.01628572 0.01110171 0.00583225 0.01142071 0.00224096 0.25539524 0.20170019 0.00387656 0.05081185 0.03201753 0.00813660 0.01339681 0.04476794 0.00388662 0.01218751 0.25875125
92 0.03675451 0.00943814 0.00742640 0.00151302 0.01308350 0.00970508 0.00546726 0.01019920 0.00132771 0.25221705 0.25703105 0.00261420 0.05754971 0.05131291 0.00852294 0.01355500 0.03861091 0.00300424 0.01340310 0.20726404
93 0.07868663 0.13332106 0.04693342 0.03577902 0.00799349 0.06453873 0.07945273 0.04432412 0.03387091 0.01908071 0.05034072 0.19498508 0.01703351 0.02372581 0.02095701 0.05374462 0.03650092 0.00820028 0.01981381 0.03071741
94 0.03916614 0.00886922 0.00758339 0.00091091 0.01497951 0.00958792 0.00301228 0.00892513 0.00071527 0.26868324 0.23208921 0.00147204 0.04976554 0.03831753 0.00684165 0.01006421 0.04106284 0.00296904 0.01170871 0.24327622
95 0.06104452 0.08928473 0.12105904 0.05531812 0.00859998 0.14209804 0.05262712 0.05832602 0.03857411 0.01777001 0.03457161 0.09231283 0.00926060 0.02551461 0.02011621 0.07562722 0.05106391 0.00628283 0.01090560 0.02964291
96 0.07989353 0.13373605 0.04724822 0.03583751 0.00873657 0.06546683 0.08020153 0.04541002 0.03352621 0.01864101 0.04908652 0.19459508 0.01662941 0.02397731 0.01948141 0.05314882 0.03684561 0.00786924 0.01959901 0.03007011
97 0.03595827 0.00923969 0.00701039 0.00114924 0.01288909 0.00849414 0.00370576 0.00785958 0.00088596 0.25144178 0.26388577 0.00166442 0.05538935 0.05138135 0.00673994 0.01103439 0.03655417 0.00269382 0.01207109 0.21995181
98 0.02958547 0.01421298 0.00971150 0.00475173 0.00706545 0.00902287 0.01152119 0.01207889 0.00395841 0.17062581 0.33015863 0.00840769 0.09942699 0.08210511 0.01270799 0.02511937 0.03377196 0.00268063 0.01320149 0.11988586
99 0.05701735 0.13426211 0.15575412 0.04511734 0.01186881 0.05031504 0.03471343 0.05143074 0.02986912 0.00982810 0.01931072 0.09302137 0.00547557 0.01725901 0.02907632 0.14991612 0.05881835 0.00598067 0.00731928 0.03364643
100 0.06046500 0.07836590 0.03019630 0.07056420 0.00304477 0.06933780 0.20078200 0.01920160 0.03232500 0.02862600 0.08866860 0.16605400 0.01149730 0.01451790 0.01255520 0.04102690 0.02254110 0.00513522 0.01206850 0.03302670
101 0.07527662 0.05313181 0.05160721 0.10729202 0.00624043 0.04879141 0.19087804 0.05513431 0.03490021 0.02556871 0.04821231 0.07278101 0.01469680 0.01487660 0.02024080 0.07511842 0.04421601 0.00740737 0.01669480 0.03693511
102 0.07622947 0.07314287 0.06151417 0.04618188 0.01247729 0.03710178 0.05828568 0.14372394 0.02609709 0.02061389 0.03705828 0.11890895 0.01434869 0.02218549 0.02297569 0.06839027 0.03568589 0.00876691 0.01470079 0.10161096
103 0.04694012 0.02308721 0.01837591 0.02022951 0.01034200 0.01889631 0.02786431 0.01855111 0.01149460 0.15547706 0.26942611 0.02310871 0.05815732 0.06666763 0.01275181 0.02917791 0.03582391 0.00524939 0.01967901 0.12870005
104 0.27267499 0.02731580 0.03438840 0.02063920 0.03764800 0.01558840 0.02721110 0.20209699 0.00602198 0.01016030 0.01466820 0.01482870 0.00524007 0.01149120 0.01826280 0.19603899 0.05373800 0.00269059 0.00607521 0.02322110
105 0.21854012 0.03419662 0.03808482 0.07846704 0.00716445 0.04156352 0.16439609 0.04003172 0.02537281 0.02341531 0.03657632 0.05428293 0.01076161 0.00904144 0.01434171 0.08726045 0.06996824 0.00377954 0.00857501 0.03418022
106 0.05933651 0.02911100 0.07728851 0.26798504 0.00613332 0.03354650 0.21924003 0.03756841 0.02842940 0.01740530 0.03891121 0.04825181 0.00654674 0.00479480 0.00952193 0.05103581 0.03271820 0.00287296 0.00917901 0.02012350
107 0.08624072 0.06398581 0.02866281 0.03256551 0.01612140 0.05181151 0.07885342 0.02600611 0.02577631 0.10597902 0.08822842 0.10829702 0.02506941 0.05730461 0.01744440 0.04216901 0.03427061 0.01063140 0.04079581 0.05978671
108 0.06725741 0.05277491 0.02074330 0.02089410 0.01142120 0.03151291 0.03382041 0.02723601 0.02783201 0.03488091 0.04836241 0.03259441 0.01616390 0.05414001 0.02049880 0.08239272 0.05709451 0.26038405 0.05450121 0.04549481
109 0.04018277 0.00908092 0.00783793 0.00087522 0.01525229 0.00950553 0.00296767 0.00900220 0.00090851 0.26832482 0.22501185 0.00147384 0.04941317 0.03440108 0.00695860 0.00995749 0.04212587 0.00295303 0.01080339 0.25296383
110 0.05078685 0.02510348 0.01733838 0.01505769 0.01609129 0.02054338 0.03102267 0.02496118 0.01260099 0.13357188 0.17856584 0.02531818 0.11890489 0.04418686 0.02452778 0.04474356 0.06295484 0.00671418 0.01907318 0.12793289
111 0.08714153 0.03996692 0.10638604 0.06091632 0.01330651 0.03278901 0.05753072 0.05441612 0.02840711 0.03673021 0.10440304 0.03536171 0.02826321 0.01487441 0.02352981 0.14168205 0.06503032 0.00507132 0.01270100 0.05149262
112 0.06358994 0.11811888 0.03239677 0.05200715 0.00442560 0.06471894 0.14592185 0.02509867 0.03189707 0.02839897 0.09324791 0.15104885 0.01643668 0.01996368 0.01569838 0.04563375 0.02636297 0.00761739 0.01673888 0.04067766
113 0.18844290 0.02554589 0.03332548 0.01365339 0.11271494 0.02434209 0.01997739 0.06553897 0.01240729 0.01704019 0.02856239 0.01776589 0.02174409 0.01613779 0.01553959 0.21699089 0.11268594 0.00746791 0.01134829 0.03876868
114 0.08703556 0.07316576 0.04374688 0.04220548 0.01135599 0.11466694 0.06849947 0.04847278 0.04079558 0.04095648 0.05944307 0.07958346 0.01784799 0.03709298 0.02534819 0.07763056 0.04158658 0.01195449 0.03138718 0.04722458
115 0.06315596 0.02777553 0.02283772 0.01320761 0.01746152 0.01925872 0.02605323 0.02135972 0.01569982 0.16357316 0.14970415 0.02092412 0.04637065 0.03266633 0.01354241 0.03961664 0.04781255 0.00721353 0.01810042 0.23366623
116 0.14115899 0.04134720 0.04005810 0.02036960 0.10520799 0.08355969 0.02390780 0.05250179 0.02165800 0.01789510 0.02900880 0.03429490 0.01708060 0.02395830 0.01958280 0.19488698 0.07818389 0.01006150 0.01447130 0.03080670
117 0.08876186 0.07248986 0.04370958 0.04091508 0.01190029 0.11670694 0.06716207 0.04764758 0.04061008 0.04101428 0.06039927 0.08028226 0.01891499 0.03590718 0.02468719 0.07762546 0.04229378 0.01095299 0.02949699 0.04852228
118 0.04224170 0.01074550 0.01253400 0.00546413 0.01264690 0.01092400 0.01876770 0.05557580 0.00540275 0.18327001 0.15964101 0.00655133 0.11357501 0.01896850 0.02768340 0.06037220 0.10923201 0.00412532 0.01050170 0.13177701
119 0.04655859 0.02250140 0.01801450 0.01944550 0.00984691 0.01817380 0.02745790 0.01852190 0.01137590 0.15719397 0.27302495 0.02144720 0.05875679 0.06715299 0.01283170 0.02946899 0.03517549 0.00519977 0.01944680 0.12840498
120 0.25616094 0.03678679 0.03180309 0.03260749 0.02564549 0.03397009 0.04593489 0.06807588 0.02101060 0.04241609 0.04985779 0.04186009 0.01488520 0.01981310 0.02761379 0.11446097 0.05995809 0.00626543 0.01445100 0.05642319
121 0.17267893 0.02883789 0.06259587 0.18746992 0.01127440 0.04089328 0.11904795 0.05455598 0.02496249 0.02075159 0.03427369 0.03723538 0.00749307 0.01080460 0.01992189 0.08169677 0.03848858 0.00505832 0.00981903 0.03214039
122 0.12908793 0.04109918 0.04317038 0.03079388 0.01797559 0.02263159 0.03992148 0.30997382 0.01124489 0.01727539 0.02101379 0.02526429 0.00783965 0.01300179 0.04121798 0.14592592 0.05155007 0.00473485 0.00717717 0.01910039
123 0.06210078 0.01760760 0.02951299 0.00798964 0.01272250 0.01273430 0.02254069 0.11062497 0.00842279 0.12575296 0.08020018 0.00836600 0.03855609 0.01621770 0.02875099 0.13515696 0.20120794 0.00609452 0.00760033 0.06784008
124 0.04883390 0.01702680 0.03615870 0.01039060 0.01550370 0.01590010 0.01286520 0.01580790 0.00651303 0.22612602 0.17466301 0.01192170 0.04732950 0.03160060 0.01103640 0.02611610 0.04580020 0.00503890 0.01280960 0.22855802
125 0.04314120 0.01354670 0.01170370 0.00351709 0.01494190 0.01114580 0.00796170 0.01079000 0.00638493 0.23354902 0.21788402 0.00566316 0.05019090 0.03440880 0.00839458 0.01480100 0.04112690 0.00379835 0.01259820 0.25445202
126 0.14410595 0.02301699 0.01749819 0.01272730 0.04627188 0.01854029 0.04163749 0.02521509 0.01420720 0.06667558 0.07622717 0.02856949 0.10238596 0.01373830 0.01339630 0.09056687 0.14570395 0.00592895 0.01086410 0.10272296
127 0.10030808 0.05273624 0.05873665 0.04059273 0.01546951 0.07447796 0.04795744 0.16728214 0.02210032 0.01534281 0.02567012 0.04160533 0.00747656 0.01625211 0.04285294 0.17907015 0.05106624 0.00891703 0.00998321 0.02210242
128 0.05460674 0.15373512 0.13789010 0.05210784 0.01023201 0.06061815 0.04084233 0.05019904 0.03229962 0.01192361 0.03027072 0.12387309 0.00861045 0.02126002 0.02581642 0.08826057 0.04338593 0.00660564 0.00955288 0.03790973
129 0.03463972 0.01043001 0.00735328 0.00302204 0.01080591 0.00982006 0.00796088 0.00937694 0.00230578 0.22537212 0.28927215 0.00435311 0.06435603 0.06714663 0.00844411 0.01562101 0.03458892 0.00281179 0.01422641 0.17809309
130 0.14707703 0.02381610 0.02333770 0.01436110 0.02234370 0.02177630 0.02634180 0.02842011 0.01401480 0.12300702 0.10413202 0.01991920 0.03716291 0.02068630 0.02084470 0.06769571 0.06112531 0.00607862 0.01255350 0.20530604
131 0.07219824 0.16173510 0.05189443 0.03392202 0.00947110 0.05555553 0.05907674 0.07112294 0.02840222 0.02453421 0.04729253 0.12587308 0.01594311 0.02618402 0.02209911 0.07738605 0.04174153 0.01136391 0.02007111 0.04413303
132 0.03943408 0.01325549 0.00995343 0.00423989 0.01212219 0.01082569 0.00926141 0.00951254 0.00526813 0.22032989 0.26657387 0.00597795 0.05564757 0.05430587 0.00823478 0.01607099 0.03645308 0.00336476 0.01381549 0.20535290
133 0.06495179 0.03026639 0.08992348 0.26918794 0.00867526 0.03080599 0.14941197 0.06014469 0.02735569 0.01860350 0.04450189 0.04003859 0.00841881 0.01356310 0.01514590 0.05283179 0.03299849 0.00579036 0.01578120 0.02160320
134 0.06681217 0.01699619 0.01131349 0.00696666 0.01812389 0.01383299 0.01355879 0.01094389 0.01293589 0.18531491 0.19935690 0.01255199 0.03679308 0.06972177 0.01036379 0.02221179 0.04065818 0.00786164 0.06117707 0.18250491
135 0.12117708 0.02934202 0.02294321 0.02152481 0.01423531 0.03201452 0.03527932 0.02239071 0.01917021 0.12225408 0.20925013 0.03535962 0.03862472 0.04100623 0.01484621 0.04512603 0.04256443 0.00487506 0.01538821 0.11262807
136 0.04767626 0.01989109 0.01429739 0.00626025 0.01751199 0.01503529 0.01672429 0.01387159 0.02323258 0.17007587 0.15584288 0.01363949 0.03866677 0.06820605 0.01067809 0.02668598 0.04067697 0.01020769 0.07240865 0.21841084
137 0.04691951 0.02306751 0.01803321 0.01871621 0.00993568 0.01869701 0.02701091 0.01879781 0.01122270 0.15595804 0.27137708 0.02287461 0.05906502 0.06718052 0.01332130 0.02945991 0.03543401 0.00537624 0.01967971 0.12787304
138 0.03752592 0.02368891 0.01389581 0.01126211 0.01288731 0.02205121 0.01665271 0.02316031 0.02129571 0.08003134 0.12496506 0.02202201 0.02767081 0.22806711 0.01198121 0.03057242 0.02806881 0.01250441 0.19496910 0.05672773
139 0.07384861 0.04725320 0.04199070 0.04090210 0.01115850 0.02626240 0.04624180 0.43500504 0.01397400 0.02111970 0.02552900 0.03330060 0.00849006 0.01621680 0.03189560 0.06353391 0.02856820 0.00388709 0.00905786 0.02176480
140 0.02337908 0.01004509 0.00385233 0.00300610 0.00609090 0.00617571 0.00839912 0.00443973 0.00335967 0.15738090 0.37975875 0.00623190 0.07872845 0.14397890 0.00582021 0.01392519 0.01672809 0.00306178 0.02761688 0.09802124
141 0.17362995 0.02535009 0.02704209 0.01608920 0.05249428 0.02162909 0.03258739 0.04141959 0.01372080 0.03896289 0.06384528 0.02192679 0.08621407 0.01391990 0.02471909 0.15883095 0.10560697 0.00520711 0.01256220 0.06424228
142 0.06345182 0.02673641 0.02310821 0.01364590 0.01728870 0.01909631 0.02492551 0.02103091 0.01564880 0.16543104 0.15130304 0.01965861 0.04673221 0.03249581 0.01377330 0.03855211 0.04661211 0.00738243 0.01764970 0.23547706
143 0.07652330 0.04822390 0.04062580 0.03888400 0.01171310 0.02630290 0.04654480 0.43215600 0.01376380 0.02150040 0.02516550 0.03292780 0.00844147 0.01564030 0.03115260 0.06664090 0.02908720 0.00431543 0.00901420 0.02137660
144 0.12139390 0.06757374 0.05349836 0.11477490 0.00676488 0.04804486 0.11095791 0.05177116 0.02114628 0.01781149 0.02797018 0.09659222 0.00700449 0.01183709 0.02323188 0.13912888 0.03197397 0.00629313 0.00734490 0.03488577
145 0.27405810 0.02688291 0.03572811 0.02101281 0.03642091 0.01582931 0.02911621 0.18561107 0.00599854 0.01011620 0.01448201 0.01460621 0.00490794 0.01077210 0.01658621 0.20765408 0.05695072 0.00264151 0.00583304 0.02479201
146 0.03628541 0.00920735 0.00702745 0.00110805 0.01296780 0.00861839 0.00368266 0.00813843 0.00101208 0.25171909 0.26208509 0.00179758 0.05539862 0.05052862 0.00682301 0.01095650 0.03691721 0.00272295 0.01180760 0.22119608
147 0.23465008 0.03170411 0.03823581 0.01944451 0.02550281 0.02658541 0.03538841 0.06767632 0.01007080 0.01457350 0.01976491 0.01680351 0.00735366 0.00703650 0.02387341 0.27977909 0.08806253 0.00538781 0.01072790 0.03737891
148 0.06554867 0.03110399 0.03980108 0.05640457 0.00745869 0.03230438 0.10437095 0.20258390 0.02034169 0.08101226 0.05977007 0.03479358 0.02492569 0.01809519 0.03435068 0.07232047 0.05843797 0.00806868 0.01232629 0.03598118
149 0.03615258 0.00943602 0.00751282 0.00154814 0.01305969 0.00953365 0.00548192 0.00979398 0.00132158 0.25075989 0.25858589 0.00251588 0.05838928 0.05238368 0.00810209 0.01350149 0.03867958 0.00293084 0.01364909 0.20666191
150 0.02821820 0.01032070 0.00726832 0.00222393 0.00832150 0.00771022 0.00750685 0.01205840 0.00148118 0.21260904 0.29587105 0.00267719 0.09312642 0.06556911 0.01282390 0.02190750 0.03845501 0.00244934 0.01178210 0.15762003
151 0.04805528 0.02808119 0.03319959 0.01467239 0.00980711 0.02483419 0.02404489 0.05253368 0.02598159 0.04645508 0.06251257 0.02827969 0.02557889 0.09480206 0.24797290 0.07310537 0.04198428 0.01246449 0.06748977 0.03814498
152 0.07157267 0.16303693 0.05104508 0.03434918 0.00942446 0.05633157 0.05844287 0.07234577 0.02835719 0.02407299 0.04712858 0.12561094 0.01632419 0.02559689 0.02302379 0.07723746 0.04080058 0.01180829 0.02000089 0.04348968
153 0.06953508 0.03133489 0.03238599 0.01873349 0.00920898 0.02768279 0.03628799 0.08056897 0.01662869 0.03384009 0.04087539 0.02697969 0.02054069 0.02082969 0.32886389 0.09851697 0.05351778 0.00654466 0.01426760 0.03285669
154 0.03376129 0.01099580 0.00945012 0.00428437 0.01828400 0.01067690 0.01194430 0.00857331 0.00566405 0.17826996 0.23477395 0.01043030 0.04931349 0.16148097 0.00734165 0.01636550 0.02891889 0.00692330 0.08343788 0.10910998
155 0.21355099 0.02693550 0.04167580 0.02521560 0.02775650 0.02345430 0.03183450 0.14367499 0.01087250 0.02696550 0.06394540 0.01779990 0.01611960 0.01163980 0.01851790 0.18458799 0.06623400 0.00343415 0.00855631 0.03722880
156 0.07527937 0.06096988 0.13590095 0.08794687 0.01261900 0.04100978 0.06853097 0.07231017 0.03129139 0.03016349 0.04748548 0.06116318 0.01330550 0.01988839 0.02761359 0.09176767 0.05362698 0.00597047 0.01397689 0.04917998
157 0.03055429 0.01140830 0.00846779 0.00222751 0.00911372 0.00735937 0.00604741 0.00897592 0.00188480 0.20777893 0.30617290 0.00290066 0.07932937 0.06717268 0.00900093 0.01609749 0.03286739 0.00278251 0.01115010 0.17870794
158 0.03299680 0.02715690 0.02357180 0.05402031 0.01001930 0.02955560 0.02067760 0.02836310 0.03965730 0.03050790 0.04969270 0.02747640 0.01223760 0.22836502 0.01201140 0.03145230 0.02021170 0.03769670 0.25621703 0.02811250
159 0.04279860 0.00921943 0.00843473 0.00095510 0.01653840 0.01007340 0.00281770 0.00994083 0.00091315 0.27211203 0.20643502 0.00170397 0.04741190 0.02950350 0.00699095 0.00986021 0.04461140 0.00329423 0.01114540 0.26524003
160 0.05807908 0.17076596 0.09627477 0.03206599 0.00762904 0.10075097 0.04533669 0.03216169 0.03182179 0.00945205 0.02934099 0.21571194 0.01034020 0.01979159 0.01497870 0.04864209 0.04429649 0.00342981 0.00722456 0.02190559
161 0.04047012 0.01731301 0.01056040 0.00652900 0.01552301 0.01482441 0.01475921 0.01358141 0.01163230 0.16846707 0.17907707 0.01418501 0.07371003 0.08136113 0.01131110 0.02250001 0.04344532 0.01177070 0.07062063 0.17835907
162 0.03208761 0.02280751 0.01259820 0.01373600 0.01232410 0.02277211 0.01970501 0.01780671 0.03650881 0.04195421 0.05515952 0.02251761 0.01371980 0.24862507 0.01102210 0.03259271 0.02524921 0.01772701 0.30639409 0.03469261
163 0.24514096 0.03289160 0.02911370 0.02492930 0.03129290 0.01770590 0.02748740 0.34631195 0.00704250 0.00921557 0.01324630 0.01937450 0.00397495 0.01558190 0.01446430 0.11025598 0.02852340 0.00215397 0.00502296 0.01627000
164 0.04235648 0.00907286 0.00834497 0.00102306 0.01622809 0.01019400 0.00331875 0.01001010 0.00113746 0.27107787 0.21161390 0.00190936 0.04800968 0.03261558 0.00712852 0.01055469 0.04393708 0.00324660 0.01210809 0.25611288
165 0.07088811 0.03928511 0.07751601 0.19488504 0.00761658 0.02559890 0.10144502 0.04712101 0.02484850 0.02098510 0.04944521 0.04225781 0.01193740 0.01405230 0.11435302 0.06442971 0.03731821 0.00593913 0.01765790 0.03241991
166 0.03907020 0.01096670 0.00994414 0.00457377 0.01236830 0.01116210 0.01452690 0.02312270 0.00413243 0.21476701 0.19399801 0.00572528 0.10498400 0.03001450 0.01886420 0.03801450 0.07936280 0.00341994 0.01311350 0.16786901
167 0.10692305 0.07277023 0.05938483 0.04087272 0.01123630 0.03559072 0.05281512 0.13862006 0.01853061 0.01117520 0.01788001 0.08335124 0.00569879 0.01264461 0.04475022 0.20000609 0.04572572 0.00852751 0.00832627 0.02517071
168 0.06310994 0.09372906 0.05679674 0.03785123 0.00877202 0.04587643 0.08063606 0.02928322 0.03566492 0.03236552 0.05237174 0.12651109 0.02117781 0.02760802 0.01930641 0.05752274 0.03245682 0.01062851 0.01796661 0.15036510
169 0.08669628 0.07398669 0.04476459 0.04110399 0.01152270 0.11365598 0.06740159 0.05138769 0.03991299 0.04044289 0.06006659 0.08146848 0.01803110 0.03625069 0.02457210 0.07738508 0.04299169 0.01111730 0.03006399 0.04717759
170 0.03156428 0.02185289 0.00935963 0.00764257 0.01096179 0.01138269 0.01539969 0.01285949 0.00932043 0.14967490 0.25218084 0.01920499 0.08035085 0.10331293 0.01305959 0.02362378 0.03660868 0.01103149 0.07104855 0.10955993
171 0.07149248 0.16364196 0.05153949 0.03509589 0.00906426 0.05608289 0.05965888 0.07110178 0.02880859 0.02414149 0.04780589 0.12516497 0.01623380 0.02505219 0.02312459 0.07629078 0.04074769 0.01199540 0.01945029 0.04350669
172 0.03590392 0.01300261 0.02625822 0.00519882 0.01056881 0.01112071 0.00997346 0.01778211 0.00410526 0.21580314 0.23993516 0.00546836 0.09145666 0.03389772 0.01512641 0.02634312 0.04387473 0.00346294 0.01005271 0.18066512
173 0.06455692 0.02952471 0.09003213 0.27196608 0.00858840 0.03156141 0.15233605 0.05926762 0.02719551 0.01823231 0.04454281 0.04002571 0.00860627 0.01212220 0.01405090 0.05346302 0.03267361 0.00468463 0.01440870 0.02216101
174 0.07477130 0.05290800 0.05259740 0.10703600 0.00612313 0.04900800 0.18878799 0.05819150 0.03410610 0.02502980 0.04734530 0.07229480 0.01536290 0.01448060 0.02071330 0.07594190 0.04450780 0.00725080 0.01602150 0.03752190
175 0.05449282 0.06297353 0.07882343 0.19772109 0.00641178 0.04780272 0.13827506 0.06281763 0.02576301 0.01705621 0.04161442 0.09450834 0.00776140 0.01466951 0.01567771 0.06055183 0.02503721 0.00652179 0.01265311 0.02886741
176 0.07610403 0.03426412 0.04913092 0.09282264 0.00842871 0.02344921 0.05108912 0.06023843 0.01743161 0.02335211 0.03990052 0.03137591 0.01459611 0.01683431 0.28253413 0.07833824 0.04639002 0.00625164 0.01466211 0.03280611
177 0.04250047 0.01467139 0.01210099 0.00453370 0.01394909 0.01187029 0.01011899 0.01061799 0.00747213 0.22469386 0.23042385 0.00732864 0.05148767 0.04128297 0.00903056 0.01660009 0.03938018 0.00405369 0.01420759 0.23367585
178 0.20135330 0.01116982 0.01455572 0.00589045 0.12633919 0.01334972 0.01105152 0.05333758 0.00651481 0.06204669 0.05467958 0.00785616 0.03705795 0.01519662 0.00933660 0.11008316 0.10734516 0.00413065 0.01135212 0.13735320
179 0.06020049 0.06325119 0.03362470 0.07911429 0.00308145 0.10047699 0.23462598 0.02778030 0.03537920 0.03038990 0.04665480 0.09798299 0.01053650 0.01382000 0.01426760 0.06589269 0.03044670 0.00618655 0.01010080 0.03618690
