1 0.04052290 0.00662690 0.00865677 0.00259933 0.01608600 0.01108020 0.00615682 0.00637744 0.00460997 0.25262302 0.23276202 0.00425486 0.04285870 0.03348620 0.00635360 0.01292380 0.03733080 0.00336376 0.00973588 0.26159102
2 0.06432451 0.02768451 0.03184301 0.02155140 0.00626500 0.04049991 0.03380831 0.06235721 0.01571440 0.02406111 0.03721001 0.03101091 0.01712190 0.01685750 0.35392408 0.11197103 0.05286791 0.00617327 0.01563420 0.02911981
3 0.04616301 0.03406331 0.08342032 0.11811103 0.00359962 0.03981921 0.05189291 0.40291010 0.01386680 0.00690353 0.02253071 0.04783381 0.00303047 0.01681120 0.01366290 0.04934541 0.01830160 0.00564180 0.00690612 0.01518610
4 0.06098711 0.01900880 0.01865290 0.01338820 0.01640990 0.02086470 0.02513611 0.01660620 0.01426470 0.16272304 0.14053503 0.01904060 0.05484151 0.03152301 0.01259790 0.03968491 0.04309281 0.00829857 0.01705290 0.26529106
5 0.25202789 0.08687786 0.03476028 0.01980929 0.00833142 0.05338808 0.04033848 0.03456168 0.03565298 0.03130039 0.03476338 0.13727494 0.01635859 0.02236099 0.03575838 0.06734077 0.03769398 0.00340932 0.00793671 0.04005458
6 0.06796713 0.03414682 0.05080782 0.14783607 0.00774643 0.03889402 0.10441805 0.03043791 0.02684361 0.09454374 0.04516862 0.03203102 0.03608002 0.02144981 0.01735641 0.06533223 0.11184105 0.00572310 0.01382681 0.04754932
7 0.09669525 0.04084222 0.14915108 0.04931763 0.01030061 0.04047972 0.03999832 0.06837184 0.01727611 0.01534741 0.02622031 0.03226862 0.00716930 0.01045941 0.02874502 0.23448712 0.08739355 0.00491026 0.00818011 0.03238612
8 0.03155591 0.01101680 0.00699213 0.00244689 0.00902141 0.00812834 0.01175900 0.01224860 0.00332135 0.22940506 0.24456706 0.00600562 0.10704803 0.04900351 0.01351690 0.02171741 0.05513941 0.00252801 0.01325350 0.16132504
9 0.04605812 0.08692413 0.02314321 0.06789132 0.00141011 0.08042123 0.24788609 0.02478571 0.02241001 0.01806381 0.05141122 0.19942307 0.00489111 0.00580134 0.01120910 0.04668802 0.03247621 0.00329020 0.00719388 0.01862211
10 0.01869430 0.01048220 0.00297664 0.00364315 0.01280560 0.00970800 0.00642485 0.01747470 0.02122861 0.03305001 0.02759541 0.00804010 0.00865446 0.35769109 0.00447606 0.01876880 0.03011061 0.00700778 0.37805310 0.02311451
11 0.02992329 0.05873297 0.00842763 0.01055380 0.00702572 0.02534729 0.01723279 0.01539849 0.05095938 0.02747079 0.08484966 0.05955697 0.01722979 0.20363691 0.01135779 0.01879289 0.02012129 0.03367718 0.25420189 0.04550348
12 0.03950221 0.02255770 0.01149460 0.00840649 0.01376220 0.01672850 0.01365820 0.02558710 0.01961490 0.08099662 0.11103102 0.01704430 0.02640621 0.24837905 0.01028620 0.02708911 0.03363551 0.00988022 0.20931004 0.05462981
13 0.04381016 0.04113287 0.13919589 0.22772182 0.00865336 0.03693807 0.10684391 0.08709503 0.02858528 0.00839352 0.04525536 0.07354454 0.00671363 0.01287689 0.01673689 0.05621605 0.02422798 0.00333874 0.00873982 0.02398018
14 0.04777878 0.04900388 0.05838257 0.22700689 0.00442255 0.05137328 0.22030890 0.02714019 0.02971769 0.01691639 0.03919778 0.09122336 0.00430319 0.00387590 0.01281249 0.06461057 0.02327579 0.00230234 0.00631969 0.02002779
15 0.07272522 0.18217406 0.04952702 0.03055591 0.00702507 0.05949192 0.05393402 0.06084862 0.03092381 0.02345251 0.04359381 0.13759205 0.01680121 0.02825401 0.02105011 0.06896782 0.04253911 0.01433600 0.02031841 0.03588931
16 0.05631161 0.04107421 0.06240071 0.05956501 0.00647158 0.06215661 0.03193461 0.42750208 0.01602850 0.01045150 0.02255540 0.04900061 0.00452050 0.01856870 0.02388540 0.05556681 0.02348560 0.00564612 0.00834582 0.01452860
17 0.04466536 0.00620097 0.00897863 0.00232495 0.01652569 0.01064879 0.00630612 0.00737497 0.00403340 0.26214977 0.19744582 0.00542940 0.04486316 0.03194197 0.00670303 0.01595389 0.04034016 0.00365737 0.01081179 0.27364476
18 0.05129362 0.14144206 0.01567001 0.03781822 0.00149387 0.09561024 0.19284308 0.01722071 0.02008951 0.01893951 0.04329922 0.23055710 0.00491605 0.00843559 0.01258321 0.04940492 0.03082831 0.00243986 0.00632280 0.01879211
19 0.04932387 0.06963506 0.03584318 0.08101295 0.00195405 0.09324034 0.22543786 0.02800648 0.03881458 0.02106999 0.04643597 0.12450093 0.00959976 0.00775364 0.02055439 0.06312646 0.03732338 0.00353734 0.01023669 0.03259308
20 0.02376559 0.01722659 0.01076709 0.00442436 0.00298436 0.00765181 0.01453499 0.01825039 0.00349888 0.15548393 0.34302184 0.00695506 0.12460594 0.05853767 0.03865088 0.03926598 0.03949098 0.00129190 0.01240619 0.07718556
21 0.13518299 0.04258890 0.05067530 0.03666040 0.01932960 0.03773410 0.04636210 0.06352930 0.01701880 0.02358450 0.03752900 0.03422240 0.01372570 0.01603460 0.04710990 0.22790399 0.08312300 0.00933115 0.01598490 0.04236940
22 0.04846833 0.02097441 0.01663061 0.01811381 0.00926959 0.01627041 0.02363991 0.01981111 0.00975774 0.14892808 0.30494117 0.02049301 0.05847533 0.06363004 0.01310061 0.02935912 0.03331252 0.00470552 0.01884061 0.12127807
23 0.07531177 0.25427490 0.05545638 0.01339579 0.00935234 0.07510337 0.04247138 0.01372349 0.03573899 0.00842759 0.02071199 0.25214990 0.01905469 0.01598029 0.01325989 0.03535369 0.03071679 0.00401007 0.00857159 0.01693509
24 0.07347538 0.03792489 0.03623699 0.03621929 0.00798794 0.02523379 0.03011259 0.51224988 0.01072580 0.01697810 0.02487669 0.02825539 0.00628283 0.01685870 0.01904020 0.06107419 0.02523089 0.00440588 0.00950509 0.01732550
25 0.04834426 0.01219851 0.01122171 0.00723863 0.01553962 0.01363222 0.01358982 0.01681402 0.00660186 0.23741427 0.20580124 0.01037321 0.04900726 0.05786407 0.01035891 0.02225133 0.04477235 0.00417388 0.02554263 0.18726022
26 0.31291383 0.02111829 0.02673809 0.02041289 0.03336188 0.01952009 0.02117679 0.08669685 0.00905241 0.01425609 0.02665599 0.01848569 0.00681007 0.00905351 0.02355359 0.22367888 0.07676436 0.00315649 0.00830896 0.03828528
27 0.04392956 0.01678708 0.01075939 0.00590149 0.02038688 0.01343719 0.02184448 0.01941518 0.00867183 0.13866787 0.15135286 0.01352869 0.11952889 0.10181291 0.01610179 0.04401866 0.10788390 0.00561976 0.05437215 0.08597942
28 0.06019360 0.04775930 0.05474070 0.12335500 0.00441300 0.04853350 0.21433700 0.04374430 0.03699050 0.02224430 0.04467110 0.08016790 0.01650910 0.01207370 0.02157240 0.06340430 0.04903430 0.00572550 0.01458370 0.03594680
29 0.03886469 0.00383183 0.00729872 0.00085195 0.01735300 0.00783156 0.00264425 0.00512479 0.00160525 0.28401493 0.22534994 0.00226816 0.03963889 0.03184269 0.00487472 0.00944718 0.03841519 0.00287873 0.00895562 0.26690793
30 0.05809470 0.08727920 0.01903420 0.09260110 0.00179596 0.07423170 0.18622799 0.01690960 0.03200540 0.04340350 0.03794590 0.13351499 0.00857135 0.00970579 0.01901590 0.10487300 0.02857650 0.00421509 0.00564865 0.03634950
31 0.07249902 0.03830501 0.03498411 0.03478741 0.00785744 0.02526481 0.02957291 0.51082912 0.01083570 0.01747890 0.02573551 0.02854301 0.00625771 0.01675400 0.02123331 0.06137991 0.02610301 0.00486830 0.00982571 0.01688510
32 0.04117791 0.00915130 0.00973086 0.00486270 0.01490630 0.01247080 0.00905190 0.00745059 0.00594281 0.23421304 0.23847905 0.00619850 0.04626881 0.03728471 0.00716250 0.01619660 0.03671281 0.00400425 0.01196750 0.24676705
33 0.03177124 0.00835924 0.00598419 0.00114609 0.01242201 0.00639479 0.00437817 0.00770974 0.00126886 0.25042129 0.28736334 0.00344863 0.06104167 0.05411096 0.00807990 0.01309332 0.03324444 0.00253808 0.01099981 0.19622423
34 0.07106882 0.15105204 0.03818791 0.02014251 0.00380928 0.07850092 0.04929231 0.03534501 0.03095661 0.01010660 0.01384580 0.09470153 0.00694300 0.01087720 0.12631203 0.18824305 0.02292631 0.00927225 0.01970501 0.01871181
35 0.01949119 0.01009010 0.00325412 0.00346095 0.01373649 0.00927844 0.00694730 0.01722379 0.01842169 0.03858818 0.02953589 0.00723541 0.00915521 0.36067784 0.00443691 0.01855919 0.03100569 0.00622851 0.36968083 0.02299229
36 0.06534010 0.06405460 0.06119030 0.05251460 0.00700695 0.05797140 0.09108370 0.03010410 0.12554199 0.02539760 0.04591210 0.06588300 0.01478510 0.04345800 0.02688930 0.05888770 0.04515490 0.01082280 0.05728780 0.05071400
37 0.13468587 0.02975457 0.05098415 0.01792768 0.03058907 0.02605787 0.02950787 0.04412386 0.01003479 0.02099068 0.03380287 0.01372919 0.01689478 0.01042329 0.02367668 0.26764674 0.17940583 0.00756505 0.01164349 0.04055566
38 0.03170817 0.02225368 0.01078369 0.01090779 0.01288029 0.01802599 0.01610719 0.02144448 0.03226187 0.04233347 0.05004716 0.01945248 0.01415759 0.26390479 0.01133819 0.03035078 0.03260567 0.01433779 0.30708775 0.03801117
39 0.05207622 0.13951504 0.04067101 0.02803661 0.00500200 0.07241482 0.07137862 0.02062451 0.13163204 0.01567390 0.02427171 0.08656703 0.00881304 0.02583391 0.03894061 0.12085504 0.02950871 0.00860587 0.03760781 0.04197151
40 0.01929580 0.01025730 0.00315277 0.00347769 0.01347730 0.00936775 0.00679533 0.01746880 0.01802110 0.03749040 0.02928930 0.00745504 0.00909352 0.36104305 0.00450652 0.01874010 0.03086830 0.00635185 0.37124705 0.02260100
41 0.07168859 0.14414998 0.04627879 0.03348309 0.00557945 0.10615098 0.09396368 0.03298559 0.03341239 0.01839320 0.03621449 0.19616497 0.01332650 0.01788090 0.01996640 0.05195159 0.03399139 0.00436722 0.01504100 0.02500980
42 0.29423207 0.02069360 0.03312861 0.02014990 0.03345251 0.01691880 0.02075370 0.18880705 0.00505189 0.00909856 0.02315781 0.01277630 0.00404427 0.01084310 0.02213351 0.20533305 0.04845071 0.00243097 0.00560187 0.02294171
43 0.03594077 0.03639997 0.00881140 0.01286809 0.01112449 0.02127658 0.01838759 0.01527829 0.03005488 0.07831514 0.16006989 0.03086568 0.02663548 0.15862789 0.01104989 0.02096299 0.02791468 0.02689738 0.19898986 0.06952905
44 0.04001468 0.01095649 0.00882098 0.00541311 0.01282739 0.01131699 0.00872487 0.00821773 0.00508273 0.21991888 0.28262785 0.00659228 0.05064337 0.04748057 0.00780816 0.01581189 0.03370098 0.00357358 0.01244859 0.20801889
45 0.03581512 0.03714832 0.01035051 0.01243061 0.00790457 0.01932621 0.05130403 0.01694811 0.01858771 0.11311906 0.24512114 0.03178342 0.05462513 0.14824908 0.01317781 0.02357611 0.02535011 0.00960497 0.06276244 0.06281554
46 0.04893899 0.02173610 0.01626770 0.01757870 0.00959096 0.01589070 0.02375769 0.02015090 0.00924437 0.14908197 0.30413493 0.02124560 0.05853669 0.06258049 0.01259990 0.02976439 0.03396549 0.00539429 0.01848020 0.12105997
47 0.08015054 0.07553324 0.04808113 0.04506852 0.01019241 0.11349106 0.06584514 0.05138753 0.03947272 0.03761192 0.05438813 0.08359135 0.01795801 0.03041182 0.03493382 0.08013204 0.04457712 0.00773195 0.02592201 0.05351953
48 0.14498807 0.01916501 0.01852011 0.01411131 0.02043591 0.02224821 0.02139911 0.02516171 0.01437011 0.12828106 0.10318605 0.02220001 0.03561152 0.02395751 0.02070471 0.06877413 0.05609503 0.00532475 0.01105260 0.22441310
49 0.09796953 0.08231812 0.06354552 0.02110511 0.00695667 0.02865791 0.02953871 0.14397704 0.00927502 0.02445011 0.02579781 0.02506921 0.00554866 0.01148990 0.01991571 0.21011906 0.14808004 0.00525585 0.00794510 0.03298491
50 0.05748568 0.01051760 0.08666018 0.35441790 0.00619890 0.01984569 0.24843393 0.02624199 0.02587399 0.01063940 0.02749199 0.02901979 0.00389920 0.00139805 0.00855120 0.03412789 0.03265139 0.00077214 0.00681146 0.00896164
51 0.04422052 0.00612948 0.00883283 0.00228337 0.01665641 0.01074800 0.00631994 0.00758772 0.00378955 0.26265411 0.19670708 0.00547160 0.04396252 0.03280361 0.00674835 0.01594291 0.04080232 0.00374655 0.01143000 0.27316311
52 0.19008298 0.06177259 0.03626400 0.03707350 0.00859257 0.06077009 0.04863599 0.02803650 0.10024699 0.04659649 0.03529370 0.07813189 0.01457790 0.03756380 0.03177760 0.06271709 0.03836480 0.00645146 0.02474800 0.05230209
53 0.04758455 0.01220949 0.01115299 0.00631350 0.01573848 0.01299509 0.01254019 0.01607858 0.00657279 0.23955575 0.20470479 0.00950227 0.04947455 0.05868954 0.01028269 0.02286288 0.04509675 0.00444826 0.02690607 0.18729080
54 0.16532519 0.05410466 0.13821916 0.06414277 0.01079101 0.03840154 0.04433755 0.07092608 0.01972522 0.02113932 0.04073415 0.05448356 0.01124261 0.01521742 0.02013462 0.12725814 0.05274866 0.00390394 0.00729964 0.03986475
55 0.27936694 0.03442009 0.02859059 0.02977709 0.02777169 0.02899549 0.03523219 0.07536178 0.01770180 0.03741719 0.05108639 0.03976109 0.01336340 0.02138100 0.02450380 0.12155598 0.06058979 0.00631450 0.01358230 0.05322689
56 0.03703512 0.00529264 0.00702915 0.00093531 0.01616451 0.00753605 0.00311993 0.00579282 0.00153183 0.27548514 0.24272713 0.00252225 0.04512492 0.03802752 0.00574923 0.01050481 0.03721992 0.00283776 0.01028781 0.24507613
57 0.13799204 0.04309191 0.04909591 0.03788761 0.01916250 0.03766121 0.04695031 0.06331452 0.01664860 0.02322231 0.03771411 0.03456441 0.01348930 0.01536820 0.04855891 0.22832906 0.08029072 0.00854464 0.01601230 0.04210141
58 0.10349009 0.02580612 0.03261103 0.01294911 0.02285252 0.02593312 0.03406413 0.03011732 0.02208832 0.02626992 0.04074843 0.01518111 0.02450602 0.06836576 0.02255302 0.19382416 0.15148113 0.00903608 0.10461309 0.03350953
59 0.02813909 0.01178550 0.00643466 0.00291370 0.00567799 0.00789453 0.01760040 0.01400490 0.00403553 0.21678294 0.21613994 0.00601552 0.15887396 0.03953549 0.01582920 0.02655129 0.07792768 0.00215033 0.01187540 0.12983197
60 0.07727022 0.14449703 0.04571651 0.03464681 0.00612462 0.06835051 0.08848182 0.04240291 0.03150981 0.01772360 0.04301171 0.20527504 0.01599190 0.01959610 0.02325420 0.05060251 0.03354721 0.00646017 0.01705810 0.02847921
61 0.05944203 0.01682241 0.01587761 0.00619208 0.02128661 0.01335971 0.01226611 0.01707791 0.01031070 0.17620308 0.13642607 0.01160591 0.03273042 0.10199305 0.00811385 0.03631202 0.07796424 0.00674589 0.05955323 0.17971709
62 0.06936663 0.17600208 0.04185382 0.02313791 0.00560169 0.09516414 0.10251705 0.02239451 0.02875701 0.01440371 0.03404831 0.24679211 0.01283311 0.01246711 0.01409831 0.03786252 0.03412882 0.00284075 0.00812602 0.01760441
63 0.04806857 0.01223139 0.01145979 0.00746336 0.01562089 0.01347839 0.01303979 0.01642299 0.00665504 0.23782787 0.20545089 0.00983696 0.04907167 0.05823067 0.01056269 0.02307579 0.04483568 0.00438068 0.02609299 0.18619390
64 0.06092078 0.02672439 0.11502496 0.03716789 0.01245070 0.02820039 0.02953839 0.02915109 0.01705619 0.15711495 0.10595396 0.02353599 0.02780689 0.03611239 0.01761819 0.06999108 0.05962518 0.00633185 0.01448379 0.12519096
65 0.08761751 0.03002760 0.12471702 0.05339471 0.00716732 0.02997520 0.04568411 0.13165602 0.01848180 0.02568210 0.09128771 0.02876210 0.01720950 0.01395070 0.02140420 0.12601302 0.09922551 0.00368564 0.01005750 0.03400070
66 0.05799698 0.02146739 0.07301527 0.29409288 0.00456450 0.03106529 0.25609090 0.03108009 0.02724139 0.01305069 0.02805009 0.04297648 0.00421848 0.00216790 0.01122480 0.04557798 0.03375999 0.00164283 0.00634290 0.01437319
67 0.05038707 0.00993658 0.10656294 0.33804280 0.00749574 0.01766349 0.23047286 0.03248458 0.03008588 0.00923694 0.03644978 0.03024458 0.00529543 0.00170780 0.00917215 0.03567168 0.03074558 0.00086155 0.00783155 0.00965101
68 0.36012001 0.01406420 0.02251300 0.01281450 0.04614930 0.01336750 0.01362520 0.19185201 0.00388416 0.00718192 0.02110790 0.00848789 0.00328639 0.01041540 0.01359970 0.18974101 0.04231100 0.00142645 0.00442785 0.01962460
69 0.10061907 0.03578772 0.04065323 0.02555702 0.02983322 0.02602842 0.04776093 0.04129893 0.01890691 0.06513084 0.06677774 0.02777872 0.03867003 0.02866912 0.02443892 0.11658608 0.16639211 0.00845836 0.02340152 0.06725114
70 0.03439399 0.00798198 0.00816459 0.00160649 0.01178880 0.01049090 0.01081220 0.00762917 0.00291621 0.23883694 0.20664795 0.00698281 0.08654928 0.02949149 0.00919752 0.01571970 0.04303199 0.00419569 0.00791239 0.25564994
71 0.06692778 0.18728895 0.04353469 0.03429699 0.00525504 0.09487707 0.08082678 0.01859809 0.03299729 0.01247440 0.01833489 0.19129995 0.01028430 0.01149010 0.03766559 0.09705787 0.02450459 0.00328574 0.01071770 0.01828219
72 0.06658917 0.04847118 0.05132108 0.18649092 0.00415019 0.04430218 0.18543792 0.03180559 0.02802489 0.01735459 0.02735209 0.06547917 0.00446066 0.00407558 0.01912669 0.14832293 0.03076279 0.00356841 0.00644611 0.02645789
73 0.06076399 0.04858649 0.05396429 0.12366698 0.00471620 0.04835969 0.21406397 0.04564649 0.03641049 0.02219600 0.04315459 0.08012049 0.01690630 0.01164800 0.02194780 0.06465849 0.04899539 0.00561826 0.01395240 0.03462369
74 0.09825805 0.05207277 0.04335898 0.05797747 0.00735760 0.04365688 0.12889694 0.05028058 0.02302419 0.01604919 0.02446219 0.04941938 0.00751849 0.00674688 0.05031398 0.22737989 0.06586417 0.00853212 0.01061409 0.02821619
75 0.02898600 0.01751860 0.00523194 0.00421111 0.00810331 0.00902154 0.01039900 0.01175970 0.00873528 0.13614298 0.31986495 0.01118310 0.06459259 0.16375897 0.00892890 0.01695750 0.02003410 0.00799998 0.06428459 0.08228589
76 0.28222710 0.03453471 0.02822521 0.02936781 0.02750941 0.02880521 0.03543201 0.07588933 0.01844761 0.03765511 0.05032692 0.04051851 0.01300520 0.02074941 0.02436241 0.12056304 0.06160962 0.00580623 0.01242410 0.05254102
77 0.03984652 0.01046761 0.00856940 0.00501087 0.01287921 0.01093621 0.00835124 0.00855258 0.00488530 0.22109314 0.28235618 0.00661588 0.05109673 0.04724893 0.00768312 0.01560311 0.03373302 0.00336392 0.01217891 0.20952813
78 0.06368701 0.04767421 0.07785141 0.14873502 0.00735576 0.10871802 0.10188902 0.04851801 0.03436951 0.02341920 0.03314041 0.05467081 0.00920455 0.01847900 0.01954520 0.07458011 0.08320941 0.00545153 0.01079440 0.02870740
79 0.31406810 0.01518730 0.02213391 0.01232070 0.03346941 0.01064330 0.02046521 0.05402612 0.00542480 0.01236630 0.02838781 0.00808390 0.00813732 0.00633352 0.00750108 0.24912908 0.14032004 0.00185908 0.00839398 0.04174901
80 0.27040793 0.00640536 0.01062660 0.00655863 0.19059195 0.01515230 0.00631664 0.08065298 0.00385383 0.00586822 0.01485880 0.00404033 0.02662279 0.00954457 0.00924777 0.18017795 0.11184197 0.00107542 0.00528929 0.04086669
81 0.05722546 0.07599337 0.06598176 0.15002815 0.00476548 0.05703576 0.12949913 0.06894617 0.02710523 0.01568772 0.03854234 0.12631812 0.00722541 0.01250721 0.02275072 0.07282777 0.02314832 0.00627385 0.01062111 0.02751693
82 0.04723881 0.00748628 0.00918252 0.00218737 0.01690290 0.00879650 0.00709100 0.01138350 0.00315566 0.26275006 0.18854404 0.00457641 0.04443421 0.03340001 0.00599931 0.02195560 0.06128381 0.00300703 0.01234490 0.24828005
83 0.01842139 0.00849384 0.00304302 0.00319778 0.01354079 0.00865199 0.00644026 0.01774999 0.01813559 0.03476639 0.02424739 0.00628445 0.00820795 0.36890085 0.00410496 0.01878039 0.03104899 0.00504746 0.37990384 0.02103269
84 0.07526403 0.07270932 0.04657432 0.04777702 0.00603563 0.14195905 0.06264232 0.02818961 0.11746904 0.02973841 0.04468482 0.06921162 0.01199240 0.03488921 0.02561121 0.06199702 0.03640861 0.00711243 0.03739461 0.04233931
85 0.13471900 0.04166170 0.04230510 0.12751000 0.00569496 0.04079490 0.19837200 0.04793600 0.02200160 0.02084290 0.03448810 0.06719240 0.01222040 0.00889647 0.01867050 0.07592860 0.05797190 0.00449747 0.00840798 0.02988800
86 0.03967619 0.01089970 0.00906266 0.00572683 0.01285400 0.01106370 0.00855698 0.00822997 0.00494820 0.21914396 0.28298295 0.00658107 0.05176009 0.04718379 0.00805086 0.01593600 0.03369039 0.00331361 0.01217510 0.20816396
87 0.04278792 0.00491335 0.00839677 0.00166110 0.01661771 0.01076011 0.00619485 0.00642531 0.00359138 0.26306814 0.18992710 0.00519082 0.04573332 0.02790872 0.00582879 0.01417051 0.03933302 0.00373833 0.00893956 0.29481316
88 0.07270172 0.17399605 0.04952841 0.01909901 0.00929662 0.05285161 0.04087731 0.04747041 0.02231491 0.03170881 0.03505791 0.11209803 0.01522240 0.02084131 0.01308020 0.08649012 0.13448104 0.01115290 0.01401380 0.03771741
89 0.10761905 0.02892911 0.03886052 0.03167741 0.01299411 0.02588031 0.03614412 0.04600072 0.01283851 0.05776213 0.14979707 0.02158841 0.03857572 0.02606361 0.02605491 0.17962008 0.07835483 0.00667106 0.01627171 0.05829663
90 0.05177839 0.04647359 0.04575399 0.20945696 0.00277540 0.08437938 0.22051296 0.02341850 0.03752179 0.02281950 0.03892109 0.07228749 0.00446306 0.00428984 0.01236690 0.06264309 0.02626800 0.00182721 0.00527148 0.02677139
91 0.04425510 0.00610291 0.00864614 0.00227010 0.01649650 0.01077000 0.00654785 0.00737996 0.00372921 0.26211898 0.19845298 0.00543501 0.04468600 0.03185700 0.00635005 0.01575970 0.04076040 0.00361275 0.01039940 0.27436998
92 0.03502781 0.00672872 0.00662511 0.00124554 0.01458050 0.00696101 0.00456233 0.00747829 0.00149801 0.26487606 0.26077006 0.00324531 0.05335441 0.04740421 0.00738830 0.01225920 0.03629181 0.00273684 0.01170240 0.21526405
93 0.07672155 0.14385309 0.04505153 0.03467812 0.00639158 0.06889154 0.08867415 0.04137843 0.03176602 0.01849871 0.04440903 0.20427412 0.01601441 0.01960181 0.02248941 0.05015883 0.03496632 0.00637941 0.01694521 0.02885672
94 0.03765848 0.00420320 0.00709378 0.00078201 0.01709649 0.00718846 0.00267460 0.00546519 0.00120887 0.28377085 0.23387487 0.00209652 0.04184328 0.03580468 0.00513736 0.00955742 0.03814348 0.00282782 0.01015679 0.25341586
95 0.06274839 0.07747948 0.13939397 0.06109219 0.00706721 0.14880297 0.04304979 0.05895539 0.03751169 0.01545160 0.03115279 0.07942968 0.01031620 0.02043130 0.02362420 0.08473888 0.05526679 0.00386657 0.00998532 0.02963559
96 0.07554322 0.14305104 0.04570111 0.03492601 0.00653236 0.06848512 0.08907173 0.04329641 0.03138011 0.01821411 0.04238691 0.20378306 0.01613560 0.01993291 0.02358681 0.05115202 0.03425131 0.00655464 0.01778621 0.02822931
97 0.03505141 0.00630809 0.00668996 0.00096543 0.01484750 0.00703565 0.00320225 0.00600960 0.00137214 0.26614305 0.26188105 0.00275448 0.04965681 0.04161481 0.00625555 0.01071690 0.03518471 0.00256685 0.00936172 0.23238204
98 0.02647840 0.01758170 0.00842031 0.00419593 0.00478878 0.00725039 0.01072260 0.01276750 0.00363017 0.16145700 0.36568899 0.00875970 0.10278900 0.07871050 0.01524340 0.02535360 0.02959470 0.00212534 0.01167300 0.10276900
99 0.08414594 0.03560552 0.19231910 0.04310932 0.00984078 0.03937852 0.02871901 0.06711923 0.01317131 0.01588241 0.02304391 0.02613911 0.00550878 0.01009421 0.02338851 0.24706912 0.09371875 0.00358992 0.00645232 0.03170422
100 0.04102499 0.08305008 0.02302869 0.05946539 0.00182910 0.08242698 0.23937195 0.02010670 0.02364769 0.02052030 0.07873108 0.20944495 0.00550154 0.00652385 0.00948275 0.03478199 0.03054139 0.00256547 0.00896891 0.01898620
101 0.06044288 0.04848638 0.05453798 0.12449896 0.00452839 0.04847408 0.21491892 0.04280228 0.03679079 0.02182569 0.04410918 0.08047227 0.01609329 0.01161230 0.02229499 0.06489168 0.04894068 0.00569797 0.01428119 0.03430009
102 0.07906200 0.05467940 0.06824160 0.06514660 0.00588478 0.03936010 0.04308690 0.17048900 0.01979860 0.02107770 0.03495460 0.11018100 0.01381210 0.02260220 0.03487720 0.07183560 0.03400100 0.00835714 0.01298500 0.08956750
103 0.04919733 0.02179821 0.01717651 0.01927261 0.00923951 0.01655381 0.02547351 0.02167741 0.00952042 0.14667408 0.30136317 0.02129721 0.05785103 0.06224633 0.01278721 0.03064152 0.03343062 0.00495773 0.01942171 0.11942007
104 0.29218986 0.02077739 0.03059649 0.01891699 0.03532598 0.01679709 0.01991819 0.20518190 0.00525420 0.00973927 0.02294249 0.01306259 0.00415649 0.01145959 0.02343229 0.19375691 0.04545168 0.00257259 0.00568313 0.02278489
105 0.18352497 0.03390609 0.03890649 0.13160498 0.00597381 0.03542179 0.20324497 0.04434189 0.01780760 0.01772620 0.03038909 0.05750679 0.00837612 0.00681318 0.01594420 0.06927339 0.06372449 0.00337005 0.00727981 0.02486410
106 0.05804960 0.02172550 0.07352850 0.29501001 0.00447146 0.03158530 0.25454401 0.03097360 0.02761490 0.01293230 0.02828740 0.04271160 0.00442105 0.00225785 0.01110890 0.04588120 0.03311580 0.00144440 0.00629619 0.01404040
107 0.03485260 0.00789010 0.00697603 0.00182839 0.01390360 0.00729743 0.00558524 0.00847386 0.00177743 0.25418702 0.26731102 0.00394698 0.05651410 0.05426330 0.00813738 0.01400710 0.03592720 0.00305510 0.01386110 0.20020501
108 0.07046993 0.07173753 0.01788641 0.01708651 0.00909490 0.01924411 0.02624191 0.02906571 0.01781311 0.02586421 0.05159002 0.02449391 0.01463711 0.05776322 0.01680731 0.06678603 0.04489632 0.32555313 0.04576832 0.04720032
109 0.03881404 0.00377379 0.00730103 0.00094652 0.01732312 0.00805644 0.00266077 0.00498657 0.00162899 0.28414227 0.22652821 0.00229275 0.03963174 0.03211693 0.00476021 0.00927484 0.03816624 0.00285463 0.00913965 0.26560125
110 0.04622074 0.02380787 0.01666098 0.01110549 0.01486208 0.01887108 0.03408926 0.01889258 0.01189589 0.12589585 0.16296080 0.02525867 0.14288183 0.04138085 0.02144207 0.04206315 0.07058522 0.00690649 0.01919928 0.14501983
111 0.09587960 0.02890447 0.12701587 0.07725802 0.00984633 0.03147287 0.04847575 0.06501933 0.02373268 0.02675757 0.10117290 0.02878337 0.02095198 0.01209759 0.02040148 0.16477483 0.06268784 0.00385487 0.01034039 0.04057226
112 0.04530548 0.11181496 0.02090739 0.04750928 0.00242245 0.07104008 0.17864194 0.02291809 0.02692589 0.02820359 0.09701807 0.16416594 0.01280920 0.02088259 0.01331330 0.04633918 0.03327049 0.00650810 0.01753319 0.03247079
113 0.18678576 0.01519038 0.02687637 0.01547208 0.14808281 0.01869088 0.01335598 0.05781693 0.00753538 0.01083589 0.02375657 0.01097149 0.02986646 0.01510518 0.01540438 0.21232373 0.13215683 0.00424676 0.01024939 0.04527674
114 0.08048408 0.07621628 0.04746439 0.04186189 0.01041040 0.11345598 0.06345229 0.05276029 0.03938299 0.03868069 0.05316399 0.08294628 0.01656420 0.03134629 0.03659429 0.08197808 0.04452789 0.00783951 0.02769869 0.05317149
115 0.06039721 0.01914530 0.01940110 0.01308080 0.01662710 0.02131610 0.02438180 0.01728750 0.01466030 0.15999503 0.13957203 0.01966580 0.05565251 0.03321231 0.01308380 0.03993231 0.04253211 0.00801242 0.01847740 0.26356705
116 0.10724999 0.03765610 0.03882130 0.01568760 0.13887898 0.06272609 0.01887500 0.03371520 0.01615400 0.03342320 0.03540620 0.03361470 0.02813680 0.02593860 0.01853280 0.12679699 0.15646498 0.00465001 0.01593720 0.05133429
117 0.07992811 0.07605501 0.04852050 0.04307740 0.00978394 0.11323401 0.06572271 0.05180800 0.04006090 0.03760170 0.05301810 0.08376771 0.01677390 0.03094830 0.03530020 0.08118261 0.04382800 0.00819247 0.02804630 0.05315010
118 0.04212131 0.01551280 0.00921959 0.00582158 0.00657421 0.00859144 0.02581841 0.04535131 0.00741088 0.18139404 0.14524203 0.00823156 0.15621303 0.03116911 0.01747600 0.04659011 0.13893403 0.00229332 0.01396070 0.09207452
119 0.04784641 0.02130860 0.01634550 0.01923220 0.00897984 0.01595250 0.02432680 0.01936900 0.00956446 0.14839002 0.30532004 0.02060010 0.05850431 0.06345301 0.01292940 0.02916370 0.03320300 0.00543376 0.01892530 0.12115202
120 0.28007386 0.03328778 0.02791309 0.02954429 0.02789809 0.02807699 0.03437778 0.07585876 0.01760959 0.03805078 0.05273927 0.03841798 0.01325029 0.02207889 0.02371809 0.11943894 0.06233617 0.00714510 0.01417859 0.05400567
121 0.34221000 0.01833210 0.02413830 0.01820650 0.04139370 0.01699590 0.02019410 0.21822200 0.00661425 0.01141750 0.02695140 0.01486340 0.00474929 0.01376040 0.01459290 0.13737500 0.04017420 0.00222177 0.00571600 0.02187130
122 0.13401199 0.03537700 0.04239970 0.02804150 0.01473990 0.02466630 0.02831700 0.34960497 0.00850301 0.01436890 0.02354740 0.02190930 0.00575085 0.01332540 0.03711340 0.14645299 0.04114960 0.00421752 0.00746852 0.01903480
123 0.06303287 0.03149829 0.02238889 0.02787449 0.00765448 0.02305079 0.10462095 0.02682919 0.02319489 0.12201194 0.04782938 0.02633279 0.10132995 0.02113749 0.01317089 0.06112757 0.20602091 0.00418798 0.01446379 0.05224248
124 0.04849420 0.01150780 0.03842740 0.00917578 0.01552560 0.01510160 0.00977894 0.01170700 0.00672080 0.23859001 0.16909201 0.00934901 0.04140530 0.03786490 0.00950900 0.02808340 0.04385630 0.00475174 0.01476520 0.23629401
125 0.04114360 0.00669446 0.00915767 0.00316356 0.01621530 0.01201480 0.00752707 0.00664377 0.00553298 0.24756902 0.22111102 0.00509878 0.04311920 0.03204620 0.00613831 0.01349120 0.03696620 0.00376550 0.01057730 0.27202403
126 0.13419595 0.01942129 0.01338010 0.00860614 0.05148388 0.01427190 0.03521519 0.02112389 0.01274470 0.07337398 0.06263948 0.02233969 0.13729595 0.01666209 0.01204540 0.09060907 0.17830494 0.00373930 0.01188560 0.08066147
127 0.10287505 0.03669382 0.14068907 0.05772583 0.00739720 0.03502702 0.03477872 0.16055308 0.01000441 0.01096421 0.02716991 0.03049532 0.00405858 0.01281051 0.02776361 0.20034010 0.06495703 0.00422421 0.00567751 0.02579481
128 0.06908014 0.17124886 0.14384088 0.04680026 0.00863984 0.06054715 0.02894558 0.05337546 0.03003878 0.01185269 0.02375198 0.13604289 0.01335229 0.01817089 0.01979168 0.07898054 0.04467026 0.00577465 0.00735909 0.02773608
129 0.03239641 0.01057340 0.00638091 0.00248511 0.01114140 0.00719051 0.00666719 0.00918531 0.00207917 0.22958210 0.30358013 0.00546500 0.06483543 0.06105143 0.00897364 0.01545911 0.03217981 0.00252702 0.01158581 0.17666108
130 0.14373509 0.01943211 0.01915711 0.01451421 0.02076051 0.02203851 0.02128331 0.02487552 0.01529861 0.12639208 0.09997666 0.02233081 0.03613022 0.02396052 0.02144981 0.06873194 0.05583174 0.00599037 0.01181771 0.22629314
131 0.07307707 0.18514492 0.04892398 0.02920259 0.00736841 0.05986248 0.05293918 0.06105367 0.03110239 0.02313819 0.04391848 0.14138994 0.01723769 0.02738509 0.02025209 0.06788717 0.04135658 0.01455659 0.01986109 0.03434239
132 0.04003169 0.01065840 0.00877515 0.00497245 0.01290950 0.01055200 0.00775001 0.00841556 0.00477039 0.22132892 0.28259990 0.00609052 0.05137798 0.04745348 0.00784082 0.01606189 0.03381339 0.00345607 0.01244700 0.20869492
133 0.06272681 0.02577441 0.08770622 0.27567606 0.00732503 0.03392731 0.16772804 0.05016841 0.02786061 0.01518450 0.04030401 0.04134761 0.00643289 0.01090430 0.01578570 0.05886051 0.03259191 0.00436647 0.01285800 0.02247120
134 0.07474246 0.01751409 0.00931787 0.00747311 0.01707929 0.01580279 0.01167089 0.01054319 0.01669189 0.17153991 0.19906290 0.01441699 0.02635319 0.07753006 0.00955323 0.02262499 0.03828368 0.01263529 0.07747426 0.16968991
135 0.14284891 0.01922579 0.01990119 0.01689579 0.01328849 0.01904119 0.02318819 0.03028128 0.00970638 0.10957693 0.26014484 0.02408869 0.03581508 0.04002268 0.01366619 0.05007677 0.04490977 0.00470391 0.01506399 0.10755394
136 0.04589612 0.01885831 0.01093711 0.00597563 0.01712881 0.01705271 0.01282271 0.00998977 0.04166532 0.15687308 0.13485707 0.01525441 0.02717941 0.09258395 0.00981351 0.02203031 0.03473502 0.01482261 0.10997205 0.20155210
137 0.04902331 0.02176350 0.01728770 0.01748970 0.00899636 0.01614990 0.02495911 0.02045340 0.00987404 0.14671703 0.30355506 0.02117170 0.05816541 0.06285561 0.01337770 0.02951251 0.03360351 0.00514879 0.01966960 0.12022603
138 0.03904271 0.02205001 0.01161290 0.00865091 0.01421630 0.01677671 0.01284320 0.02515151 0.01932471 0.08218263 0.11062704 0.01676461 0.02591891 0.25086608 0.01004270 0.02578771 0.03268061 0.00974857 0.21144107 0.05427112
139 0.07278018 0.03770419 0.03577549 0.03583459 0.00803375 0.02576869 0.03014269 0.51362988 0.01092360 0.01787150 0.02531659 0.02840939 0.00632622 0.01592160 0.01969830 0.06081449 0.02497799 0.00489640 0.00872206 0.01645240
140 0.02487970 0.01548210 0.00344449 0.00270036 0.00479260 0.00539522 0.00862906 0.00967202 0.00343705 0.14320599 0.39942596 0.00842142 0.08006229 0.13991199 0.00895105 0.01497180 0.01543890 0.00402822 0.02353210 0.08361769
141 0.16578996 0.02481899 0.02275199 0.01392700 0.06541148 0.02171920 0.02521329 0.03794209 0.01277700 0.03752489 0.05966139 0.02641179 0.08646698 0.01641640 0.02519599 0.15823296 0.11620997 0.00363893 0.01425000 0.06563968
142 0.06008472 0.01881518 0.01869308 0.01273188 0.01677428 0.02069837 0.02442537 0.01694288 0.01426008 0.16472679 0.14104882 0.01922568 0.05549303 0.03222696 0.01224358 0.03797185 0.04332854 0.00791189 0.01740538 0.26499166
143 0.07002688 0.03893949 0.03604929 0.03631809 0.00696812 0.02593479 0.03023289 0.51199185 0.01134740 0.01739829 0.02576329 0.02828849 0.00639969 0.01667910 0.02003719 0.06068658 0.02544449 0.00459215 0.00999133 0.01691060
144 0.12054098 0.06275039 0.05089099 0.12601098 0.00448959 0.04710459 0.09553768 0.04799889 0.01988640 0.01649420 0.02352510 0.10044998 0.00496940 0.01113570 0.03368839 0.15854197 0.02518680 0.00556789 0.00742511 0.03780499
145 0.29399431 0.02042742 0.03251863 0.02018752 0.03368894 0.01726642 0.02016982 0.18788420 0.00508244 0.00954464 0.02345882 0.01305361 0.00401216 0.01109211 0.02250642 0.20570122 0.04769695 0.00249040 0.00567023 0.02355372
146 0.03513128 0.00628987 0.00665746 0.00097241 0.01489639 0.00707572 0.00307323 0.00583662 0.00143279 0.26719387 0.26089587 0.00263803 0.04904388 0.04103588 0.00580549 0.01046389 0.03544788 0.00255452 0.00906506 0.23448988
147 0.24967894 0.02417869 0.03470439 0.02284459 0.02118940 0.02211139 0.02163130 0.06579398 0.00702456 0.01204510 0.02335479 0.01548510 0.00582601 0.00690116 0.02800699 0.29854893 0.08876228 0.00368230 0.01070160 0.03752849
148 0.06788434 0.03630812 0.03164242 0.05201883 0.00532007 0.02867342 0.10850506 0.20371612 0.01917881 0.08616365 0.06372674 0.03940132 0.03205652 0.02935152 0.01766181 0.06197444 0.05879443 0.00466746 0.01626501 0.03668992
149 0.03497350 0.00703681 0.00658683 0.00123744 0.01461870 0.00698555 0.00439351 0.00728375 0.00148850 0.26456397 0.26079497 0.00322407 0.05348239 0.04767289 0.00736075 0.01229030 0.03624380 0.00278611 0.01208120 0.21489497
150 0.04825628 0.03277959 0.05088688 0.03619739 0.00789861 0.03842538 0.07564017 0.01618509 0.07622117 0.05870128 0.16443693 0.04170368 0.08659647 0.03396939 0.02055029 0.03691139 0.05246458 0.00747799 0.03211529 0.08258217
151 0.05768229 0.02740649 0.03277009 0.01888360 0.00810803 0.02833879 0.01988210 0.04058949 0.02948689 0.05889849 0.08320658 0.03367779 0.03018519 0.10988297 0.19050796 0.06254249 0.03823569 0.01199070 0.07190548 0.04581889
152 0.07316216 0.18235589 0.05030917 0.03004358 0.00737260 0.05985286 0.05240177 0.06062816 0.03140758 0.02256069 0.04354597 0.13909892 0.01743829 0.02823718 0.02020479 0.06878796 0.04207707 0.01429659 0.02128559 0.03493318
153 0.06576835 0.02734968 0.03168248 0.02157048 0.00639344 0.03986637 0.03391777 0.06425855 0.01531679 0.02293118 0.03593037 0.03143348 0.01695529 0.01661029 0.35578273 0.11180492 0.05243986 0.00637841 0.01518089 0.02842868
154 0.03979229 0.00969398 0.00895865 0.00334148 0.01940440 0.01030880 0.01205790 0.01166900 0.00835944 0.18146498 0.18556298 0.00810142 0.03955039 0.18554898 0.00865062 0.01554690 0.03301650 0.00628334 0.11099599 0.10169199
155 0.26765522 0.02002572 0.04009793 0.02163132 0.02229882 0.01738701 0.02035672 0.17417614 0.00560971 0.01665071 0.06724435 0.01235021 0.00825538 0.01169061 0.01384131 0.18783115 0.05442704 0.00201848 0.00687124 0.02958092
156 0.06940621 0.05342691 0.15857302 0.09204291 0.00966575 0.04269981 0.06960601 0.07301781 0.03279050 0.02493420 0.04427421 0.05701761 0.01369940 0.01775580 0.02704120 0.09624841 0.05816081 0.00501243 0.01238290 0.04224411
157 0.02634469 0.01434810 0.00709911 0.00164375 0.00748816 0.00718067 0.00606081 0.00868621 0.00194648 0.20365495 0.33369792 0.00471052 0.08632858 0.05629769 0.01085080 0.01699490 0.02880819 0.00210363 0.00816491 0.16758996
158 0.03461492 0.03642242 0.01767981 0.04281663 0.01002841 0.02656812 0.01404951 0.02701812 0.03328682 0.03289522 0.06723444 0.02977932 0.01411401 0.22842714 0.01180181 0.02968792 0.02486481 0.03092512 0.25163815 0.03614732
159 0.04150639 0.00338871 0.00768163 0.00091386 0.01789650 0.00834262 0.00302951 0.00567189 0.00199422 0.28496093 0.20746395 0.00279193 0.03829609 0.03072099 0.00500240 0.01088850 0.04031559 0.00303064 0.00970172 0.27640194
160 0.07601589 0.20531897 0.09001219 0.02444250 0.00882221 0.09118809 0.03642999 0.03195800 0.03430889 0.00711272 0.01958430 0.23295397 0.01706580 0.01541050 0.01350120 0.03852709 0.03408899 0.00231506 0.00514326 0.01580040
161 0.04679910 0.02090560 0.01584630 0.01038270 0.01670310 0.01772280 0.03137100 0.02136770 0.01622230 0.09315279 0.09139919 0.01923180 0.11425599 0.09640229 0.02208810 0.05535599 0.11466499 0.01041770 0.13015899 0.05555159
162 0.03175129 0.02236209 0.01058200 0.01071960 0.01303600 0.01784299 0.01650610 0.02170449 0.03259629 0.04294949 0.05124958 0.01969579 0.01409970 0.26359792 0.01205360 0.03065029 0.03271479 0.01385690 0.30439391 0.03763719
163 0.26236609 0.02483971 0.02492901 0.01890971 0.02916171 0.01765321 0.02017361 0.36075212 0.00626545 0.00986802 0.02224871 0.01477840 0.00361364 0.01439820 0.01130800 0.11038204 0.02769341 0.00237593 0.00472923 0.01355380
164 0.04132572 0.00432344 0.00779064 0.00114783 0.01760241 0.00866974 0.00361028 0.00603610 0.00234147 0.28305015 0.21188911 0.00303140 0.03969842 0.03354752 0.00555753 0.01137201 0.04030972 0.00309523 0.01093211 0.26466914
165 0.05845008 0.02726829 0.06494478 0.23159692 0.00403206 0.03466229 0.21473492 0.03333869 0.02958369 0.01436659 0.03447259 0.04854548 0.00745778 0.00415886 0.05510948 0.06418008 0.03779129 0.00374068 0.00925288 0.02231259
166 0.03725548 0.01121029 0.00679605 0.00435500 0.00822841 0.00810140 0.02608238 0.01712579 0.00692314 0.20970087 0.15404290 0.00665675 0.16318690 0.03011168 0.01413979 0.03344048 0.12446292 0.00222216 0.01386669 0.12209092
167 0.16350109 0.02602901 0.05443273 0.02749471 0.01293641 0.02313621 0.02617971 0.14512208 0.00757749 0.02277751 0.07610704 0.01502971 0.01416111 0.01200371 0.02862221 0.22829612 0.07188344 0.00346758 0.00943411 0.03180802
168 0.06859465 0.06709814 0.03346472 0.03105962 0.00735933 0.04274083 0.06279194 0.02527212 0.02813272 0.04922793 0.05028343 0.09844617 0.06184434 0.02565972 0.02125041 0.04610613 0.03016252 0.01334011 0.01948601 0.21767915
169 0.07933032 0.07580432 0.04791371 0.04429141 0.00997560 0.11313903 0.06579912 0.05147551 0.04073951 0.03766181 0.05285171 0.08444642 0.01691950 0.03018651 0.03397421 0.08064302 0.04450111 0.00791127 0.02775021 0.05468571
170 0.04712833 0.05558163 0.01792761 0.02314471 0.00772054 0.07031164 0.03758692 0.02095131 0.04241742 0.04779753 0.15252709 0.05019953 0.02227761 0.08953735 0.01635361 0.03476192 0.02825882 0.02837962 0.14886408 0.05827273
171 0.07264672 0.18172104 0.04870331 0.02996191 0.00719497 0.06016171 0.05512011 0.05969911 0.03121051 0.02267731 0.04431361 0.13912803 0.01718410 0.02778061 0.02093270 0.06929752 0.04096781 0.01478080 0.02024780 0.03627031
172 0.03285449 0.01206109 0.02175119 0.00491375 0.01016180 0.00990017 0.00870005 0.01178959 0.00423442 0.22705590 0.25811188 0.00673895 0.08424526 0.03583578 0.01336229 0.02160189 0.03809458 0.00290467 0.00914634 0.18653592
173 0.05785001 0.01464920 0.08231122 0.33198508 0.00570705 0.02454481 0.24701206 0.02756391 0.02685921 0.01172960 0.02850671 0.03389001 0.00416558 0.00181888 0.00964778 0.03963291 0.03293621 0.00115429 0.00681888 0.01121660
174 0.06000248 0.04828899 0.05436599 0.12412897 0.00464722 0.04798709 0.21487095 0.04448939 0.03662199 0.02178059 0.04407239 0.07934148 0.01723050 0.01166220 0.02229839 0.06509268 0.04836959 0.00604173 0.01411380 0.03459359
175 0.04921807 0.01920929 0.13109093 0.30272884 0.00910560 0.02505249 0.15907592 0.05260217 0.02907328 0.00938978 0.04423768 0.03671638 0.00597145 0.00738604 0.01152029 0.05077157 0.02870178 0.00165290 0.00862076 0.01787479
176 0.06543310 0.02309630 0.04965010 0.09844910 0.00564054 0.02891830 0.04766540 0.06089960 0.01459630 0.01403950 0.02633450 0.04468160 0.01412440 0.01333840 0.29983099 0.09203510 0.04600570 0.00563391 0.01360180 0.03602540
177 0.04176849 0.00926654 0.00999839 0.00483300 0.01507120 0.01229390 0.00897581 0.00766245 0.00638272 0.23418697 0.24014797 0.00634231 0.04541499 0.03765580 0.00718889 0.01548740 0.03664820 0.00394452 0.01281250 0.24391797
178 0.19361421 0.00672864 0.00953099 0.00523568 0.16971819 0.01298021 0.00791616 0.03720634 0.00483645 0.05191556 0.04748525 0.00541534 0.03675324 0.01614782 0.00911584 0.12392714 0.12463414 0.00267943 0.00951624 0.12464314
179 0.04701888 0.06766777 0.03428678 0.08073196 0.00176563 0.09444425 0.24723488 0.02256589 0.03799948 0.01990429 0.04783928 0.13068694 0.00770347 0.00594205 0.01732429 0.05739537 0.03794788 0.00307871 0.00992122 0.02854099
