1 0.04411809 0.01041600 0.01180820 0.00346091 0.01346310 0.00701750 0.00635937 0.01320350 0.00410156 0.23537096 0.22311796 0.00675489 0.04983739 0.04211239 0.00781168 0.01956630 0.04345879 0.00296457 0.01635490 0.23870196
2 0.07999283 0.03809911 0.03573221 0.02287681 0.00994989 0.03580271 0.03779431 0.07256593 0.01967711 0.02951271 0.04229882 0.03806431 0.01873041 0.02218091 0.27703611 0.09926364 0.04979082 0.00732593 0.02492661 0.03837881
3 0.05081431 0.04127981 0.08060821 0.13251402 0.00578115 0.04531201 0.07962971 0.34491405 0.01697590 0.01226270 0.02359150 0.04303311 0.00495687 0.01470300 0.01439460 0.04483901 0.02060030 0.00296368 0.00907256 0.01175350
4 0.06405525 0.02895698 0.02261918 0.01768389 0.01469829 0.01931519 0.02835268 0.02274478 0.01592679 0.15451388 0.14752089 0.02564098 0.04424587 0.03886597 0.01740529 0.04597156 0.04550466 0.00811086 0.02295318 0.21491383
5 0.26395713 0.07444574 0.02582631 0.01609561 0.00823052 0.05100443 0.04855302 0.02644751 0.04508972 0.03826202 0.03825202 0.13145807 0.01329191 0.01885861 0.04042132 0.06828553 0.04146202 0.00378572 0.00889495 0.03737782
6 0.06416713 0.02850461 0.06506853 0.15869708 0.01290201 0.03837782 0.10703505 0.04184752 0.02458021 0.08611554 0.05239193 0.02524371 0.02404041 0.02558031 0.01479701 0.06733863 0.08646854 0.00743940 0.01561061 0.05379393
7 0.13225897 0.04977379 0.04697469 0.03494229 0.01863120 0.03263969 0.05357399 0.06062349 0.01860700 0.03230629 0.04058129 0.03611889 0.01882520 0.01778060 0.03871099 0.21018696 0.08150638 0.01021510 0.01696080 0.04878239
8 0.03618239 0.01405850 0.01093550 0.00348053 0.00969067 0.00769270 0.01093320 0.01633220 0.00345900 0.22358795 0.25423494 0.00592022 0.08952788 0.05113659 0.01120570 0.02478459 0.04203159 0.00219932 0.01162960 0.17097696
9 0.05680954 0.08435635 0.02524232 0.07974035 0.00286910 0.06972615 0.20635513 0.03567942 0.02442522 0.02381622 0.05151023 0.16554511 0.00827655 0.01056481 0.01607941 0.06298024 0.02607422 0.00289640 0.00978282 0.03727042
10 0.01900201 0.02005461 0.00374855 0.00669628 0.00993623 0.01418261 0.00969993 0.00990538 0.02989872 0.04007133 0.02823552 0.01139221 0.00393587 0.32269224 0.01280531 0.02138182 0.02621042 0.00774596 0.37947628 0.02292872
11 0.02938212 0.05359094 0.01329231 0.01172561 0.01683871 0.02349722 0.02008901 0.01360251 0.04685503 0.04580433 0.07140755 0.06355444 0.01100641 0.19632714 0.02402232 0.01990021 0.01644481 0.03071682 0.23574817 0.05619434
12 0.03829380 0.02797330 0.01352670 0.01229780 0.01300020 0.02169230 0.01773370 0.02104510 0.02223520 0.09072281 0.13034802 0.02350400 0.02718240 0.21252903 0.01441690 0.02908790 0.02866820 0.00985737 0.18138102 0.06450421
13 0.04603630 0.06595370 0.12740100 0.19458800 0.00763284 0.04436890 0.10145800 0.08905300 0.02208670 0.01332670 0.03215880 0.09068540 0.00314793 0.01279700 0.02520190 0.05939040 0.02561670 0.00334005 0.01110290 0.02465380
14 0.04737358 0.05253907 0.06114047 0.20114390 0.00572649 0.04477228 0.19967590 0.05035987 0.02003339 0.01843919 0.04375578 0.09553145 0.00365441 0.00566815 0.01776769 0.06330447 0.02504249 0.00229365 0.01022879 0.03154898
15 0.08153305 0.14855491 0.04431267 0.03545978 0.00918170 0.04785457 0.05579217 0.07058646 0.02805548 0.03174038 0.05308087 0.10632494 0.01743269 0.03233348 0.02689538 0.07790965 0.04252267 0.01529599 0.02756428 0.04756887
16 0.05119548 0.04396058 0.09700175 0.08217446 0.00634693 0.04492308 0.06396367 0.36025383 0.01939049 0.01509139 0.02358999 0.03916628 0.00583718 0.01460449 0.02178939 0.05593517 0.02881089 0.00270953 0.00775584 0.01549959
17 0.04752911 0.00998496 0.01321720 0.00501466 0.01422620 0.00887303 0.00721126 0.01435780 0.00393586 0.24114706 0.20224005 0.00659473 0.05007351 0.03947001 0.00830993 0.02148991 0.04474961 0.00267791 0.01628510 0.24261206
18 0.06325669 0.14271497 0.02243259 0.03572509 0.00196487 0.09597268 0.14317897 0.01953560 0.02666209 0.02069200 0.05043849 0.22825195 0.01039420 0.01449120 0.01104020 0.04231719 0.03220609 0.00179245 0.00849951 0.02843319
19 0.06492670 0.05668320 0.04179230 0.07947430 0.00454812 0.09817090 0.20006901 0.05364140 0.03059770 0.03323750 0.04472010 0.08715590 0.01212450 0.01490610 0.01831330 0.06899480 0.03482000 0.00404725 0.01152000 0.04025690
20 0.03318119 0.02501130 0.01363800 0.00556034 0.00579895 0.01023050 0.01973590 0.02226570 0.00599399 0.16229797 0.28370795 0.00937106 0.11886198 0.03860609 0.04413679 0.04051869 0.04145479 0.00309243 0.00979039 0.10674598
21 0.13453093 0.04780768 0.04777818 0.03543838 0.01902779 0.03297018 0.05436167 0.06141637 0.01909019 0.03072898 0.03771438 0.03608808 0.01809579 0.01677419 0.03725708 0.21315089 0.08309426 0.01116899 0.01590299 0.04760298
22 0.04721900 0.02495520 0.01728520 0.01830560 0.00970833 0.01711230 0.02838650 0.02088560 0.01066590 0.15526101 0.26509002 0.02565700 0.05930891 0.06853721 0.01389460 0.03061820 0.03748210 0.00481048 0.01996780 0.12484901
23 0.07088825 0.18401587 0.04887126 0.01960379 0.00280870 0.09992073 0.06203286 0.01976559 0.03224688 0.01411619 0.03758557 0.25132382 0.01455419 0.01630099 0.01404529 0.03674817 0.04138357 0.00258512 0.01111989 0.02008329
24 0.07737550 0.04749100 0.04418360 0.04509110 0.01095870 0.03066850 0.05725010 0.40285199 0.01293910 0.02635490 0.02977020 0.03032190 0.01155100 0.01476730 0.02610870 0.06215420 0.03228330 0.00454629 0.00951443 0.02381820
25 0.05340523 0.01727591 0.01750341 0.01215801 0.01379991 0.01558911 0.01869801 0.02368351 0.00843678 0.21172211 0.19720510 0.01369581 0.04971483 0.05788073 0.01226381 0.03034012 0.04523232 0.00438799 0.02803821 0.16896909
26 0.28760615 0.03379182 0.03110882 0.02009031 0.02985612 0.01704121 0.03401362 0.08104454 0.01038831 0.01755511 0.02132521 0.02178331 0.00986749 0.00740969 0.02324601 0.22518811 0.07396574 0.00447999 0.00940583 0.04083262
27 0.04947350 0.02039820 0.01373430 0.00913178 0.01821860 0.01625070 0.02215810 0.02389100 0.01076540 0.14640301 0.17901101 0.02028360 0.08759101 0.07850671 0.01158080 0.05047430 0.08039521 0.00641544 0.02763430 0.12768301
28 0.07434585 0.04802723 0.05056903 0.10779207 0.00719283 0.04665863 0.18217011 0.07288144 0.02853252 0.02958812 0.04738993 0.06278994 0.01738661 0.01573041 0.02160711 0.07691025 0.04587113 0.00656686 0.01685201 0.04113793
29 0.04297783 0.00679110 0.01094161 0.00160165 0.01389941 0.00551906 0.00260131 0.01275771 0.00129241 0.25801318 0.22402916 0.00290685 0.04966914 0.04016533 0.00582286 0.01722091 0.04451843 0.00161055 0.01430731 0.24335417
30 0.06590945 0.03660393 0.03774503 0.05370984 0.00866251 0.04680053 0.13511509 0.04245653 0.02920202 0.10768608 0.06479635 0.03555372 0.03647423 0.02537922 0.02021091 0.11706008 0.06165844 0.01025511 0.01375761 0.05096334
31 0.07768646 0.04796277 0.04360108 0.04482418 0.01138389 0.03113278 0.05698017 0.40117078 0.01359999 0.02631209 0.02887758 0.02960448 0.01185439 0.01525049 0.02509809 0.06207277 0.03301258 0.00488965 0.01053079 0.02415499
32 0.04424660 0.01452840 0.01264500 0.00643171 0.01283960 0.00902578 0.01103410 0.01332060 0.00666465 0.21645998 0.22618898 0.01103460 0.05043190 0.04732150 0.00940948 0.02200650 0.04146050 0.00404466 0.01916150 0.22174398
33 0.03455070 0.00965680 0.00920226 0.00200085 0.01046380 0.00599224 0.00593685 0.01120280 0.00143752 0.23383200 0.28549400 0.00366756 0.06700460 0.06609720 0.00695366 0.01729850 0.03450930 0.00140756 0.01404180 0.17925000
34 0.07614210 0.13944699 0.06403500 0.03148120 0.00743463 0.05214570 0.04125250 0.04660170 0.02408530 0.01803820 0.02278310 0.07750580 0.00862333 0.01488440 0.11941599 0.16479399 0.03327390 0.01117340 0.01126630 0.03561650
35 0.01911629 0.01978009 0.00397778 0.00672771 0.01017420 0.01429099 0.00977171 0.01012420 0.02838449 0.04330588 0.03111289 0.01122460 0.00458068 0.32504289 0.01276290 0.02144349 0.02646379 0.00707507 0.37136187 0.02327849
36 0.08739320 0.06494070 0.05432750 0.04183910 0.01049970 0.05252800 0.07301720 0.03810840 0.09525890 0.03426000 0.05061960 0.07508490 0.01625010 0.04410170 0.03143240 0.06793840 0.04132900 0.01332800 0.05262230 0.05512090
37 0.12857897 0.03857469 0.04340859 0.01829720 0.02165770 0.02541989 0.03739199 0.04698019 0.01355170 0.02869689 0.03521119 0.01922230 0.01986540 0.01068860 0.02361790 0.24490695 0.17992396 0.01179060 0.01186640 0.04034889
38 0.03374142 0.02975022 0.01382621 0.01627521 0.01225891 0.02076581 0.02128961 0.01903331 0.03441892 0.05035754 0.05077924 0.02475302 0.01012391 0.23236916 0.01944421 0.03257602 0.02866982 0.01431861 0.29232520 0.04292363
39 0.05670884 0.12168708 0.05961714 0.02761442 0.00919134 0.04336793 0.06457734 0.02631252 0.11542308 0.02222861 0.03151462 0.07509925 0.01150531 0.02089711 0.03396932 0.13735109 0.03780983 0.01321671 0.02649872 0.06540974
40 0.01917649 0.01968559 0.00380989 0.00675182 0.01018820 0.01390019 0.00963396 0.00983668 0.02806749 0.04270728 0.02973829 0.01114479 0.00435536 0.32689184 0.01241649 0.02140979 0.02664819 0.00699478 0.37424382 0.02239909
41 0.07692709 0.13200615 0.04975346 0.03071344 0.00529394 0.10733912 0.07569459 0.03431554 0.03435854 0.02262793 0.04403245 0.20112923 0.01365322 0.02103932 0.02019422 0.04703815 0.03897634 0.00383072 0.01419812 0.02687843
42 0.28446093 0.03577189 0.02752729 0.02005060 0.03629569 0.01310850 0.02724509 0.19088795 0.00552794 0.01145100 0.01542570 0.01383950 0.00820784 0.00595305 0.01986820 0.20087895 0.05010779 0.00388902 0.00515079 0.02435229
43 0.03620907 0.03516107 0.01411029 0.01651029 0.01310979 0.01860098 0.02217088 0.01466339 0.03114327 0.10046691 0.15754286 0.03419497 0.02421488 0.13526088 0.01711308 0.02135028 0.02465958 0.02165878 0.16025686 0.10160191
44 0.04140652 0.01352661 0.01136451 0.00482251 0.01176761 0.00819805 0.00947462 0.01276401 0.00463540 0.21483711 0.25445013 0.00984233 0.05545793 0.05557793 0.00851509 0.02074901 0.03915312 0.00327990 0.01742551 0.20275210
45 0.04027209 0.03275209 0.01273800 0.01582810 0.00773629 0.03123769 0.05781258 0.01409220 0.02038109 0.10865197 0.25976593 0.04167849 0.05208739 0.13146596 0.01327890 0.02275529 0.01816519 0.00930389 0.04667599 0.06332088
46 0.04705422 0.02403881 0.01671631 0.01693681 0.00964716 0.01609071 0.02609221 0.02041251 0.01044900 0.15775306 0.26866210 0.02353241 0.05900162 0.06874222 0.01403031 0.03036041 0.03692111 0.00508398 0.02043301 0.12804205
47 0.08045855 0.06784276 0.05563736 0.04493507 0.01168009 0.10950393 0.06861836 0.06318396 0.03402008 0.04106507 0.05059417 0.08020645 0.01728619 0.03536578 0.03463958 0.07768255 0.04625007 0.00843774 0.02782598 0.04476627
48 0.14774284 0.02703777 0.02178708 0.01754868 0.01949298 0.02101428 0.02759257 0.03001487 0.01451378 0.12140887 0.10646589 0.02258328 0.03399696 0.02499707 0.02238108 0.07282912 0.05697814 0.00528187 0.01520208 0.19113079
49 0.11531010 0.08212747 0.03774283 0.01861622 0.01598181 0.02366242 0.03741913 0.12767311 0.01127681 0.02455302 0.02579352 0.02770562 0.01117641 0.01010221 0.02459202 0.20712518 0.15628813 0.01125431 0.00660945 0.02499022
50 0.05546964 0.01928462 0.09825088 0.31289225 0.01036111 0.02228892 0.21143317 0.03967243 0.02387292 0.01836181 0.04073303 0.02942032 0.00221740 0.00273903 0.01037451 0.04058223 0.03380133 0.00140428 0.01058241 0.01625771
51 0.04698725 0.01090319 0.01295709 0.00493019 0.01402329 0.00877542 0.00717653 0.01490758 0.00373858 0.24116775 0.20204279 0.00651012 0.05072985 0.03840146 0.00842516 0.02221538 0.04502115 0.00308569 0.01534578 0.24265575
52 0.23149313 0.05503323 0.03070572 0.02594811 0.01022341 0.05295353 0.05507433 0.02504691 0.08963605 0.04777413 0.04609733 0.08008364 0.01412201 0.02814512 0.04045522 0.05795083 0.03773442 0.00719224 0.01979451 0.04453612
53 0.05240223 0.01724371 0.01702851 0.01176991 0.01380541 0.01547931 0.01826591 0.02260431 0.00806206 0.21178412 0.20175211 0.01297491 0.05130343 0.05876903 0.01222021 0.03020682 0.04364582 0.00432968 0.02749542 0.16885709
54 0.17078590 0.04850967 0.11230293 0.06859776 0.01622329 0.03576148 0.05880286 0.06559416 0.02104569 0.03014208 0.03589698 0.04824807 0.01105059 0.01396469 0.02274819 0.12654992 0.05176837 0.00459930 0.01121409 0.04619397
55 0.26049197 0.04120189 0.02911070 0.02986990 0.02514760 0.02912330 0.04288139 0.06924039 0.02271140 0.04602519 0.04782949 0.04249779 0.01476430 0.01900310 0.02939400 0.11586698 0.05716789 0.00619313 0.01372150 0.05775809
56 0.04074592 0.00793229 0.01073061 0.00183452 0.01299511 0.00588872 0.00342327 0.01217261 0.00162537 0.25180114 0.23908313 0.00337134 0.05379123 0.04673953 0.00616924 0.01732951 0.04165282 0.00165110 0.01505741 0.22600512
57 0.13288800 0.04901120 0.04605920 0.03463740 0.01879370 0.03310180 0.05463590 0.06257420 0.01824320 0.03155310 0.04030700 0.03715070 0.01857770 0.01674140 0.03815730 0.21239300 0.08150150 0.01093950 0.01532210 0.04741210
58 0.11112706 0.02906491 0.03071712 0.01843981 0.01849961 0.02198821 0.03211122 0.03257912 0.01895921 0.03075372 0.03703492 0.01745751 0.02013771 0.06109983 0.02313901 0.20184010 0.14615407 0.01181711 0.09760105 0.03947872
59 0.03252749 0.01518490 0.01052080 0.00346623 0.00805616 0.00758606 0.01237780 0.01726089 0.00338926 0.22151094 0.25299693 0.00460390 0.11104297 0.04412129 0.01304580 0.02553149 0.04286539 0.00208136 0.00966242 0.16216795
60 0.08108727 0.12260795 0.04485948 0.03350359 0.00762676 0.06515337 0.07098277 0.04113738 0.03417929 0.02508829 0.05209788 0.19151392 0.01570319 0.02649479 0.02743399 0.05391558 0.03645018 0.00787407 0.02276819 0.03952208
61 0.05321704 0.01670238 0.01765278 0.00749639 0.01676368 0.01393389 0.01198779 0.01964238 0.00907517 0.18635080 0.16623283 0.01237209 0.03868866 0.07759212 0.00908204 0.03478406 0.06616843 0.00577951 0.04149516 0.19498280
62 0.07526358 0.15958096 0.04349739 0.02233799 0.00325517 0.10189197 0.07419898 0.02038129 0.03241599 0.01733880 0.04341439 0.25163794 0.01447380 0.01654600 0.01408380 0.03571209 0.03915989 0.00250328 0.01072500 0.02158169
63 0.05245330 0.01702430 0.01647630 0.01135900 0.01414450 0.01491740 0.01801320 0.02285920 0.00874609 0.21278000 0.19998200 0.01346110 0.04991430 0.05794040 0.01243320 0.02997660 0.04467490 0.00454391 0.02725530 0.17104500
64 0.05555576 0.02529553 0.09835110 0.04882565 0.01328281 0.03370343 0.04393374 0.03428773 0.02075092 0.15324215 0.11183711 0.02193222 0.02936353 0.03638094 0.01769022 0.05994016 0.05291615 0.00606842 0.01671932 0.11992312
65 0.06465152 0.02813981 0.09407613 0.06689742 0.01231260 0.03304451 0.06249182 0.11151503 0.02084081 0.05822942 0.09806563 0.02526121 0.02456541 0.01445420 0.02850481 0.08749743 0.10260103 0.00369597 0.00987403 0.05328122
66 0.05563208 0.02803869 0.08270148 0.25794393 0.00827689 0.03394019 0.21658294 0.04730159 0.02427589 0.02051339 0.03801709 0.04285359 0.00439047 0.00429050 0.01215900 0.05355138 0.03352159 0.00186293 0.01032970 0.02381669
67 0.05074121 0.02607030 0.08889582 0.27459105 0.00946513 0.02892000 0.20130503 0.04042851 0.02326610 0.02011070 0.05914991 0.04392431 0.00461768 0.00530811 0.01443040 0.03929341 0.03176181 0.00214011 0.01236000 0.02322040
68 0.33619786 0.03149809 0.02306699 0.01465969 0.04606618 0.00899699 0.02036519 0.19761592 0.00393852 0.00840444 0.01152640 0.00946930 0.00617114 0.00501046 0.01191589 0.19244792 0.04483478 0.00207303 0.00408304 0.02165819
69 0.09466760 0.03900210 0.03869920 0.02773020 0.02175750 0.02774150 0.04557980 0.05277280 0.01646330 0.06787390 0.07224090 0.02935620 0.02990190 0.02504470 0.02677770 0.12274200 0.15824300 0.01218160 0.02061870 0.07060540
70 0.04060569 0.01045140 0.01146450 0.00260128 0.01148320 0.00646584 0.00604033 0.01524290 0.00195067 0.23744595 0.21822595 0.00361099 0.07570268 0.03575419 0.00950654 0.02125860 0.04481899 0.00267608 0.01118430 0.23350995
71 0.05621639 0.15789798 0.07656439 0.03740500 0.00376166 0.09298359 0.06915789 0.02735270 0.02594490 0.01265800 0.02409040 0.18976098 0.00825095 0.01255030 0.03397630 0.10090999 0.03456990 0.00359395 0.00696374 0.02539100
72 0.05415479 0.08728348 0.04362279 0.13712096 0.00407047 0.04698949 0.18666195 0.03639649 0.02242489 0.02059479 0.02789079 0.09143718 0.00474742 0.00634550 0.01837590 0.13500896 0.02563519 0.00385233 0.00670215 0.04068449
73 0.07275988 0.04805959 0.05114379 0.10861698 0.00759694 0.04635639 0.18369696 0.07106658 0.02862559 0.03002569 0.04653859 0.06257699 0.01860620 0.01497940 0.02184010 0.07815618 0.04636479 0.00671218 0.01575510 0.04052209
74 0.11798394 0.05367027 0.03894218 0.05274567 0.00876412 0.03455028 0.12822793 0.04865987 0.02203469 0.01995449 0.02251269 0.04517448 0.01522509 0.00678307 0.02849719 0.23271588 0.06774726 0.00784943 0.01033059 0.03763088
75 0.02763278 0.01460079 0.00667219 0.00464827 0.00798462 0.00936136 0.01266739 0.00745944 0.00836049 0.15249790 0.32708179 0.01245199 0.06555136 0.14990290 0.00684961 0.01601679 0.01839599 0.00583783 0.04837967 0.09764684
76 0.25991584 0.04100427 0.02836178 0.02903688 0.02539568 0.02927838 0.04339617 0.06988496 0.02325439 0.04488337 0.04782967 0.04330887 0.01556879 0.01938069 0.03111838 0.11473993 0.05762906 0.00593231 0.01403609 0.05604447
77 0.04182582 0.01420431 0.01157020 0.00541580 0.01185830 0.00820394 0.00994805 0.01275160 0.00506616 0.21299808 0.25427309 0.00994686 0.05514192 0.05571962 0.00915731 0.02123041 0.03884281 0.00351651 0.01765311 0.20067607
78 0.06198610 0.04084560 0.08736650 0.13859400 0.01063140 0.10397100 0.09941960 0.06118560 0.02584540 0.02779530 0.03082790 0.04767210 0.01286190 0.01993440 0.02065220 0.07894400 0.07956020 0.00565133 0.01041190 0.03584360
79 0.29411194 0.02575810 0.02781009 0.01217820 0.03146189 0.01021590 0.03154719 0.05486769 0.00664254 0.01417680 0.02016170 0.01387020 0.00949597 0.00466189 0.01094170 0.25186795 0.12260198 0.00356049 0.01009620 0.04397159
80 0.28823981 0.01771849 0.01880169 0.01240179 0.14497391 0.01557089 0.01082629 0.10886993 0.00750009 0.01267719 0.01552649 0.00955762 0.01732579 0.00986186 0.00887866 0.17259289 0.08459525 0.00301996 0.00590923 0.03515218
81 0.05399610 0.07877901 0.06957180 0.13395301 0.00639156 0.05234060 0.11665601 0.07378681 0.02093320 0.01864780 0.04108630 0.12945101 0.00655082 0.01556620 0.02720510 0.07195881 0.02459420 0.00728385 0.01438640 0.03686140
82 0.05035669 0.00825436 0.01313160 0.00346148 0.01503670 0.00727493 0.00581644 0.01739550 0.00277273 0.24467396 0.19593096 0.00394455 0.04947009 0.03407319 0.00646099 0.02678280 0.06012829 0.00219570 0.01366810 0.23917096
83 0.01813039 0.01891619 0.00292509 0.00639982 0.00961854 0.01335459 0.00892515 0.00944269 0.02756938 0.03913078 0.02387899 0.00975232 0.00342095 0.33620780 0.01193789 0.02125649 0.02704898 0.00578890 0.38744777 0.01884729
84 0.08403535 0.06415886 0.05874626 0.03582598 0.00922942 0.12451693 0.06627846 0.03780578 0.08702835 0.03404548 0.04737487 0.08158705 0.01358269 0.04242547 0.02599648 0.06160446 0.03958568 0.00943476 0.04093478 0.03580288
85 0.08971105 0.03126062 0.05977034 0.12781908 0.04776243 0.02823292 0.15177709 0.05268073 0.02869792 0.03031642 0.04700773 0.03167132 0.02055031 0.01954871 0.01990191 0.08047295 0.06000474 0.00933441 0.02107061 0.04240873
86 0.04198443 0.01410941 0.01184051 0.00551524 0.01152491 0.00837597 0.01071981 0.01261301 0.00518474 0.21110616 0.25577120 0.01006211 0.05556464 0.05638964 0.00865626 0.02110682 0.03904323 0.00316374 0.01740001 0.19986815
87 0.04673697 0.00971174 0.01264599 0.00399311 0.01424079 0.00766584 0.00627485 0.01479839 0.00313137 0.24383482 0.19534086 0.00574868 0.05025696 0.03579567 0.00743035 0.02149468 0.04624737 0.00284845 0.01446629 0.25733681
88 0.08263753 0.14872706 0.04193022 0.02243301 0.01231810 0.04706732 0.04457182 0.04658022 0.02162471 0.02992731 0.04237352 0.09943634 0.01708631 0.02039511 0.01967001 0.10858404 0.12823905 0.01321671 0.01457411 0.03860752
89 0.08340390 0.03415230 0.02867830 0.02436140 0.01406980 0.02502910 0.04090290 0.03662780 0.01609700 0.08468520 0.15258400 0.02547730 0.04706640 0.03064270 0.02502770 0.14871900 0.08105970 0.00680662 0.01458450 0.08002440
90 0.05580519 0.04064159 0.06076428 0.18716795 0.00478559 0.08480708 0.19970595 0.05412689 0.02402159 0.02831229 0.03629989 0.05992638 0.00560306 0.00990410 0.01300150 0.05817068 0.02798819 0.00245468 0.00863433 0.03787879
91 0.04705127 0.01022039 0.01291059 0.00470439 0.01427639 0.00890448 0.00717594 0.01476469 0.00354064 0.24265585 0.20181087 0.00605093 0.04983607 0.03871988 0.00760515 0.02161419 0.04505447 0.00290669 0.01590829 0.24428885
92 0.03816590 0.00909288 0.01014800 0.00226902 0.01174500 0.00662802 0.00564170 0.01253750 0.00158548 0.24252200 0.26111700 0.00390921 0.06118450 0.05663980 0.00696069 0.01787190 0.03847600 0.00166631 0.01524610 0.19659300
93 0.08097777 0.12030895 0.04385348 0.03564649 0.00770889 0.06453157 0.07469587 0.04085818 0.03378349 0.02529259 0.05086238 0.19056493 0.01558439 0.02548759 0.02753259 0.05705528 0.03559619 0.00813590 0.02201809 0.03950538
94 0.04135719 0.00686414 0.01075370 0.00150475 0.01341810 0.00544876 0.00257022 0.01228970 0.00107710 0.25888695 0.23287695 0.00242987 0.05246559 0.04318069 0.00596805 0.01705060 0.04297579 0.00148421 0.01447470 0.23292295
95 0.04143846 0.06940893 0.15443585 0.03760326 0.00550320 0.10545090 0.03961936 0.05116775 0.03127997 0.01382189 0.01899858 0.06961033 0.00563356 0.01424919 0.12297088 0.12419788 0.05477085 0.00399107 0.01176489 0.02408318
96 0.08312227 0.12238295 0.04633358 0.03521889 0.00772844 0.06485958 0.07138697 0.04221758 0.03359609 0.02474189 0.04931118 0.19231593 0.01572909 0.02529719 0.02751679 0.05611528 0.03621499 0.00739833 0.02137959 0.03713339
97 0.04145929 0.00685809 0.01074380 0.00157045 0.01347850 0.00554835 0.00267523 0.01229070 0.00101669 0.25826394 0.23304095 0.00245762 0.05226109 0.04326339 0.00584260 0.01705420 0.04314969 0.00149120 0.01448630 0.23304795
98 0.03074629 0.01711690 0.00943499 0.00348481 0.00620527 0.00764517 0.01331110 0.01269120 0.00404796 0.17456295 0.33452091 0.00876968 0.10061397 0.08153668 0.01072560 0.02476799 0.03119009 0.00200410 0.01111640 0.11550797
99 0.04055824 0.05507265 0.19739119 0.04051954 0.00742908 0.10932611 0.03891444 0.04914355 0.03448573 0.01794922 0.01538642 0.05531745 0.00478182 0.01362231 0.04435334 0.15627715 0.08312228 0.00300574 0.00783820 0.02550552
100 0.05816141 0.07948781 0.02294130 0.07296071 0.00342611 0.07213411 0.19002602 0.02574450 0.02622180 0.02928420 0.08584791 0.17252002 0.01011500 0.01385280 0.01650640 0.04210951 0.02430730 0.00288407 0.01198960 0.03947940
101 0.07317300 0.04728770 0.05121340 0.10827300 0.00747149 0.04629790 0.18263000 0.07056480 0.02947370 0.03044990 0.04832940 0.06333940 0.01802290 0.01537460 0.02258080 0.07660080 0.04480950 0.00701393 0.01653260 0.04056120
102 0.07375908 0.09786917 0.03212889 0.02592609 0.00763476 0.03898819 0.05549649 0.01597350 0.08292718 0.03198459 0.06011298 0.13267897 0.01348700 0.04276169 0.04074049 0.05045739 0.02114069 0.01476330 0.04728859 0.11388097
103 0.04695920 0.02432520 0.01673840 0.01823400 0.00944003 0.01646380 0.02733700 0.01915320 0.00965233 0.15729199 0.26944398 0.02423440 0.05977920 0.06985610 0.01338970 0.03005740 0.03678820 0.00483770 0.02018320 0.12583499
104 0.27836106 0.03696021 0.02684201 0.02052840 0.03795791 0.01364120 0.02743441 0.20325004 0.00555343 0.01191910 0.01613930 0.01438320 0.00863098 0.00654142 0.02163960 0.18851204 0.04873821 0.00380944 0.00563403 0.02352400
105 0.20820897 0.03563199 0.03581739 0.07943599 0.00881572 0.04372419 0.16342698 0.04500999 0.02504390 0.02948520 0.03313610 0.05112379 0.01214900 0.00996586 0.01724890 0.09198969 0.06187419 0.00344415 0.00919462 0.03527339
106 0.05561140 0.02856350 0.08263090 0.25697401 0.00811129 0.03415000 0.21667801 0.04772490 0.02426180 0.02014460 0.03755210 0.04267450 0.00428893 0.00408022 0.01243080 0.05422500 0.03304540 0.00204223 0.01029070 0.02451970
107 0.09333182 0.06597241 0.02612921 0.02871211 0.01500730 0.05015211 0.06221031 0.02985401 0.03323321 0.10570302 0.09061692 0.10999602 0.02380310 0.05176011 0.02685491 0.04186161 0.03236641 0.01015650 0.03425571 0.06802321
108 0.06633543 0.06744643 0.01940941 0.02195911 0.01237790 0.02202081 0.03341841 0.04257032 0.02544751 0.03285651 0.04522772 0.03252121 0.01811361 0.04733602 0.01939941 0.08494473 0.05883522 0.25020410 0.04819202 0.05138412
109 0.04285620 0.00661774 0.01102390 0.00172210 0.01391860 0.00570792 0.00281691 0.01242030 0.00136312 0.25814500 0.22436700 0.00290990 0.04959340 0.04022870 0.00583205 0.01711570 0.04426610 0.00161006 0.01419630 0.24328900
110 0.05359779 0.02668519 0.01589190 0.01264340 0.01397230 0.02032770 0.03494569 0.03152069 0.01299500 0.12955997 0.17965196 0.02384659 0.11741197 0.04318539 0.02295619 0.05425779 0.05803849 0.00795352 0.01669550 0.12386297
111 0.08099910 0.03776010 0.10317401 0.06037270 0.01313810 0.03496550 0.05544580 0.04984610 0.02872030 0.05144480 0.10131101 0.03466800 0.02733430 0.01683290 0.02508660 0.13577801 0.06644250 0.00452915 0.01356520 0.05858580
112 0.05838878 0.10938397 0.02629949 0.05299829 0.00478747 0.06088588 0.13851196 0.03097339 0.02859659 0.03519809 0.10291297 0.13851796 0.01823569 0.02266149 0.02049999 0.04751979 0.03039289 0.00730951 0.01785490 0.04807089
113 0.08909185 0.05090343 0.06599824 0.14237308 0.01177151 0.03748232 0.11279306 0.05671673 0.02144611 0.02038641 0.02729531 0.05304443 0.01048631 0.01036281 0.02197741 0.16955109 0.04454152 0.00612476 0.01088821 0.03676542
114 0.07893445 0.06731805 0.05710046 0.04580767 0.01110739 0.11319292 0.06779455 0.06108086 0.03433768 0.03997517 0.05175236 0.08082585 0.01745429 0.03620758 0.03354998 0.07562925 0.04618947 0.00856337 0.02852358 0.04465507
115 0.06454440 0.02847370 0.02287700 0.01855300 0.01498670 0.01955620 0.02941080 0.02223050 0.01622350 0.15390201 0.14541801 0.02552840 0.04471500 0.03808970 0.01778600 0.04629000 0.04635310 0.00908836 0.02290060 0.21307301
116 0.09751624 0.03074031 0.03325161 0.01955881 0.08377223 0.03151171 0.02437331 0.08000433 0.01696011 0.02407251 0.02802731 0.04260282 0.02239141 0.03869682 0.15047806 0.15845806 0.05440342 0.00965031 0.01811271 0.03541791
117 0.07888477 0.06835788 0.05626098 0.04585158 0.01158660 0.11335496 0.06911488 0.05945798 0.03483829 0.04049439 0.05039708 0.08140937 0.01743529 0.03493149 0.03391149 0.07564617 0.04713678 0.00839096 0.02645189 0.04608718
118 0.05229257 0.01563779 0.01354539 0.00824990 0.01202309 0.01036399 0.02817458 0.06242367 0.00880106 0.17207591 0.14333892 0.00810124 0.09646735 0.01994159 0.01351789 0.06515606 0.11570794 0.00505072 0.00841543 0.14071492
119 0.04762801 0.02550150 0.01710100 0.01929210 0.00950490 0.01653100 0.02837880 0.02149280 0.01018670 0.15474302 0.26621604 0.02479670 0.05893811 0.06919241 0.01355270 0.03087650 0.03767601 0.00473095 0.01945570 0.12420502
120 0.26030601 0.04209980 0.02882920 0.02963170 0.02554190 0.02959400 0.04224360 0.06994350 0.02328340 0.04453720 0.04787080 0.04410650 0.01477440 0.01891860 0.03111970 0.11516900 0.05611640 0.00625616 0.01343730 0.05622080
121 0.26163414 0.04054882 0.02951802 0.02936692 0.02533231 0.02862812 0.04216362 0.06891794 0.02338931 0.04485522 0.04846883 0.04238012 0.01476311 0.01872481 0.03066362 0.11664506 0.05782913 0.00621406 0.01379161 0.05616523
122 0.13487306 0.04569732 0.03971192 0.03163871 0.01988101 0.02598921 0.04337952 0.28482613 0.01112460 0.02041401 0.02304501 0.02485821 0.01246151 0.01123780 0.03865932 0.14347306 0.05257982 0.00675134 0.00717512 0.02222331
123 0.06583966 0.02812798 0.02418569 0.01094029 0.01442359 0.01617949 0.03147998 0.11913193 0.01253279 0.11315993 0.07202756 0.01102829 0.03527808 0.01847569 0.01284619 0.11507293 0.21166387 0.00781199 0.00803001 0.07176406
124 0.03956760 0.01021330 0.01125120 0.00230902 0.01142460 0.00629649 0.00550239 0.01473140 0.00183345 0.24000700 0.22610200 0.00361003 0.07254950 0.03864540 0.00891837 0.02067080 0.04434720 0.00225817 0.01193810 0.22782400
125 0.04531631 0.01212850 0.01218050 0.00475677 0.01389890 0.00822843 0.00878815 0.01374080 0.00554167 0.22601803 0.21524903 0.00856181 0.04902991 0.04093881 0.00884693 0.02094280 0.04375711 0.00373771 0.01764280 0.24069503
126 0.12973401 0.02601100 0.01485210 0.01236610 0.03010440 0.01960960 0.04781040 0.03375710 0.01426990 0.07278220 0.08179240 0.02623970 0.10376401 0.01531140 0.01734790 0.10148101 0.13852901 0.00626974 0.01071970 0.09724831
127 0.08075044 0.05006082 0.07568993 0.04575062 0.01310541 0.08117854 0.05103382 0.16498007 0.02031261 0.01929611 0.02472951 0.04076342 0.01114781 0.01568271 0.05913293 0.15277607 0.05323932 0.00833282 0.00906433 0.02297271
128 0.05959408 0.14121995 0.13886695 0.05862958 0.00655925 0.06338918 0.04055589 0.05486458 0.03021509 0.01611119 0.02639369 0.12042996 0.00881591 0.01739089 0.03651209 0.09041587 0.03840269 0.00665418 0.01109980 0.03387919
129 0.03584800 0.01166260 0.00969863 0.00386259 0.00986311 0.00773084 0.00957147 0.01185730 0.00282719 0.21880899 0.28912099 0.00659398 0.06736100 0.06996170 0.00767388 0.01883110 0.03434480 0.00177264 0.01459220 0.16801699
130 0.14703306 0.02737171 0.02244291 0.01885961 0.01887811 0.02152261 0.02776691 0.02953221 0.01515771 0.12049905 0.10649305 0.02339911 0.03438212 0.02436461 0.02231531 0.07161543 0.05711533 0.00575706 0.01425801 0.19123608
131 0.08270252 0.15151305 0.04465411 0.03688881 0.00985730 0.04780351 0.05363472 0.07113242 0.02780451 0.03151251 0.05186182 0.10603803 0.01753131 0.03035291 0.02670321 0.07970642 0.04368611 0.01489530 0.02529631 0.04642511
132 0.04198698 0.01436259 0.01175339 0.00537740 0.01167689 0.00843887 0.00991174 0.01287259 0.00533477 0.21231389 0.25394787 0.01007009 0.05510417 0.05636237 0.00860678 0.02095799 0.03900748 0.00340224 0.01808799 0.20042390
133 0.06356998 0.03488389 0.08647137 0.23983592 0.01077750 0.03584669 0.14999095 0.06535798 0.02395319 0.02443999 0.04160289 0.04099469 0.00702091 0.01390640 0.01760639 0.05842618 0.03449099 0.00584851 0.01609459 0.02888099
134 0.06113226 0.01837622 0.01253601 0.00693661 0.01570081 0.01249801 0.01087671 0.01189921 0.01332901 0.18616117 0.20064818 0.01584531 0.03400563 0.06636616 0.01091111 0.02344802 0.03954064 0.01045091 0.05899085 0.19034717
135 0.11227298 0.02996279 0.01958160 0.02048080 0.01236580 0.02513979 0.03268309 0.02671449 0.01586270 0.12883897 0.20878896 0.03371999 0.04173709 0.04336269 0.01595760 0.04676759 0.04858919 0.00398810 0.01612680 0.11705898
136 0.03027120 0.05801059 0.01575810 0.01831990 0.01188130 0.02062800 0.02236980 0.01549490 0.05254899 0.04756360 0.10380899 0.05215579 0.01884590 0.11590499 0.02325550 0.01967750 0.01472630 0.08023869 0.16921998 0.10931999
137 0.04656696 0.02487858 0.01714018 0.01878048 0.00994852 0.01708488 0.02657888 0.02079018 0.01024779 0.15645485 0.26571375 0.02329508 0.05839015 0.06980333 0.01330559 0.03084857 0.03736426 0.00522671 0.02106638 0.12651488
138 0.03806878 0.02779109 0.01446979 0.01292299 0.01311019 0.02113149 0.01740009 0.02225069 0.02287359 0.09051705 0.12867094 0.02301919 0.02680849 0.21050689 0.01471339 0.02937749 0.02907409 0.01086339 0.18092391 0.06550647
139 0.07824761 0.04726000 0.04395870 0.04538720 0.01194770 0.03053790 0.05670610 0.40168203 0.01321720 0.02537960 0.02823800 0.02929570 0.01145850 0.01524110 0.02692870 0.06187600 0.03257240 0.00572352 0.01075590 0.02358610
140 0.02420631 0.01120010 0.00512310 0.00321282 0.00563034 0.00598664 0.01146370 0.00546109 0.00376912 0.16029705 0.38136511 0.00784176 0.07780282 0.14341404 0.00487677 0.01435670 0.01511920 0.00345377 0.02171011 0.09370943
141 0.16443606 0.02903981 0.02322031 0.01795301 0.03467981 0.02254141 0.04060731 0.05667402 0.01357030 0.04208881 0.05959892 0.02240541 0.08694733 0.01321360 0.03073171 0.17255006 0.09134043 0.00608976 0.01146990 0.06084202
142 0.06511672 0.02899811 0.02273481 0.01774750 0.01493200 0.01925441 0.02986111 0.02221811 0.01552910 0.15453404 0.14685604 0.02431341 0.04534631 0.03722541 0.01761360 0.04633201 0.04669841 0.00808584 0.02178601 0.21481706
143 0.07618483 0.04862452 0.04329322 0.04486122 0.01138970 0.03033631 0.05654832 0.40696315 0.01303250 0.02642611 0.02874111 0.02961101 0.01106830 0.01508221 0.02558811 0.06130292 0.03320251 0.00458233 0.01002030 0.02314131
144 0.12097513 0.07201778 0.05886556 0.11062412 0.00843422 0.03852414 0.09541800 0.05062605 0.01611102 0.01695662 0.02391083 0.10121211 0.00709172 0.01142621 0.02719013 0.15640617 0.03316874 0.00588126 0.00768606 0.03747414
145 0.28572714 0.03600092 0.02770781 0.01976051 0.03679942 0.01326061 0.02676831 0.19198109 0.00527132 0.01132111 0.01524831 0.01360671 0.00829624 0.00616274 0.01891201 0.20004610 0.05009692 0.00412484 0.00516658 0.02374131
146 0.03842671 0.00811730 0.00991885 0.00178175 0.01208420 0.00551767 0.00370775 0.01138270 0.00125980 0.24583505 0.25551306 0.00325497 0.05653811 0.05273601 0.00621131 0.01672740 0.03911651 0.00160868 0.01461310 0.21564905
147 0.25399075 0.03682426 0.03395137 0.01935118 0.02207458 0.01581428 0.03324747 0.06238014 0.00804659 0.01353089 0.01905098 0.01970048 0.00907423 0.00558422 0.02038388 0.28680272 0.08416312 0.00491731 0.01107989 0.04003166
148 0.06305348 0.03637719 0.04483968 0.06569058 0.00775689 0.03863689 0.12476896 0.21602392 0.02404509 0.07161147 0.04544138 0.02983289 0.02266559 0.01953729 0.01788849 0.06371478 0.05429118 0.00839076 0.01251250 0.03292099
149 0.03828248 0.00905899 0.01011660 0.00213311 0.01151289 0.00664698 0.00566035 0.01213169 0.00177852 0.24283189 0.26230488 0.00378875 0.06104307 0.05668168 0.00697667 0.01802409 0.03824338 0.00167167 0.01457439 0.19653791
150 0.03000928 0.01368369 0.00906105 0.00236751 0.00730784 0.00589111 0.00901128 0.01291649 0.00201626 0.21328684 0.30253478 0.00411881 0.09513093 0.06427815 0.01065209 0.02140898 0.03396248 0.00137394 0.01042259 0.15056589
151 0.06286613 0.02618311 0.03050391 0.01888031 0.01092951 0.03124451 0.03534362 0.13677206 0.00960194 0.01250791 0.02443351 0.02520301 0.01471151 0.00991292 0.35231016 0.11052505 0.05483683 0.00550148 0.01188661 0.01584591
152 0.08099922 0.15251003 0.04533401 0.03559251 0.00976920 0.04781301 0.05203841 0.07248071 0.02840071 0.03188101 0.05146381 0.10691102 0.01700690 0.03161461 0.02624531 0.07850592 0.04236831 0.01592220 0.02575321 0.04738991
153 0.07988943 0.03930591 0.03752841 0.02347101 0.00962965 0.03721051 0.03899161 0.07276112 0.01985931 0.02941841 0.04166881 0.03895081 0.01857231 0.02140731 0.27063209 0.10053303 0.05038982 0.00745621 0.02374211 0.03858211
154 0.03526260 0.01348830 0.01132050 0.00707929 0.01369130 0.01292600 0.01332050 0.01075950 0.00891445 0.17390298 0.22284198 0.01130920 0.04431030 0.15647798 0.00859865 0.01848240 0.02784650 0.00511121 0.08861339 0.11574299
155 0.20951301 0.03338870 0.03127650 0.02330850 0.02415320 0.01991700 0.03121370 0.14567701 0.00965531 0.03425960 0.07107120 0.01646320 0.02092940 0.01011600 0.02366000 0.17271801 0.06854260 0.00529772 0.00786873 0.04097060
156 0.07015978 0.05365229 0.13545297 0.08852168 0.01132160 0.04906269 0.06929478 0.07259498 0.03059499 0.03904749 0.04607549 0.05472779 0.01240730 0.01914810 0.03113449 0.09467718 0.05280949 0.00548684 0.01475820 0.04907189
157 0.03341000 0.01315560 0.00959847 0.00212366 0.00857466 0.00549560 0.00615513 0.01173270 0.00175758 0.21343303 0.29187104 0.00406555 0.08186991 0.05997191 0.00893383 0.01954120 0.03523370 0.00179019 0.01187420 0.17941202
158 0.03164119 0.03659049 0.01762689 0.04256519 0.01177120 0.02439119 0.01907549 0.02141249 0.03426169 0.04465359 0.05142158 0.02962279 0.00863032 0.23186593 0.01829129 0.02624109 0.02136969 0.02789299 0.25920892 0.04146599
159 0.04509828 0.00672924 0.01174469 0.00228831 0.01425019 0.00624358 0.00321380 0.01376139 0.00157806 0.25876687 0.20822289 0.00314191 0.04887747 0.03668798 0.00609459 0.01871949 0.04613898 0.00189053 0.01412189 0.25242987
160 0.05932886 0.16360390 0.10823993 0.03414618 0.00340526 0.09674764 0.03431718 0.03468788 0.02924778 0.00925848 0.02412089 0.22373686 0.00978080 0.01397409 0.02750128 0.06026426 0.03907028 0.00224607 0.00811128 0.01821109
161 0.04760731 0.04961311 0.02413630 0.01882590 0.01269900 0.02221930 0.03112681 0.01821270 0.04813671 0.05931541 0.09070252 0.05224601 0.01847030 0.09688912 0.06793421 0.03651461 0.02296270 0.02337090 0.13934903 0.11966802
162 0.03340918 0.03048348 0.01438659 0.01704909 0.01189539 0.02127539 0.02235638 0.01939959 0.03461308 0.05158906 0.05329896 0.02578788 0.01042239 0.22667384 0.01926699 0.03258988 0.02840258 0.01448219 0.28829780 0.04432027
163 0.24366502 0.04143950 0.02680550 0.02658660 0.03210580 0.01833260 0.03148070 0.34123603 0.00683202 0.01252400 0.01486490 0.01484620 0.00627194 0.00952811 0.01258850 0.10983301 0.02912390 0.00247189 0.00456365 0.01490010
164 0.04466470 0.00733980 0.01169650 0.00252051 0.01428370 0.00688779 0.00353272 0.01349700 0.00186973 0.25846899 0.21351999 0.00328754 0.04948830 0.03896330 0.00625668 0.01873610 0.04530350 0.00195436 0.01500180 0.24272699
165 0.05260108 0.02888519 0.11970996 0.28173690 0.01070210 0.02940519 0.16328394 0.06271608 0.02477479 0.01886329 0.03850449 0.03467969 0.00288298 0.00816008 0.01375100 0.04486568 0.03227929 0.00183158 0.01119320 0.01917349
166 0.04492939 0.01311950 0.01142620 0.00465006 0.01194530 0.00831616 0.01883740 0.02385870 0.00588683 0.21231497 0.19542898 0.00673026 0.09370229 0.03017840 0.01090080 0.03897930 0.07852049 0.00310371 0.01062130 0.17654998
167 0.10093993 0.06684795 0.05971406 0.04695497 0.01467699 0.03565377 0.05401226 0.12082891 0.01550959 0.01328249 0.01816849 0.08637124 0.01056309 0.01400669 0.05133816 0.20162385 0.04603557 0.00841810 0.00844180 0.02661208
168 0.06243040 0.08762499 0.03497870 0.03795400 0.00903246 0.04036290 0.06943550 0.02256860 0.03891640 0.04079020 0.06977020 0.12293499 0.01845290 0.03539660 0.03567520 0.05784670 0.02742940 0.01396030 0.03193460 0.14250499
169 0.07857899 0.06705729 0.05632679 0.04413679 0.01118130 0.11173799 0.06964609 0.05932179 0.03430070 0.04144279 0.05245359 0.07985229 0.01809030 0.03652260 0.03299910 0.07598889 0.04681669 0.00877543 0.02797430 0.04679629
170 0.03546690 0.02491200 0.01097560 0.00655205 0.00979301 0.01129390 0.01425440 0.01297060 0.01166040 0.15899802 0.26266704 0.02145380 0.06773011 0.08768841 0.01101580 0.02346600 0.03166390 0.01071090 0.05277011 0.13395702
171 0.08016195 0.15084791 0.04570787 0.03634238 0.00922010 0.04788277 0.05452127 0.07472445 0.02771568 0.03152498 0.05210617 0.10984993 0.01728849 0.03025518 0.02509998 0.07869495 0.04248157 0.01381549 0.02445489 0.04730397
172 0.03558250 0.01408620 0.02083280 0.00361318 0.00968677 0.00761890 0.00842803 0.01694520 0.00328006 0.22679503 0.25208004 0.00446723 0.08748801 0.03804401 0.01191980 0.02427620 0.03964561 0.00195799 0.01064240 0.18261003
173 0.06377321 0.03477841 0.08730652 0.24168205 0.01060650 0.03526491 0.15078303 0.06647121 0.02332310 0.02379400 0.04174281 0.04028981 0.00723201 0.01347870 0.01734650 0.05756211 0.03459671 0.00575759 0.01643180 0.02777901
174 0.07152671 0.04722591 0.05227091 0.10939302 0.00719321 0.04675271 0.18227203 0.07447521 0.02914431 0.02976071 0.04642141 0.06242181 0.01705190 0.01513770 0.02262190 0.07658971 0.04591541 0.00672630 0.01584020 0.04125891
175 0.05385479 0.06266269 0.07771459 0.18557497 0.00753693 0.04399869 0.13027298 0.06956249 0.02076260 0.01922860 0.04166939 0.09689028 0.00561131 0.01386980 0.02380790 0.06629219 0.02511820 0.00627162 0.01484820 0.03445179
176 0.07261881 0.04598720 0.05216760 0.09656711 0.00840487 0.03247420 0.06428660 0.06184420 0.01675040 0.01935240 0.03806090 0.04721760 0.01191110 0.01452570 0.22522102 0.08185051 0.04668510 0.00654176 0.01921960 0.03831330
177 0.04443113 0.01479611 0.01298201 0.00588796 0.01297501 0.00879630 0.01073811 0.01359481 0.00650205 0.21669215 0.22514716 0.01115321 0.05082484 0.04596143 0.00949081 0.02215482 0.04226793 0.00426371 0.01886931 0.22247115
178 0.21627503 0.01551100 0.01744710 0.01277480 0.12612202 0.01812260 0.01244900 0.05193391 0.00969200 0.06209761 0.05560811 0.01141410 0.02547520 0.01704790 0.00990597 0.10329301 0.09753351 0.00464620 0.01178090 0.12087002
179 0.06177557 0.05413638 0.03680038 0.08194556 0.00390922 0.10173895 0.22571090 0.04650748 0.02935389 0.03410518 0.04416968 0.08587156 0.01087150 0.01391049 0.01628579 0.06453907 0.03222979 0.00401203 0.01035130 0.04177528
