1 0.05101630 0.01242070 0.02229310 0.00688607 0.01078870 0.01774930 0.00951169 0.01667090 0.00885610 0.16962201 0.28354901 0.00741501 0.03928760 0.04339880 0.01159130 0.02725380 0.02654210 0.01089730 0.01780820 0.20644201
2 0.06268814 0.04179343 0.03797942 0.03959402 0.01897911 0.03593682 0.06253104 0.07239235 0.01220591 0.04471053 0.06064774 0.04455903 0.02410092 0.02218281 0.22157314 0.06053014 0.04889323 0.00590240 0.00911938 0.07368045
3 0.03173379 0.04860128 0.07702157 0.16302393 0.00864185 0.02580049 0.13082695 0.20932892 0.01305389 0.02421599 0.03127689 0.07561487 0.00508221 0.02650459 0.02864099 0.04438798 0.01966119 0.00371024 0.01281139 0.02006099
4 0.05904589 0.02677699 0.03433259 0.01294200 0.01531520 0.02776819 0.02585150 0.03680299 0.01721040 0.12258198 0.14071597 0.02060450 0.03426479 0.03395399 0.02736569 0.04779689 0.03725679 0.00881929 0.01981040 0.25078395
5 0.05757189 0.09359449 0.05602619 0.05269459 0.00650575 0.06191399 0.07227059 0.04729739 0.02060690 0.02934120 0.06435599 0.21726997 0.01838030 0.02822770 0.02744030 0.04749419 0.04186289 0.00626798 0.01775930 0.03311840
6 0.06971477 0.03336239 0.03386519 0.03151119 0.01561809 0.02234919 0.04408378 0.22602090 0.01127440 0.15277793 0.05015068 0.02702269 0.01573839 0.02010739 0.02318169 0.12874694 0.04309648 0.00460790 0.00706983 0.03970018
7 0.12977299 0.03590380 0.03725470 0.02981080 0.01993960 0.03208180 0.04929510 0.07029419 0.01877530 0.02549280 0.05727989 0.02911860 0.02606480 0.02565680 0.02356240 0.24076798 0.07462799 0.01328920 0.01080410 0.05020719
8 0.04481919 0.01045990 0.01292770 0.00642764 0.01057070 0.01615890 0.00862220 0.01404240 0.00548099 0.26602293 0.26707893 0.00850184 0.04607039 0.04245329 0.00573071 0.01760100 0.01869640 0.00130617 0.01688980 0.18013895
9 0.04841163 0.05387304 0.04107143 0.04435013 0.01209591 0.03766242 0.05117623 0.04860673 0.01747281 0.13641109 0.07486265 0.15959210 0.03154242 0.02808892 0.04278343 0.03964563 0.04851883 0.00459875 0.01411461 0.06512124
10 0.02669031 0.02182121 0.02461741 0.01278550 0.00670162 0.01442871 0.01686221 0.02033501 0.04101482 0.05191792 0.05172792 0.02213601 0.03244911 0.24065409 0.00684202 0.02298291 0.02829051 0.00979338 0.30097711 0.04697222
11 0.04495632 0.02816231 0.05667923 0.05725823 0.00504275 0.01738091 0.01851111 0.06176903 0.02131621 0.02352001 0.04004392 0.11225205 0.00811396 0.21364610 0.00730233 0.02285281 0.01954711 0.01827941 0.20756910 0.01579711
12 0.04597989 0.01637780 0.02569740 0.02496310 0.00989035 0.01731100 0.03015080 0.02578730 0.03380109 0.06142919 0.06404579 0.02523670 0.03106960 0.24583696 0.01280060 0.03949309 0.03258660 0.01142240 0.19092497 0.05519539
13 0.02473400 0.03411209 0.11842698 0.20728897 0.00944426 0.02062760 0.11074998 0.17004797 0.01699680 0.02409000 0.02887480 0.09709109 0.00275772 0.03062260 0.01666820 0.04116909 0.01621110 0.00367197 0.01372020 0.01269460
14 0.06814858 0.03038799 0.04861788 0.20923294 0.01090700 0.03251579 0.17953694 0.04977088 0.03037619 0.02755419 0.03037749 0.06232198 0.00476485 0.08557337 0.01421580 0.04852808 0.02354179 0.00494496 0.02194319 0.01674009
15 0.06987833 0.20554908 0.04638692 0.03980682 0.01274310 0.05503562 0.05512782 0.05945372 0.01846781 0.02638751 0.06648843 0.09270294 0.02439231 0.02070791 0.02898721 0.06313472 0.04263202 0.00728102 0.01867751 0.04615922
16 0.07280983 0.03688402 0.02998451 0.03208881 0.01486331 0.02115861 0.05962402 0.33754414 0.01180240 0.03785472 0.05274672 0.03180371 0.01636771 0.01978481 0.03436061 0.08076033 0.04862742 0.00509879 0.01145230 0.04438322
17 0.03598323 0.00740846 0.01315581 0.00330494 0.01344481 0.01647411 0.00762423 0.01867811 0.00588437 0.29895824 0.18893515 0.00900427 0.03052602 0.03130153 0.01407931 0.01481711 0.02487982 0.00156836 0.01558191 0.24839020
18 0.06264718 0.22818194 0.04802779 0.03455249 0.01081170 0.11706797 0.04963269 0.04054639 0.01936480 0.01936010 0.04780899 0.13025297 0.01471160 0.01706420 0.02110899 0.04950289 0.03344239 0.00380595 0.01764060 0.03446839
19 0.06621510 0.03172900 0.04574850 0.07599980 0.00852622 0.03199670 0.23590500 0.21600900 0.01070240 0.02138980 0.02802760 0.03725550 0.00900619 0.01594310 0.03636830 0.06090260 0.02616190 0.00402714 0.00748223 0.03060390
20 0.05094559 0.02693860 0.02277210 0.01216610 0.00850518 0.01303060 0.02078170 0.04816879 0.00635534 0.03504619 0.25037096 0.02435010 0.15026298 0.01423840 0.10716898 0.05382309 0.07250789 0.00369924 0.00378599 0.07508219
21 0.12898908 0.03549662 0.03711242 0.03054822 0.01977861 0.03098892 0.04798583 0.06926054 0.01915951 0.02499751 0.05773473 0.02804082 0.02634152 0.02598012 0.02452131 0.24153414 0.07596985 0.01395451 0.01140681 0.05019893
22 0.05579446 0.03078688 0.02921628 0.02365648 0.01018879 0.02485878 0.02632418 0.03363357 0.01235309 0.11764491 0.26741779 0.03158317 0.04379626 0.03844547 0.01858639 0.04430006 0.03602667 0.01160279 0.02134308 0.12244090
23 0.05804938 0.13560495 0.05295798 0.02286629 0.00495978 0.12679396 0.06891468 0.01960419 0.02003639 0.01835089 0.04154049 0.25782491 0.01620349 0.01227370 0.02424919 0.03760669 0.03951039 0.00359801 0.00910006 0.02995459
24 0.07349051 0.03719401 0.03030931 0.03248541 0.01418240 0.02162280 0.06055811 0.33494707 0.01170960 0.03737491 0.05188251 0.03172781 0.01581320 0.01958760 0.03426451 0.08080072 0.04885431 0.00552080 0.01135010 0.04632431
25 0.04540739 0.01509620 0.02151899 0.01688850 0.01215120 0.01992919 0.02198469 0.03464129 0.01008210 0.27200793 0.16215996 0.01891120 0.03478789 0.04699459 0.01828410 0.02752849 0.03151309 0.00283746 0.02869379 0.15858196
26 0.29120906 0.03272661 0.02686371 0.03787491 0.01899400 0.02598081 0.04511231 0.06458681 0.02070300 0.03842211 0.06047531 0.03021781 0.01762060 0.02516151 0.02074890 0.11732002 0.05477761 0.00575950 0.01073970 0.05470571
27 0.04412953 0.02209722 0.01350251 0.00487871 0.00918671 0.01575811 0.01447091 0.01658941 0.00908341 0.19072814 0.19391214 0.01982791 0.16185712 0.05663404 0.01334041 0.03367302 0.03068432 0.00186415 0.03908413 0.10869808
28 0.07408107 0.04377068 0.03967039 0.08492247 0.01011540 0.04183938 0.22740992 0.07984767 0.02079779 0.02847179 0.04569218 0.05756328 0.01565969 0.02797469 0.03679999 0.07006927 0.03736279 0.00626987 0.01260560 0.03907609
29 0.03474758 0.00715227 0.01329629 0.00272867 0.01360679 0.01587849 0.00705563 0.01910709 0.00582553 0.30189381 0.18101988 0.00848328 0.02894108 0.02875898 0.01372739 0.01515169 0.02501808 0.00161535 0.01398429 0.26200783
30 0.04239521 0.03964871 0.02632131 0.05551672 0.00724472 0.10102303 0.24842807 0.05517672 0.02231051 0.09790273 0.05189042 0.04457041 0.01610650 0.02516381 0.03796741 0.04652741 0.03061281 0.00371237 0.00696092 0.04052021
31 0.07355991 0.03632831 0.02991490 0.03180171 0.01494390 0.02101140 0.05969451 0.33817605 0.01176120 0.03865701 0.05277651 0.03169571 0.01606540 0.01896440 0.03307801 0.08171561 0.04847811 0.00526074 0.01099200 0.04512461
32 0.05733319 0.02691529 0.03364329 0.01309370 0.01442650 0.02750989 0.02566649 0.03819899 0.01715910 0.12177397 0.14354596 0.02051839 0.03380699 0.03407779 0.02679539 0.04777859 0.03673569 0.00926655 0.01993930 0.25181494
33 0.04503628 0.00736919 0.01059410 0.00340187 0.01027150 0.01522389 0.00570019 0.00927469 0.00440911 0.26803488 0.28729287 0.00469799 0.04665188 0.04324378 0.00346290 0.01387809 0.01552759 0.00093520 0.01595309 0.18904092
34 0.06728687 0.21943789 0.04041448 0.03155988 0.01179139 0.09941945 0.04145018 0.05555347 0.01458859 0.01655269 0.04366068 0.09100506 0.01190529 0.01595799 0.10456895 0.04280568 0.02664189 0.00322218 0.01545659 0.04672078
35 0.01536530 0.00463390 0.01562410 0.00950974 0.00466185 0.00526603 0.01289780 0.01210380 0.04502331 0.04443051 0.01655380 0.01174410 0.03954421 0.33129908 0.00293129 0.01574300 0.02798251 0.00411996 0.34565508 0.03491061
36 0.08688724 0.03719632 0.03977122 0.03119982 0.01711721 0.04083532 0.05289483 0.03765512 0.11108706 0.03734982 0.06211633 0.04373922 0.01990021 0.08013004 0.01814201 0.07332344 0.05452203 0.01308051 0.07390524 0.06914703
37 0.12691897 0.03574899 0.03751269 0.02940959 0.02016280 0.03177429 0.04827559 0.07068169 0.01924630 0.02518339 0.05859959 0.02886649 0.02570459 0.02531249 0.02424960 0.24053395 0.07664728 0.01369580 0.01050320 0.05097269
38 0.02573230 0.02198220 0.02409380 0.01230640 0.00660464 0.01492650 0.01706090 0.01967070 0.04055130 0.05164150 0.05307510 0.02157440 0.03269270 0.24169300 0.00678438 0.02303690 0.02756910 0.00989787 0.30103700 0.04806930
39 0.05046327 0.18584390 0.12162293 0.02505049 0.01230519 0.06389367 0.03715318 0.02882868 0.07191466 0.01488439 0.07013756 0.08042366 0.01193519 0.02233699 0.01676569 0.04078138 0.02648249 0.00900224 0.06687786 0.04329658
40 0.01568360 0.00513631 0.01593060 0.00950519 0.00460274 0.00558816 0.01267360 0.01210450 0.04498690 0.04437350 0.01627820 0.01218150 0.03952050 0.33148503 0.00282674 0.01519580 0.02790750 0.00400857 0.34528903 0.03472200
41 0.07122208 0.06930448 0.04511799 0.04360399 0.01646820 0.13692996 0.06066278 0.04082189 0.02569879 0.04829099 0.07349638 0.07884788 0.02002409 0.02865499 0.02931789 0.06905928 0.04259069 0.00849156 0.01897000 0.07242608
42 0.30967899 0.01756290 0.02487820 0.01643230 0.02009810 0.01753460 0.04420530 0.06570880 0.01388780 0.01025040 0.02661300 0.01309290 0.01595170 0.01703170 0.01897620 0.26725999 0.05337660 0.00342760 0.00440722 0.03962570
43 0.02588011 0.02225641 0.02413691 0.01223281 0.00684746 0.01440121 0.01688861 0.01921511 0.04090052 0.05146183 0.05243303 0.02157391 0.03275842 0.24329813 0.00650000 0.02239151 0.02762161 0.01000821 0.30193916 0.04725503
44 0.05622029 0.03010079 0.02955849 0.02395210 0.01062370 0.02508899 0.02693939 0.03373989 0.01286060 0.11754498 0.26604395 0.03211399 0.04356879 0.03842999 0.01786990 0.04443359 0.03587239 0.01150550 0.02094870 0.12258398
45 0.04682374 0.01646551 0.02563632 0.02451042 0.00974942 0.01818422 0.03004153 0.02553232 0.03421263 0.06186696 0.06604516 0.02547692 0.03104133 0.24358022 0.01258431 0.03850203 0.03246013 0.01158311 0.18947517 0.05622855
46 0.05639329 0.03150699 0.02918979 0.02280840 0.01016460 0.02460850 0.02553589 0.03323169 0.01255010 0.11802498 0.26725395 0.03107449 0.04430549 0.03869919 0.01778110 0.04496459 0.03652539 0.01213770 0.02086990 0.12237398
47 0.07220194 0.06950564 0.04409492 0.04115112 0.01615581 0.13669907 0.05922403 0.04094212 0.02509741 0.04917873 0.07504534 0.07964634 0.02048021 0.02866571 0.02913081 0.07093764 0.04283732 0.00938319 0.01838251 0.07124014
48 0.05241361 0.02343100 0.03396911 0.01465170 0.08876832 0.02734321 0.01818840 0.03599111 0.02469550 0.10912402 0.11436102 0.01630510 0.02895881 0.02317560 0.02968631 0.05177691 0.02814941 0.00650750 0.01259430 0.25990905
49 0.07691995 0.02989528 0.02546338 0.01135159 0.01495039 0.03413248 0.03581368 0.06959606 0.07176715 0.01210019 0.04099507 0.01654869 0.01503039 0.02529688 0.00896651 0.27409983 0.17525689 0.01660779 0.00915280 0.03605498
50 0.10502695 0.02695149 0.04431248 0.31510386 0.01017630 0.02535619 0.17930692 0.03872458 0.01908179 0.02032809 0.03589058 0.05537078 0.00309328 0.01654009 0.01334089 0.05089278 0.02218639 0.00274664 0.00330291 0.01226699
51 0.05095322 0.05788352 0.04026412 0.02107801 0.01159920 0.05866282 0.03352791 0.03627021 0.03086981 0.04769672 0.05281772 0.12866505 0.02443411 0.01795951 0.03925562 0.04416362 0.03970572 0.01005160 0.01101340 0.24312810
52 0.04899760 0.03325820 0.04520390 0.03279470 0.02203920 0.02658820 0.04437260 0.21712899 0.08968210 0.02411120 0.04910610 0.03335870 0.01409440 0.03285880 0.02507740 0.11310600 0.06495360 0.00934433 0.02531510 0.04860890
53 0.04681476 0.01540909 0.02186658 0.01599569 0.01305379 0.02083868 0.02173238 0.03476147 0.01060499 0.26987175 0.16161685 0.01964618 0.03558377 0.04578706 0.01819718 0.02798397 0.03229147 0.00284741 0.02744708 0.15764986
54 0.20941496 0.05455549 0.13189997 0.03257749 0.01694170 0.03556679 0.04027139 0.03788729 0.02232930 0.02871049 0.05630409 0.04594609 0.01691310 0.02512099 0.02606369 0.09653408 0.04172349 0.00603071 0.01114080 0.06406809
55 0.29359691 0.03238299 0.02824869 0.03779949 0.01819279 0.02623309 0.04460289 0.06413408 0.02037799 0.03775539 0.05948698 0.03090849 0.01733879 0.02500249 0.02101269 0.11840997 0.05466638 0.00534749 0.01029840 0.05420398
56 0.03407699 0.00566072 0.01243880 0.00303250 0.01304410 0.01571440 0.00651282 0.01865619 0.00450741 0.32890990 0.18228195 0.00725358 0.02869549 0.03109839 0.01379240 0.01413760 0.02616819 0.00134797 0.01579670 0.23687393
57 0.13107105 0.03468471 0.03719891 0.02926131 0.02083501 0.03061111 0.04824682 0.06892693 0.01892991 0.02474241 0.05814902 0.02840801 0.02584331 0.02633731 0.02252311 0.24349410 0.07535903 0.01374071 0.01145590 0.05018132
58 0.08407165 0.02694288 0.03553718 0.01267939 0.01124379 0.02620008 0.02668418 0.03795818 0.02081779 0.07960205 0.10708294 0.02195019 0.03417008 0.03220768 0.03098618 0.06756846 0.13082592 0.01383739 0.01997109 0.17966289
59 0.04336583 0.02096181 0.01172641 0.00410425 0.00874782 0.01414931 0.01184591 0.01485821 0.00683988 0.21935713 0.19863712 0.01836651 0.17533210 0.04479553 0.01211891 0.03134252 0.02854602 0.00148297 0.02537271 0.10804906
60 0.05739058 0.09134627 0.05604348 0.05450288 0.00669433 0.06048038 0.07211498 0.04741518 0.02042989 0.02997239 0.06427208 0.21719993 0.01852039 0.02890619 0.02795209 0.04699878 0.04119719 0.00647700 0.01887769 0.03320829
61 0.04800711 0.01521120 0.01233310 0.00363046 0.00808772 0.01246070 0.00933239 0.01157580 0.00883741 0.17547805 0.27490409 0.00826163 0.10133603 0.08060322 0.00894289 0.02753981 0.02147161 0.00366669 0.03518501 0.13313504
62 0.06402579 0.12628499 0.05049870 0.02225150 0.00592991 0.14257399 0.06102150 0.02044550 0.02358510 0.02151470 0.04365730 0.22636298 0.01669470 0.01468640 0.02407470 0.03960520 0.03970550 0.00479347 0.01172930 0.04055880
63 0.04654109 0.01503120 0.02115689 0.01523810 0.01241700 0.01984980 0.02096729 0.03560609 0.01073940 0.27196293 0.16191396 0.01926920 0.03493309 0.04607159 0.01831340 0.02786839 0.03240729 0.00267814 0.02823619 0.15879896
64 0.06466267 0.05340777 0.15515292 0.05571297 0.01429319 0.04004048 0.05198977 0.04956278 0.02165269 0.04188118 0.07647786 0.06463597 0.02127569 0.03264058 0.02884599 0.07699536 0.04269748 0.00893509 0.02445069 0.07468886
65 0.05160765 0.03209753 0.10673211 0.03213623 0.00864369 0.02482653 0.03181493 0.02480573 0.01437911 0.04689535 0.21707922 0.03763324 0.04006314 0.02587973 0.02582033 0.04969415 0.10655611 0.01227521 0.01128661 0.09977340
66 0.07432353 0.04366792 0.03936082 0.08377593 0.00921098 0.04204082 0.23035109 0.07950583 0.02098211 0.02729771 0.04547562 0.05743242 0.01498631 0.02753991 0.03592511 0.07244113 0.03759632 0.00647081 0.01234081 0.03927482
67 0.09910158 0.02937059 0.04549799 0.29058094 0.00931821 0.02645389 0.18973896 0.04536379 0.02028540 0.02149100 0.03578439 0.05750789 0.00343778 0.01754170 0.01491200 0.05171469 0.02188220 0.00272943 0.00368350 0.01360410
68 0.37528526 0.01310551 0.02107651 0.01398061 0.01985431 0.01288571 0.04072903 0.07555095 0.01303731 0.00857196 0.01979091 0.01050091 0.00966190 0.01427271 0.01467891 0.23948417 0.05782634 0.00226785 0.00333092 0.03410822
69 0.09576667 0.03817939 0.03110949 0.02266099 0.01523040 0.02791149 0.04008609 0.07191188 0.02237539 0.04224599 0.07098468 0.03657519 0.02859419 0.03161669 0.02713179 0.12299696 0.17795495 0.01792339 0.02025629 0.05848808
70 0.04914371 0.02855310 0.02693720 0.00983706 0.00792029 0.01290290 0.01990150 0.04322310 0.00829700 0.05804651 0.21580702 0.02190550 0.16731802 0.01710930 0.04117080 0.05266331 0.11928501 0.01025860 0.00602794 0.08369211
71 0.04635462 0.19060308 0.05026632 0.02193881 0.00338229 0.11363505 0.06580513 0.01641231 0.01471531 0.01478071 0.03879172 0.24691111 0.01763171 0.00795668 0.01427331 0.06759923 0.04283622 0.00184516 0.00440253 0.01985871
72 0.04648460 0.02989690 0.10988301 0.27046702 0.01781810 0.03375170 0.08501261 0.04621840 0.01828130 0.02734850 0.04600010 0.06684580 0.00422482 0.01745120 0.02350960 0.09852301 0.02820790 0.00449888 0.00458553 0.02099100
73 0.07439617 0.04346158 0.03993018 0.08420437 0.00931370 0.04116918 0.22922991 0.08162517 0.02097479 0.02777449 0.04456598 0.05643688 0.01463509 0.02723399 0.03666449 0.07259697 0.03759329 0.00616139 0.01273040 0.03930198
74 0.04470654 0.03128553 0.10152509 0.05111324 0.00795738 0.03350273 0.20199517 0.07217626 0.01012071 0.02507572 0.03762353 0.05857235 0.01009281 0.01366991 0.14328712 0.05846055 0.03719373 0.00370397 0.00451830 0.05341935
75 0.04591741 0.01694700 0.02598050 0.02506540 0.00942169 0.01805980 0.02975230 0.02592590 0.03410460 0.06217241 0.06604091 0.02708750 0.03075260 0.24161603 0.01288770 0.03910390 0.03280080 0.01189990 0.18844202 0.05602161
76 0.29218115 0.03218062 0.02693391 0.03660092 0.01860811 0.02611811 0.04407632 0.06436233 0.02064321 0.03775152 0.06188133 0.03030332 0.01829601 0.02514041 0.02073491 0.11818706 0.05553693 0.00548688 0.01062371 0.05435323
77 0.05573077 0.03988038 0.03365128 0.03241649 0.01139189 0.02520619 0.04035548 0.07053947 0.01141489 0.03400528 0.20788590 0.04013338 0.04294028 0.01912199 0.12836394 0.05519117 0.05865037 0.00619311 0.00996145 0.07696626
78 0.06078426 0.05377947 0.03401738 0.05162427 0.01054899 0.11127693 0.16191189 0.04367057 0.01989559 0.02192779 0.04187507 0.05769936 0.02069859 0.02349068 0.02475648 0.15500290 0.05098027 0.01177419 0.00525495 0.03903037
79 0.37828926 0.01147101 0.01681431 0.00585065 0.01783521 0.00977691 0.02961192 0.10859007 0.01258501 0.00779056 0.01906101 0.00732290 0.00815638 0.00900492 0.00738647 0.21537315 0.09849087 0.00207807 0.00328291 0.03122842
80 0.27541319 0.01584791 0.02573952 0.01884731 0.01699071 0.02537862 0.04380923 0.02911942 0.02543642 0.01483411 0.03200592 0.02116461 0.01206101 0.08888306 0.02959782 0.21399015 0.03746063 0.01177511 0.01630621 0.04533903
81 0.04786786 0.08580693 0.05798825 0.08040253 0.00365293 0.05820035 0.14640187 0.04787146 0.01547319 0.01988218 0.05952375 0.21892081 0.01255769 0.01526269 0.02495178 0.04618236 0.03433687 0.00277491 0.00675731 0.01518429
82 0.05261218 0.03156409 0.02995019 0.01846359 0.01297190 0.08678437 0.03684579 0.03318529 0.01574980 0.20478194 0.07807778 0.05157178 0.02288139 0.02651189 0.04029599 0.04734239 0.09857937 0.00536480 0.01171350 0.09475197
83 0.01672170 0.00439241 0.01190090 0.00394210 0.00488717 0.00606587 0.01098890 0.00797739 0.04463390 0.05386620 0.04811890 0.00533840 0.04105140 0.29634902 0.00304680 0.02110800 0.03027980 0.00887189 0.31930102 0.06115820
84 0.05452480 0.07767690 0.13261401 0.05083770 0.01503650 0.13869101 0.04377990 0.03128670 0.02373050 0.02654590 0.06952630 0.08323910 0.01563870 0.02157670 0.02225780 0.07088940 0.03429870 0.00721416 0.02310130 0.05753390
85 0.07875287 0.03284979 0.04461848 0.22535791 0.00725786 0.03231349 0.23593691 0.06847487 0.02245179 0.02317629 0.03368219 0.05481798 0.00409607 0.01861509 0.01998629 0.05149438 0.02085229 0.00285538 0.00391407 0.01849599
86 0.05132583 0.01232411 0.02123321 0.00697801 0.01097921 0.01790141 0.00948158 0.01647891 0.00907846 0.16931910 0.28269117 0.00742278 0.03877072 0.04351453 0.01188151 0.02804872 0.02671452 0.01058911 0.01805701 0.20721012
87 0.03452931 0.00689402 0.01349040 0.00264982 0.01369360 0.01589180 0.00714991 0.01873601 0.00601622 0.30139508 0.18023805 0.00912106 0.02897271 0.02872581 0.01363120 0.01491000 0.02543151 0.00159219 0.01426320 0.26266807
88 0.07061533 0.20628209 0.04571642 0.03880002 0.01262451 0.05536323 0.05455573 0.06017013 0.01826461 0.02615951 0.06595333 0.09081024 0.02364171 0.02099821 0.02944231 0.06348863 0.04373322 0.00763394 0.01863191 0.04711492
89 0.12963006 0.03509022 0.03708722 0.02896621 0.01993041 0.03145892 0.04888882 0.07001504 0.01861661 0.02416731 0.05766373 0.02845301 0.02598641 0.02615171 0.02375291 0.24326712 0.07530684 0.01333431 0.01109221 0.05114093
90 0.05865422 0.03518641 0.05625901 0.26571507 0.01913580 0.04389581 0.07956052 0.02996731 0.01223200 0.02992241 0.13467104 0.04717211 0.01134080 0.01882440 0.02545801 0.05167651 0.03372261 0.00595772 0.00749562 0.03315261
91 0.05837681 0.02633410 0.03321950 0.01280280 0.01496340 0.02779000 0.02590860 0.03796700 0.01731320 0.12404601 0.14292301 0.02025270 0.03324810 0.03490600 0.02614390 0.04753890 0.03714830 0.00934950 0.01993710 0.24983102
92 0.05599864 0.03100277 0.02852397 0.02281177 0.01058479 0.02549787 0.02665477 0.03360666 0.01305239 0.11822687 0.26408671 0.03183466 0.04277625 0.03800376 0.01877808 0.04601575 0.03666096 0.01135159 0.02160788 0.12292386
93 0.05724539 0.09146189 0.05726229 0.05470190 0.00733152 0.06077379 0.07268329 0.04780210 0.02108650 0.02934470 0.06301079 0.21635398 0.01823690 0.02885350 0.02876370 0.04732760 0.04057560 0.00617757 0.01855420 0.03245280
94 0.04090400 0.00351802 0.00846815 0.00119866 0.01155260 0.01396530 0.00304994 0.00879560 0.00324972 0.29324802 0.26508601 0.00206479 0.03897220 0.03962060 0.00360374 0.00974260 0.01529050 0.00063873 0.01570880 0.22132201
95 0.06253972 0.05450402 0.15547605 0.05699182 0.01540920 0.03943561 0.05188352 0.04937581 0.02172101 0.04264991 0.07720292 0.06475502 0.02108641 0.03278061 0.02845201 0.07591062 0.04257081 0.00919621 0.02458461 0.07347412
96 0.05739120 0.09145289 0.05734080 0.05404140 0.00697002 0.06057350 0.07277539 0.04629040 0.02060590 0.02950630 0.06228960 0.21724998 0.01841040 0.02979150 0.02814670 0.04757890 0.04221440 0.00664046 0.01858530 0.03214500
97 0.04044277 0.00370323 0.00886301 0.00141806 0.01154509 0.01393289 0.00302430 0.00881517 0.00317751 0.29241279 0.26488981 0.00216660 0.03956497 0.03934747 0.00369689 0.00999477 0.01534209 0.00070576 0.01579399 0.22116284
98 0.05641454 0.03071182 0.02947242 0.02293512 0.01044641 0.02499942 0.02689572 0.03371742 0.01289351 0.11793408 0.26524519 0.03053772 0.04402273 0.03840033 0.01773051 0.04587113 0.03652063 0.01138551 0.02115571 0.12271009
99 0.07516619 0.03616950 0.18912599 0.03537310 0.01531710 0.03557080 0.03840180 0.04184940 0.01862630 0.02949750 0.05219780 0.04068360 0.01717950 0.02230260 0.02904860 0.19176399 0.04764730 0.00766103 0.00756064 0.06885730
100 0.03075023 0.04385454 0.08074608 0.11941812 0.00458743 0.02713373 0.14939214 0.16845516 0.01350801 0.02334252 0.04297984 0.15668015 0.00590928 0.02448802 0.02121162 0.03846104 0.02164992 0.00338393 0.01135041 0.01269781
101 0.07327022 0.04369131 0.04057771 0.08410562 0.00937629 0.04242361 0.23078605 0.07944082 0.02105490 0.02775111 0.04547501 0.05704171 0.01537050 0.02751201 0.03657821 0.07157242 0.03842231 0.00625650 0.01194980 0.03734391
102 0.05328791 0.08648382 0.04393141 0.03069751 0.00713267 0.05893721 0.06149411 0.03535041 0.01921510 0.03343681 0.06670291 0.22420805 0.02132810 0.02240620 0.03247681 0.05376341 0.09953892 0.00774013 0.00973609 0.03213241
103 0.05606646 0.03048538 0.02871898 0.02331628 0.01068219 0.02456098 0.02633278 0.03463198 0.01232539 0.11754692 0.26615481 0.03059628 0.04406377 0.03831517 0.01853199 0.04570957 0.03616937 0.01122919 0.02077659 0.12378591
104 0.17433309 0.02602361 0.01967121 0.01019121 0.10171705 0.01428821 0.02835532 0.20451611 0.01511571 0.01282321 0.02457481 0.00787672 0.01548481 0.01455301 0.02312541 0.20213611 0.07574094 0.00496519 0.00257536 0.02193291
105 0.28773509 0.02221401 0.02621481 0.10030403 0.01320130 0.02367861 0.12975004 0.05527092 0.01406140 0.01607440 0.03105371 0.03511291 0.00845545 0.01884961 0.01969541 0.12210204 0.03958431 0.00319605 0.00439880 0.02904711
106 0.07866252 0.03341477 0.04532606 0.22540178 0.00730864 0.03319387 0.23444977 0.06906993 0.02249018 0.02302658 0.03304967 0.05488545 0.00412387 0.01882448 0.01971668 0.05088135 0.02076808 0.00260298 0.00394127 0.01886208
107 0.04595751 0.01575100 0.02187641 0.01589010 0.01289020 0.02076091 0.02086641 0.03574601 0.01032910 0.27222607 0.16143504 0.01916830 0.03412441 0.04495321 0.01827400 0.02804581 0.03238051 0.00277615 0.02707881 0.15947004
108 0.04870998 0.03339558 0.03219748 0.02061349 0.01091309 0.02826129 0.03380298 0.03576628 0.02497539 0.02006439 0.10851495 0.02924349 0.02209229 0.06262127 0.01687819 0.10413495 0.08601866 0.17052091 0.04067018 0.07060516
109 0.03463120 0.00678902 0.01313970 0.00261878 0.01369770 0.01581510 0.00688029 0.01880350 0.00610589 0.30040104 0.18124503 0.00918602 0.02922160 0.02915150 0.01376170 0.01497480 0.02508330 0.00160486 0.01453890 0.26235004
110 0.05508018 0.03509529 0.02591989 0.00991284 0.01188190 0.02210599 0.02783049 0.03739149 0.01447640 0.08124148 0.14549296 0.02883419 0.16720695 0.05573888 0.02385269 0.06917968 0.04801179 0.00732195 0.04465849 0.08876647
111 0.04598301 0.14606602 0.04690771 0.02689860 0.00923706 0.04117971 0.03543510 0.03813611 0.01699650 0.04522381 0.19803303 0.07784941 0.04349351 0.02418290 0.02250290 0.04952101 0.03321980 0.01225690 0.03902391 0.04785301
112 0.04081601 0.07737482 0.04587941 0.03981621 0.00556471 0.04126661 0.06495701 0.03802541 0.01444310 0.03288051 0.21538505 0.17669104 0.02344631 0.02010400 0.02320721 0.04432431 0.04219341 0.00634796 0.01703760 0.03023931
113 0.12880599 0.03589460 0.03887010 0.03086650 0.02039640 0.03141880 0.04893180 0.06966139 0.01921690 0.02519130 0.05727359 0.02830530 0.02634570 0.02554470 0.02331000 0.24159898 0.07483889 0.01350030 0.01016760 0.04986120
114 0.07305021 0.07045111 0.04495161 0.04250491 0.01629820 0.13409402 0.05786661 0.04167171 0.02601120 0.04790711 0.07554621 0.07871281 0.02073590 0.02907680 0.02879230 0.07072491 0.04251701 0.00935296 0.01909610 0.07063831
115 0.05840988 0.02732489 0.03386109 0.01383570 0.01457969 0.02762469 0.02666519 0.03779249 0.01794599 0.12190896 0.14218195 0.02105489 0.03308249 0.03375149 0.02792799 0.04873308 0.03677899 0.00951045 0.01916919 0.24786091
116 0.06909506 0.04464574 0.06175916 0.27034025 0.11455611 0.13660113 0.04085574 0.02166582 0.00837222 0.01535811 0.05251115 0.01811222 0.00543913 0.01460311 0.02284102 0.04720664 0.02521662 0.00289481 0.00359082 0.02433512
117 0.07184374 0.07076284 0.04501552 0.04132652 0.01635351 0.13563007 0.05969003 0.04075552 0.02455931 0.04915963 0.07514674 0.07838534 0.02005011 0.02880501 0.02935871 0.07014504 0.04249302 0.00896629 0.01924721 0.07230584
118 0.09512729 0.02458670 0.01446440 0.00741504 0.01381490 0.01327530 0.03106460 0.21093898 0.00932631 0.02065340 0.06585509 0.01475430 0.09023889 0.01021340 0.03357400 0.12887799 0.16011199 0.02377100 0.00420344 0.02773300
119 0.05519517 0.03061048 0.02823359 0.02305269 0.01011539 0.02496749 0.02563399 0.03297498 0.01271399 0.11901894 0.26703587 0.03208648 0.04427318 0.03855408 0.01879939 0.04536468 0.03597188 0.01158399 0.02067079 0.12314294
120 0.29368091 0.03290939 0.02735319 0.03766209 0.01880109 0.02570499 0.04469039 0.06302478 0.02068589 0.03678559 0.05998038 0.03016569 0.01740099 0.02525569 0.02071839 0.11978796 0.05485878 0.00549450 0.01105310 0.05398618
121 0.29439789 0.03324949 0.02790279 0.03717079 0.01899319 0.02651419 0.04451038 0.06406358 0.02104189 0.03819639 0.06026978 0.03051309 0.01709569 0.02492879 0.02030379 0.11690695 0.05436378 0.00543939 0.01083150 0.05330668
122 0.04424429 0.04737029 0.02386690 0.02821039 0.01604230 0.02238080 0.07194899 0.28853795 0.00943381 0.03231539 0.06481519 0.02655260 0.01891900 0.01243010 0.14099597 0.05546999 0.03849639 0.00333131 0.00534586 0.04929249
123 0.04449922 0.01306501 0.03018122 0.01294811 0.01140781 0.01965041 0.01962201 0.03326612 0.01124641 0.30285717 0.08973415 0.02508241 0.02405751 0.03463552 0.03549832 0.03456862 0.09084825 0.00376584 0.02023681 0.14282908
124 0.05580208 0.01495520 0.02141659 0.01056390 0.00895248 0.01802150 0.01733970 0.02022679 0.01241640 0.23890594 0.21395094 0.01866169 0.03996259 0.03370319 0.01567900 0.02854279 0.07066928 0.00312319 0.01338580 0.14372096
125 0.04734777 0.01430809 0.02539059 0.00695564 0.01205639 0.01776599 0.01029519 0.02142739 0.00978826 0.15414392 0.25248187 0.00797072 0.03890288 0.03887778 0.01378219 0.02817539 0.02743929 0.01124889 0.01597389 0.24566787
126 0.04494450 0.02222700 0.01320060 0.00504684 0.00926604 0.01542580 0.01432100 0.01698530 0.00902351 0.19179298 0.19493798 0.01941670 0.16156398 0.05591209 0.01326780 0.03306640 0.03040520 0.00177611 0.03753420 0.10988599
127 0.12780292 0.03605258 0.03794238 0.02967248 0.02012429 0.03221278 0.04881467 0.06943226 0.01959159 0.02480959 0.05755387 0.02897768 0.02537158 0.02621188 0.02335499 0.24102686 0.07533255 0.01367989 0.01150079 0.05053437
128 0.06303392 0.05399202 0.15478305 0.05767572 0.01501690 0.04023301 0.05275252 0.04980732 0.02156651 0.04215221 0.07605103 0.06504892 0.02166131 0.03352621 0.02874411 0.07493732 0.04227621 0.00881287 0.02437621 0.07355262
129 0.04757760 0.01215130 0.01329800 0.00650966 0.00991151 0.01606530 0.00955134 0.01287870 0.00587045 0.24477402 0.28445102 0.00995945 0.04927020 0.04204250 0.00528518 0.01879900 0.01890690 0.00163304 0.01576880 0.17529601
130 0.04541083 0.01504261 0.02214602 0.00856042 0.00993570 0.02130171 0.02033391 0.01686921 0.02256702 0.09984947 0.16888012 0.01109641 0.03070642 0.13436809 0.01541271 0.04796653 0.03033342 0.02252842 0.08523286 0.17145812
131 0.06969502 0.20842205 0.04696961 0.04075871 0.01255820 0.05505571 0.05486081 0.05888931 0.01786450 0.02585151 0.06683522 0.09266802 0.02288511 0.02071650 0.02884141 0.06316792 0.04269521 0.00697776 0.01789830 0.04638911
132 0.05149167 0.01234039 0.02148659 0.00646216 0.01068819 0.01806259 0.00943737 0.01706439 0.00889023 0.16996890 0.28260383 0.00749943 0.03835648 0.04285487 0.01152999 0.02783748 0.02685968 0.01081259 0.01778529 0.20796787
133 0.07943242 0.03717461 0.05616161 0.29309406 0.01922830 0.03641211 0.10996302 0.04627271 0.01595690 0.02331081 0.04739261 0.05559181 0.00625195 0.02589471 0.02736561 0.05456851 0.02794871 0.00492343 0.01101310 0.02204300
134 0.02172901 0.01905481 0.02265081 0.00498972 0.00555771 0.01848371 0.01202891 0.00945956 0.01347391 0.01413131 0.28251417 0.00774729 0.00627936 0.11455307 0.00661897 0.07074174 0.03412632 0.11220707 0.06087744 0.16277510
135 0.05581214 0.03119707 0.02961417 0.02277288 0.01041809 0.02465738 0.02570077 0.03341857 0.01210879 0.11943488 0.26549773 0.03223337 0.04380946 0.03831626 0.01799458 0.04575465 0.03627066 0.01189429 0.02089938 0.12219488
136 0.02689129 0.02139349 0.02432839 0.01278619 0.00683619 0.01446049 0.01643559 0.01966459 0.04063018 0.05205728 0.05346388 0.02193479 0.03256259 0.24157690 0.00674292 0.02363209 0.02805849 0.01014250 0.29862388 0.04777828
137 0.05611879 0.03042740 0.02886950 0.02307330 0.01012280 0.02396620 0.02629460 0.03317320 0.01299920 0.11792899 0.26556297 0.03128950 0.04436600 0.03822770 0.01886010 0.04555570 0.03652180 0.01140960 0.02104970 0.12418299
138 0.04523400 0.01719820 0.02575760 0.02338000 0.00979981 0.01794240 0.02976450 0.02570580 0.03397520 0.06204569 0.06563959 0.02593970 0.03095090 0.24216297 0.01298870 0.03934960 0.03272930 0.01147740 0.19116998 0.05678869
139 0.07363847 0.03687219 0.02993249 0.03115059 0.01400559 0.02127969 0.05938908 0.33993587 0.01195250 0.03709199 0.05239518 0.03117969 0.01559179 0.01963239 0.03320119 0.08177787 0.04868358 0.00552057 0.01154780 0.04522148
140 0.03547828 0.00857269 0.01949199 0.01218029 0.00903723 0.01273749 0.01977299 0.01887859 0.02459248 0.16053090 0.12185092 0.01274269 0.03934278 0.20372187 0.00738073 0.02009669 0.02748418 0.00266046 0.15162290 0.09182384
141 0.06202450 0.02441080 0.02538010 0.01530870 0.09049790 0.02884330 0.02598090 0.05327940 0.01554760 0.06331110 0.09229320 0.02062400 0.14797199 0.03573700 0.03877700 0.08804680 0.05325520 0.00704134 0.02391170 0.08775750
142 0.05899478 0.02699929 0.03464679 0.01384620 0.01431470 0.02765509 0.02768919 0.03794119 0.01778049 0.11927797 0.14182496 0.02016309 0.03291309 0.03487679 0.02671219 0.04987209 0.03716599 0.00973879 0.01976539 0.24782193
143 0.07327358 0.03794309 0.02972419 0.03174189 0.01483300 0.02175799 0.06054009 0.33836592 0.01189570 0.03781479 0.05209599 0.03153049 0.01530710 0.01926710 0.03250559 0.08072338 0.04881069 0.00537073 0.01091660 0.04558209
144 0.25130299 0.04264240 0.03682830 0.05775420 0.01227210 0.04101880 0.05839550 0.03135300 0.02591170 0.01647860 0.03188140 0.10239700 0.01027900 0.02448200 0.02264540 0.14576200 0.04026380 0.00792091 0.00996042 0.03045050
145 0.32712710 0.01749961 0.01481510 0.00651532 0.02614791 0.00958968 0.03493171 0.18841506 0.00586392 0.00866273 0.01636190 0.00625982 0.01495010 0.00765454 0.01098270 0.19944906 0.08057642 0.00153264 0.00181615 0.02084851
146 0.04489087 0.00390987 0.00930573 0.00130898 0.01088809 0.01395049 0.00321631 0.00710811 0.00350304 0.26705384 0.29016882 0.00187889 0.04421487 0.04421527 0.00294694 0.01075919 0.01390849 0.00091032 0.01655399 0.20930787
147 0.30642776 0.01591869 0.02478158 0.01440029 0.01956348 0.01766189 0.04311347 0.05974265 0.01403169 0.00913767 0.02552748 0.01170649 0.01488769 0.01718099 0.01825399 0.28887678 0.05200346 0.00283891 0.00400658 0.03993847
148 0.05630159 0.02901410 0.02782050 0.02520030 0.01063280 0.02174020 0.04369949 0.35719995 0.00810501 0.15044598 0.04449489 0.02989550 0.01036330 0.02148450 0.02626850 0.05205199 0.03019190 0.00276290 0.00919064 0.04313599
149 0.04708849 0.01240230 0.01321900 0.00671602 0.01009920 0.01630470 0.00953510 0.01289810 0.00586771 0.24579093 0.28306892 0.01009950 0.04825949 0.04174309 0.00562657 0.01848449 0.01896569 0.00167290 0.01576390 0.17639395
150 0.04440467 0.02240398 0.01390389 0.00502649 0.00893058 0.01565309 0.01477049 0.01745529 0.00916324 0.19049287 0.19326087 0.01962639 0.16153489 0.05639296 0.01348999 0.03370138 0.03054008 0.00178395 0.03848097 0.10898393
151 0.06257496 0.04048728 0.03722488 0.03930848 0.01914479 0.03534008 0.06334616 0.07280556 0.01253349 0.04414127 0.06049136 0.04551707 0.02402499 0.02186119 0.22223487 0.06165196 0.04891717 0.00603169 0.00889708 0.07346566
152 0.07088790 0.20771199 0.04642240 0.03978120 0.01193490 0.05533380 0.05393410 0.05919650 0.01840560 0.02582810 0.06703390 0.09088769 0.02418020 0.01995410 0.02939000 0.06368120 0.04248670 0.00706236 0.01765570 0.04823170
153 0.06307773 0.04124612 0.03728312 0.03848972 0.01947271 0.03450722 0.06403673 0.07244923 0.01241591 0.04529132 0.06003813 0.04557192 0.02383231 0.02264291 0.22123210 0.06231553 0.04836942 0.00617436 0.00882608 0.07272743
154 0.04540948 0.01775579 0.02639269 0.02478569 0.00942219 0.01803829 0.03015639 0.02712769 0.03389749 0.06044818 0.06436007 0.02662779 0.03063799 0.24352991 0.01300149 0.03947988 0.03228209 0.01108780 0.19088893 0.05467018
155 0.30727810 0.01998221 0.01285670 0.00570605 0.02457691 0.00915484 0.03201551 0.22920808 0.00540396 0.01039540 0.01744811 0.00605409 0.01604251 0.00647676 0.01092560 0.17878006 0.08644323 0.00192808 0.00159849 0.01772531
156 0.06439534 0.05417343 0.15672309 0.05714443 0.01451681 0.03921632 0.05276223 0.04851043 0.02135311 0.04248193 0.07600504 0.06464804 0.02135461 0.03277272 0.02901652 0.07688245 0.04238593 0.00837171 0.02364011 0.07364574
157 0.05391919 0.01038810 0.02039150 0.00272317 0.00978023 0.01285390 0.00664081 0.00967894 0.00440093 0.18424897 0.28632696 0.00492036 0.08555099 0.03848889 0.01262930 0.02028630 0.02642350 0.00204791 0.01325110 0.19504897
158 0.05067492 0.01217101 0.04537002 0.08550314 0.00484110 0.01396671 0.02220641 0.04946132 0.01896241 0.02582631 0.02161791 0.08081934 0.01107380 0.25629311 0.00700806 0.02257941 0.01960871 0.01957101 0.21571209 0.01673321
159 0.02962041 0.00390143 0.01025271 0.00150505 0.01393881 0.01407151 0.00420514 0.01696441 0.00359299 0.34877917 0.17393609 0.00611621 0.02502561 0.02540131 0.01274401 0.01091031 0.02448521 0.00106879 0.01242571 0.26105513
160 0.05066926 0.14110490 0.08517614 0.02434868 0.00321827 0.12130391 0.07079455 0.01704099 0.01707259 0.01174309 0.04067217 0.26931781 0.01453639 0.01026269 0.01935169 0.03695557 0.03529317 0.00264433 0.00841391 0.02007989
161 0.02587512 0.02175632 0.02454032 0.01250441 0.00699257 0.01461401 0.01720452 0.02001222 0.04096394 0.05106695 0.05312865 0.02141002 0.03264063 0.24197122 0.00659986 0.02267682 0.02796172 0.01012471 0.30051227 0.04744374
162 0.02580500 0.02138910 0.02384250 0.01233690 0.00711200 0.01459650 0.01652090 0.01976200 0.04082310 0.05213211 0.05298211 0.02124970 0.03295960 0.24273802 0.00652432 0.02252090 0.02783240 0.00999458 0.30111003 0.04776820
163 0.17645295 0.03127789 0.03506379 0.28976691 0.01429550 0.02875889 0.13428496 0.02371349 0.01349480 0.01701249 0.03539259 0.05045288 0.00486520 0.02259729 0.01780069 0.05374278 0.02429829 0.00381003 0.00686957 0.01604900
164 0.04712682 0.00991578 0.01936121 0.00491037 0.01053781 0.01613841 0.00734335 0.01364281 0.00730029 0.17239309 0.30337915 0.00483295 0.04064552 0.04705792 0.00887706 0.02522841 0.02230521 0.01196011 0.01833861 0.20870511
165 0.07947659 0.03750599 0.05738459 0.29299995 0.01843510 0.03606869 0.10752998 0.04645469 0.01603400 0.02386460 0.04868029 0.05546829 0.00637282 0.02594230 0.02694140 0.05390819 0.02864900 0.00539714 0.01053910 0.02234730
166 0.04443755 0.01040951 0.01269471 0.00625282 0.01057231 0.01652452 0.00880447 0.01417061 0.00546606 0.26812627 0.26519427 0.00862684 0.04542415 0.04175184 0.00567451 0.01741342 0.01906312 0.00130713 0.01665372 0.18143219
167 0.11295000 0.03058910 0.02058080 0.01108760 0.02063730 0.01483420 0.03498250 0.28177100 0.01512660 0.01490550 0.03126690 0.01121100 0.02010680 0.00999578 0.01635480 0.22422400 0.09561880 0.00910340 0.00287952 0.02177440
168 0.04923418 0.15326894 0.04653328 0.01997349 0.01254009 0.04065268 0.03097919 0.05002418 0.02232309 0.02983399 0.07127997 0.04731468 0.02654719 0.01696289 0.03803838 0.04938268 0.03970058 0.00861711 0.01091950 0.23587390
169 0.07227424 0.06894184 0.04520733 0.04113172 0.01678761 0.13692808 0.06038883 0.04073312 0.02587811 0.04883713 0.07388814 0.07679454 0.02031901 0.02837392 0.02972612 0.07039374 0.04278762 0.00889394 0.01947531 0.07223964
170 0.02473351 0.03242701 0.03310691 0.01310601 0.00762236 0.02078011 0.01684321 0.01884471 0.01480111 0.01611351 0.26807612 0.01649801 0.01410491 0.07712603 0.01045190 0.07427993 0.04432742 0.12317705 0.05976013 0.11382005
171 0.06945802 0.20863207 0.04581392 0.04040651 0.01249060 0.05510892 0.05555812 0.06006802 0.01854631 0.02621471 0.06545322 0.09209003 0.02329481 0.02031311 0.02955321 0.06292262 0.04317181 0.00762917 0.01730571 0.04596912
172 0.04474902 0.00422821 0.00925005 0.00143231 0.01071430 0.01397430 0.00322245 0.00708789 0.00367349 0.26711209 0.28977510 0.00199428 0.04420542 0.04419352 0.00285695 0.01065910 0.01421200 0.00094213 0.01645831 0.20925907
173 0.07885184 0.03739057 0.05698896 0.29391878 0.01897059 0.03606327 0.10848492 0.04471277 0.01628819 0.02347068 0.04845506 0.05520346 0.00626571 0.02570108 0.02720648 0.05427026 0.02854698 0.00527165 0.01083049 0.02310828
174 0.07369487 0.04504748 0.03993648 0.08464536 0.00947498 0.04204008 0.23125289 0.07930926 0.02107399 0.02743669 0.04429048 0.05759117 0.01508649 0.02722019 0.03618008 0.07105247 0.03746748 0.00628748 0.01181629 0.03909578
175 0.07840755 0.03607818 0.05739566 0.29326182 0.01841339 0.03609018 0.10799593 0.04650647 0.01629349 0.02369489 0.04744467 0.05570157 0.00642343 0.02648078 0.02783948 0.05476187 0.02844458 0.00503318 0.01090129 0.02283159
176 0.07906344 0.03706137 0.05726346 0.29203478 0.01880529 0.03546867 0.10877092 0.04555537 0.01639709 0.02364068 0.04746406 0.05687786 0.00627961 0.02736358 0.02660658 0.05449766 0.02768148 0.00531423 0.01176969 0.02208418
177 0.05900982 0.02638941 0.03459441 0.01347920 0.01433600 0.02780661 0.02619391 0.03796281 0.01760660 0.12208203 0.14122204 0.02040301 0.03346741 0.03432441 0.02769811 0.04714421 0.03720431 0.00918292 0.01971671 0.25017607
178 0.16015608 0.01974251 0.02756741 0.01722931 0.15680408 0.02733161 0.02040061 0.03621382 0.01588641 0.06908803 0.07850754 0.01433381 0.02149021 0.02118921 0.03474212 0.09536235 0.03175292 0.00379902 0.00816188 0.14024107
179 0.04627862 0.04026722 0.02874662 0.06360233 0.00637002 0.11355106 0.30808517 0.06667064 0.01830261 0.02584511 0.03418792 0.05318803 0.01325281 0.02092081 0.03780682 0.04978623 0.02823322 0.00491687 0.00517407 0.03481382
