1 0.05470578 0.01464740 0.01286600 0.00419965 0.01334550 0.00978639 0.00912116 0.01292330 0.00727485 0.20209093 0.23047192 0.00786261 0.05167988 0.04090849 0.01292650 0.03786689 0.06097368 0.00503677 0.01304040 0.19827193
2 0.10298506 0.04611013 0.04758453 0.02075361 0.01491461 0.04164982 0.04117692 0.06337724 0.02437471 0.03497712 0.05325173 0.03417482 0.02318011 0.02363631 0.20081912 0.10444206 0.04446353 0.01071121 0.01504531 0.05237203
3 0.02387300 0.02885671 0.07422621 0.11304902 0.00733222 0.05029191 0.08195912 0.36594307 0.02913711 0.00853735 0.02016600 0.07296631 0.00581383 0.01821010 0.01274880 0.03702811 0.02298690 0.00277240 0.01042210 0.01367970
4 0.05691023 0.02308801 0.02644061 0.01157001 0.01481541 0.01895971 0.02479061 0.02621761 0.01572341 0.16158108 0.14155007 0.02037471 0.04583112 0.03758772 0.01974331 0.04145732 0.03775482 0.01083721 0.01996991 0.24479712
5 0.24306487 0.06849056 0.04338878 0.03344788 0.02247689 0.05507917 0.05802617 0.02806709 0.02626739 0.02518989 0.03251648 0.13598393 0.01541329 0.01701209 0.03191148 0.06698336 0.04730657 0.00648106 0.00814367 0.03474938
6 0.07004557 0.04555828 0.05391498 0.21571992 0.00973504 0.02711099 0.12202995 0.02467269 0.02587589 0.06549918 0.04800848 0.03911899 0.01328089 0.02939969 0.01267810 0.06202918 0.07016227 0.00833254 0.02840589 0.02842149
7 0.13079593 0.04027008 0.04299188 0.03312628 0.02351409 0.03028198 0.03791748 0.05454717 0.01871999 0.02997619 0.05589297 0.03114998 0.02096209 0.02479979 0.04044308 0.22645189 0.08892406 0.01014339 0.01327959 0.04581208
8 0.03141989 0.01835010 0.00719895 0.00303249 0.00756837 0.00663626 0.00548696 0.00890162 0.00247163 0.22975796 0.27406095 0.00431667 0.09194008 0.05697709 0.01315270 0.02492120 0.03228459 0.00164663 0.01321290 0.16666297
9 0.05184640 0.06863420 0.02579720 0.06626580 0.00619457 0.06939980 0.26717002 0.06712520 0.02076970 0.01090890 0.03067830 0.17299801 0.00845363 0.01102870 0.00955226 0.03333690 0.02490980 0.00608067 0.01967550 0.02917440
10 0.02312011 0.01260830 0.02119501 0.01261920 0.00565041 0.01039060 0.00784529 0.01152260 0.04705192 0.05321582 0.01942251 0.01184260 0.00760544 0.29849710 0.00880792 0.01835251 0.03106151 0.00647020 0.35426612 0.03845481
11 0.02754141 0.06573533 0.02831631 0.02209611 0.01313741 0.03246361 0.04593172 0.02064001 0.04474102 0.03587582 0.08451784 0.08826954 0.00905946 0.16759807 0.01113740 0.01872081 0.01911371 0.02133991 0.21378109 0.02998341
12 0.04633862 0.02681261 0.02864391 0.01724371 0.01150721 0.01660591 0.01627431 0.02438621 0.03171601 0.09133524 0.09717474 0.02395971 0.02544911 0.19637909 0.01438601 0.03929262 0.03978392 0.00989275 0.17210808 0.07071023
13 0.05651052 0.07725502 0.11373003 0.17106505 0.01217190 0.04347251 0.08893723 0.06535402 0.02837151 0.01377630 0.02637211 0.12353504 0.00744977 0.01904101 0.02133551 0.06054202 0.03550341 0.00289372 0.00813641 0.02454691
14 0.06942180 0.05906400 0.05250090 0.23660600 0.00698933 0.05175960 0.19077400 0.03889460 0.02574150 0.01934280 0.02810180 0.09269550 0.00679630 0.00712203 0.00728173 0.04888420 0.03382970 0.00239325 0.00745698 0.01434400
15 0.07293503 0.15616206 0.04849462 0.04643192 0.00919042 0.05160982 0.06073352 0.05569392 0.02374731 0.03187671 0.06545142 0.10784304 0.02030541 0.02947051 0.02533691 0.06795263 0.04904512 0.01207010 0.02174591 0.04390362
16 0.04938470 0.04812870 0.04004710 0.01663600 0.00840439 0.02845210 0.04853060 0.35043302 0.01296480 0.04075970 0.11832801 0.02361400 0.01537310 0.01839640 0.02345670 0.06470040 0.03578000 0.00580645 0.01008250 0.04072130
17 0.04095342 0.00852630 0.00874663 0.00238775 0.01267201 0.01085621 0.00563033 0.01219321 0.00328915 0.26635113 0.19836310 0.00541633 0.04378392 0.04202492 0.00798518 0.01528321 0.03031441 0.00311974 0.01742891 0.26467413
18 0.04719081 0.09397002 0.09294742 0.05969302 0.00682587 0.07134502 0.05497231 0.23472206 0.02388141 0.01182440 0.03364701 0.08522442 0.00844395 0.01599770 0.02873811 0.06295912 0.03695621 0.00452702 0.00677150 0.01936261
19 0.07888603 0.04548376 0.03593567 0.04018507 0.00837482 0.05903295 0.15963086 0.06789534 0.02270038 0.02262168 0.05215786 0.03875487 0.02186638 0.01203659 0.13990688 0.09080442 0.04556706 0.01074889 0.00797922 0.03943127
20 0.03031169 0.02844099 0.01230850 0.00327009 0.00406437 0.00588124 0.01341070 0.01182740 0.00562684 0.16021297 0.30858394 0.00576919 0.12732297 0.04592329 0.04159759 0.04522629 0.04346589 0.00228724 0.00464333 0.09982548
21 0.13172291 0.04069797 0.04455727 0.03389208 0.02320278 0.03037648 0.03776647 0.05537546 0.01865299 0.03050048 0.05622376 0.03176238 0.02044999 0.02387888 0.04079707 0.22432685 0.08796064 0.00944997 0.01282829 0.04557727
22 0.04892865 0.03037937 0.01952228 0.01512078 0.00945184 0.01708918 0.02322398 0.02675717 0.01354269 0.15699783 0.25293573 0.02231938 0.05832874 0.05363034 0.01627278 0.04439695 0.03873646 0.00717111 0.01883888 0.12635586
23 0.06423304 0.19640181 0.05053635 0.04460216 0.00462681 0.10882690 0.05823324 0.01604318 0.02115438 0.01122769 0.03319947 0.23144378 0.01296559 0.01606528 0.00627409 0.03756036 0.04789345 0.00374154 0.01446709 0.02050378
24 0.07240763 0.03467901 0.04316952 0.03367881 0.01226700 0.03796341 0.07031442 0.39932914 0.01503261 0.02006661 0.04282551 0.03696701 0.01103690 0.01492141 0.02347471 0.05823092 0.03440551 0.00389226 0.00798119 0.02735641
25 0.04676527 0.01703889 0.01333549 0.01275089 0.01109349 0.01343859 0.01364129 0.01760319 0.00771930 0.23189083 0.20327085 0.01069949 0.04911046 0.05923296 0.01269759 0.02779958 0.03419438 0.00317132 0.03065728 0.18388887
26 0.16445390 0.02547268 0.02239289 0.02620278 0.01325979 0.02468508 0.03176208 0.02837308 0.02044409 0.16465090 0.12081092 0.02427038 0.02855238 0.03974167 0.02690598 0.05322497 0.03807668 0.00558043 0.01811039 0.12302892
27 0.03261500 0.02066840 0.00828903 0.00453571 0.00719299 0.00819271 0.00943273 0.01149110 0.00354932 0.21062602 0.26219603 0.00545539 0.10776501 0.05333741 0.01643740 0.02998260 0.03529510 0.00243531 0.01200970 0.15849302
28 0.08002538 0.05138199 0.03757459 0.09972438 0.00885494 0.06196808 0.21101595 0.08243728 0.02570109 0.02056079 0.04102149 0.07808508 0.01537880 0.01511250 0.02258219 0.05344469 0.03520549 0.00782301 0.01578930 0.03631299
29 0.04832066 0.01955839 0.01667059 0.00570270 0.01182769 0.01056039 0.01172889 0.01971669 0.00937650 0.20051285 0.16907387 0.01066189 0.05201356 0.03706567 0.01787169 0.05896856 0.04008667 0.00689032 0.01221359 0.24117882
30 0.07873947 0.03883839 0.03876359 0.12258796 0.00805633 0.04916678 0.19035694 0.04230879 0.02409479 0.06130158 0.04410379 0.03913219 0.01465330 0.01141010 0.03221949 0.11837296 0.03783069 0.00666566 0.00666353 0.03473369
31 0.07277430 0.03462040 0.04341550 0.03450420 0.01306350 0.03746930 0.06969980 0.39532099 0.01497520 0.02050410 0.04264910 0.03710100 0.01153790 0.01570880 0.02346980 0.05831340 0.03581880 0.00406638 0.00869914 0.02628840
32 0.04032541 0.01344300 0.01130490 0.00357478 0.01171480 0.01008580 0.00791199 0.01130030 0.00744613 0.23170208 0.23539708 0.00786461 0.05036612 0.04633732 0.00963801 0.02259901 0.03246631 0.00414923 0.01579601 0.22657708
33 0.03121561 0.01297551 0.00486331 0.00145760 0.00876825 0.00599757 0.00282973 0.00568861 0.00134687 0.25247311 0.28636013 0.00291391 0.06971853 0.05967373 0.00745893 0.01804751 0.02749381 0.00077588 0.01274731 0.18719408
34 0.08987419 0.12746599 0.04482850 0.02245860 0.00683408 0.04673480 0.04360870 0.06039540 0.01851530 0.03132720 0.04984870 0.03750870 0.01801670 0.01895500 0.16376199 0.11360799 0.03932320 0.01190530 0.01062310 0.04440660
35 0.02351710 0.01238150 0.02180350 0.01224450 0.00576430 0.01028520 0.00785483 0.01189710 0.04674120 0.05391920 0.01944030 0.01167480 0.00762379 0.30180302 0.00895718 0.01872710 0.03142240 0.00641223 0.34943802 0.03809270
36 0.07396974 0.04937133 0.06880394 0.05518363 0.01205571 0.03857532 0.06333014 0.04396253 0.10519706 0.02585932 0.06031214 0.05592113 0.01721941 0.05618883 0.03137572 0.06791444 0.04551363 0.01285641 0.05982554 0.05656403
37 0.12376001 0.02867850 0.03921790 0.01573370 0.02666670 0.02625750 0.01889560 0.04155790 0.01354610 0.02127540 0.04571440 0.01556050 0.01925580 0.02112890 0.02093620 0.28154003 0.18396802 0.01068210 0.00774790 0.03787680
38 0.03323610 0.02698810 0.02285750 0.02054800 0.00830072 0.01733180 0.02108700 0.01718190 0.04369290 0.05985400 0.04807640 0.02963490 0.01160160 0.22032702 0.01175850 0.02765210 0.03069120 0.01174450 0.28697402 0.05046170
39 0.07647839 0.11149099 0.05245589 0.04810570 0.01085930 0.02891890 0.04914710 0.04165280 0.07061139 0.06771759 0.05108139 0.05474369 0.01236860 0.02688990 0.03185110 0.13042999 0.04650520 0.01215030 0.01617050 0.06037129
40 0.02306840 0.01204240 0.02183690 0.01201490 0.00571076 0.01030320 0.00766277 0.01163880 0.04683781 0.05430341 0.01931960 0.01151790 0.00788283 0.30278205 0.00888013 0.01854310 0.03142240 0.00606796 0.34998905 0.03817561
41 0.06614824 0.04720683 0.02674342 0.03213002 0.00970522 0.09576886 0.06567784 0.03985432 0.02596682 0.08120095 0.14457009 0.05858843 0.02167361 0.04046652 0.02408691 0.04695563 0.03812852 0.01719551 0.03502882 0.08290345
42 0.28382893 0.03201429 0.02674269 0.01083070 0.02883639 0.01624410 0.03446229 0.18793195 0.00714105 0.01415580 0.02666499 0.01052890 0.00752895 0.01382650 0.02998789 0.18067495 0.06432848 0.00367129 0.00335897 0.01724090
43 0.03509861 0.06035641 0.01909960 0.02819121 0.01075300 0.05784681 0.04703671 0.02556101 0.03861021 0.04115721 0.08065692 0.06917851 0.01127710 0.13787803 0.01162740 0.02508941 0.02579161 0.02794941 0.20939104 0.03744981
44 0.03933364 0.01495291 0.00946274 0.00362483 0.01018011 0.00926520 0.00753242 0.00926292 0.00620341 0.22609223 0.26337126 0.00734905 0.05765266 0.05135085 0.00977338 0.02334982 0.03233943 0.00326662 0.01467531 0.20096120
45 0.03595945 0.02676056 0.01220418 0.00870102 0.00837520 0.01342478 0.01334968 0.01204208 0.01180918 0.16694175 0.26709160 0.01879927 0.06067891 0.11011484 0.00944948 0.02914156 0.03016836 0.00894414 0.03974014 0.11630383
46 0.04865715 0.03026017 0.01927988 0.01501318 0.01002829 0.01726008 0.02302578 0.02943777 0.01269029 0.15840684 0.25269175 0.02245648 0.05700604 0.05378215 0.01565448 0.04317786 0.03835636 0.00660559 0.01873098 0.12747887
47 0.08189270 0.06922710 0.03847520 0.05056610 0.00916661 0.11588900 0.09149140 0.06732340 0.02562620 0.03579400 0.05254060 0.08290580 0.01767020 0.02771530 0.03623270 0.06867130 0.04729010 0.01139920 0.02150030 0.04862280
48 0.12907601 0.02290080 0.02875220 0.01523450 0.01797920 0.02274680 0.02795470 0.02441460 0.01714790 0.12159201 0.10449101 0.02102720 0.03591130 0.02848330 0.03296520 0.06077561 0.04611150 0.01164480 0.01435230 0.21643902
49 0.09542962 0.08703532 0.03470177 0.01668539 0.01106579 0.02612588 0.02970667 0.16964385 0.01212659 0.02620258 0.04213806 0.01986708 0.00933683 0.01867778 0.04746886 0.19469383 0.12379989 0.00776006 0.00398747 0.02354668
50 0.07504878 0.03637799 0.05804549 0.33392292 0.00854639 0.02566439 0.21187795 0.01627980 0.02789059 0.02370209 0.02633119 0.03926439 0.00656920 0.00367252 0.00653245 0.04722269 0.03930059 0.00176924 0.00432544 0.00765589
51 0.04044429 0.00811263 0.00841315 0.00218047 0.01273640 0.01069540 0.00518441 0.01233700 0.00313804 0.26697091 0.19942393 0.00503665 0.04352029 0.04231919 0.00782093 0.01537479 0.03064479 0.00299676 0.01756409 0.26508591
52 0.18973898 0.03575900 0.05386339 0.04776280 0.01396180 0.03965940 0.05731549 0.03139850 0.10059299 0.03254130 0.05164469 0.04662510 0.01439590 0.03801360 0.04495740 0.07049059 0.04488380 0.01019990 0.02457540 0.05161999
53 0.04746561 0.01679780 0.01267160 0.01221560 0.01100330 0.01328650 0.01313850 0.01814020 0.00757250 0.23296004 0.20491203 0.01050100 0.04888451 0.05876951 0.01200810 0.02813100 0.03368671 0.00318443 0.03003901 0.18463203
54 0.17845086 0.04881426 0.13122890 0.05235636 0.02081778 0.02568098 0.03982277 0.05741256 0.03131688 0.02465528 0.03988597 0.05487576 0.01470749 0.02356678 0.03733687 0.10236692 0.05065086 0.00649247 0.01009479 0.04946546
55 0.26106589 0.03563259 0.03195479 0.03593579 0.02323119 0.03159629 0.05078808 0.07348757 0.01953029 0.03814758 0.04975488 0.03618929 0.01503959 0.02327629 0.03239029 0.10978095 0.06262897 0.00735101 0.01326109 0.04895758
56 0.03537710 0.00841178 0.00557443 0.00119083 0.01124640 0.00789493 0.00216719 0.00706923 0.00147139 0.27436998 0.24531798 0.00319907 0.05134560 0.04973740 0.00543733 0.01372640 0.02890740 0.00112480 0.01533580 0.23109498
57 0.13094791 0.04116577 0.04606807 0.03398368 0.02335188 0.02938388 0.03850397 0.05761916 0.01933359 0.03065108 0.05666626 0.03084218 0.02045619 0.02375688 0.03963937 0.22290084 0.08718774 0.00969200 0.01232949 0.04552007
58 0.08295705 0.05094243 0.02763392 0.01907961 0.01493461 0.03051572 0.02420481 0.02479261 0.02292701 0.01903001 0.05946324 0.02144461 0.02179451 0.06185914 0.01734461 0.09887696 0.17137610 0.15035609 0.02654832 0.05391863
59 0.02821680 0.02141550 0.00647205 0.00206868 0.00595439 0.00620753 0.00549041 0.00796558 0.00212191 0.21993201 0.28671101 0.00346308 0.11558200 0.05409390 0.01547610 0.02716450 0.03388370 0.00153173 0.00911710 0.14713201
60 0.06846333 0.10933004 0.05621672 0.05130542 0.01849381 0.06406602 0.08703673 0.05489682 0.02658201 0.01742711 0.04494832 0.18493407 0.01417811 0.02515181 0.02108091 0.05073332 0.04000052 0.00755822 0.02496901 0.03262771
61 0.05563965 0.01952378 0.02239718 0.00841094 0.01394469 0.01254749 0.00932709 0.01858318 0.01677278 0.14555086 0.13773987 0.01254009 0.03585727 0.11344589 0.01045809 0.05013705 0.07664783 0.01070939 0.07613003 0.15363685
62 0.06593685 0.16028888 0.05011186 0.04620116 0.00605675 0.11030892 0.07797624 0.02857028 0.02165348 0.01174729 0.03509377 0.22903882 0.01265619 0.01519959 0.00740831 0.03823057 0.04249407 0.00425420 0.01403779 0.02273498
63 0.04732231 0.01708970 0.01358760 0.01325110 0.01089000 0.01364110 0.01433670 0.01879510 0.00780375 0.23083005 0.20153204 0.01035320 0.04867171 0.05940181 0.01210420 0.02845481 0.03457891 0.00350103 0.03108581 0.18276904
64 0.06646590 0.04135220 0.12699400 0.02748500 0.01591880 0.02363260 0.04112730 0.04279850 0.02658760 0.04472420 0.07967430 0.04993340 0.09485990 0.02941840 0.03359640 0.08052770 0.05259800 0.01160620 0.01409300 0.09660660
65 0.07013329 0.04160299 0.09927158 0.02591180 0.01288870 0.02273690 0.03888809 0.18181797 0.02407170 0.02781639 0.11240698 0.02758329 0.02047390 0.02086460 0.02671399 0.09585958 0.09732238 0.00809372 0.00717267 0.03836949
66 0.07239718 0.03696149 0.05202098 0.26801892 0.00733683 0.04841189 0.22040393 0.03653989 0.02834399 0.02252299 0.02776159 0.05010088 0.00890547 0.00539011 0.00896550 0.04895829 0.03455189 0.00253894 0.00527075 0.01459850
67 0.06988072 0.05925222 0.05243602 0.23314507 0.00682928 0.05249852 0.18989906 0.04023461 0.02554031 0.01926231 0.02874791 0.09452283 0.00682533 0.00737475 0.00747471 0.04778801 0.03394831 0.00236661 0.00745952 0.01451390
68 0.35718772 0.02407958 0.02207678 0.00677860 0.02983198 0.01055569 0.03721957 0.19683185 0.00573654 0.01057999 0.01886679 0.00708781 0.00507478 0.01142859 0.01745689 0.15796388 0.06345965 0.00236333 0.00234350 0.01307649
69 0.10503493 0.04348057 0.04269667 0.03188238 0.02272798 0.03077898 0.03685837 0.05314636 0.01965899 0.04717527 0.06913315 0.03533068 0.02404668 0.03664017 0.02253128 0.13110991 0.15438989 0.01446669 0.02122109 0.05768996
70 0.03488270 0.01299080 0.00730807 0.00140517 0.00963204 0.00794079 0.00453679 0.01049270 0.00173700 0.23971600 0.23800100 0.00348366 0.07733310 0.04561680 0.01216560 0.01999400 0.03044990 0.00286849 0.01226340 0.22718200
71 0.06638921 0.18751302 0.05758181 0.04890671 0.00436174 0.10705401 0.05361061 0.01492610 0.01911480 0.01141370 0.02725530 0.22165603 0.01134040 0.01162760 0.01606300 0.06496721 0.04668191 0.00279804 0.00595889 0.02077990
72 0.06853921 0.09014521 0.06700611 0.22998903 0.00836432 0.03348591 0.12903702 0.02584690 0.02528410 0.02219110 0.02820880 0.07753251 0.00682597 0.01235680 0.01257050 0.08764201 0.04260631 0.00505718 0.00852458 0.01878640
73 0.07859015 0.05090313 0.03755542 0.09838626 0.00874887 0.06211794 0.20814913 0.08776125 0.02554002 0.02085531 0.04142633 0.07871785 0.01670561 0.01485491 0.02258371 0.05339793 0.03385542 0.00752633 0.01518501 0.03713942
74 0.07495958 0.12278196 0.04640079 0.07092838 0.00922694 0.04613139 0.13723696 0.05078888 0.02185929 0.01875749 0.03470499 0.09042387 0.00952868 0.01355430 0.04450219 0.11813796 0.04059279 0.00909858 0.00963810 0.03074689
75 0.03611521 0.02639560 0.01188510 0.00835981 0.00843676 0.01326150 0.01376140 0.01195620 0.01186130 0.16695603 0.26638904 0.01861180 0.06050231 0.11080102 0.00923061 0.02877250 0.03028370 0.00928237 0.03999771 0.11714002
76 0.26333317 0.03592562 0.03191002 0.03546852 0.02403552 0.03116052 0.05017853 0.07454985 0.01976171 0.03616022 0.04817613 0.03616912 0.01453621 0.02303702 0.03295092 0.11224707 0.06335864 0.00718334 0.01263921 0.04721863
77 0.03898420 0.01526120 0.00981127 0.00352074 0.01039340 0.00924589 0.00793277 0.00937174 0.00627065 0.22707099 0.26163698 0.00814980 0.05715410 0.05153280 0.00966372 0.02291240 0.03236020 0.00307888 0.01475630 0.20089199
78 0.07142424 0.09045836 0.05624734 0.11529407 0.00664957 0.10657307 0.08700145 0.04269733 0.02865922 0.01971981 0.03608662 0.10563907 0.01019991 0.02380671 0.01454071 0.06095444 0.07640975 0.01082451 0.01173231 0.02508152
79 0.29530837 0.01341312 0.01964002 0.01047941 0.04610166 0.01181731 0.01779192 0.05789737 0.00667286 0.01102061 0.03752815 0.01003321 0.01184841 0.01277002 0.00998648 0.25905132 0.12539316 0.00442015 0.00655300 0.03227344
80 0.30896178 0.00882658 0.02264778 0.01033819 0.07319135 0.00918966 0.01437539 0.06108796 0.00632507 0.00895239 0.03086848 0.01094019 0.01035329 0.00977017 0.00795102 0.27106780 0.09868203 0.00235287 0.00561051 0.02850748
81 0.06133357 0.09428215 0.06794966 0.14060193 0.00896441 0.06564767 0.10283095 0.07057146 0.02539929 0.01521199 0.03098728 0.15360692 0.00857411 0.01643419 0.01288319 0.05186827 0.03415888 0.00391850 0.01337089 0.02140469
82 0.05097162 0.02181861 0.01671771 0.00787604 0.01082260 0.01092640 0.01217550 0.02138161 0.00887633 0.19523207 0.18817207 0.01076040 0.05518882 0.04405712 0.01860841 0.07075002 0.04586402 0.00543688 0.01501671 0.18934707
83 0.02421288 0.01396409 0.02373188 0.01033859 0.00572840 0.01045619 0.00931051 0.01154709 0.05993826 0.04693507 0.01794029 0.01369439 0.00617304 0.29366479 0.01007149 0.01727119 0.02906218 0.00660206 0.35151675 0.03784087
84 0.07096170 0.13059700 0.04508560 0.05185640 0.00660879 0.12007200 0.09038630 0.03960190 0.02390420 0.01637550 0.04064650 0.18365300 0.01238860 0.01858950 0.01334450 0.04321540 0.03951920 0.00664702 0.01862540 0.02792150
85 0.07359330 0.03731140 0.05167750 0.26985501 0.00735504 0.04968840 0.22022901 0.03425710 0.02845030 0.02278160 0.02776740 0.04979870 0.00852773 0.00525450 0.00879904 0.04813350 0.03429060 0.00253163 0.00505713 0.01464110
86 0.03925963 0.01533821 0.00990156 0.00368191 0.01044811 0.00934836 0.00778825 0.00976795 0.00704719 0.22438419 0.26242122 0.00788229 0.05730305 0.05073404 0.00980687 0.02428692 0.03245843 0.00343634 0.01484931 0.19985617
87 0.04016528 0.00693745 0.00868463 0.00173212 0.01316269 0.01086400 0.00536565 0.01309429 0.00289535 0.26842589 0.18687892 0.00464454 0.04208008 0.03857168 0.00783706 0.01375229 0.03009239 0.00351252 0.01664929 0.28465388
88 0.08070657 0.14250895 0.04913348 0.03696369 0.01009550 0.04127589 0.04817128 0.07278478 0.02159479 0.02565019 0.05017608 0.07051538 0.01467710 0.02104599 0.04322369 0.15171195 0.06020678 0.01234710 0.00858133 0.03862949
89 0.12897603 0.04101081 0.04449841 0.03383801 0.02324491 0.03075121 0.03844531 0.05602061 0.01931291 0.03015021 0.05523871 0.03159041 0.02027621 0.02396901 0.04158601 0.22377806 0.08848202 0.00994724 0.01326720 0.04561671
90 0.08904732 0.03185061 0.02983921 0.17364403 0.00407921 0.13632002 0.22296504 0.03602901 0.02891561 0.02539820 0.03072531 0.06348121 0.00889954 0.00563068 0.01253650 0.04292341 0.02031220 0.00255642 0.00441277 0.03043371
91 0.07145895 0.02489248 0.03146678 0.01005829 0.01998479 0.01577239 0.02027949 0.02596898 0.01670999 0.13320791 0.12474391 0.01895609 0.03755607 0.03491878 0.01885029 0.06920445 0.08930204 0.01343109 0.01747439 0.20576286
92 0.03381359 0.01104270 0.00545473 0.00156847 0.00985080 0.00724865 0.00278201 0.00674412 0.00157495 0.26418892 0.26564092 0.00321856 0.06079978 0.05474938 0.00681657 0.01640320 0.02844939 0.00086642 0.01391590 0.20487094
93 0.06861333 0.11062005 0.05734703 0.05183332 0.01694931 0.06402033 0.08680484 0.05092722 0.02661861 0.01739481 0.04535002 0.18484809 0.01444811 0.02559681 0.02190691 0.05110572 0.03889702 0.00772714 0.02543551 0.03355582
94 0.03581800 0.00682710 0.00547909 0.00089135 0.01183640 0.00833548 0.00174479 0.00683390 0.00121429 0.28336403 0.23820403 0.00288173 0.04726521 0.04806121 0.00457224 0.01189480 0.02866450 0.00083233 0.01586250 0.23941703
95 0.07268239 0.04001049 0.18492697 0.05663379 0.01525850 0.02199970 0.03035079 0.04567969 0.04745999 0.01879780 0.03231179 0.05674549 0.01420200 0.02775990 0.12424398 0.08889088 0.03985279 0.00779278 0.01332570 0.06107459
96 0.06897370 0.10914800 0.05787640 0.05170900 0.01739790 0.06322120 0.08609820 0.05223690 0.02624460 0.01822800 0.04523490 0.18374000 0.01411820 0.02565970 0.02226600 0.05083650 0.03984450 0.00755261 0.02480720 0.03480650
97 0.03589752 0.00691828 0.00557683 0.00095387 0.01186251 0.00832443 0.00178430 0.00688165 0.00125182 0.28318519 0.23771716 0.00287562 0.04765573 0.04801683 0.00451889 0.01210681 0.02878522 0.00086885 0.01575031 0.23906816
98 0.04951461 0.02999950 0.01956530 0.01505620 0.00936584 0.01677310 0.02326880 0.02812630 0.01321900 0.15796102 0.25263203 0.02228190 0.05725311 0.05374491 0.01662060 0.04333920 0.03840500 0.00683645 0.01925510 0.12678201
99 0.07892691 0.04129060 0.19207002 0.04711860 0.01815960 0.02859490 0.02930300 0.04333550 0.03706760 0.01630680 0.03851560 0.05474181 0.01400640 0.02293340 0.04206340 0.16099102 0.07196051 0.00614229 0.00786481 0.04860720
100 0.04837313 0.08434675 0.02522442 0.04684643 0.00613994 0.06694224 0.25450215 0.06141264 0.01948401 0.00873125 0.03066662 0.20485912 0.00772293 0.01229111 0.00865580 0.03130972 0.02531332 0.00637730 0.02182061 0.02898052
101 0.07748292 0.05257191 0.03769161 0.09972672 0.00923532 0.06203212 0.21006005 0.08352412 0.02504991 0.02036451 0.04025091 0.07990382 0.01638430 0.01481440 0.02233301 0.05457781 0.03545861 0.00781633 0.01416560 0.03655601
102 0.06672516 0.09292264 0.05224697 0.03288018 0.01787439 0.04783707 0.07505205 0.03473688 0.02967608 0.03474688 0.05913036 0.15308291 0.01801909 0.02815738 0.02356699 0.05142657 0.03818468 0.01378959 0.02384919 0.10609494
103 0.04872680 0.03040060 0.01913190 0.01533650 0.00953554 0.01731050 0.02396100 0.02970250 0.01334580 0.15699301 0.25192502 0.02275400 0.05700160 0.05341080 0.01656690 0.04339060 0.03795680 0.00680010 0.01906200 0.12668801
104 0.28489988 0.03345919 0.02619789 0.00956734 0.02712379 0.01594509 0.03604708 0.20368391 0.00738501 0.01478269 0.02624909 0.01044630 0.00736690 0.01370459 0.03093899 0.16573693 0.06284167 0.00359981 0.00301226 0.01701159
105 0.11753790 0.03386877 0.04407406 0.26458278 0.00741420 0.06358335 0.20599083 0.01270539 0.02513998 0.02536808 0.02677708 0.04527056 0.00630593 0.00519137 0.00951197 0.04830676 0.03494637 0.00224262 0.00343660 0.01774539
106 0.07305983 0.03722131 0.05156182 0.27105211 0.00732845 0.04895672 0.22080309 0.03468151 0.02836921 0.02266051 0.02755661 0.04966302 0.00857833 0.00514464 0.00887404 0.04854692 0.03419151 0.00241481 0.00504183 0.01429371
107 0.04688008 0.01754279 0.01310289 0.01318589 0.01062990 0.01378579 0.01387769 0.01897749 0.00756211 0.23172491 0.20421092 0.01096580 0.04854108 0.05880708 0.01208000 0.02824539 0.03390739 0.00331708 0.02998479 0.18267093
108 0.07225999 0.05840349 0.03066159 0.02575419 0.01384560 0.03369769 0.04143729 0.03186299 0.02609689 0.02730559 0.07081309 0.03534799 0.02674669 0.05048469 0.03329929 0.07838198 0.07332609 0.14448397 0.04143109 0.08435978
109 0.03704108 0.00598735 0.00583525 0.00086425 0.01244189 0.00871769 0.00181969 0.00742907 0.00143806 0.28506584 0.22782187 0.00305947 0.04395558 0.04565787 0.00433982 0.01117309 0.02914728 0.00096362 0.01621439 0.25102686
110 0.05304282 0.03103021 0.02569941 0.01476750 0.01291660 0.02278851 0.03527361 0.03014471 0.01518820 0.12211304 0.17011605 0.02400591 0.12368404 0.04268631 0.02570661 0.05595542 0.04566621 0.00923348 0.01473430 0.12524704
111 0.08103150 0.04305640 0.12062700 0.03875650 0.01350630 0.02432910 0.03464240 0.05563980 0.04048740 0.02694570 0.11671500 0.04253120 0.02442880 0.02012550 0.02694030 0.15937700 0.06692870 0.00684209 0.00807018 0.04901910
112 0.05616729 0.10311197 0.04203549 0.01727130 0.00742548 0.02679929 0.04279249 0.25181194 0.01685510 0.02685609 0.12455897 0.03994509 0.01288700 0.02273849 0.02832139 0.08869538 0.03558439 0.00986697 0.01855400 0.02772189
113 0.13726400 0.04617260 0.03763090 0.02132580 0.02059760 0.02682940 0.03492690 0.18806500 0.01171530 0.02244720 0.04274710 0.02032580 0.01152130 0.01854400 0.05018860 0.20105900 0.07139570 0.00624644 0.00547117 0.02552620
114 0.08318811 0.07045850 0.03783920 0.05070520 0.00879783 0.11710301 0.09198631 0.06456830 0.02579320 0.03573400 0.05261660 0.08422301 0.01757970 0.02756580 0.03644150 0.06715650 0.04534770 0.01130050 0.02318350 0.04841150
115 0.05753309 0.02402240 0.02646010 0.01176760 0.01501170 0.01877780 0.02443840 0.02432440 0.01521280 0.16127798 0.14265299 0.01984240 0.04625330 0.03876310 0.02010860 0.04095530 0.03808070 0.01094300 0.02107240 0.24250198
116 0.16538397 0.01822020 0.03008569 0.01690260 0.06455219 0.01422150 0.02158290 0.03670649 0.01395460 0.03755179 0.09563408 0.02052790 0.02578110 0.02207710 0.01418410 0.22247496 0.09946028 0.00679252 0.00965417 0.06425189
117 0.08255875 0.07024046 0.03880928 0.05137917 0.00909431 0.11597293 0.08944054 0.06687576 0.02682818 0.03527878 0.05373057 0.08512435 0.01791099 0.02692008 0.03459268 0.06730076 0.04678477 0.01131149 0.02161259 0.04823357
118 0.08720529 0.02677720 0.03731480 0.01362600 0.02840340 0.02462300 0.03688480 0.23378598 0.01187030 0.03946960 0.05007640 0.02308510 0.06489849 0.02475950 0.03218530 0.08880269 0.10825099 0.00830648 0.00619291 0.05348180
119 0.04908775 0.03017207 0.01993998 0.01581019 0.00967964 0.01707478 0.02323238 0.02812087 0.01328719 0.15807585 0.25148177 0.02265578 0.05723435 0.05348925 0.01635708 0.04255396 0.03837466 0.00670946 0.01903808 0.12762488
120 0.26171992 0.03599109 0.03189849 0.03324519 0.02384709 0.03020219 0.04819819 0.07324078 0.01946039 0.03690369 0.04949358 0.03586229 0.01528180 0.02379009 0.03356219 0.11238197 0.06421398 0.00765251 0.01273460 0.05031998
121 0.26575996 0.03582519 0.03199740 0.03537649 0.02374120 0.03061580 0.04890789 0.07295579 0.01974040 0.03753839 0.04963409 0.03654539 0.01481560 0.02292390 0.03261560 0.10913298 0.06316969 0.00736595 0.01202480 0.04931349
122 0.11534000 0.04819630 0.03844260 0.02109590 0.01548260 0.02735290 0.04188270 0.28953899 0.01199250 0.02223870 0.04587930 0.02128120 0.01041690 0.01611860 0.04132060 0.14453500 0.05688030 0.00499635 0.00481877 0.02218980
123 0.08977522 0.03565331 0.02612790 0.01100630 0.01660460 0.01566170 0.02127720 0.15832903 0.01010960 0.07813011 0.04872281 0.01027920 0.01732750 0.02558490 0.02780450 0.19811503 0.15065603 0.00616891 0.00502882 0.04763731
124 0.03417650 0.01258990 0.00668901 0.00124973 0.00962932 0.00745443 0.00365685 0.00924103 0.00162934 0.24758897 0.24528597 0.00325509 0.07308079 0.04839179 0.01049310 0.01896710 0.02999200 0.00221664 0.01290650 0.22150597
125 0.04055042 0.01100080 0.01030080 0.00295624 0.01249731 0.01014780 0.00706328 0.01124000 0.00661238 0.24228510 0.22054009 0.00685300 0.04560922 0.04252312 0.00857720 0.01925791 0.03232511 0.00400479 0.01600731 0.24964810
126 0.15179503 0.03674911 0.02960251 0.01512760 0.02699411 0.02182990 0.02782931 0.03179711 0.01285660 0.05097131 0.07961382 0.03179231 0.08541702 0.02897171 0.02236560 0.12735103 0.12424903 0.01079940 0.00997038 0.07391712
127 0.08149053 0.08419883 0.07463133 0.05560472 0.01758221 0.04985752 0.06217582 0.03550561 0.02417561 0.01857561 0.03891621 0.13884705 0.01403721 0.02048321 0.03930421 0.14397805 0.04585402 0.00671402 0.01167480 0.03639341
128 0.06071295 0.08109663 0.13258189 0.05819215 0.00980987 0.08977142 0.05096346 0.06984464 0.03339527 0.01720039 0.03665947 0.10207891 0.01288079 0.01999388 0.02584208 0.08116453 0.06652934 0.00600002 0.00959623 0.03568607
129 0.03284888 0.01486039 0.00604746 0.00346529 0.00862219 0.00743001 0.00509113 0.00760854 0.00246236 0.24048488 0.28392886 0.00446523 0.06951867 0.05917887 0.00869430 0.02169089 0.02887619 0.00150437 0.01344959 0.17977191
130 0.13116499 0.02336630 0.02916920 0.01567560 0.01808140 0.02330060 0.02853170 0.02507840 0.01718390 0.11829899 0.10427099 0.02221080 0.03538280 0.02769180 0.03301150 0.06233759 0.04730390 0.01205020 0.01310740 0.21278198
131 0.07224566 0.15527391 0.04899377 0.04785357 0.00931844 0.05180107 0.06106727 0.05575327 0.02394309 0.03140328 0.06420956 0.10797094 0.02005489 0.02946218 0.02538359 0.06776566 0.04933297 0.01215069 0.02169219 0.04432398
132 0.03919701 0.01493470 0.00942416 0.00381011 0.01041180 0.00961583 0.00802509 0.00980943 0.00629603 0.22574807 0.26250508 0.00778144 0.05736042 0.05114282 0.00990157 0.02339301 0.03233331 0.00319362 0.01464340 0.20047306
133 0.07495939 0.04663239 0.06617649 0.24847197 0.00978436 0.03548090 0.14587498 0.04048079 0.02906890 0.02602970 0.03431360 0.05448809 0.00815063 0.01965520 0.01447340 0.05970419 0.03941499 0.00659975 0.01929010 0.02095020
134 0.05782364 0.01268551 0.01009751 0.00587096 0.01324521 0.01246301 0.00753521 0.00938790 0.01011621 0.22576114 0.20460813 0.01257051 0.03386372 0.05419563 0.00668604 0.02101941 0.03372592 0.00802908 0.04574813 0.21456713
135 0.13118014 0.02581863 0.02324722 0.02114112 0.01528362 0.02275562 0.03104983 0.03074933 0.01685582 0.11403112 0.19151120 0.02397183 0.03523344 0.03647074 0.02240982 0.07434378 0.05591696 0.00642604 0.01401261 0.10759112
136 0.03213250 0.02685590 0.02277630 0.02020190 0.00815980 0.01756550 0.02046260 0.01644510 0.04335930 0.06007010 0.04772580 0.02955470 0.01168040 0.22351500 0.01126150 0.02571740 0.03032600 0.01188460 0.29020200 0.05010360
137 0.04917117 0.02959838 0.01892889 0.01582219 0.00949753 0.01720589 0.02361109 0.02714049 0.01255139 0.15827592 0.25326587 0.02126209 0.05758087 0.05390367 0.01580909 0.04384158 0.03911228 0.00692138 0.01888329 0.12761693
138 0.04706832 0.02649801 0.02824701 0.01791701 0.01122300 0.01688571 0.01634001 0.02464931 0.03221951 0.08825063 0.09563133 0.02425141 0.02596791 0.19792107 0.01415710 0.03854431 0.03947751 0.00982187 0.17589606 0.06903292
139 0.07302530 0.03392020 0.04368460 0.03429840 0.01287020 0.03783850 0.06957990 0.39177399 0.01566970 0.02061780 0.04229480 0.03771420 0.01144140 0.01597320 0.02410310 0.05856910 0.03514750 0.00431095 0.00887508 0.02829210
140 0.03063720 0.01364540 0.00532221 0.00245673 0.00805117 0.00593197 0.00356627 0.00543132 0.00268615 0.23282798 0.29600398 0.00430367 0.06952810 0.08476899 0.00656622 0.01911460 0.02535000 0.00152636 0.01805270 0.16422899
141 0.17152993 0.02813539 0.03226849 0.01513169 0.03380559 0.02070619 0.02578109 0.03599719 0.01282490 0.03211189 0.06176348 0.02258539 0.07641297 0.02092909 0.03014849 0.20721192 0.09026747 0.00814543 0.00815785 0.06608557
142 0.05640427 0.02353783 0.02726973 0.01226601 0.01524382 0.01849452 0.02433203 0.02547043 0.01583592 0.16078219 0.14275317 0.01987482 0.04689146 0.03880085 0.01932482 0.04071565 0.03718704 0.01092861 0.02127753 0.24260929
143 0.07219871 0.03450320 0.04418701 0.03378570 0.01233770 0.03767460 0.07025051 0.39740405 0.01521380 0.02025650 0.04286401 0.03740870 0.01099220 0.01549880 0.02292910 0.05775421 0.03440890 0.00406341 0.00873267 0.02753620
144 0.10834593 0.07430975 0.06779446 0.15858090 0.01161009 0.05650296 0.10136793 0.02095339 0.02194429 0.01955779 0.02718898 0.11825092 0.00820585 0.01483279 0.01615009 0.10321793 0.03461868 0.00336379 0.00718240 0.02602108
145 0.28549213 0.03158051 0.02659741 0.01008300 0.02804221 0.01617731 0.03482592 0.18861309 0.00724624 0.01407371 0.02666401 0.01015290 0.00748164 0.01351851 0.03125311 0.17895408 0.06443793 0.00357489 0.00338457 0.01784681
146 0.03362277 0.01003309 0.00527396 0.00101973 0.01036149 0.00715317 0.00216043 0.00621930 0.00142250 0.26482974 0.26383974 0.00289411 0.05773194 0.05273505 0.00614945 0.01503299 0.02812157 0.00075330 0.01427089 0.21637479
147 0.24163708 0.01986191 0.02609141 0.01813841 0.03948451 0.01865191 0.02030521 0.04606111 0.00974717 0.01491070 0.03997991 0.01440900 0.01294500 0.01384390 0.02425861 0.30080410 0.09121013 0.00475800 0.00992251 0.03297941
148 0.09707874 0.03935398 0.03880528 0.04496607 0.01024689 0.03518888 0.11409393 0.23019786 0.01705769 0.06466406 0.04477967 0.02908078 0.01383749 0.01763809 0.03164058 0.07621405 0.04130347 0.00603382 0.01045919 0.03735948
149 0.03353139 0.01103840 0.00536827 0.00163807 0.00991491 0.00711797 0.00282755 0.00678003 0.00161105 0.26419391 0.26552791 0.00303168 0.06098788 0.05464758 0.00661341 0.01650229 0.02834829 0.00082649 0.01420500 0.20528793
150 0.02577872 0.02028132 0.00453554 0.00143400 0.00558469 0.00407445 0.00404060 0.00511095 0.00138243 0.22015019 0.31717527 0.00236165 0.10381509 0.06024325 0.01342001 0.02577372 0.03055643 0.00068870 0.00853484 0.14505812
151 0.09054400 0.04874810 0.03797670 0.01567750 0.01545640 0.04518350 0.03996960 0.14659000 0.01326790 0.02099620 0.03407270 0.03079600 0.01323330 0.01396630 0.23153100 0.11746000 0.04269390 0.00857064 0.00592906 0.02733720
152 0.07362308 0.15396896 0.04802179 0.04768979 0.00911034 0.05139269 0.06202319 0.05502259 0.02369079 0.03233949 0.06585568 0.10801097 0.02069570 0.02865009 0.02579429 0.06759518 0.04865629 0.01237280 0.02128809 0.04419819
153 0.10100993 0.04634647 0.04732377 0.02166088 0.01408819 0.04198207 0.04095187 0.06420406 0.02417508 0.03484598 0.05396736 0.03373048 0.02249048 0.02323288 0.20320086 0.10519893 0.04424197 0.01045899 0.01500949 0.05188026
154 0.03581238 0.01357469 0.01517609 0.00813729 0.00892896 0.00940966 0.00626791 0.01116649 0.01700989 0.18383691 0.17881191 0.00905156 0.04213428 0.15615993 0.00836910 0.02134379 0.02986979 0.00339850 0.11253495 0.12900594
155 0.20121310 0.04020902 0.03286742 0.01120641 0.02317441 0.01738281 0.02788321 0.17448609 0.01015130 0.02150961 0.07799284 0.01148091 0.01178371 0.01533141 0.02992161 0.19193709 0.06677243 0.00469043 0.00471758 0.02528861
156 0.07543011 0.05519691 0.14812403 0.06559031 0.01514130 0.03253281 0.04718431 0.06729651 0.03850011 0.02787180 0.04611081 0.06643781 0.01665560 0.03383861 0.03831531 0.08771261 0.05481641 0.00756123 0.02063890 0.05504451
157 0.02796321 0.01942610 0.00617986 0.00135783 0.00629214 0.00446432 0.00386746 0.00539247 0.00207533 0.21679504 0.31191906 0.00305178 0.09490162 0.05781831 0.01230220 0.02506230 0.02991381 0.00124316 0.00927797 0.16069603
158 0.03133519 0.02375459 0.02990959 0.05007478 0.01030560 0.02139169 0.01561429 0.02107749 0.03621649 0.05790428 0.04460869 0.03101299 0.00985653 0.22782092 0.01105320 0.02734909 0.02655199 0.01830439 0.27451391 0.03134429
159 0.03919991 0.00488467 0.00674853 0.00096524 0.01313600 0.00996220 0.00255136 0.00987596 0.00171454 0.28952109 0.20329206 0.00346603 0.03865881 0.04112751 0.00498702 0.01086900 0.02993161 0.00177383 0.01684551 0.27048909
160 0.05892520 0.16297601 0.08436010 0.05388710 0.00567232 0.10401700 0.05015250 0.03639010 0.02204540 0.01014490 0.02852290 0.22652701 0.01162000 0.01291910 0.00886321 0.04707310 0.04769960 0.00233493 0.00563340 0.02023610
161 0.03338350 0.01828800 0.01844580 0.01184080 0.00867743 0.01311870 0.01223670 0.01223450 0.03824651 0.10686401 0.07877981 0.01795530 0.01681190 0.19036403 0.00917430 0.02089500 0.03042460 0.00978503 0.24188303 0.11059102
162 0.03225400 0.02701770 0.02231300 0.02094040 0.00828392 0.01732250 0.02060750 0.01697010 0.04306789 0.05993719 0.04719259 0.02941060 0.01134730 0.22283297 0.01105290 0.02688020 0.03065740 0.01161710 0.29098397 0.04931079
163 0.31434706 0.03127621 0.02619170 0.00785904 0.01831980 0.01346470 0.04821011 0.29672005 0.00702735 0.01254240 0.02275700 0.00931091 0.00529554 0.01225880 0.01439570 0.09281942 0.05114881 0.00235077 0.00201141 0.01169320
164 0.03847400 0.00589201 0.00684972 0.00120485 0.01279610 0.00981532 0.00237039 0.00932697 0.00185616 0.28806903 0.21035703 0.00353894 0.04089280 0.04345581 0.00520168 0.01180570 0.02997110 0.00152724 0.01731910 0.25927603
165 0.06797477 0.04131348 0.05735858 0.21885391 0.00933963 0.03382429 0.12275895 0.02492639 0.03090329 0.03846348 0.08732286 0.04704788 0.01231459 0.02543939 0.01362359 0.05894637 0.04060678 0.01311039 0.02657719 0.02929419
166 0.03888754 0.02371392 0.01111371 0.00819978 0.00703554 0.00792060 0.01051891 0.01828782 0.00604168 0.19293719 0.27729427 0.00734522 0.08117838 0.05365535 0.01678372 0.06165436 0.03838744 0.00267715 0.01054831 0.12581912
167 0.12896891 0.05031226 0.03363808 0.01765009 0.01653819 0.02370908 0.03339978 0.26254581 0.00997698 0.02170138 0.04442207 0.01598199 0.00885975 0.01649679 0.03951927 0.18656587 0.06303556 0.00462773 0.00368503 0.01836539
168 0.06209668 0.08815967 0.05104688 0.03007719 0.01570740 0.04341699 0.07171758 0.03184299 0.03117619 0.04436539 0.06218928 0.12391696 0.02142939 0.02669999 0.02355349 0.05310868 0.03486089 0.01635850 0.01992689 0.14834896
169 0.08248400 0.06942490 0.03901230 0.05112050 0.00861058 0.11746400 0.09224710 0.06509340 0.02603980 0.03577630 0.05224460 0.08310010 0.01752200 0.02723480 0.03570660 0.06837410 0.04673230 0.01133520 0.02150910 0.04896830
170 0.03658401 0.04960932 0.01498261 0.01965901 0.01100530 0.02938011 0.03279621 0.01582701 0.02671301 0.11660605 0.19390008 0.05389462 0.02662861 0.07856043 0.00792860 0.02346561 0.02589911 0.02545121 0.10724104 0.10386804
171 0.07333038 0.15303895 0.04803158 0.04634149 0.00917242 0.05237918 0.06128368 0.05628268 0.02359649 0.03224749 0.06576358 0.10707497 0.02038159 0.02901609 0.02739949 0.06850748 0.04907028 0.01136390 0.02215009 0.04356819
172 0.02222669 0.03223098 0.00490814 0.00190977 0.00300511 0.00283540 0.00479242 0.00495497 0.00145742 0.19458690 0.34254483 0.00322386 0.12651894 0.05795277 0.01820189 0.03174918 0.03121898 0.00091625 0.00566957 0.10909594
173 0.07506634 0.04647742 0.06559243 0.24944912 0.00995951 0.03671972 0.14703707 0.03972632 0.02869741 0.02611831 0.03398652 0.05457483 0.00880772 0.01917591 0.01417151 0.06024123 0.03924652 0.00595988 0.01868011 0.02031211
174 0.07961998 0.05245048 0.03757789 0.09949077 0.00887713 0.06319628 0.20760394 0.08616847 0.02572479 0.02076409 0.04151169 0.07724578 0.01577820 0.01492310 0.02204119 0.05300658 0.03447589 0.00777777 0.01499480 0.03677119
175 0.07530158 0.03790499 0.05642038 0.31298292 0.00835129 0.03253259 0.20999994 0.02193159 0.02788619 0.02359999 0.02760159 0.04305029 0.00700038 0.00469468 0.00745146 0.04809609 0.03808949 0.00204780 0.00480866 0.01024810
176 0.07339213 0.03457611 0.06024352 0.19306608 0.00739178 0.06386923 0.19078808 0.03466361 0.02949051 0.02372931 0.03580391 0.04290522 0.01297541 0.01102770 0.05179252 0.05921822 0.03612311 0.00488019 0.00686502 0.02719831
177 0.09550721 0.03130190 0.05366740 0.01964800 0.01545630 0.01877320 0.02986830 0.03218660 0.02709350 0.06592970 0.07030390 0.02281500 0.04792470 0.01972120 0.09732941 0.06046300 0.03654310 0.01882920 0.00989034 0.22674801
178 0.18217413 0.01235091 0.02554912 0.01035391 0.11619708 0.01212541 0.01550451 0.04431513 0.01125791 0.05043933 0.05672564 0.03246192 0.02444652 0.02089681 0.02618562 0.11679008 0.09006216 0.01303331 0.00794342 0.13118709
179 0.07835731 0.03126850 0.01895430 0.08197231 0.00385251 0.14299001 0.27865703 0.06335731 0.02398590 0.01999330 0.03232090 0.07919161 0.01297150 0.00644186 0.01716030 0.03537960 0.01795850 0.00479882 0.00786342 0.04252500
