1 0.29501992 0.01277870 0.01677860 0.02646879 0.07737538 0.01178870 0.01444520 0.08730508 0.00735809 0.03083729 0.03226369 0.02103589 0.01950769 0.01812120 0.02483919 0.16214096 0.08724958 0.00238804 0.00862683 0.04367119
2 0.14017294 0.02189249 0.02209039 0.01972879 0.02122909 0.01746689 0.01684419 0.03510029 0.02004339 0.04851648 0.12942295 0.02281199 0.02709029 0.15498394 0.01765169 0.07458017 0.06126038 0.01356759 0.07463987 0.06090618
3 0.19738403 0.02785420 0.02941720 0.03352910 0.03231150 0.02652770 0.04195181 0.06554091 0.01770400 0.03365740 0.05474831 0.03558040 0.02697050 0.03166240 0.03242370 0.17804702 0.07297821 0.00622857 0.01528830 0.04019471
4 0.06910499 0.02896980 0.02215880 0.01612620 0.01221390 0.02045530 0.02058650 0.03109350 0.01314330 0.17227098 0.19144597 0.02774900 0.04221219 0.03187420 0.01475110 0.04058289 0.03722599 0.00503534 0.01803110 0.18496897
5 0.06320806 0.01342499 0.01161539 0.00388598 0.00886115 0.00826297 0.00426769 0.01618209 0.00699489 0.23540285 0.24877184 0.00819590 0.05043197 0.03029578 0.00868927 0.02733068 0.02808138 0.00311324 0.01009399 0.21288987
6 0.07565638 0.05824058 0.04557159 0.03328659 0.01551140 0.08215738 0.04755599 0.02884199 0.02244349 0.04833739 0.08334348 0.06582988 0.03079009 0.02483269 0.02291259 0.07602888 0.11763697 0.00509697 0.01897549 0.09695017
7 0.10871508 0.04036643 0.03884743 0.04091813 0.02284952 0.03676863 0.04887724 0.05798474 0.02327602 0.04555113 0.06760745 0.04565333 0.03460063 0.03645963 0.03341972 0.16259812 0.07347525 0.00849417 0.02666512 0.04687223
8 0.07096236 0.13561991 0.04978197 0.03483948 0.01819199 0.05708996 0.06053716 0.04308357 0.02545468 0.03009678 0.05038557 0.16863789 0.02295729 0.01970279 0.02781548 0.06801976 0.05127457 0.00504663 0.01613599 0.04436617
9 0.07470991 0.03419721 0.06016611 0.14404703 0.00726367 0.04825951 0.19601004 0.12719302 0.02619650 0.01562770 0.02804091 0.04649911 0.01354110 0.00916419 0.02747590 0.06443001 0.03205641 0.00282216 0.01349140 0.02880811
10 0.10765398 0.03523540 0.03856789 0.03221550 0.02345900 0.02961030 0.03522560 0.03513980 0.01649260 0.03854579 0.06438469 0.03590319 0.04018949 0.04195739 0.01699200 0.18983597 0.15747398 0.00567704 0.01825400 0.03718639
11 0.07177806 0.14237593 0.04550118 0.03082808 0.01679289 0.05139107 0.05024267 0.03121858 0.02586379 0.02797099 0.04718258 0.09838495 0.02912759 0.02511389 0.02437319 0.14932193 0.06971187 0.01020809 0.01694469 0.03566798
12 0.05201843 0.01214471 0.01121601 0.00302858 0.00763197 0.00748975 0.00322723 0.01557481 0.00664906 0.24468612 0.25313512 0.00696563 0.05333543 0.02958671 0.00750715 0.02494361 0.02683641 0.00340264 0.01158751 0.21903311
13 0.07307540 0.03785100 0.07766200 0.02938020 0.01301430 0.03129720 0.04020330 0.03475000 0.01698520 0.05532550 0.14530500 0.04858750 0.03012800 0.04763970 0.01884550 0.08019360 0.12406000 0.00512959 0.02019890 0.07036810
14 0.05284778 0.01230500 0.01121960 0.00314581 0.00757472 0.00736926 0.00344788 0.01537540 0.00670924 0.24151793 0.25646593 0.00687671 0.05196188 0.03078249 0.00766528 0.02376049 0.02651109 0.00337339 0.01103420 0.22005594
15 0.04984212 0.02261851 0.02329831 0.01879791 0.02384371 0.02460891 0.02214161 0.02454331 0.02419571 0.11287505 0.08898214 0.02434591 0.09478354 0.07448203 0.01375021 0.09671644 0.05874642 0.01917201 0.11971905 0.06253713
16 0.05428935 0.01828382 0.01983002 0.01403121 0.01925962 0.01296641 0.01409761 0.01719472 0.02765132 0.07127366 0.17745616 0.01681272 0.02630782 0.15363314 0.01360571 0.04308144 0.04301684 0.02450162 0.15791814 0.07478867
17 0.10409299 0.02956800 0.02940230 0.03760820 0.01620820 0.05383809 0.04721679 0.06365539 0.02744320 0.02937800 0.06456369 0.04634759 0.01973340 0.02243270 0.20739998 0.08514819 0.04728059 0.00887662 0.02115960 0.03864650
18 0.07175863 0.04142796 0.02798327 0.02344458 0.01746248 0.03044287 0.03105547 0.03238377 0.01878138 0.12358688 0.13057587 0.03986116 0.07841212 0.03349787 0.01942628 0.08506932 0.05717684 0.00727498 0.02556937 0.10480890
19 0.18519798 0.01771480 0.02313930 0.06110659 0.06079199 0.01743020 0.01934410 0.05217709 0.01931680 0.02965910 0.07345089 0.02370840 0.02316150 0.09932219 0.02056010 0.10039999 0.06549729 0.01026690 0.05465909 0.04309570
20 0.07699871 0.04971180 0.05843831 0.12695501 0.00927754 0.05513971 0.19170102 0.05544061 0.02463920 0.01899540 0.03894520 0.06189501 0.01763330 0.01311270 0.02959800 0.07408261 0.04407420 0.00392516 0.01647340 0.03296310
21 0.09067230 0.03219380 0.06184170 0.14816601 0.01663970 0.04008280 0.10924000 0.05947830 0.01929300 0.01880800 0.04325780 0.04252470 0.02025680 0.01749520 0.02609810 0.09282140 0.10973000 0.00370706 0.01465520 0.03303810
22 0.08010830 0.03200210 0.06692950 0.17451000 0.01140090 0.04512720 0.15008300 0.07398480 0.02335060 0.01877670 0.03599320 0.04668880 0.01604070 0.01645410 0.02775240 0.07689840 0.04689720 0.00421981 0.01993730 0.03284500
23 0.05728143 0.21020312 0.07115354 0.03057562 0.01718731 0.06206494 0.05483183 0.02939782 0.02966552 0.02608192 0.03521192 0.15989109 0.02372371 0.01516341 0.01457731 0.06118534 0.04266783 0.00317061 0.01396281 0.04200292
24 0.04194580 0.01765750 0.02916490 0.01867860 0.02422820 0.01998190 0.01458010 0.01110750 0.06504601 0.03154830 0.08109861 0.01756070 0.01484830 0.18506402 0.01858330 0.04263530 0.01761090 0.03939680 0.27166903 0.03759420
25 0.15072095 0.02818979 0.05263068 0.13588896 0.02105239 0.03800449 0.12118196 0.07277698 0.02092019 0.01823309 0.03788109 0.04086469 0.01746289 0.01906369 0.03018559 0.08809727 0.05415728 0.00356751 0.01421610 0.03490439
26 0.08026466 0.07648266 0.04063768 0.02162349 0.01824079 0.03752828 0.03393138 0.03550898 0.02202779 0.02612129 0.06765687 0.12686194 0.02578259 0.09350316 0.02187689 0.11963194 0.06608877 0.00926628 0.03959068 0.03737388
27 0.06858810 0.11982399 0.05219540 0.07341680 0.01379340 0.06018340 0.13549899 0.03673740 0.02259320 0.01968360 0.03354300 0.14800299 0.01948890 0.01000280 0.02708090 0.06974420 0.04338660 0.00319215 0.01084190 0.03220230
28 0.18284904 0.03447591 0.03077931 0.03716601 0.02850831 0.02765001 0.04397471 0.07778342 0.01684810 0.05345451 0.07990412 0.04071961 0.02432541 0.03492241 0.03391531 0.09725282 0.06338231 0.00533979 0.01995720 0.06679171
29 0.06581979 0.02179410 0.01999060 0.01366230 0.01191100 0.01770580 0.01845640 0.02768800 0.01384470 0.15693298 0.22041497 0.02278650 0.04174109 0.05329239 0.01809360 0.04472579 0.04414569 0.00665683 0.02681850 0.15351898
30 0.05645723 0.02159331 0.02563052 0.01833791 0.02218361 0.01717281 0.01518831 0.01587321 0.05920264 0.02987922 0.09148515 0.02284921 0.01689741 0.20422412 0.01884181 0.05154603 0.02734162 0.03469392 0.21298213 0.03761982
31 0.08771613 0.02681111 0.04446552 0.12009604 0.01134980 0.04986652 0.10184504 0.06544892 0.02321531 0.01471941 0.03896311 0.04882982 0.01398751 0.01420201 0.16644506 0.08010953 0.04383232 0.00626913 0.01524001 0.02658771
32 0.12644808 0.02311111 0.04346353 0.04678763 0.02437441 0.02365001 0.03954012 0.20995013 0.01553021 0.02483401 0.04308593 0.03277312 0.02130641 0.02074751 0.03080992 0.16400610 0.04802323 0.00753580 0.01844281 0.03557992
33 0.07412914 0.01395001 0.01338851 0.00713599 0.00982929 0.01115251 0.00842683 0.01978811 0.00839130 0.20564112 0.24054113 0.01112301 0.04581623 0.03321132 0.01001501 0.02899752 0.03318592 0.00331254 0.01141741 0.21054712
34 0.05217117 0.01854209 0.01607799 0.00562758 0.00941088 0.01308999 0.00739491 0.01731619 0.01969199 0.23119687 0.21594288 0.01521869 0.05026987 0.02898168 0.00956365 0.03202208 0.02788608 0.00543872 0.01923979 0.20491689
35 0.10775997 0.04038759 0.03874999 0.04109469 0.02268879 0.03700329 0.04978069 0.05700668 0.02340399 0.04574449 0.06778338 0.04600069 0.03415649 0.03708559 0.03373779 0.16219595 0.07177698 0.00886048 0.02797199 0.04681049
36 0.08074521 0.04922081 0.08568331 0.06303621 0.01674100 0.04191691 0.06448971 0.06568931 0.02816110 0.02577440 0.04988621 0.05655341 0.02645900 0.02922800 0.02430830 0.15618902 0.07297101 0.00547495 0.02163940 0.03583271
37 0.19691204 0.02556290 0.02889711 0.03149341 0.03184491 0.02550140 0.03936261 0.06063731 0.01813130 0.03223851 0.05373931 0.03303471 0.02813131 0.03214101 0.03126131 0.19795304 0.07420881 0.00619091 0.01518060 0.03757751
38 0.08033944 0.03197108 0.06702295 0.17350288 0.01120889 0.04594237 0.15096890 0.07368195 0.02365528 0.01885899 0.03583668 0.04683307 0.01627099 0.01624119 0.02809018 0.07667535 0.04668617 0.00409089 0.01959739 0.03252538
39 0.26402583 0.02245589 0.01980769 0.02638468 0.07234355 0.01635109 0.01775239 0.08810534 0.00968980 0.03556148 0.04562607 0.02935758 0.01911019 0.02631978 0.02881708 0.12518192 0.08085965 0.00385342 0.01695149 0.05144507
40 0.10809101 0.03981601 0.03835570 0.04098001 0.02264150 0.03637350 0.04885731 0.05788011 0.02317540 0.04705851 0.06879891 0.04466571 0.03453170 0.03650720 0.03266330 0.16276102 0.07300231 0.00866957 0.02738660 0.04778461
41 0.25204618 0.02302412 0.02585592 0.03114292 0.04035273 0.02192622 0.03462352 0.07831056 0.01405991 0.02936192 0.04615543 0.03122922 0.02188322 0.02682312 0.03145732 0.16111911 0.07386215 0.00437279 0.01131601 0.04107763
42 0.22760206 0.02590991 0.02837071 0.03337011 0.03711781 0.02401151 0.03876301 0.07691862 0.01557510 0.03121361 0.04982101 0.03399711 0.02356631 0.02827081 0.03275231 0.15973804 0.07318282 0.00503385 0.01323130 0.04155401
43 0.17423602 0.02267750 0.01978190 0.02205720 0.05474361 0.01935480 0.02026980 0.04819361 0.01342760 0.06780621 0.13500202 0.02750280 0.02758880 0.05631271 0.02050660 0.08749971 0.06544661 0.00697047 0.03055390 0.08006811
44 0.09390931 0.02825440 0.02726870 0.02022330 0.01869410 0.02281470 0.02608880 0.03618250 0.01206870 0.10662901 0.14189401 0.03340300 0.03513710 0.03795960 0.01640540 0.06621671 0.11369301 0.00515821 0.02089940 0.13710001
45 0.05271615 0.01301711 0.01178841 0.00339275 0.00752881 0.00757985 0.00370830 0.01583932 0.00665566 0.24483724 0.24848924 0.00787690 0.05133535 0.02737823 0.00724415 0.02306042 0.02569462 0.00296382 0.00941246 0.22948122
46 0.08001249 0.03140719 0.06710159 0.17466897 0.01123320 0.04610499 0.15072397 0.07363769 0.02340060 0.01879120 0.03630129 0.04635069 0.01596630 0.01643180 0.02773880 0.07674739 0.04703209 0.00424758 0.02007340 0.03202879
47 0.05050131 0.27285808 0.05037041 0.00863603 0.01965261 0.07216122 0.04746641 0.00994847 0.02465161 0.02111161 0.02310751 0.23217407 0.02535241 0.00910702 0.00959662 0.04690261 0.02951781 0.00135211 0.00723597 0.03829611
48 0.07652993 0.05753702 0.04301132 0.04650152 0.01587921 0.09749223 0.06309852 0.03378391 0.03619691 0.02581621 0.05068932 0.06286612 0.03108221 0.01982291 0.05834862 0.15679305 0.05987802 0.00745315 0.01813771 0.03908211
49 0.07467523 0.07003933 0.03538881 0.02106841 0.04836952 0.03908492 0.03482631 0.04187792 0.02215381 0.04496422 0.13618406 0.11734605 0.02560511 0.03737902 0.02726781 0.06752043 0.06583843 0.00752149 0.02450141 0.05838772
50 0.07669489 0.08122109 0.04509109 0.02416380 0.01877810 0.04281299 0.04075649 0.03704799 0.02203610 0.02521980 0.06678699 0.16562797 0.01953690 0.02130810 0.02495470 0.07593629 0.15370997 0.00477458 0.01269250 0.04084969
51 0.10829511 0.04052204 0.03854304 0.04159834 0.02281582 0.03679614 0.04972685 0.05696426 0.02314812 0.04678675 0.06797677 0.04517905 0.03458533 0.03660504 0.03356313 0.16057816 0.07257417 0.00874220 0.02748213 0.04751755
52 0.05031897 0.27285085 0.05018977 0.00858089 0.01961989 0.07198316 0.04754407 0.00992220 0.02470879 0.02103939 0.02333369 0.23199387 0.02540769 0.00921164 0.00971781 0.04704417 0.02939648 0.00143093 0.00729206 0.03841368
53 0.05897248 0.02148259 0.01642279 0.00888119 0.01229170 0.01366660 0.01137510 0.02165039 0.01020890 0.22005792 0.20784893 0.01830559 0.05235378 0.02977939 0.01147220 0.04116759 0.03490739 0.00546026 0.02009929 0.18359594
54 0.08290044 0.03175891 0.02868241 0.02661731 0.02283551 0.03322362 0.03095891 0.03005191 0.02162251 0.07873654 0.08152034 0.03309582 0.09182114 0.03673172 0.01970071 0.17640908 0.08369624 0.00938783 0.02818451 0.05206452
55 0.05606713 0.22408711 0.04818012 0.02905501 0.01824851 0.07013703 0.08731624 0.01738831 0.02148981 0.02055631 0.02529751 0.20290010 0.02363281 0.00860970 0.01560221 0.05523213 0.03344392 0.00181150 0.00760063 0.03334392
56 0.07709500 0.04225250 0.08341559 0.13810199 0.00837618 0.04785160 0.18159899 0.05330630 0.02511830 0.01436260 0.03233780 0.05732500 0.01653660 0.00956696 0.02154230 0.09856699 0.04929660 0.00249342 0.01218090 0.02867440
57 0.09487339 0.02954550 0.02972250 0.02174260 0.01965740 0.02660320 0.02525780 0.04662039 0.01564300 0.11881698 0.10288999 0.04254659 0.03142110 0.02334390 0.10556099 0.06147759 0.09672319 0.00864993 0.01816420 0.08073979
58 0.18249596 0.02152630 0.04660069 0.11068997 0.02939479 0.02614459 0.08916408 0.16254496 0.01510050 0.01455860 0.02688659 0.03091879 0.01228590 0.01382290 0.02956489 0.09161938 0.05014449 0.00243123 0.01071550 0.03338989
59 0.04462108 0.01487669 0.01785179 0.01280109 0.02497759 0.01493459 0.01523059 0.02069929 0.02080149 0.14839193 0.08753896 0.01777219 0.06631357 0.07781646 0.01068969 0.08925416 0.08223026 0.02136029 0.14947093 0.06236737
60 0.06917121 0.01782430 0.01429810 0.00693916 0.02610430 0.01170840 0.00737494 0.02134770 0.00865605 0.21724102 0.19897302 0.01615920 0.05034750 0.02773010 0.00921562 0.04562640 0.03637540 0.00489485 0.01962770 0.19038502
61 0.06658668 0.02154609 0.02037039 0.01357400 0.01195720 0.01785899 0.01820669 0.02829859 0.01389840 0.15573695 0.22014593 0.02227439 0.04170279 0.05355798 0.01815079 0.04513839 0.04446269 0.00668081 0.02701229 0.15283995
62 0.05039940 0.01139650 0.01073940 0.00283416 0.00811148 0.00746178 0.00284785 0.01467150 0.00661641 0.24533800 0.24794500 0.00588047 0.06276470 0.02686940 0.00656765 0.03015140 0.02994920 0.00374918 0.01260950 0.21309700
63 0.05221439 0.01260130 0.01150080 0.00304547 0.00761640 0.00739461 0.00347221 0.01558240 0.00653525 0.24814996 0.24753496 0.00728054 0.05242399 0.02721100 0.00705821 0.02388160 0.02589970 0.00302027 0.01018300 0.22739396
64 0.07723951 0.02970151 0.06987841 0.19639304 0.00324237 0.05107151 0.23503504 0.06103451 0.02421270 0.01101990 0.02169470 0.04537261 0.01262690 0.00483244 0.02155810 0.06294931 0.03353771 0.00123890 0.01251110 0.02484970
65 0.20852029 0.01556302 0.02323763 0.02939084 0.07497991 0.01369092 0.01445412 0.13490319 0.00895125 0.02748244 0.04240596 0.03271775 0.01693312 0.01589512 0.03456665 0.11139616 0.13388819 0.00301232 0.00998094 0.04803017
66 0.11818898 0.04216889 0.03897829 0.04514709 0.01722830 0.09236198 0.06453419 0.03660709 0.03931859 0.02910849 0.06242649 0.04789719 0.02198620 0.04898109 0.03278169 0.06659449 0.04103769 0.01090930 0.09219098 0.05155299
67 0.13943002 0.07386071 0.04155321 0.03636301 0.02217320 0.04406381 0.06349481 0.04439591 0.02151790 0.02511400 0.04591431 0.11519502 0.02240180 0.01985320 0.03026090 0.13935802 0.06292281 0.00560175 0.01192740 0.03459821
68 0.06801955 0.02948108 0.07309424 0.20763284 0.00282479 0.05272546 0.22582883 0.06826125 0.03128948 0.01128809 0.01995548 0.04466867 0.01149999 0.00491666 0.01958169 0.06175295 0.03002568 0.00110391 0.01245429 0.02359508
69 0.05905304 0.02129852 0.01656111 0.00879446 0.01231271 0.01361251 0.01132271 0.02144122 0.01008461 0.22013116 0.20779515 0.01820081 0.05236694 0.03014772 0.01134911 0.04122663 0.03492293 0.00544182 0.02042471 0.18351213
70 0.07081223 0.03917196 0.06982313 0.17140684 0.00558458 0.04800195 0.19987781 0.05203855 0.02225348 0.01244399 0.02817607 0.06869373 0.01491119 0.00598884 0.02260298 0.06938643 0.06087564 0.00201161 0.01112349 0.02481548
71 0.07132703 0.04205956 0.02775507 0.02315138 0.01747108 0.03077607 0.03132567 0.03254827 0.01889818 0.12294888 0.13044187 0.04010016 0.07889332 0.03305877 0.01919238 0.08530042 0.05763364 0.00729165 0.02494768 0.10487890
72 0.05075651 0.01083680 0.01050340 0.00201574 0.00659991 0.00603421 0.00192604 0.01440440 0.00589296 0.25420105 0.25605505 0.00506241 0.05198481 0.02688711 0.00641717 0.02022890 0.02362430 0.00243623 0.00784492 0.23628805
73 0.13643094 0.04442898 0.05091108 0.10080196 0.01234999 0.04426038 0.15903193 0.05300768 0.02413909 0.01853029 0.04179868 0.05687898 0.01746929 0.01479149 0.03427899 0.08904466 0.05021838 0.00429622 0.01330509 0.03402589
74 0.10235497 0.04114959 0.03757249 0.03625149 0.02127949 0.03222249 0.04087829 0.04452599 0.01617230 0.05044309 0.09014728 0.04703049 0.03202019 0.04277639 0.02605129 0.10357997 0.14844996 0.00587607 0.02136719 0.05985098
75 0.08113282 0.03895581 0.04550801 0.07070602 0.01342630 0.04885051 0.15239104 0.03961021 0.02469771 0.02658911 0.11203603 0.05019291 0.02453621 0.03038711 0.02892991 0.07758182 0.05969721 0.00636377 0.02020120 0.04820631
76 0.09863739 0.08116859 0.05240800 0.09117939 0.01166730 0.05269540 0.15591499 0.04026790 0.02252110 0.01807590 0.03435680 0.11151799 0.01717030 0.00983757 0.02992120 0.08074409 0.04741520 0.00356732 0.01055710 0.03037650
77 0.18259102 0.03460790 0.03116850 0.03803530 0.02857510 0.02818670 0.04439390 0.07767451 0.01680320 0.05262500 0.07930241 0.04075850 0.02421150 0.03504960 0.03447540 0.09697741 0.06279071 0.00557721 0.02062380 0.06557231
78 0.05954340 0.02116950 0.01632610 0.00875864 0.01244750 0.01371520 0.01119100 0.02190160 0.00997521 0.22012901 0.20685701 0.01836330 0.05253200 0.02984090 0.01174370 0.04166600 0.03490890 0.00550001 0.02067000 0.18276101
79 0.06651592 0.02193101 0.02037481 0.01323930 0.01204090 0.01797101 0.01791981 0.02768851 0.01377110 0.15649205 0.22004007 0.02282781 0.04204201 0.05328582 0.01796461 0.04542452 0.04435412 0.00647796 0.02637661 0.15326205
80 0.12842698 0.02315050 0.04433519 0.04830769 0.02424060 0.02298310 0.04015359 0.22393496 0.01476130 0.02493890 0.04279949 0.03351839 0.02024850 0.02039170 0.03136939 0.14876998 0.04753409 0.00666146 0.01748050 0.03599369
81 0.09643496 0.03311159 0.02040719 0.01520559 0.05740478 0.02041529 0.01757569 0.03213019 0.01427459 0.15310793 0.11555495 0.03475649 0.04693918 0.03770238 0.01569789 0.08463986 0.05346368 0.00873723 0.04234958 0.10009096
82 0.05893008 0.01536110 0.01394610 0.00720282 0.01305170 0.01220960 0.00840418 0.01938749 0.00962663 0.21839294 0.21342994 0.01262440 0.05881778 0.02788179 0.00933201 0.06106428 0.04148389 0.00634693 0.02068739 0.17181895
83 0.10518595 0.03695438 0.03868578 0.03208089 0.02152299 0.03027389 0.03197599 0.03325998 0.01445909 0.03061239 0.06423447 0.03444888 0.03482238 0.04275698 0.01579289 0.17431592 0.20313791 0.00469656 0.01522999 0.03555268
84 0.18315595 0.03431559 0.03101699 0.03739979 0.02835329 0.02787379 0.04365599 0.07891348 0.01707320 0.05326819 0.07937628 0.04053089 0.02412799 0.03427679 0.03451619 0.09664117 0.06347468 0.00548936 0.02030829 0.06623208
85 0.05113847 0.01049879 0.00990763 0.00171620 0.00622415 0.00564768 0.00154614 0.01372799 0.00553537 0.25181487 0.26474386 0.00422112 0.05245957 0.02808469 0.00616632 0.01890859 0.02322049 0.00227068 0.00712152 0.23504588
86 0.14472804 0.03054951 0.02476631 0.01773531 0.02074771 0.02705861 0.02527161 0.04545541 0.01603650 0.12287804 0.10360203 0.03457061 0.02714221 0.02331651 0.10900803 0.07065602 0.04695591 0.00680879 0.01433780 0.08837503
87 0.07091626 0.10009308 0.03373823 0.03061582 0.01614931 0.02665502 0.04169933 0.11185809 0.01646731 0.11863210 0.10015508 0.05319834 0.02826802 0.02260042 0.02344032 0.05406654 0.03965153 0.00806670 0.01660411 0.08712437
88 0.19862590 0.02450179 0.02551359 0.03196118 0.02368909 0.03746738 0.04144528 0.08189656 0.01814709 0.02593599 0.04875568 0.03445748 0.01551849 0.01917349 0.16811192 0.09120706 0.05340597 0.00667909 0.01354459 0.03996238
89 0.10345602 0.04047921 0.03808341 0.03582451 0.02135000 0.03141941 0.04047451 0.04429861 0.01627000 0.05065021 0.09031672 0.04664941 0.03174501 0.04311241 0.02645711 0.10396402 0.14835303 0.00576530 0.02134670 0.05998441
90 0.06658449 0.02177550 0.02041550 0.01401810 0.01203570 0.01789420 0.01861340 0.02803450 0.01376940 0.15536399 0.22002398 0.02301840 0.04167880 0.05360440 0.01807600 0.04505560 0.04424150 0.00664208 0.02648650 0.15266799
91 0.07670101 0.09997072 0.04160671 0.07536241 0.01178090 0.06149741 0.14242902 0.04095661 0.02370960 0.02076300 0.03181591 0.09415012 0.01487830 0.01114950 0.09511192 0.07240551 0.03595501 0.00704103 0.01381650 0.02889880
92 0.18228205 0.03490121 0.03121681 0.03763451 0.02833481 0.02823081 0.04384591 0.07751522 0.01696560 0.05301801 0.07945682 0.04088941 0.02435541 0.03503931 0.03448901 0.09689243 0.06296942 0.00547123 0.02056561 0.06592642
93 0.06932106 0.02801758 0.02246089 0.01703979 0.01226199 0.02020059 0.02114829 0.03199968 0.01281389 0.17275590 0.19120189 0.02661818 0.04223018 0.03118778 0.01451509 0.04124778 0.03723588 0.00475779 0.01745289 0.18553289
94 0.06787833 0.13045586 0.05105325 0.06559723 0.01463988 0.06076184 0.12659087 0.03319227 0.02237748 0.02008958 0.03312637 0.16078783 0.02004048 0.01004989 0.02593107 0.06874363 0.04249596 0.00328334 0.01030459 0.03260027
95 0.06672847 0.01594639 0.01771899 0.00986454 0.01819589 0.00923199 0.01054000 0.01297289 0.01923529 0.03737969 0.20028692 0.01383289 0.02445669 0.24389390 0.00898376 0.05100778 0.05594308 0.01937259 0.11523296 0.04917528
96 0.13315105 0.02418401 0.03980501 0.04293872 0.03137241 0.02172581 0.03543151 0.16484006 0.01339080 0.03162181 0.06083482 0.04399852 0.01919161 0.02079771 0.04021991 0.08885973 0.12050804 0.00475123 0.01418101 0.04819622
97 0.19812305 0.02686681 0.02925541 0.03298101 0.03227661 0.02666831 0.04045371 0.06584992 0.01789330 0.03379721 0.05517821 0.03490331 0.02704961 0.03170801 0.03268731 0.17879604 0.07373892 0.00599626 0.01549560 0.04028141
98 0.06801599 0.02967749 0.07299778 0.20635495 0.00341779 0.05284499 0.22757295 0.06415299 0.02383339 0.01202100 0.02075040 0.04618149 0.01180010 0.00498326 0.02108840 0.06174039 0.03269539 0.00134027 0.01337630 0.02515469
99 0.06984092 0.04444272 0.06880052 0.17079706 0.00883267 0.04931642 0.15111105 0.06976732 0.02344131 0.01708761 0.03174651 0.08044713 0.01408780 0.01081830 0.02842261 0.06955262 0.04239131 0.00398408 0.01429641 0.03081561
100 0.06703633 0.02211788 0.02045068 0.01383448 0.01206389 0.01795748 0.01862578 0.02834037 0.01379998 0.15540183 0.21904876 0.02295537 0.04196835 0.05331854 0.01780948 0.04553825 0.04425905 0.00658148 0.02667417 0.15221783
101 0.10884006 0.04054062 0.03821612 0.04054862 0.02300611 0.03649102 0.04839143 0.05801033 0.02337981 0.04608102 0.06858654 0.04581932 0.03410782 0.03618382 0.03358332 0.16212408 0.07284974 0.00863678 0.02680101 0.04780242
102 0.18451696 0.02230899 0.02307919 0.02176539 0.03303769 0.01853910 0.02366449 0.05307879 0.01008450 0.07288268 0.10196698 0.02981579 0.02560769 0.03218549 0.02133850 0.08401258 0.10965097 0.00366853 0.01484670 0.11394897
103 0.11465202 0.02425310 0.04752011 0.04431751 0.01742840 0.01772330 0.04017011 0.33491107 0.01105960 0.02780521 0.04837261 0.03634521 0.01507380 0.01688180 0.02960741 0.07630092 0.03714881 0.00389700 0.01328340 0.04324861
104 0.07341199 0.02430450 0.02460740 0.01630230 0.01938420 0.01600010 0.01596850 0.02727479 0.02501149 0.04697489 0.13265297 0.02413130 0.02603129 0.19193796 0.01657490 0.06437059 0.05429939 0.02131280 0.12365798 0.05579069
105 0.15761608 0.02797131 0.02391891 0.02220571 0.06055263 0.02127431 0.02123001 0.05923283 0.01113581 0.06781733 0.08726144 0.03776772 0.02773581 0.02596821 0.02110761 0.09027084 0.10831505 0.00456472 0.01784561 0.10620805
106 0.05226523 0.01275188 0.01169078 0.00298762 0.00760721 0.00747468 0.00326915 0.01566408 0.00651297 0.24792966 0.24734466 0.00761846 0.05222103 0.02715606 0.00705106 0.02398597 0.02590126 0.00299149 0.01016009 0.22741668
107 0.11529499 0.05538629 0.03626540 0.03094610 0.01958250 0.03765780 0.04486109 0.03747600 0.01987140 0.03238870 0.06880679 0.10308799 0.02181090 0.04463169 0.02450600 0.07689249 0.11572899 0.00720472 0.05858329 0.04901689
108 0.05190659 0.01076760 0.00994106 0.00193610 0.00691361 0.00576506 0.00180346 0.01346340 0.00604804 0.24454498 0.26170897 0.00459763 0.05065709 0.03672840 0.00641357 0.01892090 0.02384410 0.00300647 0.01123800 0.22979498
109 0.06407069 0.05504840 0.04061530 0.03023340 0.01759200 0.05957029 0.04499480 0.03370620 0.07346179 0.05986279 0.07556919 0.05510150 0.08083189 0.02969110 0.03142820 0.09859339 0.04863870 0.00964029 0.03418560 0.05716449
110 0.05011639 0.27287094 0.05026159 0.00857225 0.01957080 0.07200718 0.04720079 0.00998629 0.02475099 0.02119170 0.02334290 0.23223295 0.02540599 0.00921261 0.00993108 0.04680199 0.02939899 0.00149445 0.00733323 0.03831689
111 0.07782353 0.04979272 0.05798212 0.12620404 0.00938412 0.05444682 0.19023707 0.05498892 0.02472701 0.01904861 0.03950371 0.06226242 0.01783811 0.01301830 0.02958951 0.07455793 0.04479492 0.00388683 0.01655721 0.03335611
112 0.12523900 0.01829360 0.04868280 0.03628260 0.01854190 0.01355010 0.02557750 0.38237100 0.00832710 0.01600800 0.03502150 0.03176150 0.01299360 0.01517670 0.02566230 0.10408100 0.03337350 0.00378710 0.01289160 0.03237760
113 0.04256311 0.01143370 0.02054600 0.01062340 0.02390820 0.00764489 0.00669617 0.00758200 0.04249771 0.02767930 0.10326501 0.01348200 0.01435910 0.24657903 0.01346170 0.03582611 0.02240990 0.04281241 0.27204504 0.03458520
114 0.18271003 0.01852430 0.03775211 0.03180040 0.02566420 0.01213630 0.02579070 0.33849805 0.00696248 0.01885130 0.03627061 0.02543320 0.01148520 0.01485660 0.03323570 0.08634671 0.04020661 0.00268858 0.01141580 0.03937111
115 0.10706403 0.04086691 0.03894081 0.04143161 0.02260471 0.03693641 0.04933451 0.05756641 0.02362471 0.04608721 0.06753942 0.04613371 0.03447091 0.03595911 0.03315441 0.16201704 0.07286172 0.00866706 0.02758711 0.04715221
116 0.05035482 0.02023571 0.02616111 0.02280291 0.02315001 0.01842561 0.02243351 0.02433771 0.03952292 0.04817522 0.09120624 0.02214461 0.02252861 0.16152706 0.01842881 0.05338872 0.03110731 0.03393861 0.22287509 0.04725542
117 0.06357892 0.19813705 0.04764431 0.02612671 0.01761180 0.05802192 0.05359661 0.03180991 0.02527331 0.03779461 0.05083751 0.14673604 0.02578321 0.02044671 0.01939091 0.06286892 0.04433811 0.00498654 0.01577760 0.04923931
118 0.04460438 0.01099120 0.01813089 0.00995912 0.02367609 0.00647467 0.00624702 0.00634594 0.03908189 0.03036329 0.13036595 0.01165160 0.01483789 0.24536591 0.01153440 0.03329389 0.02562809 0.04033839 0.25342591 0.03768349
119 0.06685349 0.02206210 0.02012180 0.01382820 0.01183930 0.01780220 0.01831820 0.02774050 0.01352070 0.15631697 0.22017896 0.02254720 0.04184659 0.05419259 0.01802980 0.04520749 0.04352119 0.00651038 0.02688540 0.15267697
120 0.08997588 0.01651472 0.01517871 0.00955833 0.01428401 0.01073871 0.00989496 0.04940655 0.00811752 0.19532818 0.21187220 0.01441991 0.04368334 0.02749553 0.01369421 0.04193634 0.03791884 0.00400898 0.01041291 0.17556017
121 0.05292861 0.01118970 0.01057710 0.00269489 0.00678694 0.00685765 0.00320490 0.01460490 0.00619009 0.24061004 0.26305504 0.00583811 0.05085581 0.02988650 0.00688999 0.02003660 0.02497740 0.00246440 0.00814927 0.23220204
122 0.05302109 0.23849797 0.05413379 0.01584130 0.01810760 0.07136829 0.04561369 0.01444640 0.04298360 0.02164610 0.02889530 0.21009298 0.02315600 0.01011700 0.01460460 0.05087449 0.03433140 0.00245813 0.00984758 0.03996270
123 0.06907349 0.06996549 0.07672598 0.04400939 0.01637570 0.04898589 0.05561699 0.04363059 0.02775949 0.05415789 0.06744529 0.06878089 0.06970669 0.02514569 0.02045090 0.09431738 0.06401649 0.00530140 0.01986620 0.05866819
124 0.09487760 0.03782890 0.05190270 0.08764750 0.01135140 0.03956730 0.16267500 0.03490350 0.02247240 0.01690000 0.04825270 0.05368280 0.02212200 0.01493550 0.02140580 0.12901300 0.10291000 0.00411057 0.01225810 0.03118320
125 0.09723570 0.02041050 0.07218780 0.04602220 0.01197850 0.01181440 0.03003160 0.43723499 0.00746522 0.01143020 0.03285380 0.03902080 0.00964674 0.01327120 0.01835570 0.07396400 0.02673990 0.00234566 0.01045350 0.02753760
126 0.14077705 0.01909221 0.02929631 0.03571951 0.02890841 0.02752581 0.02948081 0.15164205 0.01257420 0.02001831 0.04977052 0.04223082 0.01513781 0.01369780 0.16048606 0.06864592 0.10363704 0.00510954 0.01030170 0.03594811
127 0.05933123 0.02103111 0.01653721 0.00863647 0.01234671 0.01363341 0.01123601 0.02198131 0.01004810 0.22069410 0.20721510 0.01791291 0.05261882 0.02918711 0.01135401 0.04182552 0.03557402 0.00548767 0.01998411 0.18336508
128 0.06945403 0.02831521 0.02194011 0.01606351 0.01201701 0.02016631 0.02025031 0.03144331 0.01290791 0.17322508 0.19178509 0.02727371 0.04258862 0.03131061 0.01420611 0.04067102 0.03759912 0.00497574 0.01779711 0.18601009
129 0.07291510 0.07725800 0.04716170 0.05438270 0.01509280 0.10456100 0.07867260 0.03681090 0.03524040 0.03382110 0.06033570 0.08342640 0.02694100 0.01929810 0.04840490 0.08039500 0.04964690 0.00582089 0.02033980 0.04947500
130 0.07610294 0.05791663 0.04405382 0.04738233 0.01591211 0.10973506 0.06528344 0.03571592 0.03593672 0.02511081 0.04991153 0.06398734 0.02890542 0.01771541 0.06248153 0.14040608 0.05835183 0.00726664 0.01666831 0.04115612
131 0.08063071 0.03193241 0.06694501 0.17360103 0.01132740 0.04571721 0.14950302 0.07381341 0.02351920 0.01869190 0.03623721 0.04687501 0.01621150 0.01612210 0.02749660 0.07741521 0.04723921 0.00412764 0.01961870 0.03297551
132 0.06036128 0.15438796 0.04170039 0.01796130 0.01508970 0.04956019 0.03768109 0.02413729 0.02297819 0.08014378 0.09435398 0.11709497 0.03142559 0.02000459 0.01449650 0.04903049 0.03973769 0.00445105 0.01372500 0.11167897
133 0.06309405 0.19966385 0.04744886 0.02561958 0.01788789 0.05783906 0.05339436 0.03143418 0.02540128 0.03771567 0.05049766 0.14729489 0.02594068 0.02050748 0.01927179 0.06279345 0.04420257 0.00510247 0.01555859 0.04933166
134 0.06621889 0.02187930 0.02005120 0.01364960 0.01174670 0.01778520 0.01827980 0.02783910 0.01386450 0.15668898 0.22039797 0.02249080 0.04201289 0.05319629 0.01766390 0.04501919 0.04439449 0.00662114 0.02695710 0.15324298
135 0.11547401 0.02453410 0.04752840 0.04501350 0.01707400 0.01756600 0.03969130 0.33558803 0.01110310 0.02816640 0.04846900 0.03625850 0.01530390 0.01674210 0.02900060 0.07621811 0.03641760 0.00367521 0.01313840 0.04303770
136 0.11079994 0.03632278 0.03894968 0.03315888 0.02299299 0.03031168 0.03524778 0.03649998 0.01522769 0.03371668 0.06466297 0.03640628 0.03589558 0.04143308 0.01705709 0.17331091 0.17930990 0.00500514 0.01621589 0.03747508
137 0.08020627 0.03220299 0.06693977 0.17424793 0.01120160 0.04618718 0.15019894 0.07336067 0.02370849 0.01837859 0.03616059 0.04669748 0.01631259 0.01629809 0.02795559 0.07701067 0.04725428 0.00407518 0.01957339 0.03202969
138 0.05703233 0.06016683 0.03636592 0.03325182 0.02118001 0.03557662 0.04236732 0.03311482 0.03263752 0.03500252 0.06554823 0.09000585 0.02148731 0.09820455 0.02560931 0.06264723 0.04191802 0.02064371 0.14648007 0.04076002
139 0.10781898 0.04032069 0.03869069 0.04096919 0.02279580 0.03661799 0.04924769 0.05630799 0.02338260 0.04622259 0.06857589 0.04581909 0.03449179 0.03633069 0.03297419 0.16221897 0.07309518 0.00888721 0.02739909 0.04783369
140 0.05860293 0.20549210 0.04667292 0.01463741 0.01831261 0.06228273 0.04629782 0.01760291 0.02445981 0.02624961 0.06269113 0.20518510 0.02318241 0.01562331 0.01652741 0.05279502 0.04830562 0.00309413 0.01050320 0.04148182
141 0.05811659 0.03146020 0.03912570 0.07650309 0.01561120 0.06539079 0.16223998 0.04539040 0.02284890 0.07279569 0.04929190 0.03865680 0.02382520 0.03435960 0.02275620 0.06721539 0.04083010 0.01074680 0.07811579 0.04471970
142 0.05352040 0.02341200 0.01865920 0.00762221 0.00991963 0.02938100 0.01316270 0.01810380 0.01119930 0.21347101 0.20915701 0.02161870 0.04809250 0.02469100 0.01014160 0.03209550 0.02940190 0.00400359 0.01205190 0.21029501
143 0.06832961 0.03245520 0.07165931 0.15757402 0.00979954 0.03833121 0.13181902 0.15558902 0.02077130 0.01505420 0.02864700 0.07198891 0.01150140 0.01016110 0.02742660 0.06916961 0.03760301 0.00352221 0.01153870 0.02705900
144 0.10843105 0.04075762 0.03840542 0.04041702 0.02284071 0.03682872 0.04810942 0.05824223 0.02356811 0.04651532 0.06799723 0.04605672 0.03434382 0.03658932 0.03373822 0.16186207 0.07190273 0.00866085 0.02707821 0.04765522
145 0.07792006 0.05002807 0.05829207 0.12693794 0.00929652 0.05441497 0.19001490 0.05637507 0.02462989 0.01864909 0.03861498 0.06250697 0.01759499 0.01279789 0.03037038 0.07463996 0.04361178 0.00378399 0.01652259 0.03299788
146 0.12768101 0.06139890 0.04127010 0.04992020 0.01636990 0.09764541 0.07033211 0.03971220 0.03037470 0.02943310 0.06207140 0.07107461 0.02316630 0.02187520 0.05233060 0.08480211 0.05022100 0.00555262 0.01774140 0.04702710
147 0.06252980 0.06952360 0.04095940 0.03306710 0.01552180 0.11100200 0.05248430 0.02674530 0.03517040 0.05082100 0.07700360 0.07173980 0.06755410 0.02038720 0.04013760 0.08710640 0.05255950 0.00646730 0.01898760 0.06023220
148 0.08963873 0.02418541 0.02757211 0.02770761 0.01569381 0.04565012 0.03130221 0.05565042 0.02240541 0.03424841 0.07677583 0.04131811 0.05166762 0.02019871 0.21084907 0.07155772 0.09468923 0.00787367 0.01363400 0.03738181
149 0.07287817 0.07740557 0.04682568 0.05444158 0.01499129 0.10548296 0.07917787 0.03678079 0.03474829 0.03399619 0.05983738 0.08271637 0.02695469 0.01916179 0.04837498 0.08094047 0.04990428 0.00573509 0.02003959 0.04960698
150 0.07442105 0.02395328 0.02483108 0.01662429 0.01916869 0.01569129 0.01672909 0.02694498 0.02528068 0.04660967 0.13202591 0.02400418 0.02610778 0.19203987 0.01656119 0.06436075 0.05440176 0.02141499 0.12348091 0.05534856
151 0.18385094 0.03438579 0.03091889 0.03799829 0.02856789 0.02814509 0.04363098 0.07830257 0.01653879 0.05340278 0.07945177 0.04011269 0.02404319 0.03447439 0.03542549 0.09653077 0.06272678 0.00546995 0.01986859 0.06615438
152 0.03866323 0.01068231 0.01748481 0.01064461 0.02548802 0.00779192 0.00702246 0.00800009 0.04300523 0.03642863 0.10799908 0.01213091 0.01614891 0.21929017 0.01415271 0.03574033 0.01849751 0.06167315 0.27323521 0.03592073
153 0.07231602 0.03044401 0.07057472 0.18984905 0.00476046 0.05054431 0.21688105 0.06063142 0.02420641 0.01173220 0.02378041 0.04725661 0.01387730 0.00551839 0.02277371 0.07817092 0.03747191 0.00174180 0.01270750 0.02476181
154 0.13347598 0.02716370 0.05574789 0.15123298 0.01885940 0.03912819 0.12952598 0.07496179 0.02115930 0.01755990 0.03712189 0.03964179 0.01678010 0.01820340 0.02895160 0.08594389 0.05218939 0.00326486 0.01459300 0.03449499
155 0.11452893 0.02442389 0.04770297 0.04501437 0.01707769 0.01778959 0.04047218 0.33373080 0.01113089 0.02784608 0.04872397 0.03646278 0.01531819 0.01684049 0.02934718 0.07668535 0.03713028 0.00381630 0.01333269 0.04262537
156 0.03729299 0.00924971 0.01993990 0.00991405 0.02498180 0.00644328 0.00509666 0.00495657 0.04705169 0.02733560 0.09362728 0.01190410 0.01208070 0.24736896 0.01341690 0.03126059 0.01512410 0.04759409 0.30243495 0.03292609
157 0.06752215 0.06102375 0.07083916 0.18815715 0.00703656 0.04900884 0.16356813 0.06637315 0.02511362 0.01498431 0.02671232 0.05546884 0.01371801 0.01002051 0.02254412 0.07014626 0.04267343 0.00305024 0.01573451 0.02630492
158 0.06671343 0.02168411 0.02037531 0.01396731 0.01177651 0.01828381 0.01855861 0.02830851 0.01391581 0.15576908 0.21939711 0.02297931 0.04171352 0.05257523 0.01846681 0.04482802 0.04456782 0.00659710 0.02624851 0.15327408
159 0.06736093 0.01697931 0.01612881 0.00881832 0.01552991 0.00990637 0.01080050 0.01539101 0.01333101 0.07914023 0.23834010 0.01348701 0.03075571 0.18615108 0.00876700 0.04674362 0.05451372 0.01229571 0.06857203 0.08698764
160 0.05568100 0.01302450 0.01238510 0.00474394 0.00782924 0.00901363 0.00592132 0.01698510 0.00751185 0.22574298 0.25425598 0.00902502 0.04927730 0.03309200 0.00843135 0.02424950 0.02859940 0.00328592 0.01118890 0.21975598
161 0.06307202 0.19941607 0.04733572 0.02552541 0.01753521 0.05790142 0.05300572 0.03147361 0.02530491 0.03788691 0.05061542 0.14760905 0.02619701 0.02026221 0.01895511 0.06340972 0.04426141 0.00517067 0.01583981 0.04922262
162 0.05585661 0.01296750 0.01244240 0.00470248 0.00791534 0.00900190 0.00588104 0.01723490 0.00767584 0.22466206 0.25447107 0.00893319 0.04883091 0.03363061 0.00829775 0.02396441 0.02922221 0.00326150 0.01165120 0.21939706
163 0.06693271 0.02177840 0.02017750 0.01370460 0.01182030 0.01823610 0.01828510 0.02788960 0.01391830 0.15548801 0.22049102 0.02285360 0.04189330 0.05284180 0.01862680 0.04514960 0.04406240 0.00673762 0.02627420 0.15283901
164 0.04769447 0.01095689 0.01125749 0.00395409 0.01057449 0.00784916 0.00402130 0.01461049 0.01024959 0.22679086 0.22522586 0.00634311 0.05659126 0.04426187 0.00660045 0.03370398 0.03307768 0.00833941 0.04485767 0.19303988
165 0.05498382 0.01292501 0.01222920 0.00435240 0.00759188 0.00899450 0.00551787 0.01674241 0.00741815 0.22971109 0.25341810 0.00869697 0.04952832 0.03022481 0.00784436 0.02313891 0.02728461 0.00296310 0.00978937 0.22664509
166 0.03737071 0.00967695 0.02008721 0.01047140 0.02511961 0.00692130 0.00546677 0.00579271 0.04762401 0.02837011 0.09303543 0.01232340 0.01234270 0.23917606 0.01381100 0.03236441 0.01539580 0.04731731 0.30354008 0.03379301
167 0.09606348 0.02162920 0.01684040 0.00999906 0.01753660 0.01351580 0.01217980 0.02756960 0.00991996 0.20096797 0.18694097 0.01989250 0.04599389 0.02757220 0.01535870 0.05264969 0.03971709 0.00443524 0.01465790 0.16655997
168 0.06325626 0.19919888 0.04760897 0.02580359 0.01758239 0.05813087 0.05325527 0.03245368 0.02541149 0.03750638 0.05061907 0.14721091 0.02599458 0.02030279 0.01925859 0.06278626 0.04382957 0.00506098 0.01550409 0.04922537
169 0.04706519 0.01160150 0.01812610 0.01009210 0.02310750 0.00668171 0.00684763 0.00695960 0.03645739 0.02884610 0.13792798 0.01196680 0.01539010 0.25019696 0.01113820 0.03481820 0.02935350 0.03809399 0.23820997 0.03711949
170 0.08030997 0.10568496 0.03493849 0.03495239 0.01552619 0.06075367 0.05751668 0.04360178 0.02985459 0.02973779 0.04809328 0.08450456 0.01809509 0.01940579 0.15504693 0.07858847 0.04145628 0.00873032 0.01958049 0.03362229
171 0.07449865 0.02407638 0.02483598 0.01647719 0.01921979 0.01595819 0.01656619 0.02686838 0.02518458 0.04631397 0.13178191 0.02422208 0.02628158 0.19196587 0.01611289 0.06460495 0.05512736 0.02132489 0.12322191 0.05535726
172 0.06381179 0.19873098 0.04711149 0.02563650 0.01763590 0.05773199 0.05332189 0.03180150 0.02524810 0.03815190 0.05072869 0.14754798 0.02617500 0.02044560 0.01884110 0.06263339 0.04466900 0.00504851 0.01546710 0.04926159
173 0.10262297 0.02368759 0.02271679 0.02899289 0.01656090 0.07234048 0.03948569 0.04475009 0.03354369 0.01493000 0.04280369 0.03751899 0.01831259 0.01358900 0.24305293 0.16511095 0.03200419 0.01071680 0.01230800 0.02495179
174 0.07748764 0.03412032 0.06721253 0.02278231 0.01300021 0.02751981 0.02363921 0.02788071 0.01550041 0.02678991 0.09804535 0.03470932 0.03050002 0.13271507 0.01376411 0.11153006 0.15075008 0.00677998 0.04187002 0.04340292
175 0.05089227 0.01090209 0.01055679 0.00200947 0.00658089 0.00601282 0.00185770 0.01431499 0.00585562 0.25397483 0.25601983 0.00516650 0.05201517 0.02688388 0.00638661 0.02031699 0.02366858 0.00244804 0.00787409 0.23626285
176 0.06449288 0.05914158 0.05291308 0.11074696 0.01007030 0.10017996 0.18271193 0.04617618 0.02609559 0.02328899 0.03651559 0.06982687 0.01797589 0.00902629 0.03290449 0.06695518 0.03616329 0.00325667 0.01715559 0.03440269
177 0.10357101 0.03038150 0.03013080 0.03834600 0.01587560 0.05376460 0.04868240 0.06304321 0.02754740 0.02903820 0.06399491 0.04687710 0.01967930 0.02235010 0.20638402 0.08507961 0.04721500 0.00889871 0.02086740 0.03827310
178 0.05855478 0.05395558 0.03114699 0.01226230 0.01386040 0.02629909 0.01752799 0.02592549 0.01403780 0.18305795 0.15306695 0.07548858 0.03894479 0.02132549 0.01394870 0.04071479 0.03762689 0.00629080 0.01341270 0.16255195
179 0.05719069 0.01135340 0.01060630 0.00240399 0.00791263 0.00627784 0.00243871 0.01512680 0.00602256 0.24934295 0.25109595 0.00596938 0.05143719 0.02694239 0.00702853 0.02308930 0.02539819 0.00258109 0.00815718 0.22962495
