1 0.29477112 0.01797891 0.01707381 0.02371631 0.16078807 0.01319441 0.01667211 0.06021863 0.01021940 0.01144740 0.03033441 0.01183490 0.01277101 0.02118101 0.01682871 0.20071908 0.04571422 0.00371658 0.01410701 0.01671291
2 0.23593795 0.04087839 0.03184189 0.03162619 0.02124430 0.02949409 0.04572889 0.06411439 0.01677830 0.05102129 0.08280638 0.03798359 0.02505799 0.03327879 0.02624219 0.07742048 0.05285219 0.00681562 0.02263290 0.06624419
3 0.21909490 0.02595449 0.03064079 0.02265179 0.02958399 0.02015339 0.03412738 0.07750526 0.01353099 0.01998949 0.05629447 0.02176569 0.02010879 0.02825209 0.02303849 0.24492788 0.05460317 0.00555827 0.01816449 0.03405418
4 0.07015227 0.02643339 0.02276769 0.01782549 0.01105679 0.01781969 0.02543739 0.02977509 0.01427479 0.14770693 0.13529393 0.03143218 0.03766268 0.03936208 0.01650819 0.04329748 0.03734688 0.00376209 0.01970309 0.25238188
5 0.11941508 0.02812602 0.01735071 0.00794856 0.00939657 0.01688701 0.01683691 0.02241281 0.01147741 0.25245817 0.15635310 0.02626442 0.05023293 0.03226482 0.01365691 0.03057992 0.02946402 0.00443163 0.01541291 0.13903009
6 0.09022941 0.04676870 0.03259030 0.03201850 0.01710920 0.03485510 0.04086800 0.03596940 0.02070740 0.04314930 0.08216571 0.04956620 0.02568130 0.03152190 0.02888050 0.09204971 0.21174201 0.00504783 0.02175310 0.05732640
7 0.09257994 0.04084442 0.04059262 0.03326461 0.01946541 0.02930341 0.03530832 0.07220553 0.02038021 0.02864861 0.07006203 0.03445372 0.02267561 0.03320041 0.02627871 0.24676011 0.06823113 0.00724606 0.03093571 0.04756342
8 0.06505257 0.10570694 0.03310928 0.03294248 0.01484889 0.04457648 0.05563747 0.03681788 0.01856389 0.03905028 0.06211287 0.25328987 0.01932469 0.02086849 0.01976919 0.05039587 0.05050867 0.00602833 0.02064139 0.05075447
9 0.08216562 0.04480711 0.03948691 0.06842811 0.00939146 0.05020981 0.22974905 0.06080101 0.02347150 0.02858801 0.06157551 0.05988541 0.01631930 0.02902401 0.02434751 0.05332351 0.04449731 0.00999993 0.02351560 0.04041331
10 0.07448994 0.03363182 0.02587041 0.02636901 0.01396031 0.02800761 0.02212881 0.04512022 0.01750571 0.01960521 0.05928623 0.02398651 0.02257511 0.01896741 0.01828211 0.29332214 0.19302309 0.00461991 0.02374991 0.03549852
11 0.05433498 0.15720493 0.04477268 0.02548209 0.01153599 0.03403518 0.02824239 0.03565668 0.02024159 0.02396349 0.04844798 0.04770728 0.01973019 0.02228279 0.02560719 0.26095888 0.05593307 0.00621265 0.02818789 0.04946208
12 0.05594673 0.02380631 0.01623601 0.01048021 0.01163531 0.01675781 0.01727171 0.01658551 0.01293131 0.28255817 0.15872010 0.02464701 0.04971863 0.04466593 0.01234711 0.02689532 0.03007222 0.00520690 0.01992861 0.16358910
13 0.07235952 0.05366711 0.16233104 0.04675001 0.01486590 0.03040031 0.02990801 0.03828411 0.02240011 0.03430751 0.06388092 0.04783801 0.02767501 0.02477321 0.02971271 0.07426232 0.15889704 0.00369906 0.01535890 0.04862921
14 0.05755040 0.01515180 0.00923301 0.00445306 0.00826251 0.00891300 0.01000110 0.01266110 0.00858095 0.25356299 0.28194199 0.01231840 0.06268960 0.03272380 0.00746615 0.01735760 0.02124140 0.00413917 0.01294500 0.15880699
15 0.05915381 0.03618170 0.02476230 0.01503850 0.01872930 0.02423780 0.02766300 0.02244980 0.01936830 0.07509551 0.09481131 0.02553770 0.13171501 0.06582211 0.01651410 0.05429691 0.03118390 0.02571440 0.15176802 0.07995651
16 0.05854421 0.02451140 0.01898630 0.02514941 0.01656440 0.02322610 0.02696951 0.02083100 0.02303320 0.06282071 0.24342005 0.02630121 0.02250360 0.07316091 0.01393010 0.05377371 0.03252661 0.01393860 0.16084103 0.05896791
17 0.08226380 0.05040260 0.03371000 0.02583150 0.01565200 0.02240900 0.03988350 0.03775550 0.01859840 0.03096510 0.07068980 0.03305540 0.01840900 0.02273080 0.31150898 0.07100010 0.05015300 0.00447655 0.01733360 0.04317140
18 0.07243481 0.03756060 0.03164960 0.01867250 0.01224230 0.02607450 0.02601220 0.02674120 0.01543890 0.12502501 0.14626401 0.03255090 0.13928401 0.04055240 0.01746920 0.05580350 0.04324960 0.00845832 0.01961240 0.10490401
19 0.17551892 0.03272048 0.02849079 0.14065293 0.01496689 0.03210638 0.06768407 0.02212919 0.01257239 0.01996909 0.06622287 0.02293849 0.01418599 0.16471192 0.01398009 0.06251577 0.04124898 0.00807758 0.02976579 0.02954139
20 0.08289146 0.04540198 0.04011958 0.06936656 0.00919115 0.04941197 0.22860588 0.06027267 0.02341079 0.02855029 0.06192647 0.05962337 0.01643249 0.02821039 0.02492899 0.05403597 0.04410078 0.00988795 0.02273269 0.04089858
21 0.06270716 0.03036348 0.06733956 0.22524687 0.01368629 0.03685658 0.04968637 0.09537755 0.01736679 0.01455569 0.05162807 0.02331859 0.01768609 0.02121359 0.01691259 0.15523991 0.05057467 0.00404586 0.01890789 0.02728638
22 0.06810262 0.03579731 0.05977332 0.26920707 0.01088410 0.03554421 0.09006932 0.06484012 0.02895681 0.02290181 0.05182751 0.04052191 0.01372900 0.02188061 0.01978991 0.06370052 0.04087151 0.00447403 0.02390321 0.03322511
23 0.07150450 0.23564199 0.03763460 0.02961750 0.01619870 0.03882570 0.04388670 0.02891250 0.02235510 0.03846990 0.06155830 0.10503700 0.02399720 0.02471970 0.03159770 0.06180260 0.05138530 0.00687624 0.02426950 0.04570930
24 0.05047599 0.03958739 0.12117998 0.04559369 0.01082830 0.03374889 0.04861449 0.02699119 0.05470459 0.02721199 0.04562109 0.02999419 0.01420400 0.05080089 0.01433470 0.06964949 0.02913079 0.00818459 0.24350895 0.03563479
25 0.23606492 0.04160399 0.03285639 0.03169679 0.02031509 0.02934309 0.04609508 0.06459878 0.01688919 0.04965408 0.08220697 0.03969159 0.02487299 0.03321669 0.02669849 0.07734547 0.05334548 0.00637704 0.02300019 0.06412768
26 0.05384331 0.03600241 0.02740361 0.02193841 0.01301710 0.02773251 0.03266881 0.03266541 0.02393871 0.04240491 0.06549002 0.17019604 0.01647360 0.13832503 0.01420710 0.14210803 0.03496141 0.00981106 0.05529931 0.04151321
27 0.06514134 0.10592806 0.03369902 0.03198452 0.01522381 0.04454893 0.05619033 0.03646612 0.01790951 0.03890102 0.06118404 0.25461615 0.01893341 0.02137191 0.01922361 0.05016033 0.05026003 0.00604231 0.02129991 0.05091563
28 0.23443991 0.04105368 0.03142889 0.03075449 0.02128959 0.03070319 0.04581728 0.06551818 0.01700519 0.05106578 0.08362487 0.03822179 0.02489369 0.03284809 0.02686359 0.07719847 0.05239338 0.00622888 0.02235579 0.06629527
29 0.06973277 0.02847939 0.02461299 0.02181079 0.01220410 0.02174259 0.02942409 0.03063729 0.01609929 0.11334196 0.27247190 0.03115869 0.04205458 0.03773659 0.02024929 0.04998208 0.04247498 0.00642297 0.02381869 0.10554496
30 0.07087561 0.02870990 0.02175750 0.02164650 0.01771630 0.01895770 0.03228490 0.02523130 0.01978860 0.08042141 0.09783851 0.02616340 0.03048570 0.21997402 0.01650400 0.05747141 0.04078730 0.01814290 0.07832251 0.07692051
31 0.05497849 0.06868979 0.04297129 0.15188298 0.01170700 0.02116890 0.06015199 0.06400879 0.02457040 0.01623400 0.04804039 0.04141299 0.01120790 0.02050390 0.21380297 0.05799349 0.03728829 0.00619956 0.02048950 0.02669740
32 0.09620360 0.01613960 0.04966870 0.03975540 0.01190400 0.01617530 0.03488650 0.34889499 0.00979922 0.00901903 0.03602560 0.01911680 0.01006670 0.01124420 0.00820195 0.21011699 0.03528490 0.00632234 0.00728409 0.02389010
33 0.17694399 0.02816340 0.02467570 0.01223350 0.00918119 0.01686170 0.03897490 0.03690350 0.01490500 0.03415490 0.05968120 0.05611090 0.02263850 0.02590010 0.15152199 0.04940550 0.04642860 0.00261646 0.01238100 0.18031799
34 0.04594942 0.01160151 0.00802210 0.00328255 0.00743820 0.00950550 0.00657660 0.00908448 0.00886644 0.33301416 0.15549108 0.01284811 0.04618142 0.03646792 0.00554518 0.00996011 0.02313751 0.00240693 0.00849562 0.25612513
35 0.09283927 0.04053509 0.04080609 0.03361609 0.01987549 0.02868449 0.03530269 0.07438658 0.01979189 0.02840959 0.06896858 0.03369359 0.02263559 0.03261149 0.02628259 0.24806992 0.06778878 0.00769272 0.03105149 0.04695798
36 0.05577249 0.16300798 0.04538909 0.02650490 0.01185250 0.03521050 0.03021630 0.03659330 0.02037900 0.02474520 0.04983359 0.05256879 0.01944500 0.02197010 0.02740910 0.23859997 0.05587019 0.00639212 0.02838310 0.04985679
37 0.27362101 0.02021130 0.02593900 0.01860690 0.03456720 0.01654900 0.03005110 0.06970840 0.01191750 0.01529900 0.04569900 0.01696590 0.01869660 0.02401440 0.01900100 0.26362201 0.05152050 0.00422026 0.01375800 0.02603190
38 0.06858513 0.03564532 0.05965833 0.26754613 0.01082481 0.03562402 0.08905674 0.06552253 0.02911401 0.02324971 0.05232372 0.04056172 0.01401051 0.02170301 0.01935401 0.06466733 0.04163982 0.00427393 0.02340081 0.03323842
39 0.23535204 0.04101411 0.03183511 0.03205471 0.02081260 0.03011001 0.04689991 0.06518381 0.01682700 0.05024501 0.08166771 0.03810061 0.02489840 0.03290251 0.02701060 0.07806671 0.05310491 0.00677202 0.02320230 0.06393991
40 0.09313996 0.03994448 0.04118068 0.03487709 0.01945469 0.02848369 0.03570489 0.07672247 0.01936089 0.02861359 0.06803877 0.03433739 0.02234359 0.03242039 0.02564349 0.24811590 0.06677417 0.00721972 0.03007269 0.04755148
41 0.28161590 0.02567109 0.02950309 0.02273489 0.03314189 0.02046499 0.03403729 0.07305067 0.01330500 0.01923659 0.04963798 0.02203019 0.01886789 0.02629659 0.02453639 0.19872093 0.05412638 0.00482575 0.01567039 0.03252609
42 0.23630810 0.04075812 0.03219491 0.03095261 0.02126191 0.02970721 0.04650702 0.06414383 0.01683411 0.05019532 0.08256463 0.03904012 0.02475001 0.03363961 0.02653131 0.07722023 0.05299492 0.00645448 0.02259301 0.06534853
43 0.24912592 0.02009889 0.03627639 0.02197259 0.02000279 0.01755639 0.04705288 0.27869091 0.01097840 0.01767829 0.03527419 0.02926319 0.01183040 0.01308440 0.01955799 0.08843117 0.03152059 0.00359934 0.01384850 0.03415679
44 0.08982230 0.04721510 0.03322020 0.03347130 0.01670840 0.03450260 0.04117110 0.03697050 0.02068500 0.04320950 0.08255910 0.04932150 0.02537810 0.03298570 0.02828900 0.09059850 0.20844399 0.00529733 0.02154720 0.05860360
45 0.04970124 0.01266481 0.00918963 0.00530481 0.00861733 0.00990384 0.00823834 0.00977858 0.00907125 0.29340221 0.15111711 0.01589621 0.04282003 0.03700373 0.00596809 0.01334011 0.02400662 0.00217905 0.00899483 0.28280220
46 0.06782247 0.03531658 0.06021587 0.26762586 0.01051729 0.03625908 0.08977255 0.06469447 0.02893829 0.02303159 0.05136707 0.04128468 0.01377379 0.02184349 0.01929169 0.06474497 0.04205108 0.00456961 0.02352459 0.03335498
47 0.05180075 0.28964173 0.02233028 0.01782688 0.02873927 0.03232307 0.03374487 0.01413819 0.01224279 0.01691708 0.03917476 0.30202072 0.01195309 0.00738220 0.01654258 0.02373498 0.04077356 0.00205883 0.01454759 0.02210678
48 0.09278097 0.04062279 0.04098039 0.03377589 0.01915719 0.02902179 0.03542039 0.07393708 0.01984999 0.02872189 0.06876028 0.03431279 0.02279549 0.03317189 0.02507799 0.24753093 0.06728258 0.00749849 0.03114659 0.04815459
49 0.05854933 0.04454152 0.03192702 0.02311591 0.01145411 0.03461712 0.03503962 0.15630109 0.01752601 0.03177452 0.19046610 0.15108308 0.02139461 0.01575761 0.01537471 0.06063623 0.03255142 0.00753165 0.01280571 0.04755263
50 0.05322513 0.08487294 0.03316332 0.02894861 0.01189861 0.03497872 0.05138052 0.01784941 0.01595291 0.02126451 0.05133202 0.25917012 0.01562391 0.01455181 0.01431881 0.04258302 0.19974010 0.00407712 0.01572331 0.02934511
51 0.09371220 0.03983580 0.04044680 0.03334600 0.01921960 0.02856550 0.03537670 0.07696460 0.02017650 0.02784530 0.06963700 0.03357780 0.02309810 0.03298780 0.02577870 0.24677901 0.06755680 0.00728597 0.03026070 0.04754910
52 0.05196439 0.29203695 0.02175380 0.01799100 0.02928230 0.03164129 0.03364859 0.01402510 0.01196660 0.01674020 0.03947759 0.30183095 0.01127490 0.00741497 0.01646020 0.02334560 0.04027039 0.00201089 0.01442500 0.02243930
53 0.05604037 0.02347979 0.01611069 0.01033389 0.01081419 0.01670919 0.01646209 0.01683089 0.01274069 0.28323984 0.16074591 0.02443439 0.05086847 0.04488488 0.01172609 0.02622089 0.02986448 0.00512655 0.01956479 0.16380191
54 0.09375925 0.03972502 0.04048502 0.03350682 0.01961761 0.02855411 0.03580152 0.07337074 0.02027601 0.02842261 0.06932473 0.03382572 0.02267541 0.03328062 0.02668411 0.24728212 0.06694743 0.00754441 0.03110952 0.04780722
55 0.04969832 0.06847103 0.03303001 0.02780131 0.00750980 0.13143206 0.05364782 0.12867506 0.01901651 0.03309281 0.05086852 0.20394309 0.01516571 0.01367671 0.01587841 0.06133613 0.03591382 0.00713666 0.01207281 0.03163341
56 0.09975278 0.01691100 0.04920809 0.04771959 0.00889915 0.01960530 0.13181097 0.28737593 0.01421870 0.01020550 0.03966629 0.02310229 0.00951303 0.01254630 0.01359660 0.14697896 0.02573579 0.00488081 0.00985376 0.02841919
57 0.05905938 0.02734589 0.02241279 0.01242600 0.01517779 0.02074789 0.02335099 0.01791599 0.01462490 0.21301093 0.11145696 0.02920309 0.04545698 0.04444418 0.01549719 0.04376569 0.14204495 0.00413684 0.01978459 0.11813696
58 0.21002918 0.01632391 0.02385742 0.09125318 0.14668813 0.01634231 0.02731282 0.17441315 0.00888615 0.01132881 0.03045453 0.01574491 0.00856853 0.01289431 0.01962012 0.11282110 0.04013243 0.00237807 0.01201661 0.01893432
59 0.04465561 0.02402910 0.01921960 0.01543490 0.02053830 0.02044730 0.01961160 0.01534790 0.02712551 0.12323302 0.07177941 0.02860151 0.01943270 0.08243822 0.01552940 0.07080331 0.10636402 0.01069510 0.21861804 0.04609541
60 0.05471596 0.01856449 0.01077279 0.00319859 0.00709117 0.01005319 0.01083609 0.01152279 0.00727601 0.29256081 0.20600387 0.01058129 0.10409393 0.03753798 0.00617300 0.01374829 0.02879588 0.00658287 0.01145209 0.14843890
61 0.07062514 0.02798581 0.02443711 0.02174781 0.01182101 0.02208301 0.02956662 0.03109552 0.01641261 0.11451106 0.27110214 0.03001522 0.04213882 0.03773922 0.02011751 0.05095263 0.04151712 0.00621889 0.02339371 0.10651905
62 0.05564253 0.01237629 0.00681062 0.00148716 0.00629885 0.00593408 0.00555249 0.00976889 0.00591242 0.27421268 0.27088168 0.00673706 0.09721819 0.02948817 0.00379441 0.00982761 0.02000478 0.00534501 0.00906128 0.16364581
63 0.04803849 0.01253390 0.00827535 0.00356414 0.00789441 0.00966283 0.00732703 0.00943885 0.00904942 0.31879894 0.16105897 0.01325690 0.04716659 0.03701069 0.00596802 0.01112930 0.02312910 0.00242450 0.00914863 0.25512395
64 0.13924798 0.03419689 0.04877219 0.19251197 0.00489661 0.03819529 0.22531797 0.04018959 0.02059620 0.01201260 0.05331839 0.03299660 0.00733161 0.02355130 0.01635000 0.03697269 0.02939060 0.00386083 0.01665050 0.02364020
65 0.08428141 0.03555990 0.02771610 0.02267270 0.17255201 0.01890640 0.02221620 0.03317100 0.02195530 0.03328380 0.05983500 0.03133050 0.01685300 0.02730530 0.02819170 0.07282601 0.22775602 0.00436432 0.02103460 0.03818870
66 0.15272109 0.04388493 0.02245281 0.02718602 0.01415731 0.03607332 0.16042410 0.03068672 0.01623021 0.01975741 0.05914834 0.03769312 0.01989781 0.06472564 0.01452911 0.04794043 0.03435812 0.11351607 0.05837204 0.02624542
67 0.21681398 0.02500940 0.03049600 0.02332470 0.03108490 0.02100360 0.03357800 0.07673409 0.01389860 0.02051770 0.05678830 0.02180400 0.02033970 0.02749670 0.02344850 0.24615798 0.05451100 0.00539758 0.01791780 0.03367750
68 0.05854799 0.02359860 0.05983299 0.29762094 0.00385478 0.02558699 0.21382196 0.04972069 0.03596759 0.02101200 0.03552369 0.03361339 0.00606611 0.01235750 0.01312530 0.03167699 0.02159550 0.00277132 0.02154660 0.03215909
69 0.05537168 0.02378599 0.01593320 0.01055830 0.01117060 0.01685360 0.01737069 0.01676200 0.01286980 0.28398992 0.16022295 0.02428829 0.05062839 0.04417669 0.01191250 0.02639789 0.02958209 0.00497319 0.01985229 0.16329995
70 0.05386566 0.01688789 0.06428145 0.19565384 0.00682235 0.02455698 0.12757390 0.21636683 0.01842099 0.00932370 0.03317147 0.01793019 0.00964529 0.00856035 0.01551439 0.12179090 0.02364658 0.00267967 0.01095239 0.02235518
71 0.07169967 0.03726483 0.03045023 0.01849802 0.01255561 0.02675082 0.02593512 0.02683102 0.01558491 0.12519712 0.14669213 0.03293243 0.13895013 0.03949584 0.01845802 0.05590365 0.04315454 0.00869089 0.01903892 0.10591610
72 0.04621364 0.01174031 0.00788185 0.00323596 0.00744883 0.00945752 0.00689386 0.00904338 0.00898223 0.33274331 0.15630415 0.01278311 0.04668724 0.03607823 0.00543049 0.00989074 0.02326502 0.00231852 0.00837137 0.25523024
73 0.22351509 0.04170222 0.04056312 0.05626202 0.00957749 0.03504481 0.17402807 0.06250533 0.01968711 0.01936791 0.05564912 0.03737802 0.01421761 0.03028251 0.02421601 0.05834272 0.03735052 0.00708740 0.01845341 0.03476951
74 0.09058687 0.04774019 0.03335779 0.03245599 0.01720600 0.03452669 0.04095049 0.03594409 0.02096119 0.04404249 0.08260468 0.04859509 0.02535229 0.03240969 0.02789659 0.09036247 0.20939594 0.00503788 0.02159249 0.05898108
75 0.08205747 0.04578569 0.03994799 0.06951458 0.00959161 0.04906348 0.22818093 0.05963518 0.02329269 0.02901989 0.06078898 0.05947088 0.01599030 0.02874389 0.02511069 0.05497628 0.04379639 0.01002220 0.02401519 0.04099569
76 0.04962161 0.06171962 0.03155521 0.16175604 0.00439091 0.06151692 0.23871506 0.02776131 0.01757820 0.01653270 0.03392581 0.15360804 0.00918212 0.01353150 0.01062460 0.02568391 0.04335561 0.00634291 0.01298860 0.01960931
77 0.23428990 0.04109678 0.03206979 0.03146819 0.02085969 0.02939989 0.04569438 0.06436277 0.01700179 0.05099228 0.08388216 0.03823288 0.02505829 0.03331399 0.02663829 0.07760697 0.05403488 0.00613464 0.02200129 0.06586117
78 0.05578363 0.02384311 0.01620081 0.01056231 0.01099701 0.01734521 0.01766571 0.01660681 0.01312181 0.28258816 0.15964409 0.02438131 0.05043403 0.04408193 0.01205901 0.02765542 0.02975972 0.00497282 0.01985901 0.16243809
79 0.07085237 0.02870989 0.02505339 0.02230189 0.01229819 0.02222639 0.03019429 0.03127179 0.01679499 0.11328495 0.26983288 0.03065969 0.04155268 0.03743248 0.02025579 0.05072258 0.04176078 0.00635906 0.02356199 0.10487395
80 0.09634442 0.02025010 0.04678551 0.04250631 0.01453900 0.02044190 0.03590091 0.28345006 0.01248630 0.01235510 0.04433711 0.02457850 0.01283300 0.01425830 0.01052370 0.21936704 0.04092991 0.00748410 0.01121670 0.02941201
81 0.11019399 0.04765290 0.02917420 0.02579460 0.16071898 0.02312090 0.02670080 0.04718660 0.01932560 0.05194259 0.07493479 0.04507970 0.02207160 0.04533040 0.02683070 0.08642759 0.05123899 0.01364100 0.03969510 0.05293899
82 0.05573054 0.01536331 0.00818555 0.00343823 0.00772295 0.00863348 0.00831812 0.01217241 0.00842744 0.28120519 0.25908518 0.01149721 0.06489254 0.03467782 0.00757988 0.01396101 0.01967581 0.00408952 0.01314271 0.16220111
83 0.07738143 0.03269071 0.02578441 0.02660671 0.01343041 0.02870271 0.02348301 0.03705142 0.01747851 0.01900691 0.05914093 0.02494891 0.02118801 0.01906191 0.02091601 0.23726810 0.25492011 0.00400207 0.02230751 0.03463021
84 0.23463598 0.04027760 0.03146770 0.03112670 0.02113200 0.02952270 0.04522870 0.06383039 0.01702410 0.05115140 0.08387329 0.03841360 0.02516030 0.03388340 0.02645190 0.07748789 0.05386140 0.00655319 0.02253680 0.06638099
85 0.05743169 0.00877329 0.00516448 0.00147556 0.00629346 0.00441690 0.00445065 0.00932174 0.00581567 0.27264894 0.28147594 0.00542111 0.06663748 0.02732959 0.00370159 0.00876936 0.01734630 0.00265408 0.00787124 0.20300095
86 0.11858296 0.02751279 0.01751159 0.00822855 0.00942904 0.01676909 0.01725779 0.02070099 0.01116070 0.25501291 0.15806394 0.02542069 0.04996808 0.03155759 0.01350920 0.03055219 0.02932109 0.00443958 0.01541329 0.13958795
87 0.08337898 0.04360339 0.03589659 0.03257409 0.01100260 0.03523919 0.04384139 0.25594895 0.01430540 0.02605050 0.05533579 0.15180997 0.01517890 0.01660130 0.01849290 0.07234729 0.03106719 0.00504778 0.01317570 0.03910209
88 0.17534890 0.02865168 0.02033379 0.02198209 0.01103429 0.02711978 0.03096908 0.02476219 0.01466969 0.09814754 0.22533587 0.02566058 0.03753078 0.03709628 0.01378059 0.04343857 0.03961508 0.00586579 0.01975479 0.09890264
89 0.08945061 0.04731901 0.03259230 0.03359070 0.01696780 0.03436740 0.04062041 0.03730420 0.02092990 0.04446961 0.08184441 0.04902791 0.02610540 0.03099690 0.02769740 0.09311461 0.20915503 0.00506067 0.02083190 0.05855381
90 0.07007188 0.02866069 0.02563119 0.02171979 0.01162440 0.02201729 0.03030149 0.03149729 0.01673229 0.11275597 0.27106492 0.03025699 0.04278419 0.03849969 0.01956159 0.05005578 0.04209229 0.00630751 0.02297179 0.10539297
91 0.08254279 0.04496240 0.03932960 0.06822099 0.00909452 0.05020090 0.22889798 0.06060669 0.02364430 0.02847290 0.06181279 0.05956399 0.01677490 0.02856100 0.02414620 0.05489290 0.04426000 0.00992197 0.02383760 0.04025560
92 0.23491996 0.04164009 0.03225539 0.03173369 0.02094030 0.02972340 0.04524099 0.06495219 0.01674320 0.05032209 0.08224649 0.03873279 0.02551430 0.03305799 0.02644090 0.07826239 0.05354199 0.00664306 0.02273180 0.06435699
93 0.06988855 0.02638638 0.02265759 0.01698329 0.01118859 0.01809729 0.02485798 0.02934008 0.01393609 0.14858890 0.13538591 0.03104188 0.03768868 0.03992937 0.01625439 0.04356957 0.03714738 0.00361585 0.01988139 0.25356084
94 0.04437169 0.07433208 0.02040590 0.04688939 0.00611680 0.08200328 0.25468294 0.01992150 0.00995912 0.02200949 0.03738899 0.22455395 0.01000280 0.01352930 0.00877496 0.03149789 0.05201529 0.00814506 0.01098760 0.02241199
95 0.05337544 0.02460212 0.01740101 0.01583171 0.01030511 0.02012781 0.02414782 0.01883681 0.06528765 0.20256814 0.23420716 0.02144632 0.03888953 0.04235393 0.01115141 0.03189352 0.02658292 0.00459690 0.03032362 0.10607107
96 0.09045620 0.04665750 0.03269950 0.03242530 0.01700980 0.03462660 0.04229010 0.03531220 0.02093870 0.04305180 0.08321360 0.04993500 0.02526820 0.03161250 0.02867430 0.09253370 0.20926199 0.00505033 0.02132540 0.05765730
97 0.09472024 0.04027222 0.04066812 0.03289931 0.01956031 0.02904331 0.03540241 0.07454393 0.01933011 0.02885501 0.07005893 0.03344721 0.02225541 0.03344371 0.02671481 0.24659009 0.06701843 0.00771012 0.02992201 0.04754432
98 0.06175289 0.02625190 0.06008619 0.29308096 0.00454487 0.02850900 0.18600898 0.05515559 0.03522540 0.02155620 0.03848859 0.03547060 0.00673526 0.01448850 0.01392440 0.03663300 0.02526850 0.00285530 0.02129960 0.03266430
99 0.06811038 0.03546659 0.05945138 0.26843490 0.01123050 0.03628559 0.08887677 0.06499558 0.02931439 0.02286509 0.05184988 0.04061459 0.01371890 0.02163499 0.01976789 0.06378568 0.04204268 0.00442086 0.02432819 0.03280519
100 0.07074146 0.02858203 0.02530212 0.02230302 0.01211481 0.02143882 0.02928843 0.03215413 0.01620771 0.11357910 0.26860224 0.03074323 0.04251514 0.03721053 0.02076402 0.05019455 0.04202274 0.00618730 0.02348652 0.10656210
101 0.09362716 0.04052698 0.04136558 0.03372738 0.01989349 0.02965109 0.03550638 0.07295777 0.01979399 0.02912109 0.06768617 0.03346858 0.02255959 0.03404608 0.02608479 0.24809488 0.06629627 0.00760187 0.03078749 0.04720338
102 0.08934287 0.01349890 0.00895965 0.00322308 0.00630119 0.00881002 0.00761626 0.01140770 0.00838832 0.26483291 0.18615394 0.01608609 0.05254338 0.03210149 0.00641174 0.01326280 0.02274109 0.00229909 0.00890759 0.23711192
103 0.10025795 0.02426859 0.04462768 0.04299218 0.01379959 0.02316559 0.05301188 0.34541284 0.01406079 0.02164429 0.05260968 0.02995469 0.01339939 0.01722169 0.01968399 0.09421596 0.03159339 0.00454777 0.01377869 0.03975338
104 0.07094911 0.02851650 0.02200070 0.02117490 0.01715990 0.01939280 0.03379240 0.02533570 0.01930240 0.07933061 0.09845541 0.02497950 0.03080350 0.22147202 0.01695150 0.05761831 0.04063030 0.01856080 0.07651051 0.07706311
105 0.06608861 0.02708470 0.02665740 0.01396920 0.08901851 0.01843110 0.02037830 0.03108800 0.01486310 0.10724601 0.10509101 0.02963850 0.03545840 0.03882660 0.01568050 0.04431621 0.04309371 0.00479988 0.02069320 0.24757703
106 0.04815318 0.01225059 0.00859794 0.00370926 0.00781057 0.00952162 0.00725146 0.00920017 0.00906284 0.31931686 0.16002893 0.01358319 0.04728228 0.03728398 0.00560574 0.01119540 0.02337939 0.00248313 0.00934760 0.25493589
107 0.15167777 0.06048561 0.02477286 0.01985007 0.01700297 0.02512286 0.03220835 0.02592506 0.01706827 0.02570386 0.04951152 0.14451478 0.01341788 0.02417506 0.01500678 0.06091751 0.14356278 0.00675802 0.10540084 0.03691714
108 0.04132981 0.00974378 0.00852522 0.00256064 0.00890029 0.00699649 0.00691063 0.00665797 0.00775149 0.30135005 0.13277202 0.00922693 0.04322131 0.09885272 0.00848051 0.01485040 0.03073051 0.00298548 0.01678170 0.24137204
109 0.07167252 0.03679361 0.03107121 0.01880431 0.01265230 0.02615241 0.02588451 0.02790711 0.01525311 0.12460504 0.14621505 0.03168361 0.14035405 0.04115121 0.01878291 0.05584312 0.04342261 0.00903596 0.01925331 0.10346204
110 0.05499359 0.29338794 0.02624919 0.02129500 0.02578939 0.03601849 0.03786139 0.01583450 0.01463990 0.02045970 0.04300599 0.25232295 0.01432900 0.01006510 0.01981680 0.02912409 0.04172889 0.00271601 0.01510670 0.02525539
111 0.08361275 0.04507103 0.03947012 0.06812424 0.00930147 0.04953913 0.22962314 0.06128644 0.02282351 0.02850662 0.06161114 0.05892814 0.01680461 0.02835852 0.02573102 0.05392043 0.04374493 0.00982192 0.02288031 0.04084053
112 0.09605502 0.01680920 0.05149521 0.04169121 0.01182430 0.01702960 0.03909111 0.36987007 0.01017520 0.00999237 0.03779891 0.01981460 0.01024420 0.01238120 0.01087810 0.17098203 0.03293761 0.00524942 0.00895273 0.02672790
113 0.04023841 0.01660460 0.01425960 0.01497310 0.02161410 0.01314500 0.01672170 0.01896880 0.03095631 0.05401141 0.07180241 0.01876090 0.01341340 0.25418905 0.01095610 0.05104021 0.01798890 0.03334591 0.24628105 0.04072901
114 0.20628499 0.01630850 0.03895050 0.02200220 0.01780760 0.01575430 0.04857350 0.34143498 0.00917414 0.01568120 0.03438590 0.02306760 0.01071870 0.01198950 0.01909430 0.09272289 0.02801070 0.00307853 0.01216000 0.03280000
115 0.09244663 0.04066951 0.04169521 0.03359471 0.01966501 0.02841051 0.03510011 0.07367302 0.01990771 0.02888331 0.06925372 0.03273111 0.02305891 0.03296001 0.02557491 0.24773808 0.06807482 0.00751679 0.03062311 0.04842282
116 0.05776049 0.03466460 0.02931850 0.02949850 0.01916160 0.02734560 0.03486750 0.02597020 0.03481740 0.04496890 0.07649009 0.03116510 0.01765340 0.10067899 0.01527900 0.06431719 0.03340340 0.02391940 0.25186197 0.04685820
117 0.07214348 0.23837792 0.03877979 0.03009539 0.01603159 0.03849019 0.04430989 0.02882249 0.02229169 0.03854919 0.06091338 0.10684197 0.02377999 0.02468619 0.03148799 0.06032258 0.05035358 0.00637942 0.02373849 0.04360479
118 0.05132814 0.01762651 0.00628914 0.00879015 0.05074864 0.01116341 0.02594282 0.00785264 0.01735931 0.02716992 0.05892745 0.01379281 0.01711601 0.20455317 0.00508477 0.03490763 0.00956131 0.16664114 0.24920621 0.01593881
119 0.06974095 0.02874818 0.02512998 0.02267198 0.01187249 0.02188559 0.03042768 0.03214688 0.01660789 0.11210392 0.26919582 0.03151468 0.04219007 0.03776807 0.02042519 0.05056237 0.04215957 0.00638247 0.02357728 0.10488893
120 0.11592502 0.02115020 0.01412560 0.00756353 0.00923267 0.01481700 0.01588530 0.07718231 0.01094280 0.20999604 0.21520904 0.02415780 0.04704921 0.02194540 0.00953996 0.03178621 0.02259850 0.00481775 0.01258460 0.11349102
121 0.06142757 0.01179099 0.01237899 0.00507653 0.00805059 0.00751873 0.01205349 0.01914949 0.00834937 0.16788791 0.28414785 0.01333839 0.04883757 0.02811548 0.00932177 0.02874078 0.02721399 0.00281554 0.01082409 0.23296087
122 0.05322346 0.07506645 0.03737367 0.05034427 0.01222989 0.04585237 0.03853697 0.02967308 0.12108392 0.03276818 0.06492366 0.18635087 0.02736738 0.02698258 0.02414788 0.05174326 0.04768317 0.00626469 0.02642968 0.04195457
123 0.07244795 0.03688657 0.03105618 0.01856569 0.01266999 0.02590178 0.02603668 0.02768178 0.01502489 0.12452691 0.14523189 0.03184978 0.13811390 0.04161207 0.01846149 0.05721356 0.04371097 0.00878913 0.02021389 0.10400492
124 0.07464593 0.02557601 0.03095211 0.04271962 0.01115690 0.04153302 0.14265606 0.17840807 0.02321731 0.01719241 0.05135702 0.03963292 0.01171570 0.01463581 0.01999701 0.06945673 0.15525606 0.00750811 0.01287801 0.02950521
125 0.08858037 0.02255232 0.13161410 0.06133285 0.00927669 0.02182192 0.05414954 0.29689823 0.01318411 0.01498731 0.04241183 0.02626402 0.01347811 0.01108931 0.01510651 0.10251108 0.02806572 0.00304525 0.01003981 0.03359093
126 0.05352218 0.03033389 0.02744669 0.01473519 0.01404140 0.01508289 0.02874419 0.02073629 0.01509809 0.03021749 0.18812193 0.02449209 0.02197459 0.02007489 0.20471693 0.05329748 0.15435195 0.00364115 0.01400020 0.06537048
127 0.05580056 0.02384008 0.01635119 0.01109369 0.01124499 0.01688449 0.01776049 0.01658269 0.01318939 0.28197182 0.15961790 0.02471578 0.05038497 0.04423757 0.01156399 0.02658628 0.02981138 0.00499593 0.01992189 0.16344490
128 0.07112820 0.02645950 0.02322010 0.01677770 0.01167860 0.01820890 0.02472460 0.03064180 0.01450740 0.14597500 0.13418900 0.03141180 0.03774960 0.04015880 0.01613590 0.04322100 0.03756780 0.00403638 0.01953590 0.25267201
129 0.07888697 0.05715778 0.03791219 0.04537358 0.01300700 0.18149493 0.07249357 0.04321758 0.02499109 0.04086578 0.06696547 0.06766677 0.02408789 0.02426109 0.01972919 0.06617147 0.05523588 0.00772138 0.02757419 0.04518618
130 0.07812230 0.05755900 0.03818960 0.04484320 0.01237090 0.18197699 0.07222690 0.04427760 0.02488630 0.03969600 0.06693400 0.06913090 0.02431690 0.02382890 0.02039520 0.06687910 0.05550460 0.00776695 0.02632750 0.04476720
131 0.06818263 0.03568562 0.05995883 0.26999214 0.01058941 0.03543392 0.09030655 0.06340703 0.02933521 0.02316471 0.05152663 0.04045872 0.01374221 0.02227491 0.01920541 0.06366353 0.04137542 0.00436469 0.02346881 0.03386362
132 0.07015212 0.02615831 0.02287151 0.01717211 0.01148720 0.01838851 0.02535841 0.02952271 0.01443760 0.14753205 0.13459104 0.03195691 0.03733171 0.03926431 0.01668791 0.04363931 0.03687931 0.00362158 0.01998331 0.25296408
133 0.07281798 0.23721895 0.03805789 0.02908409 0.01630830 0.03960859 0.04404699 0.02928049 0.02196860 0.03915999 0.05916709 0.10709498 0.02365970 0.02471879 0.03048129 0.06125079 0.05099089 0.00659921 0.02399379 0.04449159
134 0.06971815 0.02771548 0.02410138 0.02181968 0.01197119 0.02162989 0.03015338 0.03148468 0.01595049 0.11382692 0.27078081 0.03040658 0.04275577 0.03843107 0.02056029 0.05036197 0.04176147 0.00644399 0.02334988 0.10677693
135 0.09935925 0.02422201 0.04524502 0.04290922 0.01322181 0.02256581 0.05218972 0.34581016 0.01406441 0.02134821 0.05224172 0.02997631 0.01340141 0.01812171 0.01903211 0.09532964 0.03241351 0.00490924 0.01428331 0.03935542
136 0.08003140 0.03360290 0.02662440 0.02761190 0.01493790 0.02978950 0.02496330 0.04111120 0.01782810 0.02036560 0.06150050 0.02645540 0.02166700 0.01971220 0.02229120 0.23880599 0.22930799 0.00436803 0.02257690 0.03644860
137 0.06783577 0.03529498 0.05998957 0.27015686 0.01081159 0.03644288 0.09037845 0.06530637 0.02944958 0.02283529 0.05192987 0.04085758 0.01362639 0.02176029 0.01884579 0.06324917 0.04090268 0.00451641 0.02336779 0.03244268
138 0.05328402 0.16675907 0.03397831 0.02786851 0.01595821 0.02850501 0.03490991 0.02142271 0.03026691 0.03082421 0.05139382 0.06608113 0.01812841 0.04314552 0.02755571 0.07059633 0.03897462 0.01821381 0.18132007 0.04081372
139 0.09477843 0.04008301 0.04038111 0.03345941 0.01979941 0.02916421 0.03529331 0.07275572 0.01985561 0.02896741 0.07017102 0.03430001 0.02298401 0.03364801 0.02527301 0.24617808 0.06655202 0.00751569 0.03067971 0.04816081
140 0.05305937 0.25973886 0.02488559 0.01561389 0.02067649 0.04403658 0.03195478 0.01636509 0.01542309 0.02961028 0.11043194 0.21808888 0.02273719 0.00979523 0.01526499 0.02791448 0.03883598 0.00308960 0.01346329 0.02901438
141 0.04225968 0.02655179 0.03797128 0.09769225 0.00725262 0.02830139 0.13127594 0.02564709 0.09897965 0.15642193 0.05862037 0.02481949 0.01579539 0.02330039 0.01033960 0.02899609 0.02395659 0.00322095 0.02058959 0.13800794
142 0.04577679 0.02232290 0.01652670 0.00754806 0.00864953 0.06741879 0.02087950 0.01543180 0.01730720 0.25240096 0.08424619 0.03514919 0.03201599 0.02935450 0.00836535 0.02230280 0.02931580 0.00252802 0.01384400 0.26861596
143 0.04821110 0.07097470 0.03903180 0.16317600 0.00890027 0.03971490 0.08341780 0.03379470 0.02689580 0.02099330 0.04481190 0.22603400 0.01991900 0.01842580 0.01916580 0.03883130 0.04703030 0.00678242 0.01707990 0.02680920
144 0.09313732 0.04011491 0.04082421 0.03423581 0.01899060 0.02915751 0.03470251 0.07498882 0.01978600 0.02871591 0.06953862 0.03419771 0.02349251 0.03327421 0.02579881 0.24635006 0.06673142 0.00755587 0.03095721 0.04745001
145 0.08313843 0.04533561 0.04049411 0.06808442 0.00921559 0.05006492 0.22875907 0.05972342 0.02349141 0.02868981 0.06151252 0.05932702 0.01648921 0.02938181 0.02445031 0.05369342 0.04346901 0.00986770 0.02351331 0.04129891
146 0.08954066 0.03878363 0.04242413 0.19128712 0.00707545 0.15870510 0.07900295 0.05171083 0.01576601 0.01471811 0.05617464 0.04554113 0.02036171 0.01807201 0.01199471 0.06650264 0.04994543 0.00456700 0.01626691 0.02155981
147 0.07908822 0.05709332 0.03802541 0.04478821 0.01293680 0.18161805 0.07274682 0.04313991 0.02500991 0.04058751 0.06764362 0.06793402 0.02388451 0.02362531 0.01980971 0.06587952 0.05529172 0.00758582 0.02764101 0.04567061
148 0.07880279 0.03598340 0.02968410 0.01231480 0.01339580 0.02197230 0.02797940 0.02053970 0.01419610 0.02891390 0.06195249 0.02263980 0.08845369 0.02163970 0.25149498 0.06993149 0.13525699 0.00346839 0.01359890 0.04778130
149 0.07883530 0.05723480 0.03782040 0.04493130 0.01282510 0.18272400 0.07242640 0.04319080 0.02501800 0.04076770 0.06731580 0.06888130 0.02388060 0.02350040 0.02039930 0.06559800 0.05483560 0.00769130 0.02685170 0.04527220
150 0.07063258 0.02918549 0.02214329 0.02223829 0.01725659 0.01918449 0.03297849 0.02509749 0.01911859 0.08032488 0.09784767 0.02586899 0.03137339 0.22100093 0.01595490 0.05706398 0.03959179 0.01857579 0.07849008 0.07607228
151 0.23445184 0.04038177 0.03208528 0.03130428 0.02082219 0.02944988 0.04489437 0.06479346 0.01697979 0.05144867 0.08412334 0.03770937 0.02531738 0.03350398 0.02583738 0.07793495 0.05408936 0.00649237 0.02238998 0.06599036
152 0.05900802 0.02559681 0.01948431 0.02617421 0.01728251 0.02306761 0.02644131 0.02061401 0.02473981 0.06103392 0.22194007 0.02664741 0.02178671 0.07908272 0.01414490 0.05393292 0.03185681 0.01548680 0.17247505 0.05920412
153 0.06825400 0.02687554 0.05410678 0.19742329 0.00724078 0.02829424 0.17652726 0.07767011 0.02055643 0.01485612 0.04767437 0.02991754 0.01298862 0.02169963 0.01807033 0.11274517 0.03087515 0.00366836 0.01874623 0.03181005
154 0.17317093 0.03007989 0.04652558 0.22999691 0.01695889 0.04621418 0.08054597 0.04735298 0.01798459 0.01475599 0.06110337 0.02545749 0.01117270 0.02546759 0.01468459 0.06152427 0.05060728 0.00362461 0.01727859 0.02549359
155 0.09924404 0.02476361 0.04496892 0.04318272 0.01368860 0.02339711 0.05228212 0.34377312 0.01443621 0.02213641 0.05274772 0.02999551 0.01384750 0.01742401 0.01916541 0.09366683 0.03224171 0.00508414 0.01406211 0.03989221
156 0.03385290 0.01373460 0.01350970 0.01305860 0.02167890 0.01107920 0.01299180 0.01739560 0.03393450 0.04846250 0.06616520 0.01726760 0.01096630 0.25239299 0.00844002 0.04913550 0.01421340 0.03364430 0.29354399 0.03453240
157 0.07157308 0.14747696 0.02915669 0.05060259 0.00742212 0.05372399 0.25918094 0.02323299 0.01969130 0.02331259 0.04420799 0.09083488 0.01922530 0.02164549 0.01480370 0.03661189 0.03741559 0.00787553 0.01503040 0.02697599
158 0.06998521 0.02830050 0.02485280 0.02204330 0.01202460 0.02137840 0.03026780 0.03099550 0.01632950 0.11414801 0.26984003 0.02987220 0.04260471 0.03818770 0.02043780 0.04996211 0.04213851 0.00647118 0.02344210 0.10671801
159 0.04542216 0.01677639 0.01344929 0.00889265 0.01317119 0.01081299 0.01709649 0.01179699 0.01429529 0.20875884 0.11770791 0.01660469 0.04019637 0.19870884 0.01286209 0.03572867 0.03136468 0.00814322 0.05210836 0.12610290
160 0.06279609 0.01434730 0.01462280 0.00788818 0.00836157 0.00940561 0.01583310 0.02315780 0.00977311 0.16533598 0.27792597 0.01566410 0.04955399 0.03061450 0.01103720 0.03259720 0.03033520 0.00334965 0.01248670 0.20491398
161 0.07173342 0.23861107 0.03789411 0.02904431 0.01642111 0.03863241 0.04370251 0.03033021 0.02199871 0.03897691 0.06070732 0.10523203 0.02357681 0.02477281 0.03117921 0.06127332 0.05098002 0.00641479 0.02407901 0.04443991
162 0.06934600 0.02908670 0.02567710 0.02099470 0.01196870 0.02169130 0.02933800 0.03123850 0.01632010 0.11422000 0.27049601 0.03112260 0.04309060 0.03657930 0.02096490 0.05054290 0.04206240 0.00642687 0.02269030 0.10614300
163 0.07076186 0.02845788 0.02410939 0.02223319 0.01185549 0.02201249 0.02990258 0.03166668 0.01628239 0.11308994 0.26984185 0.02994718 0.04252258 0.03838918 0.02059499 0.05035107 0.04146718 0.00649796 0.02452419 0.10549194
164 0.05054341 0.01234410 0.00708220 0.00489026 0.00916943 0.00827322 0.00904028 0.00939500 0.01024200 0.22474705 0.23136005 0.01022540 0.05667391 0.06732931 0.00684846 0.02225360 0.01912130 0.00647724 0.05834871 0.17563504
165 0.06343392 0.01462758 0.01486128 0.00671947 0.00929318 0.00992877 0.01441358 0.02165447 0.00943003 0.15987581 0.24045371 0.01704408 0.04644794 0.03246076 0.01069209 0.03162046 0.02993686 0.00314920 0.01362008 0.25033670
166 0.03614768 0.01602839 0.01734969 0.01477779 0.02155569 0.01217489 0.01542439 0.01716429 0.03751848 0.04481238 0.06711526 0.01843559 0.01136729 0.21169588 0.00875325 0.05174797 0.01619039 0.03407778 0.31316483 0.03449808
167 0.05537211 0.02359271 0.01554010 0.01106020 0.01098400 0.01691370 0.01784140 0.01654760 0.01292400 0.28297607 0.16242204 0.02458731 0.05090321 0.04376091 0.01192560 0.02599261 0.02888291 0.00493736 0.02018610 0.16265004
168 0.07290337 0.23536990 0.03782228 0.02947639 0.01640799 0.03813358 0.04390668 0.02927619 0.02227819 0.03843678 0.06189807 0.10585595 0.02431989 0.02474819 0.03150489 0.06088277 0.05049418 0.00689653 0.02446949 0.04491868
169 0.03047270 0.01185970 0.00990269 0.01208360 0.01886450 0.00947916 0.01152630 0.01261820 0.02666550 0.12258402 0.09276491 0.01674800 0.01764530 0.25848804 0.01180080 0.04479571 0.01726420 0.01796060 0.20135703 0.05511901
170 0.08245541 0.05120760 0.03380220 0.02582670 0.01590980 0.02255950 0.04025650 0.03800580 0.01863340 0.02963910 0.07052451 0.03303420 0.01825430 0.02203860 0.31135503 0.07083391 0.05087940 0.00430011 0.01668710 0.04379680
171 0.07056233 0.02854611 0.02217641 0.02209931 0.01751391 0.01875891 0.03358091 0.02514351 0.01955561 0.07895863 0.09785204 0.02540551 0.03068041 0.22176809 0.01737601 0.05731872 0.03982312 0.01892801 0.07765433 0.07629813
172 0.07225883 0.23789510 0.03732061 0.02985671 0.01639921 0.03859962 0.04411052 0.02921831 0.02197331 0.03953162 0.06171542 0.10583004 0.02416011 0.02397261 0.03108181 0.05910532 0.05199042 0.00670340 0.02317761 0.04509942
173 0.05474221 0.14563202 0.03256290 0.02890060 0.01484420 0.01777980 0.02389730 0.02155480 0.02659350 0.01880870 0.04050870 0.03152910 0.01313130 0.01424230 0.29683803 0.12797301 0.04139570 0.00463849 0.01935850 0.02506880
174 0.05808647 0.02722543 0.02270483 0.01228371 0.01491832 0.02058222 0.02270943 0.01723272 0.01440422 0.21509525 0.11298513 0.02863233 0.04573315 0.04469875 0.01608212 0.04332835 0.13778016 0.00449335 0.02005692 0.12096714
175 0.04471653 0.00981725 0.00729367 0.00277920 0.00778461 0.00879552 0.00541694 0.00774258 0.00866157 0.32953724 0.13788010 0.01345001 0.04000003 0.03464193 0.00475685 0.00826131 0.02305922 0.00186074 0.00701951 0.29652522
176 0.04579163 0.08531186 0.03299993 0.02891072 0.00763292 0.17415513 0.09439817 0.03317653 0.02015612 0.03905423 0.05434524 0.19371015 0.01846661 0.01401101 0.01142931 0.04834174 0.04660104 0.00721584 0.01326441 0.03102742
177 0.08198333 0.05047212 0.03329351 0.02602851 0.01585780 0.02238611 0.03966211 0.03809671 0.01849481 0.03063481 0.07078932 0.03183621 0.01771771 0.02211541 0.31280810 0.07212382 0.05079362 0.00464569 0.01659191 0.04366841
178 0.05241672 0.03385562 0.02427811 0.00875498 0.00838124 0.03049111 0.02028381 0.01624461 0.01267141 0.25358911 0.07489283 0.10160205 0.02375581 0.02666821 0.01259331 0.02615291 0.02553331 0.00291643 0.01140831 0.23351011
179 0.19666118 0.02456732 0.02212892 0.01213751 0.01059081 0.01713772 0.02530382 0.03284193 0.01255631 0.09738249 0.11831011 0.03581023 0.03548673 0.03503703 0.01975562 0.03874004 0.04127144 0.00337698 0.01726462 0.20363919
