1 0.24464999 0.01341030 0.02669510 0.03076040 0.04607130 0.01225840 0.01888420 0.08438810 0.01171880 0.03043840 0.03728700 0.01210250 0.01346740 0.02226620 0.02668070 0.18642999 0.10705300 0.00297970 0.00728833 0.06517020
2 0.15632201 0.04478150 0.03405760 0.05753290 0.01429370 0.05010390 0.06813580 0.20344601 0.01727110 0.01840900 0.03386460 0.04357050 0.01352660 0.01089800 0.04775900 0.10183600 0.03888910 0.00391906 0.01277020 0.02861340
3 0.20070499 0.02400520 0.03213090 0.03642780 0.02820340 0.02196930 0.03342980 0.10354399 0.01510680 0.02929210 0.04117370 0.02392450 0.01698440 0.02254770 0.03776810 0.17612899 0.08748349 0.00467456 0.01269580 0.05180450
4 0.07704143 0.02456831 0.01919291 0.01349681 0.01448961 0.01511851 0.01717731 0.02652891 0.01180730 0.18428607 0.17697507 0.02596661 0.03908661 0.03067741 0.01246700 0.04182572 0.04605862 0.00472212 0.01902461 0.19948908
5 0.06601123 0.01025030 0.01086700 0.00408116 0.01098660 0.00926482 0.00740361 0.01368661 0.00665037 0.23039409 0.22839309 0.00891601 0.04713342 0.03366121 0.00627810 0.02425441 0.04028862 0.00313523 0.01512801 0.22321609
6 0.15661400 0.02680670 0.02569820 0.01862160 0.02111520 0.02871770 0.03755540 0.04807270 0.01422770 0.05409480 0.05706750 0.02807740 0.02046570 0.01515280 0.13666200 0.09489710 0.11176900 0.00863714 0.00974543 0.08600190
7 0.12188598 0.03968239 0.04537609 0.04404239 0.02433000 0.03301579 0.04566399 0.07849008 0.02419960 0.03697119 0.05651469 0.04048959 0.02462280 0.03103929 0.03949429 0.15631197 0.07537108 0.00843000 0.02558539 0.04848339
8 0.05576872 0.16932206 0.04985992 0.03054931 0.01321350 0.05420002 0.05434372 0.04406261 0.03152011 0.02873171 0.04616832 0.19676506 0.02503401 0.01702591 0.02036571 0.06105872 0.03820531 0.00415157 0.01647111 0.04318261
9 0.06704159 0.09149429 0.05536219 0.09878239 0.00941236 0.06407219 0.14616698 0.05380039 0.02546330 0.02248930 0.04445870 0.11713099 0.01759440 0.01006650 0.01919610 0.06419549 0.04896339 0.00292585 0.01231230 0.02907130
10 0.14132895 0.02444329 0.04846318 0.03647759 0.03131429 0.02819679 0.03475549 0.04374888 0.02283129 0.03650879 0.05393978 0.02455529 0.02274639 0.02142959 0.03304629 0.19141993 0.13735995 0.00481358 0.01133820 0.05128248
11 0.07611233 0.13193005 0.05142882 0.04189732 0.01734291 0.04659662 0.05323632 0.06250773 0.03111211 0.02472421 0.03649901 0.11204804 0.02278561 0.01529451 0.04084882 0.12617305 0.05125392 0.00600530 0.01697891 0.03522441
12 0.05105088 0.01294479 0.01082090 0.00362217 0.01127159 0.01281959 0.00908685 0.01217839 0.00895219 0.21264490 0.24255889 0.01337759 0.06745267 0.04656248 0.00624687 0.02485679 0.04136928 0.00376848 0.01945179 0.18896291
13 0.09189062 0.04125531 0.08099312 0.07990272 0.02138581 0.03956031 0.08351242 0.10279103 0.02815471 0.02827611 0.04071371 0.04474791 0.01612640 0.01325760 0.03946071 0.10805703 0.08493102 0.00511605 0.01355530 0.03631211
14 0.05211943 0.01011141 0.00913702 0.00253557 0.00996876 0.00984660 0.00673140 0.01062891 0.00724557 0.21971213 0.25871615 0.00943616 0.05888153 0.04815703 0.00468794 0.01911851 0.03772622 0.00381034 0.01778521 0.20364412
15 0.04303199 0.03062159 0.02244590 0.01476870 0.02051760 0.02402680 0.02337980 0.02406270 0.02646879 0.09912178 0.17191997 0.03110889 0.07921208 0.10205898 0.01148660 0.05251269 0.04141419 0.01571660 0.08761538 0.07850898
16 0.04124909 0.01179290 0.01197760 0.00861431 0.01668549 0.01653299 0.01224140 0.01514769 0.02102659 0.11357496 0.22497292 0.01326830 0.05838358 0.14234595 0.00692723 0.03032669 0.03341359 0.02148269 0.10804696 0.09198907
17 0.08983644 0.05682272 0.04081032 0.03306361 0.01369871 0.05084872 0.04505612 0.07982923 0.02171741 0.02364101 0.04361772 0.07543293 0.01616461 0.01697161 0.18306007 0.10062404 0.05717742 0.01267311 0.01172260 0.02723161
18 0.06030784 0.04180703 0.02581952 0.01971221 0.01581301 0.02748622 0.03000742 0.03379902 0.01842361 0.11560107 0.17666611 0.04434763 0.07318854 0.05214033 0.01888171 0.06223034 0.04949233 0.00589930 0.02441571 0.10396106
19 0.20365611 0.01931051 0.03049312 0.06456303 0.03294802 0.01972251 0.03420042 0.06457123 0.01740351 0.02795281 0.04620742 0.02006191 0.01586051 0.05696523 0.02735131 0.14608808 0.08383864 0.00771027 0.02339601 0.05769933
20 0.07930515 0.05163917 0.06232436 0.13861492 0.01065029 0.05486827 0.17165190 0.06307836 0.02213879 0.02227119 0.04441907 0.05679287 0.01703529 0.01084019 0.02548188 0.07262686 0.05099267 0.00345920 0.01396479 0.02784478
21 0.09994542 0.03400481 0.07008172 0.15377203 0.01656060 0.04297611 0.13943403 0.05359361 0.02162730 0.02310511 0.03783301 0.03428481 0.01379380 0.01078430 0.01814300 0.09804972 0.08121432 0.00270058 0.01262940 0.03546631
22 0.08585463 0.04134182 0.07045483 0.17034607 0.01230370 0.04700642 0.16251307 0.06894113 0.02197341 0.01847571 0.03485241 0.04166882 0.01264831 0.01162470 0.01978501 0.08179033 0.04969902 0.00344580 0.01731431 0.02796051
23 0.04245381 0.25585303 0.05597601 0.02061050 0.01237940 0.05106721 0.03937161 0.03065080 0.03766820 0.01536790 0.02014280 0.25203903 0.02296030 0.00858204 0.00770535 0.05193111 0.02374980 0.00150308 0.01407140 0.03591660
24 0.08474077 0.02952179 0.03121639 0.03604269 0.01915639 0.02492529 0.03224759 0.14491294 0.03281149 0.03131169 0.05483698 0.02635529 0.01503609 0.10455396 0.02385259 0.08376617 0.02525219 0.02888829 0.13488895 0.03568249
25 0.21994809 0.02351431 0.02915611 0.03539952 0.02831881 0.02063321 0.03251171 0.10877905 0.01350611 0.02897581 0.03832422 0.02271541 0.01491211 0.02036521 0.04225442 0.16605407 0.08602704 0.00420787 0.01061740 0.05377952
26 0.05080511 0.14747503 0.04319661 0.01919500 0.01496790 0.06011381 0.05365741 0.03581431 0.02917430 0.03303141 0.06288201 0.17676503 0.02785160 0.03754821 0.02213310 0.05746051 0.06267211 0.00543043 0.01509430 0.04473181
27 0.06283121 0.11659202 0.06212371 0.10819802 0.01141570 0.05438201 0.11570202 0.05732201 0.02749251 0.01692590 0.03140891 0.13460003 0.01632320 0.01001040 0.02164040 0.06959551 0.03778701 0.00359069 0.01450970 0.02754901
28 0.17323781 0.03324336 0.02987977 0.04065056 0.02152038 0.02639917 0.04457865 0.09420440 0.01558568 0.05633644 0.06723273 0.03275726 0.01979958 0.02611297 0.04214495 0.11058488 0.06815013 0.00561789 0.01846608 0.07349732
29 0.05688091 0.01891480 0.01654950 0.01408950 0.01301690 0.02090430 0.02183240 0.02216550 0.01298430 0.15577902 0.23546902 0.02124370 0.05777431 0.06226851 0.01222290 0.03786510 0.04553180 0.00634660 0.02707990 0.14108101
30 0.03805161 0.01202860 0.00814498 0.00274062 0.01318110 0.01450410 0.01018950 0.00961164 0.01195380 0.15461404 0.29265108 0.01331020 0.08861072 0.10269603 0.00494254 0.02489841 0.04036271 0.00666434 0.03262991 0.11821403
31 0.08639421 0.04218090 0.04778450 0.08474431 0.01382950 0.04944720 0.07355731 0.07627821 0.02231790 0.01819490 0.03704430 0.04275590 0.01495220 0.01849690 0.16877102 0.10549401 0.04858580 0.01110590 0.01412040 0.02394460
32 0.16083487 0.02991788 0.03223377 0.03819027 0.02102538 0.02527828 0.03556417 0.20445283 0.01608969 0.01830959 0.03055288 0.02895868 0.01843229 0.01937888 0.04247097 0.17378086 0.04633336 0.00656980 0.01713509 0.03449047
33 0.10394495 0.10275895 0.03740978 0.02796009 0.01571629 0.04122158 0.05021907 0.04757098 0.02369529 0.04894357 0.06247537 0.13510693 0.02394109 0.01809469 0.02695749 0.07284066 0.05406997 0.00548432 0.01386569 0.08772325
34 0.06843989 0.01071100 0.01240980 0.00495401 0.01195380 0.00789534 0.00604777 0.02464020 0.00645477 0.23981798 0.20575598 0.00856844 0.04102770 0.02399000 0.00712405 0.02540210 0.03871810 0.00295460 0.01335550 0.23977898
35 0.12262000 0.04087470 0.04528020 0.04432880 0.02462170 0.03316970 0.04569680 0.07830480 0.02403400 0.03589330 0.05517380 0.04169690 0.02451260 0.03038110 0.03897140 0.15716000 0.07552940 0.00825429 0.02523490 0.04826160
36 0.05811110 0.15250901 0.07563630 0.05260910 0.01672490 0.04819280 0.06196120 0.04875150 0.03498860 0.02154470 0.02829200 0.13695701 0.02078830 0.01175310 0.03029550 0.10170600 0.04547570 0.00492356 0.01630000 0.03247960
37 0.20262280 0.02118778 0.03288467 0.03499947 0.02980597 0.02045858 0.02930087 0.10023890 0.01519758 0.02836827 0.03985556 0.02051748 0.01763968 0.02230178 0.03407697 0.19144081 0.09220221 0.00446759 0.01168739 0.05074565
38 0.08552758 0.04134619 0.07001449 0.17104197 0.01280160 0.04705449 0.16300597 0.06799639 0.02202820 0.01845750 0.03440929 0.04174519 0.01299530 0.01186090 0.01992950 0.08150988 0.04973549 0.00344199 0.01714340 0.02795469
39 0.13717796 0.04446609 0.06937928 0.08072798 0.02111289 0.03653269 0.08004928 0.06495678 0.02396799 0.03330459 0.04585539 0.04502319 0.01561470 0.01584740 0.03108189 0.11221997 0.07654458 0.00461616 0.01457930 0.04694189
40 0.12216199 0.04002510 0.04478909 0.04440769 0.02481460 0.03332250 0.04562169 0.07847159 0.02395410 0.03705650 0.05731699 0.04109490 0.02451600 0.03053650 0.04011730 0.15514298 0.07427939 0.00833502 0.02494660 0.04908949
41 0.23597210 0.02085381 0.02573181 0.03299271 0.02917321 0.01826521 0.02921701 0.11599205 0.01204591 0.02746351 0.03563622 0.02014101 0.01402641 0.02002241 0.04150892 0.16810807 0.08477474 0.00377777 0.00958170 0.05471542
42 0.21854303 0.02343730 0.02909530 0.03546860 0.02840620 0.02062620 0.03286610 0.11057501 0.01396620 0.02852590 0.03812480 0.02237490 0.01499460 0.02112980 0.04159750 0.16596402 0.08539991 0.00439458 0.01137050 0.05313951
43 0.14235286 0.02507468 0.02889447 0.02598947 0.04259626 0.02069518 0.02618477 0.05047975 0.01705698 0.07465343 0.10293690 0.02543838 0.04979725 0.04059556 0.02523608 0.11483689 0.07585123 0.00596136 0.02098558 0.08438292
44 0.10871090 0.01914128 0.02554238 0.02066588 0.02096558 0.01651649 0.02134658 0.02673168 0.01324559 0.13607288 0.14162087 0.02027388 0.03499487 0.02771428 0.02011008 0.07983423 0.09097452 0.00439920 0.01389099 0.15724786
45 0.06144753 0.00878273 0.01034819 0.00288236 0.01044159 0.00631712 0.00423583 0.01239859 0.00555094 0.25104072 0.22220775 0.00685794 0.04359185 0.02586337 0.00451741 0.01861908 0.03675346 0.00263245 0.01337538 0.25213572
46 0.08532189 0.04175629 0.07054079 0.17021497 0.01250600 0.04732629 0.16201698 0.06837689 0.02227900 0.01836430 0.03468499 0.04238159 0.01229680 0.01178530 0.01997870 0.08136359 0.04996129 0.00354885 0.01717760 0.02811790
47 0.04254442 0.25260709 0.05621152 0.02033671 0.01227760 0.04886962 0.03789971 0.02948631 0.03704531 0.01433951 0.01851191 0.25503109 0.02289741 0.00895332 0.00918774 0.05810842 0.02319461 0.00183318 0.01436891 0.03629561
48 0.09034479 0.03393669 0.04044109 0.03268600 0.02420460 0.03241760 0.03850419 0.05585389 0.02193110 0.05259049 0.09219879 0.03688129 0.06681189 0.03586669 0.02878530 0.16154798 0.07344619 0.00666145 0.01981230 0.05507769
49 0.05438800 0.05173600 0.02832420 0.02023040 0.03456400 0.04723410 0.03757950 0.03752590 0.02026340 0.07314190 0.18114701 0.08186070 0.05094350 0.05696690 0.02119600 0.05589540 0.05257250 0.00688316 0.02450900 0.06303840
50 0.06697989 0.09131128 0.04764359 0.03359099 0.01537370 0.06856659 0.06859579 0.03654759 0.04906279 0.03470209 0.06185879 0.12324598 0.02359130 0.01565280 0.02793689 0.07583959 0.10011398 0.00590179 0.01535050 0.03813409
51 0.12064802 0.03989041 0.04595871 0.04453101 0.02455130 0.03357771 0.04587671 0.07767621 0.02437500 0.03717701 0.05728151 0.04038881 0.02458450 0.03022211 0.03905991 0.15629203 0.07544621 0.00829793 0.02507220 0.04909271
52 0.03935148 0.27246787 0.05753507 0.01719359 0.01221469 0.04846238 0.03331698 0.02548869 0.03880098 0.01327159 0.01545409 0.26937687 0.02329869 0.00780130 0.00431685 0.05006068 0.01990889 0.00110643 0.01421529 0.03635758
53 0.05453344 0.00991107 0.00946697 0.00259964 0.01010701 0.00948208 0.00630399 0.01141001 0.00692189 0.23019019 0.24578120 0.00916393 0.05474914 0.04131943 0.00477387 0.01896842 0.03743123 0.00345751 0.01713581 0.21629318
54 0.06484903 0.01552001 0.01695381 0.00938763 0.01501081 0.01750551 0.01394611 0.01737531 0.01186020 0.17685407 0.22072609 0.01552171 0.05558082 0.04857722 0.01086760 0.05352192 0.05250992 0.00506816 0.02067701 0.15768706
55 0.05097473 0.19681313 0.05028053 0.03888992 0.01046681 0.06432344 0.07787215 0.03621712 0.03378212 0.02095551 0.03512192 0.20749413 0.02039531 0.00916375 0.01093351 0.05358263 0.03527942 0.00167102 0.01221561 0.03356722
56 0.07446499 0.04529930 0.08181099 0.15385398 0.01217600 0.05022139 0.17262698 0.06199979 0.02274220 0.01682610 0.03265500 0.04900759 0.01506050 0.00733367 0.02094950 0.09302219 0.05022269 0.00313094 0.01330270 0.02329350
57 0.05416850 0.01543530 0.01428330 0.00639036 0.01354120 0.01756520 0.01369090 0.01340890 0.01089850 0.18583201 0.22801901 0.01688860 0.07245950 0.04893820 0.00990736 0.03823030 0.05833950 0.00411212 0.01969820 0.15819301
58 0.12613700 0.04045180 0.06506890 0.13432600 0.01725310 0.04257200 0.12157000 0.06122460 0.03522690 0.02084740 0.03685190 0.03810160 0.01260400 0.01459710 0.02130220 0.09497770 0.06374480 0.00371861 0.01487620 0.03454820
59 0.04356372 0.01174161 0.02075221 0.01029071 0.02281401 0.01767861 0.01225141 0.01663061 0.03287602 0.11046306 0.13008607 0.01355591 0.03881032 0.14203907 0.01036371 0.04178712 0.04489082 0.03123802 0.16285108 0.08531594
60 0.07490222 0.00876083 0.01112410 0.00468908 0.01225680 0.00650699 0.00525935 0.01575450 0.00568889 0.23948207 0.20970906 0.00653832 0.04081411 0.02465551 0.00683998 0.02674371 0.04149921 0.00265046 0.01282770 0.24329707
61 0.05202934 0.01042179 0.00925180 0.00282434 0.01004229 0.01024509 0.00721756 0.01092489 0.00742398 0.21867275 0.25866070 0.00981021 0.05927303 0.04769025 0.00478796 0.01954988 0.03807356 0.00365545 0.01744138 0.20200377
62 0.04416488 0.06566127 0.02581449 0.01166229 0.01331349 0.04570468 0.03486758 0.02073729 0.02000559 0.11832594 0.17385692 0.09200646 0.07251477 0.04491308 0.01231079 0.04243778 0.05027268 0.00418777 0.01906259 0.08817966
63 0.06053484 0.00860330 0.01029491 0.00270969 0.01034381 0.00653033 0.00429755 0.01219531 0.00576930 0.25016416 0.22409815 0.00677332 0.04509373 0.02722972 0.00502506 0.01859201 0.03687952 0.00277811 0.01413101 0.24795616
64 0.07729780 0.03688440 0.07850770 0.20798001 0.00691436 0.05257580 0.21854201 0.06104800 0.01996120 0.01210830 0.02815040 0.03835400 0.00936946 0.00318397 0.01192200 0.06461570 0.04080910 0.00097215 0.01208820 0.01871540
65 0.11175992 0.02359788 0.07228365 0.03098798 0.05406916 0.03200888 0.02240498 0.03435347 0.05245166 0.03845827 0.04460497 0.01996949 0.02115228 0.01995759 0.02106868 0.18996286 0.13557590 0.00738703 0.02027158 0.04767376
66 0.12972004 0.02797721 0.03133321 0.03706191 0.02133671 0.02633541 0.03557491 0.09814813 0.02705151 0.03214541 0.05290062 0.02794771 0.01733741 0.08113892 0.02634081 0.12056304 0.04456211 0.02070681 0.09904473 0.04277341
67 0.17168290 0.02063689 0.03012098 0.02726578 0.02969898 0.01965319 0.02436979 0.05602337 0.01439089 0.08279925 0.07935325 0.01859929 0.02350209 0.02503518 0.03206608 0.14330091 0.09449104 0.00458011 0.01315979 0.08927025
68 0.07076759 0.04289979 0.07718979 0.20485196 0.00646165 0.05384969 0.21397996 0.06269859 0.02035860 0.01215990 0.02824819 0.04721539 0.00972834 0.00306141 0.01159380 0.06464839 0.03941599 0.00095088 0.01246790 0.01745220
69 0.07651711 0.01869190 0.02119490 0.01162310 0.01628990 0.01892330 0.01674680 0.01970270 0.01225390 0.18526602 0.17924302 0.01893860 0.04418280 0.03118170 0.01774850 0.05214500 0.06853701 0.00429141 0.01694530 0.16957702
70 0.07890423 0.04137521 0.06919682 0.16715806 0.00917067 0.05809532 0.18594707 0.05345692 0.02094181 0.01827881 0.04632012 0.04600802 0.01412340 0.00640477 0.01552971 0.07272213 0.05950472 0.00174161 0.01204340 0.02307721
71 0.04989626 0.01563459 0.01260259 0.00488698 0.01230959 0.01494499 0.01126669 0.01326949 0.01039809 0.19555085 0.24007481 0.01641679 0.07447784 0.05222426 0.00753052 0.03007918 0.04319897 0.00426957 0.02129008 0.16967787
72 0.06004781 0.00680302 0.00903358 0.00166246 0.00958597 0.00469541 0.00271592 0.01094500 0.00453216 0.26166006 0.22626205 0.00471676 0.04304211 0.02387211 0.00361459 0.01484480 0.03475681 0.00227549 0.01240180 0.26253206
73 0.13335703 0.04424551 0.05221851 0.11189603 0.01369760 0.04706711 0.14276004 0.07038022 0.01959380 0.02210311 0.03871181 0.04704771 0.01424540 0.01011750 0.03826521 0.08523342 0.06072792 0.00344455 0.01104270 0.03384481
74 0.11511692 0.03249298 0.03949557 0.03924947 0.02225828 0.03389388 0.04803667 0.04072757 0.02074519 0.06768595 0.09295984 0.03545968 0.02851368 0.02884558 0.03891027 0.10801893 0.11071692 0.00565298 0.01728569 0.07393395
75 0.08880480 0.04550830 0.05485240 0.11212800 0.01237080 0.05642430 0.15678100 0.05018460 0.02200650 0.02629320 0.04894340 0.05430480 0.01853940 0.01152620 0.03391640 0.07967290 0.07956930 0.00398209 0.01258230 0.03160930
76 0.10338195 0.04704788 0.04456388 0.08581926 0.01285099 0.05868847 0.12985494 0.05035978 0.02095109 0.04050168 0.08900166 0.05468867 0.02341119 0.01854619 0.02648689 0.07430707 0.06189437 0.00384497 0.01268879 0.04111028
77 0.17230604 0.03365151 0.03012551 0.04146841 0.02132791 0.02658881 0.04572631 0.09497062 0.01541690 0.05653971 0.06679362 0.03299961 0.01963320 0.02485371 0.04204931 0.11037903 0.06885962 0.00532496 0.01772670 0.07325852
78 0.06054941 0.00902719 0.01017630 0.00264850 0.01040110 0.00647434 0.00431355 0.01212450 0.00570755 0.25033405 0.22423505 0.00722395 0.04496831 0.02701791 0.00465300 0.01843510 0.03669371 0.00262501 0.01389040 0.24850105
79 0.05684313 0.01935641 0.01635331 0.01398661 0.01273811 0.02117931 0.02194701 0.02207421 0.01318461 0.15551308 0.23585712 0.02181611 0.05839523 0.06277513 0.01160581 0.03728692 0.04499912 0.00641271 0.02701501 0.14066107
80 0.16143705 0.03135041 0.03232341 0.03943171 0.02015671 0.02583211 0.03806891 0.21076807 0.01585250 0.01843691 0.03093451 0.03031991 0.01719781 0.01864911 0.04267651 0.16380305 0.04462931 0.00643639 0.01709831 0.03459731
81 0.13336999 0.02998620 0.05058090 0.03484800 0.05778850 0.02661310 0.02940770 0.06231590 0.02601650 0.03796490 0.04952290 0.03044010 0.02280600 0.03209830 0.02900760 0.16981799 0.08972030 0.00833815 0.02629640 0.05306060
82 0.05655479 0.01264150 0.01171360 0.00430353 0.01077750 0.01380450 0.00968244 0.01211700 0.00838693 0.21070698 0.24227898 0.01316760 0.05713109 0.04325020 0.00682567 0.02628160 0.04740470 0.00341712 0.01614230 0.19341198
83 0.15129290 0.01793919 0.04999447 0.03167068 0.03383958 0.02306068 0.02402158 0.03509298 0.02253859 0.03360838 0.04819627 0.01631889 0.02011499 0.01809699 0.02692218 0.21585786 0.16950789 0.00361858 0.00734748 0.05095987
84 0.17207590 0.03331408 0.03048018 0.04226048 0.02135199 0.02678568 0.04645227 0.09229495 0.01578419 0.05603997 0.06752176 0.03234848 0.01993089 0.02571579 0.04208688 0.11014594 0.06915086 0.00538837 0.01763239 0.07323896
85 0.05590173 0.00733888 0.00829168 0.00135315 0.00910026 0.00548045 0.00332971 0.01018371 0.00518312 0.24768715 0.24584415 0.00567532 0.05073343 0.03306872 0.00362456 0.01508331 0.03512462 0.00262768 0.01350521 0.24086315
86 0.16789607 0.02856801 0.02267661 0.01639161 0.01674561 0.02726201 0.03445022 0.05847733 0.01177341 0.07338163 0.06000053 0.02529771 0.02036361 0.01566761 0.15228407 0.09535494 0.08945144 0.00705575 0.00974771 0.06715413
87 0.14356997 0.03920019 0.03149409 0.02979859 0.01576220 0.03345599 0.02856419 0.16768297 0.01654640 0.01794610 0.02844959 0.03565149 0.01374220 0.01614480 0.14448497 0.14191097 0.04498549 0.00930268 0.01277680 0.02853029
88 0.20743899 0.03173410 0.02221880 0.02167270 0.01641700 0.02923680 0.03792560 0.08783740 0.01245490 0.02730810 0.02978520 0.02711850 0.01575970 0.01368390 0.16817699 0.11037600 0.08220210 0.00718836 0.00787268 0.04359220
89 0.14730497 0.02361480 0.04718439 0.03732629 0.03108989 0.02774139 0.03508919 0.04188609 0.02155790 0.03795039 0.05457039 0.02386770 0.02106610 0.01971660 0.03601829 0.18023697 0.14622297 0.00450040 0.00985399 0.05320129
90 0.05204783 0.01008441 0.00903133 0.00259698 0.01000921 0.00993188 0.00691890 0.01115641 0.00738393 0.21876614 0.25919416 0.00958312 0.05950014 0.04814053 0.00496840 0.01949851 0.03794352 0.00369507 0.01732141 0.20222813
91 0.09681189 0.04316349 0.05566889 0.10022199 0.01736410 0.04483519 0.13033498 0.06740049 0.02179670 0.02118240 0.03917089 0.04716549 0.02144400 0.01321560 0.03310880 0.13279598 0.06388249 0.00487523 0.01460130 0.03096010
92 0.22078706 0.02670151 0.01970891 0.03128211 0.01912681 0.02002831 0.03182861 0.26439308 0.00947061 0.01927931 0.02664371 0.02270061 0.01137800 0.01309170 0.03844491 0.13096904 0.04022451 0.00350900 0.01130190 0.03913031
93 0.07678174 0.02595558 0.01962538 0.01401729 0.01465209 0.01532379 0.01754409 0.02627978 0.01196499 0.18280986 0.17616986 0.02703638 0.03936907 0.03008608 0.01229289 0.04302507 0.04638816 0.00456698 0.01839709 0.19771385
94 0.05705776 0.14153614 0.04982935 0.05316645 0.01042491 0.06315186 0.09954420 0.04363374 0.02925043 0.02345952 0.04268364 0.18303818 0.02101482 0.01204131 0.01554302 0.05821696 0.04485444 0.00310192 0.01224541 0.03620594
95 0.03697651 0.00977827 0.00929537 0.00547445 0.01819250 0.01535530 0.00930263 0.01170260 0.02204331 0.08558062 0.24070106 0.01174290 0.06487652 0.18688105 0.00654441 0.03116681 0.03255421 0.02476701 0.11787703 0.05918742
96 0.13905215 0.03346514 0.03955294 0.04854815 0.02371233 0.03127033 0.05487596 0.12435713 0.01903592 0.03600184 0.04936145 0.03577974 0.01753652 0.01744282 0.04867815 0.11753013 0.09691900 0.00502974 0.01202451 0.04982605
97 0.20259201 0.02335270 0.03221540 0.03608220 0.02903860 0.02134860 0.03237780 0.10401401 0.01518220 0.02873260 0.03969760 0.02264360 0.01687260 0.02243280 0.03859290 0.17811501 0.08827140 0.00457375 0.01241270 0.05145150
98 0.08545624 0.04069332 0.05326922 0.11530805 0.01397621 0.05031382 0.10171105 0.07334393 0.02263151 0.01785111 0.03705652 0.04158432 0.01400651 0.01687801 0.11908305 0.09801195 0.04823142 0.00911644 0.01590631 0.02557101
99 0.07237873 0.09842250 0.06086364 0.11057289 0.01472049 0.05546294 0.11012989 0.05331205 0.02705187 0.04382576 0.04172956 0.07981812 0.01692928 0.01064299 0.02124828 0.07434403 0.05331195 0.00380560 0.01512938 0.03630006
100 0.05711082 0.01955981 0.01646371 0.01413320 0.01298910 0.02182061 0.02219251 0.02200141 0.01302240 0.15379105 0.23535708 0.02176091 0.05839132 0.06373102 0.01213230 0.03753441 0.04555491 0.00649758 0.02757581 0.13838004
101 0.12246704 0.04023471 0.04552312 0.04539892 0.02474781 0.03304861 0.04664152 0.07890033 0.02372171 0.03683381 0.05553292 0.04087691 0.02413561 0.02940121 0.03968821 0.15631806 0.07615973 0.00813314 0.02388031 0.04835632
102 0.11243907 0.01953981 0.02144741 0.01653061 0.02011951 0.01824521 0.02668482 0.04018822 0.02046731 0.09203586 0.10706306 0.02702932 0.02696292 0.07099884 0.03806092 0.06889634 0.05374793 0.03259622 0.06365654 0.12329007
103 0.20190010 0.02829971 0.01899601 0.02725521 0.01654351 0.01957501 0.02827331 0.32627217 0.00880856 0.01764091 0.02641551 0.02239421 0.01106771 0.01139661 0.03467172 0.11954906 0.03123332 0.00349192 0.01163901 0.03457642
104 0.05656639 0.01703710 0.01761570 0.01309260 0.02046490 0.01831790 0.01499260 0.02775390 0.02831430 0.06470609 0.14411699 0.02071630 0.03758850 0.17937298 0.01595320 0.05289759 0.03479920 0.03239460 0.14706499 0.05623419
105 0.17365184 0.01627579 0.02463838 0.02442918 0.02865497 0.01344059 0.02104108 0.03920186 0.01178899 0.09605591 0.09477471 0.01623899 0.02297248 0.02153588 0.02876087 0.11590189 0.10564890 0.00364101 0.00893479 0.13241188
106 0.04789332 0.01344021 0.01685201 0.00752997 0.01828781 0.01492271 0.00964415 0.01631951 0.02322851 0.15580108 0.17132509 0.01327231 0.04388922 0.10840906 0.00842297 0.03297592 0.03468612 0.02177191 0.10881006 0.13251807
107 0.09324065 0.07349574 0.04250092 0.04262152 0.01647411 0.05122103 0.06967964 0.04363802 0.02737172 0.03518612 0.05705673 0.11277506 0.02228621 0.02608371 0.02936452 0.07800464 0.08096025 0.00824364 0.04224412 0.04755163
108 0.04651519 0.00930456 0.00758562 0.00170482 0.01022430 0.00898144 0.00611336 0.00925073 0.00809132 0.20661594 0.27256092 0.00902884 0.07100038 0.06247118 0.00393191 0.01886939 0.03754439 0.00408980 0.02033899 0.18577694
109 0.07200700 0.05075860 0.08406471 0.14050501 0.01519620 0.04936640 0.13277001 0.05548860 0.02564810 0.02093990 0.03734270 0.05368670 0.03349420 0.01013630 0.01998710 0.09601471 0.05490360 0.00379184 0.01546420 0.02843410
110 0.03916083 0.27317223 0.05781085 0.01714821 0.01220361 0.04814114 0.03295633 0.02517802 0.03878873 0.01310311 0.01513071 0.27002223 0.02344202 0.00779157 0.00414153 0.05012734 0.01974582 0.00107285 0.01429151 0.03657133
111 0.07983066 0.05229598 0.06249207 0.13760894 0.01066260 0.05513778 0.17103492 0.06358047 0.02250839 0.02225149 0.04500308 0.05772877 0.01699049 0.01100780 0.02426289 0.07171667 0.05078078 0.00335164 0.01411759 0.02763699
112 0.12785599 0.03977820 0.03555480 0.04693920 0.01586070 0.04701980 0.04892860 0.24660998 0.01817550 0.01474720 0.03171670 0.03926160 0.01531440 0.01319500 0.05208559 0.12899299 0.03131740 0.00572730 0.01517530 0.02574380
113 0.03568470 0.00513783 0.01988640 0.00858471 0.02221500 0.01388190 0.00404214 0.01569710 0.05152540 0.03424050 0.07912879 0.00677244 0.01189840 0.25703698 0.00662867 0.03855840 0.01600160 0.05983409 0.28455497 0.02869000
114 0.22148096 0.02284010 0.02084500 0.03114819 0.03774219 0.01735320 0.02526730 0.21078496 0.01099030 0.02394530 0.03079769 0.01917040 0.01229670 0.01675210 0.03236529 0.14258597 0.05851369 0.00356789 0.01071450 0.05083829
115 0.12140999 0.04041540 0.04575050 0.04464070 0.02443470 0.03333440 0.04613190 0.07852199 0.02397470 0.03686830 0.05552550 0.04131340 0.02467340 0.03003520 0.03948510 0.15675099 0.07487729 0.00818537 0.02481500 0.04885620
116 0.04659584 0.01882772 0.02454232 0.01923512 0.02099852 0.02001992 0.01819511 0.02980582 0.03911923 0.05555134 0.09526438 0.02014452 0.02108412 0.18368115 0.01165121 0.04790874 0.02536712 0.04315443 0.20774117 0.05111224
117 0.05460370 0.18657099 0.04855920 0.03568220 0.01173240 0.07668220 0.06451220 0.04057910 0.03567870 0.02617250 0.04313930 0.17469899 0.02160240 0.01033450 0.02050740 0.05911440 0.04064450 0.00246183 0.01382190 0.03290160
118 0.03693808 0.00516138 0.01079219 0.00676039 0.02050729 0.01250709 0.00473824 0.01306189 0.03423608 0.05234797 0.13544092 0.00698566 0.02836318 0.24886685 0.00539464 0.03231558 0.01979299 0.04907897 0.23716986 0.03954078
119 0.06501434 0.02082438 0.02019488 0.01467569 0.01437149 0.02560298 0.02424698 0.01900668 0.01420939 0.13786387 0.22597279 0.02423528 0.05801865 0.05513105 0.01361699 0.05259055 0.06779314 0.00486863 0.01900738 0.12275489
120 0.09880604 0.01631621 0.01554951 0.01285941 0.01519721 0.01527171 0.01664641 0.05144712 0.00905357 0.18126008 0.17862708 0.01557251 0.03692952 0.02758611 0.01520791 0.05016322 0.04786282 0.00377060 0.01450291 0.17737008
121 0.05688483 0.00748532 0.00869389 0.00169076 0.00929907 0.00583810 0.00358223 0.01054131 0.00537611 0.24588614 0.24300314 0.00610150 0.04951103 0.03244402 0.00390902 0.01574021 0.03555342 0.00270514 0.01360861 0.24214614
122 0.04618841 0.24093905 0.05433711 0.02327111 0.01314090 0.05298251 0.04107211 0.03505811 0.04814791 0.01868410 0.02450481 0.21858605 0.02312271 0.00962679 0.01107500 0.05642661 0.02810631 0.00233159 0.01639910 0.03599971
123 0.04747478 0.01670349 0.01356080 0.00790201 0.01366110 0.02259989 0.01770679 0.01386660 0.01286360 0.14361295 0.26217591 0.02032829 0.08505247 0.07186477 0.00950956 0.04142509 0.05749188 0.00479629 0.02113279 0.11627096
124 0.09215720 0.04018510 0.05684970 0.11715100 0.01330050 0.05136300 0.16012501 0.05133800 0.02100430 0.02172700 0.04002470 0.04710870 0.01804520 0.00968645 0.03031710 0.10169900 0.08143760 0.00377171 0.01262280 0.03008590
125 0.09081303 0.04613271 0.06405142 0.06334552 0.01558870 0.03213401 0.07161462 0.26748608 0.02116901 0.01673590 0.03244311 0.04727631 0.01450100 0.01279950 0.03540551 0.08894043 0.03438981 0.00517571 0.01416400 0.02583361
126 0.14874005 0.03597071 0.03071001 0.02524011 0.01758031 0.03241941 0.03940991 0.10623104 0.01603221 0.02793361 0.03276071 0.03431911 0.01433840 0.01248830 0.17008006 0.10853004 0.09532813 0.00773463 0.00852614 0.03562711
127 0.05181261 0.01331130 0.01111150 0.00363859 0.01134240 0.01241020 0.00869668 0.01246130 0.00870688 0.21265103 0.24161404 0.01355380 0.06696211 0.04656511 0.00626601 0.02487940 0.04127711 0.00391638 0.01949050 0.18933303
128 0.07687530 0.02586240 0.01966850 0.01424040 0.01463510 0.01524450 0.01790460 0.02723630 0.01196480 0.18247101 0.17573701 0.02647450 0.03881520 0.03057690 0.01194260 0.04312960 0.04582160 0.00460676 0.01914590 0.19764701
129 0.07241751 0.07161001 0.04661001 0.05579401 0.01456180 0.08331851 0.07989951 0.05580181 0.03039160 0.04205981 0.07634171 0.07952011 0.02645230 0.02341840 0.04021161 0.07661461 0.05670031 0.00619166 0.02120860 0.04087611
130 0.06168101 0.12124702 0.04964711 0.04366811 0.01305060 0.08131662 0.07142901 0.04762931 0.03011221 0.02633831 0.04926891 0.14675003 0.02132620 0.01244370 0.03782311 0.08704962 0.04892611 0.00517561 0.01425210 0.03086531
131 0.08499726 0.04177578 0.07033366 0.17082891 0.01269689 0.04707578 0.16220192 0.06884226 0.02237429 0.01854019 0.03425278 0.04231698 0.01256989 0.01152739 0.02000839 0.08145406 0.04976497 0.00349331 0.01695059 0.02799469
132 0.07577787 0.05547378 0.06132877 0.04023728 0.01963209 0.02979279 0.04074548 0.03622739 0.02609649 0.10367796 0.09964006 0.05787378 0.02720309 0.02023859 0.01679209 0.07126747 0.05706988 0.00571691 0.01938629 0.13582194
133 0.04267561 0.25548404 0.05564411 0.02112520 0.01219910 0.05104921 0.03951551 0.03099910 0.03769061 0.01545740 0.02047310 0.25122304 0.02301590 0.00861882 0.00779895 0.05215331 0.02328480 0.00152369 0.01415870 0.03590981
134 0.05752881 0.01901410 0.01660030 0.01435210 0.01294040 0.02104920 0.02215270 0.02238990 0.01292800 0.15595402 0.23571103 0.02134930 0.05784851 0.06188351 0.01152210 0.03755290 0.04535271 0.00622957 0.02669180 0.14094902
135 0.08803323 0.08633623 0.04337961 0.04451231 0.01382860 0.04037051 0.06010632 0.22223507 0.02186581 0.01778941 0.03708341 0.10124403 0.01590700 0.01313960 0.03831471 0.07826212 0.03301651 0.00483450 0.01317970 0.02656131
136 0.07589910 0.08376810 0.04276740 0.03666580 0.01472320 0.06347770 0.07271490 0.04172650 0.02584570 0.03943920 0.06927680 0.12423800 0.02504510 0.01814220 0.03628770 0.07413620 0.09296510 0.00520931 0.01361640 0.04405560
137 0.07276478 0.03790909 0.07892408 0.21016494 0.00695222 0.05244099 0.21630194 0.06245518 0.02002169 0.01219460 0.02804619 0.03940009 0.00973054 0.00327208 0.01196980 0.06479468 0.04037229 0.00106633 0.01269090 0.01852759
138 0.04532847 0.01072319 0.01611059 0.00859400 0.01927189 0.01414749 0.00928753 0.01633599 0.02724458 0.12532193 0.15101791 0.01131029 0.03684868 0.14582792 0.00790604 0.03407148 0.02989088 0.03086328 0.15333891 0.10655894
139 0.14240201 0.02465210 0.04866290 0.03743370 0.03109300 0.02759940 0.03498410 0.04416810 0.02304370 0.03653520 0.05285680 0.02473220 0.02284920 0.02087760 0.03231420 0.19068301 0.13778501 0.00473403 0.01127000 0.05132370
140 0.04886770 0.18507599 0.04121510 0.01848870 0.01103260 0.07739290 0.05716950 0.03302270 0.03242370 0.03186860 0.06629700 0.20586099 0.02461130 0.01291560 0.01283120 0.04735480 0.04297560 0.00198954 0.01174120 0.03686530
141 0.06097109 0.04295340 0.04595759 0.08427119 0.01651910 0.04977869 0.13219699 0.04065760 0.02504240 0.06198649 0.08303059 0.04624029 0.03343980 0.03920200 0.02003530 0.06351749 0.05204739 0.00876691 0.04814179 0.04524390
142 0.05844215 0.02237892 0.01611921 0.00751975 0.01379471 0.02931423 0.01467941 0.01612251 0.01219621 0.20894219 0.18913617 0.02200442 0.04377374 0.02675142 0.00940644 0.02879443 0.04158564 0.00356773 0.01677852 0.21869220
143 0.07220287 0.06962047 0.06090227 0.13351494 0.01121440 0.04904278 0.13536494 0.11758495 0.02368089 0.01430639 0.03120679 0.08052397 0.01246909 0.00890097 0.02726089 0.07745997 0.03574478 0.00388395 0.01401059 0.02110409
144 0.12127196 0.03972459 0.04542458 0.04509718 0.02454119 0.03294069 0.04653068 0.07880297 0.02407029 0.03701359 0.05618058 0.04069159 0.02482279 0.02948979 0.04014649 0.15601495 0.07528127 0.00818544 0.02440869 0.04936068
145 0.07269719 0.03883449 0.07553209 0.20236497 0.00776715 0.05048569 0.20944597 0.08020959 0.02032960 0.01156720 0.02781070 0.03997629 0.00986152 0.00345409 0.01250820 0.06724669 0.03838049 0.00121690 0.01263300 0.01767820
146 0.11903901 0.05845211 0.04130880 0.05668721 0.01423840 0.07643261 0.08121561 0.07459691 0.02407550 0.03584160 0.06150891 0.06252251 0.02029030 0.01695270 0.04926351 0.08648131 0.06058071 0.00503068 0.01577900 0.03970260
147 0.05653763 0.13360606 0.04314502 0.03653402 0.01141631 0.09355364 0.07460094 0.04040012 0.03096961 0.03303182 0.06352523 0.16368308 0.02301651 0.01330261 0.02448621 0.05799983 0.05058202 0.00334753 0.01332651 0.03293532
148 0.13474894 0.03072429 0.02736009 0.01923549 0.01470929 0.03959498 0.04029488 0.04843548 0.01623289 0.03524538 0.04666328 0.03043229 0.03503228 0.01610839 0.21108890 0.09708265 0.10290895 0.00930651 0.00831366 0.03648138
149 0.06064930 0.05521120 0.03043860 0.02507270 0.01410860 0.08128730 0.05621410 0.02954370 0.02619350 0.10469801 0.13371701 0.06487290 0.04053050 0.03305270 0.02420630 0.05507290 0.05952370 0.00552344 0.02129260 0.07879090
150 0.05667129 0.01780840 0.01764520 0.01315030 0.02065200 0.01887300 0.01495710 0.02803369 0.02846119 0.06466509 0.14467497 0.02148100 0.03824789 0.17758096 0.01572110 0.05370999 0.03523079 0.03181799 0.14452297 0.05609509
151 0.17295808 0.03363422 0.03033351 0.04100652 0.02165291 0.02624251 0.04519272 0.09453354 0.01551281 0.05614383 0.06750853 0.03258562 0.01999341 0.02587671 0.04178852 0.10999705 0.06888753 0.00536913 0.01783701 0.07294583
152 0.03962307 0.00673698 0.01343559 0.00874245 0.02039618 0.01392659 0.00642089 0.01560959 0.03526807 0.06030065 0.12465890 0.00843211 0.02447258 0.22714081 0.00653534 0.03484607 0.02086888 0.04814816 0.23396781 0.05046926
153 0.07518301 0.03897951 0.07496881 0.19610003 0.00823947 0.05177741 0.20568303 0.06342281 0.01994800 0.01274290 0.02934810 0.04040461 0.01139140 0.00426379 0.01444100 0.07627881 0.04283961 0.00158449 0.01303510 0.01936810
154 0.11835009 0.03448712 0.06442375 0.15717811 0.01584891 0.04172753 0.14555110 0.07252345 0.01999891 0.01905811 0.03406872 0.03398022 0.01183901 0.01195261 0.01896171 0.09317997 0.05825804 0.00258778 0.01297091 0.03305392
155 0.10451809 0.03001313 0.02499472 0.02567612 0.01742602 0.02279802 0.03021063 0.13211612 0.01371981 0.12052611 0.11292510 0.02774512 0.02869583 0.02514052 0.02873683 0.07136846 0.04572234 0.00547160 0.01828132 0.11391410
156 0.03731593 0.00316313 0.01310981 0.00766511 0.02060002 0.01148931 0.00272968 0.01458821 0.04177403 0.03371263 0.08181087 0.00515864 0.00976448 0.27499023 0.00532716 0.03521693 0.01424311 0.06255785 0.29625724 0.02852562
157 0.14844991 0.10342594 0.03704458 0.04035767 0.01546739 0.04271957 0.05760946 0.09245244 0.02328709 0.02842368 0.03977068 0.08574135 0.01679969 0.01302079 0.05010117 0.09209814 0.05610407 0.00385182 0.01154919 0.04172537
158 0.05426772 0.06803363 0.02816351 0.02451501 0.01194090 0.06203262 0.05660892 0.03638321 0.02148291 0.07630013 0.16703606 0.09895944 0.04609912 0.04110202 0.02033811 0.04767712 0.05449742 0.00470542 0.01679941 0.06305732
159 0.03637539 0.01170570 0.00826558 0.00397469 0.01516670 0.01609840 0.01070370 0.00992083 0.01456280 0.12035097 0.29694392 0.01354150 0.08303808 0.13485296 0.00582888 0.02722679 0.03846959 0.01162490 0.05414728 0.08720138
160 0.05678490 0.00955308 0.00985747 0.00366066 0.01026890 0.00834040 0.00637187 0.01249070 0.00696216 0.22547198 0.24561498 0.00880241 0.05305810 0.03976220 0.00522683 0.02037300 0.03808810 0.00340259 0.01617670 0.21973298
161 0.06912715 0.17214587 0.05156596 0.03861687 0.01516059 0.04798656 0.05316106 0.05877356 0.03215018 0.02298228 0.03177028 0.14951789 0.02184858 0.01294959 0.03282458 0.09264433 0.04134777 0.00424236 0.01556419 0.03562037
162 0.05741216 0.00728495 0.00861913 0.00155020 0.00933434 0.00548546 0.00335176 0.01052349 0.00509073 0.25088482 0.23956383 0.00552801 0.04844876 0.03049298 0.00372871 0.01524679 0.03523917 0.00257901 0.01341789 0.24621782
163 0.05209172 0.01038730 0.00922623 0.00268973 0.01001920 0.01020360 0.00691958 0.01088060 0.00741514 0.21946508 0.25830410 0.00993067 0.05875632 0.04756252 0.00473721 0.01932581 0.03776511 0.00369097 0.01740201 0.20322708
164 0.05240867 0.00769134 0.00825023 0.00188478 0.01045039 0.00716514 0.00415472 0.01019229 0.00780735 0.22898288 0.24081087 0.00640685 0.05486347 0.04964407 0.00380235 0.01740819 0.03565178 0.00543858 0.02975618 0.21722988
165 0.06015938 0.00867086 0.00980231 0.00295627 0.01003180 0.00654468 0.00464460 0.01216520 0.00575000 0.24448992 0.23068093 0.00727698 0.04589809 0.02932249 0.00463259 0.01823289 0.03641979 0.00280522 0.01383010 0.24568592
166 0.03790681 0.00403722 0.01297880 0.00771644 0.02032291 0.01182600 0.00338547 0.01450031 0.04004241 0.04263142 0.09211593 0.00604564 0.01378410 0.26090009 0.00555057 0.03496121 0.01627941 0.05834512 0.27844210 0.03822801
167 0.06961848 0.01311300 0.01236770 0.00602055 0.01246340 0.01186650 0.01013840 0.01636239 0.00814582 0.21167793 0.21766393 0.01217850 0.05651448 0.03630459 0.01058650 0.03260789 0.04470889 0.00347975 0.01606839 0.19811294
168 0.04915753 0.20966814 0.06885775 0.04179533 0.01419731 0.04806463 0.05488404 0.04257603 0.03588542 0.01918801 0.02389612 0.19496513 0.02130361 0.01009171 0.01611501 0.06318484 0.03188922 0.00278011 0.01592141 0.03557862
169 0.03678741 0.00543184 0.01053790 0.00663691 0.02050630 0.01270630 0.00505051 0.01276420 0.03385240 0.05270281 0.13989302 0.00705613 0.03020510 0.24830803 0.00540047 0.03218060 0.02040780 0.04810111 0.23236203 0.03910911
170 0.14376699 0.03335070 0.02985700 0.02113290 0.01602670 0.03544830 0.04349240 0.05564630 0.01583870 0.03387370 0.03634740 0.03312590 0.01734110 0.01297900 0.20757198 0.10080899 0.11040799 0.00911795 0.00789463 0.03597140
171 0.05731456 0.01704092 0.01767972 0.01345881 0.02052622 0.01834892 0.01464242 0.02771793 0.02811023 0.06544097 0.14475516 0.02043722 0.03729454 0.17862220 0.01555652 0.05367566 0.03497614 0.03211224 0.14576716 0.05652246
172 0.04263539 0.25465595 0.05586599 0.02074310 0.01238770 0.05087319 0.03973419 0.03019739 0.03757009 0.01576730 0.02068650 0.25205395 0.02300930 0.00875408 0.00769180 0.05194799 0.02371350 0.00154051 0.01412480 0.03604729
173 0.11419605 0.03925312 0.03842782 0.02894451 0.01452921 0.04163362 0.03154071 0.07996073 0.01885221 0.02212891 0.03306041 0.03644241 0.01614141 0.01705281 0.21963009 0.13866506 0.06195182 0.01226450 0.01017460 0.02515001
174 0.04684870 0.01329940 0.01108010 0.00631935 0.01562980 0.01762890 0.01284560 0.01233960 0.01461870 0.11929300 0.27371800 0.01599680 0.07838310 0.11800700 0.00731366 0.03819060 0.05211390 0.00991360 0.04495480 0.09150540
175 0.05992061 0.00680349 0.00913718 0.00162914 0.00956769 0.00461319 0.00266473 0.01100070 0.00449850 0.26185805 0.22635204 0.00460235 0.04314671 0.02372580 0.00358772 0.01477880 0.03481191 0.00222823 0.01236710 0.26270605
176 0.07221025 0.06493896 0.05357156 0.11278392 0.00850900 0.08655194 0.15930189 0.05055407 0.02438378 0.02783298 0.05518636 0.07387775 0.01731059 0.00909343 0.02477848 0.06477276 0.05517036 0.00253094 0.01222589 0.02441508
177 0.12028010 0.04093163 0.03578083 0.02978142 0.01484311 0.04109933 0.04094663 0.07980516 0.01951022 0.02902632 0.04225183 0.03936563 0.01766551 0.01889502 0.19790916 0.10501208 0.06836425 0.01137261 0.01355381 0.03360533
178 0.05453648 0.03781338 0.01888709 0.00731809 0.01174569 0.02481149 0.01877569 0.01716629 0.01255389 0.19150192 0.19054592 0.05185698 0.04802168 0.03087819 0.00912310 0.02936019 0.04352638 0.00380355 0.01570709 0.18206692
179 0.06445459 0.00723345 0.00954858 0.00237152 0.01024290 0.00499425 0.00320622 0.01210480 0.00480680 0.25647695 0.22229496 0.00496298 0.04246119 0.02395170 0.00449756 0.01801720 0.03665109 0.00235123 0.01245010 0.25692195
