1 0.03646030 0.00807711 0.01332020 0.00278401 0.00912963 0.01768430 0.00665665 0.00981141 0.00491097 0.19934300 0.26599401 0.00980950 0.07594040 0.05430070 0.01456250 0.02430190 0.02527580 0.00232510 0.02040750 0.19890500
2 0.07877149 0.04878790 0.04891810 0.02090850 0.01188380 0.02851180 0.02010340 0.05577679 0.01429110 0.05006650 0.05124320 0.04519540 0.02722810 0.02523660 0.26507698 0.08392779 0.04624960 0.00751829 0.01421960 0.05608509
3 0.03771859 0.05801749 0.08169099 0.16890298 0.00930292 0.06328419 0.10324599 0.27741296 0.01126640 0.01124950 0.01470700 0.05761969 0.00427337 0.01563820 0.01070110 0.03634529 0.01596430 0.00234092 0.01106660 0.00925153
4 0.05454450 0.03051700 0.02746700 0.01010570 0.01416550 0.02651770 0.03762490 0.01658430 0.02027120 0.14014200 0.13468100 0.02446610 0.03962140 0.03376630 0.01904590 0.04449340 0.03175250 0.00546713 0.01863150 0.27013499
5 0.04918100 0.03668270 0.06389040 0.22208398 0.00790769 0.05834870 0.11308299 0.03505490 0.03113650 0.06198200 0.04459760 0.08869789 0.00670071 0.01687860 0.01820830 0.06346400 0.03395060 0.00486737 0.01134780 0.03193630
6 0.05228850 0.02378860 0.06439360 0.20113701 0.00817894 0.05012520 0.09990030 0.03187960 0.02777980 0.07479560 0.05121240 0.04923570 0.01159530 0.02308590 0.02698140 0.10539700 0.04112250 0.00532312 0.01489230 0.03688720
7 0.14249696 0.03872259 0.04442649 0.03186249 0.02222119 0.03413399 0.04507989 0.06180158 0.01784879 0.03237609 0.04703709 0.03751649 0.01994539 0.02226479 0.02913949 0.21393794 0.08276558 0.01345540 0.01614320 0.04682459
8 0.03802757 0.00839203 0.01006799 0.00495476 0.00933762 0.02108408 0.00669565 0.01386809 0.00450231 0.23790379 0.26962976 0.00782751 0.06108535 0.05536375 0.01101279 0.02283518 0.02493108 0.00059767 0.01573019 0.17615284
9 0.04763161 0.08959762 0.02999191 0.06462121 0.01231370 0.06777751 0.22310004 0.03461801 0.01948300 0.01199840 0.02039120 0.19836004 0.00611742 0.02142740 0.01254940 0.05877911 0.02950011 0.00807479 0.01564830 0.02801921
10 0.02477037 0.03204876 0.00984252 0.00524499 0.00465686 0.01583698 0.02400117 0.01035229 0.02468837 0.08060811 0.21640176 0.06970482 0.05988233 0.10495288 0.00946830 0.02047448 0.01826808 0.03077777 0.15680683 0.08121231
11 0.01619961 0.04440981 0.01349440 0.00895215 0.00416155 0.01420940 0.03768501 0.01108260 0.03650681 0.01919401 0.13130604 0.10899703 0.04780842 0.15830605 0.00893128 0.01815711 0.01472350 0.03799681 0.23499808 0.03288031
12 0.03644309 0.02119210 0.02423060 0.01663780 0.01038780 0.01923490 0.01410070 0.02470070 0.02196840 0.08753538 0.10513098 0.02858959 0.03472609 0.22658695 0.01356310 0.03607989 0.02750039 0.01146050 0.17830296 0.06162809
13 0.04071877 0.04961616 0.10621292 0.22839383 0.01071329 0.06822395 0.10021592 0.10664692 0.02307478 0.02436248 0.02531238 0.08588623 0.00407507 0.01157059 0.01293689 0.05068006 0.02310438 0.00375992 0.00731776 0.01717769
14 0.06054963 0.04526022 0.05678093 0.24572611 0.00769040 0.06375603 0.18192208 0.05691023 0.02718861 0.02444221 0.02567611 0.08373354 0.00378370 0.00634805 0.00547516 0.05336992 0.02829291 0.00464118 0.00442255 0.01403041
15 0.05758223 0.21473711 0.04311772 0.04510952 0.00836743 0.04540952 0.06692173 0.05629113 0.02088901 0.02620851 0.03430392 0.11779006 0.02135621 0.02260551 0.02953951 0.06706603 0.04643222 0.00809347 0.01466161 0.05351753
16 0.03787327 0.06928484 0.06516345 0.09762242 0.01306329 0.05977825 0.07460304 0.26021679 0.01402249 0.01519069 0.02094898 0.10926591 0.01041009 0.01741969 0.02610238 0.04344547 0.02979368 0.00354670 0.01542509 0.01682349
17 0.04253613 0.01109411 0.01309701 0.00336337 0.01350891 0.02132312 0.00514092 0.00933661 0.00637750 0.26535721 0.18339314 0.00985216 0.04146213 0.03802273 0.01289741 0.01889481 0.02901672 0.00127438 0.01520641 0.25884520
18 0.04997273 0.23006613 0.03847742 0.02769242 0.00810054 0.08697285 0.07202824 0.03075472 0.01736671 0.00875524 0.01780501 0.25281115 0.01745161 0.01853441 0.01021741 0.04720863 0.03842162 0.00136887 0.00774938 0.01824491
19 0.07547203 0.03781597 0.07899203 0.12320289 0.00967032 0.05975975 0.22521880 0.10204591 0.02480818 0.01736718 0.02189788 0.05472175 0.00726941 0.00700069 0.01006979 0.06169814 0.03402757 0.00484540 0.00607385 0.03804247
20 0.02991031 0.01964581 0.02343531 0.00677440 0.00486602 0.01168860 0.01780151 0.03497911 0.00628596 0.13989604 0.26817709 0.01377080 0.13512504 0.02604401 0.05851782 0.05999882 0.02990071 0.00389760 0.01805371 0.09123133
21 0.14128901 0.03704090 0.04500910 0.03100910 0.02265260 0.03386940 0.04674600 0.06424861 0.01763850 0.03215860 0.04653230 0.03790870 0.01949930 0.02165020 0.02942470 0.21441202 0.08385961 0.01354650 0.01564390 0.04586090
22 0.04495433 0.01644341 0.01848141 0.01392271 0.00764435 0.02624462 0.01748351 0.02036731 0.01266111 0.14899010 0.29339619 0.02243351 0.05350434 0.06274454 0.01518731 0.03721282 0.02827532 0.00493600 0.02552902 0.12958809
23 0.03633868 0.14251492 0.02503369 0.01742489 0.00447913 0.04831487 0.05153137 0.01869909 0.02690059 0.01741109 0.12128894 0.19160090 0.03711358 0.05178597 0.01479219 0.03361058 0.02649379 0.02046699 0.08164586 0.03255288
24 0.07629576 0.03459048 0.04194798 0.04985247 0.02404429 0.03252998 0.05957997 0.34795881 0.01442679 0.03470978 0.03033928 0.02974508 0.02058859 0.01706339 0.02173579 0.06780516 0.06246257 0.00238784 0.01296469 0.01897129
25 0.05244723 0.01376931 0.02050271 0.01522241 0.01320921 0.02375821 0.01252031 0.03048682 0.00928127 0.22509013 0.18046810 0.01400241 0.04826913 0.05747823 0.01794701 0.03340512 0.03210922 0.00262646 0.03083362 0.16657310
26 0.29224796 0.02468190 0.03231410 0.02873310 0.02819270 0.02715390 0.04472979 0.07643969 0.01692750 0.04230119 0.04468949 0.02727720 0.01393470 0.01934360 0.02418770 0.13496298 0.05653059 0.00689124 0.01119050 0.04727019
27 0.03302353 0.01603701 0.01595371 0.00470535 0.00902567 0.01460501 0.00821044 0.02865212 0.00543369 0.21082516 0.22452318 0.00813585 0.12327510 0.05196884 0.01959482 0.03547293 0.02907152 0.00162165 0.02886632 0.13099810
28 0.07735240 0.05182050 0.03940190 0.10124100 0.00912810 0.06033920 0.23939099 0.07673680 0.02604010 0.01695100 0.02626360 0.06876160 0.01002250 0.01234750 0.01111250 0.06416810 0.03622410 0.00796383 0.01179380 0.05294050
29 0.04277170 0.01060560 0.01298630 0.00291357 0.01370620 0.02072960 0.00492864 0.00914589 0.00633087 0.26747603 0.17526102 0.00890818 0.04165490 0.03465510 0.01226580 0.01738140 0.02855040 0.00130405 0.01443170 0.27399303
30 0.04689054 0.12411611 0.03599883 0.08557867 0.00909988 0.04862384 0.17565215 0.04517814 0.02289962 0.05503455 0.04134334 0.09512258 0.01608351 0.01442931 0.01653801 0.06183245 0.03416373 0.00434262 0.00972885 0.05734325
31 0.07726448 0.03532439 0.04142919 0.05046329 0.02377339 0.03190769 0.05915129 0.34567792 0.01435440 0.03495109 0.03020639 0.03021769 0.02025280 0.01702620 0.02203669 0.06792518 0.06225659 0.00256873 0.01321790 0.01999470
32 0.07040266 0.02844382 0.03507423 0.01205011 0.01565221 0.02705052 0.03153513 0.02013342 0.02158632 0.12707311 0.11740510 0.02572062 0.03409503 0.02698822 0.02526902 0.06375595 0.08201477 0.00878428 0.01623531 0.21073017
33 0.03522094 0.00791166 0.00781367 0.00303115 0.00849838 0.02071292 0.00584172 0.01154091 0.00345236 0.23139228 0.29779436 0.00681915 0.06234887 0.05922167 0.00933943 0.02149863 0.02252373 0.00038614 0.01448882 0.17016320
34 0.07315992 0.22772105 0.04286021 0.02474241 0.00662993 0.02742221 0.03661741 0.05067831 0.01607480 0.02217820 0.02120590 0.06139991 0.01494260 0.02438231 0.18627704 0.06987161 0.03816631 0.00532185 0.00901731 0.04133071
35 0.01766179 0.00595461 0.02435919 0.01704499 0.01113200 0.00809405 0.00473337 0.02210679 0.02768789 0.06078128 0.02375369 0.01448019 0.02727419 0.33358688 0.00530722 0.02372839 0.02263559 0.00550112 0.31873188 0.02544489
36 0.07804573 0.04217582 0.06122412 0.04896542 0.01420051 0.03965122 0.07154323 0.03911302 0.11001504 0.03654061 0.06218682 0.05173212 0.01857411 0.04479982 0.02087031 0.07059693 0.04459852 0.01273171 0.05248242 0.07995253
37 0.14296310 0.03660193 0.04406733 0.03046952 0.02279092 0.03362522 0.04441063 0.06387274 0.01727251 0.03267642 0.04827913 0.03708253 0.02025581 0.02226842 0.03051772 0.21589415 0.08271776 0.01291371 0.01510651 0.04621393
38 0.02850252 0.02000701 0.02474002 0.01671121 0.01010461 0.01423721 0.01770561 0.02527912 0.03163532 0.06044414 0.06682214 0.03851243 0.03415472 0.22626015 0.00986286 0.03167852 0.02527462 0.01700161 0.25743317 0.04363303
39 0.03839928 0.20103391 0.03938548 0.02310149 0.01121569 0.05340098 0.07756177 0.01455679 0.04835628 0.01645739 0.02012479 0.20832491 0.01177539 0.02231119 0.01846669 0.08574456 0.03944778 0.00375015 0.01650969 0.05007578
40 0.01745571 0.00612975 0.02392381 0.01717041 0.01100480 0.00807788 0.00489850 0.02229811 0.02766281 0.06134812 0.02402211 0.01471250 0.02751491 0.33231911 0.00548319 0.02392641 0.02235951 0.00581085 0.31768810 0.02619341
41 0.06950037 0.04813878 0.03955968 0.05783628 0.01817019 0.10117696 0.08174566 0.05684408 0.02109439 0.06393427 0.08377856 0.06580207 0.02237999 0.03173999 0.02073529 0.07111087 0.04824578 0.00620333 0.01672499 0.07527847
42 0.18008921 0.05663947 0.05151326 0.03859265 0.01795702 0.04840876 0.05928477 0.03869115 0.01943742 0.02297103 0.02805913 0.11970014 0.01389832 0.01590842 0.02337533 0.16556420 0.04588565 0.00943762 0.00953682 0.03504964
43 0.03470687 0.04589735 0.01278589 0.00552264 0.00387981 0.01243989 0.03454797 0.00817801 0.03045557 0.00909830 0.12541188 0.08599871 0.05662834 0.10343890 0.01133399 0.03930566 0.03323297 0.11202889 0.20009380 0.03501457
44 0.04303497 0.00686557 0.01163099 0.00414252 0.00945891 0.02468388 0.00693059 0.00800235 0.00906904 0.18572586 0.29844178 0.01146939 0.04341067 0.06109805 0.01068719 0.02352438 0.02603828 0.00191411 0.01725659 0.19661485
45 0.03330130 0.00682693 0.01625600 0.01115170 0.00990599 0.01801820 0.00519744 0.01525420 0.01158460 0.16049302 0.16995802 0.01047890 0.03936080 0.19620002 0.00802547 0.02540010 0.02349290 0.00164737 0.12943601 0.10801101
46 0.04667282 0.01615241 0.01860341 0.01394031 0.00742478 0.02601521 0.01696261 0.01974401 0.01264021 0.14715106 0.29546012 0.02342641 0.05328772 0.06243982 0.01460351 0.03724321 0.02800221 0.00485702 0.02553711 0.12983605
47 0.07191711 0.04964471 0.04013890 0.05768891 0.01860460 0.10099101 0.08011301 0.05558001 0.02185690 0.06275471 0.08535581 0.06584121 0.02269520 0.03193120 0.02063960 0.07244041 0.04750891 0.00603058 0.01621270 0.07205451
48 0.12977804 0.02027631 0.02682001 0.00889401 0.01729171 0.02804031 0.03369631 0.02191711 0.02117171 0.10970304 0.11072204 0.02076641 0.03342681 0.02304441 0.02476461 0.06352952 0.03949631 0.00625377 0.01207650 0.24833108
49 0.04739255 0.08343258 0.02146762 0.01337041 0.01222081 0.02837593 0.02716343 0.14733915 0.00854473 0.01285651 0.01989342 0.02410562 0.01386641 0.01124901 0.02090472 0.22274022 0.25849126 0.00467168 0.00504230 0.01687162
50 0.07850232 0.03420541 0.05076511 0.31005706 0.00616935 0.05098641 0.19825804 0.04342591 0.02768441 0.02249780 0.02266390 0.04237341 0.00409151 0.00292340 0.00383117 0.04876161 0.03507621 0.00399228 0.00246399 0.01127070
51 0.04302417 0.01039099 0.01281479 0.00336493 0.01349549 0.02131208 0.00480993 0.00976936 0.00622402 0.26461181 0.18450687 0.00964347 0.04214447 0.03837617 0.01214549 0.01875619 0.02901548 0.00134729 0.01545219 0.25879481
52 0.05105921 0.04121641 0.04037541 0.10112702 0.00958371 0.06929042 0.24153306 0.02923681 0.08437572 0.01854100 0.02872791 0.05603031 0.00755286 0.01163450 0.01087170 0.06611532 0.03133971 0.00828699 0.01636340 0.07673852
53 0.05279685 0.01374169 0.02058898 0.01569519 0.01292319 0.02339958 0.01254949 0.03096617 0.00966451 0.22460280 0.17954584 0.01424799 0.04762776 0.05793005 0.01753998 0.03336327 0.03241097 0.00250505 0.03124177 0.16665886
54 0.20881713 0.03389022 0.14181609 0.03501762 0.01443521 0.02785422 0.04296333 0.07228884 0.02904012 0.03413702 0.04049133 0.03590402 0.01192981 0.01604011 0.02789002 0.11184607 0.05228313 0.00767038 0.01123911 0.04444623
55 0.29198806 0.02552241 0.03282491 0.02894091 0.02856181 0.02657071 0.04561351 0.07475132 0.01647690 0.04237851 0.04395781 0.02788831 0.01460440 0.01882590 0.02346370 0.13510403 0.05682571 0.00725839 0.01101070 0.04743201
56 0.03936829 0.00430227 0.00763789 0.00196038 0.01184530 0.02215679 0.00302090 0.00748103 0.00355796 0.26060591 0.24132392 0.00601410 0.04525748 0.05010628 0.00888404 0.01517459 0.02681119 0.00042006 0.01500369 0.22906792
57 0.14318413 0.03749493 0.04543794 0.03265163 0.02187082 0.03279353 0.04435454 0.06468106 0.01747112 0.03245843 0.04683834 0.03636103 0.01922882 0.02176822 0.03080573 0.21373919 0.08345898 0.01316831 0.01556751 0.04666574
58 0.07606505 0.02937998 0.03619208 0.01421429 0.01671629 0.02757638 0.03003018 0.02618138 0.02082589 0.11866193 0.11086293 0.02686498 0.03195668 0.02902668 0.02473839 0.07369576 0.10795394 0.01098579 0.01721949 0.17085190
59 0.02898990 0.01796160 0.01626040 0.00353080 0.00754883 0.01222230 0.00781997 0.02888050 0.00397753 0.22472097 0.23800697 0.00580501 0.13938098 0.03970850 0.01876740 0.03517600 0.02700060 0.00103118 0.02063460 0.12257599
60 0.05499393 0.11604007 0.04300673 0.04254733 0.01110641 0.05694623 0.08321965 0.03882932 0.02327991 0.02349991 0.05013653 0.19942612 0.02122861 0.03236872 0.02500442 0.05843904 0.03661792 0.01049471 0.03405332 0.03876112
61 0.03693532 0.01867741 0.01938801 0.00816964 0.01709821 0.02033681 0.01026181 0.01985921 0.01865221 0.09432636 0.11264608 0.02114631 0.09728967 0.16131411 0.01421841 0.04925253 0.06959965 0.03409672 0.10592807 0.07080345
62 0.04504600 0.14807901 0.04180790 0.03241440 0.01131480 0.09862900 0.09615100 0.03102720 0.01877460 0.01244090 0.02908360 0.25190701 0.01453800 0.02205330 0.01531580 0.05607760 0.03671060 0.00406515 0.01420330 0.02036080
63 0.05388293 0.01428521 0.02099151 0.01578791 0.01228051 0.02388521 0.01277091 0.02970992 0.00954465 0.22432813 0.18110211 0.01500171 0.04853613 0.05707443 0.01741561 0.03355212 0.03233852 0.00231157 0.03036382 0.16483710
64 0.07829919 0.04514850 0.17609098 0.05877169 0.01285630 0.03537240 0.04517640 0.06388399 0.02996070 0.04216460 0.04797209 0.05139569 0.01817450 0.02783550 0.03606990 0.09324959 0.04691279 0.00817541 0.02183520 0.06065459
65 0.09616970 0.01960172 0.14304415 0.03192193 0.00798666 0.02190172 0.02393253 0.02108972 0.10848212 0.03652684 0.13864015 0.02273352 0.01614282 0.01398011 0.02033292 0.06902777 0.10875712 0.00526269 0.01510912 0.07935668
66 0.07580703 0.05133142 0.03981002 0.10086004 0.00895162 0.06126922 0.23950409 0.07643873 0.02636311 0.01736141 0.02657371 0.06776413 0.00999504 0.01231280 0.01100000 0.06481393 0.03687331 0.00745285 0.01262100 0.05289652
67 0.07725339 0.03528369 0.05181619 0.29149296 0.00631139 0.05252809 0.20181797 0.05146629 0.02727900 0.02185470 0.02255120 0.04466879 0.00407033 0.00323606 0.00441041 0.05064259 0.03378299 0.00394459 0.00261037 0.01297900
68 0.40931178 0.00248780 0.01429039 0.00265381 0.08183176 0.00979554 0.00897807 0.06269917 0.00548610 0.01930819 0.01009299 0.00621688 0.00319884 0.00441750 0.01451129 0.25965686 0.05988487 0.00156095 0.00492643 0.01869079
69 0.09057265 0.04072592 0.03374352 0.02688251 0.02372941 0.03287922 0.03739782 0.08956784 0.01752401 0.04386392 0.04982312 0.03347542 0.02561321 0.02466371 0.02405381 0.13697307 0.18854909 0.01301331 0.01824531 0.04870312
70 0.03924309 0.00659113 0.01188010 0.00180368 0.01205860 0.01823039 0.00346414 0.01044050 0.00334937 0.26129992 0.19969094 0.00580908 0.06715658 0.04034689 0.01507090 0.01884279 0.02855299 0.00087090 0.01676310 0.23853493
71 0.04045159 0.19111396 0.04620569 0.02597359 0.01163130 0.09035008 0.09157758 0.02028260 0.01797110 0.00974554 0.01666510 0.24252795 0.01117960 0.01893920 0.01421020 0.08029918 0.04136039 0.00157740 0.00768238 0.02025560
72 0.06252721 0.02496910 0.06313871 0.25035104 0.00837917 0.08644041 0.14012302 0.04972801 0.02915970 0.02838530 0.03124470 0.05586581 0.00489200 0.00857032 0.00894046 0.08904231 0.03135960 0.00381460 0.00512620 0.01794230
73 0.07757867 0.05289678 0.03977179 0.10095697 0.00896262 0.05995918 0.23835492 0.07668137 0.02595039 0.01750579 0.02712329 0.06842088 0.00989901 0.01240660 0.01140210 0.06404928 0.03661339 0.00786151 0.01164270 0.05196278
74 0.06117627 0.04954207 0.03797518 0.09072005 0.01140129 0.10045594 0.22608688 0.04100378 0.03075628 0.01517239 0.02004439 0.08144276 0.00665504 0.00947025 0.01321579 0.10804494 0.03864778 0.00484787 0.00761228 0.04572877
75 0.03237240 0.00650989 0.01603770 0.01123980 0.01006850 0.01764800 0.00505571 0.01554620 0.01189750 0.15860901 0.16720901 0.01025520 0.04000730 0.20043801 0.00802587 0.02470810 0.02356250 0.00170228 0.13372901 0.10537801
76 0.29361177 0.02529958 0.03266457 0.02854428 0.02821618 0.02680998 0.04442357 0.07428364 0.01756039 0.04383227 0.04547456 0.02753108 0.01421309 0.01926138 0.02373558 0.13379790 0.05587706 0.00721707 0.01110059 0.04654546
77 0.06218647 0.01689749 0.03376758 0.01793369 0.00999888 0.02538069 0.01761629 0.02712789 0.02037629 0.12628494 0.22475890 0.02109879 0.04469438 0.03954368 0.02239899 0.06282537 0.08238896 0.00426807 0.01678169 0.12367094
78 0.06410488 0.03012199 0.06201978 0.20637494 0.00995740 0.09642767 0.12697696 0.05300278 0.02678849 0.02686519 0.03348749 0.06013818 0.00664436 0.01118110 0.01233480 0.10533997 0.03531659 0.00423309 0.00625845 0.02242589
79 0.37399996 0.00607943 0.02254920 0.00685375 0.04352050 0.01221590 0.02294910 0.08885149 0.00872266 0.01536880 0.01564990 0.00847071 0.00534745 0.00601036 0.00878561 0.23203397 0.08925919 0.00448252 0.00742332 0.02142620
80 0.40945205 0.00256036 0.01434900 0.00223632 0.08162251 0.00958789 0.00876140 0.06321361 0.00554982 0.01851920 0.00994158 0.00598197 0.00315783 0.00419369 0.01413640 0.26136803 0.06048741 0.00156695 0.00492966 0.01838430
81 0.04501242 0.10385605 0.03119901 0.05600093 0.01253361 0.06586443 0.17441508 0.03420372 0.02014641 0.01329911 0.02924141 0.21870210 0.00952327 0.02675501 0.01390201 0.05688403 0.03093181 0.00873965 0.02322271 0.02556721
82 0.05529794 0.02632722 0.03129842 0.01292931 0.01152021 0.02150631 0.01236621 0.01643381 0.01306741 0.19144613 0.15793011 0.02167371 0.03958413 0.04213403 0.02982102 0.07407535 0.03703372 0.00350513 0.01760071 0.18444912
83 0.01874489 0.02956818 0.00795967 0.00519063 0.00408705 0.01362139 0.02369658 0.00679869 0.02466918 0.06283086 0.20905685 0.07066385 0.05580986 0.14845289 0.00669386 0.01650529 0.01593559 0.03085218 0.18344387 0.06541865
84 0.05088353 0.10780407 0.04819883 0.05603784 0.01341651 0.10684507 0.09230876 0.04942643 0.01994131 0.02256611 0.04346803 0.18246912 0.01586501 0.02278591 0.01931981 0.06218674 0.03643512 0.00501025 0.01465931 0.03037222
85 0.07702358 0.03567579 0.05053519 0.24979095 0.00619213 0.05523619 0.22779195 0.06763939 0.02589429 0.01920920 0.01940510 0.04488759 0.00390189 0.00333828 0.00413055 0.05350209 0.03199579 0.00418418 0.00313298 0.01653290
86 0.04322050 0.00659854 0.01175070 0.00418169 0.00945953 0.02481200 0.00672727 0.00797705 0.00888757 0.18678999 0.29776899 0.01089330 0.04251550 0.06147080 0.01064250 0.02410530 0.02588670 0.00183389 0.01718420 0.19729399
87 0.04244398 0.01050990 0.01344850 0.00271852 0.01373759 0.02053679 0.00479717 0.00973326 0.00660918 0.26697790 0.17423694 0.00932680 0.04166728 0.03394839 0.01244260 0.01772639 0.02877219 0.00132974 0.01393699 0.27509990
88 0.04874773 0.20421511 0.04291302 0.02845522 0.00980966 0.03722782 0.05983883 0.04168012 0.01928301 0.02227701 0.02419531 0.08897765 0.01430391 0.02024621 0.03289812 0.14503008 0.08201244 0.01206821 0.00948032 0.05634023
89 0.14100213 0.03831733 0.04440684 0.03169363 0.02267972 0.03378823 0.04665644 0.06385876 0.01775802 0.03190203 0.04689934 0.03786713 0.02034192 0.02281102 0.03054953 0.21193619 0.08051467 0.01339681 0.01662761 0.04699264
90 0.04820381 0.03675541 0.10718202 0.25722004 0.01086890 0.05791501 0.11043102 0.09090321 0.02567680 0.02899820 0.02849100 0.05212461 0.00541109 0.01409590 0.01443300 0.05025821 0.02840880 0.00444696 0.00969100 0.01848500
91 0.05511693 0.03027226 0.02614376 0.01040289 0.01412028 0.02554237 0.03597365 0.01823998 0.01978847 0.13962281 0.13513082 0.02415087 0.03921155 0.03435075 0.02003247 0.04414234 0.03095056 0.00547125 0.01940137 0.27193463
92 0.04652836 0.01636239 0.01810779 0.01298639 0.00747742 0.02634968 0.01641969 0.01965858 0.01253389 0.14735889 0.29594877 0.02346428 0.05340056 0.06313465 0.01467409 0.03796517 0.02854328 0.00489035 0.02582988 0.12836590
93 0.05474481 0.11504002 0.04315251 0.04238401 0.01087380 0.05646341 0.08262502 0.03871241 0.02323210 0.02360220 0.05015881 0.19821004 0.02067110 0.03214201 0.02807681 0.05967721 0.03770231 0.01018230 0.03348781 0.03886131
94 0.03865490 0.00377667 0.00724107 0.00133010 0.01265570 0.02186870 0.00221290 0.00743515 0.00304693 0.27440900 0.22740300 0.00519256 0.04465750 0.04588950 0.00864558 0.01363550 0.02706230 0.00030675 0.01474520 0.23983100
95 0.07472327 0.04548058 0.17399394 0.05863788 0.01317590 0.03527619 0.04568248 0.06331968 0.03132649 0.04263759 0.04991788 0.05250968 0.01824309 0.02864399 0.03687659 0.09177987 0.04623658 0.00776084 0.02279889 0.06097858
96 0.05415014 0.11457308 0.04311313 0.04244463 0.01061601 0.05657304 0.08391716 0.03908493 0.02353382 0.02376822 0.05038534 0.19757714 0.02045041 0.03349202 0.02714612 0.05972084 0.03662573 0.01029621 0.03374472 0.03878733
97 0.03945466 0.00393146 0.00741300 0.00141427 0.01259439 0.02172628 0.00223170 0.00771580 0.00314102 0.27451175 0.22627179 0.00521366 0.04475556 0.04545986 0.00866417 0.01391859 0.02722977 0.00034111 0.01496039 0.23905078
98 0.04639458 0.01602399 0.01764879 0.01379899 0.00769539 0.02613849 0.01683689 0.01898029 0.01256799 0.14900093 0.29623685 0.02315599 0.05314177 0.06264067 0.01411769 0.03685978 0.02772759 0.00484731 0.02546709 0.13071893
99 0.08246426 0.03501003 0.24566518 0.03063812 0.01370751 0.02859292 0.02550042 0.04343903 0.02416002 0.02655162 0.03985103 0.04678673 0.01468181 0.01682941 0.03491833 0.16481412 0.05294274 0.00763999 0.01038551 0.05542124
100 0.04107883 0.10617507 0.02693702 0.04241873 0.01362091 0.06878255 0.20090014 0.02830602 0.01784771 0.01100071 0.02096141 0.23906616 0.00689402 0.02575552 0.01361541 0.05729634 0.02952912 0.00767640 0.01785501 0.02428292
101 0.07779852 0.05270561 0.04021391 0.09977482 0.00881857 0.05991071 0.23995005 0.07796002 0.02620551 0.01633360 0.02568501 0.06822941 0.00966523 0.01185130 0.01156480 0.06436471 0.03691621 0.00779659 0.01152640 0.05272901
102 0.06214281 0.12352903 0.03868291 0.03048041 0.01486830 0.05566481 0.07065451 0.03097511 0.02124960 0.02336150 0.03055821 0.20786604 0.01948770 0.02213420 0.03221621 0.06835751 0.08660482 0.00860159 0.01616620 0.03639851
103 0.04561310 0.01621710 0.01922120 0.01292460 0.00787731 0.02608090 0.01694950 0.01958600 0.01215110 0.14789899 0.29624499 0.02384400 0.05224390 0.06365910 0.01410080 0.03684370 0.02759460 0.00500903 0.02599110 0.12994899
104 0.22512607 0.01297440 0.02287781 0.01102830 0.06555912 0.01646121 0.02296481 0.21364307 0.01036350 0.02021291 0.01725531 0.01296250 0.01552220 0.00757593 0.01391570 0.19544206 0.09055033 0.00224313 0.00626283 0.01705881
105 0.26846180 0.02156558 0.03649397 0.08676024 0.01065019 0.03327938 0.15902888 0.09040313 0.01471179 0.01414909 0.01647039 0.03789917 0.00670853 0.00875472 0.00711421 0.08269284 0.06166685 0.01119209 0.00495876 0.02703838
106 0.07608205 0.03630532 0.05064453 0.25116617 0.00622731 0.05490554 0.22664315 0.06765975 0.02592162 0.01900081 0.01978481 0.04574803 0.00373522 0.00345647 0.00409559 0.05314434 0.03187202 0.00421560 0.00305133 0.01634031
107 0.05312454 0.01465458 0.02086418 0.01530368 0.01296488 0.02352527 0.01266809 0.03166786 0.00959699 0.22580374 0.18078779 0.01459798 0.04868764 0.05568103 0.01734938 0.03284316 0.03222426 0.00237107 0.02923107 0.16605281
108 0.07271704 0.04208282 0.03176002 0.01990341 0.01012231 0.02045381 0.04150242 0.01923141 0.02464291 0.01811291 0.04522102 0.04077222 0.03894942 0.06358603 0.02183921 0.09853295 0.06666923 0.22103911 0.05812423 0.04473752
109 0.04026310 0.00485699 0.01072310 0.00139294 0.01319940 0.01897040 0.00257566 0.00888420 0.00319151 0.27370003 0.18821402 0.00517899 0.05643901 0.03594560 0.01285680 0.01477850 0.02849220 0.00076821 0.01469430 0.26487503
110 0.04481368 0.03165189 0.02404419 0.01147430 0.01915499 0.02434639 0.01897119 0.04420718 0.01391369 0.11063296 0.15997994 0.03105049 0.12964595 0.05803778 0.02376519 0.05206678 0.04713578 0.01390249 0.04551668 0.09568846
111 0.07418718 0.02410409 0.14784497 0.03832859 0.00944177 0.02734579 0.02893609 0.04021929 0.02993329 0.04896819 0.13672397 0.03163949 0.03474249 0.01396150 0.03156199 0.14627297 0.05764889 0.00450633 0.00868322 0.06494989
112 0.07810793 0.02967201 0.04565032 0.01964081 0.00787142 0.03521381 0.03029071 0.03362761 0.07910173 0.04909552 0.15844806 0.04434182 0.02748541 0.02439811 0.09356904 0.06609323 0.05326472 0.00929828 0.03251011 0.08231933
113 0.14334293 0.03719608 0.04476768 0.03097018 0.02201149 0.03250498 0.04513248 0.06390937 0.01698559 0.03334058 0.04746198 0.03819718 0.02023059 0.02249799 0.03109408 0.21340889 0.08292816 0.01283349 0.01597609 0.04521018
114 0.07011273 0.04846612 0.03862272 0.05707853 0.01780111 0.10148105 0.08130094 0.05715563 0.02144641 0.06443883 0.08549244 0.06660963 0.02291011 0.03300161 0.02167421 0.06967533 0.04536632 0.00578315 0.01732641 0.07425673
115 0.05483448 0.03066069 0.02651769 0.01010850 0.01376070 0.02637639 0.03761299 0.01710589 0.01928669 0.14056195 0.13548395 0.02362899 0.04005709 0.03381589 0.01935409 0.04286438 0.03080069 0.00524946 0.01829859 0.27362090
116 0.09553341 0.02514030 0.03493730 0.01517800 0.07163831 0.03301950 0.02288170 0.03454960 0.02299140 0.04991300 0.03832370 0.03424570 0.03139610 0.13877001 0.02298450 0.12288601 0.05152191 0.02058690 0.08754231 0.04596030
117 0.07056994 0.04802013 0.04036072 0.05738583 0.01882901 0.10045606 0.08035785 0.05674493 0.02092671 0.06338244 0.08528055 0.06567434 0.02228101 0.03274072 0.02142961 0.07143534 0.04678823 0.00630174 0.01723381 0.07380104
118 0.05145033 0.01837021 0.01659581 0.00651092 0.03969323 0.01573461 0.02177951 0.36313224 0.01589161 0.03147702 0.03561192 0.01258771 0.07827625 0.00990330 0.01403221 0.07995245 0.16248911 0.00329355 0.00739007 0.01582791
119 0.04575189 0.01618310 0.01874860 0.01270910 0.00739737 0.02644899 0.01656080 0.02037640 0.01224140 0.14790997 0.29585493 0.02354949 0.05367319 0.06252979 0.01411680 0.03719029 0.02766479 0.00526535 0.02564679 0.13018097
120 0.28947800 0.02516920 0.03229560 0.02860820 0.02799010 0.02657780 0.04555060 0.07474440 0.01749720 0.04298700 0.04547640 0.02715540 0.01399880 0.01970870 0.02474730 0.13369500 0.05673120 0.00817030 0.01168550 0.04773330
121 0.29357299 0.02494950 0.03338790 0.02904450 0.02848880 0.02644900 0.04501720 0.07479560 0.01719210 0.04230390 0.04335330 0.02790700 0.01397600 0.01898760 0.02316610 0.13586599 0.05702090 0.00694674 0.01119570 0.04637920
122 0.05349332 0.05606512 0.06052412 0.09844364 0.01430681 0.08156183 0.09040624 0.28515812 0.01252581 0.02025401 0.02320101 0.05574482 0.01003270 0.01546071 0.01744081 0.04441622 0.03165641 0.00241794 0.00982845 0.01706191
123 0.07659257 0.02574279 0.03910178 0.02159979 0.01579729 0.02335429 0.01656789 0.03901358 0.01164750 0.15966194 0.10087096 0.02256499 0.03778338 0.03143739 0.02924589 0.12594295 0.10961596 0.00514680 0.01876039 0.08955186
124 0.03892301 0.00565117 0.01075430 0.00170437 0.01218560 0.01866410 0.00323939 0.01028090 0.00325576 0.26776504 0.20404803 0.00522687 0.06229411 0.04169021 0.01408860 0.01759750 0.02860820 0.00077078 0.01704100 0.23621104
125 0.04569201 0.00720992 0.01438010 0.00365719 0.01199590 0.02269211 0.00756520 0.00877581 0.01125190 0.19755106 0.23589108 0.00981745 0.04396091 0.04407511 0.01202690 0.02357271 0.02788161 0.00188051 0.01548140 0.25464108
126 0.04190421 0.01244080 0.02325551 0.00886310 0.11354603 0.05787032 0.01562070 0.09097843 0.01503280 0.05493302 0.05097462 0.02230261 0.14293904 0.04201921 0.01926141 0.06106732 0.10223203 0.00851260 0.02777901 0.08846723
127 0.09301460 0.03605786 0.17180682 0.04266146 0.01459048 0.03555426 0.04072496 0.05132175 0.02447577 0.02463717 0.03983016 0.04938515 0.01569598 0.01688658 0.03116387 0.18730880 0.05594204 0.00976954 0.01124469 0.04792805
128 0.07703061 0.04595441 0.17505902 0.05981711 0.01270740 0.03576661 0.04589161 0.06528861 0.03038110 0.04225311 0.04761101 0.05192471 0.01800750 0.02843160 0.03461210 0.09229131 0.04611701 0.00815596 0.02234720 0.06035201
129 0.03719101 0.00850147 0.00938333 0.00425394 0.00819988 0.02183230 0.00697365 0.01297190 0.00450783 0.21460904 0.30485105 0.00852001 0.05971011 0.06176631 0.01069250 0.02451610 0.02304030 0.00065702 0.01471520 0.16310703
130 0.06511655 0.01370881 0.02166992 0.00809407 0.05923135 0.03494663 0.01913861 0.01795701 0.01371751 0.14525711 0.11091509 0.01568681 0.04681204 0.02542382 0.02133022 0.04628374 0.03574433 0.00415467 0.01412651 0.28068522
131 0.05828299 0.21558596 0.04271639 0.04529509 0.00855631 0.04478839 0.06557219 0.05646329 0.02050150 0.02566509 0.03336729 0.11645098 0.02117980 0.02229380 0.03096459 0.06782389 0.04696929 0.00820859 0.01493350 0.05438109
132 0.04299539 0.00711580 0.01236870 0.00395248 0.00933934 0.02448869 0.00710702 0.00818154 0.00922953 0.18776496 0.29669493 0.01079370 0.04281569 0.06119049 0.01059440 0.02400839 0.02571419 0.00154712 0.01670070 0.19739695
133 0.06420662 0.04319212 0.06411842 0.26031809 0.00823296 0.05278082 0.13450005 0.07143263 0.02451001 0.02809621 0.02972381 0.05097212 0.00793957 0.01860441 0.01412880 0.05486562 0.03383121 0.00455572 0.01483461 0.01915621
134 0.06141545 0.00793634 0.01195131 0.00285552 0.00973528 0.02067032 0.00735461 0.00780161 0.01548811 0.18758514 0.23436018 0.01560671 0.04165133 0.05999115 0.00971180 0.03004322 0.03087772 0.00579052 0.04488053 0.19429315
135 0.11857503 0.01369370 0.02450431 0.01415260 0.00922490 0.03009661 0.01683900 0.02169631 0.02159971 0.12784504 0.24997507 0.02033181 0.03336821 0.04623981 0.01421540 0.05652342 0.03701201 0.00333141 0.01510760 0.12566804
136 0.02807799 0.02060440 0.02435570 0.01594630 0.01042210 0.01423380 0.01879220 0.02432550 0.03166929 0.06079409 0.06928279 0.03980119 0.03482959 0.22099796 0.00962889 0.03168759 0.02530480 0.01760160 0.25704095 0.04460329
137 0.04625876 0.01584659 0.01866069 0.01400499 0.00759765 0.02631028 0.01687849 0.01879738 0.01213719 0.14899288 0.29579476 0.02287048 0.05445456 0.06287125 0.01445369 0.03656277 0.02765408 0.00472854 0.02559208 0.12953290
138 0.03673161 0.01957950 0.02281860 0.01613710 0.01056100 0.01890440 0.01300100 0.02464350 0.02161700 0.08883372 0.10828002 0.02692821 0.03503241 0.22824405 0.01359260 0.03526141 0.02680171 0.01157830 0.17886104 0.06259281
139 0.07715855 0.03439488 0.04104407 0.05030967 0.02468928 0.03246568 0.05845646 0.34629478 0.01466079 0.03448818 0.02921898 0.03001408 0.02062459 0.01699539 0.02091319 0.06898326 0.06311006 0.00256913 0.01279629 0.02081269
140 0.03452332 0.00573552 0.00506097 0.00326137 0.00699607 0.02354051 0.00585583 0.00515801 0.00270520 0.19769712 0.32913020 0.01005301 0.05006953 0.09990936 0.00588312 0.02044861 0.01942031 0.00060250 0.02097331 0.15297609
141 0.15138695 0.07617407 0.02227449 0.02148769 0.02607479 0.09454197 0.03098269 0.02764059 0.01842599 0.05822378 0.05388298 0.07130718 0.09362577 0.02688929 0.03052809 0.06123208 0.04823798 0.00837983 0.01319740 0.06550638
142 0.05506970 0.03006250 0.02814230 0.01012580 0.01443800 0.02631370 0.03696620 0.01733770 0.01942360 0.13852101 0.13559601 0.02445640 0.04014860 0.03467020 0.01904330 0.04445680 0.03179680 0.00560194 0.01876040 0.26906902
143 0.07744518 0.03569999 0.04225069 0.05199849 0.02296729 0.03255429 0.06042908 0.34000791 0.01446800 0.03494889 0.03034959 0.03044439 0.02050049 0.01707600 0.02196389 0.06991048 0.06217508 0.00266155 0.01263400 0.01951470
144 0.24994009 0.03987161 0.04373432 0.02903011 0.02370281 0.03918001 0.04908902 0.04496752 0.01853521 0.02356131 0.02591641 0.09304913 0.01286660 0.01349510 0.02020411 0.17471906 0.04789092 0.00909416 0.00896997 0.03218251
145 0.33775644 0.00814216 0.03066924 0.01129091 0.02924994 0.01199162 0.03233544 0.14801119 0.00991031 0.01214292 0.01544082 0.00866628 0.00555166 0.00714397 0.01437632 0.23053430 0.06337168 0.00230441 0.00430758 0.01680282
146 0.03829477 0.00457636 0.00690253 0.00202228 0.01032259 0.02308848 0.00373450 0.00704898 0.00354965 0.23696484 0.27923481 0.00658633 0.04568647 0.05856166 0.00817923 0.01649229 0.02423698 0.00039981 0.01468859 0.20942886
147 0.31744689 0.01059620 0.02827609 0.01225190 0.04024159 0.01723479 0.02212489 0.07377227 0.01080490 0.01743209 0.02246469 0.01410330 0.00734936 0.00852952 0.01677619 0.27966590 0.05983388 0.00647569 0.00812568 0.02649419
148 0.07233861 0.02537321 0.04432631 0.08441892 0.01241190 0.04128751 0.12427102 0.21646204 0.01968210 0.07708172 0.05876471 0.03533301 0.02290950 0.01239610 0.01834410 0.06060771 0.03537851 0.00412590 0.01046780 0.02401930
149 0.03735916 0.00767296 0.00866050 0.00279895 0.00985203 0.02058778 0.00499893 0.01227059 0.00375271 0.24943672 0.26620270 0.00645168 0.05844343 0.05235714 0.00982986 0.02048818 0.02503367 0.00046164 0.01461658 0.18872479
150 0.02686920 0.01539300 0.01252540 0.00286251 0.00602981 0.01244850 0.00834236 0.02222650 0.00273345 0.21328903 0.29164204 0.00600089 0.12315102 0.04590841 0.01601760 0.03246490 0.02279170 0.00061455 0.01563910 0.12305002
151 0.04214591 0.06116122 0.04813901 0.02349841 0.00798222 0.03826311 0.03240151 0.04554361 0.01651000 0.02397581 0.03422641 0.12269803 0.01448210 0.02060981 0.28644707 0.07476082 0.04972591 0.00585022 0.01613150 0.03544731
152 0.05858930 0.21601500 0.04298930 0.04628150 0.00830413 0.04480010 0.06591630 0.05490540 0.02060680 0.02568040 0.03325780 0.11695600 0.02144730 0.02301170 0.02950910 0.06718800 0.04528240 0.00866565 0.01554260 0.05505120
153 0.07938290 0.04776030 0.04838600 0.02163600 0.01214130 0.02784900 0.02034560 0.05672900 0.01418600 0.05066120 0.05297070 0.04283300 0.02755410 0.02493440 0.26175999 0.08634600 0.04634460 0.00771585 0.01328690 0.05717720
154 0.03786098 0.02039389 0.02371179 0.01615329 0.01060610 0.01904089 0.01408649 0.02513719 0.02178239 0.08667947 0.10432896 0.02799469 0.03468069 0.22811491 0.01471509 0.03611919 0.02725679 0.01125500 0.17912093 0.06096128
155 0.28893813 0.01137761 0.02730201 0.01340531 0.03311561 0.01692691 0.02120251 0.12197105 0.01387111 0.05991923 0.03427042 0.01209151 0.01426151 0.01324821 0.03104611 0.19261608 0.05449562 0.00301677 0.00888979 0.02803451
156 0.07516147 0.04580818 0.17553493 0.05899708 0.01281569 0.03540129 0.04559998 0.06462317 0.03089869 0.04177818 0.04872948 0.05158748 0.01830529 0.02832129 0.03608819 0.09336926 0.04600698 0.00783091 0.02284349 0.06029898
157 0.03460438 0.00809029 0.01260109 0.00258125 0.00791821 0.01750319 0.00682944 0.00985858 0.00456767 0.19221687 0.28982281 0.01003539 0.07694195 0.05988936 0.01394819 0.02404118 0.02363948 0.00205839 0.02027539 0.18257688
158 0.01967980 0.00663713 0.02896200 0.03468110 0.01071300 0.01061450 0.00520175 0.03257180 0.02329580 0.06462580 0.01622040 0.01582880 0.02303620 0.32433400 0.00621309 0.02716020 0.02148850 0.00308153 0.30274600 0.02290860
159 0.04063876 0.00616556 0.01035899 0.00161778 0.01437639 0.02067158 0.00204214 0.00864249 0.00419998 0.29339473 0.17819583 0.00615766 0.04161066 0.03393807 0.01044589 0.01321519 0.02920437 0.00088529 0.01423289 0.27000575
160 0.04498402 0.11978706 0.10635405 0.06484983 0.01083040 0.09762694 0.07247303 0.05458663 0.01720911 0.01316921 0.02295311 0.20629809 0.01009550 0.01556371 0.01412061 0.06851733 0.03105591 0.00274785 0.00770359 0.01907401
161 0.02852761 0.01998700 0.02466491 0.01610330 0.01020580 0.01408840 0.01804890 0.02422381 0.03245581 0.06138901 0.06853322 0.03893401 0.03481271 0.22256405 0.00985047 0.03198901 0.02547651 0.01704790 0.25584006 0.04525751
162 0.02893810 0.01993720 0.02479830 0.01643640 0.01002400 0.01423180 0.01789650 0.02439470 0.03238130 0.06054679 0.06821289 0.03852020 0.03467410 0.22317698 0.01004950 0.03168760 0.02542840 0.01633610 0.25764697 0.04468220
163 0.25637195 0.01776330 0.04509029 0.06206379 0.00875806 0.02983779 0.15495897 0.19081296 0.00997805 0.00841913 0.00969089 0.02015530 0.00452422 0.00685927 0.00606840 0.08715768 0.06008469 0.00349517 0.00322420 0.01468590
164 0.04101060 0.00616603 0.01056240 0.00173121 0.01408660 0.02085410 0.00229470 0.00919907 0.00410225 0.29036200 0.18389000 0.00643518 0.04256510 0.03658130 0.01093110 0.01428190 0.02914620 0.00087215 0.01495510 0.25997300
165 0.04396111 0.05319261 0.08222262 0.19742106 0.00878081 0.06077752 0.10060003 0.22965406 0.01373900 0.01415740 0.01695320 0.05552132 0.00448829 0.01878101 0.01198500 0.04288851 0.01823261 0.00288922 0.01346930 0.01028530
166 0.03399579 0.01356750 0.01522580 0.00413416 0.00915014 0.01512380 0.00691882 0.02483269 0.00445398 0.22971294 0.22625794 0.00725660 0.10270997 0.05283029 0.01704940 0.03097909 0.02799749 0.00127125 0.02760839 0.14892396
167 0.15248201 0.02182690 0.03336620 0.02193950 0.01880370 0.01912900 0.03771570 0.23461201 0.01086600 0.01730860 0.02664470 0.01582220 0.01475370 0.00919891 0.02244610 0.22113601 0.09623440 0.00307043 0.00494132 0.01770260
168 0.04453958 0.00826050 0.01422249 0.00420649 0.01117640 0.02301059 0.00843121 0.00912233 0.01058280 0.19422191 0.25156489 0.01108340 0.04420448 0.04967048 0.01283369 0.02483069 0.02825209 0.00211801 0.01697409 0.23069390
169 0.07123989 0.04881359 0.04030519 0.05937309 0.01839210 0.10154598 0.07985689 0.05748359 0.02098270 0.06205919 0.08411719 0.06646669 0.02227550 0.03132449 0.02206530 0.07009509 0.04759329 0.00621857 0.01676860 0.07302309
170 0.02777689 0.02999318 0.01007699 0.00492155 0.00478235 0.01653429 0.02288189 0.00999154 0.02355169 0.08730446 0.24262388 0.06397067 0.05996577 0.09569635 0.00973316 0.02299609 0.01837979 0.02718839 0.13391993 0.08771116
171 0.05685366 0.21602886 0.04316257 0.04464777 0.00839883 0.04520267 0.06754506 0.05510896 0.02051399 0.02628248 0.03408138 0.11678693 0.02171579 0.02313669 0.02986278 0.06599696 0.04539687 0.00881609 0.01538279 0.05507886
172 0.04248047 0.00820975 0.01349269 0.00618990 0.00922441 0.02035319 0.00676086 0.01202649 0.00653276 0.22393385 0.26343883 0.00817232 0.05906116 0.05049967 0.01313279 0.02723048 0.03899437 0.00073033 0.01436479 0.17517088
173 0.06438005 0.04181377 0.06300665 0.25957680 0.00834123 0.05255596 0.13601790 0.07043575 0.02479568 0.02822828 0.03005098 0.05073446 0.00735459 0.01943659 0.01317289 0.05633746 0.03491827 0.00482372 0.01523909 0.01877989
174 0.07747968 0.05232169 0.03939889 0.09937737 0.00919327 0.06070458 0.24050494 0.07703488 0.02571849 0.01652830 0.02662709 0.06978258 0.00983610 0.01178940 0.01144690 0.06397228 0.03715819 0.00724239 0.01201680 0.05186619
175 0.07735620 0.03608070 0.05142300 0.28959600 0.00647413 0.05267900 0.20221900 0.05210870 0.02680470 0.02179780 0.02244880 0.04529570 0.00420922 0.00322148 0.00453395 0.05013580 0.03386760 0.00421405 0.00276996 0.01276420
176 0.05295356 0.04863216 0.06492515 0.15922788 0.01240159 0.03113798 0.04570507 0.05574346 0.01508999 0.03775217 0.04120427 0.04598817 0.01534459 0.02005109 0.14740489 0.08687464 0.05780526 0.00545473 0.01194459 0.04435877
177 0.05405450 0.03043050 0.02696420 0.01030760 0.01437870 0.02605990 0.03518390 0.01689800 0.01947690 0.13997501 0.13743001 0.02389930 0.04041150 0.03478380 0.01901440 0.04326130 0.03112110 0.00578181 0.01925250 0.27131502
178 0.22126703 0.00794678 0.01788620 0.00718175 0.10284302 0.03390341 0.01372000 0.02747950 0.01094000 0.08237361 0.05685301 0.01400830 0.02812040 0.01619050 0.03377941 0.10720502 0.04890381 0.00437393 0.00886829 0.15615602
179 0.05209499 0.04138410 0.03623280 0.08095029 0.00712900 0.10556499 0.31793696 0.05460729 0.03440150 0.01187760 0.01524090 0.06455379 0.00456430 0.00667884 0.00761911 0.05482669 0.02448650 0.00387671 0.00718906 0.06878459
