1 0.04463998 0.01363379 0.01578439 0.00688312 0.01123720 0.01346529 0.01053790 0.01571479 0.01083220 0.18686392 0.26048889 0.01298439 0.04401478 0.03645948 0.01148159 0.03662628 0.02515219 0.00772222 0.01467169 0.22080590
2 0.08554958 0.06350939 0.03438869 0.04437759 0.01144410 0.03344119 0.03077289 0.08675038 0.01685510 0.03531529 0.06525368 0.05676439 0.02624139 0.02651539 0.19124196 0.07245088 0.04001999 0.00725983 0.01569350 0.05615479
3 0.02909470 0.04934781 0.08074121 0.16108802 0.02033960 0.04056320 0.14803702 0.23887903 0.01921420 0.01297270 0.01911730 0.05087151 0.00665662 0.00879066 0.02649650 0.04895901 0.01553310 0.00286006 0.00771464 0.01272310
4 0.05713246 0.02631888 0.02772428 0.01515169 0.01416699 0.02531468 0.02747318 0.02578878 0.02015479 0.12406692 0.14655290 0.02582608 0.04001667 0.02873908 0.02084489 0.05308126 0.03009168 0.00808447 0.01706049 0.26640982
5 0.05445562 0.05900172 0.04006641 0.02796071 0.00691234 0.04568312 0.05812052 0.03441191 0.02370571 0.10032103 0.10911104 0.15986205 0.03147001 0.04091471 0.02830811 0.05056702 0.04258231 0.00619723 0.02493271 0.05541572
6 0.06731272 0.03091991 0.03253781 0.07062423 0.00723453 0.03602671 0.14583305 0.04888452 0.02915351 0.11162704 0.05578092 0.03325801 0.02353551 0.03247101 0.01990931 0.13471005 0.04553992 0.00417820 0.02989401 0.04056902
7 0.12015699 0.04359670 0.03926040 0.03568700 0.02236530 0.03043980 0.04604100 0.06602249 0.01699770 0.03836050 0.06366599 0.03448140 0.02173830 0.02462290 0.02758320 0.20992398 0.08028079 0.01077290 0.01217560 0.05582709
8 0.04158724 0.00785716 0.01138761 0.00430376 0.00655289 0.00749216 0.00558823 0.01582852 0.00404329 0.26999329 0.25924428 0.00663835 0.05137126 0.04633755 0.00923989 0.02873653 0.02758693 0.00088796 0.01380991 0.18151319
9 0.05255875 0.02902583 0.06694916 0.08453638 0.02053972 0.03550143 0.07274227 0.16049015 0.06998546 0.01473011 0.05410345 0.12461411 0.01272421 0.02295822 0.04430494 0.04960905 0.02617802 0.00709360 0.01975612 0.03159903
10 0.02968739 0.01707269 0.02386019 0.01571069 0.00640120 0.01804089 0.01636139 0.01930839 0.03482219 0.06421417 0.05174228 0.02453029 0.02227209 0.22729891 0.01144380 0.02658959 0.02809089 0.01827109 0.30604788 0.03823398
11 0.02248590 0.02203180 0.03266961 0.01554250 0.00572486 0.01572740 0.01011910 0.01399420 0.04922591 0.02989161 0.03489631 0.04534201 0.01846700 0.27196305 0.00956894 0.01784110 0.02452480 0.02128320 0.31424406 0.02445660
12 0.04172612 0.02060321 0.02225021 0.01878541 0.00828354 0.02159961 0.02326541 0.02627891 0.02783161 0.07637994 0.07581893 0.02833481 0.02423721 0.23302311 0.01557051 0.03995442 0.04475462 0.01906911 0.18398908 0.04824422
13 0.03936784 0.02368652 0.13720113 0.18620618 0.01191281 0.04021314 0.06654286 0.04580894 0.02252542 0.09957370 0.04974315 0.03645214 0.01803142 0.01728782 0.03008963 0.07427637 0.03432973 0.00445047 0.00636677 0.05593395
14 0.02383070 0.03874609 0.09267038 0.19179097 0.02109980 0.04203349 0.20926296 0.20937696 0.02007000 0.00889350 0.01148340 0.05199949 0.00335944 0.00375773 0.01215280 0.03493799 0.01077870 0.00111577 0.00546082 0.00717901
15 0.05889498 0.21964691 0.03636959 0.03728749 0.01429049 0.04394158 0.05377298 0.07520417 0.01410929 0.02013379 0.05764888 0.09453656 0.02202159 0.02059239 0.04174508 0.07405287 0.05147618 0.00831899 0.01233920 0.04361698
16 0.07989512 0.04936481 0.03711461 0.04358051 0.01794100 0.03119441 0.07183322 0.30830107 0.01307370 0.03464051 0.04655361 0.03252691 0.01340590 0.01843970 0.03683691 0.07493782 0.04480791 0.00495467 0.01019260 0.03040501
17 0.04168121 0.00576063 0.01080700 0.00520165 0.00905198 0.00828054 0.00670301 0.01348570 0.00492746 0.28587607 0.20539405 0.00586463 0.04325601 0.03019731 0.00843688 0.02570701 0.02452831 0.00098307 0.01303240 0.25082506
18 0.06300041 0.25443803 0.03025510 0.02796830 0.01012370 0.12268901 0.03988660 0.06790681 0.01285910 0.01270340 0.04256741 0.15352802 0.01229790 0.01101420 0.02339920 0.04802911 0.03199510 0.00192295 0.00430283 0.02911280
19 0.04608334 0.05692844 0.05621974 0.07897306 0.00750430 0.07175835 0.19462315 0.04946924 0.02759152 0.01806671 0.06104785 0.16252412 0.01289491 0.01856601 0.01795381 0.04378103 0.02968672 0.00302751 0.00588224 0.03741793
20 0.05146151 0.02911900 0.02303800 0.01488570 0.00553385 0.01735270 0.01996100 0.02590550 0.01060350 0.09524611 0.24580403 0.03512070 0.12848302 0.02155190 0.08208431 0.05001341 0.03761990 0.00332273 0.01258860 0.09030451
21 0.11735699 0.04312080 0.03961480 0.03618720 0.02193700 0.03120080 0.04602560 0.06651139 0.01693800 0.03821660 0.06549429 0.03468430 0.02186330 0.02503080 0.02768550 0.20989498 0.07993379 0.01067230 0.01194170 0.05568989
22 0.05613152 0.02854721 0.02636461 0.01552051 0.00981430 0.02310001 0.02694931 0.03194001 0.01586021 0.13350904 0.25077508 0.03696031 0.04308631 0.04113991 0.01876081 0.05044992 0.03818131 0.00758017 0.01903941 0.12629004
23 0.04205310 0.22029802 0.04335630 0.02275310 0.00313866 0.07233121 0.05191431 0.02922290 0.00950427 0.01296650 0.06511241 0.25721503 0.01526240 0.00959645 0.02976440 0.04749750 0.03642510 0.00225473 0.00690479 0.02242880
24 0.08014287 0.04872718 0.03717769 0.04405438 0.01818339 0.03142619 0.06978328 0.30770389 0.01311970 0.03366499 0.04598168 0.03279499 0.01352600 0.01855489 0.03845759 0.07481287 0.04517448 0.00494895 0.01026640 0.03149859
25 0.05141503 0.01085451 0.01776331 0.01254641 0.00798404 0.01362381 0.01610231 0.02954842 0.00723851 0.25224513 0.18344009 0.01227981 0.04361472 0.05651273 0.01392551 0.03870412 0.03528852 0.00232874 0.03668922 0.15789508
26 0.30324898 0.02566650 0.02359090 0.04048320 0.02478170 0.02371810 0.04071350 0.06996569 0.01490750 0.04264760 0.05811730 0.02924110 0.02079510 0.02042080 0.02779050 0.11289799 0.05340890 0.00414048 0.01148830 0.05197590
27 0.05331296 0.01957208 0.01713839 0.00825006 0.00562498 0.00943567 0.01442259 0.01523719 0.00695927 0.21160584 0.20285084 0.01222769 0.13030090 0.03929487 0.01639859 0.03729527 0.03398427 0.00158986 0.02391778 0.14058089
28 0.06546032 0.04277401 0.04506021 0.10556003 0.00943534 0.05443002 0.23084507 0.08766743 0.02895431 0.02209431 0.04388911 0.05927092 0.01343600 0.02086681 0.01826081 0.06349912 0.03241711 0.00480805 0.01138120 0.03988981
29 0.04029300 0.00560503 0.01016170 0.00456614 0.00951520 0.00822050 0.00599217 0.01412690 0.00503471 0.28668403 0.19815002 0.00578905 0.04078430 0.02778240 0.00843412 0.02515300 0.02352710 0.00112256 0.01245300 0.26660503
30 0.04605229 0.12005497 0.03588199 0.07978478 0.00543078 0.03703239 0.19152296 0.08366368 0.01717370 0.06043929 0.05620159 0.06619709 0.02194040 0.01542360 0.01608450 0.06838869 0.03680819 0.00303163 0.00720560 0.03168189
31 0.07794313 0.05051082 0.03711012 0.04316862 0.01735101 0.03181091 0.07117023 0.30963013 0.01297741 0.03377111 0.04563792 0.03293471 0.01350541 0.01804891 0.03813462 0.07455073 0.04543942 0.00497239 0.01000100 0.03133141
32 0.05690880 0.02614200 0.02716730 0.01552920 0.01404230 0.02528300 0.02786200 0.02592320 0.02126440 0.12399499 0.14518999 0.02516020 0.03966430 0.02867470 0.02048450 0.05221440 0.03029050 0.00812227 0.01686700 0.26921498
33 0.03964451 0.00625714 0.00877542 0.00265000 0.00641669 0.00594865 0.00293512 0.01212020 0.00249742 0.27643204 0.27378504 0.00452120 0.05170641 0.04554641 0.00754239 0.02650130 0.02526260 0.00058924 0.01217320 0.18869502
34 0.08735518 0.27675694 0.02201330 0.03215819 0.00685510 0.02903279 0.02579619 0.08941188 0.00774264 0.01052710 0.02833749 0.07751068 0.01168950 0.01204580 0.17576296 0.04998669 0.01945090 0.00315214 0.00427942 0.03013509
35 0.02298032 0.01131611 0.01532601 0.01518021 0.00440150 0.01212271 0.01221211 0.01293121 0.02837902 0.05720734 0.02413812 0.02118152 0.01846331 0.31490324 0.00613644 0.02057192 0.02859062 0.01719901 0.33854026 0.01821901
36 0.06401296 0.03114578 0.04374427 0.04653577 0.01578539 0.04311827 0.07905735 0.04007148 0.11572093 0.02838258 0.07846945 0.05186467 0.02353609 0.06258836 0.02236109 0.06427536 0.03887648 0.01104489 0.05774207 0.08166675
37 0.12033398 0.04284539 0.03894569 0.03672099 0.02266340 0.03080089 0.04473609 0.06618929 0.01718690 0.03757559 0.06314289 0.03545699 0.02180900 0.02419520 0.02760269 0.21264896 0.07965658 0.01002240 0.01216950 0.05529759
38 0.02976020 0.01719070 0.02413250 0.01593630 0.00651081 0.01817130 0.01619410 0.01900520 0.03494050 0.06372301 0.05050650 0.02469020 0.02250110 0.22836302 0.01116000 0.02678620 0.02804080 0.01828280 0.30762403 0.03648070
39 0.04582693 0.10760608 0.03524692 0.01904841 0.01259891 0.03158352 0.03709633 0.03088572 0.07060335 0.02795512 0.14745010 0.05087144 0.02907502 0.02879412 0.01985681 0.13359809 0.05640734 0.00977891 0.01644031 0.08927656
40 0.02256360 0.01118080 0.01515330 0.01486900 0.00422626 0.01220620 0.01217550 0.01271120 0.02832520 0.05652480 0.02362340 0.02139060 0.01826740 0.31659797 0.00615832 0.02044540 0.02854880 0.01663240 0.34082297 0.01757690
41 0.06811963 0.05084362 0.04600502 0.04115542 0.01435561 0.14961906 0.08244023 0.05658302 0.02607801 0.03144711 0.06646423 0.08285873 0.02283231 0.03310981 0.02796221 0.06753343 0.04225512 0.00603349 0.02244591 0.06185803
42 0.30214702 0.01832370 0.02675410 0.02877060 0.03505270 0.01928540 0.03657080 0.06850681 0.01257390 0.02085590 0.03970640 0.01982830 0.01496840 0.01181560 0.02389120 0.22130802 0.05332330 0.00396592 0.00520990 0.03714200
43 0.03009128 0.01719949 0.02345638 0.01591659 0.00642837 0.01813779 0.01680879 0.01924818 0.03451327 0.06361755 0.05069546 0.02454888 0.02219018 0.22801682 0.01102439 0.02684028 0.02849648 0.01869339 0.30683676 0.03723967
44 0.04585487 0.02846038 0.02099618 0.00735517 0.00601874 0.01225049 0.01321069 0.01621849 0.00827464 0.15956388 0.27302679 0.02514718 0.11843891 0.03186368 0.01836879 0.03703387 0.03400217 0.00340179 0.01403239 0.12648090
45 0.04226303 0.02045341 0.02189071 0.01814031 0.00854537 0.02156531 0.02357012 0.02595652 0.02800192 0.07549175 0.07610505 0.02834702 0.02383002 0.23297215 0.01538981 0.04049173 0.04597643 0.01921931 0.18435712 0.04743293
46 0.05557434 0.02804392 0.02686402 0.01463381 0.00987879 0.02286331 0.02642072 0.03150962 0.01538961 0.13356908 0.25344516 0.03652482 0.04344833 0.04071323 0.01946601 0.05137593 0.03858362 0.00679419 0.01909641 0.12580508
47 0.06795450 0.05158130 0.04568310 0.04300460 0.01422910 0.14818800 0.08231010 0.05586980 0.02621180 0.03122540 0.06493740 0.08278580 0.02292150 0.03361290 0.02800740 0.06768430 0.04319350 0.00592483 0.02259310 0.06208160
48 0.15562291 0.01911349 0.02433519 0.01484519 0.01482039 0.02782518 0.02616418 0.02953818 0.01839589 0.08915505 0.11477393 0.02296149 0.04360357 0.02049879 0.02873418 0.06950186 0.03901258 0.00444988 0.01005319 0.22659487
49 0.12099108 0.04270833 0.01823231 0.01032311 0.01985231 0.01964531 0.02185531 0.15676910 0.00935235 0.02125171 0.03636262 0.01324171 0.01120991 0.01935671 0.01512451 0.24767916 0.18075012 0.00814679 0.00453334 0.02261421
50 0.12162504 0.03096101 0.03889841 0.31576510 0.00861115 0.02485881 0.21401507 0.04666422 0.01689231 0.01281310 0.01790591 0.03916841 0.00362394 0.00560686 0.00977662 0.05521192 0.02352841 0.00154132 0.00271784 0.00981454
51 0.05057399 0.05095829 0.04017389 0.02140869 0.00868323 0.06538648 0.06052678 0.02749489 0.03253429 0.02753019 0.07505758 0.13251297 0.02069789 0.02480149 0.02662509 0.05392979 0.02916969 0.00851443 0.01408940 0.22933094
52 0.03875912 0.01423251 0.03187101 0.08650584 0.01086180 0.04873402 0.22862310 0.03143851 0.13367406 0.03292271 0.07532623 0.05859522 0.01045520 0.03919962 0.01239571 0.05355362 0.02752091 0.00363003 0.00683445 0.05486632
53 0.05101075 0.01129769 0.01796628 0.01263519 0.00786280 0.01420709 0.01670138 0.02998707 0.00741743 0.25232776 0.18219383 0.01276719 0.04371546 0.05584745 0.01356229 0.03965486 0.03454147 0.00231300 0.03658217 0.15740885
54 0.20448913 0.03083632 0.13521009 0.02829962 0.01698131 0.03228742 0.03800172 0.07464595 0.01718431 0.03428672 0.05963164 0.03749512 0.02304121 0.01735661 0.02652872 0.11013307 0.04982793 0.00434231 0.00752954 0.05189123
55 0.30278107 0.02492871 0.02330751 0.04232091 0.02509571 0.02309831 0.04134841 0.07028032 0.01485750 0.04185741 0.05799321 0.02853441 0.02055000 0.01964460 0.02686041 0.11606403 0.05437131 0.00477387 0.01096320 0.05036911
56 0.04054289 0.00410138 0.00716812 0.00251501 0.00730024 0.00524300 0.00241906 0.01016040 0.00237366 0.28878095 0.25242495 0.00302642 0.04837849 0.03714849 0.00649159 0.02368780 0.02322610 0.00054990 0.01221960 0.22224196
57 0.11780501 0.04215990 0.03923990 0.03558980 0.02186430 0.03057260 0.04423160 0.06528741 0.01698430 0.04075880 0.06678721 0.03295370 0.02162430 0.02480740 0.02776750 0.20997802 0.08242401 0.01052190 0.01164370 0.05699861
58 0.07870716 0.02938229 0.03057908 0.01175239 0.01865789 0.02354559 0.02649299 0.03851688 0.01586919 0.09608545 0.11423994 0.02431369 0.04428778 0.03284128 0.01847759 0.08145416 0.12424794 0.01339649 0.01486829 0.16228392
59 0.04971449 0.01898460 0.01484450 0.00602815 0.00464747 0.00726185 0.01171790 0.01199190 0.00517904 0.22950396 0.21298696 0.00941074 0.13942698 0.03572049 0.01483080 0.03447959 0.03143659 0.00114052 0.02139650 0.13929698
60 0.05687590 0.09569720 0.05028360 0.04043790 0.00803015 0.06380500 0.07177080 0.04584120 0.02212860 0.02138190 0.07259310 0.20620200 0.02028220 0.03032200 0.03632080 0.05413660 0.03729100 0.00687065 0.02032650 0.03940290
61 0.04773793 0.02449102 0.02950222 0.01794641 0.00966713 0.08418916 0.03343122 0.03098282 0.02919332 0.06861145 0.17825912 0.04011663 0.02094081 0.13415809 0.02213182 0.04693183 0.04189003 0.01284551 0.06350174 0.06347174
62 0.05016772 0.06251643 0.03929252 0.02753911 0.00708991 0.17329407 0.06018453 0.02325131 0.01969221 0.01785891 0.05300502 0.18635408 0.08501624 0.02070481 0.03115101 0.04480242 0.03467311 0.00334126 0.01412761 0.04593772
63 0.05140527 0.01148389 0.01742479 0.01221679 0.00795094 0.01334339 0.01649839 0.03012898 0.00740713 0.25318983 0.18390487 0.01277239 0.04365527 0.05582336 0.01376329 0.03887927 0.03516928 0.00230449 0.03546548 0.15721289
64 0.05927643 0.04404002 0.16592309 0.05496563 0.01609881 0.04122072 0.05788263 0.06418053 0.02393511 0.03933622 0.07318604 0.06041383 0.02527561 0.03082222 0.02658371 0.08126484 0.04201992 0.00647236 0.02489011 0.06221213
65 0.04498211 0.04845301 0.11008802 0.01279420 0.00787595 0.02512741 0.02748291 0.02942991 0.01215130 0.06535051 0.22687005 0.05146991 0.04008221 0.03458151 0.02058410 0.06359161 0.10732502 0.00544053 0.00862441 0.05769531
66 0.06607599 0.04356449 0.04549449 0.10305998 0.00942961 0.05463969 0.23164296 0.08571238 0.02895969 0.02248970 0.04379719 0.06038589 0.01367840 0.02139830 0.01796540 0.06287139 0.03289609 0.00469997 0.01196280 0.03927559
67 0.11339000 0.03183000 0.04111630 0.29516099 0.00931488 0.02728430 0.21712500 0.05499880 0.01936000 0.01321460 0.01948930 0.04143680 0.00404263 0.00703332 0.01017150 0.05551560 0.02273510 0.00167127 0.00333262 0.01177700
68 0.39086722 0.00992657 0.02001861 0.02064221 0.04146042 0.01144001 0.02674252 0.07813304 0.01048111 0.01593041 0.02983852 0.01358761 0.01078231 0.00781520 0.01881601 0.20280312 0.05699203 0.00235838 0.00356189 0.02780282
69 0.09220746 0.04603653 0.03005742 0.02172091 0.01978591 0.02709042 0.03457702 0.06239764 0.01550631 0.04673633 0.06979384 0.03270532 0.02795022 0.04576163 0.02166731 0.12883708 0.18312011 0.02595532 0.02143411 0.04665913
70 0.05120611 0.01593870 0.01822950 0.00624363 0.00709755 0.00764477 0.00809625 0.01011930 0.00644242 0.19281103 0.24228204 0.00889084 0.10453402 0.03038710 0.01491270 0.03452041 0.02960430 0.00233949 0.01191480 0.19678503
71 0.04019848 0.21206188 0.04292778 0.02453149 0.00349970 0.09656614 0.05041927 0.02339929 0.00959588 0.01164439 0.05389147 0.24519286 0.01218329 0.00701200 0.01852329 0.07736586 0.04483917 0.00140646 0.00292492 0.02181639
72 0.08415959 0.03023830 0.04039430 0.20411498 0.01041300 0.03329560 0.04263690 0.04306270 0.01762740 0.01957960 0.03847650 0.02982300 0.01319250 0.01352480 0.14720799 0.13587599 0.02365650 0.00511952 0.00606618 0.06153469
73 0.06475282 0.04302562 0.04501822 0.10284304 0.00945978 0.05535852 0.23269509 0.08583963 0.02880361 0.02286221 0.04364832 0.06045602 0.01403981 0.02104051 0.01771601 0.06280602 0.03230011 0.00492475 0.01178540 0.04062452
74 0.03464699 0.03132529 0.10372098 0.08607498 0.01171220 0.12181398 0.21365096 0.07889629 0.01977650 0.01345380 0.03199049 0.09598268 0.01072760 0.01360660 0.01882100 0.04539459 0.02533160 0.00172556 0.00483313 0.03651479
75 0.04239961 0.02001440 0.02164350 0.01847170 0.00837596 0.02168680 0.02361460 0.02685820 0.02757530 0.07673101 0.07582291 0.02798800 0.02415310 0.23220903 0.01611960 0.04149081 0.04559231 0.01932480 0.18323903 0.04668931
76 0.30187094 0.02617950 0.02371870 0.04086659 0.02419900 0.02408930 0.04099769 0.07053599 0.01520530 0.04184439 0.05860229 0.02963049 0.02075460 0.01929870 0.02696689 0.11543698 0.05431579 0.00418509 0.01126270 0.05003909
77 0.03942868 0.14161192 0.04880557 0.01646909 0.00703252 0.03558488 0.03750638 0.03154988 0.01536419 0.04834527 0.19986389 0.10727394 0.04816037 0.02482439 0.02140359 0.05397417 0.04325948 0.00775372 0.01396999 0.05781807
78 0.06214043 0.03310492 0.04267292 0.05348313 0.00909378 0.13408807 0.18506209 0.05053483 0.02796641 0.01905471 0.05056343 0.05763923 0.01296261 0.01548051 0.02119171 0.13037607 0.04257332 0.00333329 0.00542573 0.04325282
79 0.38972991 0.00794773 0.01929550 0.01093950 0.03904259 0.00933045 0.02035780 0.08904978 0.01060930 0.01590450 0.02799659 0.00970518 0.01094920 0.00863153 0.01123060 0.19054995 0.09533108 0.00281959 0.00391906 0.02666019
80 0.41134913 0.00434123 0.01536830 0.00487125 0.08046042 0.00678703 0.00925158 0.09547083 0.00705292 0.00711831 0.02355491 0.00762779 0.00690653 0.00385560 0.01392780 0.22365307 0.05502032 0.00153559 0.00127926 0.02056811
81 0.04210412 0.06946334 0.05724193 0.06567994 0.00662730 0.07452974 0.16488709 0.04198672 0.02526201 0.01732391 0.06779154 0.20242612 0.01348241 0.01779021 0.01934211 0.04194302 0.03016262 0.00242616 0.00545067 0.03407902
82 0.06841687 0.02328052 0.03235853 0.01489192 0.01084011 0.01967832 0.02150252 0.05672306 0.01057281 0.16346117 0.09374240 0.01777832 0.02884503 0.04033874 0.02058162 0.15136815 0.13248814 0.00557719 0.02215122 0.06540337
83 0.01842770 0.01854000 0.02410480 0.01205560 0.00545419 0.01497410 0.01114940 0.01301970 0.04491860 0.06190590 0.04451700 0.02054220 0.03678810 0.26091800 0.00798912 0.01608430 0.02535110 0.02235120 0.30681500 0.03409400
84 0.04664430 0.04090100 0.13521101 0.05093060 0.01177380 0.15260501 0.08396400 0.04894180 0.02324710 0.02128770 0.05245470 0.08964850 0.01870970 0.02371200 0.02271120 0.07074920 0.03690630 0.00354895 0.01580140 0.05025170
85 0.08879985 0.03329352 0.04823563 0.24938513 0.01009881 0.03258422 0.23709712 0.07957114 0.02561301 0.01448001 0.02140251 0.04443352 0.00421116 0.00827837 0.00964272 0.05268323 0.02034591 0.00149347 0.00348547 0.01486521
86 0.04401568 0.01246319 0.01587509 0.00703536 0.01122399 0.01268189 0.01079819 0.01545619 0.01075429 0.19107889 0.26165686 0.01252379 0.04289458 0.03692108 0.01128989 0.03650738 0.02530859 0.00753039 0.01495179 0.21903288
87 0.04026052 0.00565421 0.01016311 0.00478893 0.00959348 0.00815102 0.00650862 0.01375421 0.00492745 0.28808016 0.19772011 0.00597721 0.04082372 0.02735771 0.00827696 0.02471911 0.02364091 0.00106959 0.01192481 0.26660814
88 0.05807830 0.22141902 0.03575900 0.03666880 0.01358090 0.04274980 0.05334690 0.07299431 0.01430870 0.02103590 0.05784570 0.09490491 0.02288100 0.02139410 0.04315830 0.07367461 0.05140370 0.00818912 0.01287320 0.04373370
89 0.12024195 0.04399678 0.03883998 0.03568639 0.02193929 0.03100159 0.04551878 0.06468027 0.01686989 0.03749619 0.06494487 0.03437529 0.02150489 0.02488409 0.02729709 0.21051492 0.08050607 0.01058100 0.01242360 0.05669708
90 0.04087576 0.02625514 0.13171019 0.23068733 0.02236653 0.04089716 0.12001117 0.10013314 0.02545104 0.02311393 0.02456853 0.05733548 0.00906348 0.01035851 0.02496984 0.05559188 0.02158613 0.00290836 0.00811166 0.02400473
91 0.05680309 0.02588180 0.02774340 0.01521080 0.01411460 0.02513230 0.02760970 0.02574490 0.02111390 0.12513499 0.14509799 0.02562960 0.03975580 0.02944920 0.02106040 0.05269350 0.03050080 0.00831559 0.01730370 0.26570398
92 0.05573887 0.02934568 0.02678498 0.01607289 0.00950207 0.02283739 0.02628538 0.03146828 0.01563989 0.13365092 0.25045285 0.03821738 0.04334427 0.04126178 0.01900409 0.05044517 0.03722978 0.00743261 0.01875079 0.12653493
93 0.05692011 0.09337402 0.05067311 0.04198201 0.00781625 0.06412361 0.07290662 0.04667191 0.02270260 0.02198690 0.07319322 0.20256204 0.01981180 0.02903741 0.03664691 0.05527621 0.03763001 0.00693013 0.01992100 0.03983411
94 0.03966573 0.00329132 0.00620318 0.00204421 0.00736538 0.00486161 0.00174923 0.01002441 0.00189474 0.29763926 0.24887722 0.00255070 0.04609954 0.03618303 0.00602722 0.02262242 0.02267962 0.00035116 0.01183781 0.22803220
95 0.05937248 0.04459159 0.16465395 0.05396858 0.01581100 0.04088379 0.05905668 0.06368828 0.02411879 0.03971589 0.07472928 0.06024968 0.02594949 0.03062649 0.02633839 0.08096568 0.04275429 0.00693819 0.02481029 0.06077718
96 0.05781748 0.09472356 0.05096028 0.04120938 0.00807300 0.06415447 0.07187907 0.04534458 0.02173929 0.02132869 0.07338297 0.20271092 0.02062869 0.02836849 0.03632829 0.05591348 0.03811598 0.00674520 0.01981439 0.04076178
97 0.03959901 0.00340759 0.00626826 0.00216533 0.00733939 0.00488148 0.00180206 0.00999460 0.00191237 0.29747606 0.24867705 0.00266225 0.04610161 0.03611981 0.00594967 0.02272480 0.02274920 0.00035781 0.01192160 0.22789004
98 0.05650247 0.02801248 0.02618458 0.01506789 0.00990351 0.02345829 0.02596318 0.03162368 0.01551039 0.13448992 0.25312485 0.03725968 0.04371667 0.04049948 0.01943099 0.05067477 0.03713698 0.00714149 0.01803579 0.12626292
99 0.07242479 0.03325450 0.22136198 0.03397170 0.01616720 0.03395020 0.03320810 0.04670570 0.01654210 0.03085170 0.06211630 0.03993590 0.02199270 0.01723140 0.02733840 0.17092199 0.04672260 0.00552909 0.00637038 0.06340330
100 0.04328862 0.03156411 0.04268522 0.02916761 0.00476027 0.06445583 0.15459807 0.02015811 0.04288922 0.02471981 0.05429822 0.19767109 0.01453621 0.09787634 0.02047721 0.03656262 0.03389892 0.00621848 0.02530451 0.05486952
101 0.06509268 0.04375109 0.04571748 0.10223197 0.00949488 0.05512468 0.23211992 0.08612767 0.02936969 0.02223569 0.04360309 0.05988518 0.01406590 0.02101759 0.01768009 0.06299068 0.03270909 0.00490035 0.01110610 0.04077619
102 0.05028828 0.08956166 0.04474448 0.02660499 0.00791983 0.05624227 0.05685437 0.03522018 0.01791429 0.02397329 0.07629096 0.20550491 0.02205759 0.02926609 0.03433568 0.06868167 0.09790125 0.00970093 0.01422469 0.03271258
103 0.05641851 0.02941160 0.02648630 0.01477240 0.00939168 0.02266660 0.02642300 0.03168871 0.01554150 0.13199102 0.25214504 0.03854351 0.04323371 0.04039231 0.01974010 0.05098511 0.03842291 0.00761076 0.01934620 0.12478902
104 0.23972294 0.02105029 0.02934439 0.01929530 0.08355118 0.01488080 0.02106469 0.17724896 0.01247280 0.01595870 0.02956699 0.01560250 0.01089850 0.00931108 0.01969340 0.19118695 0.05817609 0.00504507 0.00342369 0.02250569
105 0.25371115 0.02557481 0.02140331 0.15854509 0.00911289 0.02912312 0.16781910 0.03219802 0.01357541 0.01893711 0.03035362 0.03573142 0.01277491 0.01017521 0.01559881 0.09501536 0.03733272 0.00277484 0.00429300 0.02595012
106 0.08808897 0.03384503 0.04872194 0.24804219 0.01012761 0.03235902 0.23594518 0.08065976 0.02572232 0.01431351 0.02157582 0.04432673 0.00428399 0.00833342 0.00997695 0.05343084 0.02046542 0.00157134 0.00334897 0.01486101
107 0.05125380 0.01224270 0.01736460 0.01244700 0.00826230 0.01331580 0.01675350 0.03147490 0.00748359 0.25136201 0.18105901 0.01283840 0.04304250 0.05643390 0.01383250 0.03938410 0.03497140 0.00245118 0.03635780 0.15766900
108 0.03857100 0.04023390 0.02317070 0.02115980 0.02583360 0.01675240 0.02551180 0.03274250 0.01912830 0.01518370 0.07034169 0.02823880 0.02331610 0.08510049 0.01994630 0.07992659 0.11290199 0.21241598 0.05582929 0.05369509
109 0.04045700 0.00557974 0.01008940 0.00485532 0.00972490 0.00844529 0.00624091 0.01414250 0.00483121 0.28744599 0.19734599 0.00565240 0.04040270 0.02735150 0.00820972 0.02472010 0.02357530 0.00112656 0.01200950 0.26779399
110 0.06889321 0.03454210 0.03123110 0.01632420 0.01530100 0.02691410 0.02739740 0.03317010 0.01763700 0.10064101 0.13724002 0.03169780 0.13983602 0.03997001 0.02684770 0.05823201 0.05003151 0.00777177 0.02765090 0.10867101
111 0.03965578 0.14014294 0.04924728 0.01670479 0.00727234 0.03518228 0.03738478 0.03110969 0.01543859 0.04791008 0.20164191 0.10711595 0.04789038 0.02453449 0.02170699 0.05433118 0.04222158 0.00750819 0.01420769 0.05879307
112 0.04758681 0.08097253 0.04488351 0.01855231 0.00497390 0.04918832 0.06395522 0.02729271 0.02321411 0.03335301 0.20269806 0.17931906 0.02764361 0.02012411 0.02520361 0.04806161 0.03913791 0.00517609 0.01293710 0.04572641
113 0.11956406 0.04261132 0.04041022 0.03577672 0.02231271 0.03073552 0.04543112 0.06539793 0.01715611 0.03804992 0.06566363 0.03467342 0.02240211 0.02442631 0.02727911 0.20946810 0.07939684 0.01060271 0.01241321 0.05622893
114 0.06702118 0.05379349 0.04589369 0.04245469 0.01447530 0.14894796 0.08023058 0.05563678 0.02546989 0.03159889 0.06756318 0.08318328 0.02296979 0.03298029 0.02847129 0.06701448 0.04144429 0.00582007 0.02248859 0.06254228
115 0.05655293 0.02545611 0.02751401 0.01468711 0.01443741 0.02582211 0.02877931 0.02649551 0.02073981 0.12579206 0.14570407 0.02528831 0.03946402 0.02930241 0.02023271 0.05203843 0.03096342 0.00784439 0.01753671 0.26534914
116 0.04549021 0.02551360 0.07076381 0.11843702 0.08551651 0.10499302 0.15418902 0.09366581 0.03101150 0.01442120 0.03068650 0.04989231 0.01483240 0.01256940 0.01937680 0.05320731 0.02885480 0.00372882 0.00666803 0.03618191
117 0.06852220 0.05381650 0.04574830 0.04202630 0.01437420 0.14887500 0.08007420 0.05468910 0.02593680 0.03169030 0.06707100 0.08360030 0.02287290 0.03345530 0.02789070 0.06781260 0.04147870 0.00564158 0.02262370 0.06180030
118 0.12076502 0.02373340 0.02512200 0.00957419 0.01405380 0.02406210 0.02352920 0.23121403 0.01290720 0.02827870 0.04893231 0.01824510 0.09768681 0.03074970 0.02529150 0.06848201 0.14169602 0.01002400 0.00898997 0.03666291
119 0.05604780 0.02776000 0.02712450 0.01521570 0.00975820 0.02284270 0.02712670 0.03124950 0.01563690 0.13403200 0.25213601 0.03683460 0.04262560 0.04099350 0.01894660 0.05051670 0.03698570 0.00768428 0.01907400 0.12740900
120 0.30371704 0.02505000 0.02399870 0.03995131 0.02492900 0.02358310 0.04096921 0.07032371 0.01542140 0.04141141 0.05812791 0.02857060 0.02099940 0.02043680 0.02713770 0.11432201 0.05460101 0.00447997 0.01113080 0.05083891
121 0.30281979 0.02613238 0.02392798 0.04028857 0.02484838 0.02352838 0.04081217 0.07043385 0.01521519 0.04130737 0.05730846 0.02912318 0.02091809 0.01959929 0.02786048 0.11514892 0.05415086 0.00473610 0.01094579 0.05089476
122 0.06414878 0.06722638 0.02709429 0.03157619 0.01197370 0.02803699 0.03430799 0.26596394 0.01246400 0.02379109 0.04510039 0.05527129 0.01270940 0.01618770 0.16492596 0.06091389 0.04430279 0.00567353 0.00658221 0.02174949
123 0.04622119 0.02201899 0.11293696 0.02466189 0.00853775 0.02063099 0.02020289 0.03242299 0.00919934 0.20642694 0.10577597 0.02237519 0.03220409 0.04048049 0.03083109 0.06333318 0.11765796 0.00537972 0.01047350 0.06822888
124 0.04253913 0.01181721 0.01910961 0.00453223 0.00652958 0.00906035 0.00792600 0.01968071 0.00519257 0.24646518 0.24546118 0.01045601 0.05227104 0.04891254 0.01389751 0.03619253 0.05328604 0.00137785 0.01283161 0.15246111
125 0.04137271 0.01503211 0.01690021 0.00758874 0.01369820 0.01314690 0.01158190 0.01775411 0.01413321 0.16597906 0.22721808 0.01259170 0.03905911 0.02938661 0.01147450 0.03746401 0.02275321 0.01026940 0.01436511 0.27823110
126 0.04619823 0.02085231 0.02393452 0.01365721 0.00912345 0.02046891 0.01891291 0.02661782 0.03342692 0.09215706 0.10080507 0.02431172 0.09242226 0.16412611 0.01657581 0.03770652 0.04811453 0.01869311 0.12188808 0.07000745
127 0.06977828 0.04642929 0.04670139 0.03975059 0.01572940 0.12094396 0.06511838 0.04758279 0.02184799 0.02393269 0.05761508 0.05619708 0.01765749 0.02042499 0.02509069 0.19810894 0.06617088 0.00519240 0.00858810 0.04713959
128 0.05903313 0.04414382 0.16444007 0.05371752 0.01542761 0.04186342 0.05852173 0.06227793 0.02425031 0.03939052 0.07439403 0.06020273 0.02592801 0.03137981 0.02661281 0.08126383 0.04212502 0.00622487 0.02536171 0.06344113
129 0.04220698 0.00962275 0.01222990 0.00481523 0.00660947 0.00811323 0.00668897 0.01548709 0.00464209 0.25324591 0.27221390 0.00935551 0.05280558 0.04462278 0.00946959 0.03031859 0.02705249 0.00119233 0.01195670 0.17735093
130 0.05324388 0.02915109 0.04620668 0.12640795 0.01149730 0.04077678 0.06141087 0.03052459 0.03356569 0.03673428 0.07395007 0.03306839 0.02529419 0.02069939 0.05548208 0.08035117 0.02282739 0.00767123 0.01065410 0.20048291
131 0.05830918 0.22272493 0.03648959 0.03720819 0.01411210 0.04285179 0.05418708 0.07270328 0.01432010 0.02001319 0.05727288 0.09402577 0.02216479 0.02005399 0.04239219 0.07466478 0.05212798 0.00879103 0.01227900 0.04330819
132 0.04406641 0.01337050 0.01580480 0.00778370 0.01094370 0.01335320 0.01078950 0.01563000 0.01077580 0.18850303 0.26112604 0.01321620 0.04379271 0.03667421 0.01108530 0.03649321 0.02493720 0.00787296 0.01454650 0.21923503
133 0.08944233 0.03851307 0.04962926 0.25949680 0.01381189 0.03679497 0.13712889 0.05975425 0.02074348 0.02021208 0.03078368 0.04521346 0.01021699 0.01977768 0.03083908 0.06433835 0.02644818 0.00515828 0.01514469 0.02655258
134 0.02872491 0.02205950 0.02032590 0.01586890 0.02120930 0.02211750 0.07163841 0.02493020 0.03023251 0.01713290 0.20616704 0.02782751 0.01695960 0.03736991 0.01530760 0.04916011 0.03159221 0.09473092 0.03107201 0.21557304
135 0.05570072 0.02846881 0.02616071 0.01482911 0.01019960 0.02235921 0.02579891 0.03167221 0.01531871 0.13317605 0.25396810 0.03673582 0.04303952 0.04059442 0.01991101 0.05049842 0.03796642 0.00790509 0.01863811 0.12705905
136 0.02922018 0.01731409 0.02355398 0.01544029 0.00660119 0.01751609 0.01555289 0.01830779 0.03529078 0.06354106 0.05071117 0.02443748 0.02232638 0.23068884 0.01091099 0.02616538 0.02797858 0.01854729 0.30843979 0.03745577
137 0.05535266 0.02843998 0.02699308 0.01469349 0.00993124 0.02285528 0.02623408 0.03249647 0.01569409 0.13240890 0.25168880 0.03806037 0.04270267 0.04046977 0.02013068 0.05095996 0.03750207 0.00741893 0.01844559 0.12752190
138 0.04197232 0.02025291 0.02220331 0.01795551 0.00859673 0.02170441 0.02368491 0.02701861 0.02816511 0.07540284 0.07541394 0.02847631 0.02418331 0.23211111 0.01581141 0.04038382 0.04552192 0.01938651 0.18402409 0.04773092
139 0.07928974 0.05049822 0.03724272 0.04320752 0.01762641 0.03120921 0.06926323 0.30828214 0.01364681 0.03339862 0.04669172 0.03282191 0.01352651 0.01893841 0.03896422 0.07360523 0.04523292 0.00492295 0.01101690 0.03061461
140 0.03499089 0.00754959 0.01230739 0.00828185 0.00521763 0.01506829 0.01631639 0.01764359 0.00817110 0.19449892 0.13430094 0.01372509 0.03168029 0.19461492 0.00993084 0.03274699 0.03705378 0.00491430 0.14003794 0.08094927
141 0.18793005 0.02099971 0.02597831 0.01599450 0.01416780 0.02864151 0.02850411 0.04959841 0.02066591 0.06954272 0.08555502 0.02299371 0.13224204 0.02522211 0.02863831 0.07608952 0.05507322 0.00421152 0.01209200 0.09585953
142 0.05688171 0.02538141 0.02735801 0.01526010 0.01387350 0.02598421 0.02878201 0.02614871 0.02120241 0.12339403 0.14634104 0.02502211 0.03958861 0.02924481 0.02094341 0.05288401 0.03031041 0.00856644 0.01763000 0.26520307
143 0.07968749 0.05088679 0.03607549 0.04284539 0.01809680 0.03200119 0.07021259 0.30792295 0.01304610 0.03417589 0.04658359 0.03224079 0.01367120 0.01910120 0.03741349 0.07336769 0.04517399 0.00520166 0.01031630 0.03197939
144 0.27577913 0.03582672 0.02642501 0.04312222 0.02116461 0.03302362 0.04698112 0.04725972 0.02007301 0.01644161 0.04192572 0.09026204 0.01344251 0.01467811 0.03530542 0.15611507 0.03823352 0.00656917 0.00587785 0.03149382
145 0.34060515 0.01458971 0.02433131 0.00986297 0.04373772 0.01160600 0.01731431 0.15162507 0.00704410 0.01240091 0.02982621 0.01295041 0.00917327 0.00832670 0.01795841 0.19811509 0.06191703 0.00358992 0.00262611 0.02239961
146 0.04095210 0.00445400 0.00720708 0.00253136 0.00689795 0.00519796 0.00212564 0.00948542 0.00223791 0.27929402 0.26521302 0.00338115 0.05006620 0.03958030 0.00632767 0.02435830 0.02292210 0.00057408 0.01183770 0.21535602
147 0.29733596 0.01753790 0.02688340 0.02586240 0.03587499 0.01852540 0.03583759 0.06582199 0.01264000 0.01873960 0.03847059 0.01894530 0.01462140 0.01151620 0.02331570 0.24163397 0.05265419 0.00342076 0.00493988 0.03542280
148 0.06806617 0.02833939 0.02698669 0.01884249 0.01401059 0.02505569 0.03113799 0.36953286 0.00915709 0.11489696 0.05625248 0.01616039 0.01222350 0.02022139 0.02811089 0.07441767 0.04580478 0.00294633 0.00794846 0.02988819
149 0.04040012 0.00588350 0.00863456 0.00289634 0.00651271 0.00596128 0.00303701 0.01223850 0.00253744 0.28426911 0.26183810 0.00421824 0.05015432 0.04330402 0.00743982 0.02562811 0.02522781 0.00053590 0.01223000 0.19705308
150 0.04464920 0.01785290 0.01263150 0.00421096 0.00421720 0.00518614 0.00635598 0.00946127 0.00372130 0.22863699 0.26599399 0.00901103 0.11547800 0.03423010 0.01186140 0.03013940 0.02810430 0.00075185 0.01127750 0.15622900
151 0.06951350 0.03518610 0.03004390 0.02341000 0.00953879 0.02939560 0.03380280 0.04196840 0.01499840 0.05966460 0.10969600 0.04214770 0.12134800 0.02503720 0.15011999 0.05854230 0.04009030 0.00571375 0.01531730 0.08446540
152 0.05907341 0.22170202 0.03564590 0.03702530 0.01396980 0.04411390 0.05338531 0.07453191 0.01438360 0.01988030 0.05812531 0.09411341 0.02151550 0.02085260 0.04290070 0.07350981 0.05083051 0.00843780 0.01237270 0.04363020
153 0.08600810 0.06387150 0.03470470 0.04296320 0.01105090 0.03277360 0.03207280 0.08545360 0.01679150 0.03548980 0.06599620 0.05758730 0.02643870 0.02673180 0.18919499 0.07280860 0.03998690 0.00729845 0.01555480 0.05722260
154 0.04192587 0.02001579 0.02244299 0.01836389 0.00811164 0.02225289 0.02286119 0.02601608 0.02796518 0.07438145 0.07535455 0.02927218 0.02454248 0.23576085 0.01527219 0.03983277 0.04466087 0.01979109 0.18450788 0.04666817
155 0.30895776 0.01878149 0.02474738 0.01053669 0.03717187 0.01383819 0.01883899 0.19510085 0.00658856 0.01483729 0.03172947 0.01417439 0.01014339 0.00984844 0.01918448 0.17358186 0.06373915 0.00368132 0.00342395 0.02109448
156 0.05976697 0.04457388 0.16643591 0.05369577 0.01587249 0.04071788 0.05752367 0.06233457 0.02321959 0.03890328 0.07415316 0.06088367 0.02647709 0.03031438 0.02661919 0.08165926 0.04287748 0.00647582 0.02457709 0.06291887
157 0.04706151 0.01356090 0.01501140 0.00489159 0.00655658 0.00669339 0.00549149 0.00917372 0.00471846 0.21020007 0.26736708 0.00806863 0.09081413 0.03379561 0.01207710 0.03111821 0.02762271 0.00239023 0.01199510 0.19139206
158 0.02448479 0.01427389 0.01794189 0.03845509 0.00525187 0.01452179 0.01079620 0.01552239 0.03694659 0.03113219 0.03454879 0.02581699 0.01803479 0.29215289 0.00903990 0.02323489 0.02778699 0.02623849 0.31369188 0.02012769
159 0.03718739 0.00298628 0.00699959 0.00279226 0.00939882 0.00591374 0.00302925 0.01266060 0.00251406 0.31909994 0.20437096 0.00317512 0.03772469 0.02841889 0.00641679 0.02058210 0.02261510 0.00051348 0.01256200 0.26103895
160 0.03107890 0.09914530 0.09931590 0.03597090 0.00521745 0.12635201 0.09148420 0.02578020 0.01226700 0.01257150 0.05695340 0.23873201 0.01484610 0.01320300 0.01862260 0.04442520 0.03338600 0.00152539 0.00669602 0.03242690
161 0.03015888 0.01719369 0.02388929 0.01611309 0.00656600 0.01839169 0.01622249 0.01913819 0.03469318 0.06328406 0.05138547 0.02434099 0.02217459 0.22852486 0.01108909 0.02705738 0.02788878 0.01859409 0.30627782 0.03701638
162 0.02979011 0.01664970 0.02332220 0.01581680 0.00655822 0.01802620 0.01664590 0.01828910 0.03426621 0.06455301 0.05087371 0.02445830 0.02233630 0.22925304 0.01077480 0.02727060 0.02812651 0.01801700 0.30720306 0.03776921
163 0.17887194 0.03020469 0.01763849 0.33204789 0.00367395 0.01599749 0.22440193 0.01345230 0.00822198 0.01012180 0.01578909 0.03272249 0.00313515 0.00395512 0.00816735 0.06544978 0.02624349 0.00122151 0.00137091 0.00731265
164 0.03779242 0.00335235 0.00736180 0.00296700 0.00908389 0.00610287 0.00345480 0.01236381 0.00254896 0.31592318 0.20963912 0.00331891 0.03950122 0.03045152 0.00659219 0.02160161 0.02347771 0.00049957 0.01310191 0.25086514
165 0.11199901 0.03238800 0.04157850 0.29453003 0.00895285 0.02761150 0.21694602 0.05510590 0.01958750 0.01383350 0.01993330 0.04154350 0.00432540 0.00683416 0.01004820 0.05587751 0.02264400 0.00155672 0.00308478 0.01161960
166 0.04145150 0.00770408 0.01116360 0.00413896 0.00670261 0.00760364 0.00546780 0.01532480 0.00365717 0.27133499 0.25955699 0.00680651 0.05090540 0.04650740 0.00902262 0.02820410 0.02717620 0.00085494 0.01370970 0.18270700
167 0.10911910 0.03643833 0.02451892 0.02422112 0.02072782 0.02181782 0.03926524 0.27669826 0.01010221 0.02555462 0.03734943 0.01744582 0.00928773 0.01305451 0.02425032 0.21183120 0.06667596 0.00429158 0.00495337 0.02239662
168 0.04224979 0.15493398 0.03536729 0.01669120 0.01494910 0.03374829 0.03741799 0.03310989 0.03200419 0.03112130 0.08422939 0.05330499 0.03346359 0.02039960 0.02888050 0.06575209 0.03088210 0.00789406 0.01579170 0.22780896
169 0.06708243 0.05373832 0.04731622 0.04151062 0.01388051 0.14984706 0.07897723 0.05536042 0.02595861 0.03196091 0.06692523 0.08282053 0.02276541 0.03333431 0.02735771 0.06791363 0.04209442 0.00584671 0.02269891 0.06261082
170 0.03852743 0.02027311 0.02520682 0.01168251 0.01075941 0.02508852 0.01231001 0.02064351 0.03139892 0.09224636 0.22661716 0.02767702 0.03109032 0.08517806 0.01881121 0.03139092 0.02489122 0.02076131 0.13942010 0.10602607
171 0.05907252 0.22089909 0.03549221 0.03734002 0.01452511 0.04315872 0.05543032 0.07481813 0.01461991 0.02035631 0.05807552 0.09334334 0.02207211 0.02095081 0.04203892 0.07353703 0.05068452 0.00845709 0.01257671 0.04255162
172 0.04121352 0.00451923 0.00704859 0.00255448 0.00689476 0.00512868 0.00219727 0.00948982 0.00232091 0.27800215 0.26597915 0.00313845 0.05081163 0.03924642 0.00658614 0.02458191 0.02304001 0.00061803 0.01182571 0.21480312
173 0.08947646 0.03684568 0.04976358 0.25808089 0.01323539 0.03642578 0.13796194 0.05979227 0.02107989 0.02073639 0.03239949 0.04540688 0.01010930 0.02018609 0.02976759 0.06465617 0.02641219 0.00538262 0.01546609 0.02681529
174 0.06575472 0.04354411 0.04502321 0.10583003 0.00943845 0.05388621 0.22967006 0.08636832 0.02857311 0.02226731 0.04395761 0.06089512 0.01350790 0.02068831 0.01785860 0.06289762 0.03326391 0.00527150 0.01141080 0.03989311
175 0.09089366 0.03780862 0.04968523 0.25959517 0.01301891 0.03572132 0.13685609 0.05982764 0.02077431 0.02049191 0.03203122 0.04506123 0.01031371 0.01986791 0.02968592 0.06488164 0.02651222 0.00579854 0.01485541 0.02631932
176 0.06892965 0.05141454 0.06234795 0.22455218 0.01375771 0.04437803 0.12964210 0.06853575 0.02135522 0.01532951 0.02912222 0.10209108 0.01033341 0.01577611 0.02397952 0.05615234 0.02481502 0.00645633 0.01137551 0.01965582
177 0.05675266 0.02526928 0.02745938 0.01488769 0.01435039 0.02493988 0.02816478 0.02620348 0.02069459 0.12477291 0.14642889 0.02538058 0.04059037 0.02857428 0.02015689 0.05275416 0.03071418 0.00828301 0.01658679 0.26703581
178 0.22187310 0.01464591 0.02127631 0.01257001 0.10480705 0.02410281 0.01616361 0.05190872 0.01284991 0.04276282 0.07210223 0.01374191 0.03159701 0.01301941 0.02009351 0.11066905 0.05693853 0.00483513 0.00680293 0.14724006
179 0.04630511 0.02465350 0.04422851 0.05744001 0.00650402 0.13972203 0.28421305 0.07032811 0.02730210 0.01676260 0.04103791 0.06844181 0.01115450 0.01540480 0.01960390 0.04950811 0.02385230 0.00232351 0.00446709 0.04674701
