1 0.24165909 0.02101791 0.01921041 0.03012981 0.13024005 0.02879111 0.02872591 0.05103002 0.01262020 0.04929622 0.05253432 0.02639331 0.01256560 0.02545321 0.02869561 0.15991106 0.02439991 0.00733241 0.02128721 0.02870661
2 0.32216104 0.04250360 0.03146030 0.03227730 0.01206750 0.02227910 0.03577040 0.04324540 0.02158360 0.08011921 0.08797361 0.03103180 0.01783400 0.03294520 0.02415330 0.04977951 0.03525270 0.00703679 0.02763420 0.04289140
3 0.18251996 0.02586749 0.02139480 0.02486349 0.01491160 0.02042230 0.03242429 0.03851449 0.01851680 0.07820618 0.07418618 0.02768859 0.01881420 0.03394689 0.03042439 0.24220994 0.02866789 0.00668423 0.02151080 0.05822549
4 0.04230142 0.04414662 0.03304612 0.03371562 0.00801885 0.02698231 0.03537422 0.04951052 0.01399171 0.05745553 0.07154834 0.03748732 0.02050711 0.03203402 0.02173121 0.09147945 0.02511751 0.00459145 0.02592251 0.32503816
5 0.22630379 0.03338997 0.01993498 0.02898947 0.00734639 0.01559799 0.02888877 0.03635177 0.02045628 0.18277483 0.16883784 0.02157758 0.01913798 0.02340798 0.01614778 0.03956476 0.02093808 0.00526594 0.01901278 0.06607504
6 0.06138698 0.04933929 0.02448189 0.03786729 0.01447020 0.02659289 0.04008839 0.05646819 0.01649360 0.05355419 0.07860328 0.04018289 0.01945060 0.05357099 0.02883069 0.04616389 0.27246093 0.00829545 0.03039749 0.04130089
7 0.05456547 0.03216718 0.02070709 0.02400589 0.01225949 0.02295539 0.03523398 0.03898638 0.01264299 0.08527445 0.06710356 0.03434348 0.02273209 0.03510908 0.02439109 0.30041483 0.03496278 0.00654505 0.02314479 0.11245494
8 0.05627640 0.04400070 0.03305060 0.05141600 0.02112620 0.02351370 0.03836030 0.05261590 0.01997010 0.06842850 0.08094020 0.22198400 0.01935900 0.03791200 0.02855790 0.05196790 0.03969780 0.01662360 0.03069870 0.06350050
9 0.06292941 0.04706811 0.04459101 0.03643191 0.01408410 0.02453431 0.19305004 0.06689011 0.02445221 0.06617221 0.09852592 0.03744211 0.02115570 0.04154461 0.02619041 0.05398671 0.03958661 0.00739609 0.03319201 0.06077641
10 0.04449880 0.03052820 0.01675340 0.02599300 0.00910902 0.02020810 0.03245270 0.03486450 0.01345960 0.08216380 0.06360500 0.02913070 0.01440910 0.03795170 0.02039740 0.29738401 0.12636600 0.00608235 0.02554950 0.06909310
11 0.03498649 0.12909098 0.02074240 0.02272140 0.00811752 0.02231020 0.04030759 0.03207869 0.01062710 0.06003349 0.05624639 0.03570969 0.02403490 0.03233319 0.02022230 0.28415495 0.02819289 0.00544797 0.02306590 0.10957598
12 0.08993977 0.03579089 0.02920819 0.04081869 0.01396870 0.02993279 0.04355099 0.05169768 0.01863689 0.25392392 0.06784468 0.04366739 0.01629489 0.03286759 0.02844239 0.07652268 0.03641459 0.00824091 0.02755079 0.05468558
13 0.06754126 0.05157167 0.17491889 0.02861718 0.01212519 0.02103789 0.04809327 0.04784107 0.01533899 0.05332987 0.07457385 0.04253767 0.02257589 0.04281757 0.03316128 0.03971857 0.14169491 0.00756384 0.02461028 0.05033087
14 0.07354985 0.02998152 0.02468202 0.03444122 0.00995650 0.01873461 0.04287683 0.04512703 0.02261101 0.14678309 0.27169917 0.03146472 0.02076601 0.02606572 0.02020391 0.04553803 0.02961182 0.00611108 0.02561642 0.07417945
15 0.03806330 0.03190470 0.02080350 0.02865470 0.01132390 0.01399720 0.03033500 0.05640610 0.01383430 0.02887190 0.03832040 0.02292450 0.34884001 0.02820150 0.03000180 0.05125210 0.02024460 0.00401706 0.13424301 0.04776040
16 0.05390098 0.02230979 0.02392569 0.03414429 0.01124720 0.01604509 0.03972818 0.03221509 0.01881409 0.02995839 0.35766185 0.03124339 0.00852246 0.04640858 0.02230659 0.03504039 0.02788809 0.00509486 0.15034294 0.03320209
17 0.06644261 0.03923471 0.03468701 0.03641941 0.01669590 0.02970720 0.04245141 0.05112591 0.01478540 0.06936971 0.08093231 0.04616361 0.03677331 0.03581501 0.18754703 0.06029811 0.04721771 0.00962084 0.03309061 0.06162221
18 0.04619982 0.03940062 0.02706671 0.03135752 0.00990352 0.01682111 0.03113252 0.06250573 0.01209881 0.04059382 0.06217133 0.02980832 0.35490818 0.02528461 0.03491402 0.05650233 0.02832381 0.00361407 0.02832131 0.05907183
19 0.16029602 0.03526550 0.03977400 0.11673701 0.00909499 0.01679800 0.12385301 0.02669990 0.01769950 0.05011101 0.07061791 0.02295300 0.01398800 0.12503301 0.01837090 0.04178610 0.02740940 0.01002080 0.03852830 0.03496360
20 0.06260069 0.04658649 0.04376059 0.03568929 0.01361540 0.02335440 0.19319997 0.06480109 0.02458730 0.06894699 0.09950658 0.03880769 0.02313090 0.04188309 0.02630430 0.05353289 0.04021199 0.00731537 0.03211549 0.06004949
21 0.05797167 0.03789878 0.02250689 0.16342592 0.01938909 0.02564609 0.03123098 0.03802728 0.01249469 0.07453756 0.08581206 0.04292818 0.02460709 0.04250788 0.02873019 0.14197593 0.03907418 0.01004759 0.02958839 0.07159956
22 0.06444260 0.04860190 0.02511390 0.18200900 0.01728800 0.02895910 0.04142720 0.04213060 0.01639390 0.07902930 0.09619610 0.06073150 0.02503500 0.03987490 0.02598180 0.04644970 0.04787790 0.01169080 0.03027810 0.07048870
23 0.07424678 0.22565695 0.03374009 0.04265609 0.01229910 0.02167970 0.04693059 0.04907459 0.01279140 0.05828259 0.07800558 0.04317839 0.02733499 0.04236779 0.02579209 0.04889559 0.04899259 0.00577401 0.02964129 0.07265978
24 0.05115959 0.03820059 0.02295819 0.03032049 0.01245110 0.01928750 0.03553229 0.05252569 0.01227220 0.04446029 0.06185409 0.02819559 0.22824695 0.02472029 0.03127589 0.04836669 0.02945239 0.00346773 0.16663896 0.05861349
25 0.32586782 0.04235208 0.03156818 0.03144168 0.01195759 0.02147299 0.03606068 0.04295958 0.02226219 0.08193625 0.08797235 0.03041178 0.01843029 0.03323558 0.02248969 0.04856777 0.03365558 0.00707635 0.02792848 0.04235308
26 0.03912238 0.03363698 0.02822519 0.02683719 0.01218279 0.01528069 0.02514049 0.03661478 0.01453989 0.05103807 0.06915017 0.18731991 0.01641419 0.13512393 0.02158479 0.15449792 0.03104538 0.01586609 0.03479558 0.05158357
27 0.05443850 0.04388370 0.03308020 0.05149650 0.01981390 0.02218640 0.03889470 0.05082700 0.01943690 0.06770000 0.08308200 0.22087100 0.01982290 0.03814330 0.02863540 0.05277470 0.03996260 0.01650980 0.03036600 0.06807450
28 0.32635387 0.04226748 0.03072249 0.03241429 0.01111210 0.02075699 0.03626949 0.04348458 0.02224149 0.08291427 0.08825156 0.03154149 0.01845689 0.03235099 0.02265389 0.04762538 0.03368879 0.00725460 0.02715009 0.04248928
29 0.07144569 0.03531220 0.03037350 0.03753240 0.01219650 0.02108270 0.04635439 0.04697579 0.02218900 0.05590779 0.32003296 0.04097610 0.01838710 0.03006140 0.02392040 0.04685159 0.03861640 0.00653591 0.03450230 0.06074589
30 0.06971698 0.04961219 0.03865779 0.03781639 0.01156620 0.02674539 0.04876819 0.05230388 0.01692659 0.06315658 0.07328018 0.04434669 0.02005399 0.19367294 0.02494549 0.06043318 0.06148928 0.01088930 0.03084509 0.06477368
31 0.04630283 0.04258323 0.02778272 0.14149410 0.01555951 0.02688572 0.04162833 0.03886393 0.01349931 0.06617625 0.06975055 0.05001714 0.02829802 0.04115023 0.15896211 0.05082944 0.04251443 0.01404361 0.03217062 0.05148794
32 0.06019360 0.02916990 0.02079480 0.02597720 0.01199240 0.01975370 0.04060500 0.12117200 0.00933683 0.05854910 0.05145510 0.03122070 0.02520940 0.02968300 0.12819900 0.21760100 0.02470560 0.00768539 0.02211470 0.06458160
33 0.14098197 0.03210009 0.15026896 0.03347469 0.00875363 0.02270119 0.04826439 0.04407809 0.01525830 0.03217869 0.05551689 0.03695659 0.01747210 0.03405839 0.02225249 0.04697219 0.03096869 0.00528591 0.02396179 0.19849495
34 0.05911541 0.02657461 0.02135150 0.03755801 0.00910125 0.02713271 0.03760401 0.05831631 0.01904890 0.26693105 0.06855921 0.03835601 0.01610760 0.02826781 0.02282350 0.06993211 0.02968741 0.00544555 0.02128600 0.13680103
35 0.05439087 0.03146949 0.02170339 0.02596589 0.01287299 0.02198319 0.03689178 0.03604878 0.01309659 0.08477346 0.06832297 0.03476538 0.02290939 0.03605978 0.02605169 0.29718186 0.03441218 0.00662986 0.02395249 0.11051795
36 0.03670161 0.14533706 0.02299521 0.02532761 0.00879605 0.02313441 0.04331692 0.03396411 0.01173820 0.06056862 0.06028822 0.04110302 0.02788221 0.03503701 0.02126331 0.23665409 0.02754011 0.00495927 0.02513491 0.10825804
37 0.18719392 0.02176749 0.02563369 0.02248349 0.01470749 0.01639069 0.03281819 0.14001394 0.01847339 0.06073078 0.05867678 0.02556599 0.01708409 0.02772959 0.02406899 0.20716192 0.02743959 0.00774931 0.02079249 0.04351818
38 0.06627971 0.04808961 0.02511331 0.18125904 0.01816380 0.02966771 0.04260801 0.04310811 0.01655210 0.07929562 0.09291182 0.06107091 0.02393200 0.03967431 0.02644471 0.04718491 0.04502721 0.01183750 0.03067091 0.07110871
39 0.32365806 0.04060641 0.03167591 0.03263871 0.01218820 0.02119350 0.03689311 0.04474301 0.02175000 0.08191702 0.08712312 0.03073541 0.01736150 0.03218711 0.02407200 0.05071671 0.03335721 0.00722161 0.02740291 0.04255851
40 0.05373211 0.03013740 0.02057320 0.02585620 0.01252810 0.02192570 0.03483421 0.03791551 0.01268890 0.08459531 0.06714601 0.03444881 0.02443400 0.03463781 0.02647980 0.30048605 0.03502171 0.00684885 0.02391830 0.11179202
41 0.36581131 0.02383852 0.02494742 0.02326452 0.01183611 0.01696701 0.02576472 0.03979993 0.02595012 0.07488796 0.06304195 0.02142872 0.01266321 0.02697282 0.02157462 0.13784512 0.02728372 0.00600437 0.02008702 0.03003083
42 0.26392586 0.04041138 0.03046268 0.03298098 0.00953063 0.01809609 0.03509888 0.03061568 0.01729899 0.06527076 0.08094436 0.02975468 0.02100549 0.14537592 0.01797579 0.03960038 0.03756428 0.01233869 0.03283308 0.03891538
43 0.32756107 0.03239741 0.02154200 0.02594671 0.00650831 0.01486820 0.02397641 0.02992291 0.01915230 0.19450604 0.08352882 0.02294071 0.01791410 0.02423021 0.01677460 0.03465661 0.02135160 0.00557247 0.02025240 0.05639711
44 0.06171579 0.04871899 0.02392550 0.03716149 0.01554970 0.02666680 0.04069349 0.05735979 0.01650690 0.05251939 0.07756979 0.04167749 0.02024820 0.05163519 0.02919689 0.04571329 0.27103695 0.00928598 0.02996929 0.04284909
45 0.04150969 0.03095969 0.02440100 0.03300209 0.00735084 0.02630240 0.03284889 0.04843489 0.01696680 0.14322597 0.07882099 0.03397259 0.01757640 0.03013359 0.01913000 0.08497928 0.02475130 0.00449134 0.02122530 0.27991695
46 0.06466328 0.04644589 0.02533069 0.17947995 0.01934999 0.02999689 0.04179999 0.04148049 0.01661600 0.07912248 0.09601037 0.06173298 0.02435509 0.04110889 0.02590289 0.04606789 0.04547579 0.01229190 0.03171219 0.07105638
47 0.04848921 0.19415803 0.03227710 0.03732680 0.03390000 0.02346080 0.03665190 0.04110551 0.01132940 0.04375691 0.05783101 0.20276703 0.02662550 0.03549400 0.02146390 0.03504700 0.03679980 0.00727007 0.02194210 0.05230391
48 0.05214443 0.02990662 0.02167941 0.02492062 0.01270431 0.02264551 0.03478852 0.03684272 0.01269731 0.08617855 0.06729104 0.03446952 0.02211361 0.03454642 0.02670652 0.30191018 0.03415212 0.00646039 0.02462212 0.11322007
49 0.04330749 0.03982379 0.02686700 0.03841519 0.01110010 0.02927820 0.12509098 0.03931149 0.01862430 0.03225709 0.27787695 0.12966698 0.01650570 0.02068510 0.01643180 0.03780079 0.03133879 0.00591757 0.02316950 0.03653119
50 0.04555557 0.03886707 0.02573058 0.03763567 0.01375169 0.01727229 0.03447968 0.04607287 0.01667549 0.04634647 0.06201046 0.18698187 0.02401648 0.03788047 0.02825488 0.02993478 0.24015284 0.00931766 0.02538888 0.03367428
51 0.05452054 0.03112592 0.02092952 0.02508752 0.01169031 0.02244552 0.03449103 0.03645103 0.01270621 0.08243076 0.06892045 0.03326963 0.02310342 0.03411473 0.02565482 0.30498423 0.03363273 0.00665534 0.02304522 0.11474109
52 0.04800126 0.19622285 0.03230048 0.03797697 0.03395317 0.02375318 0.03564177 0.04109907 0.01125209 0.04203317 0.05768866 0.20454785 0.02680538 0.03447017 0.02130528 0.03559757 0.03610787 0.00710163 0.02231968 0.05182186
53 0.08985761 0.03530540 0.02777850 0.04220770 0.01378300 0.03076330 0.04399090 0.05247871 0.01830590 0.25683203 0.06649101 0.04352780 0.01680580 0.03273180 0.02870750 0.07661671 0.03569370 0.00778300 0.02665450 0.05368511
54 0.05404257 0.03115638 0.02139089 0.02582349 0.01226079 0.02257239 0.03532728 0.03703918 0.01290659 0.08544865 0.06720066 0.03479228 0.02367519 0.03472668 0.02533749 0.29842383 0.03403568 0.00677867 0.02400639 0.11305494
55 0.04471566 0.12515189 0.02993097 0.03305387 0.01834248 0.01961548 0.03428097 0.16273185 0.01057329 0.05070815 0.05983915 0.17241084 0.02134648 0.03669957 0.02048138 0.03992326 0.03699027 0.00792740 0.02265938 0.05261765
56 0.05527949 0.02998080 0.02443560 0.02428420 0.01109910 0.02097180 0.13551399 0.03845490 0.01414050 0.18379998 0.05839399 0.02468580 0.01610740 0.02836530 0.02282390 0.17836798 0.03583670 0.00563271 0.02091830 0.07090759
57 0.04600682 0.03600761 0.02053611 0.04089852 0.01461191 0.02315961 0.03739721 0.05300452 0.01531101 0.17074706 0.06913603 0.03690031 0.02118881 0.03918281 0.02731671 0.03777841 0.22118808 0.00762812 0.02837991 0.05362042
58 0.24275801 0.03092290 0.02984360 0.10977101 0.01489220 0.01789260 0.04189430 0.13299801 0.01757850 0.06181820 0.06298180 0.02972610 0.01291690 0.02842920 0.01899990 0.04800980 0.03054440 0.00723824 0.02542100 0.03536330
59 0.04578279 0.02869779 0.01927430 0.02995199 0.01108740 0.02140170 0.03304199 0.04255699 0.01833420 0.13779997 0.05514369 0.03009559 0.01781180 0.04921849 0.02655969 0.04315619 0.13468297 0.00602243 0.20422895 0.04515109
60 0.06051436 0.02927158 0.02412408 0.03684557 0.00935313 0.02772728 0.03898767 0.05692576 0.01910229 0.23124483 0.07727354 0.03891377 0.01753599 0.02965728 0.02319408 0.07120035 0.03095878 0.00628329 0.02184948 0.14903689
61 0.07165872 0.03479651 0.02956371 0.03741711 0.01174580 0.02016830 0.04775881 0.04630451 0.02238520 0.05646921 0.32611207 0.03939601 0.01840120 0.03003221 0.02283961 0.04572281 0.03714521 0.00647518 0.03362541 0.06198241
62 0.05514279 0.03584949 0.02675539 0.02776719 0.01015400 0.01259550 0.03417999 0.04466719 0.01558220 0.15522896 0.19982595 0.02400059 0.12434997 0.03389789 0.02390169 0.03441799 0.02637419 0.00467685 0.01998590 0.09064628
63 0.06115878 0.02989169 0.02418369 0.03783848 0.00929471 0.02811479 0.03817178 0.05639538 0.01941659 0.23166191 0.07686877 0.03895778 0.01723039 0.03005479 0.02282649 0.07040057 0.03057009 0.00573839 0.02221599 0.14900894
64 0.15976992 0.04698038 0.03735768 0.11822694 0.00906923 0.01616489 0.17068392 0.03414058 0.01831269 0.06183127 0.09153806 0.02678029 0.01373109 0.03727198 0.02158009 0.03545338 0.02654139 0.00606495 0.03058609 0.03791518
65 0.03891579 0.02956359 0.01855090 0.04017839 0.17146497 0.03997019 0.03290629 0.04327869 0.01495340 0.04626199 0.05669269 0.03823589 0.01598510 0.02839149 0.02134690 0.03386909 0.27488095 0.00763638 0.01982320 0.02709410
66 0.22572274 0.02257177 0.02267087 0.02534847 0.01531968 0.03568606 0.02998887 0.03148616 0.10022689 0.05287274 0.08283021 0.02804027 0.01377828 0.03685976 0.01763268 0.03791986 0.02710547 0.00540983 0.15886682 0.02966257
67 0.14764091 0.03040858 0.02726418 0.02622738 0.01793729 0.14083792 0.03244888 0.03345438 0.01574299 0.06794996 0.06710746 0.02767268 0.01707959 0.03084318 0.02717148 0.17646490 0.02599868 0.00777789 0.02428549 0.05568617
68 0.06012990 0.04065140 0.02921290 0.16820999 0.01350300 0.02210830 0.16353199 0.03756170 0.01898380 0.07088480 0.10124600 0.04409220 0.01625890 0.03420260 0.01914690 0.03477930 0.03154620 0.00738534 0.03273960 0.05382520
69 0.09004939 0.03533500 0.02896300 0.04313690 0.01348550 0.02973460 0.04369780 0.05163560 0.01901000 0.25591798 0.06688109 0.04418820 0.01655660 0.03225860 0.02839330 0.07538999 0.03637030 0.00777729 0.02765670 0.05356220
70 0.05535513 0.02662511 0.02966671 0.10937905 0.01213981 0.02213951 0.11138605 0.03472272 0.01282461 0.17732608 0.05873173 0.02803561 0.01548831 0.02773981 0.02095941 0.12993406 0.03814662 0.00579873 0.02219191 0.06140903
71 0.04703548 0.03959778 0.02722709 0.03060458 0.01086889 0.01691399 0.03268508 0.06121537 0.01228899 0.04178978 0.06116377 0.02997548 0.35028982 0.02546199 0.03563028 0.05600467 0.02869979 0.00357762 0.02948478 0.05948477
72 0.04376308 0.02999579 0.02378259 0.04489448 0.00898334 0.02604359 0.03047699 0.05236307 0.01449839 0.22459989 0.04154008 0.15750292 0.01287739 0.02339229 0.02375929 0.04817808 0.03491188 0.00832075 0.02030819 0.12980794
73 0.30344296 0.04545449 0.04242059 0.03987000 0.00828733 0.01816680 0.12881098 0.03536010 0.02015300 0.06345429 0.07008389 0.02842230 0.01352340 0.03423090 0.02337870 0.03392470 0.02821390 0.00664949 0.02717210 0.02898010
74 0.06166643 0.04826882 0.02390421 0.03891652 0.01484351 0.02624111 0.04081602 0.05787102 0.01648761 0.05322772 0.07983003 0.04053612 0.01977471 0.05194792 0.02890521 0.04544932 0.27156811 0.00849029 0.03011101 0.04114432
75 0.04607758 0.03085779 0.03965288 0.02285859 0.01051640 0.01781999 0.19739991 0.20356491 0.03579918 0.05909777 0.08483426 0.02503559 0.01985559 0.03267628 0.01927569 0.04076348 0.03257769 0.00580316 0.02318599 0.05234728
76 0.15819988 0.04438817 0.03489347 0.03120058 0.01357569 0.02007138 0.14914288 0.04347477 0.01814549 0.05700616 0.07649374 0.12303390 0.01460619 0.03652097 0.02388528 0.03967577 0.03954037 0.00906027 0.02814848 0.03893657
77 0.32433585 0.04168418 0.03127499 0.03174149 0.01201089 0.02206799 0.03617708 0.04259958 0.02227839 0.08033026 0.08706936 0.03138819 0.01803919 0.03285918 0.02380329 0.04972608 0.03397208 0.00755147 0.02834949 0.04274098
78 0.08890746 0.03491078 0.02859229 0.04296038 0.01452869 0.03088009 0.04369548 0.05191598 0.01832939 0.25633688 0.06640197 0.04386328 0.01695619 0.03161439 0.02906349 0.07653196 0.03532198 0.00805626 0.02686089 0.05427218
79 0.07012701 0.03518190 0.02994690 0.03789400 0.01173000 0.02167250 0.04694991 0.04504181 0.02189580 0.05382881 0.32394604 0.04170961 0.01850530 0.02995830 0.02312610 0.04888901 0.03729010 0.00664917 0.03506080 0.06059691
80 0.05077281 0.03282360 0.02489880 0.02693450 0.01098210 0.02160090 0.04394521 0.15547602 0.01442710 0.06639931 0.06570981 0.03733310 0.02735080 0.03362460 0.02286290 0.21826803 0.02817560 0.00733628 0.02433880 0.08673971
81 0.06296248 0.04865179 0.03003049 0.04519609 0.17679795 0.05460609 0.04606609 0.04940049 0.01709060 0.06384298 0.07358158 0.06935698 0.01896259 0.03226379 0.03101949 0.05447629 0.04415129 0.00950997 0.03148689 0.04054609
82 0.08162107 0.03177639 0.02551969 0.03790109 0.01180120 0.02358209 0.04456248 0.04938888 0.02310649 0.22176592 0.17154194 0.03462469 0.01892169 0.02973069 0.02239169 0.05319608 0.02929709 0.00706227 0.02439099 0.05781758
83 0.05357067 0.04082998 0.01813869 0.03266638 0.01059249 0.02386239 0.03342528 0.04516658 0.01292009 0.04882398 0.06110527 0.02916509 0.01380029 0.05112327 0.02343759 0.14059793 0.28833386 0.00688069 0.02876779 0.03679168
84 0.32331698 0.04217790 0.03164370 0.03254430 0.01144970 0.02203160 0.03610110 0.04433040 0.02243990 0.08123490 0.08668000 0.03075450 0.01840490 0.03310880 0.02274330 0.04945520 0.03422760 0.00745465 0.02739960 0.04250100
85 0.05652415 0.01961378 0.01765738 0.02729598 0.00577153 0.01274319 0.03215067 0.04038177 0.02184838 0.16055686 0.29157975 0.01955668 0.03059457 0.02335748 0.01410999 0.03080237 0.01644009 0.00351812 0.01636639 0.15913086
86 0.22547583 0.03269848 0.02015629 0.02891128 0.00748151 0.01579089 0.02916298 0.03681927 0.02102078 0.18441586 0.16778388 0.02168378 0.01835149 0.02293678 0.01522829 0.03871117 0.02145118 0.00512342 0.01981379 0.06698305
87 0.06123140 0.03662400 0.02454520 0.02579390 0.01186570 0.02366090 0.04006640 0.20683000 0.01254690 0.06150440 0.06816430 0.03640390 0.03215290 0.03086530 0.13770700 0.04354400 0.04864820 0.00661918 0.02834640 0.06288000
88 0.31020890 0.03254359 0.13480796 0.03016269 0.00797298 0.01870769 0.04632639 0.04034239 0.02073879 0.05936908 0.06392508 0.03106739 0.01291470 0.03162379 0.01933629 0.05012108 0.02793489 0.00593823 0.02357219 0.03238589
89 0.06219097 0.04770778 0.02417599 0.03884198 0.01512529 0.02750169 0.03976758 0.05648858 0.01587919 0.05462268 0.07985147 0.04147398 0.01979639 0.05179008 0.02838329 0.04582028 0.27161489 0.00843031 0.02873189 0.04180568
90 0.07205332 0.03565511 0.02949551 0.03703071 0.01205000 0.02085810 0.04772911 0.04624411 0.02227230 0.05351121 0.32531707 0.03970651 0.01789600 0.03054041 0.02277320 0.04728591 0.03661071 0.00687779 0.03522311 0.06086981
91 0.06441409 0.04543929 0.04428329 0.03601179 0.01517730 0.02460690 0.19250297 0.06685249 0.02475660 0.06707899 0.09913229 0.03837839 0.02092500 0.04051749 0.02591670 0.05338479 0.04049239 0.00685654 0.03319490 0.06007779
92 0.32662988 0.04207048 0.03110939 0.03208479 0.01167720 0.02053029 0.03632109 0.04320668 0.02201759 0.08065807 0.08694687 0.03142479 0.01812809 0.03263099 0.02286839 0.04957408 0.03466419 0.00731307 0.02715589 0.04298818
93 0.04073839 0.04357849 0.03268059 0.03346329 0.00815322 0.02800519 0.03474779 0.04842259 0.01372970 0.05625278 0.06952368 0.03903079 0.01911889 0.03208989 0.02195229 0.09279917 0.02531169 0.00482818 0.02406549 0.33150790
94 0.04118723 0.03869383 0.02820532 0.03997373 0.01775291 0.02390782 0.18340415 0.04871674 0.01734631 0.05449854 0.07968317 0.20360217 0.01448031 0.03271083 0.02053572 0.04076843 0.03468483 0.00954419 0.02728422 0.04301954
95 0.05533480 0.02534920 0.02513300 0.03206680 0.01072040 0.01676100 0.04795340 0.04791280 0.11672199 0.04134950 0.22757998 0.03477400 0.01239650 0.11684799 0.01725250 0.03838080 0.03638080 0.00684088 0.05081010 0.03943360
96 0.04773380 0.17186100 0.02450650 0.03672420 0.01005220 0.02493390 0.03244020 0.05027720 0.01165070 0.03649610 0.06224810 0.04435590 0.01862460 0.04992100 0.03001790 0.03383150 0.25619400 0.00566501 0.02214710 0.03031910
97 0.05450293 0.03049561 0.02114301 0.02537151 0.01198641 0.02259441 0.03499432 0.03640282 0.01247791 0.08400724 0.06831083 0.03475222 0.02287841 0.03491642 0.02596541 0.30024414 0.03468192 0.00646584 0.02417161 0.11363705
98 0.06352104 0.04345616 0.02577878 0.17137985 0.01456599 0.02633628 0.11913589 0.03850967 0.01832668 0.07301893 0.10220191 0.05379875 0.01881888 0.03534907 0.02246018 0.03806267 0.03396967 0.01010879 0.03231807 0.05888275
99 0.06497493 0.04690902 0.02574241 0.18059307 0.01814481 0.03077881 0.04242932 0.04126502 0.01605651 0.07849493 0.09565614 0.06043082 0.02549821 0.03987902 0.02586761 0.04706322 0.04686732 0.01158620 0.03078011 0.07098253
100 0.07290243 0.03434012 0.03019831 0.03750362 0.01172211 0.02165561 0.04763522 0.04595542 0.02198431 0.05383612 0.32055515 0.04015642 0.01792931 0.03067011 0.02332961 0.04920632 0.03770572 0.00648584 0.03389622 0.06233203
101 0.05422130 0.03056210 0.02068600 0.02482920 0.01254910 0.02337710 0.03480890 0.03639640 0.01347250 0.08362430 0.06862050 0.03530330 0.02181840 0.03438550 0.02616370 0.29831300 0.03547560 0.00642709 0.02378000 0.11518600
102 0.17419415 0.02814362 0.02218742 0.02948053 0.00606529 0.01803182 0.02521392 0.02665632 0.01552761 0.08295227 0.25722622 0.02079972 0.02485802 0.02701892 0.01342951 0.02577402 0.01860452 0.00482007 0.02256392 0.15645213
103 0.06016660 0.03847330 0.03023770 0.02994330 0.01394010 0.02574620 0.05307230 0.22702699 0.02178620 0.07278140 0.08546870 0.04209360 0.03163530 0.03775210 0.02449220 0.04665830 0.04860780 0.00761003 0.02949470 0.07301320
104 0.06922588 0.04841759 0.03948819 0.03886159 0.01238400 0.02729249 0.04822249 0.05330978 0.01728679 0.06106818 0.07197938 0.04380959 0.02174729 0.19297294 0.02538069 0.05948678 0.06459448 0.01137870 0.03023359 0.06285958
105 0.04668061 0.03840151 0.03495021 0.04119621 0.09748502 0.03483311 0.03767491 0.05108291 0.01461850 0.03806711 0.05409471 0.04821231 0.02045770 0.03135041 0.02929921 0.06222601 0.02616881 0.00641257 0.02628811 0.26050006
106 0.06183128 0.03024119 0.02408229 0.03776929 0.00943806 0.02804519 0.03764769 0.05631238 0.01880209 0.23208791 0.07650747 0.03730219 0.01779329 0.03172419 0.02238269 0.07071397 0.03069399 0.00592531 0.02289959 0.14779995
107 0.14510504 0.03363701 0.02426661 0.02531531 0.01311710 0.01926891 0.03404441 0.03952261 0.01784031 0.04084091 0.05900042 0.11892904 0.01408060 0.03494411 0.02172821 0.04101571 0.15195105 0.00800889 0.12523404 0.03214971
108 0.04659237 0.02906148 0.02409129 0.03368798 0.00849783 0.02169959 0.03534828 0.04664317 0.01663679 0.22124088 0.07811396 0.03161588 0.02088799 0.11676994 0.02009359 0.05277007 0.02799618 0.00768261 0.02380319 0.13676693
109 0.04785039 0.03956079 0.02763829 0.03098319 0.01002650 0.01673100 0.03303309 0.06162719 0.01261880 0.04272739 0.06159529 0.03015079 0.34925792 0.02483349 0.03493999 0.05576359 0.02812269 0.00415082 0.02873359 0.05965519
110 0.04778777 0.19627989 0.03345498 0.03616128 0.03874988 0.09898404 0.04418088 0.03886138 0.00992694 0.03935008 0.05836827 0.15010292 0.02338469 0.02759448 0.01666559 0.04029678 0.03619128 0.00492421 0.01774029 0.04099438
111 0.06283649 0.04562070 0.04478330 0.03542650 0.01371630 0.02527420 0.19144398 0.06488299 0.02362700 0.06917249 0.09863919 0.03826840 0.02153300 0.04121150 0.02567630 0.05389170 0.04050680 0.00729268 0.03369390 0.06250259
112 0.05308719 0.03249179 0.02903229 0.02728400 0.01162270 0.02214160 0.04722259 0.23625996 0.01442640 0.06162449 0.06744009 0.03875379 0.02989659 0.03429399 0.02295550 0.13127598 0.03748099 0.00778778 0.02678510 0.06813719
113 0.05646188 0.04390519 0.03615499 0.03661359 0.01366500 0.02527189 0.04267979 0.05339408 0.01659189 0.05062868 0.06445758 0.04107749 0.01509110 0.18438594 0.02643399 0.05355378 0.04688439 0.00981081 0.12874396 0.05419398
114 0.18098900 0.02941290 0.02619870 0.02384390 0.01716630 0.02092350 0.03986910 0.21225500 0.02011350 0.07062850 0.07640630 0.03163580 0.01885740 0.03073800 0.02604490 0.04544330 0.04204850 0.00721941 0.02872970 0.05147630
115 0.05392012 0.03129131 0.02106851 0.02418821 0.01202060 0.02331491 0.03563901 0.03617071 0.01273851 0.08306473 0.06624763 0.03446751 0.02171161 0.03488081 0.02533551 0.30332012 0.03494181 0.00637889 0.02370741 0.11559205
116 0.07073453 0.04074412 0.03157651 0.03735131 0.01401901 0.03237041 0.04811632 0.05204372 0.01751651 0.06276292 0.10090204 0.04204002 0.02502181 0.03881742 0.03045611 0.05249092 0.04261932 0.00706331 0.19103507 0.06231862
117 0.07537801 0.22326003 0.03394910 0.04239251 0.01298990 0.02203960 0.04800901 0.04891671 0.01276910 0.05934631 0.07569201 0.04393911 0.02704660 0.04255351 0.02629660 0.04731361 0.05008081 0.00535287 0.02910180 0.07357281
118 0.05167823 0.17367611 0.03010772 0.03897193 0.00994761 0.01819081 0.04216303 0.04318893 0.01297051 0.04880163 0.05857634 0.04034953 0.01663781 0.10067507 0.02689092 0.04240673 0.04021573 0.00565274 0.14594010 0.05295853
119 0.06897618 0.03362259 0.03041959 0.03706849 0.01223750 0.02089429 0.04891279 0.04640539 0.02246569 0.05476039 0.32283692 0.04130489 0.01853230 0.03041619 0.02357689 0.04791809 0.03828069 0.00690685 0.03521099 0.05925329
120 0.19767990 0.02429859 0.01896879 0.01963659 0.00936277 0.01493909 0.02542009 0.11671594 0.02132169 0.14844992 0.17248591 0.02072669 0.01923069 0.02093469 0.01430259 0.03196928 0.02237339 0.00450874 0.01779099 0.07888366
121 0.04894770 0.02343800 0.02409420 0.03102830 0.00547060 0.01621220 0.03353900 0.03854420 0.01672360 0.08531480 0.29662299 0.02425560 0.02716590 0.02371180 0.01635060 0.03815790 0.01574900 0.00349045 0.01960220 0.21158099
122 0.05977945 0.03181823 0.02058842 0.02770342 0.01097771 0.01733532 0.04195064 0.05499015 0.13737612 0.06755666 0.09780849 0.03317433 0.16102314 0.03628573 0.02409182 0.04576614 0.04137634 0.00666233 0.02053402 0.06320156
123 0.04647558 0.03955368 0.02623129 0.03100679 0.01023410 0.01685639 0.03125779 0.06324227 0.01235179 0.04182198 0.05935577 0.03064469 0.35383784 0.02495989 0.03543818 0.05584537 0.02839509 0.00374246 0.02978239 0.05896667
124 0.05285621 0.02828870 0.03015030 0.03105820 0.00889403 0.02225580 0.13232001 0.15677002 0.01237190 0.04561270 0.05015911 0.03054550 0.01307280 0.02991470 0.02227560 0.14151201 0.12473701 0.00683127 0.02267760 0.03769650
125 0.05850542 0.03268091 0.17672306 0.02412921 0.01113020 0.01868211 0.06305992 0.17694606 0.01126400 0.05809162 0.07475772 0.03603311 0.02317291 0.03672461 0.02422791 0.04110481 0.02795771 0.00742128 0.02547911 0.07190832
126 0.04104989 0.05081509 0.02533270 0.03260239 0.01058850 0.01740900 0.03319119 0.04296849 0.01541130 0.04470689 0.05516059 0.13273598 0.02648060 0.03293229 0.13802298 0.03109599 0.19741297 0.00936157 0.02755080 0.03517079
127 0.09179995 0.03508038 0.02751598 0.04332747 0.01367099 0.02995098 0.04432977 0.05319597 0.01908839 0.25500785 0.06707256 0.04384687 0.01586179 0.03197548 0.02798788 0.07589086 0.03574698 0.00781389 0.02633258 0.05450337
128 0.04227169 0.04152399 0.03255689 0.03334739 0.00875070 0.02873329 0.03506969 0.04945929 0.01359270 0.05620949 0.07069809 0.03789309 0.02029660 0.03142449 0.02260550 0.09320218 0.02386510 0.00453469 0.02580720 0.32815794
129 0.06142331 0.03461751 0.02842961 0.03890251 0.02910721 0.22929905 0.03871881 0.04993271 0.01664490 0.07299391 0.06980021 0.03709701 0.01520310 0.03431331 0.02823461 0.05427461 0.03999771 0.00974150 0.03429881 0.07696962
130 0.06094082 0.03308821 0.02832841 0.03870961 0.02875771 0.22814107 0.03805851 0.04993791 0.01699881 0.07250672 0.07007082 0.03673101 0.01607710 0.03519611 0.02940021 0.05515252 0.04022641 0.01029270 0.03477341 0.07661192
131 0.06585069 0.04781979 0.02630409 0.18085896 0.01817840 0.02876139 0.04271869 0.04327119 0.01658320 0.07934218 0.09592548 0.05842419 0.02430490 0.04036269 0.02705219 0.04638599 0.04620809 0.01198790 0.03048209 0.06917789
132 0.04379890 0.04245110 0.03256880 0.03299880 0.00807945 0.02863080 0.03651000 0.04853030 0.01468370 0.05581920 0.06949820 0.03666530 0.01928680 0.03092660 0.02194840 0.09307700 0.02646730 0.00449189 0.02493450 0.32863299
133 0.07357609 0.22306497 0.03323940 0.04276019 0.01251790 0.02207060 0.04841099 0.05094439 0.01290080 0.05915909 0.07782379 0.04368809 0.02764150 0.04221579 0.02602140 0.04797669 0.04929789 0.00568984 0.02904670 0.07195389
134 0.07205928 0.03375309 0.02937979 0.03716219 0.01202080 0.02140139 0.04833988 0.04690758 0.02084439 0.05423878 0.32474990 0.03972579 0.01786759 0.03074409 0.02368299 0.04791608 0.03816649 0.00644102 0.03370159 0.06089728
135 0.06050190 0.04024800 0.03078140 0.03039680 0.01387300 0.02646620 0.05239570 0.22637101 0.02177480 0.07037750 0.08514120 0.04366470 0.03087920 0.03653680 0.02650160 0.04700010 0.04917390 0.00748365 0.02975040 0.07068210
136 0.05632780 0.04089910 0.02034510 0.03486200 0.01148220 0.02343820 0.03661930 0.04731240 0.01435630 0.05683920 0.06746450 0.03143380 0.01460900 0.04933630 0.02579380 0.15500900 0.23252599 0.00717283 0.02970160 0.04447160
137 0.06615123 0.04820512 0.02590301 0.18172007 0.01847301 0.02879491 0.04335782 0.04189072 0.01677791 0.07960583 0.09540174 0.06059772 0.02362661 0.03936412 0.02604551 0.04685032 0.04638302 0.01148740 0.03073191 0.06863203
138 0.06289728 0.03860749 0.13385295 0.03251219 0.01229560 0.03010979 0.06265568 0.04727578 0.01504599 0.05402398 0.08177767 0.04148869 0.01863819 0.02906489 0.02765909 0.04490168 0.03065409 0.00441894 0.17774094 0.05437908
139 0.05353690 0.03075570 0.02184220 0.02476030 0.01178920 0.02388660 0.03571460 0.03823430 0.01336160 0.08304601 0.06734200 0.03429830 0.02158440 0.03507370 0.02434790 0.30071902 0.03333040 0.00674423 0.02329760 0.11633501
140 0.04666745 0.13729414 0.03670204 0.03007833 0.02364352 0.10995511 0.03536094 0.03802524 0.01124581 0.03691654 0.16444717 0.13516014 0.02228262 0.02393182 0.01541612 0.03904614 0.03208503 0.00526167 0.01985442 0.03662574
141 0.05583251 0.02497170 0.03133120 0.02567370 0.00759460 0.02608740 0.12119301 0.16424102 0.01990280 0.13193202 0.05573261 0.02488430 0.01474950 0.02253220 0.01661020 0.04011460 0.02781790 0.00428238 0.01872330 0.16579302
142 0.03341529 0.02079669 0.02293669 0.02915329 0.00726673 0.15441995 0.03372179 0.04482818 0.01739929 0.12827896 0.05072588 0.02676109 0.01473989 0.02224849 0.01681839 0.05777438 0.02334009 0.00430621 0.02384279 0.26722591
143 0.03544712 0.02691492 0.03348562 0.14101408 0.01458651 0.01874181 0.04515273 0.13720308 0.01270021 0.05705443 0.06061804 0.20388212 0.01387471 0.02837162 0.01826181 0.03824902 0.02889572 0.01592451 0.02149191 0.04813003
144 0.05418192 0.03029501 0.02218641 0.02453311 0.01265761 0.02244681 0.03532352 0.03767872 0.01302381 0.08491734 0.06722093 0.03485642 0.02234541 0.03484832 0.02577951 0.30210714 0.03449122 0.00656745 0.02345331 0.11108605
145 0.06095868 0.04593338 0.04475889 0.03469099 0.01450440 0.02431039 0.19393594 0.06511918 0.02402979 0.06985928 0.10054497 0.03766459 0.02186539 0.04133849 0.02545819 0.05364998 0.03919979 0.00702223 0.03275479 0.06240068
146 0.17818204 0.02621971 0.02560511 0.03105711 0.02719501 0.20498504 0.02771781 0.04207081 0.01559310 0.06623921 0.07412191 0.02408340 0.01436920 0.03325681 0.02530231 0.04964601 0.03282521 0.01075830 0.03536941 0.05540251
147 0.06096112 0.03460091 0.02874451 0.03814731 0.02879521 0.22533606 0.03853081 0.04839361 0.01671130 0.07329782 0.06900342 0.03666801 0.01622780 0.03589451 0.02971881 0.05677671 0.04020381 0.00929065 0.03609031 0.07660732
148 0.04438308 0.03724089 0.02266219 0.02595019 0.00963565 0.01470419 0.02795839 0.03854029 0.01142630 0.04619918 0.05872958 0.04442988 0.13711995 0.02515079 0.19215893 0.03300599 0.16801394 0.00447283 0.02227859 0.03593919
149 0.06145520 0.03386930 0.02880210 0.03855570 0.03066020 0.22814400 0.03834800 0.04826090 0.01729680 0.07231660 0.06701010 0.03599200 0.01586050 0.03454810 0.03028100 0.05506630 0.04172110 0.01015680 0.03485980 0.07679550
150 0.06917997 0.04939948 0.03802518 0.03788788 0.01223570 0.02698209 0.04818428 0.05290538 0.01735149 0.06129418 0.07286277 0.04458428 0.02026769 0.19457892 0.02538109 0.06081048 0.06202688 0.01156740 0.03037179 0.06410307
151 0.31769202 0.04125690 0.03159000 0.03256770 0.01152200 0.02216380 0.03728850 0.04424980 0.02201870 0.08165580 0.08768420 0.03145070 0.01855610 0.03334920 0.02374120 0.05016570 0.03471000 0.00704505 0.02854410 0.04274850
152 0.05650948 0.02559999 0.02497489 0.03383799 0.01236089 0.01746399 0.04030958 0.03581548 0.01937689 0.03118809 0.32092086 0.03455628 0.00923896 0.04870588 0.02285169 0.03643538 0.02988569 0.00577978 0.15893593 0.03525228
153 0.05435395 0.03688613 0.03196063 0.10841610 0.01459331 0.01975032 0.13850112 0.04705774 0.01293981 0.07382867 0.08200427 0.03159443 0.01841442 0.03764863 0.02497952 0.13935513 0.03216473 0.00707341 0.02782323 0.06065445
154 0.20096903 0.04512111 0.01950560 0.16538602 0.01371420 0.02239930 0.03850501 0.03286960 0.01463880 0.07288301 0.09141501 0.03593970 0.01693360 0.03784530 0.02066510 0.04512001 0.03664740 0.00933077 0.02783370 0.05227771
155 0.05959429 0.03848409 0.03049769 0.03009309 0.01396270 0.02706459 0.05524639 0.22617095 0.02127030 0.07233188 0.08561058 0.04379849 0.03105139 0.03643749 0.02538129 0.04592039 0.04741119 0.00764943 0.02902679 0.07299698
156 0.05187858 0.03704309 0.03333579 0.03565899 0.01285780 0.02288859 0.04121629 0.05099858 0.01645319 0.04647828 0.06620058 0.03472139 0.01258840 0.17672594 0.02654199 0.04839878 0.03992259 0.00789065 0.18968793 0.04851258
157 0.06634160 0.16124499 0.03699410 0.12509899 0.01199060 0.02726580 0.14963599 0.03482440 0.01321840 0.05126430 0.06702910 0.04829670 0.01629860 0.03067390 0.01772570 0.03647420 0.02913970 0.00469647 0.02488720 0.04689930
158 0.07324731 0.03429220 0.02982070 0.03618330 0.01125960 0.02236250 0.04672211 0.04724911 0.02195790 0.05563411 0.32370404 0.04084651 0.01832640 0.02875330 0.02181900 0.04861481 0.03631700 0.00675697 0.03416320 0.06196991
159 0.06068721 0.03590341 0.02532671 0.03981301 0.01006110 0.02265950 0.04109411 0.04457461 0.01464310 0.25701606 0.06369651 0.03677511 0.01869830 0.13826403 0.02354621 0.05799661 0.03032341 0.00731018 0.01690060 0.05471021
160 0.05906846 0.02618058 0.02612748 0.03472858 0.00694927 0.01815099 0.03859528 0.04138277 0.01808039 0.07497255 0.30540581 0.02912478 0.02200509 0.02519578 0.01974059 0.04242617 0.02200079 0.00433346 0.02385828 0.16167290
161 0.07518157 0.22719190 0.03355059 0.04097768 0.01226959 0.02140599 0.04803158 0.05013678 0.01251719 0.05977847 0.07590397 0.04152548 0.02689859 0.04353208 0.02616589 0.04773778 0.04963358 0.00548502 0.02914869 0.07292757
162 0.05652242 0.04580731 0.03517301 0.03048541 0.01007730 0.01567560 0.03701741 0.04883982 0.01684421 0.06772102 0.25635708 0.03396231 0.10765103 0.02960491 0.02794061 0.03931881 0.03675101 0.00508059 0.02295221 0.07621792
163 0.07081240 0.03511400 0.03042860 0.03630900 0.01105800 0.02113010 0.04755130 0.04670940 0.02279960 0.05289900 0.32239399 0.04187170 0.01841520 0.03014560 0.02285270 0.04873140 0.03771660 0.00677104 0.03531740 0.06097300
164 0.04914081 0.02526761 0.02140521 0.03055791 0.00773170 0.01846751 0.03422861 0.03897721 0.01611490 0.14598204 0.19179106 0.02495571 0.02286261 0.04889671 0.01743231 0.03667241 0.02084381 0.00511081 0.10425103 0.13931004
165 0.04185483 0.02973542 0.03006612 0.03147292 0.00679014 0.02202211 0.03427642 0.04354673 0.01583021 0.06614694 0.19780313 0.03040382 0.02406302 0.02867322 0.01876431 0.05503554 0.01754971 0.00422972 0.02352552 0.27821018
166 0.05545677 0.03605298 0.02884968 0.03210588 0.01340899 0.02429149 0.04122088 0.04990487 0.01794749 0.04787957 0.08181526 0.03511408 0.01449949 0.12060194 0.02843468 0.04792517 0.03738408 0.00660093 0.23010088 0.05040487
167 0.09918882 0.02798931 0.03052961 0.02876361 0.01296370 0.02335200 0.04193851 0.17493004 0.01693590 0.23889805 0.04410461 0.03799281 0.01280150 0.02187830 0.02237600 0.05263991 0.03123271 0.00682039 0.02119840 0.05346581
168 0.07364231 0.22212204 0.03383131 0.04236811 0.01312790 0.02198990 0.04818971 0.04856511 0.01281670 0.05808841 0.07665752 0.04427551 0.02826181 0.04347801 0.02629631 0.04918361 0.04899471 0.00569030 0.03005821 0.07236251
169 0.05492791 0.03961891 0.03114621 0.03838981 0.01173120 0.02415000 0.04120901 0.05023001 0.01367010 0.15536103 0.06017291 0.03669851 0.01563540 0.14737403 0.02600340 0.05349311 0.03504551 0.00841691 0.10335502 0.05337101
170 0.05050000 0.17057201 0.03031310 0.03843880 0.01252120 0.02021900 0.03679650 0.04824270 0.01170740 0.05323610 0.05945890 0.04973330 0.02758790 0.03666600 0.16544500 0.04219110 0.05515380 0.00767657 0.03277870 0.05076190
171 0.07001690 0.04876600 0.03897000 0.03996230 0.01186720 0.02640860 0.04851740 0.05191820 0.01647820 0.06012210 0.07188200 0.04458380 0.02035390 0.19541600 0.02585520 0.05949170 0.06433500 0.01143250 0.03060930 0.06301370
172 0.07614386 0.22051987 0.03424788 0.04260158 0.01395519 0.02245899 0.04683367 0.04990817 0.01266339 0.06055906 0.07744606 0.04434867 0.02731568 0.04247708 0.02607878 0.04824407 0.04791937 0.00554918 0.02890928 0.07182016
173 0.06280538 0.02377819 0.01760590 0.02475829 0.01689310 0.02371149 0.03524899 0.02789749 0.00845079 0.06292368 0.04838679 0.02941439 0.02135689 0.02960319 0.20088195 0.25066294 0.02433249 0.00790705 0.02143409 0.06194689
174 0.04516384 0.03769003 0.02038812 0.04288334 0.01424091 0.02348492 0.03786673 0.05489335 0.01480411 0.17078914 0.06799396 0.03868843 0.02069092 0.03885333 0.02688222 0.03786023 0.21811618 0.00778238 0.02747902 0.05344884
175 0.04426520 0.02558130 0.02222460 0.03385620 0.00742938 0.02629940 0.03388870 0.05452400 0.01770860 0.20704099 0.07675170 0.03298190 0.01723680 0.02940770 0.01873540 0.07470160 0.02637670 0.00458318 0.02033070 0.22607599
176 0.04971400 0.03155700 0.02852580 0.04081500 0.02206710 0.17967698 0.13255999 0.05941629 0.01391050 0.07438179 0.06693189 0.03661850 0.01553330 0.03493050 0.02321340 0.04748060 0.03512310 0.01059750 0.03574730 0.06119949
177 0.06767580 0.04035250 0.03505080 0.03620800 0.01719670 0.03008050 0.04249660 0.05099990 0.01440950 0.06915690 0.08062199 0.04590810 0.03613870 0.03588240 0.18357099 0.05997520 0.04827990 0.00928657 0.03481150 0.06189750
178 0.04206242 0.03024612 0.02361161 0.04464172 0.00958349 0.02579981 0.03062652 0.05307893 0.01436381 0.22312411 0.04276342 0.15901208 0.01262061 0.02315651 0.02341251 0.04886342 0.03329322 0.00826330 0.02024231 0.13123407
179 0.27751190 0.03382359 0.03013539 0.03232649 0.00910544 0.02065499 0.03147699 0.03731169 0.01742139 0.07485987 0.09906906 0.02955799 0.02096949 0.03114939 0.02221059 0.03717739 0.02733019 0.00684653 0.02614469 0.13491695
