1 0.33651985 0.00940016 0.01587439 0.01737779 0.16945892 0.01359629 0.01317939 0.02707789 0.00775632 0.05972087 0.04025478 0.01589979 0.02248469 0.01015370 0.01433899 0.18400592 0.01607859 0.00238040 0.00896477 0.01547649
2 0.45179519 0.02584961 0.02516721 0.03451281 0.01215210 0.02062511 0.02525801 0.03649051 0.01171230 0.06448663 0.07886423 0.02568911 0.01436431 0.02600411 0.01900641 0.04333592 0.02510471 0.00546449 0.02326401 0.03085321
3 0.21525206 0.01433950 0.00876884 0.01813320 0.01285270 0.01366530 0.02293361 0.02562661 0.00600160 0.07041312 0.05356181 0.02417391 0.01671390 0.02244361 0.01576080 0.38053210 0.01590480 0.00491340 0.01086570 0.04714341
4 0.03238370 0.03144880 0.02878940 0.03137140 0.00839322 0.02130990 0.03067720 0.04903169 0.01843400 0.04963789 0.06334759 0.03228420 0.02003570 0.02691910 0.01823520 0.06865699 0.02449030 0.00645721 0.02229460 0.41580195
5 0.30254384 0.01891159 0.01318409 0.02250109 0.01040899 0.01434089 0.02188559 0.03338928 0.00935701 0.33329682 0.03069448 0.02101139 0.00890954 0.01654649 0.01892659 0.05345247 0.01694739 0.00481498 0.01178119 0.03709628
6 0.03905698 0.04199448 0.01778129 0.03173649 0.01073890 0.02572509 0.03138969 0.05118008 0.01411039 0.04040708 0.06103998 0.02522289 0.01681369 0.03150609 0.02136749 0.04104328 0.42265583 0.00714490 0.02369369 0.04539168
7 0.05188363 0.02701311 0.01430531 0.02022121 0.00889761 0.02104851 0.03089372 0.02918862 0.00952337 0.06792124 0.05929833 0.03311672 0.02539711 0.02700131 0.01431011 0.43378723 0.02308721 0.00686590 0.01647311 0.07976664
8 0.04206460 0.03728300 0.02484430 0.03766760 0.01569280 0.02009570 0.03626650 0.04818270 0.01734930 0.06114770 0.07764090 0.33767000 0.02113920 0.03693230 0.02398460 0.04757350 0.02504810 0.00802930 0.02406330 0.05732460
9 0.04416268 0.03715818 0.03117309 0.02942879 0.01186919 0.01833739 0.31475886 0.04754278 0.02606639 0.07458397 0.08862656 0.03285289 0.02384989 0.03258879 0.01562929 0.04819578 0.03203219 0.00984575 0.03036669 0.05093088
10 0.05123177 0.02684129 0.01735029 0.02099029 0.00812467 0.02052299 0.03242578 0.03022878 0.00776098 0.06471497 0.05454487 0.03302668 0.02464869 0.02714189 0.01541229 0.43607278 0.02608679 0.00655726 0.01583259 0.08048436
11 0.02063861 0.29928713 0.01719141 0.02424561 0.00458172 0.01486641 0.02687681 0.01657781 0.01021250 0.05187482 0.04003222 0.02701821 0.01231611 0.01994581 0.02197401 0.28041612 0.02649131 0.00448875 0.02502461 0.05594002
12 0.07315731 0.03316500 0.02020470 0.03545460 0.01165330 0.02089020 0.04735460 0.04297690 0.01472970 0.37651403 0.05518610 0.03859400 0.01453540 0.02547050 0.02682620 0.06547961 0.02399300 0.00922922 0.01668070 0.04790490
13 0.04109401 0.02948831 0.28342105 0.02099900 0.01404380 0.02253250 0.03947601 0.04316011 0.00674578 0.05189711 0.06683911 0.02510930 0.01501300 0.04938701 0.01687750 0.15892803 0.02088380 0.00509144 0.01784410 0.07116901
14 0.05261148 0.02296149 0.02318229 0.02868049 0.00705704 0.01206990 0.03532229 0.03646539 0.01179170 0.17270194 0.38350988 0.02806539 0.01568609 0.02176279 0.01400700 0.03501769 0.02035829 0.00575518 0.01666649 0.05632718
15 0.02510110 0.02335890 0.01945460 0.03173040 0.00950147 0.01853690 0.03472660 0.03620350 0.00912822 0.02380240 0.03965250 0.02322650 0.33342197 0.02791520 0.03274290 0.04141340 0.01518230 0.00540490 0.20036598 0.04913030
16 0.02157768 0.01941898 0.01864778 0.02916267 0.00556430 0.01181439 0.03632237 0.03283857 0.01094639 0.02812057 0.31303771 0.02637838 0.11356490 0.03113527 0.02251918 0.02345968 0.01546459 0.00701000 0.18802783 0.04498876
17 0.05790382 0.03851662 0.02787331 0.03717302 0.01807261 0.02735591 0.02894371 0.03334881 0.01182371 0.07452803 0.07250543 0.03954842 0.02717321 0.03112121 0.30776813 0.04004002 0.03230821 0.00822267 0.02930651 0.05646662
18 0.03662091 0.02637411 0.01983211 0.04149451 0.00969220 0.01689690 0.04084321 0.04357191 0.01026940 0.03762591 0.05153241 0.02794691 0.42896111 0.02192451 0.02746551 0.05537511 0.02459981 0.00601754 0.02132341 0.05163251
19 0.22996493 0.01779499 0.02445749 0.16783095 0.00632350 0.01666590 0.02185069 0.01920229 0.01421650 0.02884059 0.04088389 0.02136169 0.01060540 0.24812093 0.01386560 0.04657919 0.01834399 0.00476510 0.02230139 0.02602499
20 0.04531542 0.03731081 0.02944161 0.02875521 0.01078480 0.01681371 0.31511713 0.04849422 0.02546251 0.07295243 0.08977914 0.03491521 0.02200301 0.03574741 0.01622801 0.04458422 0.03446601 0.01076040 0.03032741 0.05074132
21 0.04174759 0.02775230 0.02709850 0.25975696 0.01419810 0.01743020 0.02156260 0.02232420 0.00901746 0.05608469 0.08309929 0.03172999 0.02382500 0.02644100 0.21842197 0.02272300 0.01878320 0.01026790 0.02427990 0.04345619
22 0.06421669 0.04208879 0.02186200 0.27535596 0.01417430 0.03399179 0.03481079 0.03173610 0.01298250 0.06875979 0.09496669 0.04634729 0.02995400 0.03263980 0.02697280 0.03841779 0.03800769 0.00780115 0.02392000 0.06099409
23 0.04357729 0.37674893 0.02552370 0.03752879 0.00944328 0.02143710 0.04027809 0.03386749 0.01044000 0.05183589 0.05931159 0.03979059 0.01740940 0.03370779 0.02383590 0.04279139 0.04359329 0.00616970 0.02540680 0.05730299
24 0.06746378 0.03482519 0.02712749 0.03210029 0.00970530 0.02767769 0.04565839 0.04626219 0.01550840 0.03827779 0.08126277 0.03516649 0.02281749 0.04004009 0.02738419 0.03673049 0.03384179 0.00699521 0.31881290 0.05234208
25 0.45243493 0.02607060 0.02569040 0.03180280 0.01297730 0.02000960 0.02685870 0.03795929 0.01261950 0.06347839 0.07689409 0.02574190 0.01328580 0.02499790 0.02079700 0.04046059 0.02509180 0.00559695 0.02430000 0.03293250
26 0.02480569 0.01747439 0.01588289 0.01661039 0.00445855 0.02026199 0.01258189 0.02259639 0.00664440 0.03599458 0.03901728 0.25361887 0.00926167 0.19719690 0.00795512 0.24840587 0.01105339 0.00529897 0.01941169 0.03146908
27 0.04370940 0.03804550 0.02788220 0.03772820 0.01701650 0.02071950 0.03666670 0.05058940 0.01646980 0.06286190 0.07934350 0.33547500 0.02148910 0.03275730 0.02240050 0.04525510 0.02356000 0.00734369 0.02363400 0.05705270
28 0.45899610 0.02351891 0.02436011 0.02939431 0.01317460 0.02012470 0.02669381 0.03826911 0.01215380 0.06440701 0.07659202 0.02387411 0.01317530 0.02587601 0.01831820 0.04231951 0.02591401 0.00543018 0.02604961 0.03135861
29 0.06152672 0.02971081 0.03157231 0.03532991 0.00989431 0.01942490 0.03982681 0.04327251 0.01491200 0.04471901 0.41599910 0.03603091 0.01799910 0.02443381 0.02020881 0.03969921 0.02948251 0.00645314 0.02550411 0.05400001
30 0.05538358 0.03942738 0.03453698 0.03453588 0.00892911 0.02866409 0.03792598 0.04363968 0.01572269 0.05329698 0.06209547 0.04299758 0.01657659 0.31686886 0.01960039 0.05092668 0.04009108 0.00897124 0.03556208 0.05424768
31 0.03653530 0.02581040 0.03755480 0.21109797 0.01361830 0.01593480 0.03218220 0.02411840 0.00984882 0.05431579 0.07759229 0.03012520 0.02503290 0.02291450 0.26688897 0.02221030 0.02050550 0.01095100 0.02533070 0.03743190
32 0.03568110 0.01567130 0.02018360 0.01672320 0.00797082 0.01472120 0.03792700 0.27967401 0.01137510 0.05465660 0.06027130 0.03400600 0.01863810 0.02034120 0.00873351 0.26872601 0.02042380 0.00789845 0.01496450 0.05141320
33 0.18123808 0.02766401 0.02798201 0.02744211 0.00868412 0.01717221 0.02354261 0.03503061 0.01529161 0.03527161 0.06194383 0.03396451 0.01321391 0.02577891 0.02166481 0.05883742 0.02170001 0.00775256 0.02027191 0.33555314
34 0.04415189 0.02807799 0.02009259 0.03168239 0.00852332 0.01715140 0.04033289 0.04138229 0.01594090 0.35475090 0.05200208 0.03394679 0.01366960 0.02203089 0.02108369 0.04890759 0.02158359 0.00660667 0.01230760 0.16577495
35 0.05054401 0.02505041 0.01470450 0.02176741 0.00854189 0.02280961 0.03049901 0.02931921 0.00882747 0.06883112 0.05606662 0.03058471 0.02562531 0.02823631 0.01523070 0.43482812 0.02469691 0.00660257 0.01730250 0.07993162
36 0.05063248 0.02571679 0.01568910 0.02117779 0.00943312 0.02156819 0.03220079 0.02808129 0.00843144 0.06987668 0.05730168 0.03160639 0.02420849 0.02751549 0.01464920 0.43610486 0.02352729 0.00588445 0.01716729 0.07922718
37 0.29200909 0.01440120 0.01929111 0.02745861 0.00865465 0.01321440 0.01662831 0.02052131 0.00729242 0.06074962 0.05372782 0.02104311 0.01162880 0.19000706 0.01480450 0.16488905 0.01596510 0.00454342 0.01544890 0.02772151
38 0.06319388 0.04165209 0.02158199 0.27652793 0.01425820 0.03196159 0.03404619 0.03077459 0.01443000 0.07084338 0.09389608 0.04608429 0.02778059 0.03628609 0.02512909 0.03719569 0.03712119 0.00793205 0.02568679 0.06361828
39 0.45834510 0.02355001 0.02370691 0.02866201 0.01261860 0.02060570 0.02621121 0.03892271 0.01268460 0.06388511 0.07605732 0.02493271 0.01225680 0.02600481 0.02125540 0.04334891 0.02529321 0.00540268 0.02407021 0.03218601
40 0.05040992 0.02808021 0.01569011 0.02088201 0.00936337 0.02238901 0.03104281 0.02886441 0.00864966 0.06601132 0.05804082 0.03206291 0.02765401 0.02518501 0.01668731 0.43588016 0.02429861 0.00642340 0.01595141 0.07643353
41 0.32722475 0.01228359 0.00834609 0.01838299 0.01345639 0.01155019 0.01812889 0.02455408 0.00584347 0.07587574 0.05086446 0.01798179 0.01234859 0.02022068 0.01487029 0.31072376 0.01561039 0.00441769 0.01153199 0.02578418
42 0.46053282 0.02360309 0.02543959 0.03221829 0.01292960 0.01994229 0.02320739 0.03743039 0.01157570 0.06635877 0.07903807 0.02311319 0.01369559 0.02827569 0.01966659 0.04044478 0.02211959 0.00556438 0.02359119 0.03125299
43 0.40090604 0.01712980 0.02344430 0.02396940 0.16077302 0.02536740 0.01619840 0.02442200 0.01250520 0.05445231 0.05405461 0.02503970 0.01479990 0.01530040 0.02031870 0.04907960 0.01775010 0.00379190 0.02063480 0.02006240
44 0.03975172 0.04094422 0.01896091 0.02924252 0.01297911 0.02580261 0.03362662 0.05403563 0.01591481 0.03732322 0.06376163 0.02562321 0.01591871 0.03277422 0.01942731 0.04057632 0.42169122 0.00713218 0.02282091 0.04169292
45 0.02570261 0.02574991 0.02238441 0.02809351 0.00520717 0.01388900 0.02487381 0.04816551 0.01201850 0.04071681 0.23614106 0.02766521 0.01785040 0.02383681 0.01853701 0.04244291 0.01745300 0.00499416 0.02125311 0.34302509
46 0.06020042 0.04106562 0.02450121 0.27587811 0.01508761 0.03238241 0.03562371 0.03161541 0.01488211 0.06825743 0.09091924 0.04507652 0.02993801 0.03692532 0.02382321 0.03988532 0.03722402 0.00792059 0.02493951 0.06385423
47 0.04090221 0.18381707 0.01597261 0.02671251 0.02259091 0.01637301 0.03379691 0.02718131 0.00922244 0.03941241 0.05910812 0.33027312 0.01539011 0.02679511 0.01660351 0.03237531 0.02632361 0.00584450 0.02744561 0.04385962
48 0.04899970 0.02511800 0.01554690 0.02061290 0.00912060 0.02043910 0.03181790 0.02973220 0.00814466 0.06931060 0.05625900 0.03252260 0.02547350 0.02764640 0.01544460 0.43423101 0.02419700 0.00741581 0.01739530 0.08057220
49 0.02307469 0.03101898 0.01626619 0.02720318 0.00675613 0.01872039 0.02518518 0.02661378 0.01348339 0.02790688 0.35426378 0.28425283 0.02789398 0.01148209 0.01142199 0.02619348 0.01655619 0.00353048 0.01563249 0.03254388
50 0.02892981 0.04725861 0.01525170 0.02578610 0.00844638 0.01666450 0.02126200 0.03160041 0.01346720 0.03150061 0.05637461 0.24873904 0.01610720 0.02899321 0.01198050 0.02390910 0.32293506 0.00735074 0.01770570 0.02573750
51 0.05087361 0.02639171 0.01506890 0.02029800 0.00816244 0.01999630 0.03141531 0.02738051 0.00804052 0.06859252 0.05751731 0.03316341 0.02485241 0.02762891 0.01641270 0.43817310 0.02516161 0.00640771 0.01624760 0.07821542
52 0.03989892 0.27399513 0.01694231 0.02415071 0.01890611 0.01520971 0.02988231 0.02125391 0.00866147 0.03741532 0.05697203 0.27254613 0.01320111 0.02796691 0.01523211 0.02782831 0.03420972 0.00433204 0.02522591 0.03616982
53 0.07334059 0.03463250 0.02082620 0.03365620 0.01276250 0.02247980 0.04739190 0.04355920 0.01619500 0.37248796 0.05343999 0.04049990 0.01425020 0.02759550 0.02741020 0.06445799 0.02211880 0.00896580 0.01682280 0.04710700
54 0.05082562 0.02633221 0.01588411 0.02018491 0.00965092 0.01995861 0.03169482 0.03082522 0.00929297 0.06789753 0.06042833 0.03335972 0.02669621 0.02746241 0.01497811 0.42699121 0.02364081 0.00675032 0.01716451 0.07998144
55 0.04303599 0.03732109 0.02499379 0.03780829 0.01567590 0.02151549 0.03489919 0.04846859 0.01814429 0.05970768 0.07997238 0.33898990 0.01963969 0.03387279 0.02469859 0.04716949 0.02619899 0.00817650 0.02280509 0.05690628
56 0.02732681 0.02420471 0.02412901 0.01609140 0.01189450 0.11244903 0.23563707 0.20772606 0.01686690 0.05260622 0.05493592 0.02344671 0.01816001 0.02820631 0.01473950 0.03134721 0.02896241 0.00762391 0.02669911 0.03694721
57 0.03223751 0.02212760 0.01307330 0.02710600 0.01037740 0.01697770 0.02524120 0.04784241 0.01008140 0.03807981 0.23356704 0.02090390 0.02109990 0.02168760 0.01512060 0.02610310 0.35929006 0.00595854 0.01626010 0.03686481
58 0.19570809 0.02073271 0.01576981 0.13955506 0.01011350 0.01898461 0.02072531 0.26833012 0.01097751 0.04842882 0.06102373 0.02652901 0.01632771 0.02466201 0.01385521 0.03030791 0.02015971 0.00632354 0.02231801 0.02916761
59 0.01965099 0.01827179 0.01523049 0.02209399 0.00528923 0.02631189 0.02328139 0.04919138 0.02531029 0.18213993 0.03680239 0.01831539 0.01270469 0.01754809 0.01301889 0.02856289 0.13811994 0.00730402 0.00994245 0.33090987
60 0.07293031 0.03343101 0.02028000 0.03568351 0.01289900 0.01985220 0.04836441 0.04383051 0.01484650 0.37429807 0.05304031 0.03910911 0.01345870 0.02740420 0.02527180 0.06827471 0.02399860 0.00867032 0.01724310 0.04711361
61 0.06525218 0.02812349 0.02999729 0.03622729 0.00917039 0.01881279 0.03894329 0.04360988 0.01386849 0.04304288 0.41760984 0.03937349 0.01538039 0.02374689 0.02110359 0.04019888 0.02982629 0.00558309 0.02548469 0.05464488
62 0.04112479 0.02939409 0.01952579 0.03858989 0.00811737 0.01526959 0.03894009 0.03878199 0.01000530 0.18240194 0.05061778 0.02873869 0.28415190 0.01989959 0.02374849 0.05421278 0.02629389 0.00570458 0.02073639 0.06374508
63 0.05190152 0.02727361 0.01448891 0.03476781 0.00928178 0.01915131 0.04798902 0.04307752 0.01888661 0.33797913 0.03942451 0.02780271 0.01346831 0.02188701 0.01926771 0.04572682 0.16166006 0.00956764 0.01335391 0.04304412
64 0.20794090 0.04764688 0.01894579 0.14302593 0.00870681 0.01169579 0.22650389 0.02037449 0.00962543 0.06171717 0.06162967 0.01897719 0.01426009 0.02501879 0.02041709 0.02969259 0.01595179 0.00607706 0.02208979 0.02970289
65 0.02734949 0.01690279 0.01017690 0.02148449 0.24588288 0.01943709 0.02271799 0.05427217 0.01212209 0.02186209 0.04600358 0.01803439 0.01113879 0.01401319 0.01474549 0.04401608 0.36636682 0.00445208 0.01045179 0.01856979
66 0.36506780 0.02500849 0.02827718 0.02537729 0.00757777 0.01356029 0.02122149 0.02862518 0.01224349 0.05600897 0.08045105 0.03033328 0.01267359 0.03087898 0.01887879 0.02860488 0.02046779 0.00632749 0.02179929 0.16661691
67 0.03366669 0.03001579 0.01892509 0.16262695 0.00750784 0.01561499 0.03244829 0.02634569 0.00819149 0.05450838 0.06553598 0.02930669 0.02896279 0.03046349 0.01284910 0.33035089 0.02687379 0.00619740 0.01668769 0.06292098
68 0.04383942 0.03346942 0.01960571 0.26138012 0.01199331 0.02161651 0.14471807 0.02021751 0.01156901 0.08306934 0.07973354 0.04443982 0.02414961 0.02859001 0.02095481 0.02994911 0.02328891 0.00729255 0.02605121 0.06407203
69 0.07431381 0.03264690 0.02063340 0.03597851 0.01412150 0.02155530 0.04866911 0.04178491 0.01448020 0.37824205 0.05421451 0.03937271 0.01373910 0.02503000 0.02612350 0.06156891 0.02568720 0.00874626 0.01547490 0.04761721
70 0.03403181 0.02942791 0.02987601 0.13944806 0.01115590 0.00937808 0.22519710 0.02387641 0.00808284 0.06704813 0.05778543 0.01991821 0.02319291 0.02222681 0.01855131 0.16809607 0.02170431 0.00692744 0.02025781 0.06381743
71 0.03538609 0.02820399 0.02177149 0.03970699 0.00997913 0.01677690 0.03684449 0.04132199 0.01016940 0.03383719 0.05082139 0.03017189 0.42985789 0.02234969 0.02487249 0.05962779 0.02582819 0.00610542 0.02187179 0.05449579
72 0.04526438 0.02935789 0.01906939 0.03298109 0.00820988 0.01683369 0.03974578 0.04145848 0.01478739 0.35457886 0.05235458 0.03342969 0.01332199 0.02078319 0.02089519 0.05129448 0.02076419 0.00614582 0.01144110 0.16728293
73 0.42596380 0.02980109 0.01810999 0.02910229 0.00662564 0.01543719 0.17535692 0.02889439 0.01338059 0.04867578 0.05446477 0.01695969 0.00919820 0.02024819 0.01402629 0.02626319 0.01552909 0.00618332 0.02641169 0.01936789
74 0.04010169 0.04148199 0.01760149 0.03046159 0.01193990 0.02867049 0.03255959 0.05456968 0.01472589 0.03953009 0.06019858 0.02701229 0.01673589 0.03171889 0.01930539 0.03904439 0.41715385 0.00795085 0.02483049 0.04440698
75 0.04308581 0.03690011 0.02887131 0.02947011 0.01145320 0.01786901 0.31759610 0.05155312 0.02520121 0.07473112 0.08722043 0.03472291 0.02341811 0.03251491 0.01544390 0.04569481 0.03293161 0.01051900 0.02981491 0.05098832
76 0.04116611 0.03533931 0.02764291 0.15632104 0.01265740 0.01348230 0.25012407 0.02541681 0.01296860 0.08720442 0.07847062 0.03281431 0.02150181 0.02709911 0.01915861 0.03408361 0.02459361 0.00830723 0.02861561 0.06303252
77 0.46016200 0.02581080 0.02564450 0.03169000 0.01304160 0.02033510 0.02756550 0.03683630 0.01188540 0.06282550 0.07262230 0.02521780 0.01352560 0.02647470 0.01861090 0.04219800 0.02409060 0.00611259 0.02426740 0.03108340
78 0.07017394 0.03233392 0.01955301 0.03472322 0.01194441 0.01922431 0.04979053 0.04376873 0.01556451 0.38260924 0.05497873 0.03997372 0.01471901 0.02603852 0.02736012 0.06166234 0.02489542 0.00922499 0.01518391 0.04627743
79 0.06285970 0.02842780 0.02876410 0.03460340 0.00983747 0.01836620 0.03982510 0.04514660 0.01578480 0.04626330 0.41533100 0.03606240 0.01652690 0.02319700 0.02177930 0.04015970 0.02928770 0.00626924 0.02548390 0.05602440
80 0.05056812 0.02461071 0.01558711 0.02155771 0.00940638 0.02121671 0.03128331 0.03089161 0.00834809 0.06897773 0.05624482 0.03170221 0.02441141 0.02941271 0.01505311 0.43068216 0.02657881 0.00774756 0.01800601 0.07771373
81 0.05768381 0.03082700 0.02826450 0.03671791 0.31500005 0.04598151 0.03405251 0.04643841 0.01517450 0.05698931 0.06142921 0.05277791 0.01723790 0.02241710 0.03373541 0.04414131 0.03622511 0.00564614 0.01931890 0.03994151
82 0.05517000 0.02806170 0.02039020 0.03201350 0.00844825 0.01532530 0.04117150 0.03735460 0.01430190 0.31166601 0.20980301 0.03076250 0.01334970 0.02322380 0.01953350 0.04684360 0.02359890 0.00869181 0.01567130 0.04461890
83 0.03382151 0.03346701 0.01266591 0.03475161 0.01277551 0.01488311 0.02520631 0.04580312 0.00763277 0.02967151 0.04915322 0.01763621 0.01047430 0.02155231 0.01283171 0.15403507 0.43521719 0.00630060 0.01557051 0.02655051
84 0.45792416 0.02435861 0.02592081 0.03103871 0.01235720 0.02013871 0.02475721 0.03784181 0.01265320 0.06737862 0.07619813 0.02265451 0.01267170 0.02406261 0.01842351 0.04341602 0.02470031 0.00569954 0.02412401 0.03368061
85 0.03246420 0.01599130 0.01509480 0.02454280 0.00389511 0.00771759 0.02315470 0.03067190 0.00815532 0.18227603 0.35740805 0.01950080 0.01687250 0.02641690 0.00963002 0.02717000 0.01333300 0.00533501 0.01127490 0.16909503
86 0.09524610 0.01980638 0.02922357 0.01712288 0.02091418 0.01502418 0.03565056 0.22328276 0.01836178 0.30204967 0.02661457 0.03117187 0.00929505 0.01565498 0.01255779 0.05004355 0.01994678 0.00627981 0.01391948 0.03783406
87 0.04752728 0.02538709 0.02781279 0.02326899 0.01376590 0.02251349 0.04011259 0.34710189 0.02363469 0.05845458 0.07925817 0.03922459 0.02131809 0.02834379 0.01563599 0.03757719 0.04628598 0.00722393 0.02509959 0.07045338
88 0.45941867 0.02480158 0.02555328 0.03291058 0.01217409 0.02140788 0.02633278 0.03658177 0.01217099 0.06461265 0.07601205 0.02354968 0.01342669 0.02383168 0.02003759 0.04108117 0.02296088 0.00525851 0.02569098 0.03218648
89 0.04111208 0.03959609 0.01796559 0.02896099 0.01191950 0.02519799 0.03368669 0.05344268 0.01240340 0.03837919 0.05887968 0.02612139 0.01727459 0.03233309 0.02083289 0.04028929 0.42864884 0.00795017 0.02320529 0.04180058
90 0.06365790 0.02745050 0.02971410 0.03685010 0.01014560 0.01933840 0.04249930 0.04353510 0.01522630 0.04580810 0.41524997 0.03890160 0.01624060 0.02514790 0.02093150 0.03697560 0.02803260 0.00608767 0.02460640 0.05360080
91 0.04599341 0.03817881 0.03167481 0.02842831 0.01020350 0.01805591 0.31971710 0.04857511 0.02431551 0.07026402 0.08496373 0.03469341 0.02655421 0.03384411 0.01698631 0.04311921 0.03344491 0.01090990 0.02994951 0.05012822
92 0.45549995 0.02625250 0.02438850 0.03080580 0.01237340 0.01939310 0.02752940 0.03765130 0.01265070 0.06655229 0.07800859 0.02628400 0.01205310 0.02670420 0.01967880 0.04015310 0.02327470 0.00533772 0.02334760 0.03206130
93 0.03041800 0.03314430 0.02848150 0.03000820 0.00880881 0.01816570 0.03118500 0.04696270 0.01947520 0.04823480 0.06210140 0.03292060 0.02001830 0.02698180 0.01987730 0.06830800 0.02599530 0.00635673 0.02081130 0.42174503
94 0.01882219 0.02762799 0.01038269 0.02666409 0.01183689 0.01437159 0.25435987 0.04223928 0.01115949 0.06162737 0.07165016 0.29705585 0.01376509 0.02648879 0.01071429 0.02572549 0.01342959 0.01066009 0.01807839 0.03334078
95 0.06387320 0.02873640 0.03052360 0.03635700 0.01040760 0.01792900 0.03863650 0.04549880 0.01464120 0.04372260 0.41341203 0.03855330 0.01612680 0.02314030 0.02190690 0.03938310 0.02929960 0.00696043 0.02691470 0.05397690
96 0.04455559 0.03722789 0.01749210 0.02990899 0.01294550 0.02790529 0.03309869 0.05511249 0.01446330 0.03938789 0.06121979 0.02732739 0.01783860 0.02979099 0.02105790 0.04127929 0.41438492 0.00706830 0.02410730 0.04382779
97 0.04840869 0.02525079 0.01445690 0.02053130 0.00950742 0.02089900 0.03146559 0.02845429 0.00793315 0.07228229 0.05532609 0.03288359 0.02511469 0.02720359 0.01491240 0.43511291 0.02440720 0.00687963 0.01617780 0.08279268
98 0.04603332 0.03440262 0.01959721 0.24595011 0.01183111 0.02194601 0.15322807 0.02116831 0.01120401 0.08328314 0.07783524 0.04493312 0.02515861 0.03122521 0.01986331 0.02835161 0.02520891 0.00741814 0.02767661 0.06368533
99 0.06101656 0.04083518 0.02268519 0.27460184 0.01481699 0.03424378 0.03341738 0.03375078 0.01368869 0.07193846 0.09261455 0.04424717 0.02960338 0.03726368 0.02572679 0.03571508 0.03606688 0.00801608 0.02603418 0.06371736
100 0.06153381 0.02948220 0.03012310 0.03633591 0.00990776 0.01832300 0.04047741 0.04377411 0.01465790 0.04652131 0.41894707 0.03813691 0.01812510 0.02285940 0.01905990 0.03955501 0.02818740 0.00578288 0.02508230 0.05312751
101 0.05292091 0.02694180 0.01490570 0.02157070 0.00891578 0.02017570 0.03161170 0.02948880 0.00803828 0.07036751 0.05710921 0.03162150 0.02364600 0.02957250 0.01450590 0.43180206 0.02365850 0.00676401 0.01656030 0.07982311
102 0.36758887 0.02486949 0.02552029 0.02625419 0.00826084 0.01381320 0.02098749 0.02659429 0.01129290 0.05811028 0.07814417 0.02960609 0.01212920 0.02901829 0.01926039 0.03021559 0.02230469 0.00609361 0.02122219 0.16871394
103 0.04707922 0.02701181 0.02490461 0.02217611 0.01309960 0.02069271 0.04034691 0.34676912 0.02190421 0.05982112 0.07992443 0.04082271 0.02309891 0.02909681 0.01670721 0.03687501 0.04639742 0.00672426 0.02574391 0.07080392
104 0.05522729 0.03890149 0.03560639 0.03493349 0.00803315 0.02858779 0.03868699 0.04226979 0.01555050 0.05287319 0.06580779 0.04289079 0.01586830 0.31934394 0.02138530 0.04949119 0.03865889 0.00801504 0.03590299 0.05196569
105 0.02466130 0.03062640 0.02663090 0.02713390 0.00610371 0.02088060 0.02598510 0.03747090 0.01156030 0.03409800 0.05267760 0.03231570 0.01606110 0.19082498 0.01630490 0.04204000 0.01537660 0.00785587 0.02488720 0.35650497
106 0.04436173 0.02898272 0.02076161 0.03175082 0.00838082 0.01904211 0.03921642 0.04150872 0.01583131 0.33401920 0.05689463 0.03438392 0.01393881 0.02348401 0.02075241 0.04984253 0.02275791 0.00697329 0.01336391 0.17375310
107 0.15619610 0.03112972 0.01485731 0.01611301 0.00792497 0.02334372 0.02123671 0.02168971 0.01508471 0.03511882 0.04369643 0.16791511 0.01166541 0.02569002 0.01240781 0.19458613 0.01535631 0.00563469 0.15312810 0.02722522
108 0.04473628 0.02391119 0.01681019 0.02652909 0.00532226 0.01656859 0.02783929 0.03107409 0.00998918 0.27686088 0.08248626 0.02778909 0.01309729 0.15169293 0.01507099 0.03707568 0.01726289 0.00606679 0.01493409 0.15488293
109 0.03528189 0.02674699 0.02028289 0.03960338 0.00932347 0.01537479 0.03757758 0.04400538 0.00913188 0.03586588 0.05269548 0.03047869 0.42762982 0.02215379 0.02437099 0.06234237 0.02633499 0.00555327 0.02101249 0.05423398
110 0.04411400 0.33316899 0.01792980 0.02845500 0.01639960 0.01425010 0.03382460 0.02315880 0.00751036 0.04178800 0.05746940 0.17882200 0.01416180 0.02703900 0.01772730 0.02971950 0.04336640 0.00423466 0.02407910 0.04278160
111 0.04249441 0.04016681 0.03077331 0.02907551 0.01202050 0.01688391 0.31949110 0.05224502 0.02614191 0.07074132 0.08343613 0.03399551 0.02464871 0.03529501 0.01568501 0.04623191 0.03099661 0.00990838 0.02890171 0.05086722
112 0.03638719 0.01893279 0.02217119 0.01788089 0.01045770 0.01762740 0.03833819 0.32654691 0.01604150 0.05542398 0.06534978 0.03521319 0.02019399 0.02389289 0.01099520 0.16695795 0.03663109 0.00770608 0.01840099 0.05485108
113 0.03147851 0.26408411 0.02587041 0.02812551 0.00819776 0.02182631 0.03143241 0.03547531 0.01163220 0.02748341 0.03292091 0.03849362 0.01021670 0.27622612 0.01509751 0.03260831 0.03885532 0.00615182 0.02771331 0.03611042
114 0.23308798 0.01840260 0.01900830 0.01888520 0.00917723 0.01393730 0.02642850 0.31686798 0.01617820 0.05896530 0.06472680 0.02389570 0.01342950 0.02653170 0.01383450 0.03205470 0.03073340 0.00558724 0.02494350 0.03332440
115 0.05198200 0.02513890 0.01461340 0.02020330 0.00855328 0.02025590 0.03271200 0.02904580 0.00830911 0.06794219 0.05657170 0.03117770 0.02506300 0.02615880 0.01436500 0.43949796 0.02287960 0.00692429 0.01787360 0.08073249
116 0.06285288 0.03448049 0.02642589 0.03290099 0.00984558 0.02868399 0.04506149 0.04219889 0.01445580 0.04040579 0.08344827 0.03598589 0.02302929 0.04109649 0.02668489 0.03901669 0.03030179 0.00769814 0.32192490 0.05350188
117 0.04410241 0.37256209 0.02604891 0.03531971 0.01047420 0.02119050 0.04056661 0.03296941 0.01048570 0.05285681 0.06319451 0.03994831 0.01886950 0.03486861 0.02668601 0.04235471 0.04198541 0.00563267 0.02318421 0.05669971
118 0.03571737 0.02561518 0.01472759 0.02914988 0.00956818 0.02271338 0.04167457 0.04200927 0.01775559 0.03156657 0.05501905 0.03076437 0.01443099 0.19014984 0.02143558 0.02230398 0.04168857 0.00831783 0.30200375 0.04338846
119 0.06385952 0.02674461 0.03021651 0.03534881 0.00981017 0.01846031 0.03960271 0.04336061 0.01463520 0.04572291 0.41746613 0.03670241 0.01701801 0.02664591 0.02189841 0.04071801 0.02827071 0.00636312 0.02509211 0.05206382
120 0.05118773 0.01375131 0.01592201 0.01978151 0.18695910 0.01380431 0.02832471 0.18542409 0.01143811 0.27314914 0.02917461 0.02355511 0.01084721 0.01358281 0.01168861 0.03297352 0.02011721 0.00328425 0.00931784 0.04571682
121 0.02783290 0.01946300 0.02049360 0.02676990 0.00510175 0.01111170 0.02409250 0.04232980 0.01038080 0.05321340 0.33478398 0.02376290 0.01602090 0.01941230 0.01491430 0.03035160 0.01321370 0.00427602 0.01992000 0.28255498
122 0.05120503 0.02221251 0.02333771 0.02744561 0.01275341 0.02035021 0.06752063 0.07163764 0.27982214 0.06628593 0.07493674 0.03894892 0.01557151 0.03052632 0.01688791 0.03141572 0.03707712 0.01069941 0.02430141 0.07706414
123 0.03317339 0.02575459 0.01931999 0.03802539 0.00934033 0.01563349 0.03928059 0.04233759 0.00896094 0.03553899 0.05144358 0.02708759 0.43920386 0.02353599 0.02698309 0.05792898 0.02668909 0.00536056 0.02239519 0.05200678
124 0.03233789 0.02692139 0.01270670 0.01967350 0.00717485 0.02493769 0.14864096 0.02799909 0.00877334 0.02796849 0.04412619 0.01614790 0.01079410 0.02635769 0.15301296 0.02675029 0.33333792 0.00581645 0.01858750 0.02793509
125 0.06033078 0.03186319 0.34690786 0.02658619 0.01300079 0.02177149 0.04133088 0.04507548 0.01184270 0.04439138 0.08797666 0.03859548 0.01887989 0.03846848 0.02294359 0.03107989 0.02559429 0.00606200 0.02326319 0.06403577
126 0.03764818 0.02965779 0.01438339 0.02098599 0.00694508 0.01616659 0.02612899 0.03110988 0.00844919 0.02690639 0.04863088 0.01689159 0.01075189 0.02921179 0.19769290 0.02444029 0.38874781 0.00543462 0.02011089 0.03970588
127 0.07428993 0.03206741 0.02061401 0.03524121 0.01165890 0.01998221 0.05009892 0.04397652 0.01597091 0.37343314 0.05594932 0.03872711 0.01449401 0.02458961 0.02800181 0.06678993 0.02409361 0.00859232 0.01572681 0.04570232
128 0.03354432 0.03307632 0.02818911 0.03140682 0.00812899 0.01910531 0.03112062 0.04748692 0.01840001 0.04792592 0.06577223 0.03442962 0.02058171 0.02789571 0.01885951 0.07092743 0.02447481 0.00680792 0.01938051 0.41248620
129 0.05297200 0.03058560 0.02399310 0.04431050 0.02476560 0.33913398 0.02747550 0.04096930 0.01324290 0.04931970 0.06080420 0.03382330 0.01579260 0.03535410 0.02494270 0.05073640 0.04405570 0.00801505 0.03043780 0.04927000
130 0.05290878 0.02739669 0.02142409 0.04513308 0.02475629 0.33981487 0.02868269 0.04139988 0.01252700 0.05101588 0.06361158 0.03483909 0.01687059 0.03813529 0.02326759 0.05020438 0.04031538 0.00781879 0.02954989 0.05032818
131 0.06186601 0.04222931 0.02200690 0.28007606 0.01260210 0.03335111 0.03428641 0.03228401 0.01590680 0.06671441 0.09154452 0.04619091 0.03051481 0.03465301 0.02597011 0.03815531 0.03483661 0.00843450 0.02499690 0.06338021
132 0.03132789 0.03328049 0.02869539 0.02966249 0.00839773 0.02019440 0.03112649 0.05023169 0.01978680 0.04832879 0.06269808 0.03393589 0.02076350 0.02554879 0.01933820 0.06848418 0.02515009 0.00784931 0.02006890 0.41513090
133 0.04351261 0.36324405 0.02776630 0.03624841 0.01005600 0.02055650 0.04164491 0.03533590 0.01036780 0.05477511 0.06148451 0.03809251 0.01849800 0.03522760 0.02463350 0.04483211 0.04465921 0.00548826 0.02659500 0.05698171
134 0.06269200 0.02752490 0.03090990 0.03606950 0.01062790 0.01687440 0.04020210 0.04497650 0.01429500 0.04564860 0.41540702 0.03790060 0.01664400 0.02295200 0.02106440 0.04005520 0.03030570 0.00699556 0.02678400 0.05207070
135 0.04715890 0.02682710 0.02652670 0.02137460 0.01256550 0.02274720 0.04153960 0.34434598 0.02376650 0.05688080 0.08080579 0.04030290 0.02227630 0.03044780 0.01730280 0.03788730 0.04591750 0.00749637 0.02517100 0.06865940
136 0.04058909 0.04053399 0.01815289 0.02872469 0.01203610 0.02749649 0.03240649 0.05341448 0.01488779 0.03666669 0.05983338 0.02742109 0.01784189 0.03360269 0.01872349 0.04132369 0.42294286 0.00775154 0.02288019 0.04277049
137 0.06208437 0.04490108 0.02215939 0.27271889 0.01487419 0.03323759 0.03528599 0.03315149 0.01470879 0.06853867 0.09032576 0.04671198 0.02717759 0.03501499 0.02563049 0.03877648 0.03737108 0.00819271 0.02615889 0.06297957
138 0.06424277 0.03550308 0.02735679 0.03381308 0.01024920 0.02769129 0.04422088 0.04533368 0.01441659 0.03841868 0.08217426 0.03600538 0.02430179 0.04014888 0.02647949 0.03539258 0.03264918 0.00753516 0.32140585 0.05266138
139 0.04987183 0.02539631 0.01585081 0.02199161 0.00857223 0.02026271 0.03236312 0.03002142 0.00847276 0.06739614 0.05735603 0.03477542 0.02537371 0.02780951 0.01597871 0.43313923 0.02452751 0.00708309 0.01654381 0.07721404
140 0.03875912 0.26426811 0.01462421 0.02341401 0.01539631 0.01755981 0.02260191 0.02086111 0.00872732 0.03010341 0.22102709 0.15630306 0.01903771 0.01784061 0.01707581 0.02533011 0.02395321 0.00359717 0.02294521 0.03657471
141 0.02607030 0.02616770 0.01982520 0.03775880 0.00472901 0.01616690 0.19982802 0.03388550 0.02129830 0.27498203 0.03480570 0.03006820 0.01215150 0.01398070 0.01138890 0.03390490 0.02369610 0.00629909 0.01148010 0.16151302
142 0.01956391 0.01492221 0.01498321 0.02081091 0.00593305 0.17022206 0.02192541 0.03738591 0.01902401 0.14887105 0.03293081 0.02024081 0.01467781 0.01734121 0.01207830 0.02170621 0.17658306 0.00596880 0.01011220 0.21471908
143 0.02387131 0.02648371 0.01272020 0.03643351 0.01111620 0.01545550 0.18277705 0.04456971 0.01305040 0.06187952 0.07686912 0.32287310 0.01490290 0.02736831 0.01198560 0.03113551 0.01577840 0.01019320 0.02093421 0.03960251
144 0.04990991 0.02525121 0.01520010 0.01975140 0.00979338 0.02151310 0.03027881 0.03135221 0.00798845 0.07021202 0.05604331 0.03087241 0.02472081 0.02898011 0.01492620 0.43764110 0.02254550 0.00647625 0.01632660 0.08021712
145 0.04448779 0.03819980 0.02956780 0.02820490 0.01277370 0.01763390 0.31670296 0.04993689 0.02597120 0.07180699 0.08634189 0.03355990 0.02499090 0.03420660 0.01652520 0.04436799 0.03281390 0.00983902 0.03170480 0.05036389
146 0.04038939 0.01763210 0.01265940 0.22026895 0.01642070 0.34261793 0.02552839 0.03205279 0.00903713 0.04184329 0.05346999 0.02265960 0.01003520 0.02873039 0.01360220 0.01917430 0.02841709 0.00992638 0.02153420 0.03400059
147 0.05714849 0.03137819 0.02126000 0.04383629 0.02324380 0.34097094 0.02820660 0.04312339 0.01315540 0.04952849 0.06035539 0.03146189 0.01608060 0.03618799 0.02425740 0.04797319 0.04317419 0.00766607 0.03016619 0.05082549
148 0.03729921 0.02370811 0.01221670 0.01865840 0.00837292 0.01418240 0.01986580 0.01784560 0.00586807 0.03667931 0.04224651 0.01726250 0.23891306 0.01855410 0.24837306 0.14747304 0.01865200 0.00449226 0.02296891 0.04636801
149 0.05326981 0.03193641 0.02406031 0.04228771 0.02390451 0.33602207 0.02797281 0.04058301 0.01271030 0.04992491 0.06034581 0.03463521 0.01666650 0.03477161 0.02583381 0.05049301 0.04184091 0.00809029 0.03011861 0.05453241
150 0.05293667 0.03948707 0.03606748 0.03384428 0.01035109 0.03016018 0.03557118 0.04279087 0.01621509 0.05218527 0.06147106 0.04424737 0.01629709 0.32345879 0.01972979 0.05154257 0.03710708 0.00846775 0.03490728 0.05316206
151 0.45544995 0.02619670 0.02581400 0.03101360 0.01254940 0.02082990 0.02799310 0.03612980 0.01336240 0.06457289 0.07655329 0.02361670 0.01373600 0.02562690 0.01970480 0.04229460 0.02359980 0.00623040 0.02243360 0.03229220
152 0.04809649 0.21562193 0.02495569 0.03099999 0.01099930 0.01885789 0.03252899 0.03383639 0.01210190 0.02434149 0.34278889 0.04194789 0.01162910 0.01388090 0.02517049 0.03136689 0.02472169 0.00501171 0.02128059 0.02986179
153 0.02408921 0.02475421 0.22103406 0.03194951 0.00908740 0.01148300 0.30889508 0.03143321 0.01525220 0.04700551 0.06410052 0.01611050 0.01430640 0.02926551 0.01100940 0.03141271 0.01837660 0.00636644 0.02588411 0.05818442
154 0.29615008 0.02864541 0.01299100 0.24278507 0.01075010 0.02388961 0.02017921 0.02374201 0.00957968 0.05332171 0.07792002 0.02539421 0.01722450 0.03512271 0.01767340 0.03061761 0.01993451 0.00549884 0.01956691 0.02901341
155 0.04880170 0.02653010 0.02826440 0.02152050 0.01387940 0.02154810 0.04156190 0.34418902 0.02225300 0.05699480 0.07909530 0.04135550 0.02509100 0.03052320 0.01716510 0.03757680 0.04349820 0.00747944 0.02414060 0.06853190
156 0.03154241 0.02623271 0.01355310 0.02907261 0.00877163 0.02065821 0.03431971 0.03988021 0.02110981 0.02910441 0.03614981 0.02757811 0.00929507 0.28825109 0.01724331 0.01831761 0.04672341 0.00638568 0.25953908 0.03627201
157 0.03328712 0.21876413 0.02387381 0.01825871 0.00779203 0.01642551 0.20968212 0.18286611 0.00933035 0.04212182 0.04620973 0.02921712 0.01175201 0.02695852 0.01171671 0.03026662 0.02355741 0.00699934 0.01705651 0.03386432
158 0.06393697 0.02852669 0.02982049 0.03627698 0.00976535 0.01759699 0.04244668 0.04114628 0.01454649 0.04630408 0.41599581 0.03711498 0.01599999 0.02464099 0.01923219 0.03964758 0.02889609 0.00649930 0.02640789 0.05519818
159 0.05321732 0.03582271 0.03326311 0.03478991 0.00713093 0.02850411 0.03936541 0.04531731 0.01511320 0.05220912 0.06369342 0.04018871 0.01732061 0.32603609 0.02108381 0.05110541 0.03821611 0.00901558 0.03340091 0.05520622
160 0.03872257 0.01867619 0.02180138 0.02695018 0.00574055 0.01159879 0.02826598 0.04188827 0.00971652 0.05308216 0.39268270 0.02848798 0.01492809 0.02005858 0.01786019 0.03255857 0.01901379 0.00423679 0.01938089 0.19434985
161 0.04263358 0.36626087 0.02564719 0.03758479 0.01103690 0.02080379 0.03885949 0.03435239 0.01046070 0.05630788 0.06393258 0.03712179 0.01945309 0.03361529 0.02589819 0.04089879 0.04544938 0.00594966 0.02476499 0.05896868
162 0.06301902 0.02794471 0.03020741 0.03611371 0.00973526 0.01662301 0.04101882 0.04239242 0.01482021 0.04471362 0.41601816 0.03932421 0.01676361 0.02434421 0.02130931 0.03954402 0.02923721 0.00707286 0.02774351 0.05205472
163 0.06517814 0.02870742 0.02880362 0.03460482 0.00960971 0.01789881 0.04051862 0.04502803 0.01282491 0.04461133 0.41064925 0.03858952 0.01648871 0.02588192 0.02045611 0.04161292 0.03180862 0.00683260 0.02442911 0.05546583
164 0.02417561 0.01627511 0.02210441 0.02558881 0.00438946 0.00975811 0.03431601 0.03528851 0.00760931 0.03259481 0.33727312 0.02173441 0.01918651 0.03241011 0.01698471 0.02069751 0.01242040 0.00493295 0.17132506 0.15093506
165 0.02414801 0.02358781 0.02211561 0.02721121 0.00588863 0.01246640 0.02510361 0.04660291 0.01169410 0.04348511 0.22169705 0.02714751 0.01700870 0.02051060 0.01689220 0.03961661 0.01736350 0.00441704 0.01879830 0.37424509
166 0.02580301 0.02374901 0.01534101 0.02543201 0.00936273 0.01853931 0.03393262 0.03608302 0.00813226 0.02967322 0.05065023 0.02686162 0.02293381 0.17449210 0.01871981 0.02104901 0.02156691 0.00607505 0.24158614 0.19001711
167 0.07450065 0.02995078 0.01820179 0.03732478 0.01277519 0.02059389 0.04627977 0.04236317 0.01416319 0.38068477 0.05521797 0.03753718 0.01457299 0.02622448 0.02650338 0.06359106 0.02441069 0.00911560 0.01642849 0.04956017
168 0.04169262 0.37013621 0.02619991 0.03998462 0.00968107 0.02212751 0.03903922 0.03383662 0.01011761 0.05553223 0.06066493 0.03814922 0.01817551 0.03517992 0.02382891 0.04293522 0.04509583 0.00597758 0.02545981 0.05618543
169 0.03556188 0.03119828 0.01708289 0.02880508 0.00877685 0.02210569 0.03484358 0.04155777 0.02072209 0.03123158 0.03653458 0.03182488 0.01079629 0.33378678 0.01655679 0.02419338 0.04413557 0.00641799 0.18592488 0.03794318
170 0.05757202 0.03931961 0.02833081 0.03802811 0.01762730 0.02694101 0.02881171 0.03152491 0.01204320 0.07041182 0.07583212 0.04030461 0.02814581 0.03076581 0.30560308 0.03764031 0.03500441 0.00705323 0.03228501 0.05675512
171 0.05388392 0.03955831 0.03471851 0.03490051 0.00842499 0.02851441 0.03748551 0.04596632 0.01538501 0.05284442 0.06199052 0.04216231 0.01698161 0.31752211 0.02064741 0.05277082 0.03940811 0.00830567 0.03368041 0.05484912
172 0.04392708 0.37203386 0.02655529 0.03925259 0.01026080 0.02258259 0.03896069 0.03302739 0.01036670 0.05436138 0.06044718 0.03957358 0.01934389 0.03188819 0.02453349 0.04386488 0.04239778 0.00568558 0.02357279 0.05736428
173 0.02675471 0.20581309 0.01050160 0.01463041 0.00491699 0.01128060 0.02406831 0.01180450 0.01019790 0.07053423 0.04360352 0.02213951 0.01503761 0.01525731 0.26399711 0.15283506 0.01905721 0.00384819 0.02518741 0.04853472
174 0.05184111 0.03614330 0.01497590 0.02638720 0.00892014 0.01634840 0.02580930 0.04210081 0.01117980 0.03477260 0.06824101 0.02789290 0.16028002 0.04143891 0.01638480 0.02486550 0.33149204 0.00606283 0.01614460 0.03871881
175 0.03171420 0.02794240 0.02140210 0.02975190 0.00714944 0.01742480 0.03381120 0.04176830 0.01556720 0.27062498 0.05283060 0.03088690 0.01570440 0.02173850 0.01529270 0.04596700 0.02321020 0.00568353 0.01213170 0.27939798
176 0.05039420 0.03231070 0.02140830 0.04496690 0.02186670 0.34351802 0.02710340 0.04206170 0.01333170 0.04774230 0.06300290 0.03218700 0.01614840 0.03732150 0.02527460 0.05040260 0.04218980 0.00808375 0.02970740 0.05097810
177 0.05997799 0.03927459 0.02779859 0.03826399 0.01910720 0.02667670 0.02779629 0.03202349 0.01143920 0.07492189 0.07172839 0.04063109 0.02672660 0.03027479 0.30253895 0.03866009 0.03443429 0.00767278 0.03115729 0.05889579
178 0.03165291 0.02589221 0.02810401 0.03449801 0.00771887 0.01755811 0.03612871 0.03445491 0.01250520 0.27506809 0.03128751 0.20436607 0.01269610 0.01556490 0.02368441 0.03122391 0.01801451 0.00570841 0.01107910 0.14279405
179 0.39762163 0.02480678 0.02838907 0.02234718 0.00696198 0.01256509 0.02058948 0.02645678 0.01161009 0.05229645 0.07807223 0.02668898 0.01269169 0.02840427 0.01831208 0.02695737 0.02010308 0.00708533 0.01949458 0.15854585
