1 0.20465110 0.03305982 0.02514971 0.03831772 0.04613642 0.03074351 0.03882932 0.05360863 0.02015041 0.09227504 0.08299014 0.03965292 0.01717231 0.02800601 0.03065211 0.09678285 0.04087042 0.00815292 0.02667131 0.04612732
2 0.13346303 0.04362491 0.07171181 0.08316442 0.01947150 0.03459511 0.06153151 0.04145701 0.01995150 0.07139101 0.10212202 0.04499461 0.02139110 0.03626231 0.02809181 0.05420521 0.04178011 0.00835160 0.02722681 0.05521261
3 0.13554300 0.03366670 0.02267130 0.03418900 0.01491810 0.03033790 0.04024080 0.05813780 0.01648890 0.09273250 0.09540600 0.03941900 0.02354850 0.03810680 0.02816010 0.14498300 0.03538110 0.01104690 0.03456610 0.07045650
4 0.04644399 0.04798239 0.04041729 0.04069679 0.01218000 0.02962639 0.04914969 0.04990239 0.01708750 0.05210459 0.07888048 0.04942469 0.01963480 0.04602039 0.02091189 0.08798978 0.03029239 0.00586715 0.02748249 0.24790494
5 0.17285803 0.03333551 0.02769351 0.03187041 0.01443930 0.02537831 0.03700091 0.05859821 0.01722120 0.12075302 0.13807703 0.03424851 0.02059160 0.03042101 0.02719661 0.06107841 0.04171601 0.00809530 0.02791201 0.07151511
6 0.07036201 0.04615881 0.02977521 0.03861031 0.01536490 0.02822061 0.05135681 0.05532921 0.02211550 0.06051561 0.09381002 0.04562211 0.02647371 0.03819501 0.07589852 0.04765561 0.11557902 0.01080780 0.03339541 0.09475382
7 0.05598574 0.03481453 0.02536642 0.03622193 0.01257101 0.03493163 0.04279333 0.05232784 0.01550071 0.08630277 0.09214147 0.04230383 0.03008182 0.03886433 0.02426012 0.18952115 0.03136102 0.00996804 0.03670623 0.10797608
8 0.07089886 0.04288928 0.03433088 0.04520868 0.01967909 0.02955649 0.04783128 0.05942117 0.02418949 0.06772737 0.10154895 0.11181694 0.03144738 0.04603998 0.03098888 0.06586217 0.05027887 0.01062099 0.03309228 0.07657096
9 0.06810109 0.04596079 0.03676199 0.03802449 0.01589990 0.02748409 0.09976178 0.05207029 0.02311840 0.13189197 0.09238108 0.03969669 0.02515779 0.03337009 0.02914679 0.06126499 0.05504679 0.00783130 0.03072319 0.08630648
10 0.06518768 0.03880769 0.02586119 0.04019939 0.01583730 0.03524599 0.04874979 0.05140218 0.01980109 0.08572237 0.09569227 0.04398709 0.03061639 0.03854339 0.03133099 0.13702596 0.08535997 0.01030240 0.03497639 0.06535048
11 0.04948061 0.08095172 0.02756841 0.03879791 0.01310300 0.03430451 0.04925651 0.04890961 0.01627110 0.07730872 0.08573662 0.04762091 0.02643341 0.03799951 0.02706421 0.16890604 0.02959601 0.00825637 0.03255461 0.09988022
12 0.09300823 0.04034487 0.03104568 0.04000247 0.01582719 0.03382437 0.04678376 0.05715865 0.01985908 0.14532589 0.12576590 0.04246917 0.02110238 0.03308847 0.02970698 0.07684064 0.04529336 0.00888108 0.03159188 0.06207995
13 0.05960708 0.04479639 0.07402748 0.03279509 0.01607779 0.02755719 0.05298308 0.09608237 0.02136109 0.06690258 0.10852296 0.04747418 0.02886099 0.04348909 0.03372159 0.04904288 0.08691277 0.00880783 0.02950329 0.07147428
14 0.08893146 0.03955803 0.03543953 0.03577803 0.01324221 0.02803212 0.04435443 0.05476924 0.01972001 0.10891808 0.17745513 0.04174993 0.02337452 0.03439143 0.02600222 0.06322965 0.04746373 0.00722548 0.02835212 0.08201266
15 0.05448690 0.04005430 0.03323510 0.04520820 0.01526140 0.02823750 0.06035450 0.07479430 0.01954150 0.04927620 0.06462500 0.04986410 0.14342201 0.04235910 0.02955030 0.07600850 0.04444230 0.00759896 0.07213110 0.04954870
16 0.08156218 0.04380259 0.03043249 0.03844379 0.01331860 0.02828749 0.04273969 0.05857669 0.02119329 0.04950909 0.19086995 0.04545619 0.01999600 0.05426049 0.02588119 0.06335108 0.04967019 0.00945534 0.07677438 0.05641929
17 0.06578060 0.05641550 0.03500850 0.04306400 0.01948400 0.03442150 0.04948030 0.05817910 0.02419320 0.06558850 0.09175840 0.09891800 0.02953310 0.03884860 0.08071320 0.05577580 0.05406190 0.01085480 0.02972330 0.05819770
18 0.05499009 0.03896210 0.03934910 0.04565529 0.01385830 0.02511690 0.06797979 0.08268899 0.01815520 0.04631499 0.06559549 0.05547209 0.17044498 0.03517850 0.03015880 0.08085769 0.04062480 0.00674901 0.02865980 0.05318809
19 0.17251905 0.03774811 0.02892551 0.07628342 0.01540000 0.02777951 0.04120721 0.05118702 0.02163181 0.05713652 0.09406753 0.04178151 0.01977051 0.08500913 0.02537681 0.05896802 0.04058141 0.01317840 0.04465851 0.04679001
20 0.06767350 0.05338140 0.03941330 0.04273110 0.01622300 0.02685910 0.10584900 0.06090050 0.02630220 0.07388310 0.09810520 0.04704480 0.03348890 0.03981270 0.03058740 0.06468060 0.05573760 0.00809728 0.03216510 0.07706420
21 0.07080791 0.04462811 0.02674180 0.09723052 0.01833050 0.03587371 0.04794661 0.04725981 0.02047050 0.07408341 0.09454012 0.04914661 0.02900650 0.04022001 0.03297341 0.05862211 0.11137602 0.00988084 0.03552531 0.05533621
22 0.07713942 0.04988761 0.02815631 0.09420522 0.01937200 0.03651501 0.04977471 0.05260071 0.02075180 0.07863262 0.09748572 0.05392751 0.02889411 0.04303891 0.03108931 0.06491431 0.05276361 0.00920867 0.03595991 0.07568252
23 0.06514280 0.11370600 0.03809470 0.04646320 0.01933000 0.02928950 0.05549440 0.05785180 0.02201820 0.06193500 0.08932070 0.08696360 0.02466170 0.04375530 0.03325710 0.05367580 0.04273950 0.00745314 0.03028400 0.07856360
24 0.09307809 0.04367180 0.02663160 0.03735360 0.01451840 0.03020190 0.04293560 0.11345299 0.02018070 0.07177229 0.08526649 0.04141960 0.02579760 0.03872730 0.02825770 0.07901899 0.04463140 0.01109800 0.09140779 0.06057819
25 0.16958885 0.04047677 0.07142024 0.04255106 0.01779358 0.03286367 0.04868246 0.04527906 0.02210128 0.07043134 0.11671790 0.04492266 0.02117078 0.03647007 0.03072057 0.05710085 0.04204876 0.00882275 0.02719998 0.05363735
26 0.05912690 0.08690760 0.03389340 0.03738290 0.01609360 0.02787260 0.04394090 0.05320570 0.02360300 0.05166020 0.09036300 0.08830870 0.02537400 0.08713140 0.02997120 0.04607960 0.09321780 0.01097070 0.03697300 0.05792380
27 0.06300777 0.04156018 0.03511769 0.08967836 0.02196079 0.03013929 0.05777908 0.05126978 0.02179589 0.06710917 0.08867866 0.11502295 0.02859209 0.04231208 0.02909389 0.06126818 0.04532678 0.01055240 0.03033859 0.06939637
28 0.21127296 0.03831939 0.02833579 0.03720659 0.01567820 0.02787039 0.03998809 0.06260199 0.02005820 0.08024188 0.11167998 0.04051119 0.01949710 0.03731799 0.03120469 0.06032379 0.04242859 0.01012680 0.03286039 0.05247599
29 0.08963558 0.04379899 0.03777699 0.03948439 0.01387910 0.02934489 0.04751879 0.05537719 0.02307839 0.05791939 0.20267095 0.04797239 0.02244849 0.03751399 0.02938909 0.06339578 0.05274509 0.00745945 0.03004799 0.06854308
30 0.06372510 0.03921560 0.03271960 0.03926810 0.01303060 0.02823550 0.04490680 0.06174010 0.01872200 0.10435801 0.10618901 0.04844760 0.07175280 0.08017660 0.02784900 0.06497080 0.04874390 0.00803755 0.02648960 0.07142170
31 0.06871271 0.05367161 0.03212331 0.08665772 0.01914680 0.03497161 0.05659211 0.05202581 0.02081290 0.07277441 0.08744572 0.05370641 0.02903761 0.03722351 0.08022521 0.06012431 0.05575841 0.00974572 0.03218271 0.05706141
32 0.05570091 0.02962211 0.02033630 0.03157141 0.00973996 0.02988571 0.03767721 0.08827662 0.01410590 0.08300062 0.08561572 0.03589121 0.03125731 0.03914941 0.02142741 0.21131005 0.02487411 0.01042010 0.04068301 0.09945492
33 0.10723692 0.04994656 0.03406357 0.04166027 0.01647769 0.02849978 0.04692706 0.05027976 0.02163918 0.05032786 0.08932153 0.09314743 0.02409998 0.04291637 0.02775048 0.06033945 0.04463037 0.00923086 0.02842998 0.13307490
34 0.09665615 0.03703348 0.02755779 0.03413748 0.01438109 0.02633599 0.04227848 0.09729225 0.01997169 0.14207593 0.08845085 0.03663878 0.01921989 0.03426278 0.02455539 0.07342526 0.03865048 0.00897271 0.03061858 0.10748495
35 0.05744752 0.03472781 0.02528891 0.03709231 0.01260360 0.03494591 0.04312591 0.05196112 0.01514580 0.08794233 0.09235413 0.04263701 0.02985841 0.03814741 0.02448561 0.18835106 0.03120741 0.00954979 0.03631791 0.10681003
36 0.04858347 0.09306435 0.06851266 0.03896418 0.01778239 0.03484628 0.05569847 0.04650688 0.01811909 0.06536777 0.08170876 0.05748397 0.02661529 0.04292668 0.03014288 0.10664794 0.03295428 0.00806463 0.02880058 0.09720945
37 0.11755899 0.03128760 0.02143290 0.03244810 0.01390740 0.03066240 0.03818990 0.05491019 0.01450190 0.09321679 0.09354789 0.03717560 0.02347960 0.03715160 0.02573370 0.17984398 0.03156870 0.01077400 0.03439210 0.07821669
38 0.07644449 0.04989159 0.02788050 0.09467949 0.01964240 0.03690800 0.04968539 0.05181779 0.02049750 0.07725849 0.09734539 0.05469329 0.02925690 0.04296780 0.03179360 0.06494459 0.05293149 0.00941321 0.03596790 0.07598019
39 0.20605693 0.03377639 0.03104879 0.03293479 0.01286000 0.02441309 0.03481079 0.05178678 0.01979739 0.06896688 0.18016594 0.03687599 0.01930169 0.03454049 0.02603289 0.05082278 0.03866359 0.00821363 0.02844199 0.06048918
40 0.05834302 0.03492411 0.02502471 0.03613111 0.01256660 0.03500921 0.04273291 0.05248321 0.01552310 0.08811502 0.09227742 0.04180061 0.02888721 0.03818951 0.02418331 0.18968305 0.03105981 0.00983333 0.03616371 0.10706903
41 0.26315205 0.02868351 0.01902190 0.02783651 0.01488460 0.02343520 0.03001891 0.07244101 0.01548190 0.08565472 0.09875482 0.03247231 0.01557410 0.03235251 0.02939411 0.09353152 0.03308591 0.01048740 0.03162841 0.04210861
42 0.20991308 0.03293191 0.02256991 0.03304141 0.01590881 0.02737241 0.03643331 0.06635903 0.01725991 0.08738613 0.09881724 0.03727741 0.01922951 0.03548041 0.03070561 0.10020904 0.03758662 0.01082480 0.03303391 0.04765952
43 0.12939798 0.04185749 0.03317479 0.04824139 0.05259009 0.03362079 0.04807369 0.04819179 0.02410060 0.06474299 0.08455919 0.05502159 0.06896189 0.03387549 0.03381089 0.05769429 0.05081639 0.00715416 0.03213049 0.05198399
44 0.06537610 0.04209740 0.03247380 0.03920240 0.01382880 0.02680220 0.05184100 0.05549110 0.02361570 0.06952150 0.11548300 0.04551440 0.02608110 0.04428470 0.03048470 0.04272140 0.11596300 0.00889121 0.03628850 0.11403800
45 0.05639310 0.04187870 0.03796210 0.03835030 0.01276360 0.02976840 0.04615860 0.05140510 0.01814710 0.10126400 0.09979800 0.04241210 0.02150690 0.04010970 0.02107640 0.08157400 0.03499300 0.00689058 0.02828630 0.18926200
46 0.07704549 0.05004079 0.02865510 0.09574019 0.01969920 0.03746560 0.05063779 0.05159099 0.02090170 0.07869739 0.09714879 0.05403299 0.02915500 0.04255049 0.03112830 0.06445149 0.05279089 0.00916352 0.03513190 0.07397239
47 0.05754981 0.08480422 0.03541421 0.04422931 0.02058180 0.02931681 0.04717071 0.04886081 0.02028790 0.06056171 0.08188661 0.11780102 0.02702760 0.04300881 0.02950451 0.09898462 0.03588561 0.00923212 0.02786721 0.08002461
48 0.04831139 0.03240530 0.02957180 0.04041269 0.01174100 0.03072840 0.05459939 0.05772869 0.01453060 0.05953419 0.07977829 0.04542449 0.12377098 0.03591210 0.02450230 0.16794698 0.03779180 0.00737453 0.03076320 0.06717189
49 0.06940198 0.05356329 0.03755779 0.04482729 0.05326349 0.03309149 0.04317459 0.04909879 0.02418999 0.04647909 0.16236096 0.10574998 0.02506669 0.03554759 0.02993719 0.05311759 0.04875739 0.00742903 0.02838819 0.04899759
50 0.05658537 0.04099588 0.02570639 0.03666378 0.01900939 0.02933508 0.06135467 0.05775697 0.06479697 0.05509587 0.09772135 0.09513565 0.02173489 0.03747028 0.03324988 0.04332378 0.14079792 0.00989533 0.02777798 0.04559258
51 0.05750070 0.03498240 0.02526800 0.03601400 0.01245790 0.03508850 0.04309050 0.05181870 0.01563480 0.08676750 0.09187880 0.04176780 0.02923810 0.03828910 0.02436170 0.18974599 0.03091190 0.00972435 0.03645030 0.10900899
52 0.05963281 0.12128101 0.03745340 0.04495730 0.02148880 0.02822330 0.05089980 0.05420970 0.02261630 0.05579251 0.08604671 0.11554301 0.02417430 0.04461010 0.03238360 0.04987480 0.03795850 0.00722461 0.02818430 0.07744511
53 0.07419016 0.04621418 0.03259958 0.04849518 0.02159189 0.03935288 0.05123067 0.05218077 0.02382649 0.16251692 0.06285527 0.09195815 0.02052519 0.03107698 0.03345548 0.07164426 0.04835308 0.01096769 0.03269278 0.04427238
54 0.07616656 0.03495543 0.02689802 0.03462453 0.01204511 0.03033262 0.04049473 0.04943044 0.01872421 0.06136755 0.19851715 0.04202193 0.02530262 0.03777683 0.02448462 0.13924211 0.04165013 0.00842243 0.03032812 0.06721485
55 0.06171621 0.09025411 0.03681081 0.05035591 0.01822320 0.02810650 0.09192221 0.05574551 0.02449400 0.06139601 0.08394671 0.09238901 0.02546380 0.04081731 0.03025650 0.05385061 0.04280091 0.00730235 0.02763810 0.07651021
56 0.05740997 0.04603107 0.07199846 0.04973487 0.01690829 0.03053058 0.09619615 0.04948237 0.01826949 0.06811066 0.08176556 0.04706857 0.04070298 0.03722008 0.02806848 0.10731294 0.03833718 0.00821325 0.02718609 0.07945296
57 0.06201354 0.03742742 0.02676622 0.04312792 0.01441431 0.03109262 0.04832993 0.05203893 0.02048951 0.11694407 0.09678696 0.04225992 0.06948904 0.03512442 0.03501572 0.05354973 0.10786206 0.00822683 0.03461052 0.06443034
58 0.17406601 0.04347850 0.03228730 0.07691520 0.02090700 0.03409850 0.05378430 0.04643060 0.05304480 0.06343130 0.10033801 0.04402400 0.01820130 0.03566930 0.02699110 0.05343600 0.04289330 0.00768935 0.02823200 0.04408210
59 0.06404094 0.03864167 0.02318088 0.04232276 0.01507709 0.03230217 0.04840966 0.05085905 0.02059298 0.12299389 0.07515663 0.03852217 0.02670018 0.03955406 0.03048807 0.05770445 0.10322791 0.01001259 0.10132191 0.05889095
60 0.13563205 0.03730821 0.03072531 0.03689641 0.01619691 0.02727001 0.04212852 0.05592422 0.01869931 0.12530505 0.10160904 0.03702021 0.02025461 0.03333021 0.02591191 0.06524242 0.04119902 0.00833213 0.02876041 0.11225404
61 0.09089747 0.04481479 0.03750569 0.03853079 0.01361500 0.02938199 0.04756609 0.05469968 0.02308419 0.05894578 0.20368494 0.04740149 0.02223779 0.03742639 0.02914229 0.06278958 0.05294198 0.00759139 0.02948859 0.06825408
62 0.05745886 0.04361197 0.03385458 0.04521197 0.01810049 0.03284638 0.05101267 0.06136136 0.02181409 0.09214514 0.07276335 0.10254793 0.09129114 0.03570288 0.03135308 0.06660956 0.04879157 0.00859096 0.03067858 0.05425346
63 0.07671978 0.04121099 0.03301689 0.04107679 0.01602270 0.03350519 0.04848299 0.05533648 0.01954069 0.15032595 0.09120647 0.04140049 0.01954719 0.03435199 0.02739319 0.08186428 0.04226239 0.00896930 0.03226529 0.10550097
64 0.11183901 0.05319321 0.03643930 0.08145641 0.01839350 0.02852460 0.11446301 0.04842060 0.02291970 0.07260271 0.08884711 0.04352280 0.02427860 0.03388620 0.02873570 0.05243521 0.04863900 0.00738270 0.02843990 0.05558071
65 0.06979791 0.03777740 0.03170610 0.03980200 0.05921971 0.03655730 0.05099381 0.04582071 0.06281031 0.07403211 0.07656561 0.04966181 0.02357450 0.03030940 0.03455960 0.09564971 0.09793401 0.00770509 0.02968640 0.04583651
66 0.16007400 0.03180240 0.02104050 0.03402630 0.01502350 0.02894090 0.03472930 0.06630670 0.01861160 0.08176360 0.08957920 0.03685720 0.01944730 0.04811740 0.02562740 0.10877800 0.03702330 0.01416340 0.07783380 0.05025420
67 0.14682809 0.03059242 0.01988981 0.03185192 0.01711901 0.03071732 0.03770322 0.05469243 0.01490061 0.14902009 0.08129055 0.03308692 0.01896471 0.03087902 0.03005152 0.12418907 0.04240813 0.01070161 0.03079402 0.06431954
68 0.05986578 0.05380198 0.03226129 0.10878397 0.02039959 0.03003899 0.09344727 0.04797268 0.02108129 0.06707738 0.08010457 0.09102417 0.02850059 0.03748009 0.02834269 0.05409628 0.04403769 0.00812682 0.02748229 0.06607458
69 0.09225767 0.03341539 0.02384779 0.03964089 0.01937149 0.04018789 0.04476599 0.05019848 0.01614550 0.18682794 0.05993718 0.03677909 0.01707299 0.02621849 0.03392849 0.13680996 0.04976999 0.01122230 0.03343849 0.04816399
70 0.06773890 0.04135930 0.03156560 0.07504470 0.01416730 0.03146410 0.09066120 0.04563730 0.02408330 0.05528720 0.14507501 0.04462890 0.02731090 0.03299400 0.02815640 0.04887650 0.10664900 0.00682966 0.02868610 0.05378460
71 0.06421962 0.03972331 0.03288471 0.04543541 0.01521130 0.03095251 0.05402732 0.06338842 0.01952441 0.10112303 0.08139512 0.05057501 0.10477903 0.03636551 0.03178681 0.07594202 0.05052711 0.00782101 0.03333741 0.06098092
72 0.06031150 0.03870130 0.03552540 0.03638290 0.01241760 0.02995870 0.04511890 0.05210820 0.01760450 0.14147400 0.10164600 0.03687520 0.01987030 0.03625980 0.02107400 0.08197500 0.03515120 0.00749172 0.02829280 0.16176100
73 0.17912711 0.04629243 0.03365592 0.04670733 0.01695671 0.02930432 0.08431645 0.05175513 0.02280901 0.07533515 0.10035706 0.04283563 0.02019081 0.03335572 0.03122002 0.05263493 0.04635283 0.00864768 0.02919392 0.04895183
74 0.07061979 0.04619519 0.02930409 0.04299489 0.01629730 0.03121109 0.05673599 0.05827209 0.02593699 0.06894969 0.11016898 0.04989869 0.02690349 0.04293269 0.03716419 0.04923169 0.13185497 0.01033970 0.03661769 0.05837079
75 0.06651691 0.04427460 0.03216010 0.03812540 0.01591890 0.02616450 0.10965001 0.05569021 0.02883840 0.06732161 0.09978901 0.04521290 0.02691950 0.03665320 0.03409610 0.05442291 0.11863101 0.00931550 0.03335410 0.05694511
76 0.11509397 0.04891489 0.03244849 0.04238889 0.01762630 0.02754969 0.09247438 0.05292949 0.02561239 0.06785098 0.09402778 0.08476958 0.02552119 0.03750689 0.03156149 0.05816539 0.05207239 0.00951154 0.02810349 0.05587079
77 0.21117698 0.03809810 0.02780090 0.03695950 0.01580550 0.02765430 0.04020510 0.06268099 0.02004110 0.08036799 0.11190099 0.04067570 0.02009370 0.03714760 0.03043560 0.06079169 0.04253610 0.01005790 0.03265840 0.05291189
78 0.09417578 0.04141639 0.03040409 0.03977729 0.01613060 0.03363069 0.04597249 0.05681959 0.01926240 0.14618397 0.12486997 0.04242439 0.02107280 0.03300789 0.02999109 0.07679678 0.04545229 0.00884043 0.03262979 0.06114129
79 0.08930153 0.04355651 0.03719081 0.03896091 0.01385050 0.02923501 0.04798201 0.05544772 0.02323501 0.05917032 0.20241406 0.04827401 0.02209211 0.03780811 0.02918251 0.06364172 0.05305742 0.00773769 0.02972501 0.06813702
80 0.06212900 0.03289240 0.02254130 0.03401090 0.01084960 0.03005000 0.04087070 0.09383320 0.01592240 0.08024780 0.08720150 0.03944890 0.03274490 0.04120850 0.02348630 0.17988900 0.02746130 0.01054370 0.04096790 0.09370070
81 0.06320130 0.10797200 0.04372120 0.04988080 0.06425060 0.03886310 0.05550770 0.05293190 0.02690080 0.06737620 0.07700680 0.06903670 0.02112710 0.03390890 0.03715050 0.05199420 0.04692200 0.00657111 0.03245840 0.05321870
82 0.07571758 0.03976049 0.03048879 0.04006549 0.01465850 0.03021919 0.04995509 0.05262139 0.02132200 0.12146797 0.13301197 0.04151379 0.02733959 0.03300439 0.03151899 0.05408319 0.09640618 0.00850422 0.03134779 0.06699339
83 0.06728139 0.04119240 0.02474810 0.04255440 0.01615380 0.03118260 0.05394249 0.05298389 0.02351190 0.06901009 0.09654099 0.04458970 0.02729000 0.04017920 0.03735810 0.08657729 0.15036298 0.01085630 0.03494700 0.04873740
84 0.21124505 0.03810301 0.02844151 0.03746721 0.01603830 0.02796551 0.04037091 0.06189742 0.01998780 0.08046612 0.11220303 0.03988711 0.01982190 0.03654551 0.03095951 0.05996841 0.04218731 0.00986895 0.03288631 0.05368911
85 0.07097424 0.03173317 0.03906397 0.02873327 0.00900550 0.02008748 0.03722187 0.04794446 0.01628129 0.12223689 0.20356782 0.03167907 0.02794898 0.03469377 0.01838418 0.05329315 0.04151726 0.00524038 0.02237638 0.13801688
86 0.17162807 0.03852232 0.02420941 0.03360581 0.01731001 0.03042431 0.04114382 0.05586392 0.01617961 0.13686205 0.07146353 0.03593321 0.01885141 0.02628891 0.06980883 0.07304293 0.05283942 0.01013140 0.02749991 0.04839112
87 0.08752166 0.04409433 0.02547972 0.03482382 0.01389101 0.03057692 0.04228883 0.10269307 0.01817321 0.07934936 0.08219436 0.04269243 0.02977372 0.03790913 0.06951285 0.11677708 0.04124953 0.01160361 0.03308632 0.05630904
88 0.20706205 0.04205341 0.02662701 0.03456921 0.01511560 0.02901221 0.03910111 0.05870291 0.01824050 0.07784382 0.09709022 0.04047671 0.02105920 0.03221451 0.07157392 0.06044311 0.04624841 0.00998527 0.02907761 0.04350321
89 0.07073226 0.04201288 0.02624559 0.04348918 0.01691929 0.03334238 0.05322197 0.05433367 0.02346709 0.07486986 0.09739115 0.04504748 0.02845489 0.04089478 0.03581908 0.09286945 0.12275194 0.01082229 0.03523628 0.05207847
90 0.09074930 0.04352180 0.03725830 0.03890250 0.01386080 0.02964960 0.04747900 0.05495040 0.02294700 0.05974900 0.20389600 0.04792580 0.02205820 0.03777410 0.02863620 0.06296090 0.05226500 0.00776909 0.03003200 0.06761500
91 0.05717951 0.03826101 0.02941041 0.04064111 0.01337090 0.03294201 0.08081842 0.05080161 0.01653030 0.08106452 0.08280722 0.04235801 0.03669191 0.03430531 0.02578151 0.17469304 0.03615111 0.00865467 0.03140501 0.08613242
92 0.23702593 0.03502399 0.01904519 0.02872629 0.01303100 0.02135729 0.03236209 0.11015297 0.01695019 0.08025228 0.09564487 0.03473299 0.01749429 0.03684119 0.02893429 0.06512278 0.03506299 0.01104690 0.03658049 0.04461199
93 0.04598521 0.04829571 0.04036441 0.04016711 0.01240890 0.02946731 0.04936691 0.05019971 0.01734620 0.05189951 0.07725212 0.05015701 0.01916540 0.04649891 0.02091730 0.08742112 0.02967991 0.00606648 0.02693771 0.25040306
94 0.06204640 0.04203390 0.03349950 0.04944790 0.01808600 0.02528070 0.08804819 0.05844570 0.02626880 0.06350770 0.09011319 0.11685299 0.03282160 0.04219890 0.02931770 0.05984660 0.05127740 0.00999117 0.02893040 0.07198529
95 0.07558953 0.04515072 0.03595891 0.04012692 0.01345511 0.02633621 0.04437462 0.06084162 0.02152491 0.05415012 0.15201906 0.05193012 0.02294751 0.10530204 0.02616021 0.06083262 0.05111502 0.01095630 0.03374621 0.06748223
96 0.07243330 0.04415470 0.02587630 0.03854000 0.01467050 0.02703800 0.05302010 0.10538400 0.02518590 0.05996280 0.09918450 0.04729780 0.02447670 0.04286270 0.03689370 0.05391380 0.13383300 0.01049640 0.03512430 0.04965150
97 0.13393804 0.03404271 0.02247111 0.03462671 0.01454660 0.03047251 0.03985851 0.05867942 0.01623920 0.09188823 0.09574453 0.03984971 0.02411471 0.03836151 0.02788841 0.14713604 0.03500991 0.01103190 0.03422981 0.06987042
98 0.07301551 0.04939421 0.06575871 0.08945531 0.02025610 0.03546480 0.05551631 0.04716621 0.01894960 0.07536161 0.09670181 0.05134221 0.02792480 0.04168891 0.02873490 0.05577991 0.04567991 0.00850317 0.03004590 0.08326011
99 0.06570940 0.04957200 0.03119180 0.09015960 0.02008550 0.07079310 0.09154680 0.04636110 0.02025870 0.08780720 0.08034600 0.04579150 0.02535330 0.03317050 0.02802900 0.06351160 0.04921870 0.00684631 0.03174480 0.06250310
100 0.09028134 0.04382702 0.03747072 0.03912942 0.01383411 0.02941681 0.04733812 0.05443003 0.02321111 0.05837293 0.20296110 0.04768552 0.02228971 0.03753092 0.02926611 0.06318193 0.05352983 0.00773032 0.02984711 0.06866583
101 0.05684032 0.03529801 0.02546781 0.03589971 0.01261890 0.03488211 0.04301621 0.05290112 0.01554470 0.08620263 0.09228153 0.04217521 0.03028451 0.03817131 0.02442101 0.19041506 0.03069991 0.00976229 0.03626661 0.10685103
102 0.14571000 0.03295780 0.02776320 0.03675870 0.01392150 0.02448700 0.03911300 0.05800060 0.01973650 0.06664290 0.09302040 0.04629830 0.01948180 0.05664900 0.02905080 0.06194820 0.04615490 0.04679540 0.04130280 0.09420720
103 0.16241602 0.04125280 0.02240310 0.03186920 0.01383580 0.02450530 0.04095820 0.11890201 0.02018400 0.07819441 0.09902791 0.03965330 0.02332480 0.04200170 0.03015790 0.06213591 0.04391660 0.01076880 0.03709800 0.05739421
104 0.07499830 0.05144240 0.03759860 0.04324190 0.01471840 0.03029360 0.04970030 0.06471910 0.02302950 0.06269550 0.08925940 0.05600730 0.02622170 0.09848530 0.03007520 0.06715200 0.05085860 0.01115230 0.03183180 0.08651880
105 0.11467607 0.04102743 0.03200602 0.03888892 0.01563311 0.02660352 0.04842883 0.05185313 0.02250071 0.05987234 0.10824107 0.04270793 0.02359611 0.04129133 0.03017242 0.05084763 0.09466546 0.00931358 0.03355032 0.11412407
106 0.08093500 0.03848270 0.02591090 0.04416170 0.01783700 0.03788000 0.04612360 0.05790570 0.02093890 0.16789100 0.06464680 0.04173350 0.01826430 0.04169320 0.03017420 0.08312480 0.04624630 0.01214970 0.07960710 0.04429360
107 0.10824602 0.04087141 0.02591831 0.03959161 0.01799470 0.03033991 0.04490901 0.04893551 0.02420240 0.06109561 0.08774952 0.08288252 0.02293200 0.04610491 0.03026981 0.05268231 0.09972352 0.01230900 0.07391701 0.04932491
108 0.05720905 0.03544873 0.03384263 0.03333913 0.01004711 0.02296102 0.03894953 0.05586115 0.01758742 0.10895210 0.12977311 0.04195384 0.06182195 0.07280406 0.02182002 0.05872815 0.04132334 0.00698143 0.02660412 0.12399211
109 0.04759298 0.03739058 0.07225627 0.04504658 0.01350229 0.02489249 0.10103696 0.07915297 0.01745809 0.03687688 0.05434248 0.05482548 0.16970293 0.03141549 0.02624009 0.07542607 0.03618388 0.00560074 0.02410249 0.04695428
110 0.05950911 0.12101201 0.03821730 0.04523250 0.02118380 0.02853280 0.05065941 0.05419601 0.02242510 0.05618861 0.08555201 0.11519501 0.02444940 0.04385210 0.03269020 0.05009051 0.03815620 0.00738429 0.02844540 0.07702821
111 0.06893273 0.05290262 0.03924422 0.04226822 0.01628191 0.02691331 0.10593804 0.06041352 0.02613501 0.07376823 0.09831954 0.04744212 0.03377571 0.04012782 0.03067861 0.06339123 0.05513332 0.00837259 0.03207321 0.07788803
112 0.06160403 0.03751952 0.02668491 0.03790832 0.01378701 0.06954583 0.04199692 0.11242005 0.02005861 0.07814374 0.08169394 0.04037332 0.02691181 0.04094372 0.02851731 0.12625706 0.03587712 0.00974693 0.03949122 0.07051863
113 0.06937411 0.04288080 0.03179650 0.03853010 0.01569640 0.03074290 0.04508090 0.06560211 0.05654071 0.06092221 0.08093891 0.04845270 0.01915020 0.09432111 0.02557910 0.05642471 0.05026821 0.01130740 0.09109321 0.06529771
114 0.16170100 0.04111950 0.02253540 0.03216810 0.01411530 0.02408230 0.04034170 0.11870100 0.02027520 0.07842470 0.09884820 0.04040410 0.02400830 0.04218880 0.03058500 0.06240890 0.04323740 0.01087740 0.03735890 0.05661880
115 0.05706991 0.03547140 0.02536120 0.03636450 0.01286640 0.03534970 0.04314900 0.05259271 0.01570770 0.08575601 0.09155501 0.04216720 0.02952380 0.03863410 0.02421100 0.18903002 0.03038750 0.00954899 0.03644280 0.10881101
116 0.08308609 0.04650740 0.02912150 0.04358410 0.01618710 0.03641390 0.04894990 0.06219170 0.01901110 0.08064859 0.09376679 0.04589890 0.02629500 0.03785640 0.03000600 0.07753779 0.05324730 0.00960978 0.08926789 0.07081279
117 0.07235208 0.11503596 0.03590909 0.04529999 0.01701529 0.02966379 0.05908628 0.06108298 0.02104109 0.07094578 0.09644267 0.04586748 0.02424879 0.04280519 0.03547129 0.05804128 0.04965108 0.00686083 0.03368679 0.07949227
118 0.08255523 0.04186862 0.02790911 0.03898202 0.01259771 0.02807181 0.03994402 0.06406053 0.02003041 0.05512892 0.13731905 0.04579842 0.02255651 0.09098524 0.02485301 0.06296373 0.04880232 0.01168810 0.08137623 0.06250903
119 0.07545115 0.03822857 0.03353408 0.03702628 0.01250159 0.02645898 0.05012217 0.05292537 0.02448608 0.05730616 0.19811587 0.04615247 0.02606678 0.03531018 0.02969878 0.04892527 0.10693093 0.00692906 0.02747608 0.06635416
120 0.20318783 0.02733348 0.02070738 0.02378148 0.01196939 0.01811728 0.02747508 0.09540732 0.01478469 0.10949291 0.13853988 0.02781678 0.01959268 0.03056877 0.02328638 0.05966205 0.03569237 0.00820003 0.02804028 0.07634394
121 0.06058135 0.03316143 0.04336733 0.02939372 0.00832925 0.01948622 0.03815533 0.04575024 0.01592171 0.09282087 0.20269916 0.03383583 0.02733362 0.03656163 0.01748111 0.05219864 0.03952773 0.00444786 0.02187882 0.17706814
122 0.07006407 0.12496295 0.03053989 0.04408788 0.01878209 0.02901449 0.06245688 0.06392668 0.05501878 0.06409488 0.08833407 0.05251048 0.02096309 0.04035278 0.03430929 0.04833878 0.04720388 0.00640319 0.02979809 0.06883777
123 0.06361812 0.03722661 0.02916181 0.04167572 0.01406771 0.02950391 0.05043142 0.05621292 0.02115151 0.06188152 0.13903805 0.04844862 0.07607753 0.03675191 0.03482601 0.05396782 0.10455204 0.00761264 0.03070481 0.06308932
124 0.06557108 0.04057749 0.02920369 0.04108599 0.01641810 0.02906749 0.11366797 0.04896019 0.02422889 0.07210748 0.08732068 0.04221669 0.02971339 0.03360869 0.03260039 0.09652787 0.10573397 0.00862447 0.03074269 0.05202279
125 0.05251439 0.04762469 0.07475519 0.03275799 0.01537550 0.02776469 0.05499959 0.12540498 0.02242510 0.06346579 0.09830188 0.05227659 0.04292139 0.04662449 0.02949529 0.04789869 0.04156859 0.00773899 0.03015699 0.08592918
126 0.08204733 0.04869022 0.02511511 0.03475231 0.01532351 0.02700261 0.04852202 0.10028504 0.02213751 0.06322473 0.08556683 0.04380422 0.02459511 0.03697031 0.08138003 0.05854302 0.11687705 0.01097700 0.03108461 0.04310142
127 0.09434253 0.04038181 0.03085191 0.03950981 0.01587830 0.03322301 0.04623601 0.05698882 0.01955661 0.14609904 0.12588904 0.04175981 0.02097061 0.03292961 0.03041871 0.07642172 0.04538331 0.00915232 0.03204131 0.06196572
128 0.04607588 0.04863268 0.04037669 0.04057509 0.01255900 0.02980499 0.04940908 0.05025058 0.01728799 0.05196728 0.07828427 0.04975658 0.01958849 0.04594068 0.02112669 0.08701527 0.03049309 0.00578913 0.02726259 0.24780392
129 0.07481141 0.04148900 0.03382690 0.04775711 0.02029460 0.08861421 0.04428641 0.05376621 0.02115700 0.08675191 0.09324011 0.04484571 0.02499040 0.03968700 0.03296570 0.07928291 0.04850941 0.00881148 0.03878230 0.07613021
130 0.05952852 0.04002792 0.03232041 0.04457802 0.01908931 0.07385363 0.03932792 0.04583842 0.01784121 0.08413603 0.08298893 0.07967473 0.02386021 0.03705701 0.03134031 0.12977305 0.03801172 0.01025380 0.03318091 0.07731793
131 0.07696960 0.04925640 0.02823230 0.09535260 0.01976400 0.03666780 0.05048120 0.05232010 0.02085860 0.07789080 0.09643240 0.05476700 0.02917810 0.04333730 0.03177820 0.06502460 0.05203800 0.00920459 0.03531710 0.07512930
132 0.04279083 0.05106523 0.07896375 0.03691682 0.01348021 0.02777022 0.05311583 0.04679643 0.01762141 0.05164203 0.07954515 0.05011163 0.01869161 0.04587303 0.02103741 0.06191954 0.03307112 0.00557810 0.02329751 0.24071214
133 0.07386968 0.11110596 0.03415109 0.04127489 0.01353580 0.02541769 0.05184678 0.05639098 0.01913229 0.06294758 0.16498695 0.04127999 0.02380599 0.03962709 0.03249399 0.05137908 0.04786208 0.00621683 0.03195839 0.07071688
134 0.09084353 0.04394971 0.03751591 0.03951501 0.01382030 0.02926161 0.04763912 0.05494242 0.02258501 0.05873032 0.20276606 0.04829572 0.02203351 0.03782671 0.02898421 0.06281832 0.05308192 0.00757048 0.02969261 0.06812752
135 0.08765599 0.03945110 0.02671850 0.03237290 0.01379810 0.02722640 0.04280659 0.11231299 0.02131960 0.12503198 0.10035099 0.04014170 0.02833480 0.04053300 0.02680760 0.05980039 0.04817559 0.00918762 0.03390160 0.08407259
136 0.06642940 0.03948420 0.02917870 0.03704630 0.01243300 0.02673780 0.05095130 0.05470700 0.02411710 0.06366230 0.17354400 0.04509670 0.02968200 0.04026720 0.03113440 0.04088770 0.12830900 0.00821661 0.03173000 0.06638530
137 0.06775171 0.05472551 0.03131870 0.09748921 0.01837590 0.03316720 0.08964381 0.05104841 0.02105610 0.07547691 0.08824071 0.05185571 0.02980310 0.03852470 0.02880540 0.05913191 0.04940331 0.00776118 0.03174890 0.07467161
138 0.07991350 0.03891900 0.02527880 0.04188730 0.01543530 0.03654060 0.04609350 0.05781630 0.01676110 0.14104800 0.08316610 0.03929540 0.02371510 0.03551650 0.02846930 0.08064200 0.04954270 0.00988318 0.08599490 0.06408140
139 0.06343431 0.03942780 0.02583080 0.04024240 0.01569150 0.03472880 0.04856030 0.05145761 0.01992330 0.08535531 0.09619641 0.04444970 0.03056990 0.03940600 0.03180450 0.13635501 0.08551871 0.01037030 0.03468490 0.06599241
140 0.06754751 0.08643372 0.03218141 0.04110841 0.01827140 0.02766810 0.04399511 0.05286981 0.02099930 0.05526561 0.15525203 0.10681102 0.02596770 0.04215991 0.03106821 0.04902751 0.04231681 0.00764472 0.02848331 0.06492841
141 0.06007557 0.04416868 0.03230378 0.04195398 0.01640399 0.03147208 0.10661895 0.04910628 0.02649999 0.12532994 0.07462526 0.03775028 0.02419789 0.03338458 0.02728039 0.05994107 0.05742947 0.00812069 0.07326106 0.07007607
142 0.04773331 0.03991611 0.03361951 0.03905791 0.01400880 0.06843531 0.04224751 0.04717991 0.01855380 0.10010102 0.07813172 0.04004651 0.01966990 0.03495981 0.02210270 0.09106212 0.03195761 0.00637529 0.03122011 0.19362104
143 0.05837028 0.04329048 0.03573229 0.08246477 0.01913489 0.02905879 0.05880268 0.09487866 0.02324209 0.06183328 0.08258037 0.10007496 0.03249439 0.04175458 0.02831819 0.06115698 0.04228498 0.01000900 0.02976009 0.06475827
144 0.05724344 0.03505523 0.02483902 0.03649813 0.01287671 0.03441893 0.04287343 0.05253874 0.01572101 0.08756176 0.09310467 0.04215943 0.02921272 0.03834293 0.02440252 0.18986114 0.03163972 0.00975907 0.03636933 0.10552208
145 0.06089961 0.05390771 0.03291771 0.08013442 0.01599720 0.02659301 0.09744762 0.09759572 0.02432711 0.06667182 0.08197212 0.04811621 0.03815821 0.03847281 0.02710011 0.05823051 0.04512161 0.00762686 0.03074451 0.06796512
146 0.14665605 0.03687611 0.03047041 0.04441741 0.02033731 0.08392923 0.03983211 0.05165782 0.01928891 0.08617103 0.09572553 0.03921461 0.02108111 0.03549191 0.03324041 0.06900062 0.04603701 0.00869589 0.03593241 0.05594412
147 0.06633838 0.04796529 0.03484839 0.04813209 0.02263689 0.08328808 0.04087489 0.05216099 0.02136169 0.07868688 0.08839868 0.08846108 0.02453069 0.04003299 0.03339579 0.06799848 0.04672799 0.00924484 0.03593119 0.06898468
148 0.06968971 0.04188571 0.02605570 0.03899171 0.01552250 0.03083480 0.04634861 0.05164931 0.01959030 0.06281701 0.08797811 0.04415791 0.07370901 0.03405480 0.09638681 0.05600911 0.11802602 0.00957976 0.03003990 0.04667321
149 0.06806210 0.04293320 0.07638720 0.04349860 0.02343100 0.08916620 0.04302590 0.04920590 0.02337480 0.07538420 0.09166280 0.04690990 0.02288160 0.03982170 0.03370100 0.06719580 0.04223540 0.00864168 0.03372120 0.07875980
150 0.07377480 0.05142410 0.03784810 0.04398310 0.01459410 0.03014680 0.05094330 0.06503100 0.02327570 0.06235350 0.08973610 0.05540040 0.02628600 0.09892840 0.02905430 0.06697740 0.05101610 0.01094990 0.03213980 0.08613710
151 0.20660895 0.03952379 0.02869599 0.03784839 0.01599650 0.02817349 0.03999689 0.06195509 0.01968240 0.08053188 0.11224297 0.04058269 0.02001810 0.03791759 0.03082039 0.06032599 0.04210139 0.00996534 0.03347769 0.05353449
152 0.08192262 0.04340661 0.02625491 0.03876421 0.01361780 0.03014911 0.04160541 0.06341092 0.01959901 0.05679202 0.14399904 0.04420571 0.02112761 0.06047512 0.02598171 0.06487432 0.05016412 0.01052950 0.10278203 0.06033822
153 0.06047298 0.04698178 0.03254109 0.07996137 0.01668499 0.03193759 0.09084267 0.05085078 0.01796939 0.07656767 0.08028897 0.04722858 0.03847449 0.03478059 0.02741459 0.11049696 0.04197659 0.00814874 0.03014339 0.07623677
154 0.14243996 0.04498979 0.02641559 0.09006007 0.01950059 0.03325359 0.04631429 0.04996079 0.02024279 0.07545848 0.09957257 0.04687429 0.02347879 0.04119849 0.03023359 0.06116258 0.04868409 0.00959770 0.03317439 0.05738758
155 0.07161908 0.04831969 0.03118949 0.03789299 0.01509260 0.02897029 0.05187559 0.12168797 0.02486519 0.07171978 0.09931868 0.05056449 0.03700439 0.04545029 0.03113549 0.06121388 0.05077239 0.00934545 0.03669339 0.07526888
156 0.07794277 0.04307548 0.02897779 0.04023508 0.01271429 0.03092129 0.04007148 0.06792127 0.02276169 0.05457618 0.08333857 0.04599318 0.01965909 0.10894096 0.02550269 0.06456327 0.04900978 0.01380319 0.10557596 0.06441597
157 0.18538405 0.08705702 0.02741511 0.04090391 0.01627140 0.02835721 0.04700731 0.05977561 0.01989440 0.07084072 0.09705062 0.04284821 0.01865010 0.03555931 0.03458941 0.05694761 0.04422581 0.00798615 0.03069671 0.04853931
158 0.09135382 0.04453351 0.03788091 0.03902781 0.01372670 0.02943271 0.04778891 0.05482461 0.02268761 0.05903482 0.20149805 0.04789261 0.02191431 0.03788051 0.02898221 0.06287492 0.05333041 0.00763693 0.02966471 0.06803392
159 0.07954940 0.04222030 0.03653110 0.03748350 0.01213000 0.02550550 0.04365180 0.05620170 0.02043480 0.05755680 0.19577900 0.04821830 0.02355110 0.07961310 0.02557500 0.05785480 0.05113350 0.00886860 0.02935590 0.06878580
160 0.07120117 0.03877589 0.03990379 0.03376289 0.01071460 0.02368989 0.04307928 0.05117178 0.01949959 0.07932217 0.19368993 0.04029679 0.02483049 0.03646849 0.02250189 0.05766588 0.04574828 0.00604737 0.02630089 0.13532895
161 0.06590747 0.10443095 0.03148708 0.04299068 0.01599439 0.03116528 0.05463707 0.05633997 0.01761749 0.07328186 0.08670336 0.04231898 0.02521039 0.04019678 0.03355388 0.11249994 0.04265548 0.00789831 0.03289418 0.08221646
162 0.07117067 0.03395368 0.03741078 0.03164499 0.01058180 0.02301919 0.03989278 0.05063338 0.01678919 0.12377794 0.17364892 0.03416128 0.02593759 0.03503648 0.02005289 0.06210517 0.04158238 0.00619267 0.02559729 0.13681094
163 0.08931722 0.03958851 0.03465071 0.03589831 0.01323840 0.02763291 0.04382911 0.05503381 0.01968420 0.10903303 0.17664304 0.04128251 0.02366601 0.03475881 0.02634881 0.06387522 0.04770671 0.00760685 0.02883761 0.08136822
164 0.06421832 0.03553051 0.02767221 0.03381131 0.01147580 0.02721801 0.03900481 0.05569122 0.01962491 0.11333103 0.13840404 0.03529821 0.02416841 0.04871841 0.02096651 0.07352172 0.04126361 0.00860343 0.06869852 0.11277903
165 0.04917961 0.03933630 0.04127550 0.03461450 0.00944357 0.02368720 0.04283011 0.04715861 0.01591820 0.07267281 0.14081302 0.03995600 0.02206680 0.04040280 0.01778230 0.07105541 0.03250090 0.00484751 0.02443180 0.23002703
166 0.09943803 0.03027261 0.02236021 0.03777961 0.01097220 0.02497431 0.03379301 0.07184232 0.01818801 0.06282802 0.07911862 0.04635241 0.01591100 0.09315693 0.02592211 0.07344292 0.05139152 0.04585721 0.10507003 0.05132892
167 0.13222791 0.03705457 0.02787908 0.04014037 0.01583329 0.02962248 0.04382667 0.05392856 0.01851619 0.11993192 0.09281254 0.04115037 0.05904466 0.03367268 0.03327398 0.06399116 0.05206506 0.00837909 0.03130708 0.06534235
168 0.06788400 0.10509900 0.03489760 0.04827000 0.01922600 0.07005460 0.05285570 0.05372340 0.02176670 0.07399560 0.08518540 0.04774670 0.02229150 0.03814320 0.03497350 0.06130510 0.05212010 0.00687431 0.03338380 0.07020380
169 0.08212997 0.04388558 0.02961969 0.03935058 0.01283499 0.02797839 0.04166678 0.06446787 0.02074409 0.05411768 0.13515995 0.04709238 0.02169799 0.09349866 0.02534879 0.06328557 0.04895038 0.01169880 0.07338277 0.06308907
170 0.07378267 0.04735138 0.02991929 0.03884358 0.01843119 0.03106039 0.05149548 0.05649638 0.02243559 0.07221117 0.08800526 0.04647428 0.02900929 0.03643759 0.08857596 0.05719928 0.11979995 0.01147980 0.03228789 0.04870358
171 0.07306939 0.05124229 0.03833320 0.04396810 0.01488450 0.03069310 0.04991750 0.06344949 0.02301850 0.06244309 0.08968999 0.05691209 0.02619860 0.09869479 0.02907230 0.06699779 0.05125219 0.01129550 0.03223190 0.08663569
172 0.06583832 0.11364703 0.03781011 0.04587301 0.01921611 0.02925511 0.05573492 0.05717872 0.02199851 0.06090312 0.08949873 0.08826773 0.02420771 0.04419781 0.03354141 0.05376752 0.04251381 0.00742891 0.03045571 0.07866572
173 0.06805857 0.03990548 0.02954719 0.03754308 0.01556149 0.03828708 0.04437738 0.05257608 0.01622249 0.09036836 0.07955507 0.04275018 0.02962539 0.03462319 0.08160727 0.15373394 0.04122238 0.01220980 0.03092389 0.06130168
174 0.06392790 0.03810740 0.03001830 0.03595480 0.01174910 0.02412890 0.04459680 0.05451850 0.02222510 0.06283020 0.16453801 0.04516260 0.03069580 0.08069031 0.02707480 0.04241640 0.10760201 0.00942303 0.03329590 0.07104410
175 0.06068254 0.03905596 0.03527487 0.03662377 0.01261229 0.03000477 0.04457076 0.05262675 0.01815108 0.14085187 0.10279491 0.03782937 0.01989228 0.03601007 0.02123698 0.07995203 0.03580737 0.00752870 0.02823577 0.16025785
176 0.06820990 0.04477900 0.03398570 0.05177130 0.01947390 0.08298570 0.08156760 0.05163690 0.01986240 0.09064250 0.08507510 0.04178930 0.02404430 0.03581860 0.03148730 0.07362000 0.05105090 0.00773832 0.03450140 0.06995990
177 0.07760370 0.05531990 0.03558070 0.04211680 0.01851060 0.03439560 0.05159240 0.06014820 0.02269180 0.07570090 0.09463230 0.05276420 0.03016450 0.03872950 0.08363870 0.06261250 0.05971550 0.01043420 0.03234490 0.06130310
178 0.06088377 0.04694228 0.03443268 0.04450598 0.01690549 0.03435788 0.04931348 0.05367377 0.02262379 0.13889593 0.07520556 0.08919676 0.02118659 0.03496258 0.02800389 0.07000286 0.04053288 0.01038699 0.02969579 0.09829105
179 0.13508512 0.03555503 0.02949283 0.03590603 0.01562361 0.02812742 0.04160634 0.05665725 0.01767112 0.14741113 0.09842368 0.03471793 0.01859352 0.03110743 0.02615862 0.06866726 0.03882543 0.00859735 0.02860782 0.10316509
