1 0.22429795 0.03165779 0.02334639 0.03345509 0.04373869 0.02462979 0.03176299 0.06023009 0.01935550 0.09626158 0.08535698 0.03628259 0.01548970 0.02583299 0.03146429 0.09834918 0.04032959 0.00728073 0.02612449 0.04475359
2 0.14319491 0.04236217 0.03056678 0.03948058 0.01487349 0.03152278 0.04262507 0.05291237 0.02018469 0.06060336 0.09535174 0.04305747 0.02483369 0.07827845 0.06954126 0.05816887 0.05027177 0.01383869 0.03797358 0.05035827
3 0.12987603 0.03567301 0.02433740 0.03538721 0.01612350 0.02799971 0.03911611 0.05815131 0.01869360 0.09104822 0.09932272 0.03950871 0.02530781 0.03855431 0.03002071 0.14142303 0.03504441 0.01048680 0.03305091 0.07087451
4 0.04761592 0.04959462 0.04068802 0.03452171 0.01301820 0.02794951 0.04649332 0.04747492 0.01669711 0.05136672 0.07708273 0.06317732 0.02077601 0.04680892 0.02206311 0.07784033 0.03442491 0.00582252 0.02958701 0.24699709
5 0.17054714 0.03572023 0.02781062 0.03397283 0.01631271 0.02385132 0.03618183 0.05730555 0.01946652 0.11702710 0.14165412 0.03591563 0.01884642 0.02982413 0.02652272 0.06383245 0.04090563 0.00781456 0.02620422 0.07028426
6 0.07233681 0.04388011 0.02912881 0.03876391 0.01580230 0.03289611 0.05280541 0.05617371 0.02076610 0.06006571 0.09137472 0.04468021 0.02507731 0.03964441 0.07521872 0.04857871 0.11461902 0.01005080 0.03185981 0.09627732
7 0.05815428 0.03561399 0.02586989 0.03731049 0.01290010 0.03083299 0.04075269 0.05239818 0.01797829 0.08864697 0.09742407 0.04228959 0.03266959 0.04069739 0.02604579 0.18011795 0.03175719 0.01001070 0.03629489 0.10223497
8 0.07312067 0.04285038 0.03531449 0.04548528 0.01921119 0.02963919 0.04658818 0.06127688 0.02114309 0.06938307 0.09771286 0.10489496 0.03227289 0.04483238 0.02988489 0.06537647 0.04782598 0.01038710 0.03233369 0.09046636
9 0.05996439 0.05080039 0.03912970 0.04166020 0.01608220 0.02634800 0.09674269 0.06147129 0.02388650 0.06882479 0.08806659 0.08591789 0.03878110 0.04238740 0.02881300 0.05922659 0.05208769 0.00915911 0.02964540 0.08100509
10 0.06405577 0.03771278 0.02704629 0.04087698 0.01596539 0.03227908 0.04836288 0.05229867 0.02017689 0.08448656 0.09345885 0.04400138 0.03149398 0.04076708 0.03226998 0.13640993 0.07819456 0.01025609 0.03440918 0.07547766
11 0.05176209 0.07863138 0.02791039 0.04055289 0.01342810 0.03085529 0.04817969 0.05280609 0.01763550 0.08154088 0.08428598 0.04838819 0.03082279 0.03946509 0.02941929 0.15981497 0.02998499 0.00884840 0.03206459 0.09360338
12 0.07463542 0.04418291 0.02980991 0.04522191 0.01701310 0.03440731 0.05297671 0.05946902 0.02108491 0.13400304 0.08066402 0.04914571 0.06039512 0.03526241 0.03299121 0.07876342 0.05245521 0.00975802 0.03436421 0.05339641
13 0.06442170 0.04559630 0.07008690 0.03519340 0.01637770 0.03113160 0.05590600 0.09273060 0.02218430 0.06785500 0.10385300 0.04879850 0.02592740 0.04082340 0.03381240 0.05035310 0.08893880 0.00906627 0.02911270 0.06783090
14 0.09109052 0.04056701 0.03268681 0.03750821 0.01418730 0.02755431 0.04368521 0.05685321 0.02116240 0.10681902 0.17341003 0.04207271 0.02232770 0.03492111 0.02627861 0.06899431 0.04680261 0.00796310 0.02799711 0.07711872
15 0.05244992 0.04090351 0.03098881 0.05057702 0.01524841 0.03057021 0.06403072 0.06714862 0.01730601 0.04782122 0.06357882 0.05440072 0.13893805 0.04266281 0.03030911 0.08028833 0.04124041 0.00904196 0.06998872 0.05250662
16 0.08426573 0.04128052 0.03130831 0.04073202 0.01394781 0.03178951 0.04389002 0.05843942 0.02342781 0.05080282 0.18379907 0.04535882 0.02076131 0.05321002 0.02692431 0.06020622 0.04940932 0.01013930 0.07221393 0.05809372
17 0.06839061 0.05320241 0.03536071 0.04328461 0.01961320 0.03620701 0.04730911 0.06157591 0.02080990 0.06517031 0.08945002 0.09373912 0.03081631 0.03987591 0.07762542 0.05969611 0.05497641 0.01082210 0.03042291 0.06165191
18 0.05263370 0.04256700 0.03497380 0.05230040 0.01409200 0.02612790 0.07254530 0.07138090 0.01583980 0.04620880 0.06258350 0.06046650 0.16228799 0.03561820 0.03159040 0.08666660 0.03977090 0.00793255 0.02960040 0.05481340
19 0.16834105 0.03769851 0.03196461 0.07478512 0.01473530 0.02970511 0.04642311 0.04849121 0.02225791 0.05607062 0.09582203 0.04170561 0.01965091 0.08158942 0.02685181 0.05763312 0.04025721 0.01373860 0.04575281 0.04652591
20 0.06844499 0.05128699 0.03844249 0.04206329 0.01548350 0.02813100 0.10097198 0.06216129 0.02622000 0.07529799 0.09723328 0.04733259 0.03557389 0.04285399 0.03084980 0.06250269 0.05626569 0.00914896 0.03279319 0.07694239
21 0.07112000 0.04736690 0.02826660 0.09267010 0.01837910 0.03674850 0.04802070 0.05164340 0.01947900 0.07452450 0.09469840 0.04957080 0.02763430 0.04024490 0.03385760 0.05783740 0.10513900 0.00932662 0.03434600 0.05912620
22 0.07856179 0.05076030 0.02842100 0.09008359 0.01921960 0.03663350 0.04918130 0.05687830 0.02029550 0.07706169 0.09795169 0.05435980 0.03142110 0.04265450 0.03100400 0.06626790 0.05228450 0.00952907 0.03643100 0.07099990
23 0.06544469 0.10406098 0.03836129 0.04677169 0.01829920 0.03014649 0.05291079 0.06037669 0.01984890 0.06907079 0.08801468 0.08435978 0.02606890 0.04125929 0.03164859 0.05490699 0.04379559 0.00732278 0.03007059 0.08726128
24 0.08592990 0.04576420 0.02783820 0.04094870 0.01648820 0.03453300 0.04562690 0.10333800 0.02151900 0.07412560 0.08508220 0.04525580 0.02749990 0.03627240 0.03038340 0.07567570 0.04595020 0.01040570 0.08497030 0.06239270
25 0.19764602 0.04151750 0.02922160 0.03522000 0.01686230 0.02924870 0.03933210 0.05811720 0.01948720 0.07537511 0.09667481 0.03970430 0.02114400 0.03498840 0.07132521 0.06170690 0.04862130 0.00993482 0.02974320 0.04412930
26 0.05968331 0.08212231 0.03337621 0.04057221 0.01564090 0.03051440 0.04782621 0.05491851 0.02164880 0.05732511 0.08885611 0.08317981 0.02561730 0.07820401 0.03034530 0.04720261 0.08856921 0.00990814 0.03687771 0.06761181
27 0.06433188 0.04145919 0.03576109 0.08623937 0.02077089 0.03056609 0.05630948 0.05631908 0.01936969 0.06728828 0.08677317 0.10850897 0.03410209 0.04167229 0.02894459 0.06238758 0.04539549 0.01022750 0.03145979 0.07211348
28 0.20026595 0.04031839 0.03070449 0.03876809 0.01705230 0.02766069 0.04046689 0.05957628 0.02109449 0.08196418 0.11528597 0.04102769 0.01954179 0.03607729 0.03156799 0.05980848 0.04300359 0.00905576 0.03261279 0.05414689
29 0.09476145 0.04288032 0.03750702 0.04040912 0.01430761 0.03059972 0.04687963 0.05830863 0.02350231 0.06090343 0.19295111 0.04628393 0.02260111 0.03808302 0.02960472 0.06248773 0.05200163 0.00835215 0.03006532 0.06751004
30 0.06256243 0.04112332 0.03110791 0.04209492 0.01308521 0.02898871 0.05183732 0.05903102 0.01860021 0.10142404 0.10092404 0.04937652 0.06965493 0.07629273 0.02953311 0.07215963 0.04628732 0.00967340 0.02651681 0.06972643
31 0.06963870 0.05198610 0.03114720 0.08246050 0.01878320 0.03760930 0.05548040 0.05734700 0.01928090 0.06914940 0.08648680 0.05218000 0.03245460 0.03936520 0.07799080 0.06345150 0.05732480 0.01006520 0.03165450 0.05614390
32 0.05650639 0.03301420 0.02139910 0.03426090 0.01073990 0.02681240 0.03801800 0.08527579 0.01768480 0.08549299 0.09181239 0.03775300 0.03385530 0.03994200 0.02642280 0.19665898 0.02608250 0.01053080 0.03728850 0.09044929
33 0.10191896 0.04811018 0.03640368 0.03961818 0.01533689 0.02813149 0.04527068 0.04946758 0.01899689 0.05274548 0.08993616 0.09021866 0.02291219 0.04308078 0.02700549 0.05745757 0.04507888 0.00834914 0.02935019 0.15061093
34 0.09386713 0.04209731 0.02669211 0.03562001 0.01533571 0.02648111 0.04459672 0.09478493 0.02104061 0.14068405 0.08786553 0.03951501 0.01944011 0.03202971 0.02571921 0.07482823 0.04108271 0.00844435 0.02854341 0.10133204
35 0.05817100 0.03620640 0.02575760 0.03747690 0.01269380 0.03081830 0.04182770 0.05219840 0.01802340 0.08820771 0.09602301 0.04295630 0.03354290 0.04065210 0.02665360 0.17930601 0.03153200 0.00997123 0.03557660 0.10240501
36 0.05179471 0.08969242 0.06650442 0.03985051 0.01683740 0.03346471 0.05395301 0.04779061 0.01820810 0.06990142 0.07989452 0.05955061 0.02825551 0.04205601 0.03007941 0.10407402 0.03374771 0.00851026 0.02939281 0.09644182
37 0.11438900 0.03239720 0.02301190 0.03259400 0.01468130 0.02707920 0.03674230 0.05489350 0.01766360 0.09284000 0.09715100 0.03770760 0.02513390 0.03798450 0.02766660 0.17410900 0.03195110 0.01061810 0.03287280 0.07851340
38 0.07856530 0.05082020 0.02849230 0.09126540 0.01875390 0.03653220 0.04944580 0.05583660 0.02027890 0.07641940 0.09912860 0.05489790 0.03068700 0.04251360 0.03124190 0.06560060 0.05246610 0.00976904 0.03644620 0.07083910
39 0.15005706 0.03989732 0.03110641 0.04191792 0.01531291 0.02838531 0.04727152 0.05676112 0.01901351 0.06978813 0.10577104 0.04549922 0.06940343 0.04002352 0.03563021 0.05736812 0.04720392 0.00912092 0.03136381 0.05910462
40 0.05820324 0.03551306 0.02533247 0.03743646 0.01290429 0.03080107 0.04100076 0.05300425 0.01805028 0.08745891 0.09602950 0.04186526 0.03365517 0.04071286 0.02680127 0.18208782 0.03087707 0.01014609 0.03559826 0.10252190
41 0.24550002 0.03129550 0.02308240 0.03058010 0.01888840 0.02253490 0.03069570 0.06431441 0.01810340 0.09061861 0.09897881 0.03464730 0.01624100 0.03061310 0.03150440 0.09469501 0.03457340 0.00896440 0.02927580 0.04489330
42 0.19639206 0.03515781 0.02549601 0.03482251 0.01832391 0.02605751 0.03571041 0.06155322 0.01945061 0.08994083 0.10019703 0.03837291 0.01940791 0.03484631 0.03248401 0.09985343 0.03856141 0.01020700 0.03158321 0.05158192
43 0.13011902 0.04062680 0.03210340 0.04648331 0.04982601 0.03304630 0.04747591 0.05303941 0.02109500 0.06748081 0.08580701 0.05284231 0.06456831 0.03533780 0.03522920 0.06092151 0.05074331 0.00817038 0.03282760 0.05225661
44 0.06511625 0.04309287 0.03221218 0.04070537 0.01422709 0.02971408 0.05452766 0.05676096 0.02214708 0.06843345 0.10840392 0.04698687 0.02425538 0.04334397 0.03112578 0.04414007 0.11150592 0.00826002 0.03566917 0.11937191
45 0.05803973 0.04473872 0.03534912 0.03576142 0.01320131 0.02841781 0.04562882 0.05196802 0.01850521 0.09823175 0.09753025 0.04932352 0.02185571 0.04068872 0.02200541 0.08102164 0.03849802 0.00680462 0.02916711 0.18326309
46 0.07938060 0.05136930 0.02807620 0.09048680 0.01872740 0.03629810 0.04912730 0.05640990 0.02031790 0.07604630 0.09877370 0.05474410 0.03073510 0.04270290 0.03111500 0.06640650 0.05218860 0.00971115 0.03629510 0.07108810
47 0.05790048 0.08057397 0.03596069 0.04492808 0.01842089 0.02916449 0.04521288 0.05377658 0.01809349 0.06580958 0.07878617 0.10986196 0.02941579 0.04040249 0.02975299 0.09736126 0.03510119 0.00894207 0.02803349 0.09250147
48 0.04705669 0.03242799 0.02682979 0.04392959 0.01174870 0.02696649 0.05748729 0.05364109 0.01410890 0.06195538 0.08022948 0.04641059 0.12239497 0.03742429 0.02591239 0.16833096 0.03368499 0.00827275 0.03074739 0.07044028
49 0.07216607 0.05100898 0.03769518 0.04580968 0.05135848 0.03480618 0.04167688 0.05576637 0.02151979 0.05112068 0.15854693 0.09606746 0.02557199 0.03458458 0.03073699 0.05474598 0.04729798 0.00764465 0.02839019 0.05348498
50 0.05841669 0.04201139 0.03078870 0.03836359 0.01770670 0.03385859 0.05947029 0.06272609 0.05724569 0.06217919 0.09277849 0.08641019 0.02083350 0.03861209 0.03383819 0.04260339 0.13117598 0.00955355 0.03085280 0.05057489
51 0.05772123 0.03598572 0.02566821 0.03782222 0.01284991 0.03071682 0.04119072 0.05265063 0.01812341 0.08776795 0.09624175 0.04240882 0.03404112 0.04049562 0.02623801 0.18008610 0.03189242 0.00977674 0.03613452 0.10218806
52 0.05953122 0.11070003 0.03892531 0.04545631 0.01939661 0.02846661 0.04840801 0.05902372 0.01900901 0.06412152 0.08348253 0.10882103 0.02563591 0.04151691 0.02977491 0.05080912 0.03895181 0.00709050 0.02800971 0.09286923
53 0.09342653 0.04386241 0.03039731 0.03980411 0.01654470 0.03114271 0.04600801 0.05940302 0.02224811 0.14009204 0.12465504 0.04326311 0.02038751 0.03391381 0.02982441 0.07694392 0.04649161 0.00943521 0.03104681 0.06110962
54 0.07453782 0.03144591 0.02253751 0.03233271 0.01345180 0.02663751 0.03594311 0.04968191 0.01790330 0.12502603 0.14050104 0.03438321 0.02624501 0.03526581 0.02383431 0.14591304 0.03827031 0.00892433 0.02892871 0.08823662
55 0.05978900 0.08492421 0.03799940 0.04870230 0.01647080 0.02852540 0.08564961 0.05956340 0.02153120 0.06811520 0.08087530 0.08844161 0.02950560 0.04161780 0.02837960 0.05387890 0.04361820 0.00738134 0.02822520 0.08680591
56 0.05972684 0.04681013 0.07035474 0.04934993 0.01668991 0.03091282 0.09166836 0.04904763 0.01956751 0.06736544 0.08451605 0.04875043 0.03979692 0.04104223 0.02869132 0.10243006 0.04087623 0.00923709 0.02778592 0.07538045
57 0.06014888 0.04003989 0.02710019 0.04410419 0.01565680 0.03311359 0.05419868 0.05376818 0.02069879 0.11235897 0.09083187 0.04585999 0.06482768 0.03543519 0.03586549 0.05298078 0.10705797 0.00879280 0.03426109 0.06289898
58 0.17880613 0.04271863 0.03423072 0.07040655 0.01767401 0.03227052 0.05185194 0.05215474 0.05016014 0.06689245 0.10241907 0.04068543 0.01607791 0.03794903 0.02677652 0.05462134 0.04144343 0.00849620 0.03122262 0.04314263
59 0.06421739 0.04011330 0.02573250 0.04215829 0.01612310 0.03498290 0.05014379 0.05137109 0.02159780 0.12146999 0.07465309 0.04162630 0.02501890 0.03971340 0.03061300 0.05555229 0.09796069 0.00989132 0.09400469 0.06305619
60 0.13448520 0.04058376 0.02993274 0.03690085 0.01653132 0.02607474 0.04257656 0.05606188 0.01979653 0.11951117 0.10315915 0.03993686 0.01971093 0.03331945 0.02611494 0.06783380 0.04234386 0.00827565 0.02870644 0.10814416
61 0.09456715 0.04248058 0.03736038 0.04022508 0.01418109 0.03094779 0.04637988 0.05833197 0.02296409 0.06110507 0.19553391 0.04648748 0.02234669 0.03716228 0.02977009 0.06259477 0.05113108 0.00798108 0.02955529 0.06889427
62 0.05643501 0.04530181 0.03450981 0.04848691 0.01724780 0.03100511 0.05509401 0.06188741 0.01799880 0.08918962 0.06894071 0.09823202 0.09726252 0.03489841 0.03082101 0.06986701 0.04598251 0.00891942 0.03091731 0.05700281
63 0.07706951 0.04565771 0.03153360 0.04048161 0.01550500 0.03123460 0.04938031 0.05807191 0.02130990 0.14422002 0.09085711 0.04335991 0.02046740 0.03524630 0.02667560 0.08171481 0.04472601 0.00921627 0.03157140 0.10170101
64 0.10958794 0.05227757 0.03513628 0.07721656 0.01545719 0.02799219 0.10893994 0.05308637 0.02414019 0.07013906 0.09073565 0.04200648 0.02680259 0.04052098 0.02864078 0.05294487 0.04968967 0.00839413 0.03002848 0.05626307
65 0.07629109 0.03712940 0.03290520 0.04016750 0.05512650 0.03731440 0.04898270 0.05098710 0.05543350 0.07812999 0.07917649 0.04592470 0.02253720 0.03223030 0.03195210 0.09807719 0.08751089 0.00786199 0.03074450 0.05151730
66 0.14823193 0.03375638 0.02425399 0.03673078 0.01697589 0.03082128 0.03654398 0.05850647 0.02118179 0.08250036 0.08870696 0.03941578 0.02068359 0.04718968 0.02899139 0.10583395 0.03809398 0.01368589 0.07519516 0.05270077
67 0.14661791 0.03292668 0.02137949 0.03127678 0.01809769 0.02459039 0.03492948 0.05608757 0.01735479 0.13957892 0.09160485 0.03362718 0.02021329 0.03136938 0.02902368 0.12082893 0.04074258 0.00978998 0.02951398 0.07044646
68 0.05887167 0.05231917 0.03353708 0.10274095 0.01899819 0.03044439 0.08935326 0.05264417 0.01922639 0.06717727 0.07888996 0.08754196 0.03736918 0.03948328 0.02701309 0.05618217 0.04588088 0.00857098 0.02942389 0.06433207
69 0.09502873 0.03974381 0.02495151 0.03825931 0.01892051 0.03202361 0.04155961 0.05536332 0.01875861 0.17167705 0.06745892 0.03771821 0.01837761 0.02977421 0.03397441 0.12969004 0.05039682 0.01116660 0.03304491 0.05211222
70 0.06727020 0.04227730 0.03277370 0.07298950 0.01389390 0.03325720 0.08899701 0.04907720 0.02279860 0.05609500 0.13738501 0.04253130 0.02780890 0.03680100 0.02997300 0.04778870 0.10464301 0.00728624 0.03047060 0.05588260
71 0.06241479 0.04265529 0.03125469 0.04725789 0.01518900 0.03030319 0.05857009 0.06244839 0.01848790 0.09631578 0.07707919 0.05354859 0.10379198 0.03671789 0.03235579 0.08167229 0.04687189 0.00873837 0.03337629 0.06095069
72 0.06178552 0.04201645 0.03188906 0.03689815 0.01302088 0.02834227 0.04512604 0.05247214 0.01874348 0.13757183 0.10070588 0.04211355 0.02050647 0.03592416 0.02154197 0.08463260 0.03784625 0.00733821 0.02861327 0.15291181
73 0.17302705 0.04641901 0.03560101 0.04646551 0.01534420 0.02847901 0.08092442 0.05278962 0.02442941 0.07367472 0.10358403 0.04191441 0.02090311 0.03788351 0.03161551 0.05136451 0.04583701 0.00909451 0.03024961 0.05039981
74 0.07164771 0.04659331 0.03089720 0.04416731 0.01618920 0.03439500 0.05894921 0.06026131 0.02462680 0.07123611 0.10524001 0.04866751 0.02564950 0.04292331 0.03882331 0.04784811 0.12581202 0.00975496 0.03536620 0.06095191
75 0.06546149 0.04419549 0.03341059 0.03868709 0.01496440 0.02862050 0.10657298 0.05767149 0.02770510 0.07027439 0.09674909 0.04377149 0.02783550 0.04027339 0.03512769 0.05111679 0.11337898 0.00914675 0.03297760 0.06205919
76 0.13288195 0.04164798 0.03619549 0.03778059 0.01348579 0.02826609 0.07822367 0.05065578 0.02411799 0.06374548 0.16324894 0.03902179 0.02341649 0.03726159 0.02861599 0.05193118 0.05159188 0.00805188 0.02754499 0.06231448
77 0.20049689 0.04039768 0.03126568 0.03926028 0.01684189 0.02787089 0.04070318 0.05919517 0.02174219 0.08102136 0.11513494 0.04108478 0.01923759 0.03681438 0.03179878 0.05953317 0.04264248 0.00941673 0.03234138 0.05320057
78 0.07508664 0.09700765 0.03146792 0.04856352 0.01779131 0.03477752 0.05787643 0.06130543 0.02326981 0.16184908 0.06280143 0.04867742 0.01696961 0.02989141 0.03367192 0.06543793 0.04883972 0.00839331 0.03094532 0.04537662
79 0.09314995 0.04325552 0.03695442 0.04032642 0.01438491 0.03085222 0.04723522 0.05858183 0.02301741 0.06155533 0.19284110 0.04684812 0.02219671 0.03784982 0.02989272 0.06283523 0.05168053 0.00828598 0.02966982 0.06858674
80 0.06276026 0.03672078 0.02270749 0.03658568 0.01201009 0.02789988 0.04081908 0.08953485 0.01857379 0.08476215 0.09361684 0.04062628 0.03450728 0.04001608 0.02808558 0.16911790 0.02829248 0.01061479 0.03620588 0.08654285
81 0.06450890 0.10044800 0.04226050 0.05035560 0.05990080 0.03947880 0.05280010 0.05969840 0.02353410 0.07471510 0.07937380 0.06640000 0.02299200 0.03422220 0.03528050 0.05471180 0.04770840 0.00690700 0.03086920 0.05383480
82 0.07638830 0.04310950 0.02998680 0.04135210 0.01536550 0.03143690 0.05048090 0.05561430 0.02271450 0.11790300 0.12711200 0.04321770 0.02412320 0.03332850 0.03297860 0.05517750 0.09696400 0.00856893 0.03047170 0.06370610
83 0.06879329 0.04240160 0.02732840 0.04368810 0.01668730 0.03365240 0.05447539 0.05597099 0.02205610 0.07264719 0.09395339 0.04406800 0.02592790 0.04091560 0.03944080 0.08238059 0.13756599 0.01021830 0.03376260 0.05406609
84 0.20104497 0.03983429 0.03112550 0.03878729 0.01691820 0.02766840 0.04038739 0.05886619 0.02158680 0.08113569 0.11553598 0.04114379 0.01945470 0.03692410 0.03153740 0.05985499 0.04247389 0.00918653 0.03239680 0.05413709
85 0.07538880 0.03314554 0.03143734 0.03069944 0.01024251 0.02144833 0.03697275 0.05004007 0.01831862 0.11841116 0.19487426 0.03499015 0.02580913 0.03361674 0.01873042 0.06828099 0.03916825 0.00605719 0.02358413 0.12878417
86 0.17127099 0.04069670 0.02538540 0.03269510 0.01873510 0.02770550 0.03998890 0.05945260 0.01818190 0.12657800 0.07302790 0.03697410 0.01917680 0.02785530 0.06845210 0.07275100 0.05394680 0.00977883 0.02796730 0.04937970
87 0.08397927 0.04542129 0.02424049 0.03640179 0.01460820 0.03016659 0.04168379 0.09996237 0.01846189 0.08023858 0.08261478 0.04266239 0.03015919 0.03704789 0.07210918 0.12122696 0.04017889 0.01198780 0.03188979 0.05495888
88 0.20036004 0.04102231 0.02914841 0.03577551 0.01683590 0.02885011 0.03939631 0.05786841 0.01924290 0.07624072 0.09554982 0.03978651 0.02075880 0.03379871 0.07114111 0.06160131 0.04873791 0.01011500 0.02979231 0.04397791
89 0.07134316 0.04261188 0.02826749 0.04355598 0.01732259 0.03400458 0.05341467 0.05587337 0.02243009 0.07668796 0.09483405 0.04590158 0.02751019 0.04145058 0.03787798 0.09018615 0.11352294 0.01030429 0.03410658 0.05879387
90 0.09382645 0.04285398 0.03742698 0.04044688 0.01458129 0.03066098 0.04734348 0.05847507 0.02318189 0.06042907 0.19163790 0.04744878 0.02211299 0.03795308 0.02995319 0.06314437 0.05235477 0.00824250 0.02944669 0.06847967
91 0.05841700 0.04086980 0.02982980 0.04323320 0.01366000 0.02988220 0.08025481 0.05180960 0.01869770 0.07659581 0.08286751 0.04265600 0.04487990 0.03809230 0.02761060 0.16336601 0.03643930 0.00942512 0.03148700 0.07992631
92 0.21021202 0.03977350 0.02278940 0.03406090 0.01673760 0.02316810 0.03623390 0.10031101 0.02098460 0.08402161 0.10053701 0.03890520 0.01804170 0.03400360 0.03076530 0.06344571 0.03803600 0.00958989 0.03213620 0.04624671
93 0.04771990 0.04941160 0.04067710 0.03471660 0.01312470 0.02822540 0.04675000 0.04756230 0.01703500 0.05181910 0.07720820 0.06247840 0.02057560 0.04677290 0.02151710 0.07782110 0.03396680 0.00598761 0.02950260 0.24712800
94 0.06172361 0.04102901 0.03530631 0.04909431 0.01705480 0.02659811 0.08259772 0.06000981 0.02209201 0.06617282 0.08748692 0.11013003 0.03611441 0.04333701 0.02858671 0.05926211 0.05062951 0.00990946 0.03040821 0.08245712
95 0.07665738 0.04377839 0.03477779 0.04198139 0.01327640 0.02925679 0.04901269 0.05884469 0.02279610 0.05690109 0.14749497 0.04977729 0.02380680 0.09747888 0.02896059 0.06199839 0.05120179 0.01083640 0.03311949 0.06804269
96 0.07242024 0.04651983 0.02719922 0.04054912 0.01530301 0.02993332 0.05524853 0.10353406 0.02494411 0.06631664 0.09847966 0.04680423 0.02280391 0.04031402 0.03946452 0.05156083 0.12581508 0.00916371 0.03164182 0.05198413
97 0.12925897 0.03539689 0.02465220 0.03547189 0.01589710 0.02721169 0.03903759 0.05743839 0.01843180 0.09258138 0.09932078 0.04033469 0.02542289 0.03787729 0.02981149 0.14173497 0.03518809 0.01067900 0.03299529 0.07125759
98 0.07778392 0.04978512 0.06298302 0.08485383 0.01916811 0.03690811 0.05321662 0.04827082 0.01976571 0.07362332 0.09934633 0.05463892 0.02886921 0.04128171 0.02836081 0.05665842 0.04791552 0.00914668 0.03239611 0.07502772
99 0.06477289 0.09889259 0.02941500 0.08109589 0.01696840 0.03185210 0.05660149 0.09647009 0.02174680 0.07243669 0.08055099 0.05646149 0.02652740 0.03742490 0.03132490 0.05656659 0.04491890 0.00728909 0.03079610 0.05788769
100 0.09453427 0.04272669 0.03797269 0.04078499 0.01453620 0.03095999 0.04728629 0.05781598 0.02330169 0.06145008 0.19161995 0.04736889 0.02252299 0.03764229 0.02946499 0.06214648 0.05204539 0.00822637 0.02972119 0.06787258
101 0.05866919 0.03597859 0.02584519 0.03714779 0.01275800 0.03079839 0.04160279 0.05298969 0.01821140 0.08785308 0.09587468 0.04294399 0.03316139 0.04041619 0.02598359 0.17995896 0.03141239 0.00988631 0.03568139 0.10282698
102 0.13066300 0.03484870 0.03138870 0.03949630 0.01426150 0.02685790 0.04333030 0.05246210 0.02071520 0.06681490 0.09918370 0.04635330 0.02247360 0.05480570 0.03159550 0.05941420 0.04590720 0.04336380 0.04066460 0.09539980
103 0.14459304 0.04539751 0.02416111 0.03575171 0.01604010 0.02626851 0.04386611 0.11174203 0.02290831 0.08121412 0.10317703 0.04380661 0.02354331 0.03837441 0.03236751 0.06137562 0.04552921 0.00973570 0.03353051 0.05661752
104 0.07378840 0.05091480 0.03715670 0.04453560 0.01455950 0.03205400 0.05440110 0.06140910 0.02301030 0.06465250 0.08907170 0.05530120 0.02624910 0.09211780 0.03113060 0.06745200 0.05204180 0.01091750 0.03235520 0.08688110
105 0.11083598 0.04136099 0.03194849 0.04068459 0.01550190 0.02851049 0.05025649 0.05148139 0.02105090 0.05989599 0.10570998 0.04432119 0.02207170 0.04132869 0.03118499 0.05131239 0.09230038 0.00855478 0.03293169 0.11875698
106 0.08012211 0.04483900 0.02777170 0.04305170 0.01719400 0.03558280 0.04630930 0.05944041 0.02322050 0.16106002 0.06496711 0.04316840 0.01843160 0.04261010 0.03132800 0.07963321 0.04596800 0.01372840 0.07624891 0.04532470
107 0.10830303 0.03990211 0.02828761 0.04072201 0.01789171 0.03378061 0.04516211 0.05098362 0.02413691 0.06326532 0.08668903 0.07977102 0.02177471 0.04567541 0.03100051 0.05329472 0.09303533 0.01135220 0.07318282 0.05178922
108 0.05603021 0.03893061 0.03016371 0.03615111 0.01065680 0.02470180 0.04532721 0.05434921 0.01721670 0.10534602 0.11548202 0.04527981 0.05922911 0.06993631 0.02377480 0.07430541 0.03942651 0.00827051 0.02737111 0.11805102
109 0.04813118 0.03994199 0.06797668 0.04964418 0.01442030 0.02880739 0.10160997 0.06297228 0.01668289 0.04153969 0.05733128 0.06082318 0.14423995 0.03492869 0.02894709 0.07489488 0.04109729 0.00781642 0.02531919 0.05287548
110 0.05937942 0.11071903 0.03892021 0.04526251 0.01950441 0.02850781 0.04834911 0.05855162 0.01916001 0.06442762 0.08218392 0.10952103 0.02566331 0.04171431 0.02968611 0.05074702 0.03847231 0.00717310 0.02848221 0.09357493
111 0.06817740 0.05216040 0.03848690 0.04235220 0.01565110 0.02751240 0.10207000 0.06279410 0.02664610 0.07506920 0.09700250 0.04657500 0.03518280 0.04338090 0.03052180 0.06191580 0.05669140 0.00901721 0.03264610 0.07614670
112 0.06247222 0.04047621 0.02752581 0.04070541 0.01613540 0.06563132 0.04292081 0.10862503 0.02220131 0.07527812 0.08755542 0.04390871 0.02608841 0.04059081 0.03340121 0.11498403 0.03763991 0.00993305 0.03857111 0.06535572
113 0.07229639 0.04240200 0.03164200 0.04087770 0.01483860 0.03432440 0.05041929 0.06191019 0.05492469 0.06122069 0.08298639 0.04589590 0.01886520 0.08958929 0.02625090 0.05888039 0.04862030 0.01281190 0.08884809 0.06239569
114 0.14499182 0.04492944 0.02420437 0.03590275 0.01620038 0.02632977 0.04354475 0.11208086 0.02275297 0.08140630 0.10292287 0.04398534 0.02334017 0.03841825 0.03259556 0.06068942 0.04587154 0.00965545 0.03374846 0.05642953
115 0.05763830 0.03580710 0.02600770 0.03693130 0.01277470 0.03102230 0.04138240 0.05284170 0.01802960 0.08730020 0.09621560 0.04224170 0.03349940 0.04076700 0.02633100 0.18168300 0.03095360 0.01001060 0.03585480 0.10270800
116 0.08071790 0.04605690 0.03033590 0.04481430 0.01700330 0.03801330 0.04905830 0.06076080 0.02033170 0.07785080 0.09310740 0.04857170 0.02777190 0.03901820 0.03063180 0.07334540 0.05306470 0.01016400 0.08498420 0.07439750
117 0.07480790 0.10620699 0.03527910 0.04747720 0.01637410 0.03009810 0.05828940 0.06286530 0.02070430 0.07778340 0.09297809 0.04678020 0.02436140 0.04219470 0.03439690 0.05981010 0.05047980 0.00746486 0.03342630 0.07822190
118 0.07921178 0.04118539 0.02917399 0.04204899 0.01285640 0.03220769 0.04468689 0.05890889 0.02158320 0.05577049 0.13450297 0.04637949 0.02241940 0.08479108 0.02729179 0.06341809 0.04871679 0.01231790 0.07708618 0.06544259
119 0.07698222 0.04043381 0.03382951 0.03894001 0.01314850 0.02922271 0.05073331 0.05644601 0.02305481 0.05855971 0.18691104 0.04540921 0.02524561 0.03496121 0.03229401 0.04717201 0.10355602 0.00745427 0.02826961 0.06737642
120 0.18512692 0.03199599 0.02170199 0.02762329 0.01532019 0.01898139 0.03031139 0.08756886 0.01823119 0.10975795 0.14258994 0.03233609 0.01959069 0.02790749 0.02390399 0.06267277 0.03701708 0.00730522 0.02477089 0.07528667
121 0.06341579 0.03339509 0.03474729 0.03003889 0.00956315 0.02183110 0.03729349 0.04749489 0.01717460 0.08908708 0.19376096 0.03888789 0.02589559 0.03637279 0.01798980 0.06458489 0.03848559 0.00506877 0.02398239 0.17092996
122 0.07506862 0.11334204 0.03098951 0.04523871 0.01679611 0.03095161 0.06215092 0.06703792 0.05173222 0.07889603 0.08763263 0.04857612 0.01985851 0.04009701 0.03134461 0.05115312 0.04746752 0.00693738 0.03112031 0.06360912
123 0.06284352 0.03903391 0.03017491 0.04390241 0.01495110 0.03070711 0.05657861 0.05877541 0.02034850 0.05921021 0.13500503 0.04746561 0.07061902 0.03765331 0.03618521 0.05388511 0.10112502 0.00827456 0.03128521 0.06197621
124 0.06445878 0.04081998 0.03114129 0.04162518 0.01565809 0.02965359 0.10848296 0.05125048 0.02361279 0.07163587 0.08400667 0.04195978 0.03293759 0.03845289 0.03344649 0.09332437 0.09930596 0.00956387 0.03129649 0.05736688
125 0.05777871 0.04979181 0.07013681 0.03515530 0.01620810 0.03011280 0.05713611 0.11461601 0.02315370 0.06764081 0.10153101 0.05605061 0.03383280 0.04301541 0.02983590 0.05003291 0.04559191 0.00868817 0.02967410 0.08001701
126 0.08130323 0.04804782 0.02516601 0.03705721 0.01626411 0.03094571 0.04943172 0.09940794 0.02170871 0.06469793 0.08822134 0.04429952 0.02323941 0.03632391 0.08038643 0.05775582 0.11294205 0.01015990 0.02849511 0.04414612
127 0.09334937 0.04463319 0.02963249 0.04010419 0.01599610 0.03054329 0.04652019 0.05975868 0.02187469 0.14135396 0.12430096 0.04279929 0.02032249 0.03387689 0.02950469 0.07778528 0.04601229 0.00950721 0.03093239 0.06119238
128 0.04794888 0.04921008 0.04008978 0.03532178 0.01310789 0.02812119 0.04690618 0.04802828 0.01693169 0.05173748 0.07752616 0.06270187 0.02052309 0.04641788 0.02149579 0.07839816 0.03441808 0.00598318 0.02989169 0.24524088
129 0.07363670 0.04291950 0.03623750 0.04784980 0.02095310 0.08255280 0.04439420 0.05546980 0.02189370 0.07771520 0.09648010 0.04668240 0.02543380 0.04241500 0.03503270 0.07243020 0.05190820 0.00942060 0.04186100 0.07471370
130 0.06066861 0.04104471 0.03383331 0.04624421 0.01944440 0.06955931 0.03912501 0.05013691 0.01871820 0.07512062 0.08365272 0.08107922 0.02547201 0.04069181 0.03370531 0.11679502 0.04034921 0.01053190 0.03675491 0.07707262
131 0.07853460 0.05081760 0.02847670 0.09143440 0.01876310 0.03641470 0.04906180 0.05685670 0.02021260 0.07658830 0.09808970 0.05439770 0.03104250 0.04292350 0.03113430 0.06614170 0.05225630 0.00950163 0.03649720 0.07085500
132 0.04334140 0.05446360 0.07416241 0.03201560 0.01439150 0.02766720 0.04980040 0.04265930 0.01649390 0.04757080 0.07165781 0.06706170 0.01856590 0.04616900 0.02096280 0.05887860 0.03560990 0.00543403 0.02607910 0.24701502
133 0.06589647 0.10604196 0.03820158 0.04617328 0.01827999 0.02952519 0.05292358 0.06091217 0.01977599 0.06977027 0.08709996 0.08412136 0.02524219 0.04212918 0.03109669 0.05463248 0.04259558 0.00734532 0.02995219 0.08828456
134 0.09278603 0.04274282 0.03804161 0.03989661 0.01443981 0.03119211 0.04749392 0.05844252 0.02319731 0.06063702 0.19369607 0.04677932 0.02206311 0.03809251 0.02978731 0.06223202 0.05211522 0.00830614 0.02964801 0.06841052
135 0.08482389 0.04482630 0.02625000 0.03495600 0.01524510 0.02765250 0.04630020 0.10749799 0.02247210 0.12433199 0.09787989 0.04414520 0.02617960 0.03715380 0.02850450 0.06060850 0.05009650 0.00906318 0.03153600 0.08047679
136 0.06902847 0.04059788 0.02985649 0.03874818 0.01310429 0.02957929 0.05257798 0.05720698 0.02261889 0.06477547 0.16537493 0.04430498 0.02830389 0.03990478 0.03458589 0.04013348 0.12379495 0.00795542 0.03119039 0.06635737
137 0.06835060 0.05497340 0.03103080 0.09281129 0.01704810 0.03295450 0.08618269 0.05506500 0.02118670 0.07384300 0.08940789 0.05127100 0.03515720 0.04092560 0.02950650 0.05932650 0.05197500 0.00839456 0.03246310 0.06812660
138 0.07894373 0.04253912 0.02680661 0.04120152 0.01642741 0.03555281 0.04551662 0.05841742 0.01881691 0.13414705 0.08291463 0.04270692 0.02437661 0.03682351 0.02936521 0.07730233 0.04934512 0.01074260 0.08226983 0.06578403
139 0.06499039 0.03924189 0.02699379 0.04137499 0.01609870 0.03272339 0.04807739 0.05180459 0.02014510 0.08502568 0.09416458 0.04329639 0.03131409 0.03998659 0.03259079 0.13395797 0.07798958 0.01029090 0.03469709 0.07523608
140 0.06978930 0.07990889 0.03259220 0.04243910 0.01735490 0.02817480 0.04243930 0.05974170 0.01878870 0.06213890 0.15022299 0.09928839 0.02589390 0.03998220 0.02949810 0.05025380 0.04290940 0.00765007 0.02771990 0.07321349
141 0.06007107 0.04643988 0.03216418 0.04063818 0.01485199 0.03169618 0.10527694 0.05218197 0.02923008 0.11764394 0.07517026 0.03921008 0.02597069 0.03695998 0.02610239 0.05710337 0.05898437 0.00888703 0.07010536 0.07131206
142 0.04955139 0.04345599 0.03481039 0.03788549 0.01498870 0.06397929 0.04320289 0.04818029 0.01938970 0.09630288 0.08364348 0.04704049 0.02140360 0.03672219 0.02339240 0.07873389 0.03670839 0.00672538 0.03326619 0.18061697
143 0.06205411 0.04575651 0.03500700 0.07982111 0.01834260 0.02991380 0.05555241 0.09598311 0.02063080 0.06456721 0.08497561 0.09746031 0.03459510 0.03944390 0.02858840 0.06036511 0.04426891 0.00975728 0.03073800 0.06217871
144 0.05796829 0.03619829 0.02601900 0.03747879 0.01287150 0.03064699 0.04139759 0.05263809 0.01804820 0.08691108 0.09676278 0.04282039 0.03419789 0.04119139 0.02629480 0.17934397 0.03170029 0.00997929 0.03579439 0.10173698
145 0.06309978 0.05527559 0.03117249 0.07869198 0.01508050 0.02744429 0.09232758 0.09761837 0.02373619 0.07037778 0.08442378 0.04826629 0.03948719 0.03913719 0.02808539 0.05821308 0.04744079 0.00818277 0.03075509 0.06118388
146 0.13898403 0.03856901 0.03411511 0.04412761 0.01951290 0.07636272 0.04022741 0.05323651 0.02103651 0.07591532 0.10027303 0.04094621 0.02126031 0.04047061 0.03557101 0.06441682 0.04957861 0.00926275 0.03952231 0.05661121
147 0.06587400 0.04683110 0.03705440 0.04742370 0.02204630 0.07931550 0.04059770 0.05561250 0.02087730 0.07202920 0.09079380 0.08671840 0.02461960 0.04175420 0.03362250 0.06407740 0.04971060 0.00958165 0.03903430 0.07242590
148 0.07082473 0.03993632 0.02790291 0.03962942 0.01597931 0.03622331 0.05099832 0.05390472 0.01849441 0.05986052 0.08937864 0.04266372 0.06680283 0.03635561 0.09288904 0.05574372 0.11458705 0.01018770 0.02858701 0.04905072
149 0.06991999 0.04273349 0.07737109 0.04272939 0.02232740 0.08558479 0.04475739 0.04911999 0.02367980 0.06886559 0.09750679 0.04867449 0.02325960 0.04163869 0.03330620 0.06237229 0.04764739 0.00929384 0.03597959 0.07323219
150 0.07429341 0.05117481 0.03735220 0.04445400 0.01493180 0.03211100 0.05405351 0.06116791 0.02291020 0.06483581 0.08850161 0.05549661 0.02619270 0.09104841 0.03143830 0.06672111 0.05148271 0.01103310 0.03277660 0.08802421
151 0.19923999 0.03968910 0.03065520 0.03911740 0.01712110 0.02771210 0.04027630 0.05906860 0.02179050 0.08118800 0.11521699 0.04163890 0.01983870 0.03722390 0.03145620 0.06012320 0.04286490 0.00933145 0.03261850 0.05382900
152 0.08124874 0.04134272 0.02849651 0.04247402 0.01368671 0.03446322 0.04386022 0.05886773 0.02141411 0.05706753 0.14037007 0.04421912 0.02183851 0.05902933 0.02683781 0.06246663 0.05006583 0.01152251 0.09682665 0.06390203
153 0.06086511 0.04698390 0.03173270 0.07838621 0.01624970 0.03054670 0.08794321 0.05467161 0.01891440 0.07199961 0.08137331 0.04696780 0.04719240 0.03849790 0.02805670 0.10931801 0.04248530 0.00887570 0.03103310 0.06790661
154 0.14321598 0.04550089 0.02753540 0.08514209 0.01834240 0.03219500 0.04472659 0.05433049 0.01969430 0.07421989 0.10198099 0.04648549 0.02329820 0.04146599 0.03028970 0.06273759 0.04794689 0.00976623 0.03377610 0.05734979
155 0.07262048 0.04983569 0.03012509 0.04001999 0.01580720 0.03044469 0.05234648 0.11439397 0.02465279 0.07648748 0.10189297 0.05266028 0.03234399 0.04326789 0.03240139 0.06170338 0.05186728 0.00955199 0.03480709 0.07276988
156 0.07607178 0.04310899 0.03018719 0.04333369 0.01304420 0.03643729 0.04654809 0.05876948 0.02379559 0.05564838 0.08056538 0.04720909 0.01991919 0.10359697 0.02720359 0.06333518 0.04794619 0.01496950 0.10200997 0.06630028
157 0.18647804 0.08295422 0.02860571 0.04100641 0.01660070 0.02755521 0.04535091 0.06139441 0.02078140 0.07700762 0.10031802 0.04171551 0.01770060 0.03403251 0.03389021 0.05695741 0.04246741 0.00711630 0.03019841 0.04786901
158 0.09354993 0.04311601 0.03773671 0.03985161 0.01446290 0.03057841 0.04729151 0.05900332 0.02337351 0.06137642 0.19313306 0.04699981 0.02241371 0.03817031 0.02970441 0.06283752 0.05166752 0.00806990 0.02918521 0.06747822
159 0.08097393 0.04147402 0.03511661 0.03950942 0.01274410 0.02858141 0.04626562 0.05767932 0.02219971 0.05755772 0.18773207 0.04694162 0.02389911 0.07527583 0.02779891 0.06072922 0.05027152 0.00963532 0.02939221 0.06622233
160 0.07486817 0.03787349 0.03629379 0.03416699 0.01169870 0.02548779 0.04238918 0.05204808 0.01986109 0.07884227 0.18723593 0.04219988 0.02434149 0.03695539 0.02273589 0.06479298 0.04470168 0.00687948 0.02678879 0.12983895
161 0.06899469 0.09766979 0.03128490 0.04564790 0.01576240 0.03002250 0.05384700 0.05841700 0.01839650 0.08193619 0.08522179 0.04309610 0.02750030 0.03923890 0.03397870 0.11138799 0.04106490 0.00829768 0.03130720 0.07692759
162 0.07378000 0.03613590 0.03146310 0.03285760 0.01157470 0.02431700 0.03972160 0.05189790 0.01890610 0.12064200 0.16584600 0.03792450 0.02453200 0.03468900 0.02050580 0.07308440 0.04069900 0.00648661 0.02597580 0.12896100
163 0.09099911 0.04098530 0.03221150 0.03705790 0.01387080 0.02764760 0.04398171 0.05740531 0.02140560 0.10680901 0.17249402 0.04185901 0.02280860 0.03467690 0.02629180 0.06835721 0.04671751 0.00790398 0.02799660 0.07852051
164 0.06312534 0.03608752 0.02723132 0.03485502 0.01238021 0.02829972 0.04041403 0.05341103 0.02056641 0.11074007 0.13472609 0.03773322 0.02415932 0.04736233 0.02151861 0.07754225 0.04105883 0.00890456 0.06524104 0.11464307
165 0.05141001 0.04018311 0.03676201 0.03145331 0.01043060 0.02468451 0.04072621 0.04606431 0.01650270 0.07070112 0.13598104 0.04955331 0.02148561 0.04126631 0.01852680 0.07304122 0.03387091 0.00530054 0.02713231 0.22492406
166 0.09009136 0.03111649 0.02579049 0.04175038 0.01125810 0.03372859 0.03910838 0.05972398 0.02056149 0.06624027 0.07753577 0.04473798 0.01801579 0.09273656 0.02914899 0.07241857 0.04544368 0.04552958 0.10525196 0.04981158
167 0.13054497 0.03987969 0.02803229 0.03968139 0.01660960 0.02820009 0.04625149 0.05735739 0.01865590 0.11608397 0.09084038 0.04268789 0.05649549 0.03442449 0.03280649 0.06770859 0.04938179 0.00903142 0.03079799 0.06452869
168 0.06770150 0.10195700 0.03559970 0.04876040 0.01766020 0.06584620 0.05340070 0.05675550 0.02134200 0.07692270 0.08525970 0.04855710 0.02296780 0.03952980 0.03588920 0.05845850 0.05250300 0.00712208 0.03456800 0.06919890
169 0.08001798 0.04273159 0.03062969 0.04211329 0.01318070 0.03206819 0.04624139 0.05955889 0.02295920 0.05498169 0.13139597 0.04646229 0.02193590 0.08734348 0.02761229 0.06368139 0.04907309 0.01247160 0.07001699 0.06552439
170 0.07555002 0.04692101 0.02957921 0.04002741 0.01748540 0.03583201 0.05255021 0.05828581 0.02076270 0.07004951 0.08952762 0.04452951 0.02682281 0.03766521 0.08748742 0.05547081 0.11996302 0.01080060 0.03003481 0.05065491
171 0.07456351 0.05072141 0.03770280 0.04520120 0.01493700 0.03209950 0.05451611 0.05998641 0.02245250 0.06511651 0.08948551 0.05483301 0.02584010 0.09151211 0.03102690 0.06761641 0.05117971 0.01111140 0.03240570 0.08769221
172 0.06639929 0.10479398 0.03771109 0.04681449 0.01791320 0.02985230 0.05316169 0.06120439 0.01995970 0.06974139 0.08699489 0.08352469 0.02561290 0.04163279 0.03101050 0.05441699 0.04335899 0.00746575 0.02990060 0.08853039
173 0.06807051 0.04090200 0.02810370 0.03761330 0.01527170 0.03657110 0.04140770 0.05864651 0.01718570 0.08382901 0.08040031 0.04256530 0.03205000 0.03716910 0.08225111 0.15496602 0.03869440 0.01262950 0.03162630 0.06004671
174 0.06738852 0.03926431 0.02951531 0.03848431 0.01264990 0.02837871 0.05038092 0.05541602 0.02188021 0.06185082 0.15387705 0.04369721 0.02918171 0.07667932 0.03055961 0.04408071 0.10562103 0.00971780 0.03328401 0.06809252
175 0.06183595 0.04214873 0.03201253 0.03649133 0.01301571 0.02836672 0.04506204 0.05301604 0.01883122 0.13644011 0.09918298 0.04296164 0.02050102 0.03623383 0.02165042 0.08400067 0.03795113 0.00738368 0.02917512 0.15373913
176 0.06595391 0.04586601 0.03688811 0.04964441 0.01860630 0.07761001 0.08144041 0.05467421 0.02241260 0.07925351 0.08873631 0.04353931 0.02576380 0.04164591 0.03268860 0.06451471 0.05551681 0.00865786 0.03715201 0.06943521
177 0.08067418 0.05155609 0.03384739 0.04221329 0.01784770 0.03586549 0.05097929 0.06304449 0.02175040 0.07367199 0.09410748 0.05015799 0.03014339 0.04054409 0.08028818 0.06565509 0.06165909 0.01098750 0.03282699 0.06217989
178 0.06183563 0.04997042 0.03492762 0.04378462 0.01638931 0.03155792 0.04960042 0.05697373 0.02097711 0.13443006 0.07732814 0.08699094 0.02127201 0.03446732 0.02599211 0.06733193 0.04313202 0.00918872 0.02945491 0.10439505
179 0.13520198 0.04015709 0.02780480 0.03615080 0.01675230 0.02550450 0.04230469 0.05801809 0.01912810 0.14135698 0.09716209 0.03779590 0.01828820 0.03078660 0.02620110 0.07220499 0.04011649 0.00824783 0.02803360 0.09878389
