1 0.29302475 0.01683329 0.01905318 0.02589958 0.10730491 0.04186766 0.01767538 0.04488366 0.01822988 0.06271135 0.06244425 0.02445628 0.01190849 0.02168018 0.02373498 0.13147289 0.02146038 0.00511135 0.02026298 0.02998457
2 0.30959084 0.03561598 0.02905339 0.03498248 0.01505009 0.02232509 0.03441758 0.04641568 0.01776779 0.07066446 0.09766905 0.03484948 0.01903099 0.03368178 0.02523089 0.05765977 0.03731328 0.00693831 0.02829049 0.04345258
3 0.18732090 0.02273709 0.01923839 0.02551159 0.01468839 0.02535589 0.03581818 0.03738918 0.01217269 0.08168686 0.07306606 0.03414158 0.01934059 0.04186388 0.03102568 0.22451789 0.02838419 0.00887591 0.02387049 0.05299457
4 0.04012679 0.04133009 0.02896039 0.03244249 0.00957306 0.02918359 0.04013319 0.05079658 0.01606069 0.05537898 0.07307558 0.03735329 0.02074589 0.02967359 0.02023199 0.10490497 0.02710589 0.00546506 0.02632899 0.31112890
5 0.18853516 0.02756012 0.02293152 0.02658832 0.01186861 0.01612261 0.03077883 0.03723973 0.01606651 0.16567514 0.18452816 0.02606772 0.02579242 0.02549142 0.01875872 0.04407124 0.02504132 0.00613906 0.01921632 0.08152707
6 0.05717294 0.03818693 0.02246261 0.03209092 0.01299331 0.02676502 0.04083323 0.04478163 0.01515711 0.05851594 0.06227954 0.02944712 0.01778321 0.06835315 0.02446902 0.13479109 0.23909616 0.00869615 0.02250391 0.04362103
7 0.05820249 0.02689249 0.02149530 0.02729449 0.01172040 0.02726699 0.03796709 0.03822089 0.01375850 0.07505938 0.06708799 0.03313979 0.02557899 0.03308099 0.02322859 0.28615394 0.03216349 0.00842332 0.02396489 0.12929997
8 0.06275913 0.04360502 0.02867691 0.05362342 0.01824191 0.02407751 0.03989902 0.04430472 0.02429321 0.06070722 0.09981804 0.20626508 0.02404191 0.04248322 0.03206501 0.05345402 0.03689781 0.01018130 0.03170661 0.06289893
9 0.05814971 0.04432851 0.05165401 0.03711701 0.01312660 0.02194490 0.18620003 0.06138351 0.02921770 0.07419321 0.08536361 0.03770811 0.02399020 0.04058041 0.02632780 0.05695491 0.04310711 0.00802803 0.03259691 0.06802771
10 0.05090059 0.03031980 0.02077140 0.02933760 0.01260650 0.02483550 0.04051869 0.03786870 0.01593050 0.08105969 0.06328109 0.03051210 0.01909920 0.04147849 0.01990200 0.24704097 0.13235498 0.00835673 0.02278850 0.07103699
11 0.03903524 0.13256912 0.02223802 0.02749003 0.00821440 0.02652092 0.03731143 0.03318143 0.01216741 0.06072056 0.07678477 0.03831093 0.02222422 0.03343133 0.01967022 0.25123723 0.02992143 0.00725001 0.02459362 0.09712769
12 0.08332043 0.03181481 0.02981961 0.04065741 0.01979951 0.02890251 0.04798412 0.05175282 0.01923281 0.26104209 0.06404242 0.03912981 0.01927981 0.02744291 0.03583701 0.07372513 0.03657101 0.00951296 0.02670951 0.05342332
13 0.06164232 0.05154411 0.16737405 0.02685321 0.01312810 0.02514821 0.05572942 0.05438001 0.01396620 0.05263171 0.09061102 0.03688941 0.01942471 0.03208381 0.03321241 0.04101671 0.13199904 0.00741903 0.02543961 0.05950692
14 0.07381453 0.03085691 0.03048801 0.02924961 0.01250510 0.01734801 0.03669211 0.04476332 0.02042161 0.13892505 0.26309909 0.03612951 0.02592391 0.02832091 0.02003851 0.04333112 0.03063561 0.00729025 0.02390921 0.08625763
15 0.03897259 0.03249599 0.02419190 0.04069819 0.02126890 0.02261490 0.03677099 0.04294519 0.01149450 0.03467649 0.04482959 0.03564749 0.29384194 0.03082799 0.02557640 0.05105389 0.02883809 0.00631729 0.13396297 0.04297469
16 0.06358681 0.02456770 0.02768770 0.03005410 0.01565820 0.01799040 0.03111370 0.04357781 0.02183870 0.02894630 0.30307904 0.03536960 0.01094020 0.06001121 0.01990630 0.03653110 0.02909610 0.00442547 0.16258602 0.03303350
17 0.07047307 0.03472618 0.03942068 0.03525348 0.01759749 0.03550528 0.04225268 0.04516578 0.01881619 0.07689956 0.08909036 0.04940188 0.03019269 0.03365868 0.17593292 0.05694847 0.05230498 0.00993997 0.02930599 0.05711367
18 0.04743822 0.03944642 0.02553431 0.04598452 0.01486951 0.02212511 0.03807692 0.04564982 0.01250841 0.04440512 0.06716373 0.03898962 0.31072216 0.02636491 0.02793531 0.06745393 0.03169502 0.00635070 0.02878191 0.05850433
19 0.16997008 0.03748802 0.02506001 0.16096807 0.01012920 0.02197001 0.04043382 0.02791841 0.01370891 0.04095812 0.07625033 0.04173832 0.01787201 0.13067606 0.02001751 0.04961412 0.02953081 0.00926425 0.04208292 0.03434902
20 0.05971242 0.04502161 0.05280541 0.03865401 0.01370880 0.02256731 0.18483105 0.06154232 0.02769931 0.07504212 0.08510002 0.03705711 0.02301901 0.03947471 0.02530131 0.05816512 0.04239261 0.00770854 0.03142291 0.06877432
21 0.05712608 0.03942018 0.02154829 0.16023894 0.02788619 0.02760029 0.02971009 0.04091198 0.01283959 0.08113997 0.08010677 0.04603578 0.03714799 0.03453209 0.02882249 0.13961394 0.03853108 0.01077950 0.02673779 0.05927098
22 0.07231199 0.05294509 0.02542719 0.17314897 0.02129550 0.03538449 0.04398049 0.04219439 0.01575180 0.07208979 0.08540758 0.06369899 0.03540849 0.03881229 0.02657469 0.04941049 0.04214389 0.01030740 0.03118709 0.06251939
23 0.06762987 0.22852890 0.03498138 0.04677158 0.01330549 0.02303269 0.04920928 0.04815848 0.01350779 0.05532138 0.08177916 0.04848838 0.02649949 0.03927348 0.02278469 0.04551098 0.04681828 0.00772044 0.02842749 0.07225077
24 0.05808562 0.05079892 0.02612501 0.04327392 0.01496771 0.03836792 0.04129202 0.03982872 0.01633771 0.04941932 0.08290973 0.15657106 0.02161061 0.02675521 0.02509641 0.04360492 0.03562001 0.00590269 0.17039507 0.05303742
25 0.31286905 0.03695941 0.02941050 0.03685571 0.01583230 0.02353260 0.03502281 0.04495061 0.01802130 0.06941351 0.09508502 0.03728711 0.01818810 0.03318581 0.02476810 0.05575371 0.03702901 0.00667974 0.02770340 0.04145221
26 0.05242279 0.03155800 0.01850880 0.02751610 0.00900015 0.01946120 0.02645020 0.02625460 0.02120830 0.04047209 0.07790309 0.19106997 0.02584880 0.14689398 0.01988580 0.15282998 0.02537270 0.01157260 0.03217430 0.04359659
27 0.06362841 0.04382931 0.02827401 0.05345831 0.01861870 0.02299420 0.03897111 0.04506761 0.02378660 0.06160231 0.09660972 0.20966904 0.02385090 0.04233721 0.03150951 0.05407571 0.03609001 0.01038090 0.03161331 0.06363311
28 0.30528512 0.03747621 0.02811041 0.03633981 0.01532571 0.02291861 0.03586261 0.04511032 0.01769621 0.06978103 0.09746574 0.03672461 0.01869711 0.03384741 0.02510631 0.05780942 0.03720341 0.00681632 0.02920411 0.04321952
29 0.07710347 0.03483829 0.03841558 0.03363839 0.01334259 0.02271029 0.04027008 0.05236808 0.02261979 0.05272828 0.29622387 0.04499648 0.02004019 0.03210339 0.02659419 0.04719788 0.04207928 0.00674983 0.03426119 0.06171887
30 0.07143769 0.04590280 0.02692200 0.03775620 0.01057070 0.03338100 0.04639050 0.04708240 0.02026230 0.05023580 0.07507789 0.05018350 0.02237090 0.18679899 0.02589730 0.06482579 0.08352169 0.00981058 0.03170420 0.05986780
31 0.05247552 0.03893722 0.02754791 0.13957706 0.01776761 0.03670421 0.04151382 0.03713141 0.01461691 0.06677853 0.06588353 0.05302472 0.03181361 0.03703901 0.14823206 0.05219902 0.04136672 0.01211710 0.02905331 0.05622072
32 0.04605109 0.02421170 0.02271420 0.02664770 0.00953728 0.02069960 0.03829349 0.14029097 0.01468700 0.06549099 0.06452309 0.02940289 0.02295690 0.02955749 0.01798930 0.27306895 0.02753100 0.01122270 0.02401850 0.09110518
33 0.13277197 0.04062339 0.13457597 0.04116989 0.01246740 0.02308089 0.06626079 0.03526889 0.01350970 0.03539109 0.06451089 0.03982989 0.01724480 0.02594129 0.02109560 0.04333729 0.04380319 0.00557792 0.02604319 0.17749596
34 0.05599503 0.02451551 0.02514051 0.03350532 0.01551251 0.03140612 0.04119402 0.04946193 0.02144971 0.27375114 0.06713773 0.03044252 0.01803621 0.02759621 0.02524571 0.06264063 0.03162672 0.00783009 0.02443031 0.13308207
35 0.05552087 0.02672079 0.02102909 0.02533119 0.01202329 0.02575779 0.03734968 0.03834788 0.01391069 0.07572387 0.06707377 0.03436428 0.02520029 0.03481658 0.02272189 0.28848987 0.03337658 0.00814006 0.02469859 0.12940294
36 0.04743679 0.02781590 0.02234330 0.02561290 0.01466710 0.13192998 0.03838599 0.03111429 0.01352730 0.06272219 0.06477199 0.03403339 0.01823750 0.03715249 0.02574210 0.24757396 0.02794220 0.00776117 0.02778220 0.09344728
37 0.15005308 0.02306501 0.02022901 0.02211271 0.02379201 0.11957807 0.03120732 0.02637301 0.01199501 0.05966493 0.07099474 0.03148412 0.01427001 0.03926802 0.03127942 0.22353813 0.02790182 0.00709864 0.02397111 0.04212382
38 0.07231592 0.05317242 0.02545031 0.17155905 0.02140581 0.03455381 0.04477851 0.04407451 0.01549040 0.07160092 0.08392503 0.06276662 0.03384661 0.03943161 0.02703621 0.05045762 0.04291141 0.01052250 0.03086041 0.06384032
39 0.28524002 0.02896610 0.02408200 0.03012700 0.10395401 0.03864920 0.02316150 0.05123230 0.02328160 0.05803320 0.08053231 0.03442600 0.01498400 0.02342510 0.02377480 0.05934150 0.02439590 0.00518053 0.03212820 0.03508470
40 0.05614482 0.02703751 0.02092281 0.02583761 0.01141650 0.02680481 0.03762641 0.03858141 0.01404261 0.07580643 0.06614782 0.03476871 0.02555211 0.03448721 0.02283621 0.28812410 0.03272921 0.00803124 0.02449141 0.12861105
41 0.37040400 0.02053300 0.02001090 0.02325840 0.01581980 0.01838340 0.02504430 0.03974850 0.01270010 0.07465880 0.06611960 0.02724100 0.01321860 0.03159360 0.02428080 0.13437900 0.02978570 0.00658081 0.02037210 0.02586760
42 0.30578898 0.02343150 0.02293500 0.02673690 0.01674150 0.02212250 0.03064120 0.04079030 0.01281470 0.07795330 0.07114400 0.03070620 0.01592940 0.03625160 0.02810630 0.14372299 0.03148390 0.00778795 0.02287740 0.03203440
43 0.25967782 0.03068588 0.02269658 0.02931118 0.01207879 0.01765669 0.02555438 0.03381038 0.02010899 0.06062696 0.23809984 0.02982948 0.02095029 0.02942998 0.01509999 0.03483148 0.02872778 0.00488228 0.03046628 0.05547496
44 0.06085118 0.04419179 0.02605879 0.03456149 0.01418760 0.02667079 0.04183989 0.05370179 0.01760220 0.05092019 0.08837478 0.03610599 0.02152269 0.06436948 0.03373969 0.04863639 0.25423193 0.00943466 0.02748909 0.04550959
45 0.04053871 0.02811920 0.02424860 0.02885490 0.00969040 0.02936860 0.03573511 0.04414971 0.01917480 0.13846202 0.08834731 0.02872740 0.02080930 0.02926380 0.01658980 0.09097291 0.02514700 0.00643835 0.02259400 0.27276804
46 0.07018919 0.05215129 0.02720239 0.17153497 0.02136520 0.03463709 0.04485739 0.04413429 0.01548600 0.07068489 0.08668628 0.06358619 0.03414649 0.03752679 0.02659739 0.05060149 0.04267079 0.01012930 0.03091419 0.06489839
47 0.05217807 0.21642288 0.02568349 0.05433507 0.03343858 0.02204949 0.03782398 0.02780908 0.01073309 0.03527108 0.05954447 0.19724189 0.03508718 0.03937778 0.01547269 0.02936788 0.02939458 0.00554106 0.02572099 0.04750667
48 0.05693508 0.02766389 0.02057449 0.02665989 0.01176950 0.02626979 0.03747679 0.03784159 0.01391540 0.07540297 0.06769398 0.03408009 0.02544369 0.03414119 0.02354429 0.28782290 0.03250149 0.00803094 0.02367609 0.12855596
49 0.05384926 0.04399405 0.03394444 0.03726784 0.00976594 0.02643263 0.10756211 0.03374044 0.01772052 0.03414584 0.25421826 0.13492814 0.02160722 0.02465053 0.02417083 0.03981264 0.03196613 0.00561544 0.02393622 0.04067154
50 0.04817320 0.03614380 0.02511980 0.03693450 0.01396850 0.01796550 0.03170320 0.03655370 0.02156850 0.03807770 0.07507951 0.19362002 0.02211630 0.04191950 0.02973380 0.03434770 0.22676502 0.00912531 0.02551380 0.03557060
51 0.05683644 0.02672882 0.02096331 0.02549312 0.01160551 0.02626822 0.03748792 0.03806652 0.01364181 0.07401335 0.06685754 0.03357682 0.02558152 0.03365282 0.02271761 0.29008119 0.03389112 0.00790607 0.02395422 0.13067608
52 0.05258988 0.21968693 0.02536939 0.05441018 0.03385669 0.02119589 0.03743119 0.02663409 0.01057140 0.03435909 0.05870868 0.19756594 0.03542029 0.04053989 0.01548740 0.02952209 0.02923739 0.00513210 0.02600659 0.04627489
53 0.08235556 0.03139218 0.03008238 0.03977908 0.02026679 0.02898058 0.04731378 0.05277537 0.01993929 0.26324986 0.06394017 0.03841268 0.01959629 0.02687479 0.03419798 0.07409076 0.03531948 0.00932302 0.02649969 0.05561027
54 0.05602917 0.02776978 0.02117379 0.02660208 0.01171199 0.02578518 0.03759048 0.03907248 0.01322389 0.07628275 0.06565256 0.03349938 0.02581478 0.03417648 0.02256309 0.28784482 0.03360728 0.00813651 0.02440458 0.12905892
55 0.05590547 0.13806493 0.03187778 0.06376117 0.01746999 0.02351819 0.12397094 0.03064989 0.01456369 0.04298448 0.06984217 0.16312992 0.02860119 0.03703528 0.01875169 0.03536788 0.02786959 0.00654728 0.02567959 0.04440888
56 0.05666421 0.03295590 0.03299000 0.03039530 0.01066670 0.02365170 0.14068402 0.04013491 0.01737480 0.06097731 0.07209991 0.11830102 0.02015520 0.03949101 0.02942050 0.15557202 0.03510940 0.00950266 0.02552330 0.04833011
57 0.04958223 0.02381522 0.01903811 0.04127213 0.02195522 0.01913081 0.03763263 0.03959033 0.01806821 0.20754815 0.05032694 0.02491382 0.02018501 0.02879592 0.02183172 0.14292610 0.14575810 0.01076191 0.02346122 0.05340624
58 0.26233521 0.03176663 0.02523572 0.10507808 0.01369921 0.01966672 0.03636543 0.13411111 0.02095082 0.05024314 0.07032496 0.03376683 0.01294991 0.02860612 0.01680781 0.04637964 0.03148962 0.00688672 0.02365742 0.02967892
59 0.04356580 0.02444870 0.02402770 0.02796370 0.01771540 0.02838480 0.03693800 0.03912730 0.01496870 0.14727999 0.05773959 0.02927160 0.02908900 0.03885340 0.02161350 0.04318460 0.12040499 0.01100010 0.19027198 0.05415119
60 0.05709175 0.02698798 0.02775888 0.03468807 0.01546369 0.03117987 0.04318796 0.05052416 0.02170298 0.23309680 0.07823943 0.03084767 0.01975588 0.02909817 0.02425608 0.06510034 0.03254577 0.00772195 0.02539868 0.14535387
61 0.07543731 0.03481921 0.03816161 0.03380161 0.01369840 0.02229350 0.03823521 0.05080051 0.02266860 0.05266851 0.29900004 0.04652321 0.01925670 0.03199910 0.02606050 0.04635381 0.04352551 0.00634105 0.03436921 0.06398641
62 0.06418762 0.03264971 0.02249821 0.02845501 0.01310040 0.01480760 0.03362591 0.04081791 0.01412180 0.15273905 0.21030007 0.02645791 0.10378303 0.03138601 0.01785731 0.03883031 0.02675021 0.00691867 0.02132541 0.09938783
63 0.05742196 0.02653973 0.02744963 0.03484794 0.01482202 0.03112533 0.04339344 0.04976665 0.02145182 0.23304624 0.07766048 0.02983253 0.02036422 0.03041073 0.02376612 0.06614207 0.03233553 0.00767388 0.02451553 0.14743415
64 0.14893501 0.05206050 0.04314820 0.12531801 0.00847781 0.01598450 0.16701301 0.03103080 0.01409280 0.06023040 0.07298220 0.04108290 0.01813470 0.03301960 0.02116340 0.03675270 0.02675530 0.00741465 0.02914870 0.04725480
65 0.04223318 0.02612939 0.02215409 0.03652619 0.08765077 0.02175089 0.12557295 0.04200048 0.01978379 0.05943278 0.06581147 0.02958059 0.02290709 0.02879379 0.02130749 0.04339938 0.23889291 0.00873389 0.02234599 0.03499289
66 0.18962507 0.02297681 0.02079151 0.02750061 0.01898061 0.02241651 0.02477221 0.03158771 0.02070631 0.03742701 0.22082008 0.02792331 0.01502271 0.04993782 0.01404781 0.03164791 0.02380511 0.00470902 0.15676706 0.03853481
67 0.16990700 0.01906520 0.01990730 0.02351220 0.01287170 0.02721210 0.04576250 0.02743400 0.00960968 0.10883800 0.04928360 0.03485700 0.01658900 0.02921510 0.14578600 0.17812000 0.02119010 0.01192880 0.01882240 0.03008830
68 0.04740048 0.03545128 0.03161029 0.15530393 0.01210929 0.03124209 0.10985995 0.13875094 0.02375989 0.05679077 0.07043567 0.04412398 0.02427159 0.03052099 0.01770819 0.04281718 0.03489748 0.00873196 0.02704049 0.05717357
69 0.08298871 0.03184450 0.02966500 0.04038160 0.01952850 0.02819040 0.04863991 0.05174961 0.01999640 0.26085903 0.06379391 0.03866230 0.01923280 0.02781570 0.03559970 0.07427811 0.03539620 0.00940399 0.02684420 0.05512941
70 0.04442980 0.02922410 0.02991590 0.10836700 0.02187340 0.02190190 0.11260000 0.03485090 0.01671690 0.16171700 0.05156190 0.02912390 0.02171960 0.02442670 0.02023080 0.05163770 0.13592800 0.01117330 0.02037820 0.05222300
71 0.04793629 0.03948969 0.02667160 0.04618869 0.01561660 0.02136230 0.03820599 0.04530609 0.01240850 0.04449039 0.06599579 0.03796279 0.30961894 0.02658260 0.02847329 0.06613609 0.03235219 0.00649758 0.02871609 0.05998849
72 0.04141100 0.02287700 0.02288580 0.03952300 0.02004720 0.02436280 0.03882180 0.04919720 0.02223810 0.23616202 0.05845821 0.02525540 0.02119210 0.02663400 0.02172640 0.05637161 0.10587901 0.01043980 0.02282950 0.13368801
73 0.26833201 0.04309740 0.03840190 0.05025480 0.00981007 0.01809740 0.12579001 0.03209690 0.01588590 0.06611650 0.07163370 0.03830190 0.01716140 0.03090790 0.02930170 0.04538030 0.03074550 0.00709879 0.02731390 0.03427200
74 0.06339279 0.04341259 0.02611740 0.03518400 0.01463740 0.02713010 0.04232419 0.05435549 0.01709540 0.05080739 0.08671829 0.03666309 0.02158660 0.06301159 0.03193930 0.04796439 0.25479496 0.00873304 0.02765080 0.04648119
75 0.05217370 0.03001110 0.03624830 0.02359190 0.01430930 0.01754580 0.16941300 0.04512930 0.02578370 0.19750400 0.08155360 0.02312470 0.02309580 0.03293380 0.02390620 0.05094830 0.03792310 0.00812299 0.02549430 0.08118710
76 0.15637699 0.04607900 0.03383560 0.04393910 0.01125890 0.01996510 0.14049199 0.03302840 0.01584970 0.05840410 0.07533939 0.11872299 0.01850710 0.03533930 0.03317740 0.04974760 0.03355550 0.00762627 0.02805700 0.04069860
77 0.31083303 0.03741810 0.02852740 0.03621520 0.01543930 0.02271910 0.03524970 0.04453500 0.01762350 0.06847881 0.09761591 0.03648360 0.01923290 0.03319290 0.02453260 0.05590681 0.03740720 0.00675259 0.02872280 0.04311350
78 0.08192831 0.03192270 0.02920020 0.04003680 0.01963460 0.02920690 0.04787950 0.05136631 0.01978290 0.26286603 0.06472091 0.03876860 0.01879400 0.02705170 0.03472100 0.07526291 0.03685040 0.00910900 0.02708380 0.05381341
79 0.07704868 0.03501119 0.03749699 0.03372029 0.01291900 0.02190649 0.03705579 0.05180189 0.02198769 0.05290379 0.29948893 0.04709859 0.01950520 0.03221979 0.02627499 0.04746239 0.04351039 0.00638445 0.03419729 0.06200618
80 0.05133962 0.02771341 0.02505061 0.03008921 0.01078010 0.02289111 0.04146112 0.16091206 0.01687441 0.06698663 0.06921743 0.03236651 0.02497541 0.03162691 0.01934361 0.21839609 0.02755291 0.01198300 0.02623661 0.08420323
81 0.05459656 0.03804867 0.02841428 0.04095127 0.11776092 0.03731417 0.04184337 0.04838317 0.02473558 0.05835966 0.09884003 0.05433056 0.02252258 0.11626492 0.02674138 0.04307247 0.04035887 0.00987948 0.05154206 0.04603997
82 0.06337682 0.03331101 0.02616351 0.04346181 0.02313681 0.02559201 0.04537111 0.04937631 0.01649960 0.23580406 0.07068302 0.03252531 0.08558912 0.02658391 0.02861761 0.06404202 0.04142411 0.00971534 0.02723141 0.05149511
83 0.05140708 0.03638718 0.01824499 0.02704109 0.01067390 0.02538539 0.03688888 0.03958388 0.01365959 0.04707008 0.05619447 0.02523569 0.01564329 0.08231566 0.02454969 0.12224894 0.30354086 0.00760346 0.02070179 0.03562408
84 0.31078813 0.03715012 0.02817421 0.03659452 0.01579571 0.02271171 0.03401821 0.04611332 0.01755781 0.06908743 0.09708224 0.03652911 0.01832491 0.03366171 0.02506611 0.05640862 0.03623581 0.00739669 0.02881711 0.04248652
85 0.06763719 0.02537650 0.02186230 0.01970950 0.00702248 0.01074350 0.02858300 0.03445900 0.01576880 0.14671298 0.29069096 0.02324430 0.03815399 0.02744920 0.01064550 0.02883520 0.02074340 0.00475506 0.01464020 0.16296698
86 0.19899199 0.03013320 0.10736600 0.02970720 0.01360230 0.01889660 0.04887160 0.03188510 0.01246110 0.19687499 0.04702700 0.03072230 0.01636550 0.01973870 0.03173330 0.05586440 0.03458830 0.00624954 0.02205870 0.04686220
87 0.05673890 0.02878400 0.03002750 0.02883130 0.01345710 0.03175640 0.03550100 0.20044500 0.01943630 0.06569140 0.07633360 0.03673780 0.02559040 0.02922100 0.12697600 0.04771500 0.04830730 0.00890910 0.02772970 0.06181120
88 0.24912696 0.02548130 0.02826669 0.02914269 0.01420840 0.02647440 0.04135799 0.03250269 0.01382350 0.08781448 0.06338559 0.03975399 0.01854400 0.02886999 0.14463797 0.06088489 0.03043969 0.00890458 0.02336170 0.03301849
89 0.05958811 0.04397551 0.02566071 0.03447961 0.01390170 0.02676031 0.04177671 0.05461861 0.01768580 0.05008941 0.08834152 0.03598251 0.02051020 0.06457171 0.03245481 0.04888241 0.25890505 0.00896200 0.02738971 0.04546361
90 0.07618869 0.03557980 0.03744560 0.03321050 0.01335960 0.02272370 0.03850930 0.05163840 0.02218150 0.05256660 0.29863298 0.04551750 0.02025630 0.03223840 0.02641770 0.04749420 0.04232970 0.00616497 0.03445030 0.06309430
91 0.05834257 0.04392708 0.05122958 0.03749598 0.01332039 0.02319189 0.18530792 0.06234287 0.02854069 0.07447267 0.08579126 0.03755498 0.02396279 0.03925538 0.02594829 0.05808517 0.04289218 0.00838324 0.03243709 0.06751797
92 0.30893702 0.03610450 0.02899730 0.03535570 0.01678380 0.02406620 0.03339980 0.04527730 0.01798720 0.07060830 0.09485321 0.03610600 0.01854820 0.03326230 0.02532740 0.05719270 0.03684700 0.00683503 0.02925640 0.04425460
93 0.04127708 0.04121918 0.02874918 0.03235438 0.00957238 0.02888518 0.04017268 0.05096267 0.01585699 0.05628737 0.07554096 0.03606148 0.02037069 0.02976508 0.02028349 0.10386394 0.02725839 0.00600836 0.02666169 0.30884883
94 0.05258873 0.03847362 0.02611122 0.05948174 0.01466051 0.02064521 0.11772707 0.03961392 0.01988761 0.05238763 0.08319765 0.21803313 0.02028751 0.04000072 0.03217442 0.04458833 0.02917122 0.01022071 0.02880602 0.05194303
95 0.07368787 0.02787929 0.02750379 0.02916459 0.01449589 0.02090499 0.04320728 0.16936993 0.02867889 0.03221999 0.18779392 0.03185329 0.01419119 0.10431195 0.01543519 0.04833548 0.04229058 0.00866274 0.03835108 0.04166208
96 0.05156688 0.03155899 0.01890849 0.02717109 0.01314349 0.01752279 0.03247619 0.06158077 0.01900789 0.04445028 0.24811189 0.02866559 0.01941399 0.03829558 0.02411179 0.02644809 0.22348690 0.00669954 0.02453689 0.04284288
97 0.05722281 0.02736380 0.02085880 0.02651250 0.01162490 0.02644730 0.03739680 0.03886910 0.01329960 0.07455981 0.06671731 0.03409530 0.02548640 0.03445250 0.02217790 0.28746203 0.03239780 0.00814060 0.02444570 0.13046901
98 0.06609279 0.05200949 0.03073259 0.16671396 0.01439860 0.02642739 0.11829397 0.03953739 0.01652190 0.06757389 0.07853698 0.06002569 0.02829979 0.03481319 0.02144180 0.03912969 0.03535809 0.00952632 0.03192579 0.06264069
99 0.06910218 0.05130478 0.03066269 0.16824695 0.01385390 0.02667879 0.11685396 0.04018979 0.01603089 0.06711878 0.08030027 0.05945918 0.02757839 0.03575659 0.02129169 0.03807609 0.03546519 0.00969362 0.03165239 0.06068388
100 0.07610373 0.03493872 0.03827332 0.03276691 0.01344741 0.02236261 0.03798772 0.05081732 0.02242471 0.05411262 0.30096214 0.04627272 0.02046971 0.03214851 0.02596711 0.04679032 0.04275202 0.00648025 0.03234471 0.06257743
101 0.05840968 0.02717589 0.02133509 0.02639899 0.01155430 0.02469559 0.03811809 0.03793209 0.01368139 0.07600097 0.06869317 0.03395649 0.02523849 0.03385349 0.02294699 0.28648789 0.03232449 0.00795627 0.02480769 0.12843295
102 0.16665993 0.03035989 0.02563169 0.03896598 0.02125049 0.14150894 0.03268979 0.03214999 0.01941839 0.05146288 0.07465527 0.03263819 0.01792249 0.03511148 0.03005179 0.04300428 0.03166049 0.00671333 0.03306279 0.13508194
103 0.05753008 0.03621649 0.03448379 0.03208509 0.01472489 0.02955229 0.05143408 0.23121791 0.02685299 0.06735967 0.09156246 0.03500759 0.02544869 0.03433879 0.02186759 0.04879908 0.04864498 0.00881721 0.03095959 0.07309677
104 0.07040111 0.04639201 0.02731980 0.03828620 0.00969459 0.03348450 0.04616631 0.04761191 0.02022330 0.05182891 0.07655081 0.04866731 0.02155070 0.18609202 0.02648960 0.06568141 0.08079551 0.01029510 0.03213450 0.06033441
105 0.05306139 0.03694269 0.03493689 0.04380799 0.08918358 0.04056619 0.03788089 0.04807639 0.01867730 0.04552169 0.06424639 0.04714029 0.02153250 0.02697410 0.03171549 0.05406339 0.02992309 0.00634557 0.02819820 0.24120596
106 0.05830653 0.02506711 0.02618771 0.03461372 0.01557321 0.03090312 0.04175482 0.04991273 0.02166861 0.23602913 0.07958064 0.03175942 0.02008291 0.02946092 0.02400181 0.06443614 0.03305392 0.00745145 0.02502701 0.14512908
107 0.14534697 0.03639429 0.02555519 0.02889889 0.01178150 0.02551029 0.03203469 0.03100189 0.01539810 0.03775319 0.07338228 0.11539398 0.01899690 0.03575809 0.02179120 0.04357079 0.13977397 0.00745591 0.11678898 0.03741289
108 0.05690853 0.02139491 0.01850601 0.02064051 0.00642132 0.01385241 0.03575452 0.03418662 0.02524041 0.15618708 0.22530712 0.02357101 0.03515652 0.08434264 0.01049131 0.03002432 0.02108331 0.00627635 0.01704401 0.15761108
109 0.04854971 0.03958031 0.02657811 0.04627721 0.01446650 0.02184291 0.03680981 0.04753961 0.01211950 0.04391061 0.06649152 0.03841551 0.31160509 0.02647321 0.02777411 0.06580752 0.03224401 0.00635572 0.02889151 0.05826752
110 0.05520147 0.20627588 0.10066994 0.03916268 0.02357339 0.02538209 0.04823397 0.03021028 0.01164079 0.03841768 0.06943556 0.12993892 0.02378899 0.03010018 0.01576709 0.03348708 0.04221888 0.00448708 0.01967719 0.05233087
111 0.05809151 0.04443130 0.05050081 0.03818420 0.01382770 0.02224360 0.18634802 0.06171541 0.02817600 0.07529681 0.08464691 0.03736170 0.02376790 0.03960630 0.02504240 0.05719841 0.04409450 0.00806760 0.03351750 0.06788141
112 0.05018468 0.02924119 0.03238429 0.02865939 0.01204140 0.02325519 0.04354608 0.25494690 0.01926579 0.06311077 0.07184137 0.03066369 0.02380179 0.02907179 0.01929609 0.12718695 0.03390449 0.01082670 0.02678629 0.06998517
113 0.06254848 0.04990358 0.02471919 0.03804299 0.01168880 0.03106799 0.04048059 0.04600018 0.02177909 0.04273199 0.07743417 0.04651188 0.01657359 0.17332494 0.02516559 0.05188588 0.04680118 0.00964333 0.12867496 0.05502158
114 0.18803206 0.02959641 0.02242591 0.02725881 0.01791081 0.02161841 0.03288371 0.20662207 0.02471371 0.06617222 0.09221723 0.03122121 0.01657261 0.02971191 0.02050941 0.04725332 0.03927311 0.00794707 0.03158051 0.04647952
115 0.05754642 0.02579811 0.02088721 0.02589821 0.01240370 0.02558651 0.03776541 0.03915611 0.01367990 0.07480212 0.06738802 0.03387011 0.02631511 0.03468801 0.02248251 0.28501608 0.03291841 0.00800551 0.02447051 0.13132204
116 0.07047782 0.03821991 0.02918741 0.03812681 0.01646970 0.03609821 0.04783421 0.05351561 0.01727550 0.06311612 0.09998003 0.04428911 0.02669951 0.04087711 0.02632331 0.05334171 0.03991911 0.00771472 0.18549505 0.06503902
117 0.06710484 0.23062613 0.03534392 0.04700923 0.01315181 0.02347641 0.04995593 0.04805213 0.01351311 0.05341793 0.07987975 0.04837633 0.02732652 0.04029252 0.02276841 0.04550343 0.04672973 0.00739793 0.02901722 0.07105674
118 0.06220158 0.03074539 0.02134919 0.03160309 0.01559980 0.02055979 0.03225619 0.04608399 0.02357089 0.03184939 0.19854894 0.03359479 0.01235640 0.12939196 0.01704299 0.03711739 0.02449999 0.00497031 0.19019994 0.03645799
119 0.07689717 0.03496869 0.03862079 0.03301619 0.01336530 0.02154729 0.03931019 0.05142028 0.02313379 0.05228508 0.30138589 0.04520978 0.01937459 0.03181139 0.02655529 0.04620398 0.04233399 0.00647805 0.03421379 0.06186848
120 0.19539415 0.02200232 0.01714651 0.01861391 0.01316591 0.01227931 0.02237302 0.11542909 0.01795881 0.13103010 0.18651215 0.02016472 0.02436542 0.02188742 0.01282161 0.03581263 0.02795702 0.00511452 0.01809251 0.08187886
121 0.05536829 0.02999050 0.02802490 0.02352770 0.00662364 0.01488720 0.02866440 0.03909199 0.01493700 0.08875189 0.28430895 0.02969270 0.03123840 0.02545180 0.01395730 0.03830079 0.02137900 0.00473552 0.01755110 0.20351697
122 0.05212171 0.01935000 0.02006530 0.02391630 0.02029590 0.09572422 0.04177921 0.04859081 0.09953782 0.19386403 0.07213171 0.02944381 0.02139110 0.03792911 0.02536100 0.04123341 0.03167181 0.00651553 0.02407050 0.09500672
123 0.04636749 0.03908069 0.02635399 0.04522639 0.01577410 0.02202519 0.03891049 0.04671589 0.01277340 0.04403689 0.06678258 0.03792999 0.31007293 0.02610409 0.02912459 0.06549838 0.03240929 0.00635604 0.02949359 0.05896399
124 0.04463521 0.02304460 0.04670691 0.03157781 0.00886716 0.02518580 0.13008502 0.15338102 0.02146510 0.04829771 0.05704681 0.02538890 0.01477880 0.02777200 0.01476190 0.14084302 0.11563702 0.00814418 0.01936630 0.04301471
125 0.03445981 0.02962851 0.13578603 0.02189721 0.01084970 0.02068720 0.06208621 0.28289307 0.01581180 0.05066931 0.08234272 0.02663131 0.01574900 0.02459711 0.02056800 0.04287241 0.03594061 0.00621527 0.02169520 0.05861951
126 0.03894299 0.02893989 0.03060549 0.02757629 0.01382000 0.01961709 0.03235799 0.04251828 0.09896166 0.04569868 0.07690987 0.04427028 0.02494419 0.03272259 0.14942095 0.03621169 0.19217393 0.00743826 0.02263689 0.03423299
127 0.08166615 0.03156062 0.02994022 0.04052102 0.02046731 0.02835502 0.04895293 0.05104023 0.01957231 0.26175615 0.06343324 0.03829952 0.01941991 0.02687862 0.03561232 0.07636334 0.03616872 0.00911693 0.02769942 0.05317603
128 0.03979320 0.04180591 0.02912710 0.03149310 0.00931079 0.02893550 0.03968110 0.04954991 0.01533800 0.05598771 0.07222521 0.03709950 0.02013580 0.02886170 0.01979530 0.10806201 0.02675500 0.00553049 0.02712660 0.31338604
129 0.06159218 0.03279009 0.02648519 0.04599068 0.02427989 0.20473592 0.03362989 0.05537108 0.01671169 0.06987497 0.07240587 0.03492549 0.02141119 0.04047018 0.03523499 0.05971648 0.04115448 0.00773900 0.03777858 0.07770217
130 0.06369661 0.03236920 0.02662700 0.04605261 0.02458740 0.20174703 0.03446191 0.05489351 0.01596920 0.06907711 0.07089261 0.03520851 0.02191640 0.04139211 0.03530111 0.06147481 0.04266751 0.00748495 0.03616471 0.07801571
131 0.07111210 0.05357670 0.02528660 0.17185300 0.02133590 0.03432640 0.04436250 0.04275350 0.01589950 0.07190740 0.08519320 0.06396800 0.03425660 0.03880910 0.02691280 0.04947890 0.04245990 0.01047430 0.03167930 0.06435430
132 0.04414960 0.04588390 0.03641010 0.03569480 0.01096660 0.03248520 0.04425330 0.05529770 0.01789360 0.04517430 0.06507240 0.03671410 0.01845630 0.03896460 0.02508790 0.06524850 0.12506401 0.00907454 0.02778950 0.22031901
133 0.06571961 0.22901004 0.03554501 0.04717571 0.01331530 0.02241280 0.04891601 0.04820501 0.01338000 0.05385711 0.08222872 0.04817441 0.02752971 0.04037201 0.02265990 0.04555251 0.04745271 0.00748521 0.02801331 0.07299491
134 0.07513440 0.03420670 0.03905040 0.03283970 0.01315200 0.02130000 0.03876000 0.04992640 0.02197080 0.05313330 0.30496199 0.04547190 0.02001650 0.03089910 0.02700050 0.04731140 0.04218860 0.00662033 0.03391390 0.06214210
135 0.06029000 0.03603200 0.03395260 0.03334400 0.01498960 0.03112260 0.04923790 0.22905802 0.02696400 0.06774631 0.09155171 0.03538450 0.02500690 0.03432400 0.02272230 0.04952490 0.04685910 0.00855672 0.03017070 0.07316211
136 0.05654031 0.03788901 0.02208370 0.03209431 0.01305490 0.02707500 0.04073361 0.04431311 0.01507530 0.05769761 0.06241351 0.02928590 0.01779150 0.06805691 0.02475490 0.13657202 0.24048404 0.00836523 0.02283120 0.04288791
137 0.07202337 0.05382318 0.02603269 0.17045993 0.02226999 0.03464259 0.04469738 0.04369258 0.01624369 0.07067407 0.08559207 0.06299097 0.03422129 0.03808108 0.02676619 0.04964068 0.04339398 0.01035670 0.03062229 0.06377527
138 0.04672080 0.03412920 0.02533530 0.03878870 0.02174730 0.02948000 0.04086640 0.04497870 0.01051420 0.05238190 0.06705989 0.03797850 0.18906098 0.02529090 0.02703190 0.04553410 0.03829720 0.00590659 0.16615599 0.05274150
139 0.05681213 0.02653041 0.02144011 0.02656891 0.01146391 0.02640351 0.03732312 0.03769552 0.01326081 0.07443704 0.06869663 0.03389082 0.02576351 0.03360252 0.02295421 0.28716114 0.03448032 0.00831400 0.02373031 0.12947106
140 0.05737748 0.13640194 0.03148359 0.03774298 0.01265839 0.02794919 0.03416179 0.02885719 0.01469839 0.03638029 0.24369990 0.12915695 0.02641519 0.02407219 0.01806229 0.03632279 0.03195219 0.00493651 0.02259919 0.04507158
141 0.04661333 0.02270941 0.02433452 0.03536972 0.00815097 0.02686062 0.12337908 0.03831882 0.02132881 0.12921308 0.06376624 0.03388842 0.01800531 0.12418308 0.02084641 0.05430903 0.03938693 0.07986485 0.02606992 0.06340144
142 0.03010022 0.02079591 0.01958051 0.03386432 0.01072421 0.14376008 0.03329592 0.04435662 0.01868781 0.13986008 0.04611193 0.02432161 0.01891501 0.02603011 0.02329431 0.05621623 0.02336101 0.00596964 0.02589931 0.25485514
143 0.04766903 0.02859662 0.03652582 0.13617807 0.01308471 0.02315271 0.05247673 0.13532907 0.02036621 0.04889823 0.06549594 0.17067809 0.01626391 0.03129542 0.01945291 0.04283942 0.02880522 0.00998936 0.02322811 0.04967443
144 0.05724913 0.02707821 0.02092781 0.02609161 0.01188181 0.02555331 0.03723462 0.03829982 0.01335721 0.07466973 0.06916103 0.03462932 0.02540511 0.03420212 0.02234071 0.28726313 0.03316291 0.00871596 0.02435741 0.12841906
145 0.05803650 0.04505710 0.05194640 0.03709170 0.01323640 0.02254530 0.18614801 0.06110720 0.02891060 0.07392301 0.08654261 0.03669290 0.02480800 0.04034500 0.02476000 0.05781420 0.04261280 0.00819453 0.03231370 0.06791400
146 0.18532201 0.02490170 0.02164870 0.03617170 0.03469630 0.18041501 0.02491050 0.03964490 0.01489280 0.05917390 0.07831851 0.02767660 0.01508070 0.03611990 0.03463830 0.06173000 0.03355220 0.00655983 0.03505840 0.04948800
147 0.06252812 0.03326711 0.02640401 0.04546052 0.02368401 0.20387107 0.03455761 0.05363792 0.01617451 0.07006273 0.07189143 0.03574171 0.02168851 0.03948291 0.03552501 0.06118672 0.04144331 0.00771944 0.03796451 0.07770883
148 0.04452994 0.02760742 0.02037092 0.02776302 0.01504131 0.02254702 0.02936603 0.03236863 0.01525061 0.03416093 0.04577044 0.03519503 0.11328110 0.02636492 0.20970918 0.03163033 0.20469818 0.00691954 0.02560402 0.03182143
149 0.06418338 0.03215889 0.02743279 0.04546699 0.02358179 0.20052394 0.03425229 0.05417258 0.01642500 0.07182558 0.07163238 0.03611069 0.02131519 0.04076149 0.03480339 0.06081208 0.04080929 0.00845828 0.03709169 0.07818228
150 0.07074580 0.04767740 0.02756050 0.03859070 0.01004300 0.03331670 0.04667220 0.04635630 0.02058420 0.05085730 0.07708529 0.04959280 0.02153650 0.18498499 0.02528900 0.06475680 0.08384359 0.00975747 0.03154680 0.05920270
151 0.30593105 0.03740651 0.02819480 0.03668801 0.01573650 0.02323470 0.03577891 0.04611311 0.01821340 0.07080691 0.09445781 0.03664891 0.01866460 0.03382791 0.02525260 0.05617901 0.03719331 0.00665685 0.02856140 0.04445371
152 0.05334244 0.02830142 0.10239907 0.02541122 0.01458831 0.02202532 0.04348303 0.04189683 0.02693922 0.03139482 0.23266017 0.03392522 0.01341551 0.05116254 0.02518902 0.03492412 0.02944062 0.00451449 0.14843611 0.03655053
153 0.05571507 0.03808598 0.03678398 0.10411194 0.01351259 0.02060329 0.13700792 0.04892517 0.01609419 0.07238316 0.07287466 0.03461518 0.02534999 0.03334818 0.02447649 0.13404293 0.03577658 0.00947274 0.02833468 0.05848527
154 0.20254987 0.05043847 0.02127629 0.16287890 0.01561579 0.02404738 0.04069347 0.03490518 0.01259079 0.05944156 0.08746994 0.04891407 0.02130569 0.03819898 0.02109399 0.04590377 0.03277748 0.00903773 0.02668008 0.04418057
155 0.05967650 0.03632270 0.03392250 0.03242760 0.01507450 0.02961490 0.05025860 0.23075800 0.02710400 0.06880420 0.08972140 0.03630040 0.02489200 0.03404250 0.02230550 0.04832190 0.04787800 0.00951591 0.02933130 0.07372760
156 0.05784682 0.04201741 0.02164211 0.03505191 0.01168340 0.02707371 0.03616441 0.04455421 0.02234861 0.03867341 0.08725163 0.04084481 0.01367240 0.16812805 0.02193101 0.04496801 0.03398861 0.00798761 0.19243606 0.05173582
157 0.06538597 0.17323492 0.03673648 0.19576290 0.01636679 0.02310179 0.06487147 0.02976899 0.01000360 0.04783128 0.05753447 0.06326807 0.02525879 0.02881779 0.01744009 0.03751658 0.03348518 0.00859609 0.02241389 0.04260488
158 0.07656218 0.03454879 0.03811689 0.03478399 0.01294170 0.02246989 0.03942759 0.05073959 0.02313689 0.05262729 0.29923493 0.04520879 0.02017660 0.03148219 0.02658849 0.04661729 0.04271989 0.00646744 0.03354629 0.06260328
159 0.06422038 0.02931239 0.02352469 0.03166209 0.00864243 0.02012529 0.04458779 0.04145429 0.02482099 0.14421395 0.18655794 0.03554059 0.02776339 0.12025996 0.01780659 0.04594589 0.02901859 0.00816169 0.01895659 0.07742448
160 0.05970452 0.03274501 0.03405741 0.02725221 0.00931357 0.01747481 0.03463801 0.04325272 0.01697901 0.07691213 0.28406710 0.03504981 0.02638821 0.02640541 0.01777461 0.04217892 0.02864411 0.00538467 0.02266271 0.15911506
161 0.06723058 0.22984693 0.03534509 0.04629169 0.01385550 0.02228269 0.04928019 0.04705319 0.01348150 0.05520608 0.08197718 0.04757089 0.02716229 0.04089439 0.02309139 0.04523409 0.04659159 0.00746650 0.02831879 0.07181948
162 0.07967341 0.03295800 0.02898510 0.03339790 0.01409910 0.02742320 0.03663930 0.04513180 0.01737630 0.03658350 0.25238403 0.04534160 0.01415330 0.02903420 0.02238240 0.16437302 0.03857220 0.00705950 0.02801750 0.04641460
163 0.07570496 0.03569548 0.03885738 0.03381668 0.01325969 0.02237379 0.03787078 0.05064197 0.02201109 0.05285737 0.29695684 0.04651237 0.01942859 0.03169678 0.02528929 0.04673147 0.04353258 0.00685555 0.03516408 0.06474326
164 0.04713996 0.02415288 0.02373378 0.02557798 0.01106689 0.02244838 0.03599987 0.04032596 0.02032438 0.13964788 0.17276785 0.02828928 0.02142628 0.05026096 0.01546669 0.04117576 0.02340988 0.00697457 0.11119990 0.13861088
165 0.04465706 0.03527917 0.02885928 0.02783778 0.00768627 0.02075688 0.03441007 0.04653496 0.01561319 0.07065954 0.19011584 0.03302067 0.02531648 0.02627738 0.01575749 0.06037695 0.02191218 0.00499548 0.02313958 0.26679377
166 0.06074418 0.03446449 0.02202489 0.03313609 0.01301490 0.02834519 0.03849759 0.04626378 0.02155889 0.04209808 0.10361096 0.03767339 0.01476399 0.11873996 0.02066619 0.04331518 0.02853749 0.00688467 0.23327091 0.05238918
167 0.06707460 0.03155670 0.03919190 0.03790440 0.01436850 0.02513510 0.15008201 0.04591930 0.02145180 0.24881802 0.04249870 0.03276370 0.01526120 0.02325420 0.03345220 0.06135890 0.03467130 0.00799683 0.02332290 0.04391770
168 0.06590196 0.22553886 0.03530018 0.04644337 0.01381299 0.02264899 0.04969717 0.04813587 0.01370479 0.05572366 0.08223985 0.04789837 0.02750908 0.04059327 0.02270219 0.04614457 0.04831427 0.00751734 0.02768128 0.07249195
169 0.06414212 0.03626501 0.02426971 0.03479941 0.01416680 0.02244571 0.03579491 0.04754701 0.02521451 0.03411221 0.18241005 0.03897811 0.01309750 0.14548304 0.01953391 0.04248891 0.03062631 0.00650164 0.14182904 0.04029411
170 0.04918289 0.16302495 0.03313879 0.04067059 0.01362420 0.02827529 0.03798019 0.03853309 0.01512380 0.05541268 0.06911928 0.04928699 0.02669159 0.04218959 0.14550896 0.04619759 0.05253608 0.00822170 0.03156869 0.05371308
171 0.07127219 0.04734499 0.02769840 0.03914430 0.01013320 0.03231400 0.04650509 0.04548239 0.02072250 0.05174899 0.07690609 0.04974169 0.02155050 0.18705298 0.02561870 0.06507959 0.08231809 0.00957151 0.03028460 0.05951019
172 0.06511489 0.22771696 0.03521519 0.04639589 0.01363420 0.02306510 0.04896799 0.04867679 0.01315270 0.05318409 0.08279089 0.05000169 0.02691430 0.04089129 0.02239050 0.04563719 0.04667649 0.00776806 0.02770910 0.07409669
173 0.07568307 0.02360649 0.02460029 0.03059339 0.01222010 0.02852689 0.04056448 0.02900569 0.01184390 0.08581607 0.05198098 0.03660349 0.02029599 0.02882409 0.18287393 0.21773591 0.02371639 0.01252389 0.02274459 0.04024038
174 0.05795470 0.02879290 0.02964600 0.02988830 0.01303680 0.02388370 0.03785140 0.18345301 0.01816260 0.03777710 0.09305300 0.02436260 0.01637400 0.04060560 0.02312180 0.04461300 0.23001401 0.00883156 0.02399310 0.03458480
175 0.04268812 0.02412461 0.02396461 0.02968612 0.01124071 0.03168522 0.03718372 0.04683912 0.02217681 0.20644411 0.08036994 0.02809091 0.02017481 0.02970282 0.01802841 0.06618883 0.02737761 0.00662089 0.02294151 0.22447111
176 0.05008470 0.03044050 0.02733550 0.04598370 0.01645990 0.15651000 0.11769800 0.05917980 0.01659870 0.07134950 0.06583760 0.03294320 0.02230580 0.04433020 0.02528560 0.05643640 0.04179490 0.00911828 0.03926300 0.07104470
177 0.06920686 0.03424998 0.03906818 0.03655588 0.01808099 0.03646908 0.04154067 0.04315017 0.01918169 0.07746875 0.08878514 0.05066357 0.02994088 0.03373618 0.17536389 0.05769736 0.05195997 0.00969992 0.02965278 0.05752806
178 0.04563432 0.02875681 0.02758141 0.04623432 0.01365931 0.03024781 0.03527071 0.04214342 0.02288071 0.21239908 0.05812022 0.13191705 0.01588081 0.02658711 0.02653921 0.05053572 0.02921611 0.00916780 0.02326301 0.12396505
179 0.26033796 0.03264350 0.02900230 0.03425850 0.01346380 0.02127950 0.03338800 0.03503170 0.01578730 0.07041769 0.11192898 0.03243370 0.02319130 0.03083770 0.02182880 0.03748249 0.03111770 0.00636904 0.02833710 0.13086298
