1 0.26822379 0.02165208 0.01638009 0.03362477 0.06461825 0.02478408 0.02281428 0.04708396 0.01385179 0.10261992 0.06671115 0.02879768 0.02053838 0.02350618 0.02905548 0.11917791 0.03819997 0.00521898 0.02089038 0.03225087
2 0.23318194 0.03399999 0.02278859 0.03534649 0.01772660 0.02570549 0.03455519 0.12767597 0.01947950 0.07421868 0.08439218 0.03262559 0.01901640 0.03447089 0.02923919 0.05397649 0.03837689 0.00641155 0.03251059 0.04430179
3 0.15603602 0.02992530 0.01977360 0.03348340 0.01655140 0.02688460 0.03662841 0.04406551 0.01657240 0.08747641 0.08873411 0.03498950 0.02858460 0.03814291 0.02677050 0.17733302 0.03264260 0.00866016 0.02778420 0.06896131
4 0.04453048 0.03996438 0.03035739 0.03493848 0.01014360 0.02525349 0.04028158 0.06037337 0.01691419 0.05195668 0.07934036 0.04252238 0.02200879 0.04201428 0.02313219 0.10996695 0.02816059 0.00611425 0.02939669 0.26262988
5 0.17774707 0.03026911 0.02288221 0.03004301 0.01477221 0.02168931 0.03039621 0.04032062 0.01472441 0.15635606 0.15495506 0.02689011 0.02616331 0.03018361 0.02077141 0.05727802 0.03762741 0.00525632 0.02051321 0.08116133
6 0.05565252 0.04672232 0.03264541 0.04014032 0.01538801 0.09178894 0.03976962 0.05220612 0.01910671 0.05397282 0.07813683 0.04253312 0.02068021 0.04970012 0.02701571 0.04880342 0.13243106 0.00722558 0.03978412 0.10629704
7 0.05991919 0.03154390 0.02022810 0.03084110 0.01270820 0.02999130 0.03815610 0.04568949 0.01592090 0.07303459 0.08342989 0.03607620 0.03077660 0.03529430 0.02676360 0.22705797 0.03124430 0.00857052 0.02837380 0.13437998
8 0.06353093 0.04176412 0.03116371 0.05121792 0.02090751 0.02890791 0.04579572 0.06039352 0.02547521 0.06570493 0.09682834 0.14611406 0.02856561 0.04174282 0.03412121 0.05847212 0.04441632 0.01116160 0.03324531 0.07047113
9 0.05317456 0.05613796 0.03545257 0.03109358 0.01270919 0.02023148 0.14532089 0.15975287 0.02898808 0.06272485 0.07764104 0.04079637 0.03851937 0.03668827 0.02318378 0.04307017 0.03743767 0.00730588 0.02602788 0.06374355
10 0.06217388 0.03724449 0.02322809 0.03751309 0.01422590 0.03315849 0.04255279 0.04236369 0.01740979 0.07737888 0.09002517 0.03815009 0.03255679 0.04112969 0.02308909 0.16787195 0.10902997 0.00883759 0.03294539 0.06911518
11 0.04763799 0.10491098 0.02451100 0.03269499 0.01155880 0.03395379 0.04982159 0.04034119 0.01603250 0.06563279 0.07975998 0.04501029 0.02820289 0.03863089 0.02477500 0.19684096 0.03058429 0.01032640 0.02792719 0.09084648
12 0.09228021 0.03930370 0.02906580 0.03578790 0.01777450 0.02963580 0.04339670 0.04916740 0.01892960 0.17767002 0.14149201 0.03961080 0.02350500 0.03141460 0.02714460 0.06401231 0.03920710 0.00843131 0.02475370 0.06741691
13 0.05279023 0.04034562 0.10453706 0.03034322 0.01617831 0.02511771 0.05098233 0.12043607 0.01395241 0.05482333 0.11134406 0.03699282 0.01931311 0.04309392 0.03721322 0.03788922 0.11270006 0.00753456 0.02802102 0.05639173
14 0.08447172 0.03775711 0.02994851 0.03265241 0.01473400 0.02460171 0.03736901 0.04825551 0.01815580 0.13192203 0.20353805 0.03695911 0.02774001 0.03132151 0.02185401 0.05759281 0.04126381 0.00673387 0.02394261 0.08918642
15 0.04736371 0.03555181 0.02451620 0.04221091 0.01523660 0.02520850 0.04575541 0.06456461 0.01486730 0.03787981 0.06102131 0.04273491 0.19478503 0.04203951 0.03250981 0.07113351 0.03129471 0.00719044 0.11366302 0.05047291
16 0.07020302 0.04105251 0.03660041 0.03855491 0.01332180 0.02536331 0.03888261 0.05151272 0.02230081 0.03408041 0.24043407 0.04282611 0.01689041 0.05172412 0.02372761 0.04498641 0.04741051 0.00742380 0.10435903 0.04834541
17 0.07478626 0.03928498 0.04254068 0.04662288 0.01976019 0.03861858 0.04866678 0.05373977 0.02188329 0.07500896 0.08898866 0.05199697 0.02737619 0.03622208 0.11941094 0.06001877 0.05002077 0.01137939 0.03319168 0.06048217
18 0.05995411 0.04609581 0.02934730 0.04495521 0.01536410 0.02846130 0.05649241 0.07541591 0.01881640 0.04916511 0.07876911 0.05156881 0.15879303 0.03816251 0.02940400 0.07403521 0.03835181 0.00794153 0.03775241 0.06115391
19 0.21856318 0.03180663 0.02722922 0.09289378 0.01296331 0.02581652 0.03575293 0.04014463 0.01901662 0.05773595 0.07341866 0.03431783 0.02046342 0.10257109 0.02202012 0.06291885 0.03815523 0.00636978 0.03842813 0.03941413
20 0.06407218 0.05923258 0.04215068 0.03769049 0.01513329 0.02652809 0.13744895 0.06506327 0.02216049 0.07425067 0.09252316 0.04560778 0.03171849 0.04157448 0.02886989 0.05879598 0.04757038 0.00867169 0.03145169 0.06948577
21 0.06526956 0.04308687 0.02754608 0.12602693 0.01591869 0.03389278 0.03558128 0.04721957 0.01708279 0.05959976 0.08474375 0.04675307 0.02536769 0.04536097 0.03117658 0.05592357 0.15053891 0.00795999 0.03346738 0.04748377
22 0.07867138 0.04541999 0.02760979 0.12679996 0.01886039 0.03553499 0.04352919 0.05029239 0.02039339 0.07241058 0.09173717 0.05840758 0.03049299 0.04137789 0.03326209 0.05915978 0.05276939 0.00900938 0.03479419 0.06946748
23 0.05686053 0.14937507 0.09914635 0.03628222 0.01453321 0.02547001 0.06195863 0.04899812 0.01534671 0.06767543 0.09681785 0.04783582 0.02070381 0.04284962 0.02483631 0.04168742 0.04320712 0.00553731 0.02770091 0.07317754
24 0.07590833 0.03600191 0.03032701 0.03969842 0.01679461 0.03475581 0.04379152 0.05572332 0.06508173 0.06325583 0.09767794 0.04843272 0.02412111 0.03810422 0.02926041 0.05524432 0.04527022 0.00771510 0.12514205 0.06769343
25 0.23658502 0.03422460 0.02295460 0.03533540 0.01749060 0.02628030 0.03493400 0.12621601 0.01904480 0.07330721 0.08530551 0.03286730 0.01965130 0.03359470 0.02828650 0.05426120 0.03731340 0.00653402 0.03235950 0.04345400
26 0.05595308 0.03585409 0.02840679 0.04021729 0.01279900 0.02526609 0.03809419 0.04522539 0.02187889 0.04960799 0.07910218 0.13931096 0.02780689 0.10648797 0.02244879 0.11869696 0.03464959 0.01273520 0.03987619 0.06558248
27 0.05534437 0.04522807 0.03062518 0.05019227 0.01788789 0.02670658 0.10874393 0.05896786 0.02334169 0.06210346 0.08241705 0.13421292 0.03050148 0.04041857 0.03167108 0.05678396 0.04036477 0.00990221 0.03048318 0.06410346
28 0.24303694 0.03611199 0.02816099 0.03873569 0.01711960 0.02810899 0.03690109 0.05101249 0.01914880 0.09287658 0.09812148 0.03595579 0.02097630 0.03806319 0.02956959 0.05808239 0.03943539 0.00612183 0.03064859 0.05181229
29 0.07786652 0.04238211 0.04623111 0.03705331 0.01407780 0.02768771 0.04492471 0.05403712 0.02228431 0.05602642 0.23826907 0.04564781 0.02240721 0.03451061 0.02698161 0.05427662 0.04907101 0.00688891 0.03096341 0.06841262
30 0.08047770 0.04709190 0.03380990 0.04196690 0.01333840 0.03045970 0.04887900 0.05014500 0.02027570 0.14198000 0.07673090 0.04553680 0.02029590 0.11457100 0.02446750 0.05567030 0.04895730 0.00829907 0.02257740 0.07446960
31 0.06494081 0.03575671 0.03436541 0.11609502 0.01747120 0.03657651 0.05313671 0.04433741 0.01783560 0.07108841 0.07492361 0.06008191 0.02659721 0.03245901 0.11723002 0.05323271 0.04761811 0.01075920 0.03062851 0.05486591
32 0.04657870 0.02430960 0.01556710 0.02305970 0.00908965 0.02253190 0.03085350 0.08940161 0.01278730 0.06037351 0.06879671 0.02917320 0.02420100 0.03158250 0.02124560 0.26268902 0.02257860 0.00835096 0.02678480 0.17004502
33 0.11862208 0.03550672 0.02780412 0.03080902 0.01004961 0.01996981 0.03352672 0.04639343 0.01689271 0.08155836 0.19616713 0.03293442 0.02826742 0.03537832 0.01776071 0.04917413 0.03760253 0.00532222 0.02804442 0.14821610
34 0.05952765 0.03460957 0.03341357 0.03439227 0.01432089 0.03121487 0.05148235 0.05625175 0.07536123 0.19093382 0.07266283 0.04533306 0.01509999 0.03636497 0.02499238 0.04970395 0.03177907 0.00798941 0.02833947 0.10622690
35 0.05999963 0.03212002 0.02085741 0.03158612 0.01235091 0.02964341 0.03832582 0.04586392 0.01575011 0.07155793 0.08324514 0.03747872 0.02981071 0.03478092 0.02635901 0.22774211 0.03092141 0.00876062 0.02868001 0.13416606
36 0.04628213 0.12734109 0.08271256 0.03528972 0.01242191 0.03255922 0.05771494 0.04131293 0.01738771 0.06231054 0.08184456 0.05085883 0.02458082 0.04561143 0.02372832 0.11164208 0.03398562 0.00859043 0.02886242 0.07496275
37 0.13841899 0.02670300 0.01752530 0.02865690 0.01439320 0.02509060 0.03256190 0.04168350 0.01445750 0.08263520 0.08449270 0.03166190 0.02934610 0.03500190 0.02485440 0.22824799 0.03021340 0.00860065 0.02631530 0.07913960
38 0.07875702 0.04549021 0.02769111 0.12810804 0.01858131 0.03529831 0.04313221 0.05045672 0.02010591 0.07245352 0.09158263 0.05951712 0.02929581 0.04169741 0.03270481 0.05904522 0.05365662 0.00947170 0.03383891 0.06911542
39 0.23635002 0.03484340 0.02319480 0.03542570 0.01746190 0.02550720 0.03522230 0.12541201 0.01931520 0.07348931 0.08419601 0.03282770 0.01857450 0.03456060 0.02797160 0.05526510 0.03774330 0.00621041 0.03286620 0.04356270
40 0.05926312 0.03185791 0.02013251 0.03115801 0.01265020 0.02991851 0.03865052 0.04597382 0.01592851 0.07211053 0.08275143 0.03606821 0.03043561 0.03578321 0.02645601 0.22632009 0.03158311 0.00918161 0.02950701 0.13427005
41 0.29992398 0.02408190 0.01887560 0.03302390 0.01985330 0.02271000 0.02616550 0.04658800 0.01528160 0.09771009 0.07489669 0.02609530 0.01977080 0.03370210 0.02597290 0.11446999 0.03366810 0.00563437 0.02454590 0.03703000
42 0.23920092 0.02879069 0.02097309 0.03556679 0.01960279 0.02570939 0.03235449 0.04622818 0.01642839 0.09572017 0.08233047 0.03157389 0.02323969 0.03647709 0.02787729 0.12162696 0.03701839 0.00682354 0.02639529 0.04606248
43 0.16593895 0.03235119 0.02399159 0.04202359 0.07202668 0.03298209 0.03680739 0.04399839 0.01770120 0.07063158 0.08319678 0.04270879 0.08253958 0.02973089 0.02837739 0.07278578 0.04042229 0.00687728 0.03089909 0.04400949
44 0.06387750 0.04252120 0.03149900 0.03919970 0.01357030 0.02674530 0.04278840 0.06257450 0.01719030 0.06495630 0.10454600 0.04058480 0.02206430 0.05148670 0.02428840 0.04318680 0.13944500 0.00708663 0.04122190 0.12116700
45 0.05386952 0.04037201 0.03147471 0.03262071 0.00996541 0.02493501 0.04063451 0.05314492 0.01664261 0.12134504 0.10141803 0.03664411 0.02104051 0.03817461 0.02171281 0.08422973 0.02932541 0.00706597 0.02523631 0.21014807
46 0.07873780 0.04644280 0.02759480 0.12603100 0.01832400 0.03610770 0.04385040 0.05001120 0.02017760 0.07293750 0.09262680 0.05755980 0.02985720 0.04234900 0.03344130 0.05796480 0.05234070 0.00926952 0.03411700 0.07025910
47 0.05029599 0.16339796 0.03461129 0.03945579 0.02299339 0.02885999 0.05568208 0.04782149 0.01501720 0.05391809 0.08017958 0.14223296 0.02989889 0.03713809 0.02082489 0.04159029 0.03769579 0.00686647 0.02556389 0.06595588
48 0.05364983 0.04384323 0.07880245 0.03672852 0.01419931 0.03249352 0.04924493 0.04571183 0.01895841 0.06750094 0.08810825 0.04349673 0.02853902 0.04621153 0.02872052 0.15820409 0.03339892 0.01016201 0.03143182 0.09059415
49 0.05722163 0.05247703 0.03101182 0.04180342 0.07335544 0.03282412 0.03768252 0.05018812 0.02408861 0.03888342 0.18044109 0.13150606 0.02328861 0.02667521 0.02765681 0.04370982 0.04698712 0.00912521 0.02942461 0.04164932
50 0.04978858 0.03979679 0.02722899 0.04281719 0.01962509 0.02600589 0.03708189 0.05727118 0.02343649 0.04325219 0.09334637 0.15517795 0.01683509 0.03994109 0.03129189 0.03785699 0.17378294 0.00916563 0.03629719 0.04000059
51 0.05916282 0.03207381 0.02112601 0.03128021 0.01182810 0.02925881 0.03898141 0.04650921 0.01571780 0.07247632 0.08254952 0.03680421 0.02897591 0.03590201 0.02603501 0.22795607 0.03058781 0.00887310 0.02878181 0.13512004
52 0.04980565 0.16345515 0.03520793 0.03933074 0.02236852 0.02930333 0.05530005 0.04776254 0.01577201 0.05341125 0.08084258 0.14259913 0.02914193 0.03740493 0.02042392 0.04192994 0.03813734 0.00701288 0.02542192 0.06536826
53 0.10305907 0.04256733 0.03337352 0.04287283 0.02224282 0.03388022 0.05239484 0.04857713 0.02020231 0.20659314 0.06774585 0.04290973 0.01789401 0.03150262 0.03459812 0.06851615 0.04204203 0.00853672 0.02794012 0.05255144
54 0.05928521 0.02857801 0.01805410 0.02734750 0.01186360 0.02735960 0.03347121 0.03739221 0.01602320 0.07240151 0.15638103 0.03423061 0.03492241 0.03506701 0.02139080 0.21718204 0.03082011 0.00875392 0.02740790 0.10206802
55 0.05056127 0.12584593 0.03138698 0.03859718 0.01700139 0.02857588 0.12052193 0.05537887 0.01625039 0.05867807 0.07529136 0.11269994 0.03350208 0.03607798 0.02334839 0.04796517 0.03527138 0.00695967 0.02358969 0.06249646
56 0.05889741 0.04916601 0.09258661 0.04478011 0.01266570 0.02625200 0.12289202 0.04647171 0.01791800 0.06472841 0.08296421 0.04167391 0.02548750 0.03974281 0.02669120 0.10592801 0.04178601 0.00832757 0.02579780 0.06524301
57 0.07023103 0.03462681 0.03409011 0.04348892 0.01669321 0.02869971 0.04453092 0.05154012 0.01759911 0.13905005 0.06130692 0.04013532 0.01812381 0.03366551 0.10541204 0.04339732 0.13332405 0.00985101 0.03088431 0.04334972
58 0.22190619 0.03650703 0.02372822 0.08733207 0.01694591 0.02615972 0.03842053 0.11143109 0.01856202 0.06854466 0.07181996 0.03371583 0.01709321 0.03597023 0.02733242 0.05541435 0.03624083 0.00609516 0.02970763 0.03707293
59 0.05701326 0.03117408 0.02170988 0.03345058 0.01556179 0.02675788 0.04024227 0.04715007 0.01531619 0.13345690 0.06717825 0.03449107 0.02262838 0.04597087 0.02364708 0.05248426 0.12922691 0.00598843 0.13931790 0.05723396
60 0.06999759 0.04432779 0.03898669 0.04086959 0.07138329 0.04045399 0.04642699 0.04797639 0.01986210 0.16424597 0.06571379 0.04672569 0.01634950 0.02837439 0.03106799 0.05803179 0.03533079 0.00713248 0.02642620 0.10031698
61 0.07829473 0.04307282 0.04549492 0.03748341 0.01504301 0.02827261 0.04519422 0.05532832 0.02171351 0.05539452 0.23513209 0.04739522 0.02235171 0.03461501 0.02741121 0.05366932 0.04900042 0.00717653 0.03190001 0.06605642
62 0.07258685 0.03339177 0.02280608 0.03165948 0.01393319 0.02295278 0.03765117 0.05356076 0.01513629 0.12735890 0.17692687 0.03501077 0.08647514 0.02851228 0.02125708 0.06799355 0.03798897 0.00689374 0.02359048 0.08431384
63 0.07484381 0.04225991 0.03443001 0.03743781 0.01534090 0.02892921 0.04960851 0.04969261 0.01957760 0.18395203 0.09000252 0.03862951 0.01876430 0.03478661 0.02683951 0.06475851 0.03568821 0.00767931 0.02566610 0.12111302
64 0.12538395 0.04748758 0.03964019 0.09144727 0.01254110 0.02274839 0.14389395 0.04286648 0.01685179 0.07754397 0.07546857 0.03845629 0.02159439 0.03751009 0.03225599 0.04848648 0.04118419 0.00747846 0.02749489 0.04966598
65 0.07396786 0.03101053 0.02509752 0.03514123 0.06954986 0.02659962 0.03051153 0.13671311 0.01715931 0.04917964 0.08156417 0.04423074 0.01543191 0.03188763 0.03203093 0.04750884 0.17023914 0.00629629 0.03622843 0.03965173
66 0.18192911 0.03317932 0.02387971 0.03654162 0.01764701 0.09577166 0.03115142 0.04223462 0.02430631 0.05459483 0.08364395 0.03541572 0.01872241 0.05097583 0.02472391 0.04433423 0.03502052 0.00711362 0.11410907 0.04470513
67 0.12033501 0.04101840 0.02511940 0.04388530 0.01687560 0.03172270 0.04605380 0.03997630 0.01918030 0.06788471 0.08620771 0.10744601 0.02600490 0.04102830 0.02861290 0.13298801 0.03338250 0.01030310 0.02804100 0.05393401
68 0.07267027 0.04076764 0.03694424 0.12058112 0.01555711 0.02810533 0.10201410 0.03643283 0.01576952 0.15897815 0.06158566 0.04149344 0.02110802 0.03136023 0.03135373 0.04371944 0.04504584 0.00744965 0.02539332 0.06367036
69 0.10405396 0.04202058 0.03356519 0.04271078 0.02174239 0.03377539 0.05214988 0.04769458 0.02137009 0.20922091 0.06841967 0.04269478 0.01740049 0.03079359 0.03471379 0.06707747 0.04127558 0.00781222 0.02817429 0.05333438
70 0.06266046 0.04010777 0.04279567 0.08607094 0.01242789 0.02662168 0.10315193 0.03949557 0.01768109 0.04638247 0.15081690 0.04005447 0.02500698 0.03309668 0.02331418 0.04815197 0.12121892 0.00668037 0.02852408 0.04573997
71 0.05955597 0.04265828 0.02747868 0.03936798 0.01388959 0.02595398 0.05051097 0.07129886 0.01834699 0.05615247 0.14617592 0.04781757 0.13059692 0.03255648 0.02685028 0.06627526 0.03625778 0.00846798 0.03233388 0.06745416
72 0.05691016 0.03981017 0.03366788 0.03210038 0.01098059 0.02534528 0.04387227 0.04917127 0.01818649 0.17301188 0.09906843 0.03575398 0.01834059 0.03534318 0.02160369 0.06948085 0.02939368 0.00690229 0.02275608 0.17830088
73 0.20152192 0.04665748 0.03838899 0.04784748 0.01304520 0.02697999 0.10505296 0.04535608 0.01844979 0.07978217 0.08301347 0.03764779 0.01897169 0.03746009 0.03422919 0.04710448 0.03870229 0.00705678 0.02873749 0.04399468
74 0.06748321 0.04584541 0.03420811 0.04627531 0.01610810 0.03328111 0.04750951 0.06130821 0.01890560 0.06184741 0.09962562 0.04555141 0.02253760 0.04911221 0.03168981 0.04988201 0.17057503 0.00781621 0.03808211 0.05235601
75 0.04881194 0.06121515 0.03112802 0.03168883 0.01346161 0.02338902 0.13897511 0.07929646 0.02045742 0.04711664 0.07931956 0.04799584 0.12532910 0.03749453 0.02347202 0.05729675 0.03883413 0.00685712 0.02888662 0.05897415
76 0.11766603 0.05240201 0.03288051 0.03935681 0.01629080 0.02612751 0.11652203 0.05143621 0.02112211 0.06735412 0.08143152 0.09904373 0.02431411 0.03925401 0.03074301 0.05556942 0.04053571 0.00947932 0.02763491 0.05083611
77 0.23915895 0.03630259 0.02916719 0.03908559 0.01730360 0.02855469 0.03621049 0.05046569 0.01817910 0.09202798 0.10019598 0.03530929 0.02067900 0.03945939 0.02976119 0.05771119 0.04037609 0.00617132 0.03188039 0.05200029
78 0.10523601 0.04191330 0.03253340 0.04267260 0.02147510 0.03337060 0.05145191 0.04895591 0.02068410 0.20824902 0.06880521 0.04226170 0.01778570 0.03091080 0.03400310 0.06843861 0.04241190 0.00816109 0.02767440 0.05300551
79 0.07966105 0.04200563 0.04707513 0.03785302 0.01457971 0.02809522 0.04476563 0.05317293 0.02113001 0.05618304 0.23699115 0.04612903 0.02271141 0.03446542 0.02714612 0.05399163 0.04993933 0.00676057 0.03096422 0.06637974
80 0.05164521 0.02763061 0.01867410 0.02743291 0.01022470 0.02391550 0.03575581 0.10135102 0.01491830 0.06187321 0.07326541 0.03353561 0.02808671 0.03442271 0.02210460 0.21968704 0.02460150 0.00938860 0.02803041 0.15345603
81 0.06067390 0.04371910 0.04211950 0.04092660 0.09065570 0.03919360 0.04575660 0.05318380 0.02138080 0.06458820 0.16925600 0.06176410 0.02495580 0.03321940 0.03018850 0.04371190 0.04449850 0.00931138 0.03148220 0.04941440
82 0.09630458 0.02966429 0.02002320 0.03061799 0.01784090 0.02915179 0.03425559 0.03825939 0.01581160 0.15521797 0.12845598 0.03225299 0.02882119 0.02819339 0.02369940 0.14871097 0.04752479 0.00872818 0.02372970 0.06273609
83 0.05746983 0.04180662 0.02497501 0.04420292 0.01328531 0.03696682 0.04113592 0.04865782 0.01597721 0.05943573 0.07836824 0.03473672 0.02357081 0.05146462 0.02440011 0.10129205 0.21815710 0.00720135 0.03414062 0.04275522
84 0.24018303 0.03590030 0.02837670 0.04037091 0.01706100 0.02810590 0.03722310 0.04951941 0.01860840 0.09316061 0.09590131 0.03583320 0.02048460 0.03960921 0.02968680 0.05988551 0.03983531 0.00647977 0.03194850 0.05182641
85 0.07449337 0.02978053 0.02437762 0.02265832 0.00798230 0.01536931 0.02715912 0.04268354 0.01290801 0.14781813 0.23547221 0.02497942 0.03436953 0.02991603 0.01336861 0.04628664 0.03388383 0.00487730 0.01724302 0.15437314
86 0.20723999 0.03016140 0.03096320 0.03892660 0.01983140 0.02629040 0.04034290 0.03872100 0.01437850 0.17167099 0.04814330 0.03204970 0.01372350 0.02313740 0.09370220 0.05905840 0.03887780 0.00697764 0.02168960 0.04411410
87 0.04612492 0.13379404 0.03554351 0.03372261 0.01491700 0.02469231 0.06300622 0.12773604 0.01721521 0.04938022 0.07645533 0.11180704 0.03639911 0.03785141 0.02042431 0.03866541 0.03491671 0.00708407 0.02509871 0.06516582
88 0.23903993 0.03235659 0.03337199 0.03997589 0.01711520 0.02806879 0.04141389 0.04732809 0.01670590 0.09140627 0.07036548 0.03453409 0.01640460 0.02941409 0.10130997 0.05259838 0.03723679 0.00750789 0.02695069 0.03689549
89 0.06790543 0.04501142 0.03427971 0.04580802 0.01640751 0.03285951 0.04613702 0.06115812 0.01893031 0.06245142 0.09906254 0.04636132 0.02187201 0.04946912 0.03172991 0.05097152 0.17291706 0.00786453 0.03703561 0.05176792
90 0.07779432 0.04206491 0.04763031 0.03835801 0.01439390 0.02779021 0.04514531 0.05357582 0.02151351 0.05473052 0.23720307 0.04709771 0.02303041 0.03499331 0.02763281 0.05429712 0.04970071 0.00681682 0.03102781 0.06520342
91 0.04771542 0.19521709 0.03430902 0.02883441 0.01340381 0.02904491 0.13758306 0.05519062 0.01272151 0.05825203 0.07278593 0.06470093 0.03142931 0.03710932 0.01670411 0.04233452 0.03169831 0.00441635 0.02204211 0.06450723
92 0.24080713 0.03645182 0.02900272 0.03990052 0.01718051 0.02806301 0.03691382 0.04977433 0.01842411 0.09151645 0.09920305 0.03556412 0.02122441 0.03914322 0.02914382 0.05727173 0.04154912 0.00630088 0.03108542 0.05147983
93 0.04466730 0.04001580 0.02966310 0.03429590 0.00968655 0.02572940 0.03966140 0.05915160 0.01625750 0.05131010 0.07913950 0.04250220 0.02236230 0.04271240 0.02277380 0.11060101 0.02769410 0.00597119 0.02996380 0.26584102
94 0.05516332 0.04231811 0.02835071 0.05094462 0.01824301 0.02536401 0.10315203 0.05665652 0.02348321 0.06017102 0.08169212 0.15396205 0.02882191 0.04010081 0.03314351 0.05540152 0.03919981 0.01083330 0.02947441 0.06352402
95 0.07365294 0.04415112 0.03778112 0.03859312 0.01274431 0.02644671 0.04397432 0.05452753 0.02140981 0.04611142 0.16038608 0.04517972 0.01960321 0.13804107 0.02106271 0.05756763 0.05458363 0.00911939 0.03381092 0.06125323
96 0.06623257 0.03619418 0.02917089 0.03937558 0.01754889 0.02597089 0.03950978 0.14286693 0.01903049 0.04662258 0.09128836 0.03968408 0.01717439 0.04582868 0.03189869 0.04567318 0.17901492 0.00710517 0.03568778 0.04412198
97 0.15549714 0.02982423 0.01926002 0.03263133 0.01638441 0.02678012 0.03608783 0.04264104 0.01595251 0.08728678 0.08841688 0.03389123 0.02879933 0.03792413 0.02621072 0.18260316 0.03334913 0.00832103 0.02769522 0.07044376
98 0.06990627 0.04404258 0.02497719 0.11827995 0.01739549 0.03188649 0.03581398 0.12103894 0.02249809 0.06181987 0.09065766 0.05341638 0.03089999 0.03845778 0.02830899 0.04975268 0.05099148 0.00937346 0.03405918 0.06642357
99 0.07324677 0.04777678 0.08066137 0.11558196 0.01749909 0.03081399 0.04792278 0.04430888 0.01813279 0.07818917 0.09168007 0.05213978 0.02380159 0.04112079 0.03326979 0.04696738 0.04771138 0.00833396 0.03074829 0.07009337
100 0.07871248 0.04262939 0.04676479 0.03662059 0.01435640 0.02769659 0.04585269 0.05415139 0.02209190 0.05488469 0.23654295 0.04647359 0.02212080 0.03517919 0.02703799 0.05439219 0.04963159 0.00693260 0.03171419 0.06621399
101 0.05765701 0.03179311 0.02015070 0.03105501 0.01257820 0.02968801 0.03780711 0.04616041 0.01580800 0.07379522 0.08293682 0.03618211 0.02921701 0.03600671 0.02668551 0.22629405 0.03130071 0.00918037 0.02999891 0.13570503
102 0.14067798 0.03679430 0.02880770 0.03581110 0.01381630 0.02282700 0.03626680 0.04702119 0.01679430 0.07189709 0.11465099 0.03498610 0.02246750 0.04721279 0.02235470 0.04684109 0.10158299 0.00595932 0.03669180 0.11653899
103 0.05818731 0.04324611 0.02973760 0.03100770 0.01327710 0.02529300 0.04590181 0.15420202 0.02384390 0.05288811 0.08690221 0.04634541 0.02977000 0.11220902 0.02201860 0.04789921 0.05197191 0.00951774 0.03721151 0.07856971
104 0.07691682 0.05106152 0.03622101 0.04425871 0.01235670 0.03195761 0.04963452 0.05755522 0.02129561 0.06083422 0.08032392 0.04992992 0.02591981 0.13197304 0.02568541 0.06367402 0.05896942 0.00896599 0.03189701 0.08056952
105 0.12632411 0.04065694 0.03081253 0.03796983 0.01384011 0.02481832 0.04011154 0.05455265 0.01810002 0.05419125 0.09957469 0.03937084 0.02148352 0.04856824 0.02368412 0.04933204 0.10516410 0.00626610 0.03852994 0.12664912
106 0.07604961 0.04171060 0.03449510 0.03679410 0.01556200 0.02885860 0.04893921 0.04960511 0.01982350 0.18576702 0.08979591 0.03788400 0.01922570 0.03404220 0.02736740 0.06516861 0.03583130 0.00777129 0.02514570 0.12016301
107 0.11298508 0.03905763 0.02475922 0.03616962 0.01967051 0.02888432 0.03545172 0.04602303 0.02147721 0.04625533 0.08325986 0.09982897 0.01733381 0.04413313 0.02466472 0.04705413 0.11868908 0.00687831 0.09944427 0.04798003
108 0.06968631 0.03467500 0.02623770 0.02599000 0.00892471 0.01794150 0.03121970 0.04144090 0.01492000 0.14237002 0.18788702 0.02967360 0.02737040 0.07314901 0.01365190 0.04671501 0.03312800 0.00649437 0.01979280 0.14873202
109 0.05104038 0.03522708 0.02762269 0.04382488 0.01711999 0.03143919 0.06326547 0.08568096 0.07627326 0.04053398 0.06657917 0.05016468 0.15103493 0.03544328 0.03026369 0.06948907 0.03583008 0.00821487 0.03250648 0.04844588
110 0.05110138 0.16156195 0.03524829 0.03883679 0.02230999 0.02893729 0.05590238 0.04764919 0.01512090 0.05397618 0.08001298 0.14233696 0.02978169 0.03828579 0.02089349 0.04148399 0.03862069 0.00688821 0.02555719 0.06549468
111 0.06261290 0.05988370 0.04232010 0.03940240 0.01529410 0.02643040 0.13721201 0.06538450 0.02225830 0.07545531 0.09391581 0.04498590 0.03140410 0.04114430 0.02858930 0.05691170 0.04624050 0.00837743 0.03100570 0.07117150
112 0.05940254 0.03569592 0.02458282 0.03091532 0.01372271 0.02664402 0.04354633 0.15905810 0.02083491 0.06039324 0.08284225 0.04322983 0.03165142 0.03937442 0.02580072 0.12130308 0.04036223 0.00958998 0.03188192 0.09916826
113 0.07579526 0.04649938 0.03516188 0.04057498 0.01271079 0.03399128 0.04314938 0.05201427 0.02031859 0.05126957 0.07512346 0.04507088 0.02107399 0.13157893 0.02486859 0.05932467 0.05625387 0.00901491 0.09349215 0.07271316
114 0.15527999 0.03764760 0.02369470 0.03323990 0.01613360 0.02569990 0.04133450 0.15797299 0.02148140 0.06770610 0.09576089 0.03855720 0.02505600 0.03789480 0.02772970 0.04907990 0.04597930 0.00711777 0.03436550 0.05826830
115 0.05824681 0.03169370 0.02081300 0.03159310 0.01199220 0.02963850 0.03854430 0.04543580 0.01539390 0.07144081 0.08153171 0.03650640 0.03002070 0.03566340 0.02683540 0.22822202 0.03125120 0.00894721 0.02933780 0.13689201
116 0.07713861 0.04286421 0.02971971 0.04334601 0.01680520 0.03479771 0.04630881 0.05939081 0.01836680 0.06328321 0.09667752 0.04751221 0.03153661 0.03938921 0.03050731 0.06355061 0.05337261 0.00770181 0.12451502 0.07321601
117 0.06722399 0.14869398 0.03873059 0.04243629 0.01484730 0.02923440 0.06389299 0.05835329 0.01667960 0.06984419 0.09364549 0.04674449 0.02830100 0.04400449 0.02502620 0.05182699 0.04614729 0.00670785 0.03188150 0.07577809
118 0.07572635 0.04230867 0.03153818 0.03718418 0.01349649 0.02794268 0.03784748 0.05122957 0.01861699 0.04272977 0.15568191 0.04064938 0.01917919 0.10219794 0.02273859 0.05140917 0.05175217 0.00902250 0.10849693 0.06025186
119 0.07735631 0.04157651 0.04624151 0.03804121 0.01477970 0.02790671 0.04473961 0.05345361 0.02184330 0.05566211 0.23693305 0.04679161 0.02291380 0.03504351 0.02763651 0.05445161 0.04990991 0.00725011 0.03183801 0.06563131
120 0.16474992 0.02757819 0.01907569 0.02548309 0.01370499 0.01733289 0.02554179 0.09366656 0.01459789 0.12675894 0.16755492 0.02460929 0.02936029 0.02794589 0.01721829 0.04711478 0.03831858 0.00535856 0.02108539 0.09294406
121 0.06114859 0.03311580 0.02856280 0.02645660 0.00779981 0.01702730 0.03064720 0.04729389 0.01521780 0.09711349 0.22494597 0.03073350 0.02968340 0.03130350 0.01558010 0.05452199 0.03095980 0.00468464 0.02204090 0.19116297
122 0.07029528 0.09451198 0.02721229 0.03771969 0.01378040 0.02902749 0.04530529 0.05181179 0.07636198 0.05362599 0.18623996 0.04832609 0.02269119 0.03632589 0.02626539 0.04560899 0.04091289 0.00681304 0.02580979 0.06135459
123 0.05710589 0.03922819 0.03028840 0.05531829 0.01897250 0.09792259 0.04738339 0.05892299 0.01825890 0.04570099 0.06509339 0.04444539 0.13688998 0.03588070 0.03576820 0.07683649 0.04187829 0.00720973 0.03589900 0.05099669
124 0.05755909 0.04339409 0.03260329 0.03761639 0.01199140 0.02578950 0.14222897 0.04153219 0.01963770 0.06564489 0.07635049 0.03874639 0.02776159 0.03856839 0.02262140 0.11041098 0.12105498 0.00793099 0.02945299 0.04910429
125 0.04641028 0.04499899 0.09159147 0.02806149 0.01619489 0.02547179 0.05770848 0.18010894 0.01804079 0.05805348 0.09825867 0.04459549 0.03458069 0.04040449 0.02875369 0.03807449 0.03996559 0.00782333 0.02685779 0.07404518
126 0.07561204 0.03137841 0.03444302 0.03756842 0.01747621 0.02577711 0.03563992 0.13218906 0.01772181 0.04628902 0.07588534 0.03930882 0.01627681 0.03625772 0.10641005 0.04254322 0.15355907 0.00816083 0.03028031 0.03722282
127 0.10487312 0.04178535 0.03256764 0.04231745 0.02204752 0.03365124 0.05159436 0.04731055 0.02113702 0.20781923 0.06907598 0.04321845 0.01792892 0.03083133 0.03463994 0.06864678 0.04184415 0.00823339 0.02791773 0.05255986
128 0.04539281 0.04015991 0.02985741 0.03515321 0.01015990 0.02569161 0.04065371 0.05907582 0.01617221 0.05234942 0.07837463 0.04320101 0.02228511 0.04210941 0.02325491 0.10812604 0.02873741 0.00613567 0.03009471 0.26301509
129 0.07439090 0.04357030 0.03315330 0.04607080 0.02299490 0.11678600 0.04205930 0.05262260 0.02125580 0.07597350 0.08893720 0.04378590 0.02643750 0.04182230 0.03691810 0.07044660 0.04874410 0.00826820 0.03842400 0.06733870
130 0.05545022 0.03981321 0.08475422 0.03770791 0.02078761 0.10364703 0.03656621 0.04318901 0.02134541 0.06775252 0.08042422 0.03709691 0.02345371 0.04126181 0.03627881 0.12341503 0.04146531 0.00887572 0.02962821 0.06708692
131 0.08046137 0.04731688 0.02787679 0.12719896 0.01810089 0.03564959 0.04379199 0.05001228 0.02030529 0.07288128 0.09250587 0.05932018 0.02932759 0.04164729 0.03301719 0.05742148 0.05274508 0.00971903 0.03412349 0.06657748
132 0.04626581 0.04344491 0.03274420 0.03944171 0.01251880 0.08811961 0.04067311 0.05009701 0.02035580 0.04189511 0.06727931 0.04449821 0.02306090 0.04200321 0.02886850 0.08751421 0.03221480 0.00680427 0.03627550 0.21592503
133 0.06729542 0.15096704 0.03835761 0.04204661 0.01523260 0.03002861 0.06270572 0.05597251 0.01660880 0.07077492 0.09298972 0.04874701 0.02737341 0.04322141 0.02461201 0.05248541 0.04704361 0.00708025 0.03158071 0.07487662
134 0.07828802 0.04260801 0.04593061 0.03654741 0.01450860 0.02780421 0.04456731 0.05467901 0.02181611 0.05581001 0.23715105 0.04677171 0.02341951 0.03484491 0.02694511 0.05326591 0.04958711 0.00707857 0.03178191 0.06659492
135 0.06446039 0.04315189 0.03066869 0.03510099 0.01578980 0.02755720 0.05228109 0.16700597 0.02461130 0.06617589 0.09814778 0.04936579 0.03535129 0.04025399 0.02745270 0.05116739 0.04975759 0.00858098 0.03208629 0.08103299
136 0.06577511 0.04179250 0.02624530 0.04510720 0.01492710 0.03524470 0.04393810 0.04928450 0.01787250 0.06630601 0.08518211 0.03972100 0.02570200 0.04807460 0.02529960 0.10854501 0.16882802 0.00805630 0.03453100 0.04956730
137 0.07866251 0.04676710 0.02781160 0.12619301 0.01759210 0.03554650 0.04373190 0.05048300 0.02090960 0.07178681 0.09311001 0.05839560 0.02976650 0.04234030 0.03291150 0.05797860 0.05316190 0.00882522 0.03493470 0.06909151
138 0.06049808 0.04969748 0.02969269 0.04665828 0.01881779 0.03320019 0.04389778 0.05554908 0.02000859 0.05321008 0.08473217 0.12511095 0.02812019 0.02944719 0.03102239 0.05282388 0.05194068 0.00756089 0.11692895 0.06108268
139 0.05922644 0.03301432 0.02123082 0.03212502 0.01254681 0.02977662 0.03818173 0.04518633 0.01616291 0.07331975 0.08306016 0.03739403 0.03064982 0.03618043 0.02704432 0.22421517 0.03130962 0.00907336 0.02854722 0.13175510
140 0.05378827 0.11000194 0.02884038 0.03949208 0.01976559 0.02741658 0.04280098 0.04749987 0.01875939 0.04865727 0.16447990 0.13576392 0.02759668 0.03479708 0.02324219 0.04222468 0.04119618 0.00729068 0.02781978 0.05856657
141 0.05453856 0.04093145 0.03222974 0.03389654 0.01444912 0.03041734 0.13752116 0.04337575 0.02217583 0.14659217 0.06540458 0.03263064 0.02315443 0.03538764 0.02519933 0.04948466 0.04942536 0.00699293 0.08688490 0.06930788
142 0.04333069 0.04072689 0.03277969 0.03663539 0.01367590 0.08298258 0.04130329 0.04663989 0.01967710 0.11439997 0.07313798 0.03988379 0.01932930 0.03495399 0.02798739 0.07625548 0.02794059 0.00705513 0.02743099 0.19387396
143 0.05355626 0.03298238 0.03308768 0.10420893 0.01662069 0.02494538 0.04927377 0.11818992 0.02362418 0.05376296 0.07860954 0.12856391 0.02826278 0.03631067 0.02894028 0.04892817 0.03809577 0.01077239 0.02872648 0.06253786
144 0.05918351 0.03099390 0.02091250 0.03123900 0.01281400 0.02994160 0.03818390 0.04573820 0.01590470 0.07311831 0.08204331 0.03685420 0.02856230 0.03529630 0.02719000 0.22824802 0.03054290 0.00938660 0.02893470 0.13491201
145 0.06215932 0.06026442 0.04210482 0.03865681 0.01503701 0.02582991 0.13697605 0.06424342 0.02217521 0.07616123 0.09315563 0.04610972 0.03136931 0.04135511 0.02919571 0.05755062 0.04734782 0.00832354 0.03079651 0.07118783
146 0.18080095 0.03400719 0.02581989 0.04161259 0.02190969 0.10767997 0.03197769 0.04881459 0.01848519 0.07338488 0.08681618 0.03526679 0.02174919 0.04134139 0.03192689 0.06080948 0.04086159 0.00708458 0.04085169 0.04879959
147 0.07194542 0.03569251 0.03483901 0.03983451 0.02062560 0.11489503 0.03331761 0.04855661 0.02057500 0.05952871 0.17813404 0.03841971 0.02843821 0.03714531 0.03291881 0.05918131 0.04406281 0.00737767 0.03516701 0.05934511
148 0.05980183 0.02995131 0.03167932 0.04476672 0.01521411 0.03360042 0.04105082 0.05205323 0.01759741 0.05178163 0.07717014 0.04146812 0.08824814 0.03570062 0.12472006 0.05291883 0.11680306 0.00936460 0.03202442 0.04408522
149 0.07346502 0.04291621 0.03263931 0.04703242 0.02294351 0.11662604 0.04151721 0.05272652 0.02135661 0.07486873 0.08830803 0.04408401 0.02671431 0.04218381 0.03739341 0.07036402 0.05085612 0.00873786 0.03779181 0.06747502
150 0.07607250 0.04977390 0.03725550 0.04179630 0.01248240 0.03146960 0.04915490 0.05749200 0.02037010 0.05983040 0.08177190 0.05063080 0.02615280 0.13206201 0.02622670 0.06366750 0.06039220 0.00928385 0.03255680 0.08155780
151 0.24280497 0.03654500 0.02876530 0.03918059 0.01784860 0.02830590 0.03676060 0.04968379 0.01863460 0.09288609 0.09651029 0.03501600 0.02112660 0.03851299 0.02916080 0.05904449 0.03999479 0.00650713 0.03144840 0.05126309
152 0.05980682 0.03351361 0.03706931 0.03633211 0.01990731 0.02762901 0.03913121 0.05267202 0.02147271 0.04031451 0.15464205 0.05096282 0.01842751 0.07092602 0.02909791 0.05776712 0.04067261 0.06616922 0.09931943 0.04416671
153 0.06325729 0.04346119 0.03029430 0.09139299 0.01430330 0.02853880 0.10976398 0.04308289 0.01920320 0.06702979 0.07683659 0.04887479 0.03278029 0.03775589 0.02901990 0.11705798 0.04144759 0.00913986 0.02968260 0.06707679
154 0.17783990 0.03994148 0.02329389 0.11546593 0.01781009 0.03101328 0.03659928 0.04481887 0.01706709 0.07891315 0.08536485 0.04568607 0.02369829 0.04175128 0.02953488 0.05868717 0.04368717 0.00684559 0.03113078 0.05085097
155 0.06481802 0.04539161 0.02984711 0.03508831 0.01546640 0.02763251 0.05259321 0.16801504 0.02430601 0.06478382 0.09751933 0.04997721 0.03469951 0.04075931 0.02708431 0.05147921 0.04877931 0.00866404 0.03298681 0.08010892
156 0.07442508 0.04219119 0.03123279 0.03768979 0.01202210 0.03404189 0.04027419 0.05111259 0.01878849 0.04564539 0.07338188 0.04080309 0.01884229 0.13339796 0.02422799 0.05566128 0.05277629 0.00913417 0.13628396 0.06806758
157 0.06779292 0.11547703 0.03822411 0.09831892 0.07145852 0.03885681 0.05122081 0.04530921 0.01863060 0.07439072 0.07084592 0.05353551 0.02092380 0.02822441 0.02758611 0.05363011 0.04415791 0.00628977 0.02786131 0.04726551
158 0.07638456 0.04250228 0.04692107 0.03802608 0.01439849 0.02822478 0.04568947 0.05295347 0.02152719 0.05599627 0.23825786 0.04626197 0.02260049 0.03366108 0.02780618 0.05394627 0.04919067 0.00723838 0.03136108 0.06705236
159 0.07401869 0.04200759 0.04169389 0.03632589 0.01246560 0.02467010 0.04058389 0.05309749 0.01993680 0.05275919 0.22248897 0.04182979 0.02075320 0.09328949 0.02156840 0.05292879 0.05043799 0.00801664 0.02686600 0.06426159
160 0.06724298 0.03707059 0.03315129 0.03057779 0.01086090 0.02127129 0.03652339 0.05095458 0.01742879 0.08316557 0.21732692 0.03703509 0.02708999 0.03208989 0.02000479 0.05752608 0.03801669 0.00581516 0.02568029 0.15116795
161 0.06633069 0.15065897 0.03804289 0.04291509 0.01504750 0.03082789 0.06427769 0.05816259 0.01660840 0.07048518 0.09185438 0.04786289 0.02749799 0.04440389 0.02466879 0.05252759 0.04598259 0.00686272 0.03015329 0.07482898
162 0.06871277 0.03620479 0.03297699 0.03009609 0.01019800 0.02101539 0.03578239 0.05133668 0.01724509 0.08411227 0.21986491 0.03644489 0.02741359 0.03208439 0.01929379 0.05823328 0.03743189 0.00622789 0.02574199 0.14958294
163 0.07735209 0.04283739 0.04663929 0.03735150 0.01476300 0.02734790 0.04567999 0.05467519 0.02199850 0.05498349 0.23614197 0.04649909 0.02255690 0.03445210 0.02696280 0.05474019 0.04976879 0.00680693 0.03198170 0.06646119
164 0.06183119 0.03584289 0.02572490 0.03020350 0.01172930 0.02368190 0.03589279 0.04538519 0.01829630 0.12459098 0.15277898 0.03257940 0.02507680 0.05017909 0.01839140 0.05377179 0.03853009 0.00729125 0.07929529 0.12892698
165 0.04764659 0.03453109 0.02796790 0.02903830 0.00755778 0.02051490 0.03351419 0.05255889 0.01565600 0.07247549 0.15236797 0.03531779 0.02460910 0.03416409 0.01792000 0.08647409 0.02663040 0.00504719 0.02497830 0.25102996
166 0.07561203 0.03967581 0.02792371 0.03803341 0.01314150 0.03392211 0.03998581 0.05339702 0.01822321 0.05071922 0.08283613 0.04096902 0.02268581 0.09357023 0.02560261 0.05555272 0.05297222 0.00863173 0.15825906 0.06828663
167 0.22269992 0.03088209 0.02605829 0.03840179 0.02101689 0.02394949 0.03750719 0.04038259 0.01593799 0.20439893 0.06156758 0.02941759 0.01482559 0.02546199 0.03091679 0.06391898 0.03588869 0.00543665 0.02130139 0.05002958
168 0.06595707 0.14997293 0.03837378 0.04210938 0.01459139 0.03010149 0.06453887 0.05826707 0.01627329 0.07000097 0.09229186 0.04823088 0.02766559 0.04432048 0.02483579 0.05345677 0.04682568 0.00666208 0.03033769 0.07518696
169 0.07608758 0.04411359 0.03414109 0.03862579 0.01344060 0.02836189 0.04020389 0.05199449 0.02029150 0.04357009 0.14923297 0.04251309 0.01866570 0.11035298 0.02223280 0.05426679 0.05291389 0.00919070 0.08971148 0.06008909
170 0.06770357 0.03284818 0.02811579 0.04029628 0.01987289 0.04328808 0.04131908 0.04399078 0.01826559 0.07650626 0.07361566 0.04506588 0.02857889 0.03177628 0.11455094 0.14339393 0.03451768 0.01377799 0.03006438 0.07245186
171 0.07822094 0.05144043 0.03672762 0.04310962 0.01238571 0.03234552 0.04914273 0.05653733 0.02071301 0.06161123 0.07900514 0.05040273 0.02522051 0.13104107 0.02632081 0.06315143 0.05972273 0.00962227 0.03245832 0.08082084
172 0.06670672 0.14964104 0.03892761 0.04152181 0.01517180 0.03073971 0.06261292 0.05690192 0.01626970 0.07086492 0.09506873 0.04688671 0.02742561 0.04416441 0.02399071 0.05232832 0.04870231 0.00641231 0.03078221 0.07488052
173 0.05635085 0.02756608 0.02114698 0.03397917 0.01897408 0.04451776 0.03664867 0.03759537 0.01622729 0.07359544 0.06753665 0.03916367 0.02686878 0.02759648 0.12505790 0.19778584 0.02509048 0.01516319 0.02705658 0.08207873
174 0.05745323 0.03531552 0.02552071 0.04421352 0.01060400 0.02933161 0.04617632 0.04992692 0.01589411 0.05012522 0.07741193 0.03667542 0.10437505 0.12268906 0.02339061 0.05327582 0.13125406 0.00666195 0.03088411 0.04882082
175 0.05760449 0.04112529 0.03394949 0.03216799 0.01110010 0.02514650 0.04327109 0.04933489 0.01832500 0.17068697 0.09993548 0.03537099 0.01850970 0.03503529 0.02247100 0.06813919 0.03008189 0.00710009 0.02274060 0.17790397
176 0.05976150 0.04754350 0.03168630 0.04575090 0.02236960 0.10672600 0.10016600 0.05195390 0.01957320 0.08515920 0.07934300 0.04116040 0.02358460 0.03857860 0.03459130 0.06131400 0.04303430 0.00810367 0.03482250 0.06477750
177 0.07650411 0.03863440 0.04278570 0.04591410 0.01971420 0.03701880 0.04851610 0.05494711 0.02140660 0.07636991 0.08701371 0.05141951 0.02765760 0.03473730 0.11916901 0.06172181 0.05031861 0.01120940 0.03315380 0.06178821
178 0.05429869 0.04779579 0.03713290 0.04427740 0.01602530 0.03183810 0.04798879 0.04893199 0.02424480 0.17414198 0.06407099 0.10712099 0.01586040 0.03236540 0.02877650 0.05232499 0.03243390 0.00965521 0.02462690 0.10608899
179 0.14437800 0.03441660 0.02827690 0.03410620 0.01320030 0.02084460 0.03808390 0.04100120 0.01515580 0.18247700 0.11091000 0.02920040 0.02137070 0.03049230 0.02379410 0.05464810 0.03301250 0.00590782 0.02043860 0.11828500
