1 0.04588193 0.02434322 0.03336482 0.02801302 0.01041711 0.01475251 0.03835153 0.04544683 0.01485991 0.08092306 0.26601418 0.03106222 0.02655852 0.02975372 0.01737481 0.06347974 0.03225302 0.00852093 0.02995282 0.15867611
2 0.06578688 0.07208437 0.02911849 0.03965709 0.01836189 0.03805949 0.03936849 0.05698268 0.01392949 0.06233928 0.08173977 0.04299528 0.03730439 0.03810459 0.16641594 0.05211808 0.05177178 0.00936366 0.02571379 0.05878458
3 0.02918780 0.02573180 0.05474421 0.14356402 0.02225570 0.03501620 0.06529351 0.21654702 0.02271080 0.05053041 0.06681741 0.05361221 0.01327010 0.04177110 0.02275030 0.02957000 0.02640360 0.00755979 0.01999310 0.05267091
4 0.04312319 0.03156039 0.03137189 0.04622229 0.00841116 0.02620829 0.04115029 0.04287619 0.02377549 0.05400008 0.07027168 0.05204849 0.02329499 0.03436009 0.02145059 0.07427488 0.02958249 0.00802182 0.02299879 0.31499691
5 0.06671310 0.02885630 0.01946760 0.03565030 0.00813951 0.02483850 0.03391300 0.04182740 0.01860600 0.17713500 0.07771640 0.16794400 0.02380760 0.05119410 0.02405840 0.04064890 0.04113600 0.00914718 0.02636320 0.08283750
6 0.07869800 0.03864720 0.01729090 0.03114930 0.00884864 0.02394950 0.13259199 0.02968280 0.01639940 0.18235299 0.04482140 0.02452510 0.01987150 0.02271040 0.01805180 0.16550599 0.04652290 0.00611720 0.03689750 0.05536550
7 0.06868663 0.02659411 0.01629141 0.02320491 0.01495571 0.01809721 0.02962681 0.04055072 0.01189421 0.10748005 0.08872604 0.02526251 0.02055871 0.02069231 0.01838191 0.30593714 0.03356212 0.00845255 0.02889211 0.09215284
8 0.07258407 0.02944819 0.02317279 0.02882659 0.00751772 0.01833709 0.03425169 0.05125958 0.01381470 0.20329393 0.16147794 0.02809789 0.02799849 0.02962079 0.02043609 0.10390896 0.03483549 0.00404034 0.02369599 0.08338167
9 0.05449909 0.01637220 0.03568229 0.05460479 0.01686860 0.01706560 0.03989359 0.19370797 0.08636169 0.04351229 0.06837809 0.12493198 0.01307510 0.05765989 0.02595060 0.03066859 0.02566730 0.00864867 0.01909800 0.06735369
10 0.07151230 0.03327610 0.02189400 0.02517020 0.00661825 0.02658390 0.04593040 0.03918670 0.01541000 0.06920850 0.09168670 0.03583170 0.01937840 0.03822160 0.02074150 0.06368380 0.03673350 0.00832743 0.27117201 0.05943300
11 0.03776033 0.02843862 0.03176362 0.03135722 0.00371721 0.01604891 0.02216552 0.02694942 0.05006063 0.02500082 0.04192373 0.16426611 0.01627321 0.22761416 0.01168721 0.02175542 0.04820043 0.00865111 0.14900310 0.03736323
12 0.06255920 0.04198120 0.02881640 0.03995320 0.00830697 0.03326470 0.04909090 0.06710180 0.02980870 0.04645710 0.05832250 0.07791860 0.01945390 0.21351400 0.02386110 0.03788640 0.06211140 0.00869801 0.03216740 0.05872650
13 0.04279807 0.02344678 0.09879852 0.13072690 0.01604879 0.03747497 0.03231548 0.03643037 0.01132599 0.19271185 0.07556554 0.03190248 0.02697418 0.02620458 0.02298908 0.03182888 0.03548417 0.00681095 0.01133949 0.10882292
14 0.02958181 0.02403131 0.06981682 0.16746805 0.02843051 0.03645461 0.12537204 0.18102606 0.02303081 0.04662031 0.05009952 0.05557222 0.01022390 0.03267361 0.01529900 0.02282621 0.01825761 0.00734638 0.01499720 0.04087201
15 0.06760999 0.23106898 0.03014040 0.03665200 0.01794980 0.02503230 0.06643599 0.03948250 0.01363610 0.05792219 0.06403369 0.04187940 0.03281690 0.04173000 0.04992010 0.04823900 0.03892600 0.01129430 0.02861650 0.05661389
16 0.07109518 0.02661739 0.02598179 0.03208959 0.01351730 0.02562439 0.03920329 0.25539792 0.02107229 0.06017178 0.11082797 0.03641539 0.01886699 0.04925079 0.02566139 0.04537089 0.05458948 0.00702880 0.02346759 0.05774978
17 0.04339781 0.02519281 0.02457481 0.03625901 0.00744076 0.02132451 0.03418281 0.04024361 0.01748160 0.18279205 0.09795762 0.03053191 0.02794501 0.02838411 0.01689690 0.08204512 0.02872121 0.00457829 0.02385001 0.22620006
18 0.08692356 0.21252090 0.01855329 0.04726458 0.02203089 0.15507793 0.02547179 0.05760407 0.00833315 0.05688937 0.03299118 0.07295557 0.01464949 0.04202768 0.03102139 0.02813269 0.02651949 0.00588182 0.01728579 0.03786538
19 0.04650895 0.04249614 0.03543794 0.04028354 0.00854271 0.02876413 0.18269818 0.03764954 0.02206142 0.04798175 0.12821213 0.12828813 0.01923502 0.04827435 0.01804402 0.03268943 0.03297483 0.01078231 0.02620063 0.06287486
20 0.03975968 0.03473908 0.02422049 0.02065559 0.00459056 0.01121519 0.03063588 0.04826277 0.00982899 0.05027567 0.26430885 0.03570728 0.12992193 0.01745829 0.11468394 0.04455408 0.04142548 0.00535250 0.02203899 0.05036477
21 0.06708060 0.02685290 0.01540480 0.02255820 0.01538990 0.01821010 0.02979190 0.04057110 0.01201820 0.10674899 0.08717839 0.02417370 0.01968530 0.02061220 0.01922910 0.31172598 0.03311920 0.00761966 0.02813280 0.09389699
22 0.05683918 0.02975129 0.03434109 0.02592709 0.00926350 0.01660899 0.05085928 0.07056517 0.01463489 0.05371088 0.30725487 0.04368208 0.02545539 0.03052569 0.02317949 0.05427398 0.04824088 0.00864061 0.03181189 0.06443377
23 0.06092054 0.13289109 0.02531712 0.04186833 0.00720370 0.04089413 0.04224033 0.03454462 0.01345981 0.04970034 0.08679396 0.17812013 0.02373802 0.05724284 0.02793182 0.03978883 0.03935453 0.01130321 0.03091172 0.05577494
24 0.06966619 0.02608280 0.02646440 0.03407920 0.01397110 0.02595850 0.04084940 0.25146398 0.02036520 0.05994140 0.11113499 0.03568040 0.01769000 0.05159080 0.02728600 0.04561650 0.05502640 0.00706428 0.02319740 0.05687110
25 0.09751925 0.03591038 0.02618839 0.03699908 0.01004830 0.03099389 0.04697618 0.05434067 0.01581169 0.22287090 0.07130717 0.03406348 0.02052239 0.03060489 0.02471409 0.09398616 0.03922648 0.00538467 0.03246568 0.07006627
26 0.32310679 0.03361128 0.02207649 0.03157398 0.01374759 0.02732428 0.03474748 0.06118966 0.02804518 0.07685295 0.06461146 0.03793067 0.01809119 0.02905408 0.02178689 0.06224436 0.03882607 0.00859055 0.02569838 0.04089067
27 0.06090776 0.04496427 0.02809218 0.02730048 0.00735808 0.01588159 0.04051827 0.03101638 0.01725849 0.14718991 0.10877193 0.02686478 0.18736088 0.02650858 0.03059808 0.05438107 0.03228108 0.00478265 0.02725368 0.08070985
28 0.05251222 0.05721322 0.03576901 0.03916012 0.01033650 0.02629581 0.23916510 0.04527092 0.02609271 0.06097502 0.08993724 0.04079832 0.02155741 0.04449832 0.02155271 0.04530102 0.03354571 0.01198160 0.03385591 0.06418113
29 0.03919770 0.02364810 0.02241440 0.03651410 0.00688255 0.02120020 0.03336610 0.04074910 0.01824370 0.17698202 0.08700411 0.03196010 0.02468680 0.02677060 0.01537990 0.07559911 0.02712170 0.00436415 0.02023550 0.26768003
30 0.03456109 0.15380693 0.02477919 0.02611319 0.00572971 0.01626359 0.23441990 0.03090999 0.01036680 0.13811794 0.05145768 0.03141529 0.02490889 0.03003159 0.01927269 0.04084788 0.02824589 0.00679652 0.03285429 0.05910097
31 0.07050127 0.02568532 0.02515552 0.03260813 0.01365531 0.02566522 0.04008154 0.25110523 0.02049202 0.06222656 0.11038710 0.03479733 0.01783042 0.05133045 0.02828073 0.04628374 0.05394455 0.00722598 0.02359882 0.05914476
32 0.04119909 0.03061099 0.03010969 0.04622569 0.00843790 0.02565999 0.04129609 0.04109399 0.02405239 0.05612028 0.07362958 0.05394488 0.02383859 0.03315309 0.02011369 0.07302438 0.02775899 0.00775278 0.02323499 0.31874291
33 0.05806258 0.02405029 0.02247239 0.02581929 0.00578585 0.01267020 0.02916509 0.04778879 0.01045500 0.19811895 0.21705594 0.02516329 0.03308679 0.02797499 0.01734660 0.09507407 0.03150989 0.00306422 0.01936369 0.09597207
34 0.07623069 0.33749995 0.01411720 0.02748760 0.01363750 0.01643740 0.03231889 0.02858640 0.00658876 0.03836269 0.02897200 0.03122760 0.02226900 0.03090780 0.19968997 0.02838940 0.01661890 0.00534420 0.01520390 0.03011020
35 0.04729220 0.03491730 0.03044300 0.03649950 0.00497592 0.02363390 0.04382660 0.05707291 0.03470290 0.03615680 0.04226900 0.08354871 0.01545700 0.22552702 0.01884910 0.02983700 0.06538641 0.00823308 0.11986801 0.04150360
36 0.11766203 0.02474711 0.02417451 0.03850851 0.01289200 0.01610110 0.06434012 0.06430962 0.12964403 0.06389422 0.07200542 0.04675391 0.03052511 0.06535342 0.01990500 0.04902721 0.03483111 0.00775266 0.02506381 0.09250912
37 0.06598038 0.02699449 0.01609989 0.02335959 0.01411630 0.01808399 0.02903029 0.03938189 0.01175740 0.10948396 0.08600337 0.02485419 0.02072839 0.02102629 0.01870619 0.30943889 0.03447999 0.00854845 0.02895949 0.09296657
38 0.07024949 0.03400410 0.02280460 0.02579030 0.00636376 0.02658800 0.04727289 0.03841630 0.01585520 0.06956539 0.08925529 0.03674510 0.01956060 0.03886080 0.02068090 0.06449969 0.03763740 0.00810835 0.26901897 0.05872289
39 0.04858150 0.09844811 0.02153800 0.01976340 0.01199240 0.01435600 0.04455560 0.03204400 0.07407661 0.05272071 0.17008502 0.03348080 0.04348040 0.03136610 0.02127780 0.13739701 0.03546940 0.01039520 0.01931070 0.07966121
40 0.04876072 0.03365061 0.03025151 0.03661321 0.00525269 0.02453311 0.04308972 0.05585822 0.03438471 0.03658121 0.04072922 0.08425683 0.01515971 0.22276109 0.01714541 0.03243121 0.06763293 0.00839862 0.12050805 0.04200122
41 0.07746397 0.03221869 0.03279069 0.07011657 0.03450418 0.21115290 0.04247728 0.05231828 0.00969870 0.06589727 0.04756368 0.04983838 0.02025449 0.04344928 0.03480858 0.04297068 0.03332549 0.00719215 0.02773319 0.06422557
42 0.20492799 0.01833620 0.01583050 0.02131660 0.02480250 0.01594260 0.02975090 0.04515240 0.01541110 0.07540130 0.06622930 0.02151360 0.01956730 0.01720620 0.02012630 0.26792299 0.02707360 0.00594093 0.03057300 0.05697470
43 0.07083683 0.03549861 0.02248121 0.02468811 0.00611679 0.02418721 0.04650572 0.03953311 0.01535951 0.07059853 0.08799433 0.03626261 0.01976991 0.03820041 0.02074031 0.06598172 0.03468721 0.00790584 0.27522610 0.05742592
44 0.04714591 0.03743751 0.03680681 0.02089020 0.00555502 0.01090870 0.03480111 0.04576551 0.01187690 0.07371332 0.28014506 0.03600841 0.12028003 0.02358311 0.03070561 0.04432821 0.04001981 0.00596756 0.02340211 0.07065912
45 0.06242623 0.04190482 0.03052271 0.04105092 0.00850602 0.03320831 0.04982212 0.06702733 0.03030261 0.04690062 0.05680522 0.07640853 0.01954621 0.21599509 0.02384491 0.03631751 0.06230243 0.00796967 0.03141351 0.05772522
46 0.05592053 0.03027931 0.03560782 0.02719501 0.00888938 0.01741201 0.05127032 0.06947073 0.01545061 0.05311553 0.30199014 0.04476932 0.02580241 0.03163192 0.02292911 0.05408303 0.05026252 0.00792024 0.03164012 0.06435993
47 0.07652660 0.03296350 0.03297790 0.07146950 0.03684140 0.21509000 0.04191130 0.05126450 0.00927362 0.06418560 0.04902040 0.04955320 0.01829840 0.04326710 0.03501150 0.04244500 0.03216410 0.00755847 0.02766040 0.06251750
48 0.13680303 0.03109791 0.02764631 0.04210031 0.00852045 0.03133861 0.03762661 0.03434781 0.02357390 0.04923741 0.06931511 0.04519261 0.02698621 0.03155911 0.02640251 0.06291281 0.03034681 0.00716274 0.02503871 0.25279105
49 0.06928535 0.02496518 0.01033369 0.01337149 0.01178919 0.01681579 0.02017139 0.14899190 0.00994523 0.07988664 0.07538315 0.01725249 0.01367439 0.03771237 0.01816799 0.23438184 0.11795492 0.00865245 0.02273918 0.04852537
50 0.09248756 0.03319152 0.02926642 0.23074314 0.01601371 0.03533882 0.13372208 0.04475833 0.02031901 0.05118233 0.05405563 0.05281023 0.01294641 0.03081042 0.01607661 0.03180802 0.02676102 0.01282451 0.01495741 0.05992684
51 0.02702489 0.02300469 0.01803629 0.05430168 0.00431428 0.03214489 0.03554009 0.03190979 0.01917119 0.02344939 0.03123169 0.15377096 0.01124470 0.02811099 0.01394410 0.04305679 0.02099109 0.00730971 0.01356590 0.40787688
52 0.04932051 0.01619330 0.01829630 0.05487531 0.01179430 0.01596990 0.20543905 0.03717001 0.15578804 0.06270701 0.07948922 0.03421421 0.01951260 0.06990112 0.01192870 0.03623951 0.02339351 0.00631617 0.01066200 0.08078922
53 0.09345034 0.03636671 0.02497201 0.03725281 0.01011490 0.03182871 0.04696102 0.05545852 0.01628341 0.22307708 0.06970493 0.03490511 0.02257911 0.02978051 0.02578181 0.09395844 0.03879121 0.00562752 0.03327141 0.06983443
54 0.20220214 0.02834912 0.21052615 0.01783731 0.01166041 0.02276162 0.03033182 0.05927104 0.01201761 0.05010664 0.08436296 0.02576582 0.02752192 0.02891802 0.01897891 0.05824104 0.03564793 0.00970230 0.01337581 0.05242144
55 0.32414411 0.03296321 0.02252141 0.03099531 0.01506751 0.02749541 0.03353851 0.06211752 0.02666811 0.07631423 0.06492442 0.03895671 0.01950091 0.02974901 0.02085831 0.06239312 0.03995141 0.00778285 0.02397791 0.04008001
56 0.05055750 0.01968800 0.02074710 0.02677200 0.00583246 0.01227870 0.02216790 0.03221350 0.01003900 0.20841501 0.18224401 0.01974310 0.03605450 0.02691160 0.01374150 0.10191501 0.02773510 0.00275017 0.01712980 0.16306401
57 0.06773487 0.02672139 0.01661279 0.02279039 0.01482179 0.01921349 0.02848479 0.04103438 0.01198700 0.10811996 0.08551327 0.02420439 0.02008039 0.02125979 0.01950959 0.30736288 0.03294389 0.00900028 0.02770359 0.09490106
58 0.04922890 0.02976890 0.02654660 0.02960600 0.01138930 0.02195200 0.03456120 0.05469730 0.01576700 0.07329280 0.09358110 0.03743990 0.02768640 0.05230460 0.02580540 0.04235320 0.16775300 0.01447820 0.02701220 0.16477600
59 0.05846194 0.04419133 0.02342431 0.02663732 0.00615331 0.01374471 0.03951942 0.02801602 0.01523361 0.18062111 0.10918707 0.02441532 0.18744512 0.02497472 0.02847002 0.05120713 0.02861682 0.00432926 0.03124112 0.07411035
60 0.06602619 0.03686809 0.02835089 0.04863299 0.01019140 0.03261609 0.04621019 0.04835469 0.02369240 0.05329599 0.08796838 0.17593496 0.02238690 0.07925278 0.02552719 0.04303249 0.04222309 0.01168420 0.03174809 0.08600298
61 0.06080532 0.03173601 0.02974221 0.03475111 0.00882167 0.11704204 0.04276921 0.07390582 0.01645231 0.04318691 0.14578105 0.04563351 0.01487950 0.14065404 0.02778191 0.03986091 0.04749431 0.00675392 0.01949631 0.05245192
62 0.05513911 0.03491001 0.02584271 0.07486402 0.01471140 0.19926005 0.03067131 0.03378121 0.00884923 0.03274711 0.03564151 0.13025404 0.09860203 0.03951401 0.03621221 0.02942801 0.02894191 0.00740090 0.02459251 0.05863672
63 0.09731475 0.03484082 0.02512231 0.03680302 0.01065181 0.03321912 0.04507162 0.05563443 0.01729561 0.22289811 0.07037534 0.03518502 0.02100941 0.03026492 0.02350641 0.09310025 0.03928122 0.00579119 0.03213882 0.07049584
64 0.05403951 0.03809501 0.25519905 0.03406861 0.01535060 0.02764531 0.04819981 0.04384421 0.01461510 0.05063201 0.10098302 0.03611501 0.03592081 0.03854991 0.02262910 0.03837321 0.03424961 0.01116400 0.02404580 0.07628032
65 0.03451198 0.03680597 0.11904091 0.01286319 0.00612069 0.01147549 0.03603417 0.03109238 0.00711365 0.04704187 0.30942278 0.03747387 0.03666497 0.03105018 0.01958439 0.02514658 0.12499791 0.00559777 0.01429109 0.05367016
66 0.05191612 0.05642272 0.03545681 0.04099922 0.01111400 0.02625161 0.23692409 0.04668612 0.02726661 0.06172552 0.08905964 0.03999552 0.02286261 0.04284902 0.02078611 0.04443002 0.03444351 0.01242540 0.03508271 0.06330263
67 0.08917926 0.03615668 0.03158488 0.19883890 0.01644599 0.03477488 0.14048093 0.04899258 0.02289019 0.05348057 0.05948047 0.05347007 0.01365019 0.03545758 0.01723209 0.03506818 0.02630599 0.01136379 0.01609009 0.05905667
68 0.37008989 0.01661720 0.01712940 0.01886589 0.03084549 0.01448240 0.02549329 0.06783358 0.02441659 0.05674088 0.04233229 0.02282909 0.01214510 0.01455750 0.01541270 0.16209595 0.03514269 0.00570049 0.02257929 0.02469029
69 0.06317163 0.03642771 0.02625331 0.02849691 0.01201470 0.02252711 0.03696431 0.07591903 0.01456171 0.05839642 0.10500704 0.03846132 0.02397671 0.06518413 0.03312531 0.05172672 0.20788408 0.01836311 0.03108521 0.05045352
70 0.05250653 0.02811872 0.04529993 0.02639182 0.00589667 0.00869017 0.02464491 0.02206281 0.01230431 0.11719107 0.19407711 0.01931041 0.12741707 0.02575971 0.02471101 0.05036773 0.03195552 0.00405159 0.01587981 0.16336309
71 0.05345192 0.14078205 0.02292711 0.04409622 0.00741675 0.09902864 0.03277661 0.02826841 0.00898298 0.04750902 0.05073622 0.15899606 0.01515691 0.03874241 0.02384491 0.10069704 0.04427952 0.00794370 0.02108691 0.05327662
72 0.06062259 0.02969859 0.01943960 0.17934296 0.01185260 0.03228089 0.02509779 0.02991739 0.01259210 0.05283429 0.05677719 0.03358839 0.02096010 0.02613049 0.11965698 0.12770997 0.02569009 0.01153170 0.01664630 0.10762998
73 0.05432149 0.05646389 0.03485029 0.04052209 0.01101090 0.02613159 0.23417395 0.04643499 0.02466200 0.06187439 0.08934118 0.04014599 0.02306650 0.04269389 0.02108060 0.04621359 0.03503839 0.01128240 0.03546829 0.06522359
74 0.03639547 0.02516758 0.12118390 0.07084584 0.02254018 0.11161190 0.18110184 0.05936945 0.01123839 0.04879676 0.04988516 0.05949235 0.01309629 0.03855107 0.02456308 0.02665238 0.02618508 0.00770155 0.01619659 0.04942516
75 0.06140481 0.04167781 0.02997951 0.04089431 0.00815257 0.03378301 0.05090991 0.06511741 0.03154771 0.04471111 0.05745831 0.07659712 0.01975030 0.21607005 0.02359291 0.03735711 0.06348141 0.00843721 0.03193071 0.05714671
76 0.32092502 0.03333990 0.02150200 0.03238740 0.01474590 0.02710050 0.03415000 0.06076360 0.02651380 0.07547250 0.06371440 0.03830000 0.01843540 0.03067400 0.02267510 0.06314130 0.03906860 0.00865415 0.02633180 0.04210460
77 0.04395679 0.12140297 0.04909779 0.02359829 0.00728652 0.01785740 0.05878358 0.03869889 0.01271820 0.03757899 0.27850093 0.06067998 0.02962099 0.02688589 0.02360099 0.04226069 0.04166079 0.00940014 0.03149859 0.04491159
78 0.06179397 0.02498169 0.02659529 0.04295148 0.01773399 0.12869894 0.13045394 0.03899928 0.01284499 0.06876957 0.06315687 0.03447588 0.01390759 0.02972889 0.02783329 0.14580493 0.03503468 0.00853397 0.02561509 0.06208567
79 0.35087195 0.01391260 0.01678390 0.01300620 0.02255570 0.01102080 0.02130670 0.07437959 0.02383350 0.05623499 0.03992329 0.01709240 0.01359320 0.02079800 0.01201990 0.14790198 0.08684129 0.00686974 0.02554550 0.02550880
80 0.37760208 0.00770572 0.01451350 0.00773925 0.09783242 0.00914419 0.01191860 0.10206802 0.01680440 0.02132790 0.03297901 0.01332400 0.00595445 0.00666391 0.01564280 0.20907504 0.02578851 0.00513613 0.00556704 0.01321300
81 0.05248071 0.03012701 0.03412241 0.05632071 0.00963039 0.03276961 0.13614103 0.04109281 0.02094350 0.04687381 0.11227002 0.16770704 0.01694720 0.05815371 0.01840840 0.02950221 0.03265621 0.01004820 0.02346390 0.07034111
82 0.06566217 0.02729263 0.01667372 0.01809422 0.00840583 0.01879542 0.02595203 0.04818095 0.01038651 0.20594122 0.05296286 0.02217302 0.01765812 0.02579113 0.02038022 0.18434419 0.13483414 0.00684254 0.02714093 0.06248817
83 0.04054631 0.03588141 0.02607550 0.02688190 0.00513432 0.02407110 0.04423801 0.04832341 0.02265940 0.06296531 0.06711541 0.04918251 0.08753492 0.12897302 0.02155760 0.03276611 0.04836341 0.01221980 0.15813503 0.05737551
84 0.05472519 0.02287670 0.13796398 0.06611669 0.03786359 0.21117296 0.04144939 0.04139529 0.00786862 0.06148949 0.04046959 0.04913079 0.01595440 0.03931199 0.02992959 0.03476099 0.02829610 0.00710505 0.01713100 0.05498859
85 0.07275761 0.03993220 0.03447760 0.14767301 0.01437810 0.02788380 0.19553202 0.05572611 0.02972170 0.05549091 0.06683731 0.04567700 0.01348170 0.03737910 0.01498570 0.03794910 0.02475930 0.00941270 0.01784570 0.05809931
86 0.04476169 0.02346849 0.03118219 0.02695609 0.01059370 0.01374730 0.03503009 0.04913679 0.01553890 0.08270798 0.26791692 0.02995199 0.02675069 0.03014829 0.01777329 0.06454408 0.03179799 0.00925100 0.02889559 0.15984695
87 0.03905971 0.02314481 0.02376471 0.03580891 0.00683584 0.02032591 0.03205261 0.04005811 0.01819031 0.17689705 0.08806943 0.03228891 0.02513981 0.02519821 0.01521030 0.07534412 0.02669211 0.00386067 0.02036841 0.27169008
88 0.06738401 0.23314505 0.02995311 0.03398521 0.01827150 0.02477510 0.06529431 0.03896301 0.01288360 0.05984521 0.06635651 0.04057171 0.03343961 0.04110591 0.05108171 0.04913421 0.03813251 0.01178930 0.02725721 0.05663121
89 0.06616568 0.02667549 0.01678220 0.02244419 0.01526780 0.01836090 0.03056669 0.04037289 0.01252240 0.10891397 0.08591518 0.02370619 0.02158249 0.02168569 0.01941199 0.30870692 0.03281789 0.00801206 0.02838999 0.09169938
90 0.03911669 0.02393150 0.11123998 0.17927796 0.03186419 0.04936029 0.05592739 0.07268419 0.01787100 0.07317929 0.05666379 0.05768079 0.01993140 0.03264259 0.02389640 0.02950149 0.02591789 0.01127130 0.01365680 0.07438509
91 0.04252791 0.03020071 0.03112881 0.04556251 0.00863170 0.02775361 0.04175911 0.04237201 0.02325611 0.05407551 0.07285172 0.05452891 0.02303961 0.03362311 0.02047761 0.07340572 0.02870791 0.00827513 0.02323221 0.31459008
92 0.05691771 0.02993320 0.03434350 0.02604230 0.00862266 0.01638280 0.05168241 0.07135471 0.01364870 0.05457601 0.30331704 0.04339071 0.02518450 0.03215870 0.02315050 0.05549641 0.05095901 0.00824341 0.03123900 0.06335671
93 0.06722093 0.03810932 0.02869441 0.05097452 0.01009730 0.03355751 0.04613672 0.04997362 0.02320911 0.05282092 0.08540363 0.17472207 0.02163981 0.07712493 0.02524541 0.04277842 0.04036242 0.01209340 0.03194961 0.08788594
94 0.04740496 0.01802708 0.01870908 0.02634578 0.00507630 0.01258639 0.02039238 0.03162127 0.00926528 0.22654080 0.17429285 0.01746288 0.03489397 0.02464008 0.01167999 0.10782191 0.02627508 0.00228468 0.01639739 0.16828185
95 0.05498781 0.03820961 0.25382605 0.03331401 0.01495110 0.02746331 0.04691041 0.04429751 0.01482400 0.05194221 0.09936302 0.03565291 0.03774951 0.03988631 0.02501211 0.03777011 0.03566961 0.01149960 0.02271470 0.07395611
96 0.06863453 0.03896202 0.02859781 0.04932332 0.00977250 0.03254751 0.04500042 0.04886672 0.02257261 0.05328042 0.08688853 0.17817507 0.02138411 0.07565603 0.02540461 0.04326972 0.04068352 0.01252371 0.03055821 0.08789864
97 0.04740847 0.01786039 0.01825269 0.02681388 0.00532191 0.01240159 0.01952929 0.03042798 0.00863953 0.22758685 0.17608389 0.01827109 0.03552238 0.02474608 0.01193039 0.10592793 0.02618278 0.00211149 0.01584249 0.16913889
98 0.05592542 0.02957001 0.03565451 0.02618031 0.00884071 0.01580540 0.04967181 0.07008232 0.01418400 0.05537082 0.30539809 0.04477121 0.02598201 0.03049671 0.02271411 0.05685262 0.05053682 0.00743079 0.03087451 0.06365782
99 0.05265401 0.02830121 0.31573708 0.01872550 0.01335240 0.01905220 0.03031621 0.03155141 0.00929548 0.04409771 0.08525802 0.02424191 0.04188691 0.02826111 0.02065391 0.10160503 0.03122531 0.00967816 0.01271980 0.08138662
100 0.04674080 0.02616320 0.02277050 0.03032200 0.00512933 0.02830970 0.09079780 0.02447490 0.03361850 0.03978190 0.05271860 0.20558600 0.01844400 0.20211600 0.01363040 0.02148560 0.03811080 0.00612538 0.03562080 0.05805380
101 0.05154277 0.05557817 0.03366638 0.04023378 0.01134019 0.02520079 0.23978788 0.04642868 0.02649759 0.06162487 0.08815016 0.03926908 0.02263849 0.04316968 0.02100079 0.04663238 0.03416568 0.01227199 0.03549418 0.06530647
102 0.05112428 0.03095409 0.02073449 0.03673839 0.00722678 0.02376559 0.03340549 0.04639708 0.01997949 0.04804008 0.08250707 0.18347293 0.01920129 0.10551296 0.02699419 0.03622569 0.12706395 0.01522479 0.03231209 0.05311928
103 0.05759622 0.02902931 0.03283861 0.02729231 0.00901623 0.01744041 0.05281782 0.07183403 0.01445321 0.05520132 0.30220713 0.04438512 0.02567931 0.03085731 0.02255111 0.05466762 0.04877002 0.00787304 0.03071911 0.06477073
104 0.21820310 0.01638231 0.02135631 0.01637201 0.09553114 0.01307931 0.02007041 0.15432207 0.01743851 0.04490562 0.04954052 0.01894811 0.01031830 0.01650491 0.02150481 0.19001109 0.03140711 0.00715868 0.00881276 0.02813291
105 0.30167215 0.03042701 0.01960661 0.07689694 0.00695367 0.02483261 0.13843707 0.03001721 0.02297741 0.06181973 0.05370213 0.03977782 0.01296801 0.02589461 0.01410281 0.05335933 0.02894311 0.00799334 0.02137081 0.02824761
106 0.07266455 0.04076137 0.03507448 0.14642090 0.01357709 0.02641788 0.19539787 0.05245466 0.03014478 0.05598186 0.06810015 0.04728647 0.01284799 0.03802607 0.01454219 0.03695267 0.02596708 0.00983748 0.01824259 0.05930186
107 0.09467516 0.03654228 0.02523119 0.03734178 0.01105450 0.03257009 0.04609248 0.05361498 0.01613109 0.22510890 0.06996257 0.03446228 0.02058079 0.02960059 0.02626879 0.09183996 0.03863578 0.00544464 0.03325259 0.07158957
108 0.06820359 0.04780729 0.03609289 0.05800159 0.02026880 0.02269100 0.05598159 0.04460539 0.01388150 0.03699999 0.06766849 0.05326339 0.02179860 0.03719819 0.02756029 0.06622489 0.07837548 0.16337197 0.02377530 0.05622979
109 0.03863360 0.02423180 0.02276540 0.03638590 0.00703573 0.02075680 0.03285650 0.03951090 0.01776240 0.17650402 0.08839921 0.03319530 0.02537990 0.02625410 0.01539720 0.07478821 0.02649950 0.00415325 0.02064920 0.26884103
110 0.06232550 0.04997580 0.04370880 0.02912440 0.01619370 0.02366300 0.04191790 0.03991230 0.02405370 0.06325081 0.08974681 0.03456700 0.20091002 0.03381310 0.03733040 0.05941140 0.04331250 0.00938202 0.02359940 0.07380141
111 0.04304812 0.12189504 0.04754472 0.02436691 0.00635996 0.01798351 0.06081682 0.03968271 0.01285920 0.03815921 0.27536710 0.06116182 0.03139231 0.02608991 0.02306541 0.04179131 0.04256701 0.00999389 0.03063391 0.04522112
112 0.04763762 0.04092692 0.03469771 0.02466441 0.00537485 0.02106331 0.07132753 0.04635172 0.01396231 0.02765211 0.32847013 0.13167605 0.02071321 0.02042531 0.02124461 0.03308531 0.04168682 0.00668895 0.02686011 0.03549101
113 0.06670838 0.02511819 0.01620249 0.02239419 0.01495590 0.01834569 0.02876739 0.04077779 0.01244370 0.10967096 0.08774157 0.02448729 0.01963949 0.02095819 0.02055569 0.30816290 0.03368569 0.00832193 0.02722889 0.09383367
114 0.07640737 0.03362429 0.03383419 0.07026037 0.03730899 0.20952192 0.04339868 0.05135898 0.01011550 0.06489038 0.04830348 0.04903318 0.01881369 0.04255938 0.03519459 0.04287958 0.03389589 0.00694668 0.02731039 0.06434248
115 0.04213349 0.03037599 0.03286539 0.04732328 0.00813848 0.02798799 0.04257639 0.04173589 0.02389179 0.05551568 0.07132018 0.05447338 0.02352879 0.03392149 0.02001729 0.07171548 0.02836219 0.00804264 0.02265829 0.31341590
116 0.05106815 0.02484582 0.04866925 0.09976969 0.16920016 0.18725218 0.10150210 0.04583414 0.01460721 0.03165273 0.02765163 0.03343543 0.01322131 0.01551091 0.03583943 0.03620263 0.02347042 0.00559556 0.00900961 0.02566162
117 0.07711111 0.03227550 0.03213070 0.07045191 0.03566470 0.21158103 0.04388961 0.05041081 0.00975679 0.06585601 0.04884351 0.04900401 0.01891420 0.04258931 0.03509750 0.04550271 0.03393690 0.00699539 0.02659530 0.06339301
118 0.09497218 0.01993230 0.01652910 0.01187980 0.00777510 0.01778970 0.02112640 0.22991995 0.01639580 0.03128559 0.06551609 0.01985720 0.10332998 0.05767069 0.02270050 0.04956559 0.14997997 0.01214230 0.01889450 0.03273729
119 0.05742043 0.02961842 0.03518692 0.02572421 0.00885645 0.01636761 0.05081133 0.06909824 0.01433021 0.05510803 0.30343017 0.04458892 0.02553781 0.03144682 0.02274811 0.05593673 0.04930003 0.00817160 0.03160752 0.06471044
120 0.32203308 0.03414661 0.02228901 0.03185271 0.01444820 0.02702141 0.03378601 0.06139601 0.02841291 0.07599282 0.06512742 0.03866961 0.01854710 0.02921261 0.02261021 0.06138161 0.03853671 0.00832466 0.02540471 0.04080661
121 0.32266307 0.03290071 0.02030740 0.03330891 0.01452550 0.02715151 0.03504651 0.06134291 0.02771801 0.07675922 0.06242371 0.03726281 0.01923700 0.03021501 0.02298251 0.06196231 0.03987251 0.00807937 0.02533651 0.04090451
122 0.04983761 0.03585151 0.01697530 0.02495861 0.01090720 0.02543171 0.02865781 0.22751307 0.01625040 0.05291332 0.10654703 0.04172581 0.02019811 0.04637561 0.12354604 0.03983201 0.06810242 0.00685811 0.02038101 0.03713731
123 0.04661658 0.02975849 0.11000696 0.03250329 0.00790126 0.02535449 0.03281989 0.03243459 0.00842299 0.23128691 0.06070948 0.02882909 0.02092809 0.03286439 0.03613509 0.03544839 0.13188995 0.00780624 0.01673999 0.07154387
124 0.05876941 0.02733541 0.02440961 0.02448881 0.00725838 0.01682460 0.03160011 0.05688491 0.01233380 0.18325004 0.15919804 0.02853141 0.02918231 0.03504051 0.02711021 0.06044551 0.11500703 0.00479150 0.01961920 0.07791922
125 0.03693887 0.02356168 0.02927028 0.03435157 0.00980629 0.01544579 0.03143818 0.04065257 0.02028618 0.08051184 0.17307587 0.03153368 0.02506168 0.03065228 0.01631659 0.06888125 0.02449368 0.00956984 0.02421508 0.27393679
126 0.05432668 0.03688019 0.03261459 0.02950079 0.00886387 0.02110279 0.04093218 0.05311018 0.04524108 0.04378958 0.05660218 0.05255148 0.16326994 0.14528295 0.02737059 0.03820719 0.05051238 0.01124430 0.03095589 0.05764118
127 0.04800019 0.02415519 0.01954379 0.02985669 0.01347500 0.09625287 0.03357549 0.03277789 0.00974216 0.09017567 0.07410448 0.03024399 0.01544770 0.02289919 0.01993529 0.28888591 0.03281619 0.00718365 0.02496929 0.08595937
128 0.05455067 0.03817578 0.25733687 0.03324508 0.01497089 0.02669629 0.04718588 0.04555688 0.01504409 0.05026747 0.09689455 0.03531558 0.03698918 0.03892508 0.02328359 0.03949018 0.03498158 0.01090429 0.02486139 0.07532466
129 0.05913151 0.02624561 0.02450071 0.02719951 0.00718780 0.01373600 0.03471531 0.05613321 0.01176300 0.15378104 0.23489006 0.03064231 0.03361191 0.02985861 0.01906570 0.08121812 0.03644921 0.00458266 0.02269831 0.09258942
130 0.03253060 0.01946090 0.02475070 0.15697599 0.00600593 0.04012170 0.04477250 0.03099900 0.02084900 0.02837040 0.03338620 0.06341260 0.01368040 0.02257070 0.02534700 0.05555370 0.01987830 0.00747953 0.01247290 0.34138198
131 0.06682209 0.23032498 0.03046000 0.03568210 0.01814650 0.02490500 0.06722339 0.04021100 0.01316700 0.05933899 0.06677379 0.04133170 0.03217160 0.04244470 0.04929130 0.04867900 0.03861450 0.01148170 0.02826950 0.05466119
132 0.04533750 0.02314150 0.03192550 0.02869370 0.01067960 0.01415320 0.03663990 0.04594660 0.01510850 0.08367770 0.26299400 0.03111760 0.02665360 0.03026490 0.01758050 0.06531430 0.03193110 0.00845190 0.02866240 0.16172600
133 0.06655931 0.03792251 0.02864431 0.19967504 0.01987690 0.05446911 0.05130471 0.04358411 0.01711270 0.06253901 0.06580161 0.05428711 0.02099590 0.04305181 0.02978271 0.04232281 0.03292961 0.01493350 0.02377770 0.09042952
134 0.03047970 0.03143280 0.02497030 0.02596530 0.01316570 0.01720940 0.15006702 0.02684560 0.02401760 0.02473140 0.18776202 0.03470300 0.01371810 0.03339860 0.01513660 0.04209290 0.02985360 0.09405201 0.03156430 0.14883401
135 0.05740347 0.02955868 0.03447168 0.02653259 0.00938728 0.01666779 0.04949397 0.06898766 0.01417309 0.05570737 0.30468084 0.04386738 0.02474239 0.03055748 0.02289449 0.05654297 0.04833427 0.00869034 0.03207218 0.06523407
136 0.07177543 0.03414161 0.02220861 0.02506201 0.00639106 0.02430531 0.04690552 0.04002492 0.01547361 0.06881163 0.08904774 0.03651472 0.02019811 0.03967052 0.02085641 0.06700883 0.03632412 0.00816192 0.27043811 0.05667982
137 0.05915498 0.02923659 0.03403049 0.02651829 0.00949338 0.01726319 0.05058938 0.07015517 0.01444979 0.05693368 0.30172588 0.04371478 0.02533959 0.03148499 0.02232109 0.05574968 0.04916978 0.00788401 0.03131559 0.06346968
138 0.06093190 0.04255380 0.03055520 0.04141760 0.00827918 0.03373460 0.04918420 0.06614400 0.02948270 0.04642190 0.05767560 0.07547950 0.02013390 0.21311999 0.02413100 0.03789700 0.06375420 0.00896636 0.03110680 0.05903060
139 0.07138399 0.02600700 0.02685630 0.03356419 0.01402320 0.02592670 0.04022749 0.24931396 0.01999170 0.05851969 0.11281998 0.03537719 0.01827790 0.05070199 0.02685380 0.04563179 0.05540589 0.00772895 0.02442880 0.05695949
140 0.05593851 0.03770340 0.02879650 0.03550840 0.00735690 0.03452200 0.05078961 0.06329471 0.02182220 0.15054602 0.07024541 0.05826461 0.02070550 0.16436902 0.02272850 0.04170001 0.05240981 0.00441378 0.01877140 0.06011371
141 0.18429398 0.03291080 0.03308390 0.02467650 0.01036320 0.02266450 0.03525300 0.04412200 0.03578100 0.05275449 0.05555579 0.02653760 0.19028398 0.02823430 0.03221410 0.06285249 0.04121730 0.00648160 0.01704470 0.06367479
142 0.04190142 0.03046431 0.03214731 0.04560742 0.00851230 0.02759001 0.04090112 0.04274702 0.02391101 0.05582933 0.07325153 0.05351922 0.02325741 0.03607192 0.02027651 0.07174363 0.02836381 0.00777715 0.02386541 0.31226214
143 0.07123568 0.02746089 0.02481719 0.03222159 0.01403460 0.02508279 0.03985449 0.25122191 0.02042129 0.06156948 0.10896496 0.03515979 0.01834219 0.05145738 0.02578159 0.04772078 0.05456168 0.00720365 0.02371999 0.05916808
144 0.29008523 0.02950772 0.01749461 0.03087562 0.01744611 0.02404482 0.03486993 0.04078493 0.02751832 0.05198204 0.04954174 0.10148808 0.01310131 0.02776622 0.02238662 0.13191011 0.02704432 0.01076721 0.02214552 0.02923952
145 0.27548969 0.01456958 0.01632888 0.01223249 0.03827656 0.01258329 0.01845128 0.14600083 0.01312889 0.04557315 0.05469594 0.01737498 0.01107489 0.01741628 0.01654098 0.20217877 0.03348736 0.00702943 0.01660668 0.03096006
146 0.04573519 0.01698180 0.02016920 0.02512770 0.00588816 0.00859307 0.01944560 0.03179129 0.00837802 0.19084897 0.22809096 0.01784390 0.04202329 0.02840190 0.01216740 0.08949128 0.02533750 0.00233562 0.01430320 0.16704597
147 0.18779200 0.01686790 0.01368230 0.01729150 0.02481200 0.01337580 0.02618530 0.04157080 0.01327770 0.07689260 0.06254680 0.01806190 0.01765530 0.01531880 0.01797960 0.32403100 0.02359990 0.00508990 0.02634230 0.05762660
148 0.13375602 0.02462600 0.02256750 0.01951500 0.01329770 0.02486310 0.02488750 0.24989104 0.01379010 0.15913802 0.04870201 0.02266990 0.01204490 0.02964480 0.01846590 0.06064361 0.05383571 0.00439365 0.01672190 0.04654561
149 0.06420045 0.02606022 0.02095042 0.02714212 0.00627375 0.01475311 0.02875542 0.04642134 0.01144931 0.21220717 0.18141914 0.02516752 0.02970042 0.02624292 0.01763661 0.10440308 0.03242523 0.00341077 0.02081692 0.10056408
150 0.05138648 0.03870309 0.02470839 0.02256389 0.00354777 0.00732940 0.02786679 0.02527709 0.01058490 0.15468095 0.20848893 0.02301219 0.15335395 0.02592259 0.02535179 0.04916498 0.02908059 0.00288156 0.01644199 0.09965267
151 0.04737356 0.04963586 0.03084328 0.02336218 0.01073579 0.02442228 0.04202647 0.03405467 0.01273589 0.05390016 0.11055491 0.03114238 0.17917886 0.02398378 0.15938587 0.04021777 0.03815757 0.00684048 0.01859799 0.06285025
152 0.06648837 0.23127391 0.03067289 0.03384319 0.01866529 0.02599529 0.06486317 0.04039178 0.01358759 0.05755818 0.06555047 0.04114978 0.03403899 0.04214168 0.04813798 0.04828768 0.03937698 0.01211230 0.02842939 0.05743508
153 0.06413092 0.06967452 0.03021381 0.03916381 0.01831101 0.03804821 0.04001141 0.05768632 0.01464050 0.06106102 0.07949052 0.04312261 0.03737311 0.04015991 0.16612205 0.05140762 0.05332642 0.01007020 0.02671731 0.05926872
154 0.06096050 0.04391310 0.02862120 0.04223950 0.00920271 0.03261620 0.04948240 0.06593290 0.03101560 0.04471510 0.05756980 0.07475790 0.02001570 0.21483200 0.02501950 0.03716620 0.06244720 0.00939518 0.03227350 0.05782380
155 0.28510602 0.01354770 0.01854130 0.01036770 0.03459890 0.01348240 0.01550280 0.19425302 0.01219670 0.04048460 0.05643540 0.01673000 0.01035520 0.02379490 0.01509390 0.14961901 0.04375950 0.00703332 0.01435360 0.02474400
156 0.05399681 0.03860510 0.25265403 0.03238040 0.01433910 0.02698980 0.04717790 0.04394840 0.01479160 0.05159481 0.10004201 0.03759080 0.03705500 0.03910480 0.02369830 0.03823400 0.03605620 0.01132980 0.02460480 0.07580631
157 0.05051958 0.02409129 0.03953218 0.02420259 0.00484702 0.00664883 0.02086209 0.02364939 0.00944041 0.12424095 0.24960491 0.01907209 0.10032196 0.02760389 0.02104689 0.04593338 0.03069529 0.00442682 0.01780449 0.15545594
158 0.04609873 0.02917952 0.02796832 0.12802107 0.00624910 0.02730062 0.03974462 0.04865643 0.03708852 0.02863862 0.03216192 0.08469215 0.01189161 0.20493512 0.01851281 0.03216932 0.05391803 0.00769512 0.10082506 0.03425332
159 0.03995529 0.02093399 0.02177209 0.03331869 0.00718554 0.02117179 0.03047589 0.03915259 0.01299190 0.24429193 0.09243027 0.02440049 0.02356489 0.02238209 0.01527030 0.08842067 0.02848839 0.00308995 0.02198429 0.20871894
160 0.04337212 0.03902782 0.10938405 0.06683323 0.01549251 0.12810505 0.05902002 0.04289922 0.00932784 0.04319312 0.05075482 0.16904007 0.01377241 0.04849932 0.02163551 0.02882011 0.02888061 0.00766354 0.01838101 0.05589762
161 0.07276211 0.03406771 0.02170420 0.02371830 0.00653369 0.02603520 0.04736371 0.03960561 0.01555380 0.07002191 0.09104451 0.03573911 0.02016030 0.03904841 0.02075940 0.06507611 0.03609281 0.00787926 0.26939204 0.05744181
162 0.07361426 0.03511048 0.02136499 0.02528809 0.00692202 0.02499429 0.04695267 0.03979368 0.01527839 0.06933986 0.09044725 0.03636788 0.02048959 0.03860298 0.02080469 0.06460846 0.03609858 0.00862106 0.26928284 0.05601797
163 0.21756094 0.03186379 0.01371660 0.22706594 0.00493874 0.02022939 0.18323895 0.01489160 0.01422040 0.04484269 0.04515379 0.04346629 0.00695953 0.02131909 0.01041120 0.04101219 0.02114139 0.00946451 0.01002630 0.01847669
164 0.04326702 0.02217071 0.02166251 0.03152722 0.00739957 0.02156391 0.03201842 0.04040412 0.01271741 0.24413413 0.09476825 0.02374451 0.02509901 0.02351381 0.01561961 0.09566415 0.02994112 0.00326131 0.02528811 0.18623510
165 0.08662576 0.03685588 0.03120378 0.19968190 0.01654359 0.03588898 0.13969193 0.04890188 0.02215039 0.05339217 0.05901207 0.05337537 0.01490079 0.03443648 0.01748059 0.03578538 0.02702149 0.01166799 0.01547089 0.05991267
166 0.07545699 0.02816970 0.02317540 0.02924370 0.00676551 0.01735930 0.03330660 0.05112609 0.01396330 0.20085798 0.16409498 0.02892090 0.02846570 0.02809460 0.02149830 0.10174599 0.03513030 0.00441520 0.02427000 0.08393949
167 0.07777232 0.01891131 0.01329870 0.01929931 0.01601580 0.01533520 0.02187591 0.18811605 0.01167970 0.08013102 0.07761532 0.01807411 0.01204900 0.02425491 0.01877741 0.26204607 0.03592891 0.00596212 0.02000851 0.06284832
168 0.03327649 0.14975994 0.02896489 0.03253529 0.00968324 0.02458189 0.05920007 0.03398069 0.02573239 0.03578668 0.05265848 0.04600048 0.02188289 0.03130459 0.02590729 0.05880637 0.02757999 0.00906449 0.02655099 0.26674289
169 0.07619174 0.03319162 0.03353062 0.07160774 0.03766152 0.21210013 0.04111802 0.05218203 0.00992782 0.06492254 0.04846403 0.04981813 0.01940641 0.04420913 0.03507532 0.04267223 0.03291192 0.00691160 0.02586442 0.06223304
170 0.04898793 0.02843072 0.02561892 0.02162701 0.00711163 0.01782921 0.03545562 0.04634353 0.01626821 0.02859052 0.27841119 0.04101683 0.01605911 0.03956743 0.02069141 0.04296813 0.03353602 0.01125341 0.18943813 0.05079503
171 0.06759540 0.23250200 0.02819250 0.03455840 0.01950260 0.02517720 0.06553070 0.03794200 0.01269700 0.06010420 0.06378650 0.04098330 0.03512700 0.04089260 0.05095590 0.05122940 0.03898640 0.01250740 0.02717990 0.05454960
172 0.04687794 0.01718058 0.02114607 0.02588247 0.00573052 0.00919593 0.02018917 0.03246266 0.00898463 0.18661275 0.22885469 0.01751298 0.04146854 0.02834886 0.01233428 0.08680068 0.02590477 0.00264043 0.01632428 0.16554778
173 0.06499033 0.03805352 0.02876881 0.20074008 0.01990681 0.05297472 0.05287572 0.04559552 0.01616171 0.06272973 0.06372263 0.05525222 0.01992311 0.04175962 0.03036541 0.04285492 0.03274841 0.01527071 0.02385281 0.09145324
174 0.05167968 0.05864698 0.03470829 0.03926278 0.01142840 0.02514979 0.23423391 0.04675888 0.02569639 0.06085488 0.09018906 0.03932718 0.02318249 0.04427588 0.02137729 0.04490918 0.03514989 0.01250709 0.03500959 0.06565237
175 0.06547063 0.03819972 0.02913381 0.20336910 0.02038201 0.05487233 0.05186693 0.04462682 0.01700241 0.06416873 0.06394453 0.05556743 0.02045841 0.04439672 0.02812101 0.04062952 0.03383972 0.01400991 0.02246351 0.08747674
176 0.05248399 0.03544539 0.03311789 0.19789996 0.01386470 0.05158709 0.05485779 0.04435819 0.01560760 0.04185339 0.04364149 0.13767697 0.01579240 0.05329559 0.01880580 0.03106429 0.03025459 0.01997380 0.02138420 0.08703488
177 0.04182182 0.03076801 0.03153802 0.04696722 0.00832114 0.02730421 0.04176882 0.04173882 0.02370741 0.05587593 0.07104593 0.05580303 0.02342691 0.03403502 0.01995421 0.07442314 0.02881521 0.00793408 0.02286891 0.31188215
178 0.14894686 0.02941317 0.02717217 0.04236626 0.13942687 0.05758854 0.03234507 0.04145236 0.01638288 0.03967476 0.07322533 0.02707557 0.02266148 0.02130568 0.03062087 0.06780743 0.03676656 0.00882115 0.01502109 0.12192588
179 0.05106497 0.02309819 0.03416588 0.04203287 0.01584809 0.12974892 0.23639586 0.05206837 0.01188979 0.06766646 0.06319556 0.03859298 0.01353239 0.03655178 0.02981038 0.03316448 0.02640118 0.00792040 0.02807648 0.05877496
