1 0.04314617 0.02072068 0.04252907 0.02825558 0.00971850 0.01845699 0.04187407 0.04258617 0.01267139 0.07379144 0.27231478 0.03379987 0.02296428 0.03578077 0.01528559 0.05312436 0.03849547 0.00861089 0.03009708 0.15577687
2 0.06653501 0.07377551 0.04230781 0.03150090 0.03029540 0.03610810 0.03795060 0.04196711 0.01101780 0.05734361 0.07150371 0.04694771 0.03815880 0.03162700 0.17693202 0.05671601 0.05507261 0.00902047 0.02379170 0.06142811
3 0.03527999 0.02880509 0.05277208 0.15022094 0.00840651 0.04818378 0.05108718 0.22389391 0.01578929 0.04882638 0.06152068 0.04913968 0.01430369 0.05524198 0.01249660 0.02516709 0.02722019 0.00593237 0.02363979 0.06207278
4 0.04391158 0.03521829 0.03686008 0.04119538 0.00840645 0.02325869 0.04245748 0.05023198 0.02035099 0.05540758 0.07828757 0.05489988 0.02137499 0.03748098 0.02265999 0.08624056 0.03042699 0.00768667 0.02377299 0.27987088
5 0.04979353 0.02283061 0.03497332 0.05395173 0.00843965 0.02381831 0.03659852 0.19130910 0.03003972 0.04560362 0.08657254 0.13594107 0.01555251 0.05098103 0.02133161 0.03868912 0.03352312 0.00685554 0.02521831 0.08797704
6 0.07661285 0.04567417 0.02696938 0.03355858 0.02550828 0.02479668 0.14710890 0.02553288 0.02246758 0.16893688 0.04846197 0.02885838 0.01762389 0.02902918 0.01922279 0.13320091 0.04654147 0.00712680 0.02247728 0.05029116
7 0.07517808 0.03085979 0.01758210 0.02277660 0.01415730 0.02379220 0.02969579 0.04533769 0.01410260 0.07337489 0.07300279 0.03120079 0.02192230 0.02618209 0.02067820 0.31217894 0.03282159 0.01013440 0.02640119 0.09862068
8 0.07273693 0.03091101 0.02725261 0.02944501 0.00992730 0.02566101 0.04483342 0.03945002 0.01353031 0.20927609 0.16457307 0.02727891 0.03151461 0.03213901 0.01691101 0.06891683 0.03810092 0.00421726 0.02510671 0.08821794
9 0.04266371 0.02107301 0.04729201 0.08151522 0.00800000 0.03685671 0.10479003 0.15845204 0.02103971 0.04743861 0.06911882 0.12496503 0.01218590 0.05386241 0.01460160 0.02904381 0.02092521 0.00638955 0.03123631 0.06855032
10 0.06839691 0.03212621 0.02140650 0.02549390 0.00838712 0.02233900 0.02988511 0.05886481 0.01096100 0.05542881 0.10396302 0.03458111 0.01365200 0.04303511 0.02417300 0.05771721 0.14406403 0.00787139 0.18238503 0.05526871
11 0.04389317 0.03772288 0.03818688 0.02581038 0.00393373 0.02028159 0.04661177 0.02494578 0.04434927 0.03497438 0.06231396 0.16542290 0.02146899 0.15080590 0.01642599 0.03242058 0.03571888 0.01311639 0.13330492 0.04829167
12 0.07072798 0.04574709 0.04172959 0.04604299 0.00806380 0.03472459 0.05151409 0.07066578 0.02805239 0.05703539 0.06060029 0.07356528 0.01995660 0.17310896 0.01955850 0.04300429 0.05434439 0.00861334 0.02915299 0.06379168
13 0.04798423 0.03319862 0.09412195 0.16759009 0.00986082 0.06249633 0.06612824 0.08087424 0.01542111 0.06406754 0.04058292 0.11131206 0.01411931 0.05101283 0.01644141 0.02501111 0.02597781 0.00799514 0.01694191 0.04886233
14 0.06431807 0.03722879 0.03928768 0.16007594 0.01257029 0.04777198 0.11679595 0.03841298 0.02630869 0.15608994 0.05196258 0.04592518 0.01916989 0.03444799 0.01125150 0.03296729 0.03602529 0.00659680 0.01391989 0.04887328
15 0.07260760 0.20492400 0.02980090 0.03793680 0.01823530 0.02217550 0.06797630 0.04116900 0.01623290 0.06308350 0.06753430 0.03845400 0.02995500 0.04326550 0.04970210 0.05314750 0.04325830 0.01153650 0.02886980 0.06013520
16 0.06779942 0.01490010 0.02712741 0.02217011 0.00599360 0.01090660 0.02621931 0.36168011 0.10710903 0.03251741 0.08102553 0.03618201 0.01778461 0.03581811 0.00864187 0.03498291 0.04002651 0.00480662 0.01460690 0.04970182
17 0.04982751 0.02837491 0.02649771 0.02678941 0.00995226 0.02466930 0.03320481 0.04074481 0.01600030 0.18145703 0.09719192 0.03389391 0.02564130 0.03534851 0.01698450 0.06701641 0.03768491 0.00468385 0.02580760 0.21822904
18 0.07238082 0.17848304 0.10162802 0.05022241 0.02230610 0.08989942 0.03112821 0.04989791 0.01017580 0.04843571 0.04680891 0.06803811 0.01503040 0.04416501 0.03906701 0.03118491 0.03706411 0.00791248 0.01786660 0.03830501
19 0.03817120 0.03428070 0.03063660 0.01941260 0.00912607 0.01893860 0.22138698 0.02782970 0.01725880 0.05905879 0.27265597 0.02538250 0.03383010 0.02361720 0.01476220 0.03042670 0.02098590 0.00642073 0.03621290 0.05960579
20 0.03545351 0.04471761 0.02920821 0.01796081 0.00673611 0.01237540 0.04411241 0.03750051 0.00846715 0.04932461 0.25088707 0.03373571 0.13370004 0.01854141 0.10880703 0.05702112 0.03954561 0.00745035 0.02103261 0.04342271
21 0.07423134 0.02970432 0.01698771 0.02329111 0.01414951 0.02262631 0.02964082 0.04492363 0.01418111 0.07441744 0.07391584 0.03125922 0.02200461 0.02576752 0.02009791 0.31224819 0.03404302 0.01015371 0.02642252 0.09993416
22 0.05975633 0.02923892 0.03322472 0.03328702 0.00915708 0.01947101 0.05399113 0.06004623 0.01540221 0.05693143 0.28747015 0.04109792 0.02659321 0.03481272 0.01972801 0.05179303 0.04753342 0.01013461 0.04064322 0.06968764
23 0.04232341 0.09278302 0.02135101 0.03428621 0.00691527 0.03110641 0.03781521 0.02849161 0.01584500 0.04466621 0.20286305 0.13884503 0.03391431 0.04197571 0.02526161 0.03543781 0.04379411 0.00996648 0.05415111 0.05820741
24 0.07513402 0.02754611 0.02911851 0.03866691 0.01038770 0.02707461 0.03277581 0.26255307 0.02790921 0.04945501 0.09211222 0.03389631 0.01839840 0.04772951 0.01795960 0.05064971 0.06263302 0.00521703 0.02630531 0.06447792
25 0.09787089 0.03762110 0.03079820 0.04769610 0.01719690 0.03912320 0.05236570 0.04429980 0.01896010 0.21464599 0.07011670 0.03385360 0.02100510 0.03606980 0.02326660 0.07206140 0.04104800 0.00552276 0.02591080 0.07056730
26 0.29356200 0.03638780 0.03126600 0.03018480 0.01590100 0.02719690 0.03821000 0.06335920 0.02420020 0.07840350 0.06300960 0.03488940 0.01776610 0.03671340 0.02318550 0.06505310 0.04005220 0.01172890 0.02544300 0.04348740
27 0.05951181 0.04686421 0.03081691 0.03584821 0.00880202 0.01702200 0.03992611 0.03756901 0.01570890 0.14808903 0.11368403 0.02355841 0.17431004 0.02847121 0.03489921 0.05071151 0.03458971 0.00605155 0.01875980 0.07480632
28 0.05627101 0.06109691 0.03609030 0.03566630 0.01714580 0.02301150 0.23046903 0.03571550 0.03455920 0.06406991 0.10030801 0.03656280 0.02300020 0.04572061 0.02092310 0.04551631 0.02868490 0.00902698 0.03376630 0.06239531
29 0.04428042 0.02654271 0.02519191 0.02529431 0.00945937 0.02457051 0.02990532 0.04182292 0.01596671 0.17729010 0.08785135 0.03572462 0.02363261 0.03386942 0.01460941 0.06450594 0.03347462 0.00444129 0.02528331 0.25628314
30 0.03634299 0.14705294 0.02408359 0.02791949 0.02096779 0.01417329 0.21973691 0.01927239 0.02101329 0.13292795 0.06456447 0.02471709 0.02634079 0.02990339 0.02766589 0.04345348 0.03155929 0.00515310 0.02233439 0.06081748
31 0.06921441 0.02690691 0.02896281 0.03980091 0.01026640 0.02908871 0.03175731 0.26552305 0.02835641 0.05079041 0.09231692 0.03376651 0.01917100 0.04790461 0.01806920 0.05036271 0.05970901 0.00516351 0.02682351 0.06604571
32 0.04288548 0.03412248 0.04008168 0.04115438 0.00836517 0.02424029 0.04181598 0.05173097 0.02033129 0.05628347 0.07738256 0.05436637 0.02184159 0.03669158 0.02283099 0.08567895 0.02953178 0.00775788 0.02457629 0.27833085
33 0.05860210 0.02741550 0.02506770 0.02351520 0.00757583 0.01916150 0.04348670 0.03796120 0.01055900 0.20423299 0.21744299 0.02418620 0.03613770 0.02887960 0.01339310 0.06600300 0.03360370 0.00350451 0.02365580 0.09561570
34 0.07841131 0.28484003 0.03033490 0.01931730 0.01911620 0.01238520 0.06297141 0.03750220 0.01008370 0.04116950 0.03581170 0.01898190 0.02248890 0.02528650 0.18396902 0.03979900 0.02562480 0.00564968 0.01485820 0.03139850
35 0.05625508 0.03744099 0.04789089 0.03701329 0.00570983 0.02647419 0.05074228 0.06628718 0.02737949 0.05144698 0.04747799 0.06778828 0.01324560 0.17144295 0.01699389 0.04173959 0.06297668 0.00773788 0.11081997 0.05313698
36 0.10036100 0.03109880 0.02976100 0.03958030 0.01084490 0.01772280 0.07950220 0.08752290 0.11982300 0.06237910 0.06969470 0.05061500 0.02812090 0.05976960 0.01401990 0.05205290 0.03396090 0.01364590 0.02477160 0.07475260
37 0.07511191 0.02905160 0.01619830 0.02309350 0.01332420 0.02343490 0.02883090 0.04587440 0.01345100 0.07312661 0.07349101 0.03149530 0.02198070 0.02530900 0.02056330 0.31661703 0.03351030 0.01007440 0.02766950 0.09779211
38 0.06467220 0.03740140 0.02475950 0.02878150 0.00718832 0.03131920 0.04983090 0.04368070 0.01526950 0.05651370 0.11800000 0.04443050 0.01642290 0.03845190 0.01866990 0.05773820 0.03948810 0.00785156 0.23881500 0.06071500
39 0.04372448 0.11418194 0.02180299 0.03466968 0.00742509 0.02684859 0.05773437 0.02430859 0.07428446 0.04007458 0.04761728 0.14063993 0.01909259 0.06052387 0.02295989 0.11783094 0.02686939 0.01203239 0.02821809 0.07916086
40 0.05690991 0.03596790 0.04766421 0.03711900 0.00565840 0.02567210 0.05022631 0.06825661 0.02758330 0.05162551 0.04724241 0.06504901 0.01307890 0.17353602 0.01604340 0.04196921 0.06538171 0.00768918 0.11157501 0.05175191
41 0.07993304 0.03014982 0.02818951 0.06629264 0.02738961 0.18599710 0.03744122 0.05726853 0.01036511 0.08133254 0.06113073 0.04811883 0.01895061 0.04417722 0.03125572 0.05239133 0.03178372 0.00692127 0.03190212 0.06900934
42 0.17658095 0.01413030 0.01309860 0.02375409 0.02382099 0.10875697 0.02487229 0.02845469 0.00998830 0.05499818 0.04238339 0.03519729 0.01445610 0.02162709 0.01784469 0.29686691 0.02150469 0.00680279 0.02027289 0.04458879
43 0.06514258 0.03598459 0.02495509 0.02871249 0.00789132 0.03264149 0.05008868 0.04301949 0.01495000 0.05983068 0.11552596 0.04303819 0.01643949 0.03801239 0.01908139 0.05792398 0.04070899 0.00782751 0.23435092 0.06387478
44 0.04305072 0.02057951 0.04383402 0.02811491 0.00960341 0.01821841 0.04140802 0.04158502 0.01242960 0.07562553 0.26919411 0.03461131 0.02308781 0.03477231 0.01607941 0.05359382 0.03835082 0.00898859 0.02975261 0.15712006
45 0.05408555 0.03422973 0.03268033 0.03087683 0.00518987 0.01782032 0.10277009 0.04770224 0.11759110 0.03912363 0.02878063 0.09327008 0.02718502 0.18654817 0.01072081 0.03423493 0.02975633 0.00771275 0.03747793 0.06224366
46 0.05855182 0.02909251 0.03258291 0.03308371 0.00891046 0.02003381 0.05407202 0.06095602 0.01572600 0.05713232 0.28855409 0.04181111 0.02540331 0.03304341 0.01924891 0.05312652 0.04630531 0.00957723 0.04183831 0.07095022
47 0.07842909 0.03039450 0.02767670 0.06730269 0.02848720 0.18588798 0.03644790 0.05668929 0.01033230 0.07841589 0.06154439 0.05012389 0.01801510 0.04500520 0.03203790 0.05316219 0.03300600 0.00670421 0.03226530 0.06807229
48 0.12668398 0.03253069 0.03288489 0.03884899 0.00878466 0.02784460 0.03637639 0.03739259 0.02094230 0.05516619 0.06956539 0.04818679 0.02309020 0.03410089 0.02619090 0.07974129 0.03131559 0.00935411 0.02594160 0.23505796
49 0.08085514 0.02491708 0.01275989 0.01338609 0.01074789 0.01203449 0.01409089 0.16364688 0.01258769 0.05479466 0.07267485 0.01494799 0.01664569 0.03658357 0.01262209 0.23389982 0.13146690 0.00959924 0.02298908 0.04875006
50 0.06903304 0.03972037 0.03544277 0.20651883 0.01190289 0.04416606 0.12023190 0.05076456 0.02462358 0.06874275 0.06381325 0.05346866 0.01660289 0.03734347 0.01123559 0.03345547 0.03413927 0.01137889 0.01723759 0.05017816
51 0.05192929 0.02670309 0.02636189 0.02611349 0.00979174 0.02587009 0.03282349 0.04138579 0.01618550 0.18335395 0.09700587 0.03334999 0.02612369 0.03517579 0.01662640 0.06522768 0.03616699 0.00447133 0.02723899 0.21809494
52 0.04238929 0.02978880 0.01849470 0.04727779 0.01144040 0.01958380 0.26241997 0.03036040 0.15426098 0.05127739 0.04827519 0.03008150 0.02039450 0.07391539 0.00859873 0.04373349 0.02199600 0.01000940 0.01570430 0.05999799
53 0.09798256 0.03607099 0.03215329 0.04817338 0.01709369 0.03929509 0.05368538 0.04326008 0.01925979 0.21270692 0.07215327 0.03349839 0.02142309 0.03579499 0.02263299 0.07009827 0.04226048 0.00584968 0.02580979 0.07079787
54 0.21791415 0.03464862 0.17406412 0.01944011 0.01159861 0.01834651 0.03678843 0.05099494 0.01897231 0.05774214 0.06933025 0.03087542 0.02027871 0.04199553 0.02300882 0.04781563 0.03517152 0.01210551 0.02646572 0.05244294
55 0.29619000 0.03682270 0.03212000 0.02964970 0.01607240 0.02760760 0.03691600 0.06577190 0.02385850 0.07636030 0.06423310 0.03449230 0.01683090 0.03652800 0.02228520 0.06430330 0.04046710 0.01221920 0.02497640 0.04229540
56 0.05323650 0.02086100 0.02290200 0.01757870 0.00839948 0.02112630 0.02796550 0.03447890 0.00904246 0.21990301 0.17741101 0.02255010 0.03241270 0.03053010 0.01160230 0.05800980 0.03695240 0.00297752 0.02548420 0.16657601
57 0.07772118 0.02843269 0.01646840 0.02373589 0.01427810 0.02318909 0.03017159 0.04648279 0.01357060 0.07415748 0.07629178 0.03026949 0.02151539 0.02511399 0.02030549 0.31354092 0.03197909 0.00985417 0.02609919 0.09682267
58 0.05097934 0.03399272 0.02440572 0.03262762 0.01077711 0.02086231 0.02751162 0.04888913 0.01352601 0.09203846 0.10911308 0.03965873 0.01971801 0.05246524 0.02542332 0.03683813 0.15440111 0.01425841 0.03235982 0.16015411
59 0.05882218 0.04687598 0.02750529 0.03237339 0.00790707 0.01427240 0.03861749 0.03482349 0.01386770 0.18343594 0.11917696 0.01923659 0.17540094 0.02560259 0.03101829 0.04775608 0.03100479 0.00452325 0.01821619 0.06956338
60 0.06323791 0.04004051 0.03056001 0.04845191 0.00980978 0.03490741 0.04834291 0.04621491 0.02594811 0.05139001 0.08495432 0.17599204 0.02171410 0.06845362 0.02916291 0.05127721 0.03869151 0.01023550 0.03418071 0.08643462
61 0.04506510 0.04064470 0.03242640 0.03707790 0.00880530 0.02150960 0.03421090 0.05316519 0.02388180 0.06121539 0.05977539 0.05620659 0.10184199 0.13291099 0.02435800 0.04565360 0.12761699 0.01733620 0.01849750 0.05780049
62 0.06306211 0.04872491 0.03085371 0.05444401 0.01500890 0.12696303 0.04973361 0.03207511 0.01579160 0.04971091 0.06159581 0.18813504 0.01338430 0.06020101 0.02639061 0.03897761 0.03464721 0.00719219 0.02980171 0.05330661
63 0.09768662 0.03751561 0.03202691 0.04759791 0.01669460 0.03764001 0.05107221 0.04420271 0.01948550 0.21524204 0.07031611 0.03280201 0.02219330 0.03690861 0.02276250 0.07224831 0.04237961 0.00639482 0.02563200 0.06919861
64 0.07111263 0.03306231 0.21466310 0.03425882 0.01299311 0.02094421 0.04664142 0.04334142 0.01662381 0.05774413 0.09635914 0.03778672 0.03231061 0.04995292 0.03160851 0.04044372 0.03281911 0.00966735 0.02764671 0.09002024
65 0.04103327 0.04125237 0.11149693 0.02865698 0.00701171 0.02355939 0.02709758 0.03069278 0.01308059 0.04783307 0.17987189 0.10907893 0.02044739 0.04187847 0.03729108 0.03054168 0.10979693 0.01061989 0.02540638 0.06335266
66 0.05549879 0.05845629 0.03397480 0.03740670 0.01701640 0.02294980 0.22672597 0.03458920 0.03586020 0.06636609 0.10216699 0.03768940 0.02489640 0.04514069 0.02024860 0.04460859 0.02874770 0.00921553 0.03411340 0.06432849
67 0.06855729 0.04201710 0.03578770 0.17953998 0.01168450 0.04447250 0.12784899 0.05291179 0.02552760 0.06993239 0.06374059 0.05534999 0.01781430 0.03985540 0.01228270 0.03659660 0.03327000 0.01121700 0.01835910 0.05323449
68 0.34051488 0.01435749 0.02201209 0.01514969 0.02889059 0.02035099 0.02735209 0.07813967 0.02133579 0.05477328 0.04172878 0.02369479 0.00929894 0.02070829 0.01459929 0.17505494 0.03701289 0.00972402 0.02051929 0.02478219
69 0.06699898 0.03994839 0.02565849 0.03589409 0.01345170 0.02144059 0.03185129 0.08762167 0.01527200 0.06131498 0.09972157 0.04058579 0.02093999 0.05638528 0.03202489 0.05136878 0.19373994 0.01653520 0.03349259 0.05575378
70 0.05695558 0.02861129 0.02601159 0.02339239 0.00742884 0.01610939 0.02937419 0.03580059 0.01141480 0.18781694 0.12177596 0.02091449 0.11745096 0.02891459 0.02535709 0.04613888 0.03150219 0.00358339 0.01714189 0.16430495
71 0.05381507 0.10926794 0.02916768 0.04560277 0.01265669 0.09312995 0.04022048 0.02338709 0.01770879 0.04326897 0.05537757 0.15177291 0.01562069 0.04821747 0.02771318 0.10841294 0.04210758 0.00890698 0.02357319 0.05007207
72 0.05873920 0.02469410 0.03706960 0.20169100 0.00994747 0.12923200 0.05437760 0.03596190 0.01792990 0.06968280 0.03764600 0.05230130 0.03342000 0.03249330 0.01540200 0.08784280 0.02675920 0.00724721 0.01611950 0.05144310
73 0.05537590 0.05842160 0.03518670 0.03798820 0.01666260 0.02338050 0.23058300 0.03495160 0.03556110 0.06717350 0.09940070 0.03692780 0.02320480 0.04432820 0.02025450 0.04457910 0.02749290 0.00929381 0.03479580 0.06443770
74 0.03649431 0.24125203 0.01969440 0.01296910 0.01962400 0.01010920 0.18770203 0.02144910 0.01632360 0.04444331 0.04712481 0.02664490 0.02507640 0.02740740 0.12265302 0.04612321 0.02276270 0.00659136 0.02402150 0.04153361
75 0.06845257 0.03895839 0.03778259 0.05364828 0.00835853 0.03952808 0.05262048 0.05477718 0.02174769 0.15064994 0.06121648 0.04894318 0.01853719 0.15311794 0.01603869 0.04098508 0.04448388 0.00423455 0.02282719 0.06309208
76 0.29406685 0.03650658 0.03231128 0.03061978 0.01567199 0.02776769 0.03853238 0.06408047 0.02313189 0.07815646 0.06293617 0.03618628 0.01733239 0.03598528 0.02397349 0.06218397 0.03987348 0.01169089 0.02580559 0.04318708
77 0.07024781 0.02646690 0.02108620 0.02236980 0.00832552 0.01814450 0.03515781 0.05409111 0.01364150 0.05309271 0.23918804 0.03064790 0.02547600 0.02549080 0.02084620 0.19197303 0.04310791 0.00857662 0.02968060 0.06238901
78 0.07801274 0.02446891 0.02685362 0.05461753 0.01527161 0.11077006 0.12159407 0.03203842 0.02101311 0.07169064 0.06055433 0.05407513 0.01654531 0.03466342 0.01966071 0.13839308 0.02703132 0.00958504 0.02621431 0.05694663
79 0.32802107 0.01441740 0.02212660 0.01261270 0.01935570 0.01510920 0.02545531 0.09314582 0.02115440 0.04727001 0.04489851 0.01710710 0.00878360 0.02764461 0.01242710 0.14471303 0.08477962 0.01397260 0.02225070 0.02475490
80 0.32815020 0.00867595 0.01279691 0.00675256 0.08761505 0.02408801 0.01565681 0.05662173 0.01170021 0.06236314 0.02260981 0.02511382 0.00623789 0.00921241 0.01901711 0.24876615 0.02509322 0.00628236 0.00899615 0.01425051
81 0.05660130 0.03389060 0.02788560 0.05139820 0.00755023 0.03667180 0.11698999 0.03553360 0.02603480 0.04469920 0.08148299 0.18479299 0.01860020 0.07418359 0.02079990 0.03860480 0.02841200 0.00857015 0.04079210 0.06650599
82 0.06142005 0.04033463 0.02023242 0.01770071 0.01369601 0.01683791 0.02924562 0.03908653 0.00967371 0.19971215 0.05858385 0.01980932 0.01890821 0.03344093 0.02010622 0.16286413 0.13432510 0.00841284 0.02198312 0.07362656
83 0.04769574 0.02900502 0.02843772 0.03251893 0.00532798 0.02391362 0.03677883 0.04259573 0.01167721 0.05361794 0.19618416 0.05045954 0.01520231 0.09388848 0.01969562 0.03999943 0.05924635 0.00957542 0.14662212 0.05755785
84 0.06718567 0.04048508 0.03159909 0.06703357 0.02430439 0.16843793 0.04516708 0.04044128 0.01197729 0.06589927 0.05860028 0.12535295 0.01288519 0.04982698 0.02916069 0.03987528 0.03353239 0.00578522 0.02913339 0.05331698
85 0.06744253 0.04477502 0.03634741 0.13276805 0.01302881 0.03145881 0.18747107 0.04587642 0.03140951 0.06616153 0.07739473 0.04431242 0.01692121 0.03894622 0.01221090 0.04059142 0.02889271 0.01040570 0.01918731 0.05439822
86 0.04368471 0.02149520 0.04473241 0.02815161 0.00913655 0.01843070 0.04130481 0.04046201 0.01240250 0.07563902 0.27282606 0.03339351 0.02209810 0.03545641 0.01545950 0.05309751 0.03755241 0.00888333 0.02980461 0.15598903
87 0.04553899 0.02548469 0.02438759 0.02628249 0.00947632 0.02549299 0.03005179 0.04073499 0.01578430 0.17721395 0.08544387 0.03577479 0.02340939 0.03154659 0.01578270 0.06621518 0.03397869 0.00455399 0.02517679 0.25766992
88 0.04623690 0.17582702 0.02556600 0.02586220 0.01440480 0.01395860 0.06148741 0.03378780 0.01368070 0.06609461 0.06305841 0.02707900 0.02377430 0.03819210 0.04054890 0.16636402 0.05460201 0.01950710 0.02276200 0.06720611
89 0.07694680 0.02891220 0.01729520 0.02267990 0.01348420 0.02338060 0.03001330 0.04402920 0.01427960 0.07264490 0.07432300 0.03129020 0.02344700 0.02550130 0.02094660 0.31282700 0.03266280 0.01090530 0.02658610 0.09784480
90 0.05055808 0.03272329 0.09578517 0.17858695 0.01714149 0.05615208 0.05403488 0.07758158 0.01726409 0.06860478 0.04720999 0.05523688 0.03515789 0.04499829 0.01919539 0.03307009 0.03067549 0.01099390 0.01837599 0.05665368
91 0.04362811 0.03671251 0.03988071 0.04151231 0.00851743 0.02506980 0.04101471 0.05157071 0.02079320 0.05763191 0.07765121 0.05443671 0.02203440 0.03797651 0.02231110 0.08461921 0.03010930 0.00778312 0.02384600 0.27290104
92 0.05909299 0.02897680 0.03297780 0.03245640 0.00885392 0.01949020 0.05424889 0.05929319 0.01578650 0.05669539 0.29017597 0.04251509 0.02636580 0.03348670 0.02027790 0.05124799 0.04630439 0.01010900 0.04138010 0.07026499
93 0.06504096 0.03998828 0.03005608 0.04891937 0.00991517 0.03357928 0.04698637 0.04681507 0.02603578 0.05191647 0.08612025 0.17419990 0.02140639 0.06865096 0.02844018 0.05111357 0.03888118 0.01034399 0.03394188 0.08764885
94 0.05146819 0.01916100 0.01927390 0.01617900 0.00807686 0.02159700 0.02544769 0.03207139 0.00828506 0.24437295 0.16946997 0.01999820 0.03294869 0.02863329 0.00986897 0.05634609 0.03657349 0.00239031 0.02310700 0.17473097
95 0.06927637 0.03402168 0.21477390 0.03284998 0.01316069 0.02062409 0.04757128 0.04109758 0.01640239 0.05861327 0.09787565 0.03706248 0.03249158 0.04992218 0.03206738 0.03949838 0.03381368 0.00982597 0.02698209 0.09206936
96 0.06588270 0.04073660 0.03076580 0.04802270 0.00973655 0.03335340 0.04776020 0.04606820 0.02681220 0.04951620 0.08677420 0.17369201 0.02101590 0.06841620 0.02871980 0.05167850 0.03928410 0.01095210 0.03315280 0.08765980
97 0.05086620 0.01811010 0.01871720 0.01529460 0.00806911 0.02190170 0.02331980 0.03204540 0.00786668 0.24673900 0.16990200 0.01963940 0.03251030 0.02827580 0.00951684 0.05665170 0.03736840 0.00221236 0.02305540 0.17793800
98 0.05924498 0.02784469 0.03290399 0.03270249 0.00844635 0.01987439 0.05574078 0.06200738 0.01570299 0.05605918 0.28803989 0.04136898 0.02594229 0.03358739 0.02016859 0.05227118 0.04714818 0.00922073 0.04265118 0.06907437
99 0.05601969 0.02879900 0.26298197 0.01968790 0.01224070 0.01393370 0.02932810 0.03166360 0.01437470 0.04930359 0.09071789 0.02947310 0.03948650 0.04354619 0.03252290 0.08610509 0.03180960 0.00993082 0.02104760 0.09702739
100 0.05123948 0.03877199 0.02304429 0.02808349 0.00347009 0.02913709 0.09011597 0.02082109 0.03982799 0.02756909 0.04708708 0.23525392 0.02657909 0.17216194 0.01459539 0.02553119 0.02860839 0.00844006 0.04082639 0.04883598
101 0.05567229 0.05989729 0.03522470 0.03769490 0.01648190 0.02334610 0.23212597 0.03472180 0.03492730 0.06646299 0.10105699 0.03620980 0.02397990 0.04418709 0.02029340 0.04516009 0.02936800 0.00906973 0.03259420 0.06152559
102 0.05400311 0.04295091 0.02516181 0.04513131 0.00915587 0.02799031 0.03327971 0.04312471 0.01921270 0.04841101 0.09500152 0.17458004 0.01656920 0.06837942 0.03423381 0.03393611 0.12260503 0.01299240 0.03153091 0.06175011
103 0.05938070 0.02843650 0.03156140 0.03311560 0.00897141 0.02007270 0.05432150 0.05862170 0.01559460 0.05616980 0.28709100 0.04270370 0.02579150 0.03456100 0.02020810 0.05342600 0.04651910 0.01001530 0.04243290 0.07100550
104 0.16739919 0.02900913 0.02230053 0.01543272 0.07489939 0.01862672 0.02536573 0.14508717 0.01553252 0.05414386 0.04908776 0.01906632 0.01309692 0.01923132 0.02383753 0.20711224 0.04804876 0.00678146 0.01290151 0.03303924
105 0.30736485 0.03203148 0.03101938 0.04862708 0.01041969 0.02565309 0.13533693 0.03607938 0.01837789 0.06171117 0.05173737 0.03729558 0.01140289 0.03301678 0.01485499 0.04906558 0.03576148 0.01273749 0.02144299 0.02606389
106 0.06761148 0.04632709 0.03632159 0.13409696 0.01304280 0.03197379 0.18289295 0.04771779 0.02997229 0.06523488 0.07777568 0.04553129 0.01661590 0.03758349 0.01274150 0.04098449 0.03019999 0.01040150 0.02008599 0.05288858
107 0.09778867 0.03660869 0.03231719 0.04691149 0.01685850 0.03874019 0.05110859 0.04406629 0.01933329 0.21600394 0.06844768 0.03356379 0.02225489 0.03633349 0.02236589 0.07387918 0.04109089 0.00545508 0.02643859 0.07043368
108 0.09349602 0.05024471 0.03679741 0.04483291 0.01304090 0.02145530 0.04811111 0.03233001 0.02471670 0.03893291 0.07820142 0.04332001 0.02903691 0.04074701 0.02235350 0.08108662 0.07416961 0.14695603 0.02533621 0.05483471
109 0.04612301 0.02558681 0.02013421 0.01985050 0.00881255 0.02229701 0.02172411 0.03586631 0.01028920 0.21793105 0.08659802 0.02812531 0.02194431 0.03497611 0.01740350 0.04577991 0.09404622 0.00459130 0.02601051 0.21191005
110 0.05452491 0.04534541 0.04788321 0.04687201 0.01382110 0.02432500 0.04133971 0.04009371 0.02161950 0.06455141 0.09315892 0.03519981 0.19640304 0.03316111 0.03867261 0.06353911 0.04122501 0.01182660 0.01882590 0.06761191
111 0.04874540 0.03563130 0.02378500 0.01933620 0.00694494 0.01378740 0.03305240 0.03948170 0.01045130 0.07043670 0.22255400 0.02536140 0.13075300 0.01995350 0.03555300 0.14723400 0.03323150 0.00729878 0.01870960 0.05769890
112 0.04490420 0.04163210 0.02342720 0.01871390 0.00502965 0.00943313 0.04001160 0.03261130 0.00951459 0.15731198 0.23345498 0.01817670 0.13532999 0.02538870 0.02109700 0.04979880 0.02709960 0.00313783 0.01725700 0.08666979
113 0.07750022 0.02888631 0.01747521 0.02246981 0.01378060 0.02401361 0.03010631 0.04561481 0.01379240 0.07358152 0.07374022 0.03153501 0.02273761 0.02556121 0.02028161 0.31157709 0.03404731 0.01033350 0.02580281 0.09716283
114 0.07816210 0.03107060 0.02745830 0.06848120 0.02897920 0.18402700 0.03933250 0.05620660 0.01026780 0.07891740 0.06075120 0.05061940 0.01803530 0.04440940 0.03093630 0.05046600 0.03291520 0.00682111 0.03360420 0.06853920
115 0.04394809 0.03432889 0.03943619 0.04047519 0.00888208 0.02511359 0.04338029 0.05068189 0.02054959 0.05691728 0.07754188 0.05454969 0.02121929 0.03717469 0.02211469 0.08580858 0.02891019 0.00738679 0.02536919 0.27621193
116 0.03645140 0.16752499 0.03512560 0.03601850 0.12349000 0.01995880 0.20011699 0.03022170 0.01868820 0.06197570 0.03224490 0.02060380 0.01273130 0.01917520 0.03983740 0.05165910 0.03307320 0.00753143 0.01460500 0.03896680
117 0.07859263 0.03034591 0.02697651 0.06799693 0.02724841 0.18535708 0.03783592 0.05672662 0.01042860 0.08218413 0.05950302 0.04843572 0.01963151 0.04338842 0.02982511 0.05165842 0.03254311 0.00668848 0.03453991 0.07009353
118 0.07121028 0.02321919 0.02071819 0.01932519 0.01032680 0.01450520 0.01770229 0.24570692 0.02137359 0.04597539 0.06799238 0.01835439 0.09163587 0.03694139 0.02017589 0.06862338 0.14173896 0.00812261 0.01711129 0.03924079
119 0.05876368 0.02810099 0.03325099 0.03322039 0.00869545 0.02001079 0.05561378 0.05960588 0.01533940 0.05596888 0.29086991 0.04074629 0.02696649 0.03369429 0.01959019 0.05178068 0.04724809 0.00989806 0.03977519 0.07086058
120 0.29839185 0.03584108 0.03203258 0.02936989 0.01530559 0.02848579 0.03777488 0.06426007 0.02427299 0.07805506 0.06328517 0.03431768 0.01715929 0.03605618 0.02213729 0.06261357 0.04081078 0.01117499 0.02533649 0.04331878
121 0.29585688 0.03632989 0.03179199 0.02984749 0.01609399 0.02878689 0.03718739 0.06404787 0.02376519 0.07630577 0.06267587 0.03678229 0.01651439 0.03738229 0.02315459 0.06428657 0.04026128 0.01180960 0.02505319 0.04206658
122 0.06285070 0.03417800 0.03652710 0.07137000 0.01187070 0.13465199 0.03972420 0.22246399 0.01141390 0.05585690 0.05233080 0.03714590 0.01276860 0.05474560 0.01653490 0.02548960 0.02635940 0.00424424 0.02626280 0.06321070
123 0.04667764 0.11340786 0.02737977 0.03234836 0.01216469 0.01873878 0.04211495 0.02928436 0.01042589 0.22136073 0.05856583 0.03119576 0.02319857 0.03229076 0.02765037 0.05584243 0.12516185 0.00548590 0.01713308 0.06957242
124 0.05951797 0.03302939 0.02443699 0.02730709 0.00862249 0.01922469 0.02899339 0.04002628 0.01073750 0.20758691 0.14559694 0.02709279 0.02644949 0.03283489 0.02306439 0.05143538 0.10740195 0.00510794 0.02343479 0.09809876
125 0.03750688 0.02166359 0.04443498 0.02917538 0.00890877 0.02105889 0.03082498 0.03975288 0.01548619 0.08059645 0.17363190 0.03873178 0.02150689 0.03462138 0.01587889 0.06513956 0.03004128 0.00755709 0.02313039 0.26035185
126 0.03103170 0.02332060 0.07759090 0.15871500 0.02262440 0.04314810 0.02931420 0.02641180 0.02310950 0.02738910 0.02756550 0.02443870 0.24813800 0.01792930 0.03118190 0.06580860 0.05469020 0.01423560 0.00971230 0.04364460
127 0.05800576 0.04422157 0.01934599 0.02795558 0.01712249 0.02149748 0.03261918 0.03231348 0.01016829 0.05010796 0.06818425 0.04891616 0.03625647 0.02334868 0.10642192 0.24373882 0.02938718 0.00883793 0.01986889 0.10168192
128 0.06893963 0.03414982 0.21660810 0.03396322 0.01301531 0.02097051 0.04627642 0.04244032 0.01621601 0.05788633 0.09556684 0.03819032 0.03165551 0.05138022 0.03271312 0.03923512 0.03320272 0.00993244 0.02715431 0.09050374
129 0.06050057 0.02895729 0.02872469 0.02738629 0.00823504 0.02005459 0.04995638 0.04304298 0.01273759 0.15766192 0.23231689 0.02964919 0.03388508 0.02962179 0.01570409 0.06380207 0.03697418 0.00452455 0.02683909 0.08942576
130 0.04258662 0.04145342 0.04455232 0.03826522 0.07718574 0.02724851 0.06434563 0.04497972 0.01821311 0.05462373 0.07848004 0.03787092 0.02359381 0.02888102 0.02541051 0.05163653 0.02983142 0.00868077 0.01964981 0.24251113
131 0.07192878 0.20479694 0.02961789 0.03786969 0.01771079 0.02187099 0.07207708 0.03969739 0.01672569 0.06227328 0.06787518 0.03805229 0.03011299 0.04266419 0.04986909 0.05307138 0.04269029 0.01156220 0.02888349 0.06065038
132 0.04438037 0.02096008 0.04246917 0.02879658 0.00967931 0.01850519 0.03986097 0.04114157 0.01256169 0.07659194 0.26920080 0.03417407 0.02302928 0.03529617 0.01513529 0.05209186 0.03793687 0.00862982 0.03066108 0.15889788
133 0.05854728 0.04042488 0.03212309 0.18932992 0.01237220 0.05210328 0.05085788 0.05466928 0.01846539 0.06765117 0.07850697 0.05388818 0.02841799 0.04613868 0.02111339 0.04173448 0.04290218 0.01121830 0.02460789 0.07492757
134 0.12729204 0.02487001 0.02846301 0.02847231 0.00843765 0.01390510 0.02719891 0.02251871 0.02189871 0.03300351 0.21389607 0.03189451 0.01482191 0.03676891 0.01440351 0.03712601 0.06196172 0.08911433 0.03111501 0.13283805
135 0.07539724 0.01734799 0.02156858 0.02370798 0.00848326 0.01382009 0.02979028 0.22517981 0.02638168 0.02819768 0.26961178 0.03048547 0.01644079 0.02365058 0.01486079 0.04990476 0.05793415 0.00482796 0.02365278 0.03875637
136 0.06545061 0.03658600 0.02467870 0.02811730 0.00801765 0.03129900 0.05000091 0.04347081 0.01544040 0.05863651 0.11715901 0.04290751 0.01623250 0.03768080 0.01898910 0.05765151 0.04074830 0.00824603 0.23633503 0.06235231
137 0.05802828 0.02938649 0.03298089 0.03247529 0.00889116 0.02068829 0.05485198 0.06074608 0.01513379 0.05572468 0.29168889 0.04189908 0.02502089 0.03270139 0.02027649 0.05029608 0.04699618 0.00978641 0.04261388 0.06981377
138 0.07505289 0.04554179 0.03963529 0.04723339 0.00793271 0.03589199 0.05263489 0.07086999 0.02953120 0.05609119 0.05818889 0.07371609 0.01938220 0.16829597 0.01923190 0.04408569 0.05426819 0.00912874 0.02881060 0.06447639
139 0.07247636 0.02816298 0.02812608 0.03940698 0.01079759 0.02847938 0.03150128 0.26569385 0.02743338 0.05086767 0.08890335 0.03393938 0.01936569 0.04869797 0.01713579 0.04943857 0.06352406 0.00535136 0.02578489 0.06491336
140 0.06619915 0.03340102 0.03310572 0.05042594 0.00785310 0.03632513 0.04817883 0.04251383 0.01902861 0.22075916 0.07139315 0.03734593 0.02013321 0.11663108 0.01553801 0.04658243 0.04199103 0.00334870 0.01879831 0.07044765
141 0.18154316 0.06203156 0.02713232 0.02775542 0.01534621 0.01592001 0.03323013 0.02970703 0.00965432 0.06106025 0.04033604 0.02134532 0.14472113 0.01470311 0.15135913 0.05216355 0.02830423 0.00941001 0.01028311 0.06399396
142 0.04355502 0.03568162 0.03903512 0.04160582 0.00838917 0.02435901 0.04168622 0.05031703 0.02006471 0.05652563 0.07592544 0.05439893 0.02154131 0.03653392 0.02296761 0.08572304 0.03000852 0.00735503 0.02333671 0.28099014
143 0.07173976 0.02707369 0.02913278 0.03938658 0.01055619 0.02797049 0.03280258 0.26172986 0.02815499 0.05044647 0.09314525 0.03440018 0.01847329 0.04795677 0.01706549 0.04912367 0.06260207 0.00577193 0.02596879 0.06649916
144 0.25268492 0.02517019 0.02321029 0.02656949 0.02796339 0.03814729 0.03707339 0.03334949 0.01825539 0.05052048 0.04296109 0.10272997 0.01082990 0.03324539 0.01889199 0.16982495 0.02480659 0.01264400 0.01788769 0.03323409
145 0.25259096 0.01314230 0.02057220 0.01356470 0.02121880 0.01564560 0.01749520 0.15001298 0.02478320 0.04523489 0.05243119 0.01633520 0.01131620 0.02033390 0.01447420 0.21658697 0.03603409 0.00583016 0.01536160 0.03703569
146 0.04597609 0.01789559 0.02465139 0.01647909 0.00802224 0.01748249 0.03088759 0.03326039 0.00762888 0.19549694 0.23098393 0.02075269 0.03742289 0.03072779 0.00943463 0.05254828 0.03109349 0.00272676 0.02211289 0.16441595
147 0.17876109 0.01306971 0.00980785 0.01359781 0.02558191 0.03098812 0.01879171 0.04133292 0.00977007 0.05920033 0.05073442 0.02233791 0.01302601 0.01589021 0.01529941 0.37207818 0.02143441 0.00719849 0.02230431 0.05879513
148 0.08916124 0.03235688 0.04159257 0.05914296 0.01734009 0.03883477 0.12798291 0.11582892 0.01913489 0.14893590 0.04853227 0.03498538 0.01811969 0.03170408 0.01687829 0.04653487 0.03566018 0.00576620 0.02180338 0.04970457
149 0.06373805 0.02795248 0.02474418 0.02440428 0.00880302 0.02254148 0.04017087 0.03643547 0.01138059 0.22101981 0.18491684 0.02394318 0.03280207 0.02908858 0.01420009 0.06903954 0.03630297 0.00327281 0.02339878 0.10184491
150 0.04505380 0.04541050 0.02396920 0.01866390 0.00454976 0.00907354 0.03707270 0.03271010 0.00924489 0.15518901 0.21678602 0.01780120 0.15892501 0.02462360 0.02320310 0.04932110 0.02619280 0.00305894 0.01628240 0.08286841
151 0.04040908 0.04616468 0.04130358 0.02421749 0.01245299 0.02552129 0.03619088 0.04125828 0.00994816 0.05067488 0.20985491 0.04790918 0.04710968 0.03144349 0.13599794 0.04285358 0.05617678 0.00794226 0.03331569 0.05925518
152 0.07243777 0.20105992 0.03077529 0.03992058 0.01752399 0.02157599 0.07012357 0.03937688 0.01618079 0.06317187 0.06754127 0.03750268 0.03103689 0.04044138 0.05451038 0.05337488 0.04319768 0.01178940 0.02758669 0.06087208
153 0.06744181 0.07377111 0.04405131 0.03079130 0.03029330 0.03556901 0.03845201 0.04277151 0.01136780 0.05680521 0.07027541 0.04767631 0.03776191 0.03233750 0.17365903 0.05713331 0.05506461 0.00818515 0.02436510 0.06222731
154 0.07030003 0.04470952 0.03959992 0.04614382 0.00755050 0.03450342 0.05360253 0.06864433 0.02988921 0.05558153 0.06269173 0.07431004 0.01979031 0.17257908 0.01869881 0.04308302 0.05498283 0.00864122 0.02877401 0.06592413
155 0.29079895 0.01169100 0.02491140 0.01082590 0.01628090 0.01340640 0.01506120 0.20543397 0.03358549 0.03503169 0.05085559 0.01304760 0.00988176 0.02484470 0.01047960 0.14100498 0.04923859 0.00525220 0.01317790 0.02519020
156 0.06752312 0.03336031 0.21500106 0.03362991 0.01284970 0.02204761 0.04517661 0.04321311 0.01632420 0.05728512 0.09713973 0.03889611 0.03183671 0.05159281 0.03229001 0.03982431 0.03392461 0.00999371 0.02735311 0.09073813
157 0.03951574 0.02617113 0.04175005 0.01902582 0.00684287 0.01233121 0.03414764 0.03418664 0.00960450 0.11203312 0.25247628 0.02347643 0.10542012 0.02732153 0.01984712 0.04732695 0.02641623 0.00497436 0.01828212 0.13885015
158 0.04857450 0.03509040 0.04906310 0.13710899 0.00581821 0.03907180 0.04890700 0.07922969 0.02186230 0.04681070 0.04008940 0.06628060 0.01125380 0.14052399 0.01483320 0.03655070 0.04197510 0.00592046 0.08886719 0.04216890
159 0.05007112 0.02290201 0.01935271 0.02120951 0.01063530 0.02601291 0.02694701 0.03566431 0.01309070 0.24913408 0.09480183 0.02526331 0.02327771 0.03000421 0.01287130 0.05667092 0.04044641 0.00323916 0.02644241 0.21196307
160 0.06052138 0.04281969 0.09273578 0.08380758 0.00916967 0.10337097 0.05939349 0.05004169 0.01422190 0.05603579 0.04767909 0.15757896 0.01189260 0.05765159 0.02068729 0.03383289 0.03082249 0.00632358 0.02140429 0.04000929
161 0.06344168 0.03678199 0.02497109 0.02768449 0.00762056 0.03227419 0.04978148 0.04464088 0.01472689 0.05632528 0.11831696 0.04395338 0.01633629 0.03752429 0.01883159 0.05697548 0.03975369 0.00842779 0.23985992 0.06177208
162 0.06398711 0.03695411 0.02548530 0.02811090 0.00745740 0.03219901 0.04936251 0.04409301 0.01490400 0.05867391 0.11862602 0.04357831 0.01554530 0.03897791 0.01903350 0.05436501 0.03925381 0.00777743 0.23979004 0.06182541
163 0.15748899 0.03118980 0.04535880 0.14231499 0.00892528 0.05754640 0.05980190 0.14719299 0.01608860 0.05618510 0.04765600 0.03949050 0.01090730 0.04963010 0.01684770 0.03509850 0.02291840 0.00760679 0.02037740 0.02737450
164 0.05598280 0.02390630 0.02029430 0.02270160 0.01072340 0.02770450 0.02974430 0.03401540 0.01388950 0.25162298 0.09585279 0.02539780 0.02489810 0.03092460 0.01350450 0.06152660 0.04166720 0.00348047 0.02663190 0.18553099
165 0.07138720 0.04122830 0.03548650 0.18115600 0.01135650 0.04342000 0.12815600 0.05029530 0.02545560 0.06858500 0.06584910 0.05517460 0.01778280 0.03988080 0.01211450 0.03705740 0.03278960 0.01091190 0.01860980 0.05330310
166 0.07320798 0.03092189 0.02752379 0.02985699 0.01068770 0.02620919 0.04432249 0.03880509 0.01346810 0.20653295 0.16618796 0.02719699 0.03103739 0.03139529 0.01633280 0.07036398 0.03734619 0.00454212 0.02600299 0.08805808
167 0.08153845 0.01799039 0.01505789 0.01979019 0.01170379 0.01251369 0.01594879 0.17778589 0.01527669 0.05464457 0.07290495 0.01830679 0.01608479 0.02410298 0.01331929 0.29458981 0.04015867 0.00597363 0.01774799 0.07456075
168 0.03259378 0.02381489 0.21815588 0.02893558 0.00907771 0.01495249 0.03065638 0.03631558 0.02085689 0.03193978 0.07784396 0.03893488 0.02587729 0.04356758 0.02752879 0.04396308 0.02896658 0.00834443 0.01982059 0.23785387
169 0.07946628 0.02960709 0.02779409 0.06952008 0.02796309 0.19000495 0.03765599 0.05558989 0.01032090 0.08000678 0.05906579 0.04880589 0.01703410 0.04474159 0.03170119 0.05080159 0.03279219 0.00632884 0.03282479 0.06797488
170 0.03997142 0.03056722 0.01683991 0.02817672 0.00506043 0.02606021 0.04822713 0.03950072 0.01200571 0.02989842 0.27967116 0.05190723 0.01430821 0.03427072 0.01664741 0.03443982 0.04313702 0.01230941 0.19154511 0.04545603
171 0.07331858 0.20307294 0.03112869 0.03793299 0.01746499 0.02151559 0.06918228 0.03966219 0.01616260 0.06321748 0.06830028 0.03817789 0.03074129 0.04306299 0.05056858 0.05254538 0.04277829 0.01235360 0.02765709 0.06115628
172 0.04527829 0.01839020 0.02518120 0.01629580 0.00778987 0.01702140 0.03079200 0.03330719 0.00771181 0.19243597 0.22971896 0.02168200 0.03689029 0.03015180 0.01036280 0.05439879 0.03264609 0.00294038 0.02302220 0.16398297
173 0.06026280 0.04027340 0.03223160 0.19080600 0.01269540 0.05231770 0.04991700 0.05308890 0.01937840 0.06580270 0.08021570 0.05494860 0.02820180 0.04501590 0.02223430 0.04114240 0.04242630 0.01091840 0.02465720 0.07346550
174 0.05586397 0.05740927 0.03554198 0.03590268 0.01683069 0.02411429 0.22850087 0.03539138 0.03445238 0.06643186 0.10168194 0.03651188 0.02437809 0.04501727 0.02089849 0.04480497 0.02804328 0.00922466 0.03485368 0.06414636
175 0.05892298 0.04067188 0.03322029 0.18950992 0.01201990 0.05278548 0.05044048 0.05517698 0.01895329 0.06495877 0.07852957 0.05459148 0.02886159 0.04664288 0.02180399 0.04128628 0.04125368 0.01134050 0.02364079 0.07538927
176 0.06468192 0.04504432 0.02325481 0.15983505 0.01812081 0.03347431 0.02229821 0.03204121 0.01088940 0.05152492 0.06127482 0.05402832 0.03418011 0.03288551 0.12635704 0.05389582 0.04858202 0.00911596 0.01909161 0.09942383
177 0.04372020 0.03506840 0.03852820 0.04129690 0.00887801 0.02275070 0.04050930 0.05042720 0.02104750 0.05725130 0.07578620 0.05474020 0.02124280 0.03732400 0.02171740 0.08756750 0.02930590 0.00768610 0.02436320 0.28078900
178 0.15607009 0.03280312 0.02850152 0.03000902 0.12599607 0.03526562 0.04395113 0.03359342 0.01612411 0.08175905 0.06896264 0.03140872 0.02078231 0.02335721 0.02947442 0.04933473 0.03538782 0.00837793 0.01896101 0.12988007
179 0.05980470 0.02460840 0.03865070 0.05623730 0.01546930 0.10154900 0.22080000 0.04173810 0.02110560 0.07569680 0.08239040 0.04986400 0.01150190 0.03879390 0.01284740 0.03486340 0.02141150 0.00613659 0.03059200 0.05593900
