1 0.04160939 0.01949739 0.06746338 0.01809989 0.00645730 0.01183560 0.02842199 0.03266549 0.01013520 0.10141797 0.20511394 0.02737459 0.09026847 0.03186849 0.02577139 0.05690108 0.02910819 0.00414821 0.03206409 0.15977795
2 0.06475949 0.06247779 0.04233379 0.02579730 0.02082120 0.03898170 0.03808330 0.04288509 0.01318600 0.06464639 0.08537369 0.04646869 0.03835880 0.03571860 0.16056598 0.06590719 0.05535039 0.00929892 0.02495590 0.06402979
3 0.03169439 0.02498410 0.05668229 0.14122198 0.00826346 0.06111119 0.04385529 0.22306396 0.01838680 0.05701499 0.05163289 0.06354779 0.00989077 0.07450999 0.01134790 0.02568670 0.02220890 0.00466283 0.03060270 0.03963109
4 0.04307989 0.03842629 0.04877569 0.03051789 0.00854163 0.02110250 0.05101889 0.03242629 0.02149300 0.05837529 0.07720718 0.04724459 0.02889189 0.03537549 0.01862830 0.07144758 0.02681739 0.00806859 0.02479469 0.30776693
5 0.04597218 0.02745839 0.03476329 0.15098894 0.01249410 0.04324578 0.05610238 0.03822618 0.02520429 0.14266294 0.05683538 0.11956295 0.01197210 0.04290688 0.01242330 0.04341468 0.03472949 0.01098300 0.01776749 0.07228627
6 0.05928661 0.02983461 0.03017681 0.11946002 0.01441400 0.05001351 0.05192761 0.02994221 0.01657030 0.16069103 0.05234321 0.05023661 0.01553320 0.02831571 0.01792910 0.14207703 0.04517581 0.00788462 0.01812210 0.06006591
7 0.07531257 0.02668809 0.01659579 0.02192279 0.01388189 0.02083459 0.02947839 0.04643958 0.01225730 0.08384907 0.08851157 0.03035389 0.02646999 0.02613069 0.02662049 0.30113389 0.03139389 0.00849897 0.02864149 0.08498507
8 0.07056010 0.02538670 0.02602470 0.03738450 0.01109320 0.03299750 0.04128050 0.05959470 0.01550550 0.18109301 0.15940700 0.03103740 0.03269300 0.03147400 0.02131000 0.08188040 0.03393270 0.00375877 0.02256680 0.08101950
9 0.04420270 0.03324230 0.02421490 0.03402900 0.01293730 0.03096290 0.18443900 0.02385060 0.01703790 0.04868400 0.09256290 0.14403400 0.01704030 0.07836720 0.01632320 0.03657030 0.02594790 0.01425150 0.05973620 0.06156590
10 0.03529470 0.04143660 0.01157140 0.01781280 0.00422581 0.01432770 0.06049909 0.02596480 0.01161900 0.04006160 0.21535798 0.06297069 0.04359030 0.03029180 0.01567220 0.04248880 0.02586430 0.01092620 0.23618197 0.05384229
11 0.03343268 0.03927818 0.03123318 0.02912609 0.00480246 0.02200799 0.05923847 0.04191028 0.03621698 0.03535648 0.06863807 0.13766193 0.02174199 0.13489193 0.01662839 0.03256358 0.03170108 0.00984964 0.16166592 0.05205467
12 0.08485098 0.04629629 0.03570999 0.04392939 0.00864605 0.03725939 0.04987939 0.07137648 0.02508349 0.05893419 0.06220269 0.07498958 0.02019680 0.16842396 0.02282669 0.04569349 0.04154969 0.00768467 0.02858679 0.06587999
13 0.03931490 0.03394930 0.08792651 0.16848701 0.01680260 0.06702751 0.05009960 0.09625441 0.01696340 0.06401391 0.04382380 0.10368801 0.01013090 0.05906700 0.01276260 0.02579590 0.02224030 0.00980122 0.02271160 0.04913950
14 0.05656497 0.04056798 0.03452678 0.15850991 0.01679909 0.04667847 0.11671493 0.04086838 0.02381889 0.06497306 0.06193716 0.11386894 0.01060619 0.04566287 0.00982236 0.03593048 0.03300648 0.01701809 0.02250999 0.04961497
15 0.07784055 0.22193813 0.02888462 0.04180463 0.01313021 0.02286371 0.06092564 0.03005562 0.01661951 0.06123734 0.05566123 0.03980892 0.03631182 0.04310813 0.04534213 0.05149993 0.03975432 0.01066011 0.02960702 0.07294644
16 0.03194841 0.02700261 0.04262241 0.07363223 0.00963504 0.04602252 0.03736571 0.21792008 0.02367761 0.06100512 0.05129132 0.10905904 0.01607731 0.07887763 0.01755381 0.02891861 0.03447791 0.00486511 0.03641861 0.05162892
17 0.04813561 0.03194600 0.03163230 0.03300470 0.00958256 0.02814890 0.03002980 0.04401831 0.01890910 0.16319702 0.09373931 0.04045111 0.02604000 0.04224151 0.02014770 0.06635551 0.02910660 0.00520800 0.02433990 0.21376603
18 0.06740687 0.15416694 0.02927439 0.05276408 0.01637989 0.09083446 0.04963188 0.03196779 0.01147970 0.04889748 0.04108528 0.14051494 0.02535859 0.05199808 0.02890129 0.03444849 0.04917258 0.00920001 0.02704539 0.03947188
19 0.05223141 0.02557750 0.13091802 0.03967940 0.01067450 0.02232840 0.25230903 0.04200481 0.01701990 0.05028701 0.11571901 0.02898190 0.02029380 0.02989770 0.01812890 0.02718680 0.02804820 0.00823138 0.01935090 0.06113141
20 0.03225918 0.02677239 0.03563808 0.01473589 0.00621640 0.01173439 0.03476058 0.05284707 0.00801992 0.07570446 0.23376387 0.02501989 0.10823294 0.01744729 0.09613205 0.09746845 0.03191218 0.00446502 0.02940408 0.05746587
21 0.07673108 0.02823849 0.01657470 0.02151069 0.01421100 0.02104959 0.03046069 0.04776869 0.01188540 0.08471218 0.08767087 0.02923359 0.02569009 0.02583059 0.02582659 0.29654891 0.03156679 0.00888719 0.02840569 0.08719717
22 0.05583598 0.02478429 0.03095039 0.03588259 0.01014840 0.02291429 0.05657498 0.05035918 0.01701539 0.06102258 0.29112989 0.03378489 0.02597439 0.03293869 0.02436409 0.06281418 0.04506398 0.00597969 0.03564889 0.07681327
23 0.04106882 0.08411874 0.01672201 0.03171431 0.00658268 0.02712301 0.05272122 0.02135831 0.01684101 0.04814052 0.18514408 0.12321705 0.04281462 0.04618032 0.02108381 0.03105071 0.03391121 0.01294121 0.10104404 0.05622232
24 0.06908352 0.02061951 0.02839111 0.03927811 0.01426550 0.02853631 0.03615941 0.24806109 0.02753431 0.08373203 0.08054363 0.03335771 0.02529771 0.04786952 0.01846181 0.05218822 0.06353362 0.00456815 0.02436031 0.05415842
25 0.09820708 0.03308599 0.03148649 0.04701609 0.01762320 0.04350799 0.03879969 0.06977559 0.01860810 0.19589197 0.06924849 0.04018469 0.02340990 0.03581629 0.02184920 0.07948189 0.03530099 0.00683546 0.02375230 0.07011859
26 0.28387109 0.03804741 0.03443731 0.02879361 0.01852491 0.03247771 0.03742131 0.06558452 0.02412491 0.07403292 0.05955682 0.03302181 0.01992571 0.04613151 0.02090461 0.06355572 0.04173931 0.01309610 0.02280691 0.04194581
27 0.05612712 0.04349381 0.03719711 0.02124821 0.00953404 0.01679290 0.02493261 0.05719262 0.01247250 0.15154504 0.10532603 0.02703161 0.15175904 0.03049741 0.03488271 0.07544512 0.03599111 0.00655969 0.02544741 0.07652392
28 0.05867315 0.05352175 0.04315784 0.03716113 0.01265841 0.02622682 0.20491318 0.04256124 0.02203012 0.05277655 0.10206509 0.04918224 0.01936442 0.04412714 0.02066332 0.04555954 0.03729863 0.01135671 0.04105594 0.07564677
29 0.04252530 0.03186830 0.03260630 0.03099790 0.00931040 0.02455930 0.03247290 0.03983070 0.02002140 0.15733001 0.08137090 0.04191140 0.02414580 0.03868510 0.01785910 0.06370300 0.02639920 0.00530495 0.02233600 0.25676201
30 0.04225001 0.13893904 0.02865481 0.03206541 0.01678010 0.02697931 0.18237205 0.02312311 0.01871101 0.11823703 0.06373982 0.04617281 0.01896311 0.03453621 0.02132491 0.04430151 0.03143401 0.00746251 0.02499841 0.07895482
31 0.06818747 0.02060759 0.02881959 0.03926669 0.01429079 0.03080719 0.03505529 0.24922491 0.02740309 0.08351577 0.07982787 0.03396129 0.02458629 0.04780318 0.01806739 0.05311758 0.06270198 0.00473627 0.02438319 0.05363658
32 0.05046486 0.03815847 0.03654777 0.03417248 0.01025329 0.02328158 0.04593077 0.03341948 0.02084599 0.06136736 0.09160344 0.04435467 0.02527438 0.04011707 0.02911238 0.05475996 0.10734792 0.01219109 0.02843618 0.21236085
33 0.05642648 0.02240829 0.02402239 0.03129769 0.00855712 0.02596499 0.04073309 0.05530408 0.01400450 0.17719795 0.21400994 0.02558079 0.03530459 0.02881259 0.02203809 0.07503598 0.03273439 0.00293227 0.01946939 0.08816537
34 0.08996108 0.30361594 0.02416980 0.02331680 0.01033720 0.01602770 0.03979909 0.02147180 0.01123200 0.04657329 0.03056729 0.02097890 0.03080679 0.03597779 0.15804897 0.04047959 0.02830639 0.00680759 0.01606310 0.04545889
35 0.05703482 0.03640361 0.04911472 0.04715122 0.00650245 0.03224411 0.05235292 0.08127643 0.02459541 0.04934302 0.04492592 0.07206743 0.01459411 0.15706606 0.01912771 0.04173222 0.04838872 0.00625206 0.10609204 0.05373502
36 0.10376401 0.03147200 0.03022100 0.04528030 0.01233720 0.01520500 0.05455611 0.08924341 0.10885201 0.07416431 0.08084561 0.04734400 0.02293350 0.05289761 0.01656530 0.04948920 0.04236030 0.01277090 0.02280240 0.08689581
37 0.07557703 0.02756821 0.01625371 0.02089241 0.01315021 0.02057421 0.02973041 0.04706892 0.01192121 0.08344594 0.08967994 0.02984681 0.02595131 0.02739801 0.02500971 0.30244414 0.03064601 0.00842255 0.02899921 0.08542004
38 0.05909387 0.04293408 0.02219839 0.02487059 0.00875264 0.02188539 0.05905197 0.03962388 0.01461769 0.05545598 0.10760095 0.05894837 0.03202389 0.04020268 0.01810609 0.06243437 0.04208968 0.00932259 0.21979591 0.06099097
39 0.04412190 0.12271700 0.02100810 0.03336510 0.01586360 0.02356700 0.06098680 0.02125430 0.06840230 0.04886330 0.04365860 0.11413300 0.01943770 0.05915960 0.02163610 0.10695400 0.03417510 0.01299850 0.02904700 0.09865100
40 0.05688093 0.03610822 0.04966963 0.04694442 0.00675927 0.03297752 0.04912713 0.08359854 0.02471001 0.05066533 0.04387672 0.07178834 0.01453601 0.15764508 0.01833231 0.04173142 0.04829752 0.00625662 0.10581305 0.05428193
41 0.08727550 0.02734250 0.02616530 0.07962920 0.02795390 0.17329000 0.03691180 0.05452530 0.00848978 0.09329620 0.06842350 0.04746700 0.01631970 0.04564760 0.03065130 0.05041200 0.03346830 0.00661261 0.02167320 0.06444530
42 0.13296299 0.03307390 0.02659530 0.03155870 0.01473720 0.03633480 0.03988000 0.02973950 0.01661650 0.06830809 0.05679549 0.11064399 0.01987960 0.04017020 0.01987620 0.18276798 0.02838400 0.01466020 0.02777600 0.06923939
43 0.07010559 0.05424799 0.02091440 0.02353960 0.00680371 0.01757870 0.06445499 0.02029140 0.01479730 0.02841070 0.11853299 0.07445499 0.04727309 0.02828900 0.01872540 0.04055310 0.04155720 0.06247609 0.20515798 0.04183580
44 0.04694914 0.01742361 0.03311883 0.03245413 0.01026481 0.02066572 0.04212993 0.03537103 0.01592201 0.07606716 0.29487523 0.02807102 0.02380102 0.03518223 0.01942802 0.05240794 0.03737573 0.00395782 0.02496152 0.14957312
45 0.08344893 0.03597991 0.03216221 0.04326661 0.00891120 0.03821181 0.04324441 0.06255842 0.01865731 0.13761705 0.06900152 0.06189702 0.02057651 0.14733505 0.01967991 0.04539701 0.03201431 0.00412227 0.02076901 0.07514952
46 0.05610380 0.02481720 0.03198170 0.03535160 0.01012750 0.02148150 0.05617720 0.05038290 0.01669860 0.06012260 0.29269599 0.03540600 0.02625420 0.03368270 0.02339790 0.06216860 0.04595940 0.00608025 0.03585000 0.07526040
47 0.08742958 0.02762270 0.02689390 0.07498889 0.02919199 0.17502197 0.03793949 0.05367239 0.00868064 0.09324978 0.06665469 0.04805709 0.01622840 0.04346109 0.03240839 0.05202879 0.03292599 0.00692174 0.02257280 0.06404969
48 0.11713097 0.03647639 0.03743029 0.02909409 0.00926405 0.02501809 0.04424819 0.02878379 0.02425579 0.05752809 0.07466898 0.04182699 0.02604889 0.03527369 0.02160269 0.06630028 0.03171069 0.01126360 0.02210449 0.25996994
49 0.04361317 0.08811344 0.01571089 0.01777409 0.00915463 0.01765269 0.02978688 0.14495791 0.01025059 0.04408987 0.05962746 0.02632878 0.02501278 0.04450317 0.02461518 0.14065891 0.18773488 0.01034149 0.02548988 0.03458328
50 0.06548499 0.04458999 0.03153239 0.21160396 0.01531890 0.04042509 0.11714098 0.03735429 0.03073349 0.06779639 0.07615328 0.05342899 0.01220510 0.03057189 0.00980961 0.03311479 0.04148029 0.01493600 0.01545190 0.05086769
51 0.04698808 0.03367069 0.03076579 0.03372089 0.00970772 0.02778299 0.03367359 0.04260608 0.01928269 0.16293493 0.09193396 0.04147328 0.02690749 0.04102088 0.02064589 0.06672117 0.02925239 0.00558159 0.02421699 0.21111291
52 0.06059911 0.03631440 0.02772890 0.07366611 0.01260160 0.02142600 0.17902202 0.04407900 0.11113501 0.05665381 0.06928841 0.04304460 0.01374700 0.03842160 0.01329090 0.04422150 0.03449950 0.01460870 0.01666980 0.08898201
53 0.10102200 0.03366780 0.03205740 0.04634330 0.01779220 0.04369590 0.04011440 0.07109830 0.01948280 0.19509099 0.06846240 0.03935780 0.02183890 0.03514410 0.02126590 0.07907750 0.03521660 0.00692424 0.02432480 0.06802270
54 0.23084212 0.03029802 0.15970908 0.01862961 0.01139641 0.01788831 0.04373212 0.05658493 0.02077361 0.06396913 0.06389973 0.02549131 0.02057951 0.03875232 0.02398561 0.05072353 0.03359942 0.01252841 0.02271601 0.05390083
55 0.28343803 0.03736030 0.03564320 0.02981810 0.01794100 0.03301410 0.03800410 0.06667591 0.02408340 0.07448621 0.05876781 0.03292200 0.01906650 0.04449510 0.02088350 0.06248871 0.04258420 0.01379920 0.02263120 0.04189740
56 0.05175133 0.02079711 0.02333551 0.02913352 0.00915057 0.03002002 0.02986722 0.04829923 0.01421981 0.18467511 0.17486810 0.02826502 0.03214912 0.03740342 0.01873571 0.05879573 0.03341342 0.00301175 0.02298221 0.14912609
57 0.07476740 0.02687140 0.01601750 0.02130700 0.01419810 0.02125240 0.02980320 0.04594190 0.01190850 0.08593920 0.08866510 0.02897640 0.02598150 0.02702230 0.02562540 0.30198801 0.03091390 0.00840027 0.02825190 0.08616860
58 0.05448629 0.03445070 0.02703430 0.03378610 0.01307920 0.02172820 0.03926090 0.04220350 0.01942940 0.07812379 0.11664899 0.04012460 0.02507700 0.04196110 0.03071160 0.03890210 0.15270698 0.01137590 0.02865140 0.15025798
59 0.05100348 0.04282849 0.03304689 0.02062609 0.00885689 0.01464410 0.02054789 0.06197728 0.01104270 0.18319194 0.10882597 0.02268669 0.15498195 0.02597509 0.03333449 0.07652288 0.03286369 0.00446872 0.02486699 0.06770778
60 0.05934242 0.04050891 0.03020291 0.04817081 0.01251310 0.03557271 0.05761382 0.04274451 0.02187871 0.06408682 0.07909912 0.15370705 0.02530551 0.07350222 0.02587281 0.05029482 0.03872771 0.01308310 0.04438121 0.08339173
61 0.05380605 0.03754693 0.02654662 0.02133242 0.01841012 0.02072912 0.02897433 0.05862915 0.02305222 0.05604405 0.05911495 0.05048975 0.12352411 0.11330410 0.02444792 0.05153635 0.13230212 0.02327632 0.02429552 0.05263785
62 0.05469869 0.05135059 0.03411219 0.06616799 0.01874490 0.11418598 0.04901799 0.05226739 0.01035000 0.06216399 0.05529359 0.15802897 0.01595720 0.06527439 0.02837749 0.04139999 0.03519439 0.00935829 0.02958839 0.04846759
63 0.09949739 0.03373220 0.03089920 0.04682209 0.01726870 0.04328859 0.04035850 0.07032849 0.01908170 0.19476398 0.06979429 0.04057280 0.02194780 0.03451490 0.02171600 0.08023639 0.03562140 0.00694582 0.02366140 0.06894839
64 0.07101709 0.02897860 0.20439197 0.03224599 0.01081130 0.02166840 0.05754089 0.04307589 0.01698720 0.05979359 0.08956249 0.03640029 0.04529269 0.03977489 0.02814540 0.03898099 0.03065780 0.00944196 0.02439260 0.11083998
65 0.07885604 0.01996171 0.09391575 0.03161232 0.00842199 0.01049381 0.04358502 0.02944582 0.07770384 0.05524363 0.20871912 0.02097991 0.02791202 0.02484871 0.02390911 0.02959282 0.11680407 0.00661465 0.01783761 0.07354204
66 0.05658001 0.05134851 0.04428020 0.03825270 0.01346770 0.02542380 0.20703602 0.04374340 0.02196710 0.05382301 0.10106001 0.04796600 0.02040690 0.04279020 0.02037850 0.04643960 0.03664640 0.01098640 0.04144040 0.07596311
67 0.06820899 0.04573820 0.03213420 0.18240298 0.01490540 0.04162290 0.12425499 0.04293610 0.02765450 0.06617859 0.07890079 0.05485499 0.01252550 0.03281550 0.01085480 0.03656040 0.04041600 0.01489390 0.01731380 0.05482749
68 0.35706015 0.00760169 0.01449301 0.00678901 0.09633004 0.01916771 0.01031060 0.06437143 0.01251351 0.08098433 0.01950061 0.01113960 0.00479402 0.01339381 0.02196501 0.18849508 0.03711582 0.00495267 0.01410641 0.01491551
69 0.06633831 0.03874271 0.02486830 0.03488841 0.01673370 0.02439440 0.04183131 0.08771482 0.01884330 0.05413571 0.08764592 0.04086171 0.02647631 0.04352521 0.03139801 0.05535101 0.21321004 0.01127020 0.03099381 0.05077681
70 0.05044535 0.02876727 0.03540147 0.01853398 0.00808515 0.01552899 0.01912878 0.04463166 0.01045509 0.18600082 0.11043789 0.02486248 0.09833061 0.03258527 0.02850377 0.06119044 0.03187287 0.00373040 0.02484088 0.16666684
71 0.04867812 0.10813004 0.03699521 0.04270782 0.01833351 0.09868844 0.05148362 0.02395031 0.01071190 0.05446562 0.04169172 0.13676505 0.01562831 0.04791492 0.03013591 0.10215504 0.04773132 0.01058680 0.02418361 0.04906272
72 0.05877829 0.02034940 0.03005200 0.19497197 0.02087700 0.17740598 0.04301329 0.03419800 0.01126620 0.08258119 0.05196629 0.05112579 0.00725116 0.03247010 0.01320020 0.08296179 0.02179920 0.00649428 0.01328600 0.04595189
73 0.05705563 0.05170123 0.04401562 0.03847092 0.01295121 0.02596081 0.20768510 0.04353082 0.02213421 0.05275243 0.10191105 0.04882682 0.01989881 0.04464062 0.02046321 0.04635362 0.03681792 0.01179211 0.03803362 0.07500424
74 0.05096511 0.04113051 0.02836161 0.04111801 0.01949720 0.08964232 0.14680303 0.03267391 0.01698260 0.06344121 0.06394431 0.05819051 0.01226280 0.04007911 0.02641831 0.13104903 0.03586291 0.01090090 0.02656811 0.06410851
75 0.08477549 0.03533580 0.03281760 0.04457160 0.00891147 0.03977140 0.04185090 0.06193239 0.01811490 0.13775099 0.06764619 0.05949869 0.01982820 0.14944099 0.01966830 0.04518300 0.03199130 0.00424413 0.02100970 0.07565699
76 0.28251089 0.03778498 0.03549569 0.02906039 0.01824249 0.03359329 0.03802058 0.06511017 0.02452819 0.07623277 0.05778068 0.03304949 0.01977759 0.04441608 0.02128429 0.06408397 0.04079048 0.01268889 0.02328739 0.04226168
77 0.05004640 0.02163730 0.02670110 0.03479130 0.01031360 0.01623960 0.04195210 0.05647360 0.01886580 0.05039430 0.27567701 0.02515120 0.02039140 0.02548400 0.02822130 0.04700840 0.15573500 0.00518307 0.02155370 0.06817980
78 0.06595782 0.01846601 0.02855551 0.16648105 0.02157291 0.19186606 0.04081071 0.03364381 0.00962438 0.08258772 0.05152552 0.04709911 0.00687501 0.03218821 0.01612820 0.09557933 0.02396971 0.00626191 0.01375150 0.04705551
79 0.32748208 0.01287830 0.02312471 0.01127630 0.03160711 0.01565920 0.02124521 0.09216792 0.01881910 0.05654691 0.03448441 0.01530030 0.00949876 0.02557301 0.01093360 0.14644704 0.08411842 0.01028180 0.02997701 0.02257881
80 0.35586578 0.00736087 0.01405949 0.00649663 0.09835924 0.01901079 0.01025669 0.06358446 0.01234329 0.08228485 0.01850639 0.01101609 0.00464786 0.01314049 0.02161379 0.19011188 0.03673888 0.00503446 0.01434869 0.01521939
81 0.04838081 0.03446951 0.02337151 0.04020701 0.01234760 0.03195921 0.13566704 0.02988231 0.01759591 0.05260852 0.08855023 0.15793005 0.01907001 0.07961282 0.01849221 0.03931951 0.02935581 0.01524210 0.05689362 0.06904422
82 0.05862795 0.02809622 0.01783761 0.02493082 0.01174901 0.02199042 0.02498942 0.03424123 0.01241401 0.17229013 0.06975785 0.03436213 0.02300672 0.02743012 0.02514652 0.22196117 0.03291083 0.00557562 0.02292112 0.12976110
83 0.04115600 0.03182530 0.02093750 0.02313180 0.00531966 0.02105940 0.06160140 0.03512450 0.01292290 0.05998020 0.17415300 0.06389270 0.02978990 0.09230290 0.01693100 0.03943610 0.03785540 0.00785696 0.14941100 0.07531240
84 0.06074712 0.04104051 0.03534311 0.07825443 0.02388581 0.14390505 0.04283981 0.05902032 0.00895615 0.07184083 0.05601962 0.11416804 0.01474881 0.05559212 0.02970721 0.04484182 0.03321501 0.00799600 0.02590161 0.05197662
85 0.06263363 0.04541932 0.03928842 0.12851205 0.01371191 0.03029021 0.18366107 0.04626412 0.02656691 0.06013222 0.09230214 0.04504802 0.01332831 0.03342731 0.01213770 0.03935152 0.03647731 0.01310251 0.01956761 0.05877772
86 0.04639601 0.01764160 0.03305561 0.03195621 0.01024210 0.02124460 0.04209651 0.03616841 0.01609150 0.07528171 0.29320606 0.02920581 0.02262270 0.03669601 0.01989480 0.05337371 0.03604391 0.00394281 0.02612490 0.14871503
87 0.04318279 0.03275539 0.03012829 0.03130239 0.00890596 0.02376609 0.03247199 0.03687589 0.02035509 0.15558795 0.08341138 0.04347479 0.02456119 0.03910639 0.01841069 0.06449428 0.02640589 0.00527063 0.02331099 0.25622193
88 0.04817737 0.19521588 0.02244509 0.02564798 0.01341879 0.01784809 0.05731887 0.02724518 0.01578289 0.06454476 0.05676237 0.02960788 0.02793998 0.03959428 0.03873018 0.15242891 0.04429707 0.01476309 0.02288409 0.08534725
89 0.07617692 0.02897651 0.01683461 0.02112161 0.01329270 0.02053051 0.03004191 0.04781411 0.01243440 0.08273713 0.08953673 0.02909991 0.02603231 0.02663221 0.02618701 0.29968109 0.03013691 0.00903869 0.02857481 0.08511993
90 0.04690860 0.03569230 0.08850201 0.17375802 0.01698170 0.05801941 0.04644260 0.08131961 0.01930220 0.07536941 0.06541421 0.05914821 0.01598260 0.05142751 0.01702680 0.02718710 0.02867040 0.01027290 0.02189430 0.06068011
91 0.04288119 0.03937859 0.04708119 0.03089379 0.00878751 0.02011300 0.05027039 0.03450389 0.02230619 0.05886599 0.07747418 0.04856819 0.02945689 0.03615839 0.01816390 0.06941808 0.02590119 0.00814982 0.02524569 0.30638193
92 0.05464211 0.02532611 0.03142711 0.03538961 0.00984471 0.02263471 0.05686321 0.05049861 0.01615180 0.06265332 0.29306607 0.03405931 0.02673561 0.03371791 0.02343131 0.06273072 0.04380951 0.00587124 0.03458321 0.07656382
93 0.05908711 0.04105380 0.02940270 0.04894110 0.01370330 0.03632720 0.05615631 0.04344370 0.02204970 0.06525441 0.07792661 0.15590702 0.02604510 0.07362831 0.02443300 0.05056371 0.03762500 0.01312480 0.04322720 0.08209991
94 0.05066903 0.01934011 0.02047261 0.02711922 0.00908386 0.02935852 0.02632902 0.05152493 0.01261981 0.20687012 0.16248009 0.02751992 0.03286312 0.03496882 0.01802511 0.05727873 0.03392602 0.00257048 0.02338741 0.15359309
95 0.07084355 0.02969092 0.20622513 0.03159602 0.01038371 0.02164821 0.05654364 0.04210823 0.01660111 0.05983404 0.08740586 0.03554672 0.04452123 0.04079683 0.02928792 0.03941053 0.03005722 0.00987607 0.02416402 0.11345907
96 0.05753021 0.04134290 0.03058440 0.04843670 0.01304130 0.03439290 0.05561501 0.04539710 0.02274600 0.06539391 0.07927301 0.15265402 0.02570270 0.07224861 0.02452410 0.04914550 0.03946850 0.01276310 0.04248530 0.08725471
97 0.05019900 0.01950550 0.02082080 0.02674230 0.00899158 0.02870580 0.02519130 0.05024430 0.01233840 0.20897799 0.16295999 0.02652300 0.03397930 0.03466890 0.01828090 0.05607230 0.03333360 0.00227497 0.02279910 0.15739099
98 0.05557278 0.02471129 0.03227899 0.03473889 0.00959818 0.02264419 0.05888788 0.05010858 0.01719149 0.06177238 0.28977790 0.03472559 0.02591329 0.03425009 0.02279029 0.06228438 0.04453978 0.00579256 0.03707639 0.07534507
99 0.06241053 0.02387157 0.25513872 0.01636708 0.00996993 0.01640538 0.03390376 0.02934417 0.01175169 0.04556105 0.08263661 0.03158427 0.05061164 0.03167257 0.02892307 0.08382151 0.03021547 0.00968575 0.01700638 0.12911886
100 0.04117683 0.03530862 0.02046381 0.02739732 0.01255421 0.03053172 0.17054912 0.02191602 0.01558051 0.04822003 0.09093706 0.17040712 0.01729461 0.08677856 0.01699621 0.03485592 0.02535172 0.01382411 0.06080444 0.05905204
101 0.05606620 0.05248060 0.04442300 0.03809320 0.01344070 0.02498580 0.20476200 0.04174100 0.02256000 0.05331770 0.10450400 0.04877550 0.02020980 0.04457640 0.02007360 0.04559990 0.03584350 0.01113300 0.04149550 0.07591860
102 0.05741728 0.04565649 0.02211949 0.04145759 0.01522630 0.03027909 0.04465969 0.03936239 0.01952399 0.05805948 0.06615978 0.15980495 0.02464659 0.06268068 0.03642209 0.04138639 0.12573796 0.01576880 0.03420849 0.05942248
103 0.05547569 0.02661220 0.03210139 0.03537449 0.00959150 0.02191720 0.05774629 0.04890789 0.01715050 0.06128959 0.29016295 0.03600239 0.02667660 0.03308079 0.02311700 0.06180039 0.04387329 0.00605496 0.03741339 0.07565149
104 0.18270298 0.01471820 0.01751450 0.01396170 0.06773619 0.01957570 0.02271940 0.14770098 0.01592890 0.07831949 0.05697929 0.01769380 0.01713690 0.02017010 0.01863070 0.18417398 0.05036619 0.00466052 0.01646930 0.03284120
105 0.28276308 0.03386901 0.03704091 0.04488421 0.00951831 0.02841271 0.12875504 0.05568512 0.01910601 0.04956771 0.05159841 0.04039461 0.01303720 0.03976961 0.01115700 0.03388411 0.04596441 0.02528311 0.02088981 0.02841961
106 0.06303566 0.04717037 0.03882178 0.12927292 0.01311779 0.03016888 0.18141089 0.04600897 0.02598938 0.05991886 0.09004275 0.04642287 0.01396579 0.03369518 0.01255159 0.03904748 0.03755208 0.01329559 0.02039109 0.05812007
107 0.10103502 0.03408691 0.03117471 0.04752111 0.01803920 0.04378611 0.03942821 0.07016172 0.01969580 0.19439205 0.07020272 0.03965861 0.02263991 0.03347481 0.02165531 0.07888582 0.03433951 0.00672976 0.02444951 0.06864322
108 0.10697602 0.04529511 0.03943941 0.05053971 0.01216340 0.02578291 0.06340771 0.02956081 0.02528141 0.04670171 0.04770141 0.05998551 0.03568211 0.03549001 0.02494720 0.07112121 0.05972141 0.13510903 0.02351280 0.06158111
109 0.04757780 0.02455770 0.03782560 0.01893300 0.00778984 0.01657210 0.01879300 0.03971510 0.01065240 0.18270999 0.10957499 0.02575390 0.07758919 0.03460400 0.02383760 0.05337180 0.03061750 0.00348834 0.02491020 0.21112598
110 0.06045411 0.05628491 0.05238421 0.02263820 0.01741030 0.02037830 0.03343901 0.04682251 0.01601830 0.06629681 0.08936062 0.04163121 0.16950703 0.03410181 0.03567341 0.06202311 0.04992071 0.01621000 0.03363251 0.07581292
111 0.06979576 0.02308212 0.13176612 0.02148502 0.00992143 0.02080422 0.04189094 0.03752013 0.01824652 0.04417824 0.19702818 0.02888753 0.03684193 0.02299832 0.03071763 0.12205211 0.04889675 0.00676106 0.01645412 0.07067187
112 0.06455889 0.03473209 0.03091279 0.02455670 0.01012330 0.02200720 0.04752409 0.04257139 0.07665069 0.04170539 0.21286696 0.03782669 0.02136070 0.02524080 0.10062098 0.04425489 0.06418069 0.00757907 0.02936270 0.06136399
113 0.07623257 0.02750859 0.01749629 0.02143549 0.01399589 0.02176689 0.03031849 0.04727838 0.01191360 0.08279867 0.08984947 0.02956139 0.02642429 0.02675329 0.02528949 0.29978589 0.03100959 0.00832727 0.02860769 0.08364677
114 0.08761972 0.02787221 0.02647871 0.07856282 0.02891211 0.17601505 0.03720661 0.05402441 0.00855269 0.09218922 0.06647502 0.04765841 0.01508330 0.04441971 0.03210411 0.05142781 0.03338951 0.00712764 0.02189171 0.06298922
115 0.04252049 0.04033579 0.04555119 0.03190319 0.00921816 0.02208750 0.04902329 0.03406959 0.02196350 0.05931289 0.07757879 0.04878709 0.02914650 0.03603339 0.01956310 0.07148649 0.02663160 0.00732141 0.02303610 0.30442995
116 0.07971552 0.04759651 0.02690591 0.02930191 0.09222332 0.04420941 0.04786651 0.03875911 0.01759200 0.06249351 0.04900121 0.04990991 0.02396300 0.09714102 0.03284741 0.13250803 0.04449671 0.01093950 0.02378070 0.04874881
117 0.08848498 0.02818669 0.02652989 0.07740928 0.02756989 0.17460595 0.03726729 0.05505628 0.00861418 0.09234917 0.06695588 0.04735089 0.01653490 0.04537369 0.03240209 0.05009119 0.03207509 0.00688750 0.02275509 0.06350008
118 0.04608944 0.01801131 0.01295141 0.00947961 0.01920382 0.01031511 0.01834861 0.27414822 0.02306792 0.04636154 0.06051085 0.01580011 0.09423598 0.02733522 0.01658121 0.06439465 0.19711116 0.00518280 0.01792581 0.02294522
119 0.05591208 0.02529279 0.03136049 0.03515759 0.01017980 0.02171839 0.05726548 0.05040388 0.01635719 0.06128337 0.29030688 0.03384689 0.02660299 0.03289729 0.02380389 0.06479557 0.04535818 0.00608961 0.03538949 0.07597817
120 0.28273308 0.03853351 0.03423131 0.02860821 0.01844101 0.03300791 0.03703311 0.06503562 0.02476421 0.07495402 0.05969162 0.03358751 0.02005501 0.04439161 0.02052741 0.06278542 0.04182091 0.01373290 0.02295631 0.04310931
121 0.28476503 0.03691610 0.03382030 0.02832200 0.01864770 0.03307530 0.03661320 0.06695681 0.02407910 0.07438121 0.06027681 0.03343420 0.01920620 0.04370340 0.02099600 0.06390081 0.04267950 0.01273710 0.02285800 0.04263120
122 0.05112800 0.02388420 0.04296690 0.08091549 0.01311010 0.10737499 0.03905220 0.22111198 0.01065320 0.08443409 0.04995440 0.05246320 0.01098700 0.06259509 0.01758620 0.02759450 0.02462130 0.00342399 0.02964060 0.04650260
123 0.07881060 0.02994150 0.01926830 0.02448130 0.01660520 0.02369880 0.02543770 0.04813850 0.01199880 0.19858600 0.06158740 0.03195060 0.02548410 0.02776870 0.02009500 0.15532700 0.09896910 0.00594631 0.02375280 0.07215230
124 0.05435958 0.03080949 0.02936619 0.01876689 0.00828585 0.01816389 0.01925159 0.04950938 0.01112810 0.20008793 0.11383696 0.02487429 0.08387397 0.03327439 0.02789889 0.06255348 0.03320109 0.00387569 0.02608439 0.15079795
125 0.03812797 0.02084838 0.04853766 0.02913858 0.00883531 0.02021939 0.03744497 0.03028668 0.01764549 0.07882744 0.18223487 0.03453787 0.02860468 0.03908347 0.01693659 0.05472166 0.02825378 0.00475902 0.02483838 0.25611781
126 0.04112503 0.03205203 0.04256693 0.02548432 0.12612810 0.05354274 0.02898782 0.04127993 0.01361391 0.03178823 0.03474423 0.03737433 0.19881616 0.02648282 0.04427894 0.04812734 0.08708997 0.01678931 0.02042722 0.04930064
127 0.06477979 0.03276789 0.11841598 0.02798509 0.01193280 0.02548799 0.04171159 0.04156109 0.01603190 0.06700499 0.08194728 0.04091409 0.03796229 0.03491539 0.03029049 0.15874797 0.03259669 0.01320010 0.02246040 0.09928618
128 0.07332051 0.03019741 0.20348804 0.03132481 0.01144360 0.02183780 0.05674431 0.04274571 0.01642880 0.05955861 0.08496382 0.03631151 0.04438331 0.04014291 0.03028331 0.04051241 0.03151611 0.01059230 0.02326170 0.11094302
129 0.06098137 0.02228449 0.02620049 0.03570988 0.00925531 0.02504429 0.04896917 0.05067247 0.01556199 0.13777293 0.23529488 0.02947378 0.03053888 0.03150788 0.02174459 0.07099646 0.03719898 0.00363612 0.02114359 0.08601245
130 0.04539340 0.03703530 0.03746690 0.03835250 0.08089669 0.04935740 0.04688970 0.03853060 0.01765230 0.05564259 0.07961529 0.03905930 0.02912320 0.02808450 0.03166590 0.06052519 0.03233380 0.00805030 0.02047820 0.22384698
131 0.07683614 0.22289811 0.02830861 0.04178512 0.01328761 0.02348071 0.06156783 0.03073232 0.01652041 0.06093113 0.05665743 0.04147182 0.03699752 0.04156402 0.04506652 0.05007263 0.03955352 0.01118371 0.03022442 0.07086044
132 0.04720449 0.01759960 0.03417679 0.03157579 0.01042500 0.02093600 0.04151889 0.03622379 0.01574950 0.07550249 0.29291994 0.02784209 0.02388310 0.03631129 0.02044830 0.05324139 0.03659469 0.00428139 0.02571650 0.14784897
133 0.05890362 0.04344271 0.03326231 0.18699506 0.01514560 0.06166182 0.04938421 0.05229242 0.02208831 0.07579132 0.08233772 0.05780752 0.01653800 0.04530021 0.01759921 0.04043061 0.04009021 0.01149240 0.02275891 0.06667782
134 0.09674489 0.01858250 0.01892400 0.01821470 0.00641417 0.01825770 0.02705630 0.02215230 0.01809480 0.09292369 0.18856298 0.03109770 0.02946720 0.04240879 0.01421890 0.05912589 0.03508710 0.00606846 0.11273599 0.14386198
135 0.15050798 0.01911540 0.03279380 0.03002250 0.00853565 0.02338760 0.04478699 0.03782940 0.02460650 0.05696859 0.26887997 0.02778360 0.01867730 0.02810560 0.01730720 0.06372229 0.04297199 0.00652558 0.02625830 0.07121379
136 0.05986248 0.04308009 0.02227099 0.02518029 0.00853900 0.02226149 0.05836348 0.04005069 0.01476640 0.05655898 0.10875196 0.05909058 0.03108399 0.03953209 0.01854539 0.06161758 0.04041119 0.00962043 0.22029793 0.06011498
137 0.05697149 0.02424249 0.03222089 0.03369679 0.00977584 0.02160820 0.05585939 0.04937389 0.01727740 0.06129899 0.29240393 0.03413609 0.02754219 0.03349359 0.02394059 0.06389779 0.04410049 0.00569809 0.03616369 0.07629818
138 0.08391687 0.04513998 0.03551289 0.04568158 0.00875061 0.03753209 0.04962458 0.07204387 0.02612869 0.05862608 0.06123768 0.07427467 0.01990179 0.17209194 0.02126819 0.04504908 0.04080858 0.00814906 0.02951659 0.06474518
139 0.06953851 0.02146830 0.02872700 0.03996170 0.01484420 0.03049800 0.03540910 0.24564903 0.02688350 0.08472481 0.07981391 0.03416550 0.02513750 0.05014921 0.01722570 0.05127521 0.06268341 0.00418759 0.02516870 0.05248911
140 0.05926541 0.02307160 0.02264540 0.03306141 0.00705663 0.03518371 0.04682091 0.03585501 0.01137070 0.13981903 0.18418603 0.05209651 0.02725340 0.11188702 0.01666990 0.04031451 0.03030441 0.00268379 0.01638660 0.10406802
141 0.18016202 0.08547311 0.02132960 0.03168120 0.02622000 0.10076201 0.02863540 0.02550580 0.01433470 0.05197471 0.03303170 0.06295261 0.11852601 0.03481910 0.03343040 0.03884650 0.03955080 0.01281010 0.01848040 0.04147380
142 0.04336699 0.03953699 0.04836768 0.03022569 0.00899761 0.02113239 0.05157528 0.03313739 0.02251539 0.05773808 0.07616997 0.04827838 0.02831209 0.03645619 0.01808429 0.07279768 0.02769389 0.00783043 0.02497169 0.30281190
143 0.06893209 0.02131170 0.02875750 0.03911120 0.01476070 0.03000240 0.03709090 0.24395597 0.02858210 0.08537849 0.07974569 0.03377750 0.02527700 0.04855479 0.01763080 0.05167509 0.06053459 0.00424022 0.02593870 0.05474259
144 0.21927487 0.03195158 0.03010888 0.02906888 0.01820029 0.03873268 0.03766838 0.03580478 0.01937669 0.06446666 0.04707527 0.10150994 0.01810759 0.03905608 0.01701869 0.13597392 0.03357378 0.01762079 0.02481689 0.04059338
145 0.24304025 0.01013341 0.02043552 0.01097341 0.01924802 0.01225131 0.01729312 0.13827814 0.01885522 0.06771637 0.05678056 0.01182471 0.01298241 0.02088582 0.01419281 0.23996425 0.03333503 0.00459566 0.01448662 0.03272733
146 0.04771811 0.01565030 0.02228130 0.02659570 0.00839120 0.02336670 0.03085151 0.03979661 0.01267120 0.16049703 0.23616804 0.02498680 0.03201631 0.03801921 0.01904060 0.05412591 0.03295541 0.00206173 0.02105430 0.15175203
147 0.15664397 0.01141950 0.00966518 0.01122880 0.02005040 0.01308940 0.01354510 0.05076959 0.00824056 0.07203679 0.07287409 0.01624160 0.01223520 0.01436600 0.01507770 0.39510092 0.02153090 0.00503956 0.02751199 0.05333279
148 0.09944489 0.02301440 0.03903059 0.04284579 0.01376550 0.03581320 0.11621898 0.16066598 0.01842430 0.14400898 0.05466039 0.03223550 0.01576940 0.03073120 0.01468850 0.04983399 0.03721570 0.00569783 0.02108110 0.04485379
149 0.06294878 0.02451219 0.02431879 0.03350149 0.00943933 0.03098949 0.03886738 0.05822538 0.01528739 0.19122793 0.17626193 0.02803989 0.03291089 0.02922559 0.02082209 0.07668977 0.03388859 0.00319066 0.02040889 0.08924357
150 0.04175420 0.02868870 0.02898070 0.01663180 0.00561442 0.01038180 0.02436830 0.05966720 0.00929160 0.15510099 0.18506599 0.01934520 0.12758899 0.02702570 0.03420130 0.09024999 0.03008390 0.00265544 0.02369610 0.07960770
151 0.03611241 0.05415292 0.03212181 0.02726961 0.01863571 0.04823472 0.04003042 0.03148011 0.01390121 0.04747152 0.06618083 0.13389005 0.02455161 0.04979362 0.16881707 0.05014252 0.06319013 0.00942760 0.03123081 0.05336532
152 0.07605003 0.22387509 0.02830821 0.04229832 0.01393011 0.02308381 0.06240662 0.03067691 0.01706581 0.06104812 0.05510252 0.04099662 0.03576071 0.04219732 0.04354712 0.04964972 0.03975992 0.01140680 0.03088121 0.07195503
153 0.06542298 0.06297148 0.04226719 0.02609189 0.02007120 0.03919929 0.03828339 0.04174229 0.01295290 0.06239809 0.08539058 0.04637399 0.03748869 0.03639959 0.15959696 0.06875178 0.05492969 0.00990144 0.02444029 0.06532628
154 0.08316151 0.04752810 0.03479340 0.04452660 0.00821686 0.03564370 0.05015730 0.07065581 0.02582720 0.05887750 0.06336601 0.07420051 0.02026470 0.17061901 0.02177640 0.04603690 0.04162480 0.00811676 0.02931130 0.06529561
155 0.25611095 0.01040860 0.01987780 0.00921019 0.02523980 0.01301600 0.01497550 0.12852598 0.02080110 0.11964998 0.05045569 0.01154000 0.01573770 0.01926070 0.01504330 0.18844696 0.03288249 0.00348990 0.01333850 0.03198889
156 0.07307665 0.03101092 0.20202715 0.03273692 0.01098221 0.02208992 0.05507654 0.04154023 0.01628151 0.06135424 0.08755696 0.03538813 0.04398603 0.04141293 0.03068742 0.03894203 0.03245642 0.00940378 0.02269392 0.11129608
157 0.03983083 0.01879181 0.05781144 0.01787411 0.00597221 0.01078411 0.03140302 0.03375372 0.01011721 0.09689227 0.23593317 0.02571322 0.08859526 0.03275442 0.02759762 0.05578424 0.02876272 0.00375709 0.03445942 0.14341210
158 0.03947171 0.03247321 0.06187771 0.13357903 0.00619514 0.05403071 0.03733011 0.14244303 0.01673230 0.04496931 0.02477331 0.07751952 0.00750544 0.13644203 0.01244640 0.02903461 0.02772941 0.00354399 0.07694732 0.03495571
159 0.04698800 0.03056140 0.02595160 0.03091740 0.01096250 0.02933430 0.02627880 0.04992990 0.01684240 0.21611201 0.08436750 0.03787920 0.02439170 0.03586340 0.01849600 0.06034350 0.02917800 0.00439145 0.02407190 0.19713901
160 0.04759043 0.04320012 0.09248525 0.09194985 0.01649961 0.10211705 0.04631462 0.08278174 0.01020501 0.05529073 0.04059592 0.13952707 0.01123111 0.06244913 0.01877761 0.04125652 0.02386741 0.00845397 0.02329101 0.04211582
161 0.06052119 0.04356029 0.02244459 0.02587199 0.00833417 0.02261909 0.05904499 0.04037639 0.01476430 0.05540689 0.10646998 0.05938619 0.03142899 0.04029549 0.01779840 0.06165049 0.04010429 0.00934086 0.21982195 0.06075949
162 0.05956692 0.04272591 0.02300331 0.02529321 0.00871874 0.02183701 0.05870312 0.04063701 0.01445810 0.05407321 0.10921003 0.05955432 0.03233471 0.04044761 0.01862411 0.06217982 0.04060321 0.00931039 0.21948806 0.05923122
163 0.24273298 0.02005200 0.04560450 0.03811630 0.00908555 0.02739830 0.12326799 0.15641098 0.01854950 0.04947890 0.04995360 0.02358360 0.00870464 0.04249270 0.01103880 0.04296930 0.04309280 0.00965031 0.01733030 0.02048700
164 0.05206548 0.02948809 0.02686879 0.03310779 0.01133150 0.03156269 0.02634819 0.05350648 0.01585580 0.22078893 0.08773457 0.03758259 0.02597229 0.03658389 0.01872889 0.06464138 0.03006199 0.00470641 0.02389829 0.16916595
165 0.03890389 0.02996429 0.05044558 0.15806695 0.00916403 0.06004778 0.03590399 0.19052394 0.01890119 0.05971808 0.05519098 0.06210098 0.01173070 0.07209148 0.01218930 0.03015589 0.02343409 0.00604870 0.02970129 0.04571688
166 0.06705754 0.04221802 0.02993832 0.02387861 0.01081741 0.02142441 0.02492701 0.06443614 0.01272961 0.18998311 0.10133806 0.02811772 0.10155706 0.03133362 0.03024282 0.07890155 0.03554602 0.00539632 0.02656522 0.07359144
167 0.09253073 0.01415611 0.01343310 0.01644181 0.01043770 0.01203630 0.02054881 0.15610406 0.01242040 0.07933033 0.10036904 0.01546821 0.03014171 0.02219271 0.02252371 0.27335010 0.03671701 0.00402453 0.01727811 0.05049552
168 0.04144518 0.02084459 0.04656018 0.03038229 0.00932106 0.02234069 0.03885728 0.03294689 0.01725399 0.07458607 0.20819791 0.03416118 0.03001759 0.04018208 0.01918259 0.06020947 0.03027499 0.00509598 0.02804809 0.21009191
169 0.08830047 0.02911579 0.02724479 0.07814287 0.02776469 0.17476394 0.03613539 0.05586708 0.00902010 0.09281517 0.06592328 0.04791718 0.01613739 0.04544529 0.03157009 0.05010598 0.03254219 0.00669282 0.02199219 0.06250328
170 0.03602492 0.04008772 0.01356061 0.01939911 0.00452858 0.01381141 0.06194783 0.02579841 0.01459851 0.03117602 0.24715313 0.06247143 0.03842162 0.03666332 0.01598151 0.04301072 0.02604111 0.01214721 0.20755411 0.04962273
171 0.07696871 0.22181502 0.02835520 0.04257950 0.01326360 0.02391090 0.06199261 0.03092100 0.01667740 0.06045731 0.05682211 0.04099340 0.03606390 0.04254530 0.04487800 0.05030361 0.03970920 0.01013670 0.02975970 0.07184681
172 0.05487167 0.01854079 0.02369239 0.03664278 0.00843104 0.01775879 0.03384298 0.04433598 0.01716339 0.14353792 0.23965487 0.02363319 0.03200208 0.02686539 0.02305619 0.04208968 0.09760135 0.00291580 0.01820209 0.09516165
173 0.05772271 0.04275280 0.03450230 0.18578202 0.01592110 0.06170011 0.05045101 0.05358141 0.02167050 0.07555421 0.08109201 0.05825811 0.01772320 0.04551770 0.01771630 0.04108620 0.03893260 0.01147620 0.02221580 0.06634371
174 0.05803461 0.05046141 0.04362810 0.03790970 0.01254030 0.02548210 0.20839802 0.04298260 0.02202600 0.05313681 0.10231901 0.04915650 0.01965860 0.04432660 0.02025960 0.04391770 0.03695350 0.01114100 0.04245870 0.07520911
175 0.06680643 0.04544202 0.03243502 0.17829809 0.01520081 0.04094692 0.12262806 0.04238042 0.02825671 0.06613563 0.08035144 0.05586443 0.01275961 0.03399802 0.01188591 0.03740802 0.03928382 0.01459891 0.01842381 0.05689593
176 0.05105010 0.05720440 0.02596250 0.15298699 0.02124050 0.04373180 0.02650450 0.03293470 0.01491600 0.06207930 0.07765069 0.04981980 0.02389590 0.03707960 0.11367399 0.04758030 0.06394610 0.00923247 0.02050760 0.06800280
177 0.04197649 0.03873480 0.04751709 0.03288580 0.00887966 0.02151250 0.04862799 0.03397450 0.02182430 0.05919579 0.07570679 0.04801989 0.02848540 0.03745550 0.01860870 0.07270089 0.02667330 0.00834106 0.02363660 0.30524296
178 0.16480599 0.02595490 0.02451310 0.03368690 0.13373799 0.06087590 0.03387090 0.02819110 0.01399410 0.06918300 0.05454860 0.03315580 0.02202370 0.02314350 0.04429690 0.06069730 0.03675800 0.00799334 0.01626200 0.11230700
179 0.05590279 0.03898869 0.03787339 0.04584309 0.01835600 0.09181788 0.21585994 0.04341469 0.01513990 0.06220458 0.07870658 0.05644649 0.01112710 0.04156679 0.02008769 0.03943579 0.02841069 0.00950206 0.02649129 0.06282458
