1 0.26252793 0.02351359 0.01966490 0.02946389 0.07621308 0.02363779 0.02532389 0.05470139 0.01184120 0.10016397 0.06193998 0.02842819 0.01408020 0.02277049 0.02412969 0.12673497 0.04080859 0.00509855 0.01806840 0.03088929
2 0.24122912 0.03278432 0.02875711 0.03789432 0.07650484 0.02911491 0.03330752 0.05203893 0.01610671 0.08695494 0.07537154 0.03607872 0.01677061 0.03045752 0.02766051 0.06640283 0.04252112 0.00573500 0.02722781 0.03708162
3 0.15585100 0.02875710 0.01984820 0.02753970 0.01657530 0.02596270 0.03785550 0.04505230 0.01505500 0.09186320 0.08725430 0.03511970 0.02636840 0.03409290 0.02262390 0.19413100 0.03177050 0.01016510 0.02853440 0.06557980
4 0.04225630 0.04272430 0.03159630 0.03554770 0.00941310 0.03320340 0.04029380 0.05430560 0.01565540 0.05200680 0.07572419 0.03843890 0.02086950 0.03816930 0.02266200 0.10446899 0.02757230 0.00465108 0.03363210 0.27680898
5 0.18105989 0.03438128 0.02149079 0.03257898 0.01539099 0.02036529 0.03169028 0.04753167 0.01784729 0.15671090 0.15347991 0.02620338 0.02166519 0.02803598 0.02161669 0.05563177 0.03090008 0.00630921 0.02086859 0.07624185
6 0.05868299 0.05152459 0.02671240 0.04955939 0.01732650 0.11089098 0.03694469 0.05609229 0.01547360 0.04757559 0.07405619 0.04182279 0.02324840 0.04520069 0.03253159 0.04377609 0.18679797 0.00747018 0.03007349 0.04423959
7 0.05455443 0.03039811 0.02033731 0.02698891 0.01200151 0.02675411 0.04159882 0.04312162 0.01424191 0.07945844 0.07577464 0.03504842 0.02895741 0.03121061 0.02033521 0.25440112 0.02931871 0.00992543 0.03421222 0.13136106
8 0.06338338 0.04088809 0.03095799 0.04948929 0.01755769 0.02724939 0.04257829 0.05587218 0.02580529 0.05990048 0.09596567 0.17095395 0.03733939 0.04047879 0.03435839 0.05720058 0.04326849 0.01004000 0.03562769 0.06108498
9 0.06186391 0.04837671 0.04655001 0.03826551 0.01707550 0.02624600 0.15636003 0.05808291 0.02184810 0.06759051 0.11228202 0.04300401 0.02624490 0.03759351 0.02583560 0.06501081 0.04320811 0.00778912 0.03013411 0.06663861
10 0.05921269 0.03692109 0.02291970 0.03322769 0.01469230 0.02853159 0.04374849 0.04382839 0.01602890 0.08208828 0.07696058 0.04006869 0.02731009 0.04060959 0.02299320 0.19532596 0.10686198 0.00917721 0.02889929 0.07059429
11 0.04241481 0.10997504 0.02281741 0.02701481 0.01033100 0.02577981 0.04452421 0.03532001 0.01261790 0.06408052 0.06928642 0.04310801 0.02572671 0.03272711 0.02097261 0.23045007 0.03019031 0.00698498 0.02784021 0.11783804
12 0.08685664 0.03591382 0.02737561 0.03712502 0.01697041 0.02727351 0.04132642 0.05601122 0.02131631 0.18876308 0.14742206 0.03606012 0.02245561 0.03105741 0.02546901 0.06683183 0.03395971 0.00921017 0.02537301 0.06322903
13 0.06587000 0.04122920 0.14699099 0.03256970 0.01889390 0.02542080 0.05765990 0.04600830 0.01322810 0.05389980 0.11914199 0.03672530 0.02234760 0.03593440 0.03764510 0.04244680 0.11444199 0.00598975 0.02250630 0.06105010
14 0.07894639 0.03543970 0.02895110 0.03599150 0.01379400 0.02185500 0.04027570 0.05288659 0.01979580 0.13069098 0.21957297 0.03502080 0.02597450 0.03058150 0.02205410 0.05485089 0.03496050 0.00712232 0.02466130 0.08657439
15 0.04186861 0.02642861 0.02140370 0.03748441 0.01629630 0.02457700 0.03765101 0.05400001 0.01517120 0.03273201 0.05158271 0.06189361 0.22928305 0.04252391 0.03206981 0.06178081 0.03261621 0.01001330 0.12379702 0.04682671
16 0.07051670 0.03372690 0.02836140 0.04025740 0.01102780 0.02085510 0.04295800 0.04818730 0.02112080 0.03389880 0.26513202 0.04082900 0.01658960 0.05175930 0.02154080 0.04677550 0.04175710 0.00602583 0.11516701 0.04351360
17 0.07221367 0.04400048 0.04437958 0.04108758 0.01900159 0.03170569 0.04083888 0.04857978 0.01995609 0.07366347 0.08281537 0.05445588 0.03332399 0.04204448 0.13983194 0.05393618 0.05150928 0.01080140 0.03359669 0.06225798
18 0.05318561 0.03587871 0.02894041 0.04139741 0.01527850 0.02668531 0.04272931 0.05933331 0.01628910 0.04594641 0.07204761 0.06568611 0.21210004 0.03360751 0.03685951 0.06841381 0.04085621 0.00932260 0.03933621 0.05610631
19 0.16411591 0.03306488 0.02278649 0.13099793 0.01294689 0.02421889 0.03374608 0.04360168 0.01816039 0.04903937 0.08297366 0.03771178 0.02070989 0.12301094 0.02222079 0.04552298 0.04364938 0.00746272 0.04284708 0.04121228
20 0.06174434 0.04821213 0.04543143 0.03815772 0.01683661 0.02581512 0.15652410 0.05725644 0.02270921 0.06841174 0.11032607 0.04414303 0.02716352 0.03836772 0.02579322 0.06425924 0.04274223 0.00787256 0.03126442 0.06696914
21 0.05815610 0.04630390 0.02293900 0.14133199 0.01695470 0.02802450 0.03105230 0.04661070 0.01340060 0.05415630 0.07998510 0.04183870 0.02692460 0.05001340 0.03099110 0.04726360 0.18446399 0.00710845 0.02739420 0.04508680
22 0.07315802 0.04701811 0.02730811 0.14029003 0.01722990 0.03320141 0.04238951 0.05151201 0.01691200 0.07269182 0.09857502 0.05730741 0.02993931 0.04141531 0.03076941 0.05049351 0.05424561 0.00882747 0.03365941 0.07305662
23 0.05633459 0.16410497 0.10345298 0.03969869 0.01817990 0.02636669 0.05659459 0.04623079 0.01648980 0.05512059 0.08964658 0.04888299 0.02156060 0.03807109 0.02994319 0.04711429 0.04306299 0.00447250 0.02522299 0.06944919
24 0.08542000 0.02733330 0.02628840 0.03401250 0.01786750 0.03938360 0.04315380 0.05408830 0.07569040 0.06287060 0.09300130 0.04289300 0.02499240 0.03567480 0.02431780 0.04832230 0.03436230 0.00639457 0.16024200 0.06369110
25 0.24338801 0.03254630 0.02801240 0.03684930 0.07686070 0.02949930 0.03345070 0.05131540 0.01655320 0.08477750 0.07553190 0.03530430 0.01702870 0.03082560 0.02775090 0.06736230 0.04291010 0.00564146 0.02720060 0.03719130
26 0.05233125 0.03405507 0.02226478 0.03230707 0.01208739 0.02166808 0.03297877 0.04049606 0.02227378 0.04529825 0.07938922 0.15610684 0.03643486 0.11287289 0.02563517 0.12230488 0.04292836 0.01104859 0.04751125 0.05000745
27 0.05129581 0.03076111 0.03017381 0.03980171 0.01530710 0.02115310 0.03846541 0.05348211 0.10283302 0.06000221 0.09190592 0.19389204 0.02307090 0.03772561 0.02962961 0.04626611 0.04414281 0.01497280 0.02453890 0.05057991
28 0.26985908 0.03716441 0.03076301 0.03569161 0.01527410 0.02760261 0.03574891 0.05163721 0.01980591 0.07853282 0.09453573 0.03527521 0.01971791 0.04022741 0.02863401 0.05519592 0.03966291 0.00695431 0.03248031 0.04523661
29 0.07424241 0.03837570 0.04956100 0.03718360 0.01327990 0.02263810 0.05320661 0.05176781 0.01970100 0.05064701 0.27407503 0.04503870 0.02064560 0.03242010 0.02495990 0.05045381 0.04136070 0.00639510 0.02977310 0.06427481
30 0.07942440 0.05083450 0.02935280 0.04127260 0.01191970 0.02782940 0.04434120 0.05721660 0.02198450 0.05662490 0.07725970 0.04669490 0.02479290 0.15701900 0.03091990 0.05701760 0.07189850 0.00834269 0.03156060 0.07369360
31 0.05289398 0.04098118 0.03375029 0.12197395 0.01723209 0.03242699 0.04446778 0.04324098 0.01675329 0.06594387 0.07807777 0.05751208 0.03096429 0.03867328 0.12874195 0.04836828 0.05152098 0.01019530 0.03034259 0.05593908
32 0.04837330 0.02365330 0.01889850 0.02399050 0.00950795 0.02469270 0.03867270 0.10024699 0.01409730 0.07766410 0.06415600 0.02878990 0.02443580 0.02914420 0.01638060 0.26241399 0.02328680 0.01093730 0.03562210 0.12503599
33 0.11962505 0.03485991 0.02894381 0.03691492 0.01103900 0.01947881 0.03371021 0.04670512 0.01736811 0.07248943 0.20613308 0.02910691 0.02303111 0.03234381 0.01891141 0.04281022 0.03176881 0.00519479 0.02620541 0.16336007
34 0.05595018 0.02799699 0.02484219 0.02799649 0.01436429 0.02732669 0.03983568 0.06178137 0.08724936 0.21271091 0.07758127 0.03445218 0.01639829 0.03529278 0.02570199 0.05010048 0.02838229 0.00998014 0.02547049 0.11658595
35 0.05513105 0.03001752 0.02133512 0.02736672 0.01144481 0.02680012 0.04148153 0.04372264 0.01429781 0.07850816 0.07564156 0.03510833 0.02890332 0.03144363 0.02187872 0.25099321 0.03035172 0.00976049 0.03512243 0.13069111
36 0.04937048 0.03948228 0.08873566 0.03723408 0.01636999 0.03288628 0.05206988 0.04780548 0.01875669 0.07348857 0.08552256 0.04551718 0.02559889 0.03121659 0.03077099 0.17088192 0.03167499 0.00910706 0.02974659 0.08376386
37 0.13896407 0.02488731 0.01729891 0.02342451 0.01488541 0.02433751 0.03600392 0.04035722 0.01318001 0.08991774 0.08107164 0.03190912 0.02694361 0.03092552 0.02109851 0.24470312 0.02889521 0.01076681 0.02778011 0.07264974
38 0.07344680 0.04619070 0.02723730 0.14231799 0.01711090 0.03309730 0.04215350 0.05043510 0.01704210 0.07263920 0.09762769 0.05732530 0.03105710 0.04128920 0.03096900 0.05031470 0.05556440 0.00843586 0.03388740 0.07185850
39 0.24351886 0.03260888 0.02803388 0.03780308 0.07694916 0.02922678 0.03291118 0.05273687 0.01641879 0.08582595 0.07359296 0.03632088 0.01662039 0.03015988 0.02747898 0.06773286 0.04247698 0.00575568 0.02719578 0.03663218
40 0.05645251 0.03055441 0.02081620 0.02671701 0.01147310 0.02677871 0.04217031 0.04288851 0.01408970 0.08030512 0.07633262 0.03595611 0.02888291 0.03110491 0.02150270 0.25107706 0.03086361 0.00960028 0.03415821 0.12827603
41 0.31201106 0.02523690 0.02138660 0.02569550 0.01932260 0.02316980 0.02680760 0.04889461 0.01481190 0.08709142 0.07797221 0.02937391 0.01797970 0.03372881 0.02250730 0.11694602 0.03406941 0.00693792 0.02432110 0.03173561
42 0.25281303 0.02930250 0.02286260 0.02931670 0.01943390 0.02495150 0.03248150 0.04831241 0.01656660 0.09006601 0.08457551 0.03344320 0.02049330 0.03565490 0.02415150 0.12543402 0.03604010 0.00819218 0.02652440 0.03938410
43 0.18506511 0.03009322 0.03177062 0.03645182 0.07150114 0.02733062 0.03712582 0.04164042 0.01594831 0.06237794 0.17597011 0.03218402 0.01988501 0.03287082 0.02212821 0.05240493 0.04020252 0.00585850 0.02732772 0.05186313
44 0.06011141 0.04443411 0.02822161 0.04041081 0.01470250 0.02605940 0.03983141 0.06363761 0.01762820 0.05901641 0.09519782 0.04079011 0.02158010 0.05246961 0.03014221 0.03874981 0.15733703 0.00637621 0.03066961 0.13263403
45 0.04823991 0.03587380 0.02838380 0.03344930 0.00992428 0.02581230 0.03596960 0.05900801 0.01771420 0.12700902 0.09357551 0.03178370 0.02013040 0.03638250 0.02131430 0.08778771 0.02745350 0.00589320 0.02695490 0.22734003
46 0.07389030 0.04683280 0.02724170 0.14115699 0.01785220 0.03257810 0.04178900 0.05113390 0.01756890 0.07237450 0.09838399 0.05646100 0.03055580 0.04184690 0.03019010 0.05001430 0.05539710 0.00900106 0.03347180 0.07225960
47 0.05038690 0.18393800 0.03059370 0.03841200 0.02157810 0.03907950 0.05540070 0.03434080 0.01498060 0.04157230 0.06697190 0.16324500 0.02635180 0.03471240 0.02745220 0.04377960 0.03594010 0.00525241 0.02690100 0.05911100
48 0.04824628 0.03099679 0.02434719 0.03157229 0.01408559 0.10678095 0.03996048 0.04245938 0.01551599 0.07213177 0.06507347 0.03858958 0.02379739 0.02694649 0.02657289 0.20899791 0.02870299 0.00861024 0.03238939 0.11422295
49 0.04922830 0.04916480 0.03097190 0.03773560 0.01171020 0.02668240 0.11771301 0.03989470 0.02194610 0.03160310 0.23896202 0.11580401 0.02896130 0.02327410 0.02337790 0.04909440 0.03580370 0.00546680 0.02189460 0.04071100
50 0.04655581 0.03371111 0.02147181 0.04040011 0.01506760 0.02041381 0.03168381 0.05565142 0.02710391 0.03792851 0.08134103 0.17414305 0.02895551 0.04917452 0.03012981 0.04010851 0.18800306 0.00774529 0.03080221 0.03960911
51 0.05463709 0.03080959 0.02089990 0.02657309 0.01171340 0.02727609 0.04220989 0.04360089 0.01471520 0.07950648 0.07503348 0.03586419 0.02925329 0.03156689 0.02114290 0.25124095 0.02981379 0.01013310 0.03413279 0.12987697
52 0.05026330 0.18310001 0.03043120 0.03829880 0.02094340 0.03962500 0.05503150 0.03489800 0.01503620 0.04144080 0.06605291 0.16275701 0.02686250 0.03638840 0.02666970 0.04425670 0.03639460 0.00463732 0.02643500 0.06047760
53 0.09348297 0.03665529 0.03047909 0.03976279 0.02109839 0.03254579 0.04625869 0.05997518 0.02388009 0.23223393 0.06228418 0.04015649 0.01767329 0.02872979 0.03213809 0.07877218 0.03732499 0.01042510 0.02503299 0.05109068
54 0.05497212 0.03082041 0.02082721 0.02773411 0.01204250 0.02698151 0.04227041 0.04361281 0.01452280 0.07858282 0.07503252 0.03540311 0.02996881 0.03064661 0.02152711 0.24999207 0.02999101 0.01036440 0.03352561 0.13118204
55 0.05065099 0.13591097 0.03051399 0.04101679 0.02018050 0.04055939 0.12480098 0.03581149 0.01585610 0.04312649 0.07399739 0.14013097 0.02815909 0.03327979 0.02429630 0.04814009 0.03554549 0.00548220 0.02468050 0.04786049
56 0.05318477 0.04040908 0.10595994 0.04542507 0.01610149 0.02540359 0.14172292 0.04476347 0.01639839 0.05968736 0.09349014 0.03899888 0.02087899 0.02699788 0.02341399 0.11601893 0.03642268 0.00672609 0.02437809 0.06361826
57 0.05903897 0.13302994 0.02482729 0.04315458 0.01521519 0.02515359 0.04334588 0.05149618 0.01512869 0.12959194 0.06880787 0.03796178 0.02088089 0.03873568 0.02923769 0.04073598 0.14040493 0.00691818 0.02361399 0.05272077
58 0.23131585 0.03092078 0.02560198 0.09710494 0.01663469 0.02353198 0.03748478 0.12235392 0.01683579 0.06329506 0.07335235 0.03712548 0.01614509 0.03786448 0.01923609 0.04761557 0.03370338 0.00641495 0.02850058 0.03496228
59 0.05315354 0.03002312 0.02125851 0.03530312 0.01453791 0.02492472 0.03755503 0.05293944 0.01693161 0.12567409 0.07104465 0.03665652 0.02964002 0.04698713 0.02506822 0.04713113 0.11491508 0.00701352 0.15212910 0.05711354
60 0.07172599 0.02973630 0.02712620 0.02950090 0.01301390 0.02538420 0.03810170 0.15540498 0.02044290 0.17455598 0.07023109 0.02965540 0.01642840 0.02944270 0.01928140 0.05501769 0.03351220 0.00622723 0.02347190 0.13173898
61 0.07352324 0.03724372 0.05012503 0.03745902 0.01358581 0.02268411 0.05339923 0.05243383 0.01971981 0.05074283 0.27192614 0.04503642 0.02109451 0.03171862 0.02461591 0.05327173 0.04070792 0.00641570 0.02933031 0.06496613
62 0.06310384 0.03152542 0.02348241 0.03644572 0.01314011 0.02019141 0.03963792 0.05634833 0.01874721 0.13073308 0.17847311 0.03723532 0.09525346 0.02994942 0.02366651 0.05703853 0.03405972 0.00742489 0.02528942 0.07825415
63 0.06713881 0.03577421 0.02844311 0.03643621 0.01494850 0.02747221 0.04044241 0.06449521 0.02160080 0.20288904 0.08156932 0.03358431 0.01811640 0.03143551 0.02545911 0.07389151 0.03263171 0.00816770 0.02412590 0.13137803
64 0.12945094 0.04624088 0.03876118 0.10025895 0.01413589 0.02284959 0.16194193 0.04480608 0.01691389 0.06507997 0.08066776 0.03751878 0.02054389 0.03459568 0.02277809 0.04500068 0.04002468 0.00695736 0.02709949 0.04437428
65 0.05825642 0.03645781 0.01905701 0.03945392 0.06551243 0.01952891 0.02978691 0.04704202 0.01509851 0.03724532 0.06811403 0.03404121 0.02406581 0.11992805 0.02724621 0.04251912 0.24300410 0.00636739 0.02923671 0.03803812
66 0.19264305 0.03220131 0.08958302 0.03626841 0.01545110 0.03019081 0.04135671 0.04563261 0.02372551 0.05414851 0.07797552 0.03617181 0.02008020 0.04175111 0.02645391 0.04774901 0.03297671 0.00695676 0.10806503 0.04061891
67 0.15431814 0.02693112 0.01765272 0.02739322 0.01411301 0.02310112 0.03505093 0.03802343 0.01634561 0.07116156 0.19378117 0.03265343 0.02647152 0.03681553 0.01784022 0.14637813 0.02962893 0.00817132 0.02566002 0.05850885
68 0.05577108 0.04031858 0.02787899 0.13846895 0.01317219 0.02842269 0.10947896 0.12307695 0.02070949 0.06312888 0.07535357 0.04426278 0.02368079 0.03329129 0.02198259 0.04452388 0.04097528 0.00708638 0.02922719 0.05918948
69 0.09321075 0.03717588 0.03029638 0.03971168 0.02106759 0.03315198 0.04609848 0.06016237 0.02302589 0.23449588 0.06217037 0.03969908 0.01765419 0.02944839 0.03221738 0.07639196 0.03740628 0.01063219 0.02458579 0.05139747
70 0.05265543 0.04810103 0.03584212 0.10226706 0.01455711 0.02648872 0.12119507 0.04214483 0.01857211 0.04485383 0.07252354 0.11215507 0.02487812 0.03340282 0.02454611 0.04567233 0.10882407 0.00696109 0.02517492 0.03918462
71 0.05372562 0.03447161 0.02891421 0.04224841 0.01477550 0.02590821 0.04412481 0.05956232 0.01635101 0.04594741 0.07342062 0.06450882 0.21196907 0.03376561 0.03556821 0.07018482 0.04081221 0.00923479 0.03915341 0.05535332
72 0.05002629 0.03377839 0.02740670 0.03225009 0.01051640 0.02468170 0.03562799 0.06693889 0.01975180 0.18395197 0.08968149 0.03007270 0.01793510 0.03325089 0.02090440 0.07445009 0.02725540 0.00631976 0.02336300 0.19183697
73 0.23307490 0.04279898 0.03786748 0.04325668 0.01346439 0.02509209 0.11311795 0.04292678 0.01820549 0.07030617 0.08470746 0.03710598 0.01898869 0.03593618 0.02787219 0.04584808 0.03662798 0.00679905 0.02906099 0.03694248
74 0.06559202 0.04919621 0.02737141 0.04853941 0.01693110 0.02667341 0.04266551 0.06124322 0.01847641 0.05257112 0.08636543 0.04356681 0.02722111 0.05984252 0.03343781 0.04768271 0.20749706 0.00740151 0.02989641 0.04782881
75 0.05319269 0.03779129 0.05609409 0.02442060 0.01508720 0.01874150 0.15189997 0.04471999 0.01817320 0.04926859 0.24650195 0.03165819 0.02632119 0.03095139 0.01891800 0.04784609 0.03496289 0.00591390 0.02523289 0.06230439
76 0.12930413 0.05065205 0.03376133 0.03823464 0.01539172 0.02896093 0.12826913 0.04575035 0.02111912 0.06036656 0.08347179 0.10749511 0.02283272 0.03520934 0.02611333 0.05519396 0.04047944 0.00831659 0.02726283 0.04181494
77 0.27288214 0.03698802 0.03010572 0.03584082 0.01553861 0.02735451 0.03590822 0.05165323 0.01966681 0.07864344 0.09353205 0.03576092 0.01927311 0.03996152 0.02798001 0.05441943 0.03967812 0.00685848 0.03176762 0.04618722
78 0.09358724 0.03706261 0.03024921 0.03946802 0.02092141 0.03244111 0.04620332 0.06000862 0.02352701 0.23247209 0.06380593 0.03912342 0.01732731 0.02922661 0.03173161 0.07750613 0.03702041 0.01073810 0.02530051 0.05227932
79 0.07513223 0.03750141 0.04954782 0.03817531 0.01332140 0.02220561 0.05291852 0.05152192 0.01936521 0.04991322 0.27240109 0.04539362 0.02112461 0.03228061 0.02452581 0.05286942 0.04251401 0.00661516 0.02917741 0.06349562
80 0.05218524 0.02707102 0.02140951 0.02862592 0.01083721 0.02690502 0.04263003 0.11393608 0.01644101 0.07952606 0.07234775 0.03246892 0.02517372 0.03169412 0.01822101 0.21557215 0.02549332 0.01099301 0.03566682 0.11280208
81 0.05152818 0.03966189 0.04220259 0.03853979 0.10848397 0.04241749 0.04815509 0.04938908 0.09232677 0.09317477 0.07431208 0.06126868 0.02290659 0.02757289 0.03178469 0.04593749 0.03980569 0.00768341 0.04327119 0.03957769
82 0.07209621 0.02978130 0.02654760 0.03930720 0.02054390 0.12004301 0.04144560 0.05432121 0.02124980 0.15500202 0.13094901 0.03869810 0.02393610 0.02492550 0.02676860 0.05912831 0.03457120 0.00834339 0.02816180 0.04418010
83 0.05791893 0.04424392 0.02341021 0.04360382 0.01547791 0.02478111 0.03887232 0.04921733 0.01622141 0.05045273 0.06857104 0.03585292 0.02603921 0.06376153 0.02646111 0.10339606 0.23867413 0.00736896 0.02734181 0.03833352
84 0.27541794 0.03707899 0.02910169 0.03670429 0.01526810 0.02724449 0.03587949 0.05123679 0.01984950 0.07899838 0.09199718 0.03549209 0.01947370 0.03924329 0.02850349 0.05457969 0.03950689 0.00707383 0.03201409 0.04533609
85 0.06382498 0.03270389 0.02366009 0.02966409 0.00911128 0.01345350 0.02866549 0.04884309 0.01701870 0.14327497 0.24384294 0.02255249 0.02996179 0.03007469 0.01477840 0.04347839 0.02547319 0.00484546 0.01677960 0.15799296
86 0.19830592 0.03387889 0.03051479 0.02969349 0.01905749 0.02301439 0.03145049 0.03786999 0.01647329 0.17745193 0.04951748 0.03214559 0.01500489 0.02505029 0.11156396 0.05684468 0.03703089 0.00803818 0.01906829 0.04802508
87 0.04960109 0.16117796 0.02712239 0.03484869 0.01083540 0.02270769 0.04501439 0.16464896 0.01430840 0.06271198 0.08407418 0.04074319 0.02162719 0.04685549 0.02293969 0.03908809 0.04330209 0.00659687 0.02877009 0.07302618
88 0.26515804 0.03303620 0.03460421 0.03011880 0.01471310 0.02555400 0.03215490 0.03922871 0.01578620 0.07698951 0.07076571 0.03276130 0.01878040 0.03667101 0.12012602 0.04544821 0.03598311 0.00759685 0.02801410 0.03650961
89 0.06602977 0.04776928 0.02747919 0.04851888 0.01613739 0.02663529 0.04189238 0.06098418 0.01875439 0.05269558 0.08632247 0.04399798 0.02573229 0.06078298 0.03354579 0.04760408 0.20755692 0.00733370 0.03211499 0.04811248
90 0.07344928 0.03724039 0.04862669 0.03718359 0.01347820 0.02267319 0.05255119 0.05214209 0.02006299 0.05163379 0.27304993 0.04504409 0.02155159 0.03182079 0.02447329 0.05237369 0.04134329 0.00715436 0.02990079 0.06424678
91 0.04447073 0.02999132 0.15502310 0.02621672 0.01837921 0.01615201 0.13600409 0.03611542 0.01045181 0.03309612 0.27330717 0.02495962 0.01749471 0.02227041 0.01846741 0.03278532 0.02958322 0.00360426 0.01653051 0.05509684
92 0.27154702 0.03720980 0.03036260 0.03638440 0.01558050 0.02632220 0.03549260 0.05230050 0.01935170 0.07888441 0.09321701 0.03557940 0.01946310 0.04077920 0.02909580 0.05387570 0.04038460 0.00710103 0.03191340 0.04515500
93 0.04322160 0.04020090 0.03157970 0.03570380 0.00932095 0.03285730 0.03943730 0.05403540 0.01550550 0.05335670 0.07717289 0.03712690 0.02066970 0.03787130 0.02242750 0.10545299 0.02791850 0.00490124 0.03444590 0.27679398
94 0.05193651 0.04464011 0.02863511 0.04836691 0.01633670 0.02800071 0.11644702 0.05079061 0.02525841 0.05377691 0.08896102 0.17223504 0.02836711 0.03645831 0.02917001 0.05360941 0.03672561 0.00858809 0.03047781 0.05121861
95 0.07757518 0.04333109 0.02890729 0.04134459 0.01174700 0.02180969 0.04292339 0.05208889 0.02042249 0.04389989 0.16880696 0.04157659 0.01846560 0.16186896 0.02449619 0.05097469 0.05429219 0.00717256 0.03358669 0.05471009
96 0.06273248 0.03669019 0.02411009 0.04291648 0.01551539 0.02275879 0.03558609 0.15115994 0.01663199 0.04657668 0.07478117 0.03751949 0.02449489 0.05032208 0.02750579 0.04481498 0.21093792 0.00701838 0.02758049 0.04034668
97 0.05318332 0.02711371 0.02125101 0.02812511 0.01079060 0.02669211 0.04235342 0.11346105 0.01669441 0.08018993 0.07212793 0.03330021 0.02525101 0.03241991 0.01799391 0.21490509 0.02607871 0.01112860 0.03529191 0.11164804
98 0.06346548 0.05048318 0.03167489 0.13300395 0.01540749 0.02919049 0.11462596 0.04911478 0.01778849 0.06692558 0.08805137 0.05398798 0.02765569 0.03650509 0.02641959 0.04632198 0.04445088 0.00797224 0.03327799 0.06367688
99 0.05502760 0.04156120 0.02847020 0.14728599 0.01618310 0.02768990 0.04209190 0.04330660 0.01792010 0.05523110 0.09340599 0.15470499 0.03121680 0.03524870 0.03073040 0.04167040 0.03956330 0.00975797 0.03068690 0.05824690
100 0.07383460 0.03722840 0.04894440 0.03863410 0.01382040 0.02329820 0.05260290 0.05284090 0.01902800 0.05105980 0.26975300 0.04625770 0.02132490 0.03157430 0.02550980 0.05216800 0.04156800 0.00660990 0.02947890 0.06446380
101 0.05521660 0.02980510 0.02084760 0.02698420 0.01147270 0.02685470 0.04092530 0.04303540 0.01379740 0.07810850 0.07451750 0.03526460 0.02954420 0.03117940 0.02173060 0.25512500 0.03004650 0.00972880 0.03426090 0.13155500
102 0.15791199 0.03886540 0.02795140 0.03746900 0.01483760 0.02485940 0.03615170 0.04582390 0.01678570 0.05714900 0.09854380 0.03621190 0.01904520 0.04438700 0.02694460 0.04320400 0.11558299 0.00563105 0.02921140 0.12343299
103 0.06389712 0.03963131 0.02970121 0.03643611 0.01414630 0.03051091 0.04771502 0.17681606 0.02231141 0.07899043 0.09444253 0.04493111 0.03148421 0.04069691 0.02443231 0.05111922 0.05115232 0.00813027 0.03289651 0.08055873
104 0.07999868 0.05115479 0.02910739 0.04082399 0.01237380 0.02771319 0.04476909 0.05735179 0.02241470 0.05737019 0.07795519 0.04563619 0.02511760 0.15617597 0.03106679 0.05692659 0.07084139 0.00822109 0.03126599 0.07371559
105 0.05359879 0.04198209 0.04703779 0.04082569 0.06908729 0.04147509 0.05033429 0.04936269 0.01714890 0.04547399 0.07644059 0.04719139 0.02056460 0.03423779 0.02823669 0.06144129 0.03527739 0.00530878 0.03275889 0.20221596
106 0.06624183 0.03594242 0.02819361 0.03544552 0.01439361 0.02720871 0.04044162 0.06541973 0.02171811 0.20561209 0.08276204 0.03335702 0.01786911 0.03253061 0.02561321 0.07262563 0.03227321 0.00792744 0.02469141 0.12973306
107 0.12556791 0.03879437 0.02335978 0.03398758 0.01666089 0.02983608 0.03418758 0.04059617 0.02010159 0.03927727 0.07401805 0.11058392 0.02451158 0.04702827 0.02426488 0.04826367 0.11768492 0.00639292 0.10241593 0.04246667
108 0.05541838 0.03220389 0.02409509 0.02787479 0.00853740 0.01411159 0.03118419 0.04832208 0.01862039 0.14735794 0.19057592 0.02283479 0.02423389 0.08695837 0.01634029 0.04101538 0.02657679 0.00570520 0.01832769 0.15970594
109 0.05583989 0.03348499 0.02723079 0.04072599 0.01400360 0.02302839 0.04519839 0.05993889 0.01806620 0.05357829 0.15415696 0.05244249 0.16062996 0.03129699 0.03007539 0.06020599 0.03812979 0.00839434 0.03308159 0.06049109
110 0.05042762 0.18405007 0.03038381 0.03844642 0.02113151 0.03936922 0.05507732 0.03466511 0.01499171 0.04034692 0.06717083 0.16295507 0.02620611 0.03585371 0.02683931 0.04412162 0.03650831 0.00524470 0.02743921 0.05877142
111 0.06024512 0.04980522 0.04588971 0.03938761 0.01587961 0.02579491 0.15649705 0.05717192 0.02220881 0.06821042 0.11027404 0.04517201 0.02718791 0.03729951 0.02550351 0.06334892 0.04464921 0.00781928 0.03042251 0.06723272
112 0.05669283 0.03147742 0.02621701 0.03143782 0.01278931 0.03050112 0.04502172 0.17587509 0.02045441 0.07947354 0.07860424 0.03945702 0.02617671 0.03694772 0.02131691 0.12421206 0.03860492 0.01009801 0.03340632 0.08123584
113 0.07577065 0.04709243 0.02403862 0.03761943 0.01240611 0.02588982 0.04115693 0.05634134 0.01902901 0.04504393 0.07033975 0.04727393 0.02328862 0.14915310 0.03457572 0.05809494 0.05893604 0.00901061 0.10152407 0.06341494
114 0.16774492 0.03410798 0.02458909 0.03375398 0.01533879 0.02604639 0.03627678 0.15909192 0.02080429 0.07740626 0.09357955 0.03684418 0.02190439 0.03956908 0.02329399 0.04947858 0.04272078 0.00741109 0.03325948 0.05677847
115 0.05488022 0.02974661 0.02037481 0.02754141 0.01142810 0.02680041 0.04132591 0.04240571 0.01404930 0.07939452 0.07547182 0.03558861 0.02957241 0.03177721 0.02179641 0.25222508 0.02966101 0.01013170 0.03432571 0.13150304
116 0.07584732 0.03904131 0.02729351 0.04140561 0.01568700 0.03584081 0.04587251 0.05965231 0.01932640 0.05965501 0.08951412 0.04903461 0.03067611 0.03854061 0.02855531 0.06973581 0.04371091 0.00726260 0.14439203 0.07895612
117 0.06879148 0.17950596 0.03155819 0.04357159 0.01447560 0.02589939 0.05340279 0.05447819 0.01481830 0.06533738 0.08993918 0.04592939 0.02217259 0.04623859 0.02919139 0.05175889 0.05156359 0.00623075 0.02885959 0.07627718
118 0.07725331 0.03840640 0.02089700 0.03874040 0.01148970 0.02206460 0.03824350 0.05007040 0.01816470 0.04255790 0.16515201 0.04169210 0.02081820 0.11175201 0.02604550 0.04943790 0.04693090 0.00644713 0.12317301 0.05066330
119 0.07445828 0.03765539 0.04928018 0.03746749 0.01312920 0.02310309 0.05434388 0.05174168 0.01941109 0.05058238 0.27181191 0.04592788 0.02142619 0.03194509 0.02479669 0.05243208 0.04150829 0.00629243 0.02879739 0.06388938
120 0.16862001 0.02917140 0.01892520 0.02677190 0.01340610 0.01658260 0.02351730 0.10643301 0.01661390 0.13105601 0.16780901 0.02177180 0.02537500 0.02731010 0.01540400 0.04303700 0.02995420 0.00520775 0.01994910 0.09308460
121 0.05637016 0.03259108 0.03361288 0.03164118 0.00833549 0.01569869 0.03420448 0.04765817 0.01660329 0.08903984 0.24364583 0.02745808 0.02529438 0.02896458 0.01569249 0.04394407 0.02561568 0.00395760 0.01964419 0.20002786
122 0.05412209 0.12950399 0.03392410 0.03810160 0.01860530 0.03296810 0.04972579 0.04080720 0.07881329 0.05804709 0.07199339 0.13987398 0.02121030 0.03487150 0.02909800 0.04499020 0.03966840 0.00861441 0.01848670 0.05657459
123 0.05414501 0.03542281 0.02791111 0.04242611 0.01474890 0.02691861 0.04302731 0.05959162 0.01564270 0.04600041 0.07321322 0.06495372 0.21308606 0.03334481 0.03573681 0.06927532 0.04183481 0.00950143 0.03733431 0.05588492
124 0.05790987 0.04175787 0.03144368 0.03437108 0.01293109 0.02172219 0.15978890 0.04310657 0.01785439 0.06218026 0.07504855 0.03864198 0.02286779 0.03416978 0.01968739 0.13431392 0.11076493 0.00748620 0.02505718 0.04889637
125 0.05003131 0.03376171 0.10529202 0.02600040 0.01165220 0.02503160 0.04845171 0.20209804 0.01501610 0.07078831 0.10559402 0.03564491 0.02339020 0.03478261 0.02335370 0.04002671 0.03534621 0.00632651 0.02602980 0.08138192
126 0.06847170 0.03391150 0.02670540 0.03951280 0.01557940 0.02455670 0.03235770 0.12624799 0.01516770 0.04474940 0.06576450 0.03718740 0.02268480 0.04406490 0.10531099 0.04365900 0.18203799 0.00740827 0.02623450 0.03838740
127 0.09442392 0.03685771 0.02986491 0.04000231 0.02142390 0.03224631 0.04541161 0.06008581 0.02297530 0.23401305 0.06213451 0.03986021 0.01802060 0.02895571 0.03236971 0.07731462 0.03770691 0.01025400 0.02503701 0.05104191
128 0.04366673 0.04120393 0.03213562 0.03603592 0.00947601 0.03309642 0.03999953 0.05488974 0.01617171 0.05129473 0.07628495 0.03785442 0.01978181 0.03792313 0.02176511 0.10346207 0.02770232 0.00461934 0.03421432 0.27842218
129 0.07261537 0.03776718 0.03033489 0.04333078 0.02293849 0.15019493 0.04073098 0.05852157 0.01859609 0.07473716 0.07771816 0.04356178 0.02422099 0.03629148 0.03335578 0.06560057 0.04278108 0.00780667 0.03836238 0.08053366
130 0.06675675 0.12661691 0.03175808 0.04171597 0.02216988 0.12347491 0.04260117 0.04429517 0.01550289 0.05865656 0.06404906 0.06749935 0.02101699 0.03698997 0.02908908 0.05346496 0.05036837 0.00604359 0.03140758 0.06652275
131 0.07305058 0.04624409 0.02710619 0.14211097 0.01735160 0.03304559 0.04228689 0.05021439 0.01701880 0.07121419 0.09903068 0.05745379 0.03159569 0.04102909 0.03055489 0.05007919 0.05582459 0.00873551 0.03319189 0.07286138
132 0.03398750 0.02792800 0.01659890 0.01977020 0.00673794 0.02703260 0.03280980 0.03737810 0.00898552 0.03961320 0.04256530 0.02237200 0.01965580 0.02610870 0.01358490 0.25955498 0.02346620 0.00446533 0.03487310 0.30251197
133 0.06928551 0.17897203 0.03193210 0.04291161 0.01444240 0.02597820 0.05295601 0.05432841 0.01470730 0.06588191 0.09031671 0.04638381 0.02237730 0.04534591 0.02938480 0.05120111 0.05252141 0.00574465 0.02897080 0.07635801
134 0.07439320 0.03654560 0.04900120 0.03810880 0.01352860 0.02353950 0.05379260 0.05252850 0.01968380 0.05127050 0.27091800 0.04486910 0.02139440 0.03209920 0.02439810 0.05285420 0.04128720 0.00649929 0.02928140 0.06400680
135 0.06396936 0.03916898 0.02986048 0.03617778 0.01412549 0.03067068 0.04701987 0.17599989 0.02155569 0.07997205 0.09607084 0.04381157 0.03072418 0.04126007 0.02436098 0.05130087 0.05051337 0.00818352 0.03369748 0.08155685
136 0.06382364 0.04399143 0.02489152 0.04238183 0.01631711 0.02702352 0.04276843 0.05170523 0.01767701 0.06042714 0.07717845 0.04107013 0.02648232 0.05644623 0.02620252 0.11455907 0.18514011 0.00792959 0.02799662 0.04598813
137 0.07397119 0.04679680 0.02747410 0.14093399 0.01769330 0.03244830 0.04203190 0.05092860 0.01722680 0.07262369 0.09778689 0.05804870 0.03092420 0.04163540 0.03068910 0.05176990 0.05380430 0.00865728 0.03194060 0.07261499
138 0.07281607 0.03526898 0.02404459 0.04016048 0.01208019 0.02597349 0.04211798 0.05231608 0.01717189 0.04698288 0.19521391 0.04227398 0.02555269 0.04470218 0.02453209 0.05016308 0.04388948 0.00573015 0.14218594 0.05682387
139 0.05499449 0.03108060 0.02061640 0.02726230 0.01172120 0.02666260 0.04197180 0.04252810 0.01415330 0.07987209 0.07558739 0.03549980 0.02997070 0.03156180 0.02158520 0.25069497 0.03029760 0.01015990 0.03439580 0.12938399
140 0.05247702 0.11325304 0.02544171 0.04200982 0.01497731 0.02583781 0.04524402 0.03812061 0.01734191 0.04152032 0.17754307 0.15126306 0.02710661 0.03351391 0.02739671 0.04402032 0.03622591 0.00609672 0.02739081 0.05321932
141 0.05299470 0.02994100 0.03050890 0.03244730 0.01426980 0.03258680 0.15031199 0.04807380 0.02298950 0.13541199 0.06750070 0.03089910 0.02503120 0.03243920 0.01971520 0.05750390 0.03687970 0.00673817 0.10207399 0.07168309
142 0.03809020 0.02849320 0.02751850 0.03534810 0.01100430 0.10228800 0.03603990 0.05800510 0.01778600 0.10784500 0.05815420 0.03373640 0.01944440 0.02737150 0.02214630 0.07395300 0.02406390 0.00510038 0.03020360 0.24340800
143 0.05684634 0.02443962 0.03413172 0.11797107 0.01304791 0.02138321 0.05084693 0.12749008 0.02166871 0.05234753 0.07761505 0.14846709 0.02531062 0.03171522 0.02405381 0.04645783 0.03687562 0.00862129 0.02796042 0.05274993
144 0.05526309 0.03108159 0.02068840 0.02706069 0.01103200 0.02661519 0.04171299 0.04279199 0.01427030 0.07921128 0.07391779 0.03522129 0.02992429 0.03048639 0.02166310 0.25289395 0.02994329 0.00967079 0.03434559 0.13220597
145 0.06238991 0.04843011 0.04574771 0.03931621 0.01703810 0.02599821 0.15661903 0.05761901 0.02197350 0.06816761 0.11107202 0.04412811 0.02694571 0.03745721 0.02483361 0.06305201 0.04275331 0.00765539 0.03139751 0.06740571
146 0.18832299 0.03051370 0.02418330 0.03729690 0.01970910 0.13326099 0.02937890 0.05184340 0.01525270 0.07048240 0.08270930 0.03504500 0.01818190 0.03950830 0.03023960 0.05914710 0.03896250 0.00712746 0.03835950 0.05047500
147 0.06143872 0.03731711 0.10541003 0.03813791 0.02722611 0.13254704 0.04006731 0.05667712 0.02113561 0.06814772 0.07485882 0.03982301 0.01946101 0.03152791 0.03515691 0.05835502 0.03876901 0.00645713 0.03008331 0.07740322
148 0.05521559 0.03004429 0.03063119 0.03769859 0.01336730 0.02745089 0.02939629 0.04845489 0.01351680 0.04356699 0.06601199 0.04322829 0.10312598 0.04489749 0.14503197 0.03980229 0.15446997 0.00776030 0.02713849 0.03919039
149 0.07257560 0.03743070 0.03099590 0.04307130 0.02285050 0.14997101 0.04088490 0.05935910 0.01846900 0.07618830 0.07717140 0.04354120 0.02433720 0.03602100 0.03225490 0.06506470 0.04275990 0.00801315 0.03745320 0.08158700
150 0.08051457 0.05186548 0.02965599 0.04148918 0.01187850 0.02748449 0.04464348 0.05940398 0.02228699 0.05689878 0.07751687 0.04693058 0.02419989 0.15361494 0.03082509 0.05656178 0.07000307 0.00831052 0.03237529 0.07354057
151 0.27404788 0.03722868 0.02960779 0.03554868 0.01560489 0.02704639 0.03467958 0.05100568 0.01988879 0.07963016 0.09290596 0.03580758 0.01948589 0.04004648 0.02865989 0.05407458 0.03980888 0.00683875 0.03278439 0.04529908
152 0.05865456 0.03659994 0.02091322 0.03946364 0.01279991 0.02167622 0.03568574 0.04956615 0.01703972 0.03630624 0.19088019 0.03932814 0.02375502 0.05583876 0.02329012 0.03844644 0.13785914 0.00629011 0.10850811 0.04709865
153 0.05521598 0.03960349 0.03446789 0.09271327 0.01423360 0.02622359 0.13057396 0.05046418 0.01812659 0.06662268 0.08196897 0.04300819 0.02555709 0.03237359 0.02442429 0.12422096 0.03899579 0.00817564 0.03038789 0.06264238
154 0.17620492 0.04071038 0.02241899 0.12932594 0.01753509 0.02807369 0.03461328 0.04945808 0.01478349 0.07356297 0.09517956 0.04334948 0.02293799 0.04294278 0.02508149 0.04913748 0.04362588 0.00753917 0.03033049 0.05318888
155 0.06433312 0.03867601 0.02932951 0.03605211 0.01419400 0.03068261 0.04644551 0.17689305 0.02115281 0.08103352 0.09563053 0.04432411 0.03062751 0.04162511 0.02424981 0.05138272 0.05088132 0.00812630 0.03331141 0.08104892
156 0.07452457 0.04195128 0.02109349 0.03508749 0.01208350 0.02620989 0.03888949 0.05421588 0.01738829 0.04148188 0.07175637 0.04750168 0.02219179 0.14463895 0.03460319 0.05417958 0.04788618 0.00810998 0.14725794 0.05894858
157 0.05940479 0.14730397 0.03675709 0.15765497 0.01396610 0.02813519 0.05922699 0.04225939 0.01495550 0.05693489 0.07242908 0.04679959 0.02128190 0.03486459 0.02555579 0.04271379 0.05061339 0.00558132 0.02754289 0.05601879
158 0.07416470 0.03752290 0.04914190 0.03786360 0.01339010 0.02310960 0.05277230 0.05295010 0.01973620 0.05167740 0.27040902 0.04543930 0.02088160 0.03220250 0.02487140 0.05224160 0.04152210 0.00684054 0.02924880 0.06401430
159 0.06321298 0.04845708 0.02682929 0.04420079 0.01209790 0.02379759 0.04190049 0.04852518 0.02425229 0.03896009 0.14572495 0.13183896 0.02642909 0.11172696 0.02704639 0.05147558 0.05021228 0.00715962 0.02812279 0.04802968
160 0.06246419 0.03508299 0.03848969 0.03493239 0.01066670 0.01868160 0.04198119 0.04968799 0.01756350 0.07528129 0.24625096 0.03433469 0.02280400 0.02883619 0.01928590 0.04868519 0.03239459 0.00514428 0.02309970 0.15433297
161 0.06857641 0.18071302 0.03191010 0.04308171 0.01466550 0.02599750 0.05312731 0.05453231 0.01411610 0.06572981 0.08883881 0.04644671 0.02329030 0.04589881 0.02897950 0.05193481 0.05230731 0.00556727 0.02787600 0.07641071
162 0.06333476 0.03494223 0.03813853 0.03475133 0.01055111 0.01756032 0.04186374 0.04966474 0.01807102 0.07490697 0.24601522 0.03424603 0.02281102 0.02917373 0.01967792 0.04888414 0.03261993 0.00493510 0.02368702 0.15416514
163 0.07478673 0.03733171 0.04831032 0.03766171 0.01335100 0.02254081 0.05376992 0.05113342 0.01980251 0.05109432 0.27151310 0.04612862 0.02115761 0.03189121 0.02515041 0.05393402 0.04076181 0.00655275 0.02868071 0.06444732
164 0.05419326 0.02959848 0.02183208 0.03201728 0.01096579 0.02028718 0.03502067 0.05093896 0.01861119 0.12610690 0.15857088 0.02811778 0.02434168 0.05023086 0.01981448 0.05725796 0.02876958 0.00651017 0.08969593 0.13711889
165 0.04555370 0.03529250 0.03411790 0.03418180 0.00823896 0.02154000 0.03517200 0.04980030 0.01601890 0.06921089 0.16544698 0.03169800 0.02125470 0.03232170 0.01793750 0.06751459 0.02476230 0.00416324 0.02477910 0.26099497
166 0.07420769 0.03684180 0.02136090 0.03627370 0.01265110 0.02871550 0.03916879 0.05432189 0.01787800 0.04413789 0.08072689 0.04869329 0.02445810 0.10118799 0.03204100 0.05781249 0.04211219 0.00763723 0.17719398 0.06257959
167 0.08318961 0.03340261 0.03094861 0.03898971 0.09585152 0.04030371 0.04027021 0.05012001 0.02357350 0.23406904 0.04590321 0.03875591 0.01466300 0.01920950 0.03326181 0.07248321 0.03691431 0.00642443 0.02210140 0.03956471
168 0.06878404 0.18127110 0.03162112 0.04374712 0.01476721 0.02540941 0.05199533 0.05447233 0.01448741 0.06582594 0.08970925 0.04623723 0.02281041 0.04622943 0.02985182 0.05064783 0.05149323 0.00587723 0.02875592 0.07600664
169 0.07981317 0.04241098 0.02331449 0.03904338 0.01184660 0.02242379 0.03903538 0.05178978 0.01952039 0.04185478 0.15461094 0.04223268 0.02020639 0.12502595 0.02693599 0.05104828 0.05131028 0.00702140 0.09858156 0.05197378
170 0.05515740 0.14484201 0.03583070 0.03945940 0.01562550 0.02935740 0.04333740 0.04111470 0.01704590 0.06707060 0.06661720 0.05596400 0.02235800 0.04505380 0.12706201 0.04505200 0.04770470 0.00764363 0.03170920 0.06199440
171 0.07938483 0.04984502 0.02924761 0.04231131 0.01229840 0.02929371 0.04403272 0.05845472 0.02241231 0.05685902 0.07655633 0.04643302 0.02427201 0.15499505 0.03099891 0.05639042 0.07165513 0.00815535 0.03224581 0.07415833
172 0.06832478 0.17959594 0.03194589 0.04408569 0.01499820 0.02608219 0.05353218 0.05445428 0.01433310 0.06449268 0.08923777 0.04736559 0.02277769 0.04612109 0.02837729 0.05134798 0.05232198 0.00571911 0.02883779 0.07604878
173 0.05777778 0.03143349 0.02854509 0.03317169 0.01575459 0.03428299 0.03588369 0.03522379 0.01735489 0.07491337 0.06224008 0.04354278 0.02617229 0.03302319 0.14726794 0.19210692 0.02847919 0.01807869 0.02886849 0.05587908
174 0.05398802 0.04094572 0.01742961 0.03423751 0.01176591 0.01880661 0.03193251 0.04251182 0.01774501 0.04088822 0.06711413 0.03334391 0.03142951 0.15563407 0.02244531 0.09693474 0.20342109 0.00663377 0.03225551 0.04053702
175 0.05078603 0.03339822 0.02738761 0.03254402 0.01043711 0.02448541 0.03566242 0.06569963 0.02014701 0.18352809 0.08915955 0.02915861 0.01727661 0.03313702 0.02124801 0.07395414 0.02817861 0.00657379 0.02401001 0.19322810
176 0.05687822 0.03988252 0.03216421 0.04520962 0.02168471 0.12397605 0.11519805 0.06056262 0.01828811 0.07769613 0.06989203 0.04457532 0.02385171 0.03254861 0.02612181 0.05821682 0.03638371 0.00704320 0.03725131 0.07257523
177 0.07177240 0.04283950 0.04374490 0.04196640 0.01896500 0.03195910 0.04165200 0.04739780 0.01980360 0.07364110 0.08361730 0.05560920 0.03319220 0.04221240 0.14074700 0.05437260 0.05180810 0.01030950 0.03308020 0.06130970
178 0.05263424 0.03753946 0.03499496 0.04230445 0.01360179 0.02988427 0.04062316 0.05903624 0.02308598 0.18642480 0.05833004 0.11422188 0.01794038 0.02759117 0.03093167 0.05591074 0.03220087 0.00856116 0.02370587 0.11047688
179 0.13541796 0.03468669 0.02498329 0.03342749 0.01416750 0.02137599 0.03361459 0.05384328 0.01942369 0.19366694 0.09642977 0.02777369 0.01815079 0.02876539 0.02270609 0.05802138 0.02864729 0.00674149 0.02108469 0.12707196
