1 0.02546499 0.00961441 0.00476783 0.00619568 0.00638036 0.00581330 0.01552829 0.01373930 0.00363337 0.04011389 0.71599674 0.00709463 0.03386909 0.02226189 0.00811927 0.01085150 0.01040450 0.00380671 0.01353250 0.04281178
2 0.03035850 0.02764100 0.00410160 0.00425964 0.00758843 0.02049080 0.01652730 0.00875450 0.00552437 0.02927580 0.02613230 0.00809712 0.00877518 0.00423388 0.73048606 0.02315420 0.02400280 0.00198164 0.00359356 0.01502130
3 0.00757609 0.00272108 0.00518058 0.14631804 0.00074177 0.00809889 0.00354210 0.76775423 0.00101015 0.00274556 0.00657609 0.00469341 0.00094642 0.00139452 0.00107618 0.02691211 0.00201337 0.00192552 0.00522782 0.00354605
4 0.03102030 0.00353147 0.00667601 0.01507890 0.00532135 0.00718643 0.00814043 0.00971498 0.00274517 0.07765450 0.05313180 0.01561770 0.02211190 0.01613640 0.00559314 0.02363530 0.02156190 0.00283454 0.00673074 0.66557703
5 0.02686519 0.04925569 0.01774380 0.03584159 0.00376222 0.03487639 0.03106129 0.01438290 0.00646924 0.03343429 0.01359260 0.61810985 0.01353930 0.01486040 0.00636655 0.02421759 0.02120709 0.00641001 0.00679863 0.02120539
6 0.04071799 0.01121410 0.00859849 0.00544593 0.00507208 0.01444880 0.01429350 0.00731194 0.00853782 0.58930884 0.06311928 0.01805650 0.02106799 0.02096359 0.01109430 0.03252439 0.02346479 0.00494409 0.00999682 0.08981878
7 0.05191248 0.01111660 0.00813456 0.01356009 0.01090190 0.00853088 0.01603469 0.02940529 0.01021170 0.02527979 0.01410599 0.01187830 0.00654322 0.01067070 0.01077440 0.69913372 0.02626519 0.00192144 0.01051730 0.02310179
8 0.04255999 0.01074800 0.00847391 0.00573548 0.00454196 0.01514870 0.01511030 0.00860147 0.00985472 0.57883691 0.06321419 0.01805810 0.02244220 0.02066050 0.01171340 0.03468249 0.02427260 0.00471221 0.01145180 0.08918109
9 0.02630590 0.04716651 0.01948330 0.03659331 0.00374847 0.03334681 0.03143981 0.01352230 0.00756198 0.03345721 0.01619380 0.61383811 0.01379520 0.01640740 0.00538037 0.02396000 0.02109950 0.00700182 0.00686308 0.02283510
10 0.01934810 0.02216310 0.01708760 0.00401156 0.00298292 0.00451659 0.01149840 0.00554170 0.01920520 0.02116480 0.03264029 0.00830186 0.00901887 0.04603959 0.00352798 0.02365040 0.01851960 0.00644891 0.70967287 0.01465970
11 0.02771079 0.04953019 0.01932350 0.03562699 0.00349557 0.03479369 0.03041339 0.01151080 0.00794910 0.03472169 0.01557260 0.61453486 0.01339910 0.01578610 0.00623276 0.02510669 0.02108140 0.00628390 0.00602960 0.02089730
12 0.01789090 0.01341870 0.00759120 0.00382211 0.00417170 0.00659850 0.02233349 0.01444280 0.00977355 0.03317989 0.04970669 0.00987307 0.00861465 0.69959581 0.00286677 0.01316190 0.01609580 0.00639622 0.03767359 0.02279269
13 0.02504939 0.00817403 0.02863519 0.64418582 0.00642250 0.02903399 0.05989838 0.03852269 0.01391990 0.01029800 0.01500770 0.02904119 0.00610586 0.00464889 0.00314685 0.02243129 0.01942139 0.00688331 0.00320424 0.02596939
14 0.02456299 0.00756253 0.02821189 0.64905584 0.00594932 0.02704759 0.06136968 0.03720449 0.01426170 0.00996436 0.01410220 0.02843349 0.00546679 0.00484744 0.00261453 0.01955170 0.02040819 0.00737947 0.00328921 0.02871659
15 0.02640490 0.67467593 0.00981568 0.00876212 0.00618535 0.02229090 0.03063650 0.00997115 0.01420560 0.01876800 0.02276640 0.04534560 0.01317500 0.01514220 0.01745510 0.02137980 0.01463590 0.00632378 0.01533350 0.00672663
16 0.05796198 0.00902906 0.01235170 0.03286579 0.00351349 0.00832973 0.01123570 0.73842473 0.00750896 0.00778535 0.02044409 0.00951398 0.00343597 0.00890312 0.00520605 0.03132429 0.01468739 0.00247771 0.00385995 0.01114100
17 0.02864609 0.00448637 0.00642752 0.01521440 0.00482699 0.00746166 0.00719309 0.00972280 0.00371922 0.07525408 0.05414429 0.01594040 0.02311800 0.01460920 0.00596531 0.02373670 0.02176080 0.00258947 0.00668878 0.66849486
18 0.00961073 0.73450458 0.00897384 0.00190382 0.00078572 0.15093191 0.00517140 0.00178839 0.01761779 0.00512189 0.02068649 0.01551149 0.00120700 0.00349671 0.00330163 0.00662736 0.00405036 0.00103805 0.00269997 0.00497088
19 0.02746649 0.02819169 0.01435640 0.03997799 0.00880857 0.02458289 0.68849385 0.01318030 0.00640152 0.01582500 0.02340579 0.02084100 0.00376075 0.01955050 0.00755423 0.02391739 0.01253030 0.00254237 0.00888563 0.00972735
20 0.01041451 0.00659163 0.00289702 0.00435048 0.00352768 0.03635492 0.01745951 0.00605791 0.01336281 0.00671385 0.60492737 0.01147581 0.00920625 0.00678470 0.21242513 0.00656511 0.00660000 0.00184087 0.01324871 0.01919571
21 0.05238300 0.01331530 0.00941852 0.01192800 0.01082810 0.00895680 0.01651820 0.02922710 0.01054360 0.02251190 0.01398860 0.01125910 0.00750477 0.01073330 0.01104830 0.69422306 0.02795980 0.00200843 0.01227690 0.02336720
22 0.02451359 0.00889410 0.00532417 0.00545869 0.00703467 0.00537715 0.01517220 0.01212470 0.00318189 0.04289249 0.71570679 0.00661568 0.03132909 0.02481089 0.00873129 0.01111340 0.01168910 0.00391086 0.01309510 0.04302419
23 0.02552668 0.04947587 0.02016299 0.03655838 0.00308410 0.03395308 0.03141368 0.01287719 0.00631444 0.03294198 0.01615379 0.61735660 0.01421559 0.01506619 0.00503030 0.02381698 0.02280019 0.00577556 0.00649884 0.02097759
24 0.06299590 0.00912097 0.01156980 0.03257850 0.00340187 0.00836944 0.00905889 0.73843900 0.00763660 0.00735609 0.02004040 0.00930487 0.00349277 0.00786788 0.00491176 0.03273210 0.01575560 0.00267674 0.00350865 0.00918217
25 0.04026670 0.01117710 0.00902896 0.00684480 0.00507711 0.01437840 0.01476740 0.00788382 0.00954128 0.58255302 0.06010750 0.02071060 0.02398600 0.01855890 0.01230140 0.03317700 0.02395850 0.00516093 0.00819707 0.09232350
26 0.64282809 0.01186170 0.01650180 0.01258680 0.00879368 0.01390410 0.01623220 0.04643221 0.01383740 0.03175470 0.02789110 0.01514030 0.01008450 0.00764706 0.01471490 0.04484691 0.02100800 0.00480208 0.00881674 0.03031570
27 0.03332999 0.02314719 0.02029090 0.00834670 0.00429900 0.00386574 0.00860972 0.00707546 0.01215210 0.05613319 0.09207788 0.02265559 0.57160987 0.01196180 0.01175770 0.01978130 0.01836900 0.00850651 0.01163640 0.05439399
28 0.02812881 0.02869361 0.01619310 0.03890251 0.00734446 0.02471531 0.68829815 0.01386070 0.00548301 0.01684050 0.02292841 0.02058500 0.00484963 0.01980190 0.00852246 0.02255660 0.01349350 0.00227465 0.00784188 0.00868579
29 0.01220220 0.00182867 0.00437149 0.00455949 0.00233132 0.00288988 0.00211612 0.00208345 0.00110761 0.33293997 0.04115250 0.00283859 0.01700230 0.01957860 0.00237746 0.00410368 0.00870427 0.00048222 0.00576123 0.53156896
30 0.01608039 0.00358302 0.00372066 0.00201684 0.00283223 0.01120009 0.25140583 0.00702702 0.01049229 0.61558359 0.01099869 0.01190219 0.00470844 0.00628673 0.00383407 0.00799058 0.01609849 0.00249333 0.00212940 0.00961612
31 0.05640751 0.01012550 0.01416580 0.03279860 0.00372205 0.00841761 0.00841192 0.74225010 0.00725067 0.00700009 0.01872830 0.00906112 0.00389743 0.01083280 0.00414186 0.03100630 0.01471090 0.00277969 0.00396933 0.01032240
32 0.03097271 0.00397211 0.00690172 0.01677541 0.00403881 0.00820663 0.00829008 0.00915649 0.00321609 0.07833773 0.05121632 0.01501451 0.02102961 0.01519651 0.00566758 0.02232221 0.02238951 0.00239595 0.00624970 0.66865029
33 0.01833090 0.01242030 0.00808653 0.00269069 0.00571271 0.00440725 0.00516950 0.00633419 0.00172015 0.35895708 0.39660909 0.00370399 0.04353771 0.00677862 0.00175939 0.01090460 0.02214051 0.00231205 0.01237000 0.07605472
34 0.00464165 0.20420901 0.00133192 0.00498977 0.00132222 0.01608810 0.01675380 0.00261276 0.00182508 0.01176120 0.00770012 0.00361972 0.00180991 0.00230241 0.69051304 0.00612086 0.01664430 0.00071922 0.00161891 0.00341599
35 0.01486770 0.00138432 0.00243990 0.00120760 0.00069619 0.00156839 0.00312619 0.01228980 0.00291215 0.03627530 0.02053740 0.00219165 0.00295761 0.74011006 0.00072835 0.00438725 0.01513730 0.00175682 0.12775101 0.00767501
36 0.06928774 0.02509371 0.02654762 0.02425471 0.00879041 0.00765954 0.02183621 0.02570251 0.55719832 0.03417352 0.01615281 0.01793681 0.01375341 0.02737972 0.00920756 0.03691922 0.02725422 0.00656923 0.03221952 0.01206321
37 0.05561917 0.01204189 0.00757926 0.01281489 0.01189039 0.00938616 0.01689089 0.03012329 0.01094419 0.02332909 0.01543529 0.01217229 0.00615615 0.00994569 0.01036889 0.69473066 0.02729369 0.00164977 0.00975156 0.02187679
38 0.02105469 0.02208709 0.01652699 0.00387395 0.00288847 0.00474271 0.01049740 0.00479973 0.02062319 0.02261839 0.03288149 0.00800494 0.00908487 0.04317499 0.00300293 0.02580739 0.01991269 0.00570691 0.70748978 0.01522140
39 0.02180701 0.70749841 0.02022341 0.00912526 0.00109751 0.02483681 0.00418678 0.00257846 0.12379307 0.00668349 0.00670394 0.00695096 0.00200304 0.00317187 0.00183220 0.00591826 0.00543252 0.00130066 0.04173292 0.00312338
40 0.01723431 0.01431801 0.00863212 0.00327511 0.00428977 0.00632982 0.02373981 0.01466461 0.00969542 0.03283821 0.04817212 0.01043140 0.00804545 0.69975826 0.00247123 0.01370971 0.01675191 0.00559791 0.03775361 0.02229121
41 0.04872150 0.02331700 0.01498070 0.02810320 0.00283033 0.64977495 0.04613180 0.01332670 0.00302977 0.02893900 0.01457220 0.04232500 0.00301403 0.00861148 0.01421660 0.01675090 0.01518920 0.00286826 0.00492311 0.01837430
42 0.01251509 0.00739699 0.00454518 0.00603794 0.00181152 0.01242259 0.00572168 0.02157589 0.00742841 0.01320109 0.01282519 0.00342516 0.00349190 0.08296327 0.00329971 0.73923970 0.01466969 0.00082241 0.02201109 0.02459549
43 0.02076701 0.02249611 0.01690720 0.00406897 0.00314725 0.00555801 0.01221070 0.00513489 0.01933041 0.02303731 0.03741981 0.00891782 0.00848086 0.04393111 0.00313884 0.02298691 0.01955721 0.00599500 0.70254418 0.01437040
44 0.02533449 0.00942192 0.00499323 0.00582189 0.00590282 0.00557262 0.01577599 0.01175469 0.00279952 0.04559338 0.71001362 0.00616042 0.03465718 0.02155929 0.00942949 0.01099129 0.01209519 0.00340432 0.01382729 0.04489138
45 0.01754429 0.01264370 0.00850277 0.00402193 0.00392854 0.00562892 0.02391369 0.01450919 0.01061300 0.03357359 0.05024388 0.01343429 0.00747734 0.69417174 0.00218409 0.01259320 0.01581939 0.00639989 0.03826699 0.02452959
46 0.02253960 0.00957509 0.00484951 0.00555544 0.00675054 0.00475165 0.01470710 0.01331070 0.00337853 0.04377410 0.71766801 0.00614037 0.03202470 0.02204000 0.00907880 0.01171170 0.01159900 0.00437395 0.01445690 0.04171430
47 0.04631992 0.02360731 0.01568551 0.02883691 0.00262100 0.64926231 0.04836532 0.01400921 0.00384972 0.02616571 0.01530271 0.04012802 0.00366301 0.00891539 0.01430891 0.01711891 0.01476611 0.00350118 0.00521572 0.01835711
48 0.00942192 0.00110503 0.00274801 0.00433243 0.00133511 0.00118758 0.00148461 0.00172001 0.00082725 0.27046712 0.02564421 0.00215875 0.01199451 0.01760641 0.00189388 0.00244524 0.00655903 0.00047835 0.00382525 0.63276529
49 0.04601998 0.00731509 0.00758931 0.00640620 0.00662167 0.01553349 0.00990191 0.02005509 0.00823801 0.02221159 0.01097219 0.00686297 0.00422242 0.00712154 0.00851819 0.63589566 0.14413992 0.00477502 0.01011219 0.01748759
50 0.02975192 0.00347112 0.01255141 0.70238638 0.00462351 0.02444511 0.16688209 0.00478849 0.00660398 0.00323164 0.00415460 0.00426970 0.00111751 0.00078068 0.00137463 0.00807256 0.01082021 0.00156080 0.00058859 0.00852505
51 0.02950000 0.00387492 0.00609091 0.01568520 0.00469691 0.00681691 0.00786316 0.00941989 0.00295315 0.07669050 0.05098530 0.01432240 0.02020810 0.01523320 0.00556741 0.02404210 0.02160710 0.00229517 0.00679865 0.67534901
52 0.06839391 0.02670930 0.02449670 0.02623310 0.00909430 0.00708152 0.02154830 0.02376130 0.55458110 0.03689981 0.01665840 0.01735580 0.01536850 0.02817961 0.00910518 0.03712331 0.02463320 0.00729962 0.03202791 0.01344910
53 0.03994568 0.01226959 0.00824264 0.00609108 0.00507160 0.01374409 0.01487959 0.00757629 0.00979019 0.59034573 0.06286407 0.01763919 0.02092829 0.01729219 0.01098579 0.03304938 0.02276579 0.00496485 0.00972781 0.09182616
54 0.00419057 0.01634030 0.70774679 0.00487131 0.00838779 0.00463186 0.00154020 0.00681605 0.00295250 0.01002440 0.00714020 0.00908451 0.16656995 0.00511914 0.00186521 0.00756767 0.00549919 0.00243546 0.00384223 0.02337469
55 0.64109032 0.01398801 0.01575171 0.01104981 0.01096021 0.01456451 0.01611371 0.04671572 0.01524661 0.03017892 0.02781851 0.01605321 0.01053871 0.00812640 0.01266201 0.04561952 0.02072681 0.00594637 0.00841833 0.02843061
56 0.02401729 0.00756778 0.00903942 0.00292976 0.00319216 0.00219717 0.00517329 0.00368577 0.00601387 0.48307887 0.10131997 0.00331803 0.20876794 0.00612877 0.00557174 0.01981049 0.01028160 0.00192904 0.00792527 0.08805178
57 0.05270089 0.01098530 0.00879512 0.01092170 0.01171460 0.00783795 0.01666010 0.02860509 0.01102570 0.02625120 0.01455220 0.01177120 0.00771603 0.01124150 0.01125980 0.69400188 0.02736360 0.00219758 0.01103600 0.02336260
58 0.00803761 0.00660093 0.00329043 0.00658806 0.00184773 0.00464688 0.00564825 0.01148030 0.00447612 0.01638460 0.01419670 0.00782926 0.00743387 0.00448325 0.00360660 0.01020760 0.67614093 0.00351267 0.00550625 0.19808198
59 0.02481678 0.01654149 0.00718481 0.00369448 0.00144692 0.00195854 0.00577787 0.00390509 0.00876184 0.31284075 0.03407107 0.00590335 0.48831561 0.00477764 0.00334674 0.01671719 0.01006209 0.00148990 0.00813718 0.04025067
60 0.02515720 0.04982269 0.01977150 0.03482050 0.00318145 0.03307460 0.03187300 0.01396950 0.00744058 0.03333270 0.01645820 0.61634892 0.01592580 0.01496030 0.00564979 0.02373800 0.01961330 0.00595866 0.00669525 0.02220810
61 0.01651790 0.01329420 0.00777386 0.00390171 0.00443527 0.00639642 0.02486540 0.01431200 0.01037020 0.03364360 0.04601030 0.01152880 0.00831695 0.69870495 0.00266349 0.01263570 0.01566550 0.00602497 0.03959790 0.02334090
62 0.04603931 0.02772170 0.01466160 0.02607160 0.00284325 0.65009411 0.04527041 0.01440550 0.00417013 0.02867290 0.01535830 0.03980621 0.00320183 0.00715904 0.01342720 0.01744730 0.01497320 0.00397799 0.00559589 0.01910250
63 0.04184107 0.01090289 0.00867972 0.00606899 0.00487710 0.01477329 0.01567789 0.00825167 0.00977682 0.57723261 0.06147656 0.01983229 0.02393958 0.02330788 0.01329369 0.03197628 0.02457328 0.00402715 0.01106319 0.08842804
64 0.02849200 0.01194140 0.69418694 0.02384920 0.00504865 0.01497790 0.01803700 0.02266010 0.01046570 0.01813080 0.01471640 0.02756660 0.02113250 0.01086260 0.00398892 0.02200510 0.01759040 0.00506901 0.01542880 0.01385000
65 0.01190351 0.00341166 0.00305509 0.00540535 0.00234961 0.00482942 0.01169431 0.01599561 0.00219134 0.06662194 0.63359635 0.00397722 0.02608261 0.00496993 0.00587648 0.01127521 0.16272809 0.00405381 0.00825584 0.01172661
66 0.02721439 0.02724759 0.01537860 0.04262819 0.00710920 0.02507739 0.68520584 0.01419840 0.00669738 0.01647620 0.02725439 0.01971140 0.00378697 0.01808920 0.00806884 0.02170979 0.01299980 0.00300678 0.00812527 0.01001440
67 0.02381800 0.00760073 0.02919479 0.63908787 0.00643380 0.02877989 0.06121139 0.04032849 0.01450230 0.01047900 0.01300190 0.02935939 0.00701630 0.00437541 0.00357069 0.02006880 0.02198150 0.00543600 0.00362127 0.03013249
68 0.50566129 0.00385897 0.01407341 0.00459435 0.00692027 0.00320239 0.00610810 0.02653842 0.01687111 0.00921315 0.01369071 0.00489864 0.00342780 0.00200260 0.00685055 0.33238019 0.02286671 0.00153600 0.00797172 0.00733359
69 0.03597160 0.01423290 0.01061320 0.01412760 0.00530357 0.00810851 0.01384620 0.02133690 0.01075690 0.03359450 0.02606410 0.01920360 0.01116840 0.01361630 0.01299600 0.03760570 0.65708005 0.00510404 0.01258010 0.03668980
70 0.03567929 0.02255669 0.02022869 0.00911049 0.00398025 0.00409075 0.00848875 0.00640412 0.01229730 0.05790898 0.09360387 0.02269099 0.56843682 0.01051380 0.01160040 0.01841699 0.01857489 0.00761585 0.01111310 0.05668798
71 0.00535421 0.09475972 0.00949022 0.04219247 0.00097887 0.10090892 0.02713468 0.00450440 0.00068008 0.04610576 0.00673750 0.59730752 0.00092869 0.01069329 0.00124774 0.01998778 0.01144619 0.00042974 0.00048124 0.01863098
72 0.01943730 0.00691525 0.00803463 0.48675210 0.00436888 0.02542871 0.04158211 0.04875071 0.01002080 0.01201670 0.01492410 0.02313030 0.00481294 0.00405282 0.00349544 0.23752005 0.01457440 0.00514056 0.00311118 0.02593101
73 0.02797729 0.02811369 0.01529869 0.03731528 0.00921843 0.02545669 0.68242170 0.01367959 0.00528932 0.01835309 0.02729719 0.01963159 0.00418123 0.02082499 0.00955404 0.02227209 0.01410099 0.00263287 0.00707037 0.00931088
74 0.02815679 0.02886849 0.01552090 0.03997139 0.01027940 0.02474939 0.68992783 0.01326500 0.00537619 0.01594820 0.02382179 0.01799450 0.00451177 0.01771470 0.00925312 0.02084839 0.01284120 0.00220113 0.00893308 0.00981676
75 0.01851011 0.01342141 0.00808498 0.00420494 0.00467154 0.00606718 0.02276781 0.01533251 0.00977700 0.03484021 0.05025832 0.01187840 0.00859750 0.69058126 0.00281816 0.01282310 0.01618871 0.00617562 0.03710931 0.02589191
76 0.64395908 0.01164920 0.01496750 0.01035670 0.01096760 0.01502870 0.01713090 0.04803031 0.01413440 0.03108300 0.02620320 0.01503470 0.01087810 0.00787413 0.01389170 0.04517401 0.01993210 0.00450995 0.00863399 0.03056070
77 0.02441930 0.00897048 0.00517730 0.00569886 0.00592103 0.00520963 0.01547380 0.01426980 0.00292628 0.04135610 0.71610505 0.00616091 0.03310200 0.02069420 0.00825433 0.01106140 0.01242430 0.00381131 0.01480490 0.04415900
78 0.04860140 0.02649040 0.01487170 0.02905150 0.00348382 0.64242001 0.04714610 0.01512560 0.00426174 0.02790440 0.01598190 0.03872250 0.00418779 0.00854291 0.01536900 0.01634520 0.01401350 0.00330201 0.00677201 0.01740650
79 0.36581176 0.00387248 0.02266629 0.00489800 0.00943790 0.00435364 0.00885665 0.03616758 0.02148359 0.01904839 0.00801504 0.00556438 0.00257594 0.00272065 0.00766829 0.31749179 0.13765691 0.00251506 0.01041889 0.00877678
80 0.38313419 0.00286522 0.00775834 0.00304418 0.00833494 0.00205138 0.00387944 0.01076051 0.01325401 0.00698749 0.01188221 0.00321244 0.00323769 0.00246026 0.00882167 0.49043024 0.02466341 0.00110167 0.00817364 0.00394705
81 0.00690089 0.03874320 0.01190090 0.04505520 0.00106943 0.04336210 0.03131510 0.00472288 0.00301394 0.09527001 0.00495188 0.66308405 0.00152785 0.00788633 0.00162224 0.02134990 0.01201700 0.00103714 0.00164893 0.00352101
82 0.01537491 0.00604592 0.00909302 0.00155104 0.00683925 0.00368167 0.00314004 0.00378025 0.00113100 0.41380324 0.34907420 0.00218018 0.04250762 0.00545146 0.00125883 0.00871595 0.01857581 0.00222193 0.01004651 0.09552716
83 0.02223861 0.02169181 0.01722590 0.00392868 0.00263609 0.00520013 0.00953371 0.00562970 0.02156631 0.02309251 0.03526331 0.00704927 0.00891730 0.04440571 0.00272656 0.02393661 0.01907311 0.00654109 0.70500019 0.01434340
84 0.04700209 0.02748840 0.01661690 0.02924220 0.00319862 0.64364392 0.04717139 0.01245240 0.00375645 0.02860880 0.01587010 0.04014110 0.00322063 0.00856441 0.01381930 0.01606590 0.01476810 0.00374013 0.00488818 0.01974100
85 0.02826519 0.02875978 0.01585239 0.04040278 0.00861310 0.02513629 0.68436964 0.01341659 0.00605072 0.01470889 0.02471229 0.02015249 0.00511158 0.01878189 0.00774004 0.02284689 0.01303979 0.00248722 0.00880737 0.01074509
86 0.01039849 0.00331696 0.00222335 0.00545660 0.00267789 0.00281275 0.01013119 0.01593079 0.00260022 0.08778334 0.61199755 0.00466907 0.03057298 0.00461923 0.00627882 0.00959138 0.15979488 0.00203026 0.01076519 0.01634909
87 0.00934899 0.00206355 0.00513571 0.00303728 0.00255154 0.00231953 0.00097776 0.00145212 0.00081266 0.42216484 0.04366878 0.00128776 0.01645089 0.02277979 0.00205342 0.00295741 0.00773159 0.00030924 0.00534932 0.44754783
88 0.02703980 0.67610707 0.01009660 0.00757677 0.00584816 0.02330830 0.02942460 0.01069180 0.01393150 0.01852220 0.02319990 0.04463610 0.01256450 0.01708380 0.01495810 0.02099270 0.01357750 0.00563261 0.01763630 0.00717166
89 0.05280279 0.01126910 0.00892094 0.01259820 0.01148840 0.00867422 0.01807200 0.02870949 0.00956251 0.02589659 0.01578840 0.01091270 0.00695577 0.01060550 0.01106300 0.69657485 0.02546649 0.00149978 0.01171630 0.02142300
90 0.02278770 0.00826704 0.02755020 0.64827307 0.00619247 0.02699380 0.05947511 0.03695200 0.01488160 0.01088130 0.01432100 0.03111070 0.00592938 0.00457943 0.00312216 0.01999500 0.02038840 0.00600491 0.00303960 0.02925510
91 0.03022471 0.00403409 0.00658135 0.01489360 0.00435937 0.00757133 0.00732595 0.01016860 0.00344433 0.07564802 0.05233251 0.01582100 0.02201101 0.01527910 0.00540762 0.02298841 0.02288671 0.00268896 0.00625415 0.67007917
92 0.02511650 0.00931398 0.00605572 0.00661216 0.00681832 0.00489455 0.01512420 0.01186450 0.00358360 0.04107269 0.71671091 0.00689189 0.03223930 0.01996310 0.00970559 0.01063150 0.01333360 0.00461752 0.01335190 0.04209849
93 0.02679680 0.04844470 0.02187690 0.03575860 0.00306141 0.03558590 0.02957460 0.01385270 0.00705196 0.03203340 0.01687670 0.60743104 0.01454620 0.01663230 0.00476912 0.02416620 0.02113690 0.00696441 0.00880793 0.02463220
94 0.01565150 0.00092578 0.01567510 0.00075953 0.00684068 0.00035722 0.00036885 0.00149609 0.00024990 0.51252104 0.20383301 0.00052420 0.04785520 0.00135235 0.00032722 0.00324708 0.00206962 0.00027832 0.00104729 0.18462001
95 0.02750771 0.01230710 0.70028923 0.02534081 0.00529507 0.01706721 0.01690171 0.02225111 0.01176550 0.01458700 0.01547801 0.02698281 0.01958891 0.00889554 0.00294889 0.02086901 0.01785561 0.00582447 0.01611791 0.01212640
96 0.02659549 0.05068028 0.01990779 0.03298719 0.00319014 0.03305499 0.03022229 0.01468949 0.00630940 0.03281249 0.01532269 0.61805074 0.01497419 0.01515379 0.00549062 0.02293459 0.02112149 0.00776105 0.00693121 0.02181009
97 0.01580450 0.00153423 0.01519840 0.00087313 0.00718960 0.00017413 0.00050580 0.00154190 0.00024542 0.51023194 0.20360397 0.00043451 0.04714029 0.00405640 0.00039743 0.00326595 0.00190704 0.00028612 0.00089927 0.18470998
98 0.02530601 0.00960921 0.00552208 0.00708998 0.00607895 0.00513654 0.01496221 0.01204930 0.00317173 0.04093691 0.71769224 0.00586234 0.03311211 0.02183701 0.00888742 0.01163280 0.01097350 0.00380791 0.01319070 0.04314101
99 0.01632071 0.00410180 0.74884525 0.00390376 0.00203670 0.00650099 0.00937462 0.01563011 0.00479867 0.00755740 0.00855887 0.02158271 0.00852381 0.00242911 0.00199545 0.10282103 0.01838641 0.00194788 0.00490053 0.00978418
100 0.02147091 0.03705632 0.01305081 0.03424902 0.00144669 0.03057482 0.09179775 0.00760996 0.00156683 0.03907242 0.00696499 0.65783836 0.00303528 0.01187131 0.00142368 0.01764051 0.01478301 0.00417440 0.00173539 0.00263753
101 0.02779370 0.02943090 0.01573090 0.03799760 0.00761461 0.02231680 0.68107603 0.01488390 0.00658491 0.01641230 0.02705870 0.02125160 0.00453188 0.02037460 0.00911253 0.02343330 0.01373160 0.00210958 0.00792095 0.01063360
102 0.00934131 0.03781532 0.01046551 0.03100632 0.00107957 0.02820561 0.02400181 0.01267641 0.00136682 0.03952482 0.00615882 0.67926633 0.00483534 0.00912143 0.00172922 0.08032954 0.01159081 0.00159642 0.00251438 0.00737420
103 0.02407860 0.00915487 0.00571411 0.00595867 0.00641799 0.00597222 0.01604030 0.01321680 0.00306089 0.04329790 0.71351699 0.00639911 0.03228200 0.02182360 0.00896316 0.00978973 0.01214630 0.00413177 0.01413500 0.04390000
104 0.05914401 0.00890577 0.01258170 0.03325550 0.00316636 0.00900272 0.01014950 0.73808710 0.00732406 0.00732117 0.01967370 0.00933573 0.00342095 0.00975277 0.00512914 0.03122230 0.01527410 0.00300503 0.00367536 0.01057300
105 0.69738254 0.00420630 0.01296351 0.00853291 0.00270874 0.00961138 0.12542310 0.00652756 0.00761177 0.01038091 0.01119851 0.01883081 0.00381221 0.00341220 0.01869731 0.01276861 0.01570021 0.00231739 0.00338161 0.02453242
106 0.02774200 0.02943250 0.01558640 0.03880420 0.00874410 0.02325270 0.68647102 0.01465750 0.00705325 0.01592560 0.02719980 0.01843150 0.00426667 0.01678250 0.00921414 0.02316550 0.01346400 0.00179199 0.00795632 0.01005830
107 0.04122789 0.01073860 0.00797800 0.00610098 0.00540851 0.01603629 0.01538599 0.00700200 0.01108750 0.58026279 0.06121908 0.01875489 0.02374959 0.01997439 0.01086650 0.03413859 0.02362889 0.00398187 0.01068520 0.09177247
108 0.04662222 0.02920112 0.01736031 0.02469191 0.00258173 0.01030581 0.01292081 0.01699531 0.01095201 0.02676311 0.03832502 0.02762281 0.02961742 0.03980512 0.00542475 0.01700831 0.02351261 0.57449430 0.02477001 0.02102531
109 0.01123921 0.00184410 0.00437899 0.00427714 0.00233798 0.00248956 0.00164485 0.00243107 0.00126039 0.33622320 0.04036212 0.00201992 0.01769931 0.02041281 0.00225632 0.00370184 0.00798014 0.00071571 0.00576500 0.53096031
110 0.03382389 0.02289329 0.01898120 0.00853399 0.00424044 0.00415726 0.00952742 0.00737774 0.01057840 0.05437419 0.09313888 0.02392499 0.57293286 0.01150310 0.01129160 0.02017180 0.01923180 0.00798179 0.01150950 0.05382589
111 0.02693699 0.00875220 0.00463168 0.00599090 0.00549997 0.00482771 0.01461339 0.01238860 0.00355881 0.04105448 0.71852573 0.00586462 0.03237649 0.02138479 0.00900644 0.01089980 0.01368489 0.00337025 0.01279230 0.04383998
112 0.02532640 0.00636741 0.00478497 0.00640606 0.00572561 0.00465272 0.01484710 0.01248710 0.00319677 0.03938639 0.72167091 0.00598543 0.03265450 0.02204110 0.00954144 0.01056780 0.01343780 0.00364362 0.01541260 0.04186429
113 0.05614838 0.01094660 0.00919408 0.01211139 0.01233539 0.00879630 0.01634869 0.02922439 0.01073470 0.02465789 0.01484729 0.01060530 0.00638408 0.01041850 0.00984668 0.69647671 0.02720599 0.00115818 0.01147150 0.02108799
114 0.04869241 0.02251660 0.01683200 0.02792451 0.00318601 0.65400612 0.04694531 0.01390050 0.00345212 0.02724851 0.01543130 0.03774951 0.00312185 0.00718232 0.01300920 0.01555480 0.01426250 0.00298460 0.00600831 0.01999150
115 0.02926371 0.00439385 0.00619758 0.01644521 0.00401804 0.00763121 0.00737916 0.01113500 0.00369390 0.07539333 0.05390252 0.01458491 0.02038911 0.01629381 0.00604689 0.02066421 0.02424061 0.00219383 0.00686188 0.66927124
116 0.06442308 0.01778099 0.01356590 0.01710259 0.60508480 0.00711934 0.03398829 0.01733969 0.00903088 0.01991829 0.04105769 0.00832808 0.00769845 0.01296290 0.01945039 0.05266238 0.01620259 0.00161816 0.00642832 0.02823719
117 0.04771909 0.02504249 0.01495000 0.02567309 0.00233380 0.65607081 0.04528919 0.01607910 0.00377053 0.02854749 0.01513400 0.03653609 0.00340574 0.00745632 0.01363300 0.01550420 0.01451690 0.00331984 0.00609416 0.01892419
118 0.46054083 0.00150864 0.00192563 0.00189970 0.01267260 0.00674596 0.00243470 0.33469788 0.00243264 0.00530768 0.00964740 0.00135160 0.00192482 0.00825168 0.00226297 0.03307929 0.10742096 0.00065278 0.00128317 0.00395909
119 0.02370860 0.00893859 0.00594909 0.00570183 0.00613808 0.00498668 0.01420370 0.01306280 0.00305632 0.04224011 0.71707913 0.00677239 0.03333281 0.02367700 0.00845858 0.01031360 0.01256260 0.00393326 0.01238390 0.04350091
120 0.63987196 0.01186540 0.01654840 0.01015280 0.01076060 0.01425030 0.01661360 0.04901790 0.01399540 0.03158970 0.02832690 0.01413810 0.01072480 0.00771375 0.01327460 0.04764560 0.02128610 0.00413888 0.00765074 0.03043450
121 0.64234294 0.01022230 0.01621880 0.00961684 0.01039380 0.01651760 0.01685050 0.04696150 0.01362700 0.03176480 0.02777420 0.01617840 0.01186480 0.00707753 0.01414640 0.04674930 0.01997390 0.00549929 0.00753413 0.02868600
122 0.05629641 0.00921650 0.01427350 0.03352591 0.00345085 0.00864956 0.00878555 0.74127019 0.00763196 0.00646731 0.01951810 0.00919931 0.00378862 0.00758356 0.00446398 0.03397211 0.01555140 0.00298592 0.00363441 0.00973482
123 0.02861170 0.00592616 0.00372811 0.00553166 0.00217059 0.00586541 0.01079530 0.00601930 0.00470618 0.56670295 0.02560240 0.00855147 0.00807168 0.01480030 0.00725234 0.03948010 0.19575898 0.00276639 0.01707480 0.04058420
124 0.04051270 0.01192710 0.00847523 0.00653171 0.00464567 0.01380360 0.01510380 0.00779788 0.00877911 0.57794601 0.06585360 0.01737660 0.02436090 0.02036290 0.01071360 0.03294360 0.02389360 0.00462211 0.00980917 0.09454110
125 0.01152230 0.00190830 0.00402867 0.00555727 0.00520560 0.00347752 0.00425401 0.00396923 0.00260056 0.04282058 0.30364788 0.00678334 0.01004040 0.02834349 0.00383328 0.01980379 0.01530439 0.00165035 0.00776727 0.51748179
126 0.03516959 0.02338630 0.01975340 0.00887472 0.00392377 0.00442287 0.00808680 0.00710945 0.01187150 0.05574749 0.09688989 0.02304870 0.56737291 0.01081200 0.01085500 0.01807990 0.01825620 0.00873734 0.01228240 0.05531979
127 0.05663782 0.01140580 0.00916022 0.01353471 0.01066220 0.00870504 0.01694271 0.02858521 0.01005570 0.02298441 0.01529371 0.01053540 0.00725960 0.01025590 0.01174580 0.69255827 0.02762081 0.00219585 0.01096780 0.02289301
128 0.02905490 0.01205130 0.69861398 0.02488440 0.00476752 0.01783640 0.01745250 0.02253290 0.01219750 0.01520710 0.01447250 0.02793340 0.02049700 0.00810365 0.00326918 0.02068210 0.01780260 0.00508088 0.01414820 0.01341200
129 0.02542501 0.00856054 0.00502014 0.00603791 0.00673903 0.00502828 0.01440781 0.01227470 0.00245146 0.04344112 0.71285826 0.00723335 0.03334851 0.02270611 0.00922055 0.01045500 0.01158110 0.00367137 0.01419841 0.04534132
130 0.01039040 0.00121734 0.00284122 0.00330563 0.00130514 0.00156278 0.00194019 0.00212179 0.00061017 0.28332003 0.02629550 0.00249818 0.01310150 0.01849220 0.00220948 0.00316963 0.00722284 0.00069933 0.00409556 0.61360107
131 0.02637371 0.67066417 0.01065430 0.00818783 0.00591015 0.02300401 0.03146171 0.01086240 0.01383770 0.01955350 0.02312511 0.04387151 0.01412240 0.01673790 0.01644210 0.02072481 0.01571250 0.00565618 0.01674640 0.00635159
132 0.02185080 0.00950179 0.00514439 0.00634250 0.00566945 0.00587083 0.01513810 0.01315730 0.00286135 0.03843119 0.71986686 0.00659587 0.03287549 0.02215790 0.00965017 0.01163970 0.01237690 0.00316674 0.01499730 0.04270539
133 0.02290209 0.00737904 0.02866549 0.64026672 0.00679257 0.02698069 0.05955157 0.03928468 0.01530049 0.01050420 0.01495559 0.03260099 0.00530427 0.00482389 0.00334748 0.02072249 0.02053859 0.00697376 0.00358392 0.02952149
134 0.01179200 0.00630085 0.00545224 0.00480389 0.00266376 0.00757700 0.00529936 0.00623876 0.00848714 0.00774869 0.17845801 0.00706836 0.00549911 0.05894970 0.00409151 0.23107802 0.02117400 0.00216467 0.00680689 0.41834603
135 0.02361891 0.00746731 0.00565155 0.00586142 0.00626068 0.00521119 0.01487001 0.01485341 0.00331050 0.04333942 0.71380934 0.00612549 0.03437932 0.02094751 0.01045390 0.01101641 0.01215851 0.00380269 0.01324001 0.04362242
136 0.01956999 0.02297159 0.01782299 0.00324503 0.00276603 0.00548335 0.00974023 0.00517425 0.02204319 0.02173789 0.03429609 0.00828570 0.00856020 0.04343078 0.00289500 0.02501709 0.02001629 0.00725128 0.70569974 0.01399329
137 0.02407429 0.00824504 0.00505024 0.00647530 0.00580414 0.00486436 0.01369180 0.01245930 0.00307816 0.03915209 0.72675378 0.00657774 0.03245889 0.02135479 0.00835972 0.01119230 0.01118770 0.00425430 0.01405200 0.04091409
138 0.01733671 0.01296730 0.00778871 0.00376191 0.00443283 0.00662253 0.02422081 0.01490850 0.00994170 0.03379571 0.04838912 0.01307280 0.00862345 0.69358323 0.00218243 0.01303310 0.01616781 0.00638791 0.03984581 0.02293761
139 0.06149600 0.00949562 0.01339160 0.03261450 0.00423987 0.00828253 0.01002550 0.73283699 0.00778481 0.00816775 0.02089220 0.00919355 0.00381931 0.00886046 0.00453279 0.03350300 0.01480730 0.00248638 0.00378796 0.00978188
140 0.01748431 0.01522431 0.00814084 0.00443976 0.00528278 0.00655596 0.02106881 0.01370821 0.01046160 0.03514792 0.04870972 0.01171111 0.00738713 0.69604533 0.00245655 0.01259611 0.01585101 0.00509461 0.03745892 0.02517501
141 0.01398861 0.00967069 0.02017711 0.15613309 0.00254856 0.00543629 0.00933499 0.00643844 0.00680900 0.01957751 0.01617591 0.01430231 0.59477433 0.00402562 0.00640960 0.01521531 0.01628141 0.00406197 0.00530741 0.07333184
142 0.02968531 0.00357359 0.00647211 0.01474740 0.00470624 0.00724731 0.00835934 0.01008580 0.00311330 0.07724032 0.05294052 0.01603870 0.01910901 0.01552300 0.00546012 0.02291901 0.02144841 0.00273172 0.00692957 0.67166920
143 0.06095842 0.00886526 0.01323421 0.03198451 0.00409616 0.00830831 0.01078870 0.73388129 0.00670568 0.00775411 0.02028471 0.01015030 0.00369133 0.00902632 0.00486135 0.03213391 0.01554711 0.00282838 0.00427441 0.01062550
144 0.58455101 0.00272089 0.01286990 0.00324444 0.00329582 0.00244429 0.00408939 0.03347210 0.01704430 0.00606238 0.01252210 0.00409792 0.00285866 0.00191962 0.00432417 0.27188601 0.02163190 0.00115969 0.00483239 0.00497302
145 0.03896799 0.00512213 0.10398897 0.00653547 0.19484695 0.00290209 0.01198680 0.02242669 0.01029460 0.00810852 0.01351610 0.00635711 0.00650081 0.00729618 0.00261137 0.53016086 0.01354300 0.00128269 0.00308619 0.01046550
146 0.01656440 0.00312152 0.00764027 0.00435289 0.00729422 0.00112805 0.00354305 0.00280964 0.00405997 0.13644798 0.45388993 0.00605364 0.12095298 0.01411190 0.00314374 0.00569604 0.00497582 0.00119175 0.00763825 0.19538397
147 0.29989520 0.00253412 0.00714985 0.00359294 0.01541781 0.00282619 0.00597643 0.01234981 0.01481811 0.00733804 0.01025011 0.00335336 0.00357498 0.00258644 0.01141851 0.55511237 0.02535872 0.00120044 0.00823200 0.00701456
148 0.04245912 0.01050671 0.00793084 0.00585974 0.00563455 0.01371221 0.01596881 0.00877212 0.00996156 0.57773229 0.06310433 0.01875831 0.02284681 0.01784051 0.01277471 0.03202232 0.02450361 0.00501659 0.01086071 0.09373415
149 0.02352270 0.01010620 0.00525669 0.00620870 0.00544775 0.00583952 0.01482120 0.01151160 0.00308048 0.04011321 0.72095112 0.00625905 0.03312301 0.02176460 0.00948262 0.01147830 0.01152430 0.00336732 0.01486740 0.04127421
150 0.03997938 0.01815279 0.00345783 0.00311562 0.00356525 0.00149199 0.00366266 0.00263723 0.00761893 0.02991688 0.30964481 0.01160259 0.50675569 0.00573006 0.01171889 0.00559178 0.00775613 0.00251866 0.00534307 0.01973979
151 0.03199641 0.02882281 0.00307887 0.00351395 0.00777801 0.01992771 0.01467161 0.00913140 0.00594509 0.02735731 0.02607551 0.00753679 0.00947929 0.00496413 0.73194731 0.02174981 0.02553161 0.00169632 0.00382483 0.01497121
152 0.02809780 0.67045309 0.01012910 0.00811601 0.00589026 0.02337730 0.02912050 0.01155910 0.01503930 0.01817130 0.02442730 0.04197821 0.01253370 0.01496200 0.01470560 0.02301430 0.01626640 0.00687867 0.01778010 0.00749993
153 0.03438260 0.02823850 0.00390870 0.00401625 0.00974887 0.01983470 0.01640360 0.00821921 0.00561778 0.02705780 0.02917210 0.00835982 0.01074380 0.00394197 0.72152894 0.02331070 0.02439000 0.00156578 0.00458041 0.01497850
154 0.01768450 0.01640040 0.00831450 0.00436022 0.00425551 0.00666644 0.02258830 0.01436100 0.01064300 0.03290140 0.04798550 0.01421920 0.00791657 0.69219300 0.00308517 0.01403830 0.01591680 0.00618609 0.03638500 0.02389910
155 0.45218517 0.00553489 0.00412149 0.00711695 0.02926691 0.01048030 0.01019960 0.20958908 0.00639036 0.02565351 0.01402131 0.00553185 0.00364760 0.01841291 0.11915205 0.01009360 0.01276840 0.00314400 0.00435328 0.04833672
156 0.02985409 0.01247170 0.69940876 0.02101409 0.00514991 0.01637129 0.01505989 0.02360409 0.01087240 0.01553879 0.01601929 0.02921819 0.02050359 0.01042400 0.00356163 0.02144749 0.01865819 0.00465301 0.01285440 0.01331520
157 0.01934141 0.00114834 0.00325662 0.00191206 0.00346783 0.00058125 0.00276602 0.00165723 0.00172745 0.09204474 0.65684429 0.00141746 0.08425304 0.01430851 0.00192983 0.00296852 0.00504511 0.00025337 0.00834097 0.09673594
158 0.01276840 0.01205420 0.01430219 0.00568608 0.00361267 0.00515042 0.01507899 0.00982572 0.00578985 0.01947109 0.03566169 0.00939524 0.15115995 0.62664578 0.00334498 0.00727255 0.01005870 0.00442874 0.01808539 0.03020739
159 0.01691288 0.00102809 0.01517098 0.00062529 0.00590325 0.00087272 0.00040616 0.00166527 0.00025875 0.50758449 0.20205380 0.00065188 0.04660785 0.00168966 0.00028381 0.00347222 0.00265097 0.00052379 0.00102934 0.19060881
160 0.05642891 0.01185780 0.22147506 0.01748890 0.00255561 0.02106041 0.21290206 0.02928061 0.00366681 0.02896181 0.01165490 0.31880808 0.00302927 0.00861680 0.00219352 0.01838660 0.01913780 0.00301280 0.00289907 0.00658316
161 0.01986180 0.02407480 0.01851490 0.00378765 0.00257632 0.00519849 0.01017620 0.00512619 0.02099390 0.02231120 0.03173491 0.00824971 0.00841908 0.04284961 0.00318122 0.02524701 0.01971320 0.00691554 0.70690714 0.01416110
162 0.02000721 0.02185111 0.01659031 0.00435560 0.00297485 0.00479971 0.01011330 0.00648789 0.01939691 0.02182451 0.03405591 0.00805281 0.00910616 0.04350972 0.00285390 0.02405541 0.01985541 0.00646914 0.70922331 0.01441681
163 0.63572680 0.01105570 0.01589390 0.01096620 0.01167780 0.01585920 0.01823659 0.05008258 0.01391540 0.03211309 0.02690689 0.01467890 0.01104900 0.00960756 0.01302230 0.04631109 0.02094939 0.00534054 0.00802631 0.02858079
164 0.02972559 0.00410592 0.00612150 0.01557960 0.00418769 0.00697599 0.00788300 0.00867307 0.00289995 0.07711558 0.05048789 0.01620660 0.02095899 0.01540200 0.00640526 0.02660899 0.02354889 0.00292374 0.00711694 0.66707283
165 0.02439252 0.00699356 0.02678942 0.64982344 0.00640663 0.02739772 0.05978144 0.03687382 0.01444841 0.01031641 0.01455071 0.02744222 0.00563536 0.00434574 0.00320537 0.02130781 0.02021721 0.00569418 0.00311269 0.03126532
166 0.03943701 0.01033450 0.00916702 0.00692300 0.00555075 0.01470961 0.01594411 0.00776913 0.00984360 0.57610520 0.06053162 0.01820781 0.02409881 0.02148921 0.01328070 0.03106291 0.02537521 0.00475035 0.01124060 0.09417883
167 0.02619930 0.00682349 0.00557569 0.03391950 0.00542041 0.00569550 0.00496031 0.49818597 0.01681560 0.00988067 0.01487700 0.00858294 0.00244875 0.00473004 0.00202353 0.33192098 0.01156640 0.00126810 0.00311818 0.00598765
168 0.03043450 0.00402530 0.00633020 0.01506770 0.00413941 0.00687424 0.00782613 0.00948748 0.00282326 0.07855550 0.05182250 0.01597410 0.02067370 0.01506460 0.00480681 0.02367810 0.02370550 0.00247373 0.00612424 0.67011300
169 0.04676692 0.02308921 0.01638681 0.02760101 0.00347493 0.64970526 0.04641332 0.01388011 0.00459695 0.02668541 0.01467551 0.03861322 0.00317511 0.00871072 0.01558391 0.01733391 0.01416691 0.00393622 0.00518897 0.02001561
170 0.02380351 0.00770921 0.00374955 0.00757725 0.00709883 0.00586184 0.01487741 0.01254270 0.00319085 0.04139011 0.71718226 0.00602592 0.03412061 0.02234531 0.00865544 0.01074570 0.01173450 0.00394975 0.01412021 0.04331902
171 0.02658320 0.67197512 0.00961160 0.00781904 0.00603989 0.02303590 0.03056181 0.01122680 0.01437020 0.01940120 0.02334450 0.04434781 0.01286470 0.01535000 0.01494400 0.02177670 0.01673240 0.00767025 0.01696810 0.00537674
172 0.01605311 0.00115849 0.01284660 0.00065117 0.00551649 0.00027000 0.00063748 0.00145181 0.00026901 0.48097715 0.18312906 0.00024529 0.04134271 0.00137892 0.00070653 0.00348923 0.00327020 0.00037343 0.00091223 0.24532108
173 0.02478339 0.00780282 0.02989629 0.64517686 0.00591047 0.02893399 0.06053339 0.03890629 0.01536370 0.01047440 0.01389400 0.02887589 0.00619340 0.00395840 0.00311508 0.02010640 0.02012980 0.00559651 0.00269164 0.02765729
174 0.02998451 0.02772951 0.01531251 0.03997062 0.00721006 0.02388631 0.68270427 0.01336031 0.00668169 0.01657541 0.02663231 0.01976021 0.00516837 0.02140531 0.00857427 0.02171561 0.01338251 0.00213171 0.00799107 0.00982343
175 0.02562790 0.00781232 0.02773560 0.64511599 0.00546959 0.02938630 0.06166050 0.03917380 0.01483200 0.01052570 0.01429630 0.02920750 0.00560394 0.00394340 0.00297665 0.01998280 0.02024400 0.00579697 0.00317235 0.02743640
176 0.02460721 0.00784249 0.02800511 0.64480030 0.00664346 0.02771921 0.06099903 0.03722942 0.01465801 0.01014670 0.01427421 0.02987681 0.00556446 0.00383929 0.00321914 0.02154581 0.02006571 0.00598816 0.00378833 0.02918711
177 0.02980870 0.00393218 0.00646416 0.01587620 0.00503313 0.00736386 0.00767221 0.00962007 0.00300002 0.07813770 0.05228410 0.01558870 0.02043350 0.01639120 0.00668887 0.02386320 0.02056770 0.00266375 0.00743778 0.66717298
178 0.15796816 0.00196371 0.00606162 0.00232926 0.35403337 0.00122482 0.00223811 0.01750742 0.00323424 0.00446634 0.00579201 0.00269070 0.00185569 0.00113663 0.00546477 0.40401942 0.02249822 0.00075804 0.00134606 0.00341139
179 0.03068379 0.00178965 0.00179698 0.00307454 0.00067491 0.82690183 0.09473908 0.00092796 0.00066005 0.01060560 0.00290816 0.00350559 0.00040813 0.00118608 0.00235970 0.00209484 0.00276381 0.00136004 0.00167381 0.00988545
