1 0.23625510 0.02812411 0.01883911 0.03710972 0.05696752 0.02195311 0.02838841 0.05698772 0.01546111 0.10616704 0.07563863 0.03241641 0.01523871 0.02231011 0.02872521 0.10907505 0.04349092 0.00632598 0.02281581 0.03771022
2 0.19021108 0.03573962 0.03670582 0.03493842 0.01498461 0.02395851 0.03027631 0.04653332 0.01791831 0.07838283 0.19918809 0.03094961 0.02130431 0.03570212 0.02080841 0.04298252 0.03951312 0.00525666 0.02822861 0.06641773
3 0.13843610 0.03310412 0.02056761 0.03495682 0.01715991 0.02721172 0.03947983 0.05326314 0.01770621 0.09085086 0.09558457 0.03847853 0.02319402 0.03652933 0.02835952 0.16476412 0.03619203 0.01052851 0.02989422 0.06373884
4 0.04608787 0.03801178 0.03113098 0.03770398 0.01146139 0.03096588 0.04493767 0.06237366 0.01934189 0.05102427 0.07726455 0.05248977 0.02169089 0.04575217 0.02437109 0.08262255 0.03401768 0.00613289 0.03230018 0.25031885
5 0.16345695 0.03330279 0.03022459 0.03070429 0.01537650 0.02259539 0.03008909 0.04722899 0.01748509 0.14304496 0.15596995 0.02840499 0.02199559 0.03323519 0.02218899 0.05496988 0.04166219 0.00560689 0.02239069 0.08006698
6 0.05440399 0.04314279 0.03131439 0.04255869 0.01210190 0.08866278 0.04474399 0.04998199 0.01947920 0.05127499 0.07775769 0.04494889 0.02197250 0.05469479 0.03153899 0.04377299 0.11816398 0.00643729 0.04090319 0.12214498
7 0.05859329 0.03444090 0.02151390 0.03452470 0.01249860 0.03180340 0.04463940 0.05090569 0.01649510 0.07942089 0.09966389 0.04241870 0.02689740 0.03610090 0.02568300 0.20579198 0.03293960 0.01017190 0.03136280 0.10413399
8 0.06536779 0.04225969 0.03599669 0.04608549 0.02023840 0.02918249 0.04766579 0.06362989 0.02542059 0.06255079 0.08921168 0.13029197 0.02826449 0.04225789 0.03181829 0.06541579 0.04568749 0.01142850 0.03576269 0.08146358
9 0.05400090 0.05438420 0.03305860 0.03607850 0.01444220 0.02032750 0.12420799 0.12898699 0.02764270 0.06052110 0.08260830 0.04657010 0.04652380 0.03725840 0.02642410 0.05672470 0.04404090 0.00808566 0.02844420 0.06966920
10 0.06382652 0.03664781 0.02477271 0.03659101 0.01454031 0.03308411 0.04804232 0.05000412 0.01947741 0.07912893 0.09435383 0.04048401 0.02806021 0.04049511 0.02621881 0.16560806 0.08793503 0.00945754 0.03066501 0.07060713
11 0.05013079 0.09590829 0.02413040 0.03744550 0.01167510 0.02976950 0.05445439 0.04683750 0.01621250 0.06881889 0.09140229 0.04639650 0.02961610 0.03700430 0.02656290 0.18518598 0.02990610 0.01026210 0.02979010 0.07849079
12 0.09336932 0.03862357 0.03260207 0.03648477 0.01587709 0.03120097 0.04141127 0.05249256 0.02196228 0.16215086 0.13797988 0.03871117 0.02118618 0.03331517 0.02818548 0.07234724 0.04234276 0.00805903 0.02645558 0.06524275
13 0.05564856 0.04490366 0.09014643 0.03309637 0.01808339 0.02932488 0.04954466 0.11100591 0.02002388 0.06025535 0.10772591 0.04735596 0.02264228 0.03916167 0.02899098 0.04498246 0.10231492 0.00820338 0.02552248 0.06106685
14 0.08635371 0.03890260 0.03717340 0.03249810 0.01353040 0.02611490 0.03708480 0.05039801 0.01907240 0.12320601 0.19361202 0.03571220 0.02357310 0.03454580 0.02292960 0.06466541 0.04423460 0.00642430 0.02525140 0.08471721
15 0.05165230 0.05434940 0.02516410 0.04474800 0.01479270 0.02387290 0.05921030 0.07616490 0.01745690 0.03891880 0.06206270 0.05051390 0.15747600 0.04686530 0.03476290 0.05827470 0.03745400 0.00857982 0.07886850 0.05881190
16 0.07497350 0.04443060 0.03133760 0.03985710 0.01664500 0.02998330 0.04040140 0.05706570 0.01922700 0.04065240 0.21588501 0.04676350 0.01578860 0.04745230 0.02326330 0.06004970 0.04150490 0.00869937 0.09337300 0.05264670
17 0.05974101 0.04892681 0.03237231 0.04239351 0.01927720 0.04063231 0.04934891 0.05666481 0.02192560 0.05975581 0.08145842 0.11315202 0.03112211 0.04005591 0.09694792 0.05579601 0.04627231 0.01115260 0.03197521 0.06102921
18 0.05593471 0.05493081 0.02738281 0.04362981 0.01386600 0.02266780 0.06404661 0.09027862 0.01899330 0.04405191 0.06710001 0.05561591 0.16909303 0.03685391 0.03492981 0.06353821 0.04040971 0.00753681 0.02864511 0.06049511
19 0.21432801 0.03475720 0.02642640 0.09689750 0.01357380 0.03219010 0.03822380 0.04055380 0.01961280 0.05644810 0.07294550 0.03405770 0.01993760 0.09055260 0.02461150 0.05473390 0.03528470 0.00899245 0.04444490 0.04142760
20 0.06484729 0.05489019 0.03707459 0.03982999 0.01642710 0.02743249 0.12454997 0.06029269 0.02718789 0.07131648 0.08924318 0.04928879 0.03543659 0.04195319 0.03040519 0.06572289 0.05088799 0.00839212 0.03254929 0.07227208
21 0.07277621 0.04650551 0.03043791 0.11220602 0.01709480 0.03616151 0.04347071 0.04761881 0.02008580 0.06150631 0.08445362 0.04773751 0.02843001 0.04315261 0.03036691 0.05725951 0.12330702 0.00862001 0.03207741 0.05673181
22 0.08540418 0.04987059 0.02895469 0.11096698 0.01737790 0.03725079 0.04596699 0.05287709 0.02074460 0.06979899 0.09093268 0.05314029 0.03011449 0.04480939 0.03082279 0.06187179 0.05176499 0.00887229 0.03670949 0.07174899
23 0.07318914 0.12288807 0.03569442 0.03886962 0.01628611 0.02287891 0.04828553 0.05229423 0.01665061 0.06528763 0.17868109 0.03992662 0.02796981 0.03818092 0.02308531 0.04829333 0.04317322 0.00641537 0.03260932 0.06934074
24 0.07628951 0.04024320 0.03117110 0.04174840 0.01703350 0.03530590 0.05098861 0.05518731 0.05961001 0.07244101 0.08896951 0.04979700 0.02096460 0.03966820 0.02758460 0.05873641 0.04614650 0.01085710 0.10901201 0.06824551
25 0.20133897 0.03885779 0.02894780 0.04246809 0.01564650 0.03457690 0.04336519 0.05061289 0.06607349 0.08472619 0.09080879 0.04399559 0.01643060 0.03735049 0.02782030 0.05387809 0.03946569 0.00832914 0.03133430 0.04397319
26 0.05647233 0.03701092 0.02517951 0.03517192 0.01248131 0.03883242 0.04425292 0.04426912 0.01879481 0.05518463 0.07093774 0.09468605 0.02838621 0.08729164 0.08020704 0.12149906 0.03590662 0.01414581 0.03591332 0.06337663
27 0.05844898 0.04351159 0.03340659 0.04602618 0.01825079 0.02502569 0.10566596 0.05851698 0.02788609 0.05829648 0.07858147 0.12568796 0.03217759 0.03946939 0.02998079 0.06358188 0.04358049 0.00985164 0.03132039 0.07073308
28 0.20828889 0.03987078 0.03045288 0.04392638 0.01814209 0.02976258 0.03881488 0.05370767 0.02086689 0.08919275 0.10630694 0.03781158 0.02081619 0.03889728 0.02907518 0.05714607 0.04258128 0.00767722 0.03165268 0.05500977
29 0.08585870 0.04418970 0.04209770 0.03753410 0.01497500 0.02980700 0.04346200 0.05839200 0.02057140 0.05807080 0.21947500 0.04494490 0.02068470 0.03420620 0.02559450 0.06644220 0.04777090 0.00679301 0.03249470 0.06663550
30 0.07636140 0.04471660 0.03649580 0.03999450 0.01191650 0.03288830 0.04647630 0.05322060 0.02034290 0.06439230 0.14981001 0.04466490 0.02587010 0.10328101 0.02801140 0.05869840 0.05232070 0.00776125 0.02823990 0.07453710
31 0.06875269 0.04472529 0.03122459 0.09745038 0.01769960 0.04030759 0.05176909 0.04944379 0.01961000 0.06748099 0.07501268 0.05350969 0.03389059 0.04231919 0.09776548 0.05835389 0.04908229 0.00962990 0.03219849 0.05977379
32 0.05256069 0.02899390 0.01909330 0.03019210 0.00966016 0.02543330 0.03941439 0.09522908 0.01456340 0.07511449 0.09214709 0.03749019 0.02405660 0.03322159 0.02160030 0.22215596 0.02622360 0.01094120 0.02997570 0.11193298
33 0.10677301 0.04507490 0.03119480 0.04345960 0.01565220 0.03106040 0.04609060 0.04967680 0.02346560 0.04176390 0.07382350 0.10982901 0.02201320 0.04339210 0.02761490 0.05452110 0.04350340 0.00857434 0.03370860 0.14880801
34 0.09085124 0.03482518 0.02790148 0.03254038 0.01539189 0.02349278 0.03901918 0.11036293 0.02068229 0.16158090 0.08289985 0.03357468 0.01744359 0.03023928 0.02155909 0.07149325 0.03665158 0.00835393 0.02491658 0.11621993
35 0.05861188 0.03419849 0.02169449 0.03399719 0.01177180 0.03105129 0.04357029 0.04981899 0.01622720 0.07913928 0.10145997 0.04161139 0.02691189 0.03639419 0.02565809 0.21045194 0.03236969 0.01075850 0.03013449 0.10416897
36 0.05016647 0.10978995 0.07507146 0.04014438 0.01746259 0.03208118 0.05401627 0.04762458 0.01814479 0.06638757 0.08681456 0.05661737 0.02444759 0.03903218 0.02690709 0.11252694 0.03512058 0.01078259 0.02981389 0.06704797
37 0.12126104 0.02888731 0.01856971 0.03095241 0.01509190 0.02561921 0.03783301 0.04890291 0.01601710 0.08907703 0.09597763 0.03575791 0.02332911 0.03500421 0.02566391 0.20942606 0.03336861 0.01082220 0.02819651 0.07024222
38 0.08548530 0.05068850 0.02836940 0.11138900 0.01808590 0.03724940 0.04534400 0.05258840 0.02118200 0.07034580 0.09016910 0.05309830 0.03002130 0.04431050 0.03105220 0.06249750 0.05001110 0.00921316 0.03678370 0.07211540
39 0.20835993 0.03229649 0.02651669 0.03368029 0.01766499 0.02482059 0.03026439 0.04470929 0.01867579 0.15943895 0.10351297 0.02704959 0.01957219 0.03301719 0.02619029 0.05229598 0.03767679 0.00624952 0.02396549 0.07404258
40 0.05793989 0.03465620 0.02221670 0.03370080 0.01223530 0.03163030 0.04441020 0.04888990 0.01697230 0.07934849 0.10210499 0.04285810 0.02699950 0.03577250 0.02596260 0.20898098 0.03239450 0.01015510 0.03078870 0.10198299
41 0.24706506 0.03016791 0.01978520 0.03747521 0.02203011 0.02375321 0.03073481 0.06264022 0.01797040 0.10027402 0.08324052 0.03103511 0.01631620 0.03121611 0.02809801 0.10446003 0.03952791 0.00847446 0.02699931 0.03873621
42 0.20154711 0.03413322 0.02204511 0.03901622 0.02074231 0.02630031 0.03671542 0.05836873 0.01922971 0.09522165 0.08911815 0.03645522 0.01909821 0.03459912 0.02959792 0.11257906 0.04138912 0.00953738 0.02918272 0.04512332
43 0.15128796 0.04535879 0.02955359 0.04969939 0.06124778 0.02681209 0.04505359 0.04610989 0.01757010 0.06367358 0.07992268 0.04693489 0.07593848 0.03187949 0.03625199 0.05907419 0.04762109 0.00714595 0.02868789 0.05017659
44 0.06241528 0.04194269 0.03249389 0.03990409 0.01224620 0.03162809 0.04674279 0.05746309 0.02136659 0.06501018 0.10701397 0.04368979 0.02678719 0.04989549 0.02616139 0.04049819 0.12271497 0.00636526 0.03650189 0.12915897
45 0.05747493 0.03642952 0.03244592 0.03376282 0.01146161 0.02804761 0.04124942 0.05579333 0.01913781 0.11322906 0.10387405 0.03990162 0.02139701 0.03901012 0.02087941 0.08004904 0.03515672 0.00678930 0.02783961 0.19607110
46 0.08588041 0.05081110 0.02893010 0.11174301 0.01767350 0.03742490 0.04563380 0.05303280 0.02135400 0.06901720 0.09116391 0.05332680 0.02875960 0.04394820 0.03091800 0.06128120 0.05091340 0.00922893 0.03685320 0.07210591
47 0.05357392 0.14118005 0.04034572 0.04102522 0.02495791 0.02603651 0.05410492 0.05347702 0.02062651 0.04707762 0.08963423 0.13160205 0.03073531 0.03405351 0.02731921 0.04442112 0.03838131 0.00919702 0.03199041 0.06026042
48 0.05287450 0.03820250 0.01919700 0.03557810 0.01185240 0.02735210 0.05285950 0.04615810 0.01464510 0.06379550 0.08845721 0.04202340 0.10372101 0.03830850 0.02643010 0.19140001 0.03849350 0.00994074 0.02606850 0.07264220
49 0.06369281 0.07147621 0.04371090 0.03883490 0.06882021 0.02670960 0.04276650 0.05572881 0.01913360 0.03713260 0.16903302 0.11544201 0.02136970 0.02490970 0.02663540 0.04666230 0.04220250 0.00955680 0.03518940 0.04099300
50 0.05722001 0.04128751 0.03376481 0.04225401 0.01648740 0.03255320 0.04780861 0.05418601 0.02426290 0.10758302 0.07533021 0.09611571 0.02212000 0.03630071 0.03352671 0.04452051 0.14099402 0.00894575 0.03126170 0.05347721
51 0.05766184 0.03435862 0.02185202 0.03381782 0.01212341 0.03175542 0.04476253 0.04976043 0.01624081 0.07961876 0.10231707 0.04205013 0.02729422 0.03628763 0.02607192 0.20907915 0.03194652 0.01038401 0.03109462 0.10152307
52 0.05378401 0.14130303 0.04085211 0.04105701 0.02506131 0.02557691 0.05556221 0.05119841 0.02108800 0.04736661 0.08821112 0.13215303 0.03032401 0.03550511 0.02755191 0.04476061 0.03861971 0.00877168 0.03136381 0.05988941
53 0.10583096 0.04100748 0.03238529 0.04150628 0.01963909 0.03505629 0.04813918 0.05505538 0.02469929 0.19041592 0.07144707 0.04149268 0.01711639 0.03196629 0.03415789 0.07627947 0.04363158 0.00971911 0.02934739 0.05110698
54 0.05194189 0.02745389 0.01887480 0.02791819 0.01032250 0.03086359 0.03609779 0.04123079 0.01479430 0.07173239 0.17571396 0.03300479 0.02505939 0.03128429 0.01938470 0.23221495 0.02966429 0.00898710 0.02812219 0.08533418
55 0.05265829 0.10342898 0.03425569 0.04211189 0.01926990 0.02510179 0.10996997 0.05570669 0.02477449 0.05001589 0.08024148 0.11136997 0.03514459 0.03625379 0.02739279 0.05327739 0.03976839 0.00811313 0.02870969 0.06243519
56 0.05659160 0.04627970 0.07929110 0.04736260 0.01691900 0.02959710 0.10819700 0.04892520 0.02067530 0.06699930 0.08282340 0.05053610 0.02495840 0.03798740 0.02756260 0.11061300 0.04226960 0.00962581 0.02845030 0.06433550
57 0.06185311 0.04141101 0.08543801 0.03698031 0.01679980 0.02871650 0.04626571 0.04377621 0.01879610 0.13002302 0.11071702 0.03877571 0.02481100 0.03689961 0.02616170 0.04061521 0.10655502 0.00713475 0.02509660 0.07317361
58 0.22399493 0.03698679 0.02196039 0.08098887 0.01798549 0.02427369 0.03525089 0.10328397 0.01908799 0.07163688 0.08221067 0.03399679 0.01683579 0.03352089 0.02339349 0.06142958 0.03767319 0.00789942 0.03067459 0.03691569
59 0.06434980 0.03642550 0.02588520 0.03806410 0.01387330 0.03291140 0.04686000 0.04718190 0.02133370 0.12160400 0.07466850 0.03832540 0.02136180 0.04375390 0.02620500 0.05252170 0.10210400 0.00800910 0.11809700 0.06646470
60 0.14027815 0.03435384 0.03110153 0.03329853 0.01580212 0.02586323 0.03530184 0.04604195 0.01858112 0.15105516 0.11133812 0.03096493 0.02130672 0.03580644 0.02350692 0.05767976 0.03941984 0.00657667 0.02531703 0.11640612
61 0.08371299 0.04423620 0.04160030 0.03806560 0.01543240 0.03059320 0.04322200 0.05802590 0.02053730 0.05938470 0.21766098 0.04515650 0.02161480 0.03438850 0.02550010 0.06674639 0.04821070 0.00678798 0.03275120 0.06637229
62 0.06986083 0.03878222 0.03171231 0.03389052 0.01214381 0.02369481 0.04179462 0.04888072 0.01721381 0.11867705 0.16306808 0.03521682 0.07329573 0.03760292 0.02845431 0.06524403 0.04552362 0.00723984 0.02351831 0.08418564
63 0.08297802 0.03940271 0.03221711 0.03604711 0.01576980 0.03017741 0.04412921 0.05343251 0.02247110 0.16767004 0.09498262 0.03750341 0.01984460 0.03544981 0.02567701 0.07389662 0.03965611 0.00815329 0.02858551 0.11195602
64 0.12751000 0.04702720 0.03371670 0.08857490 0.01554820 0.03026850 0.12628800 0.04286510 0.02277450 0.06635190 0.07892540 0.04253610 0.02625670 0.03749600 0.02901880 0.05218120 0.04407610 0.00735620 0.03040960 0.05081890
65 0.08125892 0.03500681 0.03265091 0.03940701 0.06035591 0.02831511 0.04722261 0.04861651 0.06229361 0.08088952 0.07482122 0.04662601 0.02240420 0.02890531 0.02651371 0.10971102 0.09467082 0.00809169 0.02776931 0.04446981
66 0.15594283 0.03354306 0.02204108 0.03952816 0.01797418 0.03035157 0.03659386 0.05193714 0.02227188 0.07474612 0.08867270 0.03958256 0.01810808 0.04807665 0.02552167 0.10792588 0.03643226 0.01288239 0.08878410 0.04908385
67 0.11583698 0.03972929 0.02719299 0.03910649 0.01731960 0.02903179 0.04848799 0.04714879 0.02069850 0.07025729 0.08620658 0.10130398 0.02306720 0.03731789 0.03027559 0.13265197 0.03509529 0.01219480 0.03076169 0.05631529
68 0.05878107 0.04857878 0.03370108 0.12392494 0.01711739 0.02998289 0.10093495 0.04589848 0.02157879 0.05749637 0.07237756 0.10361095 0.02902739 0.03558518 0.02799159 0.05152367 0.04297188 0.00861100 0.03063308 0.05967297
69 0.09375028 0.03864079 0.03316909 0.03529469 0.01566550 0.02974459 0.04182139 0.05292329 0.02142059 0.16146396 0.13900896 0.03837209 0.02165279 0.03364389 0.02881279 0.07270078 0.04136589 0.00812136 0.02703619 0.06539108
70 0.06123111 0.04202661 0.03577491 0.08541982 0.01302840 0.03312841 0.09786592 0.04494771 0.02220121 0.04662991 0.13583803 0.04170341 0.02940491 0.03365511 0.02519011 0.05001071 0.11578803 0.00615996 0.02966091 0.05033481
71 0.06106572 0.04731052 0.03051941 0.04006731 0.01372370 0.02368831 0.05515132 0.07024662 0.01787561 0.05709262 0.13322204 0.04707392 0.12044604 0.03719241 0.03261191 0.06432792 0.04480381 0.00762808 0.02806631 0.06788642
72 0.06362626 0.03528048 0.03265198 0.03277928 0.01195249 0.02668928 0.04035477 0.05369616 0.01983079 0.15813789 0.10534693 0.03478348 0.01982479 0.03521808 0.02033019 0.07380045 0.03397298 0.00685768 0.02594618 0.16891989
73 0.19630605 0.04477741 0.03347791 0.05098091 0.01662170 0.03345901 0.09388442 0.04253791 0.02389061 0.07619472 0.08607752 0.04145191 0.02095471 0.03698681 0.03271631 0.04869161 0.03937431 0.00738835 0.03001821 0.04420961
74 0.07137206 0.04729917 0.03552048 0.04523377 0.01590279 0.03543938 0.05251727 0.05913676 0.02391119 0.06434916 0.10024694 0.04789037 0.02669608 0.04624677 0.03267028 0.04994037 0.14380891 0.00783031 0.03363918 0.06034876
75 0.05366515 0.12244911 0.03470553 0.03498653 0.01738702 0.02495872 0.13176612 0.05688615 0.02346232 0.05826225 0.08178688 0.06168006 0.03550963 0.03810554 0.02819913 0.05501995 0.04145784 0.00720108 0.02946473 0.06304626
76 0.11734804 0.04941511 0.03419301 0.03985131 0.01778921 0.02711771 0.10771403 0.04752661 0.02647561 0.06177682 0.08186752 0.09852053 0.02537031 0.03687211 0.03125241 0.06167992 0.04414521 0.00915130 0.02980161 0.05213162
77 0.21049705 0.03929421 0.03008641 0.04390791 0.01775220 0.03003121 0.03794461 0.05311251 0.02106440 0.08906082 0.10659302 0.03853861 0.02065940 0.03862971 0.02995131 0.05635101 0.04279181 0.00727938 0.03207761 0.05437681
78 0.10757395 0.04023518 0.03190439 0.04214268 0.02034029 0.03497949 0.04754158 0.05368958 0.02411729 0.19054292 0.07110597 0.04159588 0.01725579 0.03173379 0.03454319 0.07748927 0.04280838 0.00993952 0.02947739 0.05098348
79 0.08507221 0.04360771 0.04223831 0.03748200 0.01545310 0.02983180 0.04246321 0.05919181 0.02075220 0.06047771 0.21807103 0.04396561 0.02104900 0.03446480 0.02527090 0.06751231 0.04696341 0.00687528 0.03210350 0.06715411
80 0.05943567 0.03236808 0.02117779 0.03273768 0.01106889 0.02611219 0.04192398 0.10452295 0.01596269 0.07617806 0.09073045 0.04084888 0.02595899 0.03505358 0.02379239 0.18420791 0.02845309 0.01107669 0.03103108 0.10735895
81 0.05314639 0.06372449 0.11670898 0.03888099 0.09000388 0.03033449 0.05160479 0.04878939 0.02141820 0.06914289 0.08323828 0.07360959 0.02081720 0.02762579 0.02787239 0.04855519 0.04761109 0.01287690 0.02989229 0.04414679
82 0.08962782 0.03130161 0.02334200 0.03203661 0.01698060 0.03036571 0.03738151 0.05022991 0.01806000 0.14035302 0.12356802 0.03498841 0.02150050 0.03052841 0.02656780 0.15270603 0.04446201 0.00951293 0.02603440 0.06045271
83 0.06664843 0.04153182 0.02794991 0.04220872 0.01433591 0.03522531 0.05063762 0.05557832 0.02189401 0.06406493 0.08426094 0.04022452 0.02576181 0.04534212 0.02954361 0.09741664 0.16960107 0.00818678 0.03060281 0.04898472
84 0.21024395 0.03934419 0.03070489 0.04366769 0.01821710 0.03042189 0.03813859 0.05348079 0.02109169 0.08969638 0.10580297 0.03749929 0.02053699 0.03847409 0.03007309 0.05717269 0.04214219 0.00774626 0.03122189 0.05432339
85 0.07649044 0.03084162 0.03684902 0.02256031 0.00789213 0.01820001 0.02659552 0.04109872 0.01478261 0.13989908 0.21964313 0.02413031 0.02932142 0.03685162 0.01457481 0.05570613 0.04036372 0.00402020 0.01879511 0.14138408
86 0.18876406 0.03197901 0.02185001 0.03398121 0.02058821 0.03325021 0.03773261 0.04395641 0.01924471 0.16852006 0.05719652 0.03163731 0.01796551 0.02635691 0.07950273 0.06859842 0.04426401 0.00752517 0.02213211 0.04495481
87 0.05350617 0.04060848 0.07254946 0.03878978 0.01531579 0.02987999 0.04696088 0.11716494 0.01873979 0.06735877 0.09180605 0.04905598 0.02420469 0.03949668 0.02749729 0.11202594 0.03535718 0.01110909 0.02863319 0.07993986
88 0.20972401 0.03633920 0.02619110 0.04073320 0.01831510 0.03701170 0.04132490 0.04531460 0.01982070 0.09134841 0.07628100 0.03899750 0.02316010 0.03544160 0.08559091 0.05523950 0.04258100 0.00794634 0.02783220 0.04080690
89 0.07166810 0.04681490 0.03474640 0.04510970 0.01612800 0.03548830 0.05310120 0.06059910 0.02329570 0.06429080 0.09992260 0.04811390 0.02628210 0.04600810 0.03290540 0.04980880 0.14362900 0.00777842 0.03417990 0.06012960
90 0.08519796 0.04354188 0.04174118 0.03752868 0.01534869 0.03012909 0.04341938 0.05908348 0.02063649 0.06008027 0.21725591 0.04553378 0.02050589 0.03369279 0.02560479 0.06787347 0.04810798 0.00668012 0.03112109 0.06691707
91 0.05419740 0.03936710 0.02251720 0.03395060 0.01169670 0.02726510 0.10042500 0.04555300 0.01852350 0.06825810 0.08462160 0.04488260 0.03088670 0.03452070 0.02599270 0.20275201 0.03474720 0.00925367 0.02859330 0.08199580
92 0.17207796 0.04584589 0.03463549 0.05049409 0.01608180 0.03294979 0.09813018 0.04383649 0.02479649 0.07486968 0.09006318 0.04366889 0.02347129 0.03908999 0.03192299 0.05075399 0.04201799 0.00739463 0.03113099 0.04676819
93 0.04632201 0.03842181 0.03016271 0.03819051 0.01135700 0.02997041 0.04489911 0.06311632 0.01933881 0.05025091 0.07690832 0.05282501 0.02198471 0.04598541 0.02409621 0.08313782 0.03281291 0.00625054 0.03219741 0.25177207
94 0.05778625 0.04245594 0.03204283 0.04656794 0.01884562 0.02406512 0.10191809 0.05748515 0.02751532 0.05654435 0.07784787 0.13945213 0.03022633 0.03915594 0.03026253 0.06191336 0.04273854 0.01001161 0.03146453 0.07170056
95 0.07503501 0.04374521 0.03560450 0.04090061 0.01157520 0.03182110 0.04490301 0.05274441 0.02020710 0.05713001 0.15280902 0.04497691 0.02307950 0.11679702 0.02743610 0.05825241 0.05168041 0.00819956 0.03367380 0.06942911
96 0.07713956 0.04200848 0.02944198 0.03943668 0.01567319 0.02804488 0.04543487 0.12950492 0.02459859 0.05328427 0.09242365 0.04362207 0.02119509 0.03986418 0.02959798 0.05359167 0.14934491 0.00763058 0.02882848 0.04933397
97 0.13884997 0.03280909 0.02100860 0.03492839 0.01749000 0.02721599 0.04074119 0.05259249 0.01730290 0.09089468 0.09468218 0.03900109 0.02336520 0.03522419 0.02781829 0.16585797 0.03606629 0.01087300 0.02964159 0.06363689
98 0.06580789 0.04865990 0.03327870 0.11610599 0.01891160 0.03444370 0.05010599 0.04835400 0.02196170 0.05963919 0.07968729 0.11459599 0.02693530 0.04064190 0.03117480 0.05415129 0.04459690 0.01021230 0.03362050 0.06711509
99 0.07556598 0.04101429 0.02748909 0.11826096 0.01563109 0.09343817 0.05114458 0.04349229 0.02056119 0.06720098 0.08139257 0.04588469 0.02362149 0.04556489 0.03330879 0.05583878 0.04920518 0.00789882 0.03902109 0.06446508
100 0.08623567 0.04430468 0.04313658 0.03809198 0.01536969 0.02980539 0.04327448 0.05786668 0.02075639 0.05893158 0.21930991 0.04535968 0.02077459 0.03397949 0.02535869 0.06561497 0.04732568 0.00660830 0.03209179 0.06580377
101 0.05886282 0.03411601 0.02201121 0.03429111 0.01232090 0.03122561 0.04464722 0.05032662 0.01604191 0.07774073 0.10214104 0.04209182 0.02668671 0.03645991 0.02567191 0.20980308 0.03262451 0.01036340 0.03034041 0.10223304
102 0.11184198 0.03877069 0.03423619 0.03757499 0.01289020 0.02844960 0.03942209 0.04740219 0.01905140 0.07079989 0.10774798 0.04194619 0.02380620 0.04791869 0.02248650 0.04989719 0.03901489 0.00598507 0.03309309 0.18766497
103 0.08036509 0.04804390 0.03370710 0.03747600 0.06376049 0.02551650 0.04280680 0.14034299 0.02250440 0.06663009 0.09263529 0.05912409 0.02793930 0.02931430 0.03118790 0.05237580 0.04751300 0.00851519 0.02978350 0.06045829
104 0.07615979 0.04730559 0.03531600 0.04518189 0.01229920 0.03791409 0.05094319 0.05558679 0.02253920 0.06335699 0.08218479 0.05025129 0.02766490 0.11496898 0.03258680 0.06294489 0.05500099 0.00914584 0.03263520 0.08601359
105 0.11812200 0.03869460 0.03096940 0.04020180 0.01420760 0.02933440 0.04116140 0.05092870 0.01966240 0.05929910 0.10426700 0.04198120 0.02517000 0.04697280 0.02553320 0.04711930 0.09729710 0.00613499 0.03464400 0.12829900
106 0.08101317 0.03878358 0.03269809 0.03665348 0.01562769 0.03066769 0.04412478 0.05333488 0.02198279 0.16917193 0.09618176 0.03756868 0.01973249 0.03546289 0.02630119 0.07345257 0.03913828 0.00789452 0.02852359 0.11168595
107 0.11176398 0.04180449 0.02946289 0.04027919 0.01852400 0.03162419 0.04199809 0.04590009 0.02340430 0.05037289 0.08225608 0.09487808 0.01855440 0.04371999 0.02731039 0.05047659 0.10008098 0.01011630 0.08609328 0.05137979
108 0.06713988 0.03709419 0.03032589 0.02824059 0.00818177 0.02116910 0.03709139 0.04173669 0.01567680 0.12403997 0.14288197 0.02897889 0.06526018 0.07735508 0.02249379 0.05297909 0.04104439 0.00600876 0.02245659 0.12984497
109 0.04103542 0.05656093 0.02130231 0.03358252 0.01064971 0.01248401 0.06339584 0.17742611 0.01793061 0.02572862 0.04468863 0.05651773 0.23670314 0.02535012 0.02720752 0.04586753 0.02518722 0.00641160 0.02214031 0.04983013
110 0.05393759 0.14117297 0.04070769 0.04085929 0.02498399 0.02587029 0.05386319 0.05159559 0.02067880 0.04731069 0.08956818 0.13369997 0.02959869 0.03471109 0.02726039 0.04451479 0.03903999 0.00937701 0.03184549 0.05940429
111 0.06451010 0.05482530 0.03736560 0.03964420 0.01668680 0.02695810 0.12456700 0.05973110 0.02680520 0.06956680 0.09111600 0.05004640 0.03549420 0.04081360 0.03082850 0.06567060 0.04940860 0.00823243 0.03401430 0.07371520
112 0.05163155 0.03891206 0.02994177 0.03540876 0.01337619 0.02387098 0.04649965 0.14368986 0.02065198 0.05767174 0.07875722 0.10128990 0.03064357 0.03752546 0.02773807 0.10514489 0.03366937 0.01240259 0.02959097 0.08158342
113 0.06949941 0.03656670 0.03099660 0.04024760 0.01195260 0.03664270 0.04853590 0.04902300 0.06251811 0.05607971 0.07130611 0.04798890 0.01691530 0.10393601 0.02541120 0.05207491 0.04544190 0.01298710 0.10813001 0.07374621
114 0.15743800 0.03977780 0.02303630 0.03453520 0.01769480 0.02332840 0.03655530 0.13556200 0.02119890 0.07688140 0.10249400 0.04153640 0.02346860 0.03454060 0.02698080 0.05985180 0.04679350 0.00846842 0.03220330 0.05765450
115 0.05796558 0.03357849 0.02172429 0.03406649 0.01220030 0.03137059 0.04486679 0.04918799 0.01641180 0.07910298 0.10147097 0.04190949 0.02694909 0.03644789 0.02512159 0.21164794 0.03269549 0.01021670 0.03107859 0.10198697
116 0.07681378 0.04687289 0.02991559 0.04604539 0.01694540 0.03857549 0.05021829 0.05846528 0.01946469 0.06714868 0.09678167 0.05107459 0.02514649 0.03976709 0.02924649 0.06648678 0.04735069 0.00914407 0.10819197 0.07634468
117 0.07297811 0.13190102 0.03582071 0.04599411 0.01740510 0.02756120 0.05751621 0.05971791 0.01916400 0.06845411 0.09900042 0.04634571 0.03171921 0.04147071 0.02904380 0.05664721 0.04697761 0.00771763 0.03318581 0.07137941
118 0.07458030 0.04244600 0.02814360 0.04227900 0.01278980 0.03407540 0.04091250 0.05353490 0.01772890 0.04873500 0.14290100 0.04567430 0.02043500 0.09385510 0.02626060 0.05657390 0.04347840 0.00956731 0.09724620 0.06878280
119 0.07526757 0.03488878 0.02754879 0.03513698 0.01401179 0.03251049 0.04024378 0.05023958 0.01831949 0.05026628 0.20698991 0.03923018 0.01897079 0.02955929 0.02294009 0.16559993 0.04136298 0.00776733 0.02947809 0.05966787
120 0.17529091 0.02977128 0.02329309 0.02646969 0.01601379 0.01755639 0.02449819 0.09635835 0.01660409 0.12326494 0.15038092 0.02558419 0.02032789 0.02930878 0.01878839 0.05690267 0.04098088 0.00560452 0.02236769 0.08063336
121 0.06384174 0.03247812 0.03771852 0.02536652 0.00754088 0.02061221 0.03087282 0.04704723 0.01535881 0.09829256 0.20928714 0.02941982 0.02682632 0.03611912 0.01598771 0.06172364 0.03847263 0.00405927 0.02260381 0.17637111
122 0.07092770 0.09301750 0.03068650 0.04248830 0.01517120 0.07617640 0.05275820 0.04928350 0.06905390 0.07490350 0.08048460 0.05369400 0.01944540 0.04045460 0.03338990 0.05144280 0.04967550 0.00798960 0.02509870 0.06385820
123 0.06320018 0.03989788 0.02398189 0.04024008 0.01459479 0.02836299 0.05299658 0.04937248 0.01719829 0.05321568 0.12196295 0.04379218 0.09252826 0.03578199 0.03036349 0.15068894 0.04680108 0.00943358 0.02649939 0.05908728
124 0.05791697 0.03996418 0.02804299 0.03744538 0.01316089 0.02925349 0.13316494 0.04634948 0.02552499 0.06255557 0.07752046 0.04211038 0.03040519 0.03897848 0.02657519 0.11444795 0.10742195 0.00805547 0.02880219 0.05230388
125 0.04979669 0.04538109 0.08421348 0.03294559 0.01725010 0.02707259 0.05031469 0.15340497 0.02041940 0.06192519 0.10339298 0.05343389 0.03184059 0.03792849 0.02640939 0.04518339 0.04308229 0.00892591 0.02740539 0.07967388
126 0.08057258 0.04025769 0.02817459 0.03598439 0.01623970 0.03152219 0.04256949 0.11639697 0.02106089 0.05657538 0.08313598 0.04791159 0.02309879 0.03759569 0.08430278 0.05595758 0.12070197 0.00876188 0.02633699 0.04284289
127 0.10708305 0.04051332 0.03089672 0.04085022 0.02016611 0.03459182 0.04781432 0.05425853 0.02402671 0.19210510 0.07190254 0.04150982 0.01759511 0.03086742 0.03450272 0.07860704 0.04304802 0.00941989 0.02927051 0.05097103
128 0.04584699 0.03789249 0.03069460 0.03784879 0.01132560 0.03024420 0.04439839 0.06179999 0.01907330 0.05136459 0.07809059 0.05203869 0.02225010 0.04636269 0.02459410 0.08325619 0.03299100 0.00639684 0.03234990 0.25118096
129 0.07471530 0.03888950 0.03287770 0.04762850 0.01650500 0.10321200 0.04270110 0.05029050 0.02033070 0.07533120 0.09385240 0.04286760 0.02189350 0.04862770 0.03883030 0.07096780 0.05107620 0.00863528 0.04099020 0.07977750
130 0.05693320 0.03466310 0.02653700 0.04461330 0.01397990 0.08803200 0.04241970 0.04107650 0.01509890 0.06314470 0.08517400 0.03802750 0.07847070 0.04240740 0.03758200 0.14340800 0.04904840 0.00957378 0.02835490 0.06145500
131 0.08662377 0.04953188 0.02890669 0.11202296 0.01846759 0.03689909 0.04438538 0.05299798 0.02100549 0.07036067 0.09167117 0.05289578 0.02922959 0.04464268 0.03050979 0.06185028 0.05008798 0.00912006 0.03662369 0.07216747
132 0.04946208 0.04174959 0.03055749 0.04140599 0.01348390 0.03995339 0.04511609 0.05664958 0.01837579 0.03696249 0.06298428 0.05511578 0.02427699 0.05207028 0.07727107 0.06367978 0.03338429 0.00757223 0.03291099 0.21701793
133 0.07091410 0.13120600 0.03561700 0.04570170 0.01731860 0.02733950 0.05670510 0.06031430 0.01880500 0.06903040 0.09890930 0.04637440 0.03288420 0.04188930 0.02845980 0.05684120 0.04725720 0.00818753 0.03448050 0.07176490
134 0.08518879 0.04357100 0.04326820 0.03756480 0.01549530 0.03050730 0.04321180 0.05852929 0.02062670 0.05953719 0.21789898 0.04395510 0.02118030 0.03410640 0.02559990 0.06650969 0.04752900 0.00661719 0.03173210 0.06737099
135 0.06638469 0.04684769 0.03004120 0.03720580 0.01581820 0.02723880 0.04961349 0.14645298 0.02400650 0.06759839 0.09764969 0.05245869 0.04057790 0.03832210 0.02867900 0.05751859 0.04898289 0.00885092 0.03231080 0.08344169
136 0.05834719 0.10870897 0.03674049 0.04581559 0.01734780 0.03977499 0.05261009 0.05432029 0.02177269 0.05064369 0.08557138 0.05453929 0.02347519 0.04315049 0.03153139 0.04179549 0.14642697 0.00709013 0.03104329 0.04929459
137 0.07267941 0.05288711 0.02947061 0.11090602 0.01654290 0.03467941 0.09403422 0.05033761 0.02132480 0.06426091 0.08332531 0.05153101 0.03175541 0.04117271 0.02968411 0.05571291 0.04965881 0.00810163 0.03453921 0.06739591
138 0.06237697 0.05694807 0.03419918 0.04421828 0.01986789 0.03503838 0.04801888 0.05339477 0.02051339 0.05496487 0.08822475 0.11429594 0.02377049 0.03173268 0.03007708 0.05759337 0.04522458 0.00979171 0.10544495 0.06430377
139 0.06507889 0.03683159 0.02403920 0.03725619 0.01442450 0.03291140 0.04774449 0.05070229 0.01958500 0.07881469 0.09551849 0.03950529 0.02936800 0.03949969 0.02630350 0.16411098 0.08727819 0.00952744 0.02990660 0.07159359
140 0.05843984 0.10564708 0.03565983 0.03826223 0.02325912 0.02548202 0.04528693 0.05297664 0.01974221 0.04687123 0.15873811 0.12095809 0.02709632 0.03376032 0.02608152 0.04512953 0.03846153 0.00874909 0.03325512 0.05614324
141 0.05586167 0.04121868 0.03100438 0.03586758 0.01461369 0.03425368 0.12564693 0.04382398 0.02954108 0.12960793 0.06929656 0.03662478 0.02303499 0.03597348 0.02483059 0.05695737 0.04870837 0.00796943 0.08381056 0.07135426
142 0.04750039 0.03426199 0.02946909 0.03720939 0.01184390 0.07824808 0.04019509 0.04913399 0.01990700 0.10585898 0.07844498 0.03907859 0.01889620 0.04119729 0.02630109 0.07388038 0.03354309 0.00693793 0.03404559 0.19404696
143 0.05593434 0.03649053 0.03951383 0.09058016 0.01819131 0.02596822 0.05402004 0.11287808 0.02402642 0.05489464 0.07745235 0.11354508 0.02699622 0.03684633 0.02767002 0.05691084 0.04040493 0.01078391 0.02948012 0.06741265
144 0.05697685 0.03435703 0.02216332 0.03375453 0.01258231 0.03097823 0.04449444 0.04996884 0.01635371 0.07912917 0.10114809 0.04204724 0.02681872 0.03693593 0.02477872 0.20963819 0.03221503 0.01053941 0.03133513 0.10378509
145 0.06503057 0.05361898 0.03486149 0.08735426 0.01579759 0.02935349 0.12166495 0.05439398 0.02396329 0.06589567 0.08152756 0.04886028 0.03348579 0.03903148 0.02920119 0.05804018 0.04935428 0.00820223 0.03330279 0.06705997
146 0.16545896 0.03309269 0.02688589 0.04730159 0.01714410 0.09583948 0.03801629 0.04431109 0.01867320 0.08358158 0.08610188 0.03514989 0.01895880 0.04459819 0.03854669 0.05867818 0.04310929 0.00781956 0.03960059 0.05713209
147 0.06420629 0.04449190 0.03341390 0.04581020 0.01729870 0.09624019 0.03849670 0.05025219 0.01988300 0.06606989 0.08520089 0.09687799 0.02067230 0.04536470 0.04301540 0.06179319 0.04735100 0.01008310 0.03902160 0.07445689
148 0.07077794 0.03831892 0.02760142 0.04154412 0.01421331 0.03747822 0.04758353 0.04472403 0.01654831 0.05324073 0.07717265 0.04087472 0.08975675 0.03957152 0.11779307 0.04809403 0.11412107 0.00763301 0.02510301 0.04784963
149 0.07591783 0.03919762 0.03318131 0.04599832 0.01659141 0.10298504 0.04309142 0.05036512 0.02030161 0.07526923 0.09343424 0.04243172 0.02187551 0.04934192 0.04028022 0.07050323 0.05029602 0.00897910 0.04199782 0.07796133
150 0.07502180 0.04778910 0.03482930 0.04531220 0.01258810 0.03783880 0.05074170 0.05547330 0.02266090 0.06113850 0.08318820 0.05085290 0.02751150 0.11411399 0.03317320 0.06431530 0.05662590 0.00882506 0.03230270 0.08569759
151 0.21006202 0.03953280 0.02983970 0.04361900 0.01826380 0.02976960 0.03849120 0.05466950 0.02040770 0.09009511 0.10615201 0.03757620 0.02089400 0.03859820 0.02960330 0.05676460 0.04269330 0.00730452 0.03200490 0.05365850
152 0.07343888 0.04294339 0.02736809 0.04166199 0.01522730 0.03395849 0.04109929 0.05637829 0.01849280 0.04260479 0.16077096 0.04729299 0.01768360 0.05975429 0.02415419 0.05589209 0.04211259 0.00971563 0.13019697 0.05925339
153 0.06015520 0.04734430 0.02885870 0.08339030 0.01521800 0.02948600 0.10134901 0.04995660 0.01956280 0.06552320 0.08064860 0.04808400 0.03261730 0.03672400 0.02830050 0.12001201 0.04161310 0.00863715 0.03098060 0.07153860
154 0.18159379 0.04256495 0.02371157 0.10721388 0.01916938 0.03245676 0.03885125 0.04828414 0.01871978 0.07292842 0.08551720 0.04140455 0.02253557 0.04260475 0.02841027 0.05804383 0.04292365 0.00793435 0.03476326 0.05036864
155 0.06742859 0.04625239 0.02977229 0.03652369 0.01578710 0.02770030 0.04940869 0.14900597 0.02472690 0.06602719 0.09588478 0.05244149 0.04163059 0.03872369 0.02859620 0.05695439 0.04854869 0.00890967 0.03205599 0.08362139
156 0.07035771 0.03929190 0.02807970 0.04375530 0.01101790 0.04364320 0.04291740 0.04947410 0.02096280 0.04445790 0.07237851 0.04589150 0.01879960 0.12187701 0.02874040 0.05551381 0.04538200 0.01098700 0.12595801 0.08051421
157 0.15207307 0.10216504 0.03377731 0.04140262 0.06401483 0.02537461 0.04424702 0.05318892 0.01678461 0.07251173 0.08895374 0.04754912 0.02062951 0.02686651 0.02874451 0.05828093 0.04393502 0.00690746 0.02855521 0.04403822
158 0.08408920 0.04451910 0.04301100 0.03717920 0.01495910 0.02973110 0.04356930 0.05779080 0.02130040 0.05909400 0.21949800 0.04482980 0.02079610 0.03426740 0.02503930 0.06764050 0.04696160 0.00678230 0.03161910 0.06732270
159 0.07793841 0.04211601 0.03863701 0.03586780 0.01162910 0.02874700 0.04148741 0.05187221 0.01901230 0.06506611 0.20567903 0.04104041 0.02349630 0.08197241 0.02434120 0.05577111 0.04865811 0.00657097 0.02767250 0.07242461
160 0.07020637 0.03684178 0.03850288 0.03107489 0.01059940 0.02418379 0.03689208 0.05195368 0.01813699 0.08351856 0.20540091 0.03576428 0.02456329 0.03522158 0.01935939 0.06467377 0.04330428 0.00525895 0.02651619 0.13802694
161 0.07208962 0.13184203 0.03563851 0.04568581 0.01788330 0.02793811 0.05739031 0.06005981 0.01899320 0.06971122 0.09862592 0.04593861 0.03141861 0.04212521 0.02934161 0.05537111 0.04708181 0.00777966 0.03416601 0.07091952
162 0.07484173 0.03272671 0.03566401 0.02517281 0.00925646 0.02035021 0.03151981 0.04540232 0.01583711 0.14073306 0.19037708 0.02743241 0.02714401 0.03628842 0.01672101 0.06179443 0.03960902 0.00516242 0.02205491 0.14191206
163 0.08791111 0.03949870 0.03711040 0.03210190 0.01337280 0.02596570 0.03687000 0.04959121 0.01906750 0.12342201 0.19200402 0.03619920 0.02416780 0.03523400 0.02345260 0.06456171 0.04385021 0.00645328 0.02478830 0.08437751
164 0.06177171 0.03681231 0.02773441 0.03136031 0.01082860 0.02798961 0.03696561 0.04904081 0.01870870 0.11907402 0.14672903 0.03397371 0.02347220 0.04938081 0.01965730 0.06199621 0.03927751 0.00795701 0.07485811 0.12241202
165 0.04933180 0.03352450 0.03253530 0.03113250 0.00886420 0.02503690 0.03624560 0.05548950 0.01684440 0.07210170 0.14314899 0.04053360 0.02185560 0.03812510 0.01874390 0.07738190 0.03213480 0.00524966 0.02736910 0.23435099
166 0.07351268 0.03959669 0.02616079 0.04314699 0.01238740 0.04263619 0.04408229 0.05220388 0.01967679 0.05159098 0.08435277 0.04580299 0.01970049 0.08900397 0.02788509 0.05645098 0.04413539 0.01048310 0.13962896 0.07756158
167 0.16226006 0.03317701 0.03035321 0.03007041 0.01565171 0.02245971 0.02990061 0.04710552 0.01762011 0.14466906 0.15532006 0.02774061 0.02193051 0.03344521 0.02217291 0.05489452 0.04174232 0.00560650 0.02181781 0.08206213
168 0.06678665 0.11786391 0.03462867 0.04646967 0.01654359 0.07808464 0.04989176 0.04868476 0.01999089 0.06717065 0.08302884 0.04629827 0.02285288 0.04500937 0.03664467 0.05657366 0.05498436 0.00774563 0.03424787 0.06649925
169 0.07634189 0.04320329 0.03027429 0.04279359 0.01294590 0.03433209 0.04262899 0.05322159 0.01936780 0.04921159 0.13959497 0.04667629 0.02002400 0.09667598 0.02640749 0.05879409 0.04637559 0.00962559 0.08338128 0.06812369
170 0.07165015 0.04311843 0.03204462 0.04131403 0.01627971 0.03964753 0.04875503 0.05416764 0.02137621 0.06607784 0.07900735 0.04969243 0.03059562 0.04278283 0.10019007 0.05363024 0.12070408 0.00890835 0.02931742 0.05074043
171 0.07523431 0.04807190 0.03496950 0.04485480 0.01259650 0.03798920 0.05075510 0.05607520 0.02192240 0.06242800 0.08131851 0.05049200 0.02742090 0.11427301 0.03314080 0.06479110 0.05528770 0.00901743 0.03287590 0.08648571
172 0.06025668 0.13099695 0.08989746 0.03900658 0.02297499 0.02654309 0.05441848 0.05066638 0.01910019 0.06466247 0.09892426 0.05596628 0.02424489 0.03978378 0.02572439 0.04482888 0.04659698 0.00808350 0.03110879 0.06621497
173 0.06204483 0.03588132 0.02278611 0.03511522 0.01513231 0.04217982 0.04628912 0.04559352 0.01550221 0.08129934 0.07931894 0.04555482 0.02760831 0.03829202 0.10235305 0.17250009 0.03232712 0.01350471 0.02807291 0.05864423
174 0.06736201 0.03754251 0.03276381 0.03420891 0.01051350 0.02682451 0.04041261 0.04812501 0.01917270 0.07096911 0.16705104 0.03452861 0.03167011 0.08724552 0.02390541 0.03870831 0.11244602 0.00609419 0.03031371 0.08014242
175 0.06552781 0.03655430 0.03238100 0.03338960 0.01238250 0.02714990 0.04022900 0.05257341 0.01956470 0.15815302 0.10467401 0.03370130 0.02052430 0.03518560 0.02039170 0.07285901 0.03430980 0.00712060 0.02569240 0.16763602
176 0.06740501 0.03910781 0.03112730 0.04929451 0.01475900 0.10101801 0.09205581 0.04673571 0.02066830 0.07598251 0.08252721 0.03880301 0.02247370 0.04705851 0.03885341 0.06228321 0.05079781 0.00829786 0.04048151 0.07026981
177 0.07687870 0.04644450 0.03266330 0.04269880 0.01802370 0.04214630 0.05011840 0.05627490 0.02088650 0.07517350 0.08677500 0.05310950 0.03423040 0.04329080 0.10122500 0.06158320 0.05139030 0.01021840 0.03275880 0.06411000
178 0.06052480 0.04319520 0.03609730 0.04270270 0.01657660 0.03122470 0.04810300 0.05556090 0.02667810 0.15023900 0.06855830 0.10060500 0.01771560 0.03171900 0.02836660 0.06447500 0.03647600 0.00995648 0.02842770 0.10279800
179 0.14330987 0.03352987 0.02999527 0.03179907 0.01617949 0.02402188 0.03391787 0.04618846 0.01863498 0.17444985 0.10960290 0.02834988 0.01962098 0.03307967 0.02302258 0.05819425 0.03616837 0.00633897 0.02258588 0.11100990
