1 0.05931241 0.02308580 0.02576240 0.01874120 0.01430100 0.01150490 0.03083541 0.04645451 0.01219560 0.10850502 0.21138104 0.02065760 0.03378991 0.03079591 0.02524140 0.04564461 0.09329112 0.00824393 0.02792520 0.15233103
2 0.07441350 0.06336000 0.05501160 0.02574840 0.01908510 0.03660840 0.04989460 0.04949380 0.02188140 0.05669580 0.08053230 0.03617890 0.03092310 0.03508850 0.14383500 0.06006490 0.05971680 0.01312310 0.02178270 0.06656210
3 0.02275471 0.02045751 0.05284161 0.11691503 0.00837319 0.04996321 0.04531911 0.27337708 0.03127461 0.03124771 0.04720701 0.06454292 0.00897447 0.08301872 0.01383490 0.02752011 0.02233471 0.00462636 0.01983891 0.05557812
4 0.04753069 0.03437299 0.04165349 0.03577399 0.00870660 0.02421420 0.04274229 0.06433829 0.02220800 0.06465249 0.07719588 0.04890369 0.02904759 0.03475349 0.02356080 0.06159369 0.03224409 0.01293790 0.02833789 0.26523195
5 0.26391584 0.03965748 0.03305268 0.03884758 0.01945819 0.03948278 0.04319397 0.02621848 0.03218678 0.06298846 0.05036597 0.12711292 0.01368699 0.03501428 0.02116679 0.04312257 0.04021738 0.01065419 0.02295139 0.03670528
6 0.07073312 0.04475381 0.03878621 0.14896404 0.01414460 0.03702491 0.08419973 0.02593871 0.02170051 0.13591804 0.05657452 0.04686161 0.01354580 0.03170421 0.01717921 0.03658861 0.09793443 0.00913790 0.02647251 0.04183751
7 0.07358410 0.03542190 0.01586740 0.02395850 0.01410770 0.02196610 0.03024600 0.04130190 0.01521440 0.08016480 0.10021601 0.02754410 0.02649810 0.02982200 0.02255840 0.28771502 0.03611500 0.00761444 0.03093190 0.07915220
8 0.05469140 0.04674420 0.02405330 0.02378460 0.01027930 0.01829840 0.03433400 0.03739540 0.01202190 0.18198899 0.13954699 0.02343730 0.09689409 0.03648030 0.02823970 0.06647740 0.04406360 0.00506736 0.02309480 0.09310699
9 0.05335019 0.04643469 0.02726179 0.05239799 0.01491080 0.03069819 0.20342296 0.02903069 0.02155340 0.04860189 0.07825418 0.13066797 0.01286320 0.04656409 0.01702540 0.03792099 0.03237599 0.01109970 0.04580489 0.05976099
10 0.05571650 0.03996230 0.04110350 0.03041710 0.00723784 0.02083910 0.05920070 0.03522670 0.02961990 0.06412840 0.06029530 0.04578270 0.01328740 0.12001601 0.01954060 0.03908130 0.07159930 0.00597171 0.17248201 0.06849160
11 0.05115752 0.04551222 0.04705102 0.03492182 0.00928064 0.02418261 0.05545113 0.03141761 0.04468652 0.04944202 0.06029523 0.10760405 0.01162401 0.12113806 0.01868431 0.03176641 0.03757922 0.00889479 0.14932107 0.05998973
12 0.06948674 0.04734893 0.04698873 0.04735753 0.01064631 0.03698952 0.05231863 0.08152434 0.02754322 0.05690073 0.06268213 0.05805393 0.01936811 0.14969908 0.02319881 0.05144543 0.05786203 0.00848795 0.03151532 0.06058253
13 0.05455579 0.04606839 0.07972549 0.14830498 0.01404330 0.04153910 0.06050779 0.06089059 0.02353680 0.04343019 0.06467209 0.12347299 0.01222000 0.05403449 0.01804170 0.03233850 0.02921970 0.00993542 0.01973740 0.06372529
14 0.06483473 0.04847282 0.03288121 0.17454607 0.01335951 0.04706612 0.11286605 0.02871961 0.02289351 0.05587082 0.07350453 0.12419605 0.00849487 0.03907522 0.00839038 0.04003362 0.02867671 0.00881643 0.01951501 0.04778672
15 0.08084598 0.15754095 0.03584729 0.03911139 0.01625770 0.03049269 0.05328328 0.04043689 0.01759439 0.06258418 0.07785298 0.04610159 0.03313989 0.04487309 0.04500459 0.06027188 0.04647359 0.01512960 0.03384259 0.06331548
16 0.04257690 0.02280680 0.02398920 0.01158260 0.01142530 0.01791740 0.03144770 0.24757598 0.00938906 0.05021050 0.29823098 0.01445180 0.01686250 0.02684630 0.01713550 0.03653100 0.03353380 0.00459931 0.01683940 0.06604800
17 0.04935444 0.02801502 0.02548712 0.02952942 0.00867749 0.02763932 0.03187293 0.04819994 0.01638381 0.16557514 0.10613409 0.03165853 0.02823312 0.03903593 0.01808281 0.05975205 0.03384903 0.00664171 0.03180493 0.21407318
18 0.05817199 0.08198369 0.09383959 0.05384839 0.01089670 0.08270039 0.04057200 0.16047498 0.01792480 0.03587960 0.05059239 0.05976969 0.01477180 0.05739699 0.03438350 0.03960890 0.03699790 0.00997460 0.01724000 0.04297210
19 0.04870940 0.05355070 0.04285840 0.02004800 0.01660240 0.02494110 0.16790700 0.04014420 0.02010980 0.04704170 0.10541000 0.02892780 0.02513120 0.03518870 0.11807400 0.04671800 0.07246070 0.01158330 0.02556170 0.04903190
20 0.03762639 0.04419479 0.04551179 0.01259210 0.00796458 0.00883214 0.03971229 0.03847589 0.01224940 0.08997237 0.23148393 0.01746989 0.09948617 0.02725869 0.07936287 0.06528588 0.05274498 0.00523530 0.01361710 0.07092348
21 0.07333179 0.03546110 0.01622370 0.02460580 0.01410650 0.02132260 0.03170270 0.04131920 0.01507850 0.07932279 0.10203099 0.02806490 0.02812200 0.02907300 0.02242760 0.28656197 0.03585590 0.00758910 0.03016520 0.07763469
22 0.05890238 0.03354579 0.03521349 0.03193819 0.01365180 0.01798859 0.05249238 0.08391317 0.01714099 0.06053948 0.25810691 0.03638439 0.02336919 0.03177589 0.02416359 0.06056308 0.04580448 0.00818886 0.03492709 0.07139027
23 0.08077592 0.11841402 0.03243011 0.07710592 0.00917090 0.10642902 0.04470951 0.02036340 0.01509090 0.04321611 0.04823201 0.14647203 0.01582610 0.05664121 0.01940680 0.03465501 0.04696561 0.01310270 0.03137011 0.03962261
24 0.06665158 0.02567889 0.03108369 0.03405389 0.01247150 0.03386749 0.03879429 0.24791192 0.01818079 0.06084628 0.11992596 0.03025019 0.01539909 0.04929548 0.02117169 0.04784378 0.03927969 0.00541584 0.01802249 0.08385547
25 0.10373006 0.03693432 0.02671322 0.04860953 0.01386881 0.04677163 0.04946183 0.04742143 0.02141461 0.19561811 0.08357885 0.03511542 0.02012231 0.03470622 0.02506171 0.06577964 0.03608162 0.00579642 0.03033892 0.07287534
26 0.24410814 0.02714712 0.02505051 0.03077312 0.01119851 0.03452302 0.03371892 0.03386302 0.04037302 0.18579111 0.06914074 0.03406832 0.01470261 0.03055142 0.02052711 0.03253672 0.02956662 0.00592412 0.02158281 0.07485304
27 0.04773041 0.05003301 0.02790761 0.02301171 0.00881917 0.01478860 0.03990721 0.03138091 0.01809410 0.14185704 0.12785803 0.02131281 0.16323204 0.03360131 0.02966341 0.06433982 0.04179231 0.00665387 0.02028371 0.08773292
28 0.06292238 0.04912889 0.03998959 0.04188779 0.01476440 0.02705129 0.17228495 0.04470029 0.02538199 0.06231348 0.09589847 0.04903099 0.02673079 0.05077748 0.02991399 0.04856279 0.04648139 0.01121900 0.03815319 0.06280688
29 0.05220488 0.03009409 0.01525879 0.02162569 0.00707057 0.01560989 0.02667229 0.03510799 0.02171009 0.12631795 0.09078007 0.02796469 0.02579149 0.03048639 0.01916869 0.19551493 0.03691709 0.00697409 0.02244139 0.19228893
30 0.04983606 0.03938856 0.02385988 0.03856157 0.00982912 0.02276238 0.15902686 0.03001747 0.01806168 0.14412187 0.08143823 0.03742267 0.02323398 0.03276627 0.02365348 0.13291588 0.03252117 0.00776695 0.02000488 0.07281104
31 0.06616657 0.02572079 0.03184189 0.03437639 0.01270239 0.03361689 0.03871168 0.24537290 0.01799969 0.06091878 0.11888795 0.03068579 0.01634679 0.04894028 0.02197439 0.04797338 0.03868368 0.00540261 0.01810979 0.08556736
32 0.04255713 0.03021562 0.03031382 0.02846912 0.00983685 0.01558191 0.03430272 0.05226014 0.02004451 0.09562196 0.18689213 0.03665872 0.03069572 0.03832053 0.01798511 0.05533564 0.03416182 0.00892980 0.03425362 0.19756313
33 0.05323038 0.02965479 0.01752549 0.02993279 0.01028660 0.01771439 0.03247369 0.03728499 0.01149910 0.19656892 0.19892792 0.02211639 0.04293698 0.03449849 0.01701459 0.08101337 0.03248129 0.00302199 0.02395789 0.10785996
34 0.07926475 0.20460512 0.03269882 0.01818471 0.01660361 0.03395722 0.04328203 0.03640482 0.01300001 0.05112803 0.05040333 0.02109621 0.03130742 0.02797612 0.16058010 0.06123654 0.03740092 0.01525521 0.01803561 0.04757943
35 0.05521009 0.04136629 0.04941509 0.03450029 0.00738654 0.02670680 0.06164179 0.05447719 0.03435109 0.05270339 0.04185999 0.04889859 0.01185870 0.15911397 0.02046140 0.03499539 0.08260189 0.00676942 0.12115798 0.05452409
36 0.12387400 0.03373270 0.03787020 0.04158280 0.01301210 0.01809750 0.05488480 0.05396730 0.10989000 0.07002440 0.07464960 0.04347460 0.02799230 0.05478300 0.03017160 0.05617020 0.03591750 0.01264780 0.02630720 0.08095040
37 0.07641928 0.03356409 0.01825010 0.01835050 0.02007240 0.01989890 0.02648109 0.04842209 0.01303540 0.06884079 0.08970158 0.02163220 0.03212859 0.03701349 0.02276430 0.25335095 0.09569798 0.01038130 0.02392730 0.07006769
38 0.06831562 0.04883271 0.02364931 0.03489131 0.00847783 0.02462981 0.05079461 0.02956641 0.01727760 0.06889572 0.10662803 0.05241381 0.01696770 0.04049141 0.01818190 0.06502332 0.04200121 0.00694471 0.19727405 0.07874292
39 0.06548199 0.09223999 0.02297250 0.03184220 0.01481310 0.01362150 0.04150220 0.03732880 0.06811249 0.11985499 0.07708039 0.03398080 0.02100640 0.03394470 0.02798640 0.15077198 0.03370930 0.01161140 0.01642770 0.08571119
40 0.05345251 0.04186681 0.05017481 0.03519691 0.00745462 0.02622750 0.06042891 0.05315061 0.03490801 0.05301071 0.04091971 0.04961301 0.01202620 0.15749203 0.02221170 0.03595141 0.08156031 0.00671101 0.12297702 0.05466621
41 0.06671873 0.03114862 0.02386741 0.05375653 0.01185541 0.12022206 0.04484752 0.07169704 0.01104241 0.10456805 0.14725908 0.04165852 0.01465511 0.03253752 0.02532011 0.04711832 0.03201982 0.00981239 0.03230812 0.07758724
42 0.23428496 0.03089590 0.01634300 0.01206490 0.02727710 0.02117980 0.02597980 0.17167197 0.01299970 0.04958399 0.05522599 0.01317800 0.01151310 0.02749600 0.02206130 0.18056097 0.04127379 0.00520136 0.01116040 0.03004800
43 0.06752382 0.05274561 0.02011380 0.05557661 0.00947062 0.10601202 0.05261021 0.03100031 0.01440960 0.09001362 0.07902802 0.06131761 0.01287820 0.02820781 0.02041830 0.04359951 0.03032751 0.00788585 0.15193703 0.06492391
44 0.04717690 0.02847030 0.02817260 0.02726020 0.01158850 0.01402240 0.03487650 0.06010671 0.01580950 0.09321911 0.24816202 0.03098080 0.03005470 0.03383850 0.01906920 0.05754051 0.03951180 0.00722261 0.03254310 0.14037401
45 0.05451482 0.04209601 0.03858881 0.03974821 0.01083270 0.02416791 0.05748212 0.05552782 0.02021831 0.07302232 0.16798005 0.05298531 0.02852491 0.12311903 0.01969591 0.05039271 0.04193161 0.00698522 0.01836841 0.07381782
46 0.06011990 0.03456510 0.03530080 0.03087280 0.01370380 0.01813750 0.05198070 0.08353330 0.01729940 0.06067980 0.25816799 0.03629960 0.02418880 0.03181590 0.02430170 0.06009260 0.04596940 0.00830912 0.03530120 0.06936060
47 0.08509377 0.04309619 0.02614419 0.07616458 0.01186170 0.15478195 0.04554529 0.06170998 0.01168370 0.10469397 0.05389718 0.04925388 0.01410840 0.03864849 0.03466599 0.05061738 0.03364549 0.00905951 0.02492369 0.07040468
48 0.12136192 0.03681317 0.04288397 0.03589717 0.01061609 0.02746108 0.03824237 0.03644397 0.02452878 0.06008826 0.06882995 0.04443847 0.02693808 0.03425248 0.03065478 0.06108436 0.03824507 0.01547709 0.03290808 0.21283485
49 0.07734062 0.08825182 0.01721460 0.01428790 0.01413650 0.02138650 0.02572231 0.13692603 0.01228530 0.06282791 0.07860422 0.01760170 0.02069450 0.03949951 0.04034801 0.17554804 0.08984082 0.00951858 0.01270310 0.04526201
50 0.06881680 0.04049190 0.03443280 0.20505301 0.01503610 0.04735960 0.11916801 0.02515880 0.02599520 0.07168420 0.07606610 0.07285010 0.01174430 0.03122960 0.01045550 0.03545120 0.03464550 0.00972525 0.01917880 0.04545720
51 0.04930460 0.02761630 0.02343240 0.03042860 0.00900641 0.02852560 0.03195600 0.04861410 0.01725570 0.16509699 0.10566399 0.03163230 0.02733910 0.03832200 0.01813670 0.06082259 0.03387900 0.00694398 0.03131070 0.21471298
52 0.28584995 0.01903230 0.02631940 0.01817520 0.01193710 0.01274310 0.03279329 0.04169079 0.12995198 0.09645738 0.05152059 0.03304439 0.01223710 0.04440119 0.03276609 0.04980859 0.02932620 0.00844857 0.01383220 0.04966459
53 0.10339604 0.03667071 0.02668981 0.04868992 0.01361080 0.04648332 0.05003912 0.04756522 0.02182931 0.19953607 0.08266123 0.03455591 0.02009401 0.03407941 0.02341501 0.06576482 0.03752311 0.00591804 0.02996771 0.07151043
54 0.19018200 0.04144470 0.15334800 0.02356030 0.01500880 0.02037730 0.03675310 0.04540390 0.02212210 0.05331360 0.07772650 0.04092410 0.02734830 0.03589250 0.03460470 0.04641230 0.04156920 0.01253510 0.01979820 0.06167530
55 0.25920993 0.04017729 0.03272339 0.03311409 0.01587060 0.03323779 0.04258589 0.06568118 0.03285709 0.07875108 0.06216058 0.04347289 0.01577520 0.03507379 0.02556919 0.05754228 0.04401409 0.00958518 0.02536419 0.04723429
56 0.05018069 0.02540260 0.01708090 0.02552790 0.00992905 0.02065000 0.02567830 0.03783179 0.01118880 0.20013997 0.17558997 0.02270040 0.03717549 0.03658909 0.01459810 0.06570069 0.03533909 0.00356260 0.02815160 0.15698298
57 0.07321297 0.03542899 0.01597849 0.02388489 0.01420599 0.02152659 0.03088539 0.04158888 0.01477269 0.08108077 0.09990936 0.02797779 0.02798169 0.02916459 0.02338309 0.28752388 0.03599179 0.00780431 0.03052669 0.07717117
58 0.08188397 0.05577514 0.03043452 0.02536722 0.01332341 0.02681992 0.03970503 0.02538672 0.01818341 0.02685342 0.06715855 0.03533003 0.02156622 0.05423224 0.02561112 0.04775834 0.21586317 0.11114909 0.02595122 0.05164724
59 0.04163241 0.04974032 0.02224541 0.01959681 0.00778442 0.01187810 0.03384021 0.02982881 0.01295190 0.17173806 0.14838805 0.01733351 0.16025506 0.03252921 0.02943221 0.06129972 0.04249952 0.00477432 0.01897311 0.08327883
60 0.07685648 0.04799989 0.04018249 0.06638409 0.02011610 0.03530599 0.05720229 0.04540919 0.02391770 0.05419279 0.07904258 0.14413397 0.01829310 0.05238269 0.02289690 0.05031449 0.03785029 0.01141740 0.03821999 0.07788158
61 0.05818938 0.03263779 0.03690339 0.02279049 0.00997561 0.01774659 0.03098199 0.04598449 0.01685010 0.08580168 0.08208398 0.03402009 0.02645929 0.11404397 0.01986899 0.05532428 0.11653697 0.00870068 0.03181029 0.15328996
62 0.07819915 0.07315634 0.03610352 0.08563205 0.01216591 0.10668206 0.04869883 0.03884802 0.01552021 0.04885873 0.05084243 0.15883010 0.01367631 0.05355903 0.01693021 0.03847952 0.03587532 0.01118541 0.02769772 0.04905913
63 0.10410092 0.03689347 0.02622078 0.04898186 0.01409149 0.04656337 0.05117166 0.04919256 0.02095658 0.19568585 0.08096514 0.03501037 0.01976879 0.03466097 0.02339198 0.06731625 0.03645277 0.00569315 0.03084928 0.07203275
64 0.04599436 0.03324397 0.22932681 0.01647669 0.00665352 0.01493149 0.03409517 0.02469588 0.01374759 0.03151677 0.08076103 0.03468807 0.16081787 0.02906198 0.04625036 0.03157177 0.03582557 0.01591239 0.01321879 0.10120992
65 0.05869979 0.02618839 0.09133978 0.01978570 0.01491210 0.01411650 0.04627849 0.13268497 0.01595310 0.03897559 0.22834095 0.02143540 0.02762839 0.02808909 0.03201149 0.03531449 0.09389758 0.00882441 0.01442190 0.05110189
66 0.06060292 0.04067272 0.04135312 0.14448906 0.01482751 0.03318851 0.15318206 0.03690611 0.02871741 0.06398203 0.08378753 0.06003512 0.02086711 0.03852932 0.01650231 0.04144782 0.03929872 0.01018910 0.02205081 0.04937072
67 0.06557331 0.04817931 0.03329310 0.17463202 0.01346100 0.04741141 0.11338502 0.03007250 0.02296720 0.05598211 0.07214291 0.12349702 0.00791357 0.03791681 0.00866713 0.03990101 0.02840980 0.00915266 0.01929560 0.04814651
68 0.33434584 0.02493519 0.01670159 0.00689971 0.02599749 0.01439939 0.02637949 0.20298890 0.01455009 0.04215958 0.03425178 0.00929562 0.00637474 0.02291849 0.01362799 0.13404094 0.04370848 0.00386828 0.00758542 0.01497099
69 0.07513580 0.04481480 0.03436630 0.03071910 0.01613890 0.02391650 0.05298370 0.05009430 0.01632130 0.05759520 0.09239490 0.03551750 0.02302450 0.06073800 0.03963500 0.04587930 0.18997800 0.01486710 0.03848170 0.05739810
70 0.04301369 0.03552700 0.02357960 0.01497920 0.00823681 0.01284070 0.02188680 0.03475880 0.00904685 0.17439098 0.15565898 0.01764220 0.09230829 0.03608080 0.02379170 0.05748479 0.03782750 0.00581016 0.02219120 0.17294398
71 0.07226382 0.10515304 0.03037791 0.06885252 0.00955116 0.10152203 0.04628942 0.02290271 0.01228210 0.04739552 0.04601842 0.13272805 0.01171490 0.04515402 0.03908901 0.10134203 0.03132711 0.01043250 0.02232361 0.04328011
72 0.05918414 0.09143356 0.02802922 0.15916011 0.01160791 0.04033093 0.06109654 0.02380082 0.02022491 0.05923854 0.06064714 0.09491657 0.01164711 0.04031013 0.01459201 0.10062507 0.02648002 0.01401761 0.02384682 0.05881084
73 0.06392957 0.04692278 0.04125058 0.04073538 0.01455609 0.02761789 0.17430493 0.04520618 0.02466969 0.06215918 0.09397256 0.04812168 0.02723909 0.05152858 0.03007589 0.04658358 0.04852198 0.01170240 0.03843088 0.06247108
74 0.05377590 0.11758000 0.02781490 0.03321880 0.01410050 0.02708670 0.13465100 0.03212330 0.01921250 0.05740130 0.06717330 0.05778380 0.01911590 0.03653800 0.04018400 0.13316300 0.02989560 0.01535390 0.02636160 0.05746600
75 0.05450883 0.04137062 0.03812262 0.03880582 0.01008101 0.02438641 0.05885813 0.05693773 0.02081091 0.07287224 0.16781810 0.05186863 0.02792792 0.12631807 0.01929731 0.04949673 0.04187032 0.00706613 0.01900471 0.07257774
76 0.25983008 0.04142591 0.03377541 0.03298041 0.01527540 0.03288471 0.04235481 0.06468992 0.03300201 0.07833802 0.06380042 0.04345251 0.01488520 0.03537251 0.02499541 0.05528172 0.04466531 0.00983539 0.02596871 0.04718611
77 0.04620473 0.02967732 0.02788152 0.02688742 0.01190831 0.01424411 0.03603482 0.05836054 0.01573681 0.09389606 0.24180615 0.03242882 0.03047442 0.03431512 0.01973101 0.05759054 0.03966062 0.00701207 0.03301452 0.14313509
78 0.06981240 0.05718910 0.03781490 0.13939299 0.00958608 0.12046599 0.05862800 0.03983460 0.01672880 0.06202810 0.04626310 0.06915980 0.00983289 0.05336890 0.01824000 0.03330840 0.08179969 0.01339270 0.02166090 0.04149270
79 0.26457594 0.02303279 0.02002890 0.01459150 0.03723729 0.01521550 0.02336799 0.08350118 0.01460850 0.03739629 0.04817859 0.01870320 0.01415450 0.02599619 0.01287160 0.18859196 0.09607438 0.00986422 0.01850770 0.03350179
80 0.27057110 0.01971211 0.01879661 0.01397581 0.08814633 0.01376291 0.01771251 0.07635843 0.01380321 0.03636081 0.04088022 0.02095521 0.01543881 0.01416501 0.01171110 0.23250309 0.05708052 0.00489054 0.00948039 0.02369531
81 0.05864557 0.04591008 0.03947168 0.16122892 0.01400029 0.04406838 0.06895777 0.05008077 0.02227579 0.04922558 0.06498467 0.14802593 0.00943780 0.04897988 0.01130699 0.04287698 0.02540539 0.01005099 0.02377149 0.06129507
82 0.06115366 0.03074228 0.01466929 0.02289988 0.00906382 0.01922289 0.02792578 0.03654757 0.01606639 0.14685890 0.10497793 0.02499008 0.02574298 0.02903468 0.02014889 0.21331885 0.04001327 0.00571758 0.02663638 0.12426891
83 0.06057272 0.03304621 0.05105461 0.02552091 0.00651301 0.01417760 0.07190742 0.03739511 0.08289092 0.05501132 0.04233941 0.04739451 0.00772321 0.14497904 0.02114941 0.02666501 0.04307251 0.00680710 0.15862304 0.06315692
84 0.08108182 0.06367471 0.03414621 0.08872042 0.00973878 0.13173103 0.04702341 0.04582141 0.01408010 0.06634501 0.04893061 0.11957503 0.01238010 0.05059161 0.02045430 0.04031591 0.03362961 0.01105060 0.02671941 0.05398991
85 0.06182937 0.04122388 0.04111888 0.14466093 0.01580599 0.03364248 0.15279692 0.03585868 0.02809039 0.06695397 0.08307096 0.06005517 0.01957869 0.03745378 0.01669629 0.04090458 0.03997708 0.01014679 0.02109859 0.04903658
86 0.04641619 0.02845450 0.02781990 0.02690680 0.01146120 0.01318740 0.03534640 0.06073209 0.01560560 0.09366069 0.24723997 0.03121190 0.02985640 0.03389190 0.01989070 0.05654629 0.03773420 0.00709733 0.03461460 0.14232598
87 0.04530439 0.02496089 0.02380449 0.02643389 0.00812763 0.02642379 0.03013139 0.05153099 0.01648240 0.16320296 0.09454748 0.03203559 0.02639259 0.03425689 0.01648820 0.05478869 0.03136229 0.00678799 0.02934049 0.25759694
88 0.06903599 0.13334497 0.02193450 0.02418990 0.01422170 0.02463800 0.04110399 0.04891549 0.01608020 0.06849519 0.08092378 0.03070779 0.03035589 0.03516989 0.04993509 0.17363197 0.03768739 0.01376710 0.02199720 0.06386399
89 0.07285506 0.03513808 0.01555639 0.02356689 0.01403329 0.02177139 0.03006648 0.04155388 0.01470259 0.07965936 0.10137695 0.02780908 0.02764209 0.02959128 0.02365559 0.28632085 0.03658538 0.00773874 0.03019248 0.08018416
90 0.08315046 0.03680598 0.02429109 0.17070992 0.00950242 0.12631094 0.10753195 0.03631938 0.01704589 0.08239006 0.05316688 0.07328407 0.00799399 0.03172549 0.01179449 0.03086699 0.02144169 0.00729254 0.01618809 0.05218768
91 0.05698533 0.03341702 0.04173353 0.02698392 0.01186591 0.01904861 0.03774462 0.05125383 0.01889171 0.06658074 0.08481065 0.03779642 0.02516082 0.04300253 0.02597742 0.05619183 0.10225106 0.01636061 0.03266532 0.21127813
92 0.06498628 0.02966849 0.01964509 0.03374569 0.01127740 0.02386309 0.03614269 0.03998499 0.01385709 0.20245893 0.16869794 0.02383719 0.03458899 0.03166089 0.01731559 0.08033967 0.03350289 0.00344847 0.02568969 0.10528896
93 0.07704905 0.04839817 0.04091527 0.06580595 0.02137769 0.03664087 0.05694946 0.04422227 0.02348698 0.05398886 0.07618635 0.14753690 0.01868779 0.05431016 0.02256728 0.04729377 0.03783497 0.01115339 0.03694297 0.07865184
94 0.04784340 0.02257960 0.01427460 0.02234310 0.00993757 0.02254680 0.02125200 0.03707290 0.00872652 0.22762002 0.17240702 0.01796690 0.03757950 0.03652480 0.01290140 0.05588921 0.03506230 0.00255852 0.02710280 0.16781102
95 0.06085114 0.04288803 0.20884415 0.02740982 0.01011861 0.01674381 0.04049913 0.02903692 0.02196672 0.03747653 0.06561055 0.03736763 0.04644343 0.03688393 0.12015408 0.03278822 0.04081853 0.01615871 0.01731011 0.09062996
96 0.07694371 0.04906410 0.03974970 0.06605311 0.02096520 0.03707870 0.05716411 0.04415070 0.02302720 0.05532301 0.07572711 0.14756701 0.01854740 0.05269281 0.02231190 0.04852920 0.03703010 0.01158010 0.03766850 0.07882631
97 0.04813476 0.02099888 0.01482379 0.02230678 0.01033189 0.02281508 0.02086688 0.03749707 0.00875543 0.22957280 0.17250685 0.01787748 0.03692367 0.03526957 0.01283229 0.05588975 0.03488347 0.00255521 0.02669848 0.16845986
98 0.05920169 0.03418620 0.03620910 0.03122640 0.01343390 0.01826400 0.05045139 0.08378329 0.01725400 0.06142309 0.26034097 0.03597850 0.02367940 0.03183520 0.02492380 0.06122819 0.04478559 0.00773963 0.03469770 0.06935799
99 0.07237137 0.03543569 0.20668292 0.02396019 0.01372679 0.02039229 0.04080708 0.03393459 0.01787429 0.04343658 0.07755737 0.04512058 0.04528418 0.04341248 0.03968358 0.08595397 0.04444228 0.01307959 0.01740499 0.07943917
100 0.05069543 0.05013403 0.02546241 0.04899242 0.01430941 0.03044232 0.19461410 0.02637701 0.01898181 0.04539512 0.07257554 0.15904408 0.01224521 0.04616272 0.01621421 0.03659912 0.03104402 0.01112461 0.04682012 0.06276633
101 0.06371168 0.04746449 0.04106819 0.04078909 0.01423880 0.02671789 0.17681195 0.04652709 0.02580749 0.06135208 0.09489617 0.04734759 0.02602139 0.05163638 0.02957789 0.04679689 0.04738969 0.01104970 0.04048989 0.06030568
102 0.05584039 0.03772959 0.03172329 0.04843369 0.01170750 0.02175510 0.04419469 0.04272779 0.02215680 0.05779169 0.07267729 0.13989397 0.01952880 0.04254109 0.01820560 0.04556519 0.03068289 0.01361500 0.03090569 0.21232396
103 0.05958218 0.03294549 0.03543479 0.03076109 0.01389550 0.01802309 0.04989368 0.08596967 0.01757639 0.06116228 0.26079492 0.03500919 0.02328459 0.03109319 0.02429589 0.06107998 0.04569939 0.00767101 0.03491979 0.07090788
104 0.25540187 0.03047898 0.01656349 0.01021779 0.02509889 0.01965429 0.02666409 0.19323890 0.01324389 0.04632548 0.05188327 0.01247299 0.00968455 0.02807019 0.02137049 0.15549192 0.04395088 0.00482225 0.00983150 0.02553429
105 0.16166089 0.04122157 0.02895768 0.16258089 0.01160729 0.05963186 0.12541392 0.01766069 0.02173809 0.07444765 0.05701826 0.06497336 0.00862776 0.02910268 0.01132509 0.03119878 0.03721018 0.00870867 0.01493319 0.03198148
106 0.06205359 0.04025900 0.04087020 0.14693499 0.01487720 0.03472440 0.15283498 0.03570050 0.02813860 0.06501269 0.08211599 0.05938609 0.02059160 0.03816070 0.01701290 0.04167310 0.03957650 0.01010890 0.02126010 0.04870800
107 0.10475002 0.03727081 0.02639881 0.04820781 0.01402890 0.04575141 0.05024711 0.04836731 0.02175631 0.19972005 0.08169332 0.03565031 0.02037970 0.03427841 0.02446381 0.06356291 0.03650671 0.00572127 0.02919251 0.07205252
108 0.08510292 0.06232221 0.04852301 0.04667781 0.01328830 0.03095991 0.05753961 0.03373551 0.02461230 0.04126161 0.06281071 0.05224511 0.03197671 0.03232501 0.03740191 0.06120971 0.06653721 0.10303402 0.01818050 0.09025592
109 0.04249140 0.02166130 0.01604310 0.01996140 0.00936015 0.01715920 0.01912160 0.03842910 0.01089840 0.20150200 0.17469900 0.02086580 0.03667040 0.03953080 0.01277250 0.05427950 0.03576200 0.00342693 0.02845540 0.19691000
110 0.05627632 0.04964792 0.05442562 0.02464731 0.01249110 0.02193371 0.05392362 0.03231181 0.03088741 0.06028962 0.08029243 0.03328791 0.20238908 0.03126071 0.03196951 0.06539893 0.04244062 0.01516561 0.01981241 0.08114833
111 0.08162368 0.03473879 0.11006797 0.02843629 0.01744460 0.01854259 0.04299449 0.04205799 0.02651759 0.04308049 0.18176695 0.04258939 0.02999229 0.03017169 0.02426209 0.11619597 0.04965349 0.00839148 0.01709670 0.05437548
112 0.06371712 0.07771893 0.02995291 0.01696551 0.01180440 0.01809731 0.03552571 0.18418906 0.01174160 0.04124371 0.23278908 0.02260441 0.02044571 0.02434611 0.02875421 0.06864332 0.03631931 0.00738317 0.02297661 0.04478181
113 0.08172476 0.03623368 0.01371089 0.01890229 0.01583159 0.02236099 0.02517249 0.13720693 0.01326459 0.07578716 0.09670475 0.01847169 0.02118119 0.03390298 0.02634089 0.23604388 0.03815888 0.00630830 0.01515129 0.06754077
114 0.08340298 0.04477079 0.02688379 0.07687898 0.01157370 0.15591796 0.04429439 0.06139088 0.01148700 0.10301197 0.05292389 0.05055319 0.01367470 0.03954549 0.03447879 0.04965039 0.03447259 0.00964245 0.02593339 0.06951268
115 0.04819608 0.03501579 0.04051238 0.03623839 0.00860208 0.02444269 0.04089518 0.06579937 0.02262229 0.06308418 0.07571467 0.04830808 0.02921259 0.03592219 0.02265359 0.06229498 0.03156479 0.01238500 0.03057179 0.26596390
116 0.08630558 0.03266799 0.02772999 0.03217019 0.07458318 0.01673910 0.04260059 0.04506809 0.01685300 0.06172359 0.16007096 0.03766889 0.02985199 0.02742159 0.02061960 0.16082596 0.04861209 0.00622684 0.01574730 0.05651349
117 0.08629008 0.04481099 0.02749409 0.07552998 0.01168180 0.15525797 0.04578359 0.06063419 0.01195130 0.10429698 0.05249609 0.05063069 0.01392620 0.03869299 0.03422289 0.04954939 0.03325579 0.00935150 0.02498540 0.06915809
118 0.07695741 0.03032130 0.02732100 0.01250630 0.01739460 0.01739450 0.02605670 0.17042802 0.01132320 0.07033451 0.08761711 0.01838870 0.07785471 0.04292660 0.02867940 0.08589481 0.10935401 0.00727769 0.01436030 0.06760911
119 0.05927738 0.03369049 0.03460579 0.03158909 0.01339300 0.01877309 0.05024988 0.08610277 0.01655309 0.06128108 0.25950091 0.03639739 0.02337529 0.03114749 0.02442719 0.06107438 0.04612378 0.00760836 0.03496789 0.06986167
120 0.25710387 0.04092808 0.03313908 0.03315288 0.01540659 0.03300848 0.04271468 0.06302307 0.03320958 0.08002056 0.06282887 0.04344468 0.01640029 0.03512028 0.02578759 0.05526167 0.04477298 0.01042489 0.02598639 0.04826548
121 0.25812201 0.04166990 0.03391960 0.03350040 0.01537270 0.03327300 0.04283670 0.06661230 0.03099600 0.07757050 0.06329590 0.04253960 0.01671870 0.03486720 0.02623120 0.05597030 0.04485060 0.00986227 0.02442510 0.04736600
122 0.09243953 0.03492917 0.01868769 0.02121728 0.01497259 0.02628398 0.02825828 0.20159184 0.01448899 0.06399335 0.10141292 0.02094158 0.01793699 0.04162047 0.02647588 0.14660888 0.04191277 0.00586850 0.01431489 0.06604445
123 0.07467484 0.03005428 0.01337549 0.01082769 0.01348339 0.01410599 0.02164518 0.13444990 0.01150049 0.13440290 0.08668583 0.01218979 0.02475428 0.03551507 0.02308628 0.16851587 0.10381792 0.00488035 0.01322139 0.06881305
124 0.04499972 0.03496151 0.02114971 0.01656211 0.00856669 0.01428051 0.02192321 0.03471171 0.00891536 0.18446508 0.16173807 0.01757451 0.08235413 0.03779812 0.02325111 0.05835782 0.03925192 0.00497823 0.02430241 0.15985807
125 0.04022387 0.02597948 0.02800618 0.02601428 0.00910598 0.01548499 0.02897208 0.05251346 0.01981689 0.10746992 0.16646288 0.03521787 0.02841108 0.03535937 0.01691429 0.04967736 0.03196488 0.00810493 0.03052238 0.24377782
126 0.14150297 0.06328549 0.04052189 0.01966220 0.01754820 0.02200760 0.03497619 0.03152449 0.01661480 0.04659249 0.05704389 0.04145739 0.11728998 0.03653009 0.02399270 0.07087969 0.11930898 0.01700930 0.02436570 0.05788599
127 0.05439079 0.04839989 0.02657729 0.05125989 0.01324900 0.03082219 0.05189949 0.02700089 0.01852809 0.06017398 0.07567588 0.11431097 0.01727970 0.04102589 0.02281689 0.19558095 0.02486269 0.00980757 0.03039709 0.08594088
128 0.06964263 0.04863112 0.15370206 0.04243592 0.01033040 0.09118764 0.04526242 0.05537972 0.01607851 0.04774222 0.05962682 0.06412173 0.02729801 0.05343732 0.03224911 0.03468391 0.04568362 0.01312931 0.02052171 0.06885583
129 0.05878347 0.03144708 0.02168039 0.03428138 0.01156449 0.01810579 0.03861038 0.04081538 0.01445199 0.15742992 0.20017390 0.02853269 0.03749308 0.03559688 0.01859329 0.08574596 0.03613388 0.00432671 0.02776399 0.09846935
130 0.11930301 0.03639410 0.04417070 0.03638840 0.01068880 0.02661080 0.03736960 0.03830200 0.02425250 0.05856781 0.06885801 0.04402120 0.02673430 0.03437260 0.03082030 0.06140331 0.03944570 0.01550460 0.03009520 0.21669702
131 0.08258221 0.15548702 0.03496080 0.03653020 0.01616980 0.03115690 0.05263651 0.04206240 0.01743060 0.06354731 0.07715761 0.04403350 0.03428650 0.04342560 0.04675280 0.06368601 0.04690340 0.01479880 0.03395300 0.06243901
132 0.04711419 0.02865179 0.02843399 0.02618420 0.01143140 0.01368570 0.03471059 0.05967969 0.01674220 0.09379168 0.24716595 0.03101039 0.03022889 0.03434159 0.01880520 0.05812399 0.03863559 0.00726609 0.03268789 0.14130897
133 0.06796434 0.04672183 0.03424542 0.16367910 0.01317361 0.06137234 0.06297224 0.04371633 0.02228321 0.07811095 0.07203854 0.07487364 0.01505681 0.04293023 0.01613171 0.04177643 0.03339482 0.01106221 0.03068692 0.06780934
134 0.08869382 0.02733490 0.01774960 0.02094860 0.00906867 0.01404000 0.02404410 0.01893640 0.01410010 0.10596102 0.17799403 0.03084841 0.02394690 0.03663171 0.01215680 0.03767441 0.03962651 0.00613995 0.13968103 0.15442303
135 0.15020599 0.02871960 0.03730180 0.02901150 0.01699930 0.01814690 0.04335780 0.05953130 0.02092890 0.05195250 0.22593199 0.03563240 0.01757970 0.02568900 0.02288990 0.05938400 0.05419960 0.00788726 0.03283840 0.06181220
136 0.06751902 0.04891571 0.02562181 0.03479071 0.00813087 0.02540611 0.05205901 0.03056441 0.01758130 0.07024502 0.10305103 0.05045971 0.01664730 0.04324601 0.01864520 0.06222972 0.04221381 0.00672827 0.19733705 0.07860792
137 0.06079888 0.03361299 0.03629609 0.03045289 0.01389579 0.01823349 0.04996818 0.08503027 0.01685349 0.06069398 0.25940990 0.03571149 0.02334679 0.03119689 0.02479169 0.06134618 0.04613118 0.00792439 0.03406869 0.07023677
138 0.06881778 0.04833659 0.04770789 0.04854759 0.01061380 0.03624839 0.05451269 0.08141778 0.02788619 0.05459369 0.06329219 0.05768729 0.01877440 0.14965797 0.02345389 0.05084439 0.05861839 0.00851703 0.03021259 0.06025949
139 0.07012621 0.02583840 0.03038680 0.03320090 0.01261130 0.03296170 0.03810651 0.24830403 0.01808210 0.05927091 0.11797002 0.03053530 0.01557910 0.05002661 0.02199810 0.04975521 0.04069131 0.00516116 0.01817400 0.08122031
140 0.05008142 0.03197601 0.02642591 0.03030961 0.00907472 0.01558351 0.04230082 0.03497501 0.01555861 0.15616206 0.19104708 0.03546791 0.04126002 0.09307064 0.01555441 0.05314232 0.03247971 0.00333268 0.01651851 0.10567904
141 0.14721399 0.04246410 0.03101540 0.01491680 0.03567980 0.01818710 0.02379460 0.03686110 0.01643060 0.03541800 0.05185559 0.02747650 0.11016899 0.02260420 0.02202050 0.21345298 0.05831919 0.01117750 0.01651040 0.06443269
142 0.04757332 0.03440192 0.04064452 0.03553812 0.00855676 0.02355941 0.04261042 0.06752163 0.02229071 0.06249233 0.07387553 0.04888222 0.02870621 0.03542042 0.02377301 0.06173653 0.03254011 0.01269301 0.02889471 0.26828912
143 0.06827010 0.02583030 0.03150940 0.03475760 0.01276890 0.03313460 0.03806580 0.24634601 0.01812980 0.06043960 0.11743700 0.03091670 0.01547800 0.04956450 0.02134620 0.04814930 0.03967880 0.00546106 0.01824640 0.08446990
144 0.10367805 0.05107403 0.03047842 0.14992808 0.01297381 0.05070693 0.06609933 0.01583641 0.01727871 0.05570943 0.05502193 0.13466007 0.00883578 0.03901282 0.01111601 0.10015605 0.02263731 0.00867060 0.01816361 0.04796262
145 0.23257994 0.03090529 0.01634630 0.01198610 0.02697679 0.02112769 0.02545509 0.17014395 0.01314000 0.04900449 0.05480529 0.01390980 0.01128790 0.02732929 0.02295809 0.18343495 0.04102249 0.00539027 0.01200260 0.03019369
146 0.04154380 0.02425140 0.01576920 0.01850040 0.00925099 0.01319090 0.01950570 0.03402950 0.00870055 0.19695999 0.21415599 0.01800620 0.04694110 0.03970350 0.01402590 0.06379040 0.03393660 0.00261651 0.02462040 0.16050099
147 0.14826899 0.02162460 0.01035150 0.01649600 0.02600930 0.01770720 0.01720970 0.03806610 0.01074480 0.05862299 0.07382559 0.01807730 0.01758930 0.01789090 0.01435800 0.35944596 0.03725080 0.00528250 0.03790920 0.05326929
148 0.12352296 0.03140289 0.02964029 0.02774409 0.01458000 0.03168909 0.10965296 0.13742596 0.01917529 0.14974895 0.05297628 0.02688129 0.01345590 0.03228849 0.02289379 0.05409428 0.04612769 0.00545752 0.01809559 0.05314668
149 0.06422738 0.02941359 0.01903740 0.03396489 0.01123800 0.02358989 0.03545829 0.03790329 0.01275450 0.20533795 0.16974296 0.02301789 0.03558579 0.03256409 0.01695030 0.07728298 0.03433299 0.00347515 0.02614169 0.10798097
150 0.03559929 0.03895959 0.01810839 0.01349400 0.00749736 0.00702577 0.02393149 0.02956769 0.00693623 0.16885195 0.22001393 0.01385070 0.10822697 0.03916779 0.02543029 0.07791228 0.03817349 0.00260924 0.01750059 0.10714297
151 0.07121033 0.05680562 0.03647491 0.02058531 0.01997471 0.04242412 0.03966452 0.13877506 0.01638001 0.05211822 0.07627863 0.03027261 0.02026941 0.03396931 0.14926206 0.07028963 0.04991742 0.00918690 0.01597511 0.05016612
152 0.07944146 0.15810492 0.03495528 0.03875058 0.01631159 0.03158118 0.05514637 0.04032368 0.01769359 0.06125147 0.07886026 0.04600968 0.03249098 0.04395668 0.04410168 0.06104647 0.04778988 0.01550379 0.03429518 0.06238527
153 0.07402289 0.06466519 0.05296869 0.02509190 0.01869820 0.03853760 0.04988870 0.04954460 0.02181070 0.05665409 0.07939459 0.03459850 0.03160720 0.03552650 0.14612899 0.06015249 0.05851509 0.01259890 0.02418050 0.06541469
154 0.07310390 0.04007230 0.04012710 0.03738420 0.00954534 0.02600010 0.04933000 0.05124590 0.02601170 0.13546699 0.08694509 0.04572080 0.02449240 0.13131699 0.02117260 0.04837030 0.04331040 0.00457552 0.02677960 0.07902880
155 0.17891196 0.02861729 0.02227319 0.01097920 0.02239639 0.01562200 0.02299039 0.15894896 0.01272740 0.05387539 0.14401697 0.01339610 0.01539310 0.02270709 0.01676020 0.16347996 0.04037249 0.00487044 0.01368010 0.03798139
156 0.07008699 0.04287710 0.16642298 0.03504060 0.01256100 0.02266510 0.05181529 0.04674370 0.02170890 0.05176259 0.09022679 0.04634930 0.04286460 0.05261899 0.04216270 0.03606590 0.04417740 0.01349850 0.02664300 0.08370859
157 0.03586249 0.03225109 0.02718829 0.01226470 0.00739392 0.00574558 0.01944180 0.03161799 0.00809046 0.14210096 0.24703394 0.01605820 0.08955718 0.04005939 0.02138079 0.06254398 0.03532049 0.00381789 0.02054889 0.14172196
158 0.05062699 0.04198829 0.05055009 0.11495898 0.00874807 0.04006719 0.05132439 0.08505149 0.02866790 0.05017719 0.03733259 0.07175749 0.00916781 0.11831998 0.01829710 0.03704179 0.04390299 0.00743926 0.08921739 0.04536299
159 0.05064744 0.02208572 0.01859951 0.02709172 0.01013041 0.03653893 0.02543972 0.04536044 0.01250151 0.22164217 0.11025009 0.02396632 0.02542982 0.03401343 0.01485351 0.04657104 0.03442293 0.00469452 0.03081562 0.20494516
160 0.06630367 0.06656987 0.09542336 0.06842847 0.01170620 0.09193326 0.03764618 0.05593308 0.01732729 0.03586909 0.04926168 0.15428094 0.01583019 0.06166338 0.01848549 0.03407439 0.03963108 0.01025840 0.02105789 0.04831608
161 0.05524206 0.03435297 0.01963918 0.02873178 0.00727381 0.01985458 0.03409767 0.02944378 0.01523129 0.09480192 0.10558591 0.03735777 0.02046478 0.03887547 0.01402169 0.04450576 0.03535127 0.00501659 0.18616785 0.17398386
162 0.06740278 0.04875909 0.02467899 0.03509959 0.00817349 0.02486419 0.05294079 0.02989339 0.01703370 0.06947438 0.10317497 0.05133359 0.01681240 0.04214389 0.01888309 0.06237658 0.04280179 0.00650789 0.19741494 0.08023048
163 0.31047617 0.02541951 0.02019731 0.00980292 0.01471051 0.01607851 0.03210742 0.24935014 0.01623121 0.04567863 0.05616603 0.01174611 0.00685979 0.03019032 0.01244811 0.06731894 0.04178182 0.00372573 0.00897582 0.02073501
164 0.05502730 0.02534820 0.01956930 0.03103560 0.01020780 0.03785040 0.02970260 0.04437500 0.01331930 0.21764399 0.11093399 0.02566470 0.02579500 0.03512120 0.01572050 0.05495570 0.03549840 0.00459815 0.03199590 0.17563699
165 0.05965709 0.03962500 0.03148180 0.16253398 0.01380890 0.03865080 0.06620829 0.02255230 0.02381190 0.07718849 0.14979899 0.06528439 0.01669270 0.03377900 0.01261990 0.03839020 0.03547270 0.01299120 0.03308940 0.06636299
166 0.05964263 0.03036852 0.01120841 0.01961051 0.00953680 0.01390121 0.02525321 0.03934002 0.01136361 0.14636607 0.16367308 0.01837841 0.03503532 0.02399721 0.01919661 0.23920712 0.03590942 0.00367609 0.02439411 0.06994164
167 0.09403481 0.03714650 0.01382750 0.01751570 0.01551400 0.02301690 0.02339200 0.18623502 0.01241860 0.06706111 0.09088851 0.01593880 0.01649680 0.03581380 0.02495440 0.21253702 0.04048120 0.00565739 0.01164330 0.05542661
168 0.03898690 0.04359470 0.03818200 0.04907510 0.00664185 0.02510070 0.05048360 0.05490170 0.02253060 0.03655170 0.04977940 0.12453999 0.01893070 0.03508830 0.01870260 0.05009400 0.02419250 0.01462210 0.02555960 0.27244199
169 0.08585586 0.04421938 0.02690709 0.07741017 0.01190679 0.15212994 0.04552958 0.06120707 0.01152430 0.10293296 0.05394758 0.05195958 0.01376689 0.03912108 0.03435359 0.05047768 0.03319709 0.00977032 0.02466969 0.06911337
170 0.05058276 0.04526807 0.02300038 0.02510118 0.00860861 0.01722369 0.05193696 0.04533297 0.01617739 0.04231847 0.24509182 0.05220266 0.01370369 0.03253318 0.01510889 0.04442937 0.03215628 0.00888730 0.16789388 0.06244245
171 0.08131217 0.15644994 0.03632369 0.03759058 0.01598089 0.03093089 0.05335538 0.04049518 0.01792519 0.06313897 0.07829957 0.04554408 0.03362659 0.04330418 0.04560658 0.06167318 0.04646458 0.01479109 0.03434479 0.06284247
172 0.03310370 0.08462691 0.01752970 0.01459470 0.00686834 0.00638544 0.02383690 0.02785630 0.00628854 0.15335601 0.21574002 0.01586490 0.12004001 0.03245220 0.03345780 0.07179551 0.03331310 0.00368879 0.01593840 0.08326271
173 0.06884092 0.04733661 0.03425891 0.16211305 0.01319720 0.05862472 0.06278302 0.04211761 0.02223241 0.07953312 0.07288812 0.07448482 0.01486590 0.04288751 0.01653200 0.04217211 0.03367651 0.01137680 0.03346011 0.06661852
174 0.06242302 0.04819501 0.04066451 0.04089391 0.01476160 0.02749141 0.17556005 0.04659281 0.02528761 0.06135292 0.09472303 0.04850841 0.02759231 0.05070902 0.03006161 0.04527601 0.04769621 0.01141720 0.03918601 0.06160732
175 0.06946244 0.04230443 0.03487672 0.18058811 0.01439001 0.04738663 0.11903207 0.03088182 0.02592022 0.06969594 0.07702145 0.07338814 0.01543801 0.03517622 0.01248661 0.03777952 0.03513192 0.00967401 0.02036121 0.04900453
176 0.05936649 0.04911479 0.04329169 0.11902898 0.01585430 0.04102829 0.11528198 0.03553709 0.02317210 0.05912779 0.07839668 0.04421239 0.02033600 0.03523049 0.07957548 0.04179999 0.04982119 0.01247710 0.02036170 0.05698549
177 0.06335293 0.04448602 0.07466934 0.03201582 0.00846043 0.02034281 0.03705282 0.04120512 0.02553211 0.04246892 0.05412523 0.03789082 0.03271802 0.02692901 0.09648245 0.05311612 0.03261862 0.01761071 0.01957261 0.23935011
178 0.14835803 0.03266281 0.02945421 0.03044541 0.11122802 0.02179560 0.03493541 0.03907511 0.01670940 0.06086991 0.08132392 0.04985661 0.01964860 0.02391950 0.03021481 0.07006351 0.06276961 0.01438750 0.01742500 0.10485702
179 0.07190416 0.03525078 0.02605058 0.05416707 0.01107749 0.10088994 0.19205289 0.05615817 0.01528869 0.07040226 0.07158326 0.04829267 0.01376179 0.03546068 0.02709118 0.03725608 0.02967578 0.00924778 0.02581618 0.06857256
