1 0.04523550 0.02953370 0.03313110 0.04382230 0.01078170 0.02116950 0.04210130 0.05298790 0.01844980 0.09913489 0.17129798 0.03619710 0.02954300 0.03844350 0.01969970 0.05440190 0.04077060 0.00661019 0.02664340 0.18004498
2 0.06339231 0.05520661 0.03968720 0.03153880 0.01582810 0.03407880 0.05825831 0.05739871 0.02613600 0.06827911 0.09046481 0.04400770 0.03583950 0.04466170 0.09631591 0.07545561 0.05122371 0.01238990 0.03063020 0.06920701
3 0.05122911 0.03259840 0.05208801 0.09434731 0.00912016 0.04808320 0.04643880 0.18367902 0.01920960 0.04398710 0.10399201 0.05262441 0.01555690 0.05950691 0.01822390 0.03855800 0.03278190 0.00673894 0.02821840 0.06301791
4 0.05297589 0.04034119 0.03609439 0.05377139 0.00920097 0.03282829 0.05172279 0.04805519 0.02779949 0.05584098 0.08442728 0.05743688 0.03025479 0.04118799 0.02404359 0.08062548 0.03485019 0.01271170 0.03142459 0.19440695
5 0.23308893 0.06189848 0.02965749 0.02854039 0.01112660 0.04294399 0.04129239 0.03543849 0.03777359 0.06037928 0.06727998 0.10463197 0.01937549 0.04898099 0.01990739 0.03909759 0.03841619 0.01117160 0.02928339 0.03971579
6 0.06757742 0.03579201 0.04059031 0.10240803 0.02458671 0.04331841 0.06582322 0.03650191 0.02290171 0.15166904 0.06825472 0.03711351 0.01911771 0.03420871 0.02108181 0.04014411 0.09744773 0.00934583 0.02510421 0.05701292
7 0.07160002 0.04139791 0.01741420 0.03156341 0.00818885 0.07269752 0.03551471 0.03994811 0.01748750 0.06328372 0.04973731 0.03719521 0.01634390 0.03340621 0.04148271 0.25462806 0.02661141 0.01034440 0.04080221 0.09035262
8 0.06115088 0.03696109 0.02903109 0.02923879 0.01390880 0.02468879 0.04151909 0.05383629 0.01657160 0.14937196 0.11772597 0.03101889 0.07297868 0.03658249 0.03234079 0.07105848 0.06140028 0.00752137 0.02934439 0.08375028
9 0.06031310 0.05268690 0.03265360 0.04559320 0.01052090 0.03113260 0.13216300 0.03953370 0.02877810 0.05386470 0.10086000 0.10134000 0.02314550 0.04684470 0.02451790 0.05032950 0.03900570 0.01280440 0.04339550 0.07051700
10 0.07237820 0.04862810 0.03185840 0.03356510 0.01081500 0.03340020 0.05573040 0.05534340 0.01983400 0.06001900 0.08062370 0.05751530 0.02167890 0.08657470 0.02398360 0.06606830 0.05869600 0.00809858 0.10742300 0.06776610
11 0.06974337 0.05549628 0.03046969 0.03573818 0.00891925 0.03218869 0.05750797 0.04645688 0.03207309 0.04259268 0.06733737 0.10841495 0.01990509 0.09653196 0.02494139 0.05106398 0.04319828 0.01006320 0.10070095 0.06665677
12 0.08380896 0.05398967 0.04901028 0.04293808 0.01266969 0.04479428 0.05182027 0.07356806 0.02377649 0.05696927 0.06768057 0.05954017 0.02020849 0.11119194 0.02669619 0.05686847 0.05534637 0.00923370 0.03206058 0.06782847
13 0.05729240 0.04323110 0.07257341 0.10505601 0.01342210 0.04204620 0.05951450 0.06848841 0.02208380 0.04864570 0.09952711 0.09048931 0.01791350 0.05298100 0.01923600 0.03779900 0.03227280 0.00948382 0.02616190 0.08178191
14 0.05457026 0.04277527 0.03241348 0.10704693 0.01116769 0.03513548 0.09776153 0.04293647 0.02596568 0.05674046 0.09952353 0.10010793 0.02072609 0.03621337 0.01992379 0.05426836 0.02918958 0.01162069 0.02897808 0.09293533
15 0.08898037 0.10872097 0.03685619 0.03532119 0.01466470 0.03455709 0.05951248 0.05387978 0.02027889 0.06127338 0.08616547 0.04862959 0.03001919 0.04938959 0.03634039 0.06286798 0.05069058 0.01831409 0.03456539 0.06897268
16 0.06157343 0.03974812 0.05103162 0.06555453 0.01043220 0.08048993 0.03704152 0.18919008 0.01849671 0.04620212 0.06602953 0.04954922 0.01328081 0.06980733 0.02560111 0.05167862 0.03322591 0.00734539 0.02780041 0.05592142
17 0.05622691 0.03079151 0.02942431 0.04381651 0.01149640 0.03317991 0.03584641 0.04861601 0.01949080 0.12987303 0.10845202 0.03682191 0.02916971 0.03873881 0.02193110 0.07974812 0.04343711 0.00732018 0.02696821 0.16865104
18 0.08601170 0.09620820 0.02885620 0.04345780 0.00838011 0.07233800 0.10136300 0.03169400 0.01841330 0.05717420 0.06084920 0.11571800 0.01835540 0.04997230 0.02584630 0.04800360 0.03511160 0.01234790 0.03378630 0.05611290
19 0.06488199 0.05912099 0.03735309 0.04317939 0.01195340 0.06241139 0.12016598 0.04303739 0.02428450 0.06597879 0.08519148 0.06237679 0.02181790 0.04629179 0.03297199 0.06095969 0.04371319 0.01295360 0.03534189 0.06601479
20 0.04387830 0.03569850 0.03656690 0.02347980 0.01126380 0.01441370 0.05881900 0.05200420 0.01849350 0.07706120 0.18869301 0.02551750 0.08226020 0.03612980 0.07390980 0.06888540 0.05280820 0.00569315 0.02631500 0.06810900
21 0.07702561 0.03760460 0.01916190 0.03388390 0.01245250 0.03422150 0.04076340 0.04925450 0.01921520 0.07001581 0.07410821 0.03968250 0.03018090 0.03482330 0.03190820 0.21499802 0.03616280 0.01020740 0.03686240 0.09746731
22 0.07676414 0.03646712 0.04162942 0.04907723 0.01396951 0.01987401 0.06437303 0.06917574 0.02007581 0.05917793 0.21345411 0.04196772 0.02466031 0.03327432 0.02299911 0.04875872 0.04476692 0.00831149 0.03845622 0.07276714
23 0.09532753 0.10749603 0.03492651 0.03834361 0.01278770 0.04261851 0.06026322 0.03942331 0.02259181 0.05059252 0.06940502 0.10376903 0.02649901 0.05459272 0.02890331 0.05045842 0.04153501 0.01572770 0.03873861 0.06600042
24 0.07509043 0.03643072 0.03740472 0.04063392 0.01402801 0.03068781 0.04191702 0.16131007 0.01760391 0.07262883 0.11332605 0.03816662 0.02465321 0.05190812 0.02633061 0.05795992 0.04789482 0.00836258 0.02980121 0.07386143
25 0.09566810 0.03944830 0.03490340 0.04979740 0.02306080 0.04390760 0.04943480 0.05098050 0.02308400 0.16819901 0.08062380 0.04013120 0.01918020 0.03695230 0.02455760 0.06216820 0.05360100 0.00939587 0.03034600 0.06455990
26 0.20611304 0.04010501 0.02370250 0.02545141 0.02571011 0.02669621 0.03071021 0.08968182 0.01985400 0.05608191 0.06199461 0.03305941 0.01935390 0.03402341 0.02467950 0.15352503 0.04257251 0.01162620 0.02748561 0.04757361
27 0.06239704 0.04488043 0.03451712 0.02569142 0.01400251 0.02104731 0.05353403 0.04868273 0.02110011 0.07116064 0.08884775 0.03850412 0.08555265 0.07863255 0.03387612 0.06115174 0.10145106 0.00960172 0.03569392 0.06967504
28 0.06228440 0.05231840 0.04647900 0.03785740 0.01366570 0.02421020 0.13039700 0.04484070 0.03187070 0.06080170 0.10793300 0.04872820 0.03007400 0.04726280 0.03197020 0.05287500 0.05587250 0.01402490 0.04005250 0.06648170
29 0.04374612 0.02227721 0.02614961 0.03245012 0.01169141 0.02153571 0.02737781 0.05583663 0.01285271 0.16124508 0.16515708 0.02327001 0.03505032 0.03704712 0.02002721 0.05748413 0.04782272 0.00469700 0.02096191 0.17332009
30 0.05580851 0.04659091 0.02289310 0.05381981 0.01096340 0.03461271 0.09685532 0.03018421 0.02588991 0.09553122 0.07171191 0.09429452 0.02268710 0.03758241 0.02613131 0.11350002 0.03576221 0.01184760 0.03021371 0.08312012
31 0.07382364 0.03641442 0.03746852 0.04061442 0.01323501 0.03044341 0.04109662 0.16266808 0.01755011 0.07196644 0.11500006 0.03900752 0.02528361 0.05145063 0.02639751 0.05680723 0.04830802 0.00783051 0.02992941 0.07470484
32 0.04648843 0.03187542 0.03495282 0.04704873 0.01071941 0.02258161 0.04679983 0.05314313 0.02104491 0.08466835 0.16571210 0.04042253 0.02952662 0.03875652 0.02045761 0.05587764 0.03970943 0.00796928 0.02948852 0.17275711
33 0.06168089 0.02697110 0.02805300 0.03285860 0.01747600 0.02222890 0.03827869 0.05719899 0.01509620 0.17627397 0.16823097 0.02565160 0.03371379 0.03426499 0.02323730 0.05199259 0.05438009 0.00533665 0.02337370 0.10370198
34 0.06461724 0.12481507 0.02240571 0.01646251 0.01323911 0.05760803 0.05359463 0.04741613 0.02032921 0.03937672 0.04729803 0.04157452 0.02192641 0.03546262 0.12623008 0.14994509 0.03036452 0.02335191 0.02156181 0.04242063
35 0.07210928 0.05429898 0.04173659 0.03741879 0.01028110 0.04141589 0.05652088 0.06495238 0.02323049 0.05033659 0.05642108 0.06117058 0.01726230 0.11644397 0.02539599 0.05781188 0.06322768 0.00797058 0.07907118 0.06292378
36 0.11640395 0.03896558 0.03213179 0.04337548 0.01198580 0.02423309 0.06750837 0.04661018 0.07906567 0.07104997 0.08924676 0.05471408 0.02490079 0.04416838 0.03105119 0.05956298 0.04282548 0.01339869 0.02571709 0.08308467
37 0.07372020 0.03539840 0.02247430 0.02418450 0.01827810 0.02496670 0.03826650 0.04956490 0.01501190 0.08449980 0.08953350 0.02837860 0.04155460 0.03890980 0.02966530 0.17532000 0.08127740 0.01255210 0.03737380 0.07906960
38 0.07798499 0.04413860 0.02800410 0.03560720 0.01198690 0.02922950 0.05534239 0.05224269 0.01604930 0.06570539 0.11599099 0.05221279 0.02917590 0.04040420 0.02353320 0.07582429 0.05051889 0.00890030 0.11535099 0.07179739
39 0.07163520 0.07667840 0.02431380 0.03563680 0.01046690 0.02808340 0.06800810 0.04109100 0.07678220 0.05020730 0.05938550 0.05516380 0.02522190 0.03953390 0.04309540 0.12543700 0.03184610 0.01798530 0.02550340 0.09392460
40 0.07224661 0.05451680 0.04070740 0.03802940 0.01029550 0.04080690 0.05605250 0.06630870 0.02407960 0.04956600 0.05591430 0.06136990 0.01709460 0.11666601 0.02606780 0.05663840 0.06378000 0.00795833 0.07910461 0.06279660
41 0.09162780 0.06414100 0.04173200 0.06336530 0.01189970 0.09342030 0.04774710 0.05597150 0.01757690 0.06817180 0.05523070 0.09641550 0.01730840 0.05832370 0.02420040 0.05098010 0.03490660 0.00934559 0.03122640 0.06640920
42 0.21424608 0.03175021 0.02085051 0.02148681 0.03098651 0.02162221 0.02211281 0.15573806 0.01195600 0.04617372 0.05646222 0.02156451 0.01414511 0.03359051 0.02240921 0.17299607 0.03349891 0.00864351 0.02222401 0.03754301
43 0.06805339 0.03739259 0.02485390 0.03381009 0.00977135 0.01865460 0.05666739 0.05318449 0.01164440 0.05529829 0.19712896 0.04989389 0.02739690 0.03743909 0.01944380 0.05053659 0.04748789 0.00778843 0.12857998 0.06497399
44 0.05383233 0.03066312 0.03641322 0.04530572 0.01206101 0.01847271 0.05038563 0.05859733 0.01806231 0.08818395 0.20506911 0.03586302 0.02854802 0.03531402 0.02085321 0.04670163 0.04309302 0.00648625 0.03091932 0.13517507
45 0.06060392 0.05083682 0.04086341 0.04156091 0.01166380 0.02702271 0.11692004 0.04652992 0.02842351 0.05242252 0.13879705 0.05454542 0.02671861 0.08029343 0.02692121 0.04656312 0.04612432 0.00902054 0.03236271 0.06180602
46 0.07643498 0.03601039 0.04155789 0.05063258 0.01393440 0.02004109 0.06574368 0.06873738 0.02036899 0.05837168 0.21416793 0.04201849 0.02492749 0.03270889 0.02350649 0.04802639 0.04412269 0.00793251 0.03814549 0.07261058
47 0.08240231 0.04558520 0.03735250 0.07416511 0.01376090 0.11037301 0.03767840 0.05913801 0.01729920 0.08956571 0.06343151 0.04687640 0.01689360 0.05171501 0.02835110 0.06857691 0.03421250 0.00878080 0.03046330 0.08337851
48 0.10939893 0.04396327 0.03529098 0.04606297 0.01067979 0.03440768 0.04477367 0.04263507 0.02666778 0.05715047 0.08018145 0.04998467 0.02749038 0.03949948 0.02363549 0.08039365 0.04071898 0.01243049 0.03171588 0.16291890
49 0.09331768 0.07435547 0.02956403 0.02206432 0.01822552 0.02666582 0.03967454 0.11243210 0.01470171 0.05789705 0.07247667 0.03317413 0.02551582 0.04517124 0.03768193 0.12570411 0.07826197 0.01485201 0.02843153 0.04983234
50 0.06146368 0.03594719 0.03581029 0.13448796 0.01511700 0.04275729 0.08959518 0.04044249 0.02603439 0.07620678 0.10983397 0.06112048 0.01966019 0.03212459 0.01841560 0.04485919 0.03596559 0.00988637 0.02458989 0.08568188
51 0.05601619 0.03099790 0.02953870 0.04525869 0.01140670 0.03410880 0.03712060 0.04798629 0.01998990 0.12854498 0.10613999 0.03867389 0.02833440 0.03842320 0.02259780 0.07932099 0.04297649 0.00800173 0.02701180 0.16755098
52 0.24792595 0.03289229 0.02092690 0.02402880 0.01057930 0.02261420 0.04067129 0.03662139 0.09568458 0.08611778 0.08693928 0.05083929 0.01602260 0.03930479 0.02630829 0.04667599 0.03462869 0.01001770 0.01598070 0.05522019
53 0.09441221 0.03913840 0.03527640 0.05021420 0.02292150 0.04448100 0.04921310 0.05073700 0.02251970 0.16921202 0.08048201 0.04038340 0.01940240 0.03662850 0.02530380 0.06228281 0.05412060 0.00949481 0.02958450 0.06419161
54 0.15320198 0.04654150 0.11003199 0.02900450 0.01830750 0.03087590 0.04786870 0.05697089 0.01878780 0.06347629 0.09308869 0.04405840 0.02336540 0.04685340 0.02175170 0.05247289 0.04798100 0.01110920 0.02537870 0.05887359
55 0.21819607 0.05053282 0.03182231 0.03224161 0.01809451 0.03447391 0.03995791 0.05951992 0.03275741 0.07174512 0.08338043 0.05440302 0.01924001 0.04194491 0.02184271 0.05650002 0.04327671 0.01229290 0.02957571 0.04820201
56 0.05491237 0.02519059 0.02682949 0.03514878 0.01437039 0.02464379 0.03221258 0.05502867 0.01444059 0.16661092 0.15711293 0.02589569 0.03407758 0.03653048 0.02227589 0.05699477 0.05096858 0.00507657 0.02333739 0.13834193
57 0.07700942 0.03778831 0.01898031 0.03332001 0.01210010 0.03463831 0.04029281 0.04885881 0.01994971 0.07028812 0.07392962 0.04038271 0.02994611 0.03482531 0.03230941 0.21624706 0.03473611 0.00998810 0.03697501 0.09743463
58 0.06855157 0.03628849 0.02431939 0.02257979 0.01512809 0.02228559 0.04437568 0.04270468 0.01619869 0.06630118 0.08638527 0.03374089 0.03906279 0.05766858 0.02511039 0.12623395 0.10183296 0.00902407 0.10235796 0.05984998
59 0.04807830 0.03329230 0.02481150 0.02417970 0.01163520 0.01669750 0.03839210 0.05223150 0.01436820 0.14680700 0.12490400 0.02505050 0.10886600 0.03324890 0.03552960 0.07590990 0.06531220 0.00653021 0.02935370 0.08480170
60 0.08400063 0.04928072 0.03389851 0.05478022 0.01247120 0.03523921 0.05849972 0.05166252 0.02763961 0.05698962 0.08659943 0.11029304 0.02422081 0.05237332 0.02650811 0.06067482 0.03822542 0.01201120 0.04132422 0.08330763
61 0.05528160 0.03836170 0.03970150 0.03059840 0.01209430 0.02671760 0.03968310 0.05567950 0.01735640 0.09134969 0.09661869 0.03681670 0.02993860 0.09081359 0.02215510 0.04910150 0.09186219 0.00787268 0.03110920 0.13688799
62 0.09540866 0.06630647 0.03972678 0.05645548 0.01119890 0.07934427 0.05389328 0.05054708 0.01953579 0.05972778 0.05711448 0.11783595 0.01906549 0.05788118 0.02277269 0.04962548 0.03570529 0.00950499 0.03316599 0.06518397
63 0.09471378 0.03898039 0.03518989 0.04850379 0.02289120 0.04365529 0.04795889 0.05076109 0.02270650 0.16933796 0.08262088 0.03894189 0.02027510 0.03704239 0.02459149 0.06254949 0.05490309 0.00907391 0.02974479 0.06555819
64 0.06255709 0.03200579 0.12794098 0.02334960 0.02292960 0.02565600 0.04694059 0.04284229 0.01460620 0.15608297 0.09676088 0.02842379 0.02631560 0.05154599 0.02477850 0.03385399 0.06182439 0.00935409 0.02622480 0.08600688
65 0.05821201 0.02731341 0.07029781 0.03392021 0.01381780 0.01651000 0.05044071 0.10584302 0.01432420 0.08537042 0.17866304 0.02441360 0.03223941 0.03598871 0.02615711 0.04295441 0.07644202 0.00631030 0.02186160 0.07892022
66 0.05834684 0.03942052 0.04476923 0.09553906 0.01496541 0.02668642 0.11879707 0.04647903 0.02834042 0.05955054 0.12182707 0.05481203 0.02363061 0.03488092 0.02318631 0.04724453 0.04430763 0.01127821 0.02866302 0.07727515
67 0.05528620 0.04303600 0.03625750 0.08778300 0.01147170 0.02751290 0.09774130 0.03231100 0.03011570 0.04974280 0.08538810 0.05783040 0.07966650 0.03054610 0.02727340 0.05533960 0.04858180 0.01617440 0.02919100 0.09875060
68 0.28131108 0.02975671 0.02009211 0.01616890 0.04047451 0.01635310 0.01663820 0.17992405 0.01103750 0.03759831 0.04498631 0.01629950 0.00938454 0.03072831 0.01713890 0.15400604 0.03354351 0.00814648 0.01614890 0.02026301
69 0.07367404 0.04527572 0.04029032 0.03377682 0.01891341 0.02352141 0.06240193 0.05682773 0.02114531 0.08222634 0.09661415 0.03800422 0.02901991 0.05493833 0.02905081 0.04600122 0.12980406 0.01334781 0.03979002 0.06537643
70 0.04454448 0.02912249 0.02701919 0.02797929 0.00998184 0.01888129 0.03224769 0.05386568 0.01395579 0.14315795 0.13415295 0.02799409 0.07220977 0.03503489 0.02981539 0.06515168 0.05443048 0.00753294 0.02400419 0.14891794
71 0.07144678 0.09152597 0.03156899 0.04029549 0.01104000 0.07683718 0.05558798 0.04044269 0.01928959 0.04672139 0.04449219 0.09449127 0.01753739 0.04810739 0.05132538 0.12426796 0.02767879 0.01389530 0.02988339 0.06356488
72 0.05105051 0.03712830 0.02132740 0.09135191 0.01017480 0.03000000 0.08348111 0.03329880 0.02780500 0.05502021 0.06586481 0.07411551 0.02387320 0.03155800 0.02367420 0.16662502 0.02515010 0.01174030 0.02711980 0.10964101
73 0.06126938 0.05198838 0.04556708 0.03843538 0.01317269 0.02437999 0.13057395 0.04605708 0.03150469 0.06103038 0.10968396 0.04897068 0.02879219 0.04685468 0.03211389 0.05255768 0.05602438 0.01358889 0.04036498 0.06706967
74 0.06362262 0.04806501 0.02151001 0.03839441 0.01252790 0.03220881 0.08928903 0.03990451 0.02456541 0.05682132 0.07002712 0.05115162 0.02907741 0.03389431 0.03595411 0.18850206 0.03737241 0.01614040 0.03176871 0.07920282
75 0.06920356 0.04369888 0.04077708 0.04016968 0.01271699 0.02921288 0.05301047 0.06608416 0.02114969 0.07067156 0.14244592 0.04904417 0.02876498 0.09577405 0.02571389 0.05191817 0.04635008 0.00740683 0.02641999 0.07946696
76 0.21862204 0.04983451 0.03261431 0.03260081 0.01770170 0.03455981 0.04173611 0.06066401 0.03361421 0.07097791 0.08324932 0.05349721 0.01869480 0.04215201 0.02156900 0.05607051 0.04391781 0.01177070 0.02871321 0.04744001
77 0.05492064 0.02967392 0.03627882 0.04548183 0.01222221 0.01814191 0.04919813 0.05848954 0.01803621 0.08756026 0.20579213 0.03508202 0.02890602 0.03580412 0.02025991 0.04834233 0.04352823 0.00651726 0.03095342 0.13481109
78 0.06411618 0.04094509 0.04569079 0.11531797 0.01517570 0.10065997 0.04901089 0.05807278 0.01726120 0.09149768 0.05968828 0.04802339 0.01411240 0.05535929 0.01897319 0.03869449 0.06540208 0.00905997 0.02524649 0.06769218
79 0.21588904 0.03635511 0.02349840 0.01957990 0.03027251 0.01771180 0.03142641 0.07893762 0.01656310 0.05287171 0.05746611 0.02506231 0.02249250 0.03343161 0.01713400 0.15155303 0.08303942 0.01778900 0.02684831 0.04207811
80 0.21360893 0.03148919 0.02434349 0.02235909 0.08791207 0.01823829 0.02504319 0.10497696 0.01168060 0.05411578 0.05157638 0.02412989 0.02197549 0.02806269 0.02225959 0.15173495 0.05441368 0.00944585 0.01662969 0.02600419
81 0.05467539 0.03855659 0.03616509 0.10979798 0.01130390 0.03490559 0.06801289 0.05213069 0.02559569 0.05431519 0.08988748 0.11248398 0.01925390 0.04382069 0.02165110 0.06103519 0.02699799 0.01106710 0.03057909 0.09776448
82 0.05760066 0.02851748 0.02915358 0.02912978 0.01743129 0.02145519 0.03574788 0.05421177 0.01431739 0.16634690 0.11734893 0.02420818 0.03261848 0.03893878 0.02294519 0.05541467 0.08811114 0.00766863 0.02770018 0.13113392
83 0.07144339 0.05387239 0.03926749 0.03590639 0.00994490 0.03913909 0.05694589 0.06336239 0.02222270 0.05040189 0.05747909 0.05973839 0.01712100 0.12095498 0.02531000 0.05497359 0.06585259 0.00719704 0.08708769 0.06177909
84 0.09390229 0.04375550 0.03342090 0.06950489 0.01162120 0.09223009 0.04393200 0.05785759 0.04684270 0.08559109 0.06049829 0.04936950 0.01689550 0.04900110 0.03178160 0.06257239 0.03232950 0.01106170 0.02514600 0.08268619
85 0.13364900 0.05252490 0.03868620 0.03455860 0.01398810 0.02465910 0.11263700 0.04538690 0.03015850 0.06196420 0.09871980 0.04976440 0.02451750 0.04289070 0.02426750 0.05307850 0.05558650 0.01454760 0.03549360 0.05292140
86 0.05459938 0.02939809 0.03554999 0.04528008 0.01218740 0.01808399 0.05025848 0.05863258 0.01828189 0.08832287 0.20638692 0.03591139 0.02820939 0.03558639 0.02058379 0.04799318 0.04291598 0.00638909 0.03062719 0.13480195
87 0.05079580 0.02796390 0.02789670 0.04436670 0.01033980 0.03339290 0.03358500 0.04646920 0.02001760 0.12688401 0.10534100 0.03634400 0.02818010 0.03687940 0.02034710 0.08361760 0.03969140 0.00757706 0.02571670 0.19459401
88 0.08396661 0.10761601 0.03585010 0.02776810 0.01686890 0.02711010 0.05733141 0.04729450 0.01635830 0.06325591 0.07575801 0.04279440 0.02959590 0.05479711 0.03094950 0.05405631 0.11615801 0.01888190 0.03552750 0.05806141
89 0.06245908 0.03053139 0.01704709 0.02643499 0.01258940 0.02401709 0.03658569 0.04552538 0.01427159 0.08692777 0.13799195 0.03037379 0.04585108 0.03563349 0.02988459 0.18575993 0.04335648 0.00767056 0.03711279 0.08997587
90 0.06536110 0.04285030 0.02997000 0.12227600 0.01205060 0.08774830 0.08662650 0.04151780 0.02062590 0.09618700 0.08022230 0.06119670 0.01612010 0.03438250 0.01770180 0.04207610 0.03044490 0.00891933 0.02305040 0.08067240
91 0.05520126 0.03108058 0.02884928 0.04506947 0.01137539 0.03430748 0.03477138 0.04838307 0.01934699 0.12866891 0.10647593 0.03765657 0.02947848 0.03855057 0.02264998 0.08080615 0.04303877 0.00751896 0.02662288 0.17014789
92 0.06996483 0.02915031 0.02918161 0.03778592 0.01892271 0.02791371 0.04123382 0.05296372 0.01706631 0.17808807 0.14559006 0.02924351 0.03013161 0.03405011 0.02303281 0.05299242 0.05401062 0.00643518 0.02542041 0.09682224
93 0.08448939 0.04830670 0.03254930 0.05504859 0.01271520 0.03423390 0.05927049 0.05049809 0.02753770 0.05819059 0.08788969 0.11033299 0.02382040 0.05190119 0.02603740 0.06157239 0.03720420 0.01198490 0.04085940 0.08555749
94 0.05143520 0.02226850 0.02574550 0.03414930 0.01501470 0.02519780 0.02792420 0.05456090 0.01213080 0.18881702 0.15746201 0.02121750 0.03445500 0.03451170 0.02116060 0.05350880 0.05233400 0.00419682 0.02079460 0.14311501
95 0.06877896 0.05156177 0.09571104 0.05797487 0.01428269 0.11133594 0.03491458 0.06926596 0.01518759 0.06738416 0.05442727 0.05654857 0.01505509 0.07195286 0.02541229 0.04101748 0.04074748 0.00834948 0.02658448 0.07350746
96 0.08326791 0.04916660 0.03335890 0.05406671 0.01300760 0.03407020 0.05918611 0.05106891 0.02762910 0.05720671 0.08713651 0.10984701 0.02375060 0.05189881 0.02625420 0.06161581 0.03770520 0.01240120 0.04109410 0.08626781
97 0.04550953 0.02265701 0.02625892 0.02939382 0.01272641 0.01704221 0.02889882 0.05927504 0.01139111 0.16352010 0.18873811 0.02101401 0.03878532 0.03711142 0.02121311 0.05089663 0.05085233 0.00422870 0.02147731 0.14901009
98 0.05551131 0.03701971 0.03765471 0.03137990 0.01176130 0.01550420 0.05539711 0.05700701 0.01760590 0.07567111 0.19790503 0.03308920 0.07308911 0.03707251 0.03341961 0.06215721 0.04950011 0.00685905 0.03318720 0.07920871
99 0.07687296 0.04174508 0.09958025 0.02906129 0.01956089 0.03103238 0.04544948 0.05566477 0.01773919 0.06545497 0.07775096 0.03731818 0.02959569 0.04550788 0.02933749 0.13935193 0.04917668 0.01202799 0.02574469 0.07202726
100 0.05612643 0.04726343 0.03359942 0.04561243 0.01019021 0.02867312 0.13774308 0.04124992 0.02409481 0.04865333 0.16586610 0.09053655 0.02358801 0.03785872 0.02040381 0.03841292 0.03572812 0.01038381 0.04420543 0.05981034
101 0.06203651 0.05195321 0.04526370 0.03798910 0.01310560 0.02446540 0.13015901 0.04617960 0.03168670 0.06157801 0.10905101 0.04905450 0.02920310 0.04548290 0.03180120 0.05263411 0.05650761 0.01376940 0.04065110 0.06742821
102 0.05508192 0.03694562 0.03712112 0.05525242 0.00884195 0.02958711 0.04584542 0.11256405 0.02428751 0.04645112 0.08197324 0.09135854 0.02354941 0.05005682 0.02406211 0.05659423 0.03521922 0.01050920 0.03290591 0.14179306
103 0.07760258 0.03677389 0.04219799 0.04916549 0.01364820 0.01961049 0.06720368 0.06930158 0.02064939 0.05727468 0.21455294 0.04123889 0.02405089 0.03243249 0.02270619 0.04803819 0.04429449 0.00829549 0.03778229 0.07318018
104 0.22619200 0.03194800 0.02187630 0.02030330 0.03328960 0.02036580 0.02196640 0.16376700 0.01240730 0.04494520 0.05553330 0.02133200 0.01356210 0.03361630 0.02212840 0.15822600 0.03555660 0.00855039 0.02102340 0.03341060
105 0.17805993 0.05121458 0.03683209 0.03478129 0.01300829 0.02663189 0.11450695 0.04317758 0.03154629 0.05961628 0.09310646 0.05246508 0.01896149 0.04028968 0.01995269 0.04428608 0.05304088 0.01441489 0.03204569 0.04206188
106 0.05902256 0.03973417 0.04485317 0.09497343 0.01463799 0.02707738 0.11962492 0.04720557 0.02849028 0.05922336 0.12226991 0.05503326 0.02374248 0.03482908 0.02306198 0.04614247 0.04375157 0.01153519 0.02880078 0.07599045
107 0.07640645 0.03225898 0.03124678 0.04193947 0.01976239 0.03099648 0.04558467 0.05271766 0.01901099 0.17054588 0.13504891 0.03330088 0.02744678 0.03446868 0.02330828 0.05540366 0.05298596 0.00717409 0.02686688 0.08352614
108 0.09525659 0.06718869 0.03579450 0.04062650 0.01447960 0.03057370 0.06479469 0.04769700 0.02627370 0.05331819 0.06624839 0.05231669 0.02614010 0.03523770 0.03342310 0.07609679 0.05937219 0.07545319 0.02471740 0.07499129
109 0.04405121 0.02171591 0.02653201 0.03283041 0.01212270 0.02144941 0.02709561 0.05661412 0.01278610 0.16163405 0.16419305 0.02348031 0.03458121 0.03785501 0.01995121 0.05641052 0.04803911 0.00445180 0.02139321 0.17281305
110 0.07111414 0.04932193 0.03321362 0.03403592 0.01467511 0.02344691 0.05446783 0.04496503 0.02215591 0.05974744 0.08437475 0.04609673 0.11676507 0.03488252 0.03525512 0.08408375 0.05720493 0.01307471 0.03694492 0.08417365
111 0.07637948 0.03681689 0.07205428 0.03508749 0.01865800 0.02261609 0.05211319 0.05833359 0.01909000 0.06305088 0.15235596 0.03425799 0.03449319 0.03540369 0.02729949 0.10460297 0.05225469 0.00912395 0.02622029 0.06978788
112 0.06336796 0.08749535 0.03570818 0.03814498 0.01105779 0.02973058 0.12006293 0.04391157 0.02348999 0.04332877 0.15881890 0.05822057 0.02495159 0.03841698 0.02786268 0.04594597 0.04082918 0.01361469 0.03825308 0.05678827
113 0.11219499 0.03767210 0.02503160 0.02895470 0.06374049 0.02392400 0.03615320 0.06814719 0.01466740 0.06296359 0.07253369 0.03505660 0.03584940 0.03683680 0.03073610 0.17581498 0.05231549 0.01072310 0.02416700 0.05251759
114 0.08092702 0.04715081 0.03774561 0.07435662 0.01359020 0.11109603 0.03833141 0.05786521 0.01727750 0.09076152 0.06225721 0.04774901 0.01732890 0.05267261 0.02860401 0.06584942 0.03482381 0.00933487 0.03038071 0.08189752
115 0.05208148 0.04109509 0.03537129 0.05472268 0.00943419 0.03362779 0.05136389 0.04770519 0.02844069 0.05451458 0.08234308 0.05785118 0.03061659 0.04097609 0.02355579 0.08190148 0.03422239 0.01237660 0.03186099 0.19593894
116 0.08116631 0.04837001 0.04708811 0.04336201 0.06924041 0.06716351 0.04460261 0.04311961 0.01658320 0.09079221 0.06436761 0.04637911 0.01960070 0.04423821 0.03056380 0.06422681 0.09639991 0.00955656 0.02582930 0.04735001
117 0.08196882 0.04695071 0.03674941 0.07430842 0.01355530 0.11057703 0.03815541 0.05810241 0.01676040 0.09032602 0.06351582 0.04717571 0.01760270 0.05222451 0.02804971 0.06671432 0.03467571 0.00876725 0.03115501 0.08266532
118 0.04556279 0.02435979 0.02156449 0.01352990 0.01213960 0.00930927 0.02581329 0.09236518 0.00955512 0.15262096 0.13928096 0.01444670 0.07718708 0.03427679 0.03191639 0.07152798 0.09209568 0.00486497 0.02415709 0.10342597
119 0.07707318 0.03687069 0.04202849 0.04901789 0.01413950 0.02026840 0.06498989 0.06980979 0.01986380 0.05811269 0.21234096 0.04195859 0.02432540 0.03337709 0.02374310 0.04846789 0.04486269 0.00813950 0.03832389 0.07228659
120 0.21754613 0.05006693 0.03240212 0.03223902 0.01801631 0.03445832 0.04088742 0.05987204 0.03313122 0.07107984 0.08439265 0.05444223 0.01922871 0.04149632 0.02131571 0.05572973 0.04378323 0.01186041 0.02993572 0.04811593
121 0.24543397 0.03531200 0.02876180 0.02594370 0.02786010 0.02224490 0.02838400 0.16284898 0.01734340 0.04581669 0.07443509 0.02941640 0.01225880 0.03810490 0.01684680 0.08872359 0.03667400 0.00845512 0.02422680 0.03090900
122 0.10700800 0.03512340 0.02649500 0.02870510 0.01906750 0.02624300 0.03218550 0.14510900 0.01526760 0.07000260 0.08835020 0.03183000 0.02601300 0.04235350 0.03142020 0.13076100 0.04196730 0.00913193 0.02683710 0.06612910
123 0.05592376 0.03816837 0.04451057 0.03456158 0.01823229 0.01953789 0.11376492 0.04250487 0.02498718 0.12585591 0.07367505 0.03125498 0.02386308 0.04700307 0.02757928 0.03520138 0.15162589 0.01145139 0.03285148 0.04744707
124 0.05899312 0.03265301 0.09281653 0.03581491 0.01840631 0.03244311 0.04253341 0.04906691 0.01756561 0.14777904 0.09385833 0.03308981 0.02419981 0.04619121 0.02365171 0.04530401 0.05674462 0.00894040 0.02522211 0.11472603
125 0.04256397 0.02922318 0.03416667 0.04497857 0.01026719 0.02295298 0.04254547 0.05079266 0.02091668 0.09093833 0.15708688 0.03919717 0.02916108 0.03901207 0.01942449 0.05507786 0.03690757 0.00723614 0.02622718 0.20132385
126 0.13189499 0.05350689 0.02957370 0.02621460 0.01899670 0.02133420 0.04864060 0.03630890 0.01963250 0.05205879 0.06481629 0.04445310 0.10891899 0.03298710 0.02327200 0.07245569 0.10594099 0.01413520 0.03526960 0.05958919
127 0.08142503 0.04288916 0.02976677 0.03593887 0.01240009 0.06959634 0.03339987 0.11516490 0.01737128 0.05185385 0.05517965 0.03915476 0.01453819 0.04485746 0.04433636 0.17925584 0.02713788 0.01073269 0.03134617 0.06365484
128 0.07968089 0.09795219 0.10887399 0.03024640 0.01547360 0.04024930 0.05518209 0.04432790 0.01881630 0.05580329 0.08287989 0.05990869 0.02662660 0.05902589 0.03123270 0.03696630 0.04623840 0.01439600 0.02839080 0.06772879
129 0.06732314 0.03109092 0.03116292 0.03770472 0.01598091 0.02333421 0.04653183 0.05869844 0.01787251 0.13800608 0.17103810 0.03324762 0.03202272 0.03594512 0.02410151 0.05617013 0.05123393 0.00701159 0.02714112 0.09438246
130 0.10984397 0.04363149 0.03579129 0.04688109 0.01065190 0.03438929 0.04451239 0.04219329 0.02697449 0.05540288 0.07960838 0.05100448 0.02768099 0.03894009 0.02382869 0.07907178 0.04077389 0.01228310 0.03186159 0.16467495
131 0.08833265 0.10819506 0.03695782 0.03509722 0.01530331 0.03359402 0.06071724 0.05240133 0.02021511 0.06208184 0.08703485 0.04838723 0.02946662 0.04974703 0.03660382 0.06317844 0.05047773 0.01760661 0.03586042 0.06874164
132 0.05428473 0.03030372 0.03673242 0.04518703 0.01231671 0.01781721 0.04981283 0.05759933 0.01844171 0.08789375 0.20532612 0.03557672 0.02826362 0.03541382 0.02094191 0.04852593 0.04316642 0.00614853 0.03025842 0.13598908
133 0.07001781 0.03870840 0.03299930 0.11984101 0.01526960 0.05671411 0.05135411 0.05191581 0.02235600 0.08565521 0.09554431 0.05671961 0.02149250 0.04074590 0.01976580 0.05208431 0.03608240 0.01003900 0.02988040 0.09281441
134 0.09827723 0.03290461 0.02484791 0.03333401 0.01221400 0.02147631 0.04100141 0.04015021 0.01607921 0.07831123 0.16826306 0.03960971 0.02280551 0.04078001 0.01729231 0.05211172 0.04784492 0.00785205 0.08988053 0.11496404
135 0.15163998 0.03545419 0.03812479 0.04264459 0.01512380 0.01898840 0.05340739 0.06477769 0.02498720 0.04951259 0.20625897 0.04069969 0.01908050 0.02896000 0.01866370 0.04582769 0.04233629 0.00778286 0.03530039 0.06042929
136 0.05017120 0.03694160 0.02828160 0.03955220 0.00886238 0.02917600 0.04497000 0.04244430 0.02197790 0.06919670 0.09047900 0.05239460 0.02845870 0.04662110 0.02057400 0.07610350 0.03903720 0.00945587 0.07781120 0.18749099
137 0.07568151 0.03623390 0.04155920 0.04891880 0.01395860 0.02047940 0.06685401 0.06955431 0.02013630 0.05960680 0.21261402 0.04148670 0.02469750 0.03273400 0.02340660 0.04874240 0.04481580 0.00790782 0.03797610 0.07263621
138 0.08286940 0.05485080 0.04882110 0.04232020 0.01272280 0.04538770 0.05145490 0.07284130 0.02396910 0.05644760 0.06600790 0.05998420 0.02022970 0.11275400 0.02820390 0.05676680 0.05599960 0.00911151 0.03181980 0.06743770
139 0.07472200 0.03678060 0.03769060 0.04061780 0.01386420 0.03031110 0.04223740 0.16184801 0.01789660 0.07141600 0.11234400 0.03983810 0.02489400 0.05133470 0.02716660 0.05744720 0.04731380 0.00813636 0.02998390 0.07415700
140 0.06495332 0.03880361 0.03872861 0.04006621 0.01181210 0.02091431 0.05639912 0.06578662 0.01942781 0.07011372 0.19409805 0.04342401 0.03092241 0.07627902 0.02414241 0.04813431 0.04156571 0.00706473 0.02704011 0.08032382
141 0.13205297 0.04345709 0.02469410 0.02266110 0.02638689 0.02037130 0.03512149 0.04697179 0.01584300 0.04596679 0.06560249 0.03299379 0.10852098 0.02745569 0.02816739 0.16101297 0.06231079 0.00994450 0.03493769 0.05552719
142 0.05151510 0.04092120 0.03539010 0.05394780 0.00927372 0.03305760 0.05198470 0.04820790 0.02784590 0.05573990 0.08349341 0.05846010 0.03024050 0.04185160 0.02363640 0.07970691 0.03490510 0.01183240 0.03093660 0.19705302
143 0.07263949 0.03596580 0.03751670 0.04134090 0.01311060 0.03055950 0.04210000 0.16065898 0.01805660 0.07362979 0.11462499 0.03914360 0.02512010 0.05175189 0.02647300 0.05657129 0.04773320 0.00811000 0.03071620 0.07417739
144 0.09394415 0.04403588 0.02641339 0.09404045 0.01117959 0.03661788 0.05638797 0.04154228 0.02236399 0.05498957 0.06426757 0.09752015 0.01907849 0.03794048 0.02295459 0.12677894 0.02588489 0.01227129 0.02962489 0.08216356
145 0.21445692 0.03156419 0.02106279 0.02129079 0.03179059 0.02181769 0.02201069 0.15570494 0.01173520 0.04641128 0.05664588 0.02194129 0.01428919 0.03294939 0.02330409 0.17114993 0.03360799 0.00880878 0.02210129 0.03735709
146 0.04440708 0.02143019 0.02641419 0.02711989 0.01271099 0.01603169 0.02762899 0.06033557 0.01107859 0.16804391 0.18904090 0.01915759 0.03938998 0.03749728 0.02158569 0.05056887 0.05171477 0.00376392 0.01989999 0.15217992
147 0.13417110 0.02958802 0.01472431 0.02493672 0.01577561 0.03367873 0.02458662 0.05757004 0.01484471 0.06186525 0.05220454 0.02549452 0.01998261 0.02752512 0.02457242 0.27732121 0.03408013 0.00840476 0.03715573 0.08151786
148 0.07952863 0.03781702 0.03983982 0.03608451 0.01478311 0.02720521 0.09106974 0.10202304 0.02426091 0.12237205 0.08154233 0.04035502 0.02152371 0.04051432 0.02544461 0.05714112 0.06580793 0.01036690 0.02809871 0.05422132
149 0.07228527 0.02863869 0.02839739 0.03774988 0.01881359 0.02811259 0.04029438 0.05480908 0.01755869 0.17749993 0.14574994 0.02933689 0.02953519 0.03320069 0.02198499 0.05450278 0.05390288 0.00660442 0.02510499 0.09591776
150 0.06558113 0.04226392 0.04396512 0.03767322 0.01075621 0.01967061 0.08819394 0.03860512 0.06527373 0.04577822 0.13174307 0.04729352 0.07877014 0.04033062 0.03755102 0.05374163 0.04691732 0.01043091 0.02944371 0.06601683
151 0.05359459 0.05360859 0.04354150 0.02845430 0.01412440 0.03266990 0.05364609 0.05758089 0.02718530 0.06264039 0.08472829 0.04571170 0.03184640 0.09019069 0.09142759 0.06473819 0.05167149 0.01161920 0.03687440 0.06414609
152 0.09026929 0.10853299 0.03614360 0.03545410 0.01518680 0.03430720 0.05942319 0.05366209 0.01942750 0.06111869 0.08577739 0.04863210 0.02989440 0.05001879 0.03656100 0.06390839 0.05124729 0.01750370 0.03617890 0.06675259
153 0.06368571 0.05616411 0.03900390 0.03159560 0.01617530 0.03468190 0.05702581 0.05781961 0.02534260 0.06997731 0.09196331 0.04368080 0.03552290 0.04339360 0.09632951 0.07448371 0.05131391 0.01240200 0.02974280 0.06969561
154 0.07617545 0.04200187 0.04607297 0.03840498 0.01522459 0.03773548 0.04847727 0.06009666 0.02105239 0.11923093 0.08563875 0.04538567 0.02321939 0.09263284 0.02603018 0.05502997 0.05726137 0.00787691 0.02652408 0.07592825
155 0.18763402 0.02988820 0.02510460 0.02279410 0.02530500 0.01764790 0.02604380 0.14158901 0.01196240 0.05398220 0.11403501 0.02123540 0.02108540 0.03053440 0.02025790 0.13552401 0.03830420 0.00737601 0.02485330 0.04484310
156 0.07391771 0.04381570 0.11582601 0.03607130 0.01707360 0.03118490 0.06143481 0.05518311 0.02081970 0.07293361 0.10717701 0.04214220 0.02724510 0.05442851 0.02899470 0.03899020 0.05253751 0.01131100 0.02860910 0.08030421
157 0.04062618 0.02845408 0.03304878 0.02660669 0.00971495 0.01169219 0.03709508 0.05904357 0.01260119 0.11563494 0.20249089 0.02382569 0.06489396 0.03778068 0.02747648 0.05364627 0.04902947 0.00536760 0.02426039 0.13671092
158 0.06002572 0.04260921 0.04403811 0.08991022 0.00938347 0.05054391 0.04890921 0.07747112 0.02399661 0.04739091 0.05644781 0.06567352 0.01556300 0.09253952 0.02263271 0.05939501 0.04321071 0.00879838 0.06890772 0.07255312
159 0.05633085 0.02548128 0.02714008 0.04044846 0.01318679 0.03576867 0.02901857 0.04797626 0.01532429 0.17322485 0.11682190 0.02716628 0.02794318 0.03464217 0.02047478 0.06967574 0.04661346 0.00545427 0.02456328 0.16274486
160 0.08812822 0.06816352 0.08382382 0.04993881 0.01322840 0.08244592 0.04233901 0.06261182 0.01665500 0.04613221 0.05191521 0.11425603 0.01636260 0.07345552 0.01959460 0.03630231 0.04028551 0.00806725 0.02771671 0.05857751
161 0.06340870 0.04121270 0.02451850 0.02248220 0.01281190 0.01648740 0.04816610 0.04030450 0.01428860 0.06918480 0.09099661 0.03327230 0.10949101 0.03916740 0.03064050 0.07755681 0.10199101 0.00911163 0.09199891 0.06290840
162 0.07782706 0.04434548 0.02843169 0.03538448 0.01223389 0.02953339 0.05566777 0.05141288 0.01597089 0.06620817 0.11501195 0.05201028 0.02992399 0.04004178 0.02427189 0.07590097 0.05115248 0.00885655 0.11353695 0.07227747
163 0.20953505 0.03444601 0.02925001 0.02902811 0.02540691 0.02398221 0.03018591 0.18901305 0.01503390 0.04638901 0.08148052 0.02777261 0.01289290 0.04080541 0.01798300 0.08401962 0.03637131 0.00754555 0.02401711 0.03484181
164 0.06219628 0.02788879 0.02810239 0.04299718 0.01502559 0.03684009 0.03281459 0.04896698 0.01651439 0.17058294 0.11453696 0.02997479 0.02734489 0.03614689 0.02209159 0.06830467 0.04859218 0.00636248 0.02588039 0.13883595
165 0.05264430 0.04383560 0.03700930 0.09006290 0.01366250 0.02966940 0.09978500 0.03959630 0.03034150 0.05726340 0.09378530 0.05896640 0.02942210 0.03585580 0.06552670 0.05838960 0.04548770 0.01162150 0.02719610 0.07987860
166 0.05199784 0.03142133 0.02655822 0.02278732 0.01470601 0.01492661 0.04207243 0.05616415 0.01484401 0.14429912 0.11695909 0.02312662 0.08420457 0.03478353 0.03310263 0.06533375 0.10109708 0.00724420 0.02932902 0.08504247
167 0.09477875 0.02902941 0.02057111 0.02159401 0.01663381 0.02058761 0.02773471 0.10549905 0.01132871 0.07901574 0.12761206 0.02353331 0.03663312 0.03286722 0.02919311 0.17538409 0.04213892 0.00727560 0.02818241 0.07040724
168 0.04422870 0.04746630 0.03158550 0.06615799 0.00703400 0.02995970 0.06023049 0.04122500 0.03254420 0.03426440 0.05658069 0.10595399 0.03019740 0.04171600 0.02473040 0.07143879 0.02605930 0.01467650 0.03250170 0.20144898
169 0.08222811 0.04694591 0.03789371 0.07381771 0.01387490 0.10914102 0.03830561 0.05784831 0.01701950 0.09101081 0.06243291 0.04767691 0.01706920 0.05323801 0.02688350 0.06634771 0.03553111 0.00891784 0.03099320 0.08282401
170 0.05607927 0.04178398 0.02789899 0.02805609 0.00898414 0.01788049 0.05806297 0.04837278 0.01562149 0.05622047 0.17042592 0.04396868 0.07031867 0.04277258 0.02817479 0.06648967 0.04917508 0.00866463 0.09866385 0.06238547
171 0.08868596 0.10790196 0.03641469 0.03490619 0.01493329 0.03446439 0.06034588 0.05302268 0.02013609 0.06188478 0.08481057 0.04797878 0.03018999 0.05031618 0.03670969 0.06430257 0.05186138 0.01776899 0.03439829 0.06896767
172 0.04620463 0.03088042 0.07041695 0.02399542 0.01344501 0.01503201 0.04651223 0.05312254 0.01597601 0.12628909 0.16500812 0.02292582 0.07243295 0.03841883 0.03215212 0.04968234 0.05625784 0.00623216 0.02073542 0.09428007
173 0.06994383 0.03821032 0.03299441 0.12210405 0.01491041 0.05731112 0.05116532 0.05120472 0.02272811 0.08528593 0.09541654 0.05569072 0.02104231 0.04060602 0.02024311 0.05171452 0.03675331 0.01033330 0.02919321 0.09314874
174 0.06393692 0.05178622 0.04569101 0.03846601 0.01387170 0.02346521 0.13051904 0.04554341 0.03170351 0.06114652 0.10908203 0.04885531 0.02855381 0.04698611 0.03103031 0.05379052 0.05531602 0.01374690 0.04035281 0.06615662
175 0.06627777 0.03105078 0.03640878 0.12031394 0.01590079 0.04213278 0.05797397 0.04642468 0.02122679 0.07765946 0.16982791 0.04748268 0.02001659 0.03181438 0.01668299 0.03870048 0.03541448 0.00796151 0.02877259 0.08795666
176 0.05756029 0.04718479 0.03652299 0.08875298 0.01513790 0.03863729 0.05699499 0.05216589 0.02575949 0.06201259 0.08057998 0.05812439 0.02939659 0.04169349 0.08752328 0.06060199 0.04320789 0.01149010 0.02892229 0.07773078
177 0.04626906 0.03168848 0.03455787 0.04802906 0.01078979 0.02328798 0.04664216 0.05227646 0.02097298 0.08497933 0.16347287 0.04115717 0.02970638 0.03940877 0.02089678 0.05621906 0.03913957 0.00770357 0.02838578 0.17441686
178 0.12846498 0.03588029 0.03407849 0.04404329 0.07481869 0.02929879 0.03739419 0.04131159 0.01638680 0.10660398 0.09134238 0.03473399 0.02166990 0.03035189 0.02203460 0.05366229 0.06039119 0.00946129 0.02660339 0.10146798
179 0.06306853 0.05678882 0.03813672 0.04615112 0.01200740 0.06458153 0.12479305 0.04401072 0.02316881 0.06922023 0.08659953 0.06144362 0.02027601 0.04559612 0.03160001 0.05725862 0.04337912 0.01264041 0.03505491 0.06422473
