1 0.24847099 0.02030890 0.01906760 0.03548940 0.09517200 0.02519070 0.02876200 0.04255720 0.01121870 0.08279840 0.06624590 0.03264530 0.01655070 0.02564340 0.02981890 0.13452399 0.02811680 0.00549744 0.01772490 0.03419680
2 0.30078408 0.03475691 0.03011781 0.03425921 0.01417860 0.02507401 0.03768401 0.04670341 0.01624210 0.08359192 0.08477722 0.03640851 0.01943211 0.03523671 0.02874331 0.05602212 0.03684541 0.00677063 0.02963031 0.04274161
3 0.17957696 0.02402129 0.02120159 0.02639549 0.01613650 0.02447329 0.03606709 0.04495409 0.01252310 0.09506268 0.07344768 0.03571779 0.02316789 0.03325419 0.02959829 0.20500895 0.03102079 0.00851224 0.02287659 0.05698349
4 0.04165469 0.04475719 0.03581709 0.03337529 0.00982347 0.02508359 0.04440989 0.05014249 0.01552870 0.05371209 0.07485729 0.04060859 0.02024560 0.03224529 0.02279790 0.10526598 0.02735309 0.00485413 0.02781469 0.28965294
5 0.19381788 0.02817848 0.02304749 0.02861908 0.01435959 0.01971219 0.03572778 0.04636297 0.01472739 0.16384190 0.15340490 0.02958108 0.02335739 0.02642908 0.02340289 0.05323057 0.02760098 0.00621674 0.01984239 0.06853926
6 0.04803250 0.15659199 0.02667700 0.03618180 0.00971861 0.04304880 0.04079330 0.04377360 0.01399790 0.03199010 0.07423160 0.03749990 0.01592300 0.05713060 0.02975490 0.03503420 0.22845799 0.00506505 0.02785460 0.03824260
7 0.05507490 0.02742210 0.02037710 0.02650170 0.01228010 0.02576870 0.03644090 0.04057900 0.01174230 0.09150891 0.07021680 0.03697130 0.02695490 0.02907300 0.02290880 0.26957602 0.03213620 0.00899113 0.02485310 0.13062301
8 0.06310495 0.03919093 0.03158402 0.04765494 0.01700851 0.02509972 0.04134593 0.05297414 0.02622262 0.06200515 0.11510809 0.17564514 0.02461182 0.04091413 0.03032812 0.05700835 0.03802023 0.00955112 0.03504073 0.06758135
9 0.06327273 0.04768792 0.04260382 0.03774902 0.01443811 0.02397121 0.16716907 0.05936663 0.02464601 0.07507023 0.09464274 0.04220592 0.02253151 0.03945042 0.02617101 0.05882683 0.04734742 0.00831117 0.03066931 0.07386893
10 0.05460151 0.02776561 0.02124851 0.02814351 0.01267080 0.02302661 0.04496131 0.04036181 0.01109740 0.09997062 0.07027422 0.03249321 0.02003330 0.03968201 0.01987940 0.23367706 0.11630203 0.00978626 0.02606031 0.06796452
11 0.03765749 0.11480298 0.01865990 0.02624440 0.00959142 0.02642610 0.03727799 0.03337369 0.01046100 0.06231049 0.06032169 0.04146369 0.02742960 0.02578420 0.02256450 0.24630596 0.02638260 0.00649126 0.02191610 0.14453497
12 0.08491222 0.03165761 0.02903191 0.03412611 0.01652800 0.02432721 0.04489861 0.05219531 0.01977360 0.19631604 0.15502103 0.03919531 0.02232430 0.03031781 0.02656371 0.06695421 0.03172751 0.00812638 0.02449811 0.06150501
13 0.06639351 0.03788080 0.14339101 0.02976280 0.01537760 0.03119740 0.05140720 0.04882280 0.01364180 0.05595240 0.10846401 0.03699070 0.01610520 0.03711310 0.04004220 0.03990940 0.13565301 0.00594652 0.02537170 0.06057680
14 0.07179561 0.02941020 0.03124090 0.02972480 0.01422530 0.02048410 0.04208411 0.05233081 0.01862310 0.13478902 0.23770703 0.03931530 0.02738350 0.02932040 0.02237550 0.05030781 0.03433620 0.00691808 0.02418470 0.08344351
15 0.04408560 0.02869090 0.01892960 0.04547990 0.02338850 0.01973810 0.03071940 0.04699360 0.01747590 0.03164620 0.05134770 0.04088570 0.25235200 0.04458580 0.03781210 0.05047870 0.02699800 0.00841810 0.13752000 0.04245420
16 0.06327170 0.02874910 0.02880710 0.03240550 0.01240430 0.02114280 0.03925510 0.05137580 0.01874080 0.03173550 0.27898601 0.04786210 0.01401290 0.04843130 0.02193100 0.04240990 0.04121120 0.00720867 0.13261400 0.03744520
17 0.07468436 0.03816578 0.04279478 0.03777998 0.01892409 0.03376838 0.04361308 0.04782887 0.01752199 0.07291836 0.08642065 0.04725357 0.03760078 0.03830228 0.15081092 0.05634947 0.05224347 0.00975334 0.03240028 0.06086557
18 0.05391858 0.04107279 0.02252869 0.05592428 0.01422950 0.02159419 0.03613849 0.04882498 0.01183180 0.04073099 0.06962148 0.04670119 0.26487092 0.03208119 0.04510129 0.07076728 0.02812519 0.00793191 0.03310799 0.05489728
19 0.15207198 0.03453239 0.02309510 0.15027998 0.01606400 0.02629340 0.03629189 0.03454999 0.01493480 0.04855259 0.07298339 0.03848389 0.02550420 0.13245398 0.02071990 0.04698089 0.03408989 0.00835376 0.04252179 0.04124219
20 0.06485489 0.04763999 0.04203279 0.03767260 0.01454210 0.02370710 0.16619198 0.05626889 0.02323860 0.07578689 0.09781869 0.04300299 0.02393700 0.03830880 0.02730990 0.05841529 0.04674259 0.00770942 0.03102560 0.07379389
21 0.05949935 0.03774623 0.02490692 0.14907812 0.02226752 0.03022702 0.03203013 0.04487744 0.01285961 0.07000696 0.08091037 0.04944234 0.04957794 0.03802793 0.02965492 0.12995111 0.03695103 0.00982119 0.02855782 0.06360605
22 0.07271831 0.05234521 0.02917350 0.15897402 0.02159320 0.03192910 0.04275160 0.04659661 0.01616590 0.07145571 0.08748071 0.05661421 0.03939310 0.04470710 0.02803790 0.05133701 0.04121710 0.00993289 0.03123110 0.06634571
23 0.06257501 0.22047203 0.02898190 0.04707961 0.01174510 0.02781210 0.05223261 0.05496261 0.01401240 0.05816061 0.07986271 0.04812991 0.02777000 0.03780251 0.02550980 0.04524751 0.04586291 0.00618776 0.02756290 0.07803001
24 0.06894650 0.03202990 0.02430240 0.03429760 0.01489340 0.03274340 0.04382530 0.05664420 0.01397170 0.16011099 0.08103210 0.04328670 0.02381340 0.03484510 0.02642400 0.05574430 0.03693370 0.00846895 0.14328699 0.06439940
25 0.23223594 0.02828419 0.02690499 0.04319229 0.09303288 0.02956179 0.03381639 0.04594149 0.01580620 0.07906358 0.08082808 0.03820619 0.01904750 0.03164749 0.03165239 0.06227589 0.03289869 0.00681674 0.02782949 0.04095779
26 0.05115386 0.02720588 0.02132988 0.03244148 0.01336349 0.02181038 0.03043648 0.04006857 0.01409519 0.04758587 0.08869424 0.16672488 0.02663878 0.12374991 0.02279688 0.13504390 0.03576757 0.00927551 0.04378427 0.04803297
27 0.06222875 0.04149326 0.03112857 0.04716606 0.01735549 0.02522608 0.04213056 0.05206286 0.02505488 0.05951855 0.11236790 0.17762785 0.02542148 0.04112707 0.03065667 0.05713855 0.03794737 0.00984694 0.03727647 0.06722464
28 0.30025299 0.03407230 0.03011190 0.03421440 0.01404210 0.02383120 0.03755070 0.04656880 0.01637370 0.08369670 0.08586470 0.03654870 0.01975010 0.03558260 0.02880960 0.05659650 0.03687620 0.00690663 0.02922440 0.04312580
29 0.06946750 0.03443820 0.04218020 0.03441150 0.01471060 0.02311780 0.04425080 0.05329550 0.02178590 0.05230230 0.28040999 0.05486480 0.02007350 0.03071640 0.02551320 0.04918330 0.04495020 0.00676583 0.03241710 0.06514540
30 0.07508887 0.04296028 0.02828899 0.04204768 0.01260790 0.03384559 0.04695608 0.05470258 0.01631949 0.05767778 0.07600447 0.04676868 0.02409049 0.17725293 0.02848439 0.05585028 0.07521137 0.00752777 0.03259799 0.06571638
31 0.05480594 0.03787943 0.03516233 0.12893310 0.01778241 0.03138573 0.04634614 0.03896313 0.01448151 0.06246885 0.06897896 0.04804464 0.04949644 0.03930433 0.13325411 0.05297234 0.03981973 0.01074051 0.02845052 0.06072985
32 0.05031741 0.02130030 0.01753310 0.02413181 0.00901958 0.02195431 0.03405921 0.11849603 0.01125130 0.07500862 0.06522932 0.03197271 0.02323171 0.03002991 0.01802690 0.27592406 0.02643241 0.00977929 0.02808901 0.10821302
33 0.11755404 0.04720632 0.02513501 0.03682501 0.01190370 0.02328241 0.03393001 0.04514991 0.01445080 0.06202512 0.10909004 0.03907801 0.10392203 0.03602971 0.02344321 0.04583122 0.02839791 0.00556517 0.02833531 0.16284505
34 0.06033662 0.02913471 0.02859271 0.03407621 0.01513501 0.02756101 0.04395802 0.05408582 0.02100201 0.24949009 0.07034283 0.03331541 0.01570751 0.02915301 0.02435231 0.07853803 0.03046171 0.00774902 0.02081091 0.12619705
35 0.05465620 0.02775130 0.02068010 0.02685870 0.01266010 0.02602780 0.03818500 0.04092820 0.01102360 0.09081799 0.06985659 0.03702460 0.02699300 0.02880580 0.02304130 0.27013898 0.03282870 0.00886688 0.02390520 0.12894999
36 0.05274650 0.03210710 0.09104050 0.03477830 0.01327350 0.03119900 0.04753400 0.04373790 0.01481510 0.07777400 0.08818970 0.04283240 0.02450970 0.03109920 0.02785050 0.19562101 0.03081060 0.00716767 0.02574840 0.08716490
37 0.16072508 0.02076891 0.01863551 0.02319481 0.01404601 0.02236031 0.03417912 0.03978992 0.01133981 0.09738345 0.06558283 0.03311922 0.02113281 0.02955831 0.02702031 0.25859013 0.02978211 0.00847111 0.02050761 0.06381263
38 0.07094031 0.05306880 0.02854740 0.15688501 0.02142080 0.03270590 0.04281690 0.04717850 0.01642210 0.06956481 0.08932551 0.05785511 0.03930270 0.04390380 0.02826630 0.05029960 0.04337940 0.00971511 0.03115000 0.06725191
39 0.23020414 0.02875412 0.02674002 0.04316163 0.09308926 0.03048742 0.03363792 0.04520683 0.01660011 0.07832185 0.08236315 0.03733772 0.01923241 0.03204982 0.03118532 0.06167494 0.03353182 0.00662819 0.02907182 0.04072152
40 0.05429491 0.02768470 0.02038020 0.02695400 0.01239230 0.02636360 0.03713420 0.03974610 0.01168850 0.09263301 0.06992341 0.03713160 0.02612510 0.02803100 0.02347220 0.26977003 0.03123030 0.00851988 0.02457190 0.13195302
41 0.36768496 0.01841200 0.02159700 0.02253540 0.01427540 0.01804690 0.02698700 0.04274420 0.01201390 0.09226299 0.05663039 0.02687210 0.01573090 0.02720620 0.02932480 0.12818699 0.02934280 0.00633110 0.01827990 0.02553510
42 0.30273687 0.02240599 0.02363909 0.02564979 0.01558749 0.02122549 0.03345479 0.04384228 0.01293329 0.09196536 0.06598037 0.03201599 0.01797159 0.02995459 0.03043049 0.13596494 0.03291789 0.00727842 0.02117919 0.03286609
43 0.16914199 0.02722570 0.02714780 0.03663090 0.08873570 0.02696070 0.03237440 0.03873770 0.01652570 0.05769070 0.19250599 0.04094310 0.02139110 0.03300470 0.02395740 0.04786880 0.03325800 0.00542004 0.02923350 0.05124610
44 0.06306825 0.04472293 0.03017982 0.03535863 0.01460071 0.03157112 0.04783023 0.05729224 0.01882921 0.05224764 0.09112917 0.03793033 0.01764121 0.06071644 0.03504043 0.04808244 0.22401916 0.00745078 0.03406302 0.04822624
45 0.04285410 0.03246410 0.03089880 0.03005670 0.01055940 0.02522400 0.04030320 0.05122240 0.01655870 0.13344400 0.09257180 0.03317780 0.02106530 0.03182110 0.01904580 0.09057460 0.02535340 0.00521962 0.02277220 0.24481300
46 0.06993687 0.05280517 0.02855289 0.15902892 0.02130519 0.03253048 0.04196048 0.04760718 0.01653329 0.07090616 0.08903776 0.05838327 0.03935368 0.04362808 0.02832099 0.05054277 0.04307678 0.01020669 0.03144428 0.06483907
47 0.05357790 0.20714298 0.02921850 0.04292320 0.01346700 0.02705870 0.05359730 0.03402840 0.01547520 0.03959110 0.07148009 0.15790699 0.03346090 0.02988160 0.02184750 0.03621310 0.02873710 0.00479809 0.02649830 0.07309609
48 0.03886373 0.13105711 0.02071702 0.03065773 0.01029501 0.02643962 0.04212624 0.03448753 0.01138041 0.06053125 0.06341335 0.04722964 0.03076553 0.02931033 0.02445092 0.20518518 0.02723002 0.00638805 0.02211222 0.13735912
49 0.05067583 0.05118873 0.03144342 0.03306962 0.01175211 0.02656122 0.10972006 0.03856952 0.02084091 0.03219352 0.25256014 0.12466607 0.02212221 0.02433731 0.02053401 0.04352162 0.03298502 0.00520223 0.02502281 0.04303362
50 0.04660550 0.03007770 0.02833790 0.03187490 0.01363430 0.02012630 0.03342500 0.05282010 0.02979800 0.03989500 0.09133821 0.16970901 0.01623070 0.05233690 0.02450500 0.03772810 0.20442901 0.00810473 0.03076560 0.03825800
51 0.05545697 0.02733859 0.02063789 0.02634949 0.01214219 0.02625709 0.03777418 0.04045698 0.01187009 0.09145686 0.07071957 0.03683738 0.02565249 0.02992589 0.02348959 0.26786787 0.03261698 0.00865669 0.02472529 0.12976794
52 0.05356866 0.20858582 0.02870918 0.04275946 0.01303719 0.02693538 0.05393795 0.03427237 0.01555619 0.04035677 0.07245854 0.15911587 0.03375077 0.02934018 0.02116858 0.03590667 0.02869938 0.00480154 0.02565498 0.07138454
53 0.09880592 0.03506241 0.03079351 0.03984611 0.01893650 0.02867511 0.04839631 0.05367021 0.02006090 0.23722404 0.06155331 0.03864681 0.01598510 0.02998281 0.03281621 0.08755802 0.03730151 0.00944492 0.02444020 0.05080011
54 0.05553343 0.02746852 0.02004401 0.02685122 0.01241721 0.02601852 0.03741552 0.04132943 0.01152211 0.09046846 0.07002224 0.03610832 0.02566082 0.02944192 0.02354011 0.27013017 0.03240552 0.00905539 0.02502602 0.12954108
55 0.05519052 0.14426206 0.03588312 0.04567062 0.01219391 0.02798201 0.13174106 0.03703832 0.01567221 0.04243592 0.07795394 0.13720006 0.03026121 0.03082561 0.02046511 0.03900402 0.02744621 0.00506365 0.02612361 0.05758683
56 0.05674325 0.04484194 0.02448342 0.02889533 0.01256221 0.02308922 0.12280311 0.03909234 0.01084771 0.05008555 0.06817786 0.04333454 0.13274612 0.03368123 0.02921863 0.15950415 0.03730413 0.00721909 0.02264762 0.05272255
57 0.05297130 0.02366610 0.02136670 0.03173270 0.01685040 0.02018600 0.04594360 0.04224330 0.01257960 0.20219400 0.05694230 0.02640470 0.01580690 0.03233610 0.02268480 0.15649600 0.13162700 0.01116500 0.02391420 0.05288930
58 0.22866532 0.03261055 0.02337873 0.10174414 0.01506412 0.02313163 0.03666575 0.12935918 0.01557072 0.07161940 0.06715659 0.03357265 0.01698782 0.03462165 0.01989553 0.05182437 0.02874364 0.00759420 0.02659224 0.03520175
59 0.04766802 0.02577581 0.02126621 0.02928131 0.01441571 0.02499381 0.03620162 0.05052902 0.01749831 0.12260305 0.06751343 0.03474122 0.02530771 0.05186232 0.02496281 0.04214552 0.12065805 0.00975036 0.17759708 0.05522862
60 0.06239653 0.03070302 0.02904872 0.03504862 0.01432251 0.02842512 0.04497282 0.05513213 0.01972441 0.21379011 0.08269134 0.03463222 0.01882181 0.03196562 0.02411121 0.07595304 0.03188672 0.00747807 0.02217091 0.13672507
61 0.06933189 0.03375329 0.04247169 0.03371369 0.01492410 0.02221750 0.04483899 0.05313739 0.02183700 0.05215009 0.28287396 0.05488019 0.02043730 0.03048020 0.02577300 0.04856889 0.04522349 0.00666175 0.03151100 0.06521459
62 0.06049089 0.02928320 0.02142510 0.02884720 0.01312630 0.01509060 0.03564519 0.04731169 0.01200640 0.14529198 0.20783897 0.02682660 0.10085698 0.03581939 0.02068310 0.04645969 0.02664710 0.00593095 0.02328950 0.09712919
63 0.06293561 0.03175200 0.02904160 0.03511740 0.01449730 0.02817850 0.04435081 0.05476681 0.01974110 0.21399403 0.08278691 0.03494420 0.01894020 0.03153500 0.02417100 0.07566261 0.03154410 0.00759077 0.02258700 0.13586302
64 0.13955899 0.05218110 0.04237550 0.10789400 0.01391300 0.01984770 0.16710699 0.03430640 0.01520180 0.06292980 0.07377940 0.03920600 0.01709090 0.03446450 0.02604620 0.04003810 0.03591250 0.00687544 0.02656500 0.04470670
65 0.05477786 0.02828343 0.02565993 0.04420235 0.07981119 0.02386693 0.12414314 0.04219625 0.01728832 0.05201236 0.07210748 0.02913143 0.01397432 0.03104844 0.02334783 0.05307466 0.22265326 0.00704836 0.02180453 0.03356794
66 0.19084694 0.03460219 0.09669487 0.03461489 0.01256830 0.02818339 0.04686179 0.04175479 0.01875369 0.04890579 0.08377577 0.04024009 0.01639290 0.04066599 0.02317559 0.04499629 0.03561849 0.00627150 0.11606197 0.03901479
67 0.16120693 0.02914409 0.08720736 0.03236489 0.01488759 0.02592209 0.04659798 0.04055318 0.01314599 0.07867546 0.08407106 0.04219758 0.02036119 0.03114789 0.03181959 0.14808993 0.03171619 0.00676295 0.02317319 0.05095488
68 0.05325069 0.04325280 0.03053300 0.14469498 0.01388880 0.02815530 0.10915599 0.13012699 0.02082110 0.05957439 0.07308819 0.04078360 0.02458980 0.03545120 0.01906390 0.04232880 0.03532310 0.00800641 0.02860800 0.05930299
69 0.10030296 0.03417209 0.03057869 0.04020108 0.01880559 0.02831399 0.04842668 0.05366168 0.01962239 0.23792090 0.06277567 0.03938748 0.01612459 0.02934029 0.03268129 0.08689566 0.03615448 0.00910092 0.02361499 0.05191858
70 0.05353261 0.03136991 0.04097731 0.09927763 0.02210571 0.02227591 0.11988803 0.03557181 0.01643850 0.14413604 0.05133271 0.03074441 0.01530710 0.02651441 0.02265571 0.05565711 0.13389803 0.00820574 0.02198981 0.04812151
71 0.05301449 0.04314329 0.02228050 0.05495509 0.01415350 0.02218520 0.03623259 0.04835819 0.01185640 0.04085189 0.06900529 0.04662239 0.26447396 0.03252559 0.04471909 0.07028579 0.02847700 0.00767097 0.03393759 0.05525119
72 0.04458047 0.02860598 0.02860488 0.03035188 0.01136879 0.02821418 0.04006527 0.05202336 0.01872069 0.19516486 0.08701834 0.03162438 0.01900089 0.03145468 0.01993969 0.07535704 0.02655758 0.00622733 0.02124688 0.20387285
73 0.26576098 0.04251710 0.03752720 0.04061420 0.01080690 0.02151640 0.12019099 0.03437310 0.01554660 0.07152769 0.07704959 0.03556880 0.01640640 0.03168610 0.03066680 0.04639400 0.03601360 0.00634747 0.02592220 0.03356390
74 0.06218981 0.04347251 0.02973331 0.03565261 0.01509620 0.03250251 0.04709051 0.05728721 0.01878610 0.05105951 0.09272202 0.03860221 0.01837500 0.06089201 0.03500841 0.04728871 0.22411605 0.00723216 0.03388681 0.04900631
75 0.05801647 0.03859028 0.03480698 0.02232389 0.01377129 0.01908539 0.15265693 0.04665048 0.02065989 0.06377887 0.22138190 0.03419278 0.02675159 0.03547308 0.02070769 0.04408968 0.04083508 0.00628616 0.02869329 0.07124827
76 0.14083705 0.05241832 0.03742791 0.03886831 0.01251390 0.02421241 0.13573805 0.03996601 0.01823261 0.05878602 0.08717903 0.10821304 0.01861001 0.03501571 0.02674681 0.04959792 0.03621911 0.00736803 0.02848591 0.04356382
77 0.29528409 0.03454011 0.03008421 0.03405671 0.01443710 0.02520391 0.03774541 0.04626511 0.01641640 0.08359943 0.08692423 0.03673071 0.01995421 0.03508461 0.02878471 0.05707502 0.03774311 0.00709500 0.03008911 0.04288681
78 0.09926759 0.03535750 0.03095530 0.03928340 0.01906810 0.02912220 0.04763080 0.05482390 0.01956950 0.23793399 0.06136420 0.03859910 0.01583320 0.02919670 0.03285570 0.08769739 0.03689660 0.00899736 0.02391080 0.05163670
79 0.06923002 0.03429961 0.04064001 0.03383571 0.01406630 0.02267511 0.04391901 0.05435661 0.02161221 0.05149661 0.28663607 0.05486651 0.01995370 0.03007601 0.02599131 0.04984791 0.04392121 0.00657536 0.03116971 0.06483102
80 0.05641219 0.02504199 0.01989020 0.02791449 0.00977556 0.02306029 0.03723139 0.13473197 0.01221720 0.07272698 0.07183118 0.03665869 0.02602419 0.03298869 0.02036990 0.22516595 0.02797309 0.00995816 0.03058119 0.09944668
81 0.05784660 0.03108430 0.02894120 0.05074630 0.11518900 0.04089750 0.04093640 0.04069430 0.02091850 0.06243380 0.09000960 0.04944880 0.03070700 0.11532500 0.03308480 0.04479400 0.04084460 0.00925101 0.04908020 0.04776710
82 0.06526277 0.02965379 0.02171569 0.02791749 0.01320209 0.01588569 0.03654388 0.04844038 0.01225989 0.16088393 0.20717491 0.02759139 0.08482336 0.03560108 0.02006889 0.04669398 0.02583489 0.00638384 0.02291299 0.09114906
83 0.05588320 0.03668860 0.02287040 0.03094730 0.01276610 0.02476250 0.04712710 0.04739540 0.01324760 0.05205790 0.06988030 0.03051310 0.01467920 0.06698820 0.02519460 0.11804099 0.25982198 0.00754226 0.02687400 0.03671930
84 0.29771607 0.03471491 0.03041271 0.03420711 0.01381270 0.02482381 0.03922451 0.04510361 0.01598220 0.08518422 0.08554422 0.03679511 0.01881130 0.03417431 0.02907141 0.05735671 0.03778861 0.00695305 0.02890561 0.04341781
85 0.05568513 0.02146581 0.02426511 0.02050481 0.00897571 0.01262871 0.03299712 0.04493572 0.01353641 0.15028507 0.26405512 0.02655611 0.04001022 0.02838901 0.01355931 0.03683612 0.02262681 0.00398762 0.01544901 0.16325108
86 0.22348502 0.02536880 0.02897130 0.02482990 0.01504910 0.02261780 0.03974090 0.03348480 0.01273270 0.18571001 0.04320220 0.02741160 0.01399030 0.02219470 0.11764201 0.06712591 0.03252950 0.00771012 0.01611370 0.04008960
87 0.04106850 0.19504498 0.02579430 0.03498090 0.00946369 0.02604860 0.04276260 0.18787398 0.01532650 0.05702009 0.07143779 0.04127030 0.02193260 0.03520860 0.02056180 0.03399720 0.03853100 0.00747752 0.02680670 0.06739239
88 0.26968304 0.02874400 0.03253870 0.02775630 0.01476080 0.02246960 0.04054221 0.03503640 0.01343770 0.08817151 0.06383551 0.03289410 0.01948020 0.03138860 0.12200202 0.05901121 0.03370700 0.00892916 0.02437880 0.03123310
89 0.06205531 0.04366941 0.02994311 0.03545581 0.01502610 0.03159001 0.04703681 0.05838931 0.01910310 0.05220531 0.09241812 0.03766991 0.01861270 0.05936331 0.03506001 0.04713901 0.22574704 0.00736162 0.03370241 0.04845161
90 0.07093544 0.03443942 0.04153823 0.03367752 0.01477931 0.02277841 0.04362533 0.05431433 0.02256561 0.05047063 0.28574817 0.05591743 0.01973411 0.02977872 0.02542972 0.04767483 0.04455563 0.00675349 0.03147892 0.06380474
91 0.05573690 0.02742810 0.03101960 0.02467880 0.01102080 0.02130200 0.13224000 0.14260800 0.03196910 0.16230200 0.07266630 0.02928890 0.01705870 0.03261680 0.01915040 0.04640810 0.03615000 0.00676190 0.02187540 0.07771820
92 0.29875299 0.03424050 0.03034490 0.03463080 0.01428290 0.02437040 0.03752020 0.04605370 0.01680400 0.08398990 0.08472660 0.03682570 0.01978140 0.03475360 0.02929300 0.05754060 0.03685430 0.00711345 0.02953870 0.04258240
93 0.04043678 0.04871888 0.03475428 0.03364288 0.00969180 0.02515789 0.04405898 0.05190547 0.01491319 0.05273037 0.07571276 0.04088718 0.02064169 0.03120838 0.02315879 0.10310895 0.02722519 0.00460819 0.02745649 0.28998186
94 0.05255568 0.04164058 0.03107239 0.04547918 0.01517379 0.02404359 0.11928795 0.04979558 0.02342079 0.05395138 0.09746866 0.18146792 0.02042459 0.03906048 0.02538899 0.05021908 0.03241529 0.00853776 0.03166839 0.05692797
95 0.06590521 0.03580551 0.02686450 0.04096721 0.01293820 0.02567220 0.04586041 0.05058821 0.01497290 0.04144311 0.16928102 0.04904301 0.01966360 0.18271503 0.02284750 0.05107031 0.05543141 0.00673796 0.03384210 0.04835061
96 0.05693842 0.03212781 0.02881141 0.02882711 0.01341591 0.02628261 0.03991652 0.16547407 0.01895431 0.04023372 0.08951944 0.03406981 0.01369371 0.04566282 0.02889481 0.04521822 0.21583409 0.00833408 0.03062021 0.03717092
97 0.05501474 0.02506952 0.02051541 0.02740132 0.00994420 0.02307562 0.03774873 0.13336909 0.01313811 0.07389775 0.07051155 0.03623613 0.02620342 0.03236892 0.01958251 0.22659516 0.02704902 0.01024081 0.03048892 0.10154907
98 0.06828386 0.05370327 0.03626008 0.14423292 0.01807529 0.02744218 0.11737393 0.04308998 0.01623829 0.06507446 0.07924935 0.05079187 0.02611628 0.03831928 0.02596768 0.04399157 0.04094878 0.00838598 0.03162178 0.06483316
99 0.06107993 0.04946362 0.02172111 0.14338107 0.01720071 0.03064982 0.03194282 0.13986107 0.01603931 0.06592923 0.08284364 0.04648222 0.03801862 0.04079682 0.02338941 0.04711582 0.04012502 0.01016301 0.03021032 0.06358643
100 0.06812299 0.03520889 0.04095919 0.03370999 0.01439860 0.02254520 0.04357949 0.05518269 0.02165010 0.05186919 0.28515594 0.05576679 0.02028700 0.03095969 0.02522109 0.04840489 0.04473899 0.00660442 0.03188319 0.06375169
101 0.05445290 0.02748940 0.02039840 0.02697820 0.01223790 0.02539040 0.03854970 0.04035910 0.01200800 0.09285429 0.07143790 0.03667940 0.02614180 0.02794210 0.02378880 0.26914298 0.03140120 0.00948456 0.02461100 0.12865199
102 0.16028691 0.03027568 0.02520199 0.03195138 0.01673489 0.02525799 0.03572288 0.04204938 0.01355489 0.06811026 0.08236165 0.03697248 0.02171999 0.03578768 0.02430159 0.13744592 0.03263468 0.00676045 0.02695839 0.14591092
103 0.06175309 0.03961919 0.03037419 0.03184749 0.01308270 0.03038549 0.04794739 0.20181496 0.02427280 0.07220899 0.09940848 0.04154109 0.02416350 0.03897849 0.02469240 0.05020339 0.04840709 0.00832199 0.03585479 0.07512249
104 0.07518590 0.04203990 0.02887320 0.04333390 0.01258060 0.03446050 0.04630620 0.05414710 0.01632560 0.05830220 0.07586990 0.04651120 0.02450000 0.17635800 0.02874480 0.05590000 0.07430380 0.00715209 0.03281700 0.06628810
105 0.05398190 0.03931360 0.04073710 0.04335900 0.08238689 0.04065300 0.04258730 0.04680620 0.01772170 0.04662480 0.07502199 0.04516460 0.01937310 0.03294370 0.02816210 0.06192959 0.03230040 0.00575599 0.02803110 0.21714598
106 0.06189496 0.03017748 0.02884308 0.03574897 0.01447649 0.02866208 0.04548907 0.05491926 0.02030489 0.21471085 0.08159834 0.03442078 0.01817289 0.03193588 0.02433268 0.07608935 0.03157168 0.00738019 0.02292718 0.13634390
107 0.12988904 0.03452281 0.02599361 0.02920211 0.01337140 0.02530341 0.03560411 0.03980061 0.01923291 0.03796151 0.07927662 0.10666003 0.01822001 0.04906731 0.02053671 0.04577731 0.12220604 0.00782421 0.11753203 0.04201821
108 0.05065669 0.02346670 0.01979910 0.02290130 0.00973875 0.01460530 0.03524110 0.04650959 0.01208590 0.15860298 0.20201197 0.02578290 0.03841460 0.08780169 0.01495740 0.03520870 0.02529310 0.00459968 0.01675260 0.15556998
109 0.05310041 0.04176831 0.02287271 0.05696531 0.01409690 0.02203610 0.03633371 0.04874041 0.01171000 0.04148841 0.06859282 0.04581161 0.26530206 0.03160371 0.04452471 0.07000982 0.02801741 0.00752868 0.03295291 0.05654401
110 0.05489081 0.18772103 0.02844360 0.03836091 0.01293150 0.02423660 0.04957361 0.03510160 0.01533870 0.03683691 0.17031502 0.11061302 0.03051880 0.03059250 0.02183740 0.03390160 0.03205820 0.00428056 0.02484740 0.05760021
111 0.06383422 0.04830461 0.04236371 0.03793731 0.01454400 0.02407211 0.16742605 0.05834492 0.02391231 0.07395322 0.09567563 0.04242851 0.02337161 0.03934621 0.02772721 0.05790492 0.04732111 0.00778043 0.03138851 0.07236342
112 0.05683609 0.02621169 0.02516389 0.02944429 0.01107880 0.02540449 0.04053279 0.21492795 0.01588010 0.06737888 0.08114938 0.03899529 0.02310349 0.03801889 0.02152939 0.13004297 0.03833319 0.00980395 0.03423109 0.07193338
113 0.06851330 0.03887080 0.02472050 0.03852210 0.01320040 0.03310760 0.04095680 0.05268280 0.01772180 0.04484840 0.07083650 0.04749940 0.02227320 0.16946400 0.02594690 0.04961160 0.06200530 0.00744058 0.11502700 0.05675100
114 0.16650796 0.02958359 0.02375439 0.02885549 0.01440410 0.02419879 0.03623249 0.18323995 0.02014339 0.07481868 0.09472368 0.03544289 0.01937769 0.03705879 0.02389799 0.05058779 0.03890289 0.00847286 0.03603399 0.05376259
115 0.05675882 0.02785831 0.02091551 0.02685001 0.01260680 0.02568681 0.03765601 0.04129132 0.01133490 0.09222204 0.07098583 0.03621371 0.02622241 0.02949281 0.02421081 0.26752010 0.03308691 0.00904882 0.02453901 0.12549905
116 0.07261410 0.03833520 0.02832820 0.03776520 0.01594830 0.03652790 0.04672930 0.06299640 0.01771450 0.05809470 0.09526350 0.05058660 0.02803810 0.04026800 0.02996160 0.05428210 0.04761860 0.00863969 0.16257300 0.06771500
117 0.06318118 0.21822092 0.02945969 0.04777118 0.01200530 0.02788419 0.05213928 0.05343848 0.01378590 0.05935488 0.07889007 0.04852678 0.02735279 0.03836709 0.02583949 0.04491098 0.04660348 0.00610125 0.02734349 0.07882357
118 0.06593471 0.03380271 0.02194040 0.03550951 0.01406790 0.02448200 0.03883881 0.05031181 0.01701290 0.04016411 0.16919803 0.04641271 0.01977340 0.11741102 0.02229530 0.04440511 0.04296591 0.00695020 0.14465003 0.04387341
119 0.07021469 0.03534550 0.04083800 0.03375710 0.01524520 0.02299840 0.04433140 0.05407229 0.02191930 0.05121739 0.28311997 0.05451539 0.01960920 0.03085160 0.02543980 0.04948909 0.04563069 0.00666161 0.03147020 0.06327319
120 0.17304600 0.02009910 0.01850490 0.02133420 0.01260730 0.01626460 0.02416790 0.11332600 0.01487550 0.13746300 0.17473300 0.02434700 0.02784710 0.02705530 0.01535040 0.03876940 0.02680280 0.00529809 0.01948950 0.08861890
121 0.04879479 0.02500520 0.03274799 0.02484280 0.00785790 0.01395330 0.03350549 0.04604609 0.01359860 0.08851859 0.26265496 0.03498949 0.03065960 0.02625780 0.01565730 0.04390589 0.02347460 0.00400626 0.01814340 0.20537997
122 0.05470832 0.15724105 0.02983801 0.03479891 0.01271690 0.02494521 0.05095322 0.03983841 0.09544643 0.04991922 0.08841233 0.14220605 0.01839371 0.02432231 0.02614241 0.03189471 0.03722911 0.00800388 0.01587181 0.05711802
123 0.05206801 0.04178381 0.02293440 0.05499431 0.01466740 0.02216420 0.03622581 0.04938041 0.01149420 0.04085941 0.06924691 0.04577111 0.26559305 0.03204581 0.04555061 0.06987271 0.02842290 0.00715313 0.03353521 0.05623661
124 0.06033603 0.02817051 0.02661711 0.02956312 0.01304521 0.01989031 0.16574709 0.03733322 0.01313051 0.06841224 0.06487493 0.03061302 0.01655761 0.03775852 0.01966851 0.14326808 0.15062108 0.00823977 0.02324071 0.04291242
125 0.04372860 0.02900030 0.11662200 0.02217790 0.01008030 0.02579370 0.04687170 0.25175399 0.01222620 0.05923230 0.09630110 0.03238410 0.01660850 0.02959630 0.02450830 0.03706060 0.03588710 0.00574443 0.02784160 0.07658100
126 0.05990882 0.02872441 0.03148361 0.02653441 0.01272800 0.02678921 0.03307051 0.13959705 0.01400901 0.04132302 0.07413203 0.02920761 0.01473371 0.03895281 0.11817204 0.04064172 0.19731107 0.00743222 0.02874241 0.03650631
127 0.09834847 0.03545063 0.03128602 0.04016223 0.01892661 0.02903702 0.04774014 0.05425404 0.01974021 0.23653618 0.06313525 0.03838353 0.01635011 0.02896932 0.03328922 0.08582356 0.03727033 0.00950036 0.02409142 0.05170534
128 0.04195690 0.04737590 0.03653560 0.03437580 0.00946386 0.02526540 0.04532110 0.05194460 0.01443230 0.05107420 0.07497900 0.04080410 0.02013860 0.03139730 0.02290120 0.10282201 0.02719310 0.00473318 0.02756380 0.28972202
129 0.06751401 0.04160550 0.03275540 0.04220371 0.02579220 0.17330902 0.03816000 0.05604321 0.01735410 0.06897201 0.07566591 0.04050020 0.02136750 0.04346021 0.03360740 0.06190851 0.04845371 0.00622888 0.03787580 0.06722271
130 0.06672629 0.03968810 0.03261810 0.04248560 0.02481690 0.17506399 0.03736530 0.05806980 0.01779220 0.06772489 0.07511799 0.04051060 0.02164020 0.04338590 0.03437200 0.06149980 0.04744930 0.00611608 0.03954120 0.06801579
131 0.07228442 0.05276272 0.02906221 0.15870505 0.02124301 0.03144091 0.04228201 0.04627971 0.01632320 0.07079972 0.08816043 0.05792502 0.03884291 0.04430971 0.02841681 0.05044022 0.04255641 0.01031430 0.03199961 0.06585162
132 0.03114720 0.03156380 0.01683180 0.01792980 0.00739107 0.01903230 0.02877040 0.03322410 0.00855509 0.04051001 0.04126961 0.02350650 0.01269980 0.01841550 0.01388390 0.26844604 0.02372070 0.00348629 0.01851000 0.34110605
133 0.06309933 0.21782809 0.02865431 0.04661872 0.01224520 0.02719231 0.05314712 0.05379412 0.01434491 0.05925232 0.07825153 0.04815262 0.02799651 0.03963512 0.02558931 0.04450972 0.04650122 0.00598860 0.02760281 0.07959613
134 0.06966947 0.03417629 0.04215298 0.03330459 0.01424319 0.02244029 0.04366168 0.05459008 0.02210639 0.05080538 0.28710089 0.05601378 0.01982129 0.03037169 0.02531249 0.04857418 0.04439198 0.00656548 0.03167049 0.06302738
135 0.06074554 0.03967173 0.03162662 0.03190732 0.01270691 0.02976182 0.04839694 0.20205015 0.02496042 0.07071645 0.10010307 0.04221623 0.02374942 0.03937823 0.02399352 0.04929284 0.04859324 0.00857838 0.03593323 0.07561796
136 0.06251985 0.03701833 0.02520632 0.03438183 0.01446501 0.02547462 0.04915434 0.04910954 0.01351371 0.06396626 0.07561827 0.03460403 0.01648891 0.05858465 0.02459422 0.13069711 0.20284117 0.00882335 0.02873672 0.04420174
137 0.07032939 0.05333389 0.02920929 0.15730197 0.02095210 0.03218939 0.04160309 0.04710149 0.01730560 0.07092919 0.08948558 0.05775809 0.03863409 0.04326649 0.02849679 0.05070249 0.04252309 0.01032590 0.03215909 0.06639299
138 0.06743034 0.03059912 0.02420842 0.03315642 0.01322831 0.02575332 0.03959173 0.05553014 0.01531721 0.04402853 0.21098414 0.04581243 0.02231431 0.04376943 0.02362232 0.04329593 0.04298413 0.00698434 0.16149711 0.04989233
139 0.05456486 0.02831728 0.02083658 0.02602918 0.01274349 0.02578078 0.03833567 0.04026437 0.01194969 0.09081483 0.06956904 0.03670577 0.02631188 0.02960858 0.02329748 0.26982878 0.03217747 0.00911620 0.02416618 0.12958190
140 0.05250360 0.11907499 0.02753830 0.03866170 0.01444790 0.02307210 0.04259670 0.03335330 0.01905060 0.03790830 0.19828799 0.15868099 0.02661180 0.03182990 0.02390970 0.03707260 0.02792410 0.00528326 0.02802110 0.05417110
141 0.05531528 0.02618889 0.02500159 0.02707839 0.01338110 0.02019399 0.15896295 0.04204769 0.02247189 0.15927295 0.06777408 0.02863679 0.01873169 0.03325169 0.02901519 0.06522038 0.04696149 0.07257758 0.02805589 0.05986048
142 0.03924743 0.02770852 0.03081273 0.03034733 0.01259271 0.11846810 0.03690763 0.04774274 0.01975432 0.12878711 0.05724615 0.03514943 0.01816952 0.02709132 0.02268712 0.07141396 0.02320432 0.00459262 0.02734272 0.22073419
143 0.05095858 0.02630079 0.03345849 0.12048596 0.01454660 0.02214649 0.04958299 0.13309296 0.02045999 0.05544468 0.08000768 0.14567796 0.01948679 0.03742309 0.02062299 0.04772099 0.03007239 0.01008270 0.02804229 0.05438558
144 0.05659250 0.02820590 0.02040020 0.02652570 0.01217580 0.02515250 0.03774920 0.04015070 0.01142780 0.09160780 0.07032460 0.03618910 0.02760380 0.02922510 0.02328450 0.26847700 0.03189040 0.00884100 0.02478940 0.12938700
145 0.06348648 0.04812769 0.04255339 0.03857949 0.01392400 0.02371859 0.16710595 0.05716588 0.02426019 0.07525368 0.09514757 0.04175709 0.02334969 0.03860469 0.02801959 0.05768778 0.04715539 0.00766971 0.03115519 0.07527798
146 0.18264287 0.02984668 0.02597778 0.03633627 0.02178588 0.15435289 0.02926348 0.04755617 0.01417059 0.07194415 0.07382375 0.03480297 0.01834039 0.04337907 0.03045628 0.05550406 0.03820047 0.00600822 0.03648907 0.04911896
147 0.05972900 0.03868090 0.03115610 0.03505020 0.02335510 0.17780100 0.02596470 0.04673270 0.01451500 0.06512960 0.06202430 0.03263700 0.01702120 0.03719290 0.13297500 0.06307520 0.04194930 0.00623268 0.03170990 0.05706820
148 0.05676622 0.02943101 0.02635631 0.03180011 0.01302240 0.02689651 0.03333011 0.04040421 0.01110490 0.04281741 0.06717522 0.03491001 0.11674104 0.03509491 0.16567005 0.04522691 0.14655805 0.00759147 0.02864611 0.04045701
149 0.06697618 0.03984359 0.03264869 0.04234129 0.02569209 0.17520795 0.03699689 0.05523238 0.01815529 0.06896198 0.07534498 0.04163759 0.02124769 0.04362079 0.03413649 0.06110178 0.04842579 0.00606600 0.03849899 0.06786358
150 0.07316476 0.04413858 0.02880329 0.04223288 0.01286829 0.03403978 0.04580908 0.05555387 0.01599949 0.05843767 0.07636516 0.04664808 0.02413029 0.17639192 0.02960249 0.05684077 0.07424286 0.00681888 0.03206578 0.06584607
151 0.30169394 0.03444729 0.02996709 0.03400359 0.01383420 0.02434500 0.03735669 0.04553519 0.01665740 0.08496418 0.08396178 0.03593889 0.01984530 0.03448329 0.02963489 0.05686329 0.03758839 0.00684630 0.02923519 0.04279809
152 0.06479524 0.02701782 0.02295342 0.03094722 0.01436301 0.02487682 0.03777813 0.04964573 0.01474191 0.03413492 0.19268013 0.04651783 0.01683611 0.05525544 0.02114201 0.13141209 0.03979523 0.00947213 0.12358808 0.04204673
153 0.05858580 0.03678060 0.03593820 0.10129701 0.01919370 0.02292380 0.13346701 0.04400590 0.01473190 0.06675800 0.07314370 0.04083040 0.02623710 0.03448150 0.02520520 0.12869901 0.04186280 0.00800904 0.02725210 0.06059720
154 0.17744701 0.04717680 0.02245320 0.14657501 0.02001760 0.02767690 0.03719770 0.04214590 0.01428980 0.07376760 0.08189590 0.04489420 0.02636160 0.04406070 0.02304440 0.04965010 0.03491500 0.00871394 0.02842370 0.04929290
155 0.06057149 0.03956479 0.03032749 0.03293349 0.01317130 0.02969369 0.04778949 0.20547695 0.02363309 0.07231788 0.09790948 0.04202109 0.02319099 0.04062199 0.02436529 0.05010409 0.04863629 0.00868924 0.03603999 0.07294188
156 0.06604710 0.03368420 0.02224280 0.03547280 0.01403940 0.03141130 0.03858860 0.04956480 0.01759140 0.04130330 0.07234470 0.04685310 0.02066940 0.16031501 0.02547070 0.04606470 0.05210840 0.00716484 0.16609901 0.05296440
157 0.06326929 0.17231098 0.03812580 0.17834198 0.01464410 0.02645580 0.06171639 0.03749760 0.01236780 0.06088929 0.05707239 0.05143680 0.02166460 0.03090580 0.02012660 0.03755770 0.03449530 0.00765219 0.02248840 0.05098120
158 0.07002130 0.03441240 0.04030990 0.03381060 0.01437810 0.02177160 0.04423510 0.05559640 0.02180100 0.05163270 0.28403599 0.05541230 0.02014190 0.02941040 0.02580660 0.04908200 0.04552810 0.00651282 0.03176520 0.06433560
159 0.06452226 0.03122203 0.02388732 0.03306263 0.01281051 0.02092492 0.04241014 0.05188265 0.01403201 0.14465214 0.16890416 0.03715723 0.02980173 0.11795211 0.02214642 0.04739214 0.03393893 0.00614437 0.01917092 0.07798537
160 0.05844197 0.02865789 0.03588078 0.02899829 0.01057879 0.01671689 0.03833738 0.04849468 0.01688199 0.07375616 0.26538587 0.04291948 0.02586549 0.02615649 0.01939449 0.04574478 0.03153768 0.00487209 0.02162089 0.15975792
161 0.06268860 0.22097398 0.02953620 0.04750370 0.01225370 0.02696900 0.05294690 0.05463740 0.01400090 0.05854620 0.07942789 0.04887990 0.02747140 0.03782260 0.02555850 0.04360980 0.04583630 0.00596567 0.02726500 0.07810639
162 0.05704641 0.02870721 0.03644231 0.02856301 0.01060600 0.01637620 0.03827141 0.04924831 0.01605910 0.07434612 0.26817607 0.04228921 0.02568771 0.02667411 0.01910500 0.04480741 0.03145211 0.00500255 0.02286971 0.15827004
163 0.06908441 0.03466270 0.04169240 0.03480670 0.01475640 0.02278850 0.04291150 0.05404371 0.02186990 0.04994301 0.28628303 0.05495771 0.01976300 0.02976980 0.02576280 0.04892611 0.04466260 0.00673149 0.03190530 0.06467891
164 0.05089860 0.02604310 0.02245720 0.02831630 0.01139740 0.02224870 0.03771790 0.04933920 0.01440570 0.13272301 0.16432801 0.03461750 0.02607730 0.04955010 0.01868450 0.04459520 0.02906420 0.00688844 0.09488961 0.13575801
165 0.04090812 0.03157351 0.03534052 0.02950231 0.00831301 0.01765621 0.03696792 0.04799562 0.01347791 0.06781163 0.17126707 0.03649212 0.02307461 0.02646631 0.01835541 0.07327023 0.02282081 0.00407726 0.02171631 0.27291312
166 0.06740709 0.03186710 0.02320400 0.03374470 0.01523580 0.03043790 0.03943779 0.05271809 0.01976910 0.04444129 0.08242279 0.04688219 0.02351060 0.10943798 0.02554750 0.04668309 0.04215699 0.00805324 0.20122197 0.05582079
167 0.07581031 0.04186740 0.04709620 0.13158901 0.02501230 0.02588280 0.05884390 0.04118160 0.02268510 0.22495702 0.03565430 0.04402920 0.01121910 0.02179290 0.02692280 0.05704570 0.04148060 0.00947003 0.01921310 0.03824660
168 0.06418050 0.21836701 0.03015520 0.04772680 0.01157410 0.02767170 0.05205580 0.05367740 0.01362320 0.05890760 0.07824190 0.04804700 0.02788110 0.03800740 0.02527810 0.04578980 0.04641420 0.00579966 0.02767010 0.07893140
169 0.06808812 0.03709161 0.02453681 0.03800751 0.01364650 0.02575541 0.04098531 0.05067281 0.01646000 0.04066851 0.15988304 0.04738191 0.02002840 0.13363103 0.02271301 0.04771271 0.04822401 0.00705226 0.11119603 0.04626501
170 0.05249201 0.14915702 0.03315550 0.03765930 0.01397300 0.04114371 0.04231421 0.04026201 0.01699840 0.06158251 0.07358401 0.05260131 0.02529690 0.03676410 0.13644702 0.04586811 0.04689641 0.00709817 0.02932510 0.05738121
171 0.07394388 0.04387589 0.02767679 0.04123189 0.01317290 0.03409249 0.04536829 0.05497079 0.01563540 0.05944939 0.07566628 0.04611369 0.02429879 0.17650296 0.02887449 0.05571039 0.07630948 0.00771855 0.03265179 0.06673588
172 0.06348977 0.22024791 0.02888009 0.04756828 0.01151690 0.02751239 0.05225038 0.05315738 0.01396639 0.05941078 0.07920307 0.04711798 0.02773439 0.03927908 0.02548039 0.04403328 0.04727628 0.00587891 0.02793429 0.07806207
173 0.06767821 0.02749761 0.02138180 0.03095441 0.01268420 0.03481281 0.03544211 0.03218421 0.01255490 0.07412881 0.05610611 0.04616171 0.04655811 0.02798471 0.15733503 0.20653204 0.02270390 0.01303220 0.02220750 0.05205961
174 0.05795897 0.03214798 0.02812119 0.02933139 0.01349139 0.02732329 0.03852278 0.16751292 0.01895379 0.04108548 0.08791516 0.03357058 0.01408409 0.04761398 0.02975649 0.04551948 0.21032489 0.00795550 0.03076158 0.03804908
175 0.04461021 0.02682580 0.02889840 0.03085361 0.01131120 0.02711320 0.04126071 0.05207501 0.01902690 0.19305303 0.08640051 0.03119481 0.01866990 0.03153581 0.01940660 0.07653811 0.02621090 0.00571753 0.02040270 0.20889504
176 0.05688162 0.03731411 0.03560481 0.04283722 0.01905741 0.13661005 0.11895805 0.06003462 0.01702371 0.06958053 0.07006393 0.04111062 0.01884331 0.04004442 0.02765131 0.05556412 0.04427402 0.00619541 0.03804501 0.06430573
177 0.07452922 0.03742261 0.04153771 0.03773061 0.01824521 0.03315511 0.04366201 0.04876421 0.01768961 0.07305122 0.08460923 0.04805391 0.03761071 0.03842731 0.15363705 0.05702432 0.05174862 0.01028300 0.03296691 0.05985142
178 0.05009912 0.03519181 0.03123871 0.04324162 0.01440271 0.03216001 0.03999992 0.05031852 0.02322111 0.19446408 0.05963243 0.12328305 0.01373011 0.02833881 0.02508861 0.05455562 0.02813711 0.00763488 0.02583571 0.11942605
179 0.11877504 0.03044111 0.02232941 0.03695021 0.01108980 0.02541511 0.03363151 0.03896031 0.01270420 0.04822612 0.07253853 0.03502521 0.02226561 0.20317707 0.02086051 0.03730771 0.05147682 0.00547075 0.03184191 0.14151305
