1 0.05748871 0.01888150 0.02117910 0.02133440 0.01582520 0.01570400 0.02478860 0.05106501 0.01258450 0.11621302 0.20589503 0.02198140 0.03464840 0.02995080 0.01961470 0.03879071 0.10659101 0.00965947 0.01931340 0.15849102
2 0.06748639 0.06661419 0.04180080 0.02280490 0.01531450 0.03150470 0.04153580 0.05424680 0.01789200 0.06698909 0.07891909 0.02948710 0.02644160 0.04230380 0.17526499 0.06954779 0.06276949 0.00886058 0.01790920 0.06230720
3 0.03155842 0.02227101 0.05734193 0.14106707 0.00652509 0.04710042 0.04047472 0.24104112 0.02155181 0.03071421 0.05572743 0.07268033 0.01009180 0.06690343 0.01053371 0.02576401 0.01943311 0.00416053 0.02017491 0.07488494
4 0.04534801 0.03676271 0.03771881 0.04604621 0.01049240 0.02489090 0.03922601 0.05090611 0.02430510 0.06008421 0.07485081 0.05098201 0.03050991 0.03866711 0.01873150 0.08288612 0.03187071 0.01340500 0.02630831 0.25600805
5 0.14697803 0.04470051 0.03159441 0.04940781 0.00731087 0.03261641 0.04178561 0.03059481 0.02086330 0.05336711 0.06492691 0.13864403 0.01868710 0.12069903 0.01235040 0.04406221 0.04585401 0.01229400 0.03445601 0.04880741
6 0.07313230 0.03569010 0.03528570 0.13960600 0.01408920 0.04348750 0.06624190 0.03015810 0.02399800 0.13822600 0.06313570 0.04230560 0.01455300 0.03689040 0.01765590 0.04311970 0.11047700 0.00839873 0.01740690 0.04614230
7 0.07153259 0.03405219 0.01893390 0.02252250 0.01520770 0.01978280 0.03572449 0.03929069 0.01580450 0.07541259 0.08242078 0.03029309 0.03517579 0.03115529 0.02660199 0.27396395 0.03308109 0.00903989 0.03267019 0.09733398
8 0.06326662 0.03417551 0.02665871 0.02081021 0.00846479 0.01882721 0.03115701 0.05136752 0.01469061 0.18609807 0.12259805 0.02822201 0.10071804 0.03328801 0.02526961 0.07470263 0.04594342 0.00486774 0.01977531 0.08909893
9 0.05068692 0.04215691 0.02254401 0.03877721 0.00852067 0.03118211 0.19154106 0.02933261 0.01698351 0.06126352 0.09237673 0.12383904 0.01644801 0.04714122 0.01503930 0.04522571 0.02523561 0.01179160 0.07231982 0.05759442
10 0.06356138 0.03369639 0.04601129 0.02867909 0.00801026 0.01623920 0.04391889 0.04762839 0.02321349 0.06106928 0.06279658 0.05128029 0.01341150 0.11429497 0.01228830 0.06939228 0.05526518 0.00556383 0.18188095 0.06179848
11 0.04241331 0.03444521 0.03610451 0.03980501 0.00570762 0.01623220 0.03943741 0.04043281 0.04531191 0.04728141 0.05393971 0.11541702 0.01804560 0.13557202 0.00931673 0.04029111 0.04901101 0.01163160 0.15719502 0.06240881
12 0.07164473 0.04717072 0.04500422 0.05735572 0.00917355 0.03289601 0.04960602 0.06562463 0.02567101 0.05753592 0.06807393 0.06466243 0.01942371 0.15162006 0.02593331 0.05321162 0.04852952 0.00847286 0.02984771 0.06854233
13 0.04190163 0.03660392 0.08271015 0.16335810 0.00928326 0.05444423 0.04844983 0.09100276 0.02418132 0.03120562 0.04288423 0.12559408 0.00935252 0.08183205 0.00848579 0.02569402 0.02290361 0.00651283 0.01714811 0.07645195
14 0.05404036 0.04541997 0.03731027 0.15555688 0.01099389 0.04587207 0.10412592 0.03702647 0.02372938 0.04338787 0.05835056 0.13351590 0.01005729 0.06754115 0.00780983 0.04122127 0.03093898 0.01063509 0.02114758 0.06131925
15 0.08036678 0.17104197 0.03235699 0.03993479 0.01899790 0.03098669 0.05172999 0.04223909 0.01943900 0.05599429 0.07665988 0.04448659 0.02641769 0.04813129 0.04553779 0.06318169 0.04321859 0.01317460 0.03471639 0.06138799
16 0.04028432 0.02495161 0.02542341 0.01903631 0.00896122 0.01209031 0.05361803 0.21352612 0.01542001 0.07251284 0.23820414 0.02044981 0.03423232 0.02632922 0.02072901 0.03537022 0.05267163 0.00456962 0.01700231 0.06461754
17 0.05137218 0.02803049 0.03361299 0.02859259 0.00878843 0.02997529 0.03675389 0.04037058 0.01801389 0.16093494 0.09905346 0.03484249 0.02782499 0.04062478 0.02257189 0.06698477 0.03526709 0.00655375 0.02800959 0.20182192
18 0.08672845 0.09049506 0.01979111 0.05782604 0.00887213 0.19488212 0.03577602 0.02355331 0.00647141 0.16644910 0.05012493 0.04355273 0.01755811 0.02256441 0.02890662 0.03304772 0.03098552 0.00491875 0.01492931 0.06256714
19 0.05252371 0.03326991 0.10751503 0.05062931 0.01934091 0.02879381 0.18593105 0.06281012 0.01738320 0.06509452 0.12199103 0.03231321 0.01693340 0.03874611 0.01859150 0.03589251 0.02871181 0.00700414 0.02474571 0.05177901
20 0.03933722 0.03815692 0.03260882 0.01533601 0.00750866 0.01308121 0.03832402 0.06265063 0.01186671 0.06047543 0.21942312 0.03866512 0.10975606 0.02342611 0.09811435 0.07781744 0.03800512 0.00538799 0.01506331 0.05499573
21 0.07158643 0.03371311 0.01889091 0.02216271 0.01478511 0.01840431 0.03570192 0.03884132 0.01615291 0.07500483 0.08360254 0.03109271 0.03483251 0.03192311 0.02715191 0.27666912 0.03326931 0.00845187 0.03346671 0.09429664
22 0.06362000 0.03466240 0.03667570 0.03496190 0.01297210 0.02181550 0.06569180 0.07115640 0.01827290 0.06029590 0.25559901 0.03596410 0.02347730 0.03216870 0.02121000 0.05636990 0.04479480 0.00827696 0.03574270 0.06627190
23 0.06668961 0.13539402 0.02487380 0.02787211 0.00963242 0.03969221 0.03188681 0.02407350 0.01671700 0.04011181 0.07028931 0.14067303 0.12703202 0.03838411 0.01592660 0.04614861 0.04792181 0.01553550 0.02991851 0.05122721
24 0.07248028 0.02809079 0.03390029 0.04308179 0.00929156 0.02228359 0.04108049 0.23062092 0.02018869 0.06827338 0.10411197 0.03693889 0.02264419 0.04542549 0.02338349 0.04804228 0.05448158 0.00636317 0.02121429 0.06810288
25 0.09956134 0.03345321 0.03361901 0.03742082 0.01330831 0.04488862 0.05536012 0.05060122 0.01987451 0.20259008 0.08079423 0.03434361 0.02014061 0.03493911 0.02345591 0.07081483 0.03745302 0.00611879 0.02983961 0.07142303
26 0.32445911 0.02003501 0.02393501 0.01798881 0.02080751 0.01504981 0.02618141 0.20157907 0.01924521 0.05248432 0.04455222 0.01616311 0.00801576 0.03304911 0.01482031 0.06694602 0.05075912 0.01034960 0.01442120 0.01915831
27 0.05414572 0.03811781 0.03400601 0.01920361 0.00848900 0.01442951 0.02930281 0.04774992 0.01549871 0.14198505 0.11066804 0.03071471 0.17191006 0.03119351 0.02460151 0.07721893 0.04268181 0.00627015 0.01753751 0.08427563
28 0.05877339 0.04424880 0.03405160 0.03813390 0.01478110 0.02939120 0.18578798 0.05087389 0.02266530 0.07116549 0.11572699 0.04450440 0.02051300 0.04192060 0.02313550 0.05303949 0.03389080 0.01006710 0.04505860 0.06227089
29 0.04254157 0.02116259 0.02315929 0.01852969 0.00816000 0.01759539 0.02058239 0.05637357 0.01252769 0.18369089 0.12182093 0.02745028 0.03499568 0.03427588 0.01742709 0.04408657 0.08613785 0.00724089 0.02254889 0.19969288
30 0.04812512 0.09289344 0.02444871 0.02420941 0.00936209 0.03430291 0.18092907 0.02502941 0.01673151 0.13314505 0.08632133 0.04890882 0.01434821 0.02759601 0.01881651 0.04323142 0.02373611 0.00662842 0.06791443 0.07332203
31 0.07437783 0.02726048 0.03364547 0.04354066 0.01075529 0.02254228 0.04368456 0.22881280 0.01971658 0.06546144 0.10660491 0.03650537 0.02226388 0.04359306 0.02365018 0.04838706 0.05281025 0.00647237 0.02054918 0.06936634
32 0.04345043 0.02843642 0.03209632 0.03233042 0.00976501 0.02134512 0.04084893 0.04511253 0.01835401 0.08617636 0.18281813 0.03685563 0.03023972 0.03942703 0.01662201 0.05669914 0.03671093 0.00932049 0.03256722 0.20082414
33 0.06130828 0.02395849 0.02408759 0.02589079 0.00817499 0.02242099 0.04331499 0.04963298 0.01295420 0.19547694 0.19399794 0.02642159 0.03525099 0.03136779 0.01571809 0.06287168 0.04073829 0.00373293 0.02757079 0.09510967
34 0.07964989 0.22215597 0.02063390 0.01807920 0.01159670 0.02907950 0.03188600 0.03731870 0.00996832 0.04180629 0.04786059 0.01560830 0.01696450 0.05437499 0.19898597 0.07085189 0.03821920 0.00731471 0.01321940 0.03442600
35 0.05752564 0.03484146 0.05989914 0.04333726 0.00751828 0.02093468 0.04214586 0.06469513 0.03109517 0.05466214 0.04542335 0.05872554 0.01347339 0.15217585 0.01522608 0.05133425 0.05962084 0.00637571 0.12179588 0.05919434
36 0.09860915 0.03652892 0.03254882 0.04310552 0.01703201 0.01760741 0.05148423 0.05832523 0.11156706 0.06955463 0.08432354 0.04133052 0.02683731 0.05404273 0.02409641 0.06242583 0.04538842 0.01358051 0.02510471 0.08650704
37 0.07020020 0.03425210 0.01902800 0.02231620 0.01490530 0.01879090 0.03573570 0.03924210 0.01586570 0.07566820 0.08326480 0.03114070 0.03505010 0.03225120 0.02704990 0.27400799 0.03218710 0.00888855 0.03310290 0.09705240
38 0.06401808 0.05108428 0.02649299 0.02166379 0.00772218 0.02045949 0.07072868 0.03335909 0.01336680 0.06698358 0.11141697 0.05919098 0.01528680 0.04003659 0.01473880 0.06651818 0.03445299 0.00630992 0.21109894 0.06507088
39 0.06860807 0.10001996 0.02633889 0.02823019 0.02001419 0.01634189 0.04634398 0.03063259 0.07964377 0.12308995 0.06925377 0.02804369 0.02606579 0.03369279 0.02490569 0.13476995 0.03226059 0.01048660 0.01731669 0.08394097
40 0.05850318 0.03565909 0.05882888 0.04483528 0.00783028 0.02074519 0.04306298 0.06705578 0.03088049 0.05325488 0.04380268 0.05915708 0.01325880 0.15197395 0.01568329 0.05187458 0.05884308 0.00592548 0.12099096 0.05783408
41 0.08298462 0.03899771 0.02628211 0.09237813 0.01220310 0.19737206 0.04187051 0.04118831 0.01090010 0.09670913 0.06492432 0.04755361 0.01170400 0.03579201 0.02446771 0.04287001 0.03601611 0.00752301 0.01784531 0.07041812
42 0.24611793 0.02307009 0.02015159 0.01413400 0.02819729 0.01282980 0.01983029 0.17083195 0.01637450 0.04963919 0.04821609 0.01596010 0.01188290 0.03298859 0.02102989 0.17569695 0.03982139 0.00873919 0.01647010 0.02801819
43 0.04560531 0.04311801 0.02279611 0.02099111 0.00893216 0.01761660 0.05667762 0.02766881 0.01545600 0.08140952 0.11598603 0.04964421 0.01715290 0.03847911 0.01268660 0.05609042 0.03046961 0.00661776 0.18710905 0.14549304
44 0.05076313 0.02691971 0.03046182 0.02683201 0.01098331 0.01916681 0.04570582 0.04711553 0.01617181 0.08972505 0.24233013 0.03105492 0.02771191 0.03592062 0.01672621 0.05202653 0.04102552 0.00696096 0.03756012 0.14483808
45 0.06072436 0.04196488 0.03493768 0.04715847 0.00824661 0.02622388 0.04907477 0.04608767 0.01938719 0.06689456 0.16617390 0.05566927 0.02316009 0.14173392 0.02415729 0.04937477 0.04247028 0.00668447 0.01718219 0.07269376
46 0.06454577 0.03489598 0.03811578 0.03507838 0.01324139 0.02241959 0.06391267 0.06980597 0.01876589 0.05913817 0.25414488 0.03530718 0.02287409 0.03334468 0.02045379 0.05719507 0.04559028 0.00844206 0.03601698 0.06671137
47 0.08287887 0.03838108 0.02631869 0.09309886 0.01239199 0.19616892 0.04034758 0.04221448 0.01084150 0.09739416 0.06535617 0.04672088 0.01148130 0.03696218 0.02476659 0.04332158 0.03609379 0.00732821 0.01783959 0.07009357
48 0.12130998 0.03725539 0.03605239 0.03961539 0.01316120 0.03222399 0.03461949 0.03299879 0.02139080 0.06180309 0.07512738 0.04150559 0.02792119 0.03646849 0.02477280 0.07103789 0.03808189 0.01401180 0.02326650 0.21737596
49 0.05888428 0.10125896 0.02344939 0.01693599 0.00919592 0.01773289 0.02821839 0.14401694 0.01207909 0.04904938 0.06792737 0.02240539 0.01801309 0.04190218 0.03978678 0.16094393 0.11604695 0.01166000 0.02082929 0.03966378
50 0.06927810 0.04260270 0.03322630 0.20235001 0.02495080 0.03905560 0.11460101 0.03541980 0.02398120 0.05563000 0.07637400 0.06264270 0.01244440 0.04792700 0.01032070 0.03767180 0.03582390 0.00887155 0.01541390 0.05141450
51 0.05242395 0.02884713 0.03274693 0.03006323 0.00866110 0.02964743 0.03594363 0.04032554 0.01736232 0.16292014 0.09981679 0.03558713 0.02815272 0.04078094 0.02219782 0.06561716 0.03563783 0.00657065 0.02804142 0.19865617
52 0.25575394 0.02039309 0.02392189 0.02240699 0.01810380 0.01381170 0.02716579 0.05803599 0.12063197 0.09907078 0.07507088 0.02041609 0.01828370 0.03187479 0.02438659 0.06959798 0.02968229 0.00960922 0.00903473 0.05274779
53 0.09894950 0.03372490 0.03496860 0.03559790 0.01321300 0.04441640 0.05255610 0.05229970 0.01843140 0.20166899 0.08187290 0.03436640 0.02112720 0.03550030 0.02491710 0.07135370 0.03837610 0.00566505 0.02902020 0.07197460
54 0.21111311 0.03424562 0.19237510 0.02142581 0.01385051 0.01812911 0.03146602 0.03750742 0.01613971 0.06574233 0.08380884 0.03531312 0.01950171 0.03632752 0.02151061 0.04527262 0.03025822 0.00808969 0.02886051 0.04906243
55 0.26161900 0.04024110 0.03863390 0.03393010 0.01931820 0.03144640 0.03900580 0.06530390 0.02265580 0.07802260 0.07109670 0.03787040 0.01687240 0.03667850 0.02327200 0.05937290 0.04302260 0.01114820 0.02501500 0.04547450
56 0.05144608 0.02030419 0.02220339 0.02092049 0.00733446 0.02437829 0.03182319 0.04542518 0.01137720 0.19922992 0.16994093 0.02546569 0.03703408 0.03703828 0.01513009 0.05449498 0.04384168 0.00343236 0.02829459 0.15088494
57 0.07133203 0.03408362 0.01876261 0.02229071 0.01555631 0.01982961 0.03576492 0.03958512 0.01573071 0.07626753 0.08275604 0.03075401 0.03346562 0.03103061 0.02734461 0.27532612 0.03283481 0.00899775 0.03290381 0.09538344
58 0.07242780 0.04811480 0.02184390 0.02888510 0.01802260 0.02591150 0.03028520 0.03331550 0.02420560 0.02543180 0.07383130 0.03810880 0.01985820 0.04295080 0.02220270 0.04691890 0.21352700 0.13299100 0.01820710 0.06296040
59 0.05174755 0.03308747 0.02832478 0.01707368 0.00706813 0.01297329 0.02581188 0.04987996 0.01416349 0.17681584 0.12117989 0.02568198 0.16536685 0.02850747 0.02446958 0.07145274 0.04233016 0.00488044 0.01664449 0.08254033
60 0.06778487 0.04408508 0.03369849 0.06500747 0.01021810 0.03452489 0.05189958 0.05082858 0.02120819 0.05847268 0.08079997 0.14721494 0.02313169 0.06187458 0.01764989 0.05448708 0.03909208 0.01256739 0.04349928 0.08195517
61 0.07784078 0.04079639 0.02518649 0.02145689 0.01645910 0.02055989 0.02887859 0.05434378 0.01581280 0.04848089 0.05479258 0.03308699 0.01943479 0.12199596 0.02555539 0.15617895 0.13558696 0.01124440 0.04459659 0.04771179
62 0.06309430 0.06031210 0.03896250 0.08887781 0.00648634 0.10502101 0.04626730 0.04878810 0.01666380 0.04767920 0.05567630 0.15863901 0.01402560 0.06136830 0.01256820 0.03950620 0.03803530 0.01024440 0.02718250 0.06060170
63 0.09904032 0.03447371 0.03355461 0.03830071 0.01378650 0.04436121 0.05307821 0.05371811 0.01912320 0.19901604 0.07950282 0.03468121 0.02106180 0.03546141 0.02486381 0.07202962 0.03850741 0.00621099 0.02933101 0.06989731
64 0.08391054 0.03346501 0.19247808 0.03469501 0.01366351 0.02206351 0.04380882 0.04722032 0.01876611 0.07180733 0.08945434 0.03703722 0.03180531 0.05532902 0.02864041 0.03921942 0.03466461 0.00884458 0.03349181 0.07963503
65 0.05078783 0.02994511 0.10701405 0.03333112 0.01046401 0.01605971 0.03318282 0.04107092 0.08379224 0.03995192 0.19289210 0.02310511 0.01950141 0.03427262 0.03900162 0.03418702 0.13569707 0.01239661 0.01572061 0.04762612
66 0.05775360 0.04467560 0.03399530 0.03908760 0.01436590 0.03036220 0.18661101 0.05310180 0.02220240 0.07132860 0.11468601 0.04413540 0.01958680 0.04252040 0.02383550 0.05102880 0.03355140 0.00913254 0.04674510 0.06129400
67 0.05326889 0.05311839 0.03753409 0.17161397 0.02345740 0.03744889 0.04806569 0.05414599 0.06962299 0.05101399 0.06364439 0.07391679 0.01611640 0.06271139 0.01237240 0.03243539 0.04014849 0.01382630 0.01760960 0.06792859
68 0.33410186 0.01491239 0.01873819 0.01022400 0.03393559 0.01060580 0.01411389 0.19399892 0.01799069 0.04206878 0.03101319 0.01082500 0.00593926 0.02868419 0.01396359 0.13797094 0.04604218 0.00936057 0.01182849 0.01368249
69 0.07917320 0.04041180 0.02941590 0.03198440 0.01707020 0.02641040 0.03779300 0.07090180 0.02212760 0.06077630 0.09775360 0.03764740 0.02215920 0.05032670 0.04010520 0.04806200 0.18623500 0.01515140 0.02831440 0.05818050
70 0.04584399 0.01983170 0.02724619 0.01387180 0.00640132 0.01216250 0.01736450 0.04637499 0.01115000 0.18096495 0.14053996 0.02076849 0.09471768 0.03246349 0.02099949 0.06868268 0.04600529 0.00529893 0.01678010 0.17253196
71 0.06351430 0.11637782 0.03742414 0.04850333 0.00752801 0.09499386 0.04711413 0.01998747 0.01185818 0.04895103 0.04777953 0.13669879 0.01952077 0.04211004 0.02206327 0.10132685 0.04578193 0.01040918 0.02659666 0.05146072
72 0.04818990 0.11530999 0.02853230 0.15461798 0.02863990 0.03423950 0.05389749 0.03045690 0.02555780 0.04583720 0.05616429 0.07078499 0.01632010 0.04621550 0.01664010 0.10200799 0.03120290 0.01387270 0.01656710 0.06494539
73 0.05873784 0.04499293 0.03390582 0.03784733 0.01360971 0.02999682 0.18856513 0.05083583 0.02208702 0.07134545 0.11604308 0.04433803 0.01982741 0.04281993 0.02283052 0.05148334 0.03341132 0.00904053 0.04661343 0.06166854
74 0.04748543 0.11403107 0.02252421 0.02871262 0.01032211 0.02864252 0.13693208 0.03252602 0.01860101 0.06221084 0.07269364 0.04853473 0.01855351 0.03609232 0.04015502 0.13949508 0.03043812 0.01301681 0.03928952 0.05974334
75 0.05979041 0.04196591 0.03552041 0.04791551 0.00825483 0.02687571 0.04868631 0.04395111 0.01891570 0.06752672 0.16653804 0.05568891 0.02227741 0.14476604 0.02325241 0.04960371 0.04203711 0.00683692 0.01627530 0.07332152
76 0.26343684 0.03860618 0.03773558 0.03250048 0.01850859 0.03029658 0.03782588 0.06728016 0.02288519 0.07791665 0.07162386 0.03773788 0.01719669 0.03726298 0.02208069 0.06064376 0.04415367 0.01090589 0.02486989 0.04653257
77 0.06298879 0.02678180 0.03035220 0.02983540 0.01594900 0.01822970 0.03885290 0.07030639 0.01997260 0.06116809 0.23097798 0.02373060 0.02252030 0.02787800 0.03685860 0.04326900 0.14226599 0.01007620 0.01757510 0.07041139
78 0.07103869 0.03825889 0.03084899 0.15699797 0.01321810 0.15598297 0.04860759 0.02725039 0.01890180 0.06016399 0.06128869 0.06112869 0.00792905 0.04520849 0.01511150 0.03380299 0.08378588 0.00948705 0.01120070 0.04978759
79 0.27617783 0.02066679 0.01850479 0.01490669 0.03630938 0.02011659 0.01913909 0.09073905 0.01398189 0.04114768 0.04789367 0.01928459 0.01253389 0.03301108 0.01229399 0.16171290 0.09382174 0.01035169 0.02921948 0.02818718
80 0.31030312 0.01302471 0.01995201 0.01256711 0.09397294 0.01675551 0.01113380 0.08124013 0.01792161 0.04462502 0.03863592 0.01011220 0.00957474 0.01847481 0.01181930 0.21238908 0.04416612 0.00568540 0.00956756 0.01807891
81 0.04800403 0.03323292 0.04372853 0.16171611 0.00849983 0.04477673 0.05374824 0.06858625 0.02418732 0.03712013 0.05214934 0.15547411 0.01003941 0.07672215 0.00968689 0.03943193 0.02606812 0.01040171 0.02062261 0.07580365
82 0.06235591 0.02610760 0.02210000 0.01851500 0.00974744 0.02347250 0.03228111 0.03262591 0.01400480 0.16783503 0.08379411 0.02658830 0.02611260 0.02755880 0.02668430 0.19751403 0.03991371 0.00596209 0.02322870 0.13359802
83 0.05439438 0.03709268 0.03215349 0.02608189 0.00808393 0.01680749 0.04858498 0.03616439 0.01651149 0.07229057 0.16237093 0.05125408 0.01959949 0.09809586 0.01314409 0.05287058 0.04128318 0.00707368 0.12954495 0.07659787
84 0.06598359 0.05019610 0.03588690 0.09795009 0.00788123 0.15096399 0.04239990 0.04947000 0.01417250 0.06643639 0.05650519 0.11463999 0.01110720 0.05298270 0.01377440 0.03826510 0.03611400 0.00811926 0.02318760 0.06396389
85 0.06394022 0.03992511 0.03818091 0.12764004 0.02044211 0.03136131 0.16826405 0.04973241 0.02243601 0.05992442 0.09823723 0.04949671 0.01322550 0.04252751 0.01273360 0.04586471 0.03364451 0.00899091 0.02163571 0.05179702
86 0.05011098 0.02729919 0.03067979 0.02884829 0.01128980 0.01983089 0.04696978 0.04833298 0.01583339 0.08737877 0.24155191 0.03202579 0.02748729 0.03578209 0.01721059 0.05061228 0.04113218 0.00765598 0.03567409 0.14429395
87 0.04655020 0.02726600 0.03255710 0.02794650 0.00822424 0.02630310 0.03349140 0.03988700 0.01895800 0.15571300 0.08911250 0.03574510 0.02656760 0.03837050 0.02081120 0.06633860 0.03254450 0.00679753 0.02459390 0.24222201
88 0.06652254 0.15487709 0.02488211 0.02531682 0.01616171 0.02244961 0.04093112 0.04515803 0.01621511 0.05149063 0.06655124 0.02930782 0.02602972 0.04170403 0.05699813 0.17131010 0.04056402 0.01321901 0.02595402 0.06435714
89 0.07064339 0.03384269 0.01889920 0.02205190 0.01497330 0.01939550 0.03599449 0.04103999 0.01589790 0.07692619 0.08392799 0.03065929 0.03483469 0.03088749 0.02650510 0.27401395 0.03330549 0.00847557 0.03203139 0.09569448
90 0.05784352 0.03547481 0.08250892 0.15104705 0.02212791 0.04000221 0.12029504 0.06494952 0.02052481 0.04927911 0.08460523 0.06225212 0.01041970 0.05301272 0.01122810 0.02808081 0.02822381 0.00631070 0.01497350 0.05684042
91 0.04586971 0.03649131 0.03750321 0.04586531 0.01073560 0.02432421 0.03924361 0.05077682 0.02320481 0.05919472 0.07428492 0.05195042 0.03126521 0.03919421 0.01913691 0.08149072 0.03119911 0.01254220 0.02763591 0.25809108
92 0.06483315 0.02918562 0.02807062 0.02920412 0.00953052 0.02274622 0.05166164 0.05019524 0.01533661 0.15011011 0.20086915 0.03204252 0.03149942 0.03348633 0.01873951 0.06482195 0.04137833 0.00432193 0.03521083 0.08675617
93 0.06782900 0.04569560 0.03408420 0.06384000 0.00974682 0.03282950 0.05085680 0.05154310 0.02148790 0.05734040 0.08111110 0.15086300 0.02458290 0.06222460 0.01764250 0.05307500 0.03781160 0.01239510 0.04325820 0.08178270
94 0.05003341 0.01724810 0.02110970 0.01873250 0.00684056 0.02279760 0.02899580 0.04635151 0.01044580 0.22265903 0.16595502 0.02235210 0.03751590 0.03514750 0.01474000 0.05145091 0.04420631 0.00280211 0.02391010 0.15670602
95 0.08276377 0.03522319 0.19158894 0.03519019 0.01400400 0.02192889 0.04341829 0.04667189 0.01926309 0.07135508 0.09144707 0.03717519 0.02980139 0.05510828 0.02894339 0.03964179 0.03513959 0.00895651 0.03179589 0.08058358
96 0.06843789 0.04485899 0.03403750 0.06420879 0.00972273 0.03420420 0.05163459 0.05097569 0.02059480 0.05784719 0.08174669 0.14968898 0.02323410 0.06161949 0.01739490 0.05346109 0.03819400 0.01223390 0.04215479 0.08374969
97 0.04963959 0.01676620 0.02024320 0.01707540 0.00674048 0.02134250 0.02797899 0.04517529 0.00970947 0.22465396 0.16661697 0.02181440 0.03824919 0.03612029 0.01424360 0.05334889 0.04472399 0.00275474 0.02406090 0.15874197
98 0.06263318 0.03471139 0.03587369 0.03341559 0.01276400 0.02145529 0.06493667 0.06965067 0.01858309 0.06086778 0.25696290 0.03644099 0.02375049 0.03317149 0.02116149 0.05723248 0.04465108 0.00800739 0.03706329 0.06666707
99 0.06969167 0.03525618 0.20712190 0.02089659 0.01361399 0.01727549 0.03312528 0.03640408 0.01588689 0.06743327 0.08857146 0.03231838 0.03997718 0.04075498 0.03227538 0.10075895 0.03618998 0.01183179 0.02137839 0.07923816
100 0.05177580 0.04544940 0.02074320 0.03852430 0.00784372 0.02975520 0.17863200 0.02542000 0.01592070 0.05631940 0.08675710 0.15300400 0.01523860 0.04619050 0.01394670 0.04393130 0.02521490 0.01239940 0.07593910 0.05699470
101 0.05942379 0.04469729 0.03457419 0.03876389 0.01399310 0.02893769 0.18418896 0.05300899 0.02181840 0.07140309 0.11712498 0.04316889 0.02033170 0.04231059 0.02363880 0.05149339 0.03358149 0.00950261 0.04637779 0.06166039
102 0.07252426 0.04847988 0.02622299 0.04921918 0.01066679 0.03192458 0.03974288 0.04100578 0.02481149 0.05363827 0.06783257 0.14896393 0.02206739 0.06728177 0.01618879 0.04444908 0.11758494 0.01687129 0.03646068 0.06406347
103 0.06419998 0.03523969 0.03646829 0.03302499 0.01284060 0.02131079 0.06443378 0.06835328 0.01763029 0.06227718 0.25059591 0.03579559 0.02289529 0.03384429 0.02321719 0.05610928 0.04771928 0.00806504 0.03728789 0.06869138
104 0.21641385 0.02327168 0.02480048 0.01712949 0.08128304 0.01312009 0.02308158 0.14208290 0.01799819 0.04519757 0.05070406 0.01587499 0.01589259 0.02376068 0.02026429 0.18017887 0.03865357 0.00738799 0.01116389 0.03174018
105 0.26302195 0.03947709 0.03184899 0.04704469 0.01127880 0.03460909 0.12448298 0.04597839 0.01672750 0.06982129 0.06204209 0.04784009 0.01105730 0.03412399 0.01639760 0.03464809 0.03861949 0.01497660 0.02537049 0.03063349
106 0.06350242 0.03883001 0.03903211 0.12849804 0.02104051 0.03137381 0.17074006 0.05003772 0.02189041 0.06117612 0.10122804 0.04693322 0.01289130 0.04099201 0.01289820 0.04515332 0.03413291 0.00833595 0.02115821 0.05015562
107 0.10181591 0.03502657 0.03343747 0.03667207 0.01312209 0.04413906 0.05375825 0.05177985 0.01899388 0.20135181 0.08060373 0.03415167 0.02025798 0.03548737 0.02431398 0.07016503 0.03847246 0.00593402 0.02925787 0.07125893
108 0.09341925 0.05220083 0.03343482 0.04111522 0.01530211 0.02687041 0.04895252 0.03946942 0.02525551 0.04358742 0.06956143 0.05265013 0.02987511 0.03356772 0.02323971 0.07300044 0.07138034 0.12088006 0.01863911 0.08759844
109 0.04458709 0.01739420 0.02191460 0.01835220 0.00679395 0.01885010 0.02629580 0.04151939 0.01082460 0.19243897 0.17141097 0.02500550 0.03866059 0.04075319 0.01494970 0.05058379 0.04287269 0.00353753 0.02525320 0.18800197
110 0.05529097 0.04622427 0.04681267 0.02275419 0.01193459 0.01717829 0.03353888 0.04393407 0.02173049 0.06339026 0.08692595 0.04251387 0.20295288 0.03473658 0.02469359 0.08776185 0.04070238 0.01305999 0.02055059 0.08331365
111 0.08053616 0.03325238 0.11050694 0.02252009 0.01436399 0.01795769 0.03694128 0.04106798 0.02400269 0.05145317 0.20020489 0.02936668 0.03096768 0.02626019 0.02405999 0.13356493 0.04427718 0.00839364 0.01612999 0.05417247
112 0.07623483 0.03436661 0.03410201 0.05596542 0.01233530 0.08625303 0.05839482 0.04374102 0.07527633 0.04224842 0.17193707 0.04461792 0.01361121 0.03683971 0.02795651 0.04529492 0.06101742 0.01061620 0.01942101 0.04977022
113 0.04896051 0.05145312 0.01819321 0.01469500 0.00881703 0.02265721 0.04309011 0.04165511 0.01159770 0.07530862 0.06945972 0.02825351 0.03386441 0.02909421 0.11354203 0.25640008 0.02818411 0.00840437 0.01763361 0.07873632
114 0.08428581 0.03875140 0.02646490 0.09231761 0.01282340 0.19495002 0.04241420 0.03996990 0.01054100 0.09729311 0.06574401 0.04676850 0.01223480 0.03594940 0.02400430 0.04327760 0.03584290 0.00721210 0.01837440 0.07078061
115 0.04598427 0.03697128 0.03753268 0.04471807 0.01045219 0.02601448 0.03933698 0.05133047 0.02396719 0.06025706 0.07474266 0.05083477 0.03119238 0.03883278 0.01919579 0.08200015 0.03139738 0.01281189 0.02718268 0.25524485
116 0.07184411 0.06267451 0.03013590 0.05037711 0.10119101 0.02593220 0.04109450 0.02898350 0.02267120 0.04517050 0.05657441 0.10328801 0.03004080 0.03161750 0.02153900 0.15589902 0.03867840 0.01182520 0.01768660 0.05277651
117 0.08392531 0.03764810 0.02655670 0.09245701 0.01336630 0.19578801 0.04223460 0.04119020 0.01099040 0.09879831 0.06541540 0.04530400 0.01172460 0.03657150 0.02475310 0.04229980 0.03601060 0.00711183 0.01774790 0.07010630
118 0.06156938 0.02479299 0.02158659 0.01274560 0.00642440 0.01075010 0.01942679 0.19491194 0.01389250 0.09224137 0.10077797 0.02311919 0.09962887 0.03015909 0.02111039 0.06482988 0.11842996 0.00736400 0.01329660 0.06294238
119 0.06318699 0.03471439 0.03776679 0.03428999 0.01297510 0.02200730 0.06710859 0.06891599 0.01808830 0.06026139 0.25501395 0.03537759 0.02371260 0.03160889 0.02194590 0.05821519 0.04467089 0.00765360 0.03669129 0.06579529
120 0.26492089 0.04006508 0.03877268 0.03186409 0.01907059 0.03133189 0.03753098 0.06620397 0.02247879 0.07786097 0.07021987 0.03894688 0.01601219 0.03595599 0.02147929 0.06013978 0.04426398 0.01140700 0.02588429 0.04559078
121 0.26111103 0.04001250 0.03811830 0.03271780 0.01815280 0.03129840 0.03824710 0.06511001 0.02219130 0.07906571 0.07278221 0.03961510 0.01562650 0.03670960 0.02282210 0.05963471 0.04402950 0.01069320 0.02627300 0.04578910
122 0.05343298 0.10449996 0.03124389 0.03399519 0.00958649 0.02410929 0.04654418 0.19641492 0.01739269 0.05625078 0.09935576 0.03239689 0.02400469 0.04026538 0.03691679 0.05683798 0.04429028 0.00845981 0.02452989 0.05947218
123 0.07343634 0.02484461 0.01883691 0.01209101 0.00921680 0.01241181 0.02157911 0.15248009 0.01047611 0.14353208 0.07977814 0.01766941 0.02547341 0.02973872 0.02127691 0.13644908 0.12118707 0.00589565 0.01936281 0.06426394
124 0.04910521 0.02005850 0.02519420 0.01288350 0.00629767 0.01243340 0.01822800 0.04910641 0.01080280 0.19263102 0.14611602 0.02170710 0.08272411 0.03486700 0.02083420 0.06524541 0.04881771 0.00463862 0.01764210 0.16066702
125 0.04139512 0.02620042 0.03098242 0.02906212 0.00948365 0.01869681 0.03447332 0.04372123 0.01896021 0.09400695 0.16816410 0.03268002 0.03038552 0.03836732 0.01554031 0.05417733 0.03510072 0.00825068 0.02783362 0.24251814
126 0.12695899 0.04249390 0.14637199 0.02260210 0.01144110 0.01998020 0.02620470 0.02734430 0.01652350 0.04139150 0.05773249 0.03809940 0.18927498 0.02354180 0.02183580 0.05254189 0.04411790 0.01443300 0.01606910 0.06104139
127 0.04676431 0.04110311 0.02252110 0.04012811 0.00928601 0.02659231 0.05135631 0.03162741 0.01493350 0.06245121 0.07699441 0.11579102 0.02791161 0.03941081 0.02497010 0.20339504 0.02674551 0.01145160 0.03662281 0.08994372
128 0.06302630 0.03783480 0.18587800 0.01958010 0.01204330 0.01864270 0.02899930 0.04444770 0.01560960 0.07591590 0.06718690 0.02962780 0.02581570 0.04459080 0.14249700 0.04751630 0.04164800 0.00768668 0.01854690 0.07290620
129 0.06434509 0.02869899 0.02737510 0.02811489 0.00941977 0.02317140 0.05008439 0.05010769 0.01486670 0.15209697 0.20133796 0.03294939 0.03133549 0.03438889 0.01741630 0.06441009 0.04175049 0.00491381 0.03461819 0.08859838
130 0.05519169 0.03620320 0.04055640 0.04404660 0.07108629 0.02288990 0.03693560 0.03077840 0.02473820 0.04416670 0.07101089 0.03556920 0.03095880 0.02790370 0.02349130 0.08631399 0.04458370 0.02094610 0.02313440 0.22949498
131 0.07847594 0.17210109 0.03147582 0.04025782 0.01869831 0.03010632 0.05190243 0.04075212 0.02009171 0.05643843 0.07762404 0.04486782 0.02695801 0.04704192 0.04471922 0.06343413 0.04319762 0.01257761 0.03577172 0.06350793
132 0.05160179 0.02651590 0.03052360 0.02859120 0.01103230 0.02006280 0.04439269 0.04719979 0.01540870 0.08865109 0.24215797 0.03151050 0.02741240 0.03635320 0.01696130 0.05062649 0.04180679 0.00754973 0.03589880 0.14574298
133 0.06684623 0.04500082 0.03473082 0.17201009 0.01940601 0.06965473 0.04900772 0.05601653 0.02243991 0.06048793 0.07438614 0.06763203 0.01544491 0.05305283 0.01517641 0.03954152 0.03577162 0.01068091 0.01978371 0.07292914
134 0.10098887 0.03040616 0.02288877 0.01785838 0.01055839 0.01626798 0.03342236 0.01856188 0.01187798 0.09311798 0.18555076 0.03417906 0.02293217 0.04144445 0.00969622 0.04440384 0.03862535 0.00775273 0.12234084 0.13712583
135 0.17092101 0.02988130 0.04305840 0.03065890 0.01865330 0.02290980 0.04375710 0.04537520 0.02069720 0.05331490 0.22820001 0.03003120 0.01813570 0.02690860 0.01665320 0.05805480 0.04734920 0.00816765 0.02540560 0.06186690
136 0.06442736 0.04942057 0.02607089 0.02089229 0.00784777 0.02025279 0.06986746 0.03172368 0.01408079 0.06859096 0.10987394 0.05891297 0.01607719 0.04194228 0.01363709 0.06716976 0.03479678 0.00625000 0.21220488 0.06596056
137 0.06537256 0.03445088 0.03667248 0.03487668 0.01309009 0.02246069 0.06670676 0.06857786 0.01832069 0.06079287 0.25247686 0.03543838 0.02273889 0.03331678 0.02223409 0.05682547 0.04411148 0.00783394 0.03714648 0.06655606
138 0.07398088 0.04964959 0.04451249 0.05766309 0.00941496 0.03244179 0.04784569 0.06640868 0.02542359 0.05686989 0.06822278 0.06289308 0.01931580 0.15166996 0.02701469 0.05360739 0.04874349 0.00831029 0.03069779 0.06531408
139 0.07220029 0.02704460 0.03358080 0.04367520 0.00993061 0.02260570 0.04205990 0.23140298 0.01994480 0.06658769 0.10530199 0.03737690 0.02253890 0.04530930 0.02300700 0.04722730 0.05378230 0.00624167 0.02015390 0.07002819
140 0.05891853 0.02640571 0.03082062 0.03268022 0.00724261 0.02010411 0.03689102 0.03489002 0.01598801 0.15204608 0.17841109 0.04067392 0.03105622 0.10969005 0.01651761 0.04832082 0.03657252 0.00343439 0.01703541 0.10230105
141 0.13253201 0.03804980 0.02631210 0.01585140 0.02398140 0.01697060 0.02053240 0.02856090 0.01982220 0.04376440 0.05628991 0.02553120 0.13402801 0.02067700 0.02463300 0.21684402 0.04240460 0.01113420 0.01779520 0.08428561
142 0.04570281 0.03700871 0.03716501 0.04472301 0.01052850 0.02589141 0.03836641 0.05078452 0.02382721 0.05975022 0.07476082 0.05007062 0.03023781 0.03845901 0.01977691 0.08126152 0.03267301 0.01286080 0.02690661 0.25924508
143 0.07399569 0.02715210 0.03325960 0.04138719 0.00995257 0.02258090 0.04174489 0.22824097 0.02015430 0.06668249 0.10638098 0.03540709 0.02268530 0.04447639 0.02403740 0.05031399 0.05471349 0.00667308 0.02109580 0.06906579
144 0.22126385 0.04499697 0.03094638 0.03170658 0.01377369 0.03108498 0.03672167 0.03289178 0.01432699 0.05581296 0.05775096 0.11640892 0.01487979 0.03855767 0.01810949 0.12538891 0.03628917 0.01202559 0.02892948 0.03813417
145 0.24246712 0.02380341 0.02083441 0.01441791 0.02832871 0.01309181 0.02008271 0.17019609 0.01633951 0.04916712 0.04797622 0.01616141 0.01187551 0.03133452 0.02203861 0.17871609 0.03981312 0.00843420 0.01559861 0.02932291
146 0.04497211 0.01831320 0.01985550 0.01613220 0.00631916 0.01476820 0.02893300 0.04463181 0.00963719 0.18966603 0.20944703 0.02367520 0.04237191 0.03908831 0.01278450 0.04958041 0.04445431 0.00301119 0.02795470 0.15440402
147 0.16071601 0.02198890 0.01450760 0.01312230 0.02681860 0.01587400 0.01786310 0.03815710 0.01397110 0.06185040 0.06650020 0.01822970 0.02416860 0.02702760 0.01722870 0.33283201 0.02981300 0.00641126 0.03429310 0.05862670
148 0.10379595 0.03309018 0.03678128 0.03325338 0.01347789 0.03146609 0.13424694 0.12640494 0.01594389 0.15259493 0.06498627 0.02653069 0.01417969 0.02538869 0.02125839 0.05299158 0.03861988 0.00686297 0.02113179 0.04699458
149 0.06910076 0.02450769 0.02483609 0.02763558 0.00847776 0.02678618 0.04415987 0.05009437 0.01481069 0.20319088 0.16551090 0.02794078 0.03112618 0.03134808 0.01686099 0.06536376 0.04152238 0.00388002 0.02740818 0.09543884
150 0.04599747 0.02444718 0.02428698 0.01404939 0.00591717 0.00938139 0.02413178 0.05213697 0.00991290 0.16762489 0.19378887 0.02433558 0.11434892 0.03357238 0.02032889 0.06562106 0.04417117 0.00329899 0.01766309 0.10498493
151 0.06586677 0.05260478 0.03975218 0.01956809 0.01096910 0.02308199 0.03382549 0.15355093 0.01532679 0.05580668 0.08226086 0.02680579 0.02494399 0.03462279 0.17065493 0.07277767 0.05556098 0.00625853 0.01293239 0.04282928
152 0.07972696 0.17190891 0.03248608 0.03995528 0.01969099 0.03018388 0.05185857 0.04271228 0.01915139 0.05510537 0.07851686 0.04464988 0.02688749 0.04664718 0.04648378 0.06282197 0.04299578 0.01320359 0.03210658 0.06290717
153 0.06760299 0.06373599 0.04123789 0.02282420 0.01570680 0.03122160 0.04194909 0.05350649 0.01775160 0.06428819 0.07983739 0.03005090 0.02507660 0.04126489 0.17772197 0.07194799 0.06559209 0.00896336 0.01861840 0.06110159
154 0.07372088 0.03661319 0.04691569 0.04305449 0.00900422 0.02789649 0.04370519 0.04277229 0.02320789 0.13994896 0.08407348 0.04885609 0.02059089 0.13938496 0.02258449 0.04933659 0.04062129 0.00475606 0.02350839 0.07944848
155 0.17228310 0.03070722 0.02784002 0.02857152 0.01486381 0.02007021 0.03110062 0.13287008 0.01446541 0.04845053 0.05440363 0.08736895 0.01553031 0.04010132 0.02536542 0.14774609 0.03523902 0.01022151 0.02198281 0.04081842
156 0.08263826 0.03502198 0.19183090 0.03495638 0.01411769 0.02275049 0.04253638 0.04533598 0.01833259 0.07328856 0.09079805 0.03697748 0.03120468 0.05454007 0.02952938 0.03937758 0.03567018 0.00867383 0.03158268 0.08083686
157 0.04056985 0.01882978 0.02784907 0.01301519 0.00596602 0.00817439 0.02163328 0.04517065 0.00956575 0.13486084 0.23397873 0.02374677 0.09154879 0.03710256 0.01679978 0.05454704 0.04253745 0.00480725 0.01887398 0.15042283
158 0.04275811 0.03343381 0.06192362 0.13211705 0.00669785 0.03868631 0.04184691 0.10679004 0.03142381 0.03197501 0.03078901 0.08741123 0.00920643 0.12560204 0.00943894 0.03396431 0.03370451 0.00746483 0.07508353 0.05968262
159 0.05361579 0.02247439 0.02907869 0.02348589 0.00913902 0.03297519 0.03273269 0.04146849 0.01432150 0.21569395 0.10123198 0.02669869 0.02659509 0.03478729 0.02165600 0.05692969 0.03661629 0.00478891 0.02345949 0.19225096
160 0.05405480 0.05370850 0.09018909 0.10045299 0.00573646 0.09149929 0.04207400 0.07227429 0.01862850 0.03915050 0.04331520 0.14890699 0.01052940 0.07084490 0.01144020 0.03322140 0.02925980 0.00650011 0.01837610 0.05983750
161 0.06230178 0.04991909 0.02549179 0.02187389 0.00836166 0.02035789 0.07036268 0.03210019 0.01391750 0.06734198 0.11267397 0.06016028 0.01464140 0.04104509 0.01295730 0.06938508 0.03435869 0.00600050 0.21261094 0.06413828
162 0.06360285 0.05025554 0.02659702 0.02223942 0.00845753 0.02003602 0.07045066 0.03258593 0.01393411 0.06814835 0.11083009 0.06070445 0.01568611 0.04170493 0.01396831 0.06605725 0.03428433 0.00609459 0.21083017 0.06353235
163 0.29664395 0.01741250 0.02044090 0.01785290 0.01677340 0.01393870 0.02449440 0.25337496 0.01795790 0.04668639 0.04405059 0.01420740 0.00720556 0.03560859 0.01335070 0.06434409 0.05597969 0.00940901 0.01319840 0.01707000
164 0.05905642 0.02442641 0.03060501 0.02490041 0.00888218 0.03464911 0.03500421 0.04139152 0.01551441 0.21461808 0.10363604 0.02835201 0.02676091 0.03710761 0.02264391 0.05939352 0.03700431 0.00491095 0.02625291 0.16489006
165 0.04796083 0.04225583 0.03975413 0.17669512 0.01121001 0.05515834 0.04897253 0.05851524 0.02460672 0.03827583 0.05371924 0.14149209 0.01075471 0.07373425 0.00922824 0.03441622 0.02999862 0.01088581 0.01891861 0.07344765
166 0.04723123 0.02359521 0.02199921 0.01503001 0.00628365 0.00995391 0.02589741 0.05399003 0.00993532 0.17909810 0.19559311 0.02327831 0.09823945 0.03330482 0.01909541 0.06630404 0.04565853 0.00304049 0.01924671 0.10322506
167 0.09538718 0.03417429 0.02126450 0.02046440 0.01341320 0.01327440 0.02651760 0.18893097 0.01316740 0.05995309 0.07266399 0.02313440 0.02188010 0.03218199 0.02938730 0.21600696 0.03807819 0.00653027 0.01704800 0.05654179
168 0.03243082 0.04664153 0.03177022 0.06767914 0.00635964 0.02643901 0.04166772 0.05867313 0.02222141 0.03512392 0.04261552 0.13166607 0.01744681 0.04260692 0.01200701 0.05676243 0.02764412 0.01243411 0.02352731 0.26428315
169 0.08352862 0.03879801 0.02648771 0.09210892 0.01235620 0.19330405 0.04124381 0.04155271 0.01110090 0.09979912 0.06671412 0.04770451 0.01192340 0.03654461 0.02351851 0.04230741 0.03537401 0.00731625 0.01791240 0.07040472
170 0.04317791 0.05303531 0.02050181 0.01938171 0.00802874 0.01676760 0.07621322 0.03577331 0.01208570 0.04852381 0.23413707 0.05752002 0.01429170 0.03225111 0.01090290 0.04554691 0.02374321 0.00772808 0.18190105 0.05848882
171 0.07867870 0.17075500 0.03188740 0.04062420 0.01950780 0.02880860 0.05122340 0.04226310 0.01984550 0.05625600 0.07786350 0.04384990 0.02605990 0.04677540 0.04706700 0.06477850 0.04334520 0.01266040 0.03484950 0.06290100
172 0.04528880 0.01721170 0.01927340 0.02110940 0.00779903 0.01155190 0.02543650 0.06713860 0.01152060 0.17876301 0.20763801 0.01850480 0.04425480 0.02906110 0.01746850 0.04262110 0.09884660 0.00372383 0.01725230 0.11553600
173 0.06625171 0.04428941 0.03436231 0.17359203 0.01845610 0.07123821 0.04989351 0.05529321 0.02295870 0.05961911 0.07255201 0.06963351 0.01421760 0.05351781 0.01504560 0.04022401 0.03525301 0.01065410 0.02029020 0.07265781
174 0.05828661 0.04610511 0.03414321 0.03740151 0.01446930 0.02885051 0.18507404 0.05289361 0.02201250 0.07135392 0.11547703 0.04368291 0.02031180 0.04247991 0.02317091 0.05359531 0.03244301 0.00968578 0.04766401 0.06089901
175 0.07023011 0.04394431 0.03375321 0.17094003 0.02136800 0.03957681 0.11961402 0.04126051 0.02335660 0.05736141 0.08081522 0.06272861 0.01219220 0.04855231 0.01208520 0.04220271 0.03706631 0.00933351 0.01838240 0.05523651
176 0.08358296 0.05037147 0.02751329 0.13972093 0.02053589 0.03967678 0.03358278 0.03950188 0.01885129 0.05997087 0.06654847 0.04402968 0.01882199 0.04150378 0.11518294 0.04926988 0.04550848 0.01122839 0.01623949 0.07835876
177 0.04853268 0.03045238 0.02017349 0.02460239 0.01351539 0.01527209 0.02575199 0.02903289 0.02512159 0.03885108 0.04444308 0.03312718 0.04613578 0.02326849 0.02054889 0.22626289 0.02935939 0.01320029 0.01915819 0.27318986
178 0.16370798 0.02710570 0.02689400 0.03413950 0.11586999 0.03433130 0.03127530 0.02394270 0.01650500 0.05691999 0.08999339 0.02346100 0.01548830 0.02260610 0.02496030 0.05535079 0.07951729 0.01501300 0.01547240 0.12744599
179 0.06579751 0.03478040 0.03149330 0.04082730 0.01182940 0.09527611 0.22350902 0.03524020 0.01494570 0.09404621 0.08440021 0.04009590 0.00958163 0.03111750 0.02316730 0.04097900 0.02584460 0.00758179 0.03112180 0.05836510
