1 0.28469015 0.02103931 0.01753801 0.03250072 0.05721363 0.02089191 0.01882801 0.06568603 0.01093191 0.12027506 0.06167253 0.02667901 0.01236471 0.02163921 0.01903171 0.11184306 0.04353542 0.00521277 0.01913981 0.02928702
2 0.23419904 0.02895940 0.02258260 0.03275070 0.01884600 0.02064350 0.02784860 0.05012821 0.01518600 0.16488602 0.09770411 0.02607620 0.01903770 0.02956120 0.02148440 0.05639361 0.03646881 0.00572805 0.02225450 0.06926131
3 0.14528994 0.03111909 0.02047429 0.03234469 0.01640329 0.02552319 0.04058768 0.04697978 0.01776169 0.08678206 0.08389396 0.03603398 0.02930959 0.03518098 0.02534649 0.18690692 0.03375919 0.00951693 0.02924379 0.06754247
4 0.04576269 0.04419829 0.03639379 0.03314779 0.01105960 0.02731249 0.03948919 0.06030438 0.01424550 0.05433038 0.07916038 0.04886828 0.02231009 0.04854748 0.02097789 0.08255397 0.02794979 0.00549571 0.02945539 0.26843692
5 0.17716299 0.03110990 0.02426930 0.02995420 0.01583250 0.01974420 0.03013090 0.04965520 0.01442250 0.15051599 0.15436599 0.02850560 0.02329290 0.03075600 0.02194660 0.05290970 0.03776920 0.00544068 0.02055670 0.08165899
6 0.05329732 0.05106542 0.02759471 0.04013741 0.01391430 0.09754283 0.03892781 0.05020262 0.01788081 0.04955392 0.07367162 0.03992281 0.02054551 0.05713622 0.02460191 0.05099902 0.13371804 0.00640308 0.04024361 0.11264104
7 0.05953916 0.03571038 0.02160239 0.03074178 0.01274169 0.02756428 0.04360407 0.04386607 0.01749709 0.07630135 0.08507875 0.03738318 0.03643608 0.03439928 0.02396329 0.23174786 0.03224358 0.01066219 0.03155158 0.10736594
8 0.06495558 0.04215909 0.03481459 0.04772649 0.01981669 0.02902129 0.04390209 0.06900128 0.02542849 0.06394938 0.09885307 0.13959796 0.02857659 0.03926309 0.03159909 0.05818938 0.04236529 0.01171090 0.03104189 0.07802778
9 0.05091599 0.05956519 0.03675690 0.03273490 0.01320970 0.01915090 0.13750298 0.13912998 0.03139590 0.06110319 0.08414319 0.04639249 0.03329190 0.03770760 0.02467010 0.04897579 0.04586089 0.00741901 0.02625700 0.06381639
10 0.06231771 0.03813280 0.02181480 0.03589920 0.01362130 0.03377420 0.04789470 0.04436230 0.02035070 0.07731561 0.08220981 0.03546140 0.03435140 0.03865120 0.02316150 0.17659702 0.10291101 0.01007100 0.03121690 0.06988541
11 0.04513968 0.10023496 0.02344479 0.02990629 0.01042540 0.02938699 0.05666118 0.03903808 0.01584889 0.06767607 0.07845197 0.04000458 0.03608939 0.03320359 0.02514729 0.21177592 0.02791009 0.01108960 0.02743099 0.09113426
12 0.09236851 0.03869391 0.03015480 0.03764571 0.01742820 0.02789030 0.04524851 0.04987741 0.01985270 0.17291903 0.13948402 0.04050741 0.02313900 0.03102530 0.02825290 0.06565371 0.03870781 0.00821904 0.02501450 0.06791721
13 0.05251560 0.04535440 0.09614440 0.02987680 0.01859530 0.02216660 0.05179240 0.11753900 0.01905090 0.05006310 0.10895400 0.04770840 0.02311180 0.04415140 0.03909640 0.03752850 0.10996700 0.00672210 0.02332850 0.05633340
14 0.08338617 0.03971333 0.03335843 0.03145103 0.01386041 0.02283372 0.03961433 0.05131024 0.01788172 0.12755811 0.20123717 0.03931033 0.02636662 0.03288613 0.02626632 0.05265025 0.03998803 0.00666035 0.02503102 0.08863628
15 0.05290180 0.04004890 0.02600230 0.04551280 0.01363170 0.02518020 0.05121810 0.06462490 0.01652320 0.03904040 0.06547800 0.04265400 0.15850900 0.05130740 0.02737180 0.07718960 0.03293230 0.01097870 0.10518300 0.05371190
16 0.07395829 0.04369339 0.03270579 0.03757439 0.01465690 0.02559760 0.03806139 0.04922559 0.01776700 0.03579889 0.24110495 0.04282179 0.01892250 0.05126749 0.02414460 0.04613739 0.04253049 0.00650129 0.10854698 0.04898329
17 0.07271839 0.04635510 0.03973880 0.04440160 0.01687150 0.03705010 0.05070459 0.05567709 0.02347270 0.07234049 0.10010699 0.05044099 0.03078840 0.03372670 0.11355599 0.05687989 0.05212369 0.01065820 0.03161660 0.06077219
18 0.05862851 0.04741671 0.03157160 0.04729111 0.01230880 0.02503420 0.05909011 0.08041391 0.01720380 0.04940241 0.07564531 0.05348061 0.14926702 0.03784010 0.03014110 0.08186601 0.03943050 0.00895358 0.03431270 0.06070191
19 0.21939905 0.03141971 0.03037681 0.09131282 0.01183560 0.03170211 0.03242351 0.04348221 0.01990610 0.04885041 0.07405972 0.03394431 0.02049730 0.11168102 0.01968130 0.05571371 0.03186771 0.00654849 0.04915671 0.03614141
20 0.06200527 0.05841167 0.03860978 0.03861018 0.01430829 0.02652099 0.13723292 0.05667637 0.02564649 0.07474806 0.09791785 0.04465337 0.03397008 0.03707098 0.03071958 0.06483356 0.04927447 0.00852196 0.03122758 0.06904056
21 0.07049477 0.04338758 0.02797389 0.12089795 0.01710079 0.03643418 0.03945938 0.04869258 0.01892339 0.06510927 0.08284657 0.04413468 0.02799939 0.04629868 0.02959189 0.05603418 0.13671294 0.00907522 0.03234969 0.04648298
22 0.08260679 0.04765439 0.02868260 0.12034498 0.01826850 0.03648609 0.04449479 0.05159179 0.02039580 0.07735329 0.08971899 0.05523889 0.02998260 0.04498369 0.03180530 0.05839749 0.05030979 0.00897265 0.03594519 0.06676639
23 0.05516731 0.14143104 0.09417052 0.03552951 0.01816840 0.02344601 0.05662411 0.05199061 0.01696610 0.05816732 0.09937303 0.05481601 0.02248691 0.04506891 0.02676551 0.04363501 0.04201841 0.00602094 0.02640061 0.08175372
24 0.07346160 0.03881410 0.02886440 0.04087510 0.01667640 0.03091410 0.04696060 0.05257790 0.06344960 0.06898780 0.09345920 0.04759110 0.02632600 0.04146440 0.02938760 0.06192230 0.04488530 0.01114820 0.12232500 0.05990930
25 0.24567905 0.03623741 0.02043260 0.03447381 0.02001590 0.02187140 0.02697611 0.11406302 0.01814090 0.08728962 0.08782412 0.03237981 0.01715630 0.03794621 0.02274570 0.05793821 0.04113061 0.00601759 0.02865101 0.04303061
26 0.05866949 0.03471839 0.03365409 0.03756359 0.01329890 0.02649889 0.03462529 0.05211699 0.02432080 0.05105729 0.08145758 0.12940497 0.02714339 0.09776728 0.02123350 0.11451698 0.03273479 0.01396220 0.04571359 0.06954199
27 0.05812981 0.04377721 0.03522601 0.04980361 0.01640120 0.02691011 0.10614502 0.06294071 0.02447020 0.06382521 0.08649942 0.12680703 0.02915861 0.03496941 0.03007661 0.05952061 0.04147781 0.01061760 0.02797341 0.06527041
28 0.22842009 0.03822412 0.02814111 0.04074832 0.01739051 0.02788891 0.03688801 0.05497202 0.01921351 0.08676823 0.10330904 0.03742701 0.02122341 0.04101022 0.02672221 0.05890442 0.04200952 0.00704110 0.03274161 0.05095662
29 0.08200366 0.04573968 0.04084698 0.03595868 0.01622729 0.02748409 0.04557278 0.05548447 0.02193979 0.05686537 0.22529289 0.04960178 0.02314429 0.03494358 0.03105189 0.05435627 0.04771558 0.00707628 0.03353948 0.06515517
30 0.07855258 0.04571199 0.03853249 0.03814769 0.01291940 0.02978769 0.04207729 0.05933348 0.02016839 0.05775808 0.15353195 0.04415859 0.02368809 0.11450697 0.02326399 0.05358098 0.05500498 0.00768200 0.02911829 0.07247508
31 0.06600447 0.04238678 0.03493738 0.10812995 0.01566559 0.03505658 0.05300927 0.04827318 0.02023359 0.07121626 0.08030196 0.05446097 0.03002088 0.03291228 0.11196094 0.05503497 0.04709198 0.01024329 0.02965089 0.05340877
32 0.05508272 0.02882681 0.01809031 0.02488501 0.00999549 0.01975191 0.03421451 0.08884493 0.01476500 0.06910172 0.07281232 0.03320251 0.03408471 0.03287431 0.01990951 0.25630508 0.02557861 0.01071290 0.02899961 0.12196204
33 0.11569490 0.03590327 0.03022997 0.02974578 0.00952207 0.02154138 0.03263997 0.04833136 0.01503909 0.08300183 0.19300784 0.03497817 0.02808238 0.03676637 0.02166048 0.04331766 0.03671327 0.00515515 0.02944418 0.14922488
34 0.06134006 0.03792358 0.02793238 0.03754008 0.01279399 0.03169558 0.05443307 0.05053857 0.07091256 0.18536989 0.06899836 0.04457777 0.01733009 0.03293588 0.02843818 0.06602016 0.03419068 0.00988707 0.03146478 0.09567724
35 0.06036899 0.03518950 0.02217280 0.03071560 0.01220810 0.02784500 0.04420890 0.04467020 0.01767430 0.07753509 0.08517449 0.03777470 0.03680550 0.03412790 0.02450130 0.22782798 0.03215420 0.01086000 0.03180250 0.10638299
36 0.04496061 0.11663402 0.07765532 0.03588841 0.01440530 0.02906691 0.05688921 0.04386041 0.01790060 0.06214761 0.08179632 0.05565551 0.02566661 0.04383531 0.02733291 0.11594102 0.03090821 0.00922170 0.02685561 0.08337842
37 0.12464108 0.02730062 0.01788831 0.02788302 0.01374641 0.02327832 0.03750063 0.04285103 0.01598201 0.08168415 0.08001695 0.03273852 0.03185412 0.03196372 0.02224151 0.24173016 0.02991802 0.00979184 0.02764152 0.07934805
38 0.08305473 0.04760872 0.02864601 0.12084405 0.01737601 0.03627452 0.04479252 0.05123742 0.02045211 0.07672353 0.08959914 0.05607562 0.03032721 0.04383422 0.03212011 0.05865162 0.05083012 0.00905558 0.03553871 0.06695803
39 0.24290091 0.03611779 0.02075729 0.03537539 0.02011599 0.02150039 0.02703179 0.11465496 0.01814339 0.08619407 0.08760727 0.03276939 0.01743399 0.03796609 0.02346289 0.05851408 0.04227229 0.00622445 0.02864159 0.04231599
40 0.06125691 0.03590651 0.02192250 0.03036051 0.01275440 0.02696511 0.04361321 0.04489741 0.01758710 0.07701782 0.08432722 0.03703131 0.03734991 0.03452661 0.02377040 0.22830405 0.03216711 0.01049300 0.03174991 0.10799902
41 0.28716205 0.02589380 0.01930540 0.03317861 0.02317130 0.02205350 0.02690360 0.05947021 0.01548290 0.10161302 0.07342201 0.02822670 0.01647660 0.03284451 0.02232630 0.10856502 0.03778861 0.00657244 0.02427310 0.03527031
42 0.23204897 0.03040610 0.02199370 0.03625330 0.02081110 0.02490970 0.03389600 0.05464279 0.01741100 0.09634429 0.08143769 0.03436560 0.02027910 0.03569490 0.02454420 0.11781599 0.03916920 0.00751741 0.02727260 0.04318640
43 0.15446903 0.03986061 0.02960441 0.04538921 0.06046291 0.03160051 0.04319501 0.04735521 0.01722490 0.06679791 0.08539992 0.04431471 0.07581682 0.03377691 0.03152841 0.06020701 0.04272711 0.00896068 0.03519291 0.04611581
44 0.06045911 0.04481041 0.03019240 0.03706480 0.01322770 0.03100660 0.04493521 0.06066721 0.01899840 0.06308361 0.10950001 0.04231491 0.02449130 0.04848991 0.02620820 0.04329051 0.13316802 0.00709198 0.03900570 0.12199401
45 0.05457959 0.04048270 0.03386840 0.03182410 0.01040790 0.02503560 0.03991600 0.05373789 0.01480420 0.11944499 0.10051599 0.03904950 0.02176830 0.04109420 0.02040990 0.07573979 0.02810490 0.00603412 0.02519900 0.21798297
46 0.08181986 0.04856138 0.02847639 0.11988795 0.01781729 0.03573458 0.04507878 0.05311498 0.02120369 0.07506507 0.08788756 0.05533228 0.03149979 0.04392218 0.03209889 0.05790518 0.05020588 0.00913063 0.03678538 0.06847227
47 0.05124591 0.14891404 0.04161181 0.03818021 0.02698801 0.02867771 0.05001091 0.05225562 0.01687820 0.04960991 0.09299003 0.13899404 0.02472721 0.03464071 0.02387341 0.04208941 0.03785761 0.00738351 0.02513391 0.06793782
48 0.04851109 0.03144960 0.01589450 0.02698200 0.00857034 0.02117030 0.04447289 0.03712449 0.01401120 0.05860099 0.07906059 0.02860530 0.10674999 0.03051110 0.01874450 0.25901396 0.03330370 0.01027700 0.03178480 0.09516169
49 0.05221583 0.06936544 0.04389683 0.03360352 0.07656154 0.03307042 0.03555242 0.05192983 0.01909731 0.03489232 0.18549711 0.13408408 0.01903521 0.02601191 0.02618641 0.04141362 0.04101032 0.00996824 0.02703632 0.03957132
50 0.05461530 0.04240530 0.03229120 0.04081570 0.01808860 0.02551830 0.04060630 0.06886880 0.02600700 0.04165270 0.09568480 0.14478300 0.01786000 0.03664780 0.03032180 0.04030750 0.15925800 0.01023160 0.03011620 0.04392010
51 0.06136581 0.03614370 0.02205860 0.03019070 0.01208420 0.02694770 0.04370730 0.04417550 0.01740430 0.07712161 0.08301331 0.03692730 0.03704650 0.03414970 0.02414450 0.23325302 0.03180420 0.01072300 0.03125900 0.10648001
52 0.05108544 0.14921511 0.04123223 0.03869193 0.02689782 0.02838902 0.05054454 0.05126694 0.01686941 0.04936294 0.09439387 0.13928910 0.02488602 0.03445343 0.02362822 0.04233343 0.03747943 0.00735517 0.02537422 0.06725175
53 0.10392907 0.03943883 0.03000092 0.04647623 0.02203491 0.03346702 0.05176473 0.05099283 0.02272081 0.20117813 0.06881445 0.04311353 0.01882271 0.02964732 0.03117782 0.07611075 0.04217893 0.00908615 0.02795822 0.05108663
54 0.05522048 0.03192579 0.01888579 0.02512579 0.01106370 0.02475679 0.03917829 0.03621449 0.01823609 0.06483538 0.15158795 0.03446269 0.03939359 0.03337869 0.02109719 0.23089593 0.03008909 0.01087760 0.03125159 0.09152307
55 0.05325984 0.10869588 0.03661586 0.04231535 0.01739818 0.02915367 0.11571088 0.05721374 0.01971368 0.05946964 0.08263641 0.10741889 0.02792497 0.03263577 0.02631807 0.05246594 0.03667586 0.00710696 0.02310738 0.06416303
56 0.05798626 0.04895876 0.08213634 0.04697917 0.01493019 0.02537038 0.11961391 0.04356427 0.01978179 0.07024485 0.08126134 0.04674157 0.02887888 0.03696717 0.02763918 0.11051992 0.04006337 0.00885381 0.02539578 0.06411305
57 0.05762474 0.04198033 0.08405866 0.04316723 0.02050841 0.02679242 0.05458024 0.04720023 0.01929831 0.13542309 0.08974976 0.04082843 0.02117041 0.03661073 0.03303142 0.04295803 0.10856707 0.00849702 0.02606692 0.06188654
58 0.23121307 0.03774591 0.02246651 0.08166273 0.01957741 0.02401601 0.03143421 0.10519603 0.01730231 0.07761582 0.07212022 0.03357691 0.01699291 0.03943081 0.02295321 0.05809492 0.03813341 0.00599408 0.02846051 0.03601301
59 0.06222882 0.03243231 0.02091031 0.03758891 0.01626041 0.02831821 0.04412331 0.04336941 0.01782591 0.13340404 0.07410282 0.03259721 0.02508141 0.04210461 0.02276151 0.05408152 0.11215003 0.00765669 0.13217904 0.06082352
60 0.14331004 0.03372481 0.02687331 0.03508591 0.01400460 0.02296221 0.03627451 0.04811661 0.01569000 0.15761105 0.11045903 0.03096241 0.02211591 0.03339721 0.02356001 0.05729442 0.03507041 0.00610951 0.02356801 0.12381004
61 0.08154707 0.04534568 0.04118978 0.03535129 0.01590549 0.02735159 0.04623738 0.05502068 0.02206329 0.05578818 0.22571691 0.04918828 0.02312639 0.03508679 0.03071909 0.05417618 0.04804738 0.00724139 0.03355829 0.06733887
62 0.06761811 0.03939381 0.02630630 0.03402131 0.01074870 0.02179440 0.04589541 0.04908181 0.01695820 0.12232402 0.16758303 0.03556091 0.07987751 0.03207151 0.02779410 0.06852111 0.03745761 0.00838723 0.02649430 0.08211061
63 0.07563103 0.04021811 0.03088151 0.03934391 0.01488021 0.02900621 0.04827262 0.04992212 0.01918481 0.18090407 0.09374863 0.03802081 0.02007131 0.03260271 0.02556591 0.07210093 0.03400701 0.00749944 0.02559361 0.12254504
64 0.12116602 0.04828511 0.03609421 0.09492092 0.01130450 0.02576931 0.14114803 0.03806441 0.01921560 0.07589962 0.07675182 0.04177601 0.02799681 0.03389561 0.03056141 0.04964661 0.04289881 0.00782190 0.02808431 0.04869901
65 0.07050682 0.03308221 0.02994411 0.03779001 0.06156222 0.03140221 0.04530081 0.05440032 0.06516892 0.08133122 0.07660832 0.04307711 0.02277491 0.02904191 0.02518991 0.11424403 0.10218003 0.00971681 0.02791371 0.03876441
66 0.14876006 0.10311104 0.02844471 0.04409072 0.01441441 0.03067831 0.03919202 0.04641612 0.02169851 0.05172012 0.09779074 0.04093452 0.02282211 0.04884482 0.02572581 0.04378962 0.03994832 0.00688831 0.09729764 0.04743212
67 0.11954399 0.03918810 0.02759570 0.04159430 0.01628790 0.03251440 0.04747570 0.04173480 0.02097770 0.07360609 0.08791449 0.10330599 0.02420370 0.03648040 0.02769990 0.13371899 0.03295720 0.01203740 0.02849250 0.05267079
68 0.06750133 0.04134302 0.03395452 0.12503506 0.01534191 0.03341252 0.10389205 0.03407642 0.01717691 0.15907408 0.05997003 0.04301042 0.02519611 0.02635901 0.02718721 0.04980493 0.04451802 0.00751219 0.02578981 0.05984443
69 0.09426821 0.03918090 0.02975310 0.03775560 0.01739950 0.02782140 0.04525710 0.05087571 0.01958990 0.17147202 0.13828302 0.04059920 0.02369740 0.03117200 0.02864620 0.06562951 0.03890240 0.00815899 0.02450900 0.06702881
70 0.06262900 0.03947930 0.03635610 0.08411390 0.01225050 0.02752190 0.10650701 0.04106750 0.02198400 0.04682870 0.14441401 0.04056760 0.02942960 0.03061130 0.02732500 0.04861890 0.11665001 0.00703745 0.03128750 0.04532070
71 0.06195166 0.04632147 0.03020448 0.03957968 0.01197059 0.02421679 0.05429787 0.06323966 0.01839549 0.05611887 0.14459491 0.04541517 0.11502293 0.03464688 0.03075838 0.07444195 0.03905978 0.00930100 0.03340148 0.06706096
72 0.05726630 0.03783320 0.03302120 0.03273240 0.01075770 0.02428680 0.04188320 0.05011810 0.01596810 0.16841499 0.10521000 0.03423540 0.01965930 0.03543730 0.02217370 0.06908050 0.02791180 0.00610794 0.02265610 0.18524599
73 0.18847309 0.04644222 0.03507232 0.05006622 0.01155271 0.02813481 0.10445005 0.04054682 0.02246041 0.07620284 0.09277584 0.04065172 0.02305071 0.03635742 0.03235702 0.05015392 0.03967612 0.00807942 0.02900751 0.04448882
74 0.06752336 0.04598478 0.03222878 0.04334908 0.01498219 0.03428108 0.04938047 0.06525167 0.02398419 0.05951287 0.09963125 0.04371698 0.02399059 0.05292267 0.03266298 0.05116257 0.16721791 0.00804543 0.03322758 0.05094357
75 0.05924832 0.05431772 0.03222901 0.04018881 0.01784251 0.07858453 0.12460504 0.04538391 0.02366821 0.08357543 0.08349023 0.04290001 0.02835501 0.03618081 0.03370521 0.06581562 0.04514571 0.00807078 0.03242371 0.06426942
76 0.11839894 0.04940057 0.03372088 0.04095458 0.01310689 0.02829349 0.11322894 0.04555938 0.02454869 0.06687546 0.09110425 0.09555395 0.02377679 0.03441438 0.03177078 0.06105567 0.04267088 0.00950062 0.02643409 0.04963077
77 0.22968911 0.03763872 0.02787291 0.04068422 0.01755691 0.02765691 0.03582982 0.05529813 0.01934751 0.08679064 0.10491005 0.03624412 0.02125021 0.04105082 0.02816231 0.05869053 0.04099192 0.00672452 0.03180362 0.05180702
78 0.10456997 0.03893179 0.02960709 0.04626289 0.02198959 0.03377349 0.05176098 0.05236368 0.02262609 0.20233294 0.06908938 0.04251729 0.01899039 0.02889209 0.03128079 0.07533848 0.04191769 0.00893480 0.02679889 0.05202168
79 0.08129232 0.04463281 0.04321891 0.03542151 0.01597220 0.02676581 0.04496151 0.05515342 0.02164031 0.05643482 0.22846507 0.04828351 0.02280281 0.03520181 0.02976491 0.05361162 0.04861251 0.00686980 0.03467631 0.06621802
80 0.05887075 0.03375933 0.02127162 0.02985813 0.01172101 0.02312452 0.03839383 0.10066209 0.01663931 0.07053016 0.07605597 0.03975024 0.03287973 0.03726133 0.02207082 0.20502518 0.02845883 0.01049941 0.03072063 0.11244710
81 0.05513388 0.05138948 0.05428488 0.03689299 0.08883217 0.03788849 0.04459039 0.05362808 0.01979499 0.05668988 0.17581594 0.06888488 0.02072539 0.03407479 0.03029419 0.04245009 0.04115789 0.00995343 0.03036239 0.04715578
82 0.09600927 0.03272379 0.02341179 0.03334509 0.01902969 0.02858779 0.04310629 0.04446989 0.01941709 0.14870795 0.11140597 0.03636729 0.02547429 0.02765619 0.02606149 0.14743595 0.04537949 0.00964731 0.02561969 0.05614368
83 0.05778777 0.04433508 0.02277829 0.04141808 0.01254059 0.04189918 0.04309198 0.05242538 0.01969089 0.05558037 0.07510996 0.03308438 0.02245659 0.05899827 0.02455689 0.10032695 0.21695990 0.00760047 0.02981889 0.03954008
84 0.23089406 0.03800601 0.02829321 0.04053501 0.01718770 0.02823991 0.03680301 0.05563181 0.01889710 0.08653252 0.10289603 0.03650241 0.02138521 0.04056271 0.02793251 0.05849651 0.04129781 0.00712355 0.03248721 0.05029571
85 0.07204340 0.03111640 0.02934370 0.02119780 0.00794970 0.01363740 0.02846690 0.04704790 0.01136340 0.14627500 0.23035499 0.02587010 0.03099070 0.03441790 0.01886670 0.03990820 0.03291800 0.00406093 0.01882290 0.15534800
86 0.17526694 0.03656979 0.02598949 0.03895359 0.01596759 0.02892339 0.04234239 0.04244479 0.01873229 0.16108095 0.06609848 0.03456289 0.01919379 0.02295619 0.08660827 0.06178148 0.04132449 0.00811292 0.02130249 0.05178778
87 0.05464984 0.03624873 0.02495952 0.03315842 0.01117321 0.02064681 0.04307593 0.12363409 0.01653031 0.04782903 0.07101655 0.04885733 0.12721709 0.03485582 0.02432402 0.14109710 0.03528792 0.00924531 0.03042932 0.06576365
88 0.20383308 0.04042772 0.03142131 0.04154772 0.01343951 0.03128451 0.04311252 0.04539042 0.02138101 0.07607673 0.08936133 0.03971552 0.02304621 0.03203711 0.09546374 0.05155592 0.04245872 0.00832302 0.02738151 0.04274242
89 0.06882400 0.04665820 0.03278640 0.04280460 0.01562100 0.03451020 0.04895190 0.06341960 0.02348130 0.05898860 0.10032699 0.04384340 0.02387990 0.05279520 0.03261720 0.05129350 0.16627299 0.00796057 0.03324220 0.05172230
90 0.08106547 0.04535798 0.04092438 0.03526509 0.01629739 0.02685889 0.04452978 0.05429608 0.02118629 0.05646538 0.22594291 0.04988588 0.02313559 0.03562339 0.03057789 0.05501238 0.04927198 0.00692101 0.03429119 0.06709107
91 0.05059882 0.12150504 0.02813151 0.03216471 0.01036920 0.03391301 0.13045905 0.04261271 0.01891571 0.06788622 0.07311993 0.05005672 0.03241941 0.03049811 0.02735041 0.12245604 0.03420451 0.00774235 0.02213351 0.06346302
92 0.22956090 0.03744598 0.02824979 0.04057648 0.01746429 0.02756859 0.03563639 0.05406378 0.01945579 0.08910436 0.10304396 0.03717548 0.02119799 0.03995888 0.02750789 0.05898528 0.04172818 0.00704812 0.03263649 0.05159138
93 0.04580649 0.04429249 0.03774429 0.03308469 0.01074210 0.02807019 0.03944859 0.06025229 0.01447450 0.05357929 0.07867639 0.05024689 0.02189760 0.04830489 0.02075900 0.08212489 0.02781389 0.00542338 0.02906219 0.26819595
94 0.05677528 0.04249519 0.03320019 0.05016568 0.01634370 0.02523009 0.10056697 0.06374368 0.02499819 0.06097448 0.08568117 0.14531896 0.02794189 0.03582469 0.02908509 0.05796648 0.04077969 0.01090480 0.02771729 0.06428648
95 0.07623247 0.04391168 0.03965878 0.03885348 0.01330119 0.02844279 0.04091258 0.05867097 0.02016579 0.04877998 0.15882593 0.04362668 0.02105919 0.13180894 0.02209029 0.05326268 0.05490768 0.00807423 0.03482459 0.06259007
96 0.06873868 0.04051259 0.02737719 0.03703069 0.01550680 0.02626279 0.04200829 0.13681897 0.02741669 0.04481689 0.09090898 0.04275979 0.01954480 0.04968719 0.03146799 0.04846459 0.17617296 0.00658765 0.02777519 0.04014129
97 0.14700589 0.03112408 0.02011078 0.03277818 0.01636339 0.02593358 0.04068387 0.04670246 0.01762819 0.08720333 0.08265264 0.03649027 0.02846758 0.03495487 0.02455888 0.18686186 0.03365087 0.00929005 0.02912058 0.06841865
98 0.08326903 0.03812671 0.02835931 0.11808704 0.02091601 0.03402721 0.04130772 0.04069772 0.01763791 0.16588706 0.07329073 0.04585212 0.02462861 0.03170551 0.02826791 0.05464012 0.05085602 0.00850683 0.02725511 0.06668132
99 0.07360150 0.04672840 0.07547280 0.11354000 0.01841380 0.03028480 0.04712580 0.04762370 0.01873740 0.07649320 0.08686460 0.05614960 0.02776890 0.04412880 0.03228740 0.04985820 0.04489810 0.00837729 0.03047780 0.07116790
100 0.08080240 0.04601770 0.04217590 0.03479850 0.01599880 0.02671990 0.04615960 0.05465510 0.02220130 0.05652320 0.22682400 0.04926560 0.02301160 0.03503230 0.03042740 0.05352710 0.04840950 0.00695888 0.03320870 0.06728250
101 0.06134038 0.03555169 0.02202959 0.03114519 0.01229790 0.02701829 0.04414279 0.04419499 0.01778729 0.07632928 0.08369077 0.03667679 0.03655809 0.03441199 0.02388799 0.23139093 0.03233359 0.01095630 0.03177719 0.10647897
102 0.11453999 0.04075260 0.03238100 0.03543160 0.01065880 0.02789740 0.03554010 0.04817540 0.01467750 0.07067100 0.11255599 0.04010310 0.02453320 0.04631310 0.02295990 0.04925830 0.03257410 0.00579056 0.03345940 0.20172699
103 0.05842399 0.04751569 0.03104089 0.09361958 0.01576470 0.02940369 0.04644619 0.13828497 0.02603439 0.06192279 0.08486118 0.05805589 0.03330149 0.04169439 0.02833889 0.04823629 0.05046689 0.00839343 0.03115849 0.06703618
104 0.07711239 0.04858499 0.03803510 0.04389060 0.01213010 0.03607940 0.04526760 0.06386129 0.02144660 0.05740219 0.08166499 0.04741389 0.02599640 0.12650099 0.02486200 0.06113539 0.06166439 0.00842381 0.03342800 0.08509989
105 0.12603791 0.04081187 0.02885848 0.03866077 0.01264259 0.02879998 0.04082037 0.05362696 0.01819329 0.05520016 0.10620393 0.04107967 0.02380428 0.04404097 0.02688108 0.04786027 0.09827963 0.00679668 0.03828617 0.12311492
106 0.07529262 0.03958551 0.03099981 0.03953031 0.01481810 0.02907741 0.04678471 0.04986921 0.01896080 0.18277104 0.09387852 0.03773481 0.02023310 0.03258201 0.02679971 0.07189332 0.03418851 0.00735648 0.02560201 0.12204203
107 0.11995602 0.03884011 0.02523571 0.03859511 0.01609890 0.03034461 0.03767331 0.04400051 0.02224470 0.04902711 0.09131332 0.09401692 0.01878610 0.04328361 0.02423910 0.04938521 0.10544602 0.00895940 0.09406232 0.04849191
108 0.06793239 0.03072870 0.03091250 0.02163810 0.00799012 0.01487350 0.02914670 0.04920920 0.01123260 0.14622299 0.20013798 0.02612800 0.02670330 0.06742709 0.01510300 0.03852600 0.03043860 0.00497688 0.01952240 0.16114998
109 0.04251897 0.04080957 0.03665788 0.03796438 0.00997435 0.01666159 0.04953007 0.18916288 0.01630379 0.02744128 0.04723107 0.07656485 0.19930487 0.03061088 0.02564808 0.05524926 0.02707578 0.00665489 0.02602378 0.03861177
110 0.05057972 0.14968606 0.04154802 0.03789272 0.02678461 0.02856691 0.04926752 0.05282342 0.01669481 0.05057442 0.09275424 0.14077906 0.02475641 0.03464301 0.02304351 0.04257972 0.03766442 0.00751729 0.02455241 0.06729173
111 0.06169598 0.05893728 0.03964829 0.03891009 0.01444130 0.02643079 0.13600296 0.05750318 0.02650789 0.07503568 0.09665567 0.04514249 0.03418939 0.03686519 0.03052129 0.06472908 0.04862898 0.00822321 0.03061499 0.06931628
112 0.06321278 0.03961379 0.02506679 0.03368039 0.01390160 0.02558109 0.04219489 0.15081295 0.02085249 0.06661478 0.07951627 0.05034738 0.03430779 0.04321489 0.02546439 0.11593896 0.04417848 0.00956324 0.03080989 0.08512717
113 0.08570145 0.04335893 0.03007522 0.03845582 0.01321441 0.03221252 0.03501272 0.12620808 0.01864571 0.04295353 0.06897154 0.04285153 0.02254891 0.11036707 0.02223691 0.06178254 0.04731163 0.00804938 0.08250135 0.06754074
114 0.16669511 0.04062663 0.02141531 0.03460922 0.01806021 0.02292861 0.03324142 0.13686209 0.02071971 0.07952215 0.09988826 0.03864102 0.02294611 0.04082873 0.02611482 0.05400783 0.04756603 0.00708526 0.02969482 0.05854664
115 0.05995822 0.03534551 0.02168941 0.03018881 0.01234380 0.02759431 0.04307881 0.04417581 0.01763851 0.07798522 0.08418073 0.03737381 0.03700571 0.03418831 0.02407431 0.23094407 0.03231471 0.01076470 0.03227221 0.10688303
116 0.07701975 0.04583497 0.02815948 0.04414477 0.01640619 0.03456478 0.04711257 0.05473367 0.01814389 0.06353196 0.10410794 0.04498087 0.03101298 0.04304097 0.02905138 0.06479336 0.04931897 0.00868101 0.12258592 0.07277455
117 0.06787313 0.14009206 0.03736952 0.04246902 0.01487301 0.02787191 0.06115013 0.05925972 0.01775411 0.06591763 0.10003804 0.04594382 0.02963641 0.04274992 0.02812621 0.05589812 0.04644182 0.00668318 0.03247631 0.07737593
118 0.08164073 0.04041621 0.02836361 0.03887211 0.01348320 0.03326591 0.03457851 0.04965172 0.01647371 0.04392052 0.15765706 0.03874831 0.02292841 0.10134504 0.02135651 0.05411892 0.04213662 0.00723274 0.11364604 0.06016412
119 0.06900389 0.04502599 0.03203030 0.03601439 0.01241810 0.02438540 0.04804169 0.05390519 0.01940240 0.06396259 0.20079897 0.04275959 0.07182279 0.03185160 0.03070270 0.06264929 0.04215819 0.00819334 0.03151950 0.07335409
120 0.18723008 0.02620301 0.01848491 0.02251921 0.01545661 0.01376041 0.01978311 0.09052704 0.01210881 0.13651206 0.16215107 0.02208041 0.02345411 0.03066461 0.01683351 0.04671102 0.03792382 0.00417848 0.01882111 0.09459664
121 0.06223852 0.03459521 0.03198751 0.02318861 0.00787845 0.01585251 0.02945941 0.04980142 0.01228840 0.10154803 0.22030207 0.03198461 0.02875841 0.03483861 0.01814321 0.04715682 0.03196371 0.00403521 0.02268421 0.19129507
122 0.06159702 0.10815004 0.07898403 0.03472831 0.01707451 0.02976091 0.06078212 0.05534142 0.06963722 0.06454392 0.09038823 0.05454102 0.02210821 0.03689841 0.03065841 0.04435141 0.04515951 0.00856797 0.02260351 0.06412382
123 0.05144014 0.12226610 0.03034022 0.04541054 0.01158951 0.02340282 0.06725865 0.07424456 0.01624011 0.03830303 0.06377575 0.05615385 0.14577612 0.03210183 0.03056272 0.06505295 0.03188943 0.00861240 0.02936952 0.05620975
124 0.05603507 0.04148967 0.02743698 0.03768618 0.01213139 0.02685578 0.14386591 0.04127427 0.02538788 0.06961466 0.07701725 0.03728478 0.03297858 0.03199248 0.02438439 0.11857093 0.11075893 0.00843230 0.02735828 0.04944427
125 0.04460910 0.04670440 0.08777080 0.02844320 0.01741050 0.02144190 0.04909680 0.16773700 0.01766190 0.05298760 0.09515140 0.06061500 0.03935130 0.04562600 0.02799080 0.03825630 0.04037300 0.00679612 0.02402260 0.08795430
126 0.07348576 0.03755878 0.03527658 0.03603668 0.01448659 0.02391679 0.03832848 0.12540694 0.02576839 0.04490068 0.08899525 0.04235578 0.02036479 0.03455968 0.10015895 0.04599258 0.14352193 0.00846601 0.02380929 0.03661008
127 0.10507799 0.03946320 0.02975370 0.04651210 0.02199270 0.03372460 0.05237590 0.05081180 0.02252250 0.20149199 0.06860610 0.04371810 0.01886630 0.02881390 0.03089540 0.07622959 0.04188900 0.00857667 0.02707010 0.05160840
128 0.04447560 0.04477800 0.03845520 0.03336570 0.01104320 0.02733830 0.03940800 0.05910360 0.01422870 0.05515470 0.07983450 0.04989380 0.02160050 0.04869090 0.02071910 0.08004780 0.02776030 0.00586964 0.02850140 0.26973102
129 0.07572071 0.04275781 0.03058311 0.04606831 0.02143610 0.11629402 0.04083261 0.04965521 0.02025610 0.07393361 0.08767062 0.04362791 0.02422760 0.04951791 0.03655951 0.06616191 0.05178631 0.00893781 0.04163021 0.07234261
130 0.05884869 0.03913710 0.07817299 0.04000560 0.02385530 0.09477849 0.03797940 0.04027670 0.02121480 0.07400959 0.07955419 0.04313490 0.02301070 0.04217890 0.03634110 0.12355299 0.03983580 0.01039510 0.02878500 0.06493269
131 0.08196353 0.04788872 0.02810891 0.12103004 0.01735051 0.03555091 0.04415811 0.05262802 0.02138261 0.07539812 0.09023603 0.05500982 0.03088511 0.04578412 0.03238811 0.05769642 0.05079372 0.00915947 0.03658781 0.06599992
132 0.04876338 0.04478608 0.02969188 0.03675638 0.01376909 0.09498905 0.04003108 0.04961647 0.01718119 0.04085408 0.06423117 0.04581308 0.01947649 0.04930817 0.02732249 0.06558547 0.03320568 0.00621331 0.04077858 0.23162688
133 0.06829568 0.13994295 0.03635839 0.04263888 0.01444289 0.02815039 0.06182178 0.05895378 0.01790569 0.06681308 0.09948516 0.04558998 0.03073599 0.04151429 0.02896319 0.05599318 0.04575218 0.00704136 0.03243059 0.07717057
134 0.08113790 0.04499320 0.04201690 0.03589710 0.01582630 0.02740780 0.04554580 0.05537800 0.02250560 0.05622070 0.22645900 0.04959420 0.02332610 0.03484140 0.03062110 0.05340530 0.04799450 0.00723968 0.03374470 0.06584470
135 0.06588019 0.04711919 0.03189380 0.03549169 0.01577030 0.02682160 0.04657839 0.15593898 0.02566370 0.06482049 0.09712919 0.05753139 0.03575149 0.04366329 0.02811810 0.05163599 0.05130329 0.00833475 0.02997770 0.08057649
136 0.06642991 0.04291860 0.02421820 0.04247600 0.01485370 0.03905260 0.04702620 0.05350241 0.02092310 0.06526151 0.08048331 0.03679890 0.02547160 0.05095971 0.02586660 0.10850101 0.16767602 0.00854270 0.03169070 0.04734720
137 0.08180228 0.04832629 0.02875099 0.12181897 0.01766040 0.03566119 0.04505959 0.05113459 0.02047400 0.07660238 0.08906638 0.05558109 0.03152899 0.04493989 0.03164819 0.05814989 0.04947969 0.00903532 0.03608029 0.06719959
138 0.06211828 0.05118759 0.03055169 0.04465009 0.01844390 0.03455829 0.04481609 0.05242619 0.02093759 0.05505429 0.09406248 0.11656797 0.02744189 0.03121239 0.02806689 0.05483329 0.04606019 0.00916166 0.11356097 0.06428828
139 0.06026361 0.03539161 0.02150150 0.03088581 0.01270000 0.02686001 0.04370381 0.04453861 0.01753720 0.07672002 0.08355292 0.03736881 0.03675441 0.03472301 0.02381740 0.22976605 0.03275591 0.01051190 0.03162541 0.10902202
140 0.05575399 0.10951397 0.03481459 0.03367479 0.02557439 0.02670499 0.03847569 0.04928899 0.01713040 0.04839109 0.17086796 0.13395197 0.02459549 0.03154759 0.02518709 0.04076189 0.03882449 0.00791775 0.02750219 0.05952069
141 0.05282272 0.04243642 0.02905671 0.03732941 0.01318971 0.02893921 0.13817106 0.03794172 0.02436501 0.14136706 0.06971053 0.03266641 0.02928231 0.03169641 0.02474301 0.05739202 0.04957872 0.00791390 0.08427663 0.06712103
142 0.04508379 0.04084939 0.02892570 0.03765149 0.01364950 0.08414629 0.04238369 0.04585479 0.01723350 0.11161298 0.07036749 0.04018789 0.01907090 0.03687599 0.02609430 0.06578189 0.02979399 0.00634347 0.02855100 0.20954196
143 0.05141861 0.03349401 0.03898381 0.09688462 0.01649550 0.02443400 0.04686571 0.12523403 0.02392280 0.05470441 0.07275441 0.13255703 0.03417751 0.03541761 0.02761181 0.05057201 0.03697411 0.01026810 0.02480250 0.06242741
144 0.05958099 0.03586400 0.02195990 0.03044690 0.01225620 0.02714970 0.04441240 0.04482450 0.01781370 0.07524059 0.08486829 0.03753710 0.03671930 0.03450850 0.02423010 0.23078098 0.03223740 0.01073930 0.03214220 0.10668799
145 0.06174142 0.06053942 0.03994411 0.03914771 0.01473231 0.02630671 0.13704305 0.05761532 0.02664621 0.07306863 0.09641914 0.04526992 0.03376771 0.03676451 0.03069461 0.06541112 0.04850242 0.00849643 0.03001931 0.06786993
146 0.16684096 0.03313139 0.02439889 0.04466189 0.01846720 0.10606297 0.03263669 0.04636749 0.01706030 0.07093608 0.08886328 0.03736239 0.02040109 0.05307249 0.03294889 0.05681519 0.04059049 0.00760856 0.04466079 0.05711299
147 0.07535369 0.03460229 0.03046570 0.04022269 0.02024710 0.11601198 0.03386159 0.04705359 0.01913490 0.05654019 0.17216297 0.04045769 0.02609290 0.04221839 0.03605119 0.05664639 0.04286549 0.00774186 0.03989309 0.06237629
148 0.06788832 0.03804121 0.03639521 0.04082531 0.01242340 0.02800851 0.04701182 0.05277942 0.01828261 0.05093152 0.08801733 0.03695651 0.07940743 0.03114011 0.12932704 0.04850512 0.11288304 0.00950346 0.02606861 0.04560402
149 0.07458628 0.04345579 0.03041769 0.04816979 0.02153889 0.11506597 0.04153059 0.04894859 0.02020839 0.07429278 0.08667048 0.04357989 0.02401269 0.04955669 0.03556619 0.06675638 0.05306189 0.00849447 0.04158079 0.07250578
150 0.07807912 0.04885181 0.03926091 0.04450351 0.01251030 0.03631361 0.04465911 0.06176932 0.02111921 0.05787782 0.08086172 0.04709411 0.02580061 0.12745103 0.02420321 0.06137062 0.06206072 0.00841974 0.03369541 0.08409812
151 0.23075194 0.03722329 0.02785249 0.04025459 0.01725340 0.02766709 0.03650269 0.05514609 0.01917020 0.08730738 0.10413597 0.03703049 0.02145569 0.04015979 0.02768059 0.05857048 0.04189029 0.00704796 0.03162839 0.05127119
152 0.07431991 0.04049760 0.02593600 0.03978430 0.01376180 0.02978140 0.03757030 0.04619510 0.01678590 0.03595320 0.18303402 0.03921800 0.02129390 0.06504991 0.02264170 0.04971530 0.04238920 0.00722380 0.15386902 0.05497961
153 0.06265292 0.04723342 0.02998711 0.08868613 0.01367950 0.02905811 0.11274704 0.04143221 0.01844941 0.07669923 0.07451422 0.04624332 0.03738451 0.03223461 0.02795251 0.11675004 0.04286041 0.00861847 0.02934301 0.06347382
154 0.17588309 0.04117312 0.02405311 0.11168506 0.01826471 0.03156652 0.03650082 0.04947582 0.01749541 0.07708574 0.08451204 0.04345592 0.02353911 0.04604052 0.02863011 0.05744863 0.04263602 0.00724410 0.03441912 0.04889102
155 0.06537123 0.04743812 0.03151931 0.03589692 0.01601911 0.02665351 0.04741142 0.15480507 0.02525921 0.06502043 0.09779484 0.05723582 0.03508952 0.04403392 0.02781881 0.05177752 0.05132692 0.00806347 0.03075971 0.08070513
156 0.08309501 0.03665071 0.02794280 0.04205781 0.01176650 0.04355591 0.03348030 0.04974711 0.01989780 0.03974601 0.07673311 0.03768671 0.02175550 0.13647102 0.02081060 0.05785021 0.04296191 0.00815776 0.14344402 0.06618921
157 0.13834407 0.10903705 0.03355992 0.09955675 0.01260621 0.02950011 0.05887603 0.05144093 0.01817751 0.06525493 0.07606084 0.04183352 0.02315291 0.03949102 0.02807691 0.05070262 0.04085962 0.00599651 0.02969911 0.04777342
158 0.08148296 0.04615178 0.04171298 0.03542928 0.01567129 0.02746599 0.04536908 0.05377668 0.02253869 0.05563057 0.22785890 0.04875958 0.02320159 0.03526728 0.03033339 0.05552437 0.04717598 0.00726946 0.03269058 0.06668957
159 0.07638803 0.04177322 0.04131872 0.03355881 0.01444581 0.02533431 0.04097652 0.05472092 0.01915251 0.05637202 0.21716208 0.04247462 0.02205231 0.09135994 0.02324231 0.04884302 0.04798602 0.00686271 0.02988591 0.06609023
160 0.06719926 0.03883818 0.03520038 0.02835138 0.01069699 0.02026079 0.03712078 0.05250657 0.01566559 0.08567725 0.21412088 0.03905868 0.02685808 0.03416428 0.02245419 0.05188987 0.03881458 0.00507407 0.02774428 0.14830392
161 0.06876490 0.14056801 0.03735590 0.04251080 0.01535760 0.02820530 0.06000340 0.05952120 0.01795170 0.06668590 0.09784411 0.04615640 0.02955270 0.04262290 0.02894300 0.05597320 0.04638420 0.00687213 0.03172450 0.07700211
162 0.06847249 0.03993289 0.03344470 0.02859860 0.01066760 0.02098170 0.03771490 0.05157969 0.01610470 0.08449129 0.21384897 0.03890959 0.02738270 0.03376990 0.02324160 0.05232459 0.03879859 0.00529213 0.02797640 0.14646698
163 0.08116267 0.04520668 0.04047668 0.03533058 0.01555749 0.02761869 0.04533618 0.05488128 0.02223969 0.05528298 0.22657590 0.04997348 0.02279269 0.03572158 0.03084439 0.05646898 0.04816608 0.00721253 0.03350229 0.06564917
164 0.06129841 0.03436971 0.02369670 0.02806541 0.01042400 0.02140660 0.03455921 0.04746151 0.01476660 0.12510603 0.16167503 0.03076311 0.02788701 0.04806191 0.01937940 0.05821451 0.03606101 0.00694849 0.07796332 0.13189203
165 0.04788849 0.03698059 0.03414279 0.02649840 0.00909776 0.02100290 0.03292439 0.05345089 0.01274440 0.07682609 0.14968697 0.03983369 0.02370520 0.03926479 0.01857660 0.06809329 0.02673470 0.00458912 0.02501600 0.25294295
166 0.07732712 0.03647481 0.02557261 0.03989321 0.01304480 0.04091871 0.03614601 0.04985821 0.01898300 0.04655471 0.09010932 0.03809661 0.02436361 0.09978173 0.02268371 0.05805692 0.04289561 0.00842234 0.16184304 0.06897392
167 0.21183292 0.02955909 0.02198389 0.03825749 0.02376939 0.02373709 0.03527649 0.05307428 0.01688419 0.19674093 0.06512968 0.02982899 0.01445839 0.02437489 0.02565649 0.07206677 0.03885349 0.00618106 0.02050469 0.05182978
168 0.06870740 0.13852099 0.03658380 0.04326840 0.01476530 0.02808480 0.06155340 0.05948010 0.01828010 0.06709240 0.10028300 0.04515050 0.02913820 0.04195780 0.02918980 0.05611970 0.04711750 0.00692724 0.03191840 0.07586120
169 0.08169477 0.04292298 0.03185779 0.04023519 0.01326200 0.03288949 0.03583369 0.05345018 0.01845429 0.04405958 0.14776995 0.04035619 0.02224279 0.10883796 0.02216169 0.05587198 0.04440678 0.00761095 0.09549267 0.06058908
170 0.06811957 0.04163178 0.04185748 0.04148408 0.01435239 0.02977739 0.04786358 0.05902728 0.02150919 0.05667578 0.09351576 0.04296808 0.02564129 0.03435869 0.12038795 0.04718098 0.13227395 0.01003330 0.02785959 0.04348188
171 0.07784938 0.04952729 0.03871669 0.04328919 0.01211090 0.03599749 0.04387809 0.06393249 0.02133000 0.05673679 0.08156708 0.04718969 0.02558479 0.12678297 0.02489409 0.05976229 0.06424939 0.00840473 0.03341849 0.08477818
172 0.06317619 0.12457398 0.03092370 0.04332089 0.01853860 0.08502749 0.05384559 0.04850399 0.01828200 0.06430419 0.07806189 0.04717849 0.02244390 0.04399219 0.03286760 0.06042159 0.05827519 0.00631805 0.03058620 0.06935829
173 0.05928340 0.03742090 0.02681580 0.03454110 0.01510090 0.04223210 0.04547960 0.03976260 0.01996110 0.07446700 0.07584390 0.03887870 0.02997690 0.02858070 0.11556100 0.18525200 0.02922320 0.01358470 0.02743280 0.06060160
174 0.06174880 0.03842720 0.02913130 0.03330560 0.01137920 0.02705890 0.03679530 0.05770240 0.01846800 0.05767930 0.16593600 0.03300670 0.02737140 0.10050800 0.02159210 0.03958910 0.13771800 0.00594477 0.03260280 0.06403510
175 0.05711428 0.03768155 0.03273404 0.03253594 0.01082871 0.02430283 0.04215636 0.04940337 0.01553902 0.16788122 0.10514214 0.03362864 0.01923683 0.03564955 0.02103453 0.07068059 0.02797484 0.00619208 0.02310423 0.18717925
176 0.06370352 0.04734291 0.02893071 0.04847181 0.01880760 0.10438403 0.09923512 0.04525981 0.02050270 0.08359712 0.07812332 0.04139861 0.02531681 0.03917181 0.03593941 0.06412982 0.04499671 0.00795176 0.03516921 0.06756722
177 0.07322549 0.04555869 0.03899559 0.04445909 0.01718030 0.03769669 0.05109669 0.05596729 0.02339090 0.07194769 0.09983318 0.04951969 0.03051379 0.03404829 0.11328898 0.05907019 0.05125849 0.01078640 0.03148579 0.06067679
178 0.05803090 0.04279620 0.03528180 0.04732840 0.01521230 0.03202960 0.04848200 0.05082930 0.02362210 0.17168400 0.06935090 0.10078200 0.01674250 0.02869800 0.02765680 0.05806070 0.03014950 0.00938569 0.02396130 0.10991600
179 0.14159802 0.03231911 0.02667110 0.03538041 0.01420920 0.02145060 0.03684121 0.04771641 0.01510120 0.17830803 0.10997202 0.02976640 0.02033510 0.03098410 0.02307590 0.05759601 0.03289001 0.00598154 0.02099260 0.11881102
