1 0.36321412 0.00831651 0.20173907 0.01300020 0.20524907 0.01065400 0.01322950 0.01379500 0.00624200 0.01466530 0.01795171 0.01544471 0.00470027 0.01144860 0.00674235 0.05323492 0.02256261 0.00279406 0.00592319 0.00909279
2 0.57872375 0.01899759 0.01991899 0.02193069 0.01269909 0.01948659 0.02208779 0.03242739 0.00823554 0.04873788 0.04365838 0.01879809 0.01023720 0.02137479 0.01444789 0.03899208 0.02825959 0.00311230 0.01500069 0.02287369
3 0.01350589 0.01125819 0.01332739 0.20069885 0.00366209 0.00817487 0.01760959 0.01381599 0.00291063 0.04646647 0.03801807 0.02315438 0.01860519 0.02513968 0.00635255 0.49721363 0.01515549 0.00292502 0.00756316 0.03444287
4 0.02365730 0.01477150 0.01959220 0.02188100 0.00783559 0.01293860 0.01612900 0.03243809 0.01181450 0.05643769 0.05755619 0.02300660 0.01638570 0.02679469 0.01209390 0.04637089 0.02017730 0.00453921 0.01386320 0.56171689
5 0.31754407 0.01551400 0.00729728 0.01805560 0.00482611 0.00966791 0.01471130 0.01781470 0.00672211 0.41659909 0.02141390 0.01346390 0.00704626 0.01015950 0.01021110 0.03950281 0.01487620 0.00308582 0.00661139 0.04487691
6 0.04407338 0.03010638 0.01870409 0.02209169 0.01249399 0.01773949 0.02437879 0.04188998 0.01071379 0.03368248 0.03359538 0.02093499 0.01026979 0.02425549 0.01584809 0.03619468 0.55341972 0.00464760 0.01550029 0.02945989
7 0.04918243 0.01854831 0.01177801 0.02035861 0.00794466 0.01474451 0.02063861 0.02963022 0.00558163 0.05229363 0.04140012 0.03092142 0.01346251 0.02032511 0.01358761 0.55706730 0.02627451 0.00303377 0.01031481 0.05291223
8 0.03171220 0.04501299 0.02139410 0.03530030 0.01517860 0.01638190 0.03430020 0.03492310 0.01565640 0.04202229 0.04901579 0.47191693 0.01626160 0.02308550 0.01781260 0.04493289 0.02258600 0.00711644 0.01524460 0.04014559
9 0.03972518 0.02577799 0.02450989 0.02544739 0.00879417 0.01639149 0.49663878 0.03580478 0.02250799 0.06606037 0.04788928 0.02908109 0.01489739 0.02559219 0.01196399 0.03144789 0.02746569 0.00668768 0.01464839 0.02866839
10 0.04508681 0.01881720 0.01223500 0.02290810 0.00807339 0.01506350 0.01883930 0.02858570 0.00477724 0.05227091 0.04040391 0.03129861 0.01465360 0.02086280 0.01418420 0.56596710 0.02033000 0.00273610 0.01170430 0.05120221
11 0.02748020 0.48644691 0.02189220 0.01613590 0.00405359 0.01155310 0.01332240 0.01682890 0.00361932 0.03105719 0.02414250 0.02629280 0.01419680 0.01465940 0.00955665 0.21443096 0.02165990 0.00301016 0.00867526 0.03098589
12 0.04874110 0.01930070 0.01123050 0.03819340 0.00965188 0.01220910 0.04733520 0.02815080 0.01427380 0.49184899 0.04981130 0.02801050 0.01340090 0.01917900 0.02347490 0.04669470 0.02700860 0.00382474 0.01257250 0.05508740
13 0.02487510 0.03314960 0.44844393 0.00908263 0.00701878 0.20950297 0.01558010 0.03003030 0.00493930 0.01679350 0.02728820 0.03054890 0.02016360 0.02197830 0.00869043 0.01067790 0.01503800 0.00476761 0.02216890 0.03926199
14 0.03273581 0.01146330 0.00785098 0.02332181 0.00331520 0.00419927 0.01425190 0.01901571 0.00518472 0.17911606 0.52003517 0.01212310 0.02989901 0.01473900 0.00806451 0.01940231 0.01079320 0.00264799 0.00794631 0.07389462
15 0.01703339 0.01364889 0.01001289 0.02030639 0.00607915 0.00903659 0.01800029 0.02628038 0.00640802 0.01551629 0.02486009 0.01481799 0.51160670 0.01674099 0.01895999 0.01995189 0.01269219 0.00244092 0.20933588 0.02627108
16 0.01329920 0.01378270 0.00901601 0.02923741 0.00971326 0.00604062 0.01311770 0.02928631 0.00791565 0.01439180 0.46213309 0.01218680 0.00525278 0.03506811 0.01535810 0.01088860 0.00815808 0.00161780 0.28358706 0.01994890
17 0.04115657 0.02066009 0.01860069 0.02919668 0.01093719 0.01610049 0.01765399 0.02399888 0.01236059 0.05474776 0.05234157 0.02872888 0.02439628 0.03630658 0.48388869 0.03963397 0.02791598 0.00441064 0.02324589 0.03371858
18 0.02912301 0.01786550 0.01381080 0.03061741 0.00875232 0.01128180 0.02416441 0.02961211 0.00704841 0.02920191 0.05738391 0.02596341 0.55486613 0.02096490 0.02669161 0.03305151 0.01876100 0.00312994 0.01198240 0.04572751
19 0.03256968 0.00886316 0.01796679 0.23014587 0.00580259 0.01063659 0.00810422 0.01038389 0.01785459 0.01912439 0.02484449 0.01293919 0.01116359 0.41221476 0.01077579 0.06950886 0.02577539 0.00405180 0.04760337 0.01967099
20 0.04078631 0.02493701 0.02348941 0.02674261 0.00772209 0.01594860 0.49375713 0.04058281 0.02281361 0.06509862 0.05032551 0.03041051 0.01418090 0.02234501 0.01142400 0.02926241 0.02844001 0.00681564 0.01476650 0.03015131
21 0.01288870 0.02107501 0.01553220 0.40736812 0.00762699 0.01103250 0.04689381 0.01440110 0.00686804 0.05604922 0.04412791 0.21483006 0.01058460 0.01540770 0.02966811 0.01782531 0.01551070 0.00558908 0.01198300 0.03473781
22 0.04346930 0.03118620 0.02129100 0.40235896 0.01198640 0.02669610 0.03086020 0.02420850 0.01130250 0.06907109 0.07504849 0.04008130 0.01975950 0.02976310 0.02471570 0.03578790 0.02695650 0.00978339 0.01651110 0.04916280
23 0.03411880 0.54777404 0.02640370 0.02848160 0.00520089 0.02353200 0.02601400 0.02935690 0.00854608 0.03035530 0.03763060 0.04279790 0.01133850 0.01747260 0.01246070 0.03171720 0.03329070 0.00454815 0.02002100 0.02893930
24 0.03842450 0.02632960 0.02082640 0.01982100 0.00899699 0.02119600 0.02227310 0.03765370 0.01903580 0.02951830 0.05972820 0.01955230 0.01279890 0.05835780 0.01983610 0.02484490 0.02452510 0.00396333 0.49739404 0.03492390
25 0.58719991 0.01838710 0.02224820 0.02048250 0.01197800 0.01614630 0.02140200 0.03234599 0.00800616 0.04560379 0.04877469 0.01853640 0.01093820 0.01872550 0.01512720 0.03552069 0.02632160 0.00425700 0.01361540 0.02438340
26 0.01457792 0.01315242 0.00839900 0.01611852 0.00877849 0.00741420 0.01009121 0.01420162 0.00703153 0.03142494 0.03790674 0.28530933 0.01155331 0.22313826 0.01298702 0.23896328 0.00936545 0.00760152 0.01272161 0.02926363
27 0.03154529 0.03966199 0.02146489 0.03461429 0.01310600 0.01604399 0.03517569 0.03290069 0.01455679 0.03910479 0.04675118 0.48899982 0.01416159 0.02592449 0.01873809 0.04157678 0.02118299 0.00794837 0.01411009 0.04243218
28 0.58519788 0.01788020 0.01994630 0.02204980 0.01188520 0.01608590 0.02158910 0.03221989 0.00821149 0.04942909 0.04785099 0.01762720 0.00929961 0.01948090 0.01486180 0.03995429 0.02624479 0.00391551 0.01414020 0.02212990
29 0.04103389 0.01991019 0.01900360 0.02606139 0.00670390 0.01207660 0.02324629 0.03339379 0.00893167 0.04380939 0.55978785 0.02200299 0.02099639 0.02505549 0.01587190 0.03004559 0.01930819 0.00412039 0.01935989 0.04928059
30 0.03440320 0.02409190 0.02015560 0.02917500 0.00807771 0.02759390 0.02879090 0.02981280 0.01208680 0.03466610 0.05511320 0.03166850 0.01647860 0.46168603 0.02433150 0.03758910 0.02938950 0.00650263 0.04089930 0.04748770
31 0.01548381 0.00918159 0.00765636 0.01400381 0.00568536 0.00873640 0.00923073 0.01265571 0.00840025 0.02100031 0.02521981 0.01646401 0.01039150 0.30024014 0.43275321 0.02467611 0.01247541 0.00349523 0.04267272 0.01957751
32 0.03450039 0.01046640 0.01353880 0.00972034 0.00486887 0.00645479 0.01755680 0.48182092 0.01523280 0.02658540 0.04569849 0.02259930 0.01000100 0.01218630 0.00678102 0.22115996 0.01568040 0.00275015 0.01135860 0.03103929
33 0.01461399 0.01200060 0.01329859 0.02196039 0.19785092 0.02466719 0.01259899 0.02227009 0.00812562 0.02510149 0.02218219 0.02103199 0.03403569 0.01139630 0.00890319 0.02673289 0.01395379 0.00477841 0.00934588 0.49515180
34 0.03610110 0.01123300 0.00771727 0.02472880 0.00472658 0.00972638 0.02042360 0.01856260 0.01003940 0.45155806 0.04956741 0.01803900 0.00694515 0.01260950 0.01037740 0.02955700 0.01754010 0.00286045 0.00687314 0.25081403
35 0.04649590 0.02071350 0.01123060 0.02211650 0.00765077 0.01423420 0.02213660 0.02801180 0.00415675 0.05100340 0.04075840 0.03073770 0.01252740 0.01973430 0.01501540 0.56494096 0.02164250 0.00270735 0.01038780 0.05379820
36 0.04423283 0.02143041 0.01165361 0.02107391 0.00899921 0.01730841 0.02380331 0.02799692 0.00525905 0.05034053 0.04158092 0.03158282 0.01262311 0.02230371 0.01241941 0.55503332 0.02436121 0.00386537 0.01125141 0.05288053
37 0.46539483 0.01390989 0.00925866 0.01107150 0.00980778 0.00903494 0.02089869 0.02887389 0.00340700 0.05497608 0.02711799 0.01204040 0.00835208 0.01095420 0.00803785 0.26057291 0.02068799 0.00220956 0.00642319 0.01697059
38 0.04448949 0.03177949 0.02137990 0.40054191 0.01120730 0.02573609 0.03127589 0.02840489 0.01000870 0.07477258 0.07095858 0.04592579 0.01929650 0.02851459 0.02336709 0.03090879 0.02889389 0.00721342 0.01541170 0.04991339
39 0.58922986 0.01890760 0.01990470 0.02038550 0.01034870 0.01641620 0.02251179 0.03308279 0.00881309 0.04636369 0.04530719 0.01880380 0.00961182 0.01792550 0.01417040 0.03453279 0.02837539 0.00375762 0.01559850 0.02595309
40 0.04558262 0.01861571 0.01316321 0.02152991 0.00869100 0.01728921 0.02156741 0.02877111 0.00626204 0.05023022 0.04102352 0.03034491 0.01508911 0.02209671 0.01444811 0.55385023 0.02259721 0.00286454 0.01270761 0.05327562
41 0.34496997 0.01182780 0.00635928 0.00666416 0.00700966 0.00650783 0.01745850 0.02243720 0.00355318 0.04657980 0.02396780 0.01141300 0.00633075 0.00723970 0.00561483 0.42886296 0.01660810 0.00203900 0.00527440 0.01928210
42 0.58122871 0.01886279 0.01988539 0.02019999 0.01100209 0.01603769 0.02232929 0.03100188 0.00896986 0.04808508 0.04777638 0.01896119 0.01099269 0.01891069 0.01612009 0.03795418 0.02574339 0.00323554 0.01682329 0.02587979
43 0.58830911 0.01989640 0.01937820 0.01991150 0.01192680 0.01694650 0.02002790 0.03089141 0.00923306 0.05042681 0.04574121 0.01739500 0.01089730 0.01986760 0.01467320 0.03554141 0.02727331 0.00335375 0.01283090 0.02547860
44 0.04146921 0.02960211 0.02064681 0.02402321 0.01200210 0.01838321 0.02613271 0.04206931 0.01188230 0.03490051 0.03775371 0.02096551 0.01194390 0.02953201 0.01506030 0.03548211 0.53210915 0.00551332 0.01777380 0.03275471
45 0.02577260 0.01666710 0.01848440 0.02536190 0.00781728 0.01408140 0.01715820 0.03087500 0.01185950 0.06183699 0.05778629 0.02397760 0.01559770 0.02750540 0.01312330 0.04271819 0.02038320 0.00429625 0.01273380 0.55196393
46 0.04298210 0.03138120 0.01916220 0.39929199 0.01169870 0.02573830 0.03220630 0.02710850 0.00976556 0.07247620 0.07418910 0.04194220 0.02272800 0.03080870 0.02439910 0.03089120 0.02752280 0.00878067 0.01675200 0.05017520
47 0.02444442 0.24594522 0.00773570 0.02198972 0.01723012 0.01230071 0.02204372 0.02300242 0.01938192 0.02320672 0.02546442 0.43610340 0.00779912 0.01393731 0.00932311 0.02215382 0.02187732 0.00278439 0.02051272 0.02276372
48 0.04680019 0.02071560 0.01175500 0.02163009 0.00851746 0.01605430 0.02112839 0.02776059 0.00433524 0.05305159 0.04024549 0.03239549 0.01498710 0.01979230 0.01699980 0.55457387 0.02288469 0.00332154 0.01055810 0.05249319
49 0.01949750 0.03290410 0.01405210 0.02258400 0.00442459 0.01485690 0.02133470 0.01706490 0.00779252 0.01472230 0.32940496 0.39586095 0.02033960 0.00766199 0.00720244 0.02501650 0.01636950 0.00287408 0.01086590 0.01517050
50 0.02267041 0.03271481 0.01608621 0.02200691 0.01192300 0.01238410 0.02406331 0.02071321 0.01464480 0.02321361 0.02913111 0.28195809 0.01261430 0.01890641 0.00764546 0.02064421 0.39794613 0.00454502 0.01006510 0.01612381
51 0.04382571 0.01905570 0.01205590 0.02289500 0.00904114 0.01447770 0.02426460 0.02588510 0.00504339 0.05108671 0.04654951 0.02851940 0.01240230 0.01924600 0.01573680 0.56051607 0.02331830 0.00334315 0.01230180 0.05043571
52 0.02523959 0.36900687 0.00770774 0.02435279 0.01175970 0.01301160 0.01668799 0.02076889 0.01803079 0.01974689 0.02330179 0.33600789 0.00669759 0.01170220 0.00837442 0.01920469 0.02578089 0.00213769 0.02099539 0.01948459
53 0.05500901 0.01995290 0.01027850 0.03756171 0.00785067 0.01327880 0.04218471 0.02894371 0.01227420 0.49466312 0.05133141 0.02768911 0.01154320 0.01867870 0.02193371 0.04939401 0.02493621 0.00469238 0.01123040 0.05657351
54 0.04498879 0.02106459 0.01154870 0.02010559 0.00718546 0.01508340 0.01932119 0.03015329 0.00656205 0.04893858 0.04042119 0.03023939 0.01489540 0.02176509 0.01540169 0.56295881 0.02369239 0.00338652 0.01204660 0.05024128
55 0.03143030 0.04388230 0.02245820 0.03615340 0.01479770 0.01532420 0.03208840 0.03157570 0.01594730 0.04330860 0.04640630 0.47886696 0.01389090 0.02540150 0.01881530 0.04585790 0.02176300 0.00816909 0.01462650 0.03923650
56 0.01931109 0.00807274 0.00742843 0.01075970 0.00992260 0.01062660 0.41635888 0.32988091 0.02343569 0.02961839 0.04224339 0.01119450 0.00565678 0.01520960 0.00577578 0.01593920 0.01109400 0.00353873 0.00983232 0.01410070
57 0.04166899 0.03063820 0.01900000 0.02467650 0.01320770 0.01789660 0.02490150 0.04164230 0.00945674 0.03390340 0.03428930 0.02225330 0.01123420 0.02474410 0.01583980 0.03757170 0.54250093 0.00513728 0.01459790 0.03483960
58 0.24143187 0.01993439 0.01000939 0.16398691 0.00649861 0.01134049 0.01341429 0.34124982 0.00702492 0.03008818 0.02978598 0.01488039 0.00774649 0.01418879 0.00638829 0.03047568 0.01704889 0.00564623 0.01230979 0.01655059
59 0.01933811 0.00761427 0.00693087 0.02297871 0.00460739 0.00912519 0.01167131 0.03358742 0.00629603 0.26258513 0.04145052 0.01240211 0.00496774 0.00964533 0.01022481 0.02024191 0.12994507 0.00279435 0.00714652 0.37644719
60 0.05312442 0.01813541 0.01005650 0.03920552 0.00819762 0.01472511 0.04281312 0.02698901 0.01237561 0.49213923 0.05126432 0.02968741 0.01189171 0.01860801 0.02051911 0.05084982 0.02219431 0.00465441 0.01336541 0.05920393
61 0.03989422 0.01850391 0.01832281 0.02974391 0.00602966 0.01057940 0.02509291 0.03315951 0.00939364 0.04525252 0.56291022 0.02549811 0.02209211 0.02410411 0.01381111 0.02836201 0.01720011 0.00446211 0.01854441 0.04704322
62 0.03144170 0.01128810 0.00926026 0.04704081 0.00498700 0.00936861 0.02037260 0.02169760 0.00537065 0.16740102 0.03510820 0.01471900 0.50387906 0.01314440 0.01531740 0.03379320 0.02087920 0.00164411 0.00637275 0.02691430
63 0.05378680 0.01735900 0.01095290 0.03543230 0.00985732 0.01433220 0.04473800 0.03004770 0.01307800 0.49405803 0.05038010 0.02793530 0.00988002 0.01936650 0.01905020 0.04815680 0.02433650 0.00414890 0.01294140 0.06016200
64 0.01487810 0.01180770 0.01416790 0.29557101 0.00681576 0.00821868 0.32734401 0.01394610 0.00555141 0.06339130 0.05207490 0.04868060 0.02988280 0.01729750 0.00528428 0.01815770 0.01701160 0.00545384 0.01572770 0.02873710
65 0.03131961 0.01085100 0.02683811 0.01551941 0.28985210 0.00855886 0.01286280 0.03257611 0.00481370 0.01295640 0.01815081 0.01929601 0.00473581 0.00867824 0.00700380 0.03431141 0.43651615 0.00346320 0.00653725 0.01515921
66 0.44004015 0.01602401 0.01576901 0.01435420 0.00511268 0.01351840 0.01421120 0.01659921 0.01104300 0.05524832 0.04238571 0.02614031 0.01011360 0.02306121 0.01684001 0.02326621 0.02236551 0.00390699 0.01404320 0.21595707
67 0.01384089 0.01014319 0.01208199 0.19914485 0.00406778 0.00834623 0.01772329 0.01551219 0.00354870 0.04412607 0.03752397 0.02195798 0.01678379 0.02610768 0.00558371 0.50197363 0.01568659 0.00307500 0.00785619 0.03491627
68 0.01756290 0.01275110 0.01255620 0.39349304 0.00731470 0.00951560 0.20031302 0.01193000 0.00499507 0.06845931 0.05490561 0.05452651 0.03092730 0.01915410 0.01045930 0.01825880 0.01596140 0.00547833 0.01392380 0.03751390
69 0.05406633 0.01893781 0.01112521 0.03988502 0.00766739 0.01293351 0.04321982 0.02808811 0.01338321 0.49495125 0.05232943 0.02700091 0.01047481 0.01729441 0.01827931 0.04905082 0.02448051 0.00493661 0.01404711 0.05784843
70 0.01587210 0.00920709 0.20787195 0.17862796 0.00499773 0.00688305 0.34477492 0.01031420 0.00451227 0.02342179 0.03490059 0.02650809 0.01148130 0.01725140 0.00517131 0.01868630 0.04132809 0.00575537 0.00975091 0.02268359
71 0.02959050 0.01950520 0.01333700 0.02932800 0.00974395 0.01137960 0.02296850 0.02938920 0.00670513 0.03281410 0.05961030 0.02751770 0.55363497 0.02128670 0.02357600 0.03374280 0.01774500 0.00406587 0.01155420 0.04250530
72 0.03328840 0.01123540 0.00843875 0.02631630 0.00631291 0.00993104 0.01946010 0.02293640 0.01006850 0.44942602 0.05159510 0.01966390 0.00687031 0.01213570 0.01022740 0.03004790 0.01931880 0.00283227 0.00597978 0.24391501
73 0.46908122 0.01819331 0.02605741 0.01359871 0.00565194 0.00815300 0.24181711 0.02239371 0.01744221 0.03243551 0.02508971 0.01853851 0.00883159 0.01262751 0.01323321 0.02479291 0.01728761 0.00294380 0.00885971 0.01297131
74 0.04230478 0.02960119 0.01826999 0.02210149 0.01132369 0.01841499 0.02510319 0.04186208 0.01303009 0.03513798 0.03252648 0.02417089 0.00917516 0.02546979 0.01512239 0.03691538 0.54549773 0.00541593 0.01526659 0.03329018
75 0.03634999 0.02281940 0.02428390 0.02973959 0.00940425 0.01640340 0.49455791 0.04012729 0.02202850 0.06311509 0.05132749 0.03227819 0.01377080 0.02293650 0.01092390 0.03374669 0.02604550 0.00714124 0.01550370 0.02749669
76 0.03991601 0.02543141 0.02329131 0.02759491 0.00955765 0.01504500 0.49087311 0.04060851 0.02312321 0.06508221 0.04894211 0.03042801 0.01542670 0.02163640 0.01196510 0.02970611 0.02677471 0.00594263 0.01628850 0.03236641
77 0.57934381 0.01951409 0.02141639 0.02156559 0.01212720 0.01569599 0.02255609 0.03126009 0.00864806 0.04876378 0.04528599 0.01891589 0.01031990 0.01912419 0.01389020 0.04128699 0.02654819 0.00424846 0.01503980 0.02444929
78 0.05234270 0.01783870 0.01063150 0.03925470 0.00803475 0.01460670 0.04298900 0.02585880 0.01255780 0.49673000 0.05430920 0.02750650 0.01228130 0.01753310 0.02143580 0.04490680 0.02503540 0.00468536 0.01308730 0.05837460
79 0.03973350 0.02074480 0.01762950 0.02932470 0.00627180 0.01103780 0.02369800 0.03162620 0.00776716 0.04397990 0.56027194 0.02120160 0.02185410 0.02448530 0.01444040 0.02923270 0.02014400 0.00529725 0.02174880 0.04951059
80 0.04811030 0.01793020 0.01248930 0.01862060 0.00764828 0.01512340 0.02061830 0.02670090 0.00594752 0.05153150 0.04078020 0.03118100 0.01335540 0.01942940 0.01500920 0.56329402 0.02107980 0.00294506 0.01064500 0.05756060
81 0.05559042 0.02186711 0.02359171 0.02893671 0.46385018 0.03655991 0.02460621 0.04138812 0.01047740 0.03270901 0.03719571 0.03854052 0.01434791 0.01862481 0.01809611 0.03585541 0.03758641 0.00619341 0.01946741 0.03451551
82 0.03865863 0.01592881 0.00891976 0.03120902 0.00496462 0.00983363 0.03072152 0.02510742 0.00885551 0.39764231 0.25023620 0.01693481 0.01360741 0.01674671 0.01346411 0.03251443 0.01746441 0.00621403 0.01022711 0.05074954
83 0.02575162 0.02008751 0.01992991 0.01502021 0.01296251 0.00699210 0.01656571 0.02067991 0.00414776 0.01939911 0.02709902 0.01245391 0.00431155 0.01126001 0.00734586 0.18919712 0.56205037 0.00334998 0.00635870 0.01503711
84 0.57919630 0.01864241 0.01991521 0.02067561 0.01030621 0.01683961 0.02176131 0.03257302 0.00859796 0.04931413 0.04469272 0.01901021 0.01062391 0.01932701 0.01501681 0.03710372 0.02912482 0.00365852 0.01700601 0.02661451
85 0.02387499 0.00419293 0.00323398 0.01340989 0.00132052 0.00199260 0.00575489 0.00887547 0.00255078 0.14515294 0.51034979 0.00738434 0.10266896 0.01605619 0.00508705 0.00738814 0.00591230 0.00136013 0.00462819 0.12880595
86 0.05235748 0.02041309 0.01184830 0.03489609 0.00908611 0.01411499 0.04143908 0.02860609 0.01244679 0.49090079 0.05225618 0.02917729 0.01045990 0.01879849 0.02181489 0.05074768 0.02593309 0.00535821 0.01266589 0.05667958
87 0.04390612 0.02454981 0.02448931 0.01726241 0.01229631 0.01504491 0.02974351 0.49709722 0.01721651 0.03787102 0.05325062 0.02860111 0.01468181 0.02301331 0.01173731 0.03290791 0.03949872 0.00747145 0.02067831 0.04868232
88 0.58991189 0.01709450 0.01980810 0.02115410 0.01157310 0.01976840 0.02098220 0.03214539 0.00870409 0.04373779 0.04379399 0.01884520 0.01064650 0.01872510 0.01473240 0.03777849 0.02591510 0.00301499 0.01561300 0.02605570
89 0.04080030 0.03234960 0.01981930 0.02324660 0.01344600 0.01884820 0.02482750 0.04229740 0.01053070 0.03530430 0.03386010 0.02116850 0.01111400 0.02523610 0.01531240 0.03903010 0.53910904 0.00529463 0.01590360 0.03250160
90 0.04236190 0.02115480 0.01933940 0.02784920 0.00576940 0.01198650 0.02442200 0.03268620 0.00967564 0.04221620 0.56028799 0.02243510 0.02044350 0.02604440 0.01390540 0.03109240 0.01845220 0.00485387 0.01891250 0.04611140
91 0.03858870 0.02414890 0.02264290 0.02792120 0.00994355 0.01655310 0.49769603 0.03761760 0.02192230 0.06166430 0.04871420 0.03210400 0.01577960 0.02255800 0.00928375 0.03066140 0.02912860 0.00637414 0.01512760 0.03157010
92 0.58505277 0.01925229 0.02113459 0.02113629 0.01124510 0.01702789 0.02060329 0.03472769 0.00903964 0.04879458 0.04588528 0.01849469 0.01157960 0.01858169 0.01387779 0.03674059 0.02527589 0.00343886 0.01453559 0.02357589
93 0.02411431 0.01743300 0.01856541 0.02250141 0.00847660 0.01373560 0.01943771 0.03101261 0.01254460 0.05619782 0.05510741 0.02390151 0.01596620 0.02513091 0.01215120 0.04657871 0.02030571 0.00464213 0.01585600 0.55634115
94 0.01992388 0.01705259 0.01196109 0.03545567 0.00824139 0.00651737 0.35747973 0.01721179 0.00544141 0.04587797 0.03342037 0.34345374 0.01270169 0.01696499 0.00500831 0.01569189 0.01853729 0.00537656 0.00724450 0.01643779
95 0.04265741 0.01715940 0.01879880 0.02783220 0.00532819 0.00956570 0.02333700 0.03136640 0.01042980 0.04268651 0.57052007 0.02275840 0.02009800 0.02427220 0.01448920 0.02836790 0.01659870 0.00475359 0.02121330 0.04776721
96 0.04088362 0.03416992 0.02049331 0.02170261 0.01116041 0.01965691 0.02837502 0.04043862 0.01068131 0.03528762 0.03358652 0.02234871 0.01044201 0.02633001 0.01553591 0.03580232 0.53756728 0.00552147 0.01651701 0.03349942
97 0.04828731 0.01916390 0.01240440 0.02193311 0.00944774 0.01451610 0.02130440 0.02801581 0.00611848 0.04849341 0.04022951 0.02927921 0.01348450 0.02101680 0.01456470 0.56468013 0.02106110 0.00354525 0.01060150 0.05185261
98 0.04412541 0.03281601 0.02289591 0.39998913 0.00976717 0.02776641 0.03327171 0.02682741 0.01186760 0.07016772 0.06852972 0.04126491 0.02070961 0.02865311 0.02516431 0.03453151 0.02966741 0.00770051 0.01719221 0.04709222
99 0.04216530 0.03313060 0.02142330 0.40605704 0.01180140 0.02630530 0.03060520 0.02660520 0.00960557 0.06917721 0.07129851 0.04280550 0.02115130 0.02945370 0.02527180 0.03579880 0.02698330 0.00793873 0.01597390 0.04644830
100 0.04053180 0.01966430 0.01791290 0.02864880 0.00658902 0.01194660 0.02424670 0.03141000 0.01007070 0.04287789 0.56532193 0.02350780 0.02055710 0.02489970 0.01370510 0.02842810 0.01878340 0.00456150 0.01921250 0.04712419
101 0.04853181 0.01736220 0.01180860 0.02074010 0.00701060 0.01510330 0.02172330 0.02512561 0.00548095 0.04936591 0.04162731 0.02997981 0.01521110 0.01904680 0.01365310 0.56742011 0.02233040 0.00428145 0.01022380 0.05397371
102 0.44337384 0.01636639 0.01555829 0.01581339 0.00435817 0.01502809 0.01310780 0.01660579 0.00897072 0.05462388 0.04595288 0.02531649 0.00897269 0.02517089 0.01677879 0.02306419 0.02050539 0.00431577 0.01574159 0.21037493
103 0.04373348 0.02534719 0.02579179 0.01966759 0.01228000 0.01504919 0.03128549 0.49829680 0.01987429 0.03377919 0.05678638 0.02663289 0.01456849 0.02067559 0.01254829 0.03185909 0.03842168 0.00651170 0.02047939 0.04641148
104 0.04005688 0.02337689 0.02209479 0.02960319 0.00748222 0.02658039 0.02510939 0.02937329 0.00971863 0.03205909 0.05910687 0.02750199 0.01457829 0.46449780 0.02457399 0.03693398 0.03006789 0.00856898 0.04245998 0.04625548
105 0.02254291 0.00969176 0.00881649 0.02157711 0.00401032 0.01053310 0.01101540 0.02249941 0.00847709 0.24382710 0.05699242 0.01525481 0.00871729 0.01727511 0.00650084 0.02954991 0.01275511 0.00255179 0.00519380 0.48221820
106 0.03328901 0.01144811 0.00708788 0.02627021 0.00509495 0.00955840 0.02027571 0.01907231 0.00896321 0.48420421 0.04228612 0.01867501 0.00580507 0.01148091 0.00920549 0.03296411 0.01765671 0.00306884 0.00518662 0.22840710
107 0.16181398 0.25330196 0.00686246 0.01436810 0.00490541 0.01281080 0.01041920 0.01650860 0.00844621 0.02353650 0.03525289 0.20819797 0.00330173 0.01057080 0.00849419 0.01571890 0.01463470 0.00268025 0.16829097 0.01988440
108 0.17413811 0.00751271 0.00773288 0.01181661 0.00250414 0.00690255 0.00671513 0.01365001 0.00435877 0.22602614 0.09020776 0.01147481 0.01458381 0.15767910 0.00660724 0.01663721 0.00880159 0.00158155 0.00430174 0.22676814
109 0.03016679 0.01785540 0.01283980 0.02658169 0.01006680 0.01132440 0.02376429 0.02852809 0.00656025 0.03247859 0.06315409 0.02590039 0.55024987 0.02074730 0.02444019 0.03493219 0.02006580 0.00305498 0.01142120 0.04586789
110 0.02682919 0.48095191 0.01079240 0.02437850 0.00751035 0.01598540 0.01318650 0.02473060 0.01273320 0.02300080 0.02475100 0.22286496 0.00625357 0.01153450 0.00645813 0.02263980 0.02560020 0.00193794 0.02041680 0.01744430
111 0.04135850 0.02599380 0.02529840 0.02619080 0.00874365 0.01558820 0.49145994 0.03764140 0.02100430 0.06938219 0.04854639 0.03047070 0.01435010 0.02258660 0.01184610 0.03329390 0.02866290 0.00658117 0.01297270 0.02802830
112 0.03618217 0.01139089 0.01141579 0.01058309 0.00472877 0.00629490 0.01837608 0.48432155 0.01383159 0.02753267 0.04362296 0.02149058 0.01178019 0.01340999 0.00617798 0.21726580 0.01598159 0.00312185 0.01059859 0.03189297
113 0.04148112 0.02240111 0.02131631 0.02747682 0.00846957 0.02688552 0.02428351 0.03136702 0.01075511 0.03097572 0.05454023 0.02791382 0.01445571 0.46435228 0.02469251 0.03385002 0.03318682 0.00759624 0.04377833 0.05022223
114 0.24823289 0.01956019 0.01221899 0.01315189 0.00526831 0.00727791 0.01681359 0.47457278 0.00959734 0.02644209 0.02892869 0.01662989 0.00942182 0.01239379 0.00654129 0.03032259 0.02418489 0.00594999 0.01396989 0.01852119
115 0.04564088 0.02076599 0.01214229 0.02150159 0.00752482 0.01580129 0.02190869 0.02722889 0.00524413 0.05099077 0.04323698 0.03086968 0.01523849 0.01976779 0.01549439 0.55610471 0.02250139 0.00373877 0.01041509 0.05388337
116 0.04056358 0.02601129 0.02033149 0.01756839 0.00867495 0.02358219 0.02442729 0.03346718 0.01819629 0.02999718 0.06036907 0.02164149 0.01237779 0.05119597 0.01812019 0.02562359 0.02484139 0.00385498 0.50297373 0.03618198
117 0.03575581 0.54606520 0.02458171 0.02820861 0.00598251 0.02089831 0.02402721 0.02767911 0.00891820 0.03135881 0.03932161 0.04430292 0.01091480 0.01926071 0.01202010 0.03265821 0.03471201 0.00468913 0.01949351 0.02915151
118 0.01405410 0.01610930 0.01966440 0.01327870 0.00648686 0.01295420 0.00951005 0.02140830 0.01398490 0.02310761 0.03255511 0.00959601 0.00330592 0.24553206 0.01535120 0.01097080 0.01214540 0.00175703 0.50584112 0.01238690
119 0.04117800 0.02039190 0.01981030 0.02903410 0.00613904 0.01233020 0.02368060 0.03130510 0.00988164 0.04214620 0.55904099 0.02223490 0.02105770 0.02390730 0.01554710 0.03118050 0.01713800 0.00473513 0.02015330 0.04910800
120 0.04841757 0.01507199 0.01353549 0.01710219 0.01244939 0.01254759 0.01916939 0.24401187 0.00917161 0.28728584 0.02548609 0.01778359 0.01231949 0.16499191 0.00825626 0.02690119 0.01384039 0.00388107 0.01346799 0.03430908
121 0.01432180 0.00789380 0.00869608 0.01689710 0.00224787 0.00378850 0.00866146 0.01810420 0.00409413 0.07203260 0.46112401 0.01047490 0.03875470 0.02082980 0.00953141 0.01367850 0.00991695 0.00257072 0.00982046 0.26656101
122 0.04125040 0.02275960 0.01807930 0.02205040 0.00935853 0.01824800 0.05541620 0.05974120 0.42826202 0.05270730 0.04744170 0.04008070 0.01173040 0.02419180 0.01603340 0.01983000 0.02869670 0.00781053 0.02386610 0.05244570
123 0.03024509 0.01797659 0.01341370 0.03081989 0.00932793 0.01093510 0.02432959 0.02543559 0.00841411 0.03099459 0.05997288 0.02615919 0.55377582 0.02016309 0.02506789 0.03515039 0.01879759 0.00332778 0.01086200 0.04483119
124 0.04275644 0.03521923 0.02081682 0.01726611 0.00576441 0.00934929 0.18382416 0.01489001 0.00543800 0.02237392 0.02148632 0.01754412 0.00611092 0.01269281 0.01027911 0.16476514 0.38625533 0.00298775 0.00888600 0.01129411
125 0.05066318 0.03043879 0.51680776 0.02247509 0.01030780 0.01976379 0.02856579 0.03774068 0.01062310 0.02168279 0.05043168 0.02866769 0.01268779 0.02396879 0.01609009 0.02481979 0.02379309 0.00886856 0.01928979 0.04231398
126 0.02948191 0.02064561 0.02112691 0.01660531 0.01144570 0.00838815 0.01940421 0.02329421 0.00506075 0.02144151 0.03138051 0.01268290 0.00546050 0.01433841 0.00929780 0.19712907 0.52527719 0.00317624 0.00731349 0.01704961
127 0.05536398 0.01839549 0.01026280 0.03683378 0.00776882 0.01444299 0.04322598 0.02689839 0.01297489 0.49455478 0.05182738 0.02856129 0.01170559 0.01876769 0.02128149 0.04567888 0.02560739 0.00477502 0.01265349 0.05841987
128 0.02487720 0.01803910 0.02121490 0.02332990 0.00648035 0.01529540 0.01634620 0.03552880 0.01317950 0.05390790 0.05540790 0.02401800 0.01507000 0.02661370 0.01226180 0.04817550 0.01946450 0.00598628 0.01553410 0.54926898
129 0.04388350 0.03343990 0.02214730 0.03702250 0.02200280 0.49905201 0.02170740 0.02696030 0.00988926 0.03522800 0.03842790 0.02607130 0.01116630 0.03464890 0.01277950 0.03676950 0.02335550 0.00428121 0.02342860 0.03773830
130 0.04152342 0.03400661 0.02060971 0.03912242 0.02338591 0.50140822 0.02051091 0.02793821 0.01111590 0.03370591 0.03752782 0.02462971 0.01009580 0.03254311 0.01366051 0.04076522 0.02346551 0.00508916 0.02355241 0.03534352
131 0.04424452 0.02895181 0.02028401 0.40510019 0.01060781 0.02692651 0.03077431 0.02608081 0.01086011 0.06804343 0.06772473 0.04324682 0.01937661 0.03170922 0.02467801 0.03435972 0.03010351 0.00871482 0.01611501 0.05209803
132 0.02641640 0.01597540 0.01756450 0.02157460 0.00733320 0.01415390 0.01773660 0.03363840 0.01107470 0.05708380 0.05559570 0.02342850 0.01364950 0.02862470 0.01242680 0.04903210 0.02087970 0.00522191 0.01205160 0.55653799
133 0.03431550 0.54590995 0.02571380 0.02715820 0.00672333 0.02130960 0.02405720 0.03008630 0.00843578 0.03259690 0.03830500 0.04309390 0.01271720 0.02022360 0.01408120 0.03048470 0.03152700 0.00443068 0.01852110 0.03030910
134 0.04338350 0.01835930 0.01789410 0.02775010 0.00615540 0.01340500 0.02270040 0.03255400 0.01121900 0.04417000 0.56420594 0.02289110 0.01949430 0.02382390 0.01304900 0.02929240 0.01767340 0.00568260 0.01913320 0.04716340
135 0.04305951 0.02518840 0.02179960 0.01874490 0.01265350 0.01537850 0.03043950 0.49226806 0.02134090 0.03886060 0.05562681 0.02794670 0.01466580 0.02251320 0.01160690 0.03433320 0.03492160 0.00645918 0.02326590 0.04892721
136 0.04078310 0.03103210 0.01845900 0.02401500 0.01260300 0.01733750 0.02781520 0.04419320 0.00998033 0.03390460 0.03393710 0.02150100 0.00956841 0.02619110 0.01583540 0.03921400 0.54054898 0.00502539 0.01496710 0.03308850
137 0.04486019 0.03308469 0.02068190 0.39541591 0.01237520 0.02666879 0.03243529 0.02693819 0.01104490 0.07251518 0.07275058 0.04053569 0.02028350 0.02991839 0.02241449 0.03470389 0.03010189 0.00980843 0.01674800 0.04671489
138 0.03826799 0.02566110 0.01779140 0.01946700 0.00971776 0.01788950 0.02347730 0.03708069 0.01926720 0.03023509 0.05812449 0.02279470 0.01014440 0.05585869 0.01810150 0.02273790 0.02430200 0.00281103 0.51005590 0.03621439
139 0.04378230 0.02019870 0.01181750 0.01994240 0.00828562 0.01763900 0.01913690 0.02798210 0.00504161 0.04931450 0.04163010 0.03000160 0.01226620 0.02143910 0.01297320 0.56717702 0.02281500 0.00330894 0.01136960 0.05387860
140 0.03205418 0.32136382 0.00673964 0.02543039 0.00578091 0.01387189 0.01402809 0.01706549 0.00890541 0.02375969 0.23222687 0.18290490 0.00771820 0.01407489 0.00703082 0.01675029 0.01604389 0.00225788 0.03321648 0.01877629
141 0.01537081 0.00815816 0.00698779 0.01322561 0.00303331 0.01301091 0.26367613 0.01196541 0.00736322 0.42464521 0.01408621 0.01770561 0.00533935 0.00623311 0.00501115 0.01323581 0.14181007 0.00216934 0.00654497 0.02042781
142 0.01752788 0.01268408 0.00810784 0.02194117 0.00657528 0.35028356 0.03176066 0.01672498 0.01843098 0.17481278 0.02234527 0.01431428 0.01132949 0.01673448 0.00567988 0.01295038 0.21463173 0.00365674 0.01250378 0.02700477
143 0.02277259 0.01761310 0.01240960 0.01659680 0.00819211 0.00522944 0.01397280 0.27713693 0.01236430 0.03138999 0.03234519 0.42428489 0.00846241 0.01684890 0.00944276 0.03045349 0.01101010 0.00682764 0.01034530 0.03230169
144 0.04567558 0.01966689 0.01217670 0.02330119 0.00837714 0.01392429 0.02099929 0.02885429 0.00384497 0.04942128 0.03988769 0.02866749 0.01481289 0.01856849 0.01528309 0.56558779 0.02249859 0.00352506 0.01188400 0.05304328
145 0.03546390 0.02487370 0.02299830 0.02762610 0.00990784 0.01608250 0.50274197 0.03810260 0.02067620 0.06627580 0.04958330 0.03168610 0.01493870 0.02326430 0.01010730 0.02966210 0.02602620 0.00619081 0.01549220 0.02830010
146 0.02911218 0.01089119 0.00727663 0.21442082 0.01248499 0.51440057 0.01116229 0.01874468 0.00928254 0.02009788 0.03064597 0.01645679 0.00340283 0.02247138 0.00845429 0.01434089 0.02121828 0.00533801 0.01064179 0.01915598
147 0.04306272 0.03130932 0.02107661 0.03504412 0.02230031 0.49911728 0.02158751 0.02843812 0.01144121 0.03301462 0.04013132 0.02469991 0.01146031 0.03332782 0.01128691 0.03725352 0.02784312 0.00457184 0.02391971 0.03911372
148 0.01858151 0.00846428 0.00743159 0.01285100 0.00351621 0.00705377 0.01009620 0.01062460 0.00534789 0.01067940 0.02680511 0.01021320 0.42313113 0.01082580 0.37877111 0.02146621 0.01105530 0.00168801 0.00668325 0.01471440
149 0.04182952 0.02909732 0.01847031 0.03436102 0.02210461 0.50831029 0.01970311 0.03003342 0.01126881 0.03382232 0.03947652 0.02465991 0.00953539 0.03026292 0.01387051 0.03637652 0.02834232 0.00409135 0.02469121 0.03969262
150 0.04102359 0.02101760 0.01995350 0.03192139 0.00830447 0.02704679 0.02782339 0.03027429 0.01014260 0.03173849 0.05643989 0.02795259 0.01586260 0.45703291 0.02521430 0.03570539 0.03078229 0.00777832 0.04087639 0.05310919
151 0.58974718 0.01870091 0.02204641 0.02087111 0.01359070 0.01644640 0.02067221 0.02992391 0.00888836 0.04823631 0.04197591 0.01834421 0.00998430 0.01804461 0.01469060 0.03678931 0.02584681 0.00298184 0.01675911 0.02545981
152 0.04244330 0.01851440 0.01791970 0.02740410 0.00705489 0.01133070 0.02308710 0.03200590 0.00982285 0.04454290 0.55893603 0.02386240 0.02008960 0.02403860 0.01453060 0.02979870 0.02045610 0.00416520 0.01996700 0.05002990
153 0.03870851 0.02289431 0.02423901 0.02747511 0.01040040 0.01730701 0.49489518 0.04015951 0.02283821 0.06322432 0.05035492 0.03042741 0.01473391 0.02340351 0.01151070 0.03139871 0.02616251 0.00667423 0.01526761 0.02792491
154 0.04416710 0.03351150 0.02210910 0.39977300 0.01104750 0.02776930 0.02928680 0.02682790 0.01165450 0.06720300 0.07128090 0.04244380 0.02143540 0.03049460 0.02414770 0.03364170 0.03029040 0.00932919 0.01523050 0.04835610
155 0.04149722 0.02606111 0.02364921 0.01655831 0.01240691 0.01445831 0.03163552 0.49911724 0.01983021 0.03843482 0.05469073 0.02697161 0.01688741 0.02067751 0.01083601 0.03414712 0.03918282 0.00631221 0.02114721 0.04549852
156 0.01674710 0.01496740 0.01904340 0.01388060 0.00640690 0.01358210 0.00968165 0.02414410 0.01421350 0.02466450 0.03410871 0.01027300 0.00376959 0.24123605 0.01501420 0.01018830 0.01141330 0.00181536 0.50220510 0.01264510
157 0.02546101 0.34771219 0.00732311 0.02261831 0.01288021 0.01291101 0.01488041 0.02276751 0.01921021 0.01923821 0.02142261 0.36336920 0.00596958 0.01308411 0.00673831 0.01895801 0.02325931 0.00243245 0.02062061 0.01914361
158 0.03970742 0.01814851 0.01767561 0.02785592 0.00570399 0.01138241 0.02367821 0.02985882 0.00882255 0.04193662 0.57052833 0.02475601 0.01967051 0.02609532 0.01378911 0.03008342 0.01843081 0.00555879 0.01790391 0.04841373
159 0.03839869 0.02328209 0.02243639 0.03404179 0.00690640 0.02721499 0.02642129 0.02939409 0.00907581 0.03510209 0.05689328 0.02876959 0.01644670 0.45519588 0.02456469 0.03591059 0.03247379 0.00863786 0.04151189 0.04732209
160 0.04017849 0.01905850 0.02073509 0.02774859 0.00620271 0.01040080 0.02324889 0.03484969 0.00901573 0.04336139 0.56336686 0.02308249 0.02009539 0.02459819 0.01290800 0.02915499 0.01831760 0.00488271 0.01984110 0.04895279
161 0.03252590 0.54671303 0.02730610 0.02760040 0.00499195 0.01987220 0.02284390 0.02983390 0.00767922 0.02990730 0.04231480 0.04399270 0.01281580 0.01941210 0.01380390 0.03185700 0.03313400 0.00545438 0.01937970 0.02856170
162 0.03926358 0.01884759 0.02007049 0.02844509 0.00752321 0.01098900 0.02148219 0.03081249 0.00931764 0.04288608 0.56679977 0.02276139 0.01895389 0.02365889 0.01453429 0.03003279 0.01929309 0.00452656 0.02222739 0.04757458
163 0.04015230 0.01795810 0.01738380 0.02466390 0.00633321 0.01156120 0.02463610 0.03290990 0.01047800 0.04312020 0.57640804 0.02224230 0.02017160 0.02332580 0.01436990 0.02510400 0.01913800 0.00422932 0.02142580 0.04438850
164 0.01336980 0.00884960 0.00894152 0.02125151 0.00505031 0.00490806 0.01191670 0.02573021 0.00481684 0.03489541 0.42369911 0.01046720 0.03167121 0.02265971 0.01152370 0.01125810 0.00904799 0.00402391 0.15102804 0.18489105
165 0.01317539 0.00956516 0.01169769 0.01809079 0.00364284 0.00617643 0.00998963 0.02753439 0.00603529 0.05285337 0.27158687 0.01373039 0.02344019 0.02270399 0.01311249 0.02068709 0.01545509 0.00492974 0.01108339 0.44450978
166 0.01198620 0.01660819 0.01253320 0.01209610 0.00698026 0.01071700 0.00999332 0.01987349 0.01017120 0.11792196 0.01948189 0.01257130 0.00307615 0.27052491 0.01411270 0.01118930 0.00973408 0.00158304 0.41763685 0.01120890
167 0.04937900 0.01873410 0.01125500 0.03682740 0.00783605 0.01467420 0.04353580 0.02863650 0.01131370 0.49389200 0.05330900 0.02773120 0.01145390 0.01829550 0.02095640 0.05003370 0.02670060 0.00456426 0.01314470 0.05772700
168 0.03490622 0.54388424 0.02576661 0.02821861 0.00510845 0.02227151 0.02095281 0.03083951 0.00865984 0.03193001 0.03816872 0.04149052 0.01153821 0.02135531 0.01237051 0.03289061 0.03476382 0.00518486 0.01884811 0.03085151
169 0.02515980 0.01321810 0.01836910 0.01970510 0.00407093 0.01314530 0.02059570 0.01793170 0.00473249 0.03023310 0.04030061 0.01890950 0.00808672 0.38161105 0.01271470 0.03278260 0.01439070 0.00326884 0.00895088 0.31182304
170 0.04329191 0.02151590 0.02124370 0.03094490 0.01174960 0.01474490 0.01977030 0.02414200 0.01179010 0.05531931 0.04882461 0.02986430 0.02793810 0.03408360 0.47883306 0.03639330 0.02679100 0.00650597 0.02386080 0.03239260
171 0.04192889 0.02225239 0.02262159 0.02754229 0.00888464 0.02426569 0.02593259 0.02722929 0.01092170 0.03685989 0.05234819 0.03093139 0.01573050 0.46244688 0.02549119 0.03378159 0.03094519 0.00728842 0.04063229 0.05196539
172 0.03685940 0.53698907 0.02762050 0.03252920 0.00540510 0.02064200 0.02576190 0.03061670 0.00832115 0.02887310 0.03765590 0.04315311 0.01321750 0.01992600 0.01423680 0.03067300 0.03400470 0.00454202 0.02051830 0.02845450
173 0.02244039 0.01205730 0.00724551 0.00955042 0.00591905 0.01053520 0.00908933 0.01146510 0.00518506 0.04350209 0.02025099 0.01291090 0.01324250 0.02558579 0.51108987 0.22237494 0.01139490 0.00285869 0.02263149 0.02067049
174 0.04211920 0.03103760 0.01743220 0.02260300 0.01491390 0.01862090 0.02675140 0.04159360 0.01078040 0.03466940 0.03410000 0.02320440 0.01118120 0.02830150 0.01541020 0.03627420 0.53728401 0.00521659 0.01568420 0.03282210
175 0.02463982 0.00927331 0.00751570 0.02059832 0.00499290 0.01017101 0.01193541 0.02207652 0.00809559 0.34659126 0.04049663 0.01595711 0.00563130 0.01227831 0.00665003 0.02988162 0.01401541 0.00238097 0.00524148 0.40157730
176 0.04446811 0.03077381 0.02065860 0.03760851 0.02145470 0.50045410 0.02008670 0.02976901 0.01100990 0.03236511 0.03808091 0.02564651 0.01105230 0.03128531 0.01496960 0.03898361 0.02646991 0.00431660 0.02265270 0.03789401
177 0.04471418 0.02080569 0.01843569 0.03462038 0.01084780 0.01393029 0.01855509 0.02594409 0.01354079 0.05427988 0.04912798 0.02992229 0.02548109 0.03417788 0.47893078 0.03905938 0.02626709 0.00411365 0.02324589 0.03400008
178 0.02981239 0.01557409 0.01136660 0.02924719 0.00497716 0.00750170 0.03056639 0.02039649 0.00768971 0.39191884 0.01895789 0.16054994 0.01190000 0.00887376 0.01160250 0.02106419 0.17707593 0.00311517 0.01055840 0.02725169
179 0.43906201 0.01813010 0.01420930 0.01751240 0.00501487 0.01364000 0.01457900 0.01816870 0.00815908 0.05943490 0.04475810 0.02711020 0.00830864 0.02318420 0.01668620 0.02219060 0.02010300 0.00440488 0.01577380 0.20957001
