1 0.03922779 0.01712290 0.02804020 0.02382430 0.00871250 0.01451610 0.03570869 0.05239719 0.01070790 0.06435849 0.32445995 0.02369340 0.01939800 0.02977950 0.01628680 0.06142099 0.02691220 0.00797785 0.02077830 0.17467697
2 0.04891992 0.06631963 0.02934301 0.03147192 0.03592842 0.02450641 0.03316762 0.03068312 0.01558151 0.06567703 0.07096594 0.03386262 0.02485741 0.02935121 0.26206913 0.05519533 0.04387262 0.01228301 0.02437871 0.06156543
3 0.02213991 0.02735121 0.05319933 0.16358909 0.00618076 0.02883942 0.04107982 0.24916013 0.01030371 0.05354753 0.08594655 0.05213473 0.01248241 0.03341302 0.01177711 0.02366971 0.02388881 0.00477911 0.01607321 0.08044444
4 0.03830458 0.02504599 0.03842988 0.04823597 0.00809618 0.01909109 0.03668528 0.05142337 0.01793589 0.05333027 0.07763456 0.03968438 0.02075559 0.02705709 0.02121639 0.08792515 0.02847858 0.00774916 0.02064979 0.33227082
5 0.06218491 0.03770011 0.02768121 0.04581071 0.01496160 0.02772941 0.03991751 0.05089511 0.02048430 0.06131471 0.08526612 0.23812405 0.02242950 0.05009111 0.02087480 0.04202951 0.03651861 0.01140000 0.02742221 0.07716452
6 0.12251100 0.01974180 0.02455140 0.02103150 0.00910548 0.00662848 0.04142940 0.03150310 0.13202800 0.21139300 0.04279030 0.02739200 0.01353120 0.02801970 0.02497340 0.12651100 0.04922050 0.00626236 0.01234780 0.04902860
7 0.06094571 0.02098710 0.01455720 0.01706020 0.01231980 0.01949660 0.02739630 0.04331061 0.01014910 0.06188831 0.07765061 0.02145110 0.02269510 0.02490610 0.01956520 0.38651207 0.02881850 0.00578883 0.02260250 0.10189902
8 0.08259958 0.03763949 0.03332509 0.03650729 0.01550000 0.02226569 0.04565289 0.06039158 0.02473839 0.26422992 0.06179368 0.03599029 0.02092039 0.02753689 0.02885579 0.06432168 0.03319819 0.00714270 0.03231859 0.06507188
9 0.06371887 0.03796958 0.02731319 0.04679348 0.01538719 0.02804049 0.03927138 0.04853968 0.02006809 0.06309567 0.08357766 0.24259088 0.02225309 0.04752278 0.02116369 0.04191648 0.03774658 0.01170869 0.02668759 0.07463496
10 0.06775827 0.03010089 0.01913279 0.01746109 0.00958232 0.01339159 0.04611778 0.03369779 0.01265909 0.06568307 0.08196507 0.02877019 0.01909649 0.03989038 0.01905299 0.05192028 0.03880348 0.00642590 0.34860585 0.04988468
11 0.04126393 0.02141882 0.02794252 0.01613461 0.00624175 0.01175201 0.01713861 0.06136225 0.03096242 0.03519013 0.06613215 0.17257213 0.01412641 0.16156912 0.01174011 0.02618672 0.04551623 0.01348801 0.18586514 0.03339693
12 0.06666703 0.04891302 0.04054802 0.03440231 0.00770974 0.03673542 0.06463463 0.05023382 0.01761751 0.03858182 0.05450802 0.04510132 0.01643391 0.27509812 0.01613061 0.04057122 0.05790832 0.00777894 0.03371011 0.04671612
13 0.04333539 0.02566240 0.09799039 0.19872297 0.01852000 0.03174160 0.12476798 0.06664159 0.02242110 0.05425309 0.08292379 0.06295199 0.00862864 0.02310830 0.01167820 0.02874060 0.02198540 0.00927471 0.00737160 0.05928029
14 0.06540077 0.02221619 0.02984939 0.18648291 0.01646389 0.02118239 0.20286490 0.02974129 0.03206848 0.04394558 0.09458605 0.04366898 0.01301789 0.02658229 0.01350909 0.04014538 0.03043088 0.01067309 0.01293679 0.06423377
15 0.07626148 0.26487795 0.03328099 0.03106919 0.01912290 0.02395110 0.04206889 0.03277889 0.01617700 0.05844359 0.05966429 0.03834129 0.03249889 0.05123119 0.04633139 0.04047529 0.04166639 0.01165910 0.02795829 0.05214189
16 0.06669661 0.02295490 0.02363990 0.03073960 0.00740563 0.02412580 0.02880890 0.32430304 0.01471540 0.06821471 0.10133801 0.03250930 0.01572010 0.03949280 0.01395540 0.05206241 0.03948520 0.00512966 0.02160850 0.06709411
17 0.03309261 0.01890530 0.03248431 0.02976181 0.00882988 0.01557050 0.03091221 0.04951931 0.01386050 0.05767191 0.22159705 0.02692891 0.02092710 0.02958591 0.01803660 0.07173062 0.02229610 0.01054090 0.02144640 0.26630206
18 0.06129798 0.28330289 0.04673938 0.02433659 0.01153940 0.11452695 0.04777388 0.02545959 0.03215449 0.04908198 0.03895348 0.04036688 0.01296629 0.04006328 0.03477939 0.02067979 0.02572809 0.01801949 0.03738219 0.03484799
19 0.04535650 0.03683730 0.04287460 0.03525580 0.01008620 0.02282180 0.27994397 0.03074700 0.02311970 0.05867869 0.10121699 0.02927900 0.02413050 0.06109489 0.01774200 0.04306230 0.03719140 0.00990521 0.03833320 0.05232299
20 0.05394956 0.01715759 0.01884609 0.02361338 0.00524107 0.00789355 0.04056167 0.02604848 0.00729401 0.02726588 0.28391179 0.02210388 0.11490391 0.01710039 0.13880190 0.06917405 0.04629907 0.00512140 0.01584539 0.05886696
21 0.06284212 0.02205701 0.01465321 0.01754771 0.01243400 0.01927671 0.02972191 0.04255332 0.00975013 0.05890482 0.08047313 0.02236661 0.02274761 0.02499831 0.01979631 0.37985114 0.02936411 0.00603449 0.02507671 0.09955064
22 0.05442370 0.02298720 0.03165740 0.03632280 0.00972354 0.01925120 0.05941050 0.06842490 0.01012450 0.04427360 0.34052698 0.03724520 0.02280320 0.02690250 0.01879250 0.05555220 0.04325710 0.00691251 0.02671860 0.06468990
23 0.04308067 0.02411299 0.01751479 0.03937868 0.00995780 0.01987859 0.03139628 0.04009438 0.01131799 0.04695557 0.26481084 0.22545086 0.01988319 0.03471798 0.01487259 0.03271598 0.03329868 0.00952629 0.02693828 0.05409757
24 0.06976425 0.02249988 0.02281868 0.02986928 0.00760673 0.02242598 0.02854968 0.32877475 0.01444379 0.06669325 0.10301292 0.03249298 0.01667099 0.03801947 0.01378949 0.04878976 0.04167187 0.00519281 0.02124958 0.06566385
25 0.07967041 0.03765130 0.03295910 0.03549250 0.01389640 0.02142100 0.04574811 0.06078441 0.02519760 0.26301403 0.06384041 0.03616660 0.02218260 0.02660580 0.02774310 0.06662031 0.03383150 0.00698357 0.03304500 0.06714621
26 0.34908706 0.04086901 0.02631430 0.03236491 0.01399620 0.02633820 0.03055961 0.05502161 0.03200261 0.06392981 0.06276951 0.03350961 0.01769640 0.03493641 0.01713660 0.05446481 0.03175621 0.00970252 0.02783221 0.03971241
27 0.04242140 0.05218180 0.02715990 0.02431480 0.00847002 0.00916914 0.03662240 0.03921070 0.01209770 0.17480001 0.06077670 0.03263630 0.27725601 0.02435610 0.01740660 0.04609010 0.02235420 0.00400620 0.02611790 0.06255200
28 0.04394211 0.03719661 0.04258281 0.03521751 0.00978501 0.02086991 0.28139109 0.03350921 0.02234541 0.05782432 0.10283303 0.03070201 0.02314841 0.06056332 0.01851081 0.04152611 0.03689361 0.00991518 0.03936121 0.05188232
29 0.03093697 0.02524878 0.03295497 0.03362157 0.00959186 0.01750369 0.02439458 0.04048907 0.01919148 0.19212184 0.08084933 0.04511496 0.01775039 0.01999728 0.01747519 0.05185116 0.02314098 0.00483207 0.01703909 0.29589475
30 0.03068638 0.03848937 0.03494008 0.01453989 0.00726008 0.12026492 0.29186781 0.01684399 0.00835034 0.19721887 0.04928087 0.01773059 0.01353449 0.04075147 0.00855179 0.01575289 0.01944009 0.00943231 0.01881279 0.04625097
31 0.06628867 0.02361079 0.02219759 0.03070068 0.00718281 0.02448239 0.02778029 0.32822884 0.01438079 0.06773737 0.09857005 0.03394548 0.01652619 0.04032338 0.01386089 0.05116357 0.04016288 0.00514999 0.02174359 0.06596377
32 0.03921951 0.02682551 0.03682821 0.04770621 0.00856508 0.01925921 0.03627091 0.04939181 0.01802781 0.05487842 0.07818562 0.03997971 0.02060181 0.02719711 0.02057671 0.08637483 0.02962231 0.00791912 0.01988501 0.33268510
33 0.05163431 0.02512341 0.02237610 0.02514351 0.00752404 0.01881460 0.03321231 0.04595921 0.01482070 0.22501805 0.23739505 0.02767201 0.02272240 0.02397991 0.01660910 0.05975961 0.02892251 0.00419084 0.02400251 0.08511982
34 0.04299079 0.29029194 0.01318690 0.01557430 0.03408129 0.01821630 0.01487910 0.01806870 0.01170090 0.03130779 0.02103370 0.01950230 0.01037030 0.02020420 0.34863693 0.02330320 0.01455000 0.01061480 0.01870840 0.02277820
35 0.04096541 0.04620611 0.04018251 0.01898000 0.00511164 0.01658440 0.07819722 0.05651331 0.01536330 0.03082991 0.04429871 0.04072141 0.01167290 0.26809607 0.01628060 0.03379141 0.06512252 0.00571671 0.13205603 0.03330981
36 0.13297503 0.03005121 0.02359881 0.03340761 0.00941018 0.01304420 0.06062611 0.04859241 0.18896104 0.08666202 0.05951251 0.03894481 0.01906480 0.03993411 0.02140210 0.04573581 0.03612231 0.01287590 0.02158510 0.07749392
37 0.06276346 0.02094859 0.01529699 0.01833919 0.01189539 0.01968689 0.02958458 0.04245008 0.01005039 0.05751927 0.07788976 0.02191909 0.02297149 0.02657919 0.01936649 0.38426478 0.02809958 0.00652166 0.02344019 0.10041294
38 0.06908819 0.03102460 0.01893190 0.01629370 0.01000850 0.01386120 0.04901169 0.03375529 0.01257060 0.06770729 0.08276449 0.02775800 0.01907190 0.04017029 0.01853910 0.05287849 0.03824629 0.00632545 0.34151195 0.05048109
39 0.08209062 0.30845909 0.03364201 0.01060190 0.00565043 0.11705003 0.02216951 0.01757541 0.10127903 0.03589251 0.02796401 0.03353771 0.00542158 0.02450481 0.03109041 0.01176160 0.01581260 0.01297480 0.07168712 0.03083481
40 0.04106647 0.04477217 0.03884347 0.01992149 0.00435359 0.01587269 0.08061144 0.05645546 0.01605339 0.03051608 0.04377407 0.04203127 0.01172849 0.26927881 0.01531189 0.03365638 0.06436865 0.00577852 0.13187691 0.03372878
41 0.07193922 0.02899541 0.04803051 0.05122882 0.05703152 0.30774609 0.03490611 0.04466461 0.00785602 0.04527831 0.06028372 0.03793321 0.01081080 0.04634801 0.02036821 0.03950401 0.02130791 0.00737188 0.01429880 0.04409681
42 0.20175103 0.01383080 0.01756470 0.01649360 0.01431890 0.01625120 0.02335310 0.05046591 0.01424020 0.04206411 0.06479231 0.01548290 0.01959690 0.01838010 0.01494470 0.34519705 0.02786030 0.00432685 0.02290360 0.05618171
43 0.06761907 0.03133779 0.02022519 0.01580029 0.01019140 0.01257250 0.04874298 0.03267279 0.01294650 0.06593168 0.08487757 0.02809599 0.01839689 0.03952079 0.01883939 0.05140788 0.03799689 0.00696677 0.34514887 0.05070878
44 0.05619359 0.02338080 0.03181349 0.03598409 0.00908094 0.01925970 0.05741699 0.06840259 0.01040720 0.04433229 0.33789494 0.03635069 0.02332770 0.02695969 0.01986060 0.05472369 0.04670309 0.00698075 0.02718369 0.06374349
45 0.06809788 0.05211279 0.04011299 0.03368389 0.00734830 0.03695339 0.06634828 0.05103249 0.01792409 0.03981209 0.05522498 0.04377759 0.01735830 0.27384492 0.01625450 0.03931269 0.05426538 0.00835158 0.03182649 0.04635739
46 0.05407642 0.02447721 0.03234981 0.03653981 0.00901897 0.01845281 0.05719472 0.06694212 0.01030030 0.04477051 0.33860910 0.03751131 0.02341841 0.02692351 0.01940441 0.05614292 0.04569501 0.00708824 0.02578311 0.06530132
47 0.07348930 0.02882100 0.04906800 0.05253210 0.05676730 0.30953202 0.03359900 0.04566310 0.00781161 0.04517830 0.05997600 0.03654970 0.01056260 0.04471620 0.01919820 0.03805240 0.02223380 0.00750853 0.01380290 0.04493790
48 0.02990159 0.03315589 0.03627799 0.03298279 0.00598947 0.01939760 0.04226269 0.05101409 0.01446180 0.03386729 0.08308859 0.03514069 0.01565070 0.15302397 0.02037260 0.05960699 0.02890370 0.00906570 0.02716490 0.26867095
49 0.03737347 0.02797808 0.01275539 0.01724459 0.00651438 0.00811597 0.01797409 0.03079278 0.01061879 0.25034281 0.06726595 0.01730229 0.01731949 0.01741929 0.03021928 0.21614184 0.12968490 0.00541100 0.01623539 0.06329025
50 0.07897963 0.02177671 0.03190901 0.26856809 0.01835301 0.02817781 0.12600804 0.03237331 0.02467801 0.04142461 0.08035103 0.05059612 0.01267580 0.02328791 0.01319520 0.03566291 0.02781161 0.01040830 0.00890868 0.06485422
51 0.03217250 0.01828440 0.03398240 0.02876950 0.00817075 0.01622400 0.02966180 0.04869060 0.01315450 0.05880560 0.22237199 0.02607790 0.02026370 0.02992280 0.01779710 0.07492170 0.02264180 0.01147550 0.02128050 0.26533099
52 0.13084393 0.03189808 0.02401869 0.03312548 0.00953092 0.01312359 0.06105517 0.04606118 0.18800190 0.08645535 0.06128487 0.04079138 0.02037979 0.04160768 0.02043429 0.04601698 0.03620778 0.01422949 0.02131479 0.07361866
53 0.08128222 0.03568801 0.03388591 0.03613081 0.01471840 0.02149590 0.04607471 0.06075811 0.02505160 0.26252305 0.06198121 0.03641381 0.02169160 0.02822871 0.02723011 0.06464001 0.03305701 0.00753661 0.03391641 0.06769581
54 0.22354410 0.02915671 0.21851610 0.01801041 0.01246921 0.03414022 0.03307331 0.02478401 0.01762711 0.05473992 0.06702163 0.02222851 0.02837621 0.04513992 0.01508451 0.04744102 0.02465421 0.00969556 0.01630071 0.05799663
55 0.35843714 0.04120212 0.02575761 0.02964401 0.01377301 0.02704561 0.02889391 0.05284172 0.03163291 0.06246552 0.06268153 0.03385621 0.01741351 0.03462001 0.01687201 0.05649432 0.03109411 0.01021030 0.02783761 0.03722681
56 0.06700362 0.03097871 0.02274621 0.02929441 0.01037080 0.01321740 0.03958141 0.05845572 0.02340981 0.26609308 0.04713651 0.03200781 0.01614020 0.02355401 0.02740171 0.06846742 0.13527104 0.00701861 0.02601281 0.05583872
57 0.06181673 0.02113971 0.01507781 0.01822901 0.01265191 0.01903761 0.02879751 0.04370212 0.01054480 0.06020663 0.07925333 0.02132391 0.02274511 0.02422321 0.01962381 0.38138516 0.02847141 0.00672098 0.02407121 0.10097804
58 0.04163130 0.03647460 0.01886470 0.02879400 0.00687866 0.01118010 0.03208470 0.04074890 0.01600000 0.05490090 0.08180650 0.02679780 0.01753670 0.04619790 0.02045760 0.03482130 0.25871301 0.01148240 0.02996290 0.18466601
59 0.03778431 0.04260201 0.02106160 0.02529890 0.00656693 0.00868775 0.03693831 0.04168531 0.01044690 0.23830004 0.05984021 0.02830880 0.24406504 0.02349170 0.01719230 0.04222531 0.02109570 0.00366765 0.03273981 0.05800141
60 0.06336321 0.03702350 0.02735910 0.04797740 0.01472800 0.02776960 0.04013180 0.05056261 0.02059800 0.06318161 0.08285881 0.23860202 0.02205490 0.04941180 0.01984980 0.04098870 0.03899670 0.01200330 0.02786730 0.07467181
61 0.04243052 0.02825631 0.03136821 0.02613741 0.00563745 0.03111111 0.04430212 0.04456632 0.01536091 0.16242107 0.18960009 0.03508142 0.02377651 0.14916207 0.01613391 0.03863452 0.02713071 0.00421010 0.01684151 0.06783773
62 0.08642124 0.03627192 0.03525622 0.06393863 0.02999431 0.20805609 0.03047551 0.03707412 0.01053800 0.03739812 0.06215133 0.14958607 0.01309281 0.04988952 0.02411131 0.02311211 0.03068631 0.00950646 0.01297301 0.04946692
63 0.08212181 0.03569600 0.03257300 0.03635690 0.01358900 0.02179520 0.04505790 0.06057410 0.02482340 0.26854802 0.06247640 0.03673050 0.02167370 0.02634740 0.02838010 0.06523641 0.03323810 0.00718632 0.03027510 0.06732061
64 0.05644340 0.03774960 0.25582900 0.03242130 0.01593350 0.03937120 0.06034200 0.03588500 0.01203080 0.05916140 0.08611600 0.02928090 0.03572380 0.05028190 0.02039690 0.03120210 0.02726530 0.01043920 0.02192800 0.08219870
65 0.03883579 0.02030289 0.01898039 0.03204119 0.00562975 0.01183790 0.05151968 0.04528899 0.00785687 0.02902289 0.32739590 0.02988949 0.02479959 0.01645720 0.02667929 0.04716599 0.20019194 0.00511468 0.02248249 0.03850709
66 0.04503567 0.03707447 0.04385397 0.03284338 0.01037509 0.02155079 0.28429480 0.03240808 0.02308888 0.05553126 0.10175793 0.03024808 0.02354988 0.05921696 0.01788879 0.04237927 0.03622578 0.00989148 0.03924207 0.05354336
67 0.06404093 0.03181072 0.03252852 0.26499313 0.01318161 0.04135172 0.04679582 0.04363402 0.01566581 0.05613973 0.07948434 0.04886722 0.02025711 0.03563942 0.02271481 0.03556432 0.03573832 0.01043051 0.01614091 0.08502104
68 0.36211015 0.01587311 0.02214641 0.01812911 0.01589941 0.01149750 0.02229171 0.06258423 0.02998081 0.04462092 0.05438982 0.01708531 0.01351711 0.01864641 0.01205780 0.18814308 0.03676162 0.00479659 0.02356981 0.02589911
69 0.05467352 0.03945931 0.02123791 0.02889201 0.00896229 0.01396700 0.04006501 0.05708382 0.01472390 0.04626991 0.09394833 0.03283611 0.01785121 0.05927752 0.02776971 0.04913602 0.30220109 0.01106750 0.03226681 0.04831101
70 0.04544894 0.02113017 0.01823518 0.03449425 0.00550064 0.00861931 0.04541644 0.03736055 0.00834889 0.03813375 0.20130372 0.02106647 0.14521480 0.02128597 0.03361685 0.06131362 0.16140078 0.01304188 0.02889076 0.05017703
71 0.04319750 0.13865700 0.03339110 0.04061070 0.01524520 0.10196600 0.03957380 0.02746520 0.01118950 0.05129590 0.05260490 0.15608500 0.02003300 0.02805250 0.02520800 0.10143100 0.04084360 0.01291280 0.01631180 0.04392550
72 0.04356308 0.02509709 0.10067696 0.22282791 0.02002119 0.02748119 0.04913768 0.03667528 0.01410389 0.06955267 0.06680697 0.04943598 0.01318139 0.02329319 0.02427939 0.09724776 0.03196229 0.00814148 0.00879874 0.06771587
73 0.04377391 0.03617031 0.04351831 0.03586891 0.01080510 0.02102111 0.27719408 0.03303561 0.02297531 0.05563022 0.10306403 0.02943411 0.02374731 0.06219732 0.01764101 0.04354561 0.03833381 0.01069750 0.03933601 0.05201042
74 0.02523689 0.02170069 0.12814696 0.02353929 0.01283230 0.01477009 0.25131391 0.02789399 0.00557990 0.02811619 0.28208690 0.02231229 0.02137149 0.02097169 0.01278560 0.01761219 0.02545499 0.00511705 0.01026310 0.04289448
75 0.06751871 0.05024891 0.04031111 0.03408331 0.00688283 0.03780691 0.06674431 0.05139591 0.01730250 0.03825881 0.05317711 0.04234291 0.01650360 0.27816005 0.01659930 0.04134911 0.05637881 0.00724309 0.03244491 0.04524781
76 0.35321086 0.04153368 0.02492819 0.03174789 0.01283199 0.02689429 0.03053399 0.05472748 0.03286959 0.06294228 0.06348678 0.03362559 0.01651939 0.03600689 0.01741649 0.05428138 0.03133029 0.00960919 0.02806369 0.03744009
77 0.05435910 0.02134720 0.02969850 0.03116050 0.00760639 0.00851841 0.04808390 0.03898610 0.00818214 0.04442460 0.31615800 0.02433730 0.12326400 0.02214750 0.03072220 0.06177690 0.04143320 0.00624177 0.02148020 0.06007210
78 0.03725780 0.15346902 0.05136231 0.03029210 0.01099380 0.15031102 0.18546602 0.02114940 0.01186310 0.06546831 0.04197550 0.05155661 0.01281240 0.03867550 0.01427830 0.01749670 0.02597340 0.03198780 0.01802540 0.02958550
79 0.33018015 0.01071280 0.01677761 0.01090200 0.01816931 0.00918860 0.01559391 0.08405904 0.02261701 0.04110012 0.05613943 0.01255761 0.00989705 0.01568421 0.00843750 0.18889309 0.09304354 0.00396230 0.02268071 0.02940401
80 0.33040416 0.00752026 0.00877826 0.00617889 0.01196761 0.00724708 0.00992643 0.25034912 0.01349911 0.03382912 0.04760242 0.01170781 0.00628301 0.01239871 0.00547154 0.16599108 0.04611962 0.00225845 0.00802981 0.01443751
81 0.04362071 0.03484401 0.03487091 0.06201742 0.01481270 0.02276101 0.14289804 0.04095121 0.01740681 0.04765641 0.09549633 0.22053107 0.02160191 0.03589661 0.01645550 0.03724371 0.02972951 0.01001050 0.01981111 0.05138452
82 0.04864994 0.02444742 0.02009142 0.02677842 0.01005811 0.00887736 0.01611271 0.01828821 0.01156291 0.25987420 0.04344743 0.02920842 0.01185301 0.01353521 0.15810912 0.17660014 0.05177824 0.00704198 0.01008271 0.05360304
83 0.04503799 0.03231909 0.03031669 0.01556180 0.00700078 0.01202830 0.05773489 0.04617799 0.01309040 0.05202449 0.06922329 0.03537269 0.01532370 0.14481097 0.01827840 0.04216249 0.05169639 0.00719411 0.26217795 0.04246759
84 0.07212229 0.02897030 0.04878640 0.05102940 0.05603850 0.31345997 0.03349530 0.04594030 0.00826075 0.04529920 0.05942810 0.03644970 0.01033530 0.04584810 0.02058990 0.03726980 0.02161580 0.00810193 0.01319250 0.04376650
85 0.05620121 0.02447440 0.03709260 0.15387102 0.01708520 0.02105180 0.21491902 0.03568050 0.03188900 0.04826660 0.09435541 0.04139030 0.01393180 0.03252090 0.01393740 0.04271410 0.03110940 0.01207550 0.01442020 0.06301361
86 0.03556870 0.01752020 0.02827700 0.02570090 0.00959486 0.01298800 0.03753320 0.05055250 0.00988799 0.06357550 0.32795101 0.02460050 0.01961640 0.03006680 0.01599170 0.06127180 0.02687840 0.00900171 0.02098080 0.17244201
87 0.02961488 0.02500948 0.03249738 0.03486258 0.00920716 0.01660419 0.02319309 0.04159757 0.01971409 0.18931088 0.07952125 0.04644487 0.01637369 0.01928379 0.01671959 0.05314707 0.02245359 0.00480977 0.01787329 0.30176181
88 0.08021149 0.26689597 0.03267750 0.02965900 0.01829980 0.02398880 0.04407570 0.03221280 0.01647140 0.05655189 0.05372819 0.03760310 0.03024150 0.05586679 0.04628830 0.04025090 0.04298830 0.01180790 0.02927360 0.05090709
89 0.06326008 0.02175339 0.01504820 0.01836860 0.01146880 0.01886099 0.02823679 0.04438849 0.00954228 0.05944428 0.07739778 0.02321519 0.02418149 0.02290539 0.02008829 0.38434990 0.02805059 0.00631259 0.02411849 0.09900837
90 0.05365320 0.03346300 0.03074440 0.22544202 0.01026670 0.02122960 0.02745940 0.02827000 0.01480010 0.20087902 0.05967541 0.04324670 0.02440020 0.02166810 0.02578560 0.03329450 0.03625580 0.00750551 0.01701130 0.08494941
91 0.03745542 0.02615751 0.03786302 0.04979592 0.00900502 0.01928511 0.03543812 0.05076332 0.01884301 0.05365832 0.07582103 0.03998902 0.01983921 0.02714591 0.02031801 0.08489514 0.02917671 0.00752533 0.02031871 0.33670615
92 0.05558763 0.02435851 0.03118092 0.03512612 0.00996930 0.01948871 0.05551073 0.06592493 0.01033451 0.04484822 0.33790917 0.03669222 0.02159691 0.02795511 0.01915131 0.05655793 0.04348852 0.00810210 0.02835531 0.06786183
93 0.06357249 0.03875770 0.02656610 0.04630830 0.01626570 0.02776900 0.04049760 0.05054439 0.01967410 0.06256979 0.08268239 0.24096698 0.02403390 0.04826800 0.02134860 0.04050710 0.03729030 0.01230360 0.02632470 0.07374929
94 0.03100782 0.02108041 0.02259131 0.02065011 0.00799503 0.01496941 0.02038071 0.03682242 0.01306641 0.26056517 0.18288812 0.02320172 0.02438672 0.02171931 0.01401331 0.05780064 0.02078211 0.00325552 0.01862661 0.18419712
95 0.05446632 0.03758381 0.25591109 0.03376071 0.01721141 0.03919671 0.05649402 0.03429841 0.01227480 0.06237142 0.08640283 0.02919951 0.03541991 0.04806772 0.02166601 0.02931161 0.02723731 0.00989196 0.02371631 0.08551813
96 0.06435400 0.03725070 0.02677220 0.04587260 0.01527660 0.02719780 0.03819000 0.04977690 0.02086610 0.06161110 0.08544120 0.24160000 0.02414040 0.04956940 0.01973820 0.04117700 0.03838110 0.01190610 0.02679670 0.07408190
97 0.03088221 0.02142801 0.02149801 0.02085001 0.00840499 0.01441900 0.01934381 0.03649741 0.01362330 0.26362407 0.18027005 0.02354321 0.02312341 0.02015571 0.01371430 0.05833662 0.02062991 0.00320435 0.01793760 0.18851405
98 0.05322638 0.02412949 0.03168429 0.03644519 0.00953209 0.01874469 0.06120348 0.06538547 0.01075010 0.04395078 0.33809987 0.03726199 0.02267289 0.02613579 0.02009319 0.05709248 0.04714328 0.00683240 0.02672009 0.06289608
99 0.06503150 0.03092900 0.25489401 0.02275460 0.01245400 0.02395710 0.04094160 0.02847650 0.01155900 0.06282420 0.07236000 0.02720250 0.02348780 0.04090990 0.02193110 0.12577401 0.03119870 0.00985475 0.01780090 0.07565880
100 0.03036850 0.02490040 0.04658510 0.06723260 0.00898541 0.01893340 0.11042101 0.16251101 0.01140220 0.03840510 0.08132390 0.20294601 0.01689510 0.04649150 0.01168080 0.03240480 0.02333520 0.00611393 0.01856990 0.04049410
101 0.04371278 0.03807008 0.04408438 0.03261389 0.01044220 0.02137719 0.28023189 0.03376379 0.02261279 0.05928738 0.09897136 0.02957779 0.02400109 0.06158468 0.01854459 0.04356938 0.03675189 0.01026500 0.03860588 0.05193198
102 0.04470120 0.02846800 0.01935390 0.03187840 0.01886990 0.02301390 0.02861800 0.04886980 0.01515700 0.04830780 0.08123779 0.26318697 0.01326380 0.05605729 0.01775730 0.03406010 0.13582199 0.01126240 0.03265120 0.04746330
103 0.05630590 0.02295920 0.03074500 0.03607580 0.00962452 0.01894260 0.05905180 0.06522350 0.01095220 0.04578280 0.33807598 0.03836710 0.02354200 0.02685720 0.01825890 0.05681500 0.04342180 0.00691474 0.02766430 0.06441970
104 0.11593708 0.02198442 0.01729021 0.01802081 0.10007007 0.01255521 0.02381362 0.18887514 0.00966774 0.06292245 0.05257244 0.02543842 0.01336751 0.02004751 0.01463381 0.21976016 0.02927952 0.00450765 0.01161501 0.03764123
105 0.35711817 0.03137242 0.02444541 0.05266983 0.00799291 0.02171481 0.13429406 0.02360681 0.03681232 0.05179062 0.05738013 0.02773421 0.01622581 0.03339592 0.01106181 0.03668602 0.02323351 0.00875941 0.02085061 0.02285521
106 0.05706378 0.02435669 0.03637919 0.15356094 0.01672429 0.02110989 0.20915292 0.03543809 0.03155729 0.04586578 0.09847206 0.04230638 0.01370209 0.03151689 0.01484139 0.04273568 0.03318489 0.01215690 0.01485279 0.06502207
107 0.07862074 0.03667942 0.03248571 0.03576662 0.01407631 0.02275891 0.04690712 0.06206903 0.02389441 0.26916712 0.06395473 0.03458922 0.02101691 0.02628971 0.02807901 0.06817643 0.03410612 0.00723555 0.03110951 0.06301743
108 0.07863383 0.05405932 0.03735631 0.04311182 0.00985223 0.02777471 0.05653492 0.03201381 0.02782861 0.04784062 0.06409722 0.05277922 0.02194801 0.03682341 0.03087651 0.05334862 0.05116632 0.19719207 0.01926761 0.05749482
109 0.03038801 0.02575800 0.03352811 0.03372721 0.00935341 0.01624820 0.02473360 0.04368351 0.01937280 0.19039203 0.08175901 0.04406711 0.01818640 0.01941860 0.01688770 0.05140391 0.02248320 0.00484911 0.01769800 0.29606205
110 0.04920512 0.05617552 0.04665742 0.02568691 0.01364091 0.01384311 0.04021302 0.03297801 0.01372451 0.05806892 0.07659263 0.03757802 0.30496713 0.02636611 0.02187741 0.05942883 0.02884071 0.00702997 0.02326741 0.06385833
111 0.04511782 0.15807106 0.03252881 0.03280621 0.01078850 0.02204341 0.05116282 0.04158792 0.01287310 0.03236201 0.28971211 0.04553682 0.01745321 0.02305401 0.02266001 0.04397292 0.04719902 0.00935902 0.02315231 0.03855891
112 0.05469717 0.02444759 0.03176799 0.03664178 0.00967374 0.01965569 0.05953177 0.06627407 0.00994289 0.04385408 0.33433885 0.03727338 0.02306739 0.02909949 0.01920379 0.06015977 0.04521998 0.00651803 0.02604139 0.06259117
113 0.06265889 0.02189810 0.01490680 0.01827280 0.01174340 0.01940780 0.02865110 0.04455559 0.01037270 0.06021849 0.07798619 0.02143610 0.02168400 0.02316150 0.01958330 0.38511595 0.02771280 0.00618044 0.02276110 0.10169299
114 0.07306024 0.02971762 0.04824273 0.04895433 0.05864973 0.31008817 0.03273412 0.04562063 0.00831029 0.04523062 0.05788563 0.03746272 0.01034891 0.04413102 0.02160161 0.03971642 0.02135831 0.00815466 0.01392061 0.04481162
115 0.03954279 0.02745489 0.03589499 0.04720049 0.00894068 0.01919999 0.03754189 0.05073808 0.01845239 0.05415558 0.07731928 0.03941359 0.02051189 0.02749679 0.02259749 0.08816607 0.02977269 0.00746873 0.02099979 0.32713190
116 0.05274766 0.01089389 0.03931947 0.02651458 0.22693284 0.45604768 0.01991669 0.01016549 0.00324454 0.02300788 0.02097799 0.02121188 0.00405158 0.00665822 0.03347138 0.01685839 0.01052349 0.00249756 0.00381671 0.01114209
117 0.07398048 0.02916409 0.04779989 0.05528969 0.05698139 0.30395294 0.03560329 0.04379759 0.00844732 0.04483899 0.05931239 0.03764059 0.00985994 0.04522649 0.02230570 0.03776029 0.02201310 0.00706975 0.01428500 0.04467109
118 0.06073721 0.01985950 0.01224520 0.01716410 0.00554639 0.01159230 0.02483250 0.23744603 0.01044650 0.05175031 0.06756271 0.02865970 0.10568801 0.02680090 0.01548360 0.07043781 0.15472302 0.01802190 0.02256780 0.03843450
119 0.05480019 0.02294779 0.03150369 0.03771829 0.00891735 0.01884660 0.05935979 0.06734048 0.01076350 0.04507619 0.33418392 0.03819039 0.02369689 0.02706369 0.02000910 0.05550939 0.04389059 0.00687458 0.02831199 0.06499559
120 0.35770375 0.03927477 0.02658698 0.03239758 0.01376329 0.02550518 0.02953098 0.05438766 0.03308878 0.06368756 0.06397066 0.03283188 0.01650949 0.03513518 0.01632799 0.05289986 0.03140558 0.01016819 0.02741318 0.03741147
121 0.35518196 0.04062340 0.02609160 0.03418010 0.01388200 0.02606170 0.03136210 0.05223519 0.03221260 0.06270699 0.06289349 0.03446670 0.01669940 0.03548570 0.01665080 0.05357909 0.03118250 0.01018880 0.02771420 0.03660170
122 0.04581848 0.01407929 0.01479119 0.01823269 0.00516686 0.01836809 0.02396549 0.28676287 0.00782183 0.03892918 0.29747486 0.02375989 0.01630079 0.02814259 0.01135079 0.03409948 0.03207579 0.00584917 0.01648369 0.06052697
123 0.06004520 0.02956320 0.02320800 0.02856720 0.01039530 0.01313270 0.03885560 0.05328120 0.02299730 0.29426499 0.04595990 0.02912940 0.01479490 0.02183950 0.02800300 0.07356180 0.12554599 0.00609374 0.02296140 0.05779970
124 0.05952982 0.03038801 0.02035321 0.02307831 0.01397820 0.01036840 0.02468601 0.04547831 0.01444620 0.28445908 0.04207621 0.02454081 0.01240650 0.01605920 0.03694101 0.21931806 0.05258721 0.00556513 0.01516110 0.04857921
125 0.02747191 0.01661691 0.03195531 0.03105151 0.00827296 0.01456390 0.02757921 0.04712572 0.01485711 0.06671512 0.19744007 0.02622091 0.01914681 0.02750071 0.01639831 0.06869992 0.01944551 0.01036800 0.01945501 0.30911511
126 0.05599841 0.02767161 0.04041761 0.02696621 0.01009660 0.00880364 0.04053591 0.03113111 0.01137350 0.05100581 0.20865404 0.02246470 0.22624604 0.02355980 0.02934661 0.06504421 0.03173431 0.00618687 0.01892490 0.06383811
127 0.06113119 0.02232960 0.01402380 0.01845830 0.01139680 0.01940810 0.02792870 0.04263979 0.01057130 0.06010599 0.07955399 0.02264180 0.02238270 0.02428940 0.02023250 0.38372094 0.02850680 0.00624446 0.02379790 0.10063598
128 0.05574439 0.03881140 0.25902497 0.03385750 0.01670200 0.03814270 0.06104569 0.03352950 0.01235830 0.06066669 0.08507349 0.02809110 0.03620920 0.04740430 0.02060760 0.02981090 0.02619630 0.01009310 0.02238770 0.08424319
129 0.05585026 0.02335448 0.03077538 0.03704248 0.00897882 0.01968909 0.05771526 0.06623616 0.01080229 0.04621857 0.33832677 0.03599778 0.02215009 0.02754438 0.01944309 0.05646406 0.04570197 0.00697634 0.02654908 0.06418366
130 0.04139163 0.01900581 0.02836142 0.04610893 0.00511368 0.01651981 0.02437942 0.21512115 0.01358491 0.02535652 0.05077434 0.02787932 0.01061871 0.02288902 0.01452001 0.06132614 0.01913391 0.00550602 0.01156301 0.34084624
131 0.07884093 0.26739011 0.03435561 0.03011111 0.01875591 0.02430461 0.04270992 0.03205551 0.01687691 0.05722892 0.05594962 0.03877992 0.03076041 0.05529412 0.04504622 0.03903992 0.04220552 0.01256661 0.03007041 0.04765772
132 0.03879642 0.01742121 0.02970412 0.02476332 0.00924970 0.01389071 0.03525582 0.05430413 0.01081151 0.06038914 0.32539520 0.02281971 0.02114081 0.02882672 0.01595261 0.06012124 0.02764542 0.00884929 0.02110581 0.17355711
133 0.06626400 0.03190000 0.03382470 0.26299001 0.01364140 0.04144840 0.04745600 0.04196430 0.01391120 0.05973460 0.08349020 0.04860670 0.01955920 0.03464180 0.02284920 0.03588500 0.03357110 0.00912577 0.01590530 0.08323110
134 0.02435999 0.01761339 0.02109059 0.01753409 0.00440282 0.01114690 0.02252049 0.05004208 0.00750280 0.02810309 0.26621991 0.03032829 0.01437210 0.10853897 0.01585499 0.03491639 0.02274279 0.09054267 0.03584969 0.17631794
135 0.05332201 0.02364740 0.03174560 0.03749531 0.00918916 0.01950890 0.06022171 0.06650351 0.01084610 0.04434551 0.33805405 0.03613351 0.02159260 0.02693270 0.01823450 0.05675401 0.04338731 0.00729139 0.02872260 0.06607211
136 0.06559528 0.03156449 0.01962849 0.01669789 0.01026750 0.01218080 0.04804489 0.03428059 0.01294350 0.06699548 0.08307887 0.02891669 0.01842759 0.03993039 0.01861149 0.05104488 0.03841809 0.00654071 0.34794189 0.04889048
137 0.05801328 0.02482289 0.03033959 0.03602689 0.00963824 0.01837139 0.05820548 0.06453888 0.01131930 0.04416669 0.33646189 0.03575699 0.02300119 0.02698269 0.01945809 0.05710018 0.04500129 0.00687628 0.02792329 0.06599548
138 0.06684519 0.05045809 0.04083489 0.03429349 0.00769419 0.03643539 0.06489169 0.05046689 0.01717670 0.03823139 0.05358609 0.04347359 0.01677770 0.27645495 0.01689370 0.04110659 0.05621349 0.00706709 0.03337669 0.04772219
139 0.06863905 0.02273738 0.02232879 0.03059188 0.00729324 0.02329488 0.02888868 0.32313179 0.01421349 0.06943765 0.10212293 0.03362588 0.01649529 0.03839637 0.01388479 0.04886687 0.04095827 0.00536382 0.02345408 0.06627486
140 0.06705821 0.05194630 0.03995010 0.03358890 0.00674048 0.03585900 0.06650541 0.04892490 0.01729090 0.03866570 0.05378690 0.04293030 0.01729730 0.27593802 0.01786260 0.04011170 0.05713530 0.00793954 0.03315160 0.04731680
141 0.03875340 0.04625780 0.08122590 0.02214400 0.10596199 0.01637050 0.02974380 0.02066410 0.00800070 0.02988410 0.04287390 0.02670520 0.37042398 0.01256720 0.02350600 0.03778650 0.01348300 0.00476495 0.01174640 0.05713660
142 0.03852581 0.02746270 0.03707641 0.04889091 0.00801297 0.01944290 0.03621891 0.05101171 0.01813890 0.05387421 0.07778221 0.03835371 0.02095780 0.02762990 0.02130690 0.09074502 0.02738190 0.00780086 0.01959120 0.32979506
143 0.06821549 0.02301030 0.02320400 0.03022270 0.00755894 0.02332120 0.02755330 0.32473896 0.01394240 0.07135329 0.10177299 0.03351650 0.01741440 0.03844370 0.01421810 0.04990999 0.04014570 0.00563328 0.02198990 0.06383489
144 0.37081403 0.01209400 0.03375350 0.01332530 0.00700290 0.00703081 0.02405950 0.03392370 0.15289401 0.06173490 0.03534610 0.01532900 0.00714887 0.01896180 0.01279950 0.12934801 0.03128500 0.00663443 0.00652742 0.01998720
145 0.24215615 0.00957709 0.01072201 0.00802863 0.01233831 0.00894142 0.01306211 0.22606214 0.01171411 0.03707652 0.05459023 0.01309121 0.00947362 0.01401141 0.00731656 0.24510315 0.03756402 0.00257135 0.00949677 0.02710322
146 0.02950487 0.01620819 0.02072078 0.01797718 0.00652637 0.01353519 0.01985768 0.03533387 0.01006129 0.19723482 0.27136076 0.01941108 0.02533448 0.02590508 0.01184529 0.05612585 0.01847628 0.00407662 0.01617349 0.18433083
147 0.18717901 0.01104380 0.01655650 0.01270470 0.01472040 0.01642580 0.01936310 0.04403360 0.01044410 0.03778090 0.05772480 0.01280780 0.01698900 0.01627240 0.01157600 0.40568402 0.02435210 0.00314006 0.02243190 0.05877000
148 0.12136002 0.01838150 0.01499610 0.01383110 0.01069860 0.01496340 0.01360640 0.34145506 0.01221830 0.19436704 0.03442961 0.01757630 0.01664930 0.01580180 0.00817728 0.05557501 0.03626231 0.00297583 0.01108630 0.04558871
149 0.05458055 0.02620842 0.02491682 0.02884662 0.00742538 0.01822152 0.03649413 0.04990474 0.01529871 0.16164114 0.26726522 0.03031673 0.02290782 0.02560352 0.01788762 0.06004175 0.03640343 0.00469349 0.02531282 0.08602957
150 0.05726393 0.02779671 0.03954852 0.02660671 0.01008110 0.00901932 0.03985812 0.03061272 0.01081731 0.04893752 0.20820810 0.02347441 0.22737011 0.02563591 0.02885891 0.06423383 0.03305832 0.00613389 0.01981611 0.06266843
151 0.04775389 0.06601948 0.02792769 0.03366479 0.03824489 0.02457369 0.03236189 0.03128629 0.01482910 0.06602858 0.07161548 0.03554249 0.02369289 0.03014779 0.26354892 0.05457638 0.04326909 0.01210600 0.02512039 0.05769028
152 0.08072225 0.26651684 0.03353458 0.03022978 0.01939869 0.02378949 0.04309337 0.03241778 0.01663359 0.05799437 0.05668607 0.03921058 0.03199148 0.05316427 0.04193917 0.03927498 0.04352797 0.01219779 0.02765938 0.05001757
153 0.04921829 0.06603968 0.02903029 0.03154789 0.03672179 0.02456789 0.03575719 0.03183839 0.01551070 0.06713318 0.07305758 0.03338029 0.02428039 0.03125869 0.25621792 0.05594328 0.04397169 0.01183520 0.02461219 0.05807748
154 0.06602651 0.04974381 0.03992741 0.03421251 0.00656745 0.03670961 0.06677481 0.04975111 0.01772020 0.03778991 0.05479641 0.04414981 0.01706790 0.27786105 0.01672860 0.04024691 0.05763591 0.00730266 0.03257281 0.04641461
155 0.27090920 0.00825372 0.00735119 0.00546725 0.00913747 0.00876168 0.00983893 0.30659022 0.01095721 0.03843743 0.05071734 0.01237721 0.00653018 0.01412621 0.00536293 0.16404612 0.04481653 0.00222983 0.00760905 0.01648031
156 0.05520159 0.03763949 0.25457095 0.03451409 0.01598350 0.03730449 0.05880649 0.03407829 0.01209330 0.06272739 0.08522618 0.02952459 0.03658219 0.04711989 0.01992920 0.03081529 0.02745779 0.00952771 0.02270340 0.08819418
157 0.04883120 0.01505270 0.03950160 0.02190730 0.00878391 0.00754645 0.03274630 0.02971220 0.00638075 0.07353180 0.28511202 0.01509660 0.11249401 0.02499510 0.02881750 0.04590110 0.02493470 0.00612903 0.01668070 0.15584501
158 0.02807061 0.03026371 0.03566351 0.01411070 0.00295668 0.01508190 0.26022607 0.02553511 0.01754640 0.03295821 0.02519061 0.01758670 0.00896899 0.25023907 0.01082240 0.03246231 0.04685421 0.00252415 0.11920503 0.02373361
159 0.03148828 0.02615548 0.03144978 0.03035498 0.01204779 0.01585039 0.02327319 0.04334117 0.01917509 0.27339483 0.07736235 0.03771258 0.01619139 0.01711169 0.01669449 0.04886997 0.02289539 0.00384852 0.01549479 0.23728785
160 0.04149948 0.02579879 0.09293196 0.05057428 0.01264350 0.02567629 0.04769818 0.03929348 0.01072270 0.03910728 0.22157591 0.19731292 0.01613459 0.02921139 0.01618889 0.02861209 0.03390479 0.00798199 0.01966009 0.04347138
161 0.06702187 0.03191979 0.02030549 0.01728749 0.00960052 0.01266710 0.04874568 0.03092389 0.01251660 0.06706337 0.08393157 0.02924129 0.01866449 0.04199848 0.01887689 0.05219048 0.03814449 0.00619797 0.34264287 0.05005968
162 0.06993908 0.03177709 0.02011759 0.01630309 0.01024900 0.01339370 0.04748748 0.03176769 0.01302060 0.06962688 0.07986347 0.02885069 0.01934419 0.04101709 0.01834009 0.05225618 0.03715909 0.00610943 0.34403889 0.04933868
163 0.35152507 0.04053371 0.02544551 0.03156651 0.01330740 0.02575441 0.03044011 0.05366651 0.03165391 0.06196201 0.06490451 0.03569831 0.01776360 0.03595281 0.01728080 0.05387881 0.03260661 0.01000940 0.02710991 0.03894011
164 0.02877228 0.01511239 0.03013628 0.02210609 0.00790741 0.01172729 0.03296668 0.05043197 0.01001959 0.06374006 0.33571180 0.02066169 0.01977909 0.03275178 0.01483459 0.05553717 0.01878819 0.01001439 0.01917239 0.19982888
165 0.06425308 0.03151369 0.03342099 0.25823394 0.01358750 0.04121519 0.04649239 0.04301829 0.01487450 0.05868039 0.08285918 0.04766839 0.01997840 0.03592479 0.02496959 0.03528289 0.03492199 0.00948744 0.01530950 0.08830788
166 0.08291272 0.03612321 0.03423841 0.03608711 0.01407930 0.02083961 0.04803351 0.06087712 0.02580541 0.26754307 0.06011952 0.03568851 0.02038841 0.02675051 0.02952931 0.06293752 0.03363161 0.00735823 0.03183831 0.06521862
167 0.08066708 0.01751969 0.01103900 0.01176940 0.00827354 0.00969260 0.01826349 0.24853593 0.00958761 0.05576988 0.07069388 0.02046209 0.01391430 0.01999879 0.01011750 0.29506091 0.02747939 0.00507695 0.01110090 0.05497708
168 0.03972696 0.01337309 0.01272609 0.01979858 0.00686765 0.02307478 0.02009438 0.02935387 0.01038559 0.01946048 0.04370126 0.01593918 0.00762203 0.01599838 0.01440569 0.39746059 0.02236368 0.00480052 0.01192849 0.27091872
169 0.07293931 0.02998900 0.04765331 0.05014891 0.05643351 0.30692304 0.03432640 0.04610481 0.00842907 0.04651701 0.05829861 0.03684191 0.01105340 0.04477381 0.02048860 0.04021381 0.02141810 0.00775339 0.01423120 0.04546281
170 0.03742748 0.01681989 0.02850498 0.02472128 0.00889841 0.01297759 0.03558108 0.05285607 0.01005679 0.06286076 0.32676078 0.02486368 0.01995679 0.03027798 0.01543519 0.05988406 0.02516678 0.00950673 0.02183479 0.17560888
171 0.07946886 0.26973887 0.03314818 0.02906189 0.01861749 0.02360169 0.04214288 0.03188018 0.01680429 0.05687547 0.05571597 0.03741198 0.03034628 0.05515377 0.04414168 0.03995168 0.04428988 0.01254499 0.03002568 0.04907828
172 0.03212198 0.02059659 0.02222379 0.02100459 0.00789805 0.01442749 0.01945039 0.03484118 0.01428109 0.26490087 0.17788191 0.02273859 0.02295409 0.02003959 0.01382179 0.05771417 0.02286569 0.00338723 0.01813299 0.18871791
173 0.06282402 0.03179731 0.03356101 0.26325809 0.01393600 0.04109781 0.04710722 0.04154971 0.01494070 0.05948102 0.08246943 0.04778942 0.02050411 0.03554091 0.02343251 0.03457641 0.03469501 0.00969107 0.01672941 0.08501883
174 0.04316038 0.03613198 0.04575568 0.03500778 0.01039429 0.02181289 0.28084486 0.03315078 0.02371339 0.05611657 0.10265595 0.02966309 0.02418629 0.06019347 0.01650169 0.04331508 0.03704678 0.00926159 0.03929358 0.05179387
175 0.06356989 0.03286490 0.03271540 0.26275397 0.01338530 0.04064200 0.04582860 0.04162950 0.01513020 0.05953609 0.08173589 0.04985110 0.01920570 0.03452450 0.02408970 0.03486590 0.03508470 0.01009900 0.01600730 0.08648039
176 0.06315250 0.03213980 0.03435870 0.26043800 0.01377530 0.04039310 0.04674230 0.04296130 0.01526640 0.05998080 0.08238220 0.04878080 0.02024140 0.03506300 0.02296860 0.03647380 0.03548260 0.00938410 0.01439070 0.08562460
177 0.03932279 0.02591460 0.03876459 0.04864049 0.00826656 0.01857410 0.03755129 0.05046519 0.01811730 0.05381709 0.07880009 0.03946779 0.02119960 0.02759499 0.02016500 0.09085678 0.02785669 0.00760753 0.02123360 0.32578394
178 0.17717888 0.02310178 0.02479558 0.02517678 0.17108088 0.04408217 0.02204569 0.02155049 0.02401138 0.09172864 0.05185266 0.03235498 0.01743729 0.01833809 0.02047339 0.04812317 0.02699558 0.00433838 0.02716928 0.12816491
179 0.04020282 0.04389843 0.03949572 0.03216482 0.01433441 0.15241609 0.30323618 0.02031261 0.00591128 0.08889725 0.05249693 0.02567641 0.01001061 0.05788933 0.00945295 0.01933001 0.01977051 0.01288171 0.01897421 0.03264772
