1 0.25108704 0.02656760 0.01695740 0.03318920 0.04903431 0.02327750 0.02486580 0.06415301 0.01535460 0.10637202 0.07742601 0.02648830 0.01452260 0.02718010 0.02703200 0.10406402 0.03820941 0.00642915 0.02404980 0.04374011
2 0.16018005 0.04549852 0.02718141 0.04096491 0.01397850 0.02764631 0.04650802 0.05654102 0.01871601 0.07192552 0.09211353 0.04086681 0.08026443 0.04406531 0.03325681 0.05162732 0.04738962 0.00861386 0.03192191 0.06074012
3 0.13860592 0.03626118 0.02126069 0.03408668 0.01679819 0.02697788 0.04018088 0.05319087 0.01765339 0.09067335 0.09671764 0.03867818 0.02379879 0.03914898 0.02716418 0.15133191 0.03500908 0.01017369 0.03054148 0.07174706
4 0.04772839 0.04207199 0.03448679 0.03881859 0.01280330 0.02670159 0.04912289 0.06109559 0.01772470 0.05184719 0.07898518 0.04461199 0.02144600 0.03850959 0.02226330 0.09171578 0.03182799 0.00631652 0.02919969 0.25272294
5 0.17413386 0.03301137 0.02720378 0.03210687 0.01629529 0.02507278 0.03211897 0.05425286 0.01581649 0.13867789 0.14133189 0.02916158 0.02008178 0.03206467 0.02515648 0.06100165 0.03685617 0.00659250 0.02478048 0.07428264
6 0.05562427 0.04353527 0.03019598 0.04166228 0.01689399 0.08836175 0.04816927 0.05163517 0.01795209 0.06033666 0.07950565 0.04470157 0.02595178 0.04370417 0.03065458 0.04556747 0.12154293 0.00750970 0.03977448 0.10672094
7 0.05922095 0.04108383 0.02359922 0.03459673 0.01319211 0.03013862 0.04609334 0.05105324 0.01705901 0.08209977 0.09660378 0.04265733 0.02709152 0.03859353 0.02519312 0.18692915 0.03152453 0.01082991 0.03240223 0.11003809
8 0.06535156 0.04265767 0.03596778 0.04689717 0.01897229 0.02889828 0.04913627 0.06202406 0.02420559 0.06441296 0.09515024 0.12424593 0.03058478 0.04533047 0.03415048 0.06510986 0.04900887 0.01133419 0.03312458 0.07343696
9 0.05639039 0.05013049 0.03454650 0.03737360 0.01273330 0.01994400 0.11794299 0.12587499 0.03082700 0.06201419 0.08632979 0.04464420 0.04172750 0.03748870 0.02486090 0.05783899 0.04657359 0.00822411 0.02844700 0.07608779
10 0.06593832 0.03797101 0.02399171 0.03691401 0.01498760 0.03342611 0.04916361 0.05113202 0.01991141 0.07702172 0.09297273 0.04523531 0.03051451 0.04246441 0.02826981 0.14641604 0.08957173 0.01027330 0.03178841 0.07203622
11 0.04405030 0.09441560 0.02339710 0.03483370 0.01115160 0.02889230 0.05231640 0.04298320 0.01497930 0.07181570 0.08632310 0.04419280 0.02866090 0.03613940 0.02249210 0.19886100 0.02521520 0.00921120 0.02967410 0.10039500
12 0.09353238 0.04164819 0.03023019 0.03744799 0.01563460 0.03376919 0.04275879 0.05487019 0.01976570 0.15682496 0.13278497 0.04024859 0.02111079 0.03428679 0.02992159 0.07305118 0.03857769 0.00842855 0.02954709 0.06556058
13 0.05867179 0.04204709 0.09114749 0.03193000 0.01748370 0.02858190 0.05066549 0.10429499 0.01804380 0.05553779 0.12707698 0.04805239 0.02706570 0.03794580 0.02893400 0.04332749 0.09206619 0.00736353 0.02372560 0.06603829
14 0.08615332 0.03921617 0.03730097 0.03430707 0.01341779 0.02724898 0.03997856 0.05458275 0.01988648 0.11605590 0.18681184 0.04010996 0.02263168 0.03388647 0.02576668 0.06654924 0.04135836 0.00693577 0.02698448 0.08081753
15 0.05654008 0.05498118 0.02356819 0.04290268 0.01343440 0.02435399 0.05473168 0.07258077 0.01929909 0.04243749 0.06245268 0.05098618 0.13884995 0.05621778 0.03058619 0.06194078 0.04655728 0.00933435 0.08218167 0.05606358
16 0.08113491 0.04044791 0.03472861 0.04049911 0.01561270 0.02793061 0.03891621 0.05633011 0.01973440 0.04423911 0.21343804 0.04361531 0.01800510 0.04891621 0.02485300 0.05754641 0.04401921 0.00857712 0.08953822 0.05191771
17 0.05783068 0.04879299 0.03397179 0.04837839 0.01949509 0.03785379 0.04855869 0.05323808 0.02200009 0.06279118 0.08201968 0.11443297 0.02972409 0.04310619 0.09392507 0.05550998 0.05027428 0.01134270 0.03097859 0.05577568
18 0.06097009 0.05413619 0.02832040 0.04292550 0.01384110 0.02486700 0.06024539 0.08406219 0.02046010 0.05004319 0.07023199 0.05634749 0.13856099 0.04285700 0.03214610 0.06738929 0.04872490 0.00950580 0.03226960 0.06209569
19 0.20298296 0.03295709 0.02534799 0.08548838 0.01462330 0.02737889 0.03795049 0.04552559 0.01676310 0.05880589 0.08160128 0.03584129 0.02006400 0.09381898 0.02911079 0.05331279 0.03732369 0.01130690 0.04649749 0.04329909
20 0.06437169 0.05463649 0.03849479 0.04035989 0.01478240 0.02725040 0.11729098 0.06137209 0.02657970 0.07185029 0.09076378 0.04888799 0.03329389 0.04151169 0.03052409 0.06641469 0.05272439 0.00847168 0.03250579 0.07791329
21 0.07029630 0.04244090 0.02713180 0.10610700 0.01852300 0.03733530 0.04509590 0.04792590 0.01755300 0.06435000 0.08606160 0.05327700 0.02964570 0.04611350 0.03354980 0.05632740 0.11730800 0.00954886 0.03401460 0.05739440
22 0.08137527 0.05105898 0.02728579 0.10680596 0.01941179 0.03591469 0.04700788 0.05113248 0.01889959 0.07326258 0.09258197 0.05621668 0.02822659 0.04610318 0.03442059 0.06163128 0.04987058 0.00904143 0.03727489 0.07247778
23 0.06082192 0.12473403 0.04214141 0.04874381 0.01935801 0.02995701 0.05483431 0.05241101 0.01940991 0.06216262 0.08638152 0.09657763 0.03098331 0.03951021 0.02957151 0.05564951 0.04113591 0.00806784 0.02940101 0.06814752
24 0.07387213 0.04607792 0.02901671 0.04094142 0.01759151 0.03489951 0.05221852 0.05823672 0.05757942 0.07317123 0.09214804 0.04668932 0.02584581 0.03760552 0.02764571 0.05919812 0.04982512 0.00983630 0.10256004 0.06504093
25 0.16014392 0.04695628 0.03454328 0.04584768 0.01617439 0.03055259 0.04538458 0.04890618 0.02281879 0.07172627 0.09773955 0.09592895 0.02242379 0.04187968 0.03095139 0.05311688 0.04402518 0.00985827 0.03230818 0.04871418
26 0.05224339 0.09259079 0.02978780 0.03925630 0.01327360 0.02667380 0.04788390 0.04502700 0.01847190 0.05581419 0.07572349 0.09104589 0.03483570 0.08661639 0.02761030 0.11556999 0.03527020 0.01081960 0.03484680 0.06663899
27 0.05794817 0.04199348 0.03455998 0.04897398 0.01619049 0.02551819 0.09975465 0.05747047 0.02662839 0.06113157 0.08159066 0.12066094 0.03065728 0.04202848 0.03333818 0.06312387 0.05138417 0.01025419 0.03084568 0.06594717
28 0.20787598 0.03884690 0.03147960 0.04068650 0.01726190 0.02897170 0.03811060 0.05627050 0.01824320 0.09056549 0.10993199 0.03690590 0.02100440 0.04042890 0.02924450 0.05690070 0.04227160 0.00806048 0.03258860 0.05435060
29 0.08743014 0.04125212 0.05193002 0.03744372 0.01406251 0.02738561 0.04233132 0.05655212 0.02140061 0.05765862 0.22349809 0.04570012 0.02084531 0.03412231 0.02619641 0.06142633 0.04746852 0.00650588 0.03014171 0.06664853
30 0.07990780 0.04287280 0.03480140 0.04186660 0.01354670 0.02796280 0.04574210 0.05760580 0.02047980 0.06322100 0.14771200 0.04843810 0.02462880 0.09830980 0.03028560 0.06253830 0.05190660 0.00939530 0.02835070 0.07042800
31 0.06758590 0.04591060 0.02988700 0.09885990 0.01898080 0.03995430 0.05343700 0.04696000 0.01753350 0.07066020 0.07893570 0.05922430 0.02857660 0.04531540 0.09510190 0.05755140 0.04882130 0.00965951 0.03120450 0.05584020
32 0.05523035 0.03565273 0.02070932 0.03206433 0.01071221 0.02427382 0.04170694 0.09294778 0.01564771 0.07862537 0.08826818 0.03718443 0.02787313 0.03759733 0.02174542 0.19307717 0.02679362 0.01095121 0.03275583 0.11618310
33 0.10642397 0.04800399 0.03491639 0.04247979 0.01527260 0.02761159 0.04592979 0.05051489 0.02174769 0.04674209 0.08423278 0.10271798 0.02590079 0.04320289 0.02784279 0.05566079 0.04687619 0.00920294 0.03182609 0.13289397
34 0.10294601 0.03546050 0.02445780 0.03027650 0.01488560 0.02630820 0.03767211 0.10150101 0.01781260 0.15796102 0.09025031 0.03222610 0.02189250 0.03185060 0.02177630 0.06853021 0.03562740 0.00763786 0.02427030 0.11665702
35 0.05808321 0.04066891 0.02335350 0.03549791 0.01312450 0.03021541 0.04543851 0.04970411 0.01695040 0.08167362 0.09616052 0.04348961 0.02731241 0.03871191 0.02539401 0.18759604 0.03105571 0.01069120 0.03248551 0.11239302
36 0.04742067 0.10705594 0.07432906 0.03949848 0.01739109 0.03341108 0.05603327 0.04591648 0.01710649 0.06282777 0.08474385 0.05798227 0.02423109 0.03710728 0.02642569 0.11835194 0.03021418 0.00905894 0.02884898 0.08204546
37 0.12299200 0.03394720 0.01931970 0.03066590 0.01511930 0.02596000 0.03849390 0.04969520 0.01621150 0.09030730 0.09376320 0.03768390 0.02365440 0.03734800 0.02577290 0.18920900 0.03279330 0.01083190 0.02959660 0.07663480
38 0.08003393 0.05080952 0.02764281 0.10630504 0.01980141 0.03687311 0.04665222 0.05238772 0.01923011 0.07333262 0.09195013 0.05595082 0.02819521 0.04531102 0.03369991 0.06178492 0.05005592 0.00898376 0.03747091 0.07352892
39 0.22351815 0.03231552 0.02336672 0.03294932 0.01815621 0.02667062 0.03085042 0.05348224 0.01435831 0.15355310 0.09400486 0.02704202 0.01808371 0.03188912 0.02682422 0.05699804 0.03422842 0.00639514 0.02542762 0.06988625
40 0.05874224 0.04021473 0.02267682 0.03467872 0.01324621 0.03007182 0.04554293 0.04998253 0.01675471 0.08254466 0.09608777 0.04307473 0.02741532 0.03851753 0.02550602 0.18957113 0.03068142 0.01053871 0.03241692 0.11173508
41 0.25252584 0.02986028 0.01950389 0.03234408 0.02099649 0.02388858 0.02949508 0.06401916 0.01570299 0.10304093 0.08616004 0.02829218 0.01671219 0.03415068 0.02744708 0.09935734 0.03611678 0.00783304 0.02872958 0.04382377
42 0.20536709 0.03350881 0.02184291 0.03535702 0.01987221 0.02594571 0.03465751 0.06023713 0.01780311 0.09676524 0.09078044 0.03469471 0.01968481 0.03761772 0.02915221 0.10663005 0.03985062 0.00925027 0.03017761 0.05080482
43 0.14597007 0.04229992 0.02916501 0.04612592 0.05576573 0.02928401 0.04208122 0.05235403 0.02001741 0.06794033 0.08113804 0.04607342 0.06981513 0.03636312 0.03425932 0.06012943 0.04889752 0.00808241 0.03029221 0.05394573
44 0.06209619 0.04144919 0.03169639 0.03948479 0.01416250 0.03134849 0.05170849 0.06026479 0.01998550 0.06416629 0.10304698 0.04632179 0.03146359 0.04554539 0.02658129 0.04278889 0.12607597 0.00793923 0.03607029 0.11780397
45 0.05831689 0.04053839 0.03183689 0.03439039 0.01253860 0.02842669 0.04526569 0.05690909 0.01762010 0.11306798 0.09913928 0.03877779 0.02294530 0.03715789 0.02280120 0.08178748 0.03401109 0.00710970 0.02734059 0.19001896
46 0.08061598 0.05152019 0.02736539 0.10591297 0.01893190 0.03645699 0.04639889 0.05220579 0.01850100 0.07293648 0.09377608 0.05626179 0.02905329 0.04638819 0.03422939 0.06130398 0.04984249 0.00913566 0.03661509 0.07254848
47 0.05346361 0.13403303 0.04278631 0.04908601 0.02134360 0.02923921 0.05018231 0.04895201 0.01882630 0.05716401 0.08153792 0.12719903 0.03006741 0.03814511 0.02839611 0.04991931 0.03836061 0.00805550 0.02825301 0.06498961
48 0.05292502 0.04471741 0.02047141 0.03529761 0.01331300 0.02614361 0.05145902 0.05155392 0.01657580 0.06444852 0.08289902 0.04600771 0.09762633 0.04285601 0.02678831 0.17308205 0.04057901 0.01094450 0.03000831 0.07230342
49 0.06045628 0.05411158 0.04420368 0.04642088 0.06151608 0.03239079 0.03848629 0.05253898 0.02257229 0.04251968 0.16276994 0.11194296 0.02359749 0.03072899 0.03112819 0.05294408 0.04516938 0.00857017 0.03088229 0.04704998
50 0.05570441 0.03985671 0.02785301 0.04266321 0.01563970 0.03445171 0.05204501 0.05151461 0.02127851 0.10391802 0.07321222 0.09669712 0.02935651 0.03972011 0.03346671 0.04421021 0.14392903 0.00973506 0.03209161 0.05265651
51 0.05844839 0.04073159 0.02326630 0.03449629 0.01296060 0.02954539 0.04497909 0.04936419 0.01645990 0.08197948 0.09712678 0.04325449 0.02730189 0.03841019 0.02567649 0.18874096 0.03127309 0.01076990 0.03194599 0.11326898
52 0.05447139 0.13427897 0.04187969 0.04798199 0.02101770 0.02882219 0.05043479 0.04815089 0.01909130 0.05704059 0.08107898 0.12699597 0.03039139 0.03862629 0.02836249 0.05162949 0.03818259 0.00803301 0.02783539 0.06569489
53 0.10709398 0.04420889 0.02880730 0.04364579 0.01743300 0.04080069 0.04931499 0.05556559 0.02048610 0.18000397 0.07152109 0.04322199 0.01910920 0.03322759 0.03462509 0.07563659 0.04204259 0.00906476 0.03121410 0.05297669
54 0.05659601 0.03549630 0.02105680 0.02949090 0.01134880 0.02734670 0.03774910 0.04294170 0.01738700 0.08062581 0.16264702 0.03804020 0.02552410 0.03697480 0.02141220 0.19450302 0.02983790 0.00985439 0.02879130 0.09237591
55 0.05627402 0.09650563 0.03737001 0.05053432 0.01619441 0.02759701 0.09933003 0.05348972 0.02266171 0.06297752 0.07575402 0.10246003 0.03084341 0.03915151 0.02920801 0.05745442 0.04075151 0.00811728 0.02773001 0.06559542
56 0.05637605 0.04884016 0.07813144 0.04711216 0.01592229 0.02971688 0.10400891 0.04937216 0.01931438 0.06341855 0.08530073 0.04994086 0.02517238 0.03567897 0.02714098 0.11044191 0.03881447 0.00813612 0.02698558 0.08017503
57 0.05899318 0.04074909 0.02356189 0.03853139 0.01222870 0.02974239 0.04982309 0.05972218 0.01925559 0.11310597 0.08821638 0.04074889 0.07885418 0.03828499 0.03005719 0.04703569 0.12372697 0.00775507 0.03211839 0.06748878
58 0.20565111 0.03727252 0.02335011 0.07506084 0.01819911 0.02575441 0.03846692 0.09551355 0.01693691 0.07872324 0.08473515 0.03442452 0.01860831 0.04133782 0.02532341 0.05910593 0.03539642 0.00821665 0.03460042 0.04332262
59 0.06571141 0.03690420 0.02067840 0.03755240 0.01296420 0.03697720 0.04821321 0.04739431 0.01967450 0.11777701 0.07378261 0.03790000 0.02826220 0.04328710 0.02574800 0.05090181 0.11061601 0.00906639 0.11480701 0.06178201
60 0.15042694 0.03713068 0.02616369 0.03496419 0.01660339 0.02812269 0.03736918 0.05437568 0.01603799 0.14450294 0.09745636 0.03133849 0.02085669 0.03518359 0.02512369 0.06075137 0.03680818 0.00684912 0.02618619 0.11374895
61 0.09009122 0.04180771 0.05155641 0.03714611 0.01393550 0.02767161 0.04200781 0.05620241 0.02144320 0.05619701 0.22397605 0.04589131 0.02053490 0.03476731 0.02667861 0.06130151 0.04776021 0.00668889 0.02975221 0.06459001
62 0.06530122 0.04292281 0.02949991 0.03613641 0.01253950 0.02472421 0.04565301 0.06176562 0.01961081 0.11250204 0.14421805 0.04143721 0.07240612 0.03504291 0.02860831 0.06538132 0.04736852 0.00809588 0.02783701 0.07894913
63 0.08281473 0.04140041 0.02913511 0.03739401 0.01496181 0.03355631 0.04621492 0.05541562 0.01922181 0.16162306 0.09304103 0.03907221 0.02138311 0.03537321 0.02708581 0.07553293 0.03727651 0.00825744 0.02828691 0.11295304
64 0.11820804 0.05163132 0.03557451 0.08537053 0.01370660 0.02933131 0.12129404 0.04619562 0.02152341 0.07218943 0.07666543 0.04412852 0.02608751 0.03973741 0.03038821 0.05189362 0.04487632 0.00757804 0.03032271 0.05329742
65 0.07381341 0.03417681 0.03044560 0.03743951 0.06115231 0.03181601 0.04788811 0.05106821 0.06474781 0.06476931 0.08016921 0.04659511 0.02488520 0.03270541 0.02970230 0.10992902 0.09345941 0.00808904 0.02877010 0.04837811
66 0.15842395 0.03417069 0.02129029 0.03667659 0.01740329 0.02848779 0.03589329 0.05636098 0.01951389 0.07728118 0.08762197 0.03634209 0.02105129 0.04928019 0.02541889 0.10571097 0.03766739 0.01303340 0.08773927 0.05063258
67 0.10864797 0.04238309 0.02745289 0.03963979 0.01561020 0.02911819 0.04707789 0.04589329 0.02089829 0.07106708 0.09193307 0.09589657 0.02458639 0.04204349 0.03006859 0.12779496 0.03808099 0.01131230 0.03063749 0.05985748
68 0.05661200 0.05375600 0.03247020 0.12129001 0.01740290 0.02841840 0.09686901 0.04649500 0.01929790 0.06062680 0.07105341 0.10611301 0.02654850 0.03963240 0.03329310 0.05186330 0.04414670 0.00838592 0.02954360 0.05618180
69 0.07705181 0.05076341 0.07941452 0.04618751 0.01911680 0.04250611 0.06090611 0.04792461 0.02091250 0.16590303 0.06805311 0.05173691 0.01739200 0.03107251 0.03283251 0.05853101 0.04443441 0.00838051 0.02742941 0.04945121
70 0.06233389 0.03907479 0.03711719 0.07812738 0.01423840 0.03313569 0.09497908 0.04707589 0.02139550 0.04987509 0.13412997 0.04494539 0.03019419 0.03511789 0.02720199 0.04831799 0.11141598 0.00687511 0.03091889 0.05352969
71 0.06734260 0.04932930 0.02667350 0.04051470 0.01372940 0.02722770 0.05338460 0.06777250 0.02016630 0.10649000 0.07941320 0.04793130 0.10186600 0.03963060 0.03189340 0.07077910 0.05025530 0.00939532 0.03119820 0.06500700
72 0.06325597 0.03881298 0.02908829 0.03374399 0.01221749 0.03018189 0.04381108 0.05479668 0.01745989 0.15632293 0.10142396 0.03521518 0.02102929 0.03509398 0.02249679 0.07531197 0.03140739 0.00753814 0.02448619 0.16630593
73 0.18253202 0.04661521 0.03538010 0.04783421 0.01374350 0.03120920 0.09101901 0.04566331 0.02179350 0.08112971 0.08885731 0.04088660 0.02332970 0.03826640 0.03310720 0.04985401 0.04198111 0.00802568 0.03126940 0.04750281
74 0.06989983 0.04291512 0.03287421 0.04374922 0.01630691 0.03647851 0.05486422 0.06008632 0.02226381 0.06404803 0.09915104 0.05083862 0.03065291 0.04738622 0.03315821 0.04952072 0.14201006 0.00937870 0.03550901 0.05890832
75 0.05990844 0.04839393 0.02951702 0.03600542 0.01317251 0.02492661 0.11118307 0.05210373 0.02155711 0.07068954 0.08272155 0.04495873 0.03166062 0.03881322 0.02680842 0.14048008 0.04247873 0.00903612 0.03110422 0.08448095
76 0.11209398 0.04720969 0.03464579 0.04185489 0.01450010 0.02793420 0.10276198 0.04948829 0.02575790 0.06713339 0.08212209 0.09415308 0.02619910 0.04032829 0.03244709 0.05946999 0.04999299 0.00908206 0.02919880 0.05362629
77 0.20879593 0.03841309 0.03071179 0.04005699 0.01764159 0.02934119 0.03838879 0.05619468 0.01834559 0.09115317 0.10853596 0.03695139 0.02105839 0.04020429 0.02993709 0.05694988 0.04188909 0.00818514 0.03313119 0.05411478
78 0.10843607 0.04412753 0.02812822 0.04299063 0.01811071 0.04076903 0.05006713 0.05535213 0.02058471 0.18056711 0.07041694 0.04289673 0.01850581 0.03291042 0.03467872 0.07572055 0.04221823 0.00941919 0.03187812 0.05222203
79 0.08810988 0.04256069 0.05260089 0.03724389 0.01439000 0.02688930 0.04186619 0.05683909 0.02133710 0.05689679 0.22475096 0.04552269 0.02061040 0.03407039 0.02613700 0.06130449 0.04716139 0.00667088 0.02949079 0.06554719
80 0.06152046 0.03855228 0.02249079 0.03449698 0.01203409 0.02468229 0.04385407 0.09958564 0.01722499 0.07823095 0.08842715 0.03963558 0.02888758 0.03846598 0.02291709 0.16583490 0.02913688 0.01142359 0.03291578 0.10968293
81 0.07543881 0.04364861 0.03707651 0.04843601 0.07593601 0.04784791 0.04461621 0.04733751 0.02217200 0.07035981 0.07613391 0.05984611 0.02379850 0.03291431 0.09426922 0.06673761 0.04697821 0.00935444 0.03005950 0.04703881
82 0.09291487 0.03468269 0.02225619 0.03179659 0.01581310 0.03073199 0.03701779 0.05078128 0.01796169 0.13671296 0.12538396 0.03622719 0.02149459 0.03327549 0.02663569 0.14108796 0.04209259 0.00975580 0.02791389 0.06546368
83 0.06653088 0.03770329 0.02495539 0.04028919 0.01556050 0.03555259 0.05212829 0.05526319 0.02065549 0.06157838 0.08259438 0.04492269 0.02870269 0.04906399 0.03111259 0.09299048 0.16755196 0.00929366 0.03328229 0.05026809
84 0.20932394 0.03874109 0.03102889 0.04033709 0.01759489 0.02833619 0.03813219 0.05668118 0.01819189 0.09098867 0.10986597 0.03649669 0.02060709 0.04043489 0.02938469 0.05736538 0.04107499 0.00804840 0.03285389 0.05451198
85 0.07261769 0.03232730 0.03429260 0.02655230 0.00917130 0.02006220 0.03241930 0.05254980 0.01570020 0.13265299 0.20130298 0.03062080 0.02572830 0.03304680 0.01877870 0.06132120 0.03563520 0.00528418 0.02114020 0.13879599
86 0.18707303 0.03423451 0.02222510 0.03606211 0.01873580 0.03651881 0.03759821 0.04572491 0.01450950 0.15783303 0.06470171 0.03244751 0.01855900 0.03070601 0.07454281 0.06474671 0.04146501 0.00763963 0.02324050 0.05143611
87 0.05184729 0.04242309 0.07228319 0.03860619 0.01515090 0.02866359 0.05039299 0.10746298 0.01913470 0.06263099 0.09573018 0.04824129 0.02596209 0.03864969 0.02674459 0.10929598 0.03477389 0.01001490 0.02866979 0.09332168
88 0.19989590 0.03711348 0.02704609 0.04173498 0.01689039 0.03526448 0.04148658 0.04614498 0.01656159 0.09324965 0.08161546 0.03835228 0.02261339 0.04151458 0.08039526 0.05584157 0.04226858 0.00868421 0.02954598 0.04378058
89 0.06994381 0.04335291 0.03245750 0.04320371 0.01608090 0.03588580 0.05569671 0.06035811 0.02199160 0.06447501 0.10009701 0.04981601 0.03019020 0.04816821 0.03300630 0.04960361 0.14160902 0.00921058 0.03589600 0.05895701
90 0.08741441 0.04145560 0.05226800 0.03735270 0.01424370 0.02722980 0.04243840 0.05663600 0.02070380 0.05696580 0.22284001 0.04534750 0.02111430 0.03462850 0.02636660 0.06154660 0.04848240 0.00665904 0.03023760 0.06606920
91 0.05249672 0.04494452 0.02491181 0.03464791 0.01159910 0.02644691 0.09286163 0.04582142 0.01699181 0.07053582 0.08137833 0.04372011 0.02894631 0.03554451 0.02441721 0.19625107 0.03321741 0.00914726 0.02988311 0.09623703
92 0.19335286 0.03552378 0.02692378 0.04466547 0.01458339 0.02676218 0.03458708 0.05065576 0.01773849 0.07104425 0.10129393 0.03625017 0.02322688 0.09347493 0.02903778 0.05063676 0.04146797 0.01168299 0.04292447 0.05416706
93 0.04760461 0.04330901 0.03441561 0.03891321 0.01331180 0.02728801 0.04908221 0.06013942 0.01748921 0.05245822 0.07857602 0.04511181 0.02135331 0.03878221 0.02128131 0.09175443 0.03156661 0.00626291 0.02959501 0.25170507
94 0.05625650 0.04001230 0.03285970 0.05003070 0.01654530 0.02399220 0.09629050 0.05794340 0.02695990 0.05795440 0.08069300 0.13536100 0.03034130 0.04315150 0.03265060 0.06249700 0.05030630 0.01039150 0.03064430 0.06511860
95 0.07901598 0.04147089 0.03436669 0.04292859 0.01333850 0.02709209 0.04409539 0.05698808 0.02086289 0.05502358 0.15201495 0.04865699 0.02219949 0.11176297 0.03009969 0.06218078 0.05155418 0.01038020 0.03256719 0.06340088
96 0.07304967 0.03820498 0.02727189 0.03720088 0.01537209 0.02981339 0.04948038 0.11871195 0.02338149 0.05581978 0.09221886 0.04518128 0.02870959 0.04551618 0.02928919 0.05453598 0.14386194 0.00872272 0.03193739 0.05172038
97 0.13902601 0.03586220 0.02092390 0.03293080 0.01668900 0.02702470 0.03964860 0.05424171 0.01772140 0.09182211 0.09497111 0.03909990 0.02310120 0.03933260 0.02743460 0.15297002 0.03594710 0.01060770 0.03038550 0.07025981
98 0.08343228 0.04344819 0.02692659 0.10183697 0.01785660 0.03493969 0.03815859 0.04695129 0.01860379 0.06276008 0.15898096 0.04884119 0.02784659 0.04131459 0.03027519 0.05790978 0.04830669 0.00779498 0.03742869 0.06638728
99 0.07034614 0.04393043 0.02663192 0.10907906 0.02019391 0.09030355 0.05035643 0.04337292 0.01732241 0.08034235 0.08016775 0.04902143 0.02374491 0.04071812 0.03749742 0.05700223 0.05006473 0.00807053 0.03943882 0.06239494
100 0.08638691 0.04212821 0.05198831 0.03698230 0.01398700 0.02731420 0.04316121 0.05718631 0.02145200 0.05654781 0.22400103 0.04560691 0.02102260 0.03478230 0.02587030 0.06096641 0.04814041 0.00642188 0.02995470 0.06609921
101 0.05907016 0.04093568 0.02286719 0.03459918 0.01305539 0.02979418 0.04548847 0.04980877 0.01669689 0.08273855 0.09595804 0.04382077 0.02654328 0.03833178 0.02535248 0.18797289 0.03094368 0.01068189 0.03197678 0.11336393
102 0.11471700 0.04123750 0.03381300 0.03863130 0.01458030 0.02525650 0.04140930 0.05316260 0.01758000 0.07021980 0.10319700 0.04053040 0.02358360 0.04175730 0.02336390 0.05662170 0.03806710 0.00664531 0.03082040 0.18480600
103 0.15838293 0.03894098 0.02335319 0.03318528 0.01726409 0.02475859 0.03822398 0.12427494 0.02133399 0.08163476 0.09936735 0.03865938 0.02800669 0.04017678 0.02492089 0.05871357 0.04509828 0.00892947 0.03288598 0.06188887
104 0.07958230 0.04906650 0.03246970 0.04550980 0.01404620 0.03277820 0.05096850 0.05846670 0.02135320 0.06444720 0.08262130 0.05395740 0.02926880 0.10753600 0.03485240 0.06672300 0.05611260 0.01122450 0.03252520 0.07649050
105 0.11817489 0.03929996 0.03124557 0.03954646 0.01659818 0.02733057 0.04477936 0.05385595 0.01901698 0.05582215 0.09977371 0.04353286 0.02687808 0.04399046 0.02654518 0.05102445 0.10067291 0.00801221 0.03458217 0.11931789
106 0.08249339 0.04254649 0.02961810 0.03837009 0.01520070 0.03407219 0.04676209 0.05526049 0.01889250 0.16214397 0.09123719 0.03929649 0.02110220 0.03468249 0.02746720 0.07405559 0.03738389 0.00839886 0.02903610 0.11197998
107 0.10814990 0.03678337 0.02468908 0.04058266 0.01582899 0.03113997 0.04442576 0.04486956 0.02245408 0.05164495 0.07990143 0.09327022 0.02408928 0.04991086 0.02873017 0.05112305 0.10562790 0.01127759 0.08486292 0.05063825
108 0.06033878 0.04178789 0.02535389 0.03263519 0.00978669 0.02241969 0.04126359 0.05540968 0.01677749 0.11864596 0.10906597 0.03787649 0.06845048 0.07782448 0.02452719 0.06229318 0.04066219 0.00827161 0.02581759 0.12079196
109 0.05474079 0.05253749 0.02351450 0.03401620 0.01042130 0.01640180 0.06082019 0.16008298 0.02129200 0.03498050 0.05648899 0.05207739 0.17972198 0.03462590 0.02533250 0.05504429 0.03705400 0.00879230 0.02718240 0.05487249
110 0.05401970 0.13365899 0.04229080 0.04906720 0.02150180 0.02920740 0.05041960 0.04825890 0.01925510 0.05632260 0.08161160 0.12891799 0.03002430 0.03735200 0.02894770 0.05031250 0.03828960 0.00789866 0.02742590 0.06521770
111 0.06368309 0.05320109 0.03888009 0.04016499 0.01531620 0.02784860 0.11882798 0.06100809 0.02718200 0.07115169 0.09100079 0.04890749 0.03372059 0.04093749 0.03043540 0.06544639 0.05368199 0.00830856 0.03230939 0.07798809
112 0.08045629 0.03494100 0.02383500 0.03051880 0.01332640 0.02302420 0.03718870 0.12873899 0.02032580 0.06764799 0.14892099 0.03858050 0.03099690 0.03799020 0.02225220 0.10691099 0.03907330 0.00939799 0.03104930 0.07482449
113 0.07271621 0.04031811 0.02657861 0.04010581 0.01390350 0.03135321 0.04604141 0.05684981 0.05943431 0.05609091 0.07638122 0.04984381 0.02422460 0.09806372 0.02822391 0.05522781 0.04983601 0.01407510 0.09850952 0.06222241
114 0.15626608 0.03906182 0.02345541 0.03292072 0.01734341 0.02474191 0.03866872 0.12501906 0.02095211 0.08098744 0.10005305 0.03893392 0.02888361 0.03986742 0.02544161 0.05925323 0.04433082 0.00902052 0.03327692 0.06152223
115 0.05851660 0.04076310 0.02345700 0.03454530 0.01321240 0.03019600 0.04591030 0.04974960 0.01728290 0.08114820 0.09692270 0.04328130 0.02648380 0.03823170 0.02513400 0.18834500 0.03142190 0.01005740 0.03166280 0.11367800
116 0.08020232 0.04698891 0.02852521 0.04553591 0.01664850 0.03855581 0.05075622 0.05841592 0.01869571 0.07182652 0.09514603 0.04785261 0.02732711 0.03953601 0.02900281 0.06794242 0.05165672 0.00962370 0.10361703 0.07214452
117 0.07220824 0.12493106 0.03683712 0.04597102 0.01626591 0.02871481 0.05797653 0.05851893 0.02059281 0.07243204 0.09446875 0.04667702 0.03239772 0.04123522 0.02908771 0.06117763 0.04486502 0.00728469 0.03391552 0.07444224
118 0.08264051 0.03931680 0.02661970 0.04313550 0.01410100 0.02973480 0.04043280 0.05774201 0.01714180 0.05184681 0.14119301 0.04476540 0.02322500 0.09013071 0.02736290 0.05807491 0.04733420 0.01129900 0.09201381 0.06188931
119 0.08075336 0.03809978 0.03223998 0.03620998 0.01465809 0.02842339 0.04014178 0.04971218 0.02088429 0.05621297 0.19697890 0.04268758 0.02057919 0.03351688 0.02470899 0.14110493 0.04256428 0.00803130 0.02879999 0.06369217
120 0.18988421 0.02815593 0.02115392 0.02503483 0.01749972 0.01840682 0.02334343 0.09232290 0.01423622 0.12502514 0.14196116 0.02386653 0.02186022 0.03070533 0.01884632 0.05799846 0.03607154 0.00585939 0.02313773 0.08463019
121 0.06075161 0.03273401 0.03770931 0.02827461 0.00893523 0.01913760 0.03457541 0.05622341 0.01604550 0.09293422 0.19769504 0.03358411 0.02552391 0.03242211 0.01821630 0.06260211 0.03523451 0.00469447 0.02244450 0.18026204
122 0.06579520 0.14111300 0.02669910 0.04274730 0.01440440 0.02532360 0.06379960 0.06378360 0.06578350 0.06959970 0.08880240 0.04660040 0.03013190 0.03779390 0.02483400 0.04845810 0.04060720 0.00650911 0.02906570 0.06814830
123 0.05927519 0.04172029 0.02873879 0.03931499 0.01333050 0.02586409 0.05298759 0.06688328 0.02051790 0.05717549 0.12865397 0.04638219 0.08453858 0.03710989 0.02979779 0.04938679 0.11235097 0.00749184 0.03150119 0.06697868
124 0.05904620 0.03907340 0.02874360 0.03730130 0.01356730 0.02878340 0.12802301 0.04895660 0.02400680 0.06053870 0.07542740 0.04673940 0.03142000 0.04019640 0.02771570 0.10740801 0.10878801 0.00852085 0.03040270 0.05534120
125 0.05035569 0.04365159 0.08426378 0.03308929 0.01526680 0.02604799 0.05184289 0.14076197 0.02129639 0.05957569 0.11598497 0.05251019 0.03166509 0.03710809 0.02765199 0.04531449 0.04225419 0.00808224 0.02516759 0.08810908
126 0.07797192 0.03714021 0.02802611 0.03740021 0.01586480 0.03333261 0.04667141 0.10438302 0.01997960 0.05817801 0.08134002 0.04941461 0.02714651 0.04549161 0.07868742 0.05748581 0.11883402 0.01004470 0.02876951 0.04383791
127 0.10802702 0.04439861 0.02850781 0.04356501 0.01786180 0.04091321 0.05024321 0.05563241 0.02034200 0.18158003 0.07045691 0.04262111 0.01920210 0.03318971 0.03404751 0.07542781 0.04215331 0.00922801 0.03077931 0.05182311
128 0.04675379 0.04288029 0.03470949 0.03888869 0.01318060 0.02772779 0.04819279 0.06096619 0.01734070 0.05187229 0.07821978 0.04478709 0.02181249 0.03889739 0.02194149 0.09129858 0.03189709 0.00636594 0.02984859 0.25241894
129 0.07456688 0.04145199 0.03272819 0.04803619 0.02047299 0.10197997 0.04308309 0.05136489 0.01819679 0.08846028 0.08776788 0.04451079 0.02271549 0.04217539 0.03842739 0.06780558 0.05252479 0.00890228 0.04172709 0.07310208
130 0.06207679 0.03430710 0.02883230 0.03859750 0.01615180 0.08232389 0.03373290 0.04522230 0.01722340 0.07307189 0.15239199 0.03793970 0.02331580 0.03453340 0.03078960 0.13975199 0.04112570 0.00977489 0.03195500 0.06688209
131 0.08071765 0.05062953 0.02820542 0.10643407 0.01951491 0.03636352 0.04642133 0.05227983 0.01859671 0.07342375 0.09280336 0.05626024 0.02902452 0.04561923 0.03358772 0.06111864 0.04961083 0.00930296 0.03686452 0.07322125
132 0.05434439 0.04391719 0.03582879 0.04347019 0.01453330 0.03382999 0.04751989 0.05585979 0.01871230 0.04510689 0.07408689 0.05311329 0.02433200 0.04364079 0.07283729 0.06899849 0.03679779 0.00810185 0.03026590 0.19470297
133 0.06607518 0.11389397 0.03772869 0.04644209 0.01942190 0.07776978 0.05076539 0.04783989 0.01922950 0.07642038 0.07768158 0.04955879 0.02362919 0.03880909 0.03591199 0.06006328 0.05267949 0.00723095 0.03215539 0.06669348
134 0.08757559 0.04252739 0.05255509 0.03767399 0.01415800 0.02742970 0.04297839 0.05616679 0.02161150 0.05685399 0.22241496 0.04616479 0.02108180 0.03467089 0.02586470 0.06033769 0.04760829 0.00646896 0.02984860 0.06600889
135 0.06953862 0.04481011 0.03076141 0.03680801 0.01524330 0.02755361 0.04976921 0.13645504 0.02494751 0.07044752 0.10193403 0.04987821 0.03884921 0.04133041 0.02746521 0.05744382 0.05033541 0.00935252 0.03261521 0.08446162
136 0.05983247 0.10188694 0.03583328 0.04366927 0.01751849 0.04075868 0.05317547 0.05502147 0.02089229 0.05620297 0.08596715 0.05358137 0.02926408 0.04381297 0.03110988 0.04381227 0.13667992 0.00748788 0.03248758 0.05100557
137 0.06792813 0.05506782 0.03059961 0.10488805 0.01625181 0.03324591 0.09208834 0.05208122 0.02016561 0.07016063 0.08017494 0.05457942 0.02989521 0.04221862 0.03148221 0.05697433 0.04875942 0.00827195 0.03387292 0.07129383
138 0.06230943 0.05322792 0.03257801 0.04618182 0.01798461 0.03613732 0.04916852 0.05232312 0.02067691 0.05888103 0.08590034 0.10727505 0.02861731 0.03428942 0.03107811 0.06019173 0.05063512 0.00876224 0.09991085 0.06387113
139 0.06601002 0.03799551 0.02407851 0.03666091 0.01482980 0.03392211 0.04901161 0.05160502 0.02010471 0.07732312 0.09343133 0.04537001 0.02988491 0.04270831 0.02776881 0.14481204 0.09076383 0.01021450 0.03233831 0.07116662
140 0.05982213 0.09374655 0.03724412 0.04258832 0.01782411 0.02613731 0.04181112 0.05189313 0.02021831 0.05537003 0.15658408 0.11375506 0.02895241 0.03682662 0.02803161 0.05092783 0.03841032 0.00747800 0.02875411 0.06362483
141 0.05783901 0.04524371 0.03006571 0.03651291 0.01276220 0.03442861 0.12166702 0.04413921 0.02844870 0.12866202 0.06937961 0.03566291 0.02544380 0.03363131 0.02446340 0.05826221 0.05357441 0.00786853 0.08094661 0.07099811
142 0.04995082 0.03718002 0.02909501 0.03724012 0.01442021 0.07796614 0.04214332 0.04952832 0.01773981 0.11638206 0.07887384 0.03639622 0.02052881 0.03313032 0.02562761 0.07515034 0.03375262 0.00657980 0.03127952 0.18703509
143 0.05439445 0.04000537 0.03821827 0.09036902 0.01801249 0.02566768 0.05695915 0.10500591 0.02289358 0.05618745 0.08007343 0.11129791 0.02756738 0.04083987 0.03119547 0.05602485 0.04249666 0.00988332 0.02952388 0.06338385
144 0.05833488 0.04049458 0.02310609 0.03469519 0.01299379 0.03001949 0.04602208 0.05015798 0.01670189 0.08292517 0.09544406 0.04352398 0.02724659 0.03875738 0.02495219 0.18791692 0.03099289 0.01038080 0.03230909 0.11302495
145 0.05785553 0.05252133 0.03277982 0.08262594 0.01431231 0.02385971 0.10240606 0.10912706 0.02617841 0.06164163 0.08047064 0.04647293 0.03491922 0.03902742 0.02571691 0.05559243 0.04370872 0.00776096 0.03053112 0.07249184
146 0.15858892 0.03396598 0.02617879 0.04412728 0.01928829 0.09156716 0.03783538 0.04962768 0.01585749 0.09656435 0.08424196 0.03496498 0.01994569 0.04057188 0.03864068 0.06022537 0.04519338 0.00804189 0.03946358 0.05510927
147 0.06238820 0.04899680 0.03562290 0.04775230 0.02206840 0.09306759 0.03977520 0.04953510 0.01850320 0.07695520 0.08392869 0.09378179 0.02164380 0.04096600 0.04021300 0.06251110 0.05031400 0.00993906 0.03692280 0.06511490
148 0.06663531 0.03813241 0.02598510 0.04103111 0.01374620 0.03691271 0.04892871 0.04898181 0.01713960 0.05681431 0.07591531 0.04973831 0.07957061 0.04549381 0.10064601 0.05132101 0.11737402 0.00934286 0.02795860 0.04833221
149 0.07487528 0.04092239 0.03184639 0.04646389 0.02025889 0.10119697 0.04319209 0.05269858 0.01813529 0.08912957 0.08738747 0.04370619 0.02262229 0.04224229 0.03856219 0.06880578 0.05396658 0.00880961 0.04102339 0.07415488
150 0.07927749 0.04844470 0.03178900 0.04623500 0.01403730 0.03274940 0.05167139 0.05883849 0.02104270 0.06359099 0.08241959 0.05434219 0.02944990 0.10817099 0.03524630 0.06763779 0.05786309 0.01111580 0.03185140 0.07422649
151 0.20651084 0.03885417 0.03153988 0.04044947 0.01750739 0.02869598 0.03901177 0.05604736 0.01833409 0.09049573 0.11022992 0.03723347 0.02107398 0.03992097 0.02976498 0.05828866 0.04160397 0.00795905 0.03257118 0.05390716
152 0.07966256 0.04020323 0.02687642 0.04257383 0.01563811 0.03177912 0.04058093 0.05682174 0.01827701 0.04834533 0.15710311 0.04283543 0.02073901 0.05943884 0.02575112 0.05649374 0.04531003 0.01044201 0.12390509 0.05722334
153 0.05875478 0.05195658 0.03098449 0.08216257 0.01527939 0.02815649 0.09703186 0.05195578 0.01872599 0.06639737 0.07673487 0.04797018 0.03069659 0.03844479 0.02783939 0.11717396 0.04052078 0.00846368 0.03149869 0.07925177
154 0.16011600 0.04283090 0.02363520 0.09900060 0.01873670 0.03159640 0.03999480 0.04914700 0.01648250 0.07764310 0.09241450 0.04416910 0.02337490 0.04613400 0.03234840 0.05838510 0.04279800 0.00891353 0.03549850 0.05678080
155 0.06841250 0.04595420 0.03132440 0.03709310 0.01494950 0.02745300 0.04986500 0.13577300 0.02613000 0.06987190 0.10191900 0.05055070 0.03817980 0.04110840 0.02695090 0.05735530 0.05053740 0.00905112 0.03258210 0.08493870
156 0.08041199 0.03924370 0.02365520 0.04543260 0.01220490 0.03615340 0.04238830 0.05465779 0.01873210 0.04733290 0.07390699 0.04845080 0.02433520 0.11801799 0.02887200 0.05629269 0.04995570 0.01453220 0.11859099 0.06683259
157 0.15179795 0.09513187 0.03505959 0.04261659 0.05672448 0.03048779 0.04283119 0.05347998 0.01816629 0.07667137 0.08170567 0.04298879 0.02030769 0.03235909 0.02945049 0.06135058 0.04330469 0.00646753 0.02808189 0.05101648
158 0.08974157 0.04183389 0.05292848 0.03723529 0.01383200 0.02729539 0.04188579 0.05640258 0.02116889 0.05643148 0.22463193 0.04547799 0.02090219 0.03453309 0.02583189 0.06004338 0.04761369 0.00665639 0.02990619 0.06564788
159 0.08139728 0.03999179 0.04174649 0.03842959 0.01306920 0.02525449 0.04137559 0.05559178 0.02043909 0.05919118 0.20456294 0.04502489 0.02134399 0.08001118 0.02633909 0.05958088 0.04684589 0.00757498 0.02735459 0.06487508
160 0.07121030 0.03803000 0.04222200 0.03312820 0.01158500 0.02268770 0.03900850 0.05753830 0.01832340 0.07870920 0.19819900 0.03942340 0.02381130 0.03269440 0.02191270 0.06302560 0.04173430 0.00578832 0.02555940 0.13540900
161 0.07228710 0.12511200 0.03679190 0.04642950 0.01613150 0.02853990 0.05775140 0.05735390 0.02027970 0.07241730 0.09509510 0.04633150 0.03253770 0.04149680 0.02924340 0.06184660 0.04443180 0.00713991 0.03392020 0.07486280
162 0.07214402 0.03424951 0.03279621 0.02909591 0.01035960 0.02309241 0.03471801 0.05303602 0.01596761 0.13555404 0.17320106 0.03283651 0.02520111 0.03415321 0.02106061 0.06714592 0.03559821 0.00629317 0.02294381 0.14055305
163 0.08720895 0.03873138 0.03730638 0.03493298 0.01400449 0.02706658 0.04012988 0.05468327 0.01930609 0.11697893 0.18459089 0.04027058 0.02285059 0.03321628 0.02558179 0.06574166 0.04244778 0.00719208 0.02730508 0.08045435
164 0.06234255 0.03736923 0.02442452 0.03259632 0.01117701 0.02818112 0.03850003 0.05263304 0.01835341 0.11948209 0.13952210 0.03444573 0.02440202 0.04745793 0.02130572 0.06995615 0.03843553 0.00920078 0.07224865 0.11796609
165 0.04767401 0.03512391 0.03490071 0.03197300 0.01014300 0.02202360 0.04073081 0.05980001 0.01577440 0.07210391 0.13630702 0.03776121 0.02150820 0.03352711 0.01851160 0.08061931 0.02999760 0.00503525 0.02473630 0.24174904
166 0.08825504 0.02816841 0.02125041 0.04114072 0.01173010 0.02977211 0.03710361 0.05746132 0.01953951 0.05490852 0.07329243 0.04857402 0.01890091 0.10278404 0.02836961 0.06422133 0.04773812 0.05270682 0.12072705 0.05335592
167 0.17561495 0.03283329 0.02762819 0.03207339 0.01700190 0.02511499 0.03115079 0.05422039 0.01577930 0.13819996 0.14020096 0.03004489 0.01980919 0.03169529 0.02514259 0.06070228 0.03708949 0.00640596 0.02453849 0.07475368
168 0.06542881 0.11321302 0.03789741 0.04572681 0.01943240 0.07641461 0.05065151 0.04782981 0.01903600 0.07659891 0.07903462 0.04952711 0.02325120 0.03997131 0.03608211 0.06112791 0.05306341 0.00732101 0.03245751 0.06593451
169 0.08309843 0.04047972 0.02827411 0.04332452 0.01410311 0.03011291 0.04169742 0.05707652 0.01871521 0.05236482 0.13466505 0.04685972 0.02281891 0.09483054 0.02823961 0.06085902 0.04834612 0.01181150 0.07939823 0.06292453
170 0.07043086 0.04087098 0.03066728 0.04329308 0.01697259 0.04061188 0.05094017 0.05198817 0.01898689 0.06478677 0.08102006 0.05374627 0.02950249 0.04811128 0.09381635 0.05498387 0.11919994 0.01070149 0.03098988 0.04837968
171 0.07898158 0.04867219 0.03270519 0.04636799 0.01385700 0.03246549 0.05182619 0.05821669 0.02073450 0.06406369 0.08018128 0.05425519 0.02908049 0.10873698 0.03455899 0.06801159 0.05689919 0.01141830 0.03242219 0.07654528
172 0.06171021 0.12710302 0.09466071 0.03850731 0.02138870 0.02967130 0.05565241 0.04859351 0.01732240 0.06140191 0.10093801 0.05800361 0.02351100 0.03688401 0.02796210 0.04757871 0.04204871 0.00687926 0.02780610 0.07237701
173 0.06223130 0.03816950 0.02347550 0.03828090 0.01697880 0.03937590 0.04370380 0.04453880 0.01635010 0.07938920 0.07825890 0.04779090 0.02885940 0.04069380 0.09781750 0.16507600 0.03463550 0.01334910 0.02939750 0.06162760
174 0.06579109 0.03619969 0.03075679 0.03690569 0.01277230 0.02695280 0.04439969 0.05627719 0.01978890 0.05932509 0.15254897 0.04087129 0.03244769 0.08742758 0.02755610 0.04366069 0.11758498 0.00879728 0.03429959 0.06563659
175 0.06271044 0.03907302 0.02952422 0.03344192 0.01214581 0.02955342 0.04327163 0.05433593 0.01735241 0.15630609 0.10182006 0.03484452 0.02100281 0.03502882 0.02244371 0.07641545 0.03184922 0.00733871 0.02563772 0.16590410
176 0.06760400 0.04257020 0.03371450 0.04892060 0.01761750 0.09503430 0.09023800 0.04689110 0.01939110 0.08784360 0.07713920 0.04031380 0.02209860 0.04055830 0.03803880 0.06148390 0.05506480 0.00805689 0.03906830 0.06835250
177 0.07520379 0.04638020 0.03488850 0.04603570 0.01951090 0.04088630 0.05029969 0.05391899 0.02019930 0.07680869 0.08962539 0.05580229 0.03091520 0.04518620 0.09418439 0.06230239 0.05208169 0.01069910 0.03287170 0.06219959
178 0.05995040 0.04925710 0.03373540 0.04300890 0.01490210 0.03473780 0.04963190 0.05313600 0.02158830 0.14738199 0.07454799 0.09359909 0.02086670 0.03491200 0.03097940 0.06543719 0.03703610 0.00937338 0.02611880 0.09979949
179 0.15210501 0.03573790 0.02470390 0.03343210 0.01635360 0.02898310 0.03656560 0.05377470 0.01550330 0.16704701 0.09417921 0.02991960 0.01900720 0.03195190 0.02604130 0.06317290 0.03339610 0.00677484 0.02406670 0.10728401
