1 0.28198996 0.02089350 0.01756440 0.02319320 0.14709598 0.02588680 0.03323820 0.03016960 0.01019040 0.05412839 0.04901239 0.02132580 0.01869480 0.02215150 0.01682480 0.15130298 0.03167230 0.00698873 0.01388850 0.02378780
2 0.40258809 0.03589151 0.02406641 0.03396801 0.01265160 0.02306821 0.02951891 0.04055321 0.01875480 0.06774252 0.07356022 0.02651821 0.01399460 0.03267131 0.01910040 0.04335421 0.03094841 0.00726997 0.02831861 0.03546081
3 0.19039110 0.02081211 0.01200321 0.01935301 0.00957559 0.01864151 0.02850442 0.03930162 0.00898041 0.06864434 0.06133153 0.02526251 0.01585941 0.02793262 0.02148891 0.32904718 0.02457421 0.00548747 0.01487611 0.05793273
4 0.03688010 0.03836280 0.03163550 0.03299640 0.00832237 0.02525180 0.02983570 0.05064961 0.01703800 0.04815081 0.07698511 0.03881621 0.02013880 0.02874470 0.02317120 0.07104251 0.02523140 0.00617530 0.02470860 0.36586305
5 0.26365006 0.02696401 0.01738100 0.02896451 0.01050920 0.01578800 0.02764131 0.03773331 0.01256150 0.30233707 0.04228201 0.02475141 0.01053670 0.02203581 0.02044750 0.04624391 0.02317471 0.00547036 0.01710730 0.04442031
6 0.05163832 0.04685882 0.02023111 0.03305711 0.01388771 0.02645231 0.03176261 0.05579702 0.01494531 0.04571572 0.08005623 0.03275651 0.01811131 0.04379622 0.02385111 0.04548882 0.33177112 0.00870853 0.02991281 0.04520132
7 0.05282152 0.02529941 0.01870071 0.02350501 0.00980404 0.02243501 0.03237181 0.03774061 0.01246990 0.08024692 0.06693672 0.03306471 0.02055731 0.02706981 0.01919821 0.37072611 0.03342381 0.00696346 0.02004711 0.08661783
8 0.04729820 0.04090920 0.02584090 0.05092779 0.01571010 0.02047240 0.03856540 0.04521270 0.02065550 0.06257769 0.07392169 0.29645197 0.02002440 0.03152140 0.02665830 0.04919770 0.03055290 0.01053740 0.02842410 0.06454029
9 0.05068602 0.04792402 0.03594472 0.03057261 0.02140511 0.02157331 0.25708611 0.04944962 0.02295641 0.08001793 0.08326324 0.03838622 0.02977001 0.03769632 0.02023131 0.05047422 0.03182761 0.00870547 0.02977761 0.05225212
10 0.04017862 0.02900911 0.01302221 0.02713331 0.00935337 0.02021781 0.02937971 0.03341591 0.01281321 0.06685493 0.05659032 0.02657191 0.01584131 0.02513871 0.01954161 0.33146514 0.15246906 0.00678351 0.01826961 0.06595063
11 0.03565800 0.15452500 0.01870000 0.02426680 0.00705320 0.01906330 0.02866220 0.02255900 0.00979041 0.05934370 0.05348640 0.03662860 0.01680790 0.02624690 0.01811480 0.34171999 0.03068990 0.00598261 0.01662320 0.07407810
12 0.07804432 0.03386681 0.02585021 0.03459181 0.01539630 0.02260061 0.04814451 0.05060291 0.01558240 0.32133009 0.06255642 0.03903501 0.01774761 0.03129711 0.02528051 0.06795942 0.03047161 0.00739511 0.02190761 0.05033961
13 0.04096919 0.04045609 0.23121995 0.02214259 0.01307520 0.02609199 0.03428199 0.04057159 0.00862160 0.05979839 0.08556618 0.03055989 0.01642780 0.04391779 0.02211729 0.15396396 0.02362069 0.00725433 0.01687740 0.08246608
14 0.05838457 0.02136019 0.03192068 0.02694378 0.00861120 0.01661349 0.03944448 0.03941718 0.01368059 0.16356691 0.32870281 0.02931928 0.02137839 0.01953749 0.02096799 0.04444467 0.03038188 0.00549988 0.02055759 0.05926697
15 0.02980920 0.02548500 0.01941100 0.04047670 0.01104400 0.01500750 0.04471700 0.03656260 0.00948734 0.02653520 0.03933870 0.02580410 0.33647102 0.02769340 0.02877810 0.03613220 0.02438410 0.00626400 0.17811201 0.03848680
16 0.04729560 0.01740150 0.02172920 0.04169010 0.00592794 0.02338760 0.03186310 0.04042190 0.01204310 0.02753940 0.34646701 0.03233340 0.01212070 0.03560020 0.01500650 0.03428630 0.02448340 0.00751052 0.18931701 0.03357550
17 0.05904779 0.03461680 0.02666480 0.02931930 0.01812490 0.02779570 0.03374620 0.06206269 0.01769160 0.06995289 0.07413509 0.04239139 0.03047770 0.03694780 0.24379597 0.05572999 0.03935340 0.00869032 0.02458520 0.06487049
18 0.04175680 0.03814680 0.02189830 0.03630130 0.01105580 0.01911580 0.05000170 0.04205940 0.01021040 0.04190550 0.06042440 0.03235750 0.37657103 0.02417900 0.02968280 0.04898060 0.02787530 0.00567723 0.02594860 0.05585170
19 0.21692801 0.02356580 0.02275620 0.15577301 0.00794391 0.02156630 0.04395340 0.02469590 0.01747320 0.03037920 0.04812580 0.01802010 0.00981020 0.21861101 0.01157940 0.04749330 0.02118360 0.00543105 0.02795260 0.02675800
20 0.05186499 0.04598109 0.03582719 0.02905200 0.02139340 0.02117380 0.26188796 0.04967709 0.02332780 0.08024699 0.08413429 0.03777449 0.02770890 0.03780839 0.02137830 0.04951809 0.03377739 0.00910907 0.02793630 0.05042249
21 0.04567669 0.04187449 0.01840030 0.21511796 0.01391320 0.02157710 0.02277380 0.03998829 0.01252720 0.06061589 0.07327479 0.03998229 0.02575380 0.04174959 0.01937060 0.17362597 0.04572459 0.00699457 0.02170910 0.05934979
22 0.06384422 0.05291202 0.02147871 0.23989308 0.01681571 0.03326241 0.03737331 0.03530661 0.01823711 0.06843232 0.07929373 0.05742452 0.02619031 0.04117241 0.02106011 0.04316102 0.04097261 0.00860625 0.03050701 0.06405652
23 0.06270468 0.29605792 0.03347019 0.04521499 0.01224500 0.02282929 0.05000959 0.04002939 0.01142920 0.05516039 0.05929008 0.04299099 0.02463699 0.03861519 0.02119639 0.04450199 0.04621479 0.00862857 0.02138299 0.06339138
24 0.04670479 0.02342480 0.01721550 0.02585320 0.00830879 0.02689360 0.03413459 0.03524279 0.01600020 0.05409129 0.06859889 0.03755109 0.01925290 0.01987990 0.02003820 0.22150996 0.03366109 0.00825768 0.22750196 0.05587879
25 0.40137508 0.03605181 0.02314830 0.03291241 0.01131990 0.02201050 0.03103281 0.04025281 0.01813380 0.06895751 0.07523311 0.02642011 0.01357480 0.03316371 0.01821620 0.04499301 0.03097211 0.00696601 0.02884981 0.03641621
26 0.03899912 0.02922841 0.02018041 0.02590271 0.00708489 0.01327451 0.02357481 0.03416791 0.01353811 0.03821802 0.06380653 0.22707510 0.01374551 0.15261707 0.01458271 0.17754208 0.02197851 0.00756238 0.02893451 0.04798672
27 0.04619392 0.04207372 0.02546771 0.05020523 0.01550411 0.02135101 0.03649302 0.04550652 0.02096431 0.06290843 0.07602454 0.29306215 0.01976341 0.03072602 0.02675381 0.04880322 0.03190412 0.01013201 0.02915351 0.06700923
28 0.40471802 0.03371950 0.02338730 0.03141040 0.01094300 0.02206460 0.03049140 0.04089990 0.01832060 0.06940580 0.07358730 0.02706470 0.01507610 0.03260980 0.01872870 0.04393240 0.03071580 0.00689655 0.02876150 0.03726660
29 0.06009228 0.02836629 0.04036549 0.03106419 0.01099140 0.02203029 0.03698739 0.04708538 0.01670889 0.05002598 0.37382887 0.03536239 0.01664219 0.02680009 0.02001409 0.04708168 0.03997079 0.00699416 0.02853869 0.06104948
30 0.06749358 0.04065098 0.03041049 0.04253608 0.00924766 0.02950079 0.04255068 0.05694098 0.01871649 0.05499368 0.06837747 0.03575889 0.01612849 0.25980890 0.02564899 0.05283538 0.04962528 0.00940971 0.03250759 0.05685788
31 0.03765453 0.04045793 0.02021661 0.17499012 0.01735571 0.02198071 0.03574342 0.03545452 0.01808571 0.05668554 0.06007804 0.05732624 0.03088002 0.03861583 0.20137513 0.03998473 0.02868072 0.00994244 0.02648382 0.04800823
32 0.04833882 0.01587861 0.01789161 0.02483351 0.00744130 0.02441621 0.03256762 0.25083213 0.00984194 0.05369253 0.05804663 0.02948272 0.01745261 0.03534072 0.02081671 0.25725213 0.02092261 0.00794436 0.01720631 0.04980093
33 0.14062699 0.19430999 0.02660590 0.03040700 0.00796330 0.02039880 0.02909020 0.03064390 0.01037910 0.02508970 0.04028160 0.04962480 0.01740240 0.02874710 0.01663450 0.03864170 0.02592820 0.00659244 0.01933040 0.24130199
34 0.05287248 0.02516419 0.02156489 0.02867309 0.00953612 0.02057049 0.04097989 0.04460858 0.01700059 0.32003389 0.05711758 0.03367739 0.01269410 0.02573459 0.02161009 0.06930248 0.02414799 0.00626623 0.01781039 0.15063495
35 0.05371351 0.02661131 0.01860760 0.02243810 0.00944366 0.02117070 0.03477501 0.03647931 0.01344600 0.07980992 0.06809941 0.03160281 0.02094200 0.02881571 0.01999420 0.36686307 0.03160961 0.00592244 0.02087610 0.08877952
36 0.05329261 0.02778250 0.01739130 0.02437160 0.00928080 0.02314660 0.03289220 0.03816000 0.01351390 0.07929991 0.06558601 0.03276630 0.02163370 0.02970340 0.02170950 0.36279104 0.03369390 0.00683510 0.02275710 0.08339251
37 0.28610904 0.01843600 0.01174200 0.01623690 0.01049820 0.01661020 0.02387340 0.03778741 0.00817170 0.06368761 0.05553301 0.02174600 0.01369460 0.02626850 0.02091450 0.29201904 0.02208950 0.00484116 0.01475020 0.03499100
38 0.06797050 0.05091880 0.02126560 0.24397000 0.01532080 0.03308900 0.03692010 0.03574530 0.01792860 0.06589370 0.07978270 0.05498620 0.02577850 0.04035690 0.02029050 0.04434840 0.04276150 0.00793611 0.03160810 0.06312870
39 0.40673190 0.03575139 0.02296299 0.03200099 0.01242740 0.02187049 0.03103029 0.04196989 0.01819410 0.06646168 0.07257408 0.02767819 0.01409230 0.03108159 0.01902190 0.04295909 0.03199369 0.00667275 0.02830739 0.03621789
40 0.05433601 0.02720271 0.01755780 0.02408741 0.01063080 0.02178131 0.03268171 0.04016501 0.01332060 0.07919992 0.06884852 0.03342841 0.01988541 0.02898991 0.01973531 0.36385409 0.03318261 0.00680174 0.02069221 0.08361852
41 0.28329275 0.02278258 0.01791928 0.02378308 0.14543487 0.02529208 0.03290857 0.02919187 0.01030439 0.05350525 0.04911736 0.02225568 0.01870608 0.02238298 0.01744978 0.14959487 0.03060727 0.00735346 0.01381589 0.02430188
42 0.40595299 0.03493980 0.02307220 0.03392790 0.01198700 0.02319400 0.03090220 0.03994690 0.01757130 0.06656880 0.07511330 0.02607820 0.01330060 0.03192120 0.01802300 0.04478520 0.03217710 0.00693322 0.02896560 0.03463950
43 0.36448292 0.02281949 0.01823700 0.02249010 0.00845681 0.01535490 0.02435429 0.17481296 0.01936900 0.05714449 0.06069519 0.02122000 0.01182810 0.03038249 0.01626720 0.04044759 0.02615919 0.00663261 0.02883249 0.03001319
44 0.05037758 0.04595848 0.02115669 0.03553029 0.01366289 0.02400959 0.03371929 0.05653748 0.01511319 0.04809938 0.07898927 0.03212179 0.01805899 0.04542068 0.02504519 0.04444108 0.33257487 0.00955288 0.02784959 0.04178078
45 0.03685398 0.02601558 0.02877898 0.02687308 0.00760765 0.02319879 0.03086838 0.04345787 0.01778389 0.16502590 0.07176815 0.03139858 0.01707089 0.02570938 0.01982279 0.07212325 0.02296639 0.00626458 0.01836109 0.30805081
46 0.06475043 0.04840932 0.02238551 0.24394011 0.01747461 0.03203161 0.03984822 0.03518412 0.01828411 0.06710293 0.08101234 0.05616033 0.02668921 0.04137482 0.02174941 0.04257042 0.04120312 0.00799644 0.03101971 0.06081323
47 0.04361100 0.24390001 0.02018970 0.04136020 0.01713670 0.02855290 0.03754780 0.02700210 0.00911491 0.03339240 0.05333560 0.23931701 0.01857730 0.02485650 0.01951850 0.03088900 0.03679210 0.00483115 0.02045680 0.04961830
48 0.05399110 0.02680890 0.01904740 0.02454290 0.00939526 0.02151550 0.03292630 0.03818620 0.01314220 0.07955149 0.06708219 0.03236870 0.02066210 0.02827430 0.02056100 0.36629397 0.03297150 0.00720112 0.02065740 0.08482049
49 0.03123590 0.03968750 0.02216650 0.02740480 0.00852228 0.02484520 0.02288010 0.02929770 0.01373780 0.03717510 0.31062599 0.25217799 0.01718620 0.01742820 0.01887120 0.03481740 0.02348490 0.00589075 0.02150990 0.04105460
50 0.02898170 0.04644360 0.01842040 0.02689660 0.01009060 0.02195010 0.03568110 0.04051270 0.01209410 0.03011290 0.05529480 0.24526498 0.01578910 0.03074670 0.01656320 0.02994370 0.27433498 0.00703228 0.02428680 0.02955970
51 0.05398363 0.02635142 0.01869651 0.02288651 0.01021881 0.02140031 0.03441932 0.03788592 0.01274731 0.08053145 0.06623934 0.03260202 0.01968251 0.02886422 0.02099791 0.36691022 0.03271672 0.00692201 0.02076051 0.08518335
52 0.04472509 0.24623595 0.01915600 0.04042609 0.01711410 0.02733899 0.03629629 0.02658999 0.00906363 0.03348539 0.05251089 0.24020995 0.01839990 0.02478389 0.01866170 0.03041699 0.03649919 0.00491488 0.02214620 0.05102489
53 0.07536351 0.03241450 0.02508310 0.03689960 0.01580530 0.02421370 0.04842030 0.05091960 0.01689840 0.32488303 0.06322801 0.03737240 0.01703760 0.03155900 0.02424570 0.06831811 0.02971640 0.00721922 0.02078060 0.04962190
54 0.05216189 0.02706429 0.01861900 0.02361959 0.00964125 0.02117509 0.03136869 0.03850229 0.01232030 0.08095288 0.06838298 0.03104359 0.01993800 0.02846429 0.01995910 0.37076091 0.03293989 0.00667140 0.02022899 0.08618558
55 0.03320057 0.02218658 0.01842278 0.02576778 0.00987872 0.01615929 0.02711368 0.03593617 0.01144899 0.17462985 0.06258835 0.21112182 0.17046985 0.01801488 0.02362548 0.03147717 0.03159217 0.00579153 0.02040148 0.05017286
56 0.04911024 0.01915272 0.01998432 0.02196442 0.01341201 0.01295311 0.20242316 0.18267015 0.01356651 0.06176005 0.05273824 0.02471522 0.02494172 0.02809942 0.01731191 0.17296614 0.02219812 0.00604349 0.01624811 0.03774093
57 0.03639340 0.02478900 0.01433060 0.02230200 0.01053200 0.01740190 0.02390340 0.04886170 0.01329560 0.04436280 0.25736301 0.02117640 0.01909270 0.03206200 0.01496790 0.02237740 0.31490102 0.00926095 0.02181290 0.03081330
58 0.18765688 0.02883548 0.01984819 0.20529287 0.01069389 0.02145319 0.03612658 0.13909491 0.01253399 0.05294727 0.06024796 0.02562508 0.01749119 0.03469618 0.01390439 0.04013767 0.02959518 0.00679453 0.02321519 0.03380938
59 0.04167861 0.02047301 0.01475321 0.02258701 0.00916676 0.02145701 0.02697411 0.03591591 0.01508871 0.14037305 0.04843522 0.02419221 0.02226691 0.05116262 0.01468870 0.03096081 0.15738605 0.00626970 0.25202009 0.04415032
60 0.07568641 0.03388820 0.02441080 0.03627290 0.01514680 0.02387470 0.04854290 0.05116491 0.01703100 0.32520603 0.06382931 0.03685200 0.01561690 0.03099620 0.02453930 0.06876151 0.02900310 0.00729760 0.02192050 0.04995890
61 0.06003896 0.02825948 0.04148797 0.03018128 0.01107529 0.02053019 0.03972307 0.05040287 0.01567209 0.05241697 0.36700077 0.03589708 0.01728439 0.02830408 0.02143689 0.04699637 0.03666558 0.00735914 0.02696448 0.06230306
62 0.03471712 0.01970241 0.02198341 0.02632742 0.00644017 0.01470121 0.03971483 0.04597983 0.00911433 0.17380511 0.22604215 0.02158151 0.17522211 0.01595691 0.01612081 0.03651672 0.02604702 0.00448306 0.01865051 0.06689334
63 0.05261609 0.02403820 0.02316710 0.02839089 0.00978412 0.02187200 0.03965979 0.04607099 0.01769510 0.29040694 0.06201599 0.03113269 0.01476010 0.02674839 0.02142370 0.07543549 0.02625880 0.00606247 0.01789120 0.16456997
64 0.20279398 0.04182600 0.02934350 0.14457499 0.01200040 0.02605500 0.19250398 0.02905230 0.01042720 0.05069089 0.05649629 0.02321310 0.01714240 0.04464420 0.01397610 0.02801880 0.01973010 0.00621960 0.02387850 0.02741270
65 0.04191279 0.02387520 0.01387350 0.03248499 0.21791097 0.02236230 0.03281989 0.03910719 0.01334230 0.04179609 0.05910689 0.02388280 0.01325350 0.01789170 0.01901970 0.04578179 0.29376895 0.00782276 0.01609460 0.02389210
66 0.27261703 0.03152140 0.02438700 0.02717590 0.00973598 0.01935940 0.02797930 0.03986960 0.01597300 0.06441251 0.08255011 0.03125720 0.01974500 0.03417680 0.02152830 0.03909640 0.02669590 0.00793250 0.02686960 0.17711702
67 0.19144495 0.02113099 0.01289660 0.01872840 0.00989480 0.01726010 0.03000509 0.03806099 0.00917260 0.07126738 0.06066258 0.02624679 0.01725790 0.02639769 0.02097839 0.32813691 0.02383039 0.00493996 0.01694540 0.05474209
68 0.06034404 0.03860563 0.02224262 0.25454818 0.01557671 0.02614342 0.12489609 0.03148062 0.01104041 0.06092784 0.06994065 0.04907413 0.02522922 0.04415683 0.01618591 0.02789412 0.02692102 0.00729211 0.03367862 0.05382184
69 0.07737669 0.03255080 0.02501220 0.03777479 0.01429550 0.02193570 0.04635129 0.04990349 0.01774430 0.32565495 0.06446549 0.03586959 0.01688430 0.03064920 0.02417680 0.06904749 0.02928150 0.00770545 0.02187880 0.05144169
70 0.04396400 0.03164800 0.02518430 0.12821301 0.01524530 0.01479040 0.19586801 0.04090630 0.01108810 0.06295190 0.06202600 0.03176000 0.03204290 0.03537020 0.01650970 0.14781101 0.03146890 0.00641633 0.02240870 0.04432690
71 0.03938039 0.03709549 0.02037560 0.03720449 0.00982247 0.02029600 0.04872859 0.04189669 0.01044660 0.04302539 0.05834839 0.03045960 0.38722994 0.02305620 0.03056510 0.04863029 0.02746370 0.00566069 0.02667720 0.05363719
72 0.05164747 0.02468579 0.02199229 0.02708839 0.00988260 0.01948129 0.04152328 0.04406588 0.01691609 0.32404783 0.05451177 0.03277498 0.01308809 0.02374159 0.02187979 0.07326196 0.02405929 0.00549003 0.01790369 0.15195792
73 0.35400098 0.03842580 0.03059400 0.04438600 0.01135680 0.02418550 0.15719499 0.02919450 0.01658710 0.05495790 0.05472760 0.02232470 0.01373340 0.03231790 0.01270320 0.03099090 0.01974990 0.00615676 0.02188420 0.02452790
74 0.05171139 0.04818899 0.02142280 0.03570559 0.01370190 0.02360879 0.03225639 0.05708759 0.01675950 0.04659169 0.07773758 0.03349439 0.01826070 0.04425799 0.02340919 0.04366459 0.33240093 0.00933172 0.02804229 0.04236599
75 0.05342163 0.04775083 0.03458462 0.02973822 0.02090481 0.02118801 0.25935414 0.05004173 0.02320501 0.08119224 0.08274944 0.03871822 0.02970992 0.03689102 0.01928871 0.05080563 0.03208772 0.00901856 0.02819482 0.05115473
76 0.05612942 0.04334852 0.03500231 0.14922506 0.01665281 0.02082111 0.19958008 0.03884422 0.01320111 0.06165393 0.07065323 0.03978602 0.03137111 0.04179272 0.01827371 0.03817032 0.02959221 0.00799618 0.03500911 0.05289682
77 0.40622005 0.03575560 0.02120180 0.03253930 0.01206860 0.02367710 0.02987730 0.04154280 0.01840780 0.06754751 0.07308131 0.02599680 0.01504670 0.03290050 0.01820580 0.04511251 0.03034460 0.00642798 0.02682510 0.03722080
78 0.07828293 0.03220181 0.02394851 0.03464941 0.01427011 0.02352671 0.04971962 0.05043622 0.01595771 0.32343812 0.06246102 0.03549881 0.01727591 0.03201351 0.02583951 0.07004423 0.02921971 0.00808464 0.02168271 0.05144882
79 0.06080660 0.02859970 0.03929710 0.03021270 0.01178530 0.02202230 0.03823430 0.04771720 0.01635960 0.05263020 0.37144800 0.03704780 0.01827150 0.02641660 0.02022510 0.04566980 0.03920380 0.00736710 0.02818530 0.05850000
80 0.04838360 0.01819650 0.01783110 0.02646900 0.00784275 0.02667690 0.03575270 0.18727698 0.01097660 0.06035669 0.06393229 0.03362590 0.01757890 0.03412420 0.02077990 0.28405497 0.02078860 0.00840495 0.01804440 0.05890309
81 0.06104271 0.04123871 0.02969161 0.04121651 0.24663205 0.04699541 0.06084471 0.04073011 0.01940330 0.06588991 0.06612351 0.05033451 0.01982610 0.02271780 0.03229371 0.04508841 0.03815331 0.01315570 0.01945980 0.03916211
82 0.06642014 0.02545718 0.02662528 0.03103677 0.01134039 0.01960698 0.04600286 0.04587726 0.01496799 0.27153877 0.19248884 0.03339317 0.01935838 0.02378578 0.02387348 0.05358835 0.02555118 0.00672834 0.01972708 0.04263176
83 0.04652860 0.04008700 0.01467940 0.03770350 0.01305970 0.02082730 0.02882880 0.04274860 0.01221670 0.04038740 0.05479730 0.02430770 0.01271470 0.03249760 0.02295510 0.16105999 0.32478498 0.00901025 0.01984370 0.04096170
84 0.40359600 0.03641500 0.02316000 0.03178050 0.01202720 0.02195870 0.03122610 0.04131780 0.01817010 0.06669870 0.07378850 0.02511420 0.01460400 0.03343240 0.01934810 0.04406520 0.03178720 0.00712009 0.02833930 0.03605090
85 0.04290917 0.01440839 0.02869958 0.02026139 0.00487978 0.01423369 0.02942208 0.03703818 0.00952198 0.16501589 0.31745779 0.02226319 0.02740418 0.01828239 0.01534199 0.03272618 0.01663839 0.00388800 0.01511089 0.16449689
86 0.04677409 0.02751709 0.02454469 0.04302779 0.17927596 0.02495679 0.05662389 0.03896439 0.01412860 0.29674094 0.03320009 0.03413609 0.01124180 0.01968400 0.02279780 0.04796699 0.02383999 0.00753651 0.01411610 0.03292639
87 0.05528439 0.03052360 0.02524250 0.02628420 0.01122230 0.02575060 0.04108339 0.27993296 0.02200060 0.06762649 0.08637579 0.03446430 0.02450110 0.04117469 0.02902570 0.04619619 0.04831479 0.00794404 0.02623240 0.07081999
88 0.33963396 0.02520730 0.01739520 0.02522400 0.00688324 0.01374720 0.02047930 0.02598620 0.01256700 0.23979297 0.06865659 0.02141620 0.01275340 0.02635420 0.01446160 0.02703890 0.02187640 0.00547049 0.01781290 0.05724299
89 0.05294451 0.04619171 0.02128391 0.03428611 0.01361350 0.02526291 0.03264091 0.05540621 0.01589450 0.04646181 0.08084042 0.03359531 0.01875860 0.04480481 0.02337241 0.04535281 0.33064008 0.00883306 0.02718501 0.04263141
90 0.06142338 0.02940449 0.04050349 0.03110049 0.01194720 0.02205079 0.03842129 0.04790688 0.01586929 0.05099988 0.37566388 0.03624889 0.01733829 0.02595499 0.01966669 0.04792878 0.03549049 0.00653443 0.02718099 0.05836538
91 0.05329251 0.04712831 0.03537501 0.02924881 0.02073230 0.02221480 0.25854305 0.05007451 0.02392130 0.08306001 0.08149761 0.03819491 0.03020571 0.03526971 0.02004620 0.04873301 0.03428771 0.00915412 0.02757330 0.05144711
92 0.40381606 0.03496170 0.02294450 0.03170660 0.01247800 0.02303140 0.03075180 0.04073201 0.01816170 0.06654301 0.07657151 0.02648460 0.01455310 0.03198440 0.01891450 0.04388721 0.03157280 0.00666546 0.02911290 0.03512670
93 0.03812021 0.03651251 0.03135181 0.03302491 0.00889256 0.02516311 0.02838191 0.04725191 0.01776571 0.04873901 0.07579882 0.03775451 0.02026421 0.03052091 0.02288191 0.07225922 0.02821331 0.00617324 0.02415111 0.36677911
94 0.02908201 0.03577101 0.02229541 0.03085211 0.01788711 0.01492740 0.23166607 0.03905611 0.01159140 0.05534762 0.06357602 0.24878007 0.02002421 0.02648431 0.01378430 0.04014201 0.03039421 0.01049360 0.02147591 0.03636911
95 0.06070417 0.02125419 0.02490279 0.02751939 0.00847286 0.01590749 0.04113818 0.03945438 0.01318669 0.25481386 0.25188886 0.02953008 0.02248619 0.01969769 0.02259819 0.04473398 0.02513479 0.00549958 0.01637009 0.05470657
96 0.05188320 0.04682260 0.02205770 0.03501700 0.01315630 0.02491190 0.03102630 0.05470740 0.01629280 0.04543610 0.07582740 0.03416280 0.01757810 0.04392180 0.02238730 0.04458790 0.34054400 0.00883081 0.02957940 0.04126920
97 0.05325910 0.02735430 0.01808880 0.02543020 0.00966771 0.02171530 0.03145550 0.03750340 0.01348260 0.07962640 0.06700270 0.03091610 0.02163800 0.02920800 0.02104520 0.36549201 0.03379270 0.00631997 0.02316820 0.08383380
98 0.06360774 0.04379723 0.02528772 0.22659614 0.01599231 0.02785052 0.13272408 0.03300842 0.01131371 0.06049064 0.07004874 0.05050023 0.02561032 0.04151353 0.01721481 0.02924062 0.02777432 0.00693969 0.03468542 0.05580383
99 0.06482249 0.05194929 0.02313460 0.23687597 0.01661450 0.03369740 0.03769370 0.03595000 0.01737710 0.06748339 0.07959619 0.05532879 0.02800490 0.04110339 0.01973920 0.04413549 0.04331369 0.00806583 0.02864390 0.06647019
100 0.06017222 0.02939541 0.04098421 0.03063371 0.01123090 0.02181181 0.03956031 0.04849451 0.01736830 0.05069531 0.37011710 0.03558391 0.01858941 0.02742311 0.01933871 0.04546461 0.03858351 0.00704013 0.02761681 0.05989602
101 0.05228460 0.02609690 0.01871820 0.02343930 0.00988410 0.02257530 0.03429130 0.03803460 0.01219280 0.07887550 0.06742760 0.03328570 0.02153050 0.02692030 0.01975170 0.36827801 0.03232190 0.00651986 0.02043090 0.08714090
102 0.23184192 0.03029059 0.02463229 0.02829219 0.13493595 0.02826369 0.03291469 0.03153749 0.01622169 0.04375138 0.05806888 0.03271209 0.01739259 0.02446339 0.01917039 0.03466889 0.02456589 0.00937466 0.02389039 0.15301094
103 0.05461438 0.03017939 0.02454039 0.02356249 0.01128700 0.02345879 0.04068589 0.28391791 0.02256889 0.06845828 0.08909367 0.03513969 0.02439799 0.03931859 0.02779589 0.04797549 0.04752569 0.00826911 0.02586279 0.07134768
104 0.06691314 0.04266643 0.03096842 0.04191293 0.00941346 0.02641142 0.04150653 0.05463034 0.01693871 0.05839544 0.06342254 0.03515692 0.01808321 0.25885317 0.02321432 0.05516954 0.05419064 0.01043651 0.03162332 0.06009304
105 0.03083369 0.04015139 0.03543849 0.02952969 0.00564497 0.02228410 0.02888500 0.04551989 0.01291870 0.03769039 0.05196099 0.03238259 0.01589140 0.17106597 0.01995840 0.05325439 0.02070020 0.00706900 0.02610480 0.31271595
106 0.05204259 0.02392999 0.02326679 0.02629679 0.00945205 0.02151379 0.03938889 0.04437849 0.01624510 0.29959293 0.06258418 0.03305499 0.01358200 0.02662409 0.02213889 0.07390368 0.02552869 0.00633079 0.01899530 0.16114996
107 0.16375813 0.03348473 0.01677441 0.02166722 0.01242411 0.02140892 0.02660292 0.02874502 0.01278371 0.03300313 0.04880744 0.13162710 0.01497461 0.02486522 0.01348401 0.03532003 0.15305712 0.00756904 0.16774813 0.03189502
108 0.04591220 0.02318420 0.02180340 0.02582510 0.00694287 0.01827220 0.03910810 0.04421800 0.01436360 0.26651699 0.05318500 0.02554680 0.01002180 0.13941299 0.02603560 0.04256410 0.02533240 0.00629577 0.01871590 0.14674299
109 0.04024631 0.03892851 0.02170380 0.03724101 0.01089530 0.01987780 0.04778611 0.04411801 0.01052830 0.04176691 0.05717351 0.03101371 0.37894107 0.02369660 0.02938781 0.05178821 0.02980001 0.00551321 0.02626820 0.05332561
110 0.04678788 0.29498784 0.02472859 0.04128378 0.01454809 0.02606819 0.04342038 0.02849028 0.00863236 0.03770888 0.05183027 0.16325791 0.01989199 0.02702579 0.01914439 0.03265048 0.04262408 0.00546717 0.01982179 0.05162987
111 0.05376839 0.04980959 0.03450209 0.02934999 0.02200080 0.02191690 0.25773495 0.04921659 0.02187430 0.07824148 0.08236238 0.03751329 0.02971159 0.03575099 0.01954370 0.05193729 0.03448159 0.00918511 0.02932599 0.05177299
112 0.04671497 0.01915409 0.02049368 0.02292778 0.00909619 0.02525808 0.03543887 0.28524179 0.01290869 0.05774756 0.06954965 0.03064498 0.02014349 0.04013867 0.02590678 0.16590088 0.02853148 0.00829573 0.01968379 0.05622286
113 0.04895393 0.03216012 0.02137801 0.03906692 0.00942705 0.02494741 0.03782992 0.05647153 0.01982281 0.04565453 0.04565603 0.03059222 0.01030971 0.27083315 0.01825841 0.03400752 0.03779912 0.01075901 0.16206909 0.04400352
114 0.21355704 0.02272220 0.01823500 0.01967680 0.00918199 0.01778650 0.03128691 0.25408205 0.01818360 0.06663691 0.07266871 0.02402780 0.01845710 0.03350861 0.02102440 0.04429141 0.03361531 0.00705873 0.02525420 0.04874471
115 0.05251412 0.02600391 0.01751771 0.02359971 0.00946628 0.02102271 0.03438692 0.03760502 0.01366211 0.08090164 0.06761493 0.03394042 0.02100191 0.02852501 0.02130401 0.36467316 0.03326711 0.00698797 0.02205681 0.08394854
116 0.06959469 0.02915480 0.02421140 0.03827400 0.01082940 0.03880280 0.04526440 0.04657570 0.01516510 0.05080320 0.08659819 0.04266220 0.02610170 0.03895670 0.02192750 0.04512560 0.04259410 0.00979998 0.25893298 0.05862560
117 0.06169311 0.29781007 0.03407001 0.04754981 0.01231990 0.02418611 0.04972241 0.03825901 0.01084350 0.05410671 0.05875461 0.04450621 0.02397991 0.03791641 0.01921890 0.04360721 0.04956721 0.00899828 0.02034060 0.06255001
118 0.05017992 0.02847221 0.01864011 0.04218992 0.01034740 0.02827541 0.03850642 0.05076212 0.01614011 0.04464122 0.06490793 0.03313351 0.01393751 0.16516107 0.01780951 0.03390821 0.03423971 0.01048320 0.25229010 0.04597442
119 0.06149753 0.02982631 0.04073032 0.02978801 0.01184441 0.02082231 0.03823712 0.04677432 0.01681941 0.05171342 0.37515116 0.03449171 0.01794681 0.02790181 0.02023691 0.04588902 0.03820442 0.00673627 0.02678391 0.05860483
120 0.05105101 0.01860700 0.02025720 0.02401531 0.13110503 0.01611400 0.04669941 0.16172503 0.01326300 0.14358303 0.16250703 0.02488441 0.01789810 0.01962650 0.01590700 0.03471261 0.03096681 0.00620009 0.01214900 0.04872841
121 0.03058379 0.01756820 0.03183859 0.02145739 0.00538005 0.01353580 0.02354719 0.04986359 0.01217770 0.05563969 0.30926092 0.02443549 0.01801170 0.01629300 0.01577860 0.03730189 0.01532960 0.00391151 0.01755540 0.28052993
122 0.07020318 0.02818179 0.02382829 0.03509309 0.01532960 0.02148939 0.05621058 0.06885128 0.22276293 0.06486948 0.08200178 0.04463849 0.01697309 0.03482849 0.02497059 0.04583379 0.03847119 0.01001560 0.02184129 0.07360608
123 0.03991370 0.03944560 0.02190180 0.03497850 0.01058650 0.01999050 0.04828440 0.04428160 0.01058350 0.04190080 0.05920620 0.03352770 0.37479002 0.02353370 0.03007500 0.05132070 0.02904820 0.00525504 0.02625850 0.05511800
124 0.03090928 0.04187677 0.02230778 0.02386698 0.00982274 0.02099958 0.15763688 0.03196628 0.01048059 0.03024778 0.04816056 0.17735887 0.01591819 0.02914528 0.01502829 0.03703037 0.24813882 0.00659098 0.02092458 0.02158938
125 0.05533084 0.04433623 0.26218817 0.02637662 0.01468521 0.02342192 0.04975193 0.04084303 0.01467711 0.05779914 0.12633408 0.03432662 0.01938311 0.03370162 0.02265061 0.03925563 0.02957982 0.00833685 0.02273682 0.07428465
126 0.04805998 0.03080629 0.01187440 0.02236449 0.00897769 0.01881529 0.02613239 0.03293999 0.00928762 0.03633129 0.04691088 0.02154739 0.01655219 0.02593779 0.17414993 0.16672593 0.23603590 0.00697820 0.01638489 0.04318748
127 0.07769006 0.03236368 0.02449199 0.03561428 0.01458659 0.02167049 0.04910497 0.05135677 0.01700219 0.32731582 0.06224767 0.03647468 0.01674139 0.03224388 0.02444989 0.06778666 0.02975698 0.00847984 0.02099709 0.04962507
128 0.03957230 0.03953010 0.03009460 0.03339390 0.00822236 0.02668650 0.02927670 0.04920360 0.01695280 0.04781950 0.07069620 0.03702780 0.01985280 0.02927310 0.02152050 0.07567990 0.02786790 0.00623595 0.02465650 0.36643700
129 0.06336891 0.03374341 0.02548601 0.04389461 0.02397630 0.27504606 0.03332851 0.04824101 0.01330030 0.05516831 0.06968601 0.03201001 0.01953750 0.03621051 0.02400730 0.05288031 0.03828491 0.01037200 0.03800201 0.06345601
130 0.06204858 0.03560759 0.02539539 0.04319689 0.02473429 0.27094192 0.03281169 0.04818919 0.01382900 0.05725078 0.06989518 0.03160469 0.01887249 0.03570149 0.02530159 0.05156468 0.03796349 0.01035510 0.03937919 0.06535678
131 0.06464132 0.05171362 0.02199481 0.23913508 0.01619721 0.03110041 0.03746501 0.03538021 0.01730691 0.06780932 0.07899153 0.05630312 0.02564571 0.04212401 0.01998961 0.04461832 0.04290282 0.00867555 0.03261961 0.06538582
132 0.03780798 0.03799428 0.03260299 0.03314129 0.00887369 0.02533459 0.03026889 0.04876828 0.01846939 0.05074068 0.07493987 0.03854878 0.01878209 0.02971009 0.02233049 0.07301987 0.02667169 0.00692801 0.02276519 0.36230186
133 0.06197283 0.29595814 0.03482992 0.04701362 0.01305691 0.02351411 0.05137462 0.03949272 0.01155781 0.05228002 0.06060673 0.04309522 0.02459721 0.03792582 0.01980781 0.04325882 0.04869762 0.00850304 0.02074661 0.06171043
134 0.06171007 0.02832398 0.04128808 0.03104438 0.01024769 0.02094539 0.03752718 0.04980227 0.01671789 0.05175927 0.37543879 0.03364518 0.01635159 0.02676869 0.02123679 0.04570427 0.03628398 0.00735635 0.02923968 0.05860847
135 0.05529063 0.02909142 0.02369881 0.02500671 0.01095591 0.02725051 0.04010862 0.28296615 0.02197581 0.06810514 0.08507504 0.03720282 0.02334801 0.04023652 0.02868471 0.04745282 0.04815173 0.00719968 0.02684001 0.07135894
136 0.05173841 0.04690231 0.02263931 0.03453041 0.01309620 0.02478481 0.03256031 0.05586201 0.01537080 0.04532441 0.07903232 0.03365961 0.01876870 0.04589911 0.02315921 0.04528681 0.33363709 0.00874664 0.02673721 0.04226431
137 0.06438623 0.04946073 0.02321981 0.23919913 0.01763271 0.03244982 0.03842162 0.03799812 0.01790651 0.06596874 0.07993444 0.05624273 0.02884782 0.04114722 0.02035711 0.04249832 0.04284982 0.00807536 0.03195502 0.06144873
138 0.05722594 0.02741522 0.01627471 0.02580302 0.00984380 0.02862282 0.02869492 0.04301013 0.01089451 0.04021753 0.05915604 0.03339112 0.02204781 0.02139901 0.01849651 0.04119123 0.22487514 0.00491827 0.23809515 0.04842713
139 0.05492220 0.02611010 0.01867600 0.02334010 0.00986438 0.02183460 0.03294350 0.03923400 0.01288420 0.07763670 0.06724330 0.03118220 0.02082060 0.02818080 0.02096550 0.36701098 0.03237810 0.00660457 0.02059300 0.08757520
140 0.04069099 0.24174394 0.02244649 0.03247349 0.01220600 0.02255529 0.02967229 0.02591519 0.00908883 0.03327019 0.19442795 0.14656696 0.01664970 0.02431609 0.02004610 0.03039019 0.03215649 0.00535781 0.01812800 0.04189799
141 0.03565418 0.02360149 0.02896148 0.02361849 0.01029689 0.01745269 0.18412189 0.04310417 0.01847049 0.24726085 0.04620547 0.02783638 0.01266729 0.02323559 0.01432829 0.04825177 0.02147909 0.00646770 0.01662089 0.15036491
142 0.02943351 0.02358881 0.01745591 0.02344341 0.00746062 0.15798906 0.02311731 0.03709201 0.01231900 0.14597605 0.05369372 0.02329891 0.02290911 0.02237541 0.01599611 0.03574921 0.14813505 0.00686123 0.02329851 0.16980706
143 0.02750339 0.02410339 0.01914439 0.20371594 0.01281960 0.01300190 0.04349779 0.02791069 0.03024539 0.04334039 0.05003098 0.31834690 0.01140990 0.02457569 0.02123889 0.03129839 0.01767049 0.01049030 0.02245339 0.04720219
144 0.05332772 0.02576471 0.01893661 0.02417201 0.01015990 0.02100661 0.03289481 0.03873302 0.01254061 0.07925843 0.06608243 0.03159921 0.02093721 0.02777551 0.02029101 0.36987515 0.03252571 0.00676250 0.02199681 0.08536003
145 0.05265791 0.04720741 0.03603551 0.03101010 0.01912360 0.01971330 0.25983604 0.05008481 0.02325490 0.08228671 0.08328971 0.03630341 0.03027820 0.03628661 0.02036230 0.04961931 0.03262290 0.00892396 0.02873560 0.05236771
146 0.04952071 0.01962200 0.01600780 0.19498105 0.02549501 0.28242407 0.03735091 0.03506101 0.01150300 0.04843481 0.04712891 0.02146371 0.01155690 0.03551291 0.01361570 0.02955591 0.02650351 0.00866855 0.03487791 0.05071561
147 0.05931987 0.03603918 0.02654899 0.04032388 0.02426269 0.27444686 0.03185578 0.04797978 0.01428139 0.05512097 0.06817057 0.03342918 0.01828149 0.03550868 0.02488279 0.05379367 0.04007188 0.01065719 0.03938018 0.06564497
148 0.04406795 0.02370923 0.01788682 0.02199582 0.00811520 0.01447342 0.02499333 0.03114583 0.00803857 0.03945704 0.04243025 0.02470473 0.20741023 0.01889232 0.22374925 0.13815615 0.03826874 0.00621826 0.01956692 0.04671995
149 0.05769382 0.03356371 0.02534191 0.04249272 0.02498101 0.27481911 0.03232441 0.04780482 0.01478291 0.05611152 0.07212163 0.03296001 0.01896621 0.03466441 0.02532591 0.05023042 0.03800792 0.01100610 0.03937892 0.06742253
150 0.06785609 0.04273089 0.03195409 0.03982989 0.00981906 0.02848439 0.04133579 0.05858549 0.01710140 0.05574819 0.06526519 0.03594889 0.01704530 0.26205095 0.02396940 0.05241829 0.05076519 0.00994034 0.03182639 0.05732479
151 0.40377705 0.03391120 0.02433530 0.03276920 0.01291690 0.02265280 0.03021560 0.04184861 0.01808770 0.06800541 0.07502981 0.02633600 0.01322490 0.03216190 0.01883350 0.04439221 0.03166360 0.00654568 0.02669640 0.03659620
152 0.04492737 0.03147708 0.03206078 0.03430458 0.01500139 0.02370179 0.03693958 0.04168687 0.01477039 0.03025698 0.30351082 0.03691908 0.01226929 0.03903808 0.01867979 0.04893087 0.04378077 0.12476793 0.03266688 0.03430968
153 0.04554621 0.02814340 0.01837460 0.01697170 0.01809300 0.01436570 0.23611104 0.04323831 0.01373690 0.08029701 0.06595811 0.02912880 0.03059721 0.03007821 0.01699550 0.20518503 0.03090251 0.00711933 0.02172960 0.04742781
154 0.24915408 0.04061061 0.01535381 0.21847907 0.01287720 0.02813811 0.03303791 0.02759181 0.01188780 0.06671782 0.06735522 0.02707491 0.01569581 0.04053361 0.01477381 0.03445321 0.03205251 0.00650846 0.02349701 0.03420721
155 0.05253840 0.03001390 0.02515270 0.02476400 0.01104420 0.02652110 0.04191130 0.28193400 0.02292860 0.06768130 0.08729700 0.03628750 0.02390820 0.03968960 0.03000290 0.04582630 0.04593750 0.00819329 0.02735610 0.07101210
156 0.04376267 0.02602058 0.01897609 0.03940047 0.00944724 0.02256829 0.03548448 0.05424796 0.02063129 0.04100317 0.04376257 0.02786678 0.01057239 0.24717384 0.01802309 0.02884188 0.03076678 0.01067579 0.22918885 0.04158577
157 0.03564512 0.23547311 0.03002381 0.02278141 0.01255301 0.02769221 0.30983514 0.02408901 0.00864096 0.04469902 0.04213232 0.04609482 0.02660821 0.02560351 0.01047190 0.02492721 0.02099581 0.00660529 0.01679841 0.02832971
158 0.06186642 0.02982221 0.04216511 0.02943291 0.01092400 0.02168861 0.03797851 0.04664512 0.01711801 0.05164052 0.37132413 0.03617591 0.01649441 0.02628661 0.02082131 0.04677912 0.03780361 0.00756965 0.02780021 0.05966362
159 0.06946632 0.04269121 0.02992721 0.03910751 0.00883727 0.02745911 0.04350001 0.05716392 0.01771581 0.05831012 0.06856892 0.03620591 0.01734621 0.25455907 0.02399771 0.05343092 0.05209872 0.00934624 0.03173111 0.05853672
160 0.04087981 0.02137181 0.03512161 0.02455291 0.00676629 0.01501350 0.02834021 0.04978831 0.01252590 0.05616481 0.33984109 0.02951601 0.01680730 0.01827890 0.01661740 0.03982721 0.02181811 0.00470995 0.02115681 0.20090205
161 0.05975950 0.29614401 0.03401220 0.04591190 0.01247770 0.02294660 0.04948280 0.03830830 0.01181750 0.05325090 0.06066900 0.04439170 0.02534940 0.03767310 0.01935900 0.04376210 0.05062590 0.00869725 0.02196310 0.06339800
162 0.06308388 0.02680749 0.04104939 0.03068859 0.01126430 0.02235299 0.03701679 0.04637068 0.01607609 0.05206518 0.36932087 0.03588429 0.01710539 0.02667119 0.02167679 0.04864658 0.03992679 0.00744466 0.02830719 0.05824088
163 0.06090668 0.02864799 0.04054319 0.03142009 0.01081430 0.02160449 0.03676189 0.04664409 0.01631799 0.05093338 0.37627688 0.03523919 0.01627859 0.02650679 0.01985639 0.04598409 0.03777959 0.00682102 0.02884169 0.06182168
164 0.03662703 0.01535561 0.01965561 0.02542642 0.00602198 0.01958351 0.03217682 0.03750753 0.01114271 0.14890311 0.19634115 0.02775552 0.02502982 0.03693373 0.01535561 0.03912583 0.01857781 0.00661098 0.13177910 0.15009011
165 0.02692417 0.02127298 0.03051457 0.02475618 0.00517269 0.01604908 0.02401498 0.05066545 0.01493269 0.04461586 0.20202281 0.02637677 0.01785418 0.01882098 0.01682868 0.04974045 0.01580208 0.00472406 0.01941368 0.36949765
166 0.04627378 0.01973979 0.01551619 0.03107218 0.02733579 0.01957709 0.04233428 0.03329818 0.01415979 0.03657838 0.05929567 0.03852248 0.01087579 0.14301293 0.01630969 0.02950879 0.03011188 0.11926394 0.23049288 0.03672048
167 0.07796407 0.03123149 0.02502739 0.03574308 0.01538429 0.02134979 0.04839018 0.05309408 0.01643689 0.32499686 0.06321567 0.03667828 0.01761769 0.03128309 0.02304279 0.06858717 0.02975229 0.00771293 0.02185399 0.05063798
168 0.06077828 0.29683088 0.03510499 0.04621408 0.01312139 0.02367859 0.05040658 0.03794828 0.01213280 0.05423188 0.06125828 0.04241918 0.02385209 0.03878998 0.01957699 0.04264768 0.05076548 0.00887750 0.02077399 0.06059108
169 0.04975780 0.03089410 0.02214550 0.04119260 0.00907332 0.02683590 0.03750880 0.05420600 0.01892890 0.04634060 0.04419380 0.03293430 0.01070950 0.26527702 0.01935960 0.03428160 0.03677080 0.01122120 0.16277401 0.04559460
170 0.05674691 0.03151660 0.02696030 0.02939800 0.01924710 0.02645190 0.03477350 0.05868341 0.01669650 0.06849011 0.07604831 0.04302021 0.03048980 0.03483810 0.24861603 0.05563251 0.04220411 0.00823378 0.02581750 0.06613531
171 0.06694681 0.04360721 0.03098171 0.03915991 0.00918090 0.02770131 0.04129791 0.05779671 0.01750530 0.05836621 0.06712291 0.03584291 0.01729790 0.25720405 0.02460440 0.05203631 0.05240661 0.01015810 0.03218721 0.05859561
172 0.06080389 0.29205997 0.03622780 0.04483090 0.01360200 0.02338870 0.05113989 0.03910130 0.01293570 0.05310159 0.06198919 0.04517140 0.02383610 0.03704120 0.02007510 0.04211410 0.05174179 0.00872281 0.02111890 0.06099769
173 0.04409023 0.14170809 0.01827631 0.02974712 0.01323541 0.01670241 0.02261041 0.02955872 0.01148481 0.05405264 0.05215693 0.03246442 0.02160271 0.03290532 0.22881915 0.15854510 0.02888142 0.00587114 0.01728611 0.04000153
174 0.03556239 0.02404899 0.01531219 0.02233769 0.01068360 0.01810629 0.02258069 0.04926958 0.01286850 0.04395569 0.26005591 0.02016889 0.01976589 0.03324769 0.01486320 0.02198729 0.31241790 0.00871493 0.02120379 0.03284889
175 0.03984559 0.02178150 0.02412550 0.02683680 0.00772083 0.02059730 0.03520689 0.04465809 0.01754300 0.24732796 0.05825059 0.03079170 0.01383640 0.02463610 0.01971860 0.07088489 0.02281760 0.00560652 0.01755220 0.25026196
176 0.04119221 0.02343241 0.15068003 0.02308861 0.02095470 0.25296306 0.02413031 0.04126111 0.01474510 0.05278971 0.07442182 0.02862261 0.01278280 0.03678081 0.02084440 0.05778381 0.02818601 0.00917837 0.02731281 0.05884931
177 0.05906271 0.03247001 0.02635501 0.03096761 0.01800620 0.02596421 0.03355601 0.06091512 0.01671160 0.06735302 0.07537002 0.04260521 0.03046741 0.03552481 0.24836406 0.05542701 0.04123521 0.00793395 0.02472281 0.06698802
178 0.04029011 0.02558491 0.02302451 0.03310511 0.00824616 0.01785840 0.03158121 0.03786001 0.01577180 0.25258606 0.04158621 0.19328105 0.01309570 0.01994160 0.02173171 0.04004221 0.01980260 0.00590999 0.01829560 0.14040504
179 0.32452888 0.02848359 0.02119289 0.02588829 0.00908027 0.01821719 0.02547559 0.03826919 0.01498299 0.06569728 0.07574837 0.02938369 0.01855199 0.03215549 0.01928649 0.03507059 0.02556189 0.00685351 0.02578889 0.15978294
