1 0.06235534 0.01819161 0.02186102 0.02223362 0.01359931 0.01423301 0.02614202 0.04866423 0.01242561 0.10115307 0.21253715 0.02686182 0.02875182 0.02751792 0.02437352 0.04786603 0.10719708 0.01039151 0.02229922 0.15134511
2 0.07090157 0.07116387 0.03774398 0.02778669 0.01942159 0.03364208 0.04587578 0.04895688 0.01979689 0.06245897 0.08274676 0.02775769 0.02778049 0.03173509 0.17144192 0.05898607 0.06585847 0.00845896 0.02067739 0.06680887
3 0.03826300 0.02260330 0.05192510 0.13193200 0.00891398 0.03997920 0.04502570 0.23299500 0.02905220 0.03741630 0.06444380 0.06480930 0.01175650 0.06536310 0.01288640 0.03850600 0.02921450 0.00550784 0.01766230 0.05174450
4 0.04353840 0.04245280 0.03363800 0.03807790 0.00893585 0.02167110 0.03826980 0.04285990 0.03746140 0.05841200 0.07136130 0.05104890 0.02590530 0.03465200 0.02290940 0.07590890 0.02933950 0.01061020 0.02411730 0.28883001
5 0.25752797 0.03631880 0.03288060 0.04138060 0.01550120 0.03450140 0.04229210 0.03117350 0.01719460 0.05879169 0.05791119 0.12144399 0.01621260 0.04188430 0.01412990 0.05077309 0.04803360 0.01314330 0.03140170 0.03750390
6 0.06723984 0.03777872 0.04304483 0.13280209 0.01149221 0.03903653 0.07161265 0.03585042 0.02286021 0.13757709 0.06410684 0.04718833 0.01212121 0.02966652 0.02045551 0.04109973 0.10506707 0.00996856 0.02271361 0.04831803
7 0.07097175 0.03578727 0.01808509 0.02341278 0.01297469 0.02444608 0.03642927 0.03881867 0.01743209 0.07536835 0.10040593 0.03027468 0.03519198 0.03083358 0.02322758 0.26231882 0.03489388 0.01119629 0.03189838 0.08603284
8 0.05916133 0.04395453 0.02427791 0.02248241 0.01026111 0.02336191 0.03503962 0.03934352 0.01213011 0.17652310 0.12766607 0.02773712 0.10046306 0.03380752 0.02821912 0.08794865 0.03811112 0.00572063 0.01964011 0.08415105
9 0.04509149 0.04957869 0.02604269 0.04198529 0.01140500 0.02010209 0.20901194 0.02601619 0.01918559 0.05475168 0.08234788 0.13439496 0.01389920 0.04955649 0.01560280 0.03715949 0.02689319 0.01248430 0.07016208 0.05432898
10 0.06256529 0.04395670 0.05254449 0.02796040 0.00749071 0.01882650 0.06667759 0.04270500 0.02612680 0.06357089 0.05697729 0.05594219 0.00972919 0.12300199 0.01467670 0.04210740 0.05125239 0.00642211 0.16839298 0.05907339
11 0.04691210 0.04839190 0.05135110 0.03062950 0.00884107 0.01878330 0.06657820 0.02565100 0.03724200 0.05331310 0.06379010 0.11149900 0.01076330 0.12578300 0.01109470 0.02682520 0.03618810 0.00989114 0.15796600 0.05850620
12 0.08000061 0.04788601 0.05344291 0.04926471 0.00939951 0.03155210 0.05044701 0.07514341 0.02524630 0.05445331 0.06278601 0.05541741 0.01732290 0.16142902 0.02050560 0.05262081 0.05157071 0.00818938 0.03164370 0.06167861
13 0.05126430 0.04359150 0.08539140 0.16509200 0.01123020 0.04784180 0.05993950 0.06817060 0.02041960 0.04210290 0.06573270 0.12269400 0.00868972 0.05588770 0.01009330 0.02912750 0.02594480 0.00857059 0.01626270 0.06195320
14 0.06169025 0.04593197 0.03545737 0.17095787 0.00975581 0.04019427 0.10532292 0.03315178 0.01759629 0.04803756 0.08361094 0.13002490 0.00873482 0.05074696 0.00880418 0.03577317 0.02894898 0.01040859 0.02364738 0.05120396
15 0.07553600 0.17318500 0.03075730 0.03739220 0.01910870 0.03003470 0.05189120 0.04111400 0.01684560 0.05914390 0.06466300 0.04666980 0.03197970 0.04706490 0.05235980 0.06244370 0.04232700 0.01227500 0.03386660 0.07134190
16 0.03550971 0.01712751 0.01435421 0.01434731 0.00910604 0.03645451 0.04682732 0.28008911 0.01041660 0.04686122 0.26148210 0.01583741 0.03603251 0.02666581 0.01778511 0.02628341 0.03142611 0.00372846 0.01292741 0.05673812
17 0.05036329 0.03209619 0.02701339 0.02866519 0.00843031 0.02971289 0.03017969 0.03676089 0.01967700 0.17133896 0.10517498 0.03691209 0.02682279 0.03942089 0.01943810 0.05710339 0.03452259 0.00629582 0.02776859 0.21230295
18 0.07749349 0.11832299 0.03005310 0.06290949 0.01412770 0.12565899 0.04111580 0.03126650 0.04564780 0.05166579 0.04761740 0.08203929 0.01549550 0.05174029 0.02682490 0.03865570 0.05430969 0.01226900 0.02439170 0.04839490
19 0.04428703 0.03991982 0.13753708 0.05329443 0.01309941 0.02061631 0.17570410 0.03745462 0.02802852 0.05574473 0.06377754 0.03443962 0.02254151 0.07941975 0.01726001 0.03295162 0.03725142 0.00998122 0.04734733 0.04934393
20 0.04050138 0.04196338 0.02664849 0.01733079 0.01085590 0.02014419 0.04811748 0.08028537 0.01465549 0.05532988 0.22575191 0.02264339 0.08852356 0.02030349 0.10184196 0.06311277 0.04886928 0.00620711 0.01531289 0.05160128
21 0.07239434 0.03523442 0.01842821 0.02353831 0.01227391 0.02409171 0.03525472 0.03918622 0.01706821 0.07545024 0.10082105 0.02956051 0.03538252 0.03092282 0.02232071 0.26538013 0.03438152 0.01132271 0.03189992 0.08508784
22 0.06151713 0.02991991 0.02876691 0.03625092 0.01244301 0.02676971 0.05285562 0.07750043 0.01565371 0.06200163 0.24830211 0.04364662 0.02609991 0.02997071 0.02597761 0.06191073 0.04650322 0.00962026 0.03466362 0.06962623
23 0.06670151 0.09827982 0.10366102 0.05774511 0.01140510 0.04251701 0.05013851 0.02829001 0.01815860 0.05507491 0.06740001 0.12536803 0.01660600 0.05811161 0.01961650 0.03775561 0.03570051 0.00879320 0.02915201 0.06952491
24 0.06801274 0.02385898 0.02543888 0.03388017 0.01306989 0.03161537 0.04005507 0.25396779 0.01850818 0.05904975 0.12582089 0.02784908 0.02539728 0.04964496 0.02018308 0.04557926 0.05219486 0.00558714 0.01904998 0.06123665
25 0.11101903 0.03349181 0.03522951 0.03829901 0.01702460 0.04521971 0.04487471 0.05078581 0.02187551 0.20405106 0.07867322 0.03441271 0.01908331 0.03423351 0.02447241 0.06389482 0.03686101 0.00693661 0.02989861 0.06966302
26 0.31259589 0.02358239 0.02790539 0.01847669 0.02397459 0.01611889 0.02538709 0.17925294 0.02277929 0.07859377 0.04639048 0.01781719 0.00876995 0.03790889 0.01388570 0.06635068 0.03743859 0.00522389 0.01452260 0.02302509
27 0.04872008 0.05022738 0.03220709 0.02109179 0.00946162 0.01794209 0.03668438 0.03884498 0.01397389 0.13639594 0.11308295 0.02719789 0.16813293 0.03131149 0.02994259 0.08474946 0.03464949 0.00654961 0.01571039 0.08312396
28 0.05975878 0.04881598 0.04415858 0.04248078 0.01412099 0.02839969 0.18391993 0.04665478 0.02631189 0.05975648 0.08881696 0.05008918 0.02536849 0.04788898 0.02618449 0.05199738 0.03748259 0.01206300 0.04585558 0.05987548
29 0.05076254 0.02335162 0.02213802 0.01870971 0.00797670 0.01768781 0.02102032 0.06014375 0.01141911 0.19020214 0.10806708 0.02947172 0.02320032 0.03394933 0.01497401 0.03798463 0.08629776 0.00604766 0.02742962 0.20916616
30 0.04379892 0.10397304 0.03251861 0.02941751 0.01006320 0.02404341 0.19075408 0.02133731 0.01725761 0.12043505 0.06188593 0.05974213 0.02012481 0.03406221 0.02311641 0.04606412 0.03080781 0.00969548 0.05027442 0.07062793
31 0.06816371 0.02443710 0.02581771 0.03309781 0.01284940 0.03049501 0.04009831 0.25165405 0.01874850 0.05935231 0.12330402 0.02862571 0.02379660 0.04985371 0.02129990 0.04805251 0.05303131 0.00548670 0.01975290 0.06208271
32 0.04301079 0.02763730 0.02734810 0.03100289 0.00950322 0.02104550 0.03588029 0.04812149 0.02182520 0.08816238 0.18378697 0.04046889 0.02862419 0.03664799 0.01902540 0.06102289 0.03440779 0.00874736 0.02886739 0.20486396
33 0.06074545 0.02178938 0.02094988 0.02717828 0.00948890 0.01912639 0.03161508 0.03615267 0.01165279 0.19415185 0.20288884 0.02957258 0.03934577 0.03533777 0.01320909 0.08239664 0.03519827 0.00438396 0.02563478 0.09918162
34 0.07080386 0.24086886 0.01912809 0.01899979 0.01726989 0.02874158 0.03120658 0.03084688 0.01038089 0.04961637 0.04123238 0.01763149 0.03060128 0.03975868 0.19022689 0.06076876 0.03437238 0.00643740 0.01709959 0.04400837
35 0.05875478 0.03978579 0.07882297 0.02911039 0.00815169 0.01984679 0.06688628 0.06010928 0.03309399 0.05152768 0.03570789 0.04924748 0.00882063 0.17392394 0.01370680 0.03630039 0.06180568 0.00611462 0.12004996 0.04823298
36 0.10858991 0.03249327 0.03574677 0.04141167 0.01642239 0.01823539 0.05421226 0.05734135 0.10923991 0.07168364 0.07025384 0.03648027 0.02303498 0.04947416 0.02700048 0.06332555 0.03567157 0.01332589 0.02322078 0.11283591
37 0.07068754 0.03292182 0.01882441 0.01980751 0.01728811 0.02524281 0.02776311 0.04241102 0.01110531 0.07105114 0.09621315 0.02417021 0.03942222 0.03769542 0.01943401 0.23714112 0.10269705 0.01582671 0.02411601 0.06618133
38 0.07256919 0.04883799 0.02371680 0.02921200 0.00757935 0.02367930 0.05951259 0.03186240 0.01429680 0.06857609 0.10528499 0.06571879 0.01450610 0.04104980 0.01716680 0.06597369 0.03639080 0.00951947 0.20256198 0.06198509
39 0.07072715 0.09964943 0.02555538 0.02612518 0.01942619 0.01744179 0.05086886 0.03465448 0.07363885 0.11554892 0.05500796 0.03128298 0.02188818 0.03051138 0.03130158 0.13799190 0.02907158 0.01279729 0.01720039 0.09931053
40 0.06096309 0.03964970 0.07585369 0.02965730 0.00780656 0.01907970 0.06640669 0.05941719 0.03318570 0.05204970 0.03673380 0.04933980 0.00877882 0.17117598 0.01419850 0.03688320 0.06217059 0.00649101 0.12093199 0.04922700
41 0.07234234 0.04096137 0.12211590 0.07113134 0.01096379 0.12950090 0.04367617 0.05992855 0.01673299 0.07057534 0.05843185 0.05236676 0.01763349 0.04632656 0.02441328 0.04453526 0.03606067 0.00915239 0.01634069 0.05681035
42 0.23117917 0.02576492 0.02267532 0.01690471 0.02860022 0.01944231 0.02039282 0.17131513 0.01622331 0.06145155 0.05081784 0.01822151 0.01256591 0.03780393 0.01506191 0.17142113 0.03310782 0.00607275 0.01480871 0.02616902
43 0.08583683 0.03056271 0.01129370 0.02093171 0.00588042 0.02092801 0.03203491 0.02511281 0.00875391 0.06081592 0.07619433 0.03345001 0.01254611 0.02309221 0.01422521 0.26192010 0.02946251 0.00658697 0.19671308 0.04365852
44 0.04859052 0.02273831 0.02404371 0.02764751 0.01064200 0.02084141 0.03598062 0.05731132 0.01457601 0.09005414 0.24704411 0.03555232 0.02995481 0.03398351 0.01991271 0.05932403 0.04115432 0.00821657 0.03010601 0.14232606
45 0.06453248 0.03982199 0.03361879 0.05143228 0.00820758 0.02828509 0.04522979 0.05817298 0.01782159 0.06921578 0.16457095 0.05888078 0.02554119 0.13276096 0.01575700 0.05500958 0.03853079 0.00727232 0.01474310 0.07059498
46 0.06068768 0.03037029 0.02744029 0.03616469 0.01217140 0.02646659 0.05245508 0.07679578 0.01596750 0.06376348 0.24611893 0.04479839 0.02629209 0.03196159 0.02567079 0.06270148 0.04684039 0.00954280 0.03492319 0.06886758
47 0.08196098 0.03968769 0.02706889 0.07090828 0.01203900 0.16775096 0.04213849 0.05684259 0.01205460 0.10782497 0.07266728 0.04074639 0.01704480 0.03624599 0.02758039 0.05435399 0.03250129 0.00948144 0.02203999 0.06906198
48 0.12882194 0.03877298 0.03457808 0.04041288 0.01093019 0.03260318 0.03545148 0.03411158 0.02398079 0.06172627 0.07191786 0.04296438 0.02671939 0.03663028 0.03023738 0.05770597 0.04233558 0.01247529 0.02730859 0.21031589
49 0.06487110 0.09728790 0.02083330 0.02040120 0.01613230 0.01971390 0.02799190 0.14366300 0.01196560 0.04341870 0.05252920 0.02620550 0.02069640 0.04269840 0.03465620 0.16331000 0.11961900 0.01523340 0.01996110 0.03881190
50 0.06958479 0.04022129 0.03760089 0.20808396 0.01211410 0.04447239 0.11651698 0.03222859 0.02445780 0.05539359 0.07894498 0.06968409 0.01123910 0.03856589 0.01330950 0.03548769 0.03377749 0.01244200 0.01675510 0.04911979
51 0.05069276 0.03249957 0.02680218 0.02909348 0.00852576 0.02848088 0.03058758 0.03833727 0.01965288 0.17007087 0.10592292 0.03617517 0.02774978 0.03880737 0.01947939 0.05859175 0.03454837 0.00624400 0.02751318 0.21022484
52 0.27091416 0.01766491 0.02739122 0.02478571 0.01874321 0.01422371 0.03227172 0.05333293 0.11755507 0.11480707 0.05478563 0.02054781 0.01310201 0.04292282 0.02542391 0.05430163 0.02771932 0.00958863 0.01015991 0.04975863
53 0.10953295 0.03511589 0.03438619 0.03930938 0.01702109 0.04650078 0.04472988 0.04963918 0.02056999 0.20428791 0.07860997 0.03563949 0.01925319 0.03421479 0.02374269 0.06289807 0.03672288 0.00705522 0.03040879 0.07036167
54 0.21888208 0.03553291 0.17394106 0.02308831 0.01782931 0.02259381 0.03315371 0.04323182 0.02051901 0.07100022 0.05533932 0.03324411 0.02311731 0.04182481 0.02415571 0.05399492 0.03475171 0.00930855 0.01797521 0.04651612
55 0.25792713 0.03686352 0.03637652 0.03439422 0.01956411 0.03399332 0.03865002 0.05927533 0.02714591 0.08457464 0.06580443 0.03860902 0.01591691 0.04054432 0.02316911 0.05872433 0.04416852 0.01095771 0.02702671 0.04631422
56 0.05057510 0.02032490 0.01939700 0.02237970 0.00860968 0.02265400 0.02565260 0.03517770 0.01002340 0.20185901 0.17785901 0.02883090 0.03623800 0.03948070 0.01325130 0.06691720 0.03737870 0.00385728 0.02620580 0.15332801
57 0.07156928 0.03575519 0.01793059 0.02369029 0.01258100 0.02501759 0.03581089 0.03867129 0.01709959 0.07508818 0.10100597 0.03045219 0.03444269 0.03154629 0.02331749 0.26135492 0.03500089 0.01102770 0.03189889 0.08673907
58 0.10226799 0.03729080 0.02045760 0.02625790 0.01446250 0.02399110 0.03426210 0.03341110 0.01594870 0.02840740 0.07753979 0.03289270 0.01728510 0.04084820 0.02219660 0.05471349 0.21694398 0.12643699 0.02187540 0.05251059
59 0.04496711 0.04890191 0.02207711 0.01922510 0.00841625 0.01626790 0.03311451 0.03881791 0.01170780 0.16801704 0.12304903 0.02371541 0.16478904 0.02836121 0.03034431 0.08775262 0.03356461 0.00466312 0.01502620 0.07722182
60 0.07022409 0.04797960 0.03173290 0.06680489 0.01288810 0.03013350 0.05443349 0.04216480 0.01865240 0.06093479 0.09505829 0.14896799 0.02040960 0.05386279 0.01683610 0.04977690 0.03784910 0.01210860 0.04588690 0.08329519
61 0.05019742 0.03481681 0.02713091 0.02825321 0.00890416 0.01780731 0.03000771 0.03557161 0.02414451 0.08014613 0.09806804 0.04006671 0.03151351 0.10051304 0.01767931 0.14660805 0.03741041 0.00739488 0.01583521 0.16793106
62 0.07917742 0.07609312 0.03254271 0.09010232 0.00788295 0.09855722 0.04018641 0.02990551 0.01417560 0.04621111 0.06334092 0.16440504 0.01724310 0.05479381 0.01413300 0.03916961 0.03924311 0.01159300 0.03087381 0.05037021
63 0.11150998 0.03423739 0.03544329 0.03778339 0.01695710 0.04429919 0.04530919 0.05159389 0.02220430 0.20116196 0.07883318 0.03559859 0.01953510 0.03438579 0.02285670 0.06528649 0.03650389 0.00684871 0.03032609 0.06932579
64 0.03023621 0.01652281 0.30174814 0.01536851 0.00558220 0.01336641 0.02582051 0.01472201 0.00678641 0.02569781 0.05512842 0.01481771 0.26393312 0.01937191 0.01686641 0.02803671 0.02146761 0.01839881 0.00687764 0.09925064
65 0.05301669 0.02658859 0.11349097 0.04998289 0.01049500 0.01785440 0.05226159 0.02833369 0.07411968 0.04534059 0.18359996 0.02488949 0.01697830 0.02887839 0.05193139 0.03092879 0.11650997 0.00948753 0.01366400 0.05164809
66 0.06134759 0.04803040 0.04343140 0.03990940 0.01427420 0.02765640 0.18271498 0.04650830 0.02675940 0.06134079 0.08854409 0.04981130 0.02517450 0.04880520 0.02485030 0.05389399 0.03888970 0.01287410 0.04555130 0.05963269
67 0.05899630 0.04795150 0.03171040 0.18263901 0.00835931 0.04881390 0.05466800 0.04403120 0.01568980 0.04672890 0.08064281 0.14475201 0.00997302 0.05383180 0.00917899 0.03846070 0.02694040 0.01125740 0.02457980 0.06079470
68 0.31815209 0.02005731 0.02519861 0.01103880 0.03525381 0.01456120 0.01631600 0.17662205 0.01729720 0.06958352 0.03471221 0.01348460 0.00690761 0.03201231 0.00990238 0.13494804 0.03357261 0.00466433 0.01119280 0.01452250
69 0.07659918 0.03972319 0.03067869 0.03083349 0.01619920 0.02332379 0.04209529 0.07396198 0.01633610 0.05828618 0.09139007 0.03737569 0.02002839 0.05082878 0.04371169 0.05062068 0.19650094 0.01571240 0.02897139 0.05682288
70 0.04690094 0.03466023 0.02700932 0.01511021 0.00666436 0.01627761 0.02084432 0.02931812 0.00897192 0.16719814 0.14510712 0.02292982 0.10298509 0.03638543 0.02152272 0.08207767 0.03287603 0.00493621 0.01592761 0.16229713
71 0.06738593 0.11426106 0.03147382 0.06145133 0.00868239 0.09417985 0.04119552 0.02291981 0.01234981 0.04569082 0.05205243 0.12834107 0.01691801 0.04563112 0.02920001 0.10294805 0.03814592 0.01181831 0.02608781 0.04926693
72 0.05412878 0.10343596 0.02696779 0.15915694 0.01083020 0.03814898 0.05341388 0.03271259 0.01844429 0.04805448 0.06353267 0.08044357 0.01387989 0.04222108 0.01804389 0.10155996 0.02727299 0.01520669 0.02076139 0.07178397
73 0.06002978 0.04855559 0.04267869 0.04035949 0.01371960 0.02793399 0.18427994 0.04788929 0.02499179 0.06090648 0.08877897 0.05010698 0.02551709 0.04775039 0.02563959 0.05368428 0.03973549 0.01258980 0.04582709 0.05902568
74 0.04364164 0.11837685 0.02481227 0.02848706 0.01328488 0.02382577 0.14849681 0.02882926 0.02039297 0.05381823 0.05953062 0.05156283 0.02412037 0.03048236 0.04281054 0.15210180 0.02844556 0.01784698 0.02993376 0.05919942
75 0.06193102 0.03957551 0.03234161 0.05092601 0.00836751 0.02685621 0.04275181 0.05932012 0.01682110 0.07066032 0.16527004 0.05948072 0.02605071 0.13326404 0.01690610 0.05403401 0.03949651 0.00730182 0.01611580 0.07252902
76 0.26217997 0.03650230 0.03590000 0.03360680 0.01969800 0.03219920 0.03900150 0.06245729 0.02822600 0.08229899 0.06492039 0.03787760 0.01586680 0.04049960 0.02327060 0.05997749 0.04411980 0.01130960 0.02723470 0.04285340
77 0.06445662 0.02423941 0.02805471 0.03183281 0.01462770 0.01702391 0.04017121 0.05171232 0.01586030 0.05545362 0.23877907 0.03043321 0.02287911 0.02323391 0.05123612 0.04470741 0.14385304 0.01149120 0.02001801 0.06993632
78 0.07700425 0.04434583 0.03650152 0.15135110 0.00843401 0.13020808 0.06133044 0.03281872 0.01894381 0.06131714 0.05955184 0.05886964 0.00969437 0.04353983 0.01931231 0.03793492 0.07513845 0.01344401 0.01610261 0.04415713
79 0.25161410 0.02449731 0.02243811 0.01906091 0.02596911 0.02277811 0.02713411 0.06109832 0.01339891 0.04721162 0.05009812 0.02414601 0.01710541 0.03595981 0.01312151 0.16536707 0.10374104 0.01656081 0.02357941 0.03512021
80 0.31052484 0.01965469 0.03269788 0.01019239 0.08638085 0.01644739 0.01461299 0.08927995 0.01981329 0.07998146 0.03488648 0.01660639 0.01403119 0.01345759 0.01063449 0.16547891 0.03501968 0.00442688 0.00723255 0.01864009
81 0.05596660 0.03814610 0.03542860 0.16775799 0.00897117 0.03698830 0.05922880 0.05415660 0.01524230 0.04574430 0.08229000 0.15891899 0.00939825 0.05554080 0.00919724 0.04408540 0.02587970 0.01016690 0.02649140 0.06040060
82 0.06292653 0.02830811 0.02201461 0.01954121 0.00930851 0.02113821 0.02763571 0.02602241 0.01411191 0.15776307 0.12242306 0.02271941 0.03922062 0.03207731 0.01880221 0.17874908 0.04079992 0.00713074 0.02098231 0.12832506
83 0.05158384 0.03286102 0.05606974 0.02783172 0.00862572 0.01675531 0.05996864 0.03305132 0.02263522 0.13419910 0.06930255 0.04950734 0.01276281 0.11740909 0.01274931 0.03343822 0.04310973 0.00441015 0.13435510 0.07937406
84 0.08181856 0.06775197 0.03459938 0.08864946 0.00943735 0.12232794 0.04066688 0.03688318 0.01375079 0.06088797 0.06152257 0.12310894 0.01696129 0.05261968 0.01751329 0.04095468 0.03791338 0.01084240 0.02699169 0.05479858
85 0.06401739 0.03933409 0.04492719 0.13876397 0.01317820 0.03379629 0.16176297 0.04080409 0.02740499 0.05778979 0.08021528 0.05457869 0.01770890 0.03897329 0.01719730 0.04646189 0.03738179 0.01152140 0.02223100 0.05195149
86 0.04863711 0.02306090 0.02457751 0.02800531 0.01074540 0.02225770 0.03731381 0.05621121 0.01460200 0.08989862 0.24450105 0.03535971 0.02958961 0.03416571 0.01922180 0.06015641 0.04168851 0.00833709 0.02820851 0.14346203
87 0.04475837 0.03261958 0.02652568 0.02727458 0.00758331 0.02520958 0.03025658 0.03697837 0.02388848 0.16027489 0.08884804 0.03688387 0.02385858 0.03539647 0.02005439 0.05544196 0.03090758 0.00676999 0.02518388 0.26128581
88 0.06122602 0.16167705 0.02238791 0.02468991 0.01696541 0.02215241 0.04558731 0.04224541 0.01613830 0.05532532 0.05873902 0.03102991 0.03009581 0.03731991 0.05379602 0.17385205 0.03721781 0.01609140 0.02300831 0.07045472
89 0.07216715 0.03470458 0.01717989 0.02310268 0.01249139 0.02456658 0.03621177 0.03830567 0.01724149 0.07552695 0.10161893 0.02959958 0.03533378 0.03142228 0.02230258 0.26388482 0.03505588 0.01084879 0.03262558 0.08580964
90 0.07004524 0.04629812 0.02995101 0.12222106 0.01455461 0.04490222 0.10961605 0.03211632 0.02399161 0.05113783 0.08467344 0.03833852 0.01931391 0.02861191 0.09817355 0.04752462 0.04563072 0.01035891 0.01725381 0.06528653
91 0.04403270 0.04357070 0.03359410 0.03934330 0.00869855 0.02188400 0.03866710 0.04192890 0.03686870 0.05745440 0.07148310 0.05232180 0.02503900 0.03413090 0.02387680 0.07221320 0.02816030 0.01046550 0.02434900 0.29191799
92 0.06195860 0.02580020 0.02407320 0.03449340 0.00971362 0.02098570 0.03979520 0.04456220 0.01332280 0.15294601 0.20340701 0.03687140 0.03529670 0.03509360 0.01715130 0.08070611 0.03787220 0.00589791 0.02919450 0.09085831
93 0.06899517 0.04727608 0.03229239 0.06694097 0.01320509 0.02978879 0.05469748 0.04332838 0.01849449 0.06108638 0.09364656 0.15038194 0.01991629 0.05492198 0.01707509 0.05099038 0.03830108 0.01165590 0.04639998 0.08060557
94 0.04853789 0.01824080 0.01797220 0.01942750 0.00829270 0.02423050 0.02052170 0.03438489 0.00844859 0.22882595 0.17306997 0.02543129 0.03528879 0.03739969 0.01146940 0.05913019 0.03747519 0.00303561 0.02515819 0.16365897
95 0.07497128 0.03432299 0.20802594 0.03444739 0.01215080 0.02338889 0.05148478 0.03680299 0.02049019 0.06154768 0.07003978 0.03513369 0.05261298 0.06576968 0.02693229 0.03804689 0.04045359 0.01048200 0.02947989 0.07341628
96 0.06857013 0.04894672 0.03080411 0.06490413 0.01308961 0.02987281 0.05603612 0.04322022 0.01931841 0.06105332 0.09436864 0.14891606 0.01905341 0.05405602 0.01673481 0.04963132 0.03875272 0.01214290 0.04672582 0.08380273
97 0.04850612 0.01821641 0.01773321 0.01854771 0.00850723 0.02338111 0.01947461 0.03524581 0.00790652 0.23094108 0.17290106 0.02516901 0.03566811 0.03719031 0.01142560 0.05861362 0.03721001 0.00296351 0.02490091 0.16549806
98 0.06104479 0.03050660 0.02872240 0.03630970 0.01272200 0.02703100 0.05180709 0.07667849 0.01588420 0.06253309 0.24882298 0.04357420 0.02638640 0.03142760 0.02484630 0.06272779 0.04551700 0.01022280 0.03486180 0.06837379
99 0.07376274 0.03143032 0.22814614 0.02087711 0.01262581 0.02153781 0.03886932 0.03019062 0.01507701 0.06273904 0.06886934 0.03015882 0.05374373 0.05160403 0.02567942 0.09286596 0.04020652 0.01179011 0.01759001 0.07223614
100 0.04253610 0.05420149 0.02172050 0.03798310 0.01101480 0.01852420 0.19723398 0.02199610 0.01678550 0.05325029 0.08456779 0.16271698 0.01253750 0.04925420 0.01434900 0.03352440 0.02496140 0.01120180 0.07676989 0.05487099
101 0.05994381 0.04910271 0.04302591 0.04044131 0.01345050 0.02823011 0.18507204 0.04720901 0.02603511 0.06106381 0.08802032 0.05033071 0.02586131 0.04916001 0.02535361 0.05308241 0.03878401 0.01174420 0.04496481 0.05912431
102 0.08163768 0.04736159 0.02584339 0.04744049 0.01491320 0.02825229 0.04252839 0.03906649 0.01748629 0.05756248 0.08700217 0.14848596 0.02177189 0.05209348 0.01795269 0.04185779 0.11500397 0.01515640 0.03553069 0.06305268
103 0.06226578 0.02993059 0.02898339 0.03503919 0.01199230 0.02700829 0.05195648 0.08017228 0.01607260 0.06311668 0.24453993 0.04398629 0.02644229 0.03148549 0.02567449 0.06143058 0.04584369 0.01013830 0.03437169 0.06954968
104 0.18806295 0.02926179 0.02775799 0.01525780 0.09539087 0.02007489 0.02299849 0.14634296 0.01572960 0.05862598 0.04936939 0.02112559 0.02324009 0.02109739 0.02012749 0.15962796 0.04248459 0.00598488 0.00873879 0.02870049
105 0.18278503 0.03413381 0.03188001 0.15193103 0.00979264 0.04879251 0.13284602 0.02564560 0.02255770 0.05148971 0.05846361 0.05097481 0.00915668 0.03872751 0.01537420 0.03419001 0.04235731 0.01308620 0.01562140 0.03019421
106 0.06446194 0.03941986 0.04477736 0.14009986 0.01328079 0.03413857 0.16525583 0.03820706 0.02820917 0.05832904 0.08101082 0.05247385 0.01716498 0.03865376 0.01704578 0.04477616 0.03736306 0.01138839 0.02258648 0.05135725
107 0.11158000 0.03464060 0.03563290 0.04011650 0.01697150 0.04232330 0.04465770 0.05122990 0.02178100 0.19992200 0.07919200 0.03527970 0.01968520 0.03489120 0.02482830 0.06554490 0.03564190 0.00686640 0.02905670 0.07015830
108 0.08926802 0.04876221 0.03694981 0.05065291 0.01296470 0.02965071 0.05745171 0.03349531 0.02433050 0.04493541 0.07542262 0.04977071 0.02570991 0.03309481 0.02354960 0.08060462 0.07099041 0.11607102 0.02336120 0.07296381
109 0.04420323 0.01965011 0.01927011 0.01852451 0.00781964 0.01880751 0.02030641 0.03363552 0.01037261 0.19965412 0.17489411 0.02837502 0.03434972 0.04122783 0.01209041 0.05648733 0.03661032 0.00364245 0.02543092 0.19464812
110 0.05633720 0.04993960 0.06799050 0.02433230 0.01635270 0.02157830 0.04732900 0.04181300 0.02000350 0.06002040 0.08062190 0.03477150 0.19960800 0.02775330 0.02854730 0.07452610 0.03967210 0.01241600 0.01692670 0.07946060
111 0.07884623 0.03003907 0.10176491 0.02690958 0.01528719 0.02203198 0.03989707 0.03299337 0.02010788 0.06495674 0.17630185 0.03314757 0.03196037 0.02813898 0.02258928 0.14023288 0.04998256 0.00890096 0.01473109 0.06118045
112 0.03991189 0.01250180 0.01887239 0.02011819 0.00883475 0.08213687 0.07971368 0.27192592 0.00909183 0.02193929 0.26104992 0.01469850 0.02196269 0.01588420 0.01886279 0.02869419 0.01667979 0.00349713 0.01076010 0.04286409
113 0.04856872 0.02716461 0.01347551 0.01041050 0.01743201 0.01311721 0.02263221 0.02063751 0.00942791 0.09519404 0.14242406 0.01652391 0.11612705 0.02724881 0.01960481 0.24958911 0.04303672 0.00804946 0.01251591 0.08681994
114 0.08182088 0.03888709 0.02650439 0.07115658 0.01249420 0.17093196 0.04252059 0.05448859 0.01145240 0.11182998 0.07034188 0.03966059 0.01701650 0.03568319 0.02795269 0.05373819 0.03254129 0.00939892 0.02261100 0.06896908
115 0.04351931 0.04394101 0.03218391 0.03901241 0.00847481 0.02146061 0.03629691 0.04253221 0.03686121 0.05765022 0.07285452 0.05209672 0.02608741 0.03464511 0.02369931 0.07334072 0.02928501 0.01097650 0.02416901 0.29091308
116 0.08762274 0.05707373 0.03106032 0.03735282 0.10136105 0.02425441 0.04376262 0.03913942 0.01934941 0.04504222 0.05960803 0.10867705 0.02946771 0.03500722 0.02639311 0.14264107 0.04343732 0.01050201 0.01583271 0.04241502
117 0.08127071 0.03986290 0.02662040 0.07021741 0.01280910 0.17112802 0.04052740 0.05252691 0.01131260 0.11249901 0.07196361 0.04004130 0.01642560 0.03527470 0.02749770 0.05338991 0.03279500 0.00960558 0.02286830 0.07136381
118 0.06960028 0.02606899 0.01689540 0.01409940 0.02432119 0.01578210 0.02302299 0.22175294 0.01079270 0.05075079 0.08113478 0.01973189 0.09141328 0.04067069 0.02381469 0.07099448 0.13311896 0.00669737 0.01426130 0.04507579
119 0.05882008 0.02962209 0.02954819 0.03593079 0.01224680 0.02643249 0.05224358 0.07855428 0.01531110 0.06279968 0.24893292 0.04459399 0.02694609 0.03202059 0.02522259 0.06023458 0.04584349 0.00990841 0.03520279 0.06958548
120 0.25860700 0.03752990 0.03548840 0.03608180 0.01888060 0.03330080 0.03858370 0.06042480 0.02673920 0.08268070 0.06348320 0.03904560 0.01616480 0.04133510 0.02465460 0.05969390 0.04572180 0.01131210 0.02568250 0.04458950
121 0.26048105 0.03796301 0.03669651 0.03615701 0.01988060 0.03406491 0.03857481 0.06134571 0.02747291 0.08162472 0.06412261 0.03807831 0.01619420 0.03967461 0.02356110 0.05730921 0.04424751 0.01074390 0.02602381 0.04578351
122 0.08910560 0.03315930 0.01952450 0.02842460 0.01482130 0.02446680 0.02850480 0.21549800 0.01769560 0.05059520 0.07939290 0.02990410 0.02125300 0.05210990 0.02317640 0.14282900 0.04852080 0.00756972 0.01747690 0.05597160
123 0.08362284 0.02533768 0.02016239 0.01619459 0.01495449 0.01426869 0.02118549 0.15729890 0.01234249 0.11427092 0.06219096 0.01959359 0.02126559 0.03911807 0.01795039 0.12884591 0.14980090 0.00711166 0.01997699 0.05450746
124 0.04929954 0.03504153 0.02268262 0.01516821 0.00726700 0.01996062 0.02095012 0.02842482 0.00870939 0.17773415 0.15193413 0.02344972 0.08828408 0.03722763 0.02126322 0.08617447 0.03513933 0.00466237 0.01649091 0.15013613
125 0.03749531 0.02850751 0.02687191 0.02794041 0.00884957 0.01706971 0.03113961 0.04414652 0.02524291 0.09401764 0.15677506 0.03874622 0.02622891 0.03384481 0.01870551 0.05737022 0.03191811 0.00801914 0.02599381 0.26111710
126 0.16096297 0.06481119 0.02682719 0.03484969 0.01289370 0.11672698 0.04061929 0.03332829 0.01331180 0.03536319 0.03864649 0.06032649 0.11601598 0.03106899 0.02790259 0.05003579 0.03871119 0.01217080 0.01884780 0.06657959
127 0.04885420 0.04875020 0.02183120 0.04872560 0.01093030 0.02568270 0.04853710 0.04104700 0.01852930 0.05262349 0.08253639 0.11443099 0.02126050 0.03688810 0.02254570 0.18681798 0.02550660 0.01473320 0.03263950 0.09712999
128 0.07294860 0.04091770 0.18102300 0.04911440 0.01037630 0.09430180 0.04809110 0.04616240 0.01514980 0.06276190 0.06418270 0.04960560 0.02945770 0.04740140 0.02670470 0.03800810 0.03561280 0.00985010 0.01663270 0.06169720
129 0.06195769 0.02613500 0.02492760 0.03250810 0.00932382 0.01991180 0.03776020 0.04326829 0.01322440 0.15320298 0.20941797 0.03580990 0.03538420 0.03611710 0.01718060 0.07978759 0.03775430 0.00541561 0.02949590 0.09141699
130 0.13014797 0.03877539 0.03466599 0.03976449 0.01114810 0.03272999 0.03534529 0.03434189 0.02435130 0.05922059 0.07102389 0.04222549 0.02809949 0.03625269 0.03122319 0.05942009 0.04301709 0.01229280 0.02644729 0.20950696
131 0.07658284 0.17304209 0.03155212 0.03819322 0.01738491 0.02956941 0.05287293 0.03982902 0.01676681 0.06071393 0.06637863 0.04754942 0.03112092 0.04652282 0.04956802 0.06089493 0.04488622 0.01239591 0.03473022 0.06944563
132 0.04767814 0.02316162 0.02463532 0.02754953 0.01059321 0.02177272 0.03643393 0.05877746 0.01436001 0.09092159 0.24362523 0.03518433 0.02991853 0.03303993 0.01917162 0.05993816 0.04190464 0.00762357 0.02958233 0.14412814
133 0.07133241 0.04569681 0.03307401 0.16944603 0.01149790 0.05602651 0.05606311 0.04722271 0.02136240 0.06350551 0.08271742 0.07507782 0.01521650 0.04739181 0.01790890 0.04318831 0.03401511 0.01332640 0.02564671 0.07028361
134 0.09848550 0.02820003 0.01542882 0.02020362 0.00889721 0.01966512 0.02533273 0.02187492 0.01199181 0.10574011 0.17441717 0.04411724 0.01848792 0.03631394 0.01368431 0.03767394 0.04075004 0.01037531 0.12560113 0.14275914
135 0.15375800 0.02775930 0.02846970 0.03581890 0.01516570 0.02756350 0.04246400 0.04702320 0.01739140 0.05494900 0.21809400 0.04105790 0.01908770 0.02807270 0.02275620 0.06102330 0.05225120 0.01306150 0.03147680 0.06275600
136 0.07124777 0.04832148 0.02368779 0.02885749 0.00761106 0.02394979 0.06062418 0.03196629 0.01436349 0.07054487 0.10649696 0.06416427 0.01379069 0.03941718 0.01702209 0.07024787 0.03605069 0.00961744 0.20059492 0.06142368
137 0.06072432 0.02957241 0.02850681 0.03561901 0.01195050 0.02699211 0.05306751 0.08187532 0.01571770 0.06292642 0.24634106 0.04328501 0.02540211 0.03138291 0.02597711 0.06161682 0.04666991 0.00916155 0.03387541 0.06933602
138 0.08058137 0.04761078 0.05500038 0.04930828 0.00985065 0.03199609 0.05121808 0.07551847 0.02455949 0.05405448 0.06079568 0.05669528 0.01738499 0.16299294 0.02066129 0.05251798 0.05103938 0.00828760 0.03105309 0.05887368
139 0.06784270 0.02508240 0.02577690 0.03299030 0.01291840 0.03055690 0.03936480 0.25029899 0.01950010 0.06090980 0.12203700 0.02764760 0.02465720 0.04922190 0.02230540 0.04806620 0.05501760 0.00546043 0.01904930 0.06129610
140 0.05577265 0.02528922 0.02578933 0.03176533 0.00717590 0.01685252 0.02832873 0.03534713 0.01330631 0.15584215 0.19469819 0.04170924 0.03915314 0.09510319 0.01121451 0.06658757 0.03246813 0.00351423 0.01578542 0.10429710
141 0.13680000 0.03762130 0.02621100 0.01502300 0.03832050 0.02380290 0.02562030 0.03488450 0.01234000 0.04682020 0.06315900 0.02611560 0.12007100 0.02236720 0.02257920 0.19693700 0.06116220 0.01041370 0.01449720 0.06525420
142 0.04279199 0.04356029 0.03296869 0.03811339 0.00884027 0.02063169 0.03857689 0.04104619 0.03700629 0.05845408 0.07285168 0.05158069 0.02569509 0.03393149 0.02369019 0.07579568 0.02876099 0.01041050 0.02415099 0.29114292
143 0.06942429 0.02468710 0.02582030 0.03385929 0.01311950 0.03103040 0.04004489 0.25153696 0.01847590 0.06053529 0.12121498 0.02879270 0.02446930 0.05063669 0.02139570 0.04747109 0.05278039 0.00546526 0.01951180 0.05972819
144 0.11131198 0.04078959 0.02548770 0.14629498 0.00796008 0.04359029 0.05442059 0.03088680 0.01290320 0.04739819 0.07098979 0.13518098 0.00926618 0.04856559 0.01110220 0.10081898 0.02793920 0.01165180 0.02165290 0.04178899
145 0.23184921 0.02550752 0.02175092 0.01613311 0.02852053 0.01920032 0.02003662 0.17281316 0.01627181 0.06042765 0.05086095 0.01817692 0.01247291 0.03828713 0.01398501 0.17211316 0.03391733 0.00665650 0.01462841 0.02639082
146 0.04279382 0.01608501 0.01688661 0.01701121 0.00710511 0.01476051 0.01993081 0.03107112 0.00750306 0.19198910 0.21913211 0.02558391 0.04529792 0.04202082 0.01075981 0.07413464 0.03647912 0.00303031 0.02326091 0.15516408
147 0.14849297 0.02100290 0.01344100 0.01394370 0.01661930 0.02573279 0.01973300 0.03709319 0.00979456 0.06326409 0.07969488 0.01698240 0.02341229 0.02033100 0.01287640 0.34859792 0.03248499 0.00717636 0.04314539 0.04618089
148 0.10869503 0.03517821 0.03762241 0.03933441 0.01541870 0.02937911 0.11603103 0.12532404 0.02116371 0.13784404 0.05918802 0.03194911 0.01655150 0.02804291 0.02252261 0.05303502 0.04553021 0.00702610 0.02331411 0.04684971
149 0.06893614 0.02402211 0.02382971 0.02905622 0.01018941 0.02428041 0.03280762 0.04007582 0.01290881 0.20634412 0.17319910 0.03093072 0.03269602 0.03218382 0.01582991 0.07352544 0.03578972 0.00441844 0.02732842 0.10164806
150 0.04175580 0.02557740 0.01686700 0.01280000 0.00613777 0.01088120 0.02211860 0.03770540 0.00658449 0.16022099 0.21666299 0.01958780 0.10382199 0.03792190 0.01801210 0.11172499 0.03514520 0.00319160 0.01329450 0.09998829
151 0.06467200 0.05415450 0.02653680 0.02228700 0.02062360 0.02913560 0.03653030 0.15096700 0.01526600 0.05502100 0.08666590 0.02439460 0.02870840 0.02999700 0.16322700 0.06112900 0.05866350 0.00792093 0.01505390 0.04904600
152 0.07687841 0.17496102 0.03116250 0.03902720 0.01824250 0.03041490 0.05218931 0.03908100 0.01681030 0.05991291 0.06526291 0.04818650 0.03075040 0.04583500 0.04894070 0.06066191 0.04407810 0.01249300 0.03472990 0.07038151
153 0.07082399 0.07051709 0.03799389 0.02665710 0.02011340 0.03343299 0.04495749 0.04965529 0.02024540 0.06216589 0.08271249 0.02835750 0.02689700 0.03244700 0.17149497 0.05702689 0.06909169 0.00870675 0.02142210 0.06528109
154 0.07761793 0.03613462 0.05348622 0.03702422 0.00946013 0.02406581 0.04490112 0.04909262 0.02484181 0.13405706 0.08464864 0.04532422 0.02151491 0.13771806 0.01909771 0.04938642 0.03990442 0.00545753 0.02861611 0.07765043
155 0.18779302 0.02668550 0.02204050 0.01580790 0.02179370 0.02007360 0.02395190 0.14591601 0.01465590 0.06338931 0.13452801 0.02029470 0.01976770 0.02833350 0.01421700 0.15251301 0.03256610 0.00687872 0.01478570 0.03400820
156 0.07256729 0.03401580 0.20915098 0.03295460 0.01168980 0.02272550 0.05288879 0.03539590 0.02101500 0.06478089 0.06956089 0.03583420 0.05077969 0.06695739 0.02674990 0.03921770 0.03945340 0.01068410 0.03006190 0.07351629
157 0.04029850 0.01585450 0.02130670 0.01124290 0.00659694 0.01323880 0.01813040 0.04431290 0.00630330 0.12871401 0.25441902 0.01993250 0.08585761 0.04080190 0.01230280 0.09505611 0.03456240 0.00424219 0.01392150 0.13290501
158 0.06226458 0.04258719 0.05475119 0.11560497 0.00732363 0.03365349 0.05589768 0.06826598 0.02611439 0.04505119 0.04190499 0.07359468 0.00799011 0.12440397 0.01262680 0.03894069 0.03955519 0.00863313 0.09170878 0.04912739
159 0.05106223 0.02592951 0.02318321 0.02535771 0.00985545 0.03997742 0.02422861 0.03807702 0.01319451 0.23305313 0.10388406 0.02888242 0.02274201 0.03359382 0.01631771 0.04228552 0.03472532 0.00444862 0.02666861 0.20253311
160 0.06865358 0.06781748 0.10001697 0.08568977 0.00935337 0.09580017 0.03827699 0.04806829 0.01593900 0.04543059 0.05303928 0.14585395 0.01204230 0.05750328 0.01598230 0.03615929 0.03261179 0.00819564 0.01800739 0.04555859
161 0.07426984 0.05074743 0.01803691 0.03921702 0.00700202 0.02510471 0.05339503 0.02344361 0.01822701 0.04264622 0.13161208 0.07730794 0.01622051 0.02690692 0.01582401 0.05033153 0.03889242 0.05949773 0.17585810 0.05545893
162 0.07057072 0.04900731 0.02474211 0.02848491 0.00784983 0.02353831 0.06161222 0.03407691 0.01510690 0.07046812 0.10325103 0.06448192 0.01405460 0.04126581 0.01712370 0.06688712 0.03654101 0.00945780 0.19950105 0.06197862
163 0.25752820 0.02148342 0.02233132 0.01883631 0.01899701 0.01870141 0.02423832 0.24977219 0.01939261 0.06201575 0.05506244 0.01555211 0.01026221 0.05056004 0.01238891 0.06407595 0.04054863 0.00395983 0.01284231 0.02145102
164 0.05661429 0.02746739 0.02473850 0.02778599 0.01017410 0.03994589 0.02763449 0.03763639 0.01384500 0.22792696 0.10660298 0.03032269 0.02444420 0.03493319 0.01855120 0.05007059 0.03493759 0.00465739 0.02776819 0.17394297
165 0.05972431 0.04804721 0.03090420 0.18449103 0.00822860 0.04928541 0.05413761 0.04183571 0.01565650 0.04700111 0.07943881 0.14481102 0.01006620 0.05426481 0.00894414 0.03922841 0.02692510 0.01115750 0.02419530 0.06165701
166 0.07062916 0.03069448 0.02298519 0.05190817 0.01137629 0.12303994 0.04458748 0.04308948 0.01099379 0.18917691 0.12143994 0.03467268 0.01760199 0.02196129 0.02036939 0.04839058 0.02842419 0.00582720 0.02456789 0.07826396
167 0.09248455 0.03429838 0.01660069 0.02666879 0.01439439 0.02313219 0.02422959 0.20590990 0.01506329 0.04674128 0.06630247 0.02947499 0.01779959 0.04598188 0.02146799 0.20573490 0.03831928 0.00861759 0.01549439 0.05128387
168 0.03058649 0.05680918 0.02438809 0.05029908 0.00641490 0.01666030 0.04212779 0.03875239 0.03489479 0.03384049 0.04533449 0.11942896 0.01621590 0.03196359 0.01562470 0.06029408 0.02178389 0.01023750 0.02316449 0.32117890
169 0.08259248 0.03899189 0.02750449 0.07227758 0.01247320 0.16681395 0.04245039 0.05370448 0.01215310 0.11006897 0.07143668 0.04072879 0.01725989 0.03653019 0.02827769 0.05236708 0.03167149 0.00901739 0.02267619 0.07100408
170 0.05207073 0.04456322 0.01627471 0.02819981 0.00747261 0.01866111 0.05530663 0.03419252 0.01228621 0.04552442 0.23357211 0.07909794 0.01318941 0.02926031 0.01356251 0.04496802 0.02766761 0.01496971 0.17474209 0.05441833
171 0.07600832 0.17307103 0.03166171 0.03910711 0.01894360 0.03048661 0.05376301 0.03884041 0.01715020 0.06136741 0.06592371 0.04663751 0.03097301 0.04655041 0.05042051 0.06071401 0.04169541 0.01200940 0.03335841 0.07131821
172 0.04032919 0.01416340 0.01019670 0.00601722 0.00506014 0.00656691 0.01221850 0.01297910 0.00339173 0.16191197 0.23739895 0.00937682 0.09759978 0.03622729 0.01055460 0.19083496 0.03658729 0.00175454 0.00878655 0.09804438
173 0.07100048 0.04487609 0.03359649 0.17162395 0.01132120 0.05647608 0.05712608 0.04854029 0.02161849 0.06306748 0.07937008 0.07479488 0.01590210 0.04777949 0.01788899 0.04319839 0.03400799 0.01359180 0.02530189 0.06891778
174 0.06043121 0.04894320 0.04564700 0.04064070 0.01392900 0.02746900 0.18110002 0.04586640 0.02612880 0.06165321 0.08868161 0.05059371 0.02454770 0.04999830 0.02654150 0.05269821 0.03916310 0.01227310 0.04693670 0.05675751
175 0.06979424 0.04176643 0.03937192 0.17896111 0.01241801 0.04510473 0.11821707 0.03615642 0.02440731 0.05664663 0.08102045 0.06901094 0.01368651 0.04106282 0.01446961 0.03937782 0.03583342 0.01183681 0.01876561 0.05209213
176 0.08025523 0.05306335 0.02758228 0.14022187 0.01447259 0.04963806 0.04117616 0.03367587 0.02141548 0.05921905 0.07292533 0.04035376 0.01862728 0.03336947 0.11572590 0.04189686 0.04483926 0.01110559 0.02041288 0.08002373
177 0.04570549 0.04007719 0.02087580 0.02777579 0.01014800 0.01667960 0.02853869 0.03232129 0.04704009 0.04037949 0.05182119 0.04072569 0.02329220 0.02499240 0.02454480 0.17600896 0.03053199 0.01180720 0.01658520 0.29014894
178 0.15565102 0.03398430 0.02447610 0.02789330 0.11916601 0.02583250 0.03121930 0.03434740 0.01887130 0.07087411 0.08207051 0.03297200 0.02803830 0.02349190 0.02786250 0.06131081 0.06217021 0.01111940 0.01554500 0.11310401
179 0.07106878 0.03227309 0.02927959 0.05072038 0.01123130 0.10077097 0.19754794 0.07363108 0.01642839 0.05560108 0.10493397 0.03237119 0.01543530 0.02985119 0.02761989 0.03931649 0.02662199 0.00929682 0.02543639 0.05056418
