1 0.04367751 0.02875260 0.03251560 0.02594180 0.00938890 0.01397590 0.03122270 0.05038001 0.01522780 0.10550301 0.18603602 0.03397960 0.03339830 0.04053900 0.02217060 0.07158331 0.03745490 0.00557858 0.02200580 0.19066802
2 0.06740138 0.06185028 0.03995159 0.02381149 0.01488660 0.03848089 0.05304569 0.06716958 0.01799690 0.07270318 0.09455388 0.03535869 0.03633309 0.04192529 0.11921197 0.06391298 0.05181539 0.00922616 0.02573109 0.06463388
3 0.05072749 0.02227809 0.04512809 0.10788397 0.00759563 0.03997669 0.05508789 0.20663395 0.02691979 0.03828969 0.07185528 0.06391298 0.01734040 0.06943908 0.01610240 0.03706209 0.03140769 0.00462023 0.01864350 0.06909508
4 0.04695379 0.04167409 0.03627329 0.03855579 0.00805884 0.02026449 0.04722219 0.06265728 0.02724229 0.05385839 0.07269068 0.06152028 0.02849249 0.04266339 0.01878049 0.07601108 0.03177159 0.00841553 0.02369509 0.25319893
5 0.22351794 0.04345149 0.03073639 0.04626489 0.00909378 0.04574179 0.04454939 0.03133219 0.03495399 0.07347278 0.06089578 0.10212897 0.01535180 0.04867959 0.02201549 0.04539819 0.03666609 0.01293530 0.02877449 0.04403969
6 0.07401324 0.04182993 0.03674642 0.11395907 0.01748651 0.05516353 0.06040864 0.03457842 0.01891711 0.14345009 0.05454813 0.04748093 0.02141261 0.03401842 0.01715731 0.03797712 0.09169046 0.01249631 0.03612692 0.05053883
7 0.06803662 0.04476471 0.01735331 0.02607341 0.01255560 0.01962811 0.03969491 0.04497041 0.01809601 0.06890652 0.11050204 0.03438881 0.02533661 0.02852391 0.02462871 0.25494208 0.03018881 0.00954157 0.02804941 0.09381843
8 0.05455960 0.05306600 0.03082570 0.03986770 0.01217870 0.02605720 0.04700330 0.04691170 0.01558780 0.15280199 0.11650000 0.03707510 0.07722430 0.03580010 0.03583580 0.05453520 0.04283330 0.00840194 0.02868730 0.08424730
9 0.05632129 0.04362559 0.03731219 0.05302179 0.01312000 0.03169510 0.14274998 0.04579399 0.02692040 0.05594029 0.07558469 0.10712698 0.01936020 0.05638949 0.02172190 0.05093829 0.03687139 0.00912075 0.04533289 0.07105279
10 0.06286944 0.04809003 0.03343542 0.03486182 0.00941028 0.02874472 0.06491134 0.03527162 0.02186831 0.06233843 0.08168325 0.05483363 0.01831091 0.09842266 0.02259641 0.04307392 0.07827394 0.00767207 0.13692508 0.05640673
11 0.05982096 0.05212997 0.03810718 0.04342217 0.00877562 0.03025398 0.06209376 0.02864988 0.04036407 0.05462537 0.06357656 0.11181693 0.01541869 0.10775593 0.01764969 0.03667458 0.04143197 0.01175199 0.11686793 0.05881276
12 0.07278331 0.04847261 0.04205331 0.04575651 0.00943644 0.04030071 0.05752671 0.08691461 0.03167520 0.05472721 0.06601781 0.05956731 0.01968460 0.12780102 0.02610590 0.04916691 0.05275771 0.00874992 0.03003610 0.07046611
13 0.05941806 0.04156557 0.07179195 0.13067291 0.01210139 0.04222197 0.06471656 0.06655865 0.01933139 0.05365916 0.07106585 0.11316892 0.01858179 0.05049947 0.01416369 0.03468128 0.02953638 0.00879787 0.02632318 0.07114395
14 0.06428689 0.03778329 0.03932459 0.13783197 0.01115160 0.03833569 0.09899238 0.05616619 0.01908340 0.05965759 0.07238988 0.11307498 0.01915880 0.04345769 0.01366100 0.04211879 0.03012889 0.00987582 0.03083129 0.06268929
15 0.07784396 0.13396793 0.03284708 0.03410968 0.02174489 0.02838629 0.05041757 0.04282618 0.01902399 0.06466787 0.07710726 0.04427098 0.03938368 0.04723048 0.04363968 0.07316776 0.04873698 0.01413159 0.03388408 0.07261206
16 0.04855232 0.03782952 0.02723441 0.03053711 0.01327671 0.02163661 0.03777492 0.16007507 0.01949471 0.07346643 0.10707005 0.02790701 0.08596404 0.04165682 0.04001112 0.05573253 0.04571062 0.00716174 0.02005301 0.09885525
17 0.05411841 0.03488011 0.03017491 0.03369591 0.00989582 0.02873451 0.03512331 0.04766561 0.02039330 0.13615803 0.10946402 0.03822161 0.03229011 0.04061601 0.02336351 0.07029102 0.03641651 0.00687856 0.02543071 0.18618804
18 0.06692429 0.10626299 0.03034450 0.03702470 0.01665220 0.07442349 0.03885890 0.11171199 0.01546140 0.03927330 0.04330530 0.04816960 0.07622609 0.03892400 0.06470489 0.07274029 0.04102720 0.01157870 0.02109240 0.04529380
19 0.06766674 0.04159872 0.04277902 0.04377643 0.01242771 0.07208964 0.15006209 0.04613823 0.03031742 0.06474514 0.07684064 0.04560433 0.02951552 0.05198093 0.03623612 0.04852283 0.04219112 0.00951133 0.03397702 0.05401903
20 0.03443629 0.03793758 0.04053778 0.01633859 0.00900536 0.01459699 0.05475428 0.07149637 0.01364259 0.09472886 0.21127891 0.01764039 0.07664257 0.03015469 0.08079957 0.04922268 0.04419038 0.00478126 0.01817939 0.07963547
21 0.06802508 0.04428899 0.01679719 0.02575899 0.01171920 0.02038849 0.04122779 0.04521819 0.01826249 0.06805188 0.10894997 0.03488839 0.02623799 0.02891399 0.02581679 0.25291292 0.03134449 0.01019600 0.02822159 0.09277957
22 0.07068056 0.03103618 0.03890278 0.03407728 0.01422909 0.01996149 0.05222837 0.06401577 0.01484069 0.06344277 0.23583188 0.03632398 0.02488919 0.03540558 0.02725059 0.06997516 0.04936257 0.00730773 0.03861068 0.07162766
23 0.09161826 0.10466495 0.03872198 0.06011447 0.00981408 0.08875286 0.04504478 0.02755189 0.01540659 0.05443767 0.04034368 0.13296794 0.02714039 0.06200347 0.02581419 0.04283328 0.04018288 0.01219429 0.03472378 0.04566858
24 0.07154534 0.02896581 0.03162522 0.04264442 0.01103481 0.02890731 0.04430622 0.19686610 0.02371471 0.05743383 0.09750165 0.03763152 0.02592391 0.05971143 0.03312982 0.05750333 0.04452002 0.00553771 0.01984561 0.08165124
25 0.10251006 0.03885952 0.03010052 0.05166633 0.01896041 0.06109614 0.04775373 0.04076472 0.02366821 0.18593211 0.07652685 0.03950992 0.01892341 0.03470282 0.02578522 0.05867383 0.03736222 0.00786381 0.03492342 0.06441674
26 0.22594801 0.03760080 0.02772960 0.02902260 0.02088860 0.02531590 0.03576390 0.09062330 0.02246050 0.06048490 0.06539460 0.03077070 0.01580230 0.02679180 0.02285760 0.14707601 0.04092300 0.00962125 0.02136140 0.04356320
27 0.05689112 0.05361202 0.02354471 0.02837441 0.01557601 0.01859831 0.04492922 0.04499992 0.01636291 0.10128504 0.09321814 0.03032071 0.10343304 0.02598631 0.03666251 0.14329306 0.04954522 0.01144600 0.02250761 0.07941373
28 0.06305920 0.04600490 0.04322760 0.03768520 0.01503000 0.02904090 0.14343200 0.04733940 0.02990760 0.06041250 0.09459930 0.04416730 0.03358960 0.05259120 0.03219600 0.06035890 0.05287120 0.01052960 0.03826470 0.06569290
29 0.03735232 0.03574352 0.03085852 0.02465981 0.00689378 0.01083831 0.02573191 0.05258823 0.01156711 0.14715908 0.14068307 0.02474271 0.07451134 0.03620852 0.02958912 0.05147493 0.03828512 0.00622500 0.01934451 0.19554310
30 0.07025688 0.04167609 0.02943949 0.03816669 0.01026170 0.02443469 0.11192897 0.03168259 0.06549828 0.11157097 0.05835959 0.04106789 0.02531119 0.03421569 0.02140889 0.13015497 0.03265109 0.00964994 0.02451119 0.08775318
31 0.07260919 0.02837510 0.03213320 0.04378100 0.01114470 0.02908140 0.04393500 0.19821298 0.02418930 0.05837669 0.09832179 0.03823980 0.02605180 0.05929459 0.03247720 0.05537579 0.04419760 0.00504451 0.01898020 0.08017819
32 0.04496039 0.03154329 0.03623219 0.02892769 0.00909297 0.01503320 0.03662299 0.05316008 0.01735379 0.08778677 0.17995495 0.03744039 0.03177239 0.04242449 0.02287149 0.07497678 0.03688979 0.00643342 0.02471699 0.18180595
33 0.06526549 0.02846840 0.02417960 0.02874720 0.01337650 0.02204850 0.03117140 0.04554280 0.01299380 0.17599298 0.18964498 0.02367690 0.03653080 0.03368330 0.02706320 0.06790239 0.04051970 0.00518110 0.02617700 0.10183399
34 0.07685894 0.16578508 0.02818091 0.01935861 0.01974911 0.03910702 0.04239032 0.04665242 0.01230091 0.05846173 0.05924383 0.02729081 0.04037482 0.03605442 0.14120707 0.07043134 0.03718802 0.01039441 0.02089351 0.04807672
35 0.06011930 0.05447850 0.03956930 0.03479980 0.00894930 0.03188970 0.07468620 0.04717350 0.03079970 0.05267270 0.05470150 0.05918620 0.01486520 0.13368400 0.02504280 0.04014910 0.07500690 0.00725552 0.09801380 0.05695700
36 0.12005301 0.03576990 0.03097530 0.03654980 0.01273870 0.02351710 0.06163941 0.06687501 0.08412081 0.07552351 0.06759331 0.04774040 0.02440680 0.05738701 0.02392830 0.06270931 0.03955540 0.01447760 0.02436200 0.09007731
37 0.06982193 0.04527782 0.02293161 0.02224811 0.01991731 0.02311181 0.04023082 0.05352452 0.01741861 0.06410843 0.09493134 0.03037961 0.03536071 0.03487781 0.02694271 0.18510907 0.09206434 0.01940691 0.02820521 0.07413133
38 0.07538897 0.04407108 0.02562569 0.04134168 0.01249189 0.03285899 0.04916748 0.03294419 0.01395499 0.07560137 0.12026195 0.04960758 0.02451269 0.03978818 0.02008449 0.05901427 0.06416287 0.00932443 0.14958194 0.06021527
39 0.06989716 0.08957597 0.02133792 0.02572072 0.01767931 0.01695911 0.05825055 0.03215453 0.06063615 0.10345308 0.05963205 0.04102493 0.02503862 0.03375223 0.02389572 0.15745113 0.03400143 0.01225451 0.02461272 0.09267217
40 0.05996211 0.05307151 0.04077101 0.03516871 0.00882409 0.03246491 0.07507042 0.04773611 0.03143191 0.05377041 0.05355361 0.05912121 0.01524490 0.13343703 0.02571161 0.03903091 0.07453422 0.00775276 0.09648352 0.05685901
41 0.09068974 0.05982382 0.03981202 0.07269333 0.01051390 0.10058204 0.04928002 0.05089782 0.01657031 0.06670763 0.05017232 0.11164104 0.01923851 0.05983482 0.02380791 0.04485102 0.03725921 0.01088310 0.03251061 0.05223082
42 0.23741980 0.02930888 0.02145598 0.02350078 0.02587178 0.01902428 0.03038517 0.16984186 0.01653529 0.04211387 0.05391836 0.01811458 0.01299299 0.02230688 0.02060188 0.16751886 0.03542667 0.00636702 0.01231299 0.03498207
43 0.05947542 0.05464992 0.02410581 0.04131572 0.01098460 0.02141931 0.04377352 0.03504481 0.01129750 0.06388163 0.12140905 0.04653032 0.08259323 0.03271701 0.02366261 0.05306502 0.05928602 0.01143620 0.13973406 0.06361823
44 0.05234932 0.02727731 0.03444991 0.02770191 0.01137550 0.01508211 0.03651491 0.05113572 0.01330180 0.09265813 0.23042709 0.03102181 0.03041031 0.03836861 0.02389601 0.07272243 0.04197692 0.00604633 0.02759781 0.13568605
45 0.06027390 0.03998570 0.04145210 0.03960260 0.01072300 0.02636540 0.05236550 0.06917160 0.02242850 0.06738450 0.15957000 0.05033170 0.02557230 0.10522200 0.02568570 0.05010880 0.04354480 0.00742983 0.02406320 0.07871890
46 0.07198953 0.03230861 0.03909881 0.03565181 0.01417550 0.01988961 0.05210372 0.06123792 0.01488401 0.06315222 0.23517708 0.03605021 0.02437131 0.03525121 0.02596691 0.07032742 0.04958932 0.00771015 0.04108391 0.06998072
47 0.08004577 0.03618933 0.03011083 0.06551566 0.02144382 0.13593112 0.04228644 0.05058504 0.01415861 0.14354412 0.05929415 0.04041213 0.01576381 0.04179104 0.03084203 0.04445404 0.03795513 0.00923325 0.03365313 0.06679056
48 0.11583901 0.04146640 0.03808760 0.04073140 0.01021410 0.02696540 0.04280170 0.05049581 0.02597830 0.05853251 0.07496261 0.04860920 0.02807150 0.03878820 0.02527090 0.07110661 0.04129480 0.01192160 0.02468530 0.18417702
49 0.07940088 0.08699177 0.02003759 0.02070229 0.02268609 0.02620319 0.03604589 0.10973597 0.01662050 0.04837959 0.06100598 0.02947479 0.03300189 0.03409719 0.03713239 0.15902495 0.08846387 0.01749389 0.02028639 0.05321488
50 0.07374169 0.03694450 0.03652460 0.15914798 0.01434730 0.04286000 0.09716849 0.04918570 0.02026540 0.07324259 0.07403369 0.07335379 0.02427560 0.03702900 0.01342210 0.04070760 0.03594810 0.01081550 0.02935100 0.05763539
51 0.05540511 0.03517031 0.02969590 0.03340571 0.01010880 0.02843570 0.03502681 0.04709921 0.02100340 0.13899702 0.11043302 0.03795011 0.03232421 0.04031161 0.02312610 0.07006491 0.03575841 0.00687104 0.02545360 0.18335903
52 0.27349895 0.02266670 0.02378550 0.02338340 0.01102050 0.02171360 0.03502019 0.05247559 0.09393768 0.10785098 0.06108879 0.03437899 0.01199010 0.04078749 0.02283770 0.05116909 0.03387979 0.01240800 0.01347380 0.05263319
53 0.10254403 0.03876021 0.03026531 0.05219492 0.01879901 0.06111422 0.04700651 0.04055101 0.02321411 0.18709106 0.07750202 0.03879171 0.01947241 0.03279821 0.02649521 0.05709522 0.03929681 0.00807409 0.03415571 0.06477822
54 0.16985594 0.03974609 0.12265095 0.02839389 0.01678759 0.03010699 0.04488378 0.05193118 0.02091919 0.06154028 0.09040697 0.04033309 0.02157769 0.03779279 0.02849329 0.05900048 0.04542858 0.00876597 0.02006069 0.06132458
55 0.23807505 0.04010071 0.03180041 0.03860221 0.01474440 0.03471921 0.04107101 0.06264701 0.03364151 0.08290412 0.07545642 0.04143661 0.01609650 0.03754491 0.02401650 0.05718351 0.04232951 0.01174420 0.02720081 0.04868541
56 0.05661933 0.02687781 0.02468741 0.02690911 0.01168601 0.02523281 0.02629351 0.04433252 0.01260391 0.17498909 0.17489109 0.02188741 0.03764262 0.03695282 0.02574531 0.06507263 0.03907222 0.00470919 0.02447011 0.13932507
57 0.06826755 0.04421437 0.01685389 0.02574668 0.01166179 0.01906789 0.04069307 0.04617687 0.01831849 0.06794706 0.11045493 0.03467858 0.02610088 0.02850768 0.02592858 0.25442983 0.02939018 0.00998195 0.02786048 0.09371924
58 0.06962863 0.03812492 0.02408831 0.02264161 0.01013900 0.01735661 0.05178162 0.02755891 0.01216051 0.04696422 0.10905305 0.02978621 0.01824451 0.07779054 0.02094631 0.03080981 0.17856008 0.00879364 0.16655808 0.03901342
59 0.04194590 0.05284070 0.03054000 0.03535430 0.01007730 0.01799950 0.05007260 0.04483790 0.01500020 0.15192900 0.12072600 0.03102120 0.11817900 0.03083980 0.03682350 0.05124030 0.04147330 0.00724058 0.02333440 0.08852450
60 0.07418611 0.04641940 0.03926780 0.06555011 0.01181300 0.03359980 0.05530051 0.05468181 0.02564200 0.05876811 0.07976971 0.12302901 0.02082080 0.05509641 0.02121440 0.05759911 0.03599120 0.01187630 0.03871210 0.09066231
61 0.05230122 0.03466052 0.04308662 0.02695021 0.01011210 0.02315881 0.04485302 0.06287173 0.02157801 0.07873364 0.09098814 0.03685552 0.02833291 0.10076305 0.02324411 0.04562572 0.09457914 0.00788845 0.02774801 0.14566907
62 0.09013309 0.06354059 0.04059179 0.07417089 0.00903716 0.08571769 0.05074699 0.04683419 0.01759430 0.05583129 0.04855909 0.13946998 0.02048720 0.06217609 0.01999520 0.04203429 0.03531279 0.01087000 0.03413529 0.05276209
63 0.10071097 0.03880789 0.03019309 0.05178158 0.01892169 0.05957228 0.04733639 0.04090659 0.02238609 0.18537394 0.07979418 0.03945529 0.01958599 0.03447129 0.02708909 0.05777748 0.03744709 0.00812630 0.03522909 0.06503368
64 0.07007101 0.03918860 0.12432001 0.02478260 0.01583850 0.02600870 0.04295260 0.03153430 0.01775820 0.14358102 0.10494801 0.03572740 0.03507350 0.04841101 0.02912420 0.03274120 0.04585961 0.00752789 0.02804500 0.09650661
65 0.05718868 0.02150099 0.08100067 0.02855259 0.01439609 0.02012139 0.05268618 0.11518695 0.01493219 0.05661758 0.19947592 0.02666429 0.02893369 0.03506439 0.03570839 0.04399858 0.08041537 0.00498011 0.01693199 0.06564397
66 0.06803076 0.03712288 0.04310777 0.11140594 0.01368229 0.03500058 0.12384393 0.05865407 0.02392349 0.06480446 0.08515325 0.06003017 0.02832388 0.04015128 0.01930149 0.04880727 0.04051718 0.00987427 0.02837078 0.05989427
67 0.06250668 0.03783699 0.03925349 0.13817997 0.01127250 0.03922019 0.09774758 0.05814739 0.01919320 0.05933949 0.07044158 0.11469597 0.01810000 0.04327739 0.01397810 0.04229109 0.02961849 0.00982124 0.03127569 0.06380298
68 0.31864718 0.02246491 0.02213401 0.01953291 0.03020662 0.01482781 0.02593702 0.19579211 0.01620971 0.03646322 0.03972632 0.01209111 0.00752629 0.01629681 0.01221591 0.14341008 0.03565952 0.00392014 0.00856209 0.01837621
69 0.07346685 0.04397703 0.03545902 0.03181062 0.01572121 0.02588212 0.05641144 0.05607424 0.01899781 0.06288934 0.10045007 0.03441382 0.02645822 0.05797374 0.03229452 0.04529923 0.15289711 0.01766871 0.05277864 0.05907624
70 0.04196590 0.03908040 0.03048000 0.02735210 0.00822099 0.01363130 0.03010870 0.04972060 0.01177790 0.14857799 0.13794499 0.02568530 0.08302219 0.03531910 0.03295820 0.05256920 0.04041630 0.00711049 0.02078140 0.16327699
71 0.07934274 0.10291892 0.03647057 0.04247667 0.01034819 0.08444343 0.04538316 0.03124288 0.01384089 0.04891866 0.03795177 0.11485991 0.02152868 0.04834166 0.04511176 0.11081791 0.03638507 0.01248399 0.02921748 0.04791566
72 0.06513032 0.08847763 0.02965321 0.12168004 0.01682841 0.03007921 0.05040382 0.03729021 0.01775311 0.06009772 0.06029402 0.07589592 0.03143211 0.03537791 0.01974341 0.11186803 0.03299591 0.01449290 0.02871161 0.07179452
73 0.06164673 0.04673192 0.04375362 0.03837022 0.01471361 0.02886201 0.14313007 0.04902872 0.03028132 0.06070113 0.09289105 0.04539202 0.03378252 0.05270583 0.03171422 0.05936543 0.05320173 0.01091101 0.03703382 0.06578303
74 0.06574893 0.04810922 0.02008361 0.02971471 0.01116630 0.02174401 0.09250254 0.04276912 0.02183471 0.06107302 0.07695533 0.03944512 0.02424611 0.02611031 0.02805621 0.24396310 0.03094651 0.01087530 0.02691871 0.07773713
75 0.06077614 0.04059183 0.04013473 0.03958443 0.01047611 0.02624272 0.05196583 0.06921284 0.02186711 0.06794414 0.15732210 0.05028833 0.02550692 0.10753607 0.02582372 0.04998663 0.04441003 0.00783066 0.02283301 0.07966665
76 0.23909693 0.03909869 0.03183089 0.03823919 0.01505950 0.03397849 0.04018289 0.06213868 0.03415439 0.08460657 0.07610918 0.04161319 0.01596180 0.03697539 0.02390019 0.05689968 0.04223459 0.01100520 0.02891649 0.04799809
77 0.05310207 0.02708249 0.03393318 0.02626399 0.01097589 0.01494999 0.03569668 0.05172537 0.01324139 0.09357295 0.22935788 0.03055048 0.03019458 0.03877488 0.02459079 0.07676696 0.04170988 0.00562371 0.02630589 0.13558093
78 0.07390591 0.03558351 0.04094381 0.11940902 0.01535600 0.11016402 0.05862351 0.05450961 0.01578560 0.09866472 0.05087651 0.05319491 0.01688620 0.04614031 0.01646980 0.03229101 0.07014181 0.01169050 0.02940201 0.04996121
79 0.24125995 0.03373979 0.02673979 0.02278600 0.02696519 0.01943180 0.03440199 0.09388018 0.02033790 0.04610269 0.05917659 0.02289910 0.01644310 0.02452080 0.01468580 0.13445297 0.08589558 0.01592330 0.02331260 0.03704489
80 0.27812376 0.03231277 0.02449098 0.02004468 0.06454284 0.01596089 0.02626988 0.12969289 0.01561069 0.04103626 0.05116746 0.01617759 0.01459999 0.01331049 0.01297269 0.15703786 0.04633546 0.00570036 0.01087419 0.02373828
81 0.06029446 0.03589168 0.04010127 0.14056891 0.00989735 0.03598058 0.06640406 0.06388666 0.01902299 0.05610736 0.06781906 0.13157491 0.01863879 0.04875367 0.01406189 0.04424587 0.02685728 0.01105849 0.03422938 0.07460535
82 0.05877363 0.03065231 0.02826491 0.02895031 0.01512441 0.03288621 0.03210401 0.05073372 0.01437271 0.16573507 0.11466305 0.02528681 0.03206981 0.04096802 0.02504071 0.04615432 0.08349034 0.00850936 0.03123421 0.13498606
83 0.05682746 0.05232676 0.04069667 0.03346268 0.00870970 0.03065578 0.07573325 0.04432757 0.02876748 0.05395926 0.05414836 0.05790206 0.01447959 0.13669091 0.02447848 0.03717488 0.08082105 0.00680726 0.10873493 0.05329586
84 0.06204192 0.01575800 0.01475120 0.06989002 0.03285901 0.18632705 0.02041681 0.01724721 0.00520705 0.28049808 0.05682992 0.01590560 0.00834349 0.01817061 0.01449930 0.02064251 0.02571191 0.00398377 0.04149541 0.08942113
85 0.06823139 0.03763840 0.04334370 0.11052499 0.01474840 0.03510140 0.12598199 0.05640769 0.02368740 0.06468779 0.08339539 0.06003879 0.02854610 0.03981410 0.01923980 0.04885000 0.04176480 0.01018320 0.02813970 0.05967499
86 0.05323029 0.02815909 0.03410499 0.02677759 0.01111330 0.01518900 0.03570829 0.05147959 0.01284310 0.09280228 0.22797395 0.03081249 0.03049019 0.03759439 0.02369960 0.07626038 0.04201929 0.00568791 0.02773429 0.13631997
87 0.04586778 0.03381199 0.02904499 0.03203699 0.00839105 0.02314489 0.03556579 0.05024578 0.02200209 0.12437895 0.09922156 0.04107978 0.03150679 0.03937818 0.01981889 0.06944557 0.03257759 0.00611556 0.02315189 0.23321390
88 0.07142421 0.12067802 0.02098470 0.02319380 0.02071220 0.02388960 0.04480911 0.04450051 0.01834500 0.05603601 0.07023881 0.03322621 0.03452361 0.03298201 0.04284261 0.18573604 0.04110361 0.01439030 0.02532991 0.07505372
89 0.05864458 0.06375198 0.01656929 0.01817019 0.00932372 0.03960779 0.04545519 0.05373018 0.01593949 0.06373018 0.07677638 0.03272599 0.03276119 0.02867049 0.10433797 0.21145393 0.02957529 0.01104540 0.02460119 0.06312958
90 0.08147481 0.03075220 0.03928301 0.13635802 0.01096970 0.09115521 0.10357602 0.05151111 0.01998470 0.08763761 0.06045901 0.06283941 0.01857130 0.04109701 0.01368180 0.03335691 0.03137870 0.00880015 0.02570450 0.05140881
91 0.03280101 0.04636091 0.03546831 0.04880321 0.00488592 0.01742100 0.04995021 0.06118801 0.02869390 0.03137721 0.04169081 0.11262902 0.01974870 0.04063221 0.01200910 0.06499991 0.02247350 0.00774142 0.02136560 0.29976005
92 0.07800105 0.02958522 0.02561651 0.03577322 0.01474931 0.03239962 0.03527992 0.04313803 0.01639081 0.18450711 0.15711409 0.02670372 0.03072882 0.03215582 0.02715812 0.06268734 0.03911162 0.00552382 0.02814772 0.09522816
93 0.07324159 0.04665999 0.03909089 0.06568919 0.01255820 0.03360199 0.05711459 0.05396099 0.02452650 0.05946619 0.07928038 0.12121798 0.02192860 0.05413329 0.02246730 0.05789849 0.03685669 0.01166020 0.03987529 0.08877168
94 0.05749608 0.02413303 0.02281113 0.02576944 0.01202432 0.02856904 0.02286133 0.04147406 0.01135652 0.19713727 0.17265524 0.01797492 0.03863885 0.03458905 0.02506413 0.05481738 0.03976535 0.00406173 0.02368293 0.14511820
95 0.07595028 0.04548139 0.12787197 0.04256829 0.01364050 0.08286628 0.06033738 0.04637799 0.01841190 0.06488238 0.07184258 0.05607129 0.02426049 0.05175059 0.03466979 0.03997509 0.04457869 0.00844106 0.02495579 0.06506628
96 0.07389526 0.04617568 0.03966748 0.06595297 0.01237339 0.03302808 0.05654217 0.05513177 0.02541239 0.05762597 0.07915776 0.12109294 0.02125719 0.05535107 0.02145009 0.05648777 0.03766488 0.01163299 0.03951438 0.09058575
97 0.05615776 0.02379518 0.02196428 0.02547168 0.01237399 0.02952098 0.02260068 0.04236077 0.01091569 0.19867985 0.17294487 0.01741059 0.03896987 0.03456907 0.02500368 0.05582786 0.03870037 0.00423858 0.02363638 0.14485789
98 0.07118332 0.03113131 0.03983021 0.03513061 0.01380050 0.02047051 0.05163732 0.06278042 0.01494621 0.06295402 0.23424308 0.03672071 0.02435471 0.03573081 0.02649181 0.06988082 0.04937502 0.00803196 0.04050521 0.07080142
99 0.07735581 0.03807570 0.15521101 0.02537370 0.01672950 0.02783520 0.04983340 0.04149220 0.01699290 0.05658281 0.09768491 0.04517520 0.03040820 0.04339710 0.03112430 0.08622771 0.04975860 0.00881841 0.02129970 0.08062361
100 0.05381564 0.04548023 0.03436113 0.05459584 0.01284091 0.03120612 0.13917810 0.04251763 0.02491722 0.05412564 0.07280515 0.13130110 0.01725421 0.05672584 0.02037671 0.04712013 0.03491193 0.00884518 0.04689553 0.07072575
101 0.06208930 0.04564520 0.04289330 0.03759360 0.01456270 0.02912600 0.14198200 0.04925030 0.03108180 0.05992970 0.09402210 0.04505890 0.03331950 0.05384990 0.03227890 0.06030570 0.05164200 0.01043920 0.03863130 0.06629860
102 0.05024352 0.04072962 0.03380452 0.05323703 0.00732764 0.01916731 0.04434722 0.05622373 0.02694411 0.04823492 0.06408613 0.11846106 0.02163521 0.04731992 0.01500881 0.05614553 0.02854191 0.00954799 0.02603871 0.23295511
103 0.07116658 0.03145949 0.03826509 0.03315879 0.01466990 0.01945389 0.05060288 0.06001958 0.01416420 0.06382188 0.23714793 0.03553819 0.02455399 0.03525069 0.02672979 0.07335588 0.05062858 0.00738741 0.04001239 0.07261288
104 0.25526109 0.02693561 0.02263711 0.02281631 0.02644301 0.01845611 0.02924531 0.18306807 0.01690701 0.03948551 0.05035802 0.01645961 0.01200740 0.02208711 0.01886241 0.15293506 0.03732471 0.00562143 0.01110350 0.03198561
105 0.20652106 0.03632121 0.03377831 0.04608151 0.01187220 0.03543991 0.12500704 0.04741171 0.02863831 0.06542822 0.07191082 0.04087841 0.01632570 0.03766731 0.02086011 0.04913891 0.04807641 0.01191120 0.02842171 0.03830991
106 0.06974731 0.03686070 0.04333990 0.11058401 0.01432900 0.03495310 0.12557101 0.05601631 0.02418230 0.06486161 0.08506031 0.05972141 0.02846210 0.03958310 0.01941710 0.04997080 0.04168670 0.01046600 0.02766880 0.05751841
107 0.10234001 0.03928510 0.02923570 0.05126381 0.01967030 0.06101321 0.04840601 0.04103600 0.02334100 0.18786102 0.07660121 0.03860750 0.01899740 0.03299220 0.02581400 0.05893731 0.03869250 0.00813738 0.03390950 0.06385881
108 0.09706159 0.05851099 0.02955510 0.04536600 0.01375980 0.03019130 0.05199179 0.03556280 0.02806740 0.05374919 0.06454579 0.05059539 0.03227390 0.03546930 0.02612430 0.07881259 0.08670699 0.09162399 0.02483640 0.06519539
109 0.04511422 0.02472651 0.02504561 0.02100401 0.00934125 0.01704111 0.02275841 0.04663012 0.01118941 0.16600208 0.18302509 0.02086761 0.04079232 0.03930882 0.02474221 0.06395293 0.03898692 0.00415475 0.02041151 0.17490509
110 0.05804901 0.06417711 0.04006860 0.04300440 0.01724710 0.02479440 0.06530031 0.05064451 0.02288410 0.05746091 0.07217641 0.04067940 0.13147001 0.03147910 0.03548030 0.07454051 0.04965030 0.01453650 0.02672630 0.07963071
111 0.07910434 0.03033888 0.09182483 0.02757398 0.01912908 0.02219578 0.05154856 0.04852396 0.01786089 0.05172846 0.18521585 0.03751397 0.02828138 0.03145208 0.02583498 0.11006391 0.05121856 0.00723518 0.02000928 0.06334605
112 0.05952914 0.10100706 0.03498642 0.03302612 0.01552171 0.02493151 0.05072223 0.04112112 0.01915191 0.05472543 0.16106410 0.05402393 0.02627672 0.09204746 0.02785722 0.05219443 0.04207163 0.01056801 0.03660922 0.06256464
113 0.08887555 0.03905032 0.01741981 0.02717422 0.01469081 0.02140841 0.03728252 0.12435307 0.01795101 0.05670243 0.08488955 0.02980382 0.02444921 0.03175762 0.03041662 0.20994212 0.03328062 0.00934484 0.01908171 0.08212575
114 0.08134681 0.03603360 0.03070110 0.06338251 0.02081380 0.13543301 0.04155800 0.05080200 0.01412430 0.14210801 0.05892071 0.04108620 0.01539400 0.04203890 0.03234820 0.04535200 0.03743650 0.00888761 0.03424810 0.06798461
115 0.04530269 0.04235579 0.03578589 0.03937899 0.00752349 0.01956119 0.04692448 0.06292398 0.02745039 0.05357858 0.07205998 0.06157128 0.02868559 0.04289299 0.01905519 0.07474658 0.03243959 0.00865053 0.02381989 0.25529292
116 0.09277431 0.05727161 0.09453331 0.03217760 0.08134031 0.02446020 0.04959941 0.05221831 0.01869920 0.04823431 0.08069871 0.04116301 0.03419971 0.02795690 0.02574820 0.11879402 0.05085211 0.00817505 0.01777080 0.04333291
117 0.07958244 0.03621767 0.03118098 0.06345166 0.02076249 0.13433491 0.04246557 0.05128676 0.01444269 0.13936290 0.05992096 0.04011617 0.01535249 0.04390417 0.03203608 0.04691477 0.03801317 0.00939319 0.03465548 0.06660545
118 0.07541388 0.03707059 0.02999459 0.02917089 0.02217459 0.02386769 0.04877189 0.13481796 0.06434828 0.03695669 0.05126078 0.03086049 0.08265888 0.03974239 0.02389399 0.08584577 0.09357627 0.01642120 0.01565710 0.05749608
119 0.07190567 0.03073789 0.03868909 0.03448649 0.01402429 0.01964009 0.05135448 0.06153488 0.01473989 0.06439608 0.23613691 0.03568589 0.02470169 0.03536679 0.02578949 0.07043897 0.05047808 0.00804028 0.03960498 0.07224807
120 0.23703300 0.03915720 0.03195320 0.03780610 0.01416440 0.03370040 0.03962110 0.06250930 0.03313910 0.08431040 0.07643790 0.04242010 0.01622670 0.03683430 0.02469590 0.05698470 0.04236530 0.01139260 0.02897560 0.05027270
121 0.23885100 0.03956410 0.03201400 0.03720170 0.01465710 0.03415920 0.04065720 0.05922320 0.03378400 0.08411050 0.07664740 0.04235190 0.01553700 0.03791860 0.02381330 0.05700790 0.04330670 0.01179470 0.02927990 0.04812060
122 0.10458104 0.03380291 0.02283891 0.03020451 0.01554751 0.02453081 0.03773411 0.17073606 0.02003431 0.05412542 0.08187443 0.02930701 0.02557971 0.04170722 0.03247221 0.13688305 0.03946951 0.00754764 0.01734721 0.07367643
123 0.08079824 0.02992801 0.02061921 0.01813051 0.01703061 0.01826591 0.02991071 0.11748506 0.01703221 0.11705606 0.10372705 0.01874161 0.03032911 0.03673362 0.02940161 0.12031606 0.08833314 0.00918561 0.01724441 0.07973124
124 0.04272292 0.03909322 0.02980421 0.02782681 0.00820435 0.01512031 0.03033331 0.04949232 0.01086750 0.15666307 0.14774006 0.02605001 0.07577723 0.03696862 0.03306161 0.05319512 0.04117672 0.00663852 0.02143301 0.14783106
125 0.03994201 0.03020341 0.03384201 0.02724431 0.00809881 0.01416750 0.03383801 0.05220842 0.01844171 0.09384623 0.16255706 0.03913351 0.03210311 0.04204341 0.02044621 0.06931282 0.03485111 0.00545634 0.02204791 0.22021608
126 0.12085104 0.06413282 0.03023971 0.04295131 0.01923411 0.02403611 0.04570151 0.03784281 0.01839211 0.04134871 0.05495352 0.04242511 0.09966323 0.03003181 0.02304191 0.06755872 0.11500303 0.02681391 0.03280301 0.06297552
127 0.05051039 0.10319398 0.01959650 0.02206740 0.01994120 0.01706900 0.06195549 0.03450119 0.06183319 0.05349279 0.05190239 0.04692059 0.02784809 0.03715999 0.02577169 0.17818696 0.02854459 0.01550630 0.02826429 0.11573398
128 0.06965486 0.10846210 0.13181712 0.02829343 0.02205462 0.03178953 0.04995224 0.03004103 0.01692342 0.06019555 0.07981787 0.05920565 0.03684453 0.04960614 0.03666943 0.03742403 0.03925844 0.01010991 0.02617902 0.07570107
129 0.06797649 0.03092930 0.02884440 0.03084650 0.01301390 0.02123300 0.03742680 0.04788170 0.01406430 0.13947699 0.19336698 0.02941530 0.03276150 0.03588760 0.02790660 0.07611099 0.04291730 0.00625048 0.02989260 0.09379729
130 0.11647003 0.04248731 0.03785301 0.04090341 0.01015520 0.02664801 0.04276951 0.04864341 0.02583101 0.05866562 0.07385422 0.04934311 0.02851121 0.03865051 0.02523381 0.07125702 0.04115171 0.01185530 0.02532551 0.18439106
131 0.07775438 0.13505097 0.03300969 0.03470769 0.02253220 0.02810419 0.05144519 0.04231699 0.01878750 0.06581829 0.07660238 0.04351309 0.03887169 0.04684079 0.04412669 0.07373079 0.04971729 0.01412710 0.03314809 0.06979499
132 0.05216880 0.02721340 0.03342350 0.02664240 0.01108080 0.01458340 0.03494610 0.05092330 0.01259170 0.09351450 0.23022700 0.03058270 0.03107620 0.03819480 0.02325240 0.07708720 0.04260880 0.00594301 0.02785500 0.13608500
133 0.07617562 0.04280831 0.03231351 0.13179304 0.01453160 0.05277002 0.05158242 0.05672342 0.01876761 0.08487513 0.07736152 0.06896882 0.02697771 0.04393231 0.01664190 0.04608221 0.03748511 0.01240730 0.03638881 0.07141362
134 0.10364703 0.02870301 0.02152161 0.02769221 0.01179700 0.02008311 0.02794401 0.02313641 0.01313990 0.08557502 0.19108605 0.03122981 0.02430451 0.03696491 0.01483050 0.04947111 0.06207792 0.00904082 0.11056203 0.10719303
135 0.15337911 0.02745992 0.03583043 0.03149812 0.01546161 0.02094901 0.04395013 0.05182534 0.01697451 0.05571334 0.21712415 0.03240682 0.01766521 0.02740752 0.02029891 0.06140234 0.05580944 0.00869030 0.04656863 0.05958514
136 0.07577790 0.04384690 0.02432530 0.04176520 0.01221530 0.03232380 0.05008100 0.03264860 0.01429430 0.07405270 0.12083499 0.04991970 0.02492990 0.04005750 0.02049500 0.05846340 0.06451720 0.00940206 0.15002899 0.06002030
137 0.07107732 0.03031221 0.03970211 0.03394491 0.01321410 0.01974571 0.05089152 0.06239542 0.01431780 0.06362302 0.23575708 0.03617631 0.02483141 0.03501521 0.02690501 0.07086172 0.05001842 0.00741076 0.04067651 0.07312342
138 0.07299951 0.04786371 0.04268180 0.04630241 0.00982685 0.04029620 0.05830891 0.09039321 0.03172890 0.05403631 0.06527931 0.05873221 0.01910840 0.12869301 0.02554570 0.04763721 0.05250161 0.00837604 0.02933190 0.07035681
139 0.07166790 0.02796820 0.03281490 0.04251650 0.01169820 0.02918010 0.04413310 0.19869199 0.02396410 0.05835870 0.09869549 0.03711030 0.02547540 0.05929640 0.03263800 0.05662560 0.04481940 0.00552696 0.01939280 0.07942600
140 0.05362199 0.03530859 0.03940389 0.03396469 0.01090110 0.01940420 0.04873669 0.06473369 0.01618660 0.06809868 0.22640295 0.04395059 0.02705779 0.08429738 0.02496469 0.05146489 0.04132689 0.00657093 0.02341419 0.08018958
141 0.12236101 0.06375291 0.02700410 0.03262030 0.02847060 0.02050150 0.03880480 0.05302111 0.01813240 0.03691700 0.04610300 0.03305220 0.10389001 0.02235070 0.03029180 0.15839102 0.05877071 0.01637340 0.02164850 0.06754291
142 0.04522558 0.04173348 0.03655919 0.03850048 0.00784614 0.01952609 0.04724928 0.06257488 0.02724119 0.05333718 0.07179107 0.06144198 0.02842229 0.04219988 0.01914529 0.07780667 0.03126029 0.00866725 0.02372689 0.25574490
143 0.07279270 0.02854500 0.03308470 0.04361600 0.01160200 0.02894140 0.04389000 0.19780100 0.02370620 0.05849700 0.09896120 0.03765470 0.02530780 0.05864380 0.03299430 0.05635610 0.04373450 0.00534090 0.01887380 0.07965690
144 0.10794400 0.04128170 0.03343770 0.11981900 0.00913088 0.03961290 0.06281270 0.03938280 0.01708140 0.06192070 0.05643360 0.11351100 0.01759890 0.03722100 0.01556210 0.10811800 0.02670810 0.01249000 0.02688590 0.05304760
145 0.23704190 0.02950689 0.02111929 0.02364669 0.02581909 0.01870909 0.03040719 0.16947693 0.01614769 0.04338308 0.05433568 0.01828119 0.01379169 0.02211269 0.02032299 0.16785193 0.03416629 0.00570053 0.01227109 0.03590808
146 0.04645668 0.02421529 0.02275929 0.01840979 0.00975464 0.01385059 0.02070639 0.04608078 0.00831982 0.16836194 0.21323092 0.01678549 0.04455918 0.03800619 0.02614329 0.06806587 0.04025869 0.00397861 0.02103859 0.14901794
147 0.12592799 0.03846470 0.01480150 0.02098900 0.01468690 0.01697550 0.03154580 0.05081920 0.01514080 0.06423530 0.09489770 0.02543980 0.01690990 0.01934540 0.01994810 0.29941499 0.02655110 0.00812545 0.02636500 0.06941590
148 0.09265562 0.03356311 0.03497871 0.04749001 0.01346890 0.03105621 0.09787992 0.11545103 0.02557731 0.11006103 0.06485212 0.04106931 0.02154301 0.04063311 0.02775931 0.06714632 0.05008531 0.00718646 0.02460731 0.05293591
149 0.07751320 0.02987990 0.02479340 0.03549520 0.01432860 0.03190990 0.03531690 0.04110210 0.01597230 0.18651901 0.15808501 0.02709270 0.03161960 0.03202520 0.02606980 0.06234600 0.03961400 0.00560906 0.02836520 0.09634290
150 0.03790409 0.03831409 0.02863880 0.02507870 0.00889922 0.01145170 0.03648699 0.05164299 0.01097410 0.14876098 0.18901097 0.02226250 0.08123569 0.03716999 0.03757659 0.05450839 0.04134399 0.00557394 0.02319930 0.10996698
151 0.06005110 0.04957510 0.02777550 0.01983740 0.01079720 0.03698620 0.03871490 0.15803800 0.01378810 0.06261180 0.09615160 0.02484100 0.03181680 0.03848120 0.13930700 0.06470850 0.04751330 0.00567158 0.01703730 0.05629640
152 0.07886738 0.13403897 0.03368489 0.03587589 0.02211620 0.02807169 0.05074599 0.04211539 0.01825940 0.06477039 0.07710728 0.04401909 0.03954709 0.04705139 0.04133979 0.07440059 0.05006729 0.01369130 0.03412829 0.07010169
153 0.06716440 0.06176470 0.03911100 0.02401710 0.01500530 0.03840450 0.05346670 0.06745390 0.01787420 0.07153000 0.09430890 0.03525660 0.03671530 0.04172370 0.12022100 0.06498760 0.05077800 0.00957273 0.02558390 0.06506050
154 0.07525123 0.04337632 0.03899612 0.03964342 0.01041770 0.03613021 0.05007402 0.06556863 0.02758941 0.11807105 0.08399513 0.04985472 0.02308401 0.10880304 0.02757431 0.04523592 0.04596992 0.00663619 0.02622771 0.07750093
155 0.19726097 0.02462260 0.02653450 0.02338810 0.02370000 0.01630940 0.03088470 0.14354998 0.01419640 0.05136589 0.12253098 0.01759040 0.01551680 0.02122220 0.01779470 0.15395998 0.03825309 0.00529395 0.01402370 0.04200169
156 0.07386812 0.04186331 0.13496403 0.03370341 0.01595840 0.02883911 0.05842931 0.04832481 0.02020940 0.06492142 0.10779803 0.04762271 0.03312831 0.04990821 0.03163521 0.04007171 0.04677171 0.00856536 0.02662931 0.08678812
157 0.03524081 0.03031121 0.03217091 0.01729451 0.00742973 0.00746303 0.02671581 0.05254192 0.00802976 0.13234905 0.22654009 0.01794071 0.06977123 0.03974032 0.03194481 0.05290052 0.04124622 0.00440130 0.02281101 0.14315705
158 0.06622539 0.04470360 0.04141870 0.10507699 0.00856358 0.04145770 0.05741300 0.05657130 0.02561690 0.06138560 0.05272950 0.08022209 0.01718770 0.09349579 0.01613450 0.04024490 0.04388900 0.01039890 0.08221709 0.05504780
159 0.05645616 0.02800798 0.02521208 0.03323688 0.01295759 0.04403477 0.02890268 0.04008297 0.01569759 0.19141887 0.11675392 0.02641058 0.03052718 0.03457928 0.02220408 0.05681476 0.03571238 0.00532938 0.02673098 0.16892989
160 0.07881922 0.05869932 0.08942813 0.06608502 0.00908090 0.07879562 0.04960781 0.05215692 0.01748291 0.04820331 0.05307122 0.13424204 0.01725601 0.06325832 0.01950801 0.04054621 0.03526361 0.00839730 0.02675151 0.05334662
161 0.08286826 0.03802808 0.02079839 0.02616449 0.01166659 0.02040819 0.04307748 0.02643629 0.00903395 0.05252518 0.13017294 0.03342198 0.02316589 0.04826068 0.01899849 0.04061648 0.14228093 0.00838381 0.17808392 0.04560798
162 0.07552899 0.04233490 0.02457580 0.04159750 0.01165100 0.03295660 0.04916680 0.03266060 0.01410330 0.07527179 0.12095599 0.04873570 0.02453610 0.04054610 0.02060070 0.05902599 0.06409589 0.00928050 0.15148398 0.06089179
163 0.25158698 0.02339330 0.02611450 0.03106640 0.01996820 0.02107550 0.03212720 0.22043698 0.02179170 0.03898370 0.05614450 0.02070850 0.01128020 0.03878940 0.01762720 0.08415879 0.03680970 0.00431158 0.01213530 0.03149040
164 0.06434699 0.02929890 0.02650140 0.03873699 0.01397520 0.04740999 0.03245870 0.03954849 0.01664620 0.19143097 0.11558698 0.02906720 0.02966340 0.03504319 0.02360790 0.05617779 0.03611329 0.00617825 0.02819920 0.14000898
165 0.06998236 0.04133188 0.06976996 0.12770193 0.01467859 0.04489318 0.06036277 0.06685366 0.02102079 0.06784826 0.07855576 0.06845856 0.02496689 0.04650508 0.01815849 0.03553728 0.03596528 0.00919423 0.02643079 0.07178426
166 0.07443303 0.03215701 0.01941471 0.02383151 0.01291521 0.01777921 0.03394551 0.04130352 0.01354341 0.13305805 0.16145207 0.02351031 0.02674681 0.02692071 0.02319851 0.18672008 0.03953632 0.00696979 0.02411381 0.07845043
167 0.08821074 0.03652351 0.01936081 0.02822601 0.01528771 0.01939391 0.04223772 0.12127805 0.05657092 0.04797142 0.04995842 0.03528831 0.02178941 0.03600881 0.02203511 0.19253508 0.03466781 0.01129190 0.01964531 0.10171904
168 0.03400258 0.04661998 0.03544178 0.04897738 0.00505687 0.01768929 0.04970148 0.06195177 0.02801289 0.03125818 0.04143248 0.11255594 0.02047209 0.04089738 0.01270439 0.06381517 0.02279419 0.00768262 0.02100269 0.29793085
169 0.08149931 0.03705820 0.03116470 0.06362961 0.02080080 0.13394201 0.04137350 0.04949090 0.01430250 0.14239401 0.05966450 0.04114830 0.01545710 0.04203760 0.03232960 0.04596680 0.03731590 0.00888222 0.03458840 0.06695401
170 0.07468448 0.03352569 0.02133599 0.03050419 0.01016530 0.01547150 0.04038389 0.03141429 0.01036740 0.04315159 0.24154593 0.04056799 0.02180319 0.03865169 0.01500780 0.04873139 0.06724598 0.01022280 0.15793895 0.04727999
171 0.07908918 0.13351296 0.03369369 0.03550249 0.02237459 0.02869369 0.05077158 0.04225999 0.01892079 0.06660368 0.07715078 0.04423059 0.03807849 0.04746739 0.04291979 0.07244988 0.04896799 0.01349660 0.03287859 0.07093728
172 0.03205502 0.04011383 0.02450162 0.01271951 0.00704763 0.01019031 0.03152122 0.06477475 0.00806763 0.15156111 0.19509914 0.01406691 0.08151786 0.03328762 0.07034255 0.05002204 0.04411003 0.00378054 0.01559461 0.10962608
173 0.07612949 0.04278310 0.03111060 0.12959099 0.01469170 0.05222759 0.05224559 0.05521049 0.01924690 0.08693829 0.07597179 0.06958529 0.02633460 0.04412650 0.01666580 0.04673470 0.03638690 0.01221990 0.03760150 0.07419829
174 0.06171194 0.04503773 0.04309693 0.03737182 0.01428661 0.02904432 0.14233709 0.04894323 0.03121762 0.05840824 0.09380166 0.04492443 0.03528782 0.05387403 0.03214582 0.05931764 0.05274663 0.01022571 0.03891032 0.06731044
175 0.07534450 0.03474230 0.02570130 0.13081101 0.01847270 0.07732520 0.04488680 0.02535420 0.01555880 0.17406901 0.06961720 0.05248530 0.02292000 0.02870240 0.01285200 0.03321220 0.03436710 0.00958036 0.03918140 0.07481620
176 0.06602299 0.04964780 0.03582800 0.11412999 0.01431450 0.03629320 0.05680829 0.04793060 0.01785080 0.05978759 0.06485259 0.11809499 0.02455840 0.04171780 0.05907369 0.05545039 0.03314060 0.01169960 0.03240810 0.06039009
177 0.04173711 0.04391821 0.03856040 0.03680330 0.00817008 0.01303740 0.03944510 0.05818421 0.01946330 0.06735181 0.07978231 0.04116310 0.08293281 0.03161170 0.02443050 0.06796971 0.03579330 0.01070530 0.02036430 0.23857603
178 0.12707995 0.04512558 0.03340269 0.03664789 0.08647467 0.03766438 0.03570539 0.03850278 0.01711059 0.08581787 0.09007446 0.03123749 0.02467809 0.02592429 0.02677969 0.05963418 0.06164698 0.01106260 0.02342349 0.10200696
179 0.06592361 0.03818621 0.04330031 0.04800131 0.01209520 0.07408541 0.15949803 0.04672881 0.02996511 0.06238951 0.07663281 0.04490721 0.02896810 0.05161241 0.03567731 0.04659721 0.04096931 0.00864683 0.03246291 0.05335241
