1 0.04562078 0.03340508 0.03631828 0.04036458 0.01013390 0.01705379 0.04285928 0.04611558 0.01985749 0.09638595 0.15957792 0.04453288 0.03125788 0.03987128 0.02104559 0.05874067 0.03809358 0.00690078 0.02486779 0.18699691
2 0.06670281 0.05669401 0.03799210 0.02926280 0.01719980 0.03173830 0.05512391 0.06445701 0.02223270 0.07607591 0.09404781 0.03781400 0.03499020 0.04271620 0.09646051 0.07089961 0.05363311 0.01167690 0.03316250 0.06711981
3 0.05027952 0.03140471 0.05307542 0.10464204 0.00900135 0.05592332 0.04466132 0.17232307 0.02289791 0.04121492 0.08445134 0.05519122 0.01541891 0.07580363 0.01824351 0.03823022 0.03325761 0.00732302 0.03089311 0.05576382
4 0.05080511 0.04709791 0.03719871 0.04404911 0.00939804 0.02341711 0.04866741 0.04892331 0.02768641 0.05566341 0.08322492 0.05941502 0.02715521 0.04096641 0.02179601 0.08795992 0.03320751 0.01241110 0.02679031 0.21416706
5 0.23404807 0.05160022 0.02766191 0.03160951 0.01108750 0.03827671 0.04435621 0.03906381 0.03674841 0.06794272 0.07639912 0.09570783 0.01719791 0.04136501 0.02247431 0.04176521 0.04075881 0.01245210 0.02867181 0.04081281
6 0.07542553 0.03826422 0.03663591 0.10314304 0.02127741 0.05462512 0.05802202 0.04135202 0.01808491 0.14126206 0.06642743 0.03761232 0.02120761 0.03519321 0.02332081 0.04291282 0.09137904 0.01079890 0.02791551 0.05514012
7 0.07138076 0.04237888 0.01545419 0.02750579 0.01105379 0.08056026 0.03759488 0.03979268 0.01510519 0.07223966 0.05552247 0.03535998 0.01402009 0.03035258 0.04148078 0.26270387 0.02886569 0.01508559 0.03533098 0.06821187
8 0.06624053 0.04152002 0.02642851 0.03397551 0.01433891 0.03117411 0.04351812 0.05734662 0.01683421 0.14816806 0.11102404 0.03034121 0.07104803 0.03504521 0.03374151 0.06197262 0.05819152 0.00820282 0.02790081 0.08298763
9 0.06171170 0.05146830 0.03285110 0.04686620 0.00989867 0.02899010 0.12879200 0.03618390 0.02991010 0.05665860 0.10926500 0.10095000 0.02296270 0.04769440 0.02180500 0.04750600 0.04069900 0.01456660 0.04145350 0.06976710
10 0.07052572 0.04988971 0.03425221 0.03673811 0.01139470 0.03655491 0.05555012 0.05749632 0.02013591 0.06034062 0.08265552 0.05801232 0.01841301 0.08747553 0.02697001 0.05752282 0.05739222 0.00920931 0.11007803 0.05939292
11 0.06363190 0.05533710 0.03234820 0.04225430 0.00886805 0.03705310 0.05551450 0.04718990 0.03119890 0.04277500 0.07524850 0.10565101 0.01629630 0.09926730 0.02318730 0.04752640 0.04246050 0.01230740 0.10161301 0.06027130
12 0.07473271 0.05361181 0.05065141 0.04923941 0.01327980 0.05171931 0.04835651 0.07839561 0.02321210 0.05604891 0.06649071 0.06145341 0.01882090 0.11490302 0.02684810 0.05316711 0.05024621 0.00938904 0.03165021 0.06778371
13 0.05384990 0.04277430 0.07018841 0.10732001 0.01072220 0.04381840 0.05850340 0.06719241 0.02100040 0.04317310 0.11315101 0.09313361 0.01475020 0.06435811 0.01598500 0.03038930 0.03125660 0.00863612 0.02825380 0.08154371
14 0.05597812 0.04153871 0.03270091 0.10875903 0.00918803 0.03172101 0.09607203 0.04021841 0.02393641 0.05142621 0.13059904 0.10621503 0.01602600 0.04134601 0.01606260 0.04574051 0.02798221 0.01106880 0.03044011 0.08298082
15 0.09014374 0.11092604 0.03542821 0.03418951 0.01754971 0.03141121 0.05716012 0.05173452 0.01910231 0.06642423 0.08261123 0.04593252 0.03384071 0.04706392 0.03608611 0.06902743 0.04642842 0.01682971 0.03459021 0.07352013
16 0.05833650 0.03624510 0.05069880 0.07290280 0.01017750 0.08210950 0.03716860 0.17578900 0.02167440 0.05087680 0.06208610 0.04759850 0.01377400 0.08414120 0.02365960 0.04994440 0.03564730 0.00815229 0.03130340 0.04771420
17 0.05622629 0.03621279 0.03004720 0.03867569 0.01169070 0.02734130 0.03799719 0.04965899 0.01897790 0.12468198 0.10878298 0.03994639 0.03041380 0.03959109 0.02332760 0.07512069 0.04209819 0.00836756 0.02482470 0.17601697
18 0.07407898 0.09110947 0.02984929 0.04427959 0.01035350 0.06916418 0.09428977 0.03093269 0.02049019 0.06613688 0.07125728 0.10938697 0.01678509 0.05903948 0.02439299 0.04580709 0.03596439 0.01298730 0.03501659 0.05867828
19 0.07007459 0.05437029 0.03810779 0.04108739 0.01277870 0.06492359 0.11408698 0.04216739 0.02397070 0.08241178 0.08809468 0.05501819 0.01936320 0.04932889 0.03115839 0.05940929 0.04400439 0.01334130 0.03794469 0.05835779
20 0.04662793 0.04212192 0.03804552 0.02673971 0.01146711 0.01535611 0.05214833 0.05983533 0.01642431 0.08250255 0.18483610 0.02430431 0.07387374 0.03149582 0.07404164 0.06060243 0.05214723 0.00590955 0.02662041 0.07489994
21 0.07536988 0.04347609 0.01797069 0.03128049 0.01354290 0.03511089 0.04122259 0.05006118 0.02088819 0.06824448 0.07095288 0.03939509 0.02692249 0.03162729 0.03155509 0.22080193 0.03624569 0.01314260 0.03324759 0.09894197
22 0.07094907 0.03648978 0.04558558 0.05332248 0.01209759 0.02326979 0.07118627 0.05504648 0.02161359 0.05944337 0.20593791 0.04986358 0.02313419 0.03316859 0.02626879 0.04704608 0.04578518 0.00839443 0.04067268 0.07072457
23 0.08319007 0.10878896 0.03319939 0.03948678 0.01432389 0.03753528 0.05981888 0.03823958 0.02223429 0.05458608 0.07579557 0.09845306 0.02655499 0.05501878 0.02863639 0.05503748 0.03920428 0.01615609 0.03835848 0.07538167
24 0.07207425 0.03508878 0.03591948 0.04135987 0.01356049 0.03146528 0.04124767 0.16108989 0.01901759 0.07829135 0.09648654 0.03716968 0.02530478 0.05169887 0.03197828 0.05909866 0.05628496 0.00873825 0.03009978 0.07402555
25 0.10119905 0.04182842 0.02963881 0.04778552 0.02150591 0.05174462 0.04818662 0.05519602 0.01902291 0.16921508 0.08082944 0.03589402 0.01926821 0.03348182 0.02905311 0.06600783 0.04899202 0.00993645 0.03066301 0.06055113
26 0.20411794 0.04268399 0.02641439 0.02425419 0.02537059 0.02859489 0.03417879 0.08445367 0.02122809 0.05979308 0.05881668 0.03265799 0.01901289 0.03281699 0.02391689 0.14803396 0.04356239 0.01333470 0.02865639 0.04810149
27 0.06175811 0.04930501 0.03389901 0.02752211 0.01494980 0.02373930 0.05091561 0.05199001 0.02045370 0.07089191 0.08463382 0.04303311 0.08786512 0.07642692 0.03111981 0.05555981 0.09670782 0.01083210 0.03399851 0.07439841
28 0.06552522 0.05112042 0.04602391 0.03754371 0.01337400 0.02512361 0.12722504 0.04575221 0.03039981 0.06465942 0.10980803 0.04918831 0.02781481 0.04192021 0.03216411 0.05589772 0.05408152 0.01476350 0.03961331 0.06800112
29 0.04659116 0.02591768 0.03056798 0.03026658 0.01131769 0.01867879 0.03051798 0.05180086 0.01316799 0.15098588 0.16088087 0.02800778 0.03704767 0.03995947 0.02226438 0.05526036 0.04495026 0.00517278 0.02071898 0.17592486
30 0.05823828 0.05035288 0.02026279 0.04759259 0.01058600 0.03389589 0.09398247 0.02967659 0.02632299 0.09700087 0.07533858 0.08939937 0.02106289 0.03874599 0.02294469 0.12127396 0.03480379 0.01368200 0.02689569 0.08794167
31 0.07233662 0.03658731 0.03580661 0.04082121 0.01352390 0.03068691 0.04156601 0.15829505 0.01924281 0.07655812 0.09744903 0.03724511 0.02527651 0.05266752 0.03184201 0.05997122 0.05597412 0.00891818 0.03124681 0.07398492
32 0.04625551 0.03529330 0.03735841 0.04373521 0.00991364 0.01828990 0.04564021 0.04709931 0.02099860 0.08427311 0.15757402 0.04749731 0.03103890 0.04099471 0.02087220 0.06150521 0.03662581 0.00764542 0.02677520 0.18061403
33 0.06860605 0.02907868 0.02873298 0.03087668 0.01503119 0.02739678 0.04163007 0.05758746 0.01449639 0.17162589 0.16283789 0.02683778 0.03181718 0.03360398 0.02768388 0.05300337 0.05104667 0.00639366 0.02560318 0.09611024
34 0.06733659 0.12379499 0.02346890 0.01772320 0.01538440 0.04450330 0.05084689 0.04751550 0.01750480 0.05059539 0.05146599 0.03756410 0.03179430 0.03574390 0.10720299 0.15406598 0.03184720 0.02090340 0.02429760 0.04644060
35 0.06590429 0.05384989 0.04556549 0.04482289 0.01052230 0.04845879 0.05350029 0.07223649 0.02377760 0.05002149 0.05623639 0.06202649 0.01488980 0.11858598 0.02641140 0.05184709 0.05710309 0.00939035 0.07722839 0.05762149
36 0.11150801 0.04038080 0.03171930 0.04118790 0.01145470 0.02506090 0.06671391 0.05155391 0.07545751 0.06820141 0.09125781 0.05458321 0.02700740 0.04298720 0.02722640 0.06604481 0.04040130 0.01445030 0.02584230 0.08696091
37 0.07556463 0.03896372 0.02286131 0.02250461 0.01841521 0.02872471 0.04292852 0.05718182 0.01639271 0.08120273 0.08196183 0.02834341 0.03659621 0.03359191 0.03192471 0.17845207 0.08264893 0.01415001 0.03240461 0.07518633
38 0.07930856 0.04605023 0.03027862 0.03765313 0.01259561 0.03077742 0.05625204 0.05131384 0.01644801 0.06750135 0.11695909 0.05180374 0.02638392 0.03919803 0.02720092 0.06831655 0.05041774 0.00940757 0.11605809 0.06607555
39 0.06862679 0.07704379 0.02196660 0.03135880 0.01073840 0.02210770 0.06044139 0.03871950 0.07502949 0.04823460 0.05721029 0.05197929 0.02891570 0.03553040 0.03147190 0.14345799 0.02927880 0.01795820 0.02374540 0.12618499
40 0.06398668 0.05410548 0.04515169 0.04438169 0.01082800 0.05011388 0.05325738 0.07266398 0.02323749 0.05025888 0.05701778 0.06166918 0.01454290 0.11954596 0.02617549 0.05205118 0.05793038 0.00957750 0.07722178 0.05628268
41 0.08090059 0.05666539 0.04087640 0.07025339 0.01327520 0.09481819 0.04559450 0.05726289 0.01866940 0.07266049 0.06465269 0.08953099 0.01432300 0.07016569 0.02249270 0.04913510 0.03787870 0.00960080 0.03415880 0.05708509
42 0.20606898 0.03657380 0.02220440 0.02045650 0.02962370 0.02157000 0.02396190 0.15479499 0.01417840 0.04979630 0.04691300 0.02271590 0.01397920 0.03176600 0.02170920 0.17151298 0.03543210 0.00966259 0.02334760 0.04373250
43 0.06599320 0.03860310 0.02960310 0.03835320 0.00893914 0.02125450 0.05938720 0.04672800 0.01252900 0.05608340 0.19627500 0.05597320 0.02228170 0.03697720 0.02205200 0.04200700 0.04813870 0.00774895 0.13152500 0.05954740
44 0.05482891 0.03170521 0.03909881 0.04561531 0.01050990 0.01797190 0.05273331 0.04955721 0.01888430 0.08701392 0.19555405 0.04444071 0.02816381 0.03670491 0.02268421 0.05039061 0.04141241 0.00656845 0.03113001 0.13503203
45 0.06142614 0.04739966 0.04284726 0.04689056 0.01070879 0.03132457 0.10602190 0.04179626 0.02769447 0.05875505 0.14153287 0.06508174 0.02185378 0.08042783 0.02441198 0.04228876 0.04144146 0.00923912 0.03213397 0.06672384
46 0.07243297 0.03637039 0.04534878 0.05197518 0.01246530 0.02311299 0.07000507 0.05485618 0.02163439 0.06027018 0.20763792 0.05013538 0.02302509 0.03305689 0.02588999 0.04590708 0.04525648 0.00862108 0.04028538 0.07171327
47 0.08331135 0.04526613 0.03621662 0.07412715 0.01631311 0.10862407 0.03987423 0.05667584 0.01649631 0.09981396 0.06662074 0.04522553 0.01667001 0.05755024 0.02713532 0.06630154 0.03851602 0.00948317 0.03256632 0.06321234
48 0.10988205 0.04628102 0.03858002 0.03779722 0.01221271 0.02679871 0.04346322 0.04666122 0.02508121 0.05794913 0.07960664 0.04842402 0.02768981 0.03727612 0.02296361 0.08229624 0.04243852 0.01223901 0.02833641 0.17402309
49 0.08958689 0.07241779 0.02792360 0.02028270 0.01843840 0.02405220 0.04010730 0.11494499 0.01441400 0.06581429 0.06583879 0.03015550 0.02641720 0.03840070 0.03866900 0.13166599 0.08413479 0.01549540 0.02690330 0.05433719
50 0.06612901 0.03663911 0.03356681 0.13505002 0.01358390 0.04549321 0.08784291 0.03952731 0.02311250 0.07610091 0.12039902 0.06540891 0.01850310 0.03520761 0.01759000 0.04110191 0.03474071 0.00980995 0.02708730 0.07310581
51 0.05621305 0.03722803 0.03119203 0.03682453 0.01162331 0.02660292 0.03828803 0.04978364 0.01954402 0.12352011 0.10952110 0.03890673 0.03066063 0.04046904 0.02365542 0.07566307 0.04254844 0.00855104 0.02541772 0.17378715
52 0.23782995 0.03523809 0.02263560 0.02596489 0.01167950 0.02788259 0.04530319 0.03921239 0.08581908 0.08554838 0.08067258 0.04913499 0.01831030 0.03610109 0.02594949 0.05466939 0.03523879 0.01120060 0.01731260 0.05429649
53 0.10564400 0.04169910 0.02989700 0.04680070 0.02108410 0.05161280 0.04834020 0.05310410 0.02015030 0.16969901 0.08070050 0.03613960 0.01882800 0.03434910 0.02876210 0.06430510 0.04805170 0.00988286 0.03094700 0.06000270
54 0.15809092 0.04469808 0.10932695 0.02683029 0.01863869 0.02828039 0.04848448 0.05326577 0.01808129 0.06488067 0.09936935 0.03771728 0.02192229 0.04138588 0.02315129 0.05464657 0.04938648 0.01123799 0.02647959 0.06412577
55 0.21720502 0.04802340 0.03219480 0.03406140 0.01830710 0.03574200 0.04281620 0.05710031 0.03192390 0.08145051 0.08095751 0.04958880 0.01921660 0.03727490 0.02384430 0.05637941 0.04304720 0.01197590 0.02965180 0.04923890
56 0.05967543 0.02787892 0.02862402 0.03236292 0.01327871 0.02529101 0.03497982 0.05494813 0.01351141 0.16128809 0.15514809 0.02722372 0.03462482 0.03778742 0.02533371 0.05394503 0.04861433 0.00563992 0.02395741 0.13588708
57 0.07378979 0.04355590 0.01816880 0.03163610 0.01348020 0.03544610 0.04200870 0.05166109 0.02080760 0.06835759 0.07014299 0.04055270 0.02616690 0.03089570 0.03221650 0.21963698 0.03558830 0.01319170 0.03288130 0.09981509
58 0.06956223 0.03932052 0.02646351 0.02241331 0.01495881 0.02562661 0.04536852 0.04983592 0.01537011 0.06565823 0.08199423 0.03503691 0.03150601 0.05462212 0.02850131 0.12111505 0.10431604 0.01006510 0.10155904 0.05670642
59 0.05256261 0.04048471 0.02500121 0.02703941 0.01274580 0.02161181 0.04108971 0.05532042 0.01663900 0.14505004 0.11740703 0.02544091 0.10862403 0.03206381 0.03493751 0.06351462 0.05873922 0.00714992 0.02647881 0.08809942
60 0.08081881 0.04831040 0.03376960 0.05697541 0.01194530 0.03375010 0.05983891 0.05050771 0.02644510 0.05580841 0.10070801 0.11013801 0.02150240 0.05417201 0.02213830 0.05739681 0.03813040 0.01192630 0.04015860 0.08555941
61 0.05342763 0.04033522 0.04340042 0.02865552 0.01231891 0.03011122 0.03753012 0.05595293 0.01499011 0.09168475 0.09434505 0.04140972 0.03024142 0.09031025 0.02285571 0.04580443 0.08863875 0.00726703 0.02820672 0.14251408
62 0.08340082 0.05883431 0.03866521 0.06314991 0.01138240 0.07725242 0.05168231 0.05201861 0.02047780 0.06002171 0.07266271 0.11348802 0.01579670 0.06802841 0.02120350 0.04750761 0.03797061 0.01021440 0.03511441 0.06112811
63 0.10487299 0.04253520 0.02933850 0.04715140 0.02163310 0.05093690 0.04855510 0.05330470 0.02045830 0.16848899 0.08010100 0.03720270 0.01903330 0.03470520 0.02892480 0.06433470 0.04772020 0.00986196 0.03116830 0.05967270
64 0.07042496 0.03468168 0.11472394 0.02171419 0.02137249 0.02577149 0.04741717 0.03895458 0.01442419 0.14197092 0.11468494 0.02720529 0.02951478 0.05248367 0.02584389 0.03150048 0.05220877 0.00932483 0.02765849 0.09811925
65 0.05772412 0.02610851 0.07463562 0.03316401 0.01243110 0.01785981 0.05911342 0.09904693 0.01677711 0.07919933 0.16915806 0.02401801 0.03108681 0.03271951 0.03323701 0.04366151 0.08539293 0.00683627 0.02438881 0.07344112
66 0.06270499 0.03936099 0.04566529 0.09395008 0.01261070 0.02752719 0.11617998 0.04501569 0.02766849 0.05748589 0.13593797 0.05800909 0.02116250 0.03514829 0.02294690 0.04461919 0.04245829 0.01120800 0.02989549 0.07044499
67 0.06477859 0.04608590 0.03281040 0.08843989 0.01336210 0.03045750 0.09573869 0.03596660 0.02911600 0.05644529 0.09405279 0.05186709 0.08775289 0.03048930 0.02349400 0.05046939 0.05596449 0.01515640 0.02628800 0.07126469
68 0.27165604 0.03382030 0.02297760 0.01609570 0.03774671 0.01650000 0.01838620 0.18253703 0.01217460 0.04121861 0.03513330 0.01772530 0.00902896 0.03052190 0.01629920 0.15121802 0.03442940 0.00820610 0.01860590 0.02571910
69 0.07460047 0.04352818 0.03993888 0.03312539 0.01774959 0.02728099 0.05904218 0.06539107 0.01851909 0.08076627 0.09910716 0.03946288 0.02911919 0.04995388 0.03224019 0.04839848 0.12403695 0.01292009 0.03913208 0.06568697
70 0.04783191 0.03369050 0.02803830 0.02395270 0.01090250 0.01784290 0.03052960 0.05879451 0.01290880 0.14433102 0.13274802 0.02247290 0.07481841 0.03522480 0.03034600 0.05511641 0.05503051 0.00744858 0.02246960 0.15550202
71 0.06830289 0.09032718 0.02938619 0.03622759 0.01369040 0.07359549 0.05107959 0.03619489 0.01852270 0.05488349 0.05019009 0.08834738 0.01606050 0.05434789 0.04345689 0.13697297 0.03140739 0.01635520 0.03059029 0.06006099
72 0.05070679 0.04209880 0.01809900 0.08224929 0.00959901 0.02662490 0.07926749 0.03497040 0.02661550 0.05882369 0.07496979 0.06580869 0.01984360 0.03083900 0.02011880 0.18205398 0.02559280 0.01288320 0.02563930 0.11319599
73 0.06554732 0.04997851 0.04565021 0.03702171 0.01308920 0.02498001 0.12626704 0.04650001 0.03080951 0.06568012 0.10937403 0.04861111 0.02852051 0.04218361 0.03206601 0.05693152 0.05506922 0.01497460 0.03972131 0.06702442
74 0.06519321 0.05176001 0.01857470 0.03255890 0.01244570 0.03228830 0.08576651 0.04062820 0.02428870 0.06070211 0.06512101 0.04602580 0.02523960 0.02973630 0.03421470 0.20772302 0.03740640 0.01861200 0.02889840 0.08281641
75 0.06489141 0.04517251 0.04432901 0.04479891 0.01246320 0.03460901 0.05187721 0.05763991 0.02136980 0.07061411 0.14058803 0.05818211 0.02721691 0.09855782 0.02453951 0.04546441 0.04217041 0.00743729 0.02577931 0.08229912
76 0.21668413 0.04897753 0.03201882 0.03374282 0.01830461 0.03563142 0.04228203 0.05893084 0.03096432 0.08035745 0.08262525 0.05026013 0.01899501 0.03784612 0.02371631 0.05624563 0.04220653 0.01163111 0.02971652 0.04886343
77 0.05447864 0.03201752 0.03905373 0.04613933 0.01070801 0.01865121 0.05291074 0.04861033 0.01815101 0.08683886 0.19548413 0.04520733 0.02852052 0.03723482 0.02263742 0.04897563 0.04098193 0.00659863 0.03067312 0.13612709
78 0.06257823 0.03873522 0.04461092 0.12338906 0.01421621 0.11300306 0.04572052 0.05973963 0.01489921 0.08982505 0.05780363 0.04690952 0.01558941 0.06556493 0.01717011 0.03589432 0.06590303 0.00839718 0.02858771 0.05146303
79 0.20978708 0.03791802 0.02883451 0.01921511 0.02797941 0.02183041 0.03546461 0.07361443 0.01691541 0.05488712 0.05317462 0.02682201 0.02013001 0.02900211 0.01737531 0.15006006 0.08837424 0.01724581 0.02721801 0.04415172
80 0.19981189 0.04074728 0.02440099 0.02102469 0.08944655 0.02460059 0.02599789 0.09621655 0.01306019 0.05366287 0.04587048 0.02455629 0.02504529 0.02652059 0.02285559 0.15575492 0.05138847 0.00980043 0.01871809 0.03052038
81 0.05479716 0.03775284 0.03544334 0.11406812 0.00963306 0.03354384 0.06876907 0.05224665 0.02240182 0.04874405 0.11768512 0.11600312 0.01473722 0.05000015 0.01653352 0.05061385 0.02661153 0.01017671 0.03212313 0.08811569
82 0.06117201 0.02963661 0.02653360 0.02597750 0.01556700 0.02466080 0.03360561 0.06576951 0.01168780 0.15998003 0.11548302 0.02331220 0.03505651 0.03712481 0.02750580 0.05316371 0.08782782 0.00754492 0.02736570 0.13102502
83 0.06473530 0.05383960 0.04353490 0.04284340 0.01011660 0.04681850 0.05409990 0.06972680 0.02204620 0.05101670 0.05932650 0.06175240 0.01524090 0.11962100 0.02557420 0.05107180 0.05928720 0.00888747 0.08519040 0.05527020
84 0.10576397 0.04159609 0.03595719 0.05928198 0.01210640 0.08800777 0.04499679 0.06801968 0.05092158 0.07631378 0.06700628 0.05048858 0.01663750 0.06141468 0.02853999 0.05910938 0.03316719 0.01238730 0.02833309 0.05995078
85 0.08501074 0.04958642 0.04431782 0.03225582 0.06170003 0.02206711 0.11157206 0.04387772 0.02256811 0.07260614 0.09271095 0.03554552 0.03137722 0.03492882 0.03053802 0.06828003 0.06507893 0.01344861 0.02937841 0.05315153
86 0.05362422 0.03271971 0.03935711 0.04539601 0.01041250 0.01835221 0.05345182 0.04913042 0.01883311 0.08576183 0.19613606 0.04453171 0.02931721 0.03642981 0.02237131 0.04883952 0.04170441 0.00688727 0.03119271 0.13555104
87 0.04932421 0.03582241 0.03201511 0.03647881 0.01026520 0.02296911 0.03509651 0.04753681 0.02035641 0.11709403 0.10356003 0.04059291 0.03076721 0.03854881 0.02118801 0.07657082 0.03830041 0.00814551 0.02294461 0.21242306
88 0.08109592 0.10732703 0.03688551 0.02688981 0.01911711 0.02769411 0.05656452 0.05037542 0.01487250 0.06473702 0.07423702 0.04231331 0.03308421 0.05018582 0.03262051 0.06070042 0.10854903 0.01663070 0.03584551 0.06027452
89 0.06206627 0.03606068 0.01767139 0.02904849 0.01235129 0.02960219 0.03932118 0.04548118 0.01681079 0.08447936 0.12909194 0.03457438 0.03701408 0.03061558 0.02921889 0.19031390 0.04115628 0.00977300 0.03083368 0.09451545
90 0.06959413 0.03993466 0.02998307 0.12700587 0.01387499 0.09426280 0.08044732 0.04229366 0.01754478 0.10588989 0.08798901 0.05806354 0.01446138 0.04028046 0.01609808 0.03702966 0.02910327 0.00790534 0.02567257 0.06256553
91 0.05615112 0.03716241 0.03129241 0.03804661 0.01177860 0.02699381 0.03854751 0.04925312 0.01923811 0.12220804 0.10723804 0.04016071 0.03119071 0.03983921 0.02340021 0.07346603 0.04273731 0.00889485 0.02441611 0.17798506
92 0.07840226 0.03179663 0.02749132 0.03452853 0.01696611 0.03375283 0.04292513 0.05709925 0.01574921 0.17332814 0.14022611 0.02946522 0.02752302 0.03297003 0.02776012 0.05683355 0.05034734 0.00684550 0.02650432 0.08948537
93 0.08153642 0.04866691 0.03309181 0.05693711 0.01192550 0.03351511 0.05938331 0.04915881 0.02701531 0.05671351 0.09922872 0.11016702 0.02163210 0.05438011 0.02267700 0.05805881 0.03746511 0.01268140 0.03992691 0.08583902
94 0.05831866 0.02583528 0.02633348 0.02955028 0.01426679 0.02609128 0.03041418 0.05580326 0.01153019 0.18210286 0.15511288 0.02221198 0.03554947 0.03526677 0.02473188 0.04995666 0.05000336 0.00468766 0.02248618 0.13974689
95 0.06543715 0.04850716 0.09334483 0.06052275 0.01355789 0.11083391 0.03610797 0.06918825 0.01655929 0.06788775 0.06122605 0.05245806 0.01329959 0.08658153 0.02384128 0.03771857 0.04482657 0.00810537 0.02963478 0.06036125
96 0.08230132 0.04838731 0.03267261 0.05693211 0.01232750 0.03314121 0.05943901 0.04938601 0.02683311 0.05559721 0.09969692 0.11021702 0.02176400 0.05435381 0.02264640 0.05801901 0.03825591 0.01257080 0.04066171 0.08479702
97 0.04925432 0.02464471 0.03110432 0.02888571 0.01182821 0.01810361 0.03346542 0.05526253 0.01217661 0.15307008 0.18474709 0.02661191 0.03914462 0.03964452 0.02395561 0.04776862 0.04795722 0.00454480 0.02257801 0.14525207
98 0.05755251 0.04056061 0.04285241 0.03367230 0.01146720 0.01649600 0.05263841 0.05190121 0.01806670 0.08152641 0.19525003 0.03412700 0.07133361 0.03683111 0.03048790 0.05362641 0.04931361 0.00677566 0.03084990 0.08467101
99 0.07534301 0.09564661 0.10901201 0.02456620 0.01782470 0.03380910 0.04712050 0.04295370 0.01763650 0.05239621 0.07385371 0.04763810 0.02718300 0.05446991 0.03436070 0.08743071 0.04698810 0.01399170 0.02506120 0.07271431
100 0.05773721 0.04380621 0.03447881 0.05333571 0.00859664 0.02690300 0.12856502 0.03512791 0.02575770 0.04860201 0.17920103 0.09758062 0.02021200 0.03792131 0.01940400 0.03440581 0.03449761 0.01047000 0.04122441 0.06217301
101 0.06599263 0.05030882 0.04575372 0.03746611 0.01327051 0.02486621 0.12710405 0.04648482 0.03061651 0.06520063 0.11008704 0.04925312 0.02832431 0.04217872 0.03100331 0.05621902 0.05354652 0.01511611 0.04011342 0.06709443
102 0.05715622 0.03998202 0.03852042 0.05195002 0.00964047 0.02611591 0.04515812 0.10324704 0.02377931 0.04473452 0.07721413 0.09264574 0.02124711 0.04825492 0.01941271 0.06018363 0.03471691 0.01120230 0.02928541 0.16555307
103 0.07177627 0.03660398 0.04545028 0.05244658 0.01202649 0.02305839 0.07020657 0.05469078 0.02105469 0.05895837 0.20904791 0.05080518 0.02363649 0.03338019 0.02550679 0.04640568 0.04483208 0.00830103 0.04100498 0.07080727
104 0.21970577 0.03514826 0.02326018 0.01959428 0.03170647 0.02029968 0.02268928 0.16718882 0.01317919 0.04860895 0.04647765 0.02140408 0.01307399 0.03253067 0.02103668 0.15775183 0.03685566 0.00934265 0.02203328 0.03811266
105 0.17991887 0.04852567 0.03651087 0.03553198 0.01252609 0.02778328 0.11551292 0.03893247 0.03188588 0.06734575 0.08885164 0.05180956 0.02014609 0.03512728 0.02079339 0.04543727 0.05433886 0.01479499 0.03118178 0.04304537
106 0.06182726 0.03920314 0.04464374 0.09556949 0.01253461 0.02763432 0.11495010 0.04477204 0.02836993 0.05833105 0.13282012 0.05784295 0.02254222 0.03584273 0.02265622 0.04472264 0.04324544 0.01103551 0.03013013 0.07132636
107 0.10879289 0.05448505 0.02818857 0.05157245 0.01811588 0.05329545 0.05895914 0.03714216 0.02497498 0.14691585 0.06821963 0.08551661 0.01688058 0.03893586 0.02392058 0.05214815 0.03997416 0.01131699 0.03197617 0.04866885
108 0.09437880 0.06574140 0.03394500 0.03705720 0.01437360 0.03061680 0.06694380 0.04938300 0.02670900 0.05829970 0.06496960 0.05172060 0.02570880 0.03297310 0.03204870 0.08718330 0.05858220 0.07107460 0.02532130 0.07296950
109 0.04703028 0.02600559 0.03007608 0.02978618 0.01123449 0.01829269 0.02996688 0.05278707 0.01306629 0.15141392 0.16119591 0.02755639 0.03709338 0.04032218 0.02241939 0.05392347 0.04606688 0.00485113 0.02111089 0.17580091
110 0.06941893 0.05873242 0.02968831 0.03062421 0.01876811 0.02142431 0.05599002 0.04751282 0.02429821 0.05972212 0.07899613 0.04177752 0.13604805 0.03124271 0.03738831 0.07901423 0.05750992 0.01246230 0.03138641 0.07799493
111 0.08186052 0.04024601 0.07779142 0.03236791 0.01698820 0.02457051 0.05308841 0.05291161 0.02025851 0.06206662 0.15203704 0.03407911 0.03180611 0.03475811 0.02764691 0.09862453 0.05381951 0.00967714 0.02566371 0.06973812
112 0.06816917 0.08352266 0.03779978 0.04243578 0.01108509 0.03035148 0.10924395 0.03718508 0.02255509 0.04966358 0.15705692 0.06464217 0.02493739 0.03657698 0.02850859 0.04671848 0.04010538 0.01329009 0.03776728 0.05838507
113 0.11051404 0.04518172 0.02200191 0.02508581 0.06391783 0.03052171 0.03610191 0.06348073 0.01628121 0.05956082 0.06245822 0.03298951 0.03534751 0.03159181 0.03208621 0.19345308 0.04813342 0.01219160 0.02453961 0.05456132
114 0.08475786 0.04493628 0.03596708 0.07375656 0.01542939 0.10936595 0.03940238 0.05759447 0.01660599 0.09957045 0.06751127 0.04443748 0.01638019 0.05760717 0.02648069 0.06854747 0.03761488 0.00955079 0.03234288 0.06214077
115 0.04987581 0.04709451 0.03809680 0.04425431 0.00919887 0.02328410 0.04891111 0.04800961 0.02703850 0.05594081 0.08340001 0.05940931 0.02772060 0.04081421 0.02147970 0.08594931 0.03365100 0.01192580 0.02649560 0.21745003
116 0.10175496 0.04776178 0.02625599 0.03284689 0.06442267 0.07594697 0.03601659 0.05083098 0.01549869 0.07404407 0.05607148 0.03733989 0.02083259 0.03655279 0.03722379 0.16526493 0.04335008 0.01286309 0.02434759 0.04077418
117 0.08452355 0.04441322 0.03609202 0.07437624 0.01561731 0.10755606 0.04051812 0.05742463 0.01635561 0.10008006 0.06694714 0.04545363 0.01647821 0.05632253 0.02653701 0.06738404 0.03809542 0.00921555 0.03271692 0.06389274
118 0.04416708 0.02380319 0.01818109 0.01285600 0.01111200 0.01102070 0.02749029 0.11083596 0.00967260 0.15303494 0.13014995 0.01303570 0.06974517 0.02929609 0.03841409 0.06478208 0.09712086 0.00539837 0.02171189 0.10817196
119 0.07246059 0.03589280 0.04474360 0.05318830 0.01247350 0.02287000 0.07075019 0.05359330 0.02144040 0.06078849 0.20720698 0.05028730 0.02335100 0.03293820 0.02583670 0.04680800 0.04563820 0.00839989 0.03949090 0.07184169
120 0.21619800 0.04856650 0.03189230 0.03521780 0.01816300 0.03551750 0.04311790 0.05844200 0.03143610 0.08033420 0.08340980 0.04983060 0.01875960 0.03768840 0.02390350 0.05501420 0.04185770 0.01175960 0.02927920 0.04961210
121 0.16440203 0.04204781 0.03225471 0.10335202 0.01602290 0.05214301 0.05721101 0.04699011 0.02395970 0.08493292 0.08885952 0.05175831 0.01581270 0.03322631 0.01825730 0.04289061 0.03693991 0.01320810 0.02748241 0.04824861
122 0.10219303 0.03634171 0.02430571 0.02621111 0.01828551 0.02509091 0.03230401 0.14708504 0.01641260 0.07599272 0.07669052 0.02846731 0.02484681 0.03845631 0.03492491 0.13570504 0.04898921 0.01038210 0.02630781 0.07100762
123 0.04944155 0.02551513 0.02244332 0.01453541 0.01263861 0.01401101 0.03402033 0.13714214 0.01104651 0.14681915 0.10405810 0.01554472 0.03140673 0.03390373 0.04277724 0.05857606 0.13411213 0.00791562 0.02436792 0.07972458
124 0.06726918 0.03713389 0.08614907 0.03223079 0.01757799 0.03164769 0.04300519 0.04473708 0.01639079 0.13700995 0.10152597 0.03343779 0.02689929 0.04757678 0.02389569 0.04365459 0.05162388 0.00898504 0.02568039 0.12356896
125 0.04101309 0.03522799 0.03658629 0.03976509 0.00926006 0.01641100 0.04183779 0.04469809 0.02205610 0.08581298 0.14608597 0.04748979 0.03053979 0.04041329 0.01976390 0.06254999 0.03413849 0.00811984 0.02387550 0.21435496
126 0.12874003 0.05437341 0.02643971 0.02768291 0.02134200 0.01923840 0.05755291 0.03808201 0.02289150 0.05090441 0.05941011 0.04427821 0.11656702 0.02616071 0.02320070 0.06685381 0.10771002 0.01551080 0.02898511 0.06407621
127 0.07997297 0.03993058 0.02653039 0.03461409 0.01356049 0.07076567 0.03326589 0.10737296 0.01679509 0.06288427 0.05789018 0.03416979 0.01422719 0.04380308 0.03840768 0.19454792 0.03054169 0.01354059 0.03077179 0.05640768
128 0.07486719 0.09320118 0.10658798 0.02854629 0.01674090 0.03621349 0.05262329 0.04085489 0.01772400 0.05931609 0.09173048 0.05380069 0.02646869 0.06076179 0.03165779 0.03878689 0.04590519 0.01365590 0.02898229 0.08157498
129 0.07240388 0.03249109 0.03302489 0.03667229 0.01463920 0.02642509 0.04822198 0.05548258 0.01810609 0.13507996 0.16735394 0.03604899 0.02985909 0.03603029 0.02722339 0.05514188 0.04936148 0.00693453 0.02879239 0.09070697
130 0.11005398 0.04590269 0.03803969 0.03817439 0.01231910 0.02681009 0.04298699 0.04580079 0.02448070 0.05887019 0.08048188 0.05016309 0.02722919 0.03705379 0.02376540 0.08267318 0.04138779 0.01163170 0.02864839 0.17352697
131 0.08838843 0.11113103 0.03434231 0.03388471 0.01700611 0.03178221 0.05569692 0.05241702 0.01860051 0.06770672 0.08122932 0.04529601 0.03477231 0.04706721 0.03738891 0.06929742 0.04827921 0.01621280 0.03454061 0.07496022
132 0.05354158 0.03208379 0.03930438 0.04577568 0.01063910 0.01841879 0.05357938 0.04873568 0.01849059 0.08609516 0.19781592 0.04494648 0.02857189 0.03703778 0.02310859 0.04901568 0.04085518 0.00636242 0.03104899 0.13457294
133 0.07297417 0.04097098 0.03316459 0.12207495 0.01509079 0.05854948 0.05216568 0.05231508 0.02069829 0.08359407 0.09950026 0.06035588 0.02114449 0.04491488 0.01993089 0.04858098 0.03427379 0.01028580 0.03105569 0.07835927
134 0.09978361 0.03586170 0.02889570 0.03278300 0.01275970 0.02206220 0.04191040 0.03775340 0.01559410 0.08636991 0.16371801 0.04255120 0.02366700 0.03946370 0.01999670 0.04659250 0.04573530 0.00754762 0.08337521 0.11357901
135 0.14150804 0.03770611 0.04194911 0.04488401 0.01326640 0.02539451 0.05915762 0.04575621 0.02473581 0.05670022 0.19347606 0.04869031 0.02056671 0.02829051 0.02196961 0.04595031 0.04398551 0.00840390 0.03695501 0.06065402
136 0.05275150 0.03987910 0.02954310 0.03456940 0.01011030 0.02283270 0.04308380 0.04521630 0.02127770 0.07706900 0.09724260 0.04837690 0.02846250 0.04530970 0.02127220 0.07172180 0.04061040 0.00951098 0.07203600 0.18912400
137 0.07237561 0.03596990 0.04494190 0.05212561 0.01211220 0.02295170 0.06915221 0.05406551 0.02127060 0.06031491 0.20825002 0.05040721 0.02363230 0.03278960 0.02613360 0.04642450 0.04546610 0.00804060 0.04211610 0.07145981
138 0.07310954 0.05298713 0.05099393 0.04987993 0.01326781 0.05166093 0.04768093 0.08024734 0.02350811 0.05608693 0.06688334 0.06055573 0.01853461 0.11540006 0.02642821 0.05351363 0.05037923 0.00930345 0.03101212 0.06856704
139 0.07232837 0.03620519 0.03632319 0.04074648 0.01385809 0.03067979 0.04096378 0.16059594 0.01908739 0.07778697 0.09612726 0.03665219 0.02561259 0.05184008 0.03282549 0.06048718 0.05493728 0.00905169 0.02984189 0.07404917
140 0.05990907 0.03932498 0.04242288 0.04560008 0.01143269 0.02590259 0.05579007 0.05205047 0.01986499 0.07082916 0.19069190 0.05496227 0.02943808 0.08013306 0.02305749 0.04192598 0.03912188 0.00700903 0.02737299 0.08316036
141 0.13012892 0.05604857 0.02463329 0.02139679 0.02886598 0.02067269 0.04099378 0.04542907 0.01959999 0.04448957 0.05942666 0.03295858 0.11694593 0.02338019 0.03014158 0.14758391 0.06089076 0.01102809 0.02924878 0.05613687
142 0.05035500 0.04610990 0.03838350 0.04408160 0.00956547 0.02363800 0.04855030 0.04925360 0.02752460 0.05566690 0.08332449 0.05898050 0.02748670 0.04048410 0.02155530 0.08648299 0.03400280 0.01208620 0.02688010 0.21558798
143 0.07336232 0.03608101 0.03529781 0.04084851 0.01433300 0.03012721 0.04022881 0.16061203 0.01904040 0.07798442 0.09470042 0.03763121 0.02560401 0.05266831 0.03215771 0.06003291 0.05570781 0.00943979 0.03022771 0.07391462
144 0.09685886 0.04466088 0.02630989 0.09323156 0.01126540 0.03366709 0.05541758 0.04311358 0.02193949 0.05342438 0.07667797 0.09695986 0.01687719 0.04004498 0.01938849 0.11909795 0.02878399 0.01330099 0.02952809 0.07945177
145 0.20571013 0.03617692 0.02204431 0.02003861 0.02913312 0.02214601 0.02344992 0.15547310 0.01363201 0.04920753 0.04762953 0.02232541 0.01416541 0.03189762 0.02281631 0.17195411 0.03481672 0.00976136 0.02384872 0.04377313
146 0.05013360 0.02414980 0.03058540 0.02710690 0.01201990 0.01763990 0.03150410 0.05525460 0.01181220 0.15796300 0.18427000 0.02403900 0.03992810 0.03884630 0.02417670 0.04841000 0.04827290 0.00467772 0.02178590 0.14742400
147 0.13455501 0.03737700 0.01609210 0.02264200 0.01777810 0.03609750 0.02975840 0.05869111 0.01685150 0.05616991 0.05150371 0.02715890 0.01728350 0.02328400 0.02606200 0.27242803 0.03542990 0.01171560 0.03412270 0.07499901
148 0.08098498 0.03903609 0.03531289 0.03066099 0.01398910 0.02792459 0.08584248 0.11275898 0.02185790 0.12532397 0.07796238 0.03354729 0.02121490 0.03537059 0.03394869 0.06156769 0.06757749 0.01228960 0.02747119 0.05535819
149 0.07952657 0.03231049 0.02748919 0.03600519 0.01745349 0.03423519 0.04370578 0.05407858 0.01624919 0.17395694 0.13944195 0.02943949 0.02719799 0.03219919 0.02737299 0.05654558 0.05054848 0.00727475 0.02697579 0.08799317
150 0.05015699 0.03430419 0.02896230 0.02282890 0.01094460 0.01659670 0.03638059 0.05874269 0.01352490 0.13926098 0.16636797 0.02336760 0.07771069 0.03734819 0.03286409 0.06066629 0.05509749 0.00567867 0.02334720 0.10584898
151 0.05499010 0.05530310 0.04305210 0.02882250 0.01504430 0.03418150 0.05022410 0.05884680 0.02555420 0.06707950 0.08456440 0.04355130 0.02817280 0.09311640 0.08965380 0.05899270 0.05148030 0.01121280 0.04012520 0.06603210
152 0.08714361 0.11140301 0.03600380 0.03456490 0.01682890 0.03243580 0.05685941 0.05168781 0.01898060 0.06661141 0.08272701 0.04566420 0.03470350 0.04738520 0.03710070 0.06827231 0.04651930 0.01591610 0.03433690 0.07485551
153 0.06656628 0.05485298 0.03754699 0.02929789 0.01689869 0.03227949 0.05476708 0.06528248 0.02188709 0.07738448 0.09558237 0.03795189 0.03414629 0.04210319 0.09451217 0.07194768 0.05510888 0.01224360 0.03236319 0.06727728
154 0.07257083 0.04524792 0.04507872 0.04047852 0.01577791 0.04222732 0.04810242 0.05895093 0.01968411 0.11672505 0.09045144 0.04728292 0.02318101 0.09529934 0.02703211 0.04987412 0.05089542 0.00774895 0.02609441 0.07729653
155 0.16430911 0.03388662 0.02652002 0.02229102 0.02329402 0.02213842 0.02792592 0.12427708 0.01437631 0.06571974 0.10498307 0.02363572 0.02269942 0.02830412 0.02240332 0.13990910 0.04274643 0.00860663 0.02519392 0.05678004
156 0.07359186 0.04323843 0.11075909 0.03585633 0.01660271 0.03029942 0.06027745 0.05185094 0.01960532 0.07120446 0.11822309 0.04036363 0.02789362 0.05462334 0.02877072 0.03842523 0.04952074 0.01021001 0.03005462 0.08862897
157 0.04309671 0.03007691 0.03905151 0.02553581 0.00955065 0.01146110 0.03327121 0.05351872 0.01245230 0.11723004 0.20064807 0.02371081 0.06682122 0.04047921 0.02662351 0.04732532 0.04652522 0.00529161 0.02206201 0.14526805
158 0.05496462 0.04208291 0.04861852 0.10077203 0.00909491 0.06024492 0.04553322 0.09422673 0.02368141 0.04367191 0.05631142 0.06650412 0.01226030 0.10540704 0.01927351 0.04674222 0.03966931 0.00917275 0.06490852 0.05685962
159 0.05942017 0.03060278 0.02668569 0.03489558 0.01389959 0.03075238 0.03284348 0.05026887 0.01408539 0.16834791 0.11761594 0.02772028 0.03080268 0.03527238 0.02333859 0.06213477 0.04654837 0.00661395 0.02431629 0.16383491
160 0.06900671 0.05992241 0.08019651 0.05976941 0.01117170 0.07988631 0.04275570 0.06454511 0.01845720 0.04445410 0.06778051 0.10844201 0.01235050 0.08771431 0.01790720 0.03185000 0.04234400 0.00808221 0.02996280 0.06340131
161 0.05283691 0.04373011 0.02746371 0.02703971 0.01084490 0.01908990 0.03903691 0.04925551 0.01483620 0.08685022 0.10786902 0.03550251 0.08289212 0.03990681 0.02809651 0.05955151 0.05223391 0.01019340 0.07037011 0.14240003
162 0.08124143 0.04594582 0.03033541 0.03693962 0.01280601 0.03081771 0.05671782 0.05089362 0.01605051 0.06761553 0.11593505 0.05139902 0.02584311 0.03934652 0.02723321 0.06927513 0.05046612 0.00970519 0.11768205 0.06375113
163 0.21164302 0.03785780 0.02868080 0.02836770 0.02645580 0.02295150 0.02848840 0.19211102 0.01529030 0.05163581 0.05944161 0.02837400 0.01372020 0.04182060 0.01989390 0.08456901 0.03809900 0.00809970 0.02461260 0.03788720
164 0.06851193 0.03361882 0.02797741 0.03907622 0.01550991 0.03691642 0.03681532 0.04992842 0.01541851 0.16815408 0.11176805 0.03008351 0.02868181 0.03592922 0.02441151 0.06075363 0.04692712 0.00720412 0.02649091 0.13582307
165 0.06965621 0.05027041 0.03070311 0.10672802 0.01689050 0.04222681 0.04796741 0.04702971 0.02050510 0.07286231 0.09579882 0.05225761 0.02736501 0.04097771 0.07093301 0.05278121 0.04037731 0.01048260 0.03205851 0.07212861
166 0.05345267 0.03250968 0.02279799 0.02319959 0.01388719 0.01815139 0.04201238 0.06930677 0.01532899 0.14268093 0.11366595 0.02353009 0.08041836 0.03194788 0.03452288 0.05905237 0.09768505 0.00775457 0.02639489 0.09170036
167 0.07737333 0.04499742 0.02095571 0.03926972 0.01322681 0.03000931 0.04095712 0.09514884 0.02098311 0.04745372 0.05333052 0.07349273 0.01660951 0.03590371 0.03318451 0.20066008 0.02830041 0.01346951 0.02966651 0.08500743
168 0.04091098 0.05289768 0.03721168 0.05345648 0.00729904 0.02318649 0.05435128 0.04205718 0.02986239 0.03552688 0.06567957 0.10295295 0.02092469 0.04507888 0.01762269 0.07543097 0.02609659 0.01366959 0.02567709 0.23010690
169 0.08448732 0.04421041 0.03525891 0.07449702 0.01551820 0.11088902 0.03952131 0.05560171 0.01655310 0.10283002 0.06731511 0.04370761 0.01656610 0.05599191 0.02689271 0.06778361 0.03725041 0.00977309 0.03213431 0.06321811
170 0.05873582 0.04542302 0.03179291 0.03121831 0.00956544 0.01805891 0.05211912 0.04758132 0.01595791 0.06317432 0.17287006 0.04447262 0.06543292 0.04277852 0.02827701 0.05269512 0.04889632 0.00867549 0.09579984 0.06647502
171 0.09030198 0.11033898 0.03516459 0.03472029 0.01720130 0.03172039 0.05662119 0.05220839 0.01948510 0.06805819 0.08198788 0.04621119 0.03371389 0.04723309 0.03626369 0.06665879 0.04751019 0.01617740 0.03371179 0.07471169
172 0.05230525 0.03275837 0.07755763 0.02404078 0.01244489 0.01526799 0.04219886 0.04649056 0.01512839 0.12263689 0.17708884 0.02234488 0.07361973 0.04047036 0.02752427 0.04147296 0.04677816 0.00610970 0.01974258 0.10401891
173 0.07315133 0.04144162 0.03254711 0.12275505 0.01487931 0.05887032 0.05172012 0.05195922 0.02095381 0.08459673 0.09669504 0.06003652 0.02065851 0.04648342 0.01897461 0.04843772 0.03499061 0.01042220 0.03107891 0.07934783
174 0.06417594 0.05101644 0.04489223 0.03728283 0.01314951 0.02488022 0.12689209 0.04629543 0.03065812 0.06321804 0.11146708 0.04986343 0.02966402 0.04147993 0.03158822 0.05614024 0.05436094 0.01525371 0.04070303 0.06701855
175 0.05879001 0.04241921 0.03371801 0.12646403 0.01090920 0.04457781 0.06121081 0.04929241 0.02126790 0.05912961 0.10690202 0.10552002 0.01592070 0.04962961 0.01575380 0.04558141 0.02695841 0.01075690 0.03079891 0.08439922
176 0.06257300 0.05082150 0.03688560 0.09130940 0.01712710 0.03770780 0.05528120 0.05217810 0.02085450 0.06638640 0.09401460 0.04812240 0.02728590 0.04148860 0.09213750 0.05252330 0.04453950 0.01073660 0.03181370 0.06621330
177 0.04556410 0.03651780 0.03726860 0.04286130 0.00986389 0.01818950 0.04677850 0.04660220 0.02092450 0.08297359 0.15874399 0.04871310 0.03059030 0.04073210 0.02086980 0.05997160 0.03651900 0.00839689 0.02664430 0.18127499
178 0.13523695 0.04114469 0.03377009 0.03890209 0.07505417 0.03160399 0.03593709 0.04621118 0.01521819 0.10144196 0.08295947 0.03250319 0.02491539 0.02902489 0.02314959 0.05803288 0.05539688 0.00915675 0.02640959 0.10393096
179 0.06804367 0.05174447 0.03807318 0.04429348 0.01268389 0.06669327 0.12058694 0.04136318 0.02357569 0.08408056 0.09034045 0.05530487 0.01765419 0.04823798 0.03021038 0.05672517 0.04363018 0.01301339 0.03652588 0.05721917
