1 0.04790023 0.01626861 0.02602971 0.02152751 0.01008381 0.01254481 0.02205081 0.02882852 0.01183501 0.12694907 0.20948911 0.02906052 0.08503475 0.03743582 0.02447991 0.05304663 0.04009732 0.00493397 0.02757181 0.16483209
2 0.07105200 0.05693000 0.05467700 0.02361720 0.01268380 0.03365420 0.03338390 0.04715840 0.01313060 0.09100230 0.07621100 0.02730390 0.03620970 0.02747690 0.18765000 0.06199780 0.05997650 0.00731750 0.01637550 0.06219180
3 0.03091750 0.02646120 0.04884749 0.12736399 0.00760866 0.03682610 0.05336019 0.22618798 0.01950890 0.05995039 0.07773939 0.07078149 0.01299920 0.05684619 0.01146150 0.02265890 0.03100720 0.00486515 0.02069920 0.05390939
4 0.04521851 0.03294531 0.03311841 0.04089591 0.00885026 0.02571500 0.04420791 0.03887591 0.02567210 0.05930441 0.07376201 0.05492551 0.02915990 0.03645651 0.01612450 0.08215961 0.03141581 0.00815418 0.02539420 0.28764405
5 0.16958705 0.02291651 0.03151201 0.04316741 0.01296380 0.02849511 0.04653001 0.14797004 0.02032801 0.05672302 0.06410912 0.10096903 0.01717451 0.05037702 0.01627090 0.05074032 0.04127481 0.00879970 0.02233151 0.04776011
6 0.06499139 0.03437720 0.03495860 0.14138399 0.01134630 0.04303820 0.05132299 0.04536500 0.02640160 0.14928499 0.05859159 0.04619610 0.01361590 0.03129460 0.02381510 0.03421170 0.11317299 0.01063280 0.01546940 0.05052959
7 0.07286369 0.02956420 0.01655920 0.02137560 0.01439560 0.02756670 0.03342560 0.04389270 0.01474190 0.08590979 0.07085349 0.03029060 0.02634200 0.02690980 0.02229970 0.30395397 0.02938990 0.00814581 0.03003720 0.09148259
8 0.07124077 0.02401539 0.02672469 0.03812539 0.00988271 0.02657719 0.04452538 0.05073448 0.01555249 0.19033793 0.14894795 0.03254849 0.02837649 0.03328039 0.02753259 0.07897807 0.03911269 0.00413365 0.02556389 0.08380937
9 0.05333301 0.03662150 0.02133460 0.04063850 0.01580760 0.04299090 0.20062702 0.04221050 0.01805870 0.05184461 0.08418351 0.12639501 0.01324320 0.05126131 0.01303160 0.04117680 0.02568970 0.01236710 0.05000751 0.05917731
10 0.05210320 0.03932540 0.04070780 0.02800240 0.00993079 0.02410440 0.05648710 0.04545620 0.02104850 0.05506280 0.08200240 0.05502860 0.01564390 0.10751401 0.01167740 0.04480680 0.04826440 0.00631506 0.19203001 0.06448880
11 0.04118711 0.04930091 0.02815971 0.03582101 0.00767906 0.02605401 0.04470951 0.03724901 0.03277811 0.03497021 0.08351002 0.13207103 0.02104471 0.11835803 0.00822170 0.03226841 0.03336921 0.01293740 0.16757904 0.05273181
12 0.07848040 0.05446870 0.03946010 0.04931420 0.01194200 0.03734890 0.04895460 0.07329060 0.02194020 0.06239660 0.06686380 0.06508900 0.01874750 0.15524001 0.01686700 0.04853970 0.04692330 0.00963926 0.03014750 0.06434660
13 0.04160759 0.03794629 0.08101247 0.15285295 0.01971919 0.05098188 0.05471158 0.08351597 0.01248940 0.05888998 0.06383358 0.11748496 0.01431510 0.06162778 0.00855622 0.02728219 0.02522179 0.00811860 0.01887209 0.06096038
14 0.05433097 0.04406778 0.03348928 0.15039292 0.02024719 0.05255487 0.11106094 0.04660357 0.01621279 0.05716777 0.06115027 0.12350493 0.01010559 0.05499987 0.00624244 0.03985348 0.02880128 0.01122239 0.02245859 0.05553307
15 0.08112712 0.20005806 0.03157371 0.04182261 0.01540810 0.02832711 0.05274132 0.03839921 0.01866231 0.04905351 0.06504582 0.04467951 0.02656821 0.05417762 0.03928311 0.05729592 0.04974391 0.01520540 0.03300281 0.05782462
16 0.03504561 0.01790801 0.02420641 0.02460691 0.00700763 0.01200620 0.05851392 0.22455209 0.02201691 0.05214392 0.26180610 0.03231431 0.02999341 0.03444181 0.01927571 0.02482631 0.05208752 0.00307099 0.01653991 0.04763632
17 0.05081810 0.02552060 0.03434970 0.03222850 0.00961671 0.02812350 0.02832000 0.03411920 0.01639940 0.16270199 0.09722230 0.04000880 0.03087950 0.04296240 0.02292550 0.07123350 0.03695610 0.00477014 0.02607310 0.20477099
18 0.05505325 0.16145113 0.03371523 0.04988974 0.01468881 0.09279298 0.04793834 0.02108412 0.01187291 0.04749924 0.04373304 0.14071912 0.01943362 0.06063965 0.01822662 0.04393414 0.04999224 0.00914728 0.03643033 0.04175823
19 0.05201254 0.02718032 0.10898208 0.06008494 0.01492281 0.03020952 0.19895714 0.06431385 0.02021821 0.06168194 0.11298508 0.02809692 0.01602501 0.04615423 0.01353431 0.02605972 0.02535572 0.00629988 0.03170952 0.05521624
20 0.03779940 0.02618020 0.02831250 0.01641830 0.00711271 0.01350540 0.04651790 0.05760230 0.01082210 0.08118120 0.22295999 0.02492180 0.10245199 0.01865530 0.10672699 0.06800450 0.04281900 0.00405614 0.01649350 0.06745880
21 0.07202200 0.03036670 0.01607910 0.02093150 0.01395490 0.02798920 0.03343710 0.04314470 0.01486990 0.08736090 0.06801170 0.03063870 0.02641470 0.02745990 0.02311920 0.30396299 0.02923780 0.00903652 0.02907830 0.09288420
22 0.05522608 0.02996329 0.03220899 0.03841559 0.00997680 0.01901459 0.06021048 0.06725618 0.02079339 0.06038508 0.27881991 0.03977099 0.02595029 0.03618959 0.02006119 0.04680529 0.04531289 0.00677401 0.03622909 0.07063628
23 0.04308351 0.09514682 0.01942851 0.03488401 0.00881374 0.02596881 0.03634891 0.02819031 0.01827190 0.04268061 0.20599605 0.13542004 0.04718351 0.04946491 0.01148970 0.03604761 0.02501771 0.01286170 0.07487852 0.04882311
24 0.06789546 0.02557209 0.03062718 0.04056298 0.01022799 0.02252089 0.04715797 0.24527686 0.02624519 0.06226517 0.10592294 0.03882048 0.02077489 0.05356397 0.02037529 0.04738347 0.05800417 0.00472066 0.02082979 0.05125257
25 0.09953801 0.03094880 0.03713440 0.04614630 0.01600390 0.04123600 0.04483880 0.05676360 0.01912850 0.18841901 0.07380881 0.03850100 0.02071960 0.03560860 0.03131090 0.08153651 0.04033360 0.00629553 0.02383910 0.06788900
26 0.32842899 0.01931240 0.02077330 0.02324410 0.08272850 0.02151190 0.02482670 0.07486650 0.02438240 0.06977510 0.03036110 0.02604090 0.01315610 0.02170720 0.01411770 0.10555400 0.05096560 0.00902103 0.01372990 0.02549660
27 0.06688462 0.02918701 0.03729931 0.02219641 0.01052250 0.02092381 0.02417601 0.03787331 0.01298760 0.14962205 0.09894393 0.02877921 0.14896105 0.03396011 0.04194631 0.07366852 0.04335561 0.00701437 0.01955331 0.09214493
28 0.05653168 0.04432169 0.03563569 0.04059769 0.01087250 0.02819379 0.20117594 0.05738828 0.02595779 0.05864368 0.11461997 0.04346499 0.01735049 0.04782179 0.01936869 0.04916819 0.03150779 0.01080670 0.04023189 0.06634078
29 0.05237761 0.02110660 0.02131240 0.02648980 0.00932889 0.01989380 0.01666560 0.02967550 0.01607770 0.18325002 0.11351101 0.03603470 0.03822360 0.03691040 0.02437080 0.04009630 0.08127381 0.00535880 0.02204260 0.20600002
30 0.04501222 0.10703505 0.02583051 0.03503302 0.01177091 0.03436422 0.19083209 0.03382952 0.02217521 0.11659905 0.06434783 0.04620952 0.01368321 0.03559132 0.02232201 0.05378852 0.02911721 0.00863485 0.03595502 0.06786873
31 0.06910631 0.02451670 0.03017771 0.04157031 0.01010360 0.02316520 0.04463121 0.24792304 0.02542640 0.06328151 0.10272602 0.04022801 0.01933280 0.05337161 0.01860710 0.04824801 0.05939391 0.00493523 0.02162210 0.05163321
32 0.04264120 0.02226970 0.02871090 0.03691370 0.01043620 0.02116180 0.03647680 0.03833670 0.01858780 0.08382520 0.20106899 0.03923170 0.03133940 0.04174640 0.01635510 0.05013560 0.03635880 0.00623465 0.03055940 0.20760999
33 0.06018902 0.01928211 0.02204381 0.03106481 0.00846453 0.01993351 0.03989621 0.04673401 0.01373440 0.19038105 0.19481305 0.02936591 0.03219341 0.03398301 0.02379171 0.07044262 0.03750601 0.00299470 0.02574771 0.09743843
34 0.10190397 0.23584293 0.03009299 0.02104439 0.00896574 0.03266509 0.02749019 0.03912459 0.00830857 0.05320119 0.03511059 0.01709460 0.02719639 0.02761069 0.18727595 0.05393378 0.03756999 0.00634697 0.01455900 0.03466239
35 0.05522139 0.04169269 0.05152229 0.03904239 0.01033320 0.02839900 0.04999869 0.07310319 0.02706880 0.04971169 0.05656189 0.05836939 0.01238570 0.15439598 0.01250490 0.03874869 0.05290829 0.00717063 0.12046698 0.06039419
36 0.11124310 0.03471653 0.03244633 0.03728193 0.01173921 0.01606091 0.05553035 0.08198077 0.10403109 0.06510476 0.08764878 0.04001664 0.02544872 0.04695974 0.01666511 0.05950085 0.04661034 0.01487611 0.02273982 0.08939888
37 0.07232062 0.02906681 0.01510980 0.02144251 0.01425900 0.02873911 0.03194701 0.04429071 0.01422360 0.08685592 0.07005462 0.03024681 0.02546131 0.02724101 0.02247491 0.30613208 0.03077381 0.00805683 0.02927441 0.09202912
38 0.06590128 0.04414098 0.02473469 0.02736099 0.00855545 0.02632989 0.05497818 0.03132959 0.01323150 0.05746708 0.10652396 0.05461368 0.02050149 0.04399768 0.01372620 0.06574518 0.04113709 0.00679470 0.23264792 0.06028248
39 0.03832638 0.12476793 0.02031609 0.03065658 0.00880734 0.02235329 0.05551627 0.01800129 0.07044266 0.04187608 0.05870047 0.10948494 0.01990179 0.04503608 0.01384409 0.12363393 0.03086458 0.01475829 0.02768599 0.12502593
40 0.05421280 0.04196780 0.05108710 0.03888380 0.01027650 0.02746980 0.05028960 0.07493080 0.02708530 0.05037920 0.05600580 0.05824720 0.01268060 0.15517499 0.01239820 0.03935810 0.05303290 0.00641676 0.12037399 0.05972880
41 0.08062514 0.03623202 0.02741951 0.09350114 0.01900501 0.18200608 0.04066642 0.04283392 0.00960783 0.07947243 0.05503532 0.05405972 0.01832881 0.04467542 0.02692651 0.05995403 0.03126021 0.00662393 0.02375831 0.06800823
42 0.26617086 0.01290389 0.01711099 0.01023289 0.02575469 0.01898789 0.01393159 0.15949392 0.02755639 0.05802447 0.03400478 0.01133279 0.01036599 0.02983368 0.01160459 0.20473989 0.03739418 0.00606713 0.01215949 0.03232988
43 0.05321681 0.02933071 0.02755751 0.02563591 0.01024910 0.02059360 0.03898911 0.02615511 0.01424910 0.08027412 0.10821502 0.03986851 0.02298180 0.04625901 0.01246170 0.06058521 0.03421151 0.00500309 0.18964004 0.15452303
44 0.04491921 0.02056240 0.02796351 0.03801911 0.01130740 0.01814060 0.04147331 0.04258271 0.01810880 0.08238192 0.26994806 0.03466891 0.02675791 0.03757051 0.01655690 0.04544881 0.03939091 0.00528486 0.03050711 0.14840704
45 0.05472124 0.03990883 0.03309432 0.04458623 0.00912899 0.02775292 0.05573884 0.05877664 0.01666511 0.06959295 0.17312213 0.06031714 0.02292622 0.13352210 0.01420831 0.04223553 0.03786073 0.00741050 0.02255432 0.07587696
46 0.05478044 0.02971512 0.03217752 0.03732903 0.00965996 0.01849941 0.06029675 0.06808685 0.01999202 0.06114575 0.28082122 0.03993353 0.02579412 0.03575033 0.01953652 0.04782784 0.04436643 0.00595098 0.03653213 0.07180406
47 0.08045605 0.03525528 0.02774818 0.09400214 0.01812439 0.18247889 0.04031498 0.04319087 0.00978752 0.08053715 0.05672507 0.05397547 0.01737719 0.04380837 0.02547948 0.05843646 0.03219068 0.00659788 0.02513278 0.06838116
48 0.11876405 0.03329641 0.03186001 0.03935342 0.00941945 0.03063181 0.03496301 0.02957821 0.02249401 0.06249592 0.07004453 0.04465322 0.02909471 0.03595331 0.02326591 0.07217573 0.03545241 0.00908065 0.02613011 0.24129310
49 0.03953790 0.10098300 0.01656600 0.01771600 0.01507610 0.02401960 0.02429590 0.15517300 0.01082690 0.03653000 0.04835030 0.02279350 0.01379830 0.04528100 0.03475180 0.13941500 0.18972200 0.01089630 0.02534400 0.02892340
50 0.06836330 0.04426640 0.03584840 0.19475401 0.02055970 0.04646350 0.11907101 0.04332280 0.02087690 0.06455630 0.07897040 0.05742810 0.01067500 0.03868380 0.00811874 0.03247540 0.03660920 0.01053580 0.01808430 0.05033690
51 0.05099907 0.02622539 0.03343448 0.03278388 0.00967974 0.02708799 0.02971158 0.03449068 0.01602619 0.16398891 0.09751165 0.04156748 0.02993128 0.04229038 0.02389189 0.07053676 0.03745678 0.00485318 0.02569579 0.20183689
52 0.06175299 0.02834459 0.03354039 0.14441497 0.00894133 0.02362929 0.07256838 0.06107549 0.09505318 0.07498588 0.09076528 0.04750229 0.01560660 0.03634209 0.01395940 0.03543889 0.05180049 0.01716360 0.01127890 0.07583598
53 0.09588395 0.03050322 0.03819962 0.04468672 0.01518681 0.03968532 0.04467162 0.05660873 0.01869401 0.18969009 0.07506894 0.03955212 0.02080881 0.03827112 0.03045782 0.08325284 0.03979212 0.00671790 0.02334881 0.06891943
54 0.20224888 0.03705038 0.18058889 0.02281849 0.01111319 0.01982339 0.03635828 0.04245067 0.01995569 0.06943366 0.06296356 0.02807708 0.02656888 0.03944938 0.03583838 0.04679897 0.03490818 0.01106319 0.02256079 0.04993007
55 0.27787300 0.03931120 0.03342470 0.03191680 0.01895270 0.02919590 0.03628920 0.06198960 0.02755420 0.07710630 0.06098730 0.03607790 0.01969350 0.03886090 0.02121580 0.06420690 0.04308080 0.01252760 0.02532810 0.04440760
56 0.05482803 0.01575731 0.02003611 0.02724081 0.00900546 0.02094431 0.02513581 0.03153661 0.01127141 0.19726209 0.16992608 0.02844931 0.03839612 0.04205172 0.02200651 0.06104003 0.04100942 0.00237138 0.02583641 0.15589507
57 0.07294152 0.02954371 0.01561921 0.02276091 0.01440210 0.02909831 0.03195361 0.04277851 0.01472471 0.08518623 0.06850062 0.03071841 0.02660571 0.02753191 0.02177621 0.30301210 0.03028091 0.00799466 0.03105941 0.09351123
58 0.06771320 0.06775590 0.02587590 0.03282570 0.01201430 0.01393840 0.03243150 0.02982000 0.02305990 0.02952920 0.05607930 0.03033720 0.02640710 0.04998290 0.01393240 0.05322690 0.21604100 0.15768500 0.01876210 0.04258210
59 0.06304202 0.02436001 0.03326101 0.01926561 0.00909675 0.01860781 0.02315401 0.03281311 0.01127220 0.18212506 0.10623104 0.02514451 0.14413605 0.03166111 0.04386341 0.07301992 0.04297971 0.00590142 0.01971191 0.09035333
60 0.06228348 0.04121618 0.02772129 0.06029738 0.01224930 0.03751048 0.04842098 0.05277148 0.01972259 0.06498657 0.08994686 0.15039094 0.02498379 0.06230108 0.01564719 0.05239368 0.03563559 0.01152680 0.03891988 0.09107446
61 0.06122703 0.03979112 0.12992306 0.02753211 0.01170261 0.02351291 0.03514222 0.04035762 0.03501002 0.04582652 0.05196113 0.03564262 0.03427472 0.13099407 0.02031721 0.04425122 0.11824706 0.01131381 0.04668592 0.05628703
62 0.06014142 0.05074282 0.02525191 0.07378162 0.01438260 0.12406704 0.05217082 0.03173091 0.01075710 0.06182182 0.05937692 0.16624705 0.01721241 0.06902792 0.01337090 0.03897141 0.03041811 0.00844587 0.03283801 0.05924332
63 0.09622506 0.03098849 0.03783849 0.04530818 0.01442699 0.03994388 0.04442738 0.05726378 0.01885229 0.18907793 0.07405957 0.03924759 0.02200239 0.03614139 0.03281999 0.08330287 0.03969858 0.00723778 0.02429909 0.06683827
64 0.07177061 0.03506030 0.21536702 0.03285540 0.01281550 0.02307180 0.04491860 0.04533920 0.01929630 0.07834801 0.07552291 0.03189850 0.03499580 0.04748670 0.04172690 0.03600240 0.03539730 0.00995203 0.02906140 0.07911331
65 0.05391140 0.02208940 0.10427199 0.03611850 0.00702238 0.00942968 0.02834420 0.03777670 0.08307540 0.03817010 0.21345799 0.01725200 0.03405670 0.02835560 0.03071530 0.02862010 0.13168999 0.01231540 0.01914560 0.06418160
66 0.05498942 0.04511101 0.03498361 0.04108731 0.01269540 0.02882651 0.20299006 0.05658462 0.02440431 0.05784122 0.11507003 0.04401871 0.01766701 0.04622881 0.02004791 0.04983731 0.03184741 0.01062140 0.04164241 0.06350552
67 0.03682149 0.03143709 0.04231719 0.14926897 0.00883694 0.03992439 0.04130819 0.18843597 0.01762270 0.06078779 0.07216689 0.07518659 0.01406740 0.05725639 0.01244740 0.02983009 0.03153329 0.00691483 0.02175760 0.06207879
68 0.36522403 0.00811574 0.01901840 0.00612693 0.03323580 0.01301320 0.01003740 0.18141002 0.03748880 0.04536410 0.02029570 0.00730570 0.00712016 0.02736230 0.00711566 0.14507601 0.04212790 0.00522257 0.00677205 0.01256750
69 0.07195804 0.04844252 0.02813511 0.03631772 0.01362931 0.02187441 0.03423982 0.08120704 0.02086571 0.06278593 0.09246865 0.03623082 0.02459631 0.04532752 0.03436322 0.04999462 0.19247310 0.01622641 0.03166222 0.05720153
70 0.06066075 0.01562969 0.02919407 0.01646669 0.00836408 0.01511429 0.01413529 0.02259548 0.00911476 0.18749983 0.12782188 0.02215648 0.09114662 0.03601637 0.03758897 0.06102855 0.04460136 0.00418224 0.02102278 0.17565984
71 0.04597805 0.12672288 0.03648766 0.04604605 0.01357809 0.09770780 0.04635955 0.01779588 0.01125439 0.05083215 0.04382126 0.13641187 0.01783578 0.05006525 0.02368778 0.10237090 0.04446676 0.00803857 0.03005767 0.05048165
72 0.04335039 0.13622997 0.02551469 0.15287597 0.01959830 0.03957439 0.04884619 0.02900999 0.01594770 0.05017869 0.05497599 0.06770039 0.01369940 0.05381979 0.01358160 0.10293798 0.03218909 0.01490040 0.02215850 0.06291059
73 0.05670287 0.04488127 0.03528908 0.04204607 0.01263459 0.02927558 0.20053288 0.05714267 0.02509908 0.05833247 0.11174493 0.04356767 0.01779319 0.04669437 0.01944519 0.05073027 0.03332478 0.01078699 0.03859018 0.06538586
74 0.04822427 0.04663197 0.02278348 0.04216737 0.01232099 0.08213974 0.14879289 0.03530797 0.01767729 0.07783624 0.05861716 0.05525246 0.01461529 0.03379888 0.03101688 0.15132289 0.02711638 0.00829571 0.02656478 0.05951736
75 0.07733673 0.03905672 0.03443291 0.05069692 0.00974457 0.03796812 0.04180132 0.05787252 0.01945621 0.13884006 0.07028593 0.05736062 0.02016981 0.14461606 0.01813641 0.04619512 0.03730322 0.00501421 0.01929091 0.07442163
76 0.27519194 0.03959829 0.03305229 0.03257829 0.01884150 0.03053369 0.03657959 0.06181389 0.02777889 0.07572318 0.06217839 0.03539969 0.02045860 0.03846409 0.02132140 0.06397269 0.04423509 0.01274540 0.02577629 0.04375679
77 0.05108278 0.02456269 0.03088789 0.03447299 0.00854061 0.01196080 0.03734519 0.07778588 0.02507789 0.05465688 0.26670992 0.02453769 0.02236049 0.02562979 0.03031059 0.03569459 0.13837496 0.00737309 0.02412129 0.06851398
78 0.06486848 0.02845129 0.02312089 0.15586595 0.01462910 0.17833994 0.04471219 0.03264759 0.00892000 0.07350698 0.04211099 0.05701588 0.01191620 0.04140529 0.01188280 0.10615196 0.02281289 0.00595433 0.01547149 0.06021578
79 0.31782519 0.01518521 0.01782121 0.01229961 0.04537983 0.01333041 0.01513801 0.08301275 0.02230371 0.05549753 0.03050672 0.01552821 0.01807151 0.02360691 0.00898352 0.16268010 0.08916965 0.01008651 0.01989401 0.02367941
80 0.35335488 0.00769156 0.01219250 0.00653560 0.08212597 0.01211710 0.00798703 0.08447227 0.02424469 0.06181518 0.01880709 0.00978095 0.01359430 0.01496289 0.00823685 0.19714893 0.05682538 0.00481189 0.00861526 0.01467970
81 0.04289362 0.02805462 0.03115612 0.15851009 0.01190371 0.04296062 0.05001453 0.06809634 0.01501091 0.05438403 0.06641734 0.15849709 0.01303341 0.06946264 0.00822951 0.04217652 0.02623651 0.00995515 0.02434791 0.07865934
82 0.05959660 0.02144610 0.01732580 0.01713020 0.01129870 0.02743550 0.02361320 0.03238370 0.01060750 0.17031301 0.07961730 0.02623370 0.02545670 0.02648050 0.02219560 0.23902001 0.03359000 0.00406294 0.02439690 0.12779601
83 0.04381690 0.03653860 0.02764030 0.02745150 0.00865413 0.01771330 0.05610269 0.04091420 0.01459010 0.06494239 0.16952298 0.05657849 0.02336670 0.09420469 0.00992906 0.03968490 0.04058870 0.00661260 0.14825199 0.07289579
84 0.06526136 0.04404504 0.02701512 0.08738918 0.01588091 0.16549815 0.04518654 0.03108803 0.00915479 0.07187776 0.05737435 0.12138111 0.01517861 0.05922875 0.01745922 0.04161334 0.02924693 0.00704174 0.02774442 0.06133465
85 0.06432993 0.04081372 0.04430982 0.12631406 0.01676721 0.03686842 0.17675509 0.05784723 0.02309241 0.06206593 0.09615595 0.04488382 0.01119341 0.03804042 0.00984623 0.03820382 0.03168492 0.00992377 0.02101641 0.04988742
86 0.04554632 0.01944551 0.02740581 0.03626561 0.01065620 0.01825071 0.04206592 0.04236702 0.01781581 0.08606753 0.27339610 0.03381461 0.02667071 0.03675761 0.01696711 0.04329222 0.04026441 0.00518833 0.03008641 0.14767605
87 0.04512492 0.02510901 0.03296452 0.03086062 0.00943908 0.02570621 0.02991722 0.03259212 0.01789511 0.15416808 0.08783025 0.04153832 0.02887832 0.04010432 0.02046681 0.07042754 0.03354782 0.00498998 0.02327761 0.24516213
88 0.05000058 0.18129395 0.02407419 0.03037679 0.01581460 0.02690479 0.04918059 0.03383749 0.01890069 0.04978109 0.05599898 0.03668939 0.02219859 0.04800639 0.04061179 0.15502295 0.05095808 0.01574500 0.03107299 0.06353108
89 0.07100217 0.03014399 0.01552819 0.02152969 0.01388739 0.02948959 0.03403388 0.04293078 0.01374889 0.08877296 0.07043577 0.03146779 0.02536259 0.02765939 0.02184349 0.30279186 0.02951549 0.00863637 0.02976949 0.09145026
90 0.06095802 0.03023431 0.08674733 0.15220405 0.02242171 0.04898331 0.14404504 0.07398422 0.01912591 0.07289142 0.08260922 0.04474891 0.00979286 0.03452791 0.00741312 0.02083701 0.02521811 0.00704202 0.01357990 0.04263561
91 0.04481379 0.03288479 0.03362069 0.03866939 0.00933118 0.02545219 0.04501299 0.03990329 0.02580489 0.05948709 0.07515988 0.05339539 0.02871829 0.03637459 0.01696380 0.08139038 0.03124799 0.00901122 0.02515819 0.28759994
92 0.05908984 0.02263251 0.02556312 0.03513152 0.00903776 0.02047291 0.04906663 0.05216553 0.01578431 0.15051010 0.20899613 0.03180382 0.03067882 0.03637812 0.02348942 0.06668844 0.04009373 0.00350661 0.02771512 0.09119556
93 0.06164118 0.04184769 0.02809339 0.06187588 0.01254240 0.03669889 0.04941869 0.05394648 0.01915579 0.06509318 0.08885587 0.14955096 0.02584629 0.06303938 0.01573340 0.05027828 0.03538829 0.01060480 0.03987719 0.09051197
94 0.05500367 0.01303359 0.01796129 0.02321219 0.00825209 0.01911599 0.02100589 0.03090059 0.00954610 0.21992390 0.16494192 0.02494889 0.03950178 0.03896178 0.02169039 0.06213977 0.04228658 0.00208418 0.02335949 0.16212992
95 0.07058539 0.03466690 0.21757198 0.03315210 0.01296950 0.02347290 0.04388780 0.04371870 0.01932820 0.07889879 0.07374759 0.03198870 0.03600570 0.04838410 0.04145480 0.03637450 0.03423490 0.00974389 0.02899530 0.08081829
96 0.06308309 0.04284489 0.02758979 0.06122369 0.01264700 0.03736809 0.04864259 0.05258889 0.01893390 0.06547129 0.08862298 0.15169997 0.02522119 0.06061259 0.01600320 0.05154499 0.03587909 0.01192840 0.03855049 0.08954388
97 0.05473759 0.01286760 0.01779150 0.02284610 0.00845409 0.01865930 0.01921590 0.03117149 0.00989872 0.22136095 0.16605497 0.02578729 0.03948679 0.03941329 0.02090190 0.05945969 0.04215799 0.00188910 0.02387879 0.16396697
98 0.05360688 0.02966019 0.03277109 0.03764868 0.00989492 0.01904879 0.05999497 0.06779767 0.01946959 0.06061027 0.28120788 0.03850428 0.02518669 0.03530098 0.02075499 0.04906338 0.04627808 0.00660482 0.03607888 0.07051697
99 0.06468911 0.03097550 0.25405703 0.01974690 0.01430820 0.01917250 0.02708330 0.02947020 0.01454280 0.07068191 0.06322371 0.03215180 0.03766100 0.03724530 0.03984270 0.09379161 0.03795180 0.01057900 0.01919220 0.08363341
100 0.05206992 0.04173941 0.01849291 0.03665471 0.01567380 0.04500021 0.18381906 0.03588441 0.01796501 0.04880861 0.07580842 0.15774005 0.01429050 0.05254672 0.01218660 0.04013401 0.02495371 0.01253270 0.05284632 0.06085292
101 0.05453945 0.04367766 0.03612037 0.04191266 0.01198379 0.02785577 0.19948581 0.05776644 0.02556858 0.05974244 0.11535689 0.04448436 0.01848248 0.04662356 0.01928108 0.04917565 0.03281787 0.00984865 0.04022716 0.06504934
102 0.06985499 0.04400210 0.02460200 0.04959020 0.01301740 0.02996310 0.03944930 0.05957719 0.01935730 0.06993839 0.07178209 0.14252499 0.01997070 0.05649889 0.01809010 0.04087040 0.11122999 0.01407980 0.03305550 0.07254559
103 0.05340351 0.02948951 0.03184391 0.03800331 0.00936979 0.01817520 0.06165772 0.06777312 0.02103361 0.05943511 0.28285607 0.03942861 0.02543941 0.03651561 0.02072271 0.04645081 0.04522731 0.00665116 0.03640651 0.07011702
104 0.21761717 0.01808301 0.01639641 0.01214011 0.06777465 0.01821081 0.01642351 0.15637612 0.02211762 0.05693754 0.03666683 0.01493741 0.01330351 0.03131702 0.01135701 0.17445414 0.07128786 0.00570641 0.01184701 0.02704582
105 0.27429014 0.03890732 0.03289572 0.04921022 0.01116371 0.02913681 0.13411607 0.03931672 0.02154081 0.05600903 0.05236193 0.04654302 0.01260821 0.04110812 0.01020451 0.02896631 0.04550392 0.02435491 0.02492821 0.02683431
106 0.06257020 0.04173740 0.04373480 0.12687901 0.01645050 0.03696610 0.17780201 0.05665170 0.02405520 0.06208510 0.09580990 0.04463310 0.01098940 0.03680950 0.00940481 0.03831320 0.03149250 0.00993775 0.02229920 0.05137860
107 0.09789730 0.03024620 0.03694130 0.04536700 0.01495980 0.04037380 0.04527670 0.05613430 0.01939990 0.19060601 0.07291710 0.03820420 0.02075250 0.03612050 0.03280480 0.08485250 0.04042840 0.00670696 0.02316760 0.06684310
108 0.09980324 0.05750342 0.03818162 0.04962722 0.01415981 0.02306841 0.05362052 0.03169111 0.02862981 0.04542912 0.05520842 0.04937132 0.03065321 0.04028722 0.01881251 0.06450203 0.07294793 0.14364406 0.01966141 0.06319763
109 0.04985570 0.01306040 0.01802880 0.02399480 0.00825200 0.01839340 0.01869070 0.02770680 0.01031570 0.19203199 0.17359499 0.02714770 0.04059380 0.04409100 0.01929090 0.05154630 0.04179870 0.00246586 0.02547650 0.19366399
110 0.06682211 0.04277231 0.05172631 0.02623021 0.01247700 0.02343780 0.02913711 0.04366801 0.02053580 0.06346821 0.08613032 0.04109801 0.19269604 0.03278561 0.03508601 0.06973021 0.04584541 0.01289020 0.02223890 0.08122442
111 0.07449122 0.03425846 0.11359587 0.02296687 0.01486968 0.02100978 0.03260706 0.03286216 0.02625027 0.04415645 0.18850679 0.03525916 0.03463006 0.03065967 0.02473417 0.12387386 0.05739363 0.00872343 0.02236557 0.05678584
112 0.06740980 0.03588220 0.03173430 0.05124550 0.01140330 0.08028530 0.06379920 0.04984020 0.07453750 0.04573660 0.18913800 0.05187300 0.02051730 0.03337120 0.01960520 0.04647610 0.04050540 0.00927371 0.02532270 0.05204350
113 0.03827082 0.04280173 0.01586751 0.01423661 0.00970927 0.02600452 0.06452134 0.03496122 0.00948931 0.09580776 0.07829135 0.03059942 0.04063902 0.02116031 0.12720408 0.23506814 0.02682062 0.00781563 0.01798921 0.06274214
114 0.07792671 0.03551441 0.02812001 0.09150362 0.01924020 0.18218803 0.04200791 0.04439871 0.00925656 0.08157501 0.05503301 0.05382681 0.01782510 0.04479701 0.02699560 0.05727441 0.03186951 0.00701496 0.02432460 0.06930781
115 0.04417773 0.03295252 0.03483212 0.04021983 0.00935704 0.02549872 0.04377443 0.03973163 0.02566952 0.05974014 0.07369745 0.05434224 0.02876852 0.03692432 0.01680831 0.08215505 0.03002452 0.00869213 0.02449862 0.28813519
116 0.10920007 0.02316952 0.02092761 0.02488532 0.08478086 0.03200692 0.02777112 0.03328952 0.01186861 0.14903710 0.06549604 0.02808482 0.02674872 0.02818232 0.02069281 0.17999712 0.04170643 0.00535255 0.01803111 0.06877144
117 0.08155387 0.03561779 0.02749749 0.09164887 0.01982879 0.18023494 0.04166729 0.04344309 0.00998930 0.08247957 0.05516808 0.05378948 0.01789149 0.04422508 0.02720559 0.05931078 0.03142679 0.00653294 0.02408839 0.06640038
118 0.09295689 0.02469530 0.02565940 0.01647990 0.01235810 0.01306390 0.02400920 0.22650098 0.01974170 0.04595980 0.07346859 0.02389640 0.09579329 0.03700190 0.02500150 0.05848529 0.13219899 0.00635220 0.01334140 0.03303530
119 0.05547742 0.02956871 0.03156291 0.03664182 0.00975177 0.01822251 0.06170643 0.06793433 0.02068501 0.05903943 0.28008412 0.03950222 0.02577791 0.03615242 0.01963141 0.04799112 0.04479022 0.00654320 0.03851382 0.07042323
120 0.28122803 0.03846020 0.03312990 0.03276100 0.01936920 0.03082520 0.03483180 0.06419781 0.02698760 0.07710071 0.05752211 0.03540300 0.01946320 0.03910680 0.02153300 0.06335121 0.04340220 0.01239680 0.02555510 0.04337510
121 0.27702314 0.03856552 0.03310012 0.03180162 0.01860591 0.02910261 0.03662922 0.06193393 0.02765241 0.07623034 0.06063923 0.03551352 0.02086621 0.04017272 0.02117391 0.06403243 0.04423622 0.01253271 0.02573001 0.04445822
122 0.04656301 0.10801903 0.03165901 0.04275291 0.00974825 0.02989151 0.04894871 0.20075706 0.01763031 0.05394602 0.08122892 0.03694301 0.02183291 0.05146401 0.03478791 0.04444351 0.06369372 0.00665426 0.02705681 0.04197911
123 0.09311457 0.03345629 0.02598909 0.02754409 0.01615740 0.01715749 0.02863879 0.05886418 0.07223248 0.13237996 0.06342778 0.03073269 0.02239019 0.03402989 0.01955639 0.11033097 0.11738096 0.01241060 0.01859819 0.06560798
124 0.06278896 0.01621499 0.02791808 0.01793069 0.00845080 0.01713599 0.01507939 0.02218459 0.00867764 0.19732587 0.13234591 0.02320718 0.07891295 0.03756358 0.03697988 0.06026476 0.04549027 0.00404939 0.02178619 0.16569289
125 0.04010021 0.02082671 0.02676301 0.03595201 0.00985933 0.02127421 0.03232041 0.03334461 0.01909561 0.09057043 0.17374605 0.03927601 0.03141381 0.03866821 0.01461280 0.05133472 0.03488701 0.00599737 0.02580741 0.25415008
126 0.17758788 0.05752396 0.04510497 0.02439538 0.01415009 0.02173848 0.02555608 0.03818077 0.01800019 0.04975887 0.04885157 0.03083598 0.17135488 0.02640678 0.03714707 0.06827075 0.05802206 0.01275239 0.01647369 0.05788816
127 0.04090837 0.04507207 0.02085988 0.04231867 0.00907925 0.03159078 0.04725876 0.02948088 0.01973499 0.06221725 0.06448665 0.12091891 0.02369048 0.03859107 0.02161798 0.19494585 0.02391408 0.01021299 0.03021318 0.12288791
128 0.07116177 0.03471109 0.21525391 0.03256789 0.01270899 0.02272159 0.04339978 0.04328938 0.01997419 0.07857707 0.07601497 0.03207049 0.03559958 0.04812498 0.04214488 0.03707908 0.03432549 0.00952993 0.02949219 0.08125277
129 0.05856094 0.02286462 0.02658082 0.03596843 0.00949555 0.02097251 0.04871403 0.05418764 0.01627301 0.15023611 0.20987315 0.03318572 0.02907162 0.03519222 0.02334202 0.06401175 0.04038273 0.00385435 0.02796472 0.08926806
130 0.04257092 0.03820562 0.04098972 0.05038143 0.07664704 0.04269532 0.03927152 0.02838211 0.01792111 0.05531423 0.08217654 0.04197352 0.02969521 0.03447772 0.01957901 0.06326043 0.03553562 0.01599541 0.02581941 0.21910811
131 0.08054374 0.19821110 0.03114212 0.04261922 0.01591091 0.02902181 0.05268573 0.03797902 0.01847821 0.05063583 0.06444063 0.04421332 0.02641741 0.05478853 0.04004402 0.05779953 0.04877292 0.01540331 0.03256722 0.05832543
132 0.04565953 0.01955521 0.02835242 0.03796773 0.01055791 0.01800681 0.04179093 0.04257143 0.01836461 0.08453126 0.27240319 0.03384292 0.02676182 0.03745943 0.01567781 0.04378723 0.03973293 0.00503460 0.02946112 0.14848110
133 0.06447319 0.04236160 0.03018280 0.17363098 0.01568360 0.06854829 0.04884130 0.04873340 0.01786230 0.07043339 0.08330139 0.06677439 0.01722230 0.04933230 0.01452740 0.03795520 0.03905580 0.01204830 0.02399910 0.07503299
134 0.09168017 0.01823101 0.01908051 0.01964141 0.00896298 0.01566311 0.02219332 0.01557281 0.01005971 0.11096608 0.18613314 0.02890452 0.03189392 0.04570743 0.01095541 0.04918564 0.03930143 0.00423919 0.12538409 0.14624411
135 0.15099405 0.02738391 0.03498041 0.03518611 0.00961453 0.01938341 0.04584302 0.04692812 0.02318241 0.05871672 0.24834908 0.03352161 0.02145721 0.03125421 0.01587521 0.04718972 0.04398421 0.00689813 0.03197141 0.06728652
136 0.06526024 0.04467543 0.02477462 0.02701902 0.00861826 0.02638902 0.05516673 0.03221752 0.01284261 0.05725653 0.10811707 0.05457313 0.02122721 0.04367153 0.01324271 0.06739794 0.04073622 0.00681064 0.22793314 0.06207044
137 0.05364970 0.02956140 0.03265060 0.03759250 0.00943472 0.01903930 0.06077830 0.06972900 0.02062590 0.06034760 0.28108601 0.03989340 0.02611000 0.03566120 0.02020280 0.04688440 0.04474720 0.00634475 0.03630600 0.06935520
138 0.07699056 0.05234347 0.03883418 0.04898167 0.01129879 0.03778308 0.04778647 0.07591886 0.02201719 0.06304586 0.06553876 0.06331986 0.01860039 0.16224891 0.01684769 0.04780717 0.04680107 0.00905907 0.02944298 0.06533396
139 0.06896013 0.02511181 0.03029251 0.04146702 0.01050460 0.02297221 0.04617032 0.24576511 0.02465081 0.06269033 0.10572705 0.03875722 0.02060561 0.05372222 0.02119281 0.04768212 0.05944643 0.00506144 0.02103641 0.04818382
140 0.05769552 0.02454921 0.02421101 0.03752092 0.00807733 0.02487371 0.03885912 0.04387902 0.01338641 0.15348106 0.17274207 0.04719742 0.03052271 0.10089404 0.01468331 0.04392062 0.03558511 0.00320557 0.01936781 0.10534804
141 0.17756104 0.03093231 0.02782591 0.01404090 0.02769971 0.01773670 0.01744780 0.03219681 0.01440420 0.04790491 0.04411881 0.02264780 0.13441703 0.02016150 0.02624461 0.19729204 0.06049591 0.01044940 0.01696530 0.05945731
142 0.04366562 0.03303091 0.03430081 0.04027472 0.00950863 0.02507141 0.04497302 0.03844381 0.02593511 0.06038092 0.07273263 0.05311582 0.02947821 0.03787371 0.01654841 0.08233983 0.03004921 0.00863239 0.02506771 0.28857711
143 0.06847340 0.02568680 0.03010140 0.04052220 0.01031820 0.02341840 0.04762150 0.24391202 0.02521810 0.06235860 0.10491501 0.03923420 0.02131690 0.05296870 0.02025640 0.04861770 0.05927320 0.00507333 0.02086020 0.04985370
144 0.22575007 0.03804031 0.02937441 0.03351681 0.01566340 0.03890951 0.03348691 0.02835071 0.01818521 0.06755602 0.05090932 0.10552203 0.01757821 0.04086121 0.01420680 0.12121804 0.03628221 0.01263280 0.02939251 0.04256351
145 0.26957807 0.01217210 0.01698910 0.01089540 0.02595011 0.01890480 0.01401480 0.16157504 0.02767051 0.05791601 0.03235271 0.01139040 0.01048240 0.03004501 0.01221860 0.20282605 0.03688831 0.00588025 0.01133010 0.03092021
146 0.05178506 0.01237909 0.01663659 0.02311948 0.00839121 0.01530739 0.02291468 0.02979248 0.01053159 0.18803687 0.21453685 0.02501228 0.04161507 0.04128117 0.01826119 0.05048566 0.04034707 0.00227798 0.02430338 0.16298489
147 0.15950896 0.01401070 0.01061860 0.01033720 0.02212559 0.02233359 0.01343170 0.04178939 0.01162710 0.08033778 0.05345139 0.01428450 0.01937270 0.02039010 0.01041620 0.38218891 0.02480489 0.00518124 0.02644949 0.05733999
148 0.07404370 0.02652240 0.04924910 0.06578320 0.01117530 0.04420020 0.14067099 0.13926399 0.01991400 0.13195599 0.05770100 0.03518880 0.01205450 0.02983960 0.01869240 0.04888160 0.03396270 0.00574934 0.01727160 0.03787960
149 0.06345080 0.02026310 0.02307450 0.03302100 0.00920786 0.02376510 0.03882160 0.04886890 0.01450390 0.20193800 0.16432100 0.03019950 0.03045160 0.03330870 0.02557790 0.07490790 0.03965780 0.00323026 0.02406760 0.09736300
150 0.05306938 0.01834539 0.02125979 0.01713039 0.00830868 0.01294480 0.02429159 0.03420159 0.00923138 0.17242593 0.17878193 0.02522729 0.10450496 0.03574279 0.03513209 0.06787647 0.04090938 0.00337972 0.02257749 0.11465896
151 0.05928769 0.03563930 0.06239779 0.01657250 0.00983941 0.02661250 0.02379190 0.03350920 0.00855862 0.17744198 0.08023109 0.02250100 0.03855579 0.02257780 0.17628898 0.04876939 0.05021129 0.00421320 0.01314240 0.08985819
152 0.07962427 0.19661292 0.03207459 0.04203848 0.01605959 0.02803249 0.05352108 0.03723049 0.01872579 0.05129818 0.06627357 0.04479378 0.02683489 0.05290668 0.03990528 0.05628368 0.05102328 0.01662359 0.03211469 0.05802268
153 0.06922994 0.05682554 0.05579164 0.02466922 0.01323771 0.03225572 0.03268332 0.04748493 0.01296701 0.09068246 0.07598855 0.02840532 0.03648612 0.02701172 0.18708212 0.06250134 0.05842194 0.00704875 0.01685541 0.06437124
154 0.07800039 0.03849249 0.03459550 0.05086239 0.00971642 0.03875909 0.04099849 0.05832299 0.01901840 0.13831698 0.07089209 0.05775869 0.02116940 0.14305398 0.01722420 0.04768909 0.03546770 0.00499802 0.01906570 0.07559799
155 0.25491413 0.01088821 0.01682541 0.01048931 0.02787671 0.01734711 0.01302921 0.13373307 0.02613721 0.11054406 0.04007182 0.01199321 0.01237741 0.02401051 0.01224031 0.18850110 0.03755222 0.00492708 0.01077041 0.03577152
156 0.07132729 0.03394250 0.21712298 0.03211240 0.01254870 0.02198210 0.04309740 0.04231210 0.01966930 0.07943719 0.07670339 0.03067370 0.03609860 0.04811480 0.04171090 0.03666050 0.03590380 0.00973499 0.02967770 0.08116969
157 0.04569120 0.01491300 0.02323160 0.02165730 0.01036190 0.01125040 0.02396250 0.03089090 0.01076600 0.12430099 0.23734798 0.02862870 0.08127539 0.03653160 0.02352940 0.04696880 0.03924150 0.00436577 0.02851910 0.15656599
158 0.04929499 0.04124549 0.04423679 0.12543996 0.01001360 0.04482079 0.04455689 0.08582198 0.01846239 0.04320239 0.04391779 0.08326018 0.00992589 0.12828196 0.00988584 0.03666439 0.03667939 0.00851066 0.08540258 0.05037609
159 0.05143688 0.02104639 0.03430199 0.02681859 0.01022560 0.02664509 0.02402539 0.03188939 0.01333510 0.20908994 0.10050397 0.03341199 0.03031629 0.03933349 0.02540629 0.06790348 0.03767149 0.00358260 0.02348009 0.18957594
160 0.05425480 0.06037590 0.08742180 0.07311830 0.01495480 0.10138100 0.04649470 0.04694130 0.01055060 0.05860790 0.05384460 0.14601301 0.01880560 0.06075600 0.01296510 0.04030660 0.03330000 0.00751556 0.02022650 0.05216590
161 0.06600612 0.04506472 0.02390111 0.02763601 0.00797243 0.02624911 0.05599162 0.03258971 0.01326880 0.05619342 0.10638404 0.05527962 0.01998441 0.04321941 0.01293350 0.06531132 0.04094301 0.00680293 0.23392008 0.06034862
162 0.06480651 0.04511121 0.02519931 0.02742261 0.00844436 0.02702781 0.05455691 0.03266811 0.01427760 0.05612101 0.10632002 0.05431941 0.02004090 0.04408241 0.01383710 0.06634661 0.04082201 0.00666894 0.23174205 0.06018511
163 0.16759891 0.02895308 0.04678937 0.05655857 0.00996432 0.03484248 0.14665692 0.14537992 0.01972559 0.05360357 0.08170255 0.02925778 0.01151239 0.04052268 0.01235259 0.03024698 0.03383168 0.00781213 0.02004399 0.02264449
164 0.05598724 0.02098261 0.03550242 0.03083082 0.00979781 0.02958682 0.02732172 0.03598242 0.01369031 0.20851013 0.10094206 0.03525432 0.02961762 0.04024963 0.02637972 0.06918124 0.03733722 0.00380296 0.02433782 0.16470511
165 0.06579368 0.02822559 0.02662639 0.16580096 0.01275620 0.06965648 0.03752109 0.03358029 0.01835190 0.15275796 0.07932808 0.05272269 0.01764140 0.04336149 0.01429140 0.03125819 0.04505229 0.00747116 0.01760240 0.08020038
166 0.05651057 0.01725609 0.01893539 0.01870759 0.00790917 0.01383039 0.02628378 0.03495368 0.00923679 0.18444189 0.17919989 0.02409579 0.08652935 0.03537588 0.03389398 0.07281446 0.04166157 0.00302744 0.02288839 0.11244793
167 0.09591467 0.01982339 0.01346200 0.01687849 0.01244220 0.02761039 0.02177759 0.17477694 0.01589609 0.07307498 0.04938918 0.01872019 0.01295560 0.02887599 0.01791359 0.27480991 0.03918569 0.00571122 0.01512210 0.06565978
168 0.03318961 0.03566361 0.02189091 0.05152691 0.00606895 0.02302901 0.04163031 0.04228241 0.02386041 0.03739661 0.04368351 0.12844803 0.01910150 0.03429951 0.00952345 0.07606812 0.02529671 0.00806864 0.01833070 0.32064108
169 0.07790117 0.03511329 0.02805299 0.09318866 0.01897939 0.18193592 0.04207678 0.04123318 0.00970729 0.08166487 0.05598718 0.05419768 0.01830779 0.04533758 0.02575529 0.05809718 0.03157889 0.00708513 0.02402809 0.06977167
170 0.04265303 0.04195323 0.02076991 0.02661142 0.00678898 0.01445541 0.05265563 0.03342842 0.01410161 0.03872942 0.24635416 0.05775494 0.02415412 0.04328113 0.00919507 0.04428513 0.03117812 0.00740853 0.19089412 0.05334763
171 0.08205550 0.20054300 0.03308900 0.04327090 0.01600810 0.02892570 0.05382250 0.03674010 0.01870780 0.05205080 0.06351950 0.04391090 0.02542870 0.05196920 0.04048940 0.05552610 0.04807300 0.01538350 0.03259180 0.05789450
172 0.05339162 0.01612001 0.01760971 0.03026001 0.00780784 0.01311270 0.02420101 0.05127252 0.01726201 0.16924905 0.20958407 0.02277631 0.03793701 0.03145491 0.02791451 0.03818851 0.09461303 0.00344444 0.02024071 0.11356004
173 0.06301290 0.04282560 0.02934270 0.17362100 0.01535580 0.06572560 0.04750480 0.05146510 0.01807120 0.07115150 0.08423950 0.06663140 0.01844360 0.05010790 0.01452800 0.03734210 0.04000770 0.01197750 0.02294260 0.07570350
174 0.05557150 0.04379610 0.03589950 0.04066580 0.01195840 0.02846260 0.20379199 0.05797190 0.02496990 0.05792270 0.11597100 0.04179440 0.01818070 0.04627300 0.01957960 0.05020130 0.03258650 0.00979234 0.04138550 0.06322530
175 0.06799112 0.04348381 0.03763271 0.16816405 0.02002151 0.04663481 0.12752804 0.04881261 0.02136101 0.06544452 0.08131212 0.05828132 0.01133140 0.03957471 0.00925180 0.03558821 0.03541161 0.01106570 0.01931291 0.05179602
176 0.07868087 0.04825568 0.02678949 0.13359995 0.01595079 0.04334858 0.02417139 0.03814648 0.01670409 0.06905477 0.07086317 0.03823978 0.02435749 0.03229369 0.12726795 0.04229498 0.06531347 0.00990611 0.01802299 0.07673827
177 0.05139659 0.03320420 0.03268590 0.04027440 0.01041790 0.02272680 0.03336390 0.03575780 0.02222590 0.06891029 0.08674459 0.04407770 0.03072000 0.03763010 0.02404620 0.05106109 0.10210699 0.01409250 0.02587320 0.23268398
178 0.15367206 0.02921011 0.02722121 0.04618542 0.12420605 0.04622392 0.03621901 0.02527621 0.01441851 0.06915063 0.06005942 0.03816242 0.02345401 0.02418461 0.02861501 0.06354773 0.04233512 0.01166980 0.01956971 0.11661905
179 0.05600039 0.03654879 0.03872349 0.05705749 0.01416070 0.09088568 0.21793396 0.05232759 0.01662950 0.07190949 0.07020839 0.05613689 0.01038340 0.04068699 0.01464420 0.03778849 0.02170650 0.00747360 0.03229189 0.05650259
