1 0.04478688 0.01685469 0.03789838 0.03165199 0.00973556 0.01440089 0.02750499 0.05666988 0.00981620 0.08247346 0.29803687 0.01981569 0.02400259 0.03459309 0.01646209 0.05261548 0.02908489 0.00780447 0.02378199 0.16200993
2 0.04981513 0.05338503 0.02573281 0.03217962 0.03958602 0.03089802 0.04913333 0.05426413 0.01045161 0.07312794 0.07617894 0.03530052 0.02637041 0.03201942 0.21455712 0.04885203 0.05860893 0.00723275 0.02036161 0.06194463
3 0.02529141 0.03194301 0.04581902 0.14827306 0.00835444 0.02255951 0.04662712 0.21863309 0.01294961 0.05242932 0.08731293 0.05459842 0.01103170 0.06215902 0.02001751 0.02451521 0.02943571 0.00662747 0.02543481 0.06598763
4 0.03932682 0.02935941 0.03299621 0.04349422 0.00819470 0.02457471 0.03336701 0.05389172 0.02555561 0.05552022 0.07324823 0.04768162 0.02273631 0.03419222 0.02055701 0.06160713 0.03191761 0.00823286 0.02345221 0.33009415
5 0.06499608 0.03890719 0.03218909 0.05066928 0.00875952 0.03165789 0.04665129 0.04459649 0.02506279 0.04924318 0.08074677 0.19704894 0.01870989 0.08589737 0.02165529 0.04235599 0.04063329 0.01084750 0.03248739 0.07688478
6 0.13875991 0.02095589 0.01515549 0.01338169 0.01580849 0.01566739 0.02039349 0.18084688 0.01041209 0.18747088 0.02781968 0.01311669 0.01451379 0.01420539 0.01313029 0.19004688 0.05882356 0.00422118 0.00952746 0.03574288
7 0.06832403 0.02313791 0.01585241 0.01993281 0.01364911 0.02213701 0.03027131 0.03998502 0.01156920 0.06875893 0.08403393 0.02611211 0.03631071 0.03021761 0.01808601 0.35547914 0.02975551 0.01033210 0.02174261 0.07431253
8 0.06467821 0.03084850 0.03149750 0.03192500 0.01016970 0.02847580 0.03846210 0.05021871 0.01688660 0.21739602 0.18056202 0.02478090 0.02779500 0.02660880 0.01681980 0.05951821 0.02899890 0.00410409 0.02595280 0.08430131
9 0.05760553 0.02864372 0.02007721 0.03154722 0.01093371 0.02325371 0.03343422 0.03553712 0.02385811 0.18520310 0.05431643 0.18274110 0.02757511 0.04137362 0.03154852 0.03953872 0.04698022 0.00719577 0.02148541 0.09715145
10 0.07200670 0.04341910 0.02510860 0.02184560 0.00640969 0.01899450 0.04573570 0.04253160 0.01351210 0.05596000 0.08130400 0.03746220 0.01725730 0.04007740 0.01495540 0.04464030 0.03582890 0.00517486 0.31766802 0.06010800
11 0.03206230 0.02245310 0.04047640 0.06175921 0.00316462 0.01192130 0.02226330 0.05635991 0.02700360 0.02037410 0.02881940 0.18220602 0.01464630 0.22359702 0.00671680 0.03050710 0.04300060 0.00477768 0.14078301 0.02710820
12 0.06850508 0.04186029 0.04132049 0.05841608 0.00810445 0.03393929 0.05758148 0.04892148 0.01990059 0.03742279 0.04950888 0.08388327 0.01636399 0.22850792 0.01966039 0.04675088 0.04872978 0.00740268 0.03056409 0.05265608
13 0.02259060 0.02091330 0.09921489 0.18086398 0.01054800 0.01985560 0.04262550 0.17184398 0.01580910 0.04028810 0.07746989 0.07763029 0.00783010 0.09003439 0.01024910 0.01771810 0.01769770 0.00673199 0.02774110 0.04234430
14 0.07936859 0.02611920 0.03308319 0.16120197 0.00914397 0.02486620 0.10586298 0.04052539 0.02398990 0.03314849 0.04074099 0.07410379 0.00976540 0.19545197 0.01006300 0.02946260 0.02913000 0.00681229 0.03157779 0.03558229
15 0.07531034 0.24201213 0.03523062 0.03881762 0.01747511 0.02837482 0.04326052 0.04235832 0.01315701 0.05188833 0.06488064 0.04088592 0.03374922 0.04660293 0.03764672 0.04444242 0.04577853 0.00847325 0.03624342 0.05341213
16 0.06431637 0.02803499 0.02164569 0.03146789 0.01017800 0.02113649 0.03498728 0.27784487 0.01372729 0.07137037 0.11658395 0.02953809 0.01843719 0.03779148 0.02351959 0.05165988 0.04299738 0.00585025 0.02680759 0.07210537
17 0.03872167 0.02133048 0.02757188 0.02683378 0.00885149 0.02680458 0.02862038 0.05306265 0.01763998 0.18969783 0.09942781 0.03374037 0.02312778 0.02806638 0.02113948 0.05278115 0.02768378 0.00456867 0.02339108 0.24693879
18 0.06741217 0.24372525 0.03132743 0.03776814 0.01938672 0.10839811 0.03131253 0.03509794 0.01364181 0.05337905 0.04448304 0.06163226 0.01598492 0.04845295 0.03348153 0.03162153 0.03243073 0.00520050 0.04045744 0.04480595
19 0.05413335 0.02583073 0.03325163 0.03335313 0.01103761 0.01816152 0.23354123 0.16760917 0.01468991 0.05319405 0.08563759 0.02453532 0.01505572 0.03825254 0.02649883 0.03875754 0.03132203 0.01171201 0.03326543 0.05016065
20 0.03159290 0.02589570 0.01441280 0.02493990 0.00862700 0.00561952 0.02356290 0.09304959 0.00559207 0.02263080 0.26329597 0.01854900 0.11157499 0.01412160 0.14507198 0.04986559 0.09248949 0.00393789 0.00972154 0.03544880
21 0.06613251 0.02213710 0.01447030 0.01937230 0.01228880 0.02222480 0.02976191 0.04079521 0.01181530 0.07118161 0.08530072 0.02565021 0.03613111 0.03154591 0.01874170 0.35904407 0.02938241 0.01027800 0.02037770 0.07336831
22 0.04938312 0.02713841 0.03774882 0.03761802 0.00879521 0.01610111 0.04735382 0.07254123 0.01031920 0.05248862 0.32617113 0.04152132 0.02406601 0.02806571 0.02091261 0.05738742 0.03982252 0.00881169 0.02820081 0.06555323
23 0.08219288 0.06288659 0.02959459 0.03540609 0.01151790 0.13272297 0.04662739 0.02650709 0.01754710 0.04577909 0.04339459 0.19953696 0.01260830 0.06102849 0.02508259 0.03224509 0.03614509 0.00937261 0.01857150 0.07123309
24 0.06290776 0.02843428 0.02184889 0.03251628 0.01063459 0.02213429 0.03410248 0.28015384 0.01353429 0.07253536 0.11432193 0.02968448 0.01835099 0.03715628 0.02511829 0.04821127 0.04421057 0.00553807 0.02527929 0.07332676
25 0.08180588 0.03094399 0.03025379 0.03410529 0.01373350 0.03983729 0.04910889 0.06544719 0.01980970 0.24885695 0.06447709 0.03218869 0.02076190 0.02716019 0.02987919 0.07389989 0.03712399 0.00532200 0.02528259 0.07000199
26 0.33031492 0.03677519 0.03028109 0.03199709 0.01444440 0.03028779 0.03487409 0.05867879 0.03351469 0.06560878 0.05512349 0.03785759 0.01499570 0.03683409 0.01734080 0.06059538 0.03721469 0.00875205 0.02542009 0.03908929
27 0.05074257 0.04930607 0.02613299 0.01958089 0.01039499 0.01368899 0.03291638 0.03306068 0.01786729 0.15448491 0.09040685 0.03298218 0.23490587 0.02896438 0.02037179 0.06921056 0.02614969 0.00529227 0.02206899 0.06147166
28 0.05150642 0.03680831 0.03334171 0.03842702 0.01144610 0.02471981 0.27060211 0.04416322 0.03137281 0.06062512 0.08029933 0.03744661 0.01825771 0.05193872 0.02819721 0.04441482 0.03946422 0.01186480 0.03329921 0.05180472
29 0.03415082 0.02120831 0.02457391 0.02613612 0.00849020 0.02467961 0.02611022 0.05494533 0.02057891 0.17989611 0.08355305 0.03754392 0.01939101 0.02457821 0.01910411 0.05123403 0.02616712 0.00485262 0.02253921 0.29026717
30 0.03336681 0.02217691 0.01841601 0.02409651 0.00981673 0.10800004 0.22064708 0.03631531 0.01382330 0.20325607 0.04929482 0.02769071 0.01435521 0.03375581 0.03763871 0.02706411 0.02938151 0.00623261 0.01893271 0.06573902
31 0.06445308 0.02779379 0.02142639 0.03233399 0.01053650 0.02123399 0.03450789 0.28005991 0.01338520 0.07303278 0.11914196 0.03013469 0.01849869 0.03752619 0.02388099 0.04667019 0.04335479 0.00523651 0.02375009 0.07304238
32 0.03888970 0.02893100 0.03555430 0.04193820 0.00853543 0.02437930 0.03301270 0.05118830 0.02568580 0.05679300 0.07307930 0.04701080 0.02246960 0.03417820 0.01961160 0.06029900 0.03162740 0.00854462 0.02430470 0.33396702
33 0.05410591 0.02590480 0.03250120 0.02793330 0.00837032 0.01925460 0.03159060 0.04406680 0.01127630 0.20314102 0.25004803 0.01975030 0.03161760 0.02984530 0.01125150 0.05029341 0.02197180 0.00308238 0.02169780 0.10229701
34 0.05667137 0.23619786 0.02102639 0.02819868 0.02423249 0.09336614 0.02312899 0.03406438 0.00903534 0.04393027 0.03376908 0.05287077 0.01236369 0.03927528 0.16066590 0.02789788 0.02749788 0.00400006 0.02648848 0.04531907
35 0.04167899 0.03075959 0.04455009 0.06364219 0.00479679 0.01774730 0.04564069 0.05813039 0.02026400 0.02857829 0.03413199 0.10406598 0.01467760 0.23298695 0.01175670 0.03551909 0.05006269 0.00446964 0.11753097 0.03901009
36 0.13720590 0.02497148 0.02246978 0.03450758 0.01295179 0.01800079 0.07124835 0.04394167 0.15380489 0.07391165 0.05290836 0.05387816 0.02377038 0.04682357 0.01436979 0.04981507 0.03689357 0.01200409 0.02174708 0.09477603
37 0.06500152 0.02170281 0.01471600 0.02028271 0.01273480 0.02189441 0.02978961 0.04131971 0.01113540 0.06919882 0.08527383 0.02439881 0.03867281 0.03035071 0.01766101 0.36044411 0.02985611 0.01053880 0.02091161 0.07411642
38 0.07118643 0.04329912 0.02536531 0.02150981 0.00659378 0.01976941 0.04442982 0.04308152 0.01364600 0.05574212 0.08141613 0.03609691 0.01715831 0.04104261 0.01553051 0.04482662 0.03632411 0.00540026 0.31776811 0.05981312
39 0.07285087 0.19401392 0.13400995 0.02332559 0.01663469 0.02983889 0.03724979 0.02767369 0.07869747 0.03795348 0.06676067 0.03479599 0.02895899 0.03278739 0.01888849 0.02500939 0.02344189 0.01239690 0.05106578 0.05364618
40 0.04071229 0.02917100 0.04311389 0.06531409 0.00433900 0.01822260 0.04598699 0.05879579 0.02083450 0.02847720 0.03423229 0.10967498 0.01452750 0.23407396 0.01117070 0.03473159 0.04838739 0.00433906 0.11533698 0.03855819
41 0.08237671 0.03852680 0.03164750 0.05916971 0.03194460 0.22179903 0.03703280 0.04427011 0.01053240 0.09025521 0.04869781 0.04483721 0.01197710 0.04345151 0.02973180 0.05127621 0.02797130 0.00796558 0.02047740 0.06605921
42 0.21598995 0.01525370 0.01266240 0.01419790 0.01475160 0.01715710 0.03027779 0.04733599 0.01483590 0.04170609 0.05114969 0.01675100 0.03243589 0.02619199 0.01799930 0.33710293 0.02488959 0.00494591 0.01745280 0.04691249
43 0.07087889 0.04296869 0.02586410 0.02219650 0.00681198 0.01890200 0.04538229 0.04252519 0.01299250 0.05488639 0.08056669 0.03599089 0.01690980 0.03940679 0.01544080 0.04676909 0.03539969 0.00620238 0.31792095 0.06198439
44 0.04684539 0.02714389 0.03655309 0.03851089 0.00979720 0.01558490 0.04720149 0.07459968 0.01024120 0.05258268 0.32346990 0.04158539 0.02338899 0.02910679 0.02139479 0.06073038 0.03998969 0.00797420 0.02746149 0.06583798
45 0.06879337 0.04146988 0.04007108 0.05810497 0.00840444 0.03081328 0.05869317 0.04828798 0.02055639 0.03751338 0.04831368 0.08131596 0.01602309 0.22909889 0.01949859 0.05036607 0.05157547 0.00784746 0.03112858 0.05212427
46 0.04815279 0.02753090 0.03781849 0.03927379 0.00970538 0.01612910 0.04896859 0.07569489 0.00994514 0.05179789 0.32077694 0.04083379 0.02269930 0.02941019 0.02150970 0.05638809 0.04058379 0.00841586 0.02925159 0.06511379
47 0.08175077 0.03663169 0.03207679 0.05854888 0.03077269 0.22025093 0.03862549 0.04533429 0.01065260 0.08870887 0.05133298 0.04604889 0.01184840 0.04205699 0.03011909 0.05086498 0.02827789 0.00853552 0.02040239 0.06715988
48 0.03931491 0.03099891 0.03728831 0.05460522 0.09845053 0.03305241 0.03433691 0.04365661 0.03157441 0.04290441 0.07299602 0.03303951 0.02340451 0.02552891 0.02996221 0.05509942 0.02250151 0.00764889 0.01798631 0.26565008
49 0.06331476 0.02212999 0.01629879 0.01487469 0.01184749 0.02076009 0.03333938 0.06020246 0.09078505 0.04809067 0.05752727 0.02205489 0.01734159 0.04011168 0.01049969 0.26374584 0.11076993 0.01323369 0.02202409 0.06104796
50 0.08760081 0.03136670 0.02658500 0.22926502 0.01786570 0.02980690 0.12432901 0.03761600 0.02132670 0.05152280 0.08093281 0.04839460 0.00997161 0.05366970 0.01392330 0.03061420 0.02726280 0.00972931 0.01454380 0.05367320
51 0.02158710 0.02961160 0.01803420 0.03834110 0.00455378 0.02608280 0.02097300 0.02994870 0.03887060 0.03025280 0.02406870 0.16386998 0.01392630 0.02253730 0.01270070 0.03362170 0.02418250 0.00781432 0.01364190 0.42538096
52 0.05511768 0.01712859 0.02536219 0.02778069 0.01341389 0.00984471 0.03548059 0.25097489 0.12876495 0.05891978 0.06251957 0.02771939 0.01952589 0.03246019 0.01816429 0.06860267 0.03163169 0.00736161 0.01366439 0.09556236
53 0.08314662 0.03210811 0.02953521 0.03261171 0.01401540 0.04021931 0.04769361 0.06443342 0.02061221 0.25037706 0.06475362 0.03167771 0.01992100 0.02642411 0.02967211 0.07032402 0.03895911 0.00602925 0.02563561 0.07185082
54 0.24775690 0.04965668 0.22805491 0.01600259 0.01041990 0.02339579 0.02890839 0.02464459 0.01190350 0.05414958 0.07229107 0.02435449 0.02030949 0.03573579 0.01458409 0.03335309 0.02488019 0.01029650 0.01617649 0.05312598
55 0.33333810 0.03687971 0.03133061 0.03269951 0.01445690 0.03030781 0.03479711 0.05643012 0.03440691 0.06434712 0.05474932 0.03714771 0.01442480 0.03670551 0.01635360 0.05876312 0.03648101 0.00904531 0.02835291 0.03898281
56 0.04646280 0.02077200 0.02648070 0.02408140 0.01033090 0.03576290 0.03308180 0.06269130 0.01362910 0.27466801 0.07716060 0.02502700 0.01693890 0.02235740 0.02997950 0.05607920 0.03156520 0.00420015 0.02401410 0.16471701
57 0.06651607 0.02250349 0.01491789 0.01907349 0.01329809 0.02217319 0.02955609 0.04133328 0.01157150 0.06903327 0.08686817 0.02605779 0.03693859 0.03066879 0.01961679 0.35551386 0.02993759 0.01005880 0.02060059 0.07376267
58 0.04928438 0.03362379 0.02678249 0.03704069 0.00689647 0.01952949 0.03408509 0.04307228 0.01707529 0.06544068 0.08429117 0.03117869 0.01941309 0.04602528 0.03500569 0.03210579 0.18781593 0.01218440 0.03389539 0.18525393
59 0.04852020 0.04832560 0.02223590 0.02192400 0.00844950 0.01310100 0.03239180 0.03582430 0.01621810 0.20656299 0.08207540 0.03289610 0.22000299 0.02714290 0.01933820 0.06081260 0.02392110 0.00403216 0.02361720 0.05260800
60 0.06693970 0.03837750 0.03256130 0.04996800 0.00867073 0.03152250 0.04598540 0.04244710 0.02508140 0.04854370 0.07748791 0.19952501 0.01916780 0.08784341 0.02214160 0.04226650 0.04132120 0.01065600 0.03442070 0.07507251
61 0.04865517 0.03645287 0.03262498 0.02299768 0.00701697 0.01119449 0.02979338 0.03558698 0.01333079 0.09282894 0.21519985 0.02788098 0.11501192 0.10728893 0.02063469 0.04086557 0.03190978 0.00439742 0.01855059 0.08777804
62 0.08660168 0.06001018 0.02981639 0.03378749 0.01718410 0.19527695 0.04057949 0.02644869 0.01319340 0.05720479 0.03919839 0.15611796 0.01119050 0.05316699 0.02818119 0.03101079 0.03280549 0.00736455 0.01834420 0.06251678
63 0.08415804 0.03312102 0.02997511 0.03485832 0.01360601 0.03956232 0.04803002 0.06270913 0.02001111 0.24692212 0.06594523 0.03139842 0.02042981 0.02648661 0.03014912 0.07231014 0.03766932 0.00657410 0.02506751 0.07101654
64 0.06790975 0.04331793 0.24157017 0.03460802 0.01291981 0.02684032 0.04196403 0.03214552 0.01121001 0.06215144 0.10453007 0.03395832 0.03391512 0.04903873 0.01937561 0.03083052 0.03068142 0.01312671 0.02705792 0.08284856
65 0.03785760 0.02443120 0.13046301 0.03032060 0.00694568 0.01235820 0.04025690 0.02926350 0.00839463 0.04610310 0.27780902 0.02651240 0.03382460 0.02895550 0.02139420 0.02323870 0.12102901 0.00986153 0.01688800 0.07409260
66 0.05082700 0.03523210 0.03267790 0.03754320 0.01201090 0.02530110 0.26352800 0.04453070 0.02935030 0.06008380 0.08377910 0.03860510 0.01809470 0.05318110 0.02874850 0.04536520 0.04084090 0.01283160 0.03390070 0.05356810
67 0.08270555 0.03231178 0.02930018 0.19687288 0.01504709 0.03134858 0.13579992 0.04154028 0.02237339 0.05246027 0.08601015 0.05162537 0.01070389 0.05540767 0.01504649 0.03283558 0.02811588 0.01041919 0.01501929 0.05505657
68 0.38211292 0.01664260 0.01615140 0.01449610 0.01611010 0.01494450 0.02966949 0.07715028 0.02719139 0.04359929 0.02909519 0.01730980 0.01132980 0.02164270 0.01247170 0.18130196 0.03723299 0.00466080 0.02066360 0.02622339
69 0.06044030 0.04478050 0.02349560 0.03675980 0.00874167 0.01834960 0.04343350 0.05899090 0.01457880 0.05437030 0.08880480 0.03992950 0.02232070 0.05126210 0.03567360 0.04994210 0.25045801 0.01563730 0.02770580 0.05432510
70 0.03201568 0.03378948 0.02873338 0.02636338 0.00855935 0.00705890 0.02535568 0.07689025 0.00842564 0.03423428 0.18846189 0.02265909 0.14252991 0.01867719 0.06525756 0.03696548 0.16957390 0.01434419 0.01272609 0.04737867
71 0.05717663 0.14951208 0.02476681 0.02626681 0.00885411 0.11361606 0.04110182 0.01679591 0.01279981 0.04366252 0.03335892 0.18233010 0.01615731 0.05512493 0.01656971 0.09040615 0.04497342 0.00617106 0.01911491 0.04124092
72 0.03691390 0.02535360 0.10179599 0.20819098 0.02915760 0.03662920 0.03293090 0.03665810 0.01401910 0.05487769 0.06964159 0.05363889 0.01038560 0.05642779 0.01761250 0.09771249 0.02672330 0.01371730 0.01538840 0.06222509
73 0.05106990 0.03639560 0.03324320 0.03630160 0.01185010 0.02451360 0.26845100 0.04376420 0.02937230 0.06084590 0.07920310 0.03744130 0.01814550 0.05561300 0.02808360 0.04645910 0.03993070 0.01235360 0.03587600 0.05108670
74 0.03158551 0.02569041 0.12386104 0.02150711 0.01006780 0.01855431 0.24482308 0.03412611 0.00751597 0.05936952 0.05986492 0.03015411 0.01209560 0.03518321 0.13604904 0.02683841 0.04051401 0.01005240 0.01612401 0.05602342
75 0.06647351 0.04301361 0.04059851 0.05831471 0.00723210 0.03249521 0.05893761 0.04760051 0.01965330 0.03936051 0.05100731 0.08142901 0.01698330 0.22639804 0.01997870 0.04806041 0.05013011 0.00721543 0.03185931 0.05325881
76 0.32970116 0.03499342 0.03028212 0.03152962 0.01347431 0.03019992 0.03326082 0.05740633 0.03413922 0.06514793 0.05860103 0.03747252 0.01582191 0.03612972 0.01702511 0.05869703 0.03622032 0.00940700 0.02846801 0.04202252
77 0.03799080 0.02983130 0.02044290 0.03523640 0.01008110 0.01159300 0.04594909 0.09081539 0.00697343 0.02187130 0.29248197 0.03220750 0.02848560 0.02025950 0.13150499 0.05299049 0.06782069 0.00597838 0.01729720 0.04018900
78 0.06074394 0.02870102 0.02237702 0.04249133 0.01812871 0.13239009 0.12581409 0.03119342 0.01022741 0.06760615 0.04694273 0.03657273 0.01389351 0.04875653 0.02244002 0.16334211 0.03279452 0.01924401 0.01780691 0.05853374
79 0.37041510 0.01353480 0.01165250 0.00865387 0.01408690 0.01152250 0.01931141 0.12426903 0.02060981 0.04081331 0.02628851 0.01266490 0.00754511 0.01794760 0.00692512 0.15359604 0.09111362 0.00370264 0.01995171 0.02539551
80 0.26301114 0.02099331 0.02004611 0.02542321 0.01090931 0.02785591 0.03736342 0.02806931 0.02478631 0.03079762 0.03509392 0.03288722 0.01267591 0.12776907 0.01936951 0.18551210 0.02699671 0.00848398 0.02055511 0.04140082
81 0.05475192 0.03117041 0.03200981 0.05379582 0.00725217 0.02916741 0.14428105 0.03499801 0.01806691 0.04451011 0.11965304 0.18862506 0.01294850 0.06417752 0.01996071 0.03540981 0.03406541 0.00910311 0.02419071 0.04186251
82 0.04499340 0.03365200 0.02034630 0.02337150 0.01117180 0.12549001 0.03646930 0.04322880 0.00992440 0.23935602 0.03481800 0.04702240 0.01431610 0.02244840 0.05037260 0.04345550 0.11505701 0.00540351 0.01604090 0.06306201
83 0.04214577 0.02257478 0.02580598 0.02074618 0.00501878 0.01554909 0.03240958 0.03476937 0.01390649 0.06057755 0.08175504 0.02946328 0.02455058 0.11438791 0.01270129 0.05975925 0.04873806 0.00601029 0.18695886 0.16217188
84 0.06701885 0.03746227 0.14879588 0.06188735 0.02843428 0.20419884 0.02989928 0.03178697 0.00924158 0.06455735 0.06062255 0.04288787 0.01133199 0.04239047 0.01810029 0.03514967 0.02197718 0.00936410 0.01897458 0.05591866
85 0.06224147 0.03175023 0.03239024 0.13303315 0.01168691 0.02691293 0.21092523 0.04788375 0.03275224 0.05777286 0.08766370 0.04661795 0.01092141 0.05161006 0.01647512 0.03410144 0.02745873 0.01111371 0.01677602 0.04991285
86 0.04357201 0.01714390 0.03773481 0.03324371 0.00947336 0.01371150 0.02820721 0.05768161 0.00977252 0.08091141 0.29877305 0.02028990 0.02422200 0.03474271 0.01647670 0.05299691 0.02854211 0.00837054 0.02296700 0.16116703
87 0.03304880 0.02075390 0.02648190 0.02615790 0.00856465 0.02495370 0.02540420 0.05457910 0.02011750 0.18321498 0.08475509 0.03916640 0.01971920 0.02382760 0.01963870 0.04748020 0.02557920 0.00483614 0.02137790 0.29034297
88 0.07596747 0.24054191 0.03472539 0.03869979 0.01823109 0.02780409 0.04443118 0.04423028 0.01298380 0.05213708 0.06367698 0.04240638 0.03248699 0.04601778 0.03612199 0.04234758 0.04837728 0.00853587 0.03462519 0.05565188
89 0.06545599 0.02157000 0.01582120 0.02016420 0.01303870 0.02345120 0.02910499 0.04137689 0.01165650 0.06874539 0.08341898 0.02548219 0.03695489 0.03046659 0.01885700 0.35879993 0.03018839 0.01053900 0.01955250 0.07535548
90 0.04590091 0.02355400 0.02624520 0.21938303 0.02028390 0.03246750 0.03460420 0.03067170 0.00882267 0.04334511 0.24185803 0.02940930 0.01760150 0.02911880 0.02252880 0.03106970 0.05153581 0.01010800 0.01649970 0.06499211
91 0.03835980 0.02960550 0.03319970 0.04232130 0.00825078 0.02509330 0.03281370 0.05317790 0.02571260 0.05487100 0.07699160 0.04703510 0.02258690 0.03278820 0.02044540 0.06203410 0.03243420 0.00854828 0.02367670 0.33005398
92 0.04736220 0.02781210 0.03490220 0.03923660 0.00926719 0.01600960 0.04879090 0.07143030 0.01056720 0.05392590 0.32098299 0.04102360 0.02424470 0.02954610 0.02176410 0.05830710 0.04145980 0.00839795 0.02793860 0.06703090
93 0.06355079 0.03786460 0.03249240 0.05022700 0.00951279 0.03196370 0.04395450 0.04474020 0.02430060 0.04886170 0.07996329 0.20014698 0.01845180 0.08749109 0.02193850 0.04281380 0.04213410 0.01106260 0.03511980 0.07340979
94 0.04595138 0.01614589 0.02986269 0.01815329 0.00783317 0.02134879 0.01837109 0.04523078 0.00728027 0.23529390 0.20763891 0.01191840 0.03132809 0.03026739 0.01078510 0.04359688 0.01845319 0.00247817 0.02388669 0.17417593
95 0.06227639 0.04312569 0.24369395 0.03349759 0.01227010 0.02540879 0.04334829 0.03168869 0.01103560 0.06470589 0.10790998 0.03430519 0.03585099 0.04599969 0.02010730 0.02941049 0.03134649 0.01354700 0.02741399 0.08305788
96 0.06256829 0.03817580 0.03276970 0.05070969 0.00888041 0.03208880 0.04712589 0.04337040 0.02433840 0.04806169 0.08005629 0.19880798 0.01948270 0.08729329 0.02180900 0.04285830 0.04182900 0.01106670 0.03339820 0.07530949
97 0.04664991 0.01654640 0.02874410 0.01832200 0.00810997 0.02246280 0.01860490 0.04596301 0.00782166 0.23672303 0.20715703 0.01134550 0.03132770 0.02997190 0.01082530 0.04120791 0.01842770 0.00216693 0.02190320 0.17571902
98 0.04708152 0.02701611 0.03621291 0.03903812 0.00930484 0.01607501 0.04877972 0.07231783 0.01012100 0.05172292 0.32508013 0.04121542 0.02371051 0.02933171 0.02146661 0.05835392 0.03981422 0.00830306 0.02911371 0.06594073
99 0.05832909 0.03014249 0.25695795 0.02416140 0.01138180 0.02185160 0.03311219 0.03164149 0.01143190 0.05464479 0.06898109 0.02825929 0.03512029 0.04270659 0.02169240 0.11681798 0.03290269 0.01324850 0.01856490 0.08805158
100 0.03457308 0.02087059 0.04464847 0.06774415 0.00589494 0.02081159 0.11521092 0.12957891 0.01197519 0.03759597 0.11759792 0.16921388 0.00994354 0.07711745 0.01454949 0.02721278 0.02619918 0.00729499 0.02837678 0.03359018
101 0.05227189 0.03754919 0.03387049 0.03808419 0.01131540 0.02416640 0.26816395 0.04393359 0.02993179 0.06101969 0.08032948 0.03838369 0.01887720 0.05209839 0.02808199 0.04475529 0.04042129 0.01244480 0.03376549 0.05053579
102 0.04382447 0.03096988 0.02195648 0.03580047 0.00638481 0.02302398 0.03661527 0.03959637 0.01705629 0.04659667 0.08012124 0.21411685 0.01671339 0.09941153 0.02253778 0.03570257 0.13358491 0.01165309 0.03390588 0.05042806
103 0.04629702 0.02711711 0.03693662 0.03820482 0.00920252 0.01583851 0.04762472 0.07479464 0.01001871 0.05149373 0.32431917 0.04180552 0.02268301 0.02998522 0.02171121 0.05785313 0.04041622 0.00867686 0.02946202 0.06555923
104 0.13442494 0.02413259 0.01480739 0.01489799 0.09582416 0.01373299 0.02489609 0.18855591 0.01852649 0.05269138 0.05248518 0.01200479 0.02626339 0.02049369 0.02741179 0.19234591 0.03976018 0.00532267 0.00903999 0.03238249
105 0.33910601 0.02489900 0.02742600 0.05808020 0.01139920 0.02382100 0.11805600 0.04508670 0.02404230 0.04930260 0.04707120 0.03915240 0.00833198 0.03932650 0.01414580 0.05666060 0.02488120 0.00824268 0.01755910 0.02340950
106 0.06395673 0.03292452 0.03110322 0.13328307 0.01171361 0.02578071 0.21281111 0.04825512 0.03183032 0.05879783 0.08594944 0.04572212 0.01087081 0.05089073 0.01701741 0.03396552 0.02720861 0.01140931 0.01697641 0.04953342
107 0.08245974 0.03087582 0.02963282 0.03599842 0.01446581 0.04038932 0.04646512 0.06396183 0.01976921 0.25035813 0.06788314 0.03122092 0.02019401 0.02667991 0.02974052 0.07022954 0.03677102 0.00566988 0.02530421 0.07193064
108 0.06950889 0.03273979 0.04685369 0.04849689 0.01033390 0.02588169 0.06210299 0.03860549 0.02320230 0.03995789 0.06966569 0.04691489 0.02879949 0.03413849 0.02093360 0.07861168 0.07317339 0.17405997 0.01796150 0.05805779
109 0.03368958 0.02029789 0.02667038 0.02691588 0.00847657 0.02506068 0.02454779 0.05429337 0.02055789 0.18242789 0.08343675 0.03963768 0.01894849 0.02305839 0.01900039 0.05178367 0.02511228 0.00444832 0.02241629 0.28921983
110 0.04979790 0.05133770 0.04048790 0.02045450 0.01464350 0.01418940 0.03267910 0.04098620 0.01823070 0.05840600 0.09180300 0.03183920 0.24651300 0.03051910 0.02360490 0.09900460 0.03488270 0.01062290 0.02186130 0.06813640
111 0.04607324 0.15507914 0.05183525 0.03263343 0.01141811 0.01946072 0.03910504 0.04428344 0.01058891 0.03586873 0.24371822 0.04691624 0.02684292 0.02435042 0.02709882 0.04007964 0.03574783 0.01051901 0.06249266 0.03588823
112 0.03222660 0.03148450 0.03024140 0.04037500 0.00505773 0.01917540 0.07722490 0.04817240 0.00711022 0.02193270 0.35840898 0.15105399 0.01151420 0.01965650 0.01609570 0.03725550 0.03868490 0.00634651 0.02372890 0.02425400
113 0.06719373 0.02359791 0.01534611 0.01961651 0.01295601 0.02298591 0.02876241 0.04154372 0.01277251 0.07042614 0.08493184 0.02527811 0.03730242 0.03067542 0.01915111 0.35593718 0.03022432 0.01052961 0.01891561 0.07185344
114 0.07933049 0.03755450 0.03127880 0.06068299 0.03205460 0.21742698 0.04004210 0.04433740 0.01123860 0.08944889 0.04908539 0.04573579 0.01138230 0.04072720 0.02864470 0.05419599 0.02809650 0.00863471 0.02042240 0.06967969
115 0.03875560 0.02914500 0.03485010 0.04157330 0.00867625 0.02511070 0.03406410 0.04930801 0.02586970 0.05619401 0.07332781 0.04662621 0.02311540 0.03494990 0.02063260 0.06185201 0.03205730 0.00846034 0.02430860 0.33112304
116 0.08287534 0.02871948 0.03814697 0.22955984 0.18087888 0.23114084 0.01837059 0.01023719 0.00348801 0.03004618 0.02925978 0.01161019 0.00370849 0.00877182 0.02099869 0.03667127 0.01292699 0.00328038 0.00403848 0.01527059
117 0.08165791 0.03649691 0.03100921 0.05986511 0.03205711 0.22389404 0.03766601 0.04411141 0.01123080 0.08769011 0.04944921 0.04421541 0.01159110 0.04254511 0.02915000 0.05188681 0.02811280 0.00789623 0.02012140 0.06935331
118 0.06809698 0.02370053 0.01218521 0.01393992 0.00923885 0.00798450 0.02492083 0.22389026 0.00898703 0.02921363 0.08936270 0.01642092 0.10317112 0.02071102 0.04438985 0.07632949 0.16138419 0.02977343 0.01062891 0.02567063
119 0.04723488 0.02757279 0.03704329 0.04009279 0.00964939 0.01671389 0.04888428 0.07440457 0.01039850 0.05078688 0.31851689 0.04202548 0.02324849 0.02931469 0.02135319 0.05835968 0.04106499 0.00890457 0.02802659 0.06640418
120 0.33385086 0.03641058 0.03045069 0.03127439 0.01370679 0.02921789 0.03390919 0.05514988 0.03478479 0.06669397 0.05703998 0.03525708 0.01538919 0.03520668 0.01647739 0.06188377 0.03571028 0.00898723 0.02684499 0.04175438
121 0.33178484 0.03730698 0.03001509 0.03118838 0.01353279 0.02948349 0.03419358 0.05756377 0.03322428 0.06473407 0.05731907 0.03729298 0.01609939 0.03571148 0.01625739 0.05918197 0.03750308 0.00871239 0.02827689 0.04061808
122 0.03407792 0.03813452 0.01274581 0.02395901 0.01261401 0.01730681 0.03450762 0.23888812 0.01009581 0.06170083 0.12779706 0.01919291 0.03008682 0.02434381 0.14162807 0.03555562 0.06096723 0.00407660 0.01755321 0.05476823
123 0.06177160 0.02430110 0.02670160 0.02781880 0.00814126 0.02766420 0.03862070 0.06282360 0.01392860 0.29068701 0.03294290 0.03079880 0.01206470 0.02086590 0.04601570 0.05442900 0.12810501 0.00508320 0.01817520 0.06906110
124 0.05773188 0.02934309 0.02643089 0.03135379 0.00796630 0.01912649 0.03798369 0.04664049 0.01817989 0.18963594 0.14410395 0.03049719 0.02202629 0.02513809 0.02938469 0.04491799 0.14193495 0.00540752 0.02358949 0.06860738
125 0.03673899 0.01931090 0.03630179 0.03200009 0.00822438 0.01773540 0.02398710 0.05268529 0.01570310 0.07817759 0.19208297 0.02368710 0.02301870 0.03377689 0.01502700 0.05207909 0.02481790 0.00883769 0.02373710 0.28207095
126 0.04992709 0.05087179 0.02733260 0.01966000 0.01007490 0.01375100 0.03289550 0.03306050 0.01869980 0.15830398 0.09185319 0.03268980 0.22741997 0.02982810 0.01990580 0.06860749 0.02552200 0.00473285 0.02318200 0.06168169
127 0.06799852 0.02199651 0.01494480 0.01983991 0.01280010 0.02245021 0.02838661 0.04006611 0.01186500 0.06875102 0.08761303 0.02520061 0.03618501 0.03022081 0.01721151 0.35605311 0.03076081 0.01056560 0.02130551 0.07578522
128 0.06670076 0.04369267 0.24674985 0.03249698 0.01147639 0.02475389 0.04252517 0.03275718 0.01142029 0.06274716 0.10674494 0.03276838 0.03563028 0.04565847 0.01919139 0.02933098 0.03010738 0.01380709 0.02692638 0.08451435
129 0.05654533 0.02474081 0.03435092 0.03068122 0.00802969 0.01613621 0.03682452 0.05129523 0.01150021 0.15523208 0.27352713 0.02558711 0.03011501 0.02971091 0.01249111 0.05201063 0.02738941 0.00412312 0.02343561 0.09627375
130 0.03413240 0.02731130 0.03331830 0.03602610 0.00604050 0.02724680 0.03738900 0.04099780 0.02000420 0.03927400 0.07876741 0.03788030 0.01837540 0.13979301 0.01938240 0.06641181 0.03160320 0.01053330 0.02853370 0.26697903
131 0.07448935 0.24451316 0.03422282 0.03804702 0.01874061 0.02697182 0.04265243 0.04195973 0.01294391 0.05132403 0.06322464 0.04110043 0.03507112 0.04545143 0.03776812 0.04459943 0.04797893 0.00797656 0.03541142 0.05555304
132 0.04347798 0.01639979 0.03797669 0.03261259 0.00995356 0.01449619 0.02867199 0.05970668 0.00915608 0.08006027 0.30046689 0.02050599 0.02374239 0.03439109 0.01566639 0.05287398 0.02982959 0.00793923 0.02420569 0.15786694
133 0.06194817 0.03925438 0.03279338 0.22772989 0.02705239 0.04188768 0.04424988 0.04577048 0.01469079 0.05356967 0.08531566 0.04735268 0.01449609 0.05589667 0.02326229 0.03682518 0.04170448 0.01112929 0.02111169 0.07395926
134 0.02562771 0.01888521 0.03193701 0.03168161 0.00500355 0.02067921 0.03667492 0.02584201 0.01262981 0.02334251 0.21761609 0.02269751 0.00952713 0.10957605 0.01348171 0.07629363 0.03817882 0.08326493 0.02652051 0.17054007
135 0.04730282 0.02753551 0.03580642 0.03848732 0.01025490 0.01602631 0.04783372 0.07335243 0.00972583 0.05281932 0.31970014 0.04111582 0.02382971 0.03039881 0.02144721 0.05808452 0.04118112 0.00774624 0.02890681 0.06844503
136 0.06986539 0.04406250 0.02573120 0.02188210 0.00749684 0.01938520 0.04480990 0.04387580 0.01327030 0.05437029 0.08216009 0.03680660 0.01634990 0.04077570 0.01527080 0.04555889 0.03654990 0.00576357 0.31467097 0.06134409
137 0.04680758 0.02778839 0.03626618 0.03900888 0.00957076 0.01664279 0.04839438 0.07328797 0.00989159 0.05239828 0.32148885 0.04232478 0.02374079 0.03001579 0.02221169 0.05739227 0.04097458 0.00765262 0.02863199 0.06550987
138 0.06892942 0.04410961 0.04005951 0.05995151 0.00818259 0.03239911 0.05826061 0.04744211 0.02077490 0.03623861 0.05030711 0.08302232 0.01587670 0.22686705 0.01813680 0.04818381 0.04879561 0.00725889 0.03246461 0.05273911
139 0.06506305 0.02704532 0.02110601 0.03151992 0.01046651 0.02248622 0.03380632 0.27941520 0.01383571 0.07273635 0.11560308 0.02986362 0.01961771 0.03789043 0.02372552 0.05100664 0.04356293 0.00520069 0.02572222 0.07032655
140 0.06121856 0.03706298 0.03825308 0.04414747 0.00865702 0.03177208 0.06834966 0.04668957 0.02422189 0.14507491 0.06796016 0.05174277 0.02271999 0.16812790 0.02014399 0.04153528 0.04065518 0.00417456 0.01978209 0.05771087
141 0.04103558 0.03946938 0.02723949 0.02597379 0.11513494 0.01874219 0.02836519 0.03456098 0.01814859 0.03392728 0.04879158 0.01989329 0.28469085 0.01614739 0.04655598 0.11316794 0.02224789 0.00669061 0.01271919 0.04649788
142 0.03904731 0.02925601 0.03350661 0.04305931 0.00844796 0.02503751 0.03349201 0.05050102 0.02626621 0.05529502 0.07319042 0.04787392 0.02182021 0.03236131 0.02025141 0.06132272 0.03175871 0.00864632 0.02457191 0.33429411
143 0.06829881 0.02704120 0.02109190 0.03264471 0.01046080 0.02225240 0.03623281 0.28230905 0.01304730 0.07195631 0.11320702 0.02799341 0.01813020 0.03785091 0.02308510 0.04760701 0.04210271 0.00556972 0.02592420 0.07319441
144 0.27363094 0.03069079 0.02367859 0.03186609 0.00842772 0.03622099 0.03766969 0.02414919 0.03358139 0.04215069 0.03707839 0.11769197 0.01072080 0.04784879 0.01657290 0.13249897 0.02653479 0.01130210 0.02911969 0.02856549
145 0.27402701 0.01545750 0.00998771 0.00894499 0.01942330 0.01009370 0.02294270 0.19242401 0.00873935 0.05149240 0.03865070 0.00938150 0.02747940 0.01533160 0.01105940 0.20054901 0.04542150 0.00323874 0.00992438 0.02543110
146 0.04899513 0.01284861 0.03511902 0.01730741 0.00737161 0.01343021 0.01549651 0.03814112 0.00552806 0.19032112 0.27780917 0.00908466 0.03826312 0.03579392 0.00725524 0.03269522 0.01622661 0.00239902 0.02116211 0.17475211
147 0.19560000 0.01233710 0.01097690 0.01178520 0.01255970 0.01500350 0.02814270 0.03530860 0.01159560 0.03945550 0.05072210 0.01504310 0.03483670 0.02316940 0.01677620 0.39720401 0.01992640 0.00443908 0.01602540 0.04909280
148 0.14885002 0.02202510 0.01492560 0.01356600 0.01170320 0.02860950 0.01850180 0.27533104 0.00858510 0.19268403 0.03071370 0.01342670 0.01185980 0.01414970 0.01248750 0.06726301 0.04420481 0.00271607 0.01230180 0.05609551
149 0.05505239 0.02505960 0.03494179 0.03014239 0.00847649 0.01639000 0.03611479 0.05348979 0.01089390 0.15429497 0.27322995 0.02461360 0.02933039 0.03052309 0.01350840 0.05127369 0.02781079 0.00410190 0.02360410 0.09714798
150 0.04925951 0.05224451 0.02680480 0.01911320 0.01019910 0.01355270 0.03330611 0.03361761 0.01685450 0.15511903 0.09069282 0.03364701 0.23226504 0.02880571 0.01963650 0.06849851 0.02586260 0.00517912 0.02285480 0.06248681
151 0.05151531 0.05303241 0.02561190 0.03351550 0.03941091 0.03424010 0.04823151 0.05119921 0.01016680 0.07244841 0.07626141 0.03542960 0.02699320 0.03265660 0.21552903 0.04730191 0.05648411 0.00739286 0.01940830 0.06317091
152 0.07345522 0.24393208 0.03509201 0.03683021 0.01761791 0.02812591 0.04432991 0.04238071 0.01220980 0.05294082 0.06468442 0.04127081 0.03489421 0.04654611 0.03662081 0.04437491 0.04721811 0.00912889 0.03332341 0.05502372
153 0.05106857 0.05141637 0.02558029 0.03409218 0.03841158 0.03355868 0.04945497 0.05085447 0.01049519 0.07219376 0.07472226 0.03619378 0.02551339 0.03354148 0.21536788 0.04919707 0.05726087 0.00812284 0.01902329 0.06393107
154 0.06920129 0.04221759 0.04118479 0.05881489 0.00826557 0.03316820 0.05841759 0.04795189 0.02025360 0.03692189 0.05002989 0.08196209 0.01548310 0.22756197 0.02061620 0.04840969 0.04910149 0.00684537 0.03300570 0.05058719
155 0.31701300 0.01356430 0.00894017 0.00769446 0.01738390 0.00924730 0.01946720 0.24845400 0.00712874 0.05240320 0.02960290 0.00743444 0.01488040 0.01244790 0.00823348 0.14095800 0.05784080 0.00233057 0.00808355 0.01689170
156 0.06682203 0.04452552 0.24217510 0.03294561 0.01130140 0.02544341 0.04352622 0.03198341 0.01148370 0.06281643 0.10611204 0.03446901 0.03575911 0.04724872 0.01829231 0.02989991 0.03176621 0.01272041 0.02766681 0.08304263
157 0.05606500 0.01691450 0.04865510 0.01613720 0.00920927 0.00675390 0.01574460 0.02496690 0.00524603 0.12654700 0.27465399 0.00987568 0.09522510 0.03593970 0.01628480 0.02983380 0.02424620 0.00296635 0.01949690 0.16523800
158 0.04231161 0.01590450 0.05663352 0.14527505 0.00358841 0.01457650 0.03547451 0.07289152 0.02026961 0.01661311 0.01480940 0.13809604 0.00778997 0.25017108 0.00684214 0.02306911 0.03354591 0.00263857 0.08158713 0.01791231
159 0.03463960 0.01861080 0.02282350 0.02066750 0.00911821 0.03108380 0.02409310 0.06099989 0.01301930 0.27057997 0.08601139 0.02505090 0.01749940 0.02045550 0.02405980 0.05046759 0.02686980 0.00321110 0.02153190 0.21920698
160 0.08167611 0.06018520 0.08718351 0.03721960 0.00752096 0.12851401 0.05149340 0.02627330 0.01284450 0.03201110 0.05049470 0.19902602 0.01176610 0.07429711 0.01720160 0.02588530 0.02730960 0.00763216 0.01942370 0.04204200
161 0.07098541 0.04412860 0.02679040 0.02135890 0.00679818 0.01919270 0.04404020 0.04261900 0.01374250 0.05470740 0.08072051 0.03575190 0.01664870 0.04228100 0.01473440 0.04264940 0.03551800 0.00545174 0.32026003 0.06162100
162 0.07320791 0.04214081 0.02644990 0.02181650 0.00710756 0.01966800 0.04288691 0.04290311 0.01350250 0.05298031 0.08151821 0.03735071 0.01679960 0.03963231 0.01527200 0.04463881 0.03472991 0.00524086 0.32039306 0.06176101
163 0.24032708 0.03656691 0.02415821 0.20061807 0.01780271 0.03328981 0.08005403 0.02426251 0.01577061 0.04693702 0.04902642 0.04809122 0.00849005 0.05987832 0.01350720 0.02979891 0.01991731 0.01022470 0.01817931 0.02309961
164 0.03722699 0.01519130 0.03907499 0.02941529 0.00949872 0.01292510 0.02489129 0.05412359 0.00834682 0.08663428 0.31187593 0.01734190 0.02607649 0.03792599 0.01402140 0.04992309 0.02224589 0.00853819 0.02205479 0.17266796
165 0.06006142 0.03722711 0.03244141 0.22403907 0.02793161 0.04406561 0.04496581 0.04503061 0.01498470 0.05139982 0.08781103 0.04886501 0.01421390 0.05916792 0.02480881 0.03645191 0.04125151 0.01089070 0.02165431 0.07273772
166 0.06691260 0.03081800 0.03068610 0.03108030 0.01025880 0.02774860 0.03761270 0.05158160 0.01618350 0.21731399 0.18178199 0.02417070 0.02743340 0.02753830 0.01606030 0.06025220 0.02740730 0.00413456 0.02503050 0.08599459
167 0.07268679 0.02045870 0.01280230 0.01187260 0.01314480 0.01137160 0.02099390 0.23645496 0.01565180 0.06836839 0.07543389 0.01334290 0.02795639 0.02224930 0.01399640 0.25800895 0.03969229 0.00729998 0.01328350 0.04493059
168 0.02821462 0.14817210 0.03058902 0.04291123 0.00764722 0.02592172 0.03160352 0.04827963 0.02198771 0.02887082 0.03712982 0.05216903 0.01856311 0.02870812 0.02685572 0.03859063 0.03039012 0.00707713 0.02139751 0.32492121
169 0.08076521 0.03780080 0.03316310 0.06051000 0.03177040 0.22232702 0.03859340 0.04268480 0.01071740 0.08977331 0.05018050 0.04553140 0.01103440 0.04170870 0.02936320 0.05098910 0.02734130 0.00808623 0.02143410 0.06622560
170 0.03098118 0.03197378 0.04888567 0.04401327 0.00704499 0.01305959 0.04039657 0.03621708 0.00967212 0.01957039 0.29371282 0.03586158 0.01368459 0.03579708 0.01687949 0.08065665 0.04544277 0.09910214 0.03819468 0.05885356
171 0.07580480 0.24351999 0.03483880 0.03823900 0.01774650 0.02812530 0.04166600 0.04180410 0.01276830 0.05354800 0.06564990 0.04118380 0.03289040 0.04640630 0.03925500 0.04323460 0.04693690 0.00798825 0.03385600 0.05453810
172 0.04933582 0.01340721 0.03447691 0.01854171 0.00752592 0.01351081 0.01706711 0.03733201 0.00634032 0.18387607 0.27953811 0.01013630 0.03727531 0.03583771 0.00777515 0.03813392 0.01668651 0.00229521 0.02086681 0.17004107
173 0.06325057 0.03908038 0.03442049 0.22773991 0.02739439 0.04253598 0.04564648 0.04431508 0.01481219 0.05185618 0.08385097 0.04791848 0.01419329 0.05642928 0.02360889 0.03695819 0.03987458 0.01156210 0.02058699 0.07396557
174 0.05204413 0.03519932 0.03309792 0.03686942 0.01172161 0.02443581 0.26715516 0.04338253 0.03097192 0.06037934 0.08267375 0.03824242 0.01872051 0.05282033 0.02947322 0.04443233 0.03979252 0.01283761 0.03261642 0.05313373
175 0.06224892 0.03766681 0.03278961 0.22616007 0.02591161 0.04265761 0.04521641 0.04513981 0.01585570 0.05366602 0.08568373 0.04800211 0.01412390 0.05882242 0.02365611 0.03624721 0.03946811 0.01121420 0.02001941 0.07545022
176 0.06182757 0.03846928 0.03178658 0.22554489 0.02732759 0.04387978 0.04566188 0.04431478 0.01508209 0.05214467 0.08349156 0.05019147 0.01425399 0.05850687 0.02309029 0.03724218 0.04033188 0.01091699 0.02140709 0.07452856
177 0.03819851 0.03031901 0.03487101 0.04090531 0.00853083 0.02452081 0.03249361 0.05322272 0.02525181 0.05599292 0.07424092 0.04601292 0.02285701 0.03403411 0.02007961 0.06180262 0.03161211 0.00864214 0.02527291 0.33113911
178 0.14568398 0.03112000 0.02868080 0.05643059 0.18281998 0.05221679 0.03038710 0.02743890 0.01504060 0.05228189 0.05793559 0.02286470 0.01719080 0.02000270 0.04798979 0.06284669 0.02012750 0.00487233 0.01233430 0.11173499
179 0.04702943 0.02509542 0.02526302 0.04137562 0.01190511 0.12738608 0.26968816 0.04020132 0.01251221 0.07663695 0.05675043 0.03652072 0.01133181 0.05243433 0.03023922 0.02843402 0.02650962 0.01181061 0.02084071 0.04803523
