1 0.04400952 0.03031012 0.02726502 0.03330712 0.01045741 0.01321251 0.03301822 0.05556693 0.01518591 0.11036806 0.17432110 0.03575442 0.03449982 0.03847722 0.01852771 0.06297094 0.04246412 0.00477424 0.02468451 0.19082511
2 0.06569092 0.06277652 0.04077141 0.02795301 0.01359160 0.03642091 0.05381871 0.06369022 0.01708660 0.07197712 0.09405822 0.04028931 0.03907271 0.04294251 0.11111203 0.06518082 0.04997661 0.00952965 0.02631961 0.06774152
3 0.05050918 0.02899239 0.05288238 0.11273896 0.00905073 0.04840928 0.04769178 0.18464194 0.02092689 0.04523179 0.09392357 0.05327568 0.01454660 0.06092758 0.01814979 0.03747189 0.02953769 0.00591370 0.02260919 0.06256898
4 0.04720618 0.04632399 0.03515109 0.04865318 0.00885932 0.01957589 0.05169378 0.05287108 0.02319079 0.05519318 0.07435578 0.06778318 0.02728939 0.04056299 0.02083059 0.07776938 0.03353039 0.00843580 0.02425509 0.23646892
5 0.23234880 0.04756386 0.02946807 0.03405177 0.00941806 0.04424626 0.04261206 0.03516147 0.03582237 0.07933153 0.05411165 0.10848691 0.02015938 0.03910327 0.02254438 0.04462006 0.03879487 0.01446859 0.02600368 0.04168296
6 0.07057381 0.03645680 0.04207390 0.12351501 0.02023520 0.05564121 0.06791641 0.03724660 0.02081440 0.13542501 0.06471201 0.04645310 0.01420330 0.03482810 0.01810650 0.03644580 0.08546711 0.01040430 0.03184440 0.04763700
7 0.07300329 0.04513600 0.01824650 0.02682520 0.01316740 0.02365740 0.04457330 0.04898020 0.01719710 0.06487419 0.08501709 0.03529150 0.03008900 0.02394180 0.02818470 0.25208997 0.03288460 0.01370380 0.03071330 0.09242369
8 0.06403322 0.04909301 0.02909751 0.02489031 0.01295810 0.02284361 0.03586291 0.05753472 0.01701521 0.15315305 0.11592403 0.03557101 0.07472702 0.03441431 0.03628611 0.06081762 0.04568561 0.00861130 0.02117631 0.10030503
9 0.05814898 0.04580338 0.03502809 0.05397368 0.01198270 0.02944839 0.13924395 0.03861629 0.02804599 0.06032408 0.08677967 0.10498896 0.01676979 0.05144128 0.02371029 0.04813708 0.03672119 0.00902857 0.04165678 0.08015087
10 0.06248833 0.05148253 0.03940922 0.03283262 0.01166371 0.02776241 0.06505713 0.03924112 0.02671851 0.05827513 0.09082555 0.05132563 0.01328571 0.09728435 0.02185691 0.04132962 0.06881213 0.00772510 0.13452607 0.05809823
11 0.05623312 0.05453652 0.04380322 0.03752642 0.01063250 0.02664871 0.06091032 0.03225181 0.03902212 0.04871782 0.07314533 0.10218904 0.01352071 0.10365804 0.02129441 0.03354071 0.04854872 0.01045740 0.12541705 0.05794602
12 0.07354308 0.05018518 0.05547178 0.04301529 0.01275800 0.04355559 0.06016368 0.07344408 0.03021579 0.05536688 0.06611698 0.05234208 0.01829669 0.12465896 0.02791329 0.04620339 0.05629288 0.00867372 0.03151749 0.07026518
13 0.05463989 0.04227479 0.07401069 0.13741698 0.01220890 0.04416489 0.06408149 0.05816679 0.01897600 0.05713489 0.07935849 0.10924298 0.01149240 0.04744609 0.01610830 0.03214619 0.02715990 0.00843607 0.02617510 0.07935919
14 0.05277591 0.03729871 0.03758911 0.14010203 0.01099150 0.03484211 0.09955252 0.04160211 0.02074210 0.06189781 0.08862072 0.11361302 0.00957357 0.03408771 0.01300700 0.04499821 0.02633171 0.00785271 0.02673841 0.09778302
15 0.08400979 0.12179199 0.03250850 0.03513370 0.01832550 0.02862920 0.05275189 0.05002259 0.01931940 0.06792829 0.08099949 0.04400070 0.03274590 0.04862230 0.04319990 0.07208059 0.04434770 0.01412590 0.03525230 0.07420439
16 0.05131010 0.02754810 0.08094280 0.05375870 0.01070610 0.03496950 0.04833960 0.17233299 0.01966160 0.05654350 0.11677000 0.03459710 0.03032760 0.05890270 0.03331800 0.03738100 0.03994930 0.00474194 0.02069560 0.06720380
17 0.05447282 0.03518961 0.03103801 0.03440531 0.01143660 0.02372111 0.03479741 0.05305992 0.01863031 0.13655205 0.10977704 0.03621741 0.03578571 0.04042741 0.02343841 0.06702392 0.04178842 0.00597144 0.02261001 0.18365707
18 0.07392168 0.07569738 0.03452009 0.04344219 0.01063790 0.06698318 0.04140029 0.13429896 0.01545680 0.05302579 0.13357996 0.03971109 0.02082959 0.04211669 0.03570069 0.06388578 0.03661849 0.00904637 0.02420899 0.04491809
19 0.06527362 0.04666492 0.04492951 0.04473211 0.01234080 0.06717922 0.13816905 0.04210621 0.03252971 0.06858502 0.07868763 0.04809002 0.01828331 0.06536942 0.03274161 0.04918962 0.04590342 0.00970067 0.03947671 0.05004742
20 0.03323649 0.03199609 0.04441638 0.01571139 0.00824054 0.01258109 0.06531767 0.09292066 0.01609059 0.06126407 0.23503989 0.01526309 0.07784626 0.02772629 0.08571526 0.05518848 0.04966818 0.00341771 0.01263889 0.05572097
21 0.07224243 0.04512772 0.01802161 0.02724671 0.01303881 0.02308441 0.04448802 0.04910702 0.01757671 0.06506193 0.08739543 0.03553401 0.02897301 0.02510721 0.02867471 0.24853210 0.03386191 0.01342121 0.03180251 0.09170254
22 0.06507299 0.03491210 0.03471090 0.04209879 0.01223440 0.02073160 0.05720889 0.06614689 0.01762640 0.06159769 0.22658897 0.03823389 0.02511280 0.03567090 0.02730820 0.05841369 0.05200539 0.00784494 0.04705429 0.06942629
23 0.09312927 0.09762897 0.04609699 0.05000028 0.01027510 0.08870407 0.04397359 0.03195189 0.01495460 0.06275048 0.04627069 0.12849396 0.02088949 0.05120548 0.03166459 0.05068668 0.03976449 0.01198770 0.03090569 0.04866599
24 0.07407615 0.03468852 0.03692263 0.04029993 0.01170781 0.02893912 0.04318463 0.17382912 0.02253552 0.06893945 0.11505308 0.03268062 0.03013942 0.05184014 0.02948972 0.05547144 0.04477393 0.00665459 0.02136002 0.07741415
25 0.10733797 0.04162119 0.03138009 0.04878359 0.01887319 0.04835749 0.05091908 0.04547629 0.03038969 0.17403595 0.07796608 0.04269289 0.01912809 0.03445429 0.02889319 0.05980878 0.03952919 0.00849190 0.03066859 0.06119248
26 0.21743396 0.04059859 0.02669689 0.02536119 0.02175980 0.02717539 0.03341309 0.08250708 0.02525749 0.06489709 0.05840139 0.03143679 0.01750770 0.02675679 0.02305900 0.15471397 0.04067539 0.01247720 0.02348370 0.04638749
27 0.06071122 0.04006671 0.02825321 0.01947601 0.01999961 0.01912321 0.07082152 0.05288962 0.07077602 0.03404041 0.04789191 0.03345911 0.15877005 0.02999071 0.02415131 0.08821063 0.09857123 0.02781261 0.01667961 0.05830532
28 0.06344051 0.04718511 0.04387431 0.03758731 0.01453080 0.02676881 0.13535603 0.04942711 0.03256001 0.06074621 0.10010902 0.04450691 0.02844011 0.05642871 0.03209651 0.06029581 0.05138371 0.01062170 0.03880491 0.06583641
29 0.04187421 0.03276660 0.02930040 0.01670320 0.00875244 0.01044040 0.01811610 0.06187731 0.01041360 0.15893502 0.13393002 0.01915440 0.07573951 0.03532920 0.02912140 0.05061061 0.04698161 0.00521744 0.01334750 0.20138902
30 0.07261275 0.04138017 0.02463938 0.03757837 0.01371619 0.02381508 0.10736992 0.03301138 0.06566445 0.11638992 0.06631345 0.04094767 0.03279918 0.03275838 0.02100999 0.11919492 0.03666877 0.01358849 0.02073539 0.07980614
31 0.07392232 0.03465221 0.03614641 0.03830311 0.01208470 0.02894051 0.04271831 0.17480005 0.02209381 0.06862972 0.11504903 0.03282601 0.03082911 0.05092461 0.02973161 0.05617511 0.04568561 0.00696704 0.02150721 0.07801352
32 0.04557882 0.03318822 0.03053252 0.03703492 0.00987430 0.01493011 0.03913642 0.05611543 0.01704501 0.09224475 0.17260909 0.04046722 0.03237892 0.04113162 0.01953081 0.06297913 0.04132252 0.00562587 0.02809222 0.18018210
33 0.06774176 0.02920928 0.02668679 0.03604458 0.01450179 0.02057539 0.03748688 0.05245647 0.01899809 0.17466490 0.17565090 0.02517119 0.03448158 0.03274918 0.02144079 0.05714967 0.04367868 0.00449895 0.02369119 0.10312194
34 0.08712035 0.16258090 0.02497959 0.02413129 0.01370969 0.02974238 0.03468198 0.05121757 0.01029759 0.07118336 0.05788987 0.02956288 0.04509277 0.03441288 0.13533492 0.06220626 0.03024388 0.01034329 0.02048729 0.06478126
35 0.05819003 0.05495443 0.05611083 0.03107702 0.01114281 0.03448382 0.08070924 0.04486282 0.03776932 0.05004422 0.05382223 0.05184043 0.01174751 0.13555107 0.02451241 0.03516432 0.06744583 0.00711901 0.09578375 0.05766893
36 0.13766101 0.03358350 0.03034980 0.03316900 0.01501160 0.02267550 0.06088011 0.05997241 0.08361021 0.09184901 0.07936091 0.04293330 0.02758480 0.04938660 0.02102130 0.05823351 0.04067530 0.01427450 0.02386440 0.07390321
37 0.07258359 0.04184189 0.02379900 0.02082070 0.01802090 0.02437930 0.04274959 0.04958589 0.01802350 0.06637939 0.09088148 0.02866349 0.03732679 0.03201779 0.02756159 0.19685696 0.08329178 0.01930890 0.02997059 0.07593688
38 0.07394164 0.04597732 0.02798251 0.03949372 0.01144221 0.02694491 0.04942362 0.03700162 0.01649241 0.06584033 0.13042107 0.05167813 0.01618171 0.04077882 0.02128541 0.06546823 0.05583993 0.01045201 0.15292608 0.06042833
39 0.07069576 0.08350286 0.02029239 0.02792279 0.02131379 0.02131779 0.06218827 0.03679328 0.05792287 0.10844095 0.06842167 0.03845788 0.03214728 0.03260178 0.02437099 0.13913093 0.03554518 0.01641279 0.02261099 0.07990976
40 0.05734068 0.05538318 0.05495378 0.03155179 0.01115060 0.03482079 0.08001797 0.04558818 0.03778958 0.05005688 0.05430768 0.05125798 0.01208049 0.13456194 0.02481549 0.03526239 0.06927547 0.00744332 0.09366506 0.05867678
41 0.08932459 0.05994629 0.04776460 0.06960359 0.01166520 0.10667599 0.04512870 0.04546870 0.01582550 0.07240229 0.05398479 0.10845199 0.01518920 0.05149389 0.02842470 0.04877040 0.03833670 0.01044780 0.03041890 0.05067619
42 0.21703795 0.03821419 0.02165909 0.02124619 0.02531989 0.02189079 0.02708279 0.15722196 0.01686640 0.04545429 0.05458979 0.01940300 0.01599750 0.02589029 0.02085499 0.17867096 0.03077569 0.00981334 0.01426370 0.03774719
43 0.06469444 0.04015903 0.01743391 0.03364972 0.00822976 0.01586521 0.03900813 0.03212012 0.00964741 0.04805933 0.23454715 0.04461973 0.01428111 0.03599992 0.01304291 0.03963013 0.05947044 0.01012281 0.18336012 0.05605864
44 0.05217180 0.03174400 0.02838630 0.03582510 0.01100980 0.01490990 0.04063920 0.05675570 0.01510080 0.09236640 0.21428199 0.03380720 0.03070080 0.03766370 0.02120620 0.06088940 0.04577760 0.00593513 0.03435300 0.13647600
45 0.05706951 0.04255200 0.04384220 0.04666580 0.01117520 0.03172440 0.12204001 0.05458450 0.02907170 0.04948920 0.14434901 0.04793280 0.01911030 0.09249751 0.02794490 0.03925810 0.04975900 0.00737071 0.02922980 0.05433330
46 0.06497999 0.03492919 0.03486009 0.04289659 0.01185450 0.02083840 0.05784559 0.06604849 0.01821550 0.06140499 0.22590697 0.03892779 0.02475740 0.03563729 0.02752140 0.05648759 0.05255689 0.00822135 0.04665119 0.06945879
47 0.08468802 0.04243041 0.04129271 0.07461521 0.01809970 0.13374203 0.04228641 0.05810141 0.01670750 0.09847732 0.05942831 0.04607431 0.01409190 0.04984351 0.03282961 0.05366661 0.04001841 0.00924690 0.02769701 0.05666271
48 0.11738292 0.04445777 0.03650097 0.03986167 0.01203539 0.02672138 0.04233357 0.04605027 0.02333198 0.06140876 0.07485475 0.04933147 0.02865528 0.03933877 0.02791058 0.07353395 0.04515177 0.01179079 0.02824208 0.17110588
49 0.08917770 0.08069690 0.02253280 0.02014700 0.01731750 0.02604950 0.03810200 0.10785100 0.01674420 0.05375610 0.07466640 0.02918690 0.02840550 0.03419700 0.03331120 0.15907200 0.07707090 0.01793790 0.02055210 0.05322540
50 0.06553159 0.03298559 0.03930309 0.16650997 0.01536040 0.04532139 0.10045898 0.04009149 0.02164090 0.07647799 0.09534308 0.06951779 0.01068050 0.03224569 0.01271380 0.03864959 0.03325489 0.00843006 0.02486570 0.07061749
51 0.05571890 0.03579360 0.03144300 0.03643270 0.01133370 0.02403420 0.03417250 0.05172000 0.01862190 0.13611599 0.10909900 0.03695500 0.03633640 0.03910710 0.02299740 0.06833320 0.04098380 0.00588084 0.02302880 0.18189199
52 0.28939288 0.01860999 0.01738989 0.01648109 0.01262559 0.02057369 0.03184949 0.04624198 0.10078396 0.14001794 0.06580977 0.03166619 0.01221510 0.03129039 0.01690699 0.04553888 0.02876779 0.01122490 0.01280279 0.04981068
53 0.10832003 0.04135841 0.03147211 0.04857051 0.01872881 0.04810021 0.04998651 0.04689031 0.02959451 0.17348605 0.07913112 0.04176351 0.01844121 0.03457641 0.02845811 0.06073352 0.03927651 0.00876552 0.03064091 0.06170572
54 0.15811294 0.04380968 0.12315896 0.02855229 0.01603079 0.03630569 0.04465778 0.05334228 0.02086539 0.05977808 0.07545587 0.04155199 0.02649349 0.04694918 0.02480999 0.05998858 0.04726698 0.00952155 0.02243669 0.06091178
55 0.23136293 0.04270049 0.03035029 0.03360899 0.01545460 0.03486009 0.04127529 0.06246148 0.03783009 0.08831277 0.07406988 0.04396699 0.01778889 0.03609899 0.02259039 0.05686068 0.04153019 0.01249260 0.02637739 0.05000698
56 0.06025308 0.02761899 0.02606799 0.03060599 0.01292280 0.01875689 0.02859359 0.05271008 0.01606270 0.17043695 0.16559295 0.02240729 0.03917779 0.03648899 0.01985499 0.05988938 0.04463979 0.00391590 0.02057489 0.14342896
57 0.07419434 0.04456792 0.01832621 0.02610451 0.01337471 0.02318281 0.04418402 0.04778372 0.01709741 0.06599423 0.08671354 0.03543732 0.02943991 0.02462981 0.02773031 0.25374913 0.03336732 0.01284121 0.03181752 0.08946404
58 0.06350192 0.04154381 0.02726371 0.02233301 0.01409940 0.01985010 0.04804621 0.03104631 0.01705780 0.05334151 0.12390603 0.03757001 0.01484830 0.07626772 0.02007780 0.03251261 0.15844004 0.00924406 0.13850203 0.05054761
59 0.05154776 0.04929126 0.02765213 0.02045932 0.01096821 0.01625462 0.03152744 0.05699757 0.01489612 0.15337918 0.11779714 0.03092664 0.10787813 0.03101324 0.04005705 0.05655587 0.04436135 0.00762105 0.01677782 0.11403813
60 0.07684059 0.04888110 0.03607390 0.06465829 0.01155450 0.03430830 0.05600599 0.04806250 0.02307370 0.06223339 0.08180299 0.12473099 0.02051040 0.04769230 0.02428280 0.05778269 0.03863190 0.01250640 0.04027570 0.09009159
61 0.05368309 0.03571969 0.04175479 0.02363740 0.01438820 0.02357010 0.03958289 0.04964659 0.01949530 0.08999079 0.09677029 0.03340890 0.03200610 0.10044099 0.02193220 0.03842209 0.10056499 0.00621854 0.03017910 0.14858798
62 0.09391070 0.06509430 0.04598030 0.06215650 0.00950219 0.08843740 0.04819140 0.04015090 0.01622530 0.06294170 0.05421930 0.14057400 0.01762620 0.05026440 0.02576690 0.04831870 0.03704720 0.01080760 0.03011500 0.05267000
63 0.10782401 0.04067010 0.03106410 0.05062711 0.01858290 0.04955160 0.05046301 0.04676780 0.02935090 0.17299802 0.07874781 0.04224000 0.01850620 0.03366720 0.02842650 0.06001151 0.03952150 0.00874240 0.03055520 0.06168211
64 0.06090826 0.03456748 0.11590693 0.02512668 0.01616779 0.02808308 0.04367427 0.04326587 0.01724159 0.14844990 0.09971454 0.03003448 0.03285588 0.05573936 0.02616798 0.03364018 0.05079707 0.00666124 0.02856048 0.10243693
65 0.04592991 0.02044790 0.06944031 0.02581750 0.01159480 0.01840580 0.05520641 0.11393102 0.01636620 0.07416891 0.19388503 0.01902340 0.04213651 0.03527481 0.04277741 0.04084611 0.07987191 0.00361732 0.01534390 0.07591481
66 0.06327976 0.03658458 0.04366267 0.11944393 0.01456559 0.03259828 0.12246093 0.04699367 0.02559718 0.06769276 0.09752994 0.06093656 0.01557639 0.03857698 0.01838139 0.04927567 0.03951398 0.00916850 0.02580458 0.07235666
67 0.06020168 0.03010249 0.04125239 0.13114097 0.01428560 0.03236669 0.10353597 0.04794329 0.02262949 0.06485358 0.16625896 0.05839449 0.01396450 0.03079039 0.01671120 0.03843539 0.03579729 0.00664405 0.02662889 0.05806269
68 0.29618526 0.03382243 0.02113772 0.01662761 0.03166353 0.01935712 0.02171402 0.18553716 0.01931042 0.03735933 0.03641253 0.01420631 0.01044891 0.02544822 0.01295861 0.14728313 0.03109093 0.00772324 0.01045631 0.02125722
69 0.07221300 0.04266560 0.03703900 0.03134740 0.01763290 0.02837620 0.05454090 0.05324760 0.01979370 0.06824240 0.11045800 0.03767940 0.02662110 0.05822850 0.03171780 0.04476570 0.14201200 0.01274800 0.04476130 0.06590950
70 0.04609296 0.03873897 0.02872827 0.01850778 0.00977349 0.01226329 0.02163528 0.05952435 0.01144479 0.15490886 0.13030288 0.02118818 0.08258423 0.03467627 0.03450887 0.05366575 0.04676476 0.00617659 0.01424559 0.17426884
71 0.07875355 0.09615284 0.03695128 0.03601808 0.00851570 0.08679615 0.04188867 0.03365578 0.01226829 0.05769196 0.03825788 0.11556693 0.01712679 0.04010348 0.05127667 0.12684292 0.03264318 0.01468689 0.02722378 0.04757917
72 0.05866194 0.07992871 0.02900837 0.11981387 0.01245559 0.03087637 0.05257664 0.04061516 0.01786458 0.05744604 0.06759523 0.07911011 0.01789968 0.03229536 0.02237388 0.11349788 0.02531337 0.01474988 0.02683147 0.10108589
73 0.06374284 0.04744933 0.04212933 0.03639343 0.01373111 0.02710892 0.13497609 0.04910043 0.03254542 0.06097284 0.10116807 0.04440473 0.02827932 0.05744684 0.03181042 0.06071354 0.05196294 0.01112731 0.04033693 0.06460015
74 0.06068982 0.04831402 0.01697491 0.02792781 0.01166150 0.02216961 0.09218604 0.04232242 0.02169991 0.05765222 0.06943293 0.03812472 0.03185351 0.02101191 0.03291481 0.24905010 0.03223421 0.01705321 0.02749151 0.07923483
75 0.05785214 0.04396513 0.04092913 0.04253843 0.01176911 0.02944212 0.05319784 0.07624295 0.02147542 0.06654025 0.15687511 0.04368643 0.02452492 0.10318107 0.02617842 0.04411123 0.04989434 0.00730720 0.02293772 0.07735105
76 0.23291207 0.04174971 0.03020871 0.03290351 0.01557720 0.03399431 0.04087481 0.06320762 0.03836191 0.08830143 0.07454442 0.04365171 0.01804181 0.03569221 0.02340371 0.05525692 0.04211571 0.01266180 0.02745061 0.04908981
77 0.05300706 0.03117528 0.02754458 0.03474298 0.01098809 0.01500079 0.03961067 0.05583926 0.01509039 0.09351573 0.21410985 0.03266618 0.03067768 0.03746097 0.02086919 0.06191756 0.04753477 0.00573170 0.03680637 0.13571091
78 0.07064252 0.03262221 0.04822751 0.13439004 0.01507990 0.12512604 0.05691342 0.05504112 0.01533800 0.08085642 0.05510942 0.04578031 0.00886940 0.05123812 0.01930351 0.03265181 0.07390712 0.01011860 0.02409031 0.04469421
79 0.22408398 0.03576580 0.02765890 0.02070720 0.02604340 0.02157770 0.03273670 0.07552769 0.02090360 0.05045469 0.05453809 0.02394880 0.01934650 0.02637630 0.01384170 0.15485198 0.08514649 0.01728190 0.02480850 0.04440010
80 0.27376786 0.03161308 0.02415669 0.01834309 0.06074377 0.01860019 0.02112659 0.11953894 0.02007259 0.05260207 0.03975568 0.01470539 0.01433439 0.01753519 0.00980375 0.16986691 0.04093798 0.00836106 0.01286589 0.03126888
81 0.05180899 0.03728419 0.03946929 0.14094697 0.01041150 0.03278599 0.06793419 0.05016289 0.01860660 0.05686329 0.08195628 0.13129197 0.01064210 0.03940289 0.01430610 0.04642799 0.02531579 0.01023370 0.03287229 0.10127698
82 0.05973569 0.02841839 0.03050449 0.02461099 0.01682800 0.02174559 0.02899409 0.05403039 0.01489540 0.16214196 0.11979097 0.02315179 0.03797779 0.04284729 0.02078369 0.04699729 0.08462468 0.00617415 0.02658539 0.14916196
83 0.05665948 0.05514148 0.05230408 0.02807969 0.01092670 0.03303119 0.08005447 0.04296748 0.03593009 0.05054328 0.05585318 0.04963988 0.01119140 0.13738695 0.02466809 0.03387419 0.07267047 0.00659176 0.10640196 0.05608418
84 0.10540403 0.03346971 0.04075031 0.05742372 0.01513050 0.08935673 0.05691382 0.07174432 0.05922712 0.08235372 0.06613292 0.04245341 0.01633220 0.06385212 0.02304311 0.04473881 0.04036351 0.01114760 0.02645051 0.05371182
85 0.06295098 0.03660549 0.04369778 0.11894696 0.01485599 0.03307819 0.12315896 0.04736318 0.02546929 0.06888228 0.09805356 0.06127498 0.01552889 0.03809129 0.01857959 0.04738528 0.03981819 0.00905406 0.02545179 0.07175327
86 0.05255591 0.03179610 0.02929050 0.03510350 0.01070350 0.01445680 0.04045000 0.05583111 0.01513840 0.09354191 0.21284203 0.03320350 0.03129440 0.03732330 0.02112950 0.06218251 0.04661661 0.00554588 0.03543950 0.13555502
87 0.04725960 0.03413240 0.03021190 0.03453970 0.00986561 0.01967010 0.03292690 0.05356010 0.01796010 0.13219401 0.10358401 0.03787790 0.03715360 0.03749250 0.02223560 0.06707270 0.03845970 0.00549543 0.01936710 0.21894101
88 0.07895932 0.10754802 0.02086420 0.02615711 0.01791580 0.02486030 0.04644461 0.05230411 0.01730820 0.05855631 0.07163691 0.03358621 0.03223111 0.03160311 0.04261721 0.18210104 0.03795151 0.01743330 0.02641671 0.07350491
89 0.07593729 0.04216920 0.07252189 0.03546420 0.01557460 0.02977170 0.04676310 0.05572829 0.01893900 0.06402959 0.08698569 0.04118320 0.03272260 0.03892620 0.02771550 0.15737698 0.04256820 0.01121360 0.02432230 0.08008689
90 0.07014012 0.03102831 0.04149581 0.15316804 0.01351160 0.09947043 0.09917043 0.04202761 0.01930571 0.09337613 0.07431622 0.05838382 0.00831780 0.03712791 0.01407630 0.03076301 0.03197881 0.00678222 0.02256691 0.05299281
91 0.05503006 0.03567987 0.03183918 0.03521137 0.01167249 0.02287278 0.03482287 0.05206566 0.01867929 0.13710190 0.11040292 0.03627307 0.03696167 0.03935487 0.02339658 0.06612495 0.04198907 0.00616474 0.02121478 0.18314186
92 0.08119054 0.02983201 0.02724751 0.04173502 0.01552111 0.02601991 0.04166452 0.04779712 0.02336591 0.17981408 0.14799607 0.02982981 0.02931621 0.03160261 0.02144641 0.05792453 0.04225232 0.00526554 0.02522261 0.09495614
93 0.07520888 0.04915219 0.03579039 0.06365218 0.01176260 0.03395909 0.05831298 0.04566649 0.02317089 0.06138728 0.07971328 0.12685096 0.01967199 0.04816069 0.02441069 0.05895328 0.03732199 0.01232520 0.04047729 0.09405167
94 0.05849979 0.02493260 0.02582140 0.02818590 0.01257560 0.01933340 0.02527230 0.05273249 0.01501310 0.18731897 0.16287398 0.01940640 0.04056779 0.03555099 0.01907740 0.05318429 0.04537859 0.00340545 0.01970560 0.15116398
95 0.07407159 0.05229749 0.13729099 0.04573700 0.01287640 0.09197649 0.05249059 0.04981460 0.01926530 0.05951809 0.05480199 0.06037389 0.01616410 0.07243589 0.02961830 0.03508450 0.04514780 0.00786560 0.02548440 0.05768499
96 0.07792202 0.04879571 0.03650721 0.06460312 0.01185340 0.03400721 0.05808572 0.04746381 0.02335511 0.06073202 0.08042532 0.12614304 0.02022051 0.04842661 0.02419551 0.05684202 0.03895021 0.01189150 0.03907501 0.09050493
97 0.05837739 0.02391800 0.02503940 0.02692580 0.01295920 0.01852550 0.02485870 0.05354430 0.01476930 0.18837498 0.16486299 0.01861120 0.04132180 0.03519540 0.01869300 0.05396450 0.04592980 0.00314489 0.01882490 0.15215899
98 0.04493081 0.03440011 0.03838271 0.02066661 0.00962429 0.01285400 0.05038331 0.07971102 0.01617680 0.07880402 0.22721307 0.02184721 0.07376262 0.03487211 0.04139221 0.05911002 0.04870921 0.00511142 0.02310361 0.07894482
99 0.08105412 0.03944111 0.13855503 0.02687621 0.01570060 0.03171191 0.04504011 0.05034591 0.01839670 0.06088681 0.08367182 0.03801131 0.03309401 0.04990171 0.03064431 0.09410672 0.05171191 0.00971079 0.02213340 0.07900552
100 0.05346580 0.03830250 0.03342450 0.05329950 0.01168340 0.02818280 0.13634701 0.04185320 0.02366250 0.05336160 0.17250602 0.09122491 0.01757710 0.03849330 0.02500290 0.03865150 0.03865740 0.00709681 0.04096710 0.05624011
101 0.06274990 0.04909380 0.04292820 0.03748330 0.01412380 0.02731970 0.13445000 0.04986410 0.03201810 0.06131780 0.10161000 0.04506220 0.02774590 0.05547010 0.03176310 0.06107070 0.05055140 0.01083400 0.03890700 0.06563690
102 0.04889889 0.04582279 0.02892919 0.06776649 0.00761507 0.01945300 0.05543059 0.04264289 0.02197830 0.04480429 0.06171079 0.13091298 0.01834500 0.03939549 0.01765340 0.05927419 0.02846989 0.00881721 0.02480160 0.22727796
103 0.06522642 0.03441451 0.03480561 0.04134481 0.01237460 0.02018701 0.05795542 0.06800272 0.01822671 0.06024502 0.22709708 0.03782741 0.02552291 0.03596801 0.02757131 0.05734632 0.05263722 0.00750424 0.04713062 0.06861202
104 0.23277416 0.03678712 0.02229081 0.02150041 0.02588192 0.02261602 0.02629342 0.16961211 0.01756691 0.04313183 0.05121533 0.01882531 0.01517661 0.02721162 0.02008611 0.15952211 0.03377082 0.00919044 0.01330091 0.03324602
105 0.19689094 0.03965769 0.03420549 0.04075229 0.01197750 0.03131109 0.12702096 0.04539659 0.03193449 0.06744348 0.07293238 0.04351229 0.01550130 0.04241999 0.02006049 0.04587369 0.05109888 0.01168480 0.03065759 0.03966809
106 0.06320829 0.03711639 0.04364599 0.11837898 0.01524770 0.03217799 0.12390198 0.04762639 0.02560140 0.06730329 0.09886228 0.06004399 0.01505100 0.03834989 0.01872170 0.04938049 0.03957469 0.00933957 0.02474410 0.07172389
107 0.10711605 0.04129852 0.03162281 0.05020232 0.01952371 0.04901502 0.05062062 0.04680062 0.02898001 0.17159708 0.07918284 0.04097592 0.01900221 0.03421592 0.02773421 0.05964273 0.04007132 0.00861953 0.03100411 0.06277443
108 0.10162600 0.05948810 0.03011230 0.04212070 0.01428520 0.03177800 0.05394750 0.04322140 0.02943010 0.05271190 0.05899660 0.05431750 0.03458500 0.03284840 0.02833120 0.09766980 0.06240620 0.08401700 0.02545890 0.06264820
109 0.04440027 0.02527808 0.02616138 0.02337278 0.01080229 0.01300029 0.02213468 0.05720946 0.01216099 0.16783788 0.16975888 0.01957039 0.04509777 0.03910397 0.01863599 0.05619576 0.04692137 0.00320790 0.01813599 0.18101387
110 0.06708851 0.05585261 0.03558251 0.02512981 0.01665440 0.02042120 0.05202961 0.05376221 0.02698491 0.05900791 0.07269311 0.04072891 0.14175403 0.02953541 0.03936261 0.08738252 0.05295891 0.01736140 0.01901410 0.08669532
111 0.07457392 0.03132491 0.07690772 0.02970371 0.01568380 0.02296061 0.04842461 0.06015231 0.01863110 0.06168821 0.16939004 0.02768201 0.03541351 0.03232991 0.02999021 0.11677903 0.05568611 0.00723027 0.02013120 0.06531682
112 0.05736717 0.09900875 0.03240968 0.03355858 0.01352689 0.02461629 0.05259357 0.05471097 0.01952999 0.05094157 0.17240491 0.04620718 0.02340469 0.09015395 0.02506009 0.04580638 0.04464508 0.01128379 0.04195058 0.06081987
113 0.08988853 0.04142851 0.01926241 0.02574841 0.01373250 0.02334731 0.03859671 0.11375403 0.01550170 0.05895622 0.09016433 0.02871451 0.02706861 0.02749531 0.03166631 0.21684007 0.03093251 0.01175230 0.02140991 0.07373982
114 0.08397015 0.04221922 0.04126022 0.07520674 0.01817561 0.13368508 0.04321222 0.05642073 0.01673851 0.09867696 0.05852853 0.04523083 0.01416531 0.05006893 0.03313142 0.05388033 0.04121642 0.00981284 0.02729202 0.05710793
115 0.04521111 0.04582681 0.03464281 0.04816642 0.00899832 0.01889941 0.05280062 0.05247612 0.02311831 0.05496612 0.07473232 0.06878542 0.02705621 0.04052381 0.02056701 0.07855613 0.03337821 0.00792906 0.02400671 0.23935908
116 0.10518798 0.04333959 0.08295088 0.03232249 0.07184359 0.02559969 0.04440839 0.05861969 0.02177790 0.05849929 0.06872329 0.03151429 0.03143449 0.03178649 0.02366690 0.13604397 0.05185819 0.01033980 0.01920780 0.05087529
117 0.08435296 0.04131778 0.04014078 0.07456197 0.01856369 0.13380794 0.04297388 0.05657717 0.01649429 0.10051695 0.06039727 0.04596378 0.01421239 0.04756528 0.03311729 0.05407208 0.04018278 0.00963695 0.02731719 0.05822757
118 0.06990622 0.02720681 0.03063971 0.01681511 0.01724691 0.01786351 0.05553302 0.12002004 0.06707232 0.04332871 0.07188132 0.02467131 0.11228003 0.03246111 0.02454981 0.08404753 0.09408233 0.01936181 0.01178130 0.05925112
119 0.06642467 0.03539618 0.03413998 0.04166388 0.01191639 0.02053739 0.05690347 0.06733827 0.01814239 0.06123847 0.22478790 0.03736078 0.02552779 0.03590118 0.02756929 0.05934807 0.05250328 0.00789005 0.04751858 0.06789197
120 0.23342900 0.04190830 0.03021370 0.03290080 0.01554190 0.03426190 0.04133740 0.06240670 0.03917690 0.08892150 0.07312910 0.04321560 0.01744310 0.03666160 0.02299410 0.05639780 0.04143050 0.01203120 0.02772490 0.04887400
121 0.23469495 0.04314209 0.03024159 0.03222069 0.01510840 0.03416679 0.04025799 0.06256269 0.03822659 0.08880038 0.07266569 0.04365899 0.01757490 0.03575449 0.02358800 0.05746019 0.04070939 0.01208440 0.02716259 0.04991919
122 0.10092699 0.03912100 0.02514520 0.02852740 0.01511370 0.02547600 0.03647120 0.15316099 0.01937240 0.06221820 0.09644089 0.02703570 0.02950410 0.03742930 0.03067930 0.13923399 0.03738480 0.00893196 0.01725500 0.07057190
123 0.05778691 0.02922680 0.02840040 0.01977620 0.01530030 0.02029170 0.03299960 0.11703501 0.02051140 0.13176901 0.10392001 0.02252070 0.03175120 0.04500900 0.02434380 0.04664690 0.12933601 0.00708671 0.02424620 0.09204211
124 0.04874250 0.03880030 0.02886330 0.01786430 0.00984469 0.01328150 0.02150450 0.05946260 0.01193090 0.16037001 0.13602501 0.02203990 0.07621161 0.03557770 0.03288610 0.05384630 0.04768600 0.00632064 0.01501810 0.16372401
125 0.04087990 0.03278570 0.02998150 0.03485160 0.00959395 0.01331690 0.03572780 0.05572370 0.01642060 0.09935321 0.15770201 0.04078580 0.03316770 0.03958500 0.01818960 0.06147550 0.03930370 0.00481877 0.02334000 0.21299702
126 0.13483393 0.05119237 0.03361448 0.02451179 0.01653449 0.02242439 0.04521388 0.04069798 0.02356019 0.04515448 0.05268657 0.04809638 0.11405594 0.03054658 0.02393689 0.06987887 0.10802595 0.02233429 0.02193239 0.07076816
127 0.08528064 0.08423144 0.01762671 0.02493331 0.01332831 0.02592011 0.04115882 0.10765005 0.01435871 0.05554383 0.07675134 0.03305922 0.02661001 0.02797211 0.04366012 0.18852909 0.02941011 0.01470351 0.01962991 0.06964263
128 0.07096658 0.09987947 0.13330296 0.03043709 0.01575730 0.04382399 0.05177748 0.03793469 0.01951039 0.05607068 0.06495648 0.06340478 0.02583229 0.06723558 0.03288039 0.03466559 0.03976019 0.01072420 0.03109999 0.06997988
129 0.06974910 0.03292490 0.02880010 0.03901790 0.01407280 0.02066810 0.04332940 0.05336340 0.01930680 0.13729199 0.18241399 0.03105220 0.03147940 0.03367690 0.02351280 0.06419370 0.04668160 0.00585034 0.03009210 0.09252250
130 0.11649205 0.04582962 0.03642921 0.04010752 0.01222380 0.02605761 0.04294882 0.04540582 0.02301241 0.06041422 0.07549303 0.04926282 0.02934911 0.03930942 0.02747381 0.07565003 0.04453802 0.01121850 0.02786211 0.17092207
131 0.08366510 0.12163800 0.03277300 0.03343360 0.01859150 0.02841610 0.05145510 0.05286040 0.01885940 0.06755660 0.08333460 0.04305740 0.03344760 0.04720690 0.04364420 0.07232640 0.04415950 0.01363970 0.03451880 0.07541610
132 0.05259451 0.03124290 0.02927690 0.03577151 0.01083760 0.01524500 0.04093581 0.05572891 0.01540480 0.09330231 0.21320003 0.03302001 0.03086030 0.03798391 0.02095770 0.06126631 0.04618461 0.00540204 0.03456681 0.13621802
133 0.06780319 0.04193239 0.03619169 0.13815097 0.01566420 0.05443919 0.05599649 0.05290429 0.01914850 0.08097048 0.08938288 0.06669689 0.01672720 0.03924229 0.01838780 0.04582379 0.03528609 0.01116260 0.03540349 0.07868558
134 0.09898904 0.03166808 0.01889699 0.02462148 0.01302449 0.01507419 0.03057528 0.02630078 0.01273079 0.07130185 0.20885287 0.03035368 0.01723039 0.03927057 0.01348309 0.04471997 0.06727566 0.00824193 0.12072092 0.10666793
135 0.13676807 0.03320302 0.03072651 0.03708842 0.01439301 0.02216721 0.04922062 0.05362723 0.02123461 0.05907563 0.20875010 0.03509422 0.01832291 0.02984571 0.01978181 0.05464563 0.05410763 0.00870122 0.05009462 0.06315183
136 0.06324316 0.04015734 0.02533342 0.03534813 0.01116271 0.02116842 0.04266314 0.03502113 0.01560541 0.07322537 0.12971312 0.04557654 0.01943412 0.04192694 0.01860732 0.06584046 0.05364415 0.00800487 0.12668112 0.12764312
137 0.06725529 0.03473140 0.03446710 0.04234669 0.01250680 0.02077810 0.05844609 0.06520889 0.01812350 0.06145689 0.22683397 0.03746599 0.02573790 0.03468000 0.02762180 0.05685049 0.05316429 0.00732974 0.04613759 0.06885749
138 0.07533147 0.05036888 0.05524408 0.04257768 0.01231859 0.04382448 0.06133787 0.07295147 0.02966739 0.05562278 0.06787807 0.05151388 0.01845849 0.12438195 0.02716779 0.04437888 0.05626108 0.00876701 0.03212729 0.06982087
139 0.07534580 0.03510450 0.03671690 0.03976230 0.01173080 0.02906210 0.04160940 0.17194599 0.02148900 0.06811190 0.11422099 0.03352970 0.03071350 0.05131220 0.02995840 0.05686820 0.04504870 0.00684635 0.02135040 0.07927290
140 0.05095257 0.03820188 0.03565758 0.04034508 0.01132939 0.02052279 0.05132957 0.07495486 0.01803679 0.06702136 0.21897488 0.03797888 0.02807759 0.08120696 0.02528819 0.04488948 0.04720657 0.00616553 0.02456689 0.07729316
141 0.13765394 0.05085998 0.03167489 0.02136889 0.02334129 0.02021169 0.03943668 0.05226518 0.02286399 0.03970128 0.04580458 0.03284289 0.11411995 0.01943979 0.02750029 0.16309093 0.05687148 0.01807409 0.01691529 0.06596287
142 0.04593279 0.04668899 0.03421699 0.04872309 0.00890954 0.01939210 0.05315149 0.05194339 0.02311960 0.05548959 0.07388669 0.06873529 0.02747590 0.03966029 0.02078830 0.07774159 0.03267199 0.00815274 0.02368370 0.23963596
143 0.07388717 0.03390758 0.03688188 0.04202018 0.01184299 0.02920629 0.04263928 0.17418792 0.02225999 0.06892687 0.11394395 0.03380828 0.02977799 0.05085518 0.02885969 0.05554477 0.04390358 0.00648037 0.02238099 0.07868506
144 0.10240208 0.04667514 0.03221322 0.11099509 0.00948904 0.03870313 0.05731864 0.04171643 0.01666401 0.05634154 0.06086065 0.11201009 0.01467101 0.03190142 0.02088852 0.10986708 0.02831372 0.01658941 0.02606282 0.06631695
145 0.21630604 0.03842071 0.02139320 0.02169870 0.02474230 0.02221920 0.02737560 0.15875203 0.01672980 0.04399941 0.05400521 0.01916480 0.01586420 0.02594060 0.02042840 0.17838003 0.03188301 0.00960042 0.01554210 0.03755421
146 0.04773880 0.02429940 0.02489190 0.02369000 0.01118820 0.01227040 0.02335700 0.05626300 0.01193110 0.16723801 0.19627401 0.01741790 0.04526500 0.03791110 0.01896670 0.05707390 0.04694830 0.00291895 0.01902230 0.15533401
147 0.13583497 0.03813309 0.01601680 0.01852950 0.01741460 0.01999530 0.03060789 0.05419819 0.01347220 0.05562799 0.06335899 0.02385430 0.01812470 0.01612370 0.02151430 0.31362294 0.03207069 0.01119080 0.03274309 0.06756599
148 0.08909007 0.03787503 0.03736653 0.04298553 0.01417011 0.03118973 0.09669318 0.10793309 0.02760682 0.12074110 0.07389106 0.03969583 0.01973762 0.03752303 0.02765342 0.06396835 0.04906214 0.00816130 0.02413172 0.05052434
149 0.08146686 0.03124539 0.02699779 0.04145888 0.01543669 0.02646959 0.04113388 0.04791618 0.02306039 0.17924192 0.14970693 0.02931419 0.02934169 0.03169239 0.02257629 0.05796737 0.04152538 0.00536714 0.02469279 0.09338826
150 0.04242767 0.03455758 0.02862908 0.01704139 0.00989431 0.01105619 0.02906318 0.06759425 0.01168319 0.14837790 0.18422588 0.01776679 0.07735235 0.03673288 0.03314768 0.06137376 0.04646157 0.00412905 0.01588839 0.12259692
151 0.06511507 0.05423117 0.03987028 0.02517489 0.00984346 0.03147938 0.04562148 0.13441593 0.01402259 0.06117737 0.10601395 0.02841839 0.03866738 0.03905808 0.11604694 0.06795407 0.04243938 0.00714253 0.01780579 0.05550187
152 0.08423542 0.12111202 0.03256031 0.03304621 0.01898030 0.02856121 0.05141311 0.05253251 0.01917960 0.06787701 0.08296622 0.04215911 0.03298471 0.04866581 0.04306091 0.07295261 0.04420801 0.01401620 0.03613441 0.07335431
153 0.06752171 0.06219921 0.04011401 0.02679760 0.01329210 0.03687871 0.05434871 0.06145971 0.01747860 0.07081601 0.09745112 0.03930951 0.03841801 0.04286611 0.11120702 0.06641501 0.05016691 0.00999644 0.02595530 0.06730821
154 0.06830399 0.04444960 0.04793000 0.04001850 0.01314360 0.03947740 0.05733199 0.05822259 0.02720940 0.12417299 0.08458259 0.04214900 0.02218850 0.10151699 0.02630000 0.04258380 0.04955570 0.00631439 0.02605320 0.07849579
155 0.16184788 0.03473227 0.02463748 0.02325238 0.01819739 0.01963609 0.03041458 0.13244390 0.01551199 0.05691026 0.12980090 0.01768439 0.02308368 0.02646618 0.02066398 0.15233689 0.03564577 0.00730084 0.01728269 0.05215046
156 0.06927223 0.04264772 0.12589106 0.03688752 0.01439681 0.03393912 0.05740103 0.05556353 0.02164801 0.06907623 0.09285854 0.04427592 0.03061881 0.06188913 0.03256602 0.04069912 0.04843522 0.00868072 0.02994121 0.08331204
157 0.03765359 0.02828350 0.03021550 0.01447370 0.00837801 0.00768026 0.02440020 0.06857799 0.00978779 0.13335698 0.21527097 0.01309170 0.06931949 0.03859109 0.02834270 0.05582799 0.04715979 0.00299090 0.01682090 0.14977698
158 0.05555749 0.04321189 0.05628009 0.10370498 0.01154840 0.04246519 0.05644549 0.06194269 0.02711009 0.05619819 0.05898539 0.06606849 0.01063790 0.09564878 0.02205070 0.03912989 0.04485809 0.00912232 0.08190588 0.05712809
159 0.05756883 0.02911542 0.02890542 0.03179672 0.01261551 0.02797151 0.02722881 0.05154173 0.01680401 0.17661409 0.11903806 0.02572441 0.03771742 0.03667042 0.02219971 0.05670193 0.04253112 0.00470658 0.02001021 0.17453809
160 0.08432259 0.07148819 0.10623299 0.05773649 0.00929305 0.09114919 0.04082210 0.04230460 0.01548760 0.04705510 0.04512050 0.13690099 0.01473890 0.06467429 0.01974280 0.03577250 0.03635780 0.00804935 0.02356560 0.04918540
161 0.07354801 0.05173921 0.02005670 0.03517341 0.01194470 0.02541111 0.04509381 0.03600241 0.02024890 0.05005961 0.06743901 0.04855441 0.02777781 0.02204240 0.02917651 0.19547304 0.04470221 0.05063411 0.09027652 0.05464611
162 0.07281227 0.04610428 0.02727339 0.03987338 0.01162510 0.02721609 0.04900458 0.03724899 0.01597009 0.06669977 0.13259395 0.05324788 0.01621539 0.04001358 0.02228409 0.06627277 0.05499938 0.01011440 0.15017394 0.06025668
163 0.23815800 0.03675460 0.02539300 0.02773850 0.02013120 0.02565150 0.02865210 0.21038700 0.02268810 0.04376090 0.05929520 0.02132380 0.01441220 0.04285400 0.01635920 0.07863020 0.03443090 0.00699588 0.01474180 0.03164190
164 0.06806743 0.03172732 0.02951201 0.03647122 0.01389331 0.03394702 0.03247552 0.04785652 0.01989281 0.17863709 0.11329906 0.02903101 0.03390472 0.03592482 0.02330551 0.05592043 0.04213232 0.00574910 0.02310671 0.14514607
165 0.06238447 0.03784058 0.07194347 0.13955094 0.01501779 0.05185508 0.05923257 0.06947767 0.02052589 0.06835477 0.08600126 0.06437747 0.01542069 0.04851178 0.01960329 0.03370678 0.03323459 0.00871155 0.02615899 0.06809037
166 0.06047867 0.02849953 0.02865813 0.02813803 0.01911992 0.01892992 0.03528774 0.05312786 0.01486602 0.15902017 0.15870917 0.02209682 0.03442364 0.03760514 0.02263882 0.04769435 0.08969970 0.00518332 0.03016393 0.10565912
167 0.08388382 0.03615391 0.01667000 0.01752200 0.01401150 0.01866221 0.03072151 0.08853572 0.01356830 0.10766703 0.10420403 0.01952771 0.02967541 0.02317421 0.02764751 0.22091906 0.03786241 0.00924463 0.01813730 0.08221172
168 0.03120639 0.05307268 0.02946869 0.07069567 0.00559528 0.01632059 0.06180017 0.04436308 0.02221139 0.02638639 0.04037868 0.13073994 0.01453289 0.03413988 0.01407559 0.06839767 0.01949679 0.00723686 0.01790849 0.29197287
169 0.08628225 0.04231898 0.04049838 0.07598006 0.01784679 0.13156793 0.04335788 0.05743437 0.01662239 0.09965534 0.05877897 0.04557907 0.01374539 0.04944317 0.03284578 0.05303387 0.04059368 0.00959096 0.02805288 0.05677187
170 0.05483119 0.04582669 0.02668149 0.02704639 0.00950422 0.01394190 0.04127289 0.04832329 0.01447430 0.05947469 0.20733795 0.03972749 0.05315289 0.04502299 0.02282479 0.04835539 0.05528199 0.01022270 0.11044498 0.06625179
171 0.08408293 0.12059805 0.03257661 0.03394991 0.01874821 0.02839421 0.05193002 0.05194142 0.01959351 0.06821473 0.08351023 0.04279592 0.03266061 0.04838672 0.04403972 0.07110513 0.04476922 0.01348621 0.03609861 0.07311803
172 0.04305239 0.02771689 0.06585368 0.01758199 0.01070180 0.01199000 0.03248269 0.06703818 0.01221860 0.13797895 0.18006394 0.01674529 0.07819267 0.03683859 0.03267849 0.04481348 0.04810208 0.00373344 0.01452090 0.11769596
173 0.06701877 0.04124658 0.03635289 0.13897894 0.01518369 0.05452688 0.05601068 0.05413148 0.01913009 0.07882827 0.08789506 0.06930277 0.01598799 0.04001038 0.01818369 0.04723578 0.03411849 0.01157400 0.03613159 0.07815197
174 0.06149192 0.04736231 0.04250701 0.03709151 0.01391890 0.02673651 0.13594704 0.04959421 0.03257261 0.06117542 0.10111103 0.04584411 0.02705021 0.05639872 0.03131761 0.06188362 0.05035452 0.01019340 0.03953111 0.06791822
175 0.05479172 0.04181601 0.03706701 0.15033705 0.01129020 0.04008241 0.06319312 0.04656291 0.01779481 0.06349052 0.08135812 0.12082704 0.01174610 0.03756191 0.01380540 0.04332131 0.02587291 0.01122600 0.03251211 0.09534333
176 0.06058208 0.04287809 0.03795689 0.08702587 0.01739909 0.03020299 0.05520678 0.05730698 0.01731839 0.06271748 0.15581595 0.04512418 0.02823869 0.03423239 0.07298968 0.05300208 0.04472998 0.00801624 0.02745899 0.06179718
177 0.04729581 0.04295431 0.03840581 0.02595051 0.01090440 0.01314860 0.03359861 0.05706631 0.01761450 0.08602322 0.08795582 0.03380891 0.09084402 0.03176301 0.03086341 0.06939351 0.04286331 0.01142170 0.01457320 0.21355104
178 0.13276296 0.03841469 0.03116589 0.03960799 0.08042638 0.03390969 0.03523089 0.03885919 0.01958209 0.09136417 0.08538918 0.02984029 0.02328259 0.03044749 0.02266339 0.06554738 0.06079688 0.00880599 0.02349789 0.10840497
179 0.06518943 0.04284272 0.04556662 0.05087042 0.01235561 0.07006583 0.14568507 0.04166422 0.03041251 0.06977323 0.07746824 0.04610762 0.01680711 0.06410503 0.03125761 0.04634752 0.04523092 0.00904714 0.03792322 0.05127992
