1 0.30389393 0.02336589 0.01517770 0.03403759 0.14949396 0.01897730 0.01927010 0.04044659 0.00955798 0.04605809 0.04050889 0.01881870 0.00974204 0.02072420 0.02280349 0.15490196 0.03117839 0.00534982 0.01981430 0.01587910
2 0.36811988 0.03756269 0.02860689 0.03211909 0.01153740 0.02112689 0.03583999 0.03979609 0.01660149 0.07872517 0.07991697 0.03049119 0.01639819 0.02973509 0.01979949 0.04493139 0.03556539 0.00711042 0.02800129 0.03801499
3 0.18215904 0.02437051 0.01922440 0.02318680 0.01310080 0.01688420 0.03458931 0.03971561 0.00977877 0.06784561 0.07089431 0.02741751 0.01713240 0.03353071 0.02296830 0.28136506 0.02816671 0.00682882 0.02121760 0.05962351
4 0.04032240 0.03817120 0.02972530 0.03408250 0.00822841 0.02075710 0.03094510 0.04707700 0.01676880 0.05042340 0.07880639 0.03698540 0.01721570 0.03454370 0.02238230 0.09677109 0.02510480 0.00462138 0.02718410 0.33988397
5 0.28805490 0.03378039 0.02187669 0.02772959 0.00957393 0.01567879 0.02904309 0.03490269 0.01623919 0.26216691 0.04844808 0.02696309 0.01244420 0.01850369 0.01802369 0.04415469 0.02487809 0.00495580 0.01647649 0.04610598
6 0.06025108 0.04463868 0.02529969 0.03682579 0.01508159 0.02716009 0.04239308 0.05458368 0.01668109 0.04918858 0.07582777 0.04062318 0.02155399 0.04029549 0.02607329 0.04611038 0.29923289 0.00715777 0.02852169 0.04250018
7 0.05535260 0.03229830 0.02070540 0.02504660 0.00931927 0.02253870 0.03342260 0.04025570 0.01065450 0.07113470 0.07043080 0.03450570 0.01900870 0.03649990 0.01973910 0.32301402 0.03375170 0.00731226 0.02390140 0.11110801
8 0.05245520 0.04406640 0.02529940 0.04967110 0.01737820 0.02461590 0.03727510 0.05472470 0.01974990 0.06225120 0.08627540 0.25148501 0.02044040 0.03774170 0.02254060 0.05028590 0.03893160 0.00991198 0.03153620 0.06336410
9 0.06124610 0.04754580 0.04655810 0.03134510 0.01161100 0.02036040 0.22618300 0.06086230 0.02816990 0.06969730 0.08649200 0.03615750 0.02593660 0.04010000 0.02445130 0.04889270 0.04105490 0.01199480 0.02694830 0.05439290
10 0.04552532 0.03092611 0.01644411 0.02606191 0.00777932 0.02404711 0.02844861 0.03698762 0.01015940 0.06822993 0.06253273 0.03008541 0.01944061 0.02975201 0.02054491 0.29890013 0.14485506 0.00707326 0.02397281 0.06823363
11 0.03096458 0.12554993 0.01876089 0.01944669 0.00546588 0.01737399 0.02614339 0.02194789 0.00812922 0.05692787 0.05094157 0.03003438 0.01231039 0.02668089 0.01738429 0.33214482 0.02609659 0.00557365 0.02029219 0.14783092
12 0.08740363 0.03980981 0.02716701 0.03801241 0.01451480 0.03108941 0.04619251 0.04521451 0.02227221 0.29050208 0.06428592 0.03968851 0.01595710 0.03337661 0.02480071 0.06574322 0.03296851 0.00697471 0.02223861 0.05178772
13 0.06042380 0.04483030 0.19277101 0.02354970 0.01215870 0.02012730 0.04048710 0.03590150 0.01305680 0.04758480 0.08129050 0.03446040 0.02662950 0.04525190 0.03382790 0.03559060 0.16733601 0.00673547 0.02138400 0.05660270
14 0.06814538 0.02825379 0.02603989 0.02870829 0.01017650 0.01825049 0.03575459 0.04270889 0.01949639 0.16523494 0.28253490 0.03461289 0.02297029 0.02381559 0.02004579 0.04365359 0.02461159 0.00583814 0.02446669 0.07468137
15 0.03614678 0.03559098 0.02701599 0.03577528 0.01012719 0.01613849 0.03831018 0.03887578 0.01120579 0.02720949 0.04529698 0.03067408 0.31187084 0.03465478 0.03251508 0.04233428 0.02357709 0.01089749 0.14183693 0.04994648
16 0.05228991 0.02337041 0.02106791 0.03356901 0.00850118 0.02340441 0.03090081 0.03093341 0.01678280 0.02623711 0.35757809 0.03457961 0.00870738 0.04013811 0.01731870 0.03073141 0.02485631 0.00632280 0.18080604 0.03190461
17 0.05986398 0.04708088 0.03555299 0.03370389 0.01831519 0.02280249 0.04010279 0.04574658 0.01683349 0.06397898 0.08388257 0.03756509 0.03326469 0.03792829 0.22215592 0.05397918 0.04578568 0.00783364 0.03035379 0.06326988
18 0.04362840 0.03505260 0.03257410 0.04223640 0.00827032 0.01935560 0.04185260 0.04342840 0.01117870 0.03946430 0.06112060 0.03380660 0.35648802 0.03109260 0.03333330 0.05106690 0.03361290 0.00874042 0.02187460 0.05182260
19 0.18297788 0.02827578 0.02760478 0.14789190 0.00988084 0.02626038 0.03931867 0.02051459 0.01355729 0.03406808 0.05139717 0.02256219 0.01646689 0.20258687 0.01528009 0.05565856 0.03344848 0.00700520 0.03188378 0.03336058
20 0.06139532 0.04643761 0.04706071 0.03031641 0.01187090 0.02059701 0.22487907 0.06139042 0.02669361 0.07127112 0.08535273 0.03670331 0.02721781 0.04080981 0.02358691 0.05079652 0.04093121 0.01176320 0.02744021 0.05348612
21 0.04986044 0.03504583 0.02328692 0.19289416 0.01472861 0.03371333 0.02313862 0.03981723 0.01191011 0.06352595 0.07968827 0.03424063 0.03325203 0.04828874 0.02049172 0.15794913 0.03802423 0.00753738 0.02479062 0.06781606
22 0.06698693 0.04279902 0.02226831 0.21055509 0.01625881 0.03617282 0.03704682 0.03766482 0.01983111 0.07121743 0.08890394 0.06045613 0.03125021 0.04379932 0.02243461 0.04667112 0.04312312 0.00814887 0.02999281 0.06441873
23 0.06633194 0.24609314 0.02939232 0.03964402 0.01484191 0.02214891 0.04920953 0.04085742 0.01429191 0.06474804 0.07036264 0.04604243 0.02445291 0.04137382 0.02934232 0.04998863 0.04651153 0.00744415 0.03067232 0.06625014
24 0.06032071 0.03724851 0.15081903 0.02817581 0.00915301 0.03468011 0.05255451 0.03488631 0.02605301 0.04315441 0.07874792 0.03366241 0.01835400 0.02449071 0.02402211 0.03927051 0.03053491 0.00462567 0.21691105 0.05233531
25 0.36222818 0.03913202 0.02921021 0.03397492 0.01228871 0.02087581 0.03493812 0.03964102 0.01724251 0.07678024 0.08053694 0.02944921 0.01699511 0.03040991 0.02019171 0.04514512 0.03548482 0.00717741 0.02967321 0.03862482
26 0.03451973 0.02551482 0.01911671 0.02552072 0.00749963 0.02024212 0.02445792 0.03467433 0.01667571 0.05731884 0.06742635 0.20169616 0.01716861 0.14407711 0.01368901 0.16833013 0.02694212 0.01015641 0.03761093 0.04736264
27 0.05362821 0.04533401 0.02737081 0.04896031 0.01728590 0.02564791 0.03683101 0.05479271 0.01909730 0.06225211 0.08699152 0.24898805 0.01964620 0.03580221 0.02216130 0.05014901 0.03809541 0.01036080 0.03167631 0.06492891
28 0.36583214 0.03778341 0.02939921 0.03269471 0.01187520 0.02029491 0.03582041 0.03906151 0.01724851 0.07692503 0.07979763 0.02978311 0.01588931 0.03185941 0.01991901 0.04538592 0.03609551 0.00757332 0.02799291 0.03876881
29 0.06798502 0.03232981 0.03366951 0.03603851 0.01089500 0.02514271 0.04155411 0.04580201 0.01906461 0.05132461 0.33550910 0.04150311 0.01659590 0.02722871 0.02300771 0.04996521 0.03784011 0.00722071 0.03562081 0.06170272
30 0.06398108 0.04586918 0.03523599 0.04474738 0.00979948 0.03008669 0.04665258 0.04868268 0.01610329 0.06253248 0.06562628 0.03976218 0.02530009 0.22350692 0.02569699 0.06155898 0.04852718 0.01013420 0.03022089 0.06597547
31 0.03977207 0.05229486 0.02589848 0.15680187 0.01604879 0.01945438 0.03705087 0.04351936 0.01719839 0.06046375 0.06693724 0.04256836 0.02682238 0.03973787 0.19115584 0.03890597 0.03279367 0.00847803 0.03043547 0.05366235
32 0.05010907 0.01955729 0.02559719 0.02714859 0.00790061 0.01801439 0.03415698 0.23777788 0.01275459 0.05687227 0.06769987 0.03620548 0.01691309 0.02695489 0.01258269 0.23192588 0.02733029 0.01148219 0.01738819 0.06162857
33 0.15068609 0.03095982 0.02721832 0.02483502 0.00710210 0.01645041 0.03350372 0.03716312 0.01689931 0.02820472 0.05162043 0.04663123 0.01795281 0.03147852 0.16278910 0.04090992 0.03004212 0.00457989 0.02289321 0.21808013
34 0.05416900 0.02908360 0.02085300 0.03694700 0.00863248 0.02577550 0.03993480 0.04427670 0.02673090 0.30379902 0.07033900 0.03294510 0.01340340 0.03050680 0.02008250 0.05482980 0.02270640 0.00480465 0.01692030 0.14326001
35 0.05394470 0.03311050 0.02148470 0.02712490 0.00981355 0.02284160 0.03348420 0.03853890 0.01134940 0.07256339 0.06997719 0.03368260 0.01974850 0.03563540 0.01986610 0.32122397 0.03373700 0.00713723 0.02436620 0.11036999
36 0.03074322 0.13645307 0.02014361 0.02166041 0.00648873 0.01993521 0.03003762 0.02320711 0.00945080 0.05894863 0.05456963 0.03242882 0.01382131 0.02903211 0.02016761 0.28974715 0.02551081 0.00552896 0.02409411 0.14803108
37 0.27554096 0.02105300 0.01899440 0.02214040 0.01463910 0.01325980 0.03228370 0.03916679 0.00918394 0.06498079 0.06094599 0.02017000 0.01531080 0.03063570 0.02024060 0.25697096 0.02716230 0.00613660 0.01851170 0.03267250
38 0.06799341 0.04416321 0.02453210 0.21063104 0.01610920 0.03573471 0.03767151 0.03788161 0.01945110 0.07065441 0.08578842 0.05747041 0.02993031 0.04425631 0.02307210 0.04699381 0.04350871 0.00777011 0.02961411 0.06677341
39 0.36784600 0.03813740 0.03075440 0.03387690 0.01166040 0.02052860 0.03567230 0.03750110 0.01716700 0.07835290 0.07811730 0.03085870 0.01508810 0.03085450 0.01953110 0.04487870 0.03453480 0.00708959 0.02883580 0.03871440
40 0.05367730 0.03268970 0.02160880 0.02537210 0.00896925 0.02213180 0.03465850 0.03892550 0.01102410 0.07010980 0.07053120 0.03188980 0.01929480 0.03673860 0.02035060 0.32423002 0.03480880 0.00768989 0.02322840 0.11207101
41 0.36022713 0.02417271 0.02296011 0.02400711 0.01511851 0.01439221 0.03156971 0.03972281 0.01192770 0.06680962 0.06041442 0.02212731 0.01441851 0.02821311 0.02057611 0.15603506 0.03170711 0.00664864 0.02215361 0.02679851
42 0.36299405 0.03787320 0.03043820 0.03307600 0.01233310 0.02161940 0.03489750 0.03925211 0.01662520 0.07813971 0.08055821 0.03013920 0.01578630 0.03137970 0.01983270 0.04555511 0.03552770 0.00754177 0.02863900 0.03779180
43 0.29938909 0.02758061 0.02666451 0.02219561 0.01234820 0.01579030 0.03841081 0.18149506 0.01665351 0.06878982 0.05941522 0.03667881 0.01281560 0.02490711 0.01823131 0.04554691 0.02668491 0.00727069 0.02794221 0.03118971
44 0.05682291 0.04499071 0.02509020 0.03807281 0.01466220 0.02671150 0.04204481 0.05484881 0.01672170 0.04790221 0.07466971 0.04270111 0.02114110 0.04033501 0.02757430 0.04783201 0.30048905 0.00707292 0.02785681 0.04246011
45 0.04113069 0.03292469 0.02503089 0.03466729 0.00793322 0.02119849 0.03219929 0.04176689 0.02251769 0.15428395 0.08526817 0.03251679 0.01555569 0.03399079 0.01850299 0.06897808 0.02073899 0.00388953 0.01987499 0.28703090
46 0.06720135 0.04415423 0.02392012 0.20864814 0.01558621 0.03618512 0.03777833 0.03749673 0.01995981 0.07364325 0.08444626 0.05769904 0.02919992 0.04456543 0.02371182 0.04796823 0.04238583 0.00812064 0.02952572 0.06780385
47 0.04152438 0.22666392 0.01977729 0.03890559 0.03544379 0.02085819 0.04061548 0.03217769 0.01015590 0.04436728 0.06273758 0.22935492 0.01581289 0.02392879 0.02223759 0.02737669 0.03706309 0.00564267 0.02545819 0.03989809
48 0.05236997 0.03254868 0.02034269 0.02572469 0.00924243 0.02228929 0.03432598 0.03841618 0.01115669 0.07082027 0.07290567 0.03289678 0.01979039 0.03530038 0.01976049 0.32270385 0.03460588 0.00810305 0.02288969 0.11380695
49 0.04486333 0.03379073 0.02254142 0.02401532 0.01075261 0.02445592 0.02694792 0.16565512 0.01538341 0.02941362 0.25294219 0.16305812 0.01955531 0.01642161 0.01500201 0.03970703 0.02920992 0.00739737 0.01935531 0.03953173
50 0.03420988 0.04466297 0.02339878 0.03426567 0.01181479 0.01824249 0.03410828 0.03794167 0.01187809 0.03276888 0.06629165 0.23742783 0.01475919 0.02850848 0.01526299 0.03011848 0.26559181 0.00750232 0.02560078 0.02564498
51 0.05315642 0.03415931 0.02073431 0.02580841 0.01021280 0.02215781 0.03475671 0.03843491 0.01061400 0.07066572 0.07036242 0.03437451 0.01940671 0.03601061 0.02204141 0.32082511 0.03274871 0.00750175 0.02318831 0.11284004
52 0.04114142 0.22557311 0.02007201 0.03979262 0.03484382 0.02087481 0.03787512 0.03234852 0.01040040 0.04559032 0.06462033 0.22915111 0.01573231 0.02437981 0.02222721 0.02714481 0.03703982 0.00591243 0.02511351 0.04016652
53 0.08617830 0.03954350 0.02816830 0.03877180 0.01492640 0.03056420 0.04548430 0.04566500 0.02231660 0.28672800 0.06324360 0.04186900 0.01603000 0.03214790 0.02651970 0.06647530 0.03341160 0.00705010 0.02230590 0.05260050
54 0.05415252 0.03164801 0.02116871 0.02610051 0.00851560 0.02220931 0.03304711 0.03914221 0.01090020 0.07338213 0.07163603 0.03400531 0.01970651 0.03614021 0.02043321 0.31935211 0.03471071 0.00726854 0.02282501 0.11365604
55 0.03575399 0.03426159 0.02220589 0.02804129 0.01191100 0.10739597 0.03179959 0.18069595 0.01341560 0.06105998 0.06687218 0.19074594 0.01227190 0.02972989 0.01699389 0.04826109 0.02886969 0.01084340 0.02294089 0.04593029
56 0.06315562 0.02151991 0.03627731 0.02541201 0.00817488 0.01213570 0.17004405 0.20446907 0.01721741 0.04897182 0.06305272 0.02256581 0.01683301 0.02732581 0.01493900 0.15621105 0.02405281 0.00922600 0.01617561 0.04224041
57 0.04612103 0.03889102 0.02190621 0.03687492 0.01442511 0.02517141 0.04168912 0.04665743 0.01771001 0.18635010 0.05801433 0.03249292 0.02101891 0.03606622 0.02308321 0.03757072 0.23773813 0.00654935 0.02457941 0.04709043
58 0.17909221 0.02193543 0.01841862 0.11761814 0.15517318 0.01926092 0.02730993 0.14864717 0.01022381 0.04247665 0.04452385 0.02694233 0.00941131 0.01853282 0.02085522 0.06796748 0.02767733 0.00484484 0.01838502 0.02070372
59 0.04184578 0.02866609 0.01902479 0.02679649 0.01330209 0.02280189 0.02824539 0.03228958 0.01546559 0.14023993 0.05336547 0.03011809 0.01811589 0.04415118 0.02047919 0.04856518 0.15504092 0.00606509 0.21596489 0.03945648
60 0.07261985 0.03820513 0.02638002 0.03593153 0.00937359 0.02466312 0.04921974 0.04212713 0.01614571 0.24424118 0.07979596 0.03432612 0.10796408 0.03324322 0.02296362 0.05206404 0.03577963 0.01095351 0.01940051 0.04460233
61 0.06768856 0.03207418 0.03415678 0.03561548 0.01009179 0.02321709 0.04275498 0.04920127 0.02078949 0.05184637 0.33509782 0.04075618 0.01775089 0.02685289 0.02364079 0.04829927 0.03623688 0.00701625 0.03532958 0.06158347
62 0.05396487 0.02858828 0.02491369 0.02792848 0.00754135 0.01354539 0.03689678 0.04013608 0.01294839 0.16686191 0.21115189 0.02512509 0.14115292 0.02846358 0.01740339 0.03529748 0.02348419 0.00911129 0.01886599 0.07661896
63 0.05885833 0.03125112 0.02256961 0.03670382 0.00946794 0.02518831 0.03987502 0.04456802 0.02629861 0.26694513 0.07766484 0.03392312 0.01530311 0.03279262 0.02153421 0.05578903 0.02239891 0.00576388 0.01902931 0.15407507
64 0.16958300 0.04268130 0.03395790 0.11862300 0.00800061 0.01730600 0.18584500 0.03447010 0.02058330 0.05545020 0.08218370 0.02697280 0.01532150 0.04092730 0.01823090 0.03485600 0.02604940 0.01024010 0.02516750 0.03355040
65 0.03837002 0.03748452 0.02034821 0.03071072 0.19929512 0.01967851 0.02775882 0.04554583 0.01895891 0.04064542 0.05098173 0.03075302 0.01056521 0.02021001 0.03193112 0.03197932 0.29362517 0.00491002 0.02081731 0.02543101
66 0.21171795 0.04311529 0.02815329 0.02766109 0.00918025 0.01757140 0.15502696 0.03088009 0.01526500 0.04411849 0.06731528 0.02829229 0.01906030 0.05035459 0.01549330 0.03252669 0.02305099 0.12581597 0.03501679 0.02038399
67 0.18386810 0.02401371 0.01933191 0.02303221 0.01305521 0.01690351 0.03469202 0.03994102 0.00943276 0.06878084 0.07046764 0.02594961 0.01785981 0.03449912 0.02143851 0.28251315 0.02862072 0.00744181 0.02071971 0.05743863
68 0.05246449 0.04161309 0.02757290 0.18560697 0.01076240 0.01707710 0.17381997 0.03917169 0.02391150 0.07207609 0.07723609 0.04061689 0.02178900 0.03556219 0.01995500 0.03176939 0.03156489 0.00904796 0.02689310 0.06148929
69 0.08411741 0.04054490 0.02674600 0.03914510 0.01518130 0.03032030 0.04653510 0.04796360 0.02274970 0.28637902 0.06559621 0.03937290 0.01572850 0.03280490 0.02479360 0.06676121 0.03188120 0.00740162 0.02212050 0.05385690
70 0.04358747 0.02337138 0.03073838 0.12381091 0.00936365 0.01554719 0.11420492 0.17107587 0.01557339 0.04834476 0.06534695 0.02626548 0.02363308 0.02929098 0.01488949 0.14384389 0.02592718 0.00835437 0.01740969 0.04942096
71 0.04292217 0.03398128 0.03512418 0.04129777 0.00789891 0.01884099 0.04270567 0.04295087 0.01163939 0.03943238 0.06105096 0.03322528 0.35616578 0.03221438 0.03222568 0.05134087 0.03327668 0.00890449 0.02190139 0.05290087
72 0.05468015 0.02993913 0.02215382 0.03633123 0.00875439 0.02609762 0.03813613 0.04580014 0.02730572 0.30592427 0.06818636 0.03258133 0.01319111 0.03062593 0.01951472 0.05323885 0.02207532 0.00516703 0.01626861 0.14402813
73 0.32651808 0.03890171 0.03992321 0.03607641 0.00703834 0.01630230 0.14233503 0.03689071 0.02005140 0.05846901 0.06666152 0.02438431 0.01235850 0.03378111 0.01742930 0.03681231 0.02507551 0.00937842 0.02641721 0.02519561
74 0.05956679 0.04606019 0.02690650 0.03697330 0.01527650 0.02613940 0.04394760 0.05550179 0.01717020 0.04537930 0.07759479 0.04010570 0.02069100 0.04043270 0.02769440 0.04810359 0.29782797 0.00680121 0.02710770 0.04071940
75 0.06159831 0.04670130 0.04654890 0.03290220 0.01128020 0.02068230 0.22113402 0.06199151 0.02583970 0.07006721 0.08540591 0.03773910 0.02577230 0.04007580 0.02526450 0.05153761 0.04120830 0.01156810 0.02926610 0.05341661
76 0.03837460 0.05486751 0.02240690 0.13084801 0.01374380 0.02181670 0.15693902 0.03704170 0.01717840 0.05708991 0.06643901 0.16899802 0.02029910 0.03265250 0.01825180 0.02846760 0.03406950 0.01251670 0.02401000 0.04398920
77 0.36674194 0.03724499 0.02923580 0.03389349 0.01193810 0.02102730 0.03499149 0.03937119 0.01699390 0.07799729 0.07916649 0.02994650 0.01593980 0.03184570 0.01983100 0.04466929 0.03614939 0.00717425 0.02830930 0.03753279
78 0.08621756 0.03913733 0.02728462 0.03892073 0.01528411 0.03291122 0.04490633 0.04590553 0.02171341 0.28764119 0.06447014 0.04121023 0.01588711 0.03226292 0.02520002 0.06811504 0.03204722 0.00722605 0.02253721 0.05112203
79 0.06492223 0.03191251 0.03428121 0.03434261 0.01093540 0.02342051 0.04102462 0.04857462 0.01990591 0.05046642 0.33964715 0.04241232 0.01679351 0.02734751 0.02427361 0.05026052 0.03581402 0.00664397 0.03510462 0.06191673
80 0.04987677 0.02350139 0.02258079 0.02815738 0.00845290 0.02014199 0.03527878 0.17516489 0.01255049 0.06026366 0.07093486 0.03862588 0.01920679 0.02989438 0.01427579 0.26025984 0.02778668 0.01204159 0.01867389 0.07233126
81 0.06559019 0.05004329 0.03124079 0.04105749 0.22414395 0.04695949 0.03500829 0.05012859 0.02090670 0.06766069 0.06820828 0.05920109 0.01540030 0.02535919 0.03241349 0.04602459 0.04335819 0.00972822 0.02798219 0.03958499
82 0.07530647 0.03450413 0.02466732 0.03118293 0.01240661 0.02368382 0.04048084 0.04549654 0.02090592 0.25164623 0.17178416 0.03588093 0.01869522 0.02616312 0.02427132 0.05330745 0.02440772 0.00765809 0.02167062 0.05588055
83 0.05135940 0.03393330 0.01837570 0.03127370 0.01075410 0.02790180 0.03053550 0.04511810 0.01140600 0.04188350 0.06186090 0.02862370 0.01894040 0.03188010 0.02175470 0.15580300 0.30646800 0.00665321 0.03034550 0.03512940
84 0.36636102 0.03704380 0.03028010 0.03171040 0.01220800 0.02045030 0.03436200 0.03952220 0.01674480 0.07937350 0.07917350 0.03016840 0.01582310 0.03099770 0.02027850 0.04587010 0.03598130 0.00704894 0.02861460 0.03798770
85 0.05467882 0.01892311 0.01772241 0.02115031 0.00467740 0.01126670 0.02437361 0.03664112 0.01637871 0.18326108 0.28566413 0.02145401 0.02968081 0.02329041 0.01278201 0.03317361 0.01374291 0.00354966 0.01601811 0.17157108
86 0.28744908 0.03356551 0.02206411 0.02689111 0.00904897 0.01622640 0.02840841 0.03523831 0.01726881 0.26246408 0.04852151 0.02704061 0.01252140 0.01898831 0.01837561 0.04494021 0.02376921 0.00482934 0.01678620 0.04560281
87 0.03619258 0.03536538 0.02287779 0.02412699 0.01141419 0.02221869 0.03537698 0.24774488 0.01703289 0.05146898 0.07773956 0.19705391 0.01803369 0.03159108 0.01926789 0.03752648 0.03160538 0.00655828 0.02396279 0.05284157
88 0.29209282 0.02934908 0.02531488 0.03132168 0.00756636 0.02270129 0.02844868 0.02218809 0.01625119 0.06530446 0.24149986 0.02472389 0.01667629 0.02624118 0.01313819 0.02827978 0.02526468 0.00686634 0.03072318 0.04604807
89 0.05975579 0.04542299 0.02558140 0.03631989 0.01509730 0.02768280 0.04396889 0.05513529 0.01604390 0.04704829 0.07334389 0.04118839 0.02111940 0.04046219 0.02604960 0.04822969 0.30205396 0.00730584 0.02780950 0.04038099
90 0.06644402 0.03238701 0.03466571 0.03480981 0.01015280 0.02434241 0.04091301 0.04660871 0.01979841 0.05000082 0.33811311 0.04141751 0.01766901 0.02710321 0.02510431 0.04953082 0.03722001 0.00747198 0.03558921 0.06065812
91 0.06358541 0.04776811 0.04711971 0.03195401 0.01145670 0.02011400 0.22037904 0.06112761 0.02660741 0.06898191 0.08626692 0.03853051 0.02620021 0.03902871 0.02552471 0.04985371 0.04127931 0.01185920 0.02839731 0.05396551
92 0.36101406 0.03900921 0.02947171 0.03174551 0.01159210 0.01994220 0.03639831 0.04001361 0.01637310 0.07836701 0.07889331 0.03047221 0.01691840 0.03156761 0.02088920 0.04641351 0.03633251 0.00771633 0.02752840 0.03934171
93 0.03853741 0.03973551 0.03077081 0.03305851 0.00808855 0.01999350 0.03245011 0.04636911 0.01694940 0.05052931 0.07747232 0.03780871 0.01681800 0.03366901 0.02287980 0.09550302 0.02557971 0.00386404 0.02664011 0.34328307
94 0.03559441 0.04416511 0.02346980 0.03167681 0.01385550 0.02694501 0.20519504 0.04349291 0.01289670 0.05960821 0.06735771 0.22281804 0.01491670 0.03392811 0.01531100 0.03693121 0.03569311 0.01355000 0.02281770 0.03977691
95 0.05608800 0.02350360 0.02122010 0.03175180 0.01000340 0.01764340 0.04885060 0.05110960 0.13552199 0.14175899 0.23102399 0.02890870 0.01461190 0.02382620 0.01712710 0.03169410 0.02517630 0.00575744 0.02458000 0.05984280
96 0.06032190 0.04551070 0.02359560 0.03698280 0.01485770 0.02795440 0.04108460 0.05395220 0.01681410 0.04574520 0.07564519 0.04226460 0.02037480 0.03973130 0.02626840 0.04692890 0.30343498 0.00752547 0.02921700 0.04179020
97 0.05340517 0.03267958 0.02194649 0.02601419 0.00890168 0.02275719 0.03521958 0.03980188 0.01171469 0.07214726 0.06958136 0.03348418 0.01820569 0.03477168 0.02027309 0.32128784 0.03418598 0.00816313 0.02327339 0.11218594
98 0.05995700 0.04287110 0.02481320 0.19163499 0.01237020 0.02355020 0.12351299 0.03664470 0.02295080 0.07387010 0.08239040 0.04952610 0.02274730 0.03868060 0.02058740 0.03469690 0.03510250 0.00906236 0.02770710 0.06732410
99 0.06750384 0.04475302 0.02242971 0.20687211 0.01663281 0.03675172 0.03671542 0.03615422 0.01936041 0.07249974 0.08882885 0.05791763 0.03010562 0.04481802 0.02325711 0.04675893 0.04252542 0.00831896 0.03065322 0.06714324
100 0.06535673 0.03192491 0.03429001 0.03435251 0.01036270 0.02369401 0.04201962 0.04906542 0.02022061 0.05210552 0.33391414 0.04221952 0.01729561 0.02822481 0.02400691 0.05024052 0.03826022 0.00682847 0.03495072 0.06066703
101 0.05320021 0.03230840 0.02196110 0.02672680 0.00898126 0.02326630 0.03360290 0.03931571 0.01063910 0.07137631 0.07097991 0.03451060 0.01935720 0.03598720 0.02029730 0.32018304 0.03431570 0.00781341 0.02348150 0.11169601
102 0.19565805 0.02329981 0.01881981 0.02468491 0.00484006 0.01269000 0.02210241 0.02601821 0.02011621 0.20025105 0.11631103 0.02493061 0.02146691 0.02726931 0.01430460 0.02466081 0.01799800 0.00383907 0.01793410 0.18280505
103 0.05490189 0.03336769 0.02887049 0.02860729 0.01398780 0.02343789 0.05237469 0.26865293 0.02368989 0.06295528 0.08663828 0.04701409 0.02250009 0.03594139 0.02317799 0.04688139 0.04383239 0.00768876 0.02547959 0.07000018
104 0.06408497 0.04569778 0.03341579 0.04360258 0.00962243 0.02978819 0.04588958 0.04749738 0.01551689 0.06102127 0.06450497 0.04190758 0.02574349 0.22553590 0.02680269 0.06057207 0.04937828 0.01045220 0.02991309 0.06905287
105 0.03540869 0.03810359 0.03665299 0.03451759 0.11252498 0.03049760 0.03180169 0.04912869 0.01930180 0.03756019 0.06215369 0.04191849 0.01642920 0.02753630 0.02589490 0.04707149 0.02729310 0.00526236 0.02487970 0.29606295
106 0.05643678 0.03142819 0.02356829 0.03550449 0.00947715 0.02523839 0.04017829 0.04496888 0.02749429 0.26996090 0.07580747 0.03272599 0.01503559 0.03308219 0.02105279 0.05747618 0.02449499 0.00493161 0.01817859 0.15295894
107 0.15338904 0.03788811 0.02016410 0.02436931 0.01361310 0.01773820 0.02698941 0.02978001 0.01460930 0.03587641 0.06015421 0.13723303 0.01163970 0.02742731 0.01484410 0.04105111 0.15290804 0.00670256 0.14463203 0.02899091
108 0.03873710 0.02713920 0.02097300 0.03206440 0.00596102 0.02100480 0.03360710 0.03601890 0.01654420 0.24654003 0.06796661 0.02839300 0.01406310 0.13436802 0.02249130 0.05582161 0.02317510 0.00471686 0.01822760 0.15218702
109 0.04490940 0.03505040 0.03390620 0.04148550 0.00791861 0.01867680 0.04181910 0.04330550 0.01134370 0.03996340 0.06217200 0.03535680 0.35292403 0.03154410 0.03129980 0.05195490 0.03278960 0.00864441 0.02235160 0.05258410
110 0.04809797 0.26752686 0.02233209 0.03926288 0.02991688 0.02230619 0.04474998 0.03283798 0.00981439 0.04871597 0.06285107 0.15859892 0.01735149 0.02774569 0.02432609 0.03081928 0.03853968 0.00545522 0.02381999 0.04493138
111 0.06178609 0.04606330 0.04714020 0.03192340 0.01086960 0.02038310 0.22594998 0.06313189 0.02701620 0.06934259 0.08446329 0.03815470 0.02675570 0.03985840 0.02358700 0.04926160 0.04056500 0.01144080 0.02739190 0.05491529
112 0.04963195 0.02332328 0.02813817 0.02702647 0.01052249 0.01954028 0.04063836 0.27659674 0.01726918 0.05569905 0.07490143 0.03868966 0.01797498 0.03088427 0.01650958 0.14822686 0.03235447 0.00984752 0.01976608 0.06245914
113 0.05593673 0.03685262 0.02577402 0.04196643 0.01181941 0.03105152 0.03534292 0.04967963 0.01823821 0.04849733 0.05928874 0.03888302 0.01313051 0.21083013 0.02588062 0.05045423 0.03611972 0.01065721 0.14281409 0.05678293
114 0.19095794 0.02665649 0.02674899 0.02093979 0.01428590 0.01812399 0.04614718 0.24824492 0.01715549 0.06299528 0.06666358 0.03580799 0.01585809 0.02817509 0.02160529 0.04796778 0.03215189 0.00712693 0.02695859 0.04542879
115 0.05356010 0.03342900 0.02075620 0.02673290 0.00883801 0.02231830 0.03340020 0.03960650 0.01109300 0.07003391 0.07297471 0.03296190 0.01949020 0.03536570 0.01914340 0.32091903 0.03364090 0.00809290 0.02311310 0.11453001
116 0.07360749 0.03985669 0.02975669 0.03470809 0.01245470 0.03835929 0.04068989 0.04466409 0.01780840 0.05026609 0.10363298 0.04567689 0.02016130 0.03847939 0.02556799 0.05199839 0.04340069 0.00813660 0.21883396 0.06194039
117 0.06633665 0.24573183 0.02980448 0.03863907 0.01520529 0.02192358 0.04824517 0.04302467 0.01410659 0.06555765 0.07031445 0.04688697 0.02332588 0.04095957 0.02998668 0.04951596 0.04726037 0.00766760 0.02839228 0.06711525
118 0.06032169 0.03049169 0.01689290 0.03077439 0.03721569 0.03487989 0.04841649 0.03378699 0.01105920 0.03915279 0.06226769 0.04153389 0.01560890 0.13051597 0.01904130 0.04155069 0.02572289 0.11706198 0.17301397 0.03069099
119 0.06697701 0.03166690 0.03690481 0.03441070 0.01105410 0.02367730 0.04169301 0.04669831 0.02021250 0.05086721 0.33582905 0.04149691 0.01704090 0.02682810 0.02491190 0.04943511 0.03580521 0.00667316 0.03542300 0.06239481
120 0.19816318 0.02038802 0.01847782 0.01641042 0.00844448 0.01196511 0.02605522 0.12574612 0.01585731 0.16402315 0.16878216 0.02464562 0.02004912 0.01841012 0.01293611 0.03383093 0.02069292 0.00489360 0.01510461 0.07512397
121 0.03956293 0.02065422 0.02668652 0.02342432 0.00525529 0.01217751 0.02503302 0.04619844 0.01555241 0.07311706 0.27918023 0.02627882 0.01771341 0.02150452 0.01703761 0.04998154 0.01810332 0.00348328 0.01975532 0.25930022
122 0.04350929 0.03540700 0.02009140 0.05382739 0.01292220 0.01987830 0.03851699 0.05094699 0.15976798 0.06253639 0.07914129 0.20410697 0.01979300 0.03067930 0.02235810 0.03225290 0.03282550 0.00883193 0.01571880 0.05688829
123 0.04367512 0.03438172 0.03426932 0.04233072 0.00772775 0.01845411 0.04273962 0.04206402 0.01130971 0.03964792 0.05955293 0.03365182 0.35409916 0.03305472 0.03297912 0.05178592 0.03332602 0.00894549 0.02240181 0.05360302
124 0.04186348 0.02345689 0.02045429 0.02566289 0.00922177 0.02525379 0.13749593 0.17784491 0.01988829 0.03119258 0.05247067 0.02860749 0.01196039 0.02465559 0.01663849 0.03861208 0.26591386 0.00897204 0.01714559 0.02268899
125 0.05982121 0.02621051 0.18771705 0.02063921 0.01048220 0.01811910 0.06342552 0.19868605 0.01258120 0.05017911 0.08507732 0.02951711 0.02032971 0.03076231 0.02224091 0.04311411 0.02571081 0.00657045 0.01838970 0.07042642
126 0.03561651 0.02980321 0.02164671 0.02284561 0.01152090 0.01372270 0.03074101 0.03754871 0.01421690 0.03494381 0.20255707 0.02521511 0.02146471 0.02504231 0.15713605 0.03156031 0.21094507 0.00557656 0.02334671 0.04455002
127 0.08567634 0.04048982 0.02707741 0.04138142 0.01493151 0.03097471 0.04463692 0.04752162 0.02251511 0.28824514 0.06291173 0.04171572 0.01551381 0.03217112 0.02475901 0.06529633 0.03224872 0.00759173 0.02198391 0.05235792
128 0.04032900 0.03794020 0.03025280 0.03218410 0.00817314 0.02154780 0.03106010 0.04712730 0.01653860 0.05096740 0.07794230 0.03656030 0.01670630 0.03521220 0.02216760 0.09565040 0.02618430 0.00422326 0.02693590 0.34229700
129 0.05806831 0.03416101 0.02865421 0.04736801 0.02309460 0.24433405 0.03295401 0.04314331 0.01502490 0.07256061 0.07730982 0.03946731 0.01718140 0.03924861 0.02072510 0.05517351 0.04169771 0.01064900 0.04110981 0.05807471
130 0.05875820 0.03428610 0.02956820 0.04759760 0.02458050 0.24333798 0.03329250 0.04415620 0.01440470 0.07350579 0.07582849 0.03899210 0.01760400 0.04026280 0.02098220 0.05454080 0.04228240 0.00943908 0.04086730 0.05571310
131 0.06617698 0.04428568 0.02291709 0.20781893 0.01644049 0.03411839 0.03694369 0.03904319 0.01941059 0.07242267 0.08600867 0.05593578 0.03023619 0.04563008 0.02242249 0.04672698 0.04430058 0.00874015 0.03117239 0.06924898
132 0.03902038 0.04025568 0.03031029 0.03275529 0.00839481 0.01992109 0.03138809 0.04624778 0.01707079 0.05208548 0.07971457 0.03713088 0.01659419 0.03525618 0.02231179 0.09575826 0.02550829 0.00423902 0.02481129 0.34122585
133 0.06864753 0.24697409 0.02922891 0.03741351 0.01534921 0.02288291 0.04897802 0.04201992 0.01449261 0.06663222 0.06991053 0.04646372 0.02344281 0.04067742 0.03009611 0.04876022 0.04564452 0.00747583 0.02881131 0.06609862
134 0.06708011 0.03230541 0.03395181 0.03482901 0.01080540 0.02338430 0.04040601 0.04870331 0.02048500 0.05080341 0.33551606 0.04138331 0.01701680 0.02744510 0.02501260 0.04862151 0.03707081 0.00704002 0.03571651 0.06242351
135 0.05456149 0.03397769 0.02868150 0.02786720 0.01324800 0.02430750 0.05203179 0.26942896 0.02283300 0.06355449 0.08876639 0.04538849 0.02127950 0.03663889 0.02320590 0.04955759 0.04412209 0.00785756 0.02502760 0.06766439
136 0.05341160 0.03564890 0.02056150 0.03318570 0.01156810 0.02779290 0.03249270 0.04722110 0.01282090 0.04943810 0.06712730 0.03270630 0.02057810 0.03331880 0.02434090 0.16734999 0.25363399 0.00724695 0.02905310 0.04050310
137 0.06711768 0.04430129 0.02309309 0.20703993 0.01612999 0.03582749 0.03836899 0.03683169 0.02040669 0.07188988 0.08677767 0.05702508 0.02934989 0.04558899 0.02459659 0.04697748 0.04432349 0.00860202 0.02966529 0.06608678
138 0.05580079 0.19336497 0.02708790 0.03481410 0.01262220 0.02583490 0.04023369 0.03409820 0.01473470 0.04301269 0.07064279 0.04863469 0.01785640 0.01988020 0.03104590 0.04333329 0.03831169 0.00685884 0.18995797 0.05187409
139 0.05438449 0.03283870 0.02093840 0.02600040 0.00929911 0.02307060 0.03334090 0.03795079 0.01168160 0.07441719 0.07029109 0.03209970 0.02036710 0.03668699 0.02150580 0.31875596 0.03442270 0.00850833 0.02366120 0.10977898
140 0.04341193 0.22419614 0.01829971 0.02966412 0.02184271 0.02319361 0.03408162 0.03014802 0.00972151 0.04216073 0.18328711 0.15021609 0.02081111 0.02199811 0.01783781 0.02549252 0.03254712 0.00539469 0.02432411 0.04137123
141 0.03867294 0.01893962 0.02770953 0.04200874 0.00525957 0.01403521 0.14479214 0.04642084 0.14523014 0.18238017 0.05453385 0.01780512 0.01045651 0.01873702 0.01177881 0.02069122 0.02436322 0.00371628 0.01361691 0.15885215
142 0.03253364 0.02525883 0.02232743 0.03136884 0.00783409 0.15258317 0.02895203 0.03805984 0.01640592 0.14729117 0.05466266 0.03483624 0.01573082 0.02828113 0.01596262 0.04507755 0.02530133 0.00468330 0.02234813 0.25050128
143 0.03349700 0.02761120 0.02079430 0.18797502 0.01381320 0.01624460 0.03921520 0.03411560 0.02531410 0.04967360 0.06450481 0.27959403 0.02248620 0.03172580 0.01694360 0.02791650 0.02813600 0.01065840 0.02262200 0.04715880
144 0.05530092 0.03243411 0.02135341 0.02589611 0.00944625 0.02269051 0.03434081 0.03900391 0.01134190 0.07064333 0.06970273 0.03507481 0.01990051 0.03523521 0.02131291 0.31843111 0.03480491 0.00782509 0.02298941 0.11227204
145 0.06039231 0.04680711 0.04749671 0.03119091 0.01227140 0.01950290 0.22567605 0.06352761 0.02788271 0.06822661 0.08440062 0.03836561 0.02741411 0.04001461 0.02476600 0.04900771 0.03909221 0.01137880 0.02710881 0.05547721
146 0.06301581 0.02155840 0.02209650 0.18358803 0.01637450 0.24565904 0.02902050 0.03135611 0.00884512 0.05678451 0.06894621 0.02549350 0.01777090 0.03793861 0.01442450 0.04693411 0.03262891 0.00644262 0.02806010 0.04306201
147 0.05926047 0.03283889 0.03099999 0.04703418 0.02476909 0.24697789 0.03224539 0.04370108 0.01518719 0.07296417 0.07472997 0.03866788 0.01805739 0.03921678 0.02143579 0.05326468 0.04072748 0.00934564 0.04010018 0.05847587
148 0.04798219 0.02991589 0.02434679 0.01979300 0.00923583 0.01524030 0.02845819 0.02912039 0.00910327 0.03279319 0.04872649 0.02105700 0.15375096 0.03008349 0.21427195 0.04826899 0.17145396 0.00543743 0.02022180 0.04073889
149 0.05790473 0.03398082 0.02975742 0.04508312 0.02499221 0.24572013 0.03330182 0.04301462 0.01482991 0.07375284 0.07765574 0.04120152 0.01759871 0.03707512 0.02223611 0.05323333 0.04168942 0.00962879 0.03925852 0.05808513
150 0.06336628 0.04588619 0.03368529 0.04376139 0.00916059 0.02779229 0.04533829 0.04982879 0.01613230 0.06157748 0.06666328 0.04103669 0.02504309 0.22640093 0.02625419 0.06040678 0.04883579 0.01020950 0.03008789 0.06853298
151 0.36856696 0.03602940 0.03028510 0.03264550 0.01247580 0.02092150 0.03510400 0.03923200 0.01711200 0.07638679 0.07870429 0.03004100 0.01526240 0.03111960 0.02113870 0.04580319 0.03680490 0.00800951 0.02715050 0.03720690
152 0.05570645 0.02447358 0.02150578 0.03345327 0.00854989 0.02479688 0.03054067 0.03336227 0.01685469 0.02669458 0.33255271 0.03447337 0.00828010 0.04061686 0.01825858 0.03458437 0.02576818 0.00649496 0.18860983 0.03442297
153 0.05457159 0.03324439 0.02769979 0.11655097 0.01048290 0.01640790 0.15169097 0.04708409 0.01497400 0.05964269 0.07652188 0.02754559 0.02802009 0.04007189 0.01898950 0.15364997 0.03108429 0.00861582 0.02510109 0.05805059
154 0.22683903 0.03353850 0.01725770 0.19379503 0.01589630 0.03670400 0.02951140 0.02592970 0.01302750 0.06271291 0.08781641 0.02981800 0.01763420 0.04235881 0.01632740 0.04122101 0.03853081 0.00678497 0.02692990 0.03736640
155 0.05619148 0.03269099 0.02914219 0.02810089 0.01385179 0.02362239 0.04928548 0.27040789 0.02370689 0.06294947 0.08386967 0.04599738 0.02249469 0.03573519 0.02348559 0.04950218 0.04419038 0.00885531 0.02622179 0.06969837
156 0.04820172 0.03113701 0.02182611 0.03682381 0.01182770 0.02836221 0.03280451 0.04900202 0.01786751 0.04152752 0.06246262 0.03853652 0.01160840 0.19781108 0.02287531 0.04626702 0.03178901 0.01016980 0.20741508 0.05168502
157 0.04772202 0.19840207 0.02896061 0.02793971 0.00997033 0.02607551 0.26018410 0.03268521 0.01414961 0.05384112 0.05241482 0.05194002 0.02442881 0.03264221 0.01542541 0.02870031 0.03000781 0.01005860 0.02047371 0.03397801
158 0.06750123 0.03299332 0.03611462 0.03536192 0.01075411 0.02353251 0.04067812 0.04728322 0.01986591 0.05027372 0.33602516 0.04172702 0.01634031 0.02804391 0.02494991 0.04876522 0.03827252 0.00718541 0.03396112 0.06037073
159 0.05603261 0.03636231 0.02691451 0.03888631 0.00796363 0.02499570 0.04337861 0.04170001 0.01541910 0.19073404 0.05683151 0.03678561 0.01877580 0.20246704 0.02427870 0.05822241 0.03359151 0.00629787 0.01777900 0.06258371
160 0.04851098 0.02473169 0.03221679 0.02699609 0.00693442 0.01465099 0.03301299 0.04872248 0.01778359 0.06652247 0.29281888 0.03285519 0.01727739 0.02180639 0.01978719 0.05207878 0.02482889 0.00457178 0.02332709 0.19056592
161 0.06498340 0.24627301 0.03034080 0.03932010 0.01518610 0.02287940 0.04944820 0.04043640 0.01394040 0.06522790 0.07100280 0.04698230 0.02304950 0.04124120 0.02781130 0.05032540 0.04681740 0.00719195 0.03020200 0.06734040
162 0.06506042 0.03110101 0.03405661 0.03484611 0.01092800 0.02401541 0.04145321 0.04886181 0.02000971 0.05098251 0.33943509 0.04138541 0.01757700 0.02665671 0.02533111 0.04972441 0.03676281 0.00695324 0.03425501 0.06060442
163 0.06469548 0.03110239 0.03553439 0.03456539 0.01048570 0.02357999 0.04131939 0.04776059 0.02025560 0.05096239 0.33883292 0.04123279 0.01745790 0.02754269 0.02448899 0.05031909 0.03711019 0.00700034 0.03419809 0.06155569
164 0.04295466 0.02501258 0.01837128 0.02698308 0.00720826 0.01836368 0.02801907 0.03318267 0.01600919 0.14643387 0.18778783 0.02672818 0.02212098 0.04876156 0.01675018 0.04020596 0.01804998 0.00587122 0.11314590 0.15803986
165 0.03243229 0.02597559 0.02838249 0.02516659 0.00587447 0.01470520 0.02563599 0.04756259 0.01528860 0.05290789 0.18022596 0.02915279 0.01405680 0.02418560 0.01805800 0.07596478 0.01832940 0.00348713 0.02061290 0.34199493
166 0.05490118 0.03004749 0.02223989 0.03501239 0.01194550 0.02881769 0.03305289 0.04305908 0.01755969 0.04216238 0.08127697 0.03930938 0.01385979 0.13208795 0.02315639 0.04530728 0.03057579 0.00969311 0.25060790 0.05532728
167 0.08364929 0.04040540 0.02696330 0.03841090 0.01531420 0.03150700 0.04514760 0.04717989 0.02274220 0.29077397 0.06290139 0.04301190 0.01546650 0.03127710 0.02522180 0.06688979 0.03261660 0.00703111 0.02136150 0.05212859
168 0.06651741 0.24699803 0.02937250 0.03975931 0.01598260 0.02345920 0.04815621 0.04129561 0.01400440 0.06444921 0.06986161 0.04575581 0.02479570 0.04104541 0.02912620 0.05191831 0.04495231 0.00746186 0.02916650 0.06592181
169 0.05003181 0.03081971 0.02297441 0.03851511 0.01012430 0.02750021 0.03603951 0.04351551 0.01659020 0.16261405 0.05600712 0.03688321 0.01279110 0.18061005 0.02578161 0.05371782 0.02854181 0.00712151 0.10852603 0.05129491
170 0.05994469 0.04746519 0.03549639 0.03380149 0.01776550 0.02318320 0.03963489 0.04530189 0.01736230 0.06523729 0.08290298 0.03831759 0.03359359 0.03736219 0.22188495 0.05228809 0.04696239 0.00768291 0.02963189 0.06418059
171 0.06460200 0.04529970 0.03493880 0.04325300 0.00946156 0.02871370 0.04653320 0.04910660 0.01503710 0.06262430 0.06752230 0.04134450 0.02489450 0.22569601 0.02627900 0.05956000 0.04823550 0.01021360 0.02976820 0.06691640
172 0.06463008 0.24776492 0.03008379 0.03987349 0.01560460 0.02243779 0.05070018 0.03992499 0.01384550 0.06590468 0.07142608 0.04738398 0.02401949 0.03883009 0.02904649 0.05089218 0.04559629 0.00717652 0.02966899 0.06518988
173 0.03949109 0.15367798 0.02138810 0.03014700 0.01405020 0.01541080 0.02773410 0.02400730 0.01527120 0.05573499 0.04960239 0.02761670 0.01905420 0.02826490 0.22917596 0.13807798 0.02973970 0.00628766 0.02761680 0.04765099
174 0.04673260 0.03737430 0.02122330 0.03807200 0.01294850 0.02501910 0.04110530 0.04642800 0.01682850 0.19096400 0.05815770 0.03339690 0.02154020 0.03578190 0.02195380 0.03734590 0.23438400 0.00695668 0.02511910 0.04866820
175 0.04361261 0.02875521 0.02143571 0.03614701 0.00716073 0.02318861 0.03521331 0.04147931 0.02621021 0.23655907 0.07659012 0.03003241 0.01369010 0.03400651 0.01784700 0.05398372 0.02028431 0.00441529 0.01763170 0.23175706
176 0.03476960 0.03984810 0.02571630 0.03499990 0.01869450 0.20937002 0.03509480 0.04410760 0.01295970 0.08716801 0.06931991 0.14549701 0.01496120 0.03480250 0.01768270 0.04898780 0.03367140 0.01107920 0.02883520 0.05243451
177 0.06036603 0.04577442 0.03556452 0.03426672 0.01866921 0.02315931 0.04090742 0.04686173 0.01647291 0.06437483 0.08456205 0.03874382 0.03472082 0.03682912 0.21966412 0.05238883 0.04563022 0.00752606 0.03008222 0.06343563
178 0.04445453 0.03418162 0.02479972 0.03827212 0.00861153 0.03211542 0.03447692 0.04389303 0.01751641 0.22773414 0.04787553 0.16095210 0.01102521 0.02537812 0.01821361 0.04876453 0.02296391 0.00613715 0.01674431 0.13589009
179 0.29776312 0.02855741 0.02769331 0.02673981 0.00693004 0.01657381 0.02868701 0.03216631 0.01785141 0.07531703 0.09647114 0.03294831 0.01883541 0.03073861 0.02103551 0.03281651 0.02735651 0.00539367 0.02683501 0.14929006
