1 0.04517309 0.02920809 0.02775979 0.03296839 0.00942556 0.01569160 0.03798509 0.04446379 0.01530130 0.11063997 0.17547095 0.04122449 0.02850189 0.04061389 0.02286209 0.05883158 0.03738619 0.00583514 0.02490019 0.19575694
2 0.06540923 0.05681952 0.03973332 0.02658751 0.01345181 0.03675361 0.05376012 0.06116252 0.01810931 0.08083313 0.09820024 0.03877702 0.03040271 0.03909522 0.10901004 0.07332183 0.04839262 0.01190560 0.02709741 0.07117723
3 0.04517808 0.03197698 0.05415447 0.11128895 0.00933940 0.05603717 0.04677738 0.19599690 0.01670759 0.04631958 0.08922966 0.05004708 0.01793069 0.06563337 0.01736429 0.03789428 0.02839839 0.00733679 0.02462729 0.04776168
4 0.04993300 0.04238730 0.03409950 0.04418390 0.00845288 0.02393640 0.05284750 0.04522560 0.02577540 0.05963690 0.07977589 0.06010510 0.02697070 0.04052380 0.02238590 0.09279739 0.03365700 0.01108480 0.02508910 0.22113198
5 0.22495812 0.05805723 0.03063442 0.03156922 0.00828938 0.03637012 0.04271082 0.03135852 0.03675542 0.06678433 0.05840723 0.11122506 0.01944271 0.04951763 0.02160521 0.04494432 0.04269202 0.01358521 0.02909762 0.04199542
6 0.07309496 0.03355568 0.04138208 0.13399392 0.02830018 0.04711967 0.07232806 0.03669208 0.02310439 0.13861092 0.06312946 0.03767888 0.01821459 0.02446239 0.01710589 0.03778498 0.09239425 0.00980158 0.02649918 0.04474687
7 0.07209474 0.04400876 0.01889248 0.02888827 0.01375329 0.02517658 0.04578696 0.04908466 0.01772488 0.06402434 0.06822464 0.04257016 0.02988347 0.02574498 0.03415637 0.23873279 0.03437377 0.01280669 0.03088527 0.10318691
8 0.06265961 0.04526600 0.02975520 0.03436660 0.01408080 0.02468740 0.04423210 0.05377311 0.01752540 0.16278102 0.11051801 0.03736320 0.07636091 0.02933650 0.03249790 0.06155631 0.04825940 0.01048990 0.02180510 0.08268551
9 0.05689057 0.04464408 0.02973759 0.05029727 0.01041329 0.02942259 0.13922293 0.03739828 0.02434009 0.05630407 0.09956465 0.10633695 0.01954379 0.04718128 0.02472249 0.05485727 0.03902298 0.01027329 0.04084088 0.07898566
10 0.06302700 0.04857570 0.03158400 0.03286250 0.00720840 0.03165530 0.05639970 0.04244520 0.02176740 0.05702580 0.08688550 0.06246760 0.01225460 0.09625780 0.02231160 0.05150750 0.06502780 0.00735375 0.14550099 0.05788190
11 0.05933547 0.05278377 0.03445898 0.03611648 0.00656494 0.03076619 0.05004358 0.03171138 0.03819648 0.04398718 0.06488457 0.11584994 0.01081029 0.11652394 0.02112109 0.04606368 0.04637898 0.00945914 0.12466094 0.06028297
12 0.06793387 0.05555668 0.05936168 0.04429528 0.01006660 0.05129848 0.04876318 0.07138337 0.03007739 0.05128848 0.06299828 0.06838147 0.01580069 0.13542895 0.02500949 0.04495548 0.04909368 0.00961077 0.03099599 0.06770017
13 0.05304210 0.04795800 0.07428280 0.12638101 0.01277170 0.04563030 0.05477580 0.06067330 0.01902340 0.05043880 0.07425070 0.11098501 0.01415140 0.06526290 0.01778230 0.03628830 0.02853730 0.00868955 0.02696580 0.07210950
14 0.04950772 0.03886741 0.03312071 0.12697105 0.01156150 0.03070991 0.10021904 0.03849471 0.01924001 0.05294972 0.09510274 0.11664204 0.01402391 0.03792671 0.01720231 0.05485002 0.02833231 0.00882782 0.02696491 0.09848544
15 0.09795967 0.12953696 0.03262939 0.03302279 0.01767399 0.02777569 0.05567888 0.05450048 0.01948849 0.06688318 0.07840388 0.04402189 0.02956459 0.04667709 0.03945589 0.07037448 0.04343059 0.01564820 0.03074969 0.06652418
16 0.05037946 0.03259157 0.08215714 0.05575586 0.01173259 0.04443557 0.04748956 0.18410486 0.01678249 0.05473756 0.11062491 0.03473787 0.02617358 0.06278175 0.02662078 0.03848597 0.03729487 0.00656607 0.02090378 0.05564376
17 0.05319184 0.03183553 0.02953142 0.03601533 0.01035661 0.02606162 0.03539703 0.04566014 0.01994572 0.13827212 0.11019509 0.03897393 0.02899472 0.03720263 0.02632072 0.07295566 0.03976663 0.00714227 0.02337282 0.18880816
18 0.05659722 0.07889653 0.05251552 0.06607763 0.00924630 0.08274443 0.04045302 0.12872505 0.01695191 0.03980782 0.04847132 0.09573304 0.01233870 0.07871713 0.02678601 0.04804032 0.03425431 0.00872590 0.02913121 0.04578662
19 0.06081498 0.04620129 0.04147769 0.03784299 0.01070500 0.06755668 0.13536796 0.05439888 0.02677409 0.06437888 0.08984997 0.05027458 0.02214669 0.05177028 0.03609669 0.05458518 0.04462899 0.01087180 0.03659389 0.05766348
20 0.03979511 0.03543861 0.03073381 0.01790451 0.00812627 0.01681741 0.05257692 0.07588222 0.01168240 0.08796823 0.22503407 0.01976441 0.07546782 0.02798761 0.07567792 0.05667312 0.04688211 0.00563812 0.01667071 0.07327862
21 0.07158907 0.04544898 0.01886759 0.02879499 0.01408909 0.02582439 0.04567038 0.04857148 0.01786659 0.06434137 0.06826167 0.04339478 0.02905889 0.02540619 0.03353579 0.23791190 0.03459409 0.01279919 0.03072059 0.10325296
22 0.07036032 0.03220891 0.03408271 0.04016501 0.01276840 0.02080271 0.06300532 0.06830012 0.01555740 0.06405992 0.22740306 0.03989631 0.02480331 0.03522901 0.02759671 0.04912811 0.05158851 0.00651245 0.04478611 0.07174562
23 0.08402088 0.09473588 0.04518549 0.04828859 0.00812290 0.07841638 0.04440239 0.03768749 0.02019630 0.04782709 0.04703989 0.12901897 0.01814480 0.07904258 0.02535739 0.05065199 0.03808289 0.01017540 0.03241439 0.06118829
24 0.07454719 0.03582089 0.03561209 0.04057439 0.01264840 0.03366499 0.04480489 0.18532396 0.01945830 0.07157699 0.11080598 0.03328549 0.02739139 0.04847489 0.02798339 0.05499639 0.04391639 0.00910570 0.02407770 0.06593059
25 0.09997327 0.04122279 0.03284189 0.05335518 0.01807489 0.04869039 0.04994149 0.05625998 0.02511309 0.17194395 0.07853018 0.03698909 0.02047649 0.03166899 0.02863239 0.06114558 0.04233229 0.00927269 0.02988419 0.06365118
26 0.21105506 0.04764191 0.02707721 0.02394971 0.02226111 0.02497161 0.03569141 0.08407393 0.02178411 0.06048962 0.05716552 0.03350771 0.01977351 0.02507561 0.02406161 0.15197505 0.04266951 0.01297650 0.02644211 0.04735721
27 0.07178090 0.03500085 0.02981124 0.02475163 0.01587002 0.01838043 0.05115257 0.11725516 0.02160413 0.06317039 0.07196180 0.02828204 0.11078816 0.02226633 0.02906994 0.07708921 0.10706415 0.02264513 0.01582962 0.06622629
28 0.06544213 0.05080673 0.04246972 0.03877272 0.01363351 0.02588381 0.13908407 0.05096573 0.02701381 0.06586083 0.10258605 0.04454032 0.02732681 0.04359672 0.03188342 0.06171523 0.05135853 0.01324881 0.03866752 0.06514353
29 0.04632083 0.02257921 0.02677362 0.02316371 0.01022011 0.01390091 0.02409211 0.04661313 0.01153141 0.17253910 0.17662610 0.02444111 0.03616412 0.03901382 0.02646152 0.04606063 0.04292202 0.00368423 0.01888921 0.18800311
30 0.06943563 0.04325106 0.02561047 0.03285487 0.01250799 0.02631497 0.09914490 0.04079906 0.02292208 0.14713285 0.06862243 0.03798036 0.02361878 0.02452588 0.03083917 0.14006186 0.04721795 0.01098309 0.02354848 0.07262813
31 0.07203765 0.03526527 0.03676127 0.04002477 0.01230259 0.03425328 0.04464697 0.18692587 0.01951979 0.07109175 0.11267992 0.03206228 0.02727788 0.04949396 0.02803618 0.05416486 0.04408837 0.00893500 0.02389138 0.06654095
32 0.04554445 0.03186387 0.02985367 0.03566526 0.00920825 0.01708058 0.04255195 0.04578925 0.01636108 0.09502760 0.17300582 0.04518345 0.02737077 0.04278485 0.02330298 0.06109954 0.03685876 0.00647259 0.02893147 0.18604380
33 0.07171814 0.02694658 0.02820828 0.03201668 0.01337489 0.01705899 0.03912947 0.05182486 0.01607609 0.17809486 0.18621486 0.02414598 0.03462697 0.03232118 0.02728108 0.04403747 0.04505797 0.00419107 0.02304368 0.10463092
34 0.07221318 0.13646096 0.01573440 0.01359790 0.01029720 0.04302139 0.04895129 0.04840859 0.01272640 0.05591458 0.04699709 0.03037529 0.02306069 0.02469669 0.13291796 0.17759995 0.02628629 0.01954269 0.01841279 0.04278469
35 0.05978590 0.05862340 0.04933460 0.03654750 0.00806349 0.04416180 0.05752610 0.05252370 0.03303140 0.04802170 0.05129130 0.06842030 0.01045300 0.13599100 0.02458240 0.04272810 0.06135700 0.00861291 0.09363100 0.05531340
36 0.12173696 0.03843739 0.03279859 0.03674779 0.01352780 0.02350789 0.06118078 0.05597988 0.08912487 0.08283138 0.07286578 0.04716609 0.02411689 0.05034258 0.02311229 0.06098298 0.04371299 0.01500360 0.02423219 0.08259128
37 0.07443419 0.03923850 0.02383770 0.02066600 0.01817680 0.02288150 0.04063620 0.04799330 0.01711170 0.06910409 0.08415059 0.03127750 0.03541270 0.03050940 0.02932130 0.19240198 0.09259799 0.01515670 0.03832940 0.07676249
38 0.07810352 0.04060851 0.02498081 0.03636101 0.00847492 0.02941781 0.05098651 0.04100541 0.01362660 0.06816552 0.12712003 0.05202631 0.01637580 0.03975521 0.02278401 0.06822422 0.05972071 0.00768873 0.15140204 0.06317232
39 0.07510809 0.08358329 0.02463130 0.02581390 0.01374710 0.01944790 0.05559219 0.04110050 0.08910109 0.05759889 0.05058319 0.04460560 0.02427630 0.04061070 0.02706040 0.14536399 0.03462990 0.01964560 0.02198110 0.10551899
40 0.05956390 0.05851020 0.04814580 0.03741910 0.00784983 0.04484760 0.05814970 0.05446300 0.03302490 0.04646170 0.05170550 0.06858740 0.01024190 0.13689201 0.02439750 0.04219800 0.06066490 0.00853470 0.09345351 0.05488880
41 0.07458611 0.05956790 0.04569230 0.06390090 0.00913875 0.09735621 0.04395100 0.05327900 0.01812090 0.06179670 0.05508510 0.10885801 0.01497800 0.07100210 0.02594650 0.05208000 0.03778290 0.00909538 0.03353790 0.06424430
42 0.21104094 0.03845829 0.02041559 0.01932949 0.02613979 0.02244779 0.02751039 0.16598295 0.01440370 0.04989439 0.05043138 0.01741599 0.01670419 0.01759109 0.02295369 0.18071395 0.03129029 0.01198800 0.01698009 0.03830799
43 0.07021767 0.03116599 0.01644639 0.02603769 0.00577944 0.01718409 0.04959208 0.03558808 0.00757610 0.04985778 0.22390690 0.04804588 0.01345359 0.03538788 0.01599919 0.04669448 0.06431467 0.00592152 0.17846892 0.05836167
44 0.05342098 0.02872849 0.02737629 0.03157699 0.00995986 0.01569449 0.04168818 0.05053188 0.01334939 0.10036095 0.21674990 0.03678688 0.02815429 0.04041228 0.02476229 0.04934808 0.04466728 0.00552080 0.03544678 0.14546393
45 0.05442019 0.04499979 0.04101629 0.04224249 0.00971409 0.03220159 0.11799798 0.05604749 0.02526220 0.05233419 0.14802497 0.05690049 0.02037850 0.09098658 0.02583320 0.04050679 0.03934379 0.00821508 0.03092869 0.06264559
46 0.06897152 0.03315721 0.03367381 0.04023271 0.01236560 0.02050931 0.06325262 0.06922432 0.01549280 0.06443352 0.23226307 0.03855531 0.02555811 0.03504661 0.02709291 0.04798032 0.05139172 0.00645488 0.04403861 0.07030502
47 0.07422315 0.04083203 0.04077213 0.08204505 0.01622701 0.13865309 0.03798492 0.06404404 0.01590281 0.10439306 0.05473913 0.04263143 0.01427501 0.05247173 0.03092912 0.05326893 0.03640082 0.00846279 0.02987342 0.06187034
48 0.11672299 0.04315290 0.03816540 0.03568790 0.01052240 0.02550780 0.04346520 0.04259310 0.02485540 0.06019909 0.07571009 0.04933110 0.02633290 0.03795100 0.02292510 0.08489909 0.04372850 0.01135590 0.02834120 0.17855298
49 0.08671863 0.08186053 0.02369251 0.01974281 0.01745511 0.02804711 0.04182972 0.11300405 0.01632111 0.05724402 0.06364003 0.03013381 0.02505301 0.03336881 0.03701291 0.15186206 0.08486193 0.01826541 0.02334951 0.04653692
50 0.06585132 0.03128261 0.04104341 0.16763205 0.02257671 0.03468661 0.10980403 0.03856711 0.02247941 0.07161812 0.09563863 0.06145362 0.01494670 0.02811851 0.01433970 0.04056371 0.04142241 0.00870461 0.02225811 0.06701262
51 0.05460580 0.03248110 0.02947430 0.03617230 0.01049450 0.02639740 0.03563530 0.04526390 0.01927200 0.13977301 0.11141701 0.03761170 0.02997940 0.03666870 0.02605490 0.07230631 0.03932410 0.00693843 0.02340480 0.18672501
52 0.26253805 0.03217731 0.02172820 0.02161960 0.01249580 0.01802440 0.03666671 0.04701741 0.10055402 0.10945102 0.06731061 0.03804631 0.01412820 0.03612971 0.01886160 0.04754561 0.03733771 0.01279840 0.01449560 0.05107371
53 0.10087395 0.04195618 0.03294568 0.05401397 0.01825499 0.04886738 0.05041038 0.05362327 0.02578339 0.17187592 0.07876446 0.03658468 0.02066339 0.03171078 0.02865559 0.06058367 0.04235468 0.00943058 0.02966279 0.06298427
54 0.16035495 0.04275199 0.12632096 0.02837569 0.01798279 0.03022159 0.04366999 0.05090398 0.02133519 0.06657978 0.07358348 0.03896739 0.02532789 0.04538089 0.02305059 0.05986118 0.04739389 0.01016170 0.02216669 0.06560938
55 0.23637905 0.05183341 0.03128781 0.03156651 0.01525920 0.02924451 0.03998731 0.06255741 0.03367051 0.08061412 0.07944802 0.04324041 0.01806100 0.03529381 0.02284870 0.05518271 0.04315821 0.01246090 0.02862421 0.04928221
56 0.05805314 0.02560552 0.02703082 0.02743002 0.01140661 0.01727051 0.02877842 0.04815274 0.01361241 0.17328813 0.17423313 0.02462422 0.03548033 0.03706373 0.02820992 0.04670084 0.04423753 0.00419905 0.02278782 0.15183511
57 0.07305973 0.04454832 0.01834261 0.02792241 0.01385801 0.02557441 0.04511142 0.04965352 0.01866471 0.06395153 0.06816173 0.04185362 0.02910111 0.02582051 0.03328171 0.23906610 0.03493191 0.01291041 0.03106021 0.10312604
58 0.07225421 0.03221191 0.01937140 0.01580260 0.00942725 0.01903350 0.03615711 0.03080391 0.01336490 0.04916131 0.11184702 0.03597311 0.01528260 0.05553261 0.01853840 0.11825002 0.12727902 0.00782937 0.16014703 0.05173271
59 0.04842190 0.04604930 0.02869080 0.02987750 0.01222800 0.01797740 0.04076420 0.05194929 0.01618380 0.16183198 0.11385499 0.03366560 0.11479199 0.02682340 0.03300680 0.05966659 0.04899070 0.01032760 0.01989660 0.08500159
60 0.07333859 0.04857190 0.03448090 0.06016939 0.01061330 0.03374730 0.05610369 0.04368980 0.02439390 0.05923179 0.08258879 0.12637699 0.02061860 0.05746529 0.02403190 0.06355109 0.03845040 0.01178320 0.04368180 0.08711139
61 0.05744251 0.03849151 0.04896451 0.02264171 0.01012570 0.02604781 0.03586251 0.04280641 0.02495351 0.08657922 0.09451572 0.04553041 0.02616611 0.10246402 0.02260881 0.04317971 0.08878732 0.00742006 0.02925441 0.14615804
62 0.07658319 0.06321069 0.04181339 0.05971629 0.00779209 0.07756409 0.04765139 0.04223279 0.01951500 0.05248649 0.05735589 0.14005597 0.01650370 0.07073259 0.02286970 0.05273079 0.03588679 0.00931149 0.03392339 0.07206429
63 0.10031002 0.04211591 0.03185151 0.05397871 0.01813060 0.04940521 0.05038271 0.05465871 0.02490650 0.17230403 0.07766781 0.03751481 0.02004010 0.03169651 0.02904360 0.06172311 0.04278021 0.00913494 0.02983660 0.06251841
64 0.06547545 0.03018932 0.13196410 0.02301402 0.01611951 0.02268792 0.04487643 0.03766113 0.01665451 0.15762112 0.10526008 0.02530052 0.03267252 0.04809964 0.02752702 0.03412413 0.04845544 0.00707417 0.02314592 0.10207708
65 0.05276497 0.02279149 0.06925466 0.03123708 0.01372399 0.02122199 0.05635517 0.11791493 0.01371319 0.07800336 0.18766089 0.02132299 0.03532478 0.03239438 0.03278178 0.04074378 0.08154905 0.00499417 0.01806649 0.06818086
66 0.06423577 0.03545908 0.04445878 0.12022294 0.01952169 0.02503249 0.13362694 0.04712368 0.02504379 0.06252847 0.10560295 0.05376267 0.01919059 0.03130078 0.02058419 0.04670678 0.04638538 0.00966058 0.02328179 0.06627067
67 0.06123939 0.02918249 0.04321219 0.12677498 0.02118260 0.02418360 0.11669398 0.04472959 0.02062340 0.05668159 0.17089897 0.05481569 0.01544960 0.02734299 0.01891370 0.03580319 0.04466659 0.00620679 0.02433990 0.05705879
68 0.28491603 0.03726350 0.01986290 0.01576240 0.03069370 0.01823060 0.02200820 0.19393002 0.01415830 0.04453270 0.04054250 0.01298460 0.01076300 0.01398900 0.01500110 0.15061202 0.02945380 0.01035200 0.01350890 0.02143470
69 0.07692332 0.04107961 0.03711761 0.03367881 0.01646010 0.02706561 0.05875242 0.05517672 0.02019071 0.07292422 0.10443303 0.04034481 0.02622511 0.04943671 0.02805251 0.04872851 0.14218604 0.01274640 0.04418351 0.06429422
70 0.04550652 0.03240591 0.02991801 0.02398141 0.00986294 0.01347001 0.02831881 0.05021962 0.01246720 0.15927206 0.13442905 0.02474511 0.07892423 0.02995861 0.03255701 0.05728662 0.04831202 0.00836426 0.01704151 0.16295907
71 0.07053904 0.08998165 0.03706112 0.04087042 0.00783211 0.07467414 0.04680613 0.03374522 0.01699521 0.04622603 0.04202282 0.11654307 0.01619201 0.05773783 0.04153442 0.12035707 0.03232032 0.01158971 0.02924522 0.06772644
72 0.05401859 0.07903939 0.03296100 0.12318199 0.01325230 0.03275850 0.05374969 0.04212590 0.01889700 0.05617279 0.06092129 0.08359179 0.02202300 0.03757520 0.01985470 0.10799299 0.02519590 0.01439080 0.02550800 0.09678919
73 0.06405369 0.04923669 0.04283629 0.04041869 0.01376930 0.02599299 0.13956397 0.05084139 0.02836259 0.06508089 0.10305598 0.04510479 0.02788959 0.04441369 0.03090279 0.06034769 0.05057159 0.01320450 0.03783669 0.06651619
74 0.06401089 0.05030759 0.01843590 0.03023010 0.01033410 0.02390820 0.09305439 0.04402810 0.01910040 0.05645039 0.05900829 0.04405940 0.02675400 0.02213290 0.03532860 0.23627198 0.03269510 0.01527440 0.02445750 0.09415779
75 0.05613382 0.04162611 0.04259341 0.03911801 0.01025040 0.03041651 0.05150261 0.07216502 0.01961851 0.06862932 0.16578705 0.05120631 0.02530301 0.10714703 0.02329181 0.04053651 0.03941211 0.00682712 0.02435261 0.08408272
76 0.23289809 0.05084012 0.03074591 0.03176821 0.01554491 0.02821361 0.04057192 0.06313433 0.03389971 0.08383583 0.07960683 0.04358002 0.01804391 0.03559991 0.02229471 0.05522372 0.04344932 0.01196480 0.02984981 0.04893432
77 0.05412368 0.02953499 0.02810479 0.03188049 0.00984396 0.01544999 0.04348778 0.04923888 0.01339219 0.09858566 0.21785991 0.03749658 0.02844529 0.04038018 0.02427719 0.04859878 0.04475178 0.00551527 0.03468869 0.14434394
78 0.06126684 0.03399246 0.05120525 0.12728187 0.01770418 0.12813287 0.05106425 0.05959394 0.01521218 0.08837181 0.04979945 0.04234496 0.01182159 0.05450444 0.02008498 0.03385476 0.07234762 0.00817514 0.02560477 0.04763665
79 0.21624089 0.03855478 0.02715459 0.01875219 0.02376839 0.02093159 0.03469638 0.06466217 0.01998179 0.05287467 0.05980087 0.02750239 0.01902609 0.02435529 0.01545149 0.14747093 0.09204865 0.01672459 0.03406858 0.04593368
80 0.25559602 0.03358100 0.02664300 0.01794600 0.06534210 0.02011410 0.02041400 0.11872901 0.01697060 0.05435630 0.03938160 0.01417630 0.01638960 0.01237760 0.01221480 0.18000601 0.04074900 0.00935174 0.01409840 0.03156280
81 0.04831102 0.03856182 0.03649602 0.12949506 0.01006531 0.03314442 0.06522033 0.04679042 0.01765781 0.05378553 0.08327674 0.13654907 0.01502021 0.04849902 0.01678671 0.05672533 0.02423021 0.01019301 0.03443042 0.09476155
82 0.06204092 0.02754451 0.02809851 0.02379811 0.01365690 0.02150671 0.03027491 0.05610981 0.01592320 0.16678004 0.11782903 0.02384721 0.03374161 0.03496691 0.02722081 0.04937981 0.08568022 0.00695744 0.02552131 0.14912204
83 0.05789158 0.05769128 0.04588079 0.03523259 0.00708925 0.04207869 0.05810188 0.05153608 0.02981769 0.04687159 0.05253098 0.06771348 0.01016340 0.13827196 0.02352609 0.04248939 0.06440658 0.00803477 0.10660297 0.05406898
84 0.08526019 0.04097080 0.04438850 0.05470289 0.01369600 0.09704499 0.05209419 0.07141809 0.05634439 0.07587119 0.05825749 0.04917890 0.01717900 0.06822189 0.02752480 0.04812320 0.03972030 0.01177140 0.02635060 0.06188119
85 0.06319017 0.03485899 0.04402628 0.12053595 0.01929109 0.02595979 0.13327395 0.04660648 0.02507549 0.06101218 0.10482596 0.05447078 0.01943849 0.03185059 0.02045679 0.04788508 0.04584968 0.01009340 0.02360949 0.06768937
86 0.05305250 0.02895930 0.02793070 0.03163100 0.01014430 0.01574120 0.04213920 0.04983790 0.01381590 0.09829020 0.21796301 0.03793480 0.02846410 0.04059620 0.02453160 0.05023580 0.04392990 0.00563116 0.03394320 0.14522801
87 0.04832720 0.03042310 0.02860220 0.03429470 0.00956599 0.02229050 0.03421830 0.04451870 0.02044940 0.13366701 0.10477401 0.03912710 0.02867290 0.03465950 0.02352440 0.07581870 0.03753330 0.00665796 0.02093800 0.22193701
88 0.08484963 0.11675791 0.02245678 0.02366928 0.01781709 0.02565308 0.05083266 0.05247236 0.01640529 0.05812045 0.05915535 0.03475337 0.02895358 0.03143127 0.04815136 0.17690386 0.03886217 0.01765169 0.02443688 0.07066594
89 0.06236616 0.04180364 0.02010602 0.02243922 0.02059182 0.01616811 0.04154584 0.04127454 0.01667022 0.05849005 0.07566887 0.02857123 0.11566810 0.01803742 0.02924323 0.22129620 0.04692234 0.01606461 0.01902832 0.08804408
90 0.06080663 0.03351091 0.03828232 0.13276106 0.01343511 0.09222744 0.09591724 0.05373992 0.01918461 0.08391534 0.07571793 0.05915402 0.01320371 0.04122332 0.01636091 0.03871862 0.03143611 0.00738018 0.02450651 0.06851813
91 0.05512389 0.03223500 0.02890090 0.03544240 0.01057580 0.02703850 0.03474690 0.04633029 0.01904450 0.13870398 0.11087299 0.03802600 0.02971830 0.03708450 0.02613830 0.07216149 0.04020069 0.00705213 0.02351450 0.18708898
92 0.07922780 0.02961770 0.02897060 0.03731860 0.01441160 0.02303470 0.04203590 0.05081520 0.01868670 0.18127400 0.15827300 0.02696810 0.03009800 0.03026400 0.02718350 0.04878170 0.04459830 0.00543098 0.02474290 0.09826670
93 0.07463229 0.04776840 0.03402120 0.05986239 0.01068450 0.03359570 0.05687169 0.04327180 0.02516270 0.05889399 0.08297269 0.12768199 0.02040710 0.05740339 0.02472580 0.06420829 0.03887920 0.01158750 0.04205710 0.08531229
94 0.05768790 0.02308450 0.02532560 0.02477510 0.01136390 0.01740620 0.02409810 0.04967490 0.01262080 0.19582002 0.17169601 0.01974220 0.03628450 0.03424160 0.02869480 0.04198310 0.04443050 0.00349252 0.01972270 0.15785501
95 0.04810586 0.04582466 0.12018990 0.02830678 0.01527059 0.10259592 0.04751926 0.05075676 0.01740789 0.05117306 0.05202586 0.04386326 0.01476709 0.06223795 0.11457891 0.05240076 0.05205016 0.00916449 0.02285458 0.04890626
96 0.07376553 0.04718872 0.03444601 0.05869742 0.01060210 0.03328441 0.05629732 0.04311622 0.02460261 0.05958912 0.08315163 0.12573305 0.02035471 0.05678452 0.02573431 0.06589443 0.03867062 0.01178450 0.04367302 0.08662973
97 0.05699414 0.02241418 0.02537707 0.02371247 0.01139129 0.01652188 0.02310047 0.04874065 0.01201649 0.19731978 0.17516881 0.01902588 0.03736976 0.03445906 0.02814257 0.04048006 0.04503075 0.00329849 0.01947938 0.15995683
98 0.04987971 0.03552421 0.03399861 0.02465570 0.00988054 0.01602810 0.04841511 0.08015191 0.01283190 0.08340182 0.23001404 0.02643110 0.07740291 0.03613431 0.03238211 0.05456631 0.04382511 0.00586938 0.02333180 0.07527531
99 0.07955358 0.03766429 0.15355595 0.02527019 0.01841419 0.03206929 0.04645089 0.04660389 0.01914329 0.06366208 0.07141708 0.03726399 0.03289319 0.05046978 0.02889879 0.09250047 0.05065498 0.00999010 0.02447769 0.07904628
100 0.05000241 0.04038641 0.02780151 0.04764391 0.01037490 0.02913151 0.13965903 0.03849091 0.01923580 0.04915941 0.17828803 0.09797152 0.01940660 0.03802181 0.02457700 0.03844861 0.03740791 0.00715151 0.04502951 0.06181171
101 0.06359720 0.04868940 0.04208160 0.03958550 0.01264910 0.02621560 0.13929800 0.05128870 0.02716330 0.06570250 0.10494000 0.04520430 0.02757460 0.04354070 0.03172840 0.05996440 0.05098270 0.01305630 0.03852160 0.06821610
102 0.05207083 0.04091302 0.02801222 0.06163503 0.00675894 0.02656081 0.05446563 0.03252932 0.02423471 0.05255613 0.07467204 0.12818607 0.01922351 0.04889303 0.02042921 0.07337474 0.02915172 0.01057491 0.03053302 0.18522510
103 0.07101548 0.03309629 0.03306179 0.04023099 0.01254360 0.02053479 0.06185078 0.06959668 0.01554970 0.06384948 0.23238093 0.03885699 0.02526179 0.03459089 0.02682559 0.04734399 0.05115079 0.00611608 0.04528179 0.07086158
104 0.22739980 0.03760357 0.02138508 0.01931188 0.02689498 0.02190758 0.02715368 0.17835384 0.01444169 0.04872636 0.04974466 0.01731548 0.01549619 0.01825348 0.02153438 0.16111385 0.03241057 0.01162689 0.01613869 0.03318737
105 0.19714490 0.04720408 0.03139658 0.04433878 0.01212289 0.02525009 0.13362793 0.04258988 0.02851269 0.06840257 0.07764216 0.04173978 0.01735519 0.03118058 0.01960539 0.04804998 0.05505777 0.01326539 0.02847059 0.03704278
106 0.06313016 0.03533973 0.04439034 0.12055911 0.01973862 0.02565322 0.13313412 0.04638204 0.02485082 0.06190476 0.10574809 0.05413205 0.01879132 0.03109443 0.01997692 0.04862124 0.04558434 0.00983902 0.02310322 0.06802646
107 0.10137399 0.04180629 0.03336040 0.05372799 0.01710660 0.04922659 0.05037409 0.05473059 0.02517270 0.17282298 0.07664049 0.03736910 0.02038430 0.03138270 0.02946880 0.06050719 0.04307659 0.00933362 0.02987310 0.06226189
108 0.09854889 0.05986669 0.03008240 0.03978490 0.01353750 0.02760370 0.05817129 0.05509749 0.03002630 0.05600939 0.05303889 0.04806640 0.03609930 0.03304630 0.03302470 0.09138389 0.05927849 0.08737189 0.02168950 0.06827209
109 0.04693230 0.02230960 0.02629040 0.02404870 0.01042610 0.01416840 0.02383310 0.04657590 0.01201620 0.17146900 0.17538400 0.02479250 0.03574910 0.03854240 0.02641450 0.04613610 0.04323490 0.00365399 0.01887080 0.18915200
110 0.06836011 0.05246031 0.03749471 0.03354791 0.01574080 0.02195760 0.05445691 0.05374531 0.02251130 0.06289861 0.07650282 0.04154951 0.14022003 0.02571921 0.03097331 0.08755182 0.05192851 0.01939540 0.01974160 0.08324422
111 0.08092987 0.03354039 0.08190997 0.03338759 0.01812009 0.02636859 0.05109428 0.05833368 0.01907379 0.06112478 0.15023594 0.03342839 0.03296899 0.03062509 0.02666289 0.10941896 0.05442978 0.00797497 0.02494619 0.06542578
112 0.06050086 0.08992504 0.03077578 0.03567528 0.01108439 0.02891208 0.12080192 0.04669627 0.01954729 0.04717177 0.16837188 0.05208366 0.02344778 0.03400828 0.03336178 0.05184456 0.03968747 0.01074289 0.03987857 0.05548246
113 0.09508618 0.03974589 0.02039330 0.02558019 0.01710670 0.02692339 0.03795039 0.12592397 0.01506670 0.05806229 0.06563329 0.02891659 0.02474330 0.02407560 0.03690619 0.21696596 0.03206119 0.01410190 0.02173070 0.07302629
114 0.07376850 0.04001150 0.04101930 0.08230560 0.01590810 0.13814699 0.03899690 0.06266070 0.01558480 0.10413099 0.05561670 0.04306310 0.01438330 0.05273310 0.03130220 0.05360230 0.03691970 0.00890045 0.02936080 0.06158500
115 0.05118549 0.04180509 0.03440299 0.04380999 0.00838040 0.02442290 0.05206869 0.04513369 0.02500919 0.05932789 0.07956718 0.06024189 0.02716919 0.03923609 0.02252670 0.09397928 0.03414219 0.01120050 0.02567669 0.22071396
116 0.09803508 0.04151209 0.09574088 0.03537299 0.08236988 0.02872149 0.04262949 0.06208829 0.01814260 0.05857749 0.05650739 0.03067139 0.03067429 0.03075579 0.02632859 0.14060497 0.05140969 0.01020710 0.01672640 0.04292409
117 0.07322134 0.04046412 0.04043432 0.08260495 0.01560351 0.13965508 0.03916652 0.06345414 0.01574871 0.10450206 0.05492793 0.04291043 0.01463041 0.05189543 0.03107372 0.05281203 0.03629352 0.00843201 0.03053982 0.06162994
118 0.05266076 0.02603798 0.02206518 0.01540439 0.01179789 0.01242849 0.03235297 0.10815091 0.01403259 0.14635888 0.12103390 0.01889038 0.07894674 0.02506118 0.02952708 0.06332055 0.09717512 0.01078889 0.01446529 0.09950082
119 0.07049257 0.03262099 0.03333349 0.04018858 0.01234849 0.02083879 0.06222447 0.07037207 0.01610309 0.06439147 0.23055791 0.03836748 0.02499249 0.03482719 0.02686539 0.04837938 0.05151328 0.00621741 0.04478338 0.07058207
120 0.23607195 0.05054789 0.03074629 0.03073549 0.01496000 0.02871889 0.04050499 0.06246209 0.03351329 0.08377418 0.07991308 0.04327079 0.01805410 0.03496059 0.02282560 0.05477339 0.04287759 0.01211420 0.02911289 0.05006269
121 0.23491300 0.05157200 0.03167440 0.03274240 0.01504650 0.02926330 0.04067550 0.06169100 0.03376650 0.08262840 0.07847970 0.04333990 0.01728030 0.03518760 0.02297920 0.05526730 0.04331610 0.01254200 0.02855480 0.04908010
122 0.10334395 0.03805408 0.02520109 0.02810989 0.01647639 0.02826889 0.03845988 0.16683792 0.01687259 0.06205327 0.08029106 0.02725929 0.02557879 0.03059488 0.03179398 0.14453293 0.03896248 0.01278439 0.02088519 0.06363907
123 0.05973380 0.02731020 0.02502930 0.01780730 0.01283530 0.01795380 0.03859810 0.12865501 0.01857390 0.13996201 0.09144641 0.02356870 0.02921770 0.03111530 0.02502790 0.05327690 0.15058601 0.00991262 0.02330490 0.07608481
124 0.04772216 0.03308454 0.02844794 0.02324533 0.01025591 0.01596452 0.02800714 0.05079046 0.01229692 0.16535621 0.14078918 0.02512523 0.07234869 0.03220224 0.03298974 0.05434917 0.04881076 0.00759795 0.01792572 0.15269019
125 0.04065830 0.03091550 0.02872860 0.03439710 0.00870427 0.01586450 0.03972390 0.04350400 0.01653090 0.10056900 0.15981100 0.04555560 0.02751840 0.04059160 0.02264620 0.06314670 0.03524510 0.00629563 0.02353770 0.21605600
126 0.13505589 0.04969346 0.03322717 0.02772308 0.01624199 0.02355568 0.05210566 0.03908977 0.02296068 0.05038656 0.05311306 0.04412716 0.11058591 0.02286868 0.02135968 0.07294354 0.11158891 0.02566438 0.01958048 0.06812825
127 0.07928611 0.04345540 0.03073840 0.03394330 0.01374670 0.07645101 0.03925650 0.13598901 0.01471630 0.04959010 0.05337151 0.03392890 0.01606110 0.03766960 0.05570371 0.17700102 0.02895470 0.01567610 0.02134430 0.04311620
128 0.07878241 0.10142201 0.12056001 0.03173560 0.01466060 0.04068140 0.04952420 0.04188560 0.02184520 0.05583371 0.06631711 0.06094371 0.02680160 0.06994381 0.03197470 0.03936960 0.04102800 0.01200280 0.02672290 0.06796501
129 0.07249182 0.03021291 0.02981371 0.03586481 0.01385700 0.01885690 0.04554791 0.05575911 0.01650970 0.13950803 0.19084504 0.03041741 0.03186671 0.03480291 0.02707441 0.04874781 0.04735471 0.00542929 0.02988391 0.09515592
130 0.11694709 0.04274573 0.03857573 0.03558843 0.01069451 0.02605302 0.04300213 0.04260393 0.02520812 0.06310905 0.07498206 0.04907444 0.02583192 0.03936583 0.02344572 0.08204607 0.04388184 0.01154401 0.02821422 0.17708614
131 0.09585592 0.12930103 0.03276901 0.03278611 0.01764580 0.02841641 0.05455881 0.05390661 0.01910430 0.06746381 0.07748622 0.04393831 0.03102481 0.04679351 0.03915421 0.07075311 0.04486231 0.01482280 0.03181071 0.06754621
132 0.05399723 0.02865992 0.02773462 0.03183622 0.01004831 0.01565961 0.04311012 0.04976563 0.01411671 0.09792925 0.21694012 0.03719702 0.02826692 0.04050332 0.02476781 0.05038733 0.04447902 0.00567705 0.03510972 0.14381408
133 0.06653987 0.04048878 0.03607439 0.13935194 0.01753679 0.06088178 0.05494968 0.05416958 0.01901069 0.08908346 0.07950187 0.06306027 0.01999569 0.04034788 0.01746309 0.04710638 0.03511009 0.01131060 0.03182489 0.07619227
134 0.10377300 0.02743650 0.01820300 0.02072150 0.00866019 0.01552300 0.03292430 0.02665810 0.01088290 0.07810470 0.20288499 0.03390960 0.01643180 0.03700650 0.01620120 0.04524460 0.06387370 0.00565945 0.12447700 0.11142400
135 0.15606005 0.03289381 0.02768061 0.03314671 0.01336690 0.01880161 0.04827161 0.05691562 0.01882051 0.06212432 0.21525107 0.03191661 0.01896181 0.02682301 0.02070901 0.04678801 0.05499922 0.00667949 0.04733151 0.06245852
136 0.06521387 0.03425684 0.02261382 0.03533164 0.00814374 0.02469253 0.04366535 0.03427044 0.01419531 0.07587008 0.12705913 0.04896875 0.01840652 0.03908304 0.02010122 0.06815827 0.05182025 0.00705893 0.13098514 0.13010514
137 0.07141949 0.03287649 0.03332409 0.03972989 0.01240820 0.02065000 0.06255649 0.06745529 0.01573270 0.06489339 0.22901896 0.03813499 0.02466470 0.03497709 0.02680540 0.04909649 0.05227389 0.00643586 0.04557779 0.07196879
138 0.07045897 0.05588258 0.05847308 0.04435718 0.00987583 0.05141428 0.04880348 0.07142847 0.02961559 0.05118208 0.06340218 0.06883858 0.01580099 0.13521595 0.02449879 0.04544308 0.04852088 0.00983433 0.03152179 0.06543188
139 0.07505458 0.03482319 0.03573479 0.03859979 0.01214700 0.03322239 0.04460349 0.18836795 0.01963739 0.07111668 0.11346197 0.03116339 0.02836699 0.04721299 0.02879749 0.05484318 0.04369049 0.00899909 0.02405349 0.06610368
140 0.05103739 0.03469400 0.03610639 0.03412960 0.00967201 0.02020960 0.05086119 0.07482739 0.01427870 0.07050009 0.23453197 0.04097999 0.03101590 0.08909079 0.02157280 0.03602169 0.03588949 0.00514643 0.02439390 0.08504069
141 0.13759589 0.04955986 0.03068158 0.02353518 0.02515078 0.02082378 0.03816877 0.05190066 0.01808779 0.04007087 0.04733696 0.03318977 0.10515692 0.01608019 0.02382178 0.18312785 0.05395166 0.01872379 0.01858149 0.06445445
142 0.05022419 0.04183839 0.03482789 0.04345749 0.00839779 0.02444290 0.05276819 0.04516129 0.02597310 0.05975109 0.07918238 0.06034909 0.02663149 0.04027319 0.02249470 0.09161118 0.03439299 0.01107820 0.02527450 0.22186996
143 0.07377566 0.03530718 0.03620598 0.04002518 0.01178409 0.03308968 0.04454388 0.18977891 0.01927489 0.07109236 0.11293694 0.03174018 0.02813149 0.04799058 0.02789259 0.05493037 0.04460538 0.00940310 0.02235309 0.06513847
144 0.09980249 0.04596249 0.03193680 0.10485199 0.00933582 0.03310620 0.05594549 0.03529600 0.01797320 0.05318389 0.05813569 0.11735999 0.01929690 0.03839680 0.01868590 0.11387799 0.02826610 0.01409000 0.02903820 0.07545809
145 0.20849808 0.03793852 0.02034331 0.02005741 0.02620631 0.02274671 0.02874941 0.16617707 0.01427451 0.04959102 0.05165382 0.01786291 0.01753581 0.01742621 0.02272471 0.17911507 0.03119341 0.01183120 0.01673651 0.03933802
146 0.04921873 0.02144841 0.02557442 0.01940281 0.01061311 0.01051561 0.02327401 0.05046823 0.00964335 0.17481810 0.20661512 0.01871421 0.04067322 0.03980942 0.02761412 0.04072122 0.04562133 0.00300606 0.01974141 0.16250710
147 0.13619793 0.03976548 0.01667579 0.01818609 0.02098969 0.02243939 0.03165588 0.05711967 0.01447259 0.05240957 0.04650408 0.02771899 0.02315249 0.01586189 0.02662949 0.29708685 0.03574568 0.01135759 0.02921759 0.07681326
148 0.08679342 0.03891351 0.03494821 0.03492851 0.01331480 0.02896391 0.10276602 0.12041002 0.02589751 0.12931303 0.06922901 0.03365861 0.02146570 0.03185461 0.02741571 0.06154481 0.05693291 0.01078820 0.02371740 0.04714411
149 0.07888816 0.02973212 0.02953312 0.03727473 0.01418101 0.02204862 0.04063343 0.05265324 0.01863541 0.18009514 0.15926412 0.02688332 0.03071212 0.03066902 0.02721112 0.04744534 0.04476373 0.00545105 0.02418042 0.09974477
150 0.04528469 0.03449880 0.02835230 0.02163020 0.01034330 0.01277460 0.03450960 0.05804219 0.01141960 0.15233998 0.18770197 0.02321070 0.08005879 0.03424360 0.03300530 0.05592239 0.04562909 0.00511284 0.01812110 0.10779898
151 0.06444397 0.04991245 0.03414644 0.02365603 0.01364042 0.03661784 0.04576805 0.13666615 0.01491502 0.07102128 0.09730071 0.02793763 0.02851743 0.03519294 0.11580713 0.07681248 0.04296715 0.01087681 0.01996342 0.05383666
152 0.09665950 0.12911200 0.03316740 0.03377980 0.01792760 0.02902460 0.05581910 0.05445140 0.01881300 0.06686080 0.07637890 0.04378020 0.02854390 0.04752090 0.03970910 0.07172040 0.04392180 0.01462890 0.03085530 0.06732540
153 0.06451229 0.05678259 0.04041699 0.02708359 0.01319980 0.03740429 0.05477629 0.06060789 0.01833290 0.07915908 0.09700858 0.04018769 0.03036729 0.03939629 0.10809798 0.07314769 0.04791329 0.01205330 0.02781599 0.07173619
154 0.06798696 0.04614144 0.04747404 0.03635823 0.01196951 0.03889053 0.05070474 0.05410285 0.02526212 0.12111310 0.08926598 0.05226684 0.02171972 0.10447909 0.02642632 0.04546084 0.04563514 0.00727346 0.02662112 0.08084797
155 0.18020709 0.03253242 0.02347211 0.02074051 0.01992861 0.02059221 0.02996132 0.14828208 0.01384551 0.05725143 0.12134606 0.01795651 0.02388641 0.01970901 0.01990171 0.13620107 0.03852942 0.00826458 0.02159491 0.04579702
156 0.07254148 0.04100159 0.12981196 0.03736829 0.01588589 0.03366489 0.05778568 0.05334128 0.02281199 0.07216638 0.09348757 0.04218559 0.02922059 0.06103358 0.03020139 0.04177809 0.04755348 0.00893734 0.02655549 0.08266747
157 0.04087280 0.02693230 0.02900470 0.01666400 0.00840731 0.00843178 0.02670030 0.05782771 0.00820410 0.13659302 0.22720202 0.01765040 0.06721261 0.04112640 0.02979640 0.04382870 0.04436790 0.00379000 0.01812350 0.14726402
158 0.05050570 0.04612100 0.05249170 0.10592200 0.00798711 0.05647330 0.04712150 0.07634510 0.02487350 0.05364290 0.04956660 0.07655140 0.00941340 0.10450900 0.01966350 0.04203770 0.03595260 0.00860406 0.07570930 0.05650860
159 0.05605615 0.02678972 0.02640312 0.03398173 0.01115161 0.03197943 0.02694852 0.04596664 0.01572561 0.18504416 0.12035610 0.02624782 0.02993423 0.03254713 0.02713222 0.05543225 0.04101513 0.00519115 0.02082512 0.18127215
160 0.07233343 0.06923453 0.08968314 0.05593342 0.00824734 0.08120314 0.03582202 0.04942772 0.02184121 0.03653722 0.04264122 0.13194106 0.01298831 0.09559454 0.02360321 0.03969212 0.03851712 0.00822662 0.02616201 0.06037063
161 0.06686988 0.03241049 0.01769210 0.02612559 0.00915831 0.01802309 0.03710409 0.02884899 0.01784220 0.05899498 0.08458158 0.04512529 0.01902699 0.03092459 0.01905359 0.19315595 0.04633469 0.00680567 0.10031797 0.14160396
162 0.07694077 0.04031969 0.02537559 0.03689699 0.00870275 0.02966469 0.05182568 0.04250819 0.01421210 0.06578798 0.12561196 0.05213858 0.01629649 0.04062039 0.02351159 0.06946598 0.05744178 0.00795699 0.15234495 0.06237688
163 0.23814684 0.03816497 0.02362338 0.02451968 0.02047859 0.02395198 0.02879288 0.22111885 0.01741039 0.05264487 0.06725826 0.01866349 0.01392749 0.02756028 0.01683389 0.07927665 0.03104098 0.00953355 0.01716449 0.02988848
164 0.06395933 0.03001371 0.02861241 0.03981892 0.01221111 0.03739992 0.03090221 0.04574162 0.01678571 0.18348808 0.11553905 0.02796961 0.02912131 0.03239621 0.02861941 0.05372162 0.04110112 0.00593325 0.02388831 0.15277707
165 0.06087848 0.04007959 0.07483338 0.13995296 0.01921310 0.05083949 0.05983268 0.06893318 0.01990219 0.07047238 0.08265648 0.05855768 0.01746650 0.05146759 0.01847000 0.03423609 0.03600019 0.00887936 0.02477939 0.06254928
166 0.05545517 0.03614058 0.02634479 0.02456469 0.01409579 0.01544379 0.04110488 0.05848457 0.01669589 0.15295592 0.11037094 0.03036958 0.08524396 0.02722659 0.02965519 0.05392827 0.09773795 0.01174109 0.01972629 0.09271405
167 0.09694482 0.03407361 0.01701220 0.01736830 0.01805150 0.02147960 0.03219711 0.10480602 0.01633910 0.10538402 0.06932951 0.02139720 0.02519081 0.01868890 0.03035751 0.22154604 0.04419651 0.01216050 0.01947180 0.07400491
168 0.03778861 0.04714921 0.03070011 0.06551431 0.00500958 0.02829121 0.06297851 0.03237031 0.02488211 0.03422181 0.05557771 0.11988703 0.01751100 0.04292581 0.01920250 0.08803942 0.02309381 0.01051650 0.02404341 0.23029705
169 0.07445592 0.04016991 0.04081911 0.08169903 0.01587100 0.13986304 0.03825861 0.06260382 0.01504600 0.10478903 0.05513132 0.04278071 0.01467940 0.05121452 0.03100501 0.05354532 0.03724141 0.00869829 0.03035901 0.06176952
170 0.05666782 0.04120102 0.02839811 0.02749581 0.00795285 0.01758221 0.05166332 0.05023932 0.01344901 0.06851563 0.19783008 0.04289892 0.05788532 0.04197202 0.02320091 0.05161752 0.04658612 0.00872656 0.09882054 0.06729693
171 0.09594808 0.13032997 0.03185809 0.03330829 0.01838640 0.02917449 0.05425129 0.05359749 0.01899960 0.06785899 0.07739448 0.04389069 0.02985489 0.04759589 0.03891529 0.07054799 0.04406559 0.01620310 0.03117729 0.06664209
172 0.04573337 0.02858508 0.07444475 0.02083369 0.01102139 0.01295719 0.03601878 0.05431397 0.01242209 0.14655791 0.18011789 0.02077129 0.08047925 0.03687358 0.02855188 0.03938018 0.04391517 0.00434752 0.01513409 0.10754093
173 0.06812297 0.03988138 0.03653748 0.13998793 0.01750939 0.06001757 0.05485077 0.05320657 0.01905619 0.08951756 0.08026036 0.06292407 0.01962559 0.03943758 0.01762929 0.04689858 0.03553328 0.01127789 0.03218928 0.07553626
174 0.06402153 0.04793792 0.04257212 0.03900072 0.01300541 0.02628891 0.14084206 0.05111042 0.02832981 0.06513563 0.10594204 0.04386542 0.02743921 0.04352892 0.03108591 0.06024472 0.05117982 0.01321801 0.03951432 0.06573713
175 0.05098752 0.04332521 0.03580681 0.14368004 0.01132690 0.03840211 0.06024602 0.04429391 0.01649160 0.06159402 0.07980172 0.12552904 0.01685701 0.04502771 0.01599970 0.05087042 0.02578871 0.01054340 0.03373721 0.08969093
176 0.05375900 0.04717220 0.08263970 0.09819410 0.01919290 0.04408280 0.05362050 0.05837520 0.01823750 0.06119110 0.08142780 0.05518730 0.02113680 0.05077320 0.07258020 0.03798160 0.04361530 0.00951252 0.02585060 0.06546970
177 0.04794918 0.03568659 0.03981989 0.03216609 0.00956507 0.01516499 0.04074098 0.04685828 0.01858779 0.07618287 0.08501257 0.03615239 0.08899267 0.02633929 0.02526449 0.08244527 0.04103868 0.01517149 0.01664849 0.22021292
178 0.13726506 0.03714032 0.03322391 0.04233922 0.07847523 0.03419401 0.03773862 0.04264512 0.01958331 0.09009414 0.08312794 0.02791171 0.02244471 0.02463041 0.02161161 0.07110963 0.05717892 0.00942457 0.02015251 0.10970905
179 0.05939599 0.04330170 0.04183100 0.04137570 0.01140990 0.06998819 0.14737399 0.05292339 0.02621020 0.06489949 0.08998989 0.04830900 0.02079480 0.04920090 0.03492950 0.05199719 0.04396810 0.01003940 0.03577640 0.05628529
