1 0.02645271 0.01395300 0.02410471 0.02906481 0.00781081 0.00672347 0.03135941 0.02983881 0.01130440 0.06969262 0.40465910 0.01796150 0.01908630 0.02659781 0.01434540 0.04061181 0.02356821 0.00822018 0.02014990 0.17449504
2 0.05417541 0.04697541 0.03022341 0.02336401 0.04535291 0.02026161 0.03358701 0.03546221 0.00899573 0.04797091 0.05827632 0.03213421 0.02627821 0.02116681 0.35110409 0.04956171 0.03191151 0.01015120 0.01602720 0.05702012
3 0.02023409 0.01780589 0.04601768 0.17369693 0.00609364 0.02496819 0.03532889 0.29496988 0.03777728 0.06089058 0.06132628 0.02694489 0.02399099 0.02905139 0.01485469 0.02721459 0.03074969 0.00525366 0.01445749 0.04837328
4 0.03514292 0.02312911 0.02808251 0.04733102 0.00698565 0.02435071 0.03653792 0.03212871 0.01969991 0.05679522 0.06989373 0.04354572 0.02373591 0.02928761 0.02022521 0.07788703 0.03398911 0.00646422 0.01806261 0.36672516
5 0.05403377 0.03679188 0.02746589 0.06267327 0.00904350 0.02568789 0.04051688 0.03979108 0.01587879 0.05813737 0.05370817 0.27854286 0.02140639 0.06045317 0.01838089 0.04360618 0.03826888 0.01165889 0.03860838 0.06534587
6 0.06014872 0.21520906 0.02189691 0.02499751 0.02239351 0.01513610 0.03350031 0.04831641 0.11988503 0.19538805 0.03216531 0.03300861 0.01952661 0.01738000 0.00785568 0.02989811 0.02630391 0.00993004 0.03775171 0.02930841
7 0.05988738 0.01890289 0.01333390 0.01481850 0.00955979 0.01507140 0.01888409 0.03579259 0.01196720 0.05282489 0.07166018 0.02347579 0.01979909 0.02520739 0.01654450 0.45123087 0.02643169 0.00814999 0.01996019 0.08649768
8 0.08403191 0.03747441 0.02471450 0.03054600 0.01010620 0.02154930 0.04520811 0.06654661 0.01896110 0.27978204 0.06217191 0.03890191 0.02092200 0.02441890 0.02003990 0.06014611 0.04169391 0.00966685 0.03522341 0.06789491
9 0.05211273 0.03754182 0.02685511 0.06186703 0.00922789 0.02563771 0.04025292 0.03666342 0.01611811 0.05765223 0.05093683 0.28460115 0.01909131 0.06158243 0.02092131 0.04354762 0.03742252 0.01120371 0.03668312 0.07008104
10 0.06171902 0.02777221 0.02216151 0.02573001 0.00514401 0.01416621 0.05759512 0.02491811 0.01207820 0.06531892 0.05833782 0.04048721 0.01703651 0.04057011 0.01065220 0.04298482 0.03930741 0.00651113 0.38906214 0.03844731
11 0.03017960 0.03113580 0.02503370 0.01784140 0.00330187 0.01732320 0.01393260 0.02475050 0.00972541 0.02361590 0.09538971 0.19321502 0.01102970 0.12643902 0.02418820 0.04232011 0.03587190 0.14742102 0.09016321 0.03712210
12 0.04605971 0.04153401 0.07153141 0.03122151 0.00669546 0.04728151 0.05026271 0.04685091 0.01511520 0.03484281 0.04938111 0.05949731 0.01855170 0.30156005 0.01390220 0.03754151 0.04693601 0.00555076 0.02953411 0.04615001
13 0.04595374 0.02778442 0.01276821 0.25000921 0.00920792 0.01596351 0.14868612 0.01730321 0.01906892 0.04955064 0.03405373 0.24024220 0.01289681 0.01626711 0.00562743 0.01498801 0.01576501 0.00445832 0.01085591 0.04854954
14 0.05178408 0.02735059 0.02288089 0.21049891 0.02340669 0.01747579 0.24067390 0.03329429 0.02787739 0.03923418 0.06450797 0.05941477 0.01216029 0.02435419 0.01017150 0.02482209 0.02373399 0.00629183 0.01369419 0.06637247
15 0.07968982 0.33056307 0.02579331 0.02661311 0.02285660 0.01762750 0.05528091 0.02382870 0.02025560 0.05483461 0.05288481 0.03791211 0.03304301 0.04216601 0.02961931 0.03141131 0.03813131 0.01079970 0.02466800 0.04202121
16 0.06576442 0.01818311 0.02142251 0.03317721 0.00625992 0.02504101 0.02229231 0.38906114 0.02093371 0.07115542 0.07859663 0.02438311 0.01616371 0.03155551 0.01663801 0.04435292 0.05534252 0.00448313 0.01402980 0.04116391
17 0.02591909 0.17470091 0.02720269 0.03563298 0.00674510 0.01889779 0.03698778 0.02550119 0.02654569 0.03789358 0.03460128 0.05186067 0.01654339 0.02767349 0.02387339 0.03735298 0.02892308 0.00798724 0.01859689 0.33656082
18 0.06398208 0.35747987 0.01776069 0.02171469 0.01605989 0.11749996 0.03705619 0.02212969 0.02379159 0.03938719 0.04202408 0.04542078 0.01597909 0.05106488 0.01428769 0.02498169 0.03385649 0.00729667 0.01584809 0.03237869
19 0.03687932 0.05079433 0.03191452 0.03353482 0.01907301 0.01787951 0.35310220 0.02561711 0.02051171 0.05990093 0.07684904 0.03241812 0.01850331 0.04342882 0.01764061 0.02906662 0.03555412 0.00732583 0.03747062 0.05253543
20 0.02821599 0.01995969 0.02112249 0.03020679 0.01260740 0.00840946 0.03165759 0.03736729 0.00945780 0.02193029 0.38796186 0.02262059 0.01614739 0.01379040 0.16120994 0.07660577 0.03758899 0.01082350 0.01691269 0.03540409
21 0.06154699 0.01789920 0.01390550 0.01502160 0.00962923 0.01620850 0.01922250 0.03661490 0.01268270 0.05156889 0.07409709 0.02394300 0.02074360 0.02563240 0.01808080 0.44521494 0.02599690 0.00816400 0.02070480 0.08312249
22 0.04612870 0.02413710 0.02557100 0.03640110 0.01300020 0.01126310 0.03874580 0.04817230 0.01345800 0.04715220 0.41371698 0.02353360 0.02433910 0.02639930 0.01866300 0.05845320 0.03910780 0.00777075 0.02106110 0.06292570
23 0.03119212 0.02216741 0.01645951 0.04300202 0.01013391 0.01111481 0.02570371 0.03496172 0.01021071 0.04373512 0.25661113 0.24821812 0.02320811 0.03574342 0.01799901 0.03432502 0.02738311 0.01431161 0.03755312 0.05596633
24 0.06623518 0.01648219 0.02062419 0.03351779 0.00687509 0.02552779 0.02304589 0.39173487 0.02174359 0.07364648 0.07667508 0.02491649 0.01669339 0.03242799 0.01513090 0.03940029 0.05593988 0.00406153 0.01544330 0.03987809
25 0.08405821 0.03500570 0.02580130 0.03116680 0.00931626 0.02082750 0.04559451 0.06524731 0.01927570 0.28390004 0.06407441 0.03962531 0.02067110 0.02371520 0.01911220 0.05934691 0.03847161 0.01047490 0.03518010 0.06913491
26 0.40084992 0.04007029 0.02074620 0.02729239 0.01502500 0.02608560 0.02434800 0.05813789 0.02645349 0.06748969 0.04995329 0.02777299 0.01922580 0.02316670 0.02023550 0.05299159 0.02997399 0.00797729 0.02580720 0.03639719
27 0.03812403 0.04473713 0.02366062 0.02840052 0.00802885 0.01085021 0.03122402 0.04544623 0.01832831 0.17396612 0.05437144 0.02113222 0.29437721 0.02356302 0.01722631 0.04767133 0.02443652 0.00742816 0.02120602 0.06582175
28 0.03447591 0.04709491 0.03308171 0.03365491 0.01958980 0.01471730 0.35404508 0.02455771 0.02047860 0.06129241 0.07629212 0.03159101 0.01841410 0.04536961 0.01729350 0.02973811 0.03444381 0.00836797 0.04161631 0.05388511
29 0.02857428 0.02133408 0.01861628 0.02476818 0.00655964 0.01504909 0.02965967 0.02551968 0.01137109 0.22486280 0.07937033 0.03923457 0.01792708 0.01636909 0.01748388 0.04108396 0.02238338 0.00632381 0.01048839 0.34302070
30 0.02746241 0.02958271 0.01877591 0.01361701 0.01026010 0.01066470 0.23818009 0.01472481 0.00980589 0.18048207 0.19999608 0.01733371 0.03065261 0.01841921 0.01261360 0.01936801 0.03006261 0.00425353 0.02134691 0.09239804
31 0.06429697 0.01847349 0.02223299 0.03149859 0.00621829 0.02471919 0.02226999 0.38665482 0.02141739 0.07224487 0.07875056 0.02503129 0.01678249 0.03341228 0.01692839 0.04285198 0.05521777 0.00407017 0.01592879 0.04099968
32 0.03620658 0.02427929 0.02652539 0.04475318 0.00632071 0.02352759 0.03715438 0.03233639 0.02109669 0.05937527 0.06640057 0.04213778 0.02358829 0.02836599 0.02045899 0.07782157 0.03331349 0.00688352 0.01729749 0.37215684
33 0.05161663 0.02177321 0.01633141 0.02326701 0.00911277 0.01360211 0.03323122 0.06016374 0.01218031 0.22915314 0.26426816 0.02017151 0.02005951 0.01874161 0.01173551 0.05120033 0.02964782 0.00530393 0.01575981 0.09268026
34 0.01788310 0.26055595 0.03719279 0.00888079 0.03634419 0.00690810 0.01925840 0.01136630 0.00461569 0.02619939 0.02155080 0.02004980 0.00970417 0.01565400 0.41951891 0.02181840 0.01925510 0.00431756 0.00784090 0.03108569
35 0.03363959 0.04114138 0.03822388 0.01923929 0.00307626 0.02115259 0.04490418 0.04305688 0.01335919 0.02270069 0.03009339 0.07468987 0.01567759 0.30533087 0.00916295 0.03371939 0.05799347 0.00623733 0.13727494 0.04932628
36 0.11483105 0.03839402 0.02380141 0.04344842 0.01119650 0.01210361 0.04963942 0.06360333 0.20192009 0.06331763 0.06652203 0.03511372 0.03266021 0.03324231 0.01396891 0.05076772 0.03857082 0.00970576 0.02229491 0.07489813
37 0.05811351 0.02009840 0.01221660 0.01519460 0.00936862 0.01420860 0.01932370 0.03785760 0.01231890 0.05116370 0.07198761 0.02313280 0.01881340 0.02725080 0.01671370 0.45162304 0.02462070 0.00848599 0.02024770 0.08726001
38 0.06261122 0.03020281 0.02300321 0.02595981 0.00538302 0.01541940 0.05510361 0.02341501 0.01206120 0.06552752 0.05973581 0.04014431 0.01750000 0.03762591 0.01151950 0.04376851 0.03812991 0.00787464 0.38770109 0.03731351
39 0.07435304 0.36902821 0.01976001 0.02254671 0.01915271 0.02062511 0.03710452 0.02849722 0.10616606 0.04829843 0.03141802 0.02081431 0.02212991 0.03561752 0.00957543 0.02063491 0.02423681 0.01071071 0.03716672 0.04216362
40 0.03454720 0.03939620 0.03950540 0.01939540 0.00284384 0.01942480 0.04421610 0.04152180 0.01317040 0.02310600 0.03113430 0.07729460 0.01541480 0.30535301 0.00858427 0.03406580 0.05983080 0.00576437 0.13755600 0.04787490
41 0.07618326 0.02428569 0.03684218 0.06770006 0.00747269 0.34830580 0.02877848 0.05157527 0.00734489 0.04320857 0.03882838 0.03553088 0.01358009 0.05824837 0.01769869 0.03329598 0.03225148 0.01002119 0.01724789 0.05160017
42 0.19776685 0.01203549 0.01412739 0.01500929 0.01363669 0.01167849 0.01568879 0.03889967 0.01788039 0.05931565 0.06005505 0.02025318 0.01965149 0.01911449 0.01355729 0.37983771 0.02431398 0.00513096 0.02096268 0.04108447
43 0.06379943 0.02826211 0.02255381 0.02381211 0.00541182 0.01613061 0.05505003 0.02479631 0.01212531 0.06348193 0.05765963 0.04126672 0.01819271 0.03776332 0.01258481 0.04372112 0.03697762 0.00718115 0.38956521 0.03966422
44 0.04280830 0.02328350 0.02806430 0.03607770 0.01352500 0.01164820 0.03984760 0.04794560 0.01285310 0.04636120 0.42270202 0.02380280 0.02384620 0.02541890 0.01865120 0.05391550 0.03668210 0.00763776 0.02204350 0.06288550
45 0.04708190 0.04336990 0.07217760 0.03045640 0.00603895 0.04798520 0.05241630 0.04523790 0.01639370 0.03345600 0.04710370 0.05646670 0.01907050 0.30376100 0.01227670 0.04110310 0.04458900 0.00582054 0.03028920 0.04490570
46 0.04381440 0.02429730 0.02708080 0.03730140 0.01231230 0.01200810 0.03960880 0.04750130 0.01154440 0.04669540 0.42218796 0.02333550 0.02509230 0.02630070 0.01937160 0.05456980 0.03714750 0.00754619 0.02094150 0.06134279
47 0.07583361 0.02227370 0.03669700 0.06923951 0.00709530 0.34299703 0.02789360 0.05244030 0.00825602 0.04303470 0.04174820 0.03411700 0.01324010 0.05907340 0.01795240 0.03215380 0.03349530 0.01137300 0.01673550 0.05435050
48 0.02198771 0.02877171 0.04265961 0.02775481 0.00416231 0.01990610 0.04385931 0.03953401 0.01519240 0.02835561 0.06455172 0.04878971 0.02429961 0.20030705 0.01220410 0.04808511 0.02082660 0.00739515 0.03272131 0.26863606
49 0.05904847 0.02673569 0.03526398 0.01665029 0.00334001 0.02054619 0.02104969 0.02246779 0.01197479 0.06342267 0.04591228 0.15397892 0.01192429 0.02661009 0.02154879 0.25522987 0.12282894 0.02293409 0.02969838 0.02883479
50 0.05349118 0.02517829 0.01790759 0.28866489 0.01422049 0.02364749 0.14169594 0.03291599 0.02980269 0.03922948 0.06478947 0.07112227 0.01375809 0.02165919 0.00932600 0.02240409 0.02567449 0.00793569 0.01353049 0.08304617
51 0.02134111 0.01808271 0.02694631 0.03567382 0.00677656 0.01024650 0.02967431 0.02894811 0.01678481 0.07199393 0.25249611 0.02484381 0.01845271 0.02737171 0.01444731 0.04636832 0.02339101 0.01100950 0.02109121 0.29406013
52 0.11381704 0.03550151 0.02256541 0.04476951 0.01062670 0.01259110 0.05470422 0.06584112 0.20138407 0.06531422 0.06547392 0.03433681 0.03287971 0.03503941 0.01382240 0.05057102 0.04098281 0.00841717 0.02096631 0.07039552
53 0.08624617 0.03677349 0.02542849 0.02960919 0.00993334 0.01989369 0.04526398 0.06631667 0.01999809 0.28206389 0.06223158 0.03884489 0.02131879 0.02577569 0.02025479 0.05930458 0.03903359 0.00993354 0.03356029 0.06821527
54 0.01934591 0.02119681 0.38456313 0.01462600 0.00284095 0.03793861 0.01550011 0.01206640 0.00623103 0.02056521 0.07987073 0.01315910 0.01491571 0.25699709 0.01336950 0.01026400 0.01605051 0.00754368 0.02074231 0.03221321
55 0.40466509 0.04037991 0.02138040 0.02761911 0.01572660 0.02595631 0.02344291 0.05816061 0.02702541 0.06533002 0.04934661 0.02659431 0.01870330 0.02459941 0.01836120 0.05059721 0.03015231 0.00815207 0.02813721 0.03567001
56 0.06771956 0.03057153 0.02203722 0.02236172 0.00518105 0.01752602 0.03581223 0.08043198 0.01572641 0.29617028 0.03764204 0.03555033 0.01466681 0.02434612 0.01431471 0.05159465 0.15295414 0.00922182 0.02121592 0.04495544
57 0.05998608 0.01982009 0.01330570 0.01562320 0.00906750 0.01459780 0.01880289 0.03708469 0.01237290 0.05205289 0.07149198 0.02445479 0.01735840 0.02506939 0.01865209 0.44819588 0.02708509 0.00978217 0.01979169 0.08540478
58 0.03435940 0.02490870 0.01978880 0.04799571 0.00686928 0.01688840 0.03210510 0.03334030 0.01313370 0.05254671 0.06417441 0.02711240 0.01824300 0.03059490 0.01276720 0.02605390 0.28555803 0.00827801 0.02876200 0.21652002
59 0.03130563 0.03883784 0.02208592 0.02939793 0.00640837 0.01127791 0.03704933 0.05542065 0.01861342 0.23358721 0.04982005 0.02087662 0.24903623 0.02378442 0.01625391 0.04713034 0.02439702 0.00828934 0.02059922 0.05582865
60 0.05407782 0.03723071 0.02641451 0.06316383 0.01041660 0.02531771 0.04057842 0.03989642 0.01543521 0.05768502 0.05213732 0.27720711 0.02045691 0.06130262 0.02018711 0.04224962 0.03728481 0.01159100 0.03631591 0.07105133
61 0.04119784 0.02758443 0.03973504 0.03333453 0.00558654 0.01801672 0.03884034 0.06317716 0.01343071 0.29576928 0.04811445 0.02993333 0.02284062 0.16985916 0.02043542 0.03746534 0.03905874 0.00379992 0.01175861 0.04006184
62 0.07401722 0.02380631 0.03798631 0.07134622 0.00718092 0.34404709 0.02870751 0.05211111 0.00786021 0.04124831 0.04029621 0.03430991 0.01314930 0.05761252 0.01767860 0.03408061 0.03405401 0.01122050 0.01568970 0.05359741
63 0.08662567 0.03630089 0.02472009 0.02903899 0.00946760 0.02127909 0.04551328 0.06711357 0.01942589 0.28330489 0.06097998 0.03629739 0.02105279 0.02372629 0.01922179 0.06311147 0.04132568 0.01082660 0.03379469 0.06687337
64 0.04518638 0.03318538 0.31434584 0.02713499 0.00820772 0.03272168 0.03904718 0.03544068 0.01199829 0.04349218 0.08784035 0.03018288 0.02303849 0.09368075 0.02415389 0.02540459 0.03003818 0.01311849 0.02265349 0.05912857
65 0.02552391 0.01775651 0.01439251 0.06423113 0.00884436 0.00727964 0.02507441 0.06215233 0.00798338 0.03585882 0.40631318 0.01595501 0.02436111 0.01140561 0.01718091 0.03167341 0.16436607 0.00340748 0.01683571 0.03940452
66 0.03608298 0.04830217 0.03260758 0.03394738 0.02011949 0.01515509 0.35363181 0.02694039 0.01999259 0.06132367 0.07788176 0.03177148 0.01889599 0.04515828 0.01770039 0.02755309 0.03436198 0.00670444 0.03754968 0.05431977
67 0.05398348 0.03105279 0.02416529 0.27430988 0.01179469 0.04937088 0.04285348 0.04537358 0.01991259 0.04628388 0.08797496 0.06104887 0.02419639 0.02962449 0.01613959 0.02964129 0.04418068 0.00975573 0.02021709 0.07812037
68 0.37813211 0.01323990 0.01811331 0.01756651 0.02197041 0.01150430 0.01698671 0.05010882 0.02950241 0.05667172 0.04560341 0.02285941 0.01655680 0.01786301 0.01878711 0.18571106 0.03076171 0.00429230 0.02038651 0.02338251
69 0.04874450 0.03787640 0.02252940 0.03699800 0.00766873 0.02369710 0.03577330 0.07468620 0.01647930 0.05522380 0.07504450 0.03469690 0.01716340 0.04643940 0.01936840 0.03991700 0.31536700 0.00839928 0.03126670 0.05266070
70 0.03326459 0.04457909 0.02457459 0.03003579 0.00801283 0.01374970 0.03284039 0.05851819 0.01656960 0.05032089 0.06074198 0.02932109 0.22821294 0.02611079 0.01961720 0.04471939 0.18550295 0.00786852 0.02779739 0.05764209
71 0.07838536 0.01945542 0.14381512 0.02537382 0.00389155 0.13735811 0.02016702 0.01687241 0.00648644 0.03205623 0.02336002 0.15528312 0.00531807 0.04110643 0.01037831 0.13363911 0.08528297 0.00877826 0.02322422 0.02976802
72 0.05583767 0.02161253 0.02072062 0.21720226 0.00921813 0.01393522 0.04616105 0.05355906 0.11362913 0.04473455 0.05547517 0.03333844 0.02760623 0.02202763 0.01072311 0.12151214 0.02360263 0.01503752 0.01356342 0.08050349
73 0.03737981 0.04734231 0.03472691 0.03514721 0.01951610 0.01612940 0.35106806 0.02623090 0.01983080 0.05717431 0.07719711 0.03259611 0.01805100 0.04741151 0.01694290 0.03096401 0.03325781 0.00819102 0.03843901 0.05240371
74 0.02463390 0.01320110 0.15176998 0.07175489 0.03070210 0.01155320 0.26740497 0.16264898 0.01102270 0.03947010 0.04054100 0.02592400 0.00933972 0.04300670 0.01307950 0.02138710 0.01941500 0.00378019 0.01274610 0.02661880
75 0.04928311 0.04196351 0.07189102 0.03127721 0.00569821 0.04624961 0.05202092 0.04479921 0.01637530 0.03299861 0.04861611 0.05688882 0.01747071 0.29956509 0.01276740 0.04158041 0.04757311 0.00635920 0.02989961 0.04672281
76 0.40492717 0.04142372 0.02012711 0.02715691 0.01587251 0.02412731 0.02449661 0.05940032 0.02557921 0.06639903 0.05308942 0.02775041 0.01745421 0.02312911 0.01859051 0.05278222 0.02982001 0.00751488 0.02466831 0.03569101
77 0.04493910 0.01759530 0.02223850 0.02546610 0.01238520 0.00754728 0.03416100 0.02767500 0.01414000 0.03967150 0.42252205 0.01761840 0.13272701 0.02157830 0.01545650 0.04783481 0.03154030 0.00289381 0.01276370 0.04924611
78 0.07637899 0.09519518 0.01806720 0.02923389 0.00622701 0.22205396 0.01987220 0.24266095 0.01208570 0.05208969 0.03898699 0.02100620 0.01000780 0.03940059 0.00993656 0.02551830 0.03512909 0.00515642 0.01113520 0.02985809
79 0.30711084 0.01063709 0.02668839 0.01204899 0.01099659 0.01398259 0.01405319 0.03506448 0.03088808 0.06568527 0.03496548 0.03612158 0.00830195 0.01874689 0.01424959 0.19500590 0.10871394 0.00552188 0.02801299 0.02320429
80 0.35182196 0.00856365 0.01014430 0.00967019 0.01877360 0.00733673 0.00812605 0.23046498 0.01329240 0.04270240 0.03878510 0.01004550 0.00727504 0.02489390 0.01279370 0.16080598 0.02149440 0.00240251 0.00809963 0.01250800
81 0.02911151 0.02261101 0.01940300 0.02344871 0.00445642 0.01007790 0.01426440 0.06109252 0.00899882 0.02330571 0.04303161 0.28903607 0.01522530 0.25767506 0.00889871 0.02457811 0.02583241 0.01140450 0.06191072 0.04563751
82 0.04379239 0.02673770 0.02354020 0.03257419 0.00833383 0.12798998 0.03142359 0.08553548 0.01524930 0.21518196 0.04861119 0.02279890 0.13828798 0.02471990 0.01570090 0.03570689 0.03027279 0.00883005 0.02437530 0.04033749
83 0.03975028 0.03084338 0.02689389 0.01825899 0.00261813 0.01206849 0.04315788 0.02797459 0.00909378 0.04394468 0.05124987 0.05765197 0.01499649 0.14681093 0.00976463 0.03974198 0.05784307 0.00872926 0.31452384 0.04408388
84 0.07111732 0.02383851 0.03733681 0.07147142 0.00718795 0.34384712 0.02996491 0.05371142 0.00776897 0.04261171 0.03865601 0.03246611 0.01370200 0.06214342 0.01684281 0.03544681 0.03467001 0.00987624 0.01604331 0.05129712
85 0.05098340 0.03004700 0.03064040 0.15938799 0.02645880 0.01695560 0.27564798 0.03747950 0.02429880 0.04373270 0.06891840 0.04559040 0.01281700 0.02948000 0.01175220 0.02750890 0.02474940 0.00621976 0.01992950 0.05740230
86 0.02522709 0.01374679 0.02263579 0.02817729 0.00814336 0.00678967 0.03081779 0.03045129 0.01081330 0.06685487 0.42109683 0.01617789 0.01854239 0.02752159 0.01344609 0.03864858 0.02452049 0.00749767 0.02000329 0.16888793
87 0.02455260 0.02178580 0.01867680 0.02397860 0.00729638 0.01437920 0.02836090 0.02394410 0.01183390 0.22471304 0.07836691 0.03905601 0.01814840 0.01476440 0.01915140 0.04129291 0.02155100 0.00532356 0.01071300 0.35211106
88 0.08045416 0.32709884 0.02742039 0.02602939 0.02202699 0.01703649 0.06042867 0.02408039 0.02031329 0.05471427 0.05320827 0.03662608 0.03028578 0.04269888 0.02915579 0.03128538 0.04002698 0.01143729 0.02496519 0.04070748
89 0.05945860 0.01789960 0.01337330 0.01603630 0.00925365 0.01523830 0.02000530 0.03756330 0.01110840 0.04900600 0.07654760 0.02366890 0.01982390 0.02518330 0.01779800 0.44525800 0.02660490 0.00915434 0.01964510 0.08737320
90 0.05512550 0.02774810 0.02024900 0.25604298 0.01546020 0.02318230 0.15302899 0.03639100 0.02891450 0.04216280 0.06399100 0.07396490 0.01453100 0.02295890 0.01109130 0.02589710 0.02703780 0.00748646 0.01401500 0.08072120
91 0.03405269 0.02441880 0.02740689 0.04532879 0.00601126 0.02383740 0.03710739 0.03411649 0.02138400 0.05632779 0.06860439 0.04177179 0.02217800 0.02980179 0.01884710 0.07848798 0.03181909 0.00752664 0.01739680 0.37357493
92 0.04618538 0.02248319 0.02703009 0.03636339 0.01332600 0.01179590 0.04022159 0.04816468 0.01301870 0.04566148 0.42391486 0.02359889 0.02450449 0.02546549 0.01785139 0.05646128 0.03553779 0.00721034 0.02107839 0.06012668
93 0.05341051 0.03732811 0.02674390 0.05886331 0.00975064 0.02650620 0.04039131 0.03850611 0.01551740 0.05623081 0.05552561 0.28172405 0.02010240 0.06232151 0.01974590 0.04411431 0.03741701 0.01120800 0.03747841 0.06711451
94 0.02181419 0.01370399 0.01344499 0.01256719 0.00651362 0.00747410 0.02490079 0.02553499 0.00579774 0.30540087 0.21052391 0.01486659 0.02233229 0.01953529 0.00739369 0.02843859 0.02177499 0.00329827 0.01148400 0.22319991
95 0.04307878 0.03281569 0.31247186 0.02838139 0.00937494 0.03334069 0.04125848 0.03624548 0.01191069 0.04265668 0.08844926 0.03100559 0.02415129 0.09334576 0.02306619 0.02600179 0.02821159 0.01295659 0.02308279 0.05819447
96 0.05313432 0.03604271 0.02652941 0.05975042 0.00924613 0.02533391 0.03852961 0.03911981 0.01566371 0.05872662 0.05429652 0.28139110 0.01952021 0.06201602 0.02042231 0.04404612 0.03857351 0.01084270 0.03973281 0.06708202
97 0.02317040 0.01405540 0.01322970 0.01404730 0.00677241 0.00735645 0.02432390 0.02623570 0.00648569 0.30869804 0.20387003 0.01508470 0.02063100 0.01826360 0.00829620 0.02866500 0.02089260 0.00347114 0.00986467 0.22658603
98 0.04426559 0.02355530 0.02800260 0.03631839 0.01330160 0.01210540 0.03999969 0.04603849 0.01259090 0.04671579 0.42607293 0.02350170 0.02448950 0.02574280 0.01716780 0.05490299 0.03605189 0.00790737 0.02089220 0.06037709
99 0.06146567 0.02504479 0.27252588 0.01937339 0.00721544 0.02544649 0.03118409 0.02937969 0.01383019 0.06161607 0.06340947 0.03746078 0.01705449 0.05489028 0.02099379 0.13451194 0.04021558 0.01112010 0.02437249 0.04888938
100 0.04493284 0.04289584 0.01554641 0.07300286 0.01118471 0.02203992 0.16536214 0.01761681 0.11573410 0.04714854 0.03544633 0.23047519 0.01352621 0.02672222 0.01043421 0.03443593 0.02271462 0.00574746 0.01016361 0.05487005
101 0.03630369 0.04879829 0.03377099 0.03239149 0.01824000 0.01614160 0.35619093 0.02560290 0.02120800 0.05957999 0.07333689 0.03077659 0.01731900 0.04706589 0.01695860 0.02923469 0.03529629 0.00681639 0.03988219 0.05508559
102 0.04532118 0.02761999 0.02516689 0.03907908 0.00608363 0.02583979 0.02466379 0.03200369 0.01037600 0.05224488 0.04704818 0.28256488 0.01099590 0.05558098 0.02025409 0.04599068 0.15145493 0.01298379 0.03679198 0.04793568
103 0.04376082 0.02444751 0.02625951 0.03724891 0.01312871 0.01201180 0.03862992 0.04623872 0.01255781 0.04663042 0.42230817 0.02408351 0.02373151 0.02565611 0.01982411 0.05567912 0.03576381 0.00800230 0.02154121 0.06249602
104 0.07278390 0.01647910 0.01445900 0.02414820 0.00545231 0.01183230 0.01777950 0.30408799 0.01453090 0.05827990 0.07337750 0.02129460 0.01315380 0.03255710 0.01895840 0.20270900 0.03503850 0.00646561 0.01202170 0.04459070
105 0.34163724 0.05183324 0.02166042 0.05319974 0.01651291 0.02053631 0.15600311 0.02265702 0.02326152 0.05025764 0.05035034 0.03164672 0.01071221 0.02544492 0.01261651 0.03570343 0.02593782 0.00616919 0.02092141 0.02293832
106 0.04940217 0.02955268 0.03046938 0.16039691 0.02484049 0.01717239 0.27386685 0.03734888 0.02551209 0.04662227 0.06795356 0.04644137 0.01258219 0.02804928 0.01191039 0.02757439 0.02525409 0.00632664 0.01879759 0.05992637
107 0.08600232 0.03868241 0.02532041 0.02937801 0.00967782 0.02011121 0.04424221 0.06636382 0.02067611 0.28034808 0.06068762 0.04141601 0.02096031 0.02542061 0.01865881 0.06126882 0.03889661 0.01045790 0.03554781 0.06588312
108 0.06860803 0.04526762 0.04250142 0.04548742 0.00598506 0.03652662 0.04007852 0.02799981 0.01939541 0.06615203 0.06750923 0.04583912 0.01573991 0.03173761 0.02720891 0.06964223 0.04368962 0.21923010 0.02431441 0.05708693
109 0.02658961 0.02052331 0.01813450 0.02515311 0.00730911 0.01503220 0.02969951 0.02428611 0.01083420 0.22162806 0.08139402 0.04054191 0.01785490 0.01545290 0.01921690 0.04308141 0.02336781 0.00653803 0.01136230 0.34200009
110 0.05391788 0.05459618 0.02882099 0.03422529 0.01322040 0.01503160 0.02867129 0.03301579 0.02334259 0.05323328 0.07122318 0.03166329 0.33176389 0.02986779 0.02672249 0.05161938 0.02628309 0.00487223 0.01978309 0.06812628
111 0.05661799 0.03000430 0.03254590 0.05921109 0.01079760 0.18552698 0.03320610 0.05495119 0.01061320 0.03322590 0.26916197 0.02607770 0.01457020 0.03356750 0.01719040 0.04152180 0.03483150 0.00699582 0.01653280 0.03285010
112 0.04430738 0.02273099 0.02701399 0.03635348 0.01252789 0.01233569 0.03941618 0.04699448 0.01268819 0.04613588 0.42457180 0.02324769 0.02525679 0.02612239 0.01932509 0.05355277 0.03503038 0.00871547 0.02252399 0.06114947
113 0.06060250 0.01913180 0.01261890 0.01584610 0.00899626 0.01459530 0.01877490 0.03782710 0.01254930 0.04975070 0.07253390 0.02384890 0.02100310 0.02535340 0.01829790 0.44527098 0.02604160 0.00850659 0.01945740 0.08899340
114 0.07664467 0.02212999 0.03675098 0.07165517 0.00717393 0.34330585 0.02980819 0.05264018 0.00835710 0.04176208 0.03812368 0.03360779 0.01393579 0.05802308 0.01812769 0.03501858 0.03470869 0.01052470 0.01772099 0.04998088
115 0.03523571 0.02409151 0.02606311 0.04811151 0.00622392 0.02435961 0.03546801 0.03127851 0.02127531 0.05483612 0.06651092 0.04238991 0.02170751 0.02525151 0.01966141 0.08605322 0.03355471 0.00726670 0.01849571 0.37216510
116 0.03718988 0.03086459 0.01697509 0.03917198 0.22116490 0.01150169 0.08776086 0.01873809 0.01221179 0.03447938 0.28670187 0.02560199 0.02354829 0.01052550 0.03860708 0.03520588 0.02317609 0.00259292 0.00750123 0.03648088
117 0.07664620 0.02351940 0.03602090 0.07042960 0.00719783 0.34482599 0.02662520 0.05432750 0.00798061 0.04217800 0.03862520 0.03515150 0.01344660 0.05814060 0.01767160 0.03270040 0.03461150 0.01138470 0.01646820 0.05204850
118 0.04027772 0.02134081 0.01344281 0.01784211 0.00399650 0.01544481 0.01240701 0.32261717 0.01535471 0.05439263 0.05534343 0.01424701 0.08811585 0.01723831 0.01087521 0.04085412 0.21618712 0.00321716 0.01233821 0.02446731
119 0.04485921 0.02459741 0.02664281 0.03722361 0.01202850 0.01219390 0.04053851 0.04802141 0.01280570 0.04485911 0.42636909 0.02285261 0.02550191 0.02447571 0.01770990 0.05586031 0.03634831 0.00733168 0.02105280 0.05872751
120 0.40600917 0.04279012 0.01927151 0.02811961 0.01577251 0.02727411 0.02327651 0.05834682 0.02643501 0.06562893 0.04983132 0.02676301 0.01806791 0.02358201 0.01909251 0.05192842 0.02902281 0.00790768 0.02412941 0.03675062
121 0.40278993 0.04391169 0.02062410 0.02588730 0.01604950 0.02533490 0.02394650 0.05800489 0.02597260 0.06691979 0.05067869 0.02765640 0.01802750 0.02464620 0.01931020 0.05034919 0.03056409 0.00820707 0.02495320 0.03616629
122 0.06583209 0.01789950 0.02201820 0.03281790 0.00612675 0.02543510 0.02224280 0.39095895 0.02039240 0.07172609 0.07622319 0.02586800 0.01523700 0.03401320 0.01616690 0.04148789 0.05607909 0.00472888 0.01405630 0.04068979
123 0.06351766 0.02715208 0.02135119 0.02157509 0.00507801 0.01690209 0.04004618 0.07977485 0.01462609 0.31953082 0.03518428 0.03487008 0.01560509 0.02290399 0.01373189 0.04836137 0.14252292 0.00958215 0.02032789 0.04735627
124 0.05315956 0.03378917 0.16319187 0.03185277 0.00733094 0.01858468 0.04970746 0.04739846 0.01802759 0.28429877 0.03168417 0.03371997 0.01673059 0.03078228 0.01844629 0.05358776 0.04106757 0.00806625 0.01988638 0.03868747
125 0.01848020 0.01561370 0.02590090 0.03748791 0.00547082 0.00997557 0.03128510 0.02911550 0.01867440 0.07810631 0.21128203 0.02310740 0.01590890 0.02389810 0.01241540 0.04845071 0.02185160 0.00975737 0.01697300 0.34624505
126 0.05474563 0.05373623 0.02959642 0.03317982 0.01291401 0.01658261 0.03036222 0.03176652 0.02278061 0.05380433 0.07059304 0.03110542 0.33713218 0.02925112 0.02437791 0.05051003 0.02457531 0.00575046 0.02198091 0.06525524
127 0.05960540 0.01770420 0.01306350 0.01615370 0.00933623 0.01407240 0.01894760 0.03928800 0.01241590 0.05262190 0.07450120 0.02485960 0.01957160 0.02609410 0.01774760 0.44349103 0.02661770 0.00877511 0.01875930 0.08637391
128 0.04360262 0.03346211 0.31349313 0.02825841 0.00911608 0.03308901 0.04291112 0.03322181 0.01221721 0.04460962 0.08387244 0.02928071 0.02375491 0.09423554 0.02390541 0.02658561 0.03065831 0.01347381 0.02317231 0.05707982
129 0.04421898 0.02387499 0.02982589 0.03642709 0.01269020 0.01136560 0.03918619 0.04768298 0.01298530 0.04706588 0.42335584 0.02354029 0.02461529 0.02488489 0.01804309 0.05504548 0.03564639 0.00768197 0.02244299 0.05942068
130 0.03079620 0.02272630 0.01843160 0.02405430 0.00706578 0.01623430 0.02923920 0.02428130 0.01186450 0.23005698 0.08931209 0.03848060 0.02011200 0.01721630 0.01790690 0.04373020 0.02367000 0.00575429 0.01248020 0.31658698
131 0.07857581 0.32726703 0.02692250 0.02637980 0.02280810 0.01694600 0.05762851 0.02469350 0.02020850 0.05341451 0.05459411 0.03736880 0.03003060 0.04216680 0.02809220 0.03241120 0.04103670 0.01145230 0.02462450 0.04337850
132 0.02673850 0.01322990 0.02346500 0.02797620 0.00768750 0.00689005 0.02958280 0.02947690 0.01064020 0.07138250 0.41476101 0.01707860 0.01919180 0.02633190 0.01256180 0.03788580 0.02380070 0.00762872 0.02009510 0.17359501
133 0.04979709 0.02952519 0.02436709 0.27212092 0.01242070 0.04968779 0.04408209 0.04424199 0.02092639 0.04601669 0.08924847 0.06082008 0.02364289 0.02980939 0.01596780 0.02810679 0.04355109 0.01038780 0.02270759 0.08257218
134 0.03229028 0.01799379 0.04199238 0.03167278 0.00501817 0.01137959 0.01788539 0.12700393 0.01519369 0.02927538 0.20066988 0.02835608 0.00925050 0.03066798 0.02621878 0.04006168 0.02249499 0.11325693 0.02558589 0.17373190
135 0.04425451 0.02324381 0.02767331 0.03766801 0.01299940 0.01214240 0.04025851 0.05001981 0.01232570 0.04567561 0.42556611 0.02294761 0.02358021 0.02580911 0.01779850 0.05516891 0.03549231 0.00667053 0.02017241 0.06053322
136 0.06131348 0.02794969 0.02143249 0.02597829 0.00524765 0.01495800 0.05545079 0.02520209 0.01095220 0.06652988 0.05738139 0.03966109 0.01741220 0.03866629 0.01141750 0.04095359 0.03669599 0.00703270 0.39596890 0.03979579
137 0.04252690 0.02342190 0.02705600 0.03614960 0.01328940 0.01145800 0.04093310 0.04953930 0.01310620 0.04630310 0.42390603 0.02343370 0.02377730 0.02565440 0.01861060 0.05282250 0.03761810 0.00803603 0.02119780 0.06116000
138 0.04953969 0.04284140 0.07034289 0.03017590 0.00624077 0.04562019 0.05150809 0.04671389 0.01715630 0.03332620 0.04864259 0.05564059 0.01900770 0.30118997 0.01373410 0.04278670 0.04816589 0.00523714 0.02841340 0.04371660
139 0.06654211 0.01844300 0.02156860 0.03186600 0.00690822 0.02418130 0.02207330 0.39458805 0.02078930 0.07334581 0.07633991 0.02483970 0.01618630 0.03238150 0.01610530 0.04218451 0.05353301 0.00481775 0.01509790 0.03820840
140 0.04745101 0.04328171 0.07435261 0.03073730 0.00644758 0.04418881 0.05105111 0.04650951 0.01646830 0.03243071 0.04994901 0.05710031 0.01840130 0.29916705 0.01386930 0.04322821 0.04614931 0.00611186 0.02887730 0.04422771
141 0.03055681 0.03870252 0.04213572 0.03264701 0.11940605 0.01080830 0.03252581 0.01800211 0.03085951 0.02722491 0.04979152 0.02165801 0.39394717 0.01482401 0.01986221 0.03140381 0.01343751 0.00322388 0.02262401 0.04635912
142 0.03597189 0.02576120 0.02609880 0.04769169 0.00637735 0.02274670 0.03625769 0.03212700 0.02071580 0.05741359 0.06801079 0.04190569 0.02390790 0.02823530 0.01951580 0.07930009 0.03175260 0.00681820 0.01887700 0.37051494
143 0.06596872 0.01821661 0.02258561 0.03235871 0.00676104 0.02587231 0.02360621 0.39238412 0.02105101 0.07107672 0.07681132 0.02479381 0.01622760 0.03140961 0.01617860 0.04016221 0.05573932 0.00433636 0.01439340 0.04006671
144 0.28349514 0.01511481 0.01700031 0.14696907 0.01422971 0.01682031 0.05189342 0.02633061 0.02040091 0.04889382 0.04560082 0.02787341 0.01414521 0.02018871 0.01320961 0.17208608 0.02060421 0.00630092 0.01754161 0.02130131
145 0.21456003 0.00935663 0.00998686 0.01212190 0.00959620 0.00751615 0.01000750 0.21746703 0.01149100 0.05014751 0.05253731 0.01172720 0.00906703 0.02953250 0.01318200 0.27808804 0.02014260 0.00301488 0.00910511 0.02135250
146 0.01970589 0.01061929 0.01443819 0.01471759 0.00591221 0.00591901 0.02281059 0.02544099 0.00555222 0.22299789 0.31669884 0.01126809 0.02262679 0.02639519 0.00860113 0.02793149 0.01961119 0.00328174 0.01155979 0.20391190
147 0.18134191 0.00926577 0.01241589 0.01273159 0.01204509 0.01036679 0.01300539 0.03820598 0.01552849 0.05912327 0.05777587 0.01768839 0.01766139 0.01822189 0.01235019 0.42244478 0.02400359 0.00427334 0.01950339 0.04204698
148 0.09699914 0.01406319 0.01802209 0.02208319 0.00509672 0.02113559 0.01044339 0.37870075 0.02658988 0.17836888 0.04064747 0.01221019 0.01867149 0.01859319 0.00982740 0.04381237 0.05000297 0.00246105 0.00751678 0.02475428
149 0.05021420 0.02260830 0.01916660 0.02577850 0.00934217 0.01271150 0.03161520 0.05944049 0.01241240 0.16595699 0.32528097 0.01901210 0.02134770 0.02123770 0.01269380 0.05195230 0.03157520 0.00520312 0.01727870 0.08517209
150 0.04791599 0.02958379 0.02686409 0.02670079 0.01226870 0.00828132 0.02836669 0.02776609 0.02101480 0.04877579 0.25612495 0.02113940 0.25680295 0.02244890 0.01737640 0.05229319 0.02673289 0.00377438 0.01390630 0.05186259
151 0.05208630 0.04930710 0.03034450 0.02357180 0.04304030 0.02025440 0.03321070 0.03426750 0.00963309 0.04494510 0.06028530 0.03363090 0.02669440 0.02141170 0.35172101 0.04778500 0.03576820 0.00963037 0.01648750 0.05592480
152 0.07631039 0.32131497 0.02705130 0.02792210 0.02155250 0.01772410 0.05774659 0.02413080 0.02097070 0.05350279 0.05621859 0.03848460 0.03453450 0.04157670 0.02904260 0.03297510 0.03995750 0.01075180 0.02649660 0.04173580
153 0.05022500 0.05056530 0.02919280 0.02348690 0.04570610 0.01945460 0.03101560 0.03667200 0.00891146 0.04760360 0.05642370 0.03420040 0.02530990 0.02170830 0.35655701 0.04624310 0.03488530 0.00921051 0.01657750 0.05605090
154 0.04717148 0.04132898 0.07104207 0.02790669 0.00596466 0.04548958 0.05625108 0.04597308 0.01598519 0.03320909 0.05049078 0.05885618 0.01767549 0.29866389 0.01296670 0.04049258 0.04700638 0.00623682 0.03106179 0.04622748
155 0.20873810 0.11512905 0.01512971 0.01716331 0.00748037 0.02753211 0.01400101 0.29565114 0.02985941 0.05451603 0.04500362 0.01750511 0.00985980 0.02700421 0.01077720 0.03367132 0.03323452 0.00392367 0.01422691 0.01959341
156 0.04430080 0.03241450 0.31188100 0.02689610 0.00851760 0.03119110 0.04475690 0.03405650 0.01177630 0.04490360 0.08537130 0.02999670 0.02511650 0.09602190 0.02184080 0.02528840 0.02921560 0.01257590 0.02393000 0.05994850
157 0.03153818 0.01239909 0.03121348 0.01880229 0.01030099 0.00542694 0.03053058 0.01774289 0.01005909 0.08257386 0.36343181 0.01109119 0.10878994 0.03158788 0.01118429 0.03118078 0.03012218 0.00368567 0.01571989 0.14261893
158 0.03226312 0.04035872 0.03741402 0.02021721 0.00348376 0.02006421 0.04538832 0.04128922 0.01393641 0.02444731 0.03217232 0.07749864 0.01577231 0.29930216 0.00869573 0.03206542 0.05899393 0.00628058 0.14148507 0.04887153
159 0.02567939 0.02159229 0.01552640 0.01791330 0.00871584 0.01151320 0.02809379 0.02429689 0.00870512 0.32019492 0.08355788 0.03210809 0.01679080 0.01282660 0.01457030 0.03605269 0.02228409 0.00545960 0.00895288 0.28516593
160 0.04184917 0.02603048 0.22960885 0.02359688 0.00888685 0.02771778 0.02612058 0.05044637 0.01076299 0.03492648 0.05425286 0.22271285 0.01084199 0.06193766 0.01386149 0.03153398 0.03300538 0.01039229 0.02806268 0.05345236
161 0.06385413 0.02850131 0.02151931 0.02684621 0.00539206 0.01523031 0.05453333 0.02443091 0.01298711 0.06668783 0.06026593 0.04045212 0.01744211 0.03698562 0.01203981 0.04434742 0.03696282 0.00706212 0.38533420 0.03912532
162 0.06602033 0.02809121 0.02168051 0.02598731 0.00498068 0.01527831 0.05493132 0.02493091 0.01251961 0.06577273 0.06209102 0.04130072 0.01692791 0.03636551 0.01210170 0.04277712 0.03796062 0.00743772 0.38363915 0.03920562
163 0.40171701 0.04199960 0.02098500 0.02786380 0.01609350 0.02651530 0.02366190 0.05797620 0.02541800 0.06509470 0.05073110 0.02863430 0.01885690 0.02437900 0.01894360 0.05150050 0.03008370 0.00807917 0.02484430 0.03662240
164 0.01872918 0.01337109 0.02418218 0.02646857 0.00642105 0.00632977 0.02636137 0.02700487 0.01066139 0.08060072 0.38908162 0.01669578 0.02008788 0.02950547 0.01207159 0.03352637 0.01961378 0.00856123 0.01859328 0.21213279
165 0.05398021 0.02793330 0.02244600 0.27329603 0.01192820 0.04616500 0.04400700 0.04405260 0.02097700 0.04806890 0.08877331 0.06020171 0.02382490 0.02852080 0.01622520 0.03005380 0.04391180 0.01037120 0.02358330 0.08167971
166 0.08623840 0.03469180 0.02465470 0.03156590 0.00905173 0.02095830 0.04420600 0.06677470 0.02052840 0.28209899 0.06146940 0.03889020 0.02156110 0.02460370 0.01921960 0.06058680 0.04134780 0.01054410 0.03359020 0.06741820
167 0.06554806 0.01386219 0.01144909 0.01826599 0.00414888 0.00762752 0.01404709 0.27364984 0.01039719 0.05060537 0.06771806 0.01805179 0.01004569 0.02999868 0.01461569 0.30920282 0.02343649 0.00476366 0.00964412 0.04292177
168 0.03816830 0.02503390 0.02495570 0.04823560 0.00596412 0.02225950 0.03828300 0.03164090 0.02261820 0.05681730 0.06655890 0.04026400 0.02303610 0.02748720 0.01917960 0.07880300 0.03255270 0.00770027 0.01812470 0.37231700
169 0.07496520 0.02320570 0.03596610 0.06914420 0.00688528 0.35091898 0.02792810 0.05253970 0.00748418 0.04004740 0.03916590 0.03286840 0.01370250 0.06022700 0.01698880 0.03488730 0.03365330 0.01088940 0.01574210 0.05279050
170 0.02421508 0.01301999 0.02343649 0.03094408 0.00792920 0.00707191 0.03028688 0.02955798 0.01158279 0.06727926 0.41206674 0.01799539 0.01878429 0.02728538 0.01326149 0.03973247 0.02404478 0.00731542 0.01992649 0.17426389
171 0.07908948 0.33041093 0.02545949 0.02701559 0.02246350 0.01768920 0.05554359 0.02376430 0.02108030 0.05488399 0.05205589 0.03908699 0.03273389 0.04296279 0.02904459 0.03210989 0.03700699 0.01134340 0.02448510 0.04177009
172 0.02073540 0.01416210 0.01392550 0.01269560 0.00715698 0.00804998 0.02608390 0.02469620 0.00540730 0.30645302 0.20845801 0.01478980 0.02175870 0.01879180 0.00735439 0.02789110 0.02043080 0.00343790 0.01046150 0.22726001
173 0.05412559 0.02985679 0.02281850 0.27593094 0.01272950 0.05055589 0.04463119 0.04255469 0.02064220 0.04665809 0.08564058 0.06186619 0.02311540 0.03091569 0.01566080 0.02920639 0.04174129 0.01056480 0.02277450 0.07801098
174 0.03759730 0.04718260 0.03338730 0.03540850 0.01928270 0.01636220 0.34422703 0.02497270 0.02093090 0.06016761 0.07682311 0.03276310 0.01979500 0.04461780 0.01813880 0.03088870 0.03370940 0.00730830 0.04169120 0.05474571
175 0.05326318 0.02990229 0.02216939 0.27888792 0.01192400 0.05036468 0.04433559 0.04396089 0.02042429 0.04772099 0.08590897 0.06226588 0.02308909 0.02957429 0.01511630 0.02697799 0.04283689 0.01057800 0.02163799 0.07906138
176 0.05585499 0.02966209 0.02251670 0.27752594 0.01209440 0.04846299 0.04356209 0.04183639 0.02046950 0.04582899 0.08741738 0.06295989 0.02418770 0.02840599 0.01715110 0.02888839 0.04557679 0.01065320 0.02206810 0.07487739
177 0.03527968 0.02416119 0.02706318 0.04745067 0.00623713 0.02214909 0.03772588 0.03247818 0.02032159 0.05745456 0.06888546 0.04278257 0.02274989 0.02863448 0.02131379 0.08064075 0.03399618 0.00756118 0.01830979 0.36480478
178 0.19712917 0.04299474 0.01908892 0.03247043 0.20726818 0.01805782 0.04181884 0.02315912 0.01280651 0.04896184 0.06269236 0.02611982 0.01894472 0.01687521 0.02397372 0.03992124 0.02735162 0.00523135 0.00962228 0.12551211
179 0.03722340 0.02991130 0.02467270 0.03882270 0.01356150 0.19861400 0.27013901 0.02751000 0.01436820 0.04222130 0.04099910 0.03026660 0.01454930 0.07847320 0.01868050 0.02057510 0.02638170 0.00561718 0.02803330 0.03937990
