1 0.23836712 0.03153582 0.02157911 0.03542562 0.04100942 0.02343851 0.02846831 0.06645643 0.01891971 0.09512125 0.08462184 0.03171042 0.01674621 0.02570841 0.02861081 0.09589865 0.03706492 0.00716719 0.02652771 0.04562252
2 0.13014000 0.03940950 0.03202120 0.04579720 0.01571400 0.06463000 0.04177430 0.04953050 0.02333810 0.06073670 0.09966850 0.04319050 0.02431500 0.08126300 0.03186450 0.05810440 0.04610920 0.01212360 0.04677680 0.05349300
3 0.13038704 0.03791581 0.02355321 0.03696211 0.01622780 0.02829251 0.03823031 0.05910692 0.01729861 0.08530013 0.09700593 0.04043141 0.02705151 0.03877331 0.02867161 0.13947904 0.03548461 0.01024780 0.03367831 0.07590202
4 0.04640080 0.05266220 0.04699390 0.03452740 0.01334310 0.02850760 0.04856680 0.04999370 0.01566280 0.05294230 0.07342160 0.05777370 0.01806890 0.04139370 0.02209660 0.08389680 0.03152200 0.00640209 0.03051500 0.24530900
5 0.17461609 0.03513852 0.03068792 0.03285212 0.01643101 0.02260861 0.03341302 0.05695643 0.01918941 0.12329606 0.14475707 0.02988502 0.01815151 0.03013912 0.02337401 0.06173813 0.03933812 0.00762389 0.02602571 0.07377824
6 0.07602429 0.04384770 0.02705680 0.04029270 0.01582340 0.03195490 0.05212249 0.05195889 0.02269040 0.05809879 0.08706749 0.04347790 0.02335270 0.04274650 0.07932809 0.04984340 0.11689899 0.01247470 0.03059270 0.09434719
7 0.05769211 0.03922230 0.02491860 0.03765000 0.01309740 0.03135630 0.04038280 0.05511151 0.01467380 0.08002701 0.09397201 0.04541001 0.03521030 0.04045850 0.02495030 0.17985002 0.03133910 0.00956978 0.03783210 0.10727601
8 0.06886047 0.04372078 0.03448359 0.04699258 0.01940169 0.03061739 0.04999948 0.06244678 0.02182569 0.06349987 0.09892396 0.10620596 0.03241309 0.04474198 0.02982919 0.06970237 0.05032928 0.01099320 0.03293489 0.08207777
9 0.05669531 0.05201231 0.03918731 0.04192361 0.01653130 0.02733350 0.09812811 0.06384501 0.02498670 0.06397951 0.08805371 0.08942661 0.03567711 0.04290061 0.02727400 0.05867091 0.05287061 0.00961435 0.02999290 0.08089651
10 0.06446520 0.04137620 0.02698330 0.04199770 0.01617570 0.03295500 0.04698750 0.05101340 0.01952170 0.08155010 0.09545960 0.04393130 0.03060800 0.04234980 0.03170460 0.13293200 0.07710460 0.01047830 0.03471510 0.07769090
11 0.04914879 0.07861369 0.02693750 0.03910929 0.01298820 0.03092560 0.04612119 0.05361439 0.01498240 0.07518989 0.08526509 0.04876259 0.03013480 0.03772839 0.02713890 0.16884498 0.02946430 0.00778374 0.03403130 0.10321499
12 0.07556076 0.04589868 0.03121888 0.04587888 0.01750089 0.03426768 0.05510277 0.05812977 0.02190819 0.13291093 0.08074126 0.04720487 0.05949537 0.03724068 0.03117018 0.07581606 0.05453557 0.00882484 0.03330338 0.05329037
13 0.06326400 0.04621490 0.06765740 0.03601080 0.01686030 0.03049930 0.05486030 0.09133250 0.02414970 0.07250030 0.11163400 0.04712590 0.02588930 0.03958600 0.03127780 0.04978390 0.08391060 0.00855953 0.03109090 0.06779260
14 0.09592077 0.03999803 0.03670153 0.03643863 0.01397811 0.02770732 0.04161393 0.05429704 0.02064471 0.11000008 0.17557313 0.03893243 0.02196802 0.03449242 0.02518982 0.06433405 0.04505093 0.00809279 0.02775902 0.08130726
15 0.05272217 0.04057368 0.03243148 0.04789637 0.01683309 0.02919238 0.06392096 0.07092366 0.01968429 0.04727717 0.06378506 0.05293307 0.14124792 0.04380538 0.02464159 0.08461775 0.04039198 0.00767496 0.06765046 0.05179657
16 0.08317369 0.04170710 0.03429650 0.04032670 0.01457390 0.03345180 0.04212630 0.05957070 0.02327460 0.05031620 0.18522099 0.04573500 0.01984840 0.05215550 0.02685520 0.06199570 0.04814940 0.00977457 0.07022730 0.05722050
17 0.06628809 0.05311059 0.03334510 0.04478570 0.01972110 0.03852510 0.04866210 0.05801739 0.02213840 0.05942889 0.09560179 0.09313819 0.02761190 0.03924090 0.07763179 0.06155169 0.05858799 0.01227670 0.02970050 0.06063609
18 0.05496259 0.04175819 0.03645359 0.04973209 0.01581590 0.02660669 0.07104139 0.07607888 0.01816040 0.04608119 0.06298919 0.05869489 0.16081597 0.03728319 0.02613089 0.08901048 0.03924479 0.00665420 0.03038949 0.05209599
19 0.17181102 0.03733860 0.02913030 0.07279401 0.01545440 0.02999930 0.04100600 0.04831450 0.02320280 0.05990101 0.09408301 0.04034150 0.02022320 0.08163351 0.02642190 0.05968151 0.04303930 0.01336920 0.04456750 0.04768740
20 0.06529490 0.05269320 0.03888860 0.04238340 0.01566350 0.02850080 0.10033001 0.06255480 0.02662450 0.07707541 0.09388101 0.04868750 0.03476810 0.04327240 0.03032620 0.06117630 0.05700060 0.00926133 0.03292220 0.07869521
21 0.07162559 0.04546980 0.02779570 0.09212479 0.01945070 0.03561220 0.04885720 0.04891880 0.02082050 0.07691749 0.09156739 0.04873190 0.02655310 0.04427270 0.03498140 0.05893739 0.10448499 0.01020290 0.03388120 0.05879429
22 0.08011100 0.04987780 0.02907400 0.08952420 0.02029270 0.03786240 0.04835240 0.05526890 0.02054880 0.07662450 0.09764630 0.05381730 0.03004260 0.04296920 0.03220770 0.06781400 0.05363330 0.00970391 0.03563880 0.06899020
23 0.06442474 0.10161906 0.03987122 0.04703553 0.01848831 0.03091552 0.05589783 0.06240274 0.02026291 0.06443024 0.08745315 0.08501765 0.02516501 0.03916232 0.03052662 0.05948693 0.04246532 0.00711912 0.02968702 0.08856875
24 0.08597862 0.04630511 0.02929161 0.04061061 0.01733350 0.03604171 0.04605181 0.10658302 0.02232560 0.07239312 0.08459942 0.04367961 0.02627731 0.03492011 0.02661751 0.07906212 0.04378841 0.00889759 0.08347622 0.06576701
25 0.16940107 0.08410364 0.03065541 0.04318982 0.01625411 0.03029871 0.04572582 0.05910923 0.02280591 0.07627323 0.10013904 0.04597422 0.01977381 0.03539152 0.03485071 0.05551032 0.04397492 0.00777417 0.03057831 0.04821602
26 0.06010211 0.07685132 0.03056481 0.04177161 0.01577440 0.03020281 0.04969161 0.05420921 0.02446760 0.05518781 0.09043302 0.08374602 0.02739351 0.08008912 0.03046681 0.04979271 0.09209982 0.01092140 0.03548031 0.06075401
27 0.06207951 0.04355271 0.03639971 0.08583732 0.02288230 0.03243041 0.05845641 0.05537911 0.01952420 0.06139691 0.08764732 0.11173502 0.03168081 0.04249111 0.02808901 0.06424991 0.04619751 0.01067050 0.03174201 0.06755821
28 0.20328513 0.04126333 0.03019362 0.03941822 0.01749971 0.02756192 0.03813512 0.06108094 0.02224431 0.08522995 0.11112307 0.03765592 0.01960471 0.03655362 0.03061962 0.06035994 0.04311373 0.00907949 0.03262252 0.05335513
29 0.08999226 0.04388153 0.03970223 0.03945572 0.01457961 0.03215492 0.04495793 0.05749504 0.02319231 0.06200234 0.19531812 0.04835053 0.02169271 0.03691832 0.02998662 0.06190794 0.05239793 0.00837038 0.02977352 0.06787004
30 0.06295679 0.04097559 0.03054139 0.04152459 0.01340840 0.02866249 0.05210149 0.05495199 0.02113920 0.10354598 0.09927088 0.04785369 0.06930799 0.07783749 0.02657730 0.07385139 0.04964579 0.00945018 0.02784779 0.06854959
31 0.07023411 0.05189281 0.03041450 0.08341091 0.01988680 0.04192200 0.05339261 0.05267821 0.01970260 0.06944071 0.08691001 0.05121991 0.02766670 0.03945370 0.07991971 0.06534461 0.05914971 0.01061860 0.03093130 0.05581051
32 0.05390134 0.03477703 0.02023161 0.03287872 0.01116641 0.02754102 0.03619933 0.08400646 0.01329451 0.07702076 0.08722146 0.04133063 0.03534663 0.03793353 0.02205792 0.20594415 0.02452072 0.00911697 0.04039473 0.10511608
33 0.09648763 0.04998061 0.03734321 0.04117381 0.01584150 0.02812061 0.04780371 0.04981221 0.01925321 0.04814531 0.08434983 0.09322093 0.02350441 0.04273461 0.02686461 0.06477632 0.04551311 0.01026720 0.03018211 0.14462504
34 0.09871678 0.04243549 0.02843399 0.03608609 0.01588570 0.02685950 0.04339339 0.09382768 0.02017530 0.14327797 0.08682928 0.03403969 0.01795640 0.03214129 0.02283030 0.07708299 0.03872009 0.00801358 0.03030649 0.10298798
35 0.05762764 0.03955423 0.02508332 0.03791833 0.01296731 0.03116932 0.04017043 0.05527264 0.01460041 0.07936746 0.09372197 0.04505183 0.03489203 0.04059223 0.02494682 0.18046414 0.03152852 0.00955126 0.03790803 0.10761208
36 0.04976189 0.08870248 0.06453818 0.03995619 0.01676750 0.03270679 0.05398849 0.04914659 0.01687360 0.06826898 0.08022378 0.05976699 0.02781729 0.03818119 0.02912879 0.10434897 0.03251939 0.00764005 0.02925989 0.11040297
37 0.11352209 0.03539273 0.02146972 0.03497623 0.01507771 0.02762202 0.03583883 0.05713734 0.01523931 0.08378406 0.09405867 0.03928303 0.02932862 0.03836033 0.02594422 0.17219313 0.03207122 0.00992816 0.03470673 0.08406586
38 0.07987891 0.05029350 0.02927920 0.08894951 0.02072050 0.03774580 0.04902030 0.05511950 0.02060950 0.07681011 0.09707671 0.05307970 0.02967350 0.04383880 0.03180550 0.06745301 0.05426210 0.00993262 0.03575940 0.06869181
39 0.15784495 0.04126289 0.02995359 0.04241859 0.01630809 0.02904629 0.04554109 0.05503528 0.02059499 0.07032128 0.10159197 0.04388659 0.06823618 0.04049539 0.03346329 0.06032228 0.04710319 0.00888261 0.03099339 0.05669808
40 0.05826720 0.03869740 0.02511020 0.03753120 0.01340640 0.03149850 0.04053010 0.05507340 0.01499500 0.07969970 0.09303130 0.04456040 0.03444300 0.04050230 0.02549770 0.17977401 0.03181970 0.00946195 0.03840350 0.10769701
41 0.25099504 0.03280720 0.02154860 0.03276940 0.01991250 0.02306990 0.02827420 0.06756201 0.01903040 0.09057881 0.09550701 0.03071950 0.01726840 0.03058720 0.02981230 0.09110641 0.03450210 0.00880916 0.02937910 0.04576071
42 0.20320002 0.03679310 0.02392590 0.03662310 0.01861620 0.02606130 0.03413490 0.06373231 0.01944740 0.08820871 0.09797891 0.03559750 0.02089350 0.03468930 0.03043420 0.09754501 0.03842650 0.00940391 0.03155350 0.05273470
43 0.13402494 0.04226658 0.03023219 0.04856978 0.04746948 0.03164469 0.04673518 0.05521367 0.02100959 0.06559487 0.08383006 0.05089138 0.06845507 0.03481808 0.03223478 0.06622587 0.04987418 0.00743547 0.03230268 0.05117148
44 0.06522886 0.04197737 0.03196888 0.04191707 0.01476269 0.02865838 0.05433547 0.05433847 0.02440679 0.07023976 0.10582694 0.04684817 0.02456469 0.04814247 0.03274628 0.04572797 0.11100493 0.01040509 0.03468478 0.11221493
45 0.05689548 0.04569418 0.04042478 0.03603328 0.01344269 0.02854859 0.04598318 0.05195118 0.01702989 0.09941086 0.09487526 0.04441428 0.01973019 0.03978088 0.02078139 0.08446226 0.03599638 0.00730663 0.03055369 0.18668492
46 0.07936111 0.04998911 0.02927700 0.08955981 0.02066470 0.03751830 0.04892511 0.05613791 0.02059600 0.07617151 0.09685151 0.05416381 0.02965460 0.04369701 0.03148090 0.06782481 0.05369521 0.00953198 0.03579670 0.06910291
47 0.05487301 0.08062122 0.03492191 0.04520731 0.01911060 0.02934921 0.04751101 0.05526731 0.01659300 0.05715061 0.07889492 0.11311603 0.02962901 0.03918851 0.02787201 0.10626803 0.03410571 0.00891756 0.02867791 0.09272512
48 0.04830863 0.03432752 0.02596441 0.04209902 0.01342861 0.02713761 0.05228243 0.05646453 0.01355031 0.05873313 0.08003964 0.04773993 0.12045607 0.03899742 0.02287711 0.17677010 0.03278912 0.00700626 0.03146542 0.06956274
49 0.06572871 0.05187521 0.03653311 0.04962781 0.05009821 0.03632831 0.04403391 0.05680411 0.02173360 0.04529171 0.15995502 0.10116201 0.02645760 0.03346990 0.03066510 0.05597501 0.04802001 0.00784416 0.02882360 0.04957291
50 0.05792179 0.04165140 0.02834440 0.03904050 0.01688520 0.03185070 0.06275869 0.06048959 0.05675799 0.05630239 0.09777719 0.08731109 0.02286140 0.04395000 0.03575010 0.03980910 0.13436999 0.01174820 0.02818570 0.04623460
51 0.05752860 0.03919910 0.02482640 0.03774940 0.01307310 0.03143580 0.04035950 0.05518430 0.01479750 0.08000280 0.09288260 0.04553390 0.03444730 0.04063180 0.02524220 0.17991700 0.03160490 0.00949158 0.03827920 0.10781300
52 0.05852634 0.11052608 0.04011663 0.04604843 0.02041481 0.02994322 0.05138124 0.06101764 0.01955691 0.05765294 0.08262576 0.11183408 0.02647112 0.03836723 0.02870682 0.05575664 0.03798673 0.00700451 0.02775832 0.08830456
53 0.09865704 0.04355852 0.03304471 0.04028772 0.01635531 0.03099041 0.04608702 0.05857483 0.02148151 0.14155006 0.12788406 0.03847872 0.01999561 0.03376702 0.02815541 0.07154563 0.04616352 0.00892785 0.03037381 0.06412123
54 0.07747832 0.03469301 0.02461741 0.03400531 0.01349550 0.02764111 0.03535381 0.04997621 0.01601790 0.12138303 0.13996303 0.03427611 0.02734381 0.03597461 0.02376701 0.13540103 0.03922701 0.00889946 0.03050241 0.08998392
55 0.05775779 0.08394499 0.03948810 0.04924280 0.01796560 0.03027840 0.08740919 0.06330519 0.02238970 0.06390399 0.08222909 0.09174689 0.02795370 0.03806260 0.02672500 0.05594039 0.04295910 0.00753180 0.02747190 0.08369379
56 0.05735088 0.05060598 0.06732188 0.05091138 0.01757819 0.02994519 0.08924777 0.05202168 0.01875289 0.07042288 0.08071688 0.05154168 0.04107539 0.03745629 0.02616139 0.09813947 0.03959109 0.00831460 0.02831429 0.08453017
57 0.06156837 0.04134798 0.02733059 0.04446528 0.01604379 0.03199878 0.05596217 0.05239407 0.02307149 0.11642794 0.08732796 0.04338848 0.06336957 0.03956508 0.03382798 0.05270027 0.10665195 0.00891790 0.03296428 0.06067607
58 0.18593696 0.04302519 0.03252359 0.06860028 0.01778740 0.03076549 0.04825979 0.05700709 0.04794619 0.07147268 0.09607148 0.03909889 0.01725620 0.03745639 0.02690679 0.05606769 0.04367919 0.00831543 0.03064389 0.04117939
59 0.06384531 0.04003900 0.02810510 0.04372500 0.01679350 0.03452800 0.05155240 0.05340660 0.02312180 0.12413701 0.07307421 0.03827700 0.02501710 0.04221270 0.03014230 0.05565561 0.09625891 0.00956051 0.08913661 0.06141131
60 0.13650118 0.03902055 0.03251004 0.03697275 0.01630262 0.02486733 0.04015745 0.05624737 0.01890822 0.12406016 0.10908914 0.03314664 0.01907682 0.03466024 0.02426633 0.06750659 0.04121605 0.00827212 0.02800024 0.10921814
61 0.09366883 0.04050747 0.03668167 0.03680697 0.01378879 0.02784188 0.04233937 0.05443036 0.02042238 0.11083992 0.17536587 0.03919287 0.02162068 0.03464377 0.02504028 0.06445215 0.04586107 0.00814724 0.02786228 0.08048614
62 0.05515407 0.04769728 0.03402128 0.04691498 0.01842589 0.03198278 0.05714687 0.06290677 0.01963039 0.08505856 0.06979337 0.10060395 0.09613835 0.03621938 0.02653269 0.07273867 0.04663038 0.00800868 0.03087709 0.05351857
63 0.07866302 0.04536961 0.03527671 0.04196141 0.01569520 0.03127051 0.04946771 0.05830661 0.02045340 0.14363303 0.09347722 0.03862341 0.01957570 0.03582261 0.02517751 0.07859272 0.04388461 0.00860778 0.03201021 0.10413102
64 0.10372897 0.05309608 0.03591199 0.07835207 0.01673159 0.02960269 0.10778697 0.05403548 0.02406169 0.07641528 0.08454397 0.04398269 0.02726729 0.03870209 0.02817109 0.05335328 0.05162828 0.00846982 0.02983709 0.05432158
65 0.07486908 0.04085249 0.03303309 0.04246309 0.05255959 0.03499029 0.04825179 0.05278609 0.05239409 0.07736458 0.07841778 0.04521439 0.02468339 0.03408879 0.03311379 0.09427178 0.08994108 0.00835551 0.03157159 0.05077769
66 0.15068000 0.03566490 0.02421080 0.03801060 0.01753090 0.03122520 0.03396920 0.06086510 0.02046810 0.07737250 0.08993080 0.03826270 0.02155790 0.04714450 0.02564390 0.10846200 0.03701720 0.01227650 0.07186250 0.05784470
67 0.15234308 0.03463632 0.02213761 0.03365222 0.01786091 0.02502481 0.03452112 0.05837913 0.01681751 0.13422707 0.09360095 0.03085412 0.02095831 0.03260222 0.02708281 0.11214706 0.04180982 0.00934668 0.02921692 0.07278134
68 0.05804490 0.05276320 0.03509410 0.10167900 0.02160010 0.03260270 0.08969940 0.05510630 0.01965210 0.06569900 0.07903670 0.09062090 0.03245370 0.03868740 0.02570830 0.05584960 0.04715600 0.00858251 0.02891660 0.06104750
69 0.09957699 0.04245680 0.02671810 0.04068070 0.01917760 0.03232970 0.04411690 0.05723449 0.01874950 0.16510698 0.06793199 0.03497440 0.01932180 0.03004430 0.03271140 0.11791499 0.05456479 0.01029910 0.03184420 0.05424529
70 0.06487721 0.04300521 0.03256531 0.07199002 0.01481740 0.03470801 0.08648692 0.04920431 0.02435001 0.05885231 0.13498203 0.04616351 0.02797611 0.03937221 0.03088171 0.04852451 0.10002802 0.00864538 0.02936301 0.05320681
71 0.06371401 0.04294050 0.03188540 0.04604700 0.01619550 0.02999730 0.05878961 0.06215531 0.01978110 0.09685471 0.07680541 0.05221750 0.10333801 0.03926550 0.02824190 0.08298411 0.04831770 0.00783161 0.03330670 0.05933111
72 0.06233101 0.04197651 0.03764031 0.03677501 0.01303600 0.02786871 0.04470391 0.05207191 0.01778230 0.13700603 0.10329102 0.03670211 0.01907400 0.03687961 0.01988420 0.08175022 0.03680371 0.00747009 0.02969031 0.15726303
73 0.16443200 0.04874590 0.03459790 0.04831970 0.01575380 0.02981790 0.07941590 0.05486380 0.02548680 0.07719460 0.09859130 0.04254380 0.02179300 0.03814950 0.03203120 0.05101110 0.04808980 0.00916708 0.03086930 0.04912560
74 0.07132114 0.04516103 0.03055802 0.04506913 0.01641341 0.03335972 0.05881294 0.05755583 0.02695182 0.07252354 0.10533606 0.04926773 0.02557512 0.04692723 0.04036122 0.04792863 0.12229107 0.01153111 0.03420902 0.05884624
75 0.06424787 0.04373478 0.03192898 0.03881688 0.01467619 0.02878149 0.10400795 0.05697927 0.02947609 0.07273106 0.09205325 0.04594818 0.02849749 0.04484908 0.03689998 0.05051547 0.11260394 0.01149889 0.03249568 0.05925747
76 0.12438700 0.04365340 0.03700120 0.03795260 0.01362140 0.02912210 0.07527650 0.05050420 0.02425160 0.06685440 0.16284500 0.04087490 0.02429380 0.03720500 0.02846010 0.05220550 0.05223760 0.00853881 0.02792650 0.06278840
77 0.20294295 0.03999469 0.03080009 0.03921249 0.01745890 0.02743499 0.03817189 0.05973709 0.02218239 0.08539218 0.11356697 0.03769909 0.01962210 0.03670109 0.03103579 0.05968539 0.04260909 0.00928343 0.03221539 0.05425399
78 0.07457070 0.04819070 0.03182540 0.04865870 0.01881770 0.03459230 0.05783910 0.05502730 0.02457230 0.16320301 0.06413100 0.03885210 0.01997940 0.03284850 0.03845350 0.05939590 0.09958490 0.00985345 0.03158750 0.04801650
79 0.09000327 0.04419969 0.03964919 0.03991679 0.01476440 0.03219009 0.04535659 0.05784678 0.02309449 0.06166918 0.19441394 0.04851208 0.02165689 0.03681259 0.03023509 0.06222608 0.05206428 0.00868953 0.02945459 0.06724448
80 0.06226521 0.03826981 0.02217520 0.03550611 0.01279320 0.02925831 0.03984121 0.08856862 0.01466530 0.07713701 0.08827352 0.04335541 0.03668121 0.03836571 0.02474300 0.17544103 0.02751311 0.00937621 0.03908121 0.09668962
81 0.07829341 0.04680440 0.03483510 0.05277281 0.05664321 0.03852990 0.04727870 0.05678611 0.02080110 0.07809171 0.08154621 0.05750891 0.03015880 0.03372210 0.03414000 0.10514201 0.04645600 0.00828100 0.03168660 0.06052191
82 0.07744003 0.04225291 0.03284221 0.04075201 0.01548071 0.03067141 0.05030452 0.05259112 0.02364531 0.12295704 0.12971305 0.03966071 0.02402721 0.03570511 0.03188731 0.05448852 0.09282633 0.00897915 0.02921371 0.06456162
83 0.06539390 0.04039950 0.02572320 0.04268850 0.01682170 0.03302450 0.04837290 0.04924180 0.02017670 0.07729990 0.09030690 0.04250780 0.02821820 0.04323790 0.03582390 0.12214900 0.11160500 0.01121790 0.03346140 0.06232940
84 0.20231396 0.04104019 0.03005969 0.03910889 0.01745080 0.02789939 0.03803729 0.06027719 0.02232710 0.08460788 0.11194098 0.03821249 0.01997080 0.03690329 0.03096639 0.06014659 0.04287139 0.00918150 0.03224809 0.05443609
85 0.07903801 0.03264575 0.03948306 0.02945174 0.01004301 0.02088503 0.03412795 0.04545866 0.01670932 0.12593018 0.20201028 0.02943014 0.02388493 0.03479815 0.01714602 0.06106309 0.03811915 0.00637491 0.02297643 0.13042418
86 0.17386701 0.04332670 0.02407100 0.03563570 0.01811650 0.02932510 0.03958270 0.05746280 0.01878290 0.12415001 0.07297851 0.03217390 0.01799780 0.02863940 0.06996321 0.06867661 0.05912690 0.00940622 0.02682540 0.04989160
87 0.08420860 0.04745570 0.02420360 0.03810770 0.01605210 0.03561580 0.04052000 0.09345240 0.01791140 0.07443980 0.08659480 0.04389270 0.02758830 0.03560270 0.06844650 0.12074100 0.04139970 0.01085420 0.03238540 0.06052760
88 0.20026006 0.04420851 0.02589491 0.03705001 0.01689541 0.03096721 0.03829491 0.05601812 0.02047291 0.07546262 0.09235923 0.03700211 0.02063011 0.03341881 0.07560802 0.06121252 0.05269862 0.01018220 0.02816701 0.04319671
89 0.07147176 0.04355688 0.02739649 0.04504368 0.01747219 0.03425958 0.05298227 0.05464507 0.02285819 0.07612666 0.09548555 0.04542828 0.02703049 0.04363168 0.03925998 0.08865596 0.11137094 0.01133009 0.03321408 0.05878017
90 0.09029340 0.04386670 0.03999630 0.03969960 0.01476880 0.03157040 0.04609040 0.05792790 0.02305430 0.06105580 0.19459901 0.04809150 0.02196110 0.03694280 0.02997680 0.06169030 0.05252460 0.00834746 0.02994840 0.06759440
91 0.05604410 0.04438170 0.02929400 0.04320190 0.01417880 0.02933740 0.07807800 0.05428550 0.01639320 0.07278720 0.08130130 0.04722740 0.04424730 0.03781540 0.02574870 0.16149300 0.03701990 0.00866208 0.03236110 0.08614200
92 0.21984012 0.03911872 0.02237841 0.03427192 0.01835691 0.02437521 0.03388842 0.09874915 0.02212761 0.08859375 0.09792895 0.03506912 0.01754041 0.03194522 0.02798781 0.06526663 0.03664192 0.00850017 0.03229682 0.04512272
93 0.04598520 0.05257870 0.04762260 0.03430570 0.01363210 0.02831820 0.04845660 0.04946030 0.01558530 0.05256010 0.07338199 0.05846330 0.01859980 0.04242830 0.02183060 0.08469289 0.03099820 0.00636807 0.03074110 0.24399098
94 0.05750349 0.04276869 0.03514009 0.04864999 0.01814420 0.02712259 0.08439178 0.06291539 0.02308880 0.05942489 0.08898918 0.11388598 0.03574149 0.04377019 0.02642339 0.06069589 0.05155889 0.01053490 0.02973999 0.07951018
95 0.07744098 0.04255759 0.03295639 0.04236969 0.01368860 0.03051759 0.04746629 0.05503109 0.02412400 0.05800869 0.14862497 0.04968509 0.02396680 0.09611348 0.02802119 0.06231539 0.05468529 0.01119560 0.03397659 0.06725469
96 0.07322042 0.04589061 0.02730861 0.04072701 0.01663540 0.03122981 0.05607442 0.10115803 0.02744791 0.06591642 0.09710973 0.04820831 0.02396201 0.04204531 0.03802441 0.05186122 0.11934404 0.01004290 0.03368011 0.05011332
97 0.13021409 0.03786443 0.02349372 0.03681653 0.01634171 0.02860452 0.03748273 0.05921424 0.01672211 0.08521396 0.09693007 0.04078193 0.02749822 0.03859843 0.02798512 0.14068210 0.03534882 0.01018381 0.03402692 0.07599655
98 0.07726579 0.05051419 0.02537120 0.09013769 0.01987370 0.04222850 0.04453860 0.05058699 0.01865140 0.06851039 0.09087859 0.05077599 0.02735020 0.04061510 0.07792119 0.06649179 0.05936789 0.01049640 0.03153470 0.05688969
99 0.07295780 0.09065590 0.03484530 0.07799460 0.01879220 0.03591430 0.06165550 0.06098460 0.05122360 0.07645960 0.08389550 0.05454990 0.02120580 0.03774460 0.02845730 0.05081260 0.04972780 0.00699471 0.02903940 0.05608900
100 0.08946450 0.04455610 0.03987260 0.03965560 0.01474890 0.03195340 0.04546220 0.05731970 0.02338820 0.06155490 0.19420499 0.04832070 0.02156230 0.03746200 0.02984500 0.06220880 0.05201050 0.00853295 0.03018490 0.06769180
101 0.05730970 0.03891430 0.02461420 0.03760830 0.01328120 0.03101630 0.04013270 0.05555570 0.01449800 0.07956170 0.09364750 0.04538510 0.03463390 0.04049930 0.02506400 0.18014601 0.03110420 0.00953196 0.03900590 0.10849000
102 0.13024196 0.03326729 0.02959999 0.03870299 0.01380320 0.02517209 0.04150079 0.04917809 0.02066819 0.06751148 0.10259397 0.04626359 0.02042879 0.05808358 0.03130249 0.06142318 0.04943739 0.04316889 0.03897869 0.09867337
103 0.15268491 0.04512717 0.02468408 0.03660058 0.01735759 0.02822158 0.04253427 0.10842793 0.02467478 0.08252875 0.10002594 0.04127637 0.02195919 0.03694798 0.03014018 0.06245806 0.04526657 0.00915221 0.03506628 0.05486557
104 0.07432620 0.04788770 0.03541920 0.04542570 0.01493340 0.03217690 0.05477470 0.05817130 0.02432030 0.06669050 0.08888630 0.05365800 0.02741840 0.09279930 0.03056130 0.06831990 0.05659660 0.01187270 0.03269890 0.08306270
105 0.11214894 0.04077188 0.03182968 0.04104088 0.01587959 0.02683739 0.04796408 0.04937008 0.02209229 0.06076167 0.10296095 0.04326368 0.02187489 0.04533448 0.03403338 0.05505587 0.09186275 0.01037269 0.03269688 0.11384794
106 0.08151772 0.04413361 0.03057831 0.04494381 0.01776331 0.03638991 0.04977761 0.06166632 0.02513541 0.15733005 0.06631192 0.03873181 0.01873981 0.04403591 0.02846401 0.07344682 0.04871691 0.01198970 0.07203982 0.04828721
107 0.10522894 0.04071988 0.02854008 0.04219177 0.01846859 0.03390828 0.04682237 0.05089797 0.02483989 0.05822167 0.08820325 0.08080205 0.02252999 0.04779107 0.03103158 0.05408607 0.09321844 0.01186309 0.06914456 0.05149047
108 0.05758329 0.03784820 0.03036490 0.03559250 0.01124360 0.02460180 0.04574630 0.05095130 0.01903050 0.10919199 0.11592299 0.04158210 0.05858349 0.07286029 0.02151400 0.07566419 0.04234820 0.00838629 0.02921210 0.11177199
109 0.04686469 0.04163569 0.06562869 0.05002349 0.01559700 0.02743750 0.10309998 0.07319919 0.01809990 0.04141659 0.05513279 0.06120389 0.15208998 0.03398719 0.02169510 0.07343509 0.03813559 0.00625805 0.02666550 0.04839409
110 0.05898297 0.10995595 0.04029558 0.04600988 0.02045379 0.02963699 0.05167828 0.06073517 0.02004999 0.05764567 0.08310596 0.11186495 0.02617919 0.03851178 0.02837879 0.05583957 0.03836078 0.00706315 0.02771889 0.08753266
111 0.06507119 0.05324039 0.03820490 0.04257199 0.01612030 0.02854190 0.10069799 0.06261539 0.02656910 0.07663469 0.09414959 0.04887399 0.03467290 0.04289999 0.03027240 0.06185979 0.05670479 0.00948312 0.03242860 0.07838699
112 0.06337848 0.04300939 0.02652939 0.04079929 0.01598370 0.06559418 0.04204759 0.10878797 0.01982239 0.07231628 0.08715927 0.04467309 0.02702469 0.03710849 0.03226219 0.11820896 0.03579369 0.00908420 0.04027429 0.07014248
113 0.07231309 0.03951780 0.03287700 0.03915230 0.01492750 0.03199390 0.05224799 0.06268119 0.05630299 0.06348639 0.08305189 0.04403660 0.02130840 0.09180989 0.02557410 0.05333229 0.05346269 0.01264070 0.08651419 0.06276909
114 0.15162912 0.04521424 0.02462842 0.03605413 0.01713921 0.02783332 0.04263073 0.10863709 0.02380052 0.08295897 0.10012708 0.04157453 0.02298742 0.03690133 0.02980842 0.06324275 0.04454544 0.00903752 0.03475083 0.05649894
115 0.05712282 0.03932071 0.02498961 0.03707281 0.01297690 0.03131771 0.04018541 0.05577612 0.01452440 0.08007612 0.09426793 0.04495411 0.03424481 0.04065641 0.02533381 0.18067105 0.03111791 0.00936720 0.03787311 0.10815103
116 0.07892150 0.04635950 0.03217200 0.04500440 0.01774890 0.03906880 0.04817100 0.06336020 0.02037640 0.07592760 0.09223950 0.04815900 0.02693430 0.03820730 0.02959960 0.07903570 0.05047250 0.00948750 0.08279970 0.07595460
117 0.07544542 0.10163202 0.03582741 0.04649521 0.01652180 0.03129161 0.05797121 0.06308241 0.02095280 0.07800452 0.09448662 0.04530351 0.02473391 0.04067401 0.03386331 0.06347791 0.04872121 0.00731618 0.03277031 0.08142862
118 0.07878130 0.04031830 0.02978390 0.04119230 0.01357440 0.03282510 0.04332140 0.05804840 0.02176580 0.05727460 0.13608000 0.04530660 0.02308850 0.08465180 0.02558900 0.06613100 0.04898930 0.01151710 0.07534690 0.06641430
119 0.07736250 0.04007810 0.03719330 0.03806690 0.01331320 0.03015570 0.04812400 0.05384000 0.02505390 0.05891510 0.19206500 0.04658340 0.02402780 0.03646480 0.03302020 0.04845840 0.09822960 0.00869232 0.02717270 0.06318310
120 0.20042983 0.03075987 0.02391568 0.02715628 0.01707029 0.01873828 0.02731368 0.08594643 0.01846498 0.11562890 0.13827988 0.02640808 0.01762799 0.02745328 0.02123048 0.06451575 0.03382307 0.00711814 0.02561358 0.07250554
121 0.06602437 0.03468849 0.04252118 0.02894999 0.00988421 0.02146439 0.03547268 0.04475218 0.01660629 0.09803626 0.19675792 0.03502758 0.02342089 0.03626438 0.01765429 0.06202447 0.03743788 0.00598052 0.02376709 0.16326493
122 0.07614566 0.10794495 0.03168898 0.04422228 0.01670279 0.03040239 0.06111097 0.06848317 0.05172047 0.07861946 0.09046236 0.04749438 0.02148999 0.03956958 0.03175618 0.05081718 0.05085718 0.00690889 0.03032079 0.06328237
123 0.06332853 0.03998062 0.02917062 0.04367692 0.01596991 0.03194482 0.05633333 0.05717083 0.02310391 0.05803033 0.13146807 0.05073323 0.06951884 0.04061632 0.03530482 0.05688773 0.09811375 0.00890736 0.03052342 0.05921663
124 0.06282392 0.04329561 0.02972731 0.04186571 0.01537230 0.03056671 0.10613603 0.05051132 0.02428271 0.07523732 0.08122302 0.04349461 0.03164511 0.04190521 0.03376741 0.08962783 0.09922883 0.01063210 0.03075211 0.05790482
125 0.05597749 0.05085109 0.06844219 0.03617929 0.01586830 0.03016009 0.05944899 0.11325598 0.02358430 0.07021899 0.10038298 0.05375649 0.03514849 0.04011549 0.02629720 0.04990559 0.04288979 0.00754459 0.03202149 0.08795118
126 0.08588911 0.04852760 0.02451500 0.03742930 0.01717270 0.03308120 0.05026441 0.08967301 0.02370170 0.06525471 0.08617871 0.04350430 0.02161630 0.03593360 0.08340841 0.05695391 0.11278101 0.01064340 0.02836450 0.04510710
127 0.09913070 0.04348800 0.03272640 0.04051050 0.01623410 0.03124190 0.04553660 0.05933370 0.02136590 0.14130799 0.12825599 0.03849540 0.02018230 0.03407080 0.02752350 0.07085220 0.04589450 0.00910345 0.03010170 0.06464440
128 0.04608130 0.05231330 0.04768050 0.03492330 0.01367620 0.02827900 0.04872170 0.04976800 0.01581200 0.05285810 0.07235659 0.05884750 0.01831490 0.04203310 0.02193210 0.08364229 0.03144810 0.00651397 0.03030910 0.24448898
129 0.07354320 0.04494480 0.03396770 0.04904240 0.01992740 0.07910050 0.04440220 0.05859730 0.02067360 0.07784400 0.09858900 0.04580240 0.02521260 0.04136130 0.03715450 0.07436280 0.05091350 0.00931030 0.04145210 0.07379840
130 0.05839051 0.04286921 0.03210181 0.04732951 0.01880320 0.06786071 0.03900351 0.05205521 0.01619060 0.06621211 0.08823782 0.08110292 0.02696331 0.03969341 0.03519821 0.12198702 0.03976491 0.01049650 0.03716981 0.07856972
131 0.08000179 0.05016140 0.02910260 0.08937099 0.02078000 0.03752880 0.04872930 0.05564740 0.02039930 0.07603089 0.09737719 0.05372110 0.02980150 0.04348220 0.03245350 0.06714510 0.05327610 0.00961687 0.03578750 0.06958650
132 0.04048181 0.05803781 0.08062552 0.03010481 0.01442230 0.02581491 0.05010281 0.04393451 0.01542240 0.05146601 0.06774872 0.06037552 0.01510570 0.03909931 0.01995080 0.05883001 0.02959091 0.00531885 0.02510321 0.26846407
133 0.06430233 0.10342805 0.04031392 0.04648042 0.01875721 0.03050921 0.05562103 0.06204583 0.02060331 0.06492523 0.08751294 0.08488054 0.02607471 0.03905362 0.02982921 0.05893773 0.04294822 0.00719855 0.02916271 0.08741524
134 0.09038772 0.04411411 0.03970451 0.04071611 0.01437530 0.03189401 0.04485891 0.05776291 0.02318801 0.06077641 0.19479905 0.04807191 0.02189011 0.03709791 0.03023851 0.06186521 0.05235761 0.00847786 0.03014631 0.06727752
135 0.05536039 0.05490159 0.03454030 0.04111489 0.01700610 0.03113110 0.05585879 0.11551198 0.02384870 0.05979159 0.09308509 0.09842219 0.03580660 0.04014829 0.02766480 0.05670889 0.04778919 0.00894563 0.03116280 0.07120109
136 0.06054508 0.04331389 0.02984679 0.04421969 0.01772769 0.03337579 0.05803768 0.05962348 0.02621529 0.05865668 0.10164497 0.09435207 0.02563799 0.04587529 0.03669159 0.04330029 0.12452096 0.01209860 0.03143639 0.05287978
137 0.06842181 0.05412931 0.03186311 0.09028952 0.01901350 0.03452641 0.08550122 0.05621391 0.02160580 0.07676911 0.08556212 0.05235821 0.03341701 0.04154121 0.02877211 0.06006861 0.05273301 0.00863271 0.03260231 0.06597901
138 0.07917810 0.04284910 0.02955520 0.04235040 0.01661530 0.03550090 0.04689300 0.06019780 0.01943600 0.12938799 0.08525290 0.03972530 0.02351480 0.03813390 0.02667100 0.07697740 0.04879050 0.00925435 0.07920630 0.07050980
139 0.06429931 0.04186080 0.02710510 0.04168930 0.01659830 0.03310010 0.04785120 0.05143751 0.01955720 0.08102221 0.09422481 0.04482350 0.03078230 0.04234200 0.03247410 0.13160601 0.07790131 0.01032680 0.03534590 0.07565221
140 0.06614611 0.07945522 0.03369991 0.04279881 0.01833860 0.03114801 0.04495461 0.05958021 0.02051000 0.05473141 0.15116003 0.10203202 0.02771541 0.03770401 0.02954491 0.05535231 0.04342541 0.00809310 0.02800781 0.06560211
141 0.05789040 0.04795010 0.03435520 0.04217970 0.01504990 0.03156570 0.10515300 0.05531440 0.02948740 0.12158100 0.07279290 0.03797390 0.02591570 0.03939540 0.02456650 0.05421590 0.05814710 0.00871153 0.06658560 0.07116870
142 0.04711550 0.04391840 0.03784350 0.03830930 0.01486700 0.06170200 0.04288690 0.05097300 0.01767990 0.09684260 0.08089430 0.04253840 0.01998750 0.03569460 0.02365310 0.08422370 0.03397700 0.00661121 0.03485510 0.18542700
143 0.05948088 0.04754139 0.03572519 0.07937808 0.02101309 0.03168219 0.06029668 0.09512517 0.02106009 0.06146228 0.08384478 0.09749867 0.03356229 0.03846189 0.02659809 0.06297878 0.04315139 0.00905177 0.03051769 0.06156958
144 0.05774369 0.03900710 0.02495880 0.03745140 0.01302200 0.03134380 0.04016780 0.05549219 0.01493030 0.08020539 0.09334629 0.04488720 0.03424230 0.04044190 0.02507880 0.18025898 0.03132180 0.00953730 0.03834900 0.10821399
145 0.06202009 0.05585389 0.03373769 0.07739878 0.01757820 0.03022619 0.09382078 0.09863738 0.02405579 0.07368888 0.08010138 0.04969129 0.03793409 0.03759349 0.02534929 0.05681519 0.04671649 0.00753604 0.03107059 0.06017449
146 0.13927108 0.04034512 0.03188342 0.04596263 0.01910471 0.07341604 0.03957542 0.05643233 0.02007361 0.07621114 0.09917156 0.04036632 0.02132301 0.04031812 0.03671912 0.06764044 0.04717543 0.00941553 0.03991152 0.05568343
147 0.06451221 0.04839731 0.03491460 0.05070231 0.02114290 0.07675531 0.04275591 0.05730111 0.01933370 0.06631621 0.09509131 0.08693001 0.02553970 0.04060051 0.03561920 0.06730121 0.04855461 0.00929296 0.03798591 0.07095301
148 0.07525810 0.04186470 0.02433370 0.04057560 0.01638270 0.03777010 0.05123050 0.04779670 0.02144670 0.06005630 0.08816750 0.04274150 0.06029540 0.03765150 0.09544260 0.05644660 0.11578100 0.01152540 0.02745290 0.04778050
149 0.07414774 0.04001922 0.03500862 0.04462212 0.01664691 0.07701734 0.03811842 0.05626273 0.02027091 0.06356143 0.16205808 0.04373312 0.02661351 0.03932622 0.03557322 0.06840043 0.04812232 0.00862242 0.03700542 0.06486983
150 0.07425320 0.04789360 0.03508360 0.04563140 0.01505280 0.03225200 0.05412950 0.05791800 0.02389580 0.06630030 0.08800040 0.05434290 0.02746620 0.09232560 0.03069090 0.06860090 0.05706640 0.01219670 0.03275470 0.08414510
151 0.20412296 0.04006049 0.03004019 0.03907079 0.01744330 0.02764080 0.03755679 0.06006659 0.02195960 0.08483808 0.11297098 0.03791209 0.01905610 0.03714629 0.03103109 0.06049769 0.04318209 0.00921538 0.03205579 0.05413289
152 0.08138398 0.04094479 0.03008609 0.04153889 0.01472370 0.03579399 0.04229019 0.06076529 0.02159290 0.05628099 0.14151997 0.04450379 0.02176950 0.05839489 0.02595679 0.06696419 0.04658399 0.01028090 0.09403748 0.06458769
153 0.06111928 0.05050178 0.03199049 0.07678327 0.01791409 0.03120619 0.08489787 0.05470528 0.01810209 0.07298477 0.07972777 0.04919248 0.04309838 0.03872299 0.02744329 0.10781296 0.04315298 0.00858948 0.03087419 0.07118037
154 0.14723797 0.04473459 0.02636859 0.08282018 0.01917070 0.03321779 0.04355229 0.05444929 0.02045440 0.07596718 0.09806978 0.04482459 0.02297780 0.04236539 0.03086569 0.06420559 0.04837569 0.00983981 0.03459299 0.05590969
155 0.07165140 0.05146740 0.03140450 0.04031500 0.01650180 0.03252010 0.05488230 0.11284099 0.02553110 0.07571020 0.10002999 0.05292950 0.03288440 0.04088730 0.02945160 0.06263120 0.04999500 0.00886746 0.03600070 0.07349810
156 0.07543119 0.04061610 0.03003680 0.04226790 0.01393320 0.03597610 0.04469220 0.05857869 0.02382890 0.05599119 0.08119719 0.04631710 0.02112690 0.10357999 0.02609830 0.06702629 0.04904420 0.01328850 0.09950759 0.07146169
157 0.18996108 0.08029383 0.02838001 0.04075832 0.01664121 0.02840051 0.04328792 0.06081343 0.02235201 0.07721463 0.09796244 0.03940992 0.01865211 0.03348511 0.03534641 0.05903982 0.04420552 0.00721008 0.02939341 0.04719222
158 0.07278501 0.05039901 0.03605151 0.04238611 0.01629410 0.03525321 0.04626301 0.06133121 0.02287140 0.04603471 0.18376303 0.09270241 0.02445510 0.03498201 0.03223171 0.05768521 0.05376841 0.00886984 0.02761580 0.05425721
159 0.07995909 0.04105599 0.03530919 0.03951089 0.01289550 0.02952330 0.04438979 0.05423639 0.02329930 0.05994419 0.18900397 0.04682369 0.02360840 0.07452129 0.02692530 0.05916849 0.05293269 0.00980175 0.03012740 0.06696339
160 0.07531563 0.03912472 0.04079942 0.03384991 0.01208491 0.02528801 0.03990252 0.04999202 0.01907331 0.08463774 0.18893108 0.04018262 0.02253171 0.03637562 0.02203831 0.06475663 0.04315392 0.00702108 0.02706781 0.12787305
161 0.06833871 0.09589742 0.03090281 0.04406731 0.01627890 0.03111191 0.05105611 0.05895491 0.01711140 0.07813601 0.08554832 0.04309671 0.02708481 0.03822341 0.03298881 0.11647802 0.04143431 0.00755621 0.03192621 0.08380772
162 0.07780342 0.03602011 0.03820831 0.03258381 0.01141500 0.02316621 0.03762581 0.04887271 0.01736830 0.12608803 0.17167804 0.03264001 0.02275081 0.03515151 0.01870850 0.06861992 0.03882271 0.00700106 0.02520271 0.13027303
163 0.09353984 0.04020372 0.03677232 0.03674352 0.01401981 0.02793181 0.04239142 0.05383742 0.02078351 0.11078105 0.17562308 0.03831802 0.02163811 0.03491122 0.02469251 0.06501563 0.04577002 0.00792065 0.02776881 0.08133754
164 0.06486618 0.03579979 0.03029519 0.03432369 0.01226190 0.02843999 0.03869199 0.05321419 0.01986180 0.11182397 0.13536797 0.03442379 0.02276639 0.04950589 0.02011059 0.08145238 0.03910419 0.00870645 0.06416668 0.11481697
165 0.05206208 0.04207039 0.04447289 0.03059139 0.01109360 0.02461139 0.04049959 0.04677779 0.01562590 0.07521728 0.13454996 0.04552419 0.01982089 0.03837459 0.01874239 0.07633008 0.03200769 0.00595149 0.02733749 0.21833894
166 0.05753952 0.03931131 0.03011201 0.03695621 0.01268010 0.03368781 0.04203541 0.05511282 0.01930131 0.05937572 0.08019533 0.04439951 0.02012811 0.08112963 0.02218351 0.08169273 0.04264901 0.00957038 0.09328053 0.13865904
167 0.13651005 0.04025872 0.02880561 0.04033712 0.01678941 0.02801231 0.04479812 0.05562522 0.01962351 0.11655204 0.09277134 0.03921181 0.05478542 0.03564921 0.03108731 0.06801603 0.04912522 0.00817542 0.03012381 0.06374232
168 0.06769481 0.09866742 0.03522361 0.04923201 0.01781070 0.06407421 0.05486191 0.05863561 0.02128740 0.07783572 0.08839662 0.04674421 0.02258650 0.03706021 0.03778801 0.06179021 0.05031281 0.00664488 0.03297261 0.07038052
169 0.07958055 0.04142518 0.03032978 0.04262527 0.01393489 0.03304268 0.04469747 0.05768267 0.02342079 0.05712847 0.13174792 0.04667207 0.02225439 0.08695555 0.02648228 0.06586976 0.05018357 0.01169089 0.06870646 0.06556936
170 0.07798689 0.04692420 0.02690510 0.04104690 0.01748050 0.03612900 0.05348109 0.05295119 0.02345520 0.06953309 0.08949719 0.04421970 0.02465820 0.03880800 0.09103809 0.05561679 0.11928899 0.01270910 0.02879160 0.04947920
171 0.07399211 0.04868020 0.03519320 0.04581970 0.01486240 0.03238700 0.05416851 0.05737461 0.02423310 0.06695771 0.08714361 0.05405981 0.02723180 0.09250931 0.03116090 0.06904221 0.05642241 0.01223960 0.03295320 0.08356861
172 0.06409649 0.10255299 0.03931040 0.04690339 0.01870920 0.03093810 0.05588569 0.06265139 0.02028220 0.06529199 0.08794309 0.08501819 0.02593420 0.03886760 0.03049600 0.05886399 0.04275879 0.00725922 0.02930580 0.08693129
173 0.06571887 0.04433588 0.02711869 0.04036658 0.01603699 0.04169368 0.03822938 0.05393318 0.01547939 0.07494967 0.08766106 0.04380098 0.02977009 0.03755928 0.08390117 0.15138894 0.04032648 0.01273109 0.03079739 0.06420117
174 0.06596291 0.03755411 0.03027441 0.03901241 0.01240240 0.02810461 0.05053291 0.05069041 0.02539541 0.06312301 0.15518503 0.04448611 0.02906231 0.07907482 0.02954661 0.04450331 0.10448102 0.01099450 0.03242781 0.06718591
175 0.06128745 0.04192826 0.03752897 0.03627707 0.01312579 0.02797528 0.04411676 0.05263165 0.01744258 0.13612688 0.10305891 0.03663207 0.01895008 0.03675797 0.01963848 0.08377343 0.03617677 0.00752416 0.02966657 0.15938086
176 0.06465141 0.04861231 0.03474391 0.05182101 0.01807070 0.07467892 0.08243812 0.05899981 0.02134820 0.08203182 0.08735742 0.04461861 0.02587071 0.03976541 0.03388521 0.06287231 0.05504161 0.00855169 0.03644081 0.06820001
177 0.07969951 0.05253761 0.03316290 0.04419630 0.01831550 0.03904650 0.05057221 0.05836571 0.02248800 0.07077701 0.09552571 0.04918860 0.02687180 0.04009210 0.08306741 0.06485311 0.06505341 0.01164180 0.03168790 0.06285691
178 0.05994938 0.05134499 0.03634979 0.04546379 0.01665890 0.03238889 0.05234629 0.05766219 0.02038649 0.12980997 0.07640338 0.08276438 0.02179829 0.03570409 0.02508939 0.07131368 0.04261039 0.00957846 0.03007529 0.10230197
179 0.13919499 0.03839180 0.03165700 0.03664770 0.01633830 0.02443300 0.03986370 0.05772890 0.01877170 0.14370599 0.10638199 0.03078520 0.01757560 0.03187400 0.02373210 0.06820430 0.03837500 0.00783226 0.02749950 0.10100699
