1 0.20472600 0.03247610 0.02468110 0.03929420 0.04222620 0.02595410 0.03442250 0.05792090 0.01659540 0.08944380 0.08997690 0.03496200 0.01708090 0.03275190 0.03259730 0.09644870 0.04158900 0.00844221 0.03141400 0.04699680
2 0.14850899 0.04488360 0.02847120 0.04226660 0.01668480 0.06006960 0.04503980 0.09429309 0.02198000 0.07757800 0.09430619 0.04320860 0.02047460 0.03675930 0.03187670 0.06035480 0.04032060 0.00859286 0.03749840 0.04683230
3 0.12657005 0.03779362 0.02337381 0.03774352 0.01578341 0.02776361 0.03963012 0.05880832 0.01680671 0.08471163 0.10205104 0.04023932 0.02543471 0.04121402 0.02989591 0.13543005 0.03546151 0.01093250 0.03537701 0.07497913
4 0.04719270 0.05101410 0.04133190 0.04079510 0.01190770 0.03165150 0.04473750 0.05064260 0.01777770 0.05410750 0.07404560 0.05453460 0.02024550 0.04292440 0.02495920 0.08801310 0.03293890 0.00693410 0.03238330 0.23186300
5 0.16096993 0.03700838 0.03390439 0.03619518 0.01565229 0.02561579 0.03995918 0.05044278 0.01851399 0.11824495 0.14472194 0.03406579 0.01799049 0.03209199 0.02527629 0.06057517 0.04044158 0.00722412 0.02685989 0.07424587
6 0.07273593 0.04286076 0.03110647 0.04175406 0.01636999 0.03015787 0.04920276 0.05248175 0.02239818 0.06162494 0.08665642 0.04235446 0.02252958 0.04381656 0.07517453 0.05265795 0.11239590 0.01137029 0.03212167 0.10022991
7 0.05716629 0.04068379 0.02433040 0.03892449 0.01356690 0.03184509 0.04171309 0.05602419 0.01662520 0.08046069 0.09729408 0.04439229 0.03423209 0.04005349 0.02701410 0.16854797 0.03092799 0.00968028 0.03781659 0.10870098
8 0.07189065 0.04402083 0.03427462 0.04530263 0.01761811 0.02949152 0.04919063 0.06244854 0.02264892 0.06740275 0.10032407 0.10441207 0.03298862 0.04654783 0.02933932 0.06789995 0.04885533 0.01049921 0.03405632 0.08078806
9 0.05862349 0.05121989 0.03865639 0.04236809 0.01650150 0.02690220 0.09626389 0.06748639 0.02623870 0.06566199 0.09116009 0.08734629 0.03952159 0.04076829 0.02626750 0.05940469 0.05281289 0.00894105 0.03061470 0.07324039
10 0.06478622 0.04060911 0.02653481 0.04109451 0.01726541 0.03247841 0.04820961 0.05179572 0.02098441 0.08192972 0.09693723 0.04299711 0.02960041 0.04240521 0.03253961 0.13025504 0.07699482 0.01021700 0.03519231 0.07717332
11 0.04782589 0.07896699 0.02556920 0.04074760 0.01233140 0.03175940 0.04579629 0.05323509 0.01596790 0.07490239 0.08644519 0.04812979 0.02919990 0.03664460 0.02754610 0.16827498 0.02799030 0.00802932 0.03546170 0.10517599
12 0.07409131 0.04514941 0.03173981 0.04540921 0.01885720 0.03430101 0.05652841 0.05885611 0.02239420 0.13693603 0.08021802 0.04626431 0.05714041 0.03649751 0.03144301 0.07608902 0.05247911 0.00800860 0.03400541 0.05359191
13 0.06304772 0.04754962 0.07049732 0.03397871 0.01776651 0.03013121 0.05669622 0.09092473 0.02363001 0.06911652 0.11026804 0.04780802 0.02600301 0.03920271 0.03321161 0.04917562 0.08570393 0.00840967 0.02935171 0.06752712
14 0.09202869 0.04101100 0.03792300 0.03691810 0.01471350 0.02904680 0.04535690 0.05302430 0.02077500 0.10687899 0.17285798 0.04116280 0.02168870 0.03387750 0.02570460 0.06684209 0.04520760 0.00783399 0.02750980 0.07963869
15 0.04957570 0.03914770 0.03368890 0.04989360 0.01463590 0.02681570 0.07007380 0.07781890 0.02088580 0.04451840 0.05982830 0.05229890 0.14620100 0.04172430 0.02501590 0.08416490 0.03933070 0.00646970 0.06628960 0.05162230
16 0.08458447 0.04132518 0.03345379 0.03872858 0.01534359 0.03292129 0.04384978 0.05718068 0.02265179 0.05165138 0.18003693 0.04719838 0.02160239 0.05143808 0.02807199 0.06591207 0.04904878 0.00942759 0.06797827 0.05759498
17 0.06617019 0.05173869 0.03609799 0.04536169 0.01899790 0.03580349 0.04713539 0.05896149 0.02179060 0.06401029 0.09175708 0.08922148 0.02714729 0.04144069 0.07421539 0.06290239 0.05632959 0.01241000 0.03300739 0.06550099
18 0.04878033 0.04062072 0.03779912 0.05226193 0.01293811 0.02465591 0.07623064 0.08755585 0.01989211 0.04331522 0.06083473 0.05906223 0.16225009 0.03352922 0.02437451 0.08699715 0.03714752 0.00577576 0.03184972 0.05412913
19 0.18744596 0.03500539 0.02755729 0.07000949 0.01518720 0.02665069 0.03871239 0.04852379 0.02194340 0.06396019 0.09047058 0.04007919 0.01888380 0.08082438 0.02850909 0.06141739 0.04085389 0.01229180 0.04339489 0.04827919
20 0.06851300 0.05212010 0.03974100 0.04245920 0.01658550 0.02817360 0.09783290 0.06333990 0.02663390 0.07938080 0.09747640 0.04777770 0.03652120 0.03984660 0.02884990 0.06259240 0.05626490 0.00897628 0.03256720 0.07434750
21 0.07265313 0.04554552 0.02880191 0.08886223 0.01905081 0.03492641 0.04892372 0.05012232 0.02094101 0.07525883 0.09077113 0.04810342 0.02741721 0.04436752 0.03605171 0.05944852 0.10115104 0.00919013 0.03311861 0.06529482
22 0.08239559 0.04925439 0.02859630 0.08821609 0.01940870 0.03625960 0.04858059 0.05571649 0.01997190 0.07679239 0.09514079 0.05230869 0.03040510 0.04347689 0.03233130 0.06816709 0.05077899 0.00916602 0.03538240 0.07765069
23 0.06642021 0.10035001 0.04075280 0.04722561 0.01689410 0.03092760 0.05446061 0.06154051 0.02093260 0.06631711 0.08941751 0.08468581 0.02624490 0.03975180 0.03000230 0.06076261 0.04260620 0.00739149 0.02969920 0.08361701
24 0.08564011 0.04490920 0.03031690 0.04129800 0.01738100 0.03510850 0.04830430 0.10276401 0.02057610 0.06982591 0.08277771 0.04578160 0.03130240 0.03555540 0.03004190 0.08157331 0.04197010 0.00958162 0.07975841 0.06553351
25 0.19045996 0.03743579 0.02535050 0.03772029 0.01736270 0.02679079 0.03703739 0.06063039 0.01791910 0.08443578 0.10108698 0.03820659 0.01969200 0.03954159 0.03287539 0.09690548 0.03881869 0.00999369 0.03376899 0.05396789
26 0.05846149 0.07648969 0.03274030 0.03966460 0.01485550 0.02973950 0.04764270 0.05345309 0.02632090 0.05361059 0.08963319 0.08532649 0.02843380 0.08362749 0.02923710 0.04852120 0.09368649 0.01019350 0.03588760 0.06247479
27 0.06499263 0.04388332 0.03455252 0.08337724 0.01902651 0.03037942 0.05834133 0.05838783 0.02022231 0.06295473 0.08851214 0.10733205 0.03381672 0.04259592 0.02785851 0.06263623 0.04536712 0.01017661 0.03170872 0.07387814
28 0.20129797 0.04089839 0.03291289 0.04126399 0.01662230 0.02822050 0.04131629 0.05512779 0.02072330 0.08184569 0.11213598 0.04040149 0.01879100 0.03822569 0.03263999 0.05865449 0.04271869 0.00882586 0.03362879 0.05374889
29 0.09213684 0.04461632 0.04021142 0.03928111 0.01529051 0.03223971 0.04762842 0.05790082 0.02240031 0.06064102 0.19097607 0.04820832 0.02200971 0.03608751 0.02963251 0.06433142 0.05174342 0.00806652 0.02964081 0.06695723
30 0.06474580 0.04029900 0.03015940 0.04127650 0.01366510 0.02951300 0.05038260 0.05699570 0.02336430 0.10334801 0.09808290 0.04894400 0.06409340 0.07956570 0.02763850 0.06868230 0.05206060 0.00818625 0.02941600 0.06958090
31 0.07042540 0.04839910 0.03118080 0.08260080 0.01966550 0.03881340 0.05189570 0.05406470 0.01978420 0.07184430 0.08477090 0.04911460 0.02793990 0.03988400 0.07863340 0.06667540 0.05627240 0.01079890 0.03317550 0.06406110
32 0.05440791 0.03665841 0.02046560 0.03542611 0.01139530 0.02875110 0.03908291 0.08653581 0.01546270 0.07422661 0.09048371 0.04022401 0.03979821 0.03845311 0.02465300 0.18969703 0.02492360 0.00962965 0.03982621 0.09989901
33 0.10372893 0.05051597 0.03606308 0.04328687 0.01458749 0.02786208 0.04607477 0.05091316 0.02059239 0.05241226 0.08898774 0.08917414 0.02249138 0.04417837 0.02791218 0.06159276 0.04445617 0.00961358 0.03153578 0.13402091
34 0.08872274 0.04331752 0.03062191 0.03826562 0.01621331 0.02852341 0.04642672 0.09010354 0.01974771 0.14032806 0.08560964 0.03762222 0.01867851 0.03369071 0.02576271 0.07426513 0.03976942 0.00833989 0.02982321 0.10416804
35 0.05750344 0.04035663 0.02434102 0.03882213 0.01357181 0.03162272 0.04181523 0.05602124 0.01652781 0.08063935 0.09840186 0.04333453 0.03399512 0.03973543 0.02616832 0.16939211 0.03115412 0.00964756 0.03764552 0.10930407
36 0.05132290 0.09134550 0.06581760 0.04005200 0.01671580 0.03313040 0.05386290 0.04980230 0.01789750 0.07111320 0.08269680 0.05763250 0.02722710 0.03653480 0.03175450 0.10238700 0.03461540 0.00800293 0.03074860 0.09734030
37 0.11227798 0.03587769 0.02143010 0.03568919 0.01489860 0.02797499 0.03723709 0.05762029 0.01601670 0.08423688 0.10075798 0.03912049 0.02630019 0.04038599 0.02733369 0.16355197 0.03253919 0.01067250 0.03601179 0.08006668
38 0.08107890 0.04964480 0.02820220 0.08796640 0.01857410 0.03592630 0.04882210 0.05626940 0.02006020 0.07677040 0.09489390 0.05318740 0.03086600 0.04324900 0.03249710 0.06877200 0.05046410 0.00918325 0.03545770 0.07811470
39 0.18128785 0.04274826 0.06695734 0.04169467 0.01602439 0.03071267 0.04574106 0.04451136 0.02064468 0.07487404 0.12668589 0.04004747 0.01788519 0.03447917 0.02943928 0.05228506 0.04154717 0.00813422 0.02907258 0.05522765
40 0.05735499 0.04041409 0.02442250 0.03847729 0.01364720 0.03183140 0.04200299 0.05593189 0.01684440 0.08102479 0.09790699 0.04372689 0.03356899 0.03992649 0.02666160 0.16893597 0.03133320 0.00961755 0.03775379 0.10861698
41 0.23256000 0.03394530 0.02394930 0.03545830 0.01726280 0.02471060 0.03251820 0.06136650 0.01690620 0.08282760 0.09853960 0.03599070 0.01684830 0.03797320 0.03285270 0.09121190 0.03510060 0.00957570 0.03460950 0.04579300
42 0.18848809 0.03743382 0.02511831 0.03770742 0.01765141 0.02633641 0.03761302 0.06020023 0.01808131 0.08425664 0.10114605 0.03874442 0.02022921 0.03958932 0.03236712 0.09762865 0.03911512 0.01022731 0.03433762 0.05372853
43 0.13141995 0.04018539 0.03166329 0.04877338 0.04614118 0.03149709 0.04901808 0.05455028 0.02163899 0.06896028 0.09250007 0.04803078 0.06007858 0.03662539 0.03272389 0.06162598 0.05041758 0.00758106 0.03407989 0.05248888
44 0.06574851 0.04345111 0.03423041 0.04274121 0.01503110 0.02848441 0.05391371 0.05461871 0.02475590 0.07024541 0.10284402 0.04618561 0.02399650 0.04796501 0.03271881 0.04698931 0.10968802 0.00917121 0.03396201 0.11325902
45 0.05722077 0.04616468 0.03873698 0.04008598 0.01286559 0.03067948 0.04466428 0.05140147 0.01847269 0.09958755 0.09401715 0.04401028 0.01982259 0.03943358 0.02379769 0.08370456 0.03588298 0.00716479 0.03056499 0.18172191
46 0.08232799 0.04966500 0.02859200 0.08781979 0.01897110 0.03618800 0.04863340 0.05619820 0.02033440 0.07621469 0.09511809 0.05216290 0.02981250 0.04361840 0.03237590 0.06810179 0.05120760 0.00921248 0.03526460 0.07818119
47 0.05650849 0.08188908 0.03447729 0.04552129 0.01634330 0.02922039 0.04597629 0.05500809 0.01779520 0.06002269 0.08100218 0.10998498 0.02818429 0.03943579 0.02824489 0.10612998 0.03355329 0.00904122 0.03019039 0.09147088
48 0.04678891 0.03548751 0.02542041 0.04316261 0.01175880 0.02671061 0.05477652 0.06513692 0.01557900 0.05913622 0.08636262 0.04627881 0.11589303 0.03594971 0.02344491 0.16316705 0.03306941 0.00671082 0.03367911 0.07148702
49 0.06870799 0.04979240 0.03745730 0.04445490 0.04721140 0.03611640 0.04539300 0.05890470 0.02094680 0.04908330 0.16603299 0.09427749 0.02714230 0.03365380 0.02918570 0.05539110 0.04896750 0.00777808 0.02932330 0.05017960
50 0.05553967 0.04188938 0.02978439 0.03631088 0.01671629 0.02991649 0.06217427 0.06088387 0.05937707 0.05530137 0.09532895 0.08420536 0.02460889 0.05013907 0.03217288 0.04121468 0.13384993 0.01112679 0.03076488 0.04869488
51 0.05719740 0.04069690 0.02439960 0.03908860 0.01390190 0.03165160 0.04162120 0.05616540 0.01660330 0.08004739 0.09781309 0.04400480 0.03361820 0.03990830 0.02651260 0.16880699 0.03141120 0.00951887 0.03794670 0.10908599
52 0.05973420 0.10922699 0.04154250 0.04607080 0.01735460 0.02943400 0.05078590 0.05950000 0.02065720 0.05938610 0.08489469 0.11227099 0.02631250 0.03994000 0.02693740 0.05681520 0.03847420 0.00729598 0.02837090 0.08499589
53 0.09441690 0.04326420 0.03421050 0.03980740 0.01730170 0.03257230 0.04875310 0.05611540 0.02137750 0.13895799 0.12724999 0.04080800 0.02047810 0.03435070 0.02865910 0.07243620 0.04514800 0.00875384 0.03090990 0.06442920
54 0.07450435 0.03459528 0.02402589 0.03319358 0.01457269 0.02785758 0.03726068 0.04809947 0.01690449 0.12120093 0.14467591 0.03508348 0.02723448 0.03626558 0.02397849 0.13318392 0.03899928 0.00870550 0.02977198 0.08988645
55 0.06024212 0.08338402 0.03929331 0.04980851 0.01644920 0.03011131 0.08541932 0.06488622 0.02378761 0.06520682 0.08646092 0.09061293 0.02999671 0.03764551 0.02605171 0.05598652 0.04359581 0.00721282 0.02766041 0.07618822
56 0.05817901 0.05123171 0.06787551 0.04904330 0.01831220 0.03015320 0.09009781 0.05426171 0.01913640 0.07262791 0.08471571 0.04781140 0.04233560 0.03394930 0.02750340 0.09584171 0.04201180 0.00858000 0.02994110 0.07639121
57 0.06093670 0.03991600 0.02949640 0.04372180 0.01728520 0.03168270 0.05733270 0.05342380 0.02392860 0.11640100 0.08419560 0.04503720 0.06141450 0.04202470 0.03396290 0.05262480 0.10293600 0.00796777 0.03376850 0.06194310
58 0.18755595 0.04278889 0.03263639 0.06947538 0.01677590 0.03013549 0.05188958 0.05248648 0.04623289 0.06870838 0.09807837 0.04044509 0.01784899 0.03948179 0.02747869 0.05307858 0.04273539 0.00803789 0.02938519 0.04474469
59 0.06769083 0.03815162 0.02932681 0.04064562 0.01929741 0.03439871 0.05197692 0.05023742 0.02201011 0.12030205 0.07372523 0.04141632 0.02512001 0.04366942 0.03354441 0.05709162 0.09453714 0.00926188 0.08619184 0.06140463
60 0.12772685 0.04095645 0.03433796 0.03988495 0.01575888 0.02629727 0.04377125 0.05180284 0.01911218 0.12211986 0.10593588 0.03554606 0.01871608 0.03645626 0.02649157 0.06401163 0.04286105 0.00801154 0.02886457 0.11133687
61 0.09143165 0.04072478 0.03754818 0.03762438 0.01454669 0.02936598 0.04497787 0.05340237 0.02044599 0.10720694 0.17247690 0.04175968 0.02187549 0.03407178 0.02577399 0.06707956 0.04529747 0.00761098 0.02749208 0.07928725
62 0.05477100 0.04699880 0.03555300 0.04744850 0.01672680 0.03071940 0.05769870 0.06673810 0.02217950 0.08684380 0.07155910 0.09788900 0.09017500 0.03683540 0.02658110 0.06834200 0.04695190 0.00713111 0.03204960 0.05680820
63 0.07625687 0.04635688 0.03528309 0.04292009 0.01718019 0.03227969 0.05077028 0.05594628 0.02039039 0.14435095 0.09150597 0.04046919 0.01949729 0.03555539 0.02773109 0.07644437 0.04389589 0.00881584 0.03106329 0.10328696
64 0.11378592 0.05251126 0.03677307 0.07536594 0.01725159 0.02967208 0.10546192 0.05496836 0.02314058 0.07727584 0.09075743 0.04176527 0.02622778 0.03428137 0.02621798 0.05297696 0.04855866 0.00767203 0.02890188 0.05643406
65 0.06645070 0.03812320 0.03443210 0.03835190 0.05256460 0.03254630 0.05066190 0.05124880 0.05272830 0.08408040 0.07892190 0.04166160 0.02350980 0.03572460 0.03506440 0.09713960 0.09241110 0.01024370 0.03228400 0.05185110
66 0.15240395 0.03436169 0.02398719 0.03668549 0.01692139 0.02951989 0.03537629 0.05961108 0.01912939 0.07687928 0.08889797 0.03891369 0.02092179 0.05191488 0.03010879 0.10662997 0.03649629 0.01298250 0.07287068 0.05538778
67 0.13612687 0.03443437 0.02315628 0.03425227 0.01790938 0.02587838 0.03715377 0.05449795 0.01657568 0.13516588 0.09644511 0.03291777 0.02067458 0.03593377 0.02862157 0.11157490 0.04241806 0.00951101 0.03149887 0.07525353
68 0.06002749 0.05399149 0.03346970 0.09847199 0.01823570 0.03139730 0.08872729 0.05837819 0.02032900 0.06442129 0.08071109 0.08881109 0.03643659 0.03676199 0.02589630 0.05572509 0.04459019 0.00807384 0.02913880 0.06640559
69 0.07542443 0.04433682 0.03325761 0.04527922 0.02208671 0.03449321 0.05855052 0.05297282 0.02354131 0.16113306 0.06387492 0.04067401 0.02026951 0.03285581 0.03964741 0.06245592 0.09756624 0.00943524 0.03220871 0.04993652
70 0.06990262 0.04350451 0.03552101 0.06981322 0.01559460 0.03416051 0.08691493 0.04949292 0.02408581 0.05862312 0.13675404 0.04561861 0.02750741 0.03681701 0.02923341 0.04911802 0.09647193 0.00737109 0.02830401 0.05519122
71 0.06171430 0.04291550 0.03337600 0.04724850 0.01593630 0.02978310 0.06187240 0.06641830 0.02124470 0.09691800 0.07609910 0.05170590 0.09940970 0.03794880 0.02795890 0.07994230 0.04724530 0.00708358 0.03471360 0.06046570
72 0.06126847 0.04338598 0.03697738 0.03901458 0.01341839 0.02974319 0.04478488 0.05075457 0.01820689 0.13612393 0.10089395 0.03706488 0.01887279 0.03588318 0.02259609 0.07913176 0.03658608 0.00743510 0.02860899 0.15924892
73 0.17943797 0.04700239 0.03655439 0.04754319 0.01573940 0.02975570 0.07776409 0.05225319 0.02307620 0.07820849 0.10584898 0.04101499 0.01963600 0.03468499 0.02952020 0.04991199 0.04460819 0.00804936 0.03012640 0.04926389
74 0.07099981 0.04514901 0.03299821 0.04364771 0.01760690 0.03225791 0.05815961 0.05832161 0.02719031 0.07184531 0.10492602 0.04936641 0.02515571 0.04772041 0.03919031 0.04802611 0.12201202 0.01025090 0.03486961 0.06030611
75 0.06619575 0.04409833 0.03492063 0.03873973 0.01678891 0.02824072 0.10186407 0.05658194 0.02943672 0.07298675 0.09406877 0.04589183 0.02788222 0.04302493 0.03414682 0.05289664 0.11053908 0.00981059 0.03322422 0.05866134
76 0.13451594 0.04336668 0.03953078 0.03813428 0.01417449 0.02937749 0.07629307 0.04827058 0.02298769 0.06825057 0.16725493 0.03928688 0.02241329 0.03277449 0.02582559 0.05138218 0.04946538 0.00725521 0.02598459 0.06345587
77 0.20364484 0.04071967 0.03292317 0.04084887 0.01626139 0.02818128 0.04141967 0.05497466 0.02090148 0.08118414 0.11339391 0.04009717 0.01902118 0.03868507 0.03222477 0.05760875 0.04186897 0.00880679 0.03351817 0.05371606
78 0.07692382 0.04689511 0.03557651 0.04294291 0.01732610 0.03228121 0.05033251 0.05576961 0.02055270 0.14394003 0.09062852 0.04051231 0.01978910 0.03554841 0.02760711 0.07629702 0.04403161 0.00862589 0.03141951 0.10300002
79 0.09123422 0.04539171 0.04031941 0.03952421 0.01516460 0.03189341 0.04760561 0.05779501 0.02284020 0.06109071 0.19038804 0.04837041 0.02195460 0.03620771 0.02978931 0.06414771 0.05127421 0.00783660 0.02881071 0.06836161
80 0.06095399 0.03877199 0.02171980 0.03743399 0.01232210 0.02917699 0.04239899 0.09103598 0.01671070 0.07404889 0.09065428 0.04319079 0.04113509 0.03895379 0.02596309 0.16532097 0.02703399 0.01010480 0.03895529 0.09411448
81 0.07156761 0.04402931 0.03533761 0.04869341 0.05661031 0.03741501 0.04934611 0.05544621 0.02129990 0.08908061 0.08463551 0.05114911 0.02623990 0.03357381 0.03619891 0.10687602 0.04940181 0.00957784 0.03431211 0.05920891
82 0.07856789 0.04126000 0.03457230 0.03902870 0.01753870 0.03079810 0.05154419 0.05205419 0.02332850 0.11843499 0.12900498 0.04225559 0.02321150 0.03586310 0.03216900 0.05682839 0.09073309 0.00845932 0.02921740 0.06513009
83 0.06602429 0.03939240 0.02587170 0.03984120 0.01813800 0.03163100 0.05035589 0.04931580 0.02230860 0.07706199 0.09252369 0.04156670 0.02711600 0.04348240 0.03697400 0.12023199 0.11319099 0.01040320 0.03313790 0.06143229
84 0.20106492 0.04113378 0.03291679 0.04181918 0.01646209 0.02842989 0.04194018 0.05550538 0.02072229 0.08108257 0.11227995 0.04061458 0.01876489 0.03915858 0.03188129 0.05736708 0.04230368 0.00870642 0.03386399 0.05398248
85 0.07825576 0.03357642 0.03866323 0.03078252 0.01090861 0.02247752 0.03783223 0.04585473 0.01765511 0.12203809 0.19344514 0.03264502 0.02285492 0.03376682 0.01819431 0.06499195 0.03718693 0.00620406 0.02247452 0.13019210
86 0.16961111 0.03977493 0.02706422 0.03709342 0.01865191 0.02793602 0.03955513 0.05422653 0.01732301 0.12564108 0.07353185 0.03423132 0.01739571 0.03118692 0.06888164 0.06778684 0.05698634 0.00967917 0.03002452 0.05341833
87 0.08553953 0.04299431 0.02467721 0.03812351 0.01593740 0.03318491 0.03921601 0.09365143 0.01821351 0.07261852 0.08437313 0.04337621 0.02806851 0.03785211 0.06752842 0.12262404 0.04011841 0.01180060 0.03534791 0.06475432
88 0.20903289 0.04127988 0.02885899 0.03785258 0.01622209 0.02887679 0.03709398 0.05373387 0.01856209 0.07610226 0.09236295 0.03813318 0.01854699 0.03707458 0.07012206 0.06050437 0.04779948 0.00991400 0.03299158 0.04493538
89 0.07031769 0.04263550 0.02907350 0.04191050 0.01853090 0.03255250 0.05374389 0.05420079 0.02394510 0.07591869 0.09669179 0.04448950 0.02686950 0.04504870 0.03931980 0.08903249 0.11195399 0.01054070 0.03392990 0.05929459
90 0.09309115 0.04047212 0.03758352 0.03662662 0.01462261 0.02900602 0.04504472 0.05236713 0.02043801 0.10682506 0.17380109 0.04134232 0.02196311 0.03400332 0.02555571 0.06723303 0.04523322 0.00769108 0.02726621 0.07983394
91 0.05688672 0.04455071 0.02773221 0.04310521 0.01422140 0.02964241 0.07786502 0.05674492 0.01772811 0.07430342 0.08485662 0.04433051 0.04403241 0.03544451 0.02588741 0.15725705 0.03677091 0.00865871 0.03512081 0.08486092
92 0.19775095 0.04144379 0.02480829 0.03724549 0.01634580 0.02661799 0.03963059 0.09629358 0.02073810 0.08091978 0.09726128 0.04079479 0.01909290 0.03714789 0.03134589 0.06385099 0.03788549 0.00923433 0.03498069 0.04661139
93 0.04787481 0.05061911 0.04210901 0.04098261 0.01242860 0.03191210 0.04444261 0.05026681 0.01777360 0.05347731 0.07473861 0.05418941 0.02013650 0.04250561 0.02495810 0.08818811 0.03273320 0.00691786 0.03248200 0.23126403
94 0.06021938 0.04290139 0.03481099 0.04886578 0.01694429 0.02678199 0.08405077 0.06518888 0.02415949 0.06174698 0.09117457 0.11168496 0.03800629 0.04260229 0.02629249 0.05959718 0.05121868 0.00952904 0.03069949 0.07352508
95 0.07826284 0.04233382 0.03299342 0.04102432 0.01368691 0.02935221 0.04503652 0.05528653 0.02536371 0.05871723 0.14464207 0.05074823 0.02469361 0.09608945 0.02894951 0.06305523 0.05585743 0.01098921 0.03420542 0.06871233
96 0.07162063 0.04422582 0.02990041 0.04006401 0.01758681 0.03003301 0.05631202 0.09912074 0.02777851 0.06435122 0.09722694 0.04880182 0.02406031 0.04359812 0.03762881 0.05319432 0.12066304 0.00936194 0.03243541 0.05203612
97 0.12513100 0.03822870 0.02336370 0.03695860 0.01580620 0.02794280 0.03971950 0.05923750 0.01714120 0.08461090 0.10147600 0.04032970 0.02602280 0.04144360 0.02971370 0.13631100 0.03535070 0.01078670 0.03585120 0.07457450
98 0.07915220 0.04736800 0.02470350 0.09045990 0.02008780 0.03930600 0.04329490 0.05181130 0.01823320 0.06996950 0.08682490 0.04884670 0.02718150 0.04185870 0.07524570 0.06833290 0.05604000 0.01054480 0.03399820 0.06674030
99 0.07101543 0.08708173 0.03728231 0.07884363 0.01824201 0.03725391 0.06211422 0.05224102 0.02007821 0.12122504 0.07278813 0.04984312 0.02131021 0.03051201 0.02799011 0.05985322 0.04947162 0.00660174 0.02767231 0.06858002
100 0.09217112 0.04492781 0.04021861 0.03940671 0.01504170 0.03186511 0.04843471 0.05823611 0.02257420 0.06128051 0.19049403 0.04844521 0.02214320 0.03630041 0.02947991 0.06420651 0.05119061 0.00780512 0.02920231 0.06657611
101 0.05662406 0.04064457 0.02439018 0.03918017 0.01386919 0.03187418 0.04214257 0.05579156 0.01669109 0.08006254 0.09702323 0.04382547 0.03462458 0.04014587 0.02662688 0.16884988 0.03121938 0.00953860 0.03800707 0.10886892
102 0.12583609 0.03465152 0.03056182 0.03911863 0.01496831 0.02465272 0.04094193 0.05145774 0.02220372 0.06869105 0.09677437 0.04556973 0.01873451 0.05868594 0.03292302 0.06519515 0.04613293 0.04279583 0.03880893 0.10129607
103 0.14019608 0.04560943 0.02570102 0.03841792 0.01628451 0.02894722 0.04672283 0.10842106 0.02278601 0.07839745 0.09970926 0.04454053 0.02410241 0.03962962 0.03096312 0.06413724 0.04423473 0.00951802 0.03530812 0.05637343
104 0.07944520 0.04772550 0.03422160 0.04438820 0.01436530 0.03038040 0.05043570 0.05833880 0.02542890 0.06700370 0.08680830 0.05421500 0.02736840 0.09303780 0.03171100 0.06835890 0.05699580 0.01160200 0.03365650 0.08451300
105 0.11253602 0.04153071 0.03395201 0.04183801 0.01553070 0.02655800 0.04774041 0.04872421 0.02281090 0.06267711 0.10451902 0.04199991 0.02118840 0.04515981 0.03270751 0.05394671 0.09043161 0.00939964 0.03195831 0.11479102
106 0.08717112 0.04292411 0.03108171 0.04192571 0.02134940 0.03601691 0.04944241 0.05808121 0.02323650 0.15615103 0.06510701 0.04068781 0.01908030 0.04501851 0.03155791 0.07310421 0.04716181 0.01180790 0.07151481 0.04757961
107 0.10857297 0.03936199 0.02871869 0.03955049 0.01802729 0.03117289 0.04584479 0.05062998 0.02519089 0.06203828 0.08815787 0.07952518 0.02241059 0.04988019 0.03213049 0.05501188 0.09224907 0.01105160 0.06877538 0.05169948
108 0.05806544 0.03921663 0.02983062 0.03725712 0.01119521 0.02548202 0.04462733 0.05310324 0.02213951 0.10675907 0.10887507 0.04458693 0.05707354 0.07362825 0.02316962 0.07137385 0.04299033 0.00755544 0.03013072 0.11294007
109 0.05121299 0.04365849 0.06483479 0.07346649 0.01527770 0.02934710 0.07822799 0.07274549 0.01813390 0.04506339 0.06131679 0.05779119 0.13528698 0.03108409 0.02358020 0.07074319 0.04013429 0.00563957 0.02986579 0.05258959
110 0.05977377 0.10919094 0.04158768 0.04582927 0.01741799 0.02989618 0.05010817 0.05980787 0.02096449 0.05902847 0.08460945 0.11162194 0.02646659 0.03989068 0.02771168 0.05716627 0.03794718 0.00712346 0.02879638 0.08506155
111 0.06789210 0.05202900 0.03996580 0.04278880 0.01694920 0.02823510 0.09882040 0.06359760 0.02661010 0.07907170 0.09586190 0.04753260 0.03574930 0.04065260 0.02900370 0.06330460 0.05560020 0.00898776 0.03275660 0.07459090
112 0.06389671 0.04293241 0.02614071 0.04090171 0.01597780 0.06310571 0.04254411 0.10694302 0.01939280 0.07286181 0.08588972 0.04365161 0.02854631 0.03707361 0.03181151 0.11836602 0.03523091 0.00922780 0.03952631 0.07597942
113 0.07212221 0.03691871 0.03108401 0.03750861 0.01488870 0.02948171 0.04919681 0.06012201 0.05859601 0.06227831 0.07941072 0.04491451 0.02356650 0.09499752 0.02802451 0.05802941 0.05701221 0.01407680 0.08179062 0.06598011
114 0.15850006 0.04064752 0.02662071 0.04149442 0.04365022 0.02949281 0.04287372 0.09588404 0.02109281 0.08266733 0.08833773 0.04212192 0.01932471 0.03265041 0.03170181 0.06797553 0.04451302 0.00836203 0.03320471 0.04888452
115 0.05668319 0.04122809 0.02412150 0.03910229 0.01320240 0.03173190 0.04230729 0.05649859 0.01659300 0.08109179 0.09770019 0.04345659 0.03354109 0.03966439 0.02659550 0.16842797 0.03108190 0.00968085 0.03789649 0.10939498
116 0.08156449 0.04590889 0.03261549 0.04497439 0.01777350 0.03848309 0.05047129 0.06128629 0.01969720 0.07603609 0.09014888 0.04757019 0.02889010 0.03786889 0.03179919 0.07919149 0.04984279 0.00906147 0.08035939 0.07645689
117 0.06817481 0.09714541 0.03758240 0.04855190 0.01688200 0.06300901 0.05500911 0.05827951 0.01984520 0.07890341 0.09034241 0.04647240 0.02224900 0.03635310 0.03386200 0.06381001 0.04956440 0.00651030 0.03311520 0.07433841
118 0.08354566 0.03840298 0.02868999 0.03948338 0.01408329 0.03185168 0.04182378 0.05804807 0.02207279 0.05857897 0.13221693 0.04737638 0.02382589 0.08372226 0.02853939 0.06829337 0.05027207 0.01124999 0.07237286 0.06555027
119 0.07912967 0.04236918 0.03775228 0.03742168 0.01454579 0.03093779 0.05051468 0.05454618 0.02408149 0.05789618 0.18649292 0.04665848 0.02401489 0.03634309 0.03187559 0.05078358 0.09656076 0.00716081 0.02737849 0.06353647
120 0.16597702 0.03484481 0.02716250 0.03142010 0.01512200 0.02241460 0.03499651 0.08085861 0.01766450 0.10957102 0.14208002 0.03299080 0.01918500 0.03165350 0.02416780 0.06196251 0.03677421 0.00739735 0.02688550 0.07687161
121 0.06650572 0.03489031 0.04128861 0.03091911 0.00978089 0.02312721 0.03702021 0.04532342 0.01796011 0.09519113 0.19007106 0.03586901 0.02273001 0.03457771 0.01956401 0.06481292 0.03639191 0.00582697 0.02329461 0.16485506
122 0.07447283 0.10512805 0.03289041 0.04311762 0.01613961 0.02969481 0.06029133 0.06842963 0.05274712 0.07256103 0.09219624 0.04959072 0.02426301 0.04092182 0.03000041 0.05362542 0.04950582 0.00753747 0.02802531 0.06886133
123 0.06125842 0.04025381 0.03064721 0.04324001 0.01611031 0.03247581 0.05597802 0.05962022 0.02438001 0.05748522 0.13118604 0.05137142 0.06946342 0.04269591 0.03285351 0.05745422 0.09568163 0.00731626 0.03175171 0.05877682
124 0.06313959 0.04273869 0.03107859 0.04158059 0.01701550 0.02956769 0.10491698 0.05069409 0.02488739 0.07675728 0.08452318 0.04147059 0.03135569 0.03863639 0.03266219 0.09234198 0.09892788 0.00952052 0.03132529 0.05685989
125 0.05607450 0.05277440 0.07082150 0.03624430 0.01609050 0.02995200 0.06103990 0.11338300 0.02406860 0.06717580 0.10072500 0.05418280 0.03927070 0.03804670 0.02797160 0.04979390 0.04468800 0.00786846 0.03071440 0.07911390
126 0.08230082 0.04366721 0.02805161 0.03737141 0.01802120 0.03058721 0.04879051 0.08914822 0.02390310 0.06629611 0.08722582 0.04342211 0.02162670 0.03914831 0.07755902 0.06198701 0.11003002 0.01092180 0.03106701 0.04887481
127 0.07392459 0.04498729 0.03167410 0.04557209 0.01864770 0.03408620 0.05579649 0.05896969 0.02243880 0.13818398 0.07910519 0.04700409 0.05649979 0.03638490 0.03215910 0.07526579 0.05283529 0.00817353 0.03466760 0.05362379
128 0.04833220 0.05052981 0.04146040 0.04102880 0.01210920 0.03178910 0.04449510 0.05057711 0.01787960 0.05390441 0.07533241 0.05409151 0.02007740 0.04290200 0.02502200 0.08799211 0.03276310 0.00683220 0.03272050 0.23016102
129 0.07413069 0.04423099 0.03460249 0.04718539 0.01979200 0.07669609 0.04433049 0.05784599 0.02004700 0.08133609 0.09939768 0.04420549 0.02506440 0.04088539 0.03540259 0.07378149 0.04950579 0.00872387 0.04140249 0.08143359
130 0.05868011 0.04465571 0.03102231 0.04601891 0.01804460 0.06395601 0.03967581 0.05437151 0.01673930 0.06938901 0.09107022 0.07886592 0.02574061 0.03920351 0.03359451 0.11866402 0.03815661 0.01005090 0.03711331 0.08498712
131 0.08218522 0.04924721 0.02882931 0.08717762 0.01903020 0.03616241 0.04857091 0.05658361 0.02036740 0.07706402 0.09545212 0.05223001 0.03067301 0.04274821 0.03205971 0.06863912 0.05065011 0.00892708 0.03480451 0.07859822
132 0.04615512 0.05622182 0.07931613 0.03549441 0.01329141 0.02967801 0.04800602 0.04519492 0.01818871 0.05479492 0.07476503 0.05582942 0.01824871 0.03920722 0.02581241 0.05958002 0.03607551 0.00612620 0.02744491 0.23056909
133 0.06568661 0.10166301 0.04110700 0.04696061 0.01683780 0.03087240 0.05511841 0.06168921 0.02119040 0.06680401 0.08934901 0.08482771 0.02622040 0.03926940 0.02972630 0.05977391 0.04220291 0.00719618 0.02952760 0.08397711
134 0.09183962 0.04471901 0.04037141 0.03926991 0.01524230 0.03215271 0.04788761 0.05738391 0.02240310 0.06054331 0.19171404 0.04823711 0.02202770 0.03575581 0.03005841 0.06471661 0.05159171 0.00830119 0.02884161 0.06694291
135 0.05642848 0.05346498 0.03506409 0.04139429 0.01588079 0.03010739 0.05575138 0.11517996 0.02493579 0.06005408 0.09605107 0.09638057 0.03936989 0.04022489 0.02766619 0.05689298 0.04715058 0.00850616 0.03127509 0.06822138
136 0.05970199 0.04425339 0.03140799 0.04293539 0.01735030 0.03193959 0.05752049 0.06068539 0.02675259 0.06059689 0.10180498 0.09342158 0.02652559 0.04733049 0.03523789 0.04311699 0.12188498 0.01004460 0.03323149 0.05425739
137 0.07111099 0.05364259 0.03177309 0.08898278 0.01814230 0.03376679 0.08404328 0.05802079 0.02159460 0.07564049 0.08762988 0.05207529 0.03444539 0.03788739 0.02871209 0.06023219 0.05062369 0.00822518 0.03173399 0.07171719
138 0.08347922 0.04127981 0.03008101 0.04166921 0.01897840 0.03653641 0.04811641 0.05680421 0.01823590 0.13020303 0.08227992 0.04124171 0.02332190 0.03856431 0.03060081 0.07603862 0.04750741 0.00925179 0.07659022 0.06921971
139 0.06480517 0.04092938 0.02689939 0.04099048 0.01742319 0.03200869 0.04823248 0.05164618 0.02094379 0.08179277 0.09710176 0.04336998 0.02973469 0.04220708 0.03325309 0.12899695 0.07746777 0.01047560 0.03479369 0.07692787
140 0.06898250 0.07789620 0.03514180 0.04123390 0.01660340 0.03102920 0.04479140 0.06049240 0.02051650 0.05735160 0.15184400 0.10066000 0.02683150 0.03859990 0.02717570 0.05500820 0.04351660 0.00744331 0.02802990 0.06685200
141 0.05970864 0.04573343 0.03576882 0.04144863 0.01802041 0.03315622 0.10446807 0.05130663 0.02749832 0.12367808 0.07313085 0.03768772 0.02733502 0.03640272 0.02636922 0.05863424 0.05742514 0.00855268 0.06503064 0.06864454
142 0.04563067 0.04411508 0.03661308 0.04147088 0.01338419 0.06264316 0.04154348 0.04903377 0.01753239 0.09642065 0.07932926 0.03989738 0.01900839 0.03473168 0.02478889 0.08464645 0.03217668 0.00637486 0.03369018 0.19696889
143 0.06100390 0.04709310 0.03462460 0.07737490 0.01745300 0.02983650 0.06197290 0.09907740 0.02179240 0.06001740 0.08373410 0.09400970 0.04078980 0.03721820 0.02655170 0.06280640 0.04153830 0.00878155 0.02965400 0.06467010
144 0.05763412 0.04073692 0.02424041 0.03845841 0.01370391 0.03154371 0.04197632 0.05622662 0.01660831 0.08024593 0.09766754 0.04354142 0.03453491 0.03996252 0.02641441 0.16847807 0.03174341 0.00951701 0.03819501 0.10857104
145 0.06226533 0.05439992 0.03350841 0.07690463 0.01709111 0.02828971 0.09409664 0.10042104 0.02413311 0.06989163 0.07916243 0.05002802 0.04702182 0.03396441 0.02460551 0.06063512 0.04467912 0.00741979 0.03037261 0.06110963
146 0.14805906 0.03952822 0.03271381 0.04468662 0.01821761 0.06956213 0.04095672 0.05670072 0.01894901 0.07966653 0.10235504 0.03887312 0.02079461 0.03877252 0.03443211 0.06489603 0.04389182 0.00859171 0.03920182 0.05915082
147 0.06623499 0.04893389 0.03523530 0.04730409 0.02036850 0.07284989 0.04287309 0.05850139 0.01926370 0.07104539 0.09929839 0.08516649 0.02546700 0.04047580 0.03352460 0.06513989 0.04771199 0.00882012 0.03809770 0.07368779
148 0.06995981 0.03947281 0.02718571 0.04181181 0.01767770 0.03511231 0.04918941 0.05022891 0.02138540 0.06438651 0.08893492 0.04270711 0.05881221 0.04240451 0.08764512 0.05890261 0.11283102 0.00981680 0.03159751 0.04993781
149 0.07077188 0.04020079 0.03187489 0.04361999 0.01959629 0.07656738 0.04308829 0.05248809 0.01897080 0.13541696 0.09325548 0.03768879 0.02579509 0.03491919 0.03112249 0.07128358 0.04879279 0.00800356 0.03724519 0.07929848
150 0.07807511 0.04710380 0.03394460 0.04476470 0.01446940 0.03111840 0.05133141 0.05871081 0.02622640 0.06673441 0.08661751 0.05434271 0.02727620 0.09317591 0.03149170 0.06853001 0.05757501 0.01190440 0.03333910 0.08326841
151 0.20244499 0.04105350 0.03321000 0.04120300 0.01620180 0.02873350 0.04126790 0.05507730 0.02092610 0.08088879 0.11434399 0.04021870 0.01889710 0.03882110 0.03218130 0.05740750 0.04179360 0.00853867 0.03344130 0.05334990
152 0.08276901 0.03976790 0.02996770 0.03978290 0.01564420 0.03536580 0.04278550 0.05835131 0.02050330 0.05765901 0.13964801 0.04686680 0.02306820 0.05717101 0.02900700 0.06960411 0.04891960 0.01005680 0.08964801 0.06341381
153 0.06132124 0.04959833 0.03119522 0.07428404 0.01690741 0.03051892 0.08513355 0.05842023 0.01817211 0.07283334 0.08079725 0.04640023 0.04607243 0.03446632 0.02763302 0.10899106 0.04188582 0.00829182 0.03201262 0.07506504
154 0.15271405 0.04385951 0.02681371 0.08275683 0.01863661 0.03130991 0.04398311 0.05394532 0.01923751 0.07741722 0.09756193 0.04517221 0.02290131 0.04225241 0.03081571 0.06318502 0.04561581 0.00918808 0.03329601 0.05933772
155 0.08252617 0.04485408 0.02919429 0.03706359 0.01657089 0.02982539 0.04847548 0.10392796 0.02310599 0.12377595 0.09460076 0.04239548 0.02652359 0.03724749 0.02706399 0.06333488 0.04770648 0.00871999 0.03205289 0.08103467
156 0.08153388 0.03866649 0.02829439 0.04016119 0.01390060 0.03324409 0.04158699 0.05909478 0.02405579 0.05778408 0.07899598 0.04797299 0.02157299 0.10290797 0.02956589 0.07019098 0.05048188 0.01350810 0.09498877 0.07149218
157 0.19171206 0.07886752 0.03178811 0.04236211 0.01529110 0.02866481 0.04545021 0.05756782 0.02061531 0.07570952 0.10084803 0.04159771 0.01761251 0.03375001 0.03451751 0.05657472 0.04142141 0.00709949 0.02957781 0.04897222
158 0.07663018 0.05045769 0.03696039 0.04045039 0.01640270 0.03513619 0.04765689 0.06147389 0.02186770 0.04903939 0.18107396 0.09152508 0.02537729 0.03450039 0.02957699 0.05729919 0.05233319 0.00801421 0.02796089 0.05626339
159 0.08167119 0.04129039 0.03472379 0.03784869 0.01338290 0.02922620 0.04376619 0.05445749 0.02359240 0.06008719 0.18319397 0.04872159 0.02404250 0.07361449 0.02764840 0.06193169 0.05371739 0.00929475 0.02969970 0.06808909
160 0.07651560 0.03917760 0.04018480 0.03506080 0.01227960 0.02651340 0.04196620 0.05034890 0.01953650 0.08279340 0.18222000 0.04165410 0.02248010 0.03561120 0.02331890 0.06640740 0.04328290 0.00671058 0.02663000 0.12730800
161 0.06585551 0.09252932 0.03182951 0.04481561 0.01520340 0.03101081 0.05182471 0.05740581 0.01795170 0.07832371 0.08578102 0.04300861 0.02718900 0.03746961 0.03255071 0.11866502 0.04031441 0.00819362 0.03326541 0.08681252
162 0.07614304 0.03704212 0.03766682 0.03355002 0.01222251 0.02526501 0.04086332 0.04811612 0.01799431 0.12261406 0.16520908 0.03556742 0.02206231 0.03444372 0.02092621 0.07047394 0.03875072 0.00677010 0.02475911 0.12956006
163 0.09337696 0.04136718 0.03775858 0.03670738 0.01490209 0.02855989 0.04533508 0.05370297 0.02064199 0.10627095 0.17310392 0.04172578 0.02131649 0.03393538 0.02556009 0.06654477 0.04535108 0.00764827 0.02725369 0.07893746
164 0.06603017 0.03561078 0.02980849 0.03518898 0.01305099 0.02926319 0.03950018 0.05193618 0.02021359 0.11073595 0.13193694 0.03693518 0.02323109 0.05004068 0.02201809 0.07934197 0.03869638 0.00887684 0.06232537 0.11525895
165 0.05331638 0.04032408 0.04063238 0.03486918 0.01032020 0.02766319 0.03842308 0.04702128 0.01767309 0.07557517 0.13360294 0.04302548 0.02027219 0.03825118 0.02138389 0.07774897 0.03288089 0.00610484 0.02824469 0.21266691
166 0.05996669 0.03876329 0.02880890 0.03914229 0.01268840 0.03344400 0.04028669 0.05329109 0.01981350 0.05916139 0.07719109 0.04557489 0.02090700 0.08009569 0.02481120 0.08218559 0.04261509 0.00923283 0.08817839 0.14384198
167 0.13123690 0.04064597 0.02929758 0.04211947 0.01734429 0.02878708 0.04738096 0.05499186 0.01997118 0.11793491 0.09043923 0.04023837 0.05213896 0.03664107 0.03158517 0.06705575 0.04927136 0.00772379 0.03148467 0.06371145
168 0.06483581 0.10389701 0.07803121 0.04110790 0.01708930 0.03032390 0.05927181 0.05307680 0.01941390 0.07274641 0.09378011 0.05383290 0.02314390 0.03637530 0.03050980 0.05130740 0.04281100 0.00650911 0.02954810 0.09238831
169 0.08323571 0.03922880 0.02961700 0.03935330 0.01406150 0.03154300 0.04223510 0.05797771 0.02337470 0.05811211 0.12992201 0.04825100 0.02343350 0.08726321 0.02842990 0.06765371 0.05140831 0.01144170 0.06666081 0.06679691
170 0.07503608 0.04309939 0.03127689 0.04082419 0.01914360 0.03272599 0.05111159 0.05270119 0.02246920 0.07371819 0.08700318 0.04320449 0.02403410 0.04155299 0.08645418 0.05846149 0.11911998 0.01201630 0.03213559 0.05391139
171 0.07774181 0.04726260 0.03444270 0.04519100 0.01461470 0.03069000 0.05030291 0.05851581 0.02571820 0.06599731 0.08800531 0.05424961 0.02701240 0.09265011 0.03180620 0.06822861 0.05750091 0.01177960 0.03373950 0.08455071
172 0.06696952 0.10081903 0.04002771 0.04798222 0.01665991 0.03108031 0.05448982 0.06205362 0.02120981 0.06565232 0.08909313 0.08462023 0.02655561 0.03965731 0.03028201 0.06052722 0.04322221 0.00736707 0.03027741 0.08145353
173 0.06583654 0.04262803 0.02739622 0.03986392 0.01719041 0.03654652 0.03850262 0.05595013 0.01660461 0.07527835 0.08523465 0.04264723 0.02767592 0.03799912 0.08075195 0.15074509 0.04059512 0.01309891 0.03492472 0.07052994
174 0.06691948 0.03819529 0.02997729 0.03763029 0.01347300 0.02760199 0.04815829 0.05263168 0.02652909 0.06183938 0.15016295 0.04642199 0.02942429 0.08053858 0.02934989 0.04648669 0.10498397 0.00952531 0.03403379 0.06611678
175 0.06135118 0.04335198 0.03671549 0.03954368 0.01358289 0.02992299 0.04505588 0.05089088 0.01809319 0.13506495 0.10028396 0.03741059 0.01920049 0.03642499 0.02319969 0.07920757 0.03675059 0.00731340 0.02854169 0.15809394
176 0.06694380 0.04866710 0.03590490 0.05117820 0.01896650 0.07278580 0.08052060 0.05729420 0.02064000 0.08683630 0.09161350 0.04262180 0.02554090 0.03734160 0.03176660 0.06369430 0.05290480 0.00790416 0.03653410 0.07034080
177 0.07994609 0.04933770 0.03650000 0.04373870 0.01907480 0.03625320 0.04843510 0.05862929 0.02219120 0.07403739 0.09454999 0.04743780 0.02685280 0.04112230 0.07885199 0.06742389 0.06171859 0.01189450 0.03492470 0.06707999
178 0.06317659 0.05213389 0.03707109 0.04607739 0.01690120 0.03221849 0.05157299 0.05642239 0.02070950 0.13040998 0.07843899 0.08269689 0.02151730 0.03567219 0.02650780 0.06757489 0.04203069 0.00901178 0.03023049 0.09962548
179 0.12838904 0.04011271 0.03367381 0.03944141 0.01595831 0.02652491 0.04409641 0.05294002 0.01776211 0.14327105 0.10313804 0.03351401 0.01742681 0.03283461 0.02596741 0.06609072 0.03979651 0.00786816 0.02751591 0.10367804
