1 0.25065303 0.02824250 0.01909720 0.03188020 0.04552940 0.02913560 0.02731050 0.06612031 0.01347450 0.10433101 0.08302971 0.02904410 0.01506760 0.02344420 0.02512080 0.10024601 0.03582210 0.00605560 0.02350590 0.04288970
2 0.13074795 0.05105928 0.08385807 0.04289568 0.05670568 0.03916988 0.04907968 0.04636618 0.01852639 0.07078327 0.09518536 0.05039828 0.01896659 0.03077109 0.02830479 0.05938648 0.04617938 0.00837411 0.02673419 0.04650768
3 0.14230399 0.03582030 0.02123330 0.03447320 0.01640840 0.02993180 0.03984480 0.05509560 0.01697040 0.09097479 0.09658799 0.03967010 0.02441410 0.03663220 0.02842990 0.14241499 0.03574790 0.00973878 0.03143410 0.07187339
4 0.04511719 0.03865809 0.02805609 0.03988359 0.01185800 0.02814739 0.04428339 0.05642989 0.01674790 0.04899139 0.07958498 0.04703389 0.02032219 0.03962539 0.02316439 0.10805497 0.02948729 0.00700895 0.02979409 0.25775094
5 0.18739093 0.03368539 0.02682199 0.03109829 0.01661289 0.02381749 0.03254619 0.05432778 0.01615649 0.13326295 0.14147395 0.02999559 0.01902089 0.02617249 0.02454719 0.06010148 0.03862299 0.00601075 0.02397949 0.07435477
6 0.05887140 0.04420950 0.03129270 0.04261070 0.01835860 0.08146280 0.04833710 0.05061390 0.02045380 0.06198990 0.08663900 0.04513800 0.02328240 0.04435570 0.03001560 0.04608840 0.10624300 0.00835696 0.04028150 0.11139900
7 0.05744550 0.03787870 0.02333610 0.03605310 0.01296600 0.03125060 0.04571700 0.05147420 0.01597360 0.07546560 0.08829710 0.04578390 0.02922590 0.03786990 0.02749910 0.18013801 0.03096220 0.00982006 0.03299440 0.12984901
8 0.06591939 0.04165039 0.03286619 0.04678759 0.01860040 0.03110689 0.04987219 0.06116009 0.02273420 0.06680089 0.09612648 0.12112798 0.03281029 0.04328349 0.03196869 0.06814839 0.04820829 0.01069600 0.03259619 0.07753598
9 0.05782210 0.04846500 0.03290180 0.03660190 0.01381540 0.02937880 0.12686301 0.06838530 0.07568190 0.07184790 0.09065951 0.04652530 0.02709430 0.03923840 0.02721770 0.05133760 0.05346510 0.00802454 0.02876620 0.06590820
10 0.06435931 0.03906511 0.02522651 0.03884701 0.01505850 0.03271361 0.04912501 0.05085511 0.02016910 0.07823312 0.09684012 0.04563721 0.03148441 0.04134281 0.03128431 0.13965403 0.08969502 0.01003410 0.03223991 0.06813571
11 0.04777990 0.08935951 0.02533610 0.03656000 0.01259980 0.03269350 0.05090680 0.04777100 0.01621180 0.07394900 0.08055310 0.04779110 0.03326020 0.03855910 0.02949180 0.17632601 0.02847150 0.00969814 0.03063510 0.09204651
12 0.10057704 0.04274902 0.03180271 0.03827401 0.01622791 0.03200681 0.04620332 0.05421442 0.02055861 0.15186105 0.12949305 0.04211352 0.02123161 0.03076551 0.02973051 0.06802722 0.04271802 0.00828694 0.02962721 0.06353152
13 0.05832712 0.04601722 0.08520483 0.03261261 0.01716601 0.02831721 0.05584312 0.10246004 0.01828651 0.06008432 0.10944604 0.04616282 0.02874841 0.04337792 0.03140421 0.04692322 0.09437683 0.00833814 0.02506041 0.06184302
14 0.09110665 0.04032778 0.03571148 0.03490168 0.01417019 0.02660218 0.04270108 0.05186657 0.02006249 0.11597893 0.18332189 0.03910248 0.02324229 0.03120648 0.02635798 0.05978427 0.04587697 0.00687828 0.02787138 0.08292895
15 0.05541631 0.05084551 0.02861901 0.04455641 0.01418790 0.02565201 0.05389691 0.07238452 0.01913350 0.04708071 0.06466052 0.04950751 0.13623304 0.05160701 0.03182921 0.07109452 0.03855131 0.00811044 0.08207292 0.05456071
16 0.07738991 0.03870370 0.03033210 0.03928170 0.01500820 0.02884090 0.04097760 0.05313391 0.02199090 0.04509550 0.21121202 0.04351040 0.02004690 0.05231281 0.02481650 0.05767251 0.04871450 0.00867550 0.08630951 0.05597491
17 0.06066181 0.05211501 0.03396691 0.04507321 0.01788250 0.03867601 0.05060641 0.05554711 0.02183340 0.06445561 0.08660662 0.10611302 0.03263301 0.03781831 0.08756392 0.05855391 0.05212911 0.01070620 0.02813621 0.05892171
18 0.05703270 0.05341050 0.03358720 0.04433960 0.01459050 0.02596330 0.06011740 0.08459140 0.01965050 0.05047910 0.07022880 0.05924800 0.13772401 0.04199640 0.03360880 0.07399140 0.04094020 0.00737026 0.03209070 0.05903920
19 0.17803793 0.03812148 0.02674229 0.08543107 0.01450229 0.02846309 0.03969308 0.04744738 0.02027609 0.05544748 0.08682107 0.03849958 0.02146159 0.09021516 0.02475999 0.05533818 0.04365918 0.01186470 0.04775178 0.04546658
20 0.06510071 0.05162111 0.03955571 0.04007811 0.01550480 0.02824481 0.11097402 0.06392781 0.02614201 0.07602572 0.09700212 0.04830761 0.03278341 0.03987011 0.02979911 0.06433751 0.05316231 0.00862150 0.03188341 0.07705812
21 0.07315759 0.04439979 0.02767849 0.10378298 0.01808350 0.03272869 0.04433269 0.04878929 0.01935020 0.06473239 0.09371808 0.05049229 0.02783459 0.04570949 0.03407179 0.05552969 0.11795798 0.00944010 0.03312109 0.05508929
22 0.07877848 0.04988609 0.02692489 0.10245598 0.01852630 0.03655279 0.04780289 0.05264959 0.01976650 0.07253008 0.09418938 0.05463739 0.03036609 0.04511699 0.03238359 0.06250809 0.05203989 0.00927992 0.03634779 0.07725728
23 0.06443327 0.11674194 0.04151858 0.04739578 0.01866689 0.03053569 0.05457947 0.05556767 0.01987239 0.06685447 0.08517746 0.09180196 0.03146738 0.04208598 0.03131938 0.05388557 0.04247318 0.00774289 0.02861999 0.06926007
24 0.08427314 0.04147572 0.02859831 0.03987242 0.01676361 0.03274142 0.04651142 0.11011506 0.01841791 0.06815463 0.08813844 0.04341462 0.03013842 0.03607602 0.02599481 0.07105464 0.04325322 0.01081931 0.09627455 0.06791233
25 0.20026810 0.03371012 0.03072022 0.03377432 0.01501951 0.02375691 0.03169312 0.04835112 0.01839241 0.07756654 0.18672809 0.03283542 0.02017281 0.03231162 0.02588731 0.04942742 0.04116512 0.00577160 0.02833981 0.06410843
26 0.05783800 0.08884460 0.03557830 0.04147860 0.01604150 0.03032870 0.04288880 0.05136670 0.02083110 0.04942020 0.08185520 0.08985960 0.02840000 0.09266010 0.02833680 0.04710740 0.09870560 0.00976821 0.03313550 0.05555510
27 0.05893111 0.04136780 0.03212520 0.04781170 0.01611660 0.02765190 0.09626751 0.06200361 0.02487300 0.06626471 0.08360511 0.11886401 0.03357950 0.03938740 0.03107800 0.06546841 0.04767030 0.01001300 0.02940710 0.06751401
28 0.21187004 0.03918851 0.02859831 0.03908631 0.01757490 0.02898621 0.03948591 0.05935041 0.01891680 0.09137312 0.10624802 0.03828941 0.02021940 0.03547321 0.03002761 0.05973341 0.04195371 0.00776262 0.03116361 0.05469851
29 0.08725637 0.04102829 0.03920699 0.03812689 0.01487560 0.02907449 0.04668228 0.05525138 0.02299419 0.05868118 0.21001493 0.04736588 0.02238169 0.03605209 0.02823149 0.06232518 0.05366698 0.00704013 0.03145429 0.06828968
30 0.07596834 0.04382787 0.03208758 0.03644687 0.01441469 0.02488198 0.04456217 0.11613691 0.02191608 0.05016596 0.13546390 0.04636017 0.02784628 0.09081133 0.02541548 0.05947636 0.05250666 0.00947044 0.02851468 0.06372625
31 0.06643481 0.05057881 0.03081961 0.09502722 0.01699740 0.03680491 0.05384691 0.04856461 0.01971030 0.06769781 0.08353232 0.05422071 0.03319321 0.03966511 0.08883872 0.05952341 0.05462901 0.00954702 0.02974981 0.06061831
32 0.05258567 0.03409728 0.02000189 0.03419898 0.01105789 0.02513709 0.04369748 0.08998536 0.01366329 0.06896597 0.07951236 0.04094838 0.03025678 0.03735908 0.02331249 0.19186790 0.02525719 0.01047099 0.03269298 0.13493093
33 0.10391492 0.05010916 0.03202337 0.04324046 0.01581159 0.02984518 0.04566696 0.05099986 0.02040738 0.04680646 0.08379063 0.10086492 0.02625768 0.04160747 0.02793398 0.05988895 0.04434686 0.00922000 0.03076428 0.13649989
34 0.10732097 0.03879769 0.02809559 0.03236579 0.01557810 0.02606099 0.04382949 0.10097397 0.01931699 0.15016996 0.08470198 0.03404439 0.02028179 0.03073449 0.02225479 0.06484618 0.03629419 0.00846368 0.02577499 0.11009397
35 0.05698760 0.03774010 0.02337090 0.03695480 0.01291560 0.03109670 0.04605560 0.05177060 0.01655520 0.07429290 0.08977700 0.04586100 0.03029350 0.03796650 0.02736080 0.17812501 0.03172100 0.00983225 0.03331090 0.12801201
36 0.04919429 0.10594498 0.07615578 0.03753719 0.01817500 0.03511249 0.05384329 0.04870839 0.01726460 0.06784289 0.08202888 0.05596359 0.02950129 0.04086549 0.03158059 0.11031798 0.03411799 0.00853160 0.02951989 0.06779379
37 0.12402201 0.03385120 0.01990490 0.03254330 0.01496380 0.02917180 0.03913440 0.05187231 0.01574010 0.08868471 0.09391321 0.03876300 0.02538850 0.03499360 0.02698620 0.17513502 0.03286780 0.01006140 0.03068010 0.08132261
38 0.07952539 0.04987229 0.02690840 0.10265299 0.01896080 0.03691330 0.04730799 0.05220189 0.01997760 0.07216449 0.09424709 0.05508779 0.03073360 0.04457310 0.03161420 0.06286769 0.05259679 0.00949881 0.03742700 0.07486879
39 0.16080200 0.04831580 0.03296920 0.04573010 0.01686760 0.03383370 0.04720160 0.04987460 0.02160780 0.07313070 0.09810960 0.09726750 0.02168810 0.03841820 0.03027590 0.05280790 0.04479360 0.00931933 0.03038980 0.04659700
40 0.05727669 0.03814710 0.02339670 0.03727000 0.01317400 0.03123280 0.04602839 0.05105679 0.01609190 0.07297319 0.09022019 0.04641569 0.02990290 0.03845650 0.02698900 0.17936398 0.03108140 0.00995081 0.03293600 0.12803599
41 0.27268008 0.02743511 0.01741021 0.02989231 0.01964281 0.02478321 0.02728381 0.06715112 0.01454210 0.10618403 0.09010713 0.02788701 0.01565910 0.02601341 0.02686791 0.09727333 0.03386191 0.00695969 0.02581661 0.04254911
42 0.22004094 0.03225589 0.02133169 0.03378719 0.01897589 0.02796579 0.03351569 0.06203478 0.01639490 0.09949747 0.09528347 0.03363749 0.01891469 0.03152139 0.02861849 0.10333697 0.03751819 0.00822217 0.02862569 0.04852119
43 0.13932703 0.04454871 0.02951051 0.04737341 0.05437321 0.03233001 0.04323331 0.05830181 0.01838680 0.06384871 0.08550572 0.04800471 0.06995802 0.03496881 0.03169891 0.05991231 0.04594751 0.00772598 0.03217671 0.05286781
44 0.06524276 0.04209508 0.03173628 0.04104558 0.01489169 0.02887028 0.05077637 0.05587447 0.02126699 0.06725146 0.11253794 0.04249158 0.02596359 0.04681747 0.02804858 0.04311748 0.12165593 0.00870935 0.03637518 0.11523194
45 0.05876665 0.04203373 0.03261733 0.03630413 0.01250571 0.02830462 0.04678594 0.05524565 0.01953652 0.10842309 0.10192408 0.04047813 0.02340212 0.03770343 0.02282222 0.07638806 0.03455483 0.00769578 0.02992582 0.18458215
46 0.07852299 0.05064600 0.02713270 0.10217399 0.01909280 0.03654280 0.04688510 0.05220870 0.01982230 0.07314069 0.09471719 0.05495060 0.03066000 0.04498010 0.03175660 0.06192940 0.05340080 0.00936808 0.03681350 0.07525569
47 0.05340918 0.08576727 0.03317719 0.04344458 0.01767939 0.03130399 0.04905228 0.04964658 0.01754299 0.06106738 0.07824467 0.12286795 0.03230179 0.03936059 0.03073249 0.10981896 0.03525199 0.00976187 0.02636079 0.07320807
48 0.04918513 0.04268173 0.02280172 0.03744423 0.01318891 0.02790062 0.05048644 0.05354524 0.01575311 0.06044714 0.08305166 0.05019894 0.10515107 0.04214663 0.02878772 0.17301412 0.03747023 0.00786520 0.03214612 0.06673405
49 0.06648460 0.05029560 0.03879250 0.04383950 0.05811570 0.03735380 0.04003520 0.05074050 0.01908930 0.04383770 0.17144101 0.10880401 0.02503490 0.03226940 0.02796790 0.05346420 0.04812900 0.00834803 0.02977890 0.04617820
50 0.05822369 0.04018570 0.03004750 0.04377280 0.01610900 0.03259360 0.05099289 0.05173299 0.02251370 0.10627499 0.08110499 0.09645529 0.02591380 0.03786320 0.03487180 0.04561100 0.13492399 0.01010960 0.03008210 0.05061739
51 0.05741803 0.03831372 0.02345951 0.03634962 0.01316801 0.03116111 0.04522782 0.05156922 0.01635841 0.07556833 0.09066874 0.04643852 0.02896271 0.03822002 0.02768571 0.17734908 0.03163381 0.00992875 0.03351082 0.12700806
52 0.05836720 0.12534900 0.04051760 0.04603390 0.01973370 0.03051910 0.04933550 0.05375610 0.01899270 0.06152520 0.08058420 0.12298800 0.03172460 0.04033490 0.02939340 0.05052920 0.03839610 0.00800568 0.02635330 0.06756060
53 0.10540197 0.04646608 0.03229019 0.04435589 0.01838229 0.03811619 0.05166368 0.05685408 0.02203409 0.17463594 0.07077068 0.04580708 0.01885289 0.03060719 0.03304459 0.07584837 0.04378949 0.00996793 0.03142409 0.04968728
54 0.05684860 0.03818500 0.02405420 0.03697390 0.01354970 0.02839500 0.04594900 0.05187040 0.01735400 0.05831430 0.14255400 0.04704880 0.08471880 0.03835630 0.02830450 0.14212900 0.04347060 0.00799030 0.03037130 0.06356230
55 0.05929761 0.08964302 0.03635331 0.05047831 0.01625210 0.02935651 0.09553022 0.05838391 0.02221520 0.06705101 0.07763082 0.10071602 0.03205771 0.03912851 0.03021811 0.05712871 0.04005651 0.00795188 0.02655411 0.06399641
56 0.05678040 0.04811090 0.07964959 0.04822210 0.01687410 0.03140890 0.10155699 0.05177400 0.01830310 0.06775980 0.08751779 0.04837190 0.02838820 0.03592660 0.02772210 0.10716499 0.04204990 0.00848627 0.02753530 0.06639710
57 0.05900968 0.03902868 0.02711119 0.04192488 0.01329479 0.02902419 0.04816488 0.05521688 0.02086119 0.11755795 0.09384116 0.04258498 0.07378787 0.03466899 0.03541849 0.05122788 0.10948996 0.00787540 0.03301729 0.06689367
58 0.17896096 0.04312979 0.02973769 0.08003678 0.01519350 0.03286999 0.05238639 0.04686959 0.05462089 0.06921958 0.09293038 0.04277159 0.01891260 0.03787809 0.02665009 0.05362879 0.04251589 0.00757034 0.03125389 0.04286319
59 0.06543976 0.03641648 0.02433829 0.03837268 0.01414679 0.03349478 0.04664347 0.04716047 0.02123719 0.11976693 0.08136455 0.03841378 0.02787628 0.04245027 0.02721168 0.05116707 0.09988994 0.00970008 0.10962894 0.06528056
60 0.15142789 0.03965797 0.02919528 0.03504737 0.01642179 0.02669438 0.03923127 0.05424676 0.01771619 0.13676290 0.10344392 0.03251638 0.01996799 0.03095348 0.02442068 0.05854926 0.03845367 0.00712103 0.02676688 0.11140492
61 0.08690888 0.04054369 0.03957959 0.03759799 0.01503860 0.02936559 0.04720879 0.05430769 0.02286229 0.05885769 0.21104695 0.04569369 0.02241090 0.03659799 0.02812779 0.06228389 0.05292749 0.00727442 0.03199099 0.06937508
62 0.05288400 0.05063440 0.03226720 0.04413710 0.01569150 0.03139760 0.05311230 0.06773800 0.02080290 0.09108001 0.06506580 0.11037201 0.09826371 0.03352280 0.03334450 0.06603060 0.04378330 0.00822643 0.02906800 0.05257780
63 0.08420630 0.04561410 0.03332990 0.03905150 0.01502320 0.03266060 0.04984860 0.05587740 0.02072240 0.15518600 0.09196920 0.03999670 0.02060190 0.03336290 0.02636240 0.06822010 0.03970850 0.00892007 0.03090420 0.10843400
64 0.11533299 0.05220430 0.03824480 0.08436719 0.01558290 0.02845550 0.11818199 0.04911050 0.02204380 0.07319549 0.08153269 0.04536780 0.02482650 0.03458140 0.02840390 0.05136010 0.04712410 0.00753888 0.02923410 0.05331110
65 0.06615852 0.03535121 0.03242181 0.03812231 0.05683311 0.03694031 0.04746981 0.04889221 0.06198111 0.07117222 0.08325742 0.04611331 0.02508681 0.03382371 0.03003691 0.10387802 0.09755452 0.00811397 0.02954151 0.04725121
66 0.15330691 0.03381448 0.02204789 0.03720018 0.01666839 0.03140718 0.03592088 0.05409447 0.02121599 0.07899655 0.09309704 0.03618158 0.02235749 0.04805857 0.02512918 0.10373094 0.03767288 0.01254129 0.08587065 0.05068747
67 0.10909301 0.04154660 0.02650840 0.04025690 0.01604050 0.03238190 0.04834550 0.04738380 0.01906040 0.07130761 0.09350221 0.09671081 0.02628370 0.03822520 0.03028500 0.12306801 0.03892480 0.01011670 0.02964390 0.06131501
68 0.05965713 0.05163642 0.03212811 0.11447905 0.01703781 0.03123781 0.09491314 0.04877712 0.01942021 0.06955693 0.07419703 0.10042204 0.02841751 0.03604112 0.02923321 0.05216782 0.04381782 0.00853347 0.02934261 0.05898363
69 0.07813672 0.10104903 0.03656601 0.04645971 0.01737331 0.03731241 0.05694512 0.05063892 0.02265791 0.16507105 0.06367002 0.05031402 0.01903291 0.02974751 0.03400831 0.06406382 0.04045611 0.00854909 0.02891001 0.04903802
70 0.06554163 0.03767002 0.03559011 0.07548263 0.01419981 0.03013111 0.09083454 0.04686792 0.02210861 0.05060772 0.14787806 0.04345902 0.02588341 0.03513991 0.02797481 0.04812022 0.11672405 0.00660088 0.02803911 0.05114642
71 0.06391739 0.04775569 0.03044960 0.04301570 0.01405030 0.02841330 0.05327209 0.06917279 0.01996720 0.10281099 0.07826229 0.05190969 0.10584399 0.03615860 0.03417890 0.07281929 0.04605599 0.00784071 0.03270020 0.06140529
72 0.06222589 0.04270469 0.03414209 0.03603619 0.01256720 0.02959850 0.04851209 0.05343489 0.02036290 0.15123398 0.10232598 0.03477899 0.02046170 0.03381059 0.02200480 0.06397909 0.03422959 0.00779595 0.02835590 0.16143898
73 0.17883106 0.04703991 0.03663011 0.04886212 0.01536840 0.03125241 0.08911463 0.05037432 0.02237901 0.07945042 0.09284253 0.04401771 0.02095471 0.03379471 0.03116871 0.05007092 0.04358091 0.00768179 0.02935211 0.04723351
74 0.07145211 0.04361491 0.03303220 0.04552401 0.01618650 0.03175300 0.05452381 0.05839951 0.02396860 0.06438701 0.11084601 0.04918341 0.02642960 0.04752911 0.03559580 0.04904531 0.13992802 0.00920067 0.03305530 0.05634511
75 0.06386555 0.04176917 0.03689687 0.03617767 0.01420369 0.02636558 0.11481892 0.05631936 0.02705378 0.06498005 0.10217693 0.04428177 0.02655308 0.04123917 0.03093778 0.05438236 0.12055891 0.00860342 0.03102978 0.05778616
76 0.11125907 0.04897013 0.03493702 0.04267263 0.01573411 0.02900272 0.10028806 0.05310693 0.02379181 0.06905894 0.08709475 0.09479066 0.02579492 0.03679822 0.03090352 0.05825013 0.04880753 0.00909072 0.02784712 0.05180103
77 0.21179406 0.03886541 0.02867721 0.03951361 0.01812810 0.02919841 0.03893721 0.05946182 0.01881141 0.09095362 0.10749803 0.03780651 0.02013911 0.03447121 0.03015881 0.06017302 0.04225711 0.00774233 0.03143361 0.05397941
78 0.10648808 0.04589433 0.03178782 0.04424583 0.01770351 0.03840623 0.05176864 0.05664494 0.02210542 0.17726813 0.07076845 0.04501163 0.01853311 0.03025202 0.03328282 0.07557235 0.04298323 0.00999120 0.03164982 0.04964244
79 0.08717326 0.04082828 0.03902658 0.03814248 0.01482479 0.02969539 0.04587818 0.05427898 0.02268449 0.05923848 0.21144491 0.04681118 0.02234209 0.03654048 0.02781799 0.06211857 0.05409548 0.00725972 0.03148409 0.06831457
80 0.06008344 0.03612403 0.02177822 0.03512112 0.01210171 0.02621932 0.04517703 0.09587217 0.01541091 0.07212455 0.08236556 0.04254993 0.03199412 0.03835183 0.02493102 0.16473712 0.02748662 0.01075241 0.03309582 0.12372309
81 0.06713983 0.04887732 0.04363232 0.04806902 0.08073304 0.10168505 0.04300792 0.04873172 0.02317541 0.07349543 0.07773774 0.05739123 0.02169381 0.02910321 0.03414512 0.06298593 0.04739322 0.00866003 0.03446732 0.04787532
82 0.07818030 0.03869590 0.03258140 0.03811540 0.01492750 0.02890250 0.04754340 0.05193110 0.02136670 0.12248200 0.13687800 0.04116820 0.02625160 0.03324320 0.03113340 0.05316210 0.09935690 0.00788947 0.03025380 0.06593710
83 0.06756239 0.03749449 0.02698959 0.04146279 0.01567070 0.02983259 0.05158999 0.05473609 0.02197410 0.06241709 0.10002898 0.04350629 0.02578279 0.04714239 0.03554219 0.08856708 0.16194897 0.00907060 0.03077699 0.04790389
84 0.21155381 0.03880617 0.02872957 0.03898537 0.01738728 0.02899107 0.03976947 0.05930115 0.01852978 0.09014542 0.10812790 0.03833497 0.02058378 0.03493787 0.03014807 0.06008045 0.04179076 0.00777047 0.03110977 0.05491685
85 0.07564253 0.03486757 0.03691507 0.02619788 0.00953748 0.01811338 0.03538017 0.04530826 0.01695038 0.12995088 0.21091680 0.02812677 0.02787167 0.03116767 0.01870588 0.04607466 0.03781386 0.00508374 0.02271148 0.14266387
86 0.18805389 0.03708348 0.02351259 0.03315508 0.01666239 0.03225938 0.03729928 0.05181297 0.01679689 0.14319392 0.07273826 0.03345478 0.01889919 0.02469659 0.07081126 0.06978586 0.04769837 0.00821346 0.02355389 0.05031847
87 0.07800988 0.04180009 0.02481750 0.03522769 0.01421380 0.03025619 0.04435159 0.10010498 0.01671700 0.07422259 0.07923608 0.04443489 0.03235309 0.03715079 0.07139949 0.12371698 0.03999429 0.01183780 0.02880869 0.07134659
88 0.20541000 0.03993070 0.02751850 0.03795570 0.01588970 0.03170800 0.03919190 0.05199530 0.01784630 0.08483750 0.09533770 0.03825450 0.02200940 0.03195420 0.07518700 0.05836310 0.04659950 0.00849221 0.02733610 0.04418270
89 0.07142006 0.04394068 0.03270508 0.04530368 0.01627569 0.03157688 0.05478437 0.05862667 0.02343609 0.06429277 0.11069694 0.04861737 0.02627019 0.04816417 0.03545588 0.04887397 0.13980792 0.00903544 0.03375278 0.05696337
90 0.08551648 0.04120709 0.03950819 0.03765969 0.01482220 0.02922199 0.04702009 0.05471609 0.02261589 0.05913528 0.21129995 0.04665729 0.02242699 0.03634159 0.02836239 0.06159768 0.05467839 0.00706046 0.03096279 0.06918948
91 0.05155169 0.04050689 0.02563140 0.03774480 0.01207520 0.02976810 0.08952869 0.05000659 0.01660930 0.06818889 0.08086739 0.04759079 0.03199170 0.03470470 0.02719660 0.18355498 0.03415070 0.00916303 0.02978850 0.09938009
92 0.23924216 0.03478662 0.02058111 0.03102792 0.01866571 0.02329892 0.03269562 0.10569707 0.01634191 0.09562376 0.08988896 0.03145422 0.01870391 0.03151772 0.02604432 0.06483264 0.03616372 0.00768525 0.02880872 0.04693973
93 0.04504519 0.03831149 0.02791799 0.04022979 0.01169040 0.02851449 0.04424599 0.05596609 0.01679490 0.04813999 0.07879568 0.04743239 0.02060240 0.04031049 0.02330309 0.10953797 0.02896959 0.00696514 0.02971799 0.25750894
94 0.05804707 0.03939998 0.03114688 0.04861168 0.01663919 0.02654769 0.09373625 0.06147457 0.02458129 0.06304417 0.08436806 0.13215294 0.03246928 0.03967908 0.03052689 0.06447727 0.04772798 0.00991469 0.02897809 0.06647697
95 0.07129001 0.04538481 0.03468890 0.04120071 0.01350760 0.02746600 0.04515891 0.05932581 0.02240510 0.04997691 0.15361702 0.04810181 0.02255190 0.11246502 0.02712510 0.05720101 0.05881771 0.00997826 0.03401520 0.06572221
96 0.07294578 0.04003309 0.02905369 0.04023979 0.01619160 0.02617959 0.05209409 0.11135097 0.02399029 0.05615909 0.09962638 0.04411489 0.02500359 0.04686959 0.03289469 0.05277569 0.14505497 0.00876243 0.02963859 0.04702119
97 0.14332711 0.03559273 0.02130542 0.03437563 0.01617911 0.02964582 0.04000063 0.05555884 0.01667421 0.08980177 0.09729307 0.03966033 0.02390592 0.03561313 0.02858662 0.14354811 0.03476563 0.00992656 0.03124842 0.07299095
98 0.06610877 0.04818268 0.02459349 0.10773395 0.01762469 0.03503618 0.04707438 0.05177098 0.01771219 0.05739517 0.08148106 0.05446988 0.09516896 0.04183898 0.03427358 0.06423737 0.05491588 0.00771215 0.03334268 0.05932697
99 0.06911318 0.04493839 0.02676019 0.10585698 0.02201229 0.08669198 0.05113289 0.04432669 0.01868930 0.07524338 0.08393388 0.05308889 0.02485839 0.04055649 0.03119919 0.06038509 0.04758169 0.00829473 0.03948729 0.06584908
100 0.08562709 0.04138120 0.03950710 0.03862120 0.01510970 0.02963650 0.04748570 0.05429849 0.02244630 0.05942189 0.21050298 0.04685430 0.02264510 0.03590140 0.02872510 0.06142589 0.05457099 0.00679810 0.03089850 0.06814249
101 0.05755537 0.03821778 0.02314429 0.03674148 0.01285659 0.03117728 0.04593918 0.05122687 0.01648419 0.07565496 0.08996405 0.04645398 0.02930808 0.03846818 0.02790209 0.17781191 0.03124028 0.00993932 0.03288818 0.12702593
102 0.11115097 0.04141699 0.03160949 0.03888839 0.01450960 0.02631229 0.04139039 0.05009849 0.01843389 0.07020258 0.11147597 0.04062389 0.02295639 0.04078609 0.02427979 0.05936408 0.03758299 0.00716039 0.03060739 0.18114995
103 0.16184391 0.04053328 0.02365769 0.03397108 0.01775699 0.02481279 0.04145668 0.11999794 0.02005109 0.08471135 0.09615435 0.03971008 0.02553709 0.03819028 0.02739429 0.06006567 0.04435218 0.00900064 0.03149668 0.05930597
104 0.07187173 0.05220182 0.03489121 0.04505642 0.01451351 0.03217221 0.05061482 0.06329943 0.02255741 0.06139362 0.08631523 0.05383032 0.02923651 0.10570104 0.03094461 0.06637563 0.05798242 0.01114230 0.03210991 0.07778983
105 0.11752901 0.04062890 0.03083690 0.04044640 0.01631620 0.02709940 0.04590210 0.05161191 0.01941110 0.05970291 0.10756301 0.04129950 0.02321770 0.04435330 0.02803930 0.04889120 0.09832821 0.00850370 0.03441120 0.11590801
106 0.07614331 0.03725170 0.02790820 0.04020210 0.01470750 0.03339080 0.04468340 0.05846801 0.02071690 0.17502402 0.06371581 0.04639880 0.01700570 0.04710500 0.03358920 0.08408931 0.03973200 0.05379311 0.04097100 0.04510410
107 0.10885696 0.03818058 0.02599859 0.04163558 0.01747359 0.03330449 0.04346268 0.04417368 0.02130669 0.05719268 0.08832016 0.08981486 0.02269339 0.04657898 0.02821319 0.05164368 0.09961346 0.01121640 0.08069127 0.04962908
108 0.05549642 0.04471841 0.03022711 0.03528071 0.01045270 0.02338281 0.04272401 0.05724252 0.02001121 0.10756803 0.11436003 0.04149391 0.06678602 0.07343612 0.02451951 0.05794352 0.03894841 0.00740860 0.02892691 0.11907304
109 0.05239210 0.05330430 0.03181820 0.04288950 0.01245040 0.02342020 0.05931730 0.08082831 0.02068740 0.04156740 0.06409240 0.05450500 0.13928101 0.08818941 0.03105360 0.07166081 0.03853370 0.00730953 0.03160580 0.05509360
110 0.05873029 0.12433598 0.04048529 0.04582399 0.01971230 0.03031099 0.04939999 0.05361089 0.01904870 0.06017649 0.08081108 0.12353898 0.03219639 0.04111479 0.02979029 0.04995739 0.03802649 0.00824419 0.02705599 0.06762949
111 0.06651801 0.05126411 0.03893461 0.04029971 0.01556110 0.02743380 0.11178802 0.06352921 0.02638630 0.07501261 0.09795562 0.04774611 0.03289881 0.04125581 0.02961641 0.06397531 0.05277061 0.00884972 0.03275741 0.07544671
112 0.05478434 0.04323993 0.02754882 0.03339512 0.01294001 0.02116892 0.05400634 0.14581211 0.01678081 0.04947544 0.06940115 0.05041784 0.12457209 0.04102823 0.02713862 0.10228907 0.03556493 0.00809638 0.02773282 0.05460704
113 0.06777680 0.04315900 0.02766190 0.04062800 0.01311340 0.03182630 0.04466550 0.05413200 0.06013970 0.06235080 0.08298880 0.04106680 0.02280620 0.09944100 0.02432640 0.05492090 0.04548800 0.01213930 0.10248300 0.06888620
114 0.16030894 0.04155559 0.02357979 0.03420359 0.01763749 0.02502919 0.04202688 0.11874796 0.01990839 0.08275487 0.09754666 0.04001579 0.02628819 0.03867369 0.02812409 0.05931338 0.04513958 0.00912446 0.03143159 0.05858988
115 0.05799918 0.03832419 0.02324029 0.03647259 0.01294590 0.03206469 0.04576068 0.05150748 0.01622799 0.07466967 0.09013057 0.04587688 0.02966379 0.03849469 0.02749919 0.17861894 0.03151709 0.00995985 0.03280339 0.12622296
116 0.07832059 0.04484020 0.02959010 0.04511280 0.01646540 0.03843340 0.04955800 0.05669460 0.01943940 0.07626769 0.09762139 0.04656180 0.02915280 0.03813310 0.02896010 0.06860819 0.05083450 0.00986908 0.10095599 0.07458089
117 0.07215524 0.11674307 0.03858222 0.04578573 0.01674831 0.02959182 0.05609093 0.05907534 0.02062591 0.07661185 0.09521266 0.04442083 0.03090192 0.04394993 0.03152392 0.05957874 0.04688273 0.00761770 0.03330872 0.07459244
118 0.07491347 0.04163928 0.02708799 0.04113198 0.01332979 0.03006849 0.03994388 0.05613918 0.02053919 0.05149378 0.14570494 0.04352098 0.02270359 0.09309456 0.02473899 0.05774088 0.04840688 0.01093510 0.09155766 0.06530937
119 0.07467391 0.03621311 0.03647601 0.03716171 0.01381140 0.02565650 0.04935801 0.05263661 0.02237730 0.05412741 0.20645104 0.04323811 0.02390970 0.03478211 0.02897491 0.04852101 0.11635502 0.00607481 0.02732501 0.06187631
120 0.21478593 0.02819759 0.02023809 0.02417629 0.01689249 0.01771899 0.02546779 0.08906917 0.01321990 0.12393396 0.13648396 0.02321949 0.01961109 0.02432249 0.02106459 0.06032278 0.03472229 0.00562102 0.02186809 0.07906397
121 0.06239199 0.03394620 0.03747020 0.02744800 0.00859082 0.01825280 0.03655550 0.04823050 0.01672830 0.09470079 0.20636098 0.03001580 0.02728840 0.03330990 0.01820560 0.05310430 0.03474610 0.00465657 0.02375830 0.18423898
122 0.06627269 0.13176198 0.02876250 0.04381459 0.01485630 0.02665810 0.06032249 0.05797579 0.06262189 0.07661669 0.08574009 0.04480299 0.02802390 0.04245019 0.02922400 0.04734149 0.04135819 0.00668654 0.03100600 0.07370359
123 0.06105788 0.03923128 0.03133009 0.04303488 0.01387429 0.02606999 0.05127898 0.06084938 0.02036119 0.05908088 0.13796994 0.04711258 0.07663757 0.03663299 0.03513789 0.05454898 0.10605196 0.00714020 0.03050139 0.06209768
124 0.05953286 0.03815047 0.03168188 0.03863397 0.01352949 0.02903168 0.12200591 0.05172246 0.02405678 0.06495885 0.08740903 0.04531057 0.02823898 0.03716447 0.02937788 0.10306192 0.10737392 0.00857204 0.02843278 0.05175406
125 0.05071054 0.04741203 0.08344606 0.03158542 0.01499471 0.02714342 0.05731964 0.14140110 0.01942041 0.06279585 0.10253807 0.05172424 0.04066283 0.04247213 0.02730802 0.04589113 0.04175953 0.00816499 0.02586152 0.07738836
126 0.07870620 0.04117170 0.02897760 0.03837280 0.01529280 0.02766830 0.04674350 0.10010800 0.02133700 0.05786030 0.08917550 0.04532770 0.02608800 0.04151720 0.08027140 0.05875790 0.12342600 0.00994471 0.02643970 0.04281370
127 0.07381089 0.05149259 0.03484580 0.05009699 0.01813530 0.04034150 0.05596179 0.05074169 0.02339000 0.16372598 0.06058249 0.10033799 0.02064030 0.03015110 0.03380790 0.06523349 0.04464080 0.01027420 0.02902940 0.04275980
128 0.04539438 0.03891838 0.02751809 0.04019498 0.01179679 0.02801799 0.04455788 0.05668797 0.01663129 0.04897388 0.07902526 0.04742508 0.02022549 0.04011688 0.02357199 0.10886995 0.02884229 0.00675975 0.02993579 0.25653588
129 0.07628168 0.04247629 0.03347909 0.04695179 0.02261889 0.09606297 0.04492399 0.05332538 0.01981989 0.08291618 0.09188177 0.04640249 0.02366279 0.04141579 0.03501739 0.07004418 0.04792559 0.00911049 0.04130939 0.07437398
130 0.07033230 0.03352950 0.02981040 0.03924330 0.01783350 0.08124630 0.03769600 0.04374770 0.01766220 0.06432300 0.16115199 0.03995250 0.02557340 0.03385660 0.03150970 0.12889099 0.04009430 0.00826324 0.03272790 0.06255520
131 0.07904330 0.04994560 0.02660370 0.10138200 0.01868120 0.03589920 0.04717170 0.05242510 0.02028100 0.07296060 0.09454580 0.05461920 0.03044740 0.04543160 0.03190710 0.06329410 0.05221030 0.00933546 0.03711590 0.07669970
132 0.04848061 0.04830071 0.07926471 0.03735280 0.01479740 0.02911500 0.05145171 0.05610221 0.01864950 0.05546761 0.09292121 0.04857611 0.02366190 0.03973871 0.02468260 0.06523561 0.04026731 0.00724667 0.02735960 0.19132802
133 0.06223163 0.12341606 0.08927324 0.03926762 0.01954371 0.02862101 0.05571443 0.05056872 0.01829331 0.07256583 0.09368964 0.05243882 0.02522441 0.04141422 0.02961071 0.04807182 0.04443332 0.00693805 0.02930451 0.06937893
134 0.08754211 0.04092080 0.03930440 0.03810080 0.01486330 0.02930830 0.04673260 0.05439600 0.02233150 0.05854251 0.21114602 0.04675680 0.02216100 0.03587810 0.02830000 0.06151601 0.05464770 0.00702861 0.03167230 0.06885111
135 0.06945307 0.04685978 0.03184109 0.03752378 0.01564279 0.02922509 0.05411387 0.13029994 0.02351449 0.06961657 0.09893225 0.05144308 0.03872818 0.04334318 0.02863819 0.05909227 0.04986958 0.00906417 0.03250488 0.08029376
136 0.06360837 0.04667788 0.03367438 0.04717098 0.01944829 0.08075006 0.05210657 0.05204458 0.02091339 0.06309667 0.09354246 0.05130198 0.02342029 0.04307598 0.03565138 0.04842708 0.13174794 0.00832238 0.03447218 0.05054718
137 0.06797272 0.05422931 0.03060011 0.10321102 0.01655630 0.03302261 0.08933292 0.05191891 0.02092670 0.07364972 0.08470532 0.05396251 0.03066421 0.04023901 0.03000461 0.05821911 0.04918701 0.00823257 0.03267411 0.07069122
138 0.06432487 0.05034958 0.03306139 0.04576288 0.01883389 0.03947828 0.05013038 0.05262468 0.02035209 0.06472617 0.08969966 0.10298196 0.02968149 0.03242259 0.02978169 0.06215347 0.04697788 0.00915792 0.09331436 0.06418477
139 0.06415512 0.03875041 0.02622901 0.03863721 0.01495010 0.03329631 0.04943641 0.05081611 0.02052221 0.07769962 0.09692373 0.04586581 0.03146751 0.04144371 0.03174681 0.13826304 0.08984972 0.00997393 0.03178731 0.06818592
140 0.06273682 0.08672433 0.03355701 0.04036241 0.01816051 0.02935421 0.04151561 0.05318692 0.01880201 0.05825572 0.15198004 0.11388403 0.03040461 0.03904631 0.02887371 0.05066451 0.04133111 0.00797371 0.02865301 0.06453342
141 0.05643690 0.04487430 0.03242470 0.03830350 0.01361790 0.03350800 0.11368901 0.04695830 0.02870050 0.12643701 0.07700650 0.03704950 0.02464480 0.03470070 0.02372990 0.05532340 0.04959160 0.00856424 0.07852140 0.07591780
142 0.04790568 0.04012099 0.02887799 0.03867539 0.01470689 0.07672437 0.04523968 0.05008438 0.02010889 0.10485196 0.07657517 0.04055168 0.02075589 0.03526789 0.02516859 0.07070447 0.03379999 0.00694777 0.03548239 0.18744993
143 0.05638435 0.04212347 0.03535877 0.08588693 0.01743969 0.02847168 0.05940015 0.10254292 0.02086158 0.05976955 0.07972994 0.10675891 0.03175217 0.04005587 0.02836638 0.05927695 0.04222387 0.01016069 0.02807288 0.06536325
144 0.05793582 0.03811871 0.02325101 0.03680411 0.01295490 0.03105771 0.04644222 0.05165402 0.01675101 0.07480782 0.09052853 0.04584152 0.02957771 0.03800611 0.02734571 0.17885706 0.03179741 0.00984267 0.03239391 0.12603204
145 0.05965642 0.05140971 0.03288831 0.08073052 0.01494920 0.02547801 0.09991033 0.10672803 0.02382231 0.06613752 0.08015232 0.04776461 0.03371991 0.03905361 0.02549981 0.05812382 0.04566591 0.00852201 0.02981231 0.06997532
146 0.16017997 0.03575119 0.02802239 0.04324239 0.02248610 0.08858968 0.03837659 0.05008289 0.01739180 0.08854468 0.09099748 0.03948499 0.01913890 0.03529599 0.03368849 0.06582499 0.04268989 0.00830749 0.03825039 0.05365369
147 0.06476530 0.04743590 0.03347810 0.04844540 0.02361260 0.09147870 0.04151850 0.05109580 0.01815150 0.07485090 0.08757710 0.09602160 0.02408510 0.04022950 0.03508560 0.06301140 0.04620820 0.00939726 0.03693210 0.06661940
148 0.06589012 0.04109441 0.02824281 0.04171671 0.01369550 0.03096911 0.04459631 0.05122832 0.01947281 0.06280052 0.08541443 0.04601651 0.07762482 0.03620981 0.10185203 0.05612742 0.11290404 0.00878189 0.02860331 0.04675911
149 0.07610931 0.04301301 0.03298611 0.04692801 0.02270580 0.09622052 0.04438301 0.05268321 0.01929680 0.08295771 0.09092982 0.04666601 0.02370700 0.04094771 0.03487681 0.07090941 0.04730661 0.00912623 0.04235881 0.07588811
150 0.07069341 0.05238511 0.03442881 0.04593291 0.01433220 0.03244611 0.05097611 0.06302501 0.02270870 0.06165481 0.08552172 0.05405201 0.02870201 0.10730802 0.03036021 0.06580141 0.05791971 0.01085720 0.03228011 0.07861442
151 0.21415696 0.03814839 0.02829179 0.03867889 0.01800770 0.02940809 0.03904899 0.05905599 0.01875870 0.08951028 0.10838098 0.03743039 0.02024100 0.03447889 0.03019879 0.06044639 0.04247939 0.00807799 0.03161139 0.05358899
152 0.07625879 0.03871040 0.02640430 0.04072490 0.01437700 0.03202660 0.04115320 0.05417629 0.02077500 0.05113489 0.15784198 0.04223010 0.02225830 0.06142409 0.02399090 0.05734739 0.04722830 0.01048980 0.11901399 0.06243379
153 0.05780171 0.04754331 0.03031361 0.08021782 0.01489010 0.03072851 0.09156472 0.05241641 0.01794370 0.06790001 0.08013102 0.04953741 0.03247971 0.03656401 0.02783821 0.11764302 0.04038541 0.00847550 0.03040321 0.08522262
154 0.15475995 0.04367409 0.02407639 0.09702297 0.01871659 0.03265239 0.04135319 0.05070268 0.01804129 0.07401077 0.09570697 0.04497118 0.02463989 0.04283859 0.03027779 0.05901468 0.04757878 0.00876204 0.03409609 0.05710368
155 0.06922101 0.04697611 0.03105261 0.03692381 0.01538940 0.02882620 0.05333831 0.13091502 0.02369030 0.07052421 0.09874482 0.05137421 0.03825391 0.04483671 0.02890810 0.05975551 0.04930881 0.00946243 0.03257221 0.07992631
156 0.07267999 0.04184649 0.02594819 0.04480969 0.01196870 0.03523159 0.04088209 0.05668509 0.02251920 0.05117729 0.08177718 0.04247049 0.02242680 0.11684698 0.02434260 0.05866749 0.04733329 0.01429300 0.11911598 0.06897789
157 0.14247795 0.09487367 0.03580539 0.04294598 0.05621368 0.03318029 0.04440798 0.05745038 0.01784689 0.07574717 0.08399717 0.04508548 0.02056839 0.03175879 0.02999629 0.05818168 0.04547048 0.00682535 0.02712419 0.05004278
158 0.08707530 0.04150070 0.03925910 0.03854980 0.01532880 0.02913640 0.04698990 0.05463490 0.02243520 0.05794930 0.20914799 0.04669160 0.02261050 0.03665870 0.02820000 0.06214840 0.05396600 0.00717765 0.03266300 0.06787680
159 0.07499048 0.04125859 0.03664299 0.03753139 0.01366310 0.02647479 0.04329459 0.05631769 0.02185780 0.05330569 0.20136096 0.04624139 0.02216870 0.08236988 0.02590939 0.05640939 0.05722999 0.00782232 0.02898879 0.06616209
160 0.07130793 0.03797491 0.03779771 0.03336271 0.01150370 0.02285831 0.04192522 0.05087262 0.01883071 0.08088443 0.19717008 0.03733791 0.02536601 0.03443741 0.02231471 0.05786012 0.04236942 0.00591381 0.02792321 0.14198906
161 0.07202359 0.11786498 0.03811019 0.04562009 0.01662100 0.02936910 0.05663119 0.05854769 0.02074070 0.07638249 0.09446858 0.04499499 0.03067669 0.04393929 0.03148089 0.05957109 0.04614319 0.00764277 0.03342489 0.07574659
162 0.07550288 0.03822959 0.03630449 0.02952499 0.01076440 0.02126439 0.03938529 0.04901819 0.01782430 0.13072796 0.17932895 0.03102099 0.02569979 0.03219979 0.02078869 0.05254619 0.03803809 0.00588578 0.02523129 0.14071396
163 0.09260702 0.04065741 0.03501461 0.03446241 0.01410900 0.02689951 0.04303561 0.05275501 0.02016850 0.11489002 0.18125704 0.04010041 0.02295070 0.03250721 0.02664531 0.06005761 0.04555001 0.00696110 0.02791741 0.08145412
164 0.06178139 0.03809449 0.02697000 0.03285120 0.01123430 0.02722010 0.03985599 0.04907869 0.02178280 0.11469298 0.14435698 0.03320820 0.02554170 0.04805319 0.02062880 0.05768209 0.04043859 0.00904424 0.07709529 0.12038898
165 0.04767018 0.03414319 0.03078519 0.03343439 0.00939042 0.02255649 0.03892449 0.05164168 0.01616529 0.06972398 0.13877995 0.03738869 0.02143039 0.03634189 0.01908399 0.08641617 0.02857719 0.00514773 0.02594379 0.24645491
166 0.07911479 0.03046450 0.02186630 0.04277980 0.01144830 0.03149390 0.03668230 0.05974799 0.01922210 0.06217469 0.07516029 0.04314960 0.01798870 0.09983269 0.02482590 0.06658129 0.04432260 0.05065849 0.12220299 0.06028279
167 0.18659021 0.03356044 0.02690323 0.03044923 0.01622582 0.02382673 0.03290294 0.05539786 0.01639752 0.13292115 0.14000516 0.02928003 0.01964742 0.02601983 0.02530123 0.05987847 0.03870654 0.00610430 0.02510013 0.07478178
168 0.06581439 0.10972598 0.03746209 0.04660089 0.02003150 0.07353089 0.05156239 0.05057249 0.01912850 0.07609169 0.07964059 0.04952059 0.02561510 0.04136749 0.03731279 0.06164109 0.04783299 0.00743297 0.03244769 0.06666789
169 0.07433289 0.04147400 0.02884730 0.04157090 0.01376530 0.03024310 0.04187300 0.05775579 0.02129300 0.05090199 0.14047499 0.04454100 0.02293060 0.09719589 0.02550850 0.05848929 0.05067349 0.01122850 0.08051929 0.06638119
170 0.07121171 0.04375481 0.03302711 0.04319271 0.01633250 0.03325301 0.04935331 0.05219641 0.02118510 0.06531971 0.09050822 0.05014141 0.02873851 0.04112171 0.09197172 0.05663071 0.12608903 0.01000670 0.02853301 0.04743261
171 0.07187893 0.05342872 0.03413931 0.04575932 0.01494471 0.03130791 0.05091512 0.06352253 0.02290071 0.06125232 0.08544543 0.05365162 0.02954101 0.10685304 0.03016071 0.06634463 0.05681362 0.01108180 0.03228231 0.07777623
172 0.07406184 0.10646806 0.03629462 0.03876132 0.01524841 0.02447691 0.04803373 0.05404413 0.01940661 0.06962954 0.16951409 0.03746852 0.02829992 0.03987922 0.02735301 0.05055243 0.04586912 0.00636946 0.03167662 0.07659244
173 0.06032900 0.04249050 0.02457220 0.03568360 0.01477080 0.03926130 0.04411630 0.04599900 0.01607320 0.08043320 0.07709290 0.04525420 0.03124520 0.03492430 0.09064280 0.16563400 0.03645530 0.01278050 0.02811870 0.07412300
174 0.06553422 0.03793171 0.02961051 0.03750091 0.01318040 0.02384991 0.04422261 0.05492662 0.02231081 0.05564132 0.16349705 0.04147921 0.02661441 0.08704633 0.02755961 0.04243921 0.12335704 0.00819520 0.03214381 0.06295912
175 0.06396926 0.04270298 0.03368368 0.03569008 0.01210229 0.02904568 0.04793767 0.05420187 0.01993549 0.15079191 0.10393794 0.03607258 0.02087309 0.03395208 0.02195919 0.06300726 0.03383658 0.00766317 0.02758328 0.16105391
176 0.06590509 0.04288110 0.03430620 0.04843930 0.01958110 0.09198119 0.08761159 0.05134330 0.02014310 0.08488509 0.08368279 0.04311030 0.02264670 0.03814000 0.03375640 0.06604069 0.04848730 0.00866758 0.03794800 0.07044319
177 0.07561851 0.05114881 0.03531970 0.04332240 0.01742070 0.03750940 0.05079651 0.05567171 0.02180120 0.07567401 0.09510661 0.05289151 0.03329960 0.03955490 0.08819061 0.06321991 0.05728331 0.01021690 0.03105450 0.06489921
178 0.05960659 0.05215619 0.03596659 0.04481659 0.01512130 0.03522299 0.05330119 0.05289099 0.02253649 0.14690396 0.07055248 0.09507658 0.02143039 0.03212819 0.02835009 0.06177149 0.03800559 0.00959194 0.02813999 0.09643038
179 0.15871399 0.03792170 0.02819730 0.03401320 0.01595550 0.02618320 0.03887040 0.05621420 0.01705090 0.15712499 0.10019099 0.03005770 0.01824990 0.02740820 0.02379810 0.06076420 0.03463520 0.00692275 0.02532660 0.10240099
