empirical convergence probability test
obs     : 0.63658
mean    : 0.631715 +/- 0.000634003
z-score : 7.67381
pp      : 0
