empirical convergence probability test
obs     : 0.63658
mean    : 0.631479 +/- 0.000618909
z-score : 8.24126
pp      : 0
